"dz_2011","total","none","some"
"S01006506",355,65,290
"S01006507",351,83,268
"S01006508",312,38,274
"S01006509",277,65,212
"S01006510",269,71,198
"S01006511",307,43,264
"S01006512",171,3,168
"S01006513",147,6,141
"S01006514",279,13,266
"S01006515",267,2,265
"S01006516",221,8,213
"S01006517",397,35,362
"S01006518",249,12,237
"S01006519",269,3,266
"S01006520",211,1,210
"S01006521",152,4,148
"S01006522",211,13,198
"S01006523",374,49,325
"S01006524",308,80,228
"S01006525",332,26,306
"S01006526",429,193,236
"S01006527",291,118,173
"S01006528",447,142,305
"S01006529",496,175,321
"S01006530",299,101,198
"S01006531",484,229,255
"S01006532",262,43,219
"S01006533",268,14,254
"S01006534",412,57,355
"S01006535",595,145,450
"S01006536",510,179,331
"S01006537",286,28,258
"S01006538",244,21,223
"S01006539",336,50,286
"S01006540",422,64,358
"S01006541",433,122,311
"S01006542",453,69,384
"S01006543",364,51,313
"S01006544",250,31,219
"S01006545",474,120,354
"S01006546",264,29,235
"S01006547",562,162,400
"S01006548",316,31,285
"S01006549",332,29,303
"S01006550",390,25,365
"S01006551",260,158,102
"S01006552",378,37,341
"S01006553",401,99,302
"S01006554",300,95,205
"S01006555",305,126,179
"S01006556",412,176,236
"S01006557",345,170,175
"S01006558",407,128,279
"S01006559",183,26,157
"S01006560",424,89,335
"S01006561",320,31,289
"S01006562",346,97,249
"S01006563",381,82,299
"S01006564",561,306,255
"S01006565",590,313,277
"S01006566",432,137,295
"S01006567",527,302,225
"S01006568",613,231,382
"S01006569",316,113,203
"S01006570",369,71,298
"S01006571",405,93,312
"S01006572",321,18,303
"S01006573",278,34,244
"S01006574",395,48,347
"S01006575",398,55,343
"S01006576",288,58,230
"S01006577",428,90,338
"S01006578",547,221,326
"S01006579",641,255,386
"S01006580",405,118,287
"S01006581",409,58,351
"S01006582",428,150,278
"S01006583",349,132,217
"S01006584",365,127,238
"S01006585",465,268,197
"S01006586",563,331,232
"S01006587",142,80,62
"S01006588",237,137,100
"S01006589",309,159,150
"S01006590",363,158,205
"S01006591",203,75,128
"S01006592",241,49,192
"S01006593",262,68,194
"S01006594",352,131,221
"S01006595",391,103,288
"S01006596",367,97,270
"S01006597",373,154,219
"S01006598",338,32,306
"S01006599",439,213,226
"S01006600",532,174,358
"S01006601",554,167,387
"S01006602",380,89,291
"S01006603",417,202,215
"S01006604",277,88,189
"S01006605",389,206,183
"S01006606",369,96,273
"S01006607",392,147,245
"S01006608",181,16,165
"S01006609",487,183,304
"S01006610",231,94,137
"S01006611",426,163,263
"S01006612",350,76,274
"S01006613",258,9,249
"S01006614",267,10,257
"S01006615",119,2,117
"S01006616",333,29,304
"S01006617",239,40,199
"S01006618",244,35,209
"S01006619",369,48,321
"S01006620",438,91,347
"S01006621",241,38,203
"S01006622",285,30,255
"S01006623",350,141,209
"S01006624",457,221,236
"S01006625",284,109,175
"S01006626",378,224,154
"S01006627",495,266,229
"S01006628",513,297,216
"S01006629",319,162,157
"S01006630",260,101,159
"S01006631",491,274,217
"S01006632",411,249,162
"S01006633",284,156,128
"S01006634",268,155,113
"S01006635",284,130,154
"S01006636",380,248,132
"S01006637",298,158,140
"S01006638",493,270,223
"S01006639",569,376,193
"S01006640",43,23,20
"S01006641",381,190,191
"S01006642",494,262,232
"S01006643",305,161,144
"S01006644",316,153,163
"S01006645",421,292,129
"S01006646",345,145,200
"S01006647",303,176,127
"S01006648",599,366,233
"S01006649",382,221,161
"S01006650",344,175,169
"S01006651",383,212,171
"S01006652",241,120,121
"S01006653",309,71,238
"S01006654",483,266,217
"S01006655",145,52,93
"S01006656",457,186,271
"S01006657",297,134,163
"S01006658",587,323,264
"S01006659",301,104,197
"S01006660",189,118,71
"S01006661",339,122,217
"S01006662",288,187,101
"S01006663",244,71,173
"S01006664",89,37,52
"S01006665",316,149,167
"S01006666",584,399,185
"S01006667",433,290,143
"S01006668",425,175,250
"S01006669",453,270,183
"S01006670",299,178,121
"S01006671",229,64,165
"S01006672",369,195,174
"S01006673",277,160,117
"S01006674",524,310,214
"S01006675",237,168,69
"S01006676",357,223,134
"S01006677",400,247,153
"S01006678",458,258,200
"S01006679",290,87,203
"S01006680",351,230,121
"S01006681",461,202,259
"S01006682",349,252,97
"S01006683",365,208,157
"S01006684",355,215,140
"S01006685",393,221,172
"S01006686",312,132,180
"S01006687",412,204,208
"S01006688",499,227,272
"S01006689",126,21,105
"S01006690",304,111,193
"S01006691",269,71,198
"S01006692",371,114,257
"S01006693",461,173,288
"S01006694",481,264,217
"S01006695",345,132,213
"S01006696",362,182,180
"S01006697",454,202,252
"S01006698",403,232,171
"S01006699",213,67,146
"S01006700",433,178,255
"S01006701",331,161,170
"S01006702",296,98,198
"S01006703",307,135,172
"S01006704",303,164,139
"S01006705",410,190,220
"S01006706",278,119,159
"S01006707",293,143,150
"S01006708",377,145,232
"S01006709",347,112,235
"S01006710",410,135,275
"S01006711",463,225,238
"S01006712",196,66,130
"S01006713",381,155,226
"S01006714",274,102,172
"S01006715",215,95,120
"S01006716",278,105,173
"S01006717",428,151,277
"S01006718",246,81,165
"S01006719",334,115,219
"S01006720",235,71,164
"S01006721",407,163,244
"S01006722",253,110,143
"S01006723",330,100,230
"S01006724",317,160,157
"S01006725",244,87,157
"S01006726",389,226,163
"S01006727",342,215,127
"S01006728",331,122,209
"S01006729",334,166,168
"S01006730",270,73,197
"S01006731",250,97,153
"S01006732",219,20,199
"S01006733",286,4,282
"S01006734",344,9,335
"S01006735",305,8,297
"S01006736",336,9,327
"S01006737",231,21,210
"S01006738",343,87,256
"S01006739",247,58,189
"S01006740",330,97,233
"S01006741",336,113,223
"S01006742",231,85,146
"S01006743",203,54,149
"S01006744",303,81,222
"S01006745",395,140,255
"S01006746",311,85,226
"S01006747",375,31,344
"S01006748",346,56,290
"S01006749",407,93,314
"S01006750",289,60,229
"S01006751",162,50,112
"S01006752",335,106,229
"S01006753",405,66,339
"S01006754",399,27,372
"S01006755",230,24,206
"S01006756",61,4,57
"S01006757",394,36,358
"S01006758",283,15,268
"S01006759",193,8,185
"S01006760",180,10,170
"S01006761",328,28,300
"S01006762",465,105,360
"S01006763",230,10,220
"S01006764",344,21,323
"S01006765",259,19,240
"S01006766",239,7,232
"S01006767",284,52,232
"S01006768",226,5,221
"S01006769",327,51,276
"S01006770",314,22,292
"S01006771",79,1,78
"S01006772",370,29,341
"S01006773",321,17,304
"S01006774",222,2,220
"S01006775",306,83,223
"S01006776",231,105,126
"S01006777",257,11,246
"S01006778",280,46,234
"S01006779",340,129,211
"S01006780",246,53,193
"S01006781",294,34,260
"S01006782",300,76,224
"S01006783",295,52,243
"S01006784",233,39,194
"S01006785",220,3,217
"S01006786",246,16,230
"S01006787",362,33,329
"S01006788",376,33,343
"S01006789",263,59,204
"S01006790",332,108,224
"S01006791",226,28,198
"S01006792",264,24,240
"S01006793",274,64,210
"S01006794",275,54,221
"S01006795",194,26,168
"S01006796",111,7,104
"S01006797",300,12,288
"S01006798",281,19,262
"S01006799",297,97,200
"S01006800",218,8,210
"S01006801",210,13,197
"S01006802",297,51,246
"S01006803",286,61,225
"S01006804",140,37,103
"S01006805",368,53,315
"S01006806",388,33,355
"S01006807",196,8,188
"S01006808",204,9,195
"S01006809",324,73,251
"S01006810",365,82,283
"S01006811",350,39,311
"S01006812",257,18,239
"S01006813",216,64,152
"S01006814",232,19,213
"S01006815",248,97,151
"S01006816",275,54,221
"S01006817",262,22,240
"S01006818",242,16,226
"S01006819",287,19,268
"S01006820",159,6,153
"S01006821",288,12,276
"S01006822",368,35,333
"S01006823",280,24,256
"S01006824",332,124,208
"S01006825",329,42,287
"S01006826",284,43,241
"S01006827",368,124,244
"S01006828",506,139,367
"S01006830",285,33,252
"S01006831",220,16,204
"S01006832",414,50,364
"S01006833",173,10,163
"S01006835",362,163,199
"S01006837",153,16,137
"S01006838",243,34,209
"S01006839",413,77,336
"S01006840",227,6,221
"S01006841",336,7,329
"S01006842",308,13,295
"S01006843",312,13,299
"S01006844",325,38,287
"S01006845",310,16,294
"S01006846",242,26,216
"S01006847",225,10,215
"S01006848",358,31,327
"S01006849",29,2,27
"S01006850",360,42,318
"S01006851",292,70,222
"S01006852",214,11,203
"S01006853",269,7,262
"S01006854",142,2,140
"S01006855",301,8,293
"S01006856",235,11,224
"S01006857",494,53,441
"S01006858",222,3,219
"S01006859",377,17,360
"S01006860",259,82,177
"S01006861",47,6,41
"S01006862",303,52,251
"S01006863",222,49,173
"S01006865",355,51,304
"S01006866",212,11,201
"S01006867",247,32,215
"S01006868",313,73,240
"S01006869",223,20,203
"S01006870",166,17,149
"S01006871",221,27,194
"S01006872",244,9,235
"S01006873",442,62,380
"S01006874",222,7,215
"S01006875",115,19,96
"S01006876",340,21,319
"S01006877",332,8,324
"S01006878",313,43,270
"S01006879",360,35,325
"S01006880",147,2,145
"S01006881",203,10,193
"S01006882",103,20,83
"S01006883",173,29,144
"S01006884",338,82,256
"S01006885",257,35,222
"S01006886",299,33,266
"S01006887",132,11,121
"S01006888",239,11,228
"S01006889",345,65,280
"S01006890",220,9,211
"S01006891",250,39,211
"S01006892",213,47,166
"S01006893",119,32,87
"S01006894",442,87,355
"S01006895",265,51,214
"S01006896",350,66,284
"S01006897",284,31,253
"S01006898",303,42,261
"S01006899",199,15,184
"S01006900",233,13,220
"S01006901",269,75,194
"S01006902",282,53,229
"S01006903",303,81,222
"S01006904",253,39,214
"S01006905",376,91,285
"S01006906",461,191,270
"S01006907",269,71,198
"S01006908",339,111,228
"S01006910",542,73,469
"S01006912",244,11,233
"S01006913",52,2,50
"S01006914",242,9,233
"S01006915",277,18,259
"S01006916",30,4,26
"S01006917",44,2,42
"S01006918",135,16,119
"S01006919",148,15,133
"S01006920",74,24,50
"S01006921",92,6,86
"S01006922",107,4,103
"S01006923",290,49,241
"S01006924",267,24,243
"S01006925",260,21,239
"S01006926",43,1,42
"S01006928",370,36,334
"S01006929",249,1,248
"S01006930",351,10,341
"S01006931",155,7,148
"S01006932",79,0,79
"S01006933",220,5,215
"S01006934",194,16,178
"S01006935",300,21,279
"S01006936",229,18,211
"S01006937",322,21,301
"S01006938",263,49,214
"S01006939",189,4,185
"S01006940",364,29,335
"S01006941",285,32,253
"S01006942",355,21,334
"S01006945",248,9,239
"S01006946",294,13,281
"S01006947",172,8,164
"S01006948",348,54,294
"S01006949",212,8,204
"S01006951",175,23,152
"S01006952",305,23,282
"S01006953",261,10,251
"S01006954",218,7,211
"S01006955",307,52,255
"S01006956",143,6,137
"S01006957",316,20,296
"S01006958",355,42,313
"S01006959",311,107,204
"S01006960",44,0,44
"S01006962",353,51,302
"S01006963",216,11,205
"S01006964",260,32,228
"S01006965",179,20,159
"S01006966",245,54,191
"S01006967",260,12,248
"S01006968",196,27,169
"S01006969",402,61,341
"S01006970",250,27,223
"S01006971",133,27,106
"S01006972",173,3,170
"S01006973",285,28,257
"S01006974",271,15,256
"S01006975",362,30,332
"S01006976",256,15,241
"S01006977",399,31,368
"S01006978",307,29,278
"S01006979",226,32,194
"S01006980",338,24,314
"S01006981",291,16,275
"S01006982",274,34,240
"S01006983",256,16,240
"S01006984",280,15,265
"S01006985",400,64,336
"S01006986",125,22,103
"S01006987",287,60,227
"S01006988",117,3,114
"S01006989",255,10,245
"S01006990",127,2,125
"S01006991",220,62,158
"S01006992",215,10,205
"S01006993",183,6,177
"S01006994",208,13,195
"S01006995",380,32,348
"S01006996",122,7,115
"S01006997",227,12,215
"S01006998",391,46,345
"S01006999",287,14,273
"S01007000",224,56,168
"S01007001",286,43,243
"S01007002",160,21,139
"S01007003",183,6,177
"S01007004",273,16,257
"S01007005",306,12,294
"S01007006",357,63,294
"S01007007",299,17,282
"S01007008",389,139,250
"S01007009",494,153,341
"S01007010",397,101,296
"S01007011",444,199,245
"S01007012",321,139,182
"S01007013",357,69,288
"S01007014",291,39,252
"S01007015",233,10,223
"S01007016",189,11,178
"S01007017",435,134,301
"S01007018",386,58,328
"S01007019",299,74,225
"S01007020",296,89,207
"S01007021",346,84,262
"S01007022",50,11,39
"S01007023",348,66,282
"S01007024",378,36,342
"S01007025",251,86,165
"S01007026",323,95,228
"S01007027",410,103,307
"S01007028",326,19,307
"S01007029",230,33,197
"S01007030",279,56,223
"S01007031",241,57,184
"S01007032",567,213,354
"S01007033",336,106,230
"S01007034",200,82,118
"S01007035",376,164,212
"S01007036",337,91,246
"S01007037",400,116,284
"S01007038",396,115,281
"S01007039",211,61,150
"S01007040",290,98,192
"S01007041",207,71,136
"S01007042",156,41,115
"S01007043",499,70,429
"S01007044",219,42,177
"S01007045",361,26,335
"S01007046",222,40,182
"S01007047",286,30,256
"S01007048",470,44,426
"S01007049",338,99,239
"S01007050",165,34,131
"S01007051",271,48,223
"S01007052",208,28,180
"S01007053",157,9,148
"S01007054",324,80,244
"S01007055",250,31,219
"S01007056",307,30,277
"S01007057",160,11,149
"S01007058",278,84,194
"S01007059",335,47,288
"S01007060",216,59,157
"S01007061",309,9,300
"S01007062",238,9,229
"S01007063",227,40,187
"S01007064",242,25,217
"S01007065",193,17,176
"S01007066",486,78,408
"S01007067",256,22,234
"S01007068",206,39,167
"S01007069",339,72,267
"S01007070",214,65,149
"S01007071",162,29,133
"S01007072",234,17,217
"S01007073",325,22,303
"S01007074",269,85,184
"S01007075",269,86,183
"S01007076",353,77,276
"S01007077",312,70,242
"S01007078",395,131,264
"S01007079",447,189,258
"S01007080",426,163,263
"S01007081",367,146,221
"S01007082",222,86,136
"S01007083",399,214,185
"S01007084",306,107,199
"S01007085",438,184,254
"S01007086",483,295,188
"S01007087",327,167,160
"S01007088",249,140,109
"S01007089",269,11,258
"S01007090",235,29,206
"S01007092",308,112,196
"S01007093",414,37,377
"S01007094",338,39,299
"S01007095",255,35,220
"S01007096",237,36,201
"S01007097",102,3,99
"S01007098",138,7,131
"S01007099",251,31,220
"S01007100",289,34,255
"S01007101",254,78,176
"S01007102",302,19,283
"S01007103",202,33,169
"S01007104",462,76,386
"S01007105",196,51,145
"S01007106",261,77,184
"S01007107",165,9,156
"S01007108",398,85,313
"S01007109",169,66,103
"S01007110",259,82,177
"S01007111",199,49,150
"S01007112",237,20,217
"S01007113",188,33,155
"S01007114",339,74,265
"S01007115",213,15,198
"S01007116",154,5,149
"S01007117",179,3,176
"S01007118",298,95,203
"S01007119",331,89,242
"S01007120",412,158,254
"S01007121",296,180,116
"S01007122",290,112,178
"S01007123",315,128,187
"S01007124",375,111,264
"S01007125",347,111,236
"S01007126",381,197,184
"S01007127",240,115,125
"S01007128",431,210,221
"S01007129",274,19,255
"S01007130",260,44,216
"S01007131",217,46,171
"S01007132",276,28,248
"S01007133",216,10,206
"S01007134",286,37,249
"S01007135",192,10,182
"S01007136",66,2,64
"S01007137",22,0,22
"S01007138",189,16,173
"S01007139",306,33,273
"S01007140",317,15,302
"S01007141",210,19,191
"S01007144",432,32,400
"S01007145",414,99,315
"S01007146",386,83,303
"S01007147",248,11,237
"S01007148",206,5,201
"S01007149",315,22,293
"S01007150",351,57,294
"S01007151",204,14,190
"S01007152",286,60,226
"S01007153",287,61,226
"S01007154",438,180,258
"S01007155",223,58,165
"S01007156",237,36,201
"S01007157",211,57,154
"S01007158",303,48,255
"S01007159",372,138,234
"S01007160",304,114,190
"S01007161",285,88,197
"S01007162",165,69,96
"S01007163",379,75,304
"S01007164",260,57,203
"S01007165",315,48,267
"S01007166",300,64,236
"S01007167",353,54,299
"S01007168",401,34,367
"S01007169",249,27,222
"S01007170",229,15,214
"S01007171",277,39,238
"S01007172",319,12,307
"S01007173",221,18,203
"S01007174",201,24,177
"S01007175",279,65,214
"S01007176",285,56,229
"S01007177",296,129,167
"S01007178",483,243,240
"S01007179",361,24,337
"S01007180",348,73,275
"S01007181",311,63,248
"S01007182",480,158,322
"S01007183",531,224,307
"S01007184",545,252,293
"S01007185",358,198,160
"S01007186",258,153,105
"S01007187",443,249,194
"S01007188",281,134,147
"S01007189",469,277,192
"S01007190",343,95,248
"S01007191",262,105,157
"S01007192",286,120,166
"S01007193",286,108,178
"S01007194",275,138,137
"S01007195",243,104,139
"S01007196",212,104,108
"S01007197",201,112,89
"S01007198",185,105,80
"S01007199",308,162,146
"S01007200",399,133,266
"S01007201",338,129,209
"S01007202",347,136,211
"S01007203",248,50,198
"S01007204",367,39,328
"S01007205",235,11,224
"S01007206",140,47,93
"S01007207",442,122,320
"S01007208",505,252,253
"S01007209",312,145,167
"S01007210",314,157,157
"S01007211",341,143,198
"S01007212",296,92,204
"S01007213",365,107,258
"S01007214",423,228,195
"S01007215",403,196,207
"S01007216",322,73,249
"S01007217",399,156,243
"S01007218",266,30,236
"S01007219",349,132,217
"S01007220",324,126,198
"S01007221",86,16,70
"S01007222",329,61,268
"S01007223",179,6,173
"S01007224",256,52,204
"S01007225",348,24,324
"S01007226",279,16,263
"S01007227",365,84,281
"S01007228",234,11,223
"S01007229",438,29,409
"S01007230",385,169,216
"S01007231",349,170,179
"S01007232",324,155,169
"S01007233",318,84,234
"S01007234",255,58,197
"S01007235",382,145,237
"S01007236",295,91,204
"S01007237",312,43,269
"S01007238",396,103,293
"S01007239",315,36,279
"S01007240",232,13,219
"S01007241",242,11,231
"S01007242",403,55,348
"S01007243",226,24,202
"S01007244",260,23,237
"S01007245",305,48,257
"S01007246",256,27,229
"S01007247",271,30,241
"S01007248",245,30,215
"S01007249",151,16,135
"S01007250",392,116,276
"S01007251",179,71,108
"S01007252",290,59,231
"S01007253",271,38,233
"S01007254",369,143,226
"S01007255",370,131,239
"S01007256",324,109,215
"S01007257",284,128,156
"S01007258",315,112,203
"S01007259",395,149,246
"S01007260",412,168,244
"S01007261",356,65,291
"S01007262",298,101,197
"S01007263",366,93,273
"S01007264",343,83,260
"S01007265",473,178,295
"S01007266",301,62,239
"S01007267",197,11,186
"S01007268",237,13,224
"S01007269",204,21,183
"S01007270",266,32,234
"S01007271",370,77,293
"S01007272",488,173,315
"S01007273",250,65,185
"S01007274",410,168,242
"S01007275",264,75,189
"S01007276",323,71,252
"S01007277",240,27,213
"S01007278",233,18,215
"S01007279",222,7,215
"S01007280",223,13,210
"S01007281",308,13,295
"S01007282",217,7,210
"S01007283",407,73,334
"S01007284",396,83,313
"S01007285",366,54,312
"S01007286",354,86,268
"S01007287",220,52,168
"S01007288",198,21,177
"S01007289",316,20,296
"S01007290",46,23,23
"S01007291",230,98,132
"S01007292",279,32,247
"S01007293",311,143,168
"S01007294",305,123,182
"S01007295",288,194,94
"S01007296",357,172,185
"S01007297",332,89,243
"S01007298",242,69,173
"S01007299",398,147,251
"S01007300",256,126,130
"S01007301",240,27,213
"S01007302",286,101,185
"S01007303",344,43,301
"S01007304",260,30,230
"S01007305",287,27,260
"S01007306",240,53,187
"S01007307",320,29,291
"S01007308",326,40,286
"S01007309",263,21,242
"S01007310",345,47,298
"S01007311",323,73,250
"S01007312",345,44,301
"S01007313",398,60,338
"S01007314",266,22,244
"S01007315",270,61,209
"S01007316",407,145,262
"S01007317",266,52,214
"S01007318",276,71,205
"S01007319",305,86,219
"S01007320",357,34,323
"S01007321",256,31,225
"S01007322",376,123,253
"S01007323",278,80,198
"S01007324",144,26,118
"S01007325",377,91,286
"S01007326",553,138,415
"S01007327",306,119,187
"S01007328",249,93,156
"S01007329",283,55,228
"S01007330",397,62,335
"S01007331",426,107,319
"S01007332",188,21,167
"S01007333",327,88,239
"S01007334",356,229,127
"S01007335",372,172,200
"S01007336",237,122,115
"S01007337",272,141,131
"S01007338",309,94,215
"S01007339",312,97,215
"S01007340",288,142,146
"S01007341",349,107,242
"S01007342",327,56,271
"S01007343",383,70,313
"S01007344",175,73,102
"S01007345",261,175,86
"S01007346",390,264,126
"S01007347",358,205,153
"S01007348",271,135,136
"S01007349",194,112,82
"S01007350",327,195,132
"S01007351",319,72,247
"S01007352",237,26,211
"S01007353",329,34,295
"S01007354",343,79,264
"S01007355",943,255,688
"S01007356",325,66,259
"S01007357",383,55,328
"S01007358",405,67,338
"S01007359",53,23,30
"S01007360",192,36,156
"S01007361",483,127,356
"S01007362",279,51,228
"S01007363",327,105,222
"S01007364",410,214,196
"S01007365",173,61,112
"S01007366",281,190,91
"S01007367",274,120,154
"S01007368",124,55,69
"S01007369",302,146,156
"S01007370",376,178,198
"S01007371",292,85,207
"S01007372",237,44,193
"S01007373",215,37,178
"S01007374",224,36,188
"S01007375",223,28,195
"S01007376",367,111,256
"S01007377",268,13,255
"S01007378",160,13,147
"S01007379",232,94,138
"S01007380",228,52,176
"S01007381",145,2,143
"S01007382",281,34,247
"S01007383",361,63,298
"S01007384",309,75,234
"S01007385",408,96,312
"S01007386",341,18,323
"S01007387",293,7,286
"S01007388",245,13,232
"S01007389",267,57,210
"S01007390",91,35,56
"S01007391",241,7,234
"S01007392",160,12,148
"S01007393",355,118,237
"S01007394",322,84,238
"S01007395",494,239,255
"S01007396",467,214,253
"S01007397",407,101,306
"S01007398",295,183,112
"S01007399",246,165,81
"S01007400",335,100,235
"S01007401",280,33,247
"S01007402",260,36,224
"S01007403",208,11,197
"S01007404",247,28,219
"S01007405",151,2,149
"S01007406",237,18,219
"S01007407",301,45,256
"S01007408",258,52,206
"S01007409",272,51,221
"S01007410",306,130,176
"S01007411",397,194,203
"S01007412",213,69,144
"S01007413",266,25,241
"S01007414",59,0,59
"S01007415",378,147,231
"S01007416",216,86,130
"S01007418",153,41,112
"S01007419",322,133,189
"S01007420",267,82,185
"S01007421",109,35,74
"S01007422",238,52,186
"S01007423",175,55,120
"S01007424",290,20,270
"S01007425",434,85,349
"S01007426",288,84,204
"S01007427",316,102,214
"S01007428",465,151,314
"S01007429",350,92,258
"S01007430",213,57,156
"S01007431",208,18,190
"S01007432",300,56,244
"S01007433",280,55,225
"S01007434",232,75,157
"S01007435",328,80,248
"S01007436",362,151,211
"S01007437",223,89,134
"S01007438",342,123,219
"S01007439",352,89,263
"S01007440",305,90,215
"S01007441",210,6,204
"S01007442",192,4,188
"S01007443",382,73,309
"S01007444",364,61,303
"S01007445",274,15,259
"S01007446",203,14,189
"S01007447",190,7,183
"S01007448",338,27,311
"S01007449",365,126,239
"S01007450",310,137,173
"S01007451",295,58,237
"S01007452",269,78,191
"S01007454",204,49,155
"S01007455",403,159,244
"S01007456",406,163,243
"S01007457",351,148,203
"S01007458",170,19,151
"S01007459",342,64,278
"S01007460",300,93,207
"S01007461",386,224,162
"S01007462",304,109,195
"S01007463",353,185,168
"S01007464",340,172,168
"S01007465",396,215,181
"S01007466",409,200,209
"S01007467",495,161,334
"S01007468",299,30,269
"S01007469",290,67,223
"S01007470",327,149,178
"S01007471",155,41,114
"S01007472",327,138,189
"S01007473",185,88,97
"S01007474",118,7,111
"S01007475",123,12,111
"S01007476",425,99,326
"S01007477",245,57,188
"S01007478",355,82,273
"S01007479",177,66,111
"S01007480",200,31,169
"S01007481",330,32,298
"S01007482",219,85,134
"S01007483",335,103,232
"S01007484",331,143,188
"S01007485",227,132,95
"S01007486",259,164,95
"S01007487",514,284,230
"S01007488",423,138,285
"S01007489",370,118,252
"S01007490",401,134,267
"S01007491",245,71,174
"S01007492",301,98,203
"S01007493",345,88,257
"S01007494",233,40,193
"S01007495",332,25,307
"S01007496",447,81,366
"S01007497",258,45,213
"S01007498",467,118,349
"S01007499",324,50,274
"S01007500",303,57,246
"S01007501",310,56,254
"S01007502",251,41,210
"S01007503",432,107,325
"S01007504",294,37,257
"S01007505",162,11,151
"S01007506",239,22,217
"S01007507",386,109,277
"S01007508",311,78,233
"S01007509",271,25,246
"S01007510",444,84,360
"S01007511",377,141,236
"S01007512",204,34,170
"S01007513",370,133,237
"S01007514",228,83,145
"S01007515",224,48,176
"S01007516",240,94,146
"S01007517",165,51,114
"S01007518",320,110,210
"S01007519",267,32,235
"S01007520",444,106,338
"S01007521",266,20,246
"S01007522",419,96,323
"S01007523",231,23,208
"S01007524",382,34,348
"S01007525",233,44,189
"S01007526",399,144,255
"S01007527",360,86,274
"S01007528",369,144,225
"S01007529",285,45,240
"S01007530",218,8,210
"S01007531",293,38,255
"S01007532",214,22,192
"S01007533",376,71,305
"S01007534",324,104,220
"S01007535",313,84,229
"S01007536",445,114,331
"S01007537",401,112,289
"S01007538",329,20,309
"S01007539",315,42,273
"S01007540",416,158,258
"S01007541",359,77,282
"S01007542",358,131,227
"S01007543",442,133,309
"S01007544",633,46,587
"S01007545",422,44,378
"S01007546",183,14,169
"S01007547",222,19,203
"S01007548",191,24,167
"S01007549",276,39,237
"S01007550",453,82,371
"S01007551",371,22,349
"S01007552",417,185,232
"S01007553",340,144,196
"S01007554",212,108,104
"S01007555",208,53,155
"S01007556",214,94,120
"S01007557",492,182,310
"S01007558",198,31,167
"S01007559",362,45,317
"S01007560",323,96,227
"S01007561",210,65,145
"S01007562",377,50,327
"S01007563",341,56,285
"S01007564",299,36,263
"S01007565",414,57,357
"S01007566",242,26,216
"S01007567",282,19,263
"S01007568",287,28,259
"S01007569",387,43,344
"S01007570",254,19,235
"S01007571",227,11,216
"S01007572",327,71,256
"S01007574",455,165,290
"S01007575",395,221,174
"S01007576",368,219,149
"S01007577",259,147,112
"S01007578",351,196,155
"S01007579",242,107,135
"S01007580",282,114,168
"S01007581",198,80,118
"S01007582",277,130,147
"S01007583",455,276,179
"S01007584",285,146,139
"S01007585",392,94,298
"S01007586",319,129,190
"S01007587",314,95,219
"S01007588",292,52,240
"S01007589",385,122,263
"S01007590",297,51,246
"S01007591",249,87,162
"S01007592",343,108,235
"S01007593",383,97,286
"S01007594",398,40,358
"S01007595",399,62,337
"S01007596",202,35,167
"S01007597",245,23,222
"S01007598",250,31,219
"S01007599",269,69,200
"S01007600",417,139,278
"S01007601",291,68,223
"S01007602",269,33,236
"S01007603",295,22,273
"S01007604",384,32,352
"S01007605",411,32,379
"S01007606",256,49,207
"S01007607",296,34,262
"S01007608",315,33,282
"S01007609",358,136,222
"S01007610",293,118,175
"S01007611",463,236,227
"S01007612",554,327,227
"S01007613",334,58,276
"S01007614",201,20,181
"S01007615",406,136,270
"S01007616",351,165,186
"S01007617",229,65,164
"S01007618",302,124,178
"S01007619",287,105,182
"S01007620",260,22,238
"S01007621",236,33,203
"S01007622",196,74,122
"S01007623",204,29,175
"S01007624",266,32,234
"S01007625",226,21,205
"S01007626",138,4,134
"S01007627",175,33,142
"S01007628",290,49,241
"S01007629",246,29,217
"S01007630",322,15,307
"S01007631",249,18,231
"S01007632",390,94,296
"S01007633",443,100,343
"S01007634",223,20,203
"S01007635",246,27,219
"S01007636",373,106,267
"S01007637",402,140,262
"S01007638",375,123,252
"S01007639",385,105,280
"S01007640",238,29,209
"S01007641",302,56,246
"S01007642",393,112,281
"S01007643",372,117,255
"S01007644",254,86,168
"S01007645",227,14,213
"S01007646",272,27,245
"S01007647",375,113,262
"S01007648",410,130,280
"S01007649",337,98,239
"S01007650",405,53,352
"S01007651",273,12,261
"S01007652",154,31,123
"S01007653",340,48,292
"S01007654",424,93,331
"S01007655",304,15,289
"S01007656",336,28,308
"S01007657",187,12,175
"S01007658",215,21,194
"S01007659",379,80,299
"S01007660",278,123,155
"S01007661",283,102,181
"S01007662",466,191,275
"S01007663",385,117,268
"S01007664",284,134,150
"S01007665",252,83,169
"S01007666",89,11,78
"S01007667",209,27,182
"S01007668",471,180,291
"S01007669",265,124,141
"S01007670",267,97,170
"S01007671",256,16,240
"S01007672",375,52,323
"S01007673",281,46,235
"S01007674",366,131,235
"S01007675",210,25,185
"S01007676",264,15,249
"S01007677",110,13,97
"S01007678",375,158,217
"S01007679",328,121,207
"S01007680",380,38,342
"S01007681",183,49,134
"S01007682",522,82,440
"S01007683",351,61,290
"S01007684",329,38,291
"S01007685",273,29,244
"S01007686",335,65,270
"S01007687",378,97,281
"S01007688",445,221,224
"S01007689",302,124,178
"S01007690",352,182,170
"S01007691",556,306,250
"S01007692",282,133,149
"S01007693",256,170,86
"S01007694",303,185,118
"S01007695",587,348,239
"S01007696",378,237,141
"S01007697",604,323,281
"S01007698",498,278,220
"S01007699",420,260,160
"S01007700",415,100,315
"S01007701",251,168,83
"S01007702",93,58,35
"S01007703",392,167,225
"S01007704",497,368,129
"S01007705",202,130,72
"S01007706",184,120,64
"S01007707",123,73,50
"S01007708",398,199,199
"S01007709",278,179,99
"S01007710",210,138,72
"S01007711",462,305,157
"S01007712",296,167,129
"S01007713",227,124,103
"S01007714",310,135,175
"S01007715",218,152,66
"S01007716",503,351,152
"S01007717",524,352,172
"S01007718",391,267,124
"S01007719",636,412,224
"S01007720",389,190,199
"S01007721",426,228,198
"S01007722",525,363,162
"S01007723",589,421,168
"S01007724",325,195,130
"S01007725",463,284,179
"S01007726",389,214,175
"S01007727",427,289,138
"S01007728",351,217,134
"S01007729",406,230,176
"S01007730",398,201,197
"S01007731",218,129,89
"S01007732",312,206,106
"S01007733",319,48,271
"S01007734",371,68,303
"S01007735",358,56,302
"S01007736",309,75,234
"S01007737",471,212,259
"S01007738",362,114,248
"S01007739",264,150,114
"S01007740",312,115,197
"S01007741",358,177,181
"S01007742",333,137,196
"S01007743",479,257,222
"S01007744",410,253,157
"S01007745",378,213,165
"S01007746",411,194,217
"S01007747",242,105,137
"S01007748",332,204,128
"S01007749",292,22,270
"S01007750",298,27,271
"S01007751",396,36,360
"S01007752",355,94,261
"S01007753",240,115,125
"S01007754",425,244,181
"S01007755",412,240,172
"S01007756",290,146,144
"S01007757",374,53,321
"S01007758",468,103,365
"S01007759",568,260,308
"S01007760",313,30,283
"S01007761",399,51,348
"S01007762",464,189,275
"S01007763",334,203,131
"S01007764",307,17,290
"S01007765",304,25,279
"S01007766",254,19,235
"S01007767",465,52,413
"S01007768",351,116,235
"S01007769",316,40,276
"S01007770",315,32,283
"S01007771",252,20,232
"S01007772",549,256,293
"S01007773",316,26,290
"S01007774",113,3,110
"S01007775",206,30,176
"S01007776",248,16,232
"S01007777",92,2,90
"S01007778",84,4,80
"S01007779",310,25,285
"S01007780",329,14,315
"S01007781",358,56,302
"S01007782",171,71,100
"S01007783",440,311,129
"S01007784",307,75,232
"S01007785",229,152,77
"S01007786",333,129,204
"S01007787",276,120,156
"S01007788",237,167,70
"S01007789",240,116,124
"S01007790",246,149,97
"S01007791",45,7,38
"S01007792",385,139,246
"S01007793",460,269,191
"S01007794",238,88,150
"S01007795",306,133,173
"S01007796",376,192,184
"S01007797",344,185,159
"S01007798",93,6,87
"S01007800",349,198,151
"S01007801",392,247,145
"S01007802",202,31,171
"S01007803",492,315,177
"S01007804",220,133,87
"S01007805",152,84,68
"S01007806",308,149,159
"S01007807",249,21,228
"S01007808",269,105,164
"S01007809",403,74,329
"S01007810",360,172,188
"S01007811",338,150,188
"S01007812",299,169,130
"S01007813",268,101,167
"S01007814",235,71,164
"S01007815",338,39,299
"S01007816",271,34,237
"S01007817",208,57,151
"S01007818",358,82,276
"S01007819",277,70,207
"S01007820",398,147,251
"S01007821",239,75,164
"S01007822",345,101,244
"S01007823",316,56,260
"S01007824",341,85,256
"S01007825",452,144,308
"S01007826",295,189,106
"S01007827",285,82,203
"S01007828",583,346,237
"S01007829",350,187,163
"S01007830",533,305,228
"S01007831",453,269,184
"S01007832",338,193,145
"S01007833",467,256,211
"S01007834",425,264,161
"S01007835",339,142,197
"S01007836",331,131,200
"S01007837",360,48,312
"S01007838",402,89,313
"S01007839",281,134,147
"S01007840",429,226,203
"S01007841",314,174,140
"S01007842",384,234,150
"S01007843",403,231,172
"S01007844",511,297,214
"S01007845",428,262,166
"S01007846",320,170,150
"S01007847",433,237,196
"S01007848",435,282,153
"S01007849",436,239,197
"S01007850",293,130,163
"S01007851",486,222,264
"S01007852",324,176,148
"S01007853",359,252,107
"S01007854",454,291,163
"S01007855",373,245,128
"S01007856",280,85,195
"S01007857",209,119,90
"S01007858",396,250,146
"S01007859",109,75,34
"S01007861",263,110,153
"S01007862",298,111,187
"S01007863",437,280,157
"S01007864",481,226,255
"S01007866",203,9,194
"S01007867",109,13,96
"S01007868",350,11,339
"S01007869",194,10,184
"S01007870",197,32,165
"S01007871",332,179,153
"S01007872",300,154,146
"S01007873",284,96,188
"S01007874",364,170,194
"S01007875",215,68,147
"S01007876",267,64,203
"S01007877",283,111,172
"S01007878",245,129,116
"S01007879",285,126,159
"S01007880",314,63,251
"S01007881",265,90,175
"S01007882",248,11,237
"S01007883",302,97,205
"S01007884",234,57,177
"S01007885",345,178,167
"S01007886",341,155,186
"S01007887",274,48,226
"S01007888",441,182,259
"S01007889",253,108,145
"S01007890",224,66,158
"S01007891",246,94,152
"S01007892",191,29,162
"S01007893",478,72,406
"S01007894",372,106,266
"S01007895",228,66,162
"S01007896",324,142,182
"S01007897",243,22,221
"S01007898",254,31,223
"S01007899",211,20,191
"S01007900",184,80,104
"S01007901",309,138,171
"S01007902",384,168,216
"S01007903",318,147,171
"S01007904",303,49,254
"S01007905",291,135,156
"S01007906",401,212,189
"S01007907",265,116,149
"S01007908",250,83,167
"S01007909",155,45,110
"S01007910",350,148,202
"S01007911",199,92,107
"S01007912",343,126,217
"S01007913",318,147,171
"S01007914",312,136,176
"S01007915",313,106,207
"S01007916",404,152,252
"S01007917",369,133,236
"S01007918",460,200,260
"S01007919",230,18,212
"S01007920",222,10,212
"S01007921",432,203,229
"S01007922",385,196,189
"S01007923",234,75,159
"S01007924",359,149,210
"S01007925",299,35,264
"S01007926",248,19,229
"S01007927",210,12,198
"S01007928",400,59,341
"S01007929",216,9,207
"S01007930",202,9,193
"S01007931",347,78,269
"S01007932",369,46,323
"S01007933",260,42,218
"S01007934",286,103,183
"S01007935",415,175,240
"S01007936",272,13,259
"S01007937",331,40,291
"S01007938",368,137,231
"S01007939",405,173,232
"S01007940",446,157,289
"S01007941",160,9,151
"S01007942",109,47,62
"S01007943",258,83,175
"S01007944",354,116,238
"S01007945",411,133,278
"S01007946",358,126,232
"S01007947",312,66,246
"S01007948",295,118,177
"S01007949",332,62,270
"S01007950",293,33,260
"S01007951",319,91,228
"S01007952",312,140,172
"S01007953",417,153,264
"S01007954",288,132,156
"S01007955",252,106,146
"S01007956",301,131,170
"S01007957",447,176,271
"S01007958",380,181,199
"S01007959",350,83,267
"S01007960",268,104,164
"S01007961",475,72,403
"S01007962",252,64,188
"S01007963",381,236,145
"S01007964",345,146,199
"S01007965",257,108,149
"S01007966",382,165,217
"S01007967",241,108,133
"S01007968",406,137,269
"S01007969",312,131,181
"S01007970",408,163,245
"S01007971",486,245,241
"S01007972",379,126,253
"S01007973",358,25,333
"S01007974",507,278,229
"S01007975",290,136,154
"S01007976",394,228,166
"S01007977",227,52,175
"S01007978",353,149,204
"S01007979",306,62,244
"S01007980",339,116,223
"S01007981",256,33,223
"S01007982",221,34,187
"S01007983",385,199,186
"S01007984",334,98,236
"S01007985",400,161,239
"S01007986",240,63,177
"S01007987",273,66,207
"S01007988",333,95,238
"S01007989",242,76,166
"S01007990",387,89,298
"S01007991",213,1,212
"S01007992",215,5,210
"S01007993",273,12,261
"S01007994",114,0,114
"S01007995",210,7,203
"S01007996",197,11,186
"S01007997",247,24,223
"S01007998",230,36,194
"S01007999",360,141,219
"S01008000",395,223,172
"S01008001",402,224,178
"S01008002",286,159,127
"S01008003",244,67,177
"S01008004",49,24,25
"S01008006",219,130,89
"S01008007",229,110,119
"S01008008",200,145,55
"S01008009",260,156,104
"S01008010",478,251,227
"S01008011",393,289,104
"S01008012",434,208,226
"S01008013",315,134,181
"S01008014",283,73,210
"S01008015",442,211,231
"S01008016",442,196,246
"S01008017",378,44,334
"S01008018",230,31,199
"S01008019",276,38,238
"S01008020",294,77,217
"S01008021",307,44,263
"S01008022",287,13,274
"S01008023",160,4,156
"S01008024",57,2,55
"S01008025",281,16,265
"S01008026",398,174,224
"S01008027",289,97,192
"S01008028",150,47,103
"S01008029",465,93,372
"S01008030",321,66,255
"S01008031",395,163,232
"S01008032",358,100,258
"S01008033",489,43,446
"S01008034",273,13,260
"S01008035",271,39,232
"S01008036",246,16,230
"S01008037",375,121,254
"S01008038",340,125,215
"S01008039",337,108,229
"S01008040",385,51,334
"S01008041",297,92,205
"S01008042",259,38,221
"S01008043",308,31,277
"S01008044",428,67,361
"S01008045",494,99,395
"S01008046",520,304,216
"S01008047",294,41,253
"S01008048",239,14,225
"S01008049",357,38,319
"S01008050",239,25,214
"S01008051",328,24,304
"S01008052",334,26,308
"S01008053",242,31,211
"S01008054",412,94,318
"S01008055",275,14,261
"S01008056",316,71,245
"S01008057",395,56,339
"S01008058",302,8,294
"S01008059",195,8,187
"S01008060",264,10,254
"S01008061",290,29,261
"S01008062",435,39,396
"S01008063",304,34,270
"S01008064",306,108,198
"S01008065",362,22,340
"S01008066",329,11,318
"S01008067",203,8,195
"S01008068",366,44,322
"S01008069",380,82,298
"S01008070",353,49,304
"S01008071",285,51,234
"S01008072",104,7,97
"S01008073",175,9,166
"S01008074",364,34,330
"S01008075",248,31,217
"S01008076",302,23,279
"S01008077",345,35,310
"S01008078",365,32,333
"S01008079",337,28,309
"S01008080",274,27,247
"S01008081",235,19,216
"S01008082",275,34,241
"S01008083",217,10,207
"S01008084",330,61,269
"S01008085",333,22,311
"S01008086",384,58,326
"S01008087",333,28,305
"S01008088",392,69,323
"S01008089",243,22,221
"S01008090",305,55,250
"S01008091",145,8,137
"S01008092",358,54,304
"S01008093",326,63,263
"S01008094",237,29,208
"S01008095",293,58,235
"S01008096",336,73,263
"S01008097",213,50,163
"S01008098",288,48,240
"S01008099",188,35,153
"S01008100",365,51,314
"S01008101",343,75,268
"S01008102",296,69,227
"S01008103",333,184,149
"S01008104",410,156,254
"S01008105",498,229,269
"S01008106",323,166,157
"S01008107",159,37,122
"S01008108",197,17,180
"S01008109",332,19,313
"S01008110",322,37,285
"S01008111",351,56,295
"S01008112",330,36,294
"S01008113",310,26,284
"S01008114",263,35,228
"S01008115",370,57,313
"S01008116",352,19,333
"S01008117",326,42,284
"S01008118",396,109,287
"S01008119",256,86,170
"S01008120",342,90,252
"S01008121",267,23,244
"S01008122",206,9,197
"S01008123",337,23,314
"S01008124",258,10,248
"S01008125",360,43,317
"S01008126",306,18,288
"S01008127",200,14,186
"S01008128",314,38,276
"S01008129",411,156,255
"S01008130",429,165,264
"S01008131",393,168,225
"S01008132",391,28,363
"S01008133",312,137,175
"S01008134",352,107,245
"S01008135",464,87,377
"S01008136",404,161,243
"S01008137",378,223,155
"S01008138",319,165,154
"S01008139",478,195,283
"S01008140",288,137,151
"S01008141",389,22,367
"S01008142",220,20,200
"S01008143",424,153,271
"S01008144",320,17,303
"S01008145",346,145,201
"S01008146",260,117,143
"S01008147",334,97,237
"S01008148",328,68,260
"S01008149",288,78,210
"S01008150",435,161,274
"S01008151",290,114,176
"S01008152",461,192,269
"S01008153",217,16,201
"S01008154",336,57,279
"S01008155",275,29,246
"S01008156",379,112,267
"S01008157",291,48,243
"S01008158",297,14,283
"S01008159",419,213,206
"S01008160",371,149,222
"S01008161",272,20,252
"S01008162",366,99,267
"S01008163",324,106,218
"S01008164",293,102,191
"S01008165",67,4,63
"S01008166",222,71,151
"S01008167",234,94,140
"S01008168",378,146,232
"S01008169",259,97,162
"S01008170",232,23,209
"S01008171",385,154,231
"S01008172",250,67,183
"S01008173",261,51,210
"S01008174",233,56,177
"S01008175",377,133,244
"S01008176",287,50,237
"S01008177",368,153,215
"S01008178",281,45,236
"S01008179",174,4,170
"S01008180",170,7,163
"S01008181",259,36,223
"S01008182",522,216,306
"S01008183",340,90,250
"S01008184",414,204,210
"S01008185",568,284,284
"S01008186",343,128,215
"S01008187",230,88,142
"S01008188",472,271,201
"S01008189",274,95,179
"S01008190",354,131,223
"S01008191",182,77,105
"S01008192",339,107,232
"S01008193",316,68,248
"S01008194",229,83,146
"S01008195",322,144,178
"S01008196",318,126,192
"S01008198",297,88,209
"S01008199",307,129,178
"S01008200",245,108,137
"S01008201",325,151,174
"S01008202",268,78,190
"S01008203",283,134,149
"S01008204",421,201,220
"S01008205",286,98,188
"S01008206",261,96,165
"S01008207",230,102,128
"S01008208",47,17,30
"S01008210",387,124,263
"S01008211",426,131,295
"S01008212",163,4,159
"S01008213",358,36,322
"S01008214",344,117,227
"S01008215",291,66,225
"S01008216",233,21,212
"S01008217",283,23,260
"S01008218",187,38,149
"S01008219",325,79,246
"S01008220",235,91,144
"S01008221",331,167,164
"S01008222",337,135,202
"S01008223",228,93,135
"S01008224",404,63,341
"S01008225",294,74,220
"S01008226",379,179,200
"S01008227",372,158,214
"S01008228",253,55,198
"S01008229",202,75,127
"S01008230",214,19,195
"S01008231",38,15,23
"S01008233",105,25,80
"S01008234",144,42,102
"S01008235",342,86,256
"S01008236",369,79,290
"S01008237",341,65,276
"S01008238",297,83,214
"S01008239",265,69,196
"S01008240",321,17,304
"S01008241",258,11,247
"S01008242",433,122,311
"S01008243",322,62,260
"S01008244",186,20,166
"S01008245",397,58,339
"S01008246",355,14,341
"S01008247",260,24,236
"S01008248",311,37,274
"S01008249",385,31,354
"S01008250",319,19,300
"S01008251",204,6,198
"S01008252",383,36,347
"S01008253",331,93,238
"S01008254",379,106,273
"S01008255",276,48,228
"S01008256",365,119,246
"S01008257",345,156,189
"S01008258",345,62,283
"S01008259",296,99,197
"S01008260",412,133,279
"S01008261",357,101,256
"S01008262",232,17,215
"S01008263",210,49,161
"S01008264",240,62,178
"S01008265",293,37,256
"S01008266",270,36,234
"S01008267",334,51,283
"S01008268",283,30,253
"S01008269",363,87,276
"S01008270",363,70,293
"S01008271",342,132,210
"S01008272",363,72,291
"S01008273",308,53,255
"S01008274",321,114,207
"S01008275",272,57,215
"S01008276",182,16,166
"S01008277",206,8,198
"S01008278",354,23,331
"S01008279",324,65,259
"S01008280",381,57,324
"S01008281",298,31,267
"S01008282",321,24,297
"S01008283",69,16,53
"S01008284",238,74,164
"S01008285",349,143,206
"S01008286",304,99,205
"S01008287",308,89,219
"S01008288",403,133,270
"S01008289",241,95,146
"S01008290",290,82,208
"S01008291",327,68,259
"S01008292",131,25,106
"S01008294",162,37,125
"S01008295",282,38,244
"S01008296",271,138,133
"S01008297",210,48,162
"S01008298",346,51,295
"S01008299",314,165,149
"S01008300",314,112,202
"S01008301",320,24,296
"S01008302",278,18,260
"S01008303",238,86,152
"S01008304",169,43,126
"S01008305",307,26,281
"S01008306",236,17,219
"S01008307",210,35,175
"S01008308",237,15,222
"S01008309",335,183,152
"S01008310",442,189,253
"S01008311",169,71,98
"S01008312",104,43,61
"S01008313",451,235,216
"S01008314",265,142,123
"S01008315",366,186,180
"S01008316",192,118,74
"S01008317",207,57,150
"S01008318",372,49,323
"S01008319",372,149,223
"S01008320",250,60,190
"S01008321",195,13,182
"S01008322",454,188,266
"S01008323",307,157,150
"S01008324",193,80,113
"S01008325",283,141,142
"S01008326",376,176,200
"S01008327",423,164,259
"S01008328",280,20,260
"S01008329",291,7,284
"S01008330",283,15,268
"S01008331",242,19,223
"S01008332",363,61,302
"S01008333",413,104,309
"S01008334",258,23,235
"S01008335",297,97,200
"S01008336",205,51,154
"S01008337",215,63,152
"S01008338",254,3,251
"S01008339",217,8,209
"S01008340",256,15,241
"S01008341",196,1,195
"S01008342",273,40,233
"S01008343",303,13,290
"S01008344",318,12,306
"S01008345",301,10,291
"S01008346",347,13,334
"S01008347",474,90,384
"S01008348",326,26,300
"S01008349",251,3,248
"S01008350",222,4,218
"S01008351",344,22,322
"S01008352",241,12,229
"S01008353",158,10,148
"S01008354",193,34,159
"S01008355",264,78,186
"S01008356",233,22,211
"S01008357",210,25,185
"S01008358",335,118,217
"S01008359",268,26,242
"S01008360",314,9,305
"S01008361",323,14,309
"S01008362",383,46,337
"S01008363",309,31,278
"S01008364",307,19,288
"S01008365",313,10,303
"S01008366",408,121,287
"S01008367",332,138,194
"S01008368",229,46,183
"S01008369",285,70,215
"S01008370",320,39,281
"S01008371",290,19,271
"S01008372",279,19,260
"S01008373",263,20,243
"S01008374",262,24,238
"S01008375",276,20,256
"S01008376",171,20,151
"S01008377",279,51,228
"S01008378",307,27,280
"S01008379",200,17,183
"S01008380",188,13,175
"S01008381",175,10,165
"S01008382",286,27,259
"S01008383",176,17,159
"S01008384",376,66,310
"S01008385",221,17,204
"S01008386",267,45,222
"S01008387",327,57,270
"S01008388",200,25,175
"S01008389",272,63,209
"S01008390",248,17,231
"S01008391",346,98,248
"S01008392",317,42,275
"S01008393",239,35,204
"S01008394",313,16,297
"S01008395",187,13,174
"S01008396",357,54,303
"S01008397",340,16,324
"S01008398",235,50,185
"S01008399",325,62,263
"S01008400",188,20,168
"S01008401",376,95,281
"S01008402",370,20,350
"S01008403",209,10,199
"S01008404",357,47,310
"S01008405",264,13,251
"S01008406",462,184,278
"S01008407",256,79,177
"S01008408",261,34,227
"S01008409",476,154,322
"S01008410",264,82,182
"S01008411",251,22,229
"S01008412",238,39,199
"S01008413",150,35,115
"S01008414",150,14,136
"S01008415",349,71,278
"S01008416",361,148,213
"S01008417",282,22,260
"S01008418",311,42,269
"S01008419",182,29,153
"S01008420",190,26,164
"S01008421",312,107,205
"S01008422",288,62,226
"S01008423",275,12,263
"S01008424",317,21,296
"S01008425",424,65,359
"S01008426",271,93,178
"S01008427",393,17,376
"S01008428",320,115,205
"S01008429",293,46,247
"S01008430",314,42,272
"S01008431",349,52,297
"S01008432",284,22,262
"S01008433",346,38,308
"S01008434",375,48,327
"S01008435",300,25,275
"S01008436",280,48,232
"S01008437",353,130,223
"S01008438",231,16,215
"S01008439",391,24,367
"S01008440",427,40,387
"S01008441",156,13,143
"S01008442",234,27,207
"S01008443",243,34,209
"S01008444",256,27,229
"S01008445",396,178,218
"S01008446",326,34,292
"S01008447",287,31,256
"S01008448",275,31,244
"S01008449",186,92,94
"S01008450",169,96,73
"S01008451",270,186,84
"S01008452",207,137,70
"S01008453",75,49,26
"S01008454",368,204,164
"S01008455",442,281,161
"S01008456",425,279,146
"S01008457",330,228,102
"S01008458",398,150,248
"S01008459",292,206,86
"S01008460",326,223,103
"S01008461",410,287,123
"S01008462",303,227,76
"S01008463",336,212,124
"S01008464",411,143,268
"S01008465",356,147,209
"S01008466",313,112,201
"S01008467",323,94,229
"S01008468",264,129,135
"S01008469",136,57,79
"S01008470",295,179,116
"S01008471",350,246,104
"S01008472",231,100,131
"S01008473",315,163,152
"S01008474",437,306,131
"S01008475",283,172,111
"S01008476",404,242,162
"S01008477",525,314,211
"S01008478",339,201,138
"S01008479",417,231,186
"S01008480",144,77,67
"S01008481",370,130,240
"S01008482",301,156,145
"S01008483",331,174,157
"S01008484",324,102,222
"S01008485",373,61,312
"S01008486",424,163,261
"S01008487",147,65,82
"S01008488",280,170,110
"S01008489",317,158,159
"S01008490",512,272,240
"S01008491",417,207,210
"S01008492",289,164,125
"S01008493",387,180,207
"S01008494",409,237,172
"S01008495",564,358,206
"S01008496",654,360,294
"S01008497",552,334,218
"S01008498",500,321,179
"S01008499",542,320,222
"S01008500",125,87,38
"S01008501",250,92,158
"S01008502",377,130,247
"S01008503",353,136,217
"S01008504",461,136,325
"S01008505",339,118,221
"S01008506",430,152,278
"S01008507",400,146,254
"S01008508",365,80,285
"S01008509",344,57,287
"S01008510",363,61,302
"S01008511",396,55,341
"S01008512",193,20,173
"S01008513",232,19,213
"S01008514",399,102,297
"S01008515",301,51,250
"S01008516",573,243,330
"S01008517",454,173,281
"S01008518",386,96,290
"S01008519",335,64,271
"S01008520",283,26,257
"S01008521",347,35,312
"S01008522",233,12,221
"S01008523",31,1,30
"S01008524",362,206,156
"S01008525",384,248,136
"S01008526",383,166,217
"S01008527",332,110,222
"S01008528",300,95,205
"S01008529",350,154,196
"S01008530",364,225,139
"S01008531",395,238,157
"S01008532",214,116,98
"S01008533",175,45,130
"S01008534",265,31,234
"S01008535",277,18,259
"S01008536",268,46,222
"S01008537",280,22,258
"S01008538",204,24,180
"S01008539",336,39,297
"S01008540",325,41,284
"S01008541",322,19,303
"S01008542",336,32,304
"S01008543",258,15,243
"S01008544",215,7,208
"S01008545",204,12,192
"S01008546",382,17,365
"S01008547",421,36,385
"S01008548",419,48,371
"S01008549",418,99,319
"S01008550",350,38,312
"S01008551",495,104,391
"S01008552",335,58,277
"S01008553",251,75,176
"S01008554",321,153,168
"S01008555",353,258,95
"S01008556",344,179,165
"S01008557",377,258,119
"S01008558",429,229,200
"S01008559",295,134,161
"S01008560",299,140,159
"S01008561",251,90,161
"S01008562",296,216,80
"S01008563",389,185,204
"S01008564",282,118,164
"S01008565",389,212,177
"S01008566",381,166,215
"S01008567",213,90,123
"S01008568",334,69,265
"S01008569",370,286,84
"S01008570",324,189,135
"S01008571",334,129,205
"S01008572",310,86,224
"S01008573",297,26,271
"S01008574",288,13,275
"S01008575",289,23,266
"S01008576",352,60,292
"S01008577",332,52,280
"S01008578",291,35,256
"S01008579",455,41,414
"S01008580",263,89,174
"S01008581",498,304,194
"S01008582",468,234,234
"S01008583",313,168,145
"S01008584",294,121,173
"S01008585",287,143,144
"S01008586",320,160,160
"S01008587",288,34,254
"S01008588",338,101,237
"S01008589",166,47,119
"S01008590",314,109,205
"S01008591",315,83,232
"S01008592",354,161,193
"S01008593",317,44,273
"S01008594",341,55,286
"S01008595",451,263,188
"S01008596",470,282,188
"S01008597",387,95,292
"S01008598",324,144,180
"S01008599",361,92,269
"S01008600",319,84,235
"S01008601",325,173,152
"S01008602",290,109,181
"S01008603",550,315,235
"S01008604",362,124,238
"S01008605",342,122,220
"S01008606",354,65,289
"S01008607",127,16,111
"S01008608",322,61,261
"S01008609",403,87,316
"S01008610",394,115,279
"S01008611",557,251,306
"S01008612",350,193,157
"S01008613",362,160,202
"S01008614",299,162,137
"S01008615",318,117,201
"S01008616",255,76,179
"S01008617",283,100,183
"S01008618",261,105,156
"S01008619",197,53,144
"S01008620",267,89,178
"S01008621",278,117,161
"S01008622",216,70,146
"S01008623",378,93,285
"S01008624",343,118,225
"S01008625",237,33,204
"S01008626",382,56,326
"S01008627",246,28,218
"S01008628",256,86,170
"S01008629",288,131,157
"S01008630",252,119,133
"S01008631",431,174,257
"S01008632",455,171,284
"S01008633",389,74,315
"S01008634",281,52,229
"S01008635",338,90,248
"S01008636",350,116,234
"S01008637",265,73,192
"S01008638",324,185,139
"S01008639",411,197,214
"S01008640",335,125,210
"S01008641",354,143,211
"S01008642",404,123,281
"S01008643",323,129,194
"S01008644",333,121,212
"S01008645",350,149,201
"S01008646",443,189,254
"S01008647",314,122,192
"S01008648",295,158,137
"S01008649",559,314,245
"S01008650",469,260,209
"S01008651",480,324,156
"S01008652",379,242,137
"S01008653",401,276,125
"S01008654",556,369,187
"S01008655",294,147,147
"S01008656",401,284,117
"S01008657",368,210,158
"S01008658",429,275,154
"S01008659",422,274,148
"S01008660",400,234,166
"S01008661",407,286,121
"S01008662",276,175,101
"S01008663",448,309,139
"S01008664",435,277,158
"S01008665",409,249,160
"S01008666",220,108,112
"S01008667",271,112,159
"S01008668",356,210,146
"S01008669",123,76,47
"S01008670",296,159,137
"S01008671",327,208,119
"S01008672",272,150,122
"S01008673",412,307,105
"S01008674",381,261,120
"S01008675",381,262,119
"S01008676",355,179,176
"S01008677",310,198,112
"S01008678",409,271,138
"S01008679",448,333,115
"S01008680",283,192,91
"S01008681",508,369,139
"S01008682",362,218,144
"S01008683",510,360,150
"S01008684",493,342,151
"S01008685",389,245,144
"S01008686",486,301,185
"S01008687",342,187,155
"S01008688",366,196,170
"S01008689",514,307,207
"S01008690",570,270,300
"S01008691",634,338,296
"S01008692",342,154,188
"S01008693",221,58,163
"S01008694",509,213,296
"S01008695",332,128,204
"S01008696",282,70,212
"S01008697",345,51,294
"S01008698",164,28,136
"S01008699",463,229,234
"S01008700",210,31,179
"S01008701",225,159,66
"S01008703",306,223,83
"S01008704",188,69,119
"S01008705",155,80,75
"S01008706",109,73,36
"S01008707",313,202,111
"S01008708",404,295,109
"S01008709",316,162,154
"S01008710",108,50,58
"S01008711",329,213,116
"S01008712",441,279,162
"S01008713",306,194,112
"S01008714",294,148,146
"S01008715",384,220,164
"S01008716",298,169,129
"S01008717",180,32,148
"S01008718",229,58,171
"S01008719",373,72,301
"S01008720",221,113,108
"S01008721",316,17,299
"S01008722",474,131,343
"S01008723",215,18,197
"S01008724",361,91,270
"S01008725",344,97,247
"S01008726",157,27,130
"S01008727",458,135,323
"S01008728",172,92,80
"S01008729",326,99,227
"S01008730",372,171,201
"S01008731",230,125,105
"S01008732",250,114,136
"S01008733",400,173,227
"S01008734",304,74,230
"S01008735",389,57,332
"S01008736",284,59,225
"S01008737",408,60,348
"S01008738",232,23,209
"S01008739",250,61,189
"S01008740",229,30,199
"S01008741",419,62,357
"S01008742",260,134,126
"S01008743",516,259,257
"S01008744",502,259,243
"S01008745",233,72,161
"S01008746",501,331,170
"S01008747",235,52,183
"S01008748",236,41,195
"S01008749",503,104,399
"S01008750",306,54,252
"S01008751",304,143,161
"S01008752",417,264,153
"S01008753",260,173,87
"S01008754",292,153,139
"S01008755",456,291,165
"S01008756",405,270,135
"S01008757",336,231,105
"S01008758",450,269,181
"S01008759",325,223,102
"S01008760",428,274,154
"S01008761",170,51,119
"S01008762",306,87,219
"S01008763",439,153,286
"S01008764",283,96,187
"S01008765",395,136,259
"S01008766",385,84,301
"S01008767",248,89,159
"S01008768",206,84,122
"S01008769",118,15,103
"S01008772",377,167,210
"S01008773",475,256,219
"S01008774",437,249,188
"S01008775",181,81,100
"S01008776",460,273,187
"S01008777",504,341,163
"S01008778",393,133,260
"S01008779",106,21,85
"S01008780",113,66,47
"S01008781",148,72,76
"S01008782",224,72,152
"S01008783",108,45,63
"S01008784",207,78,129
"S01008785",420,294,126
"S01008786",389,218,171
"S01008787",169,145,24
"S01008788",130,62,68
"S01008789",366,247,119
"S01008790",273,174,99
"S01008791",146,65,81
"S01008792",453,225,228
"S01008793",200,136,64
"S01008794",425,271,154
"S01008795",454,238,216
"S01008796",548,333,215
"S01008797",505,300,205
"S01008798",489,285,204
"S01008799",71,45,26
"S01008800",514,303,211
"S01008801",493,273,220
"S01008802",497,319,178
"S01008803",539,332,207
"S01008804",257,160,97
"S01008805",257,137,120
"S01008806",321,162,159
"S01008807",499,310,189
"S01008808",399,217,182
"S01008809",350,141,209
"S01008810",382,164,218
"S01008811",364,172,192
"S01008812",232,101,131
"S01008813",391,221,170
"S01008814",343,163,180
"S01008815",508,290,218
"S01008816",163,101,62
"S01008817",256,129,127
"S01008818",304,60,244
"S01008819",366,105,261
"S01008820",458,251,207
"S01008821",311,76,235
"S01008822",283,36,247
"S01008823",262,44,218
"S01008824",477,113,364
"S01008825",270,73,197
"S01008826",410,160,250
"S01008827",276,20,256
"S01008828",423,128,295
"S01008829",306,87,219
"S01008830",354,102,252
"S01008831",350,73,277
"S01008832",254,18,236
"S01008833",482,191,291
"S01008834",508,128,380
"S01008835",338,102,236
"S01008836",312,187,125
"S01008837",431,224,207
"S01008838",509,232,277
"S01008839",507,234,273
"S01008840",502,180,322
"S01008841",239,78,161
"S01008842",65,11,54
"S01008843",369,148,221
"S01008844",155,48,107
"S01008845",311,110,201
"S01008846",359,151,208
"S01008847",234,88,146
"S01008848",337,113,224
"S01008849",372,142,230
"S01008850",326,90,236
"S01008851",558,270,288
"S01008852",484,84,400
"S01008853",280,100,180
"S01008854",451,154,297
"S01008855",589,203,386
"S01008856",245,95,150
"S01008857",433,164,269
"S01008858",350,127,223
"S01008859",647,309,338
"S01008860",508,235,273
"S01008861",369,58,311
"S01008862",548,232,316
"S01008863",407,134,273
"S01008864",347,101,246
"S01008865",522,219,303
"S01008866",455,148,307
"S01008867",425,78,347
"S01008868",394,198,196
"S01008869",612,196,416
"S01008870",333,80,253
"S01008871",554,146,408
"S01008872",318,119,199
"S01008873",326,52,274
"S01008874",511,134,377
"S01008875",486,222,264
"S01008876",272,87,185
"S01008877",230,57,173
"S01008878",385,167,218
"S01008879",476,162,314
"S01008880",274,78,196
"S01008881",209,38,171
"S01008882",417,49,368
"S01008883",362,25,337
"S01008884",324,24,300
"S01008885",347,27,320
"S01008886",390,78,312
"S01008887",351,76,275
"S01008888",263,35,228
"S01008889",166,32,134
"S01008890",296,54,242
"S01008891",335,45,290
"S01008892",536,176,360
"S01008893",353,56,297
"S01008894",362,46,316
"S01008895",245,27,218
"S01008896",95,4,91
"S01008897",304,47,257
"S01008898",331,37,294
"S01008899",363,208,155
"S01008900",388,184,204
"S01008901",327,181,146
"S01008902",398,236,162
"S01008903",472,243,229
"S01008904",417,229,188
"S01008905",475,318,157
"S01008906",288,177,111
"S01008907",183,131,52
"S01008908",359,174,185
"S01008909",351,111,240
"S01008910",177,69,108
"S01008911",59,15,44
"S01008912",342,81,261
"S01008913",164,54,110
"S01008914",416,167,249
"S01008915",230,52,178
"S01008916",573,377,196
"S01008917",321,214,107
"S01008918",233,191,42
"S01008919",227,181,46
"S01008920",79,34,45
"S01008921",376,256,120
"S01008922",371,179,192
"S01008923",376,231,145
"S01008924",226,117,109
"S01008925",274,91,183
"S01008926",31,8,23
"S01008927",33,4,29
"S01008928",208,112,96
"S01008929",452,368,84
"S01008930",459,345,114
"S01008931",335,229,106
"S01008932",88,54,34
"S01008933",162,84,78
"S01008934",268,175,93
"S01008935",386,78,308
"S01008936",166,15,151
"S01008937",357,117,240
"S01008938",245,30,215
"S01008939",363,46,317
"S01008940",248,12,236
"S01008941",238,30,208
"S01008942",403,44,359
"S01008943",242,14,228
"S01008944",427,43,384
"S01008945",298,15,283
"S01008946",302,26,276
"S01008947",461,61,400
"S01008948",300,45,255
"S01008949",377,159,218
"S01008950",411,172,239
"S01008951",429,246,183
"S01008952",431,255,176
"S01008953",423,195,228
"S01008954",445,236,209
"S01008955",294,63,231
"S01008956",404,81,323
"S01008957",422,99,323
"S01008958",367,199,168
"S01008959",383,115,268
"S01008960",104,2,102
"S01008961",320,48,272
"S01008962",300,45,255
"S01008963",352,49,303
"S01008964",217,39,178
"S01008965",327,51,276
"S01008966",254,38,216
"S01008967",436,65,371
"S01008968",383,21,362
"S01008969",442,100,342
"S01008970",436,84,352
"S01008971",206,16,190
"S01008972",284,34,250
"S01008973",454,88,366
"S01008974",373,137,236
"S01008975",478,259,219
"S01008976",165,30,135
"S01008977",242,36,206
"S01008978",250,86,164
"S01008979",312,79,233
"S01008980",311,83,228
"S01008981",315,64,251
"S01008982",341,110,231
"S01008983",324,116,208
"S01008984",230,71,159
"S01008985",266,94,172
"S01008986",380,89,291
"S01008987",330,51,279
"S01008988",377,109,268
"S01008989",323,64,259
"S01008990",389,85,304
"S01008991",384,37,347
"S01008992",246,60,186
"S01008993",421,74,347
"S01008994",318,88,230
"S01008995",259,15,244
"S01008996",321,104,217
"S01008997",303,59,244
"S01008998",227,102,125
"S01008999",415,130,285
"S01009000",374,31,343
"S01009001",296,35,261
"S01009002",288,55,233
"S01009003",335,52,283
"S01009004",275,49,226
"S01009005",330,66,264
"S01009006",320,92,228
"S01009007",295,112,183
"S01009008",439,84,355
"S01009009",260,141,119
"S01009010",364,38,326
"S01009011",321,12,309
"S01009012",300,27,273
"S01009013",364,37,327
"S01009014",222,67,155
"S01009015",175,45,130
"S01009016",247,92,155
"S01009017",158,48,110
"S01009018",339,86,253
"S01009019",203,51,152
"S01009020",299,76,223
"S01009021",318,61,257
"S01009022",390,101,289
"S01009023",373,95,278
"S01009024",432,161,271
"S01009025",433,107,326
"S01009026",347,96,251
"S01009027",371,91,280
"S01009028",158,38,120
"S01009029",225,75,150
"S01009030",289,93,196
"S01009031",324,93,231
"S01009032",266,75,191
"S01009033",338,127,211
"S01009034",258,60,198
"S01009035",334,67,267
"S01009036",342,65,277
"S01009037",233,54,179
"S01009038",387,101,286
"S01009039",322,145,177
"S01009040",329,150,179
"S01009041",388,194,194
"S01009042",357,123,234
"S01009043",294,120,174
"S01009044",413,172,241
"S01009045",310,96,214
"S01009046",322,61,261
"S01009047",285,73,212
"S01009048",296,69,227
"S01009049",228,58,170
"S01009050",436,88,348
"S01009051",229,80,149
"S01009052",261,72,189
"S01009053",290,159,131
"S01009054",238,78,160
"S01009055",310,40,270
"S01009056",210,82,128
"S01009057",248,135,113
"S01009058",358,143,215
"S01009059",172,51,121
"S01009060",108,36,72
"S01009061",336,92,244
"S01009062",325,127,198
"S01009063",266,30,236
"S01009064",261,84,177
"S01009065",347,154,193
"S01009066",325,120,205
"S01009067",234,16,218
"S01009068",370,98,272
"S01009069",245,14,231
"S01009070",221,12,209
"S01009071",272,70,202
"S01009072",98,16,82
"S01009073",256,94,162
"S01009074",299,103,196
"S01009075",221,66,155
"S01009076",377,32,345
"S01009077",194,49,145
"S01009079",447,201,246
"S01009080",424,160,264
"S01009081",313,66,247
"S01009082",348,121,227
"S01009083",258,71,187
"S01009084",284,63,221
"S01009086",174,38,136
"S01009087",239,83,156
"S01009088",284,37,247
"S01009089",56,2,54
"S01009090",117,7,110
"S01009091",87,1,86
"S01009092",412,122,290
"S01009093",293,73,220
"S01009094",287,23,264
"S01009095",345,96,249
"S01009096",230,87,143
"S01009097",185,9,176
"S01009098",189,6,183
"S01009099",418,154,264
"S01009100",416,206,210
"S01009101",377,120,257
"S01009102",320,128,192
"S01009103",259,15,244
"S01009104",365,123,242
"S01009105",287,73,214
"S01009106",264,86,178
"S01009107",235,53,182
"S01009108",291,28,263
"S01009109",267,8,259
"S01009110",281,77,204
"S01009111",374,47,327
"S01009112",187,12,175
"S01009113",376,30,346
"S01009114",256,45,211
"S01009115",206,42,164
"S01009116",196,12,184
"S01009117",342,104,238
"S01009118",216,10,206
"S01009119",283,105,178
"S01009120",218,77,141
"S01009121",333,103,230
"S01009122",400,79,321
"S01009123",137,24,113
"S01009124",98,27,71
"S01009125",241,82,159
"S01009126",259,159,100
"S01009127",249,136,113
"S01009128",469,290,179
"S01009129",210,93,117
"S01009130",167,95,72
"S01009131",256,118,138
"S01009132",301,26,275
"S01009133",336,159,177
"S01009134",378,84,294
"S01009135",279,40,239
"S01009136",97,4,93
"S01009137",22,18,4
"S01009138",369,69,300
"S01009139",270,112,158
"S01009140",385,171,214
"S01009141",390,163,227
"S01009142",297,124,173
"S01009143",273,154,119
"S01009144",125,42,83
"S01009145",431,148,283
"S01009146",316,139,177
"S01009147",351,165,186
"S01009148",263,88,175
"S01009149",245,93,152
"S01009150",534,364,170
"S01009151",338,132,206
"S01009152",424,210,214
"S01009153",256,95,161
"S01009154",331,41,290
"S01009155",179,34,145
"S01009156",259,41,218
"S01009157",378,110,268
"S01009158",271,125,146
"S01009159",253,134,119
"S01009160",307,147,160
"S01009161",240,136,104
"S01009162",401,179,222
"S01009163",255,112,143
"S01009164",314,102,212
"S01009165",314,149,165
"S01009166",395,207,188
"S01009167",197,67,130
"S01009168",285,48,237
"S01009169",375,173,202
"S01009170",278,93,185
"S01009171",314,85,229
"S01009172",264,48,216
"S01009173",217,23,194
"S01009174",51,0,51
"S01009175",280,6,274
"S01009176",343,20,323
"S01009177",355,129,226
"S01009178",314,110,204
"S01009179",282,76,206
"S01009180",438,179,259
"S01009181",600,142,458
"S01009182",392,66,326
"S01009183",97,1,96
"S01009184",455,165,290
"S01009185",292,87,205
"S01009186",224,44,180
"S01009187",425,62,363
"S01009188",365,107,258
"S01009189",336,109,227
"S01009190",113,25,88
"S01009191",44,0,44
"S01009192",217,28,189
"S01009193",25,8,17
"S01009194",308,15,293
"S01009195",163,6,157
"S01009196",316,71,245
"S01009197",219,39,180
"S01009198",296,39,257
"S01009199",156,32,124
"S01009200",325,47,278
"S01009201",232,67,165
"S01009202",191,14,177
"S01009203",271,114,157
"S01009204",270,83,187
"S01009205",305,25,280
"S01009206",424,28,396
"S01009207",429,54,375
"S01009208",301,53,248
"S01009209",241,40,201
"S01009210",411,81,330
"S01009211",232,44,188
"S01009212",374,135,239
"S01009213",307,122,185
"S01009214",360,47,313
"S01009215",396,158,238
"S01009216",401,140,261
"S01009217",277,143,134
"S01009218",371,102,269
"S01009219",267,98,169
"S01009220",139,52,87
"S01009221",244,92,152
"S01009222",243,103,140
"S01009223",220,71,149
"S01009224",294,141,153
"S01009225",280,133,147
"S01009226",474,216,258
"S01009227",358,183,175
"S01009228",322,152,170
"S01009229",286,104,182
"S01009230",318,60,258
"S01009231",404,83,321
"S01009232",303,157,146
"S01009233",230,83,147
"S01009234",422,209,213
"S01009235",373,177,196
"S01009236",222,44,178
"S01009237",419,69,350
"S01009238",345,112,233
"S01009239",416,151,265
"S01009240",395,234,161
"S01009241",470,217,253
"S01009242",319,61,258
"S01009243",403,73,330
"S01009244",341,16,325
"S01009245",356,35,321
"S01009246",401,155,246
"S01009247",393,138,255
"S01009248",307,59,248
"S01009249",416,193,223
"S01009250",276,88,188
"S01009251",224,44,180
"S01009252",161,2,159
"S01009253",243,113,130
"S01009254",383,180,203
"S01009255",263,131,132
"S01009256",224,42,182
"S01009257",323,113,210
"S01009258",269,44,225
"S01009259",265,50,215
"S01009260",360,112,248
"S01009261",385,202,183
"S01009262",292,157,135
"S01009263",71,5,66
"S01009264",272,29,243
"S01009265",340,74,266
"S01009266",387,115,272
"S01009267",277,58,219
"S01009268",313,95,218
"S01009269",346,158,188
"S01009270",306,161,145
"S01009271",333,12,321
"S01009272",284,102,182
"S01009273",192,20,172
"S01009274",267,32,235
"S01009275",251,34,217
"S01009276",298,42,256
"S01009277",419,73,346
"S01009278",102,24,78
"S01009279",271,48,223
"S01009280",403,206,197
"S01009281",293,141,152
"S01009282",223,41,182
"S01009283",300,55,245
"S01009284",287,26,261
"S01009285",356,32,324
"S01009286",331,32,299
"S01009287",339,46,293
"S01009288",447,77,370
"S01009289",385,53,332
"S01009290",283,28,255
"S01009291",393,26,367
"S01009292",91,33,58
"S01009293",204,59,145
"S01009294",148,30,118
"S01009295",263,19,244
"S01009296",169,27,142
"S01009297",273,19,254
"S01009298",543,276,267
"S01009299",462,179,283
"S01009300",286,114,172
"S01009301",524,245,279
"S01009302",469,244,225
"S01009303",339,80,259
"S01009304",362,86,276
"S01009305",390,169,221
"S01009306",509,189,320
"S01009307",519,205,314
"S01009308",222,87,135
"S01009309",322,112,210
"S01009310",366,33,333
"S01009311",272,88,184
"S01009312",350,115,235
"S01009313",236,110,126
"S01009314",317,53,264
"S01009315",281,123,158
"S01009316",279,39,240
"S01009317",353,26,327
"S01009318",237,18,219
"S01009319",411,54,357
"S01009320",351,107,244
"S01009321",169,7,162
"S01009322",187,36,151
"S01009323",285,90,195
"S01009324",258,73,185
"S01009325",308,37,271
"S01009326",97,6,91
"S01009327",240,30,210
"S01009331",37,0,37
"S01009332",341,20,321
"S01009333",355,144,211
"S01009334",310,145,165
"S01009335",363,144,219
"S01009336",295,146,149
"S01009337",315,133,182
"S01009338",362,210,152
"S01009339",337,180,157
"S01009340",312,136,176
"S01009341",276,101,175
"S01009342",336,110,226
"S01009343",243,49,194
"S01009344",340,125,215
"S01009345",326,56,270
"S01009346",58,1,57
"S01009353",82,1,81
"S01009355",317,15,302
"S01009356",412,29,383
"S01009357",177,3,174
"S01009358",69,1,68
"S01009359",102,1,101
"S01009360",348,64,284
"S01009361",309,63,246
"S01009362",415,36,379
"S01009363",355,108,247
"S01009364",298,49,249
"S01009365",199,61,138
"S01009366",381,153,228
"S01009367",222,89,133
"S01009368",218,60,158
"S01009369",260,102,158
"S01009370",381,96,285
"S01009371",309,103,206
"S01009372",193,67,126
"S01009373",365,158,207
"S01009374",373,148,225
"S01009375",326,115,211
"S01009376",270,113,157
"S01009377",280,59,221
"S01009378",269,56,213
"S01009379",65,30,35
"S01009380",193,19,174
"S01009381",229,41,188
"S01009382",325,140,185
"S01009383",500,178,322
"S01009384",158,20,138
"S01009385",173,39,134
"S01009386",278,86,192
"S01009387",257,108,149
"S01009388",450,243,207
"S01009389",399,120,279
"S01009390",264,7,257
"S01009391",258,13,245
"S01009392",174,5,169
"S01009393",233,29,204
"S01009394",390,36,354
"S01009395",305,34,271
"S01009396",296,13,283
"S01009397",332,45,287
"S01009398",301,37,264
"S01009399",311,28,283
"S01009400",214,48,166
"S01009401",284,22,262
"S01009402",393,33,360
"S01009403",208,17,191
"S01009404",238,98,140
"S01009405",207,23,184
"S01009406",332,92,240
"S01009407",177,32,145
"S01009408",208,50,158
"S01009409",335,113,222
"S01009410",349,142,207
"S01009411",323,113,210
"S01009412",409,174,235
"S01009413",459,110,349
"S01009414",295,57,238
"S01009415",280,115,165
"S01009416",144,18,126
"S01009417",371,91,280
"S01009418",444,204,240
"S01009419",241,84,157
"S01009420",261,126,135
"S01009421",241,100,141
"S01009422",332,97,235
"S01009424",238,39,199
"S01009425",286,80,206
"S01009426",423,220,203
"S01009427",325,159,166
"S01009428",214,96,118
"S01009429",325,163,162
"S01009430",340,173,167
"S01009431",260,111,149
"S01009432",322,119,203
"S01009433",350,148,202
"S01009434",250,97,153
"S01009435",351,179,172
"S01009436",243,112,131
"S01009437",245,102,143
"S01009438",281,115,166
"S01009439",391,161,230
"S01009440",323,155,168
"S01009441",375,167,208
"S01009442",322,62,260
"S01009443",432,120,312
"S01009444",268,38,230
"S01009445",305,97,208
"S01009446",388,226,162
"S01009447",241,98,143
"S01009448",241,62,179
"S01009449",247,96,151
"S01009450",284,136,148
"S01009451",327,137,190
"S01009452",273,136,137
"S01009453",465,191,274
"S01009454",287,60,227
"S01009455",403,61,342
"S01009456",525,219,306
"S01009457",366,41,325
"S01009458",320,117,203
"S01009459",361,158,203
"S01009460",455,226,229
"S01009462",280,86,194
"S01009463",316,82,234
"S01009464",385,79,306
"S01009465",243,69,174
"S01009466",258,38,220
"S01009467",333,63,270
"S01009468",372,166,206
"S01009469",377,90,287
"S01009470",234,59,175
"S01009471",408,238,170
"S01009472",410,185,225
"S01009473",451,240,211
"S01009474",311,134,177
"S01009476",106,8,98
"S01009477",352,102,250
"S01009478",419,156,263
"S01009479",375,112,263
"S01009480",326,89,237
"S01009481",476,160,316
"S01009482",346,127,219
"S01009483",404,120,284
"S01009484",415,169,246
"S01009485",360,137,223
"S01009486",295,102,193
"S01009487",402,173,229
"S01009488",275,77,198
"S01009489",363,171,192
"S01009490",357,190,167
"S01009491",317,121,196
"S01009492",342,113,229
"S01009493",366,27,339
"S01009494",396,27,369
"S01009495",380,26,354
"S01009496",378,118,260
"S01009497",356,54,302
"S01009498",254,12,242
"S01009499",358,89,269
"S01009500",387,191,196
"S01009501",322,156,166
"S01009502",374,157,217
"S01009503",347,126,221
"S01009504",320,144,176
"S01009505",347,190,157
"S01009506",351,180,171
"S01009507",198,62,136
"S01009508",386,185,201
"S01009509",434,197,237
"S01009510",302,25,277
"S01009511",260,20,240
"S01009512",314,29,285
"S01009513",247,7,240
"S01009514",285,19,266
"S01009515",363,153,210
"S01009516",439,158,281
"S01009519",214,49,165
"S01009520",300,41,259
"S01009521",288,113,175
"S01009522",287,109,178
"S01009523",279,141,138
"S01009524",278,147,131
"S01009525",311,138,173
"S01009526",180,22,158
"S01009527",342,160,182
"S01009528",355,171,184
"S01009529",259,62,197
"S01009530",251,44,207
"S01009531",484,245,239
"S01009532",440,215,225
"S01009533",438,221,217
"S01009534",396,233,163
"S01009535",309,177,132
"S01009536",217,78,139
"S01009537",284,106,178
"S01009538",428,185,243
"S01009539",413,171,242
"S01009540",480,254,226
"S01009541",571,122,449
"S01009542",291,137,154
"S01009543",264,91,173
"S01009544",363,123,240
"S01009545",385,103,282
"S01009546",251,89,162
"S01009547",326,85,241
"S01009548",258,81,177
"S01009549",301,83,218
"S01009550",212,33,179
"S01009551",229,44,185
"S01009552",385,96,289
"S01009553",422,198,224
"S01009554",367,117,250
"S01009555",294,79,215
"S01009556",388,146,242
"S01009557",296,108,188
"S01009558",319,121,198
"S01009559",342,118,224
"S01009560",347,133,214
"S01009561",301,136,165
"S01009562",315,79,236
"S01009563",377,127,250
"S01009564",323,100,223
"S01009565",256,79,177
"S01009566",377,93,284
"S01009567",418,107,311
"S01009568",341,112,229
"S01009569",367,103,264
"S01009570",242,89,153
"S01009571",285,129,156
"S01009572",501,247,254
"S01009573",336,163,173
"S01009574",446,181,265
"S01009575",234,69,165
"S01009576",199,4,195
"S01009577",254,12,242
"S01009578",310,69,241
"S01009579",280,72,208
"S01009580",180,15,165
"S01009581",253,60,193
"S01009582",239,62,177
"S01009583",343,111,232
"S01009584",144,10,134
"S01009585",415,95,320
"S01009586",306,79,227
"S01009587",368,134,234
"S01009588",433,137,296
"S01009589",357,102,255
"S01009590",155,5,150
"S01009591",274,21,253
"S01009592",236,24,212
"S01009593",172,7,165
"S01009594",261,7,254
"S01009595",78,6,72
"S01009596",354,99,255
"S01009597",367,146,221
"S01009598",307,114,193
"S01009599",413,108,305
"S01009600",314,155,159
"S01009601",261,86,175
"S01009602",255,2,253
"S01009603",234,29,205
"S01009604",303,76,227
"S01009605",337,114,223
"S01009606",87,3,84
"S01009607",192,9,183
"S01009608",285,101,184
"S01009609",287,67,220
"S01009610",487,130,357
"S01009611",213,18,195
"S01009612",187,48,139
"S01009613",135,15,120
"S01009614",333,73,260
"S01009615",166,33,133
"S01009616",259,66,193
"S01009617",210,33,177
"S01009618",360,118,242
"S01009619",306,129,177
"S01009620",425,206,219
"S01009621",449,174,275
"S01009622",378,205,173
"S01009623",252,106,146
"S01009624",384,141,243
"S01009625",390,150,240
"S01009626",240,106,134
"S01009627",347,123,224
"S01009628",259,139,120
"S01009629",432,165,267
"S01009630",343,145,198
"S01009631",394,204,190
"S01009632",324,180,144
"S01009633",273,126,147
"S01009634",235,103,132
"S01009635",421,153,268
"S01009636",520,263,257
"S01009637",300,105,195
"S01009638",340,141,199
"S01009639",244,37,207
"S01009640",317,160,157
"S01009641",447,214,233
"S01009642",443,165,278
"S01009643",40,3,37
"S01009644",247,59,188
"S01009645",303,113,190
"S01009646",253,95,158
"S01009647",332,166,166
"S01009648",351,105,246
"S01009649",331,120,211
"S01009650",234,22,212
"S01009651",661,83,578
"S01009652",312,50,262
"S01009653",236,19,217
"S01009654",271,52,219
"S01009655",351,113,238
"S01009656",364,161,203
"S01009657",308,65,243
"S01009658",295,84,211
"S01009659",242,70,172
"S01009660",293,80,213
"S01009661",266,12,254
"S01009662",344,47,297
"S01009663",219,34,185
"S01009664",357,45,312
"S01009665",292,64,228
"S01009666",328,80,248
"S01009667",174,11,163
"S01009668",198,24,174
"S01009669",259,41,218
"S01009670",384,64,320
"S01009671",163,32,131
"S01009672",312,91,221
"S01009673",226,41,185
"S01009674",429,64,365
"S01009675",429,61,368
"S01009676",364,56,308
"S01009677",256,23,233
"S01009678",270,66,204
"S01009679",426,148,278
"S01009680",279,38,241
"S01009681",239,39,200
"S01009682",234,22,212
"S01009683",323,87,236
"S01009684",268,14,254
"S01009685",250,62,188
"S01009686",457,179,278
"S01009687",290,48,242
"S01009688",453,235,218
"S01009689",293,111,182
"S01009690",327,100,227
"S01009691",208,22,186
"S01009692",466,75,391
"S01009693",159,7,152
"S01009694",441,41,400
"S01009695",284,31,253
"S01009696",416,58,358
"S01009697",310,35,275
"S01009698",216,8,208
"S01009699",293,54,239
"S01009700",311,57,254
"S01009701",189,38,151
"S01009702",242,13,229
"S01009703",257,80,177
"S01009704",476,97,379
"S01009705",353,106,247
"S01009706",321,90,231
"S01009707",271,68,203
"S01009708",228,44,184
"S01009709",446,138,308
"S01009710",177,32,145
"S01009711",349,135,214
"S01009712",240,52,188
"S01009713",432,108,324
"S01009714",410,70,340
"S01009715",412,71,341
"S01009716",339,70,269
"S01009717",259,108,151
"S01009718",335,141,194
"S01009719",345,137,208
"S01009720",340,151,189
"S01009721",222,107,115
"S01009722",356,133,223
"S01009723",310,150,160
"S01009724",487,245,242
"S01009725",273,106,167
"S01009726",219,76,143
"S01009727",205,12,193
"S01009728",293,32,261
"S01009729",336,39,297
"S01009730",141,22,119
"S01009731",224,32,192
"S01009732",244,78,166
"S01009733",149,15,134
"S01009734",425,47,378
"S01009735",348,18,330
"S01009736",310,126,184
"S01009737",222,48,174
"S01009738",179,51,128
"S01009739",179,11,168
"S01009740",245,79,166
"S01009741",248,21,227
"S01009742",235,18,217
"S01009743",403,30,373
"S01009744",249,23,226
"S01009745",372,51,321
"S01009746",315,22,293
"S01009747",307,101,206
"S01009748",282,40,242
"S01009749",409,100,309
"S01009750",288,112,176
"S01009751",338,110,228
"S01009752",144,9,135
"S01009753",303,85,218
"S01009754",362,77,285
"S01009755",277,51,226
"S01009756",310,42,268
"S01009757",222,17,205
"S01009758",251,31,220
"S01009759",410,308,102
"S01009760",408,281,127
"S01009761",366,73,293
"S01009762",375,270,105
"S01009763",170,8,162
"S01009764",247,130,117
"S01009765",373,127,246
"S01009766",195,52,143
"S01009767",226,113,113
"S01009768",181,137,44
"S01009769",296,171,125
"S01009770",262,24,238
"S01009771",296,23,273
"S01009772",274,57,217
"S01009775",359,206,153
"S01009776",197,150,47
"S01009777",277,157,120
"S01009778",411,272,139
"S01009779",218,157,61
"S01009780",117,76,41
"S01009781",220,125,95
"S01009782",47,35,12
"S01009783",268,132,136
"S01009784",307,194,113
"S01009785",341,206,135
"S01009786",406,269,137
"S01009787",371,244,127
"S01009788",420,209,211
"S01009789",405,216,189
"S01009790",250,128,122
"S01009791",302,199,103
"S01009792",68,4,64
"S01009793",440,122,318
"S01009794",152,7,145
"S01009795",243,12,231
"S01009796",230,45,185
"S01009797",179,32,147
"S01009798",233,27,206
"S01009799",354,253,101
"S01009800",436,222,214
"S01009801",393,238,155
"S01009802",394,222,172
"S01009803",273,196,77
"S01009805",368,215,153
"S01009806",473,284,189
"S01009807",489,240,249
"S01009808",418,261,157
"S01009809",292,134,158
"S01009810",448,315,133
"S01009811",518,304,214
"S01009812",369,192,177
"S01009813",369,277,92
"S01009814",362,162,200
"S01009815",342,152,190
"S01009816",331,114,217
"S01009817",349,188,161
"S01009818",360,77,283
"S01009819",308,130,178
"S01009820",454,212,242
"S01009821",259,72,187
"S01009822",245,171,74
"S01009823",269,149,120
"S01009824",357,229,128
"S01009825",382,251,131
"S01009826",242,125,117
"S01009827",381,215,166
"S01009828",402,288,114
"S01009829",552,307,245
"S01009830",335,151,184
"S01009831",284,97,187
"S01009832",460,200,260
"S01009833",157,44,113
"S01009834",164,132,32
"S01009835",258,191,67
"S01009836",326,171,155
"S01009837",365,239,126
"S01009838",423,261,162
"S01009839",594,435,159
"S01009840",474,281,193
"S01009841",463,361,102
"S01009842",333,257,76
"S01009843",263,212,51
"S01009844",373,320,53
"S01009845",338,269,69
"S01009846",454,298,156
"S01009847",280,211,69
"S01009848",379,205,174
"S01009849",462,301,161
"S01009850",399,249,150
"S01009851",536,345,191
"S01009852",185,98,87
"S01009853",423,208,215
"S01009854",268,202,66
"S01009855",255,104,151
"S01009856",295,155,140
"S01009857",391,181,210
"S01009858",344,160,184
"S01009859",530,407,123
"S01009860",474,368,106
"S01009861",560,435,125
"S01009862",696,454,242
"S01009863",470,310,160
"S01009864",332,201,131
"S01009865",310,203,107
"S01009866",437,238,199
"S01009867",370,170,200
"S01009868",269,104,165
"S01009869",294,145,149
"S01009870",228,149,79
"S01009871",557,366,191
"S01009872",373,218,155
"S01009873",448,189,259
"S01009874",498,217,281
"S01009875",106,68,38
"S01009876",336,243,93
"S01009877",339,45,294
"S01009878",264,112,152
"S01009879",349,19,330
"S01009880",257,43,214
"S01009881",256,125,131
"S01009882",146,76,70
"S01009883",271,107,164
"S01009884",313,135,178
"S01009885",243,69,174
"S01009886",270,102,168
"S01009887",460,311,149
"S01009888",303,202,101
"S01009889",392,218,174
"S01009890",278,183,95
"S01009891",416,284,132
"S01009892",424,298,126
"S01009893",447,288,159
"S01009894",401,288,113
"S01009895",475,348,127
"S01009896",449,292,157
"S01009897",504,280,224
"S01009898",266,180,86
"S01009899",466,258,208
"S01009900",491,193,298
"S01009901",438,172,266
"S01009902",495,285,210
"S01009903",329,108,221
"S01009904",443,202,241
"S01009905",277,148,129
"S01009906",326,199,127
"S01009907",514,353,161
"S01009908",451,189,262
"S01009909",495,244,251
"S01009910",329,199,130
"S01009911",442,134,308
"S01009912",349,78,271
"S01009913",180,8,172
"S01009914",393,47,346
"S01009915",390,63,327
"S01009916",311,37,274
"S01009917",298,65,233
"S01009918",284,51,233
"S01009919",582,347,235
"S01009920",521,235,286
"S01009921",421,202,219
"S01009922",579,213,366
"S01009923",607,270,337
"S01009924",491,241,250
"S01009925",433,205,228
"S01009926",354,168,186
"S01009927",203,98,105
"S01009928",378,57,321
"S01009929",240,72,168
"S01009930",439,207,232
"S01009931",455,138,317
"S01009932",376,156,220
"S01009933",394,294,100
"S01009934",183,65,118
"S01009935",342,258,84
"S01009936",392,256,136
"S01009937",276,209,67
"S01009938",586,386,200
"S01009939",518,414,104
"S01009940",389,258,131
"S01009941",331,35,296
"S01009942",464,294,170
"S01009943",412,284,128
"S01009944",347,165,182
"S01009945",506,303,203
"S01009946",327,145,182
"S01009947",267,113,154
"S01009948",368,249,119
"S01009949",443,222,221
"S01009950",321,11,310
"S01009951",203,6,197
"S01009952",276,59,217
"S01009953",352,91,261
"S01009954",214,24,190
"S01009955",440,174,266
"S01009956",342,154,188
"S01009957",306,53,253
"S01009958",370,53,317
"S01009959",324,47,277
"S01009960",326,89,237
"S01009961",252,109,143
"S01009962",559,255,304
"S01009963",380,52,328
"S01009964",295,67,228
"S01009965",261,33,228
"S01009966",291,35,256
"S01009967",385,82,303
"S01009968",231,40,191
"S01009969",314,57,257
"S01009970",463,345,118
"S01009971",359,244,115
"S01009972",343,177,166
"S01009973",103,56,47
"S01009974",273,199,74
"S01009975",365,247,118
"S01009976",246,173,73
"S01009977",414,326,88
"S01009978",317,187,130
"S01009979",211,156,55
"S01009980",166,130,36
"S01009981",206,153,53
"S01009982",275,181,94
"S01009983",253,208,45
"S01009984",306,150,156
"S01009985",269,204,65
"S01009986",276,201,75
"S01009987",355,222,133
"S01009988",247,182,65
"S01009989",352,141,211
"S01009990",285,108,177
"S01009991",323,104,219
"S01009992",341,252,89
"S01009993",347,114,233
"S01009994",303,82,221
"S01009995",277,112,165
"S01009996",301,114,187
"S01009997",257,83,174
"S01009998",268,44,224
"S01009999",347,81,266
"S01010000",275,110,165
"S01010001",255,100,155
"S01010002",333,119,214
"S01010003",279,57,222
"S01010004",272,40,232
"S01010005",463,279,184
"S01010006",562,329,233
"S01010007",410,110,300
"S01010008",264,155,109
"S01010009",418,267,151
"S01010010",417,102,315
"S01010011",513,320,193
"S01010012",345,107,238
"S01010013",488,250,238
"S01010014",454,207,247
"S01010015",306,131,175
"S01010016",324,168,156
"S01010017",328,218,110
"S01010018",414,309,105
"S01010019",386,289,97
"S01010020",343,195,148
"S01010021",390,317,73
"S01010022",193,165,28
"S01010023",366,320,46
"S01010024",229,167,62
"S01010025",283,219,64
"S01010026",234,191,43
"S01010027",220,105,115
"S01010028",201,159,42
"S01010029",373,285,88
"S01010030",175,100,75
"S01010031",264,72,192
"S01010032",147,73,74
"S01010033",425,304,121
"S01010034",509,373,136
"S01010035",371,292,79
"S01010036",82,15,67
"S01010037",406,326,80
"S01010038",393,287,106
"S01010039",342,160,182
"S01010040",327,213,114
"S01010041",380,229,151
"S01010042",201,115,86
"S01010043",370,250,120
"S01010044",495,354,141
"S01010045",292,232,60
"S01010046",365,224,141
"S01010047",453,360,93
"S01010048",511,408,103
"S01010049",358,282,76
"S01010050",401,338,63
"S01010051",425,346,79
"S01010052",337,273,64
"S01010053",221,143,78
"S01010054",230,189,41
"S01010055",380,241,139
"S01010056",302,264,38
"S01010057",75,45,30
"S01010058",273,174,99
"S01010059",316,155,161
"S01010060",451,291,160
"S01010061",92,53,39
"S01010062",302,173,129
"S01010063",599,425,174
"S01010064",248,129,119
"S01010065",420,272,148
"S01010066",329,217,112
"S01010067",282,223,59
"S01010068",206,165,41
"S01010069",264,73,191
"S01010070",250,39,211
"S01010071",392,154,238
"S01010072",366,171,195
"S01010073",354,119,235
"S01010074",295,47,248
"S01010075",333,155,178
"S01010076",296,129,167
"S01010077",253,140,113
"S01010078",189,33,156
"S01010079",344,38,306
"S01010080",299,41,258
"S01010081",302,44,258
"S01010082",340,86,254
"S01010083",397,213,184
"S01010084",404,231,173
"S01010085",270,52,218
"S01010086",421,242,179
"S01010087",303,53,250
"S01010088",153,37,116
"S01010089",372,183,189
"S01010090",365,88,277
"S01010091",197,59,138
"S01010092",430,237,193
"S01010093",340,123,217
"S01010094",298,77,221
"S01010095",298,45,253
"S01010096",254,62,192
"S01010097",285,69,216
"S01010098",283,51,232
"S01010099",295,58,237
"S01010100",395,92,303
"S01010101",309,55,254
"S01010102",324,32,292
"S01010103",356,35,321
"S01010104",132,12,120
"S01010105",208,140,68
"S01010106",236,173,63
"S01010107",364,219,145
"S01010108",331,188,143
"S01010109",320,155,165
"S01010110",466,346,120
"S01010111",398,307,91
"S01010112",329,245,84
"S01010113",238,150,88
"S01010114",288,230,58
"S01010115",225,46,179
"S01010116",189,52,137
"S01010117",162,124,38
"S01010118",260,219,41
"S01010119",157,131,26
"S01010120",351,276,75
"S01010121",224,166,58
"S01010122",231,193,38
"S01010123",255,200,55
"S01010124",228,73,155
"S01010125",119,89,30
"S01010126",305,142,163
"S01010127",273,183,90
"S01010128",218,160,58
"S01010129",344,246,98
"S01010130",284,193,91
"S01010131",375,65,310
"S01010132",526,354,172
"S01010133",372,264,108
"S01010134",546,344,202
"S01010135",367,221,146
"S01010136",344,149,195
"S01010137",599,404,195
"S01010138",664,469,195
"S01010139",525,336,189
"S01010140",376,141,235
"S01010141",478,379,99
"S01010142",292,174,118
"S01010143",398,250,148
"S01010144",328,189,139
"S01010145",339,177,162
"S01010146",393,266,127
"S01010147",407,308,99
"S01010148",279,217,62
"S01010149",95,51,44
"S01010150",338,220,118
"S01010151",381,251,130
"S01010152",395,250,145
"S01010153",503,307,196
"S01010154",422,268,154
"S01010155",413,242,171
"S01010156",233,149,84
"S01010157",199,148,51
"S01010158",447,240,207
"S01010159",349,190,159
"S01010160",270,236,34
"S01010161",264,144,120
"S01010162",263,211,52
"S01010163",150,90,60
"S01010164",291,147,144
"S01010165",338,226,112
"S01010166",352,208,144
"S01010167",462,318,144
"S01010168",129,83,46
"S01010169",386,231,155
"S01010170",282,171,111
"S01010171",453,354,99
"S01010172",443,307,136
"S01010173",331,156,175
"S01010174",218,83,135
"S01010175",216,109,107
"S01010176",378,230,148
"S01010177",287,220,67
"S01010178",307,225,82
"S01010179",259,208,51
"S01010180",162,122,40
"S01010181",277,180,97
"S01010182",296,79,217
"S01010183",206,143,63
"S01010184",301,193,108
"S01010185",239,145,94
"S01010186",266,30,236
"S01010187",302,50,252
"S01010188",321,70,251
"S01010189",307,13,294
"S01010191",279,20,259
"S01010192",257,11,246
"S01010193",367,52,315
"S01010194",274,139,135
"S01010195",215,92,123
"S01010196",248,141,107
"S01010197",306,183,123
"S01010198",425,236,189
"S01010199",233,153,80
"S01010200",316,188,128
"S01010201",189,98,91
"S01010202",381,301,80
"S01010203",199,42,157
"S01010204",330,231,99
"S01010205",373,254,119
"S01010206",338,299,39
"S01010207",309,216,93
"S01010208",536,302,234
"S01010209",406,251,155
"S01010210",400,217,183
"S01010211",376,273,103
"S01010212",521,412,109
"S01010213",450,291,159
"S01010214",428,128,300
"S01010215",449,336,113
"S01010216",326,244,82
"S01010217",377,258,119
"S01010218",498,299,199
"S01010219",264,195,69
"S01010220",197,78,119
"S01010221",135,102,33
"S01010222",263,171,92
"S01010223",334,216,118
"S01010224",429,360,69
"S01010225",376,259,117
"S01010226",427,355,72
"S01010227",442,372,70
"S01010228",376,278,98
"S01010229",425,264,161
"S01010230",562,476,86
"S01010231",396,316,80
"S01010232",363,256,107
"S01010233",500,408,92
"S01010234",589,349,240
"S01010235",40,22,18
"S01010236",308,160,148
"S01010237",287,149,138
"S01010238",378,240,138
"S01010239",427,308,119
"S01010240",381,245,136
"S01010241",613,425,188
"S01010242",447,305,142
"S01010243",584,429,155
"S01010244",396,307,89
"S01010245",411,331,80
"S01010246",391,303,88
"S01010247",316,140,176
"S01010248",469,253,216
"S01010249",418,262,156
"S01010250",385,212,173
"S01010251",143,77,66
"S01010252",293,168,125
"S01010253",377,272,105
"S01010254",440,299,141
"S01010255",321,259,62
"S01010256",516,413,103
"S01010257",164,123,41
"S01010258",248,119,129
"S01010259",458,372,86
"S01010260",416,309,107
"S01010261",515,407,108
"S01010262",597,465,132
"S01010263",366,237,129
"S01010264",405,290,115
"S01010265",164,111,53
"S01010266",225,128,97
"S01010267",154,102,52
"S01010268",408,260,148
"S01010269",290,197,93
"S01010270",626,533,93
"S01010271",340,214,126
"S01010272",270,239,31
"S01010273",103,57,46
"S01010274",92,49,43
"S01010275",58,30,28
"S01010276",84,18,66
"S01010277",239,163,76
"S01010278",344,244,100
"S01010279",211,121,90
"S01010280",404,225,179
"S01010281",354,171,183
"S01010282",557,374,183
"S01010283",251,149,102
"S01010284",561,290,271
"S01010285",301,174,127
"S01010286",261,137,124
"S01010287",405,183,222
"S01010288",276,135,141
"S01010289",119,33,86
"S01010290",221,111,110
"S01010291",451,278,173
"S01010292",397,177,220
"S01010293",316,197,119
"S01010294",293,171,122
"S01010295",406,209,197
"S01010296",280,155,125
"S01010297",629,453,176
"S01010298",480,321,159
"S01010299",277,182,95
"S01010300",425,261,164
"S01010301",276,123,153
"S01010302",382,304,78
"S01010303",239,192,47
"S01010304",329,233,96
"S01010305",475,307,168
"S01010306",407,201,206
"S01010307",426,164,262
"S01010308",442,179,263
"S01010309",306,238,68
"S01010310",314,235,79
"S01010311",299,219,80
"S01010312",319,264,55
"S01010313",363,295,68
"S01010314",457,311,146
"S01010315",181,121,60
"S01010316",286,203,83
"S01010317",405,200,205
"S01010318",222,149,73
"S01010319",209,127,82
"S01010320",362,249,113
"S01010321",376,231,145
"S01010322",495,153,342
"S01010323",328,287,41
"S01010324",405,279,126
"S01010325",578,377,201
"S01010326",417,342,75
"S01010327",223,167,56
"S01010328",312,186,126
"S01010329",253,167,86
"S01010330",238,163,75
"S01010331",346,238,108
"S01010332",283,161,122
"S01010333",446,289,157
"S01010334",348,216,132
"S01010335",338,213,125
"S01010336",400,337,63
"S01010337",350,221,129
"S01010338",427,308,119
"S01010339",297,167,130
"S01010340",272,194,78
"S01010341",261,107,154
"S01010342",248,76,172
"S01010343",382,75,307
"S01010344",432,315,117
"S01010345",185,80,105
"S01010346",405,115,290
"S01010347",377,224,153
"S01010348",484,266,218
"S01010349",444,275,169
"S01010350",434,304,130
"S01010351",241,148,93
"S01010352",287,208,79
"S01010353",544,446,98
"S01010354",297,195,102
"S01010355",360,263,97
"S01010356",290,130,160
"S01010357",328,224,104
"S01010358",479,375,104
"S01010359",468,375,93
"S01010360",361,242,119
"S01010361",403,307,96
"S01010362",578,467,111
"S01010363",376,142,234
"S01010364",341,58,283
"S01010365",415,56,359
"S01010366",451,95,356
"S01010367",499,76,423
"S01010368",351,58,293
"S01010369",440,192,248
"S01010370",322,94,228
"S01010371",444,157,287
"S01010372",246,82,164
"S01010373",428,204,224
"S01010374",488,198,290
"S01010375",198,106,92
"S01010376",315,178,137
"S01010377",319,163,156
"S01010378",363,188,175
"S01010379",422,221,201
"S01010380",431,181,250
"S01010381",210,141,69
"S01010382",455,253,202
"S01010383",394,273,121
"S01010384",369,198,171
"S01010385",467,281,186
"S01010386",410,281,129
"S01010387",498,258,240
"S01010388",476,291,185
"S01010389",51,31,20
"S01010390",624,353,271
"S01010391",444,241,203
"S01010393",485,228,257
"S01010394",508,361,147
"S01010395",606,348,258
"S01010396",586,342,244
"S01010397",284,120,164
"S01010398",526,180,346
"S01010399",530,144,386
"S01010400",462,106,356
"S01010401",317,119,198
"S01010402",500,141,359
"S01010403",455,76,379
"S01010404",433,135,298
"S01010405",436,125,311
"S01010406",399,146,253
"S01010407",378,195,183
"S01010408",280,123,157
"S01010409",225,31,194
"S01010410",175,19,156
"S01010411",430,37,393
"S01010412",384,91,293
"S01010413",290,48,242
"S01010414",394,123,271
"S01010415",552,300,252
"S01010416",259,77,182
"S01010417",287,72,215
"S01010418",548,158,390
"S01010419",509,140,369
"S01010420",242,51,191
"S01010421",347,73,274
"S01010422",458,153,305
"S01010423",400,290,110
"S01010424",362,243,119
"S01010425",536,322,214
"S01010426",381,199,182
"S01010427",462,324,138
"S01010428",326,100,226
"S01010429",326,55,271
"S01010430",439,322,117
"S01010431",255,35,220
"S01010432",368,230,138
"S01010433",333,271,62
"S01010434",313,233,80
"S01010435",303,177,126
"S01010436",498,339,159
"S01010437",265,166,99
"S01010438",249,160,89
"S01010439",371,205,166
"S01010440",383,229,154
"S01010441",291,114,177
"S01010442",363,220,143
"S01010443",238,106,132
"S01010444",298,145,153
"S01010445",226,114,112
"S01010446",341,111,230
"S01010447",529,314,215
"S01010448",349,127,222
"S01010449",372,193,179
"S01010450",412,204,208
"S01010451",484,317,167
"S01010452",386,217,169
"S01010453",312,222,90
"S01010454",388,192,196
"S01010455",605,443,162
"S01010456",328,181,147
"S01010457",330,196,134
"S01010458",408,253,155
"S01010459",255,119,136
"S01010460",117,53,64
"S01010461",441,228,213
"S01010462",380,300,80
"S01010463",372,161,211
"S01010464",248,114,134
"S01010465",381,73,308
"S01010466",367,101,266
"S01010467",439,149,290
"S01010468",343,114,229
"S01010469",390,246,144
"S01010470",387,186,201
"S01010471",287,176,111
"S01010472",127,61,66
"S01010473",434,182,252
"S01010474",426,208,218
"S01010475",123,32,91
"S01010476",316,188,128
"S01010477",340,176,164
"S01010478",626,424,202
"S01010479",526,287,239
"S01010480",284,131,153
"S01010481",245,150,95
"S01010482",358,183,175
"S01010483",541,282,259
"S01010484",251,135,116
"S01010485",370,138,232
"S01010486",369,57,312
"S01010487",447,221,226
"S01010488",338,213,125
"S01010489",424,280,144
"S01010490",313,225,88
"S01010491",376,265,111
"S01010492",237,183,54
"S01010493",188,155,33
"S01010494",330,186,144
"S01010495",362,264,98
"S01010496",448,368,80
"S01010497",198,144,54
"S01010498",337,251,86
"S01010499",434,365,69
"S01010500",285,234,51
"S01010501",346,223,123
"S01010502",332,152,180
"S01010503",328,243,85
"S01010504",257,48,209
"S01010505",234,38,196
"S01010506",317,55,262
"S01010507",298,84,214
"S01010508",431,70,361
"S01010509",574,102,472
"S01010510",197,29,168
"S01010511",385,145,240
"S01010512",225,79,146
"S01010513",267,31,236
"S01010514",282,94,188
"S01010515",349,132,217
"S01010516",238,63,175
"S01010517",274,93,181
"S01010518",245,70,175
"S01010519",322,83,239
"S01010520",352,101,251
"S01010521",244,105,139
"S01010522",264,113,151
"S01010523",265,142,123
"S01010524",231,28,203
"S01010525",226,23,203
"S01010526",349,71,278
"S01010527",450,190,260
"S01010528",244,34,210
"S01010529",215,33,182
"S01010530",254,26,228
"S01010531",419,88,331
"S01010532",308,29,279
"S01010533",242,58,184
"S01010534",277,60,217
"S01010535",241,20,221
"S01010536",395,155,240
"S01010537",282,89,193
"S01010538",29,5,24
"S01010539",421,88,333
"S01010540",280,32,248
"S01010541",311,46,265
"S01010542",331,59,272
"S01010543",262,29,233
"S01010544",320,81,239
"S01010545",293,82,211
"S01010546",303,53,250
"S01010547",279,15,264
"S01010548",206,27,179
"S01010549",110,25,85
"S01010550",174,30,144
"S01010551",290,63,227
"S01010552",295,32,263
"S01010553",254,7,247
"S01010554",339,115,224
"S01010555",401,136,265
"S01010556",382,189,193
"S01010557",177,30,147
"S01010558",243,47,196
"S01010559",333,64,269
"S01010560",269,51,218
"S01010561",212,28,184
"S01010562",370,52,318
"S01010563",211,67,144
"S01010564",263,125,138
"S01010565",208,70,138
"S01010566",308,25,283
"S01010567",322,10,312
"S01010568",305,33,272
"S01010569",294,23,271
"S01010570",407,129,278
"S01010571",389,66,323
"S01010572",359,91,268
"S01010573",220,69,151
"S01010574",213,15,198
"S01010575",261,22,239
"S01010576",325,22,303
"S01010577",354,144,210
"S01010578",204,39,165
"S01010579",326,33,293
"S01010580",298,72,226
"S01010581",180,19,161
"S01010582",168,14,154
"S01010583",378,34,344
"S01010584",40,1,39
"S01010586",200,15,185
"S01010587",233,21,212
"S01010588",133,13,120
"S01010589",282,78,204
"S01010591",47,1,46
"S01010592",281,36,245
"S01010593",235,21,214
"S01010596",212,13,199
"S01010599",38,0,38
"S01010600",255,26,229
"S01010601",301,39,262
"S01010602",252,43,209
"S01010603",365,50,315
"S01010604",234,13,221
"S01010605",381,39,342
"S01010606",355,137,218
"S01010607",331,42,289
"S01010608",296,171,125
"S01010609",239,101,138
"S01010610",301,73,228
"S01010611",493,207,286
"S01010612",307,76,231
"S01010613",285,111,174
"S01010614",263,154,109
"S01010615",320,75,245
"S01010616",360,51,309
"S01010617",360,49,311
"S01010618",310,39,271
"S01010619",296,163,133
"S01010620",249,178,71
"S01010621",432,124,308
"S01010622",241,114,127
"S01010623",211,29,182
"S01010624",241,83,158
"S01010625",336,35,301
"S01010626",350,59,291
"S01010627",385,141,244
"S01010628",482,180,302
"S01010629",423,145,278
"S01010630",171,53,118
"S01010631",256,129,127
"S01010632",409,184,225
"S01010633",419,221,198
"S01010634",262,105,157
"S01010635",346,172,174
"S01010636",313,71,242
"S01010637",340,199,141
"S01010638",451,222,229
"S01010639",450,219,231
"S01010640",351,140,211
"S01010641",456,325,131
"S01010642",443,277,166
"S01010643",246,173,73
"S01010644",305,229,76
"S01010645",154,19,135
"S01010646",263,22,241
"S01010647",305,54,251
"S01010648",300,85,215
"S01010649",229,37,192
"S01010650",198,63,135
"S01010651",293,94,199
"S01010652",278,47,231
"S01010653",375,76,299
"S01010654",349,139,210
"S01010655",332,32,300
"S01010656",157,32,125
"S01010657",211,14,197
"S01010658",267,26,241
"S01010659",263,20,243
"S01010660",261,67,194
"S01010661",290,87,203
"S01010662",202,23,179
"S01010663",224,23,201
"S01010664",320,25,295
"S01010665",340,48,292
"S01010666",302,86,216
"S01010667",180,14,166
"S01010668",407,77,330
"S01010669",246,30,216
"S01010670",303,51,252
"S01010671",213,33,180
"S01010672",322,100,222
"S01010673",289,81,208
"S01010674",359,70,289
"S01010675",241,43,198
"S01010676",346,62,284
"S01010677",144,12,132
"S01010678",312,48,264
"S01010679",259,86,173
"S01010680",287,112,175
"S01010681",291,112,179
"S01010682",330,43,287
"S01010683",366,82,284
"S01010684",340,50,290
"S01010685",272,54,218
"S01010686",227,46,181
"S01010687",367,72,295
"S01010688",316,47,269
"S01010689",374,69,305
"S01010690",293,104,189
"S01010691",226,21,205
"S01010692",253,59,194
"S01010693",216,21,195
"S01010694",252,49,203
"S01010695",224,22,202
"S01010696",356,87,269
"S01010697",369,38,331
"S01010698",264,30,234
"S01010699",208,7,201
"S01010700",234,19,215
"S01010701",383,63,320
"S01010702",276,17,259
"S01010703",546,63,483
"S01010704",162,60,102
"S01010705",320,56,264
"S01010706",83,25,58
"S01010707",303,28,275
"S01010708",250,48,202
"S01010709",268,40,228
"S01010710",305,99,206
"S01010711",214,18,196
"S01010712",236,68,168
"S01010713",314,90,224
"S01010714",379,188,191
"S01010715",327,116,211
"S01010716",372,122,250
"S01010717",269,28,241
"S01010718",281,35,246
"S01010719",240,46,194
"S01010720",312,70,242
"S01010721",272,31,241
"S01010722",390,91,299
"S01010723",228,7,221
"S01010724",304,34,270
"S01010725",254,20,234
"S01010726",378,61,317
"S01010727",179,16,163
"S01010728",158,17,141
"S01010729",251,16,235
"S01010730",310,20,290
"S01010731",377,101,276
"S01010732",336,126,210
"S01010733",230,108,122
"S01010734",314,135,179
"S01010735",214,116,98
"S01010736",112,9,103
"S01010737",370,140,230
"S01010738",215,73,142
"S01010739",308,87,221
"S01010740",245,127,118
"S01010741",151,16,135
"S01010742",275,109,166
"S01010743",333,121,212
"S01010744",465,117,348
"S01010745",288,103,185
"S01010746",420,64,356
"S01010747",325,96,229
"S01010748",222,26,196
"S01010749",233,34,199
"S01010750",261,36,225
"S01010751",294,122,172
"S01010752",336,105,231
"S01010753",377,128,249
"S01010754",289,104,185
"S01010755",293,85,208
"S01010756",282,26,256
"S01010757",341,40,301
"S01010758",247,46,201
"S01010759",304,85,219
"S01010760",203,40,163
"S01010761",218,23,195
"S01010762",246,28,218
"S01010763",310,79,231
"S01010764",259,40,219
"S01010765",366,85,281
"S01010766",342,93,249
"S01010767",280,111,169
"S01010768",273,108,165
"S01010769",197,20,177
"S01010770",385,97,288
"S01010771",443,147,296
"S01010772",347,82,265
"S01010773",270,40,230
"S01010774",297,97,200
"S01010775",211,27,184
"S01010776",270,115,155
"S01010777",294,160,134
"S01010778",255,140,115
"S01010779",338,166,172
"S01010780",240,96,144
"S01010781",319,87,232
"S01010782",300,109,191
"S01010783",273,123,150
"S01010784",351,183,168
"S01010785",298,56,242
"S01010786",194,33,161
"S01010787",339,51,288
"S01010788",256,43,213
"S01010789",275,50,225
"S01010790",261,33,228
"S01010791",331,46,285
"S01010792",290,116,174
"S01010793",206,27,179
"S01010794",197,37,160
"S01010795",272,52,220
"S01010796",405,51,354
"S01010797",218,23,195
"S01010798",263,23,240
"S01010799",472,203,269
"S01010800",357,147,210
"S01010801",318,128,190
"S01010802",259,64,195
"S01010803",249,106,143
"S01010804",271,77,194
"S01010805",341,70,271
"S01010806",414,188,226
"S01010807",234,50,184
"S01010808",230,46,184
"S01010809",256,32,224
"S01010810",251,73,178
"S01010811",318,60,258
"S01010812",243,56,187
"S01010813",239,61,178
"S01010814",282,42,240
"S01010815",219,45,174
"S01010816",238,60,178
"S01010817",424,37,387
"S01010818",426,66,360
"S01010819",409,100,309
"S01010820",400,109,291
"S01010821",226,10,216
"S01010822",159,7,152
"S01010823",52,6,46
"S01010824",105,1,104
"S01010825",149,8,141
"S01010826",241,19,222
"S01010827",207,14,193
"S01010828",394,24,370
"S01010829",233,51,182
"S01010830",231,43,188
"S01010831",119,3,116
"S01010832",466,66,400
"S01010833",185,6,179
"S01010834",331,29,302
"S01010835",261,12,249
"S01010836",375,56,319
"S01010837",228,83,145
"S01010838",324,113,211
"S01010839",334,111,223
"S01010840",323,116,207
"S01010841",356,108,248
"S01010842",581,357,224
"S01010843",402,189,213
"S01010844",284,58,226
"S01010845",251,52,199
"S01010846",295,123,172
"S01010847",252,18,234
"S01010848",325,181,144
"S01010849",359,177,182
"S01010850",344,192,152
"S01010851",296,166,130
"S01010852",336,135,201
"S01010853",368,142,226
"S01010854",268,161,107
"S01010855",226,115,111
"S01010856",430,229,201
"S01010857",320,94,226
"S01010858",340,184,156
"S01010859",319,195,124
"S01010860",248,102,146
"S01010861",285,178,107
"S01010862",283,185,98
"S01010863",361,100,261
"S01010864",253,39,214
"S01010865",317,46,271
"S01010866",302,71,231
"S01010867",274,49,225
"S01010868",297,49,248
"S01010869",276,14,262
"S01010870",272,68,204
"S01010871",357,94,263
"S01010872",341,137,204
"S01010873",371,256,115
"S01010874",302,68,234
"S01010875",239,84,155
"S01010876",365,181,184
"S01010877",383,105,278
"S01010878",533,237,296
"S01010879",357,120,237
"S01010880",263,114,149
"S01010881",260,115,145
"S01010882",195,45,150
"S01010883",335,107,228
"S01010884",373,212,161
"S01010885",405,256,149
"S01010886",300,153,147
"S01010887",312,213,99
"S01010888",418,208,210
"S01010889",263,153,110
"S01010890",501,395,106
"S01010891",278,219,59
"S01010892",410,285,125
"S01010893",314,227,87
"S01010894",215,138,77
"S01010895",259,160,99
"S01010896",414,249,165
"S01010897",182,98,84
"S01010898",248,123,125
"S01010899",154,40,114
"S01010900",294,126,168
"S01010901",243,161,82
"S01010902",439,231,208
"S01010903",339,217,122
"S01010904",279,160,119
"S01010905",62,26,36
"S01010906",323,119,204
"S01010907",33,3,30
"S01010908",241,111,130
"S01010909",163,43,120
"S01010910",232,132,100
"S01010911",355,233,122
"S01010912",418,310,108
"S01010913",280,79,201
"S01010914",308,76,232
"S01010915",204,32,172
"S01010916",345,212,133
"S01010917",334,167,167
"S01010918",318,161,157
"S01010919",320,144,176
"S01010920",237,172,65
"S01010921",257,111,146
"S01010922",341,180,161
"S01010923",387,166,221
"S01010924",263,121,142
"S01010925",378,191,187
"S01010926",328,145,183
"S01010927",249,116,133
"S01010928",325,166,159
"S01010929",330,188,142
"S01010930",569,91,478
"S01010931",258,44,214
"S01010932",224,88,136
"S01010933",151,20,131
"S01010934",387,47,340
"S01010935",262,76,186
"S01010936",254,121,133
"S01010937",327,67,260
"S01010938",374,193,181
"S01010939",200,41,159
"S01010940",216,10,206
"S01010941",269,7,262
"S01010942",268,17,251
"S01010943",230,72,158
"S01010944",300,146,154
"S01010945",224,56,168
"S01010946",362,131,231
"S01010947",234,65,169
"S01010948",244,82,162
"S01010949",333,23,310
"S01010950",381,114,267
"S01010951",263,66,197
"S01010952",204,37,167
"S01010953",209,40,169
"S01010954",204,12,192
"S01010955",198,16,182
"S01010956",333,40,293
"S01010957",234,21,213
"S01010958",221,52,169
"S01010959",311,95,216
"S01010960",435,127,308
"S01010961",241,81,160
"S01010962",389,119,270
"S01010963",318,75,243
"S01010964",221,37,184
"S01010965",232,112,120
"S01010966",180,53,127
"S01010967",310,131,179
"S01010968",307,62,245
"S01010969",222,57,165
"S01010970",405,149,256
"S01010971",291,21,270
"S01010972",237,71,166
"S01010973",208,46,162
"S01010974",306,111,195
"S01010975",193,81,112
"S01010976",170,48,122
"S01010977",315,81,234
"S01010978",333,159,174
"S01010979",325,128,197
"S01010980",353,152,201
"S01010981",340,125,215
"S01010982",358,40,318
"S01010983",424,121,303
"S01010984",256,45,211
"S01010985",243,66,177
"S01010986",80,5,75
"S01010987",227,7,220
"S01010988",203,2,201
"S01010990",295,70,225
"S01010991",250,28,222
"S01010992",93,36,57
"S01010993",307,46,261
"S01010994",406,46,360
"S01010995",291,28,263
"S01010996",239,34,205
"S01010997",291,25,266
"S01010998",206,17,189
"S01010999",333,67,266
"S01011000",568,92,476
"S01011001",227,73,154
"S01011002",320,118,202
"S01011003",296,100,196
"S01011004",259,36,223
"S01011005",345,145,200
"S01011006",272,61,211
"S01011007",289,114,175
"S01011008",343,95,248
"S01011009",228,71,157
"S01011010",289,145,144
"S01011011",456,241,215
"S01011012",326,176,150
"S01011013",381,154,227
"S01011014",288,67,221
"S01011015",191,53,138
"S01011017",610,113,497
"S01011018",398,106,292
"S01011019",296,28,268
"S01011020",164,19,145
"S01011021",290,113,177
"S01011022",112,54,58
"S01011023",263,116,147
"S01011024",230,98,132
"S01011025",290,104,186
"S01011026",251,83,168
"S01011027",430,213,217
"S01011028",320,119,201
"S01011029",279,91,188
"S01011030",372,42,330
"S01011031",259,106,153
"S01011032",297,115,182
"S01011033",283,85,198
"S01011034",294,136,158
"S01011035",258,90,168
"S01011036",166,28,138
"S01011037",356,128,228
"S01011038",301,126,175
"S01011039",297,71,226
"S01011040",286,109,177
"S01011041",247,78,169
"S01011042",285,50,235
"S01011043",320,105,215
"S01011044",306,102,204
"S01011045",299,46,253
"S01011046",251,24,227
"S01011047",342,28,314
"S01011048",361,101,260
"S01011049",301,86,215
"S01011050",267,29,238
"S01011051",464,110,354
"S01011052",306,73,233
"S01011053",195,64,131
"S01011054",227,38,189
"S01011055",217,31,186
"S01011056",263,22,241
"S01011057",223,37,186
"S01011058",214,9,205
"S01011059",218,11,207
"S01011060",395,107,288
"S01011061",387,122,265
"S01011062",388,100,288
"S01011063",412,133,279
"S01011064",411,119,292
"S01011065",230,36,194
"S01011066",233,54,179
"S01011067",268,97,171
"S01011068",222,65,157
"S01011069",216,49,167
"S01011070",177,49,128
"S01011071",337,66,271
"S01011072",269,26,243
"S01011073",328,72,256
"S01011074",279,72,207
"S01011075",326,131,195
"S01011076",307,124,183
"S01011077",336,151,185
"S01011078",295,47,248
"S01011079",506,149,357
"S01011080",429,134,295
"S01011081",350,111,239
"S01011082",270,139,131
"S01011083",292,98,194
"S01011084",264,19,245
"S01011085",309,45,264
"S01011086",275,50,225
"S01011087",252,52,200
"S01011088",405,107,298
"S01011089",279,84,195
"S01011090",273,23,250
"S01011091",218,11,207
"S01011093",223,12,211
"S01011094",153,17,136
"S01011095",244,13,231
"S01011096",38,0,38
"S01011097",334,21,313
"S01011098",251,47,204
"S01011099",360,111,249
"S01011100",161,33,128
"S01011101",232,92,140
"S01011102",426,204,222
"S01011103",224,116,108
"S01011104",299,94,205
"S01011105",385,107,278
"S01011106",250,16,234
"S01011108",213,47,166
"S01011109",356,60,296
"S01011110",310,90,220
"S01011111",399,170,229
"S01011113",551,147,404
"S01011114",298,23,275
"S01011115",409,165,244
"S01011116",207,39,168
"S01011117",388,105,283
"S01011118",358,64,294
"S01011119",375,71,304
"S01011120",315,20,295
"S01011121",332,190,142
"S01011122",294,92,202
"S01011123",461,147,314
"S01011124",171,57,114
"S01011125",161,47,114
"S01011126",242,64,178
"S01011127",147,1,146
"S01011128",338,86,252
"S01011129",235,11,224
"S01011130",331,111,220
"S01011131",268,66,202
"S01011132",330,67,263
"S01011133",190,54,136
"S01011134",364,105,259
"S01011135",267,77,190
"S01011136",243,67,176
"S01011137",127,19,108
"S01011138",206,71,135
"S01011139",250,20,230
"S01011140",218,79,139
"S01011141",223,66,157
"S01011142",342,29,313
"S01011143",358,41,317
"S01011144",273,66,207
"S01011145",271,28,243
"S01011146",171,32,139
"S01011147",407,103,304
"S01011148",332,32,300
"S01011149",166,14,152
"S01011150",236,7,229
"S01011151",259,37,222
"S01011152",295,60,235
"S01011153",437,134,303
"S01011154",272,149,123
"S01011155",350,165,185
"S01011156",249,18,231
"S01011157",290,23,267
"S01011158",217,25,192
"S01011159",282,127,155
"S01011160",340,75,265
"S01011161",254,62,192
"S01011162",160,32,128
"S01011163",280,100,180
"S01011164",244,31,213
"S01011165",336,132,204
"S01011166",231,22,209
"S01011167",253,12,241
"S01011168",340,20,320
"S01011169",39,4,35
"S01011170",337,37,300
"S01011171",407,62,345
"S01011172",353,65,288
"S01011173",257,30,227
"S01011174",314,57,257
"S01011175",245,90,155
"S01011176",228,41,187
"S01011177",414,103,311
"S01011178",219,23,196
"S01011179",182,63,119
"S01011180",264,148,116
"S01011181",228,38,190
"S01011182",196,25,171
"S01011183",207,54,153
"S01011184",372,39,333
"S01011185",295,64,231
"S01011186",401,162,239
"S01011187",290,34,256
"S01011188",436,173,263
"S01011189",255,66,189
"S01011190",205,104,101
"S01011191",285,118,167
"S01011192",371,87,284
"S01011193",294,117,177
"S01011194",300,126,174
"S01011195",265,91,174
"S01011196",409,193,216
"S01011197",365,129,236
"S01011198",272,113,159
"S01011199",328,118,210
"S01011200",360,79,281
"S01011201",248,69,179
"S01011202",387,136,251
"S01011203",361,100,261
"S01011204",237,22,215
"S01011206",233,21,212
"S01011207",296,80,216
"S01011208",344,39,305
"S01011209",284,106,178
"S01011210",168,28,140
"S01011211",249,25,224
"S01011212",212,86,126
"S01011213",349,122,227
"S01011214",410,168,242
"S01011215",219,136,83
"S01011216",248,140,108
"S01011217",389,223,166
"S01011218",298,189,109
"S01011219",302,134,168
"S01011220",435,189,246
"S01011221",455,188,267
"S01011222",310,132,178
"S01011223",365,145,220
"S01011224",341,160,181
"S01011225",336,191,145
"S01011226",378,96,282
"S01011227",385,174,211
"S01011228",347,177,170
"S01011229",309,166,143
"S01011230",486,309,177
"S01011231",281,170,111
"S01011232",392,200,192
"S01011233",147,56,91
"S01011234",435,239,196
"S01011235",224,112,112
"S01011236",230,108,122
"S01011237",387,180,207
"S01011238",272,164,108
"S01011239",424,258,166
"S01011240",449,289,160
"S01011241",420,180,240
"S01011242",375,148,227
"S01011243",430,310,120
"S01011244",420,259,161
"S01011245",430,204,226
"S01011246",285,91,194
"S01011247",334,50,284
"S01011248",299,60,239
"S01011249",298,37,261
"S01011250",395,213,182
"S01011251",381,184,197
"S01011252",348,165,183
"S01011253",388,242,146
"S01011254",360,23,337
"S01011255",55,0,55
"S01011256",59,1,58
"S01011257",193,16,177
"S01011258",227,46,181
"S01011259",330,145,185
"S01011260",342,85,257
"S01011261",318,183,135
"S01011262",207,63,144
"S01011263",276,124,152
"S01011264",256,118,138
"S01011265",377,189,188
"S01011266",369,131,238
"S01011267",178,44,134
"S01011268",84,24,60
"S01011269",306,156,150
"S01011270",316,180,136
"S01011271",349,124,225
"S01011272",373,208,165
"S01011273",340,136,204
"S01011274",335,160,175
"S01011275",265,109,156
"S01011276",382,143,239
"S01011277",239,29,210
"S01011278",231,10,221
"S01011279",301,57,244
"S01011280",226,13,213
"S01011281",225,15,210
"S01011282",293,44,249
"S01011283",193,12,181
"S01011285",302,149,153
"S01011286",276,126,150
"S01011287",335,143,192
"S01011288",327,136,191
"S01011289",352,152,200
"S01011290",490,233,257
"S01011291",367,203,164
"S01011292",387,187,200
"S01011293",328,183,145
"S01011294",464,296,168
"S01011295",395,106,289
"S01011296",276,112,164
"S01011297",313,147,166
"S01011298",225,96,129
"S01011299",186,5,181
"S01011300",420,190,230
"S01011301",233,31,202
"S01011302",523,279,244
"S01011303",317,49,268
"S01011304",254,88,166
"S01011305",255,125,130
"S01011306",273,91,182
"S01011307",372,75,297
"S01011308",217,16,201
"S01011309",320,35,285
"S01011310",345,97,248
"S01011311",304,23,281
"S01011312",422,32,390
"S01011313",356,113,243
"S01011314",376,91,285
"S01011315",129,63,66
"S01011316",311,125,186
"S01011317",384,77,307
"S01011318",461,142,319
"S01011319",409,107,302
"S01011320",298,115,183
"S01011321",234,67,167
"S01011322",259,63,196
"S01011323",353,138,215
"S01011324",233,91,142
"S01011325",430,224,206
"S01011326",488,289,199
"S01011327",416,212,204
"S01011328",305,105,200
"S01011329",384,116,268
"S01011330",328,60,268
"S01011331",285,42,243
"S01011332",247,32,215
"S01011333",333,57,276
"S01011334",377,45,332
"S01011335",312,43,269
"S01011336",249,81,168
"S01011337",271,25,246
"S01011338",210,73,137
"S01011339",165,54,111
"S01011340",283,132,151
"S01011341",278,95,183
"S01011342",286,80,206
"S01011343",463,221,242
"S01011344",328,169,159
"S01011345",350,178,172
"S01011346",321,127,194
"S01011347",506,201,305
"S01011348",429,166,263
"S01011349",320,33,287
"S01011350",275,32,243
"S01011351",341,179,162
"S01011352",300,112,188
"S01011353",281,93,188
"S01011354",299,51,248
"S01011355",429,130,299
"S01011356",357,33,324
"S01011357",292,54,238
"S01011358",185,5,180
"S01011359",365,122,243
"S01011360",284,160,124
"S01011361",226,164,62
"S01011362",429,181,248
"S01011363",353,125,228
"S01011364",213,51,162
"S01011365",146,12,134
"S01011366",236,97,139
"S01011367",356,136,220
"S01011368",37,20,17
"S01011369",354,141,213
"S01011370",94,44,50
"S01011371",471,242,229
"S01011372",418,262,156
"S01011373",331,189,142
"S01011374",272,36,236
"S01011375",280,90,190
"S01011376",309,172,137
"S01011377",239,42,197
"S01011378",374,120,254
"S01011379",257,17,240
"S01011380",355,138,217
"S01011381",265,72,193
"S01011382",105,59,46
"S01011383",379,262,117
"S01011384",305,208,97
"S01011385",449,263,186
"S01011386",210,100,110
"S01011387",339,201,138
"S01011388",99,30,69
"S01011389",383,173,210
"S01011390",254,103,151
"S01011391",171,70,101
"S01011392",288,127,161
"S01011393",280,102,178
"S01011394",117,36,81
"S01011395",362,160,202
"S01011396",354,159,195
"S01011397",326,140,186
"S01011398",324,159,165
"S01011399",224,113,111
"S01011400",145,66,79
"S01011401",290,75,215
"S01011402",497,159,338
"S01011403",210,58,152
"S01011404",461,201,260
"S01011405",285,78,207
"S01011406",233,84,149
"S01011407",494,116,378
"S01011408",370,162,208
"S01011409",297,141,156
"S01011410",284,102,182
"S01011411",202,72,130
"S01011412",322,27,295
"S01011413",158,10,148
"S01011414",369,129,240
"S01011415",377,119,258
"S01011416",237,7,230
"S01011417",292,108,184
"S01011418",273,123,150
"S01011419",254,102,152
"S01011420",268,142,126
"S01011421",164,12,152
"S01011422",178,74,104
"S01011423",190,94,96
"S01011424",231,69,162
"S01011425",297,84,213
"S01011426",298,38,260
"S01011427",235,119,116
"S01011428",132,47,85
"S01011429",456,102,354
"S01011430",322,52,270
"S01011431",469,187,282
"S01011432",418,132,286
"S01011433",367,174,193
"S01011434",226,75,151
"S01011435",311,58,253
"S01011436",337,181,156
"S01011437",354,154,200
"S01011438",245,140,105
"S01011439",558,181,377
"S01011440",230,69,161
"S01011441",334,131,203
"S01011442",278,101,177
"S01011443",215,73,142
"S01011444",252,85,167
"S01011445",216,89,127
"S01011446",710,149,561
"S01011447",337,140,197
"S01011448",305,70,235
"S01011449",182,93,89
"S01011450",99,27,72
"S01011451",575,135,440
"S01011452",390,80,310
"S01011453",297,89,208
"S01011454",355,153,202
"S01011455",329,132,197
"S01011456",360,140,220
"S01011457",362,159,203
"S01011458",350,45,305
"S01011459",181,80,101
"S01011460",339,141,198
"S01011461",276,119,157
"S01011462",356,99,257
"S01011463",252,51,201
"S01011464",46,18,28
"S01011465",216,121,95
"S01011466",298,185,113
"S01011467",156,77,79
"S01011468",48,0,48
"S01011469",300,135,165
"S01011470",458,165,293
"S01011471",467,180,287
"S01011472",500,300,200
"S01011473",436,267,169
"S01011474",376,224,152
"S01011475",366,247,119
"S01011476",200,15,185
"S01011477",330,9,321
"S01011478",451,69,382
"S01011479",310,38,272
"S01011480",378,63,315
"S01011481",178,79,99
"S01011482",375,184,191
"S01011483",221,23,198
"S01011484",375,193,182
"S01011485",372,196,176
"S01011486",230,111,119
"S01011487",179,80,99
"S01011488",283,146,137
"S01011489",102,39,63
"S01011490",633,248,385
"S01011491",258,153,105
"S01011492",439,237,202
"S01011493",171,3,168
"S01011494",243,121,122
"S01011495",328,156,172
"S01011496",277,184,93
"S01011497",241,29,212
"S01011498",227,17,210
"S01011499",269,73,196
"S01011500",221,73,148
"S01011501",327,177,150
"S01011502",245,87,158
"S01011503",313,120,193
"S01011504",369,142,227
"S01011505",243,96,147
"S01011506",287,93,194
"S01011507",284,121,163
"S01011508",419,148,271
"S01011509",245,60,185
"S01011510",344,175,169
"S01011511",260,134,126
"S01011512",536,306,230
"S01011513",341,187,154
"S01011514",365,146,219
"S01011515",282,55,227
"S01011516",364,21,343
"S01011517",230,87,143
"S01011518",257,133,124
"S01011519",314,152,162
"S01011520",248,156,92
"S01011521",303,160,143
"S01011522",450,236,214
"S01011523",377,172,205
"S01011524",371,85,286
"S01011525",249,59,190
"S01011526",416,138,278
"S01011527",243,36,207
"S01011528",501,255,246
"S01011529",258,165,93
"S01011530",375,171,204
"S01011531",339,115,224
"S01011532",125,4,121
"S01011533",361,197,164
"S01011534",313,119,194
"S01011535",471,263,208
"S01011536",260,19,241
"S01011537",246,28,218
"S01011538",211,10,201
"S01011539",303,155,148
"S01011540",309,138,171
"S01011541",347,198,149
"S01011542",512,194,318
"S01011543",326,189,137
"S01011544",295,147,148
"S01011545",251,120,131
"S01011546",233,4,229
"S01011547",215,10,205
"S01011548",332,129,203
"S01011549",320,53,267
"S01011550",271,8,263
"S01011551",235,63,172
"S01011552",489,153,336
"S01011554",372,142,230
"S01011555",128,62,66
"S01011556",195,96,99
"S01011557",226,99,127
"S01011558",167,74,93
"S01011559",256,121,135
"S01011560",301,150,151
"S01011561",168,83,85
"S01011562",188,105,83
"S01011563",259,135,124
"S01011564",248,105,143
"S01011565",278,118,160
"S01011566",242,134,108
"S01011567",441,230,211
"S01011568",315,120,195
"S01011569",433,178,255
"S01011570",287,128,159
"S01011571",338,198,140
"S01011572",312,139,173
"S01011573",340,146,194
"S01011574",271,112,159
"S01011575",112,61,51
"S01011576",359,235,124
"S01011577",275,100,175
"S01011578",342,164,178
"S01011579",199,12,187
"S01011580",201,137,64
"S01011581",360,224,136
"S01011582",426,78,348
"S01011583",312,129,183
"S01011584",314,168,146
"S01011585",315,150,165
"S01011586",238,108,130
"S01011587",168,76,92
"S01011588",304,132,172
"S01011589",380,104,276
"S01011590",280,107,173
"S01011591",261,135,126
"S01011592",328,184,144
"S01011593",269,105,164
"S01011594",218,87,131
"S01011595",260,60,200
"S01011596",449,126,323
"S01011597",270,66,204
"S01011598",488,358,130
"S01011599",334,162,172
"S01011600",464,201,263
"S01011601",267,23,244
"S01011602",196,83,113
"S01011603",455,268,187
"S01011604",289,140,149
"S01011605",381,163,218
"S01011606",88,4,84
"S01011607",219,13,206
"S01011608",237,19,218
"S01011609",446,270,176
"S01011610",294,134,160
"S01011611",233,42,191
"S01011613",441,34,407
"S01011614",100,32,68
"S01011615",294,124,170
"S01011616",209,102,107
"S01011617",338,128,210
"S01011618",277,101,176
"S01011619",305,31,274
"S01011620",164,5,159
"S01011621",283,54,229
"S01011622",59,4,55
"S01011623",283,93,190
"S01011624",262,68,194
"S01011625",177,47,130
"S01011626",151,10,141
"S01011627",235,14,221
"S01011628",486,42,444
"S01011629",236,83,153
"S01011630",275,112,163
"S01011631",248,125,123
"S01011632",317,134,183
"S01011633",275,126,149
"S01011634",240,69,171
"S01011635",79,33,46
"S01011636",285,139,146
"S01011637",296,144,152
"S01011638",239,92,147
"S01011639",219,109,110
"S01011640",261,108,153
"S01011641",193,21,172
"S01011642",314,78,236
"S01011643",179,54,125
"S01011644",268,130,138
"S01011645",299,99,200
"S01011646",262,17,245
"S01011647",325,12,313
"S01011648",202,88,114
"S01011649",128,66,62
"S01011650",328,88,240
"S01011651",354,122,232
"S01011652",378,94,284
"S01011653",388,157,231
"S01011654",506,245,261
"S01011655",420,240,180
"S01011656",139,96,43
"S01011657",267,163,104
"S01011658",302,124,178
"S01011659",324,134,190
"S01011660",301,49,252
"S01011661",252,79,173
"S01011662",104,5,99
"S01011663",226,95,131
"S01011664",391,186,205
"S01011665",382,203,179
"S01011666",442,242,200
"S01011667",279,149,130
"S01011668",408,230,178
"S01011669",301,103,198
"S01011670",232,101,131
"S01011671",292,82,210
"S01011672",266,106,160
"S01011673",272,118,154
"S01011674",237,90,147
"S01011675",280,125,155
"S01011676",308,135,173
"S01011678",221,95,126
"S01011679",73,9,64
"S01011680",439,195,244
"S01011681",306,106,200
"S01011682",327,77,250
"S01011683",338,83,255
"S01011684",192,60,132
"S01011685",215,71,144
"S01011686",286,28,258
"S01011687",439,144,295
"S01011688",494,134,360
"S01011689",156,15,141
"S01011690",180,68,112
"S01011691",71,24,47
"S01011692",442,205,237
"S01011693",236,65,171
"S01011695",905,247,658
"S01011697",174,70,104
"S01011698",313,105,208
"S01011699",351,56,295
"S01011700",361,117,244
"S01011701",253,34,219
"S01011702",338,77,261
"S01011703",392,66,326
"S01011704",212,41,171
"S01011705",275,113,162
"S01011706",418,152,266
"S01011707",251,25,226
"S01011708",342,123,219
"S01011709",406,98,308
"S01011710",246,115,131
"S01011711",331,194,137
"S01011712",249,99,150
"S01011713",316,73,243
"S01011714",137,10,127
"S01011715",299,154,145
"S01011716",345,24,321
"S01011717",303,24,279
"S01011718",55,8,47
"S01011719",219,13,206
"S01011720",207,14,193
"S01011721",274,84,190
"S01011722",244,94,150
"S01011723",343,106,237
"S01011724",255,32,223
"S01011725",218,5,213
"S01011726",168,5,163
"S01011728",388,119,269
"S01011729",311,139,172
"S01011730",421,79,342
"S01011731",347,107,240
"S01011732",294,12,282
"S01011733",344,100,244
"S01011734",326,97,229
"S01011735",285,21,264
"S01011736",316,98,218
"S01011737",251,100,151
"S01011738",494,203,291
"S01011739",220,86,134
"S01011740",341,172,169
"S01011741",288,127,161
"S01011742",330,134,196
"S01011743",340,96,244
"S01011744",416,220,196
"S01011745",396,215,181
"S01011746",212,89,123
"S01011747",386,212,174
"S01011748",346,175,171
"S01011749",334,167,167
"S01011750",382,159,223
"S01011751",531,324,207
"S01011752",437,191,246
"S01011753",390,92,298
"S01011754",306,100,206
"S01011755",441,144,297
"S01011756",388,126,262
"S01011757",304,118,186
"S01011758",254,75,179
"S01011759",291,89,202
"S01011760",413,156,257
"S01011761",202,70,132
"S01011762",317,136,181
"S01011763",292,77,215
"S01011764",92,16,76
"S01011765",377,19,358
"S01011766",259,42,217
"S01011767",444,184,260
"S01011768",288,125,163
"S01011769",328,146,182
"S01011770",414,152,262
"S01011771",227,7,220
"S01011772",308,6,302
"S01011773",187,3,184
"S01011774",311,64,247
"S01011775",254,8,246
"S01011776",72,1,71
"S01011777",252,20,232
"S01011778",269,44,225
"S01011779",301,26,275
"S01011780",240,12,228
"S01011781",210,11,199
"S01011782",263,9,254
"S01011783",207,11,196
"S01011784",360,128,232
"S01011785",381,144,237
"S01011787",430,249,181
"S01011788",109,1,108
"S01011789",547,89,458
"S01011790",387,145,242
"S01011791",298,118,180
"S01011792",488,240,248
"S01011793",269,91,178
"S01011794",364,164,200
"S01011795",232,89,143
"S01011796",296,156,140
"S01011797",236,10,226
"S01011798",176,65,111
"S01011799",361,64,297
"S01011800",280,99,181
"S01011801",196,69,127
"S01011802",356,167,189
"S01011803",456,196,260
"S01011804",212,92,120
"S01011805",205,65,140
"S01011806",370,91,279
"S01011807",395,46,349
"S01011808",251,45,206
"S01011809",241,20,221
"S01011810",344,50,294
"S01011811",279,30,249
"S01011812",228,24,204
"S01011813",256,25,231
"S01011814",245,21,224
"S01011815",189,9,180
"S01011816",217,15,202
"S01011817",390,59,331
"S01011818",333,53,280
"S01011819",423,159,264
"S01011820",209,70,139
"S01011821",119,45,74
"S01011822",343,176,167
"S01011823",279,83,196
"S01011824",313,123,190
"S01011825",253,90,163
"S01011826",300,94,206
"S01011827",200,37,163
"S01011828",363,81,282
"S01011829",146,18,128
"S01011830",192,35,157
"S01011831",235,49,186
"S01011832",350,66,284
"S01011833",309,11,298
"S01011834",125,5,120
"S01011835",230,15,215
"S01011836",246,6,240
"S01011837",292,12,280
"S01011838",283,22,261
"S01011839",494,29,465
"S01011840",300,37,263
"S01011841",336,87,249
"S01011842",458,134,324
"S01011843",382,24,358
"S01011844",242,17,225
"S01011845",345,65,280
"S01011846",363,49,314
"S01011847",172,8,164
"S01011848",270,23,247
"S01011849",295,41,254
"S01011850",291,18,273
"S01011851",344,59,285
"S01011852",429,127,302
"S01011853",272,38,234
"S01011854",329,50,279
"S01011855",356,110,246
"S01011856",253,15,238
"S01011857",351,87,264
"S01011858",372,47,325
"S01011859",407,101,306
"S01011860",285,17,268
"S01011861",281,35,246
"S01011862",306,41,265
"S01011863",295,66,229
"S01011864",306,35,271
"S01011865",281,74,207
"S01011866",284,71,213
"S01011867",258,112,146
"S01011868",345,110,235
"S01011869",286,95,191
"S01011870",265,68,197
"S01011871",353,20,333
"S01011872",379,35,344
"S01011873",287,22,265
"S01011874",184,26,158
"S01011875",303,64,239
"S01011876",348,26,322
"S01011877",254,42,212
"S01011878",389,46,343
"S01011879",152,8,144
"S01011880",265,26,239
"S01011881",255,52,203
"S01011882",434,119,315
"S01011883",429,35,394
"S01011884",172,15,157
"S01011885",143,25,118
"S01011886",280,56,224
"S01011887",232,56,176
"S01011888",293,111,182
"S01011889",382,126,256
"S01011890",282,73,209
"S01011891",381,174,207
"S01011892",480,105,375
"S01011893",387,156,231
"S01011894",330,87,243
"S01011895",214,35,179
"S01011896",427,130,297
"S01011897",424,82,342
"S01011898",192,18,174
"S01011899",351,33,318
"S01011900",267,8,259
"S01011901",307,44,263
"S01011902",415,55,360
"S01011903",347,33,314
"S01011904",338,23,315
"S01011905",222,17,205
"S01011906",197,9,188
"S01011907",332,24,308
"S01011908",150,8,142
"S01011909",272,16,256
"S01011910",455,223,232
"S01011911",286,103,183
"S01011912",330,156,174
"S01011913",357,200,157
"S01011914",365,189,176
"S01011915",324,133,191
"S01011916",230,90,140
"S01011917",231,88,143
"S01011918",294,177,117
"S01011919",284,119,165
"S01011920",265,120,145
"S01011921",289,132,157
"S01011922",328,143,185
"S01011923",441,154,287
"S01011924",205,93,112
"S01011925",24,10,14
"S01011926",288,118,170
"S01011927",281,127,154
"S01011928",347,127,220
"S01011929",285,116,169
"S01011930",333,145,188
"S01011931",285,181,104
"S01011932",113,73,40
"S01011933",224,88,136
"S01011934",414,131,283
"S01011935",505,257,248
"S01011936",311,133,178
"S01011937",233,159,74
"S01011938",382,144,238
"S01011939",366,190,176
"S01011940",333,216,117
"S01011941",271,137,134
"S01011942",408,247,161
"S01011943",564,356,208
"S01011944",172,15,157
"S01011945",265,11,254
"S01011946",373,143,230
"S01011947",217,56,161
"S01011948",458,151,307
"S01011949",340,33,307
"S01011950",398,103,295
"S01011951",298,59,239
"S01011953",331,40,291
"S01011954",176,56,120
"S01011955",462,138,324
"S01011956",276,35,241
"S01011957",265,37,228
"S01011958",406,45,361
"S01011959",432,25,407
"S01011960",224,15,209
"S01011961",242,35,207
"S01011962",161,7,154
"S01011963",169,52,117
"S01011964",404,66,338
"S01011965",418,78,340
"S01011966",310,36,274
"S01011967",370,19,351
"S01011968",330,87,243
"S01011969",341,77,264
"S01011970",412,154,258
"S01011971",219,30,189
"S01011972",490,49,441
"S01011973",236,27,209
"S01011974",299,39,260
"S01011975",182,29,153
"S01011976",309,68,241
"S01011977",457,98,359
"S01011978",310,101,209
"S01011979",284,35,249
"S01011980",179,14,165
"S01011981",384,51,333
"S01011982",388,48,340
"S01011983",353,56,297
"S01011984",281,125,156
"S01011985",319,55,264
"S01011986",291,135,156
"S01011987",285,72,213
"S01011988",261,35,226
"S01011989",335,66,269
"S01011990",327,39,288
"S01011991",304,74,230
"S01011992",325,62,263
"S01011993",485,215,270
"S01011994",282,19,263
"S01011995",302,32,270
"S01011996",196,45,151
"S01011997",370,88,282
"S01011998",118,1,117
"S01011999",284,33,251
"S01012000",186,21,165
"S01012001",221,57,164
"S01012002",243,51,192
"S01012003",208,26,182
"S01012004",314,68,246
"S01012005",183,17,166
"S01012006",360,29,331
"S01012007",359,86,273
"S01012008",400,64,336
"S01012009",343,35,308
"S01012010",455,99,356
"S01012011",457,127,330
"S01012012",322,76,246
"S01012013",305,41,264
"S01012014",373,119,254
"S01012015",375,91,284
"S01012016",320,56,264
"S01012017",217,15,202
"S01012018",365,23,342
"S01012019",270,64,206
"S01012020",348,139,209
"S01012021",209,32,177
"S01012022",264,60,204
"S01012023",180,6,174
"S01012024",318,32,286
"S01012025",287,47,240
"S01012026",37,6,31
"S01012027",382,42,340
"S01012028",340,17,323
"S01012029",357,60,297
"S01012030",451,32,419
"S01012031",97,3,94
"S01012032",154,10,144
"S01012033",356,104,252
"S01012034",349,117,232
"S01012035",408,91,317
"S01012036",377,46,331
"S01012037",428,207,221
"S01012038",326,216,110
"S01012039",362,148,214
"S01012040",191,42,149
"S01012041",378,120,258
"S01012042",390,160,230
"S01012043",352,178,174
"S01012044",460,251,209
"S01012045",437,216,221
"S01012046",367,208,159
"S01012047",500,327,173
"S01012048",308,167,141
"S01012049",305,95,210
"S01012050",225,27,198
"S01012051",382,157,225
"S01012052",411,195,216
"S01012053",428,219,209
"S01012054",409,239,170
"S01012055",457,253,204
"S01012056",343,98,245
"S01012057",317,18,299
"S01012058",268,45,223
"S01012059",396,177,219
"S01012060",332,157,175
"S01012061",386,76,310
"S01012062",264,29,235
"S01012063",235,24,211
"S01012064",212,114,98
"S01012065",274,206,68
"S01012066",376,180,196
"S01012067",217,133,84
"S01012068",237,172,65
"S01012069",284,190,94
"S01012070",355,283,72
"S01012071",502,351,151
"S01012072",526,352,174
"S01012073",275,118,157
"S01012074",348,54,294
"S01012075",261,19,242
"S01012076",371,152,219
"S01012077",256,121,135
"S01012078",327,92,235
"S01012079",391,194,197
"S01012080",342,174,168
"S01012081",343,203,140
"S01012082",242,130,112
"S01012083",453,283,170
"S01012084",235,44,191
"S01012085",291,78,213
"S01012086",497,234,263
"S01012087",360,151,209
"S01012088",266,47,219
"S01012089",353,20,333
"S01012090",349,13,336
"S01012091",240,32,208
"S01012092",214,25,189
"S01012093",289,51,238
"S01012094",290,20,270
"S01012095",293,55,238
"S01012096",391,186,205
"S01012097",235,112,123
"S01012098",255,115,140
"S01012099",406,201,205
"S01012100",553,269,284
"S01012101",251,35,216
"S01012102",332,210,122
"S01012103",416,106,310
"S01012104",334,42,292
"S01012105",315,77,238
"S01012106",407,62,345
"S01012107",258,31,227
"S01012108",620,412,208
"S01012109",408,243,165
"S01012110",394,208,186
"S01012111",309,185,124
"S01012112",490,228,262
"S01012113",471,191,280
"S01012114",293,47,246
"S01012115",242,103,139
"S01012116",233,96,137
"S01012117",122,21,101
"S01012118",226,18,208
"S01012119",347,16,331
"S01012120",292,140,152
"S01012121",367,206,161
"S01012122",326,138,188
"S01012123",214,88,126
"S01012124",252,57,195
"S01012125",484,313,171
"S01012126",214,82,132
"S01012127",458,273,185
"S01012128",107,78,29
"S01012129",365,174,191
"S01012130",589,372,217
"S01012131",530,332,198
"S01012132",367,189,178
"S01012133",391,189,202
"S01012134",488,170,318
"S01012135",645,421,224
"S01012136",377,244,133
"S01012137",410,251,159
"S01012138",425,161,264
"S01012139",378,182,196
"S01012140",334,45,289
"S01012141",404,57,347
"S01012142",382,58,324
"S01012143",347,50,297
"S01012144",397,81,316
"S01012145",348,36,312
"S01012146",410,252,158
"S01012147",389,235,154
"S01012148",369,216,153
"S01012149",302,83,219
"S01012150",383,221,162
"S01012151",274,166,108
"S01012152",343,207,136
"S01012153",296,170,126
"S01012154",322,195,127
"S01012155",302,162,140
"S01012156",413,285,128
"S01012157",396,183,213
"S01012158",244,40,204
"S01012159",227,27,200
"S01012160",289,41,248
"S01012161",193,114,79
"S01012162",353,244,109
"S01012163",242,83,159
"S01012164",123,5,118
"S01012165",443,293,150
"S01012166",280,140,140
"S01012167",393,187,206
"S01012168",449,125,324
"S01012169",356,153,203
"S01012170",516,250,266
"S01012171",402,174,228
"S01012172",364,178,186
"S01012173",287,34,253
"S01012174",358,48,310
"S01012175",391,52,339
"S01012176",356,37,319
"S01012177",236,25,211
"S01012178",201,19,182
"S01012179",287,116,171
"S01012180",271,116,155
"S01012181",324,116,208
"S01012182",400,158,242
"S01012183",110,47,63
"S01012185",410,221,189
"S01012186",333,154,179
"S01012187",356,191,165
"S01012188",277,46,231
"S01012189",227,65,162
"S01012190",60,6,54
"S01012191",310,26,284
"S01012192",137,2,135
"S01012193",176,4,172
"S01012194",177,5,172
"S01012195",379,49,330
"S01012196",203,24,179
"S01012197",303,114,189
"S01012198",331,70,261
"S01012199",240,65,175
"S01012200",278,100,178
"S01012201",312,89,223
"S01012202",235,45,190
"S01012203",275,10,265
"S01012204",262,3,259
"S01012205",273,10,263
"S01012206",313,50,263
"S01012207",384,151,233
"S01012208",441,173,268
"S01012209",313,107,206
"S01012210",367,158,209
"S01012211",338,107,231
"S01012212",302,9,293
"S01012213",338,19,319
"S01012214",278,19,259
"S01012215",326,28,298
"S01012216",274,20,254
"S01012217",193,107,86
"S01012218",216,131,85
"S01012219",387,206,181
"S01012220",359,224,135
"S01012221",351,197,154
"S01012222",401,181,220
"S01012223",287,137,150
"S01012224",366,149,217
"S01012225",422,206,216
"S01012226",313,84,229
"S01012227",224,61,163
"S01012228",240,54,186
"S01012229",306,14,292
"S01012230",386,20,366
"S01012231",282,6,276
"S01012232",315,16,299
"S01012233",321,7,314
"S01012234",373,32,341
"S01012235",192,13,179
"S01012236",288,80,208
"S01012237",349,15,334
"S01012238",307,130,177
"S01012239",275,110,165
"S01012240",328,94,234
"S01012241",231,9,222
"S01012242",293,10,283
"S01012243",182,10,172
"S01012244",387,17,370
"S01012245",227,44,183
"S01012246",289,26,263
"S01012247",275,19,256
"S01012248",284,19,265
"S01012249",356,28,328
"S01012250",381,38,343
"S01012251",550,202,348
"S01012252",255,94,161
"S01012253",476,197,279
"S01012254",341,87,254
"S01012255",330,125,205
"S01012256",258,21,237
"S01012257",406,93,313
"S01012258",242,4,238
"S01012259",270,23,247
"S01012260",317,98,219
"S01012261",59,0,59
"S01012262",447,56,391
"S01012263",244,66,178
"S01012264",162,43,119
"S01012265",348,109,239
"S01012266",414,154,260
"S01012267",275,40,235
"S01012268",408,35,373
"S01012269",359,91,268
"S01012270",343,92,251
"S01012271",507,58,449
"S01012272",135,19,116
"S01012273",268,14,254
"S01012274",344,60,284
"S01012275",371,151,220
"S01012276",394,109,285
"S01012277",385,104,281
"S01012278",375,160,215
"S01012279",326,111,215
"S01012280",397,140,257
"S01012281",374,114,260
"S01012282",468,106,362
"S01012283",299,93,206
"S01012284",425,187,238
"S01012285",289,57,232
"S01012286",454,177,277
"S01012287",350,190,160
"S01012288",406,175,231
"S01012289",320,42,278
"S01012290",167,64,103
"S01012291",255,38,217
"S01012292",372,53,319
"S01012293",203,27,176
"S01012294",357,63,294
"S01012295",109,9,100
"S01012296",148,24,124
"S01012297",223,9,214
"S01012298",342,64,278
"S01012299",229,18,211
"S01012300",121,26,95
"S01012301",356,29,327
"S01012302",333,37,296
"S01012303",418,39,379
"S01012304",417,43,374
"S01012305",298,65,233
"S01012306",311,119,192
"S01012307",221,78,143
"S01012308",245,38,207
"S01012309",183,32,151
"S01012310",479,84,395
"S01012311",224,42,182
"S01012312",433,49,384
"S01012313",312,41,271
"S01012314",338,128,210
"S01012315",293,92,201
"S01012316",323,115,208
"S01012317",65,6,59
"S01012318",331,85,246
"S01012319",302,26,276
"S01012320",263,64,199
"S01012321",239,64,175
"S01012322",306,26,280
"S01012323",343,38,305
"S01012324",360,23,337
"S01012325",161,40,121
"S01012326",236,55,181
"S01012327",450,106,344
"S01012328",227,47,180
"S01012329",443,36,407
"S01012330",221,24,197
"S01012331",177,16,161
"S01012332",401,22,379
"S01012333",367,17,350
"S01012334",392,97,295
"S01012335",368,48,320
"S01012336",276,51,225
"S01012337",431,179,252
"S01012338",294,116,178
"S01012339",320,78,242
"S01012340",255,53,202
"S01012341",577,71,506
"S01012342",352,29,323
"S01012343",352,24,328
"S01012344",262,75,187
"S01012345",285,60,225
"S01012346",311,16,295
"S01012347",291,69,222
"S01012348",218,34,184
"S01012349",352,108,244
"S01012350",315,75,240
"S01012351",323,101,222
"S01012352",333,91,242
"S01012353",266,130,136
"S01012354",283,68,215
"S01012355",420,40,380
"S01012356",273,41,232
"S01012357",325,16,309
"S01012358",375,28,347
"S01012359",378,167,211
"S01012360",353,171,182
"S01012361",273,106,167
"S01012362",249,123,126
"S01012363",510,236,274
"S01012364",348,128,220
"S01012365",436,94,342
"S01012366",441,194,247
"S01012367",382,85,297
"S01012368",266,43,223
"S01012369",369,83,286
"S01012370",485,260,225
"S01012371",453,170,283
"S01012372",392,178,214
"S01012373",424,101,323
"S01012374",405,113,292
"S01012375",413,170,243
"S01012376",356,24,332
"S01012377",296,28,268
"S01012378",318,52,266
"S01012379",234,9,225
"S01012380",391,118,273
"S01012381",340,149,191
"S01012382",420,66,354
"S01012383",426,112,314
"S01012384",226,62,164
"S01012385",267,40,227
"S01012386",385,169,216
"S01012387",384,65,319
"S01012388",299,45,254
"S01012389",269,51,218
"S01012390",268,57,211
"S01012391",208,10,198
"S01012392",142,25,117
"S01012393",369,66,303
"S01012394",231,111,120
"S01012395",268,98,170
"S01012396",313,123,190
"S01012397",395,108,287
"S01012398",429,193,236
"S01012399",296,125,171
"S01012400",253,105,148
"S01012401",324,108,216
"S01012402",279,27,252
"S01012403",278,38,240
"S01012404",396,98,298
"S01012405",235,24,211
"S01012406",97,8,89
"S01012407",290,51,239
"S01012408",236,35,201
"S01012409",263,53,210
"S01012410",310,59,251
"S01012411",314,71,243
"S01012412",230,47,183
"S01012413",417,84,333
"S01012414",363,89,274
"S01012415",204,34,170
"S01012416",204,32,172
"S01012417",283,64,219
"S01012418",394,43,351
"S01012419",321,47,274
"S01012420",392,127,265
"S01012421",248,57,191
"S01012422",393,71,322
"S01012423",470,105,365
"S01012424",371,157,214
"S01012425",313,183,130
"S01012426",251,124,127
"S01012427",306,134,172
"S01012428",295,100,195
"S01012429",239,82,157
"S01012430",278,107,171
"S01012431",320,116,204
"S01012432",358,129,229
"S01012433",264,104,160
"S01012434",323,137,186
"S01012435",242,117,125
"S01012436",149,65,84
"S01012437",284,104,180
"S01012438",339,91,248
"S01012439",342,112,230
"S01012440",166,20,146
"S01012441",362,33,329
"S01012442",293,38,255
"S01012443",270,47,223
"S01012444",295,23,272
"S01012445",38,2,36
"S01012446",260,79,181
"S01012447",274,15,259
"S01012448",287,24,263
"S01012449",164,44,120
"S01012450",392,64,328
"S01012451",400,46,354
"S01012452",254,32,222
"S01012453",266,16,250
"S01012454",304,35,269
"S01012455",253,21,232
"S01012456",311,13,298
"S01012457",388,17,371
"S01012458",326,26,300
"S01012459",271,26,245
"S01012460",248,25,223
"S01012461",255,79,176
"S01012462",389,169,220
"S01012463",269,105,164
"S01012464",255,106,149
"S01012465",285,89,196
"S01012466",348,103,245
"S01012467",308,101,207
"S01012468",375,101,274
"S01012469",335,57,278
"S01012470",434,159,275
"S01012471",311,13,298
"S01012472",321,26,295
"S01012473",219,7,212
"S01012474",373,145,228
"S01012475",328,51,277
"S01012476",463,177,286
"S01012477",280,20,260
"S01012478",291,103,188
"S01012479",264,15,249
"S01012480",37,6,31
"S01012481",418,178,240
"S01012482",309,114,195
"S01012483",484,298,186
"S01012484",354,75,279
"S01012485",343,57,286
"S01012486",265,53,212
"S01012487",302,120,182
"S01012488",490,198,292
"S01012489",503,307,196
"S01012490",518,322,196
"S01012491",238,151,87
"S01012492",479,308,171
"S01012493",395,227,168
"S01012494",417,126,291
"S01012495",461,206,255
"S01012496",309,117,192
"S01012497",237,117,120
"S01012498",323,175,148
"S01012499",210,84,126
"S01012500",278,132,146
"S01012501",264,167,97
"S01012502",320,190,130
"S01012503",334,178,156
"S01012504",190,92,98
"S01012505",462,220,242
"S01012506",220,68,152
"S01012507",424,164,260
"S01012508",366,138,228
"S01012509",295,72,223
"S01012510",360,57,303
"S01012511",243,73,170
"S01012512",283,96,187
"S01012513",350,21,329
"S01012514",209,10,199
"S01012515",315,177,138
"S01012516",290,83,207
"S01012517",378,126,252
"S01012518",242,65,177
"S01012519",288,98,190
"S01012520",337,40,297
"S01012521",281,86,195
"S01012522",395,60,335
"S01012523",377,76,301
"S01012524",472,128,344
"S01012525",345,77,268
"S01012526",345,66,279
"S01012527",291,65,226
"S01012528",340,123,217
"S01012529",346,98,248
"S01012530",404,67,337
"S01012531",272,53,219
"S01012532",372,81,291
"S01012533",186,52,134
"S01012534",294,120,174
"S01012535",232,85,147
"S01012536",325,103,222
"S01012537",340,118,222
"S01012538",413,131,282
"S01012539",365,95,270
"S01012540",303,123,180
"S01012541",295,51,244
"S01012542",324,55,269
"S01012543",271,26,245
"S01012544",199,49,150
"S01012545",190,90,100
"S01012546",307,64,243
"S01012547",315,55,260
"S01012548",417,55,362
"S01012549",190,77,113
"S01012550",378,117,261
"S01012551",318,14,304
"S01012552",369,38,331
"S01012553",275,20,255
"S01012554",191,10,181
"S01012555",268,17,251
"S01012556",163,5,158
"S01012557",328,44,284
"S01012558",201,86,115
"S01012559",334,179,155
"S01012560",342,106,236
"S01012561",293,101,192
"S01012562",423,162,261
"S01012563",266,15,251
"S01012564",338,45,293
"S01012565",299,98,201
"S01012566",534,224,310
"S01012567",424,171,253
"S01012568",269,38,231
"S01012569",286,22,264
"S01012570",267,56,211
"S01012571",280,54,226
"S01012572",204,19,185
"S01012573",361,33,328
"S01012574",389,50,339
"S01012575",218,22,196
"S01012576",248,56,192
"S01012577",323,55,268
"S01012578",510,159,351
"S01012579",252,40,212
"S01012580",294,19,275
"S01012581",350,148,202
"S01012582",225,27,198
"S01012583",326,110,216
"S01012584",274,39,235
"S01012585",393,129,264
"S01012586",265,13,252
"S01012587",247,16,231
"S01012588",221,13,208
"S01012589",285,64,221
"S01012590",320,124,196
"S01012591",379,164,215
"S01012592",139,19,120
"S01012593",290,11,279
"S01012594",275,49,226
"S01012595",229,49,180
"S01012596",290,113,177
"S01012597",62,20,42
"S01012598",262,38,224
"S01012599",304,62,242
"S01012600",263,19,244
"S01012601",310,23,287
"S01012602",321,154,167
"S01012603",336,126,210
"S01012604",267,64,203
"S01012605",241,57,184
"S01012606",99,0,99
"S01012607",297,61,236
"S01012608",363,107,256
"S01012609",371,139,232
"S01012610",375,147,228
"S01012611",382,65,317
"S01012612",355,60,295
"S01012613",244,55,189
"S01012614",331,63,268
"S01012615",282,43,239
"S01012616",287,53,234
"S01012617",132,8,124
"S01012618",198,33,165
"S01012619",282,129,153
"S01012620",308,36,272
"S01012621",285,68,217
"S01012622",342,87,255
"S01012623",222,94,128
"S01012624",320,118,202
"S01012625",251,77,174
"S01012626",221,31,190
"S01012627",235,66,169
"S01012628",114,18,96
"S01012629",172,51,121
"S01012630",448,196,252
"S01012631",417,165,252
"S01012632",209,11,198
"S01012633",294,41,253
"S01012634",258,93,165
"S01012635",342,67,275
"S01012636",229,25,204
"S01012637",349,143,206
"S01012638",394,124,270
"S01012639",359,137,222
"S01012640",377,150,227
"S01012641",322,80,242
"S01012642",377,195,182
"S01012643",151,53,98
"S01012644",198,76,122
"S01012645",273,92,181
"S01012646",277,49,228
"S01012648",231,95,136
"S01012649",253,54,199
"S01012650",233,35,198
"S01012651",315,164,151
"S01012652",390,27,363
"S01012653",328,112,216
"S01012654",292,34,258
"S01012655",389,127,262
"S01012656",384,170,214
"S01012657",262,117,145
"S01012658",408,66,342
"S01012659",282,2,280
"S01012660",273,88,185
"S01012661",353,99,254
"S01012662",382,137,245
"S01012663",294,50,244
"S01012664",393,131,262
"S01012665",355,174,181
"S01012666",342,152,190
"S01012667",267,115,152
"S01012668",345,129,216
"S01012669",294,18,276
"S01012670",274,36,238
"S01012671",364,129,235
"S01012672",227,117,110
"S01012673",270,126,144
"S01012674",249,125,124
"S01012675",372,186,186
"S01012676",300,71,229
"S01012677",198,71,127
"S01012678",261,7,254
"S01012679",354,155,199
"S01012680",97,18,79
"S01012681",239,41,198
"S01012682",293,65,228
"S01012683",314,98,216
"S01012684",250,37,213
"S01012685",289,95,194
"S01012686",383,66,317
"S01012687",233,12,221
"S01012688",419,132,287
"S01012689",200,25,175
"S01012690",201,20,181
"S01012691",269,24,245
"S01012692",292,92,200
"S01012693",315,9,306
"S01012694",196,44,152
"S01012695",316,42,274
"S01012696",234,8,226
"S01012697",191,12,179
"S01012698",356,38,318
"S01012699",432,77,355
"S01012700",306,32,274
"S01012701",276,17,259
"S01012702",128,34,94
"S01012703",205,18,187
"S01012704",291,137,154
"S01012705",238,9,229
"S01012706",293,140,153
"S01012707",319,7,312
"S01012708",405,191,214
"S01012709",274,111,163
"S01012710",333,140,193
"S01012711",361,196,165
"S01012712",361,28,333
"S01012713",306,58,248
"S01012714",265,26,239
"S01012715",400,193,207
"S01012716",353,46,307
"S01012717",455,202,253
"S01012718",366,122,244
"S01012719",341,138,203
"S01012720",251,70,181
"S01012721",289,76,213
"S01012722",426,258,168
"S01012723",365,209,156
"S01012724",397,148,249
"S01012725",421,146,275
"S01012726",266,77,189
"S01012727",270,130,140
"S01012728",348,209,139
"S01012729",323,56,267
"S01012730",329,135,194
"S01012731",255,94,161
"S01012732",320,102,218
"S01012735",260,95,165
"S01012736",382,96,286
"S01012737",283,42,241
"S01012738",231,72,159
"S01012741",275,24,251
"S01012742",273,13,260
"S01012743",237,17,220
"S01012744",278,16,262
"S01012745",259,19,240
"S01012746",271,42,229
"S01012747",348,99,249
"S01012748",367,207,160
"S01012749",379,209,170
"S01012750",277,125,152
"S01012751",404,183,221
"S01012752",287,116,171
"S01012753",182,108,74
"S01012754",252,95,157
"S01012755",250,152,98
"S01012756",257,118,139
"S01012757",239,118,121
"S01012758",302,124,178
"S01012759",331,168,163
"S01012760",374,199,175
"S01012761",363,169,194
"S01012762",297,85,212
"S01012763",261,127,134
"S01012764",276,119,157
"S01012765",294,100,194
"S01012766",172,95,77
"S01012767",284,19,265
"S01012768",237,8,229
"S01012769",55,7,48
"S01012770",372,159,213
"S01012771",393,190,203
"S01012772",292,146,146
"S01012773",435,153,282
"S01012774",377,139,238
"S01012775",228,82,146
"S01012776",366,171,195
"S01012777",175,39,136
"S01012778",114,55,59
"S01012779",202,88,114
"S01012780",289,141,148
"S01012781",264,52,212
"S01012782",319,176,143
"S01012783",367,194,173
"S01012784",312,200,112
"S01012785",347,216,131
"S01012786",269,187,82
"S01012787",197,119,78
"S01012788",284,140,144
"S01012789",255,88,167
"S01012790",175,72,103
"S01012791",403,55,348
"S01012792",494,216,278
"S01012793",348,187,161
"S01012794",156,52,104
"S01012795",480,260,220
"S01012796",93,43,50
"S01012797",243,139,104
"S01012798",383,71,312
"S01012799",397,68,329
"S01012800",280,23,257
"S01012801",33,0,33
"S01012802",172,1,171
"S01012803",264,13,251
"S01012804",354,149,205
"S01012805",384,147,237
"S01012806",303,81,222
"S01012807",193,5,188
"S01012808",459,145,314
"S01012809",311,83,228
"S01012810",402,213,189
"S01012811",343,101,242
"S01012812",275,65,210
"S01012813",322,29,293
"S01012814",305,19,286
"S01012815",106,1,105
"S01012816",132,15,117
"S01012817",70,2,68
"S01012818",192,21,171
"S01012819",355,180,175
"S01012820",288,28,260
"S01012822",183,113,70
"S01012823",190,36,154
"S01012824",193,70,123
"S01012825",214,111,103
"S01012826",70,47,23
"S01012827",54,39,15
"S01012828",224,30,194
"S01012829",339,163,176
"S01012830",246,94,152
"S01012831",325,163,162
"S01012832",212,121,91
"S01012833",355,206,149
"S01012834",224,107,117
"S01012835",442,188,254
"S01012837",382,262,120
"S01012838",472,326,146
"S01012839",302,40,262
"S01012840",89,3,86
"S01012841",255,36,219
"S01012842",202,22,180
"S01012843",354,35,319
"S01012844",257,7,250
"S01012845",271,42,229
"S01012846",491,312,179
"S01012847",253,71,182
"S01012848",171,36,135
"S01012849",227,113,114
"S01012850",386,174,212
"S01012851",385,146,239
"S01012852",329,55,274
"S01012853",293,53,240
"S01012854",323,81,242
"S01012855",253,68,185
"S01012856",367,211,156
"S01012857",465,295,170
"S01012858",368,240,128
"S01012859",374,160,214
"S01012860",318,75,243
"S01012861",305,108,197
"S01012862",288,193,95
"S01012863",415,283,132
"S01012864",459,297,162
"S01012865",389,184,205
"S01012866",381,171,210
"S01012867",399,265,134
"S01012868",337,200,137
"S01012869",246,173,73
"S01012870",451,162,289
"S01012871",398,108,290
"S01012872",416,129,287
"S01012873",313,110,203
"S01012874",374,210,164
"S01012875",239,128,111
"S01012876",381,229,152
"S01012877",332,160,172
"S01012878",369,32,337
"S01012879",284,51,233
"S01012880",333,61,272
"S01012881",326,91,235
"S01012882",269,122,147
"S01012883",380,260,120
"S01012884",284,145,139
"S01012885",280,164,116
"S01012886",341,58,283
"S01012887",357,65,292
"S01012888",329,40,289
"S01012889",223,81,142
"S01012890",276,139,137
"S01012891",225,114,111
"S01012892",568,339,229
"S01012893",321,194,127
"S01012894",82,5,77
"S01012895",102,5,97
"S01012896",478,200,278
"S01012897",190,14,176
"S01012899",375,167,208
"S01012900",342,90,252
"S01012901",346,99,247
"S01012902",358,116,242
"S01012903",414,129,285
"S01012904",376,122,254
"S01012905",203,74,129
"S01012906",553,146,407
"S01012907",376,159,217
"S01012908",353,167,186
"S01012909",335,131,204
"S01012910",447,218,229
"S01012911",344,99,245
"S01012912",392,156,236
"S01012913",379,156,223
"S01012914",314,123,191
"S01012915",290,117,173
"S01012916",331,109,222
"S01012917",269,34,235
"S01012918",322,118,204
"S01012919",229,87,142
"S01012920",221,20,201
"S01012921",277,105,172
"S01012922",342,100,242
"S01012923",305,78,227
"S01012924",246,62,184
"S01012925",198,17,181
"S01012926",335,71,264
"S01012927",342,97,245
"S01012928",305,67,238
"S01012929",339,93,246
"S01012930",492,241,251
"S01012931",407,158,249
"S01012932",271,48,223
"S01012933",339,115,224
"S01012934",364,145,219
"S01012935",368,133,235
"S01012936",311,108,203
"S01012937",313,88,225
"S01012938",251,52,199
"S01012939",218,4,214
"S01012940",269,4,265
"S01012941",201,2,199
"S01012942",361,160,201
"S01012943",293,32,261
"S01012944",209,8,201
"S01012945",242,7,235
"S01012946",264,8,256
"S01012947",152,2,150
"S01012948",229,21,208
"S01012949",321,20,301
"S01012950",183,3,180
"S01012952",240,10,230
"S01012953",249,18,231
"S01012954",177,11,166
"S01012955",89,12,77
"S01012956",428,149,279
"S01012957",303,99,204
"S01012958",158,22,136
"S01012959",226,16,210
"S01012960",228,47,181
"S01012961",203,15,188
"S01012962",239,11,228
"S01012963",168,2,166
"S01012964",52,0,52
"S01012965",170,3,167
"S01012966",265,50,215
"S01012967",203,51,152
"S01012968",271,75,196
"S01012969",313,116,197
"S01012970",228,68,160
"S01012971",292,99,193
"S01012972",264,96,168
"S01012973",324,117,207
"S01012974",408,176,232
"S01012975",265,117,148
"S01012976",169,53,116
"S01012977",286,103,183
"S01012978",401,146,255
"S01012979",189,47,142
"S01012980",313,97,216
"S01012981",351,155,196
"S01012982",378,122,256
"S01012983",320,56,264
"S01012984",278,100,178
"S01012985",332,90,242
"S01012986",373,170,203
"S01012987",407,174,233
"S01012988",418,199,219
"S01012989",413,116,297
"S01012990",298,151,147
"S01012991",353,147,206
"S01012992",377,179,198
"S01012993",384,180,204
"S01012994",485,237,248
"S01012995",329,65,264
"S01012996",246,59,187
"S01012997",210,76,134
"S01012998",321,109,212
"S01012999",222,96,126
"S01013000",344,150,194
"S01013001",132,10,122
"S01013002",215,13,202
"S01013003",219,4,215
"S01013004",287,29,258
"S01013005",316,26,290
"S01013006",272,6,266
"S01013007",407,25,382
"S01013008",206,43,163
"S01013009",248,54,194
"S01013010",206,16,190
"S01013011",97,8,89
"S01013012",234,67,167
"S01013013",361,53,308
"S01013014",311,27,284
"S01013015",295,19,276
"S01013016",211,6,205
"S01013017",336,65,271
"S01013018",366,36,330
"S01013019",306,29,277
"S01013020",227,82,145
"S01013021",194,55,139
"S01013022",41,11,30
"S01013023",310,17,293
"S01013024",272,31,241
"S01013025",120,4,116
"S01013026",195,61,134
"S01013027",427,174,253
"S01013028",261,37,224
"S01013029",302,126,176
"S01013030",187,66,121
"S01013031",297,119,178
"S01013032",150,18,132
"S01013033",223,46,177
"S01013034",254,91,163
"S01013035",361,152,209
"S01013036",279,113,166
"S01013037",272,24,248
"S01013038",434,154,280
"S01013039",180,5,175
"S01013040",322,95,227
"S01013041",267,75,192
"S01013042",230,55,175
"S01013043",291,116,175
"S01013044",324,109,215
"S01013045",211,65,146
"S01013046",221,60,161
"S01013047",363,13,350
"S01013048",407,42,365
"S01013049",362,37,325
"S01013050",356,109,247
"S01013051",435,170,265
"S01013052",292,99,193
"S01013053",334,169,165
"S01013054",378,81,297
"S01013055",320,134,186
"S01013056",432,179,253
"S01013057",460,259,201
"S01013058",97,2,95
"S01013059",342,77,265
"S01013060",183,33,150
"S01013061",376,18,358
"S01013062",355,66,289
"S01013063",334,62,272
"S01013064",360,123,237
"S01013065",406,130,276
"S01013066",246,57,189
"S01013067",341,167,174
"S01013068",356,203,153
"S01013069",300,124,176
"S01013070",262,129,133
"S01013071",420,183,237
"S01013072",213,107,106
"S01013073",266,167,99
"S01013074",229,140,89
"S01013075",547,352,195
"S01013076",157,35,122
"S01013077",334,174,160
"S01013078",180,83,97
"S01013079",60,9,51
"S01013080",252,91,161
"S01013081",223,22,201
"S01013082",401,61,340
"S01013083",290,50,240
"S01013084",306,31,275
"S01013085",302,128,174
"S01013086",405,115,290
"S01013087",339,34,305
"S01013088",374,22,352
"S01013089",348,95,253
"S01013090",300,69,231
"S01013091",131,53,78
"S01013092",287,88,199
"S01013093",285,53,232
"S01013094",234,2,232
"S01013095",233,21,212
"S01013096",150,53,97
"S01013097",289,12,277
"S01013099",433,100,333
"S01013100",248,14,234
"S01013101",497,180,317
"S01013102",285,49,236
"S01013103",266,4,262
"S01013104",393,34,359
"S01013105",367,46,321
"S01013106",345,68,277
"S01013107",265,13,252
"S01013108",254,46,208
"S01013109",347,31,316
"S01013110",291,34,257
"S01013111",200,21,179
"S01013112",167,26,141
"S01013113",365,104,261
"S01013114",284,26,258
"S01013115",229,77,152
"S01013116",396,35,361
"S01013117",139,25,114
"S01013118",390,41,349
"S01013119",326,35,291
"S01013120",406,71,335
"S01013121",167,37,130
"S01013122",378,264,114
"S01013123",411,222,189
"S01013124",352,151,201
"S01013125",376,157,219
"S01013126",325,207,118
"S01013127",294,180,114
"S01013128",364,192,172
"S01013129",401,230,171
"S01013130",354,222,132
"S01013131",355,181,174
"S01013132",283,177,106
"S01013133",327,213,114
"S01013134",357,160,197
"S01013135",435,301,134
"S01013136",403,196,207
"S01013137",311,153,158
"S01013138",357,235,122
"S01013139",401,212,189
"S01013140",371,199,172
"S01013141",369,219,150
"S01013142",465,320,145
"S01013143",402,193,209
"S01013144",425,185,240
"S01013145",384,180,204
"S01013146",160,81,79
"S01013147",317,124,193
"S01013148",340,109,231
"S01013149",367,147,220
"S01013150",358,141,217
"S01013151",257,61,196
"S01013152",245,91,154
"S01013153",374,219,155
"S01013154",409,180,229
"S01013155",396,227,169
"S01013156",375,241,134
"S01013157",383,232,151
"S01013158",302,38,264
"S01013159",350,40,310
"S01013160",160,8,152
"S01013161",417,169,248
"S01013162",428,229,199
"S01013163",244,29,215
"S01013164",457,201,256
"S01013165",335,139,196
"S01013166",284,214,70
"S01013167",439,296,143
"S01013168",504,251,253
"S01013169",399,232,167
"S01013170",278,142,136
"S01013171",282,84,198
"S01013172",323,101,222
"S01013173",361,82,279
"S01013174",281,13,268
"S01013175",336,64,272
"S01013176",405,158,247
"S01013177",297,77,220
"S01013178",230,75,155
"S01013179",449,101,348
"S01013180",177,16,161
"S01013181",313,88,225
"S01013182",354,176,178
"S01013183",307,61,246
"S01013184",250,157,93
"S01013185",363,176,187
"S01013186",335,193,142
"S01013187",311,178,133
"S01013188",363,89,274
"S01013189",178,44,134
"S01013190",343,151,192
"S01013191",288,34,254
"S01013192",416,138,278
"S01013193",282,100,182
"S01013194",320,127,193
"S01013195",474,249,225
"S01013196",332,107,225
"S01013197",263,81,182
"S01013198",415,181,234
"S01013199",441,185,256
"S01013200",324,134,190
"S01013201",299,191,108
"S01013202",241,96,145
"S01013203",331,162,169
"S01013204",350,70,280
"S01013205",168,95,73
"S01013206",315,173,142
"S01013207",408,162,246
"S01013208",304,136,168
"S01013209",390,187,203
"S01013210",251,45,206
"S01013211",399,121,278
"S01013212",118,2,116
"S01013213",198,5,193
"S01013214",157,5,152
"S01013215",447,93,354
"S01013216",234,105,129
"S01013217",260,99,161
"S01013218",240,100,140
"S01013219",270,127,143
"S01013220",313,133,180
"S01013221",349,120,229
"S01013222",234,137,97
"S01013223",485,306,179
"S01013224",355,123,232
"S01013225",255,120,135
"S01013226",78,25,53
"S01013227",314,155,159
"S01013228",385,141,244
"S01013229",383,184,199
"S01013230",331,138,193
"S01013231",330,119,211
"S01013232",370,147,223
"S01013233",219,40,179
"S01013235",372,129,243
"S01013236",354,63,291
"S01013237",343,102,241
"S01013238",429,239,190
"S01013239",432,242,190
"S01013240",219,138,81
"S01013241",342,18,324
"S01013242",246,22,224
"S01013243",311,126,185
"S01013244",330,129,201
"S01013245",352,96,256
"S01013246",127,30,97
"S01013247",337,162,175
"S01013248",292,135,157
"S01013249",199,45,154
"S01013250",313,45,268
"S01013251",236,133,103
"S01013252",288,105,183
"S01013253",287,75,212
"S01013254",281,117,164
"S01013255",253,81,172
"S01013256",248,86,162
"S01013257",315,131,184
"S01013258",299,39,260
"S01013259",363,99,264
"S01013260",461,162,299
"S01013261",305,109,196
"S01013262",262,72,190
"S01013263",110,7,103
"S01013264",95,1,94
"S01013265",120,4,116
"S01013266",106,2,104
"S01013267",230,64,166
"S01013268",321,77,244
"S01013269",369,31,338
"S01013270",232,7,225
"S01013271",185,7,178
"S01013272",215,5,210
"S01013273",233,3,230
"S01013274",345,26,319
"S01013275",262,14,248
"S01013276",220,8,212
"S01013277",370,107,263
"S01013278",264,96,168
"S01013279",298,123,175
"S01013280",234,36,198
"S01013281",389,129,260
"S01013282",345,154,191
"S01013283",223,95,128
"S01013284",304,32,272
"S01013285",269,37,232
"S01013286",287,23,264
"S01013287",281,10,271
"S01013288",316,83,233
"S01013289",264,11,253
"S01013290",349,71,278
"S01013291",221,30,191
"S01013292",274,24,250
"S01013293",267,13,254
"S01013294",286,49,237
"S01013295",337,52,285
"S01013296",308,106,202
"S01013297",246,76,170
"S01013298",391,85,306
"S01013299",385,141,244
"S01013300",248,87,161
"S01013301",217,61,156
"S01013302",281,38,243
"S01013303",416,93,323
"S01013304",367,191,176
"S01013305",409,160,249
"S01013306",406,251,155
"S01013307",425,187,238
"S01013308",152,68,84
"S01013309",219,23,196
"S01013310",223,78,145
"S01013311",256,84,172
"S01013312",549,222,327
"S01013313",275,90,185
"S01013314",364,114,250
"S01013316",272,34,238
"S01013317",227,13,214
"S01013318",227,9,218
"S01013319",166,14,152
"S01013320",308,7,301
"S01013321",226,62,164
"S01013322",268,51,217
"S01013323",350,92,258
"S01013324",270,114,156
"S01013325",247,91,156
"S01013326",217,91,126
"S01013327",267,95,172
"S01013328",239,108,131
"S01013329",233,62,171
"S01013330",290,46,244
"S01013331",236,21,215
"S01013332",287,85,202
"S01013333",229,31,198
"S01013334",293,84,209
"S01013335",367,122,245
"S01013336",361,157,204
"S01013337",330,71,259
"S01013338",77,15,62
"S01013339",235,19,216
"S01013340",317,23,294
"S01013341",244,4,240
"S01013342",305,141,164
"S01013343",241,67,174
"S01013344",254,104,150
"S01013345",303,82,221
"S01013346",242,6,236
"S01013347",299,48,251
"S01013348",260,15,245
"S01013349",99,48,51
"S01013350",151,45,106
"S01013351",318,76,242
"S01013352",355,75,280
"S01013353",277,93,184
"S01013354",252,63,189
"S01013355",259,56,203
"S01013356",236,80,156
"S01013357",177,21,156
"S01013358",288,93,195
"S01013359",305,129,176
"S01013360",305,105,200
"S01013361",249,122,127
"S01013362",222,92,130
"S01013363",333,164,169
"S01013364",253,67,186
"S01013365",482,61,421
"S01013366",283,28,255
"S01013367",220,35,185
"S01013368",194,43,151
"S01013369",403,171,232
"S01013370",283,134,149
"S01013371",333,129,204
"S01013372",411,196,215
"S01013373",430,161,269
"S01013374",447,243,204
"S01013375",307,101,206
"S01013376",223,85,138
"S01013377",385,158,227
"S01013378",348,114,234
"S01013379",345,71,274
"S01013380",223,29,194
"S01013381",258,83,175
"S01013382",84,23,61
"S01013383",348,151,197
"S01013384",285,101,184
"S01013385",210,33,177
"S01013386",228,4,224
"S01013387",268,92,176
"S01013388",321,119,202
"S01013389",350,94,256
"S01013390",154,49,105
"S01013391",387,99,288
"S01013392",40,23,17
"S01013393",223,88,135
"S01013394",286,105,181
"S01013395",301,179,122
"S01013396",65,43,22
"S01013397",281,78,203
"S01013398",54,2,52
"S01013399",158,61,97
"S01013400",258,89,169
"S01013401",105,19,86
"S01013404",48,28,20
"S01013405",315,94,221
"S01013406",275,111,164
"S01013407",255,95,160
"S01013408",353,150,203
"S01013409",342,92,250
"S01013410",59,32,27
"S01013411",231,44,187
"S01013412",343,96,247
"S01013413",268,90,178
"S01013414",380,162,218
"S01013415",366,208,158
"S01013416",274,127,147
"S01013417",390,179,211
"S01013418",176,51,125
"S01013419",185,8,177
"S01013420",211,68,143
"S01013421",181,20,161
"S01013422",310,101,209
"S01013423",325,64,261
"S01013424",201,11,190
"S01013425",149,36,113
"S01013426",341,114,227
"S01013427",130,24,106
"S01013428",219,70,149
"S01013429",109,34,75
"S01013430",173,46,127
"S01013431",469,191,278
"S01013432",256,39,217
"S01013433",263,44,219
"S01013434",183,11,172
"S01013435",227,5,222
"S01013436",320,114,206
"S01013437",247,72,175
"S01013438",288,95,193
"S01013439",352,18,334
"S01013440",371,7,364
"S01013441",273,32,241
"S01013442",333,41,292
"S01013443",219,34,185
"S01013444",497,223,274
"S01013445",248,48,200
"S01013446",304,71,233
"S01013447",167,1,166
"S01013448",316,54,262
"S01013449",273,23,250
"S01013450",250,11,239
"S01013451",301,11,290
"S01013452",291,29,262
"S01013453",326,132,194
"S01013454",287,34,253
"S01013455",231,44,187
"S01013456",379,152,227
"S01013457",364,129,235
"S01013458",339,77,262
"S01013459",365,147,218
"S01013460",372,138,234
"S01013461",360,116,244
"S01013462",349,48,301
"S01013463",81,26,55
"S01013464",318,44,274
"S01013465",331,71,260
"S01013466",183,5,178
"S01013467",181,37,144
"S01013468",214,83,131
"S01013469",364,56,308
"S01013470",357,165,192
"S01013471",341,116,225
"S01013472",111,7,104
"S01013473",57,1,56
"S01013474",125,10,115
"S01013475",265,29,236
"S01013476",274,76,198
"S01013477",285,122,163
"S01013478",312,90,222
"S01013479",397,193,204
"S01013480",302,113,189
"S01013481",145,35,110
