dz_2011,total,active,inactive
S01006506,692,525,167
S01006507,782,571,211
S01006508,721,592,129
S01006509,506,383,123
S01006510,527,353,174
S01006511,764,512,252
S01006512,257,195,62
S01006513,804,564,240
S01006514,860,578,282
S01006515,809,574,235
S01006516,698,497,201
S01006517,727,525,202
S01006518,704,479,225
S01006519,625,437,188
S01006520,605,431,174
S01006521,552,392,160
S01006522,402,301,101
S01006523,1024,734,290
S01006524,912,598,314
S01006525,936,595,341
S01006526,1057,765,292
S01006527,1011,681,330
S01006528,878,586,292
S01006529,855,629,226
S01006530,865,582,283
S01006531,994,654,340
S01006532,735,541,194
S01006533,650,504,146
S01006534,663,502,161
S01006535,929,769,160
S01006536,1190,1008,182
S01006537,604,417,187
S01006538,481,348,133
S01006539,683,492,191
S01006540,943,707,236
S01006541,622,447,175
S01006542,707,478,229
S01006543,731,514,217
S01006544,1098,855,243
S01006545,884,669,215
S01006546,838,592,246
S01006547,1033,710,323
S01006548,503,346,157
S01006549,674,454,220
S01006550,820,545,275
S01006551,722,503,219
S01006552,1017,780,237
S01006553,660,438,222
S01006554,697,535,162
S01006555,767,582,185
S01006556,682,497,185
S01006557,599,439,160
S01006558,675,539,136
S01006559,544,393,151
S01006560,706,533,173
S01006561,621,457,164
S01006562,722,504,218
S01006563,760,557,203
S01006564,1004,759,245
S01006565,1114,790,324
S01006566,735,563,172
S01006567,1023,757,266
S01006568,1058,898,160
S01006569,625,495,130
S01006570,703,542,161
S01006571,998,788,210
S01006572,973,680,293
S01006573,534,403,131
S01006574,741,532,209
S01006575,883,690,193
S01006576,717,600,117
S01006577,752,600,152
S01006578,1542,1299,243
S01006579,1258,1056,202
S01006580,724,597,127
S01006581,1018,774,244
S01006582,631,509,122
S01006583,1024,847,177
S01006584,827,675,152
S01006585,758,565,193
S01006586,866,650,216
S01006587,610,494,116
S01006588,874,699,175
S01006589,1227,961,266
S01006590,596,480,116
S01006591,786,673,113
S01006592,582,513,69
S01006593,822,685,137
S01006594,660,525,135
S01006595,905,773,132
S01006596,738,616,122
S01006597,736,634,102
S01006598,1046,824,222
S01006599,920,690,230
S01006600,1063,843,220
S01006601,847,681,166
S01006602,755,565,190
S01006603,993,657,336
S01006604,721,513,208
S01006605,654,473,181
S01006606,946,652,294
S01006607,953,728,225
S01006608,1153,899,254
S01006609,986,705,281
S01006610,502,352,150
S01006611,799,574,225
S01006612,767,594,173
S01006613,339,283,56
S01006614,662,586,76
S01006615,298,239,59
S01006616,636,566,70
S01006617,769,599,170
S01006618,443,342,101
S01006619,762,590,172
S01006620,835,689,146
S01006621,592,443,149
S01006622,543,471,72
S01006623,1053,789,264
S01006624,857,580,277
S01006625,676,512,164
S01006626,674,516,158
S01006627,753,615,138
S01006628,1236,1041,195
S01006629,684,482,202
S01006630,597,400,197
S01006631,851,636,215
S01006632,789,577,212
S01006633,683,460,223
S01006634,609,417,192
S01006635,736,521,215
S01006636,774,546,228
S01006637,619,457,162
S01006638,979,711,268
S01006639,864,622,242
S01006640,758,559,199
S01006641,1209,931,278
S01006642,1306,771,535
S01006643,1193,902,291
S01006644,959,696,263
S01006645,1346,832,514
S01006646,1248,796,452
S01006647,845,518,327
S01006648,1895,1226,669
S01006649,1104,852,252
S01006650,1294,942,352
S01006651,697,480,217
S01006652,772,573,199
S01006653,721,530,191
S01006654,728,508,220
S01006655,620,396,224
S01006656,955,737,218
S01006657,531,385,146
S01006658,1078,782,296
S01006659,800,518,282
S01006660,665,468,197
S01006661,673,434,239
S01006662,797,446,351
S01006663,1202,641,561
S01006664,458,310,148
S01006665,856,540,316
S01006666,1420,1001,419
S01006667,1031,677,354
S01006668,831,547,284
S01006669,1203,590,613
S01006670,839,543,296
S01006671,2438,1045,1393
S01006672,648,417,231
S01006673,815,552,263
S01006674,756,525,231
S01006675,582,413,169
S01006676,672,453,219
S01006677,597,416,181
S01006678,986,703,283
S01006679,805,603,202
S01006680,726,531,195
S01006681,788,599,189
S01006682,712,520,192
S01006683,982,719,263
S01006684,732,543,189
S01006685,714,546,168
S01006686,714,508,206
S01006687,778,588,190
S01006688,750,476,274
S01006689,529,405,124
S01006690,639,466,173
S01006691,746,527,219
S01006692,691,467,224
S01006693,991,770,221
S01006694,758,485,273
S01006695,535,373,162
S01006696,828,587,241
S01006697,877,628,249
S01006698,692,458,234
S01006699,601,444,157
S01006700,961,657,304
S01006701,715,525,190
S01006702,692,495,197
S01006703,543,413,130
S01006704,594,405,189
S01006705,693,485,208
S01006706,593,434,159
S01006707,506,361,145
S01006708,626,446,180
S01006709,884,620,264
S01006710,798,579,219
S01006711,853,617,236
S01006712,460,324,136
S01006713,676,495,181
S01006714,671,473,198
S01006715,757,538,219
S01006716,478,342,136
S01006717,780,569,211
S01006718,471,343,128
S01006719,771,557,214
S01006720,566,426,140
S01006721,724,519,205
S01006722,647,454,193
S01006723,756,520,236
S01006724,911,608,303
S01006725,727,503,224
S01006726,975,715,260
S01006727,949,660,289
S01006728,655,497,158
S01006729,710,490,220
S01006730,607,457,150
S01006731,408,272,136
S01006732,1108,818,290
S01006733,626,487,139
S01006734,823,640,183
S01006735,649,440,209
S01006736,926,789,137
S01006737,759,554,205
S01006738,684,602,82
S01006739,510,427,83
S01006740,773,569,204
S01006741,553,363,190
S01006742,328,217,111
S01006743,835,632,203
S01006744,540,430,110
S01006745,772,553,219
S01006746,592,451,141
S01006747,884,605,279
S01006748,894,642,252
S01006749,1020,753,267
S01006750,596,413,183
S01006751,358,255,103
S01006752,603,413,190
S01006753,706,506,200
S01006754,922,638,284
S01006755,783,613,170
S01006756,743,581,162
S01006757,1001,816,185
S01006758,575,469,106
S01006759,1010,807,203
S01006760,485,414,71
S01006761,770,604,166
S01006762,688,503,185
S01006763,851,748,103
S01006764,656,559,97
S01006765,600,506,94
S01006766,487,395,92
S01006767,631,482,149
S01006768,495,386,109
S01006769,1028,784,244
S01006770,544,403,141
S01006771,448,365,83
S01006772,1004,806,198
S01006773,520,407,113
S01006774,642,520,122
S01006775,620,473,147
S01006776,485,354,131
S01006777,759,562,197
S01006778,703,507,196
S01006779,764,577,187
S01006780,662,481,181
S01006781,755,508,247
S01006782,803,635,168
S01006783,505,338,167
S01006784,581,458,123
S01006785,600,462,138
S01006786,855,648,207
S01006787,778,575,203
S01006788,498,417,81
S01006789,688,492,196
S01006790,678,476,202
S01006791,390,289,101
S01006792,514,365,149
S01006793,461,354,107
S01006794,586,367,219
S01006795,554,363,191
S01006796,562,408,154
S01006797,564,416,148
S01006798,541,436,105
S01006799,741,553,188
S01006800,714,503,211
S01006801,1003,771,232
S01006802,493,371,122
S01006803,550,410,140
S01006804,941,721,220
S01006805,989,756,233
S01006806,848,637,211
S01006807,472,366,106
S01006808,727,526,201
S01006809,697,474,223
S01006810,762,547,215
S01006811,787,602,185
S01006812,641,505,136
S01006813,739,568,171
S01006814,832,604,228
S01006815,536,413,123
S01006816,711,499,212
S01006817,642,488,154
S01006818,544,426,118
S01006819,909,744,165
S01006820,489,372,117
S01006821,899,720,179
S01006822,584,466,118
S01006823,649,473,176
S01006824,537,393,144
S01006825,797,604,193
S01006826,953,715,238
S01006827,767,550,217
S01006828,773,587,186
S01006829,489,417,72
S01006830,490,350,140
S01006831,962,625,337
S01006832,765,545,220
S01006833,518,354,164
S01006834,250,193,57
S01006835,942,682,260
S01006836,367,308,59
S01006837,734,548,186
S01006838,754,590,164
S01006839,717,555,162
S01006840,901,681,220
S01006841,1021,826,195
S01006842,784,617,167
S01006843,748,612,136
S01006844,560,463,97
S01006845,833,685,148
S01006846,670,537,133
S01006847,597,477,120
S01006848,1015,781,234
S01006849,952,793,159
S01006850,873,737,136
S01006851,589,446,143
S01006852,468,355,113
S01006853,712,533,179
S01006854,1196,876,320
S01006855,572,434,138
S01006856,682,541,141
S01006857,795,619,176
S01006858,483,360,123
S01006859,1026,763,263
S01006860,505,392,113
S01006861,597,450,147
S01006862,709,535,174
S01006863,895,688,207
S01006864,108,75,33
S01006865,716,512,204
S01006866,472,298,174
S01006867,871,600,271
S01006868,624,451,173
S01006869,445,328,117
S01006870,463,334,129
S01006871,662,491,171
S01006872,1136,849,287
S01006873,800,528,272
S01006874,447,342,105
S01006875,697,513,184
S01006876,805,627,178
S01006877,810,632,178
S01006878,702,544,158
S01006879,822,613,209
S01006880,582,469,113
S01006881,430,333,97
S01006882,567,402,165
S01006883,463,350,113
S01006884,747,551,196
S01006885,557,399,158
S01006886,575,425,150
S01006887,637,502,135
S01006888,703,534,169
S01006889,495,363,132
S01006890,769,588,181
S01006891,493,388,105
S01006892,437,335,102
S01006893,731,523,208
S01006894,427,296,131
S01006895,371,292,79
S01006896,589,407,182
S01006897,793,617,176
S01006898,429,333,96
S01006899,384,333,51
S01006900,362,301,61
S01006901,630,499,131
S01006902,502,383,119
S01006903,692,529,163
S01006904,379,283,96
S01006905,731,517,214
S01006906,662,461,201
S01006907,556,446,110
S01006908,711,551,160
S01006909,334,278,56
S01006910,392,315,77
S01006911,1306,1109,197
S01006912,206,156,50
S01006913,1398,1194,204
S01006914,631,520,111
S01006915,633,491,142
S01006916,281,212,69
S01006917,956,815,141
S01006918,1211,1005,206
S01006919,511,360,151
S01006920,569,434,135
S01006921,738,611,127
S01006922,1363,1115,248
S01006923,982,790,192
S01006924,557,443,114
S01006925,375,282,93
S01006926,1231,1076,155
S01006927,278,209,69
S01006928,2020,1689,331
S01006929,1337,1038,299
S01006930,556,416,140
S01006931,1346,1145,201
S01006932,611,476,135
S01006933,661,552,109
S01006934,1194,963,231
S01006935,698,530,168
S01006936,521,385,136
S01006937,604,483,121
S01006938,624,498,126
S01006939,481,372,109
S01006940,782,590,192
S01006941,950,767,183
S01006942,1539,1258,281
S01006943,1218,1046,172
S01006944,65,46,19
S01006945,708,535,173
S01006946,1000,837,163
S01006947,1057,901,156
S01006948,1075,878,197
S01006949,580,462,118
S01006950,515,447,68
S01006951,955,782,173
S01006952,1166,919,247
S01006953,1149,948,201
S01006954,1304,1054,250
S01006955,455,360,95
S01006956,1118,933,185
S01006957,1202,999,203
S01006958,758,524,234
S01006959,581,399,182
S01006960,1555,1321,234
S01006961,1601,1341,260
S01006962,675,499,176
S01006963,788,584,204
S01006964,702,559,143
S01006965,395,270,125
S01006966,548,433,115
S01006967,572,457,115
S01006968,799,567,232
S01006969,749,578,171
S01006970,469,357,112
S01006971,753,541,212
S01006972,406,321,85
S01006973,489,355,134
S01006974,1041,827,214
S01006975,903,744,159
S01006976,1776,1496,280
S01006977,2043,1713,330
S01006978,656,487,169
S01006979,1078,821,257
S01006980,529,413,116
S01006981,621,500,121
S01006982,872,730,142
S01006983,746,581,165
S01006984,760,617,143
S01006985,1011,773,238
S01006986,543,438,105
S01006987,763,566,197
S01006988,562,465,97
S01006989,643,504,139
S01006990,699,576,123
S01006991,451,319,132
S01006992,705,549,156
S01006993,583,445,138
S01006994,528,407,121
S01006995,856,691,165
S01006996,679,542,137
S01006997,575,477,98
S01006998,911,718,193
S01006999,659,517,142
S01007000,1069,814,255
S01007001,988,738,250
S01007002,534,393,141
S01007003,454,356,98
S01007004,798,589,209
S01007005,781,613,168
S01007006,755,540,215
S01007007,632,472,160
S01007008,616,444,172
S01007009,983,720,263
S01007010,586,422,164
S01007011,767,568,199
S01007012,656,442,214
S01007013,945,672,273
S01007014,1009,817,192
S01007015,558,424,134
S01007016,465,364,101
S01007017,739,548,191
S01007018,883,642,241
S01007019,779,560,219
S01007020,975,703,272
S01007021,978,690,288
S01007022,629,433,196
S01007023,495,329,166
S01007024,876,616,260
S01007025,839,551,288
S01007026,741,469,272
S01007027,950,651,299
S01007028,1077,788,289
S01007029,501,344,157
S01007030,720,514,206
S01007031,459,315,144
S01007032,849,577,272
S01007033,791,539,252
S01007034,769,521,248
S01007035,661,436,225
S01007036,783,547,236
S01007037,857,611,246
S01007038,644,468,176
S01007039,711,494,217
S01007040,915,644,271
S01007041,688,500,188
S01007042,715,518,197
S01007043,852,648,204
S01007044,770,514,256
S01007045,745,527,218
S01007046,472,325,147
S01007047,789,559,230
S01007048,1049,766,283
S01007049,775,543,232
S01007050,782,560,222
S01007051,774,578,196
S01007052,442,318,124
S01007053,599,452,147
S01007054,828,614,214
S01007055,404,318,86
S01007056,675,504,171
S01007057,629,437,192
S01007058,537,356,181
S01007059,974,678,296
S01007060,463,315,148
S01007061,888,709,179
S01007062,608,472,136
S01007063,1144,866,278
S01007064,600,469,131
S01007065,725,551,174
S01007066,511,383,128
S01007067,994,727,267
S01007068,520,354,166
S01007069,708,501,207
S01007070,578,414,164
S01007071,965,745,220
S01007072,1155,797,358
S01007073,1210,820,390
S01007074,856,653,203
S01007075,676,511,165
S01007076,799,608,191
S01007077,576,419,157
S01007078,734,502,232
S01007079,911,609,302
S01007080,557,385,172
S01007081,773,547,226
S01007082,512,371,141
S01007083,697,428,269
S01007084,647,434,213
S01007085,901,695,206
S01007086,1049,813,236
S01007087,727,548,179
S01007088,488,331,157
S01007089,404,283,121
S01007090,414,345,69
S01007091,978,771,207
S01007092,449,308,141
S01007093,749,549,200
S01007094,1639,1254,385
S01007095,570,416,154
S01007096,849,644,205
S01007097,1581,1220,361
S01007098,1193,900,293
S01007099,649,503,146
S01007100,672,486,186
S01007101,1000,716,284
S01007102,664,467,197
S01007103,607,434,173
S01007104,377,246,131
S01007105,463,316,147
S01007106,691,447,244
S01007107,568,421,147
S01007108,880,650,230
S01007109,1101,772,329
S01007110,747,532,215
S01007111,410,273,137
S01007112,739,506,233
S01007113,532,349,183
S01007114,659,463,196
S01007115,530,360,170
S01007116,928,696,232
S01007117,435,303,132
S01007118,638,445,193
S01007119,742,501,241
S01007120,920,637,283
S01007121,578,384,194
S01007122,453,310,143
S01007123,691,451,240
S01007124,792,595,197
S01007125,622,416,206
S01007126,795,536,259
S01007127,782,596,186
S01007128,718,458,260
S01007129,698,514,184
S01007130,499,350,149
S01007131,816,599,217
S01007132,517,370,147
S01007133,515,379,136
S01007134,637,467,170
S01007135,582,429,153
S01007136,492,377,115
S01007137,586,489,97
S01007138,692,545,147
S01007139,568,412,156
S01007140,783,522,261
S01007141,909,679,230
S01007142,148,124,24
S01007143,811,640,171
S01007144,1726,1288,438
S01007145,635,412,223
S01007146,597,401,196
S01007147,636,421,215
S01007148,414,289,125
S01007149,666,435,231
S01007150,500,289,211
S01007151,876,634,242
S01007152,554,376,178
S01007153,650,418,232
S01007154,657,453,204
S01007155,508,344,164
S01007156,839,592,247
S01007157,663,485,178
S01007158,776,591,185
S01007159,694,477,217
S01007160,719,477,242
S01007161,849,559,290
S01007162,425,297,128
S01007163,749,489,260
S01007164,560,375,185
S01007165,668,465,203
S01007166,781,507,274
S01007167,615,412,203
S01007168,746,516,230
S01007169,626,442,184
S01007170,597,434,163
S01007171,823,616,207
S01007172,992,690,302
S01007173,410,320,90
S01007174,668,492,176
S01007175,568,356,212
S01007176,756,494,262
S01007177,585,382,203
S01007178,744,500,244
S01007179,1018,706,312
S01007180,699,436,263
S01007181,834,515,319
S01007182,944,644,300
S01007183,966,653,313
S01007184,810,551,259
S01007185,690,451,239
S01007186,596,409,187
S01007187,614,419,195
S01007188,634,460,174
S01007189,624,405,219
S01007190,646,379,267
S01007191,545,397,148
S01007192,596,391,205
S01007193,643,432,211
S01007194,432,277,155
S01007195,766,515,251
S01007196,671,447,224
S01007197,506,356,150
S01007198,369,257,112
S01007199,794,502,292
S01007200,667,474,193
S01007201,776,499,277
S01007202,571,384,187
S01007203,638,456,182
S01007204,854,586,268
S01007205,670,444,226
S01007206,282,191,91
S01007207,806,546,260
S01007208,729,509,220
S01007209,609,424,185
S01007210,778,541,237
S01007211,724,457,267
S01007212,642,460,182
S01007213,643,421,222
S01007214,765,500,265
S01007215,729,517,212
S01007216,576,400,176
S01007217,880,604,276
S01007218,744,524,220
S01007219,834,559,275
S01007220,578,407,171
S01007221,759,530,229
S01007222,819,578,241
S01007223,486,363,123
S01007224,510,345,165
S01007225,915,676,239
S01007226,772,583,189
S01007227,1138,806,332
S01007228,608,444,164
S01007229,949,705,244
S01007230,933,652,281
S01007231,574,362,212
S01007232,530,350,180
S01007233,596,424,172
S01007234,431,297,134
S01007235,802,557,245
S01007236,778,547,231
S01007237,566,395,171
S01007238,754,528,226
S01007239,1017,675,342
S01007240,440,305,135
S01007241,898,626,272
S01007242,842,585,257
S01007243,1074,762,312
S01007244,569,368,201
S01007245,580,419,161
S01007246,679,493,186
S01007247,829,606,223
S01007248,803,530,273
S01007249,429,283,146
S01007250,627,487,140
S01007251,613,444,169
S01007252,668,481,187
S01007253,598,404,194
S01007254,681,441,240
S01007255,726,533,193
S01007256,668,502,166
S01007257,663,489,174
S01007258,618,414,204
S01007259,742,518,224
S01007260,869,635,234
S01007261,810,520,290
S01007262,533,385,148
S01007263,828,569,259
S01007264,608,416,192
S01007265,834,597,237
S01007266,622,465,157
S01007267,477,361,116
S01007268,461,331,130
S01007269,492,337,155
S01007270,345,274,71
S01007271,840,592,248
S01007272,815,575,240
S01007273,567,386,181
S01007274,659,471,188
S01007275,503,348,155
S01007276,829,573,256
S01007277,678,454,224
S01007278,707,504,203
S01007279,506,383,123
S01007280,508,364,144
S01007281,917,629,288
S01007282,406,309,97
S01007283,687,404,283
S01007284,601,417,184
S01007285,848,587,261
S01007286,1082,773,309
S01007287,477,359,118
S01007288,521,372,149
S01007289,770,547,223
S01007290,749,560,189
S01007291,449,306,143
S01007292,593,437,156
S01007293,770,606,164
S01007294,795,582,213
S01007295,489,342,147
S01007296,464,349,115
S01007297,927,707,220
S01007298,395,293,102
S01007299,774,612,162
S01007300,491,400,91
S01007301,647,473,174
S01007302,596,425,171
S01007303,798,564,234
S01007304,501,336,165
S01007305,743,563,180
S01007306,932,670,262
S01007307,821,578,243
S01007308,687,476,211
S01007309,639,455,184
S01007310,646,405,241
S01007311,718,550,168
S01007312,613,414,199
S01007313,753,525,228
S01007314,679,519,160
S01007315,700,530,170
S01007316,864,594,270
S01007317,824,594,230
S01007318,439,315,124
S01007319,634,454,180
S01007320,671,477,194
S01007321,482,325,157
S01007322,633,448,185
S01007323,342,264,78
S01007324,258,179,79
S01007325,599,405,194
S01007326,749,522,227
S01007327,639,445,194
S01007328,805,549,256
S01007329,507,358,149
S01007330,571,363,208
S01007331,800,590,210
S01007332,461,314,147
S01007333,825,558,267
S01007334,692,458,234
S01007335,641,412,229
S01007336,569,390,179
S01007337,454,283,171
S01007338,794,564,230
S01007339,609,406,203
S01007340,496,302,194
S01007341,609,344,265
S01007342,622,381,241
S01007343,483,327,156
S01007344,422,271,151
S01007345,474,312,162
S01007346,644,377,267
S01007347,824,485,339
S01007348,541,343,198
S01007349,472,293,179
S01007350,499,328,171
S01007351,467,278,189
S01007352,411,261,150
S01007353,565,336,229
S01007354,583,333,250
S01007355,996,639,357
S01007356,552,318,234
S01007357,573,384,189
S01007358,1123,842,281
S01007359,701,429,272
S01007360,695,390,305
S01007361,733,473,260
S01007362,795,544,251
S01007363,723,418,305
S01007364,765,497,268
S01007365,327,229,98
S01007366,395,216,179
S01007367,470,302,168
S01007368,465,272,193
S01007369,836,563,273
S01007370,730,522,208
S01007371,691,495,196
S01007372,867,544,323
S01007373,545,332,213
S01007374,625,430,195
S01007375,354,221,133
S01007376,747,503,244
S01007377,507,354,153
S01007378,1533,1328,205
S01007379,675,449,226
S01007380,625,447,178
S01007381,343,207,136
S01007382,732,484,248
S01007383,571,366,205
S01007384,769,527,242
S01007385,887,573,314
S01007386,599,366,233
S01007387,650,417,233
S01007388,580,408,172
S01007389,509,388,121
S01007390,469,369,100
S01007391,510,340,170
S01007392,345,214,131
S01007393,653,362,291
S01007394,472,286,186
S01007395,791,537,254
S01007396,820,562,258
S01007397,698,452,246
S01007398,581,375,206
S01007399,646,403,243
S01007400,626,433,193
S01007401,572,414,158
S01007402,531,368,163
S01007403,629,493,136
S01007404,434,315,119
S01007405,607,438,169
S01007406,740,524,216
S01007407,798,571,227
S01007408,637,444,193
S01007409,501,377,124
S01007410,690,428,262
S01007411,745,467,278
S01007412,423,275,148
S01007413,766,607,159
S01007414,630,493,137
S01007415,634,413,221
S01007416,411,245,166
S01007417,164,115,49
S01007418,689,457,232
S01007419,731,505,226
S01007420,3576,2394,1182
S01007421,1035,802,233
S01007422,592,408,184
S01007423,279,190,89
S01007424,602,413,189
S01007425,720,490,230
S01007426,608,411,197
S01007427,562,344,218
S01007428,764,537,227
S01007429,710,533,177
S01007430,441,302,139
S01007431,576,391,185
S01007432,661,414,247
S01007433,870,560,310
S01007434,453,297,156
S01007435,615,436,179
S01007436,759,507,252
S01007437,440,303,137
S01007438,520,347,173
S01007439,683,454,229
S01007440,579,385,194
S01007441,526,363,163
S01007442,691,470,221
S01007443,732,420,312
S01007444,1085,689,396
S01007445,516,323,193
S01007446,514,359,155
S01007447,528,346,182
S01007448,887,565,322
S01007449,886,607,279
S01007450,996,680,316
S01007451,477,329,148
S01007452,1026,727,299
S01007453,85,48,37
S01007454,399,279,120
S01007455,639,427,212
S01007456,774,534,240
S01007457,796,551,245
S01007458,589,425,164
S01007459,657,433,224
S01007460,707,468,239
S01007461,740,461,279
S01007462,792,556,236
S01007463,822,488,334
S01007464,768,430,338
S01007465,567,324,243
S01007466,926,561,365
S01007467,753,463,290
S01007468,884,666,218
S01007469,434,311,123
S01007470,492,317,175
S01007471,353,264,89
S01007472,800,523,277
S01007473,674,507,167
S01007474,584,460,124
S01007475,411,256,155
S01007476,537,355,182
S01007477,562,381,181
S01007478,828,581,247
S01007479,319,231,88
S01007480,996,783,213
S01007481,728,442,286
S01007482,454,271,183
S01007483,710,492,218
S01007484,634,422,212
S01007485,597,381,216
S01007486,587,339,248
S01007487,900,586,314
S01007488,868,617,251
S01007489,618,425,193
S01007490,871,546,325
S01007491,765,543,222
S01007492,536,357,179
S01007493,821,565,256
S01007494,568,363,205
S01007495,626,444,182
S01007496,889,549,340
S01007497,439,272,167
S01007498,768,482,286
S01007499,635,442,193
S01007500,566,347,219
S01007501,528,292,236
S01007502,496,313,183
S01007503,830,531,299
S01007504,889,596,293
S01007505,391,269,122
S01007506,369,234,135
S01007507,1099,706,393
S01007508,545,348,197
S01007509,558,368,190
S01007510,723,411,312
S01007511,853,509,344
S01007512,394,243,151
S01007513,953,636,317
S01007514,471,310,161
S01007515,495,312,183
S01007516,580,397,183
S01007517,377,224,153
S01007518,755,475,280
S01007519,385,228,157
S01007520,706,428,278
S01007521,503,312,191
S01007522,788,498,290
S01007523,404,272,132
S01007524,721,490,231
S01007525,375,249,126
S01007526,652,406,246
S01007527,1053,703,350
S01007528,713,514,199
S01007529,632,401,231
S01007530,392,270,122
S01007531,572,376,196
S01007532,438,300,138
S01007533,645,452,193
S01007534,1062,718,344
S01007535,671,451,220
S01007536,735,524,211
S01007537,1158,768,390
S01007538,767,550,217
S01007539,564,359,205
S01007540,604,384,220
S01007541,864,599,265
S01007542,718,521,197
S01007543,967,666,301
S01007544,873,520,353
S01007545,1112,750,362
S01007546,490,360,130
S01007547,425,314,111
S01007548,717,493,224
S01007549,559,356,203
S01007550,897,545,352
S01007551,986,630,356
S01007552,788,513,275
S01007553,784,459,325
S01007554,643,344,299
S01007555,585,392,193
S01007556,532,353,179
S01007557,810,512,298
S01007558,377,233,144
S01007559,615,463,152
S01007560,845,573,272
S01007561,802,518,284
S01007562,631,420,211
S01007563,804,530,274
S01007564,964,653,311
S01007565,881,583,298
S01007566,637,422,215
S01007567,457,334,123
S01007568,571,400,171
S01007569,943,669,274
S01007570,817,573,244
S01007571,413,299,114
S01007572,1219,958,261
S01007573,62,40,22
S01007574,1688,1276,412
S01007575,616,391,225
S01007576,732,474,258
S01007577,646,414,232
S01007578,596,388,208
S01007579,456,328,128
S01007580,699,469,230
S01007581,467,291,176
S01007582,643,441,202
S01007583,938,611,327
S01007584,704,502,202
S01007585,770,521,249
S01007586,804,558,246
S01007587,618,352,266
S01007588,661,447,214
S01007589,887,649,238
S01007590,449,294,155
S01007591,890,644,246
S01007592,866,601,265
S01007593,835,554,281
S01007594,615,452,163
S01007595,811,580,231
S01007596,538,341,197
S01007597,487,343,144
S01007598,864,611,253
S01007599,641,455,186
S01007600,790,536,254
S01007601,503,421,82
S01007602,742,581,161
S01007603,723,586,137
S01007604,777,560,217
S01007605,908,651,257
S01007606,471,331,140
S01007607,705,520,185
S01007608,720,529,191
S01007609,733,498,235
S01007610,521,361,160
S01007611,856,536,320
S01007612,861,617,244
S01007613,789,576,213
S01007614,805,590,215
S01007615,976,682,294
S01007616,674,486,188
S01007617,510,355,155
S01007618,530,369,161
S01007619,541,384,157
S01007620,649,453,196
S01007621,640,441,199
S01007622,994,720,274
S01007623,463,333,130
S01007624,560,440,120
S01007625,517,398,119
S01007626,476,407,69
S01007627,393,303,90
S01007628,610,425,185
S01007629,662,480,182
S01007630,652,480,172
S01007631,449,322,127
S01007632,1242,883,359
S01007633,1142,797,345
S01007634,602,428,174
S01007635,693,407,286
S01007636,990,654,336
S01007637,1001,703,298
S01007638,738,491,247
S01007639,782,561,221
S01007640,555,386,169
S01007641,607,429,178
S01007642,806,543,263
S01007643,778,527,251
S01007644,818,504,314
S01007645,732,493,239
S01007646,481,317,164
S01007647,767,527,240
S01007648,802,567,235
S01007649,558,396,162
S01007650,795,580,215
S01007651,529,388,141
S01007652,651,435,216
S01007653,882,628,254
S01007654,969,662,307
S01007655,613,416,197
S01007656,730,488,242
S01007657,463,339,124
S01007658,524,353,171
S01007659,764,494,270
S01007660,954,626,328
S01007661,662,465,197
S01007662,760,515,245
S01007663,832,559,273
S01007664,430,292,138
S01007665,508,365,143
S01007666,374,247,127
S01007667,516,389,127
S01007668,901,626,275
S01007669,456,306,150
S01007670,803,541,262
S01007671,643,454,189
S01007672,748,446,302
S01007673,540,404,136
S01007674,858,596,262
S01007675,602,405,197
S01007676,421,330,91
S01007677,176,121,55
S01007678,595,412,183
S01007679,754,446,308
S01007680,710,520,190
S01007681,408,296,112
S01007682,778,538,240
S01007683,781,526,255
S01007684,871,584,287
S01007685,944,561,383
S01007686,858,585,273
S01007687,765,488,277
S01007688,1069,648,421
S01007689,498,325,173
S01007690,1046,542,504
S01007691,4325,1772,2553
S01007692,901,475,426
S01007693,1171,535,636
S01007694,841,443,398
S01007695,822,488,334
S01007696,885,472,413
S01007697,1101,670,431
S01007698,1144,736,408
S01007699,672,427,245
S01007700,777,555,222
S01007701,376,210,166
S01007702,2119,972,1147
S01007703,976,625,351
S01007704,1187,690,497
S01007705,1013,514,499
S01007706,1009,536,473
S01007707,1119,747,372
S01007708,810,596,214
S01007709,693,406,287
S01007710,1977,1248,729
S01007711,1171,687,484
S01007712,878,548,330
S01007713,468,285,183
S01007714,523,376,147
S01007715,572,352,220
S01007716,942,546,396
S01007717,789,470,319
S01007718,778,444,334
S01007719,1231,825,406
S01007720,789,493,296
S01007721,825,524,301
S01007722,761,463,298
S01007723,781,426,355
S01007724,643,432,211
S01007725,1049,632,417
S01007726,705,447,258
S01007727,845,506,339
S01007728,1096,727,369
S01007729,860,629,231
S01007730,841,632,209
S01007731,589,470,119
S01007732,862,550,312
S01007733,642,478,164
S01007734,616,436,180
S01007735,637,451,186
S01007736,645,491,154
S01007737,801,552,249
S01007738,782,540,242
S01007739,546,348,198
S01007740,510,327,183
S01007741,613,377,236
S01007742,522,333,189
S01007743,666,461,205
S01007744,534,317,217
S01007745,718,488,230
S01007746,672,467,205
S01007747,597,379,218
S01007748,496,318,178
S01007749,642,415,227
S01007750,674,405,269
S01007751,491,288,203
S01007752,728,443,285
S01007753,662,428,234
S01007754,925,577,348
S01007755,570,345,225
S01007756,622,383,239
S01007757,934,601,333
S01007758,702,412,290
S01007759,950,637,313
S01007760,632,401,231
S01007761,639,461,178
S01007762,566,395,171
S01007763,505,305,200
S01007764,694,493,201
S01007765,713,457,256
S01007766,768,511,257
S01007767,743,494,249
S01007768,563,378,185
S01007769,593,370,223
S01007770,555,371,184
S01007771,576,342,234
S01007772,854,577,277
S01007773,581,395,186
S01007774,110,88,22
S01007775,902,673,229
S01007776,425,338,87
S01007777,393,323,70
S01007778,1655,1348,307
S01007779,643,467,176
S01007780,629,500,129
S01007781,648,531,117
S01007782,526,362,164
S01007783,652,323,329
S01007784,754,576,178
S01007785,328,204,124
S01007786,650,410,240
S01007787,578,377,201
S01007788,558,352,206
S01007789,815,560,255
S01007790,1258,970,288
S01007791,840,717,123
S01007792,723,467,256
S01007793,706,391,315
S01007794,831,505,326
S01007795,501,345,156
S01007796,475,281,194
S01007797,463,272,191
S01007798,566,446,120
S01007799,289,230,59
S01007800,716,439,277
S01007801,752,398,354
S01007802,452,374,78
S01007803,975,531,444
S01007804,577,324,253
S01007805,659,431,228
S01007806,639,429,210
S01007807,644,492,152
S01007808,684,464,220
S01007809,906,630,276
S01007810,701,404,297
S01007811,606,415,191
S01007812,578,370,208
S01007813,776,491,285
S01007814,639,404,235
S01007815,876,632,244
S01007816,523,375,148
S01007817,613,373,240
S01007818,714,514,200
S01007819,594,417,177
S01007820,802,502,300
S01007821,562,370,192
S01007822,718,494,224
S01007823,608,443,165
S01007824,827,553,274
S01007825,935,614,321
S01007826,389,235,154
S01007827,539,400,139
S01007828,930,625,305
S01007829,552,324,228
S01007830,804,468,336
S01007831,778,448,330
S01007832,720,434,286
S01007833,654,314,340
S01007834,568,372,196
S01007835,564,405,159
S01007836,543,357,186
S01007837,946,634,312
S01007838,679,426,253
S01007839,877,554,323
S01007840,657,449,208
S01007841,693,489,204
S01007842,860,568,292
S01007843,713,472,241
S01007844,987,697,290
S01007845,679,436,243
S01007846,587,386,201
S01007847,1058,689,369
S01007848,762,479,283
S01007849,747,509,238
S01007850,542,341,201
S01007851,701,430,271
S01007852,913,578,335
S01007853,578,336,242
S01007854,905,559,346
S01007855,508,342,166
S01007856,737,472,265
S01007857,430,263,167
S01007858,1507,1001,506
S01007859,1079,710,369
S01007860,799,545,254
S01007861,779,501,278
S01007862,811,505,306
S01007863,641,382,259
S01007864,683,439,244
S01007865,1041,812,229
S01007866,441,396,45
S01007867,989,794,195
S01007868,1555,1171,384
S01007869,1583,1218,365
S01007870,506,355,151
S01007871,823,483,340
S01007872,593,316,277
S01007873,579,380,199
S01007874,684,426,258
S01007875,575,419,156
S01007876,732,516,216
S01007877,685,429,256
S01007878,521,312,209
S01007879,870,491,379
S01007880,378,256,122
S01007881,486,316,170
S01007882,1241,937,304
S01007883,924,671,253
S01007884,718,481,237
S01007885,805,469,336
S01007886,906,587,319
S01007887,523,371,152
S01007888,794,513,281
S01007889,814,505,309
S01007890,534,350,184
S01007891,984,709,275
S01007892,868,606,262
S01007893,988,689,299
S01007894,795,556,239
S01007895,561,353,208
S01007896,805,506,299
S01007897,1208,892,316
S01007898,583,411,172
S01007899,399,284,115
S01007900,408,248,160
S01007901,598,381,217
S01007902,769,418,351
S01007903,606,342,264
S01007904,656,414,242
S01007905,619,384,235
S01007906,596,343,253
S01007907,599,348,251
S01007908,990,620,370
S01007909,524,358,166
S01007910,810,530,280
S01007911,831,543,288
S01007912,685,446,239
S01007913,798,490,308
S01007914,569,357,212
S01007915,726,478,248
S01007916,738,446,292
S01007917,965,601,364
S01007918,784,490,294
S01007919,721,496,225
S01007920,463,327,136
S01007921,860,534,326
S01007922,1012,603,409
S01007923,940,694,246
S01007924,865,521,344
S01007925,521,386,135
S01007926,692,504,188
S01007927,494,371,123
S01007928,882,608,274
S01007929,1193,901,292
S01007930,541,420,121
S01007931,994,663,331
S01007932,650,413,237
S01007933,998,707,291
S01007934,500,354,146
S01007935,928,681,247
S01007936,899,686,213
S01007937,1165,871,294
S01007938,655,419,236
S01007939,720,480,240
S01007940,1272,867,405
S01007941,513,368,145
S01007942,347,262,85
S01007943,730,488,242
S01007944,780,526,254
S01007945,890,579,311
S01007946,800,542,258
S01007947,807,519,288
S01007948,567,333,234
S01007949,758,495,263
S01007950,887,617,270
S01007951,745,509,236
S01007952,648,434,214
S01007953,775,538,237
S01007954,553,337,216
S01007955,1371,715,656
S01007956,718,500,218
S01007957,939,610,329
S01007958,748,503,245
S01007959,1614,869,745
S01007960,474,314,160
S01007961,1415,736,679
S01007962,755,495,260
S01007963,791,453,338
S01007964,641,400,241
S01007965,572,355,217
S01007966,740,454,286
S01007967,586,396,190
S01007968,723,491,232
S01007969,590,401,189
S01007970,755,539,216
S01007971,739,506,233
S01007972,815,598,217
S01007973,718,514,204
S01007974,715,437,278
S01007975,470,321,149
S01007976,853,598,255
S01007977,518,392,126
S01007978,647,486,161
S01007979,700,508,192
S01007980,609,424,185
S01007981,563,348,215
S01007982,520,326,194
S01007983,1029,619,410
S01007984,668,414,254
S01007985,698,427,271
S01007986,510,328,182
S01007987,799,557,242
S01007988,702,404,298
S01007989,532,369,163
S01007990,920,696,224
S01007991,751,631,120
S01007992,779,638,141
S01007993,746,544,202
S01007994,449,377,72
S01007995,578,446,132
S01007996,266,170,96
S01007997,515,356,159
S01007998,456,309,147
S01007999,584,407,177
S01008000,627,415,212
S01008001,652,393,259
S01008002,774,500,274
S01008003,516,346,170
S01008004,84,49,35
S01008005,76,50,26
S01008006,588,333,255
S01008007,431,289,142
S01008008,545,356,189
S01008009,764,485,279
S01008010,1015,663,352
S01008011,640,420,220
S01008012,796,573,223
S01008013,580,421,159
S01008014,636,463,173
S01008015,638,424,214
S01008016,587,393,194
S01008017,638,424,214
S01008018,716,467,249
S01008019,736,490,246
S01008020,716,535,181
S01008021,534,365,169
S01008022,631,442,189
S01008023,1246,1024,222
S01008024,666,584,82
S01008025,736,522,214
S01008026,990,671,319
S01008027,622,419,203
S01008028,439,332,107
S01008029,2710,2206,504
S01008030,1646,1250,396
S01008031,1188,879,309
S01008032,977,669,308
S01008033,878,649,229
S01008034,871,693,178
S01008035,801,565,236
S01008036,515,355,160
S01008037,1082,739,343
S01008038,702,515,187
S01008039,770,538,232
S01008040,520,340,180
S01008041,741,491,250
S01008042,577,377,200
S01008043,921,653,268
S01008044,845,579,266
S01008045,917,619,298
S01008046,759,452,307
S01008047,489,318,171
S01008048,490,291,199
S01008049,690,437,253
S01008050,478,296,182
S01008051,872,628,244
S01008052,602,444,158
S01008053,658,425,233
S01008054,528,351,177
S01008055,748,502,246
S01008056,825,561,264
S01008057,929,641,288
S01008058,695,507,188
S01008059,527,357,170
S01008060,1319,936,383
S01008061,637,498,139
S01008062,727,499,228
S01008063,606,423,183
S01008064,746,521,225
S01008065,884,627,257
S01008066,712,471,241
S01008067,515,354,161
S01008068,927,657,270
S01008069,899,662,237
S01008070,868,639,229
S01008071,727,542,185
S01008072,967,654,313
S01008073,345,245,100
S01008074,719,514,205
S01008075,401,234,167
S01008076,681,423,258
S01008077,685,437,248
S01008078,595,387,208
S01008079,648,411,237
S01008080,577,403,174
S01008081,527,356,171
S01008082,754,511,243
S01008083,628,404,224
S01008084,786,546,240
S01008085,1007,723,284
S01008086,953,723,230
S01008087,796,526,270
S01008088,682,440,242
S01008089,743,472,271
S01008090,541,402,139
S01008091,386,272,114
S01008092,757,485,272
S01008093,613,410,203
S01008094,515,351,164
S01008095,811,529,282
S01008096,554,356,198
S01008097,604,411,193
S01008098,539,394,145
S01008099,408,287,121
S01008100,731,470,261
S01008101,937,709,228
S01008102,607,414,193
S01008103,497,341,156
S01008104,771,544,227
S01008105,895,610,285
S01008106,1202,861,341
S01008107,932,751,181
S01008108,752,561,191
S01008109,726,512,214
S01008110,701,530,171
S01008111,638,442,196
S01008112,713,469,244
S01008113,767,526,241
S01008114,671,453,218
S01008115,734,551,183
S01008116,831,578,253
S01008117,582,397,185
S01008118,940,665,275
S01008119,579,377,202
S01008120,481,322,159
S01008121,475,313,162
S01008122,783,525,258
S01008123,781,519,262
S01008124,766,543,223
S01008125,864,602,262
S01008126,737,554,183
S01008127,367,267,100
S01008128,845,562,283
S01008129,751,516,235
S01008130,882,618,264
S01008131,596,392,204
S01008132,783,532,251
S01008133,571,345,226
S01008134,530,379,151
S01008135,1191,850,341
S01008136,1144,837,307
S01008137,997,652,345
S01008138,753,480,273
S01008139,804,511,293
S01008140,499,340,159
S01008141,884,618,266
S01008142,766,569,197
S01008143,866,568,298
S01008144,801,577,224
S01008145,765,545,220
S01008146,493,307,186
S01008147,710,499,211
S01008148,752,549,203
S01008149,710,493,217
S01008150,1028,680,348
S01008151,751,521,230
S01008152,899,593,306
S01008153,667,493,174
S01008154,800,508,292
S01008155,666,465,201
S01008156,802,556,246
S01008157,803,584,219
S01008158,838,670,168
S01008159,878,545,333
S01008160,967,690,277
S01008161,1078,871,207
S01008162,950,674,276
S01008163,636,436,200
S01008164,1292,730,562
S01008165,613,510,103
S01008166,947,749,198
S01008167,1134,872,262
S01008168,789,556,233
S01008169,1076,863,213
S01008170,1332,786,546
S01008171,657,452,205
S01008172,414,284,130
S01008173,584,450,134
S01008174,412,318,94
S01008175,579,439,140
S01008176,1108,861,247
S01008177,617,412,205
S01008178,512,322,190
S01008179,294,233,61
S01008180,374,295,79
S01008181,515,354,161
S01008182,1012,763,249
S01008183,739,563,176
S01008184,674,496,178
S01008185,937,692,245
S01008186,793,504,289
S01008187,519,377,142
S01008188,1074,747,327
S01008189,802,543,259
S01008190,753,535,218
S01008191,1063,818,245
S01008192,827,608,219
S01008193,676,499,177
S01008194,483,352,131
S01008195,843,610,233
S01008196,636,468,168
S01008197,1429,1204,225
S01008198,514,345,169
S01008199,581,378,203
S01008200,610,376,234
S01008201,977,647,330
S01008202,592,398,194
S01008203,424,294,130
S01008204,2021,1534,487
S01008205,577,410,167
S01008206,1173,839,334
S01008207,589,414,175
S01008208,748,607,141
S01008209,492,401,91
S01008210,1070,803,267
S01008211,743,536,207
S01008212,527,428,99
S01008213,735,558,177
S01008214,601,380,221
S01008215,824,592,232
S01008216,607,466,141
S01008217,525,399,126
S01008218,1615,1358,257
S01008219,929,685,244
S01008220,440,298,142
S01008221,578,406,172
S01008222,487,314,173
S01008223,434,269,165
S01008224,731,581,150
S01008225,611,432,179
S01008226,521,365,156
S01008227,747,473,274
S01008228,602,456,146
S01008229,918,655,263
S01008230,604,511,93
S01008231,414,336,78
S01008232,203,146,57
S01008233,1246,1073,173
S01008234,1511,1224,287
S01008235,669,473,196
S01008236,748,541,207
S01008237,690,493,197
S01008238,769,538,231
S01008239,570,422,148
S01008240,1071,724,347
S01008241,806,541,265
S01008242,876,581,295
S01008243,795,573,222
S01008244,729,500,229
S01008245,834,601,233
S01008246,929,694,235
S01008247,758,560,198
S01008248,960,639,321
S01008249,674,462,212
S01008250,836,592,244
S01008251,743,555,188
S01008252,818,547,271
S01008253,606,414,192
S01008254,919,617,302
S01008255,743,535,208
S01008256,764,541,223
S01008257,562,387,175
S01008258,986,748,238
S01008259,1044,768,276
S01008260,792,557,235
S01008261,884,644,240
S01008262,699,505,194
S01008263,557,396,161
S01008264,640,463,177
S01008265,453,288,165
S01008266,727,488,239
S01008267,606,422,184
S01008268,595,378,217
S01008269,692,394,298
S01008270,755,453,302
S01008271,558,383,175
S01008272,737,498,239
S01008273,725,467,258
S01008274,669,441,228
S01008275,486,337,149
S01008276,496,354,142
S01008277,517,378,139
S01008278,569,384,185
S01008279,522,355,167
S01008280,933,662,271
S01008281,633,476,157
S01008282,591,435,156
S01008283,880,701,179
S01008284,1148,845,303
S01008285,552,355,197
S01008286,1002,704,298
S01008287,642,469,173
S01008288,705,477,228
S01008289,604,442,162
S01008290,734,523,211
S01008291,790,533,257
S01008292,1117,850,267
S01008293,800,605,195
S01008294,506,368,138
S01008295,963,716,247
S01008296,639,443,196
S01008297,448,317,131
S01008298,816,558,258
S01008299,799,476,323
S01008300,717,455,262
S01008301,808,587,221
S01008302,706,500,206
S01008303,592,407,185
S01008304,369,252,117
S01008305,619,450,169
S01008306,510,369,141
S01008307,541,406,135
S01008308,448,293,155
S01008309,682,410,272
S01008310,693,481,212
S01008311,534,380,154
S01008312,562,380,182
S01008313,764,440,324
S01008314,746,513,233
S01008315,567,367,200
S01008316,636,424,212
S01008317,551,389,162
S01008318,1161,853,308
S01008319,437,260,177
S01008320,495,280,215
S01008321,559,420,139
S01008322,1378,969,409
S01008323,635,393,242
S01008324,469,309,160
S01008325,875,642,233
S01008326,827,528,299
S01008327,796,547,249
S01008328,641,516,125
S01008329,794,593,201
S01008330,818,591,227
S01008331,585,459,126
S01008332,764,526,238
S01008333,772,493,279
S01008334,707,462,245
S01008335,669,430,239
S01008336,707,467,240
S01008337,620,490,130
S01008338,576,477,99
S01008339,486,404,82
S01008340,702,554,148
S01008341,481,391,90
S01008342,866,592,274
S01008343,768,518,250
S01008344,631,430,201
S01008345,932,569,363
S01008346,744,519,225
S01008347,798,539,259
S01008348,699,440,259
S01008349,973,669,304
S01008350,535,328,207
S01008351,744,530,214
S01008352,618,414,204
S01008353,351,238,113
S01008354,736,572,164
S01008355,786,507,279
S01008356,646,477,169
S01008357,650,465,185
S01008358,625,416,209
S01008359,543,389,154
S01008360,984,693,291
S01008361,597,421,176
S01008362,816,628,188
S01008363,616,438,178
S01008364,610,402,208
S01008365,713,452,261
S01008366,632,407,225
S01008367,705,479,226
S01008368,660,485,175
S01008369,578,410,168
S01008370,499,369,130
S01008371,648,452,196
S01008372,693,492,201
S01008373,852,641,211
S01008374,618,452,166
S01008375,570,417,153
S01008376,455,334,121
S01008377,655,499,156
S01008378,747,547,200
S01008379,375,238,137
S01008380,484,353,131
S01008381,776,587,189
S01008382,673,474,199
S01008383,451,335,116
S01008384,714,520,194
S01008385,475,332,143
S01008386,723,529,194
S01008387,635,481,154
S01008388,475,381,94
S01008389,452,271,181
S01008390,535,378,157
S01008391,492,329,163
S01008392,663,499,164
S01008393,584,395,189
S01008394,751,548,203
S01008395,598,443,155
S01008396,549,364,185
S01008397,752,523,229
S01008398,629,428,201
S01008399,443,264,179
S01008400,768,532,236
S01008401,865,592,273
S01008402,774,503,271
S01008403,651,415,236
S01008404,702,491,211
S01008405,593,436,157
S01008406,749,489,260
S01008407,355,225,130
S01008408,575,446,129
S01008409,769,533,236
S01008410,578,369,209
S01008411,843,602,241
S01008412,509,346,163
S01008413,509,364,145
S01008414,465,341,124
S01008415,786,583,203
S01008416,872,590,282
S01008417,548,363,185
S01008418,536,383,153
S01008419,349,250,99
S01008420,429,307,122
S01008421,620,465,155
S01008422,663,460,203
S01008423,750,509,241
S01008424,786,481,305
S01008425,2281,898,1383
S01008426,829,558,271
S01008427,975,759,216
S01008428,587,395,192
S01008429,661,439,222
S01008430,798,539,259
S01008431,768,521,247
S01008432,791,521,270
S01008433,645,460,185
S01008434,812,571,241
S01008435,867,541,326
S01008436,750,504,246
S01008437,574,415,159
S01008438,439,320,119
S01008439,783,540,243
S01008440,806,544,262
S01008441,743,541,202
S01008442,580,447,133
S01008443,422,269,153
S01008444,547,403,144
S01008445,646,410,236
S01008446,1073,591,482
S01008447,503,353,150
S01008448,666,446,220
S01008449,698,462,236
S01008450,384,254,130
S01008451,738,492,246
S01008452,698,452,246
S01008453,690,487,203
S01008454,974,622,352
S01008455,972,564,408
S01008456,958,598,360
S01008457,788,472,316
S01008458,746,512,234
S01008459,645,413,232
S01008460,876,544,332
S01008461,778,482,296
S01008462,554,293,261
S01008463,730,476,254
S01008464,690,494,196
S01008465,722,530,192
S01008466,625,422,203
S01008467,673,469,204
S01008468,719,455,264
S01008469,621,424,197
S01008470,744,466,278
S01008471,607,411,196
S01008472,563,367,196
S01008473,520,339,181
S01008474,625,403,222
S01008475,790,546,244
S01008476,580,376,204
S01008477,880,577,303
S01008478,712,453,259
S01008479,811,495,316
S01008480,376,235,141
S01008481,1351,518,833
S01008482,1264,488,776
S01008483,641,427,214
S01008484,703,500,203
S01008485,885,621,264
S01008486,656,412,244
S01008487,810,637,173
S01008488,1047,741,306
S01008489,682,470,212
S01008490,955,741,214
S01008491,805,568,237
S01008492,806,619,187
S01008493,684,464,220
S01008494,671,481,190
S01008495,996,774,222
S01008496,1099,855,244
S01008497,874,730,144
S01008498,709,554,155
S01008499,1030,761,269
S01008500,344,260,84
S01008501,754,568,186
S01008502,609,491,118
S01008503,852,718,134
S01008504,1416,1089,327
S01008505,811,671,140
S01008506,792,601,191
S01008507,780,586,194
S01008508,793,560,233
S01008509,908,654,254
S01008510,671,474,197
S01008511,697,454,243
S01008512,831,582,249
S01008513,759,400,359
S01008514,471,322,149
S01008515,660,504,156
S01008516,1241,799,442
S01008517,831,595,236
S01008518,896,650,246
S01008519,753,534,219
S01008520,949,616,333
S01008521,640,424,216
S01008522,443,295,148
S01008523,861,605,256
S01008524,861,562,299
S01008525,779,520,259
S01008526,629,452,177
S01008527,545,411,134
S01008528,505,385,120
S01008529,610,458,152
S01008530,756,510,246
S01008531,707,469,238
S01008532,473,319,154
S01008533,360,267,93
S01008534,638,483,155
S01008535,543,392,151
S01008536,498,353,145
S01008537,508,330,178
S01008538,449,286,163
S01008539,790,569,221
S01008540,689,473,216
S01008541,705,516,189
S01008542,871,646,225
S01008543,721,545,176
S01008544,467,374,93
S01008545,747,511,236
S01008546,621,410,211
S01008547,908,725,183
S01008548,784,600,184
S01008549,941,691,250
S01008550,828,600,228
S01008551,771,554,217
S01008552,797,552,245
S01008553,510,314,196
S01008554,738,462,276
S01008555,939,583,356
S01008556,763,455,308
S01008557,664,404,260
S01008558,618,399,219
S01008559,599,398,201
S01008560,614,423,191
S01008561,745,498,247
S01008562,564,339,225
S01008563,834,539,295
S01008564,791,532,259
S01008565,772,493,279
S01008566,831,545,286
S01008567,647,426,221
S01008568,661,490,171
S01008569,571,374,197
S01008570,921,578,343
S01008571,582,362,220
S01008572,747,470,277
S01008573,806,575,231
S01008574,795,596,199
S01008575,651,451,200
S01008576,789,555,234
S01008577,797,556,241
S01008578,672,456,216
S01008579,630,377,253
S01008580,634,440,194
S01008581,755,496,259
S01008582,994,678,316
S01008583,672,430,242
S01008584,952,626,326
S01008585,726,462,264
S01008586,683,417,266
S01008587,718,409,309
S01008588,773,508,265
S01008589,255,178,77
S01008590,511,315,196
S01008591,844,570,274
S01008592,704,383,321
S01008593,608,404,204
S01008594,758,482,276
S01008595,875,482,393
S01008596,773,448,325
S01008597,821,544,277
S01008598,1033,590,443
S01008599,836,539,297
S01008600,2422,764,1658
S01008601,2442,693,1749
S01008602,487,291,196
S01008603,961,542,419
S01008604,979,579,400
S01008605,805,484,321
S01008606,792,542,250
S01008607,428,277,151
S01008608,579,351,228
S01008609,736,460,276
S01008610,921,503,418
S01008611,1286,661,625
S01008612,713,408,305
S01008613,846,510,336
S01008614,840,414,426
S01008615,774,415,359
S01008616,772,394,378
S01008617,861,403,458
S01008618,669,328,341
S01008619,474,280,194
S01008620,756,397,359
S01008621,804,431,373
S01008622,742,428,314
S01008623,911,488,423
S01008624,565,309,256
S01008625,417,272,145
S01008626,850,622,228
S01008627,529,373,156
S01008628,614,444,170
S01008629,774,505,269
S01008630,610,431,179
S01008631,766,576,190
S01008632,1035,679,356
S01008633,856,549,307
S01008634,571,375,196
S01008635,681,476,205
S01008636,735,481,254
S01008637,608,396,212
S01008638,1258,671,587
S01008639,1100,825,275
S01008640,1072,756,316
S01008641,1002,627,375
S01008642,911,658,253
S01008643,817,627,190
S01008644,567,380,187
S01008645,884,647,237
S01008646,1085,852,233
S01008647,655,537,118
S01008648,895,674,221
S01008649,1124,871,253
S01008650,859,682,177
S01008651,1140,741,399
S01008652,703,554,149
S01008653,614,431,183
S01008654,1119,837,282
S01008655,847,631,216
S01008656,1339,858,481
S01008657,973,710,263
S01008658,1640,984,656
S01008659,1125,778,347
S01008660,1080,721,359
S01008661,1195,706,489
S01008662,1023,629,394
S01008663,928,559,369
S01008664,933,643,290
S01008665,1596,986,610
S01008666,989,531,458
S01008667,1368,648,720
S01008668,1188,565,623
S01008669,635,245,390
S01008670,1074,477,597
S01008671,1120,520,600
S01008672,620,308,312
S01008673,1056,527,529
S01008674,991,498,493
S01008675,791,492,299
S01008676,888,584,304
S01008677,829,524,305
S01008678,1387,576,811
S01008679,1253,608,645
S01008680,853,395,458
S01008681,961,446,515
S01008682,869,496,373
S01008683,1900,813,1087
S01008684,2705,923,1782
S01008685,779,474,305
S01008686,1055,646,409
S01008687,894,662,232
S01008688,1185,885,300
S01008689,1031,851,180
S01008690,928,710,218
S01008691,1177,975,202
S01008692,996,815,181
S01008693,450,330,120
S01008694,1232,1032,200
S01008695,790,630,160
S01008696,515,391,124
S01008697,804,554,250
S01008698,557,388,169
S01008699,796,532,264
S01008700,520,321,199
S01008701,668,437,231
S01008702,646,441,205
S01008703,1026,604,422
S01008704,1208,730,478
S01008705,658,393,265
S01008706,937,594,343
S01008707,872,477,395
S01008708,752,435,317
S01008709,724,421,303
S01008710,697,452,245
S01008711,582,354,228
S01008712,852,430,422
S01008713,438,294,144
S01008714,480,308,172
S01008715,548,343,205
S01008716,469,318,151
S01008717,404,304,100
S01008718,456,316,140
S01008719,874,636,238
S01008720,476,322,154
S01008721,621,505,116
S01008722,749,467,282
S01008723,622,469,153
S01008724,717,500,217
S01008725,559,417,142
S01008726,843,615,228
S01008727,876,610,266
S01008728,436,304,132
S01008729,593,432,161
S01008730,845,664,181
S01008731,397,252,145
S01008732,620,420,200
S01008733,731,578,153
S01008734,580,408,172
S01008735,829,540,289
S01008736,505,339,166
S01008737,561,389,172
S01008738,615,396,219
S01008739,428,303,125
S01008740,532,352,180
S01008741,802,548,254
S01008742,505,342,163
S01008743,837,576,261
S01008744,751,532,219
S01008745,405,309,96
S01008746,819,553,266
S01008747,376,246,130
S01008748,762,508,254
S01008749,868,591,277
S01008750,565,379,186
S01008751,744,508,236
S01008752,722,447,275
S01008753,695,482,213
S01008754,729,518,211
S01008755,808,613,195
S01008756,664,441,223
S01008757,598,320,278
S01008758,749,479,270
S01008759,518,328,190
S01008760,1026,654,372
S01008761,671,491,180
S01008762,427,318,109
S01008763,652,548,104
S01008764,547,428,119
S01008765,967,790,177
S01008766,1074,802,272
S01008767,683,492,191
S01008768,2333,1860,473
S01008769,1949,1588,361
S01008770,1840,1507,333
S01008771,1840,1507,333
S01008772,932,697,235
S01008773,925,712,213
S01008774,769,564,205
S01008775,437,325,112
S01008776,1073,760,313
S01008777,964,620,344
S01008778,907,764,143
S01008779,953,791,162
S01008780,809,646,163
S01008781,961,828,133
S01008782,836,702,134
S01008783,478,409,69
S01008784,682,546,136
S01008785,854,589,265
S01008786,1053,835,218
S01008787,563,396,167
S01008788,771,654,117
S01008789,486,302,184
S01008790,802,615,187
S01008791,847,665,182
S01008792,832,633,199
S01008793,857,619,238
S01008794,735,542,193
S01008795,1095,890,205
S01008796,953,724,229
S01008797,922,729,193
S01008798,860,655,205
S01008799,655,503,152
S01008800,1070,916,154
S01008801,784,647,137
S01008802,1123,877,246
S01008803,957,736,221
S01008804,722,529,193
S01008805,716,533,183
S01008806,1059,868,191
S01008807,883,698,185
S01008808,568,443,125
S01008809,649,451,198
S01008810,872,674,198
S01008811,765,598,167
S01008812,889,673,216
S01008813,838,625,213
S01008814,1077,875,202
S01008815,1100,864,236
S01008816,424,316,108
S01008817,1003,792,211
S01008818,929,747,182
S01008819,861,684,177
S01008820,1258,943,315
S01008821,584,449,135
S01008822,629,468,161
S01008823,660,512,148
S01008824,979,768,211
S01008825,451,361,90
S01008826,536,426,110
S01008827,736,526,210
S01008828,752,568,184
S01008829,727,485,242
S01008830,834,615,219
S01008831,736,503,233
S01008832,535,330,205
S01008833,810,600,210
S01008834,909,650,259
S01008835,753,538,215
S01008836,430,318,112
S01008837,1437,1199,238
S01008838,881,710,171
S01008839,1023,809,214
S01008840,871,684,187
S01008841,1128,945,183
S01008842,118,90,28
S01008843,886,685,201
S01008844,862,700,162
S01008845,778,530,248
S01008846,819,585,234
S01008847,755,521,234
S01008848,819,561,258
S01008849,923,644,279
S01008850,1243,807,436
S01008851,1027,730,297
S01008852,1037,725,312
S01008853,599,474,125
S01008854,907,636,271
S01008855,1032,807,225
S01008856,628,515,113
S01008857,818,667,151
S01008858,912,721,191
S01008859,902,744,158
S01008860,1041,808,233
S01008861,755,561,194
S01008862,948,778,170
S01008863,650,538,112
S01008864,1045,653,392
S01008865,799,637,162
S01008866,869,743,126
S01008867,773,604,169
S01008868,1014,778,236
S01008869,924,704,220
S01008870,964,746,218
S01008871,1140,850,290
S01008872,896,653,243
S01008873,611,466,145
S01008874,698,527,171
S01008875,852,671,181
S01008876,525,393,132
S01008877,579,427,152
S01008878,835,593,242
S01008879,611,447,164
S01008880,520,386,134
S01008881,438,284,154
S01008882,858,563,295
S01008883,735,469,266
S01008884,551,343,208
S01008885,650,458,192
S01008886,868,610,258
S01008887,546,395,151
S01008888,1081,669,412
S01008889,672,520,152
S01008890,581,417,164
S01008891,532,371,161
S01008892,844,601,243
S01008893,761,550,211
S01008894,709,479,230
S01008895,515,351,164
S01008896,667,455,212
S01008897,612,421,191
S01008898,719,491,228
S01008899,590,389,201
S01008900,713,511,202
S01008901,836,583,253
S01008902,828,563,265
S01008903,783,517,266
S01008904,865,580,285
S01008905,948,591,357
S01008906,723,475,248
S01008907,708,409,299
S01008908,820,522,298
S01008909,843,583,260
S01008910,1411,1160,251
S01008911,1117,960,157
S01008912,660,497,163
S01008913,369,273,96
S01008914,799,567,232
S01008915,501,364,137
S01008916,923,560,363
S01008917,532,331,201
S01008918,586,372,214
S01008919,482,276,206
S01008920,1235,1034,201
S01008921,1057,706,351
S01008922,899,613,286
S01008923,1009,749,260
S01008924,1741,1298,443
S01008925,587,448,139
S01008926,1278,985,293
S01008927,947,756,191
S01008928,638,459,179
S01008929,1054,614,440
S01008930,779,510,269
S01008931,547,354,193
S01008932,875,683,192
S01008933,664,462,202
S01008934,605,421,184
S01008935,748,523,225
S01008936,448,299,149
S01008937,599,421,178
S01008938,680,491,189
S01008939,548,377,171
S01008940,520,347,173
S01008941,629,433,196
S01008942,859,584,275
S01008943,592,356,236
S01008944,686,422,264
S01008945,788,576,212
S01008946,636,401,235
S01008947,754,506,248
S01008948,704,483,221
S01008949,975,690,285
S01008950,743,535,208
S01008951,775,522,253
S01008952,1081,762,319
S01008953,783,553,230
S01008954,647,442,205
S01008955,652,492,160
S01008956,964,731,233
S01008957,837,577,260
S01008958,594,416,178
S01008959,782,579,203
S01008960,739,597,142
S01008961,748,536,212
S01008962,481,349,132
S01008963,707,499,208
S01008964,504,368,136
S01008965,516,328,188
S01008966,620,443,177
S01008967,779,533,246
S01008968,805,584,221
S01008969,766,556,210
S01008970,842,627,215
S01008971,522,382,140
S01008972,1035,734,301
S01008973,585,406,179
S01008974,629,431,198
S01008975,581,374,207
S01008976,541,374,167
S01008977,615,438,177
S01008978,537,409,128
S01008979,633,502,131
S01008980,592,454,138
S01008981,550,374,176
S01008982,696,529,167
S01008983,673,548,125
S01008984,366,278,88
S01008985,594,473,121
S01008986,645,493,152
S01008987,729,515,214
S01008988,725,506,219
S01008989,819,661,158
S01008990,983,823,160
S01008991,967,795,172
S01008992,336,236,100
S01008993,968,724,244
S01008994,782,582,200
S01008995,851,651,200
S01008996,533,384,149
S01008997,814,636,178
S01008998,863,634,229
S01008999,706,454,252
S01009000,848,586,262
S01009001,604,421,183
S01009002,664,498,166
S01009003,770,588,182
S01009004,639,477,162
S01009005,761,562,199
S01009006,960,612,348
S01009007,630,442,188
S01009008,681,468,213
S01009009,327,221,106
S01009010,1083,858,225
S01009011,925,751,174
S01009012,683,532,151
S01009013,811,636,175
S01009014,609,440,169
S01009015,459,302,157
S01009016,367,248,119
S01009017,528,358,170
S01009018,559,406,153
S01009019,680,524,156
S01009020,771,605,166
S01009021,560,393,167
S01009022,675,474,201
S01009023,700,455,245
S01009024,906,602,304
S01009025,669,485,184
S01009026,842,591,251
S01009027,657,418,239
S01009028,473,319,154
S01009029,620,428,192
S01009030,753,524,229
S01009031,566,385,181
S01009032,484,302,182
S01009033,641,417,224
S01009034,496,323,173
S01009035,669,488,181
S01009036,752,559,193
S01009037,746,569,177
S01009038,793,581,212
S01009039,722,537,185
S01009040,583,420,163
S01009041,855,612,243
S01009042,620,463,157
S01009043,924,675,249
S01009044,678,466,212
S01009045,825,595,230
S01009046,641,458,183
S01009047,586,432,154
S01009048,618,440,178
S01009049,584,391,193
S01009050,720,544,176
S01009051,763,575,188
S01009052,700,501,199
S01009053,402,249,153
S01009054,540,371,169
S01009055,643,480,163
S01009056,415,258,157
S01009057,546,386,160
S01009058,783,513,270
S01009059,657,505,152
S01009060,877,685,192
S01009061,731,525,206
S01009062,645,412,233
S01009063,569,404,165
S01009064,522,368,154
S01009065,1209,877,332
S01009066,539,365,174
S01009067,483,389,94
S01009068,670,497,173
S01009069,715,561,154
S01009070,717,517,200
S01009071,498,351,147
S01009072,961,764,197
S01009073,598,395,203
S01009074,732,513,219
S01009075,550,378,172
S01009076,908,696,212
S01009077,717,534,183
S01009078,425,332,93
S01009079,969,699,270
S01009080,1475,1052,423
S01009081,1120,834,286
S01009082,1241,931,310
S01009083,585,405,180
S01009084,2909,2446,463
S01009085,926,784,142
S01009086,1265,998,267
S01009087,1196,916,280
S01009088,936,650,286
S01009089,623,520,103
S01009090,365,315,50
S01009091,1305,1082,223
S01009092,780,537,243
S01009093,752,561,191
S01009094,643,411,232
S01009095,928,614,314
S01009096,757,602,155
S01009097,1274,1027,247
S01009098,386,261,125
S01009099,605,409,196
S01009100,876,577,299
S01009101,784,557,227
S01009102,753,531,222
S01009103,498,332,166
S01009104,603,407,196
S01009105,592,439,153
S01009106,580,424,156
S01009107,926,737,189
S01009108,691,476,215
S01009109,772,560,212
S01009110,600,408,192
S01009111,824,648,176
S01009112,421,279,142
S01009113,508,346,162
S01009114,693,542,151
S01009115,698,555,143
S01009116,655,466,189
S01009117,570,426,144
S01009118,459,387,72
S01009119,692,465,227
S01009120,568,420,148
S01009121,836,602,234
S01009122,1054,785,269
S01009123,282,213,69
S01009124,698,537,161
S01009125,672,462,210
S01009126,592,401,191
S01009127,513,363,150
S01009128,695,448,247
S01009129,463,314,149
S01009130,527,390,137
S01009131,593,402,191
S01009132,716,560,156
S01009133,590,421,169
S01009134,758,546,212
S01009135,441,372,69
S01009136,794,669,125
S01009137,1008,877,131
S01009138,787,582,205
S01009139,472,352,120
S01009140,569,395,174
S01009141,528,358,170
S01009142,668,475,193
S01009143,435,275,160
S01009144,1111,890,221
S01009145,1421,1013,408
S01009146,915,645,270
S01009147,1223,915,308
S01009148,573,386,187
S01009149,666,478,188
S01009150,455,100,355
S01009151,587,369,218
S01009152,624,374,250
S01009153,619,488,131
S01009154,684,479,205
S01009155,499,343,156
S01009156,1011,788,223
S01009157,669,474,195
S01009158,606,440,166
S01009159,470,284,186
S01009160,510,344,166
S01009161,664,440,224
S01009162,579,375,204
S01009163,415,289,126
S01009164,734,510,224
S01009165,543,363,180
S01009166,720,471,249
S01009167,556,389,167
S01009168,849,582,267
S01009169,629,354,275
S01009170,518,362,156
S01009171,1334,1091,243
S01009172,803,616,187
S01009173,1083,875,208
S01009174,68,62,6
S01009175,1290,1079,211
S01009176,1007,779,228
S01009177,629,449,180
S01009178,617,447,170
S01009179,640,461,179
S01009180,742,510,232
S01009181,1095,814,281
S01009182,882,673,209
S01009183,799,648,151
S01009184,904,608,296
S01009185,834,561,273
S01009186,737,527,210
S01009187,850,656,194
S01009188,1033,772,261
S01009189,1082,800,282
S01009190,1270,679,591
S01009191,534,457,77
S01009192,1124,541,583
S01009193,537,434,103
S01009194,721,504,217
S01009195,1205,624,581
S01009196,528,360,168
S01009197,1510,1217,293
S01009198,629,438,191
S01009199,649,487,162
S01009200,997,713,284
S01009201,526,376,150
S01009202,422,326,96
S01009203,442,254,188
S01009204,814,573,241
S01009205,933,758,175
S01009206,852,669,183
S01009207,732,489,243
S01009208,478,294,184
S01009209,922,630,292
S01009210,641,428,213
S01009211,547,385,162
S01009212,669,422,247
S01009213,637,451,186
S01009214,917,673,244
S01009215,820,581,239
S01009216,834,579,255
S01009217,593,395,198
S01009218,836,581,255
S01009219,559,397,162
S01009220,462,307,155
S01009221,441,318,123
S01009222,469,331,138
S01009223,410,278,132
S01009224,764,519,245
S01009225,542,370,172
S01009226,904,595,309
S01009227,465,308,157
S01009228,570,370,200
S01009229,682,483,199
S01009230,703,527,176
S01009231,734,534,200
S01009232,516,357,159
S01009233,554,366,188
S01009234,862,587,275
S01009235,690,508,182
S01009236,510,336,174
S01009237,546,387,159
S01009238,782,495,287
S01009239,643,474,169
S01009240,495,349,146
S01009241,663,434,229
S01009242,695,474,221
S01009243,881,633,248
S01009244,641,434,207
S01009245,670,466,204
S01009246,766,544,222
S01009247,903,664,239
S01009248,532,354,178
S01009249,820,571,249
S01009250,587,400,187
S01009251,435,293,142
S01009252,348,293,55
S01009253,538,307,231
S01009254,690,437,253
S01009255,627,487,140
S01009256,471,308,163
S01009257,531,368,163
S01009258,1187,931,256
S01009259,803,602,201
S01009260,1605,1269,336
S01009261,601,380,221
S01009262,570,374,196
S01009263,913,717,196
S01009264,590,415,175
S01009265,593,426,167
S01009266,817,536,281
S01009267,612,425,187
S01009268,723,503,220
S01009269,1157,810,347
S01009270,546,365,181
S01009271,718,532,186
S01009272,664,474,190
S01009273,686,431,255
S01009274,663,405,258
S01009275,504,324,180
S01009276,808,529,279
S01009277,602,413,189
S01009278,633,458,175
S01009279,838,584,254
S01009280,629,359,270
S01009281,678,375,303
S01009282,1044,722,322
S01009283,458,362,96
S01009284,614,474,140
S01009285,675,511,164
S01009286,768,540,228
S01009287,610,392,218
S01009288,690,449,241
S01009289,673,450,223
S01009290,471,293,178
S01009291,918,638,280
S01009292,385,270,115
S01009293,726,558,168
S01009294,764,547,217
S01009295,599,435,164
S01009296,781,585,196
S01009297,1232,927,305
S01009298,953,644,309
S01009299,820,623,197
S01009300,496,369,127
S01009301,803,585,218
S01009302,692,477,215
S01009303,564,386,178
S01009304,900,631,269
S01009305,768,564,204
S01009306,1003,791,212
S01009307,1024,777,247
S01009308,890,704,186
S01009309,580,468,112
S01009310,720,493,227
S01009311,728,459,269
S01009312,796,629,167
S01009313,503,334,169
S01009314,708,496,212
S01009315,523,350,173
S01009316,715,534,181
S01009317,697,493,204
S01009318,741,563,178
S01009319,692,445,247
S01009320,652,474,178
S01009321,814,580,234
S01009322,656,437,219
S01009323,1058,738,320
S01009324,461,332,129
S01009325,713,535,178
S01009326,354,259,95
S01009327,436,263,173
S01009328,869,768,101
S01009330,100,53,47
S01009331,915,809,106
S01009332,632,432,200
S01009333,658,502,156
S01009334,473,300,173
S01009335,592,392,200
S01009336,485,313,172
S01009337,666,440,226
S01009338,1416,1115,301
S01009339,797,530,267
S01009340,647,446,201
S01009341,706,483,223
S01009342,636,458,178
S01009343,433,322,111
S01009344,562,391,171
S01009345,906,675,231
S01009346,4289,3699,590
S01009347,4430,3789,641
S01009348,4362,3751,611
S01009349,753,628,125
S01009350,130,95,35
S01009351,73,52,21
S01009352,58,32,26
S01009353,4614,3977,637
S01009354,5042,4327,715
S01009355,818,563,255
S01009356,760,531,229
S01009357,509,394,115
S01009358,338,253,85
S01009359,902,740,162
S01009360,646,458,188
S01009361,665,467,198
S01009362,939,682,257
S01009363,717,494,223
S01009364,672,526,146
S01009365,639,467,172
S01009366,637,423,214
S01009367,564,398,166
S01009368,753,595,158
S01009369,734,529,205
S01009370,668,452,216
S01009371,397,276,121
S01009372,505,360,145
S01009373,708,491,217
S01009374,756,511,245
S01009375,606,404,202
S01009376,686,459,227
S01009377,978,868,110
S01009378,929,698,231
S01009379,678,546,132
S01009380,603,461,142
S01009381,592,464,128
S01009382,1079,755,324
S01009383,785,555,230
S01009384,434,303,131
S01009385,560,386,174
S01009386,837,571,266
S01009387,692,481,211
S01009388,865,585,280
S01009389,794,541,253
S01009390,543,450,93
S01009391,624,516,108
S01009392,392,314,78
S01009393,703,546,157
S01009394,695,496,199
S01009395,762,481,281
S01009396,562,344,218
S01009397,534,384,150
S01009398,904,668,236
S01009399,775,573,202
S01009400,689,475,214
S01009401,698,434,264
S01009402,598,378,220
S01009403,556,425,131
S01009404,456,305,151
S01009405,585,423,162
S01009406,695,488,207
S01009407,393,265,128
S01009408,659,496,163
S01009409,584,388,196
S01009410,667,463,204
S01009411,1015,707,308
S01009412,644,441,203
S01009413,967,666,301
S01009414,605,411,194
S01009415,895,590,305
S01009416,495,359,136
S01009417,1090,882,208
S01009418,1022,676,346
S01009419,1518,1161,357
S01009420,554,334,220
S01009421,522,333,189
S01009422,1614,1252,362
S01009423,989,813,176
S01009424,533,347,186
S01009425,640,429,211
S01009426,742,462,280
S01009427,433,271,162
S01009428,449,259,190
S01009429,613,364,249
S01009430,547,344,203
S01009431,1492,1131,361
S01009432,796,517,279
S01009433,590,361,229
S01009434,398,243,155
S01009435,712,453,259
S01009436,607,401,206
S01009437,719,469,250
S01009438,818,492,326
S01009439,836,516,320
S01009440,621,412,209
S01009441,657,448,209
S01009442,952,704,248
S01009443,2007,1627,380
S01009444,686,515,171
S01009445,811,547,264
S01009446,1139,789,350
S01009447,598,401,197
S01009448,547,366,181
S01009449,498,320,178
S01009450,505,312,193
S01009451,895,570,325
S01009452,588,372,216
S01009453,748,499,249
S01009454,804,550,254
S01009455,1003,677,326
S01009456,649,420,229
S01009457,564,382,182
S01009458,481,322,159
S01009459,820,552,268
S01009460,606,413,193
S01009461,546,402,144
S01009462,907,642,265
S01009463,741,499,242
S01009464,625,457,168
S01009465,920,654,266
S01009466,605,425,180
S01009467,621,399,222
S01009468,565,361,204
S01009469,619,417,202
S01009470,1204,878,326
S01009471,469,263,206
S01009472,866,578,288
S01009473,784,515,269
S01009474,649,477,172
S01009475,192,152,40
S01009476,968,749,219
S01009477,758,531,227
S01009478,799,594,205
S01009479,781,543,238
S01009480,836,600,236
S01009481,693,541,152
S01009482,477,361,116
S01009483,576,464,112
S01009484,879,548,331
S01009485,565,357,208
S01009486,554,360,194
S01009487,830,558,272
S01009488,682,492,190
S01009489,638,392,246
S01009490,623,396,227
S01009491,491,278,213
S01009492,680,455,225
S01009493,1427,1001,426
S01009494,919,721,198
S01009495,696,519,177
S01009496,585,395,190
S01009497,855,597,258
S01009498,507,323,184
S01009499,597,384,213
S01009500,605,390,215
S01009501,543,361,182
S01009502,725,504,221
S01009503,718,524,194
S01009504,601,386,215
S01009505,640,425,215
S01009506,795,501,294
S01009507,788,585,203
S01009508,867,585,282
S01009509,779,544,235
S01009510,616,416,200
S01009511,676,446,230
S01009512,762,541,221
S01009513,688,411,277
S01009514,656,489,167
S01009515,585,372,213
S01009516,820,516,304
S01009517,57,38,19
S01009518,1561,1328,233
S01009519,701,436,265
S01009520,2119,1718,401
S01009521,678,381,297
S01009522,875,591,284
S01009523,552,324,228
S01009524,633,396,237
S01009525,398,258,140
S01009526,541,430,111
S01009527,662,480,182
S01009528,560,352,208
S01009529,811,574,237
S01009530,661,464,197
S01009531,687,418,269
S01009532,736,389,347
S01009533,693,467,226
S01009534,587,368,219
S01009535,643,401,242
S01009536,378,252,126
S01009537,447,279,168
S01009538,745,485,260
S01009539,729,495,234
S01009540,761,525,236
S01009541,922,655,267
S01009542,776,551,225
S01009543,729,506,223
S01009544,762,522,240
S01009545,824,613,211
S01009546,575,383,192
S01009547,737,468,269
S01009548,770,544,226
S01009549,987,720,267
S01009550,418,302,116
S01009551,493,342,151
S01009552,1325,954,371
S01009553,792,530,262
S01009554,610,407,203
S01009555,683,491,192
S01009556,686,475,211
S01009557,714,479,235
S01009558,486,307,179
S01009559,920,603,317
S01009560,610,374,236
S01009561,460,286,174
S01009562,826,548,278
S01009563,643,403,240
S01009564,465,294,171
S01009565,426,262,164
S01009566,1262,947,315
S01009567,717,487,230
S01009568,622,394,228
S01009569,734,464,270
S01009570,482,319,163
S01009571,583,381,202
S01009572,761,494,267
S01009573,537,337,200
S01009574,1058,762,296
S01009575,573,397,176
S01009576,1061,833,228
S01009577,701,512,189
S01009578,798,566,232
S01009579,230,150,80
S01009580,883,690,193
S01009581,596,385,211
S01009582,421,308,113
S01009583,582,393,189
S01009584,372,253,119
S01009585,912,617,295
S01009586,794,489,305
S01009587,668,405,263
S01009588,725,490,235
S01009589,838,591,247
S01009590,671,469,202
S01009591,751,548,203
S01009592,832,557,275
S01009593,532,396,136
S01009594,478,360,118
S01009595,621,476,145
S01009596,793,548,245
S01009597,781,522,259
S01009598,509,325,184
S01009599,899,610,289
S01009600,735,489,246
S01009601,671,465,206
S01009602,592,471,121
S01009603,553,352,201
S01009604,546,367,179
S01009605,736,490,246
S01009606,572,459,113
S01009607,404,278,126
S01009608,427,315,112
S01009609,805,585,220
S01009610,773,528,245
S01009611,337,246,91
S01009612,449,329,120
S01009613,528,410,118
S01009614,485,356,129
S01009615,483,311,172
S01009616,1299,986,313
S01009617,630,461,169
S01009618,730,476,254
S01009619,547,343,204
S01009620,665,410,255
S01009621,591,369,222
S01009622,616,372,244
S01009623,541,331,210
S01009624,668,412,256
S01009625,1180,896,284
S01009626,589,345,244
S01009627,672,419,253
S01009628,419,217,202
S01009629,1188,866,322
S01009630,582,367,215
S01009631,600,355,245
S01009632,483,284,199
S01009633,512,318,194
S01009634,540,299,241
S01009635,954,625,329
S01009636,693,427,266
S01009637,705,469,236
S01009638,514,294,220
S01009639,714,467,247
S01009640,627,405,222
S01009641,624,395,229
S01009642,778,553,225
S01009643,605,493,112
S01009644,418,248,170
S01009645,647,417,230
S01009646,535,345,190
S01009647,424,262,162
S01009648,945,626,319
S01009649,1123,737,386
S01009650,565,350,215
S01009651,682,464,218
S01009652,780,503,277
S01009653,581,418,163
S01009654,408,259,149
S01009655,748,479,269
S01009656,594,306,288
S01009657,741,502,239
S01009658,886,631,255
S01009659,480,320,160
S01009660,758,496,262
S01009661,1362,1040,322
S01009662,681,490,191
S01009663,608,420,188
S01009664,867,620,247
S01009665,1014,702,312
S01009666,862,592,270
S01009667,384,270,114
S01009668,421,325,96
S01009669,432,285,147
S01009670,586,420,166
S01009671,708,526,182
S01009672,905,642,263
S01009673,645,437,208
S01009674,857,605,252
S01009675,682,477,205
S01009676,996,715,281
S01009677,582,423,159
S01009678,442,305,137
S01009679,878,603,275
S01009680,941,657,284
S01009681,609,391,218
S01009682,612,397,215
S01009683,608,389,219
S01009684,1068,754,314
S01009685,817,513,304
S01009686,998,698,300
S01009687,760,548,212
S01009688,856,575,281
S01009689,452,331,121
S01009690,600,445,155
S01009691,531,367,164
S01009692,858,552,306
S01009693,659,481,178
S01009694,848,535,313
S01009695,693,472,221
S01009696,746,519,227
S01009697,602,426,176
S01009698,550,385,165
S01009699,397,215,182
S01009700,488,324,164
S01009701,505,279,226
S01009702,472,331,141
S01009703,612,396,216
S01009704,818,545,273
S01009705,549,393,156
S01009706,576,411,165
S01009707,359,271,88
S01009708,544,367,177
S01009709,618,396,222
S01009710,480,347,133
S01009711,707,481,226
S01009712,514,333,181
S01009713,653,391,262
S01009714,662,412,250
S01009715,500,334,166
S01009716,948,539,409
S01009717,1230,539,691
S01009718,701,429,272
S01009719,743,479,264
S01009720,664,400,264
S01009721,638,203,435
S01009722,1012,303,709
S01009723,966,311,655
S01009724,923,439,484
S01009725,938,394,544
S01009726,988,291,697
S01009727,1166,763,403
S01009728,562,369,193
S01009729,698,436,262
S01009730,1243,785,458
S01009731,698,333,365
S01009732,2870,694,2176
S01009733,552,373,179
S01009734,1496,800,696
S01009735,1039,378,661
S01009736,2994,612,2382
S01009737,590,449,141
S01009738,343,260,83
S01009739,566,454,112
S01009740,567,364,203
S01009741,681,598,83
S01009742,391,264,127
S01009743,890,604,286
S01009744,627,424,203
S01009745,885,630,255
S01009746,614,428,186
S01009747,752,535,217
S01009748,550,364,186
S01009749,721,506,215
S01009750,542,394,148
S01009751,804,576,228
S01009752,668,488,180
S01009753,572,392,180
S01009754,1094,743,351
S01009755,495,353,142
S01009756,677,463,214
S01009757,606,406,200
S01009758,746,554,192
S01009759,841,511,330
S01009760,785,485,300
S01009761,1707,1251,456
S01009762,796,486,310
S01009763,332,260,72
S01009764,829,570,259
S01009765,751,534,217
S01009766,659,531,128
S01009767,1533,1085,448
S01009768,578,440,138
S01009769,1061,818,243
S01009770,642,456,186
S01009771,652,475,177
S01009772,1496,1131,365
S01009773,128,89,39
S01009774,70,56,14
S01009775,631,328,303
S01009776,804,478,326
S01009777,446,293,153
S01009778,809,374,435
S01009779,531,295,236
S01009780,958,639,319
S01009781,582,323,259
S01009782,760,536,224
S01009783,544,351,193
S01009784,700,393,307
S01009785,817,457,360
S01009786,805,470,335
S01009787,642,385,257
S01009788,873,525,348
S01009789,834,498,336
S01009790,715,465,250
S01009791,544,324,220
S01009792,330,243,87
S01009793,735,507,228
S01009794,361,306,55
S01009795,755,632,123
S01009796,1440,1048,392
S01009797,711,542,169
S01009798,786,611,175
S01009799,1022,621,401
S01009800,895,572,323
S01009801,899,552,347
S01009802,735,499,236
S01009803,794,481,313
S01009804,1227,904,323
S01009805,696,419,277
S01009806,827,541,286
S01009807,672,464,208
S01009808,923,545,378
S01009809,785,559,226
S01009810,680,422,258
S01009811,928,533,395
S01009812,627,390,237
S01009813,759,462,297
S01009814,818,525,293
S01009815,750,552,198
S01009816,838,628,210
S01009817,597,396,201
S01009818,716,441,275
S01009819,734,460,274
S01009820,686,456,230
S01009821,565,406,159
S01009822,572,396,176
S01009823,715,420,295
S01009824,771,525,246
S01009825,912,626,286
S01009826,521,346,175
S01009827,624,381,243
S01009828,899,529,370
S01009829,825,596,229
S01009830,679,479,200
S01009831,848,665,183
S01009832,772,540,232
S01009833,501,369,132
S01009834,849,620,229
S01009835,443,277,166
S01009836,723,497,226
S01009837,722,458,264
S01009838,563,383,180
S01009839,869,558,311
S01009840,731,442,289
S01009841,927,588,339
S01009842,738,462,276
S01009843,556,294,262
S01009844,536,313,223
S01009845,1011,678,333
S01009846,787,517,270
S01009847,565,380,185
S01009848,666,407,259
S01009849,711,441,270
S01009850,725,465,260
S01009851,756,466,290
S01009852,416,256,160
S01009853,643,405,238
S01009854,716,475,241
S01009855,568,404,164
S01009856,460,269,191
S01009857,629,409,220
S01009858,707,472,235
S01009859,855,454,401
S01009860,865,472,393
S01009861,1082,628,454
S01009862,866,551,315
S01009863,810,539,271
S01009864,662,415,247
S01009865,467,321,146
S01009866,799,560,239
S01009867,1057,802,255
S01009868,901,682,219
S01009869,724,534,190
S01009870,670,430,240
S01009871,719,402,317
S01009872,658,470,188
S01009873,684,431,253
S01009874,782,496,286
S01009875,653,374,279
S01009876,774,449,325
S01009877,684,437,247
S01009878,517,311,206
S01009879,745,530,215
S01009880,827,511,316
S01009881,695,466,229
S01009882,1196,926,270
S01009883,935,666,269
S01009884,747,525,222
S01009885,621,387,234
S01009886,571,333,238
S01009887,865,533,332
S01009888,580,370,210
S01009889,842,506,336
S01009890,598,365,233
S01009891,577,382,195
S01009892,966,584,382
S01009893,767,543,224
S01009894,758,433,325
S01009895,701,406,295
S01009896,919,478,441
S01009897,952,614,338
S01009898,699,374,325
S01009899,836,651,185
S01009900,985,864,121
S01009901,839,720,119
S01009902,848,528,320
S01009903,789,575,214
S01009904,614,493,121
S01009905,605,430,175
S01009906,543,410,133
S01009907,1130,840,290
S01009908,1089,868,221
S01009909,788,622,166
S01009910,698,575,123
S01009911,937,689,248
S01009912,757,513,244
S01009913,761,508,253
S01009914,733,511,222
S01009915,686,502,184
S01009916,901,561,340
S01009917,647,464,183
S01009918,671,462,209
S01009919,934,667,267
S01009920,908,727,181
S01009921,691,585,106
S01009922,1105,902,203
S01009923,810,620,190
S01009924,938,726,212
S01009925,996,813,183
S01009926,797,621,176
S01009927,493,364,129
S01009928,736,569,167
S01009929,438,346,92
S01009930,896,740,156
S01009931,765,658,107
S01009932,859,711,148
S01009933,1298,899,399
S01009934,1059,809,250
S01009935,551,297,254
S01009936,874,581,293
S01009937,516,265,251
S01009938,727,387,340
S01009939,879,464,415
S01009940,636,326,310
S01009941,922,634,288
S01009942,854,511,343
S01009943,965,528,437
S01009944,794,514,280
S01009945,761,464,297
S01009946,735,452,283
S01009947,632,381,251
S01009948,926,577,349
S01009949,699,462,237
S01009950,547,388,159
S01009951,641,435,206
S01009952,772,529,243
S01009953,1012,685,327
S01009954,551,355,196
S01009955,817,564,253
S01009956,617,398,219
S01009957,976,690,286
S01009958,891,673,218
S01009959,644,408,236
S01009960,955,679,276
S01009961,508,334,174
S01009962,864,654,210
S01009963,869,616,253
S01009964,934,685,249
S01009965,699,507,192
S01009966,895,649,246
S01009967,772,561,211
S01009968,468,343,125
S01009969,967,619,348
S01009970,743,426,317
S01009971,1159,742,417
S01009972,639,423,216
S01009973,641,427,214
S01009974,657,351,306
S01009975,653,327,326
S01009976,593,339,254
S01009977,873,387,486
S01009978,947,543,404
S01009979,734,399,335
S01009980,537,247,290
S01009981,714,420,294
S01009982,748,497,251
S01009983,486,254,232
S01009984,772,504,268
S01009985,456,266,190
S01009986,529,277,252
S01009987,618,370,248
S01009988,490,238,252
S01009989,781,565,216
S01009990,757,551,206
S01009991,783,609,174
S01009992,671,357,314
S01009993,626,490,136
S01009994,512,381,131
S01009995,517,397,120
S01009996,667,489,178
S01009997,494,380,114
S01009998,689,463,226
S01009999,647,439,208
S01010000,664,500,164
S01010001,567,404,163
S01010002,1030,729,301
S01010003,748,541,207
S01010004,675,479,196
S01010005,805,608,197
S01010006,1068,837,231
S01010007,719,553,166
S01010008,655,500,155
S01010009,579,467,112
S01010010,1078,790,288
S01010011,693,490,203
S01010012,1135,806,329
S01010013,832,617,215
S01010014,1062,796,266
S01010015,889,725,164
S01010016,513,325,188
S01010017,720,458,262
S01010018,871,524,347
S01010019,843,461,382
S01010020,741,463,278
S01010021,597,305,292
S01010022,788,431,357
S01010023,1023,572,451
S01010024,640,425,215
S01010025,741,424,317
S01010026,1423,913,510
S01010027,1571,1101,470
S01010028,570,335,235
S01010029,393,180,213
S01010030,769,533,236
S01010031,995,753,242
S01010032,1453,926,527
S01010033,902,571,331
S01010034,1208,637,571
S01010035,829,416,413
S01010036,1519,1125,394
S01010037,766,413,353
S01010038,1100,654,446
S01010039,988,691,297
S01010040,792,562,230
S01010041,945,631,314
S01010042,1270,952,318
S01010043,796,505,291
S01010044,1148,748,400
S01010045,591,284,307
S01010046,886,483,403
S01010047,786,390,396
S01010048,1037,530,507
S01010049,777,432,345
S01010050,733,373,360
S01010051,616,315,301
S01010052,515,305,210
S01010053,666,400,266
S01010054,550,268,282
S01010055,1048,597,451
S01010056,462,275,187
S01010057,402,264,138
S01010058,762,465,297
S01010059,598,425,173
S01010060,762,474,288
S01010061,622,441,181
S01010062,575,362,213
S01010063,886,568,318
S01010064,574,375,199
S01010065,635,371,264
S01010066,570,300,270
S01010067,794,484,310
S01010068,545,349,196
S01010069,823,627,196
S01010070,546,431,115
S01010071,674,439,235
S01010072,838,578,260
S01010073,733,502,231
S01010074,827,555,272
S01010075,568,331,237
S01010076,633,410,223
S01010077,555,310,245
S01010078,532,391,141
S01010079,710,500,210
S01010080,615,394,221
S01010081,868,553,315
S01010082,656,467,189
S01010083,773,476,297
S01010084,833,496,337
S01010085,851,562,289
S01010086,788,428,360
S01010087,449,284,165
S01010088,1140,985,155
S01010089,818,549,269
S01010090,866,647,219
S01010091,1348,1121,227
S01010092,845,434,411
S01010093,745,525,220
S01010094,892,641,251
S01010095,948,728,220
S01010096,690,509,181
S01010097,543,387,156
S01010098,534,390,144
S01010099,698,506,192
S01010100,675,441,234
S01010101,835,585,250
S01010102,590,479,111
S01010103,684,552,132
S01010104,777,630,147
S01010105,569,351,218
S01010106,466,291,175
S01010107,780,502,278
S01010108,571,367,204
S01010109,1682,1277,405
S01010110,784,428,356
S01010111,853,458,395
S01010112,864,491,373
S01010113,374,223,151
S01010114,634,326,308
S01010115,473,358,115
S01010116,1078,806,272
S01010117,1060,882,178
S01010118,571,301,270
S01010119,380,265,115
S01010120,744,422,322
S01010121,591,350,241
S01010122,400,190,210
S01010123,513,324,189
S01010124,561,420,141
S01010125,650,390,260
S01010126,502,363,139
S01010127,520,292,228
S01010128,528,280,248
S01010129,752,419,333
S01010130,696,412,284
S01010131,838,570,268
S01010132,829,438,391
S01010133,680,349,331
S01010134,944,572,372
S01010135,818,444,374
S01010136,805,534,271
S01010137,882,536,346
S01010138,798,377,421
S01010139,941,600,341
S01010140,763,539,224
S01010141,807,444,363
S01010142,519,360,159
S01010143,576,325,251
S01010144,557,387,170
S01010145,586,379,207
S01010146,1000,624,376
S01010147,855,482,373
S01010148,990,610,380
S01010149,541,371,170
S01010150,621,312,309
S01010151,659,332,327
S01010152,701,446,255
S01010153,763,436,327
S01010154,682,339,343
S01010155,563,323,240
S01010156,751,427,324
S01010157,721,440,281
S01010158,667,385,282
S01010159,513,282,231
S01010160,631,358,273
S01010161,666,447,219
S01010162,710,396,314
S01010163,934,534,400
S01010164,617,359,258
S01010165,459,256,203
S01010166,1136,729,407
S01010167,701,360,341
S01010168,460,310,150
S01010169,611,411,200
S01010170,683,404,279
S01010171,1146,732,414
S01010172,561,304,257
S01010173,777,473,304
S01010174,1345,447,898
S01010175,344,212,132
S01010176,697,388,309
S01010177,541,307,234
S01010178,762,455,307
S01010179,1222,738,484
S01010180,666,435,231
S01010181,778,460,318
S01010182,892,634,258
S01010183,1117,798,319
S01010184,462,279,183
S01010185,516,303,213
S01010186,501,369,132
S01010187,654,496,158
S01010188,1477,1142,335
S01010189,730,612,118
S01010190,156,112,44
S01010191,521,414,107
S01010192,769,612,157
S01010193,658,487,171
S01010194,503,294,209
S01010195,747,421,326
S01010196,617,352,265
S01010197,574,352,222
S01010198,835,460,375
S01010199,491,304,187
S01010200,487,290,197
S01010201,675,457,218
S01010202,520,288,232
S01010203,570,428,142
S01010204,880,510,370
S01010205,534,317,217
S01010206,338,72,266
S01010207,524,227,297
S01010208,849,573,276
S01010209,735,490,245
S01010210,767,470,297
S01010211,685,336,349
S01010212,908,496,412
S01010213,802,468,334
S01010214,717,483,234
S01010215,758,374,384
S01010216,750,402,348
S01010217,725,414,311
S01010218,963,621,342
S01010219,576,328,248
S01010220,523,393,130
S01010221,481,251,230
S01010222,599,406,193
S01010223,544,315,229
S01010224,942,517,425
S01010225,742,478,264
S01010226,547,298,249
S01010227,618,318,300
S01010228,499,253,246
S01010229,849,537,312
S01010230,1080,598,482
S01010231,712,447,265
S01010232,653,417,236
S01010233,1162,670,492
S01010234,898,624,274
S01010235,742,592,150
S01010236,618,451,167
S01010237,841,629,212
S01010238,910,689,221
S01010239,796,476,320
S01010240,926,620,306
S01010241,830,583,247
S01010242,976,636,340
S01010243,1107,733,374
S01010244,802,454,348
S01010245,870,442,428
S01010246,854,469,385
S01010247,749,506,243
S01010248,843,641,202
S01010249,894,656,238
S01010250,972,751,221
S01010251,656,511,145
S01010252,629,462,167
S01010253,581,327,254
S01010254,924,578,346
S01010255,962,507,455
S01010256,857,539,318
S01010257,2733,996,1737
S01010258,2276,1035,1241
S01010259,1446,648,798
S01010260,1623,727,896
S01010261,2702,1074,1628
S01010262,1005,511,494
S01010263,810,560,250
S01010264,1230,851,379
S01010265,1267,850,417
S01010266,816,477,339
S01010267,858,480,378
S01010268,879,547,332
S01010269,867,464,403
S01010270,1227,564,663
S01010271,842,475,367
S01010272,1154,716,438
S01010273,1030,722,308
S01010274,658,459,199
S01010275,1316,931,385
S01010276,920,703,217
S01010277,464,267,197
S01010278,1074,661,413
S01010279,741,459,282
S01010280,798,597,201
S01010281,719,502,217
S01010282,1101,716,385
S01010283,779,573,206
S01010284,1589,905,684
S01010285,1005,656,349
S01010286,2210,1235,975
S01010287,1220,731,489
S01010288,1098,727,371
S01010289,687,525,162
S01010290,758,492,266
S01010291,1048,549,499
S01010292,1113,690,423
S01010293,806,497,309
S01010294,934,532,402
S01010295,870,522,348
S01010296,739,445,294
S01010297,794,468,326
S01010298,744,449,295
S01010299,473,255,218
S01010300,1260,776,484
S01010301,457,305,152
S01010302,677,376,301
S01010303,458,217,241
S01010304,614,347,267
S01010305,1004,636,368
S01010306,739,510,229
S01010307,799,589,210
S01010308,858,591,267
S01010309,516,277,239
S01010310,677,403,274
S01010311,815,394,421
S01010312,774,384,390
S01010313,1241,611,630
S01010314,1215,653,562
S01010315,807,564,243
S01010316,817,556,261
S01010317,1213,881,332
S01010318,1648,740,908
S01010319,899,607,292
S01010320,683,417,266
S01010321,922,657,265
S01010322,1206,881,325
S01010323,558,284,274
S01010324,702,362,340
S01010325,733,362,371
S01010326,1002,588,414
S01010327,921,631,290
S01010328,825,518,307
S01010329,377,220,157
S01010330,516,289,227
S01010331,907,516,391
S01010332,793,422,371
S01010333,712,440,272
S01010334,924,608,316
S01010335,814,450,364
S01010336,846,549,297
S01010337,662,380,282
S01010338,641,340,301
S01010339,646,362,284
S01010340,628,401,227
S01010341,620,428,192
S01010342,649,488,161
S01010343,1084,871,213
S01010344,722,391,331
S01010345,464,368,96
S01010346,868,632,236
S01010347,885,470,415
S01010348,778,516,262
S01010349,865,532,333
S01010350,955,580,375
S01010351,766,508,258
S01010352,629,407,222
S01010353,789,385,404
S01010354,562,328,234
S01010355,929,565,364
S01010356,573,416,157
S01010357,536,290,246
S01010358,665,380,285
S01010359,801,442,359
S01010360,430,260,170
S01010361,430,254,176
S01010362,828,491,337
S01010363,607,452,155
S01010364,907,630,277
S01010365,932,691,241
S01010366,1143,829,314
S01010367,1502,790,712
S01010368,673,496,177
S01010369,704,542,162
S01010370,618,468,150
S01010371,1068,746,322
S01010372,764,571,193
S01010373,654,461,193
S01010374,854,592,262
S01010375,808,462,346
S01010376,933,517,416
S01010377,995,503,492
S01010378,884,450,434
S01010379,1421,728,693
S01010380,979,682,297
S01010381,1017,669,348
S01010382,851,628,223
S01010383,761,447,314
S01010384,1225,856,369
S01010385,871,588,283
S01010386,1089,701,388
S01010387,1513,1023,490
S01010388,941,605,336
S01010389,1638,1281,357
S01010390,1183,937,246
S01010391,2663,2094,569
S01010392,1823,1390,433
S01010393,1380,1064,316
S01010394,755,475,280
S01010395,962,695,267
S01010396,863,589,274
S01010397,803,597,206
S01010398,909,694,215
S01010399,1505,1218,287
S01010400,891,669,222
S01010401,670,441,229
S01010402,976,742,234
S01010403,934,680,254
S01010404,985,732,253
S01010405,826,638,188
S01010406,853,613,240
S01010407,1143,668,475
S01010408,466,312,154
S01010409,948,671,277
S01010410,424,315,109
S01010411,1042,755,287
S01010412,790,574,216
S01010413,661,406,255
S01010414,885,631,254
S01010415,897,542,355
S01010416,677,460,217
S01010417,428,336,92
S01010418,1000,733,267
S01010419,1251,918,333
S01010420,801,559,242
S01010421,637,455,182
S01010422,842,588,254
S01010423,831,559,272
S01010424,783,506,277
S01010425,819,527,292
S01010426,903,629,274
S01010427,888,504,384
S01010428,1126,757,369
S01010429,725,550,175
S01010430,784,487,297
S01010431,713,508,205
S01010432,698,442,256
S01010433,623,372,251
S01010434,615,383,232
S01010435,488,338,150
S01010436,634,393,241
S01010437,406,257,149
S01010438,764,521,243
S01010439,1033,751,282
S01010440,806,503,303
S01010441,776,640,136
S01010442,683,500,183
S01010443,533,355,178
S01010444,496,310,186
S01010445,707,406,301
S01010446,649,436,213
S01010447,817,470,347
S01010448,796,529,267
S01010449,696,388,308
S01010450,687,388,299
S01010451,769,465,304
S01010452,642,400,242
S01010453,864,535,329
S01010454,818,502,316
S01010455,697,359,338
S01010456,430,270,160
S01010457,762,452,310
S01010458,603,345,258
S01010459,557,293,264
S01010460,586,438,148
S01010461,745,455,290
S01010462,754,392,362
S01010463,567,388,179
S01010464,462,327,135
S01010465,817,628,189
S01010466,1415,946,469
S01010467,675,428,247
S01010468,898,635,263
S01010469,686,450,236
S01010470,621,414,207
S01010471,665,413,252
S01010472,1110,861,249
S01010473,884,658,226
S01010474,877,607,270
S01010475,1037,818,219
S01010476,747,498,249
S01010477,728,491,237
S01010478,1082,675,407
S01010479,735,470,265
S01010480,588,385,203
S01010481,607,362,245
S01010482,694,451,243
S01010483,823,522,301
S01010484,742,485,257
S01010485,745,524,221
S01010486,905,669,236
S01010487,768,538,230
S01010488,951,596,355
S01010489,1022,640,382
S01010490,602,346,256
S01010491,721,417,304
S01010492,554,286,268
S01010493,845,491,354
S01010494,512,332,180
S01010495,843,480,363
S01010496,1168,631,537
S01010497,788,492,296
S01010498,968,543,425
S01010499,915,517,398
S01010500,864,517,347
S01010501,681,433,248
S01010502,558,410,148
S01010503,628,345,283
S01010504,389,263,126
S01010505,492,341,151
S01010506,671,492,179
S01010507,801,623,178
S01010508,855,599,256
S01010509,919,688,231
S01010510,1180,868,312
S01010511,863,640,223
S01010512,645,454,191
S01010513,684,497,187
S01010514,651,493,158
S01010515,688,497,191
S01010516,477,345,132
S01010517,854,644,210
S01010518,716,546,170
S01010519,688,519,169
S01010520,827,630,197
S01010521,760,583,177
S01010522,572,426,146
S01010523,733,520,213
S01010524,462,323,139
S01010525,580,391,189
S01010526,665,489,176
S01010527,977,691,286
S01010528,586,439,147
S01010529,800,591,209
S01010530,566,418,148
S01010531,803,609,194
S01010532,623,430,193
S01010533,653,483,170
S01010534,813,597,216
S01010535,524,372,152
S01010536,891,677,214
S01010537,1122,883,239
S01010538,805,638,167
S01010539,857,705,152
S01010540,475,338,137
S01010541,649,470,179
S01010542,793,571,222
S01010543,470,349,121
S01010544,932,683,249
S01010545,509,355,154
S01010546,699,506,193
S01010547,567,394,173
S01010548,414,264,150
S01010549,909,623,286
S01010550,510,377,133
S01010551,598,433,165
S01010552,751,562,189
S01010553,486,346,140
S01010554,563,404,159
S01010555,778,557,221
S01010556,790,490,300
S01010557,510,354,156
S01010558,443,272,171
S01010559,491,306,185
S01010560,487,343,144
S01010561,679,475,204
S01010562,755,554,201
S01010563,611,409,202
S01010564,606,363,243
S01010565,729,472,257
S01010566,798,611,187
S01010567,925,695,230
S01010568,1071,782,289
S01010569,777,627,150
S01010570,1177,892,285
S01010571,738,597,141
S01010572,780,588,192
S01010573,501,400,101
S01010574,416,326,90
S01010575,647,467,180
S01010576,613,445,168
S01010577,659,473,186
S01010578,436,351,85
S01010579,580,442,138
S01010580,444,331,113
S01010581,646,520,126
S01010582,489,381,108
S01010583,742,583,159
S01010584,1511,1249,262
S01010585,1473,1227,246
S01010586,492,351,141
S01010587,634,452,182
S01010588,613,461,152
S01010589,1716,1414,302
S01010590,1282,1026,256
S01010591,434,379,55
S01010592,295,227,68
S01010593,1684,1381,303
S01010594,1297,1077,220
S01010595,1291,1078,213
S01010596,2445,2022,423
S01010597,1754,1458,296
S01010598,1846,1541,305
S01010599,619,482,137
S01010600,1223,912,311
S01010601,499,341,158
S01010602,517,406,111
S01010603,600,450,150
S01010604,597,432,165
S01010605,1020,746,274
S01010606,738,525,213
S01010607,754,573,181
S01010608,550,378,172
S01010609,429,310,119
S01010610,579,387,192
S01010611,936,734,202
S01010612,567,420,147
S01010613,612,393,219
S01010614,535,382,153
S01010615,796,624,172
S01010616,838,626,212
S01010617,761,603,158
S01010618,790,656,134
S01010619,1040,853,187
S01010620,649,518,131
S01010621,877,643,234
S01010622,469,353,116
S01010623,695,549,146
S01010624,584,411,173
S01010625,578,386,192
S01010626,693,459,234
S01010627,789,583,206
S01010628,942,716,226
S01010629,899,586,313
S01010630,525,371,154
S01010631,717,553,164
S01010632,681,460,221
S01010633,704,474,230
S01010634,476,346,130
S01010635,577,396,181
S01010636,770,562,208
S01010637,709,525,184
S01010638,709,478,231
S01010639,1026,729,297
S01010640,753,590,163
S01010641,993,703,290
S01010642,720,480,240
S01010643,585,403,182
S01010644,638,391,247
S01010645,634,510,124
S01010646,631,473,158
S01010647,522,405,117
S01010648,755,563,192
S01010649,552,422,130
S01010650,555,377,178
S01010651,533,378,155
S01010652,661,465,196
S01010653,612,474,138
S01010654,603,447,156
S01010655,734,530,204
S01010656,510,349,161
S01010657,711,521,190
S01010658,854,583,271
S01010659,611,436,175
S01010660,660,457,203
S01010661,594,462,132
S01010662,675,489,186
S01010663,1122,816,306
S01010664,606,429,177
S01010665,762,514,248
S01010666,1016,735,281
S01010667,600,444,156
S01010668,978,678,300
S01010669,417,298,119
S01010670,705,498,207
S01010671,682,462,220
S01010672,1010,732,278
S01010673,857,607,250
S01010674,879,628,251
S01010675,741,518,223
S01010676,923,628,295
S01010677,363,237,126
S01010678,773,540,233
S01010679,1137,814,323
S01010680,588,422,166
S01010681,956,724,232
S01010682,1005,704,301
S01010683,738,486,252
S01010684,821,550,271
S01010685,593,375,218
S01010686,523,364,159
S01010687,774,501,273
S01010688,673,465,208
S01010689,731,466,265
S01010690,660,491,169
S01010691,752,557,195
S01010692,538,418,120
S01010693,293,212,81
S01010694,607,368,239
S01010695,545,403,142
S01010696,855,615,240
S01010697,845,544,301
S01010698,560,374,186
S01010699,463,349,114
S01010700,457,341,116
S01010701,950,713,237
S01010702,810,571,239
S01010703,692,504,188
S01010704,938,627,311
S01010705,952,686,266
S01010706,633,435,198
S01010707,582,413,169
S01010708,797,595,202
S01010709,648,497,151
S01010710,707,501,206
S01010711,544,392,152
S01010712,625,462,163
S01010713,761,591,170
S01010714,598,380,218
S01010715,588,415,173
S01010716,724,549,175
S01010717,756,516,240
S01010718,797,595,202
S01010719,635,438,197
S01010720,631,416,215
S01010721,616,431,185
S01010722,868,637,231
S01010723,820,599,221
S01010724,635,487,148
S01010725,661,475,186
S01010726,825,547,278
S01010727,587,389,198
S01010728,756,516,240
S01010729,721,532,189
S01010730,651,469,182
S01010731,679,485,194
S01010732,621,394,227
S01010733,719,482,237
S01010734,747,485,262
S01010735,758,511,247
S01010736,391,260,131
S01010737,804,510,294
S01010738,842,580,262
S01010739,643,457,186
S01010740,488,291,197
S01010741,495,313,182
S01010742,642,446,196
S01010743,652,413,239
S01010744,859,593,266
S01010745,525,355,170
S01010746,777,548,229
S01010747,838,540,298
S01010748,479,310,169
S01010749,565,381,184
S01010750,481,302,179
S01010751,722,437,285
S01010752,765,522,243
S01010753,954,632,322
S01010754,706,479,227
S01010755,616,430,186
S01010756,605,429,176
S01010757,659,419,240
S01010758,506,314,192
S01010759,481,321,160
S01010760,555,351,204
S01010761,402,292,110
S01010762,435,285,150
S01010763,664,458,206
S01010764,429,274,155
S01010765,923,587,336
S01010766,560,343,217
S01010767,506,322,184
S01010768,538,333,205
S01010769,381,236,145
S01010770,646,457,189
S01010771,704,426,278
S01010772,617,375,242
S01010773,604,404,200
S01010774,1026,642,384
S01010775,494,388,106
S01010776,625,421,204
S01010777,380,261,119
S01010778,478,306,172
S01010779,734,494,240
S01010780,472,336,136
S01010781,724,527,197
S01010782,439,275,164
S01010783,660,424,236
S01010784,821,565,256
S01010785,615,443,172
S01010786,485,360,125
S01010787,655,469,186
S01010788,461,355,106
S01010789,666,443,223
S01010790,632,427,205
S01010791,761,496,265
S01010792,859,610,249
S01010793,485,355,130
S01010794,412,299,113
S01010795,971,670,301
S01010796,1081,786,295
S01010797,581,441,140
S01010798,494,345,149
S01010799,762,514,248
S01010800,581,410,171
S01010801,586,395,191
S01010802,467,349,118
S01010803,428,285,143
S01010804,572,388,184
S01010805,958,660,298
S01010806,678,446,232
S01010807,408,291,117
S01010808,388,269,119
S01010809,756,571,185
S01010810,370,213,157
S01010811,717,502,215
S01010812,373,268,105
S01010813,701,486,215
S01010814,566,400,166
S01010815,447,326,121
S01010816,570,352,218
S01010817,880,586,294
S01010818,986,681,305
S01010819,751,496,255
S01010820,1022,684,338
S01010821,628,399,229
S01010822,567,367,200
S01010823,497,332,165
S01010824,853,674,179
S01010825,1153,864,289
S01010826,581,373,208
S01010827,549,399,150
S01010828,928,741,187
S01010829,884,601,283
S01010830,442,325,117
S01010831,432,365,67
S01010832,593,468,125
S01010833,889,619,270
S01010834,1232,839,393
S01010835,576,363,213
S01010836,698,472,226
S01010837,636,401,235
S01010838,872,626,246
S01010839,646,436,210
S01010840,438,289,149
S01010841,867,563,304
S01010842,705,383,322
S01010843,538,315,223
S01010844,639,426,213
S01010845,477,312,165
S01010846,711,497,214
S01010847,624,477,147
S01010848,687,432,255
S01010849,687,414,273
S01010850,699,391,308
S01010851,668,435,233
S01010852,662,448,214
S01010853,757,510,247
S01010854,660,426,234
S01010855,412,269,143
S01010856,633,377,256
S01010857,694,492,202
S01010858,822,514,308
S01010859,622,400,222
S01010860,671,435,236
S01010861,767,357,410
S01010862,508,291,217
S01010863,634,406,228
S01010864,480,339,141
S01010865,536,310,226
S01010866,581,346,235
S01010867,529,329,200
S01010868,580,351,229
S01010869,872,597,275
S01010870,739,497,242
S01010871,626,459,167
S01010872,658,434,224
S01010873,517,284,233
S01010874,710,520,190
S01010875,512,372,140
S01010876,552,367,185
S01010877,1286,707,579
S01010878,991,534,457
S01010879,880,633,247
S01010880,497,315,182
S01010881,576,392,184
S01010882,787,579,208
S01010883,799,570,229
S01010884,882,446,436
S01010885,1022,593,429
S01010886,499,313,186
S01010887,556,284,272
S01010888,952,582,370
S01010889,688,422,266
S01010890,569,283,286
S01010891,596,357,239
S01010892,702,400,302
S01010893,723,434,289
S01010894,545,359,186
S01010895,396,204,192
S01010896,748,375,373
S01010897,696,396,300
S01010898,1034,699,335
S01010899,559,407,152
S01010900,672,424,248
S01010901,325,182,143
S01010902,742,461,281
S01010903,674,351,323
S01010904,430,250,180
S01010905,747,480,267
S01010906,724,495,229
S01010907,461,386,75
S01010908,846,632,214
S01010909,897,622,275
S01010910,620,389,231
S01010911,617,293,324
S01010912,559,275,284
S01010913,504,343,161
S01010914,874,651,223
S01010915,765,532,233
S01010916,563,290,273
S01010917,637,373,264
S01010918,936,557,379
S01010919,690,399,291
S01010920,540,311,229
S01010921,559,329,230
S01010922,729,398,331
S01010923,869,481,388
S01010924,528,321,207
S01010925,619,365,254
S01010926,774,463,311
S01010927,699,410,289
S01010928,577,331,246
S01010929,678,405,273
S01010930,666,544,122
S01010931,331,229,102
S01010932,1103,795,308
S01010933,634,467,167
S01010934,850,631,219
S01010935,618,388,230
S01010936,526,372,154
S01010937,573,432,141
S01010938,687,480,207
S01010939,583,411,172
S01010940,520,385,135
S01010941,975,714,261
S01010942,523,345,178
S01010943,629,456,173
S01010944,603,425,178
S01010945,415,311,104
S01010946,729,534,195
S01010947,587,413,174
S01010948,510,353,157
S01010949,1064,773,291
S01010950,616,415,201
S01010951,546,401,145
S01010952,567,440,127
S01010953,576,419,157
S01010954,934,716,218
S01010955,791,581,210
S01010956,743,577,166
S01010957,443,309,134
S01010958,476,325,151
S01010959,671,507,164
S01010960,1088,794,294
S01010961,1048,768,280
S01010962,553,329,224
S01010963,770,594,176
S01010964,406,266,140
S01010965,782,558,224
S01010966,752,527,225
S01010967,652,454,198
S01010968,681,464,217
S01010969,535,361,174
S01010970,1110,740,370
S01010971,1286,892,394
S01010972,693,471,222
S01010973,492,334,158
S01010974,838,588,250
S01010975,482,320,162
S01010976,1581,1297,284
S01010977,535,391,144
S01010978,668,478,190
S01010979,652,481,171
S01010980,603,422,181
S01010981,535,337,198
S01010982,982,676,306
S01010983,847,567,280
S01010984,840,538,302
S01010985,613,433,180
S01010986,529,438,91
S01010987,290,235,55
S01010988,442,362,80
S01010989,1111,967,144
S01010990,596,403,193
S01010991,1442,1213,229
S01010992,1320,1140,180
S01010993,547,400,147
S01010994,2015,1603,412
S01010995,668,473,195
S01010996,650,493,157
S01010997,793,521,272
S01010998,1700,1423,277
S01010999,650,399,251
S01011000,831,548,283
S01011001,482,335,147
S01011002,521,356,165
S01011003,574,413,161
S01011004,586,451,135
S01011005,596,388,208
S01011006,746,576,170
S01011007,625,420,205
S01011008,675,456,219
S01011009,489,371,118
S01011010,721,493,228
S01011011,586,367,219
S01011012,863,569,294
S01011013,640,436,204
S01011014,657,489,168
S01011015,442,328,114
S01011016,901,738,163
S01011017,1256,985,271
S01011018,1070,770,300
S01011019,893,671,222
S01011020,351,265,86
S01011021,646,438,208
S01011022,525,393,132
S01011023,744,522,222
S01011024,878,590,288
S01011025,536,400,136
S01011026,449,299,150
S01011027,805,571,234
S01011028,824,526,298
S01011029,562,376,186
S01011030,766,572,194
S01011031,819,595,224
S01011032,677,470,207
S01011033,599,452,147
S01011034,616,410,206
S01011035,486,348,138
S01011036,752,532,220
S01011037,780,545,235
S01011038,742,497,245
S01011039,690,488,202
S01011040,962,701,261
S01011041,562,341,221
S01011042,603,458,145
S01011043,897,655,242
S01011044,834,607,227
S01011045,679,481,198
S01011046,680,479,201
S01011047,789,532,257
S01011048,931,638,293
S01011049,614,444,170
S01011050,747,550,197
S01011051,791,576,215
S01011052,845,578,267
S01011053,532,351,181
S01011054,498,356,142
S01011055,428,309,119
S01011056,501,379,122
S01011057,555,414,141
S01011058,487,362,125
S01011059,581,416,165
S01011060,828,583,245
S01011061,781,571,210
S01011062,1006,747,259
S01011063,813,569,244
S01011064,942,686,256
S01011065,688,453,235
S01011066,450,296,154
S01011067,815,526,289
S01011068,592,391,201
S01011069,525,327,198
S01011070,657,455,202
S01011071,724,472,252
S01011072,815,586,229
S01011073,528,366,162
S01011074,456,335,121
S01011075,611,411,200
S01011076,800,559,241
S01011077,721,473,248
S01011078,966,676,290
S01011079,957,719,238
S01011080,835,581,254
S01011081,598,411,187
S01011082,491,336,155
S01011083,856,592,264
S01011084,662,440,222
S01011085,675,458,217
S01011086,475,319,156
S01011087,644,444,200
S01011088,838,572,266
S01011089,676,454,222
S01011090,548,379,169
S01011091,549,428,121
S01011092,1714,1381,333
S01011093,2245,1780,465
S01011094,547,415,132
S01011095,826,629,197
S01011096,700,545,155
S01011097,518,391,127
S01011098,866,635,231
S01011099,627,457,170
S01011100,396,270,126
S01011101,585,394,191
S01011102,566,391,175
S01011103,587,384,203
S01011104,456,295,161
S01011105,613,434,179
S01011106,637,498,139
S01011107,1693,1356,337
S01011108,510,381,129
S01011109,619,449,170
S01011110,705,517,188
S01011111,805,563,242
S01011112,104,76,28
S01011113,749,545,204
S01011114,887,652,235
S01011115,691,501,190
S01011116,664,488,176
S01011117,628,443,185
S01011118,687,505,182
S01011119,666,436,230
S01011120,872,591,281
S01011121,483,371,112
S01011122,585,438,147
S01011123,811,599,212
S01011124,449,361,88
S01011125,337,261,76
S01011126,525,413,112
S01011127,324,251,73
S01011128,770,548,222
S01011129,626,458,168
S01011130,565,386,179
S01011131,585,436,149
S01011132,683,488,195
S01011133,408,294,114
S01011134,659,476,183
S01011135,771,562,209
S01011136,487,348,139
S01011137,624,486,138
S01011138,450,364,86
S01011139,1102,1007,95
S01011140,407,303,104
S01011141,1382,1211,171
S01011142,926,518,408
S01011143,869,606,263
S01011144,639,456,183
S01011145,794,572,222
S01011146,767,531,236
S01011147,901,675,226
S01011148,607,438,169
S01011149,591,485,106
S01011150,658,566,92
S01011151,535,407,128
S01011152,693,486,207
S01011153,747,498,249
S01011154,463,317,146
S01011155,580,402,178
S01011156,667,456,211
S01011157,461,317,144
S01011158,442,296,146
S01011159,439,271,168
S01011160,680,516,164
S01011161,469,333,136
S01011162,634,441,193
S01011163,754,547,207
S01011164,580,413,167
S01011165,628,422,206
S01011166,441,299,142
S01011167,824,545,279
S01011168,656,455,201
S01011169,882,701,181
S01011170,692,469,223
S01011171,753,539,214
S01011172,570,374,196
S01011173,604,377,227
S01011174,552,359,193
S01011175,581,374,207
S01011176,490,289,201
S01011177,763,531,232
S01011178,427,305,122
S01011179,554,366,188
S01011180,655,399,256
S01011181,1143,869,274
S01011182,419,290,129
S01011183,559,386,173
S01011184,605,451,154
S01011185,602,384,218
S01011186,851,518,333
S01011187,693,452,241
S01011188,835,540,295
S01011189,818,573,245
S01011190,791,547,244
S01011191,548,372,176
S01011192,666,461,205
S01011193,724,472,252
S01011194,533,352,181
S01011195,687,472,215
S01011196,754,467,287
S01011197,630,371,259
S01011198,517,347,170
S01011199,595,415,180
S01011200,689,465,224
S01011201,472,323,149
S01011202,725,491,234
S01011203,964,666,298
S01011204,436,312,124
S01011205,158,119,39
S01011206,548,439,109
S01011207,1358,1035,323
S01011208,691,554,137
S01011209,527,372,155
S01011210,654,430,224
S01011211,1286,1025,261
S01011212,538,328,210
S01011213,872,553,319
S01011214,779,465,314
S01011215,671,409,262
S01011216,821,529,292
S01011217,871,566,305
S01011218,637,385,252
S01011219,764,477,287
S01011220,754,478,276
S01011221,793,545,248
S01011222,496,317,179
S01011223,682,482,200
S01011224,506,308,198
S01011225,769,482,287
S01011226,772,502,270
S01011227,628,416,212
S01011228,1048,659,389
S01011229,604,355,249
S01011230,942,507,435
S01011231,805,442,363
S01011232,777,512,265
S01011233,1105,776,329
S01011234,855,506,349
S01011235,408,227,181
S01011236,438,273,165
S01011237,757,478,279
S01011238,611,380,231
S01011239,667,387,280
S01011240,866,479,387
S01011241,783,471,312
S01011242,752,442,310
S01011243,965,592,373
S01011244,535,337,198
S01011245,659,385,274
S01011246,752,518,234
S01011247,687,422,265
S01011248,745,499,246
S01011249,795,562,233
S01011250,889,601,288
S01011251,659,427,232
S01011252,612,382,230
S01011253,724,441,283
S01011254,955,676,279
S01011255,323,248,75
S01011256,331,262,69
S01011257,368,199,169
S01011258,542,339,203
S01011259,686,448,238
S01011260,549,335,214
S01011261,661,412,249
S01011262,501,323,178
S01011263,590,397,193
S01011264,485,331,154
S01011265,756,494,262
S01011266,662,416,246
S01011267,726,484,242
S01011268,450,260,190
S01011269,441,253,188
S01011270,657,420,237
S01011271,687,399,288
S01011272,576,362,214
S01011273,907,581,326
S01011274,807,520,287
S01011275,1060,746,314
S01011276,782,515,267
S01011277,554,395,159
S01011278,514,417,97
S01011279,549,381,168
S01011280,567,348,219
S01011281,614,469,145
S01011282,671,528,143
S01011283,593,483,110
S01011284,844,705,139
S01011285,815,526,289
S01011286,515,342,173
S01011287,735,470,265
S01011288,791,535,256
S01011289,682,434,248
S01011290,987,619,368
S01011291,749,464,285
S01011292,512,320,192
S01011293,694,441,253
S01011294,677,380,297
S01011295,793,486,307
S01011296,559,335,224
S01011297,694,464,230
S01011298,827,515,312
S01011299,388,274,114
S01011300,754,459,295
S01011301,543,352,191
S01011302,712,408,304
S01011303,884,650,234
S01011304,702,484,218
S01011305,608,430,178
S01011306,411,251,160
S01011307,1726,1336,390
S01011308,489,317,172
S01011309,643,399,244
S01011310,502,327,175
S01011311,878,553,325
S01011312,946,590,356
S01011313,818,554,264
S01011314,807,553,254
S01011315,296,197,99
S01011316,661,430,231
S01011317,643,363,280
S01011318,636,375,261
S01011319,717,425,292
S01011320,536,340,196
S01011321,510,373,137
S01011322,468,319,149
S01011323,845,573,272
S01011324,375,240,135
S01011325,725,447,278
S01011326,808,484,324
S01011327,561,287,274
S01011328,661,371,290
S01011329,722,422,300
S01011330,519,329,190
S01011331,588,316,272
S01011332,905,544,361
S01011333,520,270,250
S01011334,1076,735,341
S01011335,863,514,349
S01011336,500,323,177
S01011337,545,336,209
S01011338,628,443,185
S01011339,515,316,199
S01011340,926,607,319
S01011341,661,447,214
S01011342,651,432,219
S01011343,692,445,247
S01011344,636,407,229
S01011345,764,523,241
S01011346,633,425,208
S01011347,893,590,303
S01011348,890,611,279
S01011349,859,682,177
S01011350,699,484,215
S01011351,603,366,237
S01011352,510,363,147
S01011353,487,323,164
S01011354,651,439,212
S01011355,809,555,254
S01011356,735,542,193
S01011357,1073,746,327
S01011358,426,353,73
S01011359,564,340,224
S01011360,646,449,197
S01011361,427,281,146
S01011362,480,385,95
S01011363,1248,866,382
S01011364,475,349,126
S01011365,583,442,141
S01011366,342,204,138
S01011367,628,402,226
S01011368,1041,909,132
S01011369,563,372,191
S01011370,1226,1038,188
S01011371,1179,843,336
S01011372,794,542,252
S01011373,655,433,222
S01011374,392,305,87
S01011375,547,394,153
S01011376,423,290,133
S01011377,451,338,113
S01011378,755,505,250
S01011379,867,668,199
S01011380,565,394,171
S01011381,635,447,188
S01011382,422,302,120
S01011383,832,454,378
S01011384,576,340,236
S01011385,702,426,276
S01011386,701,439,262
S01011387,704,440,264
S01011388,1052,808,244
S01011389,1136,888,248
S01011390,778,495,283
S01011391,484,321,163
S01011392,779,568,211
S01011393,603,407,196
S01011394,698,538,160
S01011395,661,422,239
S01011396,711,460,251
S01011397,553,346,207
S01011398,540,350,190
S01011399,391,255,136
S01011400,727,516,211
S01011401,756,509,247
S01011402,647,399,248
S01011403,746,528,218
S01011404,865,538,327
S01011405,509,346,163
S01011406,519,364,155
S01011407,1024,729,295
S01011408,665,465,200
S01011409,587,406,181
S01011410,594,428,166
S01011411,689,521,168
S01011412,747,517,230
S01011413,445,351,94
S01011414,786,490,296
S01011415,719,514,205
S01011416,703,479,224
S01011417,594,382,212
S01011418,593,357,236
S01011419,521,338,183
S01011420,380,224,156
S01011421,361,294,67
S01011422,374,232,142
S01011423,461,274,187
S01011424,424,286,138
S01011425,566,353,213
S01011426,1299,946,353
S01011427,1036,667,369
S01011428,518,354,164
S01011429,1150,598,552
S01011430,759,580,179
S01011431,984,619,365
S01011432,1608,855,753
S01011433,739,493,246
S01011434,777,570,207
S01011435,1095,802,293
S01011436,958,671,287
S01011437,617,395,222
S01011438,665,460,205
S01011439,848,586,262
S01011440,834,571,263
S01011441,684,477,207
S01011442,492,312,180
S01011443,589,359,230
S01011444,903,588,315
S01011445,488,293,195
S01011446,1790,1483,307
S01011447,749,489,260
S01011448,959,709,250
S01011449,570,374,196
S01011450,611,449,162
S01011451,1444,1151,293
S01011452,737,548,189
S01011453,599,402,197
S01011454,782,510,272
S01011455,794,495,299
S01011456,813,495,318
S01011457,691,470,221
S01011458,625,459,166
S01011459,999,773,226
S01011460,693,505,188
S01011461,621,436,185
S01011462,781,552,229
S01011463,513,358,155
S01011464,1184,976,208
S01011465,600,405,195
S01011466,1549,1185,364
S01011467,403,291,112
S01011468,98,85,13
S01011469,620,426,194
S01011470,742,451,291
S01011471,732,467,265
S01011472,976,602,374
S01011473,742,420,322
S01011474,805,487,318
S01011475,465,263,202
S01011476,692,514,178
S01011477,670,436,234
S01011478,784,589,195
S01011479,686,472,214
S01011480,795,587,208
S01011481,853,636,217
S01011482,877,555,322
S01011483,640,452,188
S01011484,863,546,317
S01011485,705,417,288
S01011486,389,211,178
S01011487,981,640,341
S01011488,484,287,197
S01011489,736,596,140
S01011490,827,570,257
S01011491,388,252,136
S01011492,642,435,207
S01011493,789,617,172
S01011494,559,333,226
S01011495,780,491,289
S01011496,472,298,174
S01011497,706,576,130
S01011498,533,445,88
S01011499,689,539,150
S01011500,756,517,239
S01011501,498,329,169
S01011502,566,402,164
S01011503,784,520,264
S01011504,493,323,170
S01011505,518,352,166
S01011506,419,263,156
S01011507,588,381,207
S01011508,755,587,168
S01011509,489,350,139
S01011510,779,525,254
S01011511,516,362,154
S01011512,858,511,347
S01011513,673,423,250
S01011514,775,516,259
S01011515,614,468,146
S01011516,705,560,145
S01011517,470,310,160
S01011518,487,276,211
S01011519,593,399,194
S01011520,812,504,308
S01011521,1032,664,368
S01011522,730,486,244
S01011523,1009,708,301
S01011524,720,561,159
S01011525,765,547,218
S01011526,781,532,249
S01011527,756,493,263
S01011528,719,469,250
S01011529,772,517,255
S01011530,947,627,320
S01011531,1309,960,349
S01011532,928,767,161
S01011533,475,289,186
S01011534,553,363,190
S01011535,640,359,281
S01011536,555,424,131
S01011537,665,503,162
S01011538,588,415,173
S01011539,791,488,303
S01011540,1495,1134,361
S01011541,748,504,244
S01011542,806,536,270
S01011543,677,446,231
S01011544,602,374,228
S01011545,660,415,245
S01011546,546,464,82
S01011547,345,279,66
S01011548,592,396,196
S01011549,705,491,214
S01011550,762,523,239
S01011551,654,451,203
S01011552,780,556,224
S01011553,911,731,180
S01011554,1497,1113,384
S01011555,587,405,182
S01011556,505,339,166
S01011557,750,517,233
S01011558,655,443,212
S01011559,545,346,199
S01011560,797,509,288
S01011561,602,389,213
S01011562,765,506,259
S01011563,817,481,336
S01011564,711,530,181
S01011565,801,576,225
S01011566,673,453,220
S01011567,637,425,212
S01011568,612,445,167
S01011569,650,407,243
S01011570,712,462,250
S01011571,683,445,238
S01011572,672,438,234
S01011573,783,594,189
S01011574,769,586,183
S01011575,615,456,159
S01011576,638,356,282
S01011577,495,360,135
S01011578,1634,1228,406
S01011579,698,495,203
S01011580,1005,656,349
S01011581,694,451,243
S01011582,1768,1374,394
S01011583,667,461,206
S01011584,636,433,203
S01011585,866,583,283
S01011586,530,371,159
S01011587,549,376,173
S01011588,698,458,240
S01011589,762,497,265
S01011590,1591,1208,383
S01011591,719,464,255
S01011592,1348,1018,330
S01011593,536,366,170
S01011594,478,307,171
S01011595,675,513,162
S01011596,987,726,261
S01011597,584,442,142
S01011598,788,512,276
S01011599,706,496,210
S01011600,561,369,192
S01011601,644,521,123
S01011602,511,351,160
S01011603,720,441,279
S01011604,460,316,144
S01011605,622,424,198
S01011606,725,620,105
S01011607,977,824,153
S01011608,905,716,189
S01011609,722,444,278
S01011610,691,467,224
S01011611,870,699,171
S01011612,223,175,48
S01011613,753,512,241
S01011614,429,322,107
S01011615,977,743,234
S01011616,369,228,141
S01011617,744,476,268
S01011618,557,376,181
S01011619,683,539,144
S01011620,700,587,113
S01011621,669,485,184
S01011622,126,85,41
S01011623,1366,1049,317
S01011624,678,502,176
S01011625,428,299,129
S01011626,802,622,180
S01011627,516,441,75
S01011628,989,731,258
S01011629,586,385,201
S01011630,549,356,193
S01011631,596,357,239
S01011632,712,487,225
S01011633,788,512,276
S01011634,563,339,224
S01011635,618,384,234
S01011636,627,380,247
S01011637,573,377,196
S01011638,576,377,199
S01011639,503,315,188
S01011640,779,512,267
S01011641,751,544,207
S01011642,664,475,189
S01011643,618,458,160
S01011644,606,430,176
S01011645,448,280,168
S01011646,684,473,211
S01011647,824,638,186
S01011648,308,192,116
S01011649,629,508,121
S01011650,1182,891,291
S01011651,693,478,215
S01011652,612,451,161
S01011653,822,551,271
S01011654,788,510,278
S01011655,646,420,226
S01011656,548,355,193
S01011657,472,296,176
S01011658,672,464,208
S01011659,732,483,249
S01011660,880,614,266
S01011661,904,572,332
S01011662,945,783,162
S01011663,840,570,270
S01011664,789,433,356
S01011665,872,530,342
S01011666,743,436,307
S01011667,768,481,287
S01011668,1184,750,434
S01011669,642,422,220
S01011670,567,394,173
S01011671,547,362,185
S01011672,583,386,197
S01011673,697,457,240
S01011674,1222,824,398
S01011675,1097,783,314
S01011676,570,366,204
S01011677,110,71,39
S01011678,352,203,149
S01011679,1032,723,309
S01011680,907,580,327
S01011681,615,426,189
S01011682,1247,934,313
S01011683,981,746,235
S01011684,611,429,182
S01011685,630,531,99
S01011686,734,547,187
S01011687,704,475,229
S01011688,865,649,216
S01011689,697,544,153
S01011690,1190,910,280
S01011691,341,244,97
S01011692,947,586,361
S01011693,1247,978,269
S01011694,477,396,81
S01011695,2473,2031,442
S01011696,551,461,90
S01011697,762,592,170
S01011698,505,340,165
S01011699,707,506,201
S01011700,670,444,226
S01011701,909,684,225
S01011702,731,506,225
S01011703,700,533,167
S01011704,1113,937,176
S01011705,1265,993,272
S01011706,752,503,249
S01011707,548,366,182
S01011708,862,559,303
S01011709,846,581,265
S01011710,545,382,163
S01011711,843,527,316
S01011712,422,312,110
S01011713,895,615,280
S01011714,921,793,128
S01011715,800,563,237
S01011716,745,601,144
S01011717,629,439,190
S01011718,702,605,97
S01011719,1468,1246,222
S01011720,525,373,152
S01011721,593,393,200
S01011722,985,619,366
S01011723,1561,1199,362
S01011724,519,421,98
S01011725,489,419,70
S01011726,418,338,80
S01011727,1057,883,174
S01011728,717,519,198
S01011729,834,541,293
S01011730,713,477,236
S01011731,826,578,248
S01011732,745,521,224
S01011733,650,445,205
S01011734,691,471,220
S01011735,576,380,196
S01011736,847,611,236
S01011737,663,430,233
S01011738,819,559,260
S01011739,531,388,143
S01011740,532,331,201
S01011741,721,466,255
S01011742,636,433,203
S01011743,595,423,172
S01011744,603,406,197
S01011745,735,477,258
S01011746,597,400,197
S01011747,773,513,260
S01011748,745,520,225
S01011749,647,436,211
S01011750,642,413,229
S01011751,862,619,243
S01011752,817,636,181
S01011753,602,412,190
S01011754,688,471,217
S01011755,728,529,199
S01011756,851,607,244
S01011757,681,458,223
S01011758,479,343,136
S01011759,677,442,235
S01011760,697,474,223
S01011761,568,393,175
S01011762,652,420,232
S01011763,603,414,189
S01011764,326,223,103
S01011765,942,743,199
S01011766,560,426,134
S01011767,930,656,274
S01011768,727,517,210
S01011769,590,362,228
S01011770,669,458,211
S01011771,522,418,104
S01011772,848,618,230
S01011773,439,383,56
S01011774,678,525,153
S01011775,627,544,83
S01011776,830,666,164
S01011777,460,361,99
S01011778,465,381,84
S01011779,595,437,158
S01011780,709,537,172
S01011781,682,519,163
S01011782,707,521,186
S01011783,464,340,124
S01011784,615,415,200
S01011785,775,537,238
S01011786,155,136,19
S01011787,827,537,290
S01011788,862,680,182
S01011789,2222,1741,481
S01011790,967,660,307
S01011791,629,392,237
S01011792,638,388,250
S01011793,577,393,184
S01011794,749,461,288
S01011795,797,538,259
S01011796,641,432,209
S01011797,872,638,234
S01011798,411,269,142
S01011799,746,501,245
S01011800,501,346,155
S01011801,498,313,185
S01011802,494,328,166
S01011803,684,494,190
S01011804,737,524,213
S01011805,683,483,200
S01011806,970,697,273
S01011807,831,619,212
S01011808,726,556,170
S01011809,556,408,148
S01011810,981,722,259
S01011811,849,622,227
S01011812,843,597,246
S01011813,708,544,164
S01011814,517,415,102
S01011815,579,456,123
S01011816,533,398,135
S01011817,550,442,108
S01011818,1196,930,266
S01011819,952,713,239
S01011820,706,525,181
S01011821,511,391,120
S01011822,699,550,149
S01011823,456,335,121
S01011824,743,571,172
S01011825,409,294,115
S01011826,562,436,126
S01011827,477,269,208
S01011828,692,504,188
S01011829,429,336,93
S01011830,628,427,201
S01011831,792,497,295
S01011832,628,450,178
S01011833,712,485,227
S01011834,577,421,156
S01011835,516,400,116
S01011836,882,585,297
S01011837,700,483,217
S01011838,938,645,293
S01011839,812,569,243
S01011840,939,687,252
S01011841,1126,823,303
S01011842,970,679,291
S01011843,919,644,275
S01011844,725,517,208
S01011845,614,435,179
S01011846,648,473,175
S01011847,327,226,101
S01011848,620,453,167
S01011849,597,467,130
S01011850,828,568,260
S01011851,639,480,159
S01011852,702,517,185
S01011853,698,522,176
S01011854,769,545,224
S01011855,915,671,244
S01011856,476,300,176
S01011857,1087,843,244
S01011858,741,469,272
S01011859,754,461,293
S01011860,692,521,171
S01011861,634,436,198
S01011862,743,454,289
S01011863,715,474,241
S01011864,568,369,199
S01011865,466,322,144
S01011866,890,637,253
S01011867,885,632,253
S01011868,704,514,190
S01011869,769,558,211
S01011870,633,442,191
S01011871,859,643,216
S01011872,782,575,207
S01011873,608,458,150
S01011874,632,474,158
S01011875,785,545,240
S01011876,773,567,206
S01011877,578,405,173
S01011878,1171,720,451
S01011879,594,432,162
S01011880,917,667,250
S01011881,592,455,137
S01011882,679,477,202
S01011883,1393,849,544
S01011884,578,434,144
S01011885,536,428,108
S01011886,978,714,264
S01011887,525,385,140
S01011888,942,676,266
S01011889,704,477,227
S01011890,660,508,152
S01011891,1049,409,640
S01011892,929,771,158
S01011893,823,616,207
S01011894,777,591,186
S01011895,831,564,267
S01011896,698,510,188
S01011897,781,545,236
S01011898,775,555,220
S01011899,762,518,244
S01011900,549,400,149
S01011901,814,605,209
S01011902,846,564,282
S01011903,660,439,221
S01011904,654,467,187
S01011905,643,494,149
S01011906,255,177,78
S01011907,655,525,130
S01011908,441,346,95
S01011909,646,586,60
S01011910,865,598,267
S01011911,520,372,148
S01011912,592,438,154
S01011913,628,466,162
S01011914,669,494,175
S01011915,663,471,192
S01011916,673,485,188
S01011917,444,318,126
S01011918,657,461,196
S01011919,897,660,237
S01011920,518,385,133
S01011921,419,303,116
S01011922,667,497,170
S01011923,768,541,227
S01011924,696,520,176
S01011925,658,539,119
S01011926,607,437,170
S01011927,468,319,149
S01011928,629,432,197
S01011929,531,378,153
S01011930,529,374,155
S01011931,499,346,153
S01011932,264,172,92
S01011933,1276,991,285
S01011934,692,486,206
S01011935,859,683,176
S01011936,554,440,114
S01011937,542,423,119
S01011938,393,292,101
S01011939,853,631,222
S01011940,760,599,161
S01011941,944,766,178
S01011942,735,559,176
S01011943,1199,863,336
S01011944,393,259,134
S01011945,1104,667,437
S01011946,656,435,221
S01011947,435,280,155
S01011948,789,514,275
S01011949,646,384,262
S01011950,644,384,260
S01011951,585,399,186
S01011952,677,477,200
S01011953,642,452,190
S01011954,415,288,127
S01011955,799,571,228
S01011956,774,573,201
S01011957,851,613,238
S01011958,1505,1021,484
S01011959,665,441,224
S01011960,879,676,203
S01011961,865,670,195
S01011962,794,589,205
S01011963,562,404,158
S01011964,839,615,224
S01011965,697,453,244
S01011966,600,412,188
S01011967,909,574,335
S01011968,1030,736,294
S01011969,1206,838,368
S01011970,1331,949,382
S01011971,459,345,114
S01011972,1330,931,399
S01011973,463,339,124
S01011974,666,476,190
S01011975,352,237,115
S01011976,732,506,226
S01011977,996,667,329
S01011978,872,572,300
S01011979,917,628,289
S01011980,391,275,116
S01011981,868,656,212
S01011982,1105,824,281
S01011983,883,631,252
S01011984,468,317,151
S01011985,526,385,141
S01011986,738,505,233
S01011987,858,568,290
S01011988,554,329,225
S01011989,616,434,182
S01011990,527,334,193
S01011991,700,486,214
S01011992,773,539,234
S01011993,752,539,213
S01011994,617,333,284
S01011995,753,587,166
S01011996,537,382,155
S01011997,877,648,229
S01011998,685,497,188
S01011999,477,370,107
S01012000,421,310,111
S01012001,659,502,157
S01012002,537,375,162
S01012003,644,460,184
S01012004,1243,907,336
S01012005,1095,815,280
S01012006,802,490,312
S01012007,708,504,204
S01012008,1005,739,266
S01012009,557,442,115
S01012010,1085,763,322
S01012011,1074,795,279
S01012012,477,300,177
S01012013,580,410,170
S01012014,1309,979,330
S01012015,947,716,231
S01012016,667,502,165
S01012017,442,281,161
S01012018,657,476,181
S01012019,666,506,160
S01012020,737,502,235
S01012021,639,438,201
S01012022,813,587,226
S01012023,521,367,154
S01012024,866,649,217
S01012025,524,379,145
S01012026,661,500,161
S01012027,1528,1122,406
S01012028,841,584,257
S01012029,1011,732,279
S01012030,1021,722,299
S01012031,418,266,152
S01012032,273,199,74
S01012033,712,466,246
S01012034,724,498,226
S01012035,866,591,275
S01012036,887,574,313
S01012037,883,572,311
S01012038,848,507,341
S01012039,821,486,335
S01012040,524,385,139
S01012041,899,599,300
S01012042,920,564,356
S01012043,658,421,237
S01012044,731,399,332
S01012045,950,631,319
S01012046,613,358,255
S01012047,790,490,300
S01012048,564,342,222
S01012049,588,407,181
S01012050,902,674,228
S01012051,365,250,115
S01012052,727,508,219
S01012053,706,455,251
S01012054,855,565,290
S01012055,671,438,233
S01012056,673,425,248
S01012057,576,406,170
S01012058,690,469,221
S01012059,716,464,252
S01012060,680,447,233
S01012061,1183,856,327
S01012062,799,614,185
S01012063,509,396,113
S01012064,619,354,265
S01012065,450,230,220
S01012066,619,410,209
S01012067,505,309,196
S01012068,600,343,257
S01012069,493,277,216
S01012070,898,482,416
S01012071,917,558,359
S01012072,923,609,314
S01012073,575,436,139
S01012074,494,400,94
S01012075,781,618,163
S01012076,709,520,189
S01012077,800,527,273
S01012078,673,515,158
S01012079,906,615,291
S01012080,741,506,235
S01012081,542,356,186
S01012082,737,483,254
S01012083,785,482,303
S01012084,523,398,125
S01012085,618,442,176
S01012086,670,451,219
S01012087,566,396,170
S01012088,473,376,97
S01012089,648,476,172
S01012090,857,585,272
S01012091,619,452,167
S01012092,507,361,146
S01012093,435,294,141
S01012094,658,467,191
S01012095,1104,739,365
S01012096,667,422,245
S01012097,489,338,151
S01012098,738,510,228
S01012099,720,472,248
S01012100,1206,858,348
S01012101,715,519,196
S01012102,642,433,209
S01012103,814,625,189
S01012104,676,528,148
S01012105,1196,931,265
S01012106,936,730,206
S01012107,510,346,164
S01012108,715,430,285
S01012109,941,657,284
S01012110,661,449,212
S01012111,979,630,349
S01012112,748,475,273
S01012113,1005,587,418
S01012114,1147,785,362
S01012115,553,369,184
S01012116,495,335,160
S01012117,495,428,67
S01012118,789,656,133
S01012119,705,474,231
S01012120,435,292,143
S01012121,665,422,243
S01012122,687,461,226
S01012123,553,408,145
S01012124,524,370,154
S01012125,797,490,307
S01012126,747,607,140
S01012127,1042,782,260
S01012128,589,434,155
S01012129,750,555,195
S01012130,891,546,345
S01012131,1289,828,461
S01012132,674,431,243
S01012133,976,629,347
S01012134,1029,718,311
S01012135,936,569,367
S01012136,759,496,263
S01012137,648,398,250
S01012138,801,574,227
S01012139,818,544,274
S01012140,654,462,192
S01012141,942,644,298
S01012142,693,458,235
S01012143,963,662,301
S01012144,743,521,222
S01012145,813,560,253
S01012146,817,514,303
S01012147,763,465,298
S01012148,540,317,223
S01012149,691,466,225
S01012150,553,333,220
S01012151,721,433,288
S01012152,778,462,316
S01012153,610,402,208
S01012154,618,375,243
S01012155,716,488,228
S01012156,944,635,309
S01012157,822,606,216
S01012158,1301,986,315
S01012159,411,271,140
S01012160,749,529,220
S01012161,376,250,126
S01012162,724,498,226
S01012163,655,467,188
S01012164,899,747,152
S01012165,670,445,225
S01012166,633,439,194
S01012167,555,360,195
S01012168,755,523,232
S01012169,639,393,246
S01012170,945,623,322
S01012171,898,576,322
S01012172,710,444,266
S01012173,560,367,193
S01012174,795,620,175
S01012175,811,629,182
S01012176,1131,822,309
S01012177,688,485,203
S01012178,776,555,221
S01012179,547,364,183
S01012180,513,313,200
S01012181,894,587,307
S01012182,1087,814,273
S01012183,1720,1329,391
S01012184,680,545,135
S01012185,668,462,206
S01012186,637,402,235
S01012187,673,452,221
S01012188,482,333,149
S01012189,619,466,153
S01012190,583,484,99
S01012191,843,594,249
S01012192,363,243,120
S01012193,569,489,80
S01012194,657,533,124
S01012195,682,517,165
S01012196,424,350,74
S01012197,778,522,256
S01012198,814,568,246
S01012199,683,461,222
S01012200,486,322,164
S01012201,806,553,253
S01012202,431,294,137
S01012203,767,549,218
S01012204,646,511,135
S01012205,716,547,169
S01012206,749,615,134
S01012207,870,589,281
S01012208,984,684,300
S01012209,755,513,242
S01012210,527,341,186
S01012211,876,623,253
S01012212,912,626,286
S01012213,856,564,292
S01012214,595,409,186
S01012215,809,584,225
S01012216,1025,746,279
S01012217,410,270,140
S01012218,415,274,141
S01012219,672,391,281
S01012220,727,440,287
S01012221,534,318,216
S01012222,920,569,351
S01012223,567,356,211
S01012224,731,508,223
S01012225,923,626,297
S01012226,607,430,177
S01012227,687,470,217
S01012228,604,425,179
S01012229,662,520,142
S01012230,812,606,206
S01012231,619,457,162
S01012232,872,652,220
S01012233,714,499,215
S01012234,1154,878,276
S01012235,699,474,225
S01012236,647,465,182
S01012237,642,432,210
S01012238,455,306,149
S01012239,444,287,157
S01012240,616,382,234
S01012241,523,334,189
S01012242,649,440,209
S01012243,672,455,217
S01012244,799,583,216
S01012245,970,687,283
S01012246,752,557,195
S01012247,553,406,147
S01012248,706,544,162
S01012249,749,562,187
S01012250,637,484,153
S01012251,781,577,204
S01012252,841,637,204
S01012253,740,525,215
S01012254,674,492,182
S01012255,627,429,198
S01012256,1029,750,279
S01012257,888,638,250
S01012258,1253,880,373
S01012259,601,386,215
S01012260,1057,737,320
S01012261,925,686,239
S01012262,1393,1021,372
S01012263,612,458,154
S01012264,339,219,120
S01012265,853,596,257
S01012266,921,621,300
S01012267,830,591,239
S01012268,1146,796,350
S01012269,711,515,196
S01012270,650,472,178
S01012271,1161,884,277
S01012272,652,490,162
S01012273,782,546,236
S01012274,920,718,202
S01012275,681,516,165
S01012276,1159,876,283
S01012277,1020,788,232
S01012278,925,666,259
S01012279,931,662,269
S01012280,837,611,226
S01012281,709,538,171
S01012282,926,561,365
S01012283,753,557,196
S01012284,569,403,166
S01012285,470,308,162
S01012286,987,654,333
S01012287,1053,651,402
S01012288,846,591,255
S01012289,894,566,328
S01012290,446,323,123
S01012291,614,461,153
S01012292,928,594,334
S01012293,787,595,192
S01012294,794,577,217
S01012295,538,421,117
S01012296,845,680,165
S01012297,822,653,169
S01012298,1020,786,234
S01012299,475,363,112
S01012300,931,637,294
S01012301,774,543,231
S01012302,586,410,176
S01012303,730,531,199
S01012304,894,645,249
S01012305,670,429,241
S01012306,607,412,195
S01012307,664,454,210
S01012308,745,545,200
S01012309,705,475,230
S01012310,1199,815,384
S01012311,680,407,273
S01012312,793,534,259
S01012313,667,471,196
S01012314,674,455,219
S01012315,604,384,220
S01012316,501,315,186
S01012317,349,222,127
S01012318,602,406,196
S01012319,831,629,202
S01012320,618,432,186
S01012321,905,596,309
S01012322,885,597,288
S01012323,1087,711,376
S01012324,800,543,257
S01012325,640,373,267
S01012326,684,447,237
S01012327,679,467,212
S01012328,608,375,233
S01012329,727,491,236
S01012330,498,328,170
S01012331,826,579,247
S01012332,924,681,243
S01012333,1007,714,293
S01012334,667,451,216
S01012335,1406,1085,321
S01012336,587,404,183
S01012337,696,466,230
S01012338,602,406,196
S01012339,717,484,233
S01012340,770,545,225
S01012341,740,567,173
S01012342,714,496,218
S01012343,841,597,244
S01012344,857,612,245
S01012345,585,427,158
S01012346,984,680,304
S01012347,483,325,158
S01012348,873,605,268
S01012349,875,607,268
S01012350,869,569,300
S01012351,730,507,223
S01012352,909,635,274
S01012353,625,457,168
S01012354,767,506,261
S01012355,911,648,263
S01012356,863,577,286
S01012357,786,543,243
S01012358,668,446,222
S01012359,667,419,248
S01012360,561,375,186
S01012361,622,406,216
S01012362,859,548,311
S01012363,883,563,320
S01012364,636,445,191
S01012365,896,637,259
S01012366,814,564,250
S01012367,807,545,262
S01012368,640,430,210
S01012369,831,546,285
S01012370,1041,697,344
S01012371,824,534,290
S01012372,857,584,273
S01012373,958,649,309
S01012374,659,496,163
S01012375,953,691,262
S01012376,731,525,206
S01012377,543,371,172
S01012378,539,363,176
S01012379,457,293,164
S01012380,1084,784,300
S01012381,752,497,255
S01012382,817,585,232
S01012383,771,521,250
S01012384,411,284,127
S01012385,609,459,150
S01012386,853,595,258
S01012387,692,539,153
S01012388,516,408,108
S01012389,713,564,149
S01012390,583,450,133
S01012391,1053,855,198
S01012392,628,490,138
S01012393,985,779,206
S01012394,718,560,158
S01012395,606,490,116
S01012396,655,506,149
S01012397,636,476,160
S01012398,817,678,139
S01012399,623,483,140
S01012400,720,574,146
S01012401,731,593,138
S01012402,335,283,52
S01012403,793,661,132
S01012404,984,780,204
S01012405,529,430,99
S01012406,536,403,133
S01012407,785,638,147
S01012408,599,462,137
S01012409,825,647,178
S01012410,1009,812,197
S01012411,1034,798,236
S01012412,487,374,113
S01012413,741,520,221
S01012414,522,367,155
S01012415,566,394,172
S01012416,408,286,122
S01012417,469,275,194
S01012418,610,404,206
S01012419,803,521,282
S01012420,810,561,249
S01012421,768,505,263
S01012422,956,646,310
S01012423,785,531,254
S01012424,671,473,198
S01012425,433,208,225
S01012426,436,254,182
S01012427,556,325,231
S01012428,640,405,235
S01012429,407,226,181
S01012430,771,502,269
S01012431,789,507,282
S01012432,575,323,252
S01012433,591,370,221
S01012434,607,414,193
S01012435,676,459,217
S01012436,654,429,225
S01012437,627,411,216
S01012438,773,521,252
S01012439,688,433,255
S01012440,699,511,188
S01012441,756,524,232
S01012442,749,513,236
S01012443,571,421,150
S01012444,1106,690,416
S01012445,83,51,32
S01012446,517,372,145
S01012447,741,535,206
S01012448,667,469,198
S01012449,536,395,141
S01012450,755,521,234
S01012451,623,327,296
S01012452,512,333,179
S01012453,719,460,259
S01012454,756,456,300
S01012455,430,253,177
S01012456,702,412,290
S01012457,1019,595,424
S01012458,631,399,232
S01012459,643,480,163
S01012460,619,405,214
S01012461,419,312,107
S01012462,622,415,207
S01012463,677,403,274
S01012464,476,345,131
S01012465,682,410,272
S01012466,761,497,264
S01012467,889,572,317
S01012468,628,434,194
S01012469,767,480,287
S01012470,683,443,240
S01012471,605,385,220
S01012472,570,332,238
S01012473,530,362,168
S01012474,603,373,230
S01012475,511,327,184
S01012476,809,541,268
S01012477,618,441,177
S01012478,607,438,169
S01012479,788,581,207
S01012480,640,454,186
S01012481,671,471,200
S01012482,612,389,223
S01012483,698,433,265
S01012484,829,551,278
S01012485,855,513,342
S01012486,494,275,219
S01012487,476,334,142
S01012488,693,470,223
S01012489,937,603,334
S01012490,958,621,337
S01012491,549,371,178
S01012492,760,421,339
S01012493,535,270,265
S01012494,1120,722,398
S01012495,830,540,290
S01012496,571,368,203
S01012497,465,271,194
S01012498,663,385,278
S01012499,903,612,291
S01012500,418,267,151
S01012501,663,385,278
S01012502,756,474,282
S01012503,467,281,186
S01012504,499,325,174
S01012505,844,536,308
S01012506,360,229,131
S01012507,730,465,265
S01012508,612,443,169
S01012509,401,284,117
S01012510,804,608,196
S01012511,637,443,194
S01012512,627,426,201
S01012513,423,324,99
S01012514,596,511,85
S01012515,572,381,191
S01012516,466,298,168
S01012517,774,558,216
S01012518,660,445,215
S01012519,560,392,168
S01012520,564,383,181
S01012521,571,399,172
S01012522,720,480,240
S01012523,777,541,236
S01012524,717,461,256
S01012525,743,498,245
S01012526,704,447,257
S01012527,448,294,154
S01012528,616,428,188
S01012529,634,429,205
S01012530,768,518,250
S01012531,836,597,239
S01012532,873,638,235
S01012533,679,459,220
S01012534,675,434,241
S01012535,690,463,227
S01012536,627,433,194
S01012537,850,534,316
S01012538,885,594,291
S01012539,592,416,176
S01012540,759,487,272
S01012541,898,647,251
S01012542,971,610,361
S01012543,522,372,150
S01012544,680,459,221
S01012545,435,301,134
S01012546,709,472,237
S01012547,565,322,243
S01012548,785,532,253
S01012549,596,406,190
S01012550,756,516,240
S01012551,878,649,229
S01012552,745,500,245
S01012553,636,468,168
S01012554,669,488,181
S01012555,416,285,131
S01012556,437,294,143
S01012557,589,380,209
S01012558,570,398,172
S01012559,745,447,298
S01012560,776,459,317
S01012561,838,513,325
S01012562,835,541,294
S01012563,573,324,249
S01012564,654,403,251
S01012565,696,424,272
S01012566,593,408,185
S01012567,870,568,302
S01012568,757,437,320
S01012569,615,375,240
S01012570,593,417,176
S01012571,624,439,185
S01012572,450,316,134
S01012573,633,449,184
S01012574,969,707,262
S01012575,584,433,151
S01012576,846,624,222
S01012577,727,530,197
S01012578,1030,694,336
S01012579,601,433,168
S01012580,588,440,148
S01012581,938,601,337
S01012582,772,588,184
S01012583,525,387,138
S01012584,555,391,164
S01012585,1162,836,326
S01012586,751,479,272
S01012587,779,572,207
S01012588,575,424,151
S01012589,601,409,192
S01012590,821,534,287
S01012591,897,542,355
S01012592,534,385,149
S01012593,920,730,190
S01012594,517,323,194
S01012595,634,411,223
S01012596,566,384,182
S01012597,264,171,93
S01012598,588,445,143
S01012599,545,372,173
S01012600,571,424,147
S01012601,691,536,155
S01012602,508,328,180
S01012603,531,337,194
S01012604,663,429,234
S01012605,684,446,238
S01012606,250,217,33
S01012607,596,419,177
S01012608,783,544,239
S01012609,709,475,234
S01012610,934,606,328
S01012611,719,475,244
S01012612,903,570,333
S01012613,935,641,294
S01012614,862,578,284
S01012615,772,554,218
S01012616,751,530,221
S01012617,602,516,86
S01012618,535,399,136
S01012619,547,358,189
S01012620,720,469,251
S01012621,680,448,232
S01012622,624,429,195
S01012623,662,441,221
S01012624,571,401,170
S01012625,527,383,144
S01012626,671,463,208
S01012627,500,330,170
S01012628,1119,831,288
S01012629,238,171,67
S01012630,614,393,221
S01012631,812,567,245
S01012632,551,388,163
S01012633,775,511,264
S01012634,1004,666,338
S01012635,1529,1111,418
S01012636,1140,918,222
S01012637,796,513,283
S01012638,747,479,268
S01012639,1015,671,344
S01012640,1046,656,390
S01012641,678,450,228
S01012642,1235,813,422
S01012643,413,277,136
S01012644,511,331,180
S01012645,955,663,292
S01012646,926,668,258
S01012647,853,714,139
S01012648,514,341,173
S01012649,655,443,212
S01012650,631,434,197
S01012651,617,398,219
S01012652,828,615,213
S01012653,756,524,232
S01012654,688,505,183
S01012655,996,664,332
S01012656,697,457,240
S01012657,714,512,202
S01012658,747,506,241
S01012659,557,447,110
S01012660,542,352,190
S01012661,722,512,210
S01012662,723,474,249
S01012663,707,478,229
S01012664,771,574,197
S01012665,590,352,238
S01012666,572,343,229
S01012667,519,326,193
S01012668,812,534,278
S01012669,789,525,264
S01012670,545,352,193
S01012671,1040,709,331
S01012672,639,368,271
S01012673,714,462,252
S01012674,531,313,218
S01012675,806,536,270
S01012676,747,564,183
S01012677,439,279,160
S01012678,553,440,113
S01012679,594,393,201
S01012680,406,319,87
S01012681,619,443,176
S01012682,593,394,199
S01012683,689,505,184
S01012684,326,220,106
S01012685,875,611,264
S01012686,928,683,245
S01012687,1000,635,365
S01012688,653,451,202
S01012689,434,295,139
S01012690,391,272,119
S01012691,763,559,204
S01012692,773,498,275
S01012693,662,498,164
S01012694,464,321,143
S01012695,612,437,175
S01012696,702,434,268
S01012697,380,269,111
S01012698,763,562,201
S01012699,786,578,208
S01012700,665,470,195
S01012701,883,583,300
S01012702,532,396,136
S01012703,541,436,105
S01012704,563,390,173
S01012705,574,469,105
S01012706,752,516,236
S01012707,699,530,169
S01012708,688,439,249
S01012709,464,293,171
S01012710,717,484,233
S01012711,879,562,317
S01012712,652,421,231
S01012713,788,527,261
S01012714,484,307,177
S01012715,766,522,244
S01012716,814,535,279
S01012717,888,596,292
S01012718,726,508,218
S01012719,939,641,298
S01012720,742,540,202
S01012721,498,321,177
S01012722,844,503,341
S01012723,617,387,230
S01012724,551,381,170
S01012725,854,625,229
S01012726,674,469,205
S01012727,697,449,248
S01012728,730,450,280
S01012729,723,507,216
S01012730,428,291,137
S01012731,571,380,191
S01012732,593,393,200
S01012733,2492,2130,362
S01012734,70,43,27
S01012735,435,271,164
S01012736,944,692,252
S01012737,965,721,244
S01012738,474,317,157
S01012739,88,68,20
S01012740,76,54,22
S01012741,471,383,88
S01012742,712,507,205
S01012743,746,557,189
S01012744,556,441,115
S01012745,689,460,229
S01012746,872,663,209
S01012747,874,600,274
S01012748,591,372,219
S01012749,645,427,218
S01012750,588,402,186
S01012751,938,643,295
S01012752,638,451,187
S01012753,371,226,145
S01012754,707,463,244
S01012755,490,292,198
S01012756,1324,984,340
S01012757,359,229,130
S01012758,518,339,179
S01012759,604,384,220
S01012760,696,435,261
S01012761,780,525,255
S01012762,632,423,209
S01012763,499,312,187
S01012764,748,505,243
S01012765,449,290,159
S01012766,503,331,172
S01012767,620,435,185
S01012768,692,499,193
S01012769,786,607,179
S01012770,628,431,197
S01012771,640,438,202
S01012772,886,579,307
S01012773,924,606,318
S01012774,676,515,161
S01012775,509,336,173
S01012776,637,418,219
S01012777,837,652,185
S01012778,864,595,269
S01012779,736,529,207
S01012780,664,437,227
S01012781,514,358,156
S01012782,611,388,223
S01012783,701,470,231
S01012784,803,596,207
S01012785,543,340,203
S01012786,905,620,285
S01012787,433,297,136
S01012788,760,508,252
S01012789,811,538,273
S01012790,660,520,140
S01012791,587,371,216
S01012792,790,521,269
S01012793,806,477,329
S01012794,327,234,93
S01012795,940,595,345
S01012796,672,509,163
S01012797,571,426,145
S01012798,751,508,243
S01012799,844,588,256
S01012800,793,554,239
S01012801,338,224,114
S01012802,563,402,161
S01012803,658,461,197
S01012804,625,429,196
S01012805,779,560,219
S01012806,691,489,202
S01012807,1062,818,244
S01012808,757,540,217
S01012809,656,448,208
S01012810,648,424,224
S01012811,658,451,207
S01012812,705,519,186
S01012813,783,520,263
S01012814,678,553,125
S01012815,987,808,179
S01012816,584,441,143
S01012817,329,284,45
S01012818,744,587,157
S01012819,845,508,337
S01012820,1914,1590,324
S01012821,1283,1046,237
S01012822,606,371,235
S01012823,570,477,93
S01012824,1001,786,215
S01012825,1121,764,357
S01012826,1185,871,314
S01012827,1062,823,239
S01012828,1690,1438,252
S01012829,607,396,211
S01012830,526,327,199
S01012831,548,305,243
S01012832,407,287,120
S01012833,734,452,282
S01012834,574,395,179
S01012835,758,486,272
S01012836,411,311,100
S01012837,765,500,265
S01012838,672,412,260
S01012839,551,424,127
S01012840,749,611,138
S01012841,566,430,136
S01012842,792,590,202
S01012843,806,582,224
S01012844,693,524,169
S01012845,681,443,238
S01012846,794,474,320
S01012847,561,402,159
S01012848,692,521,171
S01012849,858,606,252
S01012850,690,435,255
S01012851,755,486,269
S01012852,794,587,207
S01012853,712,481,231
S01012854,928,731,197
S01012855,871,660,211
S01012856,685,421,264
S01012857,973,578,395
S01012858,719,481,238
S01012859,913,660,253
S01012860,669,399,270
S01012861,539,400,139
S01012862,661,404,257
S01012863,629,425,204
S01012864,635,417,218
S01012865,875,566,309
S01012866,700,471,229
S01012867,645,356,289
S01012868,633,390,243
S01012869,405,258,147
S01012870,729,468,261
S01012871,712,485,227
S01012872,666,503,163
S01012873,722,527,195
S01012874,670,425,245
S01012875,513,358,155
S01012876,684,413,271
S01012877,552,345,207
S01012878,726,547,179
S01012879,772,525,247
S01012880,764,533,231
S01012881,987,672,315
S01012882,863,602,261
S01012883,707,414,293
S01012884,421,264,157
S01012885,641,471,170
S01012886,686,488,198
S01012887,542,369,173
S01012888,689,458,231
S01012889,896,673,223
S01012890,602,368,234
S01012891,560,375,185
S01012892,890,559,331
S01012893,726,439,287
S01012894,641,505,136
S01012895,517,416,101
S01012896,794,502,292
S01012897,1218,979,239
S01012898,740,601,139
S01012899,578,382,196
S01012900,915,678,237
S01012901,1499,1157,342
S01012902,772,579,193
S01012903,732,527,205
S01012904,712,520,192
S01012905,667,461,206
S01012906,828,625,203
S01012907,751,536,215
S01012908,798,505,293
S01012909,637,437,200
S01012910,951,626,325
S01012911,584,393,191
S01012912,932,657,275
S01012913,703,490,213
S01012914,830,595,235
S01012915,745,599,146
S01012916,720,456,264
S01012917,537,386,151
S01012918,620,444,176
S01012919,334,223,111
S01012920,466,282,184
S01012921,511,368,143
S01012922,719,544,175
S01012923,837,638,199
S01012924,447,319,128
S01012925,479,339,140
S01012926,558,409,149
S01012927,582,408,174
S01012928,771,570,201
S01012929,657,443,214
S01012930,694,472,222
S01012931,839,587,252
S01012932,447,335,112
S01012933,624,440,184
S01012934,577,381,196
S01012935,1054,796,258
S01012936,626,454,172
S01012937,619,437,182
S01012938,653,449,204
S01012939,605,470,135
S01012940,631,488,143
S01012941,592,461,131
S01012942,635,454,181
S01012943,632,484,148
S01012944,532,358,174
S01012945,538,420,118
S01012946,658,522,136
S01012947,468,353,115
S01012948,887,671,216
S01012949,1084,867,217
S01012950,1369,1068,301
S01012951,800,660,140
S01012952,1109,856,253
S01012953,541,417,124
S01012954,380,307,73
S01012955,918,660,258
S01012956,683,430,253
S01012957,602,415,187
S01012958,416,315,101
S01012959,455,373,82
S01012960,583,436,147
S01012961,782,617,165
S01012962,734,547,187
S01012963,831,709,122
S01012964,1065,869,196
S01012965,563,440,123
S01012966,707,563,144
S01012967,675,496,179
S01012968,643,471,172
S01012969,712,504,208
S01012970,647,496,151
S01012971,776,536,240
S01012972,660,444,216
S01012973,685,468,217
S01012974,848,565,283
S01012975,549,376,173
S01012976,524,355,169
S01012977,668,478,190
S01012978,727,510,217
S01012979,630,456,174
S01012980,604,463,141
S01012981,685,524,161
S01012982,619,460,159
S01012983,566,396,170
S01012984,588,455,133
S01012985,628,451,177
S01012986,760,525,235
S01012987,764,559,205
S01012988,779,552,227
S01012989,833,616,217
S01012990,816,563,253
S01012991,759,537,222
S01012992,740,527,213
S01012993,718,480,238
S01012994,715,518,197
S01012995,628,503,125
S01012996,722,557,165
S01012997,447,292,155
S01012998,913,705,208
S01012999,555,432,123
S01013000,803,584,219
S01013001,282,209,73
S01013002,534,374,160
S01013003,521,340,181
S01013004,694,486,208
S01013005,517,351,166
S01013006,687,444,243
S01013007,895,589,306
S01013008,886,572,314
S01013009,562,375,187
S01013010,477,353,124
S01013011,654,482,172
S01013012,832,587,245
S01013013,712,525,187
S01013014,569,396,173
S01013015,531,411,120
S01013016,723,506,217
S01013017,793,539,254
S01013018,858,630,228
S01013019,1101,840,261
S01013020,700,514,186
S01013021,897,697,200
S01013022,290,205,85
S01013023,702,453,249
S01013024,446,307,139
S01013025,963,711,252
S01013026,717,481,236
S01013027,1181,763,418
S01013028,702,568,134
S01013029,524,340,184
S01013030,875,641,234
S01013031,479,335,144
S01013032,449,367,82
S01013033,577,454,123
S01013034,606,405,201
S01013035,613,407,206
S01013036,707,506,201
S01013037,858,625,233
S01013038,917,683,234
S01013039,416,340,76
S01013040,480,305,175
S01013041,445,350,95
S01013042,688,524,164
S01013043,572,382,190
S01013044,842,556,286
S01013045,490,370,120
S01013046,510,340,170
S01013047,685,556,129
S01013048,964,779,185
S01013049,801,553,248
S01013050,707,446,261
S01013051,667,459,208
S01013052,522,347,175
S01013053,771,469,302
S01013054,731,502,229
S01013055,567,370,197
S01013056,949,632,317
S01013057,694,450,244
S01013058,380,301,79
S01013059,800,525,275
S01013060,444,279,165
S01013061,769,468,301
S01013062,738,483,255
S01013063,640,429,211
S01013064,872,584,288
S01013065,892,583,309
S01013066,628,459,169
S01013067,1218,800,418
S01013068,1269,879,390
S01013069,837,556,281
S01013070,857,504,353
S01013071,968,609,359
S01013072,693,454,239
S01013073,844,571,273
S01013074,1120,695,425
S01013075,657,359,298
S01013076,765,465,300
S01013077,504,305,199
S01013078,586,369,217
S01013079,1142,738,404
S01013080,855,572,283
S01013081,543,370,173
S01013082,1036,722,314
S01013083,2503,1346,1157
S01013084,719,499,220
S01013085,754,420,334
S01013086,801,557,244
S01013087,2550,1311,1239
S01013088,687,443,244
S01013089,621,407,214
S01013090,1116,793,323
S01013091,739,506,233
S01013092,1031,731,300
S01013093,357,236,121
S01013094,542,344,198
S01013095,1234,908,326
S01013096,487,314,173
S01013097,1231,905,326
S01013098,40,29,11
S01013099,645,444,201
S01013100,652,426,226
S01013101,1209,801,408
S01013102,485,322,163
S01013103,590,456,134
S01013104,794,557,237
S01013105,658,436,222
S01013106,786,545,241
S01013107,644,450,194
S01013108,496,325,171
S01013109,1218,901,317
S01013110,437,309,128
S01013111,558,391,167
S01013112,635,479,156
S01013113,730,472,258
S01013114,1053,722,331
S01013115,696,476,220
S01013116,716,453,263
S01013117,780,585,195
S01013118,819,628,191
S01013119,607,406,201
S01013120,880,640,240
S01013121,355,278,77
S01013122,662,465,197
S01013123,692,480,212
S01013124,833,534,299
S01013125,656,394,262
S01013126,715,445,270
S01013127,793,490,303
S01013128,817,582,235
S01013129,998,663,335
S01013130,722,439,283
S01013131,654,457,197
S01013132,522,346,176
S01013133,684,434,250
S01013134,601,410,191
S01013135,753,477,276
S01013136,867,539,328
S01013137,749,454,295
S01013138,646,403,243
S01013139,828,471,357
S01013140,792,474,318
S01013141,461,293,168
S01013142,718,417,301
S01013143,766,500,266
S01013144,666,421,245
S01013145,664,428,236
S01013146,403,253,150
S01013147,567,385,182
S01013148,786,551,235
S01013149,619,445,174
S01013150,646,408,238
S01013151,424,314,110
S01013152,978,669,309
S01013153,696,419,277
S01013154,978,663,315
S01013155,651,438,213
S01013156,759,494,265
S01013157,883,576,307
S01013158,599,448,151
S01013159,657,457,200
S01013160,743,542,201
S01013161,765,548,217
S01013162,850,576,274
S01013163,658,489,169
S01013164,876,552,324
S01013165,932,626,306
S01013166,607,372,235
S01013167,908,614,294
S01013168,760,469,291
S01013169,547,332,215
S01013170,921,597,324
S01013171,563,419,144
S01013172,656,460,196
S01013173,624,466,158
S01013174,875,698,177
S01013175,597,452,145
S01013176,755,523,232
S01013177,815,559,256
S01013178,575,402,173
S01013179,1134,822,312
S01013180,354,273,81
S01013181,737,512,225
S01013182,614,387,227
S01013183,823,589,234
S01013184,416,270,146
S01013185,728,508,220
S01013186,543,390,153
S01013187,720,477,243
S01013188,774,578,196
S01013189,654,451,203
S01013190,665,459,206
S01013191,789,618,171
S01013192,805,550,255
S01013193,504,387,117
S01013194,970,732,238
S01013195,763,567,196
S01013196,549,441,108
S01013197,412,270,142
S01013198,652,420,232
S01013199,687,434,253
S01013200,700,424,276
S01013201,618,370,248
S01013202,428,268,160
S01013203,780,516,264
S01013204,802,617,185
S01013205,548,345,203
S01013206,693,432,261
S01013207,899,629,270
S01013208,600,355,245
S01013209,772,535,237
S01013210,616,439,177
S01013211,750,525,225
S01013212,662,548,114
S01013213,750,621,129
S01013214,339,283,56
S01013215,636,481,155
S01013216,616,426,190
S01013217,621,435,186
S01013218,539,350,189
S01013219,516,338,178
S01013220,635,397,238
S01013221,713,455,258
S01013222,512,291,221
S01013223,986,647,339
S01013224,852,613,239
S01013225,899,643,256
S01013226,603,479,124
S01013227,416,235,181
S01013228,666,467,199
S01013229,759,498,261
S01013230,674,410,264
S01013231,997,708,289
S01013232,590,358,232
S01013233,435,308,127
S01013234,509,394,115
S01013235,825,568,257
S01013236,773,499,274
S01013237,765,550,215
S01013238,777,460,317
S01013239,697,421,276
S01013240,575,362,213
S01013241,665,469,196
S01013242,499,345,154
S01013243,634,421,213
S01013244,886,551,335
S01013245,753,544,209
S01013246,345,250,95
S01013247,693,464,229
S01013248,528,347,181
S01013249,824,598,226
S01013250,1066,816,250
S01013251,699,472,227
S01013252,891,627,264
S01013253,643,459,184
S01013254,644,414,230
S01013255,1364,646,718
S01013256,715,492,223
S01013257,746,527,219
S01013258,750,516,234
S01013259,1006,727,279
S01013260,634,438,196
S01013261,865,620,245
S01013262,640,442,198
S01013263,801,632,169
S01013264,220,174,46
S01013265,702,568,134
S01013266,302,258,44
S01013267,626,463,163
S01013268,890,651,239
S01013269,891,703,188
S01013270,593,483,110
S01013271,921,652,269
S01013272,865,656,209
S01013273,615,534,81
S01013274,757,553,204
S01013275,808,591,217
S01013276,747,574,173
S01013277,681,477,204
S01013278,785,535,250
S01013279,629,427,202
S01013280,581,407,174
S01013281,677,471,206
S01013282,611,449,162
S01013283,871,666,205
S01013284,516,428,88
S01013285,608,479,129
S01013286,611,478,133
S01013287,609,494,115
S01013288,530,367,163
S01013289,785,565,220
S01013290,847,679,168
S01013291,881,710,171
S01013292,689,536,153
S01013293,667,512,155
S01013294,682,532,150
S01013295,717,565,152
S01013296,658,451,207
S01013297,866,608,258
S01013298,584,414,170
S01013299,963,704,259
S01013300,915,656,259
S01013301,524,374,150
S01013302,1051,840,211
S01013303,1228,882,346
S01013304,786,560,226
S01013305,740,511,229
S01013306,814,527,287
S01013307,926,654,272
S01013308,927,690,237
S01013309,674,513,161
S01013310,483,354,129
S01013311,919,684,235
S01013312,1227,825,402
S01013313,509,343,166
S01013314,620,413,207
S01013315,215,147,68
S01013316,529,341,188
S01013317,557,403,154
S01013318,535,433,102
S01013319,633,512,121
S01013320,515,450,65
S01013321,384,270,114
S01013322,556,412,144
S01013323,738,515,223
S01013324,754,531,223
S01013325,963,679,284
S01013326,720,493,227
S01013327,659,467,192
S01013328,527,360,167
S01013329,402,267,135
S01013330,758,594,164
S01013331,475,403,72
S01013332,618,440,178
S01013333,846,631,215
S01013334,557,393,164
S01013335,719,498,221
S01013336,801,538,263
S01013337,2026,1519,507
S01013338,331,229,102
S01013339,650,483,167
S01013340,1040,756,284
S01013341,701,549,152
S01013342,617,404,213
S01013343,565,419,146
S01013344,974,649,325
S01013345,627,455,172
S01013346,634,524,110
S01013347,556,451,105
S01013348,1038,838,200
S01013349,799,653,146
S01013350,1117,902,215
S01013351,596,439,157
S01013352,759,559,200
S01013353,832,609,223
S01013354,699,502,197
S01013355,713,528,185
S01013356,756,496,260
S01013357,825,621,204
S01013358,729,510,219
S01013359,453,294,159
S01013360,521,340,181
S01013361,1039,719,320
S01013362,414,270,144
S01013363,858,578,280
S01013364,605,414,191
S01013365,954,721,233
S01013366,496,400,96
S01013367,573,466,107
S01013368,653,468,185
S01013369,636,391,245
S01013370,656,418,238
S01013371,619,344,275
S01013372,815,521,294
S01013373,1000,666,334
S01013374,745,445,300
S01013375,506,342,164
S01013376,486,306,180
S01013377,558,357,201
S01013378,817,586,231
S01013379,926,648,278
S01013380,1006,821,185
S01013381,570,389,181
S01013382,755,529,226
S01013383,593,367,226
S01013384,851,566,285
S01013385,508,339,169
S01013386,626,471,155
S01013387,494,323,171
S01013388,534,346,188
S01013389,769,558,211
S01013390,405,291,114
S01013391,759,568,191
S01013392,780,668,112
S01013393,1368,1036,332
S01013394,543,343,200
S01013395,1063,800,263
S01013396,847,714,133
S01013397,716,521,195
S01013398,184,143,41
S01013399,828,659,169
S01013400,504,376,128
S01013401,2652,2296,356
S01013402,165,144,21
S01013403,67,42,25
S01013404,3105,2652,453
S01013405,498,338,160
S01013406,534,368,166
S01013407,1260,945,315
S01013408,595,408,187
S01013409,976,730,246
S01013410,428,308,120
S01013411,709,544,165
S01013412,623,443,180
S01013413,738,530,208
S01013414,675,463,212
S01013415,655,407,248
S01013416,452,305,147
S01013417,673,477,196
S01013418,380,271,109
S01013419,433,327,106
S01013420,926,742,184
S01013421,650,565,85
S01013422,722,516,206
S01013423,678,473,205
S01013424,622,470,152
S01013425,332,234,98
S01013426,662,444,218
S01013427,555,448,107
S01013428,1217,903,314
S01013429,1166,866,300
S01013430,1330,1084,246
S01013431,752,542,210
S01013432,622,441,181
S01013433,549,391,158
S01013434,398,306,92
S01013435,573,443,130
S01013436,699,510,189
S01013437,618,457,161
S01013438,529,349,180
S01013439,694,436,258
S01013440,980,637,343
S01013441,648,463,185
S01013442,703,528,175
S01013443,457,337,120
S01013444,927,670,257
S01013445,410,295,115
S01013446,508,361,147
S01013447,419,351,68
S01013448,804,553,251
S01013449,606,456,150
S01013450,624,470,154
S01013451,656,522,134
S01013452,469,374,95
S01013453,720,495,225
S01013454,572,425,147
S01013455,427,306,121
S01013456,807,553,254
S01013457,730,502,228
S01013458,649,478,171
S01013459,739,522,217
S01013460,723,507,216
S01013461,850,667,183
S01013462,747,586,161
S01013463,684,509,175
S01013464,613,429,184
S01013465,606,390,216
S01013466,376,202,174
S01013467,671,518,153
S01013468,498,356,142
S01013469,779,513,266
S01013470,707,495,212
S01013471,702,500,202
S01013472,843,686,157
S01013473,378,304,74
S01013474,530,431,99
S01013475,1196,928,268
S01013476,496,340,156
S01013477,757,535,222
S01013478,696,551,145
S01013479,798,575,223
S01013480,494,321,173
S01013481,923,725,198
