"dz_2011","total","active","inactive"
"S01006506",581,423,158
"S01006507",655,449,206
"S01006508",505,411,94
"S01006509",446,308,138
"S01006510",428,289,139
"S01006511",528,324,204
"S01006512",348,261,87
"S01006513",277,188,89
"S01006514",651,414,237
"S01006515",557,399,158
"S01006516",511,328,183
"S01006517",744,515,229
"S01006518",470,297,173
"S01006519",626,425,201
"S01006520",475,327,148
"S01006521",388,213,175
"S01006522",395,274,121
"S01006523",593,390,203
"S01006524",505,306,199
"S01006525",621,381,240
"S01006526",658,433,225
"S01006527",550,322,228
"S01006528",782,507,275
"S01006529",636,450,186
"S01006530",543,377,166
"S01006531",718,409,309
"S01006532",452,298,154
"S01006533",513,363,150
"S01006534",714,518,196
"S01006535",901,740,161
"S01006536",731,600,131
"S01006537",474,302,172
"S01006538",457,298,159
"S01006539",537,380,157
"S01006540",694,512,182
"S01006541",581,338,243
"S01006542",747,441,306
"S01006543",563,342,221
"S01006544",629,359,270
"S01006545",647,436,211
"S01006546",439,299,140
"S01006547",887,574,313
"S01006548",578,365,213
"S01006549",558,350,208
"S01006550",730,445,285
"S01006551",282,126,156
"S01006552",691,504,187
"S01006553",573,335,238
"S01006554",502,317,185
"S01006555",567,329,238
"S01006556",637,376,261
"S01006557",531,372,159
"S01006558",587,452,135
"S01006559",322,239,83
"S01006560",675,495,180
"S01006561",589,438,151
"S01006562",561,342,219
"S01006563",730,495,235
"S01006564",770,532,238
"S01006565",898,597,301
"S01006566",679,509,170
"S01006567",690,468,222
"S01006568",799,655,144
"S01006569",469,347,122
"S01006570",584,456,128
"S01006571",682,512,170
"S01006572",600,367,233
"S01006573",487,352,135
"S01006574",688,491,197
"S01006575",701,537,164
"S01006576",475,371,104
"S01006577",668,524,144
"S01006578",795,634,161
"S01006579",895,735,160
"S01006580",586,482,104
"S01006581",675,469,206
"S01006582",703,550,153
"S01006583",540,447,93
"S01006584",525,405,120
"S01006585",626,414,212
"S01006586",805,538,267
"S01006587",219,156,63
"S01006588",352,302,50
"S01006589",481,358,123
"S01006590",568,414,154
"S01006591",348,272,76
"S01006592",369,312,57
"S01006593",413,338,75
"S01006594",455,329,126
"S01006595",568,484,84
"S01006596",582,477,105
"S01006597",524,419,105
"S01006598",636,464,172
"S01006599",588,339,249
"S01006600",729,535,194
"S01006601",829,630,199
"S01006602",585,427,158
"S01006603",660,408,252
"S01006604",500,349,151
"S01006605",527,311,216
"S01006606",634,393,241
"S01006607",705,466,239
"S01006608",384,254,130
"S01006609",820,513,307
"S01006610",357,209,148
"S01006611",709,429,280
"S01006612",651,462,189
"S01006613",490,421,69
"S01006614",518,456,62
"S01006615",259,226,33
"S01006616",595,518,77
"S01006617",460,352,108
"S01006618",442,375,67
"S01006619",703,563,140
"S01006620",819,633,186
"S01006621",483,397,86
"S01006622",506,467,39
"S01006623",584,417,167
"S01006624",692,489,203
"S01006625",498,340,158
"S01006626",523,313,210
"S01006627",641,507,134
"S01006628",660,528,132
"S01006629",516,360,156
"S01006630",502,312,190
"S01006631",663,429,234
"S01006632",550,334,216
"S01006633",483,300,183
"S01006634",413,252,161
"S01006635",481,316,165
"S01006636",523,316,207
"S01006637",454,301,153
"S01006638",659,437,222
"S01006639",688,435,253
"S01006640",71,50,21
"S01006641",494,362,132
"S01006642",748,503,245
"S01006643",520,356,164
"S01006644",458,291,167
"S01006645",583,331,252
"S01006646",632,431,201
"S01006647",467,287,180
"S01006648",1477,787,690
"S01006649",531,353,178
"S01006650",556,385,171
"S01006651",570,356,214
"S01006652",357,245,112
"S01006653",518,399,119
"S01006654",637,383,254
"S01006655",336,147,189
"S01006656",673,488,185
"S01006657",470,344,126
"S01006658",956,581,375
"S01006659",612,377,235
"S01006660",269,177,92
"S01006661",618,393,225
"S01006662",529,282,247
"S01006663",457,258,199
"S01006664",145,97,48
"S01006665",577,339,238
"S01006666",708,399,309
"S01006667",570,306,264
"S01006668",751,409,342
"S01006669",982,390,592
"S01006670",352,197,155
"S01006671",1165,491,674
"S01006672",599,338,261
"S01006673",754,341,413
"S01006674",625,371,254
"S01006675",332,215,117
"S01006676",514,307,207
"S01006677",576,369,207
"S01006678",758,475,283
"S01006679",505,362,143
"S01006680",511,326,185
"S01006681",603,419,184
"S01006682",487,267,220
"S01006683",553,334,219
"S01006684",476,300,176
"S01006685",514,299,215
"S01006686",486,274,212
"S01006687",626,375,251
"S01006688",665,400,265
"S01006689",417,211,206
"S01006690",474,289,185
"S01006691",466,337,129
"S01006692",633,397,236
"S01006693",673,486,187
"S01006694",629,328,301
"S01006695",599,365,234
"S01006696",570,364,206
"S01006697",668,418,250
"S01006698",488,259,229
"S01006699",364,248,116
"S01006700",670,410,260
"S01006701",541,338,203
"S01006702",544,356,188
"S01006703",487,309,178
"S01006704",467,256,211
"S01006705",640,399,241
"S01006706",432,286,146
"S01006707",485,292,193
"S01006708",636,402,234
"S01006709",618,408,210
"S01006710",744,534,210
"S01006711",662,425,237
"S01006712",353,214,139
"S01006713",654,394,260
"S01006714",468,301,167
"S01006715",426,254,172
"S01006716",522,326,196
"S01006717",793,528,265
"S01006718",499,325,174
"S01006719",648,438,210
"S01006720",461,320,141
"S01006721",748,487,261
"S01006722",442,286,156
"S01006723",620,420,200
"S01006724",572,339,233
"S01006725",489,339,150
"S01006726",608,336,272
"S01006727",547,302,245
"S01006728",568,367,201
"S01006729",530,309,221
"S01006730",518,380,138
"S01006731",478,324,154
"S01006732",560,388,172
"S01006733",586,455,131
"S01006734",686,535,151
"S01006735",604,404,200
"S01006736",635,572,63
"S01006737",430,297,133
"S01006738",553,437,116
"S01006739",435,341,94
"S01006740",568,354,214
"S01006741",556,340,216
"S01006742",365,237,128
"S01006743",327,209,118
"S01006744",479,366,113
"S01006745",588,376,212
"S01006746",551,363,188
"S01006747",741,497,244
"S01006748",656,469,187
"S01006749",786,597,189
"S01006750",555,420,135
"S01006751",268,197,71
"S01006752",588,403,185
"S01006753",734,512,222
"S01006754",826,625,201
"S01006755",448,347,101
"S01006756",126,88,38
"S01006757",707,576,131
"S01006758",559,484,75
"S01006759",358,295,63
"S01006760",329,284,45
"S01006761",609,457,152
"S01006762",786,561,225
"S01006763",453,406,47
"S01006764",655,564,91
"S01006765",489,422,67
"S01006766",498,420,78
"S01006767",557,443,114
"S01006768",552,459,93
"S01006769",641,497,144
"S01006770",698,578,120
"S01006771",187,149,38
"S01006772",767,625,142
"S01006773",712,585,127
"S01006774",567,503,64
"S01006775",505,378,127
"S01006776",314,207,107
"S01006777",608,503,105
"S01006778",565,445,120
"S01006779",544,367,177
"S01006780",469,328,141
"S01006781",558,402,156
"S01006782",502,350,152
"S01006783",535,343,192
"S01006784",409,308,101
"S01006785",443,373,70
"S01006786",477,401,76
"S01006787",753,562,191
"S01006788",711,613,98
"S01006789",452,303,149
"S01006790",474,316,158
"S01006791",374,247,127
"S01006792",452,323,129
"S01006793",429,313,116
"S01006794",448,298,150
"S01006795",324,197,127
"S01006796",191,121,70
"S01006797",554,416,138
"S01006798",547,393,154
"S01006799",427,280,147
"S01006800",449,318,131
"S01006801",396,290,106
"S01006802",484,322,162
"S01006803",454,307,147
"S01006804",232,163,69
"S01006805",655,474,181
"S01006806",708,518,190
"S01006807",377,279,98
"S01006808",400,282,118
"S01006809",541,372,169
"S01006810",624,423,201
"S01006811",618,457,161
"S01006812",498,381,117
"S01006813",356,243,113
"S01006814",464,337,127
"S01006815",373,243,130
"S01006816",463,354,109
"S01006817",486,381,105
"S01006818",514,393,121
"S01006819",571,452,119
"S01006820",308,228,80
"S01006821",585,441,144
"S01006822",683,518,165
"S01006823",511,369,142
"S01006824",569,401,168
"S01006825",668,533,135
"S01006826",580,425,155
"S01006827",572,396,176
"S01006828",700,515,185
"S01006830",539,411,128
"S01006831",489,349,140
"S01006832",755,522,233
"S01006833",343,219,124
"S01006835",411,265,146
"S01006837",298,221,77
"S01006838",476,388,88
"S01006839",772,570,202
"S01006840",516,377,139
"S01006841",683,571,112
"S01006842",680,529,151
"S01006843",619,537,82
"S01006844",561,460,101
"S01006845",602,520,82
"S01006846",437,350,87
"S01006847",464,385,79
"S01006848",730,534,196
"S01006849",63,48,15
"S01006850",777,630,147
"S01006851",548,398,150
"S01006852",450,357,93
"S01006853",537,382,155
"S01006854",284,206,78
"S01006855",624,466,158
"S01006856",452,329,123
"S01006857",861,630,231
"S01006858",469,362,107
"S01006859",750,516,234
"S01006860",397,261,136
"S01006861",85,58,27
"S01006862",513,388,125
"S01006863",358,232,126
"S01006865",589,443,146
"S01006866",417,281,136
"S01006867",456,297,159
"S01006868",574,386,188
"S01006869",418,299,119
"S01006870",300,199,101
"S01006871",388,267,121
"S01006872",523,364,159
"S01006873",702,484,218
"S01006874",432,326,106
"S01006875",172,98,74
"S01006876",639,455,184
"S01006877",658,502,156
"S01006878",542,377,165
"S01006879",624,443,181
"S01006880",293,235,58
"S01006881",414,326,88
"S01006882",171,117,54
"S01006883",285,214,71
"S01006884",508,351,157
"S01006885",449,294,155
"S01006886",545,395,150
"S01006887",234,155,79
"S01006888",437,326,111
"S01006889",687,529,158
"S01006890",429,343,86
"S01006891",467,345,122
"S01006892",380,281,99
"S01006893",246,187,59
"S01006894",761,547,214
"S01006895",459,341,118
"S01006896",611,457,154
"S01006897",560,434,126
"S01006898",520,395,125
"S01006899",379,306,73
"S01006900",463,377,86
"S01006901",454,333,121
"S01006902",498,381,117
"S01006903",517,343,174
"S01006904",417,297,120
"S01006905",619,410,209
"S01006906",698,453,245
"S01006907",411,294,117
"S01006908",513,357,156
"S01006910",1000,768,232
"S01006912",497,369,128
"S01006913",107,82,25
"S01006914",485,377,108
"S01006915",562,432,130
"S01006916",63,42,21
"S01006917",89,67,22
"S01006918",263,201,62
"S01006919",294,199,95
"S01006920",103,68,35
"S01006921",184,148,36
"S01006922",220,173,47
"S01006923",524,386,138
"S01006924",509,385,124
"S01006925",536,429,107
"S01006926",87,74,13
"S01006928",737,533,204
"S01006929",575,446,129
"S01006930",795,631,164
"S01006931",298,208,90
"S01006932",192,144,48
"S01006933",485,434,51
"S01006934",410,278,132
"S01006935",597,457,140
"S01006936",452,367,85
"S01006937",627,496,131
"S01006938",428,345,83
"S01006939",407,317,90
"S01006940",764,595,169
"S01006941",555,413,142
"S01006942",692,563,129
"S01006945",498,396,102
"S01006946",592,479,113
"S01006947",341,300,41
"S01006948",633,480,153
"S01006949",426,332,94
"S01006951",347,280,67
"S01006952",590,438,152
"S01006953",552,439,113
"S01006954",457,363,94
"S01006955",546,447,99
"S01006956",298,254,44
"S01006957",616,492,124
"S01006958",631,436,195
"S01006959",453,303,150
"S01006960",94,80,14
"S01006962",604,422,182
"S01006963",494,403,91
"S01006964",468,392,76
"S01006965",317,240,77
"S01006966",481,353,128
"S01006967",545,452,93
"S01006968",391,291,100
"S01006969",706,554,152
"S01006970",504,347,157
"S01006971",256,187,69
"S01006972",340,273,67
"S01006973",539,417,122
"S01006974",566,445,121
"S01006975",711,540,171
"S01006976",547,434,113
"S01006977",775,596,179
"S01006978",569,425,144
"S01006979",423,309,114
"S01006980",685,518,167
"S01006981",592,450,142
"S01006982",478,369,109
"S01006983",523,415,108
"S01006984",564,439,125
"S01006985",724,524,200
"S01006986",222,163,59
"S01006987",475,326,149
"S01006988",232,182,50
"S01006989",534,425,109
"S01006990",256,206,50
"S01006991",330,197,133
"S01006992",426,341,85
"S01006993",382,292,90
"S01006994",409,301,108
"S01006995",748,556,192
"S01006996",220,161,59
"S01006997",431,342,89
"S01006998",695,527,168
"S01006999",590,432,158
"S01007000",347,242,105
"S01007001",484,325,159
"S01007002",291,205,86
"S01007003",351,266,85
"S01007004",540,397,143
"S01007005",598,457,141
"S01007006",610,393,217
"S01007007",559,404,155
"S01007008",574,360,214
"S01007009",760,531,229
"S01007010",569,356,213
"S01007011",611,405,206
"S01007012",539,324,215
"S01007013",587,427,160
"S01007014",549,396,153
"S01007015",467,347,120
"S01007016",407,323,84
"S01007017",663,446,217
"S01007018",636,419,217
"S01007019",483,309,174
"S01007020",432,310,122
"S01007021",563,378,185
"S01007022",68,44,24
"S01007023",602,378,224
"S01007024",710,462,248
"S01007025",421,255,166
"S01007026",505,313,192
"S01007027",650,403,247
"S01007028",747,436,311
"S01007029",418,296,122
"S01007030",516,358,158
"S01007031",396,249,147
"S01007032",835,559,276
"S01007033",578,387,191
"S01007034",303,186,117
"S01007035",603,340,263
"S01007036",557,344,213
"S01007037",632,432,200
"S01007038",647,434,213
"S01007039",344,217,127
"S01007040",466,260,206
"S01007041",327,234,93
"S01007042",240,174,66
"S01007043",945,636,309
"S01007044",387,236,151
"S01007045",691,464,227
"S01007046",392,262,130
"S01007047",570,407,163
"S01007048",877,591,286
"S01007049",562,344,218
"S01007050",282,202,80
"S01007051",465,334,131
"S01007052",396,281,115
"S01007053",323,200,123
"S01007054",512,331,181
"S01007055",480,345,135
"S01007056",597,424,173
"S01007057",306,210,96
"S01007058",442,285,157
"S01007059",633,436,197
"S01007060",448,317,131
"S01007061",645,504,141
"S01007062",484,362,122
"S01007063",409,281,128
"S01007064",475,344,131
"S01007065",375,284,91
"S01007066",884,609,275
"S01007067",490,364,126
"S01007068",394,252,142
"S01007069",761,587,174
"S01007070",344,233,111
"S01007071",279,203,76
"S01007072",496,375,121
"S01007073",942,537,405
"S01007074",516,364,152
"S01007075",513,326,187
"S01007076",715,542,173
"S01007077",576,394,182
"S01007078",688,413,275
"S01007079",648,393,255
"S01007080",701,406,295
"S01007081",688,453,235
"S01007082",383,244,139
"S01007083",604,305,299
"S01007084",444,283,161
"S01007085",663,452,211
"S01007086",637,401,236
"S01007087",498,304,194
"S01007088",398,226,172
"S01007089",521,389,132
"S01007090",419,327,92
"S01007092",521,327,194
"S01007093",821,629,192
"S01007094",692,471,221
"S01007095",490,345,145
"S01007096",439,327,112
"S01007097",226,171,55
"S01007098",299,215,84
"S01007099",469,326,143
"S01007100",558,371,187
"S01007101",417,271,146
"S01007102",608,428,180
"S01007103",383,242,141
"S01007104",850,563,287
"S01007105",322,204,118
"S01007106",476,280,196
"S01007107",326,232,94
"S01007108",768,524,244
"S01007109",268,174,94
"S01007110",430,279,151
"S01007111",340,220,120
"S01007112",487,327,160
"S01007113",337,227,110
"S01007114",642,428,214
"S01007115",446,319,127
"S01007116",340,253,87
"S01007117",394,273,121
"S01007118",546,364,182
"S01007119",624,434,190
"S01007120",732,483,249
"S01007121",333,214,119
"S01007122",414,271,143
"S01007123",496,295,201
"S01007124",630,427,203
"S01007125",638,382,256
"S01007126",611,338,273
"S01007127",351,229,122
"S01007128",661,421,240
"S01007129",504,387,117
"S01007130",439,286,153
"S01007131",375,266,109
"S01007132",535,366,169
"S01007133",487,300,187
"S01007134",521,373,148
"S01007135",360,253,107
"S01007136",138,109,29
"S01007137",44,41,3
"S01007138",338,244,94
"S01007139",565,415,150
"S01007140",625,436,189
"S01007141",434,316,118
"S01007144",848,632,216
"S01007145",710,449,261
"S01007146",644,420,224
"S01007147",508,364,144
"S01007148",427,340,87
"S01007149",625,443,182
"S01007150",610,350,260
"S01007151",411,312,99
"S01007152",501,336,165
"S01007153",507,347,160
"S01007154",499,330,169
"S01007155",349,236,113
"S01007156",446,345,101
"S01007157",375,286,89
"S01007158",559,423,136
"S01007159",573,354,219
"S01007160",508,335,173
"S01007161",472,310,162
"S01007162",221,150,71
"S01007163",712,490,222
"S01007164",447,315,132
"S01007165",542,381,161
"S01007166",495,306,189
"S01007167",688,483,205
"S01007168",783,550,233
"S01007169",481,368,113
"S01007170",444,329,115
"S01007171",787,601,186
"S01007172",600,383,217
"S01007173",468,382,86
"S01007174",407,326,81
"S01007175",474,296,178
"S01007176",491,339,152
"S01007177",437,279,158
"S01007178",699,420,279
"S01007179",733,551,182
"S01007180",582,320,262
"S01007181",605,402,203
"S01007182",745,502,243
"S01007183",759,451,308
"S01007184",760,506,254
"S01007185",503,309,194
"S01007186",366,232,134
"S01007187",555,328,227
"S01007188",408,266,142
"S01007189",531,308,223
"S01007190",591,363,228
"S01007191",446,291,155
"S01007192",468,288,180
"S01007193",522,336,186
"S01007194",423,255,168
"S01007195",423,259,164
"S01007196",355,210,145
"S01007197",280,165,115
"S01007198",294,168,126
"S01007199",556,340,216
"S01007200",698,488,210
"S01007201",566,369,197
"S01007202",617,405,212
"S01007203",507,364,143
"S01007204",716,471,245
"S01007205",464,337,127
"S01007206",208,122,86
"S01007207",747,502,245
"S01007208",663,478,185
"S01007209",430,295,135
"S01007210",453,307,146
"S01007211",516,328,188
"S01007212",446,321,125
"S01007213",578,350,228
"S01007214",476,303,173
"S01007215",575,385,190
"S01007216",579,375,204
"S01007217",647,397,250
"S01007218",514,353,161
"S01007219",558,376,182
"S01007220",544,356,188
"S01007221",144,76,68
"S01007222",626,448,178
"S01007223",382,258,124
"S01007224",442,292,150
"S01007225",635,433,202
"S01007226",537,377,160
"S01007227",581,392,189
"S01007228",438,289,149
"S01007229",818,561,257
"S01007230",561,343,218
"S01007231",454,287,167
"S01007232",390,221,169
"S01007233",552,383,169
"S01007234",449,278,171
"S01007235",534,366,168
"S01007236",445,301,144
"S01007237",527,360,167
"S01007238",643,431,212
"S01007239",530,359,171
"S01007240",448,326,122
"S01007241",481,331,150
"S01007242",676,461,215
"S01007243",407,263,144
"S01007244",491,339,152
"S01007245",507,347,160
"S01007246",479,348,131
"S01007247",470,343,127
"S01007248",427,284,143
"S01007249",283,184,99
"S01007250",569,403,166
"S01007251",211,155,56
"S01007252",517,351,166
"S01007253",490,342,148
"S01007254",535,316,219
"S01007255",583,395,188
"S01007256",497,365,132
"S01007257",411,286,125
"S01007258",481,316,165
"S01007259",582,381,201
"S01007260",645,408,237
"S01007261",616,414,202
"S01007262",519,353,166
"S01007263",671,471,200
"S01007264",574,381,193
"S01007265",761,512,249
"S01007266",510,365,145
"S01007267",368,269,99
"S01007268",442,289,153
"S01007269",361,260,101
"S01007270",467,327,140
"S01007271",594,430,164
"S01007272",752,455,297
"S01007273",426,264,162
"S01007274",508,340,168
"S01007275",441,269,172
"S01007276",571,394,177
"S01007277",432,280,152
"S01007278",432,281,151
"S01007279",426,301,125
"S01007280",435,292,143
"S01007281",689,459,230
"S01007282",382,278,104
"S01007283",599,357,242
"S01007284",622,406,216
"S01007285",589,426,163
"S01007286",592,450,142
"S01007287",351,278,73
"S01007288",306,208,98
"S01007289",616,478,138
"S01007290",71,50,21
"S01007291",378,244,134
"S01007292",534,418,116
"S01007293",601,427,174
"S01007294",572,383,189
"S01007295",339,217,122
"S01007296",472,332,140
"S01007297",550,421,129
"S01007298",417,302,115
"S01007299",637,450,187
"S01007300",434,308,126
"S01007301",425,272,153
"S01007302",534,359,175
"S01007303",622,423,199
"S01007304",436,288,148
"S01007305",478,343,135
"S01007306",380,274,106
"S01007307",590,431,159
"S01007308",567,390,177
"S01007309",481,344,137
"S01007310",570,378,192
"S01007311",576,431,145
"S01007312",550,344,206
"S01007313",676,480,196
"S01007314",489,370,119
"S01007315",443,308,135
"S01007316",610,381,229
"S01007317",530,382,148
"S01007318",444,309,135
"S01007319",470,333,137
"S01007320",618,442,176
"S01007321",477,315,162
"S01007322",554,378,176
"S01007323",420,297,123
"S01007324",227,154,73
"S01007325",580,363,217
"S01007326",963,649,314
"S01007327",494,293,201
"S01007328",404,248,156
"S01007329",461,319,142
"S01007330",685,421,264
"S01007331",738,492,246
"S01007332",347,235,112
"S01007333",519,323,196
"S01007334",458,243,215
"S01007335",621,380,241
"S01007336",322,219,103
"S01007337",363,234,129
"S01007338",615,406,209
"S01007339",468,270,198
"S01007340",355,190,165
"S01007341",501,282,219
"S01007342",585,350,235
"S01007343",596,407,189
"S01007344",252,149,103
"S01007345",343,168,175
"S01007346",468,259,209
"S01007347",502,300,202
"S01007348",458,283,175
"S01007349",295,212,83
"S01007350",424,235,189
"S01007351",491,281,210
"S01007352",390,243,147
"S01007353",539,302,237
"S01007354",542,321,221
"S01007355",1497,892,605
"S01007356",550,289,261
"S01007357",622,400,222
"S01007358",763,567,196
"S01007359",79,37,42
"S01007360",316,189,127
"S01007361",773,476,297
"S01007362",475,282,193
"S01007363",508,297,211
"S01007364",623,326,297
"S01007365",246,124,122
"S01007366",345,167,178
"S01007367",415,251,164
"S01007368",224,130,94
"S01007369",450,288,162
"S01007370",544,360,184
"S01007371",480,350,130
"S01007372",401,243,158
"S01007373",364,198,166
"S01007374",400,293,107
"S01007375",387,229,158
"S01007376",659,430,229
"S01007377",515,349,166
"S01007378",2591,2484,107
"S01007379",390,225,165
"S01007380",438,304,134
"S01007381",272,179,93
"S01007382",502,356,146
"S01007383",604,386,218
"S01007384",521,350,171
"S01007385",678,398,280
"S01007386",653,410,243
"S01007387",636,451,185
"S01007388",522,380,142
"S01007389",528,412,116
"S01007390",171,131,40
"S01007391",520,364,156
"S01007392",306,198,108
"S01007393",539,340,199
"S01007394",460,271,189
"S01007395",632,441,191
"S01007396",641,425,216
"S01007397",717,461,256
"S01007398",518,316,202
"S01007399",344,217,127
"S01007400",530,348,182
"S01007401",541,369,172
"S01007402",488,318,170
"S01007403",435,333,102
"S01007404",446,285,161
"S01007405",292,224,68
"S01007406",467,315,152
"S01007407",501,337,164
"S01007408",476,324,152
"S01007409",496,355,141
"S01007410",505,254,251
"S01007411",525,304,221
"S01007412",378,219,159
"S01007413",518,415,103
"S01007414",125,94,31
"S01007415",678,387,291
"S01007416",388,220,168
"S01007418",313,196,117
"S01007419",566,328,238
"S01007420",1009,383,626
"S01007421",173,107,66
"S01007422",411,276,135
"S01007423",281,174,107
"S01007424",574,385,189
"S01007425",787,545,242
"S01007426",456,293,163
"S01007427",542,305,237
"S01007428",697,465,232
"S01007429",574,403,171
"S01007430",330,227,103
"S01007431",413,308,105
"S01007432",564,377,187
"S01007433",490,303,187
"S01007434",388,239,149
"S01007435",519,368,151
"S01007436",526,341,185
"S01007437",316,206,110
"S01007438",534,332,202
"S01007439",600,390,210
"S01007440",518,331,187
"S01007441",426,332,94
"S01007442",398,292,106
"S01007443",663,393,270
"S01007444",609,407,202
"S01007445",528,368,160
"S01007446",417,254,163
"S01007447",371,249,122
"S01007448",651,441,210
"S01007449",594,346,248
"S01007450",476,276,200
"S01007451",529,351,178
"S01007452",475,297,178
"S01007454",427,251,176
"S01007455",654,398,256
"S01007456",634,363,271
"S01007457",496,280,216
"S01007458",325,211,114
"S01007459",608,362,246
"S01007460",515,300,215
"S01007461",528,282,246
"S01007462",502,309,193
"S01007463",617,303,314
"S01007464",546,307,239
"S01007465",589,323,266
"S01007466",561,354,207
"S01007467",699,430,269
"S01007468",537,429,108
"S01007469",532,344,188
"S01007470",453,241,212
"S01007471",258,184,74
"S01007472",495,282,213
"S01007473",262,136,126
"S01007474",251,194,57
"S01007475",219,148,71
"S01007476",681,398,283
"S01007477",439,293,146
"S01007478",531,367,164
"S01007479",234,151,83
"S01007480",354,272,82
"S01007481",542,315,227
"S01007482",328,171,157
"S01007483",623,395,228
"S01007484",497,300,197
"S01007485",338,181,157
"S01007486",407,210,197
"S01007487",698,437,261
"S01007488",638,451,187
"S01007489",569,346,223
"S01007490",728,438,290
"S01007491",445,294,151
"S01007492",518,339,179
"S01007493",614,406,208
"S01007494",406,265,141
"S01007495",625,424,201
"S01007496",823,522,301
"S01007497",475,309,166
"S01007498",783,468,315
"S01007499",621,410,211
"S01007500",493,283,210
"S01007501",492,266,226
"S01007502",409,258,151
"S01007503",729,466,263
"S01007504",497,321,176
"S01007505",308,217,91
"S01007506",415,249,166
"S01007507",630,378,252
"S01007508",534,313,221
"S01007509",490,292,198
"S01007510",690,362,328
"S01007511",612,318,294
"S01007512",343,204,139
"S01007513",573,354,219
"S01007514",372,230,142
"S01007515",338,215,123
"S01007516",394,224,170
"S01007517",242,126,116
"S01007518",524,297,227
"S01007519",467,276,191
"S01007520",706,408,298
"S01007521",471,288,183
"S01007522",601,366,235
"S01007523",394,234,160
"S01007524",686,463,223
"S01007525",414,264,150
"S01007526",547,302,245
"S01007527",576,370,206
"S01007528",570,376,194
"S01007529",436,247,189
"S01007530",399,259,140
"S01007531",525,333,192
"S01007532",382,249,133
"S01007533",630,415,215
"S01007534",554,348,206
"S01007535",449,257,192
"S01007536",730,482,248
"S01007537",597,384,213
"S01007538",615,434,181
"S01007539",485,273,212
"S01007540",596,354,242
"S01007541",555,356,199
"S01007542",587,376,211
"S01007543",802,523,279
"S01007544",987,563,424
"S01007545",753,480,273
"S01007546",375,267,108
"S01007547",400,283,117
"S01007548",348,226,122
"S01007549",456,270,186
"S01007550",704,418,286
"S01007551",669,426,243
"S01007552",686,388,298
"S01007553",607,305,302
"S01007554",358,157,201
"S01007555",331,195,136
"S01007556",331,208,123
"S01007557",860,502,358
"S01007558",326,180,146
"S01007559",621,416,205
"S01007560",469,303,166
"S01007561",312,163,149
"S01007562",638,435,203
"S01007563",558,345,213
"S01007564",521,338,183
"S01007565",708,471,237
"S01007566",478,343,135
"S01007567",512,399,113
"S01007568",528,361,167
"S01007569",683,443,240
"S01007570",500,344,156
"S01007571",420,273,147
"S01007572",592,392,200
"S01007574",845,561,284
"S01007575",576,313,263
"S01007576",560,319,241
"S01007577",419,237,182
"S01007578",528,309,219
"S01007579",367,231,136
"S01007580",565,346,219
"S01007581",364,229,135
"S01007582",460,293,167
"S01007583",709,398,311
"S01007584",432,268,164
"S01007585",660,377,283
"S01007586",484,294,190
"S01007587",612,330,282
"S01007588",507,325,182
"S01007589",562,384,178
"S01007590",457,274,183
"S01007591",387,249,138
"S01007592",585,395,190
"S01007593",651,378,273
"S01007594",761,552,209
"S01007595",720,478,242
"S01007596",327,169,158
"S01007597",459,307,152
"S01007598",475,337,138
"S01007599",483,309,174
"S01007600",628,377,251
"S01007601",501,427,74
"S01007602",530,425,105
"S01007603",625,504,121
"S01007604",722,525,197
"S01007605",781,570,211
"S01007606",368,268,100
"S01007607",559,430,129
"S01007608",614,448,166
"S01007609",568,368,200
"S01007610",425,290,135
"S01007611",580,356,224
"S01007612",767,526,241
"S01007613",617,431,186
"S01007614",363,227,136
"S01007615",601,384,217
"S01007616",491,324,167
"S01007617",426,275,151
"S01007618",492,298,194
"S01007619",497,280,217
"S01007620",487,341,146
"S01007621",427,290,137
"S01007622",291,172,119
"S01007623",375,254,121
"S01007624",511,398,113
"S01007625",407,311,96
"S01007626",248,221,27
"S01007627",296,211,85
"S01007628",516,318,198
"S01007629",448,297,151
"S01007630",630,464,166
"S01007631",451,303,148
"S01007632",642,439,203
"S01007633",783,520,263
"S01007634",416,283,133
"S01007635",378,213,165
"S01007636",545,330,215
"S01007637",675,445,230
"S01007638",558,366,192
"S01007639",732,528,204
"S01007640",451,334,117
"S01007641",492,315,177
"S01007642",545,343,202
"S01007643",590,363,227
"S01007644",427,275,152
"S01007645",429,277,152
"S01007646",539,343,196
"S01007647",589,413,176
"S01007648",619,456,163
"S01007649",565,427,138
"S01007650",680,452,228
"S01007651",554,387,167
"S01007652",293,191,102
"S01007653",608,444,164
"S01007654",745,485,260
"S01007655",590,402,188
"S01007656",637,434,203
"S01007657",364,247,117
"S01007658",349,222,127
"S01007659",628,417,211
"S01007660",458,324,134
"S01007661",420,298,122
"S01007662",610,364,246
"S01007663",629,394,235
"S01007664",408,258,150
"S01007665",443,283,160
"S01007666",170,113,57
"S01007667",390,241,149
"S01007668",777,490,287
"S01007669",457,303,154
"S01007670",453,310,143
"S01007671",481,349,132
"S01007672",673,414,259
"S01007673",521,362,159
"S01007674",615,402,213
"S01007675",396,284,112
"S01007676",540,386,154
"S01007677",198,128,70
"S01007678",581,337,244
"S01007679",522,297,225
"S01007680",708,524,184
"S01007681",327,219,108
"S01007682",931,615,316
"S01007683",659,385,274
"S01007684",658,415,243
"S01007685",725,395,330
"S01007686",637,368,269
"S01007687",747,438,309
"S01007688",747,445,302
"S01007689",550,304,246
"S01007690",912,407,505
"S01007691",1599,638,961
"S01007692",507,271,236
"S01007693",412,222,190
"S01007694",408,222,186
"S01007695",718,386,332
"S01007696",561,338,223
"S01007697",723,417,306
"S01007698",752,459,293
"S01007699",643,363,280
"S01007700",735,491,244
"S01007701",353,177,176
"S01007702",181,105,76
"S01007703",621,398,223
"S01007704",700,320,380
"S01007705",564,254,310
"S01007706",420,208,212
"S01007707",235,126,109
"S01007708",577,371,206
"S01007709",445,242,203
"S01007710",362,212,150
"S01007711",826,415,411
"S01007712",487,316,171
"S01007713",423,225,198
"S01007714",493,339,154
"S01007715",316,165,151
"S01007716",658,345,313
"S01007717",692,405,287
"S01007718",458,235,223
"S01007719",755,422,333
"S01007720",537,239,298
"S01007721",548,332,216
"S01007722",644,312,332
"S01007723",739,317,422
"S01007724",485,316,169
"S01007725",627,347,280
"S01007726",626,359,267
"S01007727",606,359,247
"S01007728",536,324,212
"S01007729",610,430,180
"S01007730",557,399,158
"S01007731",292,189,103
"S01007732",425,258,167
"S01007733",706,498,208
"S01007734",656,451,205
"S01007735",660,475,185
"S01007736",567,359,208
"S01007737",624,372,252
"S01007738",540,308,232
"S01007739",278,142,136
"S01007740",493,335,158
"S01007741",426,251,175
"S01007742",448,245,203
"S01007743",657,403,254
"S01007744",563,299,264
"S01007745",482,277,205
"S01007746",689,428,261
"S01007747",396,247,149
"S01007748",487,286,201
"S01007749",616,447,169
"S01007750",612,360,252
"S01007751",683,399,284
"S01007752",501,282,219
"S01007753",415,224,191
"S01007754",672,386,286
"S01007755",587,326,261
"S01007756",435,248,187
"S01007757",675,416,259
"S01007758",673,400,273
"S01007759",723,454,269
"S01007760",600,378,222
"S01007761",737,513,224
"S01007762",568,385,183
"S01007763",351,203,148
"S01007764",636,493,143
"S01007765",582,377,205
"S01007766",506,338,168
"S01007767",843,580,263
"S01007768",429,285,144
"S01007769",542,347,195
"S01007770",571,377,194
"S01007771",460,302,158
"S01007772",692,371,321
"S01007773",660,470,190
"S01007774",214,173,41
"S01007775",380,297,83
"S01007776",462,368,94
"S01007777",172,148,24
"S01007778",199,128,71
"S01007779",601,475,126
"S01007780",626,534,92
"S01007781",663,534,129
"S01007782",257,185,72
"S01007783",653,322,331
"S01007784",524,408,116
"S01007785",315,155,160
"S01007786",631,390,241
"S01007787",520,306,214
"S01007788",364,166,198
"S01007789",393,250,143
"S01007790",389,219,170
"S01007791",99,71,28
"S01007792",759,505,254
"S01007793",653,359,294
"S01007794",500,344,156
"S01007795",602,397,205
"S01007796",607,395,212
"S01007797",532,316,216
"S01007798",192,155,37
"S01007800",658,361,297
"S01007801",738,330,408
"S01007802",398,340,58
"S01007803",670,337,333
"S01007804",354,189,165
"S01007805",271,152,119
"S01007806",567,349,218
"S01007807",511,384,127
"S01007808",581,385,196
"S01007809",711,474,237
"S01007810",652,375,277
"S01007811",644,384,260
"S01007812",532,296,236
"S01007813",557,356,201
"S01007814",497,335,162
"S01007815",643,450,193
"S01007816",594,458,136
"S01007817",412,264,148
"S01007818",640,474,166
"S01007819",523,330,193
"S01007820",736,464,272
"S01007821",440,283,157
"S01007822",620,421,199
"S01007823",570,396,174
"S01007824",601,380,221
"S01007825",725,430,295
"S01007826",475,225,250
"S01007827",478,356,122
"S01007828",712,423,289
"S01007829",447,210,237
"S01007830",712,389,323
"S01007831",589,332,257
"S01007832",458,220,238
"S01007833",603,291,312
"S01007834",591,345,246
"S01007835",519,360,159
"S01007836",469,264,205
"S01007837",740,501,239
"S01007838",846,468,378
"S01007839",404,196,208
"S01007840",661,399,262
"S01007841",502,297,205
"S01007842",539,345,194
"S01007843",597,323,274
"S01007844",724,462,262
"S01007845",623,366,257
"S01007846",510,299,211
"S01007847",642,336,306
"S01007848",589,305,284
"S01007849",629,363,266
"S01007850",606,329,277
"S01007851",696,348,348
"S01007852",489,311,178
"S01007853",421,203,218
"S01007854",617,336,281
"S01007855",522,290,232
"S01007856",564,395,169
"S01007857",304,172,132
"S01007858",511,266,245
"S01007859",163,106,57
"S01007861",526,334,192
"S01007862",567,358,209
"S01007863",634,379,255
"S01007864",739,423,316
"S01007866",426,384,42
"S01007867",280,141,139
"S01007868",780,581,199
"S01007869",391,312,79
"S01007870",387,266,121
"S01007871",571,244,327
"S01007872",534,248,286
"S01007873",489,308,181
"S01007874",487,228,259
"S01007875",358,205,153
"S01007876",500,298,202
"S01007877",484,277,207
"S01007878",392,208,184
"S01007879",523,273,250
"S01007880",616,403,213
"S01007881",481,275,206
"S01007882",553,405,148
"S01007883",528,325,203
"S01007884",462,279,183
"S01007885",546,273,273
"S01007886",484,264,220
"S01007887",477,308,169
"S01007888",839,501,338
"S01007889",432,225,207
"S01007890",445,250,195
"S01007891",389,229,160
"S01007892",329,200,129
"S01007893",883,629,254
"S01007894",698,449,249
"S01007895",424,271,153
"S01007896",560,320,240
"S01007897",492,369,123
"S01007898",534,370,164
"S01007899",437,284,153
"S01007900",313,174,139
"S01007901",506,291,215
"S01007902",703,331,372
"S01007903",478,238,240
"S01007904",583,372,211
"S01007905",518,272,246
"S01007906",605,290,315
"S01007907",442,244,198
"S01007908",422,231,191
"S01007909",287,173,114
"S01007910",652,363,289
"S01007911",316,172,144
"S01007912",592,323,269
"S01007913",487,271,216
"S01007914",569,353,216
"S01007915",592,399,193
"S01007916",683,364,319
"S01007917",679,447,232
"S01007918",716,441,275
"S01007919",454,331,123
"S01007920",457,343,114
"S01007921",729,363,366
"S01007922",675,365,310
"S01007923",420,245,175
"S01007924",601,323,278
"S01007925",585,398,187
"S01007926",497,383,114
"S01007927",438,322,116
"S01007928",710,488,222
"S01007929",481,350,131
"S01007930",410,309,101
"S01007931",610,401,209
"S01007932",736,533,203
"S01007933",559,397,162
"S01007934",473,295,178
"S01007935",568,370,198
"S01007936",547,427,120
"S01007937",677,505,172
"S01007938",578,350,228
"S01007939",702,383,319
"S01007940",714,463,251
"S01007941",344,264,80
"S01007942",165,103,62
"S01007943",411,268,143
"S01007944",579,390,189
"S01007945",639,409,230
"S01007946",573,354,219
"S01007947",573,381,192
"S01007948",520,285,235
"S01007949",637,456,181
"S01007950",586,435,151
"S01007951",549,335,214
"S01007952",451,295,156
"S01007953",688,426,262
"S01007954",517,305,212
"S01007955",448,283,165
"S01007956",551,314,237
"S01007957",707,427,280
"S01007958",614,383,231
"S01007959",609,418,191
"S01007960",479,326,153
"S01007961",1416,774,642
"S01007962",459,313,146
"S01007963",620,293,327
"S01007964",531,298,233
"S01007965",444,277,167
"S01007966",647,370,277
"S01007967",437,270,167
"S01007968",739,450,289
"S01007969",511,295,216
"S01007970",662,419,243
"S01007971",717,384,333
"S01007972",670,427,243
"S01007973",768,599,169
"S01007974",685,379,306
"S01007975",400,231,169
"S01007976",462,246,216
"S01007977",415,281,134
"S01007978",478,356,122
"S01007979",540,368,172
"S01007980",497,301,196
"S01007981",486,333,153
"S01007982",478,338,140
"S01007983",613,321,292
"S01007984",602,370,232
"S01007985",749,474,275
"S01007986",476,318,158
"S01007987",551,404,147
"S01007988",713,497,216
"S01007989",473,334,139
"S01007990",802,596,206
"S01007991",449,376,73
"S01007992",433,365,68
"S01007993",609,480,129
"S01007994",234,200,34
"S01007995",486,413,73
"S01007996",406,305,101
"S01007997",462,344,118
"S01007998",418,300,118
"S01007999",621,388,233
"S01008000",610,389,221
"S01008001",649,368,281
"S01008002",482,271,211
"S01008003",460,326,134
"S01008004",80,50,30
"S01008006",377,196,181
"S01008007",378,261,117
"S01008008",294,155,139
"S01008009",358,189,169
"S01008010",678,450,228
"S01008011",391,153,238
"S01008012",597,388,209
"S01008013",403,286,117
"S01008014",441,305,136
"S01008015",561,355,206
"S01008016",593,356,237
"S01008017",706,449,257
"S01008018",380,264,116
"S01008019",521,375,146
"S01008020",447,330,117
"S01008021",564,390,174
"S01008022",622,440,182
"S01008023",358,286,72
"S01008024",116,89,27
"S01008025",580,461,119
"S01008026",615,392,223
"S01008027",498,320,178
"S01008028",267,178,89
"S01008029",856,596,260
"S01008030",570,378,192
"S01008031",615,392,223
"S01008032",663,443,220
"S01008033",993,709,284
"S01008034",539,434,105
"S01008035",483,347,136
"S01008036",543,385,158
"S01008037",732,512,220
"S01008038",628,406,222
"S01008039",601,408,193
"S01008040",758,494,264
"S01008041",444,298,146
"S01008042",409,273,136
"S01008043",563,356,207
"S01008044",696,462,234
"S01008045",859,562,297
"S01008046",568,308,260
"S01008047",521,343,178
"S01008048",472,305,167
"S01008049",618,385,233
"S01008050",472,282,190
"S01008051",636,457,179
"S01008052",629,460,169
"S01008053",415,271,144
"S01008054",626,385,241
"S01008055",556,379,177
"S01008056",518,320,198
"S01008057",637,404,233
"S01008058",703,531,172
"S01008059",451,351,100
"S01008060",593,468,125
"S01008061",634,431,203
"S01008062",847,605,242
"S01008063",591,414,177
"S01008064",510,323,187
"S01008065",729,519,210
"S01008066",714,479,235
"S01008067",422,284,138
"S01008068",718,482,236
"S01008069",732,513,219
"S01008070",746,550,196
"S01008071",544,395,149
"S01008072",223,165,58
"S01008073",352,224,128
"S01008074",732,509,223
"S01008075",444,291,153
"S01008076",450,250,200
"S01008077",634,417,217
"S01008078",735,461,274
"S01008079",718,499,219
"S01008080",528,351,177
"S01008081",444,294,150
"S01008082",503,346,157
"S01008083",476,334,142
"S01008084",640,434,206
"S01008085",734,545,189
"S01008086",736,542,194
"S01008087",705,442,263
"S01008088",743,494,249
"S01008089",509,347,162
"S01008090",578,371,207
"S01008091",348,240,108
"S01008092",680,405,275
"S01008093",558,324,234
"S01008094",499,321,178
"S01008095",574,377,197
"S01008096",601,356,245
"S01008097",407,265,142
"S01008098",578,393,185
"S01008099",371,271,100
"S01008100",732,470,262
"S01008101",606,444,162
"S01008102",555,377,178
"S01008103",451,254,197
"S01008104",721,462,259
"S01008105",797,485,312
"S01008106",538,283,255
"S01008107",300,216,84
"S01008108",450,367,83
"S01008109",772,585,187
"S01008110",655,477,178
"S01008111",727,482,245
"S01008112",708,441,267
"S01008113",706,476,230
"S01008114",579,390,189
"S01008115",748,576,172
"S01008116",782,601,181
"S01008117",667,442,225
"S01008118",922,443,479
"S01008119",503,313,190
"S01008120",557,335,222
"S01008121",522,348,174
"S01008122",429,313,116
"S01008123",660,442,218
"S01008124",543,417,126
"S01008125",716,543,173
"S01008126",689,539,150
"S01008127",411,281,130
"S01008128",628,426,202
"S01008129",653,423,230
"S01008130",668,450,218
"S01008131",580,384,196
"S01008132",779,484,295
"S01008133",427,265,162
"S01008134",504,364,140
"S01008135",877,643,234
"S01008136",645,416,229
"S01008137",549,290,259
"S01008138",540,302,238
"S01008139",784,452,332
"S01008140",406,265,141
"S01008141",862,619,243
"S01008142",510,409,101
"S01008143",742,475,267
"S01008144",690,487,203
"S01008145",597,355,242
"S01008146",468,256,212
"S01008147",680,489,191
"S01008148",640,476,164
"S01008149",540,349,191
"S01008150",731,441,290
"S01008151",512,294,218
"S01008152",737,427,310
"S01008153",430,332,98
"S01008154",667,463,204
"S01008155",540,389,151
"S01008156",685,450,235
"S01008157",566,412,154
"S01008158",608,501,107
"S01008159",664,402,262
"S01008160",618,373,245
"S01008161",505,394,111
"S01008162",816,428,388
"S01008163",577,345,232
"S01008164",472,311,161
"S01008165",122,94,28
"S01008166",398,255,143
"S01008167",402,228,174
"S01008168",664,430,234
"S01008169",434,292,142
"S01008170",429,334,95
"S01008171",533,322,211
"S01008172",440,301,139
"S01008173",494,381,113
"S01008174",440,343,97
"S01008175",567,412,155
"S01008176",487,369,118
"S01008177",544,333,211
"S01008178",572,430,142
"S01008179",345,298,47
"S01008180",364,303,61
"S01008181",472,340,132
"S01008182",680,481,199
"S01008183",594,435,159
"S01008184",524,380,144
"S01008185",730,458,272
"S01008186",539,312,227
"S01008187",382,234,148
"S01008188",598,362,236
"S01008189",451,285,166
"S01008190",647,413,234
"S01008191",329,222,107
"S01008192",626,409,217
"S01008193",540,374,166
"S01008194",378,249,129
"S01008195",530,365,165
"S01008196",531,353,178
"S01008198",529,327,202
"S01008199",563,331,232
"S01008200",409,233,176
"S01008201",542,326,216
"S01008202",438,291,147
"S01008203",418,278,140
"S01008204",594,287,307
"S01008205",523,333,190
"S01008206",472,289,183
"S01008207",400,259,141
"S01008208",89,55,34
"S01008210",659,445,214
"S01008211",666,473,193
"S01008212",334,287,47
"S01008213",698,577,121
"S01008214",484,283,201
"S01008215",494,327,167
"S01008216",460,379,81
"S01008217",546,391,155
"S01008218",362,290,72
"S01008219",580,434,146
"S01008220",455,303,152
"S01008221",537,304,233
"S01008222",556,348,208
"S01008223",345,206,139
"S01008224",720,590,130
"S01008225",555,404,151
"S01008226",590,364,226
"S01008227",591,386,205
"S01008228",442,307,135
"S01008229",386,259,127
"S01008230",398,343,55
"S01008231",68,51,17
"S01008233",196,132,64
"S01008234",257,173,84
"S01008235",599,400,199
"S01008236",667,503,164
"S01008237",620,451,169
"S01008238",513,333,180
"S01008239",451,299,152
"S01008240",633,445,188
"S01008241",504,359,145
"S01008242",661,412,249
"S01008243",517,337,180
"S01008244",333,222,111
"S01008245",709,512,197
"S01008246",722,564,158
"S01008247",486,346,140
"S01008248",526,371,155
"S01008249",646,422,224
"S01008250",580,437,143
"S01008251",409,325,84
"S01008252",717,511,206
"S01008253",533,358,175
"S01008254",632,430,202
"S01008255",523,371,152
"S01008256",642,427,215
"S01008257",399,243,156
"S01008258",579,435,144
"S01008259",427,256,171
"S01008260",689,472,217
"S01008261",669,463,206
"S01008262",423,306,117
"S01008263",307,199,108
"S01008264",369,223,146
"S01008265",434,265,169
"S01008266",420,233,187
"S01008267",547,333,214
"S01008268",434,243,191
"S01008269",480,246,234
"S01008270",503,307,196
"S01008271",426,303,123
"S01008272",619,429,190
"S01008273",562,378,184
"S01008274",544,342,202
"S01008275",414,270,144
"S01008276",347,266,81
"S01008277",365,267,98
"S01008278",627,452,175
"S01008279",539,362,177
"S01008280",631,448,183
"S01008281",543,407,136
"S01008282",562,381,181
"S01008283",118,72,46
"S01008284",383,250,133
"S01008285",554,303,251
"S01008286",523,350,173
"S01008287",551,375,176
"S01008288",636,409,227
"S01008289",374,245,129
"S01008290",477,336,141
"S01008291",561,383,178
"S01008292",280,203,77
"S01008294",288,190,98
"S01008295",636,508,128
"S01008296",413,243,170
"S01008297",375,253,122
"S01008298",685,499,186
"S01008299",500,273,227
"S01008300",592,368,224
"S01008301",714,571,143
"S01008302",577,415,162
"S01008303",390,278,112
"S01008304",286,197,89
"S01008305",670,506,164
"S01008306",510,386,124
"S01008307",434,323,111
"S01008308",488,330,158
"S01008309",476,258,218
"S01008310",712,456,256
"S01008311",295,181,114
"S01008312",195,126,69
"S01008313",782,393,389
"S01008314",386,227,159
"S01008315",516,301,215
"S01008316",301,161,140
"S01008317",398,270,128
"S01008318",770,565,205
"S01008319",579,317,262
"S01008320",459,266,193
"S01008321",429,346,83
"S01008322",755,478,277
"S01008323",599,321,278
"S01008324",373,222,151
"S01008325",520,293,227
"S01008326",685,374,311
"S01008327",735,404,331
"S01008328",591,444,147
"S01008329",706,550,156
"S01008330",696,504,192
"S01008331",438,354,84
"S01008332",619,393,226
"S01008333",602,377,225
"S01008334",399,269,130
"S01008335",479,277,202
"S01008336",410,268,142
"S01008337",356,251,105
"S01008338",505,423,82
"S01008339",426,358,68
"S01008340",516,404,112
"S01008341",442,337,105
"S01008342",596,440,156
"S01008343",603,403,200
"S01008344",643,419,224
"S01008345",595,389,206
"S01008346",711,458,253
"S01008347",667,387,280
"S01008348",565,367,198
"S01008349",475,314,161
"S01008350",474,286,188
"S01008351",657,437,220
"S01008352",480,323,157
"S01008353",290,169,121
"S01008354",360,236,124
"S01008355",421,271,150
"S01008356",411,304,107
"S01008357",344,242,102
"S01008358",516,305,211
"S01008359",502,359,143
"S01008360",629,442,187
"S01008361",644,482,162
"S01008362",604,473,131
"S01008363",564,401,163
"S01008364",565,410,155
"S01008365",623,402,221
"S01008366",572,359,213
"S01008367",504,320,184
"S01008368",351,251,100
"S01008369",488,349,139
"S01008370",548,387,161
"S01008371",572,411,161
"S01008372",563,423,140
"S01008373",562,429,133
"S01008374",525,361,164
"S01008375",554,401,153
"S01008376",360,268,92
"S01008377",543,393,150
"S01008378",639,471,168
"S01008379",401,262,139
"S01008380",381,282,99
"S01008381",377,284,93
"S01008382",570,423,147
"S01008383",359,257,102
"S01008384",701,495,206
"S01008385",483,333,150
"S01008386",491,360,131
"S01008387",618,470,148
"S01008388",369,290,79
"S01008389",322,163,159
"S01008390",475,315,160
"S01008391",496,321,175
"S01008392",635,478,157
"S01008393",451,306,145
"S01008394",668,457,211
"S01008395",372,288,84
"S01008396",626,405,221
"S01008397",747,527,220
"S01008398",424,298,126
"S01008399",499,301,198
"S01008400",357,256,101
"S01008401",593,354,239
"S01008402",698,447,251
"S01008403",455,309,146
"S01008404",682,456,226
"S01008405",543,407,136
"S01008406",610,390,220
"S01008407",346,186,160
"S01008408",461,347,114
"S01008409",751,504,247
"S01008410",386,240,146
"S01008411",480,348,132
"S01008412",464,283,181
"S01008413",274,172,102
"S01008414",338,244,94
"S01008415",639,417,222
"S01008416",593,384,209
"S01008417",566,438,128
"S01008418",591,454,137
"S01008419",342,253,89
"S01008420",366,270,96
"S01008421",521,353,168
"S01008422",494,354,140
"S01008423",557,387,170
"S01008424",626,378,248
"S01008425",2371,978,1393
"S01008426",455,285,170
"S01008427",831,682,149
"S01008428",486,307,179
"S01008429",531,302,229
"S01008430",599,402,197
"S01008431",667,461,206
"S01008432",550,365,185
"S01008433",732,577,155
"S01008434",818,626,192
"S01008435",648,482,166
"S01008436",528,377,151
"S01008437",479,325,154
"S01008438",715,475,240
"S01008439",730,517,213
"S01008440",794,518,276
"S01008441",288,188,100
"S01008442",431,332,99
"S01008443",461,281,180
"S01008444",470,364,106
"S01008445",810,611,199
"S01008446",705,395,310
"S01008447",516,350,166
"S01008448",515,338,177
"S01008449",336,225,111
"S01008450",291,184,107
"S01008451",440,240,200
"S01008452",334,176,158
"S01008453",121,70,51
"S01008454",630,395,235
"S01008455",706,424,282
"S01008456",602,369,233
"S01008457",448,266,182
"S01008458",695,509,186
"S01008459",441,277,164
"S01008460",505,300,205
"S01008461",628,382,246
"S01008462",415,215,200
"S01008463",486,274,212
"S01008464",676,504,172
"S01008465",583,422,161
"S01008466",561,431,130
"S01008467",624,486,138
"S01008468",467,317,150
"S01008469",256,143,113
"S01008470",510,256,254
"S01008471",607,359,248
"S01008472",400,245,155
"S01008473",495,313,182
"S01008474",544,273,271
"S01008475",368,210,158
"S01008476",499,256,243
"S01008477",665,376,289
"S01008478",444,266,178
"S01008479",576,314,262
"S01008480",250,142,108
"S01008481",1083,545,538
"S01008482",428,242,186
"S01008483",455,268,187
"S01008484",563,385,178
"S01008485",722,544,178
"S01008486",679,474,205
"S01008487",205,149,56
"S01008488",367,212,155
"S01008489",498,338,160
"S01008490",717,531,186
"S01008491",604,429,175
"S01008492",415,287,128
"S01008493",587,408,179
"S01008494",534,405,129
"S01008495",741,593,148
"S01008496",881,752,129
"S01008497",695,596,99
"S01008498",671,515,156
"S01008499",808,614,194
"S01008500",173,92,81
"S01008501",383,331,52
"S01008502",584,515,69
"S01008503",583,494,89
"S01008504",770,622,148
"S01008505",588,464,124
"S01008506",587,412,175
"S01008507",721,546,175
"S01008508",618,443,175
"S01008509",534,381,153
"S01008510",625,432,193
"S01008511",691,494,197
"S01008512",335,225,110
"S01008513",402,250,152
"S01008514",623,425,198
"S01008515",542,414,128
"S01008516",741,567,174
"S01008517",656,490,166
"S01008518",671,486,185
"S01008519",561,409,152
"S01008520",542,364,178
"S01008521",621,424,197
"S01008522",421,297,124
"S01008523",57,42,15
"S01008524",549,312,237
"S01008525",483,280,203
"S01008526",564,355,209
"S01008527",550,424,126
"S01008528",503,389,114
"S01008529",551,340,211
"S01008530",547,304,243
"S01008531",565,327,238
"S01008532",318,203,115
"S01008533",330,242,88
"S01008534",529,436,93
"S01008535",530,394,136
"S01008536",457,293,164
"S01008537",543,342,201
"S01008538",314,207,107
"S01008539",596,428,168
"S01008540",569,395,174
"S01008541",670,491,179
"S01008542",653,499,154
"S01008543",567,466,101
"S01008544",438,375,63
"S01008545",373,248,125
"S01008546",768,533,235
"S01008547",786,647,139
"S01008548",798,671,127
"S01008549",736,553,183
"S01008550",619,486,133
"S01008551",789,572,217
"S01008552",645,471,174
"S01008553",467,284,183
"S01008554",611,306,305
"S01008555",517,239,278
"S01008556",566,308,258
"S01008557",523,267,256
"S01008558",647,353,294
"S01008559",490,286,204
"S01008560",498,292,206
"S01008561",406,269,137
"S01008562",347,167,180
"S01008563",656,386,270
"S01008564",435,280,155
"S01008565",570,311,259
"S01008566",700,446,254
"S01008567",381,226,155
"S01008568",566,419,147
"S01008569",470,232,238
"S01008570",514,277,237
"S01008571",594,373,221
"S01008572",591,385,206
"S01008573",586,462,124
"S01008574",573,485,88
"S01008575",532,388,144
"S01008576",648,481,167
"S01008577",589,391,198
"S01008578",522,368,154
"S01008579",789,498,291
"S01008580",422,309,113
"S01008581",662,378,284
"S01008582",740,455,285
"S01008583",406,223,183
"S01008584",451,274,177
"S01008585",515,307,208
"S01008586",477,278,199
"S01008587",696,389,307
"S01008588",516,374,142
"S01008589",258,163,95
"S01008590",393,248,145
"S01008591",563,402,161
"S01008592",443,270,173
"S01008593",580,403,177
"S01008594",726,482,244
"S01008595",574,324,250
"S01008596",664,327,337
"S01008597",667,430,237
"S01008598",621,382,239
"S01008599",681,451,230
"S01008600",620,400,220
"S01008601",2572,763,1809
"S01008602",550,305,245
"S01008603",993,642,351
"S01008604",611,425,186
"S01008605",619,441,178
"S01008606",706,467,239
"S01008607",195,121,74
"S01008608",485,334,151
"S01008609",613,395,218
"S01008610",660,400,260
"S01008611",1113,669,444
"S01008612",642,429,213
"S01008613",598,395,203
"S01008614",619,368,251
"S01008615",686,393,293
"S01008616",671,371,300
"S01008617",735,419,316
"S01008618",687,389,298
"S01008619",458,278,180
"S01008620",718,417,301
"S01008621",692,383,309
"S01008622",510,321,189
"S01008623",855,496,359
"S01008624",454,253,201
"S01008625",420,272,148
"S01008626",664,500,164
"S01008627",444,305,139
"S01008628",462,329,133
"S01008629",428,288,140
"S01008630",384,268,116
"S01008631",659,520,139
"S01008632",897,503,394
"S01008633",587,362,225
"S01008634",577,419,158
"S01008635",633,469,164
"S01008636",601,436,165
"S01008637",479,331,148
"S01008638",555,363,192
"S01008639",779,614,165
"S01008640",669,509,160
"S01008641",785,541,244
"S01008642",739,563,176
"S01008643",638,482,156
"S01008644",631,488,143
"S01008645",665,508,157
"S01008646",698,522,176
"S01008647",507,416,91
"S01008648",450,323,127
"S01008649",772,609,163
"S01008650",687,547,140
"S01008651",640,459,181
"S01008652",528,389,139
"S01008653",601,437,164
"S01008654",832,628,204
"S01008655",470,322,148
"S01008656",559,384,175
"S01008657",602,384,218
"S01008658",617,447,170
"S01008659",723,516,207
"S01008660",810,604,206
"S01008661",678,480,198
"S01008662",620,422,198
"S01008663",831,538,293
"S01008664",760,544,216
"S01008665",862,555,307
"S01008666",538,329,209
"S01008667",551,380,171
"S01008668",575,375,200
"S01008669",387,208,179
"S01008670",808,442,366
"S01008671",670,396,274
"S01008672",567,374,193
"S01008673",714,401,313
"S01008674",922,533,389
"S01008675",573,418,155
"S01008676",714,502,212
"S01008677",536,379,157
"S01008678",896,486,410
"S01008679",799,453,346
"S01008680",506,322,184
"S01008681",712,379,333
"S01008682",586,359,227
"S01008683",949,459,490
"S01008684",702,396,306
"S01008685",734,366,368
"S01008686",612,393,219
"S01008687",472,390,82
"S01008688",537,408,129
"S01008689",686,539,147
"S01008690",845,670,175
"S01008691",869,670,199
"S01008692",494,393,101
"S01008693",388,250,138
"S01008694",773,650,123
"S01008695",531,405,126
"S01008696",525,374,151
"S01008697",664,461,203
"S01008698",304,214,90
"S01008699",666,381,285
"S01008700",364,250,114
"S01008701",297,161,136
"S01008703",458,216,242
"S01008704",319,128,191
"S01008705",232,142,90
"S01008706",149,64,85
"S01008707",491,285,206
"S01008708",571,302,269
"S01008709",535,315,220
"S01008710",170,125,45
"S01008711",458,243,215
"S01008712",734,336,398
"S01008713",479,274,205
"S01008714",469,277,192
"S01008715",597,335,262
"S01008716",383,174,209
"S01008717",345,287,58
"S01008718",390,288,102
"S01008719",738,581,157
"S01008720",349,210,139
"S01008721",633,536,97
"S01008722",781,477,304
"S01008723",469,342,127
"S01008724",597,390,207
"S01008725",558,402,156
"S01008726",277,209,68
"S01008727",769,528,241
"S01008728",296,202,94
"S01008729",580,431,149
"S01008730",584,421,163
"S01008731",345,189,156
"S01008732",376,251,125
"S01008733",550,425,125
"S01008734",540,389,151
"S01008735",716,476,240
"S01008736",519,301,218
"S01008737",687,451,236
"S01008738",430,273,157
"S01008739",458,337,121
"S01008740",485,345,140
"S01008741",826,581,245
"S01008742",299,175,124
"S01008743",700,468,232
"S01008744",703,430,273
"S01008745",358,252,106
"S01008746",704,409,295
"S01008747",422,290,132
"S01008748",435,283,152
"S01008749",871,559,312
"S01008750",557,362,195
"S01008751",485,290,195
"S01008752",575,291,284
"S01008753",312,167,145
"S01008754",427,288,139
"S01008755",590,384,206
"S01008756",540,313,227
"S01008757",428,191,237
"S01008758",589,294,295
"S01008759",419,189,230
"S01008760",620,307,313
"S01008761",315,245,70
"S01008762",518,375,143
"S01008763",746,594,152
"S01008764",498,373,125
"S01008765",649,494,155
"S01008766",755,565,190
"S01008767",406,263,143
"S01008768",335,248,87
"S01008769",182,174,8
"S01008772",571,394,177
"S01008773",651,441,210
"S01008774",660,453,207
"S01008775",296,236,60
"S01008776",683,441,242
"S01008777",695,400,295
"S01008778",596,505,91
"S01008779",167,139,28
"S01008780",155,111,44
"S01008781",210,159,51
"S01008782",340,294,46
"S01008783",173,148,25
"S01008784",306,271,35
"S01008785",564,305,259
"S01008786",560,410,150
"S01008787",239,108,131
"S01008788",196,142,54
"S01008789",464,248,216
"S01008790",442,324,118
"S01008791",247,187,60
"S01008792",763,555,208
"S01008793",215,151,64
"S01008794",486,288,198
"S01008795",689,536,153
"S01008796",844,589,255
"S01008797",710,536,174
"S01008798",663,464,199
"S01008799",90,48,42
"S01008800",705,573,132
"S01008801",683,533,150
"S01008802",648,465,183
"S01008803",785,549,236
"S01008804",344,243,101
"S01008805",409,329,80
"S01008806",463,340,123
"S01008807",729,566,163
"S01008808",615,446,169
"S01008809",628,454,174
"S01008810",650,514,136
"S01008811",645,477,168
"S01008812",402,322,80
"S01008813",593,410,183
"S01008814",602,453,149
"S01008815",680,494,186
"S01008816",173,91,82
"S01008817",390,310,80
"S01008818",510,403,107
"S01008819",574,466,108
"S01008820",652,463,189
"S01008821",586,437,149
"S01008822",529,390,139
"S01008823",434,324,110
"S01008824",707,533,174
"S01008825",394,298,96
"S01008826",604,460,144
"S01008827",506,350,156
"S01008828",643,431,212
"S01008829",531,353,178
"S01008830",543,392,151
"S01008831",568,372,196
"S01008832",434,263,171
"S01008833",644,490,154
"S01008834",810,571,239
"S01008835",545,366,179
"S01008836",392,232,160
"S01008837",599,470,129
"S01008838",684,556,128
"S01008839",794,599,195
"S01008840",867,639,228
"S01008841",374,307,67
"S01008842",150,113,37
"S01008843",607,457,150
"S01008844",270,221,49
"S01008845",608,480,128
"S01008846",654,496,158
"S01008847",459,355,104
"S01008848",630,433,197
"S01008849",695,485,210
"S01008850",611,406,205
"S01008851",746,543,203
"S01008852",824,587,237
"S01008853",492,386,106
"S01008854",791,579,212
"S01008855",943,742,201
"S01008856",407,346,61
"S01008857",658,525,133
"S01008858",511,398,113
"S01008859",850,644,206
"S01008860",774,594,180
"S01008861",617,422,195
"S01008862",789,651,138
"S01008863",674,557,117
"S01008864",682,412,270
"S01008865",683,514,169
"S01008866",668,541,127
"S01008867",643,496,147
"S01008868",686,538,148
"S01008869",887,680,207
"S01008870",576,438,138
"S01008871",1006,784,222
"S01008872",602,477,125
"S01008873",503,361,142
"S01008874",694,532,162
"S01008875",645,531,114
"S01008876",382,260,122
"S01008877",395,299,96
"S01008878",564,328,236
"S01008879",711,480,231
"S01008880",406,283,123
"S01008881",316,204,112
"S01008882",769,565,204
"S01008883",595,350,245
"S01008884",498,288,210
"S01008885",592,394,198
"S01008886",632,440,192
"S01008887",554,389,165
"S01008888",377,297,80
"S01008889",285,193,92
"S01008890",516,332,184
"S01008891",603,380,223
"S01008892",667,456,211
"S01008893",615,421,194
"S01008894",599,392,207
"S01008895",411,274,137
"S01008896",158,105,53
"S01008897",488,310,178
"S01008898",587,379,208
"S01008899",586,296,290
"S01008900",660,419,241
"S01008901",487,277,210
"S01008902",648,387,261
"S01008903",735,456,279
"S01008904",746,488,258
"S01008905",760,468,292
"S01008906",449,301,148
"S01008907",337,161,176
"S01008908",561,354,207
"S01008909",643,513,130
"S01008910",294,200,94
"S01008911",104,66,38
"S01008912",573,406,167
"S01008913",296,234,62
"S01008914",675,405,270
"S01008915",411,267,144
"S01008916",784,395,389
"S01008917",480,285,195
"S01008918",331,155,176
"S01008919",315,160,155
"S01008920",116,90,26
"S01008921",573,300,273
"S01008922",606,412,194
"S01008923",529,293,236
"S01008924",402,256,146
"S01008925",533,421,112
"S01008926",60,52,8
"S01008927",58,44,14
"S01008928",340,147,193
"S01008929",646,315,331
"S01008930",689,354,335
"S01008931",557,278,279
"S01008932",141,64,77
"S01008933",264,178,86
"S01008934",371,192,179
"S01008935",687,436,251
"S01008936",304,203,101
"S01008937",514,355,159
"S01008938",433,274,159
"S01008939",669,443,226
"S01008940",441,251,190
"S01008941",559,321,238
"S01008942",667,457,210
"S01008943",475,305,170
"S01008944",706,467,239
"S01008945",585,421,164
"S01008946",495,319,176
"S01008947",761,456,305
"S01008948",546,420,126
"S01008949",581,348,233
"S01008950",602,365,237
"S01008951",650,376,274
"S01008952",678,402,276
"S01008953",685,435,250
"S01008954",601,309,292
"S01008955",482,352,130
"S01008956",717,572,145
"S01008957",763,518,245
"S01008958",473,306,167
"S01008959",676,505,171
"S01008960",205,172,33
"S01008961",572,452,120
"S01008962",567,418,149
"S01008963",645,435,210
"S01008964",371,226,145
"S01008965",543,334,209
"S01008966",451,306,145
"S01008967",778,501,277
"S01008968",1016,603,413
"S01008969",788,507,281
"S01008970",726,501,225
"S01008971",409,305,104
"S01008972",537,367,170
"S01008973",801,536,265
"S01008974",558,379,179
"S01008975",522,292,230
"S01008976",290,195,95
"S01008977",448,308,140
"S01008978",405,307,98
"S01008979",497,405,92
"S01008980",556,455,101
"S01008981",554,348,206
"S01008982",552,412,140
"S01008983",529,449,80
"S01008984",378,306,72
"S01008985",454,368,86
"S01008986",703,481,222
"S01008987",663,463,200
"S01008988",601,420,181
"S01008989",526,462,64
"S01008990",617,539,78
"S01008991",718,614,104
"S01008992",438,324,114
"S01008993",722,533,189
"S01008994",555,385,170
"S01008995",513,414,99
"S01008996",535,364,171
"S01008997",552,408,144
"S01008998",410,266,144
"S01008999",669,428,241
"S01009000",737,540,197
"S01009001",544,438,106
"S01009002",486,338,148
"S01009003",596,440,156
"S01009004",538,423,115
"S01009005",597,482,115
"S01009006",571,405,166
"S01009007",514,333,181
"S01009008",757,551,206
"S01009009",390,256,134
"S01009010",740,618,122
"S01009011",670,575,95
"S01009012",627,510,117
"S01009013",724,589,135
"S01009014",360,227,133
"S01009015",299,191,108
"S01009016",398,240,158
"S01009017",285,187,98
"S01009018",614,435,179
"S01009019",394,294,100
"S01009020",519,379,140
"S01009021",527,362,165
"S01009022",625,425,200
"S01009023",585,366,219
"S01009024",682,420,262
"S01009025",700,455,245
"S01009026",613,408,205
"S01009027",582,338,244
"S01009028",248,144,104
"S01009029",377,238,139
"S01009030",501,313,188
"S01009031",582,360,222
"S01009032",467,268,199
"S01009033",509,284,225
"S01009034",457,291,166
"S01009035",599,419,180
"S01009036",599,391,208
"S01009037",426,308,118
"S01009038",694,493,201
"S01009039",539,358,181
"S01009040",482,319,163
"S01009041",498,326,172
"S01009042",582,401,181
"S01009043",502,332,170
"S01009044",659,396,263
"S01009045",590,407,183
"S01009046",575,409,166
"S01009047",492,363,129
"S01009048",529,383,146
"S01009049",420,285,135
"S01009050",764,534,230
"S01009051",399,262,137
"S01009052",452,324,128
"S01009053",422,220,202
"S01009054",430,277,153
"S01009055",593,438,155
"S01009056",413,284,129
"S01009057",369,213,156
"S01009058",561,329,232
"S01009059",297,188,109
"S01009060",191,108,83
"S01009061",664,479,185
"S01009062",548,361,187
"S01009063",567,411,156
"S01009064",477,334,143
"S01009065",490,292,198
"S01009066",572,367,205
"S01009067",485,395,90
"S01009068",655,452,203
"S01009069",549,467,82
"S01009070",447,375,72
"S01009071",455,306,149
"S01009072",178,117,61
"S01009073",462,274,188
"S01009074",554,348,206
"S01009075",417,260,157
"S01009076",760,620,140
"S01009077",375,276,99
"S01009079",714,419,295
"S01009080",734,439,295
"S01009081",538,347,191
"S01009082",606,386,220
"S01009083",449,317,132
"S01009084",517,370,147
"S01009086",305,218,87
"S01009087",424,258,166
"S01009088",837,379,458
"S01009089",115,97,18
"S01009090",224,169,55
"S01009091",175,151,24
"S01009092",663,408,255
"S01009093",492,327,165
"S01009094",558,342,216
"S01009095",560,394,166
"S01009096",343,221,122
"S01009097",367,308,59
"S01009098",434,304,130
"S01009099",625,422,203
"S01009100",551,310,241
"S01009101",711,437,274
"S01009102",566,354,212
"S01009103",518,368,150
"S01009104",585,392,193
"S01009105",506,343,163
"S01009106",436,270,166
"S01009107",432,275,157
"S01009108",539,400,139
"S01009109",560,457,103
"S01009110",483,320,163
"S01009111",677,559,118
"S01009112",366,240,126
"S01009113",716,552,164
"S01009114",454,347,107
"S01009115",352,271,81
"S01009116",412,318,94
"S01009117",567,411,156
"S01009118",423,370,53
"S01009119",548,336,212
"S01009120",396,238,158
"S01009121",560,358,202
"S01009122",730,488,242
"S01009123",249,192,57
"S01009124",202,137,65
"S01009125",406,250,156
"S01009126",362,201,161
"S01009127",396,238,158
"S01009128",586,301,285
"S01009129",375,223,152
"S01009130",251,138,113
"S01009131",360,202,158
"S01009132",589,496,93
"S01009133",480,277,203
"S01009134",660,422,238
"S01009135",462,398,64
"S01009136",152,125,27
"S01009137",17,1,16
"S01009138",651,511,140
"S01009139",383,290,93
"S01009140",571,401,170
"S01009141",495,343,152
"S01009142",420,289,131
"S01009143",404,210,194
"S01009144",232,160,72
"S01009145",693,424,269
"S01009146",531,309,222
"S01009147",592,316,276
"S01009148",527,341,186
"S01009149",324,206,118
"S01009150",501,106,395
"S01009151",468,255,213
"S01009152",490,294,196
"S01009153",376,254,122
"S01009154",604,398,206
"S01009155",351,241,110
"S01009156",429,273,156
"S01009157",666,440,226
"S01009158",388,231,157
"S01009159",393,214,179
"S01009160",445,282,163
"S01009161",351,211,140
"S01009162",554,335,219
"S01009163",332,192,140
"S01009164",601,366,235
"S01009165",497,299,198
"S01009166",603,321,282
"S01009167",398,229,169
"S01009168",507,327,180
"S01009169",516,264,252
"S01009170",508,358,150
"S01009171",552,389,163
"S01009172",445,295,150
"S01009173",419,315,104
"S01009174",103,90,13
"S01009175",590,506,84
"S01009176",686,438,248
"S01009177",668,456,212
"S01009178",552,364,188
"S01009179",603,441,162
"S01009180",767,510,257
"S01009181",1123,785,338
"S01009182",710,544,166
"S01009183",214,190,24
"S01009184",743,439,304
"S01009185",523,310,213
"S01009186",431,282,149
"S01009187",786,553,233
"S01009188",625,398,227
"S01009189",583,354,229
"S01009190",207,143,64
"S01009191",82,78,4
"S01009192",701,321,380
"S01009193",50,32,18
"S01009194",665,490,175
"S01009195",298,275,23
"S01009196",549,356,193
"S01009197",387,255,132
"S01009198",557,395,162
"S01009199",257,201,56
"S01009200",620,429,191
"S01009201",390,290,100
"S01009202",397,303,94
"S01009203",453,238,215
"S01009204",492,333,159
"S01009205",592,493,99
"S01009206",808,656,152
"S01009207",788,554,234
"S01009208",541,346,195
"S01009209",389,264,125
"S01009210",716,489,227
"S01009211",426,291,135
"S01009212",648,380,268
"S01009213",509,322,187
"S01009214",708,526,182
"S01009215",636,396,240
"S01009216",678,463,215
"S01009217",429,212,217
"S01009218",638,394,244
"S01009219",403,242,161
"S01009220",216,131,85
"S01009221",383,225,158
"S01009222",400,245,155
"S01009223",378,222,156
"S01009224",503,311,192
"S01009225",411,229,182
"S01009226",665,351,314
"S01009227",439,248,191
"S01009228",441,238,203
"S01009229",441,289,152
"S01009230",480,374,106
"S01009231",705,496,209
"S01009232",442,282,160
"S01009233",407,225,182
"S01009234",627,371,256
"S01009235",571,353,218
"S01009236",384,210,174
"S01009237",686,457,229
"S01009238",667,400,267
"S01009239",671,461,210
"S01009240",544,323,221
"S01009241",722,418,304
"S01009242",617,403,214
"S01009243",833,612,221
"S01009244",659,494,165
"S01009245",714,518,196
"S01009246",598,388,210
"S01009247",649,426,223
"S01009248",627,433,194
"S01009249",664,400,264
"S01009250",500,320,180
"S01009251",474,343,131
"S01009252",348,294,54
"S01009253",362,199,163
"S01009254",626,347,279
"S01009255",373,243,130
"S01009256",373,238,135
"S01009257",489,301,188
"S01009258",490,335,155
"S01009259",489,304,185
"S01009260",587,406,181
"S01009261",562,299,263
"S01009262",390,200,190
"S01009263",134,104,30
"S01009264",506,318,188
"S01009265",541,379,162
"S01009266",695,417,278
"S01009267",470,325,145
"S01009268",526,350,176
"S01009269",610,354,256
"S01009270",440,240,200
"S01009271",696,567,129
"S01009272",529,338,191
"S01009273",356,244,112
"S01009274",547,355,192
"S01009275",499,348,151
"S01009276",589,441,148
"S01009277",767,548,219
"S01009278",175,115,60
"S01009279",458,320,138
"S01009280",660,333,327
"S01009281",488,252,236
"S01009282",387,261,126
"S01009283",521,362,159
"S01009284",569,449,120
"S01009285",713,580,133
"S01009286",559,399,160
"S01009287",590,381,209
"S01009288",729,448,281
"S01009289",695,464,231
"S01009290",509,338,171
"S01009291",799,616,183
"S01009292",149,98,51
"S01009293",369,248,121
"S01009294",248,182,66
"S01009295",559,444,115
"S01009296",324,237,87
"S01009297",545,455,90
"S01009298",676,425,251
"S01009299",644,465,179
"S01009300",410,282,128
"S01009301",695,498,197
"S01009302",651,397,254
"S01009303",591,393,198
"S01009304",707,493,214
"S01009305",524,354,170
"S01009306",729,536,193
"S01009307",752,567,185
"S01009308",320,250,70
"S01009309",459,344,115
"S01009310",685,507,178
"S01009311",519,337,182
"S01009312",514,389,125
"S01009313",331,200,131
"S01009314",587,422,165
"S01009315",388,228,160
"S01009316",524,398,126
"S01009317",708,544,164
"S01009318",466,347,119
"S01009319",699,431,268
"S01009320",540,383,157
"S01009321",326,270,56
"S01009322",370,265,105
"S01009323",476,312,164
"S01009324",422,302,120
"S01009325",580,420,160
"S01009326",202,166,36
"S01009327",435,272,163
"S01009331",78,54,24
"S01009332",741,533,208
"S01009333",523,393,130
"S01009334",468,278,190
"S01009335",613,393,220
"S01009336",457,274,183
"S01009337",504,316,188
"S01009338",489,282,207
"S01009339",474,275,199
"S01009340",508,327,181
"S01009341",464,293,171
"S01009342",597,393,204
"S01009343",468,348,120
"S01009344",563,330,233
"S01009345",666,508,158
"S01009346",120,92,28
"S01009353",166,139,27
"S01009355",672,507,165
"S01009356",838,619,219
"S01009357",360,305,55
"S01009358",145,116,29
"S01009359",191,166,25
"S01009360",626,455,171
"S01009361",575,426,149
"S01009362",801,599,202
"S01009363",654,462,192
"S01009364",618,489,129
"S01009365",348,242,106
"S01009366",559,346,213
"S01009367",362,229,133
"S01009368",445,330,115
"S01009369",437,294,143
"S01009370",673,472,201
"S01009371",514,364,150
"S01009372",342,230,112
"S01009373",538,353,185
"S01009374",588,410,178
"S01009375",556,389,167
"S01009376",429,282,147
"S01009377",558,450,108
"S01009378",501,385,116
"S01009379",123,86,37
"S01009380",407,347,60
"S01009381",415,342,73
"S01009382",519,327,192
"S01009383",793,566,227
"S01009384",269,201,68
"S01009385",298,212,86
"S01009386",506,333,173
"S01009387",456,294,162
"S01009388",709,439,270
"S01009389",665,485,180
"S01009390",528,423,105
"S01009391",494,444,50
"S01009392",327,275,52
"S01009393",450,370,80
"S01009394",634,484,150
"S01009395",573,390,183
"S01009396",610,441,169
"S01009397",568,421,147
"S01009398",562,438,124
"S01009399",599,450,149
"S01009400",386,278,108
"S01009401",572,384,188
"S01009402",739,520,219
"S01009403",431,343,88
"S01009404",406,257,149
"S01009405",380,303,77
"S01009406",563,391,172
"S01009407",328,224,104
"S01009408",353,255,98
"S01009409",586,372,214
"S01009410",624,403,221
"S01009411",573,372,201
"S01009412",698,432,266
"S01009413",783,539,244
"S01009414",553,399,154
"S01009415",430,300,130
"S01009416",277,204,73
"S01009417",624,414,210
"S01009418",639,396,243
"S01009419",405,256,149
"S01009420",466,270,196
"S01009421",427,262,165
"S01009422",541,355,186
"S01009424",403,277,126
"S01009425",470,300,170
"S01009426",554,347,207
"S01009427",434,246,188
"S01009428",384,220,164
"S01009429",457,238,219
"S01009430",539,306,233
"S01009431",376,187,189
"S01009432",615,326,289
"S01009433",636,347,289
"S01009434",428,228,200
"S01009435",583,293,290
"S01009436",373,222,151
"S01009437",371,219,152
"S01009438",455,263,192
"S01009439",714,388,326
"S01009440",492,273,219
"S01009441",603,356,247
"S01009442",607,394,213
"S01009443",719,483,236
"S01009444",555,422,133
"S01009445",589,352,237
"S01009446",488,280,208
"S01009447",380,221,159
"S01009448",430,277,153
"S01009449",416,225,191
"S01009450",440,257,183
"S01009451",539,296,243
"S01009452",403,242,161
"S01009453",700,425,275
"S01009454",470,343,127
"S01009455",652,419,233
"S01009456",767,469,298
"S01009457",641,468,173
"S01009458",467,294,173
"S01009459",504,323,181
"S01009460",653,395,258
"S01009462",492,318,174
"S01009463",534,345,189
"S01009464",671,480,191
"S01009465",405,262,143
"S01009466",438,285,153
"S01009467",548,387,161
"S01009468",533,309,224
"S01009469",599,392,207
"S01009470",364,251,113
"S01009471",424,204,220
"S01009472",637,410,227
"S01009473",655,418,237
"S01009474",533,341,192
"S01009476",185,134,51
"S01009477",545,385,160
"S01009478",613,459,154
"S01009479",577,405,172
"S01009480",479,333,146
"S01009481",641,474,167
"S01009482",497,367,130
"S01009483",572,457,115
"S01009484",626,370,256
"S01009485",580,327,253
"S01009486",439,224,215
"S01009487",597,353,244
"S01009488",495,327,168
"S01009489",572,343,229
"S01009490",559,341,218
"S01009491",471,255,216
"S01009492",631,419,212
"S01009493",650,399,251
"S01009494",751,602,149
"S01009495",698,561,137
"S01009496",637,410,227
"S01009497",668,496,172
"S01009498",531,403,128
"S01009499",632,422,210
"S01009500",553,340,213
"S01009501",514,306,208
"S01009502",663,421,242
"S01009503",578,405,173
"S01009504",512,337,175
"S01009505",536,299,237
"S01009506",542,340,202
"S01009507",363,256,107
"S01009508",609,363,246
"S01009509",669,395,274
"S01009510",583,433,150
"S01009511",508,340,168
"S01009512",655,511,144
"S01009513",503,366,137
"S01009514",619,491,128
"S01009515",558,329,229
"S01009516",739,474,265
"S01009519",406,309,97
"S01009520",622,489,133
"S01009521",519,255,264
"S01009522",523,315,208
"S01009523",462,243,219
"S01009524",350,209,141
"S01009525",472,272,200
"S01009526",339,230,109
"S01009527",437,315,122
"S01009528",361,180,181
"S01009529",419,295,124
"S01009530",406,266,140
"S01009531",679,405,274
"S01009532",627,348,279
"S01009533",560,324,236
"S01009534",511,271,240
"S01009535",436,261,175
"S01009536",368,252,116
"S01009537",412,244,168
"S01009538",607,374,233
"S01009539",668,409,259
"S01009540",625,392,233
"S01009541",1025,724,301
"S01009542",405,238,167
"S01009543",418,241,177
"S01009544",544,346,198
"S01009545",699,440,259
"S01009546",399,244,155
"S01009547",553,366,187
"S01009548",421,307,114
"S01009549",514,355,159
"S01009550",422,299,123
"S01009551",423,301,122
"S01009552",683,418,265
"S01009553",615,385,230
"S01009554",620,401,219
"S01009555",475,326,149
"S01009556",664,474,190
"S01009557",527,337,190
"S01009558",517,333,184
"S01009559",640,440,200
"S01009560",583,416,167
"S01009561",482,311,171
"S01009562",586,380,206
"S01009563",595,372,223
"S01009564",513,320,193
"S01009565",458,288,170
"S01009566",697,509,188
"S01009567",722,536,186
"S01009568",560,368,192
"S01009569",647,413,234
"S01009570",413,264,149
"S01009571",492,320,172
"S01009572",788,474,314
"S01009573",557,305,252
"S01009574",753,450,303
"S01009575",412,282,130
"S01009576",438,329,109
"S01009577",571,450,121
"S01009578",585,420,165
"S01009579",475,323,152
"S01009580",361,279,82
"S01009581",471,328,143
"S01009582",389,283,106
"S01009583",615,438,177
"S01009584",284,151,133
"S01009585",769,545,224
"S01009586",502,320,182
"S01009587",525,335,190
"S01009588",757,461,296
"S01009589",642,428,214
"S01009590",332,228,104
"S01009591",501,390,111
"S01009592",461,314,147
"S01009593",385,285,100
"S01009594",549,458,91
"S01009595",135,90,45
"S01009596",633,455,178
"S01009597",607,392,215
"S01009598",467,271,196
"S01009599",779,531,248
"S01009600",449,289,160
"S01009601",490,339,151
"S01009602",540,459,81
"S01009603",495,381,114
"S01009604",558,386,172
"S01009605",546,333,213
"S01009606",185,137,48
"S01009607",388,270,118
"S01009608",417,282,135
"S01009609",487,352,135
"S01009610",761,487,274
"S01009611",406,289,117
"S01009612",305,195,110
"S01009613",271,207,64
"S01009614",575,384,191
"S01009615",306,207,99
"S01009616",439,292,147
"S01009617",392,299,93
"S01009618",539,346,193
"S01009619",448,255,193
"S01009620",572,310,262
"S01009621",712,441,271
"S01009622",510,313,197
"S01009623",389,213,176
"S01009624",671,396,275
"S01009625",670,373,297
"S01009626",426,212,214
"S01009627",585,304,281
"S01009628",360,162,198
"S01009629",756,459,297
"S01009630",573,314,259
"S01009631",569,360,209
"S01009632",416,197,219
"S01009633",502,275,227
"S01009634",352,177,175
"S01009635",688,448,240
"S01009636",696,436,260
"S01009637",474,281,193
"S01009638",588,319,269
"S01009639",447,284,163
"S01009640",369,193,176
"S01009641",550,331,219
"S01009642",619,411,208
"S01009643",79,62,17
"S01009644",454,294,160
"S01009645",470,288,182
"S01009646",433,263,170
"S01009647",443,233,210
"S01009648",613,369,244
"S01009649",555,318,237
"S01009650",424,262,162
"S01009651",1141,734,407
"S01009652",435,266,169
"S01009653",400,268,132
"S01009654",397,245,152
"S01009655",646,387,259
"S01009656",565,294,271
"S01009657",567,373,194
"S01009658",593,402,191
"S01009659",424,270,154
"S01009660",566,358,208
"S01009661",463,334,129
"S01009662",633,471,162
"S01009663",389,268,121
"S01009664",625,465,160
"S01009665",462,310,152
"S01009666",536,386,150
"S01009667",314,220,94
"S01009668",345,258,87
"S01009669",436,286,150
"S01009670",661,469,192
"S01009671",271,195,76
"S01009672",486,326,160
"S01009673",405,291,114
"S01009674",756,526,230
"S01009675",752,538,214
"S01009676",648,477,171
"S01009677",435,313,122
"S01009678",460,297,163
"S01009679",652,454,198
"S01009680",485,339,146
"S01009681",595,340,255
"S01009682",429,295,134
"S01009683",529,357,172
"S01009684",516,370,146
"S01009685",426,277,149
"S01009686",643,429,214
"S01009687",490,335,155
"S01009688",624,372,252
"S01009689",389,278,111
"S01009690",511,373,138
"S01009691",367,244,123
"S01009692",768,485,283
"S01009693",298,214,84
"S01009694",760,480,280
"S01009695",523,369,154
"S01009696",712,526,186
"S01009697",540,378,162
"S01009698",440,312,128
"S01009699",424,249,175
"S01009700",499,327,172
"S01009701",284,178,106
"S01009702",428,304,124
"S01009703",398,244,154
"S01009704",797,500,297
"S01009705",552,368,184
"S01009706",491,294,197
"S01009707",448,322,126
"S01009708",377,253,124
"S01009709",713,453,260
"S01009710",304,211,93
"S01009711",532,336,196
"S01009712",418,252,166
"S01009713",630,367,263
"S01009714",626,370,256
"S01009715",677,455,222
"S01009716",563,341,222
"S01009717",386,241,145
"S01009718",541,338,203
"S01009719",587,408,179
"S01009720",500,324,176
"S01009721",709,177,532
"S01009722",898,306,592
"S01009723",560,216,344
"S01009724",717,393,324
"S01009725",567,244,323
"S01009726",810,229,581
"S01009727",394,269,125
"S01009728",513,354,159
"S01009729",558,350,208
"S01009730",231,163,68
"S01009731",351,182,169
"S01009732",471,225,246
"S01009733",244,163,81
"S01009734",1190,583,607
"S01009735",582,336,246
"S01009736",837,269,568
"S01009737",394,315,79
"S01009738",306,232,74
"S01009739",339,242,97
"S01009740",387,259,128
"S01009741",836,728,108
"S01009742",433,329,104
"S01009743",732,527,205
"S01009744",463,340,123
"S01009745",651,469,182
"S01009746",572,407,165
"S01009747",463,318,145
"S01009748",546,408,138
"S01009749",676,465,211
"S01009750",426,276,150
"S01009751",596,409,187
"S01009752",258,173,85
"S01009753",432,286,146
"S01009754",541,374,167
"S01009755",468,332,136
"S01009756",548,373,175
"S01009757",388,278,110
"S01009758",497,382,115
"S01009759",611,308,303
"S01009760",595,274,321
"S01009761",694,510,184
"S01009762",567,290,277
"S01009763",326,267,59
"S01009764",383,220,163
"S01009765",650,481,169
"S01009766",398,314,84
"S01009767",441,253,188
"S01009768",253,118,135
"S01009769",452,275,177
"S01009770",536,396,140
"S01009771",654,499,155
"S01009772",528,435,93
"S01009775",658,297,361
"S01009776",318,128,190
"S01009777",420,260,160
"S01009778",671,276,395
"S01009779",339,155,184
"S01009780",243,102,141
"S01009781",454,193,261
"S01009782",100,43,57
"S01009783",455,253,202
"S01009784",576,264,312
"S01009785",650,296,354
"S01009786",692,305,387
"S01009787",720,328,392
"S01009788",685,344,341
"S01009789",672,315,357
"S01009790",461,248,213
"S01009791",497,238,259
"S01009792",134,115,19
"S01009793",838,495,343
"S01009794",305,258,47
"S01009795",524,434,90
"S01009796",396,274,122
"S01009797",321,220,101
"S01009798",455,374,81
"S01009799",569,248,321
"S01009800",825,457,368
"S01009801",783,411,372
"S01009802",682,376,306
"S01009803",378,169,209
"S01009805",711,306,405
"S01009806",660,385,275
"S01009807",793,493,300
"S01009808",596,328,268
"S01009809",458,299,159
"S01009810",573,293,280
"S01009811",805,353,452
"S01009812",583,330,253
"S01009813",431,170,261
"S01009814",613,375,238
"S01009815",548,376,172
"S01009816",528,395,133
"S01009817",521,255,266
"S01009818",745,480,265
"S01009819",513,289,224
"S01009820",742,412,330
"S01009821",503,334,169
"S01009822",380,194,186
"S01009823",500,251,249
"S01009824",554,234,320
"S01009825",598,294,304
"S01009826",451,218,233
"S01009827",652,305,347
"S01009828",564,223,341
"S01009829",777,498,279
"S01009830",581,390,191
"S01009831",526,408,118
"S01009832",765,483,282
"S01009833",265,207,58
"S01009834",214,100,114
"S01009835",383,167,216
"S01009836",561,324,237
"S01009837",464,210,254
"S01009838",584,336,248
"S01009839",769,460,309
"S01009840",750,368,382
"S01009841",605,296,309
"S01009842",461,221,240
"S01009843",360,148,212
"S01009844",406,187,219
"S01009845",433,243,190
"S01009846",689,373,316
"S01009847",385,217,168
"S01009848",675,337,338
"S01009849",586,274,312
"S01009850",554,306,248
"S01009851",699,342,357
"S01009852",267,132,135
"S01009853",608,312,296
"S01009854",398,161,237
"S01009855",419,236,183
"S01009856",412,219,193
"S01009857",617,333,284
"S01009858",538,315,223
"S01009859",738,332,406
"S01009860",721,291,430
"S01009861",849,389,460
"S01009862",985,602,383
"S01009863",678,442,236
"S01009864",542,356,186
"S01009865",454,250,204
"S01009866",717,449,268
"S01009867",535,358,177
"S01009868",459,330,129
"S01009869",510,343,167
"S01009870",445,256,189
"S01009871",679,337,342
"S01009872",604,394,210
"S01009873",698,436,262
"S01009874",716,408,308
"S01009875",149,88,61
"S01009876",476,208,268
"S01009877",618,399,219
"S01009878",570,284,286
"S01009879",732,497,235
"S01009880",587,307,280
"S01009881",498,268,230
"S01009882",227,169,58
"S01009883",553,294,259
"S01009884",585,361,224
"S01009885",597,334,263
"S01009886",558,272,286
"S01009887",649,357,292
"S01009888",523,285,238
"S01009889",604,398,206
"S01009890",405,246,159
"S01009891",543,318,225
"S01009892",612,349,263
"S01009893",664,386,278
"S01009894",505,224,281
"S01009895",678,357,321
"S01009896",669,343,326
"S01009897",732,443,289
"S01009898",373,146,227
"S01009899",637,451,186
"S01009900",699,559,140
"S01009901",680,518,162
"S01009902",665,336,329
"S01009903",699,444,255
"S01009904",560,431,129
"S01009905",460,320,140
"S01009906",542,352,190
"S01009907",621,426,195
"S01009908",737,558,179
"S01009909",720,550,170
"S01009910",504,367,137
"S01009911",782,573,209
"S01009912",590,393,197
"S01009913",466,295,171
"S01009914",712,433,279
"S01009915",693,486,207
"S01009916",701,381,320
"S01009917",502,341,161
"S01009918",571,383,188
"S01009919",755,457,298
"S01009920",699,538,161
"S01009921",570,441,129
"S01009922",834,674,160
"S01009923",766,533,233
"S01009924",724,521,203
"S01009925",578,479,99
"S01009926",534,379,155
"S01009927",278,163,115
"S01009928",579,458,121
"S01009929",380,272,108
"S01009930",640,471,169
"S01009931",644,556,88
"S01009932",524,399,125
"S01009933",456,221,235
"S01009934",316,211,105
"S01009935",386,138,248
"S01009936",503,265,238
"S01009937",326,139,187
"S01009938",724,318,406
"S01009939",647,280,367
"S01009940",647,264,383
"S01009941",680,560,120
"S01009942",743,373,370
"S01009943",594,239,355
"S01009944",567,322,245
"S01009945",734,354,380
"S01009946",568,319,249
"S01009947",434,260,174
"S01009948",491,208,283
"S01009949",702,397,305
"S01009950",708,463,245
"S01009951",486,328,158
"S01009952",546,400,146
"S01009953",684,449,235
"S01009954",514,323,191
"S01009955",679,415,264
"S01009956",539,289,250
"S01009957",615,439,176
"S01009958",775,590,185
"S01009959",553,344,209
"S01009960",545,353,192
"S01009961",405,241,164
"S01009962",756,521,235
"S01009963",802,597,205
"S01009964",585,416,169
"S01009965",619,444,175
"S01009966",660,480,180
"S01009967",654,479,175
"S01009968",485,329,156
"S01009969",532,335,197
"S01009970",698,320,378
"S01009971",575,240,335
"S01009972",516,261,255
"S01009973",183,102,81
"S01009974",419,160,259
"S01009975",570,226,344
"S01009976",376,180,196
"S01009977",574,202,372
"S01009978",531,273,258
"S01009979",358,157,201
"S01009980",307,130,177
"S01009981",329,146,183
"S01009982",444,203,241
"S01009983",353,124,229
"S01009984",514,324,190
"S01009985",425,196,229
"S01009986",415,160,255
"S01009987",534,257,277
"S01009988",315,125,190
"S01009989",684,456,228
"S01009990",493,382,111
"S01009991",580,428,152
"S01009992",558,252,306
"S01009993",619,462,157
"S01009994",553,429,124
"S01009995",467,342,125
"S01009996",504,362,142
"S01009997",478,365,113
"S01009998",533,337,196
"S01009999",680,451,229
"S01010000",517,391,126
"S01010001",431,288,143
"S01010002",627,445,182
"S01010003",563,428,135
"S01010004",578,377,201
"S01010005",589,398,191
"S01010006",655,424,231
"S01010007",700,503,197
"S01010008",335,221,114
"S01010009",506,357,149
"S01010010",752,514,238
"S01010011",547,326,221
"S01010012",687,456,231
"S01010013",735,513,222
"S01010014",719,483,236
"S01010015",538,389,149
"S01010016",555,303,252
"S01010017",523,269,254
"S01010018",531,216,315
"S01010019",548,237,311
"S01010020",557,267,290
"S01010021",530,201,329
"S01010022",220,76,144
"S01010023",467,163,304
"S01010024",339,164,175
"S01010025",409,155,254
"S01010026",319,117,202
"S01010027",383,233,150
"S01010028",274,103,171
"S01010029",528,206,322
"S01010030",284,166,118
"S01010031",442,347,95
"S01010032",263,193,70
"S01010033",595,308,287
"S01010034",697,321,376
"S01010035",493,217,276
"S01010036",122,107,15
"S01010037",542,180,362
"S01010038",675,249,426
"S01010039",585,417,168
"S01010040",472,296,176
"S01010041",504,319,185
"S01010042",297,189,108
"S01010043",520,288,232
"S01010044",704,318,386
"S01010045",449,166,283
"S01010046",580,294,286
"S01010047",619,227,392
"S01010048",650,219,431
"S01010049",538,222,316
"S01010050",499,158,341
"S01010051",534,216,318
"S01010052",448,172,276
"S01010053",416,170,246
"S01010054",492,175,317
"S01010055",711,367,344
"S01010056",393,165,228
"S01010057",107,45,62
"S01010058",452,253,199
"S01010059",466,312,154
"S01010060",678,360,318
"S01010061",139,82,57
"S01010062",505,229,276
"S01010063",834,409,425
"S01010064",391,228,163
"S01010065",703,291,412
"S01010066",553,259,294
"S01010067",388,171,217
"S01010068",251,85,166
"S01010069",554,390,164
"S01010070",543,409,134
"S01010071",659,402,257
"S01010072",572,334,238
"S01010073",603,370,233
"S01010074",598,373,225
"S01010075",583,309,274
"S01010076",578,355,223
"S01010077",407,194,213
"S01010078",434,319,115
"S01010079",735,505,230
"S01010080",574,375,199
"S01010081",597,404,193
"S01010082",538,360,178
"S01010083",680,355,325
"S01010084",678,313,365
"S01010085",592,402,190
"S01010086",770,359,411
"S01010087",691,434,257
"S01010088",270,201,69
"S01010089",582,312,270
"S01010090",717,519,198
"S01010091",366,254,112
"S01010092",746,324,422
"S01010093",601,399,202
"S01010094",534,382,152
"S01010095",588,421,167
"S01010096",474,342,132
"S01010097",584,394,190
"S01010098",578,425,153
"S01010099",568,381,187
"S01010100",775,499,276
"S01010101",636,456,180
"S01010102",674,538,136
"S01010103",703,588,115
"S01010104",270,225,45
"S01010105",385,183,202
"S01010106",387,170,217
"S01010107",572,352,220
"S01010108",560,302,258
"S01010109",527,350,177
"S01010110",730,298,432
"S01010111",639,258,381
"S01010112",533,245,288
"S01010113",424,225,199
"S01010114",495,214,281
"S01010115",467,365,102
"S01010116",368,306,62
"S01010117",233,85,148
"S01010118",424,168,256
"S01010119",219,85,134
"S01010120",566,247,319
"S01010121",359,184,175
"S01010122",341,135,206
"S01010123",431,186,245
"S01010124",428,337,91
"S01010125",190,101,89
"S01010126",553,367,186
"S01010127",392,188,204
"S01010128",353,174,179
"S01010129",512,231,281
"S01010130",459,217,242
"S01010131",769,541,228
"S01010132",792,305,487
"S01010133",553,212,341
"S01010134",822,418,404
"S01010135",587,253,334
"S01010136",627,380,247
"S01010137",656,311,345
"S01010138",777,271,506
"S01010139",711,333,378
"S01010140",601,502,99
"S01010141",669,260,409
"S01010142",443,262,181
"S01010143",545,212,333
"S01010144",493,286,207
"S01010145",527,327,200
"S01010146",572,315,257
"S01010147",543,236,307
"S01010148",451,176,275
"S01010149",164,57,107
"S01010150",537,167,370
"S01010151",554,196,358
"S01010152",523,254,269
"S01010153",675,272,403
"S01010154",691,261,430
"S01010155",530,222,308
"S01010156",297,138,159
"S01010157",379,160,219
"S01010158",699,328,371
"S01010159",560,241,319
"S01010160",343,130,213
"S01010161",433,277,156
"S01010162",412,167,245
"S01010163",292,111,181
"S01010164",549,263,286
"S01010165",614,282,332
"S01010166",623,318,305
"S01010167",668,305,363
"S01010168",180,72,108
"S01010169",629,371,258
"S01010170",471,261,210
"S01010171",684,281,403
"S01010172",477,186,291
"S01010173",563,278,285
"S01010174",935,306,629
"S01010175",353,198,155
"S01010176",524,241,283
"S01010177",497,213,284
"S01010178",547,262,285
"S01010179",433,166,267
"S01010180",271,112,159
"S01010181",555,238,317
"S01010182",566,383,183
"S01010183",324,123,201
"S01010184",474,214,260
"S01010185",448,220,228
"S01010186",541,390,151
"S01010187",541,416,125
"S01010188",580,440,140
"S01010189",649,563,86
"S01010191",545,453,92
"S01010192",526,449,77
"S01010193",684,542,142
"S01010194",542,262,280
"S01010195",412,222,190
"S01010196",554,284,270
"S01010197",636,303,333
"S01010198",817,357,460
"S01010199",394,186,208
"S01010200",544,285,259
"S01010201",359,177,182
"S01010202",526,243,283
"S01010203",372,302,70
"S01010204",510,235,275
"S01010205",576,299,277
"S01010206",399,196,203
"S01010207",417,240,177
"S01010208",750,535,215
"S01010209",621,306,315
"S01010210",674,335,339
"S01010211",572,268,304
"S01010212",697,301,396
"S01010213",633,292,341
"S01010214",815,540,275
"S01010215",575,195,380
"S01010216",432,185,247
"S01010217",595,322,273
"S01010218",681,388,293
"S01010219",366,152,214
"S01010220",324,215,109
"S01010221",159,57,102
"S01010222",398,224,174
"S01010223",457,256,201
"S01010224",648,248,400
"S01010225",552,323,229
"S01010226",573,242,331
"S01010227",605,250,355
"S01010228",497,190,307
"S01010229",663,388,275
"S01010230",698,251,447
"S01010231",522,201,321
"S01010232",560,317,243
"S01010233",712,317,395
"S01010234",874,517,357
"S01010235",87,44,43
"S01010236",440,283,157
"S01010237",499,326,173
"S01010238",579,335,244
"S01010239",606,262,344
"S01010240",568,338,230
"S01010241",776,454,322
"S01010242",603,365,238
"S01010243",763,424,339
"S01010244",555,243,312
"S01010245",561,209,352
"S01010246",576,256,320
"S01010247",552,348,204
"S01010248",722,503,219
"S01010249",604,403,201
"S01010250",664,444,220
"S01010251",242,180,62
"S01010252",464,271,193
"S01010253",538,252,286
"S01010254",684,346,338
"S01010255",517,200,317
"S01010256",680,320,360
"S01010257",419,104,315
"S01010258",412,297,115
"S01010259",1060,351,709
"S01010260",1455,495,960
"S01010261",1527,539,988
"S01010262",813,326,487
"S01010263",527,394,133
"S01010264",553,316,237
"S01010265",246,187,59
"S01010266",420,272,148
"S01010267",489,281,208
"S01010268",701,395,306
"S01010269",477,269,208
"S01010270",651,202,449
"S01010271",671,409,262
"S01010272",275,99,176
"S01010273",158,120,38
"S01010274",133,104,29
"S01010275",101,76,25
"S01010276",112,86,26
"S01010277",460,194,266
"S01010278",471,257,214
"S01010279",413,235,178
"S01010280",724,481,243
"S01010281",521,421,100
"S01010282",722,423,299
"S01010283",485,240,245
"S01010284",805,546,259
"S01010285",521,317,204
"S01010286",831,349,482
"S01010287",845,546,299
"S01010288",557,363,194
"S01010289",244,168,76
"S01010290",396,242,154
"S01010291",854,474,380
"S01010292",864,521,343
"S01010293",610,318,292
"S01010294",650,369,281
"S01010295",831,494,337
"S01010296",575,302,273
"S01010297",828,406,422
"S01010298",655,340,315
"S01010299",424,213,211
"S01010300",698,375,323
"S01010301",474,305,169
"S01010302",492,192,300
"S01010303",340,143,197
"S01010304",434,252,182
"S01010305",639,347,292
"S01010306",577,415,162
"S01010307",706,527,179
"S01010308",784,519,265
"S01010309",394,158,236
"S01010310",420,205,215
"S01010311",494,196,298
"S01010312",443,178,265
"S01010313",521,211,310
"S01010314",752,336,416
"S01010315",242,112,130
"S01010316",1322,453,869
"S01010317",639,457,182
"S01010318",288,147,141
"S01010319",318,189,129
"S01010320",451,239,212
"S01010321",581,341,240
"S01010322",788,571,217
"S01010323",383,114,269
"S01010324",620,235,385
"S01010325",807,280,527
"S01010326",580,205,375
"S01010327",392,174,218
"S01010328",448,212,236
"S01010329",388,176,212
"S01010330",405,179,226
"S01010331",517,201,316
"S01010332",582,228,354
"S01010333",689,323,366
"S01010334",570,239,331
"S01010335",609,273,336
"S01010336",502,222,280
"S01010337",579,210,369
"S01010338",677,296,381
"S01010339",578,294,284
"S01010340",422,197,225
"S01010341",492,299,193
"S01010342",421,318,103
"S01010343",739,591,148
"S01010344",564,249,315
"S01010345",315,187,128
"S01010346",798,592,206
"S01010347",758,338,420
"S01010348",815,452,363
"S01010349",716,398,318
"S01010350",631,302,329
"S01010351",393,199,194
"S01010352",393,191,202
"S01010353",686,247,439
"S01010354",464,234,230
"S01010355",530,243,287
"S01010356",463,344,119
"S01010357",447,202,245
"S01010358",602,243,359
"S01010359",611,227,384
"S01010360",527,245,282
"S01010361",485,210,275
"S01010362",659,323,336
"S01010363",583,385,198
"S01010364",672,478,194
"S01010365",711,526,185
"S01010366",740,531,209
"S01010367",1058,663,395
"S01010368",570,416,154
"S01010369",663,459,204
"S01010370",699,482,217
"S01010371",807,582,225
"S01010372",454,321,133
"S01010373",646,422,224
"S01010374",784,523,261
"S01010375",394,235,159
"S01010376",561,366,195
"S01010377",656,428,228
"S01010378",730,414,316
"S01010379",786,464,322
"S01010380",708,490,218
"S01010381",319,223,96
"S01010382",715,468,247
"S01010383",587,326,261
"S01010384",712,423,289
"S01010385",684,456,228
"S01010386",587,340,247
"S01010387",747,487,260
"S01010388",707,428,279
"S01010389",60,37,23
"S01010390",863,652,211
"S01010391",621,477,144
"S01010393",747,533,214
"S01010394",611,295,316
"S01010395",817,544,273
"S01010396",797,517,280
"S01010397",442,323,119
"S01010398",789,575,214
"S01010399",779,622,157
"S01010400",801,604,197
"S01010401",485,339,146
"S01010402",839,634,205
"S01010403",756,594,162
"S01010404",657,492,165
"S01010405",830,562,268
"S01010406",685,509,176
"S01010407",703,446,257
"S01010408",381,227,154
"S01010409",429,300,129
"S01010410",456,253,203
"S01010411",879,610,269
"S01010412",659,432,227
"S01010413",462,274,188
"S01010414",595,426,169
"S01010415",740,380,360
"S01010416",381,237,144
"S01010417",422,314,108
"S01010418",834,649,185
"S01010419",721,533,188
"S01010420",399,267,132
"S01010421",638,446,192
"S01010422",727,492,235
"S01010423",554,281,273
"S01010424",454,209,245
"S01010425",754,503,251
"S01010426",553,372,181
"S01010427",631,274,357
"S01010428",537,343,194
"S01010429",647,480,167
"S01010430",616,269,347
"S01010431",498,365,133
"S01010432",560,311,249
"S01010433",479,183,296
"S01010434",455,197,258
"S01010435",471,275,196
"S01010436",725,405,320
"S01010437",399,195,204
"S01010438",359,186,173
"S01010439",555,329,226
"S01010440",585,310,275
"S01010441",392,316,76
"S01010442",534,350,184
"S01010443",376,231,145
"S01010444",488,238,250
"S01010445",474,245,229
"S01010446",662,412,250
"S01010447",749,365,384
"S01010448",640,373,267
"S01010449",623,299,324
"S01010450",618,322,296
"S01010451",683,327,356
"S01010452",545,244,301
"S01010453",381,179,202
"S01010454",576,319,257
"S01010455",651,271,380
"S01010456",389,191,198
"S01010457",428,194,234
"S01010458",540,214,326
"S01010459",415,217,198
"S01010460",168,101,67
"S01010461",657,320,337
"S01010462",507,211,296
"S01010463",517,302,215
"S01010464",387,214,173
"S01010465",661,519,142
"S01010466",559,453,106
"S01010467",677,406,271
"S01010468",591,432,159
"S01010469",449,279,170
"S01010470",570,280,290
"S01010471",422,197,225
"S01010472",200,115,85
"S01010473",653,463,190
"S01010474",655,444,211
"S01010475",138,106,32
"S01010476",461,240,221
"S01010477",468,244,224
"S01010478",695,343,352
"S01010479",744,410,334
"S01010480",423,229,194
"S01010481",432,192,240
"S01010482",549,264,285
"S01010483",814,412,402
"S01010484",478,259,219
"S01010485",614,368,246
"S01010486",735,525,210
"S01010487",633,367,266
"S01010488",563,315,248
"S01010489",634,336,298
"S01010490",501,242,259
"S01010491",581,262,319
"S01010492",368,183,185
"S01010493",249,104,145
"S01010494",564,350,214
"S01010495",559,255,304
"S01010496",598,245,353
"S01010497",340,170,170
"S01010498",583,277,306
"S01010499",531,191,340
"S01010500",506,236,270
"S01010501",508,296,212
"S01010502",616,401,215
"S01010503",525,223,302
"S01010504",404,284,120
"S01010505",359,241,118
"S01010506",563,376,187
"S01010507",539,389,150
"S01010508",687,470,217
"S01010509",1006,707,299
"S01010510",395,274,121
"S01010511",678,455,223
"S01010512",352,228,124
"S01010513",506,363,143
"S01010514",520,366,154
"S01010515",614,428,186
"S01010516",420,313,107
"S01010517",479,340,139
"S01010518",424,336,88
"S01010519",608,427,181
"S01010520",578,417,161
"S01010521",391,252,139
"S01010522",395,290,105
"S01010523",422,250,172
"S01010524",431,307,124
"S01010525",413,295,118
"S01010526",548,397,151
"S01010527",651,386,265
"S01010528",437,290,147
"S01010529",396,286,110
"S01010530",463,333,130
"S01010531",721,481,240
"S01010532",547,383,164
"S01010533",416,293,123
"S01010534",484,356,128
"S01010535",419,300,119
"S01010536",622,454,168
"S01010537",481,376,105
"S01010538",61,44,17
"S01010539",785,614,171
"S01010540",456,305,151
"S01010541",558,424,134
"S01010542",533,353,180
"S01010543",477,312,165
"S01010544",533,380,153
"S01010545",420,270,150
"S01010546",491,332,159
"S01010547",497,340,157
"S01010548",399,275,124
"S01010549",184,110,74
"S01010550",316,214,102
"S01010551",495,331,164
"S01010552",534,385,149
"S01010553",491,351,140
"S01010554",496,322,174
"S01010555",598,427,171
"S01010556",539,327,212
"S01010557",335,233,102
"S01010558",409,238,171
"S01010559",493,305,188
"S01010560",454,300,154
"S01010561",364,247,117
"S01010562",701,480,221
"S01010563",432,288,144
"S01010564",386,226,160
"S01010565",378,260,118
"S01010566",553,410,143
"S01010567",675,491,184
"S01010568",575,410,165
"S01010569",777,604,173
"S01010570",675,444,231
"S01010571",639,545,94
"S01010572",632,483,149
"S01010573",451,336,115
"S01010574",402,308,94
"S01010575",505,353,152
"S01010576",622,438,184
"S01010577",616,414,202
"S01010578",414,308,106
"S01010579",592,471,121
"S01010580",474,393,81
"S01010581",315,275,40
"S01010582",372,270,102
"S01010583",639,505,134
"S01010584",85,62,23
"S01010586",367,276,91
"S01010587",433,314,119
"S01010588",245,177,68
"S01010589",467,348,119
"S01010591",97,73,24
"S01010592",468,391,77
"S01010593",433,325,108
"S01010596",398,304,94
"S01010599",74,49,25
"S01010600",461,324,137
"S01010601",515,284,231
"S01010602",416,344,72
"S01010603",600,417,183
"S01010604",431,299,132
"S01010605",688,488,200
"S01010606",570,365,205
"S01010607",570,397,173
"S01010608",468,288,180
"S01010609",431,299,132
"S01010610",452,307,145
"S01010611",762,535,227
"S01010612",591,429,162
"S01010613",490,307,183
"S01010614",389,249,140
"S01010615",497,415,82
"S01010616",686,516,170
"S01010617",709,561,148
"S01010618",625,514,111
"S01010619",465,329,136
"S01010620",322,236,86
"S01010621",711,507,204
"S01010622",362,239,123
"S01010623",433,325,108
"S01010624",593,412,181
"S01010625",605,393,212
"S01010626",635,397,238
"S01010627",551,418,133
"S01010628",771,523,248
"S01010629",634,426,208
"S01010630",322,222,100
"S01010631",383,260,123
"S01010632",571,332,239
"S01010633",619,335,284
"S01010634",472,303,169
"S01010635",576,367,209
"S01010636",486,349,137
"S01010637",399,264,135
"S01010638",637,362,275
"S01010639",718,443,275
"S01010640",564,427,137
"S01010641",565,300,265
"S01010642",681,378,303
"S01010643",387,218,169
"S01010644",403,202,201
"S01010645",260,216,44
"S01010646",522,404,118
"S01010647",519,400,119
"S01010648",522,384,138
"S01010649",420,324,96
"S01010650",399,206,193
"S01010651",567,418,149
"S01010652",569,442,127
"S01010653",603,475,128
"S01010654",637,455,182
"S01010655",577,387,190
"S01010656",274,187,87
"S01010657",399,279,120
"S01010658",491,358,133
"S01010659",496,359,137
"S01010660",426,273,153
"S01010661",433,300,133
"S01010662",366,260,106
"S01010663",416,261,155
"S01010664",565,401,164
"S01010665",560,379,181
"S01010666",485,310,175
"S01010667",332,234,98
"S01010668",639,410,229
"S01010669",434,283,151
"S01010670",499,364,135
"S01010671",373,245,128
"S01010672",529,364,165
"S01010673",488,349,139
"S01010674",615,446,169
"S01010675",429,289,140
"S01010676",601,409,192
"S01010677",253,176,77
"S01010678",559,389,170
"S01010679",403,280,123
"S01010680",457,297,160
"S01010681",458,327,131
"S01010682",568,398,170
"S01010683",637,403,234
"S01010684",575,379,196
"S01010685",409,249,160
"S01010686",367,225,142
"S01010687",597,379,218
"S01010688",503,342,161
"S01010689",609,363,246
"S01010690",441,307,134
"S01010691",384,248,136
"S01010692",435,328,107
"S01010693",382,244,138
"S01010694",407,240,167
"S01010695",448,306,142
"S01010696",578,403,175
"S01010697",647,435,212
"S01010698",482,333,149
"S01010699",428,306,122
"S01010700",442,337,105
"S01010701",680,468,212
"S01010702",524,370,154
"S01010703",1008,705,303
"S01010704",268,155,113
"S01010705",606,405,201
"S01010706",140,100,40
"S01010707",571,388,183
"S01010708",431,305,126
"S01010709",478,345,133
"S01010710",524,344,180
"S01010711",384,266,118
"S01010712",485,324,161
"S01010713",590,432,158
"S01010714",513,306,207
"S01010715",532,361,171
"S01010716",544,370,174
"S01010717",504,356,148
"S01010718",540,404,136
"S01010719",404,262,142
"S01010720",486,277,209
"S01010721",452,297,155
"S01010722",656,425,231
"S01010723",474,344,130
"S01010724",553,391,162
"S01010725",471,350,121
"S01010726",675,449,226
"S01010727",335,236,99
"S01010728",297,202,95
"S01010729",473,343,130
"S01010730",585,397,188
"S01010731",623,393,230
"S01010732",623,384,239
"S01010733",404,223,181
"S01010734",554,322,232
"S01010735",350,198,152
"S01010736",223,161,62
"S01010737",574,352,222
"S01010738",413,272,141
"S01010739",564,379,185
"S01010740",375,229,146
"S01010741",283,202,81
"S01010742",472,289,183
"S01010743",633,395,238
"S01010744",821,590,231
"S01010745",404,221,183
"S01010746",731,467,264
"S01010747",544,326,218
"S01010748",393,262,131
"S01010749",428,290,138
"S01010750",449,289,160
"S01010751",475,262,213
"S01010752",558,352,206
"S01010753",616,388,228
"S01010754",432,270,162
"S01010755",462,289,173
"S01010756",520,361,159
"S01010757",549,352,197
"S01010758",399,252,147
"S01010759",459,299,160
"S01010760",306,181,125
"S01010761",394,253,141
"S01010762",446,281,165
"S01010763",467,285,182
"S01010764",402,242,160
"S01010765",587,352,235
"S01010766",526,300,226
"S01010767",426,254,172
"S01010768",408,209,199
"S01010769",342,232,110
"S01010770",628,439,189
"S01010771",671,384,287
"S01010772",589,357,232
"S01010773",489,313,176
"S01010774",472,288,184
"S01010775",404,300,104
"S01010776",435,281,154
"S01010777",425,277,148
"S01010778",413,263,150
"S01010779",521,311,210
"S01010780",412,265,147
"S01010781",524,396,128
"S01010782",460,281,179
"S01010783",430,275,155
"S01010784",581,365,216
"S01010785",552,395,157
"S01010786",364,260,104
"S01010787",608,397,211
"S01010788",453,328,125
"S01010789",484,359,125
"S01010790",467,316,151
"S01010791",603,392,211
"S01010792",491,343,148
"S01010793",393,284,109
"S01010794",334,230,104
"S01010795",474,334,140
"S01010796",716,531,185
"S01010797",412,290,122
"S01010798",468,340,128
"S01010799",651,399,252
"S01010800",607,419,188
"S01010801",494,321,173
"S01010802",453,313,140
"S01010803",403,244,159
"S01010804",466,326,140
"S01010805",655,477,178
"S01010806",677,440,237
"S01010807",418,293,125
"S01010808",407,291,116
"S01010809",473,341,132
"S01010810",385,240,145
"S01010811",474,291,183
"S01010812",386,253,133
"S01010813",384,281,103
"S01010814",441,277,164
"S01010815",386,279,107
"S01010816",322,205,117
"S01010817",806,555,251
"S01010818",720,495,225
"S01010819",673,398,275
"S01010820",767,531,236
"S01010821",430,273,157
"S01010822",401,232,169
"S01010823",183,91,92
"S01010824",219,184,35
"S01010825",293,240,53
"S01010826",469,323,146
"S01010827",454,339,115
"S01010828",839,655,184
"S01010829",397,267,130
"S01010830",438,327,111
"S01010831",233,206,27
"S01010832",915,691,224
"S01010833",361,295,66
"S01010834",605,405,200
"S01010835",514,318,196
"S01010836",641,458,183
"S01010837",439,267,172
"S01010838",574,356,218
"S01010839",542,325,217
"S01010840",462,308,154
"S01010841",566,401,165
"S01010842",594,330,264
"S01010843",474,294,180
"S01010844",526,354,172
"S01010845",492,296,196
"S01010846",579,377,202
"S01010847",495,415,80
"S01010848",569,346,223
"S01010849",737,423,314
"S01010850",614,345,269
"S01010851",549,305,244
"S01010852",710,427,283
"S01010853",740,493,247
"S01010854",458,248,210
"S01010855",428,255,173
"S01010856",661,344,317
"S01010857",612,450,162
"S01010858",583,305,278
"S01010859",602,350,252
"S01010860",475,294,181
"S01010861",398,198,200
"S01010862",429,186,243
"S01010863",667,421,246
"S01010864",479,323,156
"S01010865",538,332,206
"S01010866",518,302,216
"S01010867",466,330,136
"S01010868",580,348,232
"S01010869",575,399,176
"S01010870",378,252,126
"S01010871",590,413,177
"S01010872",543,379,164
"S01010873",370,200,170
"S01010874",585,419,166
"S01010875",385,292,93
"S01010876",538,373,165
"S01010877",647,455,192
"S01010878",898,482,416
"S01010879",614,427,187
"S01010880",446,279,167
"S01010881",409,218,191
"S01010882",449,338,111
"S01010883",624,467,157
"S01010884",581,323,258
"S01010885",548,335,213
"S01010886",467,296,171
"S01010887",441,196,245
"S01010888",656,403,253
"S01010889",379,247,132
"S01010890",537,206,331
"S01010891",293,137,156
"S01010892",495,228,267
"S01010893",377,172,205
"S01010894",316,164,152
"S01010895",346,175,171
"S01010896",662,371,291
"S01010897",287,148,139
"S01010898",473,263,210
"S01010899",318,221,97
"S01010900",541,358,183
"S01010901",368,192,176
"S01010902",700,377,323
"S01010903",459,217,242
"S01010904",415,251,164
"S01010905",110,62,48
"S01010906",587,361,226
"S01010907",67,47,20
"S01010908",410,227,183
"S01010909",335,242,93
"S01010910",332,177,155
"S01010911",402,191,211
"S01010912",498,234,264
"S01010913",515,354,161
"S01010914",666,505,161
"S01010915",489,363,126
"S01010916",481,266,215
"S01010917",534,286,248
"S01010918",541,316,225
"S01010919",654,385,269
"S01010920",357,145,212
"S01010921",545,305,240
"S01010922",645,375,270
"S01010923",719,440,279
"S01010924",524,316,208
"S01010925",658,350,308
"S01010926",613,365,248
"S01010927",450,246,204
"S01010928",588,320,268
"S01010929",602,311,291
"S01010930",1045,758,287
"S01010931",425,296,129
"S01010932",323,209,114
"S01010933",280,205,75
"S01010934",753,572,181
"S01010935",389,249,140
"S01010936",317,216,101
"S01010937",632,484,148
"S01010938",538,322,216
"S01010939",409,312,97
"S01010940",449,329,120
"S01010941",602,479,123
"S01010942",565,448,117
"S01010943",472,348,124
"S01010944",433,277,156
"S01010945",465,361,104
"S01010946",658,421,237
"S01010947",418,304,114
"S01010948",468,346,122
"S01010949",727,552,175
"S01010950",678,461,217
"S01010951",506,364,142
"S01010952",396,321,75
"S01010953",404,305,99
"S01010954",446,390,56
"S01010955",465,339,126
"S01010956",624,475,149
"S01010957",479,374,105
"S01010958",365,256,109
"S01010959",451,348,103
"S01010960",846,570,276
"S01010961",401,249,152
"S01010962",568,355,213
"S01010963",580,434,146
"S01010964",444,315,129
"S01010965",408,271,137
"S01010966",310,212,98
"S01010967",479,301,178
"S01010968",580,403,177
"S01010969",381,255,126
"S01010970",654,425,229
"S01010971",604,459,145
"S01010972",447,331,116
"S01010973",405,280,125
"S01010974",536,331,205
"S01010975",335,205,130
"S01010976",308,222,86
"S01010977",552,372,180
"S01010978",499,327,172
"S01010979",562,373,189
"S01010980",546,369,177
"S01010981",590,380,210
"S01010982",701,513,188
"S01010983",694,468,226
"S01010984",474,316,158
"S01010985",438,273,165
"S01010986",150,119,31
"S01010987",457,387,70
"S01010988",417,365,52
"S01010990",575,403,172
"S01010991",523,386,137
"S01010992",146,88,58
"S01010993",546,417,129
"S01010994",788,567,221
"S01010995",643,509,134
"S01010996",423,336,87
"S01010997",534,342,192
"S01010998",402,288,114
"S01010999",593,397,196
"S01011000",1104,744,360
"S01011001",421,313,108
"S01011002",566,356,210
"S01011003",521,339,182
"S01011004",499,378,121
"S01011005",538,329,209
"S01011006",502,347,155
"S01011007",538,337,201
"S01011008",679,462,217
"S01011009",447,312,135
"S01011010",391,252,139
"S01011011",596,349,247
"S01011012",529,285,244
"S01011013",616,391,225
"S01011014",536,421,115
"S01011015",344,257,87
"S01011017",1116,784,332
"S01011018",675,445,230
"S01011019",573,388,185
"S01011020",283,196,87
"S01011021",488,271,217
"S01011022",193,127,66
"S01011023",440,279,161
"S01011024",399,240,159
"S01011025",586,421,165
"S01011026",449,321,128
"S01011027",692,414,278
"S01011028",564,356,208
"S01011029",525,357,168
"S01011030",737,589,148
"S01011031",451,270,181
"S01011032",519,340,179
"S01011033",439,318,121
"S01011034",390,239,151
"S01011035",468,312,156
"S01011036",295,225,70
"S01011037",577,384,193
"S01011038",547,346,201
"S01011039",484,342,142
"S01011040",507,319,188
"S01011041",409,214,195
"S01011042",537,441,96
"S01011043",563,364,199
"S01011044",495,320,175
"S01011045",473,309,164
"S01011046",467,323,144
"S01011047",638,419,219
"S01011048",574,361,213
"S01011049",481,309,172
"S01011050",483,333,150
"S01011051",776,488,288
"S01011052",465,298,167
"S01011053",335,230,105
"S01011054",382,271,111
"S01011055",411,277,134
"S01011056",501,343,158
"S01011057",413,255,158
"S01011058",403,281,122
"S01011059",414,284,130
"S01011060",604,415,189
"S01011061",624,420,204
"S01011062",640,435,205
"S01011063",704,421,283
"S01011064",660,454,206
"S01011065",411,264,147
"S01011066",368,237,131
"S01011067",399,218,181
"S01011068",371,225,146
"S01011069",356,206,150
"S01011070",301,191,110
"S01011071",577,357,220
"S01011072",518,343,175
"S01011073",549,346,203
"S01011074",466,313,153
"S01011075",572,365,207
"S01011076",456,303,153
"S01011077",536,326,210
"S01011078",516,303,213
"S01011079",844,536,308
"S01011080",731,458,273
"S01011081",648,430,218
"S01011082",383,211,172
"S01011083",452,273,179
"S01011084",482,336,146
"S01011085",548,380,168
"S01011086",462,312,150
"S01011087",437,302,135
"S01011088",606,424,182
"S01011089",431,260,171
"S01011090",525,379,146
"S01011091",412,307,105
"S01011093",447,334,113
"S01011094",274,193,81
"S01011095",465,357,108
"S01011096",79,65,14
"S01011097",633,460,173
"S01011098",414,292,122
"S01011099",652,470,182
"S01011100",272,149,123
"S01011101",433,279,154
"S01011102",613,418,195
"S01011103",306,191,115
"S01011104",455,293,162
"S01011105",619,462,157
"S01011106",526,422,104
"S01011108",411,304,107
"S01011109",635,465,170
"S01011110",542,388,154
"S01011111",694,454,240
"S01011113",918,570,348
"S01011114",622,477,145
"S01011115",716,516,200
"S01011116",433,323,110
"S01011117",580,410,170
"S01011118",576,392,184
"S01011119",594,372,222
"S01011120",594,352,242
"S01011121",433,297,136
"S01011122",491,349,142
"S01011123",792,506,286
"S01011124",279,177,102
"S01011125",284,213,71
"S01011126",474,375,99
"S01011127",318,237,81
"S01011128",578,411,167
"S01011129",503,352,151
"S01011130",512,312,200
"S01011131",458,325,133
"S01011132",572,396,176
"S01011133",410,272,138
"S01011134",581,378,203
"S01011135",502,378,124
"S01011136",402,265,137
"S01011137",229,170,59
"S01011138",359,254,105
"S01011139",497,421,76
"S01011140",408,283,125
"S01011141",437,316,121
"S01011142",1378,990,388
"S01011143",653,436,217
"S01011144",506,350,156
"S01011145",514,349,165
"S01011146",331,220,111
"S01011147",733,496,237
"S01011148",633,448,185
"S01011149",632,546,86
"S01011150",496,414,82
"S01011151",495,394,101
"S01011152",482,305,177
"S01011153",691,473,218
"S01011154",343,225,118
"S01011155",461,280,181
"S01011156",489,374,115
"S01011157",576,447,129
"S01011158",373,250,123
"S01011159",380,202,178
"S01011160",663,463,200
"S01011161",479,375,104
"S01011162",313,235,78
"S01011163",539,377,162
"S01011164",510,390,120
"S01011165",539,370,169
"S01011166",411,303,108
"S01011167",556,382,174
"S01011168",623,454,169
"S01011169",72,48,24
"S01011170",586,399,187
"S01011171",711,485,226
"S01011172",594,411,183
"S01011173",400,252,148
"S01011174",516,336,180
"S01011175",353,197,156
"S01011176",389,223,166
"S01011177",658,411,247
"S01011178",425,290,135
"S01011179",337,209,128
"S01011180",397,228,169
"S01011181",421,308,113
"S01011182",400,297,103
"S01011183",421,280,141
"S01011184",766,558,208
"S01011185",560,378,182
"S01011186",632,398,234
"S01011187",626,471,155
"S01011188",728,488,240
"S01011189",451,304,147
"S01011190",317,175,142
"S01011191",499,326,173
"S01011192",732,542,190
"S01011193",547,355,192
"S01011194",543,376,167
"S01011195",520,355,165
"S01011196",673,443,230
"S01011197",670,449,221
"S01011198",518,376,142
"S01011199",590,394,196
"S01011200",626,456,170
"S01011201",467,310,157
"S01011202",659,412,247
"S01011203",628,404,224
"S01011204",460,324,136
"S01011206",468,366,102
"S01011207",517,342,175
"S01011208",678,566,112
"S01011209",500,319,181
"S01011210",361,249,112
"S01011211",509,399,110
"S01011212",430,305,125
"S01011213",699,455,244
"S01011214",780,461,319
"S01011215",352,194,158
"S01011216",367,187,180
"S01011217",589,327,262
"S01011218",495,241,254
"S01011219",552,342,210
"S01011220",703,412,291
"S01011221",733,443,290
"S01011222",504,286,218
"S01011223",589,357,232
"S01011224",519,263,256
"S01011225",574,285,289
"S01011226",669,437,232
"S01011227",578,400,178
"S01011228",448,266,182
"S01011229",402,200,202
"S01011230",740,370,370
"S01011231",395,193,202
"S01011232",617,389,228
"S01011233",250,127,123
"S01011234",708,349,359
"S01011235",369,195,174
"S01011236",371,213,158
"S01011237",675,353,322
"S01011238",395,192,203
"S01011239",592,308,284
"S01011240",525,254,271
"S01011241",640,401,239
"S01011242",578,326,252
"S01011243",519,252,267
"S01011244",556,295,261
"S01011245",670,355,315
"S01011246",469,312,157
"S01011247",586,334,252
"S01011248",598,397,201
"S01011249",557,403,154
"S01011250",704,415,289
"S01011251",616,353,263
"S01011252",591,333,258
"S01011253",604,307,297
"S01011254",767,580,187
"S01011255",123,105,18
"S01011256",119,100,19
"S01011257",378,219,159
"S01011258",467,307,160
"S01011259",510,311,199
"S01011260",569,334,235
"S01011261",554,276,278
"S01011262",353,209,144
"S01011263",455,271,184
"S01011264",475,303,172
"S01011265",610,343,267
"S01011266",743,378,365
"S01011267",348,214,134
"S01011268",164,112,52
"S01011269",420,235,185
"S01011270",469,236,233
"S01011271",652,403,249
"S01011272",549,264,285
"S01011273",665,412,253
"S01011274",526,288,238
"S01011275",480,262,218
"S01011276",665,369,296
"S01011277",494,391,103
"S01011278",438,364,74
"S01011279",550,408,142
"S01011280",527,402,125
"S01011281",480,381,99
"S01011282",571,458,113
"S01011283",404,324,80
"S01011285",535,339,196
"S01011286",482,285,197
"S01011287",561,353,208
"S01011288",579,379,200
"S01011289",585,339,246
"S01011290",814,447,367
"S01011291",570,313,257
"S01011292",607,345,262
"S01011293",530,288,242
"S01011294",577,272,305
"S01011295",725,445,280
"S01011296",446,261,185
"S01011297",586,314,272
"S01011298",445,240,205
"S01011299",388,281,107
"S01011300",718,430,288
"S01011301",451,330,121
"S01011302",673,348,325
"S01011303",577,422,155
"S01011304",476,282,194
"S01011305",409,237,172
"S01011306",454,282,172
"S01011307",687,456,231
"S01011308",402,275,127
"S01011309",563,325,238
"S01011310",543,317,226
"S01011311",569,370,199
"S01011312",756,493,263
"S01011313",499,324,175
"S01011314",642,446,196
"S01011315",206,107,99
"S01011316",497,259,238
"S01011317",546,280,266
"S01011318",590,316,274
"S01011319",625,364,261
"S01011320",357,195,162
"S01011321",405,293,112
"S01011322",494,326,168
"S01011323",606,366,240
"S01011324",383,245,138
"S01011325",522,319,203
"S01011326",542,334,208
"S01011327",541,238,303
"S01011328",460,257,203
"S01011329",558,329,229
"S01011330",598,355,243
"S01011331",474,252,222
"S01011332",447,277,170
"S01011333",487,273,214
"S01011334",795,569,226
"S01011335",540,352,188
"S01011336",417,246,171
"S01011337",556,362,194
"S01011338",397,267,130
"S01011339",327,193,134
"S01011340",508,281,227
"S01011341",427,299,128
"S01011342",427,307,120
"S01011343",719,419,300
"S01011344",544,287,257
"S01011345",563,326,237
"S01011346",565,341,224
"S01011347",749,490,259
"S01011348",700,420,280
"S01011349",614,495,119
"S01011350",530,376,154
"S01011351",485,271,214
"S01011352",453,286,167
"S01011353",532,361,171
"S01011354",575,342,233
"S01011355",755,468,287
"S01011356",698,494,204
"S01011357",594,387,207
"S01011358",385,339,46
"S01011359",627,352,275
"S01011360",397,228,169
"S01011361",278,153,125
"S01011362",747,442,305
"S01011363",603,346,257
"S01011364",399,269,130
"S01011365",313,246,67
"S01011366",374,209,165
"S01011367",587,323,264
"S01011368",69,32,37
"S01011369",569,338,231
"S01011370",186,107,79
"S01011371",644,366,278
"S01011372",546,273,273
"S01011373",503,277,226
"S01011374",503,407,96
"S01011375",464,328,136
"S01011376",369,191,178
"S01011377",416,277,139
"S01011378",605,338,267
"S01011379",522,409,113
"S01011380",535,329,206
"S01011381",465,304,161
"S01011382",151,73,78
"S01011383",502,215,287
"S01011384",475,218,257
"S01011385",737,394,343
"S01011386",409,214,195
"S01011387",529,254,275
"S01011388",178,120,58
"S01011389",561,330,231
"S01011390",483,258,225
"S01011391",325,197,128
"S01011392",520,337,183
"S01011393",475,249,226
"S01011394",182,150,32
"S01011395",529,305,224
"S01011396",563,317,246
"S01011397",520,286,234
"S01011398",570,307,263
"S01011399",382,206,176
"S01011400",221,120,101
"S01011401",530,353,177
"S01011402",746,392,354
"S01011403",408,264,144
"S01011404",733,419,314
"S01011405",496,273,223
"S01011406",413,243,170
"S01011407",857,524,333
"S01011408",652,341,311
"S01011409",525,324,201
"S01011410",500,268,232
"S01011411",355,188,167
"S01011412",668,439,229
"S01011413",321,273,48
"S01011414",628,389,239
"S01011415",645,458,187
"S01011416",544,422,122
"S01011417",475,258,217
"S01011418",479,262,217
"S01011419",442,254,188
"S01011420",419,228,191
"S01011421",306,270,36
"S01011422",367,210,157
"S01011423",356,170,186
"S01011424",417,265,152
"S01011425",597,312,285
"S01011426",683,421,262
"S01011427",347,183,164
"S01011428",352,144,208
"S01011429",1372,650,722
"S01011430",649,465,184
"S01011431",766,403,363
"S01011432",816,513,303
"S01011433",604,336,268
"S01011434",372,217,155
"S01011435",630,438,192
"S01011436",507,274,233
"S01011437",604,332,272
"S01011438",389,187,202
"S01011439",971,553,418
"S01011440",399,230,169
"S01011441",566,355,211
"S01011442",498,270,228
"S01011443",357,211,146
"S01011444",479,253,226
"S01011445",314,176,138
"S01011446",1345,952,393
"S01011447",608,355,253
"S01011448",612,417,195
"S01011449",268,150,118
"S01011450",205,131,74
"S01011451",1076,731,345
"S01011452",735,529,206
"S01011453",554,335,219
"S01011454",627,352,275
"S01011455",581,323,258
"S01011456",703,404,299
"S01011457",699,379,320
"S01011458",714,563,151
"S01011459",329,184,145
"S01011460",606,409,197
"S01011461",450,283,167
"S01011462",629,424,205
"S01011463",477,333,144
"S01011464",76,50,26
"S01011465",397,202,195
"S01011466",428,217,211
"S01011467",279,175,104
"S01011468",91,88,3
"S01011469",581,339,242
"S01011470",756,414,342
"S01011471",668,400,268
"S01011472",719,366,353
"S01011473",551,278,273
"S01011474",482,239,243
"S01011475",468,232,236
"S01011476",379,279,100
"S01011477",744,546,198
"S01011478",810,561,249
"S01011479",534,356,178
"S01011480",693,466,227
"S01011481",285,167,118
"S01011482",624,342,282
"S01011483",448,359,89
"S01011484",651,337,314
"S01011485",751,373,378
"S01011486",418,248,170
"S01011487",346,174,172
"S01011488",536,290,246
"S01011489",173,114,59
"S01011490",1029,677,352
"S01011491",408,235,173
"S01011492",628,423,205
"S01011493",356,308,48
"S01011494",423,256,167
"S01011495",609,347,262
"S01011496",413,212,201
"S01011497",467,367,100
"S01011498",451,380,71
"S01011499",462,326,136
"S01011500",425,261,164
"S01011501",547,288,259
"S01011502",476,276,200
"S01011503",615,404,211
"S01011504",650,413,237
"S01011505",436,273,163
"S01011506",489,264,225
"S01011507",486,283,203
"S01011508",708,504,204
"S01011509",503,346,157
"S01011510",593,337,256
"S01011511",447,259,188
"S01011512",835,468,367
"S01011513",568,309,259
"S01011514",819,492,327
"S01011515",465,360,105
"S01011516",740,599,141
"S01011517",397,242,155
"S01011518",404,190,214
"S01011519",580,349,231
"S01011520",354,188,166
"S01011521",508,293,215
"S01011522",652,365,287
"S01011523",599,394,205
"S01011524",672,515,157
"S01011525",588,418,170
"S01011526",827,542,285
"S01011527",552,376,176
"S01011528",733,401,332
"S01011529",343,179,164
"S01011530",636,347,289
"S01011531",548,311,237
"S01011532",261,214,47
"S01011533",570,278,292
"S01011534",522,313,209
"S01011535",736,419,317
"S01011536",548,429,119
"S01011537",416,339,77
"S01011538",448,340,108
"S01011539",591,305,286
"S01011540",592,332,260
"S01011541",617,337,280
"S01011542",1004,613,391
"S01011543",567,303,264
"S01011544",532,289,243
"S01011545",495,289,206
"S01011546",518,449,69
"S01011547",396,361,35
"S01011548",589,324,265
"S01011549",699,480,219
"S01011550",631,475,156
"S01011551",447,248,199
"S01011552",957,645,312
"S01011554",735,418,317
"S01011555",245,153,92
"S01011556",292,186,106
"S01011557",409,239,170
"S01011558",304,179,125
"S01011559",485,267,218
"S01011560",554,319,235
"S01011561",340,164,176
"S01011562",284,154,130
"S01011563",472,247,225
"S01011564",442,272,170
"S01011565",546,335,211
"S01011566",448,266,182
"S01011567",749,357,392
"S01011568",584,325,259
"S01011569",783,461,322
"S01011570",531,279,252
"S01011571",430,214,216
"S01011572",519,317,202
"S01011573",479,342,137
"S01011574",562,351,211
"S01011575",193,101,92
"S01011576",599,285,314
"S01011577",491,331,160
"S01011578",600,374,226
"S01011579",431,316,115
"S01011580",303,133,170
"S01011581",489,237,252
"S01011582",825,586,239
"S01011583",541,363,178
"S01011584",533,318,215
"S01011585",544,294,250
"S01011586",432,240,192
"S01011587",316,175,141
"S01011588",563,292,271
"S01011589",773,456,317
"S01011590",525,288,237
"S01011591",473,260,213
"S01011592",525,281,244
"S01011593",463,258,205
"S01011594",371,244,127
"S01011595",467,367,100
"S01011596",811,543,268
"S01011597",479,388,91
"S01011598",568,263,305
"S01011599",587,322,265
"S01011600",752,468,284
"S01011601",545,458,87
"S01011602",395,235,160
"S01011603",639,296,343
"S01011604",473,258,215
"S01011605",668,395,273
"S01011606",179,150,29
"S01011607",485,399,86
"S01011608",500,416,84
"S01011609",730,358,372
"S01011610",547,294,253
"S01011611",452,331,121
"S01011613",963,692,271
"S01011614",189,124,65
"S01011615",543,296,247
"S01011616",355,181,174
"S01011617",622,340,282
"S01011618",543,314,229
"S01011619",584,454,130
"S01011620",326,291,35
"S01011621",572,419,153
"S01011622",139,93,46
"S01011623",495,299,196
"S01011624",490,362,128
"S01011625",327,235,92
"S01011626",290,251,39
"S01011627",460,420,40
"S01011628",1031,750,281
"S01011629",474,271,203
"S01011630",498,313,185
"S01011631",444,229,215
"S01011632",591,321,270
"S01011633",497,293,204
"S01011634",495,300,195
"S01011635",150,93,57
"S01011636",526,289,237
"S01011637",492,280,212
"S01011638",367,221,146
"S01011639",371,207,164
"S01011640",511,301,210
"S01011641",384,281,103
"S01011642",578,404,174
"S01011643",283,184,99
"S01011644",353,207,146
"S01011645",488,295,193
"S01011646",606,436,170
"S01011647",671,541,130
"S01011648",345,199,146
"S01011649",190,99,91
"S01011650",618,394,224
"S01011651",603,369,234
"S01011652",707,535,172
"S01011653",770,439,331
"S01011654",734,432,302
"S01011655",654,367,287
"S01011656",179,80,99
"S01011657",376,180,196
"S01011658",572,336,236
"S01011659",605,326,279
"S01011660",615,431,184
"S01011661",462,286,176
"S01011662",212,173,39
"S01011663",451,281,170
"S01011664",872,449,423
"S01011665",578,339,239
"S01011666",691,346,345
"S01011667",410,209,201
"S01011668",718,395,323
"S01011669",552,337,215
"S01011670",413,245,168
"S01011671",507,304,203
"S01011672",456,291,165
"S01011673",486,280,206
"S01011674",409,231,178
"S01011675",511,252,259
"S01011676",556,306,250
"S01011678",389,209,180
"S01011679",155,103,52
"S01011680",797,417,380
"S01011681",566,368,198
"S01011682",671,397,274
"S01011683",705,464,241
"S01011684",349,219,130
"S01011685",365,237,128
"S01011686",587,433,154
"S01011687",763,499,264
"S01011688",993,645,348
"S01011689",326,218,108
"S01011690",300,186,114
"S01011691",141,98,43
"S01011692",817,409,408
"S01011693",410,273,137
"S01011695",1675,1089,586
"S01011697",308,169,139
"S01011698",570,339,231
"S01011699",699,501,198
"S01011700",583,336,247
"S01011701",505,355,150
"S01011702",564,365,199
"S01011703",737,514,223
"S01011704",377,305,72
"S01011705",484,283,201
"S01011706",707,422,285
"S01011707",559,384,175
"S01011708",583,341,242
"S01011709",827,550,277
"S01011710",465,266,199
"S01011711",507,239,268
"S01011712",376,226,150
"S01011713",599,410,189
"S01011714",266,239,27
"S01011715",460,239,221
"S01011716",676,577,99
"S01011717",673,494,179
"S01011718",106,73,33
"S01011719",508,433,75
"S01011720",480,365,115
"S01011721",546,363,183
"S01011722",450,285,165
"S01011723",680,449,231
"S01011724",486,378,108
"S01011725",461,413,48
"S01011726",355,302,53
"S01011728",796,554,242
"S01011729",571,314,257
"S01011730",830,623,207
"S01011731",688,474,214
"S01011732",705,552,153
"S01011733",716,511,205
"S01011734",624,398,226
"S01011735",658,474,184
"S01011736",583,402,181
"S01011737",503,337,166
"S01011738",890,578,312
"S01011739",409,248,161
"S01011740",585,348,237
"S01011741",531,332,199
"S01011742",610,393,217
"S01011743",557,358,199
"S01011744",557,288,269
"S01011745",551,280,271
"S01011746",449,271,178
"S01011747",711,409,302
"S01011748",629,418,211
"S01011749",541,380,161
"S01011750",643,384,259
"S01011751",761,477,284
"S01011752",730,481,249
"S01011753",718,494,224
"S01011754",547,355,192
"S01011755",779,553,226
"S01011756",730,501,229
"S01011757",559,374,185
"S01011758",513,347,166
"S01011759",585,402,183
"S01011760",742,502,240
"S01011761",379,250,129
"S01011762",534,340,194
"S01011763",583,404,179
"S01011764",216,147,69
"S01011765",843,704,139
"S01011766",532,388,144
"S01011767",715,444,271
"S01011768",488,305,183
"S01011769",518,290,228
"S01011770",661,395,266
"S01011771",501,417,84
"S01011772",668,495,173
"S01011773",401,353,48
"S01011774",571,423,148
"S01011775",536,453,83
"S01011776",155,128,27
"S01011777",456,373,83
"S01011778",444,371,73
"S01011779",576,433,143
"S01011780",560,419,141
"S01011781",485,373,112
"S01011782",582,443,139
"S01011783",457,355,102
"S01011784",692,466,226
"S01011785",731,516,215
"S01011787",694,334,360
"S01011788",215,165,50
"S01011789",1108,817,291
"S01011790",736,471,265
"S01011791",496,309,187
"S01011792",631,361,270
"S01011793",443,291,152
"S01011794",562,319,243
"S01011795",373,232,141
"S01011796",445,280,165
"S01011797",515,375,140
"S01011798",317,196,121
"S01011799",793,576,217
"S01011800",535,342,193
"S01011801",372,261,111
"S01011802",561,301,260
"S01011803",837,499,338
"S01011804",294,200,94
"S01011805",331,238,93
"S01011806",598,409,189
"S01011807",711,522,189
"S01011808",392,261,131
"S01011809",429,316,113
"S01011810",596,414,182
"S01011811",506,371,135
"S01011812",396,285,111
"S01011813",478,362,116
"S01011814",433,315,118
"S01011815",373,291,82
"S01011816",420,301,119
"S01011817",665,484,181
"S01011818",586,445,141
"S01011819",659,458,201
"S01011820",308,189,119
"S01011821",179,131,48
"S01011822",445,319,126
"S01011823",482,324,158
"S01011824",535,405,130
"S01011825",411,263,148
"S01011826",474,357,117
"S01011827",313,217,96
"S01011828",634,425,209
"S01011829",252,178,74
"S01011830",330,226,104
"S01011831",393,263,130
"S01011832",538,410,128
"S01011833",610,423,187
"S01011834",253,194,59
"S01011835",431,290,141
"S01011836",460,314,146
"S01011837",571,408,163
"S01011838",553,395,158
"S01011839",876,632,244
"S01011840",587,430,157
"S01011841",538,347,191
"S01011842",713,471,242
"S01011843",704,526,178
"S01011844",432,303,129
"S01011845",571,361,210
"S01011846",664,482,182
"S01011847",331,252,79
"S01011848",463,328,135
"S01011849",536,373,163
"S01011850",561,398,163
"S01011851",578,401,177
"S01011852",626,437,189
"S01011853",475,353,122
"S01011854",556,351,205
"S01011855",628,422,206
"S01011856",418,250,168
"S01011857",544,364,180
"S01011858",504,268,236
"S01011859",582,312,270
"S01011860",532,360,172
"S01011861",468,298,170
"S01011862",496,311,185
"S01011863",519,297,222
"S01011864",524,354,170
"S01011865",454,310,144
"S01011866",481,326,155
"S01011867",402,243,159
"S01011868",514,350,164
"S01011869",430,320,110
"S01011870",428,282,146
"S01011871",659,474,185
"S01011872",700,491,209
"S01011873",545,412,133
"S01011874",344,258,86
"S01011875",498,315,183
"S01011876",635,458,177
"S01011877",439,309,130
"S01011878",736,523,213
"S01011879",297,236,61
"S01011880",470,340,130
"S01011881",342,243,99
"S01011882",659,433,226
"S01011883",1041,628,413
"S01011884",315,232,83
"S01011885",239,173,66
"S01011886",480,359,121
"S01011887",443,302,141
"S01011888",517,322,195
"S01011889",520,314,206
"S01011890",482,322,160
"S01011891",806,400,406
"S01011892",735,600,135
"S01011893",511,377,134
"S01011894",553,389,164
"S01011895",361,224,137
"S01011896",618,421,197
"S01011897",704,480,224
"S01011898",405,272,133
"S01011899",638,442,196
"S01011900",544,408,136
"S01011901",475,321,154
"S01011902",717,452,265
"S01011903",609,399,210
"S01011904",628,455,173
"S01011905",450,346,104
"S01011906",351,276,75
"S01011907",600,478,122
"S01011908",298,247,51
"S01011909",510,461,49
"S01011910",666,421,245
"S01011911",502,323,179
"S01011912",494,298,196
"S01011913",519,326,193
"S01011914",594,374,220
"S01011915",572,378,194
"S01011916",401,254,147
"S01011917",393,266,127
"S01011918",433,250,183
"S01011919",500,344,156
"S01011920",459,317,142
"S01011921",452,303,149
"S01011922",573,393,180
"S01011923",750,549,201
"S01011924",332,227,105
"S01011925",45,13,32
"S01011926",502,365,137
"S01011927",471,322,149
"S01011928",611,462,149
"S01011929",460,334,126
"S01011930",564,384,180
"S01011931",476,274,202
"S01011932",150,74,76
"S01011933",338,258,80
"S01011934",634,428,206
"S01011935",685,464,221
"S01011936",430,305,125
"S01011937",237,159,78
"S01011938",542,372,170
"S01011939",494,348,146
"S01011940",432,321,111
"S01011941",377,300,77
"S01011942",443,329,114
"S01011943",699,468,231
"S01011944",312,214,98
"S01011945",572,319,253
"S01011946",512,301,211
"S01011947",364,252,112
"S01011948",666,445,221
"S01011949",559,351,208
"S01011950",638,410,228
"S01011951",483,334,149
"S01011953",573,389,184
"S01011954",283,195,88
"S01011955",690,457,233
"S01011956",481,331,150
"S01011957",453,327,126
"S01011958",762,495,267
"S01011959",827,571,256
"S01011960",409,303,106
"S01011961",436,338,98
"S01011962",321,244,77
"S01011963",242,155,87
"S01011964",702,512,190
"S01011965",675,440,235
"S01011966",551,355,196
"S01011967",794,510,284
"S01011968",549,372,177
"S01011969",628,439,189
"S01011970",655,442,213
"S01011971",365,251,114
"S01011972",858,588,270
"S01011973",424,287,137
"S01011974",526,356,170
"S01011975",322,216,106
"S01011976",500,324,176
"S01011977",780,528,252
"S01011978",469,271,198
"S01011979",491,317,174
"S01011980",326,238,88
"S01011981",678,498,180
"S01011982",684,457,227
"S01011983",563,383,180
"S01011984",422,254,168
"S01011985",579,391,188
"S01011986",458,270,188
"S01011987",520,360,160
"S01011988",475,277,198
"S01011989",556,348,208
"S01011990",485,286,199
"S01011991",523,338,185
"S01011992",509,338,171
"S01011993",607,394,213
"S01011994",497,291,206
"S01011995",585,415,170
"S01011996",307,220,87
"S01011997",597,426,171
"S01011998",214,147,67
"S01011999",487,331,156
"S01012000",331,259,72
"S01012001",334,242,92
"S01012002",432,266,166
"S01012003",371,280,91
"S01012004",528,345,183
"S01012005",318,250,68
"S01012006",839,518,321
"S01012007",530,347,183
"S01012008",644,411,233
"S01012009",589,421,168
"S01012010",800,526,274
"S01012011",718,474,244
"S01012012",495,308,187
"S01012013",499,321,178
"S01012014",549,400,149
"S01012015",567,375,192
"S01012016",549,377,172
"S01012017",458,277,181
"S01012018",650,466,184
"S01012019",451,341,110
"S01012020",487,307,180
"S01012021",427,297,130
"S01012022",481,334,147
"S01012023",364,267,97
"S01012024",596,476,120
"S01012025",552,402,150
"S01012026",73,55,18
"S01012027",763,565,198
"S01012028",700,505,195
"S01012029",694,466,228
"S01012030",1044,652,392
"S01012031",181,103,78
"S01012032",311,220,91
"S01012033",607,380,227
"S01012034",564,359,205
"S01012035",702,470,232
"S01012036",717,489,228
"S01012037",739,389,350
"S01012038",518,268,250
"S01012039",682,391,291
"S01012040",378,263,115
"S01012041",701,439,262
"S01012042",731,448,283
"S01012043",631,368,263
"S01012044",685,313,372
"S01012045",633,381,252
"S01012046",548,269,279
"S01012047",637,339,298
"S01012048",393,215,178
"S01012049",506,365,141
"S01012050",449,359,90
"S01012051",612,413,199
"S01012052",618,344,274
"S01012053",669,379,290
"S01012054",605,369,236
"S01012055",681,346,335
"S01012056",598,407,191
"S01012057",619,407,212
"S01012058",486,305,181
"S01012059",700,406,294
"S01012060",573,310,263
"S01012061",712,471,241
"S01012062",541,444,97
"S01012063",415,346,69
"S01012064",363,201,162
"S01012065",431,168,263
"S01012066",648,453,195
"S01012067",346,181,165
"S01012068",377,169,208
"S01012069",405,206,199
"S01012070",412,186,226
"S01012071",585,352,233
"S01012072",662,399,263
"S01012073",439,328,111
"S01012074",587,482,105
"S01012075",549,474,75
"S01012076",544,332,212
"S01012077",413,262,151
"S01012078",594,468,126
"S01012079",651,413,238
"S01012080",537,342,195
"S01012081",520,305,215
"S01012082",390,216,174
"S01012083",645,343,302
"S01012084",475,350,125
"S01012085",586,412,174
"S01012086",793,457,336
"S01012087",575,329,246
"S01012088",496,405,91
"S01012089",726,575,151
"S01012090",799,576,223
"S01012091",503,390,113
"S01012092",443,350,93
"S01012093",485,353,132
"S01012094",623,444,179
"S01012095",575,479,96
"S01012096",680,394,286
"S01012097",400,234,166
"S01012098",428,245,183
"S01012099",727,440,287
"S01012100",955,558,397
"S01012101",521,362,159
"S01012102",488,307,181
"S01012103",728,567,161
"S01012104",660,511,149
"S01012105",581,444,137
"S01012106",685,524,161
"S01012107",545,357,188
"S01012108",674,280,394
"S01012109",582,369,213
"S01012110",506,305,201
"S01012111",370,229,141
"S01012112",626,300,326
"S01012113",691,377,314
"S01012114",513,360,153
"S01012115",399,220,179
"S01012116",377,230,147
"S01012117",234,182,52
"S01012118",658,413,245
"S01012119",791,588,203
"S01012120",470,274,196
"S01012121",629,361,268
"S01012122",660,405,255
"S01012123",413,267,146
"S01012124",450,340,110
"S01012125",583,338,245
"S01012126",351,261,90
"S01012127",637,476,161
"S01012128",149,103,46
"S01012129",508,356,152
"S01012130",652,336,316
"S01012131",735,459,276
"S01012132",550,371,179
"S01012133",679,466,213
"S01012134",728,515,213
"S01012135",849,535,314
"S01012136",499,317,182
"S01012137",479,285,194
"S01012138",600,400,200
"S01012139",489,279,210
"S01012140",636,463,173
"S01012141",785,563,222
"S01012142",717,462,255
"S01012143",627,410,217
"S01012144",676,428,248
"S01012145",685,474,211
"S01012146",523,275,248
"S01012147",553,324,229
"S01012148",549,329,220
"S01012149",537,392,145
"S01012150",622,331,291
"S01012151",402,216,186
"S01012152",529,274,255
"S01012153",398,242,156
"S01012154",407,287,120
"S01012155",400,260,140
"S01012156",523,309,214
"S01012157",610,434,176
"S01012158",477,370,107
"S01012159",468,335,133
"S01012160",578,433,145
"S01012161",336,200,136
"S01012162",495,279,216
"S01012163",379,274,105
"S01012164",250,224,26
"S01012165",670,409,261
"S01012166",468,331,137
"S01012167",579,385,194
"S01012168",811,546,265
"S01012169",595,387,208
"S01012170",762,409,353
"S01012171",717,459,258
"S01012172",631,391,240
"S01012173",521,322,199
"S01012174",726,613,113
"S01012175",737,586,151
"S01012176",735,587,148
"S01012177",534,418,116
"S01012178",463,366,97
"S01012179",461,292,169
"S01012180",383,209,174
"S01012181",519,300,219
"S01012182",670,444,226
"S01012183",159,110,49
"S01012185",523,358,165
"S01012186",523,309,214
"S01012187",540,332,208
"S01012188",486,317,169
"S01012189",407,296,111
"S01012190",111,91,20
"S01012191",708,561,147
"S01012192",320,234,86
"S01012193",394,337,57
"S01012194",383,327,56
"S01012195",759,593,166
"S01012196",414,340,74
"S01012197",557,352,205
"S01012198",650,478,172
"S01012199",469,311,158
"S01012200",501,337,164
"S01012201",573,390,183
"S01012202",462,328,134
"S01012203",599,445,154
"S01012204",607,493,114
"S01012205",571,468,103
"S01012206",666,528,138
"S01012207",647,432,215
"S01012208",765,491,274
"S01012209",553,339,214
"S01012210",497,294,203
"S01012211",556,354,202
"S01012212",709,544,165
"S01012213",752,594,158
"S01012214",558,394,164
"S01012215",735,578,157
"S01012216",574,434,140
"S01012217",325,176,149
"S01012218",373,243,130
"S01012219",651,321,330
"S01012220",498,249,249
"S01012221",545,275,270
"S01012222",669,401,268
"S01012223",491,262,229
"S01012224",650,417,233
"S01012225",748,426,322
"S01012226",617,432,185
"S01012227",470,317,153
"S01012228",517,367,150
"S01012229",546,445,101
"S01012230",711,559,152
"S01012231",631,497,134
"S01012232",650,512,138
"S01012233",678,522,156
"S01012234",765,593,172
"S01012235",426,316,110
"S01012236",495,325,170
"S01012237",671,436,235
"S01012238",442,281,161
"S01012239",436,285,151
"S01012240",561,344,217
"S01012241",464,329,135
"S01012242",578,439,139
"S01012243",379,252,127
"S01012244",795,567,228
"S01012245",347,242,105
"S01012246",528,422,106
"S01012247",515,382,133
"S01012248",528,427,101
"S01012249",617,436,181
"S01012250",693,501,192
"S01012251",843,562,281
"S01012252",401,272,129
"S01012253",650,471,179
"S01012254",504,387,117
"S01012255",431,318,113
"S01012256",499,357,142
"S01012257",730,511,219
"S01012258",428,277,151
"S01012259",455,288,167
"S01012260",498,338,160
"S01012261",110,73,37
"S01012262",755,553,202
"S01012263",368,230,138
"S01012264",214,136,78
"S01012265",596,409,187
"S01012266",568,363,205
"S01012267",482,347,135
"S01012268",671,479,192
"S01012269",575,410,165
"S01012270",552,365,187
"S01012271",885,678,207
"S01012272",229,160,69
"S01012273",495,360,135
"S01012274",596,466,130
"S01012275",514,379,135
"S01012276",656,474,182
"S01012277",601,427,174
"S01012278",514,330,184
"S01012279",479,352,127
"S01012280",701,479,222
"S01012281",576,410,166
"S01012282",840,520,320
"S01012283",493,337,156
"S01012284",553,366,187
"S01012285",480,357,123
"S01012286",775,535,240
"S01012287",496,265,231
"S01012288",657,408,249
"S01012289",506,324,182
"S01012290",200,146,54
"S01012291",431,323,108
"S01012292",585,353,232
"S01012293",347,243,104
"S01012294",677,519,158
"S01012295",211,149,62
"S01012296",239,178,61
"S01012297",409,315,94
"S01012298",546,395,151
"S01012299",409,298,111
"S01012300",183,124,59
"S01012301",589,419,170
"S01012302",590,400,190
"S01012303",744,525,219
"S01012304",739,505,234
"S01012305",462,299,163
"S01012306",404,240,164
"S01012307",334,221,113
"S01012308",467,343,124
"S01012309",304,174,130
"S01012310",834,552,282
"S01012311",358,205,153
"S01012312",766,536,230
"S01012313",532,358,174
"S01012314",555,363,192
"S01012315",465,299,166
"S01012316",505,307,198
"S01012317",120,74,46
"S01012318",634,437,197
"S01012319",502,348,154
"S01012320",449,275,174
"S01012321",381,264,117
"S01012322",503,349,154
"S01012323",603,393,210
"S01012324",612,390,222
"S01012325",244,137,107
"S01012326",379,263,116
"S01012327",644,423,221
"S01012328",319,192,127
"S01012329",764,531,233
"S01012330",382,255,127
"S01012331",286,216,70
"S01012332",701,507,194
"S01012333",627,409,218
"S01012334",655,434,221
"S01012335",697,568,129
"S01012336",494,350,144
"S01012337",579,355,224
"S01012338",378,246,132
"S01012339",426,311,115
"S01012340",405,295,110
"S01012341",1012,693,319
"S01012342",594,423,171
"S01012343",632,468,164
"S01012344",409,292,117
"S01012345",483,357,126
"S01012346",547,380,167
"S01012347",428,275,153
"S01012348",335,226,109
"S01012349",604,400,204
"S01012350",543,364,179
"S01012351",540,384,156
"S01012352",525,352,173
"S01012353",297,208,89
"S01012354",460,269,191
"S01012355",766,505,261
"S01012356",419,278,141
"S01012357",605,409,196
"S01012358",650,441,209
"S01012359",596,374,222
"S01012360",601,367,234
"S01012361",481,297,184
"S01012362",421,221,200
"S01012363",705,456,249
"S01012364",508,358,150
"S01012365",746,537,209
"S01012366",608,438,170
"S01012367",661,434,227
"S01012368",480,322,158
"S01012369",680,462,218
"S01012370",564,347,217
"S01012371",705,499,206
"S01012372",499,340,159
"S01012373",713,479,234
"S01012374",720,531,189
"S01012375",653,423,230
"S01012376",624,458,166
"S01012377",485,322,163
"S01012378",553,391,162
"S01012379",431,313,118
"S01012380",669,479,190
"S01012381",422,296,126
"S01012382",725,531,194
"S01012383",657,445,212
"S01012384",333,238,95
"S01012385",463,354,109
"S01012386",597,394,203
"S01012387",684,504,180
"S01012388",472,371,101
"S01012389",483,380,103
"S01012390",461,358,103
"S01012391",421,333,88
"S01012392",271,213,58
"S01012393",726,577,149
"S01012394",388,287,101
"S01012395",419,301,118
"S01012396",467,334,133
"S01012397",634,432,202
"S01012398",611,449,162
"S01012399",463,335,128
"S01012400",384,289,95
"S01012401",572,431,141
"S01012402",547,461,86
"S01012403",529,420,109
"S01012404",691,508,183
"S01012405",436,362,74
"S01012406",173,132,41
"S01012407",485,380,105
"S01012408",408,307,101
"S01012409",443,338,105
"S01012410",548,422,126
"S01012411",533,419,114
"S01012412",386,276,110
"S01012413",689,464,225
"S01012414",578,425,153
"S01012415",398,280,118
"S01012416",377,267,110
"S01012417",460,287,173
"S01012418",731,472,259
"S01012419",550,355,195
"S01012420",689,432,257
"S01012421",458,283,175
"S01012422",705,452,253
"S01012423",824,548,276
"S01012424",653,408,245
"S01012425",466,217,249
"S01012426",379,212,167
"S01012427",524,322,202
"S01012428",550,324,226
"S01012429",377,201,176
"S01012430",417,276,141
"S01012431",513,315,198
"S01012432",552,317,235
"S01012433",401,235,166
"S01012434",525,311,214
"S01012435",371,225,146
"S01012436",249,143,106
"S01012437",488,304,184
"S01012438",629,417,212
"S01012439",531,354,177
"S01012440",315,226,89
"S01012441",675,483,192
"S01012442",533,349,184
"S01012443",500,328,172
"S01012444",664,384,280
"S01012445",81,51,30
"S01012446",385,244,141
"S01012447",510,364,146
"S01012448",549,377,172
"S01012449",279,175,104
"S01012450",739,523,216
"S01012451",671,339,332
"S01012452",396,224,172
"S01012453",475,306,169
"S01012454",537,343,194
"S01012455",447,267,180
"S01012456",635,415,220
"S01012457",707,408,299
"S01012458",622,373,249
"S01012459",534,383,151
"S01012460",453,301,152
"S01012461",436,255,181
"S01012462",620,345,275
"S01012463",505,334,171
"S01012464",516,363,153
"S01012465",600,416,184
"S01012466",580,346,234
"S01012467",506,339,167
"S01012468",685,440,245
"S01012469",543,370,173
"S01012470",662,353,309
"S01012471",580,364,216
"S01012472",563,330,233
"S01012473",442,311,131
"S01012474",530,295,235
"S01012475",544,303,241
"S01012476",735,431,304
"S01012477",573,420,153
"S01012478",486,326,160
"S01012479",545,423,122
"S01012480",53,37,16
"S01012481",616,415,201
"S01012482",452,268,184
"S01012483",571,328,243
"S01012484",586,368,218
"S01012485",589,370,219
"S01012486",374,197,177
"S01012487",474,308,166
"S01012488",755,493,262
"S01012489",685,416,269
"S01012490",650,361,289
"S01012491",333,186,147
"S01012492",587,293,294
"S01012493",463,242,221
"S01012494",753,450,303
"S01012495",745,441,304
"S01012496",621,340,281
"S01012497",399,206,193
"S01012498",583,311,272
"S01012499",395,255,140
"S01012500",460,257,203
"S01012501",397,188,209
"S01012502",507,239,268
"S01012503",529,283,246
"S01012504",312,182,130
"S01012505",759,458,301
"S01012506",344,209,135
"S01012507",648,400,248
"S01012508",551,310,241
"S01012509",499,327,172
"S01012510",694,506,188
"S01012511",410,292,118
"S01012512",493,314,179
"S01012513",661,535,126
"S01012514",375,325,50
"S01012515",400,237,163
"S01012516",461,305,156
"S01012517",574,416,158
"S01012518",363,242,121
"S01012519",413,265,148
"S01012520",574,396,178
"S01012521",373,234,139
"S01012522",720,459,261
"S01012523",647,426,221
"S01012524",687,436,251
"S01012525",583,413,170
"S01012526",569,361,208
"S01012527",523,306,217
"S01012528",576,381,195
"S01012529",587,380,207
"S01012530",665,405,260
"S01012531",480,301,179
"S01012532",736,522,214
"S01012533",291,169,122
"S01012534",421,266,155
"S01012535",403,244,159
"S01012536",589,375,214
"S01012537",708,428,280
"S01012538",670,401,269
"S01012539",645,403,242
"S01012540",542,321,221
"S01012541",579,417,162
"S01012542",673,358,315
"S01012543",528,371,157
"S01012544",364,205,159
"S01012545",290,168,122
"S01012546",614,424,190
"S01012547",588,370,218
"S01012548",711,471,240
"S01012549",329,207,122
"S01012550",703,461,242
"S01012551",663,473,190
"S01012552",727,493,234
"S01012553",494,389,105
"S01012554",384,274,110
"S01012555",546,433,113
"S01012556",342,248,94
"S01012557",612,382,230
"S01012558",360,223,137
"S01012559",396,205,191
"S01012560",538,332,206
"S01012561",450,297,153
"S01012562",600,401,199
"S01012563",444,273,171
"S01012564",618,408,210
"S01012565",401,264,137
"S01012566",686,436,250
"S01012567",545,375,170
"S01012568",439,269,170
"S01012569",466,285,181
"S01012570",454,295,159
"S01012571",496,328,168
"S01012572",389,281,108
"S01012573",732,507,225
"S01012574",705,487,218
"S01012575",386,268,118
"S01012576",390,246,144
"S01012577",572,398,174
"S01012578",704,457,247
"S01012579",459,318,141
"S01012580",562,414,148
"S01012581",557,312,245
"S01012582",424,281,143
"S01012583",552,351,201
"S01012584",479,330,149
"S01012585",625,377,248
"S01012586",796,390,406
"S01012587",495,360,135
"S01012588",428,304,124
"S01012589",552,331,221
"S01012590",535,287,248
"S01012591",577,300,277
"S01012592",260,184,76
"S01012593",606,475,131
"S01012594",488,352,136
"S01012595",419,264,155
"S01012596",515,276,239
"S01012597",108,67,41
"S01012598",500,366,134
"S01012599",502,341,161
"S01012600",566,451,115
"S01012601",666,521,145
"S01012602",411,249,162
"S01012603",552,325,227
"S01012604",543,340,203
"S01012605",460,300,160
"S01012606",206,182,24
"S01012607",603,411,192
"S01012608",624,377,247
"S01012609",610,366,244
"S01012610",644,368,276
"S01012611",761,522,239
"S01012612",710,456,254
"S01012613",457,311,146
"S01012614",589,406,183
"S01012615",503,342,161
"S01012616",517,337,180
"S01012617",251,196,55
"S01012618",404,270,134
"S01012619",403,257,146
"S01012620",585,399,186
"S01012621",493,296,197
"S01012622",605,395,210
"S01012623",352,210,142
"S01012624",541,327,214
"S01012625",449,272,177
"S01012626",424,306,118
"S01012627",399,271,128
"S01012628",231,159,72
"S01012629",297,191,106
"S01012630",603,376,227
"S01012631",692,434,258
"S01012632",406,306,100
"S01012633",591,394,197
"S01012634",391,228,163
"S01012635",677,471,206
"S01012636",438,310,128
"S01012637",607,342,265
"S01012638",661,443,218
"S01012639",643,390,253
"S01012640",585,329,256
"S01012641",570,355,215
"S01012642",644,366,278
"S01012643",299,179,120
"S01012644",364,188,176
"S01012645",433,316,117
"S01012646",486,348,138
"S01012648",439,251,188
"S01012649",464,292,172
"S01012650",440,317,123
"S01012651",482,272,210
"S01012652",818,577,241
"S01012653",603,379,224
"S01012654",543,388,155
"S01012655",725,412,313
"S01012656",596,323,273
"S01012657",375,202,173
"S01012658",762,542,220
"S01012659",578,492,86
"S01012660",522,332,190
"S01012661",601,382,219
"S01012662",647,366,281
"S01012663",559,380,179
"S01012664",641,416,225
"S01012665",593,296,297
"S01012666",607,317,290
"S01012667",463,260,203
"S01012668",587,345,242
"S01012669",633,452,181
"S01012670",562,384,178
"S01012671",624,366,258
"S01012672",347,172,175
"S01012673",511,272,239
"S01012674",448,206,242
"S01012675",591,334,257
"S01012676",569,385,184
"S01012677",345,213,132
"S01012678",580,463,117
"S01012679",524,296,228
"S01012680",190,121,69
"S01012681",405,288,117
"S01012682",483,322,161
"S01012683",566,364,202
"S01012684",479,348,131
"S01012685",510,324,186
"S01012686",637,439,198
"S01012687",483,294,189
"S01012688",597,385,212
"S01012689",407,253,154
"S01012690",405,300,105
"S01012691",515,355,160
"S01012692",485,344,141
"S01012693",707,533,174
"S01012694",356,257,99
"S01012695",699,454,245
"S01012696",496,359,137
"S01012697",389,299,90
"S01012698",752,535,217
"S01012699",857,581,276
"S01012700",639,440,199
"S01012701",586,405,181
"S01012702",230,135,95
"S01012703",430,330,100
"S01012704",516,307,209
"S01012705",526,440,86
"S01012706",512,322,190
"S01012707",759,610,149
"S01012708",704,399,305
"S01012709",466,277,189
"S01012710",508,304,204
"S01012711",593,327,266
"S01012712",803,517,286
"S01012713",528,322,206
"S01012714",522,328,194
"S01012715",531,318,213
"S01012716",688,449,239
"S01012717",588,381,207
"S01012718",555,365,190
"S01012719",508,335,173
"S01012720",366,267,99
"S01012721",540,346,194
"S01012722",585,286,299
"S01012723",548,295,253
"S01012724",581,345,236
"S01012725",633,417,216
"S01012726",444,229,215
"S01012727",552,282,270
"S01012728",601,310,291
"S01012729",627,457,170
"S01012730",614,392,222
"S01012731",468,258,210
"S01012732",676,427,249
"S01012735",502,300,202
"S01012736",748,543,205
"S01012737",585,433,152
"S01012738",469,281,188
"S01012741",536,459,77
"S01012742",614,463,151
"S01012743",512,364,148
"S01012744",604,500,104
"S01012745",526,364,162
"S01012746",544,422,122
"S01012747",693,435,258
"S01012748",635,313,322
"S01012749",619,354,265
"S01012750",509,314,195
"S01012751",702,332,370
"S01012752",522,311,211
"S01012753",309,167,142
"S01012754",455,273,182
"S01012755",350,170,180
"S01012756",385,203,182
"S01012757",397,218,179
"S01012758",492,291,201
"S01012759",574,337,237
"S01012760",675,328,347
"S01012761",635,388,247
"S01012762",608,384,224
"S01012763",486,297,189
"S01012764",483,291,192
"S01012765",546,367,179
"S01012766",314,158,156
"S01012767",665,497,168
"S01012768",556,420,136
"S01012769",93,76,17
"S01012770",580,371,209
"S01012771",578,355,223
"S01012772",578,336,242
"S01012773",810,508,302
"S01012774",699,425,274
"S01012775",361,210,151
"S01012776",676,410,266
"S01012777",320,233,87
"S01012778",210,125,85
"S01012779",376,226,150
"S01012780",473,241,232
"S01012781",482,342,140
"S01012782",520,279,241
"S01012783",599,324,275
"S01012784",439,194,245
"S01012785",525,261,264
"S01012786",342,140,202
"S01012787",291,155,136
"S01012788",484,266,218
"S01012789",471,296,175
"S01012790",264,173,91
"S01012791",768,504,264
"S01012792",695,425,270
"S01012793",510,283,227
"S01012794",193,131,62
"S01012795",853,402,451
"S01012796",161,86,75
"S01012797",461,241,220
"S01012798",625,407,218
"S01012799",595,397,198
"S01012800",500,358,142
"S01012801",68,51,17
"S01012802",412,277,135
"S01012803",609,474,135
"S01012804",578,347,231
"S01012805",693,399,294
"S01012806",678,373,305
"S01012807",376,260,116
"S01012808",770,507,263
"S01012809",498,365,133
"S01012810",524,315,209
"S01012811",643,407,236
"S01012812",520,383,137
"S01012813",635,417,218
"S01012814",573,481,92
"S01012815",209,185,24
"S01012816",266,211,55
"S01012817",144,128,16
"S01012818",430,342,88
"S01012819",622,331,291
"S01012820",618,483,135
"S01012822",229,109,120
"S01012823",380,302,78
"S01012824",358,229,129
"S01012825",329,186,143
"S01012826",122,59,63
"S01012827",80,46,34
"S01012828",438,328,110
"S01012829",575,275,300
"S01012830",442,258,184
"S01012831",503,268,235
"S01012832",395,224,171
"S01012833",564,257,307
"S01012834",372,208,164
"S01012835",776,411,365
"S01012837",551,297,254
"S01012838",632,309,323
"S01012839",618,492,126
"S01012840",204,168,36
"S01012841",537,402,135
"S01012842",466,364,102
"S01012843",711,514,197
"S01012844",560,421,139
"S01012845",537,371,166
"S01012846",639,318,321
"S01012847",443,295,148
"S01012848",286,189,97
"S01012849",341,169,172
"S01012850",673,340,333
"S01012851",632,358,274
"S01012852",623,439,184
"S01012853",590,383,207
"S01012854",580,444,136
"S01012855",464,365,99
"S01012856",481,250,231
"S01012857",588,269,319
"S01012858",496,299,197
"S01012859",573,388,185
"S01012860",653,422,231
"S01012861",503,360,143
"S01012862",375,180,195
"S01012863",511,295,216
"S01012864",612,323,289
"S01012865",574,319,255
"S01012866",629,420,209
"S01012867",611,258,353
"S01012868",486,257,229
"S01012869",417,175,242
"S01012870",745,465,280
"S01012871",697,486,211
"S01012872",711,524,187
"S01012873",579,446,133
"S01012874",586,321,265
"S01012875",386,209,177
"S01012876",617,283,334
"S01012877",613,306,307
"S01012878",734,557,177
"S01012879",463,328,135
"S01012880",633,411,222
"S01012881",515,302,213
"S01012882",492,288,204
"S01012883",489,214,275
"S01012884",355,192,163
"S01012885",405,222,183
"S01012886",689,440,249
"S01012887",576,362,214
"S01012888",612,395,217
"S01012889",407,277,130
"S01012890",457,268,189
"S01012891",337,154,183
"S01012892",856,439,417
"S01012893",528,278,250
"S01012894",172,140,32
"S01012895",205,154,51
"S01012896",753,466,287
"S01012897",392,288,104
"S01012899",548,359,189
"S01012900",709,472,237
"S01012901",597,431,166
"S01012902",605,426,179
"S01012903",704,463,241
"S01012904",646,433,213
"S01012905",339,216,123
"S01012906",881,627,254
"S01012907",559,331,228
"S01012908",554,318,236
"S01012909",456,307,149
"S01012910",648,372,276
"S01012911",588,367,221
"S01012912",625,357,268
"S01012913",589,372,217
"S01012914",527,327,200
"S01012915",469,305,164
"S01012916",547,363,184
"S01012917",574,409,165
"S01012918",497,296,201
"S01012919",378,232,146
"S01012920",448,311,137
"S01012921",466,306,160
"S01012922",581,385,196
"S01012923",582,417,165
"S01012924",460,331,129
"S01012925",424,310,114
"S01012926",596,460,136
"S01012927",623,451,172
"S01012928",545,379,166
"S01012929",604,389,215
"S01012930",580,314,266
"S01012931",631,377,254
"S01012932",531,386,145
"S01012933",605,388,217
"S01012934",566,314,252
"S01012935",624,377,247
"S01012936",477,308,169
"S01012937",539,373,166
"S01012938",416,303,113
"S01012939",453,345,108
"S01012940",573,447,126
"S01012941",441,361,80
"S01012942",574,328,246
"S01012943",569,435,134
"S01012944",411,308,103
"S01012945",514,422,92
"S01012946",558,457,101
"S01012947",347,297,50
"S01012948",464,372,92
"S01012949",706,567,139
"S01012950",438,369,69
"S01012952",457,283,174
"S01012953",532,421,111
"S01012954",381,307,74
"S01012955",186,118,68
"S01012956",733,459,274
"S01012957",508,313,195
"S01012958",381,281,100
"S01012959",466,385,81
"S01012960",488,338,150
"S01012961",402,337,65
"S01012962",536,420,116
"S01012963",385,303,82
"S01012964",115,98,17
"S01012965",355,298,57
"S01012966",563,450,113
"S01012967",481,356,125
"S01012968",563,401,162
"S01012969",578,406,172
"S01012970",494,334,160
"S01012971",607,420,187
"S01012972",496,330,166
"S01012973",649,453,196
"S01012974",739,474,265
"S01012975",476,327,149
"S01012976",337,221,116
"S01012977",573,419,154
"S01012978",783,544,239
"S01012979",447,319,128
"S01012980",528,368,160
"S01012981",574,360,214
"S01012982",668,489,179
"S01012983",616,413,203
"S01012984",509,317,192
"S01012985",639,452,187
"S01012986",589,353,236
"S01012987",632,401,231
"S01012988",589,346,243
"S01012989",768,484,284
"S01012990",456,299,157
"S01012991",601,371,230
"S01012992",574,326,248
"S01012993",564,321,243
"S01012994",649,425,224
"S01012995",681,508,173
"S01012996",523,373,150
"S01012997",384,261,123
"S01012998",587,353,234
"S01012999",372,244,128
"S01013000",555,329,226
"S01013001",236,161,75
"S01013002",384,260,124
"S01013003",407,255,152
"S01013004",564,422,142
"S01013005",568,372,196
"S01013006",525,348,177
"S01013007",773,513,260
"S01013008",350,216,134
"S01013009",370,227,143
"S01013010",354,238,116
"S01013011",189,135,54
"S01013012",319,233,86
"S01013013",655,458,197
"S01013014",533,359,174
"S01013015",540,359,181
"S01013016",415,307,108
"S01013017",549,388,161
"S01013018",664,473,191
"S01013019",551,409,142
"S01013020",339,199,140
"S01013021",346,237,109
"S01013022",77,55,22
"S01013023",642,443,199
"S01013024",471,342,129
"S01013025",248,178,70
"S01013026",376,211,165
"S01013027",781,464,317
"S01013028",522,378,144
"S01013029",525,281,244
"S01013030",369,208,161
"S01013031",516,336,180
"S01013032",276,243,33
"S01013033",390,286,104
"S01013034",493,289,204
"S01013035",613,353,260
"S01013036",560,348,212
"S01013037",568,450,118
"S01013038",685,431,254
"S01013039",417,351,66
"S01013040",508,346,162
"S01013041",432,299,133
"S01013042",448,317,131
"S01013043",513,303,210
"S01013044",620,396,224
"S01013045",395,270,125
"S01013046",424,273,151
"S01013047",696,587,109
"S01013048",701,593,108
"S01013049",663,506,157
"S01013050",614,400,214
"S01013051",662,378,284
"S01013052",473,257,216
"S01013053",465,236,229
"S01013054",668,440,228
"S01013055",470,259,211
"S01013056",696,375,321
"S01013057",731,450,281
"S01013058",194,159,35
"S01013059",514,301,213
"S01013060",300,185,115
"S01013061",708,401,307
"S01013062",511,348,163
"S01013063",558,379,179
"S01013064",582,363,219
"S01013065",641,380,261
"S01013066",451,318,133
"S01013067",636,474,162
"S01013068",507,299,208
"S01013069",539,356,183
"S01013070",422,246,176
"S01013071",832,540,292
"S01013072",420,205,215
"S01013073",426,172,254
"S01013074",409,220,189
"S01013075",750,347,403
"S01013076",477,243,234
"S01013077",552,315,237
"S01013078",323,183,140
"S01013079",215,103,112
"S01013080",420,236,184
"S01013081",440,292,148
"S01013082",705,522,183
"S01013083",909,468,441
"S01013084",553,378,175
"S01013085",485,229,256
"S01013086",609,408,201
"S01013087",738,429,309
"S01013088",679,450,229
"S01013089",577,389,188
"S01013090",536,427,109
"S01013091",203,124,79
"S01013092",438,300,138
"S01013093",446,305,141
"S01013094",502,335,167
"S01013095",492,358,134
"S01013096",339,188,151
"S01013097",557,432,125
"S01013099",636,444,192
"S01013100",428,247,181
"S01013101",730,466,264
"S01013102",471,320,151
"S01013103",587,461,126
"S01013104",721,497,224
"S01013105",648,433,215
"S01013106",560,393,167
"S01013107",511,371,140
"S01013108",456,297,159
"S01013109",672,436,236
"S01013110",574,426,148
"S01013111",320,211,109
"S01013112",297,221,76
"S01013113",596,387,209
"S01013114",517,354,163
"S01013115",311,211,100
"S01013116",728,497,231
"S01013117",231,171,60
"S01013118",736,544,192
"S01013119",595,371,224
"S01013120",674,478,196
"S01013121",296,220,76
"S01013122",478,240,238
"S01013123",587,399,188
"S01013124",567,373,194
"S01013125",628,416,212
"S01013126",513,297,216
"S01013127",529,289,240
"S01013128",471,350,121
"S01013129",637,374,263
"S01013130",514,302,212
"S01013131",523,342,181
"S01013132",389,234,155
"S01013133",423,198,225
"S01013134",619,384,235
"S01013135",591,355,236
"S01013136",742,442,300
"S01013137",594,335,259
"S01013138",519,296,223
"S01013139",664,346,318
"S01013140",647,361,286
"S01013141",510,277,233
"S01013142",536,193,343
"S01013143",668,424,244
"S01013144",712,409,303
"S01013145",610,322,288
"S01013146",292,148,144
"S01013147",539,342,197
"S01013148",567,380,187
"S01013149",582,376,206
"S01013150",625,393,232
"S01013151",440,307,133
"S01013152",402,263,139
"S01013153",573,294,279
"S01013154",676,422,254
"S01013155",658,425,233
"S01013156",597,342,255
"S01013157",616,371,245
"S01013158",653,471,182
"S01013159",735,545,190
"S01013160",367,292,75
"S01013161",730,472,258
"S01013162",658,360,298
"S01013163",571,454,117
"S01013164",729,421,308
"S01013165",576,368,208
"S01013166",336,186,150
"S01013167",559,316,243
"S01013168",851,467,384
"S01013169",529,264,265
"S01013170",400,224,176
"S01013171",535,390,145
"S01013172",594,403,191
"S01013173",644,502,142
"S01013174",604,498,106
"S01013175",624,482,142
"S01013176",606,408,198
"S01013177",484,350,134
"S01013178",401,262,139
"S01013179",866,584,282
"S01013180",374,306,68
"S01013181",574,367,207
"S01013182",547,281,266
"S01013183",669,484,185
"S01013184",421,236,185
"S01013185",616,364,252
"S01013186",575,352,223
"S01013187",490,278,212
"S01013188",730,508,222
"S01013189",354,219,135
"S01013190",574,347,227
"S01013191",581,430,151
"S01013192",671,439,232
"S01013193",439,307,132
"S01013194",501,376,125
"S01013195",631,446,185
"S01013196",492,397,95
"S01013197",467,317,150
"S01013198",694,393,301
"S01013199",659,422,237
"S01013200",607,373,234
"S01013201",502,230,272
"S01013202",468,263,205
"S01013203",513,346,167
"S01013204",674,495,179
"S01013205",306,181,125
"S01013206",574,320,254
"S01013207",688,446,242
"S01013208",500,324,176
"S01013209",566,329,237
"S01013210",516,398,118
"S01013211",701,484,217
"S01013212",243,212,31
"S01013213",425,352,73
"S01013214",318,267,51
"S01013215",824,643,181
"S01013216",476,342,134
"S01013217",551,381,170
"S01013218",470,309,161
"S01013219",488,313,175
"S01013220",523,309,214
"S01013221",674,440,234
"S01013222",328,160,168
"S01013223",588,311,277
"S01013224",637,411,226
"S01013225",509,246,263
"S01013226",150,91,59
"S01013227",505,287,218
"S01013228",628,446,182
"S01013229",618,382,236
"S01013230",555,339,216
"S01013231",556,356,200
"S01013232",627,325,302
"S01013233",426,279,147
"S01013235",609,412,197
"S01013236",712,450,262
"S01013237",577,407,170
"S01013238",578,302,276
"S01013239",661,346,315
"S01013240",376,184,192
"S01013241",738,531,207
"S01013242",480,358,122
"S01013243",575,354,221
"S01013244",579,377,202
"S01013245",663,442,221
"S01013246",256,161,95
"S01013247",533,305,228
"S01013248",478,258,220
"S01013249",380,243,137
"S01013250",590,440,150
"S01013251",410,229,181
"S01013252",534,357,177
"S01013253",520,376,144
"S01013254",493,283,210
"S01013255",483,320,163
"S01013256",390,238,152
"S01013257",434,273,161
"S01013258",598,466,132
"S01013259",669,459,210
"S01013260",798,533,265
"S01013261",532,338,194
"S01013262",471,284,187
"S01013263",223,170,53
"S01013264",203,176,27
"S01013265",246,202,44
"S01013266",217,186,31
"S01013267",458,303,155
"S01013268",620,456,164
"S01013269",761,610,151
"S01013270",485,416,69
"S01013271",409,289,120
"S01013272",440,356,84
"S01013273",462,395,67
"S01013274",666,553,113
"S01013275",565,470,95
"S01013276",453,404,49
"S01013277",718,506,212
"S01013278",508,335,173
"S01013279",536,352,184
"S01013280",488,344,144
"S01013281",721,502,219
"S01013282",582,404,178
"S01013283",385,277,108
"S01013284",519,444,75
"S01013285",502,410,92
"S01013286",547,462,85
"S01013287",571,482,89
"S01013288",518,369,149
"S01013289",529,417,112
"S01013290",643,505,138
"S01013291",453,374,79
"S01013292",526,420,106
"S01013293",550,460,90
"S01013294",519,415,104
"S01013295",628,530,98
"S01013296",563,357,206
"S01013297",418,301,117
"S01013298",682,436,246
"S01013299",667,432,235
"S01013300",415,266,149
"S01013301",391,273,118
"S01013302",519,401,118
"S01013303",771,546,225
"S01013304",567,385,182
"S01013305",662,433,229
"S01013306",608,379,229
"S01013307",714,484,230
"S01013308",286,189,97
"S01013309",427,350,77
"S01013310",437,292,145
"S01013311",502,383,119
"S01013312",897,593,304
"S01013313",491,341,150
"S01013314",614,422,192
"S01013316",554,427,127
"S01013317",410,329,81
"S01013318",426,359,67
"S01013319",316,248,68
"S01013320",622,559,63
"S01013321",347,208,139
"S01013322",533,394,139
"S01013323",656,448,208
"S01013324",496,328,168
"S01013325",455,250,205
"S01013326",386,249,137
"S01013327",531,362,169
"S01013328",459,301,158
"S01013329",437,265,172
"S01013330",580,452,128
"S01013331",436,373,63
"S01013332",536,377,159
"S01013333",459,385,74
"S01013334",555,407,148
"S01013335",672,460,212
"S01013336",657,451,206
"S01013337",641,477,164
"S01013338",161,120,41
"S01013339",484,398,86
"S01013340",647,544,103
"S01013341",484,375,109
"S01013342",536,309,227
"S01013343",454,319,135
"S01013344",419,264,155
"S01013345",616,446,170
"S01013346",503,430,73
"S01013347",516,439,77
"S01013348",508,422,86
"S01013349",144,102,42
"S01013350",310,242,68
"S01013351",626,473,153
"S01013352",699,530,169
"S01013353",502,354,148
"S01013354",438,301,137
"S01013355",461,334,127
"S01013356",452,312,140
"S01013357",309,229,80
"S01013358",482,322,160
"S01013359",492,299,193
"S01013360",540,318,222
"S01013361",413,246,167
"S01013362",376,214,162
"S01013363",540,320,220
"S01013364",457,307,150
"S01013365",913,726,187
"S01013366",560,472,88
"S01013367",434,339,95
"S01013368",399,284,115
"S01013369",645,407,238
"S01013370",429,271,158
"S01013371",519,263,256
"S01013372",672,398,274
"S01013373",703,419,284
"S01013374",647,354,293
"S01013375",539,327,212
"S01013376",407,253,154
"S01013377",628,400,228
"S01013378",644,457,187
"S01013379",734,544,190
"S01013380",443,328,115
"S01013381",468,314,154
"S01013382",137,102,35
"S01013383",532,292,240
"S01013384",465,283,182
"S01013385",413,313,100
"S01013386",513,412,101
"S01013387",444,260,184
"S01013388",505,314,191
"S01013389",623,478,145
"S01013390",284,203,81
"S01013391",659,502,157
"S01013392",62,33,29
"S01013393",376,228,148
"S01013394",531,327,204
"S01013395",428,235,193
"S01013396",94,46,48
"S01013397",514,356,158
"S01013398",113,96,17
"S01013399",271,158,113
"S01013400",450,300,150
"S01013401",198,156,42
"S01013404",63,36,27
"S01013405",546,342,204
"S01013406",498,300,198
"S01013407",424,242,182
"S01013408",589,349,240
"S01013409",600,413,187
"S01013410",85,50,35
"S01013411",410,297,113
"S01013412",526,351,175
"S01013413",395,274,121
"S01013414",492,318,174
"S01013415",451,250,201
"S01013416",448,250,198
"S01013417",577,360,217
"S01013418",363,248,115
"S01013419",392,296,96
"S01013420",336,259,77
"S01013421",327,270,57
"S01013422",542,387,155
"S01013423",591,446,145
"S01013424",405,327,78
"S01013425",287,220,67
"S01013426",609,395,214
"S01013427",224,183,41
"S01013428",430,279,151
"S01013429",194,112,82
"S01013430",311,204,107
"S01013431",785,517,268
"S01013432",488,337,151
"S01013433",496,359,137
"S01013434",359,264,95
"S01013435",480,395,85
"S01013436",532,371,161
"S01013437",440,310,130
"S01013438",434,303,131
"S01013439",745,529,216
"S01013440",801,584,217
"S01013441",510,358,152
"S01013442",606,480,126
"S01013443",370,273,97
"S01013444",648,419,229
"S01013445",415,279,136
"S01013446",541,371,170
"S01013447",345,286,59
"S01013448",571,404,167
"S01013449",515,416,99
"S01013450",480,402,78
"S01013451",627,526,101
"S01013452",564,429,135
"S01013453",534,330,204
"S01013454",534,406,128
"S01013455",394,276,118
"S01013456",582,409,173
"S01013457",651,419,232
"S01013458",593,438,155
"S01013459",567,369,198
"S01013460",640,390,250
"S01013461",605,425,180
"S01013462",644,534,110
"S01013463",133,96,37
"S01013464",575,385,190
"S01013465",586,425,161
"S01013466",400,258,142
"S01013467",311,219,92
"S01013468",350,213,137
"S01013469",695,487,208
"S01013470",574,383,191
"S01013471",645,472,173
"S01013472",199,170,29
"S01013473",110,100,10
"S01013474",231,199,32
"S01013475",525,392,133
"S01013476",500,368,132
"S01013477",414,273,141
"S01013478",538,379,159
"S01013479",582,372,210
"S01013480",500,293,207
"S01013481",277,189,88
