"dz_2011","total","active","inactive"
"S01006506",692,525,167
"S01006507",640,469,171
"S01006508",530,435,95
"S01006509",420,320,100
"S01006510",455,305,150
"S01006511",551,365,186
"S01006512",340,252,88
"S01006513",299,183,116
"S01006514",709,490,219
"S01006515",537,376,161
"S01006516",541,374,167
"S01006517",727,525,202
"S01006518",464,316,148
"S01006519",625,437,188
"S01006520",497,348,149
"S01006521",540,383,157
"S01006522",402,301,101
"S01006523",667,476,191
"S01006524",561,355,206
"S01006525",566,383,183
"S01006526",676,488,188
"S01006527",496,342,154
"S01006528",805,531,274
"S01006529",696,511,185
"S01006530",565,399,166
"S01006531",771,508,263
"S01006532",519,369,150
"S01006533",539,409,130
"S01006534",663,502,161
"S01006535",929,769,160
"S01006536",824,706,118
"S01006537",495,335,160
"S01006538",410,301,109
"S01006539",521,376,145
"S01006540",723,550,173
"S01006541",556,405,151
"S01006542",707,478,229
"S01006543",526,383,143
"S01006544",811,652,159
"S01006545",759,577,182
"S01006546",470,322,148
"S01006547",916,641,275
"S01006548",503,346,157
"S01006549",606,416,190
"S01006550",659,440,219
"S01006551",295,196,99
"S01006552",700,537,163
"S01006553",550,367,183
"S01006554",521,401,120
"S01006555",621,474,147
"S01006556",569,408,161
"S01006557",525,384,141
"S01006558",587,465,122
"S01006559",396,283,113
"S01006560",706,533,173
"S01006561",558,411,147
"S01006562",531,364,167
"S01006563",602,428,174
"S01006564",818,622,196
"S01006565",925,656,269
"S01006566",663,504,159
"S01006567",735,548,187
"S01006568",863,739,124
"S01006569",470,367,103
"S01006570",609,464,145
"S01006571",697,545,152
"S01006572",643,464,179
"S01006573",534,403,131
"S01006574",741,532,209
"S01006575",721,562,159
"S01006576",492,403,89
"S01006577",651,536,115
"S01006578",952,780,172
"S01006579",934,787,147
"S01006580",615,512,103
"S01006581",670,492,178
"S01006582",797,659,138
"S01006583",666,547,119
"S01006584",561,464,97
"S01006585",691,511,180
"S01006586",929,681,248
"S01006587",420,332,88
"S01006588",551,458,93
"S01006589",624,484,140
"S01006590",596,480,116
"S01006591",649,554,95
"S01006592",600,521,79
"S01006593",677,572,105
"S01006594",446,346,100
"S01006595",828,707,121
"S01006596",590,504,86
"S01006597",488,420,68
"S01006598",766,586,180
"S01006599",648,475,173
"S01006600",798,622,176
"S01006601",847,681,166
"S01006602",606,447,159
"S01006603",625,425,200
"S01006604",538,379,159
"S01006605",548,399,149
"S01006606",618,422,196
"S01006607",695,515,180
"S01006608",873,678,195
"S01006609",772,551,221
"S01006610",328,242,86
"S01006611",654,475,179
"S01006612",669,518,151
"S01006613",472,412,60
"S01006614",484,423,61
"S01006615",240,193,47
"S01006616",655,587,68
"S01006617",454,360,94
"S01006618",443,342,101
"S01006619",705,548,157
"S01006620",756,616,140
"S01006621",414,326,88
"S01006622",543,471,72
"S01006623",584,440,144
"S01006624",857,580,277
"S01006625",510,392,118
"S01006626",548,412,136
"S01006627",915,749,166
"S01006628",792,673,119
"S01006629",568,408,160
"S01006630",459,309,150
"S01006631",711,527,184
"S01006632",624,452,172
"S01006633",503,338,165
"S01006634",445,304,141
"S01006635",485,358,127
"S01006636",603,429,174
"S01006637",619,457,162
"S01006638",758,559,199
"S01006639",805,574,231
"S01006640",683,506,177
"S01006641",575,450,125
"S01006642",1306,771,535
"S01006643",701,528,173
"S01006644",893,642,251
"S01006645",547,387,160
"S01006646",995,605,390
"S01006647",477,346,131
"S01006648",1719,1096,623
"S01006649",1013,778,235
"S01006650",661,472,189
"S01006651",564,380,184
"S01006652",505,390,115
"S01006653",566,414,152
"S01006654",728,508,220
"S01006655",554,356,198
"S01006656",834,650,184
"S01006657",474,349,125
"S01006658",1018,734,284
"S01006659",566,354,212
"S01006660",357,241,116
"S01006661",660,416,244
"S01006662",797,446,351
"S01006663",512,315,197
"S01006664",201,134,67
"S01006665",655,406,249
"S01006666",1093,754,339
"S01006667",613,404,209
"S01006668",831,547,284
"S01006669",1101,519,582
"S01006670",839,543,296
"S01006671",2422,1080,1342
"S01006672",648,417,231
"S01006673",665,442,223
"S01006674",672,439,233
"S01006675",526,387,139
"S01006676",569,384,185
"S01006677",597,416,181
"S01006678",893,627,266
"S01006679",548,397,151
"S01006680",630,468,162
"S01006681",588,444,144
"S01006682",629,458,171
"S01006683",684,507,177
"S01006684",589,427,162
"S01006685",597,455,142
"S01006686",472,347,125
"S01006687",647,473,174
"S01006688",672,427,245
"S01006689",529,405,124
"S01006690",472,345,127
"S01006691",466,345,121
"S01006692",594,395,199
"S01006693",780,608,172
"S01006694",555,348,207
"S01006695",535,373,162
"S01006696",608,436,172
"S01006697",691,495,196
"S01006698",511,336,175
"S01006699",377,287,90
"S01006700",658,449,209
"S01006701",507,373,134
"S01006702",488,377,111
"S01006703",468,355,113
"S01006704",446,297,149
"S01006705",608,418,190
"S01006706",451,341,110
"S01006707",444,316,128
"S01006708",589,429,160
"S01006709",681,485,196
"S01006710",640,462,178
"S01006711",602,421,181
"S01006712",288,195,93
"S01006713",597,432,165
"S01006714",441,315,126
"S01006715",416,294,122
"S01006716",550,392,158
"S01006717",780,569,211
"S01006718",471,343,128
"S01006719",691,491,200
"S01006720",446,339,107
"S01006721",724,519,205
"S01006722",481,336,145
"S01006723",610,420,190
"S01006724",676,469,207
"S01006725",458,321,137
"S01006726",975,715,260
"S01006727",704,481,223
"S01006728",542,399,143
"S01006729",596,409,187
"S01006730",547,416,131
"S01006731",468,313,155
"S01006732",774,560,214
"S01006733",625,482,143
"S01006734",693,544,149
"S01006735",695,498,197
"S01006736",762,674,88
"S01006737",414,288,126
"S01006738",684,602,82
"S01006739",510,427,83
"S01006740",557,417,140
"S01006741",496,321,175
"S01006742",328,217,111
"S01006743",422,325,97
"S01006744",498,401,97
"S01006745",601,428,173
"S01006746",592,451,141
"S01006747",621,424,197
"S01006748",701,499,202
"S01006749",702,535,167
"S01006750",539,373,166
"S01006751",279,202,77
"S01006752",521,362,159
"S01006753",706,506,200
"S01006754",745,507,238
"S01006755",627,501,126
"S01006756",647,518,129
"S01006757",707,585,122
"S01006758",575,469,106
"S01006759",363,289,74
"S01006760",320,271,49
"S01006761",584,456,128
"S01006762",665,485,180
"S01006763",478,419,59
"S01006764",656,559,97
"S01006765",487,414,73
"S01006766",487,395,92
"S01006767",544,437,107
"S01006768",495,386,109
"S01006769",684,533,151
"S01006770",609,449,160
"S01006771",196,157,39
"S01006772",683,560,123
"S01006773",697,547,150
"S01006774",534,432,102
"S01006775",509,388,121
"S01006776",283,210,73
"S01006777",534,390,144
"S01006778",525,383,142
"S01006779",507,382,125
"S01006780",431,327,104
"S01006781",543,376,167
"S01006782",590,462,128
"S01006783",505,338,167
"S01006784",418,321,97
"S01006785",487,390,97
"S01006786",525,417,108
"S01006787",642,456,186
"S01006788",703,570,133
"S01006789",390,276,114
"S01006790",545,380,165
"S01006791",390,289,101
"S01006792",509,361,148
"S01006793",414,319,95
"S01006794",436,282,154
"S01006795",382,255,127
"S01006796",462,328,134
"S01006797",658,503,155
"S01006798",578,442,136
"S01006799",511,363,148
"S01006800",509,365,144
"S01006801",671,491,180
"S01006802",493,371,122
"S01006803",481,357,124
"S01006804",541,421,120
"S01006805",821,640,181
"S01006806",794,596,198
"S01006807",472,366,106
"S01006808",467,335,132
"S01006809",581,396,185
"S01006810",656,467,189
"S01006811",787,602,185
"S01006812",575,452,123
"S01006813",414,318,96
"S01006814",537,377,160
"S01006815",408,307,101
"S01006816",533,379,154
"S01006817",622,480,142
"S01006818",544,426,118
"S01006819",909,744,165
"S01006820",354,267,87
"S01006821",806,657,149
"S01006822",1393,1140,253
"S01006823",536,381,155
"S01006824",601,441,160
"S01006825",646,492,154
"S01006826",683,501,182
"S01006827",588,422,166
"S01006828",748,562,186
"S01006830",571,416,155
"S01006831",423,278,145
"S01006832",842,604,238
"S01006833",318,224,94
"S01006835",479,344,135
"S01006837",374,264,110
"S01006838",485,376,109
"S01006839",786,610,176
"S01006840",498,360,138
"S01006841",710,579,131
"S01006842",643,507,136
"S01006843",642,527,115
"S01006844",560,463,97
"S01006845",657,549,108
"S01006846",438,355,83
"S01006847",518,421,97
"S01006848",1134,856,278
"S01006849",295,261,34
"S01006850",743,628,115
"S01006851",589,446,143
"S01006852",468,355,113
"S01006853",639,483,156
"S01006854",342,247,95
"S01006855",624,467,157
"S01006856",483,384,99
"S01006857",1002,768,234
"S01006858",483,360,123
"S01006859",740,541,199
"S01006860",393,302,91
"S01006861",520,407,113
"S01006862",502,377,125
"S01006863",375,281,94
"S01006865",602,429,173
"S01006866",413,259,154
"S01006867",491,326,165
"S01006868",496,358,138
"S01006869",447,331,116
"S01006870",355,256,99
"S01006871",410,300,110
"S01006872",983,744,239
"S01006873",788,530,258
"S01006874",447,342,105
"S01006875",208,160,48
"S01006876",702,553,149
"S01006877",703,550,153
"S01006878",520,395,125
"S01006879",853,627,226
"S01006880",443,359,84
"S01006881",430,333,97
"S01006882",155,113,42
"S01006883",329,250,79
"S01006884",536,400,136
"S01006885",472,344,128
"S01006886",575,425,150
"S01006887",526,398,128
"S01006888",596,453,143
"S01006889",624,440,184
"S01006890",487,378,109
"S01006891",474,370,104
"S01006892",367,266,101
"S01006893",231,172,59
"S01006894",718,491,227
"S01006895",411,323,88
"S01006896",606,459,147
"S01006897",572,442,130
"S01006898",559,443,116
"S01006899",462,394,68
"S01006900",467,379,88
"S01006901",460,361,99
"S01006902",502,383,119
"S01006903",587,444,143
"S01006904",491,376,115
"S01006905",645,448,197
"S01006906",582,407,175
"S01006907",418,337,81
"S01006908",618,468,150
"S01006910",1134,886,248
"S01006912",628,506,122
"S01006913",1180,1004,176
"S01006914",557,460,97
"S01006915",609,482,127
"S01006916",111,90,21
"S01006917",956,815,141
"S01006918",255,190,65
"S01006919",280,185,95
"S01006920",125,85,40
"S01006921",396,321,75
"S01006922",237,178,59
"S01006923",825,654,171
"S01006924",771,611,160
"S01006925",477,355,122
"S01006926",95,83,12
"S01006928",1818,1544,274
"S01006929",623,479,144
"S01006930",719,546,173
"S01006931",1346,1145,201
"S01006932",531,435,96
"S01006933",474,394,80
"S01006934",448,321,127
"S01006935",535,400,135
"S01006936",441,328,113
"S01006937",565,457,108
"S01006938",382,309,73
"S01006939",383,291,92
"S01006940",743,564,179
"S01006941",497,373,124
"S01006942",793,616,177
"S01006945",409,305,104
"S01006946",760,621,139
"S01006947",367,332,35
"S01006948",657,489,168
"S01006949",489,386,103
"S01006951",361,303,58
"S01006952",613,450,163
"S01006953",638,505,133
"S01006954",933,768,165
"S01006955",673,548,125
"S01006956",298,246,52
"S01006957",1158,976,182
"S01006958",568,393,175
"S01006959",484,337,147
"S01006960",63,52,11
"S01006962",680,492,188
"S01006963",435,330,105
"S01006964",495,387,108
"S01006965",374,268,106
"S01006966",444,347,97
"S01006967",546,442,104
"S01006968",345,264,81
"S01006969",692,530,162
"S01006970",476,360,116
"S01006971",292,209,83
"S01006972",406,321,85
"S01006973",617,455,162
"S01006974",596,477,119
"S01006975",740,600,140
"S01006976",501,395,106
"S01006977",2194,1811,383
"S01006978",656,487,169
"S01006979",530,395,135
"S01006980",736,565,171
"S01006981",621,500,121
"S01006982",640,526,114
"S01006983",560,441,119
"S01006984",646,526,120
"S01006985",755,573,182
"S01006986",468,379,89
"S01006987",482,350,132
"S01006988",442,360,82
"S01006989",643,504,139
"S01006990",642,537,105
"S01006991",307,212,95
"S01006992",487,365,122
"S01006993",414,317,97
"S01006994",471,359,112
"S01006995",987,793,194
"S01006996",330,263,67
"S01006997",575,477,98
"S01006998",911,718,193
"S01006999",659,517,142
"S01007000",610,467,143
"S01007001",668,483,185
"S01007002",534,393,141
"S01007003",391,310,81
"S01007004",550,414,136
"S01007005",682,536,146
"S01007006",675,480,195
"S01007007",632,472,160
"S01007008",616,444,172
"S01007009",766,545,221
"S01007010",535,379,156
"S01007011",599,444,155
"S01007012",504,337,167
"S01007013",868,608,260
"S01007014",851,675,176
"S01007015",478,363,115
"S01007016",465,364,101
"S01007017",597,444,153
"S01007018",690,496,194
"S01007019",500,351,149
"S01007020",488,364,124
"S01007021",548,392,156
"S01007022",85,49,36
"S01007023",557,384,173
"S01007024",766,538,228
"S01007025",443,295,148
"S01007026",558,352,206
"S01007027",702,480,222
"S01007028",749,538,211
"S01007029",542,373,169
"S01007030",535,375,160
"S01007031",418,286,132
"S01007032",807,550,257
"S01007033",548,380,168
"S01007034",356,258,98
"S01007035",578,387,191
"S01007036",527,338,189
"S01007037",675,481,194
"S01007038",722,523,199
"S01007039",537,374,163
"S01007040",466,323,143
"S01007041",295,218,77
"S01007042",286,203,83
"S01007043",1041,780,261
"S01007044",396,249,147
"S01007045",740,522,218
"S01007046",472,325,147
"S01007047",581,418,163
"S01007048",954,697,257
"S01007049",639,446,193
"S01007050",343,230,113
"S01007051",570,434,136
"S01007052",442,318,124
"S01007053",289,211,78
"S01007054",569,414,155
"S01007055",526,406,120
"S01007056",706,540,166
"S01007057",258,175,83
"S01007058",401,268,133
"S01007059",764,539,225
"S01007060",422,283,139
"S01007061",711,572,139
"S01007062",539,419,120
"S01007063",450,323,127
"S01007064",548,427,121
"S01007065",566,425,141
"S01007066",853,634,219
"S01007067",451,334,117
"S01007068",417,291,126
"S01007069",663,476,187
"S01007070",332,246,86
"S01007071",307,231,76
"S01007072",493,398,95
"S01007073",812,507,305
"S01007074",475,361,114
"S01007075",396,286,110
"S01007076",721,549,172
"S01007077",522,378,144
"S01007078",642,435,207
"S01007079",726,486,240
"S01007080",625,429,196
"S01007081",690,499,191
"S01007082",410,298,112
"S01007083",628,382,246
"S01007084",504,345,159
"S01007085",699,541,158
"S01007086",941,693,248
"S01007087",472,371,101
"S01007088",408,263,145
"S01007089",1277,972,305
"S01007090",414,345,69
"S01007092",449,308,141
"S01007093",749,549,200
"S01007094",679,493,186
"S01007095",544,372,172
"S01007096",602,474,128
"S01007097",372,289,83
"S01007098",320,211,109
"S01007099",649,503,146
"S01007100",561,403,158
"S01007101",452,307,145
"S01007102",712,509,203
"S01007103",399,289,110
"S01007104",887,598,289
"S01007105",317,211,106
"S01007106",445,283,162
"S01007107",375,277,98
"S01007108",1077,795,282
"S01007109",342,212,130
"S01007110",485,348,137
"S01007111",349,233,116
"S01007112",486,328,158
"S01007113",350,238,112
"S01007114",659,463,196
"S01007115",450,303,147
"S01007116",441,328,113
"S01007117",364,252,112
"S01007118",516,364,152
"S01007119",625,422,203
"S01007120",728,476,252
"S01007121",355,226,129
"S01007122",453,310,143
"S01007123",468,326,142
"S01007124",666,499,167
"S01007125",756,530,226
"S01007126",681,452,229
"S01007127",647,492,155
"S01007128",618,391,227
"S01007129",698,514,184
"S01007130",456,326,130
"S01007131",576,416,160
"S01007132",517,370,147
"S01007133",515,379,136
"S01007134",542,407,135
"S01007135",395,291,104
"S01007136",384,292,92
"S01007137",265,227,38
"S01007138",692,545,147
"S01007139",568,412,156
"S01007140",783,522,261
"S01007141",909,679,230
"S01007144",1458,1090,368
"S01007145",635,412,223
"S01007146",597,401,196
"S01007147",458,306,152
"S01007148",414,289,125
"S01007149",524,331,193
"S01007150",500,289,211
"S01007151",542,396,146
"S01007152",473,314,159
"S01007153",456,303,153
"S01007154",513,349,164
"S01007155",382,266,116
"S01007156",452,320,132
"S01007157",352,274,78
"S01007158",698,535,163
"S01007159",621,430,191
"S01007160",496,313,183
"S01007161",519,347,172
"S01007162",365,254,111
"S01007163",642,411,231
"S01007164",419,277,142
"S01007165",578,405,173
"S01007166",487,316,171
"S01007167",589,380,209
"S01007168",746,516,230
"S01007169",456,335,121
"S01007170",514,383,131
"S01007171",623,478,145
"S01007172",912,618,294
"S01007173",410,320,90
"S01007174",609,455,154
"S01007175",438,279,159
"S01007176",501,339,162
"S01007177",458,298,160
"S01007178",769,516,253
"S01007179",754,510,244
"S01007180",521,330,191
"S01007181",607,371,236
"S01007182",785,530,255
"S01007183",788,527,261
"S01007184",810,551,259
"S01007185",552,350,202
"S01007186",463,308,155
"S01007187",614,419,195
"S01007188",473,347,126
"S01007189",530,346,184
"S01007190",595,360,235
"S01007191",456,335,121
"S01007192",451,305,146
"S01007193",558,375,183
"S01007194",432,277,155
"S01007195",400,258,142
"S01007196",522,368,154
"S01007197",506,356,150
"S01007198",306,209,97
"S01007199",573,364,209
"S01007200",667,474,193
"S01007201",557,352,205
"S01007202",571,384,187
"S01007203",485,342,143
"S01007204",778,532,246
"S01007205",543,352,191
"S01007206",226,154,72
"S01007207",741,513,228
"S01007208",822,583,239
"S01007209",535,379,156
"S01007210",472,340,132
"S01007211",554,349,205
"S01007212",591,403,188
"S01007213",583,376,207
"S01007214",544,355,189
"S01007215",654,459,195
"S01007216",524,370,154
"S01007217",880,604,276
"S01007218",479,320,159
"S01007219",617,405,212
"S01007220",511,363,148
"S01007221",408,278,130
"S01007222",604,417,187
"S01007223",366,280,86
"S01007224",420,284,136
"S01007225",735,529,206
"S01007226",642,486,156
"S01007227",635,424,211
"S01007228",480,343,137
"S01007229",840,625,215
"S01007230",536,364,172
"S01007231",491,311,180
"S01007232",530,350,180
"S01007233",596,424,172
"S01007234",431,297,134
"S01007235",572,393,179
"S01007236",452,333,119
"S01007237",526,371,155
"S01007238",696,487,209
"S01007239",600,369,231
"S01007240",440,305,135
"S01007241",507,373,134
"S01007242",727,492,235
"S01007243",459,310,149
"S01007244",569,368,201
"S01007245",500,362,138
"S01007246",679,493,186
"S01007247",485,349,136
"S01007248",447,279,168
"S01007249",297,186,111
"S01007250",627,487,140
"S01007251",342,246,96
"S01007252",557,396,161
"S01007253",516,343,173
"S01007254",574,376,198
"S01007255",562,413,149
"S01007256",563,427,136
"S01007257",450,313,137
"S01007258",519,336,183
"S01007259",699,493,206
"S01007260",663,488,175
"S01007261",603,396,207
"S01007262",533,385,148
"S01007263",580,392,188
"S01007264",544,363,181
"S01007265",761,551,210
"S01007266",511,378,133
"S01007267",402,307,95
"S01007268",461,331,130
"S01007269",387,250,137
"S01007270",446,350,96
"S01007271",602,418,184
"S01007272",727,501,226
"S01007273",496,338,158
"S01007274",602,432,170
"S01007275",398,261,137
"S01007276",604,415,189
"S01007277",460,296,164
"S01007278",391,269,122
"S01007279",421,316,105
"S01007280",426,304,122
"S01007281",766,520,246
"S01007282",406,309,97
"S01007283",687,404,283
"S01007284",601,417,184
"S01007285",670,461,209
"S01007286",676,496,180
"S01007287",408,308,100
"S01007288",336,228,108
"S01007289",626,455,171
"S01007290",535,423,112
"S01007291",375,259,116
"S01007292",593,437,156
"S01007293",547,446,101
"S01007294",594,434,160
"S01007295",370,254,116
"S01007296",464,349,115
"S01007297",728,563,165
"S01007298",395,293,102
"S01007299",650,520,130
"S01007300",355,282,73
"S01007301",424,293,131
"S01007302",465,343,122
"S01007303",658,474,184
"S01007304",501,336,165
"S01007305",544,402,142
"S01007306",551,388,163
"S01007307",691,486,205
"S01007308",628,434,194
"S01007309",505,360,145
"S01007310",549,350,199
"S01007311",592,471,121
"S01007312",543,366,177
"S01007313",753,525,228
"S01007314",493,383,110
"S01007315",586,449,137
"S01007316",648,427,221
"S01007317",490,374,116
"S01007318",439,315,124
"S01007319",546,395,151
"S01007320",557,396,161
"S01007321",482,325,157
"S01007322",552,389,163
"S01007323",342,264,78
"S01007324",258,179,79
"S01007325",599,405,194
"S01007326",896,615,281
"S01007327",455,311,144
"S01007328",437,314,123
"S01007329",507,358,149
"S01007330",625,398,227
"S01007331",831,603,228
"S01007332",304,200,104
"S01007333",520,347,173
"S01007334",509,326,183
"S01007335",517,334,183
"S01007336",307,215,92
"S01007337",393,257,136
"S01007338",554,383,171
"S01007339",468,292,176
"S01007340",349,199,150
"S01007341",538,292,246
"S01007342",622,381,241
"S01007343",523,354,169
"S01007344",206,122,84
"S01007345",361,244,117
"S01007346",529,325,204
"S01007347",475,262,213
"S01007348",422,274,148
"S01007349",316,203,113
"S01007350",414,269,145
"S01007351",467,278,189
"S01007352",411,261,150
"S01007353",631,374,257
"S01007354",534,308,226
"S01007355",1568,998,570
"S01007356",552,318,234
"S01007357",573,384,189
"S01007358",712,531,181
"S01007359",71,36,35
"S01007360",424,234,190
"S01007361",733,473,260
"S01007362",526,346,180
"S01007363",497,282,215
"S01007364",633,403,230
"S01007365",257,176,81
"S01007366",328,173,155
"S01007367",420,270,150
"S01007368",219,143,76
"S01007369",494,325,169
"S01007370",588,431,157
"S01007371",508,368,140
"S01007372",501,327,174
"S01007373",473,278,195
"S01007374",408,285,123
"S01007375",354,221,133
"S01007376",631,415,216
"S01007377",507,354,153
"S01007378",1330,1179,151
"S01007379",338,234,104
"S01007380",425,314,111
"S01007381",256,160,96
"S01007382",494,335,159
"S01007383",571,366,205
"S01007384",557,417,140
"S01007385",611,382,229
"S01007386",599,366,233
"S01007387",600,375,225
"S01007388",530,366,164
"S01007389",454,354,100
"S01007390",291,215,76
"S01007391",510,340,170
"S01007392",279,174,105
"S01007393",541,308,233
"S01007394",429,260,169
"S01007395",554,386,168
"S01007396",614,408,206
"S01007397",698,452,246
"S01007398",611,413,198
"S01007399",366,228,138
"S01007400",522,360,162
"S01007401",514,371,143
"S01007402",458,318,140
"S01007403",534,433,101
"S01007404",413,285,128
"S01007405",505,371,134
"S01007406",458,306,152
"S01007407",516,353,163
"S01007408",443,311,132
"S01007409",472,345,127
"S01007410",502,299,203
"S01007411",639,410,229
"S01007412",348,230,118
"S01007413",704,563,141
"S01007414",512,409,103
"S01007415",634,413,221
"S01007416",411,245,166
"S01007418",281,197,84
"S01007419",602,399,203
"S01007420",3311,2220,1091
"S01007421",163,110,53
"S01007422",429,298,131
"S01007423",279,190,89
"S01007424",510,338,172
"S01007425",720,490,230
"S01007426",430,286,144
"S01007427",496,312,184
"S01007428",660,456,204
"S01007429",563,422,141
"S01007430",355,237,118
"S01007431",448,323,125
"S01007432",661,414,247
"S01007433",605,389,216
"S01007434",384,261,123
"S01007435",532,376,156
"S01007436",504,334,170
"S01007437",338,232,106
"S01007438",520,347,173
"S01007439",547,352,195
"S01007440",481,332,149
"S01007441",439,303,136
"S01007442",382,256,126
"S01007443",649,377,272
"S01007444",657,424,233
"S01007445",472,296,176
"S01007446",382,264,118
"S01007447",384,246,138
"S01007448",674,449,225
"S01007449",673,447,226
"S01007450",536,363,173
"S01007451",477,329,148
"S01007452",929,674,255
"S01007454",399,279,120
"S01007455",639,427,212
"S01007456",624,428,196
"S01007457",796,551,245
"S01007458",286,210,76
"S01007459",573,390,183
"S01007460",568,364,204
"S01007461",529,324,205
"S01007462",626,462,164
"S01007463",698,416,282
"S01007464",497,286,211
"S01007465",567,324,243
"S01007466",736,453,283
"S01007467",720,469,251
"S01007468",578,427,151
"S01007469",434,311,123
"S01007470",492,317,175
"S01007471",252,201,51
"S01007472",507,319,188
"S01007473",339,226,113
"S01007474",249,179,70
"S01007475",199,122,77
"S01007476",636,420,216
"S01007477",403,289,114
"S01007478",649,474,175
"S01007479",235,167,68
"S01007480",331,270,61
"S01007481",524,301,223
"S01007482",255,150,105
"S01007483",574,402,172
"S01007484",486,321,165
"S01007485",336,210,126
"S01007486",353,193,160
"S01007487",692,448,244
"S01007488",756,532,224
"S01007489",542,373,169
"S01007490",650,393,257
"S01007491",683,493,190
"S01007492",536,357,179
"S01007493",623,429,194
"S01007494",404,255,149
"S01007495",712,500,212
"S01007496",889,549,340
"S01007497",439,272,167
"S01007498",704,441,263
"S01007499",635,442,193
"S01007500",448,259,189
"S01007501",528,292,236
"S01007502",393,254,139
"S01007503",758,479,279
"S01007504",523,348,175
"S01007505",410,275,135
"S01007506",369,234,135
"S01007507",669,431,238
"S01007508",545,348,197
"S01007509",479,310,169
"S01007510",723,411,312
"S01007511",612,346,266
"S01007512",330,205,125
"S01007513",691,452,239
"S01007514",399,274,125
"S01007515",422,260,162
"S01007516",424,299,125
"S01007517",246,136,110
"S01007518",611,390,221
"S01007519",407,250,157
"S01007520",706,428,278
"S01007521",437,268,169
"S01007522",583,386,197
"S01007523",404,272,132
"S01007524",721,490,231
"S01007525",375,249,126
"S01007526",521,309,212
"S01007527",582,394,188
"S01007528",544,392,152
"S01007529",476,284,192
"S01007530",392,270,122
"S01007531",518,338,180
"S01007532",438,300,138
"S01007533",708,474,234
"S01007534",557,361,196
"S01007535",498,318,180
"S01007536",675,480,195
"S01007537",612,401,211
"S01007538",827,594,233
"S01007539",454,289,165
"S01007540",604,384,220
"S01007541",589,392,197
"S01007542",573,418,155
"S01007543",811,561,250
"S01007544",852,513,339
"S01007545",798,540,258
"S01007546",416,297,119
"S01007547",425,314,111
"S01007548",326,218,108
"S01007549",442,272,170
"S01007550",650,380,270
"S01007551",688,452,236
"S01007552",735,461,274
"S01007553",607,346,261
"S01007554",334,158,176
"S01007555",379,257,122
"S01007556",345,226,119
"S01007557",810,512,298
"S01007558",339,201,138
"S01007559",699,505,194
"S01007560",483,326,157
"S01007561",375,234,141
"S01007562",702,465,237
"S01007563",565,373,192
"S01007564",580,401,179
"S01007565",840,558,282
"S01007566",565,370,195
"S01007567",578,436,142
"S01007568",508,353,155
"S01007569",930,653,277
"S01007570",607,427,180
"S01007571",413,299,114
"S01007572",1281,998,283
"S01007574",805,546,259
"S01007575",535,327,208
"S01007576",498,318,180
"S01007577",437,272,165
"S01007578",494,324,170
"S01007579",456,328,128
"S01007580",586,388,198
"S01007581",368,241,127
"S01007582",486,338,148
"S01007583",755,490,265
"S01007584",435,328,107
"S01007585",640,433,207
"S01007586",611,421,190
"S01007587",618,352,266
"S01007588",492,338,154
"S01007589",610,450,160
"S01007590",449,294,155
"S01007591",452,336,116
"S01007592",625,439,186
"S01007593",783,517,266
"S01007594",732,524,208
"S01007595",811,580,231
"S01007596",292,165,127
"S01007597",487,343,144
"S01007598",501,351,150
"S01007599",641,455,186
"S01007600",710,461,249
"S01007601",503,421,82
"S01007602",501,383,118
"S01007603",616,502,114
"S01007604",666,466,200
"S01007605",728,521,207
"S01007606",383,275,108
"S01007607",536,402,134
"S01007608",566,414,152
"S01007609",683,467,216
"S01007610",356,243,113
"S01007611",683,431,252
"S01007612",861,617,244
"S01007613",648,472,176
"S01007614",310,209,101
"S01007615",740,533,207
"S01007616",492,367,125
"S01007617",401,276,125
"S01007618",418,287,131
"S01007619",456,324,132
"S01007620",459,324,135
"S01007621",473,341,132
"S01007622",338,233,105
"S01007623",463,333,130
"S01007624",506,400,106
"S01007625",384,287,97
"S01007626",355,305,50
"S01007627",488,369,119
"S01007628",503,343,160
"S01007629",527,379,148
"S01007630",652,480,172
"S01007631",449,322,127
"S01007632",630,433,197
"S01007633",717,492,225
"S01007634",510,368,142
"S01007635",489,276,213
"S01007636",590,393,197
"S01007637",611,435,176
"S01007638",565,391,174
"S01007639",782,561,221
"S01007640",555,386,169
"S01007641",607,429,178
"S01007642",577,377,200
"S01007643",663,462,201
"S01007644",482,293,189
"S01007645",548,370,178
"S01007646",481,317,164
"S01007647",551,379,172
"S01007648",625,437,188
"S01007649",558,396,162
"S01007650",713,511,202
"S01007651",518,386,132
"S01007652",336,204,132
"S01007653",690,491,199
"S01007654",804,533,271
"S01007655",613,416,197
"S01007656",663,431,232
"S01007657",336,247,89
"S01007658",382,260,122
"S01007659",660,427,233
"S01007660",461,312,149
"S01007661",492,350,142
"S01007662",630,421,209
"S01007663",624,414,210
"S01007664",430,292,138
"S01007665",457,340,117
"S01007666",166,112,54
"S01007667",516,389,127
"S01007668",757,516,241
"S01007669",456,306,150
"S01007670",503,355,148
"S01007671",761,529,232
"S01007672",654,393,261
"S01007673",540,404,136
"S01007674",590,399,191
"S01007675",478,326,152
"S01007676",582,443,139
"S01007677",279,210,69
"S01007678",575,370,205
"S01007679",602,352,250
"S01007680",710,520,190
"S01007681",316,230,86
"S01007682",872,604,268
"S01007683",522,354,168
"S01007684",573,368,205
"S01007685",746,437,309
"S01007686",689,406,283
"S01007687",691,444,247
"S01007688",867,517,350
"S01007689",498,325,173
"S01007690",792,399,393
"S01007691",3042,1254,1788
"S01007692",546,316,230
"S01007693",922,387,535
"S01007694",959,501,458
"S01007695",757,458,299
"S01007696",693,340,353
"S01007697",767,459,308
"S01007698",949,615,334
"S01007699",672,427,245
"S01007700",777,555,222
"S01007701",376,210,166
"S01007702",957,507,450
"S01007703",624,405,219
"S01007704",765,436,329
"S01007705",822,425,397
"S01007706",580,323,257
"S01007707",1119,747,372
"S01007708",505,367,138
"S01007709",487,290,197
"S01007710",370,208,162
"S01007711",904,534,370
"S01007712",590,370,220
"S01007713",396,248,148
"S01007714",523,376,147
"S01007715",397,249,148
"S01007716",811,471,340
"S01007717",789,470,319
"S01007718",520,308,212
"S01007719",774,488,286
"S01007720",521,294,227
"S01007721",578,388,190
"S01007722",667,390,277
"S01007723",726,393,333
"S01007724",519,353,166
"S01007725",631,415,216
"S01007726",647,421,226
"S01007727",845,506,339
"S01007728",674,437,237
"S01007729",654,470,184
"S01007730",661,494,167
"S01007731",474,391,83
"S01007732",679,479,200
"S01007733",642,478,164
"S01007734",616,436,180
"S01007735",637,451,186
"S01007736",543,412,131
"S01007737",757,524,233
"S01007738",495,340,155
"S01007739",323,204,119
"S01007740",476,305,171
"S01007741",454,269,185
"S01007742",453,288,165
"S01007743",666,461,205
"S01007744",534,317,217
"S01007745",496,349,147
"S01007746",672,467,205
"S01007747",388,253,135
"S01007748",496,318,178
"S01007749",537,355,182
"S01007750",487,298,189
"S01007751",599,351,248
"S01007752",449,279,170
"S01007753",382,251,131
"S01007754",614,372,242
"S01007755",570,345,225
"S01007756",411,259,152
"S01007757",589,360,229
"S01007758",628,370,258
"S01007759",733,491,242
"S01007760",482,305,177
"S01007761",639,461,178
"S01007762",566,395,171
"S01007763",335,192,143
"S01007764",588,427,161
"S01007765",496,307,189
"S01007766",470,311,159
"S01007767",764,512,252
"S01007768",470,310,160
"S01007769",532,331,201
"S01007770",522,359,163
"S01007771",376,219,157
"S01007772",682,455,227
"S01007773",581,395,186
"S01007774",415,334,81
"S01007775",361,272,89
"S01007776",523,412,111
"S01007777",295,258,37
"S01007778",1252,1036,216
"S01007779",577,428,149
"S01007780",629,500,129
"S01007781",722,580,142
"S01007782",288,193,95
"S01007783",588,285,303
"S01007784",672,514,158
"S01007785",328,204,124
"S01007786",556,352,204
"S01007787",489,317,172
"S01007788",399,252,147
"S01007789",511,316,195
"S01007790",551,361,190
"S01007791",707,609,98
"S01007792",649,424,225
"S01007793",646,367,279
"S01007794",427,275,152
"S01007795",435,302,133
"S01007796",570,397,173
"S01007797",376,225,151
"S01007798",479,399,80
"S01007800",655,402,253
"S01007801",752,398,354
"S01007802",398,348,50
"S01007803",795,436,359
"S01007804",427,246,181
"S01007805",351,244,107
"S01007806",463,311,152
"S01007807",515,392,123
"S01007808",615,432,183
"S01007809",675,485,190
"S01007810",630,359,271
"S01007811",606,415,191
"S01007812",578,370,208
"S01007813",547,347,200
"S01007814",435,279,156
"S01007815",687,499,188
"S01007816",523,375,148
"S01007817",355,209,146
"S01007818",650,471,179
"S01007819",513,360,153
"S01007820",730,458,272
"S01007821",419,296,123
"S01007822",542,359,183
"S01007823",538,398,140
"S01007824",533,358,175
"S01007825",735,509,226
"S01007826",389,235,154
"S01007827",477,368,109
"S01007828",720,464,256
"S01007829",421,231,190
"S01007830",697,404,293
"S01007831",679,370,309
"S01007832",489,298,191
"S01007833",519,254,265
"S01007834",568,372,196
"S01007835",499,351,148
"S01007836",380,247,133
"S01007837",594,380,214
"S01007838",602,401,201
"S01007839",696,436,260
"S01007840",564,376,188
"S01007841",504,364,140
"S01007842",552,370,182
"S01007843",522,346,176
"S01007844",713,493,220
"S01007845",606,387,219
"S01007846",514,331,183
"S01007847",658,437,221
"S01007848",586,364,222
"S01007849",629,421,208
"S01007850",542,341,201
"S01007851",628,376,252
"S01007852",499,328,171
"S01007853",465,251,214
"S01007854",679,416,263
"S01007855",491,330,161
"S01007856",634,422,212
"S01007857",352,215,137
"S01007858",745,473,272
"S01007859",799,545,254
"S01007861",495,318,177
"S01007862",538,345,193
"S01007863",641,382,259
"S01007864",683,439,244
"S01007866",441,396,45
"S01007867",831,667,164
"S01007868",704,501,203
"S01007869",393,297,96
"S01007870",412,287,125
"S01007871",485,264,221
"S01007872",529,286,243
"S01007873",506,329,177
"S01007874",550,330,220
"S01007875",396,285,111
"S01007876",615,432,183
"S01007877",588,364,224
"S01007878",356,224,132
"S01007879",558,318,240
"S01007880",543,350,193
"S01007881",486,316,170
"S01007882",1034,775,259
"S01007883",554,397,157
"S01007884",483,329,154
"S01007885",567,345,222
"S01007886",677,430,247
"S01007887",463,326,137
"S01007888",794,513,281
"S01007889",390,243,147
"S01007890",421,278,143
"S01007891",485,328,157
"S01007892",311,210,101
"S01007893",1020,710,310
"S01007894",685,486,199
"S01007895",402,258,144
"S01007896",541,331,210
"S01007897",960,716,244
"S01007898",603,423,180
"S01007899",398,274,124
"S01007900",299,182,117
"S01007901",521,334,187
"S01007902",690,369,321
"S01007903",479,261,218
"S01007904",656,414,242
"S01007905",509,299,210
"S01007906",526,303,223
"S01007907",428,246,182
"S01007908",438,249,189
"S01007909",291,199,92
"S01007910",652,418,234
"S01007911",319,183,136
"S01007912",605,394,211
"S01007913",449,274,175
"S01007914",476,294,182
"S01007915",631,426,205
"S01007916",584,332,252
"S01007917",648,419,229
"S01007918",692,463,229
"S01007919",525,356,169
"S01007920",463,327,136
"S01007921",690,418,272
"S01007922",658,394,264
"S01007923",624,439,185
"S01007924",643,379,264
"S01007925",637,457,180
"S01007926",629,477,152
"S01007927",494,371,123
"S01007928",739,494,245
"S01007929",864,661,203
"S01007930",541,420,121
"S01007931",821,534,287
"S01007932",650,413,237
"S01007933",559,389,170
"S01007934",500,354,146
"S01007935",593,417,176
"S01007936",663,515,148
"S01007937",652,469,183
"S01007938",585,372,213
"S01007939",620,423,197
"S01007940",687,446,241
"S01007941",322,226,96
"S01007942",347,262,85
"S01007943",424,274,150
"S01007944",636,431,205
"S01007945",631,398,233
"S01007946",608,400,208
"S01007947",572,362,210
"S01007948",484,283,201
"S01007949",605,398,207
"S01007950",597,401,196
"S01007951",605,427,178
"S01007952",467,297,170
"S01007953",710,487,223
"S01007954",509,313,196
"S01007955",466,340,126
"S01007956",533,375,158
"S01007957",748,471,277
"S01007958",629,423,206
"S01007959",551,379,172
"S01007960",474,314,160
"S01007961",1480,779,701
"S01007962",418,283,135
"S01007963",668,369,299
"S01007964",569,357,212
"S01007965",414,273,141
"S01007966",661,400,261
"S01007967",444,296,148
"S01007968",614,418,196
"S01007969",465,311,154
"S01007970",625,450,175
"S01007971",659,449,210
"S01007972",600,447,153
"S01007973",678,485,193
"S01007974",651,394,257
"S01007975",429,299,130
"S01007976",536,354,182
"S01007977",518,392,126
"S01007978",456,348,108
"S01007979",639,469,170
"S01007980",528,370,158
"S01007981",426,266,160
"S01007982",400,260,140
"S01007983",556,333,223
"S01007984",542,344,198
"S01007985",698,427,271
"S01007986",510,328,182
"S01007987",493,358,135
"S01007988",632,372,260
"S01007989",428,287,141
"S01007990",769,591,178
"S01007991",694,584,110
"S01007992",484,396,88
"S01007993",561,418,143
"S01007994",449,377,72
"S01007995",474,365,109
"S01007996",359,240,119
"S01007997",422,286,136
"S01007998",399,274,125
"S01007999",611,436,175
"S01008000",627,415,212
"S01008001",613,372,241
"S01008002",504,315,189
"S01008003",447,316,131
"S01008004",84,49,35
"S01008006",531,301,230
"S01008007",327,221,106
"S01008008",439,294,145
"S01008009",568,363,205
"S01008010",722,485,237
"S01008011",477,309,168
"S01008012",646,460,186
"S01008013",470,338,132
"S01008014",487,349,138
"S01008015",585,393,192
"S01008016",587,393,194
"S01008017",638,424,214
"S01008018",392,262,130
"S01008019",537,386,151
"S01008020",475,367,108
"S01008021",523,345,178
"S01008022",550,389,161
"S01008023",340,267,73
"S01008024",666,584,82
"S01008025",565,404,161
"S01008026",642,439,203
"S01008027",433,289,144
"S01008028",439,332,107
"S01008029",2212,1736,476
"S01008030",565,371,194
"S01008031",662,446,216
"S01008032",691,472,219
"S01008033",1082,796,286
"S01008034",578,460,118
"S01008035",485,332,153
"S01008036",515,355,160
"S01008037",752,511,241
"S01008038",530,400,130
"S01008039",656,464,192
"S01008040",634,420,214
"S01008041",485,317,168
"S01008042",397,261,136
"S01008043",574,400,174
"S01008044",686,480,206
"S01008045",788,513,275
"S01008046",549,344,205
"S01008047",489,318,171
"S01008048",425,251,174
"S01008049",596,380,216
"S01008050",437,269,168
"S01008051",619,444,175
"S01008052",602,444,158
"S01008053",419,259,160
"S01008054",642,425,217
"S01008055",634,428,206
"S01008056",494,321,173
"S01008057",637,448,189
"S01008058",695,507,188
"S01008059",414,278,136
"S01008060",555,391,164
"S01008061",495,397,98
"S01008062",751,521,230
"S01008063",517,366,151
"S01008064",522,362,160
"S01008065",720,508,212
"S01008066",659,442,217
"S01008067",417,291,126
"S01008068",701,488,213
"S01008069",699,520,179
"S01008070",686,503,183
"S01008071",518,392,126
"S01008072",603,421,182
"S01008073",345,245,100
"S01008074",719,514,205
"S01008075",401,234,167
"S01008076",418,236,182
"S01008077",570,368,202
"S01008078",698,452,246
"S01008079",648,411,237
"S01008080",497,349,148
"S01008081",441,293,148
"S01008082",517,357,160
"S01008083",437,286,151
"S01008084",654,449,205
"S01008085",744,548,196
"S01008086",812,612,200
"S01008087",582,388,194
"S01008088",682,440,242
"S01008089",494,331,163
"S01008090",541,402,139
"S01008091",289,197,92
"S01008092",630,417,213
"S01008093",558,377,181
"S01008094",488,330,158
"S01008095",557,371,186
"S01008096",554,356,198
"S01008097",433,291,142
"S01008098",539,394,145
"S01008099",408,287,121
"S01008100",671,429,242
"S01008101",599,459,140
"S01008102",607,414,193
"S01008103",452,314,138
"S01008104",659,449,210
"S01008105",780,531,249
"S01008106",494,301,193
"S01008107",781,631,150
"S01008108",445,347,98
"S01008109",726,512,214
"S01008110",652,513,139
"S01008111",638,442,196
"S01008112",614,412,202
"S01008113",683,468,215
"S01008114",510,356,154
"S01008115",734,551,183
"S01008116",703,496,207
"S01008117",582,397,185
"S01008118",587,416,171
"S01008119",496,315,181
"S01008120",535,355,180
"S01008121",475,313,162
"S01008122",425,298,127
"S01008123",633,423,210
"S01008124",519,361,158
"S01008125",659,468,191
"S01008126",644,477,167
"S01008127",367,267,100
"S01008128",695,463,232
"S01008129",684,473,211
"S01008130",748,530,218
"S01008131",596,392,204
"S01008132",716,489,227
"S01008133",450,265,185
"S01008134",518,390,128
"S01008135",1013,741,272
"S01008136",600,416,184
"S01008137",634,392,242
"S01008138",613,389,224
"S01008139",728,478,250
"S01008140",344,233,111
"S01008141",804,566,238
"S01008142",475,355,120
"S01008143",674,448,226
"S01008144",626,437,189
"S01008145",600,432,168
"S01008146",376,235,141
"S01008147",621,436,185
"S01008148",620,445,175
"S01008149",528,373,155
"S01008150",686,447,239
"S01008151",509,353,156
"S01008152",755,491,264
"S01008153",467,348,119
"S01008154",635,405,230
"S01008155",537,377,160
"S01008156",704,482,222
"S01008157",564,413,151
"S01008158",615,496,119
"S01008159",713,445,268
"S01008160",663,445,218
"S01008161",765,617,148
"S01008162",756,544,212
"S01008163",544,367,177
"S01008164",1292,730,562
"S01008165",545,458,87
"S01008166",402,291,111
"S01008167",421,282,139
"S01008168",696,489,207
"S01008169",531,405,126
"S01008170",439,339,100
"S01008171",527,373,154
"S01008172",414,284,130
"S01008173",491,375,116
"S01008174",412,318,94
"S01008175",579,439,140
"S01008176",563,403,160
"S01008177",552,364,188
"S01008178",512,322,190
"S01008179",387,308,79
"S01008180",374,295,79
"S01008181",515,354,161
"S01008182",754,576,178
"S01008183",559,440,119
"S01008184",523,375,148
"S01008185",762,559,203
"S01008186",618,369,249
"S01008187",454,325,129
"S01008188",643,432,211
"S01008189",431,293,138
"S01008190",642,445,197
"S01008191",357,247,110
"S01008192",637,470,167
"S01008193",560,419,141
"S01008194",440,320,120
"S01008195",590,432,158
"S01008196",555,408,147
"S01008198",514,345,169
"S01008199",581,378,203
"S01008200",347,226,121
"S01008201",582,386,196
"S01008202",425,288,137
"S01008203",424,294,130
"S01008204",640,369,271
"S01008205",512,365,147
"S01008206",464,314,150
"S01008207",434,310,124
"S01008208",562,467,95
"S01008210",685,494,191
"S01008211",665,476,189
"S01008212",351,285,66
"S01008213",827,635,192
"S01008214",506,316,190
"S01008215",483,350,133
"S01008216",466,362,104
"S01008217",555,425,130
"S01008218",709,578,131
"S01008219",714,545,169
"S01008220",440,298,142
"S01008221",538,377,161
"S01008222",516,331,185
"S01008223",346,210,136
"S01008224",731,581,150
"S01008225",558,395,163
"S01008226",521,365,156
"S01008227",621,396,225
"S01008228",1793,1480,313
"S01008229",357,222,135
"S01008230",604,511,93
"S01008231",414,336,78
"S01008233",1161,992,169
"S01008234",227,146,81
"S01008235",597,418,179
"S01008236",627,452,175
"S01008237",647,462,185
"S01008238",551,381,170
"S01008239",570,422,148
"S01008240",594,373,221
"S01008241",501,315,186
"S01008242",645,410,235
"S01008243",753,535,218
"S01008244",304,192,112
"S01008245",715,521,194
"S01008246",714,539,175
"S01008247",612,451,161
"S01008248",600,403,197
"S01008249",739,504,235
"S01008250",773,552,221
"S01008251",518,391,127
"S01008252",706,503,203
"S01008253",550,378,172
"S01008254",630,421,209
"S01008255",504,363,141
"S01008256",603,430,173
"S01008257",401,269,132
"S01008258",552,417,135
"S01008259",558,415,143
"S01008260",726,503,223
"S01008261",659,474,185
"S01008262",467,346,121
"S01008263",557,396,161
"S01008264",375,263,112
"S01008265",453,288,165
"S01008266",423,262,161
"S01008267",656,451,205
"S01008268",595,378,217
"S01008269",507,294,213
"S01008270",516,315,201
"S01008271",507,353,154
"S01008272",737,498,239
"S01008273",593,384,209
"S01008274",516,343,173
"S01008275",392,270,122
"S01008276",402,287,115
"S01008277",371,277,94
"S01008278",612,411,201
"S01008279",522,355,167
"S01008280",646,477,169
"S01008281",547,414,133
"S01008282",848,640,208
"S01008283",117,82,35
"S01008284",1033,764,269
"S01008285",552,355,197
"S01008286",537,374,163
"S01008287",567,415,152
"S01008288",630,430,200
"S01008289",390,297,93
"S01008290",584,420,164
"S01008291",509,333,176
"S01008292",706,549,157
"S01008294",506,368,138
"S01008295",683,519,164
"S01008296",427,278,149
"S01008297",389,281,108
"S01008298",653,462,191
"S01008299",551,331,220
"S01008300",644,404,240
"S01008301",666,491,175
"S01008302",554,382,172
"S01008303",422,299,123
"S01008304",283,192,91
"S01008305",619,450,169
"S01008306",510,369,141
"S01008307",420,331,89
"S01008308",448,293,155
"S01008309",522,323,199
"S01008310",693,481,212
"S01008311",398,296,102
"S01008312",195,135,60
"S01008313",764,440,324
"S01008314",454,311,143
"S01008315",567,367,200
"S01008316",321,185,136
"S01008317",551,389,162
"S01008318",908,668,240
"S01008319",529,333,196
"S01008320",412,221,191
"S01008321",420,321,99
"S01008322",768,514,254
"S01008323",576,352,224
"S01008324",336,224,112
"S01008325",535,369,166
"S01008326",710,456,254
"S01008327",701,481,220
"S01008328",612,464,148
"S01008329",657,487,170
"S01008330",660,495,165
"S01008331",453,357,96
"S01008332",650,442,208
"S01008333",651,408,243
"S01008334",511,342,169
"S01008335",511,330,181
"S01008336",455,323,132
"S01008337",620,490,130
"S01008338",576,477,99
"S01008339",486,404,82
"S01008340",622,491,131
"S01008341",481,391,90
"S01008342",656,438,218
"S01008343",611,424,187
"S01008344",732,478,254
"S01008345",573,363,210
"S01008346",682,472,210
"S01008347",636,433,203
"S01008348",535,341,194
"S01008349",603,404,199
"S01008350",401,245,156
"S01008351",626,451,175
"S01008352",463,303,160
"S01008353",351,238,113
"S01008354",482,352,130
"S01008355",405,271,134
"S01008356",405,307,98
"S01008357",351,251,100
"S01008358",493,330,163
"S01008359",446,320,126
"S01008360",637,436,201
"S01008361",618,447,171
"S01008362",672,522,150
"S01008363",552,387,165
"S01008364",564,387,177
"S01008365",591,361,230
"S01008366",578,394,184
"S01008367",549,369,180
"S01008368",348,258,90
"S01008369",434,308,126
"S01008370",592,431,161
"S01008371",567,403,164
"S01008372",583,411,172
"S01008373",579,437,142
"S01008374",503,369,134
"S01008375",570,417,153
"S01008376",380,282,98
"S01008377",528,403,125
"S01008378",680,493,187
"S01008379",375,238,137
"S01008380",403,304,99
"S01008381",369,285,84
"S01008382",548,392,156
"S01008383",342,265,77
"S01008384",714,520,194
"S01008385",475,332,143
"S01008386",508,372,136
"S01008387",611,467,144
"S01008388",406,328,78
"S01008389",291,162,129
"S01008390",457,327,130
"S01008391",492,329,163
"S01008392",663,499,164
"S01008393",416,287,129
"S01008394",647,469,178
"S01008395",395,302,93
"S01008396",549,364,185
"S01008397",713,497,216
"S01008398",408,274,134
"S01008399",482,311,171
"S01008400",362,253,109
"S01008401",662,436,226
"S01008402",774,503,271
"S01008403",431,291,140
"S01008404",617,419,198
"S01008405",545,403,142
"S01008406",599,386,213
"S01008407",355,225,130
"S01008408",467,364,103
"S01008409",773,525,248
"S01008410",399,259,140
"S01008411",455,331,124
"S01008412",509,346,163
"S01008413",340,240,100
"S01008414",327,232,95
"S01008415",688,510,178
"S01008416",631,419,212
"S01008417",548,363,185
"S01008418",536,383,153
"S01008419",349,250,99
"S01008420",356,249,107
"S01008421",565,423,142
"S01008422",472,313,159
"S01008423",616,418,198
"S01008424",583,344,239
"S01008425",2209,856,1353
"S01008426",407,271,136
"S01008427",851,670,181
"S01008428",457,312,145
"S01008429",501,333,168
"S01008430",569,398,171
"S01008431",602,403,199
"S01008432",497,318,179
"S01008433",645,460,185
"S01008434",712,488,224
"S01008435",606,376,230
"S01008436",619,432,187
"S01008437",506,369,137
"S01008438",335,249,86
"S01008439",747,517,230
"S01008440",724,478,246
"S01008441",272,183,89
"S01008442",580,447,133
"S01008443",422,269,153
"S01008444",479,357,122
"S01008445",535,325,210
"S01008446",726,408,318
"S01008447",503,353,150
"S01008448",578,384,194
"S01008449",573,377,196
"S01008450",384,254,130
"S01008451",497,308,189
"S01008452",363,231,132
"S01008453",444,338,106
"S01008454",674,424,250
"S01008455",770,444,326
"S01008456",747,466,281
"S01008457",477,282,195
"S01008458",747,516,231
"S01008459",508,331,177
"S01008460",552,344,208
"S01008461",686,440,246
"S01008462",457,238,219
"S01008463",538,339,199
"S01008464",637,455,182
"S01008465",559,413,146
"S01008466",564,386,178
"S01008467",602,411,191
"S01008468",454,283,171
"S01008469",455,311,144
"S01008470",549,335,214
"S01008471",666,450,216
"S01008472",449,286,163
"S01008473",520,339,181
"S01008474",584,371,213
"S01008475",615,434,181
"S01008476",524,335,189
"S01008477",694,444,250
"S01008478",473,292,181
"S01008479",568,362,206
"S01008480",304,188,116
"S01008481",1351,518,833
"S01008482",446,280,166
"S01008483",463,299,164
"S01008484",556,387,169
"S01008485",753,538,215
"S01008486",656,412,244
"S01008487",642,522,120
"S01008488",611,409,202
"S01008489",494,339,155
"S01008490",734,583,151
"S01008491",777,536,241
"S01008492",806,619,187
"S01008493",608,419,189
"S01008494",558,412,146
"S01008495",841,650,191
"S01008496",910,718,192
"S01008497",738,617,121
"S01008498",709,554,155
"S01008499",919,680,239
"S01008500",347,235,112
"S01008501",553,433,120
"S01008502",597,463,134
"S01008503",728,614,114
"S01008504",916,732,184
"S01008505",571,471,100
"S01008506",591,438,153
"S01008507",780,586,194
"S01008508",627,450,177
"S01008509",730,529,201
"S01008510",671,474,197
"S01008511",693,455,238
"S01008512",356,252,104
"S01008513",465,302,163
"S01008514",588,409,179
"S01008515",522,413,109
"S01008516",775,571,204
"S01008517",681,500,181
"S01008518",672,476,196
"S01008519",564,399,165
"S01008520",610,416,194
"S01008521",640,424,216
"S01008522",398,257,141
"S01008523",701,496,205
"S01008524",549,375,174
"S01008525",598,385,213
"S01008526",562,415,147
"S01008527",545,411,134
"S01008528",505,385,120
"S01008529",532,399,133
"S01008530",516,345,171
"S01008531",547,366,181
"S01008532",317,206,111
"S01008533",360,267,93
"S01008534",549,412,137
"S01008535",543,392,151
"S01008536",391,268,123
"S01008537",508,330,178
"S01008538",308,198,110
"S01008539",613,453,160
"S01008540",510,353,157
"S01008541",618,453,165
"S01008542",670,494,176
"S01008543",542,415,127
"S01008544",467,374,93
"S01008545",626,420,206
"S01008546",686,450,236
"S01008547",786,622,164
"S01008548",762,612,150
"S01008549",705,513,192
"S01008550",630,442,188
"S01008551",771,554,217
"S01008552",586,395,191
"S01008553",411,270,141
"S01008554",738,462,276
"S01008555",755,470,285
"S01008556",522,324,198
"S01008557",584,357,227
"S01008558",618,399,219
"S01008559",495,323,172
"S01008560",492,332,160
"S01008561",472,324,148
"S01008562",426,243,183
"S01008563",616,402,214
"S01008564",467,290,177
"S01008565",653,413,240
"S01008566",774,497,277
"S01008567",541,351,190
"S01008568",593,441,152
"S01008569",492,316,176
"S01008570",665,419,246
"S01008571",492,310,182
"S01008572",629,394,235
"S01008573",606,452,154
"S01008574",576,447,129
"S01008575",594,414,180
"S01008576",648,460,188
"S01008577",575,401,174
"S01008578",527,366,161
"S01008579",735,439,296
"S01008580",417,299,118
"S01008581",672,434,238
"S01008582",749,503,246
"S01008583",519,330,189
"S01008584",535,346,189
"S01008585",505,335,170
"S01008586",532,340,192
"S01008587",718,409,309
"S01008588",539,364,175
"S01008589",255,178,77
"S01008590",511,315,196
"S01008591",627,412,215
"S01008592",534,333,201
"S01008593",544,373,171
"S01008594",808,513,295
"S01008595",661,365,296
"S01008596",674,394,280
"S01008597",638,446,192
"S01008598",706,379,327
"S01008599",754,482,272
"S01008600",597,354,243
"S01008601",2442,693,1749
"S01008602",586,335,251
"S01008603",1041,581,460
"S01008604",798,458,340
"S01008605",609,400,209
"S01008606",664,454,210
"S01008607",231,151,80
"S01008608",514,324,190
"S01008609",609,397,212
"S01008610",636,387,249
"S01008611",1286,661,625
"S01008612",713,408,305
"S01008613",627,380,247
"S01008614",624,317,307
"S01008615",739,391,348
"S01008616",671,342,329
"S01008617",735,338,397
"S01008618",669,328,341
"S01008619",474,280,194
"S01008620",756,397,359
"S01008621",699,361,338
"S01008622",456,275,181
"S01008623",800,422,378
"S01008624",526,297,229
"S01008625",417,272,145
"S01008626",684,495,189
"S01008627",475,345,130
"S01008628",491,346,145
"S01008629",438,309,129
"S01008630",460,314,146
"S01008631",695,538,157
"S01008632",780,494,286
"S01008633",642,388,254
"S01008634",571,375,196
"S01008635",681,476,205
"S01008636",683,450,233
"S01008637",527,356,171
"S01008638",649,383,266
"S01008639",765,594,171
"S01008640",687,484,203
"S01008641",765,472,293
"S01008642",806,590,216
"S01008643",590,461,129
"S01008644",644,440,204
"S01008645",690,488,202
"S01008646",707,559,148
"S01008647",537,439,98
"S01008648",548,419,129
"S01008649",792,625,167
"S01008650",693,545,148
"S01008651",1048,664,384
"S01008652",538,422,116
"S01008653",614,431,183
"S01008654",871,646,225
"S01008655",732,545,187
"S01008656",591,426,165
"S01008657",670,458,212
"S01008658",904,581,323
"S01008659",773,520,253
"S01008660",866,575,291
"S01008661",916,530,386
"S01008662",726,421,305
"S01008663",847,522,325
"S01008664",778,543,235
"S01008665",1026,671,355
"S01008666",800,410,390
"S01008667",865,453,412
"S01008668",711,361,350
"S01008669",408,155,253
"S01008670",822,342,480
"S01008671",717,326,391
"S01008672",620,308,312
"S01008673",995,439,556
"S01008674",911,447,464
"S01008675",665,419,246
"S01008676",773,501,272
"S01008677",717,450,267
"S01008678",1154,488,666
"S01008679",1078,489,589
"S01008680",590,301,289
"S01008681",870,384,486
"S01008682",597,347,250
"S01008683",1327,509,818
"S01008684",923,548,375
"S01008685",920,521,399
"S01008686",714,432,282
"S01008687",601,472,129
"S01008688",786,617,169
"S01008689",743,611,132
"S01008690",870,713,157
"S01008691",995,816,179
"S01008692",590,463,127
"S01008693",353,248,105
"S01008694",855,719,136
"S01008695",545,436,109
"S01008696",515,391,124
"S01008697",804,554,250
"S01008698",313,223,90
"S01008699",639,431,208
"S01008700",407,255,152
"S01008701",785,548,237
"S01008703",728,426,302
"S01008704",482,266,216
"S01008705",360,215,145
"S01008706",416,265,151
"S01008707",588,324,264
"S01008708",752,435,317
"S01008709",525,320,205
"S01008710",325,211,114
"S01008711",514,305,209
"S01008712",775,380,395
"S01008713",438,294,144
"S01008714",417,266,151
"S01008715",548,343,205
"S01008716",364,241,123
"S01008717",327,245,82
"S01008718",391,291,100
"S01008719",757,545,212
"S01008720",408,273,135
"S01008721",621,505,116
"S01008722",749,467,282
"S01008723",530,389,141
"S01008724",646,454,192
"S01008725",559,417,142
"S01008726",339,258,81
"S01008727",777,534,243
"S01008728",361,249,112
"S01008729",593,432,161
"S01008730",626,493,133
"S01008731",323,198,125
"S01008732",388,257,131
"S01008733",571,452,119
"S01008734",485,339,146
"S01008735",710,467,243
"S01008736",505,339,166
"S01008737",705,484,221
"S01008738",396,252,144
"S01008739",428,303,125
"S01008740",424,279,145
"S01008741",759,522,237
"S01008742",254,172,82
"S01008743",766,528,238
"S01008744",751,532,219
"S01008745",346,258,88
"S01008746",732,490,242
"S01008747",361,245,116
"S01008748",382,265,117
"S01008749",921,634,287
"S01008750",515,342,173
"S01008751",431,287,144
"S01008752",582,353,229
"S01008753",321,206,115
"S01008754",596,431,165
"S01008755",750,561,189
"S01008756",567,383,184
"S01008757",491,257,234
"S01008758",611,384,227
"S01008759",414,256,158
"S01008760",723,432,291
"S01008761",562,437,125
"S01008762",462,333,129
"S01008763",719,605,114
"S01008764",547,428,119
"S01008765",653,526,127
"S01008766",750,548,202
"S01008767",420,305,115
"S01008768",390,280,110
"S01008769",1955,1614,341
"S01008772",593,437,156
"S01008773",856,652,204
"S01008774",769,564,205
"S01008775",325,248,77
"S01008776",701,485,216
"S01008777",901,561,340
"S01008778",995,836,159
"S01008779",655,578,77
"S01008780",340,275,65
"S01008781",776,667,109
"S01008782",710,600,110
"S01008783",231,206,25
"S01008784",475,412,63
"S01008785",737,493,244
"S01008786",799,649,150
"S01008787",268,150,118
"S01008788",604,513,91
"S01008789",486,302,184
"S01008790",590,455,135
"S01008791",767,608,159
"S01008792",777,614,163
"S01008793",345,239,106
"S01008794",637,464,173
"S01008795",902,741,161
"S01008796",953,724,229
"S01008797",834,659,175
"S01008798",678,507,171
"S01008799",555,435,120
"S01008800",1075,930,145
"S01008801",732,606,126
"S01008802",861,665,196
"S01008803",831,638,193
"S01008804",489,363,126
"S01008805",570,438,132
"S01008806",897,748,149
"S01008807",712,557,155
"S01008808",568,443,125
"S01008809",613,452,161
"S01008810",632,513,119
"S01008811",765,598,167
"S01008812",424,337,87
"S01008813",793,590,203
"S01008814",696,564,132
"S01008815",776,616,160
"S01008816",424,316,108
"S01008817",642,492,150
"S01008818",710,587,123
"S01008819",571,469,102
"S01008820",910,692,218
"S01008821",590,458,132
"S01008822",536,393,143
"S01008823",453,347,106
"S01008824",749,580,169
"S01008825",390,317,73
"S01008826",597,470,127
"S01008827",491,332,159
"S01008828",666,498,168
"S01008829",493,340,153
"S01008830",476,358,118
"S01008831",552,361,191
"S01008832",535,330,205
"S01008833",732,539,193
"S01008834",837,600,237
"S01008835",517,360,157
"S01008836",430,318,112
"S01008837",1195,990,205
"S01008838",736,599,137
"S01008839",876,679,197
"S01008840",871,684,187
"S01008841",1128,945,183
"S01008842",118,90,28
"S01008843",886,685,201
"S01008844",607,478,129
"S01008845",778,530,248
"S01008846",719,507,212
"S01008847",523,359,164
"S01008848",683,479,204
"S01008849",630,459,171
"S01008850",623,399,224
"S01008851",778,545,233
"S01008852",816,565,251
"S01008853",599,474,125
"S01008854",821,574,247
"S01008855",1097,845,252
"S01008856",422,345,77
"S01008857",655,546,109
"S01008858",467,363,104
"S01008859",993,825,168
"S01008860",756,595,161
"S01008861",583,426,157
"S01008862",794,662,132
"S01008863",592,483,109
"S01008864",771,432,339
"S01008865",673,526,147
"S01008866",670,573,97
"S01008867",640,501,139
"S01008868",716,557,159
"S01008869",860,648,212
"S01008870",638,496,142
"S01008871",1059,766,293
"S01008872",617,458,159
"S01008873",533,416,117
"S01008874",702,531,171
"S01008875",662,529,133
"S01008876",392,293,99
"S01008877",402,304,98
"S01008878",531,363,168
"S01008879",719,527,192
"S01008880",445,344,101
"S01008881",320,220,100
"S01008882",764,503,261
"S01008883",589,388,201
"S01008884",462,284,178
"S01008885",596,421,175
"S01008886",637,440,197
"S01008887",546,395,151
"S01008888",435,342,93
"S01008889",493,387,106
"S01008890",497,355,142
"S01008891",532,371,161
"S01008892",684,490,194
"S01008893",623,451,172
"S01008894",628,400,228
"S01008895",395,268,127
"S01008896",335,232,103
"S01008897",462,320,142
"S01008898",598,408,190
"S01008899",590,389,201
"S01008900",713,511,202
"S01008901",601,404,197
"S01008902",753,514,239
"S01008903",697,465,232
"S01008904",780,522,258
"S01008905",815,504,311
"S01008906",652,429,223
"S01008907",483,275,208
"S01008908",681,437,244
"S01008909",610,438,172
"S01008910",1180,992,188
"S01008911",99,75,24
"S01008912",592,446,146
"S01008913",292,214,78
"S01008914",630,456,174
"S01008915",411,293,118
"S01008916",778,461,317
"S01008917",532,331,201
"S01008918",415,262,153
"S01008919",393,248,145
"S01008920",843,711,132
"S01008921",543,331,212
"S01008922",587,384,203
"S01008923",544,378,166
"S01008924",558,372,186
"S01008925",496,387,109
"S01008926",166,127,39
"S01008927",947,756,191
"S01008928",638,459,179
"S01008929",611,344,267
"S01008930",634,396,238
"S01008931",547,354,193
"S01008932",662,523,139
"S01008933",344,264,80
"S01008934",714,483,231
"S01008935",613,431,182
"S01008936",269,191,78
"S01008937",599,421,178
"S01008938",405,292,113
"S01008939",621,426,195
"S01008940",417,273,144
"S01008941",564,380,184
"S01008942",623,454,169
"S01008943",477,280,197
"S01008944",686,422,264
"S01008945",558,401,157
"S01008946",636,401,235
"S01008947",681,471,210
"S01008948",524,386,138
"S01008949",653,467,186
"S01008950",651,468,183
"S01008951",623,426,197
"S01008952",609,432,177
"S01008953",624,442,182
"S01008954",577,394,183
"S01008955",476,356,120
"S01008956",692,549,143
"S01008957",738,503,235
"S01008958",516,354,162
"S01008959",652,474,178
"S01008960",661,542,119
"S01008961",570,400,170
"S01008962",481,349,132
"S01008963",571,403,168
"S01008964",353,255,98
"S01008965",516,328,188
"S01008966",411,303,108
"S01008967",711,488,223
"S01008968",707,513,194
"S01008969",766,556,210
"S01008970",752,560,192
"S01008971",396,298,98
"S01008972",530,380,150
"S01008973",905,623,282
"S01008974",546,373,173
"S01008975",539,343,196
"S01008976",297,205,92
"S01008977",446,323,123
"S01008978",439,329,110
"S01008979",551,437,114
"S01008980",592,454,138
"S01008981",479,332,147
"S01008982",596,446,150
"S01008983",522,434,88
"S01008984",366,278,88
"S01008985",458,367,91
"S01008986",601,464,137
"S01008987",611,439,172
"S01008988",725,506,219
"S01008989",540,459,81
"S01008990",625,535,90
"S01008991",736,614,122
"S01008992",431,301,130
"S01008993",835,627,208
"S01008994",577,409,168
"S01008995",509,385,124
"S01008996",536,385,151
"S01008997",734,574,160
"S01008998",454,309,145
"S01008999",610,392,218
"S01009000",691,483,208
"S01009001",604,421,183
"S01009002",593,448,145
"S01009003",705,535,170
"S01009004",508,387,121
"S01009005",554,402,152
"S01009006",546,356,190
"S01009007",491,347,144
"S01009008",681,468,213
"S01009009",327,221,106
"S01009010",798,628,170
"S01009011",675,571,104
"S01009012",581,455,126
"S01009013",700,546,154
"S01009014",383,283,100
"S01009015",345,233,112
"S01009016",367,248,119
"S01009017",283,186,97
"S01009018",645,467,178
"S01009019",391,295,96
"S01009020",598,485,113
"S01009021",560,393,167
"S01009022",632,437,195
"S01009023",638,414,224
"S01009024",710,464,246
"S01009025",669,485,184
"S01009026",679,464,215
"S01009027",657,418,239
"S01009028",282,193,89
"S01009029",457,314,143
"S01009030",540,384,156
"S01009031",566,385,181
"S01009032",484,302,182
"S01009033",565,370,195
"S01009034",496,323,173
"S01009035",669,488,181
"S01009036",752,559,193
"S01009037",660,496,164
"S01009038",793,581,212
"S01009039",500,373,127
"S01009040",467,346,121
"S01009041",577,416,161
"S01009042",594,449,145
"S01009043",454,332,122
"S01009044",563,382,181
"S01009045",601,427,174
"S01009046",641,458,183
"S01009047",586,432,154
"S01009048",618,440,178
"S01009049",452,307,145
"S01009050",876,653,223
"S01009051",432,320,112
"S01009052",437,295,142
"S01009053",402,249,153
"S01009054",444,304,140
"S01009055",643,480,163
"S01009056",415,258,157
"S01009057",403,283,120
"S01009058",671,435,236
"S01009059",580,456,124
"S01009060",600,465,135
"S01009061",632,470,162
"S01009062",485,319,166
"S01009063",569,404,165
"S01009064",433,298,135
"S01009065",476,324,152
"S01009066",539,365,174
"S01009067",780,636,144
"S01009068",670,497,173
"S01009069",510,391,119
"S01009070",422,322,100
"S01009071",1161,923,238
"S01009072",220,146,74
"S01009073",447,290,157
"S01009074",538,378,160
"S01009075",418,270,148
"S01009076",752,580,172
"S01009077",348,239,109
"S01009079",808,575,233
"S01009080",688,454,234
"S01009081",501,349,152
"S01009082",611,438,173
"S01009083",502,341,161
"S01009084",1535,1285,250
"S01009086",305,207,98
"S01009087",455,298,157
"S01009088",626,432,194
"S01009089",67,50,17
"S01009090",455,378,77
"S01009091",1348,1119,229
"S01009092",739,509,230
"S01009093",570,417,153
"S01009094",489,302,187
"S01009095",593,414,179
"S01009096",757,602,155
"S01009097",579,458,121
"S01009098",386,261,125
"S01009099",605,409,196
"S01009100",539,336,203
"S01009101",706,506,200
"S01009102",572,405,167
"S01009103",522,347,175
"S01009104",603,407,196
"S01009105",592,439,153
"S01009106",403,298,105
"S01009107",393,286,107
"S01009108",498,352,146
"S01009109",546,393,153
"S01009110",453,300,153
"S01009111",668,536,132
"S01009112",331,216,115
"S01009113",681,481,200
"S01009114",597,481,116
"S01009115",433,349,84
"S01009116",387,281,106
"S01009117",639,486,153
"S01009118",459,387,72
"S01009119",560,373,187
"S01009120",408,287,121
"S01009121",627,448,179
"S01009122",1054,785,269
"S01009123",322,252,70
"S01009124",161,106,55
"S01009125",490,325,165
"S01009126",428,290,138
"S01009127",444,303,141
"S01009128",587,373,214
"S01009129",367,246,121
"S01009130",474,355,119
"S01009131",370,262,108
"S01009132",615,493,122
"S01009133",496,335,161
"S01009134",643,473,170
"S01009135",441,372,69
"S01009136",174,138,36
"S01009137",620,531,89
"S01009138",679,515,164
"S01009139",336,253,83
"S01009140",615,430,185
"S01009141",640,431,209
"S01009142",441,305,136
"S01009143",435,275,160
"S01009144",711,587,124
"S01009145",701,426,275
"S01009146",700,506,194
"S01009147",578,378,200
"S01009148",517,347,170
"S01009149",554,401,153
"S01009150",455,100,355
"S01009151",587,369,218
"S01009152",505,320,185
"S01009153",373,297,76
"S01009154",684,479,205
"S01009155",400,277,123
"S01009156",388,275,113
"S01009157",607,430,177
"S01009158",395,287,108
"S01009159",379,229,150
"S01009160",510,344,166
"S01009161",327,222,105
"S01009162",579,375,204
"S01009163",365,248,117
"S01009164",557,391,166
"S01009165",543,363,180
"S01009166",627,406,221
"S01009167",389,273,116
"S01009168",508,332,176
"S01009169",528,278,250
"S01009170",518,362,156
"S01009171",517,386,131
"S01009172",504,364,140
"S01009173",388,291,97
"S01009174",248,220,28
"S01009175",592,475,117
"S01009176",1007,779,228
"S01009177",629,449,180
"S01009178",549,389,160
"S01009179",522,372,150
"S01009180",742,510,232
"S01009181",1317,996,321
"S01009182",754,579,175
"S01009183",253,219,34
"S01009184",758,505,253
"S01009185",522,357,165
"S01009186",542,391,151
"S01009187",1043,789,254
"S01009188",661,469,192
"S01009189",551,379,172
"S01009190",230,169,61
"S01009191",495,428,67
"S01009192",1033,468,565
"S01009193",43,30,13
"S01009194",619,437,182
"S01009195",299,255,44
"S01009196",528,360,168
"S01009197",745,574,171
"S01009198",557,410,147
"S01009199",326,253,73
"S01009200",895,638,257
"S01009201",413,293,120
"S01009202",373,296,77
"S01009203",442,254,188
"S01009204",579,422,157
"S01009205",587,474,113
"S01009206",771,587,184
"S01009207",869,591,278
"S01009208",478,294,184
"S01009209",350,233,117
"S01009210",707,505,202
"S01009211",412,296,116
"S01009212",618,389,229
"S01009213",594,421,173
"S01009214",741,552,189
"S01009215",629,436,193
"S01009216",692,484,208
"S01009217",460,300,160
"S01009218",597,398,199
"S01009219",475,329,146
"S01009220",239,150,89
"S01009221",399,286,113
"S01009222",377,263,114
"S01009223",410,278,132
"S01009224",478,324,154
"S01009225",390,278,112
"S01009226",690,445,245
"S01009227",425,280,145
"S01009228",437,283,154
"S01009229",430,298,132
"S01009230",469,362,107
"S01009231",675,498,177
"S01009232",430,288,142
"S01009233",361,239,122
"S01009234",735,489,246
"S01009235",617,451,166
"S01009236",351,230,121
"S01009237",687,487,200
"S01009238",581,352,229
"S01009239",643,474,169
"S01009240",495,349,146
"S01009241",663,434,229
"S01009242",570,406,164
"S01009243",742,540,202
"S01009244",641,434,207
"S01009245",670,466,204
"S01009246",606,421,185
"S01009247",685,533,152
"S01009248",532,354,178
"S01009249",674,452,222
"S01009250",484,326,158
"S01009251",435,293,142
"S01009252",348,293,55
"S01009253",345,186,159
"S01009254",595,372,223
"S01009255",454,357,97
"S01009256",354,230,124
"S01009257",593,417,176
"S01009258",1058,833,225
"S01009259",693,520,173
"S01009260",622,461,161
"S01009261",553,347,206
"S01009262",397,260,137
"S01009263",268,228,40
"S01009264",493,325,168
"S01009265",593,426,167
"S01009266",698,453,245
"S01009267",463,326,137
"S01009268",723,503,220
"S01009269",624,431,193
"S01009270",430,278,152
"S01009271",718,532,186
"S01009272",526,374,152
"S01009273",373,248,125
"S01009274",471,303,168
"S01009275",504,324,180
"S01009276",607,391,216
"S01009277",724,504,220
"S01009278",161,112,49
"S01009279",838,584,254
"S01009280",629,359,270
"S01009281",485,260,225
"S01009282",360,234,126
"S01009283",549,423,126
"S01009284",614,474,140
"S01009285",675,511,164
"S01009286",590,409,181
"S01009287",543,340,203
"S01009288",753,495,258
"S01009289",673,450,223
"S01009290",471,293,178
"S01009291",766,547,219
"S01009292",164,114,50
"S01009293",391,289,102
"S01009294",519,385,134
"S01009295",511,373,138
"S01009296",414,317,97
"S01009297",652,505,147
"S01009298",740,495,245
"S01009299",713,547,166
"S01009300",413,310,103
"S01009301",730,523,207
"S01009302",650,451,199
"S01009303",564,386,178
"S01009304",667,470,197
"S01009305",573,415,158
"S01009306",828,638,190
"S01009307",817,613,204
"S01009308",385,308,77
"S01009309",580,468,112
"S01009310",720,493,227
"S01009311",531,339,192
"S01009312",535,430,105
"S01009313",340,216,124
"S01009314",629,437,192
"S01009315",477,313,164
"S01009316",570,428,142
"S01009317",650,464,186
"S01009318",467,355,112
"S01009319",636,403,233
"S01009320",485,329,156
"S01009321",359,241,118
"S01009322",530,343,187
"S01009323",821,573,248
"S01009324",407,296,111
"S01009325",484,355,129
"S01009326",420,329,91
"S01009327",414,259,155
"S01009331",869,768,101
"S01009332",678,473,205
"S01009333",487,365,122
"S01009334",473,300,173
"S01009335",592,392,200
"S01009336",485,313,172
"S01009337",526,339,187
"S01009338",547,347,200
"S01009339",590,402,188
"S01009340",434,296,138
"S01009341",447,306,141
"S01009342",547,394,153
"S01009343",433,322,111
"S01009344",539,361,178
"S01009345",628,475,153
"S01009346",4289,3699,590
"S01009353",325,278,47
"S01009355",694,479,215
"S01009356",760,531,229
"S01009357",509,394,115
"S01009358",246,186,60
"S01009359",902,740,162
"S01009360",646,458,188
"S01009361",592,417,175
"S01009362",802,573,229
"S01009363",633,445,188
"S01009364",672,526,146
"S01009365",342,236,106
"S01009366",549,369,180
"S01009367",362,239,123
"S01009368",428,317,111
"S01009369",431,322,109
"S01009370",668,452,216
"S01009371",508,366,142
"S01009372",407,293,114
"S01009373",534,366,168
"S01009374",653,439,214
"S01009375",606,404,202
"S01009376",446,285,161
"S01009377",978,868,110
"S01009378",717,553,164
"S01009379",678,546,132
"S01009380",467,340,127
"S01009381",415,329,86
"S01009382",530,351,179
"S01009383",797,577,220
"S01009384",291,199,92
"S01009385",292,207,85
"S01009386",497,328,169
"S01009387",391,255,136
"S01009388",763,516,247
"S01009389",657,442,215
"S01009390",543,450,93
"S01009391",509,425,84
"S01009392",370,307,63
"S01009393",528,398,130
"S01009394",695,496,199
"S01009395",498,300,198
"S01009396",562,344,218
"S01009397",534,384,150
"S01009398",533,398,135
"S01009399",534,390,144
"S01009400",390,277,113
"S01009401",504,306,198
"S01009402",693,452,241
"S01009403",400,304,96
"S01009404",410,270,140
"S01009405",492,361,131
"S01009406",537,377,160
"S01009407",335,225,110
"S01009408",639,481,158
"S01009409",492,324,168
"S01009410",667,463,204
"S01009411",589,403,186
"S01009412",644,441,203
"S01009413",774,546,228
"S01009414",503,325,178
"S01009415",492,322,170
"S01009416",290,196,94
"S01009417",1475,1186,289
"S01009418",703,455,248
"S01009419",428,277,151
"S01009420",459,273,186
"S01009421",456,280,176
"S01009422",526,360,166
"S01009424",441,294,147
"S01009425",413,263,150
"S01009426",566,355,211
"S01009427",433,271,162
"S01009428",373,221,152
"S01009429",475,283,192
"S01009430",547,344,203
"S01009431",371,238,133
"S01009432",584,367,217
"S01009433",590,361,229
"S01009434",398,243,155
"S01009435",544,341,203
"S01009436",508,343,165
"S01009437",439,280,159
"S01009438",460,286,174
"S01009439",690,418,272
"S01009440",464,299,165
"S01009441",582,399,183
"S01009442",992,729,263
"S01009443",2125,1698,427
"S01009444",637,477,160
"S01009445",591,396,195
"S01009446",526,325,201
"S01009447",391,261,130
"S01009448",441,302,139
"S01009449",375,228,147
"S01009450",444,281,163
"S01009451",551,357,194
"S01009452",375,238,137
"S01009453",738,495,243
"S01009454",475,331,144
"S01009455",615,420,195
"S01009456",859,581,278
"S01009457",628,428,200
"S01009458",481,322,159
"S01009459",558,375,183
"S01009460",697,467,230
"S01009462",907,642,265
"S01009463",483,315,168
"S01009464",625,457,168
"S01009465",440,296,144
"S01009466",428,290,138
"S01009467",570,375,195
"S01009468",565,361,204
"S01009469",619,417,202
"S01009470",348,228,120
"S01009471",420,233,187
"S01009472",673,450,223
"S01009473",794,528,266
"S01009474",588,439,149
"S01009476",776,597,179
"S01009477",513,359,154
"S01009478",691,527,164
"S01009479",683,478,205
"S01009480",522,369,153
"S01009481",693,541,152
"S01009482",477,361,116
"S01009483",576,464,112
"S01009484",579,352,227
"S01009485",565,357,208
"S01009486",445,297,148
"S01009487",561,380,181
"S01009488",486,355,131
"S01009489",586,355,231
"S01009490",560,350,210
"S01009491",491,278,213
"S01009492",635,424,211
"S01009493",597,367,230
"S01009494",714,567,147
"S01009495",696,519,177
"S01009496",585,395,190
"S01009497",668,471,197
"S01009498",507,323,184
"S01009499",597,384,213
"S01009500",552,362,190
"S01009501",474,316,158
"S01009502",615,434,181
"S01009503",537,399,138
"S01009504",498,323,175
"S01009505",555,364,191
"S01009506",527,342,185
"S01009507",546,409,137
"S01009508",632,415,217
"S01009509",715,503,212
"S01009510",538,355,183
"S01009511",440,295,145
"S01009512",583,411,172
"S01009513",443,290,153
"S01009514",553,418,135
"S01009515",515,331,184
"S01009516",691,430,261
"S01009519",458,324,134
"S01009520",639,454,185
"S01009521",515,319,196
"S01009522",713,483,230
"S01009523",434,261,173
"S01009524",436,279,157
"S01009525",454,284,170
"S01009526",541,430,111
"S01009527",506,359,147
"S01009528",349,194,155
"S01009529",412,290,122
"S01009530",429,305,124
"S01009531",607,361,246
"S01009532",591,307,284
"S01009533",588,399,189
"S01009534",587,368,219
"S01009535",457,306,151
"S01009536",378,252,126
"S01009537",399,250,149
"S01009538",579,386,193
"S01009539",650,441,209
"S01009540",636,435,201
"S01009541",1290,919,371
"S01009542",452,327,125
"S01009543",402,253,149
"S01009544",574,383,191
"S01009545",903,665,238
"S01009546",431,292,139
"S01009547",659,422,237
"S01009548",458,308,150
"S01009549",547,392,155
"S01009550",374,270,104
"S01009551",391,264,127
"S01009552",669,461,208
"S01009553",626,413,213
"S01009554",589,402,187
"S01009555",486,357,129
"S01009556",574,405,169
"S01009557",493,324,169
"S01009558",486,307,179
"S01009559",654,428,226
"S01009560",557,345,212
"S01009561",383,246,137
"S01009562",547,366,181
"S01009563",551,341,210
"S01009564",465,294,171
"S01009565",426,262,164
"S01009566",780,565,215
"S01009567",663,452,211
"S01009568",522,333,189
"S01009569",601,388,213
"S01009570",400,259,141
"S01009571",511,330,181
"S01009572",761,494,267
"S01009573",537,337,200
"S01009574",1006,723,283
"S01009575",381,267,114
"S01009576",749,559,190
"S01009577",556,390,166
"S01009578",574,417,157
"S01009579",454,299,155
"S01009580",401,308,93
"S01009581",439,286,153
"S01009582",380,281,99
"S01009583",582,393,189
"S01009584",372,253,119
"S01009585",730,514,216
"S01009586",494,284,210
"S01009587",497,305,192
"S01009588",725,490,235
"S01009589",677,486,191
"S01009590",290,187,103
"S01009591",533,392,141
"S01009592",694,461,233
"S01009593",454,343,111
"S01009594",525,392,133
"S01009595",165,129,36
"S01009596",607,430,177
"S01009597",619,420,199
"S01009598",483,310,173
"S01009599",687,463,224
"S01009600",453,283,170
"S01009601",445,303,142
"S01009602",592,471,121
"S01009603",442,309,133
"S01009604",489,323,166
"S01009605",580,346,234
"S01009606",572,459,113
"S01009607",404,278,126
"S01009608",427,315,112
"S01009609",518,371,147
"S01009610",732,499,233
"S01009611",425,309,116
"S01009612",345,251,94
"S01009613",355,276,79
"S01009614",589,434,155
"S01009615",303,181,122
"S01009616",485,344,141
"S01009617",471,339,132
"S01009618",528,354,174
"S01009619",464,286,178
"S01009620",570,348,222
"S01009621",591,369,222
"S01009622",485,311,174
"S01009623",355,213,142
"S01009624",602,369,233
"S01009625",602,422,180
"S01009626",424,236,188
"S01009627",587,377,210
"S01009628",354,172,182
"S01009629",769,511,258
"S01009630",582,367,215
"S01009631",544,322,222
"S01009632",394,228,166
"S01009633",512,318,194
"S01009634",362,194,168
"S01009635",654,432,222
"S01009636",693,427,266
"S01009637",548,375,173
"S01009638",615,362,253
"S01009639",452,304,148
"S01009640",420,240,180
"S01009641",563,352,211
"S01009642",706,503,203
"S01009643",79,61,18
"S01009644",922,673,249
"S01009645",474,304,170
"S01009646",430,277,153
"S01009647",424,262,162
"S01009648",564,372,192
"S01009649",793,504,289
"S01009650",407,253,154
"S01009651",1053,678,375
"S01009652",433,269,164
"S01009653",389,279,110
"S01009654",408,259,149
"S01009655",641,408,233
"S01009656",529,276,253
"S01009657",599,418,181
"S01009658",535,378,157
"S01009659",384,266,118
"S01009660",652,414,238
"S01009661",846,610,236
"S01009662",672,486,186
"S01009663",372,248,124
"S01009664",688,497,191
"S01009665",475,332,143
"S01009666",561,379,182
"S01009667",384,270,114
"S01009668",421,325,96
"S01009669",432,285,147
"S01009670",677,490,187
"S01009671",394,291,103
"S01009672",521,375,146
"S01009673",440,305,135
"S01009674",793,560,233
"S01009675",750,514,236
"S01009676",585,428,157
"S01009677",446,320,126
"S01009678",442,305,137
"S01009679",770,532,238
"S01009680",512,369,143
"S01009681",530,337,193
"S01009682",458,318,140
"S01009683",556,358,198
"S01009684",845,618,227
"S01009685",458,306,152
"S01009686",816,571,245
"S01009687",523,380,143
"S01009688",636,418,218
"S01009689",452,331,121
"S01009690",531,388,143
"S01009691",475,331,144
"S01009692",750,484,266
"S01009693",312,230,82
"S01009694",792,499,293
"S01009695",463,310,153
"S01009696",698,484,214
"S01009697",525,365,160
"S01009698",458,319,139
"S01009699",303,165,138
"S01009700",488,324,164
"S01009701",259,142,117
"S01009702",472,331,141
"S01009703",328,212,116
"S01009704",706,466,240
"S01009705",549,393,156
"S01009706",440,308,132
"S01009707",359,271,88
"S01009708",442,279,163
"S01009709",704,451,253
"S01009710",406,302,104
"S01009711",549,375,174
"S01009712",456,287,169
"S01009713",653,391,262
"S01009714",662,412,250
"S01009715",578,377,201
"S01009716",532,298,234
"S01009717",780,318,462
"S01009718",563,353,210
"S01009719",571,374,197
"S01009720",524,309,215
"S01009721",551,176,375
"S01009722",1012,303,709
"S01009723",703,230,473
"S01009724",813,404,409
"S01009725",714,288,426
"S01009726",988,291,697
"S01009727",894,580,314
"S01009728",486,321,165
"S01009729",516,305,211
"S01009730",240,140,100
"S01009731",348,164,184
"S01009732",540,236,304
"S01009733",314,204,110
"S01009734",1242,632,610
"S01009735",590,293,297
"S01009736",2500,490,2010
"S01009737",424,315,109
"S01009738",261,195,66
"S01009739",566,454,112
"S01009740",402,265,137
"S01009741",847,732,115
"S01009742",447,304,143
"S01009743",757,528,229
"S01009744",536,357,179
"S01009745",885,630,255
"S01009746",552,371,181
"S01009747",506,360,146
"S01009748",494,324,170
"S01009749",721,506,215
"S01009750",488,354,134
"S01009751",627,454,173
"S01009752",251,179,72
"S01009753",461,311,150
"S01009754",603,401,202
"S01009755",495,353,142
"S01009756",566,382,184
"S01009757",422,275,147
"S01009758",447,353,94
"S01009759",661,406,255
"S01009760",615,379,236
"S01009761",699,503,196
"S01009762",711,434,277
"S01009763",332,260,72
"S01009764",483,336,147
"S01009765",668,488,180
"S01009766",319,251,68
"S01009767",1421,989,432
"S01009768",247,163,84
"S01009769",877,694,183
"S01009770",545,375,170
"S01009771",652,475,177
"S01009772",488,383,105
"S01009775",631,328,303
"S01009776",398,224,174
"S01009777",366,246,120
"S01009778",623,286,337
"S01009779",396,243,153
"S01009780",283,184,99
"S01009781",392,228,164
"S01009782",432,294,138
"S01009783",656,440,216
"S01009784",559,309,250
"S01009785",588,341,247
"S01009786",684,398,286
"S01009787",642,385,257
"S01009788",600,368,232
"S01009789",648,384,264
"S01009790",468,314,154
"S01009791",478,284,194
"S01009792",258,202,56
"S01009793",1781,1282,499
"S01009794",361,306,55
"S01009795",658,562,96
"S01009796",343,233,110
"S01009797",590,459,131
"S01009798",538,440,98
"S01009799",588,358,230
"S01009800",807,531,276
"S01009801",717,436,281
"S01009802",735,499,236
"S01009803",367,215,152
"S01009805",905,537,368
"S01009806",684,434,250
"S01009807",800,547,253
"S01009808",637,402,235
"S01009809",436,311,125
"S01009810",596,365,231
"S01009811",793,458,335
"S01009812",538,336,202
"S01009813",494,282,212
"S01009814",614,400,214
"S01009815",547,392,155
"S01009816",545,415,130
"S01009817",486,317,169
"S01009818",716,441,275
"S01009819",456,267,189
"S01009820",686,456,230
"S01009821",490,353,137
"S01009822",334,239,95
"S01009823",426,250,176
"S01009824",669,467,202
"S01009825",723,487,236
"S01009826",402,259,143
"S01009827",624,381,243
"S01009828",551,303,248
"S01009829",751,542,209
"S01009830",576,411,165
"S01009831",521,413,108
"S01009832",717,514,203
"S01009833",256,191,65
"S01009834",606,444,162
"S01009835",376,242,134
"S01009836",723,497,226
"S01009837",481,301,180
"S01009838",563,383,180
"S01009839",795,509,286
"S01009840",731,442,289
"S01009841",651,411,240
"S01009842",511,327,184
"S01009843",467,244,223
"S01009844",426,255,171
"S01009845",550,381,169
"S01009846",691,439,252
"S01009847",505,343,162
"S01009848",666,407,259
"S01009849",518,324,194
"S01009850",570,360,210
"S01009851",679,445,234
"S01009852",289,178,111
"S01009853",592,378,214
"S01009854",592,396,196
"S01009855",426,308,118
"S01009856",460,269,191
"S01009857",677,445,232
"S01009858",550,372,178
"S01009859",806,433,373
"S01009860",715,374,341
"S01009861",802,466,336
"S01009862",1177,812,365
"S01009863",662,437,225
"S01009864",494,342,152
"S01009865",375,255,120
"S01009866",723,514,209
"S01009867",653,480,173
"S01009868",558,416,142
"S01009869",455,339,116
"S01009870",394,276,118
"S01009871",685,392,293
"S01009872",580,409,171
"S01009873",684,431,253
"S01009874",782,496,286
"S01009875",438,268,170
"S01009876",540,296,244
"S01009877",684,437,247
"S01009878",517,311,206
"S01009879",661,463,198
"S01009880",568,338,230
"S01009881",655,433,222
"S01009882",727,605,122
"S01009883",590,374,216
"S01009884",615,427,188
"S01009885",621,387,234
"S01009886",571,333,238
"S01009887",749,463,286
"S01009888",506,311,195
"S01009889",601,371,230
"S01009890",419,254,165
"S01009891",577,382,195
"S01009892",675,401,274
"S01009893",650,458,192
"S01009894",531,290,241
"S01009895",687,400,287
"S01009896",727,395,332
"S01009897",715,462,253
"S01009898",432,234,198
"S01009899",632,489,143
"S01009900",715,634,81
"S01009901",717,617,100
"S01009902",680,389,291
"S01009903",639,457,182
"S01009904",614,493,121
"S01009905",477,335,142
"S01009906",543,410,133
"S01009907",711,500,211
"S01009908",827,665,162
"S01009909",788,622,166
"S01009910",572,472,100
"S01009911",747,532,215
"S01009912",660,443,217
"S01009913",568,375,193
"S01009914",733,511,222
"S01009915",686,502,184
"S01009916",703,424,279
"S01009917",536,404,132
"S01009918",546,370,176
"S01009919",851,595,256
"S01009920",741,620,121
"S01009921",576,493,83
"S01009922",893,739,154
"S01009923",728,550,178
"S01009924",805,614,191
"S01009925",584,499,85
"S01009926",606,456,150
"S01009927",319,231,88
"S01009928",781,620,161
"S01009929",378,287,91
"S01009930",726,603,123
"S01009931",671,585,86
"S01009932",539,453,86
"S01009933",617,398,219
"S01009934",673,524,149
"S01009935",399,200,199
"S01009936",518,331,187
"S01009937",336,184,152
"S01009938",681,357,324
"S01009939",664,341,323
"S01009940",562,288,274
"S01009941",739,523,216
"S01009942",763,448,315
"S01009943",628,315,313
"S01009944",590,379,211
"S01009945",683,430,253
"S01009946",619,386,233
"S01009947",416,260,156
"S01009948",489,266,223
"S01009949",717,486,231
"S01009950",664,473,191
"S01009951",459,308,151
"S01009952",525,368,157
"S01009953",775,529,246
"S01009954",493,324,169
"S01009955",716,484,232
"S01009956",539,355,184
"S01009957",558,398,160
"S01009958",694,539,155
"S01009959",558,365,193
"S01009960",611,415,196
"S01009961",418,273,145
"S01009962",810,610,200
"S01009963",701,514,187
"S01009964",605,442,163
"S01009965",546,400,146
"S01009966",597,435,162
"S01009967",626,448,178
"S01009968",468,343,125
"S01009969",626,405,221
"S01009970",655,376,279
"S01009971",834,525,309
"S01009972",666,445,221
"S01009973",553,391,162
"S01009974",434,244,190
"S01009975",580,267,313
"S01009976",372,213,159
"S01009977",738,325,413
"S01009978",747,441,306
"S01009979",408,209,199
"S01009980",481,230,251
"S01009981",496,299,197
"S01009982",748,497,251
"S01009983",418,228,190
"S01009984",567,388,179
"S01009985",456,266,190
"S01009986",409,208,201
"S01009987",530,320,210
"S01009988",388,195,193
"S01009989",612,434,178
"S01009990",524,400,124
"S01009991",601,458,143
"S01009992",512,279,233
"S01009993",626,490,136
"S01009994",512,381,131
"S01009995",517,397,120
"S01009996",542,394,148
"S01009997",441,340,101
"S01009998",507,331,176
"S01009999",628,436,192
"S01010000",476,362,114
"S01010001",479,336,143
"S01010002",608,438,170
"S01010003",546,393,153
"S01010004",546,391,155
"S01010005",620,479,141
"S01010006",727,558,169
"S01010007",719,553,166
"S01010008",537,413,124
"S01010009",505,420,85
"S01010010",724,533,191
"S01010011",601,411,190
"S01010012",624,428,196
"S01010013",725,556,169
"S01010014",764,572,192
"S01010015",696,555,141
"S01010016",513,325,188
"S01010017",555,347,208
"S01010018",695,417,278
"S01010019",522,293,229
"S01010020",547,348,199
"S01010021",597,305,292
"S01010022",788,431,357
"S01010023",448,214,234
"S01010024",477,309,168
"S01010025",438,230,208
"S01010026",834,531,303
"S01010027",669,465,204
"S01010028",471,283,188
"S01010029",439,197,242
"S01010030",726,515,211
"S01010031",855,649,206
"S01010032",1299,845,454
"S01010033",728,463,265
"S01010034",799,429,370
"S01010035",545,301,244
"S01010036",140,104,36
"S01010037",527,263,264
"S01010038",675,389,286
"S01010039",1133,790,343
"S01010040",792,562,230
"S01010041",608,401,207
"S01010042",870,668,202
"S01010043",527,347,180
"S01010044",978,640,338
"S01010045",381,179,202
"S01010046",606,349,257
"S01010047",615,317,298
"S01010048",727,387,340
"S01010049",649,374,275
"S01010050",574,290,284
"S01010051",528,268,260
"S01010052",586,331,255
"S01010053",666,400,266
"S01010054",398,199,199
"S01010055",874,497,377
"S01010056",515,314,201
"S01010057",129,85,44
"S01010058",512,320,192
"S01010059",506,371,135
"S01010060",713,444,269
"S01010061",395,293,102
"S01010062",525,318,207
"S01010063",886,568,318
"S01010064",398,258,140
"S01010065",635,371,264
"S01010066",570,300,270
"S01010067",438,255,183
"S01010068",552,360,192
"S01010069",598,461,137
"S01010070",546,431,115
"S01010071",690,453,237
"S01010072",610,421,189
"S01010073",555,382,173
"S01010074",573,382,191
"S01010075",444,252,192
"S01010076",507,332,175
"S01010077",375,203,172
"S01010078",400,296,104
"S01010079",710,500,210
"S01010080",499,325,174
"S01010081",546,346,200
"S01010082",656,467,189
"S01010083",603,351,252
"S01010084",592,348,244
"S01010085",499,351,148
"S01010086",702,391,311
"S01010087",549,347,202
"S01010088",1284,1111,173
"S01010089",546,336,210
"S01010090",810,617,193
"S01010091",347,253,94
"S01010092",715,354,361
"S01010093",676,472,204
"S01010094",497,357,140
"S01010095",534,393,141
"S01010096",567,419,148
"S01010097",543,387,156
"S01010098",534,390,144
"S01010099",511,362,149
"S01010100",675,441,234
"S01010101",566,400,166
"S01010102",738,591,147
"S01010103",758,636,122
"S01010104",265,215,50
"S01010105",423,258,165
"S01010106",316,179,137
"S01010107",545,328,217
"S01010108",499,330,169
"S01010109",1416,1132,284
"S01010110",665,350,315
"S01010111",593,320,273
"S01010112",770,448,322
"S01010113",374,223,151
"S01010114",569,288,281
"S01010115",435,340,95
"S01010116",359,284,75
"S01010117",333,219,114
"S01010118",456,228,228
"S01010119",380,265,115
"S01010120",744,422,322
"S01010121",430,251,179
"S01010122",345,162,183
"S01010123",513,324,189
"S01010124",419,311,108
"S01010125",337,218,119
"S01010126",563,394,169
"S01010127",520,292,228
"S01010128",336,181,155
"S01010129",530,294,236
"S01010130",442,255,187
"S01010131",733,509,224
"S01010132",800,387,413
"S01010133",530,270,260
"S01010134",743,425,318
"S01010135",544,293,251
"S01010136",608,405,203
"S01010137",666,400,266
"S01010138",760,351,409
"S01010139",780,465,315
"S01010140",582,452,130
"S01010141",613,333,280
"S01010142",458,307,151
"S01010143",517,296,221
"S01010144",507,343,164
"S01010145",586,379,207
"S01010146",614,394,220
"S01010147",718,409,309
"S01010148",565,316,249
"S01010149",408,294,114
"S01010150",377,201,176
"S01010151",431,215,216
"S01010152",620,391,229
"S01010153",688,386,302
"S01010154",566,279,287
"S01010155",574,329,245
"S01010156",320,174,146
"S01010157",423,226,197
"S01010158",667,385,282
"S01010159",513,282,231
"S01010160",465,272,193
"S01010161",469,332,137
"S01010162",425,238,187
"S01010163",518,277,241
"S01010164",550,314,236
"S01010165",576,328,248
"S01010166",551,313,238
"S01010167",612,302,310
"S01010168",191,122,69
"S01010169",611,411,200
"S01010170",416,251,165
"S01010171",1146,732,414
"S01010172",501,269,232
"S01010173",529,332,197
"S01010174",1251,381,870
"S01010175",344,212,132
"S01010176",495,278,217
"S01010177",541,307,234
"S01010178",708,413,295
"S01010179",464,262,202
"S01010180",562,376,186
"S01010181",450,253,197
"S01010182",552,411,141
"S01010183",320,179,141
"S01010184",462,279,183
"S01010185",374,216,158
"S01010186",501,369,132
"S01010187",528,416,112
"S01010188",1122,887,235
"S01010189",730,612,118
"S01010191",521,414,107
"S01010192",627,507,120
"S01010193",658,487,171
"S01010194",472,283,189
"S01010195",390,237,153
"S01010196",561,316,245
"S01010197",500,310,190
"S01010198",748,407,341
"S01010199",375,236,139
"S01010200",487,290,197
"S01010201",453,319,134
"S01010202",520,288,232
"S01010203",406,311,95
"S01010204",589,314,275
"S01010205",534,317,217
"S01010206",338,72,266
"S01010207",459,192,267
"S01010208",745,521,224
"S01010209",677,424,253
"S01010210",641,391,250
"S01010211",589,302,287
"S01010212",824,440,384
"S01010213",657,389,268
"S01010214",717,483,234
"S01010215",608,307,301
"S01010216",464,254,210
"S01010217",598,366,232
"S01010218",790,541,249
"S01010219",382,227,155
"S01010220",519,388,131
"S01010221",308,161,147
"S01010222",414,275,139
"S01010223",462,262,200
"S01010224",828,457,371
"S01010225",734,465,269
"S01010226",565,316,249
"S01010227",454,243,211
"S01010228",499,253,246
"S01010229",787,497,290
"S01010230",772,442,330
"S01010231",712,447,265
"S01010232",743,493,250
"S01010233",705,398,307
"S01010234",995,672,323
"S01010235",742,592,150
"S01010236",464,348,116
"S01010237",436,339,97
"S01010238",658,487,171
"S01010239",612,367,245
"S01010240",580,396,184
"S01010241",830,583,247
"S01010242",644,435,209
"S01010243",833,568,265
"S01010244",636,345,291
"S01010245",696,343,353
"S01010246",649,361,288
"S01010247",581,396,185
"S01010248",738,564,174
"S01010249",617,445,172
"S01010250",676,521,155
"S01010251",530,403,127
"S01010252",629,462,167
"S01010253",481,264,217
"S01010254",841,524,317
"S01010255",523,311,212
"S01010256",676,410,266
"S01010257",1526,537,989
"S01010258",493,306,187
"S01010259",1089,453,636
"S01010260",1780,807,973
"S01010261",2373,931,1442
"S01010262",750,363,387
"S01010263",713,485,228
"S01010264",816,556,260
"S01010265",986,633,353
"S01010266",474,281,193
"S01010267",582,363,219
"S01010268",683,417,266
"S01010269",421,224,197
"S01010270",972,442,530
"S01010271",842,475,367
"S01010272",1154,716,438
"S01010273",378,273,105
"S01010274",548,377,171
"S01010275",575,424,151
"S01010276",920,703,217
"S01010277",464,267,197
"S01010278",472,310,162
"S01010279",452,269,183
"S01010280",793,585,208
"S01010281",719,502,217
"S01010282",896,605,291
"S01010283",578,452,126
"S01010284",1339,728,611
"S01010285",630,396,234
"S01010286",1388,600,788
"S01010287",810,507,303
"S01010288",745,496,249
"S01010289",687,525,162
"S01010290",485,313,172
"S01010291",975,518,457
"S01010292",831,535,296
"S01010293",723,455,268
"S01010294",631,338,293
"S01010295",870,522,348
"S01010296",560,334,226
"S01010297",894,501,393
"S01010298",677,415,262
"S01010299",404,200,204
"S01010300",764,449,315
"S01010301",457,305,152
"S01010302",495,249,246
"S01010303",387,189,198
"S01010304",456,255,201
"S01010305",694,429,265
"S01010306",675,472,203
"S01010307",732,543,189
"S01010308",858,591,267
"S01010309",356,193,163
"S01010310",540,329,211
"S01010311",455,226,229
"S01010312",647,327,320
"S01010313",529,271,258
"S01010314",1034,541,493
"S01010315",569,408,161
"S01010316",1628,690,938
"S01010317",660,482,178
"S01010318",342,232,110
"S01010319",565,404,161
"S01010320",594,370,224
"S01010321",634,441,193
"S01010322",914,686,228
"S01010323",466,237,229
"S01010324",566,284,282
"S01010325",760,371,389
"S01010326",707,359,348
"S01010327",827,558,269
"S01010328",706,457,249
"S01010329",377,220,157
"S01010330",369,209,160
"S01010331",457,264,193
"S01010332",549,293,256
"S01010333",712,440,272
"S01010334",766,498,268
"S01010335",573,315,258
"S01010336",471,260,211
"S01010337",486,275,211
"S01010338",641,340,301
"S01010339",489,270,219
"S01010340",415,260,155
"S01010341",441,282,159
"S01010342",430,337,93
"S01010343",745,602,143
"S01010344",540,292,248
"S01010345",551,429,122
"S01010346",783,588,195
"S01010347",885,470,415
"S01010348",707,468,239
"S01010349",666,405,261
"S01010350",668,392,276
"S01010351",636,443,193
"S01010352",395,223,172
"S01010353",706,338,368
"S01010354",562,328,234
"S01010355",582,361,221
"S01010356",539,409,130
"S01010357",468,266,202
"S01010358",621,350,271
"S01010359",553,307,246
"S01010360",470,283,187
"S01010361",445,263,182
"S01010362",672,385,287
"S01010363",607,452,155
"S01010364",700,490,210
"S01010365",782,582,200
"S01010366",850,617,233
"S01010367",1413,702,711
"S01010368",543,406,137
"S01010369",654,501,153
"S01010370",618,468,150
"S01010371",872,611,261
"S01010372",431,333,98
"S01010373",654,461,193
"S01010374",860,606,254
"S01010375",397,201,196
"S01010376",659,380,279
"S01010377",851,443,408
"S01010378",773,395,378
"S01010379",1044,519,525
"S01010380",752,530,222
"S01010381",561,373,188
"S01010382",763,557,206
"S01010383",670,390,280
"S01010384",824,585,239
"S01010385",749,492,257
"S01010386",680,412,268
"S01010387",940,646,294
"S01010388",867,554,313
"S01010389",1638,1281,357
"S01010390",981,792,189
"S01010391",666,526,140
"S01010393",880,669,211
"S01010394",640,365,275
"S01010395",840,592,248
"S01010396",863,589,274
"S01010397",475,349,126
"S01010398",909,694,215
"S01010399",946,766,180
"S01010400",891,669,222
"S01010401",524,347,177
"S01010402",855,656,199
"S01010403",836,610,226
"S01010404",622,464,158
"S01010405",660,511,149
"S01010406",735,528,207
"S01010407",819,464,355
"S01010408",369,246,123
"S01010409",491,345,146
"S01010410",424,315,109
"S01010411",883,630,253
"S01010412",694,504,190
"S01010413",503,315,188
"S01010414",626,456,170
"S01010415",776,488,288
"S01010416",558,402,156
"S01010417",428,336,92
"S01010418",894,690,204
"S01010419",772,579,193
"S01010420",441,305,136
"S01010421",637,455,182
"S01010422",778,547,231
"S01010423",661,428,233
"S01010424",635,399,236
"S01010425",819,527,292
"S01010426",582,405,177
"S01010427",703,407,296
"S01010428",507,351,156
"S01010429",725,550,175
"S01010430",645,389,256
"S01010431",514,378,136
"S01010432",583,360,223
"S01010433",537,314,223
"S01010434",473,301,172
"S01010435",443,306,137
"S01010436",749,475,274
"S01010437",406,257,149
"S01010438",592,387,205
"S01010439",772,556,216
"S01010440",643,399,244
"S01010441",686,578,108
"S01010442",587,454,133
"S01010443",378,262,116
"S01010444",496,310,186
"S01010445",426,227,199
"S01010446",649,436,213
"S01010447",747,414,333
"S01010448",646,438,208
"S01010449",571,326,245
"S01010450",605,355,250
"S01010451",714,435,279
"S01010452",569,353,216
"S01010453",399,242,157
"S01010454",572,353,219
"S01010455",697,359,338
"S01010456",386,247,139
"S01010457",466,292,174
"S01010458",557,306,251
"S01010459",409,215,194
"S01010460",532,402,130
"S01010461",619,374,245
"S01010462",614,318,296
"S01010463",567,388,179
"S01010464",369,264,105
"S01010465",769,602,167
"S01010466",753,569,184
"S01010467",596,378,218
"S01010468",726,519,207
"S01010469",473,315,158
"S01010470",602,393,209
"S01010471",406,254,152
"S01010472",867,686,181
"S01010473",630,447,183
"S01010474",672,482,190
"S01010475",142,109,33
"S01010476",647,426,221
"S01010477",559,366,193
"S01010478",776,483,293
"S01010479",735,470,265
"S01010480",417,256,161
"S01010481",459,266,193
"S01010482",547,359,188
"S01010483",758,476,282
"S01010484",428,279,149
"S01010485",684,480,204
"S01010486",709,517,192
"S01010487",683,479,204
"S01010488",559,350,209
"S01010489",719,453,266
"S01010490",508,296,212
"S01010491",610,368,242
"S01010492",395,197,198
"S01010493",347,210,137
"S01010494",464,320,144
"S01010495",673,387,286
"S01010496",746,413,333
"S01010497",670,429,241
"S01010498",501,283,218
"S01010499",517,248,269
"S01010500",732,424,308
"S01010501",673,434,239
"S01010502",599,445,154
"S01010503",503,276,227
"S01010504",389,263,126
"S01010505",423,296,127
"S01010506",629,462,167
"S01010507",588,455,133
"S01010508",736,514,222
"S01010509",1063,796,267
"S01010510",429,305,124
"S01010511",652,478,174
"S01010512",321,212,109
"S01010513",576,428,148
"S01010514",504,373,131
"S01010515",600,438,162
"S01010516",378,264,114
"S01010517",642,479,163
"S01010518",434,350,84
"S01010519",618,453,165
"S01010520",667,511,156
"S01010521",433,339,94
"S01010522",441,326,115
"S01010523",433,303,130
"S01010524",415,296,119
"S01010525",486,319,167
"S01010526",581,432,149
"S01010527",658,462,196
"S01010528",445,336,109
"S01010529",528,382,146
"S01010530",501,369,132
"S01010531",803,609,194
"S01010532",505,364,141
"S01010533",419,294,125
"S01010534",560,407,153
"S01010535",524,372,152
"S01010536",631,475,156
"S01010537",630,506,124
"S01010538",585,472,113
"S01010539",913,745,168
"S01010540",475,338,137
"S01010541",649,470,179
"S01010542",673,477,196
"S01010543",562,417,145
"S01010544",533,395,138
"S01010545",509,355,154
"S01010546",544,397,147
"S01010547",567,394,173
"S01010548",512,330,182
"S01010549",822,586,236
"S01010550",331,249,82
"S01010551",492,347,145
"S01010552",582,422,160
"S01010553",649,467,182
"S01010554",490,352,138
"S01010555",711,522,189
"S01010556",670,411,259
"S01010557",336,234,102
"S01010558",424,243,181
"S01010559",491,306,185
"S01010560",487,343,144
"S01010561",372,249,123
"S01010562",676,497,179
"S01010563",390,291,99
"S01010564",386,240,146
"S01010565",394,245,149
"S01010566",798,611,187
"S01010567",795,589,206
"S01010568",742,548,194
"S01010569",748,588,160
"S01010570",777,557,220
"S01010571",626,515,111
"S01010572",692,536,156
"S01010573",406,324,82
"S01010574",416,326,90
"S01010575",511,373,138
"S01010576",613,445,168
"S01010577",659,473,186
"S01010578",436,351,85
"S01010579",580,442,138
"S01010580",444,331,113
"S01010581",300,246,54
"S01010582",663,511,152
"S01010583",742,583,159
"S01010584",1395,1167,228
"S01010586",371,271,100
"S01010587",446,319,127
"S01010588",224,158,66
"S01010589",482,377,105
"S01010591",434,379,55
"S01010592",402,317,85
"S01010593",1684,1381,303
"S01010596",2591,2105,486
"S01010599",352,279,73
"S01010600",446,318,128
"S01010601",450,299,151
"S01010602",517,406,111
"S01010603",600,450,150
"S01010604",421,311,110
"S01010605",668,467,201
"S01010606",581,417,164
"S01010607",603,466,137
"S01010608",477,324,153
"S01010609",429,310,119
"S01010610",448,307,141
"S01010611",717,549,168
"S01010612",567,420,147
"S01010613",522,339,183
"S01010614",411,289,122
"S01010615",639,517,122
"S01010616",640,483,157
"S01010617",688,541,147
"S01010618",600,495,105
"S01010619",528,424,104
"S01010620",649,518,131
"S01010621",808,593,215
"S01010622",336,252,84
"S01010623",481,375,106
"S01010624",519,363,156
"S01010625",578,386,192
"S01010626",619,401,218
"S01010627",637,489,148
"S01010628",792,587,205
"S01010629",654,455,199
"S01010630",325,239,86
"S01010631",578,447,131
"S01010632",601,412,189
"S01010633",704,474,230
"S01010634",476,346,130
"S01010635",577,396,181
"S01010636",501,371,130
"S01010637",445,327,118
"S01010638",709,478,231
"S01010639",871,622,249
"S01010640",693,542,151
"S01010641",726,485,241
"S01010642",686,459,227
"S01010643",511,354,157
"S01010644",441,264,177
"S01010645",244,192,52
"S01010646",520,388,132
"S01010647",522,405,117
"S01010648",522,388,134
"S01010649",415,314,101
"S01010650",472,312,160
"S01010651",533,378,155
"S01010652",661,465,196
"S01010653",612,474,138
"S01010654",603,447,156
"S01010655",657,486,171
"S01010656",335,233,102
"S01010657",498,369,129
"S01010658",562,397,165
"S01010659",611,436,175
"S01010660",437,309,128
"S01010661",449,344,105
"S01010662",444,323,121
"S01010663",611,417,194
"S01010664",737,538,199
"S01010665",686,456,230
"S01010666",680,473,207
"S01010667",405,302,103
"S01010668",834,578,256
"S01010669",417,298,119
"S01010670",522,376,146
"S01010671",470,305,165
"S01010672",468,336,132
"S01010673",518,362,156
"S01010674",715,515,200
"S01010675",480,322,158
"S01010676",713,459,254
"S01010677",261,173,88
"S01010678",671,476,195
"S01010679",338,255,83
"S01010680",472,337,135
"S01010681",643,489,154
"S01010682",731,529,202
"S01010683",738,486,252
"S01010684",612,408,204
"S01010685",472,300,172
"S01010686",432,292,140
"S01010687",607,404,203
"S01010688",560,387,173
"S01010689",557,348,209
"S01010690",466,354,112
"S01010691",480,341,139
"S01010692",538,418,120
"S01010693",363,259,104
"S01010694",425,248,177
"S01010695",503,376,127
"S01010696",721,538,183
"S01010697",741,499,242
"S01010698",560,374,186
"S01010699",467,337,130
"S01010700",457,341,116
"S01010701",774,574,200
"S01010702",605,435,170
"S01010703",1211,870,341
"S01010704",248,163,85
"S01010705",769,546,223
"S01010706",292,204,88
"S01010707",662,471,191
"S01010708",412,303,109
"S01010709",534,420,114
"S01010710",553,387,166
"S01010711",464,334,130
"S01010712",525,383,142
"S01010713",585,451,134
"S01010714",531,336,195
"S01010715",511,366,145
"S01010716",649,491,158
"S01010717",472,323,149
"S01010718",702,528,174
"S01010719",460,329,131
"S01010720",520,335,185
"S01010721",477,332,145
"S01010722",605,434,171
"S01010723",671,502,169
"S01010724",635,487,148
"S01010725",554,406,148
"S01010726",697,459,238
"S01010727",385,252,133
"S01010728",494,336,158
"S01010729",558,412,146
"S01010730",651,469,182
"S01010731",679,485,194
"S01010732",621,394,227
"S01010733",414,267,147
"S01010734",665,435,230
"S01010735",447,296,151
"S01010736",205,116,89
"S01010737",804,510,294
"S01010738",411,279,132
"S01010739",643,457,186
"S01010740",361,220,141
"S01010741",409,288,121
"S01010742",516,365,151
"S01010743",652,413,239
"S01010744",859,593,266
"S01010745",465,314,151
"S01010746",841,592,249
"S01010747",622,412,210
"S01010748",479,310,169
"S01010749",467,317,150
"S01010750",481,302,179
"S01010751",470,283,187
"S01010752",586,402,184
"S01010753",765,508,257
"S01010754",431,283,148
"S01010755",456,320,136
"S01010756",477,346,131
"S01010757",569,369,200
"S01010758",506,314,192
"S01010759",481,321,160
"S01010760",355,234,121
"S01010761",402,292,110
"S01010762",435,285,150
"S01010763",475,330,145
"S01010764",429,274,155
"S01010765",642,408,234
"S01010766",560,343,217
"S01010767",506,322,184
"S01010768",410,257,153
"S01010769",381,236,145
"S01010770",646,457,189
"S01010771",621,373,248
"S01010772",617,375,242
"S01010773",604,404,200
"S01010774",529,343,186
"S01010775",494,388,106
"S01010776",402,285,117
"S01010777",380,261,119
"S01010778",356,227,129
"S01010779",564,359,205
"S01010780",406,282,124
"S01010781",600,430,170
"S01010782",439,275,164
"S01010783",419,267,152
"S01010784",529,369,160
"S01010785",532,377,155
"S01010786",485,360,125
"S01010787",655,469,186
"S01010788",461,355,106
"S01010789",551,381,170
"S01010790",512,349,163
"S01010791",642,420,222
"S01010792",461,319,142
"S01010793",485,355,130
"S01010794",480,345,135
"S01010795",497,336,161
"S01010796",860,624,236
"S01010797",581,441,140
"S01010798",494,345,149
"S01010799",681,453,228
"S01010800",537,386,151
"S01010801",457,300,157
"S01010802",419,317,102
"S01010803",428,285,143
"S01010804",431,294,137
"S01010805",637,449,188
"S01010806",678,446,232
"S01010807",408,291,117
"S01010808",388,269,119
"S01010809",584,436,148
"S01010810",370,213,157
"S01010811",541,373,168
"S01010812",396,289,107
"S01010813",424,303,121
"S01010814",484,340,144
"S01010815",341,246,95
"S01010816",359,225,134
"S01010817",745,489,256
"S01010818",698,485,213
"S01010819",751,496,255
"S01010820",754,485,269
"S01010821",436,261,175
"S01010822",567,367,200
"S01010823",346,248,98
"S01010824",231,170,61
"S01010825",695,546,149
"S01010826",508,331,177
"S01010827",476,357,119
"S01010828",928,741,187
"S01010829",647,420,227
"S01010830",442,325,117
"S01010831",432,365,67
"S01010832",1084,831,253
"S01010833",383,276,107
"S01010834",615,387,228
"S01010835",510,326,184
"S01010836",616,424,192
"S01010837",386,239,147
"S01010838",610,454,156
"S01010839",504,340,164
"S01010840",376,243,133
"S01010841",603,418,185
"S01010842",659,356,303
"S01010843",480,301,179
"S01010844",512,341,171
"S01010845",477,312,165
"S01010846",596,423,173
"S01010847",509,388,121
"S01010848",503,318,185
"S01010849",687,414,273
"S01010850",609,346,263
"S01010851",491,319,172
"S01010852",677,449,228
"S01010853",663,458,205
"S01010854",660,426,234
"S01010855",412,269,143
"S01010856",633,377,256
"S01010857",629,461,168
"S01010858",522,340,182
"S01010859",538,319,219
"S01010860",456,292,164
"S01010861",389,226,163
"S01010862",420,233,187
"S01010863",654,425,229
"S01010864",431,303,128
"S01010865",536,310,226
"S01010866",482,276,206
"S01010867",472,310,162
"S01010868",580,351,229
"S01010869",565,397,168
"S01010870",565,408,157
"S01010871",626,459,167
"S01010872",571,376,195
"S01010873",364,195,169
"S01010874",589,432,157
"S01010875",395,295,100
"S01010876",552,367,185
"S01010877",779,491,288
"S01010878",958,513,445
"S01010879",686,495,191
"S01010880",403,255,148
"S01010881",389,252,137
"S01010882",441,331,110
"S01010883",664,504,160
"S01010884",534,284,250
"S01010885",593,330,263
"S01010886",383,247,136
"S01010887",442,202,240
"S01010888",792,489,303
"S01010889",392,227,165
"S01010890",515,261,254
"S01010891",308,142,166
"S01010892",646,361,285
"S01010893",386,193,193
"S01010894",464,322,142
"S01010895",324,161,163
"S01010896",600,324,276
"S01010897",448,270,178
"S01010898",473,284,189
"S01010899",364,271,93
"S01010900",493,307,186
"S01010901",325,182,143
"S01010902",742,461,281
"S01010903",603,313,290
"S01010904",430,250,180
"S01010905",486,319,167
"S01010906",724,495,229
"S01010907",461,386,75
"S01010908",385,246,139
"S01010909",410,290,120
"S01010910",376,227,149
"S01010911",399,200,199
"S01010912",483,226,257
"S01010913",504,343,161
"S01010914",645,477,168
"S01010915",458,340,118
"S01010916",433,225,208
"S01010917",537,341,196
"S01010918",532,306,226
"S01010919",613,361,252
"S01010920",329,167,162
"S01010921",486,295,191
"S01010922",630,349,281
"S01010923",687,394,293
"S01010924",472,291,181
"S01010925",619,365,254
"S01010926",614,364,250
"S01010927",418,252,166
"S01010928",526,300,226
"S01010929",483,271,212
"S01010930",1180,892,288
"S01010931",399,270,129
"S01010932",339,229,110
"S01010933",634,467,167
"S01010934",779,571,208
"S01010935",399,233,166
"S01010936",348,250,98
"S01010937",573,432,141
"S01010938",572,387,185
"S01010939",402,291,111
"S01010940",442,325,117
"S01010941",562,407,155
"S01010942",523,345,178
"S01010943",469,344,125
"S01010944",431,297,134
"S01010945",415,311,104
"S01010946",600,443,157
"S01010947",404,272,132
"S01010948",432,297,135
"S01010949",732,525,207
"S01010950",616,415,201
"S01010951",469,345,124
"S01010952",392,315,77
"S01010953",438,329,109
"S01010954",517,403,114
"S01010955",691,507,184
"S01010956",600,442,158
"S01010957",443,309,134
"S01010958",364,242,122
"S01010959",442,322,120
"S01010960",1126,817,309
"S01010961",433,298,135
"S01010962",553,329,224
"S01010963",608,489,119
"S01010964",406,266,140
"S01010965",393,275,118
"S01010966",386,259,127
"S01010967",487,341,146
"S01010968",535,363,172
"S01010969",377,247,130
"S01010970",704,508,196
"S01010971",669,520,149
"S01010972",452,305,147
"S01010973",389,258,131
"S01010974",522,368,154
"S01010975",350,231,119
"S01010976",319,228,91
"S01010977",535,391,144
"S01010978",518,370,148
"S01010979",592,432,160
"S01010980",538,369,169
"S01010981",535,337,198
"S01010982",669,477,192
"S01010983",628,435,193
"S01010984",456,255,201
"S01010985",444,326,118
"S01010986",318,262,56
"S01010987",501,411,90
"S01010988",442,362,80
"S01010990",596,403,193
"S01010991",1496,1273,223
"S01010992",143,103,40
"S01010993",568,417,151
"S01010994",1182,835,347
"S01010995",575,421,154
"S01010996",432,331,101
"S01010997",482,301,181
"S01010998",419,302,117
"S01010999",650,399,251
"S01011000",1009,682,327
"S01011001",407,288,119
"S01011002",521,356,165
"S01011003",485,353,132
"S01011004",452,362,90
"S01011005",500,322,178
"S01011006",842,642,200
"S01011007",480,331,149
"S01011008",600,401,199
"S01011009",395,305,90
"S01011010",450,300,150
"S01011011",586,367,219
"S01011012",506,328,178
"S01011013",583,394,189
"S01011014",521,393,128
"S01011015",350,263,87
"S01011017",1731,1351,380
"S01011018",625,449,176
"S01011019",810,606,204
"S01011020",351,265,86
"S01011021",535,340,195
"S01011022",183,123,60
"S01011023",429,304,125
"S01011024",414,269,145
"S01011025",536,400,136
"S01011026",449,299,150
"S01011027",676,471,205
"S01011028",559,337,222
"S01011029",473,322,151
"S01011030",766,572,194
"S01011031",515,341,174
"S01011032",497,341,156
"S01011033",480,375,105
"S01011034",477,318,159
"S01011035",486,348,138
"S01011036",352,259,93
"S01011037",685,470,215
"S01011038",548,364,184
"S01011039",530,393,137
"S01011040",523,351,172
"S01011041",523,314,209
"S01011042",603,458,145
"S01011043",503,343,160
"S01011044",530,353,177
"S01011045",582,424,158
"S01011046",680,479,201
"S01011047",667,440,227
"S01011048",644,454,190
"S01011049",512,365,147
"S01011050",595,432,163
"S01011051",909,648,261
"S01011052",572,386,186
"S01011053",378,252,126
"S01011054",400,291,109
"S01011055",428,309,119
"S01011056",586,435,151
"S01011057",439,323,116
"S01011058",487,362,125
"S01011059",476,345,131
"S01011060",594,409,185
"S01011061",619,459,160
"S01011062",660,502,158
"S01011063",736,501,235
"S01011064",665,482,183
"S01011065",524,349,175
"S01011066",374,243,131
"S01011067",394,255,139
"S01011068",389,255,134
"S01011069",418,257,161
"S01011070",348,250,98
"S01011071",637,418,219
"S01011072",740,545,195
"S01011073",583,404,179
"S01011074",456,335,121
"S01011075",507,344,163
"S01011076",462,322,140
"S01011077",537,347,190
"S01011078",700,484,216
"S01011079",870,645,225
"S01011080",733,506,227
"S01011081",598,411,187
"S01011082",336,236,100
"S01011083",461,328,133
"S01011084",591,392,199
"S01011085",609,418,191
"S01011086",475,319,156
"S01011087",429,303,126
"S01011088",697,476,221
"S01011089",462,309,153
"S01011090",548,379,169
"S01011091",491,381,110
"S01011093",1995,1584,411
"S01011094",444,341,103
"S01011095",524,397,127
"S01011096",310,237,73
"S01011097",641,482,159
"S01011098",633,469,164
"S01011099",627,457,170
"S01011100",265,179,86
"S01011101",459,305,154
"S01011102",622,428,194
"S01011103",322,219,103
"S01011104",456,295,161
"S01011105",613,434,179
"S01011106",637,498,139
"S01011108",418,322,96
"S01011109",619,449,170
"S01011110",539,396,143
"S01011111",648,456,192
"S01011113",860,620,240
"S01011114",575,421,154
"S01011115",691,501,190
"S01011116",390,280,110
"S01011117",546,385,161
"S01011118",597,435,162
"S01011119",666,436,230
"S01011120",510,305,205
"S01011121",408,316,92
"S01011122",480,356,124
"S01011123",742,550,192
"S01011124",449,361,88
"S01011125",374,288,86
"S01011126",406,318,88
"S01011127",324,251,73
"S01011128",562,389,173
"S01011129",560,421,139
"S01011130",507,335,172
"S01011131",508,381,127
"S01011132",683,488,195
"S01011133",338,238,100
"S01011134",589,416,173
"S01011135",508,371,137
"S01011136",487,348,139
"S01011137",343,265,78
"S01011138",450,364,86
"S01011139",471,385,86
"S01011140",407,303,104
"S01011141",414,316,98
"S01011142",1529,1133,396
"S01011143",694,478,216
"S01011144",534,386,148
"S01011145",707,503,204
"S01011146",415,282,133
"S01011147",770,573,197
"S01011148",667,490,177
"S01011149",564,461,103
"S01011150",258,211,47
"S01011151",412,311,101
"S01011152",451,314,137
"S01011153",826,563,263
"S01011154",353,239,114
"S01011155",522,349,173
"S01011156",451,324,127
"S01011157",461,317,144
"S01011158",374,242,132
"S01011159",389,240,149
"S01011160",680,516,164
"S01011161",469,333,136
"S01011162",343,220,123
"S01011163",493,358,135
"S01011164",641,457,184
"S01011165",541,360,181
"S01011166",373,245,128
"S01011167",566,367,199
"S01011168",656,455,201
"S01011169",682,550,132
"S01011170",692,469,223
"S01011171",677,492,185
"S01011172",570,374,196
"S01011173",407,247,160
"S01011174",371,217,154
"S01011175",366,237,129
"S01011176",349,213,136
"S01011177",628,439,189
"S01011178",359,248,111
"S01011179",319,220,99
"S01011180",502,280,222
"S01011181",1138,846,292
"S01011182",419,290,129
"S01011183",430,296,134
"S01011184",768,558,210
"S01011185",518,339,179
"S01011186",629,378,251
"S01011187",573,371,202
"S01011188",714,463,251
"S01011189",616,440,176
"S01011190",338,204,134
"S01011191",526,355,171
"S01011192",605,434,171
"S01011193",531,333,198
"S01011194",533,352,181
"S01011195",464,333,131
"S01011196",657,415,242
"S01011197",630,371,259
"S01011198",463,305,158
"S01011199",595,415,180
"S01011200",582,388,194
"S01011201",472,323,149
"S01011202",630,428,202
"S01011203",596,420,176
"S01011204",436,312,124
"S01011206",548,439,109
"S01011207",570,376,194
"S01011208",691,554,137
"S01011209",477,316,161
"S01011210",411,263,148
"S01011211",527,411,116
"S01011212",406,251,155
"S01011213",706,454,252
"S01011214",779,465,314
"S01011215",356,207,149
"S01011216",341,234,107
"S01011217",585,382,203
"S01011218",429,255,174
"S01011219",526,338,188
"S01011220",677,421,256
"S01011221",696,483,213
"S01011222",496,317,179
"S01011223",570,406,164
"S01011224",506,308,198
"S01011225",555,340,215
"S01011226",703,450,253
"S01011227",545,365,180
"S01011228",595,356,239
"S01011229",383,211,172
"S01011230",698,365,333
"S01011231",440,241,199
"S01011232",777,512,265
"S01011233",253,130,123
"S01011234",751,450,301
"S01011235",408,227,181
"S01011236",327,197,130
"S01011237",610,379,231
"S01011238",480,298,182
"S01011239",546,321,225
"S01011240",564,331,233
"S01011241",733,448,285
"S01011242",570,334,236
"S01011243",675,391,284
"S01011244",535,337,198
"S01011245",659,385,274
"S01011246",681,470,211
"S01011247",587,362,225
"S01011248",588,403,185
"S01011249",568,402,166
"S01011250",662,441,221
"S01011251",659,427,232
"S01011252",612,382,230
"S01011253",638,385,253
"S01011254",756,565,191
"S01011255",323,248,75
"S01011256",331,262,69
"S01011257",325,173,152
"S01011258",445,287,158
"S01011259",564,363,201
"S01011260",549,335,214
"S01011261",579,357,222
"S01011262",367,232,135
"S01011263",590,397,193
"S01011264",485,331,154
"S01011265",641,426,215
"S01011266",662,416,246
"S01011267",370,226,144
"S01011268",183,115,68
"S01011269",441,253,188
"S01011270",523,343,180
"S01011271",598,347,251
"S01011272",576,362,214
"S01011273",626,395,231
"S01011274",637,417,220
"S01011275",496,287,209
"S01011276",698,460,238
"S01011277",463,326,137
"S01011278",400,324,76
"S01011279",504,344,160
"S01011280",487,300,187
"S01011281",495,377,118
"S01011282",671,528,143
"S01011283",543,450,93
"S01011285",528,367,161
"S01011286",457,300,157
"S01011287",601,396,205
"S01011288",555,368,187
"S01011289",593,374,219
"S01011290",826,512,314
"S01011291",572,348,224
"S01011292",617,392,225
"S01011293",529,348,181
"S01011294",551,308,243
"S01011295",741,469,272
"S01011296",434,263,171
"S01011297",622,420,202
"S01011298",460,300,160
"S01011299",388,274,114
"S01011300",708,430,278
"S01011301",497,323,174
"S01011302",639,356,283
"S01011303",642,454,188
"S01011304",497,321,176
"S01011305",608,430,178
"S01011306",411,251,160
"S01011307",1632,1265,367
"S01011308",440,290,150
"S01011309",522,323,199
"S01011310",502,327,175
"S01011311",527,346,181
"S01011312",828,507,321
"S01011313",524,353,171
"S01011314",807,553,254
"S01011315",207,138,69
"S01011316",521,330,191
"S01011317",522,287,235
"S01011318",636,375,261
"S01011319",566,337,229
"S01011320",376,228,148
"S01011321",465,348,117
"S01011322",468,319,149
"S01011323",674,467,207
"S01011324",330,210,120
"S01011325",563,341,222
"S01011326",544,319,225
"S01011327",516,263,253
"S01011328",501,293,208
"S01011329",634,367,267
"S01011330",519,329,190
"S01011331",404,195,209
"S01011332",636,394,242
"S01011333",520,270,250
"S01011334",927,665,262
"S01011335",703,406,297
"S01011336",437,286,151
"S01011337",545,336,209
"S01011338",380,263,117
"S01011339",330,210,120
"S01011340",504,315,189
"S01011341",552,385,167
"S01011342",539,359,180
"S01011343",719,453,266
"S01011344",543,349,194
"S01011345",558,383,175
"S01011346",509,332,177
"S01011347",837,546,291
"S01011348",669,444,225
"S01011349",717,585,132
"S01011350",503,333,170
"S01011351",526,316,210
"S01011352",474,345,129
"S01011353",487,323,164
"S01011354",542,363,179
"S01011355",698,470,228
"S01011356",735,542,193
"S01011357",646,408,238
"S01011358",426,353,73
"S01011359",564,340,224
"S01011360",565,394,171
"S01011361",323,224,99
"S01011362",977,698,279
"S01011363",583,345,238
"S01011364",475,349,126
"S01011365",442,364,78
"S01011366",342,204,138
"S01011367",628,402,226
"S01011368",1041,909,132
"S01011369",606,404,202
"S01011370",185,129,56
"S01011371",626,452,174
"S01011372",504,334,170
"S01011373",509,320,189
"S01011374",526,423,103
"S01011375",547,394,153
"S01011376",352,229,123
"S01011377",451,338,113
"S01011378",570,380,190
"S01011379",703,548,155
"S01011380",525,372,153
"S01011381",482,330,152
"S01011382",315,217,98
"S01011383",523,284,239
"S01011384",502,295,207
"S01011385",702,426,276
"S01011386",403,269,134
"S01011387",608,372,236
"S01011388",251,183,68
"S01011389",1136,888,248
"S01011390",448,285,163
"S01011391",334,220,114
"S01011392",511,348,163
"S01011393",445,297,148
"S01011394",399,333,66
"S01011395",567,362,205
"S01011396",555,349,206
"S01011397",548,359,189
"S01011398",540,350,190
"S01011399",391,255,136
"S01011400",312,223,89
"S01011401",471,302,169
"S01011402",647,399,248
"S01011403",400,300,100
"S01011404",710,439,271
"S01011405",443,306,137
"S01011406",401,287,114
"S01011407",807,565,242
"S01011408",589,413,176
"S01011409",587,406,181
"S01011410",455,328,127
"S01011411",351,257,94
"S01011412",592,402,190
"S01011413",355,284,71
"S01011414",605,400,205
"S01011415",667,479,188
"S01011416",517,370,147
"S01011417",518,330,188
"S01011418",429,257,172
"S01011419",425,282,143
"S01011420",380,224,156
"S01011421",361,294,67
"S01011422",374,232,142
"S01011423",381,219,162
"S01011424",424,286,138
"S01011425",566,353,213
"S01011426",1246,916,330
"S01011427",356,204,152
"S01011428",216,145,71
"S01011429",1550,859,691
"S01011430",628,481,147
"S01011431",766,490,276
"S01011432",770,520,250
"S01011433",640,428,212
"S01011434",376,269,107
"S01011435",783,592,191
"S01011436",473,328,145
"S01011437",552,354,198
"S01011438",406,271,135
"S01011439",938,648,290
"S01011440",375,248,127
"S01011441",658,455,203
"S01011442",437,274,163
"S01011443",337,190,147
"S01011444",460,274,186
"S01011445",287,179,108
"S01011446",2548,2083,465
"S01011447",559,361,198
"S01011448",579,420,159
"S01011449",247,158,89
"S01011450",471,337,134
"S01011451",1785,1408,377
"S01011452",737,548,189
"S01011453",525,347,178
"S01011454",571,384,187
"S01011455",559,354,205
"S01011456",642,386,256
"S01011457",691,470,221
"S01011458",855,690,165
"S01011459",296,193,103
"S01011460",598,433,165
"S01011461",443,318,125
"S01011462",628,456,172
"S01011463",513,358,155
"S01011464",1045,900,145
"S01011465",383,233,150
"S01011466",448,272,176
"S01011467",403,291,112
"S01011468",98,85,13
"S01011469",620,426,194
"S01011470",742,451,291
"S01011471",732,467,265
"S01011472",625,364,261
"S01011473",584,313,271
"S01011474",501,283,218
"S01011475",409,235,174
"S01011476",379,282,97
"S01011477",670,436,234
"S01011478",784,589,195
"S01011479",578,398,180
"S01011480",738,546,192
"S01011481",597,474,123
"S01011482",666,417,249
"S01011483",421,309,112
"S01011484",642,406,236
"S01011485",705,417,288
"S01011486",389,211,178
"S01011487",612,422,190
"S01011488",484,287,197
"S01011489",540,464,76
"S01011490",1062,721,341
"S01011491",385,259,126
"S01011492",566,388,178
"S01011493",394,343,51
"S01011494",468,324,144
"S01011495",529,339,190
"S01011496",468,298,170
"S01011497",483,387,96
"S01011498",533,445,88
"S01011499",462,367,95
"S01011500",391,283,108
"S01011501",498,329,169
"S01011502",437,307,130
"S01011503",608,411,197
"S01011504",667,458,209
"S01011505",469,322,147
"S01011506",528,368,160
"S01011507",463,305,158
"S01011508",755,587,168
"S01011509",489,350,139
"S01011510",609,394,215
"S01011511",394,267,127
"S01011512",816,492,324
"S01011513",572,370,202
"S01011514",775,516,259
"S01011515",436,340,96
"S01011516",705,560,145
"S01011517",406,279,127
"S01011518",397,217,180
"S01011519",593,399,194
"S01011520",422,260,162
"S01011521",553,360,193
"S01011522",730,486,244
"S01011523",643,465,178
"S01011524",720,561,159
"S01011525",689,492,197
"S01011526",859,590,269
"S01011527",478,320,158
"S01011528",719,469,250
"S01011529",291,186,105
"S01011530",664,442,222
"S01011531",514,325,189
"S01011532",836,693,143
"S01011533",529,318,211
"S01011534",499,334,165
"S01011535",757,453,304
"S01011536",555,424,131
"S01011537",435,359,76
"S01011538",415,290,125
"S01011539",568,361,207
"S01011540",791,551,240
"S01011541",678,466,212
"S01011542",1208,863,345
"S01011543",591,392,199
"S01011544",515,316,199
"S01011545",452,285,167
"S01011546",547,459,88
"S01011547",432,358,74
"S01011548",543,366,177
"S01011549",625,439,186
"S01011550",564,401,163
"S01011551",406,277,129
"S01011552",972,691,281
"S01011554",657,423,234
"S01011555",236,163,73
"S01011556",283,190,93
"S01011557",403,273,130
"S01011558",321,232,89
"S01011559",471,303,168
"S01011560",580,380,200
"S01011561",332,204,128
"S01011562",378,266,112
"S01011563",644,389,255
"S01011564",431,294,137
"S01011565",705,520,185
"S01011566",444,289,155
"S01011567",715,451,264
"S01011568",612,445,167
"S01011569",818,532,286
"S01011570",462,285,177
"S01011571",411,253,158
"S01011572",538,373,165
"S01011573",783,594,189
"S01011574",769,586,183
"S01011575",182,99,83
"S01011576",576,324,252
"S01011577",495,360,135
"S01011578",642,445,197
"S01011579",420,288,132
"S01011580",537,365,172
"S01011581",487,284,203
"S01011582",789,595,194
"S01011583",524,373,151
"S01011584",536,360,176
"S01011585",513,349,164
"S01011586",425,299,126
"S01011587",308,207,101
"S01011588",568,372,196
"S01011589",1477,1108,369
"S01011590",511,339,172
"S01011591",477,301,176
"S01011592",508,328,180
"S01011593",536,366,170
"S01011594",344,227,117
"S01011595",416,322,94
"S01011596",779,567,212
"S01011597",436,348,88
"S01011598",646,400,246
"S01011599",596,406,190
"S01011600",744,499,245
"S01011601",579,473,106
"S01011602",366,255,111
"S01011603",566,330,236
"S01011604",460,316,144
"S01011605",622,424,198
"S01011606",440,372,68
"S01011607",469,365,104
"S01011608",726,599,127
"S01011609",722,444,278
"S01011610",480,324,156
"S01011611",516,386,130
"S01011613",1085,717,368
"S01011614",221,182,39
"S01011615",526,335,191
"S01011616",307,182,125
"S01011617",583,370,213
"S01011618",437,289,148
"S01011619",683,539,144
"S01011620",498,421,77
"S01011621",572,411,161
"S01011622",126,85,41
"S01011623",514,328,186
"S01011624",528,412,116
"S01011625",331,236,95
"S01011626",336,280,56
"S01011627",516,441,75
"S01011628",989,731,258
"S01011629",450,290,160
"S01011630",549,356,193
"S01011631",439,269,170
"S01011632",541,379,162
"S01011633",449,292,157
"S01011634",417,243,174
"S01011635",212,149,63
"S01011636",520,321,199
"S01011637",525,344,181
"S01011638",382,247,135
"S01011639",420,266,154
"S01011640",508,329,179
"S01011641",367,255,112
"S01011642",556,407,149
"S01011643",530,393,137
"S01011644",376,261,115
"S01011645",451,288,163
"S01011646",550,374,176
"S01011647",673,525,148
"S01011648",692,539,153
"S01011649",170,109,61
"S01011650",528,357,171
"S01011651",693,478,215
"S01011652",612,451,161
"S01011653",760,513,247
"S01011654",723,473,250
"S01011655",646,420,226
"S01011656",210,116,94
"S01011657",405,259,146
"S01011658",498,344,154
"S01011659",584,375,209
"S01011660",617,436,181
"S01011661",406,267,139
"S01011662",404,335,69
"S01011663",605,420,185
"S01011664",789,433,356
"S01011665",657,397,260
"S01011666",655,386,269
"S01011667",483,296,187
"S01011668",756,481,275
"S01011669",496,312,184
"S01011670",379,275,104
"S01011671",493,330,163
"S01011672",429,275,154
"S01011673",502,333,169
"S01011674",457,279,178
"S01011675",606,390,216
"S01011676",516,326,190
"S01011678",352,203,149
"S01011679",148,117,31
"S01011680",771,476,295
"S01011681",615,426,189
"S01011682",1318,956,362
"S01011683",880,661,219
"S01011684",300,187,113
"S01011685",913,734,179
"S01011686",550,408,142
"S01011687",924,650,274
"S01011688",833,597,236
"S01011689",509,393,116
"S01011690",715,562,153
"S01011691",134,88,46
"S01011692",813,498,315
"S01011693",523,393,130
"S01011695",2779,2167,612
"S01011697",723,567,156
"S01011698",505,340,165
"S01011699",707,506,201
"S01011700",578,382,196
"S01011701",674,505,169
"S01011702",548,366,182
"S01011703",858,644,214
"S01011704",396,324,72
"S01011705",478,318,160
"S01011706",752,503,249
"S01011707",548,366,182
"S01011708",609,380,229
"S01011709",797,549,248
"S01011710",459,320,139
"S01011711",497,309,188
"S01011712",356,254,102
"S01011713",536,369,167
"S01011714",333,298,35
"S01011715",456,284,172
"S01011716",686,550,136
"S01011717",584,408,176
"S01011718",624,544,80
"S01011719",524,444,80
"S01011720",442,309,133
"S01011721",540,357,183
"S01011722",427,269,158
"S01011723",617,397,220
"S01011724",519,421,98
"S01011725",489,419,70
"S01011726",342,270,72
"S01011728",717,519,198
"S01011729",518,335,183
"S01011730",713,477,236
"S01011731",630,441,189
"S01011732",658,475,183
"S01011733",650,445,205
"S01011734",585,404,181
"S01011735",576,380,196
"S01011736",549,405,144
"S01011737",440,292,148
"S01011738",1024,698,326
"S01011739",383,279,104
"S01011740",654,402,252
"S01011741",493,336,157
"S01011742",561,385,176
"S01011743",595,423,172
"S01011744",603,406,197
"S01011745",488,301,187
"S01011746",388,273,115
"S01011747",704,466,238
"S01011748",619,421,198
"S01011749",552,371,181
"S01011750",642,413,229
"S01011751",745,533,212
"S01011752",687,532,155
"S01011753",602,412,190
"S01011754",543,369,174
"S01011755",728,529,199
"S01011756",667,477,190
"S01011757",520,342,178
"S01011758",479,343,136
"S01011759",539,348,191
"S01011760",697,474,223
"S01011761",492,347,145
"S01011762",503,329,174
"S01011763",527,368,159
"S01011764",230,158,72
"S01011765",799,632,167
"S01011766",471,338,133
"S01011767",663,446,217
"S01011768",530,378,152
"S01011769",466,292,174
"S01011770",606,414,192
"S01011771",522,418,104
"S01011772",683,484,199
"S01011773",439,383,56
"S01011774",678,525,153
"S01011775",627,544,83
"S01011776",199,166,33
"S01011777",460,361,99
"S01011778",465,381,84
"S01011779",595,437,158
"S01011780",709,537,172
"S01011781",437,322,115
"S01011782",556,397,159
"S01011783",464,340,124
"S01011784",615,415,200
"S01011785",634,449,185
"S01011787",690,437,253
"S01011788",279,216,63
"S01011789",2428,1900,528
"S01011790",749,500,249
"S01011791",547,349,198
"S01011792",638,388,250
"S01011793",518,357,161
"S01011794",669,416,253
"S01011795",382,244,138
"S01011796",470,316,154
"S01011797",478,344,134
"S01011798",290,189,101
"S01011799",704,472,232
"S01011800",499,348,151
"S01011801",351,220,131
"S01011802",494,328,166
"S01011803",1026,718,308
"S01011804",335,223,112
"S01011805",358,258,100
"S01011806",706,505,201
"S01011807",831,614,217
"S01011808",455,346,109
"S01011809",556,408,148
"S01011810",709,516,193
"S01011811",694,513,181
"S01011812",491,359,132
"S01011813",572,441,131
"S01011814",517,415,102
"S01011815",579,456,123
"S01011816",476,357,119
"S01011817",837,660,177
"S01011818",712,559,153
"S01011819",665,486,179
"S01011820",401,288,113
"S01011821",253,188,65
"S01011822",544,430,114
"S01011823",456,335,121
"S01011824",520,403,117
"S01011825",409,294,115
"S01011826",495,387,108
"S01011827",339,197,142
"S01011828",692,504,188
"S01011829",321,248,73
"S01011830",349,239,110
"S01011831",378,233,145
"S01011832",628,450,178
"S01011833",712,485,227
"S01011834",376,287,89
"S01011835",516,400,116
"S01011836",493,318,175
"S01011837",606,405,201
"S01011838",537,362,175
"S01011839",933,659,274
"S01011840",511,377,134
"S01011841",662,482,180
"S01011842",700,488,212
"S01011843",754,531,223
"S01011844",512,359,153
"S01011845",614,435,179
"S01011846",648,473,175
"S01011847",327,226,101
"S01011848",532,394,138
"S01011849",597,467,130
"S01011850",558,389,169
"S01011851",639,480,159
"S01011852",702,517,185
"S01011853",525,405,120
"S01011854",564,392,172
"S01011855",615,440,175
"S01011856",460,280,180
"S01011857",738,542,196
"S01011858",673,429,244
"S01011859",586,339,247
"S01011860",665,533,132
"S01011861",456,310,146
"S01011862",582,350,232
"S01011863",488,319,169
"S01011864",521,347,174
"S01011865",431,295,136
"S01011866",563,402,161
"S01011867",422,301,121
"S01011868",610,446,164
"S01011869",601,453,148
"S01011870",508,340,168
"S01011871",799,599,200
"S01011872",791,578,213
"S01011873",608,458,150
"S01011874",305,240,65
"S01011875",470,315,155
"S01011876",698,514,184
"S01011877",418,293,125
"S01011878",784,550,234
"S01011879",326,231,95
"S01011880",533,373,160
"S01011881",361,284,77
"S01011882",679,477,202
"S01011883",1161,683,478
"S01011884",661,495,166
"S01011885",479,382,97
"S01011886",489,353,136
"S01011887",419,305,114
"S01011888",504,389,115
"S01011889",559,374,185
"S01011890",514,395,119
"S01011891",1049,409,640
"S01011892",771,648,123
"S01011893",538,423,115
"S01011894",799,599,200
"S01011895",448,287,161
"S01011896",625,448,177
"S01011897",710,502,208
"S01011898",348,251,97
"S01011899",601,388,213
"S01011900",549,400,149
"S01011901",722,530,192
"S01011902",716,470,246
"S01011903",573,385,188
"S01011904",559,390,169
"S01011905",559,432,127
"S01011906",325,239,86
"S01011907",585,463,122
"S01011908",286,234,52
"S01011909",775,702,73
"S01011910",659,457,202
"S01011911",462,337,125
"S01011912",515,384,131
"S01011913",534,380,154
"S01011914",586,432,154
"S01011915",591,418,173
"S01011916",420,298,122
"S01011917",372,269,103
"S01011918",446,293,153
"S01011919",724,543,181
"S01011920",475,356,119
"S01011921",419,303,116
"S01011922",581,423,158
"S01011923",937,687,250
"S01011924",329,235,94
"S01011925",544,462,82
"S01011926",483,353,130
"S01011927",468,319,149
"S01011928",565,385,180
"S01011929",478,341,137
"S01011930",529,374,155
"S01011931",457,317,140
"S01011932",400,289,111
"S01011933",437,349,88
"S01011934",819,580,239
"S01011935",790,619,171
"S01011936",452,372,80
"S01011937",542,423,119
"S01011938",539,405,134
"S01011939",641,469,172
"S01011940",440,344,96
"S01011941",525,444,81
"S01011942",661,511,150
"S01011943",946,690,256
"S01011944",340,219,121
"S01011945",605,353,252
"S01011946",561,363,198
"S01011947",354,223,131
"S01011948",789,514,275
"S01011949",474,277,197
"S01011950",593,358,235
"S01011951",484,337,147
"S01011953",524,371,153
"S01011954",271,209,62
"S01011955",686,489,197
"S01011956",717,542,175
"S01011957",721,522,199
"S01011958",1153,800,353
"S01011959",736,480,256
"S01011960",603,474,129
"S01011961",531,423,108
"S01011962",642,481,161
"S01011963",229,155,74
"S01011964",759,552,207
"S01011965",628,400,228
"S01011966",600,412,188
"S01011967",909,574,335
"S01011968",673,489,184
"S01011969",592,405,187
"S01011970",711,531,180
"S01011971",392,294,98
"S01011972",981,680,301
"S01011973",463,339,124
"S01011974",666,471,195
"S01011975",352,237,115
"S01011976",573,393,180
"S01011977",880,585,295
"S01011978",470,302,168
"S01011979",724,533,191
"S01011980",370,253,117
"S01011981",716,533,183
"S01011982",717,537,180
"S01011983",548,385,163
"S01011984",468,317,151
"S01011985",637,469,168
"S01011986",480,315,165
"S01011987",592,385,207
"S01011988",501,296,205
"S01011989",616,434,182
"S01011990",475,298,177
"S01011991",521,370,151
"S01011992",598,400,198
"S01011993",700,503,197
"S01011994",518,268,250
"S01011995",790,590,200
"S01011996",301,228,73
"S01011997",668,498,170
"S01011998",382,255,127
"S01011999",477,370,107
"S01012000",335,252,83
"S01012001",365,276,89
"S01012002",391,258,133
"S01012003",410,306,104
"S01012004",638,442,196
"S01012005",570,434,136
"S01012006",885,549,336
"S01012007",580,404,176
"S01012008",707,525,182
"S01012009",650,500,150
"S01012010",872,623,249
"S01012011",824,612,212
"S01012012",477,300,177
"S01012013",487,352,135
"S01012014",600,459,141
"S01012015",655,482,173
"S01012016",667,502,165
"S01012017",400,263,137
"S01012018",657,476,181
"S01012019",616,464,152
"S01012020",509,320,189
"S01012021",437,309,128
"S01012022",495,358,137
"S01012023",418,307,111
"S01012024",654,494,160
"S01012025",524,379,145
"S01012026",88,63,25
"S01012027",1372,1000,372
"S01012028",711,489,222
"S01012029",903,637,266
"S01012030",983,718,265
"S01012031",170,106,64
"S01012032",273,199,74
"S01012033",622,414,208
"S01012034",602,411,191
"S01012035",694,468,226
"S01012036",665,429,236
"S01012037",697,444,253
"S01012038",607,360,247
"S01012039",740,446,294
"S01012040",390,277,113
"S01012041",646,431,215
"S01012042",675,451,224
"S01012043",658,421,237
"S01012044",654,353,301
"S01012045",828,558,270
"S01012046",502,288,214
"S01012047",667,402,265
"S01012048",512,306,206
"S01012049",527,359,168
"S01012050",519,415,104
"S01012051",695,471,224
"S01012052",660,457,203
"S01012053",662,426,236
"S01012054",542,371,171
"S01012055",695,455,240
"S01012056",592,385,207
"S01012057",576,406,170
"S01012058",558,381,177
"S01012059",628,401,227
"S01012060",620,410,210
"S01012061",760,513,247
"S01012062",656,509,147
"S01012063",398,311,87
"S01012064",468,278,190
"S01012065",409,215,194
"S01012066",619,410,209
"S01012067",405,241,164
"S01012068",358,170,188
"S01012069",432,243,189
"S01012070",546,323,223
"S01012071",836,517,319
"S01012072",863,536,327
"S01012073",538,411,127
"S01012074",545,443,102
"S01012075",574,484,90
"S01012076",531,386,145
"S01012077",561,389,172
"S01012078",673,515,158
"S01012079",671,445,226
"S01012080",549,368,181
"S01012081",484,316,168
"S01012082",382,248,134
"S01012083",590,357,233
"S01012084",440,331,109
"S01012085",539,384,155
"S01012086",739,491,248
"S01012087",504,349,155
"S01012088",535,423,112
"S01012089",648,476,172
"S01012090",708,466,242
"S01012091",429,326,103
"S01012092",407,299,108
"S01012093",435,294,141
"S01012094",582,415,167
"S01012095",608,483,125
"S01012096",667,422,245
"S01012097",400,270,130
"S01012098",466,313,153
"S01012099",693,446,247
"S01012100",928,628,300
"S01012101",524,386,138
"S01012102",474,313,161
"S01012103",722,567,155
"S01012104",676,528,148
"S01012105",841,634,207
"S01012106",832,647,185
"S01012107",510,346,164
"S01012108",610,362,248
"S01012109",714,498,216
"S01012110",454,299,155
"S01012111",417,278,139
"S01012112",622,389,233
"S01012113",738,476,262
"S01012114",757,463,294
"S01012115",379,243,136
"S01012116",359,248,111
"S01012117",324,267,57
"S01012118",789,656,133
"S01012119",705,474,231
"S01012120",435,292,143
"S01012121",665,422,243
"S01012122",617,413,204
"S01012123",393,299,94
"S01012124",430,317,113
"S01012125",618,397,221
"S01012126",671,544,127
"S01012127",713,509,204
"S01012128",371,276,95
"S01012129",558,393,165
"S01012130",774,479,295
"S01012131",935,582,353
"S01012132",561,375,186
"S01012133",778,494,284
"S01012134",861,602,259
"S01012135",827,525,302
"S01012136",574,374,200
"S01012137",514,306,208
"S01012138",600,430,170
"S01012139",656,455,201
"S01012140",537,389,148
"S01012141",755,515,240
"S01012142",693,458,235
"S01012143",633,425,208
"S01012144",684,474,210
"S01012145",645,441,204
"S01012146",524,319,205
"S01012147",572,336,236
"S01012148",540,317,223
"S01012149",620,421,199
"S01012150",553,333,220
"S01012151",372,221,151
"S01012152",565,336,229
"S01012153",734,471,263
"S01012154",513,333,180
"S01012155",461,312,149
"S01012156",474,289,185
"S01012157",742,544,198
"S01012158",843,666,177
"S01012159",411,271,140
"S01012160",525,378,147
"S01012161",322,210,112
"S01012162",663,461,202
"S01012163",561,385,176
"S01012164",794,678,116
"S01012165",670,445,225
"S01012166",473,337,136
"S01012167",649,442,207
"S01012168",703,486,217
"S01012169",547,338,209
"S01012170",697,445,252
"S01012171",710,472,238
"S01012172",550,342,208
"S01012173",482,305,177
"S01012174",709,585,124
"S01012175",656,502,154
"S01012176",704,511,193
"S01012177",502,342,160
"S01012178",431,302,129
"S01012179",429,283,146
"S01012180",407,238,169
"S01012181",553,362,191
"S01012182",1843,1423,420
"S01012183",174,123,51
"S01012185",613,429,184
"S01012186",501,308,193
"S01012187",517,344,173
"S01012188",490,331,159
"S01012189",748,601,147
"S01012190",66,51,15
"S01012191",693,505,188
"S01012192",305,225,80
"S01012193",422,371,51
"S01012194",425,344,81
"S01012195",777,599,178
"S01012196",424,350,74
"S01012197",529,346,183
"S01012198",647,455,192
"S01012199",447,311,136
"S01012200",486,322,164
"S01012201",556,376,180
"S01012202",441,309,132
"S01012203",558,391,167
"S01012204",646,511,135
"S01012205",548,417,131
"S01012206",650,527,123
"S01012207",642,424,218
"S01012208",731,498,233
"S01012209",537,373,164
"S01012210",527,341,186
"S01012211",528,371,157
"S01012212",619,406,213
"S01012213",669,453,216
"S01012214",502,341,161
"S01012215",687,501,186
"S01012216",551,405,146
"S01012217",337,216,121
"S01012218",289,200,89
"S01012219",611,352,259
"S01012220",470,273,197
"S01012221",468,280,188
"S01012222",602,363,239
"S01012223",510,320,190
"S01012224",544,386,158
"S01012225",793,543,250
"S01012226",538,383,155
"S01012227",496,342,154
"S01012228",511,361,150
"S01012229",542,428,114
"S01012230",692,514,178
"S01012231",619,457,162
"S01012232",637,472,165
"S01012233",714,499,215
"S01012234",811,614,197
"S01012235",356,210,146
"S01012236",451,310,141
"S01012237",687,468,219
"S01012238",455,306,149
"S01012239",444,287,157
"S01012240",616,382,234
"S01012241",418,267,151
"S01012242",587,397,190
"S01012243",342,229,113
"S01012244",799,583,216
"S01012245",413,280,133
"S01012246",550,406,144
"S01012247",553,406,147
"S01012248",607,466,141
"S01012249",641,484,157
"S01012250",707,527,180
"S01012251",781,577,204
"S01012252",400,308,92
"S01012253",665,467,198
"S01012254",546,407,139
"S01012255",506,347,159
"S01012256",461,326,135
"S01012257",806,579,227
"S01012258",407,262,145
"S01012259",428,270,158
"S01012260",489,313,176
"S01012261",238,173,65
"S01012262",1437,1053,384
"S01012263",425,319,106
"S01012264",339,219,120
"S01012265",564,394,170
"S01012266",770,512,258
"S01012267",533,370,163
"S01012268",754,562,192
"S01012269",616,439,177
"S01012270",550,396,154
"S01012271",1137,868,269
"S01012272",258,195,63
"S01012273",817,579,238
"S01012274",616,472,144
"S01012275",681,516,165
"S01012276",703,520,183
"S01012277",629,485,144
"S01012278",530,372,158
"S01012279",471,335,136
"S01012280",698,523,175
"S01012281",527,418,109
"S01012282",926,561,365
"S01012283",536,405,131
"S01012284",569,403,166
"S01012285",416,271,145
"S01012286",893,577,316
"S01012287",492,303,189
"S01012288",707,488,219
"S01012289",520,322,198
"S01012290",192,141,51
"S01012291",484,364,120
"S01012292",788,489,299
"S01012293",344,237,107
"S01012294",667,480,187
"S01012295",538,421,117
"S01012296",276,212,64
"S01012297",822,653,169
"S01012298",547,389,158
"S01012299",475,363,112
"S01012300",222,143,79
"S01012301",628,437,191
"S01012302",604,417,187
"S01012303",851,616,235
"S01012304",798,560,238
"S01012305",506,322,184
"S01012306",387,254,133
"S01012307",309,204,105
"S01012308",448,307,141
"S01012309",311,199,112
"S01012310",957,665,292
"S01012311",431,256,175
"S01012312",793,534,259
"S01012313",598,419,179
"S01012314",605,405,200
"S01012315",527,332,195
"S01012316",501,315,186
"S01012317",127,84,43
"S01012318",602,406,196
"S01012319",750,566,184
"S01012320",492,349,143
"S01012321",420,262,158
"S01012322",553,369,184
"S01012323",991,651,340
"S01012324",691,463,228
"S01012325",422,213,209
"S01012326",372,239,133
"S01012327",610,410,200
"S01012328",302,174,128
"S01012329",716,453,263
"S01012330",347,225,122
"S01012331",358,271,87
"S01012332",924,681,243
"S01012333",890,636,254
"S01012334",589,397,192
"S01012335",745,589,156
"S01012336",427,295,132
"S01012337",596,400,196
"S01012338",454,323,131
"S01012339",480,321,159
"S01012340",516,353,163
"S01012341",1137,836,301
"S01012342",661,460,201
"S01012343",760,538,222
"S01012344",454,334,120
"S01012345",520,377,143
"S01012346",887,613,274
"S01012347",433,288,145
"S01012348",356,237,119
"S01012349",581,398,183
"S01012350",553,347,206
"S01012351",553,406,147
"S01012352",547,361,186
"S01012353",319,226,93
"S01012354",415,263,152
"S01012355",1041,737,304
"S01012356",428,275,153
"S01012357",709,493,216
"S01012358",703,466,237
"S01012359",570,356,214
"S01012360",636,425,211
"S01012361",447,287,160
"S01012362",481,306,175
"S01012363",693,438,255
"S01012364",510,351,159
"S01012365",704,516,188
"S01012366",671,467,204
"S01012367",633,423,210
"S01012368",448,292,156
"S01012369",627,407,220
"S01012370",550,352,198
"S01012371",703,476,227
"S01012372",551,378,173
"S01012373",746,501,245
"S01012374",659,496,163
"S01012375",613,446,167
"S01012376",731,525,206
"S01012377",543,371,172
"S01012378",566,373,193
"S01012379",409,269,140
"S01012380",673,484,189
"S01012381",420,275,145
"S01012382",725,519,206
"S01012383",601,404,197
"S01012384",380,267,113
"S01012385",506,384,122
"S01012386",714,494,220
"S01012387",692,539,153
"S01012388",516,408,108
"S01012389",630,499,131
"S01012390",583,450,133
"S01012391",621,498,123
"S01012392",268,201,67
"S01012393",684,535,149
"S01012394",374,291,83
"S01012395",439,352,87
"S01012396",468,353,115
"S01012397",636,476,160
"S01012398",665,552,113
"S01012399",451,345,106
"S01012400",455,374,81
"S01012401",547,440,107
"S01012402",809,655,154
"S01012403",579,483,96
"S01012404",764,617,147
"S01012405",529,430,99
"S01012406",202,154,48
"S01012407",589,475,114
"S01012408",460,357,103
"S01012409",497,389,108
"S01012410",655,528,127
"S01012411",614,485,129
"S01012412",410,316,94
"S01012413",696,489,207
"S01012414",522,367,155
"S01012415",402,283,119
"S01012416",408,286,122
"S01012417",469,275,194
"S01012418",687,445,242
"S01012419",558,370,188
"S01012420",695,467,228
"S01012421",485,325,160
"S01012422",645,438,207
"S01012423",808,546,262
"S01012424",671,473,198
"S01012425",433,208,225
"S01012426",343,205,138
"S01012427",485,286,199
"S01012428",486,315,171
"S01012429",407,226,181
"S01012430",414,264,150
"S01012431",524,324,200
"S01012432",513,279,234
"S01012433",391,253,138
"S01012434",512,347,165
"S01012435",379,252,127
"S01012436",218,127,91
"S01012437",502,315,187
"S01012438",922,646,276
"S01012439",559,341,218
"S01012440",300,214,86
"S01012441",688,480,208
"S01012442",749,513,236
"S01012443",571,421,150
"S01012444",931,577,354
"S01012445",83,51,32
"S01012446",370,257,113
"S01012447",596,436,160
"S01012448",784,541,243
"S01012449",380,288,92
"S01012450",867,594,273
"S01012451",623,327,296
"S01012452",404,264,140
"S01012453",599,389,210
"S01012454",474,289,185
"S01012455",430,253,177
"S01012456",546,316,230
"S01012457",658,332,326
"S01012458",566,351,215
"S01012459",540,405,135
"S01012460",410,250,160
"S01012461",376,278,98
"S01012462",556,370,186
"S01012463",451,291,160
"S01012464",476,345,131
"S01012465",542,349,193
"S01012466",582,371,211
"S01012467",496,332,164
"S01012468",645,433,212
"S01012469",556,360,196
"S01012470",588,387,201
"S01012471",605,385,220
"S01012472",498,295,203
"S01012473",414,284,130
"S01012474",534,318,216
"S01012475",567,374,193
"S01012476",743,501,242
"S01012477",524,370,154
"S01012478",479,343,136
"S01012479",533,409,124
"S01012480",450,306,144
"S01012481",671,471,200
"S01012482",495,305,190
"S01012483",642,397,245
"S01012484",579,373,206
"S01012485",588,380,208
"S01012486",368,203,165
"S01012487",476,334,142
"S01012488",693,470,223
"S01012489",801,515,286
"S01012490",779,502,277
"S01012491",343,232,111
"S01012492",631,339,292
"S01012493",463,228,235
"S01012494",786,503,283
"S01012495",757,496,261
"S01012496",571,368,203
"S01012497",378,228,150
"S01012498",592,348,244
"S01012499",499,333,166
"S01012500",418,267,151
"S01012501",428,243,185
"S01012502",574,350,224
"S01012503",467,281,186
"S01012504",375,252,123
"S01012505",783,501,282
"S01012506",360,229,131
"S01012507",673,430,243
"S01012508",558,404,154
"S01012509",475,338,137
"S01012510",659,485,174
"S01012511",440,303,137
"S01012512",480,325,155
"S01012513",632,506,126
"S01012514",387,329,58
"S01012515",434,279,155
"S01012516",466,298,168
"S01012517",640,453,187
"S01012518",372,248,124
"S01012519",386,260,126
"S01012520",564,383,181
"S01012521",371,263,108
"S01012522",708,457,251
"S01012523",638,451,187
"S01012524",630,402,228
"S01012525",564,399,165
"S01012526",574,365,209
"S01012527",448,294,154
"S01012528",616,428,188
"S01012529",539,371,168
"S01012530",608,410,198
"S01012531",684,498,186
"S01012532",720,512,208
"S01012533",302,197,105
"S01012534",421,285,136
"S01012535",413,288,125
"S01012536",576,398,178
"S01012537",620,386,234
"S01012538",791,523,268
"S01012539",598,415,183
"S01012540",528,332,196
"S01012541",733,543,190
"S01012542",702,420,282
"S01012543",522,372,150
"S01012544",581,395,186
"S01012545",335,239,96
"S01012546",602,416,186
"S01012547",565,322,243
"S01012548",831,566,265
"S01012549",311,217,94
"S01012550",670,454,216
"S01012551",624,466,158
"S01012552",745,500,245
"S01012553",468,351,117
"S01012554",357,245,112
"S01012555",541,377,164
"S01012556",312,202,110
"S01012557",572,374,198
"S01012558",329,226,103
"S01012559",538,334,204
"S01012560",486,290,196
"S01012561",455,279,176
"S01012562",568,377,191
"S01012563",475,258,217
"S01012564",608,369,239
"S01012565",456,274,182
"S01012566",626,432,194
"S01012567",696,460,236
"S01012568",436,252,184
"S01012569",569,341,228
"S01012570",405,285,120
"S01012571",586,407,179
"S01012572",408,286,122
"S01012573",712,493,219
"S01012574",758,553,205
"S01012575",370,269,101
"S01012576",470,340,130
"S01012577",569,421,148
"S01012578",736,487,249
"S01012579",522,369,153
"S01012580",588,440,148
"S01012581",521,380,141
"S01012582",690,521,169
"S01012583",525,387,138
"S01012584",555,391,164
"S01012585",610,435,175
"S01012586",751,479,272
"S01012587",655,482,173
"S01012588",493,352,141
"S01012589",510,362,148
"S01012590",592,391,201
"S01012591",577,311,266
"S01012592",689,532,157
"S01012593",582,448,134
"S01012594",471,303,168
"S01012595",382,244,138
"S01012596",566,384,182
"S01012597",141,97,44
"S01012598",530,400,130
"S01012599",494,332,162
"S01012600",571,424,147
"S01012601",691,536,155
"S01012602",434,271,163
"S01012603",531,337,194
"S01012604",514,333,181
"S01012605",386,227,159
"S01012606",250,217,33
"S01012607",596,419,177
"S01012608",613,434,179
"S01012609",614,404,210
"S01012610",691,438,253
"S01012611",727,482,245
"S01012612",753,469,284
"S01012613",453,315,138
"S01012614",615,406,209
"S01012615",515,356,159
"S01012616",688,479,209
"S01012617",602,516,86
"S01012618",420,311,109
"S01012619",407,257,150
"S01012620",566,385,181
"S01012621",437,276,161
"S01012622",540,376,164
"S01012623",375,240,135
"S01012624",522,366,156
"S01012625",401,286,115
"S01012626",374,266,108
"S01012627",412,277,135
"S01012628",783,597,186
"S01012629",284,196,88
"S01012630",614,393,221
"S01012631",766,542,224
"S01012632",551,388,163
"S01012633",631,433,198
"S01012634",422,261,161
"S01012635",824,572,252
"S01012636",991,800,191
"S01012637",612,391,221
"S01012638",630,411,219
"S01012639",620,426,194
"S01012640",624,382,242
"S01012641",678,450,228
"S01012642",601,359,242
"S01012643",297,203,94
"S01012644",477,321,156
"S01012645",576,410,166
"S01012646",628,466,162
"S01012648",411,264,147
"S01012649",505,338,167
"S01012650",466,320,146
"S01012651",472,306,166
"S01012652",828,615,213
"S01012653",671,467,204
"S01012654",576,431,145
"S01012655",816,538,278
"S01012656",595,386,209
"S01012657",395,251,144
"S01012658",747,506,241
"S01012659",746,608,138
"S01012660",490,346,144
"S01012661",653,451,202
"S01012662",567,346,221
"S01012663",545,357,188
"S01012664",691,518,173
"S01012665",521,308,213
"S01012666",497,295,202
"S01012667",445,267,178
"S01012668",547,367,180
"S01012669",569,379,190
"S01012670",545,352,193
"S01012671",685,473,212
"S01012672",506,274,232
"S01012673",419,255,164
"S01012674",414,252,162
"S01012675",604,380,224
"S01012676",595,448,147
"S01012677",348,225,123
"S01012678",553,440,113
"S01012679",685,447,238
"S01012680",406,319,87
"S01012681",518,363,155
"S01012682",469,317,152
"S01012683",568,415,153
"S01012684",480,334,146
"S01012685",505,365,140
"S01012686",711,525,186
"S01012687",384,217,167
"S01012688",591,408,183
"S01012689",358,242,116
"S01012690",391,272,119
"S01012691",548,388,160
"S01012692",557,357,200
"S01012693",662,498,164
"S01012694",328,236,92
"S01012695",732,512,220
"S01012696",702,434,268
"S01012697",380,269,111
"S01012698",3000,2483,517
"S01012699",886,653,233
"S01012700",614,427,187
"S01012701",598,399,199
"S01012702",451,338,113
"S01012703",456,382,74
"S01012704",563,390,173
"S01012705",574,469,105
"S01012706",516,348,168
"S01012707",699,530,169
"S01012708",647,411,236
"S01012709",379,238,141
"S01012710",534,365,169
"S01012711",527,337,190
"S01012712",652,421,231
"S01012713",487,317,170
"S01012714",441,277,164
"S01012715",556,370,186
"S01012716",611,391,220
"S01012717",725,482,243
"S01012718",726,508,218
"S01012719",644,448,196
"S01012720",447,347,100
"S01012721",472,322,150
"S01012722",576,326,250
"S01012723",510,328,182
"S01012724",551,381,170
"S01012725",698,512,186
"S01012726",431,281,150
"S01012727",528,335,193
"S01012728",556,345,211
"S01012729",560,421,139
"S01012730",529,373,156
"S01012731",427,288,139
"S01012732",563,359,204
"S01012735",454,272,182
"S01012736",707,521,186
"S01012737",608,466,142
"S01012738",474,317,157
"S01012741",471,383,88
"S01012742",551,397,154
"S01012743",449,332,117
"S01012744",556,441,115
"S01012745",532,373,159
"S01012746",614,474,140
"S01012747",629,431,198
"S01012748",591,372,219
"S01012749",645,427,218
"S01012750",507,350,157
"S01012751",596,376,220
"S01012752",638,451,187
"S01012753",295,176,119
"S01012754",438,279,159
"S01012755",387,215,172
"S01012756",378,217,161
"S01012757",359,229,130
"S01012758",526,346,180
"S01012759",549,345,204
"S01012760",696,435,261
"S01012761",599,418,181
"S01012762",567,372,195
"S01012763",426,269,157
"S01012764",469,312,157
"S01012765",553,378,175
"S01012766",257,164,93
"S01012767",570,399,171
"S01012768",480,355,125
"S01012769",100,68,32
"S01012770",628,431,197
"S01012771",554,372,182
"S01012772",505,333,172
"S01012773",761,490,271
"S01012774",676,515,161
"S01012775",329,225,104
"S01012776",594,391,203
"S01012777",610,488,122
"S01012778",351,234,117
"S01012779",508,393,115
"S01012780",613,412,201
"S01012781",514,358,156
"S01012782",474,298,176
"S01012783",595,395,200
"S01012784",538,383,155
"S01012785",492,309,183
"S01012786",424,280,144
"S01012787",560,399,161
"S01012788",477,300,177
"S01012789",434,275,159
"S01012790",516,424,92
"S01012791",675,439,236
"S01012792",696,465,231
"S01012793",624,356,268
"S01012794",327,234,93
"S01012795",913,573,340
"S01012796",412,331,81
"S01012797",571,426,145
"S01012798",751,508,243
"S01012799",555,384,171
"S01012800",674,473,201
"S01012801",64,46,18
"S01012802",461,330,131
"S01012803",544,383,161
"S01012804",561,391,170
"S01012805",664,478,186
"S01012806",550,385,165
"S01012807",436,326,110
"S01012808",883,634,249
"S01012809",494,350,144
"S01012810",522,330,192
"S01012811",587,387,200
"S01012812",520,399,121
"S01012813",609,399,210
"S01012814",624,513,111
"S01012815",519,446,73
"S01012816",526,429,97
"S01012817",199,179,20
"S01012818",423,325,98
"S01012819",555,327,228
"S01012820",1177,941,236
"S01012822",239,139,100
"S01012823",732,602,130
"S01012824",400,298,102
"S01012825",339,202,137
"S01012826",277,190,87
"S01012827",675,531,144
"S01012828",1690,1438,252
"S01012829",607,396,211
"S01012830",455,284,171
"S01012831",466,262,204
"S01012832",340,229,111
"S01012833",529,306,223
"S01012834",366,266,100
"S01012835",804,494,310
"S01012837",565,355,210
"S01012838",990,672,318
"S01012839",551,424,127
"S01012840",647,534,113
"S01012841",461,358,103
"S01012842",393,309,84
"S01012843",707,511,196
"S01012844",521,387,134
"S01012845",511,348,163
"S01012846",695,406,289
"S01012847",403,287,116
"S01012848",541,404,137
"S01012849",528,388,140
"S01012850",608,391,217
"S01012851",611,394,217
"S01012852",534,381,153
"S01012853",514,345,169
"S01012854",646,512,134
"S01012855",517,423,94
"S01012856",506,323,183
"S01012857",578,340,238
"S01012858",571,370,201
"S01012859",561,390,171
"S01012860",738,448,290
"S01012861",539,400,139
"S01012862",461,281,180
"S01012863",527,356,171
"S01012864",635,417,218
"S01012865",557,344,213
"S01012866",589,412,177
"S01012867",559,299,260
"S01012868",458,296,162
"S01012869",405,258,147
"S01012870",729,468,261
"S01012871",635,423,212
"S01012872",665,502,163
"S01012873",508,377,131
"S01012874",583,373,210
"S01012875",455,310,145
"S01012876",584,348,236
"S01012877",552,345,207
"S01012878",726,547,179
"S01012879",535,380,155
"S01012880",590,412,178
"S01012881",604,401,203
"S01012882",452,291,161
"S01012883",456,245,211
"S01012884",352,223,129
"S01012885",347,230,117
"S01012886",626,453,173
"S01012887",542,369,173
"S01012888",588,393,195
"S01012889",651,507,144
"S01012890",529,322,207
"S01012891",356,230,126
"S01012892",834,519,315
"S01012893",476,290,186
"S01012894",663,520,143
"S01012895",388,319,69
"S01012896",681,415,266
"S01012897",917,739,178
"S01012899",578,382,196
"S01012900",903,664,239
"S01012901",523,379,144
"S01012902",585,426,159
"S01012903",619,441,178
"S01012904",573,414,159
"S01012905",331,229,102
"S01012906",825,629,196
"S01012907",475,331,144
"S01012908",524,338,186
"S01012909",411,289,122
"S01012910",654,419,235
"S01012911",536,365,171
"S01012912",537,359,178
"S01012913",562,394,168
"S01012914",636,454,182
"S01012915",745,599,146
"S01012916",510,325,185
"S01012917",537,386,151
"S01012918",465,354,111
"S01012919",334,223,111
"S01012920",397,241,156
"S01012921",398,291,107
"S01012922",719,544,175
"S01012923",541,395,146
"S01012924",395,285,110
"S01012925",378,271,107
"S01012926",558,409,149
"S01012927",582,408,174
"S01012928",596,433,163
"S01012929",541,369,172
"S01012930",607,409,198
"S01012931",649,445,204
"S01012932",515,397,118
"S01012933",597,428,169
"S01012934",500,317,183
"S01012935",616,466,150
"S01012936",524,382,142
"S01012937",526,397,129
"S01012938",381,230,151
"S01012939",477,359,118
"S01012940",555,432,123
"S01012941",460,351,109
"S01012942",555,391,164
"S01012943",538,410,128
"S01012944",379,261,118
"S01012945",538,420,118
"S01012946",658,522,136
"S01012947",365,273,92
"S01012948",482,366,116
"S01012949",705,527,178
"S01012950",672,542,130
"S01012952",1109,856,253
"S01012953",469,370,99
"S01012954",380,307,73
"S01012955",697,526,171
"S01012956",683,430,253
"S01012957",483,336,147
"S01012958",321,238,83
"S01012959",455,373,82
"S01012960",478,348,130
"S01012961",400,311,89
"S01012962",526,394,132
"S01012963",536,441,95
"S01012964",497,426,71
"S01012965",458,350,108
"S01012966",518,419,99
"S01012967",383,285,98
"S01012968",504,365,139
"S01012969",512,355,157
"S01012970",449,336,113
"S01012971",628,433,195
"S01012972",572,395,177
"S01012973",587,419,168
"S01012974",703,456,247
"S01012975",431,292,139
"S01012976",292,183,109
"S01012977",541,394,147
"S01012978",727,510,217
"S01012979",476,349,127
"S01012980",494,372,122
"S01012981",585,444,141
"S01012982",619,460,159
"S01012983",566,396,170
"S01012984",472,368,104
"S01012985",574,425,149
"S01012986",560,396,164
"S01012987",602,431,171
"S01012988",557,374,183
"S01012989",663,492,171
"S01012990",429,302,127
"S01012991",561,407,154
"S01012992",549,394,155
"S01012993",494,333,161
"S01012994",656,476,180
"S01012995",628,503,125
"S01012996",533,422,111
"S01012997",364,227,137
"S01012998",771,595,176
"S01012999",346,254,92
"S01013000",475,343,132
"S01013001",225,173,52
"S01013002",424,296,128
"S01013003",383,244,139
"S01013004",545,389,156
"S01013005",517,351,166
"S01013006",687,444,243
"S01013007",586,378,208
"S01013008",408,284,124
"S01013009",439,289,150
"S01013010",438,326,112
"S01013011",187,138,49
"S01013012",348,222,126
"S01013013",928,700,228
"S01013014",523,359,164
"S01013015",531,411,120
"S01013016",469,337,132
"S01013017",586,391,195
"S01013018",687,494,193
"S01013019",1052,814,238
"S01013020",333,250,83
"S01013021",342,257,85
"S01013022",63,44,19
"S01013023",568,352,216
"S01013024",446,307,139
"S01013025",228,179,49
"S01013026",459,297,162
"S01013027",726,461,265
"S01013028",877,686,191
"S01013029",524,340,184
"S01013030",365,242,123
"S01013031",479,335,144
"S01013032",360,305,55
"S01013033",577,454,123
"S01013034",456,306,150
"S01013035",628,430,198
"S01013036",585,412,173
"S01013037",567,424,143
"S01013038",701,508,193
"S01013039",416,340,76
"S01013040",480,305,175
"S01013041",445,350,95
"S01013042",613,475,138
"S01013043",510,340,170
"S01013044",610,404,206
"S01013045",490,370,120
"S01013046",392,250,142
"S01013047",685,556,129
"S01013048",646,537,109
"S01013049",639,464,175
"S01013050",608,364,244
"S01013051",667,459,208
"S01013052",437,294,143
"S01013053",465,294,171
"S01013054",589,411,178
"S01013055",512,336,176
"S01013056",677,457,220
"S01013057",602,386,216
"S01013058",294,251,43
"S01013059",451,283,168
"S01013060",381,250,131
"S01013061",633,388,245
"S01013062",573,386,187
"S01013063",580,388,192
"S01013064",684,456,228
"S01013065",661,429,232
"S01013066",502,366,136
"S01013067",850,555,295
"S01013068",554,359,195
"S01013069",648,423,225
"S01013070",492,271,221
"S01013071",968,609,359
"S01013072",354,213,141
"S01013073",639,422,217
"S01013074",387,230,157
"S01013075",763,435,328
"S01013076",683,410,273
"S01013077",504,305,199
"S01013078",417,262,155
"S01013079",1022,644,378
"S01013080",392,241,151
"S01013081",456,315,141
"S01013082",660,446,214
"S01013083",2416,1284,1132
"S01013084",530,367,163
"S01013085",531,267,264
"S01013086",634,438,196
"S01013087",610,371,239
"S01013088",687,443,244
"S01013089",563,362,201
"S01013090",597,426,171
"S01013091",330,212,118
"S01013092",439,307,132
"S01013093",766,530,236
"S01013094",446,286,160
"S01013095",517,351,166
"S01013096",380,227,153
"S01013097",1012,781,231
"S01013099",645,444,201
"S01013100",416,242,174
"S01013101",716,477,239
"S01013102",409,265,144
"S01013103",590,456,134
"S01013104",718,500,218
"S01013105",658,436,222
"S01013106",577,425,152
"S01013107",512,346,166
"S01013108",436,276,160
"S01013109",746,540,206
"S01013110",515,364,151
"S01013111",341,231,110
"S01013112",380,276,104
"S01013113",572,373,199
"S01013114",623,442,181
"S01013115",342,249,93
"S01013116",682,428,254
"S01013117",270,215,55
"S01013118",625,481,144
"S01013119",607,406,201
"S01013120",736,552,184
"S01013121",314,248,66
"S01013122",446,286,160
"S01013123",568,389,179
"S01013124",537,359,178
"S01013125",587,357,230
"S01013126",547,340,207
"S01013127",585,343,242
"S01013128",517,374,143
"S01013129",858,575,283
"S01013130",515,339,176
"S01013131",484,350,134
"S01013132",429,289,140
"S01013133",611,379,232
"S01013134",601,410,191
"S01013135",559,348,211
"S01013136",699,434,265
"S01013137",565,339,226
"S01013138",492,320,172
"S01013139",647,369,278
"S01013140",598,348,250
"S01013141",461,293,168
"S01013142",566,310,256
"S01013143",651,422,229
"S01013144",666,421,245
"S01013145",608,374,234
"S01013146",247,161,86
"S01013147",515,356,159
"S01013148",565,409,156
"S01013149",619,445,174
"S01013150",582,376,206
"S01013151",424,314,110
"S01013152",536,378,158
"S01013153",621,375,246
"S01013154",612,421,191
"S01013155",651,438,213
"S01013156",619,401,218
"S01013157",730,477,253
"S01013158",608,437,171
"S01013159",662,469,193
"S01013160",347,257,90
"S01013161",765,548,217
"S01013162",610,384,226
"S01013163",561,423,138
"S01013164",844,539,305
"S01013165",582,396,186
"S01013166",417,255,162
"S01013167",588,401,187
"S01013168",760,469,291
"S01013169",494,291,203
"S01013170",387,251,136
"S01013171",493,364,129
"S01013172",574,387,187
"S01013173",624,466,158
"S01013174",600,489,111
"S01013175",613,473,140
"S01013176",584,401,183
"S01013177",485,354,131
"S01013178",374,251,123
"S01013179",889,619,270
"S01013180",354,273,81
"S01013181",546,384,162
"S01013182",536,338,198
"S01013183",657,482,175
"S01013184",362,237,125
"S01013185",562,385,177
"S01013186",550,387,163
"S01013187",571,381,190
"S01013188",721,529,192
"S01013189",365,255,110
"S01013190",711,487,224
"S01013191",789,618,171
"S01013192",706,476,230
"S01013193",504,387,117
"S01013194",471,355,116
"S01013195",763,567,196
"S01013196",453,376,77
"S01013197",412,270,142
"S01013198",652,420,232
"S01013199",690,452,238
"S01013200",597,386,211
"S01013201",486,274,212
"S01013202",428,268,160
"S01013203",538,353,185
"S01013204",742,552,190
"S01013205",246,152,94
"S01013206",551,340,211
"S01013207",899,629,270
"S01013208",717,445,272
"S01013209",621,418,203
"S01013210",475,339,136
"S01013211",680,496,184
"S01013212",289,237,52
"S01013213",449,358,91
"S01013214",339,283,56
"S01013215",815,641,174
"S01013216",441,305,136
"S01013217",521,365,156
"S01013218",445,281,164
"S01013219",405,274,131
"S01013220",491,297,194
"S01013221",664,450,214
"S01013222",433,249,184
"S01013223",785,515,270
"S01013224",638,458,180
"S01013225",495,295,200
"S01013226",388,312,76
"S01013227",507,293,214
"S01013228",575,409,166
"S01013229",628,401,227
"S01013230",479,296,183
"S01013231",511,353,158
"S01013232",590,358,232
"S01013233",372,270,102
"S01013235",612,420,192
"S01013236",628,383,245
"S01013237",617,457,160
"S01013238",635,375,260
"S01013239",660,401,259
"S01013240",403,249,154
"S01013241",665,469,196
"S01013242",451,312,139
"S01013243",569,378,191
"S01013244",544,317,227
"S01013245",753,544,209
"S01013246",242,164,78
"S01013247",557,370,187
"S01013248",471,314,157
"S01013249",337,243,94
"S01013250",742,572,170
"S01013251",371,221,150
"S01013252",521,349,172
"S01013253",537,374,163
"S01013254",469,295,174
"S01013255",1147,483,664
"S01013256",397,260,137
"S01013257",479,323,156
"S01013258",588,406,182
"S01013259",622,442,180
"S01013260",788,558,230
"S01013261",501,348,153
"S01013262",485,323,162
"S01013263",277,215,62
"S01013264",220,174,46
"S01013265",492,402,90
"S01013266",302,258,44
"S01013267",537,363,174
"S01013268",613,455,158
"S01013269",1014,813,201
"S01013270",593,483,110
"S01013271",347,222,125
"S01013272",551,435,116
"S01013273",787,680,107
"S01013274",651,473,178
"S01013275",508,382,126
"S01013276",488,402,86
"S01013277",681,477,204
"S01013278",478,328,150
"S01013279",527,352,175
"S01013280",412,295,117
"S01013281",677,471,206
"S01013282",611,449,162
"S01013283",647,502,145
"S01013284",516,428,88
"S01013285",522,409,113
"S01013286",534,419,115
"S01013287",618,503,115
"S01013288",482,334,148
"S01013289",731,535,196
"S01013290",655,524,131
"S01013291",522,441,81
"S01013292",602,474,128
"S01013293",559,428,131
"S01013294",535,411,124
"S01013295",647,513,134
"S01013296",534,358,176
"S01013297",524,375,149
"S01013298",639,437,202
"S01013299",963,704,259
"S01013300",445,295,150
"S01013301",373,263,110
"S01013302",1051,840,211
"S01013303",782,523,259
"S01013304",607,435,172
"S01013305",740,511,229
"S01013306",636,405,231
"S01013307",792,552,240
"S01013308",453,322,131
"S01013309",476,368,108
"S01013310",395,293,102
"S01013311",482,329,153
"S01013312",894,597,297
"S01013313",509,343,166
"S01013314",583,388,195
"S01013316",498,331,167
"S01013317",430,311,119
"S01013318",466,375,91
"S01013319",422,330,92
"S01013320",726,632,94
"S01013321",384,270,114
"S01013322",556,412,144
"S01013323",738,515,223
"S01013324",481,332,149
"S01013325",623,429,194
"S01013326",409,281,128
"S01013327",529,381,148
"S01013328",465,319,146
"S01013329",402,267,135
"S01013330",825,656,169
"S01013331",475,403,72
"S01013332",499,363,136
"S01013333",496,376,120
"S01013334",557,393,164
"S01013335",684,481,203
"S01013336",648,435,213
"S01013337",1113,806,307
"S01013338",158,115,43
"S01013339",456,345,111
"S01013340",656,468,188
"S01013341",461,351,110
"S01013342",475,330,145
"S01013343",504,374,130
"S01013344",435,254,181
"S01013345",548,398,150
"S01013346",634,524,110
"S01013347",489,389,100
"S01013348",1190,964,226
"S01013349",799,653,146
"S01013350",318,249,69
"S01013351",596,439,157
"S01013352",674,495,179
"S01013353",488,341,147
"S01013354",448,326,122
"S01013355",482,344,138
"S01013356",541,362,179
"S01013357",638,490,148
"S01013358",607,426,181
"S01013359",453,294,159
"S01013360",521,340,181
"S01013361",445,281,164
"S01013362",341,220,121
"S01013363",503,309,194
"S01013364",478,302,176
"S01013365",1057,807,250
"S01013366",617,466,151
"S01013367",573,466,107
"S01013368",311,214,97
"S01013369",636,391,245
"S01013370",435,273,162
"S01013371",467,264,203
"S01013372",732,482,250
"S01013373",667,433,234
"S01013374",667,415,252
"S01013375",506,342,164
"S01013376",358,233,125
"S01013377",558,357,201
"S01013378",750,539,211
"S01013379",664,465,199
"S01013380",1165,957,208
"S01013381",469,317,152
"S01013382",219,165,54
"S01013383",505,317,188
"S01013384",452,292,160
"S01013385",372,276,96
"S01013386",521,379,142
"S01013387",407,270,137
"S01013388",459,297,162
"S01013389",588,442,146
"S01013390",263,179,84
"S01013391",672,513,159
"S01013392",180,131,49
"S01013393",341,209,132
"S01013394",500,313,187
"S01013395",413,260,153
"S01013396",576,504,72
"S01013397",549,411,138
"S01013398",98,82,16
"S01013399",728,568,160
"S01013400",504,376,128
"S01013401",2727,2350,377
"S01013404",165,144,21
"S01013405",498,338,160
"S01013406",456,313,143
"S01013407",386,265,121
"S01013408",625,436,189
"S01013409",805,604,201
"S01013410",86,64,22
"S01013411",550,419,131
"S01013412",541,374,167
"S01013413",552,406,146
"S01013414",676,474,202
"S01013415",489,288,201
"S01013416",452,305,147
"S01013417",673,477,196
"S01013418",310,214,96
"S01013419",363,270,93
"S01013420",331,247,84
"S01013421",650,565,85
"S01013422",540,393,147
"S01013423",628,449,179
"S01013424",370,283,87
"S01013425",261,175,86
"S01013426",615,407,208
"S01013427",734,577,157
"S01013428",483,326,157
"S01013429",173,117,56
"S01013430",533,407,126
"S01013431",856,608,248
"S01013432",494,350,144
"S01013433",492,355,137
"S01013434",385,285,100
"S01013435",480,373,107
"S01013436",615,457,158
"S01013437",523,391,132
"S01013438",430,286,144
"S01013439",694,436,258
"S01013440",773,500,273
"S01013441",558,399,159
"S01013442",607,450,157
"S01013443",457,337,120
"S01013444",703,508,195
"S01013445",410,295,115
"S01013446",508,361,147
"S01013447",419,351,68
"S01013448",577,386,191
"S01013449",499,380,119
"S01013450",451,356,95
"S01013451",656,522,134
"S01013452",576,434,142
"S01013453",547,367,180
"S01013454",572,425,147
"S01013455",427,306,121
"S01013456",591,406,185
"S01013457",655,447,208
"S01013458",564,418,146
"S01013459",610,421,189
"S01013460",597,413,184
"S01013461",781,616,165
"S01013462",657,538,119
"S01013463",292,229,63
"S01013464",536,373,163
"S01013465",514,333,181
"S01013466",616,400,216
"S01013467",671,518,153
"S01013468",375,250,125
"S01013469",657,449,208
"S01013470",655,458,197
"S01013471",630,451,179
"S01013472",212,167,45
"S01013473",235,198,37
"S01013474",390,323,67
"S01013475",545,387,158
"S01013476",496,340,156
"S01013477",459,314,145
"S01013478",643,500,143
"S01013479",599,403,196
"S01013480",494,321,173
"S01013481",353,238,115
