"dz_2011","total","white","nonwhite"
"S01006506",765,757,8
"S01006507",898,872,26
"S01006508",663,628,35
"S01006509",584,569,15
"S01006510",626,617,9
"S01006511",735,727,8
"S01006512",512,501,11
"S01006513",391,379,12
"S01006514",918,881,37
"S01006515",805,790,15
"S01006516",704,684,20
"S01006517",1049,1015,34
"S01006518",663,643,20
"S01006519",874,829,45
"S01006520",742,698,44
"S01006521",518,502,16
"S01006522",560,542,18
"S01006523",933,919,14
"S01006524",744,716,28
"S01006525",815,797,18
"S01006526",942,926,16
"S01006527",744,727,17
"S01006528",1009,988,21
"S01006529",837,824,13
"S01006530",714,692,22
"S01006531",1027,1015,12
"S01006532",618,608,10
"S01006533",710,700,10
"S01006534",983,966,17
"S01006535",1063,1037,26
"S01006536",855,829,26
"S01006537",668,663,5
"S01006538",581,562,19
"S01006539",764,753,11
"S01006540",925,900,25
"S01006541",877,864,13
"S01006542",963,918,45
"S01006543",788,776,12
"S01006544",820,767,53
"S01006545",897,867,30
"S01006546",619,606,13
"S01006547",1212,1178,34
"S01006548",770,751,19
"S01006549",762,742,20
"S01006550",1003,982,21
"S01006551",396,392,4
"S01006552",885,842,43
"S01006553",820,796,24
"S01006554",704,690,14
"S01006555",876,864,12
"S01006556",873,859,14
"S01006557",764,753,11
"S01006558",754,729,25
"S01006559",450,435,15
"S01006560",1056,1018,38
"S01006561",798,786,12
"S01006562",796,775,21
"S01006563",945,872,73
"S01006564",970,869,101
"S01006565",985,917,68
"S01006566",784,740,44
"S01006567",786,759,27
"S01006568",901,875,26
"S01006569",574,558,16
"S01006570",762,730,32
"S01006571",885,858,27
"S01006572",863,831,32
"S01006573",706,687,19
"S01006574",967,933,34
"S01006575",917,873,44
"S01006576",644,623,21
"S01006577",800,775,25
"S01006578",929,882,47
"S01006579",964,920,44
"S01006580",703,668,35
"S01006581",924,915,9
"S01006582",760,730,30
"S01006583",575,547,28
"S01006584",603,567,36
"S01006585",747,701,46
"S01006586",895,849,46
"S01006587",245,222,23
"S01006588",363,350,13
"S01006589",526,515,11
"S01006590",617,587,30
"S01006591",404,376,28
"S01006592",434,418,16
"S01006593",518,498,20
"S01006594",547,545,2
"S01006595",639,615,24
"S01006596",745,713,32
"S01006597",555,539,16
"S01006598",806,794,12
"S01006599",759,726,33
"S01006600",1014,963,51
"S01006601",953,931,22
"S01006602",862,836,26
"S01006603",930,928,2
"S01006604",684,678,6
"S01006605",796,789,7
"S01006606",838,827,11
"S01006607",970,965,5
"S01006608",469,462,7
"S01006609",1089,1077,12
"S01006610",500,494,6
"S01006611",969,964,5
"S01006612",862,831,31
"S01006613",641,622,19
"S01006614",687,673,14
"S01006615",347,341,6
"S01006616",838,823,15
"S01006617",608,600,8
"S01006618",568,560,8
"S01006619",919,909,10
"S01006620",1039,1035,4
"S01006621",577,574,3
"S01006622",655,647,8
"S01006623",800,788,12
"S01006624",800,792,8
"S01006625",648,643,5
"S01006626",684,680,4
"S01006627",750,736,14
"S01006628",741,733,8
"S01006629",754,738,16
"S01006630",677,675,2
"S01006631",954,951,3
"S01006632",740,729,11
"S01006633",700,684,16
"S01006634",577,577,0
"S01006635",646,638,8
"S01006636",763,757,6
"S01006637",606,583,23
"S01006638",771,739,32
"S01006639",867,825,42
"S01006640",94,92,2
"S01006641",557,544,13
"S01006642",822,786,36
"S01006643",547,516,31
"S01006644",529,502,27
"S01006645",721,696,25
"S01006646",673,626,47
"S01006647",577,545,32
"S01006648",1538,1404,134
"S01006649",609,574,35
"S01006650",621,609,12
"S01006651",631,598,33
"S01006652",380,362,18
"S01006653",587,568,19
"S01006654",861,834,27
"S01006655",496,486,10
"S01006656",786,743,43
"S01006657",528,513,15
"S01006658",1127,1020,107
"S01006659",692,663,29
"S01006660",315,293,22
"S01006661",715,698,17
"S01006662",685,581,104
"S01006663",511,484,27
"S01006664",163,158,5
"S01006665",636,590,46
"S01006666",1025,980,45
"S01006667",698,673,25
"S01006668",833,781,52
"S01006669",1079,1022,57
"S01006670",471,459,12
"S01006671",1273,1157,116
"S01006672",767,725,42
"S01006673",842,803,39
"S01006674",879,822,57
"S01006675",453,390,63
"S01006676",713,691,22
"S01006677",697,684,13
"S01006678",983,958,25
"S01006679",619,610,9
"S01006680",698,659,39
"S01006681",897,862,35
"S01006682",716,673,43
"S01006683",745,694,51
"S01006684",578,563,15
"S01006685",672,661,11
"S01006686",654,637,17
"S01006687",846,831,15
"S01006688",957,952,5
"S01006689",481,474,7
"S01006690",576,555,21
"S01006691",554,529,25
"S01006692",793,771,22
"S01006693",888,873,15
"S01006694",907,903,4
"S01006695",761,746,15
"S01006696",811,803,8
"S01006697",933,919,14
"S01006698",692,684,8
"S01006699",501,489,12
"S01006700",886,864,22
"S01006701",762,757,5
"S01006702",707,704,3
"S01006703",706,697,9
"S01006704",694,694,0
"S01006705",883,881,2
"S01006706",636,630,6
"S01006707",673,669,4
"S01006708",847,841,6
"S01006709",834,823,11
"S01006710",943,935,8
"S01006711",905,896,9
"S01006712",430,425,5
"S01006713",875,873,2
"S01006714",633,630,3
"S01006715",624,615,9
"S01006716",733,729,4
"S01006717",1062,1058,4
"S01006718",713,704,9
"S01006719",873,869,4
"S01006720",610,607,3
"S01006721",1005,999,6
"S01006722",597,597,0
"S01006723",856,851,5
"S01006724",924,914,10
"S01006725",684,683,1
"S01006726",987,972,15
"S01006727",857,852,5
"S01006728",788,785,3
"S01006729",746,735,11
"S01006730",714,707,7
"S01006731",622,615,7
"S01006732",709,687,22
"S01006733",873,822,51
"S01006734",1014,973,41
"S01006735",807,763,44
"S01006736",892,834,58
"S01006737",578,552,26
"S01006738",660,655,5
"S01006739",525,519,6
"S01006740",758,756,2
"S01006741",718,715,3
"S01006742",507,506,1
"S01006743",439,437,2
"S01006744",606,605,1
"S01006745",795,790,5
"S01006746",768,765,3
"S01006747",916,899,17
"S01006748",826,826,0
"S01006749",1033,1003,30
"S01006750",691,683,8
"S01006751",389,386,3
"S01006752",778,772,6
"S01006753",946,939,7
"S01006754",1007,1007,0
"S01006755",595,587,8
"S01006756",166,164,2
"S01006757",981,960,21
"S01006758",710,694,16
"S01006759",480,471,9
"S01006760",423,416,7
"S01006761",762,749,13
"S01006762",1048,1009,39
"S01006763",633,616,17
"S01006764",867,855,12
"S01006765",632,628,4
"S01006766",666,648,18
"S01006767",750,725,25
"S01006768",746,718,28
"S01006769",866,851,15
"S01006770",854,846,8
"S01006771",262,238,24
"S01006772",937,909,28
"S01006773",975,945,30
"S01006774",745,693,52
"S01006775",678,661,17
"S01006776",465,465,0
"S01006777",739,722,17
"S01006778",721,718,3
"S01006779",771,749,22
"S01006780",604,598,6
"S01006781",733,708,25
"S01006782",690,501,189
"S01006783",680,656,24
"S01006784",482,475,7
"S01006785",614,602,12
"S01006786",612,573,39
"S01006787",934,921,13
"S01006788",922,884,38
"S01006789",646,643,3
"S01006790",708,705,3
"S01006791",514,511,3
"S01006792",577,573,4
"S01006793",579,578,1
"S01006794",621,615,6
"S01006795",452,451,1
"S01006796",265,264,1
"S01006797",778,774,4
"S01006798",769,761,8
"S01006799",661,660,1
"S01006800",610,604,6
"S01006801",613,611,2
"S01006802",679,679,0
"S01006803",656,655,1
"S01006804",326,326,0
"S01006805",940,933,7
"S01006806",964,959,5
"S01006807",524,520,4
"S01006808",561,554,7
"S01006809",779,775,4
"S01006810",906,901,5
"S01006811",881,879,2
"S01006812",663,655,8
"S01006813",504,501,3
"S01006814",651,642,9
"S01006815",537,537,0
"S01006816",674,666,8
"S01006817",709,702,7
"S01006818",672,667,5
"S01006819",819,815,4
"S01006820",400,397,3
"S01006821",771,764,7
"S01006822",943,931,12
"S01006823",724,715,9
"S01006824",775,772,3
"S01006825",897,892,5
"S01006826",831,824,7
"S01006827",746,739,7
"S01006828",916,909,7
"S01006830",736,730,6
"S01006831",607,606,1
"S01006832",1083,1078,5
"S01006833",481,477,4
"S01006835",640,631,9
"S01006837",410,408,2
"S01006838",699,695,4
"S01006839",1040,1032,8
"S01006840",696,686,10
"S01006841",991,981,10
"S01006842",898,884,14
"S01006843",870,866,4
"S01006844",722,711,11
"S01006845",814,798,16
"S01006846",572,566,6
"S01006847",723,717,6
"S01006848",963,948,15
"S01006849",82,78,4
"S01006850",1065,1043,22
"S01006851",763,761,2
"S01006852",581,572,9
"S01006853",730,706,24
"S01006854",380,377,3
"S01006855",810,807,3
"S01006856",614,601,13
"S01006857",1179,1176,3
"S01006858",611,607,4
"S01006859",1083,1066,17
"S01006860",551,546,5
"S01006861",113,111,2
"S01006862",709,707,2
"S01006863",505,503,2
"S01006865",797,785,12
"S01006866",577,569,8
"S01006867",661,657,4
"S01006868",792,790,2
"S01006869",613,611,2
"S01006870",398,397,1
"S01006871",591,587,4
"S01006872",725,720,5
"S01006873",1084,1074,10
"S01006874",644,643,1
"S01006875",228,225,3
"S01006876",894,889,5
"S01006877",900,895,5
"S01006878",731,721,10
"S01006879",907,906,1
"S01006880",399,398,1
"S01006881",561,558,3
"S01006882",236,236,0
"S01006883",402,396,6
"S01006884",754,748,6
"S01006885",622,615,7
"S01006886",755,754,1
"S01006887",325,322,3
"S01006888",588,585,3
"S01006889",899,893,6
"S01006890",588,578,10
"S01006891",646,642,4
"S01006892",519,519,0
"S01006893",355,355,0
"S01006894",1024,1021,3
"S01006895",629,625,4
"S01006896",797,797,0
"S01006897",756,748,8
"S01006898",709,703,6
"S01006899",513,513,0
"S01006900",666,657,9
"S01006901",658,653,5
"S01006902",688,685,3
"S01006903",727,720,7
"S01006904",636,629,7
"S01006905",857,853,4
"S01006906",940,938,2
"S01006907",510,507,3
"S01006908",705,696,9
"S01006910",1411,1392,19
"S01006912",676,676,0
"S01006913",140,140,0
"S01006914",664,657,7
"S01006915",797,783,14
"S01006916",87,87,0
"S01006917",113,113,0
"S01006918",359,358,1
"S01006919",373,368,5
"S01006920",143,143,0
"S01006921",233,230,3
"S01006922",289,287,2
"S01006923",727,722,5
"S01006924",655,647,8
"S01006925",697,684,13
"S01006926",102,102,0
"S01006928",983,981,2
"S01006929",856,841,15
"S01006930",1030,992,38
"S01006931",420,416,4
"S01006932",263,250,13
"S01006933",682,678,4
"S01006934",606,605,1
"S01006935",798,778,20
"S01006936",588,585,3
"S01006937",816,802,14
"S01006938",592,589,3
"S01006939",544,534,10
"S01006940",1023,1001,22
"S01006941",741,732,9
"S01006942",1002,997,5
"S01006945",663,647,16
"S01006946",782,774,8
"S01006947",471,466,5
"S01006948",853,851,2
"S01006949",574,565,9
"S01006951",484,483,1
"S01006952",734,727,7
"S01006953",733,728,5
"S01006954",583,576,7
"S01006955",752,749,3
"S01006956",390,383,7
"S01006957",847,832,15
"S01006958",842,826,16
"S01006959",693,692,1
"S01006960",130,130,0
"S01006962",814,811,3
"S01006963",621,611,10
"S01006964",633,622,11
"S01006965",452,451,1
"S01006966",680,677,3
"S01006967",759,753,6
"S01006968",491,488,3
"S01006969",1024,1019,5
"S01006970",689,683,6
"S01006971",347,346,1
"S01006972",474,474,0
"S01006973",711,703,8
"S01006974",796,785,11
"S01006975",946,937,9
"S01006976",705,697,8
"S01006977",1013,997,16
"S01006978",790,783,7
"S01006979",583,581,2
"S01006980",920,919,1
"S01006981",787,787,0
"S01006982",670,657,13
"S01006983",727,722,5
"S01006984",768,758,10
"S01006985",1005,997,8
"S01006986",336,336,0
"S01006987",662,659,3
"S01006988",311,311,0
"S01006989",716,710,6
"S01006990",361,357,4
"S01006991",493,493,0
"S01006992",581,570,11
"S01006993",520,517,3
"S01006994",561,556,5
"S01006995",1037,1035,2
"S01006996",312,312,0
"S01006997",601,600,1
"S01006998",974,973,1
"S01006999",808,806,2
"S01007000",509,509,0
"S01007001",725,721,4
"S01007002",428,422,6
"S01007003",454,454,0
"S01007004",723,720,3
"S01007005",824,823,1
"S01007006",871,867,4
"S01007007",741,740,1
"S01007008",871,868,3
"S01007009",1037,1035,2
"S01007010",872,865,7
"S01007011",863,862,1
"S01007012",769,764,5
"S01007013",767,767,0
"S01007014",757,756,1
"S01007015",648,646,2
"S01007016",538,537,1
"S01007017",984,978,6
"S01007018",892,883,9
"S01007019",658,656,2
"S01007020",592,587,5
"S01007021",830,824,6
"S01007022",93,93,0
"S01007023",824,819,5
"S01007024",987,986,1
"S01007025",620,617,3
"S01007026",720,720,0
"S01007027",892,886,6
"S01007028",963,959,4
"S01007029",560,558,2
"S01007030",755,754,1
"S01007031",557,549,8
"S01007032",1135,1126,9
"S01007033",789,781,8
"S01007034",445,443,2
"S01007035",792,786,6
"S01007036",830,826,4
"S01007037",883,883,0
"S01007038",910,903,7
"S01007039",487,487,0
"S01007040",672,672,0
"S01007041",454,453,1
"S01007042",342,339,3
"S01007043",1327,1322,5
"S01007044",553,552,1
"S01007045",903,895,8
"S01007046",523,522,1
"S01007047",766,764,2
"S01007048",1186,1186,0
"S01007049",773,771,2
"S01007050",386,385,1
"S01007051",630,629,1
"S01007052",556,555,1
"S01007053",460,460,0
"S01007054",735,730,5
"S01007055",620,620,0
"S01007056",815,811,4
"S01007057",383,383,0
"S01007058",621,620,1
"S01007059",871,855,16
"S01007060",607,606,1
"S01007061",853,849,4
"S01007062",629,621,8
"S01007063",584,583,1
"S01007064",662,658,4
"S01007065",498,494,4
"S01007066",1178,1170,8
"S01007067",645,645,0
"S01007068",563,561,2
"S01007069",995,989,6
"S01007070",447,446,1
"S01007071",386,383,3
"S01007072",689,685,4
"S01007073",1212,1204,8
"S01007074",693,675,18
"S01007075",695,693,2
"S01007076",1028,1012,16
"S01007077",777,767,10
"S01007078",967,963,4
"S01007079",920,918,2
"S01007080",972,961,11
"S01007081",954,943,11
"S01007082",566,566,0
"S01007083",817,814,3
"S01007084",677,675,2
"S01007085",886,873,13
"S01007086",815,808,7
"S01007087",630,618,12
"S01007088",593,590,3
"S01007089",707,705,2
"S01007090",541,536,5
"S01007092",703,702,1
"S01007093",1080,1077,3
"S01007094",935,933,2
"S01007095",649,648,1
"S01007096",603,598,5
"S01007097",286,283,3
"S01007098",378,377,1
"S01007099",654,651,3
"S01007100",757,752,5
"S01007101",586,586,0
"S01007102",854,853,1
"S01007103",543,543,0
"S01007104",1150,1145,5
"S01007105",436,435,1
"S01007106",625,624,1
"S01007107",428,427,1
"S01007108",990,983,7
"S01007109",395,395,0
"S01007110",611,609,2
"S01007111",485,485,0
"S01007112",637,636,1
"S01007113",481,481,0
"S01007114",867,860,7
"S01007115",663,663,0
"S01007116",473,473,0
"S01007117",557,556,1
"S01007118",791,789,2
"S01007119",880,880,0
"S01007120",967,965,2
"S01007121",499,498,1
"S01007122",585,583,2
"S01007123",707,698,9
"S01007124",880,875,5
"S01007125",836,831,5
"S01007126",860,856,4
"S01007127",455,445,10
"S01007128",909,902,7
"S01007129",681,672,9
"S01007130",583,579,4
"S01007131",496,495,1
"S01007132",707,697,10
"S01007133",607,606,1
"S01007134",679,673,6
"S01007135",465,462,3
"S01007136",192,187,5
"S01007137",65,65,0
"S01007138",454,452,2
"S01007139",742,736,6
"S01007140",822,801,21
"S01007141",655,655,0
"S01007144",1120,1111,9
"S01007145",939,905,34
"S01007146",876,867,9
"S01007147",666,657,9
"S01007148",600,557,43
"S01007149",805,785,20
"S01007150",814,796,18
"S01007151",656,655,1
"S01007152",700,698,2
"S01007153",706,700,6
"S01007154",780,771,9
"S01007155",503,500,3
"S01007156",614,609,5
"S01007157",524,521,3
"S01007158",758,756,2
"S01007159",781,773,8
"S01007160",702,701,1
"S01007161",623,618,5
"S01007162",322,311,11
"S01007163",924,916,8
"S01007164",627,626,1
"S01007165",773,767,6
"S01007166",645,641,4
"S01007167",917,912,5
"S01007168",1065,1060,5
"S01007169",683,674,9
"S01007170",595,591,4
"S01007171",932,924,8
"S01007172",791,786,5
"S01007173",632,629,3
"S01007174",662,657,5
"S01007175",634,634,0
"S01007176",714,710,4
"S01007177",624,619,5
"S01007178",1009,1002,7
"S01007179",1000,984,16
"S01007180",784,781,3
"S01007181",871,860,11
"S01007182",1004,997,7
"S01007183",1009,1005,4
"S01007184",995,992,3
"S01007185",758,755,3
"S01007186",458,445,13
"S01007187",773,758,15
"S01007188",514,512,2
"S01007189",764,764,0
"S01007190",827,826,1
"S01007191",604,598,6
"S01007192",637,636,1
"S01007193",780,777,3
"S01007194",629,626,3
"S01007195",559,557,2
"S01007196",547,545,2
"S01007197",408,407,1
"S01007198",411,408,3
"S01007199",822,820,2
"S01007200",931,930,1
"S01007201",732,729,3
"S01007202",822,821,1
"S01007203",678,670,8
"S01007204",898,892,6
"S01007205",648,648,0
"S01007206",259,258,1
"S01007207",1019,1014,5
"S01007208",897,882,15
"S01007209",613,608,5
"S01007210",655,651,4
"S01007211",697,693,4
"S01007212",606,601,5
"S01007213",773,767,6
"S01007214",687,686,1
"S01007215",804,794,10
"S01007216",792,791,1
"S01007217",896,896,0
"S01007218",680,670,10
"S01007219",772,763,9
"S01007220",724,719,5
"S01007221",205,200,5
"S01007222",879,869,10
"S01007223",560,554,6
"S01007224",586,583,3
"S01007225",824,821,3
"S01007226",705,704,1
"S01007227",820,819,1
"S01007228",611,611,0
"S01007229",1084,1072,12
"S01007230",753,748,5
"S01007231",639,632,7
"S01007232",587,587,0
"S01007233",745,734,11
"S01007234",658,657,1
"S01007235",731,725,6
"S01007236",642,638,4
"S01007237",713,705,8
"S01007238",898,895,3
"S01007239",779,774,5
"S01007240",589,587,2
"S01007241",632,627,5
"S01007242",940,938,2
"S01007243",558,558,0
"S01007244",635,635,0
"S01007245",675,668,7
"S01007246",632,628,4
"S01007247",606,605,1
"S01007248",565,558,7
"S01007249",409,397,12
"S01007250",765,764,1
"S01007251",318,318,0
"S01007252",713,706,7
"S01007253",635,627,8
"S01007254",760,759,1
"S01007255",797,794,3
"S01007256",678,670,8
"S01007257",578,562,16
"S01007258",727,719,8
"S01007259",848,842,6
"S01007260",910,905,5
"S01007261",826,819,7
"S01007262",737,736,1
"S01007263",877,867,10
"S01007264",812,808,4
"S01007265",1083,1080,3
"S01007266",722,716,6
"S01007267",501,500,1
"S01007268",582,578,4
"S01007269",493,491,2
"S01007270",649,643,6
"S01007271",801,800,1
"S01007272",1089,1079,10
"S01007273",566,566,0
"S01007274",785,772,13
"S01007275",622,610,12
"S01007276",785,780,5
"S01007277",574,572,2
"S01007278",593,592,1
"S01007279",562,560,2
"S01007280",549,544,5
"S01007281",880,875,5
"S01007282",534,533,1
"S01007283",888,882,6
"S01007284",882,879,3
"S01007285",809,805,4
"S01007286",832,830,2
"S01007287",463,461,2
"S01007288",420,420,0
"S01007289",834,825,9
"S01007290",138,135,3
"S01007291",524,520,4
"S01007292",758,751,7
"S01007293",919,917,2
"S01007294",810,801,9
"S01007295",544,543,1
"S01007296",584,572,12
"S01007297",696,692,4
"S01007298",554,552,2
"S01007299",883,873,10
"S01007300",591,586,5
"S01007301",575,572,3
"S01007302",730,728,2
"S01007303",879,855,24
"S01007304",577,577,0
"S01007305",703,700,3
"S01007306",554,554,0
"S01007307",785,780,5
"S01007308",735,732,3
"S01007309",626,624,2
"S01007310",760,757,3
"S01007311",769,761,8
"S01007312",754,750,4
"S01007313",875,870,5
"S01007314",639,638,1
"S01007315",607,606,1
"S01007316",842,836,6
"S01007317",812,806,6
"S01007318",630,628,2
"S01007319",653,652,1
"S01007320",861,850,11
"S01007321",633,628,5
"S01007322",759,756,3
"S01007323",579,577,2
"S01007324",301,301,0
"S01007325",758,757,1
"S01007326",1315,1311,4
"S01007327",683,676,7
"S01007328",568,566,2
"S01007329",658,655,3
"S01007330",932,925,7
"S01007331",1015,1013,2
"S01007332",489,489,0
"S01007333",756,754,2
"S01007334",700,697,3
"S01007335",851,848,3
"S01007336",417,412,5
"S01007337",506,501,5
"S01007338",832,828,4
"S01007339",678,673,5
"S01007340",511,510,1
"S01007341",720,718,2
"S01007342",851,847,4
"S01007343",818,814,4
"S01007344",345,342,3
"S01007345",493,486,7
"S01007346",640,638,2
"S01007347",690,685,5
"S01007348",706,703,3
"S01007349",407,397,10
"S01007350",584,579,5
"S01007351",673,672,1
"S01007352",526,523,3
"S01007353",716,713,3
"S01007354",751,746,5
"S01007355",2044,2032,12
"S01007356",734,725,9
"S01007357",822,813,9
"S01007358",985,980,5
"S01007359",116,114,2
"S01007360",431,427,4
"S01007361",1104,1101,3
"S01007362",650,648,2
"S01007363",694,692,2
"S01007364",913,904,9
"S01007365",392,389,3
"S01007366",514,513,1
"S01007367",568,563,5
"S01007368",348,339,9
"S01007369",604,601,3
"S01007370",733,727,6
"S01007371",681,675,6
"S01007372",606,591,15
"S01007373",492,492,0
"S01007374",565,557,8
"S01007375",506,505,1
"S01007376",931,929,2
"S01007377",690,686,4
"S01007378",2671,2645,26
"S01007379",535,534,1
"S01007380",618,613,5
"S01007381",415,412,3
"S01007382",705,695,10
"S01007383",784,774,10
"S01007384",793,781,12
"S01007385",962,953,9
"S01007386",877,864,13
"S01007387",871,850,21
"S01007388",712,683,29
"S01007389",893,888,5
"S01007390",260,260,0
"S01007391",671,666,5
"S01007392",413,404,9
"S01007393",816,800,16
"S01007394",652,649,3
"S01007395",844,834,10
"S01007396",826,821,5
"S01007397",983,963,20
"S01007398",735,729,6
"S01007399",456,454,2
"S01007400",758,744,14
"S01007401",707,683,24
"S01007402",670,664,6
"S01007403",671,668,3
"S01007404",584,582,2
"S01007405",373,371,2
"S01007406",619,609,10
"S01007407",713,702,11
"S01007408",646,637,9
"S01007409",690,686,4
"S01007410",718,713,5
"S01007411",739,739,0
"S01007412",503,503,0
"S01007413",717,717,0
"S01007414",165,164,1
"S01007415",944,940,4
"S01007416",566,562,4
"S01007418",436,436,0
"S01007419",900,884,16
"S01007420",1195,1178,17
"S01007421",234,233,1
"S01007422",569,568,1
"S01007423",377,376,1
"S01007424",702,702,0
"S01007425",1053,1043,10
"S01007426",623,619,4
"S01007427",703,703,0
"S01007428",939,939,0
"S01007429",816,811,5
"S01007430",459,454,5
"S01007431",588,588,0
"S01007432",730,722,8
"S01007433",650,647,3
"S01007434",545,542,3
"S01007435",744,742,2
"S01007436",741,736,5
"S01007437",422,419,3
"S01007438",721,706,15
"S01007439",796,792,4
"S01007440",734,724,10
"S01007441",553,552,1
"S01007442",524,518,6
"S01007443",925,908,17
"S01007444",876,863,13
"S01007445",730,715,15
"S01007446",586,572,14
"S01007447",485,480,5
"S01007448",834,819,15
"S01007449",806,798,8
"S01007450",684,674,10
"S01007451",723,713,10
"S01007452",695,679,16
"S01007454",626,619,7
"S01007455",933,931,2
"S01007456",873,873,0
"S01007457",692,688,4
"S01007458",421,421,0
"S01007459",794,789,5
"S01007460",717,715,2
"S01007461",739,736,3
"S01007462",689,685,4
"S01007463",970,963,7
"S01007464",773,770,3
"S01007465",847,840,7
"S01007466",680,665,15
"S01007467",995,989,6
"S01007468",686,683,3
"S01007469",731,729,2
"S01007470",657,649,8
"S01007471",385,383,2
"S01007472",707,702,5
"S01007473",368,365,3
"S01007474",318,313,5
"S01007475",275,271,4
"S01007476",914,910,4
"S01007477",573,563,10
"S01007478",773,772,1
"S01007479",330,325,5
"S01007480",491,477,14
"S01007481",724,720,4
"S01007482",438,438,0
"S01007483",846,844,2
"S01007484",690,689,1
"S01007485",511,510,1
"S01007486",601,598,3
"S01007487",931,927,4
"S01007488",870,862,8
"S01007489",827,825,2
"S01007490",1010,1006,4
"S01007491",650,646,4
"S01007492",716,716,0
"S01007493",857,856,1
"S01007494",559,558,1
"S01007495",842,840,2
"S01007496",1080,1076,4
"S01007497",637,637,0
"S01007498",1026,1018,8
"S01007499",870,867,3
"S01007500",675,672,3
"S01007501",685,684,1
"S01007502",591,589,2
"S01007503",991,988,3
"S01007504",683,677,6
"S01007505",424,424,0
"S01007506",557,556,1
"S01007507",880,878,2
"S01007508",689,685,4
"S01007509",657,657,0
"S01007510",968,967,1
"S01007511",867,867,0
"S01007512",488,488,0
"S01007513",814,811,3
"S01007514",503,491,12
"S01007515",511,504,7
"S01007516",583,582,1
"S01007517",353,352,1
"S01007518",714,713,1
"S01007519",648,646,2
"S01007520",979,977,2
"S01007521",640,639,1
"S01007522",892,885,7
"S01007523",511,510,1
"S01007524",934,933,1
"S01007525",565,563,2
"S01007526",773,771,2
"S01007527",800,799,1
"S01007528",773,772,1
"S01007529",611,608,3
"S01007530",534,530,4
"S01007531",701,695,6
"S01007532",505,502,3
"S01007533",917,917,0
"S01007534",748,747,1
"S01007535",660,660,0
"S01007536",988,976,12
"S01007537",818,812,6
"S01007538",874,872,2
"S01007539",678,677,1
"S01007540",833,831,2
"S01007541",799,796,3
"S01007542",824,819,5
"S01007543",1091,1085,6
"S01007544",1371,1362,9
"S01007545",1012,1009,3
"S01007546",488,487,1
"S01007547",546,544,2
"S01007548",466,466,0
"S01007549",635,634,1
"S01007550",991,989,2
"S01007551",857,854,3
"S01007552",953,950,3
"S01007553",847,847,0
"S01007554",451,449,2
"S01007555",470,469,1
"S01007556",494,484,10
"S01007557",1201,1200,1
"S01007558",454,453,1
"S01007559",854,852,2
"S01007560",689,687,2
"S01007561",454,453,1
"S01007562",875,870,5
"S01007563",784,773,11
"S01007564",732,724,8
"S01007565",979,975,4
"S01007566",671,669,2
"S01007567",715,712,3
"S01007568",704,695,9
"S01007569",950,943,7
"S01007570",633,632,1
"S01007571",549,545,4
"S01007572",881,874,7
"S01007574",1080,1074,6
"S01007575",773,771,2
"S01007576",823,819,4
"S01007577",617,616,1
"S01007578",733,731,2
"S01007579",538,537,1
"S01007580",860,849,11
"S01007581",543,541,2
"S01007582",639,636,3
"S01007583",979,971,8
"S01007584",602,588,14
"S01007585",851,846,5
"S01007586",710,705,5
"S01007587",814,806,8
"S01007588",737,732,5
"S01007589",737,725,12
"S01007590",653,645,8
"S01007591",531,527,4
"S01007592",772,762,10
"S01007593",908,894,14
"S01007594",1055,1042,13
"S01007595",956,956,0
"S01007596",461,456,5
"S01007597",646,643,3
"S01007598",627,625,2
"S01007599",636,602,34
"S01007600",879,860,19
"S01007601",673,671,2
"S01007602",696,687,9
"S01007603",831,817,14
"S01007604",992,949,43
"S01007605",1043,1033,10
"S01007606",500,495,5
"S01007607",771,759,12
"S01007608",845,835,10
"S01007609",792,785,7
"S01007610",613,603,10
"S01007611",780,768,12
"S01007612",1001,961,40
"S01007613",828,822,6
"S01007614",469,460,9
"S01007615",855,852,3
"S01007616",653,647,6
"S01007617",567,561,6
"S01007618",694,692,2
"S01007619",689,684,5
"S01007620",624,616,8
"S01007621",567,566,1
"S01007622",440,439,1
"S01007623",501,493,8
"S01007624",699,694,5
"S01007625",537,522,15
"S01007626",328,327,1
"S01007627",372,372,0
"S01007628",673,672,1
"S01007629",613,610,3
"S01007630",833,826,7
"S01007631",593,591,2
"S01007632",907,900,7
"S01007633",1045,1036,9
"S01007634",564,563,1
"S01007635",542,540,2
"S01007636",776,772,4
"S01007637",913,906,7
"S01007638",771,769,2
"S01007639",1007,1001,6
"S01007640",582,579,3
"S01007641",679,679,0
"S01007642",795,794,1
"S01007643",839,834,5
"S01007644",608,605,3
"S01007645",565,562,3
"S01007646",672,660,12
"S01007647",768,759,9
"S01007648",862,848,14
"S01007649",790,789,1
"S01007650",942,940,2
"S01007651",745,741,4
"S01007652",397,395,2
"S01007653",823,823,0
"S01007654",1031,1029,2
"S01007655",777,775,2
"S01007656",848,844,4
"S01007657",507,506,1
"S01007658",494,493,1
"S01007659",871,869,2
"S01007660",627,621,6
"S01007661",572,564,8
"S01007662",849,842,7
"S01007663",853,843,10
"S01007664",576,574,2
"S01007665",592,587,5
"S01007666",229,229,0
"S01007667",535,528,7
"S01007668",1080,1079,1
"S01007669",665,664,1
"S01007670",685,675,10
"S01007671",679,679,0
"S01007672",906,898,8
"S01007673",688,685,3
"S01007674",827,825,2
"S01007675",527,524,3
"S01007676",699,699,0
"S01007677",295,288,7
"S01007678",793,789,4
"S01007679",744,738,6
"S01007680",977,970,7
"S01007681",423,423,0
"S01007682",1264,1149,115
"S01007683",854,673,181
"S01007684",923,892,31
"S01007685",933,824,109
"S01007686",806,758,48
"S01007687",925,843,82
"S01007688",879,838,41
"S01007689",662,590,72
"S01007690",1045,911,134
"S01007691",1736,1529,207
"S01007692",606,533,73
"S01007693",459,410,49
"S01007694",475,456,19
"S01007695",922,883,39
"S01007696",702,633,69
"S01007697",987,943,44
"S01007698",1020,940,80
"S01007699",820,733,87
"S01007700",939,904,35
"S01007701",444,426,18
"S01007702",197,175,22
"S01007703",805,753,52
"S01007704",902,830,72
"S01007705",593,550,43
"S01007706",432,398,34
"S01007707",267,252,15
"S01007708",783,728,55
"S01007709",547,527,20
"S01007710",391,371,20
"S01007711",1073,979,94
"S01007712",613,589,24
"S01007713",533,439,94
"S01007714",673,650,23
"S01007715",452,407,45
"S01007716",903,867,36
"S01007717",967,933,34
"S01007718",611,590,21
"S01007719",981,966,15
"S01007720",723,706,17
"S01007721",747,729,18
"S01007722",874,858,16
"S01007723",997,908,89
"S01007724",623,564,59
"S01007725",784,742,42
"S01007726",781,660,121
"S01007727",771,713,58
"S01007728",664,599,65
"S01007729",772,707,65
"S01007730",675,658,17
"S01007731",369,364,5
"S01007732",581,557,24
"S01007733",939,832,107
"S01007734",865,834,31
"S01007735",865,815,50
"S01007736",767,665,102
"S01007737",916,889,27
"S01007738",742,722,20
"S01007739",454,448,6
"S01007740",664,644,20
"S01007741",671,662,9
"S01007742",641,635,6
"S01007743",908,891,17
"S01007744",795,794,1
"S01007745",669,660,9
"S01007746",963,960,3
"S01007747",546,544,2
"S01007748",709,698,11
"S01007749",818,740,78
"S01007750",807,719,88
"S01007751",919,866,53
"S01007752",795,775,20
"S01007753",545,543,2
"S01007754",976,970,6
"S01007755",866,861,5
"S01007756",605,601,4
"S01007757",894,876,18
"S01007758",966,944,22
"S01007759",955,949,6
"S01007760",795,795,0
"S01007761",990,960,30
"S01007762",825,818,7
"S01007763",593,577,16
"S01007764",862,839,23
"S01007765",731,721,10
"S01007766",677,661,16
"S01007767",1097,1062,35
"S01007768",655,637,18
"S01007769",740,732,8
"S01007770",761,755,6
"S01007771",583,573,10
"S01007772",984,975,9
"S01007773",830,823,7
"S01007774",313,303,10
"S01007775",502,492,10
"S01007776",662,624,38
"S01007777",258,247,11
"S01007778",273,271,2
"S01007779",782,778,4
"S01007780",876,870,6
"S01007781",919,913,6
"S01007782",346,342,4
"S01007783",786,776,10
"S01007784",792,789,3
"S01007785",488,484,4
"S01007786",810,807,3
"S01007787",700,699,1
"S01007788",585,577,8
"S01007789",627,622,5
"S01007790",659,649,10
"S01007791",164,161,3
"S01007792",974,969,5
"S01007793",991,984,7
"S01007794",642,635,7
"S01007795",793,789,4
"S01007796",856,848,8
"S01007797",715,706,9
"S01007798",269,269,0
"S01007800",938,924,14
"S01007801",1030,999,31
"S01007802",600,554,46
"S01007803",1016,1006,10
"S01007804",547,526,21
"S01007805",375,368,7
"S01007806",736,727,9
"S01007807",752,741,11
"S01007808",851,838,13
"S01007809",974,955,19
"S01007810",933,928,5
"S01007811",947,943,4
"S01007812",813,803,10
"S01007813",805,791,14
"S01007814",663,661,2
"S01007815",924,912,12
"S01007816",764,757,7
"S01007817",511,510,1
"S01007818",886,876,10
"S01007819",689,686,3
"S01007820",975,946,29
"S01007821",575,571,4
"S01007822",834,832,2
"S01007823",762,748,14
"S01007824",805,746,59
"S01007825",960,919,41
"S01007826",648,639,9
"S01007827",634,619,15
"S01007828",1024,1010,14
"S01007829",598,588,10
"S01007830",977,933,44
"S01007831",809,790,19
"S01007832",589,565,24
"S01007833",862,853,9
"S01007834",811,784,27
"S01007835",735,720,15
"S01007836",633,622,11
"S01007837",916,884,32
"S01007838",1078,1051,27
"S01007839",590,585,5
"S01007840",836,825,11
"S01007841",674,669,5
"S01007842",726,716,10
"S01007843",805,769,36
"S01007844",961,947,14
"S01007845",890,880,10
"S01007846",695,688,7
"S01007847",914,908,6
"S01007848",829,825,4
"S01007849",892,888,4
"S01007850",852,844,8
"S01007851",971,963,8
"S01007852",660,654,6
"S01007853",643,627,16
"S01007854",931,911,20
"S01007855",661,640,21
"S01007856",749,736,13
"S01007857",397,397,0
"S01007858",778,771,7
"S01007859",252,249,3
"S01007861",702,702,0
"S01007862",747,747,0
"S01007863",933,922,11
"S01007864",988,981,7
"S01007866",594,579,15
"S01007867",386,375,11
"S01007868",1003,956,47
"S01007869",564,537,27
"S01007870",544,542,2
"S01007871",817,816,1
"S01007872",748,747,1
"S01007873",706,706,0
"S01007874",701,701,0
"S01007875",491,487,4
"S01007876",654,648,6
"S01007877",685,685,0
"S01007878",517,516,1
"S01007879",734,727,7
"S01007880",824,821,3
"S01007881",644,644,0
"S01007882",722,716,6
"S01007883",693,688,5
"S01007884",606,606,0
"S01007885",774,768,6
"S01007886",673,672,1
"S01007887",647,642,5
"S01007888",1172,1172,0
"S01007889",593,587,6
"S01007890",594,589,5
"S01007891",541,540,1
"S01007892",444,444,0
"S01007893",1241,1231,10
"S01007894",932,928,4
"S01007895",553,552,1
"S01007896",775,774,1
"S01007897",665,662,3
"S01007898",711,706,5
"S01007899",606,598,8
"S01007900",476,471,5
"S01007901",701,698,3
"S01007902",981,978,3
"S01007903",649,649,0
"S01007904",822,819,3
"S01007905",729,728,1
"S01007906",835,833,2
"S01007907",608,608,0
"S01007908",532,532,0
"S01007909",421,421,0
"S01007910",1012,1003,9
"S01007911",430,429,1
"S01007912",787,786,1
"S01007913",694,693,1
"S01007914",769,769,0
"S01007915",790,789,1
"S01007916",905,900,5
"S01007917",943,943,0
"S01007918",1008,1007,1
"S01007919",595,582,13
"S01007920",611,583,28
"S01007921",999,997,2
"S01007922",932,921,11
"S01007923",570,568,2
"S01007924",842,839,3
"S01007925",768,767,1
"S01007926",690,686,4
"S01007927",578,575,3
"S01007928",1058,1052,6
"S01007929",604,604,0
"S01007930",549,545,4
"S01007931",839,828,11
"S01007932",944,939,5
"S01007933",746,742,4
"S01007934",685,676,9
"S01007935",796,790,6
"S01007936",763,744,19
"S01007937",923,922,1
"S01007938",779,778,1
"S01007939",946,944,2
"S01007940",960,957,3
"S01007941",450,445,5
"S01007942",216,216,0
"S01007943",551,547,4
"S01007944",804,803,1
"S01007945",880,879,1
"S01007946",794,792,2
"S01007947",766,765,1
"S01007948",730,723,7
"S01007949",833,831,2
"S01007950",772,763,9
"S01007951",759,755,4
"S01007952",623,617,6
"S01007953",990,990,0
"S01007954",732,729,3
"S01007955",658,653,5
"S01007956",778,777,1
"S01007957",961,956,5
"S01007958",920,911,9
"S01007959",784,777,7
"S01007960",644,644,0
"S01007961",1784,1778,6
"S01007962",623,621,2
"S01007963",946,940,6
"S01007964",775,773,2
"S01007965",603,598,5
"S01007966",916,901,15
"S01007967",638,637,1
"S01007968",985,985,0
"S01007969",695,693,2
"S01007970",908,907,1
"S01007971",985,977,8
"S01007972",920,916,4
"S01007973",979,976,3
"S01007974",979,970,9
"S01007975",611,608,3
"S01007976",663,660,3
"S01007977",558,558,0
"S01007978",595,592,3
"S01007979",735,729,6
"S01007980",725,722,3
"S01007981",622,617,5
"S01007982",601,598,3
"S01007983",805,802,3
"S01007984",760,759,1
"S01007985",950,947,3
"S01007986",600,600,0
"S01007987",718,716,2
"S01007988",868,864,4
"S01007989",656,640,16
"S01007990",1136,1129,7
"S01007991",600,577,23
"S01007992",610,588,22
"S01007993",773,773,0
"S01007994",338,326,12
"S01007995",652,643,9
"S01007996",533,522,11
"S01007997",648,641,7
"S01007998",550,545,5
"S01007999",854,853,1
"S01008000",927,926,1
"S01008001",925,923,2
"S01008002",695,685,10
"S01008003",650,630,20
"S01008004",127,127,0
"S01008006",520,510,10
"S01008007",545,540,5
"S01008008",413,408,5
"S01008009",504,500,4
"S01008010",872,859,13
"S01008011",618,609,9
"S01008012",741,736,5
"S01008013",604,603,1
"S01008014",600,600,0
"S01008015",785,781,4
"S01008016",825,818,7
"S01008017",969,951,18
"S01008018",488,479,9
"S01008019",747,746,1
"S01008020",598,589,9
"S01008021",747,747,0
"S01008022",813,794,19
"S01008023",509,487,22
"S01008024",170,170,0
"S01008025",773,762,11
"S01008026",871,869,2
"S01008027",683,657,26
"S01008028",358,348,10
"S01008029",1191,1187,4
"S01008030",774,768,6
"S01008031",848,845,3
"S01008032",908,905,3
"S01008033",1461,1390,71
"S01008034",801,763,38
"S01008035",645,633,12
"S01008036",705,704,1
"S01008037",1014,993,21
"S01008038",883,874,9
"S01008039",865,854,11
"S01008040",995,966,29
"S01008041",661,645,16
"S01008042",587,573,14
"S01008043",745,745,0
"S01008044",955,949,6
"S01008045",1152,1099,53
"S01008046",887,869,18
"S01008047",729,719,10
"S01008048",624,610,14
"S01008049",834,813,21
"S01008050",612,571,41
"S01008051",907,886,21
"S01008052",855,819,36
"S01008053",579,564,15
"S01008054",962,931,31
"S01008055",751,734,17
"S01008056",848,794,54
"S01008057",910,872,38
"S01008058",962,844,118
"S01008059",606,554,52
"S01008060",810,760,50
"S01008061",949,916,33
"S01008062",1105,1064,41
"S01008063",829,773,56
"S01008064",772,744,28
"S01008065",1063,1022,41
"S01008066",1009,985,24
"S01008067",562,534,28
"S01008068",963,915,48
"S01008069",954,908,46
"S01008070",980,962,18
"S01008071",749,728,21
"S01008072",397,350,47
"S01008073",478,426,52
"S01008074",990,939,51
"S01008075",620,567,53
"S01008076",659,634,25
"S01008077",914,880,34
"S01008078",978,917,61
"S01008079",918,885,33
"S01008080",702,678,24
"S01008081",602,550,52
"S01008082",672,598,74
"S01008083",632,545,87
"S01008084",851,848,3
"S01008085",1014,992,22
"S01008086",1038,1033,5
"S01008087",915,877,38
"S01008088",974,935,39
"S01008089",706,677,29
"S01008090",798,759,39
"S01008091",455,451,4
"S01008092",912,874,38
"S01008093",805,790,15
"S01008094",653,602,51
"S01008095",714,693,21
"S01008096",829,824,5
"S01008097",564,549,15
"S01008098",784,775,9
"S01008099",498,485,13
"S01008100",985,864,121
"S01008101",812,789,23
"S01008102",787,752,35
"S01008103",616,608,8
"S01008104",1014,1012,2
"S01008105",1085,1045,40
"S01008106",732,705,27
"S01008107",379,372,7
"S01008108",600,542,58
"S01008109",1027,986,41
"S01008110",930,865,65
"S01008111",974,950,24
"S01008112",917,863,54
"S01008113",894,852,42
"S01008114",744,728,16
"S01008115",1015,860,155
"S01008116",1060,1019,41
"S01008117",876,860,16
"S01008118",1194,1187,7
"S01008119",678,672,6
"S01008120",789,777,12
"S01008121",695,690,5
"S01008122",601,570,31
"S01008123",875,853,22
"S01008124",726,707,19
"S01008125",924,907,17
"S01008126",898,870,28
"S01008127",532,522,10
"S01008128",841,835,6
"S01008129",892,863,29
"S01008130",881,876,5
"S01008131",762,758,4
"S01008132",1018,1008,10
"S01008133",594,594,0
"S01008134",644,632,12
"S01008135",1221,1202,19
"S01008136",846,827,19
"S01008137",868,866,2
"S01008138",761,758,3
"S01008139",1132,1121,11
"S01008140",628,628,0
"S01008141",1135,1121,14
"S01008142",688,688,0
"S01008143",1003,996,7
"S01008144",946,939,7
"S01008145",842,839,3
"S01008146",619,613,6
"S01008147",844,844,0
"S01008148",836,831,5
"S01008149",712,709,3
"S01008150",963,959,4
"S01008151",691,688,3
"S01008152",995,972,23
"S01008153",599,592,7
"S01008154",878,877,1
"S01008155",740,740,0
"S01008156",949,945,4
"S01008157",762,756,6
"S01008158",811,791,20
"S01008159",935,933,2
"S01008160",938,931,7
"S01008161",688,680,8
"S01008162",1048,1038,10
"S01008163",781,778,3
"S01008164",669,656,13
"S01008165",163,163,0
"S01008166",568,563,5
"S01008167",602,600,2
"S01008168",998,997,1
"S01008169",610,606,4
"S01008170",638,627,11
"S01008171",774,769,5
"S01008172",582,581,1
"S01008173",672,669,3
"S01008174",581,581,0
"S01008175",780,777,3
"S01008176",675,673,2
"S01008177",769,768,1
"S01008178",729,728,1
"S01008179",539,525,14
"S01008180",518,500,18
"S01008181",637,631,6
"S01008182",887,879,8
"S01008183",856,854,2
"S01008184",703,689,14
"S01008185",1043,1035,8
"S01008186",702,692,10
"S01008187",547,538,9
"S01008188",875,864,11
"S01008189",601,596,5
"S01008190",924,914,10
"S01008191",484,484,0
"S01008192",880,853,27
"S01008193",805,798,7
"S01008194",565,563,2
"S01008195",768,757,11
"S01008196",782,775,7
"S01008198",723,711,12
"S01008199",861,853,8
"S01008200",561,557,4
"S01008201",756,754,2
"S01008202",615,613,2
"S01008203",548,535,13
"S01008204",813,811,2
"S01008205",763,761,2
"S01008206",585,583,2
"S01008207",585,580,5
"S01008208",130,130,0
"S01008210",970,964,6
"S01008211",883,880,3
"S01008212",478,478,0
"S01008213",975,965,10
"S01008214",675,674,1
"S01008215",640,633,7
"S01008216",677,669,8
"S01008217",738,733,5
"S01008218",506,501,5
"S01008219",827,822,5
"S01008220",682,678,4
"S01008221",786,779,7
"S01008222",760,757,3
"S01008223",462,462,0
"S01008224",962,956,6
"S01008225",776,768,8
"S01008226",823,818,5
"S01008227",784,782,2
"S01008228",570,563,7
"S01008229",492,492,0
"S01008230",536,531,5
"S01008231",96,96,0
"S01008233",246,246,0
"S01008234",344,344,0
"S01008235",829,827,2
"S01008236",925,924,1
"S01008237",862,860,2
"S01008238",689,685,4
"S01008239",607,607,0
"S01008240",848,843,5
"S01008241",689,683,6
"S01008242",950,945,5
"S01008243",754,754,0
"S01008244",456,449,7
"S01008245",993,989,4
"S01008246",1056,1043,13
"S01008247",657,650,7
"S01008248",755,753,2
"S01008249",886,884,2
"S01008250",777,775,2
"S01008251",587,581,6
"S01008252",955,950,5
"S01008253",725,717,8
"S01008254",878,877,1
"S01008255",797,787,10
"S01008256",931,924,7
"S01008257",634,628,6
"S01008258",793,791,2
"S01008259",568,562,6
"S01008260",932,925,7
"S01008261",942,928,14
"S01008262",581,574,7
"S01008263",470,465,5
"S01008264",498,494,4
"S01008265",645,643,2
"S01008266",561,559,2
"S01008267",739,731,8
"S01008268",692,687,5
"S01008269",761,755,6
"S01008270",771,766,5
"S01008271",639,637,2
"S01008272",925,921,4
"S01008273",782,782,0
"S01008274",769,767,2
"S01008275",612,610,2
"S01008276",543,542,1
"S01008277",512,511,1
"S01008278",876,869,7
"S01008279",762,761,1
"S01008280",862,853,9
"S01008281",749,744,5
"S01008282",721,719,2
"S01008283",199,199,0
"S01008284",521,511,10
"S01008285",759,748,11
"S01008286",776,773,3
"S01008287",898,897,1
"S01008288",908,894,14
"S01008289",518,514,4
"S01008290",691,688,3
"S01008291",751,745,6
"S01008292",380,380,0
"S01008294",385,385,0
"S01008295",830,828,2
"S01008296",584,584,0
"S01008297",543,542,1
"S01008298",934,923,11
"S01008299",732,729,3
"S01008300",785,785,0
"S01008301",942,930,12
"S01008302",784,775,9
"S01008303",547,542,5
"S01008304",396,387,9
"S01008305",874,871,3
"S01008306",679,679,0
"S01008307",629,625,4
"S01008308",642,634,8
"S01008309",691,686,5
"S01008310",993,990,3
"S01008311",431,429,2
"S01008312",267,267,0
"S01008313",1055,1048,7
"S01008314",542,531,11
"S01008315",670,667,3
"S01008316",487,480,7
"S01008317",531,523,8
"S01008318",1038,1032,6
"S01008319",761,757,4
"S01008320",594,592,2
"S01008321",616,601,15
"S01008322",1018,1010,8
"S01008323",851,844,7
"S01008324",516,511,5
"S01008325",726,710,16
"S01008326",911,905,6
"S01008327",992,984,8
"S01008328",824,778,46
"S01008329",960,810,150
"S01008330",957,796,161
"S01008331",605,542,63
"S01008332",943,848,95
"S01008333",954,902,52
"S01008334",584,565,19
"S01008335",680,644,36
"S01008336",608,549,59
"S01008337",545,533,12
"S01008338",808,731,77
"S01008339",590,549,41
"S01008340",757,657,100
"S01008341",666,617,49
"S01008342",807,765,42
"S01008343",819,770,49
"S01008344",840,748,92
"S01008345",806,740,66
"S01008346",980,942,38
"S01008347",992,957,35
"S01008348",763,732,31
"S01008349",696,651,45
"S01008350",574,560,14
"S01008351",937,913,24
"S01008352",649,629,20
"S01008353",408,396,12
"S01008354",558,535,23
"S01008355",589,585,4
"S01008356",562,553,9
"S01008357",464,459,5
"S01008358",711,706,5
"S01008359",689,683,6
"S01008360",835,825,10
"S01008361",885,883,2
"S01008362",838,807,31
"S01008363",762,737,25
"S01008364",744,720,24
"S01008365",830,812,18
"S01008366",889,881,8
"S01008367",693,693,0
"S01008368",454,450,4
"S01008369",657,642,15
"S01008370",719,708,11
"S01008371",776,757,19
"S01008372",765,744,21
"S01008373",795,761,34
"S01008374",707,699,8
"S01008375",784,777,7
"S01008376",505,504,1
"S01008377",754,733,21
"S01008378",880,858,22
"S01008379",527,514,13
"S01008380",559,551,8
"S01008381",518,506,12
"S01008382",784,754,30
"S01008383",506,496,10
"S01008384",970,960,10
"S01008385",635,634,1
"S01008386",696,693,3
"S01008387",842,837,5
"S01008388",534,525,9
"S01008389",530,522,8
"S01008390",640,615,25
"S01008391",766,746,20
"S01008392",924,898,26
"S01008393",629,610,19
"S01008394",963,929,34
"S01008395",530,454,76
"S01008396",906,797,109
"S01008397",994,956,38
"S01008398",628,602,26
"S01008399",703,629,74
"S01008400",504,454,50
"S01008401",870,811,59
"S01008402",999,960,39
"S01008403",619,588,31
"S01008404",1019,987,32
"S01008405",820,793,27
"S01008406",987,908,79
"S01008407",539,485,54
"S01008408",631,600,31
"S01008409",1037,1002,35
"S01008410",587,432,155
"S01008411",617,591,26
"S01008412",658,580,78
"S01008413",379,354,25
"S01008414",485,444,41
"S01008415",896,775,121
"S01008416",840,807,33
"S01008417",748,745,3
"S01008418",762,744,18
"S01008419",521,515,6
"S01008420",521,519,2
"S01008421",707,693,14
"S01008422",718,708,10
"S01008423",804,792,12
"S01008424",813,799,14
"S01008425",2647,2332,315
"S01008426",641,636,5
"S01008427",1142,1109,33
"S01008428",701,683,18
"S01008429",700,690,10
"S01008430",801,790,11
"S01008431",879,872,7
"S01008432",736,730,6
"S01008433",916,901,15
"S01008434",1043,994,49
"S01008435",808,775,33
"S01008436",740,724,16
"S01008437",705,687,18
"S01008438",875,864,11
"S01008439",1022,1006,16
"S01008440",1086,1067,19
"S01008441",401,392,9
"S01008442",568,557,11
"S01008443",631,618,13
"S01008444",645,607,38
"S01008445",1178,1079,99
"S01008446",1074,1002,72
"S01008447",704,687,17
"S01008448",674,646,28
"S01008449",466,436,30
"S01008450",428,401,27
"S01008451",707,662,45
"S01008452",525,490,35
"S01008453",195,183,12
"S01008454",986,943,43
"S01008455",973,950,23
"S01008456",769,738,31
"S01008457",590,571,19
"S01008458",927,893,34
"S01008459",611,574,37
"S01008460",739,721,18
"S01008461",884,851,33
"S01008462",548,542,6
"S01008463",669,645,24
"S01008464",908,895,13
"S01008465",793,789,4
"S01008466",766,740,26
"S01008467",796,778,18
"S01008468",644,622,22
"S01008469",341,318,23
"S01008470",754,740,14
"S01008471",923,896,27
"S01008472",536,507,29
"S01008473",724,704,20
"S01008474",774,761,13
"S01008475",559,547,12
"S01008476",689,674,15
"S01008477",912,897,15
"S01008478",667,623,44
"S01008479",790,776,14
"S01008480",361,353,8
"S01008481",1338,1311,27
"S01008482",602,591,11
"S01008483",637,629,8
"S01008484",783,768,15
"S01008485",983,965,18
"S01008486",900,852,48
"S01008487",277,266,11
"S01008488",516,492,24
"S01008489",648,620,28
"S01008490",907,872,35
"S01008491",766,738,28
"S01008492",531,516,15
"S01008493",744,705,39
"S01008494",659,624,35
"S01008495",825,775,50
"S01008496",934,880,54
"S01008497",766,726,40
"S01008498",753,714,39
"S01008499",884,838,46
"S01008500",257,244,13
"S01008501",414,393,21
"S01008502",622,597,25
"S01008503",685,661,24
"S01008504",955,922,33
"S01008505",765,746,19
"S01008506",836,807,29
"S01008507",845,810,35
"S01008508",866,825,41
"S01008509",754,732,22
"S01008510",849,839,10
"S01008511",989,936,53
"S01008512",498,485,13
"S01008513",600,592,8
"S01008514",982,959,23
"S01008515",760,745,15
"S01008516",866,833,33
"S01008517",815,781,34
"S01008518",920,893,27
"S01008519",844,832,12
"S01008520",721,700,21
"S01008521",880,869,11
"S01008522",569,537,32
"S01008523",79,79,0
"S01008524",770,749,21
"S01008525",713,690,23
"S01008526",820,796,24
"S01008527",784,772,12
"S01008528",740,699,41
"S01008529",765,757,8
"S01008530",755,733,22
"S01008531",788,772,16
"S01008532",470,470,0
"S01008533",524,481,43
"S01008534",753,708,45
"S01008535",715,694,21
"S01008536",593,574,19
"S01008537",716,698,18
"S01008538",446,439,7
"S01008539",877,834,43
"S01008540",776,761,15
"S01008541",943,897,46
"S01008542",936,891,45
"S01008543",823,754,69
"S01008544",680,657,23
"S01008545",566,555,11
"S01008546",1008,988,20
"S01008547",1003,910,93
"S01008548",1035,983,52
"S01008549",981,931,50
"S01008550",815,762,53
"S01008551",1014,970,44
"S01008552",826,794,32
"S01008553",633,615,18
"S01008554",1022,997,25
"S01008555",758,739,19
"S01008556",800,766,34
"S01008557",798,769,29
"S01008558",956,928,28
"S01008559",677,674,3
"S01008560",694,671,23
"S01008561",583,567,16
"S01008562",549,535,14
"S01008563",944,907,37
"S01008564",576,568,8
"S01008565",823,819,4
"S01008566",966,961,5
"S01008567",548,531,17
"S01008568",771,693,78
"S01008569",676,642,34
"S01008570",733,725,8
"S01008571",806,786,20
"S01008572",809,787,22
"S01008573",786,668,118
"S01008574",814,737,77
"S01008575",758,675,83
"S01008576",845,813,32
"S01008577",890,875,15
"S01008578",809,782,27
"S01008579",1041,1007,34
"S01008580",577,494,83
"S01008581",998,966,32
"S01008582",1055,1012,43
"S01008583",665,654,11
"S01008584",645,629,16
"S01008585",699,673,26
"S01008586",725,701,24
"S01008587",884,767,117
"S01008588",729,702,27
"S01008589",380,354,26
"S01008590",565,518,47
"S01008591",740,684,56
"S01008592",720,671,49
"S01008593",807,747,60
"S01008594",947,881,66
"S01008595",833,782,51
"S01008596",876,851,25
"S01008597",879,841,38
"S01008598",753,709,44
"S01008599",879,812,67
"S01008600",916,831,85
"S01008601",2692,2497,195
"S01008602",595,526,69
"S01008603",1096,1027,69
"S01008604",724,690,34
"S01008605",765,728,37
"S01008606",920,870,50
"S01008607",292,288,4
"S01008608",729,697,32
"S01008609",913,897,16
"S01008610",927,899,28
"S01008611",1230,1147,83
"S01008612",717,674,43
"S01008613",796,754,42
"S01008614",680,630,50
"S01008615",814,762,52
"S01008616",738,668,70
"S01008617",825,780,45
"S01008618",748,701,47
"S01008619",514,472,42
"S01008620",788,688,100
"S01008621",756,680,76
"S01008622",580,511,69
"S01008623",999,903,96
"S01008624",764,749,15
"S01008625",603,583,20
"S01008626",902,880,22
"S01008627",724,702,22
"S01008628",595,567,28
"S01008629",562,532,30
"S01008630",475,453,22
"S01008631",772,749,23
"S01008632",1097,1046,51
"S01008633",843,814,29
"S01008634",761,693,68
"S01008635",797,738,59
"S01008636",795,761,34
"S01008637",630,612,18
"S01008638",761,709,52
"S01008639",929,853,76
"S01008640",760,703,57
"S01008641",867,812,55
"S01008642",863,797,66
"S01008643",745,703,42
"S01008644",711,641,70
"S01008645",778,690,88
"S01008646",799,767,32
"S01008647",550,515,35
"S01008648",532,502,30
"S01008649",828,774,54
"S01008650",771,730,41
"S01008651",722,683,39
"S01008652",573,532,41
"S01008653",711,656,55
"S01008654",896,830,66
"S01008655",554,486,68
"S01008656",634,566,68
"S01008657",697,656,41
"S01008658",697,660,37
"S01008659",796,745,51
"S01008660",866,798,68
"S01008661",767,712,55
"S01008662",654,616,38
"S01008663",906,847,59
"S01008664",831,787,44
"S01008665",916,850,66
"S01008666",592,545,47
"S01008667",638,602,36
"S01008668",642,587,55
"S01008669",405,375,30
"S01008670",866,777,89
"S01008671",742,685,57
"S01008672",605,562,43
"S01008673",829,736,93
"S01008674",965,864,101
"S01008675",631,610,21
"S01008676",773,732,41
"S01008677",589,547,42
"S01008678",959,864,95
"S01008679",895,843,52
"S01008680",547,485,62
"S01008681",858,799,59
"S01008682",674,589,85
"S01008683",1108,980,128
"S01008684",888,801,87
"S01008685",835,792,43
"S01008686",794,766,28
"S01008687",528,510,18
"S01008688",687,641,46
"S01008689",842,812,30
"S01008690",973,925,48
"S01008691",1017,982,35
"S01008692",566,558,8
"S01008693",501,500,1
"S01008694",913,886,27
"S01008695",689,661,28
"S01008696",703,672,31
"S01008697",871,843,28
"S01008698",413,404,9
"S01008699",924,897,27
"S01008700",499,480,19
"S01008701",417,410,7
"S01008703",658,621,37
"S01008704",402,393,9
"S01008705",292,288,4
"S01008706",213,203,10
"S01008707",766,763,3
"S01008708",816,804,12
"S01008709",789,765,24
"S01008710",256,232,24
"S01008711",651,636,15
"S01008712",1069,1053,16
"S01008713",703,689,14
"S01008714",625,618,7
"S01008715",818,813,5
"S01008716",544,542,2
"S01008717",459,424,35
"S01008718",504,461,43
"S01008719",994,886,108
"S01008720",454,448,6
"S01008721",854,821,33
"S01008722",1076,1069,7
"S01008723",618,612,6
"S01008724",908,898,10
"S01008725",785,768,17
"S01008726",415,415,0
"S01008727",1093,1076,17
"S01008728",421,408,13
"S01008729",828,798,30
"S01008730",761,742,19
"S01008731",485,477,8
"S01008732",480,471,9
"S01008733",685,676,9
"S01008734",707,699,8
"S01008735",979,935,44
"S01008736",710,673,37
"S01008737",952,928,24
"S01008738",624,605,19
"S01008739",634,627,7
"S01008740",656,615,41
"S01008741",1121,1088,33
"S01008742",435,422,13
"S01008743",1038,1014,24
"S01008744",1060,1049,11
"S01008745",470,448,22
"S01008746",1012,956,56
"S01008747",540,530,10
"S01008748",567,560,7
"S01008749",1180,1117,63
"S01008750",736,727,9
"S01008751",660,660,0
"S01008752",801,787,14
"S01008753",449,441,8
"S01008754",563,550,13
"S01008755",802,782,20
"S01008756",711,701,10
"S01008757",570,557,13
"S01008758",835,817,18
"S01008759",567,551,16
"S01008760",939,884,55
"S01008761",449,433,16
"S01008762",654,641,13
"S01008763",973,949,24
"S01008764",713,676,37
"S01008765",867,844,23
"S01008766",1022,1006,16
"S01008767",537,537,0
"S01008768",453,442,11
"S01008769",192,189,3
"S01008772",785,766,19
"S01008773",827,810,17
"S01008774",845,828,17
"S01008775",388,372,16
"S01008776",834,798,36
"S01008777",848,818,30
"S01008778",634,606,28
"S01008779",185,180,5
"S01008780",177,170,7
"S01008781",234,218,16
"S01008782",386,371,15
"S01008783",210,207,3
"S01008784",340,336,4
"S01008785",746,708,38
"S01008786",652,631,21
"S01008787",339,327,12
"S01008788",228,222,6
"S01008789",641,600,41
"S01008790",513,483,30
"S01008791",296,252,44
"S01008792",916,867,49
"S01008793",303,289,14
"S01008794",729,703,26
"S01008795",831,793,38
"S01008796",1014,933,81
"S01008797",834,800,34
"S01008798",783,770,13
"S01008799",122,121,1
"S01008800",805,781,24
"S01008801",763,731,32
"S01008802",767,736,31
"S01008803",931,870,61
"S01008804",467,448,19
"S01008805",447,416,31
"S01008806",546,512,34
"S01008807",852,807,45
"S01008808",732,686,46
"S01008809",751,713,38
"S01008810",737,708,29
"S01008811",780,728,52
"S01008812",475,413,62
"S01008813",748,690,58
"S01008814",767,683,84
"S01008815",788,753,35
"S01008816",243,231,12
"S01008817",476,444,32
"S01008818",683,647,36
"S01008819",783,762,21
"S01008820",810,737,73
"S01008821",831,722,109
"S01008822",737,711,26
"S01008823",632,613,19
"S01008824",911,890,21
"S01008825",560,557,3
"S01008826",767,756,11
"S01008827",751,729,22
"S01008828",831,816,15
"S01008829",744,728,16
"S01008830",772,763,9
"S01008831",792,789,3
"S01008832",607,565,42
"S01008833",910,896,14
"S01008834",1169,1104,65
"S01008835",730,713,17
"S01008836",536,514,22
"S01008837",654,638,16
"S01008838",817,776,41
"S01008839",972,943,29
"S01008840",1037,993,44
"S01008841",441,417,24
"S01008842",201,176,25
"S01008843",721,647,74
"S01008844",307,280,27
"S01008845",688,608,80
"S01008846",745,708,37
"S01008847",504,486,18
"S01008848",731,692,39
"S01008849",759,721,38
"S01008850",714,693,21
"S01008851",907,884,23
"S01008852",976,936,40
"S01008853",557,539,18
"S01008854",903,869,34
"S01008855",1062,1014,48
"S01008856",472,439,33
"S01008857",768,743,25
"S01008858",610,596,14
"S01008859",1007,983,24
"S01008860",913,875,38
"S01008861",816,800,16
"S01008862",916,888,28
"S01008863",767,744,23
"S01008864",989,879,110
"S01008865",930,883,47
"S01008866",790,754,36
"S01008867",771,746,25
"S01008868",738,695,43
"S01008869",1096,1064,32
"S01008870",705,664,41
"S01008871",1213,1178,35
"S01008872",693,623,70
"S01008873",687,679,8
"S01008874",835,793,42
"S01008875",808,786,22
"S01008876",584,580,4
"S01008877",515,511,4
"S01008878",794,780,14
"S01008879",1020,1003,17
"S01008880",600,592,8
"S01008881",450,428,22
"S01008882",1089,1074,15
"S01008883",986,974,12
"S01008884",721,691,30
"S01008885",864,830,34
"S01008886",821,763,58
"S01008887",783,748,35
"S01008888",414,390,24
"S01008889",354,325,29
"S01008890",719,671,48
"S01008891",792,756,36
"S01008892",953,940,13
"S01008893",916,876,40
"S01008894",876,861,15
"S01008895",582,572,10
"S01008896",213,207,6
"S01008897",672,614,58
"S01008898",836,808,28
"S01008899",866,846,20
"S01008900",907,894,13
"S01008901",715,704,11
"S01008902",890,871,19
"S01008903",1005,996,9
"S01008904",972,875,97
"S01008905",1064,1037,27
"S01008906",578,540,38
"S01008907",537,524,13
"S01008908",781,757,24
"S01008909",874,866,8
"S01008910",422,409,13
"S01008911",166,163,3
"S01008912",797,759,38
"S01008913",435,432,3
"S01008914",929,918,11
"S01008915",558,548,10
"S01008916",1105,1089,16
"S01008917",653,638,15
"S01008918",448,440,8
"S01008919",444,423,21
"S01008920",129,126,3
"S01008921",761,745,16
"S01008922",832,823,9
"S01008923",741,736,5
"S01008924",595,582,13
"S01008925",711,670,41
"S01008926",78,73,5
"S01008927",71,71,0
"S01008928",448,442,6
"S01008929",838,811,27
"S01008930",1050,1038,12
"S01008931",864,834,30
"S01008932",174,173,1
"S01008933",423,368,55
"S01008934",474,458,16
"S01008935",906,850,56
"S01008936",414,407,7
"S01008937",721,689,32
"S01008938",606,598,8
"S01008939",950,928,22
"S01008940",603,598,5
"S01008941",731,717,14
"S01008942",928,906,22
"S01008943",643,622,21
"S01008944",991,958,33
"S01008945",792,755,37
"S01008946",746,695,51
"S01008947",1110,1023,87
"S01008948",728,694,34
"S01008949",860,837,23
"S01008950",922,890,32
"S01008951",895,883,12
"S01008952",906,892,14
"S01008953",965,948,17
"S01008954",871,849,22
"S01008955",667,625,42
"S01008956",957,924,33
"S01008957",1018,967,51
"S01008958",628,595,33
"S01008959",885,858,27
"S01008960",302,289,13
"S01008961",762,734,28
"S01008962",744,725,19
"S01008963",839,828,11
"S01008964",530,498,32
"S01008965",762,745,17
"S01008966",618,598,20
"S01008967",1023,1005,18
"S01008968",1268,1209,59
"S01008969",1050,1030,20
"S01008970",991,982,9
"S01008971",553,545,8
"S01008972",797,783,14
"S01008973",1220,1194,26
"S01008974",739,710,29
"S01008975",814,808,6
"S01008976",386,385,1
"S01008977",615,615,0
"S01008978",584,571,13
"S01008979",716,683,33
"S01008980",792,767,25
"S01008981",729,726,3
"S01008982",807,801,6
"S01008983",675,657,18
"S01008984",519,516,3
"S01008985",606,599,7
"S01008986",930,909,21
"S01008987",878,874,4
"S01008988",871,854,17
"S01008989",687,669,18
"S01008990",778,770,8
"S01008991",1002,921,81
"S01008992",533,514,19
"S01008993",921,906,15
"S01008994",736,733,3
"S01008995",688,670,18
"S01008996",718,701,17
"S01008997",765,758,7
"S01008998",635,632,3
"S01008999",887,877,10
"S01009000",961,950,11
"S01009001",744,733,11
"S01009002",682,677,5
"S01009003",827,812,15
"S01009004",708,704,4
"S01009005",765,748,17
"S01009006",798,782,16
"S01009007",709,707,2
"S01009008",983,972,11
"S01009009",579,567,12
"S01009010",1019,1003,16
"S01009011",958,938,20
"S01009012",834,821,13
"S01009013",977,964,13
"S01009014",538,538,0
"S01009015",393,393,0
"S01009016",560,558,2
"S01009017",409,409,0
"S01009018",870,861,9
"S01009019",532,528,4
"S01009020",717,709,8
"S01009021",736,734,2
"S01009022",865,862,3
"S01009023",866,866,0
"S01009024",960,952,8
"S01009025",965,957,8
"S01009026",849,849,0
"S01009027",834,833,1
"S01009028",348,346,2
"S01009029",528,526,2
"S01009030",724,718,6
"S01009031",798,794,4
"S01009032",631,630,1
"S01009033",710,703,7
"S01009034",644,644,0
"S01009035",867,866,1
"S01009036",871,869,2
"S01009037",559,559,0
"S01009038",928,920,8
"S01009039",748,746,2
"S01009040",717,707,10
"S01009041",702,681,21
"S01009042",823,822,1
"S01009043",672,656,16
"S01009044",948,939,9
"S01009045",774,755,19
"S01009046",782,778,4
"S01009047",691,687,4
"S01009048",745,742,3
"S01009049",544,539,5
"S01009050",979,976,3
"S01009051",570,564,6
"S01009052",598,587,11
"S01009053",602,590,12
"S01009054",593,587,6
"S01009055",735,732,3
"S01009056",604,586,18
"S01009057",557,547,10
"S01009058",743,736,7
"S01009059",392,382,10
"S01009060",314,314,0
"S01009061",875,863,12
"S01009062",755,750,5
"S01009063",704,703,1
"S01009064",609,607,2
"S01009065",699,688,11
"S01009066",774,763,11
"S01009067",670,659,11
"S01009068",935,930,5
"S01009069",723,715,8
"S01009070",587,557,30
"S01009071",608,603,5
"S01009072",230,230,0
"S01009073",694,684,10
"S01009074",773,763,10
"S01009075",532,531,1
"S01009076",1006,998,8
"S01009077",496,484,12
"S01009079",1033,1028,5
"S01009080",1001,1001,0
"S01009081",710,705,5
"S01009082",856,845,11
"S01009083",590,590,0
"S01009084",699,687,12
"S01009086",415,405,10
"S01009087",590,572,18
"S01009088",1044,1037,7
"S01009089",145,135,10
"S01009090",303,302,1
"S01009091",272,267,5
"S01009092",905,901,4
"S01009093",685,682,3
"S01009094",712,710,2
"S01009095",744,736,8
"S01009096",467,464,3
"S01009097",522,520,2
"S01009098",578,578,0
"S01009099",905,904,1
"S01009100",811,807,4
"S01009101",978,971,7
"S01009102",864,861,3
"S01009103",688,687,1
"S01009104",839,832,7
"S01009105",683,681,2
"S01009106",595,592,3
"S01009107",569,568,1
"S01009108",678,665,13
"S01009109",779,774,5
"S01009110",654,651,3
"S01009111",911,897,14
"S01009112",471,461,10
"S01009113",956,932,24
"S01009114",655,647,8
"S01009115",477,472,5
"S01009116",544,541,3
"S01009117",790,783,7
"S01009118",661,639,22
"S01009119",778,776,2
"S01009120",530,530,0
"S01009121",730,724,6
"S01009122",977,974,3
"S01009123",353,351,2
"S01009124",266,266,0
"S01009125",604,598,6
"S01009126",520,518,2
"S01009127",510,504,6
"S01009128",821,820,1
"S01009129",545,533,12
"S01009130",357,356,1
"S01009131",494,482,12
"S01009132",781,754,27
"S01009133",647,643,4
"S01009134",876,868,8
"S01009135",619,612,7
"S01009136",186,185,1
"S01009137",142,142,0
"S01009138",827,815,12
"S01009139",479,470,9
"S01009140",736,730,6
"S01009141",648,641,7
"S01009142",517,515,2
"S01009143",553,546,7
"S01009144",296,296,0
"S01009145",919,910,9
"S01009146",749,744,5
"S01009147",822,815,7
"S01009148",737,737,0
"S01009149",423,417,6
"S01009150",724,721,3
"S01009151",679,666,13
"S01009152",634,623,11
"S01009153",459,430,29
"S01009154",818,816,2
"S01009155",494,489,5
"S01009156",604,594,10
"S01009157",900,893,7
"S01009158",534,530,4
"S01009159",531,526,5
"S01009160",610,606,4
"S01009161",481,481,0
"S01009162",712,703,9
"S01009163",454,451,3
"S01009164",822,822,0
"S01009165",739,720,19
"S01009166",846,843,3
"S01009167",574,570,4
"S01009168",638,636,2
"S01009169",760,756,4
"S01009170",710,709,1
"S01009171",717,704,13
"S01009172",613,608,5
"S01009173",532,517,15
"S01009174",148,145,3
"S01009175",816,805,11
"S01009176",883,879,4
"S01009177",895,855,40
"S01009178",773,734,39
"S01009179",803,797,6
"S01009180",1017,1014,3
"S01009181",1578,1569,9
"S01009182",995,987,8
"S01009183",331,330,1
"S01009184",1025,1016,9
"S01009185",720,714,6
"S01009186",605,600,5
"S01009187",1055,1047,8
"S01009188",868,862,6
"S01009189",819,816,3
"S01009190",289,287,2
"S01009191",126,126,0
"S01009192",821,808,13
"S01009193",75,63,12
"S01009194",849,835,14
"S01009195",399,398,1
"S01009196",754,747,7
"S01009197",520,516,4
"S01009198",768,766,2
"S01009199",361,361,0
"S01009200",844,837,7
"S01009201",554,553,1
"S01009202",544,517,27
"S01009203",666,652,14
"S01009204",720,710,10
"S01009205",777,754,23
"S01009206",1039,1032,7
"S01009207",967,964,3
"S01009208",722,721,1
"S01009209",563,559,4
"S01009210",937,930,7
"S01009211",568,556,12
"S01009212",885,877,8
"S01009213",715,708,7
"S01009214",990,976,14
"S01009215",861,847,14
"S01009216",945,929,16
"S01009217",613,608,5
"S01009218",845,843,2
"S01009219",573,572,1
"S01009220",289,286,3
"S01009221",545,540,5
"S01009222",568,563,5
"S01009223",510,510,0
"S01009224",696,696,0
"S01009225",568,565,3
"S01009226",858,854,4
"S01009227",607,602,5
"S01009228",615,611,4
"S01009229",582,577,5
"S01009230",590,588,2
"S01009231",937,932,5
"S01009232",581,571,10
"S01009233",512,508,4
"S01009234",859,849,10
"S01009235",742,733,9
"S01009236",498,492,6
"S01009237",938,936,2
"S01009238",812,810,2
"S01009239",913,903,10
"S01009240",701,689,12
"S01009241",1013,997,16
"S01009242",807,797,10
"S01009243",1092,1050,42
"S01009244",876,872,4
"S01009245",892,883,9
"S01009246",835,835,0
"S01009247",908,907,1
"S01009248",799,797,2
"S01009249",939,921,18
"S01009250",651,644,7
"S01009251",627,625,2
"S01009252",477,472,5
"S01009253",499,496,3
"S01009254",890,880,10
"S01009255",482,476,6
"S01009256",497,496,1
"S01009257",637,634,3
"S01009258",645,643,2
"S01009259",634,628,6
"S01009260",818,815,3
"S01009261",772,768,4
"S01009262",557,554,3
"S01009263",182,182,0
"S01009264",713,704,9
"S01009265",755,744,11
"S01009266",911,908,3
"S01009267",612,598,14
"S01009268",724,724,0
"S01009269",909,909,0
"S01009270",618,611,7
"S01009271",916,907,9
"S01009272",764,764,0
"S01009273",470,469,1
"S01009274",718,708,10
"S01009275",694,689,5
"S01009276",765,756,9
"S01009277",1016,1010,6
"S01009278",225,225,0
"S01009279",591,590,1
"S01009280",939,936,3
"S01009281",677,676,1
"S01009282",521,517,4
"S01009283",730,722,8
"S01009284",805,794,11
"S01009285",961,946,15
"S01009286",741,732,9
"S01009287",789,776,13
"S01009288",948,928,20
"S01009289",929,925,4
"S01009290",673,667,6
"S01009291",1064,1063,1
"S01009292",241,240,1
"S01009293",511,499,12
"S01009294",321,318,3
"S01009295",718,710,8
"S01009296",450,438,12
"S01009297",697,688,9
"S01009298",943,934,9
"S01009299",886,872,14
"S01009300",532,527,5
"S01009301",991,979,12
"S01009302",914,887,27
"S01009303",835,818,17
"S01009304",961,949,12
"S01009305",725,717,8
"S01009306",940,921,19
"S01009307",963,936,27
"S01009308",400,391,9
"S01009309",604,592,12
"S01009310",956,931,25
"S01009311",759,757,2
"S01009312",659,658,1
"S01009313",426,423,3
"S01009314",817,814,3
"S01009315",573,570,3
"S01009316",709,706,3
"S01009317",940,937,3
"S01009318",655,647,8
"S01009319",931,928,3
"S01009320",756,739,17
"S01009321",422,422,0
"S01009322",465,463,2
"S01009323",627,627,0
"S01009324",560,558,2
"S01009325",793,789,4
"S01009326",304,298,6
"S01009327",565,559,6
"S01009331",102,98,4
"S01009332",1010,992,18
"S01009333",773,763,10
"S01009334",647,645,2
"S01009335",865,857,8
"S01009336",616,612,4
"S01009337",790,780,10
"S01009338",676,650,26
"S01009339",702,688,14
"S01009340",755,749,6
"S01009341",667,665,2
"S01009342",800,798,2
"S01009343",596,586,10
"S01009344",763,761,2
"S01009345",889,876,13
"S01009346",164,160,4
"S01009353",233,232,1
"S01009355",856,852,4
"S01009356",1059,1029,30
"S01009357",482,468,14
"S01009358",204,199,5
"S01009359",255,249,6
"S01009360",821,800,21
"S01009361",789,770,19
"S01009362",1074,1059,15
"S01009363",872,859,13
"S01009364",854,852,2
"S01009365",435,426,9
"S01009366",791,789,2
"S01009367",499,495,4
"S01009368",601,596,5
"S01009369",632,624,8
"S01009370",928,917,11
"S01009371",720,717,3
"S01009372",517,514,3
"S01009373",744,740,4
"S01009374",815,812,3
"S01009375",777,772,5
"S01009376",576,570,6
"S01009377",846,835,11
"S01009378",790,775,15
"S01009379",221,218,3
"S01009380",559,553,6
"S01009381",541,540,1
"S01009382",720,716,4
"S01009383",1020,1007,13
"S01009384",374,369,5
"S01009385",399,395,4
"S01009386",683,681,2
"S01009387",630,626,4
"S01009388",1029,1019,10
"S01009389",877,853,24
"S01009390",783,759,24
"S01009391",680,668,12
"S01009392",473,463,10
"S01009393",611,608,3
"S01009394",809,796,13
"S01009395",757,740,17
"S01009396",779,750,29
"S01009397",741,718,23
"S01009398",718,706,12
"S01009399",787,776,11
"S01009400",528,523,5
"S01009401",752,747,5
"S01009402",993,970,23
"S01009403",600,594,6
"S01009404",588,583,5
"S01009405",517,517,0
"S01009406",778,775,3
"S01009407",414,405,9
"S01009408",472,467,5
"S01009409",790,789,1
"S01009410",909,894,15
"S01009411",823,815,8
"S01009412",922,919,3
"S01009413",1032,1024,8
"S01009414",715,715,0
"S01009415",608,597,11
"S01009416",383,377,6
"S01009417",873,869,4
"S01009418",883,883,0
"S01009419",595,594,1
"S01009420",676,676,0
"S01009421",618,617,1
"S01009422",747,744,3
"S01009424",573,569,4
"S01009425",622,614,8
"S01009426",812,809,3
"S01009427",622,613,9
"S01009428",563,560,3
"S01009429",672,671,1
"S01009430",728,726,2
"S01009431",527,524,3
"S01009432",908,905,3
"S01009433",924,916,8
"S01009434",575,572,3
"S01009435",828,822,6
"S01009436",531,529,2
"S01009437",527,527,0
"S01009438",641,628,13
"S01009439",986,981,5
"S01009440",720,704,16
"S01009441",848,829,19
"S01009442",829,820,9
"S01009443",984,978,6
"S01009444",742,720,22
"S01009445",801,800,1
"S01009446",759,750,9
"S01009447",515,513,2
"S01009448",580,572,8
"S01009449",555,554,1
"S01009450",609,608,1
"S01009451",747,744,3
"S01009452",550,548,2
"S01009453",1000,998,2
"S01009454",657,655,2
"S01009455",904,900,4
"S01009456",1043,1039,4
"S01009457",910,891,19
"S01009458",638,635,3
"S01009459",705,697,8
"S01009460",914,908,6
"S01009462",682,680,2
"S01009463",761,761,0
"S01009464",897,892,5
"S01009465",562,554,8
"S01009466",594,591,3
"S01009467",781,772,9
"S01009468",725,723,2
"S01009469",815,805,10
"S01009470",514,505,9
"S01009471",626,622,4
"S01009472",929,907,22
"S01009473",877,846,31
"S01009474",719,701,18
"S01009476",232,232,0
"S01009477",796,777,19
"S01009478",772,761,11
"S01009479",758,730,28
"S01009480",676,666,10
"S01009481",865,830,35
"S01009482",684,644,40
"S01009483",743,704,39
"S01009484",822,808,14
"S01009485",790,782,8
"S01009486",627,620,7
"S01009487",837,829,8
"S01009488",720,708,12
"S01009489",804,800,4
"S01009490",797,786,11
"S01009491",637,636,1
"S01009492",886,882,4
"S01009493",890,881,9
"S01009494",978,939,39
"S01009495",941,908,33
"S01009496",849,841,8
"S01009497",852,835,17
"S01009498",662,638,24
"S01009499",834,822,12
"S01009500",787,784,3
"S01009501",733,730,3
"S01009502",917,916,1
"S01009503",787,782,5
"S01009504",779,770,9
"S01009505",792,779,13
"S01009506",778,774,4
"S01009507",531,511,20
"S01009508",916,904,12
"S01009509",970,963,7
"S01009510",774,764,10
"S01009511",673,669,4
"S01009512",840,817,23
"S01009513",652,643,9
"S01009514",811,796,15
"S01009515",775,773,2
"S01009516",1045,1022,23
"S01009519",581,549,32
"S01009520",816,799,17
"S01009521",818,813,5
"S01009522",750,743,7
"S01009523",658,633,25
"S01009524",506,491,15
"S01009525",669,649,20
"S01009526",407,399,8
"S01009527",589,585,4
"S01009528",526,523,3
"S01009529",610,610,0
"S01009530",567,560,7
"S01009531",929,917,12
"S01009532",848,845,3
"S01009533",764,754,10
"S01009534",751,733,18
"S01009535",637,634,3
"S01009536",567,552,15
"S01009537",544,535,9
"S01009538",833,827,6
"S01009539",973,960,13
"S01009540",893,889,4
"S01009541",1380,1371,9
"S01009542",564,560,4
"S01009543",544,543,1
"S01009544",733,727,6
"S01009545",903,896,7
"S01009546",567,557,10
"S01009547",721,707,14
"S01009548",582,575,7
"S01009549",695,693,2
"S01009550",578,571,7
"S01009551",567,557,10
"S01009552",925,924,1
"S01009553",869,860,9
"S01009554",803,785,18
"S01009555",640,626,14
"S01009556",909,892,17
"S01009557",744,732,12
"S01009558",752,745,7
"S01009559",847,839,8
"S01009560",782,761,21
"S01009561",678,675,3
"S01009562",792,779,13
"S01009563",804,794,10
"S01009564",719,714,5
"S01009565",640,637,3
"S01009566",919,908,11
"S01009567",965,954,11
"S01009568",784,767,17
"S01009569",861,849,12
"S01009570",545,541,4
"S01009571",697,686,11
"S01009572",1083,1061,22
"S01009573",754,746,8
"S01009574",973,970,3
"S01009575",581,576,5
"S01009576",520,491,29
"S01009577",778,741,37
"S01009578",816,804,12
"S01009579",635,627,8
"S01009580",447,441,6
"S01009581",597,597,0
"S01009582",524,520,4
"S01009583",853,852,1
"S01009584",353,344,9
"S01009585",1051,1045,6
"S01009586",683,679,4
"S01009587",735,728,7
"S01009588",1133,1127,6
"S01009589",919,911,8
"S01009590",413,407,6
"S01009591",603,598,5
"S01009592",598,574,24
"S01009593",516,495,21
"S01009594",726,718,8
"S01009595",172,164,8
"S01009596",870,864,6
"S01009597",945,920,25
"S01009598",732,723,9
"S01009599",1019,1009,10
"S01009600",718,713,5
"S01009601",673,666,7
"S01009602",713,701,12
"S01009603",663,650,13
"S01009604",754,746,8
"S01009605",790,775,15
"S01009606",280,280,0
"S01009607",506,483,23
"S01009608",610,605,5
"S01009609",651,643,8
"S01009610",993,992,1
"S01009611",546,546,0
"S01009612",434,432,2
"S01009613",336,319,17
"S01009614",766,766,0
"S01009615",387,387,0
"S01009616",606,602,4
"S01009617",538,537,1
"S01009618",751,739,12
"S01009619",663,656,7
"S01009620",812,809,3
"S01009621",975,969,6
"S01009622",739,737,2
"S01009623",546,546,0
"S01009624",911,902,9
"S01009625",931,925,6
"S01009626",629,629,0
"S01009627",839,834,5
"S01009628",530,528,2
"S01009629",1088,1085,3
"S01009630",851,846,5
"S01009631",722,707,15
"S01009632",628,610,18
"S01009633",747,739,8
"S01009634",467,467,0
"S01009635",903,901,2
"S01009636",974,958,16
"S01009637",658,628,30
"S01009638",862,852,10
"S01009639",650,643,7
"S01009640",521,517,4
"S01009641",748,740,8
"S01009642",878,865,13
"S01009643",114,108,6
"S01009644",675,675,0
"S01009645",664,662,2
"S01009646",635,631,4
"S01009647",659,657,2
"S01009648",835,835,0
"S01009649",780,778,2
"S01009650",547,542,5
"S01009651",1548,1540,8
"S01009652",611,609,2
"S01009653",561,559,2
"S01009654",596,596,0
"S01009655",915,915,0
"S01009656",779,779,0
"S01009657",727,713,14
"S01009658",801,799,2
"S01009659",560,547,13
"S01009660",793,776,17
"S01009661",641,641,0
"S01009662",855,851,4
"S01009663",512,509,3
"S01009664",816,812,4
"S01009665",645,644,1
"S01009666",767,762,5
"S01009667",409,406,3
"S01009668",458,458,0
"S01009669",594,591,3
"S01009670",982,971,11
"S01009671",385,385,0
"S01009672",705,702,3
"S01009673",551,544,7
"S01009674",1030,1028,2
"S01009675",1058,1053,5
"S01009676",869,864,5
"S01009677",555,554,1
"S01009678",604,599,5
"S01009679",900,894,6
"S01009680",652,647,5
"S01009681",838,829,9
"S01009682",522,521,1
"S01009683",759,745,14
"S01009684",696,695,1
"S01009685",628,624,4
"S01009686",905,899,6
"S01009687",710,709,1
"S01009688",939,933,6
"S01009689",550,549,1
"S01009690",711,704,7
"S01009691",518,497,21
"S01009692",1071,1069,2
"S01009693",432,432,0
"S01009694",1073,1066,7
"S01009695",697,686,11
"S01009696",978,973,5
"S01009697",698,689,9
"S01009698",562,555,7
"S01009699",588,588,0
"S01009700",699,698,1
"S01009701",413,409,4
"S01009702",608,604,4
"S01009703",555,554,1
"S01009704",1108,1096,12
"S01009705",785,783,2
"S01009706",705,700,5
"S01009707",642,631,11
"S01009708",526,525,1
"S01009709",949,944,5
"S01009710",411,405,6
"S01009711",805,802,3
"S01009712",541,540,1
"S01009713",904,901,3
"S01009714",898,894,4
"S01009715",925,906,19
"S01009716",743,732,11
"S01009717",532,518,14
"S01009718",756,747,9
"S01009719",790,772,18
"S01009720",680,679,1
"S01009721",745,698,47
"S01009722",1117,1064,53
"S01009723",667,643,24
"S01009724",975,958,17
"S01009725",677,657,20
"S01009726",906,873,33
"S01009727",522,519,3
"S01009728",713,703,10
"S01009729",772,757,15
"S01009730",304,298,6
"S01009731",472,454,18
"S01009732",580,543,37
"S01009733",332,328,4
"S01009734",1465,1424,41
"S01009735",839,828,11
"S01009736",1028,972,56
"S01009737",560,557,3
"S01009738",380,377,3
"S01009739",470,469,1
"S01009740",534,532,2
"S01009741",1184,1170,14
"S01009742",576,568,8
"S01009743",1018,1009,9
"S01009744",601,592,9
"S01009745",881,870,11
"S01009746",742,737,5
"S01009747",629,600,29
"S01009748",708,704,4
"S01009749",980,969,11
"S01009750",662,645,17
"S01009751",799,793,6
"S01009752",359,359,0
"S01009753",646,631,15
"S01009754",782,773,9
"S01009755",691,673,18
"S01009756",772,760,12
"S01009757",563,552,11
"S01009758",697,644,53
"S01009759",890,876,14
"S01009760",883,871,12
"S01009761",902,861,41
"S01009762",843,839,4
"S01009763",451,434,17
"S01009764",542,517,25
"S01009765",929,871,58
"S01009766",519,508,11
"S01009767",618,602,16
"S01009768",370,370,0
"S01009769",717,714,3
"S01009770",729,550,179
"S01009771",896,678,218
"S01009772",698,684,14
"S01009775",928,920,8
"S01009776",498,495,3
"S01009777",556,551,5
"S01009778",873,872,1
"S01009779",502,502,0
"S01009780",385,380,5
"S01009781",590,581,9
"S01009782",164,161,3
"S01009783",709,698,11
"S01009784",843,840,3
"S01009785",860,845,15
"S01009786",945,942,3
"S01009787",964,962,2
"S01009788",923,919,4
"S01009789",910,905,5
"S01009790",609,606,3
"S01009791",716,715,1
"S01009792",177,151,26
"S01009793",1086,1057,29
"S01009794",368,357,11
"S01009795",713,653,60
"S01009796",506,502,4
"S01009797",414,407,7
"S01009798",659,628,31
"S01009799",866,858,8
"S01009800",1177,1167,10
"S01009801",1066,1061,5
"S01009802",957,949,8
"S01009803",535,534,1
"S01009805",961,952,9
"S01009806",1008,999,9
"S01009807",1106,1093,13
"S01009808",876,858,18
"S01009809",637,628,9
"S01009810",799,789,10
"S01009811",1075,1068,7
"S01009812",796,790,6
"S01009813",750,736,14
"S01009814",854,845,9
"S01009815",749,746,3
"S01009816",775,770,5
"S01009817",744,742,2
"S01009818",925,916,9
"S01009819",726,715,11
"S01009820",1018,1000,18
"S01009821",728,716,12
"S01009822",596,592,4
"S01009823",700,698,2
"S01009824",844,838,6
"S01009825",865,862,3
"S01009826",649,629,20
"S01009827",900,890,10
"S01009828",756,737,19
"S01009829",1118,1105,13
"S01009830",827,813,14
"S01009831",753,744,9
"S01009832",1015,997,18
"S01009833",338,325,13
"S01009834",338,331,7
"S01009835",543,534,9
"S01009836",756,754,2
"S01009837",689,686,3
"S01009838",777,760,17
"S01009839",994,984,10
"S01009840",1025,1023,2
"S01009841",815,798,17
"S01009842",664,647,17
"S01009843",454,446,8
"S01009844",604,589,15
"S01009845",548,537,11
"S01009846",915,886,29
"S01009847",477,475,2
"S01009848",902,876,26
"S01009849",790,786,4
"S01009850",770,767,3
"S01009851",934,921,13
"S01009852",403,375,28
"S01009853",862,837,25
"S01009854",565,560,5
"S01009855",596,579,17
"S01009856",584,566,18
"S01009857",882,870,12
"S01009858",760,743,17
"S01009859",1011,998,13
"S01009860",948,937,11
"S01009861",1179,1063,116
"S01009862",1291,1213,78
"S01009863",799,698,101
"S01009864",736,716,20
"S01009865",561,506,55
"S01009866",900,770,130
"S01009867",667,585,82
"S01009868",615,530,85
"S01009869",646,432,214
"S01009870",572,383,189
"S01009871",937,820,117
"S01009872",781,545,236
"S01009873",926,774,152
"S01009874",1036,917,119
"S01009875",214,166,48
"S01009876",724,599,125
"S01009877",843,653,190
"S01009878",832,287,545
"S01009879",1061,880,181
"S01009880",822,357,465
"S01009881",748,277,471
"S01009882",274,221,53
"S01009883",775,290,485
"S01009884",814,352,462
"S01009885",920,316,604
"S01009886",798,343,455
"S01009887",828,624,204
"S01009888",716,350,366
"S01009889",803,629,174
"S01009890",529,457,72
"S01009891",696,595,101
"S01009892",745,676,69
"S01009893",841,569,272
"S01009894",670,631,39
"S01009895",885,786,99
"S01009896",932,756,176
"S01009897",985,895,90
"S01009898",530,511,19
"S01009899",788,730,58
"S01009900",819,759,60
"S01009901",846,747,99
"S01009902",917,845,72
"S01009903",951,659,292
"S01009904",756,647,109
"S01009905",580,402,178
"S01009906",701,501,200
"S01009907",737,645,92
"S01009908",904,802,102
"S01009909",852,749,103
"S01009910",623,478,145
"S01009911",1060,948,112
"S01009912",903,713,190
"S01009913",635,340,295
"S01009914",947,776,171
"S01009915",908,690,218
"S01009916",935,514,421
"S01009917",655,561,94
"S01009918",796,732,64
"S01009919",982,892,90
"S01009920",842,763,79
"S01009921",660,619,41
"S01009922",979,893,86
"S01009923",907,846,61
"S01009924",891,746,145
"S01009925",672,604,68
"S01009926",668,563,105
"S01009927",363,347,16
"S01009928",794,759,35
"S01009929",509,440,69
"S01009930",796,696,100
"S01009931",725,704,21
"S01009932",620,584,36
"S01009933",594,568,26
"S01009934",412,398,14
"S01009935",513,507,6
"S01009936",657,584,73
"S01009937",493,442,51
"S01009938",999,919,80
"S01009939",912,857,55
"S01009940",839,825,14
"S01009941",936,742,194
"S01009942",993,955,38
"S01009943",838,832,6
"S01009944",790,745,45
"S01009945",1016,994,22
"S01009946",808,768,40
"S01009947",606,568,38
"S01009948",712,693,19
"S01009949",994,958,36
"S01009950",976,882,94
"S01009951",649,574,75
"S01009952",737,701,36
"S01009953",926,811,115
"S01009954",715,531,184
"S01009955",1013,925,88
"S01009956",768,704,64
"S01009957",827,771,56
"S01009958",991,936,55
"S01009959",777,746,31
"S01009960",838,758,80
"S01009961",594,569,25
"S01009962",919,905,14
"S01009963",1067,1016,51
"S01009964",790,683,107
"S01009965",798,779,19
"S01009966",849,847,2
"S01009967",859,844,15
"S01009968",661,653,8
"S01009969",751,742,9
"S01009970",1008,1003,5
"S01009971",770,763,7
"S01009972",736,735,1
"S01009973",214,214,0
"S01009974",636,631,5
"S01009975",768,768,0
"S01009976",514,511,3
"S01009977",773,771,2
"S01009978",766,758,8
"S01009979",454,448,6
"S01009980",448,446,2
"S01009981",488,483,5
"S01009982",692,688,4
"S01009983",577,567,10
"S01009984",754,751,3
"S01009985",652,640,12
"S01009986",584,573,11
"S01009987",741,729,12
"S01009988",489,488,1
"S01009989",896,879,17
"S01009990",709,701,8
"S01009991",799,787,12
"S01009992",759,757,2
"S01009993",859,837,22
"S01009994",763,757,6
"S01009995",679,676,3
"S01009996",735,726,9
"S01009997",634,626,8
"S01009998",714,663,51
"S01009999",944,905,39
"S01010000",722,693,29
"S01010001",653,609,44
"S01010002",850,803,47
"S01010003",756,749,7
"S01010004",789,744,45
"S01010005",735,703,32
"S01010006",872,838,34
"S01010007",952,888,64
"S01010008",424,401,23
"S01010009",613,597,16
"S01010010",1010,995,15
"S01010011",720,704,16
"S01010012",947,921,26
"S01010013",922,883,39
"S01010014",894,759,135
"S01010015",656,549,107
"S01010016",777,775,2
"S01010017",754,738,16
"S01010018",727,713,14
"S01010019",781,759,22
"S01010020",759,743,16
"S01010021",783,777,6
"S01010022",298,297,1
"S01010023",617,613,4
"S01010024",492,489,3
"S01010025",537,528,9
"S01010026",439,435,4
"S01010027",452,432,20
"S01010028",351,345,6
"S01010029",675,672,3
"S01010030",341,327,14
"S01010031",471,444,27
"S01010032",286,252,34
"S01010033",779,650,129
"S01010034",905,869,36
"S01010035",585,558,27
"S01010036",126,119,7
"S01010037",721,718,3
"S01010038",855,844,11
"S01010039",611,583,28
"S01010040",539,503,36
"S01010041",543,529,14
"S01010042",352,336,16
"S01010043",675,640,35
"S01010044",926,919,7
"S01010045",613,612,1
"S01010046",719,709,10
"S01010047",834,829,5
"S01010048",922,918,4
"S01010049",720,715,5
"S01010050",715,714,1
"S01010051",694,690,4
"S01010052",602,599,3
"S01010053",542,525,17
"S01010054",670,670,0
"S01010055",944,919,25
"S01010056",571,566,5
"S01010057",151,149,2
"S01010058",666,663,3
"S01010059",575,574,1
"S01010060",910,901,9
"S01010061",208,208,0
"S01010062",708,705,3
"S01010063",1197,1188,9
"S01010064",592,584,8
"S01010065",927,927,0
"S01010066",792,783,9
"S01010067",649,644,5
"S01010068",342,331,11
"S01010069",763,718,45
"S01010070",752,693,59
"S01010071",916,891,25
"S01010072",798,795,3
"S01010073",828,824,4
"S01010074",818,807,11
"S01010075",741,741,0
"S01010076",775,774,1
"S01010077",562,558,4
"S01010078",584,566,18
"S01010079",1017,1001,16
"S01010080",749,742,7
"S01010081",781,778,3
"S01010082",727,725,2
"S01010083",888,878,10
"S01010084",895,894,1
"S01010085",772,753,19
"S01010086",1025,1022,3
"S01010087",844,830,14
"S01010088",379,362,17
"S01010089",761,742,19
"S01010090",1028,1018,10
"S01010091",519,507,12
"S01010092",999,993,6
"S01010093",839,804,35
"S01010094",776,775,1
"S01010095",794,793,1
"S01010096",668,664,4
"S01010097",784,773,11
"S01010098",784,769,15
"S01010099",778,777,1
"S01010100",1030,960,70
"S01010101",843,832,11
"S01010102",986,911,75
"S01010103",977,932,45
"S01010104",404,386,18
"S01010105",644,642,2
"S01010106",547,542,5
"S01010107",794,790,4
"S01010108",748,727,21
"S01010109",725,723,2
"S01010110",973,969,4
"S01010111",969,962,7
"S01010112",785,779,6
"S01010113",611,605,6
"S01010114",654,650,4
"S01010115",678,673,5
"S01010116",532,522,10
"S01010117",311,308,3
"S01010118",650,647,3
"S01010119",328,326,2
"S01010120",878,878,0
"S01010121",542,542,0
"S01010122",519,518,1
"S01010123",611,611,0
"S01010124",592,590,2
"S01010125",279,278,1
"S01010126",807,791,16
"S01010127",552,551,1
"S01010128",529,525,4
"S01010129",717,709,8
"S01010130",651,646,5
"S01010131",1061,1038,23
"S01010132",1041,1035,6
"S01010133",759,756,3
"S01010134",1072,1059,13
"S01010135",793,793,0
"S01010136",832,827,5
"S01010137",970,958,12
"S01010138",1007,1001,6
"S01010139",967,965,2
"S01010140",750,738,12
"S01010141",942,934,8
"S01010142",612,608,4
"S01010143",749,746,3
"S01010144",674,669,5
"S01010145",709,695,14
"S01010146",781,771,10
"S01010147",791,773,18
"S01010148",635,630,5
"S01010149",314,308,6
"S01010150",696,693,3
"S01010151",734,734,0
"S01010152",734,734,0
"S01010153",943,938,5
"S01010154",924,922,2
"S01010155",800,797,3
"S01010156",431,430,1
"S01010157",482,482,0
"S01010158",954,951,3
"S01010159",789,784,5
"S01010160",426,425,1
"S01010161",663,660,3
"S01010162",589,585,4
"S01010163",392,392,0
"S01010164",741,739,2
"S01010165",853,852,1
"S01010166",757,757,0
"S01010167",831,827,4
"S01010168",272,272,0
"S01010169",915,909,6
"S01010170",634,633,1
"S01010171",1003,999,4
"S01010172",660,659,1
"S01010173",791,785,6
"S01010174",1077,1071,6
"S01010175",500,495,5
"S01010176",743,739,4
"S01010177",720,712,8
"S01010178",833,827,6
"S01010179",601,594,7
"S01010180",382,378,4
"S01010181",750,745,5
"S01010182",707,628,79
"S01010183",436,436,0
"S01010184",670,670,0
"S01010185",608,606,2
"S01010186",713,540,173
"S01010187",721,711,10
"S01010188",820,800,20
"S01010189",874,787,87
"S01010191",752,704,48
"S01010192",701,586,115
"S01010193",1008,958,50
"S01010194",728,725,3
"S01010195",557,551,6
"S01010196",742,739,3
"S01010197",844,841,3
"S01010198",1117,1112,5
"S01010199",558,558,0
"S01010200",725,718,7
"S01010201",463,463,0
"S01010202",785,770,15
"S01010203",543,503,40
"S01010204",770,761,9
"S01010205",745,737,8
"S01010206",516,479,37
"S01010207",571,543,28
"S01010208",943,923,20
"S01010209",880,862,18
"S01010210",879,874,5
"S01010211",779,768,11
"S01010212",1002,1000,2
"S01010213",919,919,0
"S01010214",1072,950,122
"S01010215",756,749,7
"S01010216",588,587,1
"S01010217",844,818,26
"S01010218",881,844,37
"S01010219",468,353,115
"S01010220",370,348,22
"S01010221",229,226,3
"S01010222",491,487,4
"S01010223",599,593,6
"S01010224",982,963,19
"S01010225",723,694,29
"S01010226",811,625,186
"S01010227",799,632,167
"S01010228",691,688,3
"S01010229",904,893,11
"S01010230",945,860,85
"S01010231",731,720,11
"S01010232",787,727,60
"S01010233",959,907,52
"S01010234",1111,1081,30
"S01010235",184,175,9
"S01010236",552,527,25
"S01010237",587,562,25
"S01010238",725,719,6
"S01010239",794,773,21
"S01010240",721,707,14
"S01010241",1001,979,22
"S01010242",794,776,18
"S01010243",980,973,7
"S01010244",690,675,15
"S01010245",767,763,4
"S01010246",823,807,16
"S01010247",705,654,51
"S01010248",851,811,40
"S01010249",754,724,30
"S01010250",776,741,35
"S01010251",300,266,34
"S01010252",585,565,20
"S01010253",694,684,10
"S01010254",879,870,9
"S01010255",677,672,5
"S01010256",919,914,5
"S01010257",450,350,100
"S01010258",426,387,39
"S01010259",1334,1230,104
"S01010260",1573,1341,232
"S01010261",1785,1632,153
"S01010262",1006,945,61
"S01010263",548,503,45
"S01010264",606,583,23
"S01010265",253,241,12
"S01010266",488,370,118
"S01010267",493,459,34
"S01010268",797,665,132
"S01010269",530,391,139
"S01010270",897,853,44
"S01010271",752,599,153
"S01010272",355,309,46
"S01010273",169,155,14
"S01010274",143,135,8
"S01010275",104,101,3
"S01010276",120,107,13
"S01010277",584,550,34
"S01010278",662,593,69
"S01010279",459,384,75
"S01010280",815,705,110
"S01010281",552,518,34
"S01010282",854,772,82
"S01010283",555,479,76
"S01010284",902,841,61
"S01010285",616,474,142
"S01010286",880,734,146
"S01010287",936,844,92
"S01010288",610,553,57
"S01010289",272,255,17
"S01010290",465,340,125
"S01010291",998,822,176
"S01010292",990,786,204
"S01010293",732,539,193
"S01010294",746,540,206
"S01010295",924,697,227
"S01010296",723,439,284
"S01010297",1035,911,124
"S01010298",860,796,64
"S01010299",549,417,132
"S01010300",855,736,119
"S01010301",528,435,93
"S01010302",657,547,110
"S01010303",541,428,113
"S01010304",542,531,11
"S01010305",796,733,63
"S01010306",681,620,61
"S01010307",791,720,71
"S01010308",895,821,74
"S01010309",490,485,5
"S01010310",615,613,2
"S01010311",650,645,5
"S01010312",632,623,9
"S01010313",691,682,9
"S01010314",1003,970,33
"S01010315",361,354,7
"S01010316",1436,1346,90
"S01010317",750,702,48
"S01010318",354,337,17
"S01010319",391,377,14
"S01010320",557,539,18
"S01010321",787,776,11
"S01010322",886,842,44
"S01010323",527,508,19
"S01010324",808,806,2
"S01010325",1094,1089,5
"S01010326",826,823,3
"S01010327",631,619,12
"S01010328",606,602,4
"S01010329",523,523,0
"S01010330",583,576,7
"S01010331",698,689,9
"S01010332",786,782,4
"S01010333",961,951,10
"S01010334",741,741,0
"S01010335",891,887,4
"S01010336",702,696,6
"S01010337",859,857,2
"S01010338",1025,1018,7
"S01010339",774,768,6
"S01010340",589,579,10
"S01010341",649,632,17
"S01010342",552,541,11
"S01010343",1044,1005,39
"S01010344",785,783,2
"S01010345",441,435,6
"S01010346",1103,1027,76
"S01010347",958,944,14
"S01010348",1049,1023,26
"S01010349",950,922,28
"S01010350",889,885,4
"S01010351",575,569,6
"S01010352",548,528,20
"S01010353",968,939,29
"S01010354",633,614,19
"S01010355",719,694,25
"S01010356",608,569,39
"S01010357",582,568,14
"S01010358",840,821,19
"S01010359",886,865,21
"S01010360",732,723,9
"S01010361",619,589,30
"S01010362",775,743,32
"S01010363",763,677,86
"S01010364",947,825,122
"S01010365",1013,938,75
"S01010366",960,881,79
"S01010367",1250,1105,145
"S01010368",734,681,53
"S01010369",790,746,44
"S01010370",818,764,54
"S01010371",925,871,54
"S01010372",553,502,51
"S01010373",776,739,37
"S01010374",950,894,56
"S01010375",422,387,35
"S01010376",633,566,67
"S01010377",725,622,103
"S01010378",819,743,76
"S01010379",906,816,90
"S01010380",844,808,36
"S01010381",343,330,13
"S01010382",798,777,21
"S01010383",695,657,38
"S01010384",800,753,47
"S01010385",791,752,39
"S01010386",750,694,56
"S01010387",860,798,62
"S01010388",863,839,24
"S01010389",85,85,0
"S01010390",972,941,31
"S01010391",705,679,26
"S01010393",859,832,27
"S01010394",810,779,31
"S01010395",991,930,61
"S01010396",1001,984,17
"S01010397",530,514,16
"S01010398",974,927,47
"S01010399",882,838,44
"S01010400",979,937,42
"S01010401",572,553,19
"S01010402",1031,984,47
"S01010403",949,917,32
"S01010404",838,800,38
"S01010405",980,937,43
"S01010406",756,726,30
"S01010407",799,735,64
"S01010408",568,545,23
"S01010409",593,562,31
"S01010410",556,522,34
"S01010411",1277,1202,75
"S01010412",846,802,44
"S01010413",638,621,17
"S01010414",832,791,41
"S01010415",997,937,60
"S01010416",566,547,19
"S01010417",551,509,42
"S01010418",1055,1021,34
"S01010419",975,937,38
"S01010420",637,598,39
"S01010421",910,867,43
"S01010422",1057,1024,33
"S01010423",728,722,6
"S01010424",611,594,17
"S01010425",979,961,18
"S01010426",709,698,11
"S01010427",921,827,94
"S01010428",772,740,32
"S01010429",897,883,14
"S01010430",887,833,54
"S01010431",723,708,15
"S01010432",771,763,8
"S01010433",767,649,118
"S01010434",697,674,23
"S01010435",694,691,3
"S01010436",921,886,35
"S01010437",540,538,2
"S01010438",542,533,9
"S01010439",748,739,9
"S01010440",963,944,19
"S01010441",454,448,6
"S01010442",688,674,14
"S01010443",548,545,3
"S01010444",699,692,7
"S01010445",643,637,6
"S01010446",915,905,10
"S01010447",1064,1043,21
"S01010448",862,838,24
"S01010449",794,792,2
"S01010450",843,833,10
"S01010451",965,942,23
"S01010452",783,778,5
"S01010453",538,524,14
"S01010454",832,829,3
"S01010455",961,945,16
"S01010456",590,588,2
"S01010457",610,597,13
"S01010458",754,749,5
"S01010459",572,562,10
"S01010460",214,210,4
"S01010461",888,855,33
"S01010462",756,724,32
"S01010463",770,749,21
"S01010464",534,533,1
"S01010465",839,772,67
"S01010466",696,662,34
"S01010467",911,856,55
"S01010468",785,697,88
"S01010469",572,550,22
"S01010470",875,870,5
"S01010471",613,599,14
"S01010472",252,244,8
"S01010473",822,738,84
"S01010474",804,776,28
"S01010475",174,170,4
"S01010476",656,629,27
"S01010477",667,656,11
"S01010478",962,960,2
"S01010479",1023,1019,4
"S01010480",610,604,6
"S01010481",623,609,14
"S01010482",749,746,3
"S01010483",1095,1073,22
"S01010484",619,617,2
"S01010485",893,868,25
"S01010486",988,958,30
"S01010487",942,940,2
"S01010488",838,826,12
"S01010489",996,991,5
"S01010490",779,767,12
"S01010491",875,874,1
"S01010492",589,586,3
"S01010493",377,373,4
"S01010494",797,787,10
"S01010495",843,826,17
"S01010496",910,898,12
"S01010497",551,544,7
"S01010498",844,839,5
"S01010499",820,816,4
"S01010500",778,774,4
"S01010501",756,751,5
"S01010502",861,857,4
"S01010503",713,710,3
"S01010504",528,527,1
"S01010505",500,500,0
"S01010506",796,792,4
"S01010507",720,719,1
"S01010508",931,926,5
"S01010509",1331,1322,9
"S01010510",518,517,1
"S01010511",940,933,7
"S01010512",511,510,1
"S01010513",660,651,9
"S01010514",713,713,0
"S01010515",832,830,2
"S01010516",538,527,11
"S01010517",653,646,7
"S01010518",570,570,0
"S01010519",864,845,19
"S01010520",820,817,3
"S01010521",503,500,3
"S01010522",573,571,2
"S01010523",646,641,5
"S01010524",548,541,7
"S01010525",564,560,4
"S01010526",749,746,3
"S01010527",897,895,2
"S01010528",577,570,7
"S01010529",527,526,1
"S01010530",586,584,2
"S01010531",982,979,3
"S01010532",720,719,1
"S01010533",591,588,3
"S01010534",679,675,4
"S01010535",557,555,2
"S01010536",891,875,16
"S01010537",653,650,3
"S01010538",71,70,1
"S01010539",951,939,12
"S01010540",615,611,4
"S01010541",758,754,4
"S01010542",728,728,0
"S01010543",645,645,0
"S01010544",788,788,0
"S01010545",611,606,5
"S01010546",696,693,3
"S01010547",678,677,1
"S01010548",553,553,0
"S01010549",255,252,3
"S01010550",442,441,1
"S01010551",696,694,2
"S01010552",738,735,3
"S01010553",678,677,1
"S01010554",645,637,8
"S01010555",826,816,10
"S01010556",871,869,2
"S01010557",474,463,11
"S01010558",527,527,0
"S01010559",762,747,15
"S01010560",652,648,4
"S01010561",521,518,3
"S01010562",951,941,10
"S01010563",580,575,5
"S01010564",530,529,1
"S01010565",533,529,4
"S01010566",742,741,1
"S01010567",979,975,4
"S01010568",810,808,2
"S01010569",945,935,10
"S01010570",968,964,4
"S01010571",806,801,5
"S01010572",871,860,11
"S01010573",621,614,7
"S01010574",570,561,9
"S01010575",696,687,9
"S01010576",872,862,10
"S01010577",917,910,7
"S01010578",623,619,4
"S01010579",781,771,10
"S01010580",589,588,1
"S01010581",415,402,13
"S01010582",512,489,23
"S01010583",846,839,7
"S01010584",114,107,7
"S01010586",499,489,10
"S01010587",572,567,5
"S01010588",314,310,4
"S01010589",632,629,3
"S01010591",121,121,0
"S01010592",560,548,12
"S01010593",560,535,25
"S01010596",531,527,4
"S01010599",94,94,0
"S01010600",613,602,11
"S01010601",724,699,25
"S01010602",554,549,5
"S01010603",830,823,7
"S01010604",642,635,7
"S01010605",928,928,0
"S01010606",808,804,4
"S01010607",818,813,5
"S01010608",659,646,13
"S01010609",618,614,4
"S01010610",591,578,13
"S01010611",957,953,4
"S01010612",765,757,8
"S01010613",672,663,9
"S01010614",544,531,13
"S01010615",633,628,5
"S01010616",946,939,7
"S01010617",934,933,1
"S01010618",841,841,0
"S01010619",595,586,9
"S01010620",363,346,17
"S01010621",964,959,5
"S01010622",479,471,8
"S01010623",699,694,5
"S01010624",739,686,53
"S01010625",773,764,9
"S01010626",892,890,2
"S01010627",716,713,3
"S01010628",999,982,17
"S01010629",937,932,5
"S01010630",447,447,0
"S01010631",575,565,10
"S01010632",783,772,11
"S01010633",926,914,12
"S01010634",665,662,3
"S01010635",830,823,7
"S01010636",639,634,5
"S01010637",521,519,2
"S01010638",917,911,6
"S01010639",921,911,10
"S01010640",685,669,16
"S01010641",756,750,6
"S01010642",1000,989,11
"S01010643",610,605,5
"S01010644",600,595,5
"S01010645",312,312,0
"S01010646",681,677,4
"S01010647",712,703,9
"S01010648",675,674,1
"S01010649",563,557,6
"S01010650",527,513,14
"S01010651",768,753,15
"S01010652",723,717,6
"S01010653",763,756,7
"S01010654",837,837,0
"S01010655",768,766,2
"S01010656",384,381,3
"S01010657",543,542,1
"S01010658",653,646,7
"S01010659",657,655,2
"S01010660",578,567,11
"S01010661",586,579,7
"S01010662",511,504,7
"S01010663",560,560,0
"S01010664",773,765,8
"S01010665",749,747,2
"S01010666",671,669,2
"S01010667",436,429,7
"S01010668",913,909,4
"S01010669",592,592,0
"S01010670",710,708,2
"S01010671",528,520,8
"S01010672",739,734,5
"S01010673",659,656,3
"S01010674",817,816,1
"S01010675",576,574,2
"S01010676",795,792,3
"S01010677",366,366,0
"S01010678",780,779,1
"S01010679",554,547,7
"S01010680",697,693,4
"S01010681",666,663,3
"S01010682",818,811,7
"S01010683",891,884,7
"S01010684",797,789,8
"S01010685",577,573,4
"S01010686",495,492,3
"S01010687",836,827,9
"S01010688",671,669,2
"S01010689",796,782,14
"S01010690",610,608,2
"S01010691",505,503,2
"S01010692",629,625,4
"S01010693",535,529,6
"S01010694",576,571,5
"S01010695",590,588,2
"S01010696",859,850,9
"S01010697",854,845,9
"S01010698",638,636,2
"S01010699",568,565,3
"S01010700",574,571,3
"S01010701",984,981,3
"S01010702",692,688,4
"S01010703",1357,1347,10
"S01010704",377,376,1
"S01010705",803,799,4
"S01010706",210,210,0
"S01010707",781,780,1
"S01010708",586,580,6
"S01010709",687,682,5
"S01010710",754,752,2
"S01010711",522,519,3
"S01010712",712,689,23
"S01010713",823,802,21
"S01010714",718,713,5
"S01010715",723,718,5
"S01010716",708,694,14
"S01010717",681,670,11
"S01010718",685,678,7
"S01010719",608,607,1
"S01010720",678,675,3
"S01010721",632,618,14
"S01010722",891,886,5
"S01010723",664,660,4
"S01010724",759,758,1
"S01010725",639,637,2
"S01010726",887,871,16
"S01010727",449,447,2
"S01010728",415,413,2
"S01010729",645,638,7
"S01010730",775,766,9
"S01010731",886,874,12
"S01010732",890,889,1
"S01010733",579,572,7
"S01010734",827,819,8
"S01010735",518,516,2
"S01010736",275,271,4
"S01010737",775,762,13
"S01010738",502,500,2
"S01010739",746,744,2
"S01010740",505,502,3
"S01010741",377,377,0
"S01010742",648,643,5
"S01010743",944,941,3
"S01010744",1201,1194,7
"S01010745",521,521,0
"S01010746",1015,1010,5
"S01010747",761,758,3
"S01010748",511,507,4
"S01010749",583,582,1
"S01010750",589,583,6
"S01010751",691,691,0
"S01010752",805,803,2
"S01010753",865,859,6
"S01010754",619,614,5
"S01010755",639,634,5
"S01010756",690,686,4
"S01010757",730,729,1
"S01010758",546,545,1
"S01010759",665,662,3
"S01010760",465,461,4
"S01010761",524,520,4
"S01010762",594,589,5
"S01010763",687,687,0
"S01010764",543,538,5
"S01010765",807,798,9
"S01010766",762,753,9
"S01010767",575,572,3
"S01010768",565,563,2
"S01010769",459,459,0
"S01010770",890,886,4
"S01010771",902,899,3
"S01010772",775,765,10
"S01010773",632,632,0
"S01010774",652,650,2
"S01010775",558,551,7
"S01010776",579,576,3
"S01010777",610,601,9
"S01010778",595,592,3
"S01010779",708,707,1
"S01010780",589,584,5
"S01010781",726,711,15
"S01010782",654,640,14
"S01010783",582,578,4
"S01010784",862,858,4
"S01010785",725,717,8
"S01010786",546,545,1
"S01010787",800,797,3
"S01010788",593,588,5
"S01010789",679,675,4
"S01010790",645,641,4
"S01010791",775,773,2
"S01010792",708,703,5
"S01010793",512,510,2
"S01010794",454,454,0
"S01010795",635,631,4
"S01010796",943,941,2
"S01010797",518,518,0
"S01010798",652,647,5
"S01010799",879,874,5
"S01010800",785,783,2
"S01010801",673,672,1
"S01010802",599,594,5
"S01010803",584,581,3
"S01010804",635,633,2
"S01010805",868,860,8
"S01010806",938,923,15
"S01010807",549,546,3
"S01010808",576,572,4
"S01010809",648,647,1
"S01010810",525,525,0
"S01010811",651,650,1
"S01010812",540,540,0
"S01010813",513,510,3
"S01010814",593,593,0
"S01010815",544,542,2
"S01010816",482,480,2
"S01010817",1095,1066,29
"S01010818",972,967,5
"S01010819",930,920,10
"S01010820",1038,1030,8
"S01010821",572,561,11
"S01010822",543,538,5
"S01010823",353,348,5
"S01010824",300,300,0
"S01010825",418,414,4
"S01010826",640,632,8
"S01010827",608,605,3
"S01010828",1218,1173,45
"S01010829",540,532,8
"S01010830",603,603,0
"S01010831",344,340,4
"S01010832",1217,1213,4
"S01010833",477,467,10
"S01010834",773,760,13
"S01010835",681,680,1
"S01010836",851,836,15
"S01010837",611,611,0
"S01010838",799,793,6
"S01010839",736,733,3
"S01010840",592,584,8
"S01010841",736,728,8
"S01010842",893,861,32
"S01010843",644,638,6
"S01010844",689,688,1
"S01010845",630,626,4
"S01010846",800,791,9
"S01010847",683,672,11
"S01010848",818,812,6
"S01010849",1016,1008,8
"S01010850",886,882,4
"S01010851",790,789,1
"S01010852",921,920,1
"S01010853",950,946,4
"S01010854",657,654,3
"S01010855",564,560,4
"S01010856",858,857,1
"S01010857",872,868,4
"S01010858",792,790,2
"S01010859",844,839,5
"S01010860",613,610,3
"S01010861",545,544,1
"S01010862",618,605,13
"S01010863",927,921,6
"S01010864",615,611,4
"S01010865",720,716,4
"S01010866",773,764,9
"S01010867",683,673,10
"S01010868",874,870,4
"S01010869",796,782,14
"S01010870",563,563,0
"S01010871",801,790,11
"S01010872",694,683,11
"S01010873",553,545,8
"S01010874",785,776,9
"S01010875",520,516,4
"S01010876",697,695,2
"S01010877",806,799,7
"S01010878",1192,1187,5
"S01010879",804,803,1
"S01010880",610,604,6
"S01010881",582,581,1
"S01010882",600,598,2
"S01010883",958,922,36
"S01010884",763,763,0
"S01010885",704,703,1
"S01010886",636,630,6
"S01010887",590,587,3
"S01010888",827,824,3
"S01010889",465,465,0
"S01010890",773,769,4
"S01010891",413,409,4
"S01010892",674,664,10
"S01010893",530,522,8
"S01010894",429,421,8
"S01010895",455,455,0
"S01010896",857,850,7
"S01010897",411,410,1
"S01010898",656,652,4
"S01010899",432,429,3
"S01010900",746,743,3
"S01010901",529,525,4
"S01010902",932,931,1
"S01010903",634,633,1
"S01010904",585,577,8
"S01010905",153,153,0
"S01010906",830,828,2
"S01010907",87,87,0
"S01010908",589,589,0
"S01010909",466,464,2
"S01010910",487,485,2
"S01010911",592,588,4
"S01010912",739,735,4
"S01010913",661,648,13
"S01010914",873,865,8
"S01010915",636,626,10
"S01010916",644,644,0
"S01010917",695,695,0
"S01010918",751,748,3
"S01010919",834,829,5
"S01010920",557,555,2
"S01010921",710,709,1
"S01010922",898,895,3
"S01010923",928,928,0
"S01010924",668,667,1
"S01010925",853,849,4
"S01010926",778,776,2
"S01010927",596,596,0
"S01010928",775,775,0
"S01010929",832,832,0
"S01010930",1369,1360,9
"S01010931",549,547,2
"S01010932",439,437,2
"S01010933",345,338,7
"S01010934",973,964,9
"S01010935",518,518,0
"S01010936",431,428,3
"S01010937",842,832,10
"S01010938",796,788,8
"S01010939",572,565,7
"S01010940",590,586,4
"S01010941",805,790,15
"S01010942",712,705,7
"S01010943",633,631,2
"S01010944",660,653,7
"S01010945",600,596,4
"S01010946",908,906,2
"S01010947",580,576,4
"S01010948",601,599,2
"S01010949",976,954,22
"S01010950",888,883,5
"S01010951",691,680,11
"S01010952",577,564,13
"S01010953",555,552,3
"S01010954",579,576,3
"S01010955",650,646,4
"S01010956",791,780,11
"S01010957",654,645,9
"S01010958",515,511,4
"S01010959",627,607,20
"S01010960",1177,1166,11
"S01010961",572,566,6
"S01010962",685,678,7
"S01010963",807,788,19
"S01010964",561,558,3
"S01010965",594,590,4
"S01010966",442,442,0
"S01010967",698,694,4
"S01010968",755,747,8
"S01010969",571,566,5
"S01010970",873,864,9
"S01010971",821,817,4
"S01010972",588,580,8
"S01010973",523,517,6
"S01010974",721,720,1
"S01010975",508,499,9
"S01010976",488,482,6
"S01010977",760,759,1
"S01010978",724,698,26
"S01010979",807,807,0
"S01010980",759,756,3
"S01010981",794,783,11
"S01010982",1000,987,13
"S01010983",934,925,9
"S01010984",623,620,3
"S01010985",612,604,8
"S01010986",225,219,6
"S01010987",660,657,3
"S01010988",614,601,13
"S01010990",739,723,16
"S01010991",708,692,16
"S01010992",212,209,3
"S01010993",765,757,8
"S01010994",1111,1105,6
"S01010995",806,794,12
"S01010996",587,558,29
"S01010997",711,702,9
"S01010998",620,618,2
"S01010999",786,781,5
"S01011000",1514,1500,14
"S01011001",565,563,2
"S01011002",766,757,9
"S01011003",729,727,2
"S01011004",680,662,18
"S01011005",752,750,2
"S01011006",666,658,8
"S01011007",750,747,3
"S01011008",902,895,7
"S01011009",615,614,1
"S01011010",495,493,2
"S01011011",836,833,3
"S01011012",809,802,7
"S01011013",855,854,1
"S01011014",723,716,7
"S01011015",477,474,3
"S01011017",1499,1494,5
"S01011018",956,952,4
"S01011019",772,769,3
"S01011020",375,372,3
"S01011021",718,703,15
"S01011022",290,290,0
"S01011023",624,621,3
"S01011024",594,589,5
"S01011025",828,826,2
"S01011026",631,628,3
"S01011027",1024,1010,14
"S01011028",751,751,0
"S01011029",695,682,13
"S01011030",1000,997,3
"S01011031",600,600,0
"S01011032",749,746,3
"S01011033",626,622,4
"S01011034",573,571,2
"S01011035",719,719,0
"S01011036",417,417,0
"S01011037",804,803,1
"S01011038",821,805,16
"S01011039",648,646,2
"S01011040",754,752,2
"S01011041",634,628,6
"S01011042",722,710,12
"S01011043",778,777,1
"S01011044",707,706,1
"S01011045",633,632,1
"S01011046",623,620,3
"S01011047",891,882,9
"S01011048",796,794,2
"S01011049",658,657,1
"S01011050",642,642,0
"S01011051",1075,1071,4
"S01011052",676,674,2
"S01011053",457,453,4
"S01011054",514,514,0
"S01011055",562,557,5
"S01011056",686,685,1
"S01011057",557,554,3
"S01011058",552,548,4
"S01011059",575,569,6
"S01011060",910,910,0
"S01011061",850,844,6
"S01011062",895,890,5
"S01011063",928,927,1
"S01011064",908,907,1
"S01011065",583,582,1
"S01011066",524,523,1
"S01011067",569,564,5
"S01011068",528,522,6
"S01011069",531,531,0
"S01011070",438,438,0
"S01011071",804,801,3
"S01011072",700,692,8
"S01011073",772,768,4
"S01011074",667,666,1
"S01011075",777,775,2
"S01011076",648,639,9
"S01011077",785,783,2
"S01011078",738,738,0
"S01011079",1142,1129,13
"S01011080",976,972,4
"S01011081",918,918,0
"S01011082",618,618,0
"S01011083",683,682,1
"S01011084",634,629,5
"S01011085",782,778,4
"S01011086",646,644,2
"S01011087",585,583,2
"S01011088",917,915,2
"S01011089",582,574,8
"S01011090",709,706,3
"S01011091",531,528,3
"S01011093",603,595,8
"S01011094",391,388,3
"S01011095",606,604,2
"S01011096",100,100,0
"S01011097",866,851,15
"S01011098",540,540,0
"S01011099",929,918,11
"S01011100",376,376,0
"S01011101",606,603,3
"S01011102",872,862,10
"S01011103",400,397,3
"S01011104",716,712,4
"S01011105",763,758,5
"S01011106",774,770,4
"S01011108",613,600,13
"S01011109",827,813,14
"S01011110",738,732,6
"S01011111",989,977,12
"S01011113",1234,1228,6
"S01011114",794,777,17
"S01011115",960,957,3
"S01011116",591,565,26
"S01011117",774,767,7
"S01011118",815,797,18
"S01011119",817,790,27
"S01011120",762,742,20
"S01011121",548,531,17
"S01011122",660,655,5
"S01011123",1094,1091,3
"S01011124",367,362,5
"S01011125",416,414,2
"S01011126",669,661,8
"S01011127",535,530,5
"S01011128",810,800,10
"S01011129",777,748,29
"S01011130",669,663,6
"S01011131",580,574,6
"S01011132",793,781,12
"S01011133",555,542,13
"S01011134",769,762,7
"S01011135",630,627,3
"S01011136",553,551,2
"S01011137",330,328,2
"S01011138",547,543,4
"S01011139",711,707,4
"S01011140",577,573,4
"S01011141",600,598,2
"S01011142",1731,1663,68
"S01011143",921,918,3
"S01011144",703,696,7
"S01011145",667,664,3
"S01011146",444,443,1
"S01011147",995,985,10
"S01011148",872,869,3
"S01011149",743,739,4
"S01011150",765,760,5
"S01011151",759,753,6
"S01011152",612,604,8
"S01011153",880,859,21
"S01011154",461,461,0
"S01011155",654,650,4
"S01011156",646,644,2
"S01011157",712,707,5
"S01011158",515,513,2
"S01011159",536,535,1
"S01011160",921,903,18
"S01011161",655,655,0
"S01011162",469,468,1
"S01011163",721,717,4
"S01011164",749,747,2
"S01011165",759,759,0
"S01011166",563,553,10
"S01011167",729,714,15
"S01011168",865,857,8
"S01011169",96,94,2
"S01011170",796,788,8
"S01011171",974,966,8
"S01011172",800,799,1
"S01011173",562,560,2
"S01011174",718,715,3
"S01011175",508,507,1
"S01011176",513,512,1
"S01011177",921,917,4
"S01011178",587,584,3
"S01011179",449,449,0
"S01011180",564,561,3
"S01011181",544,543,1
"S01011182",515,503,12
"S01011183",565,551,14
"S01011184",1025,1004,21
"S01011185",733,732,1
"S01011186",866,854,12
"S01011187",774,774,0
"S01011188",982,982,0
"S01011189",580,568,12
"S01011190",496,488,8
"S01011191",656,655,1
"S01011192",977,973,4
"S01011193",765,760,5
"S01011194",761,752,9
"S01011195",722,710,12
"S01011196",959,957,2
"S01011197",931,926,5
"S01011198",748,741,7
"S01011199",816,813,3
"S01011200",830,821,9
"S01011201",609,605,4
"S01011202",893,883,10
"S01011203",852,849,3
"S01011204",593,573,20
"S01011206",669,644,25
"S01011207",758,758,0
"S01011208",958,914,44
"S01011209",674,673,1
"S01011210",490,467,23
"S01011211",732,727,5
"S01011212",558,557,1
"S01011213",935,930,5
"S01011214",1127,1123,4
"S01011215",470,469,1
"S01011216",507,506,1
"S01011217",795,795,0
"S01011218",719,718,1
"S01011219",731,722,9
"S01011220",911,908,3
"S01011221",968,968,0
"S01011222",681,677,4
"S01011223",811,804,7
"S01011224",687,672,15
"S01011225",778,771,7
"S01011226",908,902,6
"S01011227",737,716,21
"S01011228",600,587,13
"S01011229",537,534,3
"S01011230",1017,1008,9
"S01011231",547,546,1
"S01011232",787,786,1
"S01011233",359,357,2
"S01011234",1023,1022,1
"S01011235",519,518,1
"S01011236",474,472,2
"S01011237",949,942,7
"S01011238",544,543,1
"S01011239",815,811,4
"S01011240",695,689,6
"S01011241",883,875,8
"S01011242",829,815,14
"S01011243",741,738,3
"S01011244",714,713,1
"S01011245",928,923,5
"S01011246",595,590,5
"S01011247",807,802,5
"S01011248",791,791,0
"S01011249",771,757,14
"S01011250",996,993,3
"S01011251",871,870,1
"S01011252",846,842,4
"S01011253",907,904,3
"S01011254",1014,1004,10
"S01011255",176,173,3
"S01011256",172,171,1
"S01011257",484,484,0
"S01011258",630,621,9
"S01011259",691,686,5
"S01011260",756,751,5
"S01011261",867,863,4
"S01011262",512,511,1
"S01011263",769,766,3
"S01011264",686,683,3
"S01011265",902,898,4
"S01011266",968,953,15
"S01011267",441,441,0
"S01011268",195,195,0
"S01011269",570,561,9
"S01011270",626,624,2
"S01011271",839,834,5
"S01011272",737,737,0
"S01011273",926,924,2
"S01011274",745,744,1
"S01011275",684,684,0
"S01011276",947,947,0
"S01011277",614,613,1
"S01011278",568,567,1
"S01011279",691,690,1
"S01011280",652,650,2
"S01011281",643,620,23
"S01011282",796,765,31
"S01011283",580,557,23
"S01011285",763,760,3
"S01011286",684,684,0
"S01011287",797,796,1
"S01011288",797,793,4
"S01011289",786,785,1
"S01011290",1141,1131,10
"S01011291",754,749,5
"S01011292",857,850,7
"S01011293",723,723,0
"S01011294",782,782,0
"S01011295",897,892,5
"S01011296",573,569,4
"S01011297",868,865,3
"S01011298",694,693,1
"S01011299",501,501,0
"S01011300",984,981,3
"S01011301",589,589,0
"S01011302",922,920,2
"S01011303",753,752,1
"S01011304",706,691,15
"S01011305",569,569,0
"S01011306",635,625,10
"S01011307",934,926,8
"S01011308",510,510,0
"S01011309",747,743,4
"S01011310",763,761,2
"S01011311",735,729,6
"S01011312",1018,1013,5
"S01011313",721,713,8
"S01011314",904,898,6
"S01011315",294,294,0
"S01011316",721,719,2
"S01011317",841,837,4
"S01011318",868,856,12
"S01011319",942,942,0
"S01011320",502,502,0
"S01011321",561,561,0
"S01011322",691,689,2
"S01011323",886,879,7
"S01011324",513,508,5
"S01011325",689,688,1
"S01011326",747,741,6
"S01011327",730,727,3
"S01011328",636,634,2
"S01011329",831,825,6
"S01011330",787,783,4
"S01011331",626,619,7
"S01011332",608,603,5
"S01011333",692,689,3
"S01011334",1044,1032,12
"S01011335",753,747,6
"S01011336",558,554,4
"S01011337",726,713,13
"S01011338",538,538,0
"S01011339",457,457,0
"S01011340",721,718,3
"S01011341",574,572,2
"S01011342",599,598,1
"S01011343",923,922,1
"S01011344",749,749,0
"S01011345",817,815,2
"S01011346",708,707,1
"S01011347",1006,1006,0
"S01011348",976,969,7
"S01011349",848,837,11
"S01011350",708,708,0
"S01011351",684,684,0
"S01011352",645,643,2
"S01011353",690,683,7
"S01011354",753,750,3
"S01011355",1042,1038,4
"S01011356",938,938,0
"S01011357",789,786,3
"S01011358",602,592,10
"S01011359",791,789,2
"S01011360",551,545,6
"S01011361",377,373,4
"S01011362",973,957,16
"S01011363",778,776,2
"S01011364",519,519,0
"S01011365",429,418,11
"S01011366",526,526,0
"S01011367",768,768,0
"S01011368",87,87,0
"S01011369",773,769,4
"S01011370",232,232,0
"S01011371",860,854,6
"S01011372",702,696,6
"S01011373",674,674,0
"S01011374",733,728,5
"S01011375",637,622,15
"S01011376",506,504,2
"S01011377",567,564,3
"S01011378",809,804,5
"S01011379",707,690,17
"S01011380",719,713,6
"S01011381",575,573,2
"S01011382",185,180,5
"S01011383",649,649,0
"S01011384",700,699,1
"S01011385",1044,1043,1
"S01011386",626,622,4
"S01011387",733,733,0
"S01011388",254,251,3
"S01011389",743,735,8
"S01011390",637,637,0
"S01011391",486,485,1
"S01011392",742,740,2
"S01011393",626,622,4
"S01011394",278,272,6
"S01011395",687,684,3
"S01011396",785,785,0
"S01011397",795,790,5
"S01011398",828,815,13
"S01011399",518,515,3
"S01011400",295,294,1
"S01011401",745,737,8
"S01011402",1021,986,35
"S01011403",535,492,43
"S01011404",959,952,7
"S01011405",660,659,1
"S01011406",572,569,3
"S01011407",1125,1117,8
"S01011408",877,874,3
"S01011409",701,688,13
"S01011410",637,629,8
"S01011411",486,486,0
"S01011412",874,871,3
"S01011413",441,426,15
"S01011414",827,815,12
"S01011415",864,857,7
"S01011416",696,649,47
"S01011417",638,619,19
"S01011418",610,608,2
"S01011419",604,587,17
"S01011420",567,564,3
"S01011421",407,404,3
"S01011422",451,451,0
"S01011423",473,472,1
"S01011424",581,581,0
"S01011425",812,811,1
"S01011426",920,899,21
"S01011427",472,469,3
"S01011428",469,465,4
"S01011429",1675,1643,32
"S01011430",851,836,15
"S01011431",1016,1006,10
"S01011432",1043,1040,3
"S01011433",918,913,5
"S01011434",510,502,8
"S01011435",861,856,5
"S01011436",668,663,5
"S01011437",801,796,5
"S01011438",596,592,4
"S01011439",1364,1350,14
"S01011440",527,524,3
"S01011441",755,752,3
"S01011442",625,615,10
"S01011443",477,470,7
"S01011444",662,662,0
"S01011445",430,426,4
"S01011446",1819,1792,27
"S01011447",866,864,2
"S01011448",874,867,7
"S01011449",370,360,10
"S01011450",274,274,0
"S01011451",1476,1415,61
"S01011452",949,923,26
"S01011453",740,731,9
"S01011454",856,856,0
"S01011455",796,774,22
"S01011456",907,891,16
"S01011457",957,948,9
"S01011458",1069,1005,64
"S01011459",434,434,0
"S01011460",921,915,6
"S01011461",615,606,9
"S01011462",851,849,2
"S01011463",614,610,4
"S01011464",89,89,0
"S01011465",561,552,9
"S01011466",577,575,2
"S01011467",354,351,3
"S01011468",133,133,0
"S01011469",912,883,29
"S01011470",1011,993,18
"S01011471",993,985,8
"S01011472",906,892,14
"S01011473",719,717,2
"S01011474",691,690,1
"S01011475",656,654,2
"S01011476",505,504,1
"S01011477",941,926,15
"S01011478",1118,1056,62
"S01011479",701,686,15
"S01011480",938,918,20
"S01011481",375,368,7
"S01011482",861,852,9
"S01011483",567,551,16
"S01011484",889,889,0
"S01011485",1025,1019,6
"S01011486",589,589,0
"S01011487",495,494,1
"S01011488",752,749,3
"S01011489",271,269,2
"S01011490",1436,1413,23
"S01011491",583,583,0
"S01011492",875,853,22
"S01011493",535,515,20
"S01011494",563,560,3
"S01011495",795,790,5
"S01011496",634,633,1
"S01011497",632,590,42
"S01011498",673,659,14
"S01011499",676,663,13
"S01011500",561,556,5
"S01011501",753,738,15
"S01011502",627,615,12
"S01011503",832,831,1
"S01011504",891,858,33
"S01011505",616,608,8
"S01011506",647,646,1
"S01011507",653,644,9
"S01011508",911,888,23
"S01011509",656,651,5
"S01011510",845,832,13
"S01011511",605,598,7
"S01011512",1177,1171,6
"S01011513",735,735,0
"S01011514",1137,1127,10
"S01011515",586,576,10
"S01011516",989,925,64
"S01011517",545,535,10
"S01011518",557,553,4
"S01011519",775,770,5
"S01011520",560,558,2
"S01011521",689,680,9
"S01011522",890,852,38
"S01011523",782,776,6
"S01011524",883,869,14
"S01011525",805,803,2
"S01011526",1093,1057,36
"S01011527",700,683,17
"S01011528",1034,1010,24
"S01011529",465,461,4
"S01011530",834,831,3
"S01011531",741,732,9
"S01011532",360,356,4
"S01011533",817,811,6
"S01011534",703,700,3
"S01011535",1014,1003,11
"S01011536",719,672,47
"S01011537",540,518,22
"S01011538",575,572,3
"S01011539",747,746,1
"S01011540",813,811,2
"S01011541",872,871,1
"S01011542",1357,1355,2
"S01011543",813,811,2
"S01011544",697,697,0
"S01011545",627,625,2
"S01011546",793,763,30
"S01011547",605,592,13
"S01011548",753,748,5
"S01011549",881,863,18
"S01011550",812,807,5
"S01011551",591,578,13
"S01011552",1320,1310,10
"S01011554",960,947,13
"S01011555",349,347,2
"S01011556",406,402,4
"S01011557",556,555,1
"S01011558",418,416,2
"S01011559",657,657,0
"S01011560",720,718,2
"S01011561",456,453,3
"S01011562",395,395,0
"S01011563",668,666,2
"S01011564",583,582,1
"S01011565",747,747,0
"S01011566",608,604,4
"S01011567",938,936,2
"S01011568",825,825,0
"S01011569",1022,1016,6
"S01011570",696,692,4
"S01011571",555,552,3
"S01011572",714,706,8
"S01011573",667,667,0
"S01011574",717,714,3
"S01011575",225,225,0
"S01011576",822,821,1
"S01011577",676,663,13
"S01011578",920,914,6
"S01011579",580,573,7
"S01011580",424,423,1
"S01011581",685,684,1
"S01011582",1092,1077,15
"S01011583",769,760,9
"S01011584",705,702,3
"S01011585",717,717,0
"S01011586",612,608,4
"S01011587",487,487,0
"S01011588",795,792,3
"S01011589",1045,1037,8
"S01011590",717,715,2
"S01011591",634,632,2
"S01011592",744,740,4
"S01011593",638,628,10
"S01011594",487,479,8
"S01011595",583,572,11
"S01011596",1054,1035,19
"S01011597",605,604,1
"S01011598",790,782,8
"S01011599",780,779,1
"S01011600",1017,1004,13
"S01011601",766,735,31
"S01011602",515,514,1
"S01011603",872,872,0
"S01011604",705,702,3
"S01011605",894,892,2
"S01011606",247,239,8
"S01011607",622,599,23
"S01011608",637,600,37
"S01011609",1016,1003,13
"S01011610",764,755,9
"S01011611",622,599,23
"S01011613",1224,1203,21
"S01011614",257,254,3
"S01011615",736,735,1
"S01011616",459,457,2
"S01011617",850,846,4
"S01011618",739,729,10
"S01011619",785,770,15
"S01011620",421,417,4
"S01011621",767,764,3
"S01011622",171,171,0
"S01011623",682,677,5
"S01011624",671,671,0
"S01011625",435,434,1
"S01011626",423,419,4
"S01011627",619,605,14
"S01011628",1426,1390,36
"S01011629",625,624,1
"S01011630",704,692,12
"S01011631",664,656,8
"S01011632",797,794,3
"S01011633",667,666,1
"S01011634",652,647,5
"S01011635",211,211,0
"S01011636",732,727,5
"S01011637",727,719,8
"S01011638",502,490,12
"S01011639",529,518,11
"S01011640",691,680,11
"S01011641",522,522,0
"S01011642",760,753,7
"S01011643",384,375,9
"S01011644",519,508,11
"S01011645",649,646,3
"S01011646",785,783,2
"S01011647",901,891,10
"S01011648",486,473,13
"S01011649",284,283,1
"S01011650",801,787,14
"S01011651",824,807,17
"S01011652",912,847,65
"S01011653",1112,1112,0
"S01011654",999,977,22
"S01011655",885,881,4
"S01011656",265,264,1
"S01011657",536,531,5
"S01011658",733,730,3
"S01011659",843,840,3
"S01011660",785,774,11
"S01011661",611,608,3
"S01011662",294,294,0
"S01011663",612,611,1
"S01011664",1090,1085,5
"S01011665",853,847,6
"S01011666",926,924,2
"S01011667",544,542,2
"S01011668",1038,1031,7
"S01011669",704,689,15
"S01011670",593,591,2
"S01011671",692,692,0
"S01011672",651,638,13
"S01011673",632,628,4
"S01011674",530,528,2
"S01011675",682,679,3
"S01011676",783,781,2
"S01011678",533,531,2
"S01011679",205,205,0
"S01011680",1068,1067,1
"S01011681",758,757,1
"S01011682",977,969,8
"S01011683",999,996,3
"S01011684",473,472,1
"S01011685",477,474,3
"S01011686",734,727,7
"S01011687",1052,1048,4
"S01011688",1333,1308,25
"S01011689",408,402,6
"S01011690",408,408,0
"S01011691",188,188,0
"S01011692",1105,1096,9
"S01011693",528,522,6
"S01011695",2224,2191,33
"S01011697",437,435,2
"S01011698",765,751,14
"S01011699",929,875,54
"S01011700",791,771,20
"S01011701",667,657,10
"S01011702",738,734,4
"S01011703",979,972,7
"S01011704",538,529,9
"S01011705",715,704,11
"S01011706",950,934,16
"S01011707",688,675,13
"S01011708",781,772,9
"S01011709",1090,1081,9
"S01011710",620,619,1
"S01011711",730,730,0
"S01011712",500,494,6
"S01011713",770,766,4
"S01011714",374,368,6
"S01011715",645,643,2
"S01011716",985,969,16
"S01011717",824,818,6
"S01011718",127,127,0
"S01011719",691,673,18
"S01011720",587,573,14
"S01011721",686,676,10
"S01011722",600,598,2
"S01011723",869,867,2
"S01011724",706,693,13
"S01011725",640,623,17
"S01011726",455,449,6
"S01011728",1018,997,21
"S01011729",766,759,7
"S01011730",986,971,15
"S01011731",954,952,2
"S01011732",900,889,11
"S01011733",936,925,11
"S01011734",791,788,3
"S01011735",800,782,18
"S01011736",779,755,24
"S01011737",683,585,98
"S01011738",1192,1176,16
"S01011739",525,525,0
"S01011740",841,837,4
"S01011741",711,705,6
"S01011742",795,792,3
"S01011743",746,745,1
"S01011744",756,743,13
"S01011745",757,746,11
"S01011746",616,607,9
"S01011747",963,958,5
"S01011748",869,850,19
"S01011749",752,747,5
"S01011750",864,852,12
"S01011751",1029,1018,11
"S01011752",960,958,2
"S01011753",880,877,3
"S01011754",722,720,2
"S01011755",1038,1027,11
"S01011756",959,946,13
"S01011757",748,739,9
"S01011758",710,703,7
"S01011759",757,748,9
"S01011760",966,941,25
"S01011761",536,521,15
"S01011762",721,710,11
"S01011763",762,753,9
"S01011764",294,290,4
"S01011765",1132,1125,7
"S01011766",674,658,16
"S01011767",955,944,11
"S01011768",683,673,10
"S01011769",725,720,5
"S01011770",859,844,15
"S01011771",701,684,17
"S01011772",950,879,71
"S01011773",566,552,14
"S01011774",837,826,11
"S01011775",792,781,11
"S01011776",207,207,0
"S01011777",586,581,5
"S01011778",663,650,13
"S01011779",734,727,7
"S01011780",730,693,37
"S01011781",650,632,18
"S01011782",771,751,20
"S01011783",595,567,28
"S01011784",922,906,16
"S01011785",958,938,20
"S01011787",965,956,9
"S01011788",284,275,9
"S01011789",1432,1417,15
"S01011790",1045,1031,14
"S01011791",680,670,10
"S01011792",907,893,14
"S01011793",611,606,5
"S01011794",760,756,4
"S01011795",507,505,2
"S01011796",630,629,1
"S01011797",705,700,5
"S01011798",436,436,0
"S01011799",1008,1002,6
"S01011800",716,715,1
"S01011801",516,511,5
"S01011802",771,769,2
"S01011803",1188,1181,7
"S01011804",408,407,1
"S01011805",429,425,4
"S01011806",825,824,1
"S01011807",977,975,2
"S01011808",559,558,1
"S01011809",566,565,1
"S01011810",827,825,2
"S01011811",681,680,1
"S01011812",555,551,4
"S01011813",693,693,0
"S01011814",604,599,5
"S01011815",509,507,2
"S01011816",570,570,0
"S01011817",914,906,8
"S01011818",807,803,4
"S01011819",877,876,1
"S01011820",516,508,8
"S01011821",243,239,4
"S01011822",592,581,11
"S01011823",670,668,2
"S01011824",785,785,0
"S01011825",582,580,2
"S01011826",637,634,3
"S01011827",405,404,1
"S01011828",854,851,3
"S01011829",357,357,0
"S01011830",444,441,3
"S01011831",545,539,6
"S01011832",749,748,1
"S01011833",869,866,3
"S01011834",331,325,6
"S01011835",574,571,3
"S01011836",609,604,5
"S01011837",850,843,7
"S01011838",775,774,1
"S01011839",1185,1168,17
"S01011840",815,808,7
"S01011841",756,749,7
"S01011842",983,982,1
"S01011843",951,946,5
"S01011844",646,642,4
"S01011845",789,786,3
"S01011846",898,893,5
"S01011847",451,450,1
"S01011848",631,626,5
"S01011849",718,712,6
"S01011850",700,698,2
"S01011851",822,821,1
"S01011852",931,921,10
"S01011853",656,646,10
"S01011854",811,805,6
"S01011855",874,873,1
"S01011856",606,602,4
"S01011857",775,767,8
"S01011858",790,785,5
"S01011859",852,849,3
"S01011860",712,708,4
"S01011861",638,634,4
"S01011862",842,828,14
"S01011863",815,770,45
"S01011864",721,720,1
"S01011865",648,648,0
"S01011866",676,668,8
"S01011867",571,570,1
"S01011868",733,731,2
"S01011869",600,589,11
"S01011870",594,592,2
"S01011871",882,876,6
"S01011872",889,883,6
"S01011873",702,699,3
"S01011874",458,455,3
"S01011875",668,664,4
"S01011876",881,878,3
"S01011877",569,564,5
"S01011878",989,982,7
"S01011879",409,409,0
"S01011880",639,636,3
"S01011881",515,513,2
"S01011882",954,952,2
"S01011883",1568,1512,56
"S01011884",429,422,7
"S01011885",334,331,3
"S01011886",687,686,1
"S01011887",617,607,10
"S01011888",724,709,15
"S01011889",843,835,8
"S01011890",673,655,18
"S01011891",1020,1016,4
"S01011892",940,927,13
"S01011893",659,653,6
"S01011894",734,722,12
"S01011895",549,547,2
"S01011896",873,868,5
"S01011897",993,981,12
"S01011898",552,531,21
"S01011899",832,813,19
"S01011900",711,691,20
"S01011901",677,675,2
"S01011902",972,959,13
"S01011903",840,832,8
"S01011904",898,890,8
"S01011905",703,671,32
"S01011906",456,443,13
"S01011907",770,759,11
"S01011908",400,382,18
"S01011909",693,689,4
"S01011910",949,942,7
"S01011911",702,700,2
"S01011912",725,725,0
"S01011913",754,746,8
"S01011914",893,883,10
"S01011915",790,789,1
"S01011916",599,595,4
"S01011917",540,539,1
"S01011918",614,603,11
"S01011919",699,690,9
"S01011920",602,599,3
"S01011921",614,610,4
"S01011922",765,761,4
"S01011923",1064,1052,12
"S01011924",449,446,3
"S01011925",74,69,5
"S01011926",661,653,8
"S01011927",621,612,9
"S01011928",785,780,5
"S01011929",644,644,0
"S01011930",771,767,4
"S01011931",800,777,23
"S01011932",195,193,2
"S01011933",438,434,4
"S01011934",906,899,7
"S01011935",847,840,7
"S01011936",546,534,12
"S01011937",333,331,2
"S01011938",656,648,8
"S01011939",584,569,15
"S01011940",519,484,35
"S01011941",420,410,10
"S01011942",583,565,18
"S01011943",860,843,17
"S01011944",424,421,3
"S01011945",757,740,17
"S01011946",753,750,3
"S01011947",495,495,0
"S01011948",961,951,10
"S01011949",770,767,3
"S01011950",926,919,7
"S01011951",665,656,9
"S01011953",792,789,3
"S01011954",399,399,0
"S01011955",935,929,6
"S01011956",642,633,9
"S01011957",596,592,4
"S01011958",988,964,24
"S01011959",1097,1092,5
"S01011960",519,516,3
"S01011961",607,600,7
"S01011962",430,428,2
"S01011963",339,337,2
"S01011964",911,909,2
"S01011965",945,934,11
"S01011966",753,739,14
"S01011967",999,979,20
"S01011968",714,700,14
"S01011969",829,824,5
"S01011970",939,931,8
"S01011971",527,526,1
"S01011972",1115,1114,1
"S01011973",559,559,0
"S01011974",739,737,2
"S01011975",445,444,1
"S01011976",674,668,6
"S01011977",1079,1073,6
"S01011978",667,664,3
"S01011979",682,676,6
"S01011980",448,445,3
"S01011981",925,924,1
"S01011982",862,860,2
"S01011983",793,792,1
"S01011984",633,630,3
"S01011985",850,843,7
"S01011986",651,648,3
"S01011987",722,720,2
"S01011988",650,647,3
"S01011989",773,765,8
"S01011990",687,685,2
"S01011991",750,746,4
"S01011992",730,730,0
"S01011993",894,891,3
"S01011994",669,666,3
"S01011995",746,746,0
"S01011996",453,451,2
"S01011997",878,873,5
"S01011998",272,272,0
"S01011999",647,644,3
"S01012000",463,459,4
"S01012001",454,453,1
"S01012002",594,592,2
"S01012003",496,494,2
"S01012004",746,745,1
"S01012005",452,452,0
"S01012006",1238,1216,22
"S01012007",762,760,2
"S01012008",889,879,10
"S01012009",782,777,5
"S01012010",1036,1011,25
"S01012011",993,983,10
"S01012012",703,702,1
"S01012013",666,664,2
"S01012014",814,804,10
"S01012015",853,841,12
"S01012016",718,713,5
"S01012017",636,626,10
"S01012018",880,880,0
"S01012019",600,595,5
"S01012020",718,696,22
"S01012021",607,603,4
"S01012022",641,640,1
"S01012023",482,474,8
"S01012024",756,756,0
"S01012025",746,745,1
"S01012026",94,94,0
"S01012027",1022,1013,9
"S01012028",903,888,15
"S01012029",1053,1044,9
"S01012030",1473,1459,14
"S01012031",230,229,1
"S01012032",406,406,0
"S01012033",822,815,7
"S01012034",789,786,3
"S01012035",943,940,3
"S01012036",920,916,4
"S01012037",1040,1038,2
"S01012038",825,825,0
"S01012039",857,852,5
"S01012040",525,519,6
"S01012041",924,922,2
"S01012042",940,939,1
"S01012043",880,878,2
"S01012044",954,948,6
"S01012045",844,831,13
"S01012046",723,721,2
"S01012047",888,886,2
"S01012048",600,598,2
"S01012049",674,670,4
"S01012050",625,624,1
"S01012051",840,808,32
"S01012052",801,792,9
"S01012053",938,929,9
"S01012054",853,846,7
"S01012055",946,941,5
"S01012056",815,814,1
"S01012057",836,813,23
"S01012058",655,642,13
"S01012059",905,902,3
"S01012060",789,784,5
"S01012061",922,911,11
"S01012062",721,708,13
"S01012063",555,545,10
"S01012064",519,515,4
"S01012065",735,735,0
"S01012066",935,922,13
"S01012067",517,517,0
"S01012068",588,582,6
"S01012069",509,504,5
"S01012070",557,554,3
"S01012071",750,735,15
"S01012072",842,832,10
"S01012073",578,572,6
"S01012074",751,744,7
"S01012075",780,761,19
"S01012076",735,729,6
"S01012077",593,582,11
"S01012078",835,828,7
"S01012079",873,868,5
"S01012080",804,800,4
"S01012081",658,657,1
"S01012082",520,515,5
"S01012083",908,904,4
"S01012084",619,616,3
"S01012085",757,749,8
"S01012086",1062,1055,7
"S01012087",765,764,1
"S01012088",687,680,7
"S01012089",910,907,3
"S01012090",990,976,14
"S01012091",632,627,5
"S01012092",551,548,3
"S01012093",588,587,1
"S01012094",889,879,10
"S01012095",799,781,18
"S01012096",913,911,2
"S01012097",558,555,3
"S01012098",581,580,1
"S01012099",1147,1147,0
"S01012100",1309,1303,6
"S01012101",712,698,14
"S01012102",722,717,5
"S01012103",979,976,3
"S01012104",907,901,6
"S01012105",788,776,12
"S01012106",883,877,6
"S01012107",789,758,31
"S01012108",961,958,3
"S01012109",778,763,15
"S01012110",653,639,14
"S01012111",543,543,0
"S01012112",862,862,0
"S01012113",945,940,5
"S01012114",690,684,6
"S01012115",533,526,7
"S01012116",494,485,9
"S01012117",311,311,0
"S01012118",986,959,27
"S01012119",1007,977,30
"S01012120",696,676,20
"S01012121",857,855,2
"S01012122",908,906,2
"S01012123",553,515,38
"S01012124",562,550,12
"S01012125",774,756,18
"S01012126",452,442,10
"S01012127",728,716,12
"S01012128",174,170,4
"S01012129",678,669,9
"S01012130",911,903,8
"S01012131",921,908,13
"S01012132",671,647,24
"S01012133",789,755,34
"S01012134",1008,1000,8
"S01012135",1078,1061,17
"S01012136",662,657,5
"S01012137",637,631,6
"S01012138",812,792,20
"S01012139",711,706,5
"S01012140",853,845,8
"S01012141",1035,1032,3
"S01012142",950,944,6
"S01012143",857,840,17
"S01012144",946,915,31
"S01012145",958,938,20
"S01012146",733,722,11
"S01012147",762,759,3
"S01012148",764,762,2
"S01012149",763,728,35
"S01012150",886,884,2
"S01012151",546,546,0
"S01012152",708,703,5
"S01012153",499,489,10
"S01012154",499,498,1
"S01012155",487,486,1
"S01012156",681,679,2
"S01012157",778,771,7
"S01012158",642,635,7
"S01012159",578,578,0
"S01012160",726,708,18
"S01012161",454,450,4
"S01012162",721,712,9
"S01012163",450,445,5
"S01012164",356,333,23
"S01012165",961,954,7
"S01012166",649,638,11
"S01012167",727,720,7
"S01012168",1047,1017,30
"S01012169",798,797,1
"S01012170",1010,1004,6
"S01012171",943,938,5
"S01012172",826,812,14
"S01012173",703,669,34
"S01012174",1038,974,64
"S01012175",940,902,38
"S01012176",918,857,61
"S01012177",691,653,38
"S01012178",569,565,4
"S01012179",644,633,11
"S01012180",567,564,3
"S01012181",707,689,18
"S01012182",953,929,24
"S01012183",218,217,1
"S01012185",625,615,10
"S01012186",700,698,2
"S01012187",738,737,1
"S01012188",684,683,1
"S01012189",535,534,1
"S01012190",143,140,3
"S01012191",966,940,26
"S01012192",418,388,30
"S01012193",580,570,10
"S01012194",573,561,12
"S01012195",1085,1075,10
"S01012196",589,574,15
"S01012197",775,767,8
"S01012198",892,875,17
"S01012199",612,606,6
"S01012200",699,692,7
"S01012201",763,762,1
"S01012202",614,609,5
"S01012203",750,738,12
"S01012204",840,831,9
"S01012205",740,715,25
"S01012206",889,886,3
"S01012207",912,912,0
"S01012208",1024,1020,4
"S01012209",750,745,5
"S01012210",745,745,0
"S01012211",767,764,3
"S01012212",889,886,3
"S01012213",930,930,0
"S01012214",735,734,1
"S01012215",966,966,0
"S01012216",766,764,2
"S01012217",438,433,5
"S01012218",530,528,2
"S01012219",860,859,1
"S01012220",645,633,12
"S01012221",733,733,0
"S01012222",840,838,2
"S01012223",660,656,4
"S01012224",890,882,8
"S01012225",1029,1019,10
"S01012226",809,797,12
"S01012227",655,654,1
"S01012228",696,691,5
"S01012229",672,662,10
"S01012230",949,915,34
"S01012231",890,848,42
"S01012232",891,884,7
"S01012233",919,893,26
"S01012234",1069,1055,14
"S01012235",543,529,14
"S01012236",677,670,7
"S01012237",897,872,25
"S01012238",594,590,4
"S01012239",602,597,5
"S01012240",763,758,5
"S01012241",574,557,17
"S01012242",813,810,3
"S01012243",527,517,10
"S01012244",1063,1059,4
"S01012245",535,534,1
"S01012246",771,769,2
"S01012247",760,753,7
"S01012248",722,714,8
"S01012249",841,840,1
"S01012250",928,920,8
"S01012251",1200,1196,4
"S01012252",573,572,1
"S01012253",896,893,3
"S01012254",761,759,2
"S01012255",608,605,3
"S01012256",694,689,5
"S01012257",998,997,1
"S01012258",616,612,4
"S01012259",628,622,6
"S01012260",762,757,5
"S01012261",143,141,2
"S01012262",977,974,3
"S01012263",509,505,4
"S01012264",297,286,11
"S01012265",857,853,4
"S01012266",812,806,6
"S01012267",620,616,4
"S01012268",922,921,1
"S01012269",814,814,0
"S01012270",783,776,7
"S01012271",1229,1222,7
"S01012272",329,328,1
"S01012273",659,656,3
"S01012274",763,760,3
"S01012275",655,651,4
"S01012276",897,892,5
"S01012277",811,805,6
"S01012278",698,696,2
"S01012279",611,604,7
"S01012280",994,991,3
"S01012281",790,785,5
"S01012282",1153,1130,23
"S01012283",707,701,6
"S01012284",782,780,2
"S01012285",639,633,6
"S01012286",1034,1029,5
"S01012287",665,655,10
"S01012288",917,910,7
"S01012289",692,685,7
"S01012290",316,315,1
"S01012291",604,598,6
"S01012292",845,830,15
"S01012293",456,447,9
"S01012294",941,940,1
"S01012295",311,308,3
"S01012296",333,330,3
"S01012297",547,542,5
"S01012298",748,746,2
"S01012299",570,564,6
"S01012300",253,252,1
"S01012301",814,812,2
"S01012302",781,779,2
"S01012303",1007,1006,1
"S01012304",994,989,5
"S01012305",679,675,4
"S01012306",602,585,17
"S01012307",449,448,1
"S01012308",634,633,1
"S01012309",416,413,3
"S01012310",1168,1164,4
"S01012311",501,494,7
"S01012312",1047,1045,2
"S01012313",729,727,2
"S01012314",796,791,5
"S01012315",624,618,6
"S01012316",704,703,1
"S01012317",152,146,6
"S01012318",891,891,0
"S01012319",672,670,2
"S01012320",646,644,2
"S01012321",558,556,2
"S01012322",673,671,2
"S01012323",778,778,0
"S01012324",865,861,4
"S01012325",335,335,0
"S01012326",502,500,2
"S01012327",976,966,10
"S01012328",458,455,3
"S01012329",1018,1013,5
"S01012330",513,512,1
"S01012331",390,390,0
"S01012332",990,989,1
"S01012333",851,847,4
"S01012334",910,909,1
"S01012335",978,974,4
"S01012336",661,661,0
"S01012337",840,836,4
"S01012338",529,529,0
"S01012339",596,589,7
"S01012340",587,584,3
"S01012341",1336,1334,2
"S01012342",883,883,0
"S01012343",836,829,7
"S01012344",555,553,2
"S01012345",644,644,0
"S01012346",743,740,3
"S01012347",602,600,2
"S01012348",484,483,1
"S01012349",806,804,2
"S01012350",756,753,3
"S01012351",794,790,4
"S01012352",737,733,4
"S01012353",425,422,3
"S01012354",588,583,5
"S01012355",1036,1032,4
"S01012356",556,555,1
"S01012357",838,833,5
"S01012358",896,893,3
"S01012359",828,825,3
"S01012360",896,889,7
"S01012361",682,680,2
"S01012362",644,643,1
"S01012363",915,904,11
"S01012364",677,676,1
"S01012365",974,974,0
"S01012366",813,809,4
"S01012367",884,883,1
"S01012368",655,646,9
"S01012369",925,925,0
"S01012370",817,814,3
"S01012371",1013,1011,2
"S01012372",682,674,8
"S01012373",956,948,8
"S01012374",973,964,9
"S01012375",900,897,3
"S01012376",841,836,5
"S01012377",674,664,10
"S01012378",762,754,8
"S01012379",572,571,1
"S01012380",935,930,5
"S01012381",650,641,9
"S01012382",974,973,1
"S01012383",950,945,5
"S01012384",440,438,2
"S01012385",613,609,4
"S01012386",919,910,9
"S01012387",948,943,5
"S01012388",683,680,3
"S01012389",683,681,2
"S01012390",658,647,11
"S01012391",590,586,4
"S01012392",361,361,0
"S01012393",1004,997,7
"S01012394",577,555,22
"S01012395",594,582,12
"S01012396",610,603,7
"S01012397",859,847,12
"S01012398",879,853,26
"S01012399",655,646,9
"S01012400",533,522,11
"S01012401",706,684,22
"S01012402",777,774,3
"S01012403",725,723,2
"S01012404",938,932,6
"S01012405",610,605,5
"S01012406",240,239,1
"S01012407",722,716,6
"S01012408",577,573,4
"S01012409",660,657,3
"S01012410",767,757,10
"S01012411",783,778,5
"S01012412",571,565,6
"S01012413",957,957,0
"S01012414",806,801,5
"S01012415",590,583,7
"S01012416",520,514,6
"S01012417",628,623,5
"S01012418",964,955,9
"S01012419",782,781,1
"S01012420",933,932,1
"S01012421",638,637,1
"S01012422",908,907,1
"S01012423",1129,1125,4
"S01012424",861,860,1
"S01012425",660,658,2
"S01012426",525,520,5
"S01012427",718,718,0
"S01012428",753,745,8
"S01012429",498,495,3
"S01012430",576,570,6
"S01012431",796,793,3
"S01012432",785,781,4
"S01012433",545,545,0
"S01012434",728,728,0
"S01012435",524,523,1
"S01012436",322,322,0
"S01012437",648,646,2
"S01012438",876,874,2
"S01012439",797,786,11
"S01012440",431,420,11
"S01012441",925,923,2
"S01012442",697,692,5
"S01012443",683,678,5
"S01012444",887,858,29
"S01012445",116,116,0
"S01012446",543,542,1
"S01012447",695,687,8
"S01012448",764,760,4
"S01012449",393,390,3
"S01012450",957,949,8
"S01012451",927,912,15
"S01012452",540,540,0
"S01012453",714,710,4
"S01012454",726,720,6
"S01012455",627,627,0
"S01012456",848,843,5
"S01012457",902,890,12
"S01012458",831,822,9
"S01012459",720,716,4
"S01012460",596,584,12
"S01012461",573,570,3
"S01012462",782,780,2
"S01012463",662,661,1
"S01012464",698,693,5
"S01012465",796,792,4
"S01012466",796,785,11
"S01012467",711,706,5
"S01012468",917,914,3
"S01012469",827,821,6
"S01012470",874,873,1
"S01012471",804,797,7
"S01012472",747,741,6
"S01012473",576,565,11
"S01012474",743,737,6
"S01012475",719,719,0
"S01012476",1040,1037,3
"S01012477",750,738,12
"S01012478",678,677,1
"S01012479",733,722,11
"S01012480",67,67,0
"S01012481",747,738,9
"S01012482",600,600,0
"S01012483",752,738,14
"S01012484",799,791,8
"S01012485",864,863,1
"S01012486",662,662,0
"S01012487",620,613,7
"S01012488",977,977,0
"S01012489",940,917,23
"S01012490",827,816,11
"S01012491",502,497,5
"S01012492",790,781,9
"S01012493",697,694,3
"S01012494",1028,1025,3
"S01012495",1012,1011,1
"S01012496",893,893,0
"S01012497",539,539,0
"S01012498",838,835,3
"S01012499",550,549,1
"S01012500",665,664,1
"S01012501",612,612,0
"S01012502",720,708,12
"S01012503",729,723,6
"S01012504",394,390,4
"S01012505",972,972,0
"S01012506",480,479,1
"S01012507",872,869,3
"S01012508",742,739,3
"S01012509",683,678,5
"S01012510",907,904,3
"S01012511",524,524,0
"S01012512",725,714,11
"S01012513",888,875,13
"S01012514",483,483,0
"S01012515",622,622,0
"S01012516",658,641,17
"S01012517",777,743,34
"S01012518",506,505,1
"S01012519",542,518,24
"S01012520",862,862,0
"S01012521",509,504,5
"S01012522",982,980,2
"S01012523",887,881,6
"S01012524",941,939,2
"S01012525",796,789,7
"S01012526",781,779,2
"S01012527",692,687,5
"S01012528",839,839,0
"S01012529",830,821,9
"S01012530",924,922,2
"S01012531",649,639,10
"S01012532",954,948,6
"S01012533",355,354,1
"S01012534",602,602,0
"S01012535",562,562,0
"S01012536",793,793,0
"S01012537",875,871,4
"S01012538",940,929,11
"S01012539",856,855,1
"S01012540",768,767,1
"S01012541",771,770,1
"S01012542",871,870,1
"S01012543",717,714,3
"S01012544",499,497,2
"S01012545",414,413,1
"S01012546",842,838,4
"S01012547",778,764,14
"S01012548",962,957,5
"S01012549",469,464,5
"S01012550",979,974,5
"S01012551",886,872,14
"S01012552",969,964,5
"S01012553",639,630,9
"S01012554",512,510,2
"S01012555",765,765,0
"S01012556",448,445,3
"S01012557",827,827,0
"S01012558",483,482,1
"S01012559",613,606,7
"S01012560",755,754,1
"S01012561",614,613,1
"S01012562",760,758,2
"S01012563",610,603,7
"S01012564",838,834,4
"S01012565",621,613,8
"S01012566",929,915,14
"S01012567",783,781,2
"S01012568",628,625,3
"S01012569",712,700,12
"S01012570",615,615,0
"S01012571",683,680,3
"S01012572",516,513,3
"S01012573",950,944,6
"S01012574",969,962,7
"S01012575",522,522,0
"S01012576",537,532,5
"S01012577",751,744,7
"S01012578",998,989,9
"S01012579",667,662,5
"S01012580",732,731,1
"S01012581",792,784,8
"S01012582",625,622,3
"S01012583",743,739,4
"S01012584",638,638,0
"S01012585",889,878,11
"S01012586",1000,996,4
"S01012587",667,665,2
"S01012588",579,577,2
"S01012589",748,740,8
"S01012590",725,725,0
"S01012591",747,743,4
"S01012592",336,334,2
"S01012593",826,823,3
"S01012594",648,640,8
"S01012595",553,545,8
"S01012596",698,690,8
"S01012597",158,155,3
"S01012598",682,677,5
"S01012599",644,626,18
"S01012600",728,709,19
"S01012601",860,851,9
"S01012602",642,637,5
"S01012603",699,699,0
"S01012604",719,712,7
"S01012605",600,594,6
"S01012606",316,316,0
"S01012607",817,812,5
"S01012608",853,851,2
"S01012609",884,878,6
"S01012610",873,861,12
"S01012611",996,989,7
"S01012612",976,957,19
"S01012613",629,629,0
"S01012614",833,825,8
"S01012615",674,660,14
"S01012616",711,707,4
"S01012617",352,346,6
"S01012618",576,573,3
"S01012619",563,559,4
"S01012620",772,763,9
"S01012621",651,647,4
"S01012622",795,790,5
"S01012623",463,458,5
"S01012624",721,717,4
"S01012625",566,560,6
"S01012626",563,558,5
"S01012627",564,563,1
"S01012628",359,359,0
"S01012629",426,426,0
"S01012630",799,792,7
"S01012631",991,987,4
"S01012632",551,546,5
"S01012633",760,757,3
"S01012634",545,532,13
"S01012635",902,891,11
"S01012636",572,568,4
"S01012637",856,850,6
"S01012638",941,937,4
"S01012639",876,874,2
"S01012640",821,819,2
"S01012641",880,880,0
"S01012642",881,878,3
"S01012643",387,387,0
"S01012644",475,473,2
"S01012645",715,698,17
"S01012646",687,677,10
"S01012648",598,598,0
"S01012649",691,690,1
"S01012650",578,571,7
"S01012651",640,637,3
"S01012652",1055,1039,16
"S01012653",875,867,8
"S01012654",716,697,19
"S01012655",978,968,10
"S01012656",802,798,4
"S01012657",537,531,6
"S01012658",972,964,8
"S01012659",799,769,30
"S01012660",721,716,5
"S01012661",812,808,4
"S01012662",861,860,1
"S01012663",713,706,7
"S01012664",868,864,4
"S01012665",834,828,6
"S01012666",781,777,4
"S01012667",611,610,1
"S01012668",786,776,10
"S01012669",817,817,0
"S01012670",716,705,11
"S01012671",873,872,1
"S01012672",451,450,1
"S01012673",697,697,0
"S01012674",622,620,2
"S01012675",828,823,5
"S01012676",828,827,1
"S01012677",480,480,0
"S01012678",824,824,0
"S01012679",718,717,1
"S01012680",245,245,0
"S01012681",537,537,0
"S01012682",654,644,10
"S01012683",787,778,9
"S01012684",691,681,10
"S01012685",703,703,0
"S01012686",867,864,3
"S01012687",600,600,0
"S01012688",794,780,14
"S01012689",556,551,5
"S01012690",542,542,0
"S01012691",719,710,9
"S01012692",697,694,3
"S01012693",1008,998,10
"S01012694",478,469,9
"S01012695",916,913,3
"S01012696",667,662,5
"S01012697",505,504,1
"S01012698",955,953,2
"S01012699",1225,1220,5
"S01012700",903,889,14
"S01012701",753,733,20
"S01012702",292,291,1
"S01012703",627,593,34
"S01012704",711,709,2
"S01012705",755,714,41
"S01012706",723,721,2
"S01012707",984,959,25
"S01012708",953,945,8
"S01012709",616,602,14
"S01012710",708,702,6
"S01012711",816,810,6
"S01012712",1016,969,47
"S01012713",699,687,12
"S01012714",663,655,8
"S01012715",713,689,24
"S01012716",903,871,32
"S01012717",789,772,17
"S01012718",748,743,5
"S01012719",633,607,26
"S01012720",425,400,25
"S01012721",675,675,0
"S01012722",797,786,11
"S01012723",738,731,7
"S01012724",763,757,6
"S01012725",830,820,10
"S01012726",601,596,5
"S01012727",731,728,3
"S01012728",903,895,8
"S01012729",867,841,26
"S01012730",774,771,3
"S01012731",629,622,7
"S01012732",872,867,5
"S01012735",624,622,2
"S01012736",954,940,14
"S01012737",740,736,4
"S01012738",622,612,10
"S01012741",686,674,12
"S01012742",789,770,19
"S01012743",681,678,3
"S01012744",786,761,25
"S01012745",658,654,4
"S01012746",714,700,14
"S01012747",943,941,2
"S01012748",944,939,5
"S01012749",886,881,5
"S01012750",675,654,21
"S01012751",883,876,7
"S01012752",693,688,5
"S01012753",444,443,1
"S01012754",593,590,3
"S01012755",490,489,1
"S01012756",513,512,1
"S01012757",519,518,1
"S01012758",641,639,2
"S01012759",744,742,2
"S01012760",957,936,21
"S01012761",797,791,6
"S01012762",750,750,0
"S01012763",634,632,2
"S01012764",654,654,0
"S01012765",781,779,2
"S01012766",417,415,2
"S01012767",824,813,11
"S01012768",726,725,1
"S01012769",114,114,0
"S01012770",789,787,2
"S01012771",791,790,1
"S01012772",760,759,1
"S01012773",1071,1064,7
"S01012774",1012,1003,9
"S01012775",492,485,7
"S01012776",860,859,1
"S01012777",444,440,4
"S01012778",278,278,0
"S01012779",522,521,1
"S01012780",707,699,8
"S01012781",623,620,3
"S01012782",725,720,5
"S01012783",866,857,9
"S01012784",565,563,2
"S01012785",748,742,6
"S01012786",471,470,1
"S01012787",378,377,1
"S01012788",634,627,7
"S01012789",597,579,18
"S01012790",398,388,10
"S01012791",1039,1030,9
"S01012792",979,975,4
"S01012793",655,641,14
"S01012794",282,281,1
"S01012795",1134,1133,1
"S01012796",210,210,0
"S01012797",652,652,0
"S01012798",881,863,18
"S01012799",786,762,24
"S01012800",689,669,20
"S01012801",85,82,3
"S01012802",555,511,44
"S01012803",810,785,25
"S01012804",829,818,11
"S01012805",943,941,2
"S01012806",907,899,8
"S01012807",540,484,56
"S01012808",1072,1056,16
"S01012809",634,620,14
"S01012810",769,762,7
"S01012811",833,833,0
"S01012812",662,646,16
"S01012813",832,828,4
"S01012814",761,752,9
"S01012815",298,297,1
"S01012816",325,324,1
"S01012817",196,187,9
"S01012818",615,601,14
"S01012819",838,830,8
"S01012820",871,871,0
"S01012822",309,307,2
"S01012823",513,507,6
"S01012824",480,480,0
"S01012825",399,395,4
"S01012826",216,215,1
"S01012827",122,122,0
"S01012828",563,555,8
"S01012829",765,762,3
"S01012830",599,598,1
"S01012831",668,663,5
"S01012832",548,548,0
"S01012833",780,779,1
"S01012834",517,512,5
"S01012835",1049,1045,4
"S01012837",785,782,3
"S01012838",870,859,11
"S01012839",797,789,8
"S01012840",276,274,2
"S01012841",691,686,5
"S01012842",579,545,34
"S01012843",907,896,11
"S01012844",786,783,3
"S01012845",755,738,17
"S01012846",895,884,11
"S01012847",621,619,2
"S01012848",398,392,6
"S01012849",472,472,0
"S01012850",871,864,7
"S01012851",842,828,14
"S01012852",830,812,18
"S01012853",750,738,12
"S01012854",756,745,11
"S01012855",616,602,14
"S01012856",634,631,3
"S01012857",804,789,15
"S01012858",699,679,20
"S01012859",733,728,5
"S01012860",1044,1021,23
"S01012861",678,650,28
"S01012862",517,515,2
"S01012863",650,639,11
"S01012864",779,774,5
"S01012865",775,769,6
"S01012866",861,850,11
"S01012867",820,819,1
"S01012868",613,608,5
"S01012869",614,612,2
"S01012870",980,973,7
"S01012871",896,880,16
"S01012872",1006,953,53
"S01012873",780,728,52
"S01012874",840,835,5
"S01012875",557,541,16
"S01012876",849,848,1
"S01012877",786,785,1
"S01012878",958,952,6
"S01012879",691,690,1
"S01012880",872,860,12
"S01012881",704,697,7
"S01012882",674,665,9
"S01012883",674,670,4
"S01012884",564,564,0
"S01012885",559,557,2
"S01012886",898,880,18
"S01012887",744,738,6
"S01012888",841,834,7
"S01012889",571,552,19
"S01012890",638,631,7
"S01012891",462,462,0
"S01012892",1165,1161,4
"S01012893",702,699,3
"S01012894",212,209,3
"S01012895",268,264,4
"S01012896",925,921,4
"S01012897",482,480,2
"S01012899",749,745,4
"S01012900",1063,1043,20
"S01012901",769,760,9
"S01012902",795,792,3
"S01012903",934,924,10
"S01012904",868,859,9
"S01012905",505,504,1
"S01012906",1130,1128,2
"S01012907",724,724,0
"S01012908",747,743,4
"S01012909",651,640,11
"S01012910",845,837,8
"S01012911",796,796,0
"S01012912",840,839,1
"S01012913",825,817,8
"S01012914",712,703,9
"S01012915",650,643,7
"S01012916",757,749,8
"S01012917",786,769,17
"S01012918",685,685,0
"S01012919",509,504,5
"S01012920",552,546,6
"S01012921",612,612,0
"S01012922",761,752,9
"S01012923",768,758,10
"S01012924",571,571,0
"S01012925",549,549,0
"S01012926",765,761,4
"S01012927",827,812,15
"S01012928",773,751,22
"S01012929",800,791,9
"S01012930",810,799,11
"S01012931",822,815,7
"S01012932",749,725,24
"S01012933",846,840,6
"S01012934",762,756,6
"S01012935",901,885,16
"S01012936",638,627,11
"S01012937",739,720,19
"S01012938",583,554,29
"S01012939",666,619,47
"S01012940",770,731,39
"S01012941",646,610,36
"S01012942",803,796,7
"S01012943",762,732,30
"S01012944",555,539,16
"S01012945",759,730,29
"S01012946",808,778,30
"S01012947",513,495,18
"S01012948",643,641,2
"S01012949",916,908,8
"S01012950",598,595,3
"S01012952",575,562,13
"S01012953",697,680,17
"S01012954",513,503,10
"S01012955",249,232,17
"S01012956",999,991,8
"S01012957",689,685,4
"S01012958",470,465,5
"S01012959",660,654,6
"S01012960",697,688,9
"S01012961",538,537,1
"S01012962",724,722,2
"S01012963",526,511,15
"S01012964",157,151,6
"S01012965",509,499,10
"S01012966",765,753,12
"S01012967",655,647,8
"S01012968",726,716,10
"S01012969",791,786,5
"S01012970",661,656,5
"S01012971",918,909,9
"S01012972",667,664,3
"S01012973",869,864,5
"S01012974",958,953,5
"S01012975",663,657,6
"S01012976",434,432,2
"S01012977",808,805,3
"S01012978",1126,1114,12
"S01012979",587,577,10
"S01012980",713,709,4
"S01012981",787,786,1
"S01012982",891,885,6
"S01012983",791,784,7
"S01012984",690,687,3
"S01012985",884,882,2
"S01012986",778,778,0
"S01012987",892,882,10
"S01012988",792,787,5
"S01012989",1036,1024,12
"S01012990",653,644,9
"S01012991",812,806,6
"S01012992",784,784,0
"S01012993",760,758,2
"S01012994",914,902,12
"S01012995",931,917,14
"S01012996",787,772,15
"S01012997",522,514,8
"S01012998",784,782,2
"S01012999",527,521,6
"S01013000",734,730,4
"S01013001",330,330,0
"S01013002",568,567,1
"S01013003",568,565,3
"S01013004",818,816,2
"S01013005",807,790,17
"S01013006",698,695,3
"S01013007",1009,998,11
"S01013008",497,487,10
"S01013009",519,515,4
"S01013010",484,484,0
"S01013011",277,277,0
"S01013012",487,487,0
"S01013013",911,909,2
"S01013014",712,708,4
"S01013015",761,754,7
"S01013016",572,571,1
"S01013017",802,801,1
"S01013018",922,919,3
"S01013019",764,754,10
"S01013020",472,471,1
"S01013021",471,467,4
"S01013022",105,105,0
"S01013023",863,845,18
"S01013024",635,630,5
"S01013025",316,315,1
"S01013026",486,478,8
"S01013027",1106,1103,3
"S01013028",735,730,5
"S01013029",720,720,0
"S01013030",543,533,10
"S01013031",749,749,0
"S01013032",375,375,0
"S01013033",518,518,0
"S01013034",689,688,1
"S01013035",847,842,5
"S01013036",802,799,3
"S01013037",819,818,1
"S01013038",973,967,6
"S01013039",612,589,23
"S01013040",662,661,1
"S01013041",620,608,12
"S01013042",599,594,5
"S01013043",756,739,17
"S01013044",896,880,16
"S01013045",551,531,20
"S01013046",587,579,8
"S01013047",957,921,36
"S01013048",857,837,20
"S01013049",858,846,12
"S01013050",789,776,13
"S01013051",933,923,10
"S01013052",704,696,8
"S01013053",602,602,0
"S01013054",872,866,6
"S01013055",660,647,13
"S01013056",948,929,19
"S01013057",1022,999,23
"S01013058",258,254,4
"S01013059",671,660,11
"S01013060",400,398,2
"S01013061",893,870,23
"S01013062",784,772,12
"S01013063",771,757,14
"S01013064",780,776,4
"S01013065",868,855,13
"S01013066",591,567,24
"S01013067",675,657,18
"S01013068",699,685,14
"S01013069",605,591,14
"S01013070",512,482,30
"S01013071",890,864,26
"S01013072",562,559,3
"S01013073",699,697,2
"S01013074",606,605,1
"S01013075",1064,1056,8
"S01013076",543,516,27
"S01013077",773,762,11
"S01013078",452,449,3
"S01013079",240,233,7
"S01013080",574,564,10
"S01013081",537,518,19
"S01013082",882,864,18
"S01013083",1052,1004,48
"S01013084",762,739,23
"S01013085",677,630,47
"S01013086",830,800,30
"S01013087",949,896,53
"S01013088",919,904,15
"S01013089",754,745,9
"S01013090",680,658,22
"S01013091",244,239,5
"S01013092",581,573,8
"S01013093",603,589,14
"S01013094",646,644,2
"S01013095",726,712,14
"S01013096",628,613,15
"S01013097",754,749,5
"S01013099",859,839,20
"S01013100",636,626,10
"S01013101",1036,1016,20
"S01013102",668,665,3
"S01013103",830,817,13
"S01013104",985,982,3
"S01013105",897,893,4
"S01013106",771,768,3
"S01013107",677,676,1
"S01013108",666,664,2
"S01013109",910,904,6
"S01013110",752,747,5
"S01013111",472,459,13
"S01013112",404,400,4
"S01013113",860,859,1
"S01013114",706,702,4
"S01013115",451,451,0
"S01013116",1033,1030,3
"S01013117",308,307,1
"S01013118",947,932,15
"S01013119",755,751,4
"S01013120",939,937,2
"S01013121",398,397,1
"S01013122",660,660,0
"S01013123",817,809,8
"S01013124",796,795,1
"S01013125",869,868,1
"S01013126",754,751,3
"S01013127",714,714,0
"S01013128",560,549,11
"S01013129",862,856,6
"S01013130",790,782,8
"S01013131",744,739,5
"S01013132",587,575,12
"S01013133",689,685,4
"S01013134",823,804,19
"S01013135",891,882,9
"S01013136",980,979,1
"S01013137",795,794,1
"S01013138",780,778,2
"S01013139",918,899,19
"S01013140",861,850,11
"S01013141",744,743,1
"S01013142",769,767,2
"S01013143",912,902,10
"S01013144",942,941,1
"S01013145",835,831,4
"S01013146",388,387,1
"S01013147",736,720,16
"S01013148",766,763,3
"S01013149",766,763,3
"S01013150",822,818,4
"S01013151",572,561,11
"S01013152",559,552,7
"S01013153",828,827,1
"S01013154",939,932,7
"S01013155",971,968,3
"S01013156",931,929,2
"S01013157",896,893,3
"S01013158",889,882,7
"S01013159",928,902,26
"S01013160",477,477,0
"S01013161",994,989,5
"S01013162",818,813,5
"S01013163",753,753,0
"S01013164",983,974,9
"S01013165",807,806,1
"S01013166",460,454,6
"S01013167",780,776,4
"S01013168",1163,1151,12
"S01013169",757,755,2
"S01013170",594,590,4
"S01013171",790,782,8
"S01013172",841,832,9
"S01013173",875,869,6
"S01013174",856,850,6
"S01013175",858,857,1
"S01013176",817,811,6
"S01013177",655,649,6
"S01013178",519,518,1
"S01013179",1115,1111,4
"S01013180",523,514,9
"S01013181",759,757,2
"S01013182",764,761,3
"S01013183",828,820,8
"S01013184",627,625,2
"S01013185",869,863,6
"S01013186",826,824,2
"S01013187",679,679,0
"S01013188",998,978,20
"S01013189",473,470,3
"S01013190",795,794,1
"S01013191",774,770,4
"S01013192",1004,1000,4
"S01013193",556,555,1
"S01013194",641,637,4
"S01013195",846,839,7
"S01013196",636,633,3
"S01013197",624,619,5
"S01013198",955,949,6
"S01013199",903,891,12
"S01013200",838,833,5
"S01013201",702,702,0
"S01013202",653,636,17
"S01013203",707,700,7
"S01013204",908,903,5
"S01013205",410,410,0
"S01013206",757,756,1
"S01013207",918,912,6
"S01013208",680,680,0
"S01013209",786,779,7
"S01013210",652,648,4
"S01013211",937,919,18
"S01013212",373,364,9
"S01013213",585,581,4
"S01013214",422,417,5
"S01013215",1080,1053,27
"S01013216",652,651,1
"S01013217",723,723,0
"S01013218",659,658,1
"S01013219",681,666,15
"S01013220",731,726,5
"S01013221",932,932,0
"S01013222",430,427,3
"S01013223",860,858,2
"S01013224",846,842,4
"S01013225",683,682,1
"S01013226",198,198,0
"S01013227",650,648,2
"S01013228",863,860,3
"S01013229",856,850,6
"S01013230",727,722,5
"S01013231",743,741,2
"S01013232",817,808,9
"S01013233",535,528,7
"S01013235",793,784,9
"S01013236",890,881,9
"S01013237",796,789,7
"S01013238",842,837,5
"S01013239",928,928,0
"S01013240",534,531,3
"S01013241",976,965,11
"S01013242",650,650,0
"S01013243",762,755,7
"S01013244",781,769,12
"S01013245",877,873,4
"S01013246",338,336,2
"S01013247",806,804,2
"S01013248",626,626,0
"S01013249",498,497,1
"S01013250",804,801,3
"S01013251",554,543,11
"S01013252",684,672,12
"S01013253",677,664,13
"S01013254",655,640,15
"S01013255",678,674,4
"S01013256",513,509,4
"S01013257",646,645,1
"S01013258",785,780,5
"S01013259",874,869,5
"S01013260",1127,1118,9
"S01013261",739,715,24
"S01013262",643,642,1
"S01013263",312,308,4
"S01013264",300,284,16
"S01013265",350,337,13
"S01013266",309,293,16
"S01013267",709,700,9
"S01013268",835,825,10
"S01013269",982,970,12
"S01013270",698,664,34
"S01013271",488,469,19
"S01013272",673,653,20
"S01013273",686,678,8
"S01013274",876,857,19
"S01013275",796,774,22
"S01013276",633,625,8
"S01013277",1006,982,24
"S01013278",696,677,19
"S01013279",738,723,15
"S01013280",656,626,30
"S01013281",955,946,9
"S01013282",855,841,14
"S01013283",524,521,3
"S01013284",679,668,11
"S01013285",664,656,8
"S01013286",725,717,8
"S01013287",855,848,7
"S01013288",700,695,5
"S01013289",708,699,9
"S01013290",864,857,7
"S01013291",654,650,4
"S01013292",768,758,10
"S01013293",743,727,16
"S01013294",718,708,10
"S01013295",846,839,7
"S01013296",768,766,2
"S01013297",595,594,1
"S01013298",905,894,11
"S01013299",935,930,5
"S01013300",548,547,1
"S01013301",504,501,3
"S01013302",665,655,10
"S01013303",964,953,11
"S01013304",820,814,6
"S01013305",857,849,8
"S01013306",829,827,2
"S01013307",981,962,19
"S01013308",397,395,2
"S01013309",594,587,7
"S01013310",585,582,3
"S01013311",674,665,9
"S01013312",1178,1144,34
"S01013313",666,662,4
"S01013314",832,815,17
"S01013316",725,702,23
"S01013317",502,494,8
"S01013318",545,525,20
"S01013319",454,429,25
"S01013320",886,865,21
"S01013321",458,445,13
"S01013322",845,817,28
"S01013323",870,843,27
"S01013324",677,660,17
"S01013325",679,658,21
"S01013326",565,552,13
"S01013327",739,717,22
"S01013328",688,675,13
"S01013329",603,598,5
"S01013330",821,800,21
"S01013331",571,542,29
"S01013332",722,692,30
"S01013333",602,592,10
"S01013334",771,767,4
"S01013335",997,980,17
"S01013336",1003,988,15
"S01013337",835,768,67
"S01013338",206,205,1
"S01013339",636,611,25
"S01013340",841,815,26
"S01013341",621,550,71
"S01013342",735,729,6
"S01013343",618,613,5
"S01013344",606,597,9
"S01013345",812,804,8
"S01013346",729,706,23
"S01013347",628,613,15
"S01013348",716,703,13
"S01013349",220,213,7
"S01013350",409,408,1
"S01013351",819,812,7
"S01013352",959,943,16
"S01013353",709,701,8
"S01013354",583,575,8
"S01013355",633,628,5
"S01013356",594,593,1
"S01013357",397,397,0
"S01013358",657,655,2
"S01013359",692,688,4
"S01013360",737,737,0
"S01013361",555,553,2
"S01013362",513,513,0
"S01013363",715,712,3
"S01013364",650,639,11
"S01013365",1182,1169,13
"S01013366",792,792,0
"S01013367",628,606,22
"S01013368",515,509,6
"S01013369",905,904,1
"S01013370",586,582,4
"S01013371",671,666,5
"S01013372",913,906,7
"S01013373",881,868,13
"S01013374",930,920,10
"S01013375",686,677,9
"S01013376",531,528,3
"S01013377",803,797,6
"S01013378",873,863,10
"S01013379",929,923,6
"S01013380",640,637,3
"S01013381",625,617,8
"S01013382",203,195,8
"S01013383",716,715,1
"S01013384",647,632,15
"S01013385",524,522,2
"S01013386",618,618,0
"S01013387",634,633,1
"S01013388",652,645,7
"S01013389",813,812,1
"S01013390",381,381,0
"S01013391",912,907,5
"S01013392",77,77,0
"S01013393",515,512,3
"S01013394",701,701,0
"S01013395",641,641,0
"S01013396",153,152,1
"S01013397",665,664,1
"S01013398",164,161,3
"S01013399",375,375,0
"S01013400",596,595,1
"S01013401",260,260,0
"S01013404",76,76,0
"S01013405",707,694,13
"S01013406",678,675,3
"S01013407",570,570,0
"S01013408",789,782,7
"S01013409",864,849,15
"S01013410",115,115,0
"S01013411",530,524,6
"S01013412",731,729,2
"S01013413",568,566,2
"S01013414",676,676,0
"S01013415",606,605,1
"S01013416",588,577,11
"S01013417",733,723,10
"S01013418",511,499,12
"S01013419",526,517,9
"S01013420",437,432,5
"S01013421",510,498,12
"S01013422",782,779,3
"S01013423",826,821,5
"S01013424",573,545,28
"S01013425",367,367,0
"S01013426",818,815,3
"S01013427",318,315,3
"S01013428",626,620,6
"S01013429",242,241,1
"S01013430",416,416,0
"S01013431",1074,1067,7
"S01013432",678,672,6
"S01013433",680,677,3
"S01013434",489,485,4
"S01013435",755,751,4
"S01013436",784,779,5
"S01013437",593,584,9
"S01013438",582,573,9
"S01013439",965,962,3
"S01013440",1071,1063,8
"S01013441",679,667,12
"S01013442",788,782,6
"S01013443",497,492,5
"S01013444",894,887,7
"S01013445",720,719,1
"S01013446",741,718,23
"S01013447",566,557,9
"S01013448",733,723,10
"S01013449",691,687,4
"S01013450",631,631,0
"S01013451",972,962,10
"S01013452",799,786,13
"S01013453",765,761,4
"S01013454",705,697,8
"S01013455",502,499,3
"S01013456",784,773,11
"S01013457",911,908,3
"S01013458",758,755,3
"S01013459",799,788,11
"S01013460",853,851,2
"S01013461",849,832,17
"S01013462",867,853,14
"S01013463",190,180,10
"S01013464",739,734,5
"S01013465",747,740,7
"S01013466",532,530,2
"S01013467",410,406,4
"S01013468",550,545,5
"S01013469",862,856,6
"S01013470",820,812,8
"S01013471",900,896,4
"S01013472",276,264,12
"S01013473",143,141,2
"S01013474",287,283,4
"S01013475",714,698,16
"S01013476",679,665,14
"S01013477",562,553,9
"S01013478",761,756,5
"S01013479",789,784,5
"S01013480",657,656,1
"S01013481",332,328,4
