dz_2011,total,white,nonwhite
S01006506,872,844,28
S01006507,1042,989,53
S01006508,888,848,40
S01006509,693,662,31
S01006510,748,725,23
S01006511,1083,1041,42
S01006512,395,378,17
S01006513,1166,1110,56
S01006514,1240,1174,66
S01006515,1123,1041,82
S01006516,910,858,52
S01006517,1014,964,50
S01006518,957,897,60
S01006519,865,777,88
S01006520,883,774,109
S01006521,743,695,48
S01006522,574,545,29
S01006523,1501,1419,82
S01006524,1320,1239,81
S01006525,1289,1187,102
S01006526,1404,1278,126
S01006527,1328,1222,106
S01006528,1127,957,170
S01006529,1086,919,167
S01006530,1133,1025,108
S01006531,1311,1182,129
S01006532,1002,917,85
S01006533,837,800,37
S01006534,910,873,37
S01006535,1105,1011,94
S01006536,1347,1235,112
S01006537,847,816,31
S01006538,664,635,29
S01006539,1025,989,36
S01006540,1264,1161,103
S01006541,952,925,27
S01006542,1001,926,75
S01006543,1075,1017,58
S01006544,1430,1270,160
S01006545,1276,1159,117
S01006546,1128,1098,30
S01006547,1461,1368,93
S01006548,721,702,19
S01006549,927,885,42
S01006550,1181,1144,37
S01006551,1009,953,56
S01006552,1252,1129,123
S01006553,1027,945,82
S01006554,942,855,87
S01006555,1019,877,142
S01006556,976,909,67
S01006557,799,743,56
S01006558,843,804,39
S01006559,703,663,40
S01006560,1033,946,87
S01006561,852,781,71
S01006562,978,917,61
S01006563,1023,876,147
S01006564,1190,1025,165
S01006565,1206,1033,173
S01006566,832,749,83
S01006567,1211,1015,196
S01006568,1135,983,152
S01006569,748,660,88
S01006570,899,782,117
S01006571,1237,1129,108
S01006572,1371,1303,68
S01006573,724,690,34
S01006574,1001,943,58
S01006575,1180,1104,76
S01006576,902,840,62
S01006577,904,836,68
S01006578,1744,1534,210
S01006579,1367,1139,228
S01006580,855,780,75
S01006581,1344,1276,68
S01006582,695,539,156
S01006583,1091,909,182
S01006584,919,811,108
S01006585,872,769,103
S01006586,941,809,132
S01006587,658,542,116
S01006588,915,718,197
S01006589,1330,1144,186
S01006590,649,555,94
S01006591,880,746,134
S01006592,654,581,73
S01006593,923,789,134
S01006594,794,714,80
S01006595,1031,905,126
S01006596,924,850,74
S01006597,790,720,70
S01006598,1295,1143,152
S01006599,1157,1033,124
S01006600,1424,1313,111
S01006601,1002,915,87
S01006602,1044,953,91
S01006603,1337,1280,57
S01006604,920,880,40
S01006605,929,894,35
S01006606,1244,1179,65
S01006607,1260,1225,35
S01006608,1555,1444,111
S01006609,1352,1323,29
S01006610,701,672,29
S01006611,1111,1059,52
S01006612,997,958,39
S01006613,453,439,14
S01006614,908,849,59
S01006615,402,391,11
S01006616,755,722,33
S01006617,994,985,9
S01006618,514,495,19
S01006619,948,941,7
S01006620,1020,987,33
S01006621,748,708,40
S01006622,669,633,36
S01006623,1410,1358,52
S01006624,959,909,50
S01006625,844,812,32
S01006626,866,834,32
S01006627,859,795,64
S01006628,1410,1257,153
S01006629,959,921,38
S01006630,852,831,21
S01006631,1102,1062,40
S01006632,1045,1004,41
S01006633,950,916,34
S01006634,870,842,28
S01006635,1040,987,53
S01006636,1084,1038,46
S01006637,753,675,78
S01006638,1111,969,142
S01006639,1006,896,110
S01006640,817,670,147
S01006641,1351,1156,195
S01006642,1373,1136,237
S01006643,1248,1085,163
S01006644,1031,880,151
S01006645,1548,1319,229
S01006646,1369,1108,261
S01006647,961,823,138
S01006648,2018,1707,311
S01006649,1204,1009,195
S01006650,1422,1186,236
S01006651,776,643,133
S01006652,826,693,133
S01006653,818,700,118
S01006654,914,824,90
S01006655,724,644,80
S01006656,1095,916,179
S01006657,599,511,88
S01006658,1280,1041,239
S01006659,883,781,102
S01006660,833,673,160
S01006661,736,627,109
S01006662,942,754,188
S01006663,1309,1094,215
S01006664,511,442,69
S01006665,935,804,131
S01006666,1818,1611,207
S01006667,1260,1108,152
S01006668,908,767,141
S01006669,1334,1100,234
S01006670,929,820,109
S01006671,2611,2208,403
S01006672,810,724,86
S01006673,973,807,166
S01006674,1048,981,67
S01006675,774,702,72
S01006676,881,782,99
S01006677,723,650,73
S01006678,1273,1184,89
S01006679,945,877,68
S01006680,971,904,67
S01006681,1097,1042,55
S01006682,956,873,83
S01006683,1283,1144,139
S01006684,870,777,93
S01006685,910,846,64
S01006686,952,876,76
S01006687,1000,890,110
S01006688,1041,1005,36
S01006689,629,546,83
S01006690,795,710,85
S01006691,918,827,91
S01006692,862,795,67
S01006693,1274,1125,149
S01006694,1144,1079,65
S01006695,712,622,90
S01006696,1150,1017,133
S01006697,1163,1018,145
S01006698,936,832,104
S01006699,784,642,142
S01006700,1228,1119,109
S01006701,1040,973,67
S01006702,934,896,38
S01006703,773,684,89
S01006704,805,783,22
S01006705,944,915,29
S01006706,809,749,60
S01006707,685,629,56
S01006708,865,776,89
S01006709,1245,1172,73
S01006710,1064,1029,35
S01006711,1125,1102,23
S01006712,631,608,23
S01006713,939,918,21
S01006714,900,855,45
S01006715,1123,1070,53
S01006716,606,570,36
S01006717,1068,1009,59
S01006718,627,583,44
S01006719,1031,987,44
S01006720,745,705,40
S01006721,942,905,37
S01006722,856,798,58
S01006723,987,942,45
S01006724,1367,1315,52
S01006725,960,917,43
S01006726,1391,1329,62
S01006727,1370,1328,42
S01006728,887,818,69
S01006729,986,922,64
S01006730,778,706,72
S01006731,503,495,8
S01006732,1494,1423,71
S01006733,911,813,98
S01006734,1147,1014,133
S01006735,929,842,87
S01006736,1318,1188,130
S01006737,1059,966,93
S01006738,829,781,48
S01006739,607,573,34
S01006740,1039,1030,9
S01006741,754,740,14
S01006742,460,453,7
S01006743,1081,1051,30
S01006744,662,653,9
S01006745,1048,1032,16
S01006746,846,830,16
S01006747,1141,1124,17
S01006748,1163,1099,64
S01006749,1351,1291,60
S01006750,812,774,38
S01006751,509,492,17
S01006752,810,779,31
S01006753,913,893,20
S01006754,1132,1117,15
S01006755,1090,1053,37
S01006756,990,893,97
S01006757,1306,1272,34
S01006758,694,666,28
S01006759,1334,1237,97
S01006760,593,565,28
S01006761,927,914,13
S01006762,939,908,31
S01006763,1100,1010,90
S01006764,790,733,57
S01006765,725,707,18
S01006766,608,583,25
S01006767,869,840,29
S01006768,599,553,46
S01006769,1283,1200,83
S01006770,655,646,9
S01006771,563,500,63
S01006772,1218,1156,62
S01006773,734,676,58
S01006774,861,790,71
S01006775,758,741,17
S01006776,662,642,20
S01006777,918,903,15
S01006778,867,842,25
S01006779,1058,1008,50
S01006780,868,836,32
S01006781,972,914,58
S01006782,1016,897,119
S01006783,672,645,27
S01006784,706,681,25
S01006785,785,735,50
S01006786,1087,1014,73
S01006787,969,898,71
S01006788,646,571,75
S01006789,942,926,16
S01006790,980,973,7
S01006791,536,532,4
S01006792,696,687,9
S01006793,619,607,12
S01006794,775,773,2
S01006795,777,757,20
S01006796,795,792,3
S01006797,752,749,3
S01006798,738,731,7
S01006799,1053,1048,5
S01006800,960,940,20
S01006801,1414,1401,13
S01006802,675,671,4
S01006803,766,752,14
S01006804,1274,1259,15
S01006805,1346,1314,32
S01006806,1095,1085,10
S01006807,620,615,5
S01006808,973,961,12
S01006809,975,961,14
S01006810,1010,997,13
S01006811,1090,1075,15
S01006812,835,816,19
S01006813,996,991,5
S01006814,1109,1085,24
S01006815,753,748,5
S01006816,944,930,14
S01006817,865,846,19
S01006818,719,711,8
S01006819,1266,1242,24
S01006820,640,633,7
S01006821,1161,1135,26
S01006822,759,751,8
S01006823,885,871,14
S01006824,736,729,7
S01006825,1017,1005,12
S01006826,1310,1298,12
S01006827,1041,1018,23
S01006828,1011,990,21
S01006829,706,688,18
S01006830,634,633,1
S01006831,1231,1216,15
S01006832,1029,1015,14
S01006833,730,711,19
S01006834,336,325,11
S01006835,1291,1259,32
S01006836,514,503,11
S01006837,1004,982,22
S01006838,979,967,12
S01006839,933,922,11
S01006840,1211,1207,4
S01006841,1332,1295,37
S01006842,996,977,19
S01006843,965,949,16
S01006844,671,648,23
S01006845,1033,1018,15
S01006846,890,865,25
S01006847,807,798,9
S01006848,1396,1331,65
S01006849,1300,1243,57
S01006850,1119,1082,37
S01006851,805,778,27
S01006852,595,581,14
S01006853,948,916,32
S01006854,1601,1583,18
S01006855,790,782,8
S01006856,942,925,17
S01006857,1052,1033,19
S01006858,642,629,13
S01006859,1439,1416,23
S01006860,692,681,11
S01006861,861,845,16
S01006862,933,918,15
S01006863,1291,1255,36
S01006864,148,148,0
S01006865,938,919,19
S01006866,636,630,6
S01006867,1210,1185,25
S01006868,879,874,5
S01006869,581,565,16
S01006870,630,624,6
S01006871,1006,990,16
S01006872,1639,1609,30
S01006873,1250,1233,17
S01006874,584,582,2
S01006875,1009,1000,9
S01006876,1121,1115,6
S01006877,1101,1090,11
S01006878,958,954,4
S01006879,1135,1130,5
S01006880,787,779,8
S01006881,578,577,1
S01006882,841,840,1
S01006883,646,636,10
S01006884,1050,1038,12
S01006885,754,753,1
S01006886,733,726,7
S01006887,905,884,21
S01006888,939,932,7
S01006889,647,642,5
S01006890,1070,1058,12
S01006891,645,631,14
S01006892,584,575,9
S01006893,1004,993,11
S01006894,597,593,4
S01006895,474,460,14
S01006896,749,736,13
S01006897,1007,999,8
S01006898,548,544,4
S01006899,510,504,6
S01006900,455,452,3
S01006901,793,786,7
S01006902,693,681,12
S01006903,947,940,7
S01006904,569,565,4
S01006905,1010,997,13
S01006906,948,942,6
S01006907,716,694,22
S01006908,911,893,18
S01006909,428,421,7
S01006910,501,493,8
S01006911,1869,1808,61
S01006912,245,244,1
S01006913,2012,1944,68
S01006914,862,855,7
S01006915,848,828,20
S01006916,360,359,1
S01006917,1458,1440,18
S01006918,1807,1781,26
S01006919,687,673,14
S01006920,816,793,23
S01006921,1086,1046,40
S01006922,2000,1978,22
S01006923,1473,1435,38
S01006924,758,744,14
S01006925,499,492,7
S01006926,1739,1658,81
S01006927,374,371,3
S01006928,2797,2696,101
S01006929,1797,1721,76
S01006930,677,650,27
S01006931,1948,1833,115
S01006932,838,805,33
S01006933,801,760,41
S01006934,1749,1661,88
S01006935,911,883,28
S01006936,698,687,11
S01006937,786,743,43
S01006938,844,795,49
S01006939,615,598,17
S01006940,995,946,49
S01006941,1283,1210,73
S01006942,2211,2074,137
S01006943,1763,1650,113
S01006944,83,74,9
S01006945,894,865,29
S01006946,1348,1313,35
S01006947,1444,1406,38
S01006948,1443,1414,29
S01006949,765,752,13
S01006950,718,694,24
S01006951,1316,1292,24
S01006952,1529,1501,28
S01006953,1542,1503,39
S01006954,1765,1705,60
S01006955,622,613,9
S01006956,1548,1473,75
S01006957,1675,1639,36
S01006958,1006,995,11
S01006959,856,842,14
S01006960,2275,2193,82
S01006961,2321,2237,84
S01006962,871,862,9
S01006963,971,965,6
S01006964,850,832,18
S01006965,501,499,2
S01006966,731,721,10
S01006967,744,735,9
S01006968,1120,1105,15
S01006969,1009,996,13
S01006970,614,605,9
S01006971,991,983,8
S01006972,522,522,0
S01006973,594,593,1
S01006974,1389,1370,19
S01006975,1168,1147,21
S01006976,2534,2444,90
S01006977,2911,2823,88
S01006978,855,849,6
S01006979,1437,1410,27
S01006980,688,662,26
S01006981,798,788,10
S01006982,1212,1204,8
S01006983,1001,994,7
S01006984,976,965,11
S01006985,1345,1323,22
S01006986,777,760,17
S01006987,1039,1022,17
S01006988,765,756,9
S01006989,855,845,10
S01006990,1009,982,27
S01006991,617,614,3
S01006992,883,880,3
S01006993,740,731,9
S01006994,642,629,13
S01006995,1152,1137,15
S01006996,939,932,7
S01006997,786,779,7
S01006998,1206,1188,18
S01006999,872,870,2
S01007000,1439,1431,8
S01007001,1382,1370,12
S01007002,758,740,18
S01007003,616,611,5
S01007004,1043,1038,5
S01007005,1041,1038,3
S01007006,1003,989,14
S01007007,848,822,26
S01007008,884,879,5
S01007009,1297,1280,17
S01007010,880,871,9
S01007011,1124,1115,9
S01007012,921,915,6
S01007013,1287,1274,13
S01007014,1389,1375,14
S01007015,739,735,4
S01007016,592,587,5
S01007017,1047,1032,15
S01007018,1204,1199,5
S01007019,1061,1037,24
S01007020,1373,1359,14
S01007021,1369,1363,6
S01007022,851,843,8
S01007023,678,675,3
S01007024,1203,1187,16
S01007025,1188,1178,10
S01007026,1026,1016,10
S01007027,1314,1311,3
S01007028,1507,1487,20
S01007029,662,657,5
S01007030,1009,998,11
S01007031,630,625,5
S01007032,1165,1151,14
S01007033,1060,1045,15
S01007034,1057,1040,17
S01007035,922,899,23
S01007036,1135,1120,15
S01007037,1157,1150,7
S01007038,854,840,14
S01007039,967,966,1
S01007040,1237,1230,7
S01007041,925,914,11
S01007042,987,983,4
S01007043,1112,1103,9
S01007044,1013,1005,8
S01007045,948,938,10
S01007046,574,572,2
S01007047,1014,1012,2
S01007048,1303,1298,5
S01007049,1039,1031,8
S01007050,1042,1021,21
S01007051,1029,1023,6
S01007052,573,567,6
S01007053,802,798,4
S01007054,1130,1124,6
S01007055,515,513,2
S01007056,902,883,19
S01007057,833,829,4
S01007058,768,764,4
S01007059,1336,1307,29
S01007060,604,603,1
S01007061,1155,1132,23
S01007062,758,747,11
S01007063,1503,1484,19
S01007064,762,750,12
S01007065,950,938,12
S01007066,648,646,2
S01007067,1290,1268,22
S01007068,692,690,2
S01007069,997,984,13
S01007070,733,724,9
S01007071,1234,1222,12
S01007072,1482,1469,13
S01007073,1529,1515,14
S01007074,1102,1091,11
S01007075,901,895,6
S01007076,1048,1037,11
S01007077,757,748,9
S01007078,964,953,11
S01007079,1226,1215,11
S01007080,790,782,8
S01007081,1064,1051,13
S01007082,699,692,7
S01007083,937,926,11
S01007084,911,898,13
S01007085,1118,1068,50
S01007086,1385,1338,47
S01007087,986,975,11
S01007088,651,646,5
S01007089,529,528,1
S01007090,540,535,5
S01007091,1388,1357,31
S01007092,624,613,11
S01007093,987,982,5
S01007094,2273,2236,37
S01007095,736,735,1
S01007096,1172,1167,5
S01007097,2158,2112,46
S01007098,1650,1616,34
S01007099,883,879,4
S01007100,868,864,4
S01007101,1358,1344,14
S01007102,847,841,6
S01007103,832,830,2
S01007104,486,481,5
S01007105,655,653,2
S01007106,898,891,7
S01007107,766,763,3
S01007108,1249,1244,5
S01007109,1526,1517,9
S01007110,1052,1045,7
S01007111,534,528,6
S01007112,928,918,10
S01007113,758,745,13
S01007114,888,884,4
S01007115,720,715,5
S01007116,1304,1295,9
S01007117,553,552,1
S01007118,847,841,6
S01007119,964,962,2
S01007120,1163,1150,13
S01007121,835,820,15
S01007122,594,579,15
S01007123,965,957,8
S01007124,1095,1088,7
S01007125,867,851,16
S01007126,1090,1075,15
S01007127,1030,1017,13
S01007128,979,966,13
S01007129,956,931,25
S01007130,676,669,7
S01007131,1096,1073,23
S01007132,700,688,12
S01007133,674,670,4
S01007134,860,837,23
S01007135,806,794,12
S01007136,661,620,41
S01007137,842,822,20
S01007138,957,938,19
S01007139,776,763,13
S01007140,1022,1009,13
S01007141,1331,1298,33
S01007142,201,198,3
S01007143,1174,1160,14
S01007144,2358,2336,22
S01007145,892,859,33
S01007146,881,865,16
S01007147,830,806,24
S01007148,538,507,31
S01007149,850,828,22
S01007150,750,731,19
S01007151,1188,1152,36
S01007152,787,782,5
S01007153,916,912,4
S01007154,1000,978,22
S01007155,715,708,7
S01007156,1127,1120,7
S01007157,875,865,10
S01007158,1043,1025,18
S01007159,933,914,19
S01007160,969,956,13
S01007161,1114,1106,8
S01007162,608,604,4
S01007163,1019,1009,10
S01007164,778,768,10
S01007165,987,977,10
S01007166,1096,1086,10
S01007167,795,786,9
S01007168,965,955,10
S01007169,854,839,15
S01007170,744,740,4
S01007171,1048,1044,4
S01007172,1330,1325,5
S01007173,523,521,2
S01007174,1004,1000,4
S01007175,922,920,2
S01007176,1078,1065,13
S01007177,801,789,12
S01007178,1045,1035,10
S01007179,1320,1307,13
S01007180,1009,1002,7
S01007181,1158,1150,8
S01007182,1250,1240,10
S01007183,1321,1311,10
S01007184,1039,1027,12
S01007185,979,967,12
S01007186,777,760,17
S01007187,804,781,23
S01007188,803,785,18
S01007189,910,899,11
S01007190,935,923,12
S01007191,735,721,14
S01007192,784,779,5
S01007193,893,885,8
S01007194,641,638,3
S01007195,1056,1046,10
S01007196,974,961,13
S01007197,743,738,5
S01007198,532,526,6
S01007199,1091,1079,12
S01007200,849,847,2
S01007201,1014,1008,6
S01007202,735,729,6
S01007203,840,839,1
S01007204,1078,1067,11
S01007205,843,835,8
S01007206,392,387,5
S01007207,1048,1035,13
S01007208,990,968,22
S01007209,833,801,32
S01007210,1067,1061,6
S01007211,967,953,14
S01007212,847,821,26
S01007213,912,902,10
S01007214,1074,1043,31
S01007215,984,962,22
S01007216,791,787,4
S01007217,1186,1159,27
S01007218,992,965,27
S01007219,1097,1083,14
S01007220,787,780,7
S01007221,1105,1089,16
S01007222,1100,1087,13
S01007223,714,711,3
S01007224,742,733,9
S01007225,1206,1191,15
S01007226,1027,1020,7
S01007227,1533,1518,15
S01007228,819,810,9
S01007229,1249,1242,7
S01007230,1291,1280,11
S01007231,818,808,10
S01007232,726,718,8
S01007233,788,775,13
S01007234,630,629,1
S01007235,1078,1068,10
S01007236,1094,1070,24
S01007237,779,767,12
S01007238,1007,1004,3
S01007239,1422,1412,10
S01007240,539,532,7
S01007241,1174,1170,4
S01007242,1158,1156,2
S01007243,1415,1408,7
S01007244,721,713,8
S01007245,776,764,12
S01007246,891,877,14
S01007247,1082,1075,7
S01007248,1060,1039,21
S01007249,609,596,13
S01007250,822,814,8
S01007251,893,887,6
S01007252,925,921,4
S01007253,798,796,2
S01007254,948,938,10
S01007255,1038,1035,3
S01007256,935,917,18
S01007257,894,863,31
S01007258,886,876,10
S01007259,1048,1039,9
S01007260,1218,1196,22
S01007261,1051,1034,17
S01007262,712,707,5
S01007263,1142,1137,5
S01007264,869,862,7
S01007265,1216,1203,13
S01007266,823,813,10
S01007267,610,601,9
S01007268,596,592,4
S01007269,667,660,7
S01007270,457,453,4
S01007271,1146,1142,4
S01007272,1141,1125,16
S01007273,760,745,15
S01007274,905,892,13
S01007275,729,716,13
S01007276,1159,1150,9
S01007277,919,913,6
S01007278,941,939,2
S01007279,674,668,6
S01007280,676,663,13
S01007281,1181,1170,11
S01007282,538,532,6
S01007283,1023,1007,16
S01007284,848,840,8
S01007285,1145,1138,7
S01007286,1464,1456,8
S01007287,616,609,7
S01007288,667,661,6
S01007289,1011,1003,8
S01007290,1136,1117,19
S01007291,637,631,6
S01007292,771,760,11
S01007293,1080,1051,29
S01007294,1054,1045,9
S01007295,677,668,9
S01007296,563,551,12
S01007297,1176,1142,34
S01007298,532,523,9
S01007299,1008,989,19
S01007300,668,658,10
S01007301,870,864,6
S01007302,796,792,4
S01007303,1117,1105,12
S01007304,693,690,3
S01007305,1008,1000,8
S01007306,1252,1242,10
S01007307,1088,1068,20
S01007308,882,876,6
S01007309,815,809,6
S01007310,865,858,7
S01007311,926,907,19
S01007312,862,854,8
S01007313,972,962,10
S01007314,875,867,8
S01007315,940,935,5
S01007316,1141,1131,10
S01007317,1153,1137,16
S01007318,607,592,15
S01007319,857,851,6
S01007320,894,880,14
S01007321,595,592,3
S01007322,836,830,6
S01007323,449,444,5
S01007324,328,321,7
S01007325,833,822,11
S01007326,970,963,7
S01007327,886,881,5
S01007328,1077,1074,3
S01007329,702,699,3
S01007330,778,773,5
S01007331,1082,1070,12
S01007332,624,622,2
S01007333,1123,1114,9
S01007334,995,976,19
S01007335,898,892,6
S01007336,762,746,16
S01007337,658,657,1
S01007338,1084,1075,9
S01007339,854,841,13
S01007340,664,661,3
S01007341,853,848,5
S01007342,826,821,5
S01007343,651,645,6
S01007344,579,574,5
S01007345,691,684,7
S01007346,834,824,10
S01007347,1056,1049,7
S01007348,802,797,5
S01007349,687,684,3
S01007350,661,661,0
S01007351,658,653,5
S01007352,498,494,4
S01007353,791,782,9
S01007354,786,781,5
S01007355,1326,1322,4
S01007356,714,708,6
S01007357,803,784,19
S01007358,1442,1425,17
S01007359,999,990,9
S01007360,906,893,13
S01007361,1043,1024,19
S01007362,1162,1152,10
S01007363,1008,1001,7
S01007364,1093,1086,7
S01007365,478,473,5
S01007366,550,543,7
S01007367,629,621,8
S01007368,659,652,7
S01007369,1138,1124,14
S01007370,917,901,16
S01007371,958,944,14
S01007372,1250,1226,24
S01007373,704,702,2
S01007374,810,804,6
S01007375,464,456,8
S01007376,1015,1005,10
S01007377,664,656,8
S01007378,1716,1696,20
S01007379,925,919,6
S01007380,846,833,13
S01007381,512,504,8
S01007382,990,985,5
S01007383,749,747,2
S01007384,1075,1068,7
S01007385,1228,1212,16
S01007386,806,786,20
S01007387,864,848,16
S01007388,741,726,15
S01007389,763,741,22
S01007390,727,722,5
S01007391,664,664,0
S01007392,466,459,7
S01007393,1058,1029,29
S01007394,702,689,13
S01007395,1111,1087,24
S01007396,1049,1006,43
S01007397,943,912,31
S01007398,821,807,14
S01007399,891,877,14
S01007400,845,823,22
S01007401,752,713,39
S01007402,700,697,3
S01007403,943,922,21
S01007404,579,573,6
S01007405,813,806,7
S01007406,1007,987,20
S01007407,1108,1091,17
S01007408,862,851,11
S01007409,666,657,9
S01007410,952,949,3
S01007411,1062,1049,13
S01007412,579,578,1
S01007413,997,990,7
S01007414,858,825,33
S01007415,853,850,3
S01007416,595,591,4
S01007417,220,220,0
S01007418,890,874,16
S01007419,1001,987,14
S01007420,4568,4475,93
S01007421,1394,1378,16
S01007422,794,773,21
S01007423,388,385,3
S01007424,787,783,4
S01007425,947,934,13
S01007426,821,799,22
S01007427,744,736,8
S01007428,1005,990,15
S01007429,928,906,22
S01007430,554,552,2
S01007431,710,707,3
S01007432,818,805,13
S01007433,1139,1134,5
S01007434,589,587,2
S01007435,788,781,7
S01007436,990,965,25
S01007437,569,558,11
S01007438,673,659,14
S01007439,858,842,16
S01007440,767,751,16
S01007441,656,649,7
S01007442,866,852,14
S01007443,1039,1022,17
S01007444,1549,1507,42
S01007445,687,668,19
S01007446,728,704,24
S01007447,659,654,5
S01007448,1134,1125,9
S01007449,1173,1156,17
S01007450,1353,1335,18
S01007451,623,620,3
S01007452,1435,1392,43
S01007453,110,110,0
S01007454,512,507,5
S01007455,846,842,4
S01007456,1089,1075,14
S01007457,1080,1070,10
S01007458,811,810,1
S01007459,873,857,16
S01007460,922,914,8
S01007461,933,924,9
S01007462,1006,986,20
S01007463,1149,1117,32
S01007464,1042,1021,21
S01007465,785,778,7
S01007466,1145,1113,32
S01007467,996,976,20
S01007468,1143,1130,13
S01007469,611,606,5
S01007470,699,687,12
S01007471,479,476,3
S01007472,1077,1052,25
S01007473,895,888,7
S01007474,755,745,10
S01007475,517,509,8
S01007476,738,733,5
S01007477,737,721,16
S01007478,1126,1104,22
S01007479,435,431,4
S01007480,1324,1299,25
S01007481,988,982,6
S01007482,668,668,0
S01007483,955,951,4
S01007484,842,833,9
S01007485,842,831,11
S01007486,860,849,11
S01007487,1195,1179,16
S01007488,1194,1182,12
S01007489,856,856,0
S01007490,1233,1227,6
S01007491,1118,1107,11
S01007492,685,681,4
S01007493,1109,1106,3
S01007494,743,740,3
S01007495,844,842,2
S01007496,1185,1173,12
S01007497,596,591,5
S01007498,1028,1023,5
S01007499,842,840,2
S01007500,768,762,6
S01007501,680,676,4
S01007502,641,639,2
S01007503,1135,1126,9
S01007504,1169,1159,10
S01007505,538,535,3
S01007506,514,514,0
S01007507,1489,1483,6
S01007508,696,692,4
S01007509,720,720,0
S01007510,1014,1005,9
S01007511,1149,1141,8
S01007512,526,522,4
S01007513,1304,1298,6
S01007514,645,627,18
S01007515,699,683,16
S01007516,818,813,5
S01007517,540,537,3
S01007518,1014,1006,8
S01007519,497,490,7
S01007520,980,978,2
S01007521,677,662,15
S01007522,1136,1119,17
S01007523,542,542,0
S01007524,951,935,16
S01007525,536,536,0
S01007526,903,895,8
S01007527,1426,1416,10
S01007528,968,960,8
S01007529,867,860,7
S01007530,524,521,3
S01007531,767,753,14
S01007532,597,596,1
S01007533,876,874,2
S01007534,1451,1439,12
S01007535,961,958,3
S01007536,1026,1012,14
S01007537,1698,1683,15
S01007538,1123,1113,10
S01007539,853,851,2
S01007540,838,828,10
S01007541,1233,1233,0
S01007542,980,967,13
S01007543,1284,1278,6
S01007544,1291,1282,9
S01007545,1525,1515,10
S01007546,663,660,3
S01007547,551,545,6
S01007548,947,942,5
S01007549,765,760,5
S01007550,1233,1227,6
S01007551,1310,1301,9
S01007552,1042,1031,11
S01007553,1059,1056,3
S01007554,840,834,6
S01007555,818,811,7
S01007556,748,740,8
S01007557,1131,1127,4
S01007558,482,480,2
S01007559,864,863,1
S01007560,1196,1184,12
S01007561,1104,1097,7
S01007562,854,844,10
S01007563,1106,1086,20
S01007564,1271,1256,15
S01007565,1153,1138,15
S01007566,822,817,5
S01007567,588,581,7
S01007568,745,739,6
S01007569,1259,1226,33
S01007570,1113,1101,12
S01007571,539,531,8
S01007572,1778,1722,56
S01007573,84,84,0
S01007574,2322,2262,60
S01007575,860,854,6
S01007576,1025,1016,9
S01007577,893,880,13
S01007578,834,821,13
S01007579,663,644,19
S01007580,993,979,14
S01007581,657,648,9
S01007582,873,865,8
S01007583,1318,1298,20
S01007584,995,971,24
S01007585,1087,1073,14
S01007586,1155,1138,17
S01007587,819,798,21
S01007588,949,926,23
S01007589,1123,1085,38
S01007590,661,646,15
S01007591,1178,1148,30
S01007592,1143,1115,28
S01007593,1200,1163,37
S01007594,843,839,4
S01007595,1056,1044,12
S01007596,715,712,3
S01007597,647,646,1
S01007598,1121,1102,19
S01007599,840,799,41
S01007600,1066,1004,62
S01007601,631,623,8
S01007602,958,941,17
S01007603,923,899,24
S01007604,1020,987,33
S01007605,1157,1126,31
S01007606,614,601,13
S01007607,927,922,5
S01007608,971,947,24
S01007609,981,968,13
S01007610,730,724,6
S01007611,1147,1110,37
S01007612,1044,984,60
S01007613,1013,986,27
S01007614,1112,1069,43
S01007615,1375,1354,21
S01007616,917,896,21
S01007617,671,669,2
S01007618,781,778,3
S01007619,736,731,5
S01007620,822,819,3
S01007621,898,893,5
S01007622,1331,1290,41
S01007623,608,583,25
S01007624,741,732,9
S01007625,690,670,20
S01007626,650,637,13
S01007627,547,514,33
S01007628,881,868,13
S01007629,860,849,11
S01007630,813,809,4
S01007631,631,626,5
S01007632,1683,1669,14
S01007633,1550,1530,20
S01007634,803,800,3
S01007635,981,971,10
S01007636,1413,1405,8
S01007637,1378,1369,9
S01007638,1058,1046,12
S01007639,1087,1075,12
S01007640,724,722,2
S01007641,856,844,12
S01007642,1152,1142,10
S01007643,1067,1061,6
S01007644,1095,1086,9
S01007645,897,890,7
S01007646,627,618,9
S01007647,1020,1010,10
S01007648,1086,1070,16
S01007649,741,741,0
S01007650,1062,1051,11
S01007651,716,708,8
S01007652,895,892,3
S01007653,1159,1153,6
S01007654,1299,1292,7
S01007655,781,770,11
S01007656,936,928,8
S01007657,595,590,5
S01007658,689,683,6
S01007659,1055,1046,9
S01007660,1289,1287,2
S01007661,905,889,16
S01007662,1070,1056,14
S01007663,1135,1116,19
S01007664,578,571,7
S01007665,745,738,7
S01007666,510,506,4
S01007667,717,706,11
S01007668,1269,1269,0
S01007669,642,636,6
S01007670,1146,1142,4
S01007671,857,856,1
S01007672,1002,999,3
S01007673,700,694,6
S01007674,1149,1147,2
S01007675,801,800,1
S01007676,572,570,2
S01007677,279,276,3
S01007678,823,823,0
S01007679,1045,1037,8
S01007680,922,908,14
S01007681,519,511,8
S01007682,998,874,124
S01007683,1045,816,229
S01007684,1173,1084,89
S01007685,1173,1065,108
S01007686,1115,1031,84
S01007687,952,876,76
S01007688,1211,1068,143
S01007689,613,512,101
S01007690,1148,1010,138
S01007691,4465,3716,749
S01007692,1036,929,107
S01007693,1290,1071,219
S01007694,990,850,140
S01007695,1031,894,137
S01007696,1033,846,187
S01007697,1329,1200,129
S01007698,1312,1062,250
S01007699,808,648,160
S01007700,990,914,76
S01007701,451,413,38
S01007702,2253,1899,354
S01007703,1230,1135,95
S01007704,1393,1202,191
S01007705,1058,864,194
S01007706,1058,888,170
S01007707,1285,1059,226
S01007708,1038,943,95
S01007709,825,753,72
S01007710,2214,1852,362
S01007711,1342,1168,174
S01007712,1066,916,150
S01007713,573,465,108
S01007714,643,602,41
S01007715,774,666,108
S01007716,1214,1072,142
S01007717,1003,906,97
S01007718,963,888,75
S01007719,1534,1464,70
S01007720,1091,1050,41
S01007721,1085,1059,26
S01007722,940,880,60
S01007723,1020,945,75
S01007724,805,684,121
S01007725,1343,1253,90
S01007726,858,747,111
S01007727,1023,920,103
S01007728,1291,1112,179
S01007729,1002,883,119
S01007730,985,916,69
S01007731,729,683,46
S01007732,1003,907,96
S01007733,853,713,140
S01007734,821,772,49
S01007735,827,739,88
S01007736,844,710,134
S01007737,1140,1027,113
S01007738,1114,1078,36
S01007739,819,811,8
S01007740,709,668,41
S01007741,899,855,44
S01007742,729,710,19
S01007743,895,875,20
S01007744,766,755,11
S01007745,1016,1001,15
S01007746,889,877,12
S01007747,815,801,14
S01007748,704,698,6
S01007749,866,774,92
S01007750,930,865,65
S01007751,790,732,58
S01007752,1167,1137,30
S01007753,961,946,15
S01007754,1313,1288,25
S01007755,877,873,4
S01007756,955,938,17
S01007757,1311,1256,55
S01007758,1040,1004,36
S01007759,1255,1224,31
S01007760,950,933,17
S01007761,853,811,42
S01007762,814,800,14
S01007763,772,757,15
S01007764,895,874,21
S01007765,969,940,29
S01007766,1083,1041,42
S01007767,1000,969,31
S01007768,765,740,25
S01007769,809,796,13
S01007770,812,800,12
S01007771,823,813,10
S01007772,1185,1162,23
S01007773,734,724,10
S01007774,146,135,11
S01007775,1292,1237,55
S01007776,591,565,26
S01007777,562,540,22
S01007778,2422,2335,87
S01007779,774,762,12
S01007780,795,784,11
S01007781,796,789,7
S01007782,709,692,17
S01007783,873,858,15
S01007784,1006,991,15
S01007785,507,505,2
S01007786,900,896,4
S01007787,804,800,4
S01007788,832,823,9
S01007789,1151,1133,18
S01007790,1899,1872,27
S01007791,1170,1144,26
S01007792,998,988,10
S01007793,1046,1040,6
S01007794,1109,1093,16
S01007795,712,705,7
S01007796,692,683,9
S01007797,635,616,19
S01007798,778,715,63
S01007799,418,354,64
S01007800,1038,1023,15
S01007801,973,954,19
S01007802,634,579,55
S01007803,1468,1449,19
S01007804,846,830,16
S01007805,971,951,20
S01007806,888,883,5
S01007807,894,878,16
S01007808,933,919,14
S01007809,1249,1218,31
S01007810,983,976,7
S01007811,871,863,8
S01007812,850,823,27
S01007813,1108,1093,15
S01007814,854,837,17
S01007815,1159,1142,17
S01007816,669,667,2
S01007817,826,820,6
S01007818,950,943,7
S01007819,803,800,3
S01007820,1088,1046,42
S01007821,826,819,7
S01007822,966,956,10
S01007823,789,778,11
S01007824,1125,1051,74
S01007825,1294,1226,68
S01007826,598,592,6
S01007827,661,638,23
S01007828,1214,1172,42
S01007829,763,718,45
S01007830,1072,993,79
S01007831,1059,1000,59
S01007832,956,895,61
S01007833,983,956,27
S01007834,742,687,55
S01007835,784,749,35
S01007836,739,693,46
S01007837,1260,1219,41
S01007838,973,933,40
S01007839,1199,1008,191
S01007840,902,854,48
S01007841,951,918,33
S01007842,1215,1151,64
S01007843,944,871,73
S01007844,1340,1237,103
S01007845,995,972,23
S01007846,852,809,43
S01007847,1474,1427,47
S01007848,1070,1021,49
S01007849,1112,1096,16
S01007850,754,741,13
S01007851,1036,1026,10
S01007852,1282,1262,20
S01007853,807,771,36
S01007854,1286,1234,52
S01007855,658,635,23
S01007856,1053,1036,17
S01007857,595,592,3
S01007858,2159,2123,36
S01007859,1529,1495,34
S01007860,1165,1142,23
S01007861,1067,1057,10
S01007862,1067,1060,7
S01007863,895,889,6
S01007864,938,934,4
S01007865,1461,1423,38
S01007866,586,579,7
S01007867,1427,1389,38
S01007868,2091,1989,102
S01007869,2241,2048,193
S01007870,666,661,5
S01007871,1111,1102,9
S01007872,795,787,8
S01007873,778,773,5
S01007874,887,875,12
S01007875,764,763,1
S01007876,1009,1006,3
S01007877,888,886,2
S01007878,724,724,0
S01007879,1203,1201,2
S01007880,460,458,2
S01007881,656,652,4
S01007882,1612,1595,17
S01007883,1211,1204,7
S01007884,953,948,5
S01007885,1038,1033,5
S01007886,1168,1166,2
S01007887,717,716,1
S01007888,1070,1065,5
S01007889,1119,1118,1
S01007890,695,692,3
S01007891,1333,1320,13
S01007892,1174,1167,7
S01007893,1326,1306,20
S01007894,1050,1047,3
S01007895,771,758,13
S01007896,1110,1101,9
S01007897,1609,1594,15
S01007898,758,757,1
S01007899,502,500,2
S01007900,549,547,2
S01007901,801,797,4
S01007902,980,978,2
S01007903,803,799,4
S01007904,849,843,6
S01007905,827,826,1
S01007906,824,818,6
S01007907,780,779,1
S01007908,1296,1291,5
S01007909,719,718,1
S01007910,1111,1103,8
S01007911,1094,1083,11
S01007912,865,862,3
S01007913,1069,1068,1
S01007914,744,743,1
S01007915,961,958,3
S01007916,1041,1035,6
S01007917,1234,1233,1
S01007918,1034,1026,8
S01007919,949,932,17
S01007920,615,580,35
S01007921,1146,1135,11
S01007922,1361,1345,16
S01007923,1279,1258,21
S01007924,1179,1156,23
S01007925,665,660,5
S01007926,931,918,13
S01007927,617,601,16
S01007928,1208,1198,10
S01007929,1617,1593,24
S01007930,727,717,10
S01007931,1353,1330,23
S01007932,831,821,10
S01007933,1341,1331,10
S01007934,720,718,2
S01007935,1273,1257,16
S01007936,1233,1229,4
S01007937,1503,1478,25
S01007938,837,832,5
S01007939,1016,1005,11
S01007940,1719,1703,16
S01007941,631,627,4
S01007942,508,502,6
S01007943,970,962,8
S01007944,1026,1020,6
S01007945,1202,1188,14
S01007946,1039,1033,6
S01007947,1048,1042,6
S01007948,760,757,3
S01007949,954,949,5
S01007950,1135,1121,14
S01007951,1005,1001,4
S01007952,857,853,4
S01007953,1022,1020,2
S01007954,728,722,6
S01007955,1736,1715,21
S01007956,999,999,0
S01007957,1230,1217,13
S01007958,1059,1048,11
S01007959,1951,1921,30
S01007960,607,607,0
S01007961,1674,1658,16
S01007962,1096,1087,9
S01007963,1158,1150,8
S01007964,890,884,6
S01007965,774,767,7
S01007966,1090,1070,20
S01007967,860,855,5
S01007968,1038,1038,0
S01007969,840,833,7
S01007970,1062,1057,5
S01007971,1027,1020,7
S01007972,1126,1116,10
S01007973,867,863,4
S01007974,940,932,8
S01007975,655,651,4
S01007976,1086,1069,17
S01007977,645,641,4
S01007978,826,813,13
S01007979,904,889,15
S01007980,816,809,7
S01007981,755,744,11
S01007982,695,690,5
S01007983,1415,1407,8
S01007984,896,887,9
S01007985,923,918,5
S01007986,675,665,10
S01007987,1033,1025,8
S01007988,906,896,10
S01007989,722,715,7
S01007990,1253,1236,17
S01007991,1003,936,67
S01007992,1058,991,67
S01007993,908,903,5
S01007994,659,639,20
S01007995,721,714,7
S01007996,338,330,8
S01007997,669,641,28
S01007998,606,581,25
S01007999,801,799,2
S01008000,913,910,3
S01008001,961,950,11
S01008002,1039,1023,16
S01008003,760,720,40
S01008004,122,115,7
S01008005,165,163,2
S01008006,864,856,8
S01008007,570,561,9
S01008008,787,758,29
S01008009,1021,1012,9
S01008010,1313,1302,11
S01008011,846,832,14
S01008012,997,978,19
S01008013,834,823,11
S01008014,800,789,11
S01008015,832,815,17
S01008016,781,772,9
S01008017,900,885,15
S01008018,944,931,13
S01008019,1011,999,12
S01008020,891,863,28
S01008021,699,687,12
S01008022,844,821,23
S01008023,1739,1678,61
S01008024,955,929,26
S01008025,891,886,5
S01008026,1371,1365,6
S01008027,809,796,13
S01008028,585,573,12
S01008029,3738,3648,90
S01008030,2233,2177,56
S01008031,1573,1549,24
S01008032,1248,1241,7
S01008033,1166,1099,67
S01008034,1176,1092,84
S01008035,1020,977,43
S01008036,669,660,9
S01008037,1446,1409,37
S01008038,999,975,24
S01008039,1079,1039,40
S01008040,752,735,17
S01008041,1074,1033,41
S01008042,862,826,36
S01008043,1364,1344,20
S01008044,1195,1144,51
S01008045,1313,1236,77
S01008046,1157,1122,35
S01008047,697,679,18
S01008048,662,648,14
S01008049,1023,972,51
S01008050,682,631,51
S01008051,1229,1182,47
S01008052,829,807,22
S01008053,959,935,24
S01008054,778,729,49
S01008055,1049,1007,42
S01008056,1204,1106,98
S01008057,1358,1289,69
S01008058,895,776,119
S01008059,678,639,39
S01008060,1833,1652,181
S01008061,887,826,61
S01008062,997,940,57
S01008063,874,805,69
S01008064,1013,922,91
S01008065,1219,1132,87
S01008066,1022,988,34
S01008067,691,652,39
S01008068,1203,1124,79
S01008069,1201,1129,72
S01008070,1125,1081,44
S01008071,966,917,49
S01008072,1336,1213,123
S01008073,471,406,65
S01008074,976,920,56
S01008075,613,558,55
S01008076,1035,919,116
S01008077,1003,932,71
S01008078,860,764,96
S01008079,905,811,94
S01008080,808,753,55
S01008081,703,606,97
S01008082,1032,896,136
S01008083,839,730,109
S01008084,1033,1020,13
S01008085,1314,1299,15
S01008086,1256,1248,8
S01008087,1136,1053,83
S01008088,917,889,28
S01008089,997,965,32
S01008090,771,737,34
S01008091,513,507,6
S01008092,1138,1089,49
S01008093,900,872,28
S01008094,725,688,37
S01008095,1093,1066,27
S01008096,790,775,15
S01008097,897,871,26
S01008098,750,719,31
S01008099,540,535,5
S01008100,1035,935,100
S01008101,1244,1180,64
S01008102,819,786,33
S01008103,706,690,16
S01008104,1022,989,33
S01008105,1226,1184,42
S01008106,1742,1566,176
S01008107,1301,1126,175
S01008108,936,878,58
S01008109,940,885,55
S01008110,941,872,69
S01008111,869,838,31
S01008112,947,893,54
S01008113,1002,932,70
S01008114,899,870,29
S01008115,915,806,109
S01008116,1116,1060,56
S01008117,800,769,31
S01008118,1351,1301,50
S01008119,784,756,28
S01008120,707,674,33
S01008121,662,653,9
S01008122,1135,1098,37
S01008123,1063,1032,31
S01008124,1012,982,30
S01008125,1177,1134,43
S01008126,935,907,28
S01008127,489,472,17
S01008128,1104,1089,15
S01008129,980,953,27
S01008130,1152,1132,20
S01008131,766,753,13
S01008132,1110,1092,18
S01008133,829,804,25
S01008134,703,680,23
S01008135,1605,1553,52
S01008136,1419,1395,24
S01008137,1440,1434,6
S01008138,1051,1042,9
S01008139,1086,1067,19
S01008140,741,730,11
S01008141,1168,1147,21
S01008142,974,958,16
S01008143,1181,1171,10
S01008144,1019,1002,17
S01008145,1018,1003,15
S01008146,649,648,1
S01008147,901,890,11
S01008148,915,905,10
S01008149,960,951,9
S01008150,1409,1400,9
S01008151,1030,1025,5
S01008152,1241,1232,9
S01008153,892,881,11
S01008154,1050,1044,6
S01008155,836,822,14
S01008156,1062,1053,9
S01008157,1083,1072,11
S01008158,1002,990,12
S01008159,1210,1197,13
S01008160,1419,1405,14
S01008161,1499,1472,27
S01008162,1264,1241,23
S01008163,894,882,12
S01008164,1450,1290,160
S01008165,880,840,40
S01008166,1347,1307,40
S01008167,1604,1554,50
S01008168,1129,1116,13
S01008169,1499,1451,48
S01008170,1530,1372,158
S01008171,909,886,23
S01008172,557,549,8
S01008173,785,769,16
S01008174,532,531,1
S01008175,750,744,6
S01008176,1515,1466,49
S01008177,864,852,12
S01008178,640,631,9
S01008179,391,376,15
S01008180,473,460,13
S01008181,678,662,16
S01008182,1253,1234,19
S01008183,968,939,29
S01008184,881,851,30
S01008185,1235,1201,34
S01008186,1076,1015,61
S01008187,699,683,16
S01008188,1467,1413,54
S01008189,1062,1037,25
S01008190,1035,1017,18
S01008191,1481,1431,50
S01008192,1099,1054,45
S01008193,972,940,32
S01008194,682,662,20
S01008195,1148,1131,17
S01008196,923,901,22
S01008197,1901,1889,12
S01008198,693,689,4
S01008199,776,764,12
S01008200,867,857,10
S01008201,1327,1301,26
S01008202,803,794,9
S01008203,556,547,9
S01008204,2717,2695,22
S01008205,771,765,6
S01008206,1604,1573,31
S01008207,824,811,13
S01008208,1026,1009,17
S01008209,686,656,30
S01008210,1423,1405,18
S01008211,991,984,7
S01008212,712,707,5
S01008213,1019,1009,10
S01008214,837,826,11
S01008215,1099,1084,15
S01008216,770,754,16
S01008217,679,677,2
S01008218,2156,2149,7
S01008219,1242,1226,16
S01008220,644,632,12
S01008221,832,818,14
S01008222,722,720,2
S01008223,597,591,6
S01008224,907,898,9
S01008225,786,777,9
S01008226,755,745,10
S01008227,986,974,12
S01008228,792,775,17
S01008229,1317,1314,3
S01008230,811,775,36
S01008231,640,638,2
S01008232,244,239,5
S01008233,1740,1698,42
S01008234,2097,2053,44
S01008235,929,920,9
S01008236,1009,997,12
S01008237,929,916,13
S01008238,1038,1025,13
S01008239,762,760,2
S01008240,1402,1399,3
S01008241,1055,1050,5
S01008242,1211,1200,11
S01008243,1134,1112,22
S01008244,1051,1029,22
S01008245,1133,1122,11
S01008246,1274,1248,26
S01008247,982,979,3
S01008248,1329,1320,9
S01008249,903,899,4
S01008250,1117,1107,10
S01008251,1038,1025,13
S01008252,1120,1111,9
S01008253,855,844,11
S01008254,1286,1280,6
S01008255,1017,1002,15
S01008256,1033,1010,23
S01008257,886,870,16
S01008258,1289,1275,14
S01008259,1455,1423,32
S01008260,1054,1048,6
S01008261,1197,1194,3
S01008262,914,902,12
S01008263,801,790,11
S01008264,919,906,13
S01008265,706,696,10
S01008266,1061,1044,17
S01008267,818,805,13
S01008268,878,851,27
S01008269,1126,1115,11
S01008270,1191,1175,16
S01008271,749,727,22
S01008272,1002,986,16
S01008273,1026,1013,13
S01008274,930,912,18
S01008275,682,681,1
S01008276,681,681,0
S01008277,692,686,6
S01008278,774,765,9
S01008279,733,727,6
S01008280,1275,1264,11
S01008281,830,826,4
S01008282,779,771,8
S01008283,1338,1308,30
S01008284,1651,1628,23
S01008285,754,743,11
S01008286,1368,1353,15
S01008287,967,943,24
S01008288,1002,972,30
S01008289,768,751,17
S01008290,1038,1016,22
S01008291,1135,1131,4
S01008292,1640,1611,29
S01008293,1184,1172,12
S01008294,730,720,10
S01008295,1211,1198,13
S01008296,932,921,11
S01008297,626,617,9
S01008298,1079,1061,18
S01008299,1177,1154,23
S01008300,940,929,11
S01008301,1015,999,16
S01008302,940,925,15
S01008303,788,773,15
S01008304,476,454,22
S01008305,791,787,4
S01008306,611,609,2
S01008307,805,801,4
S01008308,566,552,14
S01008309,932,916,16
S01008310,949,938,11
S01008311,728,713,15
S01008312,720,695,25
S01008313,1013,989,24
S01008314,939,913,26
S01008315,748,740,8
S01008316,943,910,33
S01008317,738,700,38
S01008318,1628,1579,49
S01008319,614,608,6
S01008320,633,632,1
S01008321,729,701,28
S01008322,1956,1925,31
S01008323,881,857,24
S01008324,651,639,12
S01008325,1229,1178,51
S01008326,1164,1131,33
S01008327,1094,1083,11
S01008328,935,833,102
S01008329,1038,866,172
S01008330,1088,861,227
S01008331,785,673,112
S01008332,1108,929,179
S01008333,1161,1063,98
S01008334,995,857,138
S01008335,1012,920,92
S01008336,1000,874,126
S01008337,906,835,71
S01008338,915,755,160
S01008339,629,562,67
S01008340,929,776,153
S01008341,700,631,69
S01008342,1167,1043,124
S01008343,1162,1093,69
S01008344,872,792,80
S01008345,1273,1159,114
S01008346,1102,1036,66
S01008347,1228,1143,85
S01008348,976,906,70
S01008349,1481,1304,177
S01008350,760,731,29
S01008351,1067,1003,64
S01008352,933,849,84
S01008353,525,458,67
S01008354,1110,967,143
S01008355,1123,1116,7
S01008356,884,877,7
S01008357,908,904,4
S01008358,870,861,9
S01008359,772,767,5
S01008360,1338,1275,63
S01008361,786,764,22
S01008362,1158,1027,131
S01008363,829,791,38
S01008364,818,751,67
S01008365,972,898,74
S01008366,980,931,49
S01008367,966,907,59
S01008368,905,867,38
S01008369,782,750,32
S01008370,692,649,43
S01008371,913,884,29
S01008372,927,870,57
S01008373,1199,1157,42
S01008374,877,856,21
S01008375,789,764,25
S01008376,655,635,20
S01008377,944,898,46
S01008378,1103,1072,31
S01008379,530,510,20
S01008380,649,633,16
S01008381,1070,1026,44
S01008382,921,894,27
S01008383,619,592,27
S01008384,976,957,19
S01008385,674,646,28
S01008386,951,923,28
S01008387,871,832,39
S01008388,637,615,22
S01008389,756,743,13
S01008390,732,724,8
S01008391,785,758,27
S01008392,916,898,18
S01008393,912,884,28
S01008394,1108,1052,56
S01008395,832,749,83
S01008396,807,726,81
S01008397,996,935,61
S01008398,907,851,56
S01008399,703,639,64
S01008400,1101,917,184
S01008401,1258,1093,165
S01008402,1092,1021,71
S01008403,1014,990,24
S01008404,1087,1045,42
S01008405,908,874,34
S01008406,1200,1098,102
S01008407,522,469,53
S01008408,812,761,51
S01008409,1092,1030,62
S01008410,870,718,152
S01008411,1121,1047,74
S01008412,706,633,73
S01008413,690,651,39
S01008414,660,606,54
S01008415,1058,909,149
S01008416,1164,1065,99
S01008417,726,709,17
S01008418,692,667,25
S01008419,525,509,16
S01008420,569,541,28
S01008421,858,831,27
S01008422,972,947,25
S01008423,1063,1041,22
S01008424,1120,1092,28
S01008425,2557,1969,588
S01008426,1163,1125,38
S01008427,1249,1199,50
S01008428,884,869,15
S01008429,913,904,9
S01008430,1117,1087,30
S01008431,1067,1045,22
S01008432,1116,1091,25
S01008433,807,785,22
S01008434,1043,988,55
S01008435,1083,1005,78
S01008436,1059,1024,35
S01008437,796,772,24
S01008438,587,570,17
S01008439,1120,1096,24
S01008440,1143,1119,24
S01008441,1022,999,23
S01008442,774,761,13
S01008443,582,566,16
S01008444,720,684,36
S01008445,1077,966,111
S01008446,1706,1619,87
S01008447,675,661,14
S01008448,879,823,56
S01008449,964,797,167
S01008450,592,512,80
S01008451,1018,874,144
S01008452,979,745,234
S01008453,956,738,218
S01008454,1339,1188,151
S01008455,1254,1099,155
S01008456,1236,1057,179
S01008457,1101,1005,96
S01008458,995,926,69
S01008459,815,731,84
S01008460,1227,1146,81
S01008461,1018,920,98
S01008462,694,623,71
S01008463,937,846,91
S01008464,921,884,37
S01008465,953,887,66
S01008466,840,755,85
S01008467,887,845,42
S01008468,1011,908,103
S01008469,804,627,177
S01008470,992,882,110
S01008471,858,774,84
S01008472,811,697,114
S01008473,700,633,67
S01008474,832,765,67
S01008475,1040,929,111
S01008476,779,737,42
S01008477,1167,1090,77
S01008478,1021,910,111
S01008479,1097,1003,94
S01008480,534,507,27
S01008481,1615,1538,77
S01008482,1498,1412,86
S01008483,832,781,51
S01008484,952,905,47
S01008485,1203,1141,62
S01008486,867,801,66
S01008487,961,874,87
S01008488,1303,1166,137
S01008489,874,773,101
S01008490,1159,1032,127
S01008491,935,746,189
S01008492,944,824,120
S01008493,913,831,82
S01008494,837,701,136
S01008495,1059,848,211
S01008496,1160,922,238
S01008497,927,813,114
S01008498,772,678,94
S01008499,1123,946,177
S01008500,398,353,45
S01008501,835,681,154
S01008502,648,524,124
S01008503,994,930,64
S01008504,1723,1540,183
S01008505,1000,936,64
S01008506,1108,1050,58
S01008507,897,839,58
S01008508,1106,1052,54
S01008509,1251,1198,53
S01008510,906,852,54
S01008511,1009,934,75
S01008512,1202,1142,60
S01008513,1190,1090,100
S01008514,762,737,25
S01008515,998,974,24
S01008516,1486,1372,114
S01008517,1042,960,82
S01008518,1192,1125,67
S01008519,1083,1056,27
S01008520,1359,1302,57
S01008521,907,886,21
S01008522,594,557,37
S01008523,1172,1103,69
S01008524,1202,1146,56
S01008525,1139,1058,81
S01008526,850,786,64
S01008527,726,683,43
S01008528,720,680,40
S01008529,839,829,10
S01008530,1053,994,59
S01008531,946,909,37
S01008532,661,624,37
S01008533,549,471,78
S01008534,869,772,97
S01008535,709,685,24
S01008536,707,677,30
S01008537,673,654,19
S01008538,641,630,11
S01008539,1100,1047,53
S01008540,982,957,25
S01008541,1028,982,46
S01008542,1221,1161,60
S01008543,995,928,67
S01008544,653,628,25
S01008545,1053,999,54
S01008546,806,780,26
S01008547,1167,998,169
S01008548,1056,963,93
S01008549,1185,1115,70
S01008550,1039,895,144
S01008551,984,881,103
S01008552,1031,962,69
S01008553,659,630,29
S01008554,1090,960,130
S01008555,1295,1192,103
S01008556,1125,1024,101
S01008557,1051,921,130
S01008558,912,849,63
S01008559,862,812,50
S01008560,888,770,118
S01008561,1088,1021,67
S01008562,858,809,49
S01008563,1138,1075,63
S01008564,1043,962,81
S01008565,1087,965,122
S01008566,1137,1065,72
S01008567,889,790,99
S01008568,871,758,113
S01008569,738,646,92
S01008570,1374,1256,118
S01008571,796,721,75
S01008572,1072,954,118
S01008573,1174,972,202
S01008574,1079,927,152
S01008575,875,769,106
S01008576,1009,920,89
S01008577,1203,1132,71
S01008578,1003,950,53
S01008579,934,889,45
S01008580,816,727,89
S01008581,1014,900,114
S01008582,1368,1264,104
S01008583,921,776,145
S01008584,1309,1121,188
S01008585,991,863,128
S01008586,949,861,88
S01008587,914,683,231
S01008588,1116,1061,55
S01008589,390,350,40
S01008590,759,701,58
S01008591,1084,944,140
S01008592,965,765,200
S01008593,870,793,77
S01008594,969,876,93
S01008595,1179,1049,130
S01008596,953,853,100
S01008597,1116,1013,103
S01008598,1229,1086,143
S01008599,1031,931,100
S01008600,2710,2214,496
S01008601,2533,2113,420
S01008602,555,464,91
S01008603,1029,922,107
S01008604,1144,978,166
S01008605,921,800,121
S01008606,1052,955,97
S01008607,630,586,44
S01008608,848,816,32
S01008609,1165,1106,59
S01008610,1235,1145,90
S01008611,1421,1235,186
S01008612,779,704,75
S01008613,1039,935,104
S01008614,910,829,81
S01008615,951,848,103
S01008616,872,792,80
S01008617,967,875,92
S01008618,739,671,68
S01008619,520,468,52
S01008620,815,746,69
S01008621,881,793,88
S01008622,837,750,87
S01008623,1136,1015,121
S01008624,879,839,40
S01008625,573,555,18
S01008626,1110,1060,50
S01008627,840,790,50
S01008628,787,745,42
S01008629,1077,1006,71
S01008630,739,697,42
S01008631,910,839,71
S01008632,1275,1206,69
S01008633,1238,1144,94
S01008634,727,658,69
S01008635,850,771,79
S01008636,950,897,53
S01008637,792,755,37
S01008638,1499,1265,234
S01008639,1299,1181,118
S01008640,1210,1127,83
S01008641,1130,1047,83
S01008642,1043,952,91
S01008643,1012,914,98
S01008644,680,582,98
S01008645,1035,919,116
S01008646,1251,1121,130
S01008647,715,632,83
S01008648,988,865,123
S01008649,1281,1134,147
S01008650,912,831,81
S01008651,1203,1084,119
S01008652,739,672,67
S01008653,684,557,127
S01008654,1189,981,208
S01008655,922,739,183
S01008656,1446,1263,183
S01008657,1058,947,111
S01008658,1751,1560,191
S01008659,1210,1084,126
S01008660,1162,1030,132
S01008661,1289,1153,136
S01008662,1051,914,137
S01008663,1009,892,117
S01008664,1006,873,133
S01008665,1698,1488,210
S01008666,1066,911,155
S01008667,1499,1215,284
S01008668,1253,1061,192
S01008669,690,615,75
S01008670,1141,950,191
S01008671,1188,975,213
S01008672,686,538,148
S01008673,1158,868,290
S01008674,1037,812,225
S01008675,889,802,87
S01008676,966,861,105
S01008677,897,790,107
S01008678,1446,1073,373
S01008679,1355,1149,206
S01008680,948,728,220
S01008681,1096,883,213
S01008682,970,804,166
S01008683,2150,1599,551
S01008684,2919,2415,504
S01008685,883,795,88
S01008686,1258,1155,103
S01008687,992,924,68
S01008688,1395,1249,146
S01008689,1190,1132,58
S01008690,1078,975,103
S01008691,1293,1218,75
S01008692,1127,1032,95
S01008693,591,578,13
S01008694,1436,1329,107
S01008695,1014,938,76
S01008696,675,624,51
S01008697,1059,997,62
S01008698,746,714,32
S01008699,1123,1056,67
S01008700,747,699,48
S01008701,938,829,109
S01008702,815,708,107
S01008703,1410,1145,265
S01008704,1651,1411,240
S01008705,938,820,118
S01008706,1369,1202,167
S01008707,1311,1212,99
S01008708,1031,918,113
S01008709,1048,958,90
S01008710,998,863,135
S01008711,784,717,67
S01008712,1253,1130,123
S01008713,635,607,28
S01008714,656,612,44
S01008715,763,748,15
S01008716,694,672,22
S01008717,532,477,55
S01008718,625,552,73
S01008719,1145,991,154
S01008720,586,571,15
S01008721,809,772,37
S01008722,1058,1026,32
S01008723,809,757,52
S01008724,1068,1043,25
S01008725,752,736,16
S01008726,1169,1152,17
S01008727,1233,1187,46
S01008728,654,643,11
S01008729,845,816,29
S01008730,1099,1042,57
S01008731,514,492,22
S01008732,815,782,33
S01008733,869,830,39
S01008734,806,772,34
S01008735,1187,1096,91
S01008736,738,641,97
S01008737,801,756,45
S01008738,913,846,67
S01008739,559,535,24
S01008740,709,667,42
S01008741,1125,1098,27
S01008742,731,707,24
S01008743,1107,1037,70
S01008744,1058,1023,35
S01008745,545,510,35
S01008746,1062,914,148
S01008747,575,554,21
S01008748,1063,970,93
S01008749,1186,1077,109
S01008750,765,730,35
S01008751,1017,976,41
S01008752,976,941,35
S01008753,887,834,53
S01008754,866,810,56
S01008755,1001,942,59
S01008756,827,752,75
S01008757,784,741,43
S01008758,1002,916,86
S01008759,728,668,60
S01008760,1370,1271,99
S01008761,858,775,83
S01008762,551,536,15
S01008763,845,820,25
S01008764,714,663,51
S01008765,1270,1188,82
S01008766,1469,1420,49
S01008767,904,877,27
S01008768,2851,2512,339
S01008769,2294,1992,302
S01008770,2179,1891,288
S01008771,2179,1891,288
S01008772,1201,1140,61
S01008773,1120,1060,60
S01008774,901,830,71
S01008775,539,502,37
S01008776,1282,1162,120
S01008777,1083,961,122
S01008778,990,921,69
S01008779,1100,1022,78
S01008780,920,851,69
S01008781,1098,984,114
S01008782,999,925,74
S01008783,553,539,14
S01008784,779,736,43
S01008785,1066,948,118
S01008786,1197,1106,91
S01008787,690,633,57
S01008788,875,809,66
S01008789,654,583,71
S01008790,919,816,103
S01008791,978,827,151
S01008792,1001,927,74
S01008793,1102,1020,82
S01008794,971,903,68
S01008795,1284,1165,119
S01008796,1182,1045,137
S01008797,1048,941,107
S01008798,987,910,77
S01008799,783,658,125
S01008800,1205,1125,80
S01008801,854,774,80
S01008802,1241,1120,121
S01008803,1112,1001,111
S01008804,929,743,186
S01008805,786,620,166
S01008806,1219,1034,185
S01008807,984,896,88
S01008808,663,621,42
S01008809,801,755,46
S01008810,1029,971,58
S01008811,844,776,68
S01008812,983,859,124
S01008813,1036,832,204
S01008814,1276,1078,198
S01008815,1287,1118,169
S01008816,523,475,48
S01008817,1192,1082,110
S01008818,1166,1050,116
S01008819,1117,1067,50
S01008820,1538,1381,157
S01008821,787,710,77
S01008822,845,794,51
S01008823,959,913,46
S01008824,1274,1241,33
S01008825,619,608,11
S01008826,664,637,27
S01008827,1023,994,29
S01008828,1005,973,32
S01008829,1067,982,85
S01008830,1214,1180,34
S01008831,1044,1031,13
S01008832,755,696,59
S01008833,1103,1050,53
S01008834,1232,1159,73
S01008835,1037,981,56
S01008836,526,466,60
S01008837,1637,1504,133
S01008838,1009,931,78
S01008839,1188,1127,61
S01008840,1074,997,77
S01008841,1289,1121,168
S01008842,161,143,18
S01008843,991,825,166
S01008844,971,823,148
S01008845,853,732,121
S01008846,930,821,109
S01008847,840,780,60
S01008848,920,879,41
S01008849,1061,981,80
S01008850,1424,1369,55
S01008851,1199,1128,71
S01008852,1232,1169,63
S01008853,680,618,62
S01008854,1012,951,61
S01008855,1156,1077,79
S01008856,718,638,80
S01008857,986,955,31
S01008858,1143,1097,46
S01008859,1113,1055,58
S01008860,1241,1167,74
S01008861,973,938,35
S01008862,1053,996,57
S01008863,795,753,42
S01008864,1516,1340,176
S01008865,1077,986,91
S01008866,1033,972,61
S01008867,961,918,43
S01008868,1121,1040,81
S01008869,1068,998,70
S01008870,1173,1102,71
S01008871,1318,1231,87
S01008872,1050,968,82
S01008873,809,777,32
S01008874,835,742,93
S01008875,1112,1004,108
S01008876,807,787,20
S01008877,801,767,34
S01008878,1175,1127,48
S01008879,817,778,39
S01008880,732,708,24
S01008881,640,602,38
S01008882,1289,1252,37
S01008883,1190,1165,25
S01008884,823,780,43
S01008885,964,930,34
S01008886,1174,1038,136
S01008887,770,723,47
S01008888,1409,1226,183
S01008889,879,794,85
S01008890,833,778,55
S01008891,763,716,47
S01008892,1190,1122,68
S01008893,1111,1021,90
S01008894,1006,986,20
S01008895,863,814,49
S01008896,1089,1004,85
S01008897,898,815,83
S01008898,1060,1005,55
S01008899,843,812,31
S01008900,948,883,65
S01008901,1177,1094,83
S01008902,1119,1015,104
S01008903,1078,1012,66
S01008904,1179,955,224
S01008905,1309,1198,111
S01008906,1006,853,153
S01008907,1142,1006,136
S01008908,1119,933,186
S01008909,1095,1055,40
S01008910,1787,1611,176
S01008911,1415,1255,160
S01008912,882,847,35
S01008913,525,502,23
S01008914,1106,1077,29
S01008915,683,651,32
S01008916,1292,1202,90
S01008917,690,630,60
S01008918,824,703,121
S01008919,674,591,83
S01008920,1430,1285,145
S01008921,1403,1255,148
S01008922,1187,1104,83
S01008923,1299,1201,98
S01008924,2320,2103,217
S01008925,843,732,111
S01008926,1637,1476,161
S01008927,1174,1085,89
S01008928,813,765,48
S01008929,1400,1301,99
S01008930,1131,1046,85
S01008931,776,749,27
S01008932,1188,1039,149
S01008933,923,837,86
S01008934,865,746,119
S01008935,1086,1018,68
S01008936,654,630,24
S01008937,831,781,50
S01008938,1045,994,51
S01008939,781,758,23
S01008940,787,754,33
S01008941,955,916,39
S01008942,1226,1187,39
S01008943,884,845,39
S01008944,1013,956,57
S01008945,1091,1031,60
S01008946,912,840,72
S01008947,1141,1061,80
S01008948,1028,937,91
S01008949,1379,1300,79
S01008950,1067,1012,55
S01008951,1022,978,44
S01008952,1428,1332,96
S01008953,1142,1075,67
S01008954,974,919,55
S01008955,878,806,72
S01008956,1250,1200,50
S01008957,1130,1029,101
S01008958,821,763,58
S01008959,1022,958,64
S01008960,1021,911,110
S01008961,963,923,40
S01008962,616,591,25
S01008963,964,922,42
S01008964,740,699,41
S01008965,742,722,20
S01008966,907,856,51
S01008967,1148,1103,45
S01008968,1135,1099,36
S01008969,1088,1035,53
S01008970,1144,1125,19
S01008971,697,672,25
S01008972,1539,1498,41
S01008973,812,779,33
S01008974,939,866,73
S01008975,903,871,32
S01008976,747,727,20
S01008977,835,809,26
S01008978,719,674,45
S01008979,853,772,81
S01008980,834,786,48
S01008981,808,790,18
S01008982,922,868,54
S01008983,844,803,41
S01008984,518,501,17
S01008985,794,751,43
S01008986,958,932,26
S01008987,1013,990,23
S01008988,1058,1002,56
S01008989,1031,981,50
S01008990,1170,1076,94
S01008991,1220,1112,108
S01008992,440,407,33
S01008993,1284,1225,59
S01008994,1043,1028,15
S01008995,1122,1096,26
S01008996,703,676,27
S01008997,1088,1044,44
S01008998,1197,1179,18
S01008999,970,964,6
S01009000,1117,1105,12
S01009001,888,863,25
S01009002,941,927,14
S01009003,1035,1021,14
S01009004,853,837,16
S01009005,1020,1000,20
S01009006,1368,1342,26
S01009007,891,866,25
S01009008,916,910,6
S01009009,476,465,11
S01009010,1378,1354,24
S01009011,1195,1182,13
S01009012,875,861,14
S01009013,1036,1004,32
S01009014,841,838,3
S01009015,643,641,2
S01009016,530,529,1
S01009017,721,720,1
S01009018,745,736,9
S01009019,886,877,9
S01009020,1027,1015,12
S01009021,731,724,7
S01009022,888,882,6
S01009023,936,928,8
S01009024,1246,1230,16
S01009025,918,915,3
S01009026,1108,1100,8
S01009027,884,883,1
S01009028,620,619,1
S01009029,835,829,6
S01009030,1028,1024,4
S01009031,761,761,0
S01009032,660,659,1
S01009033,895,889,6
S01009034,709,702,7
S01009035,930,921,9
S01009036,1074,1067,7
S01009037,1025,1020,5
S01009038,1090,1077,13
S01009039,939,931,8
S01009040,833,808,25
S01009041,1139,1105,34
S01009042,849,829,20
S01009043,1215,1199,16
S01009044,1060,1042,18
S01009045,1105,1090,15
S01009046,872,871,1
S01009047,805,799,6
S01009048,837,835,2
S01009049,780,771,9
S01009050,992,987,5
S01009051,1101,1094,7
S01009052,914,902,12
S01009053,532,519,13
S01009054,700,689,11
S01009055,807,799,8
S01009056,554,541,13
S01009057,732,722,10
S01009058,1029,1002,27
S01009059,901,876,25
S01009060,1214,1181,33
S01009061,941,931,10
S01009062,849,848,1
S01009063,733,719,14
S01009064,691,686,5
S01009065,1699,1675,24
S01009066,693,681,12
S01009067,645,641,4
S01009068,895,890,5
S01009069,882,871,11
S01009070,927,900,27
S01009071,658,643,15
S01009072,1355,1310,45
S01009073,848,825,23
S01009074,1025,1010,15
S01009075,694,684,10
S01009076,1126,1108,18
S01009077,949,918,31
S01009078,565,551,14
S01009079,1352,1333,19
S01009080,2007,1982,25
S01009081,1505,1472,33
S01009082,1708,1682,26
S01009083,774,766,8
S01009084,4234,4096,138
S01009085,1352,1341,11
S01009086,1781,1734,47
S01009087,1637,1599,38
S01009088,1220,1191,29
S01009089,839,817,22
S01009090,462,446,16
S01009091,1887,1773,114
S01009092,1047,1042,5
S01009093,1014,993,21
S01009094,878,868,10
S01009095,1323,1308,15
S01009096,1129,1099,30
S01009097,1834,1798,36
S01009098,527,525,2
S01009099,807,803,4
S01009100,1224,1212,12
S01009101,1045,1034,11
S01009102,1086,1070,16
S01009103,656,649,7
S01009104,775,768,7
S01009105,796,789,7
S01009106,791,789,2
S01009107,1277,1257,20
S01009108,874,848,26
S01009109,956,942,14
S01009110,805,803,2
S01009111,1056,1026,30
S01009112,560,553,7
S01009113,632,607,25
S01009114,902,859,43
S01009115,979,960,19
S01009116,788,781,7
S01009117,765,754,11
S01009118,632,606,26
S01009119,917,894,23
S01009120,737,712,25
S01009121,1083,1076,7
S01009122,1421,1400,21
S01009123,400,396,4
S01009124,992,976,16
S01009125,947,931,16
S01009126,805,794,11
S01009127,718,709,9
S01009128,941,921,20
S01009129,621,598,23
S01009130,733,712,21
S01009131,790,772,18
S01009132,962,921,41
S01009133,742,733,9
S01009134,1006,990,16
S01009135,565,552,13
S01009136,1170,1094,76
S01009137,1510,1429,81
S01009138,1001,971,30
S01009139,578,556,22
S01009140,700,666,34
S01009141,636,627,9
S01009142,835,767,68
S01009143,600,597,3
S01009144,1435,1370,65
S01009145,1831,1765,66
S01009146,1210,1157,53
S01009147,1639,1578,61
S01009148,762,756,6
S01009149,867,832,35
S01009150,747,742,5
S01009151,890,876,14
S01009152,841,818,23
S01009153,762,706,56
S01009154,972,943,29
S01009155,708,692,16
S01009156,1424,1406,18
S01009157,921,896,25
S01009158,848,835,13
S01009159,659,645,14
S01009160,674,663,11
S01009161,884,851,33
S01009162,709,690,19
S01009163,548,529,19
S01009164,974,960,14
S01009165,720,694,26
S01009166,959,938,21
S01009167,750,742,8
S01009168,1081,1056,25
S01009169,890,887,3
S01009170,677,673,4
S01009171,1877,1840,37
S01009172,1036,1016,20
S01009173,1471,1448,23
S01009174,93,92,1
S01009175,1784,1742,42
S01009176,1456,1439,17
S01009177,817,788,29
S01009178,845,817,28
S01009179,855,828,27
S01009180,984,959,25
S01009181,1450,1427,23
S01009182,1171,1157,14
S01009183,1028,1020,8
S01009184,1228,1214,14
S01009185,1136,1125,11
S01009186,979,962,17
S01009187,1121,1097,24
S01009188,1390,1373,17
S01009189,1562,1539,23
S01009190,1557,1521,36
S01009191,801,771,30
S01009192,1345,1317,28
S01009193,734,720,14
S01009194,914,906,8
S01009195,1511,1478,33
S01009196,693,671,22
S01009197,2143,2089,54
S01009198,825,817,8
S01009199,858,844,14
S01009200,1387,1325,62
S01009201,679,659,20
S01009202,582,555,27
S01009203,633,626,7
S01009204,1106,1081,25
S01009205,1145,1127,18
S01009206,1039,1024,15
S01009207,875,859,16
S01009208,631,628,3
S01009209,1298,1281,17
S01009210,861,848,13
S01009211,749,726,23
S01009212,897,885,12
S01009213,894,883,11
S01009214,1237,1219,18
S01009215,1099,1067,32
S01009216,1086,1068,18
S01009217,851,841,10
S01009218,1125,1112,13
S01009219,736,723,13
S01009220,648,630,18
S01009221,634,632,2
S01009222,664,664,0
S01009223,556,544,12
S01009224,994,986,8
S01009225,749,735,14
S01009226,1201,1188,13
S01009227,645,640,5
S01009228,772,767,5
S01009229,917,894,23
S01009230,890,884,6
S01009231,958,952,6
S01009232,684,662,22
S01009233,763,759,4
S01009234,1193,1160,33
S01009235,921,901,20
S01009236,720,708,12
S01009237,747,736,11
S01009238,1010,1003,7
S01009239,867,858,9
S01009240,672,664,8
S01009241,895,887,8
S01009242,886,863,23
S01009243,1187,1177,10
S01009244,814,810,4
S01009245,830,820,10
S01009246,1033,1018,15
S01009247,1224,1214,10
S01009248,688,685,3
S01009249,1108,1082,26
S01009250,770,768,2
S01009251,553,538,15
S01009252,478,474,4
S01009253,733,728,5
S01009254,951,929,22
S01009255,769,752,17
S01009256,634,630,4
S01009257,684,673,11
S01009258,1552,1542,10
S01009259,1080,1077,3
S01009260,2083,2066,17
S01009261,795,789,6
S01009262,849,846,3
S01009263,1224,1215,9
S01009264,778,759,19
S01009265,791,779,12
S01009266,1098,1096,2
S01009267,840,833,7
S01009268,1002,997,5
S01009269,1607,1588,19
S01009270,735,728,7
S01009271,885,871,14
S01009272,896,891,5
S01009273,922,918,4
S01009274,910,888,22
S01009275,665,650,15
S01009276,1029,1019,10
S01009277,756,751,5
S01009278,836,822,14
S01009279,1089,1072,17
S01009280,898,892,6
S01009281,933,921,12
S01009282,1358,1327,31
S01009283,602,588,14
S01009284,822,804,18
S01009285,906,878,28
S01009286,975,960,15
S01009287,846,833,13
S01009288,969,947,22
S01009289,871,868,3
S01009290,646,644,2
S01009291,1185,1177,8
S01009292,511,504,7
S01009293,1000,978,22
S01009294,993,967,26
S01009295,710,700,10
S01009296,991,964,27
S01009297,1622,1593,29
S01009298,1238,1200,38
S01009299,1124,1101,23
S01009300,605,580,25
S01009301,1057,1041,16
S01009302,903,862,41
S01009303,787,759,28
S01009304,1191,1174,17
S01009305,1015,1005,10
S01009306,1314,1292,22
S01009307,1302,1266,36
S01009308,1120,1066,54
S01009309,734,717,17
S01009310,932,900,32
S01009311,1009,970,39
S01009312,991,965,26
S01009313,666,659,7
S01009314,907,886,21
S01009315,703,692,11
S01009316,947,930,17
S01009317,910,902,8
S01009318,951,933,18
S01009319,981,965,16
S01009320,965,936,29
S01009321,1099,1075,24
S01009322,864,854,10
S01009323,1402,1381,21
S01009324,590,581,9
S01009325,978,963,15
S01009326,575,559,16
S01009327,655,647,8
S01009328,1256,1215,41
S01009330,130,130,0
S01009331,1321,1280,41
S01009332,857,841,16
S01009333,893,878,15
S01009334,636,630,6
S01009335,772,751,21
S01009336,658,650,8
S01009337,938,924,14
S01009338,1981,1931,50
S01009339,1139,1117,22
S01009340,872,854,18
S01009341,939,930,9
S01009342,853,837,16
S01009343,574,557,17
S01009344,763,745,18
S01009345,1214,1189,25
S01009346,6248,5923,325
S01009347,6415,6090,325
S01009348,6345,6020,325
S01009349,1037,996,41
S01009350,177,176,1
S01009351,97,97,0
S01009352,75,70,5
S01009353,6695,6357,338
S01009354,7285,6919,366
S01009355,1021,1016,5
S01009356,963,941,22
S01009357,678,640,38
S01009358,455,429,26
S01009359,1243,1194,49
S01009360,835,812,23
S01009361,856,829,27
S01009362,1176,1145,31
S01009363,952,940,12
S01009364,860,848,12
S01009365,825,818,7
S01009366,881,859,22
S01009367,749,739,10
S01009368,1028,997,31
S01009369,961,956,5
S01009370,838,822,16
S01009371,526,517,9
S01009372,642,638,4
S01009373,958,944,14
S01009374,993,978,15
S01009375,797,791,6
S01009376,867,859,8
S01009377,1284,1245,39
S01009378,1261,1232,29
S01009379,981,958,23
S01009380,743,727,16
S01009381,724,713,11
S01009382,1386,1365,21
S01009383,994,974,20
S01009384,564,553,11
S01009385,738,726,12
S01009386,1155,1138,17
S01009387,949,920,29
S01009388,1232,1208,24
S01009389,986,973,13
S01009390,777,746,31
S01009391,873,853,20
S01009392,578,562,16
S01009393,950,928,22
S01009394,943,905,38
S01009395,1040,1004,36
S01009396,736,706,30
S01009397,703,683,20
S01009398,1209,1185,24
S01009399,1004,996,8
S01009400,920,902,18
S01009401,953,942,11
S01009402,809,793,16
S01009403,751,733,18
S01009404,609,579,30
S01009405,749,742,7
S01009406,974,966,8
S01009407,508,499,9
S01009408,842,833,9
S01009409,782,776,6
S01009410,877,868,9
S01009411,1368,1352,16
S01009412,848,842,6
S01009413,1267,1251,16
S01009414,802,789,13
S01009415,1190,1167,23
S01009416,610,598,12
S01009417,1474,1445,29
S01009418,1327,1307,20
S01009419,2054,2026,28
S01009420,763,762,1
S01009421,722,707,15
S01009422,2191,2165,26
S01009423,1337,1313,24
S01009424,723,717,6
S01009425,840,823,17
S01009426,1029,1013,16
S01009427,608,597,11
S01009428,699,694,5
S01009429,827,821,6
S01009430,737,730,7
S01009431,2056,2021,35
S01009432,1101,1095,6
S01009433,826,816,10
S01009434,543,540,3
S01009435,998,991,7
S01009436,828,822,6
S01009437,936,934,2
S01009438,1144,1113,31
S01009439,1132,1109,23
S01009440,887,867,20
S01009441,938,922,16
S01009442,1303,1299,4
S01009443,2808,2624,184
S01009444,893,881,12
S01009445,1068,1064,4
S01009446,1603,1589,14
S01009447,764,758,6
S01009448,720,717,3
S01009449,678,677,1
S01009450,676,668,8
S01009451,1276,1260,16
S01009452,828,823,5
S01009453,1046,1043,3
S01009454,1115,1108,7
S01009455,1384,1375,9
S01009456,852,840,12
S01009457,785,778,7
S01009458,687,681,6
S01009459,1092,1079,13
S01009460,856,854,2
S01009461,778,771,7
S01009462,1285,1273,12
S01009463,1050,1039,11
S01009464,842,829,13
S01009465,1299,1287,12
S01009466,800,785,15
S01009467,864,847,17
S01009468,748,738,10
S01009469,812,799,13
S01009470,1649,1550,99
S01009471,659,639,20
S01009472,1204,1138,66
S01009473,1041,1005,36
S01009474,900,881,19
S01009475,276,267,9
S01009476,1346,1244,102
S01009477,1096,1048,48
S01009478,964,919,45
S01009479,1063,1010,53
S01009480,1155,1116,39
S01009481,922,890,32
S01009482,642,612,30
S01009483,724,693,31
S01009484,1213,1183,30
S01009485,786,772,14
S01009486,799,780,19
S01009487,1179,1143,36
S01009488,971,963,8
S01009489,877,858,19
S01009490,853,834,19
S01009491,698,692,6
S01009492,881,877,4
S01009493,1983,1871,112
S01009494,1224,1184,40
S01009495,871,856,15
S01009496,785,780,5
S01009497,1136,1110,26
S01009498,643,621,22
S01009499,796,788,8
S01009500,857,835,22
S01009501,783,776,7
S01009502,971,963,8
S01009503,976,960,16
S01009504,840,827,13
S01009505,951,936,15
S01009506,1133,1114,19
S01009507,1122,1060,62
S01009508,1197,1182,15
S01009509,1100,1063,37
S01009510,808,781,27
S01009511,906,891,15
S01009512,996,961,35
S01009513,913,904,9
S01009514,846,814,32
S01009515,833,822,11
S01009516,1147,1088,59
S01009517,81,81,0
S01009518,2193,2009,184
S01009519,899,857,42
S01009520,2932,2683,249
S01009521,985,960,25
S01009522,1271,1186,85
S01009523,754,719,35
S01009524,862,826,36
S01009525,532,492,40
S01009526,650,626,24
S01009527,850,831,19
S01009528,798,783,15
S01009529,1083,1071,12
S01009530,918,909,9
S01009531,917,898,19
S01009532,975,954,21
S01009533,933,908,25
S01009534,856,830,26
S01009535,898,874,24
S01009536,559,552,7
S01009537,599,591,8
S01009538,1021,1004,17
S01009539,980,959,21
S01009540,969,962,7
S01009541,1239,1232,7
S01009542,1073,1065,8
S01009543,935,931,4
S01009544,1019,1015,4
S01009545,1114,1102,12
S01009546,746,731,15
S01009547,979,962,17
S01009548,1027,1016,11
S01009549,1312,1283,29
S01009550,569,556,13
S01009551,675,638,37
S01009552,1774,1723,51
S01009553,1051,1038,13
S01009554,819,796,23
S01009555,883,842,41
S01009556,918,897,21
S01009557,960,949,11
S01009558,673,666,7
S01009559,1220,1205,15
S01009560,814,793,21
S01009561,634,606,28
S01009562,1121,1091,30
S01009563,931,927,4
S01009564,681,670,11
S01009565,588,573,15
S01009566,1700,1638,62
S01009567,959,944,15
S01009568,882,865,17
S01009569,1019,1004,15
S01009570,669,660,9
S01009571,769,766,3
S01009572,1030,1005,25
S01009573,743,710,33
S01009574,1493,1447,46
S01009575,827,822,5
S01009576,1370,1310,60
S01009577,878,830,48
S01009578,1064,1056,8
S01009579,284,271,13
S01009580,1161,1120,41
S01009581,758,749,9
S01009582,592,579,13
S01009583,812,799,13
S01009584,537,521,16
S01009585,1216,1198,18
S01009586,1103,1079,24
S01009587,997,975,22
S01009588,1062,1060,2
S01009589,1169,1143,26
S01009590,898,858,40
S01009591,906,881,25
S01009592,1088,1039,49
S01009593,690,671,19
S01009594,623,620,3
S01009595,824,781,43
S01009596,1014,997,17
S01009597,1117,1086,31
S01009598,721,718,3
S01009599,1177,1145,32
S01009600,996,974,22
S01009601,884,868,16
S01009602,770,758,12
S01009603,696,664,32
S01009604,689,676,13
S01009605,961,944,17
S01009606,823,805,18
S01009607,528,511,17
S01009608,606,602,4
S01009609,1084,1083,1
S01009610,1054,1042,12
S01009611,432,431,1
S01009612,597,596,1
S01009613,684,654,30
S01009614,649,644,5
S01009615,641,635,6
S01009616,1713,1679,34
S01009617,784,771,13
S01009618,953,950,3
S01009619,732,726,6
S01009620,934,916,18
S01009621,777,757,20
S01009622,836,832,4
S01009623,742,719,23
S01009624,876,860,16
S01009625,1672,1647,25
S01009626,838,826,12
S01009627,944,937,7
S01009628,620,614,6
S01009629,1666,1646,20
S01009630,811,805,6
S01009631,754,747,7
S01009632,667,652,15
S01009633,756,749,7
S01009634,761,758,3
S01009635,1209,1186,23
S01009636,904,893,11
S01009637,952,930,22
S01009638,781,775,6
S01009639,1025,1000,25
S01009640,845,827,18
S01009641,861,842,19
S01009642,1014,984,30
S01009643,837,821,16
S01009644,562,557,5
S01009645,879,869,10
S01009646,730,719,11
S01009647,595,592,3
S01009648,1280,1274,6
S01009649,1486,1478,8
S01009650,773,759,14
S01009651,918,908,10
S01009652,1090,1075,15
S01009653,781,772,9
S01009654,583,571,12
S01009655,986,975,11
S01009656,811,806,5
S01009657,951,923,28
S01009658,1193,1185,8
S01009659,607,604,3
S01009660,1052,1026,26
S01009661,1812,1771,41
S01009662,885,879,6
S01009663,775,775,0
S01009664,1125,1116,9
S01009665,1366,1351,15
S01009666,1170,1151,19
S01009667,523,515,8
S01009668,589,579,10
S01009669,590,583,7
S01009670,777,773,4
S01009671,924,917,7
S01009672,1252,1235,17
S01009673,895,884,11
S01009674,1140,1137,3
S01009675,882,866,16
S01009676,1366,1354,12
S01009677,782,774,8
S01009678,591,583,8
S01009679,1170,1153,17
S01009680,1278,1267,11
S01009681,796,786,10
S01009682,856,832,24
S01009683,865,835,30
S01009684,1466,1435,31
S01009685,1104,1090,14
S01009686,1355,1302,53
S01009687,1039,1030,9
S01009688,1216,1197,19
S01009689,605,569,36
S01009690,793,769,24
S01009691,760,743,17
S01009692,1236,1224,12
S01009693,900,897,3
S01009694,1197,1187,10
S01009695,967,960,7
S01009696,1019,1016,3
S01009697,798,788,10
S01009698,697,691,6
S01009699,562,556,6
S01009700,649,643,6
S01009701,767,757,10
S01009702,631,620,11
S01009703,834,828,6
S01009704,1068,1056,12
S01009705,732,721,11
S01009706,804,794,10
S01009707,477,467,10
S01009708,752,745,7
S01009709,796,780,16
S01009710,660,639,21
S01009711,997,973,24
S01009712,663,652,11
S01009713,890,886,4
S01009714,922,911,11
S01009715,638,623,15
S01009716,1242,1201,41
S01009717,1511,1362,149
S01009718,908,875,33
S01009719,960,911,49
S01009720,872,833,39
S01009721,668,589,79
S01009722,1134,1031,103
S01009723,1057,902,155
S01009724,1093,1014,79
S01009725,1063,979,84
S01009726,1042,941,101
S01009727,1596,1548,48
S01009728,727,691,36
S01009729,936,904,32
S01009730,1716,1627,89
S01009731,971,912,59
S01009732,3142,2546,596
S01009733,696,690,6
S01009734,1829,1529,300
S01009735,1314,1011,303
S01009736,3181,2550,631
S01009737,782,772,10
S01009738,420,411,9
S01009739,764,751,13
S01009740,770,759,11
S01009741,946,930,16
S01009742,495,488,7
S01009743,1186,1175,11
S01009744,829,821,8
S01009745,1168,1142,26
S01009746,802,794,8
S01009747,989,961,28
S01009748,703,693,10
S01009749,954,931,23
S01009750,752,736,16
S01009751,1046,1029,17
S01009752,888,865,23
S01009753,854,831,23
S01009754,1548,1523,25
S01009755,673,648,25
S01009756,879,870,9
S01009757,804,791,13
S01009758,1018,966,52
S01009759,1183,1068,115
S01009760,1113,1033,80
S01009761,2442,1612,830
S01009762,1058,961,97
S01009763,432,382,50
S01009764,1201,1000,201
S01009765,1128,891,237
S01009766,836,789,47
S01009767,2253,1432,821
S01009768,786,672,114
S01009769,1472,1291,181
S01009770,830,601,229
S01009771,888,580,308
S01009772,2167,1375,792
S01009773,161,154,7
S01009774,97,77,20
S01009775,802,778,24
S01009776,1191,1146,45
S01009777,590,552,38
S01009778,1079,1018,61
S01009779,810,774,36
S01009780,1331,1220,111
S01009781,799,781,18
S01009782,1067,976,91
S01009783,741,719,22
S01009784,951,918,33
S01009785,1096,1038,58
S01009786,1134,1080,54
S01009787,867,848,19
S01009788,1201,1173,28
S01009789,1145,1110,35
S01009790,981,971,10
S01009791,775,742,33
S01009792,423,316,107
S01009793,943,882,61
S01009794,483,469,14
S01009795,990,910,80
S01009796,1903,1583,320
S01009797,928,810,118
S01009798,1025,978,47
S01009799,1467,1395,72
S01009800,1233,1190,43
S01009801,1255,1199,56
S01009802,1022,971,51
S01009803,1132,1059,73
S01009804,1650,1341,309
S01009805,962,905,57
S01009806,1201,1132,69
S01009807,920,856,64
S01009808,1421,1101,320
S01009809,1037,1003,34
S01009810,977,912,65
S01009811,1264,1238,26
S01009812,856,829,27
S01009813,1102,878,224
S01009814,1118,1062,56
S01009815,998,970,28
S01009816,1097,1063,34
S01009817,837,833,4
S01009818,926,902,24
S01009819,1011,986,25
S01009820,958,920,38
S01009821,755,712,43
S01009822,802,765,37
S01009823,1068,1039,29
S01009824,1132,1060,72
S01009825,1300,1248,52
S01009826,774,750,24
S01009827,854,810,44
S01009828,1264,1200,64
S01009829,1137,1053,84
S01009830,918,866,52
S01009831,1164,1107,57
S01009832,1085,1020,65
S01009833,624,583,41
S01009834,1187,1115,72
S01009835,608,594,14
S01009836,961,908,53
S01009837,1024,964,60
S01009838,757,708,49
S01009839,1062,992,70
S01009840,965,958,7
S01009841,1163,1001,162
S01009842,960,826,134
S01009843,745,670,75
S01009844,704,634,70
S01009845,1299,1107,192
S01009846,983,873,110
S01009847,754,688,66
S01009848,866,814,52
S01009849,1005,980,25
S01009850,984,921,63
S01009851,1052,1028,24
S01009852,608,570,38
S01009853,939,878,61
S01009854,982,911,71
S01009855,754,701,53
S01009856,635,564,71
S01009857,907,859,48
S01009858,987,924,63
S01009859,1109,1013,96
S01009860,1085,974,111
S01009861,1484,1248,236
S01009862,1109,905,204
S01009863,969,671,298
S01009864,820,746,74
S01009865,549,457,92
S01009866,1002,837,165
S01009867,1201,1011,190
S01009868,1104,796,308
S01009869,846,460,386
S01009870,889,593,296
S01009871,984,721,263
S01009872,818,507,311
S01009873,913,689,224
S01009874,1048,877,171
S01009875,896,372,524
S01009876,1091,665,426
S01009877,896,614,282
S01009878,705,226,479
S01009879,1025,805,220
S01009880,1169,535,634
S01009881,921,344,577
S01009882,1439,890,549
S01009883,1226,519,707
S01009884,996,481,515
S01009885,899,321,578
S01009886,813,307,506
S01009887,1147,622,525
S01009888,809,344,465
S01009889,1146,603,543
S01009890,753,535,218
S01009891,734,535,199
S01009892,1159,843,316
S01009893,976,571,405
S01009894,991,742,249
S01009895,888,623,265
S01009896,1229,881,348
S01009897,1245,938,307
S01009898,982,717,265
S01009899,1020,932,88
S01009900,1161,1066,95
S01009901,1054,938,116
S01009902,1111,932,179
S01009903,1040,665,375
S01009904,784,690,94
S01009905,749,477,272
S01009906,667,465,202
S01009907,1239,940,299
S01009908,1320,1057,263
S01009909,899,724,175
S01009910,857,670,187
S01009911,1235,1094,141
S01009912,1073,793,280
S01009913,980,532,448
S01009914,984,733,251
S01009915,861,643,218
S01009916,1257,625,632
S01009917,858,649,209
S01009918,889,786,103
S01009919,1194,944,250
S01009920,1087,964,123
S01009921,753,677,76
S01009922,1260,1114,146
S01009923,955,867,88
S01009924,1099,907,192
S01009925,1170,989,181
S01009926,997,843,154
S01009927,614,582,32
S01009928,914,873,41
S01009929,562,508,54
S01009930,1034,913,121
S01009931,856,832,24
S01009932,1030,936,94
S01009933,1651,1353,298
S01009934,1446,1219,227
S01009935,714,676,38
S01009936,1119,971,148
S01009937,781,550,231
S01009938,1004,905,99
S01009939,1185,896,289
S01009940,837,828,9
S01009941,1261,768,493
S01009942,1148,1051,97
S01009943,1266,1198,68
S01009944,1089,897,192
S01009945,1065,991,74
S01009946,984,872,112
S01009947,863,790,73
S01009948,1260,1015,245
S01009949,963,872,91
S01009950,727,599,128
S01009951,858,727,131
S01009952,1080,1000,80
S01009953,1319,1097,222
S01009954,725,496,229
S01009955,1150,1014,136
S01009956,862,776,86
S01009957,1291,1146,145
S01009958,1162,1098,64
S01009959,913,807,106
S01009960,1337,1207,130
S01009961,674,651,23
S01009962,1062,1008,54
S01009963,1135,1096,39
S01009964,1253,1101,152
S01009965,923,885,38
S01009966,1164,1121,43
S01009967,984,953,31
S01009968,608,587,21
S01009969,1358,1327,31
S01009970,1064,1026,38
S01009971,1582,1508,74
S01009972,937,895,42
S01009973,829,802,27
S01009974,916,893,23
S01009975,908,897,11
S01009976,782,774,8
S01009977,1099,1080,19
S01009978,1343,1287,56
S01009979,1048,1028,20
S01009980,707,696,11
S01009981,984,970,14
S01009982,1030,943,87
S01009983,663,577,86
S01009984,1048,967,81
S01009985,615,556,59
S01009986,699,673,26
S01009987,880,860,20
S01009988,665,629,36
S01009989,1022,987,35
S01009990,975,956,19
S01009991,1042,995,47
S01009992,945,919,26
S01009993,826,814,12
S01009994,725,718,7
S01009995,653,629,24
S01009996,918,879,39
S01009997,648,618,30
S01009998,934,806,128
S01009999,886,825,61
S01010000,860,794,66
S01010001,798,721,77
S01010002,1343,1224,119
S01010003,969,936,33
S01010004,924,822,102
S01010005,963,914,49
S01010006,1261,1168,93
S01010007,959,906,53
S01010008,765,700,65
S01010009,640,597,43
S01010010,1466,1379,87
S01010011,828,789,39
S01010012,1511,1404,107
S01010013,970,918,52
S01010014,1278,1134,144
S01010015,1038,899,139
S01010016,724,708,16
S01010017,968,931,37
S01010018,1180,1075,105
S01010019,1164,1079,85
S01010020,993,946,47
S01010021,806,567,239
S01010022,1040,929,111
S01010023,1409,1285,124
S01010024,806,697,109
S01010025,891,746,145
S01010026,1788,1589,199
S01010027,1894,1658,236
S01010028,763,698,65
S01010029,535,501,34
S01010030,950,854,96
S01010031,1039,796,243
S01010032,1550,1099,451
S01010033,1132,784,348
S01010034,1422,1110,312
S01010035,973,569,404
S01010036,1588,1212,376
S01010037,1022,981,41
S01010038,1382,1252,130
S01010039,1033,899,134
S01010040,907,803,104
S01010041,994,904,90
S01010042,1448,1261,187
S01010043,1034,943,91
S01010044,1450,1339,111
S01010045,824,769,55
S01010046,1130,1075,55
S01010047,1083,1043,40
S01010048,1370,1315,55
S01010049,1078,1000,78
S01010050,993,941,52
S01010051,808,749,59
S01010052,648,565,83
S01010053,859,749,110
S01010054,764,736,28
S01010055,1342,1256,86
S01010056,599,583,16
S01010057,553,522,31
S01010058,996,952,44
S01010059,759,715,44
S01010060,986,956,30
S01010061,822,798,24
S01010062,807,781,26
S01010063,1132,1104,28
S01010064,773,750,23
S01010065,839,821,18
S01010066,753,707,46
S01010067,1066,1016,50
S01010068,742,651,91
S01010069,1082,995,87
S01010070,665,622,43
S01010071,925,884,41
S01010072,1097,1078,19
S01010073,1023,1000,23
S01010074,1128,1084,44
S01010075,781,777,4
S01010076,859,853,6
S01010077,719,709,10
S01010078,692,647,45
S01010079,923,910,13
S01010080,803,794,9
S01010081,1104,1082,22
S01010082,860,844,16
S01010083,1035,1009,26
S01010084,1110,1098,12
S01010085,1093,1076,17
S01010086,1027,1018,9
S01010087,573,565,8
S01010088,1545,1442,103
S01010089,1074,1027,47
S01010090,1169,1141,28
S01010091,1813,1703,110
S01010092,1144,1100,44
S01010093,951,922,29
S01010094,1191,1183,8
S01010095,1218,1190,28
S01010096,927,905,22
S01010097,735,710,25
S01010098,727,720,7
S01010099,948,945,3
S01010100,886,843,43
S01010101,1080,1028,52
S01010102,742,676,66
S01010103,888,847,41
S01010104,1039,996,43
S01010105,803,786,17
S01010106,629,625,4
S01010107,1016,971,45
S01010108,733,727,6
S01010109,2300,2146,154
S01010110,1066,1044,22
S01010111,1163,1144,19
S01010112,1139,1119,20
S01010113,551,535,16
S01010114,873,850,23
S01010115,632,623,9
S01010116,1428,1361,67
S01010117,1442,1298,144
S01010118,850,820,30
S01010119,543,517,26
S01010120,1045,1009,36
S01010121,802,784,18
S01010122,547,539,8
S01010123,733,702,31
S01010124,723,698,25
S01010125,932,911,21
S01010126,657,653,4
S01010127,694,680,14
S01010128,758,744,14
S01010129,1039,1005,34
S01010130,978,950,28
S01010131,1144,1116,28
S01010132,1142,1091,51
S01010133,924,909,15
S01010134,1244,1223,21
S01010135,1166,1160,6
S01010136,1076,1065,11
S01010137,1297,1279,18
S01010138,994,893,101
S01010139,1229,1200,29
S01010140,989,958,31
S01010141,1065,1043,22
S01010142,644,628,16
S01010143,829,817,12
S01010144,700,681,19
S01010145,778,752,26
S01010146,1267,1209,58
S01010147,1136,1113,23
S01010148,1420,1366,54
S01010149,780,742,38
S01010150,870,857,13
S01010151,940,916,24
S01010152,954,916,38
S01010153,1043,1005,38
S01010154,962,944,18
S01010155,821,801,20
S01010156,1064,1038,26
S01010157,981,953,28
S01010158,913,887,26
S01010159,735,727,8
S01010160,822,675,147
S01010161,893,844,49
S01010162,1079,1040,39
S01010163,1301,1249,52
S01010164,888,868,20
S01010165,627,605,22
S01010166,1498,1421,77
S01010167,911,899,12
S01010168,616,614,2
S01010169,890,819,71
S01010170,858,835,23
S01010171,1613,1543,70
S01010172,769,755,14
S01010173,1108,1070,38
S01010174,1540,1497,43
S01010175,480,469,11
S01010176,977,936,41
S01010177,776,722,54
S01010178,1103,1044,59
S01010179,1655,1512,143
S01010180,923,801,122
S01010181,1057,1030,27
S01010182,1107,977,130
S01010183,1528,1255,273
S01010184,630,613,17
S01010185,733,690,43
S01010186,647,524,123
S01010187,789,781,8
S01010188,1909,1651,258
S01010189,976,869,107
S01010190,272,249,23
S01010191,736,672,64
S01010192,1050,839,211
S01010193,907,824,83
S01010194,689,689,0
S01010195,1021,985,36
S01010196,820,806,14
S01010197,757,744,13
S01010198,1131,1103,28
S01010199,693,656,37
S01010200,690,685,5
S01010201,928,927,1
S01010202,783,640,143
S01010203,729,681,48
S01010204,1190,1121,69
S01010205,658,609,49
S01010206,497,86,411
S01010207,859,379,480
S01010208,1049,947,102
S01010209,1038,935,103
S01010210,1076,1036,40
S01010211,916,879,37
S01010212,1262,1118,144
S01010213,1112,1083,29
S01010214,967,857,110
S01010215,1057,974,83
S01010216,1039,896,143
S01010217,1001,855,146
S01010218,1282,1084,198
S01010219,767,358,409
S01010220,573,428,145
S01010221,655,612,43
S01010222,713,650,63
S01010223,655,602,53
S01010224,1364,1178,186
S01010225,931,789,142
S01010226,792,346,446
S01010227,921,403,518
S01010228,695,673,22
S01010229,1087,1014,73
S01010230,1431,825,606
S01010231,1013,797,216
S01010232,880,731,149
S01010233,1567,1078,489
S01010234,1069,931,138
S01010235,884,738,146
S01010236,736,637,99
S01010237,1007,929,78
S01010238,1051,958,93
S01010239,1026,926,100
S01010240,1111,1040,71
S01010241,1019,954,65
S01010242,1180,1095,85
S01010243,1392,1263,129
S01010244,1006,927,79
S01010245,1122,1094,28
S01010246,1162,1074,88
S01010247,952,877,75
S01010248,959,860,99
S01010249,976,906,70
S01010250,1114,980,134
S01010251,780,642,138
S01010252,754,667,87
S01010253,759,693,66
S01010254,1159,1103,56
S01010255,1269,1093,176
S01010256,1070,1052,18
S01010257,2783,1887,896
S01010258,2329,1659,670
S01010259,1679,1275,404
S01010260,1682,1231,451
S01010261,2972,2248,724
S01010262,1221,1083,138
S01010263,841,644,197
S01010264,1287,1106,181
S01010265,1296,1091,205
S01010266,934,677,257
S01010267,893,664,229
S01010268,965,680,285
S01010269,969,691,278
S01010270,1474,1198,276
S01010271,931,662,269
S01010272,1283,968,315
S01010273,1107,819,288
S01010274,677,579,98
S01010275,1410,1072,338
S01010276,993,729,264
S01010277,610,522,88
S01010278,1357,990,367
S01010279,835,627,208
S01010280,878,730,148
S01010281,779,566,213
S01010282,1246,1052,194
S01010283,874,692,182
S01010284,1711,1202,509
S01010285,1151,913,238
S01010286,2387,1594,793
S01010287,1323,1100,223
S01010288,1201,1001,200
S01010289,771,708,63
S01010290,857,657,200
S01010291,1149,876,273
S01010292,1197,905,292
S01010293,926,667,259
S01010294,1025,731,294
S01010295,974,668,306
S01010296,894,531,363
S01010297,964,763,201
S01010298,966,821,145
S01010299,608,429,179
S01010300,1473,1086,387
S01010301,522,358,164
S01010302,846,642,204
S01010303,683,331,352
S01010304,732,599,133
S01010305,1155,1027,128
S01010306,828,717,111
S01010307,892,824,68
S01010308,975,824,151
S01010309,615,574,41
S01010310,864,697,167
S01010311,1081,988,93
S01010312,1028,952,76
S01010313,1498,1333,165
S01010314,1451,1198,253
S01010315,1078,932,146
S01010316,1030,865,165
S01010317,1350,1241,109
S01010318,1753,1575,178
S01010319,1045,911,134
S01010320,783,666,117
S01010321,1172,1106,66
S01010322,1374,1257,117
S01010323,735,681,54
S01010324,940,918,22
S01010325,1018,1005,13
S01010326,1410,1288,122
S01010327,1352,1227,125
S01010328,1137,1042,95
S01010329,492,472,20
S01010330,725,697,28
S01010331,1283,1249,34
S01010332,1046,1021,25
S01010333,962,920,42
S01010334,1276,1246,30
S01010335,1148,1119,29
S01010336,1212,1135,77
S01010337,852,842,10
S01010338,884,857,27
S01010339,936,924,12
S01010340,853,771,82
S01010341,812,774,38
S01010342,829,798,31
S01010343,1427,1318,109
S01010344,929,913,16
S01010345,652,566,86
S01010346,1157,1059,98
S01010347,1125,1026,99
S01010348,1076,1038,38
S01010349,1137,1116,21
S01010350,1362,1223,139
S01010351,1038,916,122
S01010352,803,757,46
S01010353,1070,905,165
S01010354,733,664,69
S01010355,1203,1136,67
S01010356,724,659,65
S01010357,670,610,60
S01010358,902,854,48
S01010359,1237,1154,83
S01010360,567,507,60
S01010361,535,466,69
S01010362,970,816,154
S01010363,758,669,89
S01010364,1181,1018,163
S01010365,1202,1078,124
S01010366,1401,1254,147
S01010367,1743,1321,422
S01010368,922,854,68
S01010369,825,721,104
S01010370,725,641,84
S01010371,1231,1110,121
S01010372,936,832,104
S01010373,761,678,83
S01010374,1015,912,103
S01010375,896,786,110
S01010376,1019,752,267
S01010377,1082,801,281
S01010378,954,838,116
S01010379,1545,1325,220
S01010380,1115,1049,66
S01010381,1123,945,178
S01010382,958,895,63
S01010383,864,739,125
S01010384,1382,1209,173
S01010385,979,896,83
S01010386,1250,1114,136
S01010387,1734,1514,220
S01010388,1103,1025,78
S01010389,1777,1396,381
S01010390,1303,1208,95
S01010391,2917,2437,480
S01010392,2000,1609,391
S01010393,1628,1529,99
S01010394,936,852,84
S01010395,1144,1039,105
S01010396,1033,953,80
S01010397,905,860,45
S01010398,1090,1008,82
S01010399,1668,1548,120
S01010400,1101,1020,81
S01010401,825,776,49
S01010402,1173,1086,87
S01010403,1158,1080,78
S01010404,1222,1145,77
S01010405,996,942,54
S01010406,962,895,67
S01010407,1256,1115,141
S01010408,695,635,60
S01010409,1350,1241,109
S01010410,595,532,63
S01010411,1539,1442,97
S01010412,966,886,80
S01010413,949,880,69
S01010414,1231,1138,93
S01010415,1173,1082,91
S01010416,914,825,89
S01010417,580,539,41
S01010418,1223,1155,68
S01010419,1629,1545,84
S01010420,1202,1124,78
S01010421,889,845,44
S01010422,1177,1110,67
S01010423,1037,948,89
S01010424,1026,980,46
S01010425,1032,967,65
S01010426,1098,1024,74
S01010427,1343,918,425
S01010428,1603,1499,104
S01010429,978,924,54
S01010430,1040,878,162
S01010431,1020,997,23
S01010432,880,782,98
S01010433,905,510,395
S01010434,819,696,123
S01010435,689,644,45
S01010436,778,702,76
S01010437,557,518,39
S01010438,1058,867,191
S01010439,1371,1206,165
S01010440,1229,1140,89
S01010441,899,861,38
S01010442,849,754,95
S01010443,765,750,15
S01010444,685,671,14
S01010445,1109,1047,62
S01010446,838,817,21
S01010447,1126,1045,81
S01010448,1057,1015,42
S01010449,1014,970,44
S01010450,889,870,19
S01010451,1098,985,113
S01010452,919,895,24
S01010453,1143,966,177
S01010454,1170,1134,36
S01010455,942,859,83
S01010456,633,611,22
S01010457,1044,893,151
S01010458,843,780,63
S01010459,752,727,25
S01010460,810,673,137
S01010461,1026,941,85
S01010462,1088,696,392
S01010463,796,782,14
S01010464,653,631,22
S01010465,999,911,88
S01010466,1608,1410,198
S01010467,981,878,103
S01010468,1209,979,230
S01010469,826,760,66
S01010470,900,876,24
S01010471,922,874,48
S01010472,1339,1190,149
S01010473,1044,914,130
S01010474,1099,975,124
S01010475,1240,1110,130
S01010476,1048,995,53
S01010477,951,902,49
S01010478,1411,1318,93
S01010479,1022,980,42
S01010480,845,825,20
S01010481,880,836,44
S01010482,998,960,38
S01010483,1110,1080,30
S01010484,987,959,28
S01010485,1072,1017,55
S01010486,1210,1162,48
S01010487,1123,1102,21
S01010488,1366,1301,65
S01010489,1471,1409,62
S01010490,893,832,61
S01010491,1049,994,55
S01010492,808,778,30
S01010493,1200,1176,24
S01010494,698,652,46
S01010495,1184,1150,34
S01010496,1628,1478,150
S01010497,1063,1029,34
S01010498,1333,1307,26
S01010499,1355,1247,108
S01010500,1258,1204,54
S01010501,910,893,17
S01010502,756,733,23
S01010503,838,817,21
S01010504,531,529,2
S01010505,655,652,3
S01010506,889,883,6
S01010507,1092,1078,14
S01010508,1150,1142,8
S01010509,1183,1175,8
S01010510,1659,1642,17
S01010511,1254,1247,7
S01010512,912,902,10
S01010513,897,889,8
S01010514,918,917,1
S01010515,906,899,7
S01010516,614,601,13
S01010517,1136,1118,18
S01010518,922,897,25
S01010519,938,931,7
S01010520,1172,1158,14
S01010521,1035,1020,15
S01010522,812,800,12
S01010523,1065,1044,21
S01010524,585,566,19
S01010525,790,779,11
S01010526,927,922,5
S01010527,1300,1277,23
S01010528,794,780,14
S01010529,1084,1069,15
S01010530,753,744,9
S01010531,1094,1079,15
S01010532,840,825,15
S01010533,920,910,10
S01010534,1115,1108,7
S01010535,715,710,5
S01010536,1165,1153,12
S01010537,1411,1382,29
S01010538,1129,1122,7
S01010539,1037,1020,17
S01010540,628,624,4
S01010541,840,832,8
S01010542,1069,1066,3
S01010543,606,602,4
S01010544,1281,1266,15
S01010545,738,715,23
S01010546,1010,995,15
S01010547,757,751,6
S01010548,583,578,5
S01010549,1286,1274,12
S01010550,690,685,5
S01010551,831,820,11
S01010552,1005,987,18
S01010553,621,612,9
S01010554,776,728,48
S01010555,1057,1006,51
S01010556,1197,1171,26
S01010557,736,736,0
S01010558,608,591,17
S01010559,791,784,7
S01010560,663,645,18
S01010561,963,957,6
S01010562,1007,998,9
S01010563,800,799,1
S01010564,806,804,2
S01010565,963,960,3
S01010566,1090,1083,7
S01010567,1243,1238,5
S01010568,1422,1405,17
S01010569,953,925,28
S01010570,1563,1533,30
S01010571,917,895,22
S01010572,1004,990,14
S01010573,641,631,10
S01010574,609,585,24
S01010575,873,856,17
S01010576,822,809,13
S01010577,901,885,16
S01010578,576,571,5
S01010579,736,727,9
S01010580,513,486,27
S01010581,843,828,15
S01010582,686,676,10
S01010583,986,973,13
S01010584,2141,2083,58
S01010585,2051,1991,60
S01010586,632,625,7
S01010587,872,852,20
S01010588,836,810,26
S01010589,2397,2305,92
S01010590,1797,1775,22
S01010591,626,617,9
S01010592,366,357,9
S01010593,2428,2323,105
S01010594,1852,1770,82
S01010595,1850,1770,80
S01010596,3420,3361,59
S01010597,2421,2364,57
S01010598,2542,2485,57
S01010599,819,811,8
S01010600,1694,1664,30
S01010601,774,755,19
S01010602,652,645,7
S01010603,809,795,14
S01010604,845,838,7
S01010605,1368,1346,22
S01010606,1054,1045,9
S01010607,1064,1040,24
S01010608,781,764,17
S01010609,570,564,6
S01010610,781,768,13
S01010611,1197,1188,9
S01010612,781,779,2
S01010613,820,811,9
S01010614,706,695,11
S01010615,1026,999,27
S01010616,1078,1019,59
S01010617,1005,999,6
S01010618,1010,996,14
S01010619,1279,1240,39
S01010620,744,715,29
S01010621,1121,1084,37
S01010622,648,644,4
S01010623,1066,1003,63
S01010624,755,690,65
S01010625,786,771,15
S01010626,993,980,13
S01010627,1095,1075,20
S01010628,1189,1139,50
S01010629,1290,1264,26
S01010630,698,689,9
S01010631,986,969,17
S01010632,958,940,18
S01010633,1035,1026,9
S01010634,665,654,11
S01010635,803,795,8
S01010636,987,968,19
S01010637,852,826,26
S01010638,995,969,26
S01010639,1332,1311,21
S01010640,898,838,60
S01010641,1350,1317,33
S01010642,1035,1016,19
S01010643,844,833,11
S01010644,879,867,12
S01010645,767,756,11
S01010646,807,780,27
S01010647,696,680,16
S01010648,981,963,18
S01010649,785,778,7
S01010650,701,688,13
S01010651,674,660,14
S01010652,825,815,10
S01010653,742,739,3
S01010654,763,757,6
S01010655,1019,1007,12
S01010656,705,697,8
S01010657,919,914,5
S01010658,1106,1081,25
S01010659,792,780,12
S01010660,917,913,4
S01010661,775,774,1
S01010662,922,907,15
S01010663,1511,1488,23
S01010664,783,779,4
S01010665,1055,1051,4
S01010666,1405,1387,18
S01010667,801,791,10
S01010668,1318,1295,23
S01010669,608,607,1
S01010670,943,940,3
S01010671,895,882,13
S01010672,1366,1357,9
S01010673,1117,1103,14
S01010674,1180,1171,9
S01010675,952,946,6
S01010676,1201,1193,8
S01010677,501,500,1
S01010678,1057,1055,2
S01010679,1584,1569,15
S01010680,788,780,8
S01010681,1353,1336,17
S01010682,1307,1299,8
S01010683,975,973,2
S01010684,1054,1042,12
S01010685,758,752,6
S01010686,701,695,6
S01010687,1071,1064,7
S01010688,849,834,15
S01010689,1007,997,10
S01010690,938,925,13
S01010691,1020,1007,13
S01010692,749,737,12
S01010693,385,384,1
S01010694,798,785,13
S01010695,727,724,3
S01010696,1212,1198,14
S01010697,1122,1115,7
S01010698,764,758,6
S01010699,605,603,2
S01010700,611,607,4
S01010701,1314,1305,9
S01010702,1077,1063,14
S01010703,902,893,9
S01010704,1291,1266,25
S01010705,1290,1283,7
S01010706,887,873,14
S01010707,750,743,7
S01010708,1067,1058,9
S01010709,904,894,10
S01010710,969,966,3
S01010711,778,772,6
S01010712,864,860,4
S01010713,1024,1011,13
S01010714,839,828,11
S01010715,808,792,16
S01010716,976,943,33
S01010717,1009,992,17
S01010718,1078,1072,6
S01010719,918,900,18
S01010720,881,872,9
S01010721,828,822,6
S01010722,1208,1198,10
S01010723,1108,1096,12
S01010724,887,881,6
S01010725,822,820,2
S01010726,1091,1082,9
S01010727,765,763,2
S01010728,1016,1009,7
S01010729,924,913,11
S01010730,845,835,10
S01010731,906,896,10
S01010732,840,816,24
S01010733,1018,1006,12
S01010734,1051,1037,14
S01010735,1051,1050,1
S01010736,500,500,0
S01010737,1038,1023,15
S01010738,1127,1119,8
S01010739,870,857,13
S01010740,700,694,6
S01010741,695,685,10
S01010742,887,875,12
S01010743,1008,989,19
S01010744,1166,1159,7
S01010745,702,675,27
S01010746,1016,1011,5
S01010747,1170,1163,7
S01010748,631,625,6
S01010749,736,736,0
S01010750,626,622,4
S01010751,999,994,5
S01010752,1063,1057,6
S01010753,1318,1314,4
S01010754,1021,1011,10
S01010755,863,854,9
S01010756,835,829,6
S01010757,863,860,3
S01010758,702,696,6
S01010759,682,672,10
S01010760,816,806,10
S01010761,536,533,3
S01010762,598,594,4
S01010763,940,937,3
S01010764,576,572,4
S01010765,1228,1222,6
S01010766,784,774,10
S01010767,706,704,2
S01010768,737,726,11
S01010769,483,482,1
S01010770,877,871,6
S01010771,960,959,1
S01010772,762,760,2
S01010773,785,780,5
S01010774,1353,1346,7
S01010775,643,638,5
S01010776,833,823,10
S01010777,512,511,1
S01010778,649,645,4
S01010779,995,981,14
S01010780,648,644,4
S01010781,965,945,20
S01010782,623,614,9
S01010783,897,887,10
S01010784,1122,1109,13
S01010785,793,788,5
S01010786,688,687,1
S01010787,913,912,1
S01010788,622,613,9
S01010789,888,884,4
S01010790,827,824,3
S01010791,993,990,3
S01010792,1152,1145,7
S01010793,649,646,3
S01010794,550,549,1
S01010795,1311,1309,2
S01010796,1441,1437,4
S01010797,762,753,9
S01010798,694,691,3
S01010799,999,990,9
S01010800,797,788,9
S01010801,794,785,9
S01010802,626,618,8
S01010803,611,595,16
S01010804,778,773,5
S01010805,1276,1264,12
S01010806,916,911,5
S01010807,570,568,2
S01010808,553,553,0
S01010809,1007,1005,2
S01010810,490,487,3
S01010811,923,920,3
S01010812,522,520,2
S01010813,910,903,7
S01010814,740,735,5
S01010815,582,579,3
S01010816,830,815,15
S01010817,1203,1167,36
S01010818,1454,1430,24
S01010819,1044,1015,29
S01010820,1391,1357,34
S01010821,866,837,29
S01010822,772,752,20
S01010823,683,660,23
S01010824,1231,1210,21
S01010825,1642,1598,44
S01010826,755,729,26
S01010827,697,692,5
S01010828,1239,1202,37
S01010829,1121,1102,19
S01010830,556,553,3
S01010831,598,584,14
S01010832,730,723,7
S01010833,1159,1133,26
S01010834,1629,1597,32
S01010835,736,726,10
S01010836,920,891,29
S01010837,838,823,15
S01010838,1187,1177,10
S01010839,908,898,10
S01010840,572,561,11
S01010841,1103,1072,31
S01010842,960,931,29
S01010843,756,746,10
S01010844,838,830,8
S01010845,619,611,8
S01010846,910,894,16
S01010847,798,787,11
S01010848,924,916,8
S01010849,951,937,14
S01010850,1005,994,11
S01010851,935,927,8
S01010852,839,837,2
S01010853,999,997,2
S01010854,923,917,6
S01010855,560,553,7
S01010856,908,898,10
S01010857,950,945,5
S01010858,1138,1123,15
S01010859,842,831,11
S01010860,885,882,3
S01010861,981,969,12
S01010862,651,648,3
S01010863,883,873,10
S01010864,622,620,2
S01010865,706,695,11
S01010866,881,863,18
S01010867,750,738,12
S01010868,839,832,7
S01010869,1144,1105,39
S01010870,1020,1003,17
S01010871,898,864,34
S01010872,830,813,17
S01010873,739,726,13
S01010874,928,901,27
S01010875,658,630,28
S01010876,740,729,11
S01010877,1633,1607,26
S01010878,1326,1316,10
S01010879,1103,1098,5
S01010880,669,666,3
S01010881,803,801,2
S01010882,1050,1025,25
S01010883,1034,1012,22
S01010884,1153,1149,4
S01010885,1349,1330,19
S01010886,615,610,5
S01010887,765,752,13
S01010888,1188,1177,11
S01010889,825,814,11
S01010890,847,843,4
S01010891,870,863,7
S01010892,915,903,12
S01010893,1031,1019,12
S01010894,805,802,3
S01010895,495,495,0
S01010896,984,980,4
S01010897,945,937,8
S01010898,1362,1335,27
S01010899,714,712,2
S01010900,930,921,9
S01010901,465,460,5
S01010902,957,949,8
S01010903,891,888,3
S01010904,538,534,4
S01010905,964,936,28
S01010906,966,966,0
S01010907,606,594,12
S01010908,1136,1123,13
S01010909,1207,1174,33
S01010910,844,838,6
S01010911,875,866,9
S01010912,773,759,14
S01010913,642,633,9
S01010914,1153,1126,27
S01010915,982,974,8
S01010916,733,715,18
S01010917,843,832,11
S01010918,1289,1279,10
S01010919,882,864,18
S01010920,733,712,21
S01010921,733,726,7
S01010922,988,984,4
S01010923,1154,1145,9
S01010924,678,673,5
S01010925,858,858,0
S01010926,989,983,6
S01010927,970,961,9
S01010928,806,803,3
S01010929,918,892,26
S01010930,900,878,22
S01010931,430,428,2
S01010932,1496,1467,29
S01010933,864,833,31
S01010934,1114,1099,15
S01010935,861,848,13
S01010936,682,677,5
S01010937,728,719,9
S01010938,951,935,16
S01010939,776,771,5
S01010940,683,679,4
S01010941,1253,1232,21
S01010942,646,636,10
S01010943,832,822,10
S01010944,845,833,12
S01010945,540,533,7
S01010946,1029,1021,8
S01010947,791,786,5
S01010948,673,672,1
S01010949,1546,1487,59
S01010950,846,833,13
S01010951,724,722,2
S01010952,779,766,13
S01010953,737,729,8
S01010954,1268,1192,76
S01010955,1145,1086,59
S01010956,970,958,12
S01010957,581,569,12
S01010958,625,620,5
S01010959,891,876,15
S01010960,1480,1453,27
S01010961,1433,1395,38
S01010962,649,643,6
S01010963,1038,1024,14
S01010964,523,518,5
S01010965,1012,996,16
S01010966,982,968,14
S01010967,920,901,19
S01010968,919,903,16
S01010969,736,709,27
S01010970,1511,1489,22
S01010971,1736,1717,19
S01010972,939,931,8
S01010973,627,618,9
S01010974,1133,1115,18
S01010975,662,646,16
S01010976,2199,2134,65
S01010977,728,720,8
S01010978,949,918,31
S01010979,900,858,42
S01010980,821,817,4
S01010981,739,719,20
S01010982,1334,1311,23
S01010983,1132,1122,10
S01010984,1097,1091,6
S01010985,865,852,13
S01010986,750,720,30
S01010987,445,437,8
S01010988,627,622,5
S01010989,1514,1459,55
S01010990,798,752,46
S01010991,1936,1860,76
S01010992,1803,1730,73
S01010993,733,729,4
S01010994,2765,2700,65
S01010995,851,829,22
S01010996,901,873,28
S01010997,1056,1035,21
S01010998,2440,2376,64
S01010999,903,883,20
S01011000,1120,1100,20
S01011001,652,647,5
S01011002,707,690,17
S01011003,813,797,16
S01011004,809,776,33
S01011005,795,772,23
S01011006,1002,984,18
S01011007,883,877,6
S01011008,881,876,5
S01011009,627,617,10
S01011010,950,912,38
S01011011,768,745,23
S01011012,1218,1201,17
S01011013,878,867,11
S01011014,811,804,7
S01011015,565,553,12
S01011016,1188,1128,60
S01011017,1670,1606,64
S01011018,1451,1435,16
S01011019,1253,1242,11
S01011020,472,465,7
S01011021,882,866,16
S01011022,705,695,10
S01011023,1043,1032,11
S01011024,1223,1200,23
S01011025,680,660,20
S01011026,540,538,2
S01011027,1160,1134,26
S01011028,1175,1169,6
S01011029,741,732,9
S01011030,969,961,8
S01011031,1190,1185,5
S01011032,896,894,2
S01011033,794,790,4
S01011034,849,847,2
S01011035,662,655,7
S01011036,1019,1011,8
S01011037,1079,1068,11
S01011038,1053,1044,9
S01011039,907,896,11
S01011040,1407,1391,16
S01011041,917,901,16
S01011042,818,814,4
S01011043,1277,1259,18
S01011044,1150,1133,17
S01011045,939,933,6
S01011046,854,847,7
S01011047,1077,1072,5
S01011048,1277,1257,20
S01011049,818,815,3
S01011050,1005,1001,4
S01011051,1078,1070,8
S01011052,1218,1204,14
S01011053,742,737,5
S01011054,672,665,7
S01011055,568,558,10
S01011056,699,697,2
S01011057,728,727,1
S01011058,638,636,2
S01011059,778,766,12
S01011060,1225,1209,16
S01011061,1077,1070,7
S01011062,1404,1393,11
S01011063,1132,1122,10
S01011064,1299,1288,11
S01011065,965,955,10
S01011066,614,606,8
S01011067,1167,1153,14
S01011068,826,822,4
S01011069,721,721,0
S01011070,903,903,0
S01011071,948,943,5
S01011072,1142,1141,1
S01011073,699,697,2
S01011074,607,607,0
S01011075,883,871,12
S01011076,1153,1143,10
S01011077,1059,1048,11
S01011078,1354,1345,9
S01011079,1307,1290,17
S01011080,1124,1119,5
S01011081,824,817,7
S01011082,722,718,4
S01011083,1144,1138,6
S01011084,876,868,8
S01011085,889,885,4
S01011086,641,641,0
S01011087,880,880,0
S01011088,1178,1168,10
S01011089,950,946,4
S01011090,717,714,3
S01011091,700,696,4
S01011092,2474,2456,18
S01011093,3120,3099,21
S01011094,776,759,17
S01011095,1088,1079,9
S01011096,951,933,18
S01011097,715,708,7
S01011098,1124,1120,4
S01011099,819,815,4
S01011100,570,569,1
S01011101,790,782,8
S01011102,731,711,20
S01011103,773,763,10
S01011104,704,697,7
S01011105,799,789,10
S01011106,988,982,6
S01011107,2433,2415,18
S01011108,672,651,21
S01011109,807,796,11
S01011110,947,933,14
S01011111,1093,1077,16
S01011112,142,141,1
S01011113,1004,996,8
S01011114,1195,1175,20
S01011115,902,888,14
S01011116,880,867,13
S01011117,868,835,33
S01011118,1011,989,22
S01011119,931,895,36
S01011120,1159,1140,19
S01011121,622,602,20
S01011122,787,775,12
S01011123,1121,1110,11
S01011124,661,648,13
S01011125,452,450,2
S01011126,763,761,2
S01011127,536,526,10
S01011128,1007,992,15
S01011129,940,924,16
S01011130,766,750,16
S01011131,739,732,7
S01011132,898,886,12
S01011133,527,521,6
S01011134,825,816,9
S01011135,1008,995,13
S01011136,658,654,4
S01011137,923,908,15
S01011138,641,632,9
S01011139,1335,1322,13
S01011140,537,532,5
S01011141,1696,1673,23
S01011142,1363,1279,84
S01011143,1190,1175,15
S01011144,919,903,16
S01011145,1079,1078,1
S01011146,1051,1048,3
S01011147,1186,1177,9
S01011148,787,780,7
S01011149,802,800,2
S01011150,933,932,1
S01011151,749,741,8
S01011152,901,885,16
S01011153,1005,981,24
S01011154,624,608,16
S01011155,814,806,8
S01011156,845,843,2
S01011157,576,573,3
S01011158,598,597,1
S01011159,614,599,15
S01011160,909,904,5
S01011161,637,635,2
S01011162,885,877,8
S01011163,960,958,2
S01011164,851,847,4
S01011165,881,866,15
S01011166,603,596,7
S01011167,1064,1060,4
S01011168,845,842,3
S01011169,1267,1246,21
S01011170,911,898,13
S01011171,1007,996,11
S01011172,752,734,18
S01011173,869,847,22
S01011174,762,756,6
S01011175,815,805,10
S01011176,689,686,3
S01011177,1082,1060,22
S01011178,595,588,7
S01011179,705,705,0
S01011180,853,850,3
S01011181,1527,1476,51
S01011182,511,510,1
S01011183,757,731,26
S01011184,820,780,40
S01011185,790,781,9
S01011186,1127,1110,17
S01011187,803,802,1
S01011188,1108,1105,3
S01011189,1096,1081,15
S01011190,1103,1085,18
S01011191,750,742,8
S01011192,865,857,8
S01011193,942,931,11
S01011194,727,726,1
S01011195,945,940,5
S01011196,1050,1043,7
S01011197,871,865,6
S01011198,695,686,9
S01011199,781,773,8
S01011200,865,860,5
S01011201,586,580,6
S01011202,949,939,10
S01011203,1289,1280,9
S01011204,555,543,12
S01011205,184,179,5
S01011206,734,696,38
S01011207,1852,1807,45
S01011208,907,883,24
S01011209,697,688,9
S01011210,830,778,52
S01011211,1745,1708,37
S01011212,735,733,2
S01011213,1180,1162,18
S01011214,1144,1144,0
S01011215,919,913,6
S01011216,1105,1078,27
S01011217,1207,1191,16
S01011218,933,926,7
S01011219,1031,1026,5
S01011220,988,969,19
S01011221,1075,1062,13
S01011222,662,660,2
S01011223,946,939,7
S01011224,681,657,24
S01011225,1029,1010,19
S01011226,1098,1084,14
S01011227,802,779,23
S01011228,1353,1330,23
S01011229,802,791,11
S01011230,1319,1304,15
S01011231,1047,1035,12
S01011232,915,908,7
S01011233,1500,1457,43
S01011234,1165,1154,11
S01011235,525,523,2
S01011236,557,554,3
S01011237,1048,1047,1
S01011238,806,803,3
S01011239,878,873,5
S01011240,1075,1050,25
S01011241,1042,1027,15
S01011242,1015,1000,15
S01011243,1251,1237,14
S01011244,666,660,6
S01011245,848,837,11
S01011246,926,920,6
S01011247,953,948,5
S01011248,945,938,7
S01011249,1048,1039,9
S01011250,1241,1232,9
S01011251,871,866,5
S01011252,825,823,2
S01011253,968,953,15
S01011254,1209,1200,9
S01011255,428,427,1
S01011256,497,489,8
S01011257,468,466,2
S01011258,700,693,7
S01011259,931,928,3
S01011260,718,711,7
S01011261,925,920,5
S01011262,689,685,4
S01011263,898,891,7
S01011264,688,685,3
S01011265,1053,1044,9
S01011266,908,900,8
S01011267,984,966,18
S01011268,591,586,5
S01011269,594,592,2
S01011270,833,826,7
S01011271,948,942,6
S01011272,728,725,3
S01011273,1285,1280,5
S01011274,1125,1105,20
S01011275,1543,1515,28
S01011276,1114,1109,5
S01011277,654,651,3
S01011278,639,634,5
S01011279,713,707,6
S01011280,690,687,3
S01011281,804,777,27
S01011282,918,901,17
S01011283,804,780,24
S01011284,1230,1190,40
S01011285,1140,1128,12
S01011286,720,704,16
S01011287,987,983,4
S01011288,1067,1063,4
S01011289,934,925,9
S01011290,1390,1374,16
S01011291,986,976,10
S01011292,697,694,3
S01011293,953,947,6
S01011294,948,940,8
S01011295,1022,1017,5
S01011296,722,714,8
S01011297,927,922,5
S01011298,1104,1095,9
S01011299,494,494,0
S01011300,1008,1001,7
S01011301,705,697,8
S01011302,945,941,4
S01011303,1186,1174,12
S01011304,966,956,10
S01011305,829,824,5
S01011306,590,587,3
S01011307,2465,2416,49
S01011308,626,618,8
S01011309,858,857,1
S01011310,706,690,16
S01011311,1149,1138,11
S01011312,1244,1229,15
S01011313,1122,1113,9
S01011314,1097,1091,6
S01011315,419,417,2
S01011316,938,933,5
S01011317,967,962,5
S01011318,964,956,8
S01011319,1116,1109,7
S01011320,747,741,6
S01011321,663,651,12
S01011322,634,626,8
S01011323,1181,1179,2
S01011324,509,501,8
S01011325,1030,1024,6
S01011326,1099,1084,15
S01011327,739,733,6
S01011328,897,891,6
S01011329,1053,1042,11
S01011330,754,746,8
S01011331,832,830,2
S01011332,1270,1261,9
S01011333,733,727,6
S01011334,1448,1435,13
S01011335,1138,1120,18
S01011336,698,686,12
S01011337,682,666,16
S01011338,847,841,6
S01011339,701,698,3
S01011340,1269,1261,8
S01011341,874,869,5
S01011342,839,834,5
S01011343,906,900,6
S01011344,883,872,11
S01011345,1069,1063,6
S01011346,832,829,3
S01011347,1186,1178,8
S01011348,1225,1223,2
S01011349,1113,1099,14
S01011350,933,928,5
S01011351,796,793,3
S01011352,709,702,7
S01011353,650,636,14
S01011354,879,875,4
S01011355,1113,1106,7
S01011356,962,952,10
S01011357,1399,1386,13
S01011358,547,538,9
S01011359,737,729,8
S01011360,852,848,4
S01011361,537,530,7
S01011362,661,633,28
S01011363,1714,1680,34
S01011364,659,656,3
S01011365,830,818,12
S01011366,498,497,1
S01011367,840,831,9
S01011368,1429,1353,76
S01011369,756,735,21
S01011370,1654,1568,86
S01011371,1560,1512,48
S01011372,1042,1012,30
S01011373,866,847,19
S01011374,514,506,8
S01011375,726,705,21
S01011376,568,561,7
S01011377,594,593,1
S01011378,1041,1030,11
S01011379,1125,1101,24
S01011380,732,712,20
S01011381,810,797,13
S01011382,531,519,12
S01011383,1091,1091,0
S01011384,839,829,10
S01011385,957,953,4
S01011386,1076,1065,11
S01011387,988,960,28
S01011388,1431,1385,46
S01011389,1512,1461,51
S01011390,1040,1024,16
S01011391,645,641,4
S01011392,1053,1043,10
S01011393,841,832,9
S01011394,1012,1001,11
S01011395,861,853,8
S01011396,986,980,6
S01011397,860,850,10
S01011398,779,777,2
S01011399,508,505,3
S01011400,925,913,12
S01011401,1020,1006,14
S01011402,954,926,28
S01011403,1011,979,32
S01011404,1155,1135,20
S01011405,731,699,32
S01011406,705,698,7
S01011407,1377,1352,25
S01011408,936,910,26
S01011409,839,821,18
S01011410,812,801,11
S01011411,993,933,60
S01011412,973,960,13
S01011413,560,531,29
S01011414,1077,1050,27
S01011415,941,928,13
S01011416,875,839,36
S01011417,820,807,13
S01011418,780,776,4
S01011419,673,665,8
S01011420,491,485,6
S01011421,506,498,8
S01011422,467,459,8
S01011423,679,666,13
S01011424,560,558,2
S01011425,779,768,11
S01011426,1886,1860,26
S01011427,1423,1406,17
S01011428,673,667,6
S01011429,1327,1293,34
S01011430,1026,994,32
S01011431,1298,1295,3
S01011432,1888,1871,17
S01011433,1048,1039,9
S01011434,998,978,20
S01011435,1433,1405,28
S01011436,1245,1234,11
S01011437,811,806,5
S01011438,881,877,4
S01011439,1155,1147,8
S01011440,1091,1080,11
S01011441,868,854,14
S01011442,683,671,12
S01011443,787,772,15
S01011444,1222,1216,6
S01011445,635,628,7
S01011446,2472,2392,80
S01011447,1071,1067,4
S01011448,1244,1226,18
S01011449,757,736,21
S01011450,849,758,91
S01011451,1963,1844,119
S01011452,947,901,46
S01011453,820,799,21
S01011454,1109,1085,24
S01011455,1041,1034,7
S01011456,1034,1015,19
S01011457,917,912,5
S01011458,804,741,63
S01011459,1370,1322,48
S01011460,984,954,30
S01011461,813,788,25
S01011462,1004,977,27
S01011463,670,658,12
S01011464,1681,1543,138
S01011465,826,766,60
S01011466,2111,2042,69
S01011467,539,484,55
S01011468,141,120,21
S01011469,859,811,48
S01011470,958,937,21
S01011471,953,932,21
S01011472,1225,1193,32
S01011473,1013,999,14
S01011474,1075,1061,14
S01011475,679,668,11
S01011476,915,909,6
S01011477,851,834,17
S01011478,1060,1007,53
S01011479,886,874,12
S01011480,1113,1093,20
S01011481,1169,1130,39
S01011482,1155,1132,23
S01011483,822,801,21
S01011484,1152,1129,23
S01011485,965,945,20
S01011486,569,565,4
S01011487,1370,1345,25
S01011488,697,687,10
S01011489,995,985,10
S01011490,1134,1107,27
S01011491,538,528,10
S01011492,859,797,62
S01011493,1048,1011,37
S01011494,785,772,13
S01011495,1042,1019,23
S01011496,649,637,12
S01011497,881,823,58
S01011498,672,652,20
S01011499,898,850,48
S01011500,1012,1010,2
S01011501,673,673,0
S01011502,755,736,19
S01011503,1024,1006,18
S01011504,666,621,45
S01011505,698,674,24
S01011506,588,586,2
S01011507,790,757,33
S01011508,962,917,45
S01011509,610,603,7
S01011510,1122,1116,6
S01011511,678,666,12
S01011512,1239,1217,22
S01011513,917,905,12
S01011514,1085,1066,19
S01011515,752,743,9
S01011516,887,841,46
S01011517,649,640,9
S01011518,661,656,5
S01011519,781,775,6
S01011520,1091,1070,21
S01011521,1429,1391,38
S01011522,956,898,58
S01011523,1305,1280,25
S01011524,890,880,10
S01011525,1099,1077,22
S01011526,1018,980,38
S01011527,949,926,23
S01011528,974,953,21
S01011529,1084,1080,4
S01011530,1256,1244,12
S01011531,1814,1728,86
S01011532,1266,1197,69
S01011533,683,669,14
S01011534,766,761,5
S01011535,940,926,14
S01011536,674,639,35
S01011537,845,823,22
S01011538,733,712,21
S01011539,1096,1081,15
S01011540,2031,1962,69
S01011541,1035,1026,9
S01011542,1070,1067,3
S01011543,920,917,3
S01011544,790,785,5
S01011545,851,850,1
S01011546,764,726,38
S01011547,475,465,10
S01011548,813,803,10
S01011549,915,905,10
S01011550,979,962,17
S01011551,876,853,23
S01011552,978,961,17
S01011553,1259,1173,86
S01011554,2044,1948,96
S01011555,766,758,8
S01011556,676,670,6
S01011557,1003,1001,2
S01011558,874,874,0
S01011559,715,714,1
S01011560,1046,1039,7
S01011561,834,828,6
S01011562,1038,1031,7
S01011563,1118,1109,9
S01011564,966,953,13
S01011565,1081,1066,15
S01011566,917,904,13
S01011567,859,858,1
S01011568,847,839,8
S01011569,848,840,8
S01011570,946,930,16
S01011571,887,871,16
S01011572,883,868,15
S01011573,1084,1059,25
S01011574,1100,1086,14
S01011575,866,856,10
S01011576,979,978,1
S01011577,628,590,38
S01011578,2245,2143,102
S01011579,924,913,11
S01011580,1378,1331,47
S01011581,930,922,8
S01011582,2390,2286,104
S01011583,970,962,8
S01011584,843,837,6
S01011585,1196,1193,3
S01011586,713,712,1
S01011587,738,733,5
S01011588,952,945,7
S01011589,1040,1030,10
S01011590,2166,2079,87
S01011591,923,914,9
S01011592,1877,1788,89
S01011593,717,706,11
S01011594,622,614,8
S01011595,854,839,15
S01011596,1276,1265,11
S01011597,806,798,8
S01011598,984,967,17
S01011599,967,957,10
S01011600,737,729,8
S01011601,848,810,38
S01011602,709,702,7
S01011603,1000,995,5
S01011604,690,681,9
S01011605,844,837,7
S01011606,1001,961,40
S01011607,1266,1204,62
S01011608,1206,1170,36
S01011609,970,962,8
S01011610,949,931,18
S01011611,1197,1170,27
S01011612,296,284,12
S01011613,940,923,17
S01011614,570,566,4
S01011615,1356,1320,36
S01011616,511,501,10
S01011617,981,972,9
S01011618,794,787,7
S01011619,892,865,27
S01011620,972,939,33
S01011621,893,886,7
S01011622,160,160,0
S01011623,1888,1826,62
S01011624,937,919,18
S01011625,548,540,8
S01011626,1061,1040,21
S01011627,733,725,8
S01011628,1289,1265,24
S01011629,809,799,10
S01011630,744,741,3
S01011631,839,827,12
S01011632,986,973,13
S01011633,1092,1068,24
S01011634,754,743,11
S01011635,832,823,9
S01011636,867,852,15
S01011637,743,733,10
S01011638,737,723,14
S01011639,700,688,12
S01011640,1048,1019,29
S01011641,946,933,13
S01011642,847,831,16
S01011643,896,868,28
S01011644,880,879,1
S01011645,622,621,1
S01011646,872,863,9
S01011647,1062,1043,19
S01011648,414,414,0
S01011649,881,838,43
S01011650,1626,1572,54
S01011651,926,910,16
S01011652,760,723,37
S01011653,1109,1099,10
S01011654,1064,1029,35
S01011655,846,843,3
S01011656,730,718,12
S01011657,609,599,10
S01011658,895,882,13
S01011659,983,976,7
S01011660,1097,1064,33
S01011661,1180,1169,11
S01011662,1305,1292,13
S01011663,1103,1093,10
S01011664,1044,1040,4
S01011665,1123,1114,9
S01011666,957,951,6
S01011667,1051,1036,15
S01011668,1646,1629,17
S01011669,823,799,24
S01011670,799,789,10
S01011671,758,754,4
S01011672,806,776,30
S01011673,930,915,15
S01011674,1657,1642,15
S01011675,1448,1438,10
S01011676,778,776,2
S01011677,155,154,1
S01011678,464,458,6
S01011679,1416,1404,12
S01011680,1282,1276,6
S01011681,847,839,8
S01011682,1669,1651,18
S01011683,1279,1263,16
S01011684,803,793,10
S01011685,856,847,9
S01011686,931,914,17
S01011687,935,928,7
S01011688,1161,1123,38
S01011689,914,870,44
S01011690,1636,1591,45
S01011691,474,473,1
S01011692,1250,1247,3
S01011693,1698,1667,31
S01011694,659,653,6
S01011695,3465,3306,159
S01011696,776,713,63
S01011697,1083,1016,67
S01011698,643,633,10
S01011699,911,865,46
S01011700,869,840,29
S01011701,1222,1171,51
S01011702,972,951,21
S01011703,974,938,36
S01011704,1645,1568,77
S01011705,1785,1719,66
S01011706,1028,1012,16
S01011707,713,698,15
S01011708,1094,1068,26
S01011709,1109,1069,40
S01011710,763,752,11
S01011711,1121,1109,12
S01011712,530,517,13
S01011713,1108,1092,16
S01011714,1302,1274,28
S01011715,1149,1131,18
S01011716,1002,993,9
S01011717,764,752,12
S01011718,978,951,27
S01011719,1981,1894,87
S01011720,617,599,18
S01011721,784,774,10
S01011722,1316,1309,7
S01011723,2146,2075,71
S01011724,733,718,15
S01011725,634,623,11
S01011726,552,549,3
S01011727,1489,1423,66
S01011728,929,921,8
S01011729,1157,1145,12
S01011730,844,833,11
S01011731,1102,1086,16
S01011732,899,880,19
S01011733,851,848,3
S01011734,891,882,9
S01011735,736,710,26
S01011736,1192,1142,50
S01011737,966,892,74
S01011738,1109,1067,42
S01011739,684,672,12
S01011740,729,706,23
S01011741,964,943,21
S01011742,864,862,2
S01011743,797,794,3
S01011744,849,841,8
S01011745,1033,1018,15
S01011746,852,836,16
S01011747,1074,1039,35
S01011748,1024,996,28
S01011749,896,869,27
S01011750,876,858,18
S01011751,1149,1100,49
S01011752,1074,1058,16
S01011753,777,766,11
S01011754,959,955,4
S01011755,939,929,10
S01011756,1113,1086,27
S01011757,933,919,14
S01011758,624,618,6
S01011759,897,891,6
S01011760,884,846,38
S01011761,817,789,28
S01011762,876,858,18
S01011763,773,772,1
S01011764,403,388,15
S01011765,1156,1147,9
S01011766,733,707,26
S01011767,1209,1158,51
S01011768,974,953,21
S01011769,789,786,3
S01011770,892,871,21
S01011771,667,625,42
S01011772,1102,1015,87
S01011773,596,581,15
S01011774,941,915,26
S01011775,904,879,25
S01011776,1298,1171,127
S01011777,645,619,26
S01011778,634,618,16
S01011779,793,788,5
S01011780,939,888,51
S01011781,922,917,5
S01011782,889,853,36
S01011783,575,552,23
S01011784,793,780,13
S01011785,1070,1048,22
S01011786,198,193,5
S01011787,1133,1128,5
S01011788,1318,1178,140
S01011789,3188,2999,189
S01011790,1301,1278,23
S01011791,831,819,12
S01011792,888,873,15
S01011793,760,748,12
S01011794,982,972,10
S01011795,1051,1047,4
S01011796,908,904,4
S01011797,1110,1098,12
S01011798,550,543,7
S01011799,973,964,9
S01011800,677,669,8
S01011801,685,683,2
S01011802,731,730,1
S01011803,930,924,6
S01011804,1006,1001,5
S01011805,919,908,11
S01011806,1308,1304,4
S01011807,1091,1086,5
S01011808,948,944,4
S01011809,719,716,3
S01011810,1301,1298,3
S01011811,1146,1140,6
S01011812,1122,1118,4
S01011813,959,956,3
S01011814,721,720,1
S01011815,816,803,13
S01011816,707,704,3
S01011817,728,725,3
S01011818,1651,1633,18
S01011819,1218,1213,5
S01011820,1034,1026,8
S01011821,680,674,6
S01011822,913,898,15
S01011823,608,601,7
S01011824,1001,999,2
S01011825,535,526,9
S01011826,744,737,7
S01011827,603,601,2
S01011828,909,908,1
S01011829,541,540,1
S01011830,844,825,19
S01011831,1079,1064,15
S01011832,838,830,8
S01011833,1016,1005,11
S01011834,801,788,13
S01011835,685,675,10
S01011836,1104,1094,10
S01011837,963,950,13
S01011838,1250,1229,21
S01011839,1064,1047,17
S01011840,1255,1239,16
S01011841,1612,1584,28
S01011842,1320,1314,6
S01011843,1233,1216,17
S01011844,1070,1060,10
S01011845,857,852,5
S01011846,869,860,9
S01011847,429,426,3
S01011848,842,833,9
S01011849,813,797,16
S01011850,1123,1109,14
S01011851,898,889,9
S01011852,1012,999,13
S01011853,954,943,11
S01011854,1090,1071,19
S01011855,1273,1257,16
S01011856,695,686,9
S01011857,1489,1464,25
S01011858,1096,1091,5
S01011859,1069,1055,14
S01011860,894,879,15
S01011861,851,845,6
S01011862,1132,1108,24
S01011863,1148,1139,9
S01011864,787,780,7
S01011865,670,660,10
S01011866,1268,1254,14
S01011867,1297,1287,10
S01011868,1025,1017,8
S01011869,1021,984,37
S01011870,864,851,13
S01011871,1179,1170,9
S01011872,1053,1044,9
S01011873,812,803,9
S01011874,839,835,4
S01011875,1078,1068,10
S01011876,1056,1051,5
S01011877,775,759,16
S01011878,1688,1614,74
S01011879,801,800,1
S01011880,1247,1227,20
S01011881,871,865,6
S01011882,941,934,7
S01011883,1984,1888,96
S01011884,778,771,7
S01011885,766,759,7
S01011886,1335,1325,10
S01011887,745,734,11
S01011888,1321,1294,27
S01011889,1052,1046,6
S01011890,918,901,17
S01011891,1260,1220,40
S01011892,1193,1161,32
S01011893,1082,1054,28
S01011894,1069,1043,26
S01011895,1172,1155,17
S01011896,964,949,15
S01011897,1131,1121,10
S01011898,1043,1009,34
S01011899,985,960,25
S01011900,735,706,29
S01011901,1119,1095,24
S01011902,1146,1112,34
S01011903,925,907,18
S01011904,956,940,16
S01011905,909,872,37
S01011906,329,322,7
S01011907,841,818,23
S01011908,566,540,26
S01011909,867,852,15
S01011910,1183,1154,29
S01011911,713,709,4
S01011912,833,812,21
S01011913,858,835,23
S01011914,991,955,36
S01011915,908,881,27
S01011916,943,927,16
S01011917,620,616,4
S01011918,895,874,21
S01011919,1144,1073,71
S01011920,684,669,15
S01011921,594,586,8
S01011922,882,862,20
S01011923,1088,1053,35
S01011924,934,913,21
S01011925,921,880,41
S01011926,817,811,6
S01011927,613,608,5
S01011928,788,782,6
S01011929,692,680,12
S01011930,709,699,10
S01011931,679,649,30
S01011932,343,335,8
S01011933,1534,1368,166
S01011934,970,913,57
S01011935,1038,935,103
S01011936,766,746,20
S01011937,667,602,65
S01011938,472,463,9
S01011939,1010,951,59
S01011940,944,844,100
S01011941,1131,1050,81
S01011942,930,865,65
S01011943,1483,1387,96
S01011944,509,499,10
S01011945,1482,1464,18
S01011946,935,922,13
S01011947,602,601,1
S01011948,1159,1124,35
S01011949,966,957,9
S01011950,954,945,9
S01011951,833,822,11
S01011952,914,910,4
S01011953,925,913,12
S01011954,590,583,7
S01011955,1128,1116,12
S01011956,1108,1088,20
S01011957,1083,1061,22
S01011958,2026,2014,12
S01011959,893,884,9
S01011960,1192,1170,22
S01011961,1161,1142,19
S01011962,1069,1056,13
S01011963,818,801,17
S01011964,1086,1081,5
S01011965,984,964,20
S01011966,842,801,41
S01011967,1155,1129,26
S01011968,1395,1334,61
S01011969,1689,1675,14
S01011970,1835,1819,16
S01011971,667,660,7
S01011972,1743,1733,10
S01011973,656,648,8
S01011974,851,841,10
S01011975,452,451,1
S01011976,990,983,7
S01011977,1280,1269,11
S01011978,1204,1193,11
S01011979,1276,1259,17
S01011980,508,506,2
S01011981,1153,1141,12
S01011982,1501,1479,22
S01011983,1165,1159,6
S01011984,678,660,18
S01011985,718,713,5
S01011986,1019,1006,13
S01011987,1150,1141,9
S01011988,731,724,7
S01011989,866,851,15
S01011990,750,737,13
S01011991,973,967,6
S01011992,1113,1072,41
S01011993,1010,960,50
S01011994,844,835,9
S01011995,1020,1011,9
S01011996,730,725,5
S01011997,1170,1159,11
S01011998,946,938,8
S01011999,621,618,3
S01012000,562,552,10
S01012001,876,861,15
S01012002,767,761,6
S01012003,856,850,6
S01012004,1707,1692,15
S01012005,1507,1492,15
S01012006,1130,1085,45
S01012007,968,958,10
S01012008,1379,1352,27
S01012009,725,720,5
S01012010,1513,1487,26
S01012011,1458,1420,38
S01012012,647,643,4
S01012013,742,739,3
S01012014,1845,1835,10
S01012015,1376,1367,9
S01012016,852,839,13
S01012017,561,555,6
S01012018,876,864,12
S01012019,921,899,22
S01012020,970,946,24
S01012021,821,812,9
S01012022,1080,1068,12
S01012023,673,666,7
S01012024,1151,1140,11
S01012025,690,686,4
S01012026,932,883,49
S01012027,2264,2188,76
S01012028,1089,1071,18
S01012029,1499,1481,18
S01012030,1302,1273,29
S01012031,553,547,6
S01012032,353,349,4
S01012033,917,912,5
S01012034,978,972,6
S01012035,1153,1140,13
S01012036,1140,1134,6
S01012037,1247,1223,24
S01012038,1273,1246,27
S01012039,1165,1150,15
S01012040,696,682,14
S01012041,1253,1244,9
S01012042,1257,1248,9
S01012043,926,911,15
S01012044,998,984,14
S01012045,1229,1199,30
S01012046,834,818,16
S01012047,1081,1069,12
S01012048,831,803,28
S01012049,732,714,18
S01012050,1172,1154,18
S01012051,497,482,15
S01012052,951,941,10
S01012053,964,956,8
S01012054,1252,1229,23
S01012055,947,943,4
S01012056,994,974,20
S01012057,773,743,30
S01012058,901,885,16
S01012059,986,974,12
S01012060,960,954,6
S01012061,1580,1525,55
S01012062,1011,971,40
S01012063,681,666,15
S01012064,892,851,41
S01012065,686,670,16
S01012066,852,820,32
S01012067,666,658,8
S01012068,788,764,24
S01012069,619,611,8
S01012070,1090,996,94
S01012071,1165,1097,68
S01012072,1188,1140,48
S01012073,786,742,44
S01012074,639,610,29
S01012075,1000,993,7
S01012076,936,920,16
S01012077,1177,1156,21
S01012078,977,962,15
S01012079,1253,1230,23
S01012080,1085,1031,54
S01012081,737,727,10
S01012082,1002,985,17
S01012083,1119,1112,7
S01012084,678,671,7
S01012085,777,775,2
S01012086,918,912,6
S01012087,815,811,4
S01012088,645,621,24
S01012089,842,829,13
S01012090,1102,1078,24
S01012091,772,760,12
S01012092,635,624,11
S01012093,535,525,10
S01012094,875,846,29
S01012095,1463,1436,27
S01012096,871,869,2
S01012097,695,691,4
S01012098,977,974,3
S01012099,1066,1043,23
S01012100,1711,1684,27
S01012101,931,913,18
S01012102,899,875,24
S01012103,1054,1027,27
S01012104,924,895,29
S01012105,1606,1549,57
S01012106,1222,1183,39
S01012107,692,657,35
S01012108,1045,1029,16
S01012109,1198,1129,69
S01012110,852,845,7
S01012111,1274,1245,29
S01012112,1035,1031,4
S01012113,1292,1247,45
S01012114,1520,1475,45
S01012115,765,757,8
S01012116,680,664,16
S01012117,724,716,8
S01012118,1100,1065,35
S01012119,900,884,16
S01012120,583,565,18
S01012121,953,927,26
S01012122,866,862,4
S01012123,731,676,55
S01012124,636,608,28
S01012125,1009,986,23
S01012126,945,895,50
S01012127,1258,1162,96
S01012128,704,657,47
S01012129,915,896,19
S01012130,1222,1197,25
S01012131,1509,1302,207
S01012132,852,784,68
S01012133,1128,1019,109
S01012134,1375,1301,74
S01012135,1171,1138,33
S01012136,908,810,98
S01012137,848,814,34
S01012138,1037,966,71
S01012139,1163,1138,25
S01012140,883,857,26
S01012141,1267,1236,31
S01012142,952,935,17
S01012143,1302,1262,40
S01012144,1046,1013,33
S01012145,1135,1097,38
S01012146,1138,1104,34
S01012147,1028,1010,18
S01012148,756,745,11
S01012149,967,891,76
S01012150,778,756,22
S01012151,1013,999,14
S01012152,1039,1011,28
S01012153,772,717,55
S01012154,759,723,36
S01012155,859,822,37
S01012156,1173,1127,46
S01012157,1088,1032,56
S01012158,1764,1669,95
S01012159,503,502,1
S01012160,960,938,22
S01012161,532,508,24
S01012162,1035,972,63
S01012163,868,802,66
S01012164,1242,1138,104
S01012165,921,897,24
S01012166,799,780,19
S01012167,681,673,8
S01012168,1025,998,27
S01012169,851,841,10
S01012170,1291,1273,18
S01012171,1180,1160,20
S01012172,943,916,27
S01012173,817,766,51
S01012174,1092,1037,55
S01012175,1031,957,74
S01012176,1365,1266,99
S01012177,833,770,63
S01012178,951,923,28
S01012179,765,728,37
S01012180,732,710,22
S01012181,1232,1188,44
S01012182,1424,1328,96
S01012183,2115,1953,162
S01012184,787,740,47
S01012185,783,713,70
S01012186,887,879,8
S01012187,884,869,15
S01012188,672,669,3
S01012189,802,785,17
S01012190,805,803,2
S01012191,1063,1041,22
S01012192,454,426,28
S01012193,769,754,15
S01012194,869,860,9
S01012195,895,879,16
S01012196,573,540,33
S01012197,1059,1049,10
S01012198,1156,1145,11
S01012199,879,865,14
S01012200,647,636,11
S01012201,1113,1099,14
S01012202,585,570,15
S01012203,964,940,24
S01012204,789,781,8
S01012205,888,867,21
S01012206,965,961,4
S01012207,1231,1227,4
S01012208,1418,1394,24
S01012209,1066,1050,16
S01012210,790,784,6
S01012211,1169,1146,23
S01012212,1141,1139,2
S01012213,1205,1202,3
S01012214,800,798,2
S01012215,986,984,2
S01012216,1319,1312,7
S01012217,560,535,25
S01012218,604,597,7
S01012219,931,918,13
S01012220,964,946,18
S01012221,709,699,10
S01012222,1233,1204,29
S01012223,808,794,14
S01012224,1037,1019,18
S01012225,1301,1272,29
S01012226,833,830,3
S01012227,907,900,7
S01012228,802,793,9
S01012229,837,817,20
S01012230,1064,1038,26
S01012231,831,789,42
S01012232,1183,1168,15
S01012233,953,915,38
S01012234,1530,1496,34
S01012235,905,887,18
S01012236,864,840,24
S01012237,892,858,34
S01012238,604,595,9
S01012239,586,580,6
S01012240,842,832,10
S01012241,719,699,20
S01012242,891,879,12
S01012243,956,940,16
S01012244,1092,1083,9
S01012245,1361,1349,12
S01012246,1093,1083,10
S01012247,742,734,8
S01012248,942,922,20
S01012249,1001,992,9
S01012250,867,861,6
S01012251,1121,1103,18
S01012252,1188,1172,16
S01012253,958,934,24
S01012254,922,913,9
S01012255,924,909,15
S01012256,1453,1443,10
S01012257,1214,1196,18
S01012258,1793,1781,12
S01012259,837,831,6
S01012260,1541,1529,12
S01012261,1335,1326,9
S01012262,1961,1943,18
S01012263,782,771,11
S01012264,472,463,9
S01012265,1185,1178,7
S01012266,1280,1277,3
S01012267,1133,1125,8
S01012268,1558,1518,40
S01012269,1002,992,10
S01012270,898,884,14
S01012271,1536,1517,19
S01012272,903,892,11
S01012273,1025,1016,9
S01012274,1157,1148,9
S01012275,807,763,44
S01012276,1524,1502,22
S01012277,1367,1345,22
S01012278,1253,1218,35
S01012279,1245,1227,18
S01012280,1113,1108,5
S01012281,948,929,19
S01012282,1241,1197,44
S01012283,1047,1020,27
S01012284,779,752,27
S01012285,607,597,10
S01012286,1257,1232,25
S01012287,1395,1334,61
S01012288,1149,1118,31
S01012289,1219,1172,47
S01012290,671,660,11
S01012291,865,829,36
S01012292,1359,1316,43
S01012293,1098,1052,46
S01012294,1062,1043,19
S01012295,754,719,35
S01012296,1210,1198,12
S01012297,1169,1155,14
S01012298,1440,1430,10
S01012299,621,614,7
S01012300,1251,1239,12
S01012301,1022,1008,14
S01012302,767,764,3
S01012303,979,971,8
S01012304,1213,1205,8
S01012305,906,899,7
S01012306,898,881,17
S01012307,897,890,7
S01012308,1009,997,12
S01012309,941,934,7
S01012310,1619,1594,25
S01012311,889,884,5
S01012312,1008,998,10
S01012313,860,853,7
S01012314,945,937,8
S01012315,844,832,12
S01012316,693,689,4
S01012317,499,493,6
S01012318,792,787,5
S01012319,1119,1111,8
S01012320,848,846,2
S01012321,1236,1224,12
S01012322,1181,1171,10
S01012323,1391,1369,22
S01012324,1058,1054,4
S01012325,904,899,5
S01012326,930,922,8
S01012327,962,950,12
S01012328,810,807,3
S01012329,993,983,10
S01012330,690,686,4
S01012331,1171,1161,10
S01012332,1275,1265,10
S01012333,1413,1402,11
S01012334,949,945,4
S01012335,1896,1874,22
S01012336,864,854,10
S01012337,1014,996,18
S01012338,865,848,17
S01012339,1000,983,17
S01012340,1133,1131,2
S01012341,949,945,4
S01012342,999,995,4
S01012343,1077,1059,18
S01012344,1137,1125,12
S01012345,785,777,8
S01012346,1348,1336,12
S01012347,688,678,10
S01012348,1196,1174,22
S01012349,1143,1135,8
S01012350,1194,1186,8
S01012351,1015,1007,8
S01012352,1217,1208,9
S01012353,826,811,15
S01012354,1057,1049,8
S01012355,1147,1135,12
S01012356,1137,1130,7
S01012357,1000,988,12
S01012358,851,845,6
S01012359,917,908,9
S01012360,808,788,20
S01012361,885,878,7
S01012362,1240,1220,20
S01012363,1211,1185,26
S01012364,830,828,2
S01012365,1176,1170,6
S01012366,1035,1030,5
S01012367,1075,1071,4
S01012368,873,862,11
S01012369,1124,1121,3
S01012370,1413,1394,19
S01012371,1153,1136,17
S01012372,1119,1110,9
S01012373,1296,1285,11
S01012374,920,913,7
S01012375,1290,1277,13
S01012376,963,945,18
S01012377,705,675,30
S01012378,682,672,10
S01012379,600,593,7
S01012380,1406,1394,12
S01012381,1093,1053,40
S01012382,1101,1099,2
S01012383,1100,1093,7
S01012384,573,568,5
S01012385,760,754,6
S01012386,1188,1169,19
S01012387,936,921,15
S01012388,704,687,17
S01012389,983,977,6
S01012390,769,767,2
S01012391,1541,1507,34
S01012392,864,845,19
S01012393,1326,1287,39
S01012394,995,982,13
S01012395,848,819,29
S01012396,879,863,16
S01012397,845,826,19
S01012398,1058,1004,54
S01012399,873,844,29
S01012400,925,883,42
S01012401,917,888,29
S01012402,460,453,7
S01012403,1025,1022,3
S01012404,1343,1327,16
S01012405,726,719,7
S01012406,732,729,3
S01012407,1102,1094,8
S01012408,850,846,4
S01012409,1131,1127,4
S01012410,1339,1334,5
S01012411,1377,1372,5
S01012412,646,640,6
S01012413,1027,1021,6
S01012414,693,682,11
S01012415,810,808,2
S01012416,559,558,1
S01012417,636,631,5
S01012418,788,775,13
S01012419,1104,1099,5
S01012420,1094,1076,18
S01012421,1022,1010,12
S01012422,1269,1259,10
S01012423,1031,1021,10
S01012424,950,940,10
S01012425,626,625,1
S01012426,625,624,1
S01012427,811,808,3
S01012428,865,849,16
S01012429,558,552,6
S01012430,1038,1029,9
S01012431,1099,1093,6
S01012432,802,798,4
S01012433,790,782,8
S01012434,841,838,3
S01012435,891,884,7
S01012436,900,893,7
S01012437,811,803,8
S01012438,1078,1071,7
S01012439,953,947,6
S01012440,943,933,10
S01012441,971,961,10
S01012442,1000,979,21
S01012443,746,743,3
S01012444,1508,1464,44
S01012445,100,100,0
S01012446,687,686,1
S01012447,998,991,7
S01012448,927,904,23
S01012449,709,703,6
S01012450,981,964,17
S01012451,916,907,9
S01012452,743,734,9
S01012453,1053,1038,15
S01012454,1084,1079,5
S01012455,612,593,19
S01012456,984,969,15
S01012457,1318,1291,27
S01012458,895,858,37
S01012459,885,861,24
S01012460,830,803,27
S01012461,607,603,4
S01012462,858,845,13
S01012463,857,852,5
S01012464,625,623,2
S01012465,872,866,6
S01012466,1060,1042,18
S01012467,1269,1253,16
S01012468,866,862,4
S01012469,1089,1077,12
S01012470,962,956,6
S01012471,835,820,15
S01012472,823,818,5
S01012473,691,664,27
S01012474,812,802,10
S01012475,724,719,5
S01012476,1119,1115,4
S01012477,798,795,3
S01012478,840,836,4
S01012479,1019,1014,5
S01012480,756,737,19
S01012481,803,763,40
S01012482,889,883,6
S01012483,881,843,38
S01012484,1188,1157,31
S01012485,1423,1389,34
S01012486,874,866,8
S01012487,612,600,12
S01012488,903,899,4
S01012489,1234,1204,30
S01012490,1192,1160,32
S01012491,721,701,20
S01012492,953,937,16
S01012493,776,767,9
S01012494,1471,1460,11
S01012495,1121,1117,4
S01012496,765,765,0
S01012497,604,600,4
S01012498,943,942,1
S01012499,1329,1321,8
S01012500,558,553,5
S01012501,1006,1006,0
S01012502,1043,1037,6
S01012503,637,632,5
S01012504,713,706,7
S01012505,1090,1074,16
S01012506,493,488,5
S01012507,946,940,6
S01012508,825,822,3
S01012509,541,533,8
S01012510,1070,1047,23
S01012511,787,783,4
S01012512,899,874,25
S01012513,550,543,7
S01012514,810,799,11
S01012515,820,810,10
S01012516,668,653,15
S01012517,1030,986,44
S01012518,871,849,22
S01012519,759,730,29
S01012520,826,815,11
S01012521,766,743,23
S01012522,946,936,10
S01012523,1076,1060,16
S01012524,980,966,14
S01012525,951,942,9
S01012526,949,937,12
S01012527,625,621,4
S01012528,823,810,13
S01012529,858,845,13
S01012530,1097,1086,11
S01012531,1106,1079,27
S01012532,1164,1163,1
S01012533,864,838,26
S01012534,952,937,15
S01012535,892,889,3
S01012536,817,814,3
S01012537,1096,1087,9
S01012538,1264,1258,6
S01012539,801,789,12
S01012540,1023,1016,7
S01012541,1192,1186,6
S01012542,1283,1275,8
S01012543,686,678,8
S01012544,980,974,6
S01012545,615,605,10
S01012546,941,937,4
S01012547,746,732,14
S01012548,1058,1050,8
S01012549,806,803,3
S01012550,1007,997,10
S01012551,1145,1132,13
S01012552,964,960,4
S01012553,827,817,10
S01012554,886,867,19
S01012555,541,538,3
S01012556,545,545,0
S01012557,812,808,4
S01012558,746,739,7
S01012559,1058,1045,13
S01012560,1101,1094,7
S01012561,1154,1142,12
S01012562,1140,1118,22
S01012563,758,741,17
S01012564,886,879,7
S01012565,1007,992,15
S01012566,769,747,22
S01012567,1124,1115,9
S01012568,1044,1035,9
S01012569,876,853,23
S01012570,734,725,9
S01012571,809,803,6
S01012572,572,564,8
S01012573,838,823,15
S01012574,1295,1282,13
S01012575,793,786,7
S01012576,1218,1208,10
S01012577,994,982,12
S01012578,1497,1467,30
S01012579,824,814,10
S01012580,753,745,8
S01012581,1240,1228,12
S01012582,1022,1014,8
S01012583,689,684,5
S01012584,739,734,5
S01012585,1552,1534,18
S01012586,941,933,8
S01012587,1028,1021,7
S01012588,739,736,3
S01012589,805,803,2
S01012590,1076,1070,6
S01012591,1198,1190,8
S01012592,696,688,8
S01012593,1198,1190,8
S01012594,664,660,4
S01012595,798,790,8
S01012596,788,784,4
S01012597,386,370,16
S01012598,746,739,7
S01012599,718,701,17
S01012600,692,676,16
S01012601,889,874,15
S01012602,701,687,14
S01012603,650,646,4
S01012604,849,833,16
S01012605,915,908,7
S01012606,352,348,4
S01012607,737,734,3
S01012608,1026,1024,2
S01012609,968,964,4
S01012610,1255,1239,16
S01012611,885,879,6
S01012612,1189,1146,43
S01012613,1231,1227,4
S01012614,1121,1096,25
S01012615,1053,1043,10
S01012616,1038,1035,3
S01012617,839,832,7
S01012618,696,694,2
S01012619,723,710,13
S01012620,958,949,9
S01012621,909,899,10
S01012622,844,833,11
S01012623,865,850,15
S01012624,777,769,8
S01012625,698,692,6
S01012626,850,845,5
S01012627,635,633,2
S01012628,1599,1586,13
S01012629,333,328,5
S01012630,823,817,6
S01012631,1101,1079,22
S01012632,726,721,5
S01012633,989,981,8
S01012634,1305,1295,10
S01012635,2056,2036,20
S01012636,1543,1516,27
S01012637,1083,1071,12
S01012638,1032,1022,10
S01012639,1572,1557,15
S01012640,1375,1358,17
S01012641,1105,1082,23
S01012642,1668,1622,46
S01012643,573,565,8
S01012644,772,741,31
S01012645,1315,1277,38
S01012646,1260,1240,20
S01012647,1144,1119,25
S01012648,678,676,2
S01012649,887,876,11
S01012650,794,766,28
S01012651,822,816,6
S01012652,1045,1033,12
S01012653,987,975,12
S01012654,922,910,12
S01012655,1381,1373,8
S01012656,970,968,2
S01012657,991,970,21
S01012658,938,919,19
S01012659,785,778,7
S01012660,728,718,10
S01012661,921,913,8
S01012662,921,917,4
S01012663,935,925,10
S01012664,1045,1027,18
S01012665,811,808,3
S01012666,741,735,6
S01012667,686,681,5
S01012668,1116,1097,19
S01012669,1002,987,15
S01012670,696,693,3
S01012671,1482,1481,1
S01012672,839,831,8
S01012673,927,916,11
S01012674,731,721,10
S01012675,1046,1031,15
S01012676,1042,1036,6
S01012677,583,580,3
S01012678,727,722,5
S01012679,791,773,18
S01012680,557,555,2
S01012681,831,826,5
S01012682,864,860,4
S01012683,908,904,4
S01012684,458,454,4
S01012685,1195,1189,6
S01012686,1243,1237,6
S01012687,1350,1349,1
S01012688,891,874,17
S01012689,593,589,4
S01012690,532,531,1
S01012691,1055,1034,21
S01012692,1031,1021,10
S01012693,905,894,11
S01012694,639,631,8
S01012695,830,810,20
S01012696,861,700,161
S01012697,509,507,2
S01012698,969,966,3
S01012699,1045,1037,8
S01012700,900,879,21
S01012701,1127,1076,51
S01012702,684,664,20
S01012703,723,702,21
S01012704,772,770,2
S01012705,780,728,52
S01012706,993,984,9
S01012707,898,862,36
S01012708,915,903,12
S01012709,613,601,12
S01012710,943,917,26
S01012711,1145,1133,12
S01012712,912,871,41
S01012713,1087,1043,44
S01012714,657,652,5
S01012715,971,919,52
S01012716,1090,1070,20
S01012717,1138,1122,16
S01012718,989,961,28
S01012719,1135,1073,62
S01012720,863,805,58
S01012721,660,648,12
S01012722,1107,1070,37
S01012723,827,812,15
S01012724,728,710,18
S01012725,1071,1009,62
S01012726,971,928,43
S01012727,936,923,13
S01012728,1067,1043,24
S01012729,948,924,24
S01012730,556,556,0
S01012731,797,793,4
S01012732,765,759,6
S01012733,3564,3385,179
S01012734,91,88,3
S01012735,551,542,9
S01012736,1279,1247,32
S01012737,1274,1244,30
S01012738,612,596,16
S01012739,105,103,2
S01012740,90,90,0
S01012741,555,540,15
S01012742,880,864,16
S01012743,966,951,15
S01012744,675,666,9
S01012745,920,898,22
S01012746,1129,1116,13
S01012747,1147,1145,2
S01012748,829,804,25
S01012749,876,874,2
S01012750,788,781,7
S01012751,1273,1254,19
S01012752,832,820,12
S01012753,496,487,9
S01012754,908,896,12
S01012755,643,631,12
S01012756,1795,1710,85
S01012757,461,456,5
S01012758,695,674,21
S01012759,801,792,9
S01012760,1008,995,13
S01012761,994,974,20
S01012762,788,773,15
S01012763,612,603,9
S01012764,991,978,13
S01012765,597,591,6
S01012766,699,689,10
S01012767,791,788,3
S01012768,831,829,2
S01012769,1072,1059,13
S01012770,839,828,11
S01012771,819,806,13
S01012772,1177,1167,10
S01012773,1174,1154,20
S01012774,859,845,14
S01012775,641,639,2
S01012776,794,787,7
S01012777,1167,1148,19
S01012778,1199,1176,23
S01012779,1036,999,37
S01012780,918,888,30
S01012781,655,646,9
S01012782,828,820,8
S01012783,931,916,15
S01012784,1053,1028,25
S01012785,733,714,19
S01012786,1145,1126,19
S01012787,560,556,4
S01012788,1005,983,22
S01012789,1021,971,50
S01012790,911,872,39
S01012791,810,804,6
S01012792,1082,1072,10
S01012793,1043,1011,32
S01012794,396,362,34
S01012795,1255,1233,22
S01012796,925,906,19
S01012797,758,720,38
S01012798,1060,1018,42
S01012799,1182,1142,40
S01012800,1078,1038,40
S01012801,504,492,12
S01012802,756,684,72
S01012803,840,822,18
S01012804,857,850,7
S01012805,1069,1058,11
S01012806,937,929,8
S01012807,1497,1433,64
S01012808,1059,1053,6
S01012809,861,834,27
S01012810,898,887,11
S01012811,862,840,22
S01012812,961,940,21
S01012813,1001,991,10
S01012814,922,893,29
S01012815,1343,1275,68
S01012816,806,742,64
S01012817,476,442,34
S01012818,1016,939,77
S01012819,1098,1088,10
S01012820,2669,2407,262
S01012821,1794,1538,256
S01012822,846,821,25
S01012823,774,725,49
S01012824,1337,1287,50
S01012825,1548,1447,101
S01012826,1661,1548,113
S01012827,1524,1394,130
S01012828,2277,2010,267
S01012829,865,836,29
S01012830,690,669,21
S01012831,739,722,17
S01012832,544,538,6
S01012833,1006,990,16
S01012834,782,770,12
S01012835,980,954,26
S01012836,595,537,58
S01012837,998,965,33
S01012838,858,835,23
S01012839,666,659,7
S01012840,993,952,41
S01012841,721,699,22
S01012842,995,972,23
S01012843,1101,1057,44
S01012844,918,899,19
S01012845,907,877,30
S01012846,1051,1021,30
S01012847,756,750,6
S01012848,980,918,62
S01012849,1136,1096,40
S01012850,918,907,11
S01012851,998,975,23
S01012852,1061,1029,32
S01012853,924,893,31
S01012854,1195,1172,23
S01012855,1112,1079,33
S01012856,912,894,18
S01012857,1372,1340,32
S01012858,875,848,27
S01012859,1143,1071,72
S01012860,1067,1063,4
S01012861,687,648,39
S01012862,844,789,55
S01012863,748,721,27
S01012864,775,738,37
S01012865,1170,1156,14
S01012866,910,872,38
S01012867,829,821,8
S01012868,778,762,16
S01012869,546,533,13
S01012870,915,901,14
S01012871,912,830,82
S01012872,885,809,76
S01012873,936,888,48
S01012874,890,875,15
S01012875,645,628,17
S01012876,933,908,25
S01012877,726,719,7
S01012878,927,909,18
S01012879,1057,1044,13
S01012880,1039,1010,29
S01012881,1402,1373,29
S01012882,1198,1127,71
S01012883,968,953,15
S01012884,617,612,5
S01012885,792,785,7
S01012886,925,895,30
S01012887,734,730,4
S01012888,966,955,11
S01012889,1197,1145,52
S01012890,809,787,22
S01012891,742,729,13
S01012892,1194,1171,23
S01012893,1007,989,18
S01012894,921,885,36
S01012895,673,634,39
S01012896,1009,998,11
S01012897,1690,1594,96
S01012898,1041,981,60
S01012899,701,699,2
S01012900,1383,1334,49
S01012901,2017,1939,78
S01012902,992,980,12
S01012903,949,931,18
S01012904,989,967,22
S01012905,906,898,8
S01012906,1072,1060,12
S01012907,1060,1048,12
S01012908,1139,1127,12
S01012909,906,901,5
S01012910,1303,1292,11
S01012911,799,778,21
S01012912,1338,1330,8
S01012913,985,983,2
S01012914,1110,1081,29
S01012915,1060,1044,16
S01012916,936,915,21
S01012917,717,707,10
S01012918,859,846,13
S01012919,455,454,1
S01012920,571,563,8
S01012921,705,693,12
S01012922,1012,1008,4
S01012923,1112,1067,45
S01012924,567,552,15
S01012925,604,590,14
S01012926,697,680,17
S01012927,772,766,6
S01012928,1035,1005,30
S01012929,918,901,17
S01012930,978,929,49
S01012931,1145,1106,39
S01012932,625,611,14
S01012933,864,852,12
S01012934,823,815,8
S01012935,1487,1450,37
S01012936,913,874,39
S01012937,846,822,24
S01012938,843,797,46
S01012939,829,767,62
S01012940,817,772,45
S01012941,789,755,34
S01012942,902,891,11
S01012943,872,840,32
S01012944,725,712,13
S01012945,749,686,63
S01012946,861,823,38
S01012947,578,544,34
S01012948,1064,1056,8
S01012949,1390,1349,41
S01012950,1806,1716,90
S01012951,1068,1029,39
S01012952,1554,1464,90
S01012953,685,665,20
S01012954,485,481,4
S01012955,1293,1234,59
S01012956,994,965,29
S01012957,791,763,28
S01012958,502,498,4
S01012959,572,568,4
S01012960,733,725,8
S01012961,973,952,21
S01012962,922,901,21
S01012963,1174,1121,53
S01012964,1517,1456,61
S01012965,878,859,19
S01012966,1016,992,24
S01012967,889,872,17
S01012968,829,813,16
S01012969,958,932,26
S01012970,839,833,6
S01012971,1041,1026,15
S01012972,932,920,12
S01012973,1007,994,13
S01012974,1217,1203,14
S01012975,846,837,9
S01012976,675,665,10
S01012977,875,866,9
S01012978,952,932,20
S01012979,876,855,21
S01012980,806,794,12
S01012981,874,833,41
S01012982,820,810,10
S01012983,745,730,15
S01012984,784,744,40
S01012985,869,856,13
S01012986,995,970,25
S01012987,1053,1025,28
S01012988,1115,1094,21
S01012989,1183,1165,18
S01012990,1155,1131,24
S01012991,1123,1110,13
S01012992,1063,1035,28
S01012993,1003,986,17
S01012994,949,915,34
S01012995,795,785,10
S01012996,885,878,7
S01012997,605,603,2
S01012998,1239,1219,20
S01012999,777,746,31
S01013000,1104,1076,28
S01013001,382,379,3
S01013002,717,711,6
S01013003,736,736,0
S01013004,985,982,3
S01013005,743,741,2
S01013006,912,885,27
S01013007,1262,1247,15
S01013008,1218,1192,26
S01013009,820,816,4
S01013010,653,649,4
S01013011,945,940,5
S01013012,1192,1172,20
S01013013,1036,1030,6
S01013014,789,773,16
S01013015,761,753,8
S01013016,996,988,8
S01013017,1120,1111,9
S01013018,1167,1158,9
S01013019,1536,1502,34
S01013020,1031,1027,4
S01013021,1233,1197,36
S01013022,407,405,2
S01013023,950,931,19
S01013024,628,625,3
S01013025,1329,1299,30
S01013026,945,925,20
S01013027,1642,1622,20
S01013028,942,913,29
S01013029,692,688,4
S01013030,1221,1196,25
S01013031,635,629,6
S01013032,635,629,6
S01013033,774,754,20
S01013034,808,802,6
S01013035,814,814,0
S01013036,923,922,1
S01013037,1180,1164,16
S01013038,1252,1229,23
S01013039,527,515,12
S01013040,628,625,3
S01013041,587,577,10
S01013042,898,882,16
S01013043,815,797,18
S01013044,1139,1121,18
S01013045,713,681,32
S01013046,656,646,10
S01013047,931,888,43
S01013048,1170,1144,26
S01013049,1037,1008,29
S01013050,872,848,24
S01013051,931,915,16
S01013052,738,728,10
S01013053,1043,1006,37
S01013054,967,946,21
S01013055,754,722,32
S01013056,1279,1243,36
S01013057,996,963,33
S01013058,564,544,20
S01013059,1156,1122,34
S01013060,617,595,22
S01013061,1081,1059,22
S01013062,1119,1079,40
S01013063,894,856,38
S01013064,1189,1170,19
S01013065,1167,1131,36
S01013066,822,799,23
S01013067,1393,1198,195
S01013068,1541,1430,111
S01013069,966,867,99
S01013070,948,762,186
S01013071,1027,878,149
S01013072,876,853,23
S01013073,1156,1109,47
S01013074,1531,1482,49
S01013075,868,838,30
S01013076,931,804,127
S01013077,717,708,9
S01013078,800,788,12
S01013079,1524,1451,73
S01013080,1136,1073,63
S01013081,708,692,16
S01013082,1311,1260,51
S01013083,2754,2556,198
S01013084,1004,959,45
S01013085,1065,904,161
S01013086,1032,948,84
S01013087,2821,2565,256
S01013088,927,903,24
S01013089,837,794,43
S01013090,1346,1202,144
S01013091,875,776,99
S01013092,1335,1243,92
S01013093,472,466,6
S01013094,748,747,1
S01013095,1901,1868,33
S01013096,833,813,20
S01013097,2006,1973,33
S01013098,59,58,1
S01013099,908,876,32
S01013100,968,939,29
S01013101,1672,1649,23
S01013102,706,698,8
S01013103,863,851,12
S01013104,1087,1069,18
S01013105,901,894,7
S01013106,1063,1053,10
S01013107,856,853,3
S01013108,668,662,6
S01013109,1588,1571,17
S01013110,598,588,10
S01013111,750,741,9
S01013112,891,882,9
S01013113,1031,1021,10
S01013114,1414,1391,23
S01013115,947,938,9
S01013116,963,955,8
S01013117,1037,1029,8
S01013118,1043,1032,11
S01013119,785,777,8
S01013120,1151,1138,13
S01013121,454,449,5
S01013122,862,846,16
S01013123,932,912,20
S01013124,1123,1108,15
S01013125,895,890,5
S01013126,978,960,18
S01013127,1128,1100,28
S01013128,1003,965,38
S01013129,1356,1322,34
S01013130,1043,1000,43
S01013131,917,909,8
S01013132,705,694,11
S01013133,980,974,6
S01013134,840,825,15
S01013135,1025,1008,17
S01013136,1157,1134,23
S01013137,990,976,14
S01013138,903,880,23
S01013139,1115,1090,25
S01013140,1083,1065,18
S01013141,647,640,7
S01013142,1054,1031,23
S01013143,1023,998,25
S01013144,894,887,7
S01013145,919,902,17
S01013146,558,552,6
S01013147,799,769,30
S01013148,1044,1025,19
S01013149,824,813,11
S01013150,846,831,15
S01013151,569,562,7
S01013152,1407,1402,5
S01013153,987,977,10
S01013154,1358,1328,30
S01013155,908,846,62
S01013156,1079,1053,26
S01013157,1243,1170,73
S01013158,856,853,3
S01013159,844,819,25
S01013160,1006,1005,1
S01013161,1021,1009,12
S01013162,1141,1126,15
S01013163,834,826,8
S01013164,1203,1194,9
S01013165,1298,1282,16
S01013166,779,769,10
S01013167,1192,1164,28
S01013168,1067,1039,28
S01013169,776,766,10
S01013170,1251,1245,6
S01013171,787,774,13
S01013172,853,842,11
S01013173,799,790,9
S01013174,1142,1139,3
S01013175,837,817,20
S01013176,1014,995,19
S01013177,1115,1109,6
S01013178,719,716,3
S01013179,1406,1376,30
S01013180,434,419,15
S01013181,967,956,11
S01013182,844,831,13
S01013183,1016,991,25
S01013184,572,570,2
S01013185,1047,1039,8
S01013186,734,729,5
S01013187,957,949,8
S01013188,1010,988,22
S01013189,821,818,3
S01013190,897,888,9
S01013191,1055,1039,16
S01013192,1076,1054,22
S01013193,649,642,7
S01013194,1201,1176,25
S01013195,991,965,26
S01013196,680,676,4
S01013197,577,573,4
S01013198,886,880,6
S01013199,907,878,29
S01013200,978,958,20
S01013201,826,822,4
S01013202,574,565,9
S01013203,1014,1003,11
S01013204,1040,1016,24
S01013205,766,759,7
S01013206,904,895,9
S01013207,1170,1142,28
S01013208,753,751,2
S01013209,1018,1008,10
S01013210,784,773,11
S01013211,958,947,11
S01013212,852,827,25
S01013213,939,918,21
S01013214,438,436,2
S01013215,762,752,10
S01013216,822,818,4
S01013217,803,799,4
S01013218,754,745,9
S01013219,661,659,2
S01013220,892,891,1
S01013221,937,931,6
S01013222,690,676,14
S01013223,1389,1367,22
S01013224,1110,1105,5
S01013225,1223,1203,20
S01013226,799,788,11
S01013227,586,581,5
S01013228,819,815,4
S01013229,1008,1004,4
S01013230,898,892,6
S01013231,1296,1272,24
S01013232,779,772,7
S01013233,579,561,18
S01013234,644,633,11
S01013235,1064,1054,10
S01013236,989,975,14
S01013237,1028,1015,13
S01013238,1063,1052,11
S01013239,941,937,4
S01013240,758,739,19
S01013241,821,810,11
S01013242,661,659,2
S01013243,815,805,10
S01013244,1219,1204,15
S01013245,1009,992,17
S01013246,467,467,0
S01013247,962,960,2
S01013248,710,701,9
S01013249,1130,1129,1
S01013250,1417,1372,45
S01013251,993,973,20
S01013252,1208,1192,16
S01013253,856,846,10
S01013254,866,853,13
S01013255,1630,1589,41
S01013256,1020,1004,16
S01013257,1034,1023,11
S01013258,985,960,25
S01013259,1313,1302,11
S01013260,880,873,7
S01013261,1187,1183,4
S01013262,827,819,8
S01013263,1125,1077,48
S01013264,290,281,9
S01013265,979,909,70
S01013266,416,404,12
S01013267,917,904,13
S01013268,1222,1184,38
S01013269,1132,1062,70
S01013270,829,787,42
S01013271,1221,1184,37
S01013272,1198,1154,44
S01013273,942,877,65
S01013274,938,913,25
S01013275,1125,1081,44
S01013276,979,965,14
S01013277,889,856,33
S01013278,1145,1116,29
S01013279,875,844,31
S01013280,817,781,36
S01013281,963,919,44
S01013282,827,805,22
S01013283,1116,1016,100
S01013284,651,648,3
S01013285,764,753,11
S01013286,764,751,13
S01013287,783,777,6
S01013288,714,708,6
S01013289,1031,1009,22
S01013290,1172,1153,19
S01013291,1217,1197,20
S01013292,849,846,3
S01013293,855,828,27
S01013294,866,828,38
S01013295,887,871,16
S01013296,871,867,4
S01013297,1163,1156,7
S01013298,779,773,6
S01013299,1308,1284,24
S01013300,1212,1186,26
S01013301,681,667,14
S01013302,1472,1367,105
S01013303,1548,1457,91
S01013304,1017,992,25
S01013305,952,940,12
S01013306,1023,1009,14
S01013307,1200,1155,45
S01013308,1380,1344,36
S01013309,898,846,52
S01013310,649,630,19
S01013311,1184,1090,94
S01013312,1593,1569,24
S01013313,692,669,23
S01013314,834,813,21
S01013315,267,258,9
S01013316,692,683,9
S01013317,665,655,10
S01013318,709,677,32
S01013319,870,825,45
S01013320,744,680,64
S01013321,500,487,13
S01013322,801,764,37
S01013323,947,899,48
S01013324,1019,962,57
S01013325,1309,1259,50
S01013326,969,924,45
S01013327,868,841,27
S01013328,740,707,33
S01013329,538,523,15
S01013330,1002,969,33
S01013331,647,600,47
S01013332,825,795,30
S01013333,1128,1087,41
S01013334,787,778,9
S01013335,1018,998,20
S01013336,1041,1004,37
S01013337,2887,2657,230
S01013338,407,384,23
S01013339,863,804,59
S01013340,1315,1229,86
S01013341,898,817,81
S01013342,832,817,15
S01013343,757,735,22
S01013344,1390,1274,116
S01013345,855,839,16
S01013346,914,844,70
S01013347,691,679,12
S01013348,1530,1451,79
S01013349,1047,955,92
S01013350,1447,1343,104
S01013351,784,777,7
S01013352,1013,984,29
S01013353,1113,1097,16
S01013354,885,869,16
S01013355,932,919,13
S01013356,972,949,23
S01013357,1103,1090,13
S01013358,977,970,7
S01013359,621,620,1
S01013360,687,685,2
S01013361,1403,1386,17
S01013362,583,577,6
S01013363,1134,1123,11
S01013364,788,780,8
S01013365,1236,1206,30
S01013366,635,625,10
S01013367,741,712,29
S01013368,891,873,18
S01013369,911,907,4
S01013370,902,898,4
S01013371,856,848,8
S01013372,1148,1129,19
S01013373,1386,1378,8
S01013374,1080,1066,14
S01013375,676,666,10
S01013376,661,648,13
S01013377,772,763,9
S01013378,1058,1045,13
S01013379,1195,1186,9
S01013380,1400,1378,22
S01013381,750,718,32
S01013382,1031,994,37
S01013383,811,798,13
S01013384,1151,1133,18
S01013385,694,684,10
S01013386,800,799,1
S01013387,740,730,10
S01013388,759,751,8
S01013389,980,976,4
S01013390,548,547,1
S01013391,1039,1035,4
S01013392,1077,1053,24
S01013393,1904,1872,32
S01013394,742,731,11
S01013395,1518,1503,15
S01013396,1197,1171,26
S01013397,945,929,16
S01013398,234,231,3
S01013399,1171,1140,31
S01013400,637,626,11
S01013401,3730,3551,179
S01013402,194,194,0
S01013403,96,95,1
S01013404,4319,4124,195
S01013405,663,656,7
S01013406,708,701,7
S01013407,1820,1750,70
S01013408,837,831,6
S01013409,1301,1271,30
S01013410,596,592,4
S01013411,940,932,8
S01013412,797,788,9
S01013413,1030,1013,17
S01013414,955,934,21
S01013415,852,843,9
S01013416,576,565,11
S01013417,821,801,20
S01013418,519,517,2
S01013419,562,560,2
S01013420,1257,1249,8
S01013421,932,920,12
S01013422,968,965,3
S01013423,888,879,9
S01013424,808,796,12
S01013425,429,416,13
S01013426,895,891,4
S01013427,746,740,6
S01013428,1613,1598,15
S01013429,1525,1507,18
S01013430,1786,1760,26
S01013431,1013,1002,11
S01013432,821,810,11
S01013433,746,731,15
S01013434,534,521,13
S01013435,786,775,11
S01013436,1005,987,18
S01013437,792,777,15
S01013438,709,697,12
S01013439,899,892,7
S01013440,1293,1271,22
S01013441,892,879,13
S01013442,907,896,11
S01013443,635,622,13
S01013444,1209,1190,19
S01013445,717,716,1
S01013446,713,695,18
S01013447,645,634,11
S01013448,1091,1076,15
S01013449,782,769,13
S01013450,822,801,21
S01013451,871,859,12
S01013452,629,627,2
S01013453,1018,1003,15
S01013454,753,743,10
S01013455,560,546,14
S01013456,1044,1032,12
S01013457,1021,1012,9
S01013458,832,823,9
S01013459,1026,992,34
S01013460,1021,1002,19
S01013461,1198,1156,42
S01013462,947,916,31
S01013463,997,959,38
S01013464,816,798,18
S01013465,785,776,9
S01013466,459,456,3
S01013467,950,922,28
S01013468,683,669,14
S01013469,1012,998,14
S01013470,964,950,14
S01013471,935,921,14
S01013472,1221,1120,101
S01013473,525,512,13
S01013474,756,710,46
S01013475,1650,1528,122
S01013476,626,613,13
S01013477,993,976,17
S01013478,951,911,40
S01013479,1034,1005,29
S01013480,671,665,6
S01013481,1309,1203,106
