"dz_2011","total","white","nonwhite"
"S01006506",872,844,28
"S01006507",836,807,29
"S01006508",643,610,33
"S01006509",580,549,31
"S01006510",644,628,16
"S01006511",751,726,25
"S01006512",519,481,38
"S01006513",470,442,28
"S01006514",1043,979,64
"S01006515",762,714,48
"S01006516",718,669,49
"S01006517",1014,964,50
"S01006518",627,611,16
"S01006519",865,777,88
"S01006520",729,622,107
"S01006521",727,679,48
"S01006522",574,545,29
"S01006523",1016,954,62
"S01006524",776,727,49
"S01006525",798,721,77
"S01006526",902,839,63
"S01006527",683,636,47
"S01006528",1034,868,166
"S01006529",896,748,148
"S01006530",684,615,69
"S01006531",1030,965,65
"S01006532",744,695,49
"S01006533",712,697,15
"S01006534",910,873,37
"S01006535",1105,1011,94
"S01006536",948,877,71
"S01006537",697,676,21
"S01006538",569,541,28
"S01006539",747,727,20
"S01006540",960,881,79
"S01006541",858,835,23
"S01006542",1001,926,75
"S01006543",797,766,31
"S01006544",1071,935,136
"S01006545",1065,962,103
"S01006546",630,616,14
"S01006547",1268,1186,82
"S01006548",721,702,19
"S01006549",811,771,40
"S01006550",947,920,27
"S01006551",420,407,13
"S01006552",870,805,65
"S01006553",846,775,71
"S01006554",712,643,69
"S01006555",814,687,127
"S01006556",838,780,58
"S01006557",701,658,43
"S01006558",722,687,35
"S01006559",507,485,22
"S01006560",1033,946,87
"S01006561",766,704,62
"S01006562",718,664,54
"S01006563",826,692,134
"S01006564",983,846,137
"S01006565",988,847,141
"S01006566",757,680,77
"S01006567",835,740,95
"S01006568",923,801,122
"S01006569",566,494,72
"S01006570",791,681,110
"S01006571",888,835,53
"S01006572",905,859,46
"S01006573",724,690,34
"S01006574",1001,943,58
"S01006575",951,885,66
"S01006576",659,617,42
"S01006577",769,705,64
"S01006578",1096,982,114
"S01006579",1021,834,187
"S01006580",717,650,67
"S01006581",889,861,28
"S01006582",871,684,187
"S01006583",712,590,122
"S01006584",628,551,77
"S01006585",795,692,103
"S01006586",1019,882,137
"S01006587",453,376,77
"S01006588",587,426,161
"S01006589",682,587,95
"S01006590",649,555,94
"S01006591",735,624,111
"S01006592",680,570,110
"S01006593",768,666,102
"S01006594",539,489,50
"S01006595",934,814,120
"S01006596",725,666,59
"S01006597",520,473,47
"S01006598",957,890,67
"S01006599",807,724,83
"S01006600",1100,1022,78
"S01006601",1002,915,87
"S01006602",879,799,80
"S01006603",849,820,29
"S01006604",678,651,27
"S01006605",802,772,30
"S01006606",831,783,48
"S01006607",934,911,23
"S01006608",1199,1096,103
"S01006609",1063,1040,23
"S01006610",449,433,16
"S01006611",919,872,47
"S01006612",861,827,34
"S01006613",612,582,30
"S01006614",678,635,43
"S01006615",329,322,7
"S01006616",788,755,33
"S01006617",581,574,7
"S01006618",514,495,19
"S01006619",881,874,7
"S01006620",948,925,23
"S01006621",520,488,32
"S01006622",669,633,36
"S01006623",765,738,27
"S01006624",959,909,50
"S01006625",623,592,31
"S01006626",718,694,24
"S01006627",1046,963,83
"S01006628",910,799,111
"S01006629",803,766,37
"S01006630",627,618,9
"S01006631",933,898,35
"S01006632",812,778,34
"S01006633",699,665,34
"S01006634",634,613,21
"S01006635",658,627,31
"S01006636",870,833,37
"S01006637",753,675,78
"S01006638",834,708,126
"S01006639",945,849,96
"S01006640",723,584,139
"S01006641",608,528,80
"S01006642",1373,1136,237
"S01006643",730,629,101
"S01006644",963,831,132
"S01006645",687,612,75
"S01006646",1062,870,192
"S01006647",591,521,70
"S01006648",1804,1528,276
"S01006649",1106,928,178
"S01006650",714,585,129
"S01006651",635,522,113
"S01006652",545,460,85
"S01006653",656,546,110
"S01006654",914,824,90
"S01006655",632,562,70
"S01006656",967,815,152
"S01006657",536,450,86
"S01006658",1212,993,219
"S01006659",632,559,73
"S01006660",420,348,72
"S01006661",729,633,96
"S01006662",942,754,188
"S01006663",562,494,68
"S01006664",223,191,32
"S01006665",712,613,99
"S01006666",1403,1241,162
"S01006667",741,669,72
"S01006668",908,767,141
"S01006669",1219,993,226
"S01006670",929,820,109
"S01006671",2534,2135,399
"S01006672",810,724,86
"S01006673",787,671,116
"S01006674",938,879,59
"S01006675",712,646,66
"S01006676",747,658,89
"S01006677",723,650,73
"S01006678",1148,1075,73
"S01006679",654,623,31
"S01006680",851,794,57
"S01006681",840,801,39
"S01006682",853,778,75
"S01006683",872,781,91
"S01006684",684,612,72
"S01006685",740,685,55
"S01006686",622,561,61
"S01006687",833,759,74
"S01006688",950,919,31
"S01006689",629,546,83
"S01006690",594,530,64
"S01006691",559,493,66
"S01006692",742,687,55
"S01006693",1015,888,127
"S01006694",865,826,39
"S01006695",712,622,90
"S01006696",849,736,113
"S01006697",926,831,95
"S01006698",691,624,67
"S01006699",471,403,68
"S01006700",830,762,68
"S01006701",728,695,33
"S01006702",668,649,19
"S01006703",675,590,85
"S01006704",605,589,16
"S01006705",816,793,23
"S01006706",619,573,46
"S01006707",608,559,49
"S01006708",814,729,85
"S01006709",975,913,62
"S01006710",853,823,30
"S01006711",815,801,14
"S01006712",403,395,8
"S01006713",833,815,18
"S01006714",597,577,20
"S01006715",623,588,35
"S01006716",710,667,43
"S01006717",1068,1009,59
"S01006718",627,583,44
"S01006719",916,873,43
"S01006720",587,547,40
"S01006721",942,905,37
"S01006722",637,589,48
"S01006723",800,772,28
"S01006724",1005,955,50
"S01006725",620,609,11
"S01006726",1391,1329,62
"S01006727",1015,986,29
"S01006728",754,691,63
"S01006729",831,774,57
"S01006730",704,634,70
"S01006731",577,567,10
"S01006732",998,975,23
"S01006733",900,812,88
"S01006734",976,846,130
"S01006735",1004,906,98
"S01006736",1079,964,115
"S01006737",582,530,52
"S01006738",829,781,48
"S01006739",607,573,34
"S01006740",737,731,6
"S01006741",666,652,14
"S01006742",460,453,7
"S01006743",531,528,3
"S01006744",608,599,9
"S01006745",822,811,11
"S01006746",846,830,16
"S01006747",816,802,14
"S01006748",917,866,51
"S01006749",909,857,52
"S01006750",720,692,28
"S01006751",360,353,7
"S01006752",712,681,31
"S01006753",913,893,20
"S01006754",900,894,6
"S01006755",888,855,33
"S01006756",870,783,87
"S01006757",924,897,27
"S01006758",694,666,28
"S01006759",464,454,10
"S01006760",406,385,21
"S01006761",697,691,6
"S01006762",938,907,31
"S01006763",606,552,54
"S01006764",790,733,57
"S01006765",586,574,12
"S01006766",608,583,25
"S01006767",689,661,28
"S01006768",599,553,46
"S01006769",883,836,47
"S01006770",731,719,12
"S01006771",241,217,24
"S01006772",839,772,67
"S01006773",958,880,78
"S01006774",651,589,62
"S01006775",618,603,15
"S01006776",416,402,14
"S01006777",649,634,15
"S01006778",634,623,11
"S01006779",695,658,37
"S01006780",545,528,17
"S01006781",691,648,43
"S01006782",744,664,80
"S01006783",672,645,27
"S01006784",499,478,21
"S01006785",611,573,38
"S01006786",686,624,62
"S01006787",796,756,40
"S01006788",946,841,105
"S01006789",539,533,6
"S01006790",808,803,5
"S01006791",536,532,4
"S01006792",677,668,9
"S01006793",554,543,11
"S01006794",560,559,1
"S01006795",542,524,18
"S01006796",667,664,3
"S01006797",913,906,7
"S01006798",802,795,7
"S01006799",729,726,3
"S01006800",681,664,17
"S01006801",956,952,4
"S01006802",675,671,4
"S01006803",687,676,11
"S01006804",748,736,12
"S01006805",1122,1091,31
"S01006806",1031,1024,7
"S01006807",620,615,5
"S01006808",628,620,8
"S01006809",816,802,14
"S01006810",877,866,11
"S01006811",1090,1075,15
"S01006812",750,731,19
"S01006813",569,566,3
"S01006814",696,676,20
"S01006815",577,573,4
"S01006816",723,713,10
"S01006817",851,840,11
"S01006818",719,711,8
"S01006819",1266,1242,24
"S01006820",444,441,3
"S01006821",1042,1028,14
"S01006822",1918,1881,37
"S01006823",732,722,10
"S01006824",822,814,8
"S01006825",807,800,7
"S01006826",951,947,4
"S01006827",769,750,19
"S01006828",982,957,25
"S01006830",729,727,2
"S01006831",538,528,10
"S01006832",1148,1133,15
"S01006833",455,446,9
"S01006835",701,684,17
"S01006837",486,473,13
"S01006838",648,637,11
"S01006839",1040,1029,11
"S01006840",674,673,1
"S01006841",922,889,33
"S01006842",811,800,11
"S01006843",835,820,15
"S01006844",671,648,23
"S01006845",833,823,10
"S01006846",551,533,18
"S01006847",712,703,9
"S01006848",1536,1465,71
"S01006849",411,393,18
"S01006850",959,928,31
"S01006851",805,778,27
"S01006852",595,581,14
"S01006853",852,824,28
"S01006854",433,430,3
"S01006855",851,843,8
"S01006856",678,667,11
"S01006857",1356,1337,19
"S01006858",642,629,13
"S01006859",996,976,20
"S01006860",542,538,4
"S01006861",742,726,16
"S01006862",681,667,14
"S01006863",549,529,20
"S01006865",789,775,14
"S01006866",549,543,6
"S01006867",667,660,7
"S01006868",687,682,5
"S01006869",578,559,19
"S01006870",486,481,5
"S01006871",667,661,6
"S01006872",1443,1422,21
"S01006873",1227,1205,22
"S01006874",584,582,2
"S01006875",297,293,4
"S01006876",992,986,6
"S01006877",955,944,11
"S01006878",706,702,4
"S01006879",1190,1184,6
"S01006880",600,593,7
"S01006881",578,577,1
"S01006882",213,213,0
"S01006883",458,452,6
"S01006884",792,784,8
"S01006885",656,655,1
"S01006886",733,726,7
"S01006887",741,723,18
"S01006888",800,794,6
"S01006889",826,814,12
"S01006890",667,660,7
"S01006891",608,598,10
"S01006892",502,495,7
"S01006893",338,338,0
"S01006894",938,926,12
"S01006895",534,520,14
"S01006896",787,774,13
"S01006897",708,701,7
"S01006898",751,741,10
"S01006899",609,602,7
"S01006900",579,575,4
"S01006901",595,589,6
"S01006902",693,681,12
"S01006903",822,816,6
"S01006904",726,718,8
"S01006905",891,880,11
"S01006906",843,837,6
"S01006907",519,500,19
"S01006908",803,796,7
"S01006910",1510,1487,23
"S01006912",782,772,10
"S01006913",1714,1655,59
"S01006914",748,742,6
"S01006915",826,803,23
"S01006916",136,136,0
"S01006917",1458,1440,18
"S01006918",349,341,8
"S01006919",362,355,7
"S01006920",189,186,3
"S01006921",569,545,24
"S01006922",318,315,3
"S01006923",1213,1187,26
"S01006924",1033,1008,25
"S01006925",619,612,7
"S01006926",127,124,3
"S01006928",2519,2431,88
"S01006929",836,800,36
"S01006930",889,857,32
"S01006931",1948,1833,115
"S01006932",739,719,20
"S01006933",580,564,16
"S01006934",620,606,14
"S01006935",699,676,23
"S01006936",587,580,7
"S01006937",730,690,40
"S01006938",537,506,31
"S01006939",490,474,16
"S01006940",939,893,46
"S01006941",682,647,35
"S01006942",1082,1019,63
"S01006945",508,490,18
"S01006946",1010,978,32
"S01006947",506,495,11
"S01006948",871,856,15
"S01006949",655,645,10
"S01006951",470,465,5
"S01006952",761,758,3
"S01006953",794,774,20
"S01006954",1313,1262,51
"S01006955",927,911,16
"S01006956",381,353,28
"S01006957",1631,1592,39
"S01006958",747,740,7
"S01006959",722,711,11
"S01006960",84,84,0
"S01006962",883,873,10
"S01006963",527,525,2
"S01006964",582,573,9
"S01006965",471,462,9
"S01006966",602,594,8
"S01006967",691,682,9
"S01006968",452,449,3
"S01006969",947,934,13
"S01006970",633,624,9
"S01006971",387,387,0
"S01006972",522,522,0
"S01006973",761,756,5
"S01006974",804,797,7
"S01006975",951,930,21
"S01006976",637,629,8
"S01006977",3107,3016,91
"S01006978",855,849,6
"S01006979",737,735,2
"S01006980",948,917,31
"S01006981",798,788,10
"S01006982",910,903,7
"S01006983",743,737,6
"S01006984",847,837,10
"S01006985",1008,993,15
"S01006986",674,658,16
"S01006987",665,655,10
"S01006988",615,607,8
"S01006989",855,845,10
"S01006990",908,882,26
"S01006991",443,441,2
"S01006992",608,606,2
"S01006993",535,526,9
"S01006994",573,560,13
"S01006995",1338,1323,15
"S01006996",474,471,3
"S01006997",786,779,7
"S01006998",1206,1188,18
"S01006999",872,870,2
"S01007000",812,808,4
"S01007001",947,942,5
"S01007002",758,740,18
"S01007003",524,521,3
"S01007004",718,716,2
"S01007005",904,901,3
"S01007006",900,886,14
"S01007007",848,822,26
"S01007008",884,879,5
"S01007009",1013,999,14
"S01007010",819,812,7
"S01007011",865,859,6
"S01007012",707,701,6
"S01007013",1194,1182,12
"S01007014",1176,1164,12
"S01007015",625,621,4
"S01007016",592,587,5
"S01007017",843,831,12
"S01007018",990,983,7
"S01007019",665,653,12
"S01007020",649,640,9
"S01007021",791,787,4
"S01007022",122,118,4
"S01007023",767,764,3
"S01007024",1047,1036,11
"S01007025",621,617,4
"S01007026",780,771,9
"S01007027",1000,997,3
"S01007028",1031,1017,14
"S01007029",746,741,5
"S01007030",718,711,7
"S01007031",546,541,5
"S01007032",1107,1094,13
"S01007033",740,729,11
"S01007034",475,465,10
"S01007035",796,784,12
"S01007036",752,738,14
"S01007037",917,911,6
"S01007038",945,930,15
"S01007039",732,732,0
"S01007040",647,643,4
"S01007041",395,391,4
"S01007042",398,396,2
"S01007043",1373,1365,8
"S01007044",528,525,3
"S01007045",944,935,9
"S01007046",574,572,2
"S01007047",768,768,0
"S01007048",1228,1223,5
"S01007049",842,834,8
"S01007050",453,452,1
"S01007051",768,764,4
"S01007052",573,567,6
"S01007053",379,377,2
"S01007054",807,801,6
"S01007055",671,669,2
"S01007056",941,919,22
"S01007057",365,364,1
"S01007058",577,573,4
"S01007059",1077,1052,25
"S01007060",547,546,1
"S01007061",930,912,18
"S01007062",665,654,11
"S01007063",607,597,10
"S01007064",690,681,9
"S01007065",741,731,10
"S01007066",1103,1095,8
"S01007067",553,544,9
"S01007068",559,554,5
"S01007069",940,927,13
"S01007070",407,404,3
"S01007071",384,381,3
"S01007072",641,638,3
"S01007073",1027,1017,10
"S01007074",606,600,6
"S01007075",547,543,4
"S01007076",939,932,7
"S01007077",674,667,7
"S01007078",847,840,7
"S01007079",983,975,8
"S01007080",882,874,8
"S01007081",951,938,13
"S01007082",551,549,2
"S01007083",846,835,11
"S01007084",712,699,13
"S01007085",888,871,17
"S01007086",1219,1175,44
"S01007087",630,620,10
"S01007088",539,535,4
"S01007089",1782,1750,32
"S01007090",540,535,5
"S01007092",624,613,11
"S01007093",987,982,5
"S01007094",903,897,6
"S01007095",706,705,1
"S01007096",837,834,3
"S01007097",488,477,11
"S01007098",397,394,3
"S01007099",883,879,4
"S01007100",727,726,1
"S01007101",601,596,5
"S01007102",956,946,10
"S01007103",546,545,1
"S01007104",1183,1177,6
"S01007105",450,449,1
"S01007106",577,572,5
"S01007107",505,502,3
"S01007108",1485,1478,7
"S01007109",458,456,2
"S01007110",699,693,6
"S01007111",463,456,7
"S01007112",615,609,6
"S01007113",472,464,8
"S01007114",888,884,4
"S01007115",617,612,5
"S01007116",602,597,5
"S01007117",471,470,1
"S01007118",679,673,6
"S01007119",812,810,2
"S01007120",916,909,7
"S01007121",533,526,7
"S01007122",594,579,15
"S01007123",668,661,7
"S01007124",913,909,4
"S01007125",1037,1021,16
"S01007126",927,913,14
"S01007127",860,847,13
"S01007128",847,835,12
"S01007129",956,931,25
"S01007130",612,605,7
"S01007131",775,763,12
"S01007132",700,688,12
"S01007133",674,670,4
"S01007134",743,727,16
"S01007135",558,546,12
"S01007136",533,496,37
"S01007137",391,383,8
"S01007138",957,938,19
"S01007139",776,763,13
"S01007140",1022,1009,13
"S01007141",1331,1298,33
"S01007144",1997,1976,21
"S01007145",892,859,33
"S01007146",881,865,16
"S01007147",589,567,22
"S01007148",538,507,31
"S01007149",680,658,22
"S01007150",750,731,19
"S01007151",746,732,14
"S01007152",670,665,5
"S01007153",633,630,3
"S01007154",803,791,12
"S01007155",537,534,3
"S01007156",592,591,1
"S01007157",497,493,4
"S01007158",939,921,18
"S01007159",840,821,19
"S01007160",658,651,7
"S01007161",701,697,4
"S01007162",523,519,4
"S01007163",875,866,9
"S01007164",576,573,3
"S01007165",846,836,10
"S01007166",709,703,6
"S01007167",777,765,12
"S01007168",965,955,10
"S01007169",615,605,10
"S01007170",648,644,4
"S01007171",794,791,3
"S01007172",1237,1234,3
"S01007173",523,521,2
"S01007174",911,907,4
"S01007175",665,663,2
"S01007176",708,697,11
"S01007177",631,624,7
"S01007178",1051,1039,12
"S01007179",976,965,11
"S01007180",752,749,3
"S01007181",813,807,6
"S01007182",1047,1037,10
"S01007183",1082,1072,10
"S01007184",1039,1027,12
"S01007185",793,783,10
"S01007186",593,579,14
"S01007187",804,781,23
"S01007188",602,593,9
"S01007189",809,799,10
"S01007190",815,803,12
"S01007191",616,605,11
"S01007192",612,607,5
"S01007193",769,762,7
"S01007194",641,638,3
"S01007195",580,571,9
"S01007196",768,757,11
"S01007197",743,738,5
"S01007198",426,420,6
"S01007199",804,793,11
"S01007200",849,847,2
"S01007201",738,736,2
"S01007202",735,729,6
"S01007203",643,642,1
"S01007204",980,971,9
"S01007205",688,686,2
"S01007206",310,305,5
"S01007207",983,971,12
"S01007208",1112,1088,24
"S01007209",744,723,21
"S01007210",657,654,3
"S01007211",724,715,9
"S01007212",789,759,30
"S01007213",830,820,10
"S01007214",740,716,24
"S01007215",876,856,20
"S01007216",722,718,4
"S01007217",1186,1159,27
"S01007218",633,620,13
"S01007219",808,801,7
"S01007220",701,694,7
"S01007221",627,615,12
"S01007222",806,797,9
"S01007223",531,529,2
"S01007224",615,612,3
"S01007225",956,944,12
"S01007226",852,845,7
"S01007227",852,841,11
"S01007228",648,641,7
"S01007229",1102,1095,7
"S01007230",750,745,5
"S01007231",701,694,7
"S01007232",726,718,8
"S01007233",788,775,13
"S01007234",630,629,1
"S01007235",774,767,7
"S01007236",620,603,17
"S01007237",719,707,12
"S01007238",915,913,2
"S01007239",858,849,9
"S01007240",539,532,7
"S01007241",669,669,0
"S01007242",999,997,2
"S01007243",587,586,1
"S01007244",721,713,8
"S01007245",669,657,12
"S01007246",891,877,14
"S01007247",641,635,6
"S01007248",593,586,7
"S01007249",433,429,4
"S01007250",822,814,8
"S01007251",523,519,4
"S01007252",768,764,4
"S01007253",684,682,2
"S01007254",816,806,10
"S01007255",792,789,3
"S01007256",799,781,18
"S01007257",606,582,24
"S01007258",748,740,8
"S01007259",994,985,9
"S01007260",896,878,18
"S01007261",782,770,12
"S01007262",712,707,5
"S01007263",777,772,5
"S01007264",774,769,5
"S01007265",1109,1098,11
"S01007266",678,671,7
"S01007267",521,513,8
"S01007268",596,592,4
"S01007269",528,522,6
"S01007270",593,588,5
"S01007271",826,825,1
"S01007272",1025,1016,9
"S01007273",669,654,15
"S01007274",827,814,13
"S01007275",590,578,12
"S01007276",850,843,7
"S01007277",620,617,3
"S01007278",542,539,3
"S01007279",565,561,4
"S01007280",570,561,9
"S01007281",979,968,11
"S01007282",538,532,6
"S01007283",1023,1007,16
"S01007284",848,840,8
"S01007285",922,918,4
"S01007286",904,897,7
"S01007287",528,522,6
"S01007288",420,414,6
"S01007289",798,795,3
"S01007290",823,812,11
"S01007291",524,520,4
"S01007292",771,760,11
"S01007293",786,760,26
"S01007294",808,799,9
"S01007295",520,512,8
"S01007296",563,551,12
"S01007297",911,881,30
"S01007298",532,523,9
"S01007299",854,836,18
"S01007300",502,497,5
"S01007301",575,569,6
"S01007302",625,624,1
"S01007303",925,915,10
"S01007304",693,690,3
"S01007305",736,728,8
"S01007306",756,754,2
"S01007307",915,902,13
"S01007308",806,800,6
"S01007309",645,639,6
"S01007310",738,732,6
"S01007311",769,757,12
"S01007312",770,763,7
"S01007313",972,962,10
"S01007314",635,629,6
"S01007315",793,791,2
"S01007316",861,853,8
"S01007317",675,664,11
"S01007318",607,592,15
"S01007319",742,736,6
"S01007320",747,736,11
"S01007321",595,592,3
"S01007322",730,725,5
"S01007323",449,444,5
"S01007324",328,321,7
"S01007325",833,822,11
"S01007326",1175,1173,2
"S01007327",635,631,4
"S01007328",585,583,2
"S01007329",702,699,3
"S01007330",858,853,5
"S01007331",1139,1129,10
"S01007332",392,390,2
"S01007333",726,717,9
"S01007334",750,733,17
"S01007335",708,704,4
"S01007336",384,372,12
"S01007337",542,541,1
"S01007338",752,745,7
"S01007339",686,676,10
"S01007340",470,467,3
"S01007341",740,736,4
"S01007342",826,821,5
"S01007343",702,696,6
"S01007344",296,295,1
"S01007345",543,540,3
"S01007346",691,678,13
"S01007347",601,598,3
"S01007348",610,607,3
"S01007349",457,454,3
"S01007350",562,562,0
"S01007351",658,653,5
"S01007352",498,494,4
"S01007353",850,841,9
"S01007354",727,722,5
"S01007355",2105,2091,14
"S01007356",714,708,6
"S01007357",803,784,19
"S01007358",912,901,11
"S01007359",110,110,0
"S01007360",534,529,5
"S01007361",1043,1024,19
"S01007362",787,784,3
"S01007363",687,683,4
"S01007364",897,890,7
"S01007365",376,371,5
"S01007366",465,458,7
"S01007367",562,554,8
"S01007368",329,325,4
"S01007369",655,641,14
"S01007370",740,731,9
"S01007371",716,713,3
"S01007372",752,732,20
"S01007373",606,604,2
"S01007374",531,529,2
"S01007375",464,456,8
"S01007376",849,843,6
"S01007377",664,656,8
"S01007378",1457,1438,19
"S01007379",484,483,1
"S01007380",581,574,7
"S01007381",391,385,6
"S01007382",656,656,0
"S01007383",749,747,2
"S01007384",793,787,6
"S01007385",826,816,10
"S01007386",806,786,20
"S01007387",803,787,16
"S01007388",680,665,15
"S01007389",699,677,22
"S01007390",457,455,2
"S01007391",664,664,0
"S01007392",374,367,7
"S01007393",869,839,30
"S01007394",640,627,13
"S01007395",728,716,12
"S01007396",783,755,28
"S01007397",943,912,31
"S01007398",877,862,15
"S01007399",468,455,13
"S01007400",699,684,15
"S01007401",676,646,30
"S01007402",610,608,2
"S01007403",825,804,21
"S01007404",549,542,7
"S01007405",665,659,6
"S01007406",621,606,15
"S01007407",722,710,12
"S01007408",596,585,11
"S01007409",629,620,9
"S01007410",703,700,3
"S01007411",895,884,11
"S01007412",478,478,0
"S01007413",910,903,7
"S01007414",694,663,31
"S01007415",853,850,3
"S01007416",595,591,4
"S01007418",367,364,3
"S01007419",825,813,12
"S01007420",4197,4107,90
"S01007421",204,203,1
"S01007422",590,570,20
"S01007423",388,385,3
"S01007424",652,652,0
"S01007425",947,934,13
"S01007426",586,569,17
"S01007427",642,634,8
"S01007428",887,876,11
"S01007429",715,703,12
"S01007430",442,440,2
"S01007431",554,554,0
"S01007432",818,805,13
"S01007433",798,796,2
"S01007434",496,494,2
"S01007435",681,676,5
"S01007436",675,665,10
"S01007437",440,433,7
"S01007438",673,659,14
"S01007439",686,671,15
"S01007440",649,638,11
"S01007441",551,544,7
"S01007442",480,467,13
"S01007443",924,907,17
"S01007444",945,926,19
"S01007445",625,606,19
"S01007446",541,528,13
"S01007447",485,482,3
"S01007448",867,859,8
"S01007449",874,865,9
"S01007450",751,740,11
"S01007451",623,620,3
"S01007452",1293,1250,43
"S01007454",512,507,5
"S01007455",846,842,4
"S01007456",891,880,11
"S01007457",1080,1070,10
"S01007458",402,402,0
"S01007459",764,755,9
"S01007460",725,717,8
"S01007461",680,672,8
"S01007462",787,771,16
"S01007463",988,958,30
"S01007464",686,669,17
"S01007465",785,778,7
"S01007466",904,874,30
"S01007467",974,949,25
"S01007468",714,711,3
"S01007469",611,606,5
"S01007470",699,687,12
"S01007471",339,339,0
"S01007472",694,679,15
"S01007473",438,438,0
"S01007474",298,295,3
"S01007475",250,242,8
"S01007476",862,857,5
"S01007477",540,525,15
"S01007478",910,891,19
"S01007479",314,310,4
"S01007480",431,420,11
"S01007481",712,706,6
"S01007482",377,377,0
"S01007483",783,779,4
"S01007484",659,655,4
"S01007485",481,473,8
"S01007486",540,537,3
"S01007487",903,887,16
"S01007488",1032,1020,12
"S01007489",757,757,0
"S01007490",913,910,3
"S01007491",1010,999,11
"S01007492",685,681,4
"S01007493",824,823,1
"S01007494",534,531,3
"S01007495",962,960,2
"S01007496",1185,1173,12
"S01007497",596,591,5
"S01007498",939,934,5
"S01007499",842,840,2
"S01007500",605,599,6
"S01007501",680,676,4
"S01007502",506,505,1
"S01007503",1046,1037,9
"S01007504",677,669,8
"S01007505",556,552,4
"S01007506",514,514,0
"S01007507",921,915,6
"S01007508",696,692,4
"S01007509",627,627,0
"S01007510",1014,1005,9
"S01007511",829,822,7
"S01007512",443,439,4
"S01007513",943,939,4
"S01007514",519,508,11
"S01007515",605,590,15
"S01007516",620,616,4
"S01007517",366,363,3
"S01007518",834,829,5
"S01007519",531,525,6
"S01007520",980,978,2
"S01007521",590,580,10
"S01007522",846,834,12
"S01007523",542,542,0
"S01007524",951,935,16
"S01007525",536,536,0
"S01007526",734,730,4
"S01007527",787,785,2
"S01007528",751,744,7
"S01007529",666,661,5
"S01007530",524,521,3
"S01007531",692,678,14
"S01007532",597,596,1
"S01007533",1003,997,6
"S01007534",747,746,1
"S01007535",705,704,1
"S01007536",936,922,14
"S01007537",880,873,7
"S01007538",1213,1203,10
"S01007539",667,665,2
"S01007540",838,828,10
"S01007541",861,861,0
"S01007542",783,770,13
"S01007543",1078,1073,5
"S01007544",1223,1214,9
"S01007545",1088,1085,3
"S01007546",565,563,2
"S01007547",551,545,6
"S01007548",428,427,1
"S01007549",620,617,3
"S01007550",923,921,2
"S01007551",867,859,8
"S01007552",965,955,10
"S01007553",833,831,2
"S01007554",435,433,2
"S01007555",515,512,3
"S01007556",502,496,6
"S01007557",1131,1127,4
"S01007558",429,427,2
"S01007559",975,973,2
"S01007560",719,714,5
"S01007561",553,550,3
"S01007562",948,936,12
"S01007563",796,785,11
"S01007564",772,769,3
"S01007565",1117,1099,18
"S01007566",736,732,4
"S01007567",752,741,11
"S01007568",657,651,6
"S01007569",1257,1224,33
"S01007570",796,792,4
"S01007571",539,531,8
"S01007572",1862,1806,56
"S01007574",1094,1088,6
"S01007575",746,740,6
"S01007576",718,711,7
"S01007577",617,606,11
"S01007578",692,680,12
"S01007579",663,644,19
"S01007580",838,824,14
"S01007581",509,504,5
"S01007582",660,656,4
"S01007583",1056,1039,17
"S01007584",624,608,16
"S01007585",906,897,9
"S01007586",858,843,15
"S01007587",819,798,21
"S01007588",695,684,11
"S01007589",756,733,23
"S01007590",661,646,15
"S01007591",576,562,14
"S01007592",843,831,12
"S01007593",1095,1058,37
"S01007594",992,976,16
"S01007595",1056,1044,12
"S01007596",381,379,2
"S01007597",647,646,1
"S01007598",637,628,9
"S01007599",840,799,41
"S01007600",973,909,64
"S01007601",631,623,8
"S01007602",650,638,12
"S01007603",778,761,17
"S01007604",891,858,33
"S01007605",937,920,17
"S01007606",505,493,12
"S01007607",702,697,5
"S01007608",744,725,19
"S01007609",917,904,13
"S01007610",515,510,5
"S01007611",917,889,28
"S01007612",1044,984,60
"S01007613",836,816,20
"S01007614",441,431,10
"S01007615",1022,1004,18
"S01007616",669,650,19
"S01007617",519,517,2
"S01007618",638,635,3
"S01007619",630,625,5
"S01007620",579,578,1
"S01007621",656,653,3
"S01007622",482,480,2
"S01007623",608,583,25
"S01007624",664,655,9
"S01007625",505,490,15
"S01007626",486,477,9
"S01007627",676,643,33
"S01007628",717,706,11
"S01007629",699,697,2
"S01007630",813,809,4
"S01007631",631,626,5
"S01007632",855,845,10
"S01007633",977,958,19
"S01007634",680,677,3
"S01007635",717,710,7
"S01007636",858,854,4
"S01007637",857,852,5
"S01007638",768,759,9
"S01007639",1087,1075,12
"S01007640",724,722,2
"S01007641",856,844,12
"S01007642",835,826,9
"S01007643",903,898,5
"S01007644",687,679,8
"S01007645",681,676,5
"S01007646",627,618,9
"S01007647",740,732,8
"S01007648",850,836,14
"S01007649",741,741,0
"S01007650",956,945,11
"S01007651",717,709,8
"S01007652",482,481,1
"S01007653",886,885,1
"S01007654",1104,1097,7
"S01007655",781,770,11
"S01007656",851,845,6
"S01007657",435,431,4
"S01007658",507,501,6
"S01007659",920,911,9
"S01007660",624,622,2
"S01007661",660,645,15
"S01007662",908,897,11
"S01007663",843,828,15
"S01007664",578,571,7
"S01007665",660,654,6
"S01007666",229,228,1
"S01007667",717,706,11
"S01007668",1086,1086,0
"S01007669",642,636,6
"S01007670",729,726,3
"S01007671",1017,1014,3
"S01007672",874,871,3
"S01007673",700,694,6
"S01007674",797,795,2
"S01007675",627,626,1
"S01007676",793,791,2
"S01007677",409,406,3
"S01007678",788,787,1
"S01007679",843,836,7
"S01007680",922,908,14
"S01007681",405,397,8
"S01007682",1130,993,137
"S01007683",701,508,193
"S01007684",801,738,63
"S01007685",906,810,96
"S01007686",858,806,52
"S01007687",848,776,72
"S01007688",967,863,104
"S01007689",613,512,101
"S01007690",875,773,102
"S01007691",3162,2533,629
"S01007692",633,554,79
"S01007693",974,823,151
"S01007694",1115,962,153
"S01007695",963,828,135
"S01007696",800,636,164
"S01007697",948,888,60
"S01007698",1093,909,184
"S01007699",808,648,160
"S01007700",990,914,76
"S01007701",451,413,38
"S01007702",1026,918,108
"S01007703",783,728,55
"S01007704",907,805,102
"S01007705",844,685,159
"S01007706",599,483,116
"S01007707",1285,1059,226
"S01007708",644,582,62
"S01007709",582,531,51
"S01007710",394,339,55
"S01007711",1050,915,135
"S01007712",687,599,88
"S01007713",484,394,90
"S01007714",643,602,41
"S01007715",516,426,90
"S01007716",1041,907,134
"S01007717",1003,906,97
"S01007718",630,577,53
"S01007719",960,917,43
"S01007720",705,692,13
"S01007721",730,705,25
"S01007722",840,785,55
"S01007723",952,878,74
"S01007724",648,558,90
"S01007725",773,732,41
"S01007726",786,681,105
"S01007727",1023,920,103
"S01007728",773,689,84
"S01007729",772,669,103
"S01007730",764,708,56
"S01007731",582,546,36
"S01007732",824,754,70
"S01007733",853,713,140
"S01007734",821,772,49
"S01007735",827,739,88
"S01007736",723,617,106
"S01007737",1062,949,113
"S01007738",732,706,26
"S01007739",479,476,3
"S01007740",656,622,34
"S01007741",672,640,32
"S01007742",624,611,13
"S01007743",895,875,20
"S01007744",766,755,11
"S01007745",694,685,9
"S01007746",889,877,12
"S01007747",505,494,11
"S01007748",704,698,6
"S01007749",709,645,64
"S01007750",677,626,51
"S01007751",928,862,66
"S01007752",747,728,19
"S01007753",535,520,15
"S01007754",884,876,8
"S01007755",877,873,4
"S01007756",629,617,12
"S01007757",840,815,25
"S01007758",899,872,27
"S01007759",964,936,28
"S01007760",737,726,11
"S01007761",853,811,42
"S01007762",814,800,14
"S01007763",545,530,15
"S01007764",756,736,20
"S01007765",683,670,13
"S01007766",641,617,24
"S01007767",1038,1002,36
"S01007768",649,626,23
"S01007769",733,721,12
"S01007770",738,728,10
"S01007771",532,523,9
"S01007772",964,943,21
"S01007773",734,724,10
"S01007774",663,637,26
"S01007775",464,448,16
"S01007776",727,687,40
"S01007777",432,413,19
"S01007778",1775,1710,65
"S01007779",701,689,12
"S01007780",795,784,11
"S01007781",899,892,7
"S01007782",403,392,11
"S01007783",782,768,14
"S01007784",903,889,14
"S01007785",507,505,2
"S01007786",763,759,4
"S01007787",676,672,4
"S01007788",634,625,9
"S01007789",698,693,5
"S01007790",895,894,1
"S01007791",1004,978,26
"S01007792",879,870,9
"S01007793",959,953,6
"S01007794",567,556,11
"S01007795",606,603,3
"S01007796",845,779,66
"S01007797",522,510,12
"S01007798",665,609,56
"S01007800",956,941,15
"S01007801",973,954,19
"S01007802",547,493,54
"S01007803",1199,1180,19
"S01007804",627,615,12
"S01007805",520,510,10
"S01007806",634,629,5
"S01007807",707,695,12
"S01007808",848,835,13
"S01007809",919,898,21
"S01007810",883,881,2
"S01007811",871,863,8
"S01007812",850,823,27
"S01007813",799,785,14
"S01007814",565,558,7
"S01007815",916,903,13
"S01007816",669,667,2
"S01007817",449,443,6
"S01007818",868,861,7
"S01007819",688,685,3
"S01007820",980,938,42
"S01007821",552,547,5
"S01007822",734,730,4
"S01007823",696,685,11
"S01007824",727,677,50
"S01007825",1013,949,64
"S01007826",598,592,6
"S01007827",583,565,18
"S01007828",977,945,32
"S01007829",579,552,27
"S01007830",928,856,72
"S01007831",947,899,48
"S01007832",629,594,35
"S01007833",792,769,23
"S01007834",742,687,55
"S01007835",695,661,34
"S01007836",522,488,34
"S01007837",778,760,18
"S01007838",845,805,40
"S01007839",975,788,187
"S01007840",762,715,47
"S01007841",711,687,24
"S01007842",770,718,52
"S01007843",705,647,58
"S01007844",935,854,81
"S01007845",903,880,23
"S01007846",744,703,41
"S01007847",917,894,23
"S01007848",819,783,36
"S01007849",934,920,14
"S01007850",754,741,13
"S01007851",940,933,7
"S01007852",667,651,16
"S01007853",660,639,21
"S01007854",980,938,42
"S01007855",646,626,20
"S01007856",857,841,16
"S01007857",492,489,3
"S01007858",1052,1036,16
"S01007859",1165,1142,23
"S01007861",674,671,3
"S01007862",701,697,4
"S01007863",895,889,6
"S01007864",938,934,4
"S01007866",586,579,7
"S01007867",1212,1174,38
"S01007868",861,820,41
"S01007869",550,505,45
"S01007870",537,533,4
"S01007871",669,666,3
"S01007872",705,699,6
"S01007873",688,683,5
"S01007874",723,711,12
"S01007875",526,525,1
"S01007876",863,860,3
"S01007877",773,771,2
"S01007878",488,488,0
"S01007879",764,762,2
"S01007880",709,707,2
"S01007881",656,652,4
"S01007882",1325,1308,17
"S01007883",737,734,3
"S01007884",639,635,4
"S01007885",730,729,1
"S01007886",867,866,1
"S01007887",638,637,1
"S01007888",1070,1065,5
"S01007889",533,533,0
"S01007890",556,553,3
"S01007891",668,667,1
"S01007892",403,402,1
"S01007893",1371,1350,21
"S01007894",916,913,3
"S01007895",542,530,12
"S01007896",728,721,7
"S01007897",1298,1286,12
"S01007898",783,781,2
"S01007899",481,479,2
"S01007900",417,415,2
"S01007901",711,707,4
"S01007902",883,881,2
"S01007903",645,642,3
"S01007904",849,843,6
"S01007905",687,686,1
"S01007906",724,718,6
"S01007907",536,536,0
"S01007908",576,573,3
"S01007909",401,400,1
"S01007910",916,909,7
"S01007911",429,428,1
"S01007912",757,754,3
"S01007913",616,616,0
"S01007914",628,627,1
"S01007915",835,832,3
"S01007916",810,807,3
"S01007917",847,846,1
"S01007918",922,916,6
"S01007919",694,685,9
"S01007920",615,580,35
"S01007921",932,923,9
"S01007922",867,858,9
"S01007923",835,817,18
"S01007924",895,875,20
"S01007925",829,824,5
"S01007926",845,837,8
"S01007927",617,601,16
"S01007928",1038,1029,9
"S01007929",1185,1168,17
"S01007930",727,717,10
"S01007931",1127,1105,22
"S01007932",831,821,10
"S01007933",779,773,6
"S01007934",720,718,2
"S01007935",805,790,15
"S01007936",890,887,3
"S01007937",825,814,11
"S01007938",740,738,2
"S01007939",896,885,11
"S01007940",933,929,4
"S01007941",387,383,4
"S01007942",508,502,6
"S01007943",574,569,5
"S01007944",837,834,3
"S01007945",850,838,12
"S01007946",787,784,3
"S01007947",756,750,6
"S01007948",660,657,3
"S01007949",751,748,3
"S01007950",760,748,12
"S01007951",815,809,6
"S01007952",617,615,2
"S01007953",938,936,2
"S01007954",668,664,4
"S01007955",638,631,7
"S01007956",745,745,0
"S01007957",983,974,9
"S01007958",883,872,11
"S01007959",706,695,11
"S01007960",607,607,0
"S01007961",1771,1755,16
"S01007962",597,596,1
"S01007963",1003,995,8
"S01007964",791,787,4
"S01007965",576,570,6
"S01007966",977,962,15
"S01007967",639,636,3
"S01007968",869,869,0
"S01007969",666,659,7
"S01007970",874,873,1
"S01007971",927,920,7
"S01007972",828,821,7
"S01007973",816,812,4
"S01007974",859,851,8
"S01007975",603,599,4
"S01007976",703,695,8
"S01007977",645,641,4
"S01007978",559,546,13
"S01007979",830,815,15
"S01007980",701,695,6
"S01007981",547,538,9
"S01007982",514,511,3
"S01007983",777,769,8
"S01007984",726,721,5
"S01007985",923,918,5
"S01007986",675,665,10
"S01007987",658,651,7
"S01007988",817,807,10
"S01007989",580,576,4
"S01007990",1070,1050,20
"S01007991",940,873,67
"S01007992",657,623,34
"S01007993",673,672,1
"S01007994",659,639,20
"S01007995",590,583,7
"S01007996",452,437,15
"S01007997",555,534,21
"S01007998",522,498,24
"S01007999",801,797,4
"S01008000",913,910,3
"S01008001",859,847,12
"S01008002",676,664,12
"S01008003",666,628,38
"S01008004",122,115,7
"S01008006",786,778,8
"S01008007",430,421,9
"S01008008",645,625,20
"S01008009",785,779,6
"S01008010",862,852,10
"S01008011",657,648,9
"S01008012",772,758,14
"S01008013",697,686,11
"S01008014",622,613,9
"S01008015",776,759,17
"S01008016",781,772,9
"S01008017",900,885,15
"S01008018",505,493,12
"S01008019",741,730,11
"S01008020",587,570,17
"S01008021",700,689,11
"S01008022",728,705,23
"S01008023",468,451,17
"S01008024",955,929,26
"S01008025",685,681,4
"S01008026",880,876,4
"S01008027",565,552,13
"S01008028",585,573,12
"S01008029",3005,2940,65
"S01008030",722,717,5
"S01008031",881,872,9
"S01008032",898,892,6
"S01008033",1449,1372,77
"S01008034",790,729,61
"S01008035",627,609,18
"S01008036",669,660,9
"S01008037",1014,989,25
"S01008038",761,747,14
"S01008039",898,858,40
"S01008040",915,898,17
"S01008041",707,672,35
"S01008042",597,568,29
"S01008043",861,849,12
"S01008044",962,946,16
"S01008045",1099,1029,70
"S01008046",847,827,20
"S01008047",697,679,18
"S01008048",575,567,8
"S01008049",858,812,46
"S01008050",618,567,51
"S01008051",884,848,36
"S01008052",829,807,22
"S01008053",610,596,14
"S01008054",934,884,50
"S01008055",893,852,41
"S01008056",755,688,67
"S01008057",936,881,55
"S01008058",895,776,119
"S01008059",532,499,33
"S01008060",734,691,43
"S01008061",801,744,57
"S01008062",1018,964,54
"S01008063",749,689,60
"S01008064",701,644,57
"S01008065",993,916,77
"S01008066",937,906,31
"S01008067",557,528,29
"S01008068",914,855,59
"S01008069",932,892,40
"S01008070",878,846,32
"S01008071",702,669,33
"S01008072",850,762,88
"S01008073",471,406,65
"S01008074",976,920,56
"S01008075",613,558,55
"S01008076",656,622,34
"S01008077",831,772,59
"S01008078",1001,879,122
"S01008079",905,811,94
"S01008080",699,662,37
"S01008081",599,511,88
"S01008082",698,604,94
"S01008083",586,515,71
"S01008084",853,843,10
"S01008085",973,961,12
"S01008086",1091,1083,8
"S01008087",856,799,57
"S01008088",917,889,28
"S01008089",653,628,25
"S01008090",771,737,34
"S01008091",385,381,4
"S01008092",908,859,49
"S01008093",809,783,26
"S01008094",667,625,42
"S01008095",744,733,11
"S01008096",790,775,15
"S01008097",628,607,21
"S01008098",750,719,31
"S01008099",540,535,5
"S01008100",946,846,100
"S01008101",795,761,34
"S01008102",819,786,33
"S01008103",610,597,13
"S01008104",864,850,14
"S01008105",1072,1037,35
"S01008106",687,675,12
"S01008107",1115,950,165
"S01008108",547,511,36
"S01008109",940,885,55
"S01008110",881,812,69
"S01008111",869,838,31
"S01008112",816,774,42
"S01008113",891,826,65
"S01008114",685,661,24
"S01008115",915,806,109
"S01008116",933,881,52
"S01008117",800,769,31
"S01008118",882,854,28
"S01008119",665,647,18
"S01008120",790,755,35
"S01008121",662,653,9
"S01008122",604,579,25
"S01008123",849,825,24
"S01008124",692,672,20
"S01008125",881,853,28
"S01008126",812,789,23
"S01008127",489,472,17
"S01008128",886,876,10
"S01008129",891,865,26
"S01008130",961,943,18
"S01008131",766,753,13
"S01008132",1029,1011,18
"S01008133",630,606,24
"S01008134",661,635,26
"S01008135",1435,1395,40
"S01008136",783,773,10
"S01008137",911,908,3
"S01008138",852,843,9
"S01008139",967,954,13
"S01008140",522,513,9
"S01008141",1038,1023,15
"S01008142",604,589,15
"S01008143",913,907,6
"S01008144",812,798,14
"S01008145",808,793,15
"S01008146",499,498,1
"S01008147",788,780,8
"S01008148",747,737,10
"S01008149",707,698,9
"S01008150",941,933,8
"S01008151",704,703,1
"S01008152",1057,1048,9
"S01008153",573,566,7
"S01008154",828,823,5
"S01008155",670,656,14
"S01008156",919,911,8
"S01008157",746,735,11
"S01008158",731,721,10
"S01008159",989,977,12
"S01008160",995,987,8
"S01008161",1019,1003,16
"S01008162",996,976,20
"S01008163",758,751,7
"S01008164",1450,1290,160
"S01008165",788,748,40
"S01008166",559,559,0
"S01008167",576,566,10
"S01008168",997,984,13
"S01008169",711,703,8
"S01008170",597,587,10
"S01008171",733,711,22
"S01008172",557,549,8
"S01008173",664,652,12
"S01008174",532,531,1
"S01008175",750,744,6
"S01008176",727,718,9
"S01008177",776,765,11
"S01008178",640,631,9
"S01008179",512,493,19
"S01008180",473,460,13
"S01008181",678,662,16
"S01008182",924,915,9
"S01008183",746,726,20
"S01008184",694,669,25
"S01008185",1012,980,32
"S01008186",851,793,58
"S01008187",617,604,13
"S01008188",920,888,32
"S01008189",565,553,12
"S01008190",877,860,17
"S01008191",482,475,7
"S01008192",784,743,41
"S01008193",826,806,20
"S01008194",630,611,19
"S01008195",796,779,17
"S01008196",796,779,17
"S01008198",693,689,4
"S01008199",776,764,12
"S01008200",496,492,4
"S01008201",797,779,18
"S01008202",567,558,9
"S01008203",556,547,9
"S01008204",875,865,10
"S01008205",680,674,6
"S01008206",654,652,2
"S01008207",618,607,11
"S01008208",740,728,12
"S01008210",935,921,14
"S01008211",887,880,7
"S01008212",462,457,5
"S01008213",1150,1141,9
"S01008214",710,699,11
"S01008215",646,638,8
"S01008216",604,588,16
"S01008217",723,720,3
"S01008218",965,937,28
"S01008219",955,944,11
"S01008220",644,632,12
"S01008221",772,759,13
"S01008222",762,761,1
"S01008223",476,471,5
"S01008224",907,898,9
"S01008225",714,705,9
"S01008226",755,745,10
"S01008227",819,807,12
"S01008228",2394,2371,23
"S01008229",452,452,0
"S01008230",811,775,36
"S01008231",640,638,2
"S01008233",1627,1586,41
"S01008234",301,300,1
"S01008235",829,822,7
"S01008236",845,833,12
"S01008237",864,852,12
"S01008238",756,745,11
"S01008239",762,760,2
"S01008240",788,788,0
"S01008241",648,644,4
"S01008242",900,889,11
"S01008243",1093,1074,19
"S01008244",421,409,12
"S01008245",992,981,11
"S01008246",989,964,25
"S01008247",789,786,3
"S01008248",845,838,7
"S01008249",994,990,4
"S01008250",1024,1015,9
"S01008251",754,744,10
"S01008252",943,934,9
"S01008253",766,755,11
"S01008254",857,855,2
"S01008255",728,715,13
"S01008256",822,811,11
"S01008257",672,656,16
"S01008258",701,698,3
"S01008259",777,759,18
"S01008260",944,936,8
"S01008261",901,898,3
"S01008262",612,602,10
"S01008263",801,790,11
"S01008264",551,540,11
"S01008265",706,696,10
"S01008266",598,593,5
"S01008267",898,883,15
"S01008268",878,851,27
"S01008269",868,861,7
"S01008270",819,804,15
"S01008271",669,647,22
"S01008272",1002,986,16
"S01008273",841,831,10
"S01008274",729,719,10
"S01008275",558,557,1
"S01008276",557,557,0
"S01008277",502,499,3
"S01008278",840,830,10
"S01008279",733,727,6
"S01008280",880,871,9
"S01008281",726,722,4
"S01008282",1141,1126,15
"S01008283",210,209,1
"S01008284",1498,1476,22
"S01008285",754,743,11
"S01008286",747,745,2
"S01008287",852,838,14
"S01008288",901,874,27
"S01008289",493,484,9
"S01008290",777,758,19
"S01008291",719,716,3
"S01008292",1038,1016,22
"S01008294",730,720,10
"S01008295",859,850,9
"S01008296",621,618,3
"S01008297",544,536,8
"S01008298",865,851,14
"S01008299",813,797,16
"S01008300",846,838,8
"S01008301",832,821,11
"S01008302",716,706,10
"S01008303",558,554,4
"S01008304",356,339,17
"S01008305",791,787,4
"S01008306",611,609,2
"S01008307",640,639,1
"S01008308",566,552,14
"S01008309",727,715,12
"S01008310",949,938,11
"S01008311",544,533,11
"S01008312",253,249,4
"S01008313",1013,989,24
"S01008314",566,548,18
"S01008315",748,740,8
"S01008316",462,443,19
"S01008317",738,700,38
"S01008318",1284,1244,40
"S01008319",739,730,9
"S01008320",524,523,1
"S01008321",546,535,11
"S01008322",1055,1040,15
"S01008323",799,775,24
"S01008324",481,472,9
"S01008325",760,734,26
"S01008326",990,966,24
"S01008327",970,956,14
"S01008328",869,787,82
"S01008329",883,731,152
"S01008330",871,708,163
"S01008331",602,514,88
"S01008332",953,801,152
"S01008333",990,910,80
"S01008334",731,635,96
"S01008335",763,692,71
"S01008336",662,572,90
"S01008337",906,835,71
"S01008338",915,755,160
"S01008339",629,562,67
"S01008340",822,676,146
"S01008341",700,631,69
"S01008342",853,758,95
"S01008343",848,790,58
"S01008344",1000,919,81
"S01008345",788,701,87
"S01008346",1023,960,63
"S01008347",980,910,70
"S01008348",756,701,55
"S01008349",934,849,85
"S01008350",567,539,28
"S01008351",900,847,53
"S01008352",674,612,62
"S01008353",525,458,67
"S01008354",698,620,78
"S01008355",583,581,2
"S01008356",556,550,6
"S01008357",499,497,2
"S01008358",697,689,8
"S01008359",639,635,4
"S01008360",844,808,36
"S01008361",829,824,5
"S01008362",956,859,97
"S01008363",739,704,35
"S01008364",761,681,80
"S01008365",779,739,40
"S01008366",926,877,49
"S01008367",727,687,40
"S01008368",473,455,18
"S01008369",598,574,24
"S01008370",807,763,44
"S01008371",808,779,29
"S01008372",790,738,52
"S01008373",795,767,28
"S01008374",705,689,16
"S01008375",789,764,25
"S01008376",550,549,1
"S01008377",746,707,39
"S01008378",1015,989,26
"S01008379",530,510,20
"S01008380",544,528,16
"S01008381",514,500,14
"S01008382",785,754,31
"S01008383",480,457,23
"S01008384",976,957,19
"S01008385",674,646,28
"S01008386",659,638,21
"S01008387",836,801,35
"S01008388",546,524,22
"S01008389",542,530,12
"S01008390",619,611,8
"S01008391",785,758,27
"S01008392",916,898,18
"S01008393",610,583,27
"S01008394",942,897,45
"S01008395",531,455,76
"S01008396",807,726,81
"S01008397",935,874,61
"S01008398",587,552,35
"S01008399",728,613,115
"S01008400",501,427,74
"S01008401",1013,914,99
"S01008402",1092,1021,71
"S01008403",610,592,18
"S01008404",967,927,40
"S01008405",771,738,33
"S01008406",978,899,79
"S01008407",522,469,53
"S01008408",673,622,51
"S01008409",1098,1028,70
"S01008410",589,467,122
"S01008411",604,572,32
"S01008412",706,633,73
"S01008413",464,431,33
"S01008414",458,404,54
"S01008415",926,779,147
"S01008416",818,748,70
"S01008417",726,709,17
"S01008418",692,667,25
"S01008419",525,509,16
"S01008420",476,454,22
"S01008421",785,764,21
"S01008422",694,681,13
"S01008423",889,870,19
"S01008424",835,817,18
"S01008425",2465,1877,588
"S01008426",573,557,16
"S01008427",1068,1026,42
"S01008428",676,662,14
"S01008429",700,694,6
"S01008430",807,781,26
"S01008431",842,831,11
"S01008432",701,687,14
"S01008433",807,785,22
"S01008434",915,847,68
"S01008435",766,707,59
"S01008436",870,840,30
"S01008437",710,686,24
"S01008438",443,433,10
"S01008439",1064,1040,24
"S01008440",1053,1032,21
"S01008441",379,370,9
"S01008442",774,761,13
"S01008443",582,566,16
"S01008444",634,598,36
"S01008445",920,828,92
"S01008446",1128,1054,74
"S01008447",675,661,14
"S01008448",755,703,52
"S01008449",795,638,157
"S01008450",592,512,80
"S01008451",699,583,116
"S01008452",522,404,118
"S01008453",615,475,140
"S01008454",951,864,87
"S01008455",1000,855,145
"S01008456",973,841,132
"S01008457",616,556,60
"S01008458",994,922,72
"S01008459",627,571,56
"S01008460",805,764,41
"S01008461",914,823,91
"S01008462",564,515,49
"S01008463",670,602,68
"S01008464",850,816,34
"S01008465",742,698,44
"S01008466",744,678,66
"S01008467",785,749,36
"S01008468",678,617,61
"S01008469",577,423,154
"S01008470",728,630,98
"S01008471",944,848,96
"S01008472",628,542,86
"S01008473",700,633,67
"S01008474",779,717,62
"S01008475",787,691,96
"S01008476",699,668,31
"S01008477",914,867,47
"S01008478",699,614,85
"S01008479",758,719,39
"S01008480",434,413,21
"S01008481",1615,1538,77
"S01008482",614,580,34
"S01008483",598,554,44
"S01008484",754,711,43
"S01008485",1015,964,51
"S01008486",867,801,66
"S01008487",759,684,75
"S01008488",764,665,99
"S01008489",620,562,58
"S01008490",893,821,72
"S01008491",914,704,210
"S01008492",944,824,120
"S01008493",793,727,66
"S01008494",688,569,119
"S01008495",891,714,177
"S01008496",956,770,186
"S01008497",786,692,94
"S01008498",772,678,94
"S01008499",996,846,150
"S01008500",402,341,61
"S01008501",607,482,125
"S01008502",635,493,142
"S01008503",833,769,64
"S01008504",1112,1031,81
"S01008505",711,663,48
"S01008506",854,816,38
"S01008507",897,839,58
"S01008508",851,808,43
"S01008509",994,954,40
"S01008510",906,852,54
"S01008511",981,899,82
"S01008512",505,486,19
"S01008513",706,667,39
"S01008514",934,899,35
"S01008515",747,726,21
"S01008516",901,813,88
"S01008517",860,791,69
"S01008518",905,851,54
"S01008519",809,785,24
"S01008520",865,830,35
"S01008521",907,886,21
"S01008522",532,495,37
"S01008523",967,919,48
"S01008524",741,704,37
"S01008525",901,825,76
"S01008526",750,691,59
"S01008527",726,683,43
"S01008528",720,680,40
"S01008529",724,714,10
"S01008530",724,672,52
"S01008531",748,715,33
"S01008532",443,425,18
"S01008533",549,471,78
"S01008534",723,659,64
"S01008535",709,685,24
"S01008536",569,545,24
"S01008537",673,654,19
"S01008538",447,440,7
"S01008539",837,789,48
"S01008540",724,707,17
"S01008541",886,841,45
"S01008542",942,898,44
"S01008543",740,683,57
"S01008544",653,628,25
"S01008545",898,845,53
"S01008546",901,875,26
"S01008547",1010,862,148
"S01008548",990,911,79
"S01008549",914,833,81
"S01008550",798,675,123
"S01008551",984,881,103
"S01008552",759,712,47
"S01008553",528,504,24
"S01008554",1090,960,130
"S01008555",1036,951,85
"S01008556",778,706,72
"S01008557",928,801,127
"S01008558",912,849,63
"S01008559",715,674,41
"S01008560",699,605,94
"S01008561",674,627,47
"S01008562",661,624,37
"S01008563",844,789,55
"S01008564",587,561,26
"S01008565",930,830,100
"S01008566",1066,1001,65
"S01008567",744,655,89
"S01008568",793,685,108
"S01008569",640,569,71
"S01008570",961,888,73
"S01008571",679,614,65
"S01008572",888,785,103
"S01008573",892,713,179
"S01008574",757,645,112
"S01008575",802,701,101
"S01008576",823,766,57
"S01008577",903,855,48
"S01008578",806,757,49
"S01008579",1101,1052,49
"S01008580",542,457,85
"S01008581",894,795,99
"S01008582",1020,948,72
"S01008583",713,590,123
"S01008584",750,649,101
"S01008585",707,612,95
"S01008586",745,683,62
"S01008587",914,683,231
"S01008588",775,730,45
"S01008589",390,350,40
"S01008590",759,701,58
"S01008591",824,716,108
"S01008592",760,656,104
"S01008593",780,705,75
"S01008594",1038,943,95
"S01008595",905,793,112
"S01008596",852,757,95
"S01008597",880,830,50
"S01008598",837,721,116
"S01008599",919,839,80
"S01008600",847,690,157
"S01008601",2533,2113,420
"S01008602",650,544,106
"S01008603",1121,998,123
"S01008604",933,781,152
"S01008605",702,646,56
"S01008606",903,813,90
"S01008607",336,322,14
"S01008608",751,719,32
"S01008609",977,931,46
"S01008610",909,857,52
"S01008611",1421,1235,186
"S01008612",779,704,75
"S01008613",798,717,81
"S01008614",677,632,45
"S01008615",869,778,91
"S01008616",733,663,70
"S01008617",829,750,79
"S01008618",739,671,68
"S01008619",520,468,52
"S01008620",815,746,69
"S01008621",770,693,77
"S01008622",517,465,52
"S01008623",954,846,108
"S01008624",878,832,46
"S01008625",573,555,18
"S01008626",919,882,37
"S01008627",759,710,49
"S01008628",630,595,35
"S01008629",571,526,45
"S01008630",556,525,31
"S01008631",786,732,54
"S01008632",918,873,45
"S01008633",952,875,77
"S01008634",727,658,69
"S01008635",850,771,79
"S01008636",861,808,53
"S01008637",710,677,33
"S01008638",854,746,108
"S01008639",888,794,94
"S01008640",776,735,41
"S01008641",825,769,56
"S01008642",932,846,86
"S01008643",712,644,68
"S01008644",771,664,107
"S01008645",825,725,100
"S01008646",812,725,87
"S01008647",589,519,70
"S01008648",610,533,77
"S01008649",901,787,114
"S01008650",731,669,62
"S01008651",1095,990,105
"S01008652",567,508,59
"S01008653",684,557,127
"S01008654",937,745,192
"S01008655",796,630,166
"S01008656",644,558,86
"S01008657",758,700,58
"S01008658",981,876,105
"S01008659",825,735,90
"S01008660",936,827,109
"S01008661",990,887,103
"S01008662",745,649,96
"S01008663",926,821,105
"S01008664",845,739,106
"S01008665",1106,955,151
"S01008666",854,720,134
"S01008667",952,771,181
"S01008668",756,625,131
"S01008669",442,395,47
"S01008670",879,719,160
"S01008671",751,639,112
"S01008672",686,538,148
"S01008673",1096,868,228
"S01008674",955,737,218
"S01008675",732,655,77
"S01008676",839,749,90
"S01008677",761,664,97
"S01008678",1200,903,297
"S01008679",1164,967,197
"S01008680",631,495,136
"S01008681",971,798,173
"S01008682",673,544,129
"S01008683",1511,1032,479
"S01008684",1104,941,163
"S01008685",1025,926,99
"S01008686",885,819,66
"S01008687",648,591,57
"S01008688",950,855,95
"S01008689",860,816,44
"S01008690",990,911,79
"S01008691",1112,1046,66
"S01008692",685,636,49
"S01008693",487,480,7
"S01008694",1000,932,68
"S01008695",703,648,55
"S01008696",675,624,51
"S01008697",1059,997,62
"S01008698",404,383,21
"S01008699",909,862,47
"S01008700",569,525,44
"S01008701",980,860,120
"S01008703",972,761,211
"S01008704",672,612,60
"S01008705",500,436,64
"S01008706",615,533,82
"S01008707",862,798,64
"S01008708",1031,918,113
"S01008709",763,709,54
"S01008710",456,394,62
"S01008711",706,644,62
"S01008712",1143,1047,96
"S01008713",635,607,28
"S01008714",568,529,39
"S01008715",763,748,15
"S01008716",545,523,22
"S01008717",440,385,55
"S01008718",510,456,54
"S01008719",1003,849,154
"S01008720",508,498,10
"S01008721",809,772,37
"S01008722",1058,1026,32
"S01008723",677,633,44
"S01008724",968,943,25
"S01008725",752,736,16
"S01008726",477,472,5
"S01008727",1102,1060,42
"S01008728",552,541,11
"S01008729",845,816,29
"S01008730",801,759,42
"S01008731",430,416,14
"S01008732",505,484,21
"S01008733",682,651,31
"S01008734",666,637,29
"S01008735",996,923,73
"S01008736",738,641,97
"S01008737",987,934,53
"S01008738",596,555,41
"S01008739",559,535,24
"S01008740",553,519,34
"S01008741",1060,1033,27
"S01008742",377,359,18
"S01008743",1014,954,60
"S01008744",1058,1023,35
"S01008745",466,440,26
"S01008746",946,802,144
"S01008747",501,482,19
"S01008748",533,510,23
"S01008749",1228,1109,119
"S01008750",704,671,33
"S01008751",622,609,13
"S01008752",787,754,33
"S01008753",424,404,20
"S01008754",702,668,34
"S01008755",941,882,59
"S01008756",708,639,69
"S01008757",638,606,32
"S01008758",823,758,65
"S01008759",564,526,38
"S01008760",949,863,86
"S01008761",738,674,64
"S01008762",608,591,17
"S01008763",925,898,27
"S01008764",714,663,51
"S01008765",852,794,58
"S01008766",1057,1029,28
"S01008767",542,522,20
"S01008768",537,493,44
"S01008769",2300,1999,301
"S01008772",785,747,38
"S01008773",1025,972,53
"S01008774",901,830,71
"S01008775",392,374,18
"S01008776",863,789,74
"S01008777",1014,902,112
"S01008778",1086,995,91
"S01008779",718,680,38
"S01008780",376,354,22
"S01008781",891,794,97
"S01008782",816,749,67
"S01008783",259,252,7
"S01008784",540,511,29
"S01008785",927,825,102
"S01008786",888,814,74
"S01008787",374,335,39
"S01008788",690,636,54
"S01008789",654,583,71
"S01008790",675,598,77
"S01008791",877,726,151
"S01008792",965,906,59
"S01008793",427,391,36
"S01008794",865,806,59
"S01008795",1057,951,106
"S01008796",1182,1045,137
"S01008797",947,849,98
"S01008798",787,720,67
"S01008799",665,545,120
"S01008800",1170,1085,85
"S01008801",801,727,74
"S01008802",958,873,85
"S01008803",952,846,106
"S01008804",652,522,130
"S01008805",623,486,137
"S01008806",1019,858,161
"S01008807",792,728,64
"S01008808",663,621,42
"S01008809",720,679,41
"S01008810",733,688,45
"S01008811",844,776,68
"S01008812",471,428,43
"S01008813",970,791,179
"S01008814",842,705,137
"S01008815",908,794,114
"S01008816",523,475,48
"S01008817",764,688,76
"S01008818",893,820,73
"S01008819",756,731,25
"S01008820",1119,1005,114
"S01008821",797,715,82
"S01008822",734,687,47
"S01008823",675,632,43
"S01008824",961,931,30
"S01008825",539,534,5
"S01008826",744,711,33
"S01008827",732,714,18
"S01008828",884,865,19
"S01008829",715,648,67
"S01008830",692,667,25
"S01008831",774,761,13
"S01008832",755,696,59
"S01008833",989,939,50
"S01008834",1130,1060,70
"S01008835",695,659,36
"S01008836",526,466,60
"S01008837",1343,1214,129
"S01008838",830,771,59
"S01008839",1027,977,50
"S01008840",1074,997,77
"S01008841",1289,1121,168
"S01008842",161,143,18
"S01008843",991,825,166
"S01008844",695,591,104
"S01008845",853,732,121
"S01008846",821,728,93
"S01008847",585,545,40
"S01008848",772,741,31
"S01008849",727,683,44
"S01008850",731,705,26
"S01008851",918,864,54
"S01008852",1002,954,48
"S01008853",680,618,62
"S01008854",910,849,61
"S01008855",1226,1139,87
"S01008856",483,422,61
"S01008857",764,741,23
"S01008858",552,543,9
"S01008859",1217,1151,66
"S01008860",882,821,61
"S01008861",765,744,21
"S01008862",877,830,47
"S01008863",733,693,40
"S01008864",1088,936,152
"S01008865",928,846,82
"S01008866",798,748,50
"S01008867",800,766,34
"S01008868",771,713,58
"S01008869",998,934,64
"S01008870",780,734,46
"S01008871",1232,1160,72
"S01008872",700,633,67
"S01008873",692,661,31
"S01008874",848,747,101
"S01008875",820,730,90
"S01008876",587,574,13
"S01008877",548,533,15
"S01008878",756,720,36
"S01008879",968,927,41
"S01008880",626,605,21
"S01008881",475,443,32
"S01008882",1075,1041,34
"S01008883",965,942,23
"S01008884",706,669,37
"S01008885",888,854,34
"S01008886",843,735,108
"S01008887",770,723,47
"S01008888",500,444,56
"S01008889",634,563,71
"S01008890",717,664,53
"S01008891",763,716,47
"S01008892",971,922,49
"S01008893",910,853,57
"S01008894",887,865,22
"S01008895",592,572,20
"S01008896",504,473,31
"S01008897",689,618,71
"S01008898",870,821,49
"S01008899",843,812,31
"S01008900",948,883,65
"S01008901",846,789,57
"S01008902",1019,917,102
"S01008903",962,903,59
"S01008904",1073,853,220
"S01008905",1116,1015,101
"S01008906",885,759,126
"S01008907",811,703,108
"S01008908",929,798,131
"S01008909",797,769,28
"S01008910",1489,1328,161
"S01008911",168,168,0
"S01008912",792,759,33
"S01008913",421,406,15
"S01008914",868,842,26
"S01008915",569,538,31
"S01008916",1094,1016,78
"S01008917",690,630,60
"S01008918",584,504,80
"S01008919",544,467,77
"S01008920",971,873,98
"S01008921",755,670,85
"S01008922",785,732,53
"S01008923",749,703,46
"S01008924",791,733,58
"S01008925",691,602,89
"S01008926",232,214,18
"S01008927",1174,1085,89
"S01008928",813,765,48
"S01008929",762,692,70
"S01008930",913,857,56
"S01008931",776,749,27
"S01008932",885,754,131
"S01008933",488,432,56
"S01008934",990,866,124
"S01008935",893,845,48
"S01008936",397,376,21
"S01008937",831,781,50
"S01008938",641,605,36
"S01008939",890,863,27
"S01008940",636,609,27
"S01008941",881,843,38
"S01008942",904,874,30
"S01008943",707,675,32
"S01008944",1013,956,57
"S01008945",782,732,50
"S01008946",912,840,72
"S01008947",1063,994,69
"S01008948",704,635,69
"S01008949",924,893,31
"S01008950",935,881,54
"S01008951",822,783,39
"S01008952",803,751,52
"S01008953",903,852,51
"S01008954",880,830,50
"S01008955",637,590,47
"S01008956",878,842,36
"S01008957",1010,910,100
"S01008958",722,670,52
"S01008959",859,799,60
"S01008960",916,806,110
"S01008961",715,686,29
"S01008962",616,591,25
"S01008963",783,759,24
"S01008964",525,488,37
"S01008965",742,722,20
"S01008966",590,569,21
"S01008967",1045,1000,45
"S01008968",997,967,30
"S01008969",1088,1035,53
"S01008970",1014,998,16
"S01008971",526,502,24
"S01008972",793,777,16
"S01008973",1340,1285,55
"S01008974",803,742,61
"S01008975",849,817,32
"S01008976",404,393,11
"S01008977",605,589,16
"S01008978",580,548,32
"S01008979",743,668,75
"S01008980",834,786,48
"S01008981",708,691,17
"S01008982",789,744,45
"S01008983",650,622,28
"S01008984",518,501,17
"S01008985",593,555,38
"S01008986",888,868,20
"S01008987",822,803,19
"S01008988",1058,1002,56
"S01008989",653,612,41
"S01008990",737,679,58
"S01008991",935,848,87
"S01008992",562,523,39
"S01008993",1125,1069,56
"S01008994",773,771,2
"S01008995",662,641,21
"S01008996",704,684,20
"S01008997",984,940,44
"S01008998",628,625,3
"S01008999",854,848,6
"S01009000",911,901,10
"S01009001",888,863,25
"S01009002",827,815,12
"S01009003",961,948,13
"S01009004",680,672,8
"S01009005",730,714,16
"S01009006",766,751,15
"S01009007",701,676,25
"S01009008",916,910,6
"S01009009",476,465,11
"S01009010",1021,1003,18
"S01009011",870,857,13
"S01009012",752,739,13
"S01009013",893,864,29
"S01009014",531,531,0
"S01009015",477,475,2
"S01009016",530,529,1
"S01009017",393,392,1
"S01009018",871,865,6
"S01009019",519,514,5
"S01009020",811,804,7
"S01009021",731,724,7
"S01009022",832,828,4
"S01009023",838,830,8
"S01009024",980,972,8
"S01009025",918,915,3
"S01009026",892,885,7
"S01009027",884,883,1
"S01009028",385,385,0
"S01009029",621,615,6
"S01009030",733,731,2
"S01009031",761,761,0
"S01009032",660,659,1
"S01009033",795,789,6
"S01009034",709,702,7
"S01009035",930,921,9
"S01009036",1074,1067,7
"S01009037",893,889,4
"S01009038",1090,1077,13
"S01009039",661,654,7
"S01009040",653,630,23
"S01009041",792,775,17
"S01009042",816,787,29
"S01009043",589,578,11
"S01009044",869,858,11
"S01009045",803,794,9
"S01009046",872,871,1
"S01009047",805,799,6
"S01009048",837,835,2
"S01009049",616,610,6
"S01009050",1186,1166,20
"S01009051",619,615,4
"S01009052",540,536,4
"S01009053",532,519,13
"S01009054",583,572,11
"S01009055",807,799,8
"S01009056",554,541,13
"S01009057",555,545,10
"S01009058",885,867,18
"S01009059",802,777,25
"S01009060",838,810,28
"S01009061",810,800,10
"S01009062",647,646,1
"S01009063",733,719,14
"S01009064",583,578,5
"S01009065",686,681,5
"S01009066",693,681,12
"S01009067",1035,1020,15
"S01009068",895,890,5
"S01009069",631,622,9
"S01009070",522,505,17
"S01009071",1632,1586,46
"S01009072",289,280,9
"S01009073",651,639,12
"S01009074",721,711,10
"S01009075",536,530,6
"S01009076",918,904,14
"S01009077",454,444,10
"S01009079",1145,1131,14
"S01009080",934,928,6
"S01009081",654,639,15
"S01009082",833,827,6
"S01009083",675,669,6
"S01009084",2202,2167,35
"S01009086",402,393,9
"S01009087",571,569,2
"S01009088",830,816,14
"S01009089",93,89,4
"S01009090",583,565,18
"S01009091",1954,1840,114
"S01009092",995,991,4
"S01009093",775,755,20
"S01009094",682,672,10
"S01009095",787,783,4
"S01009096",1129,1099,30
"S01009097",788,780,8
"S01009098",527,525,2
"S01009099",807,803,4
"S01009100",781,772,9
"S01009101",935,924,11
"S01009102",819,808,11
"S01009103",678,672,6
"S01009104",775,768,7
"S01009105",796,789,7
"S01009106",551,549,2
"S01009107",506,502,4
"S01009108",608,578,30
"S01009109",670,664,6
"S01009110",607,605,2
"S01009111",848,821,27
"S01009112",439,434,5
"S01009113",927,900,27
"S01009114",786,743,43
"S01009115",580,568,12
"S01009116",464,463,1
"S01009117",857,845,12
"S01009118",632,606,26
"S01009119",752,744,8
"S01009120",530,530,0
"S01009121",811,805,6
"S01009122",1421,1400,21
"S01009123",437,433,4
"S01009124",226,225,1
"S01009125",713,701,12
"S01009126",592,581,11
"S01009127",626,618,8
"S01009128",806,791,15
"S01009129",486,464,22
"S01009130",661,640,21
"S01009131",482,473,9
"S01009132",822,785,37
"S01009133",627,619,8
"S01009134",860,846,14
"S01009135",565,552,13
"S01009136",223,214,9
"S01009137",947,880,67
"S01009138",861,832,29
"S01009139",406,394,12
"S01009140",751,716,35
"S01009141",824,801,23
"S01009142",549,522,27
"S01009143",600,597,3
"S01009144",896,850,46
"S01009145",917,897,20
"S01009146",911,860,51
"S01009147",832,817,15
"S01009148",694,688,6
"S01009149",713,685,28
"S01009150",747,742,5
"S01009151",890,876,14
"S01009152",667,649,18
"S01009153",472,431,41
"S01009154",972,943,29
"S01009155",567,559,8
"S01009156",548,538,10
"S01009157",838,814,24
"S01009158",558,549,9
"S01009159",511,502,9
"S01009160",674,663,11
"S01009161",455,439,16
"S01009162",709,690,19
"S01009163",495,473,22
"S01009164",750,737,13
"S01009165",720,694,26
"S01009166",839,826,13
"S01009167",548,540,8
"S01009168",634,624,10
"S01009169",761,758,3
"S01009170",677,673,4
"S01009171",664,637,27
"S01009172",656,642,14
"S01009173",498,486,12
"S01009174",356,336,20
"S01009175",785,770,15
"S01009176",1456,1439,17
"S01009177",817,788,29
"S01009178",743,720,23
"S01009179",683,657,26
"S01009180",984,959,25
"S01009181",1721,1693,28
"S01009182",1002,991,11
"S01009183",334,330,4
"S01009184",1030,1020,10
"S01009185",733,723,10
"S01009186",725,717,8
"S01009187",1373,1343,30
"S01009188",892,881,11
"S01009189",776,770,6
"S01009190",311,309,2
"S01009191",746,716,30
"S01009192",1221,1193,28
"S01009193",113,108,5
"S01009194",788,781,7
"S01009195",398,393,5
"S01009196",693,671,22
"S01009197",1027,1015,12
"S01009198",730,722,8
"S01009199",449,439,10
"S01009200",1258,1231,27
"S01009201",520,470,50
"S01009202",525,504,21
"S01009203",633,626,7
"S01009204",793,772,21
"S01009205",702,688,14
"S01009206",934,929,5
"S01009207",1126,1100,26
"S01009208",631,628,3
"S01009209",529,525,4
"S01009210",955,936,19
"S01009211",543,526,17
"S01009212",829,817,12
"S01009213",781,775,6
"S01009214",1010,994,16
"S01009215",858,830,28
"S01009216",886,868,18
"S01009217",623,619,4
"S01009218",810,805,5
"S01009219",630,619,11
"S01009220",348,338,10
"S01009221",574,574,0
"S01009222",538,538,0
"S01009223",556,544,12
"S01009224",627,619,8
"S01009225",536,529,7
"S01009226",909,900,9
"S01009227",589,586,3
"S01009228",602,598,4
"S01009229",583,569,14
"S01009230",566,566,0
"S01009231",886,880,6
"S01009232",581,560,21
"S01009233",490,488,2
"S01009234",1021,990,31
"S01009235",819,801,18
"S01009236",483,475,8
"S01009237",947,934,13
"S01009238",742,739,3
"S01009239",867,858,9
"S01009240",672,664,8
"S01009241",895,887,8
"S01009242",725,703,22
"S01009243",1003,993,10
"S01009244",814,810,4
"S01009245",830,820,10
"S01009246",813,805,8
"S01009247",919,915,4
"S01009248",688,685,3
"S01009249",901,879,22
"S01009250",638,637,1
"S01009251",553,538,15
"S01009252",478,474,4
"S01009253",476,474,2
"S01009254",822,805,17
"S01009255",564,553,11
"S01009256",478,478,0
"S01009257",753,742,11
"S01009258",1380,1371,9
"S01009259",942,941,1
"S01009260",798,791,7
"S01009261",738,734,4
"S01009262",604,601,3
"S01009263",351,350,1
"S01009264",666,649,17
"S01009265",791,779,12
"S01009266",942,940,2
"S01009267",602,599,3
"S01009268",1002,997,5
"S01009269",892,886,6
"S01009270",595,588,7
"S01009271",885,871,14
"S01009272",704,702,2
"S01009273",466,463,3
"S01009274",631,619,12
"S01009275",665,650,15
"S01009276",766,756,10
"S01009277",951,944,7
"S01009278",215,214,1
"S01009279",1089,1072,17
"S01009280",898,892,6
"S01009281",665,665,0
"S01009282",471,467,4
"S01009283",710,693,17
"S01009284",822,804,18
"S01009285",906,878,28
"S01009286",737,728,9
"S01009287",754,741,13
"S01009288",1060,1036,24
"S01009289",871,868,3
"S01009290",646,644,2
"S01009291",979,971,8
"S01009292",210,205,5
"S01009293",531,520,11
"S01009294",698,687,11
"S01009295",611,604,7
"S01009296",506,493,13
"S01009297",826,813,13
"S01009298",971,935,36
"S01009299",986,963,23
"S01009300",510,487,23
"S01009301",967,951,16
"S01009302",845,804,41
"S01009303",787,759,28
"S01009304",910,905,5
"S01009305",736,733,3
"S01009306",1094,1075,19
"S01009307",1018,990,28
"S01009308",513,487,26
"S01009309",734,717,17
"S01009310",932,900,32
"S01009311",753,732,21
"S01009312",650,625,25
"S01009313",445,438,7
"S01009314",816,797,19
"S01009315",646,635,11
"S01009316",756,741,15
"S01009317",847,839,8
"S01009318",619,611,8
"S01009319",903,888,15
"S01009320",713,688,25
"S01009321",476,467,9
"S01009322",691,682,9
"S01009323",1099,1080,19
"S01009324",528,519,9
"S01009325",700,697,3
"S01009326",640,623,17
"S01009327",579,571,8
"S01009331",1256,1215,41
"S01009332",922,906,16
"S01009333",669,656,13
"S01009334",636,630,6
"S01009335",772,751,21
"S01009336",658,650,8
"S01009337",743,733,10
"S01009338",725,716,9
"S01009339",853,841,12
"S01009340",596,590,6
"S01009341",583,578,5
"S01009342",742,727,15
"S01009343",574,557,17
"S01009344",732,717,15
"S01009345",840,824,16
"S01009346",6248,5923,325
"S01009353",447,434,13
"S01009355",866,861,5
"S01009356",963,941,22
"S01009357",678,640,38
"S01009358",337,323,14
"S01009359",1243,1194,49
"S01009360",835,812,23
"S01009361",768,742,26
"S01009362",1015,986,29
"S01009363",833,821,12
"S01009364",860,848,12
"S01009365",425,425,0
"S01009366",760,746,14
"S01009367",489,481,8
"S01009368",581,563,18
"S01009369",598,593,5
"S01009370",838,822,16
"S01009371",665,655,10
"S01009372",521,518,3
"S01009373",708,703,5
"S01009374",853,842,11
"S01009375",797,791,6
"S01009376",577,569,8
"S01009377",1284,1245,39
"S01009378",994,977,17
"S01009379",981,958,23
"S01009380",585,569,16
"S01009381",507,501,6
"S01009382",691,688,3
"S01009383",1018,997,21
"S01009384",392,386,6
"S01009385",393,390,3
"S01009386",670,661,9
"S01009387",542,535,7
"S01009388",1075,1051,24
"S01009389",824,816,8
"S01009390",777,746,31
"S01009391",695,680,15
"S01009392",581,560,21
"S01009393",686,677,9
"S01009394",943,905,38
"S01009395",677,661,16
"S01009396",736,706,30
"S01009397",703,683,20
"S01009398",688,673,15
"S01009399",705,700,5
"S01009400",519,508,11
"S01009401",681,675,6
"S01009402",944,920,24
"S01009403",539,529,10
"S01009404",546,517,29
"S01009405",618,610,8
"S01009406",702,696,6
"S01009407",417,408,9
"S01009408",833,829,4
"S01009409",665,661,4
"S01009410",877,868,9
"S01009411",812,801,11
"S01009412",848,842,6
"S01009413",988,973,15
"S01009414",682,670,12
"S01009415",677,663,14
"S01009416",370,361,9
"S01009417",1991,1955,36
"S01009418",908,893,15
"S01009419",574,571,3
"S01009420",632,631,1
"S01009421",634,623,11
"S01009422",717,716,1
"S01009424",591,587,4
"S01009425",545,533,12
"S01009426",776,761,15
"S01009427",608,597,11
"S01009428",582,578,4
"S01009429",649,643,6
"S01009430",737,730,7
"S01009431",520,509,11
"S01009432",817,811,6
"S01009433",826,816,10
"S01009434",543,540,3
"S01009435",774,773,1
"S01009436",701,696,5
"S01009437",591,590,1
"S01009438",619,596,23
"S01009439",923,918,5
"S01009440",672,661,11
"S01009441",836,820,16
"S01009442",1361,1353,8
"S01009443",2996,2810,186
"S01009444",846,832,14
"S01009445",778,775,3
"S01009446",753,741,12
"S01009447",486,480,6
"S01009448",569,567,2
"S01009449",528,527,1
"S01009450",601,594,7
"S01009451",770,762,8
"S01009452",503,499,4
"S01009453",1023,1022,1
"S01009454",642,642,0
"S01009455",848,844,4
"S01009456",1172,1160,12
"S01009457",897,887,10
"S01009458",687,681,6
"S01009459",750,737,13
"S01009460",971,969,2
"S01009462",1285,1273,12
"S01009463",667,660,7
"S01009464",842,829,13
"S01009465",609,604,5
"S01009466",572,558,14
"S01009467",793,776,17
"S01009468",748,738,10
"S01009469",812,799,13
"S01009470",473,467,6
"S01009471",585,565,20
"S01009472",939,882,57
"S01009473",1058,1022,36
"S01009474",818,799,19
"S01009476",1070,977,93
"S01009477",744,717,27
"S01009478",832,792,40
"S01009479",938,890,48
"S01009480",730,714,16
"S01009481",922,890,32
"S01009482",642,612,30
"S01009483",724,693,31
"S01009484",776,758,18
"S01009485",786,772,14
"S01009486",650,636,14
"S01009487",789,768,21
"S01009488",705,699,6
"S01009489",816,799,17
"S01009490",767,749,18
"S01009491",698,692,6
"S01009492",826,822,4
"S01009493",847,828,19
"S01009494",947,910,37
"S01009495",871,856,15
"S01009496",785,780,5
"S01009497",881,868,13
"S01009498",643,621,22
"S01009499",796,788,8
"S01009500",778,756,22
"S01009501",677,672,5
"S01009502",823,815,8
"S01009503",729,718,11
"S01009504",695,682,13
"S01009505",817,806,11
"S01009506",735,721,14
"S01009507",800,746,54
"S01009508",876,866,10
"S01009509",1015,978,37
"S01009510",700,681,19
"S01009511",597,591,6
"S01009512",771,744,27
"S01009513",575,566,9
"S01009514",706,674,32
"S01009515",738,728,10
"S01009516",977,950,27
"S01009519",576,534,42
"S01009520",837,767,70
"S01009521",756,731,25
"S01009522",1042,974,68
"S01009523",584,565,19
"S01009524",592,580,12
"S01009525",615,571,44
"S01009526",650,626,24
"S01009527",639,632,7
"S01009528",520,510,10
"S01009529",578,576,2
"S01009530",576,568,8
"S01009531",806,788,18
"S01009532",779,763,16
"S01009533",783,763,20
"S01009534",856,830,26
"S01009535",630,620,10
"S01009536",559,552,7
"S01009537",539,531,8
"S01009538",785,769,16
"S01009539",866,845,21
"S01009540",815,808,7
"S01009541",1718,1699,19
"S01009542",625,617,8
"S01009543",523,520,3
"S01009544",761,757,4
"S01009545",1212,1200,12
"S01009546",562,547,15
"S01009547",876,860,16
"S01009548",616,609,7
"S01009549",726,709,17
"S01009550",515,507,8
"S01009551",533,496,37
"S01009552",897,887,10
"S01009553",852,845,7
"S01009554",768,742,26
"S01009555",619,595,24
"S01009556",767,759,8
"S01009557",675,666,9
"S01009558",673,666,7
"S01009559",857,848,9
"S01009560",748,736,12
"S01009561",536,508,28
"S01009562",743,726,17
"S01009563",793,789,4
"S01009564",681,670,11
"S01009565",588,573,15
"S01009566",1070,1044,26
"S01009567",882,867,15
"S01009568",736,724,12
"S01009569",812,800,12
"S01009570",563,554,9
"S01009571",686,683,3
"S01009572",1030,1005,25
"S01009573",743,710,33
"S01009574",1409,1369,40
"S01009575",523,520,3
"S01009576",955,901,54
"S01009577",697,653,44
"S01009578",771,765,6
"S01009579",577,562,15
"S01009580",531,526,5
"S01009581",553,550,3
"S01009582",533,520,13
"S01009583",812,799,13
"S01009584",537,521,16
"S01009585",969,959,10
"S01009586",681,670,11
"S01009587",715,699,16
"S01009588",1062,1060,2
"S01009589",954,928,26
"S01009590",360,351,9
"S01009591",643,629,14
"S01009592",922,879,43
"S01009593",592,573,19
"S01009594",675,672,3
"S01009595",206,194,12
"S01009596",783,773,10
"S01009597",875,844,31
"S01009598",664,657,7
"S01009599",892,866,26
"S01009600",634,624,10
"S01009601",601,597,4
"S01009602",770,758,12
"S01009603",560,528,32
"S01009604",622,610,12
"S01009605",765,757,8
"S01009606",823,805,18
"S01009607",528,511,17
"S01009608",606,602,4
"S01009609",707,707,0
"S01009610",982,970,12
"S01009611",535,534,1
"S01009612",467,466,1
"S01009613",462,432,30
"S01009614",779,774,5
"S01009615",398,398,0
"S01009616",626,615,11
"S01009617",585,572,13
"S01009618",682,680,2
"S01009619",623,617,6
"S01009620",797,780,17
"S01009621",777,757,20
"S01009622",663,660,3
"S01009623",495,486,9
"S01009624",792,776,16
"S01009625",868,861,7
"S01009626",601,589,12
"S01009627",825,820,5
"S01009628",518,512,6
"S01009629",1082,1076,6
"S01009630",811,805,6
"S01009631",677,670,7
"S01009632",558,543,15
"S01009633",756,749,7
"S01009634",532,529,3
"S01009635",842,828,14
"S01009636",904,893,11
"S01009637",736,716,20
"S01009638",914,908,6
"S01009639",666,655,11
"S01009640",586,572,14
"S01009641",770,752,18
"S01009642",912,884,28
"S01009643",102,102,0
"S01009644",1266,1245,21
"S01009645",649,639,10
"S01009646",596,592,4
"S01009647",595,592,3
"S01009648",788,787,1
"S01009649",1037,1033,4
"S01009650",546,534,12
"S01009651",1471,1453,18
"S01009652",610,597,13
"S01009653",530,524,6
"S01009654",583,571,12
"S01009655",846,841,5
"S01009656",728,723,5
"S01009657",763,737,26
"S01009658",738,737,1
"S01009659",480,479,1
"S01009660",912,887,25
"S01009661",1089,1067,22
"S01009662",868,862,6
"S01009663",481,481,0
"S01009664",895,891,4
"S01009665",662,655,7
"S01009666",758,747,11
"S01009667",523,515,8
"S01009668",589,579,10
"S01009669",590,583,7
"S01009670",892,888,4
"S01009671",511,505,6
"S01009672",725,711,14
"S01009673",611,602,9
"S01009674",1066,1065,1
"S01009675",972,954,18
"S01009676",833,826,7
"S01009677",592,585,7
"S01009678",591,583,8
"S01009679",1031,1016,15
"S01009680",685,681,4
"S01009681",681,672,9
"S01009682",624,613,11
"S01009683",797,768,29
"S01009684",1153,1137,16
"S01009685",644,638,6
"S01009686",1123,1090,33
"S01009687",723,719,4
"S01009688",904,885,19
"S01009689",605,569,36
"S01009690",708,692,16
"S01009691",685,668,17
"S01009692",1062,1056,6
"S01009693",438,438,0
"S01009694",1122,1112,10
"S01009695",623,618,5
"S01009696",953,950,3
"S01009697",702,696,6
"S01009698",572,566,6
"S01009699",425,424,1
"S01009700",649,643,6
"S01009701",398,392,6
"S01009702",631,620,11
"S01009703",454,451,3
"S01009704",917,910,7
"S01009705",732,721,11
"S01009706",625,622,3
"S01009707",477,467,10
"S01009708",609,605,4
"S01009709",911,893,18
"S01009710",567,548,19
"S01009711",789,770,19
"S01009712",593,582,11
"S01009713",890,886,4
"S01009714",922,911,11
"S01009715",741,723,18
"S01009716",726,700,26
"S01009717",906,810,96
"S01009718",731,709,22
"S01009719",745,702,43
"S01009720",694,658,36
"S01009721",580,517,63
"S01009722",1134,1031,103
"S01009723",772,643,129
"S01009724",980,912,68
"S01009725",783,718,65
"S01009726",1042,941,101
"S01009727",1247,1193,54
"S01009728",624,601,23
"S01009729",706,678,28
"S01009730",294,266,28
"S01009731",499,477,22
"S01009732",640,596,44
"S01009733",387,384,3
"S01009734",1510,1214,296
"S01009735",869,832,37
"S01009736",2672,2093,579
"S01009737",569,566,3
"S01009738",330,321,9
"S01009739",764,751,13
"S01009740",541,531,10
"S01009741",1159,1136,23
"S01009742",570,560,10
"S01009743",1007,999,8
"S01009744",698,692,6
"S01009745",1168,1142,26
"S01009746",739,730,9
"S01009747",656,643,13
"S01009748",628,621,7
"S01009749",954,931,23
"S01009750",679,664,15
"S01009751",823,809,14
"S01009752",350,339,11
"S01009753",715,693,22
"S01009754",852,844,8
"S01009755",673,648,25
"S01009756",740,732,8
"S01009757",561,549,12
"S01009758",598,554,44
"S01009759",934,843,91
"S01009760",893,831,62
"S01009761",910,804,106
"S01009762",926,846,80
"S01009763",432,382,50
"S01009764",674,566,108
"S01009765",1019,787,232
"S01009766",403,383,20
"S01009767",2089,1328,761
"S01009768",310,302,8
"S01009769",1247,1075,172
"S01009770",711,485,226
"S01009771",888,580,308
"S01009772",635,567,68
"S01009775",802,778,24
"S01009776",614,605,9
"S01009777",482,446,36
"S01009778",822,783,39
"S01009779",581,552,29
"S01009780",399,369,30
"S01009781",548,533,15
"S01009782",605,541,64
"S01009783",901,864,37
"S01009784",756,734,22
"S01009785",801,758,43
"S01009786",963,912,51
"S01009787",867,848,19
"S01009788",833,814,19
"S01009789",896,869,27
"S01009790",629,627,2
"S01009791",664,633,31
"S01009792",334,243,91
"S01009793",2352,1982,370
"S01009794",483,469,14
"S01009795",875,796,79
"S01009796",436,425,11
"S01009797",776,666,110
"S01009798",722,684,38
"S01009799",843,796,47
"S01009800",1107,1064,43
"S01009801",1005,964,41
"S01009802",1022,971,51
"S01009803",532,516,16
"S01009805",1231,1139,92
"S01009806",1023,960,63
"S01009807",1102,1007,95
"S01009808",918,675,243
"S01009809",591,561,30
"S01009810",855,795,60
"S01009811",1063,1039,24
"S01009812",744,718,26
"S01009813",769,569,200
"S01009814",840,786,54
"S01009815",710,698,12
"S01009816",705,678,27
"S01009817",690,687,3
"S01009818",926,902,24
"S01009819",664,640,24
"S01009820",958,920,38
"S01009821",662,619,43
"S01009822",479,450,29
"S01009823",620,592,28
"S01009824",1001,943,58
"S01009825",1006,961,45
"S01009826",582,565,17
"S01009827",854,810,44
"S01009828",767,726,41
"S01009829",1029,950,79
"S01009830",770,730,40
"S01009831",717,689,28
"S01009832",1003,938,65
"S01009833",335,305,30
"S01009834",841,772,69
"S01009835",526,515,11
"S01009836",961,908,53
"S01009837",689,678,11
"S01009838",757,708,49
"S01009839",974,917,57
"S01009840",965,958,7
"S01009841",814,693,121
"S01009842",671,555,116
"S01009843",640,566,74
"S01009844",573,507,66
"S01009845",671,520,151
"S01009846",862,757,105
"S01009847",668,606,62
"S01009848",866,814,52
"S01009849",734,717,17
"S01009850",784,747,37
"S01009851",919,889,30
"S01009852",427,395,32
"S01009853",876,815,61
"S01009854",790,746,44
"S01009855",572,535,37
"S01009856",635,564,71
"S01009857",966,918,48
"S01009858",746,702,44
"S01009859",1038,945,93
"S01009860",920,859,61
"S01009861",1103,920,183
"S01009862",1459,1213,246
"S01009863",796,533,263
"S01009864",594,531,63
"S01009865",449,360,89
"S01009866",882,733,149
"S01009867",785,661,124
"S01009868",711,499,212
"S01009869",530,301,229
"S01009870",484,264,220
"S01009871",932,680,252
"S01009872",724,436,288
"S01009873",913,689,224
"S01009874",1048,877,171
"S01009875",608,301,307
"S01009876",781,438,343
"S01009877",896,614,282
"S01009878",705,226,479
"S01009879",910,712,198
"S01009880",797,254,543
"S01009881",868,342,526
"S01009882",848,578,270
"S01009883",824,257,567
"S01009884",815,374,441
"S01009885",899,321,578
"S01009886",813,307,506
"S01009887",976,528,448
"S01009888",719,264,455
"S01009889",814,448,366
"S01009890",553,392,161
"S01009891",734,535,199
"S01009892",796,577,219
"S01009893",837,509,328
"S01009894",700,539,161
"S01009895",847,595,252
"S01009896",968,679,289
"S01009897",940,740,200
"S01009898",626,429,197
"S01009899",776,713,63
"S01009900",829,776,53
"S01009901",864,772,92
"S01009902",914,759,155
"S01009903",823,476,347
"S01009904",784,690,94
"S01009905",585,366,219
"S01009906",667,465,202
"S01009907",779,572,207
"S01009908",1027,830,197
"S01009909",899,724,175
"S01009910",696,544,152
"S01009911",1014,899,115
"S01009912",962,710,252
"S01009913",719,359,360
"S01009914",984,733,251
"S01009915",861,643,218
"S01009916",985,457,528
"S01009917",709,593,116
"S01009918",709,619,90
"S01009919",1099,854,245
"S01009920",831,770,61
"S01009921",627,566,61
"S01009922",1016,907,109
"S01009923",855,775,80
"S01009924",957,780,177
"S01009925",658,584,74
"S01009926",773,638,135
"S01009927",400,375,25
"S01009928",967,922,45
"S01009929",499,449,50
"S01009930",850,736,114
"S01009931",751,733,18
"S01009932",619,581,38
"S01009933",768,638,130
"S01009934",896,718,178
"S01009935",544,513,31
"S01009936",641,533,108
"S01009937",531,333,198
"S01009938",938,865,73
"S01009939",901,641,260
"S01009940",735,726,9
"S01009941",1033,555,478
"S01009942",1022,939,83
"S01009943",835,805,30
"S01009944",799,727,72
"S01009945",963,906,57
"S01009946",815,718,97
"S01009947",567,523,44
"S01009948",680,562,118
"S01009949",990,889,101
"S01009950",891,760,131
"S01009951",605,485,120
"S01009952",733,678,55
"S01009953",1021,854,167
"S01009954",636,418,218
"S01009955",1010,881,129
"S01009956",750,672,78
"S01009957",760,701,59
"S01009958",915,857,58
"S01009959",771,703,68
"S01009960",902,815,87
"S01009961",560,537,23
"S01009962",991,938,53
"S01009963",932,895,37
"S01009964",795,684,111
"S01009965",718,686,32
"S01009966",776,746,30
"S01009967",801,782,19
"S01009968",608,587,21
"S01009969",857,833,24
"S01009970",946,908,38
"S01009971",1093,1056,37
"S01009972",966,928,38
"S01009973",725,699,26
"S01009974",615,605,10
"S01009975",800,787,13
"S01009976",490,484,6
"S01009977",926,909,17
"S01009978",1019,969,50
"S01009979",584,573,11
"S01009980",645,635,10
"S01009981",694,683,11
"S01009982",1030,943,87
"S01009983",579,494,85
"S01009984",756,702,54
"S01009985",615,556,59
"S01009986",552,537,15
"S01009987",762,742,20
"S01009988",497,473,24
"S01009989",808,776,32
"S01009990",673,663,10
"S01009991",800,759,41
"S01009992",695,671,24
"S01009993",826,814,12
"S01009994",725,718,7
"S01009995",653,629,24
"S01009996",744,707,37
"S01009997",575,551,24
"S01009998",702,600,102
"S01009999",854,800,54
"S01010000",616,581,35
"S01010001",677,611,66
"S01010002",779,693,86
"S01010003",712,696,16
"S01010004",730,661,69
"S01010005",748,707,41
"S01010006",874,797,77
"S01010007",959,906,53
"S01010008",618,565,53
"S01010009",556,517,39
"S01010010",975,930,45
"S01010011",730,699,31
"S01010012",843,765,78
"S01010013",858,811,47
"S01010014",926,799,127
"S01010015",815,708,107
"S01010016",724,708,16
"S01010017",748,719,29
"S01010018",945,856,89
"S01010019",725,670,55
"S01010020",742,716,26
"S01010021",806,567,239
"S01010022",1040,929,111
"S01010023",623,587,36
"S01010024",591,521,70
"S01010025",548,441,107
"S01010026",1019,899,120
"S01010027",829,712,117
"S01010028",639,578,61
"S01010029",601,560,41
"S01010030",890,808,82
"S01010031",897,675,222
"S01010032",1353,915,438
"S01010033",923,624,299
"S01010034",999,853,146
"S01010035",687,446,241
"S01010036",142,121,21
"S01010037",714,690,24
"S01010038",847,750,97
"S01010039",1179,1007,172
"S01010040",907,803,104
"S01010041",650,613,37
"S01010042",1000,832,168
"S01010043",652,584,68
"S01010044",1255,1149,106
"S01010045",550,514,36
"S01010046",747,714,33
"S01010047",828,801,27
"S01010048",954,907,47
"S01010049",910,844,66
"S01010050",776,747,29
"S01010051",703,646,57
"S01010052",762,673,89
"S01010053",859,749,110
"S01010054",573,545,28
"S01010055",1126,1053,73
"S01010056",674,656,18
"S01010057",184,167,17
"S01010058",691,655,36
"S01010059",619,583,36
"S01010060",908,883,25
"S01010061",510,494,16
"S01010062",750,725,25
"S01010063",1132,1104,28
"S01010064",552,529,23
"S01010065",839,821,18
"S01010066",753,707,46
"S01010067",608,593,15
"S01010068",731,638,93
"S01010069",749,695,54
"S01010070",665,622,43
"S01010071",922,879,43
"S01010072",796,781,15
"S01010073",780,760,20
"S01010074",777,739,38
"S01010075",624,622,2
"S01010076",686,680,6
"S01010077",498,492,6
"S01010078",509,479,30
"S01010079",923,910,13
"S01010080",651,643,8
"S01010081",701,682,19
"S01010082",860,844,16
"S01010083",804,792,12
"S01010084",790,781,9
"S01010085",632,623,9
"S01010086",915,906,9
"S01010087",701,686,15
"S01010088",1734,1621,113
"S01010089",683,650,33
"S01010090",1087,1070,17
"S01010091",467,449,18
"S01010092",983,944,39
"S01010093",869,840,29
"S01010094",687,684,3
"S01010095",696,693,3
"S01010096",752,735,17
"S01010097",735,710,25
"S01010098",727,720,7
"S01010099",699,698,1
"S01010100",886,843,43
"S01010101",744,705,39
"S01010102",939,867,72
"S01010103",974,926,48
"S01010104",367,355,12
"S01010105",611,597,14
"S01010106",442,441,1
"S01010107",714,683,31
"S01010108",645,639,6
"S01010109",1894,1744,150
"S01010110",894,879,15
"S01010111",811,798,13
"S01010112",1028,1010,18
"S01010113",551,535,16
"S01010114",777,758,19
"S01010115",575,566,9
"S01010116",445,433,12
"S01010117",465,460,5
"S01010118",678,659,19
"S01010119",543,517,26
"S01010120",1045,1009,36
"S01010121",585,574,11
"S01010122",464,457,7
"S01010123",733,702,31
"S01010124",541,525,16
"S01010125",474,456,18
"S01010126",730,726,4
"S01010127",694,680,14
"S01010128",492,483,9
"S01010129",719,691,28
"S01010130",611,600,11
"S01010131",974,948,26
"S01010132",1077,1047,30
"S01010133",713,701,12
"S01010134",995,977,18
"S01010135",768,763,5
"S01010136",809,802,7
"S01010137",967,951,16
"S01010138",941,840,101
"S01010139",1024,1008,16
"S01010140",753,712,41
"S01010141",807,788,19
"S01010142",572,556,16
"S01010143",739,734,5
"S01010144",643,625,18
"S01010145",778,752,26
"S01010146",765,719,46
"S01010147",953,936,17
"S01010148",784,746,38
"S01010149",599,583,16
"S01010150",504,497,7
"S01010151",625,608,17
"S01010152",851,814,37
"S01010153",941,905,36
"S01010154",788,770,18
"S01010155",839,832,7
"S01010156",458,449,9
"S01010157",569,566,3
"S01010158",913,887,26
"S01010159",735,727,8
"S01010160",605,473,132
"S01010161",636,594,42
"S01010162",670,648,22
"S01010163",704,691,13
"S01010164",799,779,20
"S01010165",803,779,24
"S01010166",714,694,20
"S01010167",792,780,12
"S01010168",252,251,1
"S01010169",890,819,71
"S01010170",533,514,19
"S01010171",1613,1543,70
"S01010172",696,683,13
"S01010173",764,731,33
"S01010174",1407,1364,43
"S01010175",480,469,11
"S01010176",705,680,25
"S01010177",776,722,54
"S01010178",1033,974,59
"S01010179",610,582,28
"S01010180",787,681,106
"S01010181",631,620,11
"S01010182",667,603,64
"S01010183",463,456,7
"S01010184",630,613,17
"S01010185",530,513,17
"S01010186",647,524,123
"S01010187",635,627,8
"S01010188",1458,1192,266
"S01010189",976,869,107
"S01010191",736,672,64
"S01010192",869,668,201
"S01010193",907,824,83
"S01010194",628,628,0
"S01010195",531,511,20
"S01010196",739,725,14
"S01010197",660,652,8
"S01010198",1027,1000,27
"S01010199",521,487,34
"S01010200",690,685,5
"S01010201",643,642,1
"S01010202",783,640,143
"S01010203",547,497,50
"S01010204",800,759,41
"S01010205",658,609,49
"S01010206",497,86,411
"S01010207",778,300,478
"S01010208",903,810,93
"S01010209",966,877,89
"S01010210",885,865,20
"S01010211",790,753,37
"S01010212",1151,1012,139
"S01010213",924,909,15
"S01010214",967,857,110
"S01010215",850,773,77
"S01010216",621,534,87
"S01010217",817,662,155
"S01010218",1018,855,163
"S01010219",503,220,283
"S01010220",574,448,126
"S01010221",448,420,28
"S01010222",492,452,40
"S01010223",556,505,51
"S01010224",1168,1003,165
"S01010225",936,730,206
"S01010226",816,307,509
"S01010227",692,274,418
"S01010228",695,673,22
"S01010229",1016,947,69
"S01010230",1005,571,434
"S01010231",1013,797,216
"S01010232",1016,753,263
"S01010233",970,672,298
"S01010234",1181,1037,144
"S01010235",884,738,146
"S01010236",549,499,50
"S01010237",514,472,42
"S01010238",773,700,73
"S01010239",790,709,81
"S01010240",691,651,40
"S01010241",1019,954,65
"S01010242",793,753,40
"S01010243",1019,905,114
"S01010244",787,686,101
"S01010245",900,878,22
"S01010246",841,778,63
"S01010247",728,681,47
"S01010248",834,758,76
"S01010249",668,627,41
"S01010250",771,672,99
"S01010251",639,504,135
"S01010252",754,667,87
"S01010253",631,585,46
"S01010254",1054,998,56
"S01010255",718,606,112
"S01010256",859,848,11
"S01010257",1567,1058,509
"S01010258",513,400,113
"S01010259",1269,980,289
"S01010260",1873,1363,510
"S01010261",2551,1923,628
"S01010262",930,818,112
"S01010263",740,570,170
"S01010264",853,727,126
"S01010265",1008,843,165
"S01010266",555,403,152
"S01010267",610,440,170
"S01010268",752,547,205
"S01010269",452,299,153
"S01010270",1153,965,188
"S01010271",931,662,269
"S01010272",1283,968,315
"S01010273",389,291,98
"S01010274",560,491,69
"S01010275",600,480,120
"S01010276",993,729,264
"S01010277",610,522,88
"S01010278",650,459,191
"S01010279",519,362,157
"S01010280",869,732,137
"S01010281",779,566,213
"S01010282",1039,854,185
"S01010283",649,508,141
"S01010284",1411,945,466
"S01010285",728,575,153
"S01010286",1462,863,599
"S01010287",880,745,135
"S01010288",816,687,129
"S01010289",771,708,63
"S01010290",546,419,127
"S01010291",1075,805,270
"S01010292",890,673,217
"S01010293",839,589,250
"S01010294",690,502,188
"S01010295",974,668,306
"S01010296",664,398,266
"S01010297",1066,846,220
"S01010298",880,749,131
"S01010299",536,357,179
"S01010300",934,683,251
"S01010301",522,358,164
"S01010302",669,481,188
"S01010303",579,292,287
"S01010304",542,429,113
"S01010305",807,724,83
"S01010306",752,651,101
"S01010307",821,760,61
"S01010308",975,824,151
"S01010309",419,385,34
"S01010310",706,553,153
"S01010311",589,543,46
"S01010312",868,795,73
"S01010313",654,635,19
"S01010314",1248,1018,230
"S01010315",743,638,105
"S01010316",1787,1595,192
"S01010317",725,680,45
"S01010318",383,330,53
"S01010319",641,556,85
"S01010320",675,563,112
"S01010321",837,790,47
"S01010322",1028,942,86
"S01010323",603,560,43
"S01010324",759,742,17
"S01010325",1077,1065,12
"S01010326",987,930,57
"S01010327",1231,1101,130
"S01010328",969,874,95
"S01010329",492,472,20
"S01010330",534,509,25
"S01010331",640,629,11
"S01010332",715,708,7
"S01010333",962,920,42
"S01010334",1072,1054,18
"S01010335",831,802,29
"S01010336",657,648,9
"S01010337",619,614,5
"S01010338",884,857,27
"S01010339",692,681,11
"S01010340",576,527,49
"S01010341",591,559,32
"S01010342",529,507,22
"S01010343",938,896,42
"S01010344",690,678,12
"S01010345",769,683,86
"S01010346",1043,968,75
"S01010347",1125,1026,99
"S01010348",980,943,37
"S01010349",883,869,14
"S01010350",950,877,73
"S01010351",878,762,116
"S01010352",506,477,29
"S01010353",961,805,156
"S01010354",733,664,69
"S01010355",742,703,39
"S01010356",682,628,54
"S01010357",585,535,50
"S01010358",842,796,46
"S01010359",816,744,72
"S01010360",624,563,61
"S01010361",554,475,79
"S01010362",783,652,131
"S01010363",758,669,89
"S01010364",915,783,132
"S01010365",1013,911,102
"S01010366",1025,895,130
"S01010367",1639,1220,419
"S01010368",729,671,58
"S01010369",767,672,95
"S01010370",725,641,84
"S01010371",1013,925,88
"S01010372",529,466,63
"S01010373",761,678,83
"S01010374",1049,950,99
"S01010375",429,357,72
"S01010376",708,529,179
"S01010377",936,705,231
"S01010378",832,737,95
"S01010379",1127,957,170
"S01010380",856,800,56
"S01010381",605,493,112
"S01010382",850,789,61
"S01010383",764,644,120
"S01010384",933,815,118
"S01010385",844,764,80
"S01010386",787,703,84
"S01010387",1040,883,157
"S01010388",1016,953,63
"S01010389",1777,1396,381
"S01010390",1076,996,80
"S01010391",733,672,61
"S01010393",999,933,66
"S01010394",807,737,70
"S01010395",1006,907,99
"S01010396",1033,953,80
"S01010397",542,518,24
"S01010398",1090,1008,82
"S01010399",1036,956,80
"S01010400",1101,1020,81
"S01010401",618,584,34
"S01010402",1031,960,71
"S01010403",1036,963,73
"S01010404",786,742,44
"S01010405",789,740,49
"S01010406",830,768,62
"S01010407",897,794,103
"S01010408",547,511,36
"S01010409",706,637,69
"S01010410",595,532,63
"S01010411",1311,1221,90
"S01010412",845,776,69
"S01010413",714,654,60
"S01010414",859,791,68
"S01010415",1019,928,91
"S01010416",772,705,67
"S01010417",580,539,41
"S01010418",1072,1023,49
"S01010419",993,965,28
"S01010420",629,575,54
"S01010421",889,845,44
"S01010422",1088,1023,65
"S01010423",831,750,81
"S01010424",834,798,36
"S01010425",1032,967,65
"S01010426",708,662,46
"S01010427",1053,779,274
"S01010428",736,692,44
"S01010429",978,924,54
"S01010430",854,706,148
"S01010431",700,678,22
"S01010432",740,663,77
"S01010433",803,408,395
"S01010434",623,526,97
"S01010435",634,591,43
"S01010436",918,821,97
"S01010437",557,518,39
"S01010438",854,692,162
"S01010439",986,891,95
"S01010440",1027,948,79
"S01010441",783,749,34
"S01010442",741,656,85
"S01010443",550,539,11
"S01010444",685,671,14
"S01010445",574,557,17
"S01010446",838,817,21
"S01010447",1028,947,81
"S01010448",865,829,36
"S01010449",779,743,36
"S01010450",783,765,18
"S01010451",1006,893,113
"S01010452",813,789,24
"S01010453",524,426,98
"S01010454",851,832,19
"S01010455",942,859,83
"S01010456",565,543,22
"S01010457",642,559,83
"S01010458",771,705,66
"S01010459",539,516,23
"S01010460",741,604,137
"S01010461",860,779,81
"S01010462",899,539,360
"S01010463",796,782,14
"S01010464",524,507,17
"S01010465",947,861,86
"S01010466",879,762,117
"S01010467",883,784,99
"S01010468",949,764,185
"S01010469",559,505,54
"S01010470",874,847,27
"S01010471",575,539,36
"S01010472",1020,914,106
"S01010473",756,670,86
"S01010474",820,719,101
"S01010475",178,158,20
"S01010476",924,875,49
"S01010477",720,681,39
"S01010478",991,913,78
"S01010479",1022,980,42
"S01010480",623,605,18
"S01010481",667,636,31
"S01010482",794,762,32
"S01010483",1036,1014,22
"S01010484",550,544,6
"S01010485",986,936,50
"S01010486",930,883,47
"S01010487",1010,994,16
"S01010488",822,775,47
"S01010489",1052,1002,50
"S01010490",749,698,51
"S01010491",906,854,52
"S01010492",575,562,13
"S01010493",516,496,20
"S01010494",628,582,46
"S01010495",944,923,21
"S01010496",1048,959,89
"S01010497",913,893,20
"S01010498",675,643,32
"S01010499",768,683,85
"S01010500",1078,1027,51
"S01010501",928,911,17
"S01010502",803,780,23
"S01010503",655,634,21
"S01010504",531,529,2
"S01010505",558,555,3
"S01010506",837,832,5
"S01010507",806,795,11
"S01010508",989,981,8
"S01010509",1395,1383,12
"S01010510",572,566,6
"S01010511",937,932,5
"S01010512",478,472,6
"S01010513",767,761,6
"S01010514",709,708,1
"S01010515",799,792,7
"S01010516",490,484,6
"S01010517",868,854,14
"S01010518",552,538,14
"S01010519",852,844,8
"S01010520",945,935,10
"S01010521",577,563,14
"S01010522",617,606,11
"S01010523",644,629,15
"S01010524",519,502,17
"S01010525",660,650,10
"S01010526",814,809,5
"S01010527",896,886,10
"S01010528",618,607,11
"S01010529",711,700,11
"S01010530",665,657,8
"S01010531",1094,1079,15
"S01010532",680,674,6
"S01010533",591,582,9
"S01010534",762,756,6
"S01010535",715,710,5
"S01010536",848,839,9
"S01010537",771,751,20
"S01010538",855,848,7
"S01010539",1108,1091,17
"S01010540",628,624,4
"S01010541",840,832,8
"S01010542",905,902,3
"S01010543",723,715,8
"S01010544",761,760,1
"S01010545",738,715,23
"S01010546",812,797,15
"S01010547",757,751,6
"S01010548",721,716,5
"S01010549",1175,1166,9
"S01010550",442,439,3
"S01010551",670,666,4
"S01010552",783,770,13
"S01010553",882,868,14
"S01010554",681,654,27
"S01010555",935,884,51
"S01010556",1032,1008,24
"S01010557",488,488,0
"S01010558",573,555,18
"S01010559",791,784,7
"S01010560",663,645,18
"S01010561",554,549,5
"S01010562",901,895,6
"S01010563",519,518,1
"S01010564",500,500,0
"S01010565",516,516,0
"S01010566",1090,1083,7
"S01010567",1074,1069,5
"S01010568",996,981,15
"S01010569",927,902,25
"S01010570",1089,1079,10
"S01010571",776,756,20
"S01010572",887,875,12
"S01010573",534,527,7
"S01010574",609,585,24
"S01010575",686,670,16
"S01010576",822,809,13
"S01010577",901,885,16
"S01010578",576,571,5
"S01010579",736,727,9
"S01010580",513,486,27
"S01010581",400,390,10
"S01010582",942,913,29
"S01010583",986,973,13
"S01010584",1972,1914,58
"S01010586",474,467,7
"S01010587",590,570,20
"S01010588",300,299,1
"S01010589",620,608,12
"S01010591",626,617,9
"S01010592",509,494,15
"S01010593",2428,2323,105
"S01010596",3603,3537,66
"S01010599",477,469,8
"S01010600",591,579,12
"S01010601",708,690,18
"S01010602",652,645,7
"S01010603",809,795,14
"S01010604",591,586,5
"S01010605",891,877,14
"S01010606",816,811,5
"S01010607",846,824,22
"S01010608",673,658,15
"S01010609",570,564,6
"S01010610",593,580,13
"S01010611",925,919,6
"S01010612",781,779,2
"S01010613",698,690,8
"S01010614",542,532,10
"S01010615",824,797,27
"S01010616",856,827,29
"S01010617",904,902,2
"S01010618",756,748,8
"S01010619",689,676,13
"S01010620",744,715,29
"S01010621",1049,1005,44
"S01010622",468,466,2
"S01010623",762,713,49
"S01010624",666,601,65
"S01010625",786,771,15
"S01010626",908,900,8
"S01010627",842,827,15
"S01010628",1011,966,45
"S01010629",977,962,15
"S01010630",416,410,6
"S01010631",786,766,20
"S01010632",844,826,18
"S01010633",1035,1026,9
"S01010634",665,654,11
"S01010635",803,795,8
"S01010636",658,651,7
"S01010637",537,514,23
"S01010638",995,969,26
"S01010639",1140,1124,16
"S01010640",816,757,59
"S01010641",1015,988,27
"S01010642",978,956,22
"S01010643",741,730,11
"S01010644",602,594,8
"S01010645",287,283,4
"S01010646",669,647,22
"S01010647",696,680,16
"S01010648",651,644,7
"S01010649",593,588,5
"S01010650",612,604,8
"S01010651",674,660,14
"S01010652",825,815,10
"S01010653",742,739,3
"S01010654",763,757,6
"S01010655",916,906,10
"S01010656",475,472,3
"S01010657",639,638,1
"S01010658",732,715,17
"S01010659",792,780,12
"S01010660",608,608,0
"S01010661",578,577,1
"S01010662",614,604,10
"S01010663",817,801,16
"S01010664",974,965,9
"S01010665",954,950,4
"S01010666",946,936,10
"S01010667",545,538,7
"S01010668",1105,1083,22
"S01010669",608,607,1
"S01010670",692,690,2
"S01010671",629,619,10
"S01010672",649,646,3
"S01010673",669,656,13
"S01010674",957,950,7
"S01010675",628,624,4
"S01010676",913,907,6
"S01010677",337,336,1
"S01010678",893,891,2
"S01010679",482,473,9
"S01010680",633,625,8
"S01010681",936,920,16
"S01010682",967,959,8
"S01010683",975,973,2
"S01010684",771,760,11
"S01010685",609,607,2
"S01010686",569,564,5
"S01010687",838,833,5
"S01010688",712,700,12
"S01010689",757,747,10
"S01010690",681,671,10
"S01010691",637,629,8
"S01010692",749,737,12
"S01010693",474,471,3
"S01010694",577,566,11
"S01010695",665,663,2
"S01010696",1036,1023,13
"S01010697",998,991,7
"S01010698",764,758,6
"S01010699",596,592,4
"S01010700",611,607,4
"S01010701",1063,1057,6
"S01010702",833,822,11
"S01010703",1641,1618,23
"S01010704",343,337,6
"S01010705",1046,1043,3
"S01010706",411,409,2
"S01010707",856,847,9
"S01010708",547,544,3
"S01010709",745,736,9
"S01010710",766,765,1
"S01010711",672,668,4
"S01010712",727,723,4
"S01010713",799,787,12
"S01010714",748,738,10
"S01010715",701,688,13
"S01010716",888,855,33
"S01010717",621,609,12
"S01010718",945,940,5
"S01010719",680,667,13
"S01010720",734,728,6
"S01010721",633,627,6
"S01010722",867,861,6
"S01010723",901,893,8
"S01010724",887,881,6
"S01010725",691,689,2
"S01010726",921,914,7
"S01010727",491,489,2
"S01010728",675,670,5
"S01010729",723,712,11
"S01010730",845,835,10
"S01010731",906,896,10
"S01010732",840,816,24
"S01010733",580,574,6
"S01010734",937,927,10
"S01010735",644,644,0
"S01010736",245,245,0
"S01010737",1038,1023,15
"S01010738",548,547,1
"S01010739",870,857,13
"S01010740",507,503,4
"S01010741",540,540,0
"S01010742",731,724,7
"S01010743",1008,989,19
"S01010744",1166,1159,7
"S01010745",612,589,23
"S01010746",1103,1098,5
"S01010747",827,821,6
"S01010748",631,625,6
"S01010749",614,614,0
"S01010750",626,622,4
"S01010751",658,656,2
"S01010752",814,808,6
"S01010753",1047,1044,3
"S01010754",639,633,6
"S01010755",646,638,8
"S01010756",661,656,5
"S01010757",747,745,2
"S01010758",702,696,6
"S01010759",682,672,10
"S01010760",532,525,7
"S01010761",536,533,3
"S01010762",598,594,4
"S01010763",686,683,3
"S01010764",576,572,4
"S01010765",880,875,5
"S01010766",784,774,10
"S01010767",706,704,2
"S01010768",576,565,11
"S01010769",483,482,1
"S01010770",877,871,6
"S01010771",864,863,1
"S01010772",762,760,2
"S01010773",785,780,5
"S01010774",721,715,6
"S01010775",643,638,5
"S01010776",544,539,5
"S01010777",512,511,1
"S01010778",491,489,2
"S01010779",772,758,14
"S01010780",569,565,4
"S01010781",779,761,18
"S01010782",623,614,9
"S01010783",550,547,3
"S01010784",743,735,8
"S01010785",683,678,5
"S01010786",688,687,1
"S01010787",913,912,1
"S01010788",622,613,9
"S01010789",729,725,4
"S01010790",672,671,1
"S01010791",837,834,3
"S01010792",620,616,4
"S01010793",649,646,3
"S01010794",642,640,2
"S01010795",692,691,1
"S01010796",1119,1116,3
"S01010797",762,753,9
"S01010798",694,691,3
"S01010799",896,887,9
"S01010800",731,722,9
"S01010801",616,613,3
"S01010802",565,557,8
"S01010803",611,595,16
"S01010804",588,583,5
"S01010805",853,843,10
"S01010806",916,911,5
"S01010807",570,568,2
"S01010808",553,553,0
"S01010809",771,770,1
"S01010810",490,487,3
"S01010811",704,701,3
"S01010812",541,540,1
"S01010813",539,536,3
"S01010814",631,626,5
"S01010815",450,448,2
"S01010816",541,535,6
"S01010817",1018,982,36
"S01010818",1014,998,16
"S01010819",1044,1015,29
"S01010820",989,987,2
"S01010821",597,572,25
"S01010822",772,752,20
"S01010823",493,471,22
"S01010824",321,315,6
"S01010825",1009,989,20
"S01010826",656,635,21
"S01010827",598,598,0
"S01010828",1239,1202,37
"S01010829",789,776,13
"S01010830",556,553,3
"S01010831",598,584,14
"S01010832",1402,1385,17
"S01010833",463,449,14
"S01010834",809,792,17
"S01010835",645,636,9
"S01010836",798,774,24
"S01010837",515,512,3
"S01010838",842,839,3
"S01010839",729,719,10
"S01010840",490,481,9
"S01010841",748,728,20
"S01010842",899,873,26
"S01010843",643,635,8
"S01010844",668,663,5
"S01010845",619,611,8
"S01010846",765,753,12
"S01010847",649,639,10
"S01010848",665,661,4
"S01010849",951,937,14
"S01010850",872,863,9
"S01010851",699,695,4
"S01010852",856,854,2
"S01010853",882,880,2
"S01010854",923,917,6
"S01010855",560,553,7
"S01010856",908,898,10
"S01010857",842,838,4
"S01010858",725,719,6
"S01010859",734,724,10
"S01010860",603,600,3
"S01010861",538,530,8
"S01010862",540,537,3
"S01010863",911,901,10
"S01010864",560,558,2
"S01010865",706,695,11
"S01010866",749,736,13
"S01010867",674,663,11
"S01010868",839,832,7
"S01010869",756,726,30
"S01010870",775,761,14
"S01010871",898,864,34
"S01010872",715,701,14
"S01010873",547,534,13
"S01010874",771,746,25
"S01010875",517,495,22
"S01010876",740,729,11
"S01010877",1011,998,13
"S01010878",1274,1266,8
"S01010879",852,848,4
"S01010880",549,547,2
"S01010881",536,534,2
"S01010882",557,554,3
"S01010883",871,849,22
"S01010884",723,720,3
"S01010885",791,776,15
"S01010886",448,443,5
"S01010887",601,589,12
"S01010888",988,980,8
"S01010889",471,467,4
"S01010890",769,766,3
"S01010891",425,419,6
"S01010892",834,823,11
"S01010893",520,509,11
"S01010894",688,685,3
"S01010895",411,411,0
"S01010896",775,773,2
"S01010897",613,609,4
"S01010898",596,594,2
"S01010899",479,477,2
"S01010900",688,683,5
"S01010901",465,460,5
"S01010902",957,949,8
"S01010903",793,792,1
"S01010904",538,534,4
"S01010905",638,611,27
"S01010906",966,966,0
"S01010907",606,594,12
"S01010908",530,529,1
"S01010909",536,525,11
"S01010910",500,499,1
"S01010911",541,538,3
"S01010912",674,663,11
"S01010913",642,633,9
"S01010914",811,803,8
"S01010915",585,580,5
"S01010916",576,565,11
"S01010917",712,705,7
"S01010918",737,734,3
"S01010919",789,772,17
"S01010920",445,443,2
"S01010921",630,623,7
"S01010922",865,861,4
"S01010923",879,873,6
"S01010924",607,602,5
"S01010925",858,858,0
"S01010926",785,779,6
"S01010927",577,574,3
"S01010928",739,738,1
"S01010929",660,653,7
"S01010930",1576,1551,25
"S01010931",517,515,2
"S01010932",455,448,7
"S01010933",864,833,31
"S01010934",1039,1024,15
"S01010935",544,537,7
"S01010936",446,441,5
"S01010937",728,719,9
"S01010938",809,797,12
"S01010939",514,511,3
"S01010940",588,585,3
"S01010941",727,724,3
"S01010942",646,636,10
"S01010943",623,617,6
"S01010944",633,622,11
"S01010945",540,533,7
"S01010946",820,813,7
"S01010947",536,531,5
"S01010948",573,572,1
"S01010949",995,983,12
"S01010950",846,833,13
"S01010951",626,624,2
"S01010952",540,527,13
"S01010953",561,555,6
"S01010954",609,581,28
"S01010955",1023,965,58
"S01010956",765,752,13
"S01010957",581,569,12
"S01010958",482,479,3
"S01010959",579,573,6
"S01010960",1508,1484,24
"S01010961",602,591,11
"S01010962",649,643,6
"S01010963",830,820,10
"S01010964",523,518,5
"S01010965",517,506,11
"S01010966",507,497,10
"S01010967",697,684,13
"S01010968",715,701,14
"S01010969",533,512,21
"S01010970",955,942,13
"S01010971",919,909,10
"S01010972",606,601,5
"S01010973",490,481,9
"S01010974",696,688,8
"S01010975",490,477,13
"S01010976",463,451,12
"S01010977",728,720,8
"S01010978",739,713,26
"S01010979",825,786,39
"S01010980",727,724,3
"S01010981",739,719,20
"S01010982",911,896,15
"S01010983",848,838,10
"S01010984",600,599,1
"S01010985",638,625,13
"S01010986",448,423,25
"S01010987",747,734,13
"S01010988",627,622,5
"S01010990",798,752,46
"S01010991",2023,1924,99
"S01010992",181,181,0
"S01010993",754,750,4
"S01010994",1689,1671,18
"S01010995",719,698,21
"S01010996",605,581,24
"S01010997",637,630,7
"S01010998",615,608,7
"S01010999",903,883,20
"S01011000",1331,1321,10
"S01011001",546,541,5
"S01011002",707,690,17
"S01011003",688,672,16
"S01011004",624,591,33
"S01011005",660,648,12
"S01011006",1137,1108,29
"S01011007",684,679,5
"S01011008",783,780,3
"S01011009",508,498,10
"S01011010",569,538,31
"S01011011",768,745,23
"S01011012",722,713,9
"S01011013",802,792,10
"S01011014",643,636,7
"S01011015",443,437,6
"S01011017",2297,2231,66
"S01011018",860,853,7
"S01011019",1144,1133,11
"S01011020",472,465,7
"S01011021",758,742,16
"S01011022",258,248,10
"S01011023",558,553,5
"S01011024",602,592,10
"S01011025",680,660,20
"S01011026",540,538,2
"S01011027",994,971,23
"S01011028",756,756,0
"S01011029",621,612,9
"S01011030",969,961,8
"S01011031",734,733,1
"S01011032",660,658,2
"S01011033",633,629,4
"S01011034",669,667,2
"S01011035",662,655,7
"S01011036",465,461,4
"S01011037",963,952,11
"S01011038",772,763,9
"S01011039",695,684,11
"S01011040",752,745,7
"S01011041",851,840,11
"S01011042",818,814,4
"S01011043",709,697,12
"S01011044",694,681,13
"S01011045",819,814,5
"S01011046",854,847,7
"S01011047",902,897,5
"S01011048",896,881,15
"S01011049",682,681,1
"S01011050",802,800,2
"S01011051",1268,1265,3
"S01011052",856,843,13
"S01011053",505,500,5
"S01011054",536,529,7
"S01011055",568,558,10
"S01011056",820,816,4
"S01011057",579,578,1
"S01011058",638,636,2
"S01011059",635,623,12
"S01011060",907,895,12
"S01011061",845,840,5
"S01011062",917,912,5
"S01011063",1036,1027,9
"S01011064",908,901,7
"S01011065",729,726,3
"S01011066",509,501,8
"S01011067",579,574,5
"S01011068",537,536,1
"S01011069",578,578,0
"S01011070",488,488,0
"S01011071",843,838,5
"S01011072",1000,999,1
"S01011073",784,778,6
"S01011074",607,607,0
"S01011075",718,710,8
"S01011076",657,655,2
"S01011077",777,766,11
"S01011078",1011,1007,4
"S01011079",1192,1175,17
"S01011080",980,975,5
"S01011081",824,817,7
"S01011082",527,527,0
"S01011083",645,640,5
"S01011084",774,766,8
"S01011085",808,804,4
"S01011086",641,641,0
"S01011087",584,584,0
"S01011088",983,975,8
"S01011089",655,652,3
"S01011090",717,714,3
"S01011091",621,617,4
"S01011093",2807,2788,19
"S01011094",641,634,7
"S01011095",691,688,3
"S01011096",430,420,10
"S01011097",868,861,7
"S01011098",829,828,1
"S01011099",819,815,4
"S01011100",378,378,0
"S01011101",626,623,3
"S01011102",803,783,20
"S01011103",413,404,9
"S01011104",704,697,7
"S01011105",799,789,10
"S01011106",988,982,6
"S01011108",547,528,19
"S01011109",807,796,11
"S01011110",702,695,7
"S01011111",880,867,13
"S01011113",1152,1144,8
"S01011114",713,699,14
"S01011115",902,888,14
"S01011116",517,505,12
"S01011117",744,714,30
"S01011118",886,868,18
"S01011119",931,895,36
"S01011120",674,658,16
"S01011121",520,501,19
"S01011122",647,636,11
"S01011123",1018,1012,6
"S01011124",661,648,13
"S01011125",492,489,3
"S01011126",605,599,6
"S01011127",536,526,10
"S01011128",718,709,9
"S01011129",848,831,17
"S01011130",686,673,13
"S01011131",637,631,6
"S01011132",898,886,12
"S01011133",445,439,6
"S01011134",746,739,7
"S01011135",674,665,9
"S01011136",658,654,4
"S01011137",502,491,11
"S01011138",641,632,9
"S01011139",663,657,6
"S01011140",537,532,5
"S01011141",558,554,4
"S01011142",1993,1902,91
"S01011143",955,940,15
"S01011144",769,758,11
"S01011145",960,959,1
"S01011146",568,565,3
"S01011147",1005,996,9
"S01011148",869,862,7
"S01011149",750,749,1
"S01011150",392,391,1
"S01011151",578,571,7
"S01011152",620,613,7
"S01011153",1069,1041,28
"S01011154",474,459,15
"S01011155",730,722,8
"S01011156",565,565,0
"S01011157",576,573,3
"S01011158",508,507,1
"S01011159",545,535,10
"S01011160",909,904,5
"S01011161",637,635,2
"S01011162",497,492,5
"S01011163",625,624,1
"S01011164",932,928,4
"S01011165",764,749,15
"S01011166",513,506,7
"S01011167",725,722,3
"S01011168",845,842,3
"S01011169",963,946,17
"S01011170",911,898,13
"S01011171",905,894,11
"S01011172",752,734,18
"S01011173",601,583,18
"S01011174",523,520,3
"S01011175",532,525,7
"S01011176",475,472,3
"S01011177",872,850,22
"S01011178",514,509,5
"S01011179",399,399,0
"S01011180",670,669,1
"S01011181",1511,1463,48
"S01011182",511,510,1
"S01011183",571,550,21
"S01011184",1035,991,44
"S01011185",680,671,9
"S01011186",848,840,8
"S01011187",665,664,1
"S01011188",951,950,1
"S01011189",820,809,11
"S01011190",475,470,5
"S01011191",708,702,6
"S01011192",778,769,9
"S01011193",703,695,8
"S01011194",727,726,1
"S01011195",631,627,4
"S01011196",903,896,7
"S01011197",871,865,6
"S01011198",624,618,6
"S01011199",781,773,8
"S01011200",740,735,5
"S01011201",586,580,6
"S01011202",844,834,10
"S01011203",806,804,2
"S01011204",555,543,12
"S01011206",734,696,38
"S01011207",757,745,12
"S01011208",907,883,24
"S01011209",633,631,2
"S01011210",502,470,32
"S01011211",702,693,9
"S01011212",548,546,2
"S01011213",989,980,9
"S01011214",1144,1144,0
"S01011215",485,479,6
"S01011216",482,479,3
"S01011217",799,785,14
"S01011218",639,639,0
"S01011219",682,678,4
"S01011220",889,877,12
"S01011221",947,934,13
"S01011222",662,660,2
"S01011223",796,790,6
"S01011224",681,657,24
"S01011225",758,740,18
"S01011226",1003,990,13
"S01011227",709,687,22
"S01011228",768,759,9
"S01011229",535,531,4
"S01011230",980,970,10
"S01011231",604,593,11
"S01011232",915,908,7
"S01011233",348,336,12
"S01011234",1031,1021,10
"S01011235",525,523,2
"S01011236",416,414,2
"S01011237",839,838,1
"S01011238",644,642,2
"S01011239",717,713,4
"S01011240",690,679,11
"S01011241",974,959,15
"S01011242",775,763,12
"S01011243",881,873,8
"S01011244",666,660,6
"S01011245",848,837,11
"S01011246",842,836,6
"S01011247",826,821,5
"S01011248",739,734,5
"S01011249",723,719,4
"S01011250",916,912,4
"S01011251",871,866,5
"S01011252",825,823,2
"S01011253",855,840,15
"S01011254",955,946,9
"S01011255",428,427,1
"S01011256",497,489,8
"S01011257",408,406,2
"S01011258",576,573,3
"S01011259",763,760,3
"S01011260",718,711,7
"S01011261",809,806,3
"S01011262",495,494,1
"S01011263",898,891,7
"S01011264",688,685,3
"S01011265",900,891,9
"S01011266",908,900,8
"S01011267",485,472,13
"S01011268",226,222,4
"S01011269",594,592,2
"S01011270",680,674,6
"S01011271",821,815,6
"S01011272",728,725,3
"S01011273",901,896,5
"S01011274",888,868,20
"S01011275",711,708,3
"S01011276",978,973,5
"S01011277",546,544,2
"S01011278",494,492,2
"S01011279",651,645,6
"S01011280",590,587,3
"S01011281",645,622,23
"S01011282",918,901,17
"S01011283",737,709,28
"S01011285",729,720,9
"S01011286",637,626,11
"S01011287",807,803,4
"S01011288",757,755,2
"S01011289",821,812,9
"S01011290",1166,1152,14
"S01011291",768,759,9
"S01011292",827,823,4
"S01011293",736,734,2
"S01011294",780,773,7
"S01011295",946,942,4
"S01011296",556,548,8
"S01011297",839,834,5
"S01011298",642,634,8
"S01011299",494,494,0
"S01011300",944,938,6
"S01011301",641,634,7
"S01011302",856,852,4
"S01011303",877,868,9
"S01011304",708,698,10
"S01011305",829,824,5
"S01011306",590,587,3
"S01011307",2339,2290,49
"S01011308",542,538,4
"S01011309",718,717,1
"S01011310",706,690,16
"S01011311",690,686,4
"S01011312",1103,1091,12
"S01011313",735,728,7
"S01011314",1097,1091,6
"S01011315",300,298,2
"S01011316",748,744,4
"S01011317",827,822,5
"S01011318",964,956,8
"S01011319",867,864,3
"S01011320",522,516,6
"S01011321",596,588,8
"S01011322",634,626,8
"S01011323",951,950,1
"S01011324",449,441,8
"S01011325",737,731,6
"S01011326",747,739,8
"S01011327",678,673,5
"S01011328",698,692,6
"S01011329",914,903,11
"S01011330",754,746,8
"S01011331",561,560,1
"S01011332",900,893,7
"S01011333",733,727,6
"S01011334",1237,1227,10
"S01011335",935,922,13
"S01011336",617,606,11
"S01011337",682,666,16
"S01011338",522,522,0
"S01011339",449,446,3
"S01011340",694,692,2
"S01011341",721,716,5
"S01011342",702,698,4
"S01011343",965,958,7
"S01011344",744,734,10
"S01011345",794,792,2
"S01011346",678,675,3
"S01011347",1117,1109,8
"S01011348",921,919,2
"S01011349",923,911,12
"S01011350",669,666,3
"S01011351",696,693,3
"S01011352",651,644,7
"S01011353",650,636,14
"S01011354",730,726,4
"S01011355",964,961,3
"S01011356",962,952,10
"S01011357",852,848,4
"S01011358",547,538,9
"S01011359",737,729,8
"S01011360",756,753,3
"S01011361",398,394,4
"S01011362",1303,1268,35
"S01011363",786,780,6
"S01011364",659,656,3
"S01011365",648,636,12
"S01011366",498,497,1
"S01011367",840,831,9
"S01011368",1429,1353,76
"S01011369",811,787,24
"S01011370",225,215,10
"S01011371",844,827,17
"S01011372",667,649,18
"S01011373",674,656,18
"S01011374",694,684,10
"S01011375",726,705,21
"S01011376",475,469,6
"S01011377",594,593,1
"S01011378",793,782,11
"S01011379",902,882,20
"S01011380",670,652,18
"S01011381",617,604,13
"S01011382",396,385,11
"S01011383",686,686,0
"S01011384",734,724,10
"S01011385",957,953,4
"S01011386",648,648,0
"S01011387",834,806,28
"S01011388",332,330,2
"S01011389",1512,1461,51
"S01011390",604,597,7
"S01011391",450,449,1
"S01011392",680,677,3
"S01011393",612,604,8
"S01011394",613,606,7
"S01011395",737,730,7
"S01011396",779,773,6
"S01011397",823,814,9
"S01011398",779,777,2
"S01011399",508,505,3
"S01011400",396,391,5
"S01011401",647,640,7
"S01011402",954,926,28
"S01011403",534,504,30
"S01011404",924,909,15
"S01011405",635,607,28
"S01011406",537,530,7
"S01011407",1105,1087,18
"S01011408",827,819,8
"S01011409",839,821,18
"S01011410",628,625,3
"S01011411",488,483,5
"S01011412",777,767,10
"S01011413",443,417,26
"S01011414",827,804,23
"S01011415",872,862,10
"S01011416",626,597,29
"S01011417",712,699,13
"S01011418",552,548,4
"S01011419",558,550,8
"S01011420",491,485,6
"S01011421",506,498,8
"S01011422",467,459,8
"S01011423",570,558,12
"S01011424",560,558,2
"S01011425",779,768,11
"S01011426",1852,1827,25
"S01011427",471,469,2
"S01011428",275,274,1
"S01011429",1835,1801,34
"S01011430",859,832,27
"S01011431",1033,1030,3
"S01011432",960,954,6
"S01011433",909,900,9
"S01011434",503,500,3
"S01011435",1015,993,22
"S01011436",630,626,4
"S01011437",731,726,5
"S01011438",544,540,4
"S01011439",1262,1255,7
"S01011440",503,495,8
"S01011441",841,827,14
"S01011442",605,593,12
"S01011443",456,450,6
"S01011444",624,620,4
"S01011445",379,372,7
"S01011446",3508,3408,100
"S01011447",821,817,4
"S01011448",732,732,0
"S01011449",336,324,12
"S01011450",652,603,49
"S01011451",2446,2313,133
"S01011452",947,901,46
"S01011453",728,707,21
"S01011454",802,796,6
"S01011455",746,739,7
"S01011456",814,797,17
"S01011457",917,912,5
"S01011458",1114,1036,78
"S01011459",390,384,6
"S01011460",847,818,29
"S01011461",578,553,25
"S01011462",806,779,27
"S01011463",670,658,12
"S01011464",1486,1357,129
"S01011465",547,525,22
"S01011466",592,587,5
"S01011467",539,484,55
"S01011468",141,120,21
"S01011469",859,811,48
"S01011470",958,937,21
"S01011471",953,932,21
"S01011472",796,778,18
"S01011473",787,776,11
"S01011474",694,683,11
"S01011475",605,597,8
"S01011476",487,486,1
"S01011477",851,834,17
"S01011478",1060,1007,53
"S01011479",733,721,12
"S01011480",1030,1010,20
"S01011481",812,781,31
"S01011482",895,876,19
"S01011483",531,513,18
"S01011484",865,849,16
"S01011485",965,945,20
"S01011486",569,565,4
"S01011487",873,859,14
"S01011488",697,687,10
"S01011489",750,741,9
"S01011490",1448,1414,34
"S01011491",514,510,4
"S01011492",760,702,58
"S01011493",545,523,22
"S01011494",633,618,15
"S01011495",713,697,16
"S01011496",642,630,12
"S01011497",617,570,47
"S01011498",672,652,20
"S01011499",610,580,30
"S01011500",512,510,2
"S01011501",673,673,0
"S01011502",573,560,13
"S01011503",823,815,8
"S01011504",898,845,53
"S01011505",633,610,23
"S01011506",738,736,2
"S01011507",612,590,22
"S01011508",962,917,45
"S01011509",610,603,7
"S01011510",887,881,6
"S01011511",524,514,10
"S01011512",1160,1138,22
"S01011513",774,764,10
"S01011514",1085,1066,19
"S01011515",522,515,7
"S01011516",887,841,46
"S01011517",565,556,9
"S01011518",530,525,5
"S01011519",781,775,6
"S01011520",596,588,8
"S01011521",758,742,16
"S01011522",956,898,58
"S01011523",815,803,12
"S01011524",890,880,10
"S01011525",975,956,19
"S01011526",1121,1083,38
"S01011527",602,583,19
"S01011528",974,953,21
"S01011529",443,439,4
"S01011530",856,851,5
"S01011531",707,692,15
"S01011532",1147,1078,69
"S01011533",753,739,14
"S01011534",696,691,5
"S01011535",1089,1067,22
"S01011536",674,639,35
"S01011537",530,509,21
"S01011538",506,493,13
"S01011539",738,730,8
"S01011540",1052,1047,5
"S01011541",937,929,8
"S01011542",1626,1606,20
"S01011543",810,807,3
"S01011544",673,668,5
"S01011545",572,571,1
"S01011546",747,708,39
"S01011547",609,599,10
"S01011548",746,736,10
"S01011549",801,792,9
"S01011550",714,701,13
"S01011551",548,532,16
"S01011552",1217,1204,13
"S01011554",872,862,10
"S01011555",291,291,0
"S01011556",397,391,6
"S01011557",561,560,1
"S01011558",436,436,0
"S01011559",620,619,1
"S01011560",757,751,6
"S01011561",450,445,5
"S01011562",526,522,4
"S01011563",883,875,8
"S01011564",570,566,4
"S01011565",952,937,15
"S01011566",616,611,5
"S01011567",965,963,2
"S01011568",847,839,8
"S01011569",1051,1040,11
"S01011570",633,620,13
"S01011571",537,530,7
"S01011572",700,684,16
"S01011573",1084,1059,25
"S01011574",1100,1086,14
"S01011575",228,228,0
"S01011576",897,896,1
"S01011577",628,590,38
"S01011578",845,833,12
"S01011579",556,549,7
"S01011580",766,728,38
"S01011581",688,681,7
"S01011582",1033,1018,15
"S01011583",672,668,4
"S01011584",708,702,6
"S01011585",719,718,1
"S01011586",578,577,1
"S01011587",428,427,1
"S01011588",792,785,7
"S01011589",2040,1945,95
"S01011590",689,688,1
"S01011591",597,589,8
"S01011592",705,702,3
"S01011593",717,706,11
"S01011594",438,430,8
"S01011595",518,508,10
"S01011596",997,992,5
"S01011597",611,603,8
"S01011598",785,770,15
"S01011599",823,814,9
"S01011600",973,961,12
"S01011601",766,728,38
"S01011602",490,487,3
"S01011603",791,786,5
"S01011604",690,681,9
"S01011605",844,837,7
"S01011606",604,578,26
"S01011607",569,542,27
"S01011608",945,909,36
"S01011609",970,962,8
"S01011610",679,666,13
"S01011611",694,687,7
"S01011613",1366,1344,22
"S01011614",296,296,0
"S01011615",728,723,5
"S01011616",423,413,10
"S01011617",752,750,2
"S01011618",654,648,6
"S01011619",892,865,27
"S01011620",703,674,29
"S01011621",781,774,7
"S01011622",160,160,0
"S01011623",703,683,20
"S01011624",722,707,15
"S01011625",428,420,8
"S01011626",448,442,6
"S01011627",733,725,8
"S01011628",1289,1265,24
"S01011629",629,621,8
"S01011630",744,741,3
"S01011631",628,616,12
"S01011632",754,746,8
"S01011633",631,615,16
"S01011634",565,555,10
"S01011635",303,296,7
"S01011636",720,705,15
"S01011637",686,677,9
"S01011638",483,470,13
"S01011639",590,583,7
"S01011640",674,656,18
"S01011641",476,475,1
"S01011642",705,690,15
"S01011643",732,705,27
"S01011644",557,556,1
"S01011645",640,640,0
"S01011646",696,687,9
"S01011647",878,864,14
"S01011648",958,922,36
"S01011649",238,231,7
"S01011650",721,717,4
"S01011651",926,910,16
"S01011652",760,723,37
"S01011653",1035,1025,10
"S01011654",983,948,35
"S01011655",846,843,3
"S01011656",273,266,7
"S01011657",514,507,7
"S01011658",655,642,13
"S01011659",808,807,1
"S01011660",753,720,33
"S01011661",516,512,4
"S01011662",555,550,5
"S01011663",811,804,7
"S01011664",1044,1040,4
"S01011665",850,841,9
"S01011666",853,848,5
"S01011667",632,619,13
"S01011668",1042,1036,6
"S01011669",630,615,15
"S01011670",536,528,8
"S01011671",680,676,4
"S01011672",604,582,22
"S01011673",661,650,11
"S01011674",626,621,5
"S01011675",802,796,6
"S01011676",699,697,2
"S01011678",464,458,6
"S01011679",205,204,1
"S01011680",1100,1094,6
"S01011681",847,839,8
"S01011682",1763,1745,18
"S01011683",1186,1178,8
"S01011684",406,406,0
"S01011685",1210,1189,21
"S01011686",689,682,7
"S01011687",1265,1239,26
"S01011688",1075,1057,18
"S01011689",667,654,13
"S01011690",983,962,21
"S01011691",176,176,0
"S01011692",1074,1071,3
"S01011693",683,660,23
"S01011695",3865,3777,88
"S01011697",1029,962,67
"S01011698",643,633,10
"S01011699",911,865,46
"S01011700",759,731,28
"S01011701",905,874,31
"S01011702",733,724,9
"S01011703",1184,1142,42
"S01011704",576,563,13
"S01011705",650,648,2
"S01011706",1028,1012,16
"S01011707",713,698,15
"S01011708",764,743,21
"S01011709",1018,989,29
"S01011710",647,642,5
"S01011711",683,674,9
"S01011712",460,447,13
"S01011713",671,666,5
"S01011714",485,480,5
"S01011715",633,622,11
"S01011716",917,908,9
"S01011717",710,698,12
"S01011718",881,855,26
"S01011719",634,613,21
"S01011720",529,515,14
"S01011721",716,708,8
"S01011722",579,577,2
"S01011723",799,794,5
"S01011724",733,718,15
"S01011725",634,623,11
"S01011726",444,441,3
"S01011728",929,921,8
"S01011729",710,700,10
"S01011730",844,833,11
"S01011731",866,857,9
"S01011732",785,766,19
"S01011733",851,848,3
"S01011734",751,742,9
"S01011735",736,710,26
"S01011736",770,740,30
"S01011737",640,567,73
"S01011738",1371,1336,35
"S01011739",502,491,11
"S01011740",899,869,30
"S01011741",657,638,19
"S01011742",758,756,2
"S01011743",797,794,3
"S01011744",849,841,8
"S01011745",711,696,15
"S01011746",539,534,5
"S01011747",992,964,28
"S01011748",878,862,16
"S01011749",769,744,25
"S01011750",876,858,18
"S01011751",972,934,38
"S01011752",921,907,14
"S01011753",777,766,11
"S01011754",764,760,4
"S01011755",939,929,10
"S01011756",879,857,22
"S01011757",731,725,6
"S01011758",624,618,6
"S01011759",728,722,6
"S01011760",884,846,38
"S01011761",720,692,28
"S01011762",656,648,8
"S01011763",676,675,1
"S01011764",277,262,15
"S01011765",974,969,5
"S01011766",610,595,15
"S01011767",848,819,29
"S01011768",738,726,12
"S01011769",639,636,3
"S01011770",808,787,21
"S01011771",667,625,42
"S01011772",882,806,76
"S01011773",596,581,15
"S01011774",941,915,26
"S01011775",904,879,25
"S01011776",295,281,14
"S01011777",645,619,26
"S01011778",634,618,16
"S01011779",793,788,5
"S01011780",939,888,51
"S01011781",584,580,4
"S01011782",683,661,22
"S01011783",575,552,23
"S01011784",793,780,13
"S01011785",873,855,18
"S01011787",953,949,4
"S01011788",381,354,27
"S01011789",3487,3288,199
"S01011790",998,986,12
"S01011791",735,723,12
"S01011792",888,873,15
"S01011793",685,675,10
"S01011794",884,875,9
"S01011795",490,487,3
"S01011796",658,656,2
"S01011797",592,581,11
"S01011798",384,382,2
"S01011799",918,911,7
"S01011800",685,673,12
"S01011801",459,458,1
"S01011802",731,730,1
"S01011803",1426,1419,7
"S01011804",457,454,3
"S01011805",459,453,6
"S01011806",964,963,1
"S01011807",1102,1098,4
"S01011808",623,619,4
"S01011809",719,716,3
"S01011810",942,941,1
"S01011811",937,931,6
"S01011812",669,665,4
"S01011813",760,757,3
"S01011814",721,720,1
"S01011815",816,803,13
"S01011816",638,635,3
"S01011817",1144,1140,4
"S01011818",978,968,10
"S01011819",836,832,4
"S01011820",599,592,7
"S01011821",310,305,5
"S01011822",712,697,15
"S01011823",608,601,7
"S01011824",703,702,1
"S01011825",535,526,9
"S01011826",654,649,5
"S01011827",414,412,2
"S01011828",909,908,1
"S01011829",409,408,1
"S01011830",456,443,13
"S01011831",524,516,8
"S01011832",838,830,8
"S01011833",1016,1005,11
"S01011834",538,534,4
"S01011835",685,675,10
"S01011836",615,605,10
"S01011837",798,791,7
"S01011838",687,677,10
"S01011839",1259,1234,25
"S01011840",669,666,3
"S01011841",950,926,24
"S01011842",966,961,5
"S01011843",988,974,14
"S01011844",786,782,4
"S01011845",857,852,5
"S01011846",869,860,9
"S01011847",429,426,3
"S01011848",727,718,9
"S01011849",813,797,16
"S01011850",750,738,12
"S01011851",898,889,9
"S01011852",1012,999,13
"S01011853",708,697,11
"S01011854",810,796,14
"S01011855",848,841,7
"S01011856",636,627,9
"S01011857",1077,1064,13
"S01011858",1016,1011,5
"S01011859",839,826,13
"S01011860",877,859,18
"S01011861",616,611,5
"S01011862",903,884,19
"S01011863",746,738,8
"S01011864",722,715,7
"S01011865",613,603,10
"S01011866",817,812,5
"S01011867",574,571,3
"S01011868",887,880,7
"S01011869",773,741,32
"S01011870",696,684,12
"S01011871",1089,1080,9
"S01011872",1057,1051,6
"S01011873",812,803,9
"S01011874",419,417,2
"S01011875",672,665,7
"S01011876",958,953,5
"S01011877",546,532,14
"S01011878",1073,1058,15
"S01011879",431,430,1
"S01011880",712,699,13
"S01011881",555,550,5
"S01011882",941,934,7
"S01011883",1683,1590,93
"S01011884",903,895,8
"S01011885",689,682,7
"S01011886",674,665,9
"S01011887",594,587,7
"S01011888",719,699,20
"S01011889",835,829,6
"S01011890",708,697,11
"S01011891",1260,1220,40
"S01011892",981,950,31
"S01011893",698,679,19
"S01011894",1074,1041,33
"S01011895",664,655,9
"S01011896",866,852,14
"S01011897",1027,1018,9
"S01011898",470,463,7
"S01011899",779,758,21
"S01011900",735,706,29
"S01011901",999,979,20
"S01011902",966,933,33
"S01011903",798,781,17
"S01011904",819,803,16
"S01011905",804,771,33
"S01011906",425,417,8
"S01011907",745,723,22
"S01011908",376,357,19
"S01011909",1036,1013,23
"S01011910",910,892,18
"S01011911",641,638,3
"S01011912",727,706,21
"S01011913",739,720,19
"S01011914",878,849,29
"S01011915",811,787,24
"S01011916",592,589,3
"S01011917",510,507,3
"S01011918",626,614,12
"S01011919",890,829,61
"S01011920",622,607,15
"S01011921",594,586,8
"S01011922",768,749,19
"S01011923",1315,1283,32
"S01011924",454,447,7
"S01011925",758,718,40
"S01011926",656,650,6
"S01011927",613,608,5
"S01011928",704,701,3
"S01011929",621,610,11
"S01011930",709,699,10
"S01011931",625,596,29
"S01011932",497,469,28
"S01011933",538,503,35
"S01011934",1199,1105,94
"S01011935",966,872,94
"S01011936",548,530,18
"S01011937",667,602,65
"S01011938",682,667,15
"S01011939",737,689,48
"S01011940",559,502,57
"S01011941",591,531,60
"S01011942",849,785,64
"S01011943",1166,1077,89
"S01011944",444,439,5
"S01011945",827,812,15
"S01011946",804,794,10
"S01011947",490,489,1
"S01011948",1159,1124,35
"S01011949",715,709,6
"S01011950",886,879,7
"S01011951",678,669,9
"S01011953",754,743,11
"S01011954",382,378,4
"S01011955",975,963,12
"S01011956",1033,1019,14
"S01011957",900,879,21
"S01011958",1566,1556,10
"S01011959",1003,993,10
"S01011960",802,788,14
"S01011961",734,717,17
"S01011962",882,871,11
"S01011963",328,320,8
"S01011964",983,979,4
"S01011965",900,891,9
"S01011966",842,801,41
"S01011967",1155,1129,26
"S01011968",893,845,48
"S01011969",807,798,9
"S01011970",990,981,9
"S01011971",577,570,7
"S01011972",1243,1237,6
"S01011973",656,648,8
"S01011974",872,862,10
"S01011975",452,451,1
"S01011976",780,775,5
"S01011977",1129,1119,10
"S01011978",693,684,9
"S01011979",1014,998,16
"S01011980",467,456,11
"S01011981",945,933,12
"S01011982",943,933,10
"S01011983",731,726,5
"S01011984",678,660,18
"S01011985",869,859,10
"S01011986",666,658,8
"S01011987",797,793,4
"S01011988",665,658,7
"S01011989",866,851,15
"S01011990",684,680,4
"S01011991",710,707,3
"S01011992",886,862,24
"S01011993",944,903,41
"S01011994",712,703,9
"S01011995",1072,1062,10
"S01011996",410,407,3
"S01011997",886,877,9
"S01011998",545,542,3
"S01011999",621,618,3
"S01012000",454,444,10
"S01012001",507,498,9
"S01012002",561,560,1
"S01012003",529,523,6
"S01012004",880,875,5
"S01012005",770,761,9
"S01012006",1229,1184,45
"S01012007",813,803,10
"S01012008",973,956,17
"S01012009",853,847,6
"S01012010",1222,1196,26
"S01012011",1122,1088,34
"S01012012",647,643,4
"S01012013",614,612,2
"S01012014",846,839,7
"S01012015",984,979,5
"S01012016",852,839,13
"S01012017",506,501,5
"S01012018",876,864,12
"S01012019",846,829,17
"S01012020",698,682,16
"S01012021",565,560,5
"S01012022",660,657,3
"S01012023",539,533,6
"S01012024",868,862,6
"S01012025",690,686,4
"S01012026",116,109,7
"S01012027",2003,1929,74
"S01012028",932,918,14
"S01012029",1330,1312,18
"S01012030",1289,1262,27
"S01012031",225,225,0
"S01012032",353,349,4
"S01012033",800,795,5
"S01012034",825,820,5
"S01012035",923,912,11
"S01012036",846,841,5
"S01012037",996,975,21
"S01012038",932,912,20
"S01012039",956,946,10
"S01012040",519,512,7
"S01012041",914,909,5
"S01012042",917,915,2
"S01012043",926,911,15
"S01012044",892,880,12
"S01012045",1069,1042,27
"S01012046",686,674,12
"S01012047",932,920,12
"S01012048",769,743,26
"S01012049",660,648,12
"S01012050",684,676,8
"S01012051",929,911,18
"S01012052",866,856,10
"S01012053",903,897,6
"S01012054",725,714,11
"S01012055",981,972,9
"S01012056",785,770,15
"S01012057",773,743,30
"S01012058",728,712,16
"S01012059",870,865,5
"S01012060",865,859,6
"S01012061",978,963,15
"S01012062",846,807,39
"S01012063",547,536,11
"S01012064",653,619,34
"S01012065",624,609,15
"S01012066",852,820,32
"S01012067",534,526,8
"S01012068",479,472,7
"S01012069",538,530,8
"S01012070",710,684,26
"S01012071",1057,990,67
"S01012072",1107,1063,44
"S01012073",705,661,44
"S01012074",715,683,32
"S01012075",724,721,3
"S01012076",722,713,9
"S01012077",751,735,16
"S01012078",977,962,15
"S01012079",917,907,10
"S01012080",809,755,54
"S01012081",674,665,9
"S01012082",534,532,2
"S01012083",812,808,4
"S01012084",577,570,7
"S01012085",677,675,2
"S01012086",1004,995,9
"S01012087",720,717,3
"S01012088",740,715,25
"S01012089",842,829,13
"S01012090",902,891,11
"S01012091",537,527,10
"S01012092",506,496,10
"S01012093",535,525,10
"S01012094",788,760,28
"S01012095",781,767,14
"S01012096",871,869,2
"S01012097",566,563,3
"S01012098",628,625,3
"S01012099",1052,1025,27
"S01012100",1332,1318,14
"S01012101",672,658,14
"S01012102",670,650,20
"S01012103",925,902,23
"S01012104",924,895,29
"S01012105",1126,1097,29
"S01012106",1101,1063,38
"S01012107",692,657,35
"S01012108",908,896,12
"S01012109",922,868,54
"S01012110",585,581,4
"S01012111",558,533,25
"S01012112",846,842,4
"S01012113",990,975,15
"S01012114",982,944,38
"S01012115",517,511,6
"S01012116",493,484,9
"S01012117",466,464,2
"S01012118",1100,1065,35
"S01012119",900,884,16
"S01012120",583,565,18
"S01012121",953,927,26
"S01012122",772,768,4
"S01012123",518,480,38
"S01012124",503,475,28
"S01012125",782,766,16
"S01012126",849,804,45
"S01012127",850,776,74
"S01012128",453,424,29
"S01012129",669,660,9
"S01012130",1068,1044,24
"S01012131",1106,943,163
"S01012132",686,628,58
"S01012133",903,816,87
"S01012134",1183,1122,61
"S01012135",1031,978,53
"S01012136",682,616,66
"S01012137",671,640,31
"S01012138",792,746,46
"S01012139",940,918,22
"S01012140",710,687,23
"S01012141",1014,983,31
"S01012142",952,935,17
"S01012143",869,839,30
"S01012144",967,935,32
"S01012145",909,881,28
"S01012146",745,733,12
"S01012147",753,744,9
"S01012148",756,745,11
"S01012149",855,790,65
"S01012150",778,756,22
"S01012151",499,494,5
"S01012152",744,723,21
"S01012153",932,877,55
"S01012154",617,577,40
"S01012155",546,518,28
"S01012156",606,595,11
"S01012157",989,935,54
"S01012158",1147,1093,54
"S01012159",503,502,1
"S01012160",662,651,11
"S01012161",457,436,21
"S01012162",956,899,57
"S01012163",761,697,64
"S01012164",1098,1023,75
"S01012165",921,897,24
"S01012166",604,592,12
"S01012167",788,778,10
"S01012168",966,939,27
"S01012169",733,723,10
"S01012170",975,969,6
"S01012171",932,918,14
"S01012172",744,718,26
"S01012173",710,663,47
"S01012174",962,904,58
"S01012175",818,763,55
"S01012176",841,778,63
"S01012177",617,561,56
"S01012178",519,507,12
"S01012179",607,576,31
"S01012180",573,564,9
"S01012181",757,720,37
"S01012182",2301,2153,148
"S01012183",231,224,7
"S01012185",704,636,68
"S01012186",706,698,8
"S01012187",669,658,11
"S01012188",680,678,2
"S01012189",1053,1048,5
"S01012190",84,84,0
"S01012191",872,850,22
"S01012192",390,359,31
"S01012193",562,552,10
"S01012194",561,552,9
"S01012195",1027,1016,11
"S01012196",573,540,33
"S01012197",726,719,7
"S01012198",933,926,7
"S01012199",584,578,6
"S01012200",647,636,11
"S01012201",770,766,4
"S01012202",598,582,16
"S01012203",701,681,20
"S01012204",789,781,8
"S01012205",675,656,19
"S01012206",846,843,3
"S01012207",926,922,4
"S01012208",1057,1040,17
"S01012209",737,733,4
"S01012210",790,784,6
"S01012211",715,694,21
"S01012212",762,761,1
"S01012213",808,807,1
"S01012214",681,679,2
"S01012215",843,841,2
"S01012216",709,704,5
"S01012217",463,439,24
"S01012218",425,420,5
"S01012219",846,838,8
"S01012220",629,613,16
"S01012221",628,618,10
"S01012222",789,770,19
"S01012223",722,709,13
"S01012224",767,753,14
"S01012225",1132,1104,28
"S01012226",731,728,3
"S01012227",669,664,5
"S01012228",693,684,9
"S01012229",684,664,20
"S01012230",911,885,26
"S01012231",831,789,42
"S01012232",868,859,9
"S01012233",953,915,38
"S01012234",1082,1060,22
"S01012235",457,451,6
"S01012236",610,593,17
"S01012237",956,922,34
"S01012238",604,595,9
"S01012239",586,580,6
"S01012240",842,832,10
"S01012241",569,551,18
"S01012242",800,789,11
"S01012243",489,476,13
"S01012244",1092,1083,9
"S01012245",603,599,4
"S01012246",813,806,7
"S01012247",742,734,8
"S01012248",821,802,19
"S01012249",863,855,8
"S01012250",941,932,9
"S01012251",1121,1103,18
"S01012252",554,544,10
"S01012253",874,851,23
"S01012254",754,746,8
"S01012255",768,758,10
"S01012256",629,626,3
"S01012257",1096,1079,17
"S01012258",596,592,4
"S01012259",606,601,5
"S01012260",717,712,5
"S01012261",344,342,2
"S01012262",1983,1964,19
"S01012263",557,553,4
"S01012264",472,463,9
"S01012265",788,782,6
"S01012266",1060,1057,3
"S01012267",711,708,3
"S01012268",1072,1057,15
"S01012269",854,848,6
"S01012270",777,764,13
"S01012271",1504,1490,14
"S01012272",367,361,6
"S01012273",1109,1097,12
"S01012274",786,779,7
"S01012275",807,763,44
"S01012276",953,942,11
"S01012277",832,816,16
"S01012278",719,706,13
"S01012279",584,579,5
"S01012280",933,928,5
"S01012281",704,689,15
"S01012282",1241,1197,44
"S01012283",752,737,15
"S01012284",779,752,27
"S01012285",537,531,6
"S01012286",1143,1119,24
"S01012287",671,655,16
"S01012288",984,956,28
"S01012289",744,726,18
"S01012290",289,287,2
"S01012291",695,683,12
"S01012292",1140,1098,42
"S01012293",477,460,17
"S01012294",870,858,12
"S01012295",754,719,35
"S01012296",380,376,4
"S01012297",1169,1155,14
"S01012298",739,737,2
"S01012299",621,614,7
"S01012300",294,288,6
"S01012301",840,827,13
"S01012302",787,784,3
"S01012303",1158,1150,8
"S01012304",1080,1067,13
"S01012305",698,692,6
"S01012306",594,578,16
"S01012307",416,412,4
"S01012308",601,595,6
"S01012309",426,423,3
"S01012310",1281,1260,21
"S01012311",578,574,4
"S01012312",1008,998,10
"S01012313",761,754,7
"S01012314",851,843,8
"S01012315",733,721,12
"S01012316",693,689,4
"S01012317",181,177,4
"S01012318",792,787,5
"S01012319",1008,1001,7
"S01012320",687,685,2
"S01012321",599,595,4
"S01012322",753,749,4
"S01012323",1273,1254,19
"S01012324",917,914,3
"S01012325",590,585,5
"S01012326",482,475,7
"S01012327",874,862,12
"S01012328",417,415,2
"S01012329",960,951,9
"S01012330",474,470,4
"S01012331",494,490,4
"S01012332",1275,1265,10
"S01012333",1245,1234,11
"S01012334",849,845,4
"S01012335",989,979,10
"S01012336",603,601,2
"S01012337",867,850,17
"S01012338",620,606,14
"S01012339",679,666,13
"S01012340",745,744,1
"S01012341",1504,1492,12
"S01012342",929,926,3
"S01012343",977,962,15
"S01012344",579,570,9
"S01012345",700,694,6
"S01012346",1215,1203,12
"S01012347",611,601,10
"S01012348",499,490,9
"S01012349",759,755,4
"S01012350",775,771,4
"S01012351",756,750,6
"S01012352",756,753,3
"S01012353",429,420,9
"S01012354",576,571,5
"S01012355",1339,1325,14
"S01012356",591,589,2
"S01012357",905,893,12
"S01012358",895,889,6
"S01012359",785,776,9
"S01012360",917,895,22
"S01012361",641,636,5
"S01012362",725,716,9
"S01012363",903,877,26
"S01012364",666,665,1
"S01012365",936,931,5
"S01012366",864,859,5
"S01012367",846,843,3
"S01012368",605,595,10
"S01012369",862,861,1
"S01012370",751,738,13
"S01012371",954,945,9
"S01012372",740,733,7
"S01012373",992,983,9
"S01012374",920,913,7
"S01012375",863,856,7
"S01012376",963,945,18
"S01012377",705,675,30
"S01012378",730,700,30
"S01012379",530,523,7
"S01012380",892,887,5
"S01012381",633,613,20
"S01012382",969,968,1
"S01012383",847,841,6
"S01012384",515,510,5
"S01012385",637,633,4
"S01012386",1021,1003,18
"S01012387",936,921,15
"S01012388",704,687,17
"S01012389",882,879,3
"S01012390",769,767,2
"S01012391",915,891,24
"S01012392",364,362,2
"S01012393",899,870,29
"S01012394",526,518,8
"S01012395",618,592,26
"S01012396",647,640,7
"S01012397",845,826,19
"S01012398",877,834,43
"S01012399",621,609,12
"S01012400",587,557,30
"S01012401",675,646,29
"S01012402",1127,1109,18
"S01012403",755,752,3
"S01012404",1035,1022,13
"S01012405",726,719,7
"S01012406",281,280,1
"S01012407",813,807,6
"S01012408",652,650,2
"S01012409",700,697,3
"S01012410",859,854,5
"S01012411",831,831,0
"S01012412",548,546,2
"S01012413",966,960,6
"S01012414",693,682,11
"S01012415",576,574,2
"S01012416",559,558,1
"S01012417",636,631,5
"S01012418",884,871,13
"S01012419",801,799,2
"S01012420",935,920,15
"S01012421",643,635,8
"S01012422",869,862,7
"S01012423",1075,1068,7
"S01012424",950,940,10
"S01012425",626,625,1
"S01012426",493,492,1
"S01012427",674,671,3
"S01012428",662,646,16
"S01012429",558,552,6
"S01012430",551,545,6
"S01012431",749,745,4
"S01012432",713,709,4
"S01012433",503,496,7
"S01012434",709,709,0
"S01012435",490,488,2
"S01012436",301,298,3
"S01012437",649,649,0
"S01012438",1254,1237,17
"S01012439",795,790,5
"S01012440",388,384,4
"S01012441",890,880,10
"S01012442",1000,979,21
"S01012443",746,743,3
"S01012444",1265,1223,42
"S01012445",100,100,0
"S01012446",501,500,1
"S01012447",793,791,2
"S01012448",1074,1051,23
"S01012449",491,490,1
"S01012450",1124,1107,17
"S01012451",916,907,9
"S01012452",589,580,9
"S01012453",858,846,12
"S01012454",662,659,3
"S01012455",612,593,19
"S01012456",785,773,12
"S01012457",840,832,8
"S01012458",813,791,22
"S01012459",735,720,15
"S01012460",546,526,20
"S01012461",545,541,4
"S01012462",757,744,13
"S01012463",578,577,1
"S01012464",625,623,2
"S01012465",701,698,3
"S01012466",782,772,10
"S01012467",699,685,14
"S01012468",887,883,4
"S01012469",799,789,10
"S01012470",832,828,4
"S01012471",835,820,15
"S01012472",719,714,5
"S01012473",554,529,25
"S01012474",714,704,10
"S01012475",800,792,8
"S01012476",1037,1034,3
"S01012477",674,671,3
"S01012478",650,646,4
"S01012479",688,683,5
"S01012480",515,500,15
"S01012481",803,763,40
"S01012482",729,725,4
"S01012483",810,776,34
"S01012484",820,801,19
"S01012485",869,847,22
"S01012486",655,648,7
"S01012487",612,600,12
"S01012488",903,899,4
"S01012489",1052,1022,30
"S01012490",978,952,26
"S01012491",440,435,5
"S01012492",772,758,14
"S01012493",654,645,9
"S01012494",1031,1025,6
"S01012495",1024,1020,4
"S01012496",765,765,0
"S01012497",487,487,0
"S01012498",857,856,1
"S01012499",775,770,5
"S01012500",558,553,5
"S01012501",619,619,0
"S01012502",832,826,6
"S01012503",637,632,5
"S01012504",546,539,7
"S01012505",1019,1004,15
"S01012506",493,488,5
"S01012507",876,871,5
"S01012508",762,759,3
"S01012509",635,625,10
"S01012510",877,873,4
"S01012511",534,532,2
"S01012512",677,661,16
"S01012513",841,831,10
"S01012514",519,511,8
"S01012515",612,602,10
"S01012516",668,653,15
"S01012517",860,816,44
"S01012518",493,490,3
"S01012519",516,493,23
"S01012520",826,815,11
"S01012521",515,509,6
"S01012522",930,920,10
"S01012523",865,850,15
"S01012524",872,862,10
"S01012525",714,705,9
"S01012526",775,764,11
"S01012527",625,621,4
"S01012528",823,810,13
"S01012529",734,722,12
"S01012530",874,863,11
"S01012531",900,873,27
"S01012532",968,968,0
"S01012533",391,383,8
"S01012534",627,612,15
"S01012535",544,542,2
"S01012536",750,747,3
"S01012537",782,774,8
"S01012538",1128,1123,5
"S01012539",805,793,12
"S01012540",717,715,2
"S01012541",962,956,6
"S01012542",943,941,2
"S01012543",686,678,8
"S01012544",856,852,4
"S01012545",473,470,3
"S01012546",807,803,4
"S01012547",746,732,14
"S01012548",1120,1112,8
"S01012549",416,415,1
"S01012550",894,887,7
"S01012551",815,804,11
"S01012552",964,960,4
"S01012553",611,601,10
"S01012554",458,442,16
"S01012555",688,685,3
"S01012556",398,398,0
"S01012557",796,792,4
"S01012558",417,411,6
"S01012559",767,754,13
"S01012560",699,698,1
"S01012561",620,613,7
"S01012562",747,740,7
"S01012563",630,613,17
"S01012564",824,817,7
"S01012565",654,642,12
"S01012566",841,818,23
"S01012567",909,903,6
"S01012568",617,611,6
"S01012569",814,791,23
"S01012570",509,506,3
"S01012571",756,750,6
"S01012572",520,513,7
"S01012573",949,933,16
"S01012574",1027,1016,11
"S01012575",516,516,0
"S01012576",675,671,4
"S01012577",770,759,11
"S01012578",1093,1069,24
"S01012579",718,708,10
"S01012580",753,745,8
"S01012581",747,741,6
"S01012582",923,915,8
"S01012583",689,684,5
"S01012584",739,734,5
"S01012585",833,823,10
"S01012586",941,933,8
"S01012587",862,855,7
"S01012588",637,634,3
"S01012589",688,686,2
"S01012590",777,773,4
"S01012591",792,784,8
"S01012592",931,924,7
"S01012593",731,725,6
"S01012594",600,596,4
"S01012595",486,479,7
"S01012596",788,784,4
"S01012597",201,186,15
"S01012598",669,662,7
"S01012599",660,643,17
"S01012600",692,676,16
"S01012601",889,874,15
"S01012602",588,582,6
"S01012603",650,646,4
"S01012604",664,650,14
"S01012605",515,513,2
"S01012606",352,348,4
"S01012607",737,734,3
"S01012608",801,799,2
"S01012609",834,831,3
"S01012610",949,935,14
"S01012611",904,897,7
"S01012612",1003,965,38
"S01012613",568,568,0
"S01012614",785,770,15
"S01012615",674,665,9
"S01012616",964,961,3
"S01012617",839,832,7
"S01012618",529,527,2
"S01012619",546,534,12
"S01012620",746,738,8
"S01012621",578,571,7
"S01012622",732,727,5
"S01012623",479,475,4
"S01012624",715,707,8
"S01012625",524,520,4
"S01012626",478,474,4
"S01012627",526,525,1
"S01012628",1166,1154,12
"S01012629",402,396,6
"S01012630",823,817,6
"S01012631",1032,1011,21
"S01012632",726,721,5
"S01012633",813,811,2
"S01012634",551,543,8
"S01012635",1085,1080,5
"S01012636",1346,1319,27
"S01012637",848,840,8
"S01012638",872,864,8
"S01012639",844,842,2
"S01012640",833,824,9
"S01012641",1105,1082,23
"S01012642",804,779,25
"S01012643",411,403,8
"S01012644",708,686,22
"S01012645",826,800,26
"S01012646",873,856,17
"S01012648",554,554,0
"S01012649",674,664,10
"S01012650",587,576,11
"S01012651",649,645,4
"S01012652",1045,1033,12
"S01012653",885,878,7
"S01012654",767,757,10
"S01012655",1132,1125,7
"S01012656",821,820,1
"S01012657",542,538,4
"S01012658",938,919,19
"S01012659",1066,1042,24
"S01012660",653,643,10
"S01012661",833,831,2
"S01012662",732,729,3
"S01012663",691,682,9
"S01012664",946,931,15
"S01012665",717,714,3
"S01012666",650,644,6
"S01012667",580,575,5
"S01012668",761,743,18
"S01012669",722,710,12
"S01012670",696,693,3
"S01012671",931,931,0
"S01012672",663,655,8
"S01012673",541,538,3
"S01012674",582,577,5
"S01012675",766,751,15
"S01012676",835,829,6
"S01012677",460,458,2
"S01012678",727,722,5
"S01012679",914,895,19
"S01012680",557,555,2
"S01012681",705,700,5
"S01012682",678,674,4
"S01012683",749,747,2
"S01012684",676,670,6
"S01012685",676,674,2
"S01012686",949,947,2
"S01012687",538,538,0
"S01012688",791,774,17
"S01012689",487,483,4
"S01012690",532,531,1
"S01012691",766,750,16
"S01012692",754,744,10
"S01012693",905,894,11
"S01012694",476,470,6
"S01012695",988,966,22
"S01012696",861,700,161
"S01012697",509,507,2
"S01012698",4206,4024,182
"S01012699",1201,1187,14
"S01012700",834,813,21
"S01012701",745,719,26
"S01012702",588,568,20
"S01012703",606,585,21
"S01012704",772,770,2
"S01012705",780,728,52
"S01012706",687,682,5
"S01012707",898,862,36
"S01012708",851,840,11
"S01012709",506,495,11
"S01012710",701,694,7
"S01012711",693,683,10
"S01012712",912,871,41
"S01012713",672,649,23
"S01012714",598,593,5
"S01012715",696,656,40
"S01012716",842,823,19
"S01012717",945,931,14
"S01012718",989,961,28
"S01012719",778,735,43
"S01012720",506,467,39
"S01012721",644,633,11
"S01012722",742,714,28
"S01012723",688,675,13
"S01012724",728,710,18
"S01012725",881,837,44
"S01012726",641,614,27
"S01012727",708,695,13
"S01012728",814,801,13
"S01012729",743,719,24
"S01012730",690,689,1
"S01012731",574,571,3
"S01012732",767,761,6
"S01012735",570,561,9
"S01012736",959,929,30
"S01012737",800,780,20
"S01012738",612,596,16
"S01012741",555,540,15
"S01012742",689,673,16
"S01012743",581,581,0
"S01012744",675,666,9
"S01012745",704,685,19
"S01012746",772,759,13
"S01012747",831,829,2
"S01012748",829,804,25
"S01012749",876,874,2
"S01012750",673,666,7
"S01012751",817,809,8
"S01012752",832,820,12
"S01012753",401,397,4
"S01012754",538,533,5
"S01012755",524,512,12
"S01012756",496,492,4
"S01012757",461,456,5
"S01012758",703,678,25
"S01012759",722,720,2
"S01012760",1008,995,13
"S01012761",754,734,20
"S01012762",708,699,9
"S01012763",529,521,8
"S01012764",637,633,4
"S01012765",720,708,12
"S01012766",379,373,6
"S01012767",700,698,2
"S01012768",594,593,1
"S01012769",105,104,1
"S01012770",839,828,11
"S01012771",705,695,10
"S01012772",685,681,4
"S01012773",957,939,18
"S01012774",859,845,14
"S01012775",409,408,1
"S01012776",738,731,7
"S01012777",846,835,11
"S01012778",479,471,8
"S01012779",711,692,19
"S01012780",854,824,30
"S01012781",655,646,9
"S01012782",634,626,8
"S01012783",793,781,12
"S01012784",714,696,18
"S01012785",667,650,17
"S01012786",544,540,4
"S01012787",698,694,4
"S01012788",615,605,10
"S01012789",539,506,33
"S01012790",706,677,29
"S01012791",921,909,12
"S01012792",957,948,9
"S01012793",767,739,28
"S01012794",396,362,34
"S01012795",1219,1204,15
"S01012796",552,543,9
"S01012797",758,720,38
"S01012798",1060,1018,42
"S01012799",778,751,27
"S01012800",894,861,33
"S01012801",86,84,2
"S01012802",612,550,62
"S01012803",675,662,13
"S01012804",764,757,7
"S01012805",912,903,9
"S01012806",734,726,8
"S01012807",587,552,35
"S01012808",1237,1231,6
"S01012809",618,597,21
"S01012810",720,709,11
"S01012811",770,755,15
"S01012812",666,655,11
"S01012813",775,767,8
"S01012814",836,811,25
"S01012815",742,696,46
"S01012816",716,653,63
"S01012817",303,271,32
"S01012818",573,550,23
"S01012819",735,727,8
"S01012820",1635,1564,71
"S01012822",332,326,6
"S01012823",1002,943,59
"S01012824",556,534,22
"S01012825",424,420,4
"S01012826",380,357,23
"S01012827",980,892,88
"S01012828",2277,2010,267
"S01012829",865,836,29
"S01012830",583,562,21
"S01012831",630,615,15
"S01012832",459,453,6
"S01012833",714,708,6
"S01012834",485,481,4
"S01012835",1069,1040,29
"S01012837",735,724,11
"S01012838",1333,1256,77
"S01012839",666,659,7
"S01012840",871,832,39
"S01012841",589,569,20
"S01012842",475,458,17
"S01012843",979,947,32
"S01012844",697,680,17
"S01012845",685,660,25
"S01012846",926,897,29
"S01012847",547,546,1
"S01012848",773,724,49
"S01012849",683,661,22
"S01012850",817,801,16
"S01012851",803,780,23
"S01012852",696,674,22
"S01012853",665,643,22
"S01012854",797,785,12
"S01012855",642,616,26
"S01012856",667,654,13
"S01012857",859,841,18
"S01012858",696,676,20
"S01012859",714,669,45
"S01012860",1158,1154,4
"S01012861",687,648,39
"S01012862",588,535,53
"S01012863",621,600,21
"S01012864",775,738,37
"S01012865",779,765,14
"S01012866",749,713,36
"S01012867",720,712,8
"S01012868",554,550,4
"S01012869",546,533,13
"S01012870",915,901,14
"S01012871",815,742,73
"S01012872",872,798,74
"S01012873",655,613,42
"S01012874",778,763,15
"S01012875",573,557,16
"S01012876",801,776,25
"S01012877",726,719,7
"S01012878",927,909,18
"S01012879",729,723,6
"S01012880",801,772,29
"S01012881",864,840,24
"S01012882",603,590,13
"S01012883",634,628,6
"S01012884",531,527,4
"S01012885",446,441,5
"S01012886",845,815,30
"S01012887",734,730,4
"S01012888",826,816,10
"S01012889",875,847,28
"S01012890",717,696,21
"S01012891",482,474,8
"S01012892",1107,1084,23
"S01012893",667,656,11
"S01012894",925,897,28
"S01012895",522,484,38
"S01012896",840,833,7
"S01012897",1250,1188,62
"S01012899",701,699,2
"S01012900",1382,1339,43
"S01012901",689,678,11
"S01012902",748,742,6
"S01012903",811,793,18
"S01012904",816,798,18
"S01012905",450,448,2
"S01012906",1081,1071,10
"S01012907",677,671,6
"S01012908",699,693,6
"S01012909",610,605,5
"S01012910",879,873,6
"S01012911",728,710,18
"S01012912",765,760,5
"S01012913",790,788,2
"S01012914",848,824,24
"S01012915",1060,1044,16
"S01012916",658,640,18
"S01012917",717,707,10
"S01012918",649,641,8
"S01012919",455,454,1
"S01012920",495,487,8
"S01012921",546,542,4
"S01012922",1012,1008,4
"S01012923",706,695,11
"S01012924",500,490,10
"S01012925",482,472,10
"S01012926",697,680,17
"S01012927",772,766,6
"S01012928",810,785,25
"S01012929",749,743,6
"S01012930",863,833,30
"S01012931",883,848,35
"S01012932",684,663,21
"S01012933",803,791,12
"S01012934",708,700,8
"S01012935",887,864,23
"S01012936",726,690,36
"S01012937",692,662,30
"S01012938",519,489,30
"S01012939",651,595,56
"S01012940",698,656,42
"S01012941",609,580,29
"S01012942",788,783,5
"S01012943",751,726,25
"S01012944",525,521,4
"S01012945",749,686,63
"S01012946",861,823,38
"S01012947",453,423,30
"S01012948",613,613,0
"S01012949",828,815,13
"S01012950",865,834,31
"S01012952",1554,1464,90
"S01012953",592,572,20
"S01012954",485,481,4
"S01012955",941,882,59
"S01012956",994,965,29
"S01012957",633,613,20
"S01012958",391,387,4
"S01012959",572,568,4
"S01012960",602,595,7
"S01012961",521,516,5
"S01012962",649,629,20
"S01012963",753,725,28
"S01012964",703,670,33
"S01012965",742,731,11
"S01012966",754,734,20
"S01012967",493,481,12
"S01012968",660,644,16
"S01012969",688,672,16
"S01012970",579,577,2
"S01012971",833,819,14
"S01012972",797,791,6
"S01012973",790,780,10
"S01012974",1022,1009,13
"S01012975",618,613,5
"S01012976",378,374,4
"S01012977",719,714,5
"S01012978",952,932,20
"S01012979",669,652,17
"S01012980",668,656,12
"S01012981",748,709,39
"S01012982",820,810,10
"S01012983",745,730,15
"S01012984",628,599,29
"S01012985",783,771,12
"S01012986",746,732,14
"S01012987",827,809,18
"S01012988",789,770,19
"S01012989",962,944,18
"S01012990",602,586,16
"S01012991",836,824,12
"S01012992",786,769,17
"S01012993",689,676,13
"S01012994",871,842,29
"S01012995",795,785,10
"S01012996",651,644,7
"S01012997",487,485,2
"S01012998",1055,1043,12
"S01012999",479,453,26
"S01013000",642,625,17
"S01013001",302,300,2
"S01013002",575,570,5
"S01013003",539,539,0
"S01013004",780,778,2
"S01013005",743,741,2
"S01013006",912,885,27
"S01013007",848,838,10
"S01013008",582,576,6
"S01013009",634,631,3
"S01013010",595,591,4
"S01013011",267,267,0
"S01013012",488,478,10
"S01013013",1344,1329,15
"S01013014",732,717,15
"S01013015",761,753,8
"S01013016",635,630,5
"S01013017",820,813,7
"S01013018",953,944,9
"S01013019",1466,1432,34
"S01013020",466,465,1
"S01013021",464,455,9
"S01013022",92,92,0
"S01013023",748,730,18
"S01013024",628,625,3
"S01013025",304,304,0
"S01013026",585,567,18
"S01013027",1026,1015,11
"S01013028",1203,1173,30
"S01013029",692,688,4
"S01013030",512,507,5
"S01013031",635,629,6
"S01013032",515,510,5
"S01013033",774,754,20
"S01013034",612,607,5
"S01013035",829,829,0
"S01013036",770,769,1
"S01013037",772,760,12
"S01013038",980,967,13
"S01013039",527,515,12
"S01013040",628,625,3
"S01013041",587,577,10
"S01013042",795,779,16
"S01013043",704,686,18
"S01013044",832,816,16
"S01013045",713,681,32
"S01013046",506,500,6
"S01013047",931,888,43
"S01013048",791,771,20
"S01013049",803,776,27
"S01013050",729,707,22
"S01013051",931,915,16
"S01013052",625,616,9
"S01013053",618,600,18
"S01013054",777,769,8
"S01013055",688,661,27
"S01013056",904,869,35
"S01013057",870,846,24
"S01013058",456,437,19
"S01013059",677,663,14
"S01013060",515,496,19
"S01013061",896,878,18
"S01013062",878,848,30
"S01013063",818,787,31
"S01013064",938,922,16
"S01013065",864,831,33
"S01013066",656,633,23
"S01013067",925,762,163
"S01013068",692,666,26
"S01013069",735,648,87
"S01013070",559,452,107
"S01013071",1027,878,149
"S01013072",440,440,0
"S01013073",872,828,44
"S01013074",569,555,14
"S01013075",1014,981,33
"S01013076",804,679,125
"S01013077",717,708,9
"S01013078",572,560,12
"S01013079",1354,1285,69
"S01013080",546,514,32
"S01013081",593,578,15
"S01013082",830,810,20
"S01013083",2627,2429,198
"S01013084",759,738,21
"S01013085",758,604,154
"S01013086",811,735,76
"S01013087",841,750,91
"S01013088",927,903,24
"S01013089",749,707,42
"S01013090",714,650,64
"S01013091",372,341,31
"S01013092",589,569,20
"S01013093",975,901,74
"S01013094",602,601,1
"S01013095",735,716,19
"S01013096",671,653,18
"S01013097",1543,1526,17
"S01013099",908,876,32
"S01013100",630,618,12
"S01013101",993,983,10
"S01013102",603,595,8
"S01013103",863,851,12
"S01013104",984,966,18
"S01013105",901,894,7
"S01013106",814,811,3
"S01013107",663,660,3
"S01013108",596,591,5
"S01013109",979,969,10
"S01013110",709,698,11
"S01013111",457,449,8
"S01013112",534,529,5
"S01013113",815,808,7
"S01013114",837,819,18
"S01013115",442,438,4
"S01013116",943,937,6
"S01013117",357,354,3
"S01013118",805,799,6
"S01013119",785,777,8
"S01013120",970,958,12
"S01013121",402,398,4
"S01013122",598,586,12
"S01013123",774,754,20
"S01013124",719,710,9
"S01013125",798,794,4
"S01013126",743,733,10
"S01013127",853,832,21
"S01013128",624,606,18
"S01013129",1173,1139,34
"S01013130",710,673,37
"S01013131",653,650,3
"S01013132",587,576,11
"S01013133",894,889,5
"S01013134",840,825,15
"S01013135",771,754,17
"S01013136",928,910,18
"S01013137",745,735,10
"S01013138",704,688,16
"S01013139",878,853,25
"S01013140",816,803,13
"S01013141",647,640,7
"S01013142",863,842,21
"S01013143",853,835,18
"S01013144",894,887,7
"S01013145",813,799,14
"S01013146",346,345,1
"S01013147",726,696,30
"S01013148",757,743,14
"S01013149",824,813,11
"S01013150",759,744,15
"S01013151",569,562,7
"S01013152",745,745,0
"S01013153",890,880,10
"S01013154",855,840,15
"S01013155",908,846,62
"S01013156",865,848,17
"S01013157",1036,966,70
"S01013158",833,829,4
"S01013159",847,823,24
"S01013160",461,460,1
"S01013161",1021,1009,12
"S01013162",815,809,6
"S01013163",702,695,7
"S01013164",1146,1137,9
"S01013165",829,815,14
"S01013166",521,515,6
"S01013167",776,761,15
"S01013168",1067,1039,28
"S01013169",708,701,7
"S01013170",528,525,3
"S01013171",679,665,14
"S01013172",749,738,11
"S01013173",799,790,9
"S01013174",793,792,1
"S01013175",867,854,13
"S01013176",777,765,12
"S01013177",617,611,6
"S01013178",491,489,2
"S01013179",1075,1056,19
"S01013180",434,419,15
"S01013181",718,716,2
"S01013182",743,739,4
"S01013183",834,809,25
"S01013184",505,503,2
"S01013185",810,802,8
"S01013186",740,735,5
"S01013187",769,761,8
"S01013188",941,930,11
"S01013189",474,473,1
"S01013190",949,940,9
"S01013191",1055,1039,16
"S01013192",952,930,22
"S01013193",649,642,7
"S01013194",568,564,4
"S01013195",991,965,26
"S01013196",543,539,4
"S01013197",577,573,4
"S01013198",886,880,6
"S01013199",905,876,29
"S01013200",813,794,19
"S01013201",657,654,3
"S01013202",574,565,9
"S01013203",717,711,6
"S01013204",1020,993,27
"S01013205",325,325,0
"S01013206",704,695,9
"S01013207",1170,1142,28
"S01013208",919,915,4
"S01013209",819,815,4
"S01013210",588,579,9
"S01013211",859,848,11
"S01013212",362,344,18
"S01013213",555,550,5
"S01013214",438,436,2
"S01013215",990,975,15
"S01013216",588,585,3
"S01013217",676,672,4
"S01013218",609,603,6
"S01013219",527,525,2
"S01013220",696,695,1
"S01013221",888,884,4
"S01013222",595,581,14
"S01013223",1123,1101,22
"S01013224",814,813,1
"S01013225",669,657,12
"S01013226",514,508,6
"S01013227",703,698,5
"S01013228",702,698,4
"S01013229",835,832,3
"S01013230",654,647,7
"S01013231",669,657,12
"S01013232",779,772,7
"S01013233",491,473,18
"S01013235",760,753,7
"S01013236",810,798,12
"S01013237",819,808,11
"S01013238",871,864,7
"S01013239",885,881,4
"S01013240",534,522,12
"S01013241",821,810,11
"S01013242",603,601,2
"S01013243",735,726,9
"S01013244",752,742,10
"S01013245",1009,992,17
"S01013246",326,326,0
"S01013247",791,789,2
"S01013248",629,628,1
"S01013249",460,460,0
"S01013250",1003,979,24
"S01013251",558,543,15
"S01013252",680,673,7
"S01013253",708,702,6
"S01013254",633,622,11
"S01013255",1338,1307,31
"S01013256",569,562,7
"S01013257",695,690,5
"S01013258",766,744,22
"S01013259",841,839,2
"S01013260",1072,1061,11
"S01013261",713,713,0
"S01013262",642,637,5
"S01013263",403,399,4
"S01013264",290,281,9
"S01013265",697,655,42
"S01013266",416,404,12
"S01013267",806,800,6
"S01013268",839,813,26
"S01013269",1330,1227,103
"S01013270",829,787,42
"S01013271",424,411,13
"S01013272",786,760,26
"S01013273",1173,1101,72
"S01013274",793,774,19
"S01013275",727,697,30
"S01013276",611,606,5
"S01013277",889,856,33
"S01013278",649,628,21
"S01013279",740,715,25
"S01013280",585,555,30
"S01013281",963,919,44
"S01013282",827,805,22
"S01013283",795,704,91
"S01013284",651,648,3
"S01013285",656,645,11
"S01013286",667,658,9
"S01013287",784,778,6
"S01013288",660,654,6
"S01013289",991,960,31
"S01013290",911,900,11
"S01013291",724,706,18
"S01013292",726,723,3
"S01013293",714,695,19
"S01013294",678,650,28
"S01013295",797,788,9
"S01013296",712,708,4
"S01013297",688,683,5
"S01013298",858,849,9
"S01013299",1308,1284,24
"S01013300",552,541,11
"S01013301",486,476,10
"S01013302",1472,1367,105
"S01013303",1020,1004,16
"S01013304",793,775,18
"S01013305",952,940,12
"S01013306",816,803,13
"S01013307",1047,1009,38
"S01013308",706,694,12
"S01013309",636,601,35
"S01013310",528,513,15
"S01013311",651,636,15
"S01013312",1157,1136,21
"S01013313",692,669,23
"S01013314",791,768,23
"S01013316",663,642,21
"S01013317",521,515,6
"S01013318",612,593,19
"S01013319",574,544,30
"S01013320",1040,961,79
"S01013321",500,487,13
"S01013322",801,764,37
"S01013323",947,899,48
"S01013324",649,602,47
"S01013325",867,835,32
"S01013326",541,515,26
"S01013327",697,678,19
"S01013328",652,622,30
"S01013329",538,523,15
"S01013330",1103,1069,34
"S01013331",647,600,47
"S01013332",673,655,18
"S01013333",656,627,29
"S01013334",787,778,9
"S01013335",992,964,28
"S01013336",863,846,17
"S01013337",1553,1379,174
"S01013338",202,199,3
"S01013339",584,551,33
"S01013340",805,766,39
"S01013341",597,536,61
"S01013342",644,629,15
"S01013343",673,653,20
"S01013344",585,575,10
"S01013345",762,750,12
"S01013346",914,844,70
"S01013347",590,579,11
"S01013348",1732,1651,81
"S01013349",1047,955,92
"S01013350",400,388,12
"S01013351",784,777,7
"S01013352",897,868,29
"S01013353",669,660,9
"S01013354",557,545,12
"S01013355",653,651,2
"S01013356",686,668,18
"S01013357",876,867,9
"S01013358",811,804,7
"S01013359",621,620,1
"S01013360",687,685,2
"S01013361",569,561,8
"S01013362",494,488,6
"S01013363",666,659,7
"S01013364",616,609,7
"S01013365",1377,1347,30
"S01013366",794,784,10
"S01013367",741,712,29
"S01013368",403,399,4
"S01013369",911,907,4
"S01013370",615,615,0
"S01013371",661,657,4
"S01013372",1008,993,15
"S01013373",925,919,6
"S01013374",959,947,12
"S01013375",676,666,10
"S01013376",492,486,6
"S01013377",772,763,9
"S01013378",979,966,13
"S01013379",826,818,8
"S01013380",1614,1588,26
"S01013381",611,593,18
"S01013382",295,270,25
"S01013383",679,669,10
"S01013384",617,610,7
"S01013385",485,477,8
"S01013386",669,669,0
"S01013387",612,609,3
"S01013388",627,619,8
"S01013389",757,753,4
"S01013390",328,328,0
"S01013391",928,927,1
"S01013392",253,253,0
"S01013393",460,456,4
"S01013394",680,669,11
"S01013395",609,609,0
"S01013396",808,795,13
"S01013397",732,718,14
"S01013398",121,118,3
"S01013399",1045,1012,33
"S01013400",637,626,11
"S01013401",3832,3652,180
"S01013404",194,194,0
"S01013405",663,656,7
"S01013406",612,609,3
"S01013407",534,517,17
"S01013408",892,886,6
"S01013409",1067,1041,26
"S01013410",130,130,0
"S01013411",723,716,7
"S01013412",689,681,8
"S01013413",776,766,10
"S01013414",977,950,27
"S01013415",649,642,7
"S01013416",576,565,11
"S01013417",821,801,20
"S01013418",425,424,1
"S01013419",468,467,1
"S01013420",437,436,1
"S01013421",932,920,12
"S01013422",724,721,3
"S01013423",820,811,9
"S01013424",494,484,10
"S01013425",330,323,7
"S01013426",830,826,4
"S01013427",964,958,6
"S01013428",649,640,9
"S01013429",208,208,0
"S01013430",700,696,4
"S01013431",1159,1148,11
"S01013432",673,662,11
"S01013433",669,654,15
"S01013434",517,505,12
"S01013435",664,661,3
"S01013436",884,870,14
"S01013437",645,630,15
"S01013438",575,566,9
"S01013439",899,892,7
"S01013440",1024,1011,13
"S01013441",771,758,13
"S01013442",785,774,11
"S01013443",635,622,13
"S01013444",928,916,12
"S01013445",717,716,1
"S01013446",713,695,18
"S01013447",645,634,11
"S01013448",798,787,11
"S01013449",640,631,9
"S01013450",588,578,10
"S01013451",871,859,12
"S01013452",779,766,13
"S01013453",772,764,8
"S01013454",753,743,10
"S01013455",560,546,14
"S01013456",772,766,6
"S01013457",909,900,9
"S01013458",711,702,9
"S01013459",837,811,26
"S01013460",849,833,16
"S01013461",1098,1057,41
"S01013462",830,805,25
"S01013463",433,409,24
"S01013464",706,688,18
"S01013465",669,661,8
"S01013466",760,737,23
"S01013467",950,922,28
"S01013468",529,514,15
"S01013469",841,832,9
"S01013470",899,887,12
"S01013471",838,824,14
"S01013472",283,277,6
"S01013473",328,316,12
"S01013474",567,526,41
"S01013475",685,658,27
"S01013476",626,613,13
"S01013477",605,598,7
"S01013478",860,832,28
"S01013479",786,764,22
"S01013480",671,665,6
"S01013481",451,440,11
