"dz_2011","total","good","not_good"
"S01006506",872,842,30
"S01006507",836,812,24
"S01006508",643,626,17
"S01006509",580,563,17
"S01006510",644,619,25
"S01006511",751,720,31
"S01006512",519,508,11
"S01006513",470,437,33
"S01006514",1043,1032,11
"S01006515",762,751,11
"S01006516",718,713,5
"S01006517",1014,983,31
"S01006518",627,622,5
"S01006519",865,841,24
"S01006520",729,722,7
"S01006521",727,721,6
"S01006522",574,564,10
"S01006523",1016,987,29
"S01006524",776,753,23
"S01006525",798,789,9
"S01006526",902,854,48
"S01006527",683,646,37
"S01006528",1034,1002,32
"S01006529",896,866,30
"S01006530",684,636,48
"S01006531",1030,968,62
"S01006532",744,727,17
"S01006533",712,706,6
"S01006534",910,891,19
"S01006535",1105,1090,15
"S01006536",948,930,18
"S01006537",697,680,17
"S01006538",569,556,13
"S01006539",747,728,19
"S01006540",960,939,21
"S01006541",858,832,26
"S01006542",1001,975,26
"S01006543",797,780,17
"S01006544",1071,1044,27
"S01006545",1065,1033,32
"S01006546",630,614,16
"S01006547",1268,1206,62
"S01006548",721,712,9
"S01006549",811,793,18
"S01006550",947,928,19
"S01006551",420,385,35
"S01006552",870,856,14
"S01006553",846,794,52
"S01006554",712,673,39
"S01006555",814,780,34
"S01006556",838,768,70
"S01006557",701,658,43
"S01006558",722,705,17
"S01006559",507,502,5
"S01006560",1033,1011,22
"S01006561",766,753,13
"S01006562",718,678,40
"S01006563",826,802,24
"S01006564",983,941,42
"S01006565",988,944,44
"S01006566",757,741,16
"S01006567",835,792,43
"S01006568",923,909,14
"S01006569",566,550,16
"S01006570",791,775,16
"S01006571",888,872,16
"S01006572",905,890,15
"S01006573",724,712,12
"S01006574",1001,981,20
"S01006575",951,937,14
"S01006576",659,645,14
"S01006577",769,758,11
"S01006578",1096,1068,28
"S01006579",1021,1004,17
"S01006580",717,702,15
"S01006581",889,882,7
"S01006582",871,857,14
"S01006583",712,703,9
"S01006584",628,626,2
"S01006585",795,756,39
"S01006586",1019,965,54
"S01006587",453,444,9
"S01006588",587,577,10
"S01006589",682,659,23
"S01006590",649,628,21
"S01006591",735,723,12
"S01006592",680,671,9
"S01006593",768,756,12
"S01006594",539,522,17
"S01006595",934,918,16
"S01006596",725,711,14
"S01006597",520,510,10
"S01006598",957,944,13
"S01006599",807,759,48
"S01006600",1100,1039,61
"S01006601",1002,974,28
"S01006602",879,854,25
"S01006603",849,794,55
"S01006604",678,634,44
"S01006605",802,744,58
"S01006606",831,791,40
"S01006607",934,892,42
"S01006608",1199,1184,15
"S01006609",1063,999,64
"S01006610",449,419,30
"S01006611",919,857,62
"S01006612",861,816,45
"S01006613",612,601,11
"S01006614",678,667,11
"S01006615",329,325,4
"S01006616",788,781,7
"S01006617",581,564,17
"S01006618",514,500,14
"S01006619",881,849,32
"S01006620",948,913,35
"S01006621",520,512,8
"S01006622",669,659,10
"S01006623",765,729,36
"S01006624",959,913,46
"S01006625",623,590,33
"S01006626",718,655,63
"S01006627",1046,990,56
"S01006628",910,877,33
"S01006629",803,754,49
"S01006630",627,580,47
"S01006631",933,883,50
"S01006632",812,759,53
"S01006633",699,664,35
"S01006634",634,592,42
"S01006635",658,628,30
"S01006636",870,811,59
"S01006637",753,711,42
"S01006638",834,793,41
"S01006639",945,869,76
"S01006640",723,716,7
"S01006641",608,585,23
"S01006642",1373,1348,25
"S01006643",730,716,14
"S01006644",963,921,42
"S01006645",687,648,39
"S01006646",1062,1031,31
"S01006647",591,567,24
"S01006648",1804,1768,36
"S01006649",1106,1066,40
"S01006650",714,699,15
"S01006651",635,613,22
"S01006652",545,534,11
"S01006653",656,641,15
"S01006654",914,854,60
"S01006655",632,598,34
"S01006656",967,931,36
"S01006657",536,518,18
"S01006658",1212,1179,33
"S01006659",632,623,9
"S01006660",420,412,8
"S01006661",729,702,27
"S01006662",942,907,35
"S01006663",562,558,4
"S01006664",223,221,2
"S01006665",712,698,14
"S01006666",1403,1282,121
"S01006667",741,681,60
"S01006668",908,887,21
"S01006669",1219,1138,81
"S01006670",929,892,37
"S01006671",2534,2514,20
"S01006672",810,763,47
"S01006673",787,740,47
"S01006674",938,865,73
"S01006675",712,670,42
"S01006676",747,688,59
"S01006677",723,677,46
"S01006678",1148,1079,69
"S01006679",654,620,34
"S01006680",851,802,49
"S01006681",840,771,69
"S01006682",853,802,51
"S01006683",872,829,43
"S01006684",684,635,49
"S01006685",740,687,53
"S01006686",622,571,51
"S01006687",833,770,63
"S01006688",950,879,71
"S01006689",629,621,8
"S01006690",594,565,29
"S01006691",559,549,10
"S01006692",742,720,22
"S01006693",1015,976,39
"S01006694",865,789,76
"S01006695",712,672,40
"S01006696",849,802,47
"S01006697",926,881,45
"S01006698",691,634,57
"S01006699",471,461,10
"S01006700",830,788,42
"S01006701",728,679,49
"S01006702",668,642,26
"S01006703",675,635,40
"S01006704",605,561,44
"S01006705",816,759,57
"S01006706",619,583,36
"S01006707",608,572,36
"S01006708",814,767,47
"S01006709",975,916,59
"S01006710",853,778,75
"S01006711",815,747,68
"S01006712",403,368,35
"S01006713",833,759,74
"S01006714",597,558,39
"S01006715",623,596,27
"S01006716",710,671,39
"S01006717",1068,993,75
"S01006718",627,597,30
"S01006719",916,849,67
"S01006720",587,552,35
"S01006721",942,875,67
"S01006722",637,605,32
"S01006723",800,750,50
"S01006724",1005,955,50
"S01006725",620,579,41
"S01006726",1391,1334,57
"S01006727",1015,940,75
"S01006728",754,717,37
"S01006729",831,791,40
"S01006730",704,677,27
"S01006731",577,534,43
"S01006732",998,971,27
"S01006733",900,884,16
"S01006734",976,963,13
"S01006735",1004,978,26
"S01006736",1079,1066,13
"S01006737",582,570,12
"S01006738",829,802,27
"S01006739",607,587,20
"S01006740",737,702,35
"S01006741",666,623,43
"S01006742",460,443,17
"S01006743",531,505,26
"S01006744",608,584,24
"S01006745",822,773,49
"S01006746",846,806,40
"S01006747",816,799,17
"S01006748",917,874,43
"S01006749",909,864,45
"S01006750",720,688,32
"S01006751",360,338,22
"S01006752",712,681,31
"S01006753",913,893,20
"S01006754",900,878,22
"S01006755",888,864,24
"S01006756",870,858,12
"S01006757",924,889,35
"S01006758",694,681,13
"S01006759",464,457,7
"S01006760",406,399,7
"S01006761",697,679,18
"S01006762",938,876,62
"S01006763",606,599,7
"S01006764",790,776,14
"S01006765",586,572,14
"S01006766",608,599,9
"S01006767",689,673,16
"S01006768",599,591,8
"S01006769",883,858,25
"S01006770",731,717,14
"S01006771",241,238,3
"S01006772",839,827,12
"S01006773",958,928,30
"S01006774",651,649,2
"S01006775",618,600,18
"S01006776",416,389,27
"S01006777",649,633,16
"S01006778",634,601,33
"S01006779",695,650,45
"S01006780",545,530,15
"S01006781",691,673,18
"S01006782",744,728,16
"S01006783",672,648,24
"S01006784",499,485,14
"S01006785",611,603,8
"S01006786",686,675,11
"S01006787",796,769,27
"S01006788",946,923,23
"S01006789",539,523,16
"S01006790",808,778,30
"S01006791",536,522,14
"S01006792",677,656,21
"S01006793",554,545,9
"S01006794",560,540,20
"S01006795",542,526,16
"S01006796",667,662,5
"S01006797",913,895,18
"S01006798",802,786,16
"S01006799",729,700,29
"S01006800",681,669,12
"S01006801",956,913,43
"S01006802",675,661,14
"S01006803",687,673,14
"S01006804",748,739,9
"S01006805",1122,1106,16
"S01006806",1031,998,33
"S01006807",620,607,13
"S01006808",628,614,14
"S01006809",816,778,38
"S01006810",877,839,38
"S01006811",1090,1072,18
"S01006812",750,736,14
"S01006813",569,547,22
"S01006814",696,672,24
"S01006815",577,545,32
"S01006816",723,694,29
"S01006817",851,828,23
"S01006818",719,704,15
"S01006819",1266,1250,16
"S01006820",444,436,8
"S01006821",1042,1031,11
"S01006822",1918,1894,24
"S01006823",732,719,13
"S01006824",822,789,33
"S01006825",807,794,13
"S01006826",951,912,39
"S01006827",769,743,26
"S01006828",982,951,31
"S01006830",729,703,26
"S01006831",538,524,14
"S01006832",1148,1107,41
"S01006833",455,450,5
"S01006835",701,665,36
"S01006837",486,476,10
"S01006838",648,640,8
"S01006839",1040,1006,34
"S01006840",674,666,8
"S01006841",922,909,13
"S01006842",811,790,21
"S01006843",835,819,16
"S01006844",671,656,15
"S01006845",833,821,12
"S01006846",551,535,16
"S01006847",712,695,17
"S01006848",1536,1505,31
"S01006849",411,405,6
"S01006850",959,932,27
"S01006851",805,776,29
"S01006852",595,579,16
"S01006853",852,835,17
"S01006854",433,423,10
"S01006855",851,834,17
"S01006856",678,666,12
"S01006857",1356,1327,29
"S01006858",642,631,11
"S01006859",996,984,12
"S01006860",542,515,27
"S01006861",742,738,4
"S01006862",681,663,18
"S01006863",549,528,21
"S01006865",789,773,16
"S01006866",549,540,9
"S01006867",667,644,23
"S01006868",687,655,32
"S01006869",578,559,19
"S01006870",486,472,14
"S01006871",667,656,11
"S01006872",1443,1430,13
"S01006873",1227,1180,47
"S01006874",584,571,13
"S01006875",297,292,5
"S01006876",992,960,32
"S01006877",955,932,23
"S01006878",706,680,26
"S01006879",1190,1157,33
"S01006880",600,591,9
"S01006881",578,568,10
"S01006882",213,205,8
"S01006883",458,441,17
"S01006884",792,762,30
"S01006885",656,648,8
"S01006886",733,716,17
"S01006887",741,728,13
"S01006888",800,775,25
"S01006889",826,794,32
"S01006890",667,654,13
"S01006891",608,596,12
"S01006892",502,478,24
"S01006893",338,329,9
"S01006894",938,904,34
"S01006895",534,517,17
"S01006896",787,764,23
"S01006897",708,694,14
"S01006898",751,729,22
"S01006899",609,597,12
"S01006900",579,571,8
"S01006901",595,574,21
"S01006902",693,672,21
"S01006903",822,795,27
"S01006904",726,687,39
"S01006905",891,853,38
"S01006906",843,796,47
"S01006907",519,505,14
"S01006908",803,769,34
"S01006910",1510,1451,59
"S01006912",782,773,9
"S01006913",1714,1703,11
"S01006914",748,736,12
"S01006915",826,809,17
"S01006916",136,136,0
"S01006917",1458,1442,16
"S01006918",349,342,7
"S01006919",362,354,8
"S01006920",189,182,7
"S01006921",569,561,8
"S01006922",318,314,4
"S01006923",1213,1189,24
"S01006924",1033,1013,20
"S01006925",619,602,17
"S01006926",127,127,0
"S01006928",2519,2464,55
"S01006929",836,824,12
"S01006930",889,877,12
"S01006931",1948,1930,18
"S01006932",739,732,7
"S01006933",580,574,6
"S01006934",620,597,23
"S01006935",699,683,16
"S01006936",587,580,7
"S01006937",730,711,19
"S01006938",537,525,12
"S01006939",490,483,7
"S01006940",939,923,16
"S01006941",682,669,13
"S01006942",1082,1062,20
"S01006945",508,495,13
"S01006946",1010,996,14
"S01006947",506,503,3
"S01006948",871,849,22
"S01006949",655,644,11
"S01006951",470,461,9
"S01006952",761,746,15
"S01006953",794,782,12
"S01006954",1313,1287,26
"S01006955",927,902,25
"S01006956",381,369,12
"S01006957",1631,1604,27
"S01006958",747,722,25
"S01006959",722,683,39
"S01006960",84,84,0
"S01006962",883,867,16
"S01006963",527,518,9
"S01006964",582,569,13
"S01006965",471,458,13
"S01006966",602,582,20
"S01006967",691,682,9
"S01006968",452,437,15
"S01006969",947,904,43
"S01006970",633,620,13
"S01006971",387,374,13
"S01006972",522,510,12
"S01006973",761,740,21
"S01006974",804,796,8
"S01006975",951,930,21
"S01006976",637,627,10
"S01006977",3107,3070,37
"S01006978",855,827,28
"S01006979",737,711,26
"S01006980",948,925,23
"S01006981",798,781,17
"S01006982",910,900,10
"S01006983",743,713,30
"S01006984",847,834,13
"S01006985",1008,992,16
"S01006986",674,655,19
"S01006987",665,648,17
"S01006988",615,598,17
"S01006989",855,844,11
"S01006990",908,894,14
"S01006991",443,429,14
"S01006992",608,597,11
"S01006993",535,519,16
"S01006994",573,561,12
"S01006995",1338,1308,30
"S01006996",474,467,7
"S01006997",786,775,11
"S01006998",1206,1187,19
"S01006999",872,842,30
"S01007000",812,786,26
"S01007001",947,925,22
"S01007002",758,717,41
"S01007003",524,513,11
"S01007004",718,697,21
"S01007005",904,881,23
"S01007006",900,865,35
"S01007007",848,815,33
"S01007008",884,843,41
"S01007009",1013,982,31
"S01007010",819,790,29
"S01007011",865,827,38
"S01007012",707,673,34
"S01007013",1194,1153,41
"S01007014",1176,1142,34
"S01007015",625,611,14
"S01007016",592,578,14
"S01007017",843,807,36
"S01007018",990,965,25
"S01007019",665,638,27
"S01007020",649,629,20
"S01007021",791,753,38
"S01007022",122,114,8
"S01007023",767,730,37
"S01007024",1047,999,48
"S01007025",621,577,44
"S01007026",780,743,37
"S01007027",1000,952,48
"S01007028",1031,988,43
"S01007029",746,711,35
"S01007030",718,697,21
"S01007031",546,518,28
"S01007032",1107,1051,56
"S01007033",740,709,31
"S01007034",475,451,24
"S01007035",796,754,42
"S01007036",752,728,24
"S01007037",917,856,61
"S01007038",945,906,39
"S01007039",732,698,34
"S01007040",647,622,25
"S01007041",395,380,15
"S01007042",398,379,19
"S01007043",1373,1313,60
"S01007044",528,502,26
"S01007045",944,886,58
"S01007046",574,530,44
"S01007047",768,734,34
"S01007048",1228,1188,40
"S01007049",842,796,46
"S01007050",453,435,18
"S01007051",768,747,21
"S01007052",573,561,12
"S01007053",379,364,15
"S01007054",807,772,35
"S01007055",671,652,19
"S01007056",941,919,22
"S01007057",365,359,6
"S01007058",577,543,34
"S01007059",1077,1034,43
"S01007060",547,522,25
"S01007061",930,909,21
"S01007062",665,648,17
"S01007063",607,582,25
"S01007064",690,663,27
"S01007065",741,727,14
"S01007066",1103,1062,41
"S01007067",553,536,17
"S01007068",559,529,30
"S01007069",940,897,43
"S01007070",407,376,31
"S01007071",384,364,20
"S01007072",641,623,18
"S01007073",1027,985,42
"S01007074",606,588,18
"S01007075",547,520,27
"S01007076",939,907,32
"S01007077",674,638,36
"S01007078",847,803,44
"S01007079",983,909,74
"S01007080",882,828,54
"S01007081",951,901,50
"S01007082",551,511,40
"S01007083",846,772,74
"S01007084",712,668,44
"S01007085",888,847,41
"S01007086",1219,1151,68
"S01007087",630,596,34
"S01007088",539,489,50
"S01007089",1782,1751,31
"S01007090",540,528,12
"S01007092",624,575,49
"S01007093",987,947,40
"S01007094",903,860,43
"S01007095",706,685,21
"S01007096",837,816,21
"S01007097",488,474,14
"S01007098",397,384,13
"S01007099",883,854,29
"S01007100",727,695,32
"S01007101",601,571,30
"S01007102",956,897,59
"S01007103",546,523,23
"S01007104",1183,1127,56
"S01007105",450,423,27
"S01007106",577,533,44
"S01007107",505,487,18
"S01007108",1485,1421,64
"S01007109",458,416,42
"S01007110",699,676,23
"S01007111",463,434,29
"S01007112",615,591,24
"S01007113",472,453,19
"S01007114",888,850,38
"S01007115",617,602,15
"S01007116",602,588,14
"S01007117",471,459,12
"S01007118",679,638,41
"S01007119",812,765,47
"S01007120",916,855,61
"S01007121",533,490,43
"S01007122",594,568,26
"S01007123",668,626,42
"S01007124",913,875,38
"S01007125",1037,980,57
"S01007126",927,870,57
"S01007127",860,804,56
"S01007128",847,776,71
"S01007129",956,941,15
"S01007130",612,587,25
"S01007131",775,741,34
"S01007132",700,688,12
"S01007133",674,649,25
"S01007134",743,700,43
"S01007135",558,546,12
"S01007136",533,522,11
"S01007137",391,389,2
"S01007138",957,931,26
"S01007139",776,752,24
"S01007140",1022,986,36
"S01007141",1331,1278,53
"S01007144",1997,1941,56
"S01007145",892,851,41
"S01007146",881,835,46
"S01007147",589,572,17
"S01007148",538,525,13
"S01007149",680,652,28
"S01007150",750,696,54
"S01007151",746,726,20
"S01007152",670,641,29
"S01007153",633,600,33
"S01007154",803,748,55
"S01007155",537,514,23
"S01007156",592,568,24
"S01007157",497,479,18
"S01007158",939,916,23
"S01007159",840,797,43
"S01007160",658,615,43
"S01007161",701,671,30
"S01007162",523,482,41
"S01007163",875,830,45
"S01007164",576,548,28
"S01007165",846,801,45
"S01007166",709,691,18
"S01007167",777,752,25
"S01007168",965,943,22
"S01007169",615,595,20
"S01007170",648,631,17
"S01007171",794,766,28
"S01007172",1237,1205,32
"S01007173",523,514,9
"S01007174",911,881,30
"S01007175",665,634,31
"S01007176",708,689,19
"S01007177",631,597,34
"S01007178",1051,978,73
"S01007179",976,911,65
"S01007180",752,721,31
"S01007181",813,781,32
"S01007182",1047,1000,47
"S01007183",1082,1022,60
"S01007184",1039,971,68
"S01007185",793,733,60
"S01007186",593,546,47
"S01007187",804,742,62
"S01007188",602,559,43
"S01007189",809,727,82
"S01007190",815,776,39
"S01007191",616,586,30
"S01007192",612,583,29
"S01007193",769,732,37
"S01007194",641,598,43
"S01007195",580,552,28
"S01007196",768,738,30
"S01007197",743,696,47
"S01007198",426,407,19
"S01007199",804,745,59
"S01007200",849,807,42
"S01007201",738,703,35
"S01007202",735,697,38
"S01007203",643,618,25
"S01007204",980,932,48
"S01007205",688,669,19
"S01007206",310,301,9
"S01007207",983,934,49
"S01007208",1112,1058,54
"S01007209",744,698,46
"S01007210",657,627,30
"S01007211",724,683,41
"S01007212",789,748,41
"S01007213",830,784,46
"S01007214",740,682,58
"S01007215",876,820,56
"S01007216",722,685,37
"S01007217",1186,1135,51
"S01007218",633,614,19
"S01007219",808,773,35
"S01007220",701,661,40
"S01007221",627,601,26
"S01007222",806,772,34
"S01007223",531,516,15
"S01007224",615,592,23
"S01007225",956,930,26
"S01007226",852,825,27
"S01007227",852,810,42
"S01007228",648,622,26
"S01007229",1102,1073,29
"S01007230",750,722,28
"S01007231",701,663,38
"S01007232",726,687,39
"S01007233",788,759,29
"S01007234",630,603,27
"S01007235",774,740,34
"S01007236",620,600,20
"S01007237",719,700,19
"S01007238",915,880,35
"S01007239",858,835,23
"S01007240",539,514,25
"S01007241",669,654,15
"S01007242",999,958,41
"S01007243",587,559,28
"S01007244",721,682,39
"S01007245",669,630,39
"S01007246",891,857,34
"S01007247",641,620,21
"S01007248",593,580,13
"S01007249",433,423,10
"S01007250",822,795,27
"S01007251",523,496,27
"S01007252",768,741,27
"S01007253",684,659,25
"S01007254",816,753,63
"S01007255",792,744,48
"S01007256",799,756,43
"S01007257",606,564,42
"S01007258",748,717,31
"S01007259",994,932,62
"S01007260",896,853,43
"S01007261",782,756,26
"S01007262",712,684,28
"S01007263",777,745,32
"S01007264",774,733,41
"S01007265",1109,1043,66
"S01007266",678,651,27
"S01007267",521,504,17
"S01007268",596,571,25
"S01007269",528,503,25
"S01007270",593,574,19
"S01007271",826,790,36
"S01007272",1025,973,52
"S01007273",669,647,22
"S01007274",827,784,43
"S01007275",590,559,31
"S01007276",850,824,26
"S01007277",620,598,22
"S01007278",542,528,14
"S01007279",565,547,18
"S01007280",570,552,18
"S01007281",979,955,24
"S01007282",538,521,17
"S01007283",1023,966,57
"S01007284",848,818,30
"S01007285",922,875,47
"S01007286",904,877,27
"S01007287",528,508,20
"S01007288",420,412,8
"S01007289",798,781,17
"S01007290",823,790,33
"S01007291",524,484,40
"S01007292",771,744,27
"S01007293",786,769,17
"S01007294",808,764,44
"S01007295",520,485,35
"S01007296",563,533,30
"S01007297",911,895,16
"S01007298",532,511,21
"S01007299",854,828,26
"S01007300",502,480,22
"S01007301",575,556,19
"S01007302",625,583,42
"S01007303",925,860,65
"S01007304",693,673,20
"S01007305",736,719,17
"S01007306",756,732,24
"S01007307",915,885,30
"S01007308",806,757,49
"S01007309",645,625,20
"S01007310",738,704,34
"S01007311",769,732,37
"S01007312",770,733,37
"S01007313",972,949,23
"S01007314",635,623,12
"S01007315",793,767,26
"S01007316",861,800,61
"S01007317",675,649,26
"S01007318",607,582,25
"S01007319",742,710,32
"S01007320",747,727,20
"S01007321",595,564,31
"S01007322",730,691,39
"S01007323",449,420,29
"S01007324",328,315,13
"S01007325",833,801,32
"S01007326",1175,1129,46
"S01007327",635,587,48
"S01007328",585,564,21
"S01007329",702,662,40
"S01007330",858,814,44
"S01007331",1139,1065,74
"S01007332",392,376,16
"S01007333",726,694,32
"S01007334",750,690,60
"S01007335",708,673,35
"S01007336",384,361,23
"S01007337",542,502,40
"S01007338",752,715,37
"S01007339",686,646,40
"S01007340",470,435,35
"S01007341",740,696,44
"S01007342",826,787,39
"S01007343",702,665,37
"S01007344",296,273,23
"S01007345",543,497,46
"S01007346",691,627,64
"S01007347",601,546,55
"S01007348",610,561,49
"S01007349",457,429,28
"S01007350",562,523,39
"S01007351",658,603,55
"S01007352",498,469,29
"S01007353",850,820,30
"S01007354",727,672,55
"S01007355",2105,1955,150
"S01007356",714,659,55
"S01007357",803,764,39
"S01007358",912,871,41
"S01007359",110,95,15
"S01007360",534,493,41
"S01007361",1043,990,53
"S01007362",787,749,38
"S01007363",687,639,48
"S01007364",897,823,74
"S01007365",376,353,23
"S01007366",465,399,66
"S01007367",562,517,45
"S01007368",329,309,20
"S01007369",655,614,41
"S01007370",740,697,43
"S01007371",716,675,41
"S01007372",752,706,46
"S01007373",606,562,44
"S01007374",531,513,18
"S01007375",464,448,16
"S01007376",849,791,58
"S01007377",664,628,36
"S01007378",1457,1435,22
"S01007379",484,459,25
"S01007380",581,555,26
"S01007381",391,368,23
"S01007382",656,630,26
"S01007383",749,716,33
"S01007384",793,777,16
"S01007385",826,788,38
"S01007386",806,787,19
"S01007387",803,788,15
"S01007388",680,663,17
"S01007389",699,685,14
"S01007390",457,444,13
"S01007391",664,653,11
"S01007392",374,359,15
"S01007393",869,833,36
"S01007394",640,605,35
"S01007395",728,689,39
"S01007396",783,724,59
"S01007397",943,910,33
"S01007398",877,814,63
"S01007399",468,422,46
"S01007400",699,665,34
"S01007401",676,651,25
"S01007402",610,586,24
"S01007403",825,813,12
"S01007404",549,525,24
"S01007405",665,636,29
"S01007406",621,600,21
"S01007407",722,701,21
"S01007408",596,558,38
"S01007409",629,589,40
"S01007410",703,630,73
"S01007411",895,811,84
"S01007412",478,456,22
"S01007413",910,881,29
"S01007414",694,678,16
"S01007415",853,787,66
"S01007416",595,555,40
"S01007418",367,336,31
"S01007419",825,770,55
"S01007420",4197,4053,144
"S01007421",204,194,10
"S01007422",590,556,34
"S01007423",388,378,10
"S01007424",652,632,20
"S01007425",947,917,30
"S01007426",586,550,36
"S01007427",642,597,45
"S01007428",887,835,52
"S01007429",715,679,36
"S01007430",442,425,17
"S01007431",554,538,16
"S01007432",818,765,53
"S01007433",798,743,55
"S01007434",496,467,29
"S01007435",681,637,44
"S01007436",675,624,51
"S01007437",440,424,16
"S01007438",673,645,28
"S01007439",686,645,41
"S01007440",649,618,31
"S01007441",551,538,13
"S01007442",480,464,16
"S01007443",924,891,33
"S01007444",945,910,35
"S01007445",625,610,15
"S01007446",541,533,8
"S01007447",485,471,14
"S01007448",867,839,28
"S01007449",874,821,53
"S01007450",751,699,52
"S01007451",623,583,40
"S01007452",1293,1228,65
"S01007454",512,470,42
"S01007455",846,783,63
"S01007456",891,829,62
"S01007457",1080,1008,72
"S01007458",402,390,12
"S01007459",764,725,39
"S01007460",725,656,69
"S01007461",680,612,68
"S01007462",787,746,41
"S01007463",988,891,97
"S01007464",686,637,49
"S01007465",785,698,87
"S01007466",904,822,82
"S01007467",974,890,84
"S01007468",714,687,27
"S01007469",611,581,30
"S01007470",699,634,65
"S01007471",339,325,14
"S01007472",694,634,60
"S01007473",438,407,31
"S01007474",298,290,8
"S01007475",250,235,15
"S01007476",862,819,43
"S01007477",540,520,20
"S01007478",910,868,42
"S01007479",314,294,20
"S01007480",431,409,22
"S01007481",712,681,31
"S01007482",377,349,28
"S01007483",783,732,51
"S01007484",659,611,48
"S01007485",481,439,42
"S01007486",540,492,48
"S01007487",903,832,71
"S01007488",1032,974,58
"S01007489",757,714,43
"S01007490",913,850,63
"S01007491",1010,945,65
"S01007492",685,608,77
"S01007493",824,772,52
"S01007494",534,493,41
"S01007495",962,918,44
"S01007496",1185,1114,71
"S01007497",596,566,30
"S01007498",939,863,76
"S01007499",842,786,56
"S01007500",605,559,46
"S01007501",680,630,50
"S01007502",506,464,42
"S01007503",1046,976,70
"S01007504",677,623,54
"S01007505",556,527,29
"S01007506",514,484,30
"S01007507",921,858,63
"S01007508",696,635,61
"S01007509",627,585,42
"S01007510",1014,927,87
"S01007511",829,765,64
"S01007512",443,417,26
"S01007513",943,888,55
"S01007514",519,487,32
"S01007515",605,576,29
"S01007516",620,581,39
"S01007517",366,334,32
"S01007518",834,779,55
"S01007519",531,493,38
"S01007520",980,918,62
"S01007521",590,561,29
"S01007522",846,805,41
"S01007523",542,529,13
"S01007524",951,901,50
"S01007525",536,509,27
"S01007526",734,682,52
"S01007527",787,756,31
"S01007528",751,731,20
"S01007529",666,638,28
"S01007530",524,513,11
"S01007531",692,672,20
"S01007532",597,574,23
"S01007533",1003,945,58
"S01007534",747,708,39
"S01007535",705,664,41
"S01007536",936,891,45
"S01007537",880,839,41
"S01007538",1213,1160,53
"S01007539",667,634,33
"S01007540",838,774,64
"S01007541",861,813,48
"S01007542",783,745,38
"S01007543",1078,1014,64
"S01007544",1223,1179,44
"S01007545",1088,1044,44
"S01007546",565,546,19
"S01007547",551,523,28
"S01007548",428,413,15
"S01007549",620,592,28
"S01007550",923,861,62
"S01007551",867,830,37
"S01007552",965,877,88
"S01007553",833,752,81
"S01007554",435,371,64
"S01007555",515,492,23
"S01007556",502,457,45
"S01007557",1131,1046,85
"S01007558",429,400,29
"S01007559",975,923,52
"S01007560",719,682,37
"S01007561",553,518,35
"S01007562",948,904,44
"S01007563",796,752,44
"S01007564",772,725,47
"S01007565",1117,1064,53
"S01007566",736,705,31
"S01007567",752,730,22
"S01007568",657,631,26
"S01007569",1257,1202,55
"S01007570",796,767,29
"S01007571",539,517,22
"S01007572",1862,1789,73
"S01007574",1094,1030,64
"S01007575",746,683,63
"S01007576",718,652,66
"S01007577",617,566,51
"S01007578",692,631,61
"S01007579",663,618,45
"S01007580",838,780,58
"S01007581",509,476,33
"S01007582",660,620,40
"S01007583",1056,955,101
"S01007584",624,583,41
"S01007585",906,873,33
"S01007586",858,790,68
"S01007587",819,769,50
"S01007588",695,670,25
"S01007589",756,727,29
"S01007590",661,643,18
"S01007591",576,552,24
"S01007592",843,790,53
"S01007593",1095,1025,70
"S01007594",992,920,72
"S01007595",1056,1007,49
"S01007596",381,342,39
"S01007597",647,626,21
"S01007598",637,611,26
"S01007599",840,782,58
"S01007600",973,897,76
"S01007601",631,611,20
"S01007602",650,636,14
"S01007603",778,765,13
"S01007604",891,854,37
"S01007605",937,906,31
"S01007606",505,483,22
"S01007607",702,680,22
"S01007608",744,717,27
"S01007609",917,859,58
"S01007610",515,476,39
"S01007611",917,844,73
"S01007612",1044,961,83
"S01007613",836,809,27
"S01007614",441,423,18
"S01007615",1022,979,43
"S01007616",669,628,41
"S01007617",519,490,29
"S01007618",638,591,47
"S01007619",630,586,44
"S01007620",579,560,19
"S01007621",656,628,28
"S01007622",482,451,31
"S01007623",608,588,20
"S01007624",664,638,26
"S01007625",505,478,27
"S01007626",486,473,13
"S01007627",676,654,22
"S01007628",717,694,23
"S01007629",699,677,22
"S01007630",813,774,39
"S01007631",631,611,20
"S01007632",855,815,40
"S01007633",977,930,47
"S01007634",680,661,19
"S01007635",717,682,35
"S01007636",858,802,56
"S01007637",857,807,50
"S01007638",768,717,51
"S01007639",1087,1027,60
"S01007640",724,685,39
"S01007641",856,820,36
"S01007642",835,791,44
"S01007643",903,856,47
"S01007644",687,641,46
"S01007645",681,663,18
"S01007646",627,588,39
"S01007647",740,709,31
"S01007648",850,816,34
"S01007649",741,710,31
"S01007650",956,914,42
"S01007651",717,698,19
"S01007652",482,444,38
"S01007653",886,854,32
"S01007654",1104,1037,67
"S01007655",781,742,39
"S01007656",851,802,49
"S01007657",435,414,21
"S01007658",507,479,28
"S01007659",920,853,67
"S01007660",624,585,39
"S01007661",660,624,36
"S01007662",908,832,76
"S01007663",843,788,55
"S01007664",578,529,49
"S01007665",660,634,26
"S01007666",229,210,19
"S01007667",717,696,21
"S01007668",1086,1014,72
"S01007669",642,603,39
"S01007670",729,682,47
"S01007671",1017,967,50
"S01007672",874,830,44
"S01007673",700,672,28
"S01007674",797,744,53
"S01007675",627,595,32
"S01007676",793,767,26
"S01007677",409,387,22
"S01007678",788,723,65
"S01007679",843,776,67
"S01007680",922,892,30
"S01007681",405,377,28
"S01007682",1130,1096,34
"S01007683",701,684,17
"S01007684",801,777,24
"S01007685",906,888,18
"S01007686",858,840,18
"S01007687",848,834,14
"S01007688",967,931,36
"S01007689",613,568,45
"S01007690",875,844,31
"S01007691",3162,3110,52
"S01007692",633,611,22
"S01007693",974,941,33
"S01007694",1115,1070,45
"S01007695",963,888,75
"S01007696",800,765,35
"S01007697",948,877,71
"S01007698",1093,1041,52
"S01007699",808,757,51
"S01007700",990,944,46
"S01007701",451,413,38
"S01007702",1026,1012,14
"S01007703",783,747,36
"S01007704",907,809,98
"S01007705",844,825,19
"S01007706",599,588,11
"S01007707",1285,1261,24
"S01007708",644,595,49
"S01007709",582,533,49
"S01007710",394,365,29
"S01007711",1050,993,57
"S01007712",687,663,24
"S01007713",484,458,26
"S01007714",643,604,39
"S01007715",516,483,33
"S01007716",1041,951,90
"S01007717",1003,914,89
"S01007718",630,573,57
"S01007719",960,859,101
"S01007720",705,623,82
"S01007721",730,678,52
"S01007722",840,750,90
"S01007723",952,828,124
"S01007724",648,605,43
"S01007725",773,702,71
"S01007726",786,722,64
"S01007727",1023,943,80
"S01007728",773,727,46
"S01007729",772,740,32
"S01007730",764,725,39
"S01007731",582,560,22
"S01007732",824,782,42
"S01007733",853,832,21
"S01007734",821,797,24
"S01007735",827,807,20
"S01007736",723,688,35
"S01007737",1062,1003,59
"S01007738",732,695,37
"S01007739",479,444,35
"S01007740",656,608,48
"S01007741",672,600,72
"S01007742",624,572,52
"S01007743",895,840,55
"S01007744",766,675,91
"S01007745",694,630,64
"S01007746",889,821,68
"S01007747",505,466,39
"S01007748",704,636,68
"S01007749",709,682,27
"S01007750",677,654,23
"S01007751",928,905,23
"S01007752",747,708,39
"S01007753",535,481,54
"S01007754",884,790,94
"S01007755",877,800,77
"S01007756",629,580,49
"S01007757",840,807,33
"S01007758",899,864,35
"S01007759",964,886,78
"S01007760",737,712,25
"S01007761",853,832,21
"S01007762",814,770,44
"S01007763",545,496,49
"S01007764",756,736,20
"S01007765",683,659,24
"S01007766",641,624,17
"S01007767",1038,1000,38
"S01007768",649,609,40
"S01007769",733,707,26
"S01007770",738,725,13
"S01007771",532,519,13
"S01007772",964,888,76
"S01007773",734,709,25
"S01007774",663,612,51
"S01007775",464,452,12
"S01007776",727,710,17
"S01007777",432,426,6
"S01007778",1775,1727,48
"S01007779",701,665,36
"S01007780",795,762,33
"S01007781",899,864,35
"S01007782",403,382,21
"S01007783",782,675,107
"S01007784",903,854,49
"S01007785",507,472,35
"S01007786",763,708,55
"S01007787",676,652,24
"S01007788",634,593,41
"S01007789",698,635,63
"S01007790",895,854,41
"S01007791",1004,987,17
"S01007792",879,799,80
"S01007793",959,868,91
"S01007794",567,541,26
"S01007795",606,574,32
"S01007796",845,800,45
"S01007797",522,477,45
"S01007798",665,650,15
"S01007800",956,867,89
"S01007801",973,868,105
"S01007802",547,535,12
"S01007803",1199,1061,138
"S01007804",627,568,59
"S01007805",520,497,23
"S01007806",634,578,56
"S01007807",707,674,33
"S01007808",848,794,54
"S01007809",919,883,36
"S01007810",883,793,90
"S01007811",871,823,48
"S01007812",850,795,55
"S01007813",799,752,47
"S01007814",565,516,49
"S01007815",916,880,36
"S01007816",669,644,25
"S01007817",449,415,34
"S01007818",868,824,44
"S01007819",688,652,36
"S01007820",980,917,63
"S01007821",552,532,20
"S01007822",734,689,45
"S01007823",696,661,35
"S01007824",727,701,26
"S01007825",1013,974,39
"S01007826",598,518,80
"S01007827",583,560,23
"S01007828",977,889,88
"S01007829",579,515,64
"S01007830",928,824,104
"S01007831",947,858,89
"S01007832",629,566,63
"S01007833",792,701,91
"S01007834",742,679,63
"S01007835",695,649,46
"S01007836",522,489,33
"S01007837",778,748,30
"S01007838",845,805,40
"S01007839",975,903,72
"S01007840",762,716,46
"S01007841",711,671,40
"S01007842",770,717,53
"S01007843",705,657,48
"S01007844",935,875,60
"S01007845",903,826,77
"S01007846",744,685,59
"S01007847",917,836,81
"S01007848",819,744,75
"S01007849",934,866,68
"S01007850",754,693,61
"S01007851",940,852,88
"S01007852",667,626,41
"S01007853",660,567,93
"S01007854",980,905,75
"S01007855",646,575,71
"S01007856",857,804,53
"S01007857",492,450,42
"S01007858",1052,960,92
"S01007859",1165,1079,86
"S01007861",674,623,51
"S01007862",701,663,38
"S01007863",895,847,48
"S01007864",938,876,62
"S01007866",586,576,10
"S01007867",1212,1181,31
"S01007868",861,835,26
"S01007869",550,532,18
"S01007870",537,485,52
"S01007871",669,580,89
"S01007872",705,614,91
"S01007873",688,620,68
"S01007874",723,637,86
"S01007875",526,492,34
"S01007876",863,815,48
"S01007877",773,695,78
"S01007878",488,440,48
"S01007879",764,696,68
"S01007880",709,648,61
"S01007881",656,587,69
"S01007882",1325,1280,45
"S01007883",737,687,50
"S01007884",639,597,42
"S01007885",730,653,77
"S01007886",867,787,80
"S01007887",638,598,40
"S01007888",1070,989,81
"S01007889",533,486,47
"S01007890",556,504,52
"S01007891",668,605,63
"S01007892",403,386,17
"S01007893",1371,1298,73
"S01007894",916,874,42
"S01007895",542,516,26
"S01007896",728,668,60
"S01007897",1298,1252,46
"S01007898",783,732,51
"S01007899",481,456,25
"S01007900",417,377,40
"S01007901",711,646,65
"S01007902",883,777,106
"S01007903",645,571,74
"S01007904",849,795,54
"S01007905",687,623,64
"S01007906",724,625,99
"S01007907",536,472,64
"S01007908",576,521,55
"S01007909",401,371,30
"S01007910",916,851,65
"S01007911",429,378,51
"S01007912",757,691,66
"S01007913",616,558,58
"S01007914",628,582,46
"S01007915",835,760,75
"S01007916",810,725,85
"S01007917",847,753,94
"S01007918",922,830,92
"S01007919",694,664,30
"S01007920",615,590,25
"S01007921",932,840,92
"S01007922",867,769,98
"S01007923",835,770,65
"S01007924",895,804,91
"S01007925",829,796,33
"S01007926",845,828,17
"S01007927",617,588,29
"S01007928",1038,986,52
"S01007929",1185,1148,37
"S01007930",727,708,19
"S01007931",1127,1072,55
"S01007932",831,811,20
"S01007933",779,754,25
"S01007934",720,676,44
"S01007935",805,749,56
"S01007936",890,867,23
"S01007937",825,794,31
"S01007938",740,683,57
"S01007939",896,839,57
"S01007940",933,860,73
"S01007941",387,370,17
"S01007942",508,478,30
"S01007943",574,536,38
"S01007944",837,786,51
"S01007945",850,768,82
"S01007946",787,723,64
"S01007947",756,714,42
"S01007948",660,599,61
"S01007949",751,721,30
"S01007950",760,724,36
"S01007951",815,770,45
"S01007952",617,551,66
"S01007953",938,867,71
"S01007954",668,609,59
"S01007955",638,605,33
"S01007956",745,703,42
"S01007957",983,894,89
"S01007958",883,800,83
"S01007959",706,659,47
"S01007960",607,556,51
"S01007961",1771,1674,97
"S01007962",597,561,36
"S01007963",1003,904,99
"S01007964",791,732,59
"S01007965",576,532,44
"S01007966",977,882,95
"S01007967",639,600,39
"S01007968",869,798,71
"S01007969",666,619,47
"S01007970",874,817,57
"S01007971",927,835,92
"S01007972",828,774,54
"S01007973",816,797,19
"S01007974",859,754,105
"S01007975",603,548,55
"S01007976",703,634,69
"S01007977",645,614,31
"S01007978",559,527,32
"S01007979",830,795,35
"S01007980",701,659,42
"S01007981",547,519,28
"S01007982",514,489,25
"S01007983",777,707,70
"S01007984",726,690,36
"S01007985",923,867,56
"S01007986",675,636,39
"S01007987",658,627,31
"S01007988",817,759,58
"S01007989",580,548,32
"S01007990",1070,1039,31
"S01007991",940,927,13
"S01007992",657,647,10
"S01007993",673,655,18
"S01007994",659,642,17
"S01007995",590,574,16
"S01007996",452,435,17
"S01007997",555,539,16
"S01007998",522,491,31
"S01007999",801,753,48
"S01008000",913,822,91
"S01008001",859,798,61
"S01008002",676,608,68
"S01008003",666,615,51
"S01008004",122,111,11
"S01008006",786,714,72
"S01008007",430,389,41
"S01008008",645,609,36
"S01008009",785,719,66
"S01008010",862,801,61
"S01008011",657,570,87
"S01008012",772,730,42
"S01008013",697,632,65
"S01008014",622,593,29
"S01008015",776,721,55
"S01008016",781,713,68
"S01008017",900,877,23
"S01008018",505,497,8
"S01008019",741,727,14
"S01008020",587,567,20
"S01008021",700,680,20
"S01008022",728,712,16
"S01008023",468,465,3
"S01008024",955,945,10
"S01008025",685,651,34
"S01008026",880,809,71
"S01008027",565,532,33
"S01008028",585,559,26
"S01008029",3005,2897,108
"S01008030",722,684,38
"S01008031",881,826,55
"S01008032",898,851,47
"S01008033",1449,1434,15
"S01008034",790,773,17
"S01008035",627,603,24
"S01008036",669,655,14
"S01008037",1014,949,65
"S01008038",761,711,50
"S01008039",898,857,41
"S01008040",915,884,31
"S01008041",707,670,37
"S01008042",597,585,12
"S01008043",861,842,19
"S01008044",962,943,19
"S01008045",1099,1057,42
"S01008046",847,760,87
"S01008047",697,675,22
"S01008048",575,567,8
"S01008049",858,840,18
"S01008050",618,597,21
"S01008051",884,867,17
"S01008052",829,815,14
"S01008053",610,586,24
"S01008054",934,897,37
"S01008055",893,879,14
"S01008056",755,728,27
"S01008057",936,911,25
"S01008058",895,877,18
"S01008059",532,520,12
"S01008060",734,721,13
"S01008061",801,773,28
"S01008062",1018,985,33
"S01008063",749,738,11
"S01008064",701,665,36
"S01008065",993,969,24
"S01008066",937,921,16
"S01008067",557,544,13
"S01008068",914,886,28
"S01008069",932,896,36
"S01008070",878,845,33
"S01008071",702,669,33
"S01008072",850,815,35
"S01008073",471,464,7
"S01008074",976,953,23
"S01008075",613,594,19
"S01008076",656,635,21
"S01008077",831,818,13
"S01008078",1001,977,24
"S01008079",905,884,21
"S01008080",699,673,26
"S01008081",599,589,10
"S01008082",698,682,16
"S01008083",586,566,20
"S01008084",853,822,31
"S01008085",973,945,28
"S01008086",1091,1061,30
"S01008087",856,829,27
"S01008088",917,873,44
"S01008089",653,638,15
"S01008090",771,736,35
"S01008091",385,375,10
"S01008092",908,873,35
"S01008093",809,773,36
"S01008094",667,647,20
"S01008095",744,716,28
"S01008096",790,746,44
"S01008097",628,612,16
"S01008098",750,725,25
"S01008099",540,524,16
"S01008100",946,894,52
"S01008101",795,761,34
"S01008102",819,789,30
"S01008103",610,556,54
"S01008104",864,802,62
"S01008105",1072,966,106
"S01008106",687,616,71
"S01008107",1115,1083,32
"S01008108",547,538,9
"S01008109",940,914,26
"S01008110",881,860,21
"S01008111",869,837,32
"S01008112",816,790,26
"S01008113",891,863,28
"S01008114",685,660,25
"S01008115",915,875,40
"S01008116",933,912,21
"S01008117",800,758,42
"S01008118",882,832,50
"S01008119",665,610,55
"S01008120",790,753,37
"S01008121",662,638,24
"S01008122",604,594,10
"S01008123",849,823,26
"S01008124",692,682,10
"S01008125",881,844,37
"S01008126",812,798,14
"S01008127",489,465,24
"S01008128",886,864,22
"S01008129",891,821,70
"S01008130",961,903,58
"S01008131",766,715,51
"S01008132",1029,991,38
"S01008133",630,574,56
"S01008134",661,636,25
"S01008135",1435,1347,88
"S01008136",783,740,43
"S01008137",911,827,84
"S01008138",852,784,68
"S01008139",967,876,91
"S01008140",522,462,60
"S01008141",1038,993,45
"S01008142",604,587,17
"S01008143",913,844,69
"S01008144",812,785,27
"S01008145",808,748,60
"S01008146",499,463,36
"S01008147",788,735,53
"S01008148",747,695,52
"S01008149",707,672,35
"S01008150",941,873,68
"S01008151",704,653,51
"S01008152",1057,954,103
"S01008153",573,557,16
"S01008154",828,797,31
"S01008155",670,646,24
"S01008156",919,872,47
"S01008157",746,719,27
"S01008158",731,715,16
"S01008159",989,892,97
"S01008160",995,907,88
"S01008161",1019,987,32
"S01008162",996,946,50
"S01008163",758,692,66
"S01008164",1450,1402,48
"S01008165",788,775,13
"S01008166",559,526,33
"S01008167",576,532,44
"S01008168",997,933,64
"S01008169",711,680,31
"S01008170",597,576,21
"S01008171",733,684,49
"S01008172",557,531,26
"S01008173",664,649,15
"S01008174",532,510,22
"S01008175",750,711,39
"S01008176",727,705,22
"S01008177",776,731,45
"S01008178",640,615,25
"S01008179",512,506,6
"S01008180",473,463,10
"S01008181",678,653,25
"S01008182",924,873,51
"S01008183",746,727,19
"S01008184",694,644,50
"S01008185",1012,936,76
"S01008186",851,812,39
"S01008187",617,569,48
"S01008188",920,851,69
"S01008189",565,524,41
"S01008190",877,836,41
"S01008191",482,463,19
"S01008192",784,736,48
"S01008193",826,790,36
"S01008194",630,598,32
"S01008195",796,746,50
"S01008196",796,759,37
"S01008198",693,650,43
"S01008199",776,708,68
"S01008200",496,443,53
"S01008201",797,721,76
"S01008202",567,523,44
"S01008203",556,523,33
"S01008204",875,784,91
"S01008205",680,639,41
"S01008206",654,606,48
"S01008207",618,588,30
"S01008208",740,715,25
"S01008210",935,881,54
"S01008211",887,827,60
"S01008212",462,456,6
"S01008213",1150,1124,26
"S01008214",710,644,66
"S01008215",646,610,36
"S01008216",604,588,16
"S01008217",723,703,20
"S01008218",965,939,26
"S01008219",955,884,71
"S01008220",644,615,29
"S01008221",772,735,37
"S01008222",762,707,55
"S01008223",476,432,44
"S01008224",907,878,29
"S01008225",714,683,31
"S01008226",755,681,74
"S01008227",819,753,66
"S01008228",2394,2327,67
"S01008229",452,416,36
"S01008230",811,794,17
"S01008231",640,626,14
"S01008233",1627,1601,26
"S01008234",301,279,22
"S01008235",829,762,67
"S01008236",845,814,31
"S01008237",864,824,40
"S01008238",756,707,49
"S01008239",762,737,25
"S01008240",788,770,18
"S01008241",648,630,18
"S01008242",900,832,68
"S01008243",1093,1058,35
"S01008244",421,404,17
"S01008245",992,960,32
"S01008246",989,960,29
"S01008247",789,767,22
"S01008248",845,818,27
"S01008249",994,967,27
"S01008250",1024,1009,15
"S01008251",754,750,4
"S01008252",943,917,26
"S01008253",766,698,68
"S01008254",857,808,49
"S01008255",728,701,27
"S01008256",822,766,56
"S01008257",672,604,68
"S01008258",701,674,27
"S01008259",777,747,30
"S01008260",944,896,48
"S01008261",901,828,73
"S01008262",612,592,20
"S01008263",801,737,64
"S01008264",551,535,16
"S01008265",706,686,20
"S01008266",598,592,6
"S01008267",898,865,33
"S01008268",878,865,13
"S01008269",868,822,46
"S01008270",819,786,33
"S01008271",669,637,32
"S01008272",1002,963,39
"S01008273",841,819,22
"S01008274",729,697,32
"S01008275",558,534,24
"S01008276",557,545,12
"S01008277",502,495,7
"S01008278",840,823,17
"S01008279",733,696,37
"S01008280",880,852,28
"S01008281",726,701,25
"S01008282",1141,1110,31
"S01008283",210,189,21
"S01008284",1498,1461,37
"S01008285",754,697,57
"S01008286",747,710,37
"S01008287",852,823,29
"S01008288",901,863,38
"S01008289",493,463,30
"S01008290",777,755,22
"S01008291",719,684,35
"S01008292",1038,1000,38
"S01008294",730,705,25
"S01008295",859,835,24
"S01008296",621,576,45
"S01008297",544,516,28
"S01008298",865,833,32
"S01008299",813,742,71
"S01008300",846,778,68
"S01008301",832,800,32
"S01008302",716,699,17
"S01008303",558,515,43
"S01008304",356,336,20
"S01008305",791,763,28
"S01008306",611,593,18
"S01008307",640,601,39
"S01008308",566,552,14
"S01008309",727,659,68
"S01008310",949,894,55
"S01008311",544,513,31
"S01008312",253,243,10
"S01008313",1013,891,122
"S01008314",566,512,54
"S01008315",748,675,73
"S01008316",462,408,54
"S01008317",738,699,39
"S01008318",1284,1237,47
"S01008319",739,673,66
"S01008320",524,488,36
"S01008321",546,531,15
"S01008322",1055,987,68
"S01008323",799,731,68
"S01008324",481,445,36
"S01008325",760,714,46
"S01008326",990,916,74
"S01008327",970,899,71
"S01008328",869,837,32
"S01008329",883,866,17
"S01008330",871,836,35
"S01008331",602,589,13
"S01008332",953,893,60
"S01008333",990,922,68
"S01008334",731,708,23
"S01008335",763,716,47
"S01008336",662,630,32
"S01008337",906,880,26
"S01008338",915,885,30
"S01008339",629,613,16
"S01008340",822,805,17
"S01008341",700,691,9
"S01008342",853,827,26
"S01008343",848,836,12
"S01008344",1000,989,11
"S01008345",788,773,15
"S01008346",1023,996,27
"S01008347",980,939,41
"S01008348",756,733,23
"S01008349",934,886,48
"S01008350",567,543,24
"S01008351",900,876,24
"S01008352",674,651,23
"S01008353",525,513,12
"S01008354",698,679,19
"S01008355",583,554,29
"S01008356",556,532,24
"S01008357",499,480,19
"S01008358",697,641,56
"S01008359",639,624,15
"S01008360",844,821,23
"S01008361",829,806,23
"S01008362",956,933,23
"S01008363",739,715,24
"S01008364",761,744,17
"S01008365",779,753,26
"S01008366",926,867,59
"S01008367",727,677,50
"S01008368",473,462,11
"S01008369",598,570,28
"S01008370",807,790,17
"S01008371",808,789,19
"S01008372",790,773,17
"S01008373",795,778,17
"S01008374",705,694,11
"S01008375",789,773,16
"S01008376",550,535,15
"S01008377",746,732,14
"S01008378",1015,990,25
"S01008379",530,511,19
"S01008380",544,533,11
"S01008381",514,499,15
"S01008382",785,760,25
"S01008383",480,467,13
"S01008384",976,940,36
"S01008385",674,647,27
"S01008386",659,644,15
"S01008387",836,813,23
"S01008388",546,526,20
"S01008389",542,512,30
"S01008390",619,608,11
"S01008391",785,760,25
"S01008392",916,899,17
"S01008393",610,595,15
"S01008394",942,927,15
"S01008395",531,520,11
"S01008396",807,772,35
"S01008397",935,919,16
"S01008398",587,568,19
"S01008399",728,708,20
"S01008400",501,488,13
"S01008401",1013,976,37
"S01008402",1092,1056,36
"S01008403",610,599,11
"S01008404",967,926,41
"S01008405",771,755,16
"S01008406",978,914,64
"S01008407",522,485,37
"S01008408",673,662,11
"S01008409",1098,1017,81
"S01008410",589,555,34
"S01008411",604,578,26
"S01008412",706,674,32
"S01008413",464,442,22
"S01008414",458,442,16
"S01008415",926,870,56
"S01008416",818,752,66
"S01008417",726,709,17
"S01008418",692,673,19
"S01008419",525,508,17
"S01008420",476,466,10
"S01008421",785,749,36
"S01008422",694,675,19
"S01008423",889,872,17
"S01008424",835,812,23
"S01008425",2465,2432,33
"S01008426",573,551,22
"S01008427",1068,1049,19
"S01008428",676,631,45
"S01008429",700,681,19
"S01008430",807,785,22
"S01008431",842,818,24
"S01008432",701,687,14
"S01008433",807,786,21
"S01008434",915,891,24
"S01008435",766,750,16
"S01008436",870,849,21
"S01008437",710,680,30
"S01008438",443,433,10
"S01008439",1064,1053,11
"S01008440",1053,1027,26
"S01008441",379,374,5
"S01008442",774,761,13
"S01008443",582,565,17
"S01008444",634,616,18
"S01008445",920,876,44
"S01008446",1128,1110,18
"S01008447",675,661,14
"S01008448",755,730,25
"S01008449",795,745,50
"S01008450",592,546,46
"S01008451",699,660,39
"S01008452",522,489,33
"S01008453",615,587,28
"S01008454",951,876,75
"S01008455",1000,934,66
"S01008456",973,893,80
"S01008457",616,550,66
"S01008458",994,942,52
"S01008459",627,573,54
"S01008460",805,737,68
"S01008461",914,850,64
"S01008462",564,488,76
"S01008463",670,614,56
"S01008464",850,816,34
"S01008465",742,723,19
"S01008466",744,718,26
"S01008467",785,748,37
"S01008468",678,588,90
"S01008469",577,555,22
"S01008470",728,658,70
"S01008471",944,886,58
"S01008472",628,582,46
"S01008473",700,647,53
"S01008474",779,696,83
"S01008475",787,751,36
"S01008476",699,626,73
"S01008477",914,831,83
"S01008478",699,631,68
"S01008479",758,705,53
"S01008480",434,400,34
"S01008481",1615,1489,126
"S01008482",614,578,36
"S01008483",598,537,61
"S01008484",754,711,43
"S01008485",1015,982,33
"S01008486",867,809,58
"S01008487",759,741,18
"S01008488",764,727,37
"S01008489",620,580,40
"S01008490",893,862,31
"S01008491",914,885,29
"S01008492",944,897,47
"S01008493",793,746,47
"S01008494",688,654,34
"S01008495",891,859,32
"S01008496",956,933,23
"S01008497",786,758,28
"S01008498",772,739,33
"S01008499",996,958,38
"S01008500",402,375,27
"S01008501",607,604,3
"S01008502",635,633,2
"S01008503",833,825,8
"S01008504",1112,1092,20
"S01008505",711,696,15
"S01008506",854,818,36
"S01008507",897,882,15
"S01008508",851,829,22
"S01008509",994,970,24
"S01008510",906,887,19
"S01008511",981,946,35
"S01008512",505,500,5
"S01008513",706,684,22
"S01008514",934,914,20
"S01008515",747,737,10
"S01008516",901,873,28
"S01008517",860,830,30
"S01008518",905,895,10
"S01008519",809,794,15
"S01008520",865,857,8
"S01008521",907,895,12
"S01008522",532,528,4
"S01008523",967,956,11
"S01008524",741,688,53
"S01008525",901,821,80
"S01008526",750,714,36
"S01008527",726,711,15
"S01008528",720,704,16
"S01008529",724,690,34
"S01008530",724,680,44
"S01008531",748,691,57
"S01008532",443,412,31
"S01008533",549,536,13
"S01008534",723,706,17
"S01008535",709,694,15
"S01008536",569,554,15
"S01008537",673,661,12
"S01008538",447,438,9
"S01008539",837,819,18
"S01008540",724,702,22
"S01008541",886,871,15
"S01008542",942,926,16
"S01008543",740,725,15
"S01008544",653,645,8
"S01008545",898,881,17
"S01008546",901,886,15
"S01008547",1010,985,25
"S01008548",990,961,29
"S01008549",914,871,43
"S01008550",798,771,27
"S01008551",984,947,37
"S01008552",759,743,16
"S01008553",528,496,32
"S01008554",1090,1012,78
"S01008555",1036,960,76
"S01008556",778,730,48
"S01008557",928,854,74
"S01008558",912,841,71
"S01008559",715,650,65
"S01008560",699,651,48
"S01008561",674,637,37
"S01008562",661,590,71
"S01008563",844,803,41
"S01008564",587,534,53
"S01008565",930,867,63
"S01008566",1066,986,80
"S01008567",744,685,59
"S01008568",793,755,38
"S01008569",640,583,57
"S01008570",961,892,69
"S01008571",679,633,46
"S01008572",888,808,80
"S01008573",892,845,47
"S01008574",757,745,12
"S01008575",802,788,14
"S01008576",823,807,16
"S01008577",903,862,41
"S01008578",806,761,45
"S01008579",1101,1047,54
"S01008580",542,518,24
"S01008581",894,822,72
"S01008582",1020,949,71
"S01008583",713,660,53
"S01008584",750,716,34
"S01008585",707,666,41
"S01008586",745,683,62
"S01008587",914,899,15
"S01008588",775,759,16
"S01008589",390,380,10
"S01008590",759,733,26
"S01008591",824,797,27
"S01008592",760,723,37
"S01008593",780,765,15
"S01008594",1038,1019,19
"S01008595",905,807,98
"S01008596",852,787,65
"S01008597",880,839,41
"S01008598",837,807,30
"S01008599",919,899,20
"S01008600",847,835,12
"S01008601",2533,2514,19
"S01008602",650,629,21
"S01008603",1121,1082,39
"S01008604",933,919,14
"S01008605",702,690,12
"S01008606",903,891,12
"S01008607",336,327,9
"S01008608",751,716,35
"S01008609",977,924,53
"S01008610",909,883,26
"S01008611",1421,1403,18
"S01008612",779,768,11
"S01008613",798,778,20
"S01008614",677,658,19
"S01008615",869,849,20
"S01008616",733,725,8
"S01008617",829,822,7
"S01008618",739,731,8
"S01008619",520,512,8
"S01008620",815,803,12
"S01008621",770,764,6
"S01008622",517,517,0
"S01008623",954,946,8
"S01008624",878,799,79
"S01008625",573,560,13
"S01008626",919,902,17
"S01008627",759,736,23
"S01008628",630,606,24
"S01008629",571,551,20
"S01008630",556,540,16
"S01008631",786,768,18
"S01008632",918,841,77
"S01008633",952,916,36
"S01008634",727,712,15
"S01008635",850,831,19
"S01008636",861,849,12
"S01008637",710,683,27
"S01008638",854,790,64
"S01008639",888,873,15
"S01008640",776,762,14
"S01008641",825,816,9
"S01008642",932,918,14
"S01008643",712,699,13
"S01008644",771,740,31
"S01008645",825,814,11
"S01008646",812,795,17
"S01008647",589,576,13
"S01008648",610,592,18
"S01008649",901,849,52
"S01008650",731,709,22
"S01008651",1095,1049,46
"S01008652",567,537,30
"S01008653",684,651,33
"S01008654",937,898,39
"S01008655",796,772,24
"S01008656",644,606,38
"S01008657",758,734,24
"S01008658",981,944,37
"S01008659",825,794,31
"S01008660",936,909,27
"S01008661",990,950,40
"S01008662",745,727,18
"S01008663",926,883,43
"S01008664",845,820,25
"S01008665",1106,1074,32
"S01008666",854,839,15
"S01008667",952,937,15
"S01008668",756,742,14
"S01008669",442,434,8
"S01008670",879,863,16
"S01008671",751,738,13
"S01008672",686,665,21
"S01008673",1096,1065,31
"S01008674",955,931,24
"S01008675",732,690,42
"S01008676",839,818,21
"S01008677",761,744,17
"S01008678",1200,1174,26
"S01008679",1164,1090,74
"S01008680",631,605,26
"S01008681",971,899,72
"S01008682",673,635,38
"S01008683",1511,1413,98
"S01008684",1104,1042,62
"S01008685",1025,953,72
"S01008686",885,805,80
"S01008687",648,628,20
"S01008688",950,897,53
"S01008689",860,826,34
"S01008690",990,967,23
"S01008691",1112,1068,44
"S01008692",685,646,39
"S01008693",487,463,24
"S01008694",1000,965,35
"S01008695",703,688,15
"S01008696",675,659,16
"S01008697",1059,1027,32
"S01008698",404,393,11
"S01008699",909,851,58
"S01008700",569,549,20
"S01008701",980,925,55
"S01008703",972,891,81
"S01008704",672,598,74
"S01008705",500,453,47
"S01008706",615,560,55
"S01008707",862,793,69
"S01008708",1031,912,119
"S01008709",763,696,67
"S01008710",456,425,31
"S01008711",706,649,57
"S01008712",1143,992,151
"S01008713",635,598,37
"S01008714",568,529,39
"S01008715",763,690,73
"S01008716",545,489,56
"S01008717",440,429,11
"S01008718",510,488,22
"S01008719",1003,953,50
"S01008720",508,477,31
"S01008721",809,790,19
"S01008722",1058,1003,55
"S01008723",677,660,17
"S01008724",968,940,28
"S01008725",752,728,24
"S01008726",477,467,10
"S01008727",1102,1050,52
"S01008728",552,521,31
"S01008729",845,806,39
"S01008730",801,777,24
"S01008731",430,378,52
"S01008732",505,478,27
"S01008733",682,652,30
"S01008734",666,644,22
"S01008735",996,966,30
"S01008736",738,707,31
"S01008737",987,954,33
"S01008738",596,556,40
"S01008739",559,532,27
"S01008740",553,538,15
"S01008741",1060,1028,32
"S01008742",377,353,24
"S01008743",1014,952,62
"S01008744",1058,1011,47
"S01008745",466,456,10
"S01008746",946,872,74
"S01008747",501,487,14
"S01008748",533,522,11
"S01008749",1228,1183,45
"S01008750",704,673,31
"S01008751",622,566,56
"S01008752",787,703,84
"S01008753",424,377,47
"S01008754",702,651,51
"S01008755",941,878,63
"S01008756",708,644,64
"S01008757",638,546,92
"S01008758",823,733,90
"S01008759",564,497,67
"S01008760",949,865,84
"S01008761",738,722,16
"S01008762",608,578,30
"S01008763",925,902,23
"S01008764",714,689,25
"S01008765",852,828,24
"S01008766",1057,1025,32
"S01008767",542,518,24
"S01008768",537,490,47
"S01008769",2300,2257,43
"S01008772",785,748,37
"S01008773",1025,955,70
"S01008774",901,849,52
"S01008775",392,384,8
"S01008776",863,767,96
"S01008777",1014,899,115
"S01008778",1086,1050,36
"S01008779",718,709,9
"S01008780",376,357,19
"S01008781",891,848,43
"S01008782",816,793,23
"S01008783",259,253,6
"S01008784",540,534,6
"S01008785",927,871,56
"S01008786",888,856,32
"S01008787",374,354,20
"S01008788",690,670,20
"S01008789",654,602,52
"S01008790",675,638,37
"S01008791",877,854,23
"S01008792",965,922,43
"S01008793",427,392,35
"S01008794",865,797,68
"S01008795",1057,1023,34
"S01008796",1182,1114,68
"S01008797",947,897,50
"S01008798",787,746,41
"S01008799",665,639,26
"S01008800",1170,1140,30
"S01008801",801,772,29
"S01008802",958,920,38
"S01008803",952,897,55
"S01008804",652,579,73
"S01008805",623,611,12
"S01008806",1019,998,21
"S01008807",792,753,39
"S01008808",663,632,31
"S01008809",720,704,16
"S01008810",733,728,5
"S01008811",844,828,16
"S01008812",471,463,8
"S01008813",970,911,59
"S01008814",842,819,23
"S01008815",908,872,36
"S01008816",523,497,26
"S01008817",764,722,42
"S01008818",893,878,15
"S01008819",756,727,29
"S01008820",1119,1056,63
"S01008821",797,781,16
"S01008822",734,726,8
"S01008823",675,656,19
"S01008824",961,935,26
"S01008825",539,524,15
"S01008826",744,702,42
"S01008827",732,714,18
"S01008828",884,853,31
"S01008829",715,692,23
"S01008830",692,675,17
"S01008831",774,761,13
"S01008832",755,727,28
"S01008833",989,958,31
"S01008834",1130,1105,25
"S01008835",695,665,30
"S01008836",526,476,50
"S01008837",1343,1302,41
"S01008838",830,806,24
"S01008839",1027,1001,26
"S01008840",1074,1055,19
"S01008841",1289,1268,21
"S01008842",161,157,4
"S01008843",991,966,25
"S01008844",695,677,18
"S01008845",853,840,13
"S01008846",821,805,16
"S01008847",585,578,7
"S01008848",772,754,18
"S01008849",727,716,11
"S01008850",731,721,10
"S01008851",918,882,36
"S01008852",1002,986,16
"S01008853",680,669,11
"S01008854",910,898,12
"S01008855",1226,1203,23
"S01008856",483,472,11
"S01008857",764,751,13
"S01008858",552,540,12
"S01008859",1217,1184,33
"S01008860",882,853,29
"S01008861",765,754,11
"S01008862",877,851,26
"S01008863",733,705,28
"S01008864",1088,1079,9
"S01008865",928,904,24
"S01008866",798,782,16
"S01008867",800,784,16
"S01008868",771,760,11
"S01008869",998,980,18
"S01008870",780,758,22
"S01008871",1232,1211,21
"S01008872",700,687,13
"S01008873",692,677,15
"S01008874",848,826,22
"S01008875",820,795,25
"S01008876",587,559,28
"S01008877",548,541,7
"S01008878",756,708,48
"S01008879",968,936,32
"S01008880",626,604,22
"S01008881",475,463,12
"S01008882",1075,1053,22
"S01008883",965,920,45
"S01008884",706,691,15
"S01008885",888,876,12
"S01008886",843,825,18
"S01008887",770,752,18
"S01008888",500,494,6
"S01008889",634,620,14
"S01008890",717,690,27
"S01008891",763,746,17
"S01008892",971,930,41
"S01008893",910,887,23
"S01008894",887,867,20
"S01008895",592,581,11
"S01008896",504,495,9
"S01008897",689,672,17
"S01008898",870,851,19
"S01008899",843,778,65
"S01008900",948,897,51
"S01008901",846,785,61
"S01008902",1019,956,63
"S01008903",962,905,57
"S01008904",1073,1006,67
"S01008905",1116,1047,69
"S01008906",885,822,63
"S01008907",811,770,41
"S01008908",929,871,58
"S01008909",797,775,22
"S01008910",1489,1461,28
"S01008911",168,140,28
"S01008912",792,764,28
"S01008913",421,410,11
"S01008914",868,812,56
"S01008915",569,551,18
"S01008916",1094,999,95
"S01008917",690,629,61
"S01008918",584,540,44
"S01008919",544,506,38
"S01008920",971,941,30
"S01008921",755,681,74
"S01008922",785,720,65
"S01008923",749,702,47
"S01008924",791,733,58
"S01008925",691,658,33
"S01008926",232,226,6
"S01008927",1174,1129,45
"S01008928",813,746,67
"S01008929",762,674,88
"S01008930",913,828,85
"S01008931",776,720,56
"S01008932",885,856,29
"S01008933",488,466,22
"S01008934",990,931,59
"S01008935",893,865,28
"S01008936",397,393,4
"S01008937",831,795,36
"S01008938",641,629,12
"S01008939",890,856,34
"S01008940",636,620,16
"S01008941",881,862,19
"S01008942",904,879,25
"S01008943",707,695,12
"S01008944",1013,994,19
"S01008945",782,762,20
"S01008946",912,889,23
"S01008947",1063,1042,21
"S01008948",704,685,19
"S01008949",924,868,56
"S01008950",935,885,50
"S01008951",822,761,61
"S01008952",803,747,56
"S01008953",903,823,80
"S01008954",880,799,81
"S01008955",637,622,15
"S01008956",878,859,19
"S01008957",1010,965,45
"S01008958",722,676,46
"S01008959",859,820,39
"S01008960",916,906,10
"S01008961",715,697,18
"S01008962",616,596,20
"S01008963",783,756,27
"S01008964",525,515,10
"S01008965",742,722,20
"S01008966",590,576,14
"S01008967",1045,1017,28
"S01008968",997,973,24
"S01008969",1088,1056,32
"S01008970",1014,989,25
"S01008971",526,522,4
"S01008972",793,784,9
"S01008973",1340,1241,99
"S01008974",803,769,34
"S01008975",849,787,62
"S01008976",404,399,5
"S01008977",605,590,15
"S01008978",580,569,11
"S01008979",743,733,10
"S01008980",834,810,24
"S01008981",708,692,16
"S01008982",789,764,25
"S01008983",650,636,14
"S01008984",518,494,24
"S01008985",593,578,15
"S01008986",888,867,21
"S01008987",822,801,21
"S01008988",1058,1024,34
"S01008989",653,643,10
"S01008990",737,725,12
"S01008991",935,913,22
"S01008992",562,539,23
"S01008993",1125,1100,25
"S01008994",773,745,28
"S01008995",662,649,13
"S01008996",704,667,37
"S01008997",984,943,41
"S01008998",628,598,30
"S01008999",854,802,52
"S01009000",911,889,22
"S01009001",888,878,10
"S01009002",827,804,23
"S01009003",961,940,21
"S01009004",680,666,14
"S01009005",730,712,18
"S01009006",766,725,41
"S01009007",701,664,37
"S01009008",916,886,30
"S01009009",476,445,31
"S01009010",1021,1004,17
"S01009011",870,860,10
"S01009012",752,739,13
"S01009013",893,869,24
"S01009014",531,512,19
"S01009015",477,460,17
"S01009016",530,513,17
"S01009017",393,371,22
"S01009018",871,843,28
"S01009019",519,498,21
"S01009020",811,781,30
"S01009021",731,709,22
"S01009022",832,805,27
"S01009023",838,806,32
"S01009024",980,930,50
"S01009025",918,883,35
"S01009026",892,838,54
"S01009027",884,832,52
"S01009028",385,366,19
"S01009029",621,584,37
"S01009030",733,702,31
"S01009031",761,728,33
"S01009032",660,633,27
"S01009033",795,755,40
"S01009034",709,675,34
"S01009035",930,882,48
"S01009036",1074,1028,46
"S01009037",893,867,26
"S01009038",1090,1039,51
"S01009039",661,625,36
"S01009040",653,615,38
"S01009041",792,736,56
"S01009042",816,776,40
"S01009043",589,540,49
"S01009044",869,808,61
"S01009045",803,751,52
"S01009046",872,835,37
"S01009047",805,770,35
"S01009048",837,799,38
"S01009049",616,586,30
"S01009050",1186,1145,41
"S01009051",619,588,31
"S01009052",540,503,37
"S01009053",532,480,52
"S01009054",583,548,35
"S01009055",807,773,34
"S01009056",554,499,55
"S01009057",555,515,40
"S01009058",885,814,71
"S01009059",802,780,22
"S01009060",838,803,35
"S01009061",810,776,34
"S01009062",647,606,41
"S01009063",733,708,25
"S01009064",583,552,31
"S01009065",686,640,46
"S01009066",693,647,46
"S01009067",1035,1010,25
"S01009068",895,847,48
"S01009069",631,621,10
"S01009070",522,502,20
"S01009071",1632,1581,51
"S01009072",289,273,16
"S01009073",651,581,70
"S01009074",721,670,51
"S01009075",536,481,55
"S01009076",918,883,35
"S01009077",454,429,25
"S01009079",1145,1049,96
"S01009080",934,871,63
"S01009081",654,617,37
"S01009082",833,763,70
"S01009083",675,623,52
"S01009084",2202,2140,62
"S01009086",402,367,35
"S01009087",571,547,24
"S01009088",830,792,38
"S01009089",93,92,1
"S01009090",583,575,8
"S01009091",1954,1924,30
"S01009092",995,939,56
"S01009093",775,734,41
"S01009094",682,663,19
"S01009095",787,742,45
"S01009096",1129,1072,57
"S01009097",788,767,21
"S01009098",527,511,16
"S01009099",807,768,39
"S01009100",781,712,69
"S01009101",935,859,76
"S01009102",819,771,48
"S01009103",678,648,30
"S01009104",775,725,50
"S01009105",796,747,49
"S01009106",551,517,34
"S01009107",506,477,29
"S01009108",608,595,13
"S01009109",670,648,22
"S01009110",607,577,30
"S01009111",848,809,39
"S01009112",439,428,11
"S01009113",927,897,30
"S01009114",786,762,24
"S01009115",580,557,23
"S01009116",464,453,11
"S01009117",857,818,39
"S01009118",632,619,13
"S01009119",752,705,47
"S01009120",530,484,46
"S01009121",811,752,59
"S01009122",1421,1366,55
"S01009123",437,424,13
"S01009124",226,204,22
"S01009125",713,656,57
"S01009126",592,549,43
"S01009127",626,587,39
"S01009128",806,722,84
"S01009129",486,446,40
"S01009130",661,628,33
"S01009131",482,454,28
"S01009132",822,800,22
"S01009133",627,565,62
"S01009134",860,820,40
"S01009135",565,555,10
"S01009136",223,215,8
"S01009137",947,914,33
"S01009138",861,840,21
"S01009139",406,373,33
"S01009140",751,690,61
"S01009141",824,732,92
"S01009142",549,500,49
"S01009143",600,525,75
"S01009144",896,872,24
"S01009145",917,841,76
"S01009146",911,848,63
"S01009147",832,756,76
"S01009148",694,662,32
"S01009149",713,673,40
"S01009150",747,607,140
"S01009151",890,821,69
"S01009152",667,609,58
"S01009153",472,447,25
"S01009154",972,931,41
"S01009155",567,537,30
"S01009156",548,536,12
"S01009157",838,798,40
"S01009158",558,530,28
"S01009159",511,461,50
"S01009160",674,614,60
"S01009161",455,416,39
"S01009162",709,655,54
"S01009163",495,464,31
"S01009164",750,705,45
"S01009165",720,668,52
"S01009166",839,756,83
"S01009167",548,514,34
"S01009168",634,616,18
"S01009169",761,668,93
"S01009170",677,640,37
"S01009171",664,636,28
"S01009172",656,642,14
"S01009173",498,488,10
"S01009174",356,354,2
"S01009175",785,773,12
"S01009176",1456,1430,26
"S01009177",817,760,57
"S01009178",743,706,37
"S01009179",683,651,32
"S01009180",984,916,68
"S01009181",1721,1650,71
"S01009182",1002,959,43
"S01009183",334,329,5
"S01009184",1030,953,77
"S01009185",733,684,49
"S01009186",725,695,30
"S01009187",1373,1318,55
"S01009188",892,840,52
"S01009189",776,710,66
"S01009190",311,294,17
"S01009191",746,739,7
"S01009192",1221,1185,36
"S01009193",113,100,13
"S01009194",788,766,22
"S01009195",398,393,5
"S01009196",693,663,30
"S01009197",1027,999,28
"S01009198",730,699,31
"S01009199",449,429,20
"S01009200",1258,1224,34
"S01009201",520,494,26
"S01009202",525,520,5
"S01009203",633,556,77
"S01009204",793,754,39
"S01009205",702,680,22
"S01009206",934,912,22
"S01009207",1126,1090,36
"S01009208",631,601,30
"S01009209",529,502,27
"S01009210",955,910,45
"S01009211",543,523,20
"S01009212",829,759,70
"S01009213",781,739,42
"S01009214",1010,961,49
"S01009215",858,801,57
"S01009216",886,831,55
"S01009217",623,569,54
"S01009218",810,766,44
"S01009219",630,589,41
"S01009220",348,326,22
"S01009221",574,543,31
"S01009222",538,499,39
"S01009223",556,515,41
"S01009224",627,571,56
"S01009225",536,493,43
"S01009226",909,794,115
"S01009227",589,541,48
"S01009228",602,554,48
"S01009229",583,546,37
"S01009230",566,540,26
"S01009231",886,841,45
"S01009232",581,542,39
"S01009233",490,452,38
"S01009234",1021,955,66
"S01009235",819,768,51
"S01009236",483,459,24
"S01009237",947,905,42
"S01009238",742,701,41
"S01009239",867,815,52
"S01009240",672,625,47
"S01009241",895,823,72
"S01009242",725,707,18
"S01009243",1003,936,67
"S01009244",814,783,31
"S01009245",830,798,32
"S01009246",813,758,55
"S01009247",919,868,51
"S01009248",688,656,32
"S01009249",901,839,62
"S01009250",638,595,43
"S01009251",553,525,28
"S01009252",478,476,2
"S01009253",476,424,52
"S01009254",822,741,81
"S01009255",564,535,29
"S01009256",478,443,35
"S01009257",753,705,48
"S01009258",1380,1339,41
"S01009259",942,911,31
"S01009260",798,752,46
"S01009261",738,680,58
"S01009262",604,554,50
"S01009263",351,348,3
"S01009264",666,639,27
"S01009265",791,761,30
"S01009266",942,886,56
"S01009267",602,577,25
"S01009268",1002,944,58
"S01009269",892,840,52
"S01009270",595,543,52
"S01009271",885,853,32
"S01009272",704,661,43
"S01009273",466,452,14
"S01009274",631,595,36
"S01009275",665,609,56
"S01009276",766,729,37
"S01009277",951,919,32
"S01009278",215,207,8
"S01009279",1089,1029,60
"S01009280",898,792,106
"S01009281",665,585,80
"S01009282",471,445,26
"S01009283",710,690,20
"S01009284",822,794,28
"S01009285",906,891,15
"S01009286",737,706,31
"S01009287",754,740,14
"S01009288",1060,1025,35
"S01009289",871,837,34
"S01009290",646,625,21
"S01009291",979,953,26
"S01009292",210,198,12
"S01009293",531,493,38
"S01009294",698,685,13
"S01009295",611,596,15
"S01009296",506,493,13
"S01009297",826,809,17
"S01009298",971,882,89
"S01009299",986,940,46
"S01009300",510,489,21
"S01009301",967,888,79
"S01009302",845,776,69
"S01009303",787,742,45
"S01009304",910,877,33
"S01009305",736,689,47
"S01009306",1094,1042,52
"S01009307",1018,978,40
"S01009308",513,494,19
"S01009309",734,709,25
"S01009310",932,872,60
"S01009311",753,696,57
"S01009312",650,624,26
"S01009313",445,406,39
"S01009314",816,776,40
"S01009315",646,598,48
"S01009316",756,747,9
"S01009317",847,830,17
"S01009318",619,602,17
"S01009319",903,871,32
"S01009320",713,649,64
"S01009321",476,462,14
"S01009322",691,653,38
"S01009323",1099,1052,47
"S01009324",528,493,35
"S01009325",700,629,71
"S01009326",640,617,23
"S01009327",579,555,24
"S01009331",1256,1246,10
"S01009332",922,884,38
"S01009333",669,629,40
"S01009334",636,591,45
"S01009335",772,727,45
"S01009336",658,614,44
"S01009337",743,675,68
"S01009338",725,651,74
"S01009339",853,799,54
"S01009340",596,554,42
"S01009341",583,543,40
"S01009342",742,694,48
"S01009343",574,546,28
"S01009344",732,670,62
"S01009345",840,812,28
"S01009346",6248,6174,74
"S01009353",447,443,4
"S01009355",866,841,25
"S01009356",963,942,21
"S01009357",678,670,8
"S01009358",337,328,9
"S01009359",1243,1233,10
"S01009360",835,802,33
"S01009361",768,734,34
"S01009362",1015,996,19
"S01009363",833,790,43
"S01009364",860,825,35
"S01009365",425,404,21
"S01009366",760,700,60
"S01009367",489,459,30
"S01009368",581,552,29
"S01009369",598,568,30
"S01009370",838,788,50
"S01009371",665,632,33
"S01009372",521,504,17
"S01009373",708,646,62
"S01009374",853,783,70
"S01009375",797,751,46
"S01009376",577,539,38
"S01009377",1284,1257,27
"S01009378",994,954,40
"S01009379",981,958,23
"S01009380",585,565,20
"S01009381",507,492,15
"S01009382",691,638,53
"S01009383",1018,953,65
"S01009384",392,377,15
"S01009385",393,374,19
"S01009386",670,632,38
"S01009387",542,503,39
"S01009388",1075,1019,56
"S01009389",824,770,54
"S01009390",777,770,7
"S01009391",695,687,8
"S01009392",581,570,11
"S01009393",686,668,18
"S01009394",943,900,43
"S01009395",677,652,25
"S01009396",736,715,21
"S01009397",703,684,19
"S01009398",688,666,22
"S01009399",705,685,20
"S01009400",519,502,17
"S01009401",681,660,21
"S01009402",944,905,39
"S01009403",539,526,13
"S01009404",546,506,40
"S01009405",618,587,31
"S01009406",702,664,38
"S01009407",417,400,17
"S01009408",833,815,18
"S01009409",665,617,48
"S01009410",877,821,56
"S01009411",812,755,57
"S01009412",848,775,73
"S01009413",988,937,51
"S01009414",682,632,50
"S01009415",677,621,56
"S01009416",370,360,10
"S01009417",1991,1923,68
"S01009418",908,822,86
"S01009419",574,536,38
"S01009420",632,578,54
"S01009421",634,595,39
"S01009422",717,670,47
"S01009424",591,548,43
"S01009425",545,493,52
"S01009426",776,703,73
"S01009427",608,557,51
"S01009428",582,539,43
"S01009429",649,577,72
"S01009430",737,680,57
"S01009431",520,465,55
"S01009432",817,725,92
"S01009433",826,769,57
"S01009434",543,499,44
"S01009435",774,710,64
"S01009436",701,657,44
"S01009437",591,535,56
"S01009438",619,573,46
"S01009439",923,841,82
"S01009440",672,601,71
"S01009441",836,780,56
"S01009442",1361,1285,76
"S01009443",2996,2862,134
"S01009444",846,817,29
"S01009445",778,715,63
"S01009446",753,666,87
"S01009447",486,440,46
"S01009448",569,527,42
"S01009449",528,480,48
"S01009450",601,552,49
"S01009451",770,722,48
"S01009452",503,449,54
"S01009453",1023,917,106
"S01009454",642,623,19
"S01009455",848,809,39
"S01009456",1172,1079,93
"S01009457",897,846,51
"S01009458",687,651,36
"S01009459",750,703,47
"S01009460",971,915,56
"S01009462",1285,1237,48
"S01009463",667,638,29
"S01009464",842,807,35
"S01009465",609,592,17
"S01009466",572,557,15
"S01009467",793,769,24
"S01009468",748,690,58
"S01009469",812,782,30
"S01009470",473,456,17
"S01009471",585,497,88
"S01009472",939,884,55
"S01009473",1058,1004,54
"S01009474",818,789,29
"S01009476",1070,1049,21
"S01009477",744,704,40
"S01009478",832,795,37
"S01009479",938,888,50
"S01009480",730,699,31
"S01009481",922,890,32
"S01009482",642,623,19
"S01009483",724,704,20
"S01009484",776,718,58
"S01009485",786,735,51
"S01009486",650,624,26
"S01009487",789,750,39
"S01009488",705,681,24
"S01009489",816,740,76
"S01009490",767,703,64
"S01009491",698,622,76
"S01009492",826,771,55
"S01009493",847,823,24
"S01009494",947,927,20
"S01009495",871,859,12
"S01009496",785,743,42
"S01009497",881,841,40
"S01009498",643,622,21
"S01009499",796,755,41
"S01009500",778,726,52
"S01009501",677,630,47
"S01009502",823,765,58
"S01009503",729,696,33
"S01009504",695,657,38
"S01009505",817,761,56
"S01009506",735,668,67
"S01009507",800,769,31
"S01009508",876,817,59
"S01009509",1015,962,53
"S01009510",700,683,17
"S01009511",597,582,15
"S01009512",771,753,18
"S01009513",575,552,23
"S01009514",706,691,15
"S01009515",738,681,57
"S01009516",977,895,82
"S01009519",576,554,22
"S01009520",837,801,36
"S01009521",756,694,62
"S01009522",1042,979,63
"S01009523",584,524,60
"S01009524",592,546,46
"S01009525",615,572,43
"S01009526",650,625,25
"S01009527",639,600,39
"S01009528",520,469,51
"S01009529",578,534,44
"S01009530",576,552,24
"S01009531",806,722,84
"S01009532",779,681,98
"S01009533",783,711,72
"S01009534",856,780,76
"S01009535",630,577,53
"S01009536",559,528,31
"S01009537",539,505,34
"S01009538",785,727,58
"S01009539",866,803,63
"S01009540",815,754,61
"S01009541",1718,1642,76
"S01009542",625,582,43
"S01009543",523,478,45
"S01009544",761,700,61
"S01009545",1212,1147,65
"S01009546",562,523,39
"S01009547",876,822,54
"S01009548",616,572,44
"S01009549",726,698,28
"S01009550",515,492,23
"S01009551",533,507,26
"S01009552",897,835,62
"S01009553",852,782,70
"S01009554",768,723,45
"S01009555",619,596,23
"S01009556",767,718,49
"S01009557",675,636,39
"S01009558",673,638,35
"S01009559",857,804,53
"S01009560",748,688,60
"S01009561",536,504,32
"S01009562",743,708,35
"S01009563",793,751,42
"S01009564",681,643,38
"S01009565",588,554,34
"S01009566",1070,1028,42
"S01009567",882,845,37
"S01009568",736,679,57
"S01009569",812,762,50
"S01009570",563,529,34
"S01009571",686,645,41
"S01009572",1030,953,77
"S01009573",743,669,74
"S01009574",1409,1320,89
"S01009575",523,496,27
"S01009576",955,930,25
"S01009577",697,671,26
"S01009578",771,730,41
"S01009579",577,515,62
"S01009580",531,520,11
"S01009581",553,506,47
"S01009582",533,511,22
"S01009583",812,767,45
"S01009584",537,516,21
"S01009585",969,915,54
"S01009586",681,617,64
"S01009587",715,656,59
"S01009588",1062,971,91
"S01009589",954,912,42
"S01009590",360,346,14
"S01009591",643,616,27
"S01009592",922,899,23
"S01009593",592,578,14
"S01009594",675,646,29
"S01009595",206,200,6
"S01009596",783,730,53
"S01009597",875,820,55
"S01009598",664,611,53
"S01009599",892,828,64
"S01009600",634,576,58
"S01009601",601,561,40
"S01009602",770,743,27
"S01009603",560,539,21
"S01009604",622,566,56
"S01009605",765,696,69
"S01009606",823,806,17
"S01009607",528,516,12
"S01009608",606,569,37
"S01009609",707,685,22
"S01009610",982,915,67
"S01009611",535,516,19
"S01009612",467,441,26
"S01009613",462,448,14
"S01009614",779,745,34
"S01009615",398,379,19
"S01009616",626,586,40
"S01009617",585,547,38
"S01009618",682,625,57
"S01009619",623,545,78
"S01009620",797,723,74
"S01009621",777,717,60
"S01009622",663,607,56
"S01009623",495,454,41
"S01009624",792,726,66
"S01009625",868,806,62
"S01009626",601,539,62
"S01009627",825,760,65
"S01009628",518,432,86
"S01009629",1082,1016,66
"S01009630",811,744,67
"S01009631",677,608,69
"S01009632",558,509,49
"S01009633",756,695,61
"S01009634",532,477,55
"S01009635",842,766,76
"S01009636",904,835,69
"S01009637",736,681,55
"S01009638",914,844,70
"S01009639",666,632,34
"S01009640",586,515,71
"S01009641",770,691,79
"S01009642",912,862,50
"S01009643",102,97,5
"S01009644",1266,1203,63
"S01009645",649,602,47
"S01009646",596,551,45
"S01009647",595,553,42
"S01009648",788,735,53
"S01009649",1037,963,74
"S01009650",546,529,17
"S01009651",1471,1388,83
"S01009652",610,574,36
"S01009653",530,511,19
"S01009654",583,552,31
"S01009655",846,781,65
"S01009656",728,631,97
"S01009657",763,732,31
"S01009658",738,682,56
"S01009659",480,449,31
"S01009660",912,845,67
"S01009661",1089,1055,34
"S01009662",868,829,39
"S01009663",481,456,25
"S01009664",895,873,22
"S01009665",662,632,30
"S01009666",758,711,47
"S01009667",523,506,17
"S01009668",589,576,13
"S01009669",590,558,32
"S01009670",892,863,29
"S01009671",511,499,12
"S01009672",725,678,47
"S01009673",611,584,27
"S01009674",1066,1018,48
"S01009675",972,936,36
"S01009676",833,806,27
"S01009677",592,570,22
"S01009678",591,567,24
"S01009679",1031,972,59
"S01009680",685,665,20
"S01009681",681,627,54
"S01009682",624,609,15
"S01009683",797,755,42
"S01009684",1153,1125,28
"S01009685",644,606,38
"S01009686",1123,1073,50
"S01009687",723,700,23
"S01009688",904,850,54
"S01009689",605,578,27
"S01009690",708,677,31
"S01009691",685,668,17
"S01009692",1062,1020,42
"S01009693",438,420,18
"S01009694",1122,1075,47
"S01009695",623,606,17
"S01009696",953,920,33
"S01009697",702,675,27
"S01009698",572,548,24
"S01009699",425,397,28
"S01009700",649,616,33
"S01009701",398,371,27
"S01009702",631,605,26
"S01009703",454,418,36
"S01009704",917,879,38
"S01009705",732,689,43
"S01009706",625,595,30
"S01009707",477,455,22
"S01009708",609,560,49
"S01009709",911,862,49
"S01009710",567,545,22
"S01009711",789,734,55
"S01009712",593,551,42
"S01009713",890,845,45
"S01009714",922,893,29
"S01009715",741,717,24
"S01009716",726,702,24
"S01009717",906,880,26
"S01009718",731,703,28
"S01009719",745,709,36
"S01009720",694,640,54
"S01009721",580,574,6
"S01009722",1134,1112,22
"S01009723",772,755,17
"S01009724",980,936,44
"S01009725",783,767,16
"S01009726",1042,1026,16
"S01009727",1247,1183,64
"S01009728",624,604,20
"S01009729",706,685,21
"S01009730",294,286,8
"S01009731",499,484,15
"S01009732",640,624,16
"S01009733",387,372,15
"S01009734",1510,1481,29
"S01009735",869,846,23
"S01009736",2672,2649,23
"S01009737",569,554,15
"S01009738",330,321,9
"S01009739",764,748,16
"S01009740",541,517,24
"S01009741",1159,1143,16
"S01009742",570,557,13
"S01009743",1007,983,24
"S01009744",698,677,21
"S01009745",1168,1138,30
"S01009746",739,717,22
"S01009747",656,624,32
"S01009748",628,594,34
"S01009749",954,912,42
"S01009750",679,646,33
"S01009751",823,783,40
"S01009752",350,341,9
"S01009753",715,689,26
"S01009754",852,818,34
"S01009755",673,648,25
"S01009756",740,714,26
"S01009757",561,548,13
"S01009758",598,566,32
"S01009759",934,873,61
"S01009760",893,805,88
"S01009761",910,864,46
"S01009762",926,829,97
"S01009763",432,421,11
"S01009764",674,621,53
"S01009765",1019,940,79
"S01009766",403,394,9
"S01009767",2089,1983,106
"S01009768",310,279,31
"S01009769",1247,1170,77
"S01009770",711,676,35
"S01009771",888,844,44
"S01009772",635,622,13
"S01009775",802,680,122
"S01009776",614,558,56
"S01009777",482,433,49
"S01009778",822,694,128
"S01009779",581,521,60
"S01009780",399,347,52
"S01009781",548,486,62
"S01009782",605,558,47
"S01009783",901,826,75
"S01009784",756,674,82
"S01009785",801,699,102
"S01009786",963,873,90
"S01009787",867,753,114
"S01009788",833,742,91
"S01009789",896,803,93
"S01009790",629,562,67
"S01009791",664,593,71
"S01009792",334,319,15
"S01009793",2352,2218,134
"S01009794",483,469,14
"S01009795",875,856,19
"S01009796",436,403,33
"S01009797",776,747,29
"S01009798",722,708,14
"S01009799",843,745,98
"S01009800",1107,1006,101
"S01009801",1005,884,121
"S01009802",1022,963,59
"S01009803",532,473,59
"S01009805",1231,1122,109
"S01009806",1023,921,102
"S01009807",1102,1013,89
"S01009808",918,862,56
"S01009809",591,548,43
"S01009810",855,765,90
"S01009811",1063,915,148
"S01009812",744,658,86
"S01009813",769,706,63
"S01009814",840,782,58
"S01009815",710,666,44
"S01009816",705,671,34
"S01009817",690,632,58
"S01009818",926,881,45
"S01009819",664,602,62
"S01009820",958,872,86
"S01009821",662,639,23
"S01009822",479,451,28
"S01009823",620,544,76
"S01009824",1001,930,71
"S01009825",1006,906,100
"S01009826",582,526,56
"S01009827",854,759,95
"S01009828",767,646,121
"S01009829",1029,949,80
"S01009830",770,723,47
"S01009831",717,690,27
"S01009832",1003,921,82
"S01009833",335,316,19
"S01009834",841,773,68
"S01009835",526,457,69
"S01009836",961,864,97
"S01009837",689,596,93
"S01009838",757,673,84
"S01009839",974,902,72
"S01009840",965,837,128
"S01009841",814,726,88
"S01009842",671,608,63
"S01009843",640,546,94
"S01009844",573,495,78
"S01009845",671,606,65
"S01009846",862,761,101
"S01009847",668,629,39
"S01009848",866,755,111
"S01009849",734,628,106
"S01009850",784,696,88
"S01009851",919,802,117
"S01009852",427,379,48
"S01009853",876,789,87
"S01009854",790,707,83
"S01009855",572,514,58
"S01009856",635,571,64
"S01009857",966,884,82
"S01009858",746,662,84
"S01009859",1038,878,160
"S01009860",920,761,159
"S01009861",1103,985,118
"S01009862",1459,1291,168
"S01009863",796,732,64
"S01009864",594,553,41
"S01009865",449,405,44
"S01009866",882,804,78
"S01009867",785,721,64
"S01009868",711,659,52
"S01009869",530,513,17
"S01009870",484,462,22
"S01009871",932,821,111
"S01009872",724,691,33
"S01009873",913,834,79
"S01009874",1048,964,84
"S01009875",608,568,40
"S01009876",781,708,73
"S01009877",896,853,43
"S01009878",705,660,45
"S01009879",910,875,35
"S01009880",797,755,42
"S01009881",868,807,61
"S01009882",848,810,38
"S01009883",824,785,39
"S01009884",815,774,41
"S01009885",899,821,78
"S01009886",813,776,37
"S01009887",976,899,77
"S01009888",719,680,39
"S01009889",814,748,66
"S01009890",553,478,75
"S01009891",734,660,74
"S01009892",796,683,113
"S01009893",837,788,49
"S01009894",700,612,88
"S01009895",847,723,124
"S01009896",968,841,127
"S01009897",940,861,79
"S01009898",626,537,89
"S01009899",776,732,44
"S01009900",829,805,24
"S01009901",864,837,27
"S01009902",914,820,94
"S01009903",823,788,35
"S01009904",784,753,31
"S01009905",585,565,20
"S01009906",667,643,24
"S01009907",779,722,57
"S01009908",1027,994,33
"S01009909",899,853,46
"S01009910",696,677,19
"S01009911",1014,969,45
"S01009912",962,920,42
"S01009913",719,692,27
"S01009914",984,954,30
"S01009915",861,830,31
"S01009916",985,936,49
"S01009917",709,685,24
"S01009918",709,682,27
"S01009919",1099,1040,59
"S01009920",831,801,30
"S01009921",627,613,14
"S01009922",1016,987,29
"S01009923",855,799,56
"S01009924",957,898,59
"S01009925",658,631,27
"S01009926",773,738,35
"S01009927",400,371,29
"S01009928",967,918,49
"S01009929",499,478,21
"S01009930",850,824,26
"S01009931",751,733,18
"S01009932",619,586,33
"S01009933",768,678,90
"S01009934",896,866,30
"S01009935",544,441,103
"S01009936",641,557,84
"S01009937",531,475,56
"S01009938",938,793,145
"S01009939",901,797,104
"S01009940",735,621,114
"S01009941",1033,1001,32
"S01009942",1022,907,115
"S01009943",835,709,126
"S01009944",799,720,79
"S01009945",963,870,93
"S01009946",815,746,69
"S01009947",567,517,50
"S01009948",680,605,75
"S01009949",990,929,61
"S01009950",891,866,25
"S01009951",605,592,13
"S01009952",733,705,28
"S01009953",1021,973,48
"S01009954",636,617,19
"S01009955",1010,954,56
"S01009956",750,697,53
"S01009957",760,745,15
"S01009958",915,889,26
"S01009959",771,740,31
"S01009960",902,873,29
"S01009961",560,508,52
"S01009962",991,929,62
"S01009963",932,902,30
"S01009964",795,766,29
"S01009965",718,686,32
"S01009966",776,745,31
"S01009967",801,768,33
"S01009968",608,575,33
"S01009969",857,824,33
"S01009970",946,851,95
"S01009971",1093,964,129
"S01009972",966,887,79
"S01009973",725,680,45
"S01009974",615,536,79
"S01009975",800,662,138
"S01009976",490,430,60
"S01009977",926,745,181
"S01009978",1019,887,132
"S01009979",584,505,79
"S01009980",645,565,80
"S01009981",694,606,88
"S01009982",1030,934,96
"S01009983",579,513,66
"S01009984",756,699,57
"S01009985",615,560,55
"S01009986",552,455,97
"S01009987",762,660,102
"S01009988",497,424,73
"S01009989",808,748,60
"S01009990",673,642,31
"S01009991",800,771,29
"S01009992",695,597,98
"S01009993",826,786,40
"S01009994",725,692,33
"S01009995",653,632,21
"S01009996",744,691,53
"S01009997",575,551,24
"S01009998",702,667,35
"S01009999",854,809,45
"S01010000",616,595,21
"S01010001",677,647,30
"S01010002",779,740,39
"S01010003",712,687,25
"S01010004",730,699,31
"S01010005",748,698,50
"S01010006",874,807,67
"S01010007",959,921,38
"S01010008",618,587,31
"S01010009",556,517,39
"S01010010",975,934,41
"S01010011",730,652,78
"S01010012",843,808,35
"S01010013",858,816,42
"S01010014",926,875,51
"S01010015",815,785,30
"S01010016",724,641,83
"S01010017",748,667,81
"S01010018",945,825,120
"S01010019",725,633,92
"S01010020",742,655,87
"S01010021",806,707,99
"S01010022",1040,910,130
"S01010023",623,516,107
"S01010024",591,524,67
"S01010025",548,467,81
"S01010026",1019,898,121
"S01010027",829,773,56
"S01010028",639,541,98
"S01010029",601,508,93
"S01010030",890,828,62
"S01010031",897,872,25
"S01010032",1353,1313,40
"S01010033",923,839,84
"S01010034",999,856,143
"S01010035",687,589,98
"S01010036",142,139,3
"S01010037",714,579,135
"S01010038",847,718,129
"S01010039",1179,1134,45
"S01010040",907,833,74
"S01010041",650,576,74
"S01010042",1000,942,58
"S01010043",652,576,76
"S01010044",1255,1101,154
"S01010045",550,443,107
"S01010046",747,629,118
"S01010047",828,656,172
"S01010048",954,796,158
"S01010049",910,787,123
"S01010050",776,644,132
"S01010051",703,585,118
"S01010052",762,654,108
"S01010053",859,754,105
"S01010054",573,489,84
"S01010055",1126,973,153
"S01010056",674,604,70
"S01010057",184,160,24
"S01010058",691,628,63
"S01010059",619,563,56
"S01010060",908,793,115
"S01010061",510,479,31
"S01010062",750,663,87
"S01010063",1132,984,148
"S01010064",552,502,50
"S01010065",839,715,124
"S01010066",753,626,127
"S01010067",608,524,84
"S01010068",731,636,95
"S01010069",749,710,39
"S01010070",665,629,36
"S01010071",922,815,107
"S01010072",796,710,86
"S01010073",780,709,71
"S01010074",777,720,57
"S01010075",624,525,99
"S01010076",686,611,75
"S01010077",498,421,77
"S01010078",509,476,33
"S01010079",923,866,57
"S01010080",651,627,24
"S01010081",701,665,36
"S01010082",860,810,50
"S01010083",804,701,103
"S01010084",790,688,102
"S01010085",632,600,32
"S01010086",915,788,127
"S01010087",701,665,36
"S01010088",1734,1703,31
"S01010089",683,592,91
"S01010090",1087,1025,62
"S01010091",467,433,34
"S01010092",983,851,132
"S01010093",869,798,71
"S01010094",687,642,45
"S01010095",696,667,29
"S01010096",752,715,37
"S01010097",735,696,39
"S01010098",727,688,39
"S01010099",699,673,26
"S01010100",886,811,75
"S01010101",744,701,43
"S01010102",939,915,24
"S01010103",974,937,37
"S01010104",367,356,11
"S01010105",611,521,90
"S01010106",442,371,71
"S01010107",714,625,89
"S01010108",645,549,96
"S01010109",1894,1821,73
"S01010110",894,736,158
"S01010111",811,692,119
"S01010112",1028,908,120
"S01010113",551,488,63
"S01010114",777,665,112
"S01010115",575,553,22
"S01010116",445,418,27
"S01010117",465,406,59
"S01010118",678,595,83
"S01010119",543,497,46
"S01010120",1045,919,126
"S01010121",585,509,76
"S01010122",464,356,108
"S01010123",733,658,75
"S01010124",541,504,37
"S01010125",474,437,37
"S01010126",730,663,67
"S01010127",694,576,118
"S01010128",492,437,55
"S01010129",719,624,95
"S01010130",611,532,79
"S01010131",974,907,67
"S01010132",1077,906,171
"S01010133",713,593,120
"S01010134",995,861,134
"S01010135",768,647,121
"S01010136",809,734,75
"S01010137",967,819,148
"S01010138",941,731,210
"S01010139",1024,881,143
"S01010140",753,706,47
"S01010141",807,678,129
"S01010142",572,515,57
"S01010143",739,621,118
"S01010144",643,580,63
"S01010145",778,701,77
"S01010146",765,681,84
"S01010147",953,806,147
"S01010148",784,678,106
"S01010149",599,544,55
"S01010150",504,422,82
"S01010151",625,515,110
"S01010152",851,759,92
"S01010153",941,803,138
"S01010154",788,653,135
"S01010155",839,725,114
"S01010156",458,390,68
"S01010157",569,460,109
"S01010158",913,787,126
"S01010159",735,622,113
"S01010160",605,528,77
"S01010161",636,573,63
"S01010162",670,575,95
"S01010163",704,587,117
"S01010164",799,706,93
"S01010165",803,707,96
"S01010166",714,614,100
"S01010167",792,658,134
"S01010168",252,227,25
"S01010169",890,810,80
"S01010170",533,461,72
"S01010171",1613,1456,157
"S01010172",696,577,119
"S01010173",764,682,82
"S01010174",1407,1276,131
"S01010175",480,425,55
"S01010176",705,620,85
"S01010177",776,700,76
"S01010178",1033,932,101
"S01010179",610,521,89
"S01010180",787,718,69
"S01010181",631,536,95
"S01010182",667,623,44
"S01010183",463,395,68
"S01010184",630,560,70
"S01010185",530,457,73
"S01010186",647,615,32
"S01010187",635,600,35
"S01010188",1458,1406,52
"S01010189",976,950,26
"S01010191",736,717,19
"S01010192",869,846,23
"S01010193",907,848,59
"S01010194",628,562,66
"S01010195",531,475,56
"S01010196",739,640,99
"S01010197",660,580,80
"S01010198",1027,905,122
"S01010199",521,467,54
"S01010200",690,599,91
"S01010201",643,586,57
"S01010202",783,700,83
"S01010203",547,521,26
"S01010204",800,687,113
"S01010205",658,575,83
"S01010206",497,454,43
"S01010207",778,687,91
"S01010208",903,816,87
"S01010209",966,826,140
"S01010210",885,788,97
"S01010211",790,674,116
"S01010212",1151,971,180
"S01010213",924,796,128
"S01010214",967,901,66
"S01010215",850,746,104
"S01010216",621,537,84
"S01010217",817,750,67
"S01010218",1018,908,110
"S01010219",503,454,49
"S01010220",574,546,28
"S01010221",448,386,62
"S01010222",492,457,35
"S01010223",556,482,74
"S01010224",1168,1013,155
"S01010225",936,845,91
"S01010226",816,744,72
"S01010227",692,637,55
"S01010228",695,571,124
"S01010229",1016,884,132
"S01010230",1005,875,130
"S01010231",1013,916,97
"S01010232",1016,907,109
"S01010233",970,869,101
"S01010234",1181,1095,86
"S01010235",884,826,58
"S01010236",549,515,34
"S01010237",514,489,25
"S01010238",773,722,51
"S01010239",790,686,104
"S01010240",691,634,57
"S01010241",1019,919,100
"S01010242",793,705,88
"S01010243",1019,934,85
"S01010244",787,680,107
"S01010245",900,741,159
"S01010246",841,753,88
"S01010247",728,648,80
"S01010248",834,789,45
"S01010249",668,643,25
"S01010250",771,735,36
"S01010251",639,630,9
"S01010252",754,717,37
"S01010253",631,550,81
"S01010254",1054,920,134
"S01010255",718,626,92
"S01010256",859,764,95
"S01010257",1567,1515,52
"S01010258",513,508,5
"S01010259",1269,1155,114
"S01010260",1873,1805,68
"S01010261",2551,2451,100
"S01010262",930,772,158
"S01010263",740,720,20
"S01010264",853,777,76
"S01010265",1008,1002,6
"S01010266",555,540,15
"S01010267",610,605,5
"S01010268",752,712,40
"S01010269",452,431,21
"S01010270",1153,934,219
"S01010271",931,883,48
"S01010272",1283,1157,126
"S01010273",389,381,8
"S01010274",560,542,18
"S01010275",600,586,14
"S01010276",993,975,18
"S01010277",610,547,63
"S01010278",650,599,51
"S01010279",519,471,48
"S01010280",869,838,31
"S01010281",779,761,18
"S01010282",1039,949,90
"S01010283",649,625,24
"S01010284",1411,1373,38
"S01010285",728,703,25
"S01010286",1462,1444,18
"S01010287",880,864,16
"S01010288",816,802,14
"S01010289",771,759,12
"S01010290",546,523,23
"S01010291",1075,1011,64
"S01010292",890,876,14
"S01010293",839,797,42
"S01010294",690,670,20
"S01010295",974,939,35
"S01010296",664,630,34
"S01010297",1066,921,145
"S01010298",880,795,85
"S01010299",536,454,82
"S01010300",934,853,81
"S01010301",522,509,13
"S01010302",669,576,93
"S01010303",579,530,49
"S01010304",542,478,64
"S01010305",807,727,80
"S01010306",752,717,35
"S01010307",821,804,17
"S01010308",975,951,24
"S01010309",419,337,82
"S01010310",706,643,63
"S01010311",589,477,112
"S01010312",868,740,128
"S01010313",654,553,101
"S01010314",1248,1105,143
"S01010315",743,689,54
"S01010316",1787,1702,85
"S01010317",725,695,30
"S01010318",383,356,27
"S01010319",641,598,43
"S01010320",675,598,77
"S01010321",837,748,89
"S01010322",1028,999,29
"S01010323",603,509,94
"S01010324",759,635,124
"S01010325",1077,879,198
"S01010326",987,839,148
"S01010327",1231,1058,173
"S01010328",969,864,105
"S01010329",492,423,69
"S01010330",534,480,54
"S01010331",640,530,110
"S01010332",715,619,96
"S01010333",962,860,102
"S01010334",1072,956,116
"S01010335",831,708,123
"S01010336",657,565,92
"S01010337",619,509,110
"S01010338",884,776,108
"S01010339",692,601,91
"S01010340",576,524,52
"S01010341",591,545,46
"S01010342",529,501,28
"S01010343",938,902,36
"S01010344",690,566,124
"S01010345",769,738,31
"S01010346",1043,977,66
"S01010347",1125,1050,75
"S01010348",980,886,94
"S01010349",883,785,98
"S01010350",950,842,108
"S01010351",878,826,52
"S01010352",506,445,61
"S01010353",961,804,157
"S01010354",733,632,101
"S01010355",742,661,81
"S01010356",682,639,43
"S01010357",585,512,73
"S01010358",842,725,117
"S01010359",816,717,99
"S01010360",624,531,93
"S01010361",554,490,64
"S01010362",783,671,112
"S01010363",758,722,36
"S01010364",915,885,30
"S01010365",1013,978,35
"S01010366",1025,986,39
"S01010367",1639,1608,31
"S01010368",729,708,21
"S01010369",767,738,29
"S01010370",725,712,13
"S01010371",1013,994,19
"S01010372",529,505,24
"S01010373",761,719,42
"S01010374",1049,1020,29
"S01010375",429,422,7
"S01010376",708,688,20
"S01010377",936,910,26
"S01010378",832,814,18
"S01010379",1127,1089,38
"S01010380",856,836,20
"S01010381",605,589,16
"S01010382",850,816,34
"S01010383",764,685,79
"S01010384",933,874,59
"S01010385",844,790,54
"S01010386",787,718,69
"S01010387",1040,975,65
"S01010388",1016,909,107
"S01010389",1777,1741,36
"S01010390",1076,1026,50
"S01010391",733,691,42
"S01010393",999,955,44
"S01010394",807,684,123
"S01010395",1006,940,66
"S01010396",1033,961,72
"S01010397",542,520,22
"S01010398",1090,1060,30
"S01010399",1036,1017,19
"S01010400",1101,1079,22
"S01010401",618,607,11
"S01010402",1031,1008,23
"S01010403",1036,1018,18
"S01010404",786,763,23
"S01010405",789,769,20
"S01010406",830,808,22
"S01010407",897,883,14
"S01010408",547,509,38
"S01010409",706,688,18
"S01010410",595,581,14
"S01010411",1311,1294,17
"S01010412",845,782,63
"S01010413",714,693,21
"S01010414",859,811,48
"S01010415",1019,937,82
"S01010416",772,746,26
"S01010417",580,559,21
"S01010418",1072,1046,26
"S01010419",993,961,32
"S01010420",629,620,9
"S01010421",889,862,27
"S01010422",1088,1034,54
"S01010423",831,750,81
"S01010424",834,743,91
"S01010425",1032,894,138
"S01010426",708,647,61
"S01010427",1053,941,112
"S01010428",736,708,28
"S01010429",978,948,30
"S01010430",854,771,83
"S01010431",700,677,23
"S01010432",740,671,69
"S01010433",803,747,56
"S01010434",623,559,64
"S01010435",634,569,65
"S01010436",918,817,101
"S01010437",557,510,47
"S01010438",854,783,71
"S01010439",986,915,71
"S01010440",1027,911,116
"S01010441",783,754,29
"S01010442",741,691,50
"S01010443",550,502,48
"S01010444",685,615,70
"S01010445",574,515,59
"S01010446",838,753,85
"S01010447",1028,890,138
"S01010448",865,787,78
"S01010449",779,673,106
"S01010450",783,687,96
"S01010451",1006,900,106
"S01010452",813,722,91
"S01010453",524,461,63
"S01010454",851,726,125
"S01010455",942,800,142
"S01010456",565,495,70
"S01010457",642,575,67
"S01010458",771,677,94
"S01010459",539,479,60
"S01010460",741,710,31
"S01010461",860,759,101
"S01010462",899,806,93
"S01010463",796,737,59
"S01010464",524,484,40
"S01010465",947,906,41
"S01010466",879,847,32
"S01010467",883,812,71
"S01010468",949,911,38
"S01010469",559,512,47
"S01010470",874,778,96
"S01010471",575,512,63
"S01010472",1020,984,36
"S01010473",756,710,46
"S01010474",820,787,33
"S01010475",178,166,12
"S01010476",924,845,79
"S01010477",720,639,81
"S01010478",991,842,149
"S01010479",1022,932,90
"S01010480",623,543,80
"S01010481",667,604,63
"S01010482",794,709,85
"S01010483",1036,936,100
"S01010484",550,503,47
"S01010485",986,914,72
"S01010486",930,892,38
"S01010487",1010,930,80
"S01010488",822,732,90
"S01010489",1052,939,113
"S01010490",749,673,76
"S01010491",906,818,88
"S01010492",575,486,89
"S01010493",516,471,45
"S01010494",628,576,52
"S01010495",944,843,101
"S01010496",1048,924,124
"S01010497",913,815,98
"S01010498",675,591,84
"S01010499",768,653,115
"S01010500",1078,967,111
"S01010501",928,804,124
"S01010502",803,738,65
"S01010503",655,568,87
"S01010504",531,507,24
"S01010505",558,543,15
"S01010506",837,813,24
"S01010507",806,766,40
"S01010508",989,937,52
"S01010509",1395,1340,55
"S01010510",572,548,24
"S01010511",937,874,63
"S01010512",478,445,33
"S01010513",767,745,22
"S01010514",709,673,36
"S01010515",799,757,42
"S01010516",490,464,26
"S01010517",868,825,43
"S01010518",552,539,13
"S01010519",852,818,34
"S01010520",945,891,54
"S01010521",577,558,19
"S01010522",617,583,34
"S01010523",644,619,25
"S01010524",519,501,18
"S01010525",660,635,25
"S01010526",814,768,46
"S01010527",896,842,54
"S01010528",618,598,20
"S01010529",711,681,30
"S01010530",665,645,20
"S01010531",1094,1057,37
"S01010532",680,664,16
"S01010533",591,564,27
"S01010534",762,731,31
"S01010535",715,687,28
"S01010536",848,803,45
"S01010537",771,741,30
"S01010538",855,833,22
"S01010539",1108,1075,33
"S01010540",628,606,22
"S01010541",840,822,18
"S01010542",905,875,30
"S01010543",723,693,30
"S01010544",761,737,24
"S01010545",738,712,26
"S01010546",812,765,47
"S01010547",757,735,22
"S01010548",721,695,26
"S01010549",1175,1134,41
"S01010550",442,434,8
"S01010551",670,656,14
"S01010552",783,756,27
"S01010553",882,855,27
"S01010554",681,643,38
"S01010555",935,901,34
"S01010556",1032,968,64
"S01010557",488,469,19
"S01010558",573,541,32
"S01010559",791,743,48
"S01010560",663,636,27
"S01010561",554,532,22
"S01010562",901,867,34
"S01010563",519,493,26
"S01010564",500,460,40
"S01010565",516,480,36
"S01010566",1090,1062,28
"S01010567",1074,1044,30
"S01010568",996,957,39
"S01010569",927,893,34
"S01010570",1089,1034,55
"S01010571",776,746,30
"S01010572",887,838,49
"S01010573",534,517,17
"S01010574",609,590,19
"S01010575",686,662,24
"S01010576",822,803,19
"S01010577",901,861,40
"S01010578",576,547,29
"S01010579",736,692,44
"S01010580",513,491,22
"S01010581",400,387,13
"S01010582",942,902,40
"S01010583",986,964,22
"S01010584",1972,1933,39
"S01010586",474,464,10
"S01010587",590,571,19
"S01010588",300,291,9
"S01010589",620,586,34
"S01010591",626,615,11
"S01010592",509,496,13
"S01010593",2428,2387,41
"S01010596",3603,3537,66
"S01010599",477,463,14
"S01010600",591,572,19
"S01010601",708,669,39
"S01010602",652,642,10
"S01010603",809,791,18
"S01010604",591,580,11
"S01010605",891,872,19
"S01010606",816,782,34
"S01010607",846,829,17
"S01010608",673,642,31
"S01010609",570,541,29
"S01010610",593,576,17
"S01010611",925,878,47
"S01010612",781,754,27
"S01010613",698,645,53
"S01010614",542,496,46
"S01010615",824,805,19
"S01010616",856,827,29
"S01010617",904,890,14
"S01010618",756,742,14
"S01010619",689,655,34
"S01010620",744,704,40
"S01010621",1049,1010,39
"S01010622",468,436,32
"S01010623",762,743,19
"S01010624",666,624,42
"S01010625",786,757,29
"S01010626",908,872,36
"S01010627",842,809,33
"S01010628",1011,981,30
"S01010629",977,934,43
"S01010630",416,403,13
"S01010631",786,739,47
"S01010632",844,773,71
"S01010633",1035,972,63
"S01010634",665,617,48
"S01010635",803,748,55
"S01010636",658,632,26
"S01010637",537,504,33
"S01010638",995,921,74
"S01010639",1140,1059,81
"S01010640",816,792,24
"S01010641",1015,931,84
"S01010642",978,912,66
"S01010643",741,702,39
"S01010644",602,527,75
"S01010645",287,280,7
"S01010646",669,641,28
"S01010647",696,638,58
"S01010648",651,619,32
"S01010649",593,549,44
"S01010650",612,575,37
"S01010651",674,638,36
"S01010652",825,794,31
"S01010653",742,714,28
"S01010654",763,706,57
"S01010655",916,886,30
"S01010656",475,455,20
"S01010657",639,623,16
"S01010658",732,707,25
"S01010659",792,780,12
"S01010660",608,574,34
"S01010661",578,547,31
"S01010662",614,589,25
"S01010663",817,796,21
"S01010664",974,949,25
"S01010665",954,914,40
"S01010666",946,903,43
"S01010667",545,532,13
"S01010668",1105,1069,36
"S01010669",608,593,15
"S01010670",692,662,30
"S01010671",629,605,24
"S01010672",649,619,30
"S01010673",669,623,46
"S01010674",957,930,27
"S01010675",628,612,16
"S01010676",913,878,35
"S01010677",337,324,13
"S01010678",893,852,41
"S01010679",482,462,20
"S01010680",633,590,43
"S01010681",936,906,30
"S01010682",967,941,26
"S01010683",975,944,31
"S01010684",771,740,31
"S01010685",609,583,26
"S01010686",569,541,28
"S01010687",838,784,54
"S01010688",712,688,24
"S01010689",757,722,35
"S01010690",681,654,27
"S01010691",637,617,20
"S01010692",749,712,37
"S01010693",474,457,17
"S01010694",577,529,48
"S01010695",665,647,18
"S01010696",1036,1015,21
"S01010697",998,960,38
"S01010698",764,731,33
"S01010699",596,569,27
"S01010700",611,589,22
"S01010701",1063,1020,43
"S01010702",833,791,42
"S01010703",1641,1586,55
"S01010704",343,319,24
"S01010705",1046,1008,38
"S01010706",411,391,20
"S01010707",856,823,33
"S01010708",547,527,20
"S01010709",745,728,17
"S01010710",766,728,38
"S01010711",672,656,16
"S01010712",727,693,34
"S01010713",799,769,30
"S01010714",748,692,56
"S01010715",701,670,31
"S01010716",888,832,56
"S01010717",621,610,11
"S01010718",945,925,20
"S01010719",680,645,35
"S01010720",734,710,24
"S01010721",633,610,23
"S01010722",867,845,22
"S01010723",901,883,18
"S01010724",887,862,25
"S01010725",691,680,11
"S01010726",921,883,38
"S01010727",491,465,26
"S01010728",675,658,17
"S01010729",723,702,21
"S01010730",845,824,21
"S01010731",906,868,38
"S01010732",840,775,65
"S01010733",580,536,44
"S01010734",937,875,62
"S01010735",644,607,37
"S01010736",245,231,14
"S01010737",1038,960,78
"S01010738",548,518,30
"S01010739",870,823,47
"S01010740",507,460,47
"S01010741",540,526,14
"S01010742",731,706,25
"S01010743",1008,952,56
"S01010744",1166,1108,58
"S01010745",612,571,41
"S01010746",1103,1060,43
"S01010747",827,773,54
"S01010748",631,603,28
"S01010749",614,582,32
"S01010750",626,592,34
"S01010751",658,594,64
"S01010752",814,771,43
"S01010753",1047,994,53
"S01010754",639,590,49
"S01010755",646,598,48
"S01010756",661,648,13
"S01010757",747,721,26
"S01010758",702,662,40
"S01010759",682,654,28
"S01010760",532,497,35
"S01010761",536,509,27
"S01010762",598,565,33
"S01010763",686,652,34
"S01010764",576,551,25
"S01010765",880,826,54
"S01010766",784,734,50
"S01010767",706,660,46
"S01010768",576,554,22
"S01010769",483,460,23
"S01010770",877,826,51
"S01010771",864,796,68
"S01010772",762,690,72
"S01010773",785,724,61
"S01010774",721,671,50
"S01010775",643,617,26
"S01010776",544,521,23
"S01010777",512,474,38
"S01010778",491,457,34
"S01010779",772,723,49
"S01010780",569,539,30
"S01010781",779,757,22
"S01010782",623,581,42
"S01010783",550,519,31
"S01010784",743,705,38
"S01010785",683,663,20
"S01010786",688,660,28
"S01010787",913,870,43
"S01010788",622,599,23
"S01010789",729,698,31
"S01010790",672,639,33
"S01010791",837,796,41
"S01010792",620,600,20
"S01010793",649,631,18
"S01010794",642,601,41
"S01010795",692,672,20
"S01010796",1119,1083,36
"S01010797",762,737,25
"S01010798",694,676,18
"S01010799",896,829,67
"S01010800",731,704,27
"S01010801",616,576,40
"S01010802",565,548,17
"S01010803",611,577,34
"S01010804",588,566,22
"S01010805",853,827,26
"S01010806",916,857,59
"S01010807",570,550,20
"S01010808",553,540,13
"S01010809",771,739,32
"S01010810",490,463,27
"S01010811",704,676,28
"S01010812",541,513,28
"S01010813",539,514,25
"S01010814",631,607,24
"S01010815",450,426,24
"S01010816",541,522,19
"S01010817",1018,988,30
"S01010818",1014,978,36
"S01010819",1044,979,65
"S01010820",989,928,61
"S01010821",597,578,19
"S01010822",772,732,40
"S01010823",493,452,41
"S01010824",321,312,9
"S01010825",1009,987,22
"S01010826",656,640,16
"S01010827",598,574,24
"S01010828",1239,1205,34
"S01010829",789,754,35
"S01010830",556,527,29
"S01010831",598,588,10
"S01010832",1402,1347,55
"S01010833",463,452,11
"S01010834",809,788,21
"S01010835",645,628,17
"S01010836",798,765,33
"S01010837",515,475,40
"S01010838",842,794,48
"S01010839",729,698,31
"S01010840",490,451,39
"S01010841",748,722,26
"S01010842",899,805,94
"S01010843",643,582,61
"S01010844",668,636,32
"S01010845",619,586,33
"S01010846",765,735,30
"S01010847",649,632,17
"S01010848",665,618,47
"S01010849",951,871,80
"S01010850",872,745,127
"S01010851",699,653,46
"S01010852",856,796,60
"S01010853",882,817,65
"S01010854",923,842,81
"S01010855",560,516,44
"S01010856",908,814,94
"S01010857",842,803,39
"S01010858",725,664,61
"S01010859",734,654,80
"S01010860",603,547,56
"S01010861",538,474,64
"S01010862",540,486,54
"S01010863",911,859,52
"S01010864",560,548,12
"S01010865",706,688,18
"S01010866",749,676,73
"S01010867",674,616,58
"S01010868",839,779,60
"S01010869",756,743,13
"S01010870",775,736,39
"S01010871",898,866,32
"S01010872",715,674,41
"S01010873",547,447,100
"S01010874",771,737,34
"S01010875",517,506,11
"S01010876",740,671,69
"S01010877",1011,937,74
"S01010878",1274,1180,94
"S01010879",852,797,55
"S01010880",549,513,36
"S01010881",536,511,25
"S01010882",557,528,29
"S01010883",871,835,36
"S01010884",723,642,81
"S01010885",791,711,80
"S01010886",448,412,36
"S01010887",601,503,98
"S01010888",988,911,77
"S01010889",471,414,57
"S01010890",769,651,118
"S01010891",425,343,82
"S01010892",834,734,100
"S01010893",520,450,70
"S01010894",688,615,73
"S01010895",411,358,53
"S01010896",775,687,88
"S01010897",613,561,52
"S01010898",596,535,61
"S01010899",479,447,32
"S01010900",688,655,33
"S01010901",465,410,55
"S01010902",957,859,98
"S01010903",793,679,114
"S01010904",538,487,51
"S01010905",638,593,45
"S01010906",966,900,66
"S01010907",606,590,16
"S01010908",530,476,54
"S01010909",536,505,31
"S01010910",500,456,44
"S01010911",541,465,76
"S01010912",674,553,121
"S01010913",642,600,42
"S01010914",811,773,38
"S01010915",585,559,26
"S01010916",576,493,83
"S01010917",712,646,66
"S01010918",737,677,60
"S01010919",789,713,76
"S01010920",445,392,53
"S01010921",630,573,57
"S01010922",865,779,86
"S01010923",879,802,77
"S01010924",607,544,63
"S01010925",858,793,65
"S01010926",785,714,71
"S01010927",577,521,56
"S01010928",739,681,58
"S01010929",660,587,73
"S01010930",1576,1527,49
"S01010931",517,478,39
"S01010932",455,419,36
"S01010933",864,836,28
"S01010934",1039,1003,36
"S01010935",544,510,34
"S01010936",446,427,19
"S01010937",728,698,30
"S01010938",809,769,40
"S01010939",514,503,11
"S01010940",588,575,13
"S01010941",727,717,10
"S01010942",646,630,16
"S01010943",623,590,33
"S01010944",633,584,49
"S01010945",540,528,12
"S01010946",820,785,35
"S01010947",536,512,24
"S01010948",573,539,34
"S01010949",995,965,30
"S01010950",846,792,54
"S01010951",626,614,12
"S01010952",540,522,18
"S01010953",561,532,29
"S01010954",609,597,12
"S01010955",1023,1010,13
"S01010956",765,742,23
"S01010957",581,566,15
"S01010958",482,457,25
"S01010959",579,558,21
"S01010960",1508,1417,91
"S01010961",602,564,38
"S01010962",649,582,67
"S01010963",830,803,27
"S01010964",523,486,37
"S01010965",517,468,49
"S01010966",507,474,33
"S01010967",697,650,47
"S01010968",715,673,42
"S01010969",533,496,37
"S01010970",955,900,55
"S01010971",919,896,23
"S01010972",606,561,45
"S01010973",490,461,29
"S01010974",696,633,63
"S01010975",490,454,36
"S01010976",463,446,17
"S01010977",728,695,33
"S01010978",739,687,52
"S01010979",825,790,35
"S01010980",727,676,51
"S01010981",739,687,52
"S01010982",911,889,22
"S01010983",848,809,39
"S01010984",600,568,32
"S01010985",638,614,24
"S01010986",448,441,7
"S01010987",747,731,16
"S01010988",627,616,11
"S01010990",798,746,52
"S01010991",2023,1986,37
"S01010992",181,165,16
"S01010993",754,719,35
"S01010994",1689,1624,65
"S01010995",719,703,16
"S01010996",605,560,45
"S01010997",637,618,19
"S01010998",615,605,10
"S01010999",903,861,42
"S01011000",1331,1255,76
"S01011001",546,510,36
"S01011002",707,654,53
"S01011003",688,643,45
"S01011004",624,595,29
"S01011005",660,613,47
"S01011006",1137,1087,50
"S01011007",684,637,47
"S01011008",783,735,48
"S01011009",508,473,35
"S01011010",569,528,41
"S01011011",768,691,77
"S01011012",722,657,65
"S01011013",802,758,44
"S01011014",643,620,23
"S01011015",443,420,23
"S01011017",2297,2214,83
"S01011018",860,819,41
"S01011019",1144,1101,43
"S01011020",472,451,21
"S01011021",758,705,53
"S01011022",258,238,20
"S01011023",558,515,43
"S01011024",602,573,29
"S01011025",680,634,46
"S01011026",540,498,42
"S01011027",994,918,76
"S01011028",756,700,56
"S01011029",621,594,27
"S01011030",969,931,38
"S01011031",734,684,50
"S01011032",660,617,43
"S01011033",633,603,30
"S01011034",669,607,62
"S01011035",662,612,50
"S01011036",465,436,29
"S01011037",963,922,41
"S01011038",772,720,52
"S01011039",695,656,39
"S01011040",752,702,50
"S01011041",851,771,80
"S01011042",818,786,32
"S01011043",709,678,31
"S01011044",694,643,51
"S01011045",819,794,25
"S01011046",854,819,35
"S01011047",902,876,26
"S01011048",896,865,31
"S01011049",682,660,22
"S01011050",802,777,25
"S01011051",1268,1217,51
"S01011052",856,822,34
"S01011053",505,489,16
"S01011054",536,517,19
"S01011055",568,551,17
"S01011056",820,793,27
"S01011057",579,553,26
"S01011058",638,610,28
"S01011059",635,610,25
"S01011060",907,852,55
"S01011061",845,819,26
"S01011062",917,889,28
"S01011063",1036,980,56
"S01011064",908,873,35
"S01011065",729,709,20
"S01011066",509,495,14
"S01011067",579,555,24
"S01011068",537,520,17
"S01011069",578,547,31
"S01011070",488,472,16
"S01011071",843,805,38
"S01011072",1000,979,21
"S01011073",784,758,26
"S01011074",607,588,19
"S01011075",718,690,28
"S01011076",657,636,21
"S01011077",777,739,38
"S01011078",1011,975,36
"S01011079",1192,1151,41
"S01011080",980,939,41
"S01011081",824,790,34
"S01011082",527,491,36
"S01011083",645,606,39
"S01011084",774,754,20
"S01011085",808,776,32
"S01011086",641,606,35
"S01011087",584,562,22
"S01011088",983,947,36
"S01011089",655,625,30
"S01011090",717,684,33
"S01011091",621,611,10
"S01011093",2807,2749,58
"S01011094",641,608,33
"S01011095",691,665,26
"S01011096",430,408,22
"S01011097",868,841,27
"S01011098",829,785,44
"S01011099",819,791,28
"S01011100",378,356,22
"S01011101",626,597,29
"S01011102",803,758,45
"S01011103",413,390,23
"S01011104",704,650,54
"S01011105",799,765,34
"S01011106",988,965,23
"S01011108",547,522,25
"S01011109",807,773,34
"S01011110",702,673,29
"S01011111",880,830,50
"S01011113",1152,1099,53
"S01011114",713,688,25
"S01011115",902,843,59
"S01011116",517,498,19
"S01011117",744,722,22
"S01011118",886,863,23
"S01011119",931,901,30
"S01011120",674,656,18
"S01011121",520,493,27
"S01011122",647,626,21
"S01011123",1018,978,40
"S01011124",661,637,24
"S01011125",492,459,33
"S01011126",605,579,26
"S01011127",536,534,2
"S01011128",718,677,41
"S01011129",848,815,33
"S01011130",686,636,50
"S01011131",637,606,31
"S01011132",898,870,28
"S01011133",445,425,20
"S01011134",746,705,41
"S01011135",674,649,25
"S01011136",658,614,44
"S01011137",502,496,6
"S01011138",641,614,27
"S01011139",663,648,15
"S01011140",537,502,35
"S01011141",558,523,35
"S01011142",1993,1961,32
"S01011143",955,928,27
"S01011144",769,735,34
"S01011145",960,929,31
"S01011146",568,540,28
"S01011147",1005,963,42
"S01011148",869,846,23
"S01011149",750,736,14
"S01011150",392,388,4
"S01011151",578,566,12
"S01011152",620,601,19
"S01011153",1069,1010,59
"S01011154",474,443,31
"S01011155",730,688,42
"S01011156",565,559,6
"S01011157",576,563,13
"S01011158",508,485,23
"S01011159",545,499,46
"S01011160",909,886,23
"S01011161",637,615,22
"S01011162",497,483,14
"S01011163",625,602,23
"S01011164",932,891,41
"S01011165",764,720,44
"S01011166",513,492,21
"S01011167",725,693,32
"S01011168",845,819,26
"S01011169",963,949,14
"S01011170",911,874,37
"S01011171",905,869,36
"S01011172",752,725,27
"S01011173",601,571,30
"S01011174",523,491,32
"S01011175",532,501,31
"S01011176",475,461,14
"S01011177",872,836,36
"S01011178",514,489,25
"S01011179",399,359,40
"S01011180",670,600,70
"S01011181",1511,1450,61
"S01011182",511,482,29
"S01011183",571,541,30
"S01011184",1035,1012,23
"S01011185",680,656,24
"S01011186",848,772,76
"S01011187",665,644,21
"S01011188",951,895,56
"S01011189",820,763,57
"S01011190",475,437,38
"S01011191",708,664,44
"S01011192",778,745,33
"S01011193",703,651,52
"S01011194",727,687,40
"S01011195",631,597,34
"S01011196",903,837,66
"S01011197",871,789,82
"S01011198",624,574,50
"S01011199",781,731,50
"S01011200",740,675,65
"S01011201",586,545,41
"S01011202",844,770,74
"S01011203",806,754,52
"S01011204",555,535,20
"S01011206",734,707,27
"S01011207",757,683,74
"S01011208",907,881,26
"S01011209",633,576,57
"S01011210",502,469,33
"S01011211",702,678,24
"S01011212",548,517,31
"S01011213",989,930,59
"S01011214",1144,1036,108
"S01011215",485,432,53
"S01011216",482,451,31
"S01011217",799,733,66
"S01011218",639,584,55
"S01011219",682,621,61
"S01011220",889,817,72
"S01011221",947,880,67
"S01011222",662,618,44
"S01011223",796,748,48
"S01011224",681,596,85
"S01011225",758,703,55
"S01011226",1003,941,62
"S01011227",709,649,60
"S01011228",768,708,60
"S01011229",535,487,48
"S01011230",980,851,129
"S01011231",604,528,76
"S01011232",915,829,86
"S01011233",348,311,37
"S01011234",1031,936,95
"S01011235",525,473,52
"S01011236",416,376,40
"S01011237",839,779,60
"S01011238",644,571,73
"S01011239",717,623,94
"S01011240",690,599,91
"S01011241",974,877,97
"S01011242",775,706,69
"S01011243",881,786,95
"S01011244",666,598,68
"S01011245",848,759,89
"S01011246",842,777,65
"S01011247",826,766,60
"S01011248",739,688,51
"S01011249",723,691,32
"S01011250",916,858,58
"S01011251",871,800,71
"S01011252",825,764,61
"S01011253",855,770,85
"S01011254",955,925,30
"S01011255",428,417,11
"S01011256",497,484,13
"S01011257",408,385,23
"S01011258",576,542,34
"S01011259",763,693,70
"S01011260",718,677,41
"S01011261",809,756,53
"S01011262",495,458,37
"S01011263",898,835,63
"S01011264",688,638,50
"S01011265",900,833,67
"S01011266",908,822,86
"S01011267",485,462,23
"S01011268",226,211,15
"S01011269",594,525,69
"S01011270",680,625,55
"S01011271",821,707,114
"S01011272",728,658,70
"S01011273",901,839,62
"S01011274",888,819,69
"S01011275",711,672,39
"S01011276",978,887,91
"S01011277",546,522,24
"S01011278",494,477,17
"S01011279",651,624,27
"S01011280",590,561,29
"S01011281",645,625,20
"S01011282",918,885,33
"S01011283",737,720,17
"S01011285",729,678,51
"S01011286",637,584,53
"S01011287",807,749,58
"S01011288",757,705,52
"S01011289",821,751,70
"S01011290",1166,1041,125
"S01011291",768,694,74
"S01011292",827,750,77
"S01011293",736,669,67
"S01011294",780,670,110
"S01011295",946,904,42
"S01011296",556,499,57
"S01011297",839,780,59
"S01011298",642,597,45
"S01011299",494,477,17
"S01011300",944,863,81
"S01011301",641,617,24
"S01011302",856,761,95
"S01011303",877,851,26
"S01011304",708,649,59
"S01011305",829,794,35
"S01011306",590,550,40
"S01011307",2339,2256,83
"S01011308",542,517,25
"S01011309",718,692,26
"S01011310",706,665,41
"S01011311",690,671,19
"S01011312",1103,1071,32
"S01011313",735,689,46
"S01011314",1097,1056,41
"S01011315",300,276,24
"S01011316",748,685,63
"S01011317",827,761,66
"S01011318",964,915,49
"S01011319",867,826,41
"S01011320",522,489,33
"S01011321",596,571,25
"S01011322",634,609,25
"S01011323",951,887,64
"S01011324",449,420,29
"S01011325",737,663,74
"S01011326",747,678,69
"S01011327",678,616,62
"S01011328",698,660,38
"S01011329",914,861,53
"S01011330",754,725,29
"S01011331",561,542,19
"S01011332",900,873,27
"S01011333",733,703,30
"S01011334",1237,1202,35
"S01011335",935,898,37
"S01011336",617,580,37
"S01011337",682,664,18
"S01011338",522,490,32
"S01011339",449,427,22
"S01011340",694,643,51
"S01011341",721,678,43
"S01011342",702,669,33
"S01011343",965,873,92
"S01011344",744,687,57
"S01011345",794,741,53
"S01011346",678,626,52
"S01011347",1117,1022,95
"S01011348",921,850,71
"S01011349",923,896,27
"S01011350",669,638,31
"S01011351",696,636,60
"S01011352",651,609,42
"S01011353",650,609,41
"S01011354",730,699,31
"S01011355",964,910,54
"S01011356",962,925,37
"S01011357",852,766,86
"S01011358",547,529,18
"S01011359",737,642,95
"S01011360",756,699,57
"S01011361",398,367,31
"S01011362",1303,1209,94
"S01011363",786,706,80
"S01011364",659,616,43
"S01011365",648,631,17
"S01011366",498,429,69
"S01011367",840,752,88
"S01011368",1429,1402,27
"S01011369",811,754,57
"S01011370",225,209,16
"S01011371",844,781,63
"S01011372",667,611,56
"S01011373",674,620,54
"S01011374",694,670,24
"S01011375",726,690,36
"S01011376",475,426,49
"S01011377",594,571,23
"S01011378",793,761,32
"S01011379",902,870,32
"S01011380",670,633,37
"S01011381",617,581,36
"S01011382",396,348,48
"S01011383",686,565,121
"S01011384",734,665,69
"S01011385",957,851,106
"S01011386",648,591,57
"S01011387",834,751,83
"S01011388",332,310,22
"S01011389",1512,1432,80
"S01011390",604,550,54
"S01011391",450,424,26
"S01011392",680,637,43
"S01011393",612,563,49
"S01011394",613,599,14
"S01011395",737,652,85
"S01011396",779,697,82
"S01011397",823,744,79
"S01011398",779,689,90
"S01011399",508,460,48
"S01011400",396,356,40
"S01011401",647,598,49
"S01011402",954,876,78
"S01011403",534,493,41
"S01011404",924,821,103
"S01011405",635,594,41
"S01011406",537,501,36
"S01011407",1105,1038,67
"S01011408",827,765,62
"S01011409",839,760,79
"S01011410",628,577,51
"S01011411",488,463,25
"S01011412",777,744,33
"S01011413",443,435,8
"S01011414",827,775,52
"S01011415",872,813,59
"S01011416",626,605,21
"S01011417",712,647,65
"S01011418",552,481,71
"S01011419",558,496,62
"S01011420",491,446,45
"S01011421",506,488,18
"S01011422",467,422,45
"S01011423",570,506,64
"S01011424",560,504,56
"S01011425",779,716,63
"S01011426",1852,1783,69
"S01011427",471,423,48
"S01011428",275,246,29
"S01011429",1835,1727,108
"S01011430",859,805,54
"S01011431",1033,907,126
"S01011432",960,887,73
"S01011433",909,851,58
"S01011434",503,471,32
"S01011435",1015,954,61
"S01011436",630,578,52
"S01011437",731,656,75
"S01011438",544,494,50
"S01011439",1262,1154,108
"S01011440",503,457,46
"S01011441",841,767,74
"S01011442",605,539,66
"S01011443",456,399,57
"S01011444",624,567,57
"S01011445",379,348,31
"S01011446",3508,3355,153
"S01011447",821,748,73
"S01011448",732,687,45
"S01011449",336,290,46
"S01011450",652,622,30
"S01011451",2446,2348,98
"S01011452",947,887,60
"S01011453",728,672,56
"S01011454",802,752,50
"S01011455",746,673,73
"S01011456",814,729,85
"S01011457",917,853,64
"S01011458",1114,1083,31
"S01011459",390,353,37
"S01011460",847,791,56
"S01011461",578,541,37
"S01011462",806,738,68
"S01011463",670,621,49
"S01011464",1486,1458,28
"S01011465",547,509,38
"S01011466",592,513,79
"S01011467",539,501,38
"S01011468",141,138,3
"S01011469",859,796,63
"S01011470",958,863,95
"S01011471",953,873,80
"S01011472",796,723,73
"S01011473",787,675,112
"S01011474",694,599,95
"S01011475",605,509,96
"S01011476",487,471,16
"S01011477",851,828,23
"S01011478",1060,1024,36
"S01011479",733,696,37
"S01011480",1030,1006,24
"S01011481",812,774,38
"S01011482",895,814,81
"S01011483",531,513,18
"S01011484",865,764,101
"S01011485",965,865,100
"S01011486",569,508,61
"S01011487",873,811,62
"S01011488",697,626,71
"S01011489",750,732,18
"S01011490",1448,1322,126
"S01011491",514,463,51
"S01011492",760,703,57
"S01011493",545,535,10
"S01011494",633,585,48
"S01011495",713,648,65
"S01011496",642,565,77
"S01011497",617,598,19
"S01011498",672,656,16
"S01011499",610,573,37
"S01011500",512,466,46
"S01011501",673,599,74
"S01011502",573,532,41
"S01011503",823,756,67
"S01011504",898,812,86
"S01011505",633,571,62
"S01011506",738,686,52
"S01011507",612,560,52
"S01011508",962,911,51
"S01011509",610,570,40
"S01011510",887,828,59
"S01011511",524,470,54
"S01011512",1160,1042,118
"S01011513",774,692,82
"S01011514",1085,1010,75
"S01011515",522,489,33
"S01011516",887,852,35
"S01011517",565,509,56
"S01011518",530,460,70
"S01011519",781,709,72
"S01011520",596,524,72
"S01011521",758,700,58
"S01011522",956,855,101
"S01011523",815,753,62
"S01011524",890,848,42
"S01011525",975,862,113
"S01011526",1121,1041,80
"S01011527",602,578,24
"S01011528",974,888,86
"S01011529",443,390,53
"S01011530",856,761,95
"S01011531",707,637,70
"S01011532",1147,1115,32
"S01011533",753,642,111
"S01011534",696,631,65
"S01011535",1089,967,122
"S01011536",674,653,21
"S01011537",530,513,17
"S01011538",506,486,20
"S01011539",738,665,73
"S01011540",1052,960,92
"S01011541",937,870,67
"S01011542",1626,1519,107
"S01011543",810,741,69
"S01011544",673,597,76
"S01011545",572,520,52
"S01011546",747,734,13
"S01011547",609,595,14
"S01011548",746,680,66
"S01011549",801,755,46
"S01011550",714,693,21
"S01011551",548,505,43
"S01011552",1217,1128,89
"S01011554",872,803,69
"S01011555",291,266,25
"S01011556",397,343,54
"S01011557",561,517,44
"S01011558",436,415,21
"S01011559",620,539,81
"S01011560",757,696,61
"S01011561",450,404,46
"S01011562",526,494,32
"S01011563",883,804,79
"S01011564",570,514,56
"S01011565",952,893,59
"S01011566",616,556,60
"S01011567",965,838,127
"S01011568",847,789,58
"S01011569",1051,962,89
"S01011570",633,556,77
"S01011571",537,465,72
"S01011572",700,646,54
"S01011573",1084,1014,70
"S01011574",1100,1028,72
"S01011575",228,201,27
"S01011576",897,743,154
"S01011577",628,563,65
"S01011578",845,782,63
"S01011579",556,533,23
"S01011580",766,704,62
"S01011581",688,592,96
"S01011582",1033,987,46
"S01011583",672,620,52
"S01011584",708,635,73
"S01011585",719,654,65
"S01011586",578,526,52
"S01011587",428,395,33
"S01011588",792,725,67
"S01011589",2040,1927,113
"S01011590",689,630,59
"S01011591",597,511,86
"S01011592",705,628,77
"S01011593",717,673,44
"S01011594",438,397,41
"S01011595",518,502,16
"S01011596",997,938,59
"S01011597",611,555,56
"S01011598",785,681,104
"S01011599",823,756,67
"S01011600",973,876,97
"S01011601",766,748,18
"S01011602",490,447,43
"S01011603",791,694,97
"S01011604",690,638,52
"S01011605",844,764,80
"S01011606",604,588,16
"S01011607",569,546,23
"S01011608",945,914,31
"S01011609",970,840,130
"S01011610",679,591,88
"S01011611",694,626,68
"S01011613",1366,1268,98
"S01011614",296,284,12
"S01011615",728,663,65
"S01011616",423,383,40
"S01011617",752,675,77
"S01011618",654,604,50
"S01011619",892,849,43
"S01011620",703,691,12
"S01011621",781,739,42
"S01011622",160,150,10
"S01011623",703,632,71
"S01011624",722,695,27
"S01011625",428,400,28
"S01011626",448,442,6
"S01011627",733,712,21
"S01011628",1289,1238,51
"S01011629",629,571,58
"S01011630",744,686,58
"S01011631",628,566,62
"S01011632",754,702,52
"S01011633",631,581,50
"S01011634",565,509,56
"S01011635",303,286,17
"S01011636",720,663,57
"S01011637",686,629,57
"S01011638",483,434,49
"S01011639",590,531,59
"S01011640",674,611,63
"S01011641",476,450,26
"S01011642",705,672,33
"S01011643",732,684,48
"S01011644",557,515,42
"S01011645",640,587,53
"S01011646",696,667,29
"S01011647",878,851,27
"S01011648",958,909,49
"S01011649",238,219,19
"S01011650",721,681,40
"S01011651",926,861,65
"S01011652",760,720,40
"S01011653",1035,963,72
"S01011654",983,884,99
"S01011655",846,767,79
"S01011656",273,234,39
"S01011657",514,456,58
"S01011658",655,604,51
"S01011659",808,741,67
"S01011660",753,723,30
"S01011661",516,487,29
"S01011662",555,541,14
"S01011663",811,753,58
"S01011664",1044,912,132
"S01011665",850,759,91
"S01011666",853,752,101
"S01011667",632,559,73
"S01011668",1042,948,94
"S01011669",630,586,44
"S01011670",536,495,41
"S01011671",680,636,44
"S01011672",604,556,48
"S01011673",661,600,61
"S01011674",626,563,63
"S01011675",802,718,84
"S01011676",699,634,65
"S01011678",464,396,68
"S01011679",205,201,4
"S01011680",1100,990,110
"S01011681",847,767,80
"S01011682",1763,1648,115
"S01011683",1186,1054,132
"S01011684",406,376,30
"S01011685",1210,1168,42
"S01011686",689,657,32
"S01011687",1265,1177,88
"S01011688",1075,1005,70
"S01011689",667,643,24
"S01011690",983,941,42
"S01011691",176,164,12
"S01011692",1074,976,98
"S01011693",683,646,37
"S01011695",3865,3678,187
"S01011697",1029,984,45
"S01011698",643,599,44
"S01011699",911,881,30
"S01011700",759,696,63
"S01011701",905,874,31
"S01011702",733,680,53
"S01011703",1184,1141,43
"S01011704",576,563,13
"S01011705",650,608,42
"S01011706",1028,957,71
"S01011707",713,676,37
"S01011708",764,688,76
"S01011709",1018,943,75
"S01011710",647,611,36
"S01011711",683,612,71
"S01011712",460,422,38
"S01011713",671,608,63
"S01011714",485,477,8
"S01011715",633,571,62
"S01011716",917,879,38
"S01011717",710,669,41
"S01011718",881,853,28
"S01011719",634,624,10
"S01011720",529,499,30
"S01011721",716,659,57
"S01011722",579,537,42
"S01011723",799,723,76
"S01011724",733,707,26
"S01011725",634,619,15
"S01011726",444,432,12
"S01011728",929,880,49
"S01011729",710,647,63
"S01011730",844,791,53
"S01011731",866,797,69
"S01011732",785,759,26
"S01011733",851,808,43
"S01011734",751,697,54
"S01011735",736,699,37
"S01011736",770,731,39
"S01011737",640,601,39
"S01011738",1371,1277,94
"S01011739",502,470,32
"S01011740",899,825,74
"S01011741",657,616,41
"S01011742",758,709,49
"S01011743",797,756,41
"S01011744",849,782,67
"S01011745",711,614,97
"S01011746",539,496,43
"S01011747",992,913,79
"S01011748",878,820,58
"S01011749",769,719,50
"S01011750",876,813,63
"S01011751",972,896,76
"S01011752",921,864,57
"S01011753",777,734,43
"S01011754",764,716,48
"S01011755",939,867,72
"S01011756",879,832,47
"S01011757",731,669,62
"S01011758",624,588,36
"S01011759",728,661,67
"S01011760",884,814,70
"S01011761",720,679,41
"S01011762",656,615,41
"S01011763",676,612,64
"S01011764",277,257,20
"S01011765",974,941,33
"S01011766",610,570,40
"S01011767",848,777,71
"S01011768",738,686,52
"S01011769",639,574,65
"S01011770",808,748,60
"S01011771",667,647,20
"S01011772",882,857,25
"S01011773",596,588,8
"S01011774",941,904,37
"S01011775",904,894,10
"S01011776",295,289,6
"S01011777",645,624,21
"S01011778",634,605,29
"S01011779",793,763,30
"S01011780",939,907,32
"S01011781",584,557,27
"S01011782",683,664,19
"S01011783",575,555,20
"S01011784",793,729,64
"S01011785",873,802,71
"S01011787",953,857,96
"S01011788",381,376,5
"S01011789",3487,3368,119
"S01011790",998,928,70
"S01011791",735,662,73
"S01011792",888,792,96
"S01011793",685,622,63
"S01011794",884,810,74
"S01011795",490,458,32
"S01011796",658,600,58
"S01011797",592,570,22
"S01011798",384,336,48
"S01011799",918,876,42
"S01011800",685,637,48
"S01011801",459,426,33
"S01011802",731,680,51
"S01011803",1426,1337,89
"S01011804",457,438,19
"S01011805",459,449,10
"S01011806",964,929,35
"S01011807",1102,1067,35
"S01011808",623,604,19
"S01011809",719,697,22
"S01011810",942,917,25
"S01011811",937,916,21
"S01011812",669,643,26
"S01011813",760,745,15
"S01011814",721,707,14
"S01011815",816,804,12
"S01011816",638,628,10
"S01011817",1144,1112,32
"S01011818",978,958,20
"S01011819",836,818,18
"S01011820",599,537,62
"S01011821",310,296,14
"S01011822",712,681,31
"S01011823",608,594,14
"S01011824",703,685,18
"S01011825",535,529,6
"S01011826",654,640,14
"S01011827",414,383,31
"S01011828",909,875,34
"S01011829",409,394,15
"S01011830",456,441,15
"S01011831",524,504,20
"S01011832",838,783,55
"S01011833",1016,971,45
"S01011834",538,529,9
"S01011835",685,671,14
"S01011836",615,599,16
"S01011837",798,767,31
"S01011838",687,670,17
"S01011839",1259,1230,29
"S01011840",669,648,21
"S01011841",950,903,47
"S01011842",966,922,44
"S01011843",988,964,24
"S01011844",786,767,19
"S01011845",857,830,27
"S01011846",869,840,29
"S01011847",429,418,11
"S01011848",727,706,21
"S01011849",813,791,22
"S01011850",750,739,11
"S01011851",898,871,27
"S01011852",1012,977,35
"S01011853",708,688,20
"S01011854",810,787,23
"S01011855",848,804,44
"S01011856",636,615,21
"S01011857",1077,1027,50
"S01011858",1016,965,51
"S01011859",839,790,49
"S01011860",877,849,28
"S01011861",616,599,17
"S01011862",903,875,28
"S01011863",746,691,55
"S01011864",722,699,23
"S01011865",613,586,27
"S01011866",817,785,32
"S01011867",574,526,48
"S01011868",887,840,47
"S01011869",773,736,37
"S01011870",696,649,47
"S01011871",1089,1056,33
"S01011872",1057,1029,28
"S01011873",812,789,23
"S01011874",419,402,17
"S01011875",672,636,36
"S01011876",958,919,39
"S01011877",546,518,28
"S01011878",1073,1028,45
"S01011879",431,417,14
"S01011880",712,687,25
"S01011881",555,532,23
"S01011882",941,897,44
"S01011883",1683,1657,26
"S01011884",903,880,23
"S01011885",689,667,22
"S01011886",674,659,15
"S01011887",594,577,17
"S01011888",719,686,33
"S01011889",835,787,48
"S01011890",708,679,29
"S01011891",1260,1162,98
"S01011892",981,961,20
"S01011893",698,662,36
"S01011894",1074,1037,37
"S01011895",664,638,26
"S01011896",866,844,22
"S01011897",1027,1010,17
"S01011898",470,463,7
"S01011899",779,757,22
"S01011900",735,726,9
"S01011901",999,981,18
"S01011902",966,939,27
"S01011903",798,780,18
"S01011904",819,775,44
"S01011905",804,782,22
"S01011906",425,412,13
"S01011907",745,723,22
"S01011908",376,368,8
"S01011909",1036,1022,14
"S01011910",910,853,57
"S01011911",641,606,35
"S01011912",727,693,34
"S01011913",739,691,48
"S01011914",878,849,29
"S01011915",811,754,57
"S01011916",592,560,32
"S01011917",510,488,22
"S01011918",626,589,37
"S01011919",890,852,38
"S01011920",622,591,31
"S01011921",594,562,32
"S01011922",768,726,42
"S01011923",1315,1212,103
"S01011924",454,431,23
"S01011925",758,744,14
"S01011926",656,618,38
"S01011927",613,569,44
"S01011928",704,663,41
"S01011929",621,583,38
"S01011930",709,667,42
"S01011931",625,575,50
"S01011932",497,468,29
"S01011933",538,506,32
"S01011934",1199,1126,73
"S01011935",966,916,50
"S01011936",548,528,20
"S01011937",667,635,32
"S01011938",682,636,46
"S01011939",737,681,56
"S01011940",559,531,28
"S01011941",591,556,35
"S01011942",849,800,49
"S01011943",1166,1074,92
"S01011944",444,435,9
"S01011945",827,794,33
"S01011946",804,775,29
"S01011947",490,467,23
"S01011948",1159,1113,46
"S01011949",715,692,23
"S01011950",886,832,54
"S01011951",678,655,23
"S01011953",754,736,18
"S01011954",382,367,15
"S01011955",975,914,61
"S01011956",1033,1011,22
"S01011957",900,869,31
"S01011958",1566,1512,54
"S01011959",1003,958,45
"S01011960",802,787,15
"S01011961",734,713,21
"S01011962",882,867,15
"S01011963",328,308,20
"S01011964",983,951,32
"S01011965",900,872,28
"S01011966",842,811,31
"S01011967",1155,1109,46
"S01011968",893,862,31
"S01011969",807,760,47
"S01011970",990,936,54
"S01011971",577,560,17
"S01011972",1243,1194,49
"S01011973",656,623,33
"S01011974",872,857,15
"S01011975",452,434,18
"S01011976",780,755,25
"S01011977",1129,1081,48
"S01011978",693,653,40
"S01011979",1014,980,34
"S01011980",467,457,10
"S01011981",945,919,26
"S01011982",943,900,43
"S01011983",731,716,15
"S01011984",678,640,38
"S01011985",869,840,29
"S01011986",666,615,51
"S01011987",797,760,37
"S01011988",665,616,49
"S01011989",866,835,31
"S01011990",684,661,23
"S01011991",710,679,31
"S01011992",886,844,42
"S01011993",944,877,67
"S01011994",712,678,34
"S01011995",1072,1047,25
"S01011996",410,384,26
"S01011997",886,853,33
"S01011998",545,530,15
"S01011999",621,593,28
"S01012000",454,445,9
"S01012001",507,482,25
"S01012002",561,522,39
"S01012003",529,514,15
"S01012004",880,838,42
"S01012005",770,744,26
"S01012006",1229,1200,29
"S01012007",813,778,35
"S01012008",973,948,25
"S01012009",853,823,30
"S01012010",1222,1141,81
"S01012011",1122,1077,45
"S01012012",647,616,31
"S01012013",614,595,19
"S01012014",846,811,35
"S01012015",984,954,30
"S01012016",852,830,22
"S01012017",506,484,22
"S01012018",876,853,23
"S01012019",846,820,26
"S01012020",698,635,63
"S01012021",565,546,19
"S01012022",660,621,39
"S01012023",539,517,22
"S01012024",868,835,33
"S01012025",690,645,45
"S01012026",116,115,1
"S01012027",2003,1877,126
"S01012028",932,907,25
"S01012029",1330,1179,151
"S01012030",1289,1257,32
"S01012031",225,218,7
"S01012032",353,340,13
"S01012033",800,740,60
"S01012034",825,782,43
"S01012035",923,887,36
"S01012036",846,815,31
"S01012037",996,918,78
"S01012038",932,850,82
"S01012039",956,877,79
"S01012040",519,484,35
"S01012041",914,862,52
"S01012042",917,860,57
"S01012043",926,859,67
"S01012044",892,785,107
"S01012045",1069,988,81
"S01012046",686,610,76
"S01012047",932,812,120
"S01012048",769,681,88
"S01012049",660,616,44
"S01012050",684,664,20
"S01012051",929,862,67
"S01012052",866,790,76
"S01012053",903,835,68
"S01012054",725,666,59
"S01012055",981,889,92
"S01012056",785,733,52
"S01012057",773,750,23
"S01012058",728,700,28
"S01012059",870,799,71
"S01012060",865,799,66
"S01012061",978,938,40
"S01012062",846,814,32
"S01012063",547,525,22
"S01012064",653,596,57
"S01012065",624,548,76
"S01012066",852,774,78
"S01012067",534,478,56
"S01012068",479,409,70
"S01012069",538,468,70
"S01012070",710,630,80
"S01012071",1057,960,97
"S01012072",1107,993,114
"S01012073",705,678,27
"S01012074",715,695,20
"S01012075",724,708,16
"S01012076",722,669,53
"S01012077",751,707,44
"S01012078",977,950,27
"S01012079",917,839,78
"S01012080",809,771,38
"S01012081",674,620,54
"S01012082",534,489,45
"S01012083",812,721,91
"S01012084",577,554,23
"S01012085",677,641,36
"S01012086",1004,920,84
"S01012087",720,662,58
"S01012088",740,719,21
"S01012089",842,815,27
"S01012090",902,872,30
"S01012091",537,520,17
"S01012092",506,494,12
"S01012093",535,516,19
"S01012094",788,768,20
"S01012095",781,753,28
"S01012096",871,790,81
"S01012097",566,519,47
"S01012098",628,586,42
"S01012099",1052,956,96
"S01012100",1332,1234,98
"S01012101",672,650,22
"S01012102",670,639,31
"S01012103",925,878,47
"S01012104",924,905,19
"S01012105",1126,1086,40
"S01012106",1101,1070,31
"S01012107",692,651,41
"S01012108",908,793,115
"S01012109",922,849,73
"S01012110",585,540,45
"S01012111",558,520,38
"S01012112",846,760,86
"S01012113",990,907,83
"S01012114",982,959,23
"S01012115",517,486,31
"S01012116",493,467,26
"S01012117",466,459,7
"S01012118",1100,1068,32
"S01012119",900,871,29
"S01012120",583,548,35
"S01012121",953,869,84
"S01012122",772,703,69
"S01012123",518,489,29
"S01012124",503,474,29
"S01012125",782,717,65
"S01012126",849,816,33
"S01012127",850,799,51
"S01012128",453,423,30
"S01012129",669,609,60
"S01012130",1068,973,95
"S01012131",1106,1020,86
"S01012132",686,635,51
"S01012133",903,855,48
"S01012134",1183,1093,90
"S01012135",1031,922,109
"S01012136",682,591,91
"S01012137",671,590,81
"S01012138",792,733,59
"S01012139",940,865,75
"S01012140",710,694,16
"S01012141",1014,985,29
"S01012142",952,916,36
"S01012143",869,838,31
"S01012144",967,921,46
"S01012145",909,871,38
"S01012146",745,666,79
"S01012147",753,681,72
"S01012148",756,686,70
"S01012149",855,776,79
"S01012150",778,708,70
"S01012151",499,449,50
"S01012152",744,668,76
"S01012153",932,845,87
"S01012154",617,556,61
"S01012155",546,488,58
"S01012156",606,533,73
"S01012157",989,934,55
"S01012158",1147,1121,26
"S01012159",503,487,16
"S01012160",662,642,20
"S01012161",457,415,42
"S01012162",956,904,52
"S01012163",761,708,53
"S01012164",1098,1078,20
"S01012165",921,853,68
"S01012166",604,568,36
"S01012167",788,727,61
"S01012168",966,909,57
"S01012169",733,675,58
"S01012170",975,884,91
"S01012171",932,874,58
"S01012172",744,685,59
"S01012173",710,681,29
"S01012174",962,939,23
"S01012175",818,783,35
"S01012176",841,806,35
"S01012177",617,590,27
"S01012178",519,509,10
"S01012179",607,572,35
"S01012180",573,520,53
"S01012181",757,696,61
"S01012182",2301,2185,116
"S01012183",231,214,17
"S01012185",704,656,48
"S01012186",706,637,69
"S01012187",669,607,62
"S01012188",680,638,42
"S01012189",1053,1001,52
"S01012190",84,84,0
"S01012191",872,842,30
"S01012192",390,378,12
"S01012193",562,551,11
"S01012194",561,559,2
"S01012195",1027,983,44
"S01012196",573,554,19
"S01012197",726,665,61
"S01012198",933,848,85
"S01012199",584,541,43
"S01012200",647,603,44
"S01012201",770,714,56
"S01012202",598,567,31
"S01012203",701,681,20
"S01012204",789,771,18
"S01012205",675,651,24
"S01012206",846,815,31
"S01012207",926,871,55
"S01012208",1057,982,75
"S01012209",737,685,52
"S01012210",790,726,64
"S01012211",715,668,47
"S01012212",762,732,30
"S01012213",808,791,17
"S01012214",681,660,21
"S01012215",843,832,11
"S01012216",709,692,17
"S01012217",463,417,46
"S01012218",425,393,32
"S01012219",846,758,88
"S01012220",629,543,86
"S01012221",628,571,57
"S01012222",789,702,87
"S01012223",722,651,71
"S01012224",767,720,47
"S01012225",1132,1059,73
"S01012226",731,682,49
"S01012227",669,635,34
"S01012228",693,645,48
"S01012229",684,653,31
"S01012230",911,892,19
"S01012231",831,814,17
"S01012232",868,849,19
"S01012233",953,934,19
"S01012234",1082,1051,31
"S01012235",457,434,23
"S01012236",610,585,25
"S01012237",956,934,22
"S01012238",604,561,43
"S01012239",586,540,46
"S01012240",842,781,61
"S01012241",569,562,7
"S01012242",800,781,19
"S01012243",489,471,18
"S01012244",1092,1081,11
"S01012245",603,579,24
"S01012246",813,800,13
"S01012247",742,723,19
"S01012248",821,805,16
"S01012249",863,833,30
"S01012250",941,915,26
"S01012251",1121,1060,61
"S01012252",554,536,18
"S01012253",874,820,54
"S01012254",754,738,16
"S01012255",768,740,28
"S01012256",629,615,14
"S01012257",1096,1079,17
"S01012258",596,583,13
"S01012259",606,592,14
"S01012260",717,680,37
"S01012261",344,335,9
"S01012262",1983,1942,41
"S01012263",557,542,15
"S01012264",472,457,15
"S01012265",788,745,43
"S01012266",1060,995,65
"S01012267",711,696,15
"S01012268",1072,1037,35
"S01012269",854,825,29
"S01012270",777,744,33
"S01012271",1504,1468,36
"S01012272",367,357,10
"S01012273",1109,1083,26
"S01012274",786,766,20
"S01012275",807,764,43
"S01012276",953,905,48
"S01012277",832,800,32
"S01012278",719,656,63
"S01012279",584,548,36
"S01012280",933,897,36
"S01012281",704,672,32
"S01012282",1241,1201,40
"S01012283",752,717,35
"S01012284",779,739,40
"S01012285",537,515,22
"S01012286",1143,1095,48
"S01012287",671,614,57
"S01012288",984,932,52
"S01012289",744,721,23
"S01012290",289,272,17
"S01012291",695,674,21
"S01012292",1140,1099,41
"S01012293",477,454,23
"S01012294",870,830,40
"S01012295",754,727,27
"S01012296",380,371,9
"S01012297",1169,1142,27
"S01012298",739,708,31
"S01012299",621,601,20
"S01012300",294,268,26
"S01012301",840,806,34
"S01012302",787,744,43
"S01012303",1158,1132,26
"S01012304",1080,1033,47
"S01012305",698,672,26
"S01012306",594,577,17
"S01012307",416,395,21
"S01012308",601,584,17
"S01012309",426,401,25
"S01012310",1281,1224,57
"S01012311",578,541,37
"S01012312",1008,950,58
"S01012313",761,724,37
"S01012314",851,800,51
"S01012315",733,677,56
"S01012316",693,640,53
"S01012317",181,178,3
"S01012318",792,741,51
"S01012319",1008,981,27
"S01012320",687,649,38
"S01012321",599,565,34
"S01012322",753,720,33
"S01012323",1273,1220,53
"S01012324",917,874,43
"S01012325",590,558,32
"S01012326",482,455,27
"S01012327",874,823,51
"S01012328",417,396,21
"S01012329",960,917,43
"S01012330",474,455,19
"S01012331",494,477,17
"S01012332",1275,1248,27
"S01012333",1245,1212,33
"S01012334",849,805,44
"S01012335",989,963,26
"S01012336",603,587,16
"S01012337",867,814,53
"S01012338",620,583,37
"S01012339",679,641,38
"S01012340",745,719,26
"S01012341",1504,1464,40
"S01012342",929,895,34
"S01012343",977,947,30
"S01012344",579,547,32
"S01012345",700,678,22
"S01012346",1215,1176,39
"S01012347",611,580,31
"S01012348",499,480,19
"S01012349",759,721,38
"S01012350",775,743,32
"S01012351",756,715,41
"S01012352",756,719,37
"S01012353",429,401,28
"S01012354",576,543,33
"S01012355",1339,1293,46
"S01012356",591,573,18
"S01012357",905,881,24
"S01012358",895,851,44
"S01012359",785,710,75
"S01012360",917,866,51
"S01012361",641,595,46
"S01012362",725,686,39
"S01012363",903,845,58
"S01012364",666,639,27
"S01012365",936,915,21
"S01012366",864,823,41
"S01012367",846,799,47
"S01012368",605,586,19
"S01012369",862,826,36
"S01012370",751,698,53
"S01012371",954,882,72
"S01012372",740,682,58
"S01012373",992,936,56
"S01012374",920,892,28
"S01012375",863,816,47
"S01012376",963,930,33
"S01012377",705,675,30
"S01012378",730,701,29
"S01012379",530,514,16
"S01012380",892,851,41
"S01012381",633,592,41
"S01012382",969,950,19
"S01012383",847,815,32
"S01012384",515,496,19
"S01012385",637,624,13
"S01012386",1021,960,61
"S01012387",936,911,25
"S01012388",704,678,26
"S01012389",882,863,19
"S01012390",769,746,23
"S01012391",915,890,25
"S01012392",364,355,9
"S01012393",899,871,28
"S01012394",526,511,15
"S01012395",618,598,20
"S01012396",647,617,30
"S01012397",845,797,48
"S01012398",877,841,36
"S01012399",621,592,29
"S01012400",587,571,16
"S01012401",675,640,35
"S01012402",1127,1097,30
"S01012403",755,731,24
"S01012404",1035,994,41
"S01012405",726,713,13
"S01012406",281,273,8
"S01012407",813,785,28
"S01012408",652,639,13
"S01012409",700,673,27
"S01012410",859,839,20
"S01012411",831,806,25
"S01012412",548,518,30
"S01012413",966,918,48
"S01012414",693,667,26
"S01012415",576,561,15
"S01012416",559,549,10
"S01012417",636,583,53
"S01012418",884,825,59
"S01012419",801,766,35
"S01012420",935,878,57
"S01012421",643,604,39
"S01012422",869,810,59
"S01012423",1075,1019,56
"S01012424",950,880,70
"S01012425",626,550,76
"S01012426",493,460,33
"S01012427",674,626,48
"S01012428",662,628,34
"S01012429",558,510,48
"S01012430",551,514,37
"S01012431",749,689,60
"S01012432",713,652,61
"S01012433",503,462,41
"S01012434",709,671,38
"S01012435",490,446,44
"S01012436",301,274,27
"S01012437",649,615,34
"S01012438",1254,1197,57
"S01012439",795,733,62
"S01012440",388,370,18
"S01012441",890,846,44
"S01012442",1000,961,39
"S01012443",746,719,27
"S01012444",1265,1209,56
"S01012445",100,98,2
"S01012446",501,463,38
"S01012447",793,763,30
"S01012448",1074,1036,38
"S01012449",491,461,30
"S01012450",1124,1073,51
"S01012451",916,882,34
"S01012452",589,567,22
"S01012453",858,831,27
"S01012454",662,643,19
"S01012455",612,601,11
"S01012456",785,753,32
"S01012457",840,814,26
"S01012458",813,798,15
"S01012459",735,719,16
"S01012460",546,528,18
"S01012461",545,519,26
"S01012462",757,699,58
"S01012463",578,537,41
"S01012464",625,576,49
"S01012465",701,657,44
"S01012466",782,743,39
"S01012467",699,662,37
"S01012468",887,826,61
"S01012469",799,772,27
"S01012470",832,767,65
"S01012471",835,813,22
"S01012472",719,686,33
"S01012473",554,527,27
"S01012474",714,661,53
"S01012475",800,766,34
"S01012476",1037,973,64
"S01012477",674,658,16
"S01012478",650,621,29
"S01012479",688,675,13
"S01012480",515,466,49
"S01012481",803,760,43
"S01012482",729,688,41
"S01012483",810,728,82
"S01012484",820,789,31
"S01012485",869,831,38
"S01012486",655,618,37
"S01012487",612,565,47
"S01012488",903,823,80
"S01012489",1052,966,86
"S01012490",978,855,123
"S01012491",440,402,38
"S01012492",772,676,96
"S01012493",654,561,93
"S01012494",1031,983,48
"S01012495",1024,939,85
"S01012496",765,699,66
"S01012497",487,430,57
"S01012498",857,786,71
"S01012499",775,727,48
"S01012500",558,516,42
"S01012501",619,569,50
"S01012502",832,766,66
"S01012503",637,572,65
"S01012504",546,507,39
"S01012505",1019,917,102
"S01012506",493,466,27
"S01012507",876,808,68
"S01012508",762,706,56
"S01012509",635,604,31
"S01012510",877,831,46
"S01012511",534,505,29
"S01012512",677,648,29
"S01012513",841,825,16
"S01012514",519,512,7
"S01012515",612,545,67
"S01012516",668,633,35
"S01012517",860,806,54
"S01012518",493,468,25
"S01012519",516,484,32
"S01012520",826,794,32
"S01012521",515,494,21
"S01012522",930,895,35
"S01012523",865,837,28
"S01012524",872,827,45
"S01012525",714,696,18
"S01012526",775,745,30
"S01012527",625,600,25
"S01012528",823,774,49
"S01012529",734,687,47
"S01012530",874,841,33
"S01012531",900,872,28
"S01012532",968,913,55
"S01012533",391,373,18
"S01012534",627,568,59
"S01012535",544,501,43
"S01012536",750,700,50
"S01012537",782,716,66
"S01012538",1128,1042,86
"S01012539",805,757,48
"S01012540",717,662,55
"S01012541",962,921,41
"S01012542",943,899,44
"S01012543",686,668,18
"S01012544",856,801,55
"S01012545",473,440,33
"S01012546",807,757,50
"S01012547",746,706,40
"S01012548",1120,1084,36
"S01012549",416,396,20
"S01012550",894,839,55
"S01012551",815,785,30
"S01012552",964,927,37
"S01012553",611,587,24
"S01012554",458,450,8
"S01012555",688,682,6
"S01012556",398,382,16
"S01012557",796,766,30
"S01012558",417,391,26
"S01012559",767,705,62
"S01012560",699,652,47
"S01012561",620,579,41
"S01012562",747,694,53
"S01012563",630,608,22
"S01012564",824,796,28
"S01012565",654,616,38
"S01012566",841,791,50
"S01012567",909,843,66
"S01012568",617,593,24
"S01012569",814,789,25
"S01012570",509,483,26
"S01012571",756,716,40
"S01012572",520,492,28
"S01012573",949,908,41
"S01012574",1027,990,37
"S01012575",516,496,20
"S01012576",675,649,26
"S01012577",770,748,22
"S01012578",1093,1038,55
"S01012579",718,689,29
"S01012580",753,731,22
"S01012581",747,701,46
"S01012582",923,887,36
"S01012583",689,649,40
"S01012584",739,694,45
"S01012585",833,781,52
"S01012586",941,891,50
"S01012587",862,829,33
"S01012588",637,603,34
"S01012589",688,643,45
"S01012590",777,715,62
"S01012591",792,725,67
"S01012592",931,902,29
"S01012593",731,706,25
"S01012594",600,561,39
"S01012595",486,446,40
"S01012596",788,732,56
"S01012597",201,193,8
"S01012598",669,639,30
"S01012599",660,617,43
"S01012600",692,673,19
"S01012601",889,861,28
"S01012602",588,508,80
"S01012603",650,586,64
"S01012604",664,617,47
"S01012605",515,485,30
"S01012606",352,348,4
"S01012607",737,701,36
"S01012608",801,751,50
"S01012609",834,765,69
"S01012610",949,843,106
"S01012611",904,835,69
"S01012612",1003,917,86
"S01012613",568,525,43
"S01012614",785,711,74
"S01012615",674,641,33
"S01012616",964,899,65
"S01012617",839,805,34
"S01012618",529,511,18
"S01012619",546,496,50
"S01012620",746,721,25
"S01012621",578,559,19
"S01012622",732,695,37
"S01012623",479,437,42
"S01012624",715,680,35
"S01012625",524,478,46
"S01012626",478,457,21
"S01012627",526,504,22
"S01012628",1166,1144,22
"S01012629",402,386,16
"S01012630",823,765,58
"S01012631",1032,966,66
"S01012632",726,693,33
"S01012633",813,772,41
"S01012634",551,503,48
"S01012635",1085,1049,36
"S01012636",1346,1308,38
"S01012637",848,782,66
"S01012638",872,805,67
"S01012639",844,785,59
"S01012640",833,768,65
"S01012641",1105,986,119
"S01012642",804,721,83
"S01012643",411,380,31
"S01012644",708,670,38
"S01012645",826,765,61
"S01012646",873,826,47
"S01012648",554,520,34
"S01012649",674,631,43
"S01012650",587,540,47
"S01012651",649,598,51
"S01012652",1045,1006,39
"S01012653",885,826,59
"S01012654",767,735,32
"S01012655",1132,1025,107
"S01012656",821,735,86
"S01012657",542,497,45
"S01012658",938,888,50
"S01012659",1066,1039,27
"S01012660",653,605,48
"S01012661",833,767,66
"S01012662",732,657,75
"S01012663",691,657,34
"S01012664",946,887,59
"S01012665",717,641,76
"S01012666",650,579,71
"S01012667",580,512,68
"S01012668",761,698,63
"S01012669",722,688,34
"S01012670",696,658,38
"S01012671",931,847,84
"S01012672",663,562,101
"S01012673",541,487,54
"S01012674",582,519,63
"S01012675",766,674,92
"S01012676",835,793,42
"S01012677",460,412,48
"S01012678",727,683,44
"S01012679",914,828,86
"S01012680",557,524,33
"S01012681",705,666,39
"S01012682",678,618,60
"S01012683",749,697,52
"S01012684",676,619,57
"S01012685",676,612,64
"S01012686",949,915,34
"S01012687",538,521,17
"S01012688",791,741,50
"S01012689",487,470,17
"S01012690",532,512,20
"S01012691",766,741,25
"S01012692",754,705,49
"S01012693",905,887,18
"S01012694",476,455,21
"S01012695",988,930,58
"S01012696",861,848,13
"S01012697",509,488,21
"S01012698",4206,4116,90
"S01012699",1201,1135,66
"S01012700",834,799,35
"S01012701",745,727,18
"S01012702",588,564,24
"S01012703",606,587,19
"S01012704",772,714,58
"S01012705",780,768,12
"S01012706",687,621,66
"S01012707",898,882,16
"S01012708",851,746,105
"S01012709",506,457,49
"S01012710",701,632,69
"S01012711",693,598,95
"S01012712",912,883,29
"S01012713",672,640,32
"S01012714",598,582,16
"S01012715",696,644,52
"S01012716",842,804,38
"S01012717",945,874,71
"S01012718",989,914,75
"S01012719",778,726,52
"S01012720",506,475,31
"S01012721",644,598,46
"S01012722",742,640,102
"S01012723",688,611,77
"S01012724",728,669,59
"S01012725",881,824,57
"S01012726",641,590,51
"S01012727",708,627,81
"S01012728",814,743,71
"S01012729",743,701,42
"S01012730",690,639,51
"S01012731",574,539,35
"S01012732",767,712,55
"S01012735",570,511,59
"S01012736",959,898,61
"S01012737",800,759,41
"S01012738",612,547,65
"S01012741",555,544,11
"S01012742",689,669,20
"S01012743",581,552,29
"S01012744",675,645,30
"S01012745",704,680,24
"S01012746",772,734,38
"S01012747",831,778,53
"S01012748",829,721,108
"S01012749",876,807,69
"S01012750",673,611,62
"S01012751",817,739,78
"S01012752",832,768,64
"S01012753",401,357,44
"S01012754",538,468,70
"S01012755",524,441,83
"S01012756",496,421,75
"S01012757",461,402,59
"S01012758",703,637,66
"S01012759",722,643,79
"S01012760",1008,886,122
"S01012761",754,691,63
"S01012762",708,667,41
"S01012763",529,476,53
"S01012764",637,585,52
"S01012765",720,651,69
"S01012766",379,333,46
"S01012767",700,670,30
"S01012768",594,566,28
"S01012769",105,99,6
"S01012770",839,761,78
"S01012771",705,644,61
"S01012772",685,606,79
"S01012773",957,858,99
"S01012774",859,784,75
"S01012775",409,373,36
"S01012776",738,656,82
"S01012777",846,820,26
"S01012778",479,431,48
"S01012779",711,672,39
"S01012780",854,791,63
"S01012781",655,613,42
"S01012782",634,556,78
"S01012783",793,708,85
"S01012784",714,649,65
"S01012785",667,604,63
"S01012786",544,470,74
"S01012787",698,642,56
"S01012788",615,558,57
"S01012789",539,489,50
"S01012790",706,666,40
"S01012791",921,888,33
"S01012792",957,848,109
"S01012793",767,682,85
"S01012794",396,373,23
"S01012795",1219,1087,132
"S01012796",552,525,27
"S01012797",758,707,51
"S01012798",1060,1005,55
"S01012799",778,739,39
"S01012800",894,864,30
"S01012801",86,85,1
"S01012802",612,602,10
"S01012803",675,656,19
"S01012804",764,706,58
"S01012805",912,853,59
"S01012806",734,704,30
"S01012807",587,577,10
"S01012808",1237,1163,74
"S01012809",618,593,25
"S01012810",720,633,87
"S01012811",770,714,56
"S01012812",666,644,22
"S01012813",775,755,20
"S01012814",836,805,31
"S01012815",742,731,11
"S01012816",716,694,22
"S01012817",303,296,7
"S01012818",573,546,27
"S01012819",735,644,91
"S01012820",1635,1589,46
"S01012822",332,287,45
"S01012823",1002,972,30
"S01012824",556,534,22
"S01012825",424,367,57
"S01012826",380,354,26
"S01012827",980,934,46
"S01012828",2277,2218,59
"S01012829",865,769,96
"S01012830",583,514,69
"S01012831",630,524,106
"S01012832",459,428,31
"S01012833",714,643,71
"S01012834",485,450,35
"S01012835",1069,964,105
"S01012837",735,657,78
"S01012838",1333,1221,112
"S01012839",666,634,32
"S01012840",871,854,17
"S01012841",589,557,32
"S01012842",475,454,21
"S01012843",979,951,28
"S01012844",697,677,20
"S01012845",685,660,25
"S01012846",926,811,115
"S01012847",547,506,41
"S01012848",773,743,30
"S01012849",683,629,54
"S01012850",817,718,99
"S01012851",803,739,64
"S01012852",696,669,27
"S01012853",665,627,38
"S01012854",797,761,36
"S01012855",642,616,26
"S01012856",667,568,99
"S01012857",859,755,104
"S01012858",696,615,81
"S01012859",714,640,74
"S01012860",1158,988,170
"S01012861",687,654,33
"S01012862",588,525,63
"S01012863",621,545,76
"S01012864",775,698,77
"S01012865",779,690,89
"S01012866",749,686,63
"S01012867",720,597,123
"S01012868",554,490,64
"S01012869",546,494,52
"S01012870",915,850,65
"S01012871",815,771,44
"S01012872",872,831,41
"S01012873",655,623,32
"S01012874",778,715,63
"S01012875",573,538,35
"S01012876",801,702,99
"S01012877",726,641,85
"S01012878",927,897,30
"S01012879",729,701,28
"S01012880",801,774,27
"S01012881",864,819,45
"S01012882",603,548,55
"S01012883",634,540,94
"S01012884",531,481,50
"S01012885",446,383,63
"S01012886",845,816,29
"S01012887",734,707,27
"S01012888",826,784,42
"S01012889",875,821,54
"S01012890",717,647,70
"S01012891",482,428,54
"S01012892",1107,974,133
"S01012893",667,601,66
"S01012894",925,871,54
"S01012895",522,509,13
"S01012896",840,757,83
"S01012897",1250,1210,40
"S01012899",701,629,72
"S01012900",1382,1322,60
"S01012901",689,654,35
"S01012902",748,711,37
"S01012903",811,758,53
"S01012904",816,781,35
"S01012905",450,425,25
"S01012906",1081,1029,52
"S01012907",677,623,54
"S01012908",699,637,62
"S01012909",610,555,55
"S01012910",879,804,75
"S01012911",728,692,36
"S01012912",765,707,58
"S01012913",790,732,58
"S01012914",848,797,51
"S01012915",1060,1014,46
"S01012916",658,614,44
"S01012917",717,695,22
"S01012918",649,615,34
"S01012919",455,422,33
"S01012920",495,482,13
"S01012921",546,507,39
"S01012922",1012,960,52
"S01012923",706,677,29
"S01012924",500,474,26
"S01012925",482,469,13
"S01012926",697,669,28
"S01012927",772,723,49
"S01012928",810,778,32
"S01012929",749,713,36
"S01012930",863,794,69
"S01012931",883,830,53
"S01012932",684,664,20
"S01012933",803,754,49
"S01012934",708,653,55
"S01012935",887,844,43
"S01012936",726,687,39
"S01012937",692,659,33
"S01012938",519,491,28
"S01012939",651,641,10
"S01012940",698,690,8
"S01012941",609,593,16
"S01012942",788,735,53
"S01012943",751,728,23
"S01012944",525,509,16
"S01012945",749,731,18
"S01012946",861,841,20
"S01012947",453,445,8
"S01012948",613,597,16
"S01012949",828,801,27
"S01012950",865,855,10
"S01012952",1554,1528,26
"S01012953",592,576,16
"S01012954",485,467,18
"S01012955",941,889,52
"S01012956",994,926,68
"S01012957",633,594,39
"S01012958",391,374,17
"S01012959",572,559,13
"S01012960",602,571,31
"S01012961",521,505,16
"S01012962",649,636,13
"S01012963",753,738,15
"S01012964",703,697,6
"S01012965",742,680,62
"S01012966",754,687,67
"S01012967",493,466,27
"S01012968",660,628,32
"S01012969",688,636,52
"S01012970",579,538,41
"S01012971",833,795,38
"S01012972",797,742,55
"S01012973",790,742,48
"S01012974",1022,935,87
"S01012975",618,572,46
"S01012976",378,363,15
"S01012977",719,682,37
"S01012978",952,886,66
"S01012979",669,631,38
"S01012980",668,635,33
"S01012981",748,700,48
"S01012982",820,783,37
"S01012983",745,715,30
"S01012984",628,594,34
"S01012985",783,757,26
"S01012986",746,685,61
"S01012987",827,767,60
"S01012988",789,739,50
"S01012989",962,893,69
"S01012990",602,557,45
"S01012991",836,790,46
"S01012992",786,738,48
"S01012993",689,641,48
"S01012994",871,807,64
"S01012995",795,740,55
"S01012996",651,619,32
"S01012997",487,461,26
"S01012998",1055,1016,39
"S01012999",479,445,34
"S01013000",642,602,40
"S01013001",302,293,9
"S01013002",575,562,13
"S01013003",539,522,17
"S01013004",780,764,16
"S01013005",743,724,19
"S01013006",912,895,17
"S01013007",848,817,31
"S01013008",582,560,22
"S01013009",634,611,23
"S01013010",595,577,18
"S01013011",267,264,3
"S01013012",488,465,23
"S01013013",1344,1311,33
"S01013014",732,697,35
"S01013015",761,747,14
"S01013016",635,615,20
"S01013017",820,787,33
"S01013018",953,936,17
"S01013019",1466,1438,28
"S01013020",466,437,29
"S01013021",464,439,25
"S01013022",92,88,4
"S01013023",748,731,17
"S01013024",628,606,22
"S01013025",304,293,11
"S01013026",585,539,46
"S01013027",1026,932,94
"S01013028",1203,1138,65
"S01013029",692,620,72
"S01013030",512,473,39
"S01013031",635,587,48
"S01013032",515,501,14
"S01013033",774,734,40
"S01013034",612,554,58
"S01013035",829,762,67
"S01013036",770,702,68
"S01013037",772,744,28
"S01013038",980,913,67
"S01013039",527,517,10
"S01013040",628,581,47
"S01013041",587,554,33
"S01013042",795,754,41
"S01013043",704,647,57
"S01013044",832,770,62
"S01013045",713,674,39
"S01013046",506,467,39
"S01013047",931,914,17
"S01013048",791,771,20
"S01013049",803,774,29
"S01013050",729,657,72
"S01013051",931,851,80
"S01013052",625,583,42
"S01013053",618,556,62
"S01013054",777,724,53
"S01013055",688,642,46
"S01013056",904,827,77
"S01013057",870,813,57
"S01013058",456,451,5
"S01013059",677,642,35
"S01013060",515,497,18
"S01013061",896,874,22
"S01013062",878,864,14
"S01013063",818,792,26
"S01013064",938,863,75
"S01013065",864,799,65
"S01013066",656,623,33
"S01013067",925,909,16
"S01013068",692,652,40
"S01013069",735,713,22
"S01013070",559,535,24
"S01013071",1027,1001,26
"S01013072",440,386,54
"S01013073",872,804,68
"S01013074",569,507,62
"S01013075",1014,878,136
"S01013076",804,789,15
"S01013077",717,656,61
"S01013078",572,537,35
"S01013079",1354,1293,61
"S01013080",546,514,32
"S01013081",593,579,14
"S01013082",830,797,33
"S01013083",2627,2598,29
"S01013084",759,741,18
"S01013085",758,710,48
"S01013086",811,788,23
"S01013087",841,831,10
"S01013088",927,908,19
"S01013089",749,709,40
"S01013090",714,701,13
"S01013091",372,366,6
"S01013092",589,561,28
"S01013093",975,947,28
"S01013094",602,590,12
"S01013095",735,722,13
"S01013096",671,651,20
"S01013097",1543,1527,16
"S01013099",908,856,52
"S01013100",630,622,8
"S01013101",993,930,63
"S01013102",603,578,25
"S01013103",863,845,18
"S01013104",984,963,21
"S01013105",901,876,25
"S01013106",814,782,32
"S01013107",663,645,18
"S01013108",596,570,26
"S01013109",979,956,23
"S01013110",709,681,28
"S01013111",457,436,21
"S01013112",534,517,17
"S01013113",815,763,52
"S01013114",837,804,33
"S01013115",442,415,27
"S01013116",943,898,45
"S01013117",357,342,15
"S01013118",805,776,29
"S01013119",785,755,30
"S01013120",970,926,44
"S01013121",402,388,14
"S01013122",598,529,69
"S01013123",774,717,57
"S01013124",719,655,64
"S01013125",798,716,82
"S01013126",743,659,84
"S01013127",853,769,84
"S01013128",624,554,70
"S01013129",1173,1033,140
"S01013130",710,652,58
"S01013131",653,614,39
"S01013132",587,536,51
"S01013133",894,683,211
"S01013134",840,793,47
"S01013135",771,691,80
"S01013136",928,841,87
"S01013137",745,674,71
"S01013138",704,641,63
"S01013139",878,778,100
"S01013140",816,725,91
"S01013141",647,587,60
"S01013142",863,744,119
"S01013143",853,785,68
"S01013144",894,816,78
"S01013145",813,734,79
"S01013146",346,310,36
"S01013147",726,676,50
"S01013148",757,706,51
"S01013149",824,773,51
"S01013150",759,689,70
"S01013151",569,545,24
"S01013152",745,699,46
"S01013153",890,814,76
"S01013154",855,794,61
"S01013155",908,857,51
"S01013156",865,789,76
"S01013157",1036,962,74
"S01013158",833,790,43
"S01013159",847,822,25
"S01013160",461,452,9
"S01013161",1021,957,64
"S01013162",815,734,81
"S01013163",702,683,19
"S01013164",1146,1048,98
"S01013165",829,762,67
"S01013166",521,465,56
"S01013167",776,693,83
"S01013168",1067,956,111
"S01013169",708,612,96
"S01013170",528,469,59
"S01013171",679,649,30
"S01013172",749,693,56
"S01013173",799,751,48
"S01013174",793,772,21
"S01013175",867,828,39
"S01013176",777,717,60
"S01013177",617,595,22
"S01013178",491,458,33
"S01013179",1075,1006,69
"S01013180",434,419,15
"S01013181",718,665,53
"S01013182",743,675,68
"S01013183",834,793,41
"S01013184",505,472,33
"S01013185",810,761,49
"S01013186",740,700,40
"S01013187",769,702,67
"S01013188",941,902,39
"S01013189",474,450,24
"S01013190",949,881,68
"S01013191",1055,1029,26
"S01013192",952,852,100
"S01013193",649,610,39
"S01013194",568,540,28
"S01013195",991,889,102
"S01013196",543,515,28
"S01013197",577,537,40
"S01013198",886,794,92
"S01013199",905,820,85
"S01013200",813,747,66
"S01013201",657,563,94
"S01013202",574,523,51
"S01013203",717,662,55
"S01013204",1020,974,46
"S01013205",325,293,32
"S01013206",704,638,66
"S01013207",1170,1085,85
"S01013208",919,831,88
"S01013209",819,739,80
"S01013210",588,564,24
"S01013211",859,784,75
"S01013212",362,353,9
"S01013213",555,543,12
"S01013214",438,426,12
"S01013215",990,943,47
"S01013216",588,560,28
"S01013217",676,636,40
"S01013218",609,572,37
"S01013219",527,482,45
"S01013220",696,632,64
"S01013221",888,835,53
"S01013222",595,532,63
"S01013223",1123,998,125
"S01013224",814,740,74
"S01013225",669,616,53
"S01013226",514,497,17
"S01013227",703,628,75
"S01013228",702,637,65
"S01013229",835,756,79
"S01013230",654,589,65
"S01013231",669,600,69
"S01013232",779,692,87
"S01013233",491,453,38
"S01013235",760,701,59
"S01013236",810,780,30
"S01013237",819,781,38
"S01013238",871,771,100
"S01013239",885,810,75
"S01013240",534,493,41
"S01013241",821,796,25
"S01013242",603,577,26
"S01013243",735,690,45
"S01013244",752,660,92
"S01013245",1009,956,53
"S01013246",326,302,24
"S01013247",791,708,83
"S01013248",629,575,54
"S01013249",460,427,33
"S01013250",1003,968,35
"S01013251",558,522,36
"S01013252",680,625,55
"S01013253",708,674,34
"S01013254",633,578,55
"S01013255",1338,1225,113
"S01013256",569,516,53
"S01013257",695,644,51
"S01013258",766,738,28
"S01013259",841,790,51
"S01013260",1072,996,76
"S01013261",713,649,64
"S01013262",642,586,56
"S01013263",403,399,4
"S01013264",290,281,9
"S01013265",697,686,11
"S01013266",416,408,8
"S01013267",806,737,69
"S01013268",839,801,38
"S01013269",1330,1299,31
"S01013270",829,814,15
"S01013271",424,410,14
"S01013272",786,774,12
"S01013273",1173,1151,22
"S01013274",793,759,34
"S01013275",727,695,32
"S01013276",611,593,18
"S01013277",889,820,69
"S01013278",649,596,53
"S01013279",740,690,50
"S01013280",585,555,30
"S01013281",963,907,56
"S01013282",827,782,45
"S01013283",795,762,33
"S01013284",651,639,12
"S01013285",656,633,23
"S01013286",667,646,21
"S01013287",784,773,11
"S01013288",660,633,27
"S01013289",991,970,21
"S01013290",911,876,35
"S01013291",724,705,19
"S01013292",726,708,18
"S01013293",714,696,18
"S01013294",678,661,17
"S01013295",797,782,15
"S01013296",712,660,52
"S01013297",688,651,37
"S01013298",858,817,41
"S01013299",1308,1242,66
"S01013300",552,509,43
"S01013301",486,455,31
"S01013302",1472,1424,48
"S01013303",1020,955,65
"S01013304",793,725,68
"S01013305",952,883,69
"S01013306",816,742,74
"S01013307",1047,983,64
"S01013308",706,641,65
"S01013309",636,615,21
"S01013310",528,500,28
"S01013311",651,605,46
"S01013312",1157,1074,83
"S01013313",692,658,34
"S01013314",791,737,54
"S01013316",663,637,26
"S01013317",521,498,23
"S01013318",612,599,13
"S01013319",574,545,29
"S01013320",1040,1025,15
"S01013321",500,455,45
"S01013322",801,745,56
"S01013323",947,872,75
"S01013324",649,603,46
"S01013325",867,795,72
"S01013326",541,507,34
"S01013327",697,657,40
"S01013328",652,611,41
"S01013329",538,492,46
"S01013330",1103,1060,43
"S01013331",647,636,11
"S01013332",673,630,43
"S01013333",656,630,26
"S01013334",787,739,48
"S01013335",992,947,45
"S01013336",863,797,66
"S01013337",1553,1487,66
"S01013338",202,187,15
"S01013339",584,560,24
"S01013340",805,778,27
"S01013341",597,576,21
"S01013342",644,587,57
"S01013343",673,641,32
"S01013344",585,541,44
"S01013345",762,723,39
"S01013346",914,901,13
"S01013347",590,578,12
"S01013348",1732,1695,37
"S01013349",1047,1016,31
"S01013350",400,379,21
"S01013351",784,751,33
"S01013352",897,854,43
"S01013353",669,624,45
"S01013354",557,523,34
"S01013355",653,616,37
"S01013356",686,637,49
"S01013357",876,838,38
"S01013358",811,753,58
"S01013359",621,564,57
"S01013360",687,615,72
"S01013361",569,501,68
"S01013362",494,446,48
"S01013363",666,609,57
"S01013364",616,570,46
"S01013365",1377,1318,59
"S01013366",794,759,35
"S01013367",741,719,22
"S01013368",403,376,27
"S01013369",911,847,64
"S01013370",615,556,59
"S01013371",661,608,53
"S01013372",1008,921,87
"S01013373",925,849,76
"S01013374",959,873,86
"S01013375",676,634,42
"S01013376",492,454,38
"S01013377",772,716,56
"S01013378",979,929,50
"S01013379",826,786,40
"S01013380",1614,1554,60
"S01013381",611,571,40
"S01013382",295,281,14
"S01013383",679,597,82
"S01013384",617,572,45
"S01013385",485,460,25
"S01013386",669,645,24
"S01013387",612,574,38
"S01013388",627,579,48
"S01013389",757,717,40
"S01013390",328,295,33
"S01013391",928,873,55
"S01013392",253,236,17
"S01013393",460,418,42
"S01013394",680,631,49
"S01013395",609,546,63
"S01013396",808,792,16
"S01013397",732,688,44
"S01013398",121,119,2
"S01013399",1045,983,62
"S01013400",637,604,33
"S01013401",3832,3777,55
"S01013404",194,190,4
"S01013405",663,634,29
"S01013406",612,569,43
"S01013407",534,494,40
"S01013408",892,835,57
"S01013409",1067,1035,32
"S01013410",130,116,14
"S01013411",723,688,35
"S01013412",689,650,39
"S01013413",776,745,31
"S01013414",977,895,82
"S01013415",649,583,66
"S01013416",576,521,55
"S01013417",821,753,68
"S01013418",425,405,20
"S01013419",468,459,9
"S01013420",437,413,24
"S01013421",932,916,16
"S01013422",724,690,34
"S01013423",820,787,33
"S01013424",494,486,8
"S01013425",330,316,14
"S01013426",830,777,53
"S01013427",964,934,30
"S01013428",649,600,49
"S01013429",208,191,17
"S01013430",700,656,44
"S01013431",1159,1086,73
"S01013432",673,619,54
"S01013433",669,640,29
"S01013434",517,508,9
"S01013435",664,660,4
"S01013436",884,846,38
"S01013437",645,610,35
"S01013438",575,546,29
"S01013439",899,881,18
"S01013440",1024,999,25
"S01013441",771,739,32
"S01013442",785,758,27
"S01013443",635,616,19
"S01013444",928,882,46
"S01013445",717,662,55
"S01013446",713,677,36
"S01013447",645,640,5
"S01013448",798,765,33
"S01013449",640,628,12
"S01013450",588,580,8
"S01013451",871,855,16
"S01013452",779,760,19
"S01013453",772,728,44
"S01013454",753,740,13
"S01013455",560,538,22
"S01013456",772,725,47
"S01013457",909,844,65
"S01013458",711,689,22
"S01013459",837,772,65
"S01013460",849,804,45
"S01013461",1098,1059,39
"S01013462",830,801,29
"S01013463",433,416,17
"S01013464",706,661,45
"S01013465",669,647,22
"S01013466",760,738,22
"S01013467",950,916,34
"S01013468",529,495,34
"S01013469",841,811,30
"S01013470",899,847,52
"S01013471",838,783,55
"S01013472",283,276,7
"S01013473",328,328,0
"S01013474",567,555,12
"S01013475",685,661,24
"S01013476",626,595,31
"S01013477",605,567,38
"S01013478",860,823,37
"S01013479",786,732,54
"S01013480",671,624,47
"S01013481",451,425,26
