"dz_2011","total","good","not_good"
"S01006506",765,720,45
"S01006507",898,849,49
"S01006508",663,629,34
"S01006509",584,535,49
"S01006510",626,573,53
"S01006511",735,652,83
"S01006512",512,496,16
"S01006513",391,370,21
"S01006514",918,875,43
"S01006515",805,781,24
"S01006516",704,679,25
"S01006517",1049,1017,32
"S01006518",663,640,23
"S01006519",874,840,34
"S01006520",742,729,13
"S01006521",518,478,40
"S01006522",560,540,20
"S01006523",933,861,72
"S01006524",744,700,44
"S01006525",815,779,36
"S01006526",942,841,101
"S01006527",744,653,91
"S01006528",1009,915,94
"S01006529",837,743,94
"S01006530",714,647,67
"S01006531",1027,893,134
"S01006532",618,574,44
"S01006533",710,683,27
"S01006534",983,930,53
"S01006535",1063,1009,54
"S01006536",855,812,43
"S01006537",668,640,28
"S01006538",581,546,35
"S01006539",764,698,66
"S01006540",925,874,51
"S01006541",877,810,67
"S01006542",963,912,51
"S01006543",788,732,56
"S01006544",820,794,26
"S01006545",897,847,50
"S01006546",619,597,22
"S01006547",1212,1104,108
"S01006548",770,743,27
"S01006549",762,727,35
"S01006550",1003,950,53
"S01006551",396,335,61
"S01006552",885,854,31
"S01006553",820,741,79
"S01006554",704,631,73
"S01006555",876,647,229
"S01006556",873,762,111
"S01006557",764,670,94
"S01006558",754,707,47
"S01006559",450,428,22
"S01006560",1056,999,57
"S01006561",798,775,23
"S01006562",796,720,76
"S01006563",945,875,70
"S01006564",970,875,95
"S01006565",985,905,80
"S01006566",784,747,37
"S01006567",786,704,82
"S01006568",901,860,41
"S01006569",574,544,30
"S01006570",762,726,36
"S01006571",885,849,36
"S01006572",863,809,54
"S01006573",706,686,20
"S01006574",967,918,49
"S01006575",917,881,36
"S01006576",644,618,26
"S01006577",800,770,30
"S01006578",929,866,63
"S01006579",964,925,39
"S01006580",703,665,38
"S01006581",924,879,45
"S01006582",760,717,43
"S01006583",575,550,25
"S01006584",603,588,15
"S01006585",747,652,95
"S01006586",895,804,91
"S01006587",245,218,27
"S01006588",363,349,14
"S01006589",526,487,39
"S01006590",617,568,49
"S01006591",404,388,16
"S01006592",434,416,18
"S01006593",518,483,35
"S01006594",547,513,34
"S01006595",639,605,34
"S01006596",745,686,59
"S01006597",555,529,26
"S01006598",806,770,36
"S01006599",759,649,110
"S01006600",1014,928,86
"S01006601",953,892,61
"S01006602",862,802,60
"S01006603",930,835,95
"S01006604",684,612,72
"S01006605",796,685,111
"S01006606",838,754,84
"S01006607",970,878,92
"S01006608",469,439,30
"S01006609",1089,965,124
"S01006610",500,442,58
"S01006611",969,864,105
"S01006612",862,788,74
"S01006613",641,626,15
"S01006614",687,674,13
"S01006615",347,340,7
"S01006616",838,808,30
"S01006617",608,572,36
"S01006618",568,543,25
"S01006619",919,864,55
"S01006620",1039,976,63
"S01006621",577,540,37
"S01006622",655,636,19
"S01006623",800,710,90
"S01006624",800,712,88
"S01006625",648,573,75
"S01006626",684,583,101
"S01006627",750,669,81
"S01006628",741,681,60
"S01006629",754,661,93
"S01006630",677,576,101
"S01006631",954,828,126
"S01006632",740,645,95
"S01006633",700,610,90
"S01006634",577,506,71
"S01006635",646,579,67
"S01006636",763,656,107
"S01006637",606,553,53
"S01006638",771,674,97
"S01006639",867,722,145
"S01006640",94,87,7
"S01006641",557,487,70
"S01006642",822,760,62
"S01006643",547,518,29
"S01006644",529,471,58
"S01006645",721,591,130
"S01006646",673,650,23
"S01006647",577,501,76
"S01006648",1538,1437,101
"S01006649",609,545,64
"S01006650",621,568,53
"S01006651",631,569,62
"S01006652",380,341,39
"S01006653",587,556,31
"S01006654",861,730,131
"S01006655",496,309,187
"S01006656",786,738,48
"S01006657",528,496,32
"S01006658",1127,1042,85
"S01006659",692,666,26
"S01006660",315,280,35
"S01006661",715,660,55
"S01006662",685,611,74
"S01006663",511,487,24
"S01006664",163,156,7
"S01006665",636,589,47
"S01006666",1025,812,213
"S01006667",698,569,129
"S01006668",833,770,63
"S01006669",1079,915,164
"S01006670",471,378,93
"S01006671",1273,1229,44
"S01006672",767,678,89
"S01006673",842,767,75
"S01006674",879,782,97
"S01006675",453,400,53
"S01006676",713,575,138
"S01006677",697,598,99
"S01006678",983,862,121
"S01006679",619,565,54
"S01006680",698,605,93
"S01006681",897,724,173
"S01006682",716,614,102
"S01006683",745,680,65
"S01006684",578,485,93
"S01006685",672,559,113
"S01006686",654,552,102
"S01006687",846,742,104
"S01006688",957,832,125
"S01006689",481,461,20
"S01006690",576,520,56
"S01006691",554,528,26
"S01006692",793,715,78
"S01006693",888,806,82
"S01006694",907,770,137
"S01006695",761,660,101
"S01006696",811,721,90
"S01006697",933,842,91
"S01006698",692,561,131
"S01006699",501,470,31
"S01006700",886,799,87
"S01006701",762,681,81
"S01006702",707,634,73
"S01006703",706,617,89
"S01006704",694,606,88
"S01006705",883,790,93
"S01006706",636,571,65
"S01006707",673,600,73
"S01006708",847,724,123
"S01006709",834,737,97
"S01006710",943,842,101
"S01006711",905,768,137
"S01006712",430,373,57
"S01006713",875,774,101
"S01006714",633,560,73
"S01006715",624,565,59
"S01006716",733,666,67
"S01006717",1062,940,122
"S01006718",713,640,73
"S01006719",873,763,110
"S01006720",610,554,56
"S01006721",1005,899,106
"S01006722",597,526,71
"S01006723",856,771,85
"S01006724",924,843,81
"S01006725",684,605,79
"S01006726",987,878,109
"S01006727",857,684,173
"S01006728",788,709,79
"S01006729",746,649,97
"S01006730",714,644,70
"S01006731",622,545,77
"S01006732",709,671,38
"S01006733",873,857,16
"S01006734",1014,990,24
"S01006735",807,776,31
"S01006736",892,878,14
"S01006737",578,553,25
"S01006738",660,620,40
"S01006739",525,487,38
"S01006740",758,684,74
"S01006741",718,638,80
"S01006742",507,462,45
"S01006743",439,397,42
"S01006744",606,551,55
"S01006745",795,690,105
"S01006746",768,707,61
"S01006747",916,868,48
"S01006748",826,765,61
"S01006749",1033,943,90
"S01006750",691,622,69
"S01006751",389,348,41
"S01006752",778,697,81
"S01006753",946,875,71
"S01006754",1007,950,57
"S01006755",595,571,24
"S01006756",166,158,8
"S01006757",981,919,62
"S01006758",710,683,27
"S01006759",480,453,27
"S01006760",423,408,15
"S01006761",762,719,43
"S01006762",1048,957,91
"S01006763",633,626,7
"S01006764",867,844,23
"S01006765",632,609,23
"S01006766",666,653,13
"S01006767",750,702,48
"S01006768",746,728,18
"S01006769",866,804,62
"S01006770",854,820,34
"S01006771",262,255,7
"S01006772",937,891,46
"S01006773",975,942,33
"S01006774",745,733,12
"S01006775",678,614,64
"S01006776",465,396,69
"S01006777",739,717,22
"S01006778",721,677,44
"S01006779",771,703,68
"S01006780",604,563,41
"S01006781",733,690,43
"S01006782",690,653,37
"S01006783",680,633,47
"S01006784",482,454,28
"S01006785",614,588,26
"S01006786",612,593,19
"S01006787",934,878,56
"S01006788",922,887,35
"S01006789",646,579,67
"S01006790",708,661,47
"S01006791",514,489,25
"S01006792",577,546,31
"S01006793",579,542,37
"S01006794",621,573,48
"S01006795",452,435,17
"S01006796",265,245,20
"S01006797",778,749,29
"S01006798",769,737,32
"S01006799",661,591,70
"S01006800",610,580,30
"S01006801",613,544,69
"S01006802",679,638,41
"S01006803",656,614,42
"S01006804",326,304,22
"S01006805",940,883,57
"S01006806",964,907,57
"S01006807",524,502,22
"S01006808",561,533,28
"S01006809",779,726,53
"S01006810",906,821,85
"S01006811",881,837,44
"S01006812",663,630,33
"S01006813",504,462,42
"S01006814",651,631,20
"S01006815",537,482,55
"S01006816",674,646,28
"S01006817",709,671,38
"S01006818",672,646,26
"S01006819",819,788,31
"S01006820",400,387,13
"S01006821",771,730,41
"S01006822",943,907,36
"S01006823",724,663,61
"S01006824",775,722,53
"S01006825",897,860,37
"S01006826",831,785,46
"S01006827",746,693,53
"S01006828",916,866,50
"S01006830",736,699,37
"S01006831",607,577,30
"S01006832",1083,1027,56
"S01006833",481,466,15
"S01006835",640,568,72
"S01006837",410,396,14
"S01006838",699,661,38
"S01006839",1040,983,57
"S01006840",696,677,19
"S01006841",991,960,31
"S01006842",898,857,41
"S01006843",870,839,31
"S01006844",722,682,40
"S01006845",814,793,21
"S01006846",572,540,32
"S01006847",723,684,39
"S01006848",963,906,57
"S01006849",82,77,5
"S01006850",1065,1014,51
"S01006851",763,707,56
"S01006852",581,560,21
"S01006853",730,702,28
"S01006854",380,369,11
"S01006855",810,785,25
"S01006856",614,586,28
"S01006857",1179,1114,65
"S01006858",611,594,17
"S01006859",1083,1059,24
"S01006860",551,491,60
"S01006861",113,108,5
"S01006862",709,664,45
"S01006863",505,470,35
"S01006865",797,756,41
"S01006866",577,557,20
"S01006867",661,626,35
"S01006868",792,744,48
"S01006869",613,562,51
"S01006870",398,375,23
"S01006871",591,558,33
"S01006872",725,681,44
"S01006873",1084,978,106
"S01006874",644,585,59
"S01006875",228,206,22
"S01006876",894,848,46
"S01006877",900,847,53
"S01006878",731,669,62
"S01006879",907,852,55
"S01006880",399,387,12
"S01006881",561,539,22
"S01006882",236,217,19
"S01006883",402,386,16
"S01006884",754,710,44
"S01006885",622,583,39
"S01006886",755,722,33
"S01006887",325,303,22
"S01006888",588,559,29
"S01006889",899,837,62
"S01006890",588,566,22
"S01006891",646,619,27
"S01006892",519,479,40
"S01006893",355,336,19
"S01006894",1024,969,55
"S01006895",629,575,54
"S01006896",797,757,40
"S01006897",756,718,38
"S01006898",709,668,41
"S01006899",513,493,20
"S01006900",666,645,21
"S01006901",658,620,38
"S01006902",688,658,30
"S01006903",727,671,56
"S01006904",636,573,63
"S01006905",857,777,80
"S01006906",940,834,106
"S01006907",510,474,36
"S01006908",705,650,55
"S01006910",1411,1334,77
"S01006912",676,647,29
"S01006913",140,137,3
"S01006914",664,637,27
"S01006915",797,772,25
"S01006916",87,85,2
"S01006917",113,111,2
"S01006918",359,337,22
"S01006919",373,357,16
"S01006920",143,128,15
"S01006921",233,224,9
"S01006922",289,276,13
"S01006923",727,691,36
"S01006924",655,620,35
"S01006925",697,675,22
"S01006926",102,101,1
"S01006928",983,922,61
"S01006929",856,840,16
"S01006930",1030,1000,30
"S01006931",420,402,18
"S01006932",263,253,10
"S01006933",682,666,16
"S01006934",606,514,92
"S01006935",798,775,23
"S01006936",588,567,21
"S01006937",816,783,33
"S01006938",592,569,23
"S01006939",544,528,16
"S01006940",1023,992,31
"S01006941",741,703,38
"S01006942",1002,966,36
"S01006945",663,645,18
"S01006946",782,753,29
"S01006947",471,456,15
"S01006948",853,805,48
"S01006949",574,557,17
"S01006951",484,466,18
"S01006952",734,689,45
"S01006953",733,707,26
"S01006954",583,556,27
"S01006955",752,703,49
"S01006956",390,373,17
"S01006957",847,810,37
"S01006958",842,798,44
"S01006959",693,630,63
"S01006960",130,129,1
"S01006962",814,767,47
"S01006963",621,608,13
"S01006964",633,615,18
"S01006965",452,430,22
"S01006966",680,635,45
"S01006967",759,738,21
"S01006968",491,461,30
"S01006969",1024,945,79
"S01006970",689,660,29
"S01006971",347,332,15
"S01006972",474,457,17
"S01006973",711,679,32
"S01006974",796,769,27
"S01006975",946,897,49
"S01006976",705,673,32
"S01006977",1013,973,40
"S01006978",790,749,41
"S01006979",583,556,27
"S01006980",920,876,44
"S01006981",787,756,31
"S01006982",670,648,22
"S01006983",727,694,33
"S01006984",768,745,23
"S01006985",1005,943,62
"S01006986",336,319,17
"S01006987",662,626,36
"S01006988",311,305,6
"S01006989",716,694,22
"S01006990",361,348,13
"S01006991",493,452,41
"S01006992",581,550,31
"S01006993",520,492,28
"S01006994",561,537,24
"S01006995",1037,990,47
"S01006996",312,301,11
"S01006997",601,580,21
"S01006998",974,923,51
"S01006999",808,752,56
"S01007000",509,465,44
"S01007001",725,642,83
"S01007002",428,400,28
"S01007003",454,429,25
"S01007004",723,683,40
"S01007005",824,793,31
"S01007006",871,791,80
"S01007007",741,697,44
"S01007008",871,787,84
"S01007009",1037,969,68
"S01007010",872,805,67
"S01007011",863,780,83
"S01007012",769,696,73
"S01007013",767,718,49
"S01007014",757,682,75
"S01007015",648,618,30
"S01007016",538,520,18
"S01007017",984,898,86
"S01007018",892,843,49
"S01007019",658,618,40
"S01007020",592,546,46
"S01007021",830,779,51
"S01007022",93,82,11
"S01007023",824,772,52
"S01007024",987,884,103
"S01007025",620,547,73
"S01007026",720,669,51
"S01007027",892,779,113
"S01007028",963,891,72
"S01007029",560,524,36
"S01007030",755,706,49
"S01007031",557,504,53
"S01007032",1135,1020,115
"S01007033",789,734,55
"S01007034",445,401,44
"S01007035",792,707,85
"S01007036",830,745,85
"S01007037",883,819,64
"S01007038",910,831,79
"S01007039",487,451,36
"S01007040",672,607,65
"S01007041",454,406,48
"S01007042",342,316,26
"S01007043",1327,1210,117
"S01007044",553,507,46
"S01007045",903,821,82
"S01007046",523,476,47
"S01007047",766,688,78
"S01007048",1186,1110,76
"S01007049",773,685,88
"S01007050",386,359,27
"S01007051",630,577,53
"S01007052",556,511,45
"S01007053",460,402,58
"S01007054",735,677,58
"S01007055",620,578,42
"S01007056",815,753,62
"S01007057",383,358,25
"S01007058",621,565,56
"S01007059",871,820,51
"S01007060",607,556,51
"S01007061",853,809,44
"S01007062",629,585,44
"S01007063",584,550,34
"S01007064",662,620,42
"S01007065",498,467,31
"S01007066",1178,1077,101
"S01007067",645,618,27
"S01007068",563,492,71
"S01007069",995,925,70
"S01007070",447,388,59
"S01007071",386,352,34
"S01007072",689,666,23
"S01007073",1212,1112,100
"S01007074",693,644,49
"S01007075",695,636,59
"S01007076",1028,967,61
"S01007077",777,732,45
"S01007078",967,857,110
"S01007079",920,825,95
"S01007080",972,860,112
"S01007081",954,860,94
"S01007082",566,514,52
"S01007083",817,685,132
"S01007084",677,598,79
"S01007085",886,822,64
"S01007086",815,698,117
"S01007087",630,546,84
"S01007088",593,516,77
"S01007089",707,678,29
"S01007090",541,518,23
"S01007092",703,615,88
"S01007093",1080,1031,49
"S01007094",935,864,71
"S01007095",649,602,47
"S01007096",603,571,32
"S01007097",286,273,13
"S01007098",378,355,23
"S01007099",654,610,44
"S01007100",757,715,42
"S01007101",586,535,51
"S01007102",854,778,76
"S01007103",543,503,40
"S01007104",1150,1061,89
"S01007105",436,388,48
"S01007106",625,548,77
"S01007107",428,394,34
"S01007108",990,893,97
"S01007109",395,344,51
"S01007110",611,555,56
"S01007111",485,446,39
"S01007112",637,597,40
"S01007113",481,419,62
"S01007114",867,805,62
"S01007115",663,591,72
"S01007116",473,459,14
"S01007117",557,541,16
"S01007118",791,725,66
"S01007119",880,792,88
"S01007120",967,857,110
"S01007121",499,415,84
"S01007122",585,527,58
"S01007123",707,617,90
"S01007124",880,800,80
"S01007125",836,749,87
"S01007126",860,749,111
"S01007127",455,391,64
"S01007128",909,783,126
"S01007129",681,645,36
"S01007130",583,531,52
"S01007131",496,456,40
"S01007132",707,666,41
"S01007133",607,547,60
"S01007134",679,631,48
"S01007135",465,443,22
"S01007136",192,179,13
"S01007137",65,64,1
"S01007138",454,419,35
"S01007139",742,691,51
"S01007140",822,762,60
"S01007141",655,590,65
"S01007144",1120,1052,68
"S01007145",939,863,76
"S01007146",876,815,61
"S01007147",666,615,51
"S01007148",600,578,22
"S01007149",805,759,46
"S01007150",814,761,53
"S01007151",656,555,101
"S01007152",700,650,50
"S01007153",706,647,59
"S01007154",780,690,90
"S01007155",503,465,38
"S01007156",614,570,44
"S01007157",524,490,34
"S01007158",758,707,51
"S01007159",781,699,82
"S01007160",702,634,68
"S01007161",623,567,56
"S01007162",322,276,46
"S01007163",924,856,68
"S01007164",627,577,50
"S01007165",773,715,58
"S01007166",645,594,51
"S01007167",917,875,42
"S01007168",1065,996,69
"S01007169",683,649,34
"S01007170",595,544,51
"S01007171",932,887,45
"S01007172",791,753,38
"S01007173",632,598,34
"S01007174",662,593,69
"S01007175",634,584,50
"S01007176",714,664,50
"S01007177",624,576,48
"S01007178",1009,911,98
"S01007179",1000,945,55
"S01007180",784,723,61
"S01007181",871,810,61
"S01007182",1004,918,86
"S01007183",1009,922,87
"S01007184",995,905,90
"S01007185",758,673,85
"S01007186",458,403,55
"S01007187",773,654,119
"S01007188",514,459,55
"S01007189",764,632,132
"S01007190",827,757,70
"S01007191",604,540,64
"S01007192",637,574,63
"S01007193",780,703,77
"S01007194",629,574,55
"S01007195",559,497,62
"S01007196",547,504,43
"S01007197",408,359,49
"S01007198",411,365,46
"S01007199",822,740,82
"S01007200",931,848,83
"S01007201",732,686,46
"S01007202",822,750,72
"S01007203",678,637,41
"S01007204",898,845,53
"S01007205",648,627,21
"S01007206",259,236,23
"S01007207",1019,930,89
"S01007208",897,816,81
"S01007209",613,521,92
"S01007210",655,604,51
"S01007211",697,634,63
"S01007212",606,558,48
"S01007213",773,712,61
"S01007214",687,609,78
"S01007215",804,749,55
"S01007216",792,734,58
"S01007217",896,821,75
"S01007218",680,642,38
"S01007219",772,704,68
"S01007220",724,669,55
"S01007221",205,191,14
"S01007222",879,828,51
"S01007223",560,541,19
"S01007224",586,543,43
"S01007225",824,768,56
"S01007226",705,660,45
"S01007227",820,745,75
"S01007228",611,567,44
"S01007229",1084,999,85
"S01007230",753,676,77
"S01007231",639,565,74
"S01007232",587,507,80
"S01007233",745,700,45
"S01007234",658,596,62
"S01007235",731,657,74
"S01007236",642,595,47
"S01007237",713,671,42
"S01007238",898,847,51
"S01007239",779,730,49
"S01007240",589,545,44
"S01007241",632,594,38
"S01007242",940,860,80
"S01007243",558,513,45
"S01007244",635,588,47
"S01007245",675,608,67
"S01007246",632,587,45
"S01007247",606,566,40
"S01007248",565,530,35
"S01007249",409,384,25
"S01007250",765,705,60
"S01007251",318,292,26
"S01007252",713,665,48
"S01007253",635,593,42
"S01007254",760,670,90
"S01007255",797,716,81
"S01007256",678,622,56
"S01007257",578,527,51
"S01007258",727,662,65
"S01007259",848,761,87
"S01007260",910,824,86
"S01007261",826,782,44
"S01007262",737,663,74
"S01007263",877,804,73
"S01007264",812,731,81
"S01007265",1083,988,95
"S01007266",722,659,63
"S01007267",501,463,38
"S01007268",582,537,45
"S01007269",493,465,28
"S01007270",649,607,42
"S01007271",801,723,78
"S01007272",1089,989,100
"S01007273",566,521,45
"S01007274",785,705,80
"S01007275",622,545,77
"S01007276",785,734,51
"S01007277",574,542,32
"S01007278",593,572,21
"S01007279",562,526,36
"S01007280",549,514,35
"S01007281",880,824,56
"S01007282",534,503,31
"S01007283",888,791,97
"S01007284",882,818,64
"S01007285",809,749,60
"S01007286",832,789,43
"S01007287",463,436,27
"S01007288",420,383,37
"S01007289",834,793,41
"S01007290",138,108,30
"S01007291",524,463,61
"S01007292",758,724,34
"S01007293",919,851,68
"S01007294",810,742,68
"S01007295",544,477,67
"S01007296",584,519,65
"S01007297",696,659,37
"S01007298",554,517,37
"S01007299",883,825,58
"S01007300",591,559,32
"S01007301",575,540,35
"S01007302",730,640,90
"S01007303",879,819,60
"S01007304",577,528,49
"S01007305",703,656,47
"S01007306",554,500,54
"S01007307",785,735,50
"S01007308",735,672,63
"S01007309",626,588,38
"S01007310",760,700,60
"S01007311",769,716,53
"S01007312",754,692,62
"S01007313",875,814,61
"S01007314",639,598,41
"S01007315",607,563,44
"S01007316",842,761,81
"S01007317",812,693,119
"S01007318",630,586,44
"S01007319",653,601,52
"S01007320",861,816,45
"S01007321",633,571,62
"S01007322",759,707,52
"S01007323",579,524,55
"S01007324",301,274,27
"S01007325",758,674,84
"S01007326",1315,1214,101
"S01007327",683,611,72
"S01007328",568,520,48
"S01007329",658,611,47
"S01007330",932,870,62
"S01007331",1015,946,69
"S01007332",489,442,47
"S01007333",756,694,62
"S01007334",700,596,104
"S01007335",851,768,83
"S01007336",417,374,43
"S01007337",506,451,55
"S01007338",832,754,78
"S01007339",678,603,75
"S01007340",511,447,64
"S01007341",720,646,74
"S01007342",851,767,84
"S01007343",818,738,80
"S01007344",345,304,41
"S01007345",493,408,85
"S01007346",640,539,101
"S01007347",690,622,68
"S01007348",706,622,84
"S01007349",407,375,32
"S01007350",584,492,92
"S01007351",673,615,58
"S01007352",526,478,48
"S01007353",716,646,70
"S01007354",751,672,79
"S01007355",2044,1801,243
"S01007356",734,654,80
"S01007357",822,743,79
"S01007358",985,913,72
"S01007359",116,100,16
"S01007360",431,390,41
"S01007361",1104,967,137
"S01007362",650,570,80
"S01007363",694,614,80
"S01007364",913,771,142
"S01007365",392,329,63
"S01007366",514,410,104
"S01007367",568,503,65
"S01007368",348,301,47
"S01007369",604,518,86
"S01007370",733,653,80
"S01007371",681,621,60
"S01007372",606,542,64
"S01007373",492,436,56
"S01007374",565,527,38
"S01007375",506,468,38
"S01007376",931,837,94
"S01007377",690,640,50
"S01007378",2671,2644,27
"S01007379",535,480,55
"S01007380",618,574,44
"S01007381",415,368,47
"S01007382",705,651,54
"S01007383",784,717,67
"S01007384",793,737,56
"S01007385",962,844,118
"S01007386",877,834,43
"S01007387",871,819,52
"S01007388",712,684,28
"S01007389",893,854,39
"S01007390",260,243,17
"S01007391",671,650,21
"S01007392",413,392,21
"S01007393",816,713,103
"S01007394",652,611,41
"S01007395",844,753,91
"S01007396",826,739,87
"S01007397",983,928,55
"S01007398",735,647,88
"S01007399",456,393,63
"S01007400",758,659,99
"S01007401",707,669,38
"S01007402",670,632,38
"S01007403",671,653,18
"S01007404",584,542,42
"S01007405",373,355,18
"S01007406",619,580,39
"S01007407",713,659,54
"S01007408",646,588,58
"S01007409",690,627,63
"S01007410",718,602,116
"S01007411",739,602,137
"S01007412",503,432,71
"S01007413",717,676,41
"S01007414",165,160,5
"S01007415",944,795,149
"S01007416",566,493,73
"S01007418",436,384,52
"S01007419",900,781,119
"S01007420",1195,1037,158
"S01007421",234,204,30
"S01007422",569,513,56
"S01007423",377,342,35
"S01007424",702,657,45
"S01007425",1053,987,66
"S01007426",623,553,70
"S01007427",703,609,94
"S01007428",939,844,95
"S01007429",816,769,47
"S01007430",459,424,35
"S01007431",588,552,36
"S01007432",730,667,63
"S01007433",650,571,79
"S01007434",545,483,62
"S01007435",744,676,68
"S01007436",741,644,97
"S01007437",422,379,43
"S01007438",721,633,88
"S01007439",796,706,90
"S01007440",734,673,61
"S01007441",553,530,23
"S01007442",524,502,22
"S01007443",925,855,70
"S01007444",876,823,53
"S01007445",730,698,32
"S01007446",586,561,25
"S01007447",485,457,28
"S01007448",834,765,69
"S01007449",806,694,112
"S01007450",684,599,85
"S01007451",723,660,63
"S01007452",695,617,78
"S01007454",626,526,100
"S01007455",933,804,129
"S01007456",873,747,126
"S01007457",692,602,90
"S01007458",421,383,38
"S01007459",794,711,83
"S01007460",717,626,91
"S01007461",739,618,121
"S01007462",689,614,75
"S01007463",970,840,130
"S01007464",773,649,124
"S01007465",847,719,128
"S01007466",680,570,110
"S01007467",995,867,128
"S01007468",686,642,44
"S01007469",731,664,67
"S01007470",657,544,113
"S01007471",385,346,39
"S01007472",707,606,101
"S01007473",368,315,53
"S01007474",318,291,27
"S01007475",275,243,32
"S01007476",914,840,74
"S01007477",573,531,42
"S01007478",773,705,68
"S01007479",330,280,50
"S01007480",491,458,33
"S01007481",724,680,44
"S01007482",438,376,62
"S01007483",846,755,91
"S01007484",690,620,70
"S01007485",511,454,57
"S01007486",601,512,89
"S01007487",931,786,145
"S01007488",870,779,91
"S01007489",827,744,83
"S01007490",1010,890,120
"S01007491",650,580,70
"S01007492",716,628,88
"S01007493",857,779,78
"S01007494",559,487,72
"S01007495",842,786,56
"S01007496",1080,968,112
"S01007497",637,579,58
"S01007498",1026,898,128
"S01007499",870,791,79
"S01007500",675,598,77
"S01007501",685,596,89
"S01007502",591,514,77
"S01007503",991,885,106
"S01007504",683,622,61
"S01007505",424,396,28
"S01007506",557,512,45
"S01007507",880,789,91
"S01007508",689,615,74
"S01007509",657,589,68
"S01007510",968,844,124
"S01007511",867,763,104
"S01007512",488,437,51
"S01007513",814,729,85
"S01007514",503,440,63
"S01007515",511,468,43
"S01007516",583,524,59
"S01007517",353,298,55
"S01007518",714,628,86
"S01007519",648,591,57
"S01007520",979,885,94
"S01007521",640,600,40
"S01007522",892,786,106
"S01007523",511,466,45
"S01007524",934,865,69
"S01007525",565,501,64
"S01007526",773,693,80
"S01007527",800,745,55
"S01007528",773,713,60
"S01007529",611,563,48
"S01007530",534,495,39
"S01007531",701,644,57
"S01007532",505,479,26
"S01007533",917,828,89
"S01007534",748,663,85
"S01007535",660,591,69
"S01007536",988,893,95
"S01007537",818,747,71
"S01007538",874,822,52
"S01007539",678,618,60
"S01007540",833,732,101
"S01007541",799,704,95
"S01007542",824,737,87
"S01007543",1091,1004,87
"S01007544",1371,1267,104
"S01007545",1012,934,78
"S01007546",488,454,34
"S01007547",546,503,43
"S01007548",466,425,41
"S01007549",635,582,53
"S01007550",991,911,80
"S01007551",857,776,81
"S01007552",953,826,127
"S01007553",847,711,136
"S01007554",451,353,98
"S01007555",470,432,38
"S01007556",494,429,65
"S01007557",1201,1090,111
"S01007558",454,392,62
"S01007559",854,798,56
"S01007560",689,615,74
"S01007561",454,387,67
"S01007562",875,807,68
"S01007563",784,713,71
"S01007564",732,669,63
"S01007565",979,905,74
"S01007566",671,622,49
"S01007567",715,684,31
"S01007568",704,657,47
"S01007569",950,852,98
"S01007570",633,591,42
"S01007571",549,498,51
"S01007572",881,764,117
"S01007574",1080,975,105
"S01007575",773,658,115
"S01007576",823,718,105
"S01007577",617,558,59
"S01007578",733,641,92
"S01007579",538,486,52
"S01007580",860,765,95
"S01007581",543,492,51
"S01007582",639,561,78
"S01007583",979,842,137
"S01007584",602,535,67
"S01007585",851,774,77
"S01007586",710,632,78
"S01007587",814,756,58
"S01007588",737,690,47
"S01007589",737,683,54
"S01007590",653,597,56
"S01007591",531,474,57
"S01007592",772,692,80
"S01007593",908,764,144
"S01007594",1055,944,111
"S01007595",956,886,70
"S01007596",461,394,67
"S01007597",646,605,41
"S01007598",627,579,48
"S01007599",636,550,86
"S01007600",879,762,117
"S01007601",673,652,21
"S01007602",696,666,30
"S01007603",831,817,14
"S01007604",992,930,62
"S01007605",1043,972,71
"S01007606",500,465,35
"S01007607",771,727,44
"S01007608",845,800,45
"S01007609",792,719,73
"S01007610",613,518,95
"S01007611",780,654,126
"S01007612",1001,875,126
"S01007613",828,773,55
"S01007614",469,450,19
"S01007615",855,765,90
"S01007616",653,540,113
"S01007617",567,515,52
"S01007618",694,604,90
"S01007619",689,617,72
"S01007620",624,575,49
"S01007621",567,519,48
"S01007622",440,382,58
"S01007623",501,465,36
"S01007624",699,656,43
"S01007625",537,500,37
"S01007626",328,319,9
"S01007627",372,353,19
"S01007628",673,629,44
"S01007629",613,580,33
"S01007630",833,786,47
"S01007631",593,552,41
"S01007632",907,826,81
"S01007633",1045,953,92
"S01007634",564,521,43
"S01007635",542,498,44
"S01007636",776,699,77
"S01007637",913,841,72
"S01007638",771,689,82
"S01007639",1007,951,56
"S01007640",582,535,47
"S01007641",679,616,63
"S01007642",795,721,74
"S01007643",839,755,84
"S01007644",608,566,42
"S01007645",565,530,35
"S01007646",672,602,70
"S01007647",768,714,54
"S01007648",862,810,52
"S01007649",790,721,69
"S01007650",942,857,85
"S01007651",745,688,57
"S01007652",397,353,44
"S01007653",823,776,47
"S01007654",1031,904,127
"S01007655",777,707,70
"S01007656",848,781,67
"S01007657",507,468,39
"S01007658",494,446,48
"S01007659",871,794,77
"S01007660",627,562,65
"S01007661",572,505,67
"S01007662",849,740,109
"S01007663",853,781,72
"S01007664",576,491,85
"S01007665",592,548,44
"S01007666",229,209,20
"S01007667",535,484,51
"S01007668",1080,952,128
"S01007669",665,610,55
"S01007670",685,621,64
"S01007671",679,593,86
"S01007672",906,840,66
"S01007673",688,630,58
"S01007674",827,758,69
"S01007675",527,486,41
"S01007676",699,653,46
"S01007677",295,269,26
"S01007678",793,697,96
"S01007679",744,658,86
"S01007680",977,919,58
"S01007681",423,386,37
"S01007682",1264,1192,72
"S01007683",854,826,28
"S01007684",923,869,54
"S01007685",933,899,34
"S01007686",806,757,49
"S01007687",925,874,51
"S01007688",879,821,58
"S01007689",662,614,48
"S01007690",1045,995,50
"S01007691",1736,1646,90
"S01007692",606,575,31
"S01007693",459,413,46
"S01007694",475,419,56
"S01007695",922,775,147
"S01007696",702,645,57
"S01007697",987,860,127
"S01007698",1020,936,84
"S01007699",820,742,78
"S01007700",939,873,66
"S01007701",444,375,69
"S01007702",197,184,13
"S01007703",805,722,83
"S01007704",902,745,157
"S01007705",593,543,50
"S01007706",432,418,14
"S01007707",267,244,23
"S01007708",783,702,81
"S01007709",547,482,65
"S01007710",391,354,37
"S01007711",1073,954,119
"S01007712",613,557,56
"S01007713",533,456,77
"S01007714",673,606,67
"S01007715",452,376,76
"S01007716",903,733,170
"S01007717",967,826,141
"S01007718",611,506,105
"S01007719",981,817,164
"S01007720",723,601,122
"S01007721",747,642,105
"S01007722",874,692,182
"S01007723",997,761,236
"S01007724",623,557,66
"S01007725",784,641,143
"S01007726",781,658,123
"S01007727",771,674,97
"S01007728",664,591,73
"S01007729",772,697,75
"S01007730",675,621,54
"S01007731",369,328,41
"S01007732",581,494,87
"S01007733",939,886,53
"S01007734",865,807,58
"S01007735",865,805,60
"S01007736",767,706,61
"S01007737",916,823,93
"S01007738",742,657,85
"S01007739",454,390,64
"S01007740",664,601,63
"S01007741",671,570,101
"S01007742",641,566,75
"S01007743",908,761,147
"S01007744",795,667,128
"S01007745",669,545,124
"S01007746",963,828,135
"S01007747",546,474,72
"S01007748",709,618,91
"S01007749",818,757,61
"S01007750",807,756,51
"S01007751",919,848,71
"S01007752",795,707,88
"S01007753",545,455,90
"S01007754",976,841,135
"S01007755",866,743,123
"S01007756",605,514,91
"S01007757",894,844,50
"S01007758",966,871,95
"S01007759",955,835,120
"S01007760",795,755,40
"S01007761",990,939,51
"S01007762",825,732,93
"S01007763",593,493,100
"S01007764",862,817,45
"S01007765",731,697,34
"S01007766",677,639,38
"S01007767",1097,1018,79
"S01007768",655,586,69
"S01007769",740,693,47
"S01007770",761,728,33
"S01007771",583,548,35
"S01007772",984,852,132
"S01007773",830,790,40
"S01007774",313,305,8
"S01007775",502,472,30
"S01007776",662,644,18
"S01007777",258,251,7
"S01007778",273,255,18
"S01007779",782,723,59
"S01007780",876,824,52
"S01007781",919,871,48
"S01007782",346,308,38
"S01007783",786,593,193
"S01007784",792,737,55
"S01007785",488,425,63
"S01007786",810,714,96
"S01007787",700,609,91
"S01007788",585,494,91
"S01007789",627,551,76
"S01007790",659,601,58
"S01007791",164,152,12
"S01007792",974,855,119
"S01007793",991,855,136
"S01007794",642,576,66
"S01007795",793,696,97
"S01007796",856,741,115
"S01007797",715,628,87
"S01007798",269,255,14
"S01007800",938,804,134
"S01007801",1030,865,165
"S01007802",600,581,19
"S01007803",1016,829,187
"S01007804",547,484,63
"S01007805",375,319,56
"S01007806",736,655,81
"S01007807",752,711,41
"S01007808",851,787,64
"S01007809",974,889,85
"S01007810",933,797,136
"S01007811",947,841,106
"S01007812",813,727,86
"S01007813",805,719,86
"S01007814",663,591,72
"S01007815",924,862,62
"S01007816",764,724,40
"S01007817",511,473,38
"S01007818",886,831,55
"S01007819",689,619,70
"S01007820",975,874,101
"S01007821",575,514,61
"S01007822",834,741,93
"S01007823",762,706,56
"S01007824",805,738,67
"S01007825",960,860,100
"S01007826",648,531,117
"S01007827",634,581,53
"S01007828",1024,860,164
"S01007829",598,510,88
"S01007830",977,839,138
"S01007831",809,675,134
"S01007832",589,499,90
"S01007833",862,713,149
"S01007834",811,706,105
"S01007835",735,670,65
"S01007836",633,559,74
"S01007837",916,863,53
"S01007838",1078,1009,69
"S01007839",590,491,99
"S01007840",836,743,93
"S01007841",674,597,77
"S01007842",726,639,87
"S01007843",805,715,90
"S01007844",961,870,91
"S01007845",890,785,105
"S01007846",695,616,79
"S01007847",914,760,154
"S01007848",829,701,128
"S01007849",892,777,115
"S01007850",852,745,107
"S01007851",971,821,150
"S01007852",660,579,81
"S01007853",643,527,116
"S01007854",931,785,146
"S01007855",661,565,96
"S01007856",749,679,70
"S01007857",397,347,50
"S01007858",778,637,141
"S01007859",252,227,25
"S01007861",702,627,75
"S01007862",747,660,87
"S01007863",933,811,122
"S01007864",988,855,133
"S01007866",594,576,18
"S01007867",386,282,104
"S01007868",1003,965,38
"S01007869",564,540,24
"S01007870",544,471,73
"S01007871",817,671,146
"S01007872",748,626,122
"S01007873",706,580,126
"S01007874",701,549,152
"S01007875",491,448,43
"S01007876",654,578,76
"S01007877",685,582,103
"S01007878",517,427,90
"S01007879",734,631,103
"S01007880",824,738,86
"S01007881",644,554,90
"S01007882",722,682,40
"S01007883",693,614,79
"S01007884",606,533,73
"S01007885",774,654,120
"S01007886",673,572,101
"S01007887",647,599,48
"S01007888",1172,1039,133
"S01007889",593,500,93
"S01007890",594,526,68
"S01007891",541,455,86
"S01007892",444,406,38
"S01007893",1241,1146,95
"S01007894",932,861,71
"S01007895",553,503,50
"S01007896",775,678,97
"S01007897",665,615,50
"S01007898",711,651,60
"S01007899",606,553,53
"S01007900",476,415,61
"S01007901",701,589,112
"S01007902",981,803,178
"S01007903",649,513,136
"S01007904",822,734,88
"S01007905",729,649,80
"S01007906",835,683,152
"S01007907",608,522,86
"S01007908",532,464,68
"S01007909",421,377,44
"S01007910",1012,907,105
"S01007911",430,371,59
"S01007912",787,668,119
"S01007913",694,606,88
"S01007914",769,672,97
"S01007915",790,723,67
"S01007916",905,766,139
"S01007917",943,833,110
"S01007918",1008,848,160
"S01007919",595,562,33
"S01007920",611,565,46
"S01007921",999,843,156
"S01007922",932,759,173
"S01007923",570,479,91
"S01007924",842,733,109
"S01007925",768,715,53
"S01007926",690,655,35
"S01007927",578,551,27
"S01007928",1058,962,96
"S01007929",604,573,31
"S01007930",549,519,30
"S01007931",839,765,74
"S01007932",944,889,55
"S01007933",746,688,58
"S01007934",685,617,68
"S01007935",796,699,97
"S01007936",763,738,25
"S01007937",923,878,45
"S01007938",779,679,100
"S01007939",946,853,93
"S01007940",960,839,121
"S01007941",450,424,26
"S01007942",216,181,35
"S01007943",551,494,57
"S01007944",804,707,97
"S01007945",880,774,106
"S01007946",794,681,113
"S01007947",766,700,66
"S01007948",730,625,105
"S01007949",833,782,51
"S01007950",772,725,47
"S01007951",759,686,73
"S01007952",623,534,89
"S01007953",990,873,117
"S01007954",732,640,92
"S01007955",658,588,70
"S01007956",778,714,64
"S01007957",961,824,137
"S01007958",920,789,131
"S01007959",784,707,77
"S01007960",644,569,75
"S01007961",1784,1607,177
"S01007962",623,550,73
"S01007963",946,829,117
"S01007964",775,686,89
"S01007965",603,529,74
"S01007966",916,806,110
"S01007967",638,581,57
"S01007968",985,888,97
"S01007969",695,623,72
"S01007970",908,809,99
"S01007971",985,849,136
"S01007972",920,829,91
"S01007973",979,943,36
"S01007974",979,825,154
"S01007975",611,526,85
"S01007976",663,559,104
"S01007977",558,516,42
"S01007978",595,534,61
"S01007979",735,678,57
"S01007980",725,643,82
"S01007981",622,589,33
"S01007982",601,568,33
"S01007983",805,698,107
"S01007984",760,691,69
"S01007985",950,838,112
"S01007986",600,532,68
"S01007987",718,659,59
"S01007988",868,780,88
"S01007989",656,600,56
"S01007990",1136,1067,69
"S01007991",600,589,11
"S01007992",610,587,23
"S01007993",773,743,30
"S01007994",338,334,4
"S01007995",652,638,14
"S01007996",533,511,22
"S01007997",648,609,39
"S01007998",550,515,35
"S01007999",854,772,82
"S01008000",927,813,114
"S01008001",925,813,112
"S01008002",695,602,93
"S01008003",650,583,67
"S01008004",127,114,13
"S01008006",520,451,69
"S01008007",545,500,45
"S01008008",413,358,55
"S01008009",504,413,91
"S01008010",872,764,108
"S01008011",618,493,125
"S01008012",741,651,90
"S01008013",604,505,99
"S01008014",600,549,51
"S01008015",785,692,93
"S01008016",825,699,126
"S01008017",969,905,64
"S01008018",488,455,33
"S01008019",747,692,55
"S01008020",598,563,35
"S01008021",747,709,38
"S01008022",813,781,32
"S01008023",509,497,12
"S01008024",170,164,6
"S01008025",773,717,56
"S01008026",871,777,94
"S01008027",683,596,87
"S01008028",358,317,41
"S01008029",1191,1068,123
"S01008030",774,725,49
"S01008031",848,762,86
"S01008032",908,832,76
"S01008033",1461,1401,60
"S01008034",801,777,24
"S01008035",645,606,39
"S01008036",705,669,36
"S01008037",1014,904,110
"S01008038",883,786,97
"S01008039",865,803,62
"S01008040",995,943,52
"S01008041",661,598,63
"S01008042",587,551,36
"S01008043",745,711,34
"S01008044",955,898,57
"S01008045",1152,1071,81
"S01008046",887,753,134
"S01008047",729,692,37
"S01008048",624,597,27
"S01008049",834,780,54
"S01008050",612,569,43
"S01008051",907,866,41
"S01008052",855,805,50
"S01008053",579,552,27
"S01008054",962,906,56
"S01008055",751,725,26
"S01008056",848,740,108
"S01008057",910,860,50
"S01008058",962,919,43
"S01008059",606,581,25
"S01008060",810,780,30
"S01008061",949,900,49
"S01008062",1105,1034,71
"S01008063",829,784,45
"S01008064",772,695,77
"S01008065",1063,1010,53
"S01008066",1009,988,21
"S01008067",562,539,23
"S01008068",963,908,55
"S01008069",954,874,80
"S01008070",980,912,68
"S01008071",749,699,50
"S01008072",397,339,58
"S01008073",478,465,13
"S01008074",990,951,39
"S01008075",620,580,40
"S01008076",659,616,43
"S01008077",914,853,61
"S01008078",978,941,37
"S01008079",918,873,45
"S01008080",702,656,46
"S01008081",602,568,34
"S01008082",672,637,35
"S01008083",632,586,46
"S01008084",851,795,56
"S01008085",1014,963,51
"S01008086",1038,965,73
"S01008087",915,865,50
"S01008088",974,924,50
"S01008089",706,657,49
"S01008090",798,724,74
"S01008091",455,426,29
"S01008092",912,829,83
"S01008093",805,740,65
"S01008094",653,624,29
"S01008095",714,667,47
"S01008096",829,751,78
"S01008097",564,511,53
"S01008098",784,727,57
"S01008099",498,470,28
"S01008100",985,910,75
"S01008101",812,751,61
"S01008102",787,713,74
"S01008103",616,515,101
"S01008104",1014,902,112
"S01008105",1085,905,180
"S01008106",732,615,117
"S01008107",379,346,33
"S01008108",600,566,34
"S01008109",1027,963,64
"S01008110",930,881,49
"S01008111",974,903,71
"S01008112",917,863,54
"S01008113",894,833,61
"S01008114",744,702,42
"S01008115",1015,967,48
"S01008116",1060,1020,40
"S01008117",876,806,70
"S01008118",1194,1036,158
"S01008119",678,576,102
"S01008120",789,720,69
"S01008121",695,659,36
"S01008122",601,580,21
"S01008123",875,824,51
"S01008124",726,694,32
"S01008125",924,877,47
"S01008126",898,866,32
"S01008127",532,496,36
"S01008128",841,793,48
"S01008129",892,776,116
"S01008130",881,789,92
"S01008131",762,665,97
"S01008132",1018,937,81
"S01008133",594,510,84
"S01008134",644,589,55
"S01008135",1221,1002,219
"S01008136",846,717,129
"S01008137",868,743,125
"S01008138",761,651,110
"S01008139",1132,984,148
"S01008140",628,540,88
"S01008141",1135,1050,85
"S01008142",688,657,31
"S01008143",1003,882,121
"S01008144",946,896,50
"S01008145",842,721,121
"S01008146",619,526,93
"S01008147",844,745,99
"S01008148",836,764,72
"S01008149",712,627,85
"S01008150",963,849,114
"S01008151",691,586,105
"S01008152",995,843,152
"S01008153",599,568,31
"S01008154",878,813,65
"S01008155",740,693,47
"S01008156",949,860,89
"S01008157",762,715,47
"S01008158",811,777,34
"S01008159",935,807,128
"S01008160",938,770,168
"S01008161",688,651,37
"S01008162",1048,953,95
"S01008163",781,682,99
"S01008164",669,587,82
"S01008165",163,156,7
"S01008166",568,522,46
"S01008167",602,515,87
"S01008168",998,893,105
"S01008169",610,540,70
"S01008170",638,591,47
"S01008171",774,674,100
"S01008172",582,534,48
"S01008173",672,630,42
"S01008174",581,548,33
"S01008175",780,721,59
"S01008176",675,650,25
"S01008177",769,674,95
"S01008178",729,695,34
"S01008179",539,530,9
"S01008180",518,499,19
"S01008181",637,597,40
"S01008182",887,777,110
"S01008183",856,799,57
"S01008184",703,617,86
"S01008185",1043,906,137
"S01008186",702,638,64
"S01008187",547,492,55
"S01008188",875,740,135
"S01008189",601,543,58
"S01008190",924,810,114
"S01008191",484,445,39
"S01008192",880,802,78
"S01008193",805,730,75
"S01008194",565,491,74
"S01008195",768,690,78
"S01008196",782,714,68
"S01008198",723,635,88
"S01008199",861,757,104
"S01008200",561,474,87
"S01008201",756,651,105
"S01008202",615,544,71
"S01008203",548,481,67
"S01008204",813,652,161
"S01008205",763,676,87
"S01008206",585,506,79
"S01008207",585,536,49
"S01008208",130,111,19
"S01008210",970,854,116
"S01008211",883,778,105
"S01008212",478,456,22
"S01008213",975,934,41
"S01008214",675,595,80
"S01008215",640,582,58
"S01008216",677,648,29
"S01008217",738,708,30
"S01008218",506,484,22
"S01008219",827,759,68
"S01008220",682,614,68
"S01008221",786,696,90
"S01008222",760,649,111
"S01008223",462,395,67
"S01008224",962,926,36
"S01008225",776,713,63
"S01008226",823,706,117
"S01008227",784,695,89
"S01008228",570,538,32
"S01008229",492,437,55
"S01008230",536,515,21
"S01008231",96,86,10
"S01008233",246,216,30
"S01008234",344,303,41
"S01008235",829,750,79
"S01008236",925,865,60
"S01008237",862,810,52
"S01008238",689,629,60
"S01008239",607,550,57
"S01008240",848,817,31
"S01008241",689,667,22
"S01008242",950,839,111
"S01008243",754,696,58
"S01008244",456,433,23
"S01008245",993,920,73
"S01008246",1056,969,87
"S01008247",657,618,39
"S01008248",755,706,49
"S01008249",886,831,55
"S01008250",777,744,33
"S01008251",587,568,19
"S01008252",955,924,31
"S01008253",725,637,88
"S01008254",878,810,68
"S01008255",797,717,80
"S01008256",931,843,88
"S01008257",634,554,80
"S01008258",793,738,55
"S01008259",568,508,60
"S01008260",932,855,77
"S01008261",942,865,77
"S01008262",581,549,32
"S01008263",470,397,73
"S01008264",498,448,50
"S01008265",645,605,40
"S01008266",561,537,24
"S01008267",739,680,59
"S01008268",692,644,48
"S01008269",761,710,51
"S01008270",771,714,57
"S01008271",639,591,48
"S01008272",925,874,51
"S01008273",782,743,39
"S01008274",769,698,71
"S01008275",612,571,41
"S01008276",543,519,24
"S01008277",512,483,29
"S01008278",876,831,45
"S01008279",762,709,53
"S01008280",862,791,71
"S01008281",749,714,35
"S01008282",721,664,57
"S01008283",199,175,24
"S01008284",521,461,60
"S01008285",759,663,96
"S01008286",776,697,79
"S01008287",898,857,41
"S01008288",908,832,76
"S01008289",518,469,49
"S01008290",691,635,56
"S01008291",751,697,54
"S01008292",380,366,14
"S01008294",385,358,27
"S01008295",830,789,41
"S01008296",584,501,83
"S01008297",543,487,56
"S01008298",934,858,76
"S01008299",732,620,112
"S01008300",785,700,85
"S01008301",942,902,40
"S01008302",784,756,28
"S01008303",547,491,56
"S01008304",396,361,35
"S01008305",874,819,55
"S01008306",679,650,29
"S01008307",629,571,58
"S01008308",642,599,43
"S01008309",691,592,99
"S01008310",993,881,112
"S01008311",431,383,48
"S01008312",267,244,23
"S01008313",1055,866,189
"S01008314",542,458,84
"S01008315",670,578,92
"S01008316",487,418,69
"S01008317",531,470,61
"S01008318",1038,976,62
"S01008319",761,654,107
"S01008320",594,538,56
"S01008321",616,584,32
"S01008322",1018,886,132
"S01008323",851,721,130
"S01008324",516,454,62
"S01008325",726,634,92
"S01008326",911,790,121
"S01008327",992,841,151
"S01008328",824,779,45
"S01008329",960,908,52
"S01008330",957,910,47
"S01008331",605,580,25
"S01008332",943,872,71
"S01008333",954,830,124
"S01008334",584,542,42
"S01008335",680,612,68
"S01008336",608,538,70
"S01008337",545,495,50
"S01008338",808,782,26
"S01008339",590,567,23
"S01008340",757,730,27
"S01008341",666,648,18
"S01008342",807,752,55
"S01008343",819,779,40
"S01008344",840,809,31
"S01008345",806,760,46
"S01008346",980,930,50
"S01008347",992,912,80
"S01008348",763,724,39
"S01008349",696,678,18
"S01008350",574,547,27
"S01008351",937,886,51
"S01008352",649,617,32
"S01008353",408,389,19
"S01008354",558,491,67
"S01008355",589,529,60
"S01008356",562,530,32
"S01008357",464,437,27
"S01008358",711,622,89
"S01008359",689,653,36
"S01008360",835,805,30
"S01008361",885,843,42
"S01008362",838,803,35
"S01008363",762,721,41
"S01008364",744,698,46
"S01008365",830,796,34
"S01008366",889,781,108
"S01008367",693,599,94
"S01008368",454,425,29
"S01008369",657,601,56
"S01008370",719,673,46
"S01008371",776,738,38
"S01008372",765,741,24
"S01008373",795,764,31
"S01008374",707,671,36
"S01008375",784,751,33
"S01008376",505,485,20
"S01008377",754,712,42
"S01008378",880,842,38
"S01008379",527,490,37
"S01008380",559,536,23
"S01008381",518,501,17
"S01008382",784,732,52
"S01008383",506,485,21
"S01008384",970,900,70
"S01008385",635,610,25
"S01008386",696,649,47
"S01008387",842,809,33
"S01008388",534,507,27
"S01008389",530,458,72
"S01008390",640,600,40
"S01008391",766,706,60
"S01008392",924,876,48
"S01008393",629,595,34
"S01008394",963,930,33
"S01008395",530,509,21
"S01008396",906,851,55
"S01008397",994,958,36
"S01008398",628,582,46
"S01008399",703,628,75
"S01008400",504,477,27
"S01008401",870,806,64
"S01008402",999,958,41
"S01008403",619,586,33
"S01008404",1019,938,81
"S01008405",820,803,17
"S01008406",987,876,111
"S01008407",539,488,51
"S01008408",631,602,29
"S01008409",1037,920,117
"S01008410",587,523,64
"S01008411",617,585,32
"S01008412",658,616,42
"S01008413",379,345,34
"S01008414",485,459,26
"S01008415",896,808,88
"S01008416",840,738,102
"S01008417",748,723,25
"S01008418",762,727,35
"S01008419",521,491,30
"S01008420",521,489,32
"S01008421",707,651,56
"S01008422",718,691,27
"S01008423",804,747,57
"S01008424",813,771,42
"S01008425",2647,2579,68
"S01008426",641,583,58
"S01008427",1142,1096,46
"S01008428",701,629,72
"S01008429",700,642,58
"S01008430",801,748,53
"S01008431",879,836,43
"S01008432",736,713,23
"S01008433",916,866,50
"S01008434",1043,991,52
"S01008435",808,769,39
"S01008436",740,688,52
"S01008437",705,645,60
"S01008438",875,840,35
"S01008439",1022,990,32
"S01008440",1086,1028,58
"S01008441",401,390,11
"S01008442",568,543,25
"S01008443",631,601,30
"S01008444",645,613,32
"S01008445",1178,1089,89
"S01008446",1074,1039,35
"S01008447",704,677,27
"S01008448",674,630,44
"S01008449",466,421,45
"S01008450",428,391,37
"S01008451",707,631,76
"S01008452",525,470,55
"S01008453",195,181,14
"S01008454",986,875,111
"S01008455",973,844,129
"S01008456",769,657,112
"S01008457",590,504,86
"S01008458",927,841,86
"S01008459",611,519,92
"S01008460",739,657,82
"S01008461",884,775,109
"S01008462",548,451,97
"S01008463",669,579,90
"S01008464",908,852,56
"S01008465",793,732,61
"S01008466",766,726,40
"S01008467",796,741,55
"S01008468",644,592,52
"S01008469",341,293,48
"S01008470",754,642,112
"S01008471",923,818,105
"S01008472",536,474,62
"S01008473",724,646,78
"S01008474",774,655,119
"S01008475",559,487,72
"S01008476",689,571,118
"S01008477",912,779,133
"S01008478",667,556,111
"S01008479",790,680,110
"S01008480",361,312,49
"S01008481",1338,1194,144
"S01008482",602,515,87
"S01008483",637,555,82
"S01008484",783,711,72
"S01008485",983,924,59
"S01008486",900,794,106
"S01008487",277,254,23
"S01008488",516,437,79
"S01008489",648,587,61
"S01008490",907,827,80
"S01008491",766,686,80
"S01008492",531,483,48
"S01008493",744,679,65
"S01008494",659,614,45
"S01008495",825,767,58
"S01008496",934,877,57
"S01008497",766,712,54
"S01008498",753,675,78
"S01008499",884,828,56
"S01008500",257,210,47
"S01008501",414,395,19
"S01008502",622,608,14
"S01008503",685,659,26
"S01008504",955,902,53
"S01008505",765,739,26
"S01008506",836,773,63
"S01008507",845,816,29
"S01008508",866,826,40
"S01008509",754,718,36
"S01008510",849,805,44
"S01008511",989,943,46
"S01008512",498,479,19
"S01008513",600,556,44
"S01008514",982,908,74
"S01008515",760,726,34
"S01008516",866,811,55
"S01008517",815,763,52
"S01008518",920,889,31
"S01008519",844,802,42
"S01008520",721,697,24
"S01008521",880,834,46
"S01008522",569,549,20
"S01008523",79,77,2
"S01008524",770,665,105
"S01008525",713,615,98
"S01008526",820,732,88
"S01008527",784,734,50
"S01008528",740,697,43
"S01008529",765,681,84
"S01008530",755,660,95
"S01008531",788,682,106
"S01008532",470,420,50
"S01008533",524,504,20
"S01008534",753,727,26
"S01008535",715,679,36
"S01008536",593,561,32
"S01008537",716,695,21
"S01008538",446,417,29
"S01008539",877,842,35
"S01008540",776,727,49
"S01008541",943,911,32
"S01008542",936,910,26
"S01008543",823,800,23
"S01008544",680,669,11
"S01008545",566,546,20
"S01008546",1008,967,41
"S01008547",1003,956,47
"S01008548",1035,988,47
"S01008549",981,907,74
"S01008550",815,781,34
"S01008551",1014,965,49
"S01008552",826,782,44
"S01008553",633,562,71
"S01008554",1022,885,137
"S01008555",758,632,126
"S01008556",800,693,107
"S01008557",798,662,136
"S01008558",956,846,110
"S01008559",677,562,115
"S01008560",694,605,89
"S01008561",583,531,52
"S01008562",549,453,96
"S01008563",944,842,102
"S01008564",576,487,89
"S01008565",823,699,124
"S01008566",966,844,122
"S01008567",548,482,66
"S01008568",771,723,48
"S01008569",676,565,111
"S01008570",733,623,110
"S01008571",806,736,70
"S01008572",809,708,101
"S01008573",786,744,42
"S01008574",814,759,55
"S01008575",758,729,29
"S01008576",845,798,47
"S01008577",890,824,66
"S01008578",809,760,49
"S01008579",1041,1001,40
"S01008580",577,535,42
"S01008581",998,836,162
"S01008582",1055,903,152
"S01008583",665,564,101
"S01008584",645,568,77
"S01008585",699,618,81
"S01008586",725,611,114
"S01008587",884,842,42
"S01008588",729,689,40
"S01008589",380,356,24
"S01008590",565,518,47
"S01008591",740,709,31
"S01008592",720,645,75
"S01008593",807,775,32
"S01008594",947,915,32
"S01008595",833,683,150
"S01008596",876,742,134
"S01008597",879,806,73
"S01008598",753,698,55
"S01008599",879,840,39
"S01008600",916,841,75
"S01008601",2692,2598,94
"S01008602",595,568,27
"S01008603",1096,1028,68
"S01008604",724,683,41
"S01008605",765,715,50
"S01008606",920,878,42
"S01008607",292,272,20
"S01008608",729,675,54
"S01008609",913,853,60
"S01008610",927,884,43
"S01008611",1230,1189,41
"S01008612",717,684,33
"S01008613",796,746,50
"S01008614",680,654,26
"S01008615",814,775,39
"S01008616",738,725,13
"S01008617",825,802,23
"S01008618",748,726,22
"S01008619",514,494,20
"S01008620",788,759,29
"S01008621",756,740,16
"S01008622",580,563,17
"S01008623",999,973,26
"S01008624",764,645,119
"S01008625",603,580,23
"S01008626",902,883,19
"S01008627",724,664,60
"S01008628",595,560,35
"S01008629",562,523,39
"S01008630",475,443,32
"S01008631",772,736,36
"S01008632",1097,872,225
"S01008633",843,776,67
"S01008634",761,741,20
"S01008635",797,761,36
"S01008636",795,763,32
"S01008637",630,609,21
"S01008638",761,666,95
"S01008639",929,866,63
"S01008640",760,731,29
"S01008641",867,835,32
"S01008642",863,831,32
"S01008643",745,716,29
"S01008644",711,680,31
"S01008645",778,738,40
"S01008646",799,747,52
"S01008647",550,534,16
"S01008648",532,488,44
"S01008649",828,766,62
"S01008650",771,727,44
"S01008651",722,648,74
"S01008652",573,512,61
"S01008653",711,654,57
"S01008654",896,819,77
"S01008655",554,511,43
"S01008656",634,564,70
"S01008657",697,635,62
"S01008658",697,632,65
"S01008659",796,730,66
"S01008660",866,830,36
"S01008661",767,711,56
"S01008662",654,615,39
"S01008663",906,824,82
"S01008664",831,769,62
"S01008665",916,856,60
"S01008666",592,567,25
"S01008667",638,603,35
"S01008668",642,612,30
"S01008669",405,391,14
"S01008670",866,824,42
"S01008671",742,701,41
"S01008672",605,580,25
"S01008673",829,758,71
"S01008674",965,873,92
"S01008675",631,571,60
"S01008676",773,710,63
"S01008677",589,554,35
"S01008678",959,910,49
"S01008679",895,792,103
"S01008680",547,500,47
"S01008681",858,748,110
"S01008682",674,594,80
"S01008683",1108,948,160
"S01008684",888,770,118
"S01008685",835,720,115
"S01008686",794,683,111
"S01008687",528,491,37
"S01008688",687,613,74
"S01008689",842,775,67
"S01008690",973,907,66
"S01008691",1017,933,84
"S01008692",566,521,45
"S01008693",501,464,37
"S01008694",913,869,44
"S01008695",689,644,45
"S01008696",703,667,36
"S01008697",871,819,52
"S01008698",413,390,23
"S01008699",924,809,115
"S01008700",499,468,31
"S01008701",417,359,58
"S01008703",658,555,103
"S01008704",402,323,79
"S01008705",292,235,57
"S01008706",213,171,42
"S01008707",766,672,94
"S01008708",816,687,129
"S01008709",789,700,89
"S01008710",256,236,20
"S01008711",651,544,107
"S01008712",1069,870,199
"S01008713",703,620,83
"S01008714",625,564,61
"S01008715",818,702,116
"S01008716",544,453,91
"S01008717",459,437,22
"S01008718",504,462,42
"S01008719",994,934,60
"S01008720",454,377,77
"S01008721",854,828,26
"S01008722",1076,980,96
"S01008723",618,588,30
"S01008724",908,847,61
"S01008725",785,740,45
"S01008726",415,388,27
"S01008727",1093,994,99
"S01008728",421,375,46
"S01008729",828,773,55
"S01008730",761,699,62
"S01008731",485,414,71
"S01008732",480,434,46
"S01008733",685,638,47
"S01008734",707,663,44
"S01008735",979,919,60
"S01008736",710,658,52
"S01008737",952,910,42
"S01008738",624,561,63
"S01008739",634,598,36
"S01008740",656,628,28
"S01008741",1121,1048,73
"S01008742",435,384,51
"S01008743",1038,947,91
"S01008744",1060,940,120
"S01008745",470,434,36
"S01008746",1012,879,133
"S01008747",540,507,33
"S01008748",567,535,32
"S01008749",1180,1079,101
"S01008750",736,689,47
"S01008751",660,576,84
"S01008752",801,668,133
"S01008753",449,387,62
"S01008754",563,493,70
"S01008755",802,698,104
"S01008756",711,590,121
"S01008757",570,438,132
"S01008758",835,700,135
"S01008759",567,477,90
"S01008760",939,794,145
"S01008761",449,420,29
"S01008762",654,619,35
"S01008763",973,930,43
"S01008764",713,662,51
"S01008765",867,820,47
"S01008766",1022,953,69
"S01008767",537,498,39
"S01008768",453,387,66
"S01008769",192,190,2
"S01008772",785,707,78
"S01008773",827,746,81
"S01008774",845,736,109
"S01008775",388,368,20
"S01008776",834,738,96
"S01008777",848,673,175
"S01008778",634,588,46
"S01008779",185,177,8
"S01008780",177,146,31
"S01008781",234,212,22
"S01008782",386,361,25
"S01008783",210,198,12
"S01008784",340,322,18
"S01008785",746,624,122
"S01008786",652,582,70
"S01008787",339,284,55
"S01008788",228,205,23
"S01008789",641,532,109
"S01008790",513,467,46
"S01008791",296,273,23
"S01008792",916,823,93
"S01008793",303,257,46
"S01008794",729,605,124
"S01008795",831,751,80
"S01008796",1014,934,80
"S01008797",834,752,82
"S01008798",783,706,77
"S01008799",122,91,31
"S01008800",805,739,66
"S01008801",763,697,66
"S01008802",767,677,90
"S01008803",931,810,121
"S01008804",467,397,70
"S01008805",447,416,31
"S01008806",546,495,51
"S01008807",852,781,71
"S01008808",732,663,69
"S01008809",751,707,44
"S01008810",737,705,32
"S01008811",780,725,55
"S01008812",475,461,14
"S01008813",748,666,82
"S01008814",767,716,51
"S01008815",788,697,91
"S01008816",243,191,52
"S01008817",476,441,35
"S01008818",683,650,33
"S01008819",783,694,89
"S01008820",810,690,120
"S01008821",831,789,42
"S01008822",737,710,27
"S01008823",632,584,48
"S01008824",911,858,53
"S01008825",560,526,34
"S01008826",767,716,51
"S01008827",751,708,43
"S01008828",831,762,69
"S01008829",744,682,62
"S01008830",772,721,51
"S01008831",792,752,40
"S01008832",607,559,48
"S01008833",910,848,62
"S01008834",1169,1112,57
"S01008835",730,671,59
"S01008836",536,463,73
"S01008837",654,593,61
"S01008838",817,775,42
"S01008839",972,898,74
"S01008840",1037,989,48
"S01008841",441,420,21
"S01008842",201,193,8
"S01008843",721,663,58
"S01008844",307,299,8
"S01008845",688,665,23
"S01008846",745,699,46
"S01008847",504,483,21
"S01008848",731,693,38
"S01008849",759,735,24
"S01008850",714,686,28
"S01008851",907,827,80
"S01008852",976,936,40
"S01008853",557,535,22
"S01008854",903,876,27
"S01008855",1062,1030,32
"S01008856",472,447,25
"S01008857",768,733,35
"S01008858",610,586,24
"S01008859",1007,917,90
"S01008860",913,845,68
"S01008861",816,791,25
"S01008862",916,864,52
"S01008863",767,731,36
"S01008864",989,969,20
"S01008865",930,872,58
"S01008866",790,758,32
"S01008867",771,739,32
"S01008868",738,704,34
"S01008869",1096,1052,44
"S01008870",705,671,34
"S01008871",1213,1162,51
"S01008872",693,667,26
"S01008873",687,671,16
"S01008874",835,784,51
"S01008875",808,746,62
"S01008876",584,535,49
"S01008877",515,488,27
"S01008878",794,702,92
"S01008879",1020,935,85
"S01008880",600,559,41
"S01008881",450,402,48
"S01008882",1089,1044,45
"S01008883",986,909,77
"S01008884",721,681,40
"S01008885",864,820,44
"S01008886",821,776,45
"S01008887",783,732,51
"S01008888",414,394,20
"S01008889",354,331,23
"S01008890",719,682,37
"S01008891",792,756,36
"S01008892",953,885,68
"S01008893",916,880,36
"S01008894",876,845,31
"S01008895",582,546,36
"S01008896",213,201,12
"S01008897",672,638,34
"S01008898",836,789,47
"S01008899",866,718,148
"S01008900",907,776,131
"S01008901",715,622,93
"S01008902",890,779,111
"S01008903",1005,881,124
"S01008904",972,853,119
"S01008905",1064,949,115
"S01008906",578,501,77
"S01008907",537,471,66
"S01008908",781,678,103
"S01008909",874,826,48
"S01008910",422,389,33
"S01008911",166,100,66
"S01008912",797,732,65
"S01008913",435,417,18
"S01008914",929,825,104
"S01008915",558,525,33
"S01008916",1105,920,185
"S01008917",653,555,98
"S01008918",448,356,92
"S01008919",444,379,65
"S01008920",129,119,10
"S01008921",761,623,138
"S01008922",832,733,99
"S01008923",741,638,103
"S01008924",595,530,65
"S01008925",711,664,47
"S01008926",78,77,1
"S01008927",71,70,1
"S01008928",448,357,91
"S01008929",838,689,149
"S01008930",1050,894,156
"S01008931",864,771,93
"S01008932",174,153,21
"S01008933",423,399,24
"S01008934",474,395,79
"S01008935",906,841,65
"S01008936",414,395,19
"S01008937",721,665,56
"S01008938",606,576,30
"S01008939",950,902,48
"S01008940",603,576,27
"S01008941",731,706,25
"S01008942",928,885,43
"S01008943",643,621,22
"S01008944",991,945,46
"S01008945",792,768,24
"S01008946",746,711,35
"S01008947",1110,1064,46
"S01008948",728,694,34
"S01008949",860,748,112
"S01008950",922,821,101
"S01008951",895,771,124
"S01008952",906,795,111
"S01008953",965,844,121
"S01008954",871,721,150
"S01008955",667,619,48
"S01008956",957,895,62
"S01008957",1018,948,70
"S01008958",628,563,65
"S01008959",885,816,69
"S01008960",302,295,7
"S01008961",762,735,27
"S01008962",744,704,40
"S01008963",839,803,36
"S01008964",530,503,27
"S01008965",762,724,38
"S01008966",618,590,28
"S01008967",1023,974,49
"S01008968",1268,1222,46
"S01008969",1050,983,67
"S01008970",991,929,62
"S01008971",553,533,20
"S01008972",797,749,48
"S01008973",1220,1054,166
"S01008974",739,686,53
"S01008975",814,684,130
"S01008976",386,367,19
"S01008977",615,575,40
"S01008978",584,539,45
"S01008979",716,670,46
"S01008980",792,761,31
"S01008981",729,678,51
"S01008982",807,757,50
"S01008983",675,639,36
"S01008984",519,490,29
"S01008985",606,579,27
"S01008986",930,883,47
"S01008987",878,836,42
"S01008988",871,800,71
"S01008989",687,665,22
"S01008990",778,742,36
"S01008991",1002,981,21
"S01008992",533,485,48
"S01008993",921,859,62
"S01008994",736,682,54
"S01008995",688,665,23
"S01008996",718,663,55
"S01008997",765,715,50
"S01008998",635,599,36
"S01008999",887,805,82
"S01009000",961,928,33
"S01009001",744,710,34
"S01009002",682,627,55
"S01009003",827,778,49
"S01009004",708,669,39
"S01009005",765,731,34
"S01009006",798,736,62
"S01009007",709,644,65
"S01009008",983,935,48
"S01009009",579,516,63
"S01009010",1019,986,33
"S01009011",958,930,28
"S01009012",834,801,33
"S01009013",977,932,45
"S01009014",538,487,51
"S01009015",393,368,25
"S01009016",560,527,33
"S01009017",409,380,29
"S01009018",870,807,63
"S01009019",532,502,30
"S01009020",717,669,48
"S01009021",736,688,48
"S01009022",865,812,53
"S01009023",866,799,67
"S01009024",960,888,72
"S01009025",965,878,87
"S01009026",849,758,91
"S01009027",834,749,85
"S01009028",348,321,27
"S01009029",528,476,52
"S01009030",724,667,57
"S01009031",798,734,64
"S01009032",631,573,58
"S01009033",710,625,85
"S01009034",644,592,52
"S01009035",867,803,64
"S01009036",871,781,90
"S01009037",559,512,47
"S01009038",928,848,80
"S01009039",748,678,70
"S01009040",717,574,143
"S01009041",702,621,81
"S01009042",823,751,72
"S01009043",672,595,77
"S01009044",948,849,99
"S01009045",774,706,68
"S01009046",782,729,53
"S01009047",691,642,49
"S01009048",745,693,52
"S01009049",544,491,53
"S01009050",979,910,69
"S01009051",570,519,51
"S01009052",598,544,54
"S01009053",602,524,78
"S01009054",593,527,66
"S01009055",735,667,68
"S01009056",604,548,56
"S01009057",557,489,68
"S01009058",743,637,106
"S01009059",392,341,51
"S01009060",314,228,86
"S01009061",875,787,88
"S01009062",755,688,67
"S01009063",704,647,57
"S01009064",609,560,49
"S01009065",699,630,69
"S01009066",774,688,86
"S01009067",670,635,35
"S01009068",935,849,86
"S01009069",723,690,33
"S01009070",587,556,31
"S01009071",608,541,67
"S01009072",230,210,20
"S01009073",694,548,146
"S01009074",773,662,111
"S01009075",532,470,62
"S01009076",1006,943,63
"S01009077",496,456,40
"S01009079",1033,879,154
"S01009080",1001,894,107
"S01009081",710,625,85
"S01009082",856,757,99
"S01009083",590,523,67
"S01009084",699,638,61
"S01009086",415,374,41
"S01009087",590,522,68
"S01009088",1044,921,123
"S01009089",145,137,8
"S01009090",303,287,16
"S01009091",272,264,8
"S01009092",905,784,121
"S01009093",685,616,69
"S01009094",712,676,36
"S01009095",744,674,70
"S01009096",467,418,49
"S01009097",522,502,20
"S01009098",578,547,31
"S01009099",905,812,93
"S01009100",811,686,125
"S01009101",978,862,116
"S01009102",864,771,93
"S01009103",688,651,37
"S01009104",839,742,97
"S01009105",683,607,76
"S01009106",595,538,57
"S01009107",569,521,48
"S01009108",678,640,38
"S01009109",779,738,41
"S01009110",654,600,54
"S01009111",911,860,51
"S01009112",471,444,27
"S01009113",956,871,85
"S01009114",655,612,43
"S01009115",477,447,30
"S01009116",544,517,27
"S01009117",790,721,69
"S01009118",661,639,22
"S01009119",778,691,87
"S01009120",530,469,61
"S01009121",730,621,109
"S01009122",977,875,102
"S01009123",353,330,23
"S01009124",266,236,30
"S01009125",604,515,89
"S01009126",520,442,78
"S01009127",510,440,70
"S01009128",821,675,146
"S01009129",545,469,76
"S01009130",357,309,48
"S01009131",494,420,74
"S01009132",781,753,28
"S01009133",647,540,107
"S01009134",876,793,83
"S01009135",619,588,31
"S01009136",186,181,5
"S01009137",142,98,44
"S01009138",827,786,41
"S01009139",479,420,59
"S01009140",736,651,85
"S01009141",648,541,107
"S01009142",517,443,74
"S01009143",553,461,92
"S01009144",296,268,28
"S01009145",919,787,132
"S01009146",749,628,121
"S01009147",822,700,122
"S01009148",737,666,71
"S01009149",423,365,58
"S01009150",724,523,201
"S01009151",679,596,83
"S01009152",634,517,117
"S01009153",459,405,54
"S01009154",818,773,45
"S01009155",494,418,76
"S01009156",604,565,39
"S01009157",900,823,77
"S01009158",534,478,56
"S01009159",531,440,91
"S01009160",610,467,143
"S01009161",481,424,57
"S01009162",712,611,101
"S01009163",454,394,60
"S01009164",822,714,108
"S01009165",739,657,82
"S01009166",846,697,149
"S01009167",574,495,79
"S01009168",638,587,51
"S01009169",760,634,126
"S01009170",710,639,71
"S01009171",717,654,63
"S01009172",613,579,34
"S01009173",532,514,18
"S01009174",148,145,3
"S01009175",816,800,16
"S01009176",883,839,44
"S01009177",895,825,70
"S01009178",773,690,83
"S01009179",803,733,70
"S01009180",1017,889,128
"S01009181",1578,1450,128
"S01009182",995,926,69
"S01009183",331,320,11
"S01009184",1025,901,124
"S01009185",720,619,101
"S01009186",605,551,54
"S01009187",1055,954,101
"S01009188",868,773,95
"S01009189",819,716,103
"S01009190",289,264,25
"S01009191",126,124,2
"S01009192",821,770,51
"S01009193",75,69,6
"S01009194",849,799,50
"S01009195",399,388,11
"S01009196",754,683,71
"S01009197",520,483,37
"S01009198",768,729,39
"S01009199",361,337,24
"S01009200",844,771,73
"S01009201",554,515,39
"S01009202",544,518,26
"S01009203",666,558,108
"S01009204",720,641,79
"S01009205",777,744,33
"S01009206",1039,1000,39
"S01009207",967,894,73
"S01009208",722,663,59
"S01009209",563,511,52
"S01009210",937,856,81
"S01009211",568,521,47
"S01009212",885,744,141
"S01009213",715,645,70
"S01009214",990,916,74
"S01009215",861,759,102
"S01009216",945,856,89
"S01009217",613,514,99
"S01009218",845,775,70
"S01009219",573,497,76
"S01009220",289,261,28
"S01009221",545,468,77
"S01009222",568,497,71
"S01009223",510,431,79
"S01009224",696,579,117
"S01009225",568,471,97
"S01009226",858,693,165
"S01009227",607,508,99
"S01009228",615,523,92
"S01009229",582,525,57
"S01009230",590,553,37
"S01009231",937,876,61
"S01009232",581,493,88
"S01009233",512,447,65
"S01009234",859,766,93
"S01009235",742,672,70
"S01009236",498,462,36
"S01009237",938,870,68
"S01009238",812,724,88
"S01009239",913,831,82
"S01009240",701,602,99
"S01009241",1013,889,124
"S01009242",807,756,51
"S01009243",1092,1006,86
"S01009244",876,847,29
"S01009245",892,825,67
"S01009246",835,742,93
"S01009247",908,803,105
"S01009248",799,745,54
"S01009249",939,823,116
"S01009250",651,576,75
"S01009251",627,571,56
"S01009252",477,468,9
"S01009253",499,417,82
"S01009254",890,751,139
"S01009255",482,418,64
"S01009256",497,460,37
"S01009257",637,540,97
"S01009258",645,585,60
"S01009259",634,575,59
"S01009260",818,739,79
"S01009261",772,669,103
"S01009262",557,469,88
"S01009263",182,174,8
"S01009264",713,630,83
"S01009265",755,691,64
"S01009266",911,809,102
"S01009267",612,564,48
"S01009268",724,642,82
"S01009269",909,809,100
"S01009270",618,526,92
"S01009271",916,869,47
"S01009272",764,679,85
"S01009273",470,443,27
"S01009274",718,652,66
"S01009275",694,631,63
"S01009276",765,724,41
"S01009277",1016,939,77
"S01009278",225,200,25
"S01009279",591,525,66
"S01009280",939,774,165
"S01009281",677,568,109
"S01009282",521,473,48
"S01009283",730,665,65
"S01009284",805,765,40
"S01009285",961,917,44
"S01009286",741,704,37
"S01009287",789,733,56
"S01009288",948,882,66
"S01009289",929,875,54
"S01009290",673,622,51
"S01009291",1064,1023,41
"S01009292",241,224,17
"S01009293",511,461,50
"S01009294",321,300,21
"S01009295",718,686,32
"S01009296",450,416,34
"S01009297",697,678,19
"S01009298",943,802,141
"S01009299",886,810,76
"S01009300",532,489,43
"S01009301",991,882,109
"S01009302",914,771,143
"S01009303",835,734,101
"S01009304",961,875,86
"S01009305",725,649,76
"S01009306",940,862,78
"S01009307",963,894,69
"S01009308",400,369,31
"S01009309",604,542,62
"S01009310",956,907,49
"S01009311",759,670,89
"S01009312",659,602,57
"S01009313",426,383,43
"S01009314",817,766,51
"S01009315",573,476,97
"S01009316",709,690,19
"S01009317",940,891,49
"S01009318",655,618,37
"S01009319",931,861,70
"S01009320",756,691,65
"S01009321",422,402,20
"S01009322",465,435,30
"S01009323",627,562,65
"S01009324",560,508,52
"S01009325",793,713,80
"S01009326",304,250,54
"S01009327",565,508,57
"S01009331",102,98,4
"S01009332",1010,934,76
"S01009333",773,702,71
"S01009334",647,563,84
"S01009335",865,759,106
"S01009336",616,536,80
"S01009337",790,697,93
"S01009338",676,586,90
"S01009339",702,629,73
"S01009340",755,678,77
"S01009341",667,602,65
"S01009342",800,723,77
"S01009343",596,551,45
"S01009344",763,683,80
"S01009345",889,824,65
"S01009346",164,158,6
"S01009353",233,229,4
"S01009355",856,820,36
"S01009356",1059,1008,51
"S01009357",482,463,19
"S01009358",204,199,5
"S01009359",255,246,9
"S01009360",821,765,56
"S01009361",789,734,55
"S01009362",1074,1024,50
"S01009363",872,794,78
"S01009364",854,792,62
"S01009365",435,401,34
"S01009366",791,709,82
"S01009367",499,432,67
"S01009368",601,546,55
"S01009369",632,567,65
"S01009370",928,857,71
"S01009371",720,645,75
"S01009372",517,473,44
"S01009373",744,660,84
"S01009374",815,727,88
"S01009375",777,707,70
"S01009376",576,497,79
"S01009377",846,787,59
"S01009378",790,742,48
"S01009379",221,205,16
"S01009380",559,531,28
"S01009381",541,515,26
"S01009382",720,624,96
"S01009383",1020,926,94
"S01009384",374,357,17
"S01009385",399,368,31
"S01009386",683,618,65
"S01009387",630,574,56
"S01009388",1029,911,118
"S01009389",877,813,64
"S01009390",783,769,14
"S01009391",680,662,18
"S01009392",473,464,9
"S01009393",611,579,32
"S01009394",809,770,39
"S01009395",757,709,48
"S01009396",779,749,30
"S01009397",741,706,35
"S01009398",718,674,44
"S01009399",787,739,48
"S01009400",528,482,46
"S01009401",752,709,43
"S01009402",993,922,71
"S01009403",600,565,35
"S01009404",588,509,79
"S01009405",517,473,44
"S01009406",778,706,72
"S01009407",414,380,34
"S01009408",472,423,49
"S01009409",790,686,104
"S01009410",909,814,95
"S01009411",823,719,104
"S01009412",922,819,103
"S01009413",1032,930,102
"S01009414",715,644,71
"S01009415",608,547,61
"S01009416",383,358,25
"S01009417",873,798,75
"S01009418",883,751,132
"S01009419",595,534,61
"S01009420",676,595,81
"S01009421",618,535,83
"S01009422",747,673,74
"S01009424",573,491,82
"S01009425",622,555,67
"S01009426",812,693,119
"S01009427",622,525,97
"S01009428",563,499,64
"S01009429",672,552,120
"S01009430",728,604,124
"S01009431",527,448,79
"S01009432",908,780,128
"S01009433",924,814,110
"S01009434",575,474,101
"S01009435",828,722,106
"S01009436",531,461,70
"S01009437",527,447,80
"S01009438",641,545,96
"S01009439",986,836,150
"S01009440",720,626,94
"S01009441",848,732,116
"S01009442",829,725,104
"S01009443",984,866,118
"S01009444",742,696,46
"S01009445",801,691,110
"S01009446",759,645,114
"S01009447",515,434,81
"S01009448",580,507,73
"S01009449",555,471,84
"S01009450",609,531,78
"S01009451",747,640,107
"S01009452",550,469,81
"S01009453",1000,851,149
"S01009454",657,615,42
"S01009455",904,840,64
"S01009456",1043,905,138
"S01009457",910,832,78
"S01009458",638,562,76
"S01009459",705,622,83
"S01009460",914,806,108
"S01009462",682,604,78
"S01009463",761,708,53
"S01009464",897,831,66
"S01009465",562,519,43
"S01009466",594,549,45
"S01009467",781,726,55
"S01009468",725,645,80
"S01009469",815,712,103
"S01009470",514,467,47
"S01009471",626,516,110
"S01009472",929,846,83
"S01009473",877,790,87
"S01009474",719,633,86
"S01009476",232,220,12
"S01009477",796,751,45
"S01009478",772,701,71
"S01009479",758,704,54
"S01009480",676,620,56
"S01009481",865,789,76
"S01009482",684,612,72
"S01009483",743,692,51
"S01009484",822,744,78
"S01009485",790,677,113
"S01009486",627,546,81
"S01009487",837,729,108
"S01009488",720,665,55
"S01009489",804,708,96
"S01009490",797,699,98
"S01009491",637,527,110
"S01009492",886,788,98
"S01009493",890,842,48
"S01009494",978,936,42
"S01009495",941,902,39
"S01009496",849,766,83
"S01009497",852,795,57
"S01009498",662,627,35
"S01009499",834,771,63
"S01009500",787,702,85
"S01009501",733,644,89
"S01009502",917,826,91
"S01009503",787,722,65
"S01009504",779,709,70
"S01009505",792,706,86
"S01009506",778,704,74
"S01009507",531,487,44
"S01009508",916,825,91
"S01009509",970,856,114
"S01009510",774,736,38
"S01009511",673,643,30
"S01009512",840,798,42
"S01009513",652,621,31
"S01009514",811,780,31
"S01009515",775,683,92
"S01009516",1045,944,101
"S01009519",581,542,39
"S01009520",816,766,50
"S01009521",818,687,131
"S01009522",750,674,76
"S01009523",658,575,83
"S01009524",506,421,85
"S01009525",669,597,72
"S01009526",407,387,20
"S01009527",589,527,62
"S01009528",526,453,73
"S01009529",610,555,55
"S01009530",567,522,45
"S01009531",929,809,120
"S01009532",848,720,128
"S01009533",764,647,117
"S01009534",751,629,122
"S01009535",637,562,75
"S01009536",567,511,56
"S01009537",544,488,56
"S01009538",833,703,130
"S01009539",973,859,114
"S01009540",893,797,96
"S01009541",1380,1242,138
"S01009542",564,485,79
"S01009543",544,463,81
"S01009544",733,627,106
"S01009545",903,796,107
"S01009546",567,501,66
"S01009547",721,644,77
"S01009548",582,536,46
"S01009549",695,632,63
"S01009550",578,546,32
"S01009551",567,516,51
"S01009552",925,837,88
"S01009553",869,770,99
"S01009554",803,733,70
"S01009555",640,588,52
"S01009556",909,845,64
"S01009557",744,679,65
"S01009558",752,680,72
"S01009559",847,761,86
"S01009560",782,704,78
"S01009561",678,603,75
"S01009562",792,721,71
"S01009563",804,718,86
"S01009564",719,660,59
"S01009565",640,575,65
"S01009566",919,844,75
"S01009567",965,901,64
"S01009568",784,703,81
"S01009569",861,787,74
"S01009570",545,479,66
"S01009571",697,613,84
"S01009572",1083,952,131
"S01009573",754,635,119
"S01009574",973,858,115
"S01009575",581,517,64
"S01009576",520,484,36
"S01009577",778,694,84
"S01009578",816,743,73
"S01009579",635,571,64
"S01009580",447,433,14
"S01009581",597,549,48
"S01009582",524,493,31
"S01009583",853,777,76
"S01009584",353,329,24
"S01009585",1051,944,107
"S01009586",683,616,67
"S01009587",735,640,95
"S01009588",1133,1006,127
"S01009589",919,844,75
"S01009590",413,360,53
"S01009591",603,565,38
"S01009592",598,539,59
"S01009593",516,497,19
"S01009594",726,704,22
"S01009595",172,159,13
"S01009596",870,789,81
"S01009597",945,855,90
"S01009598",732,634,98
"S01009599",1019,910,109
"S01009600",718,619,99
"S01009601",673,597,76
"S01009602",713,694,19
"S01009603",663,617,46
"S01009604",754,677,77
"S01009605",790,703,87
"S01009606",280,266,14
"S01009607",506,476,30
"S01009608",610,552,58
"S01009609",651,606,45
"S01009610",993,893,100
"S01009611",546,500,46
"S01009612",434,389,45
"S01009613",336,316,20
"S01009614",766,680,86
"S01009615",387,354,33
"S01009616",606,553,53
"S01009617",538,505,33
"S01009618",751,652,99
"S01009619",663,573,90
"S01009620",812,683,129
"S01009621",975,854,121
"S01009622",739,643,96
"S01009623",546,466,80
"S01009624",911,795,116
"S01009625",931,810,121
"S01009626",629,531,98
"S01009627",839,725,114
"S01009628",530,409,121
"S01009629",1088,957,131
"S01009630",851,726,125
"S01009631",722,612,110
"S01009632",628,509,119
"S01009633",747,638,109
"S01009634",467,402,65
"S01009635",903,801,102
"S01009636",974,851,123
"S01009637",658,566,92
"S01009638",862,749,113
"S01009639",650,554,96
"S01009640",521,416,105
"S01009641",748,629,119
"S01009642",878,774,104
"S01009643",114,106,8
"S01009644",675,596,79
"S01009645",664,577,87
"S01009646",635,562,73
"S01009647",659,551,108
"S01009648",835,758,77
"S01009649",780,682,98
"S01009650",547,506,41
"S01009651",1548,1422,126
"S01009652",611,554,57
"S01009653",561,532,29
"S01009654",596,540,56
"S01009655",915,809,106
"S01009656",779,661,118
"S01009657",727,653,74
"S01009658",801,720,81
"S01009659",560,503,57
"S01009660",793,694,99
"S01009661",641,586,55
"S01009662",855,789,66
"S01009663",512,468,44
"S01009664",816,761,55
"S01009665",645,581,64
"S01009666",767,700,67
"S01009667",409,385,24
"S01009668",458,434,24
"S01009669",594,556,38
"S01009670",982,910,72
"S01009671",385,358,27
"S01009672",705,635,70
"S01009673",551,498,53
"S01009674",1030,960,70
"S01009675",1058,996,62
"S01009676",869,822,47
"S01009677",555,515,40
"S01009678",604,560,44
"S01009679",900,807,93
"S01009680",652,615,37
"S01009681",838,684,154
"S01009682",522,484,38
"S01009683",759,706,53
"S01009684",696,658,38
"S01009685",628,541,87
"S01009686",905,812,93
"S01009687",710,643,67
"S01009688",939,817,122
"S01009689",550,500,50
"S01009690",711,652,59
"S01009691",518,491,27
"S01009692",1071,992,79
"S01009693",432,420,12
"S01009694",1073,997,76
"S01009695",697,659,38
"S01009696",978,912,66
"S01009697",698,651,47
"S01009698",562,518,44
"S01009699",588,544,44
"S01009700",699,623,76
"S01009701",413,387,26
"S01009702",608,561,47
"S01009703",555,487,68
"S01009704",1108,1035,73
"S01009705",785,724,61
"S01009706",705,637,68
"S01009707",642,593,49
"S01009708",526,458,68
"S01009709",949,876,73
"S01009710",411,394,17
"S01009711",805,709,96
"S01009712",541,496,45
"S01009713",904,825,79
"S01009714",898,818,80
"S01009715",925,853,72
"S01009716",743,700,43
"S01009717",532,476,56
"S01009718",756,697,59
"S01009719",790,718,72
"S01009720",680,598,82
"S01009721",745,719,26
"S01009722",1117,1055,62
"S01009723",667,613,54
"S01009724",975,884,91
"S01009725",677,641,36
"S01009726",906,856,50
"S01009727",522,500,22
"S01009728",713,677,36
"S01009729",772,724,48
"S01009730",304,289,15
"S01009731",472,449,23
"S01009732",580,554,26
"S01009733",332,304,28
"S01009734",1465,1409,56
"S01009735",839,788,51
"S01009736",1028,965,63
"S01009737",560,518,42
"S01009738",380,359,21
"S01009739",470,453,17
"S01009740",534,499,35
"S01009741",1184,1144,40
"S01009742",576,544,32
"S01009743",1018,948,70
"S01009744",601,571,30
"S01009745",881,832,49
"S01009746",742,704,38
"S01009747",629,557,72
"S01009748",708,664,44
"S01009749",980,895,85
"S01009750",662,601,61
"S01009751",799,720,79
"S01009752",359,329,30
"S01009753",646,587,59
"S01009754",782,734,48
"S01009755",691,636,55
"S01009756",772,725,47
"S01009757",563,526,37
"S01009758",697,653,44
"S01009759",890,776,114
"S01009760",883,741,142
"S01009761",902,827,75
"S01009762",843,708,135
"S01009763",451,434,17
"S01009764",542,462,80
"S01009765",929,827,102
"S01009766",519,488,31
"S01009767",618,491,127
"S01009768",370,300,70
"S01009769",717,567,150
"S01009770",729,679,50
"S01009771",896,852,44
"S01009772",698,656,42
"S01009775",928,732,196
"S01009776",498,410,88
"S01009777",556,480,76
"S01009778",873,663,210
"S01009779",502,419,83
"S01009780",385,312,73
"S01009781",590,464,126
"S01009782",164,141,23
"S01009783",709,624,85
"S01009784",843,710,133
"S01009785",860,707,153
"S01009786",945,748,197
"S01009787",964,763,201
"S01009788",923,734,189
"S01009789",910,734,176
"S01009790",609,501,108
"S01009791",716,579,137
"S01009792",177,165,12
"S01009793",1086,885,201
"S01009794",368,355,13
"S01009795",713,676,37
"S01009796",506,463,43
"S01009797",414,380,34
"S01009798",659,634,25
"S01009799",866,702,164
"S01009800",1177,977,200
"S01009801",1066,878,188
"S01009802",957,815,142
"S01009803",535,419,116
"S01009805",961,782,179
"S01009806",1008,824,184
"S01009807",1106,956,150
"S01009808",876,727,149
"S01009809",637,560,77
"S01009810",799,644,155
"S01009811",1075,840,235
"S01009812",796,651,145
"S01009813",750,628,122
"S01009814",854,750,104
"S01009815",749,669,80
"S01009816",775,720,55
"S01009817",744,623,121
"S01009818",925,833,92
"S01009819",726,626,100
"S01009820",1018,877,141
"S01009821",728,658,70
"S01009822",596,528,68
"S01009823",700,545,155
"S01009824",844,684,160
"S01009825",865,718,147
"S01009826",649,534,115
"S01009827",900,737,163
"S01009828",756,572,184
"S01009829",1118,975,143
"S01009830",827,729,98
"S01009831",753,707,46
"S01009832",1015,881,134
"S01009833",338,300,38
"S01009834",338,283,55
"S01009835",543,413,130
"S01009836",756,629,127
"S01009837",689,547,142
"S01009838",777,646,131
"S01009839",994,842,152
"S01009840",1025,818,207
"S01009841",815,648,167
"S01009842",664,532,132
"S01009843",454,339,115
"S01009844",604,472,132
"S01009845",548,452,96
"S01009846",915,746,169
"S01009847",477,394,83
"S01009848",902,723,179
"S01009849",790,627,163
"S01009850",770,624,146
"S01009851",934,740,194
"S01009852",403,319,84
"S01009853",862,732,130
"S01009854",565,444,121
"S01009855",596,512,84
"S01009856",584,476,108
"S01009857",882,729,153
"S01009858",760,625,135
"S01009859",1011,763,248
"S01009860",948,705,243
"S01009861",1179,909,270
"S01009862",1291,1072,219
"S01009863",799,692,107
"S01009864",736,647,89
"S01009865",561,465,96
"S01009866",900,757,143
"S01009867",667,559,108
"S01009868",615,567,48
"S01009869",646,596,50
"S01009870",572,484,88
"S01009871",937,741,196
"S01009872",781,701,80
"S01009873",926,817,109
"S01009874",1036,892,144
"S01009875",214,186,28
"S01009876",724,602,122
"S01009877",843,779,64
"S01009878",832,750,82
"S01009879",1061,984,77
"S01009880",822,754,68
"S01009881",748,667,81
"S01009882",274,252,22
"S01009883",775,697,78
"S01009884",814,747,67
"S01009885",920,781,139
"S01009886",798,704,94
"S01009887",828,696,132
"S01009888",716,626,90
"S01009889",803,689,114
"S01009890",529,455,74
"S01009891",696,572,124
"S01009892",745,599,146
"S01009893",841,716,125
"S01009894",670,534,136
"S01009895",885,714,171
"S01009896",932,748,184
"S01009897",985,840,145
"S01009898",530,402,128
"S01009899",788,691,97
"S01009900",819,753,66
"S01009901",846,779,67
"S01009902",917,742,175
"S01009903",951,864,87
"S01009904",756,676,80
"S01009905",580,516,64
"S01009906",701,629,72
"S01009907",737,634,103
"S01009908",904,831,73
"S01009909",852,770,82
"S01009910",623,568,55
"S01009911",1060,953,107
"S01009912",903,808,95
"S01009913",635,604,31
"S01009914",947,890,57
"S01009915",908,858,50
"S01009916",935,852,83
"S01009917",655,602,53
"S01009918",796,697,99
"S01009919",982,819,163
"S01009920",842,763,79
"S01009921",660,601,59
"S01009922",979,902,77
"S01009923",907,792,115
"S01009924",891,818,73
"S01009925",672,628,44
"S01009926",668,593,75
"S01009927",363,298,65
"S01009928",794,688,106
"S01009929",509,469,40
"S01009930",796,715,81
"S01009931",725,690,35
"S01009932",620,551,69
"S01009933",594,463,131
"S01009934",412,367,45
"S01009935",513,370,143
"S01009936",657,525,132
"S01009937",493,373,120
"S01009938",999,775,224
"S01009939",912,751,161
"S01009940",839,627,212
"S01009941",936,881,55
"S01009942",993,827,166
"S01009943",838,645,193
"S01009944",790,670,120
"S01009945",1016,825,191
"S01009946",808,698,110
"S01009947",606,530,76
"S01009948",712,581,131
"S01009949",994,867,127
"S01009950",976,919,57
"S01009951",649,625,24
"S01009952",737,683,54
"S01009953",926,856,70
"S01009954",715,682,33
"S01009955",1013,890,123
"S01009956",768,649,119
"S01009957",827,793,34
"S01009958",991,930,61
"S01009959",777,743,34
"S01009960",838,772,66
"S01009961",594,524,70
"S01009962",919,819,100
"S01009963",1067,992,75
"S01009964",790,730,60
"S01009965",798,748,50
"S01009966",849,794,55
"S01009967",859,798,61
"S01009968",661,601,60
"S01009969",751,701,50
"S01009970",1008,788,220
"S01009971",770,613,157
"S01009972",736,595,141
"S01009973",214,172,42
"S01009974",636,524,112
"S01009975",768,576,192
"S01009976",514,415,99
"S01009977",773,564,209
"S01009978",766,647,119
"S01009979",454,364,90
"S01009980",448,361,87
"S01009981",488,398,90
"S01009982",692,581,111
"S01009983",577,479,98
"S01009984",754,658,96
"S01009985",652,544,108
"S01009986",584,454,130
"S01009987",741,587,154
"S01009988",489,387,102
"S01009989",896,796,100
"S01009990",709,658,51
"S01009991",799,732,67
"S01009992",759,584,175
"S01009993",859,817,42
"S01009994",763,707,56
"S01009995",679,629,50
"S01009996",735,660,75
"S01009997",634,590,44
"S01009998",714,654,60
"S01009999",944,883,61
"S01010000",722,662,60
"S01010001",653,580,73
"S01010002",850,784,66
"S01010003",756,711,45
"S01010004",789,740,49
"S01010005",735,642,93
"S01010006",872,727,145
"S01010007",952,881,71
"S01010008",424,367,57
"S01010009",613,541,72
"S01010010",1010,932,78
"S01010011",720,591,129
"S01010012",947,883,64
"S01010013",922,836,86
"S01010014",894,791,103
"S01010015",656,599,57
"S01010016",777,635,142
"S01010017",754,627,127
"S01010018",727,569,158
"S01010019",781,628,153
"S01010020",759,624,135
"S01010021",783,600,183
"S01010022",298,222,76
"S01010023",617,454,163
"S01010024",492,394,98
"S01010025",537,406,131
"S01010026",439,317,122
"S01010027",452,382,70
"S01010028",351,257,94
"S01010029",675,530,145
"S01010030",341,292,49
"S01010031",471,425,46
"S01010032",286,254,32
"S01010033",779,627,152
"S01010034",905,686,219
"S01010035",585,425,160
"S01010036",126,122,4
"S01010037",721,499,222
"S01010038",855,593,262
"S01010039",611,554,57
"S01010040",539,439,100
"S01010041",543,446,97
"S01010042",352,299,53
"S01010043",675,550,125
"S01010044",926,697,229
"S01010045",613,476,137
"S01010046",719,542,177
"S01010047",834,588,246
"S01010048",922,660,262
"S01010049",720,545,175
"S01010050",715,539,176
"S01010051",694,527,167
"S01010052",602,434,168
"S01010053",542,397,145
"S01010054",670,516,154
"S01010055",944,769,175
"S01010056",571,442,129
"S01010057",151,114,37
"S01010058",666,582,84
"S01010059",575,494,81
"S01010060",910,730,180
"S01010061",208,176,32
"S01010062",708,540,168
"S01010063",1197,901,296
"S01010064",592,516,76
"S01010065",927,717,210
"S01010066",792,640,152
"S01010067",649,518,131
"S01010068",342,231,111
"S01010069",763,694,69
"S01010070",752,694,58
"S01010071",916,781,135
"S01010072",798,670,128
"S01010073",828,705,123
"S01010074",818,713,105
"S01010075",741,589,152
"S01010076",775,659,116
"S01010077",562,431,131
"S01010078",584,536,48
"S01010079",1017,928,89
"S01010080",749,675,74
"S01010081",781,711,70
"S01010082",727,643,84
"S01010083",888,725,163
"S01010084",895,690,205
"S01010085",772,707,65
"S01010086",1025,816,209
"S01010087",844,769,75
"S01010088",379,342,37
"S01010089",761,596,165
"S01010090",1028,934,94
"S01010091",519,462,57
"S01010092",999,757,242
"S01010093",839,742,97
"S01010094",776,687,89
"S01010095",794,734,60
"S01010096",668,615,53
"S01010097",784,709,75
"S01010098",784,712,72
"S01010099",778,720,58
"S01010100",1030,903,127
"S01010101",843,750,93
"S01010102",986,944,42
"S01010103",977,911,66
"S01010104",404,377,27
"S01010105",644,508,136
"S01010106",547,458,89
"S01010107",794,664,130
"S01010108",748,611,137
"S01010109",725,649,76
"S01010110",973,766,207
"S01010111",969,797,172
"S01010112",785,658,127
"S01010113",611,513,98
"S01010114",654,514,140
"S01010115",678,615,63
"S01010116",532,496,36
"S01010117",311,231,80
"S01010118",650,521,129
"S01010119",328,258,70
"S01010120",878,743,135
"S01010121",542,459,83
"S01010122",519,418,101
"S01010123",611,498,113
"S01010124",592,541,51
"S01010125",279,233,46
"S01010126",807,709,98
"S01010127",552,408,144
"S01010128",529,453,76
"S01010129",717,567,150
"S01010130",651,508,143
"S01010131",1061,904,157
"S01010132",1041,775,266
"S01010133",759,586,173
"S01010134",1072,847,225
"S01010135",793,604,189
"S01010136",832,712,120
"S01010137",970,738,232
"S01010138",1007,701,306
"S01010139",967,759,208
"S01010140",750,699,51
"S01010141",942,711,231
"S01010142",612,524,88
"S01010143",749,556,193
"S01010144",674,578,96
"S01010145",709,596,113
"S01010146",781,636,145
"S01010147",791,611,180
"S01010148",635,485,150
"S01010149",314,176,138
"S01010150",696,491,205
"S01010151",734,511,223
"S01010152",734,570,164
"S01010153",943,702,241
"S01010154",924,676,248
"S01010155",800,606,194
"S01010156",431,341,90
"S01010157",482,369,113
"S01010158",954,739,215
"S01010159",789,606,183
"S01010160",426,320,106
"S01010161",663,585,78
"S01010162",589,477,112
"S01010163",392,299,93
"S01010164",741,613,128
"S01010165",853,691,162
"S01010166",757,598,159
"S01010167",831,634,197
"S01010168",272,222,50
"S01010169",915,798,117
"S01010170",634,518,116
"S01010171",1003,798,205
"S01010172",660,473,187
"S01010173",791,637,154
"S01010174",1077,886,191
"S01010175",500,419,81
"S01010176",743,587,156
"S01010177",720,596,124
"S01010178",833,698,135
"S01010179",601,471,130
"S01010180",382,317,65
"S01010181",750,599,151
"S01010182",707,630,77
"S01010183",436,337,99
"S01010184",670,535,135
"S01010185",608,485,123
"S01010186",713,650,63
"S01010187",721,667,54
"S01010188",820,718,102
"S01010189",874,845,29
"S01010191",752,705,47
"S01010192",701,674,27
"S01010193",1008,910,98
"S01010194",728,598,130
"S01010195",557,478,79
"S01010196",742,608,134
"S01010197",844,689,155
"S01010198",1117,893,224
"S01010199",558,450,108
"S01010200",725,590,135
"S01010201",463,364,99
"S01010202",785,647,138
"S01010203",543,513,30
"S01010204",770,644,126
"S01010205",745,603,142
"S01010206",516,408,108
"S01010207",571,487,84
"S01010208",943,843,100
"S01010209",880,717,163
"S01010210",879,709,170
"S01010211",779,618,161
"S01010212",1002,761,241
"S01010213",919,704,215
"S01010214",1072,967,105
"S01010215",756,550,206
"S01010216",588,473,115
"S01010217",844,712,132
"S01010218",881,742,139
"S01010219",468,387,81
"S01010220",370,327,43
"S01010221",229,175,54
"S01010222",491,395,96
"S01010223",599,489,110
"S01010224",982,734,248
"S01010225",723,610,113
"S01010226",811,659,152
"S01010227",799,668,131
"S01010228",691,497,194
"S01010229",904,752,152
"S01010230",945,719,226
"S01010231",731,562,169
"S01010232",787,667,120
"S01010233",959,749,210
"S01010234",1111,941,170
"S01010235",184,144,40
"S01010236",552,479,73
"S01010237",587,519,68
"S01010238",725,601,124
"S01010239",794,615,179
"S01010240",721,598,123
"S01010241",1001,851,150
"S01010242",794,659,135
"S01010243",980,819,161
"S01010244",690,549,141
"S01010245",767,567,200
"S01010246",823,636,187
"S01010247",705,606,99
"S01010248",851,755,96
"S01010249",754,660,94
"S01010250",776,690,86
"S01010251",300,275,25
"S01010252",585,498,87
"S01010253",694,519,175
"S01010254",879,698,181
"S01010255",677,498,179
"S01010256",919,754,165
"S01010257",450,378,72
"S01010258",426,413,13
"S01010259",1334,1126,208
"S01010260",1573,1421,152
"S01010261",1785,1427,358
"S01010262",1006,762,244
"S01010263",548,506,42
"S01010264",606,478,128
"S01010265",253,222,31
"S01010266",488,455,33
"S01010267",493,474,19
"S01010268",797,729,68
"S01010269",530,483,47
"S01010270",897,575,322
"S01010271",752,683,69
"S01010272",355,240,115
"S01010273",169,161,8
"S01010274",143,135,8
"S01010275",104,101,3
"S01010276",120,114,6
"S01010277",584,423,161
"S01010278",662,555,107
"S01010279",459,396,63
"S01010280",815,740,75
"S01010281",552,522,30
"S01010282",854,706,148
"S01010283",555,491,64
"S01010284",902,835,67
"S01010285",616,555,61
"S01010286",880,846,34
"S01010287",936,845,91
"S01010288",610,570,40
"S01010289",272,258,14
"S01010290",465,407,58
"S01010291",998,889,109
"S01010292",990,940,50
"S01010293",732,663,69
"S01010294",746,693,53
"S01010295",924,869,55
"S01010296",723,637,86
"S01010297",1035,830,205
"S01010298",860,709,151
"S01010299",549,423,126
"S01010300",855,730,125
"S01010301",528,502,26
"S01010302",657,489,168
"S01010303",541,448,93
"S01010304",542,433,109
"S01010305",796,643,153
"S01010306",681,627,54
"S01010307",791,738,53
"S01010308",895,840,55
"S01010309",490,341,149
"S01010310",615,501,114
"S01010311",650,488,162
"S01010312",632,507,125
"S01010313",691,525,166
"S01010314",1003,784,219
"S01010315",361,282,79
"S01010316",1436,1334,102
"S01010317",750,691,59
"S01010318",354,279,75
"S01010319",391,325,66
"S01010320",557,424,133
"S01010321",787,585,202
"S01010322",886,823,63
"S01010323",527,368,159
"S01010324",808,601,207
"S01010325",1094,812,282
"S01010326",826,643,183
"S01010327",631,479,152
"S01010328",606,486,120
"S01010329",523,413,110
"S01010330",583,467,116
"S01010331",698,503,195
"S01010332",786,642,144
"S01010333",961,725,236
"S01010334",741,563,178
"S01010335",891,692,199
"S01010336",702,566,136
"S01010337",859,678,181
"S01010338",1025,829,196
"S01010339",774,633,141
"S01010340",589,487,102
"S01010341",649,553,96
"S01010342",552,498,54
"S01010343",1044,976,68
"S01010344",785,595,190
"S01010345",441,366,75
"S01010346",1103,1021,82
"S01010347",958,830,128
"S01010348",1049,859,190
"S01010349",950,768,182
"S01010350",889,707,182
"S01010351",575,478,97
"S01010352",548,431,117
"S01010353",968,758,210
"S01010354",633,497,136
"S01010355",719,546,173
"S01010356",608,548,60
"S01010357",582,464,118
"S01010358",840,637,203
"S01010359",886,700,186
"S01010360",732,581,151
"S01010361",619,479,140
"S01010362",775,585,190
"S01010363",763,685,78
"S01010364",947,880,67
"S01010365",1013,902,111
"S01010366",960,911,49
"S01010367",1250,1182,68
"S01010368",734,662,72
"S01010369",790,695,95
"S01010370",818,775,43
"S01010371",925,871,54
"S01010372",553,521,32
"S01010373",776,708,68
"S01010374",950,883,67
"S01010375",422,399,23
"S01010376",633,577,56
"S01010377",725,691,34
"S01010378",819,773,46
"S01010379",906,837,69
"S01010380",844,791,53
"S01010381",343,316,27
"S01010382",798,717,81
"S01010383",695,594,101
"S01010384",800,715,85
"S01010385",791,684,107
"S01010386",750,612,138
"S01010387",860,767,93
"S01010388",863,741,122
"S01010389",85,69,16
"S01010390",972,892,80
"S01010391",705,649,56
"S01010393",859,774,85
"S01010394",810,664,146
"S01010395",991,879,112
"S01010396",1001,888,113
"S01010397",530,495,35
"S01010398",974,906,68
"S01010399",882,844,38
"S01010400",979,931,48
"S01010401",572,542,30
"S01010402",1031,979,52
"S01010403",949,905,44
"S01010404",838,778,60
"S01010405",980,947,33
"S01010406",756,717,39
"S01010407",799,749,50
"S01010408",568,489,79
"S01010409",593,559,34
"S01010410",556,529,27
"S01010411",1277,1228,49
"S01010412",846,733,113
"S01010413",638,576,62
"S01010414",832,768,64
"S01010415",997,805,192
"S01010416",566,531,35
"S01010417",551,517,34
"S01010418",1055,988,67
"S01010419",975,915,60
"S01010420",637,600,37
"S01010421",910,855,55
"S01010422",1057,973,84
"S01010423",728,588,140
"S01010424",611,483,128
"S01010425",979,855,124
"S01010426",709,619,90
"S01010427",921,731,190
"S01010428",772,699,73
"S01010429",897,839,58
"S01010430",887,723,164
"S01010431",723,679,44
"S01010432",771,660,111
"S01010433",767,626,141
"S01010434",697,572,125
"S01010435",694,564,130
"S01010436",921,733,188
"S01010437",540,442,98
"S01010438",542,442,100
"S01010439",748,646,102
"S01010440",963,663,300
"S01010441",454,419,35
"S01010442",688,606,82
"S01010443",548,451,97
"S01010444",699,555,144
"S01010445",643,536,107
"S01010446",915,788,127
"S01010447",1064,864,200
"S01010448",862,756,106
"S01010449",794,640,154
"S01010450",843,700,143
"S01010451",965,783,182
"S01010452",783,619,164
"S01010453",538,425,113
"S01010454",832,662,170
"S01010455",961,744,217
"S01010456",590,463,127
"S01010457",610,493,117
"S01010458",754,611,143
"S01010459",572,462,110
"S01010460",214,193,21
"S01010461",888,725,163
"S01010462",756,612,144
"S01010463",770,644,126
"S01010464",534,445,89
"S01010465",839,773,66
"S01010466",696,645,51
"S01010467",911,816,95
"S01010468",785,746,39
"S01010469",572,488,84
"S01010470",875,674,201
"S01010471",613,492,121
"S01010472",252,205,47
"S01010473",822,746,76
"S01010474",804,722,82
"S01010475",174,163,11
"S01010476",656,535,121
"S01010477",667,538,129
"S01010478",962,731,231
"S01010479",1023,817,206
"S01010480",610,511,99
"S01010481",623,517,106
"S01010482",749,623,126
"S01010483",1095,898,197
"S01010484",619,505,114
"S01010485",893,777,116
"S01010486",988,906,82
"S01010487",942,784,158
"S01010488",838,710,128
"S01010489",996,755,241
"S01010490",779,652,127
"S01010491",875,747,128
"S01010492",589,471,118
"S01010493",377,307,70
"S01010494",797,657,140
"S01010495",843,686,157
"S01010496",910,720,190
"S01010497",551,464,87
"S01010498",844,688,156
"S01010499",820,628,192
"S01010500",778,648,130
"S01010501",756,610,146
"S01010502",861,773,88
"S01010503",713,570,143
"S01010504",528,507,21
"S01010505",500,453,47
"S01010506",796,748,48
"S01010507",720,671,49
"S01010508",931,863,68
"S01010509",1331,1236,95
"S01010510",518,478,40
"S01010511",940,818,122
"S01010512",511,479,32
"S01010513",660,625,35
"S01010514",713,651,62
"S01010515",832,758,74
"S01010516",538,492,46
"S01010517",653,593,60
"S01010518",570,546,24
"S01010519",864,809,55
"S01010520",820,759,61
"S01010521",503,462,41
"S01010522",573,509,64
"S01010523",646,581,65
"S01010524",548,515,33
"S01010525",564,513,51
"S01010526",749,679,70
"S01010527",897,765,132
"S01010528",577,539,38
"S01010529",527,485,42
"S01010530",586,549,37
"S01010531",982,921,61
"S01010532",720,684,36
"S01010533",591,523,68
"S01010534",679,638,41
"S01010535",557,538,19
"S01010536",891,809,82
"S01010537",653,607,46
"S01010538",71,66,5
"S01010539",951,894,57
"S01010540",615,580,35
"S01010541",758,720,38
"S01010542",728,685,43
"S01010543",645,597,48
"S01010544",788,746,42
"S01010545",611,569,42
"S01010546",696,599,97
"S01010547",678,629,49
"S01010548",553,515,38
"S01010549",255,243,12
"S01010550",442,427,15
"S01010551",696,629,67
"S01010552",738,703,35
"S01010553",678,632,46
"S01010554",645,585,60
"S01010555",826,764,62
"S01010556",871,783,88
"S01010557",474,456,18
"S01010558",527,497,30
"S01010559",762,706,56
"S01010560",652,598,54
"S01010561",521,487,34
"S01010562",951,887,64
"S01010563",580,539,41
"S01010564",530,459,71
"S01010565",533,492,41
"S01010566",742,701,41
"S01010567",979,906,73
"S01010568",810,751,59
"S01010569",945,899,46
"S01010570",968,898,70
"S01010571",806,770,36
"S01010572",871,807,64
"S01010573",621,572,49
"S01010574",570,544,26
"S01010575",696,656,40
"S01010576",872,822,50
"S01010577",917,817,100
"S01010578",623,587,36
"S01010579",781,741,40
"S01010580",589,557,32
"S01010581",415,396,19
"S01010582",512,478,34
"S01010583",846,808,38
"S01010584",114,111,3
"S01010586",499,476,23
"S01010587",572,542,30
"S01010588",314,296,18
"S01010589",632,568,64
"S01010591",121,118,3
"S01010592",560,533,27
"S01010593",560,534,26
"S01010596",531,507,24
"S01010599",94,90,4
"S01010600",613,582,31
"S01010601",724,662,62
"S01010602",554,527,27
"S01010603",830,788,42
"S01010604",642,598,44
"S01010605",928,867,61
"S01010606",808,736,72
"S01010607",818,779,39
"S01010608",659,594,65
"S01010609",618,580,38
"S01010610",591,546,45
"S01010611",957,879,78
"S01010612",765,709,56
"S01010613",672,586,86
"S01010614",544,492,52
"S01010615",633,591,42
"S01010616",946,906,40
"S01010617",934,907,27
"S01010618",841,808,33
"S01010619",595,539,56
"S01010620",363,318,45
"S01010621",964,887,77
"S01010622",479,427,52
"S01010623",699,675,24
"S01010624",739,690,49
"S01010625",773,719,54
"S01010626",892,810,82
"S01010627",716,666,50
"S01010628",999,935,64
"S01010629",937,848,89
"S01010630",447,400,47
"S01010631",575,518,57
"S01010632",783,696,87
"S01010633",926,812,114
"S01010634",665,586,79
"S01010635",830,740,90
"S01010636",639,593,46
"S01010637",521,461,60
"S01010638",917,792,125
"S01010639",921,821,100
"S01010640",685,645,40
"S01010641",756,620,136
"S01010642",1000,888,112
"S01010643",610,527,83
"S01010644",600,507,93
"S01010645",312,291,21
"S01010646",681,652,29
"S01010647",712,651,61
"S01010648",675,625,50
"S01010649",563,524,39
"S01010650",527,415,112
"S01010651",768,691,77
"S01010652",723,687,36
"S01010653",763,724,39
"S01010654",837,742,95
"S01010655",768,709,59
"S01010656",384,344,40
"S01010657",543,508,35
"S01010658",653,575,78
"S01010659",657,623,34
"S01010660",578,533,45
"S01010661",586,543,43
"S01010662",511,471,40
"S01010663",560,524,36
"S01010664",773,741,32
"S01010665",749,687,62
"S01010666",671,618,53
"S01010667",436,414,22
"S01010668",913,838,75
"S01010669",592,554,38
"S01010670",710,652,58
"S01010671",528,498,30
"S01010672",739,673,66
"S01010673",659,578,81
"S01010674",817,765,52
"S01010675",576,539,37
"S01010676",795,747,48
"S01010677",366,351,15
"S01010678",780,738,42
"S01010679",554,502,52
"S01010680",697,642,55
"S01010681",666,582,84
"S01010682",818,755,63
"S01010683",891,814,77
"S01010684",797,733,64
"S01010685",577,511,66
"S01010686",495,454,41
"S01010687",836,779,57
"S01010688",671,623,48
"S01010689",796,734,62
"S01010690",610,560,50
"S01010691",505,464,41
"S01010692",629,597,32
"S01010693",535,494,41
"S01010694",576,530,46
"S01010695",590,562,28
"S01010696",859,792,67
"S01010697",854,803,51
"S01010698",638,596,42
"S01010699",568,523,45
"S01010700",574,538,36
"S01010701",984,914,70
"S01010702",692,619,73
"S01010703",1357,1268,89
"S01010704",377,332,45
"S01010705",803,748,55
"S01010706",210,195,15
"S01010707",781,740,41
"S01010708",586,561,25
"S01010709",687,647,40
"S01010710",754,692,62
"S01010711",522,500,22
"S01010712",712,648,64
"S01010713",823,760,63
"S01010714",718,617,101
"S01010715",723,647,76
"S01010716",708,640,68
"S01010717",681,651,30
"S01010718",685,646,39
"S01010719",608,558,50
"S01010720",678,623,55
"S01010721",632,596,36
"S01010722",891,817,74
"S01010723",664,636,28
"S01010724",759,715,44
"S01010725",639,613,26
"S01010726",887,827,60
"S01010727",449,418,31
"S01010728",415,389,26
"S01010729",645,603,42
"S01010730",775,725,50
"S01010731",886,803,83
"S01010732",890,778,112
"S01010733",579,505,74
"S01010734",827,696,131
"S01010735",518,448,70
"S01010736",275,256,19
"S01010737",775,662,113
"S01010738",502,448,54
"S01010739",746,663,83
"S01010740",505,438,67
"S01010741",377,351,26
"S01010742",648,581,67
"S01010743",944,844,100
"S01010744",1201,1101,100
"S01010745",521,459,62
"S01010746",1015,938,77
"S01010747",761,676,85
"S01010748",511,471,40
"S01010749",583,537,46
"S01010750",589,532,57
"S01010751",691,615,76
"S01010752",805,729,76
"S01010753",865,790,75
"S01010754",619,564,55
"S01010755",639,583,56
"S01010756",690,650,40
"S01010757",730,686,44
"S01010758",546,499,47
"S01010759",665,617,48
"S01010760",465,428,37
"S01010761",524,500,24
"S01010762",594,541,53
"S01010763",687,619,68
"S01010764",543,501,42
"S01010765",807,730,77
"S01010766",762,693,69
"S01010767",575,517,58
"S01010768",565,507,58
"S01010769",459,423,36
"S01010770",890,827,63
"S01010771",902,797,105
"S01010772",775,705,70
"S01010773",632,553,79
"S01010774",652,591,61
"S01010775",558,522,36
"S01010776",579,533,46
"S01010777",610,548,62
"S01010778",595,541,54
"S01010779",708,637,71
"S01010780",589,538,51
"S01010781",726,688,38
"S01010782",654,586,68
"S01010783",582,518,64
"S01010784",862,794,68
"S01010785",725,676,49
"S01010786",546,510,36
"S01010787",800,746,54
"S01010788",593,548,45
"S01010789",679,641,38
"S01010790",645,592,53
"S01010791",775,706,69
"S01010792",708,669,39
"S01010793",512,482,30
"S01010794",454,423,31
"S01010795",635,595,40
"S01010796",943,891,52
"S01010797",518,491,27
"S01010798",652,600,52
"S01010799",879,798,81
"S01010800",785,729,56
"S01010801",673,612,61
"S01010802",599,569,30
"S01010803",584,531,53
"S01010804",635,605,30
"S01010805",868,823,45
"S01010806",938,869,69
"S01010807",549,500,49
"S01010808",576,548,28
"S01010809",648,587,61
"S01010810",525,458,67
"S01010811",651,591,60
"S01010812",540,487,53
"S01010813",513,471,42
"S01010814",593,544,49
"S01010815",544,506,38
"S01010816",482,438,44
"S01010817",1095,1012,83
"S01010818",972,915,57
"S01010819",930,815,115
"S01010820",1038,961,77
"S01010821",572,546,26
"S01010822",543,489,54
"S01010823",353,274,79
"S01010824",300,289,11
"S01010825",418,396,22
"S01010826",640,599,41
"S01010827",608,567,41
"S01010828",1218,1176,42
"S01010829",540,503,37
"S01010830",603,574,29
"S01010831",344,338,6
"S01010832",1217,1140,77
"S01010833",477,464,13
"S01010834",773,722,51
"S01010835",681,651,30
"S01010836",851,771,80
"S01010837",611,548,63
"S01010838",799,726,73
"S01010839",736,685,51
"S01010840",592,527,65
"S01010841",736,669,67
"S01010842",893,738,155
"S01010843",644,548,96
"S01010844",689,636,53
"S01010845",630,568,62
"S01010846",800,720,80
"S01010847",683,655,28
"S01010848",818,726,92
"S01010849",1016,871,145
"S01010850",886,768,118
"S01010851",790,702,88
"S01010852",921,795,126
"S01010853",950,840,110
"S01010854",657,576,81
"S01010855",564,481,83
"S01010856",858,719,139
"S01010857",872,816,56
"S01010858",792,697,95
"S01010859",844,734,110
"S01010860",613,538,75
"S01010861",545,452,93
"S01010862",618,518,100
"S01010863",927,834,93
"S01010864",615,595,20
"S01010865",720,681,39
"S01010866",773,676,97
"S01010867",683,619,64
"S01010868",874,794,80
"S01010869",796,771,25
"S01010870",563,518,45
"S01010871",801,739,62
"S01010872",694,642,52
"S01010873",553,436,117
"S01010874",785,749,36
"S01010875",520,490,30
"S01010876",697,630,67
"S01010877",806,737,69
"S01010878",1192,1059,133
"S01010879",804,720,84
"S01010880",610,549,61
"S01010881",582,508,74
"S01010882",600,562,38
"S01010883",958,899,59
"S01010884",763,656,107
"S01010885",704,608,96
"S01010886",636,555,81
"S01010887",590,484,106
"S01010888",827,733,94
"S01010889",465,405,60
"S01010890",773,610,163
"S01010891",413,307,106
"S01010892",674,531,143
"S01010893",530,418,112
"S01010894",429,348,81
"S01010895",455,384,71
"S01010896",857,717,140
"S01010897",411,356,55
"S01010898",656,558,98
"S01010899",432,387,45
"S01010900",746,671,75
"S01010901",529,448,81
"S01010902",932,793,139
"S01010903",634,505,129
"S01010904",585,493,92
"S01010905",153,137,16
"S01010906",830,755,75
"S01010907",87,82,5
"S01010908",589,500,89
"S01010909",466,429,37
"S01010910",487,425,62
"S01010911",592,465,127
"S01010912",739,592,147
"S01010913",661,600,61
"S01010914",873,806,67
"S01010915",636,584,52
"S01010916",644,547,97
"S01010917",695,579,116
"S01010918",751,654,97
"S01010919",834,721,113
"S01010920",557,456,101
"S01010921",710,602,108
"S01010922",898,771,127
"S01010923",928,816,112
"S01010924",668,583,85
"S01010925",853,718,135
"S01010926",778,663,115
"S01010927",596,502,94
"S01010928",775,663,112
"S01010929",832,718,114
"S01010930",1369,1286,83
"S01010931",549,511,38
"S01010932",439,382,57
"S01010933",345,304,41
"S01010934",973,929,44
"S01010935",518,471,47
"S01010936",431,396,35
"S01010937",842,798,44
"S01010938",796,705,91
"S01010939",572,536,36
"S01010940",590,557,33
"S01010941",805,784,21
"S01010942",712,683,29
"S01010943",633,589,44
"S01010944",660,574,86
"S01010945",600,560,40
"S01010946",908,840,68
"S01010947",580,534,46
"S01010948",601,553,48
"S01010949",976,933,43
"S01010950",888,820,68
"S01010951",691,637,54
"S01010952",577,549,28
"S01010953",555,502,53
"S01010954",579,558,21
"S01010955",650,613,37
"S01010956",791,730,61
"S01010957",654,622,32
"S01010958",515,473,42
"S01010959",627,579,48
"S01010960",1177,1045,132
"S01010961",572,507,65
"S01010962",685,591,94
"S01010963",807,741,66
"S01010964",561,514,47
"S01010965",594,515,79
"S01010966",442,392,50
"S01010967",698,616,82
"S01010968",755,697,58
"S01010969",571,508,63
"S01010970",873,781,92
"S01010971",821,785,36
"S01010972",588,517,71
"S01010973",523,477,46
"S01010974",721,624,97
"S01010975",508,456,52
"S01010976",488,445,43
"S01010977",760,687,73
"S01010978",724,638,86
"S01010979",807,718,89
"S01010980",759,691,68
"S01010981",794,704,90
"S01010982",1000,936,64
"S01010983",934,854,80
"S01010984",623,579,44
"S01010985",612,535,77
"S01010986",225,211,14
"S01010987",660,635,25
"S01010988",614,593,21
"S01010990",739,661,78
"S01010991",708,669,39
"S01010992",212,187,25
"S01010993",765,709,56
"S01010994",1111,1020,91
"S01010995",806,777,29
"S01010996",587,564,23
"S01010997",711,664,47
"S01010998",620,576,44
"S01010999",786,730,56
"S01011000",1514,1368,146
"S01011001",565,513,52
"S01011002",766,685,81
"S01011003",729,649,80
"S01011004",680,638,42
"S01011005",752,649,103
"S01011006",666,607,59
"S01011007",750,686,64
"S01011008",902,805,97
"S01011009",615,547,68
"S01011010",495,446,49
"S01011011",836,717,119
"S01011012",809,684,125
"S01011013",855,747,108
"S01011014",723,679,44
"S01011015",477,435,42
"S01011017",1499,1396,103
"S01011018",956,880,76
"S01011019",772,731,41
"S01011020",375,341,34
"S01011021",718,599,119
"S01011022",290,247,43
"S01011023",624,534,90
"S01011024",594,524,70
"S01011025",828,760,68
"S01011026",631,571,60
"S01011027",1024,904,120
"S01011028",751,675,76
"S01011029",695,636,59
"S01011030",1000,932,68
"S01011031",600,530,70
"S01011032",749,672,77
"S01011033",626,565,61
"S01011034",573,478,95
"S01011035",719,645,74
"S01011036",417,390,27
"S01011037",804,709,95
"S01011038",821,716,105
"S01011039",648,571,77
"S01011040",754,667,87
"S01011041",634,551,83
"S01011042",722,688,34
"S01011043",778,698,80
"S01011044",707,622,85
"S01011045",633,587,46
"S01011046",623,581,42
"S01011047",891,846,45
"S01011048",796,733,63
"S01011049",658,605,53
"S01011050",642,616,26
"S01011051",1075,979,96
"S01011052",676,623,53
"S01011053",457,416,41
"S01011054",514,482,32
"S01011055",562,522,40
"S01011056",686,638,48
"S01011057",557,509,48
"S01011058",552,509,43
"S01011059",575,535,40
"S01011060",910,811,99
"S01011061",850,776,74
"S01011062",895,836,59
"S01011063",928,836,92
"S01011064",908,840,68
"S01011065",583,527,56
"S01011066",524,484,40
"S01011067",569,516,53
"S01011068",528,475,53
"S01011069",531,492,39
"S01011070",438,402,36
"S01011071",804,744,60
"S01011072",700,652,48
"S01011073",772,718,54
"S01011074",667,617,50
"S01011075",777,706,71
"S01011076",648,586,62
"S01011077",785,738,47
"S01011078",738,681,57
"S01011079",1142,1055,87
"S01011080",976,878,98
"S01011081",918,838,80
"S01011082",618,521,97
"S01011083",683,622,61
"S01011084",634,593,41
"S01011085",782,736,46
"S01011086",646,597,49
"S01011087",585,541,44
"S01011088",917,865,52
"S01011089",582,529,53
"S01011090",709,671,38
"S01011091",531,498,33
"S01011093",603,573,30
"S01011094",391,368,23
"S01011095",606,577,29
"S01011096",100,97,3
"S01011097",866,819,47
"S01011098",540,499,41
"S01011099",929,868,61
"S01011100",376,341,35
"S01011101",606,555,51
"S01011102",872,800,72
"S01011103",400,351,49
"S01011104",716,630,86
"S01011105",763,702,61
"S01011106",774,758,16
"S01011108",613,577,36
"S01011109",827,784,43
"S01011110",738,681,57
"S01011111",989,907,82
"S01011113",1234,1114,120
"S01011114",794,749,45
"S01011115",960,880,80
"S01011116",591,565,26
"S01011117",774,730,44
"S01011118",815,767,48
"S01011119",817,748,69
"S01011120",762,725,37
"S01011121",548,493,55
"S01011122",660,616,44
"S01011123",1094,1004,90
"S01011124",367,340,27
"S01011125",416,398,18
"S01011126",669,631,38
"S01011127",535,522,13
"S01011128",810,740,70
"S01011129",777,706,71
"S01011130",669,594,75
"S01011131",580,535,45
"S01011132",793,726,67
"S01011133",555,510,45
"S01011134",769,694,75
"S01011135",630,575,55
"S01011136",553,505,48
"S01011137",330,310,20
"S01011138",547,506,41
"S01011139",711,690,21
"S01011140",577,517,60
"S01011141",600,550,50
"S01011142",1731,1673,58
"S01011143",921,858,63
"S01011144",703,654,49
"S01011145",667,626,41
"S01011146",444,413,31
"S01011147",995,909,86
"S01011148",872,831,41
"S01011149",743,728,15
"S01011150",765,752,13
"S01011151",759,726,33
"S01011152",612,569,43
"S01011153",880,804,76
"S01011154",461,416,45
"S01011155",654,581,73
"S01011156",646,613,33
"S01011157",712,681,31
"S01011158",515,483,32
"S01011159",536,474,62
"S01011160",921,873,48
"S01011161",655,617,38
"S01011162",469,440,29
"S01011163",721,669,52
"S01011164",749,705,44
"S01011165",759,692,67
"S01011166",563,519,44
"S01011167",729,661,68
"S01011168",865,810,55
"S01011169",96,93,3
"S01011170",796,737,59
"S01011171",974,919,55
"S01011172",800,749,51
"S01011173",562,506,56
"S01011174",718,653,65
"S01011175",508,452,56
"S01011176",513,470,43
"S01011177",921,851,70
"S01011178",587,539,48
"S01011179",449,403,46
"S01011180",564,469,95
"S01011181",544,492,52
"S01011182",515,485,30
"S01011183",565,514,51
"S01011184",1025,974,51
"S01011185",733,691,42
"S01011186",866,763,103
"S01011187",774,716,58
"S01011188",982,891,91
"S01011189",580,508,72
"S01011190",496,420,76
"S01011191",656,585,71
"S01011192",977,904,73
"S01011193",765,687,78
"S01011194",761,685,76
"S01011195",722,658,64
"S01011196",959,846,113
"S01011197",931,846,85
"S01011198",748,668,80
"S01011199",816,724,92
"S01011200",830,759,71
"S01011201",609,546,63
"S01011202",893,795,98
"S01011203",852,757,95
"S01011204",593,548,45
"S01011206",669,622,47
"S01011207",758,683,75
"S01011208",958,919,39
"S01011209",674,597,77
"S01011210",490,450,40
"S01011211",732,684,48
"S01011212",558,506,52
"S01011213",935,822,113
"S01011214",1127,957,170
"S01011215",470,402,68
"S01011216",507,422,85
"S01011217",795,683,112
"S01011218",719,623,96
"S01011219",731,635,96
"S01011220",911,805,106
"S01011221",968,843,125
"S01011222",681,595,86
"S01011223",811,715,96
"S01011224",687,578,109
"S01011225",778,688,90
"S01011226",908,810,98
"S01011227",737,653,84
"S01011228",600,521,79
"S01011229",537,459,78
"S01011230",1017,828,189
"S01011231",547,445,102
"S01011232",787,671,116
"S01011233",359,315,44
"S01011234",1023,875,148
"S01011235",519,438,81
"S01011236",474,403,71
"S01011237",949,827,122
"S01011238",544,452,92
"S01011239",815,687,128
"S01011240",695,537,158
"S01011241",883,776,107
"S01011242",829,722,107
"S01011243",741,602,139
"S01011244",714,608,106
"S01011245",928,798,130
"S01011246",595,524,71
"S01011247",807,726,81
"S01011248",791,709,82
"S01011249",771,722,49
"S01011250",996,903,93
"S01011251",871,756,115
"S01011252",846,759,87
"S01011253",907,789,118
"S01011254",1014,968,46
"S01011255",176,175,1
"S01011256",172,169,3
"S01011257",484,449,35
"S01011258",630,587,43
"S01011259",691,606,85
"S01011260",756,666,90
"S01011261",867,760,107
"S01011262",512,447,65
"S01011263",769,644,125
"S01011264",686,622,64
"S01011265",902,810,92
"S01011266",968,838,130
"S01011267",441,403,38
"S01011268",195,175,20
"S01011269",570,475,95
"S01011270",626,526,100
"S01011271",839,742,97
"S01011272",737,613,124
"S01011273",926,830,96
"S01011274",745,628,117
"S01011275",684,594,90
"S01011276",947,845,102
"S01011277",614,578,36
"S01011278",568,540,28
"S01011279",691,650,41
"S01011280",652,622,30
"S01011281",643,621,22
"S01011282",796,750,46
"S01011283",580,549,31
"S01011285",763,663,100
"S01011286",684,586,98
"S01011287",797,699,98
"S01011288",797,721,76
"S01011289",786,686,100
"S01011290",1141,931,210
"S01011291",754,639,115
"S01011292",857,720,137
"S01011293",723,609,114
"S01011294",782,621,161
"S01011295",897,813,84
"S01011296",573,486,87
"S01011297",868,756,112
"S01011298",694,626,68
"S01011299",501,460,41
"S01011300",984,876,108
"S01011301",589,559,30
"S01011302",922,807,115
"S01011303",753,696,57
"S01011304",706,655,51
"S01011305",569,501,68
"S01011306",635,569,66
"S01011307",934,848,86
"S01011308",510,463,47
"S01011309",747,688,59
"S01011310",763,687,76
"S01011311",735,680,55
"S01011312",1018,975,43
"S01011313",721,652,69
"S01011314",904,843,61
"S01011315",294,259,35
"S01011316",721,617,104
"S01011317",841,761,80
"S01011318",868,772,96
"S01011319",942,860,82
"S01011320",502,445,57
"S01011321",561,520,41
"S01011322",691,627,64
"S01011323",886,769,117
"S01011324",513,462,51
"S01011325",689,598,91
"S01011326",747,647,100
"S01011327",730,612,118
"S01011328",636,550,86
"S01011329",831,721,110
"S01011330",787,726,61
"S01011331",626,581,45
"S01011332",608,569,39
"S01011333",692,636,56
"S01011334",1044,967,77
"S01011335",753,703,50
"S01011336",558,492,66
"S01011337",726,673,53
"S01011338",538,495,43
"S01011339",457,412,45
"S01011340",721,624,97
"S01011341",574,525,49
"S01011342",599,524,75
"S01011343",923,798,125
"S01011344",749,650,99
"S01011345",817,728,89
"S01011346",708,605,103
"S01011347",1006,894,112
"S01011348",976,862,114
"S01011349",848,805,43
"S01011350",708,666,42
"S01011351",684,569,115
"S01011352",645,578,67
"S01011353",690,626,64
"S01011354",753,679,74
"S01011355",1042,947,95
"S01011356",938,876,62
"S01011357",789,704,85
"S01011358",602,580,22
"S01011359",791,653,138
"S01011360",551,469,82
"S01011361",377,322,55
"S01011362",973,818,155
"S01011363",778,665,113
"S01011364",519,472,47
"S01011365",429,403,26
"S01011366",526,419,107
"S01011367",768,646,122
"S01011368",87,75,12
"S01011369",773,676,97
"S01011370",232,194,38
"S01011371",860,723,137
"S01011372",702,582,120
"S01011373",674,576,98
"S01011374",733,699,34
"S01011375",637,580,57
"S01011376",506,417,89
"S01011377",567,528,39
"S01011378",809,713,96
"S01011379",707,672,35
"S01011380",719,633,86
"S01011381",575,515,60
"S01011382",185,150,35
"S01011383",649,490,159
"S01011384",700,573,127
"S01011385",1044,892,152
"S01011386",626,548,78
"S01011387",733,605,128
"S01011388",254,224,30
"S01011389",743,631,112
"S01011390",637,535,102
"S01011391",486,431,55
"S01011392",742,661,81
"S01011393",626,548,78
"S01011394",278,253,25
"S01011395",687,589,98
"S01011396",785,655,130
"S01011397",795,683,112
"S01011398",828,702,126
"S01011399",518,447,71
"S01011400",295,246,49
"S01011401",745,660,85
"S01011402",1021,885,136
"S01011403",535,482,53
"S01011404",959,801,158
"S01011405",660,602,58
"S01011406",572,494,78
"S01011407",1125,1006,119
"S01011408",877,770,107
"S01011409",701,629,72
"S01011410",637,564,73
"S01011411",486,417,69
"S01011412",874,803,71
"S01011413",441,422,19
"S01011414",827,739,88
"S01011415",864,764,100
"S01011416",696,651,45
"S01011417",638,550,88
"S01011418",610,504,106
"S01011419",604,521,83
"S01011420",567,478,89
"S01011421",407,387,20
"S01011422",451,375,76
"S01011423",473,394,79
"S01011424",581,504,77
"S01011425",812,692,120
"S01011426",920,780,140
"S01011427",472,399,73
"S01011428",469,345,124
"S01011429",1675,1466,209
"S01011430",851,758,93
"S01011431",1016,825,191
"S01011432",1043,891,152
"S01011433",918,797,121
"S01011434",510,432,78
"S01011435",861,774,87
"S01011436",668,546,122
"S01011437",801,677,124
"S01011438",596,487,109
"S01011439",1364,1162,202
"S01011440",527,438,89
"S01011441",755,648,107
"S01011442",625,523,102
"S01011443",477,397,80
"S01011444",662,562,100
"S01011445",430,341,89
"S01011446",1819,1633,186
"S01011447",866,743,123
"S01011448",874,787,87
"S01011449",370,321,49
"S01011450",274,249,25
"S01011451",1476,1332,144
"S01011452",949,860,89
"S01011453",740,635,105
"S01011454",856,749,107
"S01011455",796,686,110
"S01011456",907,783,124
"S01011457",957,820,137
"S01011458",1069,996,73
"S01011459",434,373,61
"S01011460",921,834,87
"S01011461",615,558,57
"S01011462",851,760,91
"S01011463",614,553,61
"S01011464",89,77,12
"S01011465",561,495,66
"S01011466",577,469,108
"S01011467",354,312,42
"S01011468",133,133,0
"S01011469",912,822,90
"S01011470",1011,878,133
"S01011471",993,877,116
"S01011472",906,765,141
"S01011473",719,577,142
"S01011474",691,560,131
"S01011475",656,533,123
"S01011476",505,477,28
"S01011477",941,881,60
"S01011478",1118,1017,101
"S01011479",701,649,52
"S01011480",938,888,50
"S01011481",375,304,71
"S01011482",861,753,108
"S01011483",567,542,25
"S01011484",889,760,129
"S01011485",1025,862,163
"S01011486",589,502,87
"S01011487",495,423,72
"S01011488",752,636,116
"S01011489",271,245,26
"S01011490",1436,1260,176
"S01011491",583,475,108
"S01011492",875,752,123
"S01011493",535,515,20
"S01011494",563,494,69
"S01011495",795,692,103
"S01011496",634,529,105
"S01011497",632,584,48
"S01011498",673,648,25
"S01011499",676,607,69
"S01011500",561,499,62
"S01011501",753,628,125
"S01011502",627,547,80
"S01011503",832,718,114
"S01011504",891,789,102
"S01011505",616,528,88
"S01011506",647,548,99
"S01011507",653,569,84
"S01011508",911,822,89
"S01011509",656,593,63
"S01011510",845,711,134
"S01011511",605,513,92
"S01011512",1177,1007,170
"S01011513",735,596,139
"S01011514",1137,1002,135
"S01011515",586,530,56
"S01011516",989,915,74
"S01011517",545,467,78
"S01011518",557,442,115
"S01011519",775,645,130
"S01011520",560,462,98
"S01011521",689,578,111
"S01011522",890,739,151
"S01011523",782,665,117
"S01011524",883,801,82
"S01011525",805,694,111
"S01011526",1093,963,130
"S01011527",700,651,49
"S01011528",1034,885,149
"S01011529",465,394,71
"S01011530",834,701,133
"S01011531",741,641,100
"S01011532",360,338,22
"S01011533",817,635,182
"S01011534",703,605,98
"S01011535",1014,847,167
"S01011536",719,692,27
"S01011537",540,517,23
"S01011538",575,538,37
"S01011539",747,601,146
"S01011540",813,662,151
"S01011541",872,757,115
"S01011542",1357,1174,183
"S01011543",813,674,139
"S01011544",697,560,137
"S01011545",627,527,100
"S01011546",793,749,44
"S01011547",605,587,18
"S01011548",753,628,125
"S01011549",881,808,73
"S01011550",812,765,47
"S01011551",591,513,78
"S01011552",1320,1182,138
"S01011554",960,807,153
"S01011555",349,301,48
"S01011556",406,329,77
"S01011557",556,461,95
"S01011558",418,360,58
"S01011559",657,535,122
"S01011560",720,595,125
"S01011561",456,372,84
"S01011562",395,329,66
"S01011563",668,578,90
"S01011564",583,481,102
"S01011565",747,647,100
"S01011566",608,525,83
"S01011567",938,743,195
"S01011568",825,724,101
"S01011569",1022,861,161
"S01011570",696,569,127
"S01011571",555,414,141
"S01011572",714,626,88
"S01011573",667,575,92
"S01011574",717,617,100
"S01011575",225,189,36
"S01011576",822,650,172
"S01011577",676,582,94
"S01011578",920,793,127
"S01011579",580,553,27
"S01011580",424,334,90
"S01011581",685,538,147
"S01011582",1092,989,103
"S01011583",769,626,143
"S01011584",705,594,111
"S01011585",717,604,113
"S01011586",612,526,86
"S01011587",487,417,70
"S01011588",795,644,151
"S01011589",1045,898,147
"S01011590",717,591,126
"S01011591",634,522,112
"S01011592",744,628,116
"S01011593",638,546,92
"S01011594",487,421,66
"S01011595",583,539,44
"S01011596",1054,940,114
"S01011597",605,572,33
"S01011598",790,606,184
"S01011599",780,664,116
"S01011600",1017,884,133
"S01011601",766,725,41
"S01011602",515,457,58
"S01011603",872,711,161
"S01011604",705,623,82
"S01011605",894,752,142
"S01011606",247,234,13
"S01011607",622,582,40
"S01011608",637,597,40
"S01011609",1016,828,188
"S01011610",764,626,138
"S01011611",622,574,48
"S01011613",1224,1138,86
"S01011614",257,234,23
"S01011615",736,605,131
"S01011616",459,386,73
"S01011617",850,722,128
"S01011618",739,641,98
"S01011619",785,722,63
"S01011620",421,406,15
"S01011621",767,704,63
"S01011622",171,158,13
"S01011623",682,594,88
"S01011624",671,622,49
"S01011625",435,383,52
"S01011626",423,406,17
"S01011627",619,599,20
"S01011628",1426,1294,132
"S01011629",625,526,99
"S01011630",704,604,100
"S01011631",664,563,101
"S01011632",797,669,128
"S01011633",667,582,85
"S01011634",652,554,98
"S01011635",211,186,25
"S01011636",732,614,118
"S01011637",727,618,109
"S01011638",502,438,64
"S01011639",529,438,91
"S01011640",691,573,118
"S01011641",522,477,45
"S01011642",760,682,78
"S01011643",384,332,52
"S01011644",519,422,97
"S01011645",649,566,83
"S01011646",785,739,46
"S01011647",901,851,50
"S01011648",486,420,66
"S01011649",284,234,50
"S01011650",801,731,70
"S01011651",824,708,116
"S01011652",912,860,52
"S01011653",1112,966,146
"S01011654",999,823,176
"S01011655",885,729,156
"S01011656",265,214,51
"S01011657",536,435,101
"S01011658",733,630,103
"S01011659",843,725,118
"S01011660",785,722,63
"S01011661",611,542,69
"S01011662",294,272,22
"S01011663",612,519,93
"S01011664",1090,885,205
"S01011665",853,739,114
"S01011666",926,775,151
"S01011667",544,434,110
"S01011668",1038,871,167
"S01011669",704,616,88
"S01011670",593,498,95
"S01011671",692,595,97
"S01011672",651,572,79
"S01011673",632,519,113
"S01011674",530,440,90
"S01011675",682,565,117
"S01011676",783,666,117
"S01011678",533,443,90
"S01011679",205,189,16
"S01011680",1068,897,171
"S01011681",758,656,102
"S01011682",977,844,133
"S01011683",999,851,148
"S01011684",473,409,64
"S01011685",477,419,58
"S01011686",734,660,74
"S01011687",1052,919,133
"S01011688",1333,1160,173
"S01011689",408,368,40
"S01011690",408,354,54
"S01011691",188,168,20
"S01011692",1105,929,176
"S01011693",528,454,74
"S01011695",2224,1935,289
"S01011697",437,367,70
"S01011698",765,671,94
"S01011699",929,850,79
"S01011700",791,668,123
"S01011701",667,623,44
"S01011702",738,653,85
"S01011703",979,894,85
"S01011704",538,504,34
"S01011705",715,630,85
"S01011706",950,817,133
"S01011707",688,635,53
"S01011708",781,655,126
"S01011709",1090,967,123
"S01011710",620,520,100
"S01011711",730,592,138
"S01011712",500,398,102
"S01011713",770,666,104
"S01011714",374,354,20
"S01011715",645,554,91
"S01011716",985,935,50
"S01011717",824,744,80
"S01011718",127,114,13
"S01011719",691,662,29
"S01011720",587,551,36
"S01011721",686,568,118
"S01011722",600,522,78
"S01011723",869,748,121
"S01011724",706,664,42
"S01011725",640,625,15
"S01011726",455,436,19
"S01011728",1018,905,113
"S01011729",766,636,130
"S01011730",986,887,99
"S01011731",954,831,123
"S01011732",900,851,49
"S01011733",936,840,96
"S01011734",791,708,83
"S01011735",800,726,74
"S01011736",779,701,78
"S01011737",683,625,58
"S01011738",1192,1067,125
"S01011739",525,455,70
"S01011740",841,755,86
"S01011741",711,618,93
"S01011742",795,717,78
"S01011743",746,673,73
"S01011744",756,627,129
"S01011745",757,631,126
"S01011746",616,546,70
"S01011747",963,814,149
"S01011748",869,773,96
"S01011749",752,672,80
"S01011750",864,746,118
"S01011751",1029,911,118
"S01011752",960,841,119
"S01011753",880,806,74
"S01011754",722,647,75
"S01011755",1038,936,102
"S01011756",959,866,93
"S01011757",748,633,115
"S01011758",710,632,78
"S01011759",757,660,97
"S01011760",966,849,117
"S01011761",536,455,81
"S01011762",721,650,71
"S01011763",762,674,88
"S01011764",294,253,41
"S01011765",1132,1072,60
"S01011766",674,611,63
"S01011767",955,818,137
"S01011768",683,562,121
"S01011769",725,568,157
"S01011770",859,742,117
"S01011771",701,673,28
"S01011772",950,905,45
"S01011773",566,547,19
"S01011774",837,773,64
"S01011775",792,745,47
"S01011776",207,198,9
"S01011777",586,553,33
"S01011778",663,613,50
"S01011779",734,670,64
"S01011780",730,688,42
"S01011781",650,612,38
"S01011782",771,728,43
"S01011783",595,563,32
"S01011784",922,814,108
"S01011785",958,829,129
"S01011787",965,805,160
"S01011788",284,270,14
"S01011789",1432,1318,114
"S01011790",1045,937,108
"S01011791",680,595,85
"S01011792",907,743,164
"S01011793",611,526,85
"S01011794",760,635,125
"S01011795",507,431,76
"S01011796",630,540,90
"S01011797",705,657,48
"S01011798",436,371,65
"S01011799",1008,940,68
"S01011800",716,648,68
"S01011801",516,455,61
"S01011802",771,680,91
"S01011803",1188,1040,148
"S01011804",408,383,25
"S01011805",429,400,29
"S01011806",825,774,51
"S01011807",977,920,57
"S01011808",559,515,44
"S01011809",566,531,35
"S01011810",827,772,55
"S01011811",681,643,38
"S01011812",555,523,32
"S01011813",693,661,32
"S01011814",604,576,28
"S01011815",509,478,31
"S01011816",570,547,23
"S01011817",914,864,50
"S01011818",807,766,41
"S01011819",877,814,63
"S01011820",516,450,66
"S01011821",243,223,20
"S01011822",592,549,43
"S01011823",670,622,48
"S01011824",785,730,55
"S01011825",582,544,38
"S01011826",637,602,35
"S01011827",405,372,33
"S01011828",854,779,75
"S01011829",357,332,25
"S01011830",444,406,38
"S01011831",545,500,45
"S01011832",749,708,41
"S01011833",869,807,62
"S01011834",331,322,9
"S01011835",574,539,35
"S01011836",609,580,29
"S01011837",850,789,61
"S01011838",775,740,35
"S01011839",1185,1126,59
"S01011840",815,777,38
"S01011841",756,683,73
"S01011842",983,886,97
"S01011843",951,897,54
"S01011844",646,616,30
"S01011845",789,724,65
"S01011846",898,854,44
"S01011847",451,433,18
"S01011848",631,590,41
"S01011849",718,676,42
"S01011850",700,672,28
"S01011851",822,757,65
"S01011852",931,862,69
"S01011853",656,625,31
"S01011854",811,768,43
"S01011855",874,804,70
"S01011856",606,570,36
"S01011857",775,711,64
"S01011858",790,730,60
"S01011859",852,771,81
"S01011860",712,665,47
"S01011861",638,597,41
"S01011862",842,790,52
"S01011863",815,731,84
"S01011864",721,681,40
"S01011865",648,602,46
"S01011866",676,624,52
"S01011867",571,501,70
"S01011868",733,667,66
"S01011869",600,556,44
"S01011870",594,534,60
"S01011871",882,838,44
"S01011872",889,836,53
"S01011873",702,657,45
"S01011874",458,431,27
"S01011875",668,621,47
"S01011876",881,815,66
"S01011877",569,529,40
"S01011878",989,931,58
"S01011879",409,390,19
"S01011880",639,598,41
"S01011881",515,465,50
"S01011882",954,859,95
"S01011883",1568,1525,43
"S01011884",429,404,25
"S01011885",334,318,16
"S01011886",687,633,54
"S01011887",617,576,41
"S01011888",724,665,59
"S01011889",843,745,98
"S01011890",673,617,56
"S01011891",1020,891,129
"S01011892",940,895,45
"S01011893",659,604,55
"S01011894",734,676,58
"S01011895",549,519,30
"S01011896",873,807,66
"S01011897",993,942,51
"S01011898",552,523,29
"S01011899",832,786,46
"S01011900",711,677,34
"S01011901",677,639,38
"S01011902",972,888,84
"S01011903",840,795,45
"S01011904",898,814,84
"S01011905",703,681,22
"S01011906",456,438,18
"S01011907",770,742,28
"S01011908",400,384,16
"S01011909",693,674,19
"S01011910",949,866,83
"S01011911",702,637,65
"S01011912",725,649,76
"S01011913",754,668,86
"S01011914",893,812,81
"S01011915",790,703,87
"S01011916",599,536,63
"S01011917",540,499,41
"S01011918",614,542,72
"S01011919",699,628,71
"S01011920",602,551,51
"S01011921",614,542,72
"S01011922",765,689,76
"S01011923",1064,972,92
"S01011924",449,405,44
"S01011925",74,65,9
"S01011926",661,598,63
"S01011927",621,553,68
"S01011928",785,714,71
"S01011929",644,583,61
"S01011930",771,707,64
"S01011931",800,727,73
"S01011932",195,155,40
"S01011933",438,392,46
"S01011934",906,840,66
"S01011935",847,755,92
"S01011936",546,493,53
"S01011937",333,279,54
"S01011938",656,588,68
"S01011939",584,507,77
"S01011940",519,457,62
"S01011941",420,376,44
"S01011942",583,521,62
"S01011943",860,744,116
"S01011944",424,400,24
"S01011945",757,666,91
"S01011946",753,686,67
"S01011947",495,465,30
"S01011948",961,885,76
"S01011949",770,719,51
"S01011950",926,829,97
"S01011951",665,622,43
"S01011953",792,741,51
"S01011954",399,357,42
"S01011955",935,842,93
"S01011956",642,592,50
"S01011957",596,551,45
"S01011958",988,932,56
"S01011959",1097,1032,65
"S01011960",519,495,24
"S01011961",607,574,33
"S01011962",430,415,15
"S01011963",339,306,33
"S01011964",911,849,62
"S01011965",945,876,69
"S01011966",753,699,54
"S01011967",999,942,57
"S01011968",714,656,58
"S01011969",829,749,80
"S01011970",939,862,77
"S01011971",527,490,37
"S01011972",1115,1053,62
"S01011973",559,517,42
"S01011974",739,685,54
"S01011975",445,417,28
"S01011976",674,625,49
"S01011977",1079,999,80
"S01011978",667,605,62
"S01011979",682,633,49
"S01011980",448,427,21
"S01011981",925,878,47
"S01011982",862,810,52
"S01011983",793,735,58
"S01011984",633,559,74
"S01011985",850,774,76
"S01011986",651,575,76
"S01011987",722,675,47
"S01011988",650,574,76
"S01011989",773,725,48
"S01011990",687,635,52
"S01011991",750,681,69
"S01011992",730,685,45
"S01011993",894,784,110
"S01011994",669,609,60
"S01011995",746,694,52
"S01011996",453,413,40
"S01011997",878,820,58
"S01011998",272,254,18
"S01011999",647,603,44
"S01012000",463,436,27
"S01012001",454,423,31
"S01012002",594,527,67
"S01012003",496,461,35
"S01012004",746,686,60
"S01012005",452,423,29
"S01012006",1238,1198,40
"S01012007",762,692,70
"S01012008",889,825,64
"S01012009",782,746,36
"S01012010",1036,973,63
"S01012011",993,905,88
"S01012012",703,650,53
"S01012013",666,616,50
"S01012014",814,748,66
"S01012015",853,804,49
"S01012016",718,670,48
"S01012017",636,612,24
"S01012018",880,840,40
"S01012019",600,548,52
"S01012020",718,624,94
"S01012021",607,544,63
"S01012022",641,576,65
"S01012023",482,458,24
"S01012024",756,713,43
"S01012025",746,680,66
"S01012026",94,85,9
"S01012027",1022,935,87
"S01012028",903,868,35
"S01012029",1053,888,165
"S01012030",1473,1306,167
"S01012031",230,210,20
"S01012032",406,379,27
"S01012033",822,732,90
"S01012034",789,707,82
"S01012035",943,860,83
"S01012036",920,860,60
"S01012037",1040,909,131
"S01012038",825,701,124
"S01012039",857,729,128
"S01012040",525,478,47
"S01012041",924,807,117
"S01012042",940,831,109
"S01012043",880,756,124
"S01012044",954,750,204
"S01012045",844,737,107
"S01012046",723,591,132
"S01012047",888,707,181
"S01012048",600,502,98
"S01012049",674,608,66
"S01012050",625,577,48
"S01012051",840,729,111
"S01012052",801,690,111
"S01012053",938,811,127
"S01012054",853,755,98
"S01012055",946,778,168
"S01012056",815,727,88
"S01012057",836,785,51
"S01012058",655,606,49
"S01012059",905,766,139
"S01012060",789,675,114
"S01012061",922,851,71
"S01012062",721,681,40
"S01012063",555,531,24
"S01012064",519,442,77
"S01012065",735,633,102
"S01012066",935,836,99
"S01012067",517,451,66
"S01012068",588,487,101
"S01012069",509,434,75
"S01012070",557,436,121
"S01012071",750,619,131
"S01012072",842,702,140
"S01012073",578,521,57
"S01012074",751,719,32
"S01012075",780,755,25
"S01012076",735,645,90
"S01012077",593,523,70
"S01012078",835,784,51
"S01012079",873,780,93
"S01012080",804,703,101
"S01012081",658,554,104
"S01012082",520,454,66
"S01012083",908,779,129
"S01012084",619,577,42
"S01012085",757,686,71
"S01012086",1062,913,149
"S01012087",765,685,80
"S01012088",687,649,38
"S01012089",910,870,40
"S01012090",990,935,55
"S01012091",632,605,27
"S01012092",551,533,18
"S01012093",588,541,47
"S01012094",889,811,78
"S01012095",799,762,37
"S01012096",913,774,139
"S01012097",558,476,82
"S01012098",581,488,93
"S01012099",1147,956,191
"S01012100",1309,1147,162
"S01012101",712,679,33
"S01012102",722,646,76
"S01012103",979,913,66
"S01012104",907,863,44
"S01012105",788,739,49
"S01012106",883,852,31
"S01012107",789,645,144
"S01012108",961,784,177
"S01012109",778,677,101
"S01012110",653,555,98
"S01012111",543,462,81
"S01012112",862,708,154
"S01012113",945,803,142
"S01012114",690,658,32
"S01012115",533,467,66
"S01012116",494,446,48
"S01012117",311,288,23
"S01012118",986,729,257
"S01012119",1007,957,50
"S01012120",696,617,79
"S01012121",857,702,155
"S01012122",908,799,109
"S01012123",553,504,49
"S01012124",562,508,54
"S01012125",774,647,127
"S01012126",452,407,45
"S01012127",728,648,80
"S01012128",174,148,26
"S01012129",678,590,88
"S01012130",911,748,163
"S01012131",921,783,138
"S01012132",671,607,64
"S01012133",789,702,87
"S01012134",1008,885,123
"S01012135",1078,916,162
"S01012136",662,590,72
"S01012137",637,544,93
"S01012138",812,709,103
"S01012139",711,606,105
"S01012140",853,812,41
"S01012141",1035,962,73
"S01012142",950,880,70
"S01012143",857,801,56
"S01012144",946,871,75
"S01012145",958,914,44
"S01012146",733,610,123
"S01012147",762,639,123
"S01012148",764,658,106
"S01012149",763,689,74
"S01012150",886,741,145
"S01012151",546,453,93
"S01012152",708,597,111
"S01012153",499,418,81
"S01012154",499,413,86
"S01012155",487,417,70
"S01012156",681,562,119
"S01012157",778,697,81
"S01012158",642,603,39
"S01012159",578,551,27
"S01012160",726,680,46
"S01012161",454,387,67
"S01012162",721,593,128
"S01012163",450,405,45
"S01012164",356,345,11
"S01012165",961,829,132
"S01012166",649,583,66
"S01012167",727,628,99
"S01012168",1047,960,87
"S01012169",798,698,100
"S01012170",1010,869,141
"S01012171",943,831,112
"S01012172",826,720,106
"S01012173",703,650,53
"S01012174",1038,987,51
"S01012175",940,883,57
"S01012176",918,856,62
"S01012177",691,650,41
"S01012178",569,535,34
"S01012179",644,559,85
"S01012180",567,490,77
"S01012181",707,613,94
"S01012182",953,839,114
"S01012183",218,191,27
"S01012185",625,522,103
"S01012186",700,595,105
"S01012187",738,609,129
"S01012188",684,600,84
"S01012189",535,489,46
"S01012190",143,134,9
"S01012191",966,915,51
"S01012192",418,394,24
"S01012193",580,561,19
"S01012194",573,559,14
"S01012195",1085,1017,68
"S01012196",589,552,37
"S01012197",775,668,107
"S01012198",892,809,83
"S01012199",612,535,77
"S01012200",699,626,73
"S01012201",763,673,90
"S01012202",614,550,64
"S01012203",750,701,49
"S01012204",840,813,27
"S01012205",740,694,46
"S01012206",889,820,69
"S01012207",912,802,110
"S01012208",1024,875,149
"S01012209",750,645,105
"S01012210",745,665,80
"S01012211",767,679,88
"S01012212",889,852,37
"S01012213",930,892,38
"S01012214",735,693,42
"S01012215",966,926,40
"S01012216",766,743,23
"S01012217",438,380,58
"S01012218",530,467,63
"S01012219",860,722,138
"S01012220",645,527,118
"S01012221",733,600,133
"S01012222",840,725,115
"S01012223",660,573,87
"S01012224",890,801,89
"S01012225",1029,902,127
"S01012226",809,712,97
"S01012227",655,600,55
"S01012228",696,627,69
"S01012229",672,622,50
"S01012230",949,893,56
"S01012231",890,859,31
"S01012232",891,856,35
"S01012233",919,879,40
"S01012234",1069,1017,52
"S01012235",543,507,36
"S01012236",677,612,65
"S01012237",897,853,44
"S01012238",594,522,72
"S01012239",602,525,77
"S01012240",763,674,89
"S01012241",574,550,24
"S01012242",813,783,30
"S01012243",527,495,32
"S01012244",1063,1034,29
"S01012245",535,506,29
"S01012246",771,737,34
"S01012247",760,691,69
"S01012248",722,687,35
"S01012249",841,794,47
"S01012250",928,883,45
"S01012251",1200,1096,104
"S01012252",573,532,41
"S01012253",896,811,85
"S01012254",761,717,44
"S01012255",608,546,62
"S01012256",694,666,28
"S01012257",998,940,58
"S01012258",616,587,29
"S01012259",628,597,31
"S01012260",762,684,78
"S01012261",143,140,3
"S01012262",977,915,62
"S01012263",509,456,53
"S01012264",297,271,26
"S01012265",857,790,67
"S01012266",812,737,75
"S01012267",620,567,53
"S01012268",922,884,38
"S01012269",814,771,43
"S01012270",783,717,66
"S01012271",1229,1160,69
"S01012272",329,308,21
"S01012273",659,625,34
"S01012274",763,721,42
"S01012275",655,601,54
"S01012276",897,837,60
"S01012277",811,745,66
"S01012278",698,623,75
"S01012279",611,565,46
"S01012280",994,913,81
"S01012281",790,725,65
"S01012282",1153,1062,91
"S01012283",707,636,71
"S01012284",782,704,78
"S01012285",639,596,43
"S01012286",1034,940,94
"S01012287",665,572,93
"S01012288",917,847,70
"S01012289",692,656,36
"S01012290",316,287,29
"S01012291",604,572,32
"S01012292",845,784,61
"S01012293",456,428,28
"S01012294",941,864,77
"S01012295",311,283,28
"S01012296",333,309,24
"S01012297",547,528,19
"S01012298",748,704,44
"S01012299",570,541,29
"S01012300",253,219,34
"S01012301",814,768,46
"S01012302",781,712,69
"S01012303",1007,929,78
"S01012304",994,932,62
"S01012305",679,622,57
"S01012306",602,544,58
"S01012307",449,419,30
"S01012308",634,592,42
"S01012309",416,380,36
"S01012310",1168,1028,140
"S01012311",501,452,49
"S01012312",1047,974,73
"S01012313",729,676,53
"S01012314",796,741,55
"S01012315",624,564,60
"S01012316",704,619,85
"S01012317",152,146,6
"S01012318",891,818,73
"S01012319",672,629,43
"S01012320",646,607,39
"S01012321",558,513,45
"S01012322",673,620,53
"S01012323",778,716,62
"S01012324",865,801,64
"S01012325",335,294,41
"S01012326",502,459,43
"S01012327",976,900,76
"S01012328",458,421,37
"S01012329",1018,964,54
"S01012330",513,498,15
"S01012331",390,369,21
"S01012332",990,947,43
"S01012333",851,791,60
"S01012334",910,855,55
"S01012335",978,937,41
"S01012336",661,625,36
"S01012337",840,724,116
"S01012338",529,490,39
"S01012339",596,539,57
"S01012340",587,560,27
"S01012341",1336,1260,76
"S01012342",883,834,49
"S01012343",836,785,51
"S01012344",555,515,40
"S01012345",644,599,45
"S01012346",743,675,68
"S01012347",602,560,42
"S01012348",484,446,38
"S01012349",806,759,47
"S01012350",756,695,61
"S01012351",794,742,52
"S01012352",737,684,53
"S01012353",425,382,43
"S01012354",588,523,65
"S01012355",1036,991,45
"S01012356",556,517,39
"S01012357",838,754,84
"S01012358",896,818,78
"S01012359",828,715,113
"S01012360",896,817,79
"S01012361",682,612,70
"S01012362",644,565,79
"S01012363",915,803,112
"S01012364",677,613,64
"S01012365",974,919,55
"S01012366",813,740,73
"S01012367",884,826,58
"S01012368",655,596,59
"S01012369",925,865,60
"S01012370",817,716,101
"S01012371",1013,893,120
"S01012372",682,613,69
"S01012373",956,889,67
"S01012374",973,888,85
"S01012375",900,824,76
"S01012376",841,793,48
"S01012377",674,590,84
"S01012378",762,715,47
"S01012379",572,545,27
"S01012380",935,868,67
"S01012381",650,577,73
"S01012382",974,929,45
"S01012383",950,864,86
"S01012384",440,401,39
"S01012385",613,574,39
"S01012386",919,822,97
"S01012387",948,874,74
"S01012388",683,636,47
"S01012389",683,641,42
"S01012390",658,618,40
"S01012391",590,573,17
"S01012392",361,339,22
"S01012393",1004,957,47
"S01012394",577,544,33
"S01012395",594,540,54
"S01012396",610,577,33
"S01012397",859,787,72
"S01012398",879,769,110
"S01012399",655,610,45
"S01012400",533,483,50
"S01012401",706,659,47
"S01012402",777,740,37
"S01012403",725,673,52
"S01012404",938,859,79
"S01012405",610,584,26
"S01012406",240,225,15
"S01012407",722,679,43
"S01012408",577,545,32
"S01012409",660,619,41
"S01012410",767,722,45
"S01012411",783,738,45
"S01012412",571,516,55
"S01012413",957,869,88
"S01012414",806,754,52
"S01012415",590,562,28
"S01012416",520,495,25
"S01012417",628,569,59
"S01012418",964,867,97
"S01012419",782,719,63
"S01012420",933,847,86
"S01012421",638,572,66
"S01012422",908,815,93
"S01012423",1129,1045,84
"S01012424",861,767,94
"S01012425",660,559,101
"S01012426",525,460,65
"S01012427",718,645,73
"S01012428",753,697,56
"S01012429",498,420,78
"S01012430",576,508,68
"S01012431",796,705,91
"S01012432",785,697,88
"S01012433",545,479,66
"S01012434",728,652,76
"S01012435",524,455,69
"S01012436",322,284,38
"S01012437",648,584,64
"S01012438",876,816,60
"S01012439",797,693,104
"S01012440",431,401,30
"S01012441",925,853,72
"S01012442",697,643,54
"S01012443",683,627,56
"S01012444",887,772,115
"S01012445",116,113,3
"S01012446",543,481,62
"S01012447",695,657,38
"S01012448",764,709,55
"S01012449",393,360,33
"S01012450",957,876,81
"S01012451",927,830,97
"S01012452",540,505,35
"S01012453",714,659,55
"S01012454",726,690,36
"S01012455",627,603,24
"S01012456",848,793,55
"S01012457",902,836,66
"S01012458",831,793,38
"S01012459",720,672,48
"S01012460",596,561,35
"S01012461",573,523,50
"S01012462",782,683,99
"S01012463",662,607,55
"S01012464",698,637,61
"S01012465",796,716,80
"S01012466",796,724,72
"S01012467",711,634,77
"S01012468",917,823,94
"S01012469",827,773,54
"S01012470",874,752,122
"S01012471",804,761,43
"S01012472",747,692,55
"S01012473",576,546,30
"S01012474",743,650,93
"S01012475",719,649,70
"S01012476",1040,922,118
"S01012477",750,704,46
"S01012478",678,617,61
"S01012479",733,704,29
"S01012480",67,61,6
"S01012481",747,675,72
"S01012482",600,530,70
"S01012483",752,639,113
"S01012484",799,731,68
"S01012485",864,761,103
"S01012486",662,520,142
"S01012487",620,539,81
"S01012488",977,846,131
"S01012489",940,803,137
"S01012490",827,695,132
"S01012491",502,424,78
"S01012492",790,671,119
"S01012493",697,591,106
"S01012494",1028,932,96
"S01012495",1012,872,140
"S01012496",893,787,106
"S01012497",539,462,77
"S01012498",838,737,101
"S01012499",550,502,48
"S01012500",665,594,71
"S01012501",612,536,76
"S01012502",720,618,102
"S01012503",729,619,110
"S01012504",394,340,54
"S01012505",972,827,145
"S01012506",480,417,63
"S01012507",872,771,101
"S01012508",742,655,87
"S01012509",683,623,60
"S01012510",907,842,65
"S01012511",524,482,42
"S01012512",725,669,56
"S01012513",888,850,38
"S01012514",483,469,14
"S01012515",622,523,99
"S01012516",658,604,54
"S01012517",777,708,69
"S01012518",506,462,44
"S01012519",542,488,54
"S01012520",862,799,63
"S01012521",509,453,56
"S01012522",982,931,51
"S01012523",887,817,70
"S01012524",941,861,80
"S01012525",796,742,54
"S01012526",781,737,44
"S01012527",692,628,64
"S01012528",839,751,88
"S01012529",830,722,108
"S01012530",924,844,80
"S01012531",649,591,58
"S01012532",954,876,78
"S01012533",355,303,52
"S01012534",602,526,76
"S01012535",562,484,78
"S01012536",793,682,111
"S01012537",875,788,87
"S01012538",940,823,117
"S01012539",856,774,82
"S01012540",768,684,84
"S01012541",771,717,54
"S01012542",871,803,68
"S01012543",717,673,44
"S01012544",499,414,85
"S01012545",414,362,52
"S01012546",842,779,63
"S01012547",778,706,72
"S01012548",962,892,70
"S01012549",469,421,48
"S01012550",979,872,107
"S01012551",886,842,44
"S01012552",969,913,56
"S01012553",639,601,38
"S01012554",512,490,22
"S01012555",765,743,22
"S01012556",448,424,24
"S01012557",827,769,58
"S01012558",483,430,53
"S01012559",613,513,100
"S01012560",755,689,66
"S01012561",614,556,58
"S01012562",760,684,76
"S01012563",610,574,36
"S01012564",838,786,52
"S01012565",621,563,58
"S01012566",929,831,98
"S01012567",783,714,69
"S01012568",628,585,43
"S01012569",712,636,76
"S01012570",615,547,68
"S01012571",683,601,82
"S01012572",516,478,38
"S01012573",950,878,72
"S01012574",969,896,73
"S01012575",522,494,28
"S01012576",537,484,53
"S01012577",751,703,48
"S01012578",998,911,87
"S01012579",667,618,49
"S01012580",732,682,50
"S01012581",792,696,96
"S01012582",625,574,51
"S01012583",743,654,89
"S01012584",638,583,55
"S01012585",889,799,90
"S01012586",1000,870,130
"S01012587",667,607,60
"S01012588",579,534,45
"S01012589",748,659,89
"S01012590",725,614,111
"S01012591",747,623,124
"S01012592",336,303,33
"S01012593",826,781,45
"S01012594",648,587,61
"S01012595",553,492,61
"S01012596",698,592,106
"S01012597",158,144,14
"S01012598",682,625,57
"S01012599",644,587,57
"S01012600",728,702,26
"S01012601",860,811,49
"S01012602",642,534,108
"S01012603",699,594,105
"S01012604",719,655,64
"S01012605",600,538,62
"S01012606",316,304,12
"S01012607",817,711,106
"S01012608",853,769,84
"S01012609",884,781,103
"S01012610",873,744,129
"S01012611",996,910,86
"S01012612",976,871,105
"S01012613",629,568,61
"S01012614",833,746,87
"S01012615",674,621,53
"S01012616",711,613,98
"S01012617",352,337,15
"S01012618",576,538,38
"S01012619",563,500,63
"S01012620",772,727,45
"S01012621",651,603,48
"S01012622",795,700,95
"S01012623",463,392,71
"S01012624",721,634,87
"S01012625",566,506,60
"S01012626",563,534,29
"S01012627",564,509,55
"S01012628",359,317,42
"S01012629",426,390,36
"S01012630",799,713,86
"S01012631",991,875,116
"S01012632",551,511,40
"S01012633",760,702,58
"S01012634",545,465,80
"S01012635",902,819,83
"S01012636",572,517,55
"S01012637",856,770,86
"S01012638",941,844,97
"S01012639",876,757,119
"S01012640",821,683,138
"S01012641",880,790,90
"S01012642",881,778,103
"S01012643",387,334,53
"S01012644",475,414,61
"S01012645",715,639,76
"S01012646",687,642,45
"S01012648",598,502,96
"S01012649",691,621,70
"S01012650",578,524,54
"S01012651",640,542,98
"S01012652",1055,978,77
"S01012653",875,767,108
"S01012654",716,663,53
"S01012655",978,820,158
"S01012656",802,660,142
"S01012657",537,433,104
"S01012658",972,882,90
"S01012659",799,767,32
"S01012660",721,642,79
"S01012661",812,707,105
"S01012662",861,736,125
"S01012663",713,640,73
"S01012664",868,757,111
"S01012665",834,674,160
"S01012666",781,638,143
"S01012667",611,524,87
"S01012668",786,666,120
"S01012669",817,758,59
"S01012670",716,655,61
"S01012671",873,738,135
"S01012672",451,356,95
"S01012673",697,589,108
"S01012674",622,515,107
"S01012675",828,698,130
"S01012676",828,751,77
"S01012677",480,417,63
"S01012678",824,778,46
"S01012679",718,612,106
"S01012680",245,216,29
"S01012681",537,494,43
"S01012682",654,586,68
"S01012683",787,712,75
"S01012684",691,633,58
"S01012685",703,630,73
"S01012686",867,809,58
"S01012687",600,565,35
"S01012688",794,710,84
"S01012689",556,523,33
"S01012690",542,497,45
"S01012691",719,683,36
"S01012692",697,632,65
"S01012693",1008,967,41
"S01012694",478,439,39
"S01012695",916,831,85
"S01012696",667,631,36
"S01012697",505,476,29
"S01012698",955,883,72
"S01012699",1225,1087,138
"S01012700",903,840,63
"S01012701",753,714,39
"S01012702",292,249,43
"S01012703",627,592,35
"S01012704",711,599,112
"S01012705",755,728,27
"S01012706",723,627,96
"S01012707",984,945,39
"S01012708",953,818,135
"S01012709",616,541,75
"S01012710",708,599,109
"S01012711",816,680,136
"S01012712",1016,956,60
"S01012713",699,647,52
"S01012714",663,615,48
"S01012715",713,612,101
"S01012716",903,792,111
"S01012717",789,672,117
"S01012718",748,678,70
"S01012719",633,555,78
"S01012720",425,383,42
"S01012721",675,587,88
"S01012722",797,614,183
"S01012723",738,582,156
"S01012724",763,665,98
"S01012725",830,745,85
"S01012726",601,524,77
"S01012727",731,608,123
"S01012728",903,760,143
"S01012729",867,790,77
"S01012730",774,663,111
"S01012731",629,533,96
"S01012732",872,757,115
"S01012735",624,542,82
"S01012736",954,847,107
"S01012737",740,676,64
"S01012738",622,533,89
"S01012741",686,651,35
"S01012742",789,755,34
"S01012743",681,637,44
"S01012744",786,751,35
"S01012745",658,606,52
"S01012746",714,665,49
"S01012747",943,850,93
"S01012748",944,788,156
"S01012749",886,759,127
"S01012750",675,588,87
"S01012751",883,751,132
"S01012752",693,590,103
"S01012753",444,373,71
"S01012754",593,495,98
"S01012755",490,382,108
"S01012756",513,425,88
"S01012757",519,427,92
"S01012758",641,550,91
"S01012759",744,622,122
"S01012760",957,754,203
"S01012761",797,677,120
"S01012762",750,655,95
"S01012763",634,530,104
"S01012764",654,540,114
"S01012765",781,695,86
"S01012766",417,346,71
"S01012767",824,772,52
"S01012768",726,672,54
"S01012769",114,102,12
"S01012770",789,675,114
"S01012771",791,672,119
"S01012772",760,634,126
"S01012773",1071,917,154
"S01012774",1012,840,172
"S01012775",492,412,80
"S01012776",860,747,113
"S01012777",444,400,44
"S01012778",278,236,42
"S01012779",522,444,78
"S01012780",707,609,98
"S01012781",623,551,72
"S01012782",725,602,123
"S01012783",866,711,155
"S01012784",565,445,120
"S01012785",748,590,158
"S01012786",471,367,104
"S01012787",378,291,87
"S01012788",634,508,126
"S01012789",597,505,92
"S01012790",398,349,49
"S01012791",1039,943,96
"S01012792",979,756,223
"S01012793",655,546,109
"S01012794",282,232,50
"S01012795",1134,936,198
"S01012796",210,162,48
"S01012797",652,536,116
"S01012798",881,790,91
"S01012799",786,716,70
"S01012800",689,646,43
"S01012801",85,84,1
"S01012802",555,527,28
"S01012803",810,764,46
"S01012804",829,724,105
"S01012805",943,808,135
"S01012806",907,822,85
"S01012807",540,514,26
"S01012808",1072,970,102
"S01012809",634,587,47
"S01012810",769,617,152
"S01012811",833,739,94
"S01012812",662,612,50
"S01012813",832,774,58
"S01012814",761,727,34
"S01012815",298,288,10
"S01012816",325,302,23
"S01012817",196,187,9
"S01012818",615,583,32
"S01012819",838,643,195
"S01012820",871,805,66
"S01012822",309,240,69
"S01012823",513,479,34
"S01012824",480,416,64
"S01012825",399,333,66
"S01012826",216,191,25
"S01012827",122,106,16
"S01012828",563,506,57
"S01012829",765,631,134
"S01012830",599,506,93
"S01012831",668,546,122
"S01012832",548,481,67
"S01012833",780,629,151
"S01012834",517,453,64
"S01012835",1049,851,198
"S01012837",785,669,116
"S01012838",870,714,156
"S01012839",797,743,54
"S01012840",276,262,14
"S01012841",691,637,54
"S01012842",579,548,31
"S01012843",907,855,52
"S01012844",786,757,29
"S01012845",755,703,52
"S01012846",895,670,225
"S01012847",621,542,79
"S01012848",398,354,44
"S01012849",472,371,101
"S01012850",871,722,149
"S01012851",842,716,126
"S01012852",830,752,78
"S01012853",750,691,59
"S01012854",756,701,55
"S01012855",616,576,40
"S01012856",634,491,143
"S01012857",804,645,159
"S01012858",699,568,131
"S01012859",733,639,94
"S01012860",1044,776,268
"S01012861",678,629,49
"S01012862",517,411,106
"S01012863",650,512,138
"S01012864",779,631,148
"S01012865",775,632,143
"S01012866",861,753,108
"S01012867",820,631,189
"S01012868",613,488,125
"S01012869",614,493,121
"S01012870",980,877,103
"S01012871",896,814,82
"S01012872",1006,927,79
"S01012873",780,728,52
"S01012874",840,714,126
"S01012875",557,466,91
"S01012876",849,683,166
"S01012877",786,633,153
"S01012878",958,916,42
"S01012879",691,643,48
"S01012880",872,815,57
"S01012881",704,644,60
"S01012882",674,593,81
"S01012883",674,522,152
"S01012884",564,479,85
"S01012885",559,458,101
"S01012886",898,821,77
"S01012887",744,690,54
"S01012888",841,781,60
"S01012889",571,519,52
"S01012890",638,540,98
"S01012891",462,365,97
"S01012892",1165,976,189
"S01012893",702,590,112
"S01012894",212,202,10
"S01012895",268,254,14
"S01012896",925,801,124
"S01012897",482,445,37
"S01012899",749,658,91
"S01012900",1063,915,148
"S01012901",769,704,65
"S01012902",795,729,66
"S01012903",934,864,70
"S01012904",868,794,74
"S01012905",505,447,58
"S01012906",1130,1038,92
"S01012907",724,624,100
"S01012908",747,652,95
"S01012909",651,579,72
"S01012910",845,692,153
"S01012911",796,719,77
"S01012912",840,741,99
"S01012913",825,728,97
"S01012914",712,621,91
"S01012915",650,550,100
"S01012916",757,681,76
"S01012917",786,737,49
"S01012918",685,600,85
"S01012919",509,451,58
"S01012920",552,528,24
"S01012921",612,544,68
"S01012922",761,689,72
"S01012923",768,708,60
"S01012924",571,523,48
"S01012925",549,518,31
"S01012926",765,712,53
"S01012927",827,738,89
"S01012928",773,712,61
"S01012929",800,747,53
"S01012930",810,670,140
"S01012931",822,713,109
"S01012932",749,707,42
"S01012933",846,762,84
"S01012934",762,665,97
"S01012935",901,809,92
"S01012936",638,581,57
"S01012937",739,676,63
"S01012938",583,542,41
"S01012939",666,625,41
"S01012940",770,741,29
"S01012941",646,626,20
"S01012942",803,698,105
"S01012943",762,722,40
"S01012944",555,532,23
"S01012945",759,737,22
"S01012946",808,776,32
"S01012947",513,506,7
"S01012948",643,609,34
"S01012949",916,875,41
"S01012950",598,586,12
"S01012952",575,550,25
"S01012953",697,667,30
"S01012954",513,487,26
"S01012955",249,220,29
"S01012956",999,864,135
"S01012957",689,610,79
"S01012958",470,423,47
"S01012959",660,633,27
"S01012960",697,649,48
"S01012961",538,509,29
"S01012962",724,697,27
"S01012963",526,495,31
"S01012964",157,152,5
"S01012965",509,485,24
"S01012966",765,723,42
"S01012967",655,608,47
"S01012968",726,640,86
"S01012969",791,692,99
"S01012970",661,594,67
"S01012971",918,843,75
"S01012972",667,594,73
"S01012973",869,779,90
"S01012974",958,850,108
"S01012975",663,569,94
"S01012976",434,384,50
"S01012977",808,731,77
"S01012978",1126,996,130
"S01012979",587,541,46
"S01012980",713,656,57
"S01012981",787,688,99
"S01012982",891,821,70
"S01012983",791,729,62
"S01012984",690,631,59
"S01012985",884,826,58
"S01012986",778,693,85
"S01012987",892,783,109
"S01012988",792,671,121
"S01012989",1036,913,123
"S01012990",653,569,84
"S01012991",812,724,88
"S01012992",784,690,94
"S01012993",760,660,100
"S01012994",914,798,116
"S01012995",931,840,91
"S01012996",787,738,49
"S01012997",522,462,60
"S01012998",784,705,79
"S01012999",527,464,63
"S01013000",734,648,86
"S01013001",330,307,23
"S01013002",568,512,56
"S01013003",568,551,17
"S01013004",818,782,36
"S01013005",807,773,34
"S01013006",698,658,40
"S01013007",1009,927,82
"S01013008",497,455,42
"S01013009",519,469,50
"S01013010",484,456,28
"S01013011",277,261,16
"S01013012",487,442,45
"S01013013",911,859,52
"S01013014",712,658,54
"S01013015",761,726,35
"S01013016",572,551,21
"S01013017",802,739,63
"S01013018",922,878,44
"S01013019",764,734,30
"S01013020",472,422,50
"S01013021",471,422,49
"S01013022",105,104,1
"S01013023",863,825,38
"S01013024",635,596,39
"S01013025",316,293,23
"S01013026",486,401,85
"S01013027",1106,949,157
"S01013028",735,639,96
"S01013029",720,609,111
"S01013030",543,461,82
"S01013031",749,659,90
"S01013032",375,363,12
"S01013033",518,469,49
"S01013034",689,595,94
"S01013035",847,728,119
"S01013036",802,704,98
"S01013037",819,732,87
"S01013038",973,855,118
"S01013039",612,588,24
"S01013040",662,573,89
"S01013041",620,556,64
"S01013042",599,546,53
"S01013043",756,673,83
"S01013044",896,794,102
"S01013045",551,502,49
"S01013046",587,523,64
"S01013047",957,915,42
"S01013048",857,807,50
"S01013049",858,820,38
"S01013050",789,694,95
"S01013051",933,796,137
"S01013052",704,606,98
"S01013053",602,491,111
"S01013054",872,796,76
"S01013055",660,571,89
"S01013056",948,816,132
"S01013057",1022,909,113
"S01013058",258,248,10
"S01013059",671,626,45
"S01013060",400,376,24
"S01013061",893,855,38
"S01013062",784,728,56
"S01013063",771,727,44
"S01013064",780,678,102
"S01013065",868,744,124
"S01013066",591,530,61
"S01013067",675,650,25
"S01013068",699,595,104
"S01013069",605,568,37
"S01013070",512,453,59
"S01013071",890,847,43
"S01013072",562,471,91
"S01013073",699,509,190
"S01013074",606,523,83
"S01013075",1064,855,209
"S01013076",543,513,30
"S01013077",773,669,104
"S01013078",452,388,64
"S01013079",240,215,25
"S01013080",574,528,46
"S01013081",537,506,31
"S01013082",882,825,57
"S01013083",1052,1012,40
"S01013084",762,719,43
"S01013085",677,613,64
"S01013086",830,777,53
"S01013087",949,927,22
"S01013088",919,882,37
"S01013089",754,674,80
"S01013090",680,655,25
"S01013091",244,223,21
"S01013092",581,518,63
"S01013093",603,564,39
"S01013094",646,624,22
"S01013095",726,694,32
"S01013096",628,599,29
"S01013097",754,723,31
"S01013099",859,802,57
"S01013100",636,592,44
"S01013101",1036,916,120
"S01013102",668,622,46
"S01013103",830,803,27
"S01013104",985,923,62
"S01013105",897,844,53
"S01013106",771,725,46
"S01013107",677,641,36
"S01013108",666,617,49
"S01013109",910,846,64
"S01013110",752,711,41
"S01013111",472,450,22
"S01013112",404,376,28
"S01013113",860,790,70
"S01013114",706,658,48
"S01013115",451,416,35
"S01013116",1033,941,92
"S01013117",308,292,16
"S01013118",947,876,71
"S01013119",755,693,62
"S01013120",939,882,57
"S01013121",398,362,36
"S01013122",660,518,142
"S01013123",817,731,86
"S01013124",796,687,109
"S01013125",869,781,88
"S01013126",754,631,123
"S01013127",714,618,96
"S01013128",560,486,74
"S01013129",862,740,122
"S01013130",790,688,102
"S01013131",744,657,87
"S01013132",587,506,81
"S01013133",689,496,193
"S01013134",823,713,110
"S01013135",891,753,138
"S01013136",980,830,150
"S01013137",795,682,113
"S01013138",780,674,106
"S01013139",918,759,159
"S01013140",861,736,125
"S01013141",744,638,106
"S01013142",769,590,179
"S01013143",912,789,123
"S01013144",942,811,131
"S01013145",835,708,127
"S01013146",388,326,62
"S01013147",736,650,86
"S01013148",766,692,74
"S01013149",766,680,86
"S01013150",822,715,107
"S01013151",572,527,45
"S01013152",559,495,64
"S01013153",828,706,122
"S01013154",939,815,124
"S01013155",971,878,93
"S01013156",931,810,121
"S01013157",896,775,121
"S01013158",889,794,95
"S01013159",928,873,55
"S01013160",477,458,19
"S01013161",994,887,107
"S01013162",818,686,132
"S01013163",753,711,42
"S01013164",983,856,127
"S01013165",807,705,102
"S01013166",460,369,91
"S01013167",780,653,127
"S01013168",1163,961,202
"S01013169",757,600,157
"S01013170",594,504,90
"S01013171",790,727,63
"S01013172",841,762,79
"S01013173",875,819,56
"S01013174",856,825,31
"S01013175",858,802,56
"S01013176",817,716,101
"S01013177",655,613,42
"S01013178",519,466,53
"S01013179",1115,1019,96
"S01013180",523,494,29
"S01013181",759,690,69
"S01013182",764,644,120
"S01013183",828,753,75
"S01013184",627,552,75
"S01013185",869,749,120
"S01013186",826,728,98
"S01013187",679,578,101
"S01013188",998,915,83
"S01013189",473,418,55
"S01013190",795,699,96
"S01013191",774,734,40
"S01013192",1004,890,114
"S01013193",556,500,56
"S01013194",641,575,66
"S01013195",846,720,126
"S01013196",636,591,45
"S01013197",624,567,57
"S01013198",955,817,138
"S01013199",903,780,123
"S01013200",838,728,110
"S01013201",702,584,118
"S01013202",653,551,102
"S01013203",707,629,78
"S01013204",908,834,74
"S01013205",410,341,69
"S01013206",757,641,116
"S01013207",918,789,129
"S01013208",680,599,81
"S01013209",786,682,104
"S01013210",652,614,38
"S01013211",937,837,100
"S01013212",373,358,15
"S01013213",585,559,26
"S01013214",422,399,23
"S01013215",1080,990,90
"S01013216",652,587,65
"S01013217",723,660,63
"S01013218",659,594,65
"S01013219",681,618,63
"S01013220",731,642,89
"S01013221",932,818,114
"S01013222",430,339,91
"S01013223",860,692,168
"S01013224",846,746,100
"S01013225",683,561,122
"S01013226",198,180,18
"S01013227",650,553,97
"S01013228",863,708,155
"S01013229",856,753,103
"S01013230",727,615,112
"S01013231",743,674,69
"S01013232",817,700,117
"S01013233",535,484,51
"S01013235",793,689,104
"S01013236",890,827,63
"S01013237",796,718,78
"S01013238",842,683,159
"S01013239",928,795,133
"S01013240",534,429,105
"S01013241",976,929,47
"S01013242",650,621,29
"S01013243",762,662,100
"S01013244",781,673,108
"S01013245",877,779,98
"S01013246",338,296,42
"S01013247",806,698,108
"S01013248",626,516,110
"S01013249",498,449,49
"S01013250",804,739,65
"S01013251",554,467,87
"S01013252",684,600,84
"S01013253",677,605,72
"S01013254",655,556,99
"S01013255",678,589,89
"S01013256",513,443,70
"S01013257",646,541,105
"S01013258",785,737,48
"S01013259",874,784,90
"S01013260",1127,1000,127
"S01013261",739,638,101
"S01013262",643,556,87
"S01013263",312,298,14
"S01013264",300,289,11
"S01013265",350,340,10
"S01013266",309,300,9
"S01013267",709,607,102
"S01013268",835,762,73
"S01013269",982,914,68
"S01013270",698,673,25
"S01013271",488,470,18
"S01013272",673,651,22
"S01013273",686,659,27
"S01013274",876,837,39
"S01013275",796,735,61
"S01013276",633,610,23
"S01013277",1006,909,97
"S01013278",696,605,91
"S01013279",738,651,87
"S01013280",656,582,74
"S01013281",955,847,108
"S01013282",855,773,82
"S01013283",524,465,59
"S01013284",679,655,24
"S01013285",664,635,29
"S01013286",725,692,33
"S01013287",855,827,28
"S01013288",700,638,62
"S01013289",708,684,24
"S01013290",864,815,49
"S01013291",654,612,42
"S01013292",768,727,41
"S01013293",743,710,33
"S01013294",718,668,50
"S01013295",846,811,35
"S01013296",768,679,89
"S01013297",595,548,47
"S01013298",905,842,63
"S01013299",935,842,93
"S01013300",548,486,62
"S01013301",504,460,44
"S01013302",665,623,42
"S01013303",964,856,108
"S01013304",820,720,100
"S01013305",857,755,102
"S01013306",829,706,123
"S01013307",981,877,104
"S01013308",397,358,39
"S01013309",594,563,31
"S01013310",585,531,54
"S01013311",674,614,60
"S01013312",1178,1038,140
"S01013313",666,598,68
"S01013314",832,749,83
"S01013316",725,677,48
"S01013317",502,471,31
"S01013318",545,529,16
"S01013319",454,434,20
"S01013320",886,862,24
"S01013321",458,391,67
"S01013322",845,772,73
"S01013323",870,748,122
"S01013324",677,603,74
"S01013325",679,587,92
"S01013326",565,498,67
"S01013327",739,645,94
"S01013328",688,610,78
"S01013329",603,514,89
"S01013330",821,766,55
"S01013331",571,548,23
"S01013332",722,652,70
"S01013333",602,564,38
"S01013334",771,681,90
"S01013335",997,905,92
"S01013336",1003,919,84
"S01013337",835,759,76
"S01013338",206,181,25
"S01013339",636,611,25
"S01013340",841,792,49
"S01013341",621,603,18
"S01013342",735,626,109
"S01013343",618,552,66
"S01013344",606,553,53
"S01013345",812,729,83
"S01013346",729,705,24
"S01013347",628,583,45
"S01013348",716,704,12
"S01013349",220,193,27
"S01013350",409,376,33
"S01013351",819,750,69
"S01013352",959,882,77
"S01013353",709,624,85
"S01013354",583,522,61
"S01013355",633,570,63
"S01013356",594,543,51
"S01013357",397,379,18
"S01013358",657,560,97
"S01013359",692,593,99
"S01013360",737,621,116
"S01013361",555,463,92
"S01013362",513,442,71
"S01013363",715,620,95
"S01013364",650,580,70
"S01013365",1182,1106,76
"S01013366",792,747,45
"S01013367",628,593,35
"S01013368",515,461,54
"S01013369",905,811,94
"S01013370",586,500,86
"S01013371",671,563,108
"S01013372",913,779,134
"S01013373",881,755,126
"S01013374",930,776,154
"S01013375",686,598,88
"S01013376",531,456,75
"S01013377",803,700,103
"S01013378",873,798,75
"S01013379",929,842,87
"S01013380",640,560,80
"S01013381",625,549,76
"S01013382",203,189,14
"S01013383",716,587,129
"S01013384",647,538,109
"S01013385",524,478,46
"S01013386",618,583,35
"S01013387",634,516,118
"S01013388",652,542,110
"S01013389",813,748,65
"S01013390",381,334,47
"S01013391",912,823,89
"S01013392",77,56,21
"S01013393",515,432,83
"S01013394",701,622,79
"S01013395",641,555,86
"S01013396",153,126,27
"S01013397",665,578,87
"S01013398",164,162,2
"S01013399",375,296,79
"S01013400",596,523,73
"S01013401",260,244,16
"S01013404",76,67,9
"S01013405",707,655,52
"S01013406",678,593,85
"S01013407",570,507,63
"S01013408",789,688,101
"S01013409",864,796,68
"S01013410",115,100,15
"S01013411",530,498,32
"S01013412",731,666,65
"S01013413",568,513,55
"S01013414",676,596,80
"S01013415",606,466,140
"S01013416",588,477,111
"S01013417",733,645,88
"S01013418",511,466,45
"S01013419",526,494,32
"S01013420",437,402,35
"S01013421",510,464,46
"S01013422",782,717,65
"S01013423",826,768,58
"S01013424",573,546,27
"S01013425",367,350,17
"S01013426",818,731,87
"S01013427",318,308,10
"S01013428",626,550,76
"S01013429",242,201,41
"S01013430",416,362,54
"S01013431",1074,958,116
"S01013432",678,592,86
"S01013433",680,633,47
"S01013434",489,473,16
"S01013435",755,745,10
"S01013436",784,703,81
"S01013437",593,544,49
"S01013438",582,539,43
"S01013439",965,920,45
"S01013440",1071,1039,32
"S01013441",679,628,51
"S01013442",788,748,40
"S01013443",497,462,35
"S01013444",894,775,119
"S01013445",720,631,89
"S01013446",741,679,62
"S01013447",566,551,15
"S01013448",733,704,29
"S01013449",691,664,27
"S01013450",631,606,25
"S01013451",972,949,23
"S01013452",799,777,22
"S01013453",765,694,71
"S01013454",705,673,32
"S01013455",502,465,37
"S01013456",784,692,92
"S01013457",911,823,88
"S01013458",758,712,46
"S01013459",799,694,105
"S01013460",853,748,105
"S01013461",849,780,69
"S01013462",867,819,48
"S01013463",190,168,22
"S01013464",739,683,56
"S01013465",747,692,55
"S01013466",532,450,82
"S01013467",410,365,45
"S01013468",550,490,60
"S01013469",862,794,68
"S01013470",820,719,101
"S01013471",900,823,77
"S01013472",276,268,8
"S01013473",143,141,2
"S01013474",287,273,14
"S01013475",714,665,49
"S01013476",679,627,52
"S01013477",562,480,82
"S01013478",761,693,68
"S01013479",789,677,112
"S01013480",657,556,101
"S01013481",332,299,33
