"dz_2011","total","good","not_good"
"S01006506",872,759,113
"S01006507",836,716,120
"S01006508",643,570,73
"S01006509",580,501,79
"S01006510",644,537,107
"S01006511",751,643,108
"S01006512",519,479,40
"S01006513",470,383,87
"S01006514",1043,939,104
"S01006515",762,709,53
"S01006516",718,671,47
"S01006517",1014,906,108
"S01006518",627,584,43
"S01006519",865,793,72
"S01006520",729,699,30
"S01006521",727,690,37
"S01006522",574,538,36
"S01006523",1016,869,147
"S01006524",776,660,116
"S01006525",798,728,70
"S01006526",902,735,167
"S01006527",683,551,132
"S01006528",1034,898,136
"S01006529",896,746,150
"S01006530",684,535,149
"S01006531",1030,797,233
"S01006532",744,637,107
"S01006533",712,662,50
"S01006534",910,838,72
"S01006535",1105,1023,82
"S01006536",948,882,66
"S01006537",697,629,68
"S01006538",569,507,62
"S01006539",747,639,108
"S01006540",960,858,102
"S01006541",858,734,124
"S01006542",1001,885,116
"S01006543",797,701,96
"S01006544",1071,939,132
"S01006545",1065,912,153
"S01006546",630,571,59
"S01006547",1268,1068,200
"S01006548",721,665,56
"S01006549",811,735,76
"S01006550",947,836,111
"S01006551",420,315,105
"S01006552",870,782,88
"S01006553",846,662,184
"S01006554",712,588,124
"S01006555",814,672,142
"S01006556",838,631,207
"S01006557",701,552,149
"S01006558",722,648,74
"S01006559",507,476,31
"S01006560",1033,924,109
"S01006561",766,706,60
"S01006562",718,595,123
"S01006563",826,726,100
"S01006564",983,837,146
"S01006565",988,861,127
"S01006566",757,701,56
"S01006567",835,709,126
"S01006568",923,859,64
"S01006569",566,518,48
"S01006570",791,724,67
"S01006571",888,822,66
"S01006572",905,844,61
"S01006573",724,675,49
"S01006574",1001,929,72
"S01006575",951,879,72
"S01006576",659,596,63
"S01006577",769,715,54
"S01006578",1096,967,129
"S01006579",1021,946,75
"S01006580",717,645,72
"S01006581",889,822,67
"S01006582",871,789,82
"S01006583",712,665,47
"S01006584",628,581,47
"S01006585",795,667,128
"S01006586",1019,833,186
"S01006587",453,420,33
"S01006588",587,551,36
"S01006589",682,612,70
"S01006590",649,580,69
"S01006591",735,680,55
"S01006592",680,650,30
"S01006593",768,705,63
"S01006594",539,462,77
"S01006595",934,867,67
"S01006596",725,643,82
"S01006597",520,473,47
"S01006598",957,895,62
"S01006599",807,644,163
"S01006600",1100,895,205
"S01006601",1002,877,125
"S01006602",879,752,127
"S01006603",849,654,195
"S01006604",678,534,144
"S01006605",802,625,177
"S01006606",831,676,155
"S01006607",934,772,162
"S01006608",1199,1101,98
"S01006609",1063,847,216
"S01006610",449,358,91
"S01006611",919,715,204
"S01006612",861,716,145
"S01006613",612,571,41
"S01006614",678,645,33
"S01006615",329,305,24
"S01006616",788,731,57
"S01006617",581,499,82
"S01006618",514,451,63
"S01006619",881,758,123
"S01006620",948,793,155
"S01006621",520,454,66
"S01006622",669,619,50
"S01006623",765,619,146
"S01006624",959,774,185
"S01006625",623,518,105
"S01006626",718,555,163
"S01006627",1046,880,166
"S01006628",910,769,141
"S01006629",803,594,209
"S01006630",627,476,151
"S01006631",933,737,196
"S01006632",812,641,171
"S01006633",699,581,118
"S01006634",634,502,132
"S01006635",658,560,98
"S01006636",870,690,180
"S01006637",753,583,170
"S01006638",834,691,143
"S01006639",945,736,209
"S01006640",723,684,39
"S01006641",608,536,72
"S01006642",1373,1255,118
"S01006643",730,675,55
"S01006644",963,840,123
"S01006645",687,550,137
"S01006646",1062,953,109
"S01006647",591,503,88
"S01006648",1804,1648,156
"S01006649",1106,960,146
"S01006650",714,643,71
"S01006651",635,536,99
"S01006652",545,500,45
"S01006653",656,609,47
"S01006654",914,717,197
"S01006655",632,531,101
"S01006656",967,855,112
"S01006657",536,483,53
"S01006658",1212,1073,139
"S01006659",632,586,46
"S01006660",420,378,42
"S01006661",729,643,86
"S01006662",942,826,116
"S01006663",562,520,42
"S01006664",223,208,15
"S01006665",712,624,88
"S01006666",1403,1059,344
"S01006667",741,573,168
"S01006668",908,836,72
"S01006669",1219,997,222
"S01006670",929,805,124
"S01006671",2534,2411,123
"S01006672",810,678,132
"S01006673",787,674,113
"S01006674",938,689,249
"S01006675",712,579,133
"S01006676",747,588,159
"S01006677",723,590,133
"S01006678",1148,925,223
"S01006679",654,543,111
"S01006680",851,698,153
"S01006681",840,590,250
"S01006682",853,697,156
"S01006683",872,762,110
"S01006684",684,543,141
"S01006685",740,579,161
"S01006686",622,489,133
"S01006687",833,668,165
"S01006688",950,722,228
"S01006689",629,593,36
"S01006690",594,504,90
"S01006691",559,508,51
"S01006692",742,646,96
"S01006693",1015,886,129
"S01006694",865,613,252
"S01006695",712,565,147
"S01006696",849,689,160
"S01006697",926,769,157
"S01006698",691,521,170
"S01006699",471,415,56
"S01006700",830,679,151
"S01006701",728,591,137
"S01006702",668,532,136
"S01006703",675,541,134
"S01006704",605,459,146
"S01006705",816,632,184
"S01006706",619,516,103
"S01006707",608,492,116
"S01006708",814,630,184
"S01006709",975,796,179
"S01006710",853,643,210
"S01006711",815,583,232
"S01006712",403,300,103
"S01006713",833,610,223
"S01006714",597,481,116
"S01006715",623,515,108
"S01006716",710,570,140
"S01006717",1068,809,259
"S01006718",627,523,104
"S01006719",916,721,195
"S01006720",587,484,103
"S01006721",942,748,194
"S01006722",637,514,123
"S01006723",800,632,168
"S01006724",1005,830,175
"S01006725",620,474,146
"S01006726",1391,1165,226
"S01006727",1015,776,239
"S01006728",754,638,116
"S01006729",831,676,155
"S01006730",704,584,120
"S01006731",577,460,117
"S01006732",998,880,118
"S01006733",900,847,53
"S01006734",976,865,111
"S01006735",1004,922,82
"S01006736",1079,1026,53
"S01006737",582,530,52
"S01006738",829,729,100
"S01006739",607,527,80
"S01006740",737,612,125
"S01006741",666,516,150
"S01006742",460,371,89
"S01006743",531,437,94
"S01006744",608,515,93
"S01006745",822,640,182
"S01006746",846,684,162
"S01006747",816,705,111
"S01006748",917,776,141
"S01006749",909,741,168
"S01006750",720,584,136
"S01006751",360,289,71
"S01006752",712,579,133
"S01006753",913,791,122
"S01006754",900,799,101
"S01006755",888,789,99
"S01006756",870,781,89
"S01006757",924,764,160
"S01006758",694,630,64
"S01006759",464,432,32
"S01006760",406,372,34
"S01006761",697,618,79
"S01006762",938,747,191
"S01006763",606,572,34
"S01006764",790,724,66
"S01006765",586,538,48
"S01006766",608,560,48
"S01006767",689,591,98
"S01006768",599,550,49
"S01006769",883,776,107
"S01006770",731,659,72
"S01006771",241,220,21
"S01006772",839,757,82
"S01006773",958,841,117
"S01006774",651,609,42
"S01006775",618,529,89
"S01006776",416,301,115
"S01006777",649,589,60
"S01006778",634,529,105
"S01006779",695,546,149
"S01006780",545,467,78
"S01006781",691,602,89
"S01006782",744,681,63
"S01006783",672,561,111
"S01006784",499,430,69
"S01006785",611,568,43
"S01006786",686,632,54
"S01006787",796,680,116
"S01006788",946,852,94
"S01006789",539,459,80
"S01006790",808,676,132
"S01006791",536,468,68
"S01006792",677,604,73
"S01006793",554,481,73
"S01006794",560,464,96
"S01006795",542,477,65
"S01006796",667,610,57
"S01006797",913,831,82
"S01006798",802,732,70
"S01006799",729,616,113
"S01006800",681,635,46
"S01006801",956,818,138
"S01006802",675,590,85
"S01006803",687,600,87
"S01006804",748,672,76
"S01006805",1122,1030,92
"S01006806",1031,901,130
"S01006807",620,549,71
"S01006808",628,564,64
"S01006809",816,683,133
"S01006810",877,748,129
"S01006811",1090,989,101
"S01006812",750,682,68
"S01006813",569,482,87
"S01006814",696,611,85
"S01006815",577,471,106
"S01006816",723,613,110
"S01006817",851,776,75
"S01006818",719,639,80
"S01006819",1266,1178,88
"S01006820",444,412,32
"S01006821",1042,962,80
"S01006822",1918,1787,131
"S01006823",732,647,85
"S01006824",822,705,117
"S01006825",807,719,88
"S01006826",951,808,143
"S01006827",769,646,123
"S01006828",982,827,155
"S01006830",729,637,92
"S01006831",538,482,56
"S01006832",1148,989,159
"S01006833",455,401,54
"S01006835",701,546,155
"S01006837",486,436,50
"S01006838",648,586,62
"S01006839",1040,904,136
"S01006840",674,625,49
"S01006841",922,846,76
"S01006842",811,742,69
"S01006843",835,758,77
"S01006844",671,599,72
"S01006845",833,774,59
"S01006846",551,477,74
"S01006847",712,621,91
"S01006848",1536,1395,141
"S01006849",411,386,25
"S01006850",959,856,103
"S01006851",805,660,145
"S01006852",595,515,80
"S01006853",852,794,58
"S01006854",433,394,39
"S01006855",851,774,77
"S01006856",678,621,57
"S01006857",1356,1221,135
"S01006858",642,594,48
"S01006859",996,910,86
"S01006860",542,442,100
"S01006861",742,712,30
"S01006862",681,605,76
"S01006863",549,478,71
"S01006865",789,686,103
"S01006866",549,498,51
"S01006867",667,599,68
"S01006868",687,579,108
"S01006869",578,497,81
"S01006870",486,429,57
"S01006871",667,588,79
"S01006872",1443,1342,101
"S01006873",1227,1029,198
"S01006874",584,523,61
"S01006875",297,256,41
"S01006876",992,878,114
"S01006877",955,828,127
"S01006878",706,599,107
"S01006879",1190,1007,183
"S01006880",600,558,42
"S01006881",578,508,70
"S01006882",213,181,32
"S01006883",458,394,64
"S01006884",792,669,123
"S01006885",656,568,88
"S01006886",733,656,77
"S01006887",741,669,72
"S01006888",800,718,82
"S01006889",826,700,126
"S01006890",667,612,55
"S01006891",608,536,72
"S01006892",502,420,82
"S01006893",338,286,52
"S01006894",938,796,142
"S01006895",534,455,79
"S01006896",787,691,96
"S01006897",708,645,63
"S01006898",751,648,103
"S01006899",609,557,52
"S01006900",579,522,57
"S01006901",595,498,97
"S01006902",693,605,88
"S01006903",822,691,131
"S01006904",726,600,126
"S01006905",891,749,142
"S01006906",843,651,192
"S01006907",519,437,82
"S01006908",803,647,156
"S01006910",1510,1338,172
"S01006912",782,712,70
"S01006913",1714,1649,65
"S01006914",748,691,57
"S01006915",826,749,77
"S01006916",136,128,8
"S01006917",1458,1402,56
"S01006918",349,313,36
"S01006919",362,328,34
"S01006920",189,150,39
"S01006921",569,533,36
"S01006922",318,296,22
"S01006923",1213,1088,125
"S01006924",1033,948,85
"S01006925",619,548,71
"S01006926",127,122,5
"S01006928",2519,2323,196
"S01006929",836,782,54
"S01006930",889,816,73
"S01006931",1948,1870,78
"S01006932",739,706,33
"S01006933",580,548,32
"S01006934",620,521,99
"S01006935",699,623,76
"S01006936",587,531,56
"S01006937",730,652,78
"S01006938",537,471,66
"S01006939",490,447,43
"S01006940",939,866,73
"S01006941",682,614,68
"S01006942",1082,995,87
"S01006945",508,466,42
"S01006946",1010,944,66
"S01006947",506,472,34
"S01006948",871,753,118
"S01006949",655,603,52
"S01006951",470,420,50
"S01006952",761,657,104
"S01006953",794,730,64
"S01006954",1313,1207,106
"S01006955",927,827,100
"S01006956",381,347,34
"S01006957",1631,1511,120
"S01006958",747,638,109
"S01006959",722,554,168
"S01006960",84,79,5
"S01006962",883,774,109
"S01006963",527,470,57
"S01006964",582,521,61
"S01006965",471,405,66
"S01006966",602,508,94
"S01006967",691,646,45
"S01006968",452,396,56
"S01006969",947,763,184
"S01006970",633,563,70
"S01006971",387,317,70
"S01006972",522,469,53
"S01006973",761,664,97
"S01006974",804,748,56
"S01006975",951,868,83
"S01006976",637,583,54
"S01006977",3107,2905,202
"S01006978",855,737,118
"S01006979",737,637,100
"S01006980",948,859,89
"S01006981",798,721,77
"S01006982",910,835,75
"S01006983",743,651,92
"S01006984",847,784,63
"S01006985",1008,896,112
"S01006986",674,600,74
"S01006987",665,586,79
"S01006988",615,552,63
"S01006989",855,798,57
"S01006990",908,853,55
"S01006991",443,368,75
"S01006992",608,543,65
"S01006993",535,475,60
"S01006994",573,509,64
"S01006995",1338,1204,134
"S01006996",474,428,46
"S01006997",786,733,53
"S01006998",1206,1087,119
"S01006999",872,753,119
"S01007000",812,704,108
"S01007001",947,809,138
"S01007002",758,668,90
"S01007003",524,476,48
"S01007004",718,632,86
"S01007005",904,830,74
"S01007006",900,755,145
"S01007007",848,750,98
"S01007008",884,711,173
"S01007009",1013,858,155
"S01007010",819,662,157
"S01007011",865,698,167
"S01007012",707,572,135
"S01007013",1194,1029,165
"S01007014",1176,1047,129
"S01007015",625,559,66
"S01007016",592,542,50
"S01007017",843,694,149
"S01007018",990,862,128
"S01007019",665,555,110
"S01007020",649,555,94
"S01007021",791,646,145
"S01007022",122,87,35
"S01007023",767,637,130
"S01007024",1047,856,191
"S01007025",621,492,129
"S01007026",780,615,165
"S01007027",1000,815,185
"S01007028",1031,868,163
"S01007029",746,628,118
"S01007030",718,626,92
"S01007031",546,460,86
"S01007032",1107,880,227
"S01007033",740,604,136
"S01007034",475,381,94
"S01007035",796,631,165
"S01007036",752,627,125
"S01007037",917,749,168
"S01007038",945,803,142
"S01007039",732,618,114
"S01007040",647,531,116
"S01007041",395,324,71
"S01007042",398,334,64
"S01007043",1373,1179,194
"S01007044",528,449,79
"S01007045",944,771,173
"S01007046",574,443,131
"S01007047",768,648,120
"S01007048",1228,1033,195
"S01007049",842,665,177
"S01007050",453,379,74
"S01007051",768,684,84
"S01007052",573,501,72
"S01007053",379,319,60
"S01007054",807,650,157
"S01007055",671,595,76
"S01007056",941,811,130
"S01007057",365,315,50
"S01007058",577,449,128
"S01007059",1077,917,160
"S01007060",547,453,94
"S01007061",930,846,84
"S01007062",665,587,78
"S01007063",607,509,98
"S01007064",690,585,105
"S01007065",741,665,76
"S01007066",1103,926,177
"S01007067",553,468,85
"S01007068",559,447,112
"S01007069",940,789,151
"S01007070",407,307,100
"S01007071",384,321,63
"S01007072",641,573,68
"S01007073",1027,848,179
"S01007074",606,526,80
"S01007075",547,448,99
"S01007076",939,811,128
"S01007077",674,558,116
"S01007078",847,659,188
"S01007079",983,757,226
"S01007080",882,674,208
"S01007081",951,791,160
"S01007082",551,443,108
"S01007083",846,643,203
"S01007084",712,532,180
"S01007085",888,750,138
"S01007086",1219,986,233
"S01007087",630,504,126
"S01007088",539,403,136
"S01007089",1782,1632,150
"S01007090",540,478,62
"S01007092",624,458,166
"S01007093",987,824,163
"S01007094",903,742,161
"S01007095",706,608,98
"S01007096",837,749,88
"S01007097",488,436,52
"S01007098",397,340,57
"S01007099",883,774,109
"S01007100",727,620,107
"S01007101",601,488,113
"S01007102",956,776,180
"S01007103",546,466,80
"S01007104",1183,969,214
"S01007105",450,369,81
"S01007106",577,445,132
"S01007107",505,427,78
"S01007108",1485,1276,209
"S01007109",458,351,107
"S01007110",699,602,97
"S01007111",463,383,80
"S01007112",615,511,104
"S01007113",472,382,90
"S01007114",888,765,123
"S01007115",617,506,111
"S01007116",602,552,50
"S01007117",471,419,52
"S01007118",679,545,134
"S01007119",812,676,136
"S01007120",916,725,191
"S01007121",533,363,170
"S01007122",594,493,101
"S01007123",668,508,160
"S01007124",913,775,138
"S01007125",1037,844,193
"S01007126",927,735,192
"S01007127",860,687,173
"S01007128",847,629,218
"S01007129",956,889,67
"S01007130",612,524,88
"S01007131",775,664,111
"S01007132",700,634,66
"S01007133",674,583,91
"S01007134",743,627,116
"S01007135",558,508,50
"S01007136",533,494,39
"S01007137",391,377,14
"S01007138",957,865,92
"S01007139",776,672,104
"S01007140",1022,899,123
"S01007141",1331,1189,142
"S01007144",1997,1791,206
"S01007145",892,748,144
"S01007146",881,739,142
"S01007147",589,509,80
"S01007148",538,486,52
"S01007149",680,567,113
"S01007150",750,576,174
"S01007151",746,647,99
"S01007152",670,556,114
"S01007153",633,529,104
"S01007154",803,603,200
"S01007155",537,465,72
"S01007156",592,506,86
"S01007157",497,417,80
"S01007158",939,847,92
"S01007159",840,678,162
"S01007160",658,529,129
"S01007161",701,603,98
"S01007162",523,422,101
"S01007163",875,732,143
"S01007164",576,481,95
"S01007165",846,707,139
"S01007166",709,611,98
"S01007167",777,649,128
"S01007168",965,860,105
"S01007169",615,535,80
"S01007170",648,579,69
"S01007171",794,689,105
"S01007172",1237,1095,142
"S01007173",523,474,49
"S01007174",911,813,98
"S01007175",665,561,104
"S01007176",708,627,81
"S01007177",631,512,119
"S01007178",1051,862,189
"S01007179",976,797,179
"S01007180",752,638,114
"S01007181",813,689,124
"S01007182",1047,874,173
"S01007183",1082,860,222
"S01007184",1039,822,217
"S01007185",793,610,183
"S01007186",593,470,123
"S01007187",804,606,198
"S01007188",602,483,119
"S01007189",809,577,232
"S01007190",815,665,150
"S01007191",616,506,110
"S01007192",612,507,105
"S01007193",769,623,146
"S01007194",641,518,123
"S01007195",580,475,105
"S01007196",768,669,99
"S01007197",743,622,121
"S01007198",426,359,67
"S01007199",804,657,147
"S01007200",849,723,126
"S01007201",738,609,129
"S01007202",735,589,146
"S01007203",643,541,102
"S01007204",980,813,167
"S01007205",688,609,79
"S01007206",310,264,46
"S01007207",983,806,177
"S01007208",1112,915,197
"S01007209",744,588,156
"S01007210",657,548,109
"S01007211",724,596,128
"S01007212",789,639,150
"S01007213",830,680,150
"S01007214",740,545,195
"S01007215",876,719,157
"S01007216",722,595,127
"S01007217",1186,992,194
"S01007218",633,556,77
"S01007219",808,661,147
"S01007220",701,589,112
"S01007221",627,557,70
"S01007222",806,698,108
"S01007223",531,472,59
"S01007224",615,512,103
"S01007225",956,841,115
"S01007226",852,767,85
"S01007227",852,695,157
"S01007228",648,559,89
"S01007229",1102,968,134
"S01007230",750,639,111
"S01007231",701,543,158
"S01007232",726,579,147
"S01007233",788,666,122
"S01007234",630,505,125
"S01007235",774,625,149
"S01007236",620,527,93
"S01007237",719,636,83
"S01007238",915,762,153
"S01007239",858,717,141
"S01007240",539,456,83
"S01007241",669,606,63
"S01007242",999,841,158
"S01007243",587,494,93
"S01007244",721,608,113
"S01007245",669,543,126
"S01007246",891,779,112
"S01007247",641,553,88
"S01007248",593,522,71
"S01007249",433,351,82
"S01007250",822,690,132
"S01007251",523,424,99
"S01007252",768,651,117
"S01007253",684,590,94
"S01007254",816,625,191
"S01007255",792,633,159
"S01007256",799,654,145
"S01007257",606,485,121
"S01007258",748,607,141
"S01007259",994,784,210
"S01007260",896,751,145
"S01007261",782,658,124
"S01007262",712,594,118
"S01007263",777,651,126
"S01007264",774,640,134
"S01007265",1109,862,247
"S01007266",678,555,123
"S01007267",521,463,58
"S01007268",596,508,88
"S01007269",528,443,85
"S01007270",593,513,80
"S01007271",826,684,142
"S01007272",1025,852,173
"S01007273",669,583,86
"S01007274",827,663,164
"S01007275",590,472,118
"S01007276",850,724,126
"S01007277",620,542,78
"S01007278",542,480,62
"S01007279",565,493,72
"S01007280",570,498,72
"S01007281",979,878,101
"S01007282",538,464,74
"S01007283",1023,816,207
"S01007284",848,705,143
"S01007285",922,775,147
"S01007286",904,776,128
"S01007287",528,460,68
"S01007288",420,348,72
"S01007289",798,719,79
"S01007290",823,710,113
"S01007291",524,397,127
"S01007292",771,664,107
"S01007293",786,701,85
"S01007294",808,662,146
"S01007295",520,388,132
"S01007296",563,460,103
"S01007297",911,803,108
"S01007298",532,445,87
"S01007299",854,730,124
"S01007300",502,395,107
"S01007301",575,494,81
"S01007302",625,497,128
"S01007303",925,753,172
"S01007304",693,580,113
"S01007305",736,638,98
"S01007306",756,651,105
"S01007307",915,806,109
"S01007308",806,674,132
"S01007309",645,549,96
"S01007310",738,622,116
"S01007311",769,634,135
"S01007312",770,638,132
"S01007313",972,838,134
"S01007314",635,565,70
"S01007315",793,660,133
"S01007316",861,677,184
"S01007317",675,567,108
"S01007318",607,506,101
"S01007319",742,616,126
"S01007320",747,658,89
"S01007321",595,488,107
"S01007322",730,597,133
"S01007323",449,366,83
"S01007324",328,275,53
"S01007325",833,693,140
"S01007326",1175,967,208
"S01007327",635,479,156
"S01007328",585,493,92
"S01007329",702,577,125
"S01007330",858,688,170
"S01007331",1139,942,197
"S01007332",392,324,68
"S01007333",726,583,143
"S01007334",750,554,196
"S01007335",708,570,138
"S01007336",384,300,84
"S01007337",542,419,123
"S01007338",752,622,130
"S01007339",686,526,160
"S01007340",470,341,129
"S01007341",740,561,179
"S01007342",826,683,143
"S01007343",702,558,144
"S01007344",296,222,74
"S01007345",543,409,134
"S01007346",691,486,205
"S01007347",601,431,170
"S01007348",610,472,138
"S01007349",457,376,81
"S01007350",562,415,147
"S01007351",658,498,160
"S01007352",498,407,91
"S01007353",850,708,142
"S01007354",727,544,183
"S01007355",2105,1636,469
"S01007356",714,548,166
"S01007357",803,663,140
"S01007358",912,773,139
"S01007359",110,75,35
"S01007360",534,417,117
"S01007361",1043,836,207
"S01007362",787,606,181
"S01007363",687,513,174
"S01007364",897,691,206
"S01007365",376,301,75
"S01007366",465,297,168
"S01007367",562,418,144
"S01007368",329,258,71
"S01007369",655,519,136
"S01007370",740,582,158
"S01007371",716,594,122
"S01007372",752,591,161
"S01007373",606,468,138
"S01007374",531,468,63
"S01007375",464,391,73
"S01007376",849,679,170
"S01007377",664,559,105
"S01007378",1457,1364,93
"S01007379",484,373,111
"S01007380",581,484,97
"S01007381",391,331,60
"S01007382",656,570,86
"S01007383",749,641,108
"S01007384",793,706,87
"S01007385",826,681,145
"S01007386",806,717,89
"S01007387",803,710,93
"S01007388",680,597,83
"S01007389",699,650,49
"S01007390",457,413,44
"S01007391",664,604,60
"S01007392",374,308,66
"S01007393",869,699,170
"S01007394",640,510,130
"S01007395",728,578,150
"S01007396",783,611,172
"S01007397",943,797,146
"S01007398",877,710,167
"S01007399",468,323,145
"S01007400",699,565,134
"S01007401",676,580,96
"S01007402",610,522,88
"S01007403",825,782,43
"S01007404",549,464,85
"S01007405",665,599,66
"S01007406",621,541,80
"S01007407",722,619,103
"S01007408",596,501,95
"S01007409",629,484,145
"S01007410",703,519,184
"S01007411",895,672,223
"S01007412",478,389,89
"S01007413",910,820,90
"S01007414",694,628,66
"S01007415",853,648,205
"S01007416",595,482,113
"S01007418",367,293,74
"S01007419",825,653,172
"S01007420",4197,3633,564
"S01007421",204,167,37
"S01007422",590,468,122
"S01007423",388,309,79
"S01007424",652,555,97
"S01007425",947,803,144
"S01007426",586,469,117
"S01007427",642,496,146
"S01007428",887,717,170
"S01007429",715,591,124
"S01007430",442,360,82
"S01007431",554,488,66
"S01007432",818,633,185
"S01007433",798,632,166
"S01007434",496,390,106
"S01007435",681,558,123
"S01007436",675,529,146
"S01007437",440,367,73
"S01007438",673,548,125
"S01007439",686,547,139
"S01007440",649,547,102
"S01007441",551,500,51
"S01007442",480,421,59
"S01007443",924,794,130
"S01007444",945,786,159
"S01007445",625,560,65
"S01007446",541,498,43
"S01007447",485,439,46
"S01007448",867,732,135
"S01007449",874,699,175
"S01007450",751,582,169
"S01007451",623,499,124
"S01007452",1293,1132,161
"S01007454",512,403,109
"S01007455",846,645,201
"S01007456",891,708,183
"S01007457",1080,859,221
"S01007458",402,341,61
"S01007459",764,619,145
"S01007460",725,544,181
"S01007461",680,512,168
"S01007462",787,649,138
"S01007463",988,781,207
"S01007464",686,524,162
"S01007465",785,582,203
"S01007466",904,657,247
"S01007467",974,755,219
"S01007468",714,623,91
"S01007469",611,506,105
"S01007470",699,535,164
"S01007471",339,299,40
"S01007472",694,512,182
"S01007473",438,329,109
"S01007474",298,252,46
"S01007475",250,201,49
"S01007476",862,695,167
"S01007477",540,458,82
"S01007478",910,745,165
"S01007479",314,241,73
"S01007480",431,368,63
"S01007481",712,581,131
"S01007482",377,263,114
"S01007483",783,620,163
"S01007484",659,521,138
"S01007485",481,348,133
"S01007486",540,418,122
"S01007487",903,672,231
"S01007488",1032,834,198
"S01007489",757,598,159
"S01007490",913,680,233
"S01007491",1010,815,195
"S01007492",685,504,181
"S01007493",824,664,160
"S01007494",534,418,116
"S01007495",962,800,162
"S01007496",1185,940,245
"S01007497",596,476,120
"S01007498",939,707,232
"S01007499",842,672,170
"S01007500",605,450,155
"S01007501",680,499,181
"S01007502",506,391,115
"S01007503",1046,804,242
"S01007504",677,523,154
"S01007505",556,440,116
"S01007506",514,424,90
"S01007507",921,696,225
"S01007508",696,532,164
"S01007509",627,500,127
"S01007510",1014,749,265
"S01007511",829,611,218
"S01007512",443,348,95
"S01007513",943,769,174
"S01007514",519,414,105
"S01007515",605,487,118
"S01007516",620,510,110
"S01007517",366,264,102
"S01007518",834,643,191
"S01007519",531,400,131
"S01007520",980,783,197
"S01007521",590,485,105
"S01007522",846,644,202
"S01007523",542,458,84
"S01007524",951,789,162
"S01007525",536,416,120
"S01007526",734,564,170
"S01007527",787,664,123
"S01007528",751,617,134
"S01007529",666,546,120
"S01007530",524,454,70
"S01007531",692,586,106
"S01007532",597,499,98
"S01007533",1003,802,201
"S01007534",747,619,128
"S01007535",705,532,173
"S01007536",936,750,186
"S01007537",880,709,171
"S01007538",1213,1026,187
"S01007539",667,550,117
"S01007540",838,620,218
"S01007541",861,688,173
"S01007542",783,650,133
"S01007543",1078,871,207
"S01007544",1223,1026,197
"S01007545",1088,916,172
"S01007546",565,474,91
"S01007547",551,464,87
"S01007548",428,352,76
"S01007549",620,495,125
"S01007550",923,704,219
"S01007551",867,704,163
"S01007552",965,729,236
"S01007553",833,605,228
"S01007554",435,291,144
"S01007555",515,412,103
"S01007556",502,358,144
"S01007557",1131,869,262
"S01007558",429,334,95
"S01007559",975,810,165
"S01007560",719,559,160
"S01007561",553,406,147
"S01007562",948,794,154
"S01007563",796,657,139
"S01007564",772,622,150
"S01007565",1117,925,192
"S01007566",736,640,96
"S01007567",752,674,78
"S01007568",657,560,97
"S01007569",1257,1028,229
"S01007570",796,657,139
"S01007571",539,440,99
"S01007572",1862,1597,265
"S01007574",1094,854,240
"S01007575",746,544,202
"S01007576",718,528,190
"S01007577",617,477,140
"S01007578",692,524,168
"S01007579",663,527,136
"S01007580",838,669,169
"S01007581",509,410,99
"S01007582",660,520,140
"S01007583",1056,809,247
"S01007584",624,503,121
"S01007585",906,733,173
"S01007586",858,684,174
"S01007587",819,655,164
"S01007588",695,601,94
"S01007589",756,631,125
"S01007590",661,569,92
"S01007591",576,479,97
"S01007592",843,666,177
"S01007593",1095,874,221
"S01007594",992,809,183
"S01007595",1056,886,170
"S01007596",381,268,113
"S01007597",647,562,85
"S01007598",637,529,108
"S01007599",840,669,171
"S01007600",973,743,230
"S01007601",631,559,72
"S01007602",650,580,70
"S01007603",778,707,71
"S01007604",891,774,117
"S01007605",937,801,136
"S01007606",505,430,75
"S01007607",702,595,107
"S01007608",744,629,115
"S01007609",917,730,187
"S01007610",515,359,156
"S01007611",917,671,246
"S01007612",1044,790,254
"S01007613",836,705,131
"S01007614",441,365,76
"S01007615",1022,847,175
"S01007616",669,535,134
"S01007617",519,402,117
"S01007618",638,490,148
"S01007619",630,489,141
"S01007620",579,500,79
"S01007621",656,551,105
"S01007622",482,370,112
"S01007623",608,527,81
"S01007624",664,574,90
"S01007625",505,419,86
"S01007626",486,433,53
"S01007627",676,591,85
"S01007628",717,604,113
"S01007629",699,606,93
"S01007630",813,703,110
"S01007631",631,550,81
"S01007632",855,719,136
"S01007633",977,791,186
"S01007634",680,598,82
"S01007635",717,562,155
"S01007636",858,656,202
"S01007637",857,694,163
"S01007638",768,587,181
"S01007639",1087,916,171
"S01007640",724,606,118
"S01007641",856,726,130
"S01007642",835,654,181
"S01007643",903,732,171
"S01007644",687,537,150
"S01007645",681,585,96
"S01007646",627,506,121
"S01007647",740,607,133
"S01007648",850,709,141
"S01007649",741,590,151
"S01007650",956,755,201
"S01007651",717,628,89
"S01007652",482,379,103
"S01007653",886,731,155
"S01007654",1104,869,235
"S01007655",781,637,144
"S01007656",851,688,163
"S01007657",435,374,61
"S01007658",507,412,95
"S01007659",920,721,199
"S01007660",624,498,126
"S01007661",660,513,147
"S01007662",908,684,224
"S01007663",843,672,171
"S01007664",578,430,148
"S01007665",660,566,94
"S01007666",229,174,55
"S01007667",717,600,117
"S01007668",1086,872,214
"S01007669",642,524,118
"S01007670",729,585,144
"S01007671",1017,849,168
"S01007672",874,694,180
"S01007673",700,588,112
"S01007674",797,610,187
"S01007675",627,503,124
"S01007676",793,674,119
"S01007677",409,343,66
"S01007678",788,576,212
"S01007679",843,637,206
"S01007680",922,795,127
"S01007681",405,322,83
"S01007682",1130,1008,122
"S01007683",701,637,64
"S01007684",801,715,86
"S01007685",906,834,72
"S01007686",858,767,91
"S01007687",848,780,68
"S01007688",967,872,95
"S01007689",613,524,89
"S01007690",875,785,90
"S01007691",3162,2927,235
"S01007692",633,556,77
"S01007693",974,872,102
"S01007694",1115,987,128
"S01007695",963,760,203
"S01007696",800,694,106
"S01007697",948,754,194
"S01007698",1093,962,131
"S01007699",808,696,112
"S01007700",990,861,129
"S01007701",451,330,121
"S01007702",1026,971,55
"S01007703",783,645,138
"S01007704",907,668,239
"S01007705",844,779,65
"S01007706",599,563,36
"S01007707",1285,1197,88
"S01007708",644,514,130
"S01007709",582,448,134
"S01007710",394,303,91
"S01007711",1050,859,191
"S01007712",687,568,119
"S01007713",484,395,89
"S01007714",643,528,115
"S01007715",516,415,101
"S01007716",1041,749,292
"S01007717",1003,790,213
"S01007718",630,446,184
"S01007719",960,685,275
"S01007720",705,494,211
"S01007721",730,572,158
"S01007722",840,587,253
"S01007723",952,641,311
"S01007724",648,528,120
"S01007725",773,576,197
"S01007726",786,616,170
"S01007727",1023,817,206
"S01007728",773,644,129
"S01007729",772,639,133
"S01007730",764,649,115
"S01007731",582,510,72
"S01007732",824,686,138
"S01007733",853,768,85
"S01007734",821,697,124
"S01007735",827,705,122
"S01007736",723,611,112
"S01007737",1062,865,197
"S01007738",732,601,131
"S01007739",479,356,123
"S01007740",656,500,156
"S01007741",672,478,194
"S01007742",624,473,151
"S01007743",895,714,181
"S01007744",766,550,216
"S01007745",694,508,186
"S01007746",889,682,207
"S01007747",505,398,107
"S01007748",704,530,174
"S01007749",709,602,107
"S01007750",677,577,100
"S01007751",928,789,139
"S01007752",747,589,158
"S01007753",535,405,130
"S01007754",884,654,230
"S01007755",877,647,230
"S01007756",629,469,160
"S01007757",840,719,121
"S01007758",899,761,138
"S01007759",964,743,221
"S01007760",737,630,107
"S01007761",853,752,101
"S01007762",814,661,153
"S01007763",545,383,162
"S01007764",756,677,79
"S01007765",683,592,91
"S01007766",641,562,79
"S01007767",1038,895,143
"S01007768",649,537,112
"S01007769",733,623,110
"S01007770",738,669,69
"S01007771",532,463,69
"S01007772",964,727,237
"S01007773",734,644,90
"S01007774",663,545,118
"S01007775",464,415,49
"S01007776",727,675,52
"S01007777",432,419,13
"S01007778",1775,1637,138
"S01007779",701,591,110
"S01007780",795,705,90
"S01007781",899,789,110
"S01007782",403,335,68
"S01007783",782,519,263
"S01007784",903,771,132
"S01007785",507,390,117
"S01007786",763,592,171
"S01007787",676,558,118
"S01007788",634,517,117
"S01007789",698,552,146
"S01007790",895,751,144
"S01007791",1004,919,85
"S01007792",879,674,205
"S01007793",959,713,246
"S01007794",567,472,95
"S01007795",606,504,102
"S01007796",845,703,142
"S01007797",522,394,128
"S01007798",665,605,60
"S01007800",956,696,260
"S01007801",973,683,290
"S01007802",547,500,47
"S01007803",1199,840,359
"S01007804",627,472,155
"S01007805",520,427,93
"S01007806",634,488,146
"S01007807",707,614,93
"S01007808",848,706,142
"S01007809",919,788,131
"S01007810",883,662,221
"S01007811",871,716,155
"S01007812",850,680,170
"S01007813",799,629,170
"S01007814",565,446,119
"S01007815",916,769,147
"S01007816",669,574,95
"S01007817",449,348,101
"S01007818",868,739,129
"S01007819",688,569,119
"S01007820",980,793,187
"S01007821",552,469,83
"S01007822",734,594,140
"S01007823",696,587,109
"S01007824",727,609,118
"S01007825",1013,825,188
"S01007826",598,423,175
"S01007827",583,506,77
"S01007828",977,703,274
"S01007829",579,420,159
"S01007830",928,686,242
"S01007831",947,682,265
"S01007832",629,479,150
"S01007833",792,537,255
"S01007834",742,587,155
"S01007835",695,570,125
"S01007836",522,408,114
"S01007837",778,667,111
"S01007838",845,711,134
"S01007839",975,765,210
"S01007840",762,609,153
"S01007841",711,585,126
"S01007842",770,633,137
"S01007843",705,564,141
"S01007844",935,766,169
"S01007845",903,706,197
"S01007846",744,578,166
"S01007847",917,706,211
"S01007848",819,603,216
"S01007849",934,759,175
"S01007850",754,564,190
"S01007851",940,709,231
"S01007852",667,539,128
"S01007853",660,433,227
"S01007854",980,722,258
"S01007855",646,488,158
"S01007856",857,706,151
"S01007857",492,381,111
"S01007858",1052,754,298
"S01007859",1165,932,233
"S01007861",674,532,142
"S01007862",701,565,136
"S01007863",895,707,188
"S01007864",938,740,198
"S01007866",586,552,34
"S01007867",1212,1092,120
"S01007868",861,780,81
"S01007869",550,474,76
"S01007870",537,405,132
"S01007871",669,465,204
"S01007872",705,490,215
"S01007873",688,496,192
"S01007874",723,494,229
"S01007875",526,428,98
"S01007876",863,702,161
"S01007877",773,570,203
"S01007878",488,354,134
"S01007879",764,586,178
"S01007880",709,521,188
"S01007881",656,497,159
"S01007882",1325,1153,172
"S01007883",737,584,153
"S01007884",639,521,118
"S01007885",730,517,213
"S01007886",867,653,214
"S01007887",638,520,118
"S01007888",1070,833,237
"S01007889",533,394,139
"S01007890",556,433,123
"S01007891",668,503,165
"S01007892",403,314,89
"S01007893",1371,1141,230
"S01007894",916,761,155
"S01007895",542,451,91
"S01007896",728,563,165
"S01007897",1298,1103,195
"S01007898",783,630,153
"S01007899",481,401,80
"S01007900",417,315,102
"S01007901",711,539,172
"S01007902",883,609,274
"S01007903",645,437,208
"S01007904",849,705,144
"S01007905",687,493,194
"S01007906",724,458,266
"S01007907",536,377,159
"S01007908",576,396,180
"S01007909",401,315,86
"S01007910",916,721,195
"S01007911",429,302,127
"S01007912",757,530,227
"S01007913",616,455,161
"S01007914",628,494,134
"S01007915",835,651,184
"S01007916",810,558,252
"S01007917",847,623,224
"S01007918",922,688,234
"S01007919",694,602,92
"S01007920",615,520,95
"S01007921",932,674,258
"S01007922",867,622,245
"S01007923",835,664,171
"S01007924",895,625,270
"S01007925",829,694,135
"S01007926",845,739,106
"S01007927",617,538,79
"S01007928",1038,871,167
"S01007929",1185,1060,125
"S01007930",727,670,57
"S01007931",1127,947,180
"S01007932",831,711,120
"S01007933",779,684,95
"S01007934",720,610,110
"S01007935",805,658,147
"S01007936",890,811,79
"S01007937",825,707,118
"S01007938",740,585,155
"S01007939",896,712,184
"S01007940",933,727,206
"S01007941",387,323,64
"S01007942",508,423,85
"S01007943",574,450,124
"S01007944",837,662,175
"S01007945",850,631,219
"S01007946",787,598,189
"S01007947",756,600,156
"S01007948",660,495,165
"S01007949",751,636,115
"S01007950",760,663,97
"S01007951",815,667,148
"S01007952",617,423,194
"S01007953",938,741,197
"S01007954",668,498,170
"S01007955",638,527,111
"S01007956",745,612,133
"S01007957",983,725,258
"S01007958",883,641,242
"S01007959",706,557,149
"S01007960",607,468,139
"S01007961",1771,1417,354
"S01007962",597,502,95
"S01007963",1003,755,248
"S01007964",791,608,183
"S01007965",576,450,126
"S01007966",977,732,245
"S01007967",639,513,126
"S01007968",869,653,216
"S01007969",666,495,171
"S01007970",874,681,193
"S01007971",927,679,248
"S01007972",828,649,179
"S01007973",816,727,89
"S01007974",859,618,241
"S01007975",603,449,154
"S01007976",703,483,220
"S01007977",645,556,89
"S01007978",559,443,116
"S01007979",830,697,133
"S01007980",701,566,135
"S01007981",547,445,102
"S01007982",514,423,91
"S01007983",777,570,207
"S01007984",726,600,126
"S01007985",923,715,208
"S01007986",675,555,120
"S01007987",658,550,108
"S01007988",817,641,176
"S01007989",580,466,114
"S01007990",1070,923,147
"S01007991",940,871,69
"S01007992",657,623,34
"S01007993",673,603,70
"S01007994",659,617,42
"S01007995",590,531,59
"S01007996",452,394,58
"S01007997",555,478,77
"S01007998",522,436,86
"S01007999",801,636,165
"S01008000",913,681,232
"S01008001",859,656,203
"S01008002",676,512,164
"S01008003",666,506,160
"S01008004",122,96,26
"S01008006",786,623,163
"S01008007",430,333,97
"S01008008",645,539,106
"S01008009",785,627,158
"S01008010",862,697,165
"S01008011",657,421,236
"S01008012",772,631,141
"S01008013",697,511,186
"S01008014",622,508,114
"S01008015",776,610,166
"S01008016",781,580,201
"S01008017",900,752,148
"S01008018",505,445,60
"S01008019",741,642,99
"S01008020",587,503,84
"S01008021",700,611,89
"S01008022",728,643,85
"S01008023",468,439,29
"S01008024",955,911,44
"S01008025",685,562,123
"S01008026",880,671,209
"S01008027",565,437,128
"S01008028",585,507,78
"S01008029",3005,2626,379
"S01008030",722,569,153
"S01008031",881,705,176
"S01008032",898,732,166
"S01008033",1449,1328,121
"S01008034",790,729,61
"S01008035",627,549,78
"S01008036",669,593,76
"S01008037",1014,783,231
"S01008038",761,616,145
"S01008039",898,747,151
"S01008040",915,789,126
"S01008041",707,569,138
"S01008042",597,517,80
"S01008043",861,770,91
"S01008044",962,855,107
"S01008045",1099,932,167
"S01008046",847,564,283
"S01008047",697,615,82
"S01008048",575,514,61
"S01008049",858,768,90
"S01008050",618,541,77
"S01008051",884,809,75
"S01008052",829,754,75
"S01008053",610,527,83
"S01008054",934,796,138
"S01008055",893,826,67
"S01008056",755,636,119
"S01008057",936,820,116
"S01008058",895,834,61
"S01008059",532,484,48
"S01008060",734,680,54
"S01008061",801,674,127
"S01008062",1018,880,138
"S01008063",749,671,78
"S01008064",701,585,116
"S01008065",993,908,85
"S01008066",937,878,59
"S01008067",557,496,61
"S01008068",914,787,127
"S01008069",932,792,140
"S01008070",878,760,118
"S01008071",702,610,92
"S01008072",850,730,120
"S01008073",471,415,56
"S01008074",976,873,103
"S01008075",613,541,72
"S01008076",656,541,115
"S01008077",831,735,96
"S01008078",1001,891,110
"S01008079",905,794,111
"S01008080",699,602,97
"S01008081",599,537,62
"S01008082",698,628,70
"S01008083",586,511,75
"S01008084",853,735,118
"S01008085",973,871,102
"S01008086",1091,971,120
"S01008087",856,730,126
"S01008088",917,767,150
"S01008089",653,573,80
"S01008090",771,669,102
"S01008091",385,327,58
"S01008092",908,765,143
"S01008093",809,661,148
"S01008094",667,587,80
"S01008095",744,627,117
"S01008096",790,654,136
"S01008097",628,519,109
"S01008098",750,652,98
"S01008099",540,476,64
"S01008100",946,754,192
"S01008101",795,699,96
"S01008102",819,666,153
"S01008103",610,462,148
"S01008104",864,677,187
"S01008105",1072,806,266
"S01008106",687,493,194
"S01008107",1115,991,124
"S01008108",547,493,54
"S01008109",940,817,123
"S01008110",881,772,109
"S01008111",869,711,158
"S01008112",816,698,118
"S01008113",891,756,135
"S01008114",685,592,93
"S01008115",915,810,105
"S01008116",933,833,100
"S01008117",800,662,138
"S01008118",882,733,149
"S01008119",665,504,161
"S01008120",790,673,117
"S01008121",662,579,83
"S01008122",604,559,45
"S01008123",849,750,99
"S01008124",692,641,51
"S01008125",881,777,104
"S01008126",812,750,62
"S01008127",489,409,80
"S01008128",886,779,107
"S01008129",891,697,194
"S01008130",961,765,196
"S01008131",766,610,156
"S01008132",1029,885,144
"S01008133",630,473,157
"S01008134",661,556,105
"S01008135",1435,1169,266
"S01008136",783,611,172
"S01008137",911,713,198
"S01008138",852,636,216
"S01008139",967,721,246
"S01008140",522,392,130
"S01008141",1038,895,143
"S01008142",604,536,68
"S01008143",913,713,200
"S01008144",812,711,101
"S01008145",808,614,194
"S01008146",499,385,114
"S01008147",788,635,153
"S01008148",747,625,122
"S01008149",707,579,128
"S01008150",941,733,208
"S01008151",704,564,140
"S01008152",1057,790,267
"S01008153",573,493,80
"S01008154",828,698,130
"S01008155",670,597,73
"S01008156",919,767,152
"S01008157",746,648,98
"S01008158",731,664,67
"S01008159",989,731,258
"S01008160",995,763,232
"S01008161",1019,917,102
"S01008162",996,832,164
"S01008163",758,561,197
"S01008164",1450,1306,144
"S01008165",788,728,60
"S01008166",559,437,122
"S01008167",576,452,124
"S01008168",997,775,222
"S01008169",711,560,151
"S01008170",597,503,94
"S01008171",733,588,145
"S01008172",557,463,94
"S01008173",664,571,93
"S01008174",532,457,75
"S01008175",750,640,110
"S01008176",727,657,70
"S01008177",776,607,169
"S01008178",640,556,84
"S01008179",512,477,35
"S01008180",473,441,32
"S01008181",678,573,105
"S01008182",924,740,184
"S01008183",746,655,91
"S01008184",694,517,177
"S01008185",1012,805,207
"S01008186",851,706,145
"S01008187",617,502,115
"S01008188",920,702,218
"S01008189",565,470,95
"S01008190",877,689,188
"S01008191",482,402,80
"S01008192",784,652,132
"S01008193",826,696,130
"S01008194",630,476,154
"S01008195",796,661,135
"S01008196",796,656,140
"S01008198",693,552,141
"S01008199",776,597,179
"S01008200",496,365,131
"S01008201",797,612,185
"S01008202",567,437,130
"S01008203",556,432,124
"S01008204",875,589,286
"S01008205",680,537,143
"S01008206",654,483,171
"S01008207",618,516,102
"S01008208",740,663,77
"S01008210",935,744,191
"S01008211",887,714,173
"S01008212",462,426,36
"S01008213",1150,1044,106
"S01008214",710,518,192
"S01008215",646,522,124
"S01008216",604,543,61
"S01008217",723,640,83
"S01008218",965,872,93
"S01008219",955,763,192
"S01008220",644,538,106
"S01008221",772,621,151
"S01008222",762,597,165
"S01008223",476,344,132
"S01008224",907,777,130
"S01008225",714,606,108
"S01008226",755,564,191
"S01008227",819,644,175
"S01008228",2394,2158,236
"S01008229",452,344,108
"S01008230",811,742,69
"S01008231",640,585,55
"S01008233",1627,1516,111
"S01008234",301,222,79
"S01008235",829,642,187
"S01008236",845,703,142
"S01008237",864,743,121
"S01008238",756,590,166
"S01008239",762,658,104
"S01008240",788,720,68
"S01008241",648,578,70
"S01008242",900,698,202
"S01008243",1093,970,123
"S01008244",421,368,53
"S01008245",992,845,147
"S01008246",989,875,114
"S01008247",789,699,90
"S01008248",845,744,101
"S01008249",994,870,124
"S01008250",1024,914,110
"S01008251",754,702,52
"S01008252",943,848,95
"S01008253",766,562,204
"S01008254",857,701,156
"S01008255",728,618,110
"S01008256",822,672,150
"S01008257",672,498,174
"S01008258",701,602,99
"S01008259",777,654,123
"S01008260",944,788,156
"S01008261",901,735,166
"S01008262",612,539,73
"S01008263",801,652,149
"S01008264",551,468,83
"S01008265",706,633,73
"S01008266",598,537,61
"S01008267",898,780,118
"S01008268",878,800,78
"S01008269",868,692,176
"S01008270",819,682,137
"S01008271",669,537,132
"S01008272",1002,860,142
"S01008273",841,737,104
"S01008274",729,607,122
"S01008275",558,470,88
"S01008276",557,500,57
"S01008277",502,456,46
"S01008278",840,748,92
"S01008279",733,623,110
"S01008280",880,759,121
"S01008281",726,642,84
"S01008282",1141,1007,134
"S01008283",210,146,64
"S01008284",1498,1348,150
"S01008285",754,578,176
"S01008286",747,610,137
"S01008287",852,737,115
"S01008288",901,730,171
"S01008289",493,413,80
"S01008290",777,677,100
"S01008291",719,579,140
"S01008292",1038,921,117
"S01008294",730,653,77
"S01008295",859,757,102
"S01008296",621,474,147
"S01008297",544,462,82
"S01008298",865,748,117
"S01008299",813,625,188
"S01008300",846,667,179
"S01008301",832,731,101
"S01008302",716,628,88
"S01008303",558,445,113
"S01008304",356,299,57
"S01008305",791,683,108
"S01008306",611,540,71
"S01008307",640,524,116
"S01008308",566,496,70
"S01008309",727,525,202
"S01008310",949,744,205
"S01008311",544,442,102
"S01008312",253,219,34
"S01008313",1013,704,309
"S01008314",566,452,114
"S01008315",748,573,175
"S01008316",462,354,108
"S01008317",738,612,126
"S01008318",1284,1121,163
"S01008319",739,550,189
"S01008320",524,392,132
"S01008321",546,484,62
"S01008322",1055,841,214
"S01008323",799,631,168
"S01008324",481,403,78
"S01008325",760,619,141
"S01008326",990,795,195
"S01008327",970,754,216
"S01008328",869,774,95
"S01008329",883,806,77
"S01008330",871,778,93
"S01008331",602,558,44
"S01008332",953,769,184
"S01008333",990,774,216
"S01008334",731,628,103
"S01008335",763,619,144
"S01008336",662,531,131
"S01008337",906,814,92
"S01008338",915,835,80
"S01008339",629,584,45
"S01008340",822,753,69
"S01008341",700,669,31
"S01008342",853,733,120
"S01008343",848,768,80
"S01008344",1000,916,84
"S01008345",788,715,73
"S01008346",1023,932,91
"S01008347",980,813,167
"S01008348",756,649,107
"S01008349",934,818,116
"S01008350",567,489,78
"S01008351",900,786,114
"S01008352",674,603,71
"S01008353",525,479,46
"S01008354",698,618,80
"S01008355",583,473,110
"S01008356",556,478,78
"S01008357",499,434,65
"S01008358",697,552,145
"S01008359",639,565,74
"S01008360",844,762,82
"S01008361",829,739,90
"S01008362",956,855,101
"S01008363",739,658,81
"S01008364",761,677,84
"S01008365",779,679,100
"S01008366",926,739,187
"S01008367",727,575,152
"S01008368",473,409,64
"S01008369",598,515,83
"S01008370",807,714,93
"S01008371",808,745,63
"S01008372",790,715,75
"S01008373",795,738,57
"S01008374",705,632,73
"S01008375",789,714,75
"S01008376",550,490,60
"S01008377",746,672,74
"S01008378",1015,891,124
"S01008379",530,464,66
"S01008380",544,499,45
"S01008381",514,475,39
"S01008382",785,695,90
"S01008383",480,434,46
"S01008384",976,844,132
"S01008385",674,592,82
"S01008386",659,579,80
"S01008387",836,731,105
"S01008388",546,502,44
"S01008389",542,425,117
"S01008390",619,551,68
"S01008391",785,654,131
"S01008392",916,829,87
"S01008393",610,529,81
"S01008394",942,870,72
"S01008395",531,478,53
"S01008396",807,668,139
"S01008397",935,855,80
"S01008398",587,499,88
"S01008399",728,602,126
"S01008400",501,441,60
"S01008401",1013,840,173
"S01008402",1092,949,143
"S01008403",610,556,54
"S01008404",967,808,159
"S01008405",771,716,55
"S01008406",978,770,208
"S01008407",522,398,124
"S01008408",673,609,64
"S01008409",1098,862,236
"S01008410",589,467,122
"S01008411",604,523,81
"S01008412",706,598,108
"S01008413",464,386,78
"S01008414",458,420,38
"S01008415",926,783,143
"S01008416",818,650,168
"S01008417",726,657,69
"S01008418",692,612,80
"S01008419",525,473,52
"S01008420",476,413,63
"S01008421",785,673,112
"S01008422",694,615,79
"S01008423",889,832,57
"S01008424",835,746,89
"S01008425",2465,2299,166
"S01008426",573,470,103
"S01008427",1068,992,76
"S01008428",676,529,147
"S01008429",700,618,82
"S01008430",807,705,102
"S01008431",842,727,115
"S01008432",701,634,67
"S01008433",807,701,106
"S01008434",915,821,94
"S01008435",766,700,66
"S01008436",870,768,102
"S01008437",710,607,103
"S01008438",443,399,44
"S01008439",1064,997,67
"S01008440",1053,943,110
"S01008441",379,351,28
"S01008442",774,727,47
"S01008443",582,523,59
"S01008444",634,571,63
"S01008445",920,768,152
"S01008446",1128,1057,71
"S01008447",675,624,51
"S01008448",755,657,98
"S01008449",795,638,157
"S01008450",592,478,114
"S01008451",699,558,141
"S01008452",522,425,97
"S01008453",615,540,75
"S01008454",951,765,186
"S01008455",1000,811,189
"S01008456",973,749,224
"S01008457",616,455,161
"S01008458",994,832,162
"S01008459",627,470,157
"S01008460",805,634,171
"S01008461",914,706,208
"S01008462",564,348,216
"S01008463",670,521,149
"S01008464",850,717,133
"S01008465",742,634,108
"S01008466",744,646,98
"S01008467",785,672,113
"S01008468",678,514,164
"S01008469",577,498,79
"S01008470",728,535,193
"S01008471",944,773,171
"S01008472",628,512,116
"S01008473",700,556,144
"S01008474",779,574,205
"S01008475",787,657,130
"S01008476",699,514,185
"S01008477",914,679,235
"S01008478",699,510,189
"S01008479",758,569,189
"S01008480",434,341,93
"S01008481",1615,1243,372
"S01008482",614,468,146
"S01008483",598,437,161
"S01008484",754,613,141
"S01008485",1015,884,131
"S01008486",867,679,188
"S01008487",759,676,83
"S01008488",764,624,140
"S01008489",620,496,124
"S01008490",893,758,135
"S01008491",914,817,97
"S01008492",944,830,114
"S01008493",793,641,152
"S01008494",688,579,109
"S01008495",891,787,104
"S01008496",956,849,107
"S01008497",786,694,92
"S01008498",772,651,121
"S01008499",996,865,131
"S01008500",402,333,69
"S01008501",607,571,36
"S01008502",635,595,40
"S01008503",833,778,55
"S01008504",1112,1036,76
"S01008505",711,645,66
"S01008506",854,710,144
"S01008507",897,833,64
"S01008508",851,769,82
"S01008509",994,900,94
"S01008510",906,825,81
"S01008511",981,868,113
"S01008512",505,455,50
"S01008513",706,634,72
"S01008514",934,778,156
"S01008515",747,699,48
"S01008516",901,797,104
"S01008517",860,766,94
"S01008518",905,845,60
"S01008519",809,741,68
"S01008520",865,810,55
"S01008521",907,838,69
"S01008522",532,490,42
"S01008523",967,905,62
"S01008524",741,600,141
"S01008525",901,688,213
"S01008526",750,620,130
"S01008527",726,628,98
"S01008528",720,634,86
"S01008529",724,592,132
"S01008530",724,594,130
"S01008531",748,574,174
"S01008532",443,339,104
"S01008533",549,498,51
"S01008534",723,656,67
"S01008535",709,644,65
"S01008536",569,512,57
"S01008537",673,626,47
"S01008538",447,407,40
"S01008539",837,758,79
"S01008540",724,620,104
"S01008541",886,831,55
"S01008542",942,873,69
"S01008543",740,681,59
"S01008544",653,623,30
"S01008545",898,830,68
"S01008546",901,805,96
"S01008547",1010,900,110
"S01008548",990,881,109
"S01008549",914,747,167
"S01008550",798,715,83
"S01008551",984,839,145
"S01008552",759,679,80
"S01008553",528,432,96
"S01008554",1090,875,215
"S01008555",1036,827,209
"S01008556",778,622,156
"S01008557",928,701,227
"S01008558",912,714,198
"S01008559",715,541,174
"S01008560",699,547,152
"S01008561",674,561,113
"S01008562",661,491,170
"S01008563",844,669,175
"S01008564",587,431,156
"S01008565",930,733,197
"S01008566",1066,841,225
"S01008567",744,588,156
"S01008568",793,692,101
"S01008569",640,496,144
"S01008570",961,782,179
"S01008571",679,538,141
"S01008572",888,695,193
"S01008573",892,752,140
"S01008574",757,676,81
"S01008575",802,725,77
"S01008576",823,719,104
"S01008577",903,725,178
"S01008578",806,692,114
"S01008579",1101,892,209
"S01008580",542,463,79
"S01008581",894,680,214
"S01008582",1020,812,208
"S01008583",713,563,150
"S01008584",750,635,115
"S01008585",707,552,155
"S01008586",745,565,180
"S01008587",914,817,97
"S01008588",775,703,72
"S01008589",390,340,50
"S01008590",759,656,103
"S01008591",824,738,86
"S01008592",760,648,112
"S01008593",780,705,75
"S01008594",1038,947,91
"S01008595",905,625,280
"S01008596",852,664,188
"S01008597",880,759,121
"S01008598",837,753,84
"S01008599",919,858,61
"S01008600",847,773,74
"S01008601",2533,2425,108
"S01008602",650,592,58
"S01008603",1121,1003,118
"S01008604",933,858,75
"S01008605",702,652,50
"S01008606",903,846,57
"S01008607",336,300,36
"S01008608",751,637,114
"S01008609",977,816,161
"S01008610",909,803,106
"S01008611",1421,1305,116
"S01008612",779,702,77
"S01008613",798,731,67
"S01008614",677,631,46
"S01008615",869,800,69
"S01008616",733,707,26
"S01008617",829,792,37
"S01008618",739,703,36
"S01008619",520,475,45
"S01008620",815,771,44
"S01008621",770,742,28
"S01008622",517,490,27
"S01008623",954,889,65
"S01008624",878,682,196
"S01008625",573,522,51
"S01008626",919,860,59
"S01008627",759,687,72
"S01008628",630,544,86
"S01008629",571,510,61
"S01008630",556,508,48
"S01008631",786,720,66
"S01008632",918,740,178
"S01008633",952,820,132
"S01008634",727,661,66
"S01008635",850,779,71
"S01008636",861,794,67
"S01008637",710,619,91
"S01008638",854,681,173
"S01008639",888,810,78
"S01008640",776,727,49
"S01008641",825,776,49
"S01008642",932,877,55
"S01008643",712,660,52
"S01008644",771,669,102
"S01008645",825,767,58
"S01008646",812,741,71
"S01008647",589,551,38
"S01008648",610,547,63
"S01008649",901,753,148
"S01008650",731,658,73
"S01008651",1095,948,147
"S01008652",567,469,98
"S01008653",684,569,115
"S01008654",937,813,124
"S01008655",796,709,87
"S01008656",644,519,125
"S01008657",758,682,76
"S01008658",981,849,132
"S01008659",825,742,83
"S01008660",936,860,76
"S01008661",990,859,131
"S01008662",745,695,50
"S01008663",926,798,128
"S01008664",845,760,85
"S01008665",1106,1006,100
"S01008666",854,796,58
"S01008667",952,888,64
"S01008668",756,696,60
"S01008669",442,421,21
"S01008670",879,827,52
"S01008671",751,677,74
"S01008672",686,610,76
"S01008673",1096,980,116
"S01008674",955,874,81
"S01008675",732,633,99
"S01008676",839,785,54
"S01008677",761,698,63
"S01008678",1200,1102,98
"S01008679",1164,951,213
"S01008680",631,549,82
"S01008681",971,780,191
"S01008682",673,567,106
"S01008683",1511,1252,259
"S01008684",1104,898,206
"S01008685",1025,834,191
"S01008686",885,660,225
"S01008687",648,582,66
"S01008688",950,804,146
"S01008689",860,736,124
"S01008690",990,873,117
"S01008691",1112,970,142
"S01008692",685,560,125
"S01008693",487,411,76
"S01008694",1000,894,106
"S01008695",703,643,60
"S01008696",675,612,63
"S01008697",1059,941,118
"S01008698",404,360,44
"S01008699",909,730,179
"S01008700",569,496,73
"S01008701",980,824,156
"S01008703",972,722,250
"S01008704",672,463,209
"S01008705",500,377,123
"S01008706",615,477,138
"S01008707",862,679,183
"S01008708",1031,734,297
"S01008709",763,592,171
"S01008710",456,368,88
"S01008711",706,535,171
"S01008712",1143,763,380
"S01008713",635,500,135
"S01008714",568,431,137
"S01008715",763,565,198
"S01008716",545,397,148
"S01008717",440,396,44
"S01008718",510,424,86
"S01008719",1003,873,130
"S01008720",508,393,115
"S01008721",809,736,73
"S01008722",1058,868,190
"S01008723",677,610,67
"S01008724",968,836,132
"S01008725",752,662,90
"S01008726",477,434,43
"S01008727",1102,919,183
"S01008728",552,470,82
"S01008729",845,739,106
"S01008730",801,720,81
"S01008731",430,323,107
"S01008732",505,413,92
"S01008733",682,587,95
"S01008734",666,586,80
"S01008735",996,882,114
"S01008736",738,626,112
"S01008737",987,854,133
"S01008738",596,512,84
"S01008739",559,476,83
"S01008740",553,489,64
"S01008741",1060,927,133
"S01008742",377,273,104
"S01008743",1014,823,191
"S01008744",1058,869,189
"S01008745",466,415,51
"S01008746",946,759,187
"S01008747",501,443,58
"S01008748",533,467,66
"S01008749",1228,1058,170
"S01008750",704,603,101
"S01008751",622,478,144
"S01008752",787,573,214
"S01008753",424,309,115
"S01008754",702,562,140
"S01008755",941,751,190
"S01008756",708,522,186
"S01008757",638,407,231
"S01008758",823,625,198
"S01008759",564,412,152
"S01008760",949,695,254
"S01008761",738,633,105
"S01008762",608,508,100
"S01008763",925,835,90
"S01008764",714,622,92
"S01008765",852,766,86
"S01008766",1057,926,131
"S01008767",542,464,78
"S01008768",537,421,116
"S01008769",2300,2102,198
"S01008772",785,675,110
"S01008773",1025,847,178
"S01008774",901,742,159
"S01008775",392,342,50
"S01008776",863,654,209
"S01008777",1014,708,306
"S01008778",1086,966,120
"S01008779",718,671,47
"S01008780",376,323,53
"S01008781",891,754,137
"S01008782",816,738,78
"S01008783",259,229,30
"S01008784",540,486,54
"S01008785",927,731,196
"S01008786",888,770,118
"S01008787",374,303,71
"S01008788",690,622,68
"S01008789",654,491,163
"S01008790",675,569,106
"S01008791",877,785,92
"S01008792",965,797,168
"S01008793",427,336,91
"S01008794",865,648,217
"S01008795",1057,945,112
"S01008796",1182,960,222
"S01008797",947,796,151
"S01008798",787,648,139
"S01008799",665,594,71
"S01008800",1170,1070,100
"S01008801",801,683,118
"S01008802",958,825,133
"S01008803",952,795,157
"S01008804",652,467,185
"S01008805",623,561,62
"S01008806",1019,928,91
"S01008807",792,673,119
"S01008808",663,571,92
"S01008809",720,660,60
"S01008810",733,683,50
"S01008811",844,779,65
"S01008812",471,440,31
"S01008813",970,804,166
"S01008814",842,757,85
"S01008815",908,783,125
"S01008816",523,418,105
"S01008817",764,641,123
"S01008818",893,815,78
"S01008819",756,643,113
"S01008820",1119,913,206
"S01008821",797,728,69
"S01008822",734,667,67
"S01008823",675,600,75
"S01008824",961,837,124
"S01008825",539,481,58
"S01008826",744,615,129
"S01008827",732,658,74
"S01008828",884,793,91
"S01008829",715,621,94
"S01008830",692,612,80
"S01008831",774,684,90
"S01008832",755,642,113
"S01008833",989,864,125
"S01008834",1130,976,154
"S01008835",695,586,109
"S01008836",526,398,128
"S01008837",1343,1210,133
"S01008838",830,741,89
"S01008839",1027,920,107
"S01008840",1074,979,95
"S01008841",1289,1202,87
"S01008842",161,140,21
"S01008843",991,906,85
"S01008844",695,637,58
"S01008845",853,803,50
"S01008846",821,750,71
"S01008847",585,554,31
"S01008848",772,711,61
"S01008849",727,679,48
"S01008850",731,683,48
"S01008851",918,785,133
"S01008852",1002,919,83
"S01008853",680,628,52
"S01008854",910,846,64
"S01008855",1226,1135,91
"S01008856",483,441,42
"S01008857",764,698,66
"S01008858",552,501,51
"S01008859",1217,1049,168
"S01008860",882,788,94
"S01008861",765,702,63
"S01008862",877,793,84
"S01008863",733,663,70
"S01008864",1088,1030,58
"S01008865",928,826,102
"S01008866",798,736,62
"S01008867",800,737,63
"S01008868",771,723,48
"S01008869",998,901,97
"S01008870",780,677,103
"S01008871",1232,1150,82
"S01008872",700,654,46
"S01008873",692,648,44
"S01008874",848,761,87
"S01008875",820,707,113
"S01008876",587,502,85
"S01008877",548,504,44
"S01008878",756,609,147
"S01008879",968,838,130
"S01008880",626,532,94
"S01008881",475,397,78
"S01008882",1075,993,82
"S01008883",965,823,142
"S01008884",706,627,79
"S01008885",888,832,56
"S01008886",843,756,87
"S01008887",770,676,94
"S01008888",500,460,40
"S01008889",634,580,54
"S01008890",717,620,97
"S01008891",763,672,91
"S01008892",971,822,149
"S01008893",910,825,85
"S01008894",887,806,81
"S01008895",592,541,51
"S01008896",504,470,34
"S01008897",689,626,63
"S01008898",870,793,77
"S01008899",843,653,190
"S01008900",948,760,188
"S01008901",846,664,182
"S01008902",1019,824,195
"S01008903",962,751,211
"S01008904",1073,868,205
"S01008905",1116,883,233
"S01008906",885,698,187
"S01008907",811,685,126
"S01008908",929,748,181
"S01008909",797,698,99
"S01008910",1489,1364,125
"S01008911",168,104,64
"S01008912",792,701,91
"S01008913",421,375,46
"S01008914",868,689,179
"S01008915",569,508,61
"S01008916",1094,779,315
"S01008917",690,525,165
"S01008918",584,454,130
"S01008919",544,410,134
"S01008920",971,877,94
"S01008921",755,550,205
"S01008922",785,607,178
"S01008923",749,576,173
"S01008924",791,623,168
"S01008925",691,599,92
"S01008926",232,208,24
"S01008927",1174,1040,134
"S01008928",813,631,182
"S01008929",762,541,221
"S01008930",913,684,229
"S01008931",776,610,166
"S01008932",885,775,110
"S01008933",488,410,78
"S01008934",990,809,181
"S01008935",893,775,118
"S01008936",397,357,40
"S01008937",831,707,124
"S01008938",641,570,71
"S01008939",890,768,122
"S01008940",636,566,70
"S01008941",881,810,71
"S01008942",904,816,88
"S01008943",707,645,62
"S01008944",1013,910,103
"S01008945",782,698,84
"S01008946",912,806,106
"S01008947",1063,928,135
"S01008948",704,633,71
"S01008949",924,751,173
"S01008950",935,761,174
"S01008951",822,643,179
"S01008952",803,640,163
"S01008953",903,713,190
"S01008954",880,660,220
"S01008955",637,571,66
"S01008956",878,791,87
"S01008957",1010,871,139
"S01008958",722,584,138
"S01008959",859,727,132
"S01008960",916,873,43
"S01008961",715,637,78
"S01008962",616,537,79
"S01008963",783,688,95
"S01008964",525,453,72
"S01008965",742,645,97
"S01008966",590,528,62
"S01008967",1045,936,109
"S01008968",997,888,109
"S01008969",1088,939,149
"S01008970",1014,920,94
"S01008971",526,481,45
"S01008972",793,718,75
"S01008973",1340,1065,275
"S01008974",803,684,119
"S01008975",849,632,217
"S01008976",404,372,32
"S01008977",605,539,66
"S01008978",580,525,55
"S01008979",743,681,62
"S01008980",834,744,90
"S01008981",708,620,88
"S01008982",789,703,86
"S01008983",650,593,57
"S01008984",518,444,74
"S01008985",593,523,70
"S01008986",888,771,117
"S01008987",822,730,92
"S01008988",1058,858,200
"S01008989",653,595,58
"S01008990",737,680,57
"S01008991",935,869,66
"S01008992",562,469,93
"S01008993",1125,992,133
"S01008994",773,657,116
"S01008995",662,607,55
"S01008996",704,575,129
"S01008997",984,853,131
"S01008998",628,538,90
"S01008999",854,687,167
"S01009000",911,813,98
"S01009001",888,814,74
"S01009002",827,735,92
"S01009003",961,871,90
"S01009004",680,599,81
"S01009005",730,644,86
"S01009006",766,645,121
"S01009007",701,590,111
"S01009008",916,786,130
"S01009009",476,361,115
"S01009010",1021,936,85
"S01009011",870,809,61
"S01009012",752,682,70
"S01009013",893,805,88
"S01009014",531,444,87
"S01009015",477,415,62
"S01009016",530,447,83
"S01009017",393,308,85
"S01009018",871,725,146
"S01009019",519,433,86
"S01009020",811,678,133
"S01009021",731,619,112
"S01009022",832,684,148
"S01009023",838,693,145
"S01009024",980,787,193
"S01009025",918,747,171
"S01009026",892,701,191
"S01009027",884,699,185
"S01009028",385,313,72
"S01009029",621,493,128
"S01009030",733,589,144
"S01009031",761,590,171
"S01009032",660,529,131
"S01009033",795,638,157
"S01009034",709,585,124
"S01009035",930,772,158
"S01009036",1074,924,150
"S01009037",893,789,104
"S01009038",1090,914,176
"S01009039",661,541,120
"S01009040",653,521,132
"S01009041",792,614,178
"S01009042",816,676,140
"S01009043",589,452,137
"S01009044",869,637,232
"S01009045",803,634,169
"S01009046",872,719,153
"S01009047",805,677,128
"S01009048",837,697,140
"S01009049",616,510,106
"S01009050",1186,998,188
"S01009051",619,524,95
"S01009052",540,425,115
"S01009053",532,404,128
"S01009054",583,460,123
"S01009055",807,680,127
"S01009056",554,424,130
"S01009057",555,434,121
"S01009058",885,670,215
"S01009059",802,711,91
"S01009060",838,728,110
"S01009061",810,684,126
"S01009062",647,515,132
"S01009063",733,625,108
"S01009064",583,472,111
"S01009065",686,557,129
"S01009066",693,553,140
"S01009067",1035,933,102
"S01009068",895,737,158
"S01009069",631,575,56
"S01009070",522,448,74
"S01009071",1632,1443,189
"S01009072",289,236,53
"S01009073",651,478,173
"S01009074",721,570,151
"S01009075",536,405,131
"S01009076",918,788,130
"S01009077",454,381,73
"S01009079",1145,864,281
"S01009080",934,715,219
"S01009081",654,521,133
"S01009082",833,659,174
"S01009083",675,537,138
"S01009084",2202,1987,215
"S01009086",402,313,89
"S01009087",571,446,125
"S01009088",830,705,125
"S01009089",93,85,8
"S01009090",583,540,43
"S01009091",1954,1830,124
"S01009092",995,783,212
"S01009093",775,633,142
"S01009094",682,600,82
"S01009095",787,644,143
"S01009096",1129,932,197
"S01009097",788,717,71
"S01009098",527,452,75
"S01009099",807,639,168
"S01009100",781,556,225
"S01009101",935,724,211
"S01009102",819,666,153
"S01009103",678,581,97
"S01009104",775,633,142
"S01009105",796,658,138
"S01009106",551,441,110
"S01009107",506,413,93
"S01009108",608,541,67
"S01009109",670,590,80
"S01009110",607,485,122
"S01009111",848,741,107
"S01009112",439,374,65
"S01009113",927,744,183
"S01009114",786,681,105
"S01009115",580,500,80
"S01009116",464,405,59
"S01009117",857,713,144
"S01009118",632,588,44
"S01009119",752,588,164
"S01009120",530,409,121
"S01009121",811,622,189
"S01009122",1421,1201,220
"S01009123",437,370,67
"S01009124",226,169,57
"S01009125",713,532,181
"S01009126",592,465,127
"S01009127",626,490,136
"S01009128",806,558,248
"S01009129",486,383,103
"S01009130",661,575,86
"S01009131",482,366,116
"S01009132",822,731,91
"S01009133",627,473,154
"S01009134",860,722,138
"S01009135",565,514,51
"S01009136",223,193,30
"S01009137",947,834,113
"S01009138",861,758,103
"S01009139",406,328,78
"S01009140",751,593,158
"S01009141",824,587,237
"S01009142",549,397,152
"S01009143",600,409,191
"S01009144",896,809,87
"S01009145",917,705,212
"S01009146",911,725,186
"S01009147",832,640,192
"S01009148",694,553,141
"S01009149",713,577,136
"S01009150",747,361,386
"S01009151",890,673,217
"S01009152",667,477,190
"S01009153",472,391,81
"S01009154",972,802,170
"S01009155",567,491,76
"S01009156",548,469,79
"S01009157",838,681,157
"S01009158",558,441,117
"S01009159",511,364,147
"S01009160",674,488,186
"S01009161",455,354,101
"S01009162",709,522,187
"S01009163",495,364,131
"S01009164",750,594,156
"S01009165",720,552,168
"S01009166",839,605,234
"S01009167",548,427,121
"S01009168",634,549,85
"S01009169",761,490,271
"S01009170",677,560,117
"S01009171",664,559,105
"S01009172",656,585,71
"S01009173",498,437,61
"S01009174",356,342,14
"S01009175",785,735,50
"S01009176",1456,1316,140
"S01009177",817,645,172
"S01009178",743,616,127
"S01009179",683,554,129
"S01009180",984,752,232
"S01009181",1721,1452,269
"S01009182",1002,849,153
"S01009183",334,310,24
"S01009184",1030,794,236
"S01009185",733,572,161
"S01009186",725,602,123
"S01009187",1373,1198,175
"S01009188",892,706,186
"S01009189",776,601,175
"S01009190",311,267,44
"S01009191",746,717,29
"S01009192",1221,1076,145
"S01009193",113,59,54
"S01009194",788,692,96
"S01009195",398,376,22
"S01009196",693,576,117
"S01009197",1027,925,102
"S01009198",730,630,100
"S01009199",449,393,56
"S01009200",1258,1116,142
"S01009201",520,439,81
"S01009202",525,485,40
"S01009203",633,453,180
"S01009204",793,655,138
"S01009205",702,626,76
"S01009206",934,835,99
"S01009207",1126,968,158
"S01009208",631,505,126
"S01009209",529,407,122
"S01009210",955,803,152
"S01009211",543,474,69
"S01009212",829,633,196
"S01009213",781,617,164
"S01009214",1010,873,137
"S01009215",858,696,162
"S01009216",886,692,194
"S01009217",623,469,154
"S01009218",810,657,153
"S01009219",630,473,157
"S01009220",348,260,88
"S01009221",574,458,116
"S01009222",538,435,103
"S01009223",556,426,130
"S01009224",627,478,149
"S01009225",536,402,134
"S01009226",909,649,260
"S01009227",589,428,161
"S01009228",602,446,156
"S01009229",583,475,108
"S01009230",566,475,91
"S01009231",886,731,155
"S01009232",581,436,145
"S01009233",490,362,128
"S01009234",1021,810,211
"S01009235",819,643,176
"S01009236",483,376,107
"S01009237",947,780,167
"S01009238",742,593,149
"S01009239",867,713,154
"S01009240",672,511,161
"S01009241",895,666,229
"S01009242",725,621,104
"S01009243",1003,824,179
"S01009244",814,713,101
"S01009245",830,704,126
"S01009246",813,621,192
"S01009247",919,747,172
"S01009248",688,573,115
"S01009249",901,697,204
"S01009250",638,485,153
"S01009251",553,450,103
"S01009252",478,457,21
"S01009253",476,333,143
"S01009254",822,610,212
"S01009255",564,457,107
"S01009256",478,376,102
"S01009257",753,601,152
"S01009258",1380,1210,170
"S01009259",942,812,130
"S01009260",798,656,142
"S01009261",738,566,172
"S01009262",604,461,143
"S01009263",351,322,29
"S01009264",666,536,130
"S01009265",791,661,130
"S01009266",942,749,193
"S01009267",602,501,101
"S01009268",1002,829,173
"S01009269",892,710,182
"S01009270",595,425,170
"S01009271",885,784,101
"S01009272",704,549,155
"S01009273",466,399,67
"S01009274",631,519,112
"S01009275",665,512,153
"S01009276",766,652,114
"S01009277",951,793,158
"S01009278",215,183,32
"S01009279",1089,904,185
"S01009280",898,646,252
"S01009281",665,472,193
"S01009282",471,382,89
"S01009283",710,620,90
"S01009284",822,736,86
"S01009285",906,806,100
"S01009286",737,630,107
"S01009287",754,656,98
"S01009288",1060,900,160
"S01009289",871,737,134
"S01009290",646,576,70
"S01009291",979,852,127
"S01009292",210,161,49
"S01009293",531,428,103
"S01009294",698,642,56
"S01009295",611,531,80
"S01009296",506,453,53
"S01009297",826,755,71
"S01009298",971,689,282
"S01009299",986,843,143
"S01009300",510,421,89
"S01009301",967,741,226
"S01009302",845,643,202
"S01009303",787,623,164
"S01009304",910,773,137
"S01009305",736,569,167
"S01009306",1094,919,175
"S01009307",1018,848,170
"S01009308",513,439,74
"S01009309",734,631,103
"S01009310",932,782,150
"S01009311",753,595,158
"S01009312",650,557,93
"S01009313",445,341,104
"S01009314",816,699,117
"S01009315",646,485,161
"S01009316",756,689,67
"S01009317",847,751,96
"S01009318",619,560,59
"S01009319",903,753,150
"S01009320",713,539,174
"S01009321",476,420,56
"S01009322",691,571,120
"S01009323",1099,936,163
"S01009324",528,424,104
"S01009325",700,546,154
"S01009326",640,556,84
"S01009327",579,497,82
"S01009331",1256,1187,69
"S01009332",922,782,140
"S01009333",669,537,132
"S01009334",636,499,137
"S01009335",772,593,179
"S01009336",658,510,148
"S01009337",743,571,172
"S01009338",725,497,228
"S01009339",853,668,185
"S01009340",596,459,137
"S01009341",583,449,134
"S01009342",742,598,144
"S01009343",574,482,92
"S01009344",732,542,190
"S01009345",840,740,100
"S01009346",6248,5901,347
"S01009353",447,429,18
"S01009355",866,758,108
"S01009356",963,836,127
"S01009357",678,621,57
"S01009358",337,309,28
"S01009359",1243,1178,65
"S01009360",835,715,120
"S01009361",768,657,111
"S01009362",1015,895,120
"S01009363",833,679,154
"S01009364",860,747,113
"S01009365",425,326,99
"S01009366",760,586,174
"S01009367",489,379,110
"S01009368",581,469,112
"S01009369",598,493,105
"S01009370",838,644,194
"S01009371",665,539,126
"S01009372",521,437,84
"S01009373",708,539,169
"S01009374",853,629,224
"S01009375",797,638,159
"S01009376",577,433,144
"S01009377",1284,1165,119
"S01009378",994,870,124
"S01009379",981,893,88
"S01009380",585,505,80
"S01009381",507,443,64
"S01009382",691,523,168
"S01009383",1018,820,198
"S01009384",392,353,39
"S01009385",393,339,54
"S01009386",670,553,117
"S01009387",542,441,101
"S01009388",1075,886,189
"S01009389",824,665,159
"S01009390",777,738,39
"S01009391",695,644,51
"S01009392",581,550,31
"S01009393",686,603,83
"S01009394",943,805,138
"S01009395",677,574,103
"S01009396",736,648,88
"S01009397",703,613,90
"S01009398",688,602,86
"S01009399",705,616,89
"S01009400",519,436,83
"S01009401",681,569,112
"S01009402",944,803,141
"S01009403",539,476,63
"S01009404",546,435,111
"S01009405",618,509,109
"S01009406",702,563,139
"S01009407",417,341,76
"S01009408",833,724,109
"S01009409",665,508,157
"S01009410",877,697,180
"S01009411",812,627,185
"S01009412",848,632,216
"S01009413",988,799,189
"S01009414",682,528,154
"S01009415",677,483,194
"S01009416",370,311,59
"S01009417",1991,1749,242
"S01009418",908,643,265
"S01009419",574,442,132
"S01009420",632,498,134
"S01009421",634,500,134
"S01009422",717,557,160
"S01009424",591,448,143
"S01009425",545,407,138
"S01009426",776,555,221
"S01009427",608,426,182
"S01009428",582,403,179
"S01009429",649,444,205
"S01009430",737,551,186
"S01009431",520,381,139
"S01009432",817,603,214
"S01009433",826,627,199
"S01009434",543,394,149
"S01009435",774,594,180
"S01009436",701,551,150
"S01009437",591,445,146
"S01009438",619,471,148
"S01009439",923,693,230
"S01009440",672,478,194
"S01009441",836,662,174
"S01009442",1361,1149,212
"S01009443",2996,2584,412
"S01009444",846,724,122
"S01009445",778,580,198
"S01009446",753,508,245
"S01009447",486,363,123
"S01009448",569,418,151
"S01009449",528,396,132
"S01009450",601,440,161
"S01009451",770,602,168
"S01009452",503,368,135
"S01009453",1023,734,289
"S01009454",642,570,72
"S01009455",848,727,121
"S01009456",1172,871,301
"S01009457",897,742,155
"S01009458",687,559,128
"S01009459",750,595,155
"S01009460",971,771,200
"S01009462",1285,1105,180
"S01009463",667,550,117
"S01009464",842,724,118
"S01009465",609,509,100
"S01009466",572,479,93
"S01009467",793,677,116
"S01009468",748,551,197
"S01009469",812,693,119
"S01009470",473,398,75
"S01009471",585,350,235
"S01009472",939,737,202
"S01009473",1058,844,214
"S01009474",818,705,113
"S01009476",1070,995,75
"S01009477",744,605,139
"S01009478",832,711,121
"S01009479",938,758,180
"S01009480",730,578,152
"S01009481",922,760,162
"S01009482",642,531,111
"S01009483",724,633,91
"S01009484",776,591,185
"S01009485",786,613,173
"S01009486",650,523,127
"S01009487",789,597,192
"S01009488",705,605,100
"S01009489",816,600,216
"S01009490",767,593,174
"S01009491",698,490,208
"S01009492",826,655,171
"S01009493",847,729,118
"S01009494",947,841,106
"S01009495",871,775,96
"S01009496",785,626,159
"S01009497",881,727,154
"S01009498",643,550,93
"S01009499",796,655,141
"S01009500",778,591,187
"S01009501",677,500,177
"S01009502",823,645,178
"S01009503",729,589,140
"S01009504",695,543,152
"S01009505",817,640,177
"S01009506",735,551,184
"S01009507",800,692,108
"S01009508",876,689,187
"S01009509",1015,812,203
"S01009510",700,608,92
"S01009511",597,513,84
"S01009512",771,681,90
"S01009513",575,494,81
"S01009514",706,622,84
"S01009515",738,559,179
"S01009516",977,706,271
"S01009519",576,485,91
"S01009520",837,700,137
"S01009521",756,573,183
"S01009522",1042,843,199
"S01009523",584,418,166
"S01009524",592,469,123
"S01009525",615,460,155
"S01009526",650,570,80
"S01009527",639,499,140
"S01009528",520,350,170
"S01009529",578,463,115
"S01009530",576,502,74
"S01009531",806,592,214
"S01009532",779,518,261
"S01009533",783,568,215
"S01009534",856,643,213
"S01009535",630,494,136
"S01009536",559,458,101
"S01009537",539,421,118
"S01009538",785,542,243
"S01009539",866,649,217
"S01009540",815,624,191
"S01009541",1718,1423,295
"S01009542",625,483,142
"S01009543",523,364,159
"S01009544",761,557,204
"S01009545",1212,1002,210
"S01009546",562,430,132
"S01009547",876,686,190
"S01009548",616,509,107
"S01009549",726,609,117
"S01009550",515,447,68
"S01009551",533,446,87
"S01009552",897,695,202
"S01009553",852,643,209
"S01009554",768,604,164
"S01009555",619,517,102
"S01009556",767,628,139
"S01009557",675,525,150
"S01009558",673,534,139
"S01009559",857,667,190
"S01009560",748,587,161
"S01009561",536,410,126
"S01009562",743,605,138
"S01009563",793,618,175
"S01009564",681,533,148
"S01009565",588,485,103
"S01009566",1070,910,160
"S01009567",882,735,147
"S01009568",736,561,175
"S01009569",812,633,179
"S01009570",563,446,117
"S01009571",686,534,152
"S01009572",1030,776,254
"S01009573",743,566,177
"S01009574",1409,1104,305
"S01009575",523,410,113
"S01009576",955,848,107
"S01009577",697,599,98
"S01009578",771,626,145
"S01009579",577,445,132
"S01009580",531,469,62
"S01009581",553,424,129
"S01009582",533,445,88
"S01009583",812,678,134
"S01009584",537,466,71
"S01009585",969,802,167
"S01009586",681,489,192
"S01009587",715,517,198
"S01009588",1062,760,302
"S01009589",954,773,181
"S01009590",360,305,55
"S01009591",643,543,100
"S01009592",922,819,103
"S01009593",592,543,49
"S01009594",675,596,79
"S01009595",206,181,25
"S01009596",783,642,141
"S01009597",875,698,177
"S01009598",664,505,159
"S01009599",892,694,198
"S01009600",634,463,171
"S01009601",601,479,122
"S01009602",770,708,62
"S01009603",560,467,93
"S01009604",622,475,147
"S01009605",765,576,189
"S01009606",823,706,117
"S01009607",528,463,65
"S01009608",606,491,115
"S01009609",707,605,102
"S01009610",982,770,212
"S01009611",535,457,78
"S01009612",467,380,87
"S01009613",462,411,51
"S01009614",779,649,130
"S01009615",398,306,92
"S01009616",626,508,118
"S01009617",585,483,102
"S01009618",682,527,155
"S01009619",623,429,194
"S01009620",797,562,235
"S01009621",777,572,205
"S01009622",663,493,170
"S01009623",495,372,123
"S01009624",792,573,219
"S01009625",868,684,184
"S01009626",601,443,158
"S01009627",825,622,203
"S01009628",518,306,212
"S01009629",1082,861,221
"S01009630",811,613,198
"S01009631",677,456,221
"S01009632",558,392,166
"S01009633",756,591,165
"S01009634",532,344,188
"S01009635",842,654,188
"S01009636",904,675,229
"S01009637",736,551,185
"S01009638",914,702,212
"S01009639",666,524,142
"S01009640",586,404,182
"S01009641",770,531,239
"S01009642",912,725,187
"S01009643",102,86,16
"S01009644",1266,1070,196
"S01009645",649,511,138
"S01009646",596,465,131
"S01009647",595,435,160
"S01009648",788,599,189
"S01009649",1037,833,204
"S01009650",546,465,81
"S01009651",1471,1188,283
"S01009652",610,492,118
"S01009653",530,464,66
"S01009654",583,478,105
"S01009655",846,644,202
"S01009656",728,494,234
"S01009657",763,630,133
"S01009658",738,567,171
"S01009659",480,367,113
"S01009660",912,711,201
"S01009661",1089,918,171
"S01009662",868,744,124
"S01009663",481,404,77
"S01009664",895,796,99
"S01009665",662,561,101
"S01009666",758,624,134
"S01009667",523,454,69
"S01009668",589,528,61
"S01009669",590,478,112
"S01009670",892,758,134
"S01009671",511,447,64
"S01009672",725,574,151
"S01009673",611,523,88
"S01009674",1066,900,166
"S01009675",972,821,151
"S01009676",833,712,121
"S01009677",592,505,87
"S01009678",591,486,105
"S01009679",1031,829,202
"S01009680",685,593,92
"S01009681",681,492,189
"S01009682",624,548,76
"S01009683",797,647,150
"S01009684",1153,1049,104
"S01009685",644,531,113
"S01009686",1123,912,211
"S01009687",723,624,99
"S01009688",904,725,179
"S01009689",605,494,111
"S01009690",708,605,103
"S01009691",685,590,95
"S01009692",1062,862,200
"S01009693",438,375,63
"S01009694",1122,912,210
"S01009695",623,543,80
"S01009696",953,822,131
"S01009697",702,599,103
"S01009698",572,497,75
"S01009699",425,352,73
"S01009700",649,529,120
"S01009701",398,307,91
"S01009702",631,534,97
"S01009703",454,346,108
"S01009704",917,779,138
"S01009705",732,566,166
"S01009706",625,520,105
"S01009707",477,405,72
"S01009708",609,474,135
"S01009709",911,731,180
"S01009710",567,498,69
"S01009711",789,606,183
"S01009712",593,464,129
"S01009713",890,720,170
"S01009714",922,771,151
"S01009715",741,614,127
"S01009716",726,623,103
"S01009717",906,797,109
"S01009718",731,607,124
"S01009719",745,592,153
"S01009720",694,535,159
"S01009721",580,552,28
"S01009722",1134,1049,85
"S01009723",772,705,67
"S01009724",980,821,159
"S01009725",783,723,60
"S01009726",1042,984,58
"S01009727",1247,1091,156
"S01009728",624,549,75
"S01009729",706,613,93
"S01009730",294,257,37
"S01009731",499,432,67
"S01009732",640,567,73
"S01009733",387,323,64
"S01009734",1510,1376,134
"S01009735",869,758,111
"S01009736",2672,2504,168
"S01009737",569,486,83
"S01009738",330,283,47
"S01009739",764,712,52
"S01009740",541,439,102
"S01009741",1159,1098,61
"S01009742",570,509,61
"S01009743",1007,894,113
"S01009744",698,598,100
"S01009745",1168,1023,145
"S01009746",739,642,97
"S01009747",656,532,124
"S01009748",628,516,112
"S01009749",954,813,141
"S01009750",679,551,128
"S01009751",823,675,148
"S01009752",350,306,44
"S01009753",715,577,138
"S01009754",852,704,148
"S01009755",673,583,90
"S01009756",740,661,79
"S01009757",561,509,52
"S01009758",598,469,129
"S01009759",934,742,192
"S01009760",893,667,226
"S01009761",910,757,153
"S01009762",926,702,224
"S01009763",432,393,39
"S01009764",674,536,138
"S01009765",1019,798,221
"S01009766",403,354,49
"S01009767",2089,1780,309
"S01009768",310,214,96
"S01009769",1247,1036,211
"S01009770",711,603,108
"S01009771",888,770,118
"S01009772",635,556,79
"S01009775",802,531,271
"S01009776",614,431,183
"S01009777",482,352,130
"S01009778",822,494,328
"S01009779",581,434,147
"S01009780",399,301,98
"S01009781",548,378,170
"S01009782",605,492,113
"S01009783",901,712,189
"S01009784",756,524,232
"S01009785",801,563,238
"S01009786",963,710,253
"S01009787",867,574,293
"S01009788",833,568,265
"S01009789",896,646,250
"S01009790",629,461,168
"S01009791",664,485,179
"S01009792",334,292,42
"S01009793",2352,1973,379
"S01009794",483,443,40
"S01009795",875,807,68
"S01009796",436,331,105
"S01009797",776,663,113
"S01009798",722,668,54
"S01009799",843,603,240
"S01009800",1107,863,244
"S01009801",1005,757,248
"S01009802",1022,840,182
"S01009803",532,392,140
"S01009805",1231,932,299
"S01009806",1023,730,293
"S01009807",1102,860,242
"S01009808",918,735,183
"S01009809",591,461,130
"S01009810",855,619,236
"S01009811",1063,720,343
"S01009812",744,544,200
"S01009813",769,563,206
"S01009814",840,668,172
"S01009815",710,577,133
"S01009816",705,588,117
"S01009817",690,512,178
"S01009818",926,755,171
"S01009819",664,495,169
"S01009820",958,749,209
"S01009821",662,557,105
"S01009822",479,393,86
"S01009823",620,433,187
"S01009824",1001,792,209
"S01009825",1006,748,258
"S01009826",582,433,149
"S01009827",854,632,222
"S01009828",767,464,303
"S01009829",1029,812,217
"S01009830",770,614,156
"S01009831",717,611,106
"S01009832",1003,799,204
"S01009833",335,280,55
"S01009834",841,665,176
"S01009835",526,375,151
"S01009836",961,711,250
"S01009837",689,448,241
"S01009838",757,554,203
"S01009839",974,748,226
"S01009840",965,642,323
"S01009841",814,577,237
"S01009842",671,524,147
"S01009843",640,441,199
"S01009844",573,398,175
"S01009845",671,515,156
"S01009846",862,641,221
"S01009847",668,528,140
"S01009848",866,591,275
"S01009849",734,477,257
"S01009850",784,544,240
"S01009851",919,625,294
"S01009852",427,311,116
"S01009853",876,655,221
"S01009854",790,605,185
"S01009855",572,455,117
"S01009856",635,463,172
"S01009857",966,738,228
"S01009858",746,555,191
"S01009859",1038,705,333
"S01009860",920,597,323
"S01009861",1103,797,306
"S01009862",1459,1063,396
"S01009863",796,604,192
"S01009864",594,471,123
"S01009865",449,348,101
"S01009866",882,682,200
"S01009867",785,606,179
"S01009868",711,569,142
"S01009869",530,473,57
"S01009870",484,409,75
"S01009871",932,670,262
"S01009872",724,602,122
"S01009873",913,692,221
"S01009874",1048,828,220
"S01009875",608,524,84
"S01009876",781,581,200
"S01009877",896,742,154
"S01009878",705,586,119
"S01009879",910,807,103
"S01009880",797,670,127
"S01009881",868,723,145
"S01009882",848,746,102
"S01009883",824,690,134
"S01009884",815,699,116
"S01009885",899,736,163
"S01009886",813,676,137
"S01009887",976,798,178
"S01009888",719,578,141
"S01009889",814,650,164
"S01009890",553,394,159
"S01009891",734,554,180
"S01009892",796,547,249
"S01009893",837,692,145
"S01009894",700,486,214
"S01009895",847,573,274
"S01009896",968,677,291
"S01009897",940,709,231
"S01009898",626,445,181
"S01009899",776,632,144
"S01009900",829,752,77
"S01009901",864,760,104
"S01009902",914,631,283
"S01009903",823,711,112
"S01009904",784,645,139
"S01009905",585,508,77
"S01009906",667,569,98
"S01009907",779,592,187
"S01009908",1027,916,111
"S01009909",899,767,132
"S01009910",696,612,84
"S01009911",1014,825,189
"S01009912",962,788,174
"S01009913",719,620,99
"S01009914",984,884,100
"S01009915",861,741,120
"S01009916",985,824,161
"S01009917",709,616,93
"S01009918",709,601,108
"S01009919",1099,908,191
"S01009920",831,726,105
"S01009921",627,550,77
"S01009922",1016,904,112
"S01009923",855,699,156
"S01009924",957,798,159
"S01009925",658,586,72
"S01009926",773,659,114
"S01009927",400,310,90
"S01009928",967,832,135
"S01009929",499,429,70
"S01009930",850,743,107
"S01009931",751,672,79
"S01009932",619,534,85
"S01009933",768,555,213
"S01009934",896,761,135
"S01009935",544,290,254
"S01009936",641,462,179
"S01009937",531,374,157
"S01009938",938,606,332
"S01009939",901,622,279
"S01009940",735,481,254
"S01009941",1033,906,127
"S01009942",1022,727,295
"S01009943",835,541,294
"S01009944",799,610,189
"S01009945",963,705,258
"S01009946",815,627,188
"S01009947",567,439,128
"S01009948",680,473,207
"S01009949",990,807,183
"S01009950",891,815,76
"S01009951",605,562,43
"S01009952",733,630,103
"S01009953",1021,880,141
"S01009954",636,563,73
"S01009955",1010,815,195
"S01009956",750,594,156
"S01009957",760,694,66
"S01009958",915,809,106
"S01009959",771,677,94
"S01009960",902,764,138
"S01009961",560,441,119
"S01009962",991,814,177
"S01009963",932,807,125
"S01009964",795,694,101
"S01009965",718,598,120
"S01009966",776,651,125
"S01009967",801,699,102
"S01009968",608,499,109
"S01009969",857,743,114
"S01009970",946,661,285
"S01009971",1093,778,315
"S01009972",966,738,228
"S01009973",725,596,129
"S01009974",615,421,194
"S01009975",800,491,309
"S01009976",490,341,149
"S01009977",926,505,421
"S01009978",1019,749,270
"S01009979",584,340,244
"S01009980",645,424,221
"S01009981",694,485,209
"S01009982",1030,807,223
"S01009983",579,442,137
"S01009984",756,608,148
"S01009985",615,480,135
"S01009986",552,352,200
"S01009987",762,502,260
"S01009988",497,316,181
"S01009989",808,631,177
"S01009990",673,573,100
"S01009991",800,693,107
"S01009992",695,455,240
"S01009993",826,713,113
"S01009994",725,615,110
"S01009995",653,558,95
"S01009996",744,598,146
"S01009997",575,497,78
"S01009998",702,587,115
"S01009999",854,719,135
"S01010000",616,523,93
"S01010001",677,563,114
"S01010002",779,652,127
"S01010003",712,617,95
"S01010004",730,624,106
"S01010005",748,593,155
"S01010006",874,690,184
"S01010007",959,818,141
"S01010008",618,521,97
"S01010009",556,448,108
"S01010010",975,838,137
"S01010011",730,506,224
"S01010012",843,716,127
"S01010013",858,725,133
"S01010014",926,754,172
"S01010015",815,720,95
"S01010016",724,523,201
"S01010017",748,540,208
"S01010018",945,643,302
"S01010019",725,477,248
"S01010020",742,537,205
"S01010021",806,571,235
"S01010022",1040,719,321
"S01010023",623,363,260
"S01010024",591,430,161
"S01010025",548,359,189
"S01010026",1019,757,262
"S01010027",829,681,148
"S01010028",639,413,226
"S01010029",601,377,224
"S01010030",890,746,144
"S01010031",897,817,80
"S01010032",1353,1222,131
"S01010033",923,717,206
"S01010034",999,679,320
"S01010035",687,479,208
"S01010036",142,132,10
"S01010037",714,408,306
"S01010038",847,578,269
"S01010039",1179,1068,111
"S01010040",907,704,203
"S01010041",650,514,136
"S01010042",1000,865,135
"S01010043",652,495,157
"S01010044",1255,862,393
"S01010045",550,352,198
"S01010046",747,481,266
"S01010047",828,503,325
"S01010048",954,605,349
"S01010049",910,612,298
"S01010050",776,492,284
"S01010051",703,409,294
"S01010052",762,528,234
"S01010053",859,634,225
"S01010054",573,392,181
"S01010055",1126,727,399
"S01010056",674,506,168
"S01010057",184,125,59
"S01010058",691,530,161
"S01010059",619,484,135
"S01010060",908,638,270
"S01010061",510,422,88
"S01010062",750,516,234
"S01010063",1132,791,341
"S01010064",552,403,149
"S01010065",839,533,306
"S01010066",753,503,250
"S01010067",608,432,176
"S01010068",731,541,190
"S01010069",749,612,137
"S01010070",665,566,99
"S01010071",922,675,247
"S01010072",796,576,220
"S01010073",780,574,206
"S01010074",777,593,184
"S01010075",624,378,246
"S01010076",686,506,180
"S01010077",498,323,175
"S01010078",509,411,98
"S01010079",923,754,169
"S01010080",651,537,114
"S01010081",701,571,130
"S01010082",860,729,131
"S01010083",804,557,247
"S01010084",790,528,262
"S01010085",632,519,113
"S01010086",915,612,303
"S01010087",701,559,142
"S01010088",1734,1591,143
"S01010089",683,468,215
"S01010090",1087,895,192
"S01010091",467,382,85
"S01010092",983,636,347
"S01010093",869,700,169
"S01010094",687,553,134
"S01010095",696,586,110
"S01010096",752,637,115
"S01010097",735,595,140
"S01010098",727,605,122
"S01010099",699,575,124
"S01010100",886,681,205
"S01010101",744,576,168
"S01010102",939,844,95
"S01010103",974,881,93
"S01010104",367,332,35
"S01010105",611,403,208
"S01010106",442,294,148
"S01010107",714,508,206
"S01010108",645,442,203
"S01010109",1894,1681,213
"S01010110",894,552,342
"S01010111",811,543,268
"S01010112",1028,748,280
"S01010113",551,404,147
"S01010114",777,512,265
"S01010115",575,495,80
"S01010116",445,382,63
"S01010117",465,332,133
"S01010118",678,474,204
"S01010119",543,429,114
"S01010120",1045,752,293
"S01010121",585,409,176
"S01010122",464,272,192
"S01010123",733,559,174
"S01010124",541,441,100
"S01010125",474,362,112
"S01010126",730,554,176
"S01010127",694,448,246
"S01010128",492,353,139
"S01010129",719,518,201
"S01010130",611,422,189
"S01010131",974,751,223
"S01010132",1077,673,404
"S01010133",713,423,290
"S01010134",995,659,336
"S01010135",768,492,276
"S01010136",809,585,224
"S01010137",967,619,348
"S01010138",941,519,422
"S01010139",1024,681,343
"S01010140",753,634,119
"S01010141",807,515,292
"S01010142",572,427,145
"S01010143",739,452,287
"S01010144",643,485,158
"S01010145",778,585,193
"S01010146",765,568,197
"S01010147",953,658,295
"S01010148",784,569,215
"S01010149",599,432,167
"S01010150",504,315,189
"S01010151",625,354,271
"S01010152",851,619,232
"S01010153",941,605,336
"S01010154",788,476,312
"S01010155",839,523,316
"S01010156",458,281,177
"S01010157",569,349,220
"S01010158",913,584,329
"S01010159",735,463,272
"S01010160",605,453,152
"S01010161",636,505,131
"S01010162",670,448,222
"S01010163",704,479,225
"S01010164",799,528,271
"S01010165",803,561,242
"S01010166",714,482,232
"S01010167",792,469,323
"S01010168",252,193,59
"S01010169",890,672,218
"S01010170",533,376,157
"S01010171",1613,1231,382
"S01010172",696,423,273
"S01010173",764,554,210
"S01010174",1407,995,412
"S01010175",480,343,137
"S01010176",705,480,225
"S01010177",776,587,189
"S01010178",1033,749,284
"S01010179",610,413,197
"S01010180",787,625,162
"S01010181",631,419,212
"S01010182",667,538,129
"S01010183",463,294,169
"S01010184",630,445,185
"S01010185",530,352,178
"S01010186",647,538,109
"S01010187",635,527,108
"S01010188",1458,1272,186
"S01010189",976,890,86
"S01010191",736,672,64
"S01010192",869,781,88
"S01010193",907,727,180
"S01010194",628,447,181
"S01010195",531,406,125
"S01010196",739,493,246
"S01010197",660,456,204
"S01010198",1027,689,338
"S01010199",521,372,149
"S01010200",690,475,215
"S01010201",643,492,151
"S01010202",783,590,193
"S01010203",547,473,74
"S01010204",800,532,268
"S01010205",658,475,183
"S01010206",497,395,102
"S01010207",778,599,179
"S01010208",903,674,229
"S01010209",966,655,311
"S01010210",885,631,254
"S01010211",790,531,259
"S01010212",1151,743,408
"S01010213",924,611,313
"S01010214",967,745,222
"S01010215",850,545,305
"S01010216",621,411,210
"S01010217",817,630,187
"S01010218",1018,767,251
"S01010219",503,399,104
"S01010220",574,497,77
"S01010221",448,290,158
"S01010222",492,373,119
"S01010223",556,379,177
"S01010224",1168,823,345
"S01010225",936,707,229
"S01010226",816,645,171
"S01010227",692,549,143
"S01010228",695,393,302
"S01010229",1016,733,283
"S01010230",1005,710,295
"S01010231",1013,741,272
"S01010232",1016,794,222
"S01010233",970,730,240
"S01010234",1181,955,226
"S01010235",884,772,112
"S01010236",549,459,90
"S01010237",514,437,77
"S01010238",773,646,127
"S01010239",790,552,238
"S01010240",691,545,146
"S01010241",1019,753,266
"S01010242",793,591,202
"S01010243",1019,785,234
"S01010244",787,528,259
"S01010245",900,565,335
"S01010246",841,620,221
"S01010247",728,536,192
"S01010248",834,714,120
"S01010249",668,561,107
"S01010250",771,676,95
"S01010251",639,593,46
"S01010252",754,665,89
"S01010253",631,437,194
"S01010254",1054,752,302
"S01010255",718,514,204
"S01010256",859,597,262
"S01010257",1567,1408,159
"S01010258",513,489,24
"S01010259",1269,1015,254
"S01010260",1873,1671,202
"S01010261",2551,2247,304
"S01010262",930,576,354
"S01010263",740,682,58
"S01010264",853,693,160
"S01010265",1008,965,43
"S01010266",555,502,53
"S01010267",610,571,39
"S01010268",752,646,106
"S01010269",452,386,66
"S01010270",1153,707,446
"S01010271",931,813,118
"S01010272",1283,972,311
"S01010273",389,365,24
"S01010274",560,511,49
"S01010275",600,550,50
"S01010276",993,915,78
"S01010277",610,437,173
"S01010278",650,511,139
"S01010279",519,420,99
"S01010280",869,775,94
"S01010281",779,700,79
"S01010282",1039,815,224
"S01010283",649,568,81
"S01010284",1411,1283,128
"S01010285",728,658,70
"S01010286",1462,1368,94
"S01010287",880,808,72
"S01010288",816,756,60
"S01010289",771,732,39
"S01010290",546,479,67
"S01010291",1075,930,145
"S01010292",890,809,81
"S01010293",839,723,116
"S01010294",690,619,71
"S01010295",974,872,102
"S01010296",664,554,110
"S01010297",1066,744,322
"S01010298",880,648,232
"S01010299",536,358,178
"S01010300",934,720,214
"S01010301",522,470,52
"S01010302",669,428,241
"S01010303",579,434,145
"S01010304",542,390,152
"S01010305",807,584,223
"S01010306",752,659,93
"S01010307",821,745,76
"S01010308",975,888,87
"S01010309",419,241,178
"S01010310",706,527,179
"S01010311",589,356,233
"S01010312",868,572,296
"S01010313",654,430,224
"S01010314",1248,913,335
"S01010315",743,602,141
"S01010316",1787,1582,205
"S01010317",725,635,90
"S01010318",383,306,77
"S01010319",641,529,112
"S01010320",675,522,153
"S01010321",837,565,272
"S01010322",1028,940,88
"S01010323",603,358,245
"S01010324",759,466,293
"S01010325",1077,636,441
"S01010326",987,663,324
"S01010327",1231,906,325
"S01010328",969,684,285
"S01010329",492,317,175
"S01010330",534,395,139
"S01010331",640,398,242
"S01010332",715,496,219
"S01010333",962,688,274
"S01010334",1072,784,288
"S01010335",831,542,289
"S01010336",657,437,220
"S01010337",619,373,246
"S01010338",884,615,269
"S01010339",692,493,199
"S01010340",576,433,143
"S01010341",591,461,130
"S01010342",529,443,86
"S01010343",938,821,117
"S01010344",690,441,249
"S01010345",769,660,109
"S01010346",1043,855,188
"S01010347",1125,902,223
"S01010348",980,708,272
"S01010349",883,632,251
"S01010350",950,684,266
"S01010351",878,700,178
"S01010352",506,343,163
"S01010353",961,625,336
"S01010354",733,512,221
"S01010355",742,527,215
"S01010356",682,577,105
"S01010357",585,401,184
"S01010358",842,548,294
"S01010359",816,557,259
"S01010360",624,447,177
"S01010361",554,381,173
"S01010362",783,506,277
"S01010363",758,645,113
"S01010364",915,793,122
"S01010365",1013,901,112
"S01010366",1025,904,121
"S01010367",1639,1502,137
"S01010368",729,645,84
"S01010369",767,679,88
"S01010370",725,673,52
"S01010371",1013,949,64
"S01010372",529,462,67
"S01010373",761,659,102
"S01010374",1049,951,98
"S01010375",429,402,27
"S01010376",708,646,62
"S01010377",936,853,83
"S01010378",832,774,58
"S01010379",1127,1026,101
"S01010380",856,765,91
"S01010381",605,551,54
"S01010382",850,750,100
"S01010383",764,585,179
"S01010384",933,795,138
"S01010385",844,694,150
"S01010386",787,591,196
"S01010387",1040,875,165
"S01010388",1016,765,251
"S01010389",1777,1672,105
"S01010390",1076,944,132
"S01010391",733,613,120
"S01010393",999,849,150
"S01010394",807,524,283
"S01010395",1006,827,179
"S01010396",1033,847,186
"S01010397",542,479,63
"S01010398",1090,977,113
"S01010399",1036,962,74
"S01010400",1101,995,106
"S01010401",618,563,55
"S01010402",1031,933,98
"S01010403",1036,927,109
"S01010404",786,709,77
"S01010405",789,721,68
"S01010406",830,733,97
"S01010407",897,831,66
"S01010408",547,430,117
"S01010409",706,625,81
"S01010410",595,536,59
"S01010411",1311,1231,80
"S01010412",845,721,124
"S01010413",714,613,101
"S01010414",859,701,158
"S01010415",1019,735,284
"S01010416",772,665,107
"S01010417",580,513,67
"S01010418",1072,979,93
"S01010419",993,890,103
"S01010420",629,550,79
"S01010421",889,796,93
"S01010422",1088,929,159
"S01010423",831,621,210
"S01010424",834,585,249
"S01010425",1032,737,295
"S01010426",708,566,142
"S01010427",1053,780,273
"S01010428",736,624,112
"S01010429",978,855,123
"S01010430",854,635,219
"S01010431",700,620,80
"S01010432",740,565,175
"S01010433",803,661,142
"S01010434",623,478,145
"S01010435",634,456,178
"S01010436",918,691,227
"S01010437",557,405,152
"S01010438",854,691,163
"S01010439",986,826,160
"S01010440",1027,676,351
"S01010441",783,680,103
"S01010442",741,613,128
"S01010443",550,416,134
"S01010444",685,497,188
"S01010445",574,400,174
"S01010446",838,635,203
"S01010447",1028,718,310
"S01010448",865,675,190
"S01010449",779,541,238
"S01010450",783,543,240
"S01010451",1006,703,303
"S01010452",813,566,247
"S01010453",524,388,136
"S01010454",851,569,282
"S01010455",942,594,348
"S01010456",565,396,169
"S01010457",642,464,178
"S01010458",771,559,212
"S01010459",539,383,156
"S01010460",741,637,104
"S01010461",860,596,264
"S01010462",899,693,206
"S01010463",796,620,176
"S01010464",524,395,129
"S01010465",947,817,130
"S01010466",879,781,98
"S01010467",883,690,193
"S01010468",949,835,114
"S01010469",559,422,137
"S01010470",874,614,260
"S01010471",575,435,140
"S01010472",1020,919,101
"S01010473",756,621,135
"S01010474",820,699,121
"S01010475",178,153,25
"S01010476",924,699,225
"S01010477",720,531,189
"S01010478",991,677,314
"S01010479",1022,754,268
"S01010480",623,440,183
"S01010481",667,515,152
"S01010482",794,576,218
"S01010483",1036,734,302
"S01010484",550,414,136
"S01010485",986,779,207
"S01010486",930,806,124
"S01010487",1010,798,212
"S01010488",822,628,194
"S01010489",1052,693,359
"S01010490",749,590,159
"S01010491",906,691,215
"S01010492",575,400,175
"S01010493",516,382,134
"S01010494",628,502,126
"S01010495",944,680,264
"S01010496",1048,740,308
"S01010497",913,706,207
"S01010498",675,476,199
"S01010499",768,484,284
"S01010500",1078,832,246
"S01010501",928,661,267
"S01010502",803,652,151
"S01010503",655,440,215
"S01010504",531,454,77
"S01010505",558,480,78
"S01010506",837,728,109
"S01010507",806,686,120
"S01010508",989,826,163
"S01010509",1395,1193,202
"S01010510",572,473,99
"S01010511",937,754,183
"S01010512",478,374,104
"S01010513",767,675,92
"S01010514",709,593,116
"S01010515",799,658,141
"S01010516",490,407,83
"S01010517",868,751,117
"S01010518",552,473,79
"S01010519",852,725,127
"S01010520",945,795,150
"S01010521",577,507,70
"S01010522",617,483,134
"S01010523",644,537,107
"S01010524",519,445,74
"S01010525",660,567,93
"S01010526",814,638,176
"S01010527",896,682,214
"S01010528",618,523,95
"S01010529",711,609,102
"S01010530",665,589,76
"S01010531",1094,929,165
"S01010532",680,602,78
"S01010533",591,481,110
"S01010534",762,663,99
"S01010535",715,629,86
"S01010536",848,691,157
"S01010537",771,661,110
"S01010538",855,785,70
"S01010539",1108,971,137
"S01010540",628,529,99
"S01010541",840,748,92
"S01010542",905,790,115
"S01010543",723,632,91
"S01010544",761,666,95
"S01010545",738,636,102
"S01010546",812,668,144
"S01010547",757,662,95
"S01010548",721,622,99
"S01010549",1175,1044,131
"S01010550",442,390,52
"S01010551",670,590,80
"S01010552",783,684,99
"S01010553",882,780,102
"S01010554",681,575,106
"S01010555",935,780,155
"S01010556",1032,767,265
"S01010557",488,418,70
"S01010558",573,487,86
"S01010559",791,630,161
"S01010560",663,564,99
"S01010561",554,466,88
"S01010562",901,770,131
"S01010563",519,439,80
"S01010564",500,360,140
"S01010565",516,422,94
"S01010566",1090,962,128
"S01010567",1074,936,138
"S01010568",996,858,138
"S01010569",927,813,114
"S01010570",1089,901,188
"S01010571",776,674,102
"S01010572",887,727,160
"S01010573",534,450,84
"S01010574",609,542,67
"S01010575",686,604,82
"S01010576",822,699,123
"S01010577",901,748,153
"S01010578",576,479,97
"S01010579",736,630,106
"S01010580",513,430,83
"S01010581",400,362,38
"S01010582",942,828,114
"S01010583",986,881,105
"S01010584",1972,1839,133
"S01010586",474,431,43
"S01010587",590,526,64
"S01010588",300,267,33
"S01010589",620,517,103
"S01010591",626,588,38
"S01010592",509,441,68
"S01010593",2428,2256,172
"S01010596",3603,3335,268
"S01010599",477,434,43
"S01010600",591,517,74
"S01010601",708,556,152
"S01010602",652,590,62
"S01010603",809,702,107
"S01010604",591,526,65
"S01010605",891,772,119
"S01010606",816,691,125
"S01010607",846,758,88
"S01010608",673,540,133
"S01010609",570,479,91
"S01010610",593,509,84
"S01010611",925,756,169
"S01010612",781,670,111
"S01010613",698,532,166
"S01010614",542,443,99
"S01010615",824,729,95
"S01010616",856,751,105
"S01010617",904,811,93
"S01010618",756,682,74
"S01010619",689,586,103
"S01010620",744,618,126
"S01010621",1049,927,122
"S01010622",468,373,95
"S01010623",762,707,55
"S01010624",666,548,118
"S01010625",786,664,122
"S01010626",908,742,166
"S01010627",842,715,127
"S01010628",1011,871,140
"S01010629",977,783,194
"S01010630",416,361,55
"S01010631",786,622,164
"S01010632",844,660,184
"S01010633",1035,812,223
"S01010634",665,534,131
"S01010635",803,631,172
"S01010636",658,567,91
"S01010637",537,397,140
"S01010638",995,723,272
"S01010639",1140,885,255
"S01010640",816,709,107
"S01010641",1015,759,256
"S01010642",978,772,206
"S01010643",741,595,146
"S01010644",602,435,167
"S01010645",287,249,38
"S01010646",669,575,94
"S01010647",696,556,140
"S01010648",651,555,96
"S01010649",593,469,124
"S01010650",612,485,127
"S01010651",674,529,145
"S01010652",825,694,131
"S01010653",742,625,117
"S01010654",763,614,149
"S01010655",916,800,116
"S01010656",475,407,68
"S01010657",639,565,74
"S01010658",732,643,89
"S01010659",792,702,90
"S01010660",608,499,109
"S01010661",578,462,116
"S01010662",614,538,76
"S01010663",817,707,110
"S01010664",974,853,121
"S01010665",954,803,151
"S01010666",946,793,153
"S01010667",545,479,66
"S01010668",1105,931,174
"S01010669",608,519,89
"S01010670",692,592,100
"S01010671",629,551,78
"S01010672",649,523,126
"S01010673",669,541,128
"S01010674",957,845,112
"S01010675",628,530,98
"S01010676",913,791,122
"S01010677",337,299,38
"S01010678",893,736,157
"S01010679",482,367,115
"S01010680",633,495,138
"S01010681",936,784,152
"S01010682",967,854,113
"S01010683",975,810,165
"S01010684",771,651,120
"S01010685",609,491,118
"S01010686",569,450,119
"S01010687",838,692,146
"S01010688",712,619,93
"S01010689",757,619,138
"S01010690",681,562,119
"S01010691",637,553,84
"S01010692",749,623,126
"S01010693",474,411,63
"S01010694",577,437,140
"S01010695",665,583,82
"S01010696",1036,894,142
"S01010697",998,870,128
"S01010698",764,628,136
"S01010699",596,518,78
"S01010700",611,526,85
"S01010701",1063,918,145
"S01010702",833,662,171
"S01010703",1641,1389,252
"S01010704",343,268,75
"S01010705",1046,900,146
"S01010706",411,336,75
"S01010707",856,724,132
"S01010708",547,465,82
"S01010709",745,659,86
"S01010710",766,615,151
"S01010711",672,607,65
"S01010712",727,622,105
"S01010713",799,690,109
"S01010714",748,569,179
"S01010715",701,581,120
"S01010716",888,691,197
"S01010717",621,548,73
"S01010718",945,837,108
"S01010719",680,551,129
"S01010720",734,615,119
"S01010721",633,549,84
"S01010722",867,729,138
"S01010723",901,833,68
"S01010724",887,776,111
"S01010725",691,609,82
"S01010726",921,775,146
"S01010727",491,414,77
"S01010728",675,602,73
"S01010729",723,627,96
"S01010730",845,755,90
"S01010731",906,753,153
"S01010732",840,659,181
"S01010733",580,453,127
"S01010734",937,745,192
"S01010735",644,536,108
"S01010736",245,201,44
"S01010737",1038,787,251
"S01010738",548,420,128
"S01010739",870,708,162
"S01010740",507,372,135
"S01010741",540,464,76
"S01010742",731,590,141
"S01010743",1008,807,201
"S01010744",1166,951,215
"S01010745",612,498,114
"S01010746",1103,929,174
"S01010747",827,657,170
"S01010748",631,524,107
"S01010749",614,512,102
"S01010750",626,507,119
"S01010751",658,515,143
"S01010752",814,679,135
"S01010753",1047,876,171
"S01010754",639,473,166
"S01010755",646,506,140
"S01010756",661,581,80
"S01010757",747,609,138
"S01010758",702,551,151
"S01010759",682,559,123
"S01010760",532,415,117
"S01010761",536,457,79
"S01010762",598,477,121
"S01010763",686,569,117
"S01010764",576,478,98
"S01010765",880,706,174
"S01010766",784,624,160
"S01010767",706,568,138
"S01010768",576,437,139
"S01010769",483,412,71
"S01010770",877,722,155
"S01010771",864,663,201
"S01010772",762,551,211
"S01010773",785,626,159
"S01010774",721,553,168
"S01010775",643,551,92
"S01010776",544,439,105
"S01010777",512,379,133
"S01010778",491,378,113
"S01010779",772,633,139
"S01010780",569,457,112
"S01010781",779,684,95
"S01010782",623,503,120
"S01010783",550,440,110
"S01010784",743,601,142
"S01010785",683,594,89
"S01010786",688,585,103
"S01010787",913,768,145
"S01010788",622,530,92
"S01010789",729,620,109
"S01010790",672,536,136
"S01010791",837,691,146
"S01010792",620,527,93
"S01010793",649,556,93
"S01010794",642,546,96
"S01010795",692,589,103
"S01010796",1119,943,176
"S01010797",762,669,93
"S01010798",694,595,99
"S01010799",896,674,222
"S01010800",731,587,144
"S01010801",616,480,136
"S01010802",565,507,58
"S01010803",611,497,114
"S01010804",588,509,79
"S01010805",853,730,123
"S01010806",916,713,203
"S01010807",570,482,88
"S01010808",553,480,73
"S01010809",771,631,140
"S01010810",490,378,112
"S01010811",704,578,126
"S01010812",541,448,93
"S01010813",539,449,90
"S01010814",631,540,91
"S01010815",450,362,88
"S01010816",541,459,82
"S01010817",1018,906,112
"S01010818",1014,870,144
"S01010819",1044,850,194
"S01010820",989,833,156
"S01010821",597,521,76
"S01010822",772,629,143
"S01010823",493,408,85
"S01010824",321,288,33
"S01010825",1009,932,77
"S01010826",656,582,74
"S01010827",598,525,73
"S01010828",1239,1117,122
"S01010829",789,650,139
"S01010830",556,475,81
"S01010831",598,567,31
"S01010832",1402,1231,171
"S01010833",463,414,49
"S01010834",809,706,103
"S01010835",645,554,91
"S01010836",798,680,118
"S01010837",515,400,115
"S01010838",842,721,121
"S01010839",729,611,118
"S01010840",490,376,114
"S01010841",748,640,108
"S01010842",899,617,282
"S01010843",643,478,165
"S01010844",668,581,87
"S01010845",619,516,103
"S01010846",765,642,123
"S01010847",649,584,65
"S01010848",665,541,124
"S01010849",951,723,228
"S01010850",872,596,276
"S01010851",699,564,135
"S01010852",856,678,178
"S01010853",882,685,197
"S01010854",923,734,189
"S01010855",560,449,111
"S01010856",908,645,263
"S01010857",842,734,108
"S01010858",725,552,173
"S01010859",734,542,192
"S01010860",603,472,131
"S01010861",538,382,156
"S01010862",540,400,140
"S01010863",911,740,171
"S01010864",560,502,58
"S01010865",706,610,96
"S01010866",749,549,200
"S01010867",674,527,147
"S01010868",839,641,198
"S01010869",756,683,73
"S01010870",775,634,141
"S01010871",898,737,161
"S01010872",715,550,165
"S01010873",547,330,217
"S01010874",771,680,91
"S01010875",517,452,65
"S01010876",740,571,169
"S01010877",1011,810,201
"S01010878",1274,961,313
"S01010879",852,713,139
"S01010880",549,432,117
"S01010881",536,412,124
"S01010882",557,482,75
"S01010883",871,718,153
"S01010884",723,506,217
"S01010885",791,556,235
"S01010886",448,355,93
"S01010887",601,374,227
"S01010888",988,745,243
"S01010889",471,303,168
"S01010890",769,423,346
"S01010891",425,235,190
"S01010892",834,550,284
"S01010893",520,318,202
"S01010894",688,504,184
"S01010895",411,282,129
"S01010896",775,560,215
"S01010897",613,460,153
"S01010898",596,447,149
"S01010899",479,406,73
"S01010900",688,567,121
"S01010901",465,345,120
"S01010902",957,718,239
"S01010903",793,514,279
"S01010904",538,403,135
"S01010905",638,532,106
"S01010906",966,793,173
"S01010907",606,553,53
"S01010908",530,398,132
"S01010909",536,446,90
"S01010910",500,369,131
"S01010911",541,330,211
"S01010912",674,404,270
"S01010913",642,533,109
"S01010914",811,702,109
"S01010915",585,496,89
"S01010916",576,415,161
"S01010917",712,538,174
"S01010918",737,543,194
"S01010919",789,584,205
"S01010920",445,320,125
"S01010921",630,469,161
"S01010922",865,620,245
"S01010923",879,649,230
"S01010924",607,447,160
"S01010925",858,670,188
"S01010926",785,596,189
"S01010927",577,425,152
"S01010928",739,562,177
"S01010929",660,491,169
"S01010930",1576,1377,199
"S01010931",517,419,98
"S01010932",455,340,115
"S01010933",864,760,104
"S01010934",1039,919,120
"S01010935",544,444,100
"S01010936",446,369,77
"S01010937",728,604,124
"S01010938",809,638,171
"S01010939",514,451,63
"S01010940",588,521,67
"S01010941",727,651,76
"S01010942",646,569,77
"S01010943",623,529,94
"S01010944",633,477,156
"S01010945",540,460,80
"S01010946",820,676,144
"S01010947",536,439,97
"S01010948",573,466,107
"S01010949",995,861,134
"S01010950",846,691,155
"S01010951",626,538,88
"S01010952",540,484,56
"S01010953",561,466,95
"S01010954",609,547,62
"S01010955",1023,958,65
"S01010956",765,668,97
"S01010957",581,504,77
"S01010958",482,394,88
"S01010959",579,487,92
"S01010960",1508,1250,258
"S01010961",602,495,107
"S01010962",649,467,182
"S01010963",830,739,91
"S01010964",523,427,96
"S01010965",517,394,123
"S01010966",507,401,106
"S01010967",697,541,156
"S01010968",715,593,122
"S01010969",533,414,119
"S01010970",955,771,184
"S01010971",919,815,104
"S01010972",606,480,126
"S01010973",490,408,82
"S01010974",696,521,175
"S01010975",490,381,109
"S01010976",463,368,95
"S01010977",728,605,123
"S01010978",739,579,160
"S01010979",825,699,126
"S01010980",727,593,134
"S01010981",739,565,174
"S01010982",911,773,138
"S01010983",848,685,163
"S01010984",600,489,111
"S01010985",638,536,102
"S01010986",448,423,25
"S01010987",747,699,48
"S01010988",627,590,37
"S01010990",798,655,143
"S01010991",2023,1882,141
"S01010992",181,134,47
"S01010993",754,622,132
"S01010994",1689,1461,228
"S01010995",719,642,77
"S01010996",605,491,114
"S01010997",637,558,79
"S01010998",615,548,67
"S01010999",903,754,149
"S01011000",1331,1070,261
"S01011001",546,448,98
"S01011002",707,543,164
"S01011003",688,546,142
"S01011004",624,530,94
"S01011005",660,494,166
"S01011006",1137,973,164
"S01011007",684,531,153
"S01011008",783,628,155
"S01011009",508,419,89
"S01011010",569,433,136
"S01011011",768,534,234
"S01011012",722,555,167
"S01011013",802,633,169
"S01011014",643,545,98
"S01011015",443,347,96
"S01011017",2297,2017,280
"S01011018",860,714,146
"S01011019",1144,985,159
"S01011020",472,408,64
"S01011021",758,584,174
"S01011022",258,207,51
"S01011023",558,426,132
"S01011024",602,493,109
"S01011025",680,557,123
"S01011026",540,430,110
"S01011027",994,747,247
"S01011028",756,597,159
"S01011029",621,508,113
"S01011030",969,827,142
"S01011031",734,559,175
"S01011032",660,521,139
"S01011033",633,514,119
"S01011034",669,503,166
"S01011035",662,521,141
"S01011036",465,384,81
"S01011037",963,782,181
"S01011038",772,628,144
"S01011039",695,566,129
"S01011040",752,617,135
"S01011041",851,640,211
"S01011042",818,705,113
"S01011043",709,582,127
"S01011044",694,559,135
"S01011045",819,719,100
"S01011046",854,718,136
"S01011047",902,793,109
"S01011048",896,745,151
"S01011049",682,577,105
"S01011050",802,702,100
"S01011051",1268,1053,215
"S01011052",856,695,161
"S01011053",505,439,66
"S01011054",536,457,79
"S01011055",568,482,86
"S01011056",820,710,110
"S01011057",579,491,88
"S01011058",638,557,81
"S01011059",635,548,87
"S01011060",907,697,210
"S01011061",845,697,148
"S01011062",917,793,124
"S01011063",1036,839,197
"S01011064",908,773,135
"S01011065",729,614,115
"S01011066",509,437,72
"S01011067",579,471,108
"S01011068",537,470,67
"S01011069",578,470,108
"S01011070",488,427,61
"S01011071",843,712,131
"S01011072",1000,878,122
"S01011073",784,650,134
"S01011074",607,531,76
"S01011075",718,586,132
"S01011076",657,533,124
"S01011077",777,659,118
"S01011078",1011,847,164
"S01011079",1192,1021,171
"S01011080",980,809,171
"S01011081",824,695,129
"S01011082",527,381,146
"S01011083",645,526,119
"S01011084",774,674,100
"S01011085",808,692,116
"S01011086",641,517,124
"S01011087",584,468,116
"S01011088",983,840,143
"S01011089",655,525,130
"S01011090",717,616,101
"S01011091",621,545,76
"S01011093",2807,2563,244
"S01011094",641,534,107
"S01011095",691,594,97
"S01011096",430,368,62
"S01011097",868,776,92
"S01011098",829,698,131
"S01011099",819,690,129
"S01011100",378,305,73
"S01011101",626,511,115
"S01011102",803,649,154
"S01011103",413,337,76
"S01011104",704,492,212
"S01011105",799,658,141
"S01011106",988,918,70
"S01011108",547,464,83
"S01011109",807,684,123
"S01011110",702,595,107
"S01011111",880,700,180
"S01011113",1152,931,221
"S01011114",713,627,86
"S01011115",902,709,193
"S01011116",517,450,67
"S01011117",744,646,98
"S01011118",886,767,119
"S01011119",931,795,136
"S01011120",674,578,96
"S01011121",520,411,109
"S01011122",647,554,93
"S01011123",1018,844,174
"S01011124",661,567,94
"S01011125",492,414,78
"S01011126",605,513,92
"S01011127",536,510,26
"S01011128",718,606,112
"S01011129",848,757,91
"S01011130",686,540,146
"S01011131",637,543,94
"S01011132",898,781,117
"S01011133",445,364,81
"S01011134",746,607,139
"S01011135",674,578,96
"S01011136",658,534,124
"S01011137",502,456,46
"S01011138",641,551,90
"S01011139",663,603,60
"S01011140",537,435,102
"S01011141",558,458,100
"S01011142",1993,1875,118
"S01011143",955,823,132
"S01011144",769,657,112
"S01011145",960,823,137
"S01011146",568,458,110
"S01011147",1005,832,173
"S01011148",869,767,102
"S01011149",750,697,53
"S01011150",392,368,24
"S01011151",578,530,48
"S01011152",620,539,81
"S01011153",1069,869,200
"S01011154",474,350,124
"S01011155",730,565,165
"S01011156",565,516,49
"S01011157",576,507,69
"S01011158",508,431,77
"S01011159",545,410,135
"S01011160",909,786,123
"S01011161",637,558,79
"S01011162",497,446,51
"S01011163",625,530,95
"S01011164",932,815,117
"S01011165",764,610,154
"S01011166",513,440,73
"S01011167",725,633,92
"S01011168",845,745,100
"S01011169",963,889,74
"S01011170",911,775,136
"S01011171",905,778,127
"S01011172",752,630,122
"S01011173",601,478,123
"S01011174",523,414,109
"S01011175",532,403,129
"S01011176",475,385,90
"S01011177",872,729,143
"S01011178",514,430,84
"S01011179",399,300,99
"S01011180",670,504,166
"S01011181",1511,1347,164
"S01011182",511,416,95
"S01011183",571,476,95
"S01011184",1035,923,112
"S01011185",680,561,119
"S01011186",848,642,206
"S01011187",665,568,97
"S01011188",951,768,183
"S01011189",820,641,179
"S01011190",475,355,120
"S01011191",708,574,134
"S01011192",778,669,109
"S01011193",703,562,141
"S01011194",727,577,150
"S01011195",631,526,105
"S01011196",903,697,206
"S01011197",871,659,212
"S01011198",624,500,124
"S01011199",781,617,164
"S01011200",740,579,161
"S01011201",586,469,117
"S01011202",844,643,201
"S01011203",806,655,151
"S01011204",555,497,58
"S01011206",734,654,80
"S01011207",757,586,171
"S01011208",907,809,98
"S01011209",633,500,133
"S01011210",502,426,76
"S01011211",702,613,89
"S01011212",548,442,106
"S01011213",989,786,203
"S01011214",1144,841,303
"S01011215",485,334,151
"S01011216",482,376,106
"S01011217",799,620,179
"S01011218",639,495,144
"S01011219",682,505,177
"S01011220",889,660,229
"S01011221",947,753,194
"S01011222",662,505,157
"S01011223",796,635,161
"S01011224",681,453,228
"S01011225",758,571,187
"S01011226",1003,790,213
"S01011227",709,556,153
"S01011228",768,582,186
"S01011229",535,374,161
"S01011230",980,618,362
"S01011231",604,401,203
"S01011232",915,689,226
"S01011233",348,258,90
"S01011234",1031,789,242
"S01011235",525,393,132
"S01011236",416,297,119
"S01011237",839,645,194
"S01011238",644,462,182
"S01011239",717,483,234
"S01011240",690,464,226
"S01011241",974,702,272
"S01011242",775,589,186
"S01011243",881,592,289
"S01011244",666,472,194
"S01011245",848,600,248
"S01011246",842,659,183
"S01011247",826,625,201
"S01011248",739,597,142
"S01011249",723,618,105
"S01011250",916,735,181
"S01011251",871,687,184
"S01011252",825,648,177
"S01011253",855,650,205
"S01011254",955,840,115
"S01011255",428,391,37
"S01011256",497,467,30
"S01011257",408,320,88
"S01011258",576,465,111
"S01011259",763,574,189
"S01011260",718,587,131
"S01011261",809,629,180
"S01011262",495,389,106
"S01011263",898,699,199
"S01011264",688,565,123
"S01011265",900,700,200
"S01011266",908,686,222
"S01011267",485,390,95
"S01011268",226,190,36
"S01011269",594,433,161
"S01011270",680,510,170
"S01011271",821,570,251
"S01011272",728,550,178
"S01011273",901,725,176
"S01011274",888,708,180
"S01011275",711,573,138
"S01011276",978,765,213
"S01011277",546,468,78
"S01011278",494,424,70
"S01011279",651,527,124
"S01011280",590,497,93
"S01011281",645,582,63
"S01011282",918,797,121
"S01011283",737,686,51
"S01011285",729,582,147
"S01011286",637,492,145
"S01011287",807,636,171
"S01011288",757,616,141
"S01011289",821,636,185
"S01011290",1166,808,358
"S01011291",768,546,222
"S01011292",827,613,214
"S01011293",736,548,188
"S01011294",780,491,289
"S01011295",946,785,161
"S01011296",556,405,151
"S01011297",839,659,180
"S01011298",642,531,111
"S01011299",494,424,70
"S01011300",944,716,228
"S01011301",641,559,82
"S01011302",856,559,297
"S01011303",877,752,125
"S01011304",708,554,154
"S01011305",829,683,146
"S01011306",590,469,121
"S01011307",2339,2095,244
"S01011308",542,464,78
"S01011309",718,624,94
"S01011310",706,581,125
"S01011311",690,585,105
"S01011312",1103,947,156
"S01011313",735,589,146
"S01011314",1097,940,157
"S01011315",300,233,67
"S01011316",748,595,153
"S01011317",827,616,211
"S01011318",964,772,192
"S01011319",867,707,160
"S01011320",522,390,132
"S01011321",596,512,84
"S01011322",634,550,84
"S01011323",951,784,167
"S01011324",449,365,84
"S01011325",737,519,218
"S01011326",747,529,218
"S01011327",678,453,225
"S01011328",698,543,155
"S01011329",914,700,214
"S01011330",754,651,103
"S01011331",561,454,107
"S01011332",900,747,153
"S01011333",733,596,137
"S01011334",1237,1100,137
"S01011335",935,769,166
"S01011336",617,505,112
"S01011337",682,592,90
"S01011338",522,427,95
"S01011339",449,365,84
"S01011340",694,535,159
"S01011341",721,574,147
"S01011342",702,589,113
"S01011343",965,718,247
"S01011344",744,555,189
"S01011345",794,641,153
"S01011346",678,501,177
"S01011347",1117,846,271
"S01011348",921,715,206
"S01011349",923,826,97
"S01011350",669,555,114
"S01011351",696,508,188
"S01011352",651,510,141
"S01011353",650,481,169
"S01011354",730,595,135
"S01011355",964,775,189
"S01011356",962,828,134
"S01011357",852,647,205
"S01011358",547,484,63
"S01011359",737,511,226
"S01011360",756,612,144
"S01011361",398,296,102
"S01011362",1303,1032,271
"S01011363",786,577,209
"S01011364",659,548,111
"S01011365",648,587,61
"S01011366",498,309,189
"S01011367",840,639,201
"S01011368",1429,1338,91
"S01011369",811,621,190
"S01011370",225,174,51
"S01011371",844,644,200
"S01011372",667,494,173
"S01011373",674,523,151
"S01011374",694,620,74
"S01011375",726,604,122
"S01011376",475,321,154
"S01011377",594,518,76
"S01011378",793,610,183
"S01011379",902,811,91
"S01011380",670,533,137
"S01011381",617,497,120
"S01011382",396,300,96
"S01011383",686,433,253
"S01011384",734,547,187
"S01011385",957,689,268
"S01011386",648,481,167
"S01011387",834,623,211
"S01011388",332,262,70
"S01011389",1512,1232,280
"S01011390",604,454,150
"S01011391",450,348,102
"S01011392",680,538,142
"S01011393",612,464,148
"S01011394",613,556,57
"S01011395",737,519,218
"S01011396",779,544,235
"S01011397",823,566,257
"S01011398",779,586,193
"S01011399",508,375,133
"S01011400",396,292,104
"S01011401",647,489,158
"S01011402",954,699,255
"S01011403",534,426,108
"S01011404",924,666,258
"S01011405",635,505,130
"S01011406",537,415,122
"S01011407",1105,874,231
"S01011408",827,633,194
"S01011409",839,645,194
"S01011410",628,488,140
"S01011411",488,391,97
"S01011412",777,635,142
"S01011413",443,395,48
"S01011414",827,655,172
"S01011415",872,695,177
"S01011416",626,542,84
"S01011417",712,518,194
"S01011418",552,388,164
"S01011419",558,395,163
"S01011420",491,371,120
"S01011421",506,442,64
"S01011422",467,337,130
"S01011423",570,426,144
"S01011424",560,425,135
"S01011425",779,607,172
"S01011426",1852,1603,249
"S01011427",471,330,141
"S01011428",275,209,66
"S01011429",1835,1451,384
"S01011430",859,710,149
"S01011431",1033,715,318
"S01011432",960,750,210
"S01011433",909,753,156
"S01011434",503,376,127
"S01011435",1015,843,172
"S01011436",630,457,173
"S01011437",731,527,204
"S01011438",544,413,131
"S01011439",1262,937,325
"S01011440",503,372,131
"S01011441",841,617,224
"S01011442",605,412,193
"S01011443",456,315,141
"S01011444",624,453,171
"S01011445",379,274,105
"S01011446",3508,3051,457
"S01011447",821,636,185
"S01011448",732,591,141
"S01011449",336,226,110
"S01011450",652,545,107
"S01011451",2446,2129,317
"S01011452",947,767,180
"S01011453",728,577,151
"S01011454",802,619,183
"S01011455",746,538,208
"S01011456",814,606,208
"S01011457",917,715,202
"S01011458",1114,992,122
"S01011459",390,298,92
"S01011460",847,676,171
"S01011461",578,456,122
"S01011462",806,636,170
"S01011463",670,527,143
"S01011464",1486,1382,104
"S01011465",547,421,126
"S01011466",592,434,158
"S01011467",539,449,90
"S01011468",141,133,8
"S01011469",859,710,149
"S01011470",958,679,279
"S01011471",953,720,233
"S01011472",796,554,242
"S01011473",787,486,301
"S01011474",694,447,247
"S01011475",605,369,236
"S01011476",487,427,60
"S01011477",851,757,94
"S01011478",1060,925,135
"S01011479",733,620,113
"S01011480",1030,899,131
"S01011481",812,684,128
"S01011482",895,660,235
"S01011483",531,460,71
"S01011484",865,627,238
"S01011485",965,704,261
"S01011486",569,422,147
"S01011487",873,710,163
"S01011488",697,522,175
"S01011489",750,683,67
"S01011490",1448,1132,316
"S01011491",514,385,129
"S01011492",760,591,169
"S01011493",545,518,27
"S01011494",633,481,152
"S01011495",713,538,175
"S01011496",642,489,153
"S01011497",617,549,68
"S01011498",672,619,53
"S01011499",610,505,105
"S01011500",512,400,112
"S01011501",673,502,171
"S01011502",573,441,132
"S01011503",823,644,179
"S01011504",898,695,203
"S01011505",633,491,142
"S01011506",738,574,164
"S01011507",612,461,151
"S01011508",962,792,170
"S01011509",610,484,126
"S01011510",887,717,170
"S01011511",524,387,137
"S01011512",1160,889,271
"S01011513",774,566,208
"S01011514",1085,837,248
"S01011515",522,418,104
"S01011516",887,778,109
"S01011517",565,405,160
"S01011518",530,348,182
"S01011519",781,606,175
"S01011520",596,423,173
"S01011521",758,569,189
"S01011522",956,684,272
"S01011523",815,623,192
"S01011524",890,727,163
"S01011525",975,738,237
"S01011526",1121,884,237
"S01011527",602,500,102
"S01011528",974,696,278
"S01011529",443,326,117
"S01011530",856,604,252
"S01011531",707,512,195
"S01011532",1147,1021,126
"S01011533",753,479,274
"S01011534",696,553,143
"S01011535",1089,782,307
"S01011536",674,587,87
"S01011537",530,473,57
"S01011538",506,439,67
"S01011539",738,541,197
"S01011540",1052,811,241
"S01011541",937,740,197
"S01011542",1626,1323,303
"S01011543",810,644,166
"S01011544",673,481,192
"S01011545",572,424,148
"S01011546",747,688,59
"S01011547",609,559,50
"S01011548",746,561,185
"S01011549",801,655,146
"S01011550",714,627,87
"S01011551",548,424,124
"S01011552",1217,978,239
"S01011554",872,654,218
"S01011555",291,228,63
"S01011556",397,297,100
"S01011557",561,431,130
"S01011558",436,345,91
"S01011559",620,440,180
"S01011560",757,580,177
"S01011561",450,333,117
"S01011562",526,430,96
"S01011563",883,652,231
"S01011564",570,421,149
"S01011565",952,760,192
"S01011566",616,471,145
"S01011567",965,666,299
"S01011568",847,690,157
"S01011569",1051,805,246
"S01011570",633,445,188
"S01011571",537,350,187
"S01011572",700,516,184
"S01011573",1084,896,188
"S01011574",1100,903,197
"S01011575",228,145,83
"S01011576",897,524,373
"S01011577",628,489,139
"S01011578",845,672,173
"S01011579",556,467,89
"S01011580",766,618,148
"S01011581",688,433,255
"S01011582",1033,860,173
"S01011583",672,518,154
"S01011584",708,519,189
"S01011585",719,537,182
"S01011586",578,417,161
"S01011587",428,336,92
"S01011588",792,600,192
"S01011589",2040,1742,298
"S01011590",689,513,176
"S01011591",597,420,177
"S01011592",705,518,187
"S01011593",717,559,158
"S01011594",438,316,122
"S01011595",518,445,73
"S01011596",997,789,208
"S01011597",611,446,165
"S01011598",785,533,252
"S01011599",823,623,200
"S01011600",973,718,255
"S01011601",766,691,75
"S01011602",490,362,128
"S01011603",791,530,261
"S01011604",690,521,169
"S01011605",844,595,249
"S01011606",604,548,56
"S01011607",569,495,74
"S01011608",945,810,135
"S01011609",970,699,271
"S01011610",679,505,174
"S01011611",694,549,145
"S01011613",1366,1090,276
"S01011614",296,242,54
"S01011615",728,566,162
"S01011616",423,303,120
"S01011617",752,539,213
"S01011618",654,507,147
"S01011619",892,786,106
"S01011620",703,650,53
"S01011621",781,652,129
"S01011622",160,134,26
"S01011623",703,527,176
"S01011624",722,611,111
"S01011625",428,354,74
"S01011626",448,416,32
"S01011627",733,671,62
"S01011628",1289,1100,189
"S01011629",629,483,146
"S01011630",744,566,178
"S01011631",628,467,161
"S01011632",754,591,163
"S01011633",631,482,149
"S01011634",565,430,135
"S01011635",303,252,51
"S01011636",720,560,160
"S01011637",686,525,161
"S01011638",483,344,139
"S01011639",590,445,145
"S01011640",674,505,169
"S01011641",476,393,83
"S01011642",705,599,106
"S01011643",732,605,127
"S01011644",557,420,137
"S01011645",640,476,164
"S01011646",696,590,106
"S01011647",878,792,86
"S01011648",958,808,150
"S01011649",238,184,54
"S01011650",721,586,135
"S01011651",926,735,191
"S01011652",760,637,123
"S01011653",1035,802,233
"S01011654",983,730,253
"S01011655",846,598,248
"S01011656",273,183,90
"S01011657",514,376,138
"S01011658",655,500,155
"S01011659",808,602,206
"S01011660",753,635,118
"S01011661",516,397,119
"S01011662",555,500,55
"S01011663",811,661,150
"S01011664",1044,745,299
"S01011665",850,625,225
"S01011666",853,606,247
"S01011667",632,444,188
"S01011668",1042,809,233
"S01011669",630,486,144
"S01011670",536,431,105
"S01011671",680,515,165
"S01011672",604,473,131
"S01011673",661,502,159
"S01011674",626,457,169
"S01011675",802,598,204
"S01011676",699,527,172
"S01011678",464,326,138
"S01011679",205,177,28
"S01011680",1100,824,276
"S01011681",847,645,202
"S01011682",1763,1442,321
"S01011683",1186,920,266
"S01011684",406,315,91
"S01011685",1210,1048,162
"S01011686",689,580,109
"S01011687",1265,1017,248
"S01011688",1075,860,215
"S01011689",667,582,85
"S01011690",983,833,150
"S01011691",176,140,36
"S01011692",1074,788,286
"S01011693",683,561,122
"S01011695",3865,3288,577
"S01011697",1029,902,127
"S01011698",643,490,153
"S01011699",911,776,135
"S01011700",759,595,164
"S01011701",905,783,122
"S01011702",733,587,146
"S01011703",1184,1042,142
"S01011704",576,522,54
"S01011705",650,508,142
"S01011706",1028,786,242
"S01011707",713,597,116
"S01011708",764,561,203
"S01011709",1018,794,224
"S01011710",647,521,126
"S01011711",683,493,190
"S01011712",460,336,124
"S01011713",671,495,176
"S01011714",485,446,39
"S01011715",633,485,148
"S01011716",917,816,101
"S01011717",710,579,131
"S01011718",881,805,76
"S01011719",634,586,48
"S01011720",529,448,81
"S01011721",716,549,167
"S01011722",579,453,126
"S01011723",799,593,206
"S01011724",733,649,84
"S01011725",634,574,60
"S01011726",444,400,44
"S01011728",929,770,159
"S01011729",710,527,183
"S01011730",844,645,199
"S01011731",866,655,211
"S01011732",785,671,114
"S01011733",851,683,168
"S01011734",751,583,168
"S01011735",736,609,127
"S01011736",770,649,121
"S01011737",640,526,114
"S01011738",1371,1107,264
"S01011739",502,378,124
"S01011740",899,690,209
"S01011741",657,501,156
"S01011742",758,620,138
"S01011743",797,662,135
"S01011744",849,631,218
"S01011745",711,452,259
"S01011746",539,417,122
"S01011747",992,771,221
"S01011748",878,705,173
"S01011749",769,619,150
"S01011750",876,697,179
"S01011751",972,754,218
"S01011752",921,729,192
"S01011753",777,639,138
"S01011754",764,593,171
"S01011755",939,756,183
"S01011756",879,721,158
"S01011757",731,557,174
"S01011758",624,513,111
"S01011759",728,536,192
"S01011760",884,700,184
"S01011761",720,604,116
"S01011762",656,513,143
"S01011763",676,519,157
"S01011764",277,224,53
"S01011765",974,860,114
"S01011766",610,504,106
"S01011767",848,617,231
"S01011768",738,570,168
"S01011769",639,445,194
"S01011770",808,604,204
"S01011771",667,612,55
"S01011772",882,796,86
"S01011773",596,566,30
"S01011774",941,827,114
"S01011775",904,850,54
"S01011776",295,275,20
"S01011777",645,576,69
"S01011778",634,561,73
"S01011779",793,688,105
"S01011780",939,834,105
"S01011781",584,510,74
"S01011782",683,592,91
"S01011783",575,494,81
"S01011784",793,619,174
"S01011785",873,650,223
"S01011787",953,718,235
"S01011788",381,364,17
"S01011789",3487,3079,408
"S01011790",998,774,224
"S01011791",735,533,202
"S01011792",888,611,277
"S01011793",685,522,163
"S01011794",884,667,217
"S01011795",490,358,132
"S01011796",658,518,140
"S01011797",592,503,89
"S01011798",384,271,113
"S01011799",918,768,150
"S01011800",685,541,144
"S01011801",459,369,90
"S01011802",731,582,149
"S01011803",1426,1146,280
"S01011804",457,387,70
"S01011805",459,420,39
"S01011806",964,848,116
"S01011807",1102,955,147
"S01011808",623,541,82
"S01011809",719,645,74
"S01011810",942,808,134
"S01011811",937,825,112
"S01011812",669,579,90
"S01011813",760,679,81
"S01011814",721,650,71
"S01011815",816,741,75
"S01011816",638,578,60
"S01011817",1144,1021,123
"S01011818",978,880,98
"S01011819",836,719,117
"S01011820",599,452,147
"S01011821",310,265,45
"S01011822",712,594,118
"S01011823",608,524,84
"S01011824",703,604,99
"S01011825",535,469,66
"S01011826",654,586,68
"S01011827",414,319,95
"S01011828",909,783,126
"S01011829",409,358,51
"S01011830",456,382,74
"S01011831",524,430,94
"S01011832",838,682,156
"S01011833",1016,880,136
"S01011834",538,494,44
"S01011835",685,628,57
"S01011836",615,531,84
"S01011837",798,684,114
"S01011838",687,617,70
"S01011839",1259,1115,144
"S01011840",669,580,89
"S01011841",950,784,166
"S01011842",966,784,182
"S01011843",988,873,115
"S01011844",786,685,101
"S01011845",857,742,115
"S01011846",869,736,133
"S01011847",429,392,37
"S01011848",727,636,91
"S01011849",813,724,89
"S01011850",750,692,58
"S01011851",898,763,135
"S01011852",1012,854,158
"S01011853",708,635,73
"S01011854",810,694,116
"S01011855",848,711,137
"S01011856",636,553,83
"S01011857",1077,908,169
"S01011858",1016,843,173
"S01011859",839,650,189
"S01011860",877,778,99
"S01011861",616,537,79
"S01011862",903,787,116
"S01011863",746,587,159
"S01011864",722,646,76
"S01011865",613,499,114
"S01011866",817,699,118
"S01011867",574,429,145
"S01011868",887,755,132
"S01011869",773,643,130
"S01011870",696,573,123
"S01011871",1089,958,131
"S01011872",1057,943,114
"S01011873",812,743,69
"S01011874",419,367,52
"S01011875",672,548,124
"S01011876",958,828,130
"S01011877",546,456,90
"S01011878",1073,928,145
"S01011879",431,382,49
"S01011880",712,625,87
"S01011881",555,446,109
"S01011882",941,753,188
"S01011883",1683,1577,106
"S01011884",903,818,85
"S01011885",689,608,81
"S01011886",674,580,94
"S01011887",594,517,77
"S01011888",719,618,101
"S01011889",835,680,155
"S01011890",708,622,86
"S01011891",1260,989,271
"S01011892",981,894,87
"S01011893",698,589,109
"S01011894",1074,948,126
"S01011895",664,566,98
"S01011896",866,767,99
"S01011897",1027,913,114
"S01011898",470,431,39
"S01011899",779,704,75
"S01011900",735,661,74
"S01011901",999,906,93
"S01011902",966,847,119
"S01011903",798,703,95
"S01011904",819,688,131
"S01011905",804,712,92
"S01011906",425,384,41
"S01011907",745,649,96
"S01011908",376,341,35
"S01011909",1036,974,62
"S01011910",910,739,171
"S01011911",641,525,116
"S01011912",727,595,132
"S01011913",739,581,158
"S01011914",878,747,131
"S01011915",811,664,147
"S01011916",592,483,109
"S01011917",510,421,89
"S01011918",626,510,116
"S01011919",890,768,122
"S01011920",622,499,123
"S01011921",594,481,113
"S01011922",768,618,150
"S01011923",1315,1075,240
"S01011924",454,379,75
"S01011925",758,709,49
"S01011926",656,526,130
"S01011927",613,498,115
"S01011928",704,572,132
"S01011929",621,498,123
"S01011930",709,576,133
"S01011931",625,506,119
"S01011932",497,416,81
"S01011933",538,459,79
"S01011934",1199,982,217
"S01011935",966,812,154
"S01011936",548,476,72
"S01011937",667,537,130
"S01011938",682,566,116
"S01011939",737,598,139
"S01011940",559,453,106
"S01011941",591,493,98
"S01011942",849,678,171
"S01011943",1166,911,255
"S01011944",444,393,51
"S01011945",827,720,107
"S01011946",804,671,133
"S01011947",490,418,72
"S01011948",1159,944,215
"S01011949",715,601,114
"S01011950",886,688,198
"S01011951",678,587,91
"S01011953",754,689,65
"S01011954",382,315,67
"S01011955",975,784,191
"S01011956",1033,927,106
"S01011957",900,793,107
"S01011958",1566,1364,202
"S01011959",1003,859,144
"S01011960",802,737,65
"S01011961",734,656,78
"S01011962",882,820,62
"S01011963",328,256,72
"S01011964",983,856,127
"S01011965",900,771,129
"S01011966",842,732,110
"S01011967",1155,986,169
"S01011968",893,774,119
"S01011969",807,646,161
"S01011970",990,834,156
"S01011971",577,506,71
"S01011972",1243,1053,190
"S01011973",656,538,118
"S01011974",872,762,110
"S01011975",452,383,69
"S01011976",780,666,114
"S01011977",1129,947,182
"S01011978",693,563,130
"S01011979",1014,876,138
"S01011980",467,416,51
"S01011981",945,813,132
"S01011982",943,816,127
"S01011983",731,631,100
"S01011984",678,547,131
"S01011985",869,723,146
"S01011986",666,523,143
"S01011987",797,659,138
"S01011988",665,512,153
"S01011989",866,740,126
"S01011990",684,579,105
"S01011991",710,604,106
"S01011992",886,725,161
"S01011993",944,758,186
"S01011994",712,590,122
"S01011995",1072,970,102
"S01011996",410,343,67
"S01011997",886,751,135
"S01011998",545,493,52
"S01011999",621,538,83
"S01012000",454,403,51
"S01012001",507,428,79
"S01012002",561,444,117
"S01012003",529,462,67
"S01012004",880,734,146
"S01012005",770,700,70
"S01012006",1229,1133,96
"S01012007",813,670,143
"S01012008",973,856,117
"S01012009",853,734,119
"S01012010",1222,1011,211
"S01012011",1122,953,169
"S01012012",647,531,116
"S01012013",614,539,75
"S01012014",846,697,149
"S01012015",984,851,133
"S01012016",852,731,121
"S01012017",506,433,73
"S01012018",876,768,108
"S01012019",846,750,96
"S01012020",698,536,162
"S01012021",565,506,59
"S01012022",660,567,93
"S01012023",539,462,77
"S01012024",868,757,111
"S01012025",690,563,127
"S01012026",116,97,19
"S01012027",2003,1677,326
"S01012028",932,829,103
"S01012029",1330,930,400
"S01012030",1289,1151,138
"S01012031",225,192,33
"S01012032",353,312,41
"S01012033",800,639,161
"S01012034",825,671,154
"S01012035",923,782,141
"S01012036",846,731,115
"S01012037",996,769,227
"S01012038",932,728,204
"S01012039",956,746,210
"S01012040",519,424,95
"S01012041",914,720,194
"S01012042",917,727,190
"S01012043",926,733,193
"S01012044",892,603,289
"S01012045",1069,820,249
"S01012046",686,489,197
"S01012047",932,643,289
"S01012048",769,549,220
"S01012049",660,523,137
"S01012050",684,597,87
"S01012051",929,716,213
"S01012052",866,657,209
"S01012053",903,708,195
"S01012054",725,556,169
"S01012055",981,733,248
"S01012056",785,637,148
"S01012057",773,658,115
"S01012058",728,609,119
"S01012059",870,649,221
"S01012060",865,666,199
"S01012061",978,827,151
"S01012062",846,747,99
"S01012063",547,482,65
"S01012064",653,514,139
"S01012065",624,472,152
"S01012066",852,670,182
"S01012067",534,379,155
"S01012068",479,310,169
"S01012069",538,358,180
"S01012070",710,480,230
"S01012071",1057,746,311
"S01012072",1107,786,321
"S01012073",705,611,94
"S01012074",715,638,77
"S01012075",724,666,58
"S01012076",722,558,164
"S01012077",751,619,132
"S01012078",977,762,215
"S01012079",917,704,213
"S01012080",809,649,160
"S01012081",674,501,173
"S01012082",534,388,146
"S01012083",812,546,266
"S01012084",577,487,90
"S01012085",677,554,123
"S01012086",1004,779,225
"S01012087",720,561,159
"S01012088",740,660,80
"S01012089",842,739,103
"S01012090",902,790,112
"S01012091",537,463,74
"S01012092",506,444,62
"S01012093",535,449,86
"S01012094",788,667,121
"S01012095",781,685,96
"S01012096",871,647,224
"S01012097",566,439,127
"S01012098",628,487,141
"S01012099",1052,750,302
"S01012100",1332,1023,309
"S01012101",672,596,76
"S01012102",670,545,125
"S01012103",925,787,138
"S01012104",924,849,75
"S01012105",1126,972,154
"S01012106",1101,980,121
"S01012107",692,566,126
"S01012108",908,566,342
"S01012109",922,731,191
"S01012110",585,425,160
"S01012111",558,418,140
"S01012112",846,592,254
"S01012113",990,766,224
"S01012114",982,868,114
"S01012115",517,399,118
"S01012116",493,399,94
"S01012117",466,429,37
"S01012118",1100,984,116
"S01012119",900,769,131
"S01012120",583,481,102
"S01012121",953,679,274
"S01012122",772,601,171
"S01012123",518,425,93
"S01012124",503,409,94
"S01012125",782,576,206
"S01012126",849,725,124
"S01012127",850,679,171
"S01012128",453,376,77
"S01012129",669,492,177
"S01012130",1068,701,367
"S01012131",1106,847,259
"S01012132",686,531,155
"S01012133",903,771,132
"S01012134",1183,923,260
"S01012135",1031,766,265
"S01012136",682,504,178
"S01012137",671,472,199
"S01012138",792,623,169
"S01012139",940,728,212
"S01012140",710,636,74
"S01012141",1014,890,124
"S01012142",952,811,141
"S01012143",869,733,136
"S01012144",967,812,155
"S01012145",909,797,112
"S01012146",745,524,221
"S01012147",753,543,210
"S01012148",756,570,186
"S01012149",855,688,167
"S01012150",778,581,197
"S01012151",499,351,148
"S01012152",744,556,188
"S01012153",932,708,224
"S01012154",617,454,163
"S01012155",546,388,158
"S01012156",606,408,198
"S01012157",989,813,176
"S01012158",1147,1006,141
"S01012159",503,409,94
"S01012160",662,568,94
"S01012161",457,348,109
"S01012162",956,747,209
"S01012163",761,631,130
"S01012164",1098,1016,82
"S01012165",921,711,210
"S01012166",604,490,114
"S01012167",788,616,172
"S01012168",966,774,192
"S01012169",733,549,184
"S01012170",975,696,279
"S01012171",932,746,186
"S01012172",744,571,173
"S01012173",710,555,155
"S01012174",962,876,86
"S01012175",818,704,114
"S01012176",841,711,130
"S01012177",617,526,91
"S01012178",519,458,61
"S01012179",607,465,142
"S01012180",573,411,162
"S01012181",757,564,193
"S01012182",2301,1946,355
"S01012183",231,184,47
"S01012185",704,524,180
"S01012186",706,524,182
"S01012187",669,495,174
"S01012188",680,531,149
"S01012189",1053,905,148
"S01012190",84,74,10
"S01012191",872,766,106
"S01012192",390,351,39
"S01012193",562,527,35
"S01012194",561,524,37
"S01012195",1027,897,130
"S01012196",573,520,53
"S01012197",726,558,168
"S01012198",933,705,228
"S01012199",584,466,118
"S01012200",647,507,140
"S01012201",770,604,166
"S01012202",598,501,97
"S01012203",701,612,89
"S01012204",789,722,67
"S01012205",675,591,84
"S01012206",846,752,94
"S01012207",926,745,181
"S01012208",1057,846,211
"S01012209",737,584,153
"S01012210",790,598,192
"S01012211",715,577,138
"S01012212",762,661,101
"S01012213",808,727,81
"S01012214",681,590,91
"S01012215",843,764,79
"S01012216",709,640,69
"S01012217",463,360,103
"S01012218",425,347,78
"S01012219",846,602,244
"S01012220",629,405,224
"S01012221",628,455,173
"S01012222",789,576,213
"S01012223",722,511,211
"S01012224",767,634,133
"S01012225",1132,899,233
"S01012226",731,584,147
"S01012227",669,563,106
"S01012228",693,565,128
"S01012229",684,596,88
"S01012230",911,825,86
"S01012231",831,781,50
"S01012232",868,783,85
"S01012233",953,856,97
"S01012234",1082,991,91
"S01012235",457,391,66
"S01012236",610,521,89
"S01012237",956,860,96
"S01012238",604,455,149
"S01012239",586,450,136
"S01012240",842,650,192
"S01012241",569,517,52
"S01012242",800,727,73
"S01012243",489,426,63
"S01012244",1092,1021,71
"S01012245",603,500,103
"S01012246",813,756,57
"S01012247",742,658,84
"S01012248",821,736,85
"S01012249",863,750,113
"S01012250",941,842,99
"S01012251",1121,937,184
"S01012252",554,480,74
"S01012253",874,672,202
"S01012254",754,663,91
"S01012255",768,610,158
"S01012256",629,562,67
"S01012257",1096,986,110
"S01012258",596,544,52
"S01012259",606,539,67
"S01012260",717,581,136
"S01012261",344,309,35
"S01012262",1983,1820,163
"S01012263",557,470,87
"S01012264",472,410,62
"S01012265",788,654,134
"S01012266",1060,860,200
"S01012267",711,631,80
"S01012268",1072,934,138
"S01012269",854,720,134
"S01012270",777,643,134
"S01012271",1504,1345,159
"S01012272",367,312,55
"S01012273",1109,977,132
"S01012274",786,688,98
"S01012275",807,692,115
"S01012276",953,791,162
"S01012277",832,700,132
"S01012278",719,538,181
"S01012279",584,490,94
"S01012280",933,788,145
"S01012281",704,594,110
"S01012282",1241,1057,184
"S01012283",752,643,109
"S01012284",779,631,148
"S01012285",537,449,88
"S01012286",1143,948,195
"S01012287",671,527,144
"S01012288",984,809,175
"S01012289",744,625,119
"S01012290",289,226,63
"S01012291",695,616,79
"S01012292",1140,970,170
"S01012293",477,387,90
"S01012294",870,727,143
"S01012295",754,676,78
"S01012296",380,333,47
"S01012297",1169,1077,92
"S01012298",739,627,112
"S01012299",621,555,66
"S01012300",294,234,60
"S01012301",840,722,118
"S01012302",787,653,134
"S01012303",1158,1014,144
"S01012304",1080,921,159
"S01012305",698,581,117
"S01012306",594,476,118
"S01012307",416,322,94
"S01012308",601,523,78
"S01012309",426,338,88
"S01012310",1281,1076,205
"S01012311",578,451,127
"S01012312",1008,831,177
"S01012313",761,627,134
"S01012314",851,688,163
"S01012315",733,540,193
"S01012316",693,538,155
"S01012317",181,155,26
"S01012318",792,650,142
"S01012319",1008,892,116
"S01012320",687,572,115
"S01012321",599,489,110
"S01012322",753,634,119
"S01012323",1273,1078,195
"S01012324",917,756,161
"S01012325",590,457,133
"S01012326",482,375,107
"S01012327",874,716,158
"S01012328",417,325,92
"S01012329",960,808,152
"S01012330",474,383,91
"S01012331",494,435,59
"S01012332",1275,1149,126
"S01012333",1245,1091,154
"S01012334",849,680,169
"S01012335",989,878,111
"S01012336",603,495,108
"S01012337",867,663,204
"S01012338",620,480,140
"S01012339",679,529,150
"S01012340",745,620,125
"S01012341",1504,1329,175
"S01012342",929,799,130
"S01012343",977,854,123
"S01012344",579,471,108
"S01012345",700,601,99
"S01012346",1215,1054,161
"S01012347",611,508,103
"S01012348",499,416,83
"S01012349",759,632,127
"S01012350",775,661,114
"S01012351",756,638,118
"S01012352",756,625,131
"S01012353",429,329,100
"S01012354",576,445,131
"S01012355",1339,1141,198
"S01012356",591,487,104
"S01012357",905,774,131
"S01012358",895,744,151
"S01012359",785,588,197
"S01012360",917,758,159
"S01012361",641,516,125
"S01012362",725,593,132
"S01012363",903,694,209
"S01012364",666,530,136
"S01012365",936,812,124
"S01012366",864,693,171
"S01012367",846,697,149
"S01012368",605,509,96
"S01012369",862,721,141
"S01012370",751,553,198
"S01012371",954,726,228
"S01012372",740,555,185
"S01012373",992,808,184
"S01012374",920,775,145
"S01012375",863,716,147
"S01012376",963,831,132
"S01012377",705,602,103
"S01012378",730,620,110
"S01012379",530,472,58
"S01012380",892,755,137
"S01012381",633,475,158
"S01012382",969,852,117
"S01012383",847,688,159
"S01012384",515,426,89
"S01012385",637,544,93
"S01012386",1021,812,209
"S01012387",936,820,116
"S01012388",704,597,107
"S01012389",882,781,101
"S01012390",769,658,111
"S01012391",915,830,85
"S01012392",364,312,52
"S01012393",899,786,113
"S01012394",526,449,77
"S01012395",618,523,95
"S01012396",647,542,105
"S01012397",845,680,165
"S01012398",877,725,152
"S01012399",621,516,105
"S01012400",587,507,80
"S01012401",675,560,115
"S01012402",1127,963,164
"S01012403",755,652,103
"S01012404",1035,886,149
"S01012405",726,668,58
"S01012406",281,249,32
"S01012407",813,691,122
"S01012408",652,581,71
"S01012409",700,592,108
"S01012410",859,756,103
"S01012411",831,717,114
"S01012412",548,455,93
"S01012413",966,778,188
"S01012414",693,574,119
"S01012415",576,504,72
"S01012416",559,488,71
"S01012417",636,475,161
"S01012418",884,700,184
"S01012419",801,636,165
"S01012420",935,731,204
"S01012421",643,501,142
"S01012422",869,697,172
"S01012423",1075,886,189
"S01012424",950,753,197
"S01012425",626,417,209
"S01012426",493,387,106
"S01012427",674,517,157
"S01012428",662,545,117
"S01012429",558,422,136
"S01012430",551,435,116
"S01012431",749,559,190
"S01012432",713,527,186
"S01012433",503,373,130
"S01012434",709,553,156
"S01012435",490,383,107
"S01012436",301,234,67
"S01012437",649,498,151
"S01012438",1254,1070,184
"S01012439",795,646,149
"S01012440",388,334,54
"S01012441",890,738,152
"S01012442",1000,862,138
"S01012443",746,640,106
"S01012444",1265,1042,223
"S01012445",100,90,10
"S01012446",501,380,121
"S01012447",793,684,109
"S01012448",1074,923,151
"S01012449",491,412,79
"S01012450",1124,948,176
"S01012451",916,742,174
"S01012452",589,483,106
"S01012453",858,750,108
"S01012454",662,563,99
"S01012455",612,549,63
"S01012456",785,665,120
"S01012457",840,720,120
"S01012458",813,718,95
"S01012459",735,661,74
"S01012460",546,474,72
"S01012461",545,435,110
"S01012462",757,573,184
"S01012463",578,453,125
"S01012464",625,503,122
"S01012465",701,567,134
"S01012466",782,627,155
"S01012467",699,572,127
"S01012468",887,700,187
"S01012469",799,681,118
"S01012470",832,644,188
"S01012471",835,735,100
"S01012472",719,618,101
"S01012473",554,472,82
"S01012474",714,540,174
"S01012475",800,660,140
"S01012476",1037,826,211
"S01012477",674,593,81
"S01012478",650,537,113
"S01012479",688,632,56
"S01012480",515,398,117
"S01012481",803,668,135
"S01012482",729,536,193
"S01012483",810,584,226
"S01012484",820,674,146
"S01012485",869,752,117
"S01012486",655,467,188
"S01012487",612,492,120
"S01012488",903,682,221
"S01012489",1052,795,257
"S01012490",978,690,288
"S01012491",440,332,108
"S01012492",772,508,264
"S01012493",654,411,243
"S01012494",1031,842,189
"S01012495",1024,789,235
"S01012496",765,568,197
"S01012497",487,340,147
"S01012498",857,646,211
"S01012499",775,614,161
"S01012500",558,427,131
"S01012501",619,471,148
"S01012502",832,673,159
"S01012503",637,448,189
"S01012504",546,428,118
"S01012505",1019,754,265
"S01012506",493,391,102
"S01012507",876,666,210
"S01012508",762,586,176
"S01012509",635,529,106
"S01012510",877,737,140
"S01012511",534,426,108
"S01012512",677,582,95
"S01012513",841,762,79
"S01012514",519,483,36
"S01012515",612,435,177
"S01012516",668,553,115
"S01012517",860,702,158
"S01012518",493,425,68
"S01012519",516,400,116
"S01012520",826,697,129
"S01012521",515,436,79
"S01012522",930,796,134
"S01012523",865,716,149
"S01012524",872,706,166
"S01012525",714,601,113
"S01012526",775,665,110
"S01012527",625,513,112
"S01012528",823,670,153
"S01012529",734,599,135
"S01012530",874,724,150
"S01012531",900,770,130
"S01012532",968,805,163
"S01012533",391,322,69
"S01012534",627,466,161
"S01012535",544,428,116
"S01012536",750,617,133
"S01012537",782,594,188
"S01012538",1128,883,245
"S01012539",805,647,158
"S01012540",717,563,154
"S01012541",962,821,141
"S01012542",943,770,173
"S01012543",686,609,77
"S01012544",856,689,167
"S01012545",473,379,94
"S01012546",807,672,135
"S01012547",746,609,137
"S01012548",1120,951,169
"S01012549",416,331,85
"S01012550",894,727,167
"S01012551",815,715,100
"S01012552",964,825,139
"S01012553",611,542,69
"S01012554",458,411,47
"S01012555",688,623,65
"S01012556",398,342,56
"S01012557",796,696,100
"S01012558",417,332,85
"S01012559",767,547,220
"S01012560",699,539,160
"S01012561",620,493,127
"S01012562",747,581,166
"S01012563",630,555,75
"S01012564",824,722,102
"S01012565",654,521,133
"S01012566",841,666,175
"S01012567",909,708,201
"S01012568",617,513,104
"S01012569",814,681,133
"S01012570",509,418,91
"S01012571",756,615,141
"S01012572",520,429,91
"S01012573",949,803,146
"S01012574",1027,896,131
"S01012575",516,450,66
"S01012576",675,571,104
"S01012577",770,679,91
"S01012578",1093,849,244
"S01012579",718,611,107
"S01012580",753,671,82
"S01012581",747,598,149
"S01012582",923,804,119
"S01012583",689,542,147
"S01012584",739,590,149
"S01012585",833,673,160
"S01012586",941,781,160
"S01012587",862,726,136
"S01012588",637,523,114
"S01012589",688,521,167
"S01012590",777,567,210
"S01012591",792,556,236
"S01012592",931,819,112
"S01012593",731,645,86
"S01012594",600,480,120
"S01012595",486,363,123
"S01012596",788,620,168
"S01012597",201,167,34
"S01012598",669,582,87
"S01012599",660,534,126
"S01012600",692,595,97
"S01012601",889,784,105
"S01012602",588,387,201
"S01012603",650,464,186
"S01012604",664,525,139
"S01012605",515,406,109
"S01012606",352,332,20
"S01012607",737,632,105
"S01012608",801,639,162
"S01012609",834,628,206
"S01012610",949,705,244
"S01012611",904,730,174
"S01012612",1003,796,207
"S01012613",568,454,114
"S01012614",785,608,177
"S01012615",674,544,130
"S01012616",964,784,180
"S01012617",839,755,84
"S01012618",529,447,82
"S01012619",546,391,155
"S01012620",746,636,110
"S01012621",578,479,99
"S01012622",732,595,137
"S01012623",479,361,118
"S01012624",715,584,131
"S01012625",524,397,127
"S01012626",478,406,72
"S01012627",526,426,100
"S01012628",1166,1015,151
"S01012629",402,330,72
"S01012630",823,630,193
"S01012631",1032,844,188
"S01012632",726,596,130
"S01012633",813,685,128
"S01012634",551,421,130
"S01012635",1085,922,163
"S01012636",1346,1208,138
"S01012637",848,651,197
"S01012638",872,683,189
"S01012639",844,658,186
"S01012640",833,601,232
"S01012641",1105,791,314
"S01012642",804,596,208
"S01012643",411,308,103
"S01012644",708,567,141
"S01012645",826,625,201
"S01012646",873,735,138
"S01012648",554,425,129
"S01012649",674,538,136
"S01012650",587,454,133
"S01012651",649,491,158
"S01012652",1045,896,149
"S01012653",885,707,178
"S01012654",767,647,120
"S01012655",1132,794,338
"S01012656",821,584,237
"S01012657",542,404,138
"S01012658",938,764,174
"S01012659",1066,981,85
"S01012660",653,512,141
"S01012661",833,638,195
"S01012662",732,528,204
"S01012663",691,530,161
"S01012664",946,739,207
"S01012665",717,513,204
"S01012666",650,445,205
"S01012667",580,424,156
"S01012668",761,574,187
"S01012669",722,604,118
"S01012670",696,564,132
"S01012671",931,709,222
"S01012672",663,444,219
"S01012673",541,391,150
"S01012674",582,408,174
"S01012675",766,556,210
"S01012676",835,677,158
"S01012677",460,331,129
"S01012678",727,622,105
"S01012679",914,692,222
"S01012680",557,473,84
"S01012681",705,587,118
"S01012682",678,521,157
"S01012683",749,610,139
"S01012684",676,556,120
"S01012685",676,543,133
"S01012686",949,819,130
"S01012687",538,462,76
"S01012688",791,633,158
"S01012689",487,434,53
"S01012690",532,446,86
"S01012691",766,678,88
"S01012692",754,595,159
"S01012693",905,827,78
"S01012694",476,394,82
"S01012695",988,818,170
"S01012696",861,765,96
"S01012697",509,449,60
"S01012698",4206,3858,348
"S01012699",1201,983,218
"S01012700",834,702,132
"S01012701",745,655,90
"S01012702",588,503,85
"S01012703",606,549,57
"S01012704",772,613,159
"S01012705",780,719,61
"S01012706",687,521,166
"S01012707",898,787,111
"S01012708",851,611,240
"S01012709",506,376,130
"S01012710",701,530,171
"S01012711",693,442,251
"S01012712",912,798,114
"S01012713",672,551,121
"S01012714",598,510,88
"S01012715",696,513,183
"S01012716",842,691,151
"S01012717",945,683,262
"S01012718",989,770,219
"S01012719",778,610,168
"S01012720",506,430,76
"S01012721",644,501,143
"S01012722",742,503,239
"S01012723",688,489,199
"S01012724",728,559,169
"S01012725",881,705,176
"S01012726",641,497,144
"S01012727",708,509,199
"S01012728",814,619,195
"S01012729",743,633,110
"S01012730",690,536,154
"S01012731",574,447,127
"S01012732",767,598,169
"S01012735",570,433,137
"S01012736",959,803,156
"S01012737",800,667,133
"S01012738",612,476,136
"S01012741",555,488,67
"S01012742",689,612,77
"S01012743",581,493,88
"S01012744",675,586,89
"S01012745",704,610,94
"S01012746",772,674,98
"S01012747",831,680,151
"S01012748",829,583,246
"S01012749",876,696,180
"S01012750",673,524,149
"S01012751",817,568,249
"S01012752",832,677,155
"S01012753",401,294,107
"S01012754",538,379,159
"S01012755",524,329,195
"S01012756",496,316,180
"S01012757",461,307,154
"S01012758",703,540,163
"S01012759",722,530,192
"S01012760",1008,727,281
"S01012761",754,553,201
"S01012762",708,544,164
"S01012763",529,386,143
"S01012764",637,475,162
"S01012765",720,559,161
"S01012766",379,264,115
"S01012767",700,588,112
"S01012768",594,502,92
"S01012769",105,85,20
"S01012770",839,643,196
"S01012771",705,534,171
"S01012772",685,499,186
"S01012773",957,711,246
"S01012774",859,657,202
"S01012775",409,308,101
"S01012776",738,558,180
"S01012777",846,753,93
"S01012778",479,355,124
"S01012779",711,596,115
"S01012780",854,666,188
"S01012781",655,522,133
"S01012782",634,457,177
"S01012783",793,570,223
"S01012784",714,539,175
"S01012785",667,463,204
"S01012786",544,388,156
"S01012787",698,547,151
"S01012788",615,470,145
"S01012789",539,412,127
"S01012790",706,596,110
"S01012791",921,787,134
"S01012792",957,659,298
"S01012793",767,549,218
"S01012794",396,325,71
"S01012795",1219,872,347
"S01012796",552,448,104
"S01012797",758,618,140
"S01012798",1060,865,195
"S01012799",778,650,128
"S01012800",894,781,113
"S01012801",86,81,5
"S01012802",612,568,44
"S01012803",675,599,76
"S01012804",764,604,160
"S01012805",912,722,190
"S01012806",734,616,118
"S01012807",587,537,50
"S01012808",1237,1018,219
"S01012809",618,523,95
"S01012810",720,474,246
"S01012811",770,600,170
"S01012812",666,572,94
"S01012813",775,671,104
"S01012814",836,733,103
"S01012815",742,686,56
"S01012816",716,638,78
"S01012817",303,283,20
"S01012818",573,496,77
"S01012819",735,501,234
"S01012820",1635,1457,178
"S01012822",332,245,87
"S01012823",1002,893,109
"S01012824",556,461,95
"S01012825",424,285,139
"S01012826",380,315,65
"S01012827",980,854,126
"S01012828",2277,2107,170
"S01012829",865,635,230
"S01012830",583,428,155
"S01012831",630,402,228
"S01012832",459,372,87
"S01012833",714,502,212
"S01012834",485,383,102
"S01012835",1069,738,331
"S01012837",735,532,203
"S01012838",1333,1018,315
"S01012839",666,549,117
"S01012840",871,813,58
"S01012841",589,490,99
"S01012842",475,402,73
"S01012843",979,862,117
"S01012844",697,633,64
"S01012845",685,582,103
"S01012846",926,602,324
"S01012847",547,440,107
"S01012848",773,663,110
"S01012849",683,542,141
"S01012850",817,543,274
"S01012851",803,598,205
"S01012852",696,607,89
"S01012853",665,533,132
"S01012854",797,685,112
"S01012855",642,559,83
"S01012856",667,437,230
"S01012857",859,553,306
"S01012858",696,516,180
"S01012859",714,557,157
"S01012860",1158,770,388
"S01012861",687,578,109
"S01012862",588,404,184
"S01012863",621,428,193
"S01012864",775,587,188
"S01012865",779,563,216
"S01012866",749,569,180
"S01012867",720,443,277
"S01012868",554,375,179
"S01012869",546,407,139
"S01012870",915,712,203
"S01012871",815,652,163
"S01012872",872,740,132
"S01012873",655,545,110
"S01012874",778,588,190
"S01012875",573,447,126
"S01012876",801,563,238
"S01012877",726,525,201
"S01012878",927,824,103
"S01012879",729,638,91
"S01012880",801,683,118
"S01012881",864,686,178
"S01012882",603,451,152
"S01012883",634,411,223
"S01012884",531,381,150
"S01012885",446,316,130
"S01012886",845,724,121
"S01012887",734,623,111
"S01012888",826,689,137
"S01012889",875,753,122
"S01012890",717,544,173
"S01012891",482,341,141
"S01012892",1107,797,310
"S01012893",667,491,176
"S01012894",925,802,123
"S01012895",522,480,42
"S01012896",840,603,237
"S01012897",1250,1123,127
"S01012899",701,518,183
"S01012900",1382,1086,296
"S01012901",689,562,127
"S01012902",748,623,125
"S01012903",811,636,175
"S01012904",816,685,131
"S01012905",450,363,87
"S01012906",1081,904,177
"S01012907",677,500,177
"S01012908",699,517,182
"S01012909",610,446,164
"S01012910",879,639,240
"S01012911",728,598,130
"S01012912",765,570,195
"S01012913",790,602,188
"S01012914",848,691,157
"S01012915",1060,919,141
"S01012916",658,528,130
"S01012917",717,633,84
"S01012918",649,541,108
"S01012919",455,361,94
"S01012920",495,421,74
"S01012921",546,426,120
"S01012922",1012,853,159
"S01012923",706,614,92
"S01012924",500,411,89
"S01012925",482,432,50
"S01012926",697,598,99
"S01012927",772,631,141
"S01012928",810,697,113
"S01012929",749,617,132
"S01012930",863,623,240
"S01012931",883,707,176
"S01012932",684,608,76
"S01012933",803,655,148
"S01012934",708,529,179
"S01012935",887,706,181
"S01012936",726,562,164
"S01012937",692,568,124
"S01012938",519,425,94
"S01012939",651,603,48
"S01012940",698,635,63
"S01012941",609,553,56
"S01012942",788,614,174
"S01012943",751,669,82
"S01012944",525,474,51
"S01012945",749,685,64
"S01012946",861,774,87
"S01012947",453,419,34
"S01012948",613,546,67
"S01012949",828,716,112
"S01012950",865,813,52
"S01012952",1554,1452,102
"S01012953",592,528,64
"S01012954",485,440,45
"S01012955",941,806,135
"S01012956",994,729,265
"S01012957",633,492,141
"S01012958",391,320,71
"S01012959",572,511,61
"S01012960",602,506,96
"S01012961",521,456,65
"S01012962",649,591,58
"S01012963",753,691,62
"S01012964",703,658,45
"S01012965",742,576,166
"S01012966",754,624,130
"S01012967",493,398,95
"S01012968",660,567,93
"S01012969",688,541,147
"S01012970",579,458,121
"S01012971",833,700,133
"S01012972",797,628,169
"S01012973",790,620,170
"S01012974",1022,709,313
"S01012975",618,470,148
"S01012976",378,316,62
"S01012977",719,601,118
"S01012978",952,762,190
"S01012979",669,544,125
"S01012980",668,559,109
"S01012981",748,617,131
"S01012982",820,690,130
"S01012983",745,634,111
"S01012984",628,514,114
"S01012985",783,670,113
"S01012986",746,579,167
"S01012987",827,643,184
"S01012988",789,607,182
"S01012989",962,732,230
"S01012990",602,456,146
"S01012991",836,666,170
"S01012992",786,633,153
"S01012993",689,520,169
"S01012994",871,662,209
"S01012995",795,665,130
"S01012996",651,548,103
"S01012997",487,406,81
"S01012998",1055,912,143
"S01012999",479,375,104
"S01013000",642,497,145
"S01013001",302,257,45
"S01013002",575,510,65
"S01013003",539,484,55
"S01013004",780,702,78
"S01013005",743,680,63
"S01013006",912,831,81
"S01013007",848,706,142
"S01013008",582,485,97
"S01013009",634,538,96
"S01013010",595,535,60
"S01013011",267,245,22
"S01013012",488,400,88
"S01013013",1344,1230,114
"S01013014",732,620,112
"S01013015",761,688,73
"S01013016",635,561,74
"S01013017",820,701,119
"S01013018",953,846,107
"S01013019",1466,1363,103
"S01013020",466,367,99
"S01013021",464,392,72
"S01013022",92,77,15
"S01013023",748,666,82
"S01013024",628,540,88
"S01013025",304,266,38
"S01013026",585,429,156
"S01013027",1026,767,259
"S01013028",1203,1013,190
"S01013029",692,490,202
"S01013030",512,402,110
"S01013031",635,499,136
"S01013032",515,465,50
"S01013033",774,671,103
"S01013034",612,459,153
"S01013035",829,663,166
"S01013036",770,604,166
"S01013037",772,627,145
"S01013038",980,775,205
"S01013039",527,490,37
"S01013040",628,485,143
"S01013041",587,475,112
"S01013042",795,680,115
"S01013043",704,525,179
"S01013044",832,652,180
"S01013045",713,569,144
"S01013046",506,385,121
"S01013047",931,864,67
"S01013048",791,689,102
"S01013049",803,708,95
"S01013050",729,531,198
"S01013051",931,718,213
"S01013052",625,484,141
"S01013053",618,437,181
"S01013054",777,617,160
"S01013055",688,514,174
"S01013056",904,682,222
"S01013057",870,701,169
"S01013058",456,436,20
"S01013059",677,540,137
"S01013060",515,430,85
"S01013061",896,787,109
"S01013062",878,754,124
"S01013063",818,713,105
"S01013064",938,729,209
"S01013065",864,670,194
"S01013066",656,532,124
"S01013067",925,853,72
"S01013068",692,568,124
"S01013069",735,646,89
"S01013070",559,470,89
"S01013071",1027,931,96
"S01013072",440,307,133
"S01013073",872,686,186
"S01013074",569,427,142
"S01013075",1014,685,329
"S01013076",804,749,55
"S01013077",717,538,179
"S01013078",572,441,131
"S01013079",1354,1129,225
"S01013080",546,435,111
"S01013081",593,527,66
"S01013082",830,694,136
"S01013083",2627,2483,144
"S01013084",759,659,100
"S01013085",758,616,142
"S01013086",811,703,108
"S01013087",841,778,63
"S01013088",927,846,81
"S01013089",749,619,130
"S01013090",714,659,55
"S01013091",372,342,30
"S01013092",589,496,93
"S01013093",975,845,130
"S01013094",602,551,51
"S01013095",735,690,45
"S01013096",671,603,68
"S01013097",1543,1465,78
"S01013099",908,735,173
"S01013100",630,574,56
"S01013101",993,786,207
"S01013102",603,517,86
"S01013103",863,791,72
"S01013104",984,886,98
"S01013105",901,812,89
"S01013106",814,688,126
"S01013107",663,588,75
"S01013108",596,517,79
"S01013109",979,868,111
"S01013110",709,621,88
"S01013111",457,399,58
"S01013112",534,477,57
"S01013113",815,649,166
"S01013114",837,725,112
"S01013115",442,357,85
"S01013116",943,759,184
"S01013117",357,313,44
"S01013118",805,701,104
"S01013119",785,676,109
"S01013120",970,810,160
"S01013121",402,339,63
"S01013122",598,447,151
"S01013123",774,622,152
"S01013124",719,541,178
"S01013125",798,564,234
"S01013126",743,545,198
"S01013127",853,640,213
"S01013128",624,440,184
"S01013129",1173,845,328
"S01013130",710,559,151
"S01013131",653,538,115
"S01013132",587,435,152
"S01013133",894,549,345
"S01013134",840,674,166
"S01013135",771,573,198
"S01013136",928,688,240
"S01013137",745,541,204
"S01013138",704,540,164
"S01013139",878,626,252
"S01013140",816,600,216
"S01013141",647,470,177
"S01013142",863,535,328
"S01013143",853,636,217
"S01013144",894,645,249
"S01013145",813,586,227
"S01013146",346,251,95
"S01013147",726,579,147
"S01013148",757,603,154
"S01013149",824,668,156
"S01013150",759,572,187
"S01013151",569,483,86
"S01013152",745,606,139
"S01013153",890,663,227
"S01013154",855,654,201
"S01013155",908,740,168
"S01013156",865,677,188
"S01013157",1036,815,221
"S01013158",833,686,147
"S01013159",847,731,116
"S01013160",461,414,47
"S01013161",1021,833,188
"S01013162",815,581,234
"S01013163",702,614,88
"S01013164",1146,876,270
"S01013165",829,624,205
"S01013166",521,368,153
"S01013167",776,582,194
"S01013168",1067,768,299
"S01013169",708,462,246
"S01013170",528,383,145
"S01013171",679,587,92
"S01013172",749,591,158
"S01013173",799,676,123
"S01013174",793,715,78
"S01013175",867,742,125
"S01013176",777,580,197
"S01013177",617,538,79
"S01013178",491,391,100
"S01013179",1075,870,205
"S01013180",434,378,56
"S01013181",718,580,138
"S01013182",743,531,212
"S01013183",834,700,134
"S01013184",505,407,98
"S01013185",810,633,177
"S01013186",740,604,136
"S01013187",769,602,167
"S01013188",941,801,140
"S01013189",474,395,79
"S01013190",949,753,196
"S01013191",1055,955,100
"S01013192",952,720,232
"S01013193",649,531,118
"S01013194",568,464,104
"S01013195",991,731,260
"S01013196",543,453,90
"S01013197",577,459,118
"S01013198",886,652,234
"S01013199",905,685,220
"S01013200",813,605,208
"S01013201",657,445,212
"S01013202",574,447,127
"S01013203",717,554,163
"S01013204",1020,853,167
"S01013205",325,250,75
"S01013206",704,529,175
"S01013207",1170,920,250
"S01013208",919,694,225
"S01013209",819,595,224
"S01013210",588,492,96
"S01013211",859,679,180
"S01013212",362,330,32
"S01013213",555,503,52
"S01013214",438,383,55
"S01013215",990,818,172
"S01013216",588,484,104
"S01013217",676,550,126
"S01013218",609,477,132
"S01013219",527,406,121
"S01013220",696,531,165
"S01013221",888,718,170
"S01013222",595,413,182
"S01013223",1123,802,321
"S01013224",814,631,183
"S01013225",669,506,163
"S01013226",514,453,61
"S01013227",703,522,181
"S01013228",702,536,166
"S01013229",835,612,223
"S01013230",654,487,167
"S01013231",669,513,156
"S01013232",779,555,224
"S01013233",491,390,101
"S01013235",760,595,165
"S01013236",810,680,130
"S01013237",819,714,105
"S01013238",871,620,251
"S01013239",885,669,216
"S01013240",534,391,143
"S01013241",821,703,118
"S01013242",603,520,83
"S01013243",735,580,155
"S01013244",752,523,229
"S01013245",1009,838,171
"S01013246",326,243,83
"S01013247",791,580,211
"S01013248",629,468,161
"S01013249",460,349,111
"S01013250",1003,875,128
"S01013251",558,429,129
"S01013252",680,538,142
"S01013253",708,563,145
"S01013254",633,467,166
"S01013255",1338,1030,308
"S01013256",569,398,171
"S01013257",695,527,168
"S01013258",766,667,99
"S01013259",841,669,172
"S01013260",1072,870,202
"S01013261",713,556,157
"S01013262",642,478,164
"S01013263",403,378,25
"S01013264",290,269,21
"S01013265",697,656,41
"S01013266",416,388,28
"S01013267",806,583,223
"S01013268",839,692,147
"S01013269",1330,1207,123
"S01013270",829,766,63
"S01013271",424,373,51
"S01013272",786,737,49
"S01013273",1173,1103,70
"S01013274",793,689,104
"S01013275",727,616,111
"S01013276",611,537,74
"S01013277",889,709,180
"S01013278",649,507,142
"S01013279",740,601,139
"S01013280",585,489,96
"S01013281",963,771,192
"S01013282",827,686,141
"S01013283",795,666,129
"S01013284",651,592,59
"S01013285",656,575,81
"S01013286",667,585,82
"S01013287",784,729,55
"S01013288",660,544,116
"S01013289",991,900,91
"S01013290",911,794,117
"S01013291",724,642,82
"S01013292",726,658,68
"S01013293",714,645,69
"S01013294",678,587,91
"S01013295",797,702,95
"S01013296",712,552,160
"S01013297",688,569,119
"S01013298",858,704,154
"S01013299",1308,1086,222
"S01013300",552,416,136
"S01013301",486,381,105
"S01013302",1472,1310,162
"S01013303",1020,812,208
"S01013304",793,633,160
"S01013305",952,742,210
"S01013306",816,635,181
"S01013307",1047,864,183
"S01013308",706,541,165
"S01013309",636,554,82
"S01013310",528,451,77
"S01013311",651,532,119
"S01013312",1157,916,241
"S01013313",692,573,119
"S01013314",791,606,185
"S01013316",663,545,118
"S01013317",521,441,80
"S01013318",612,559,53
"S01013319",574,510,64
"S01013320",1040,969,71
"S01013321",500,390,110
"S01013322",801,647,154
"S01013323",947,743,204
"S01013324",649,524,125
"S01013325",867,697,170
"S01013326",541,439,102
"S01013327",697,576,121
"S01013328",652,534,118
"S01013329",538,424,114
"S01013330",1103,973,130
"S01013331",647,602,45
"S01013332",673,547,126
"S01013333",656,575,81
"S01013334",787,650,137
"S01013335",992,825,167
"S01013336",863,683,180
"S01013337",1553,1356,197
"S01013338",202,164,38
"S01013339",584,500,84
"S01013340",805,697,108
"S01013341",597,529,68
"S01013342",644,499,145
"S01013343",673,568,105
"S01013344",585,440,145
"S01013345",762,641,121
"S01013346",914,854,60
"S01013347",590,512,78
"S01013348",1732,1584,148
"S01013349",1047,933,114
"S01013350",400,339,61
"S01013351",784,664,120
"S01013352",897,762,135
"S01013353",669,518,151
"S01013354",557,443,114
"S01013355",653,546,107
"S01013356",686,538,148
"S01013357",876,768,108
"S01013358",811,623,188
"S01013359",621,461,160
"S01013360",687,509,178
"S01013361",569,405,164
"S01013362",494,370,124
"S01013363",666,504,162
"S01013364",616,491,125
"S01013365",1377,1155,222
"S01013366",794,694,100
"S01013367",741,659,82
"S01013368",403,299,104
"S01013369",911,695,216
"S01013370",615,449,166
"S01013371",661,472,189
"S01013372",1008,774,234
"S01013373",925,673,252
"S01013374",959,699,260
"S01013375",676,514,162
"S01013376",492,367,125
"S01013377",772,572,200
"S01013378",979,812,167
"S01013379",826,678,148
"S01013380",1614,1413,201
"S01013381",611,473,138
"S01013382",295,248,47
"S01013383",679,474,205
"S01013384",617,452,165
"S01013385",485,402,83
"S01013386",669,581,88
"S01013387",612,476,136
"S01013388",627,476,151
"S01013389",757,614,143
"S01013390",328,250,78
"S01013391",928,741,187
"S01013392",253,212,41
"S01013393",460,333,127
"S01013394",680,534,146
"S01013395",609,454,155
"S01013396",808,742,66
"S01013397",732,597,135
"S01013398",121,109,12
"S01013399",1045,859,186
"S01013400",637,514,123
"S01013401",3832,3579,253
"S01013404",194,178,16
"S01013405",663,529,134
"S01013406",612,471,141
"S01013407",534,420,114
"S01013408",892,709,183
"S01013409",1067,935,132
"S01013410",130,96,34
"S01013411",723,617,106
"S01013412",689,571,118
"S01013413",776,641,135
"S01013414",977,712,265
"S01013415",649,464,185
"S01013416",576,442,134
"S01013417",821,639,182
"S01013418",425,346,79
"S01013419",468,418,50
"S01013420",437,359,78
"S01013421",932,879,53
"S01013422",724,591,133
"S01013423",820,701,119
"S01013424",494,451,43
"S01013425",330,287,43
"S01013426",830,640,190
"S01013427",964,856,108
"S01013428",649,507,142
"S01013429",208,161,47
"S01013430",700,573,127
"S01013431",1159,935,224
"S01013432",673,537,136
"S01013433",669,567,102
"S01013434",517,483,34
"S01013435",664,628,36
"S01013436",884,745,139
"S01013437",645,530,115
"S01013438",575,456,119
"S01013439",899,812,87
"S01013440",1024,929,95
"S01013441",771,676,95
"S01013442",785,693,92
"S01013443",635,568,67
"S01013444",928,749,179
"S01013445",717,566,151
"S01013446",713,573,140
"S01013447",645,622,23
"S01013448",798,679,119
"S01013449",640,582,58
"S01013450",588,540,48
"S01013451",871,803,68
"S01013452",779,722,57
"S01013453",772,623,149
"S01013454",753,681,72
"S01013455",560,473,87
"S01013456",772,605,167
"S01013457",909,711,198
"S01013458",711,606,105
"S01013459",837,622,215
"S01013460",849,706,143
"S01013461",1098,940,158
"S01013462",830,726,104
"S01013463",433,380,53
"S01013464",706,579,127
"S01013465",669,544,125
"S01013466",760,698,62
"S01013467",950,838,112
"S01013468",529,378,151
"S01013469",841,709,132
"S01013470",899,725,174
"S01013471",838,681,157
"S01013472",283,253,30
"S01013473",328,314,14
"S01013474",567,518,49
"S01013475",685,595,90
"S01013476",626,512,114
"S01013477",605,472,133
"S01013478",860,723,137
"S01013479",786,592,194
"S01013480",671,508,163
"S01013481",451,371,80
