dz_2011,total,good,not_good
S01006506,765,720,45
S01006507,1092,1035,57
S01006508,858,817,41
S01006509,715,658,57
S01006510,735,675,60
S01006511,1019,927,92
S01006512,407,391,16
S01006513,1006,967,39
S01006514,1117,1068,49
S01006515,1168,1123,45
S01006516,903,865,38
S01006517,1049,1017,32
S01006518,1049,1010,39
S01006519,874,840,34
S01006520,897,884,13
S01006521,577,539,38
S01006522,560,540,20
S01006523,1409,1325,84
S01006524,1299,1213,86
S01006525,1305,1245,60
S01006526,1529,1371,158
S01006527,1388,1246,142
S01006528,1125,1022,103
S01006529,1028,920,108
S01006530,1179,1032,147
S01006531,1278,1121,157
S01006532,806,741,65
S01006533,830,799,31
S01006534,983,930,53
S01006535,1063,1009,54
S01006536,1246,1180,66
S01006537,852,817,35
S01006538,686,645,41
S01006539,1008,920,88
S01006540,1259,1173,86
S01006541,990,916,74
S01006542,963,912,51
S01006543,1012,948,64
S01006544,1140,1093,47
S01006545,1112,1029,83
S01006546,1175,1126,49
S01006547,1409,1274,135
S01006548,770,743,27
S01006549,828,789,39
S01006550,1263,1196,67
S01006551,921,826,95
S01006552,1348,1139,209
S01006553,1022,923,99
S01006554,937,831,106
S01006555,1089,830,259
S01006556,1032,901,131
S01006557,862,765,97
S01006558,880,835,45
S01006559,639,601,38
S01006560,1056,999,57
S01006561,891,863,28
S01006562,1044,950,94
S01006563,1138,1064,74
S01006564,1172,1067,105
S01006565,1201,1093,108
S01006566,851,811,40
S01006567,1149,1040,109
S01006568,1104,1043,61
S01006569,749,701,48
S01006570,875,832,43
S01006571,1168,1126,42
S01006572,1364,1291,73
S01006573,706,686,20
S01006574,967,918,49
S01006575,1145,1103,42
S01006576,871,833,38
S01006577,925,892,33
S01006578,1514,1422,92
S01006579,1299,1248,51
S01006580,806,762,44
S01006581,1233,1170,63
S01006582,591,551,40
S01006583,964,929,35
S01006584,872,852,20
S01006585,809,712,97
S01006586,803,735,68
S01006587,502,445,57
S01006588,650,627,23
S01006589,1065,966,99
S01006590,617,568,49
S01006591,544,523,21
S01006592,434,418,16
S01006593,589,541,48
S01006594,761,718,43
S01006595,740,702,38
S01006596,964,892,72
S01006597,822,784,38
S01006598,1074,1028,46
S01006599,1087,958,129
S01006600,1326,1226,100
S01006601,953,892,61
S01006602,982,913,69
S01006603,1377,1241,136
S01006604,938,851,87
S01006605,868,747,121
S01006606,1380,1241,139
S01006607,1302,1172,130
S01006608,871,815,56
S01006609,1343,1195,148
S01006610,752,641,111
S01006611,1183,1054,129
S01006612,995,914,81
S01006613,474,459,15
S01006614,929,910,19
S01006615,445,431,14
S01006616,811,782,29
S01006617,1022,960,62
S01006618,568,543,25
S01006619,995,933,62
S01006620,1146,1086,60
S01006621,838,778,60
S01006622,655,636,19
S01006623,1500,1338,162
S01006624,800,712,88
S01006625,858,766,92
S01006626,839,718,121
S01006627,674,600,74
S01006628,1110,1019,91
S01006629,925,803,122
S01006630,867,732,135
S01006631,1155,1010,145
S01006632,960,838,122
S01006633,967,845,122
S01006634,804,708,96
S01006635,1001,863,138
S01006636,980,852,128
S01006637,606,553,53
S01006638,1061,906,155
S01006639,944,795,149
S01006640,201,182,19
S01006641,962,804,158
S01006642,822,760,62
S01006643,1056,971,85
S01006644,590,525,65
S01006645,1185,1034,151
S01006646,1040,980,60
S01006647,688,600,88
S01006648,1691,1579,112
S01006649,696,623,73
S01006650,914,833,81
S01006651,725,655,70
S01006652,678,616,62
S01006653,714,678,36
S01006654,861,730,131
S01006655,581,390,191
S01006656,906,841,65
S01006657,595,562,33
S01006658,1186,1095,91
S01006659,895,846,49
S01006660,639,575,64
S01006661,726,677,49
S01006662,685,611,74
S01006663,1263,1215,48
S01006664,421,398,23
S01006665,799,745,54
S01006666,1388,1143,245
S01006667,1059,846,213
S01006668,833,770,63
S01006669,1193,1013,180
S01006670,471,378,93
S01006671,1338,1265,73
S01006672,767,678,89
S01006673,960,881,79
S01006674,930,799,131
S01006675,520,455,65
S01006676,798,644,154
S01006677,697,598,99
S01006678,1092,962,130
S01006679,884,796,88
S01006680,801,690,111
S01006681,1134,922,212
S01006682,812,703,109
S01006683,1164,1046,118
S01006684,727,622,105
S01006685,854,712,142
S01006686,931,794,137
S01006687,987,870,117
S01006688,1064,926,138
S01006689,481,461,20
S01006690,772,699,73
S01006691,873,807,66
S01006692,918,836,82
S01006693,1157,1044,113
S01006694,1219,1043,176
S01006695,761,660,101
S01006696,1127,991,136
S01006697,1122,1016,106
S01006698,938,798,140
S01006699,820,751,69
S01006700,1319,1184,135
S01006701,1102,977,125
S01006702,996,875,121
S01006703,804,703,101
S01006704,896,789,107
S01006705,1004,891,113
S01006706,854,755,99
S01006707,772,691,81
S01006708,892,751,141
S01006709,1107,958,149
S01006710,1164,1048,116
S01006711,1146,992,154
S01006712,664,580,84
S01006713,997,889,108
S01006714,934,824,110
S01006715,1104,1001,103
S01006716,654,601,53
S01006717,1062,940,122
S01006718,713,640,73
S01006719,1015,892,123
S01006720,786,711,75
S01006721,1005,899,106
S01006722,852,766,86
S01006723,1025,916,109
S01006724,1319,1122,197
S01006725,1038,908,130
S01006726,987,878,109
S01006727,1187,976,211
S01006728,944,859,85
S01006729,863,757,106
S01006730,779,696,83
S01006731,557,493,64
S01006732,1047,989,58
S01006733,945,926,19
S01006734,1136,1102,34
S01006735,952,920,32
S01006736,920,902,18
S01006737,822,790,32
S01006738,660,620,40
S01006739,525,487,38
S01006740,1072,963,109
S01006741,812,724,88
S01006742,507,462,45
S01006743,968,879,89
S01006744,661,600,61
S01006745,1061,936,125
S01006746,768,707,61
S01006747,1207,1145,62
S01006748,1064,993,71
S01006749,1398,1273,125
S01006750,792,711,81
S01006751,486,443,43
S01006752,893,800,93
S01006753,946,875,71
S01006754,1233,1167,66
S01006755,817,780,37
S01006756,269,243,26
S01006757,1436,1362,74
S01006758,710,683,27
S01006759,646,611,35
S01006760,628,600,28
S01006761,1017,961,56
S01006762,1058,970,88
S01006763,1176,1154,22
S01006764,867,844,23
S01006765,781,749,32
S01006766,666,653,13
S01006767,939,843,96
S01006768,746,728,18
S01006769,1345,1269,76
S01006770,767,740,27
S01006771,570,549,21
S01006772,1452,1394,58
S01006773,736,713,23
S01006774,894,879,15
S01006775,805,736,69
S01006776,735,632,103
S01006777,1080,1044,36
S01006778,955,889,66
S01006779,1099,999,100
S01006780,899,826,73
S01006781,1030,969,61
S01006782,985,937,48
S01006783,680,633,47
S01006784,726,689,37
S01006785,714,686,28
S01006786,1124,1077,47
S01006787,1121,1059,62
S01006788,694,663,31
S01006789,973,891,82
S01006790,898,843,55
S01006791,514,489,25
S01006792,689,617,72
S01006793,639,601,38
S01006794,841,787,54
S01006795,703,675,28
S01006796,379,350,29
S01006797,673,651,22
S01006798,691,660,31
S01006799,960,879,81
S01006800,899,860,39
S01006801,739,662,77
S01006802,679,638,41
S01006803,751,703,48
S01006804,731,695,36
S01006805,1072,1009,63
S01006806,1015,956,59
S01006807,524,502,22
S01006808,890,830,60
S01006809,960,903,57
S01006810,1017,923,94
S01006811,881,837,44
S01006812,751,716,35
S01006813,864,806,58
S01006814,958,930,28
S01006815,612,556,56
S01006816,931,891,40
S01006817,710,672,38
S01006818,672,646,26
S01006819,819,788,31
S01006820,561,541,20
S01006821,938,890,48
S01006822,774,748,26
S01006823,881,813,68
S01006824,690,639,51
S01006825,1098,1053,45
S01006826,1229,1166,63
S01006827,994,929,65
S01006828,973,923,50
S01006829,257,245,12
S01006830,640,612,28
S01006831,1355,1293,62
S01006832,980,930,50
S01006833,724,703,21
S01006834,255,249,6
S01006835,1198,1094,104
S01006836,51,46,5
S01006837,488,466,22
S01006838,1067,1008,59
S01006839,922,875,47
S01006840,1184,1149,35
S01006841,1438,1377,61
S01006842,1101,1044,57
S01006843,1017,971,46
S01006844,722,682,40
S01006845,1016,980,36
S01006846,887,823,64
S01006847,832,790,42
S01006848,848,806,42
S01006849,400,365,35
S01006850,1213,1155,58
S01006851,763,707,56
S01006852,581,560,21
S01006853,841,808,33
S01006854,1352,1294,58
S01006855,746,724,22
S01006856,881,842,39
S01006857,971,925,46
S01006858,611,594,17
S01006859,1049,1028,21
S01006860,692,628,64
S01006861,243,229,14
S01006862,962,907,55
S01006863,618,578,40
S01006864,145,130,15
S01006865,947,895,52
S01006866,668,644,24
S01006867,1132,1046,86
S01006868,888,839,49
S01006869,576,525,51
S01006870,547,522,25
S01006871,986,926,60
S01006872,961,905,56
S01006873,1137,1034,103
S01006874,644,585,59
S01006875,701,644,57
S01006876,1010,958,52
S01006877,1045,985,60
S01006878,988,912,76
S01006879,883,836,47
S01006880,574,557,17
S01006881,561,539,22
S01006882,931,866,65
S01006883,581,556,25
S01006884,1000,935,65
S01006885,698,661,37
S01006886,755,722,33
S01006887,422,404,18
S01006888,704,669,35
S01006889,681,633,48
S01006890,1012,956,56
S01006891,675,645,30
S01006892,622,581,41
S01006893,1095,1036,59
S01006894,639,593,46
S01006895,558,512,46
S01006896,744,718,26
S01006897,1074,1017,57
S01006898,491,463,28
S01006899,394,381,13
S01006900,514,500,14
S01006901,883,838,45
S01006902,688,658,30
S01006903,917,852,65
S01006904,513,455,58
S01006905,937,850,87
S01006906,1058,944,114
S01006907,619,577,42
S01006908,869,804,65
S01006909,264,257,7
S01006910,333,320,13
S01006911,316,308,8
S01006912,262,249,13
S01006913,549,531,18
S01006914,777,745,32
S01006915,835,809,26
S01006916,272,256,16
S01006917,113,111,2
S01006918,472,448,24
S01006919,541,518,23
S01006920,583,538,45
S01006921,415,399,16
S01006922,587,558,29
S01006923,718,679,39
S01006924,429,413,16
S01006925,553,538,15
S01006926,310,299,11
S01006927,275,263,12
S01006928,1132,1066,66
S01006929,1337,1308,29
S01006930,803,779,24
S01006931,420,402,18
S01006932,479,466,13
S01006933,896,877,19
S01006934,693,597,96
S01006935,1025,996,29
S01006936,746,718,28
S01006937,911,873,38
S01006938,932,896,36
S01006939,707,684,23
S01006940,1118,1082,36
S01006941,887,844,43
S01006942,1089,1049,40
S01006943,264,251,13
S01006944,87,85,2
S01006945,1094,1054,40
S01006946,795,764,31
S01006947,1110,1076,34
S01006948,966,924,42
S01006949,680,658,22
S01006950,222,214,8
S01006951,827,779,48
S01006952,1092,1033,59
S01006953,1257,1204,53
S01006954,1090,1042,48
S01006955,574,535,39
S01006956,708,671,37
S01006957,830,788,42
S01006958,1060,1001,59
S01006959,824,753,71
S01006960,363,350,13
S01006961,322,304,18
S01006962,782,739,43
S01006963,1103,1070,33
S01006964,870,842,28
S01006965,570,544,26
S01006966,811,758,53
S01006967,820,793,27
S01006968,1094,1007,87
S01006969,1088,1008,80
S01006970,724,701,23
S01006971,915,870,45
S01006972,474,457,17
S01006973,564,539,25
S01006974,1319,1266,53
S01006975,1084,1033,51
S01006976,573,548,25
S01006977,838,805,33
S01006978,790,749,41
S01006979,1349,1286,63
S01006980,627,594,33
S01006981,787,756,31
S01006982,960,925,35
S01006983,1054,1004,50
S01006984,793,766,27
S01006985,1317,1243,74
S01006986,449,423,26
S01006987,1005,960,45
S01006988,472,460,12
S01006989,716,694,22
S01006990,448,429,19
S01006991,701,650,51
S01006992,854,814,40
S01006993,705,663,42
S01006994,627,602,25
S01006995,897,861,36
S01006996,706,668,38
S01006997,601,580,21
S01006998,974,923,51
S01006999,808,752,56
S01007000,1151,1057,94
S01007001,977,886,91
S01007002,428,400,28
S01007003,533,505,28
S01007004,1048,984,64
S01007005,917,885,32
S01007006,963,878,85
S01007007,741,697,44
S01007008,871,787,84
S01007009,1310,1228,82
S01007010,965,895,70
S01007011,1119,1009,110
S01007012,999,895,104
S01007013,862,787,75
S01007014,1025,946,79
S01007015,735,700,35
S01007016,538,520,18
S01007017,1137,1037,100
S01007018,1207,1132,75
S01007019,1010,940,70
S01007020,969,884,85
S01007021,1347,1265,82
S01007022,448,421,27
S01007023,719,669,50
S01007024,1099,992,107
S01007025,1125,1019,106
S01007026,955,885,70
S01007027,1335,1182,153
S01007028,1236,1146,90
S01007029,506,476,30
S01007030,987,925,62
S01007031,611,552,59
S01007032,1181,1053,128
S01007033,1144,1065,79
S01007034,988,887,101
S01007035,956,870,86
S01007036,1022,926,96
S01007037,1126,1039,87
S01007038,815,744,71
S01007039,726,665,61
S01007040,1067,972,95
S01007041,1009,899,110
S01007042,889,826,63
S01007043,1070,983,87
S01007044,1059,970,89
S01007045,857,788,69
S01007046,523,476,47
S01007047,950,844,106
S01007048,1310,1222,88
S01007049,1014,902,112
S01007050,973,909,64
S01007051,942,845,97
S01007052,556,511,45
S01007053,796,714,82
S01007054,1044,962,82
S01007055,476,444,32
S01007056,803,747,56
S01007057,870,814,56
S01007058,822,749,73
S01007059,1148,1081,67
S01007060,675,622,53
S01007061,1100,1042,58
S01007062,696,649,47
S01007063,1401,1314,87
S01007064,717,677,40
S01007065,738,689,49
S01007066,664,616,48
S01007067,1321,1213,108
S01007068,768,670,98
S01007069,1051,968,83
S01007070,755,668,87
S01007071,1151,1063,88
S01007072,1492,1383,109
S01007073,1797,1658,139
S01007074,1225,1154,71
S01007075,1091,1006,85
S01007076,926,872,54
S01007077,883,823,60
S01007078,1076,953,123
S01007079,1206,1079,127
S01007080,869,763,106
S01007081,1093,986,107
S01007082,705,633,72
S01007083,904,766,138
S01007084,875,767,108
S01007085,1112,1033,79
S01007086,1037,832,205
S01007087,925,740,185
S01007088,710,629,81
S01007089,587,565,22
S01007090,541,518,23
S01007091,283,270,13
S01007092,703,615,88
S01007093,1080,1031,49
S01007094,1174,1087,87
S01007095,667,624,43
S01007096,952,898,54
S01007097,842,797,45
S01007098,498,468,30
S01007099,654,610,44
S01007100,884,834,50
S01007101,1251,1152,99
S01007102,774,712,62
S01007103,814,741,73
S01007104,477,447,30
S01007105,654,579,75
S01007106,929,836,93
S01007107,650,605,45
S01007108,654,585,69
S01007109,983,873,110
S01007110,964,872,92
S01007111,547,501,46
S01007112,888,819,69
S01007113,822,718,104
S01007114,867,805,62
S01007115,777,702,75
S01007116,687,655,32
S01007117,667,642,25
S01007118,978,894,84
S01007119,1043,946,97
S01007120,1131,1013,118
S01007121,727,592,135
S01007122,585,527,58
S01007123,1002,874,128
S01007124,1080,986,94
S01007125,759,678,81
S01007126,1025,895,130
S01007127,590,520,70
S01007128,1047,904,143
S01007129,681,645,36
S01007130,675,618,57
S01007131,795,741,54
S01007132,707,666,41
S01007133,607,547,60
S01007134,800,742,58
S01007135,667,630,37
S01007136,320,303,17
S01007137,154,147,7
S01007138,454,419,35
S01007139,742,691,51
S01007140,822,762,60
S01007141,655,590,65
S01007142,162,158,4
S01007143,448,417,31
S01007144,1476,1373,103
S01007145,939,863,76
S01007146,876,815,61
S01007147,927,862,65
S01007148,600,578,22
S01007149,991,925,66
S01007150,814,761,53
S01007151,1065,947,118
S01007152,825,770,55
S01007153,1022,944,78
S01007154,927,833,94
S01007155,693,628,65
S01007156,984,903,81
S01007157,850,799,51
S01007158,872,816,56
S01007159,871,780,91
S01007160,823,748,75
S01007161,920,828,92
S01007162,398,340,58
S01007163,1059,983,76
S01007164,835,774,61
S01007165,902,832,70
S01007166,1083,1014,69
S01007167,945,909,36
S01007168,1065,996,69
S01007169,946,896,50
S01007170,709,651,58
S01007171,1199,1127,72
S01007172,1133,1098,35
S01007173,632,598,34
S01007174,773,694,79
S01007175,784,676,108
S01007176,1092,1015,77
S01007177,791,727,64
S01007178,1007,909,98
S01007179,1302,1222,80
S01007180,1062,972,90
S01007181,1211,1126,85
S01007182,1201,1092,109
S01007183,1253,1141,112
S01007184,995,905,90
S01007185,928,831,97
S01007186,600,530,70
S01007187,773,654,119
S01007188,733,654,79
S01007189,884,734,150
S01007190,958,851,107
S01007191,740,661,79
S01007192,821,752,69
S01007193,880,788,92
S01007194,629,574,55
S01007195,926,843,83
S01007196,730,675,55
S01007197,408,359,49
S01007198,473,424,49
S01007199,1102,989,113
S01007200,931,848,83
S01007201,1057,990,67
S01007202,822,750,72
S01007203,908,850,58
S01007204,981,925,56
S01007205,825,794,31
S01007206,336,297,39
S01007207,1074,997,77
S01007208,802,729,73
S01007209,701,599,102
S01007210,1042,959,83
S01007211,778,705,73
S01007212,786,730,56
S01007213,843,779,64
S01007214,943,806,137
S01007215,944,888,56
S01007216,852,794,58
S01007217,896,821,75
S01007218,787,737,50
S01007219,1085,997,88
S01007220,820,759,61
S01007221,659,618,41
S01007222,1175,1102,73
S01007223,706,675,31
S01007224,704,653,51
S01007225,1028,959,69
S01007226,910,852,58
S01007227,1381,1269,112
S01007228,788,730,58
S01007229,1220,1123,97
S01007230,1297,1152,145
S01007231,759,673,86
S01007232,587,507,80
S01007233,745,700,45
S01007234,658,596,62
S01007235,1023,923,100
S01007236,1145,1029,116
S01007237,770,716,54
S01007238,986,923,63
S01007239,1305,1218,87
S01007240,589,545,44
S01007241,1189,1113,76
S01007242,1091,996,95
S01007243,1294,1191,103
S01007244,635,588,47
S01007245,762,690,72
S01007246,632,587,45
S01007247,1063,1004,59
S01007248,857,797,60
S01007249,602,557,45
S01007250,765,705,60
S01007251,654,609,45
S01007252,815,758,57
S01007253,748,693,55
S01007254,886,788,98
S01007255,1061,957,104
S01007256,773,710,63
S01007257,837,765,72
S01007258,806,736,70
S01007259,966,869,97
S01007260,1193,1067,126
S01007261,1015,953,62
S01007262,737,663,74
S01007263,1272,1145,127
S01007264,921,825,96
S01007265,1139,1040,99
S01007266,830,750,80
S01007267,581,539,42
S01007268,582,537,45
S01007269,653,617,36
S01007270,501,465,36
S01007271,1136,1029,107
S01007272,1163,1058,105
S01007273,667,617,50
S01007274,854,765,89
S01007275,782,697,85
S01007276,1129,1055,74
S01007277,991,941,50
S01007278,949,906,43
S01007279,660,620,40
S01007280,630,588,42
S01007281,1085,1011,74
S01007282,534,503,31
S01007283,888,791,97
S01007284,882,818,64
S01007285,1014,937,77
S01007286,1347,1266,81
S01007287,553,517,36
S01007288,742,681,61
S01007289,1001,946,55
S01007290,411,357,54
S01007291,585,520,65
S01007292,758,724,34
S01007293,1250,1165,85
S01007294,1005,926,79
S01007295,658,574,84
S01007296,584,519,65
S01007297,927,872,55
S01007298,554,517,37
S01007299,953,894,59
S01007300,780,736,44
S01007301,865,813,52
S01007302,896,796,100
S01007303,1025,953,72
S01007304,577,528,49
S01007305,961,897,64
S01007306,1026,952,74
S01007307,965,912,53
S01007308,812,742,70
S01007309,760,710,50
S01007310,947,869,78
S01007311,958,881,77
S01007312,851,777,74
S01007313,875,814,61
S01007314,893,844,49
S01007315,771,709,62
S01007316,1106,1008,98
S01007317,1187,1046,141
S01007318,630,586,44
S01007319,834,768,66
S01007320,1025,962,63
S01007321,633,571,62
S01007322,839,780,59
S01007323,579,524,55
S01007324,301,274,27
S01007325,758,674,84
S01007326,1069,996,73
S01007327,958,862,96
S01007328,1126,1026,100
S01007329,658,611,47
S01007330,858,800,58
S01007331,935,875,60
S01007332,725,671,54
S01007333,1166,1076,90
S01007334,944,821,123
S01007335,1026,927,99
S01007336,769,672,97
S01007337,671,571,100
S01007338,1189,1092,97
S01007339,865,814,51
S01007340,748,666,82
S01007341,806,726,80
S01007342,851,767,84
S01007343,768,696,72
S01007344,579,514,65
S01007345,597,499,98
S01007346,897,757,140
S01007347,1156,1029,127
S01007348,905,798,107
S01007349,688,618,70
S01007350,687,587,100
S01007351,673,615,58
S01007352,526,478,48
S01007353,687,621,66
S01007354,806,717,89
S01007355,1300,1152,148
S01007356,734,654,80
S01007357,822,743,79
S01007358,1539,1425,114
S01007359,950,833,117
S01007360,809,712,97
S01007361,1104,967,137
S01007362,1025,915,110
S01007363,1037,902,135
S01007364,1095,938,157
S01007365,466,397,69
S01007366,597,481,116
S01007367,647,569,78
S01007368,706,610,96
S01007369,1098,970,128
S01007370,908,801,107
S01007371,893,800,93
S01007372,983,890,93
S01007373,593,534,59
S01007374,881,811,70
S01007375,506,468,38
S01007376,1093,988,105
S01007377,690,640,50
S01007378,3013,2950,63
S01007379,893,808,85
S01007380,784,731,53
S01007381,514,462,52
S01007382,1041,961,80
S01007383,784,717,67
S01007384,1088,987,101
S01007385,1377,1229,148
S01007386,877,834,43
S01007387,947,891,56
S01007388,788,756,32
S01007389,966,922,44
S01007390,440,415,25
S01007391,671,650,21
S01007392,464,441,23
S01007393,1022,908,114
S01007394,765,710,55
S01007395,1240,1100,140
S01007396,1112,1005,107
S01007397,983,928,55
S01007398,715,634,81
S01007399,731,637,94
S01007400,924,809,115
S01007401,782,734,48
S01007402,755,709,46
S01007403,801,778,23
S01007404,689,640,49
S01007405,513,471,42
S01007406,710,668,42
S01007407,804,747,57
S01007408,919,847,72
S01007409,727,675,52
S01007410,917,772,145
S01007411,872,704,168
S01007412,582,490,92
S01007413,805,754,51
S01007414,343,322,21
S01007415,944,795,149
S01007416,566,493,73
S01007417,249,220,29
S01007418,756,642,114
S01007419,999,872,127
S01007420,1485,1299,186
S01007421,615,551,64
S01007422,803,717,86
S01007423,377,342,35
S01007424,778,729,49
S01007425,1053,987,66
S01007426,909,805,104
S01007427,809,696,113
S01007428,1121,1019,102
S01007429,1030,958,72
S01007430,580,531,49
S01007431,719,673,46
S01007432,730,667,63
S01007433,960,855,105
S01007434,634,560,74
S01007435,860,784,76
S01007436,1062,932,130
S01007437,562,505,57
S01007438,721,633,88
S01007439,976,863,113
S01007440,868,799,69
S01007441,676,642,34
S01007442,790,760,30
S01007443,1010,938,72
S01007444,1473,1385,88
S01007445,793,758,35
S01007446,758,719,39
S01007447,638,599,39
S01007448,1004,906,98
S01007449,1044,893,151
S01007450,1333,1180,153
S01007451,723,660,63
S01007452,800,709,91
S01007453,116,101,15
S01007454,626,526,100
S01007455,933,804,129
S01007456,1079,927,152
S01007457,692,602,90
S01007458,846,778,68
S01007459,920,822,98
S01007460,918,795,123
S01007461,969,819,150
S01007462,1006,860,146
S01007463,1149,989,160
S01007464,1145,952,193
S01007465,847,719,128
S01007466,942,792,150
S01007467,1016,873,143
S01007468,1215,1136,79
S01007469,731,664,67
S01007470,657,544,113
S01007471,539,479,60
S01007472,1153,991,162
S01007473,485,410,75
S01007474,435,386,49
S01007475,503,438,65
S01007476,787,725,62
S01007477,786,717,69
S01007478,947,864,83
S01007479,462,405,57
S01007480,891,818,73
S01007481,993,934,59
S01007482,740,656,84
S01007483,1049,946,103
S01007484,912,820,92
S01007485,909,816,93
S01007486,923,795,128
S01007487,1200,1024,176
S01007488,1039,927,112
S01007489,926,832,94
S01007490,1273,1119,154
S01007491,767,687,80
S01007492,716,628,88
S01007493,977,889,88
S01007494,818,710,108
S01007495,721,670,51
S01007496,1080,968,112
S01007497,637,579,58
S01007498,1127,987,140
S01007499,870,791,79
S01007500,779,694,85
S01007501,685,596,89
S01007502,680,598,82
S01007503,1097,976,121
S01007504,1147,1034,113
S01007505,460,428,32
S01007506,557,512,45
S01007507,1490,1346,144
S01007508,689,615,74
S01007509,736,663,73
S01007510,968,844,124
S01007511,1201,1070,131
S01007512,576,513,63
S01007513,1115,1011,104
S01007514,619,541,78
S01007515,638,583,55
S01007516,816,726,90
S01007517,555,485,70
S01007518,914,808,106
S01007519,605,551,54
S01007520,979,885,94
S01007521,731,689,42
S01007522,1149,1028,121
S01007523,511,466,45
S01007524,934,865,69
S01007525,565,501,64
S01007526,943,855,88
S01007527,1473,1369,104
S01007528,961,881,80
S01007529,827,761,66
S01007530,534,495,39
S01007531,793,734,59
S01007532,505,479,26
S01007533,799,731,68
S01007534,1369,1229,140
S01007535,913,832,81
S01007536,1066,969,97
S01007537,1458,1329,129
S01007538,796,746,50
S01007539,869,785,84
S01007540,833,732,101
S01007541,1166,1029,137
S01007542,960,859,101
S01007543,1278,1181,97
S01007544,1440,1320,120
S01007545,1302,1204,98
S01007546,606,562,44
S01007547,546,503,43
S01007548,896,833,63
S01007549,783,716,67
S01007550,1284,1181,103
S01007551,1290,1176,114
S01007552,1044,911,133
S01007553,1065,903,162
S01007554,889,744,145
S01007555,782,700,82
S01007556,785,699,86
S01007557,1201,1090,111
S01007558,570,494,76
S01007559,796,746,50
S01007560,1052,953,99
S01007561,1004,889,115
S01007562,783,719,64
S01007563,1084,995,89
S01007564,1225,1110,115
S01007565,1002,925,77
S01007566,767,714,53
S01007567,547,521,26
S01007568,765,715,50
S01007569,960,858,102
S01007570,990,900,90
S01007571,549,498,51
S01007572,712,657,55
S01007573,169,107,62
S01007574,1380,1251,129
S01007575,879,757,122
S01007576,1113,977,136
S01007577,919,818,101
S01007578,885,784,101
S01007579,538,486,52
S01007580,1011,903,108
S01007581,651,590,61
S01007582,875,767,108
S01007583,1241,1054,187
S01007584,857,749,108
S01007585,1041,947,94
S01007586,1003,907,96
S01007587,814,756,58
S01007588,1052,959,93
S01007589,1106,1007,99
S01007590,653,597,56
S01007591,883,783,100
S01007592,998,874,124
S01007593,1065,877,188
S01007594,897,788,109
S01007595,956,886,70
S01007596,807,721,86
S01007597,646,605,41
S01007598,1068,994,74
S01007599,636,550,86
S01007600,975,870,105
S01007601,673,652,21
S01007602,1050,1017,33
S01007603,973,956,17
S01007604,1099,1036,63
S01007605,1188,1107,81
S01007606,614,571,43
S01007607,1038,982,56
S01007608,1094,1029,65
S01007609,909,808,101
S01007610,804,672,132
S01007611,1017,853,164
S01007612,1001,875,126
S01007613,999,927,72
S01007614,807,769,38
S01007615,1280,1153,127
S01007616,907,778,129
S01007617,736,675,61
S01007618,866,761,105
S01007619,808,725,83
S01007620,853,782,71
S01007621,771,683,88
S01007622,860,773,87
S01007623,501,465,36
S01007624,777,729,48
S01007625,721,668,53
S01007626,496,482,14
S01007627,242,231,11
S01007628,859,808,51
S01007629,740,699,41
S01007630,833,786,47
S01007631,593,552,41
S01007632,1647,1510,137
S01007633,1513,1387,126
S01007634,666,613,53
S01007635,805,735,70
S01007636,1257,1147,110
S01007637,1420,1309,111
S01007638,1064,949,115
S01007639,1007,951,56
S01007640,582,535,47
S01007641,679,616,63
S01007642,1104,1006,98
S01007643,958,857,101
S01007644,888,825,63
S01007645,775,724,51
S01007646,672,602,70
S01007647,1083,1009,74
S01007648,1106,1035,71
S01007649,790,721,69
S01007650,1065,968,97
S01007651,753,687,66
S01007652,797,726,71
S01007653,1129,1068,61
S01007654,1238,1101,137
S01007655,777,707,70
S01007656,968,890,78
S01007657,684,636,48
S01007658,662,602,60
S01007659,988,897,91
S01007660,1332,1194,138
S01007661,800,712,88
S01007662,994,865,129
S01007663,1109,996,113
S01007664,576,491,85
S01007665,675,615,60
S01007666,313,293,20
S01007667,535,484,51
S01007668,1296,1150,146
S01007669,665,610,55
S01007670,1033,898,135
S01007671,695,602,93
S01007672,1049,974,75
S01007673,688,630,58
S01007674,1143,1052,91
S01007675,701,645,56
S01007676,531,490,41
S01007677,155,146,9
S01007678,783,686,97
S01007679,945,842,103
S01007680,977,919,58
S01007681,540,499,41
S01007682,1120,1053,67
S01007683,1224,1183,41
S01007684,1305,1228,77
S01007685,1246,1204,42
S01007686,1177,1104,73
S01007687,1018,960,58
S01007688,1140,1069,71
S01007689,662,614,48
S01007690,1335,1260,75
S01007691,2035,1926,109
S01007692,982,920,62
S01007693,735,647,88
S01007694,401,345,56
S01007695,994,832,162
S01007696,929,850,79
S01007697,1331,1174,157
S01007698,1247,1148,99
S01007699,820,742,78
S01007700,939,873,66
S01007701,444,375,69
S01007702,344,316,28
S01007703,1199,1080,119
S01007704,1367,1169,198
S01007705,795,731,64
S01007706,771,715,56
S01007707,267,244,23
S01007708,1144,1028,116
S01007709,817,713,104
S01007710,1107,993,114
S01007711,1312,1172,140
S01007712,1056,942,114
S01007713,609,511,98
S01007714,673,606,67
S01007715,658,525,133
S01007716,1122,913,209
S01007717,967,826,141
S01007718,985,812,173
S01007719,1493,1279,214
S01007720,1145,985,160
S01007721,1119,940,179
S01007722,969,777,192
S01007723,1067,825,242
S01007724,744,670,74
S01007725,1320,1073,247
S01007726,885,736,149
S01007727,771,674,97
S01007728,1058,947,111
S01007729,963,862,101
S01007730,891,825,66
S01007731,500,437,63
S01007732,623,545,78
S01007733,939,886,53
S01007734,865,807,58
S01007735,865,805,60
S01007736,898,826,72
S01007737,994,891,103
S01007738,1130,993,137
S01007739,779,674,105
S01007740,730,674,56
S01007741,889,759,130
S01007742,742,659,83
S01007743,908,761,147
S01007744,795,667,128
S01007745,1013,845,168
S01007746,963,828,135
S01007747,890,768,122
S01007748,709,618,91
S01007749,1013,930,83
S01007750,1084,1018,66
S01007751,771,708,63
S01007752,1176,1054,122
S01007753,971,836,135
S01007754,1428,1256,172
S01007755,866,743,123
S01007756,939,786,153
S01007757,1368,1282,86
S01007758,1122,1007,115
S01007759,1271,1129,142
S01007760,1028,951,77
S01007761,990,939,51
S01007762,825,732,93
S01007763,845,728,117
S01007764,1032,980,52
S01007765,1014,969,45
S01007766,1167,1104,63
S01007767,1037,961,76
S01007768,797,719,78
S01007769,838,786,52
S01007770,844,796,48
S01007771,890,842,48
S01007772,1244,1099,145
S01007773,830,790,40
S01007774,165,165,0
S01007775,1032,981,51
S01007776,554,539,15
S01007777,391,379,12
S01007778,417,353,64
S01007779,863,802,61
S01007780,876,824,52
S01007781,802,764,38
S01007782,686,619,67
S01007783,841,634,207
S01007784,908,846,62
S01007785,488,425,63
S01007786,939,819,120
S01007787,789,690,99
S01007788,825,694,131
S01007789,654,571,83
S01007790,823,753,70
S01007791,247,231,16
S01007792,1070,945,125
S01007793,1082,931,151
S01007794,1231,1074,157
S01007795,915,806,109
S01007796,977,844,133
S01007797,831,737,94
S01007798,385,364,21
S01007799,225,211,14
S01007800,996,851,145
S01007801,1030,865,165
S01007802,716,675,41
S01007803,1152,946,206
S01007804,769,670,99
S01007805,846,733,113
S01007806,1004,899,105
S01007807,993,926,67
S01007808,974,891,83
S01007809,1360,1235,125
S01007810,1035,887,148
S01007811,947,841,106
S01007812,813,727,86
S01007813,1154,1019,135
S01007814,889,787,102
S01007815,1249,1152,97
S01007816,764,724,40
S01007817,921,838,83
S01007818,972,914,58
S01007819,809,729,80
S01007820,1080,965,115
S01007821,868,750,118
S01007822,1031,920,111
S01007823,872,804,68
S01007824,1236,1112,124
S01007825,1283,1133,150
S01007826,648,531,117
S01007827,740,681,59
S01007828,1273,1093,180
S01007829,801,702,99
S01007830,1120,949,171
S01007831,935,801,134
S01007832,928,800,128
S01007833,1073,890,183
S01007834,811,706,105
S01007835,831,756,75
S01007836,898,806,92
S01007837,1314,1223,91
S01007838,1285,1175,110
S01007839,845,718,127
S01007840,986,873,113
S01007841,968,877,91
S01007842,1231,1091,140
S01007843,1042,914,128
S01007844,1394,1289,105
S01007845,1003,887,116
S01007846,801,708,93
S01007847,1493,1255,238
S01007848,1113,952,161
S01007849,1023,878,145
S01007850,852,745,107
S01007851,1033,875,158
S01007852,1282,1116,166
S01007853,838,702,136
S01007854,1207,1017,190
S01007855,757,650,107
S01007856,952,852,100
S01007857,483,415,68
S01007858,959,804,155
S01007859,612,536,76
S01007860,252,227,25
S01007861,1181,1049,132
S01007862,1137,1002,135
S01007863,933,811,122
S01007864,988,855,133
S01007865,651,536,115
S01007866,594,576,18
S01007867,529,422,107
S01007868,1401,1276,125
S01007869,1244,1119,125
S01007870,661,577,84
S01007871,1279,1087,192
S01007872,833,694,139
S01007873,777,647,130
S01007874,876,700,176
S01007875,764,699,65
S01007876,790,701,89
S01007877,912,782,130
S01007878,798,666,132
S01007879,1300,1126,174
S01007880,592,527,65
S01007881,644,554,90
S01007882,993,936,57
S01007883,920,827,93
S01007884,890,775,115
S01007885,1077,933,144
S01007886,937,803,134
S01007887,705,652,53
S01007888,1172,1039,133
S01007889,1207,1013,194
S01007890,766,678,88
S01007891,845,733,112
S01007892,1179,1072,107
S01007893,1236,1138,98
S01007894,1084,1011,73
S01007895,798,721,77
S01007896,1163,1038,125
S01007897,757,699,58
S01007898,718,663,55
S01007899,558,504,54
S01007900,632,557,75
S01007901,798,677,121
S01007902,1116,918,198
S01007903,840,670,170
S01007904,822,734,88
S01007905,867,774,93
S01007906,910,746,164
S01007907,894,754,140
S01007908,1186,1051,135
S01007909,533,476,57
S01007910,1245,1122,123
S01007911,944,835,109
S01007912,897,762,135
S01007913,1240,1076,164
S01007914,901,795,106
S01007915,928,847,81
S01007916,1171,964,207
S01007917,1380,1213,167
S01007918,1171,997,174
S01007919,708,669,39
S01007920,611,565,46
S01007921,1275,1090,185
S01007922,1425,1172,253
S01007923,747,640,107
S01007924,1203,1028,175
S01007925,612,572,40
S01007926,748,702,46
S01007927,578,551,27
S01007928,1264,1156,108
S01007929,988,929,59
S01007930,549,519,30
S01007931,1056,972,84
S01007932,944,889,55
S01007933,1317,1213,104
S01007934,685,617,68
S01007935,1137,1024,113
S01007936,922,892,30
S01007937,1241,1183,58
S01007938,878,767,111
S01007939,1068,960,108
S01007940,1681,1514,167
S01007941,674,639,35
S01007942,216,181,35
S01007943,1032,936,96
S01007944,1039,929,110
S01007945,1201,1048,153
S01007946,1053,910,143
S01007947,1097,988,109
S01007948,842,721,121
S01007949,1042,960,82
S01007950,1057,985,72
S01007951,937,827,110
S01007952,864,759,105
S01007953,1085,955,130
S01007954,814,716,98
S01007955,1767,1559,208
S01007956,1027,939,88
S01007957,1249,1085,164
S01007958,1120,949,171
S01007959,1934,1707,227
S01007960,644,569,75
S01007961,1674,1500,174
S01007962,1077,962,115
S01007963,1119,998,121
S01007964,868,764,104
S01007965,823,717,106
S01007966,1023,900,123
S01007967,902,804,98
S01007968,1117,1010,107
S01007969,869,782,87
S01007970,1115,989,126
S01007971,1110,963,147
S01007972,1208,1089,119
S01007973,1077,1030,47
S01007974,1060,895,165
S01007975,730,625,105
S01007976,1026,880,146
S01007977,558,516,42
S01007978,860,788,72
S01007979,805,742,63
S01007980,845,749,96
S01007981,843,766,77
S01007982,755,706,49
S01007983,1523,1343,180
S01007984,939,826,113
S01007985,950,838,112
S01007986,600,532,68
S01007987,1166,1075,91
S01007988,973,873,100
S01007989,828,763,65
S01007990,1231,1153,78
S01007991,699,680,19
S01007992,727,700,27
S01007993,1033,997,36
S01007994,338,334,4
S01007995,794,767,27
S01007996,383,366,17
S01007997,798,754,44
S01007998,675,616,59
S01007999,889,778,111
S01008000,927,813,114
S01008001,958,835,123
S01008002,1138,1013,125
S01008003,730,653,77
S01008004,127,114,13
S01008005,130,109,21
S01008006,619,533,86
S01008007,684,623,61
S01008008,562,491,71
S01008009,815,681,134
S01008010,1112,970,142
S01008011,761,610,151
S01008012,848,744,104
S01008013,746,640,106
S01008014,779,707,72
S01008015,846,737,109
S01008016,825,699,126
S01008017,969,905,64
S01008018,973,917,56
S01008019,1076,972,104
S01008020,898,833,65
S01008021,691,655,36
S01008022,945,911,34
S01008023,1027,996,31
S01008024,170,164,6
S01008025,929,861,68
S01008026,1323,1156,167
S01008027,955,844,111
S01008028,358,317,41
S01008029,1164,1064,100
S01008030,1018,950,68
S01008031,1088,986,102
S01008032,1298,1195,103
S01008033,1280,1243,37
S01008034,1207,1170,37
S01008035,1073,1022,51
S01008036,705,669,36
S01008037,1519,1366,153
S01008038,1103,995,108
S01008039,1068,993,75
S01008040,814,772,42
S01008041,1000,903,97
S01008042,913,855,58
S01008043,1188,1119,69
S01008044,1211,1143,68
S01008045,1231,1147,84
S01008046,1254,1082,172
S01008047,729,692,37
S01008048,713,683,30
S01008049,1005,942,63
S01008050,680,635,45
S01008051,1285,1214,71
S01008052,855,805,50
S01008053,886,841,45
S01008054,807,755,52
S01008055,906,876,30
S01008056,1286,1169,117
S01008057,1337,1257,80
S01008058,962,919,43
S01008059,770,735,35
S01008060,2129,2041,88
S01008061,1062,1014,48
S01008062,1110,1042,68
S01008063,998,946,52
S01008064,1077,984,93
S01008065,1312,1246,66
S01008066,1100,1062,38
S01008067,660,630,30
S01008068,1265,1187,78
S01008069,1222,1112,110
S01008070,1248,1163,85
S01008071,1035,967,68
S01008072,899,824,75
S01008073,478,465,13
S01008074,990,951,39
S01008075,620,580,40
S01008076,1032,969,63
S01008077,1094,1030,64
S01008078,835,801,34
S01008079,918,873,45
S01008080,817,766,51
S01008081,693,653,40
S01008082,1024,960,64
S01008083,895,844,51
S01008084,939,879,60
S01008085,1286,1230,56
S01008086,1229,1150,79
S01008087,1218,1158,60
S01008088,974,924,50
S01008089,1066,1004,62
S01008090,798,724,74
S01008091,597,558,39
S01008092,1087,988,99
S01008093,891,817,74
S01008094,1008,928,80
S01008095,1055,973,82
S01008096,829,751,78
S01008097,805,724,81
S01008098,784,727,57
S01008099,498,470,28
S01008100,1090,1010,80
S01008101,1189,1094,95
S01008102,787,713,74
S01008103,682,571,111
S01008104,1165,1041,124
S01008105,1225,1037,188
S01008106,983,833,150
S01008107,576,530,46
S01008108,1059,993,66
S01008109,1027,963,64
S01008110,994,930,64
S01008111,974,903,71
S01008112,1061,995,66
S01008113,1020,951,69
S01008114,950,898,52
S01008115,1015,967,48
S01008116,1593,1498,95
S01008117,876,806,70
S01008118,1727,1544,183
S01008119,792,679,113
S01008120,717,644,73
S01008121,695,659,36
S01008122,1465,1383,82
S01008123,1069,1002,67
S01008124,1072,1019,53
S01008125,1249,1186,63
S01008126,1028,994,34
S01008127,532,496,36
S01008128,1181,1115,66
S01008129,949,824,125
S01008130,977,861,116
S01008131,762,665,97
S01008132,1112,1023,89
S01008133,787,688,99
S01008134,696,618,78
S01008135,1443,1202,241
S01008136,1462,1273,189
S01008137,1235,1079,156
S01008138,915,788,127
S01008139,1272,1100,172
S01008140,953,832,121
S01008141,1234,1146,88
S01008142,1092,1032,60
S01008143,1356,1217,139
S01008144,1210,1152,58
S01008145,1158,996,162
S01008146,782,658,124
S01008147,961,847,114
S01008148,1023,940,83
S01008149,956,841,115
S01008150,1338,1168,170
S01008151,1025,876,149
S01008152,1214,1027,187
S01008153,869,785,84
S01008154,1067,990,77
S01008155,927,863,64
S01008156,1097,1004,93
S01008157,1056,981,75
S01008158,1113,1058,55
S01008159,1181,1015,166
S01008160,1038,863,175
S01008161,1178,1069,109
S01008162,1405,1271,134
S01008163,923,805,118
S01008164,669,587,82
S01008165,268,254,14
S01008166,731,678,53
S01008167,1020,901,119
S01008168,1105,986,119
S01008169,773,696,77
S01008170,732,679,53
S01008171,949,822,127
S01008172,582,534,48
S01008173,791,745,46
S01008174,581,548,33
S01008175,780,721,59
S01008176,838,806,32
S01008177,846,742,104
S01008178,729,695,34
S01008179,420,415,5
S01008180,518,499,19
S01008181,637,597,40
S01008182,1196,1068,128
S01008183,1118,1030,88
S01008184,872,776,96
S01008185,1258,1103,155
S01008186,1035,951,84
S01008187,676,616,60
S01008188,1470,1279,191
S01008189,1014,933,81
S01008190,1087,960,127
S01008191,862,792,70
S01008192,1207,1080,127
S01008193,943,844,99
S01008194,622,542,80
S01008195,1153,1043,110
S01008196,901,823,78
S01008197,281,255,26
S01008198,723,635,88
S01008199,861,757,104
S01008200,935,798,137
S01008201,1302,1130,172
S01008202,790,693,97
S01008203,548,481,67
S01008204,1031,856,175
S01008205,845,751,94
S01008206,1088,921,167
S01008207,771,696,75
S01008208,400,362,38
S01008209,194,173,21
S01008210,1417,1266,151
S01008211,993,877,116
S01008212,734,701,33
S01008213,831,789,42
S01008214,804,716,88
S01008215,1114,1021,93
S01008216,883,848,35
S01008217,700,671,29
S01008218,560,538,22
S01008219,1068,968,100
S01008220,682,614,68
S01008221,848,754,94
S01008222,736,637,99
S01008223,593,505,88
S01008224,962,926,36
S01008225,852,779,73
S01008226,823,706,117
S01008227,947,841,106
S01008228,592,556,36
S01008229,843,753,90
S01008230,536,515,21
S01008231,96,86,10
S01008232,295,282,13
S01008233,373,340,33
S01008234,731,645,86
S01008235,937,850,87
S01008236,1105,1038,67
S01008237,921,860,61
S01008238,988,901,87
S01008239,607,550,57
S01008240,1449,1401,48
S01008241,1092,1057,35
S01008242,1278,1151,127
S01008243,810,753,57
S01008244,830,770,60
S01008245,1173,1084,89
S01008246,1344,1246,98
S01008247,865,818,47
S01008248,1228,1146,82
S01008249,809,764,45
S01008250,865,828,37
S01008251,881,850,31
S01008252,1107,1055,52
S01008253,792,703,89
S01008254,1351,1213,138
S01008255,1123,1034,89
S01008256,1145,1044,101
S01008257,845,751,94
S01008258,1190,1121,69
S01008259,1083,983,100
S01008260,884,798,86
S01008261,1170,1084,86
S01008262,813,763,50
S01008263,470,397,73
S01008264,591,536,55
S01008265,645,605,40
S01008266,770,736,34
S01008267,648,592,56
S01008268,692,644,48
S01008269,950,890,60
S01008270,1071,1000,71
S01008271,741,690,51
S01008272,925,874,51
S01008273,988,933,55
S01008274,969,874,95
S01008275,771,721,50
S01008276,702,669,33
S01008277,693,655,38
S01008278,816,776,40
S01008279,762,709,53
S01008280,1264,1162,102
S01008281,860,818,42
S01008282,638,585,53
S01008283,470,435,35
S01008284,677,612,65
S01008285,759,663,96
S01008286,1390,1244,146
S01008287,1018,968,50
S01008288,1008,924,84
S01008289,779,699,80
S01008290,964,876,88
S01008291,1188,1100,88
S01008292,647,609,38
S01008293,220,208,12
S01008294,385,358,27
S01008295,1193,1112,81
S01008296,713,626,87
S01008297,608,544,64
S01008298,1200,1102,98
S01008299,1078,932,146
S01008300,911,818,93
S01008301,1140,1086,54
S01008302,844,805,39
S01008303,783,696,87
S01008304,542,500,42
S01008305,874,819,55
S01008306,679,650,29
S01008307,820,745,75
S01008308,642,599,43
S01008309,902,769,133
S01008310,993,881,112
S01008311,623,548,75
S01008312,604,537,67
S01008313,1055,866,189
S01008314,885,763,122
S01008315,670,578,92
S01008316,918,806,112
S01008317,531,470,61
S01008318,1419,1334,85
S01008319,642,537,105
S01008320,731,660,71
S01008321,801,754,47
S01008322,1662,1490,172
S01008323,934,788,146
S01008324,650,567,83
S01008325,1212,1094,118
S01008326,1053,912,141
S01008327,1141,976,165
S01008328,918,888,30
S01008329,1157,1093,64
S01008330,1168,1111,57
S01008331,752,722,30
S01008332,1105,1025,80
S01008333,1098,963,135
S01008334,808,756,52
S01008335,892,797,95
S01008336,906,798,108
S01008337,545,495,50
S01008338,808,782,26
S01008339,590,567,23
S01008340,870,839,31
S01008341,666,648,18
S01008342,1125,1046,79
S01008343,1161,1040,121
S01008344,709,679,30
S01008345,1270,1205,65
S01008346,1062,1009,53
S01008347,1241,1151,90
S01008348,1007,955,52
S01008349,1112,1045,67
S01008350,821,784,37
S01008351,1127,1072,55
S01008352,894,842,52
S01008353,408,389,19
S01008354,895,823,72
S01008355,1165,1062,103
S01008356,911,862,49
S01008357,883,835,48
S01008358,916,822,94
S01008359,813,768,45
S01008360,1105,1066,39
S01008361,830,797,33
S01008362,1045,994,51
S01008363,844,796,48
S01008364,815,777,38
S01008365,1045,992,53
S01008366,999,877,122
S01008367,906,787,119
S01008368,829,764,65
S01008369,847,775,72
S01008370,663,616,47
S01008371,879,837,42
S01008372,890,861,29
S01008373,1181,1132,49
S01008374,865,825,40
S01008375,784,751,33
S01008376,579,548,31
S01008377,928,874,54
S01008378,978,934,44
S01008379,527,490,37
S01008380,662,635,27
S01008381,1080,1028,52
S01008382,923,872,51
S01008383,648,623,25
S01008384,970,900,70
S01008385,635,610,25
S01008386,994,923,71
S01008387,868,832,36
S01008388,628,598,30
S01008389,755,668,87
S01008390,754,710,44
S01008391,766,706,60
S01008392,924,876,48
S01008393,829,777,52
S01008394,1132,1086,46
S01008395,854,819,35
S01008396,906,851,55
S01008397,1052,1012,40
S01008398,959,908,51
S01008399,714,629,85
S01008400,1109,1037,72
S01008401,1227,1149,78
S01008402,999,958,41
S01008403,952,883,69
S01008404,1148,1067,81
S01008405,960,923,37
S01008406,1202,1087,115
S01008407,539,488,51
S01008408,757,722,35
S01008409,1020,916,104
S01008410,815,738,77
S01008411,1123,1038,85
S01008412,658,616,42
S01008413,557,505,52
S01008414,684,651,33
S01008415,1027,933,94
S01008416,1184,1053,131
S01008417,748,723,25
S01008418,762,727,35
S01008419,521,491,30
S01008420,627,591,36
S01008421,796,728,68
S01008422,959,912,47
S01008423,998,935,63
S01008424,1195,1141,54
S01008425,2744,2666,78
S01008426,1213,1095,118
S01008427,1349,1291,58
S01008428,928,836,92
S01008429,926,855,71
S01008430,1164,1089,75
S01008431,1089,1038,51
S01008432,1167,1120,47
S01008433,916,866,50
S01008434,1175,1122,53
S01008435,1187,1132,55
S01008436,934,865,69
S01008437,1169,1092,77
S01008438,1021,983,38
S01008439,1076,1042,34
S01008440,1176,1111,65
S01008441,856,831,25
S01008442,568,543,25
S01008443,631,601,30
S01008444,1109,1060,49
S01008445,1321,1223,98
S01008446,1696,1581,115
S01008447,704,677,27
S01008448,788,738,50
S01008449,637,585,52
S01008450,428,391,37
S01008451,1054,961,93
S01008452,813,721,92
S01008453,555,501,54
S01008454,1318,1180,138
S01008455,1242,1094,148
S01008456,1024,886,138
S01008457,966,843,123
S01008458,843,761,82
S01008459,805,692,113
S01008460,1135,998,137
S01008461,943,824,119
S01008462,671,565,106
S01008463,928,818,110
S01008464,991,925,66
S01008465,1019,944,75
S01008466,918,863,55
S01008467,879,820,59
S01008468,1016,913,103
S01008469,574,511,63
S01008470,992,863,129
S01008471,838,741,97
S01008472,707,624,83
S01008473,724,646,78
S01008474,861,726,135
S01008475,826,710,116
S01008476,769,639,130
S01008477,1151,985,166
S01008478,963,822,141
S01008479,1142,971,171
S01008480,467,402,65
S01008481,1338,1194,144
S01008482,1212,1051,161
S01008483,907,799,108
S01008484,980,878,102
S01008485,1166,1080,86
S01008486,900,794,106
S01008487,498,450,48
S01008488,775,666,109
S01008489,962,874,88
S01008490,1169,1063,106
S01008491,756,680,76
S01008492,531,483,48
S01008493,863,788,75
S01008494,796,734,62
S01008495,989,922,67
S01008496,1113,1051,62
S01008497,900,836,64
S01008498,753,675,78
S01008499,1006,931,75
S01008500,326,286,40
S01008501,569,530,39
S01008502,633,613,20
S01008503,876,845,31
S01008504,1403,1337,66
S01008505,1029,991,38
S01008506,1094,1020,74
S01008507,845,816,29
S01008508,1085,1034,51
S01008509,995,952,43
S01008510,849,805,44
S01008511,1015,963,52
S01008512,1073,1036,37
S01008513,1068,1014,54
S01008514,836,765,71
S01008515,1033,966,67
S01008516,1633,1361,272
S01008517,963,893,70
S01008518,1197,1155,42
S01008519,1129,1083,46
S01008520,1245,1205,40
S01008521,880,834,46
S01008522,637,615,22
S01008523,294,285,9
S01008524,1212,1058,154
S01008525,971,852,119
S01008526,902,799,103
S01008527,784,734,50
S01008528,740,697,43
S01008529,874,786,88
S01008530,1087,959,128
S01008531,1007,877,130
S01008532,702,638,64
S01008533,524,504,20
S01008534,920,887,33
S01008535,715,679,36
S01008536,726,690,36
S01008537,716,695,21
S01008538,655,619,36
S01008539,1148,1099,49
S01008540,1029,970,59
S01008541,1053,1015,38
S01008542,1240,1206,34
S01008543,1082,1051,31
S01008544,680,669,11
S01008545,782,746,36
S01008546,909,871,38
S01008547,1194,1134,60
S01008548,1075,993,82
S01008549,1260,1166,94
S01008550,1063,1019,44
S01008551,1014,965,49
S01008552,1163,1096,67
S01008553,805,707,98
S01008554,1022,885,137
S01008555,1023,861,162
S01008556,1193,1002,191
S01008557,895,752,143
S01008558,956,846,110
S01008559,819,692,127
S01008560,807,706,101
S01008561,971,868,103
S01008562,798,670,128
S01008563,1280,1136,144
S01008564,1046,920,126
S01008565,1043,900,143
S01008566,1046,915,131
S01008567,705,616,89
S01008568,883,830,53
S01008569,782,661,121
S01008570,1045,874,171
S01008571,907,818,89
S01008572,960,838,122
S01008573,922,873,49
S01008574,1035,945,90
S01008575,842,807,35
S01008576,1020,965,55
S01008577,1235,1140,95
S01008578,1010,951,59
S01008579,890,855,35
S01008580,884,796,88
S01008581,1113,931,182
S01008582,1434,1243,191
S01008583,902,760,142
S01008584,1216,1083,133
S01008585,954,828,126
S01008586,936,780,156
S01008587,884,842,42
S01008588,1046,986,60
S01008589,380,356,24
S01008590,565,518,47
S01008591,1007,968,39
S01008592,953,867,86
S01008593,893,859,34
S01008594,860,832,28
S01008595,1132,935,197
S01008596,970,833,137
S01008597,1093,986,107
S01008598,1138,1056,82
S01008599,970,924,46
S01008600,2999,2855,144
S01008601,2692,2598,94
S01008602,564,523,41
S01008603,1011,961,50
S01008604,995,922,73
S01008605,847,795,52
S01008606,1009,958,51
S01008607,614,576,38
S01008608,793,732,61
S01008609,1064,991,73
S01008610,1185,1133,52
S01008611,1230,1189,41
S01008612,717,684,33
S01008613,1044,988,56
S01008614,914,879,35
S01008615,880,827,53
S01008616,900,877,23
S01008617,975,950,25
S01008618,748,726,22
S01008619,514,494,20
S01008620,788,759,29
S01008621,870,848,22
S01008622,962,941,21
S01008623,1101,1071,30
S01008624,750,638,112
S01008625,603,580,23
S01008626,1086,1057,29
S01008627,844,782,62
S01008628,716,667,49
S01008629,1025,946,79
S01008630,652,599,53
S01008631,879,827,52
S01008632,1461,1197,264
S01008633,1128,1045,83
S01008634,761,741,20
S01008635,797,761,36
S01008636,873,837,36
S01008637,705,682,23
S01008638,1296,1170,126
S01008639,1292,1215,77
S01008640,1240,1176,64
S01008641,1090,1044,46
S01008642,985,945,40
S01008643,1036,994,42
S01008644,623,596,27
S01008645,1014,965,49
S01008646,1239,1153,86
S01008647,668,649,19
S01008648,907,856,51
S01008649,1221,1122,99
S01008650,947,891,56
S01008651,837,757,80
S01008652,765,688,77
S01008653,711,654,57
S01008654,1137,1045,92
S01008655,687,641,46
S01008656,1034,924,110
S01008657,818,761,57
S01008658,1067,967,100
S01008659,1169,1095,74
S01008660,1098,1058,40
S01008661,1023,944,79
S01008662,964,891,73
S01008663,1011,918,93
S01008664,959,891,68
S01008665,1093,1019,74
S01008666,819,783,36
S01008667,947,892,55
S01008668,1001,963,38
S01008669,635,608,27
S01008670,1155,1087,68
S01008671,1183,1116,67
S01008672,605,580,25
S01008673,801,736,65
S01008674,1048,952,96
S01008675,826,753,73
S01008676,908,840,68
S01008677,742,686,56
S01008678,1071,1008,63
S01008679,1071,954,117
S01008680,828,760,68
S01008681,964,843,121
S01008682,884,792,92
S01008683,1630,1398,232
S01008684,2943,2759,184
S01008685,773,655,118
S01008686,1068,939,129
S01008687,832,764,68
S01008688,889,807,82
S01008689,1248,1146,102
S01008690,1017,935,82
S01008691,1237,1149,88
S01008692,1003,936,67
S01008693,606,561,45
S01008694,1299,1226,73
S01008695,984,899,85
S01008696,703,667,36
S01008697,871,819,52
S01008698,757,698,59
S01008699,1140,1008,132
S01008700,678,616,62
S01008701,417,355,62
S01008702,296,245,51
S01008703,757,620,137
S01008704,934,781,153
S01008705,391,300,91
S01008706,770,662,108
S01008707,1123,965,158
S01008708,816,687,129
S01008709,1137,1014,123
S01008710,371,332,39
S01008711,763,651,112
S01008712,1174,964,210
S01008713,703,620,83
S01008714,717,644,73
S01008715,818,702,116
S01008716,689,594,95
S01008717,560,528,32
S01008718,608,532,76
S01008719,1110,1037,73
S01008720,566,484,82
S01008721,854,828,26
S01008722,1076,980,96
S01008723,767,732,35
S01008724,1002,933,69
S01008725,785,740,45
S01008726,1156,1080,76
S01008727,1249,1135,114
S01008728,532,480,52
S01008729,828,773,55
S01008730,1051,980,71
S01008731,558,479,79
S01008732,816,733,83
S01008733,851,789,62
S01008734,850,798,52
S01008735,1178,1100,78
S01008736,710,658,52
S01008737,775,737,38
S01008738,916,845,71
S01008739,634,598,36
S01008740,833,797,36
S01008741,1192,1116,76
S01008742,763,696,67
S01008743,1121,1022,99
S01008744,1060,940,120
S01008745,539,499,40
S01008746,1135,986,149
S01008747,593,542,51
S01008748,1076,1004,72
S01008749,1185,1087,98
S01008750,797,745,52
S01008751,1135,1002,133
S01008752,1020,865,155
S01008753,711,613,98
S01008754,732,625,107
S01008755,852,747,105
S01008756,827,667,160
S01008757,714,550,164
S01008758,1013,837,176
S01008759,716,614,102
S01008760,1360,1202,158
S01008761,589,513,76
S01008762,584,553,31
S01008763,901,860,41
S01008764,713,662,51
S01008765,1301,1231,70
S01008766,1435,1346,89
S01008767,891,832,59
S01008768,656,577,79
S01008769,217,201,16
S01008770,76,76,0
S01008771,76,76,0
S01008772,1095,981,114
S01008773,927,843,84
S01008774,845,736,109
S01008775,586,536,50
S01008776,1272,1118,154
S01008777,914,738,176
S01008778,597,551,46
S01008779,411,362,49
S01008780,352,306,46
S01008781,320,293,27
S01008782,510,479,31
S01008783,325,306,19
S01008784,554,496,58
S01008785,846,713,133
S01008786,873,775,98
S01008787,562,490,72
S01008788,405,372,33
S01008789,641,532,109
S01008790,679,616,63
S01008791,392,357,35
S01008792,994,880,114
S01008793,859,742,117
S01008794,832,700,132
S01008795,1016,910,106
S01008796,1014,934,80
S01008797,941,852,89
S01008798,950,853,97
S01008799,237,194,43
S01008800,818,735,83
S01008801,848,780,68
S01008802,1072,966,106
S01008803,1101,962,139
S01008804,732,641,91
S01008805,619,561,58
S01008806,738,675,63
S01008807,1013,927,86
S01008808,732,663,69
S01008809,849,784,65
S01008810,1034,957,77
S01008811,780,725,55
S01008812,896,855,41
S01008813,808,721,87
S01008814,1197,1088,109
S01008815,1102,988,114
S01008816,243,191,52
S01008817,664,610,54
S01008818,991,918,73
S01008819,1027,911,116
S01008820,1204,1061,143
S01008821,826,785,41
S01008822,851,815,36
S01008823,949,846,103
S01008824,1239,1175,64
S01008825,638,599,39
S01008826,689,643,46
S01008827,1050,985,65
S01008828,973,892,81
S01008829,1093,1006,87
S01008830,1299,1228,71
S01008831,1056,1003,53
S01008832,607,559,48
S01008833,1063,995,68
S01008834,1269,1208,61
S01008835,1075,987,88
S01008836,536,463,73
S01008837,953,876,77
S01008838,968,915,53
S01008839,1137,1050,87
S01008840,1037,989,48
S01008841,441,420,21
S01008842,201,193,8
S01008843,721,663,58
S01008844,439,420,19
S01008845,688,665,23
S01008846,842,794,48
S01008847,701,673,28
S01008848,871,828,43
S01008849,990,960,30
S01008850,1327,1259,68
S01008851,1201,1103,98
S01008852,1194,1144,50
S01008853,557,535,22
S01008854,1030,996,34
S01008855,984,957,27
S01008856,658,626,32
S01008857,1029,984,45
S01008858,1058,987,71
S01008859,909,825,84
S01008860,1317,1208,109
S01008861,1026,997,29
S01008862,1095,1032,63
S01008863,823,782,41
S01008864,1496,1438,58
S01008865,1079,1013,66
S01008866,1009,964,45
S01008867,925,888,37
S01008868,1065,1017,48
S01008869,1166,1113,53
S01008870,1119,1078,41
S01008871,1298,1241,57
S01008872,1057,1017,40
S01008873,802,784,18
S01008874,848,799,49
S01008875,1095,1004,91
S01008876,766,677,89
S01008877,766,712,54
S01008878,1249,1121,128
S01008879,872,798,74
S01008880,722,679,43
S01008881,642,591,51
S01008882,1316,1222,94
S01008883,1199,1105,94
S01008884,842,797,45
S01008885,968,920,48
S01008886,1146,1087,59
S01008887,783,732,51
S01008888,1033,996,37
S01008889,549,507,42
S01008890,835,795,40
S01008891,792,756,36
S01008892,1161,1082,79
S01008893,1107,1050,57
S01008894,1011,977,34
S01008895,776,696,80
S01008896,708,646,62
S01008897,902,860,42
S01008898,1018,947,71
S01008899,866,718,148
S01008900,907,776,131
S01008901,1038,914,124
S01008902,991,868,123
S01008903,1141,1000,141
S01008904,1079,955,124
S01008905,1231,1088,143
S01008906,678,594,84
S01008907,779,676,103
S01008908,938,811,127
S01008909,1179,1090,89
S01008910,763,708,55
S01008911,344,263,81
S01008912,902,822,80
S01008913,532,506,26
S01008914,1185,1049,136
S01008915,630,589,41
S01008916,1339,1126,213
S01008917,653,555,98
S01008918,632,522,110
S01008919,564,467,97
S01008920,225,202,23
S01008921,1007,813,194
S01008922,1304,1169,135
S01008923,943,809,134
S01008924,994,902,92
S01008925,836,779,57
S01008926,368,338,30
S01008927,71,70,1
S01008928,448,357,91
S01008929,1535,1283,252
S01008930,1244,1078,166
S01008931,864,771,93
S01008932,436,393,43
S01008933,660,584,76
S01008934,526,453,73
S01008935,1062,984,78
S01008936,661,633,28
S01008937,721,665,56
S01008938,1007,959,48
S01008939,841,797,44
S01008940,758,725,33
S01008941,824,790,34
S01008942,1248,1193,55
S01008943,813,784,29
S01008944,991,945,46
S01008945,1147,1107,40
S01008946,746,711,35
S01008947,1166,1125,41
S01008948,1070,961,109
S01008949,1337,1187,150
S01008950,1000,888,112
S01008951,1117,963,154
S01008952,1606,1436,170
S01008953,1180,1043,137
S01008954,972,807,165
S01008955,888,826,62
S01008956,1374,1264,110
S01008957,1177,1099,78
S01008958,744,677,67
S01008959,1051,975,76
S01008960,424,412,12
S01008961,1030,971,59
S01008962,744,704,40
S01008963,932,890,42
S01008964,773,737,36
S01008965,762,724,38
S01008966,934,890,44
S01008967,1134,1079,55
S01008968,1412,1360,52
S01008969,1050,983,67
S01008970,1125,1060,65
S01008971,715,688,27
S01008972,1533,1377,156
S01008973,746,624,122
S01008974,865,789,76
S01008975,864,730,134
S01008976,715,677,38
S01008977,839,789,50
S01008978,724,672,52
S01008979,831,782,49
S01008980,792,761,31
S01008981,829,771,58
S01008982,928,875,53
S01008983,886,823,63
S01008984,519,490,29
S01008985,826,787,39
S01008986,956,904,52
S01008987,1062,989,73
S01008988,871,800,71
S01008989,1059,1005,54
S01008990,1218,1145,73
S01008991,1251,1218,33
S01008992,447,402,45
S01008993,1081,1016,65
S01008994,1002,943,59
S01008995,1074,1026,48
S01008996,783,721,62
S01008997,902,843,59
S01008998,959,910,49
S01008999,1015,926,89
S01009000,1163,1118,45
S01009001,744,710,34
S01009002,789,728,61
S01009003,920,862,58
S01009004,894,846,48
S01009005,972,924,48
S01009006,1413,1314,99
S01009007,927,849,78
S01009008,983,935,48
S01009009,579,516,63
S01009010,1421,1372,49
S01009011,1338,1301,37
S01009012,993,954,39
S01009013,1155,1103,52
S01009014,804,729,75
S01009015,540,494,46
S01009016,560,527,33
S01009017,725,678,47
S01009018,777,718,59
S01009019,935,880,55
S01009020,951,889,62
S01009021,736,688,48
S01009022,921,866,55
S01009023,958,881,77
S01009024,1238,1142,96
S01009025,965,878,87
S01009026,1100,990,110
S01009027,834,749,85
S01009028,596,543,53
S01009029,768,703,65
S01009030,994,912,82
S01009031,798,734,64
S01009032,631,573,58
S01009033,816,723,93
S01009034,644,592,52
S01009035,867,803,64
S01009036,871,781,90
S01009037,683,626,57
S01009038,928,848,80
S01009039,1103,1011,92
S01009040,919,749,170
S01009041,1031,924,107
S01009042,881,801,80
S01009043,1270,1143,127
S01009044,1127,1005,122
S01009045,1105,1003,102
S01009046,782,729,53
S01009047,691,642,49
S01009048,745,693,52
S01009049,706,642,64
S01009050,860,798,62
S01009051,878,802,76
S01009052,907,816,91
S01009053,602,524,78
S01009054,713,635,78
S01009055,735,667,68
S01009056,604,548,56
S01009057,733,644,89
S01009058,895,764,131
S01009059,500,433,67
S01009060,456,369,87
S01009061,1021,919,102
S01009062,990,900,90
S01009063,704,647,57
S01009064,728,671,57
S01009065,1225,1062,163
S01009066,774,688,86
S01009067,480,454,26
S01009068,935,849,86
S01009069,920,869,51
S01009070,1014,942,72
S01009071,558,503,55
S01009072,344,308,36
S01009073,887,721,166
S01009074,1097,902,195
S01009075,709,638,71
S01009076,1217,1136,81
S01009077,796,733,63
S01009078,386,357,29
S01009079,1207,1036,171
S01009080,1560,1331,229
S01009081,1060,892,168
S01009082,1149,969,180
S01009083,722,642,80
S01009084,1030,899,131
S01009085,277,252,25
S01009086,709,627,82
S01009087,704,620,84
S01009088,1374,1233,141
S01009089,463,436,27
S01009090,154,151,3
S01009091,211,205,6
S01009092,991,858,133
S01009093,944,856,88
S01009094,923,876,47
S01009095,1548,1385,163
S01009096,467,418,49
S01009097,909,859,50
S01009098,578,547,31
S01009099,905,812,93
S01009100,1253,1093,160
S01009101,1088,958,130
S01009102,1158,1040,118
S01009103,694,655,39
S01009104,839,742,97
S01009105,683,607,76
S01009106,851,772,79
S01009107,965,881,84
S01009108,951,894,57
S01009109,1109,1047,62
S01009110,881,808,73
S01009111,1140,1073,67
S01009112,620,580,40
S01009113,665,608,57
S01009114,791,740,51
S01009115,877,814,63
S01009116,900,834,66
S01009117,705,638,67
S01009118,661,639,22
S01009119,972,872,100
S01009120,746,682,64
S01009121,1056,912,144
S01009122,977,875,102
S01009123,340,310,30
S01009124,561,512,49
S01009125,822,706,116
S01009126,742,628,114
S01009127,595,523,72
S01009128,1011,839,172
S01009129,683,589,94
S01009130,430,372,58
S01009131,878,731,147
S01009132,939,888,51
S01009133,762,658,104
S01009134,1024,911,113
S01009135,619,588,31
S01009136,328,279,49
S01009137,302,252,50
S01009138,995,933,62
S01009139,675,586,89
S01009140,673,594,79
S01009141,586,481,105
S01009142,674,568,106
S01009143,553,461,92
S01009144,691,635,56
S01009145,1193,1029,164
S01009146,1059,884,175
S01009147,995,855,140
S01009148,799,714,85
S01009149,563,482,81
S01009150,724,523,201
S01009151,679,596,83
S01009152,805,653,152
S01009153,735,662,73
S01009154,818,773,45
S01009155,623,538,85
S01009156,924,819,105
S01009157,981,893,88
S01009158,890,815,75
S01009159,687,573,114
S01009160,610,467,143
S01009161,887,762,125
S01009162,712,611,101
S01009163,521,465,56
S01009164,1057,922,135
S01009165,739,657,82
S01009166,962,797,165
S01009167,857,742,115
S01009168,1007,934,73
S01009169,920,779,141
S01009170,710,639,71
S01009171,845,773,72
S01009172,721,679,42
S01009173,883,851,32
S01009174,88,87,1
S01009175,987,962,25
S01009176,883,839,44
S01009177,895,825,70
S01009178,883,793,90
S01009179,986,886,100
S01009180,1017,889,128
S01009181,1216,1110,106
S01009182,1186,1092,94
S01009183,1124,1076,48
S01009184,1230,1083,147
S01009185,1118,969,149
S01009186,893,804,89
S01009187,840,772,68
S01009188,1105,975,130
S01009189,1127,998,129
S01009190,826,780,46
S01009191,189,181,8
S01009192,948,892,56
S01009193,380,355,25
S01009194,960,896,64
S01009195,923,865,58
S01009196,754,683,71
S01009197,963,909,54
S01009198,876,823,53
S01009199,736,678,58
S01009200,951,871,80
S01009201,779,721,58
S01009202,606,577,29
S01009203,666,558,108
S01009204,1065,938,127
S01009205,1291,1238,53
S01009206,1138,1084,54
S01009207,968,920,48
S01009208,722,663,59
S01009209,1143,1041,102
S01009210,907,816,91
S01009211,785,716,69
S01009212,947,802,145
S01009213,790,714,76
S01009214,1253,1128,125
S01009215,1155,1011,144
S01009216,1138,1018,120
S01009217,796,683,113
S01009218,1216,1100,116
S01009219,679,595,84
S01009220,629,581,48
S01009221,599,520,79
S01009222,710,623,87
S01009223,510,431,79
S01009224,975,806,169
S01009225,812,691,121
S01009226,1198,981,217
S01009227,686,574,112
S01009228,797,683,114
S01009229,918,837,81
S01009230,898,846,52
S01009231,1022,951,71
S01009232,700,603,97
S01009233,819,712,107
S01009234,1049,935,114
S01009235,847,762,85
S01009236,712,664,48
S01009237,722,681,41
S01009238,1092,982,110
S01009239,913,831,82
S01009240,701,602,99
S01009241,1013,889,124
S01009242,986,912,74
S01009243,1298,1203,95
S01009244,876,847,29
S01009245,892,825,67
S01009246,1058,935,123
S01009247,1246,1104,142
S01009248,799,745,54
S01009249,1133,990,143
S01009250,793,706,87
S01009251,627,571,56
S01009252,477,468,9
S01009253,741,625,116
S01009254,1026,873,153
S01009255,649,559,90
S01009256,627,576,51
S01009257,575,487,88
S01009258,792,722,70
S01009259,787,721,66
S01009260,1175,1082,93
S01009261,840,730,110
S01009262,814,704,110
S01009263,431,370,61
S01009264,818,754,64
S01009265,755,691,64
S01009266,1051,933,118
S01009267,822,730,92
S01009268,724,642,82
S01009269,1180,1057,123
S01009270,764,665,99
S01009271,916,869,47
S01009272,949,839,110
S01009273,939,863,76
S01009274,987,884,103
S01009275,694,631,63
S01009276,1062,1006,56
S01009277,746,702,44
S01009278,389,355,34
S01009279,591,525,66
S01009280,939,774,165
S01009281,899,753,146
S01009282,948,877,71
S01009283,602,541,61
S01009284,805,765,40
S01009285,961,917,44
S01009286,972,924,48
S01009287,888,828,60
S01009288,869,815,54
S01009289,929,875,54
S01009290,673,622,51
S01009291,1204,1156,48
S01009292,531,478,53
S01009293,661,601,60
S01009294,654,604,50
S01009295,830,795,35
S01009296,953,873,80
S01009297,1004,958,46
S01009298,1208,1033,175
S01009299,1008,923,85
S01009300,615,565,50
S01009301,1093,982,111
S01009302,970,821,149
S01009303,835,734,101
S01009304,1306,1176,130
S01009305,974,888,86
S01009306,1121,1029,92
S01009307,1216,1130,86
S01009308,809,728,81
S01009309,604,542,62
S01009310,956,907,49
S01009311,1033,905,128
S01009312,1002,932,70
S01009313,683,611,72
S01009314,988,936,52
S01009315,697,594,103
S01009316,917,889,28
S01009317,1030,970,60
S01009318,1052,993,59
S01009319,1006,933,73
S01009320,881,814,67
S01009321,558,533,25
S01009322,710,663,47
S01009323,968,881,87
S01009324,652,591,61
S01009325,546,520,26
S01009326,371,270,101
S01009327,675,592,83
S01009328,102,98,4
S01009330,157,137,20
S01009331,250,243,7
S01009332,862,789,73
S01009333,998,906,92
S01009334,647,563,84
S01009335,865,759,106
S01009336,616,536,80
S01009337,986,870,116
S01009338,778,684,94
S01009339,1011,894,117
S01009340,1066,971,95
S01009341,1072,959,113
S01009342,954,865,89
S01009343,596,551,45
S01009344,785,705,80
S01009345,1287,1191,96
S01009346,164,158,6
S01009347,293,269,24
S01009348,239,228,11
S01009349,126,121,5
S01009350,186,169,17
S01009351,75,70,5
S01009352,76,75,1
S01009353,397,387,10
S01009354,290,279,11
S01009355,1010,966,44
S01009356,1059,1008,51
S01009357,482,463,19
S01009358,334,323,11
S01009359,255,246,9
S01009360,821,765,56
S01009361,891,833,58
S01009362,1239,1186,53
S01009363,1044,943,101
S01009364,854,792,62
S01009365,733,678,55
S01009366,925,829,96
S01009367,801,704,97
S01009368,834,775,59
S01009369,1057,967,90
S01009370,928,857,71
S01009371,551,491,60
S01009372,653,594,59
S01009373,976,860,116
S01009374,922,824,98
S01009375,777,707,70
S01009376,920,810,110
S01009377,846,787,59
S01009378,1092,1024,68
S01009379,221,205,16
S01009380,709,677,32
S01009381,692,646,46
S01009382,1322,1153,169
S01009383,987,885,102
S01009384,579,542,37
S01009385,758,708,50
S01009386,1126,1007,119
S01009387,986,908,78
S01009388,1220,1091,129
S01009389,960,882,78
S01009390,783,769,14
S01009391,828,808,20
S01009392,521,507,14
S01009393,831,780,51
S01009394,809,770,39
S01009395,1133,1072,61
S01009396,779,749,30
S01009397,741,706,35
S01009398,1223,1158,65
S01009399,1128,1068,60
S01009400,1002,914,88
S01009401,1060,996,64
S01009402,846,781,65
S01009403,844,796,48
S01009404,718,629,89
S01009405,752,677,75
S01009406,1015,920,95
S01009407,492,448,44
S01009408,494,445,49
S01009409,911,799,112
S01009410,909,814,95
S01009411,1440,1277,163
S01009412,922,819,103
S01009413,1302,1166,136
S01009414,835,758,77
S01009415,1130,1010,120
S01009416,665,623,42
S01009417,400,353,47
S01009418,1196,1041,155
S01009419,1026,926,100
S01009420,829,743,86
S01009421,709,620,89
S01009422,1156,1051,105
S01009423,264,241,23
S01009424,745,650,95
S01009425,853,757,96
S01009426,1053,895,158
S01009427,622,525,97
S01009428,624,528,96
S01009429,924,775,149
S01009430,728,604,124
S01009431,998,859,139
S01009432,1159,1015,144
S01009433,924,814,110
S01009434,575,474,101
S01009435,1072,938,134
S01009436,615,540,75
S01009437,915,786,129
S01009438,1120,941,179
S01009439,1192,1010,182
S01009440,944,830,114
S01009441,940,808,132
S01009442,704,629,75
S01009443,913,808,105
S01009444,801,753,48
S01009445,1036,906,130
S01009446,1011,866,145
S01009447,786,676,110
S01009448,655,571,84
S01009449,707,596,111
S01009450,697,605,92
S01009451,1274,1080,194
S01009452,861,723,138
S01009453,1010,852,158
S01009454,1157,1093,64
S01009455,1419,1315,104
S01009456,881,753,128
S01009457,798,724,74
S01009458,638,562,76
S01009459,1002,883,119
S01009460,793,700,93
S01009461,181,163,18
S01009462,682,604,78
S01009463,1118,1034,84
S01009464,897,831,66
S01009465,648,599,49
S01009466,840,781,59
S01009467,849,791,58
S01009468,725,645,80
S01009469,815,712,103
S01009470,854,789,65
S01009471,797,678,119
S01009472,1175,1063,112
S01009473,776,684,92
S01009474,810,715,95
S01009475,203,196,7
S01009476,435,416,19
S01009477,1095,1025,70
S01009478,920,827,93
S01009479,887,813,74
S01009480,1061,981,80
S01009481,865,789,76
S01009482,684,612,72
S01009483,743,692,51
S01009484,1269,1145,124
S01009485,790,677,113
S01009486,771,667,104
S01009487,1226,1073,153
S01009488,978,905,73
S01009489,867,759,108
S01009490,895,782,113
S01009491,637,527,110
S01009492,943,839,104
S01009493,1250,1184,66
S01009494,1255,1199,56
S01009495,941,902,39
S01009496,849,766,83
S01009497,1101,1026,75
S01009498,662,627,35
S01009499,834,771,63
S01009500,869,779,90
S01009501,836,732,104
S01009502,1078,969,109
S01009503,1068,977,91
S01009504,888,806,82
S01009505,920,814,106
S01009506,1215,1076,139
S01009507,789,718,71
S01009508,1181,1061,120
S01009509,1056,929,127
S01009510,888,847,41
S01009511,1020,976,44
S01009512,1089,1035,54
S01009513,863,820,43
S01009514,960,919,41
S01009515,869,766,103
S01009516,1194,1083,111
S01009517,81,73,8
S01009518,285,259,26
S01009519,777,720,57
S01009520,990,919,71
S01009521,907,771,136
S01009522,1028,904,124
S01009523,893,786,107
S01009524,782,672,110
S01009525,595,532,63
S01009526,407,387,20
S01009527,774,699,75
S01009528,739,640,99
S01009529,1164,1063,101
S01009530,897,832,65
S01009531,1094,957,137
S01009532,1059,900,159
S01009533,876,722,154
S01009534,751,629,122
S01009535,899,781,118
S01009536,567,511,56
S01009537,604,536,68
S01009538,1064,915,149
S01009539,1091,964,127
S01009540,1080,958,122
S01009541,1143,1019,124
S01009542,879,759,120
S01009543,849,746,103
S01009544,932,811,121
S01009545,800,708,92
S01009546,750,656,94
S01009547,828,738,90
S01009548,1015,918,97
S01009549,1066,975,91
S01009550,669,630,39
S01009551,728,669,59
S01009552,1345,1217,128
S01009553,1126,1009,117
S01009554,863,783,80
S01009555,939,860,79
S01009556,1075,997,78
S01009557,1019,928,91
S01009558,752,680,72
S01009559,1303,1180,123
S01009560,861,775,86
S01009561,783,695,88
S01009562,1169,1062,107
S01009563,937,838,99
S01009564,719,660,59
S01009565,640,575,65
S01009566,1098,1015,83
S01009567,1076,995,81
S01009568,939,844,95
S01009569,1080,991,89
S01009570,639,562,77
S01009571,794,704,90
S01009572,1083,952,131
S01009573,754,635,119
S01009574,1058,934,124
S01009575,878,766,112
S01009576,670,629,41
S01009577,921,826,95
S01009578,1130,1020,110
S01009579,321,294,27
S01009580,626,604,22
S01009581,810,747,63
S01009582,578,542,36
S01009583,853,777,76
S01009584,353,329,24
S01009585,1320,1195,125
S01009586,1145,1020,125
S01009587,979,858,121
S01009588,1133,1006,127
S01009589,1184,1089,95
S01009590,584,505,79
S01009591,886,836,50
S01009592,840,762,78
S01009593,634,601,33
S01009594,670,652,18
S01009595,405,362,43
S01009596,1125,1027,98
S01009597,1193,1070,123
S01009598,778,678,100
S01009599,1306,1178,128
S01009600,1053,926,127
S01009601,938,841,97
S01009602,713,694,19
S01009603,833,768,65
S01009604,834,752,82
S01009605,1020,911,109
S01009606,280,266,14
S01009607,506,476,30
S01009608,610,552,58
S01009609,1009,942,67
S01009610,1056,949,107
S01009611,478,434,44
S01009612,569,500,69
S01009613,523,487,36
S01009614,631,569,62
S01009615,629,573,56
S01009616,1221,1109,112
S01009617,766,721,45
S01009618,1013,874,139
S01009619,776,671,105
S01009620,975,822,153
S01009621,975,854,121
S01009622,953,818,135
S01009623,843,737,106
S01009624,1008,878,130
S01009625,1295,1126,169
S01009626,842,719,123
S01009627,978,850,128
S01009628,645,515,130
S01009629,1228,1069,159
S01009630,851,726,125
S01009631,814,690,124
S01009632,742,604,138
S01009633,747,638,109
S01009634,781,668,113
S01009635,1315,1173,142
S01009636,974,851,123
S01009637,870,743,127
S01009638,719,623,96
S01009639,1010,888,122
S01009640,749,628,121
S01009641,843,716,127
S01009642,1036,924,112
S01009643,215,178,37
S01009644,603,544,59
S01009645,920,804,116
S01009646,773,681,92
S01009647,659,551,108
S01009648,1197,1080,117
S01009649,1079,946,133
S01009650,787,723,64
S01009651,968,887,81
S01009652,1132,1038,94
S01009653,842,788,54
S01009654,596,540,56
S01009655,1044,926,118
S01009656,875,737,138
S01009657,935,828,107
S01009658,1024,915,109
S01009659,705,633,72
S01009660,941,824,117
S01009661,899,803,96
S01009662,849,785,64
S01009663,773,708,65
S01009664,1062,992,70
S01009665,1230,1122,108
S01009666,1191,1092,99
S01009667,409,385,24
S01009668,458,434,24
S01009669,594,556,38
S01009670,875,808,67
S01009671,820,762,58
S01009672,1206,1095,111
S01009673,861,772,89
S01009674,1088,1008,80
S01009675,960,910,50
S01009676,1463,1383,80
S01009677,683,633,50
S01009678,604,560,44
S01009679,1014,918,96
S01009680,1054,975,79
S01009681,946,777,169
S01009682,753,695,58
S01009683,895,833,62
S01009684,930,883,47
S01009685,1209,1002,207
S01009686,1098,991,107
S01009687,1047,950,97
S01009688,1251,1114,137
S01009689,550,500,50
S01009690,769,708,61
S01009691,606,576,30
S01009692,1183,1098,85
S01009693,815,781,34
S01009694,1161,1082,79
S01009695,1044,988,56
S01009696,1057,987,70
S01009697,801,750,51
S01009698,687,634,53
S01009699,733,668,65
S01009700,699,623,76
S01009701,944,876,68
S01009702,608,561,47
S01009703,991,895,96
S01009704,1297,1208,89
S01009705,785,724,61
S01009706,885,804,81
S01009707,642,593,49
S01009708,696,620,76
S01009709,865,795,70
S01009710,483,459,24
S01009711,998,885,113
S01009712,676,618,58
S01009713,904,825,79
S01009714,898,818,80
S01009715,819,761,58
S01009716,1255,1176,79
S01009717,1184,1076,108
S01009718,952,886,66
S01009719,1024,936,88
S01009720,861,760,101
S01009721,842,814,28
S01009722,1117,1055,62
S01009723,796,719,77
S01009724,1083,982,101
S01009725,942,893,49
S01009726,906,856,50
S01009727,1049,1011,38
S01009728,827,787,40
S01009729,1039,980,59
S01009730,1011,951,60
S01009731,906,849,57
S01009732,1450,1382,68
S01009733,1067,1023,44
S01009734,1809,1735,74
S01009735,823,773,50
S01009736,1641,1558,83
S01009737,781,730,51
S01009738,524,498,26
S01009739,470,453,17
S01009740,755,697,58
S01009741,963,932,31
S01009742,492,466,26
S01009743,1203,1119,84
S01009744,721,686,35
S01009745,881,832,49
S01009746,795,750,45
S01009747,947,853,94
S01009748,792,742,50
S01009749,980,895,85
S01009750,739,671,68
S01009751,1056,955,101
S01009752,835,784,51
S01009753,736,672,64
S01009754,1430,1328,102
S01009755,691,636,55
S01009756,862,810,52
S01009757,773,724,49
S01009758,1130,1017,113
S01009759,1211,1046,165
S01009760,1052,877,175
S01009761,1003,880,123
S01009762,976,819,157
S01009763,451,434,17
S01009764,952,816,136
S01009765,1031,898,133
S01009766,996,886,110
S01009767,801,666,135
S01009768,514,418,96
S01009769,1001,809,192
S01009770,874,814,60
S01009771,896,852,44
S01009772,799,709,90
S01009773,156,143,13
S01009774,108,106,2
S01009775,928,732,196
S01009776,1053,882,171
S01009777,673,569,104
S01009778,1141,855,286
S01009779,716,557,159
S01009780,936,756,180
S01009781,863,670,193
S01009782,542,488,54
S01009783,516,450,66
S01009784,1052,878,174
S01009785,1067,878,189
S01009786,1141,907,234
S01009787,964,763,201
S01009788,1300,1045,255
S01009789,1157,920,237
S01009790,940,757,183
S01009791,810,654,156
S01009792,239,217,22
S01009793,914,810,104
S01009794,368,355,13
S01009795,855,809,46
S01009796,746,602,144
S01009797,572,528,44
S01009798,970,888,82
S01009799,1535,1262,273
S01009800,1306,1078,228
S01009801,1325,1098,227
S01009802,957,815,142
S01009803,893,713,180
S01009804,414,288,126
S01009805,800,647,153
S01009806,1173,967,206
S01009807,942,827,115
S01009808,1317,1046,271
S01009809,1133,990,143
S01009810,920,738,182
S01009811,1263,985,278
S01009812,914,745,169
S01009813,1128,944,184
S01009814,1134,976,158
S01009815,1059,945,114
S01009816,1181,1076,105
S01009817,856,726,130
S01009818,925,833,92
S01009819,1145,1022,123
S01009820,1018,877,141
S01009821,862,788,74
S01009822,933,814,119
S01009823,1157,905,252
S01009824,843,673,170
S01009825,1214,1009,205
S01009826,824,682,142
S01009827,900,737,163
S01009828,1283,1030,253
S01009829,1241,1091,150
S01009830,1007,884,123
S01009831,1264,1166,98
S01009832,1090,928,162
S01009833,660,569,91
S01009834,693,578,115
S01009835,623,478,145
S01009836,756,629,127
S01009837,805,641,164
S01009838,777,646,131
S01009839,1081,920,161
S01009840,1025,818,207
S01009841,1165,926,239
S01009842,959,755,204
S01009843,560,414,146
S01009844,730,569,161
S01009845,1046,841,205
S01009846,1050,851,199
S01009847,571,470,101
S01009848,902,723,179
S01009849,1087,844,243
S01009850,966,780,186
S01009851,1060,827,233
S01009852,582,473,109
S01009853,935,785,150
S01009854,789,626,163
S01009855,758,643,115
S01009856,584,476,108
S01009857,826,683,143
S01009858,965,788,177
S01009859,1140,828,312
S01009860,988,750,238
S01009861,1571,1235,336
S01009862,1079,888,191
S01009863,987,851,136
S01009864,973,828,145
S01009865,655,548,107
S01009866,986,811,175
S01009867,992,828,164
S01009868,1086,984,102
S01009869,1043,944,99
S01009870,1012,837,175
S01009871,1048,836,212
S01009872,884,796,88
S01009873,926,817,109
S01009874,1036,892,144
S01009875,561,475,86
S01009876,983,825,158
S01009877,843,779,64
S01009878,832,750,82
S01009879,1177,1092,85
S01009880,1160,1051,109
S01009881,824,749,75
S01009882,570,500,70
S01009883,865,784,81
S01009884,961,878,83
S01009885,920,781,139
S01009886,798,704,94
S01009887,973,816,157
S01009888,821,719,102
S01009889,1132,984,148
S01009890,758,636,122
S01009891,696,572,124
S01009892,1081,886,195
S01009893,1003,856,147
S01009894,996,809,187
S01009895,932,759,173
S01009896,1258,978,280
S01009897,1275,1085,190
S01009898,894,678,216
S01009899,1074,945,129
S01009900,1127,1040,87
S01009901,999,912,87
S01009902,1100,902,198
S01009903,1155,1040,115
S01009904,756,676,80
S01009905,718,640,78
S01009906,701,629,72
S01009907,1161,1014,147
S01009908,1178,1089,89
S01009909,852,770,82
S01009910,798,732,66
S01009911,1251,1133,118
S01009912,1015,916,99
S01009913,913,866,47
S01009914,947,890,57
S01009915,908,858,50
S01009916,1224,1122,102
S01009917,816,748,68
S01009918,994,884,110
S01009919,1078,905,173
S01009920,1097,971,126
S01009921,805,733,72
S01009922,1207,1092,115
S01009923,1014,892,122
S01009924,1084,992,92
S01009925,1138,1054,84
S01009926,906,813,93
S01009927,553,479,74
S01009928,752,639,113
S01009929,578,534,44
S01009930,976,882,94
S01009931,839,785,54
S01009932,811,726,85
S01009933,1212,978,234
S01009934,889,810,79
S01009935,687,501,186
S01009936,1167,977,190
S01009937,776,586,190
S01009938,1057,832,225
S01009939,1121,933,188
S01009940,926,691,235
S01009941,1176,1073,103
S01009942,1119,925,194
S01009943,1332,1061,271
S01009944,1053,914,139
S01009945,1137,929,208
S01009946,1008,851,157
S01009947,928,816,112
S01009948,1247,1066,181
S01009949,1041,916,125
S01009950,788,738,50
S01009951,931,885,46
S01009952,1106,1016,90
S01009953,1212,1110,102
S01009954,838,786,52
S01009955,1167,1039,128
S01009956,887,746,141
S01009957,1372,1282,90
S01009958,1276,1206,70
S01009959,895,842,53
S01009960,1206,1106,100
S01009961,722,644,78
S01009962,999,885,114
S01009963,1274,1185,89
S01009964,1240,1117,123
S01009965,1028,968,60
S01009966,1262,1179,83
S01009967,1046,963,83
S01009968,661,601,60
S01009969,1277,1142,135
S01009970,1117,872,245
S01009971,1042,813,229
S01009972,761,618,143
S01009973,300,239,61
S01009974,927,738,189
S01009975,835,637,198
S01009976,749,612,137
S01009977,889,652,237
S01009978,906,755,151
S01009979,806,636,170
S01009980,527,399,128
S01009981,787,640,147
S01009982,692,581,111
S01009983,680,565,115
S01009984,988,844,144
S01009985,652,544,108
S01009986,693,545,148
S01009987,850,671,179
S01009988,671,518,153
S01009989,1108,996,112
S01009990,1045,952,93
S01009991,1030,944,86
S01009992,1057,826,231
S01009993,859,817,42
S01009994,763,707,56
S01009995,679,629,50
S01009996,925,835,90
S01009997,707,656,51
S01009998,968,884,84
S01009999,951,888,63
S01010000,981,911,70
S01010001,798,717,81
S01010002,1474,1361,113
S01010003,1044,976,68
S01010004,963,894,69
S01010005,980,845,135
S01010006,1210,1025,185
S01010007,952,881,71
S01010008,562,492,70
S01010009,699,616,83
S01010010,1509,1389,120
S01010011,831,691,140
S01010012,1711,1605,106
S01010013,1018,909,109
S01010014,1306,1136,170
S01010015,892,825,67
S01010016,777,635,142
S01010017,988,833,155
S01010018,977,780,197
S01010019,1241,979,262
S01010020,1014,845,169
S01010021,783,600,183
S01010022,298,222,76
S01010023,950,692,258
S01010024,626,509,117
S01010025,696,525,171
S01010026,783,571,212
S01010027,970,812,158
S01010028,478,348,130
S01010029,619,487,132
S01010030,458,377,81
S01010031,597,547,50
S01010032,481,398,83
S01010033,926,750,176
S01010034,1012,784,228
S01010035,650,486,164
S01010036,367,338,29
S01010037,1016,722,294
S01010038,1272,913,359
S01010039,510,445,65
S01010040,539,439,100
S01010041,780,634,146
S01010042,526,426,100
S01010043,975,800,175
S01010044,1156,873,283
S01010045,875,657,218
S01010046,1101,845,256
S01010047,1115,810,305
S01010048,1223,892,331
S01010049,891,664,227
S01010050,822,617,205
S01010051,797,603,194
S01010052,598,438,160
S01010053,542,397,145
S01010054,788,604,184
S01010055,1161,929,232
S01010056,530,416,114
S01010057,452,350,102
S01010058,964,809,155
S01010059,706,603,103
S01010060,986,790,196
S01010061,450,365,85
S01010062,812,634,178
S01010063,1197,901,296
S01010064,833,713,120
S01010065,927,717,210
S01010066,792,640,152
S01010067,946,754,192
S01010068,363,258,105
S01010069,1119,1004,115
S01010070,752,694,58
S01010071,921,767,154
S01010072,1129,958,171
S01010073,1071,907,164
S01010074,1104,949,155
S01010075,919,729,190
S01010076,969,821,148
S01010077,819,648,171
S01010078,779,719,60
S01010079,1017,928,89
S01010080,914,826,88
S01010081,1262,1152,110
S01010082,727,643,84
S01010083,1144,961,183
S01010084,1210,951,259
S01010085,1310,1156,154
S01010086,1125,896,229
S01010087,697,636,61
S01010088,252,224,28
S01010089,916,738,178
S01010090,1096,987,109
S01010091,747,661,86
S01010092,1176,907,269
S01010093,937,832,105
S01010094,1352,1222,130
S01010095,1345,1243,102
S01010096,862,801,61
S01010097,784,709,75
S01010098,784,712,72
S01010099,1070,997,73
S01010100,1030,903,127
S01010101,1200,1049,151
S01010102,784,748,36
S01010103,902,848,54
S01010104,846,780,66
S01010105,902,738,164
S01010106,758,651,107
S01010107,1073,913,160
S01010108,838,678,160
S01010109,1199,976,223
S01010110,1194,936,258
S01010111,1197,991,206
S01010112,918,760,158
S01010113,611,513,98
S01010114,739,583,156
S01010115,731,658,73
S01010116,905,814,91
S01010117,245,221,24
S01010118,818,659,159
S01010119,328,258,70
S01010120,878,743,135
S01010121,699,582,117
S01010122,625,512,113
S01010123,611,498,113
S01010124,795,720,75
S01010125,560,457,103
S01010126,701,620,81
S01010127,552,408,144
S01010128,822,685,137
S01010129,870,690,180
S01010130,824,646,178
S01010131,1214,994,220
S01010132,1027,791,236
S01010133,1003,768,235
S01010134,1345,1069,276
S01010135,1203,907,296
S01010136,1071,908,163
S01010137,1294,966,328
S01010138,1069,757,312
S01010139,1196,969,227
S01010140,1039,902,137
S01010141,1206,908,298
S01010142,709,612,97
S01010143,832,621,211
S01010144,778,672,106
S01010145,709,596,113
S01010146,1160,936,224
S01010147,947,739,208
S01010148,921,640,281
S01010149,452,286,166
S01010150,1055,750,305
S01010151,1071,779,292
S01010152,851,670,181
S01010153,1049,785,264
S01010154,1122,830,292
S01010155,748,558,190
S01010156,700,526,174
S01010157,885,735,150
S01010158,954,739,215
S01010159,789,606,183
S01010160,646,486,160
S01010161,910,786,124
S01010162,1024,826,198
S01010163,853,677,176
S01010164,858,713,145
S01010165,650,522,128
S01010166,1130,899,231
S01010167,950,732,218
S01010168,505,411,94
S01010169,915,798,117
S01010170,1000,799,201
S01010171,1003,798,205
S01010172,718,517,201
S01010173,1173,961,212
S01010174,1219,1011,208
S01010175,500,419,81
S01010176,1034,809,225
S01010177,720,596,124
S01010178,885,737,148
S01010179,1245,982,263
S01010180,462,383,79
S01010181,1161,911,250
S01010182,1185,1045,140
S01010183,824,640,184
S01010184,670,535,135
S01010185,762,615,147
S01010186,713,650,63
S01010187,863,769,94
S01010188,1207,1055,152
S01010189,874,845,29
S01010190,277,233,44
S01010191,752,705,47
S01010192,872,826,46
S01010193,1008,910,98
S01010194,798,650,148
S01010195,1001,831,170
S01010196,829,675,154
S01010197,949,776,173
S01010198,1241,1000,241
S01010199,697,556,141
S01010200,725,590,135
S01010201,799,641,158
S01010202,785,647,138
S01010203,698,646,52
S01010204,1159,983,176
S01010205,745,603,142
S01010206,516,408,108
S01010207,673,565,108
S01010208,1091,962,129
S01010209,960,817,143
S01010210,1054,846,208
S01010211,924,716,208
S01010212,1095,842,253
S01010213,1085,834,251
S01010214,1072,967,105
S01010215,961,698,263
S01010216,1008,792,216
S01010217,969,787,182
S01010218,1127,951,176
S01010219,820,678,142
S01010220,313,267,46
S01010221,498,388,110
S01010222,729,618,111
S01010223,716,594,122
S01010224,1099,825,274
S01010225,734,616,118
S01010226,815,648,167
S01010227,1047,861,186
S01010228,691,497,194
S01010229,975,807,168
S01010230,1226,939,287
S01010231,731,562,169
S01010232,718,612,106
S01010233,1526,1208,318
S01010234,921,768,153
S01010235,184,144,40
S01010236,775,679,96
S01010237,1052,924,128
S01010238,1008,854,154
S01010239,1026,793,233
S01010240,1213,1016,197
S01010241,1001,851,150
S01010242,1196,966,230
S01010243,1375,1134,241
S01010244,990,785,205
S01010245,1022,741,281
S01010246,1125,873,252
S01010247,879,741,138
S01010248,969,860,109
S01010249,1093,959,134
S01010250,934,830,104
S01010251,254,231,23
S01010252,585,498,87
S01010253,812,625,187
S01010254,985,782,203
S01010255,881,657,224
S01010256,1124,910,214
S01010257,1622,1462,160
S01010258,1048,995,53
S01010259,1761,1476,285
S01010260,1368,1270,98
S01010261,2195,1736,459
S01010262,1182,875,307
S01010263,636,592,44
S01010264,733,592,141
S01010265,393,353,40
S01010266,809,743,66
S01010267,741,713,28
S01010268,1031,952,79
S01010269,956,823,133
S01010270,1152,764,388
S01010271,752,683,69
S01010272,355,240,115
S01010273,276,250,26
S01010274,244,230,14
S01010275,310,289,21
S01010276,120,114,6
S01010277,584,423,161
S01010278,1326,1102,224
S01010279,632,551,81
S01010280,861,783,78
S01010281,552,522,30
S01010282,1037,851,186
S01010283,755,675,80
S01010284,1225,1118,107
S01010285,1193,1095,98
S01010286,1407,1303,104
S01010287,1353,1222,131
S01010288,1067,1001,66
S01010289,272,258,14
S01010290,774,682,92
S01010291,1049,939,110
S01010292,1303,1233,70
S01010293,807,732,75
S01010294,1075,1011,64
S01010295,924,869,55
S01010296,860,756,104
S01010297,916,759,157
S01010298,1018,823,195
S01010299,621,491,130
S01010300,1451,1296,155
S01010301,528,502,26
S01010302,800,588,212
S01010303,635,521,114
S01010304,778,612,166
S01010305,1101,883,218
S01010306,752,683,69
S01010307,866,801,65
S01010308,895,840,55
S01010309,702,482,220
S01010310,837,661,176
S01010311,968,726,242
S01010312,744,586,158
S01010313,1239,909,330
S01010314,1151,895,256
S01010315,612,489,123
S01010316,611,497,114
S01010317,1279,1157,122
S01010318,1489,1376,113
S01010319,761,617,144
S01010320,696,543,153
S01010321,1142,897,245
S01010322,1262,1162,100
S01010323,632,440,192
S01010324,1013,754,259
S01010325,1044,771,273
S01010326,924,715,209
S01010327,825,643,182
S01010328,768,609,159
S01010329,523,413,110
S01010330,809,638,171
S01010331,1386,1018,368
S01010332,1152,922,230
S01010333,961,725,236
S01010334,1003,743,260
S01010335,1218,956,262
S01010336,904,737,167
S01010337,1067,841,226
S01010338,1025,829,196
S01010339,1075,884,191
S01010340,904,737,167
S01010341,877,765,112
S01010342,884,784,100
S01010343,1153,1063,90
S01010344,1040,795,245
S01010345,274,229,45
S01010346,1202,1102,100
S01010347,958,830,128
S01010348,1146,938,208
S01010349,1214,1000,214
S01010350,1286,1036,250
S01010351,750,611,139
S01010352,848,699,149
S01010353,1087,851,236
S01010354,633,497,136
S01010355,1125,881,244
S01010356,586,528,58
S01010357,672,529,143
S01010358,939,719,220
S01010359,1333,969,364
S01010360,670,532,138
S01010361,591,459,132
S01010362,974,778,196
S01010363,763,685,78
S01010364,1208,1122,86
S01010365,1219,1082,137
S01010366,1318,1234,84
S01010367,1372,1297,75
S01010368,914,830,84
S01010369,849,753,96
S01010370,818,775,43
S01010371,1145,1081,64
S01010372,964,901,63
S01010373,776,708,68
S01010374,908,853,55
S01010375,921,857,64
S01010376,940,867,73
S01010377,839,801,38
S01010378,928,876,52
S01010379,1315,1223,92
S01010380,1104,1025,79
S01010381,541,468,73
S01010382,915,828,87
S01010383,831,700,131
S01010384,1270,1131,139
S01010385,925,806,119
S01010386,963,798,165
S01010387,1261,1110,151
S01010388,939,810,129
S01010389,85,69,16
S01010390,1166,1065,101
S01010391,1088,994,94
S01010392,211,180,31
S01010393,1390,1244,146
S01010394,943,787,156
S01010395,1138,1005,133
S01010396,1001,888,113
S01010397,845,793,52
S01010398,974,906,68
S01010399,1454,1397,57
S01010400,979,931,48
S01010401,783,726,57
S01010402,1187,1128,59
S01010403,1084,1037,47
S01010404,1267,1196,71
S01010405,1203,1159,44
S01010406,902,858,44
S01010407,1107,1050,57
S01010408,693,610,83
S01010409,1160,1068,92
S01010410,556,529,27
S01010411,1502,1442,60
S01010412,997,824,173
S01010413,801,724,77
S01010414,1166,1074,92
S01010415,1148,930,218
S01010416,604,571,33
S01010417,551,517,34
S01010418,1209,1105,104
S01010419,1548,1435,113
S01010420,1189,1125,64
S01010421,910,855,55
S01010422,1140,1046,94
S01010423,918,751,167
S01010424,760,626,134
S01010425,979,855,124
S01010426,1111,974,137
S01010427,1173,940,233
S01010428,1624,1420,204
S01010429,897,839,58
S01010430,1064,866,198
S01010431,1051,957,94
S01010432,897,767,130
S01010433,855,693,162
S01010434,904,741,163
S01010435,767,631,136
S01010436,795,626,169
S01010437,540,442,98
S01010438,724,609,115
S01010439,953,820,133
S01010440,1180,855,325
S01010441,578,529,49
S01010442,783,694,89
S01010443,786,641,145
S01010444,699,555,144
S01010445,1118,800,318
S01010446,915,788,127
S01010447,1190,979,211
S01010448,1094,931,163
S01010449,1017,805,212
S01010450,955,775,180
S01010451,1084,872,212
S01010452,885,703,182
S01010453,1132,925,207
S01010454,1161,934,227
S01010455,961,744,217
S01010456,661,526,135
S01010457,992,792,200
S01010458,828,666,162
S01010459,810,650,160
S01010460,286,248,38
S01010461,1060,868,192
S01010462,895,734,161
S01010463,770,644,126
S01010464,663,559,104
S01010465,889,812,77
S01010466,1246,1160,86
S01010467,1008,907,101
S01010468,1034,963,71
S01010469,869,755,114
S01010470,907,710,197
S01010471,1001,791,210
S01010472,515,456,59
S01010473,1094,999,95
S01010474,1085,959,126
S01010475,451,406,45
S01010476,745,608,137
S01010477,906,740,166
S01010478,1380,1069,311
S01010479,1023,817,206
S01010480,835,702,133
S01010481,836,694,142
S01010482,976,807,169
S01010483,1178,953,225
S01010484,1062,908,154
S01010485,982,850,132
S01010486,1252,1137,115
S01010487,1047,874,173
S01010488,1353,1115,238
S01010489,1287,1002,285
S01010490,957,811,146
S01010491,972,824,148
S01010492,917,749,168
S01010493,855,704,151
S01010494,871,703,168
S01010495,1089,889,200
S01010496,1382,1075,307
S01010497,696,580,116
S01010498,1312,1042,270
S01010499,1151,887,264
S01010500,943,800,143
S01010501,784,627,157
S01010502,810,730,80
S01010503,980,802,178
S01010504,528,507,21
S01010505,607,558,49
S01010506,855,803,52
S01010507,980,917,63
S01010508,1048,972,76
S01010509,1207,1124,83
S01010510,1493,1350,143
S01010511,1193,1057,136
S01010512,920,867,53
S01010513,799,754,45
S01010514,943,867,76
S01010515,937,858,79
S01010516,613,565,48
S01010517,948,867,81
S01010518,892,849,43
S01010519,928,873,55
S01010520,980,902,78
S01010521,957,872,85
S01010522,655,585,70
S01010523,964,859,105
S01010524,606,572,34
S01010525,701,643,58
S01010526,858,779,79
S01010527,1285,1124,161
S01010528,689,643,46
S01010529,830,768,62
S01010530,677,631,46
S01010531,982,921,61
S01010532,899,832,67
S01010533,878,795,83
S01010534,1030,967,63
S01010535,557,538,19
S01010536,1162,1059,103
S01010537,1297,1203,94
S01010538,368,348,20
S01010539,851,803,48
S01010540,615,580,35
S01010541,758,720,38
S01010542,853,801,52
S01010543,574,538,36
S01010544,1240,1164,76
S01010545,611,569,42
S01010546,883,771,112
S01010547,678,629,49
S01010548,413,388,25
S01010549,315,302,13
S01010550,658,630,28
S01010551,722,678,44
S01010552,905,855,50
S01010553,560,520,40
S01010554,708,642,66
S01010555,934,869,65
S01010556,1101,997,104
S01010557,793,738,55
S01010558,560,525,35
S01010559,762,706,56
S01010560,652,598,54
S01010561,931,866,65
S01010562,1057,982,75
S01010563,842,765,77
S01010564,678,599,79
S01010565,974,898,76
S01010566,742,701,41
S01010567,1115,1038,77
S01010568,1202,1124,78
S01010569,989,941,48
S01010570,1482,1391,91
S01010571,923,879,44
S01010572,1005,932,73
S01010573,722,670,52
S01010574,570,544,26
S01010575,876,826,50
S01010576,872,822,50
S01010577,917,817,100
S01010578,623,587,36
S01010579,781,741,40
S01010580,589,557,32
S01010581,894,845,49
S01010582,403,384,19
S01010583,846,808,38
S01010584,269,253,16
S01010585,200,196,4
S01010586,681,654,27
S01010587,876,835,41
S01010588,572,524,48
S01010589,752,682,70
S01010590,362,352,10
S01010591,121,118,3
S01010592,400,379,21
S01010593,560,534,26
S01010594,208,196,12
S01010595,190,183,7
S01010596,884,844,40
S01010597,324,309,15
S01010598,439,423,16
S01010599,351,333,18
S01010600,873,830,43
S01010601,777,713,64
S01010602,554,527,27
S01010603,830,788,42
S01010604,898,855,43
S01010605,1022,957,65
S01010606,1008,918,90
S01010607,1020,964,56
S01010608,770,702,68
S01010609,618,580,38
S01010610,810,739,71
S01010611,1248,1157,91
S01010612,765,709,56
S01010613,797,700,97
S01010614,709,639,70
S01010615,831,772,59
S01010616,1228,1179,49
S01010617,1050,1014,36
S01010618,1115,1075,40
S01010619,704,648,56
S01010620,363,318,45
S01010621,1041,957,84
S01010622,674,600,74
S01010623,940,906,34
S01010624,824,766,58
S01010625,773,719,54
S01010626,980,892,88
S01010627,946,862,84
S01010628,1175,1101,74
S01010629,1245,1137,108
S01010630,747,671,76
S01010631,753,681,72
S01010632,898,793,105
S01010633,926,812,114
S01010634,665,586,79
S01010635,830,740,90
S01010636,934,865,69
S01010637,829,739,90
S01010638,917,792,125
S01010639,1105,978,127
S01010640,754,704,50
S01010641,1079,908,171
S01010642,1062,948,114
S01010643,730,630,100
S01010644,839,701,138
S01010645,764,717,47
S01010646,838,803,35
S01010647,712,651,61
S01010648,994,917,77
S01010649,785,732,53
S01010650,597,486,111
S01010651,768,691,77
S01010652,723,687,36
S01010653,763,724,39
S01010654,837,742,95
S01010655,841,779,62
S01010656,619,565,54
S01010657,768,725,43
S01010658,938,774,164
S01010659,657,623,34
S01010660,697,643,54
S01010661,741,692,49
S01010662,716,665,51
S01010663,1088,1024,64
S01010664,591,565,26
S01010665,835,768,67
S01010666,1082,1008,74
S01010667,662,628,34
S01010668,1139,1044,95
S01010669,592,554,38
S01010670,952,875,77
S01010671,786,740,46
S01010672,1424,1307,117
S01010673,1076,964,112
S01010674,1084,994,90
S01010675,882,821,61
S01010676,1026,965,61
S01010677,491,470,21
S01010678,905,857,48
S01010679,1454,1341,113
S01010680,826,760,66
S01010681,937,840,97
S01010682,1094,1010,84
S01010683,891,814,77
S01010684,1075,988,87
S01010685,740,661,79
S01010686,644,584,60
S01010687,1032,960,72
S01010688,826,766,60
S01010689,1037,959,78
S01010690,870,790,80
S01010691,820,756,64
S01010692,629,597,32
S01010693,430,396,34
S01010694,803,738,65
S01010695,693,656,37
S01010696,978,908,70
S01010697,978,913,65
S01010698,638,596,42
S01010699,526,497,29
S01010700,574,538,36
S01010701,1242,1153,89
S01010702,1004,900,104
S01010703,844,803,41
S01010704,1105,997,108
S01010705,982,918,64
S01010706,545,497,48
S01010707,669,631,38
S01010708,1051,1003,48
S01010709,909,852,57
S01010710,949,881,68
S01010711,634,609,25
S01010712,784,719,65
S01010713,1028,949,79
S01010714,812,702,110
S01010715,850,759,91
S01010716,807,734,73
S01010717,1051,999,52
S01010718,805,758,47
S01010719,829,766,63
S01010720,802,741,61
S01010721,773,719,54
S01010722,1057,978,79
S01010723,976,928,48
S01010724,759,715,44
S01010725,755,724,31
S01010726,1055,989,66
S01010727,629,584,45
S01010728,749,701,48
S01010729,817,771,46
S01010730,775,725,50
S01010731,886,803,83
S01010732,890,778,112
S01010733,926,780,146
S01010734,938,792,146
S01010735,884,790,94
S01010736,364,339,25
S01010737,775,662,113
S01010738,927,830,97
S01010739,746,663,83
S01010740,742,663,79
S01010741,690,624,66
S01010742,797,715,82
S01010743,944,844,100
S01010744,1201,1101,100
S01010745,655,571,84
S01010746,898,830,68
S01010747,1015,902,113
S01010748,511,471,40
S01010749,675,620,55
S01010750,589,532,57
S01010751,1067,965,102
S01010752,1070,979,91
S01010753,1135,1035,100
S01010754,941,867,74
S01010755,868,791,77
S01010756,878,819,59
S01010757,832,779,53
S01010758,546,499,47
S01010759,665,617,48
S01010760,751,690,61
S01010761,524,500,24
S01010762,594,541,53
S01010763,951,867,84
S01010764,543,501,42
S01010765,1145,1038,107
S01010766,762,693,69
S01010767,575,517,58
S01010768,708,641,67
S01010769,459,423,36
S01010770,890,827,63
S01010771,1003,882,121
S01010772,775,705,70
S01010773,632,553,79
S01010774,1220,1106,114
S01010775,558,522,36
S01010776,824,741,83
S01010777,610,548,62
S01010778,804,725,79
S01010779,840,757,83
S01010780,675,620,55
S01010781,918,871,47
S01010782,654,586,68
S01010783,942,847,95
S01010784,1293,1190,103
S01010785,869,817,52
S01010786,546,510,36
S01010787,800,746,54
S01010788,593,548,45
S01010789,823,773,50
S01010790,780,712,68
S01010791,909,831,78
S01010792,1121,1055,66
S01010793,512,482,30
S01010794,358,334,24
S01010795,1202,1137,65
S01010796,1225,1164,61
S01010797,518,491,27
S01010798,652,600,52
S01010799,988,904,84
S01010800,895,834,61
S01010801,854,775,79
S01010802,661,628,33
S01010803,584,531,53
S01010804,839,794,45
S01010805,1245,1184,61
S01010806,938,869,69
S01010807,549,500,49
S01010808,576,548,28
S01010809,767,698,69
S01010810,525,458,67
S01010811,928,842,86
S01010812,506,454,52
S01010813,876,800,76
S01010814,753,692,61
S01010815,683,636,47
S01010816,771,712,59
S01010817,1260,1168,92
S01010818,1306,1204,102
S01010819,930,815,115
S01010820,1202,1047,155
S01010821,865,821,44
S01010822,543,489,54
S01010823,560,443,117
S01010824,629,608,21
S01010825,964,855,109
S01010826,729,676,53
S01010827,697,644,53
S01010828,1218,1176,42
S01010829,788,738,50
S01010830,603,574,29
S01010831,344,338,6
S01010832,805,754,51
S01010833,874,830,44
S01010834,1300,1215,85
S01010835,790,740,50
S01010836,976,889,87
S01010837,960,876,84
S01010838,1153,1034,119
S01010839,924,861,63
S01010840,671,603,68
S01010841,1127,999,128
S01010842,988,825,163
S01010843,752,633,119
S01010844,863,786,77
S01010845,630,568,62
S01010846,976,889,87
S01010847,872,823,49
S01010848,1093,953,140
S01010849,1016,871,145
S01010850,1021,889,132
S01010851,1093,967,126
S01010852,921,801,120
S01010853,1075,947,128
S01010854,657,576,81
S01010855,564,481,83
S01010856,858,719,139
S01010857,959,889,70
S01010858,1158,1011,147
S01010859,984,868,116
S01010860,909,801,108
S01010861,902,764,138
S01010862,759,641,118
S01010863,882,800,82
S01010864,686,664,22
S01010865,720,681,39
S01010866,932,830,102
S01010867,829,757,72
S01010868,874,794,80
S01010869,1187,1130,57
S01010870,817,749,68
S01010871,801,739,62
S01010872,818,750,68
S01010873,786,648,138
S01010874,952,906,46
S01010875,635,597,38
S01010876,697,630,67
S01010877,1253,1143,110
S01010878,1234,1082,152
S01010879,1085,980,105
S01010880,675,611,64
S01010881,865,767,98
S01010882,953,836,117
S01010883,1157,1076,81
S01010884,1227,1051,176
S01010885,1490,1289,201
S01010886,850,745,105
S01010887,641,525,116
S01010888,1007,883,124
S01010889,851,747,104
S01010890,853,662,191
S01010891,546,404,142
S01010892,748,594,154
S01010893,754,594,160
S01010894,488,393,95
S01010895,561,479,82
S01010896,1064,865,199
S01010897,704,599,105
S01010898,1239,1046,193
S01010899,738,673,65
S01010900,999,894,105
S01010901,529,448,81
S01010902,932,793,139
S01010903,708,561,147
S01010904,585,493,92
S01010905,481,426,55
S01010906,830,755,75
S01010907,87,82,5
S01010908,676,582,94
S01010909,987,858,129
S01010910,826,733,93
S01010911,871,669,202
S01010912,838,681,157
S01010913,661,600,61
S01010914,1070,940,130
S01010915,1060,971,89
S01010916,845,714,131
S01010917,837,691,146
S01010918,1303,1139,164
S01010919,958,832,126
S01010920,800,661,139
S01010921,824,696,128
S01010922,1024,877,147
S01010923,1206,1051,155
S01010924,755,661,94
S01010925,853,718,135
S01010926,1000,855,145
S01010927,990,828,162
S01010928,856,731,125
S01010929,1076,930,146
S01010930,626,594,32
S01010931,461,436,25
S01010932,1037,920,117
S01010933,345,304,41
S01010934,1053,1001,52
S01010935,778,710,68
S01010936,642,581,61
S01010937,842,798,44
S01010938,953,848,105
S01010939,792,740,52
S01010940,741,705,36
S01010941,1390,1341,49
S01010942,712,683,29
S01010943,876,808,68
S01010944,896,784,112
S01010945,600,560,40
S01010946,1145,1052,93
S01010947,870,802,68
S01010948,710,657,53
S01010949,1168,1105,63
S01010950,888,820,68
S01010951,811,753,58
S01010952,841,787,54
S01010953,727,667,60
S01010954,891,845,46
S01010955,757,710,47
S01010956,831,780,51
S01010957,654,622,32
S01010958,670,622,48
S01010959,687,635,52
S01010960,1360,1234,126
S01010961,1220,1083,137
S01010962,685,591,94
S01010963,1017,930,87
S01010964,561,514,47
S01010965,1106,957,149
S01010966,922,810,112
S01010967,930,832,98
S01010968,920,843,77
S01010969,844,765,79
S01010970,1483,1332,151
S01010971,1809,1683,126
S01010972,692,609,83
S01010973,661,603,58
S01010974,1142,999,143
S01010975,671,596,75
S01010976,798,733,65
S01010977,760,687,73
S01010978,944,841,103
S01010979,881,777,104
S01010980,863,789,74
S01010981,794,704,90
S01010982,1546,1431,115
S01010983,1221,1111,110
S01010984,1145,1075,70
S01010985,845,749,96
S01010986,460,440,20
S01010987,425,406,19
S01010988,614,593,21
S01010989,342,323,19
S01010990,739,661,78
S01010991,751,703,48
S01010992,508,471,37
S01010993,732,682,50
S01010994,1307,1223,84
S01010995,944,907,37
S01010996,845,812,33
S01010997,1058,989,69
S01010998,1038,979,59
S01010999,786,730,56
S01011000,1217,1104,113
S01011001,703,636,67
S01011002,766,685,81
S01011003,851,759,92
S01011004,866,798,68
S01011005,815,709,106
S01011006,603,547,56
S01011007,975,885,90
S01011008,1003,896,107
S01011009,747,666,81
S01011010,952,844,108
S01011011,836,717,119
S01011012,1274,1106,168
S01011013,939,824,115
S01011014,983,897,86
S01011015,616,549,67
S01011016,370,351,19
S01011017,809,763,46
S01011018,1515,1417,98
S01011019,937,876,61
S01011020,375,341,34
S01011021,866,744,122
S01011022,793,708,85
S01011023,863,742,121
S01011024,1312,1164,148
S01011025,828,760,68
S01011026,631,571,60
S01011027,1180,1049,131
S01011028,872,782,90
S01011029,809,743,66
S01011030,1000,932,68
S01011031,734,660,74
S01011032,986,889,97
S01011033,685,614,71
S01011034,777,648,129
S01011035,719,645,74
S01011036,926,841,85
S01011037,902,791,111
S01011038,1060,922,138
S01011039,859,758,101
S01011040,1047,925,122
S01011041,735,639,96
S01011042,722,688,34
S01011043,1045,949,96
S01011044,841,752,89
S01011045,725,669,56
S01011046,623,581,42
S01011047,1071,1011,60
S01011048,1122,1030,92
S01011049,819,757,62
S01011050,823,786,37
S01011051,859,787,72
S01011052,1098,1027,71
S01011053,678,617,61
S01011054,620,582,38
S01011055,562,522,40
S01011056,580,542,38
S01011057,678,624,54
S01011058,552,509,43
S01011059,693,646,47
S01011060,1227,1112,115
S01011061,1061,972,89
S01011062,1366,1256,110
S01011063,1049,956,93
S01011064,1286,1192,94
S01011065,838,740,98
S01011066,633,585,48
S01011067,994,902,92
S01011068,762,691,71
S01011069,668,620,48
S01011070,829,768,61
S01011071,911,842,69
S01011072,829,764,65
S01011073,700,655,45
S01011074,667,617,50
S01011075,935,847,88
S01011076,1092,980,112
S01011077,1073,1002,71
S01011078,1016,937,79
S01011079,1235,1143,92
S01011080,1135,1023,112
S01011081,918,838,80
S01011082,810,691,119
S01011083,1074,975,99
S01011084,771,722,49
S01011085,872,819,53
S01011086,646,597,49
S01011087,901,835,66
S01011088,1173,1109,64
S01011089,862,794,68
S01011090,709,671,38
S01011091,648,608,40
S01011092,383,376,7
S01011093,887,849,38
S01011094,517,479,38
S01011095,905,860,45
S01011096,1006,970,36
S01011097,737,698,39
S01011098,938,870,68
S01011099,929,868,61
S01011100,569,522,47
S01011101,846,781,65
S01011102,820,759,61
S01011103,765,659,106
S01011104,716,630,86
S01011105,763,702,61
S01011106,774,758,16
S01011107,316,299,17
S01011108,772,729,43
S01011109,827,784,43
S01011110,1021,940,81
S01011111,1218,1118,100
S01011112,162,150,12
S01011113,1090,982,108
S01011114,1144,1081,63
S01011115,960,880,80
S01011116,932,880,52
S01011117,913,866,47
S01011118,901,849,52
S01011119,817,748,69
S01011120,1114,1059,55
S01011121,660,595,65
S01011122,809,756,53
S01011123,1206,1110,96
S01011124,367,340,27
S01011125,467,440,27
S01011126,769,728,41
S01011127,535,522,13
S01011128,1124,1038,86
S01011129,879,799,80
S01011130,752,678,74
S01011131,682,624,58
S01011132,793,726,67
S01011133,618,568,50
S01011134,831,750,81
S01011135,989,888,101
S01011136,553,505,48
S01011137,622,577,45
S01011138,547,506,41
S01011139,801,778,23
S01011140,577,517,60
S01011141,1508,1417,91
S01011142,1690,1638,52
S01011143,1209,1136,73
S01011144,855,790,65
S01011145,828,781,47
S01011146,629,582,47
S01011147,1196,1098,98
S01011148,751,714,37
S01011149,796,781,15
S01011150,1359,1337,22
S01011151,910,870,40
S01011152,885,824,61
S01011153,862,786,76
S01011154,625,558,67
S01011155,729,657,72
S01011156,929,854,75
S01011157,712,681,31
S01011158,633,592,41
S01011159,616,548,68
S01011160,921,873,48
S01011161,655,617,38
S01011162,802,754,48
S01011163,1048,971,77
S01011164,708,668,40
S01011165,884,802,82
S01011166,681,628,53
S01011167,1031,945,86
S01011168,865,810,55
S01011169,242,229,13
S01011170,796,737,59
S01011171,1073,1010,63
S01011172,800,749,51
S01011173,872,795,77
S01011174,1032,943,89
S01011175,834,745,89
S01011176,738,665,73
S01011177,1141,1043,98
S01011178,786,720,66
S01011179,689,596,93
S01011180,881,754,127
S01011181,695,631,64
S01011182,515,485,30
S01011183,795,729,66
S01011184,775,746,29
S01011185,825,774,51
S01011186,1176,1027,149
S01011187,924,852,72
S01011188,1159,1046,113
S01011189,880,791,89
S01011190,987,849,138
S01011191,824,734,90
S01011192,971,904,67
S01011193,1037,931,106
S01011194,761,685,76
S01011195,1049,952,97
S01011196,1119,986,133
S01011197,931,846,85
S01011198,830,743,87
S01011199,816,724,92
S01011200,971,894,77
S01011201,609,546,63
S01011202,1006,890,116
S01011203,1331,1188,143
S01011204,593,548,45
S01011205,205,192,13
S01011206,669,622,47
S01011207,1117,1030,87
S01011208,958,919,39
S01011209,724,655,69
S01011210,677,621,56
S01011211,1019,949,70
S01011212,741,670,71
S01011213,1082,954,128
S01011214,1127,957,170
S01011215,852,730,122
S01011216,1041,877,164
S01011217,1261,1093,168
S01011218,971,843,128
S01011219,1045,902,143
S01011220,1015,902,113
S01011221,1106,968,138
S01011222,681,595,86
S01011223,972,867,105
S01011224,687,578,109
S01011225,1065,942,123
S01011226,981,875,106
S01011227,847,752,95
S01011228,1200,1058,142
S01011229,823,731,92
S01011230,1382,1149,233
S01011231,1027,838,189
S01011232,787,671,116
S01011233,773,681,92
S01011234,1180,1014,166
S01011235,519,438,81
S01011236,628,543,85
S01011237,1008,872,136
S01011238,736,620,116
S01011239,1004,836,168
S01011240,1068,830,238
S01011241,958,835,123
S01011242,1064,943,121
S01011243,833,682,151
S01011244,714,608,106
S01011245,928,798,130
S01011246,677,597,80
S01011247,918,822,96
S01011248,978,877,101
S01011249,867,807,60
S01011250,1092,988,104
S01011251,871,756,115
S01011252,846,759,87
S01011253,1015,878,137
S01011254,1305,1228,77
S01011255,176,175,1
S01011256,172,169,3
S01011257,553,512,41
S01011258,767,706,61
S01011259,851,753,98
S01011260,756,666,90
S01011261,975,855,120
S01011262,701,612,89
S01011263,769,644,125
S01011264,686,622,64
S01011265,1082,960,122
S01011266,968,838,130
S01011267,697,618,79
S01011268,552,490,62
S01011269,570,475,95
S01011270,808,679,129
S01011271,968,838,130
S01011272,737,613,124
S01011273,1279,1132,147
S01011274,1038,891,147
S01011275,916,810,106
S01011276,1068,953,115
S01011277,753,708,45
S01011278,720,683,37
S01011279,757,715,42
S01011280,747,711,36
S01011281,790,761,29
S01011282,796,750,46
S01011283,543,513,30
S01011284,451,423,28
S01011285,1194,1021,173
S01011286,754,650,104
S01011287,977,852,125
S01011288,1107,994,113
S01011289,895,791,104
S01011290,1369,1137,232
S01011291,1052,924,128
S01011292,715,583,132
S01011293,940,792,148
S01011294,979,778,201
S01011295,973,878,95
S01011296,732,620,112
S01011297,1024,904,120
S01011298,1271,1164,107
S01011299,501,460,41
S01011300,1045,937,108
S01011301,650,620,30
S01011302,1012,892,120
S01011303,1203,1110,93
S01011304,1078,999,79
S01011305,569,501,68
S01011306,635,569,66
S01011307,987,889,98
S01011308,589,527,62
S01011309,884,813,71
S01011310,763,687,76
S01011311,1105,1036,69
S01011312,1187,1133,54
S01011313,1047,952,95
S01011314,904,843,61
S01011315,397,351,46
S01011316,835,719,116
S01011317,978,886,92
S01011318,868,772,96
S01011319,1202,1100,102
S01011320,750,677,73
S01011321,676,626,50
S01011322,691,627,64
S01011323,1108,962,146
S01011324,568,504,64
S01011325,943,802,141
S01011326,1070,922,148
S01011327,837,707,130
S01011328,854,735,119
S01011329,982,858,124
S01011330,787,726,61
S01011331,699,649,50
S01011332,1059,995,64
S01011333,692,636,56
S01011334,1089,968,121
S01011335,970,906,64
S01011336,674,604,70
S01011337,726,673,53
S01011338,695,648,47
S01011339,755,678,77
S01011340,1102,972,130
S01011341,732,657,75
S01011342,791,695,96
S01011343,867,759,108
S01011344,889,772,117
S01011345,1073,961,112
S01011346,867,755,112
S01011347,1072,959,113
S01011348,1300,1172,128
S01011349,1058,1000,58
S01011350,882,830,52
S01011351,822,693,129
S01011352,699,622,77
S01011353,690,626,64
S01011354,913,833,80
S01011355,1171,1067,104
S01011356,938,876,62
S01011357,1415,1290,125
S01011358,602,580,22
S01011359,791,653,138
S01011360,649,552,97
S01011361,485,401,84
S01011362,314,277,37
S01011363,1236,1067,169
S01011364,519,472,47
S01011365,620,561,59
S01011366,526,419,107
S01011367,768,646,122
S01011368,87,75,12
S01011369,699,615,84
S01011370,319,269,50
S01011371,1519,1300,219
S01011372,1054,876,178
S01011373,862,755,107
S01011374,551,522,29
S01011375,637,580,57
S01011376,601,508,93
S01011377,567,528,39
S01011378,1000,893,107
S01011379,939,875,64
S01011380,784,687,97
S01011381,726,647,79
S01011382,257,198,59
S01011383,979,749,230
S01011384,811,669,142
S01011385,1044,892,152
S01011386,1067,909,158
S01011387,879,737,142
S01011388,621,523,98
S01011389,743,631,112
S01011390,1096,901,195
S01011391,702,612,90
S01011392,1070,968,102
S01011393,876,770,106
S01011394,690,620,70
S01011395,820,700,120
S01011396,1044,874,170
S01011397,829,706,123
S01011398,828,702,126
S01011399,518,447,71
S01011400,780,684,96
S01011401,1062,947,115
S01011402,1021,885,136
S01011403,1014,899,115
S01011404,1201,1026,175
S01011405,766,701,65
S01011406,736,642,94
S01011407,1324,1186,138
S01011408,994,877,117
S01011409,701,629,72
S01011410,849,755,94
S01011411,1047,920,127
S01011412,1084,993,91
S01011413,618,586,32
S01011414,1066,923,143
S01011415,933,824,109
S01011416,953,885,68
S01011417,753,657,96
S01011418,834,685,149
S01011419,737,632,105
S01011420,567,478,89
S01011421,407,387,20
S01011422,451,375,76
S01011423,590,496,94
S01011424,581,504,77
S01011425,812,692,120
S01011426,953,790,163
S01011427,1056,854,202
S01011428,858,682,176
S01011429,1200,1058,142
S01011430,1010,897,113
S01011431,1271,1036,235
S01011432,1988,1713,275
S01011433,1065,915,150
S01011434,1025,894,131
S01011435,1294,1120,174
S01011436,1218,1021,197
S01011437,892,749,143
S01011438,958,800,158
S01011439,1239,1054,185
S01011440,1035,884,151
S01011441,797,686,111
S01011442,705,590,115
S01011443,855,711,144
S01011444,1081,899,182
S01011445,690,548,142
S01011446,977,877,100
S01011447,1128,975,153
S01011448,1248,1113,135
S01011449,667,579,88
S01011450,496,459,37
S01011451,860,799,61
S01011452,949,860,89
S01011453,836,716,120
S01011454,1177,1022,155
S01011455,1110,947,163
S01011456,1155,998,157
S01011457,957,820,137
S01011458,767,703,64
S01011459,608,538,70
S01011460,1105,1000,105
S01011461,902,805,97
S01011462,1015,902,113
S01011463,614,553,61
S01011464,284,250,34
S01011465,786,706,80
S01011466,1328,1173,155
S01011467,354,312,42
S01011468,133,133,0
S01011469,912,822,90
S01011470,1011,878,133
S01011471,993,877,116
S01011472,1426,1230,196
S01011473,997,832,165
S01011474,1087,912,175
S01011475,724,592,132
S01011476,779,732,47
S01011477,941,881,60
S01011478,1118,1017,101
S01011479,862,799,63
S01011480,1024,969,55
S01011481,653,536,117
S01011482,1151,988,163
S01011483,884,821,63
S01011484,1202,1035,167
S01011485,1025,862,163
S01011486,589,502,87
S01011487,1020,883,137
S01011488,752,636,116
S01011489,619,528,91
S01011490,1110,962,148
S01011491,513,436,77
S01011492,982,842,140
S01011493,1043,949,94
S01011494,664,542,122
S01011495,1169,1023,146
S01011496,658,553,105
S01011497,902,844,58
S01011498,673,648,25
S01011499,992,887,105
S01011500,1081,919,162
S01011501,753,628,125
S01011502,788,693,95
S01011503,1100,937,163
S01011504,655,576,79
S01011505,704,602,102
S01011506,589,492,97
S01011507,820,701,119
S01011508,911,822,89
S01011509,656,593,63
S01011510,975,819,156
S01011511,775,658,117
S01011512,1263,1077,186
S01011513,925,749,176
S01011514,1137,1002,135
S01011515,841,755,86
S01011516,989,915,74
S01011517,626,531,95
S01011518,713,578,135
S01011519,775,645,130
S01011520,1041,854,187
S01011521,1321,1110,211
S01011522,890,739,151
S01011523,1276,1081,195
S01011524,883,801,82
S01011525,926,804,122
S01011526,998,883,115
S01011527,985,889,96
S01011528,1034,885,149
S01011529,1127,959,168
S01011530,1227,1042,185
S01011531,1125,972,153
S01011532,475,443,32
S01011533,742,581,161
S01011534,778,659,119
S01011535,866,706,160
S01011536,719,692,27
S01011537,897,812,85
S01011538,814,753,61
S01011539,922,744,178
S01011540,1072,895,177
S01011541,951,819,132
S01011542,1158,998,160
S01011543,923,770,153
S01011544,809,658,151
S01011545,929,785,144
S01011546,811,774,37
S01011547,465,452,13
S01011548,815,683,132
S01011549,1004,910,94
S01011550,1095,1035,60
S01011551,948,824,124
S01011552,1042,943,99
S01011553,244,214,30
S01011554,1102,938,164
S01011555,874,750,124
S01011556,711,589,122
S01011557,965,799,166
S01011558,860,726,134
S01011559,749,614,135
S01011560,1032,851,181
S01011561,795,656,139
S01011562,854,714,140
S01011563,925,770,155
S01011564,726,607,119
S01011565,885,755,130
S01011566,810,704,106
S01011567,839,683,156
S01011568,825,724,101
S01011569,798,658,140
S01011570,1033,860,173
S01011571,940,742,198
S01011572,905,762,143
S01011573,667,575,92
S01011574,717,617,100
S01011575,468,400,68
S01011576,899,716,183
S01011577,676,582,94
S01011578,1280,1105,175
S01011579,987,924,63
S01011580,1050,837,213
S01011581,961,799,162
S01011582,1390,1247,143
S01011583,1011,821,190
S01011584,832,704,128
S01011585,1252,1052,200
S01011586,757,639,118
S01011587,860,739,121
S01011588,976,795,181
S01011589,1067,905,162
S01011590,1182,987,195
S01011591,982,814,168
S01011592,886,759,127
S01011593,638,546,92
S01011594,718,620,98
S01011595,962,872,90
S01011596,1361,1222,139
S01011597,838,761,77
S01011598,978,780,198
S01011599,941,801,140
S01011600,767,657,110
S01011601,859,813,46
S01011602,723,638,85
S01011603,1084,895,189
S01011604,705,623,82
S01011605,894,752,142
S01011606,412,387,25
S01011607,859,811,48
S01011608,855,797,58
S01011609,1016,828,188
S01011610,1043,858,185
S01011611,733,678,55
S01011612,301,278,23
S01011613,1021,958,63
S01011614,470,420,50
S01011615,882,744,138
S01011616,581,491,90
S01011617,1131,961,170
S01011618,874,759,115
S01011619,785,722,63
S01011620,682,652,30
S01011621,898,830,68
S01011622,171,158,13
S01011623,955,832,123
S01011624,833,763,70
S01011625,568,504,64
S01011626,1168,1076,92
S01011627,619,599,20
S01011628,1426,1294,132
S01011629,809,678,131
S01011630,704,604,100
S01011631,948,809,139
S01011632,1065,898,167
S01011633,1165,1010,155
S01011634,869,744,125
S01011635,667,589,78
S01011636,887,752,135
S01011637,787,672,115
S01011638,770,641,129
S01011639,639,529,110
S01011640,1063,873,190
S01011641,1028,945,83
S01011642,897,803,94
S01011643,542,443,99
S01011644,851,729,122
S01011645,626,540,86
S01011646,973,912,61
S01011647,1108,1054,54
S01011648,462,397,65
S01011649,419,353,66
S01011650,1169,1058,111
S01011651,824,708,116
S01011652,912,860,52
S01011653,1221,1046,175
S01011654,1091,895,196
S01011655,885,729,156
S01011656,800,673,127
S01011657,634,517,117
S01011658,1048,911,137
S01011659,997,871,126
S01011660,1222,1105,117
S01011661,1142,974,168
S01011662,481,434,47
S01011663,901,764,137
S01011664,1090,885,205
S01011665,1190,1035,155
S01011666,1044,860,184
S01011667,1051,837,214
S01011668,1619,1332,287
S01011669,948,842,106
S01011670,875,735,140
S01011671,779,670,109
S01011672,846,738,108
S01011673,790,650,140
S01011674,831,703,128
S01011675,1079,909,170
S01011676,863,737,126
S01011677,164,141,23
S01011678,533,443,90
S01011679,639,549,90
S01011680,1228,1044,184
S01011681,758,656,102
S01011682,840,748,92
S01011683,878,783,95
S01011684,728,637,91
S01011685,273,237,36
S01011686,953,862,91
S01011687,1034,894,140
S01011688,1077,954,123
S01011689,514,462,52
S01011690,827,732,95
S01011691,324,284,40
S01011692,1293,1097,196
S01011693,952,831,121
S01011694,110,90,20
S01011695,973,879,94
S01011696,163,140,23
S01011697,490,414,76
S01011698,765,671,94
S01011699,929,850,79
S01011700,914,783,131
S01011701,853,796,57
S01011702,853,759,94
S01011703,786,732,54
S01011704,840,786,54
S01011705,962,859,103
S01011706,950,817,133
S01011707,688,635,53
S01011708,1076,914,162
S01011709,1146,1010,136
S01011710,679,575,104
S01011711,1219,987,232
S01011712,576,468,108
S01011713,1296,1142,154
S01011714,479,442,37
S01011715,1141,1005,136
S01011716,1045,983,62
S01011717,898,815,83
S01011718,230,206,24
S01011719,772,743,29
S01011720,696,651,45
S01011721,773,650,123
S01011722,1462,1255,207
S01011723,950,829,121
S01011724,706,664,42
S01011725,640,625,15
S01011726,577,551,26
S01011727,237,218,19
S01011728,1018,905,113
S01011729,1245,1012,233
S01011730,986,887,99
S01011731,1217,1078,139
S01011732,1027,951,76
S01011733,936,840,96
S01011734,929,829,100
S01011735,800,726,74
S01011736,1186,1066,120
S01011737,1044,952,92
S01011738,863,776,87
S01011739,620,544,76
S01011740,718,645,73
S01011741,1032,885,147
S01011742,894,805,89
S01011743,746,673,73
S01011744,756,627,129
S01011745,1090,929,161
S01011746,912,783,129
S01011747,1050,890,160
S01011748,1016,903,113
S01011749,880,786,94
S01011750,864,746,118
S01011751,1170,1031,139
S01011752,1107,977,130
S01011753,880,806,74
S01011754,983,882,101
S01011755,1038,936,102
S01011756,1218,1100,118
S01011757,967,826,141
S01011758,710,632,78
S01011759,933,812,121
S01011760,966,849,117
S01011761,642,542,100
S01011762,967,834,133
S01011763,868,761,107
S01011764,428,374,54
S01011765,1334,1261,73
S01011766,757,707,50
S01011767,1303,1153,150
S01011768,936,797,139
S01011769,894,703,191
S01011770,960,834,126
S01011771,701,673,28
S01011772,1139,1088,51
S01011773,566,547,19
S01011774,837,773,64
S01011775,792,745,47
S01011776,426,413,13
S01011777,586,553,33
S01011778,663,613,50
S01011779,734,670,64
S01011780,730,688,42
S01011781,960,906,54
S01011782,859,814,45
S01011783,595,563,32
S01011784,922,814,108
S01011785,1155,1009,146
S01011786,219,216,3
S01011787,1110,936,174
S01011788,427,410,17
S01011789,1194,1097,97
S01011790,1281,1156,125
S01011791,783,686,97
S01011792,907,743,164
S01011793,694,597,97
S01011794,871,726,145
S01011795,784,668,116
S01011796,871,746,125
S01011797,952,884,68
S01011798,605,523,82
S01011799,1095,1022,73
S01011800,719,653,66
S01011801,731,642,89
S01011802,771,680,91
S01011803,681,609,72
S01011804,943,886,57
S01011805,907,846,61
S01011806,1151,1092,59
S01011807,989,941,48
S01011808,905,839,66
S01011809,566,531,35
S01011810,1049,983,66
S01011811,864,806,58
S01011812,990,916,74
S01011813,862,823,39
S01011814,604,576,28
S01011815,509,478,31
S01011816,648,623,25
S01011817,645,619,26
S01011818,1298,1235,63
S01011819,1272,1189,83
S01011820,772,681,91
S01011821,475,437,38
S01011822,800,748,52
S01011823,670,622,48
S01011824,1042,974,68
S01011825,582,544,38
S01011826,707,670,37
S01011827,577,533,44
S01011828,854,779,75
S01011829,473,438,35
S01011830,836,758,78
S01011831,1027,936,91
S01011832,749,708,41
S01011833,869,807,62
S01011834,622,594,28
S01011835,574,539,35
S01011836,1090,1035,55
S01011837,844,779,65
S01011838,1189,1136,53
S01011839,1172,1117,55
S01011840,1235,1180,55
S01011841,1374,1255,119
S01011842,1392,1265,127
S01011843,1223,1143,80
S01011844,968,917,51
S01011845,789,724,65
S01011846,898,854,44
S01011847,451,433,18
S01011848,771,725,46
S01011849,718,676,42
S01011850,998,946,52
S01011851,822,757,65
S01011852,931,862,69
S01011853,847,809,38
S01011854,1083,1028,55
S01011855,1205,1119,86
S01011856,740,707,33
S01011857,1075,988,87
S01011858,863,800,63
S01011859,1075,982,93
S01011860,702,658,44
S01011861,761,716,45
S01011862,1045,976,69
S01011863,1107,998,109
S01011864,791,746,45
S01011865,741,685,56
S01011866,1119,1031,88
S01011867,967,863,104
S01011868,879,798,81
S01011869,785,711,74
S01011870,690,630,60
S01011871,938,890,48
S01011872,817,778,39
S01011873,702,657,45
S01011874,853,800,53
S01011875,1114,1047,67
S01011876,989,911,78
S01011877,778,730,48
S01011878,1584,1518,66
S01011879,767,732,35
S01011880,953,897,56
S01011881,770,699,71
S01011882,954,859,95
S01011883,1907,1836,71
S01011884,371,349,22
S01011885,453,428,25
S01011886,926,860,66
S01011887,772,717,55
S01011888,1262,1138,124
S01011889,1044,935,109
S01011890,877,806,71
S01011891,1020,891,129
S01011892,1125,1057,68
S01011893,996,927,69
S01011894,726,673,53
S01011895,1146,1066,80
S01011896,961,885,76
S01011897,1101,1046,55
S01011898,762,720,42
S01011899,1065,1005,60
S01011900,711,677,34
S01011901,814,769,45
S01011902,1186,1089,97
S01011903,990,938,52
S01011904,1052,966,86
S01011905,808,779,29
S01011906,355,337,18
S01011907,871,843,28
S01011908,583,551,32
S01011909,524,512,12
S01011910,1194,1094,100
S01011911,772,695,77
S01011912,847,757,90
S01011913,898,807,91
S01011914,1010,914,96
S01011915,882,787,95
S01011916,955,851,104
S01011917,664,613,51
S01011918,923,826,97
S01011919,946,849,97
S01011920,664,600,64
S01011921,614,542,72
S01011922,884,800,84
S01011923,860,775,85
S01011924,937,856,81
S01011925,238,212,26
S01011926,845,770,75
S01011927,621,553,68
S01011928,884,804,80
S01011929,730,664,66
S01011930,771,707,64
S01011931,871,789,82
S01011932,477,424,53
S01011933,1016,923,93
S01011934,793,724,69
S01011935,940,850,90
S01011936,740,669,71
S01011937,333,279,54
S01011938,452,399,53
S01011939,825,730,95
S01011940,817,733,84
S01011941,864,763,101
S01011942,691,610,81
S01011943,1184,1022,162
S01011944,479,450,29
S01011945,1424,1282,142
S01011946,853,777,76
S01011947,676,632,44
S01011948,961,885,76
S01011949,1038,973,65
S01011950,1005,907,98
S01011951,806,752,54
S01011952,414,387,27
S01011953,963,893,70
S01011954,623,560,63
S01011955,1051,947,104
S01011956,719,663,56
S01011957,805,749,56
S01011958,1463,1378,85
S01011959,973,912,61
S01011960,716,680,36
S01011961,1064,1017,47
S01011962,595,563,32
S01011963,607,561,46
S01011964,1011,938,73
S01011965,1019,945,74
S01011966,753,699,54
S01011967,999,942,57
S01011968,1235,1137,98
S01011969,1703,1547,156
S01011970,1615,1477,138
S01011971,604,564,40
S01011972,1646,1547,99
S01011973,559,517,42
S01011974,721,677,44
S01011975,445,417,28
S01011976,902,836,66
S01011977,1245,1152,93
S01011978,1224,1122,102
S01011979,891,804,87
S01011980,492,469,23
S01011981,1122,1068,54
S01011982,1436,1346,90
S01011983,1270,1183,87
S01011984,633,559,74
S01011985,699,637,62
S01011986,1010,905,105
S01011987,1096,1014,82
S01011988,718,641,77
S01011989,773,725,48
S01011990,746,692,54
S01011991,969,871,98
S01011992,925,864,61
S01011993,953,841,112
S01011994,815,751,64
S01011995,718,676,42
S01011996,783,711,72
S01011997,1239,1155,84
S01011998,640,592,48
S01011999,647,603,44
S01012000,580,546,34
S01012001,810,755,55
S01012002,789,710,79
S01012003,868,788,80
S01012004,1198,1107,91
S01012005,761,707,54
S01012006,1154,1117,37
S01012007,912,834,78
S01012008,1284,1185,99
S01012009,657,625,32
S01012010,1367,1280,87
S01012011,1359,1248,111
S01012012,703,650,53
S01012013,791,737,54
S01012014,1713,1603,110
S01012015,1190,1119,71
S01012016,718,670,48
S01012017,713,686,27
S01012018,880,840,40
S01012019,686,631,55
S01012020,1047,923,124
S01012021,897,809,88
S01012022,1142,1022,120
S01012023,641,606,35
S01012024,1065,995,70
S01012025,746,680,66
S01012026,468,405,63
S01012027,1371,1053,318
S01012028,1044,1006,38
S01012029,1114,944,170
S01012030,1551,1366,185
S01012031,881,748,133
S01012032,406,379,27
S01012033,958,846,112
S01012034,961,871,90
S01012035,1195,1085,110
S01012036,1245,1135,110
S01012037,1300,1144,156
S01012038,1139,950,189
S01012039,1016,858,158
S01012040,705,652,53
S01012041,1261,1103,158
S01012042,1011,891,120
S01012043,880,756,124
S01012044,1041,825,216
S01012045,1289,1063,226
S01012046,953,783,170
S01012047,1041,845,196
S01012048,698,592,106
S01012049,760,689,71
S01012050,968,878,90
S01012051,555,492,63
S01012052,878,764,114
S01012053,1042,907,135
S01012054,1247,1079,168
S01012055,909,744,165
S01012056,974,856,118
S01012057,836,785,51
S01012058,757,692,65
S01012059,999,851,148
S01012060,886,751,135
S01012061,1076,995,81
S01012062,950,885,65
S01012063,704,672,32
S01012064,718,611,107
S01012065,818,705,113
S01012066,935,836,99
S01012067,690,595,95
S01012068,779,655,124
S01012069,604,515,89
S01012070,874,700,174
S01012071,817,669,148
S01012072,997,865,132
S01012073,640,582,58
S01012074,673,643,30
S01012075,1060,999,61
S01012076,981,867,114
S01012077,869,777,92
S01012078,835,784,51
S01012079,1020,909,111
S01012080,1056,940,116
S01012081,722,609,113
S01012082,986,857,129
S01012083,1200,1032,168
S01012084,729,682,47
S01012085,872,791,81
S01012086,973,842,131
S01012087,859,772,87
S01012088,593,562,31
S01012089,910,870,40
S01012090,1191,1109,82
S01012091,868,830,38
S01012092,687,656,31
S01012093,588,541,47
S01012094,976,893,83
S01012095,1210,1104,106
S01012096,913,774,139
S01012097,719,621,98
S01012098,950,816,134
S01012099,1156,958,198
S01012100,1485,1306,179
S01012101,974,924,50
S01012102,1003,901,102
S01012103,1134,1056,78
S01012104,907,863,44
S01012105,1077,1024,53
S01012106,1017,965,52
S01012107,789,645,144
S01012108,1173,911,262
S01012109,1101,967,134
S01012110,924,791,133
S01012111,1305,1097,208
S01012112,1073,914,159
S01012113,1080,935,145
S01012114,1336,1069,267
S01012115,742,657,85
S01012116,668,596,72
S01012117,650,416,234
S01012118,986,729,257
S01012119,1007,957,50
S01012120,696,617,79
S01012121,857,702,155
S01012122,1026,901,125
S01012123,799,718,81
S01012124,690,605,85
S01012125,942,788,154
S01012126,538,489,49
S01012127,771,677,94
S01012128,406,352,54
S01012129,964,811,153
S01012130,1067,875,192
S01012131,1239,1069,170
S01012132,831,740,91
S01012133,994,892,102
S01012134,1172,1019,153
S01012135,1239,1043,196
S01012136,880,774,106
S01012137,825,705,120
S01012138,1106,980,126
S01012139,977,840,137
S01012140,934,859,75
S01012141,1264,1176,88
S01012142,950,880,70
S01012143,1284,1196,88
S01012144,1059,981,78
S01012145,1208,1150,58
S01012146,1000,845,155
S01012147,905,748,157
S01012148,764,658,106
S01012149,872,783,89
S01012150,886,741,145
S01012151,1165,988,177
S01012152,1008,850,158
S01012153,361,309,52
S01012154,603,495,108
S01012155,788,677,111
S01012156,1220,1053,167
S01012157,901,800,101
S01012158,958,882,76
S01012159,578,551,27
S01012160,1042,963,79
S01012161,529,453,76
S01012162,773,640,133
S01012163,568,523,45
S01012164,434,411,23
S01012165,961,829,132
S01012166,859,754,105
S01012167,609,510,99
S01012168,1121,1026,95
S01012169,945,826,119
S01012170,1374,1201,173
S01012171,1263,1106,157
S01012172,1052,919,133
S01012173,811,752,59
S01012174,1147,1067,80
S01012175,1161,1094,67
S01012176,1496,1365,131
S01012177,952,895,57
S01012178,1070,1000,70
S01012179,785,679,106
S01012180,737,645,92
S01012181,1160,992,168
S01012182,721,641,80
S01012183,649,550,99
S01012184,131,100,31
S01012185,710,591,119
S01012186,895,759,136
S01012187,935,786,149
S01012188,680,599,81
S01012189,708,652,56
S01012190,336,318,18
S01012191,1185,1112,73
S01012192,519,481,38
S01012193,773,742,31
S01012194,882,857,25
S01012195,971,899,72
S01012196,589,552,37
S01012197,1132,988,144
S01012198,1134,1027,107
S01012199,946,832,114
S01012200,699,626,73
S01012201,1134,1004,130
S01012202,596,531,65
S01012203,1011,947,64
S01012204,840,813,27
S01012205,972,909,63
S01012206,1025,945,80
S01012207,1249,1109,140
S01012208,1373,1176,197
S01012209,1065,913,152
S01012210,745,665,80
S01012211,1201,1096,105
S01012212,1296,1235,61
S01012213,1320,1184,136
S01012214,869,815,54
S01012215,1128,1085,43
S01012216,1360,1316,44
S01012217,571,498,73
S01012218,757,669,88
S01012219,934,784,150
S01012220,797,646,151
S01012221,818,678,140
S01012222,1216,1060,156
S01012223,827,723,104
S01012224,1191,1054,137
S01012225,1180,1029,151
S01012226,905,794,111
S01012227,988,888,100
S01012228,844,758,86
S01012229,826,763,63
S01012230,1103,1034,69
S01012231,890,859,31
S01012232,1227,1176,51
S01012233,919,879,40
S01012234,1367,1295,72
S01012235,841,785,56
S01012236,936,852,84
S01012237,878,848,30
S01012238,594,522,72
S01012239,602,525,77
S01012240,763,674,89
S01012241,699,669,30
S01012242,948,918,30
S01012243,1001,935,66
S01012244,1063,1034,29
S01012245,1404,1341,63
S01012246,978,943,35
S01012247,760,691,69
S01012248,799,760,39
S01012249,999,947,52
S01012250,863,819,44
S01012251,1200,1096,104
S01012252,1245,1151,94
S01012253,969,877,92
S01012254,946,889,57
S01012255,780,711,69
S01012256,847,816,31
S01012257,1152,1084,68
S01012258,1146,1096,50
S01012259,883,841,42
S01012260,915,834,81
S01012261,454,437,17
S01012262,944,872,72
S01012263,727,655,72
S01012264,297,271,26
S01012265,1266,1169,97
S01012266,1027,941,86
S01012267,779,715,64
S01012268,1146,1060,86
S01012269,928,882,46
S01012270,881,813,68
S01012271,1140,1092,48
S01012272,741,699,42
S01012273,664,625,39
S01012274,1099,1028,71
S01012275,655,601,54
S01012276,1521,1406,115
S01012277,1170,1084,86
S01012278,1219,1080,139
S01012279,1107,1025,82
S01012280,1139,1048,91
S01012281,1013,924,89
S01012282,1153,1062,91
S01012283,933,851,82
S01012284,782,704,78
S01012285,711,663,48
S01012286,1104,1009,95
S01012287,1269,1128,141
S01012288,1040,960,80
S01012289,927,862,65
S01012290,633,589,44
S01012291,821,739,82
S01012292,1098,1019,79
S01012293,620,578,42
S01012294,1055,969,86
S01012295,311,283,28
S01012296,580,545,35
S01012297,547,528,19
S01012298,867,816,51
S01012299,570,541,29
S01012300,1160,1062,98
S01012301,988,930,58
S01012302,712,654,58
S01012303,852,788,64
S01012304,1112,1049,63
S01012305,922,844,78
S01012306,858,783,75
S01012307,939,868,71
S01012308,810,755,55
S01012309,1020,918,102
S01012310,1425,1271,154
S01012311,973,862,111
S01012312,1047,974,73
S01012313,823,764,59
S01012314,898,828,70
S01012315,738,671,67
S01012316,704,619,85
S01012317,435,396,39
S01012318,891,818,73
S01012319,760,715,45
S01012320,767,718,49
S01012321,821,758,63
S01012322,1061,976,85
S01012323,897,831,66
S01012324,1000,930,70
S01012325,651,592,59
S01012326,958,868,90
S01012327,1061,994,67
S01012328,876,816,60
S01012329,1023,974,49
S01012330,718,693,25
S01012331,775,730,45
S01012332,990,947,43
S01012333,943,882,61
S01012334,1027,966,61
S01012335,1574,1502,72
S01012336,916,847,69
S01012337,1020,885,135
S01012338,712,646,66
S01012339,798,732,66
S01012340,692,660,32
S01012341,815,767,48
S01012342,934,883,51
S01012343,890,838,52
S01012344,914,850,64
S01012345,727,681,46
S01012346,857,786,71
S01012347,693,645,48
S01012348,890,830,60
S01012349,1186,1118,68
S01012350,1197,1110,87
S01012351,1024,960,64
S01012352,1119,1050,69
S01012353,826,757,69
S01012354,910,823,87
S01012355,957,924,33
S01012356,1073,1008,65
S01012357,954,857,97
S01012358,872,788,84
S01012359,962,835,127
S01012360,778,704,74
S01012361,950,847,103
S01012362,1111,989,122
S01012363,1247,1091,156
S01012364,828,748,80
S01012365,1235,1169,66
S01012366,959,868,91
S01012367,1141,1055,86
S01012368,944,824,120
S01012369,1229,1116,113
S01012370,1266,1151,115
S01012371,1249,1104,145
S01012372,1069,954,115
S01012373,1269,1186,83
S01012374,973,888,85
S01012375,1277,1174,103
S01012376,841,793,48
S01012377,674,590,84
S01012378,779,751,28
S01012379,549,516,33
S01012380,1457,1349,108
S01012381,1090,982,108
S01012382,1110,1060,50
S01012383,1186,1090,96
S01012384,512,463,49
S01012385,756,708,48
S01012386,1158,1050,108
S01012387,948,874,74
S01012388,683,636,47
S01012389,774,727,47
S01012390,658,618,40
S01012391,922,896,26
S01012392,600,572,28
S01012393,1168,1118,50
S01012394,1114,1047,67
S01012395,858,789,69
S01012396,867,812,55
S01012397,859,787,72
S01012398,1047,919,128
S01012399,927,858,69
S01012400,894,819,75
S01012401,935,875,60
S01012402,340,331,9
S01012403,983,918,65
S01012404,1129,1037,92
S01012405,610,584,26
S01012406,675,642,33
S01012407,919,868,51
S01012408,763,725,38
S01012409,1069,1002,67
S01012410,1259,1189,70
S01012411,1318,1239,79
S01012412,681,618,63
S01012413,1043,948,95
S01012414,806,754,52
S01012415,799,765,34
S01012416,520,495,25
S01012417,628,569,59
S01012418,879,787,92
S01012419,1104,1011,93
S01012420,1114,1011,103
S01012421,1033,922,111
S01012422,1330,1192,138
S01012423,1099,1020,79
S01012424,861,767,94
S01012425,660,559,101
S01012426,654,568,86
S01012427,861,769,92
S01012428,946,877,69
S01012429,498,420,78
S01012430,1064,937,127
S01012431,1161,1039,122
S01012432,873,772,101
S01012433,909,805,104
S01012434,827,745,82
S01012435,939,823,116
S01012436,952,846,106
S01012437,816,747,69
S01012438,631,585,46
S01012439,963,853,110
S01012440,559,521,38
S01012441,1007,928,79
S01012442,697,643,54
S01012443,683,627,56
S01012444,1151,1028,123
S01012445,116,113,3
S01012446,730,660,70
S01012447,978,915,63
S01012448,497,465,32
S01012449,589,544,45
S01012450,809,752,57
S01012451,927,830,97
S01012452,713,674,39
S01012453,906,835,71
S01012454,1166,1076,90
S01012455,627,603,24
S01012456,1074,1006,68
S01012457,1058,989,69
S01012458,900,857,43
S01012459,881,825,56
S01012460,905,849,56
S01012461,732,665,67
S01012462,908,793,115
S01012463,1037,897,140
S01012464,698,637,61
S01012465,1048,891,157
S01012466,1067,960,107
S01012467,1264,1123,141
S01012468,878,792,86
S01012469,1119,1044,75
S01012470,994,859,135
S01012471,804,761,43
S01012472,848,788,60
S01012473,693,659,34
S01012474,800,703,97
S01012475,690,619,71
S01012476,1129,1006,123
S01012477,881,827,54
S01012478,836,751,85
S01012479,1118,1068,50
S01012480,177,164,13
S01012481,747,675,72
S01012482,805,721,84
S01012483,755,649,106
S01012484,1190,1090,100
S01012485,1439,1193,246
S01012486,887,696,191
S01012487,620,539,81
S01012488,977,846,131
S01012489,1150,981,169
S01012490,1050,889,161
S01012491,781,650,131
S01012492,994,832,162
S01012493,813,686,127
S01012494,1464,1304,160
S01012495,1113,966,147
S01012496,893,787,106
S01012497,645,543,102
S01012498,938,826,112
S01012499,1099,1005,94
S01012500,665,594,71
S01012501,966,851,115
S01012502,959,830,129
S01012503,729,619,110
S01012504,590,501,89
S01012505,1042,892,150
S01012506,480,417,63
S01012507,963,851,112
S01012508,812,720,92
S01012509,581,532,49
S01012510,1099,1029,70
S01012511,805,740,65
S01012512,966,876,90
S01012513,605,576,29
S01012514,766,743,23
S01012515,859,730,129
S01012516,658,604,54
S01012517,911,832,79
S01012518,819,736,83
S01012519,793,716,77
S01012520,862,799,63
S01012521,778,708,70
S01012522,954,911,43
S01012523,1113,1017,96
S01012524,1083,992,91
S01012525,1051,980,71
S01012526,951,886,65
S01012527,692,628,64
S01012528,839,751,88
S01012529,982,860,122
S01012530,1148,1043,105
S01012531,844,760,84
S01012532,1079,1001,78
S01012533,813,706,107
S01012534,951,828,123
S01012535,954,816,138
S01012536,880,759,121
S01012537,1173,1050,123
S01012538,1057,924,133
S01012539,850,768,82
S01012540,1098,985,113
S01012541,1005,920,85
S01012542,1225,1137,88
S01012543,717,673,44
S01012544,583,492,91
S01012545,550,477,73
S01012546,994,909,85
S01012547,778,706,72
S01012548,883,816,67
S01012549,908,805,103
S01012550,1088,978,110
S01012551,1250,1190,60
S01012552,969,913,56
S01012553,819,773,46
S01012554,737,701,36
S01012555,592,574,18
S01012556,621,593,28
S01012557,867,812,55
S01012558,826,741,85
S01012559,929,801,128
S01012560,1132,1023,109
S01012561,1169,1063,106
S01012562,971,859,112
S01012563,786,744,42
S01012564,917,862,55
S01012565,959,885,74
S01012566,866,769,97
S01012567,1022,916,106
S01012568,1066,1004,62
S01012569,791,712,79
S01012570,809,729,80
S01012571,799,703,96
S01012572,607,554,53
S01012573,842,787,55
S01012574,1238,1153,85
S01012575,858,802,56
S01012576,940,868,72
S01012577,977,922,55
S01012578,1363,1250,113
S01012579,775,723,52
S01012580,732,682,50
S01012581,1325,1124,201
S01012582,744,678,66
S01012583,743,654,89
S01012584,638,583,55
S01012585,1429,1293,136
S01012586,1000,870,130
S01012587,800,733,67
S01012588,699,648,51
S01012589,876,764,112
S01012590,1063,912,151
S01012591,1109,942,167
S01012592,421,392,29
S01012593,953,892,61
S01012594,750,671,79
S01012595,918,815,103
S01012596,698,592,106
S01012597,345,302,43
S01012598,757,689,68
S01012599,715,655,60
S01012600,728,702,26
S01012601,860,811,49
S01012602,774,649,125
S01012603,699,594,105
S01012604,914,825,89
S01012605,709,640,69
S01012606,316,304,12
S01012607,817,711,106
S01012608,1124,1013,111
S01012609,1011,904,107
S01012610,1205,1043,162
S01012611,961,882,79
S01012612,1251,1107,144
S01012613,1351,1214,137
S01012614,1058,949,109
S01012615,1060,951,109
S01012616,783,682,101
S01012617,352,337,15
S01012618,733,685,48
S01012619,729,650,79
S01012620,1020,964,56
S01012621,993,927,66
S01012622,917,808,109
S01012623,895,759,136
S01012624,832,740,92
S01012625,729,652,77
S01012626,777,730,47
S01012627,667,603,64
S01012628,635,569,66
S01012629,344,325,19
S01012630,799,713,86
S01012631,1073,940,133
S01012632,551,511,40
S01012633,931,836,95
S01012634,1215,1089,126
S01012635,1397,1268,129
S01012636,697,632,65
S01012637,1133,1007,126
S01012638,1126,1012,114
S01012639,1384,1215,169
S01012640,1384,1194,190
S01012641,880,790,90
S01012642,1687,1505,182
S01012643,553,481,72
S01012644,543,465,78
S01012645,1063,956,107
S01012646,948,881,67
S01012647,319,296,23
S01012648,730,624,106
S01012649,913,817,96
S01012650,784,713,71
S01012651,832,717,115
S01012652,1055,978,77
S01012653,973,860,113
S01012654,897,808,89
S01012655,1239,1056,183
S01012656,959,806,153
S01012657,928,812,116
S01012658,972,882,90
S01012659,520,487,33
S01012660,772,664,108
S01012661,973,871,102
S01012662,1049,916,133
S01012663,909,814,95
S01012664,976,856,120
S01012665,949,775,174
S01012666,888,734,154
S01012667,719,615,104
S01012668,1144,973,171
S01012669,1091,1001,90
S01012670,716,655,61
S01012671,1283,1077,206
S01012672,727,586,141
S01012673,1135,972,163
S01012674,767,629,138
S01012675,1116,968,148
S01012676,958,877,81
S01012677,623,541,82
S01012678,824,778,46
S01012679,575,488,87
S01012680,245,216,29
S01012681,693,639,54
S01012682,886,771,115
S01012683,922,837,85
S01012684,473,434,39
S01012685,1237,1116,121
S01012686,1241,1141,100
S01012687,1435,1348,87
S01012688,944,850,94
S01012689,653,610,43
S01012690,542,497,45
S01012691,1078,1033,45
S01012692,1019,932,87
S01012693,1008,967,41
S01012694,595,544,51
S01012695,730,661,69
S01012696,667,631,36
S01012697,505,476,29
S01012698,1067,997,70
S01012699,996,897,99
S01012700,980,916,64
S01012701,1188,1129,59
S01012702,437,382,55
S01012703,735,678,57
S01012704,711,599,112
S01012705,755,728,27
S01012706,1050,929,121
S01012707,984,945,39
S01012708,1020,873,147
S01012709,749,649,100
S01012710,944,793,151
S01012711,1284,1059,225
S01012712,1016,956,60
S01012713,1205,1106,99
S01012714,727,678,49
S01012715,1013,868,145
S01012716,1191,1057,134
S01012717,965,828,137
S01012718,748,678,70
S01012719,858,757,101
S01012720,650,585,65
S01012721,708,600,108
S01012722,1204,948,256
S01012723,888,704,184
S01012724,763,665,98
S01012725,926,825,101
S01012726,993,880,113
S01012727,989,815,174
S01012728,1130,941,189
S01012729,1081,975,106
S01012730,622,530,92
S01012731,864,738,126
S01012732,894,780,114
S01012733,210,193,17
S01012734,100,88,12
S01012735,616,532,84
S01012736,1302,1154,148
S01012737,1223,1094,129
S01012738,622,533,89
S01012739,123,114,9
S01012740,91,78,13
S01012741,686,651,35
S01012742,1032,978,54
S01012743,1019,963,56
S01012744,786,751,35
S01012745,885,784,101
S01012746,1124,1044,80
S01012747,1293,1170,123
S01012748,944,788,156
S01012749,886,759,127
S01012750,784,680,104
S01012751,1380,1206,174
S01012752,693,590,103
S01012753,540,454,86
S01012754,969,820,149
S01012755,630,514,116
S01012756,1006,879,127
S01012757,519,427,92
S01012758,646,553,93
S01012759,817,685,132
S01012760,957,754,203
S01012761,1059,902,157
S01012762,876,765,111
S01012763,692,583,109
S01012764,1011,860,151
S01012765,663,562,101
S01012766,801,676,125
S01012767,901,840,61
S01012768,987,914,73
S01012769,532,468,64
S01012770,789,675,114
S01012771,924,789,135
S01012772,1193,1004,189
S01012773,1270,1097,173
S01012774,1012,840,172
S01012775,747,640,107
S01012776,930,801,129
S01012777,585,522,63
S01012778,750,615,135
S01012779,697,588,109
S01012780,837,702,135
S01012781,623,551,72
S01012782,969,806,163
S01012783,1070,880,190
S01012784,948,790,158
S01012785,806,639,167
S01012786,870,656,214
S01012787,387,317,70
S01012788,1008,836,172
S01012789,1076,916,160
S01012790,521,466,55
S01012791,945,849,96
S01012792,1110,876,234
S01012793,919,746,173
S01012794,282,232,50
S01012795,1192,984,208
S01012796,555,453,102
S01012797,652,536,116
S01012798,881,790,91
S01012799,1170,1075,95
S01012800,872,815,57
S01012801,286,265,21
S01012802,672,635,37
S01012803,985,934,51
S01012804,915,798,117
S01012805,1055,918,137
S01012806,1105,990,115
S01012807,754,692,62
S01012808,901,817,84
S01012809,867,785,82
S01012810,940,770,170
S01012811,921,827,94
S01012812,993,870,123
S01012813,1097,1030,67
S01012814,827,784,43
S01012815,643,599,44
S01012816,432,373,59
S01012817,332,311,21
S01012818,888,848,40
S01012819,1235,985,250
S01012820,699,634,65
S01012821,417,370,47
S01012822,783,604,179
S01012823,376,358,18
S01012824,893,760,133
S01012825,677,556,121
S01012826,610,542,68
S01012827,431,355,76
S01012828,563,506,57
S01012829,765,631,134
S01012830,714,600,114
S01012831,800,651,149
S01012832,646,575,71
S01012833,1090,897,193
S01012834,830,691,139
S01012835,969,820,149
S01012836,66,58,8
S01012837,1085,936,149
S01012838,910,747,163
S01012839,797,743,54
S01012840,426,401,25
S01012841,834,774,60
S01012842,1102,1012,90
S01012843,1042,982,60
S01012844,1041,1001,40
S01012845,998,897,101
S01012846,1029,791,238
S01012847,873,772,101
S01012848,630,580,50
S01012849,978,824,154
S01012850,972,788,184
S01012851,1044,888,156
S01012852,1105,1013,92
S01012853,1021,895,126
S01012854,1087,1021,66
S01012855,1043,945,98
S01012856,909,715,194
S01012857,1374,1105,269
S01012858,862,690,172
S01012859,949,816,133
S01012860,954,697,257
S01012861,678,629,49
S01012862,788,625,163
S01012863,784,629,155
S01012864,779,631,148
S01012865,1206,1010,196
S01012866,1018,878,140
S01012867,933,721,212
S01012868,776,601,175
S01012869,614,493,121
S01012870,980,877,103
S01012871,1006,915,91
S01012872,993,921,72
S01012873,1125,1027,98
S01012874,950,817,133
S01012875,640,535,105
S01012876,991,793,198
S01012877,786,633,153
S01012878,958,916,42
S01012879,1057,975,82
S01012880,1114,1036,78
S01012881,1354,1225,129
S01012882,740,651,89
S01012883,1079,863,216
S01012884,677,567,110
S01012885,919,796,123
S01012886,989,908,81
S01012887,744,690,54
S01012888,983,907,76
S01012889,800,732,68
S01012890,700,595,105
S01012891,826,677,149
S01012892,1257,1054,203
S01012893,1057,879,178
S01012894,254,233,21
S01012895,476,430,46
S01012896,1111,965,146
S01012897,644,587,57
S01012898,237,206,31
S01012899,749,658,91
S01012900,927,807,120
S01012901,1322,1221,101
S01012902,1066,973,93
S01012903,1068,980,88
S01012904,1058,972,86
S01012905,1047,946,101
S01012906,1137,1037,100
S01012907,1116,974,142
S01012908,1183,994,189
S01012909,952,837,115
S01012910,1327,1134,193
S01012911,866,777,89
S01012912,1142,984,158
S01012913,1053,932,121
S01012914,963,835,128
S01012915,650,550,100
S01012916,1057,959,98
S01012917,786,737,49
S01012918,940,827,113
S01012919,509,451,58
S01012920,644,613,31
S01012921,770,685,85
S01012922,761,689,72
S01012923,907,838,69
S01012924,651,601,50
S01012925,684,649,35
S01012926,765,712,53
S01012927,827,738,89
S01012928,1011,931,80
S01012929,968,908,60
S01012930,877,722,155
S01012931,1136,980,156
S01012932,661,617,44
S01012933,912,807,105
S01012934,867,763,104
S01012935,1533,1375,158
S01012936,792,715,77
S01012937,906,817,89
S01012938,962,912,50
S01012939,846,804,42
S01012940,904,860,44
S01012941,929,890,39
S01012942,930,813,117
S01012943,883,834,49
S01012944,779,745,34
S01012945,759,737,22
S01012946,808,776,32
S01012947,668,650,18
S01012948,1176,1122,54
S01012949,842,809,33
S01012950,847,806,41
S01012951,499,482,17
S01012952,575,550,25
S01012953,790,753,37
S01012954,513,487,26
S01012955,553,497,56
S01012956,999,864,135
S01012957,857,759,98
S01012958,550,500,50
S01012959,660,633,27
S01012960,864,811,53
S01012961,1093,1047,46
S01012962,1027,993,34
S01012963,410,390,20
S01012964,289,277,12
S01012965,648,623,25
S01012966,1028,966,62
S01012967,1128,1024,104
S01012968,904,797,107
S01012969,1079,948,131
S01012970,947,858,89
S01012971,1140,1047,93
S01012972,827,733,94
S01012973,983,875,108
S01012974,1123,995,128
S01012975,825,713,112
S01012976,791,701,90
S01012977,981,887,94
S01012978,1126,996,130
S01012979,781,724,57
S01012980,878,807,71
S01012981,929,817,112
S01012982,891,821,70
S01012983,791,729,62
S01012984,871,789,82
S01012985,980,901,79
S01012986,1043,921,122
S01012987,1153,1021,132
S01012988,1134,983,151
S01012989,1256,1114,142
S01012990,1158,1018,140
S01012991,1119,981,138
S01012992,1067,928,139
S01012993,1093,956,137
S01012994,985,871,114
S01012995,931,840,91
S01012996,1064,992,72
S01012997,644,564,80
S01012998,991,887,104
S01012999,598,525,73
S01013000,1228,1086,142
S01013001,464,433,31
S01013002,728,666,62
S01013003,795,769,26
S01013004,1057,1007,50
S01013005,807,773,34
S01013006,698,658,40
S01013007,1377,1269,108
S01013008,1074,1004,70
S01013009,681,623,58
S01013010,539,502,37
S01013011,682,645,37
S01013012,903,831,72
S01013013,937,890,47
S01013014,791,733,58
S01013015,761,726,35
S01013016,896,854,42
S01013017,1003,931,72
S01013018,1113,1058,55
S01013019,869,833,36
S01013020,1016,952,64
S01013021,791,726,65
S01013022,376,360,16
S01013023,1063,1017,46
S01013024,635,596,39
S01013025,932,839,93
S01013026,782,657,125
S01013027,1604,1338,266
S01013028,524,484,40
S01013029,720,609,111
S01013030,921,798,123
S01013031,749,659,90
S01013032,515,487,28
S01013033,518,469,49
S01013034,878,761,117
S01013035,874,752,122
S01013036,948,837,111
S01013037,1236,1085,151
S01013038,1273,1145,128
S01013039,612,588,24
S01013040,662,573,89
S01013041,620,556,64
S01013042,723,655,68
S01013043,855,764,91
S01013044,1217,1064,153
S01013045,551,502,49
S01013046,775,693,82
S01013047,957,915,42
S01013048,1300,1220,80
S01013049,1079,1014,65
S01013050,936,832,104
S01013051,933,796,137
S01013052,842,734,108
S01013053,1066,905,161
S01013054,1054,942,112
S01013055,718,623,95
S01013056,1297,1118,179
S01013057,1140,1015,125
S01013058,355,326,29
S01013059,1027,948,79
S01013060,514,480,34
S01013061,1096,1047,49
S01013062,952,875,77
S01013063,873,823,50
S01013064,1045,914,131
S01013065,1158,1006,152
S01013066,763,684,79
S01013067,1041,983,58
S01013068,1166,1034,132
S01013069,814,751,63
S01013070,950,871,79
S01013071,890,847,43
S01013072,817,688,129
S01013073,974,759,215
S01013074,1468,1220,248
S01013075,931,736,195
S01013076,671,625,46
S01013077,773,669,104
S01013078,693,601,92
S01013079,430,398,32
S01013080,1056,983,73
S01013081,786,732,54
S01013082,1204,1122,82
S01013083,1192,1146,46
S01013084,1016,947,69
S01013085,1018,937,81
S01013086,1066,1008,58
S01013087,1545,1512,33
S01013088,919,882,37
S01013089,830,748,82
S01013090,889,843,46
S01013091,366,329,37
S01013092,937,842,95
S01013093,481,458,23
S01013094,800,777,23
S01013095,1045,1004,41
S01013096,826,782,44
S01013097,1164,1123,41
S01013098,116,105,11
S01013099,859,802,57
S01013100,970,905,65
S01013101,1743,1565,178
S01013102,819,770,49
S01013103,830,803,27
S01013104,1136,1071,65
S01013105,897,844,53
S01013106,987,927,60
S01013107,919,878,41
S01013108,748,696,52
S01013109,1280,1195,85
S01013110,637,600,37
S01013111,642,604,38
S01013112,607,570,37
S01013113,1116,1028,88
S01013114,1309,1195,114
S01013115,996,907,89
S01013116,1034,955,79
S01013117,941,879,62
S01013118,1189,1104,85
S01013119,755,693,62
S01013120,1150,1076,74
S01013121,451,410,41
S01013122,858,703,155
S01013123,995,881,114
S01013124,1223,1042,181
S01013125,962,862,100
S01013126,898,759,139
S01013127,947,804,143
S01013128,814,705,109
S01013129,1093,947,146
S01013130,1056,901,155
S01013131,1026,901,125
S01013132,708,603,105
S01013133,792,579,213
S01013134,823,713,110
S01013135,1168,995,173
S01013136,1266,1075,191
S01013137,1047,897,150
S01013138,1005,846,159
S01013139,1160,953,207
S01013140,1153,999,154
S01013141,744,638,106
S01013142,1094,883,211
S01013143,1067,926,141
S01013144,942,811,131
S01013145,954,813,141
S01013146,590,489,101
S01013147,807,704,103
S01013148,1072,958,114
S01013149,766,680,86
S01013150,933,815,118
S01013151,572,527,45
S01013152,1202,1018,184
S01013153,881,753,128
S01013154,1414,1220,194
S01013155,971,878,93
S01013156,1144,989,155
S01013157,1085,930,155
S01013158,775,698,77
S01013159,899,846,53
S01013160,1117,1028,89
S01013161,994,887,107
S01013162,1032,878,154
S01013163,894,837,57
S01013164,1009,859,150
S01013165,1297,1130,167
S01013166,763,626,137
S01013167,1124,951,173
S01013168,1163,961,202
S01013169,846,674,172
S01013170,1259,1089,170
S01013171,872,808,64
S01013172,949,863,86
S01013173,875,819,56
S01013174,1219,1164,55
S01013175,853,796,57
S01013176,1073,948,125
S01013177,1185,1051,134
S01013178,648,582,66
S01013179,1166,1069,97
S01013180,523,494,29
S01013181,1032,948,84
S01013182,865,740,125
S01013183,1057,968,89
S01013184,748,663,85
S01013185,1122,960,162
S01013186,761,660,101
S01013187,944,819,125
S01013188,1076,978,98
S01013189,877,791,86
S01013190,739,650,89
S01013191,774,734,40
S01013192,1143,1019,124
S01013193,556,500,56
S01013194,993,885,108
S01013195,846,720,126
S01013196,778,714,64
S01013197,624,567,57
S01013198,955,817,138
S01013199,880,749,131
S01013200,1109,941,168
S01013201,900,764,136
S01013202,653,551,102
S01013203,1038,923,115
S01013204,953,894,59
S01013205,856,728,128
S01013206,1060,898,162
S01013207,918,789,129
S01013208,542,471,71
S01013209,1011,893,118
S01013210,808,752,56
S01013211,1062,938,124
S01013212,873,838,35
S01013213,1000,955,45
S01013214,422,399,23
S01013215,822,740,82
S01013216,908,810,98
S01013217,867,787,80
S01013218,863,772,91
S01013219,849,762,87
S01013220,881,774,107
S01013221,1044,889,155
S01013222,520,415,105
S01013223,1156,942,214
S01013224,1229,1082,147
S01013225,843,717,126
S01013226,331,299,32
S01013227,514,427,87
S01013228,999,834,165
S01013229,1109,926,183
S01013230,998,836,162
S01013231,1096,987,109
S01013232,817,700,117
S01013233,620,563,57
S01013234,403,377,26
S01013235,1189,1009,180
S01013236,1130,1044,86
S01013237,1035,927,108
S01013238,1095,894,201
S01013239,1065,915,150
S01013240,774,636,138
S01013241,976,929,47
S01013242,732,697,35
S01013243,821,718,103
S01013244,1202,1035,167
S01013245,877,779,98
S01013246,435,390,45
S01013247,963,838,125
S01013248,732,610,122
S01013249,950,825,125
S01013250,1103,1024,79
S01013251,821,697,124
S01013252,995,873,122
S01013253,782,703,79
S01013254,849,732,117
S01013255,931,820,111
S01013256,729,637,92
S01013257,976,839,137
S01013258,966,899,67
S01013259,1430,1300,130
S01013260,942,820,122
S01013261,1245,1103,142
S01013262,833,733,100
S01013263,569,538,31
S01013264,300,289,11
S01013265,423,402,21
S01013266,309,300,9
S01013267,787,698,89
S01013268,1254,1136,118
S01013269,1002,942,60
S01013270,698,673,25
S01013271,1002,969,33
S01013272,996,964,32
S01013273,492,471,21
S01013274,1021,975,46
S01013275,1227,1142,85
S01013276,994,923,71
S01013277,1006,909,97
S01013278,1066,897,169
S01013279,901,798,103
S01013280,882,775,107
S01013281,955,847,108
S01013282,855,773,82
S01013283,837,755,82
S01013284,679,655,24
S01013285,780,746,34
S01013286,839,794,45
S01013287,863,832,31
S01013288,763,694,69
S01013289,965,926,39
S01013290,1160,1092,68
S01013291,1141,1066,75
S01013292,893,844,49
S01013293,899,860,39
S01013294,897,838,59
S01013295,951,913,38
S01013296,940,839,101
S01013297,1072,979,93
S01013298,790,730,60
S01013299,935,842,93
S01013300,811,721,90
S01013301,697,638,59
S01013302,665,623,42
S01013303,1228,1085,143
S01013304,1033,915,118
S01013305,857,755,102
S01013306,1015,869,146
S01013307,1135,1021,114
S01013308,636,576,60
S01013309,876,825,51
S01013310,697,634,63
S01013311,924,834,90
S01013312,1632,1440,192
S01013313,666,598,68
S01013314,939,836,103
S01013315,277,265,12
S01013316,754,697,57
S01013317,687,646,41
S01013318,649,632,17
S01013319,739,712,27
S01013320,601,584,17
S01013321,458,391,67
S01013322,845,772,73
S01013323,870,748,122
S01013324,1074,964,110
S01013325,869,755,114
S01013326,1006,896,110
S01013327,927,808,119
S01013328,786,691,95
S01013329,603,514,89
S01013330,711,660,51
S01013331,571,548,23
S01013332,875,783,92
S01013333,1074,991,83
S01013334,771,681,90
S01013335,1056,956,100
S01013336,1198,1108,90
S01013337,1133,1027,106
S01013338,368,333,35
S01013339,900,852,48
S01013340,1338,1267,71
S01013341,767,742,25
S01013342,920,791,129
S01013343,717,633,84
S01013344,710,636,74
S01013345,916,823,93
S01013346,729,705,24
S01013347,738,689,49
S01013348,491,484,7
S01013349,220,193,27
S01013350,629,569,60
S01013351,819,750,69
S01013352,1095,1001,94
S01013353,1207,1078,129
S01013354,787,712,75
S01013355,985,889,96
S01013356,840,746,94
S01013357,510,489,21
S01013358,810,693,117
S01013359,692,593,99
S01013360,737,621,116
S01013361,924,776,148
S01013362,613,524,89
S01013363,1074,931,143
S01013364,746,672,74
S01013365,1085,1012,73
S01013366,644,612,32
S01013367,628,593,35
S01013368,906,811,95
S01013369,905,811,94
S01013370,868,760,108
S01013371,879,744,135
S01013372,1044,877,167
S01013373,1150,974,176
S01013374,1047,879,168
S01013375,686,598,88
S01013376,719,616,103
S01013377,803,700,103
S01013378,957,876,81
S01013379,1121,997,124
S01013380,523,446,77
S01013381,733,647,86
S01013382,765,662,103
S01013383,864,703,161
S01013384,1176,1003,173
S01013385,726,634,92
S01013386,763,722,41
S01013387,742,602,140
S01013388,761,643,118
S01013389,1073,987,86
S01013390,609,530,79
S01013391,986,896,90
S01013392,386,343,43
S01013393,1082,929,153
S01013394,761,673,88
S01013395,894,765,129
S01013396,382,322,60
S01013397,889,767,122
S01013398,337,315,22
S01013399,476,402,74
S01013400,596,523,73
S01013401,141,138,3
S01013402,76,67,9
S01013403,101,94,7
S01013404,488,464,24
S01013405,707,655,52
S01013406,781,684,97
S01013407,842,753,89
S01013408,791,700,91
S01013409,991,902,89
S01013410,496,428,68
S01013411,761,713,48
S01013412,833,766,67
S01013413,804,728,76
S01013414,669,573,96
S01013415,785,616,169
S01013416,588,477,111
S01013417,733,645,88
S01013418,634,586,48
S01013419,649,614,35
S01013420,822,747,75
S01013421,510,464,46
S01013422,1045,956,89
S01013423,898,831,67
S01013424,914,863,51
S01013425,456,438,18
S01013426,886,795,91
S01013427,232,224,8
S01013428,944,858,86
S01013429,1244,1074,170
S01013430,789,697,92
S01013431,912,818,94
S01013432,880,780,100
S01013433,778,728,50
S01013434,514,498,16
S01013435,862,850,12
S01013436,919,831,88
S01013437,717,663,54
S01013438,709,649,60
S01013439,965,920,45
S01013440,1315,1272,43
S01013441,788,735,53
S01013442,914,870,44
S01013443,497,462,35
S01013444,1177,1043,134
S01013445,720,631,89
S01013446,741,679,62
S01013447,566,551,15
S01013448,1001,959,42
S01013449,839,806,33
S01013450,885,859,26
S01013451,972,949,23
S01013452,626,601,25
S01013453,983,903,80
S01013454,705,673,32
S01013455,502,465,37
S01013456,1087,973,114
S01013457,1024,931,93
S01013458,895,839,56
S01013459,988,872,116
S01013460,1039,914,125
S01013461,945,867,78
S01013462,971,909,62
S01013463,584,510,74
S01013464,920,821,99
S01013465,872,797,75
S01013466,386,311,75
S01013467,410,365,45
S01013468,719,662,57
S01013469,1053,960,93
S01013470,898,788,110
S01013471,1020,929,91
S01013472,440,408,32
S01013473,272,265,7
S01013474,467,438,29
S01013475,904,848,56
S01013476,679,627,52
S01013477,993,873,120
S01013478,872,795,77
S01013479,1046,929,117
S01013480,657,556,101
S01013481,399,362,37
