dz_2011,total,good,not_good
S01006506,872,842,30
S01006507,1042,1011,31
S01006508,888,866,22
S01006509,693,674,19
S01006510,748,722,26
S01006511,1083,1045,38
S01006512,395,387,8
S01006513,1166,1128,38
S01006514,1240,1229,11
S01006515,1123,1110,13
S01006516,910,897,13
S01006517,1014,983,31
S01006518,957,949,8
S01006519,865,841,24
S01006520,883,874,9
S01006521,743,738,5
S01006522,574,564,10
S01006523,1501,1465,36
S01006524,1320,1279,41
S01006525,1289,1268,21
S01006526,1404,1340,64
S01006527,1328,1268,60
S01006528,1127,1092,35
S01006529,1086,1050,36
S01006530,1133,1045,88
S01006531,1311,1250,61
S01006532,1002,972,30
S01006533,837,827,10
S01006534,910,891,19
S01006535,1105,1090,15
S01006536,1347,1327,20
S01006537,847,826,21
S01006538,664,646,18
S01006539,1025,995,30
S01006540,1264,1231,33
S01006541,952,920,32
S01006542,1001,975,26
S01006543,1075,1053,22
S01006544,1430,1396,34
S01006545,1276,1231,45
S01006546,1128,1099,29
S01006547,1461,1377,84
S01006548,721,712,9
S01006549,927,906,21
S01006550,1181,1156,25
S01006551,1009,956,53
S01006552,1252,1222,30
S01006553,1027,966,61
S01006554,942,889,53
S01006555,1019,968,51
S01006556,976,898,78
S01006557,799,754,45
S01006558,843,821,22
S01006559,703,694,9
S01006560,1033,1011,22
S01006561,852,838,14
S01006562,978,930,48
S01006563,1023,998,25
S01006564,1190,1139,51
S01006565,1206,1146,60
S01006566,832,814,18
S01006567,1211,1157,54
S01006568,1135,1111,24
S01006569,748,730,18
S01006570,899,880,19
S01006571,1237,1218,19
S01006572,1371,1348,23
S01006573,724,712,12
S01006574,1001,981,20
S01006575,1180,1161,19
S01006576,902,883,19
S01006577,904,892,12
S01006578,1744,1704,40
S01006579,1367,1346,21
S01006580,855,836,19
S01006581,1344,1329,15
S01006582,695,681,14
S01006583,1091,1080,11
S01006584,919,912,7
S01006585,872,832,40
S01006586,941,901,40
S01006587,658,646,12
S01006588,915,898,17
S01006589,1330,1289,41
S01006590,649,628,21
S01006591,880,866,14
S01006592,654,647,7
S01006593,923,908,15
S01006594,794,769,25
S01006595,1031,1014,17
S01006596,924,906,18
S01006597,790,773,17
S01006598,1295,1276,19
S01006599,1157,1088,69
S01006600,1424,1361,63
S01006601,1002,974,28
S01006602,1044,1019,25
S01006603,1337,1257,80
S01006604,920,872,48
S01006605,929,861,68
S01006606,1244,1180,64
S01006607,1260,1208,52
S01006608,1555,1529,26
S01006609,1352,1277,75
S01006610,701,643,58
S01006611,1111,1033,78
S01006612,997,950,47
S01006613,453,444,9
S01006614,908,894,14
S01006615,402,394,8
S01006616,755,750,5
S01006617,994,964,30
S01006618,514,500,14
S01006619,948,914,34
S01006620,1020,988,32
S01006621,748,735,13
S01006622,669,659,10
S01006623,1410,1360,50
S01006624,959,913,46
S01006625,844,801,43
S01006626,866,797,69
S01006627,859,810,49
S01006628,1410,1355,55
S01006629,959,898,61
S01006630,852,792,60
S01006631,1102,1046,56
S01006632,1045,977,68
S01006633,950,901,49
S01006634,870,814,56
S01006635,1040,974,66
S01006636,1084,1007,77
S01006637,753,711,42
S01006638,1111,1036,75
S01006639,1006,929,77
S01006640,817,801,16
S01006641,1351,1288,63
S01006642,1373,1348,25
S01006643,1248,1219,29
S01006644,1031,989,42
S01006645,1548,1480,68
S01006646,1369,1331,38
S01006647,961,934,27
S01006648,2018,1976,42
S01006649,1204,1162,42
S01006650,1422,1374,48
S01006651,776,747,29
S01006652,826,803,23
S01006653,818,801,17
S01006654,914,854,60
S01006655,724,689,35
S01006656,1095,1053,42
S01006657,599,581,18
S01006658,1280,1247,33
S01006659,883,870,13
S01006660,833,807,26
S01006661,736,714,22
S01006662,942,907,35
S01006663,1309,1294,15
S01006664,511,500,11
S01006665,935,919,16
S01006666,1818,1679,139
S01006667,1260,1144,116
S01006668,908,887,21
S01006669,1334,1241,93
S01006670,929,892,37
S01006671,2611,2558,53
S01006672,810,763,47
S01006673,973,925,48
S01006674,1048,964,84
S01006675,774,721,53
S01006676,881,809,72
S01006677,723,677,46
S01006678,1273,1198,75
S01006679,945,904,41
S01006680,971,914,57
S01006681,1097,1011,86
S01006682,956,898,58
S01006683,1283,1227,56
S01006684,870,816,54
S01006685,910,836,74
S01006686,952,878,74
S01006687,1000,931,69
S01006688,1041,963,78
S01006689,629,621,8
S01006690,795,760,35
S01006691,918,890,28
S01006692,862,839,23
S01006693,1274,1219,55
S01006694,1144,1048,96
S01006695,712,672,40
S01006696,1150,1083,67
S01006697,1163,1105,58
S01006698,936,869,67
S01006699,784,760,24
S01006700,1228,1161,67
S01006701,1040,973,67
S01006702,934,882,52
S01006703,773,729,44
S01006704,805,744,61
S01006705,944,877,67
S01006706,809,755,54
S01006707,685,645,40
S01006708,865,810,55
S01006709,1245,1162,83
S01006710,1064,985,79
S01006711,1125,1039,86
S01006712,631,581,50
S01006713,939,862,77
S01006714,900,849,51
S01006715,1123,1066,57
S01006716,606,569,37
S01006717,1068,993,75
S01006718,627,597,30
S01006719,1031,958,73
S01006720,745,699,46
S01006721,942,875,67
S01006722,856,812,44
S01006723,987,918,69
S01006724,1367,1274,93
S01006725,960,894,66
S01006726,1391,1334,57
S01006727,1370,1276,94
S01006728,887,847,40
S01006729,986,939,47
S01006730,778,744,34
S01006731,503,467,36
S01006732,1494,1456,38
S01006733,911,896,15
S01006734,1147,1130,17
S01006735,929,902,27
S01006736,1318,1301,17
S01006737,1059,1040,19
S01006738,829,802,27
S01006739,607,587,20
S01006740,1039,984,55
S01006741,754,704,50
S01006742,460,443,17
S01006743,1081,1024,57
S01006744,662,634,28
S01006745,1048,995,53
S01006746,846,806,40
S01006747,1141,1115,26
S01006748,1163,1114,49
S01006749,1351,1287,64
S01006750,812,772,40
S01006751,509,474,35
S01006752,810,776,34
S01006753,913,893,20
S01006754,1132,1104,28
S01006755,1090,1057,33
S01006756,990,970,20
S01006757,1306,1261,45
S01006758,694,681,13
S01006759,1334,1315,19
S01006760,593,584,9
S01006761,927,904,23
S01006762,939,877,62
S01006763,1100,1090,10
S01006764,790,776,14
S01006765,725,707,18
S01006766,608,599,9
S01006767,869,815,54
S01006768,599,591,8
S01006769,1283,1251,32
S01006770,655,643,12
S01006771,563,559,4
S01006772,1218,1198,20
S01006773,734,705,29
S01006774,861,840,21
S01006775,758,739,19
S01006776,662,619,43
S01006777,918,899,19
S01006778,867,824,43
S01006779,1058,1007,51
S01006780,868,839,29
S01006781,972,940,32
S01006782,1016,998,18
S01006783,672,648,24
S01006784,706,689,17
S01006785,785,761,24
S01006786,1087,1061,26
S01006787,969,942,27
S01006788,646,640,6
S01006789,942,912,30
S01006790,980,948,32
S01006791,536,522,14
S01006792,696,675,21
S01006793,619,608,11
S01006794,775,750,25
S01006795,777,755,22
S01006796,795,785,10
S01006797,752,742,10
S01006798,738,723,15
S01006799,1053,1019,34
S01006800,960,942,18
S01006801,1414,1369,45
S01006802,675,661,14
S01006803,766,750,16
S01006804,1274,1253,21
S01006805,1346,1324,22
S01006806,1095,1059,36
S01006807,620,607,13
S01006808,973,952,21
S01006809,975,936,39
S01006810,1010,967,43
S01006811,1090,1072,18
S01006812,835,820,15
S01006813,996,959,37
S01006814,1109,1074,35
S01006815,753,718,35
S01006816,944,909,35
S01006817,865,837,28
S01006818,719,704,15
S01006819,1266,1250,16
S01006820,640,631,9
S01006821,1161,1151,10
S01006822,759,747,12
S01006823,885,871,14
S01006824,736,704,32
S01006825,1017,999,18
S01006826,1310,1268,42
S01006827,1041,1008,33
S01006828,1011,982,29
S01006829,706,696,10
S01006830,634,609,25
S01006831,1231,1196,35
S01006832,1029,992,37
S01006833,730,712,18
S01006834,336,331,5
S01006835,1291,1238,53
S01006836,514,509,5
S01006837,1004,984,20
S01006838,979,967,12
S01006839,933,908,25
S01006840,1211,1193,18
S01006841,1332,1305,27
S01006842,996,969,27
S01006843,965,946,19
S01006844,671,656,15
S01006845,1033,1019,14
S01006846,890,863,27
S01006847,807,790,17
S01006848,1396,1378,18
S01006849,1300,1270,30
S01006850,1119,1087,32
S01006851,805,776,29
S01006852,595,579,16
S01006853,948,930,18
S01006854,1601,1565,36
S01006855,790,775,15
S01006856,942,927,15
S01006857,1052,1038,14
S01006858,642,631,11
S01006859,1439,1421,18
S01006860,692,664,28
S01006861,861,849,12
S01006862,933,912,21
S01006863,1291,1266,25
S01006864,148,141,7
S01006865,938,919,19
S01006866,636,625,11
S01006867,1210,1180,30
S01006868,879,846,33
S01006869,581,561,20
S01006870,630,613,17
S01006871,1006,991,15
S01006872,1639,1622,17
S01006873,1250,1203,47
S01006874,584,571,13
S01006875,1009,981,28
S01006876,1121,1086,35
S01006877,1101,1074,27
S01006878,958,927,31
S01006879,1135,1102,33
S01006880,787,774,13
S01006881,578,568,10
S01006882,841,811,30
S01006883,646,626,20
S01006884,1050,1010,40
S01006885,754,742,12
S01006886,733,716,17
S01006887,905,889,16
S01006888,939,907,32
S01006889,647,620,27
S01006890,1070,1025,45
S01006891,645,634,11
S01006892,584,552,32
S01006893,1004,979,25
S01006894,597,568,29
S01006895,474,460,14
S01006896,749,734,15
S01006897,1007,986,21
S01006898,548,527,21
S01006899,510,504,6
S01006900,455,450,5
S01006901,793,766,27
S01006902,693,672,21
S01006903,947,917,30
S01006904,569,534,35
S01006905,1010,964,46
S01006906,948,897,51
S01006907,716,695,21
S01006908,911,877,34
S01006909,428,424,4
S01006910,501,492,9
S01006911,1869,1853,16
S01006912,245,243,2
S01006913,2012,1997,15
S01006914,862,848,14
S01006915,848,830,18
S01006916,360,356,4
S01006917,1458,1442,16
S01006918,1807,1784,23
S01006919,687,669,18
S01006920,816,790,26
S01006921,1086,1075,11
S01006922,2000,1976,24
S01006923,1473,1447,26
S01006924,758,743,15
S01006925,499,485,14
S01006926,1739,1715,24
S01006927,374,361,13
S01006928,2797,2738,59
S01006929,1797,1774,23
S01006930,677,669,8
S01006931,1948,1930,18
S01006932,838,828,10
S01006933,801,791,10
S01006934,1749,1718,31
S01006935,911,891,20
S01006936,698,686,12
S01006937,786,764,22
S01006938,844,826,18
S01006939,615,608,7
S01006940,995,976,19
S01006941,1283,1263,20
S01006942,2211,2183,28
S01006943,1763,1748,15
S01006944,83,81,2
S01006945,894,872,22
S01006946,1348,1325,23
S01006947,1444,1429,15
S01006948,1443,1414,29
S01006949,765,753,12
S01006950,718,703,15
S01006951,1316,1283,33
S01006952,1529,1496,33
S01006953,1542,1521,21
S01006954,1765,1726,39
S01006955,622,601,21
S01006956,1548,1515,33
S01006957,1675,1646,29
S01006958,1006,973,33
S01006959,856,809,47
S01006960,2275,2261,14
S01006961,2321,2300,21
S01006962,871,856,15
S01006963,971,954,17
S01006964,850,834,16
S01006965,501,486,15
S01006966,731,707,24
S01006967,744,733,11
S01006968,1120,1070,50
S01006969,1009,965,44
S01006970,614,601,13
S01006971,991,958,33
S01006972,522,510,12
S01006973,594,575,19
S01006974,1389,1368,21
S01006975,1168,1142,26
S01006976,2534,2513,21
S01006977,2911,2882,29
S01006978,855,827,28
S01006979,1437,1391,46
S01006980,688,673,15
S01006981,798,781,17
S01006982,1212,1197,15
S01006983,1001,964,37
S01006984,976,962,14
S01006985,1345,1317,28
S01006986,777,756,21
S01006987,1039,1009,30
S01006988,765,747,18
S01006989,855,844,11
S01006990,1009,993,16
S01006991,617,599,18
S01006992,883,866,17
S01006993,740,716,24
S01006994,642,629,13
S01006995,1152,1129,23
S01006996,939,920,19
S01006997,786,775,11
S01006998,1206,1187,19
S01006999,872,842,30
S01007000,1439,1401,38
S01007001,1382,1351,31
S01007002,758,717,41
S01007003,616,602,14
S01007004,1043,1013,30
S01007005,1041,1014,27
S01007006,1003,964,39
S01007007,848,815,33
S01007008,884,843,41
S01007009,1297,1258,39
S01007010,880,849,31
S01007011,1124,1080,44
S01007012,921,878,43
S01007013,1287,1245,42
S01007014,1389,1364,25
S01007015,739,721,18
S01007016,592,578,14
S01007017,1047,998,49
S01007018,1204,1172,32
S01007019,1061,1022,39
S01007020,1373,1324,49
S01007021,1369,1307,62
S01007022,851,822,29
S01007023,678,648,30
S01007024,1203,1150,53
S01007025,1188,1116,72
S01007026,1026,978,48
S01007027,1314,1254,60
S01007028,1507,1447,60
S01007029,662,632,30
S01007030,1009,977,32
S01007031,630,597,33
S01007032,1165,1109,56
S01007033,1060,1012,48
S01007034,1057,1006,51
S01007035,922,877,45
S01007036,1135,1095,40
S01007037,1157,1091,66
S01007038,854,824,30
S01007039,967,924,43
S01007040,1237,1193,44
S01007041,925,874,51
S01007042,987,954,33
S01007043,1112,1058,54
S01007044,1013,958,55
S01007045,948,903,45
S01007046,574,530,44
S01007047,1014,954,60
S01007048,1303,1255,48
S01007049,1039,984,55
S01007050,1042,1014,28
S01007051,1029,1002,27
S01007052,573,561,12
S01007053,802,777,25
S01007054,1130,1086,44
S01007055,515,502,13
S01007056,902,876,26
S01007057,833,815,18
S01007058,768,727,41
S01007059,1336,1281,55
S01007060,604,578,26
S01007061,1155,1127,28
S01007062,758,739,19
S01007063,1503,1445,58
S01007064,762,738,24
S01007065,950,928,22
S01007066,648,628,20
S01007067,1290,1241,49
S01007068,692,645,47
S01007069,997,941,56
S01007070,733,689,44
S01007071,1234,1200,34
S01007072,1482,1424,58
S01007073,1529,1471,58
S01007074,1102,1072,30
S01007075,901,862,39
S01007076,1048,1019,29
S01007077,757,714,43
S01007078,964,914,50
S01007079,1226,1129,97
S01007080,790,741,49
S01007081,1064,998,66
S01007082,699,652,47
S01007083,937,858,79
S01007084,911,852,59
S01007085,1118,1067,51
S01007086,1385,1322,63
S01007087,986,931,55
S01007088,651,599,52
S01007089,529,522,7
S01007090,540,528,12
S01007091,1388,1358,30
S01007092,624,575,49
S01007093,987,947,40
S01007094,2273,2202,71
S01007095,736,715,21
S01007096,1172,1133,39
S01007097,2158,2107,51
S01007098,1650,1613,37
S01007099,883,854,29
S01007100,868,834,34
S01007101,1358,1290,68
S01007102,847,805,42
S01007103,832,796,36
S01007104,486,461,25
S01007105,655,613,42
S01007106,898,837,61
S01007107,766,746,20
S01007108,1249,1199,50
S01007109,1526,1440,86
S01007110,1052,1004,48
S01007111,534,501,33
S01007112,928,885,43
S01007113,758,723,35
S01007114,888,850,38
S01007115,720,703,17
S01007116,1304,1271,33
S01007117,553,537,16
S01007118,847,805,42
S01007119,964,908,56
S01007120,1163,1101,62
S01007121,835,776,59
S01007122,594,568,26
S01007123,965,896,69
S01007124,1095,1054,41
S01007125,867,811,56
S01007126,1090,1021,69
S01007127,1030,966,64
S01007128,979,898,81
S01007129,956,941,15
S01007130,676,649,27
S01007131,1096,1054,42
S01007132,700,688,12
S01007133,674,649,25
S01007134,860,814,46
S01007135,806,783,23
S01007136,661,647,14
S01007137,842,827,15
S01007138,957,931,26
S01007139,776,752,24
S01007140,1022,986,36
S01007141,1331,1278,53
S01007142,201,199,2
S01007143,1174,1148,26
S01007144,2358,2291,67
S01007145,892,851,41
S01007146,881,835,46
S01007147,830,799,31
S01007148,538,525,13
S01007149,850,818,32
S01007150,750,696,54
S01007151,1188,1153,35
S01007152,787,754,33
S01007153,916,871,45
S01007154,1000,940,60
S01007155,715,673,42
S01007156,1127,1084,43
S01007157,875,835,40
S01007158,1043,1016,27
S01007159,933,883,50
S01007160,969,916,53
S01007161,1114,1055,59
S01007162,608,561,47
S01007163,1019,970,49
S01007164,778,737,41
S01007165,987,937,50
S01007166,1096,1063,33
S01007167,795,772,23
S01007168,965,943,22
S01007169,854,825,29
S01007170,744,721,23
S01007171,1048,1013,35
S01007172,1330,1291,39
S01007173,523,514,9
S01007174,1004,971,33
S01007175,922,876,46
S01007176,1078,1032,46
S01007177,801,759,42
S01007178,1045,975,70
S01007179,1320,1245,75
S01007180,1009,965,44
S01007181,1158,1108,50
S01007182,1250,1192,58
S01007183,1321,1248,73
S01007184,1039,971,68
S01007185,979,910,69
S01007186,777,722,55
S01007187,804,742,62
S01007188,803,747,56
S01007189,910,809,101
S01007190,935,876,59
S01007191,735,703,32
S01007192,784,749,35
S01007193,893,848,45
S01007194,641,598,43
S01007195,1056,1014,42
S01007196,974,926,48
S01007197,743,696,47
S01007198,532,509,23
S01007199,1091,1018,73
S01007200,849,807,42
S01007201,1014,964,50
S01007202,735,697,38
S01007203,840,810,30
S01007204,1078,1029,49
S01007205,843,816,27
S01007206,392,373,19
S01007207,1048,1003,45
S01007208,990,943,47
S01007209,833,780,53
S01007210,1067,1014,53
S01007211,967,902,65
S01007212,847,819,28
S01007213,912,864,48
S01007214,1074,982,92
S01007215,984,927,57
S01007216,791,754,37
S01007217,1186,1135,51
S01007218,992,966,26
S01007219,1097,1054,43
S01007220,787,741,46
S01007221,1105,1067,38
S01007222,1100,1051,49
S01007223,714,692,22
S01007224,742,715,27
S01007225,1206,1173,33
S01007226,1027,998,29
S01007227,1533,1470,63
S01007228,819,788,31
S01007229,1249,1211,38
S01007230,1291,1237,54
S01007231,818,773,45
S01007232,726,687,39
S01007233,788,759,29
S01007234,630,603,27
S01007235,1078,1033,45
S01007236,1094,1052,42
S01007237,779,758,21
S01007238,1007,970,37
S01007239,1422,1384,38
S01007240,539,514,25
S01007241,1174,1136,38
S01007242,1158,1114,44
S01007243,1415,1368,47
S01007244,721,682,39
S01007245,776,734,42
S01007246,891,857,34
S01007247,1082,1048,34
S01007248,1060,1016,44
S01007249,609,597,12
S01007250,822,795,27
S01007251,893,854,39
S01007252,925,898,27
S01007253,798,766,32
S01007254,948,877,71
S01007255,1038,984,54
S01007256,935,879,56
S01007257,894,842,52
S01007258,886,850,36
S01007259,1048,984,64
S01007260,1218,1152,66
S01007261,1051,1009,42
S01007262,712,684,28
S01007263,1142,1084,58
S01007264,869,826,43
S01007265,1216,1135,81
S01007266,823,790,33
S01007267,610,588,22
S01007268,596,571,25
S01007269,667,638,29
S01007270,457,442,15
S01007271,1146,1094,52
S01007272,1141,1089,52
S01007273,760,736,24
S01007274,905,860,45
S01007275,729,694,35
S01007276,1159,1125,34
S01007277,919,884,35
S01007278,941,921,20
S01007279,674,653,21
S01007280,676,657,19
S01007281,1181,1151,30
S01007282,538,521,17
S01007283,1023,966,57
S01007284,848,818,30
S01007285,1145,1093,52
S01007286,1464,1406,58
S01007287,616,591,25
S01007288,667,647,20
S01007289,1011,987,24
S01007290,1136,1088,48
S01007291,637,598,39
S01007292,771,744,27
S01007293,1080,1043,37
S01007294,1054,1002,52
S01007295,677,631,46
S01007296,563,533,30
S01007297,1176,1153,23
S01007298,532,511,21
S01007299,1008,982,26
S01007300,668,641,27
S01007301,870,841,29
S01007302,796,750,46
S01007303,1117,1046,71
S01007304,693,673,20
S01007305,1008,982,26
S01007306,1252,1215,37
S01007307,1088,1051,37
S01007308,882,830,52
S01007309,815,791,24
S01007310,865,826,39
S01007311,926,885,41
S01007312,862,822,40
S01007313,972,949,23
S01007314,875,852,23
S01007315,940,908,32
S01007316,1141,1070,71
S01007317,1153,1103,50
S01007318,607,582,25
S01007319,857,821,36
S01007320,894,868,26
S01007321,595,564,31
S01007322,836,795,41
S01007323,449,420,29
S01007324,328,315,13
S01007325,833,801,32
S01007326,970,935,35
S01007327,886,828,58
S01007328,1077,1037,40
S01007329,702,662,40
S01007330,778,739,39
S01007331,1082,1019,63
S01007332,624,600,24
S01007333,1123,1074,49
S01007334,995,922,73
S01007335,898,845,53
S01007336,762,709,53
S01007337,658,601,57
S01007338,1084,1028,56
S01007339,854,819,35
S01007340,664,620,44
S01007341,853,808,45
S01007342,826,787,39
S01007343,651,616,35
S01007344,579,537,42
S01007345,691,625,66
S01007346,834,746,88
S01007347,1056,978,78
S01007348,802,738,64
S01007349,687,645,42
S01007350,661,618,43
S01007351,658,603,55
S01007352,498,469,29
S01007353,791,762,29
S01007354,786,729,57
S01007355,1326,1243,83
S01007356,714,659,55
S01007357,803,764,39
S01007358,1442,1385,57
S01007359,999,908,91
S01007360,906,819,87
S01007361,1043,990,53
S01007362,1162,1104,58
S01007363,1008,931,77
S01007364,1093,1013,80
S01007365,478,452,26
S01007366,550,476,74
S01007367,629,578,51
S01007368,659,611,48
S01007369,1138,1075,63
S01007370,917,849,68
S01007371,958,899,59
S01007372,1250,1188,62
S01007373,704,657,47
S01007374,810,782,28
S01007375,464,448,16
S01007376,1015,952,63
S01007377,664,628,36
S01007378,1716,1683,33
S01007379,925,884,41
S01007380,846,807,39
S01007381,512,487,25
S01007382,990,947,43
S01007383,749,716,33
S01007384,1075,1044,31
S01007385,1228,1177,51
S01007386,806,787,19
S01007387,864,847,17
S01007388,741,722,19
S01007389,763,748,15
S01007390,727,711,16
S01007391,664,653,11
S01007392,466,450,16
S01007393,1058,1022,36
S01007394,702,666,36
S01007395,1111,1056,55
S01007396,1049,975,74
S01007397,943,910,33
S01007398,821,767,54
S01007399,891,811,80
S01007400,845,796,49
S01007401,752,716,36
S01007402,700,664,36
S01007403,943,927,16
S01007404,579,545,34
S01007405,813,776,37
S01007406,1007,973,34
S01007407,1108,1074,34
S01007408,862,814,48
S01007409,666,633,33
S01007410,952,866,86
S01007411,1062,959,103
S01007412,579,551,28
S01007413,997,966,31
S01007414,858,834,24
S01007415,853,787,66
S01007416,595,555,40
S01007417,220,202,18
S01007418,890,822,68
S01007419,1001,940,61
S01007420,4568,4404,164
S01007421,1394,1352,42
S01007422,794,750,44
S01007423,388,378,10
S01007424,787,765,22
S01007425,947,917,30
S01007426,821,770,51
S01007427,744,690,54
S01007428,1005,948,57
S01007429,928,878,50
S01007430,554,533,21
S01007431,710,679,31
S01007432,818,765,53
S01007433,1139,1059,80
S01007434,589,548,41
S01007435,788,739,49
S01007436,990,926,64
S01007437,569,546,23
S01007438,673,645,28
S01007439,858,811,47
S01007440,767,733,34
S01007441,656,638,18
S01007442,866,843,23
S01007443,1039,996,43
S01007444,1549,1495,54
S01007445,687,670,17
S01007446,728,717,11
S01007447,659,643,16
S01007448,1134,1089,45
S01007449,1173,1113,60
S01007450,1353,1251,102
S01007451,623,583,40
S01007452,1435,1355,80
S01007453,110,92,18
S01007454,512,470,42
S01007455,846,783,63
S01007456,1089,1009,80
S01007457,1080,1008,72
S01007458,811,783,28
S01007459,873,816,57
S01007460,922,842,80
S01007461,933,842,91
S01007462,1006,933,73
S01007463,1149,1045,104
S01007464,1042,951,91
S01007465,785,698,87
S01007466,1145,1050,95
S01007467,996,904,92
S01007468,1143,1104,39
S01007469,611,581,30
S01007470,699,634,65
S01007471,479,456,23
S01007472,1077,995,82
S01007473,895,850,45
S01007474,755,733,22
S01007475,517,484,33
S01007476,738,701,37
S01007477,737,699,38
S01007478,1126,1068,58
S01007479,435,411,24
S01007480,1324,1275,49
S01007481,988,948,40
S01007482,668,628,40
S01007483,955,897,58
S01007484,842,779,63
S01007485,842,776,66
S01007486,860,780,80
S01007487,1195,1109,86
S01007488,1194,1126,68
S01007489,856,805,51
S01007490,1233,1140,93
S01007491,1118,1050,68
S01007492,685,608,77
S01007493,1109,1038,71
S01007494,743,689,54
S01007495,844,800,44
S01007496,1185,1114,71
S01007497,596,566,30
S01007498,1028,945,83
S01007499,842,786,56
S01007500,768,712,56
S01007501,680,630,50
S01007502,641,591,50
S01007503,1135,1058,77
S01007504,1169,1084,85
S01007505,538,511,27
S01007506,514,484,30
S01007507,1489,1384,105
S01007508,696,635,61
S01007509,720,674,46
S01007510,1014,927,87
S01007511,1149,1069,80
S01007512,526,488,38
S01007513,1304,1232,72
S01007514,645,602,43
S01007515,699,667,32
S01007516,818,766,52
S01007517,540,492,48
S01007518,1014,948,66
S01007519,497,466,31
S01007520,980,918,62
S01007521,677,647,30
S01007522,1136,1082,54
S01007523,542,529,13
S01007524,951,901,50
S01007525,536,509,27
S01007526,903,849,54
S01007527,1426,1366,60
S01007528,968,941,27
S01007529,867,837,30
S01007530,524,513,11
S01007531,767,742,25
S01007532,597,574,23
S01007533,876,830,46
S01007534,1451,1385,66
S01007535,961,912,49
S01007536,1026,977,49
S01007537,1698,1612,86
S01007538,1123,1074,49
S01007539,853,806,47
S01007540,838,774,64
S01007541,1233,1171,62
S01007542,980,933,47
S01007543,1284,1211,73
S01007544,1291,1244,47
S01007545,1525,1466,59
S01007546,663,640,23
S01007547,551,523,28
S01007548,947,906,41
S01007549,765,730,35
S01007550,1233,1159,74
S01007551,1310,1238,72
S01007552,1042,966,76
S01007553,1059,949,110
S01007554,840,739,101
S01007555,818,773,45
S01007556,748,693,55
S01007557,1131,1046,85
S01007558,482,451,31
S01007559,864,821,43
S01007560,1196,1137,59
S01007561,1104,1041,63
S01007562,854,814,40
S01007563,1106,1050,56
S01007564,1271,1204,67
S01007565,1153,1088,65
S01007566,822,787,35
S01007567,588,569,19
S01007568,745,714,31
S01007569,1259,1205,54
S01007570,1113,1054,59
S01007571,539,517,22
S01007572,1778,1709,69
S01007573,84,80,4
S01007574,2322,2229,93
S01007575,860,795,65
S01007576,1025,934,91
S01007577,893,816,77
S01007578,834,766,68
S01007579,663,618,45
S01007580,993,932,61
S01007581,657,598,59
S01007582,873,819,54
S01007583,1318,1196,122
S01007584,995,918,77
S01007585,1087,1041,46
S01007586,1155,1075,80
S01007587,819,769,50
S01007588,949,883,66
S01007589,1123,1058,65
S01007590,661,643,18
S01007591,1178,1109,69
S01007592,1143,1073,70
S01007593,1200,1093,107
S01007594,843,775,68
S01007595,1056,1007,49
S01007596,715,665,50
S01007597,647,626,21
S01007598,1121,1080,41
S01007599,840,782,58
S01007600,1066,998,68
S01007601,631,611,20
S01007602,958,939,19
S01007603,923,909,14
S01007604,1020,980,40
S01007605,1157,1116,41
S01007606,614,589,25
S01007607,927,900,27
S01007608,971,937,34
S01007609,981,917,64
S01007610,730,670,60
S01007611,1147,1041,106
S01007612,1044,961,83
S01007613,1013,977,36
S01007614,1112,1072,40
S01007615,1375,1316,59
S01007616,917,873,44
S01007617,671,632,39
S01007618,781,726,55
S01007619,736,687,49
S01007620,822,789,33
S01007621,898,845,53
S01007622,1331,1279,52
S01007623,608,588,20
S01007624,741,708,33
S01007625,690,654,36
S01007626,650,634,16
S01007627,547,527,20
S01007628,881,843,38
S01007629,860,832,28
S01007630,813,774,39
S01007631,631,611,20
S01007632,1683,1613,70
S01007633,1550,1486,64
S01007634,803,776,27
S01007635,981,937,44
S01007636,1413,1327,86
S01007637,1378,1296,82
S01007638,1058,975,83
S01007639,1087,1027,60
S01007640,724,685,39
S01007641,856,820,36
S01007642,1152,1099,53
S01007643,1067,1009,58
S01007644,1095,1037,58
S01007645,897,871,26
S01007646,627,588,39
S01007647,1020,982,38
S01007648,1086,1045,41
S01007649,741,710,31
S01007650,1062,1019,43
S01007651,716,695,21
S01007652,895,839,56
S01007653,1159,1121,38
S01007654,1299,1229,70
S01007655,781,742,39
S01007656,936,885,51
S01007657,595,566,29
S01007658,689,651,38
S01007659,1055,979,76
S01007660,1289,1216,73
S01007661,905,856,49
S01007662,1070,987,83
S01007663,1135,1064,71
S01007664,578,529,49
S01007665,745,709,36
S01007666,510,479,31
S01007667,717,696,21
S01007668,1269,1191,78
S01007669,642,603,39
S01007670,1146,1066,80
S01007671,857,815,42
S01007672,1002,952,50
S01007673,700,672,28
S01007674,1149,1083,66
S01007675,801,755,46
S01007676,572,554,18
S01007677,279,268,11
S01007678,823,761,62
S01007679,1045,961,84
S01007680,922,892,30
S01007681,519,486,33
S01007682,998,969,29
S01007683,1045,1020,25
S01007684,1173,1140,33
S01007685,1173,1152,21
S01007686,1115,1088,27
S01007687,952,935,17
S01007688,1211,1171,40
S01007689,613,568,45
S01007690,1148,1105,43
S01007691,4465,4387,78
S01007692,1036,995,41
S01007693,1290,1241,49
S01007694,990,945,45
S01007695,1031,949,82
S01007696,1033,989,44
S01007697,1329,1242,87
S01007698,1312,1247,65
S01007699,808,757,51
S01007700,990,944,46
S01007701,451,413,38
S01007702,2253,2225,28
S01007703,1230,1164,66
S01007704,1393,1289,104
S01007705,1058,1029,29
S01007706,1058,1023,35
S01007707,1285,1261,24
S01007708,1038,971,67
S01007709,825,755,70
S01007710,2214,2133,81
S01007711,1342,1267,75
S01007712,1066,1019,47
S01007713,573,538,35
S01007714,643,604,39
S01007715,774,718,56
S01007716,1214,1109,105
S01007717,1003,914,89
S01007718,963,860,103
S01007719,1534,1404,130
S01007720,1091,989,102
S01007721,1085,998,87
S01007722,940,848,92
S01007723,1020,891,129
S01007724,805,755,50
S01007725,1343,1201,142
S01007726,858,788,70
S01007727,1023,943,80
S01007728,1291,1221,70
S01007729,1002,955,47
S01007730,985,941,44
S01007731,729,695,34
S01007732,1003,951,52
S01007733,853,832,21
S01007734,821,797,24
S01007735,827,807,20
S01007736,844,806,38
S01007737,1140,1075,65
S01007738,1114,1053,61
S01007739,819,752,67
S01007740,709,663,46
S01007741,899,812,87
S01007742,729,674,55
S01007743,895,840,55
S01007744,766,675,91
S01007745,1016,915,101
S01007746,889,821,68
S01007747,815,749,66
S01007748,704,636,68
S01007749,866,827,39
S01007750,930,899,31
S01007751,790,770,20
S01007752,1167,1118,49
S01007753,961,888,73
S01007754,1313,1199,114
S01007755,877,800,77
S01007756,955,858,97
S01007757,1311,1266,45
S01007758,1040,992,48
S01007759,1255,1155,100
S01007760,950,913,37
S01007761,853,832,21
S01007762,814,770,44
S01007763,772,716,56
S01007764,895,872,23
S01007765,969,933,36
S01007766,1083,1051,32
S01007767,1000,966,34
S01007768,765,721,44
S01007769,809,780,29
S01007770,812,785,27
S01007771,823,803,20
S01007772,1185,1106,79
S01007773,734,709,25
S01007774,146,142,4
S01007775,1292,1221,71
S01007776,591,580,11
S01007777,562,555,7
S01007778,2422,2347,75
S01007779,774,736,38
S01007780,795,762,33
S01007781,796,768,28
S01007782,709,671,38
S01007783,873,760,113
S01007784,1006,947,59
S01007785,507,472,35
S01007786,900,838,62
S01007787,804,775,29
S01007788,832,764,68
S01007789,1151,1076,75
S01007790,1899,1841,58
S01007791,1170,1147,23
S01007792,998,914,84
S01007793,1046,944,102
S01007794,1109,1028,81
S01007795,712,675,37
S01007796,692,636,56
S01007797,635,581,54
S01007798,778,754,24
S01007799,418,404,14
S01007800,1038,943,95
S01007801,973,868,105
S01007802,634,610,24
S01007803,1468,1307,161
S01007804,846,764,82
S01007805,971,907,64
S01007806,888,820,68
S01007807,894,851,43
S01007808,933,863,70
S01007809,1249,1195,54
S01007810,983,890,93
S01007811,871,823,48
S01007812,850,795,55
S01007813,1108,1029,79
S01007814,854,775,79
S01007815,1159,1108,51
S01007816,669,644,25
S01007817,826,774,52
S01007818,950,903,47
S01007819,803,762,41
S01007820,1088,1015,73
S01007821,826,772,54
S01007822,966,911,55
S01007823,789,743,46
S01007824,1125,1074,51
S01007825,1294,1232,62
S01007826,598,518,80
S01007827,661,628,33
S01007828,1214,1114,100
S01007829,763,691,72
S01007830,1072,957,115
S01007831,1059,965,94
S01007832,956,867,89
S01007833,983,870,113
S01007834,742,679,63
S01007835,784,736,48
S01007836,739,698,41
S01007837,1260,1214,46
S01007838,973,914,59
S01007839,1199,1105,94
S01007840,902,844,58
S01007841,951,905,46
S01007842,1215,1131,84
S01007843,944,876,68
S01007844,1340,1266,74
S01007845,995,915,80
S01007846,852,787,65
S01007847,1474,1346,128
S01007848,1070,976,94
S01007849,1112,1033,79
S01007850,754,693,61
S01007851,1036,942,94
S01007852,1282,1181,101
S01007853,807,703,104
S01007854,1286,1174,112
S01007855,658,591,67
S01007856,1053,983,70
S01007857,595,547,48
S01007858,2159,1984,175
S01007859,1529,1414,115
S01007860,1165,1079,86
S01007861,1067,993,74
S01007862,1067,1009,58
S01007863,895,847,48
S01007864,938,876,62
S01007865,1461,1428,33
S01007866,586,576,10
S01007867,1427,1396,31
S01007868,2091,2038,53
S01007869,2241,2187,54
S01007870,666,601,65
S01007871,1111,989,122
S01007872,795,688,107
S01007873,778,707,71
S01007874,887,791,96
S01007875,764,724,40
S01007876,1009,956,53
S01007877,888,794,94
S01007878,724,640,84
S01007879,1203,1080,123
S01007880,460,423,37
S01007881,656,587,69
S01007882,1612,1556,56
S01007883,1211,1147,64
S01007884,953,892,61
S01007885,1038,944,94
S01007886,1168,1065,103
S01007887,717,673,44
S01007888,1070,989,81
S01007889,1119,1017,102
S01007890,695,630,65
S01007891,1333,1245,88
S01007892,1174,1112,62
S01007893,1326,1255,71
S01007894,1050,1002,48
S01007895,771,723,48
S01007896,1110,1021,89
S01007897,1609,1554,55
S01007898,758,712,46
S01007899,502,473,29
S01007900,549,503,46
S01007901,801,731,70
S01007902,980,866,114
S01007903,803,713,90
S01007904,849,795,54
S01007905,827,755,72
S01007906,824,717,107
S01007907,780,677,103
S01007908,1296,1183,113
S01007909,719,674,45
S01007910,1111,1034,77
S01007911,1094,1006,88
S01007912,865,790,75
S01007913,1069,972,97
S01007914,744,687,57
S01007915,961,876,85
S01007916,1041,933,108
S01007917,1234,1093,141
S01007918,1034,929,105
S01007919,949,907,42
S01007920,615,590,25
S01007921,1146,1038,108
S01007922,1361,1213,148
S01007923,1279,1204,75
S01007924,1179,1056,123
S01007925,665,641,24
S01007926,931,899,32
S01007927,617,588,29
S01007928,1208,1149,59
S01007929,1617,1569,48
S01007930,727,708,19
S01007931,1353,1295,58
S01007932,831,811,20
S01007933,1341,1300,41
S01007934,720,676,44
S01007935,1273,1204,69
S01007936,1233,1199,34
S01007937,1503,1449,54
S01007938,837,771,66
S01007939,1016,947,69
S01007940,1719,1620,99
S01007941,631,609,22
S01007942,508,478,30
S01007943,970,920,50
S01007944,1026,963,63
S01007945,1202,1097,105
S01007946,1039,958,81
S01007947,1048,982,66
S01007948,760,688,72
S01007949,954,898,56
S01007950,1135,1084,51
S01007951,1005,939,66
S01007952,857,784,73
S01007953,1022,944,78
S01007954,728,661,67
S01007955,1736,1633,103
S01007956,999,942,57
S01007957,1230,1122,108
S01007958,1059,953,106
S01007959,1951,1808,143
S01007960,607,556,51
S01007961,1674,1579,95
S01007962,1096,1027,69
S01007963,1158,1057,101
S01007964,890,823,67
S01007965,774,707,67
S01007966,1090,984,106
S01007967,860,795,65
S01007968,1038,955,83
S01007969,840,784,56
S01007970,1062,983,79
S01007971,1027,927,100
S01007972,1126,1051,75
S01007973,867,845,22
S01007974,940,827,113
S01007975,655,595,60
S01007976,1086,999,87
S01007977,645,614,31
S01007978,826,786,40
S01007979,904,864,40
S01007980,816,769,47
S01007981,755,701,54
S01007982,695,649,46
S01007983,1415,1311,104
S01007984,896,847,49
S01007985,923,867,56
S01007986,675,636,39
S01007987,1033,983,50
S01007988,906,839,67
S01007989,722,684,38
S01007990,1253,1209,44
S01007991,1003,987,16
S01007992,1058,1045,13
S01007993,908,882,26
S01007994,659,642,17
S01007995,721,696,25
S01007996,338,323,15
S01007997,669,651,18
S01007998,606,567,39
S01007999,801,737,64
S01008000,913,822,91
S01008001,961,878,83
S01008002,1039,942,97
S01008003,760,697,63
S01008004,122,111,11
S01008005,165,142,23
S01008006,864,783,81
S01008007,570,521,49
S01008008,787,740,47
S01008009,1021,934,87
S01008010,1313,1217,96
S01008011,846,741,105
S01008012,997,941,56
S01008013,834,766,68
S01008014,800,761,39
S01008015,832,771,61
S01008016,781,713,68
S01008017,900,877,23
S01008018,944,923,21
S01008019,1011,962,49
S01008020,891,860,31
S01008021,699,683,16
S01008022,844,826,18
S01008023,1739,1718,21
S01008024,955,945,10
S01008025,891,845,46
S01008026,1371,1256,115
S01008027,809,755,54
S01008028,585,559,26
S01008029,3738,3634,104
S01008030,2233,2175,58
S01008031,1573,1496,77
S01008032,1248,1181,67
S01008033,1166,1162,4
S01008034,1176,1159,17
S01008035,1020,989,31
S01008036,669,655,14
S01008037,1446,1370,76
S01008038,999,937,62
S01008039,1079,1027,52
S01008040,752,725,27
S01008041,1074,1012,62
S01008042,862,839,23
S01008043,1364,1332,32
S01008044,1195,1165,30
S01008045,1313,1268,45
S01008046,1157,1056,101
S01008047,697,675,22
S01008048,662,651,11
S01008049,1023,1000,23
S01008050,682,660,22
S01008051,1229,1205,24
S01008052,829,815,14
S01008053,959,926,33
S01008054,778,743,35
S01008055,1049,1033,16
S01008056,1204,1170,34
S01008057,1358,1315,43
S01008058,895,877,18
S01008059,678,663,15
S01008060,1833,1790,43
S01008061,887,872,15
S01008062,997,967,30
S01008063,874,863,11
S01008064,1013,971,42
S01008065,1219,1190,29
S01008066,1022,993,29
S01008067,691,675,16
S01008068,1203,1170,33
S01008069,1201,1143,58
S01008070,1125,1076,49
S01008071,966,924,42
S01008072,1336,1295,41
S01008073,471,464,7
S01008074,976,953,23
S01008075,613,594,19
S01008076,1035,1003,32
S01008077,1003,988,15
S01008078,860,843,17
S01008079,905,884,21
S01008080,808,782,26
S01008081,703,692,11
S01008082,1032,1004,28
S01008083,839,808,31
S01008084,1033,1001,32
S01008085,1314,1278,36
S01008086,1256,1225,31
S01008087,1136,1102,34
S01008088,917,873,44
S01008089,997,973,24
S01008090,771,736,35
S01008091,513,500,13
S01008092,1138,1088,50
S01008093,900,862,38
S01008094,725,697,28
S01008095,1093,1046,47
S01008096,790,746,44
S01008097,897,863,34
S01008098,750,725,25
S01008099,540,524,16
S01008100,1035,978,57
S01008101,1244,1199,45
S01008102,819,789,30
S01008103,706,638,68
S01008104,1022,953,69
S01008105,1226,1116,110
S01008106,1742,1633,109
S01008107,1301,1266,35
S01008108,936,915,21
S01008109,940,914,26
S01008110,941,911,30
S01008111,869,837,32
S01008112,947,921,26
S01008113,1002,973,29
S01008114,899,865,34
S01008115,915,875,40
S01008116,1116,1086,30
S01008117,800,758,42
S01008118,1351,1290,61
S01008119,784,724,60
S01008120,707,671,36
S01008121,662,638,24
S01008122,1135,1108,27
S01008123,1063,1021,42
S01008124,1012,992,20
S01008125,1177,1134,43
S01008126,935,921,14
S01008127,489,465,24
S01008128,1104,1069,35
S01008129,980,905,75
S01008130,1152,1081,71
S01008131,766,715,51
S01008132,1110,1071,39
S01008133,829,767,62
S01008134,703,661,42
S01008135,1605,1524,81
S01008136,1419,1341,78
S01008137,1440,1321,119
S01008138,1051,965,86
S01008139,1086,973,113
S01008140,741,666,75
S01008141,1168,1112,56
S01008142,974,948,26
S01008143,1181,1099,82
S01008144,1019,988,31
S01008145,1018,943,75
S01008146,649,598,51
S01008147,901,841,60
S01008148,915,858,57
S01008149,960,907,53
S01008150,1409,1310,99
S01008151,1030,954,76
S01008152,1241,1121,120
S01008153,892,831,61
S01008154,1050,1012,38
S01008155,836,802,34
S01008156,1062,1012,50
S01008157,1083,1037,46
S01008158,1002,979,23
S01008159,1210,1091,119
S01008160,1419,1314,105
S01008161,1499,1436,63
S01008162,1264,1197,67
S01008163,894,820,74
S01008164,1450,1402,48
S01008165,880,862,18
S01008166,1347,1301,46
S01008167,1604,1532,72
S01008168,1129,1059,70
S01008169,1499,1455,44
S01008170,1530,1500,30
S01008171,909,841,68
S01008172,557,531,26
S01008173,785,768,17
S01008174,532,510,22
S01008175,750,711,39
S01008176,1515,1480,35
S01008177,864,814,50
S01008178,640,615,25
S01008179,391,387,4
S01008180,473,463,10
S01008181,678,653,25
S01008182,1253,1183,70
S01008183,968,942,26
S01008184,881,822,59
S01008185,1235,1156,79
S01008186,1076,1019,57
S01008187,699,648,51
S01008188,1467,1367,100
S01008189,1062,1005,57
S01008190,1035,989,46
S01008191,1481,1435,46
S01008192,1099,1030,69
S01008193,972,921,51
S01008194,682,648,34
S01008195,1148,1075,73
S01008196,923,877,46
S01008197,1901,1854,47
S01008198,693,650,43
S01008199,776,708,68
S01008200,867,782,85
S01008201,1327,1217,110
S01008202,803,743,60
S01008203,556,523,33
S01008204,2717,2586,131
S01008205,771,722,49
S01008206,1604,1506,98
S01008207,824,777,47
S01008208,1026,996,30
S01008209,686,672,14
S01008210,1423,1343,80
S01008211,991,925,66
S01008212,712,703,9
S01008213,1019,993,26
S01008214,837,767,70
S01008215,1099,1046,53
S01008216,770,749,21
S01008217,679,663,16
S01008218,2156,2100,56
S01008219,1242,1146,96
S01008220,644,615,29
S01008221,832,788,44
S01008222,722,671,51
S01008223,597,545,52
S01008224,907,878,29
S01008225,786,749,37
S01008226,755,681,74
S01008227,986,911,75
S01008228,792,752,40
S01008229,1317,1247,70
S01008230,811,794,17
S01008231,640,626,14
S01008232,244,236,8
S01008233,1740,1713,27
S01008234,2097,2035,62
S01008235,929,859,70
S01008236,1009,973,36
S01008237,929,887,42
S01008238,1038,984,54
S01008239,762,737,25
S01008240,1402,1366,36
S01008241,1055,1027,28
S01008242,1211,1137,74
S01008243,1134,1098,36
S01008244,1051,1012,39
S01008245,1133,1088,45
S01008246,1274,1241,33
S01008247,982,955,27
S01008248,1329,1288,41
S01008249,903,878,25
S01008250,1117,1101,16
S01008251,1038,1031,7
S01008252,1120,1080,40
S01008253,855,787,68
S01008254,1286,1208,78
S01008255,1017,965,52
S01008256,1033,982,51
S01008257,886,816,70
S01008258,1289,1256,33
S01008259,1455,1412,43
S01008260,1054,1001,53
S01008261,1197,1117,80
S01008262,914,882,32
S01008263,801,737,64
S01008264,919,887,32
S01008265,706,686,20
S01008266,1061,1048,13
S01008267,818,789,29
S01008268,878,865,13
S01008269,1126,1074,52
S01008270,1191,1149,42
S01008271,749,715,34
S01008272,1002,963,39
S01008273,1026,989,37
S01008274,930,879,51
S01008275,682,656,26
S01008276,681,667,14
S01008277,692,683,9
S01008278,774,760,14
S01008279,733,696,37
S01008280,1275,1230,45
S01008281,830,805,25
S01008282,779,758,21
S01008283,1338,1286,52
S01008284,1651,1612,39
S01008285,754,697,57
S01008286,1368,1296,72
S01008287,967,934,33
S01008288,1002,961,41
S01008289,768,711,57
S01008290,1038,993,45
S01008291,1135,1072,63
S01008292,1640,1583,57
S01008293,1184,1168,16
S01008294,730,705,25
S01008295,1211,1174,37
S01008296,932,881,51
S01008297,626,597,29
S01008298,1079,1033,46
S01008299,1177,1077,100
S01008300,940,869,71
S01008301,1015,978,37
S01008302,940,911,29
S01008303,788,723,65
S01008304,476,456,20
S01008305,791,763,28
S01008306,611,593,18
S01008307,805,761,44
S01008308,566,552,14
S01008309,932,842,90
S01008310,949,894,55
S01008311,728,673,55
S01008312,720,682,38
S01008313,1013,891,122
S01008314,939,857,82
S01008315,748,675,73
S01008316,943,852,91
S01008317,738,699,39
S01008318,1628,1576,52
S01008319,614,550,64
S01008320,633,591,42
S01008321,729,709,20
S01008322,1956,1855,101
S01008323,881,806,75
S01008324,651,598,53
S01008325,1229,1165,64
S01008326,1164,1076,88
S01008327,1094,1016,78
S01008328,935,917,18
S01008329,1038,1019,19
S01008330,1088,1047,41
S01008331,785,768,17
S01008332,1108,1040,68
S01008333,1161,1090,71
S01008334,995,967,28
S01008335,1012,952,60
S01008336,1000,934,66
S01008337,906,880,26
S01008338,915,885,30
S01008339,629,613,16
S01008340,929,912,17
S01008341,700,691,9
S01008342,1167,1127,40
S01008343,1162,1114,48
S01008344,872,861,11
S01008345,1273,1251,22
S01008346,1102,1074,28
S01008347,1228,1181,47
S01008348,976,944,32
S01008349,1481,1424,57
S01008350,760,730,30
S01008351,1067,1041,26
S01008352,933,905,28
S01008353,525,513,12
S01008354,1110,1087,23
S01008355,1123,1057,66
S01008356,884,854,30
S01008357,908,877,31
S01008358,870,806,64
S01008359,772,755,17
S01008360,1338,1306,32
S01008361,786,761,25
S01008362,1158,1133,25
S01008363,829,803,26
S01008364,818,798,20
S01008365,972,942,30
S01008366,980,913,67
S01008367,966,895,71
S01008368,905,873,32
S01008369,782,749,33
S01008370,692,677,15
S01008371,913,892,21
S01008372,927,909,18
S01008373,1199,1169,30
S01008374,877,862,15
S01008375,789,773,16
S01008376,655,635,20
S01008377,944,924,20
S01008378,1103,1074,29
S01008379,530,511,19
S01008380,649,636,13
S01008381,1070,1042,28
S01008382,921,894,27
S01008383,619,604,15
S01008384,976,940,36
S01008385,674,647,27
S01008386,951,932,19
S01008387,871,848,23
S01008388,637,614,23
S01008389,756,719,37
S01008390,732,719,13
S01008391,785,760,25
S01008392,916,899,17
S01008393,912,889,23
S01008394,1108,1087,21
S01008395,832,816,16
S01008396,807,772,35
S01008397,996,975,21
S01008398,907,883,24
S01008399,703,675,28
S01008400,1101,1065,36
S01008401,1258,1216,42
S01008402,1092,1056,36
S01008403,1014,981,33
S01008404,1087,1045,42
S01008405,908,882,26
S01008406,1200,1130,70
S01008407,522,485,37
S01008408,812,801,11
S01008409,1092,1021,71
S01008410,870,811,59
S01008411,1121,1064,57
S01008412,706,674,32
S01008413,690,647,43
S01008414,660,641,19
S01008415,1058,994,64
S01008416,1164,1077,87
S01008417,726,709,17
S01008418,692,673,19
S01008419,525,508,17
S01008420,569,550,19
S01008421,858,817,41
S01008422,972,938,34
S01008423,1063,1041,22
S01008424,1120,1093,27
S01008425,2557,2521,36
S01008426,1163,1110,53
S01008427,1249,1226,23
S01008428,884,835,49
S01008429,913,884,29
S01008430,1117,1087,30
S01008431,1067,1040,27
S01008432,1116,1091,25
S01008433,807,786,21
S01008434,1043,1019,24
S01008435,1083,1060,23
S01008436,1059,1026,33
S01008437,796,765,31
S01008438,587,576,11
S01008439,1120,1108,12
S01008440,1143,1111,32
S01008441,1022,1011,11
S01008442,774,761,13
S01008443,582,565,17
S01008444,720,701,19
S01008445,1077,1030,47
S01008446,1706,1648,58
S01008447,675,661,14
S01008448,879,853,26
S01008449,964,906,58
S01008450,592,546,46
S01008451,1018,976,42
S01008452,979,923,56
S01008453,956,905,51
S01008454,1339,1242,97
S01008455,1254,1176,78
S01008456,1236,1140,96
S01008457,1101,952,149
S01008458,995,941,54
S01008459,815,747,68
S01008460,1227,1122,105
S01008461,1018,931,87
S01008462,694,615,79
S01008463,937,872,65
S01008464,921,884,37
S01008465,953,928,25
S01008466,840,807,33
S01008467,887,850,37
S01008468,1011,901,110
S01008469,804,776,28
S01008470,992,911,81
S01008471,858,805,53
S01008472,811,758,53
S01008473,700,647,53
S01008474,832,745,87
S01008475,1040,983,57
S01008476,779,702,77
S01008477,1167,1072,95
S01008478,1021,934,87
S01008479,1097,995,102
S01008480,534,493,41
S01008481,1615,1489,126
S01008482,1498,1400,98
S01008483,832,762,70
S01008484,952,898,54
S01008485,1203,1157,46
S01008486,867,809,58
S01008487,961,932,29
S01008488,1303,1244,59
S01008489,874,819,55
S01008490,1159,1119,40
S01008491,935,904,31
S01008492,944,897,47
S01008493,913,853,60
S01008494,837,793,44
S01008495,1059,1021,38
S01008496,1160,1132,28
S01008497,927,897,30
S01008498,772,739,33
S01008499,1123,1074,49
S01008500,398,373,25
S01008501,835,823,12
S01008502,648,642,6
S01008503,994,984,10
S01008504,1723,1690,33
S01008505,1000,982,18
S01008506,1108,1068,40
S01008507,897,882,15
S01008508,1106,1074,32
S01008509,1251,1222,29
S01008510,906,887,19
S01008511,1009,975,34
S01008512,1202,1184,18
S01008513,1190,1165,25
S01008514,762,745,17
S01008515,998,987,11
S01008516,1486,1390,96
S01008517,1042,1004,38
S01008518,1192,1176,16
S01008519,1083,1064,19
S01008520,1359,1341,18
S01008521,907,895,12
S01008522,594,590,4
S01008523,1172,1156,16
S01008524,1202,1113,89
S01008525,1139,1049,90
S01008526,850,806,44
S01008527,726,711,15
S01008528,720,704,16
S01008529,839,799,40
S01008530,1053,985,68
S01008531,946,879,67
S01008532,661,624,37
S01008533,549,536,13
S01008534,869,851,18
S01008535,709,694,15
S01008536,707,692,15
S01008537,673,661,12
S01008538,641,628,13
S01008539,1100,1077,23
S01008540,982,957,25
S01008541,1028,1012,16
S01008542,1221,1199,22
S01008543,995,977,18
S01008544,653,645,8
S01008545,1053,1028,25
S01008546,806,795,11
S01008547,1167,1142,25
S01008548,1056,1010,46
S01008549,1185,1131,54
S01008550,1039,1002,37
S01008551,984,947,37
S01008552,1031,1004,27
S01008553,659,621,38
S01008554,1090,1012,78
S01008555,1295,1195,100
S01008556,1125,1030,95
S01008557,1051,971,80
S01008558,912,841,71
S01008559,862,788,74
S01008560,888,831,57
S01008561,1088,999,89
S01008562,858,775,83
S01008563,1138,1077,61
S01008564,1043,970,73
S01008565,1087,1022,65
S01008566,1137,1057,80
S01008567,889,817,72
S01008568,871,828,43
S01008569,738,678,60
S01008570,1374,1256,118
S01008571,796,739,57
S01008572,1072,982,90
S01008573,1174,1112,62
S01008574,1079,1045,34
S01008575,875,857,18
S01008576,1009,991,18
S01008577,1203,1151,52
S01008578,1003,957,46
S01008579,934,878,56
S01008580,816,765,51
S01008581,1014,928,86
S01008582,1368,1286,82
S01008583,921,852,69
S01008584,1309,1244,65
S01008585,991,917,74
S01008586,949,857,92
S01008587,914,899,15
S01008588,1116,1088,28
S01008589,390,380,10
S01008590,759,733,26
S01008591,1084,1053,31
S01008592,965,927,38
S01008593,870,854,16
S01008594,969,952,17
S01008595,1179,1065,114
S01008596,953,888,65
S01008597,1116,1053,63
S01008598,1229,1184,45
S01008599,1031,1009,22
S01008600,2710,2689,21
S01008601,2533,2514,19
S01008602,555,526,29
S01008603,1029,1004,25
S01008604,1144,1128,16
S01008605,921,906,15
S01008606,1052,1038,14
S01008607,630,608,22
S01008608,848,810,38
S01008609,1165,1099,66
S01008610,1235,1206,29
S01008611,1421,1403,18
S01008612,779,768,11
S01008613,1039,1017,22
S01008614,910,889,21
S01008615,951,923,28
S01008616,872,850,22
S01008617,967,958,9
S01008618,739,731,8
S01008619,520,512,8
S01008620,815,803,12
S01008621,881,875,6
S01008622,837,836,1
S01008623,1136,1104,32
S01008624,879,802,77
S01008625,573,560,13
S01008626,1110,1090,20
S01008627,840,816,24
S01008628,787,756,31
S01008629,1077,1024,53
S01008630,739,713,26
S01008631,910,880,30
S01008632,1275,1191,84
S01008633,1238,1197,41
S01008634,727,712,15
S01008635,850,831,19
S01008636,950,930,20
S01008637,792,762,30
S01008638,1499,1418,81
S01008639,1299,1272,27
S01008640,1210,1189,21
S01008641,1130,1109,21
S01008642,1043,1028,15
S01008643,1012,996,16
S01008644,680,649,31
S01008645,1035,1023,12
S01008646,1251,1224,27
S01008647,715,696,19
S01008648,988,965,23
S01008649,1281,1216,65
S01008650,912,882,30
S01008651,1203,1164,39
S01008652,739,697,42
S01008653,684,651,33
S01008654,1189,1141,48
S01008655,922,897,25
S01008656,1446,1377,69
S01008657,1058,1034,24
S01008658,1751,1674,77
S01008659,1210,1179,31
S01008660,1162,1131,31
S01008661,1289,1242,47
S01008662,1051,1019,32
S01008663,1009,955,54
S01008664,1006,979,27
S01008665,1698,1652,46
S01008666,1066,1047,19
S01008667,1499,1479,20
S01008668,1253,1235,18
S01008669,690,678,12
S01008670,1141,1113,28
S01008671,1188,1166,22
S01008672,686,665,21
S01008673,1158,1124,34
S01008674,1037,1007,30
S01008675,889,837,52
S01008676,966,945,21
S01008677,897,871,26
S01008678,1446,1416,30
S01008679,1355,1273,82
S01008680,948,902,46
S01008681,1096,1017,79
S01008682,970,925,45
S01008683,2150,2011,139
S01008684,2919,2845,74
S01008685,883,817,66
S01008686,1258,1170,88
S01008687,992,945,47
S01008688,1395,1338,57
S01008689,1190,1137,53
S01008690,1078,1050,28
S01008691,1293,1250,43
S01008692,1127,1076,51
S01008693,591,563,28
S01008694,1436,1390,46
S01008695,1014,986,28
S01008696,675,659,16
S01008697,1059,1027,32
S01008698,746,713,33
S01008699,1123,1061,62
S01008700,747,713,34
S01008701,938,856,82
S01008702,815,769,46
S01008703,1410,1293,117
S01008704,1651,1516,135
S01008705,938,855,83
S01008706,1369,1245,124
S01008707,1311,1191,120
S01008708,1031,912,119
S01008709,1048,965,83
S01008710,998,919,79
S01008711,784,722,62
S01008712,1253,1094,159
S01008713,635,598,37
S01008714,656,612,44
S01008715,763,690,73
S01008716,694,633,61
S01008717,532,519,13
S01008718,625,582,43
S01008719,1145,1089,56
S01008720,586,550,36
S01008721,809,790,19
S01008722,1058,1003,55
S01008723,809,785,24
S01008724,1068,1035,33
S01008725,752,728,24
S01008726,1169,1147,22
S01008727,1233,1180,53
S01008728,654,622,32
S01008729,845,806,39
S01008730,1099,1069,30
S01008731,514,458,56
S01008732,815,759,56
S01008733,869,832,37
S01008734,806,781,25
S01008735,1187,1152,35
S01008736,738,707,31
S01008737,801,771,30
S01008738,913,864,49
S01008739,559,532,27
S01008740,709,689,20
S01008741,1125,1090,35
S01008742,731,698,33
S01008743,1107,1044,63
S01008744,1058,1011,47
S01008745,545,534,11
S01008746,1062,981,81
S01008747,575,554,21
S01008748,1063,1034,29
S01008749,1186,1148,38
S01008750,765,734,31
S01008751,1017,929,88
S01008752,976,870,106
S01008753,887,806,81
S01008754,866,799,67
S01008755,1001,938,63
S01008756,827,746,81
S01008757,784,679,105
S01008758,1002,887,115
S01008759,728,653,75
S01008760,1370,1282,88
S01008761,858,807,51
S01008762,551,525,26
S01008763,845,825,20
S01008764,714,689,25
S01008765,1270,1237,33
S01008766,1469,1426,43
S01008767,904,871,33
S01008768,2851,2757,94
S01008769,2294,2249,45
S01008770,2179,2137,42
S01008771,2179,2137,42
S01008772,1201,1136,65
S01008773,1120,1049,71
S01008774,901,849,52
S01008775,539,520,19
S01008776,1282,1165,117
S01008777,1083,968,115
S01008778,990,953,37
S01008779,1100,1051,49
S01008780,920,882,38
S01008781,1098,1053,45
S01008782,999,970,29
S01008783,553,544,9
S01008784,779,752,27
S01008785,1066,1006,60
S01008786,1197,1153,44
S01008787,690,658,32
S01008788,875,850,25
S01008789,654,602,52
S01008790,919,874,45
S01008791,978,945,33
S01008792,1001,947,54
S01008793,1102,1026,76
S01008794,971,901,70
S01008795,1284,1235,49
S01008796,1182,1114,68
S01008797,1048,997,51
S01008798,987,936,51
S01008799,783,746,37
S01008800,1205,1160,45
S01008801,854,827,27
S01008802,1241,1196,45
S01008803,1112,1051,61
S01008804,929,845,84
S01008805,786,757,29
S01008806,1219,1194,25
S01008807,984,938,46
S01008808,663,632,31
S01008809,801,757,44
S01008810,1029,992,37
S01008811,844,828,16
S01008812,983,969,14
S01008813,1036,975,61
S01008814,1276,1227,49
S01008815,1287,1239,48
S01008816,523,497,26
S01008817,1192,1138,54
S01008818,1166,1130,36
S01008819,1117,1061,56
S01008820,1538,1454,84
S01008821,787,772,15
S01008822,845,836,9
S01008823,959,919,40
S01008824,1274,1242,32
S01008825,619,597,22
S01008826,664,629,35
S01008827,1023,986,37
S01008828,1005,971,34
S01008829,1067,1032,35
S01008830,1214,1191,23
S01008831,1044,1027,17
S01008832,755,727,28
S01008833,1103,1067,36
S01008834,1232,1204,28
S01008835,1037,994,43
S01008836,526,476,50
S01008837,1637,1587,50
S01008838,1009,978,31
S01008839,1188,1155,33
S01008840,1074,1055,19
S01008841,1289,1268,21
S01008842,161,157,4
S01008843,991,966,25
S01008844,971,950,21
S01008845,853,840,13
S01008846,930,911,19
S01008847,840,831,9
S01008848,920,899,21
S01008849,1061,1048,13
S01008850,1424,1386,38
S01008851,1199,1157,42
S01008852,1232,1213,19
S01008853,680,669,11
S01008854,1012,998,14
S01008855,1156,1134,22
S01008856,718,703,15
S01008857,986,966,20
S01008858,1143,1107,36
S01008859,1113,1081,32
S01008860,1241,1203,38
S01008861,973,960,13
S01008862,1053,1010,43
S01008863,795,767,28
S01008864,1516,1487,29
S01008865,1077,1047,30
S01008866,1033,1014,19
S01008867,961,943,18
S01008868,1121,1100,21
S01008869,1068,1050,18
S01008870,1173,1149,24
S01008871,1318,1299,19
S01008872,1050,1028,22
S01008873,809,792,17
S01008874,835,811,24
S01008875,1112,1068,44
S01008876,807,773,34
S01008877,801,776,25
S01008878,1175,1118,57
S01008879,817,791,26
S01008880,732,706,26
S01008881,640,623,17
S01008882,1289,1233,56
S01008883,1190,1137,53
S01008884,823,807,16
S01008885,964,952,12
S01008886,1174,1147,27
S01008887,770,752,18
S01008888,1409,1396,13
S01008889,879,858,21
S01008890,833,805,28
S01008891,763,746,17
S01008892,1190,1144,46
S01008893,1111,1081,30
S01008894,1006,987,19
S01008895,863,828,35
S01008896,1089,1052,37
S01008897,898,879,19
S01008898,1060,1034,26
S01008899,843,778,65
S01008900,948,897,51
S01008901,1177,1100,77
S01008902,1119,1048,71
S01008903,1078,1006,72
S01008904,1179,1109,70
S01008905,1309,1229,80
S01008906,1006,937,69
S01008907,1142,1082,60
S01008908,1119,1053,66
S01008909,1095,1044,51
S01008910,1787,1748,39
S01008911,1415,1367,48
S01008912,882,847,35
S01008913,525,509,16
S01008914,1106,1038,68
S01008915,683,660,23
S01008916,1292,1179,113
S01008917,690,629,61
S01008918,824,765,59
S01008919,674,608,66
S01008920,1430,1392,38
S01008921,1403,1290,113
S01008922,1187,1117,70
S01008923,1299,1234,65
S01008924,2320,2205,115
S01008925,843,804,39
S01008926,1637,1567,70
S01008927,1174,1129,45
S01008928,813,746,67
S01008929,1400,1255,145
S01008930,1131,1035,96
S01008931,776,720,56
S01008932,1188,1146,42
S01008933,923,865,58
S01008934,865,815,50
S01008935,1086,1051,35
S01008936,654,645,9
S01008937,831,795,36
S01008938,1045,1018,27
S01008939,781,750,31
S01008940,787,768,19
S01008941,955,936,19
S01008942,1226,1190,36
S01008943,884,871,13
S01008944,1013,994,19
S01008945,1091,1061,30
S01008946,912,889,23
S01008947,1141,1117,24
S01008948,1028,960,68
S01008949,1379,1309,70
S01008950,1067,1007,60
S01008951,1022,941,81
S01008952,1428,1344,84
S01008953,1142,1052,90
S01008954,974,882,92
S01008955,878,860,18
S01008956,1250,1199,51
S01008957,1130,1082,48
S01008958,821,774,47
S01008959,1022,981,41
S01008960,1021,1007,14
S01008961,963,936,27
S01008962,616,596,20
S01008963,964,937,27
S01008964,740,724,16
S01008965,742,722,20
S01008966,907,878,29
S01008967,1148,1117,31
S01008968,1135,1109,26
S01008969,1088,1056,32
S01008970,1144,1118,26
S01008971,697,689,8
S01008972,1539,1461,78
S01008973,812,739,73
S01008974,939,899,40
S01008975,903,840,63
S01008976,747,736,11
S01008977,835,817,18
S01008978,719,704,15
S01008979,853,841,12
S01008980,834,810,24
S01008981,808,789,19
S01008982,922,895,27
S01008983,844,815,29
S01008984,518,494,24
S01008985,794,773,21
S01008986,958,935,23
S01008987,1013,975,38
S01008988,1058,1024,34
S01008989,1031,1010,21
S01008990,1170,1148,22
S01008991,1220,1191,29
S01008992,440,423,17
S01008993,1284,1259,25
S01008994,1043,1011,32
S01008995,1122,1095,27
S01008996,703,663,40
S01008997,1088,1047,41
S01008998,1197,1155,42
S01008999,970,910,60
S01009000,1117,1089,28
S01009001,888,878,10
S01009002,941,918,23
S01009003,1035,1014,21
S01009004,853,835,18
S01009005,1020,1000,20
S01009006,1368,1300,68
S01009007,891,845,46
S01009008,916,886,30
S01009009,476,445,31
S01009010,1378,1355,23
S01009011,1195,1182,13
S01009012,875,858,17
S01009013,1036,1011,25
S01009014,841,815,26
S01009015,643,622,21
S01009016,530,513,17
S01009017,721,687,34
S01009018,745,722,23
S01009019,886,854,32
S01009020,1027,988,39
S01009021,731,709,22
S01009022,888,860,28
S01009023,936,898,38
S01009024,1246,1188,58
S01009025,918,883,35
S01009026,1108,1048,60
S01009027,884,832,52
S01009028,620,587,33
S01009029,835,789,46
S01009030,1028,977,51
S01009031,761,728,33
S01009032,660,633,27
S01009033,895,849,46
S01009034,709,675,34
S01009035,930,882,48
S01009036,1074,1028,46
S01009037,1025,996,29
S01009038,1090,1039,51
S01009039,939,888,51
S01009040,833,780,53
S01009041,1139,1068,71
S01009042,849,806,43
S01009043,1215,1138,77
S01009044,1060,988,72
S01009045,1105,1037,68
S01009046,872,835,37
S01009047,805,770,35
S01009048,837,799,38
S01009049,780,738,42
S01009050,992,955,37
S01009051,1101,1049,52
S01009052,914,863,51
S01009053,532,480,52
S01009054,700,658,42
S01009055,807,773,34
S01009056,554,499,55
S01009057,732,678,54
S01009058,1029,952,77
S01009059,901,873,28
S01009060,1214,1157,57
S01009061,941,896,45
S01009062,849,795,54
S01009063,733,708,25
S01009064,691,656,35
S01009065,1699,1606,93
S01009066,693,647,46
S01009067,645,626,19
S01009068,895,847,48
S01009069,882,866,16
S01009070,927,893,34
S01009071,658,626,32
S01009072,1355,1321,34
S01009073,848,763,85
S01009074,1025,940,85
S01009075,694,634,60
S01009076,1126,1082,44
S01009077,949,916,33
S01009078,565,545,20
S01009079,1352,1246,106
S01009080,2007,1881,126
S01009081,1505,1431,74
S01009082,1708,1598,110
S01009083,774,717,57
S01009084,4234,4119,115
S01009085,1352,1317,35
S01009086,1781,1704,77
S01009087,1637,1595,42
S01009088,1220,1169,51
S01009089,839,821,18
S01009090,462,456,6
S01009091,1887,1859,28
S01009092,1047,988,59
S01009093,1014,962,52
S01009094,878,850,28
S01009095,1323,1233,90
S01009096,1129,1072,57
S01009097,1834,1771,63
S01009098,527,511,16
S01009099,807,768,39
S01009100,1224,1134,90
S01009101,1045,966,79
S01009102,1086,1019,67
S01009103,656,625,31
S01009104,775,725,50
S01009105,796,747,49
S01009106,791,748,43
S01009107,1277,1229,48
S01009108,874,851,23
S01009109,956,927,29
S01009110,805,759,46
S01009111,1056,1013,43
S01009112,560,547,13
S01009113,632,608,24
S01009114,902,873,29
S01009115,979,945,34
S01009116,788,755,33
S01009117,765,728,37
S01009118,632,619,13
S01009119,917,858,59
S01009120,737,685,52
S01009121,1083,1005,78
S01009122,1421,1366,55
S01009123,400,384,16
S01009124,992,952,40
S01009125,947,879,68
S01009126,805,747,58
S01009127,718,677,41
S01009128,941,842,99
S01009129,621,572,49
S01009130,733,693,40
S01009131,790,734,56
S01009132,962,929,33
S01009133,742,680,62
S01009134,1006,949,57
S01009135,565,555,10
S01009136,1170,1129,41
S01009137,1510,1472,38
S01009138,1001,966,35
S01009139,578,528,50
S01009140,700,640,60
S01009141,636,559,77
S01009142,835,773,62
S01009143,600,525,75
S01009144,1435,1380,55
S01009145,1831,1722,109
S01009146,1210,1120,90
S01009147,1639,1543,96
S01009148,762,720,42
S01009149,867,817,50
S01009150,747,607,140
S01009151,890,821,69
S01009152,841,755,86
S01009153,762,725,37
S01009154,972,931,41
S01009155,708,673,35
S01009156,1424,1396,28
S01009157,921,876,45
S01009158,848,811,37
S01009159,659,599,60
S01009160,674,614,60
S01009161,884,807,77
S01009162,709,655,54
S01009163,548,516,32
S01009164,974,915,59
S01009165,720,668,52
S01009166,959,871,88
S01009167,750,696,54
S01009168,1081,1053,28
S01009169,890,790,100
S01009170,677,640,37
S01009171,1877,1822,55
S01009172,1036,1018,18
S01009173,1471,1452,19
S01009174,93,93,0
S01009175,1784,1765,19
S01009176,1456,1430,26
S01009177,817,760,57
S01009178,845,803,42
S01009179,855,811,44
S01009180,984,916,68
S01009181,1450,1391,59
S01009182,1171,1120,51
S01009183,1028,1004,24
S01009184,1228,1138,90
S01009185,1136,1054,82
S01009186,979,934,45
S01009187,1121,1086,35
S01009188,1390,1319,71
S01009189,1562,1480,82
S01009190,1557,1518,39
S01009191,801,792,9
S01009192,1345,1308,37
S01009193,734,706,28
S01009194,914,883,31
S01009195,1511,1480,31
S01009196,693,663,30
S01009197,2143,2102,41
S01009198,825,788,37
S01009199,858,819,39
S01009200,1387,1346,41
S01009201,679,653,26
S01009202,582,576,6
S01009203,633,556,77
S01009204,1106,1038,68
S01009205,1145,1115,30
S01009206,1039,1006,33
S01009207,875,847,28
S01009208,631,601,30
S01009209,1298,1249,49
S01009210,861,809,52
S01009211,749,710,39
S01009212,897,825,72
S01009213,894,839,55
S01009214,1237,1163,74
S01009215,1099,1025,74
S01009216,1086,1019,67
S01009217,851,777,74
S01009218,1125,1065,60
S01009219,736,690,46
S01009220,648,611,37
S01009221,634,601,33
S01009222,664,621,43
S01009223,556,515,41
S01009224,994,900,94
S01009225,749,694,55
S01009226,1201,1059,142
S01009227,645,584,61
S01009228,772,708,64
S01009229,917,864,53
S01009230,890,853,37
S01009231,958,908,50
S01009232,684,642,42
S01009233,763,711,52
S01009234,1193,1117,76
S01009235,921,864,57
S01009236,720,683,37
S01009237,747,718,29
S01009238,1010,956,54
S01009239,867,815,52
S01009240,672,625,47
S01009241,895,823,72
S01009242,886,860,26
S01009243,1187,1113,74
S01009244,814,783,31
S01009245,830,798,32
S01009246,1033,966,67
S01009247,1224,1142,82
S01009248,688,656,32
S01009249,1108,1036,72
S01009250,770,718,52
S01009251,553,525,28
S01009252,478,476,2
S01009253,733,659,74
S01009254,951,859,92
S01009255,769,733,36
S01009256,634,591,43
S01009257,684,641,43
S01009258,1552,1505,47
S01009259,1080,1046,34
S01009260,2083,2011,72
S01009261,795,733,62
S01009262,849,782,67
S01009263,1224,1173,51
S01009264,778,756,22
S01009265,791,761,30
S01009266,1098,1033,65
S01009267,840,803,37
S01009268,1002,944,58
S01009269,1607,1517,90
S01009270,735,679,56
S01009271,885,853,32
S01009272,896,843,53
S01009273,922,867,55
S01009274,910,840,70
S01009275,665,609,56
S01009276,1029,986,43
S01009277,756,740,16
S01009278,836,802,34
S01009279,1089,1029,60
S01009280,898,792,106
S01009281,933,831,102
S01009282,1358,1300,58
S01009283,602,583,19
S01009284,822,794,28
S01009285,906,891,15
S01009286,975,934,41
S01009287,846,829,17
S01009288,969,938,31
S01009289,871,837,34
S01009290,646,625,21
S01009291,1185,1150,35
S01009292,511,482,29
S01009293,1000,952,48
S01009294,993,966,27
S01009295,710,687,23
S01009296,991,956,35
S01009297,1622,1578,44
S01009298,1238,1139,99
S01009299,1124,1077,47
S01009300,605,577,28
S01009301,1057,976,81
S01009302,903,833,70
S01009303,787,742,45
S01009304,1191,1137,54
S01009305,1015,956,59
S01009306,1314,1252,62
S01009307,1302,1242,60
S01009308,1120,1077,43
S01009309,734,709,25
S01009310,932,872,60
S01009311,1009,922,87
S01009312,991,959,32
S01009313,666,615,51
S01009314,907,865,42
S01009315,703,653,50
S01009316,947,936,11
S01009317,910,887,23
S01009318,951,923,28
S01009319,981,949,32
S01009320,965,900,65
S01009321,1099,1067,32
S01009322,864,820,44
S01009323,1402,1348,54
S01009324,590,545,45
S01009325,978,948,30
S01009326,575,499,76
S01009327,655,609,46
S01009328,1256,1246,10
S01009330,130,110,20
S01009331,1321,1311,10
S01009332,857,819,38
S01009333,893,837,56
S01009334,636,591,45
S01009335,772,727,45
S01009336,658,614,44
S01009337,938,858,80
S01009338,1981,1897,84
S01009339,1139,1066,73
S01009340,872,819,53
S01009341,939,871,68
S01009342,853,800,53
S01009343,574,546,28
S01009344,763,706,57
S01009345,1214,1170,44
S01009346,6248,6174,74
S01009347,6415,6330,85
S01009348,6345,6261,84
S01009349,1037,1027,10
S01009350,177,174,3
S01009351,97,87,10
S01009352,75,72,3
S01009353,6695,6617,78
S01009354,7285,7201,84
S01009355,1021,992,29
S01009356,963,942,21
S01009357,678,670,8
S01009358,455,446,9
S01009359,1243,1233,10
S01009360,835,802,33
S01009361,856,819,37
S01009362,1176,1152,24
S01009363,952,899,53
S01009364,860,825,35
S01009365,825,789,36
S01009366,881,813,68
S01009367,749,711,38
S01009368,1028,995,33
S01009369,961,911,50
S01009370,838,788,50
S01009371,526,496,30
S01009372,642,610,32
S01009373,958,887,71
S01009374,993,918,75
S01009375,797,751,46
S01009376,867,812,55
S01009377,1284,1257,27
S01009378,1261,1204,57
S01009379,981,958,23
S01009380,743,722,21
S01009381,724,695,29
S01009382,1386,1269,117
S01009383,994,927,67
S01009384,564,541,23
S01009385,738,702,36
S01009386,1155,1089,66
S01009387,949,904,45
S01009388,1232,1171,61
S01009389,986,923,63
S01009390,777,770,7
S01009391,873,861,12
S01009392,578,564,14
S01009393,950,925,25
S01009394,943,900,43
S01009395,1040,1005,35
S01009396,736,715,21
S01009397,703,684,19
S01009398,1209,1164,45
S01009399,1004,973,31
S01009400,920,887,33
S01009401,953,921,32
S01009402,809,772,37
S01009403,751,732,19
S01009404,609,569,40
S01009405,749,717,32
S01009406,974,914,60
S01009407,508,489,19
S01009408,842,822,20
S01009409,782,728,54
S01009410,877,821,56
S01009411,1368,1271,97
S01009412,848,775,73
S01009413,1267,1193,74
S01009414,802,750,52
S01009415,1190,1090,100
S01009416,610,590,20
S01009417,1474,1436,38
S01009418,1327,1228,99
S01009419,2054,1975,79
S01009420,763,701,62
S01009421,722,677,45
S01009422,2191,2108,83
S01009423,1337,1305,32
S01009424,723,664,59
S01009425,840,774,66
S01009426,1029,935,94
S01009427,608,557,51
S01009428,699,649,50
S01009429,827,735,92
S01009430,737,680,57
S01009431,2056,1952,104
S01009432,1101,992,109
S01009433,826,769,57
S01009434,543,499,44
S01009435,998,921,77
S01009436,828,773,55
S01009437,936,860,76
S01009438,1144,1038,106
S01009439,1132,1031,101
S01009440,887,806,81
S01009441,938,873,65
S01009442,1303,1239,64
S01009443,2808,2704,104
S01009444,893,863,30
S01009445,1068,988,80
S01009446,1603,1479,124
S01009447,764,698,66
S01009448,720,666,54
S01009449,678,619,59
S01009450,676,619,57
S01009451,1276,1169,107
S01009452,828,725,103
S01009453,1046,938,108
S01009454,1115,1086,29
S01009455,1384,1326,58
S01009456,852,782,70
S01009457,785,736,49
S01009458,687,651,36
S01009459,1092,1021,71
S01009460,856,813,43
S01009461,778,752,26
S01009462,1285,1237,48
S01009463,1050,1005,45
S01009464,842,807,35
S01009465,1299,1263,36
S01009466,800,779,21
S01009467,864,836,28
S01009468,748,690,58
S01009469,812,782,30
S01009470,1649,1609,40
S01009471,659,566,93
S01009472,1204,1138,66
S01009473,1041,979,62
S01009474,900,867,33
S01009475,276,272,4
S01009476,1346,1321,25
S01009477,1096,1030,66
S01009478,964,913,51
S01009479,1063,1003,60
S01009480,1155,1111,44
S01009481,922,890,32
S01009482,642,623,19
S01009483,724,704,20
S01009484,1213,1134,79
S01009485,786,735,51
S01009486,799,763,36
S01009487,1179,1117,62
S01009488,971,937,34
S01009489,877,797,80
S01009490,853,783,70
S01009491,698,622,76
S01009492,881,822,59
S01009493,1983,1934,49
S01009494,1224,1203,21
S01009495,871,859,12
S01009496,785,743,42
S01009497,1136,1088,48
S01009498,643,622,21
S01009499,796,755,41
S01009500,857,802,55
S01009501,783,730,53
S01009502,971,898,73
S01009503,976,924,52
S01009504,840,795,45
S01009505,951,888,63
S01009506,1133,1029,104
S01009507,1122,1075,47
S01009508,1197,1126,71
S01009509,1100,1037,63
S01009510,808,785,23
S01009511,906,888,18
S01009512,996,971,25
S01009513,913,865,48
S01009514,846,826,20
S01009515,833,771,62
S01009516,1147,1055,92
S01009517,81,76,5
S01009518,2193,2149,44
S01009519,899,841,58
S01009520,2932,2853,79
S01009521,985,899,86
S01009522,1271,1194,77
S01009523,754,676,78
S01009524,862,796,66
S01009525,532,501,31
S01009526,650,625,25
S01009527,850,806,44
S01009528,798,729,69
S01009529,1083,1009,74
S01009530,918,866,52
S01009531,917,826,91
S01009532,975,858,117
S01009533,933,842,91
S01009534,856,780,76
S01009535,898,809,89
S01009536,559,528,31
S01009537,599,555,44
S01009538,1021,947,74
S01009539,980,904,76
S01009540,969,892,77
S01009541,1239,1176,63
S01009542,1073,1005,68
S01009543,935,876,59
S01009544,1019,947,72
S01009545,1114,1056,58
S01009546,746,692,54
S01009547,979,917,62
S01009548,1027,960,67
S01009549,1312,1264,48
S01009550,569,544,25
S01009551,675,642,33
S01009552,1774,1675,99
S01009553,1051,973,78
S01009554,819,762,57
S01009555,883,849,34
S01009556,918,861,57
S01009557,960,908,52
S01009558,673,638,35
S01009559,1220,1147,73
S01009560,814,748,66
S01009561,634,594,40
S01009562,1121,1066,55
S01009563,931,884,47
S01009564,681,643,38
S01009565,588,554,34
S01009566,1700,1645,55
S01009567,959,919,40
S01009568,882,817,65
S01009569,1019,958,61
S01009570,669,629,40
S01009571,769,726,43
S01009572,1030,953,77
S01009573,743,669,74
S01009574,1493,1400,93
S01009575,827,765,62
S01009576,1370,1336,34
S01009577,878,846,32
S01009578,1064,989,75
S01009579,284,256,28
S01009580,1161,1137,24
S01009581,758,704,54
S01009582,592,566,26
S01009583,812,767,45
S01009584,537,516,21
S01009585,1216,1146,70
S01009586,1103,1017,86
S01009587,997,906,91
S01009588,1062,971,91
S01009589,1169,1114,55
S01009590,898,877,21
S01009591,906,873,33
S01009592,1088,1053,35
S01009593,690,669,21
S01009594,623,596,27
S01009595,824,796,28
S01009596,1014,949,65
S01009597,1117,1046,71
S01009598,721,663,58
S01009599,1177,1101,76
S01009600,996,924,72
S01009601,884,834,50
S01009602,770,743,27
S01009603,696,652,44
S01009604,689,630,59
S01009605,961,898,63
S01009606,823,806,17
S01009607,528,516,12
S01009608,606,569,37
S01009609,1084,1046,38
S01009610,1054,979,75
S01009611,432,418,14
S01009612,597,565,32
S01009613,684,659,25
S01009614,649,621,28
S01009615,641,612,29
S01009616,1713,1631,82
S01009617,784,736,48
S01009618,953,861,92
S01009619,732,642,90
S01009620,934,849,85
S01009621,777,717,60
S01009622,836,770,66
S01009623,742,684,58
S01009624,876,804,72
S01009625,1672,1581,91
S01009626,838,750,88
S01009627,944,868,76
S01009628,620,526,94
S01009629,1666,1589,77
S01009630,811,744,67
S01009631,754,678,76
S01009632,667,610,57
S01009633,756,695,61
S01009634,761,684,77
S01009635,1209,1118,91
S01009636,904,835,69
S01009637,952,872,80
S01009638,781,722,59
S01009639,1025,972,53
S01009640,845,766,79
S01009641,861,778,83
S01009642,1014,957,57
S01009643,837,817,20
S01009644,562,508,54
S01009645,879,814,65
S01009646,730,677,53
S01009647,595,553,42
S01009648,1280,1197,83
S01009649,1486,1392,94
S01009650,773,746,27
S01009651,918,871,47
S01009652,1090,1021,69
S01009653,781,752,29
S01009654,583,552,31
S01009655,986,916,70
S01009656,811,698,113
S01009657,951,907,44
S01009658,1193,1114,79
S01009659,607,556,51
S01009660,1052,979,73
S01009661,1812,1765,47
S01009662,885,848,37
S01009663,775,734,41
S01009664,1125,1094,31
S01009665,1366,1309,57
S01009666,1170,1107,63
S01009667,523,506,17
S01009668,589,576,13
S01009669,590,558,32
S01009670,777,748,29
S01009671,924,905,19
S01009672,1252,1172,80
S01009673,895,846,49
S01009674,1140,1090,50
S01009675,882,858,24
S01009676,1366,1323,43
S01009677,782,757,25
S01009678,591,567,24
S01009679,1170,1103,67
S01009680,1278,1230,48
S01009681,796,737,59
S01009682,856,823,33
S01009683,865,820,45
S01009684,1466,1420,46
S01009685,1104,1027,77
S01009686,1355,1297,58
S01009687,1039,1002,37
S01009688,1216,1155,61
S01009689,605,578,27
S01009690,793,760,33
S01009691,760,740,20
S01009692,1236,1191,45
S01009693,900,862,38
S01009694,1197,1147,50
S01009695,967,942,25
S01009696,1019,986,33
S01009697,798,767,31
S01009698,697,667,30
S01009699,562,530,32
S01009700,649,616,33
S01009701,767,723,44
S01009702,631,605,26
S01009703,834,781,53
S01009704,1068,1026,42
S01009705,732,689,43
S01009706,804,764,40
S01009707,477,455,22
S01009708,752,699,53
S01009709,796,753,43
S01009710,660,633,27
S01009711,997,923,74
S01009712,663,615,48
S01009713,890,845,45
S01009714,922,893,29
S01009715,638,622,16
S01009716,1242,1198,44
S01009717,1511,1468,43
S01009718,908,872,36
S01009719,960,918,42
S01009720,872,811,61
S01009721,668,662,6
S01009722,1134,1112,22
S01009723,1057,1031,26
S01009724,1093,1045,48
S01009725,1063,1042,21
S01009726,1042,1026,16
S01009727,1596,1525,71
S01009728,727,702,25
S01009729,936,913,23
S01009730,1716,1635,81
S01009731,971,932,39
S01009732,3142,3100,42
S01009733,696,673,23
S01009734,1829,1793,36
S01009735,1314,1291,23
S01009736,3181,3154,27
S01009737,782,762,20
S01009738,420,407,13
S01009739,764,748,16
S01009740,770,736,34
S01009741,946,935,11
S01009742,495,486,9
S01009743,1186,1157,29
S01009744,829,807,22
S01009745,1168,1138,30
S01009746,802,777,25
S01009747,989,941,48
S01009748,703,665,38
S01009749,954,912,42
S01009750,752,715,37
S01009751,1046,998,48
S01009752,888,867,21
S01009753,854,826,28
S01009754,1548,1488,60
S01009755,673,648,25
S01009756,879,851,28
S01009757,804,786,18
S01009758,1018,946,72
S01009759,1183,1096,87
S01009760,1113,1008,105
S01009761,2442,2358,84
S01009762,1058,953,105
S01009763,432,421,11
S01009764,1201,1106,95
S01009765,1128,1030,98
S01009766,836,818,18
S01009767,2253,2143,110
S01009768,786,740,46
S01009769,1472,1371,101
S01009770,830,794,36
S01009771,888,844,44
S01009772,2167,2116,51
S01009773,161,156,5
S01009774,97,95,2
S01009775,802,680,122
S01009776,1191,1088,103
S01009777,590,528,62
S01009778,1079,900,179
S01009779,810,717,93
S01009780,1331,1196,135
S01009781,799,704,95
S01009782,1067,995,72
S01009783,741,671,70
S01009784,951,847,104
S01009785,1096,956,140
S01009786,1134,1026,108
S01009787,867,753,114
S01009788,1201,1063,138
S01009789,1145,1022,123
S01009790,981,878,103
S01009791,775,697,78
S01009792,423,398,25
S01009793,943,883,60
S01009794,483,469,14
S01009795,990,965,25
S01009796,1903,1793,110
S01009797,928,893,35
S01009798,1025,986,39
S01009799,1467,1296,171
S01009800,1233,1104,129
S01009801,1255,1111,144
S01009802,1022,963,59
S01009803,1132,1041,91
S01009804,1650,1562,88
S01009805,962,870,92
S01009806,1201,1088,113
S01009807,920,846,74
S01009808,1421,1307,114
S01009809,1037,952,85
S01009810,977,876,101
S01009811,1264,1084,180
S01009812,856,758,98
S01009813,1102,1006,96
S01009814,1118,1024,94
S01009815,998,936,62
S01009816,1097,1035,62
S01009817,837,768,69
S01009818,926,881,45
S01009819,1011,936,75
S01009820,958,872,86
S01009821,755,725,30
S01009822,802,754,48
S01009823,1068,952,116
S01009824,1132,1047,85
S01009825,1300,1166,134
S01009826,774,696,78
S01009827,854,759,95
S01009828,1264,1106,158
S01009829,1137,1053,84
S01009830,918,861,57
S01009831,1164,1114,50
S01009832,1085,983,102
S01009833,624,573,51
S01009834,1187,1082,105
S01009835,608,520,88
S01009836,961,864,97
S01009837,1024,899,125
S01009838,757,673,84
S01009839,1062,987,75
S01009840,965,837,128
S01009841,1163,1040,123
S01009842,960,858,102
S01009843,745,633,112
S01009844,704,601,103
S01009845,1299,1166,133
S01009846,983,874,109
S01009847,754,704,50
S01009848,866,755,111
S01009849,1005,856,149
S01009850,984,873,111
S01009851,1052,907,145
S01009852,608,543,65
S01009853,939,839,100
S01009854,982,889,93
S01009855,754,679,75
S01009856,635,571,64
S01009857,907,827,80
S01009858,987,881,106
S01009859,1109,944,165
S01009860,1085,934,151
S01009861,1484,1311,173
S01009862,1109,964,145
S01009863,969,891,78
S01009864,820,727,93
S01009865,549,497,52
S01009866,1002,904,98
S01009867,1201,1112,89
S01009868,1104,1032,72
S01009869,846,816,30
S01009870,889,794,95
S01009871,984,862,122
S01009872,818,782,36
S01009873,913,834,79
S01009874,1048,964,84
S01009875,896,814,82
S01009876,1091,998,93
S01009877,896,853,43
S01009878,705,660,45
S01009879,1025,988,37
S01009880,1169,1106,63
S01009881,921,867,54
S01009882,1439,1366,73
S01009883,1226,1171,55
S01009884,996,945,51
S01009885,899,821,78
S01009886,813,776,37
S01009887,1147,1057,90
S01009888,809,766,43
S01009889,1146,1044,102
S01009890,753,652,101
S01009891,734,660,74
S01009892,1159,1013,146
S01009893,976,920,56
S01009894,991,869,122
S01009895,888,761,127
S01009896,1229,1053,176
S01009897,1245,1147,98
S01009898,982,839,143
S01009899,1020,967,53
S01009900,1161,1126,35
S01009901,1054,1018,36
S01009902,1111,1009,102
S01009903,1040,995,45
S01009904,784,753,31
S01009905,749,724,25
S01009906,667,643,24
S01009907,1239,1154,85
S01009908,1320,1271,49
S01009909,899,853,46
S01009910,857,832,25
S01009911,1235,1183,52
S01009912,1073,1028,45
S01009913,980,941,39
S01009914,984,954,30
S01009915,861,830,31
S01009916,1257,1192,65
S01009917,858,823,35
S01009918,889,857,32
S01009919,1194,1135,59
S01009920,1087,1042,45
S01009921,753,733,20
S01009922,1260,1222,38
S01009923,955,898,57
S01009924,1099,1033,66
S01009925,1170,1123,47
S01009926,997,951,46
S01009927,614,579,35
S01009928,914,860,54
S01009929,562,540,22
S01009930,1034,993,41
S01009931,856,832,24
S01009932,1030,983,47
S01009933,1651,1490,161
S01009934,1446,1395,51
S01009935,714,579,135
S01009936,1119,1008,111
S01009937,781,674,107
S01009938,1004,857,147
S01009939,1185,1038,147
S01009940,837,708,129
S01009941,1261,1206,55
S01009942,1148,1034,114
S01009943,1266,1099,167
S01009944,1089,998,91
S01009945,1065,959,106
S01009946,984,900,84
S01009947,863,795,68
S01009948,1260,1163,97
S01009949,963,905,58
S01009950,727,705,22
S01009951,858,837,21
S01009952,1080,1030,50
S01009953,1319,1255,64
S01009954,725,692,33
S01009955,1150,1093,57
S01009956,862,785,77
S01009957,1291,1255,36
S01009958,1162,1130,32
S01009959,913,880,33
S01009960,1337,1290,47
S01009961,674,611,63
S01009962,1062,996,66
S01009963,1135,1091,44
S01009964,1253,1203,50
S01009965,923,881,42
S01009966,1164,1118,46
S01009967,984,936,48
S01009968,608,575,33
S01009969,1358,1276,82
S01009970,1064,956,108
S01009971,1582,1406,176
S01009972,937,857,80
S01009973,829,763,66
S01009974,916,787,129
S01009975,908,778,130
S01009976,782,688,94
S01009977,1099,884,215
S01009978,1343,1170,173
S01009979,1048,915,133
S01009980,707,602,105
S01009981,984,861,123
S01009982,1030,934,96
S01009983,663,583,80
S01009984,1048,959,89
S01009985,615,560,55
S01009986,699,584,115
S01009987,880,765,115
S01009988,665,564,101
S01009989,1022,952,70
S01009990,975,914,61
S01009991,1042,1000,42
S01009992,945,808,137
S01009993,826,786,40
S01009994,725,692,33
S01009995,653,632,21
S01009996,918,855,63
S01009997,648,617,31
S01009998,934,891,43
S01009999,886,847,39
S01010000,860,829,31
S01010001,798,758,40
S01010002,1343,1278,65
S01010003,969,934,35
S01010004,924,883,41
S01010005,963,892,71
S01010006,1261,1168,93
S01010007,959,921,38
S01010008,765,731,34
S01010009,640,596,44
S01010010,1466,1407,59
S01010011,828,747,81
S01010012,1511,1458,53
S01010013,970,910,60
S01010014,1278,1209,69
S01010015,1038,1003,35
S01010016,724,641,83
S01010017,968,867,101
S01010018,1180,1023,157
S01010019,1164,995,169
S01010020,993,887,106
S01010021,806,707,99
S01010022,1040,910,130
S01010023,1409,1188,221
S01010024,806,727,79
S01010025,891,773,118
S01010026,1788,1583,205
S01010027,1894,1770,124
S01010028,763,649,114
S01010029,535,456,79
S01010030,950,873,77
S01010031,1039,1011,28
S01010032,1550,1479,71
S01010033,1132,1021,111
S01010034,1422,1263,159
S01010035,973,868,105
S01010036,1588,1547,41
S01010037,1022,841,181
S01010038,1382,1180,202
S01010039,1033,989,44
S01010040,907,833,74
S01010041,994,889,105
S01010042,1448,1350,98
S01010043,1034,903,131
S01010044,1450,1263,187
S01010045,824,662,162
S01010046,1130,947,183
S01010047,1083,863,220
S01010048,1370,1132,238
S01010049,1078,922,156
S01010050,993,841,152
S01010051,808,672,136
S01010052,648,546,102
S01010053,859,754,105
S01010054,764,650,114
S01010055,1342,1150,192
S01010056,599,532,67
S01010057,553,497,56
S01010058,996,868,128
S01010059,759,692,67
S01010060,986,862,124
S01010061,822,758,64
S01010062,807,719,88
S01010063,1132,984,148
S01010064,773,703,70
S01010065,839,715,124
S01010066,753,626,127
S01010067,1066,930,136
S01010068,742,647,95
S01010069,1082,1013,69
S01010070,665,629,36
S01010071,925,807,118
S01010072,1097,979,118
S01010073,1023,923,100
S01010074,1128,1039,89
S01010075,781,658,123
S01010076,859,759,100
S01010077,719,615,104
S01010078,692,648,44
S01010079,923,866,57
S01010080,803,768,35
S01010081,1104,1035,69
S01010082,860,810,50
S01010083,1035,917,118
S01010084,1110,980,130
S01010085,1093,1021,72
S01010086,1027,885,142
S01010087,573,539,34
S01010088,1545,1516,29
S01010089,1074,967,107
S01010090,1169,1098,71
S01010091,1813,1755,58
S01010092,1144,995,149
S01010093,951,876,75
S01010094,1191,1126,65
S01010095,1218,1162,56
S01010096,927,884,43
S01010097,735,696,39
S01010098,727,688,39
S01010099,948,915,33
S01010100,886,811,75
S01010101,1080,1011,69
S01010102,742,723,19
S01010103,888,855,33
S01010104,1039,1004,35
S01010105,803,692,111
S01010106,629,539,90
S01010107,1016,914,102
S01010108,733,617,116
S01010109,2300,2136,164
S01010110,1066,888,178
S01010111,1163,1001,162
S01010112,1139,998,141
S01010113,551,488,63
S01010114,873,743,130
S01010115,632,599,33
S01010116,1428,1337,91
S01010117,1442,1404,38
S01010118,850,751,99
S01010119,543,497,46
S01010120,1045,919,126
S01010121,802,702,100
S01010122,547,428,119
S01010123,733,658,75
S01010124,723,675,48
S01010125,932,830,102
S01010126,657,602,55
S01010127,694,576,118
S01010128,758,663,95
S01010129,1039,899,140
S01010130,978,861,117
S01010131,1144,1035,109
S01010132,1142,993,149
S01010133,924,765,159
S01010134,1244,1079,165
S01010135,1166,985,181
S01010136,1076,976,100
S01010137,1297,1118,179
S01010138,994,772,222
S01010139,1229,1076,153
S01010140,989,895,94
S01010141,1065,899,166
S01010142,644,580,64
S01010143,829,700,129
S01010144,700,636,64
S01010145,778,701,77
S01010146,1267,1115,152
S01010147,1136,964,172
S01010148,1420,1245,175
S01010149,780,704,76
S01010150,870,706,164
S01010151,940,790,150
S01010152,954,852,102
S01010153,1043,892,151
S01010154,962,800,162
S01010155,821,703,118
S01010156,1064,906,158
S01010157,981,828,153
S01010158,913,787,126
S01010159,735,622,113
S01010160,822,712,110
S01010161,893,795,98
S01010162,1079,935,144
S01010163,1301,1141,160
S01010164,888,790,98
S01010165,627,553,74
S01010166,1498,1338,160
S01010167,911,760,151
S01010168,616,552,64
S01010169,890,810,80
S01010170,858,721,137
S01010171,1613,1456,157
S01010172,769,641,128
S01010173,1108,982,126
S01010174,1540,1399,141
S01010175,480,425,55
S01010176,977,851,126
S01010177,776,700,76
S01010178,1103,992,111
S01010179,1655,1459,196
S01010180,923,838,85
S01010181,1057,904,153
S01010182,1107,1031,76
S01010183,1528,1426,102
S01010184,630,560,70
S01010185,733,639,94
S01010186,647,615,32
S01010187,789,730,59
S01010188,1909,1819,90
S01010189,976,950,26
S01010190,272,244,28
S01010191,736,717,19
S01010192,1050,1018,32
S01010193,907,848,59
S01010194,689,607,82
S01010195,1021,910,111
S01010196,820,715,105
S01010197,757,668,89
S01010198,1131,992,139
S01010199,693,620,73
S01010200,690,599,91
S01010201,928,848,80
S01010202,783,700,83
S01010203,729,677,52
S01010204,1190,1044,146
S01010205,658,575,83
S01010206,497,454,43
S01010207,859,756,103
S01010208,1049,941,108
S01010209,1038,920,118
S01010210,1076,954,122
S01010211,916,760,156
S01010212,1262,1081,181
S01010213,1112,959,153
S01010214,967,901,66
S01010215,1057,915,142
S01010216,1039,890,149
S01010217,1001,909,92
S01010218,1282,1139,143
S01010219,767,689,78
S01010220,573,552,21
S01010221,655,558,97
S01010222,713,658,55
S01010223,655,573,82
S01010224,1364,1197,167
S01010225,931,825,106
S01010226,792,716,76
S01010227,921,843,78
S01010228,695,571,124
S01010229,1087,942,145
S01010230,1431,1257,174
S01010231,1013,916,97
S01010232,880,785,95
S01010233,1567,1396,171
S01010234,1069,991,78
S01010235,884,826,58
S01010236,736,691,45
S01010237,1007,940,67
S01010238,1051,983,68
S01010239,1026,887,139
S01010240,1111,1017,94
S01010241,1019,919,100
S01010242,1180,1038,142
S01010243,1392,1261,131
S01010244,1006,877,129
S01010245,1122,926,196
S01010246,1162,1044,118
S01010247,952,854,98
S01010248,959,910,49
S01010249,976,938,38
S01010250,1114,1065,49
S01010251,780,764,16
S01010252,754,717,37
S01010253,759,669,90
S01010254,1159,1011,148
S01010255,1269,1079,190
S01010256,1070,949,121
S01010257,2783,2737,46
S01010258,2329,2288,41
S01010259,1679,1543,136
S01010260,1682,1637,45
S01010261,2972,2807,165
S01010262,1221,1020,201
S01010263,841,819,22
S01010264,1287,1198,89
S01010265,1296,1287,9
S01010266,934,903,31
S01010267,893,879,14
S01010268,965,919,46
S01010269,969,879,90
S01010270,1474,1201,273
S01010271,931,883,48
S01010272,1283,1157,126
S01010273,1107,1073,34
S01010274,677,655,22
S01010275,1410,1365,45
S01010276,993,975,18
S01010277,610,547,63
S01010278,1357,1244,113
S01010279,835,774,61
S01010280,878,848,30
S01010281,779,761,18
S01010282,1246,1148,98
S01010283,874,846,28
S01010284,1711,1647,64
S01010285,1151,1112,39
S01010286,2387,2323,64
S01010287,1323,1293,30
S01010288,1201,1179,22
S01010289,771,759,12
S01010290,857,817,40
S01010291,1149,1085,64
S01010292,1197,1166,31
S01010293,926,882,44
S01010294,1025,997,28
S01010295,974,939,35
S01010296,894,850,44
S01010297,964,855,109
S01010298,966,865,101
S01010299,608,523,85
S01010300,1473,1372,101
S01010301,522,509,13
S01010302,846,736,110
S01010303,683,622,61
S01010304,732,644,88
S01010305,1155,1060,95
S01010306,828,787,41
S01010307,892,871,21
S01010308,975,951,24
S01010309,615,504,111
S01010310,864,764,100
S01010311,1081,899,182
S01010312,1028,869,159
S01010313,1498,1285,213
S01010314,1451,1290,161
S01010315,1078,993,85
S01010316,1030,932,98
S01010317,1350,1287,63
S01010318,1753,1710,43
S01010319,1045,949,96
S01010320,783,697,86
S01010321,1172,1064,108
S01010322,1374,1333,41
S01010323,735,614,121
S01010324,940,793,147
S01010325,1018,847,171
S01010326,1410,1240,170
S01010327,1352,1173,179
S01010328,1137,1006,131
S01010329,492,423,69
S01010330,725,643,82
S01010331,1283,1065,218
S01010332,1046,902,144
S01010333,962,860,102
S01010334,1276,1140,136
S01010335,1148,985,163
S01010336,1212,1104,108
S01010337,852,711,141
S01010338,884,776,108
S01010339,936,820,116
S01010340,853,777,76
S01010341,812,759,53
S01010342,829,775,54
S01010343,1427,1381,46
S01010344,929,770,159
S01010345,652,631,21
S01010346,1157,1080,77
S01010347,1125,1050,75
S01010348,1076,973,103
S01010349,1137,1008,129
S01010350,1362,1229,133
S01010351,1038,966,72
S01010352,803,728,75
S01010353,1070,904,166
S01010354,733,632,101
S01010355,1203,1060,143
S01010356,724,665,59
S01010357,670,577,93
S01010358,902,775,127
S01010359,1237,1064,173
S01010360,567,482,85
S01010361,535,480,55
S01010362,970,857,113
S01010363,758,722,36
S01010364,1181,1138,43
S01010365,1202,1164,38
S01010366,1401,1338,63
S01010367,1743,1712,31
S01010368,922,888,34
S01010369,825,796,29
S01010370,725,712,13
S01010371,1231,1206,25
S01010372,936,900,36
S01010373,761,719,42
S01010374,1015,997,18
S01010375,896,871,25
S01010376,1019,993,26
S01010377,1082,1052,30
S01010378,954,935,19
S01010379,1545,1499,46
S01010380,1115,1082,33
S01010381,1123,1063,60
S01010382,958,924,34
S01010383,864,774,90
S01010384,1382,1305,77
S01010385,979,916,63
S01010386,1250,1153,97
S01010387,1734,1608,126
S01010388,1103,992,111
S01010389,1777,1741,36
S01010390,1303,1240,63
S01010391,2917,2827,90
S01010392,2000,1935,65
S01010393,1628,1564,64
S01010394,936,814,122
S01010395,1144,1071,73
S01010396,1033,961,72
S01010397,905,878,27
S01010398,1090,1060,30
S01010399,1668,1639,29
S01010400,1101,1079,22
S01010401,825,794,31
S01010402,1173,1144,29
S01010403,1158,1139,19
S01010404,1222,1195,27
S01010405,996,975,21
S01010406,962,934,28
S01010407,1256,1236,20
S01010408,695,652,43
S01010409,1350,1311,39
S01010410,595,581,14
S01010411,1539,1516,23
S01010412,966,900,66
S01010413,949,910,39
S01010414,1231,1175,56
S01010415,1173,1061,112
S01010416,914,849,65
S01010417,580,559,21
S01010418,1223,1163,60
S01010419,1629,1569,60
S01010420,1202,1173,29
S01010421,889,862,27
S01010422,1177,1113,64
S01010423,1037,937,100
S01010424,1026,926,100
S01010425,1032,894,138
S01010426,1098,997,101
S01010427,1343,1204,139
S01010428,1603,1500,103
S01010429,978,948,30
S01010430,1040,937,103
S01010431,1020,972,48
S01010432,880,798,82
S01010433,905,838,67
S01010434,819,737,82
S01010435,689,617,72
S01010436,778,690,88
S01010437,557,510,47
S01010438,1058,981,77
S01010439,1371,1282,89
S01010440,1229,1099,130
S01010441,899,863,36
S01010442,849,789,60
S01010443,765,686,79
S01010444,685,615,70
S01010445,1109,973,136
S01010446,838,753,85
S01010447,1126,985,141
S01010448,1057,957,100
S01010449,1014,839,175
S01010450,889,766,123
S01010451,1098,977,121
S01010452,919,816,103
S01010453,1143,1012,131
S01010454,1170,1012,158
S01010455,942,800,142
S01010456,633,553,80
S01010457,1044,910,134
S01010458,843,755,88
S01010459,752,664,88
S01010460,810,765,45
S01010461,1026,907,119
S01010462,1088,965,123
S01010463,796,737,59
S01010464,653,604,49
S01010465,999,949,50
S01010466,1608,1548,60
S01010467,981,909,72
S01010468,1209,1140,69
S01010469,826,761,65
S01010470,900,804,96
S01010471,922,819,103
S01010472,1339,1294,45
S01010473,1044,995,49
S01010474,1099,1042,57
S01010475,1240,1192,48
S01010476,1048,960,88
S01010477,951,857,94
S01010478,1411,1221,190
S01010479,1022,932,90
S01010480,845,751,94
S01010481,880,786,94
S01010482,998,889,109
S01010483,1110,999,111
S01010484,987,910,77
S01010485,1072,989,83
S01010486,1210,1163,47
S01010487,1123,1029,94
S01010488,1366,1218,148
S01010489,1471,1311,160
S01010490,893,800,93
S01010491,1049,938,111
S01010492,808,692,116
S01010493,1200,1071,129
S01010494,698,623,75
S01010495,1184,1051,133
S01010496,1628,1415,213
S01010497,1063,944,119
S01010498,1333,1147,186
S01010499,1355,1197,158
S01010500,1258,1130,128
S01010501,910,779,131
S01010502,756,704,52
S01010503,838,732,106
S01010504,531,507,24
S01010505,655,635,20
S01010506,889,863,26
S01010507,1092,1045,47
S01010508,1150,1090,60
S01010509,1183,1137,46
S01010510,1659,1571,88
S01010511,1254,1176,78
S01010512,912,866,46
S01010513,897,871,26
S01010514,918,870,48
S01010515,906,858,48
S01010516,614,586,28
S01010517,1136,1083,53
S01010518,922,894,28
S01010519,938,902,36
S01010520,1172,1105,67
S01010521,1035,985,50
S01010522,812,771,41
S01010523,1065,1021,44
S01010524,585,565,20
S01010525,790,757,33
S01010526,927,878,49
S01010527,1300,1231,69
S01010528,794,770,24
S01010529,1084,1041,43
S01010530,753,729,24
S01010531,1094,1057,37
S01010532,840,810,30
S01010533,920,883,37
S01010534,1115,1076,39
S01010535,715,687,28
S01010536,1165,1111,54
S01010537,1411,1348,63
S01010538,1129,1098,31
S01010539,1037,1007,30
S01010540,628,606,22
S01010541,840,822,18
S01010542,1069,1034,35
S01010543,606,581,25
S01010544,1281,1235,46
S01010545,738,712,26
S01010546,1010,959,51
S01010547,757,735,22
S01010548,583,565,18
S01010549,1286,1240,46
S01010550,690,678,12
S01010551,831,810,21
S01010552,1005,970,35
S01010553,621,603,18
S01010554,776,732,44
S01010555,1057,1018,39
S01010556,1197,1130,67
S01010557,736,710,26
S01010558,608,570,38
S01010559,791,743,48
S01010560,663,636,27
S01010561,963,926,37
S01010562,1007,971,36
S01010563,800,744,56
S01010564,806,753,53
S01010565,963,901,62
S01010566,1090,1062,28
S01010567,1243,1210,33
S01010568,1422,1371,51
S01010569,953,918,35
S01010570,1563,1493,70
S01010571,917,879,38
S01010572,1004,947,57
S01010573,641,616,25
S01010574,609,590,19
S01010575,873,840,33
S01010576,822,803,19
S01010577,901,861,40
S01010578,576,547,29
S01010579,736,692,44
S01010580,513,491,22
S01010581,843,807,36
S01010582,686,658,28
S01010583,986,964,22
S01010584,2141,2094,47
S01010585,2051,2008,43
S01010586,632,618,14
S01010587,872,836,36
S01010588,836,808,28
S01010589,2397,2334,63
S01010590,1797,1753,44
S01010591,626,615,11
S01010592,366,359,7
S01010593,2428,2387,41
S01010594,1852,1820,32
S01010595,1850,1820,30
S01010596,3420,3367,53
S01010597,2421,2382,39
S01010598,2542,2503,39
S01010599,819,800,19
S01010600,1694,1641,53
S01010601,774,734,40
S01010602,652,642,10
S01010603,809,791,18
S01010604,845,831,14
S01010605,1368,1335,33
S01010606,1054,1010,44
S01010607,1064,1038,26
S01010608,781,748,33
S01010609,570,541,29
S01010610,781,756,25
S01010611,1197,1146,51
S01010612,781,754,27
S01010613,820,762,58
S01010614,706,653,53
S01010615,1026,992,34
S01010616,1078,1043,35
S01010617,1005,989,16
S01010618,1010,989,21
S01010619,1279,1232,47
S01010620,744,704,40
S01010621,1121,1082,39
S01010622,648,601,47
S01010623,1066,1042,24
S01010624,755,707,48
S01010625,786,757,29
S01010626,993,956,37
S01010627,1095,1047,48
S01010628,1189,1159,30
S01010629,1290,1231,59
S01010630,698,663,35
S01010631,986,939,47
S01010632,958,876,82
S01010633,1035,972,63
S01010634,665,617,48
S01010635,803,748,55
S01010636,987,953,34
S01010637,852,804,48
S01010638,995,921,74
S01010639,1332,1239,93
S01010640,898,872,26
S01010641,1350,1248,102
S01010642,1035,971,64
S01010643,844,796,48
S01010644,879,776,103
S01010645,767,747,20
S01010646,807,770,37
S01010647,696,638,58
S01010648,981,928,53
S01010649,785,732,53
S01010650,701,661,40
S01010651,674,638,36
S01010652,825,794,31
S01010653,742,714,28
S01010654,763,706,57
S01010655,1019,984,35
S01010656,705,679,26
S01010657,919,897,22
S01010658,1106,1056,50
S01010659,792,780,12
S01010660,917,872,45
S01010661,775,741,34
S01010662,922,893,29
S01010663,1511,1473,38
S01010664,783,768,15
S01010665,1055,1013,42
S01010666,1405,1346,59
S01010667,801,776,25
S01010668,1318,1278,40
S01010669,608,593,15
S01010670,943,905,38
S01010671,895,865,30
S01010672,1366,1310,56
S01010673,1117,1052,65
S01010674,1180,1135,45
S01010675,952,928,24
S01010676,1201,1165,36
S01010677,501,485,16
S01010678,1057,1013,44
S01010679,1584,1527,57
S01010680,788,739,49
S01010681,1353,1307,46
S01010682,1307,1273,34
S01010683,975,944,31
S01010684,1054,1014,40
S01010685,758,727,31
S01010686,701,670,31
S01010687,1071,1009,62
S01010688,849,817,32
S01010689,1007,959,48
S01010690,938,898,40
S01010691,1020,975,45
S01010692,749,712,37
S01010693,385,369,16
S01010694,798,740,58
S01010695,727,709,18
S01010696,1212,1179,33
S01010697,1122,1045,77
S01010698,764,731,33
S01010699,605,582,23
S01010700,611,589,22
S01010701,1314,1261,53
S01010702,1077,1029,48
S01010703,902,878,24
S01010704,1291,1222,69
S01010705,1290,1247,43
S01010706,887,846,41
S01010707,750,721,29
S01010708,1067,1035,32
S01010709,904,881,23
S01010710,969,927,42
S01010711,778,758,20
S01010712,864,825,39
S01010713,1024,987,37
S01010714,839,775,64
S01010715,808,770,38
S01010716,976,917,59
S01010717,1009,989,20
S01010718,1078,1053,25
S01010719,918,881,37
S01010720,881,854,27
S01010721,828,801,27
S01010722,1208,1178,30
S01010723,1108,1086,22
S01010724,887,862,25
S01010725,822,808,14
S01010726,1091,1051,40
S01010727,765,729,36
S01010728,1016,983,33
S01010729,924,900,24
S01010730,845,824,21
S01010731,906,868,38
S01010732,840,775,65
S01010733,1018,945,73
S01010734,1051,983,68
S01010735,1051,995,56
S01010736,500,483,17
S01010737,1038,960,78
S01010738,1127,1074,53
S01010739,870,823,47
S01010740,700,649,51
S01010741,695,657,38
S01010742,887,849,38
S01010743,1008,952,56
S01010744,1166,1108,58
S01010745,702,652,50
S01010746,1016,982,34
S01010747,1170,1092,78
S01010748,631,603,28
S01010749,736,699,37
S01010750,626,592,34
S01010751,999,910,89
S01010752,1063,1001,62
S01010753,1318,1252,66
S01010754,1021,953,68
S01010755,863,800,63
S01010756,835,812,23
S01010757,863,832,31
S01010758,702,662,40
S01010759,682,654,28
S01010760,816,763,53
S01010761,536,509,27
S01010762,598,565,33
S01010763,940,896,44
S01010764,576,551,25
S01010765,1228,1161,67
S01010766,784,734,50
S01010767,706,660,46
S01010768,737,707,30
S01010769,483,460,23
S01010770,877,826,51
S01010771,960,880,80
S01010772,762,690,72
S01010773,785,724,61
S01010774,1353,1243,110
S01010775,643,617,26
S01010776,833,792,41
S01010777,512,474,38
S01010778,649,597,52
S01010779,995,939,56
S01010780,648,616,32
S01010781,965,938,27
S01010782,623,581,42
S01010783,897,846,51
S01010784,1122,1071,51
S01010785,793,771,22
S01010786,688,660,28
S01010787,913,870,43
S01010788,622,599,23
S01010789,888,838,50
S01010790,827,785,42
S01010791,993,943,50
S01010792,1152,1114,38
S01010793,649,631,18
S01010794,550,512,38
S01010795,1311,1275,36
S01010796,1441,1400,41
S01010797,762,737,25
S01010798,694,676,18
S01010799,999,925,74
S01010800,797,763,34
S01010801,794,751,43
S01010802,626,605,21
S01010803,611,577,34
S01010804,778,748,30
S01010805,1276,1226,50
S01010806,916,857,59
S01010807,570,550,20
S01010808,553,540,13
S01010809,1007,967,40
S01010810,490,463,27
S01010811,923,883,40
S01010812,522,495,27
S01010813,910,875,35
S01010814,740,713,27
S01010815,582,554,28
S01010816,830,803,27
S01010817,1203,1162,41
S01010818,1454,1396,58
S01010819,1044,979,65
S01010820,1391,1306,85
S01010821,866,844,22
S01010822,772,732,40
S01010823,683,621,62
S01010824,1231,1201,30
S01010825,1642,1573,69
S01010826,755,738,17
S01010827,697,672,25
S01010828,1239,1205,34
S01010829,1121,1070,51
S01010830,556,527,29
S01010831,598,588,10
S01010832,730,698,32
S01010833,1159,1119,40
S01010834,1629,1582,47
S01010835,736,710,26
S01010836,920,884,36
S01010837,838,784,54
S01010838,1187,1107,80
S01010839,908,869,39
S01010840,572,531,41
S01010841,1103,1043,60
S01010842,960,859,101
S01010843,756,670,86
S01010844,838,791,47
S01010845,619,586,33
S01010846,910,874,36
S01010847,798,776,22
S01010848,924,854,70
S01010849,951,871,80
S01010850,1005,862,143
S01010851,935,866,69
S01010852,839,782,57
S01010853,999,924,75
S01010854,923,842,81
S01010855,560,516,44
S01010856,908,814,94
S01010857,950,900,50
S01010858,1138,1023,115
S01010859,842,773,69
S01010860,885,812,73
S01010861,981,879,102
S01010862,651,589,62
S01010863,883,835,48
S01010864,622,609,13
S01010865,706,688,18
S01010866,881,804,77
S01010867,750,689,61
S01010868,839,779,60
S01010869,1144,1114,30
S01010870,1020,963,57
S01010871,898,866,32
S01010872,830,784,46
S01010873,739,622,117
S01010874,928,892,36
S01010875,658,637,21
S01010876,740,671,69
S01010877,1633,1504,129
S01010878,1326,1226,100
S01010879,1103,1033,70
S01010880,669,623,46
S01010881,803,766,37
S01010882,1050,980,70
S01010883,1034,984,50
S01010884,1153,1014,139
S01010885,1349,1216,133
S01010886,615,563,52
S01010887,765,663,102
S01010888,1188,1080,108
S01010889,825,735,90
S01010890,847,717,130
S01010891,870,745,125
S01010892,915,808,107
S01010893,1031,906,125
S01010894,805,707,98
S01010895,495,428,67
S01010896,984,857,127
S01010897,945,842,103
S01010898,1362,1248,114
S01010899,714,665,49
S01010900,930,878,52
S01010901,465,410,55
S01010902,957,859,98
S01010903,891,761,130
S01010904,538,487,51
S01010905,964,893,71
S01010906,966,900,66
S01010907,606,590,16
S01010908,1136,1066,70
S01010909,1207,1128,79
S01010910,844,772,72
S01010911,875,721,154
S01010912,773,644,129
S01010913,642,600,42
S01010914,1153,1088,65
S01010915,982,926,56
S01010916,733,625,108
S01010917,843,747,96
S01010918,1289,1168,121
S01010919,882,798,84
S01010920,733,664,69
S01010921,733,662,71
S01010922,988,891,97
S01010923,1154,1050,104
S01010924,678,610,68
S01010925,858,793,65
S01010926,989,901,88
S01010927,970,878,92
S01010928,806,742,64
S01010929,918,826,92
S01010930,900,879,21
S01010931,430,406,24
S01010932,1496,1412,84
S01010933,864,836,28
S01010934,1114,1076,38
S01010935,861,819,42
S01010936,682,647,35
S01010937,728,698,30
S01010938,951,903,48
S01010939,776,754,22
S01010940,683,670,13
S01010941,1253,1237,16
S01010942,646,630,16
S01010943,832,783,49
S01010944,845,781,64
S01010945,540,528,12
S01010946,1029,976,53
S01010947,791,756,35
S01010948,673,634,39
S01010949,1546,1512,34
S01010950,846,792,54
S01010951,724,710,14
S01010952,779,751,28
S01010953,737,705,32
S01010954,1268,1252,16
S01010955,1145,1129,16
S01010956,970,945,25
S01010957,581,566,15
S01010958,625,600,25
S01010959,891,859,32
S01010960,1480,1395,85
S01010961,1433,1352,81
S01010962,649,582,67
S01010963,1038,987,51
S01010964,523,486,37
S01010965,1012,940,72
S01010966,982,924,58
S01010967,920,868,52
S01010968,919,869,50
S01010969,736,696,40
S01010970,1511,1391,120
S01010971,1736,1646,90
S01010972,939,876,63
S01010973,627,592,35
S01010974,1133,1049,84
S01010975,662,609,53
S01010976,2199,2146,53
S01010977,728,695,33
S01010978,949,890,59
S01010979,900,860,40
S01010980,821,763,58
S01010981,739,687,52
S01010982,1334,1274,60
S01010983,1132,1077,55
S01010984,1097,1049,48
S01010985,865,824,41
S01010986,750,740,10
S01010987,445,432,13
S01010988,627,616,11
S01010989,1514,1492,22
S01010990,798,746,52
S01010991,1936,1895,41
S01010992,1803,1764,39
S01010993,733,701,32
S01010994,2765,2689,76
S01010995,851,831,20
S01010996,901,854,47
S01010997,1056,1026,30
S01010998,2440,2381,59
S01010999,903,861,42
S01011000,1120,1051,69
S01011001,652,608,44
S01011002,707,654,53
S01011003,813,760,53
S01011004,809,764,45
S01011005,795,745,50
S01011006,1002,955,47
S01011007,883,823,60
S01011008,881,829,52
S01011009,627,588,39
S01011010,950,887,63
S01011011,768,691,77
S01011012,1218,1123,95
S01011013,878,827,51
S01011014,811,779,32
S01011015,565,538,27
S01011016,1188,1168,20
S01011017,1670,1619,51
S01011018,1451,1390,61
S01011019,1253,1208,45
S01011020,472,451,21
S01011021,882,825,57
S01011022,705,663,42
S01011023,1043,986,57
S01011024,1223,1162,61
S01011025,680,634,46
S01011026,540,498,42
S01011027,1160,1073,87
S01011028,1175,1110,65
S01011029,741,707,34
S01011030,969,931,38
S01011031,1190,1129,61
S01011032,896,839,57
S01011033,794,752,42
S01011034,849,765,84
S01011035,662,612,50
S01011036,1019,959,60
S01011037,1079,1027,52
S01011038,1053,979,74
S01011039,907,846,61
S01011040,1407,1338,69
S01011041,917,835,82
S01011042,818,786,32
S01011043,1277,1229,48
S01011044,1150,1088,62
S01011045,939,909,30
S01011046,854,819,35
S01011047,1077,1042,35
S01011048,1277,1235,42
S01011049,818,792,26
S01011050,1005,975,30
S01011051,1078,1037,41
S01011052,1218,1169,49
S01011053,742,720,22
S01011054,672,647,25
S01011055,568,551,17
S01011056,699,675,24
S01011057,728,699,29
S01011058,638,610,28
S01011059,778,744,34
S01011060,1225,1161,64
S01011061,1077,1045,32
S01011062,1404,1358,46
S01011063,1132,1075,57
S01011064,1299,1256,43
S01011065,965,933,32
S01011066,614,597,17
S01011067,1167,1126,41
S01011068,826,798,28
S01011069,721,681,40
S01011070,903,862,41
S01011071,948,907,41
S01011072,1142,1108,34
S01011073,699,675,24
S01011074,607,588,19
S01011075,883,849,34
S01011076,1153,1109,44
S01011077,1059,1005,54
S01011078,1354,1312,42
S01011079,1307,1264,43
S01011080,1124,1076,48
S01011081,824,790,34
S01011082,722,672,50
S01011083,1144,1086,58
S01011084,876,845,31
S01011085,889,855,34
S01011086,641,606,35
S01011087,880,846,34
S01011088,1178,1136,42
S01011089,950,912,38
S01011090,717,684,33
S01011091,700,688,12
S01011092,2474,2421,53
S01011093,3120,3056,64
S01011094,776,740,36
S01011095,1088,1047,41
S01011096,951,915,36
S01011097,715,693,22
S01011098,1124,1073,51
S01011099,819,791,28
S01011100,570,543,27
S01011101,790,756,34
S01011102,731,691,40
S01011103,773,726,47
S01011104,704,650,54
S01011105,799,765,34
S01011106,988,965,23
S01011107,2433,2376,57
S01011108,672,635,37
S01011109,807,773,34
S01011110,947,905,42
S01011111,1093,1036,57
S01011112,142,136,6
S01011113,1004,957,47
S01011114,1195,1146,49
S01011115,902,843,59
S01011116,880,850,30
S01011117,868,842,26
S01011118,1011,987,24
S01011119,931,901,30
S01011120,1159,1127,32
S01011121,622,594,28
S01011122,787,762,25
S01011123,1121,1077,44
S01011124,661,637,24
S01011125,452,421,31
S01011126,763,728,35
S01011127,536,534,2
S01011128,1007,954,53
S01011129,940,907,33
S01011130,766,714,52
S01011131,739,704,35
S01011132,898,870,28
S01011133,527,507,20
S01011134,825,782,43
S01011135,1008,964,44
S01011136,658,614,44
S01011137,923,891,32
S01011138,641,614,27
S01011139,1335,1317,18
S01011140,537,502,35
S01011141,1696,1641,55
S01011142,1363,1334,29
S01011143,1190,1159,31
S01011144,919,879,40
S01011145,1079,1047,32
S01011146,1051,1006,45
S01011147,1186,1136,50
S01011148,787,765,22
S01011149,802,791,11
S01011150,933,926,7
S01011151,749,730,19
S01011152,901,869,32
S01011153,1005,949,56
S01011154,624,580,44
S01011155,814,772,42
S01011156,845,814,31
S01011157,576,563,13
S01011158,598,573,25
S01011159,614,562,52
S01011160,909,886,23
S01011161,637,615,22
S01011162,885,862,23
S01011163,960,928,32
S01011164,851,814,37
S01011165,881,831,50
S01011166,603,580,23
S01011167,1064,1023,41
S01011168,845,819,26
S01011169,1267,1241,26
S01011170,911,874,37
S01011171,1007,968,39
S01011172,752,725,27
S01011173,869,825,44
S01011174,762,717,45
S01011175,815,771,44
S01011176,689,660,29
S01011177,1082,1029,53
S01011178,595,568,27
S01011179,705,639,66
S01011180,853,774,79
S01011181,1527,1474,53
S01011182,511,482,29
S01011183,757,720,37
S01011184,820,803,17
S01011185,790,763,27
S01011186,1127,1028,99
S01011187,803,775,28
S01011188,1108,1036,72
S01011189,1096,1028,68
S01011190,1103,1022,81
S01011191,750,708,42
S01011192,865,823,42
S01011193,942,879,63
S01011194,727,687,40
S01011195,945,889,56
S01011196,1050,961,89
S01011197,871,789,82
S01011198,695,641,54
S01011199,781,731,50
S01011200,865,796,69
S01011201,586,545,41
S01011202,949,863,86
S01011203,1289,1193,96
S01011204,555,535,20
S01011205,184,180,4
S01011206,734,707,27
S01011207,1852,1756,96
S01011208,907,881,26
S01011209,697,647,50
S01011210,830,779,51
S01011211,1745,1698,47
S01011212,735,693,42
S01011213,1180,1116,64
S01011214,1144,1036,108
S01011215,919,838,81
S01011216,1105,1037,68
S01011217,1207,1118,89
S01011218,933,862,71
S01011219,1031,928,103
S01011220,988,907,81
S01011221,1075,1004,71
S01011222,662,618,44
S01011223,946,891,55
S01011224,681,596,85
S01011225,1029,955,74
S01011226,1098,1031,67
S01011227,802,738,64
S01011228,1353,1260,93
S01011229,802,737,65
S01011230,1319,1162,157
S01011231,1047,906,141
S01011232,915,829,86
S01011233,1500,1428,72
S01011234,1165,1057,108
S01011235,525,473,52
S01011236,557,508,49
S01011237,1048,963,85
S01011238,806,718,88
S01011239,878,762,116
S01011240,1075,917,158
S01011241,1042,931,111
S01011242,1015,931,84
S01011243,1251,1132,119
S01011244,666,598,68
S01011245,848,759,89
S01011246,926,852,74
S01011247,953,877,76
S01011248,945,878,67
S01011249,1048,1005,43
S01011250,1241,1172,69
S01011251,871,800,71
S01011252,825,764,61
S01011253,968,868,100
S01011254,1209,1153,56
S01011255,428,417,11
S01011256,497,484,13
S01011257,468,442,26
S01011258,700,653,47
S01011259,931,855,76
S01011260,718,677,41
S01011261,925,864,61
S01011262,689,641,48
S01011263,898,835,63
S01011264,688,638,50
S01011265,1053,967,86
S01011266,908,822,86
S01011267,984,926,58
S01011268,591,544,47
S01011269,594,525,69
S01011270,833,764,69
S01011271,948,823,125
S01011272,728,658,70
S01011273,1285,1196,89
S01011274,1125,1037,88
S01011275,1543,1477,66
S01011276,1114,1016,98
S01011277,654,625,29
S01011278,639,617,22
S01011279,713,685,28
S01011280,690,653,37
S01011281,804,777,27
S01011282,918,885,33
S01011283,804,792,12
S01011284,1230,1197,33
S01011285,1140,1048,92
S01011286,720,661,59
S01011287,987,909,78
S01011288,1067,1002,65
S01011289,934,856,78
S01011290,1390,1248,142
S01011291,986,897,89
S01011292,697,626,71
S01011293,953,862,91
S01011294,948,818,130
S01011295,1022,968,54
S01011296,722,644,78
S01011297,927,859,68
S01011298,1104,1040,64
S01011299,494,477,17
S01011300,1008,926,82
S01011301,705,680,25
S01011302,945,845,100
S01011303,1186,1150,36
S01011304,966,901,65
S01011305,829,794,35
S01011306,590,550,40
S01011307,2465,2380,85
S01011308,626,591,35
S01011309,858,823,35
S01011310,706,665,41
S01011311,1149,1122,27
S01011312,1244,1205,39
S01011313,1122,1066,56
S01011314,1097,1056,41
S01011315,419,391,28
S01011316,938,872,66
S01011317,967,892,75
S01011318,964,915,49
S01011319,1116,1066,50
S01011320,747,707,40
S01011321,663,636,27
S01011322,634,609,25
S01011323,1181,1103,78
S01011324,509,472,37
S01011325,1030,931,99
S01011326,1099,1001,98
S01011327,739,674,65
S01011328,897,846,51
S01011329,1053,991,62
S01011330,754,725,29
S01011331,832,812,20
S01011332,1270,1224,46
S01011333,733,703,30
S01011334,1448,1384,64
S01011335,1138,1096,42
S01011336,698,659,39
S01011337,682,664,18
S01011338,847,806,41
S01011339,701,662,39
S01011340,1269,1199,70
S01011341,874,823,51
S01011342,839,798,41
S01011343,906,820,86
S01011344,883,817,66
S01011345,1069,1001,68
S01011346,832,775,57
S01011347,1186,1089,97
S01011348,1225,1147,78
S01011349,1113,1076,37
S01011350,933,896,37
S01011351,796,731,65
S01011352,709,661,48
S01011353,650,609,41
S01011354,879,844,35
S01011355,1113,1053,60
S01011356,962,925,37
S01011357,1399,1286,113
S01011358,547,529,18
S01011359,737,642,95
S01011360,852,789,63
S01011361,537,487,50
S01011362,661,634,27
S01011363,1714,1590,124
S01011364,659,616,43
S01011365,830,794,36
S01011366,498,429,69
S01011367,840,752,88
S01011368,1429,1402,27
S01011369,756,704,52
S01011370,1654,1611,43
S01011371,1560,1448,112
S01011372,1042,959,83
S01011373,866,807,59
S01011374,514,493,21
S01011375,726,690,36
S01011376,568,518,50
S01011377,594,571,23
S01011378,1041,994,47
S01011379,1125,1087,38
S01011380,732,685,47
S01011381,810,767,43
S01011382,531,476,55
S01011383,1091,913,178
S01011384,839,756,83
S01011385,957,851,106
S01011386,1076,971,105
S01011387,988,896,92
S01011388,1431,1356,75
S01011389,1512,1432,80
S01011390,1040,926,114
S01011391,645,606,39
S01011392,1053,1001,52
S01011393,841,779,62
S01011394,1012,967,45
S01011395,861,766,95
S01011396,986,878,108
S01011397,860,779,81
S01011398,779,689,90
S01011399,508,460,48
S01011400,925,852,73
S01011401,1020,949,71
S01011402,954,876,78
S01011403,1011,933,78
S01011404,1155,1046,109
S01011405,731,685,46
S01011406,705,662,43
S01011407,1377,1299,78
S01011408,936,859,77
S01011409,839,760,79
S01011410,812,746,66
S01011411,993,937,56
S01011412,973,931,42
S01011413,560,550,10
S01011414,1077,987,90
S01011415,941,877,64
S01011416,875,840,35
S01011417,820,749,71
S01011418,780,685,95
S01011419,673,597,76
S01011420,491,446,45
S01011421,506,488,18
S01011422,467,422,45
S01011423,679,606,73
S01011424,560,504,56
S01011425,779,716,63
S01011426,1886,1803,83
S01011427,1423,1324,99
S01011428,673,618,55
S01011429,1327,1262,65
S01011430,1026,964,62
S01011431,1298,1142,156
S01011432,1888,1753,135
S01011433,1048,968,80
S01011434,998,943,55
S01011435,1433,1332,101
S01011436,1245,1148,97
S01011437,811,724,87
S01011438,881,802,79
S01011439,1155,1059,96
S01011440,1091,994,97
S01011441,868,791,77
S01011442,683,611,72
S01011443,787,698,89
S01011444,1222,1114,108
S01011445,635,581,54
S01011446,2472,2375,97
S01011447,1071,981,90
S01011448,1244,1171,73
S01011449,757,686,71
S01011450,849,814,35
S01011451,1963,1886,77
S01011452,947,887,60
S01011453,820,759,61
S01011454,1109,1029,80
S01011455,1041,938,103
S01011456,1034,936,98
S01011457,917,853,64
S01011458,804,774,30
S01011459,1370,1298,72
S01011460,984,931,53
S01011461,813,756,57
S01011462,1004,915,89
S01011463,670,621,49
S01011464,1681,1641,40
S01011465,826,778,48
S01011466,2111,1980,131
S01011467,539,501,38
S01011468,141,138,3
S01011469,859,796,63
S01011470,958,863,95
S01011471,953,873,80
S01011472,1225,1116,109
S01011473,1013,889,124
S01011474,1075,953,122
S01011475,679,567,112
S01011476,915,890,25
S01011477,851,828,23
S01011478,1060,1024,36
S01011479,886,842,44
S01011480,1113,1086,27
S01011481,1169,1092,77
S01011482,1155,1049,106
S01011483,822,774,48
S01011484,1152,1027,125
S01011485,965,865,100
S01011486,569,508,61
S01011487,1370,1265,105
S01011488,697,626,71
S01011489,995,956,39
S01011490,1134,1031,103
S01011491,538,475,63
S01011492,859,790,69
S01011493,1048,989,59
S01011494,785,702,83
S01011495,1042,947,95
S01011496,649,571,78
S01011497,881,860,21
S01011498,672,656,16
S01011499,898,840,58
S01011500,1012,902,110
S01011501,673,599,74
S01011502,755,707,48
S01011503,1024,924,100
S01011504,666,588,78
S01011505,698,630,68
S01011506,588,517,71
S01011507,790,720,70
S01011508,962,911,51
S01011509,610,570,40
S01011510,1122,1058,64
S01011511,678,612,66
S01011512,1239,1118,121
S01011513,917,811,106
S01011514,1085,1010,75
S01011515,752,709,43
S01011516,887,852,35
S01011517,649,580,69
S01011518,661,583,78
S01011519,781,709,72
S01011520,1091,973,118
S01011521,1429,1294,135
S01011522,956,855,101
S01011523,1305,1198,107
S01011524,890,848,42
S01011525,1099,984,115
S01011526,1018,946,72
S01011527,949,893,56
S01011528,974,888,86
S01011529,1084,964,120
S01011530,1256,1129,127
S01011531,1814,1700,114
S01011532,1266,1226,40
S01011533,683,591,92
S01011534,766,682,84
S01011535,940,821,119
S01011536,674,653,21
S01011537,845,794,51
S01011538,733,699,34
S01011539,1096,994,102
S01011540,2031,1911,120
S01011541,1035,956,79
S01011542,1070,986,84
S01011543,920,843,77
S01011544,790,701,89
S01011545,851,775,76
S01011546,764,752,12
S01011547,475,461,14
S01011548,813,740,73
S01011549,915,859,56
S01011550,979,952,27
S01011551,876,812,64
S01011552,978,914,64
S01011553,1259,1208,51
S01011554,2044,1936,108
S01011555,766,699,67
S01011556,676,594,82
S01011557,1003,917,86
S01011558,874,809,65
S01011559,715,623,92
S01011560,1046,953,93
S01011561,834,751,83
S01011562,1038,961,77
S01011563,1118,996,122
S01011564,966,895,71
S01011565,1081,1001,80
S01011566,917,837,80
S01011567,859,765,94
S01011568,847,789,58
S01011569,848,775,73
S01011570,946,844,102
S01011571,887,786,101
S01011572,883,784,99
S01011573,1084,1014,70
S01011574,1100,1028,72
S01011575,866,813,53
S01011576,979,820,159
S01011577,628,563,65
S01011578,2245,2124,121
S01011579,924,881,43
S01011580,1378,1258,120
S01011581,930,817,113
S01011582,2390,2279,111
S01011583,970,842,128
S01011584,843,765,78
S01011585,1196,1084,112
S01011586,713,654,59
S01011587,738,689,49
S01011588,952,869,83
S01011589,1040,950,90
S01011590,2166,2043,123
S01011591,923,804,119
S01011592,1877,1761,116
S01011593,717,673,44
S01011594,622,563,59
S01011595,854,817,37
S01011596,1276,1207,69
S01011597,806,728,78
S01011598,984,870,114
S01011599,967,891,76
S01011600,737,658,79
S01011601,848,822,26
S01011602,709,657,52
S01011603,1000,884,116
S01011604,690,638,52
S01011605,844,764,80
S01011606,1001,977,24
S01011607,1266,1231,35
S01011608,1206,1126,80
S01011609,970,840,130
S01011610,949,835,114
S01011611,1197,1118,79
S01011612,296,288,8
S01011613,940,891,49
S01011614,570,531,39
S01011615,1356,1281,75
S01011616,511,464,47
S01011617,981,888,93
S01011618,794,728,66
S01011619,892,849,43
S01011620,972,952,20
S01011621,893,846,47
S01011622,160,150,10
S01011623,1888,1768,120
S01011624,937,884,53
S01011625,548,507,41
S01011626,1061,1029,32
S01011627,733,712,21
S01011628,1289,1238,51
S01011629,809,734,75
S01011630,744,686,58
S01011631,839,763,76
S01011632,986,916,70
S01011633,1092,1001,91
S01011634,754,683,71
S01011635,832,762,70
S01011636,867,793,74
S01011637,743,683,60
S01011638,737,660,77
S01011639,700,623,77
S01011640,1048,966,82
S01011641,946,898,48
S01011642,847,804,43
S01011643,896,823,73
S01011644,880,817,63
S01011645,622,572,50
S01011646,872,836,36
S01011647,1062,1034,28
S01011648,414,374,40
S01011649,881,845,36
S01011650,1626,1556,70
S01011651,926,861,65
S01011652,760,720,40
S01011653,1109,1025,84
S01011654,1064,956,108
S01011655,846,767,79
S01011656,730,658,72
S01011657,609,534,75
S01011658,895,820,75
S01011659,983,906,77
S01011660,1097,1045,52
S01011661,1180,1082,98
S01011662,1305,1270,35
S01011663,1103,1016,87
S01011664,1044,912,132
S01011665,1123,1001,122
S01011666,957,834,123
S01011667,1051,882,169
S01011668,1646,1436,210
S01011669,823,767,56
S01011670,799,746,53
S01011671,758,707,51
S01011672,806,738,68
S01011673,930,843,87
S01011674,1657,1527,130
S01011675,1448,1333,115
S01011676,778,702,76
S01011677,155,137,18
S01011678,464,396,68
S01011679,1416,1320,96
S01011680,1282,1164,118
S01011681,847,767,80
S01011682,1669,1579,90
S01011683,1279,1218,61
S01011684,803,759,44
S01011685,856,829,27
S01011686,931,890,41
S01011687,935,863,72
S01011688,1161,1105,56
S01011689,914,882,32
S01011690,1636,1558,78
S01011691,474,454,20
S01011692,1250,1140,110
S01011693,1698,1618,80
S01011694,659,634,25
S01011695,3465,3357,108
S01011696,776,758,18
S01011697,1083,1031,52
S01011698,643,599,44
S01011699,911,881,30
S01011700,869,802,67
S01011701,1222,1186,36
S01011702,972,915,57
S01011703,974,951,23
S01011704,1645,1617,28
S01011705,1785,1721,64
S01011706,1028,957,71
S01011707,713,676,37
S01011708,1094,995,99
S01011709,1109,1020,89
S01011710,763,724,39
S01011711,1121,998,123
S01011712,530,488,42
S01011713,1108,1021,87
S01011714,1302,1262,40
S01011715,1149,1060,89
S01011716,1002,963,39
S01011717,764,720,44
S01011718,978,943,35
S01011719,1981,1954,27
S01011720,617,584,33
S01011721,784,725,59
S01011722,1316,1204,112
S01011723,2146,2053,93
S01011724,733,707,26
S01011725,634,619,15
S01011726,552,537,15
S01011727,1489,1465,24
S01011728,929,880,49
S01011729,1157,1034,123
S01011730,844,791,53
S01011731,1102,1028,74
S01011732,899,851,48
S01011733,851,808,43
S01011734,891,832,59
S01011735,736,699,37
S01011736,1192,1126,66
S01011737,966,898,68
S01011738,1109,1033,76
S01011739,684,648,36
S01011740,729,667,62
S01011741,964,883,81
S01011742,864,810,54
S01011743,797,756,41
S01011744,849,782,67
S01011745,1033,920,113
S01011746,852,758,94
S01011747,1074,989,85
S01011748,1024,958,66
S01011749,896,839,57
S01011750,876,813,63
S01011751,1149,1062,87
S01011752,1074,1007,67
S01011753,777,734,43
S01011754,959,895,64
S01011755,939,867,72
S01011756,1113,1048,65
S01011757,933,854,79
S01011758,624,588,36
S01011759,897,812,85
S01011760,884,814,70
S01011761,817,762,55
S01011762,876,807,69
S01011763,773,695,78
S01011764,403,379,24
S01011765,1156,1115,41
S01011766,733,706,27
S01011767,1209,1134,75
S01011768,974,902,72
S01011769,789,703,86
S01011770,892,826,66
S01011771,667,647,20
S01011772,1102,1076,26
S01011773,596,588,8
S01011774,941,904,37
S01011775,904,894,10
S01011776,1298,1260,38
S01011777,645,624,21
S01011778,634,605,29
S01011779,793,763,30
S01011780,939,907,32
S01011781,922,885,37
S01011782,889,867,22
S01011783,575,555,20
S01011784,793,729,64
S01011785,1070,983,87
S01011786,198,197,1
S01011787,1133,1027,106
S01011788,1318,1281,37
S01011789,3188,3088,100
S01011790,1301,1223,78
S01011791,831,751,80
S01011792,888,792,96
S01011793,760,689,71
S01011794,982,895,87
S01011795,1051,995,56
S01011796,908,819,89
S01011797,1110,1079,31
S01011798,550,489,61
S01011799,973,928,45
S01011800,677,630,47
S01011801,685,638,47
S01011802,731,680,51
S01011803,930,882,48
S01011804,1006,967,39
S01011805,919,896,23
S01011806,1308,1272,36
S01011807,1091,1062,29
S01011808,948,927,21
S01011809,719,697,22
S01011810,1301,1261,40
S01011811,1146,1115,31
S01011812,1122,1080,42
S01011813,959,936,23
S01011814,721,707,14
S01011815,816,804,12
S01011816,707,696,11
S01011817,728,709,19
S01011818,1651,1621,30
S01011819,1218,1197,21
S01011820,1034,955,79
S01011821,680,647,33
S01011822,913,881,32
S01011823,608,594,14
S01011824,1001,980,21
S01011825,535,529,6
S01011826,744,727,17
S01011827,603,551,52
S01011828,909,875,34
S01011829,541,523,18
S01011830,844,813,31
S01011831,1079,1011,68
S01011832,838,783,55
S01011833,1016,971,45
S01011834,801,775,26
S01011835,685,671,14
S01011836,1104,1078,26
S01011837,963,927,36
S01011838,1250,1219,31
S01011839,1064,1042,22
S01011840,1255,1220,35
S01011841,1612,1537,75
S01011842,1320,1265,55
S01011843,1233,1194,39
S01011844,1070,1044,26
S01011845,857,830,27
S01011846,869,840,29
S01011847,429,418,11
S01011848,842,817,25
S01011849,813,791,22
S01011850,1123,1091,32
S01011851,898,871,27
S01011852,1012,977,35
S01011853,954,932,22
S01011854,1090,1056,34
S01011855,1273,1218,55
S01011856,695,677,18
S01011857,1489,1432,57
S01011858,1096,1042,54
S01011859,1069,1012,57
S01011860,894,860,34
S01011861,851,829,22
S01011862,1132,1096,36
S01011863,1148,1087,61
S01011864,787,761,26
S01011865,670,637,33
S01011866,1268,1222,46
S01011867,1297,1215,82
S01011868,1025,970,55
S01011869,1021,969,52
S01011870,864,812,52
S01011871,1179,1145,34
S01011872,1053,1029,24
S01011873,812,789,23
S01011874,839,806,33
S01011875,1078,1023,55
S01011876,1056,1013,43
S01011877,775,744,31
S01011878,1688,1634,54
S01011879,801,779,22
S01011880,1247,1208,39
S01011881,871,833,38
S01011882,941,897,44
S01011883,1984,1946,38
S01011884,778,761,17
S01011885,766,742,24
S01011886,1335,1307,28
S01011887,745,720,25
S01011888,1321,1234,87
S01011889,1052,1002,50
S01011890,918,882,36
S01011891,1260,1162,98
S01011892,1193,1164,29
S01011893,1082,1029,53
S01011894,1069,1036,33
S01011895,1172,1138,34
S01011896,964,939,25
S01011897,1131,1113,18
S01011898,1043,1031,12
S01011899,985,954,31
S01011900,735,726,9
S01011901,1119,1098,21
S01011902,1146,1118,28
S01011903,925,903,22
S01011904,956,909,47
S01011905,909,885,24
S01011906,329,316,13
S01011907,841,819,22
S01011908,566,551,15
S01011909,867,855,12
S01011910,1183,1123,60
S01011911,713,671,42
S01011912,833,794,39
S01011913,858,807,51
S01011914,991,957,34
S01011915,908,848,60
S01011916,943,887,56
S01011917,620,595,25
S01011918,895,851,44
S01011919,1144,1095,49
S01011920,684,648,36
S01011921,594,562,32
S01011922,882,837,45
S01011923,1088,986,102
S01011924,934,886,48
S01011925,921,897,24
S01011926,817,770,47
S01011927,613,569,44
S01011928,788,743,45
S01011929,692,650,42
S01011930,709,667,42
S01011931,679,623,56
S01011932,343,311,32
S01011933,1534,1457,77
S01011934,970,928,42
S01011935,1038,992,46
S01011936,766,713,53
S01011937,667,635,32
S01011938,472,433,39
S01011939,1010,936,74
S01011940,944,908,36
S01011941,1131,1067,64
S01011942,930,875,55
S01011943,1483,1364,119
S01011944,509,497,12
S01011945,1482,1434,48
S01011946,935,900,35
S01011947,602,576,26
S01011948,1159,1113,46
S01011949,966,933,33
S01011950,954,898,56
S01011951,833,805,28
S01011952,914,889,25
S01011953,925,900,25
S01011954,590,556,34
S01011955,1128,1066,62
S01011956,1108,1081,27
S01011957,1083,1047,36
S01011958,2026,1946,80
S01011959,893,855,38
S01011960,1192,1164,28
S01011961,1161,1132,29
S01011962,1069,1048,21
S01011963,818,791,27
S01011964,1086,1051,35
S01011965,984,953,31
S01011966,842,811,31
S01011967,1155,1109,46
S01011968,1395,1349,46
S01011969,1689,1608,81
S01011970,1835,1748,87
S01011971,667,648,19
S01011972,1743,1683,60
S01011973,656,623,33
S01011974,851,835,16
S01011975,452,434,18
S01011976,990,959,31
S01011977,1280,1226,54
S01011978,1204,1139,65
S01011979,1276,1209,67
S01011980,508,496,12
S01011981,1153,1119,34
S01011982,1501,1440,61
S01011983,1165,1136,29
S01011984,678,640,38
S01011985,718,696,22
S01011986,1019,959,60
S01011987,1150,1094,56
S01011988,731,678,53
S01011989,866,835,31
S01011990,750,726,24
S01011991,973,933,40
S01011992,1113,1064,49
S01011993,1010,942,68
S01011994,844,808,36
S01011995,1020,998,22
S01011996,730,694,36
S01011997,1170,1114,56
S01011998,946,920,26
S01011999,621,593,28
S01012000,562,549,13
S01012001,876,845,31
S01012002,767,722,45
S01012003,856,826,30
S01012004,1707,1638,69
S01012005,1507,1462,45
S01012006,1130,1106,24
S01012007,968,931,37
S01012008,1379,1335,44
S01012009,725,701,24
S01012010,1513,1422,91
S01012011,1458,1398,60
S01012012,647,616,31
S01012013,742,717,25
S01012014,1845,1785,60
S01012015,1376,1335,41
S01012016,852,830,22
S01012017,561,535,26
S01012018,876,853,23
S01012019,921,892,29
S01012020,970,900,70
S01012021,821,792,29
S01012022,1080,1021,59
S01012023,673,645,28
S01012024,1151,1108,43
S01012025,690,645,45
S01012026,932,904,28
S01012027,2264,2125,139
S01012028,1089,1054,35
S01012029,1499,1344,155
S01012030,1302,1253,49
S01012031,553,539,14
S01012032,353,340,13
S01012033,917,846,71
S01012034,978,932,46
S01012035,1153,1107,46
S01012036,1140,1084,56
S01012037,1247,1162,85
S01012038,1273,1161,112
S01012039,1165,1047,118
S01012040,696,657,39
S01012041,1253,1173,80
S01012042,1257,1137,120
S01012043,926,859,67
S01012044,998,881,117
S01012045,1229,1135,94
S01012046,834,747,87
S01012047,1081,955,126
S01012048,831,738,93
S01012049,732,686,46
S01012050,1172,1118,54
S01012051,497,469,28
S01012052,951,873,78
S01012053,964,892,72
S01012054,1252,1135,117
S01012055,947,853,94
S01012056,994,903,91
S01012057,773,750,23
S01012058,901,861,40
S01012059,986,914,72
S01012060,960,881,79
S01012061,1580,1533,47
S01012062,1011,968,43
S01012063,681,652,29
S01012064,892,808,84
S01012065,686,595,91
S01012066,852,774,78
S01012067,666,598,68
S01012068,788,707,81
S01012069,619,542,77
S01012070,1090,977,113
S01012071,1165,1044,121
S01012072,1188,1087,101
S01012073,786,758,28
S01012074,639,620,19
S01012075,1000,956,44
S01012076,936,865,71
S01012077,1177,1103,74
S01012078,977,950,27
S01012079,1253,1156,97
S01012080,1085,1031,54
S01012081,737,678,59
S01012082,1002,911,91
S01012083,1119,1010,109
S01012084,678,654,24
S01012085,777,737,40
S01012086,918,842,76
S01012087,815,752,63
S01012088,645,629,16
S01012089,842,815,27
S01012090,1102,1068,34
S01012091,772,741,31
S01012092,635,612,23
S01012093,535,516,19
S01012094,875,853,22
S01012095,1463,1340,123
S01012096,871,790,81
S01012097,695,642,53
S01012098,977,909,68
S01012099,1066,968,98
S01012100,1711,1611,100
S01012101,931,902,29
S01012102,899,854,45
S01012103,1054,1001,53
S01012104,924,905,19
S01012105,1606,1553,53
S01012106,1222,1187,35
S01012107,692,651,41
S01012108,1045,922,123
S01012109,1198,1100,98
S01012110,852,788,64
S01012111,1274,1155,119
S01012112,1035,943,92
S01012113,1292,1207,85
S01012114,1520,1480,40
S01012115,765,725,40
S01012116,680,646,34
S01012117,724,711,13
S01012118,1100,1068,32
S01012119,900,871,29
S01012120,583,548,35
S01012121,953,869,84
S01012122,866,792,74
S01012123,731,687,44
S01012124,636,589,47
S01012125,1009,908,101
S01012126,945,907,38
S01012127,1258,1191,67
S01012128,704,658,46
S01012129,915,840,75
S01012130,1222,1108,114
S01012131,1509,1402,107
S01012132,852,788,64
S01012133,1128,1060,68
S01012134,1375,1264,111
S01012135,1171,1034,137
S01012136,908,799,109
S01012137,848,751,97
S01012138,1037,965,72
S01012139,1163,1066,97
S01012140,883,854,29
S01012141,1267,1228,39
S01012142,952,916,36
S01012143,1302,1249,53
S01012144,1046,998,48
S01012145,1135,1087,48
S01012146,1138,1037,101
S01012147,1028,935,93
S01012148,756,686,70
S01012149,967,883,84
S01012150,778,708,70
S01012151,1013,911,102
S01012152,1039,931,108
S01012153,772,704,68
S01012154,759,676,83
S01012155,859,780,79
S01012156,1173,1065,108
S01012157,1088,1027,61
S01012158,1764,1706,58
S01012159,503,487,16
S01012160,960,925,35
S01012161,532,488,44
S01012162,1035,972,63
S01012163,868,814,54
S01012164,1242,1207,35
S01012165,921,853,68
S01012166,799,746,53
S01012167,681,621,60
S01012168,1025,962,63
S01012169,851,779,72
S01012170,1291,1184,107
S01012171,1180,1107,73
S01012172,943,873,70
S01012173,817,787,30
S01012174,1092,1037,55
S01012175,1031,994,37
S01012176,1365,1293,72
S01012177,833,802,31
S01012178,951,924,27
S01012179,765,718,47
S01012180,732,673,59
S01012181,1232,1127,105
S01012182,1424,1354,70
S01012183,2115,2015,100
S01012184,787,742,45
S01012185,783,724,59
S01012186,887,805,82
S01012187,884,814,70
S01012188,672,630,42
S01012189,802,758,44
S01012190,805,784,21
S01012191,1063,1025,38
S01012192,454,432,22
S01012193,769,751,18
S01012194,869,859,10
S01012195,895,850,45
S01012196,573,554,19
S01012197,1059,972,87
S01012198,1156,1054,102
S01012199,879,815,64
S01012200,647,603,44
S01012201,1113,1033,80
S01012202,585,556,29
S01012203,964,932,32
S01012204,789,771,18
S01012205,888,857,31
S01012206,965,929,36
S01012207,1231,1158,73
S01012208,1418,1324,94
S01012209,1066,994,72
S01012210,790,726,64
S01012211,1169,1114,55
S01012212,1141,1097,44
S01012213,1205,1106,99
S01012214,800,778,22
S01012215,986,974,12
S01012216,1319,1291,28
S01012217,560,507,53
S01012218,604,556,48
S01012219,931,837,94
S01012220,964,846,118
S01012221,709,644,65
S01012222,1233,1102,131
S01012223,808,733,75
S01012224,1037,972,65
S01012225,1301,1215,86
S01012226,833,780,53
S01012227,907,852,55
S01012228,802,747,55
S01012229,837,805,32
S01012230,1064,1044,20
S01012231,831,814,17
S01012232,1183,1159,24
S01012233,953,934,19
S01012234,1530,1490,40
S01012235,905,873,32
S01012236,864,834,30
S01012237,892,872,20
S01012238,604,561,43
S01012239,586,540,46
S01012240,842,781,61
S01012241,719,707,12
S01012242,891,870,21
S01012243,956,928,28
S01012244,1092,1081,11
S01012245,1361,1329,32
S01012246,1093,1072,21
S01012247,742,723,19
S01012248,942,923,19
S01012249,1001,971,30
S01012250,867,854,13
S01012251,1121,1060,61
S01012252,1188,1150,38
S01012253,958,901,57
S01012254,922,895,27
S01012255,924,890,34
S01012256,1453,1424,29
S01012257,1214,1192,22
S01012258,1793,1754,39
S01012259,837,815,22
S01012260,1541,1489,52
S01012261,1335,1309,26
S01012262,1961,1925,36
S01012263,782,754,28
S01012264,472,457,15
S01012265,1185,1121,64
S01012266,1280,1211,69
S01012267,1133,1112,21
S01012268,1558,1504,54
S01012269,1002,969,33
S01012270,898,860,38
S01012271,1536,1503,33
S01012272,903,884,19
S01012273,1025,1004,21
S01012274,1157,1123,34
S01012275,807,764,43
S01012276,1524,1449,75
S01012277,1367,1316,51
S01012278,1253,1159,94
S01012279,1245,1165,80
S01012280,1113,1073,40
S01012281,948,902,46
S01012282,1241,1201,40
S01012283,1047,1001,46
S01012284,779,739,40
S01012285,607,579,28
S01012286,1257,1204,53
S01012287,1395,1316,79
S01012288,1149,1089,60
S01012289,1219,1187,32
S01012290,671,640,31
S01012291,865,830,35
S01012292,1359,1310,49
S01012293,1098,1058,40
S01012294,1062,1016,46
S01012295,754,727,27
S01012296,1210,1183,27
S01012297,1169,1142,27
S01012298,1440,1393,47
S01012299,621,601,20
S01012300,1251,1177,74
S01012301,1022,979,43
S01012302,767,737,30
S01012303,979,963,16
S01012304,1213,1169,44
S01012305,906,868,38
S01012306,898,875,23
S01012307,897,849,48
S01012308,1009,984,25
S01012309,941,891,50
S01012310,1619,1556,63
S01012311,889,828,61
S01012312,1008,950,58
S01012313,860,822,38
S01012314,945,891,54
S01012315,844,785,59
S01012316,693,640,53
S01012317,499,466,33
S01012318,792,741,51
S01012319,1119,1088,31
S01012320,848,803,45
S01012321,1236,1179,57
S01012322,1181,1124,57
S01012323,1391,1330,61
S01012324,1058,1011,47
S01012325,904,863,41
S01012326,930,867,63
S01012327,962,918,44
S01012328,810,773,37
S01012329,993,953,40
S01012330,690,668,22
S01012331,1171,1130,41
S01012332,1275,1248,27
S01012333,1413,1372,41
S01012334,949,902,47
S01012335,1896,1855,41
S01012336,864,832,32
S01012337,1014,958,56
S01012338,865,816,49
S01012339,1000,944,56
S01012340,1133,1101,32
S01012341,949,924,25
S01012342,999,960,39
S01012343,1077,1041,36
S01012344,1137,1091,46
S01012345,785,763,22
S01012346,1348,1308,40
S01012347,688,655,33
S01012348,1196,1167,29
S01012349,1143,1098,45
S01012350,1194,1135,59
S01012351,1015,965,50
S01012352,1217,1172,45
S01012353,826,782,44
S01012354,1057,1004,53
S01012355,1147,1111,36
S01012356,1137,1107,30
S01012357,1000,964,36
S01012358,851,801,50
S01012359,917,838,79
S01012360,808,765,43
S01012361,885,828,57
S01012362,1240,1167,73
S01012363,1211,1131,80
S01012364,830,796,34
S01012365,1176,1149,27
S01012366,1035,981,54
S01012367,1075,1020,55
S01012368,873,841,32
S01012369,1124,1058,66
S01012370,1413,1347,66
S01012371,1153,1057,96
S01012372,1119,1036,83
S01012373,1296,1232,64
S01012374,920,892,28
S01012375,1290,1223,67
S01012376,963,930,33
S01012377,705,675,30
S01012378,682,664,18
S01012379,600,583,17
S01012380,1406,1351,55
S01012381,1093,1031,62
S01012382,1101,1077,24
S01012383,1100,1064,36
S01012384,573,550,23
S01012385,760,743,17
S01012386,1188,1121,67
S01012387,936,911,25
S01012388,704,678,26
S01012389,983,962,21
S01012390,769,746,23
S01012391,1541,1504,37
S01012392,864,846,18
S01012393,1326,1292,34
S01012394,995,959,36
S01012395,848,821,27
S01012396,879,833,46
S01012397,845,797,48
S01012398,1058,1020,38
S01012399,873,836,37
S01012400,925,893,32
S01012401,917,873,44
S01012402,460,451,9
S01012403,1025,995,30
S01012404,1343,1287,56
S01012405,726,713,13
S01012406,732,705,27
S01012407,1102,1067,35
S01012408,850,828,22
S01012409,1131,1092,39
S01012410,1339,1301,38
S01012411,1377,1330,47
S01012412,646,612,34
S01012413,1027,979,48
S01012414,693,667,26
S01012415,810,793,17
S01012416,559,549,10
S01012417,636,583,53
S01012418,788,735,53
S01012419,1104,1048,56
S01012420,1094,1025,69
S01012421,1022,952,70
S01012422,1269,1184,85
S01012423,1031,985,46
S01012424,950,880,70
S01012425,626,550,76
S01012426,625,581,44
S01012427,811,749,62
S01012428,865,819,46
S01012429,558,510,48
S01012430,1038,970,68
S01012431,1099,1023,76
S01012432,802,740,62
S01012433,790,717,73
S01012434,841,796,45
S01012435,891,806,85
S01012436,900,839,61
S01012437,811,775,36
S01012438,1078,1035,43
S01012439,953,885,68
S01012440,943,912,31
S01012441,971,924,47
S01012442,1000,961,39
S01012443,746,719,27
S01012444,1508,1451,57
S01012445,100,98,2
S01012446,687,646,41
S01012447,998,957,41
S01012448,927,899,28
S01012449,709,670,39
S01012450,981,938,43
S01012451,916,882,34
S01012452,743,719,24
S01012453,1053,1024,29
S01012454,1084,1035,49
S01012455,612,601,11
S01012456,984,948,36
S01012457,1318,1274,44
S01012458,895,879,16
S01012459,885,865,20
S01012460,830,801,29
S01012461,607,578,29
S01012462,858,791,67
S01012463,857,789,68
S01012464,625,576,49
S01012465,872,805,67
S01012466,1060,1016,44
S01012467,1269,1208,61
S01012468,866,814,52
S01012469,1089,1037,52
S01012470,962,885,77
S01012471,835,813,22
S01012472,823,785,38
S01012473,691,656,35
S01012474,812,755,57
S01012475,724,691,33
S01012476,1119,1053,66
S01012477,798,774,24
S01012478,840,802,38
S01012479,1019,1000,19
S01012480,756,690,66
S01012481,803,760,43
S01012482,889,843,46
S01012483,881,798,83
S01012484,1188,1146,42
S01012485,1423,1349,74
S01012486,874,819,55
S01012487,612,565,47
S01012488,903,823,80
S01012489,1234,1125,109
S01012490,1192,1052,140
S01012491,721,651,70
S01012492,953,828,125
S01012493,776,668,108
S01012494,1471,1383,88
S01012495,1121,1028,93
S01012496,765,699,66
S01012497,604,528,76
S01012498,943,858,85
S01012499,1329,1251,78
S01012500,558,516,42
S01012501,1006,918,88
S01012502,1043,962,81
S01012503,637,572,65
S01012504,713,657,56
S01012505,1090,980,110
S01012506,493,466,27
S01012507,946,874,72
S01012508,825,767,58
S01012509,541,514,27
S01012510,1070,1018,52
S01012511,787,746,41
S01012512,899,845,54
S01012513,550,539,11
S01012514,810,798,12
S01012515,820,737,83
S01012516,668,633,35
S01012517,1030,973,57
S01012518,871,830,41
S01012519,759,716,43
S01012520,826,794,32
S01012521,766,733,33
S01012522,946,913,33
S01012523,1076,1044,32
S01012524,980,931,49
S01012525,951,918,33
S01012526,949,907,42
S01012527,625,600,25
S01012528,823,774,49
S01012529,858,811,47
S01012530,1097,1054,43
S01012531,1106,1059,47
S01012532,1164,1107,57
S01012533,864,821,43
S01012534,952,868,84
S01012535,892,826,66
S01012536,817,760,57
S01012537,1096,997,99
S01012538,1264,1171,93
S01012539,801,752,49
S01012540,1023,948,75
S01012541,1192,1133,59
S01012542,1283,1229,54
S01012543,686,668,18
S01012544,980,917,63
S01012545,615,576,39
S01012546,941,877,64
S01012547,746,706,40
S01012548,1058,1023,35
S01012549,806,754,52
S01012550,1007,948,59
S01012551,1145,1103,42
S01012552,964,927,37
S01012553,827,795,32
S01012554,886,872,14
S01012555,541,536,5
S01012556,545,528,17
S01012557,812,780,32
S01012558,746,706,40
S01012559,1058,971,87
S01012560,1101,1029,72
S01012561,1154,1077,77
S01012562,1140,1052,88
S01012563,758,733,25
S01012564,886,857,29
S01012565,1007,963,44
S01012566,769,714,55
S01012567,1124,1039,85
S01012568,1044,1011,33
S01012569,876,850,26
S01012570,734,697,37
S01012571,809,767,42
S01012572,572,543,29
S01012573,838,805,33
S01012574,1295,1245,50
S01012575,793,766,27
S01012576,1218,1169,49
S01012577,994,968,26
S01012578,1497,1430,67
S01012579,824,794,30
S01012580,753,731,22
S01012581,1240,1164,76
S01012582,1022,982,40
S01012583,689,649,40
S01012584,739,694,45
S01012585,1552,1464,88
S01012586,941,891,50
S01012587,1028,992,36
S01012588,739,701,38
S01012589,805,746,59
S01012590,1076,991,85
S01012591,1198,1112,86
S01012592,696,676,20
S01012593,1198,1157,41
S01012594,664,622,42
S01012595,798,740,58
S01012596,788,732,56
S01012597,386,361,25
S01012598,746,710,36
S01012599,718,668,50
S01012600,692,673,19
S01012601,889,861,28
S01012602,701,612,89
S01012603,650,586,64
S01012604,849,790,59
S01012605,915,875,40
S01012606,352,348,4
S01012607,737,701,36
S01012608,1026,962,64
S01012609,968,893,75
S01012610,1255,1131,124
S01012611,885,822,63
S01012612,1189,1093,96
S01012613,1231,1116,115
S01012614,1121,1020,101
S01012615,1053,997,56
S01012616,1038,970,68
S01012617,839,805,34
S01012618,696,653,43
S01012619,723,663,60
S01012620,958,923,35
S01012621,909,882,27
S01012622,844,800,44
S01012623,865,800,65
S01012624,777,737,40
S01012625,698,639,59
S01012626,850,822,28
S01012627,635,604,31
S01012628,1599,1566,33
S01012629,333,323,10
S01012630,823,765,58
S01012631,1101,1029,72
S01012632,726,693,33
S01012633,989,932,57
S01012634,1305,1224,81
S01012635,2056,1992,64
S01012636,1543,1496,47
S01012637,1083,1003,80
S01012638,1032,950,82
S01012639,1572,1413,159
S01012640,1375,1285,90
S01012641,1105,986,119
S01012642,1668,1543,125
S01012643,573,527,46
S01012644,772,726,46
S01012645,1315,1232,83
S01012646,1260,1202,58
S01012647,1144,1116,28
S01012648,678,636,42
S01012649,887,829,58
S01012650,794,736,58
S01012651,822,767,55
S01012652,1045,1006,39
S01012653,987,922,65
S01012654,922,871,51
S01012655,1381,1258,123
S01012656,970,873,97
S01012657,991,939,52
S01012658,938,888,50
S01012659,785,760,25
S01012660,728,661,67
S01012661,921,846,75
S01012662,921,839,82
S01012663,935,876,59
S01012664,1045,985,60
S01012665,811,722,89
S01012666,741,660,81
S01012667,686,614,72
S01012668,1116,1022,94
S01012669,1002,955,47
S01012670,696,658,38
S01012671,1482,1351,131
S01012672,839,724,115
S01012673,927,854,73
S01012674,731,647,84
S01012675,1046,942,104
S01012676,1042,990,52
S01012677,583,521,62
S01012678,727,683,44
S01012679,791,719,72
S01012680,557,524,33
S01012681,831,788,43
S01012682,864,776,88
S01012683,908,847,61
S01012684,458,409,49
S01012685,1195,1079,116
S01012686,1243,1195,48
S01012687,1350,1307,43
S01012688,891,839,52
S01012689,593,567,26
S01012690,532,512,20
S01012691,1055,1027,28
S01012692,1031,973,58
S01012693,905,887,18
S01012694,639,605,34
S01012695,830,779,51
S01012696,861,848,13
S01012697,509,488,21
S01012698,969,935,34
S01012699,1045,997,48
S01012700,900,864,36
S01012701,1127,1094,33
S01012702,684,659,25
S01012703,723,689,34
S01012704,772,714,58
S01012705,780,768,12
S01012706,993,905,88
S01012707,898,882,16
S01012708,915,802,113
S01012709,613,541,72
S01012710,943,844,99
S01012711,1145,1001,144
S01012712,912,883,29
S01012713,1087,1033,54
S01012714,657,637,20
S01012715,971,894,77
S01012716,1090,1048,42
S01012717,1138,1060,78
S01012718,989,914,75
S01012719,1135,1050,85
S01012720,863,799,64
S01012721,660,605,55
S01012722,1107,972,135
S01012723,827,737,90
S01012724,728,669,59
S01012725,1071,997,74
S01012726,971,902,69
S01012727,936,841,95
S01012728,1067,970,97
S01012729,948,882,66
S01012730,556,514,42
S01012731,797,746,51
S01012732,765,711,54
S01012733,3564,3497,67
S01012734,91,83,8
S01012735,551,497,54
S01012736,1279,1196,83
S01012737,1274,1196,78
S01012738,612,547,65
S01012739,105,103,2
S01012740,90,84,6
S01012741,555,544,11
S01012742,880,844,36
S01012743,966,924,42
S01012744,675,645,30
S01012745,920,868,52
S01012746,1129,1074,55
S01012747,1147,1085,62
S01012748,829,721,108
S01012749,876,807,69
S01012750,788,718,70
S01012751,1273,1169,104
S01012752,832,768,64
S01012753,496,441,55
S01012754,908,805,103
S01012755,643,557,86
S01012756,1795,1682,113
S01012757,461,402,59
S01012758,695,627,68
S01012759,801,714,87
S01012760,1008,886,122
S01012761,994,906,88
S01012762,788,738,50
S01012763,612,555,57
S01012764,991,915,76
S01012765,597,533,64
S01012766,699,612,87
S01012767,791,751,40
S01012768,831,791,40
S01012769,1072,1033,39
S01012770,839,761,78
S01012771,819,748,71
S01012772,1177,1048,129
S01012773,1174,1066,108
S01012774,859,784,75
S01012775,641,584,57
S01012776,794,705,89
S01012777,1167,1117,50
S01012778,1199,1107,92
S01012779,1036,972,64
S01012780,918,844,74
S01012781,655,613,42
S01012782,828,722,106
S01012783,931,827,104
S01012784,1053,969,84
S01012785,733,662,71
S01012786,1145,1019,126
S01012787,560,514,46
S01012788,1005,922,83
S01012789,1021,945,76
S01012790,911,874,37
S01012791,810,774,36
S01012792,1082,964,118
S01012793,1043,924,119
S01012794,396,373,23
S01012795,1255,1115,140
S01012796,925,863,62
S01012797,758,707,51
S01012798,1060,1005,55
S01012799,1182,1130,52
S01012800,1078,1044,34
S01012801,504,479,25
S01012802,756,743,13
S01012803,840,818,22
S01012804,857,796,61
S01012805,1069,1008,61
S01012806,937,900,37
S01012807,1497,1456,41
S01012808,1059,999,60
S01012809,861,812,49
S01012810,898,797,101
S01012811,862,806,56
S01012812,961,907,54
S01012813,1001,980,21
S01012814,922,887,35
S01012815,1343,1308,35
S01012816,806,761,45
S01012817,476,460,16
S01012818,1016,982,34
S01012819,1098,966,132
S01012820,2669,2601,68
S01012821,1794,1742,52
S01012822,846,746,100
S01012823,774,757,17
S01012824,1337,1269,68
S01012825,1548,1429,119
S01012826,1661,1557,104
S01012827,1524,1449,75
S01012828,2277,2218,59
S01012829,865,769,96
S01012830,690,609,81
S01012831,739,618,121
S01012832,544,510,34
S01012833,1006,913,93
S01012834,782,716,66
S01012835,980,894,86
S01012836,595,575,20
S01012837,998,897,101
S01012838,858,752,106
S01012839,666,634,32
S01012840,993,970,23
S01012841,721,687,34
S01012842,995,943,52
S01012843,1101,1068,33
S01012844,918,889,29
S01012845,907,845,62
S01012846,1051,924,127
S01012847,756,705,51
S01012848,980,949,31
S01012849,1136,1053,83
S01012850,918,795,123
S01012851,998,917,81
S01012852,1061,1026,35
S01012853,924,849,75
S01012854,1195,1151,44
S01012855,1112,1041,71
S01012856,912,784,128
S01012857,1372,1209,163
S01012858,875,770,105
S01012859,1143,1039,104
S01012860,1067,900,167
S01012861,687,654,33
S01012862,844,753,91
S01012863,748,665,83
S01012864,775,698,77
S01012865,1170,1050,120
S01012866,910,817,93
S01012867,829,693,136
S01012868,778,682,96
S01012869,546,494,52
S01012870,915,850,65
S01012871,912,860,52
S01012872,885,847,38
S01012873,936,882,54
S01012874,890,818,72
S01012875,645,607,38
S01012876,933,817,116
S01012877,726,641,85
S01012878,927,897,30
S01012879,1057,1008,49
S01012880,1039,1000,39
S01012881,1402,1330,72
S01012882,1198,1123,75
S01012883,968,838,130
S01012884,617,554,63
S01012885,792,713,79
S01012886,925,894,31
S01012887,734,707,27
S01012888,966,917,49
S01012889,1197,1120,77
S01012890,809,728,81
S01012891,742,671,71
S01012892,1194,1054,140
S01012893,1007,907,100
S01012894,921,868,53
S01012895,673,643,30
S01012896,1009,919,90
S01012897,1690,1645,45
S01012898,1041,1013,28
S01012899,701,629,72
S01012900,1383,1321,62
S01012901,2017,1942,75
S01012902,992,940,52
S01012903,949,889,60
S01012904,989,945,44
S01012905,906,846,60
S01012906,1072,1016,56
S01012907,1060,988,72
S01012908,1139,1042,97
S01012909,906,824,82
S01012910,1303,1207,96
S01012911,799,757,42
S01012912,1338,1244,94
S01012913,985,917,68
S01012914,1110,1045,65
S01012915,1060,1014,46
S01012916,936,882,54
S01012917,717,695,22
S01012918,859,810,49
S01012919,455,422,33
S01012920,571,549,22
S01012921,705,663,42
S01012922,1012,960,52
S01012923,1112,1075,37
S01012924,567,541,26
S01012925,604,589,15
S01012926,697,669,28
S01012927,772,723,49
S01012928,1035,991,44
S01012929,918,876,42
S01012930,978,902,76
S01012931,1145,1076,69
S01012932,625,601,24
S01012933,864,797,67
S01012934,823,764,59
S01012935,1487,1412,75
S01012936,913,859,54
S01012937,846,798,48
S01012938,843,812,31
S01012939,829,818,11
S01012940,817,805,12
S01012941,789,772,17
S01012942,902,845,57
S01012943,872,846,26
S01012944,725,700,25
S01012945,749,731,18
S01012946,861,841,20
S01012947,578,566,12
S01012948,1064,1034,30
S01012949,1390,1361,29
S01012950,1806,1744,62
S01012951,1068,1055,13
S01012952,1554,1528,26
S01012953,685,664,21
S01012954,485,467,18
S01012955,1293,1223,70
S01012956,994,926,68
S01012957,791,740,51
S01012958,502,481,21
S01012959,572,559,13
S01012960,733,701,32
S01012961,973,942,31
S01012962,922,904,18
S01012963,1174,1161,13
S01012964,1517,1461,56
S01012965,878,812,66
S01012966,1016,940,76
S01012967,889,836,53
S01012968,829,788,41
S01012969,958,894,64
S01012970,839,786,53
S01012971,1041,991,50
S01012972,932,864,68
S01012973,1007,932,75
S01012974,1217,1114,103
S01012975,846,748,98
S01012976,675,644,31
S01012977,875,832,43
S01012978,952,886,66
S01012979,876,830,46
S01012980,806,769,37
S01012981,874,822,52
S01012982,820,783,37
S01012983,745,715,30
S01012984,784,736,48
S01012985,869,831,38
S01012986,995,914,81
S01012987,1053,978,75
S01012988,1115,1055,60
S01012989,1183,1099,84
S01012990,1155,1072,83
S01012991,1123,1044,79
S01012992,1063,992,71
S01012993,1003,930,73
S01012994,949,886,63
S01012995,795,740,55
S01012996,885,839,46
S01012997,605,572,33
S01012998,1239,1189,50
S01012999,777,734,43
S01013000,1104,1031,73
S01013001,382,371,11
S01013002,717,702,15
S01013003,736,717,19
S01013004,985,963,22
S01013005,743,724,19
S01013006,912,895,17
S01013007,1262,1216,46
S01013008,1218,1190,28
S01013009,820,793,27
S01013010,653,631,22
S01013011,945,923,22
S01013012,1192,1151,41
S01013013,1036,1009,27
S01013014,789,752,37
S01013015,761,747,14
S01013016,996,966,30
S01013017,1120,1077,43
S01013018,1167,1147,20
S01013019,1536,1505,31
S01013020,1031,991,40
S01013021,1233,1187,46
S01013022,407,391,16
S01013023,950,931,19
S01013024,628,606,22
S01013025,1329,1268,61
S01013026,945,877,68
S01013027,1642,1505,137
S01013028,942,909,33
S01013029,692,620,72
S01013030,1221,1156,65
S01013031,635,587,48
S01013032,635,615,20
S01013033,774,734,40
S01013034,808,732,76
S01013035,814,736,78
S01013036,923,851,72
S01013037,1180,1116,64
S01013038,1252,1182,70
S01013039,527,517,10
S01013040,628,581,47
S01013041,587,554,33
S01013042,898,848,50
S01013043,815,753,62
S01013044,1139,1053,86
S01013045,713,674,39
S01013046,656,606,50
S01013047,931,914,17
S01013048,1170,1135,35
S01013049,1037,971,66
S01013050,872,796,76
S01013051,931,851,80
S01013052,738,685,53
S01013053,1043,941,102
S01013054,967,902,65
S01013055,754,705,49
S01013056,1279,1176,103
S01013057,996,929,67
S01013058,564,546,18
S01013059,1156,1103,53
S01013060,617,594,23
S01013061,1081,1050,31
S01013062,1119,1092,27
S01013063,894,868,26
S01013064,1189,1095,94
S01013065,1167,1088,79
S01013066,822,784,38
S01013067,1393,1360,33
S01013068,1541,1481,60
S01013069,966,931,35
S01013070,948,915,33
S01013071,1027,1001,26
S01013072,876,805,71
S01013073,1156,1077,79
S01013074,1531,1373,158
S01013075,868,742,126
S01013076,931,910,21
S01013077,717,656,61
S01013078,800,750,50
S01013079,1524,1460,64
S01013080,1136,1094,42
S01013081,708,685,23
S01013082,1311,1262,49
S01013083,2754,2722,32
S01013084,1004,968,36
S01013085,1065,1009,56
S01013086,1032,1008,24
S01013087,2821,2800,21
S01013088,927,908,19
S01013089,837,796,41
S01013090,1346,1313,33
S01013091,875,852,23
S01013092,1335,1284,51
S01013093,472,461,11
S01013094,748,735,13
S01013095,1901,1878,23
S01013096,833,806,27
S01013097,2006,1982,24
S01013098,59,55,4
S01013099,908,856,52
S01013100,968,948,20
S01013101,1672,1584,88
S01013102,706,681,25
S01013103,863,845,18
S01013104,1087,1066,21
S01013105,901,876,25
S01013106,1063,1027,36
S01013107,856,837,19
S01013108,668,638,30
S01013109,1588,1547,41
S01013110,598,575,23
S01013111,750,718,32
S01013112,891,863,28
S01013113,1031,968,63
S01013114,1414,1344,70
S01013115,947,892,55
S01013116,963,924,39
S01013117,1037,989,48
S01013118,1043,1004,39
S01013119,785,755,30
S01013120,1151,1101,50
S01013121,454,436,18
S01013122,862,777,85
S01013123,932,857,75
S01013124,1123,1012,111
S01013125,895,796,99
S01013126,978,876,102
S01013127,1128,1011,117
S01013128,1003,905,98
S01013129,1356,1203,153
S01013130,1043,897,146
S01013131,917,856,61
S01013132,705,638,67
S01013133,980,767,213
S01013134,840,793,47
S01013135,1025,923,102
S01013136,1157,1053,104
S01013137,990,896,94
S01013138,903,817,86
S01013139,1115,994,121
S01013140,1083,971,112
S01013141,647,587,60
S01013142,1054,920,134
S01013143,1023,943,80
S01013144,894,816,78
S01013145,919,816,103
S01013146,558,508,50
S01013147,799,737,62
S01013148,1044,963,81
S01013149,824,773,51
S01013150,846,771,75
S01013151,569,545,24
S01013152,1407,1296,111
S01013153,987,906,81
S01013154,1358,1254,104
S01013155,908,857,51
S01013156,1079,979,100
S01013157,1243,1151,92
S01013158,856,812,44
S01013159,844,820,24
S01013160,1006,962,44
S01013161,1021,957,64
S01013162,1141,1052,89
S01013163,834,805,29
S01013164,1203,1091,112
S01013165,1298,1192,106
S01013166,779,689,90
S01013167,1192,1070,122
S01013168,1067,956,111
S01013169,776,674,102
S01013170,1251,1141,110
S01013171,787,751,36
S01013172,853,793,60
S01013173,799,751,48
S01013174,1142,1107,35
S01013175,837,804,33
S01013176,1014,934,80
S01013177,1115,1039,76
S01013178,719,672,47
S01013179,1406,1335,71
S01013180,434,419,15
S01013181,967,906,61
S01013182,844,773,71
S01013183,1016,968,48
S01013184,572,532,40
S01013185,1047,983,64
S01013186,734,697,37
S01013187,957,879,78
S01013188,1010,970,40
S01013189,821,780,41
S01013190,897,833,64
S01013191,1055,1029,26
S01013192,1076,970,106
S01013193,649,610,39
S01013194,1201,1149,52
S01013195,991,889,102
S01013196,680,644,36
S01013197,577,537,40
S01013198,886,794,92
S01013199,907,818,89
S01013200,978,877,101
S01013201,826,715,111
S01013202,574,523,51
S01013203,1014,944,70
S01013204,1040,1001,39
S01013205,766,698,68
S01013206,904,822,82
S01013207,1170,1085,85
S01013208,753,671,82
S01013209,1018,919,99
S01013210,784,746,38
S01013211,958,860,98
S01013212,852,830,22
S01013213,939,919,20
S01013214,438,426,12
S01013215,762,720,42
S01013216,822,775,47
S01013217,803,755,48
S01013218,754,708,46
S01013219,661,607,54
S01013220,892,817,75
S01013221,937,860,77
S01013222,690,616,74
S01013223,1389,1238,151
S01013224,1110,1014,96
S01013225,1223,1158,65
S01013226,799,772,27
S01013227,586,520,66
S01013228,819,745,74
S01013229,1008,917,91
S01013230,898,791,107
S01013231,1296,1184,112
S01013232,779,692,87
S01013233,579,533,46
S01013234,644,618,26
S01013235,1064,969,95
S01013236,989,953,36
S01013237,1028,974,54
S01013238,1063,945,118
S01013239,941,857,84
S01013240,758,708,50
S01013241,821,796,25
S01013242,661,631,30
S01013243,815,766,49
S01013244,1219,1106,113
S01013245,1009,956,53
S01013246,467,440,27
S01013247,962,864,98
S01013248,710,643,67
S01013249,1130,1048,82
S01013250,1417,1370,47
S01013251,993,930,63
S01013252,1208,1129,79
S01013253,856,815,41
S01013254,866,802,64
S01013255,1630,1501,129
S01013256,1020,959,61
S01013257,1034,966,68
S01013258,985,941,44
S01013259,1313,1241,72
S01013260,880,810,70
S01013261,1187,1105,82
S01013262,827,764,63
S01013263,1125,1109,16
S01013264,290,281,9
S01013265,979,963,16
S01013266,416,408,8
S01013267,917,858,59
S01013268,1222,1154,68
S01013269,1132,1105,27
S01013270,829,814,15
S01013271,1221,1196,25
S01013272,1198,1177,21
S01013273,942,926,16
S01013274,938,903,35
S01013275,1125,1073,52
S01013276,979,938,41
S01013277,889,820,69
S01013278,1145,1042,103
S01013279,875,813,62
S01013280,817,773,44
S01013281,963,907,56
S01013282,827,782,45
S01013283,1116,1074,42
S01013284,651,639,12
S01013285,764,738,26
S01013286,764,734,30
S01013287,783,773,10
S01013288,714,686,28
S01013289,1031,1006,25
S01013290,1172,1131,41
S01013291,1217,1189,28
S01013292,849,828,21
S01013293,855,837,18
S01013294,866,844,22
S01013295,887,875,12
S01013296,871,809,62
S01013297,1163,1102,61
S01013298,779,740,39
S01013299,1308,1242,66
S01013300,1212,1146,66
S01013301,681,637,44
S01013302,1472,1424,48
S01013303,1548,1456,92
S01013304,1017,941,76
S01013305,952,883,69
S01013306,1023,928,95
S01013307,1200,1124,76
S01013308,1380,1295,85
S01013309,898,861,37
S01013310,649,616,33
S01013311,1184,1122,62
S01013312,1593,1471,122
S01013313,692,658,34
S01013314,834,777,57
S01013315,267,261,6
S01013316,692,661,31
S01013317,665,639,26
S01013318,709,694,15
S01013319,870,838,32
S01013320,744,732,12
S01013321,500,455,45
S01013322,801,745,56
S01013323,947,872,75
S01013324,1019,951,68
S01013325,1309,1207,102
S01013326,969,903,66
S01013327,868,817,51
S01013328,740,694,46
S01013329,538,492,46
S01013330,1002,962,40
S01013331,647,636,11
S01013332,825,769,56
S01013333,1128,1072,56
S01013334,787,739,48
S01013335,1018,971,47
S01013336,1041,967,74
S01013337,2887,2777,110
S01013338,407,381,26
S01013339,863,827,36
S01013340,1315,1271,44
S01013341,898,868,30
S01013342,832,761,71
S01013343,757,720,37
S01013344,1390,1318,72
S01013345,855,813,42
S01013346,914,901,13
S01013347,691,676,15
S01013348,1530,1494,36
S01013349,1047,1016,31
S01013350,1447,1395,52
S01013351,784,751,33
S01013352,1013,957,56
S01013353,1113,1053,60
S01013354,885,834,51
S01013355,932,887,45
S01013356,972,888,84
S01013357,1103,1049,54
S01013358,977,906,71
S01013359,621,564,57
S01013360,687,615,72
S01013361,1403,1291,112
S01013362,583,525,58
S01013363,1134,1048,86
S01013364,788,739,49
S01013365,1236,1180,56
S01013366,635,618,17
S01013367,741,719,22
S01013368,891,835,56
S01013369,911,847,64
S01013370,902,819,83
S01013371,856,789,67
S01013372,1148,1043,105
S01013373,1386,1280,106
S01013374,1080,984,96
S01013375,676,634,42
S01013376,661,605,56
S01013377,772,716,56
S01013378,1058,1003,55
S01013379,1195,1128,67
S01013380,1400,1341,59
S01013381,750,700,50
S01013382,1031,953,78
S01013383,811,720,91
S01013384,1151,1069,82
S01013385,694,655,39
S01013386,800,770,30
S01013387,740,684,56
S01013388,759,690,69
S01013389,980,931,49
S01013390,548,506,42
S01013391,1039,985,54
S01013392,1077,1045,32
S01013393,1904,1806,98
S01013394,742,685,57
S01013395,1518,1429,89
S01013396,1197,1159,38
S01013397,945,879,66
S01013398,234,225,9
S01013399,1171,1111,60
S01013400,637,604,33
S01013401,3730,3679,51
S01013402,194,190,4
S01013403,96,93,3
S01013404,4319,4257,62
S01013405,663,634,29
S01013406,708,659,49
S01013407,1820,1736,84
S01013408,837,782,55
S01013409,1301,1260,41
S01013410,596,556,40
S01013411,940,898,42
S01013412,797,757,40
S01013413,1030,986,44
S01013414,955,870,85
S01013415,852,775,77
S01013416,576,521,55
S01013417,821,753,68
S01013418,519,499,20
S01013419,562,553,9
S01013420,1257,1211,46
S01013421,932,916,16
S01013422,968,920,48
S01013423,888,847,41
S01013424,808,785,23
S01013425,429,413,16
S01013426,895,842,53
S01013427,746,728,18
S01013428,1613,1534,79
S01013429,1525,1430,95
S01013430,1786,1708,78
S01013431,1013,953,60
S01013432,821,762,59
S01013433,746,716,30
S01013434,534,526,8
S01013435,786,779,7
S01013436,1005,966,39
S01013437,792,753,39
S01013438,709,671,38
S01013439,899,881,18
S01013440,1293,1258,35
S01013441,892,852,40
S01013442,907,878,29
S01013443,635,616,19
S01013444,1209,1156,53
S01013445,717,662,55
S01013446,713,677,36
S01013447,645,640,5
S01013448,1091,1051,40
S01013449,782,766,16
S01013450,822,811,11
S01013451,871,855,16
S01013452,629,609,20
S01013453,1018,970,48
S01013454,753,740,13
S01013455,560,538,22
S01013456,1044,987,57
S01013457,1021,956,65
S01013458,832,803,29
S01013459,1026,955,71
S01013460,1021,962,59
S01013461,1198,1151,47
S01013462,947,908,39
S01013463,997,952,45
S01013464,816,767,49
S01013465,785,753,32
S01013466,459,446,13
S01013467,950,916,34
S01013468,683,651,32
S01013469,1012,959,53
S01013470,964,903,61
S01013471,935,878,57
S01013472,1221,1179,42
S01013473,525,512,13
S01013474,756,741,15
S01013475,1650,1597,53
S01013476,626,595,31
S01013477,993,938,55
S01013478,951,917,34
S01013479,1034,975,59
S01013480,671,624,47
S01013481,1309,1261,48
