"dz_2011","total","llti","no_llti"
"S01006506",765,111,654
"S01006507",898,130,768
"S01006508",663,70,593
"S01006509",584,112,472
"S01006510",626,144,482
"S01006511",735,156,579
"S01006512",512,61,451
"S01006513",391,41,350
"S01006514",918,153,765
"S01006515",805,56,749
"S01006516",704,110,594
"S01006517",1049,109,940
"S01006518",663,60,603
"S01006519",874,85,789
"S01006520",742,21,721
"S01006521",518,126,392
"S01006522",560,47,513
"S01006523",933,201,732
"S01006524",744,171,573
"S01006525",815,90,725
"S01006526",942,211,731
"S01006527",744,179,565
"S01006528",1009,189,820
"S01006529",837,195,642
"S01006530",714,120,594
"S01006531",1027,298,729
"S01006532",618,114,504
"S01006533",710,84,626
"S01006534",983,125,858
"S01006535",1063,94,969
"S01006536",855,85,770
"S01006537",668,92,576
"S01006538",581,84,497
"S01006539",764,141,623
"S01006540",925,106,819
"S01006541",877,187,690
"S01006542",963,142,821
"S01006543",788,153,635
"S01006544",820,110,710
"S01006545",897,140,757
"S01006546",619,88,531
"S01006547",1212,256,956
"S01006548",770,97,673
"S01006549",762,100,662
"S01006550",1003,157,846
"S01006551",396,137,259
"S01006552",885,86,799
"S01006553",820,221,599
"S01006554",704,158,546
"S01006555",876,327,549
"S01006556",873,228,645
"S01006557",764,162,602
"S01006558",754,89,665
"S01006559",450,45,405
"S01006560",1056,188,868
"S01006561",798,78,720
"S01006562",796,164,632
"S01006563",945,148,797
"S01006564",970,203,767
"S01006565",985,143,842
"S01006566",784,85,699
"S01006567",786,161,625
"S01006568",901,81,820
"S01006569",574,67,507
"S01006570",762,83,679
"S01006571",885,91,794
"S01006572",863,141,722
"S01006573",706,50,656
"S01006574",967,112,855
"S01006575",917,105,812
"S01006576",644,74,570
"S01006577",800,68,732
"S01006578",929,136,793
"S01006579",964,84,880
"S01006580",703,69,634
"S01006581",924,134,790
"S01006582",760,83,677
"S01006583",575,45,530
"S01006584",603,52,551
"S01006585",747,165,582
"S01006586",895,170,725
"S01006587",245,42,203
"S01006588",363,21,342
"S01006589",526,73,453
"S01006590",617,97,520
"S01006591",404,23,381
"S01006592",434,34,400
"S01006593",518,97,421
"S01006594",547,85,462
"S01006595",639,57,582
"S01006596",745,112,633
"S01006597",555,73,482
"S01006598",806,103,703
"S01006599",759,226,533
"S01006600",1014,219,795
"S01006601",953,120,833
"S01006602",862,145,717
"S01006603",930,228,702
"S01006604",684,128,556
"S01006605",796,215,581
"S01006606",838,188,650
"S01006607",970,210,760
"S01006608",469,67,402
"S01006609",1089,251,838
"S01006610",500,111,389
"S01006611",969,218,751
"S01006612",862,164,698
"S01006613",641,45,596
"S01006614",687,38,649
"S01006615",347,22,325
"S01006616",838,60,778
"S01006617",608,80,528
"S01006618",568,51,517
"S01006619",919,106,813
"S01006620",1039,147,892
"S01006621",577,76,501
"S01006622",655,41,614
"S01006623",800,200,600
"S01006624",800,154,646
"S01006625",648,135,513
"S01006626",684,174,510
"S01006627",750,140,610
"S01006628",741,125,616
"S01006629",754,178,576
"S01006630",677,173,504
"S01006631",954,260,694
"S01006632",740,185,555
"S01006633",700,155,545
"S01006634",577,114,463
"S01006635",646,120,526
"S01006636",763,168,595
"S01006637",606,150,456
"S01006638",771,167,604
"S01006639",867,243,624
"S01006640",94,10,84
"S01006641",557,97,460
"S01006642",822,127,695
"S01006643",547,50,497
"S01006644",529,90,439
"S01006645",721,207,514
"S01006646",673,38,635
"S01006647",577,143,434
"S01006648",1538,182,1356
"S01006649",609,122,487
"S01006650",621,94,527
"S01006651",631,114,517
"S01006652",380,60,320
"S01006653",587,50,537
"S01006654",861,254,607
"S01006655",496,291,205
"S01006656",786,104,682
"S01006657",528,66,462
"S01006658",1127,147,980
"S01006659",692,74,618
"S01006660",315,46,269
"S01006661",715,115,600
"S01006662",685,137,548
"S01006663",511,50,461
"S01006664",163,15,148
"S01006665",636,91,545
"S01006666",1025,365,660
"S01006667",698,224,474
"S01006668",833,100,733
"S01006669",1079,281,798
"S01006670",471,181,290
"S01006671",1273,95,1178
"S01006672",767,158,609
"S01006673",842,117,725
"S01006674",879,229,650
"S01006675",453,86,367
"S01006676",713,204,509
"S01006677",697,171,526
"S01006678",983,230,753
"S01006679",619,125,494
"S01006680",698,164,534
"S01006681",897,311,586
"S01006682",716,192,524
"S01006683",745,118,627
"S01006684",578,150,428
"S01006685",672,196,476
"S01006686",654,182,472
"S01006687",846,221,625
"S01006688",957,282,675
"S01006689",481,48,433
"S01006690",576,134,442
"S01006691",554,57,497
"S01006692",793,149,644
"S01006693",888,164,724
"S01006694",907,288,619
"S01006695",761,193,568
"S01006696",811,194,617
"S01006697",933,205,728
"S01006698",692,270,422
"S01006699",501,66,435
"S01006700",886,172,714
"S01006701",762,164,598
"S01006702",707,149,558
"S01006703",706,154,552
"S01006704",694,172,522
"S01006705",883,194,689
"S01006706",636,125,511
"S01006707",673,151,522
"S01006708",847,225,622
"S01006709",834,164,670
"S01006710",943,204,739
"S01006711",905,282,623
"S01006712",430,118,312
"S01006713",875,211,664
"S01006714",633,170,463
"S01006715",624,117,507
"S01006716",733,142,591
"S01006717",1062,236,826
"S01006718",713,144,569
"S01006719",873,215,658
"S01006720",610,134,476
"S01006721",1005,225,780
"S01006722",597,149,448
"S01006723",856,179,677
"S01006724",924,147,777
"S01006725",684,150,534
"S01006726",987,184,803
"S01006727",857,269,588
"S01006728",788,158,630
"S01006729",746,201,545
"S01006730",714,125,589
"S01006731",622,138,484
"S01006732",709,108,601
"S01006733",873,50,823
"S01006734",1014,103,911
"S01006735",807,76,731
"S01006736",892,45,847
"S01006737",578,73,505
"S01006738",660,76,584
"S01006739",525,64,461
"S01006740",758,161,597
"S01006741",718,187,531
"S01006742",507,108,399
"S01006743",439,101,338
"S01006744",606,110,496
"S01006745",795,185,610
"S01006746",768,196,572
"S01006747",916,139,777
"S01006748",826,116,710
"S01006749",1033,185,848
"S01006750",691,135,556
"S01006751",389,80,309
"S01006752",778,160,618
"S01006753",946,163,783
"S01006754",1007,118,889
"S01006755",595,54,541
"S01006756",166,19,147
"S01006757",981,164,817
"S01006758",710,49,661
"S01006759",480,38,442
"S01006760",423,27,396
"S01006761",762,102,660
"S01006762",1048,210,838
"S01006763",633,23,610
"S01006764",867,50,817
"S01006765",632,35,597
"S01006766",666,41,625
"S01006767",750,96,654
"S01006768",746,46,700
"S01006769",866,116,750
"S01006770",854,81,773
"S01006771",262,21,241
"S01006772",937,96,841
"S01006773",975,79,896
"S01006774",745,27,718
"S01006775",678,121,557
"S01006776",465,138,327
"S01006777",739,63,676
"S01006778",721,96,625
"S01006779",771,178,593
"S01006780",604,99,505
"S01006781",733,105,628
"S01006782",690,81,609
"S01006783",680,109,571
"S01006784",482,75,407
"S01006785",614,43,571
"S01006786",612,50,562
"S01006787",934,126,808
"S01006788",922,69,853
"S01006789",646,133,513
"S01006790",708,163,545
"S01006791",514,79,435
"S01006792",577,83,494
"S01006793",579,90,489
"S01006794",621,114,507
"S01006795",452,58,394
"S01006796",265,39,226
"S01006797",778,95,683
"S01006798",769,90,679
"S01006799",661,185,476
"S01006800",610,52,558
"S01006801",613,118,495
"S01006802",679,104,575
"S01006803",656,99,557
"S01006804",326,57,269
"S01006805",940,122,818
"S01006806",964,142,822
"S01006807",524,63,461
"S01006808",561,61,500
"S01006809",779,140,639
"S01006810",906,150,756
"S01006811",881,90,791
"S01006812",663,78,585
"S01006813",504,90,414
"S01006814",651,65,586
"S01006815",537,120,417
"S01006816",674,100,574
"S01006817",709,66,643
"S01006818",672,64,608
"S01006819",819,68,751
"S01006820",400,33,367
"S01006821",771,90,681
"S01006822",943,88,855
"S01006823",724,104,620
"S01006824",775,114,661
"S01006825",897,83,814
"S01006826",831,122,709
"S01006827",746,122,624
"S01006828",916,158,758
"S01006830",736,87,649
"S01006831",607,66,541
"S01006832",1083,174,909
"S01006833",481,64,417
"S01006835",640,188,452
"S01006837",410,39,371
"S01006838",699,67,632
"S01006839",1040,139,901
"S01006840",696,52,644
"S01006841",991,66,925
"S01006842",898,91,807
"S01006843",870,77,793
"S01006844",722,77,645
"S01006845",814,59,755
"S01006846",572,69,503
"S01006847",723,81,642
"S01006848",963,127,836
"S01006849",82,7,75
"S01006850",1065,121,944
"S01006851",763,129,634
"S01006852",581,57,524
"S01006853",730,66,664
"S01006854",380,39,341
"S01006855",810,72,738
"S01006856",614,76,538
"S01006857",1179,178,1001
"S01006858",611,56,555
"S01006859",1083,79,1004
"S01006860",551,117,434
"S01006861",113,20,93
"S01006862",709,110,599
"S01006863",505,88,417
"S01006865",797,113,684
"S01006866",577,60,517
"S01006867",661,107,554
"S01006868",792,128,664
"S01006869",613,101,512
"S01006870",398,52,346
"S01006871",591,79,512
"S01006872",725,83,642
"S01006873",1084,220,864
"S01006874",644,86,558
"S01006875",228,53,175
"S01006876",894,125,769
"S01006877",900,120,780
"S01006878",731,135,596
"S01006879",907,164,743
"S01006880",399,34,365
"S01006881",561,53,508
"S01006882",236,33,203
"S01006883",402,51,351
"S01006884",754,134,620
"S01006885",622,106,516
"S01006886",755,90,665
"S01006887",325,43,282
"S01006888",588,71,517
"S01006889",899,140,759
"S01006890",588,55,533
"S01006891",646,84,562
"S01006892",519,88,431
"S01006893",355,49,306
"S01006894",1024,158,866
"S01006895",629,90,539
"S01006896",797,111,686
"S01006897",756,88,668
"S01006898",709,83,626
"S01006899",513,41,472
"S01006900",666,54,612
"S01006901",658,107,551
"S01006902",688,83,605
"S01006903",727,155,572
"S01006904",636,125,511
"S01006905",857,190,667
"S01006906",940,255,685
"S01006907",510,93,417
"S01006908",705,127,578
"S01006910",1411,212,1199
"S01006912",676,70,606
"S01006913",140,13,127
"S01006914",664,56,608
"S01006915",797,70,727
"S01006916",87,10,77
"S01006917",113,14,99
"S01006918",359,48,311
"S01006919",373,48,325
"S01006920",143,39,104
"S01006921",233,30,203
"S01006922",289,23,266
"S01006923",727,107,620
"S01006924",655,77,578
"S01006925",697,70,627
"S01006926",102,4,98
"S01006928",983,127,856
"S01006929",856,37,819
"S01006930",1030,88,942
"S01006931",420,43,377
"S01006932",263,12,251
"S01006933",682,38,644
"S01006934",606,156,450
"S01006935",798,70,728
"S01006936",588,58,530
"S01006937",816,70,746
"S01006938",592,74,518
"S01006939",544,33,511
"S01006940",1023,80,943
"S01006941",741,98,643
"S01006942",1002,78,924
"S01006945",663,51,612
"S01006946",782,71,711
"S01006947",471,29,442
"S01006948",853,93,760
"S01006949",574,55,519
"S01006951",484,66,418
"S01006952",734,96,638
"S01006953",733,59,674
"S01006954",583,57,526
"S01006955",752,90,662
"S01006956",390,36,354
"S01006957",847,96,751
"S01006958",842,128,714
"S01006959",693,177,516
"S01006960",130,5,125
"S01006962",814,126,688
"S01006963",621,56,565
"S01006964",633,57,576
"S01006965",452,64,388
"S01006966",680,93,587
"S01006967",759,48,711
"S01006968",491,81,410
"S01006969",1024,174,850
"S01006970",689,71,618
"S01006971",347,40,307
"S01006972",474,42,432
"S01006973",711,81,630
"S01006974",796,73,723
"S01006975",946,142,804
"S01006976",705,63,642
"S01006977",1013,104,909
"S01006978",790,105,685
"S01006979",583,78,505
"S01006980",920,100,820
"S01006981",787,77,710
"S01006982",670,78,592
"S01006983",727,93,634
"S01006984",768,73,695
"S01006985",1005,123,882
"S01006986",336,66,270
"S01006987",662,102,560
"S01006988",311,28,283
"S01006989",716,55,661
"S01006990",361,26,335
"S01006991",493,104,389
"S01006992",581,59,522
"S01006993",520,54,466
"S01006994",561,65,496
"S01006995",1037,127,910
"S01006996",312,36,276
"S01006997",601,57,544
"S01006998",974,145,829
"S01006999",808,102,706
"S01007000",509,93,416
"S01007001",725,156,569
"S01007002",428,71,357
"S01007003",454,59,395
"S01007004",723,88,635
"S01007005",824,101,723
"S01007006",871,171,700
"S01007007",741,99,642
"S01007008",871,189,682
"S01007009",1037,172,865
"S01007010",872,206,666
"S01007011",863,187,676
"S01007012",769,142,627
"S01007013",767,138,629
"S01007014",757,131,626
"S01007015",648,75,573
"S01007016",538,57,481
"S01007017",984,188,796
"S01007018",892,115,777
"S01007019",658,102,556
"S01007020",592,101,491
"S01007021",830,145,685
"S01007022",93,25,68
"S01007023",824,146,678
"S01007024",987,222,765
"S01007025",620,172,448
"S01007026",720,182,538
"S01007027",892,228,664
"S01007028",963,250,713
"S01007029",560,106,454
"S01007030",755,124,631
"S01007031",557,115,442
"S01007032",1135,267,868
"S01007033",789,166,623
"S01007034",445,102,343
"S01007035",792,174,618
"S01007036",830,202,628
"S01007037",883,152,731
"S01007038",910,156,754
"S01007039",487,95,392
"S01007040",672,155,517
"S01007041",454,90,364
"S01007042",342,67,275
"S01007043",1327,247,1080
"S01007044",553,91,462
"S01007045",903,171,732
"S01007046",523,114,409
"S01007047",766,152,614
"S01007048",1186,176,1010
"S01007049",773,179,594
"S01007050",386,62,324
"S01007051",630,120,510
"S01007052",556,80,476
"S01007053",460,107,353
"S01007054",735,140,595
"S01007055",620,94,526
"S01007056",815,149,666
"S01007057",383,53,330
"S01007058",621,131,490
"S01007059",871,103,768
"S01007060",607,90,517
"S01007061",853,84,769
"S01007062",629,88,541
"S01007063",584,90,494
"S01007064",662,113,549
"S01007065",498,62,436
"S01007066",1178,191,987
"S01007067",645,80,565
"S01007068",563,110,453
"S01007069",995,141,854
"S01007070",447,116,331
"S01007071",386,60,326
"S01007072",689,61,628
"S01007073",1212,215,997
"S01007074",693,109,584
"S01007075",695,114,581
"S01007076",1028,124,904
"S01007077",777,125,652
"S01007078",967,215,752
"S01007079",920,229,691
"S01007080",972,230,742
"S01007081",954,157,797
"S01007082",566,108,458
"S01007083",817,279,538
"S01007084",677,185,492
"S01007085",886,154,732
"S01007086",815,212,603
"S01007087",630,141,489
"S01007088",593,131,462
"S01007089",707,65,642
"S01007090",541,45,496
"S01007092",703,185,518
"S01007093",1080,95,985
"S01007094",935,159,776
"S01007095",649,97,552
"S01007096",603,77,526
"S01007097",286,35,251
"S01007098",378,57,321
"S01007099",654,106,548
"S01007100",757,114,643
"S01007101",586,102,484
"S01007102",854,160,694
"S01007103",543,75,468
"S01007104",1150,195,955
"S01007105",436,95,341
"S01007106",625,149,476
"S01007107",428,63,365
"S01007108",990,196,794
"S01007109",395,98,297
"S01007110",611,107,504
"S01007111",485,98,387
"S01007112",637,80,557
"S01007113",481,131,350
"S01007114",867,125,742
"S01007115",663,130,533
"S01007116",473,32,441
"S01007117",557,55,502
"S01007118",791,138,653
"S01007119",880,154,726
"S01007120",967,216,751
"S01007121",499,158,341
"S01007122",585,133,452
"S01007123",707,201,506
"S01007124",880,184,696
"S01007125",836,171,665
"S01007126",860,207,653
"S01007127",455,116,339
"S01007128",909,222,687
"S01007129",681,69,612
"S01007130",583,120,463
"S01007131",496,87,409
"S01007132",707,103,604
"S01007133",607,170,437
"S01007134",679,114,565
"S01007135",465,74,391
"S01007136",192,20,172
"S01007137",65,1,64
"S01007138",454,73,381
"S01007139",742,117,625
"S01007140",822,110,712
"S01007141",655,141,514
"S01007144",1120,152,968
"S01007145",939,185,754
"S01007146",876,142,734
"S01007147",666,86,580
"S01007148",600,47,553
"S01007149",805,116,689
"S01007150",814,183,631
"S01007151",656,185,471
"S01007152",700,147,553
"S01007153",706,125,581
"S01007154",780,240,540
"S01007155",503,83,420
"S01007156",614,73,541
"S01007157",524,62,462
"S01007158",758,98,660
"S01007159",781,175,606
"S01007160",702,155,547
"S01007161",623,124,499
"S01007162",322,86,236
"S01007163",924,162,762
"S01007164",627,117,510
"S01007165",773,133,640
"S01007166",645,116,529
"S01007167",917,119,798
"S01007168",1065,148,917
"S01007169",683,106,577
"S01007170",595,87,508
"S01007171",932,113,819
"S01007172",791,137,654
"S01007173",632,75,557
"S01007174",662,114,548
"S01007175",634,102,532
"S01007176",714,110,604
"S01007177",624,140,484
"S01007178",1009,234,775
"S01007179",1000,153,847
"S01007180",784,160,624
"S01007181",871,188,683
"S01007182",1004,188,816
"S01007183",1009,222,787
"S01007184",995,210,785
"S01007185",758,210,548
"S01007186",458,119,339
"S01007187",773,228,545
"S01007188",514,99,415
"S01007189",764,279,485
"S01007190",827,184,643
"S01007191",604,127,477
"S01007192",637,129,508
"S01007193",780,147,633
"S01007194",629,132,497
"S01007195",559,126,433
"S01007196",547,95,452
"S01007197",408,95,313
"S01007198",411,101,310
"S01007199",822,154,668
"S01007200",931,174,757
"S01007201",732,123,609
"S01007202",822,144,678
"S01007203",678,99,579
"S01007204",898,178,720
"S01007205",648,61,587
"S01007206",259,48,211
"S01007207",1019,183,836
"S01007208",897,185,712
"S01007209",613,170,443
"S01007210",655,123,532
"S01007211",697,127,570
"S01007212",606,106,500
"S01007213",773,159,614
"S01007214",687,201,486
"S01007215",804,145,659
"S01007216",792,167,625
"S01007217",896,152,744
"S01007218",680,101,579
"S01007219",772,143,629
"S01007220",724,132,592
"S01007221",205,43,162
"S01007222",879,113,766
"S01007223",560,99,461
"S01007224",586,107,479
"S01007225",824,116,708
"S01007226",705,102,603
"S01007227",820,171,649
"S01007228",611,100,511
"S01007229",1084,175,909
"S01007230",753,136,617
"S01007231",639,142,497
"S01007232",587,155,432
"S01007233",745,122,623
"S01007234",658,149,509
"S01007235",731,161,570
"S01007236",642,104,538
"S01007237",713,110,603
"S01007238",898,153,745
"S01007239",779,155,624
"S01007240",589,88,501
"S01007241",632,87,545
"S01007242",940,168,772
"S01007243",558,94,464
"S01007244",635,99,536
"S01007245",675,132,543
"S01007246",632,83,549
"S01007247",606,97,509
"S01007248",565,94,471
"S01007249",409,118,291
"S01007250",765,158,607
"S01007251",318,66,252
"S01007252",713,139,574
"S01007253",635,107,528
"S01007254",760,210,550
"S01007255",797,163,634
"S01007256",678,133,545
"S01007257",578,113,465
"S01007258",727,131,596
"S01007259",848,173,675
"S01007260",910,165,745
"S01007261",826,103,723
"S01007262",737,137,600
"S01007263",877,145,732
"S01007264",812,174,638
"S01007265",1083,221,862
"S01007266",722,149,573
"S01007267",501,66,435
"S01007268",582,94,488
"S01007269",493,75,418
"S01007270",649,138,511
"S01007271",801,164,637
"S01007272",1089,202,887
"S01007273",566,104,462
"S01007274",785,199,586
"S01007275",622,146,476
"S01007276",785,116,669
"S01007277",574,86,488
"S01007278",593,66,527
"S01007279",562,75,487
"S01007280",549,90,459
"S01007281",880,133,747
"S01007282",534,70,464
"S01007283",888,207,681
"S01007284",882,175,707
"S01007285",809,170,639
"S01007286",832,135,697
"S01007287",463,69,394
"S01007288",420,91,329
"S01007289",834,89,745
"S01007290",138,57,81
"S01007291",524,146,378
"S01007292",758,83,675
"S01007293",919,116,803
"S01007294",810,156,654
"S01007295",544,146,398
"S01007296",584,111,473
"S01007297",696,89,607
"S01007298",554,87,467
"S01007299",883,167,716
"S01007300",591,79,512
"S01007301",575,102,473
"S01007302",730,177,553
"S01007303",879,161,718
"S01007304",577,126,451
"S01007305",703,143,560
"S01007306",554,114,440
"S01007307",785,125,660
"S01007308",735,140,595
"S01007309",626,117,509
"S01007310",760,134,626
"S01007311",769,132,637
"S01007312",754,154,600
"S01007313",875,143,732
"S01007314",639,106,533
"S01007315",607,100,507
"S01007316",842,189,653
"S01007317",812,203,609
"S01007318",630,117,513
"S01007319",653,142,511
"S01007320",861,136,725
"S01007321",633,135,498
"S01007322",759,126,633
"S01007323",579,123,456
"S01007324",301,57,244
"S01007325",758,180,578
"S01007326",1315,243,1072
"S01007327",683,175,508
"S01007328",568,108,460
"S01007329",658,122,536
"S01007330",932,182,750
"S01007331",1015,159,856
"S01007332",489,88,401
"S01007333",756,159,597
"S01007334",700,182,518
"S01007335",851,185,666
"S01007336",417,74,343
"S01007337",506,129,377
"S01007338",832,168,664
"S01007339",678,174,504
"S01007340",511,146,365
"S01007341",720,187,533
"S01007342",851,189,662
"S01007343",818,178,640
"S01007344",345,90,255
"S01007345",493,157,336
"S01007346",640,205,435
"S01007347",690,165,525
"S01007348",706,188,518
"S01007349",407,67,340
"S01007350",584,185,399
"S01007351",673,165,508
"S01007352",526,112,414
"S01007353",716,184,532
"S01007354",751,178,573
"S01007355",2044,539,1505
"S01007356",734,188,546
"S01007357",822,193,629
"S01007358",985,158,827
"S01007359",116,30,86
"S01007360",431,104,327
"S01007361",1104,293,811
"S01007362",650,169,481
"S01007363",694,172,522
"S01007364",913,270,643
"S01007365",392,122,270
"S01007366",514,219,295
"S01007367",568,153,415
"S01007368",348,101,247
"S01007369",604,149,455
"S01007370",733,160,573
"S01007371",681,124,557
"S01007372",606,186,420
"S01007373",492,120,372
"S01007374",565,98,467
"S01007375",506,78,428
"S01007376",931,187,744
"S01007377",690,106,584
"S01007378",2671,116,2555
"S01007379",535,121,414
"S01007380",618,102,516
"S01007381",415,74,341
"S01007382",705,114,591
"S01007383",784,157,627
"S01007384",793,95,698
"S01007385",962,218,744
"S01007386",877,128,749
"S01007387",871,137,734
"S01007388",712,76,636
"S01007389",893,68,825
"S01007390",260,26,234
"S01007391",671,52,619
"S01007392",413,62,351
"S01007393",816,206,610
"S01007394",652,141,511
"S01007395",844,180,664
"S01007396",826,176,650
"S01007397",983,168,815
"S01007398",735,157,578
"S01007399",456,112,344
"S01007400",758,192,566
"S01007401",707,105,602
"S01007402",670,97,573
"S01007403",671,48,623
"S01007404",584,108,476
"S01007405",373,46,327
"S01007406",619,101,518
"S01007407",713,123,590
"S01007408",646,132,514
"S01007409",690,172,518
"S01007410",718,211,507
"S01007411",739,241,498
"S01007412",503,135,368
"S01007413",717,78,639
"S01007414",165,11,154
"S01007415",944,276,668
"S01007416",566,116,450
"S01007418",436,97,339
"S01007419",900,213,687
"S01007420",1195,294,901
"S01007421",234,54,180
"S01007422",569,131,438
"S01007423",377,79,298
"S01007424",702,111,591
"S01007425",1053,153,900
"S01007426",623,133,490
"S01007427",703,178,525
"S01007428",939,212,727
"S01007429",816,136,680
"S01007430",459,82,377
"S01007431",588,75,513
"S01007432",730,145,585
"S01007433",650,152,498
"S01007434",545,108,437
"S01007435",744,138,606
"S01007436",741,170,571
"S01007437",422,86,336
"S01007438",721,158,563
"S01007439",796,180,616
"S01007440",734,150,584
"S01007441",553,62,491
"S01007442",524,58,466
"S01007443",925,156,769
"S01007444",876,133,743
"S01007445",730,73,657
"S01007446",586,79,507
"S01007447",485,64,421
"S01007448",834,160,674
"S01007449",806,227,579
"S01007450",684,176,508
"S01007451",723,125,598
"S01007452",695,141,554
"S01007454",626,191,435
"S01007455",933,228,705
"S01007456",873,225,648
"S01007457",692,179,513
"S01007458",421,80,341
"S01007459",794,163,631
"S01007460",717,220,497
"S01007461",739,198,541
"S01007462",689,149,540
"S01007463",970,227,743
"S01007464",773,191,582
"S01007465",847,197,650
"S01007466",680,189,491
"S01007467",995,287,708
"S01007468",686,78,608
"S01007469",731,136,595
"S01007470",657,214,443
"S01007471",385,78,307
"S01007472",707,204,503
"S01007473",368,98,270
"S01007474",318,43,275
"S01007475",275,56,219
"S01007476",914,195,719
"S01007477",573,120,453
"S01007478",773,167,606
"S01007479",330,77,253
"S01007480",491,82,409
"S01007481",724,146,578
"S01007482",438,120,318
"S01007483",846,180,666
"S01007484",690,157,533
"S01007485",511,112,399
"S01007486",601,155,446
"S01007487",931,275,656
"S01007488",870,179,691
"S01007489",827,190,637
"S01007490",1010,228,782
"S01007491",650,167,483
"S01007492",716,182,534
"S01007493",857,153,704
"S01007494",559,127,432
"S01007495",842,140,702
"S01007496",1080,224,856
"S01007497",637,120,517
"S01007498",1026,261,765
"S01007499",870,145,725
"S01007500",675,168,507
"S01007501",685,180,505
"S01007502",591,127,464
"S01007503",991,239,752
"S01007504",683,154,529
"S01007505",424,90,334
"S01007506",557,100,457
"S01007507",880,196,684
"S01007508",689,164,525
"S01007509",657,145,512
"S01007510",968,244,724
"S01007511",867,236,631
"S01007512",488,104,384
"S01007513",814,197,617
"S01007514",503,122,381
"S01007515",511,121,390
"S01007516",583,130,453
"S01007517",353,115,238
"S01007518",714,195,519
"S01007519",648,146,502
"S01007520",979,230,749
"S01007521",640,112,528
"S01007522",892,228,664
"S01007523",511,101,410
"S01007524",934,150,784
"S01007525",565,124,441
"S01007526",773,173,600
"S01007527",800,161,639
"S01007528",773,165,608
"S01007529",611,119,492
"S01007530",534,92,442
"S01007531",701,125,576
"S01007532",505,91,414
"S01007533",917,194,723
"S01007534",748,160,588
"S01007535",660,154,506
"S01007536",988,205,783
"S01007537",818,186,632
"S01007538",874,173,701
"S01007539",678,150,528
"S01007540",833,233,600
"S01007541",799,223,576
"S01007542",824,163,661
"S01007543",1091,196,895
"S01007544",1371,291,1080
"S01007545",1012,207,805
"S01007546",488,77,411
"S01007547",546,82,464
"S01007548",466,89,377
"S01007549",635,135,500
"S01007550",991,211,780
"S01007551",857,192,665
"S01007552",953,265,688
"S01007553",847,238,609
"S01007554",451,166,285
"S01007555",470,113,357
"S01007556",494,144,350
"S01007557",1201,253,948
"S01007558",454,109,345
"S01007559",854,136,718
"S01007560",689,178,511
"S01007561",454,138,316
"S01007562",875,150,725
"S01007563",784,155,629
"S01007564",732,148,584
"S01007565",979,168,811
"S01007566",671,143,528
"S01007567",715,87,628
"S01007568",704,121,583
"S01007569",950,199,751
"S01007570",633,104,529
"S01007571",549,96,453
"S01007572",881,222,659
"S01007574",1080,180,900
"S01007575",773,216,557
"S01007576",823,185,638
"S01007577",617,112,505
"S01007578",733,159,574
"S01007579",538,118,420
"S01007580",860,191,669
"S01007581",543,106,437
"S01007582",639,143,496
"S01007583",979,219,760
"S01007584",602,142,460
"S01007585",851,207,644
"S01007586",710,144,566
"S01007587",814,164,650
"S01007588",737,119,618
"S01007589",737,130,607
"S01007590",653,122,531
"S01007591",531,123,408
"S01007592",772,149,623
"S01007593",908,245,663
"S01007594",1055,199,856
"S01007595",956,189,767
"S01007596",461,134,327
"S01007597",646,116,530
"S01007598",627,111,516
"S01007599",636,156,480
"S01007600",879,271,608
"S01007601",673,56,617
"S01007602",696,88,608
"S01007603",831,61,770
"S01007604",992,143,849
"S01007605",1043,130,913
"S01007606",500,88,412
"S01007607",771,87,684
"S01007608",845,132,713
"S01007609",792,158,634
"S01007610",613,202,411
"S01007611",780,233,547
"S01007612",1001,251,750
"S01007613",828,150,678
"S01007614",469,73,396
"S01007615",855,191,664
"S01007616",653,180,473
"S01007617",567,95,472
"S01007618",694,174,520
"S01007619",689,155,534
"S01007620",624,106,518
"S01007621",567,108,459
"S01007622",440,107,333
"S01007623",501,80,421
"S01007624",699,90,609
"S01007625",537,67,470
"S01007626",328,20,308
"S01007627",372,49,323
"S01007628",673,114,559
"S01007629",613,100,513
"S01007630",833,127,706
"S01007631",593,112,481
"S01007632",907,175,732
"S01007633",1045,191,854
"S01007634",564,98,466
"S01007635",542,130,412
"S01007636",776,204,572
"S01007637",913,182,731
"S01007638",771,153,618
"S01007639",1007,142,865
"S01007640",582,94,488
"S01007641",679,126,553
"S01007642",795,179,616
"S01007643",839,182,657
"S01007644",608,107,501
"S01007645",565,86,479
"S01007646",672,126,546
"S01007647",768,123,645
"S01007648",862,144,718
"S01007649",790,139,651
"S01007650",942,192,750
"S01007651",745,130,615
"S01007652",397,84,313
"S01007653",823,127,696
"S01007654",1031,237,794
"S01007655",777,125,652
"S01007656",848,146,702
"S01007657",507,72,435
"S01007658",494,102,392
"S01007659",871,173,698
"S01007660",627,137,490
"S01007661",572,116,456
"S01007662",849,219,630
"S01007663",853,167,686
"S01007664",576,150,426
"S01007665",592,112,480
"S01007666",229,47,182
"S01007667",535,107,428
"S01007668",1080,260,820
"S01007669",665,115,550
"S01007670",685,114,571
"S01007671",679,145,534
"S01007672",906,161,745
"S01007673",688,119,569
"S01007674",827,156,671
"S01007675",527,89,438
"S01007676",699,114,585
"S01007677",295,42,253
"S01007678",793,197,596
"S01007679",744,180,564
"S01007680",977,142,835
"S01007681",423,93,330
"S01007682",1264,187,1077
"S01007683",854,79,775
"S01007684",923,149,774
"S01007685",933,107,826
"S01007686",806,104,702
"S01007687",925,118,807
"S01007688",879,129,750
"S01007689",662,119,543
"S01007690",1045,134,911
"S01007691",1736,174,1562
"S01007692",606,62,544
"S01007693",459,74,385
"S01007694",475,93,382
"S01007695",922,275,647
"S01007696",702,124,578
"S01007697",987,259,728
"S01007698",1020,197,823
"S01007699",820,139,681
"S01007700",939,161,778
"S01007701",444,133,311
"S01007702",197,17,180
"S01007703",805,166,639
"S01007704",902,279,623
"S01007705",593,98,495
"S01007706",432,26,406
"S01007707",267,34,233
"S01007708",783,177,606
"S01007709",547,143,404
"S01007710",391,77,314
"S01007711",1073,239,834
"S01007712",613,121,492
"S01007713",533,150,383
"S01007714",673,129,544
"S01007715",452,116,336
"S01007716",903,339,564
"S01007717",967,267,700
"S01007718",611,212,399
"S01007719",981,323,658
"S01007720",723,257,466
"S01007721",747,209,538
"S01007722",874,326,548
"S01007723",997,406,591
"S01007724",623,106,517
"S01007725",784,264,520
"S01007726",781,181,600
"S01007727",771,179,592
"S01007728",664,131,533
"S01007729",772,106,666
"S01007730",675,109,566
"S01007731",369,96,273
"S01007732",581,171,410
"S01007733",939,138,801
"S01007734",865,154,711
"S01007735",865,133,732
"S01007736",767,144,623
"S01007737",916,216,700
"S01007738",742,203,539
"S01007739",454,153,301
"S01007740",664,129,535
"S01007741",671,232,439
"S01007742",641,186,455
"S01007743",908,273,635
"S01007744",795,250,545
"S01007745",669,232,437
"S01007746",963,238,725
"S01007747",546,119,427
"S01007748",709,171,538
"S01007749",818,103,715
"S01007750",807,144,663
"S01007751",919,193,726
"S01007752",795,211,584
"S01007753",545,158,387
"S01007754",976,250,726
"S01007755",866,254,612
"S01007756",605,181,424
"S01007757",894,155,739
"S01007758",966,245,721
"S01007759",955,273,682
"S01007760",795,146,649
"S01007761",990,115,875
"S01007762",825,217,608
"S01007763",593,203,390
"S01007764",862,92,770
"S01007765",731,100,631
"S01007766",677,90,587
"S01007767",1097,174,923
"S01007768",655,146,509
"S01007769",740,145,595
"S01007770",761,106,655
"S01007771",583,90,493
"S01007772",984,307,677
"S01007773",830,123,707
"S01007774",313,22,291
"S01007775",502,62,440
"S01007776",662,42,620
"S01007777",258,16,242
"S01007778",273,74,199
"S01007779",782,102,680
"S01007780",876,89,787
"S01007781",919,93,826
"S01007782",346,63,283
"S01007783",786,289,497
"S01007784",792,85,707
"S01007785",488,132,356
"S01007786",810,215,595
"S01007787",700,168,532
"S01007788",585,137,448
"S01007789",627,120,507
"S01007790",659,93,566
"S01007791",164,70,94
"S01007792",974,219,755
"S01007793",991,278,713
"S01007794",642,121,521
"S01007795",793,163,630
"S01007796",856,191,665
"S01007797",715,163,552
"S01007798",269,33,236
"S01007800",938,234,704
"S01007801",1030,310,720
"S01007802",600,40,560
"S01007803",1016,349,667
"S01007804",547,117,430
"S01007805",375,92,283
"S01007806",736,162,574
"S01007807",752,97,655
"S01007808",851,146,705
"S01007809",974,190,784
"S01007810",933,251,682
"S01007811",947,214,733
"S01007812",813,160,653
"S01007813",805,167,638
"S01007814",663,126,537
"S01007815",924,167,757
"S01007816",764,96,668
"S01007817",511,99,412
"S01007818",886,108,778
"S01007819",689,175,514
"S01007820",975,226,749
"S01007821",575,125,450
"S01007822",834,205,629
"S01007823",762,117,645
"S01007824",805,150,655
"S01007825",960,214,746
"S01007826",648,210,438
"S01007827",634,97,537
"S01007828",1024,357,667
"S01007829",598,211,387
"S01007830",977,297,680
"S01007831",809,242,567
"S01007832",589,195,394
"S01007833",862,335,527
"S01007834",811,208,603
"S01007835",735,154,581
"S01007836",633,167,466
"S01007837",916,138,778
"S01007838",1078,178,900
"S01007839",590,200,390
"S01007840",836,186,650
"S01007841",674,147,527
"S01007842",726,139,587
"S01007843",805,190,615
"S01007844",961,180,781
"S01007845",890,201,689
"S01007846",695,169,526
"S01007847",914,253,661
"S01007848",829,245,584
"S01007849",892,239,653
"S01007850",852,230,622
"S01007851",971,318,653
"S01007852",660,143,517
"S01007853",643,239,404
"S01007854",931,320,611
"S01007855",661,193,468
"S01007856",749,135,614
"S01007857",397,102,295
"S01007858",778,292,486
"S01007859",252,39,213
"S01007861",702,155,547
"S01007862",747,176,571
"S01007863",933,225,708
"S01007864",988,260,728
"S01007866",594,38,556
"S01007867",386,158,228
"S01007868",1003,91,912
"S01007869",564,90,474
"S01007870",544,142,402
"S01007871",817,302,515
"S01007872",748,228,520
"S01007873",706,229,477
"S01007874",701,277,424
"S01007875",491,128,363
"S01007876",654,147,507
"S01007877",685,209,476
"S01007878",517,161,356
"S01007879",734,204,530
"S01007880",824,230,594
"S01007881",644,166,478
"S01007882",722,90,632
"S01007883",693,165,528
"S01007884",606,133,473
"S01007885",774,221,553
"S01007886",673,213,460
"S01007887",647,131,516
"S01007888",1172,267,905
"S01007889",593,174,419
"S01007890",594,130,464
"S01007891",541,158,383
"S01007892",444,97,347
"S01007893",1241,210,1031
"S01007894",932,174,758
"S01007895",553,91,462
"S01007896",775,194,581
"S01007897",665,101,564
"S01007898",711,136,575
"S01007899",606,111,495
"S01007900",476,113,363
"S01007901",701,177,524
"S01007902",981,312,669
"S01007903",649,229,420
"S01007904",822,209,613
"S01007905",729,165,564
"S01007906",835,292,543
"S01007907",608,176,432
"S01007908",532,177,355
"S01007909",421,91,330
"S01007910",1012,212,800
"S01007911",430,134,296
"S01007912",787,238,549
"S01007913",694,207,487
"S01007914",769,175,594
"S01007915",790,165,625
"S01007916",905,303,602
"S01007917",943,237,706
"S01007918",1008,306,702
"S01007919",595,83,512
"S01007920",611,106,505
"S01007921",999,293,706
"S01007922",932,309,623
"S01007923",570,160,410
"S01007924",842,235,607
"S01007925",768,116,652
"S01007926",690,94,596
"S01007927",578,69,509
"S01007928",1058,232,826
"S01007929",604,87,517
"S01007930",549,76,473
"S01007931",839,164,675
"S01007932",944,141,803
"S01007933",746,103,643
"S01007934",685,143,542
"S01007935",796,180,616
"S01007936",763,63,700
"S01007937",923,107,816
"S01007938",779,201,578
"S01007939",946,221,725
"S01007940",960,229,731
"S01007941",450,46,404
"S01007942",216,67,149
"S01007943",551,125,426
"S01007944",804,170,634
"S01007945",880,210,670
"S01007946",794,197,597
"S01007947",766,167,599
"S01007948",730,198,532
"S01007949",833,122,711
"S01007950",772,108,664
"S01007951",759,159,600
"S01007952",623,180,443
"S01007953",990,226,764
"S01007954",732,156,576
"S01007955",658,130,528
"S01007956",778,178,600
"S01007957",961,293,668
"S01007958",920,276,644
"S01007959",784,141,643
"S01007960",644,159,485
"S01007961",1784,394,1390
"S01007962",623,130,493
"S01007963",946,216,730
"S01007964",775,181,594
"S01007965",603,147,456
"S01007966",916,221,695
"S01007967",638,119,519
"S01007968",985,184,801
"S01007969",695,158,537
"S01007970",908,197,711
"S01007971",985,284,701
"S01007972",920,209,711
"S01007973",979,104,875
"S01007974",979,298,681
"S01007975",611,165,446
"S01007976",663,214,449
"S01007977",558,85,473
"S01007978",595,105,490
"S01007979",735,142,593
"S01007980",725,209,516
"S01007981",622,99,523
"S01007982",601,74,527
"S01007983",805,222,583
"S01007984",760,155,605
"S01007985",950,191,759
"S01007986",600,113,487
"S01007987",718,126,592
"S01007988",868,151,717
"S01007989",656,103,553
"S01007990",1136,134,1002
"S01007991",600,37,563
"S01007992",610,38,572
"S01007993",773,82,691
"S01007994",338,8,330
"S01007995",652,39,613
"S01007996",533,58,475
"S01007997",648,86,562
"S01007998",550,93,457
"S01007999",854,178,676
"S01008000",927,210,717
"S01008001",925,221,704
"S01008002",695,159,536
"S01008003",650,126,524
"S01008004",127,32,95
"S01008006",520,147,373
"S01008007",545,93,452
"S01008008",413,96,317
"S01008009",504,144,360
"S01008010",872,208,664
"S01008011",618,289,329
"S01008012",741,176,565
"S01008013",604,190,414
"S01008014",600,106,494
"S01008015",785,196,589
"S01008016",825,227,598
"S01008017",969,160,809
"S01008018",488,81,407
"S01008019",747,122,625
"S01008020",598,93,505
"S01008021",747,100,647
"S01008022",813,122,691
"S01008023",509,31,478
"S01008024",170,12,158
"S01008025",773,110,663
"S01008026",871,205,666
"S01008027",683,158,525
"S01008028",358,79,279
"S01008029",1191,283,908
"S01008030",774,136,638
"S01008031",848,195,653
"S01008032",908,175,733
"S01008033",1461,140,1321
"S01008034",801,43,758
"S01008035",645,88,557
"S01008036",705,84,621
"S01008037",1014,182,832
"S01008038",883,162,721
"S01008039",865,125,740
"S01008040",995,120,875
"S01008041",661,140,521
"S01008042",587,86,501
"S01008043",745,112,633
"S01008044",955,127,828
"S01008045",1152,168,984
"S01008046",887,318,569
"S01008047",729,102,627
"S01008048",624,70,554
"S01008049",834,126,708
"S01008050",612,98,514
"S01008051",907,90,817
"S01008052",855,116,739
"S01008053",579,87,492
"S01008054",962,186,776
"S01008055",751,85,666
"S01008056",848,205,643
"S01008057",910,166,744
"S01008058",962,79,883
"S01008059",606,52,554
"S01008060",810,54,756
"S01008061",949,107,842
"S01008062",1105,160,945
"S01008063",829,95,734
"S01008064",772,142,630
"S01008065",1063,112,951
"S01008066",1009,63,946
"S01008067",562,54,508
"S01008068",963,141,822
"S01008069",954,141,813
"S01008070",980,111,869
"S01008071",749,99,650
"S01008072",397,100,297
"S01008073",478,44,434
"S01008074",990,123,867
"S01008075",620,102,518
"S01008076",659,155,504
"S01008077",914,140,774
"S01008078",978,101,877
"S01008079",918,139,779
"S01008080",702,90,612
"S01008081",602,73,529
"S01008082",672,95,577
"S01008083",632,78,554
"S01008084",851,136,715
"S01008085",1014,110,904
"S01008086",1038,169,869
"S01008087",915,125,790
"S01008088",974,141,833
"S01008089",706,87,619
"S01008090",798,149,649
"S01008091",455,52,403
"S01008092",912,191,721
"S01008093",805,139,666
"S01008094",653,97,556
"S01008095",714,102,612
"S01008096",829,180,649
"S01008097",564,96,468
"S01008098",784,118,666
"S01008099",498,78,420
"S01008100",985,163,822
"S01008101",812,118,694
"S01008102",787,167,620
"S01008103",616,168,448
"S01008104",1014,266,748
"S01008105",1085,282,803
"S01008106",732,212,520
"S01008107",379,56,323
"S01008108",600,46,554
"S01008109",1027,125,902
"S01008110",930,128,802
"S01008111",974,150,824
"S01008112",917,124,793
"S01008113",894,117,777
"S01008114",744,89,655
"S01008115",1015,103,912
"S01008116",1060,95,965
"S01008117",876,160,716
"S01008118",1194,301,893
"S01008119",678,160,518
"S01008120",789,149,640
"S01008121",695,98,597
"S01008122",601,58,543
"S01008123",875,112,763
"S01008124",726,71,655
"S01008125",924,106,818
"S01008126",898,89,809
"S01008127",532,86,446
"S01008128",841,118,723
"S01008129",892,232,660
"S01008130",881,190,691
"S01008131",762,159,603
"S01008132",1018,195,823
"S01008133",594,150,444
"S01008134",644,108,536
"S01008135",1221,298,923
"S01008136",846,220,626
"S01008137",868,206,662
"S01008138",761,206,555
"S01008139",1132,283,849
"S01008140",628,164,464
"S01008141",1135,168,967
"S01008142",688,70,618
"S01008143",1003,225,778
"S01008144",946,108,838
"S01008145",842,208,634
"S01008146",619,170,449
"S01008147",844,166,678
"S01008148",836,133,703
"S01008149",712,137,575
"S01008150",963,214,749
"S01008151",691,178,513
"S01008152",995,277,718
"S01008153",599,64,535
"S01008154",878,149,729
"S01008155",740,96,644
"S01008156",949,183,766
"S01008157",762,109,653
"S01008158",811,57,754
"S01008159",935,222,713
"S01008160",938,241,697
"S01008161",688,82,606
"S01008162",1048,338,710
"S01008163",781,188,593
"S01008164",669,135,534
"S01008165",163,18,145
"S01008166",568,109,459
"S01008167",602,151,451
"S01008168",998,254,744
"S01008169",610,136,474
"S01008170",638,97,541
"S01008171",774,188,586
"S01008172",582,107,475
"S01008173",672,81,591
"S01008174",581,75,506
"S01008175",780,133,647
"S01008176",675,80,595
"S01008177",769,189,580
"S01008178",729,90,639
"S01008179",539,25,514
"S01008180",518,34,484
"S01008181",637,114,523
"S01008182",887,208,679
"S01008183",856,107,749
"S01008184",703,193,510
"S01008185",1043,280,763
"S01008186",702,129,573
"S01008187",547,134,413
"S01008188",875,252,623
"S01008189",601,131,470
"S01008190",924,220,704
"S01008191",484,100,384
"S01008192",880,163,717
"S01008193",805,168,637
"S01008194",565,138,427
"S01008195",768,159,609
"S01008196",782,134,648
"S01008198",723,169,554
"S01008199",861,169,692
"S01008200",561,151,410
"S01008201",756,206,550
"S01008202",615,148,467
"S01008203",548,130,418
"S01008204",813,294,519
"S01008205",763,164,599
"S01008206",585,169,416
"S01008207",585,89,496
"S01008208",130,22,108
"S01008210",970,270,700
"S01008211",883,193,690
"S01008212",478,35,443
"S01008213",975,105,870
"S01008214",675,186,489
"S01008215",640,126,514
"S01008216",677,59,618
"S01008217",738,94,644
"S01008218",506,52,454
"S01008219",827,180,647
"S01008220",682,119,563
"S01008221",786,170,616
"S01008222",760,220,540
"S01008223",462,156,306
"S01008224",962,89,873
"S01008225",776,130,646
"S01008226",823,235,588
"S01008227",784,178,606
"S01008228",570,82,488
"S01008229",492,116,376
"S01008230",536,45,491
"S01008231",96,10,86
"S01008233",246,53,193
"S01008234",344,84,260
"S01008235",829,192,637
"S01008236",925,161,764
"S01008237",862,126,736
"S01008238",689,136,553
"S01008239",607,121,486
"S01008240",848,105,743
"S01008241",689,86,603
"S01008242",950,244,706
"S01008243",754,149,605
"S01008244",456,64,392
"S01008245",993,159,834
"S01008246",1056,153,903
"S01008247",657,99,558
"S01008248",755,108,647
"S01008249",886,145,741
"S01008250",777,91,686
"S01008251",587,43,544
"S01008252",955,95,860
"S01008253",725,182,543
"S01008254",878,172,706
"S01008255",797,172,625
"S01008256",931,167,764
"S01008257",634,183,451
"S01008258",793,110,683
"S01008259",568,125,443
"S01008260",932,182,750
"S01008261",942,166,776
"S01008262",581,76,505
"S01008263",470,125,345
"S01008264",498,108,390
"S01008265",645,121,524
"S01008266",561,78,483
"S01008267",739,139,600
"S01008268",692,152,540
"S01008269",761,165,596
"S01008270",771,173,598
"S01008271",639,127,512
"S01008272",925,146,779
"S01008273",782,111,671
"S01008274",769,161,608
"S01008275",612,104,508
"S01008276",543,59,484
"S01008277",512,70,442
"S01008278",876,100,776
"S01008279",762,121,641
"S01008280",862,157,705
"S01008281",749,78,671
"S01008282",721,121,600
"S01008283",199,63,136
"S01008284",521,112,409
"S01008285",759,198,561
"S01008286",776,170,606
"S01008287",898,94,804
"S01008288",908,184,724
"S01008289",518,89,429
"S01008290",691,116,575
"S01008291",751,138,613
"S01008292",380,47,333
"S01008294",385,68,317
"S01008295",830,84,746
"S01008296",584,153,431
"S01008297",543,91,452
"S01008298",934,134,800
"S01008299",732,222,510
"S01008300",785,163,622
"S01008301",942,81,861
"S01008302",784,93,691
"S01008303",547,108,439
"S01008304",396,73,323
"S01008305",874,120,754
"S01008306",679,81,598
"S01008307",629,119,510
"S01008308",642,98,544
"S01008309",691,202,489
"S01008310",993,281,712
"S01008311",431,100,331
"S01008312",267,55,212
"S01008313",1055,347,708
"S01008314",542,118,424
"S01008315",670,173,497
"S01008316",487,100,387
"S01008317",531,101,430
"S01008318",1038,141,897
"S01008319",761,204,557
"S01008320",594,127,467
"S01008321",616,61,555
"S01008322",1018,238,780
"S01008323",851,208,643
"S01008324",516,127,389
"S01008325",726,185,541
"S01008326",911,186,725
"S01008327",992,263,729
"S01008328",824,94,730
"S01008329",960,82,878
"S01008330",957,96,861
"S01008331",605,48,557
"S01008332",943,225,718
"S01008333",954,259,695
"S01008334",584,101,483
"S01008335",680,146,534
"S01008336",608,121,487
"S01008337",545,89,456
"S01008338",808,62,746
"S01008339",590,34,556
"S01008340",757,60,697
"S01008341",666,29,637
"S01008342",807,94,713
"S01008343",819,95,724
"S01008344",840,68,772
"S01008345",806,92,714
"S01008346",980,120,860
"S01008347",992,203,789
"S01008348",763,105,658
"S01008349",696,42,654
"S01008350",574,64,510
"S01008351",937,134,803
"S01008352",649,61,588
"S01008353",408,46,362
"S01008354",558,158,400
"S01008355",589,133,456
"S01008356",562,59,503
"S01008357",464,70,394
"S01008358",711,167,544
"S01008359",689,88,601
"S01008360",835,80,755
"S01008361",885,83,802
"S01008362",838,83,755
"S01008363",762,81,681
"S01008364",744,82,662
"S01008365",830,104,726
"S01008366",889,238,651
"S01008367",693,166,527
"S01008368",454,74,380
"S01008369",657,103,554
"S01008370",719,96,623
"S01008371",776,81,695
"S01008372",765,71,694
"S01008373",795,76,719
"S01008374",707,92,615
"S01008375",784,98,686
"S01008376",505,54,451
"S01008377",754,88,666
"S01008378",880,88,792
"S01008379",527,81,446
"S01008380",559,59,500
"S01008381",518,55,463
"S01008382",784,109,675
"S01008383",506,67,439
"S01008384",970,130,840
"S01008385",635,77,558
"S01008386",696,91,605
"S01008387",842,84,758
"S01008388",534,49,485
"S01008389",530,147,383
"S01008390",640,81,559
"S01008391",766,150,616
"S01008392",924,104,820
"S01008393",629,93,536
"S01008394",963,93,870
"S01008395",530,42,488
"S01008396",906,133,773
"S01008397",994,107,887
"S01008398",628,91,537
"S01008399",703,159,544
"S01008400",504,58,446
"S01008401",870,161,709
"S01008402",999,118,881
"S01008403",619,63,556
"S01008404",1019,206,813
"S01008405",820,49,771
"S01008406",987,258,729
"S01008407",539,179,360
"S01008408",631,66,565
"S01008409",1037,200,837
"S01008410",587,120,467
"S01008411",617,82,535
"S01008412",658,111,547
"S01008413",379,78,301
"S01008414",485,47,438
"S01008415",896,170,726
"S01008416",840,177,663
"S01008417",748,57,691
"S01008418",762,80,682
"S01008419",521,68,453
"S01008420",521,61,460
"S01008421",707,139,568
"S01008422",718,85,633
"S01008423",804,88,716
"S01008424",813,108,705
"S01008425",2647,198,2449
"S01008426",641,148,493
"S01008427",1142,98,1044
"S01008428",701,158,543
"S01008429",700,137,563
"S01008430",801,137,664
"S01008431",879,124,755
"S01008432",736,88,648
"S01008433",916,109,807
"S01008434",1043,100,943
"S01008435",808,92,716
"S01008436",740,128,612
"S01008437",705,139,566
"S01008438",875,109,766
"S01008439",1022,86,936
"S01008440",1086,139,947
"S01008441",401,48,353
"S01008442",568,54,514
"S01008443",631,100,531
"S01008444",645,65,580
"S01008445",1178,208,970
"S01008446",1074,112,962
"S01008447",704,79,625
"S01008448",674,92,582
"S01008449",466,90,376
"S01008450",428,96,332
"S01008451",707,154,553
"S01008452",525,99,426
"S01008453",195,31,164
"S01008454",986,180,806
"S01008455",973,249,724
"S01008456",769,188,581
"S01008457",590,187,403
"S01008458",927,160,767
"S01008459",611,143,468
"S01008460",739,180,559
"S01008461",884,188,696
"S01008462",548,180,368
"S01008463",669,170,499
"S01008464",908,148,760
"S01008465",793,137,656
"S01008466",766,88,678
"S01008467",796,126,670
"S01008468",644,138,506
"S01008469",341,92,249
"S01008470",754,216,538
"S01008471",923,207,716
"S01008472",536,114,422
"S01008473",724,152,572
"S01008474",774,228,546
"S01008475",559,149,410
"S01008476",689,260,429
"S01008477",912,296,616
"S01008478",667,216,451
"S01008479",790,248,542
"S01008480",361,83,278
"S01008481",1338,320,1018
"S01008482",602,180,422
"S01008483",637,177,460
"S01008484",783,161,622
"S01008485",983,123,860
"S01008486",900,199,701
"S01008487",277,59,218
"S01008488",516,164,352
"S01008489",648,135,513
"S01008490",907,173,734
"S01008491",766,152,614
"S01008492",531,98,433
"S01008493",744,149,595
"S01008494",659,103,556
"S01008495",825,113,712
"S01008496",934,98,836
"S01008497",766,90,676
"S01008498",753,134,619
"S01008499",884,116,768
"S01008500",257,57,200
"S01008501",414,32,382
"S01008502",622,28,594
"S01008503",685,70,615
"S01008504",955,108,847
"S01008505",765,66,699
"S01008506",836,184,652
"S01008507",845,66,779
"S01008508",866,117,749
"S01008509",754,106,648
"S01008510",849,117,732
"S01008511",989,136,853
"S01008512",498,78,420
"S01008513",600,111,489
"S01008514",982,192,790
"S01008515",760,62,698
"S01008516",866,130,736
"S01008517",815,124,691
"S01008518",920,93,827
"S01008519",844,94,750
"S01008520",721,84,637
"S01008521",880,103,777
"S01008522",569,46,523
"S01008523",79,6,73
"S01008524",770,199,571
"S01008525",713,218,495
"S01008526",820,184,636
"S01008527",784,104,680
"S01008528",740,92,648
"S01008529",765,185,580
"S01008530",755,186,569
"S01008531",788,214,574
"S01008532",470,126,344
"S01008533",524,62,462
"S01008534",753,59,694
"S01008535",715,83,632
"S01008536",593,87,506
"S01008537",716,70,646
"S01008538",446,75,371
"S01008539",877,88,789
"S01008540",776,105,671
"S01008541",943,82,861
"S01008542",936,83,853
"S01008543",823,51,772
"S01008544",680,30,650
"S01008545",566,59,507
"S01008546",1008,109,899
"S01008547",1003,108,895
"S01008548",1035,95,940
"S01008549",981,149,832
"S01008550",815,79,736
"S01008551",1014,145,869
"S01008552",826,89,737
"S01008553",633,128,505
"S01008554",1022,233,789
"S01008555",758,216,542
"S01008556",800,200,600
"S01008557",798,254,544
"S01008558",956,262,694
"S01008559",677,209,468
"S01008560",694,194,500
"S01008561",583,134,449
"S01008562",549,170,379
"S01008563",944,185,759
"S01008564",576,170,406
"S01008565",823,237,586
"S01008566",966,248,718
"S01008567",548,137,411
"S01008568",771,105,666
"S01008569",676,196,480
"S01008570",733,184,549
"S01008571",806,187,619
"S01008572",809,213,596
"S01008573",786,117,669
"S01008574",814,101,713
"S01008575",758,68,690
"S01008576",845,121,724
"S01008577",890,221,669
"S01008578",809,155,654
"S01008579",1041,133,908
"S01008580",577,107,470
"S01008581",998,314,684
"S01008582",1055,284,771
"S01008583",665,210,455
"S01008584",645,154,491
"S01008585",699,170,529
"S01008586",725,219,506
"S01008587",884,91,793
"S01008588",729,115,614
"S01008589",380,57,323
"S01008590",565,109,456
"S01008591",740,85,655
"S01008592",720,194,526
"S01008593",807,105,702
"S01008594",947,125,822
"S01008595",833,299,534
"S01008596",876,267,609
"S01008597",879,162,717
"S01008598",753,124,629
"S01008599",879,84,795
"S01008600",916,173,743
"S01008601",2692,161,2531
"S01008602",595,54,541
"S01008603",1096,143,953
"S01008604",724,84,640
"S01008605",765,84,681
"S01008606",920,120,800
"S01008607",292,59,233
"S01008608",729,150,579
"S01008609",913,193,720
"S01008610",927,155,772
"S01008611",1230,105,1125
"S01008612",717,81,636
"S01008613",796,115,681
"S01008614",680,63,617
"S01008615",814,76,738
"S01008616",738,40,698
"S01008617",825,51,774
"S01008618",748,47,701
"S01008619",514,58,456
"S01008620",788,59,729
"S01008621",756,45,711
"S01008622",580,27,553
"S01008623",999,83,916
"S01008624",764,254,510
"S01008625",603,94,509
"S01008626",902,78,824
"S01008627",724,127,597
"S01008628",595,97,498
"S01008629",562,110,452
"S01008630",475,77,398
"S01008631",772,85,687
"S01008632",1097,395,702
"S01008633",843,189,654
"S01008634",761,64,697
"S01008635",797,94,703
"S01008636",795,108,687
"S01008637",630,108,522
"S01008638",761,186,575
"S01008639",929,118,811
"S01008640",760,59,701
"S01008641",867,75,792
"S01008642",863,72,791
"S01008643",745,67,678
"S01008644",711,63,648
"S01008645",778,69,709
"S01008646",799,87,712
"S01008647",550,36,514
"S01008648",532,81,451
"S01008649",828,89,739
"S01008650",771,85,686
"S01008651",722,129,593
"S01008652",573,107,466
"S01008653",711,122,589
"S01008654",896,113,783
"S01008655",554,76,478
"S01008656",634,121,513
"S01008657",697,110,587
"S01008658",697,121,576
"S01008659",796,101,695
"S01008660",866,70,796
"S01008661",767,116,651
"S01008662",654,57,597
"S01008663",906,163,743
"S01008664",831,103,728
"S01008665",916,118,798
"S01008666",592,40,552
"S01008667",638,74,564
"S01008668",642,47,595
"S01008669",405,22,383
"S01008670",866,73,793
"S01008671",742,87,655
"S01008672",605,44,561
"S01008673",829,134,695
"S01008674",965,133,832
"S01008675",631,109,522
"S01008676",773,117,656
"S01008677",589,81,508
"S01008678",959,85,874
"S01008679",895,184,711
"S01008680",547,94,453
"S01008681",858,208,650
"S01008682",674,136,538
"S01008683",1108,294,814
"S01008684",888,197,691
"S01008685",835,193,642
"S01008686",794,233,561
"S01008687",528,72,456
"S01008688",687,163,524
"S01008689",842,152,690
"S01008690",973,140,833
"S01008691",1017,160,857
"S01008692",566,85,481
"S01008693",501,101,400
"S01008694",913,105,808
"S01008695",689,97,592
"S01008696",703,76,627
"S01008697",871,132,739
"S01008698",413,60,353
"S01008699",924,246,678
"S01008700",499,71,428
"S01008701",417,108,309
"S01008703",658,186,472
"S01008704",402,184,218
"S01008705",292,87,205
"S01008706",213,68,145
"S01008707",766,168,598
"S01008708",816,231,585
"S01008709",789,184,605
"S01008710",256,34,222
"S01008711",651,210,441
"S01008712",1069,351,718
"S01008713",703,168,535
"S01008714",625,151,474
"S01008715",818,247,571
"S01008716",544,192,352
"S01008717",459,39,420
"S01008718",504,86,418
"S01008719",994,133,861
"S01008720",454,140,314
"S01008721",854,41,813
"S01008722",1076,253,823
"S01008723",618,68,550
"S01008724",908,176,732
"S01008725",785,113,672
"S01008726",415,63,352
"S01008727",1093,241,852
"S01008728",421,115,306
"S01008729",828,123,705
"S01008730",761,112,649
"S01008731",485,136,349
"S01008732",480,97,383
"S01008733",685,110,575
"S01008734",707,111,596
"S01008735",979,143,836
"S01008736",710,146,564
"S01008737",952,151,801
"S01008738",624,134,490
"S01008739",634,80,554
"S01008740",656,67,589
"S01008741",1121,165,956
"S01008742",435,123,312
"S01008743",1038,226,812
"S01008744",1060,272,788
"S01008745",470,74,396
"S01008746",1012,250,762
"S01008747",540,85,455
"S01008748",567,91,476
"S01008749",1180,230,950
"S01008750",736,141,595
"S01008751",660,186,474
"S01008752",801,257,544
"S01008753",449,145,304
"S01008754",563,122,441
"S01008755",802,211,591
"S01008756",711,224,487
"S01008757",570,211,359
"S01008758",835,273,562
"S01008759",567,196,371
"S01008760",939,252,687
"S01008761",449,58,391
"S01008762",654,82,572
"S01008763",973,128,845
"S01008764",713,98,615
"S01008765",867,103,764
"S01008766",1022,184,838
"S01008767",537,90,447
"S01008768",453,107,346
"S01008769",192,10,182
"S01008772",785,179,606
"S01008773",827,189,638
"S01008774",845,182,663
"S01008775",388,45,343
"S01008776",834,197,637
"S01008777",848,257,591
"S01008778",634,72,562
"S01008779",185,15,170
"S01008780",177,45,132
"S01008781",234,33,201
"S01008782",386,29,357
"S01008783",210,28,182
"S01008784",340,34,306
"S01008785",746,230,516
"S01008786",652,140,512
"S01008787",339,103,236
"S01008788",228,39,189
"S01008789",641,236,405
"S01008790",513,90,423
"S01008791",296,34,262
"S01008792",916,175,741
"S01008793",303,90,213
"S01008794",729,237,492
"S01008795",831,138,693
"S01008796",1014,146,868
"S01008797",834,153,681
"S01008798",783,179,604
"S01008799",122,50,72
"S01008800",805,118,687
"S01008801",763,108,655
"S01008802",767,163,604
"S01008803",931,194,737
"S01008804",467,184,283
"S01008805",447,45,402
"S01008806",546,99,447
"S01008807",852,126,726
"S01008808",732,124,608
"S01008809",751,82,669
"S01008810",737,62,675
"S01008811",780,113,667
"S01008812",475,35,440
"S01008813",748,144,604
"S01008814",767,114,653
"S01008815",788,158,630
"S01008816",243,85,158
"S01008817",476,57,419
"S01008818",683,81,602
"S01008819",783,159,624
"S01008820",810,195,615
"S01008821",831,91,740
"S01008822",737,74,663
"S01008823",632,124,508
"S01008824",911,121,790
"S01008825",560,87,473
"S01008826",767,97,670
"S01008827",751,96,655
"S01008828",831,129,702
"S01008829",744,126,618
"S01008830",772,114,658
"S01008831",792,121,671
"S01008832",607,125,482
"S01008833",910,160,750
"S01008834",1169,194,975
"S01008835",730,127,603
"S01008836",536,138,398
"S01008837",654,94,560
"S01008838",817,108,709
"S01008839",972,147,825
"S01008840",1037,121,916
"S01008841",441,45,396
"S01008842",201,27,174
"S01008843",721,95,626
"S01008844",307,20,287
"S01008845",688,58,630
"S01008846",745,75,670
"S01008847",504,41,463
"S01008848",731,83,648
"S01008849",759,59,700
"S01008850",714,62,652
"S01008851",907,184,723
"S01008852",976,106,870
"S01008853",557,49,508
"S01008854",903,82,821
"S01008855",1062,85,977
"S01008856",472,42,430
"S01008857",768,80,688
"S01008858",610,74,536
"S01008859",1007,194,813
"S01008860",913,148,765
"S01008861",816,97,719
"S01008862",916,111,805
"S01008863",767,78,689
"S01008864",989,79,910
"S01008865",930,176,754
"S01008866",790,68,722
"S01008867",771,77,694
"S01008868",738,55,683
"S01008869",1096,156,940
"S01008870",705,93,612
"S01008871",1213,115,1098
"S01008872",693,63,630
"S01008873",687,65,622
"S01008874",835,127,708
"S01008875",808,132,676
"S01008876",584,108,476
"S01008877",515,62,453
"S01008878",794,203,591
"S01008879",1020,183,837
"S01008880",600,114,486
"S01008881",450,83,367
"S01008882",1089,112,977
"S01008883",986,212,774
"S01008884",721,115,606
"S01008885",864,107,757
"S01008886",821,87,734
"S01008887",783,121,662
"S01008888",414,48,366
"S01008889",354,47,307
"S01008890",719,112,607
"S01008891",792,108,684
"S01008892",953,196,757
"S01008893",916,109,807
"S01008894",876,94,782
"S01008895",582,90,492
"S01008896",213,24,189
"S01008897",672,102,570
"S01008898",836,119,717
"S01008899",866,241,625
"S01008900",907,211,696
"S01008901",715,221,494
"S01008902",890,228,662
"S01008903",1005,274,731
"S01008904",972,205,767
"S01008905",1064,230,834
"S01008906",578,114,464
"S01008907",537,122,415
"S01008908",781,171,610
"S01008909",874,108,766
"S01008910",422,76,346
"S01008911",166,70,96
"S01008912",797,120,677
"S01008913",435,42,393
"S01008914",929,234,695
"S01008915",558,85,473
"S01008916",1105,376,729
"S01008917",653,168,485
"S01008918",448,134,314
"S01008919",444,112,332
"S01008920",129,20,109
"S01008921",761,229,532
"S01008922",832,193,639
"S01008923",741,209,532
"S01008924",595,135,460
"S01008925",711,95,616
"S01008926",78,5,73
"S01008927",71,10,61
"S01008928",448,180,268
"S01008929",838,276,562
"S01008930",1050,258,792
"S01008931",864,202,662
"S01008932",174,60,114
"S01008933",423,62,361
"S01008934",474,138,336
"S01008935",906,144,762
"S01008936",414,63,351
"S01008937",721,143,578
"S01008938",606,89,517
"S01008939",950,128,822
"S01008940",603,88,515
"S01008941",731,67,664
"S01008942",928,121,807
"S01008943",643,54,589
"S01008944",991,117,874
"S01008945",792,60,732
"S01008946",746,110,636
"S01008947",1110,150,960
"S01008948",728,99,629
"S01008949",860,231,629
"S01008950",922,244,678
"S01008951",895,252,643
"S01008952",906,215,691
"S01008953",965,251,714
"S01008954",871,293,578
"S01008955",667,106,561
"S01008956",957,109,848
"S01008957",1018,141,877
"S01008958",628,178,450
"S01008959",885,134,751
"S01008960",302,13,289
"S01008961",762,86,676
"S01008962",744,90,654
"S01008963",839,120,719
"S01008964",530,79,451
"S01008965",762,114,648
"S01008966",618,80,538
"S01008967",1023,139,884
"S01008968",1268,125,1143
"S01008969",1050,183,867
"S01008970",991,157,834
"S01008971",553,64,489
"S01008972",797,131,666
"S01008973",1220,305,915
"S01008974",739,130,609
"S01008975",814,266,548
"S01008976",386,51,335
"S01008977",615,97,518
"S01008978",584,94,490
"S01008979",716,87,629
"S01008980",792,87,705
"S01008981",729,140,589
"S01008982",807,125,682
"S01008983",675,72,603
"S01008984",519,70,449
"S01008985",606,60,546
"S01008986",930,122,808
"S01008987",878,113,765
"S01008988",871,229,642
"S01008989",687,62,625
"S01008990",778,67,711
"S01008991",1002,47,955
"S01008992",533,86,447
"S01008993",921,135,786
"S01008994",736,118,618
"S01008995",688,56,632
"S01008996",718,135,583
"S01008997",765,125,640
"S01008998",635,87,548
"S01008999",887,199,688
"S01009000",961,122,839
"S01009001",744,90,654
"S01009002",682,105,577
"S01009003",827,105,722
"S01009004",708,87,621
"S01009005",765,93,672
"S01009006",798,141,657
"S01009007",709,158,551
"S01009008",983,114,869
"S01009009",579,119,460
"S01009010",1019,78,941
"S01009011",958,59,899
"S01009012",834,76,758
"S01009013",977,95,882
"S01009014",538,115,423
"S01009015",393,76,317
"S01009016",560,92,468
"S01009017",409,76,333
"S01009018",870,126,744
"S01009019",532,78,454
"S01009020",717,121,596
"S01009021",736,126,610
"S01009022",865,165,700
"S01009023",866,161,705
"S01009024",960,219,741
"S01009025",965,194,771
"S01009026",849,203,646
"S01009027",834,184,650
"S01009028",348,89,259
"S01009029",528,112,416
"S01009030",724,137,587
"S01009031",798,155,643
"S01009032",631,136,495
"S01009033",710,167,543
"S01009034",644,133,511
"S01009035",867,137,730
"S01009036",871,168,703
"S01009037",559,114,445
"S01009038",928,191,737
"S01009039",748,141,607
"S01009040",717,231,486
"S01009041",702,200,502
"S01009042",823,154,669
"S01009043",672,147,525
"S01009044",948,268,680
"S01009045",774,150,624
"S01009046",782,156,626
"S01009047",691,108,583
"S01009048",745,142,603
"S01009049",544,122,422
"S01009050",979,192,787
"S01009051",570,106,464
"S01009052",598,116,482
"S01009053",602,154,448
"S01009054",593,143,450
"S01009055",735,152,583
"S01009056",604,122,482
"S01009057",557,151,406
"S01009058",743,199,544
"S01009059",392,100,292
"S01009060",314,121,193
"S01009061",875,135,740
"S01009062",755,153,602
"S01009063",704,108,596
"S01009064",609,98,511
"S01009065",699,165,534
"S01009066",774,157,617
"S01009067",670,64,606
"S01009068",935,179,756
"S01009069",723,55,668
"S01009070",587,65,522
"S01009071",608,125,483
"S01009072",230,50,180
"S01009073",694,218,476
"S01009074",773,174,599
"S01009075",532,126,406
"S01009076",1006,141,865
"S01009077",496,76,420
"S01009079",1033,347,686
"S01009080",1001,233,768
"S01009081",710,164,546
"S01009082",856,207,649
"S01009083",590,118,472
"S01009084",699,115,584
"S01009086",415,78,337
"S01009087",590,133,457
"S01009088",1044,430,614
"S01009089",145,8,137
"S01009090",303,39,264
"S01009091",272,19,253
"S01009092",905,240,665
"S01009093",685,149,536
"S01009094",712,97,615
"S01009095",744,155,589
"S01009096",467,104,363
"S01009097",522,39,483
"S01009098",578,74,504
"S01009099",905,215,690
"S01009100",811,280,531
"S01009101",978,220,758
"S01009102",864,177,687
"S01009103",688,91,597
"S01009104",839,204,635
"S01009105",683,148,535
"S01009106",595,127,468
"S01009107",569,107,462
"S01009108",678,89,589
"S01009109",779,80,699
"S01009110",654,129,525
"S01009111",911,99,812
"S01009112",471,73,398
"S01009113",956,166,790
"S01009114",655,95,560
"S01009115",477,67,410
"S01009116",544,64,480
"S01009117",790,144,646
"S01009118",661,40,621
"S01009119",778,179,599
"S01009120",530,128,402
"S01009121",730,193,537
"S01009122",977,198,779
"S01009123",353,37,316
"S01009124",266,54,212
"S01009125",604,187,417
"S01009126",520,149,371
"S01009127",510,131,379
"S01009128",821,284,537
"S01009129",545,130,415
"S01009130",357,98,259
"S01009131",494,153,341
"S01009132",781,60,721
"S01009133",647,192,455
"S01009134",876,171,705
"S01009135",619,44,575
"S01009136",186,16,170
"S01009137",142,134,8
"S01009138",827,93,734
"S01009139",479,92,387
"S01009140",736,161,575
"S01009141",648,179,469
"S01009142",517,124,393
"S01009143",553,174,379
"S01009144",296,62,234
"S01009145",919,258,661
"S01009146",749,207,542
"S01009147",822,234,588
"S01009148",737,139,598
"S01009149",423,107,316
"S01009150",724,407,317
"S01009151",679,196,483
"S01009152",634,220,414
"S01009153",459,96,363
"S01009154",818,163,655
"S01009155",494,123,371
"S01009156",604,93,511
"S01009157",900,210,690
"S01009158",534,137,397
"S01009159",531,156,375
"S01009160",610,223,387
"S01009161",481,127,354
"S01009162",712,188,524
"S01009163",454,136,318
"S01009164",822,199,623
"S01009165",739,159,580
"S01009166",846,267,579
"S01009167",574,144,430
"S01009168",638,112,526
"S01009169",760,277,483
"S01009170",710,161,549
"S01009171",717,106,611
"S01009172",613,96,517
"S01009173",532,53,479
"S01009174",148,4,144
"S01009175",816,50,766
"S01009176",883,144,739
"S01009177",895,146,749
"S01009178",773,139,634
"S01009179",803,128,675
"S01009180",1017,239,778
"S01009181",1578,291,1287
"S01009182",995,140,855
"S01009183",331,19,312
"S01009184",1025,260,765
"S01009185",720,178,542
"S01009186",605,113,492
"S01009187",1055,180,875
"S01009188",868,189,679
"S01009189",819,194,625
"S01009190",289,53,236
"S01009191",126,2,124
"S01009192",821,118,703
"S01009193",75,11,64
"S01009194",849,103,746
"S01009195",399,22,377
"S01009196",754,167,587
"S01009197",520,95,425
"S01009198",768,92,676
"S01009199",361,64,297
"S01009200",844,148,696
"S01009201",554,79,475
"S01009202",544,64,480
"S01009203",666,201,465
"S01009204",720,127,593
"S01009205",777,89,688
"S01009206",1039,98,941
"S01009207",967,141,826
"S01009208",722,124,598
"S01009209",563,162,401
"S01009210",937,168,769
"S01009211",568,78,490
"S01009212",885,242,643
"S01009213",715,161,554
"S01009214",990,147,843
"S01009215",861,219,642
"S01009216",945,205,740
"S01009217",613,181,432
"S01009218",845,170,675
"S01009219",573,153,420
"S01009220",289,59,230
"S01009221",545,146,399
"S01009222",568,127,441
"S01009223",510,148,362
"S01009224",696,192,504
"S01009225",568,166,402
"S01009226",858,287,571
"S01009227",607,198,409
"S01009228",615,179,436
"S01009229",582,116,466
"S01009230",590,69,521
"S01009231",937,165,772
"S01009232",581,124,457
"S01009233",512,121,391
"S01009234",859,185,674
"S01009235",742,144,598
"S01009236",498,97,401
"S01009237",938,172,766
"S01009238",812,168,644
"S01009239",913,146,767
"S01009240",701,187,514
"S01009241",1013,206,807
"S01009242",807,124,683
"S01009243",1092,186,906
"S01009244",876,91,785
"S01009245",892,148,744
"S01009246",835,204,631
"S01009247",908,219,689
"S01009248",799,108,691
"S01009249",939,251,688
"S01009250",651,149,502
"S01009251",627,100,527
"S01009252",477,20,457
"S01009253",499,174,325
"S01009254",890,231,659
"S01009255",482,128,354
"S01009256",497,92,405
"S01009257",637,182,455
"S01009258",645,120,525
"S01009259",634,132,502
"S01009260",818,193,625
"S01009261",772,213,559
"S01009262",557,163,394
"S01009263",182,17,165
"S01009264",713,174,539
"S01009265",755,138,617
"S01009266",911,227,684
"S01009267",612,134,478
"S01009268",724,169,555
"S01009269",909,204,705
"S01009270",618,203,415
"S01009271",916,107,809
"S01009272",764,150,614
"S01009273",470,79,391
"S01009274",718,141,577
"S01009275",694,173,521
"S01009276",765,103,662
"S01009277",1016,173,843
"S01009278",225,57,168
"S01009279",591,109,482
"S01009280",939,293,646
"S01009281",677,201,476
"S01009282",521,110,411
"S01009283",730,119,611
"S01009284",805,82,723
"S01009285",961,109,852
"S01009286",741,101,640
"S01009287",789,110,679
"S01009288",948,182,766
"S01009289",929,134,795
"S01009290",673,109,564
"S01009291",1064,107,957
"S01009292",241,46,195
"S01009293",511,111,400
"S01009294",321,42,279
"S01009295",718,74,644
"S01009296",450,74,376
"S01009297",697,61,636
"S01009298",943,279,664
"S01009299",886,166,720
"S01009300",532,101,431
"S01009301",991,208,783
"S01009302",914,264,650
"S01009303",835,212,623
"S01009304",961,166,795
"S01009305",725,175,550
"S01009306",940,180,760
"S01009307",963,165,798
"S01009308",400,59,341
"S01009309",604,110,494
"S01009310",956,130,826
"S01009311",759,176,583
"S01009312",659,102,557
"S01009313",426,128,298
"S01009314",817,138,679
"S01009315",573,188,385
"S01009316",709,70,639
"S01009317",940,88,852
"S01009318",655,77,578
"S01009319",931,173,758
"S01009320",756,162,594
"S01009321",422,40,382
"S01009322",465,73,392
"S01009323",627,135,492
"S01009324",560,110,450
"S01009325",793,149,644
"S01009326",304,61,243
"S01009327",565,118,447
"S01009331",102,6,96
"S01009332",1010,198,812
"S01009333",773,158,615
"S01009334",647,151,496
"S01009335",865,200,665
"S01009336",616,146,470
"S01009337",790,175,615
"S01009338",676,181,495
"S01009339",702,168,534
"S01009340",755,159,596
"S01009341",667,170,497
"S01009342",800,180,620
"S01009343",596,93,503
"S01009344",763,196,567
"S01009345",889,135,754
"S01009346",164,11,153
"S01009353",233,14,219
"S01009355",856,100,756
"S01009356",1059,145,914
"S01009357",482,39,443
"S01009358",204,7,197
"S01009359",255,14,241
"S01009360",821,125,696
"S01009361",789,112,677
"S01009362",1074,119,955
"S01009363",872,159,713
"S01009364",854,114,740
"S01009365",435,77,358
"S01009366",791,195,596
"S01009367",499,133,366
"S01009368",601,96,505
"S01009369",632,128,504
"S01009370",928,194,734
"S01009371",720,148,572
"S01009372",517,96,421
"S01009373",744,182,562
"S01009374",815,191,624
"S01009375",777,159,618
"S01009376",576,146,430
"S01009377",846,115,731
"S01009378",790,86,704
"S01009379",221,32,189
"S01009380",559,52,507
"S01009381",541,66,475
"S01009382",720,190,530
"S01009383",1020,199,821
"S01009384",374,52,322
"S01009385",399,57,342
"S01009386",683,121,562
"S01009387",630,115,515
"S01009388",1029,248,781
"S01009389",877,153,724
"S01009390",783,37,746
"S01009391",680,35,645
"S01009392",473,23,450
"S01009393",611,63,548
"S01009394",809,145,664
"S01009395",757,120,637
"S01009396",779,75,704
"S01009397",741,103,638
"S01009398",718,100,618
"S01009399",787,108,679
"S01009400",528,92,436
"S01009401",752,106,646
"S01009402",993,151,842
"S01009403",600,68,532
"S01009404",588,132,456
"S01009405",517,84,433
"S01009406",778,161,617
"S01009407",414,80,334
"S01009408",472,93,379
"S01009409",790,209,581
"S01009410",909,193,716
"S01009411",823,197,626
"S01009412",922,237,685
"S01009413",1032,214,818
"S01009414",715,138,577
"S01009415",608,152,456
"S01009416",383,59,324
"S01009417",873,178,695
"S01009418",883,272,611
"S01009419",595,139,456
"S01009420",676,163,513
"S01009421",618,127,491
"S01009422",747,170,577
"S01009424",573,166,407
"S01009425",622,141,481
"S01009426",812,233,579
"S01009427",622,188,434
"S01009428",563,150,413
"S01009429",672,223,449
"S01009430",728,230,498
"S01009431",527,170,357
"S01009432",908,228,680
"S01009433",924,228,696
"S01009434",575,188,387
"S01009435",828,236,592
"S01009436",531,144,387
"S01009437",527,159,368
"S01009438",641,184,457
"S01009439",986,292,694
"S01009440",720,244,476
"S01009441",848,199,649
"S01009442",829,205,624
"S01009443",984,266,718
"S01009444",742,113,629
"S01009445",801,219,582
"S01009446",759,256,503
"S01009447",515,144,371
"S01009448",580,170,410
"S01009449",555,170,385
"S01009450",609,166,443
"S01009451",747,221,526
"S01009452",550,132,418
"S01009453",1000,291,709
"S01009454",657,90,567
"S01009455",904,157,747
"S01009456",1043,310,733
"S01009457",910,170,740
"S01009458",638,167,471
"S01009459",705,177,528
"S01009460",914,217,697
"S01009462",682,149,533
"S01009463",761,120,641
"S01009464",897,156,741
"S01009465",562,84,478
"S01009466",594,120,474
"S01009467",781,128,653
"S01009468",725,185,540
"S01009469",815,179,636
"S01009470",514,87,427
"S01009471",626,250,376
"S01009472",929,173,756
"S01009473",877,195,682
"S01009474",719,153,566
"S01009476",232,39,193
"S01009477",796,179,617
"S01009478",772,123,649
"S01009479",758,124,634
"S01009480",676,132,544
"S01009481",865,179,686
"S01009482",684,166,518
"S01009483",743,114,629
"S01009484",822,172,650
"S01009485",790,211,579
"S01009486",627,194,433
"S01009487",837,237,600
"S01009488",720,144,576
"S01009489",804,233,571
"S01009490",797,185,612
"S01009491",637,221,416
"S01009492",886,180,706
"S01009493",890,155,735
"S01009494",978,96,882
"S01009495",941,91,850
"S01009496",849,180,669
"S01009497",852,123,729
"S01009498",662,85,577
"S01009499",834,167,667
"S01009500",787,201,586
"S01009501",733,184,549
"S01009502",917,204,713
"S01009503",787,140,647
"S01009504",779,162,617
"S01009505",792,176,616
"S01009506",778,194,584
"S01009507",531,75,456
"S01009508",916,189,727
"S01009509",970,241,729
"S01009510",774,91,683
"S01009511",673,86,587
"S01009512",840,96,744
"S01009513",652,64,588
"S01009514",811,80,731
"S01009515",775,200,575
"S01009516",1045,279,766
"S01009519",581,63,518
"S01009520",816,103,713
"S01009521",818,240,578
"S01009522",750,150,600
"S01009523",658,167,491
"S01009524",506,148,358
"S01009525",669,167,502
"S01009526",407,46,361
"S01009527",589,137,452
"S01009528",526,188,338
"S01009529",610,138,472
"S01009530",567,91,476
"S01009531",929,248,681
"S01009532",848,287,561
"S01009533",764,229,535
"S01009534",751,258,493
"S01009535",637,159,478
"S01009536",567,112,455
"S01009537",544,141,403
"S01009538",833,257,576
"S01009539",973,251,722
"S01009540",893,232,661
"S01009541",1380,291,1089
"S01009542",564,142,422
"S01009543",544,152,392
"S01009544",733,178,555
"S01009545",903,213,690
"S01009546",567,164,403
"S01009547",721,159,562
"S01009548",582,111,471
"S01009549",695,131,564
"S01009550",578,79,499
"S01009551",567,108,459
"S01009552",925,222,703
"S01009553",869,214,655
"S01009554",803,169,634
"S01009555",640,108,532
"S01009556",909,131,778
"S01009557",744,160,584
"S01009558",752,148,604
"S01009559",847,160,687
"S01009560",782,140,642
"S01009561",678,155,523
"S01009562",792,162,630
"S01009563",804,215,589
"S01009564",719,150,569
"S01009565",640,127,513
"S01009566",919,157,762
"S01009567",965,171,794
"S01009568",784,176,608
"S01009569",861,172,689
"S01009570",545,128,417
"S01009571",697,146,551
"S01009572",1083,266,817
"S01009573",754,201,553
"S01009574",973,244,729
"S01009575",581,130,451
"S01009576",520,77,443
"S01009577",778,115,663
"S01009578",816,135,681
"S01009579",635,116,519
"S01009580",447,46,401
"S01009581",597,114,483
"S01009582",524,89,435
"S01009583",853,155,698
"S01009584",353,78,275
"S01009585",1051,191,860
"S01009586",683,174,509
"S01009587",735,232,503
"S01009588",1133,316,817
"S01009589",919,172,747
"S01009590",413,90,323
"S01009591",603,79,524
"S01009592",598,131,467
"S01009593",516,57,459
"S01009594",726,45,681
"S01009595",172,24,148
"S01009596",870,156,714
"S01009597",945,165,780
"S01009598",732,155,577
"S01009599",1019,191,828
"S01009600",718,182,536
"S01009601",673,128,545
"S01009602",713,43,670
"S01009603",663,87,576
"S01009604",754,146,608
"S01009605",790,190,600
"S01009606",280,75,205
"S01009607",506,68,438
"S01009608",610,137,473
"S01009609",651,127,524
"S01009610",993,209,784
"S01009611",546,82,464
"S01009612",434,111,323
"S01009613",336,46,290
"S01009614",766,158,608
"S01009615",387,75,312
"S01009616",606,115,491
"S01009617",538,67,471
"S01009618",751,199,552
"S01009619",663,226,437
"S01009620",812,264,548
"S01009621",975,242,733
"S01009622",739,175,564
"S01009623",546,162,384
"S01009624",911,255,656
"S01009625",931,232,699
"S01009626",629,177,452
"S01009627",839,240,599
"S01009628",530,236,294
"S01009629",1088,232,856
"S01009630",851,225,626
"S01009631",722,205,517
"S01009632",628,217,411
"S01009633",747,186,561
"S01009634",467,156,311
"S01009635",903,212,691
"S01009636",974,240,734
"S01009637",658,162,496
"S01009638",862,234,628
"S01009639",650,153,497
"S01009640",521,193,328
"S01009641",748,219,529
"S01009642",878,201,677
"S01009643",114,11,103
"S01009644",675,175,500
"S01009645",664,189,475
"S01009646",635,153,482
"S01009647",659,213,446
"S01009648",835,185,650
"S01009649",780,183,597
"S01009650",547,103,444
"S01009651",1548,304,1244
"S01009652",611,125,486
"S01009653",561,89,472
"S01009654",596,122,474
"S01009655",915,217,698
"S01009656",779,256,523
"S01009657",727,184,543
"S01009658",801,152,649
"S01009659",560,131,429
"S01009660",793,180,613
"S01009661",641,117,524
"S01009662",855,149,706
"S01009663",512,91,421
"S01009664",816,137,679
"S01009665",645,153,492
"S01009666",767,155,612
"S01009667",409,61,348
"S01009668",458,66,392
"S01009669",594,98,496
"S01009670",982,163,819
"S01009671",385,58,327
"S01009672",705,137,568
"S01009673",551,127,424
"S01009674",1030,175,855
"S01009675",1058,163,895
"S01009676",869,127,742
"S01009677",555,89,466
"S01009678",604,117,487
"S01009679",900,173,727
"S01009680",652,94,558
"S01009681",838,291,547
"S01009682",522,78,444
"S01009683",759,151,608
"S01009684",696,85,611
"S01009685",628,162,466
"S01009686",905,202,703
"S01009687",710,150,560
"S01009688",939,230,709
"S01009689",550,131,419
"S01009690",711,126,585
"S01009691",518,69,449
"S01009692",1071,242,829
"S01009693",432,46,386
"S01009694",1073,206,867
"S01009695",697,103,594
"S01009696",978,144,834
"S01009697",698,138,560
"S01009698",562,86,476
"S01009699",588,112,476
"S01009700",699,136,563
"S01009701",413,81,332
"S01009702",608,96,512
"S01009703",555,138,417
"S01009704",1108,183,925
"S01009705",785,139,646
"S01009706",705,148,557
"S01009707",642,102,540
"S01009708",526,114,412
"S01009709",949,214,735
"S01009710",411,55,356
"S01009711",805,204,601
"S01009712",541,112,429
"S01009713",904,175,729
"S01009714",898,180,718
"S01009715",925,175,750
"S01009716",743,145,598
"S01009717",532,115,417
"S01009718",756,158,598
"S01009719",790,146,644
"S01009720",680,176,504
"S01009721",745,57,688
"S01009722",1117,133,984
"S01009723",667,113,554
"S01009724",975,248,727
"S01009725",677,74,603
"S01009726",906,89,817
"S01009727",522,58,464
"S01009728",713,87,626
"S01009729",772,125,647
"S01009730",304,38,266
"S01009731",472,80,392
"S01009732",580,80,500
"S01009733",332,61,271
"S01009734",1465,160,1305
"S01009735",839,143,696
"S01009736",1028,176,852
"S01009737",560,89,471
"S01009738",380,53,327
"S01009739",470,36,434
"S01009740",534,107,427
"S01009741",1184,85,1099
"S01009742",576,70,506
"S01009743",1018,149,869
"S01009744",601,71,530
"S01009745",881,125,756
"S01009746",742,99,643
"S01009747",629,129,500
"S01009748",708,111,597
"S01009749",980,191,789
"S01009750",662,149,513
"S01009751",799,173,626
"S01009752",359,56,303
"S01009753",646,129,517
"S01009754",782,129,653
"S01009755",691,136,555
"S01009756",772,114,658
"S01009757",563,76,487
"S01009758",697,132,565
"S01009759",890,222,668
"S01009760",883,260,623
"S01009761",902,136,766
"S01009762",843,211,632
"S01009763",451,29,422
"S01009764",542,128,414
"S01009765",929,173,756
"S01009766",519,59,460
"S01009767",618,173,445
"S01009768",370,111,259
"S01009769",717,256,461
"S01009770",729,78,651
"S01009771",896,94,802
"S01009772",698,77,621
"S01009775",928,307,621
"S01009776",498,143,355
"S01009777",556,123,433
"S01009778",873,341,532
"S01009779",502,161,341
"S01009780",385,100,285
"S01009781",590,178,412
"S01009782",164,43,121
"S01009783",709,148,561
"S01009784",843,229,614
"S01009785",860,269,591
"S01009786",945,277,668
"S01009787",964,322,642
"S01009788",923,338,585
"S01009789",910,324,586
"S01009790",609,174,435
"S01009791",716,207,509
"S01009792",177,13,164
"S01009793",1086,337,749
"S01009794",368,25,343
"S01009795",713,56,657
"S01009796",506,76,430
"S01009797",414,72,342
"S01009798",659,47,612
"S01009799",866,274,592
"S01009800",1177,313,864
"S01009801",1066,294,772
"S01009802",957,231,726
"S01009803",535,181,354
"S01009805",961,304,657
"S01009806",1008,358,650
"S01009807",1106,250,856
"S01009808",876,226,650
"S01009809",637,140,497
"S01009810",799,253,546
"S01009811",1075,419,656
"S01009812",796,242,554
"S01009813",750,226,524
"S01009814",854,203,651
"S01009815",749,151,598
"S01009816",775,99,676
"S01009817",744,222,522
"S01009818",925,174,751
"S01009819",726,224,502
"S01009820",1018,275,743
"S01009821",728,145,583
"S01009822",596,151,445
"S01009823",700,245,455
"S01009824",844,257,587
"S01009825",865,253,612
"S01009826",649,189,460
"S01009827",900,308,592
"S01009828",756,321,435
"S01009829",1118,281,837
"S01009830",827,159,668
"S01009831",753,97,656
"S01009832",1015,250,765
"S01009833",338,63,275
"S01009834",338,90,248
"S01009835",543,204,339
"S01009836",756,216,540
"S01009837",689,297,392
"S01009838",777,232,545
"S01009839",994,243,751
"S01009840",1025,364,661
"S01009841",815,295,520
"S01009842",664,199,465
"S01009843",454,179,275
"S01009844",604,199,405
"S01009845",548,158,390
"S01009846",915,231,684
"S01009847",477,142,335
"S01009848",902,299,603
"S01009849",790,305,485
"S01009850",770,251,519
"S01009851",934,357,577
"S01009852",403,159,244
"S01009853",862,267,595
"S01009854",565,184,381
"S01009855",596,164,432
"S01009856",584,221,363
"S01009857",882,289,593
"S01009858",760,238,522
"S01009859",1011,387,624
"S01009860",948,358,590
"S01009861",1179,373,806
"S01009862",1291,384,907
"S01009863",799,183,616
"S01009864",736,143,593
"S01009865",561,141,420
"S01009866",900,228,672
"S01009867",667,186,481
"S01009868",615,146,469
"S01009869",646,83,563
"S01009870",572,120,452
"S01009871",937,352,585
"S01009872",781,136,645
"S01009873",926,193,733
"S01009874",1036,271,765
"S01009875",214,40,174
"S01009876",724,215,509
"S01009877",843,148,695
"S01009878",832,152,680
"S01009879",1061,160,901
"S01009880",822,143,679
"S01009881",748,128,620
"S01009882",274,47,227
"S01009883",775,122,653
"S01009884",814,134,680
"S01009885",920,197,723
"S01009886",798,162,636
"S01009887",828,198,630
"S01009888",716,131,585
"S01009889",803,169,634
"S01009890",529,112,417
"S01009891",696,219,477
"S01009892",745,213,532
"S01009893",841,184,657
"S01009894",670,245,425
"S01009895",885,265,620
"S01009896",932,248,684
"S01009897",985,248,737
"S01009898",530,206,324
"S01009899",788,160,628
"S01009900",819,120,699
"S01009901",846,112,734
"S01009902",917,329,588
"S01009903",951,187,764
"S01009904",756,137,619
"S01009905",580,76,504
"S01009906",701,107,594
"S01009907",737,177,560
"S01009908",904,119,785
"S01009909",852,133,719
"S01009910",623,91,532
"S01009911",1060,197,863
"S01009912",903,226,677
"S01009913",635,73,562
"S01009914",947,111,836
"S01009915",908,128,780
"S01009916",935,171,764
"S01009917",655,105,550
"S01009918",796,150,646
"S01009919",982,283,699
"S01009920",842,142,700
"S01009921",660,94,566
"S01009922",979,141,838
"S01009923",907,182,725
"S01009924",891,121,770
"S01009925",672,71,601
"S01009926",668,103,565
"S01009927",363,98,265
"S01009928",794,169,625
"S01009929",509,82,427
"S01009930",796,148,648
"S01009931",725,66,659
"S01009932",620,120,500
"S01009933",594,198,396
"S01009934",412,77,335
"S01009935",513,244,269
"S01009936",657,220,437
"S01009937",493,190,303
"S01009938",999,408,591
"S01009939",912,254,658
"S01009940",839,317,522
"S01009941",936,85,851
"S01009942",993,280,713
"S01009943",838,302,536
"S01009944",790,213,577
"S01009945",1016,317,699
"S01009946",808,235,573
"S01009947",606,150,456
"S01009948",712,227,485
"S01009949",994,262,732
"S01009950",976,123,853
"S01009951",649,56,593
"S01009952",737,106,631
"S01009953",926,148,778
"S01009954",715,105,610
"S01009955",1013,279,734
"S01009956",768,214,554
"S01009957",827,91,736
"S01009958",991,121,870
"S01009959",777,124,653
"S01009960",838,159,679
"S01009961",594,136,458
"S01009962",919,171,748
"S01009963",1067,151,916
"S01009964",790,114,676
"S01009965",798,105,693
"S01009966",849,111,738
"S01009967",859,133,726
"S01009968",661,109,552
"S01009969",751,148,603
"S01009970",1008,358,650
"S01009971",770,237,533
"S01009972",736,249,487
"S01009973",214,60,154
"S01009974",636,186,450
"S01009975",768,294,474
"S01009976",514,155,359
"S01009977",773,310,463
"S01009978",766,172,594
"S01009979",454,154,300
"S01009980",448,155,293
"S01009981",488,139,349
"S01009982",692,181,511
"S01009983",577,166,411
"S01009984",754,142,612
"S01009985",652,178,474
"S01009986",584,189,395
"S01009987",741,263,478
"S01009988",489,190,299
"S01009989",896,202,694
"S01009990",709,90,619
"S01009991",799,117,682
"S01009992",759,282,477
"S01009993",859,93,766
"S01009994",763,112,651
"S01009995",679,93,586
"S01009996",735,130,605
"S01009997",634,91,543
"S01009998",714,116,598
"S01009999",944,137,807
"S01010000",722,82,640
"S01010001",653,123,530
"S01010002",850,130,720
"S01010003",756,86,670
"S01010004",789,113,676
"S01010005",735,170,565
"S01010006",872,246,626
"S01010007",952,133,819
"S01010008",424,113,311
"S01010009",613,107,506
"S01010010",1010,177,833
"S01010011",720,240,480
"S01010012",947,158,789
"S01010013",922,172,750
"S01010014",894,150,744
"S01010015",656,96,560
"S01010016",777,252,525
"S01010017",754,220,534
"S01010018",727,275,452
"S01010019",781,233,548
"S01010020",759,227,532
"S01010021",783,255,528
"S01010022",298,132,166
"S01010023",617,256,361
"S01010024",492,158,334
"S01010025",537,203,334
"S01010026",439,177,262
"S01010027",452,114,338
"S01010028",351,144,207
"S01010029",675,261,414
"S01010030",341,78,263
"S01010031",471,62,409
"S01010032",286,37,249
"S01010033",779,259,520
"S01010034",905,347,558
"S01010035",585,197,388
"S01010036",126,10,116
"S01010037",721,343,378
"S01010038",855,359,496
"S01010039",611,87,524
"S01010040",539,135,404
"S01010041",543,147,396
"S01010042",352,81,271
"S01010043",675,192,483
"S01010044",926,342,584
"S01010045",613,217,396
"S01010046",719,265,454
"S01010047",834,331,503
"S01010048",922,420,502
"S01010049",720,257,463
"S01010050",715,282,433
"S01010051",694,291,403
"S01010052",602,246,356
"S01010053",542,212,330
"S01010054",670,219,451
"S01010055",944,306,638
"S01010056",571,180,391
"S01010057",151,57,94
"S01010058",666,146,520
"S01010059",575,128,447
"S01010060",910,294,616
"S01010061",208,61,147
"S01010062",708,284,424
"S01010063",1197,396,801
"S01010064",592,125,467
"S01010065",927,349,578
"S01010066",792,216,576
"S01010067",649,191,458
"S01010068",342,172,170
"S01010069",763,119,644
"S01010070",752,91,661
"S01010071",916,241,675
"S01010072",798,266,532
"S01010073",828,241,587
"S01010074",818,236,582
"S01010075",741,252,489
"S01010076",775,203,572
"S01010077",562,189,373
"S01010078",584,103,481
"S01010079",1017,172,845
"S01010080",749,148,601
"S01010081",781,144,637
"S01010082",727,158,569
"S01010083",888,312,576
"S01010084",895,313,582
"S01010085",772,167,605
"S01010086",1025,353,672
"S01010087",844,150,694
"S01010088",379,57,322
"S01010089",761,258,503
"S01010090",1028,222,806
"S01010091",519,99,420
"S01010092",999,393,606
"S01010093",839,185,654
"S01010094",776,163,613
"S01010095",794,122,672
"S01010096",668,98,570
"S01010097",784,142,642
"S01010098",784,121,663
"S01010099",778,119,659
"S01010100",1030,214,816
"S01010101",843,179,664
"S01010102",986,88,898
"S01010103",977,83,894
"S01010104",404,38,366
"S01010105",644,220,424
"S01010106",547,151,396
"S01010107",794,203,591
"S01010108",748,201,547
"S01010109",725,154,571
"S01010110",973,343,630
"S01010111",969,282,687
"S01010112",785,202,583
"S01010113",611,150,461
"S01010114",654,223,431
"S01010115",678,87,591
"S01010116",532,56,476
"S01010117",311,133,178
"S01010118",650,195,455
"S01010119",328,110,218
"S01010120",878,190,688
"S01010121",542,120,422
"S01010122",519,160,359
"S01010123",611,170,441
"S01010124",592,71,521
"S01010125",279,66,213
"S01010126",807,166,641
"S01010127",552,215,337
"S01010128",529,130,399
"S01010129",717,227,490
"S01010130",651,220,431
"S01010131",1061,225,836
"S01010132",1041,414,627
"S01010133",759,295,464
"S01010134",1072,358,714
"S01010135",793,316,477
"S01010136",832,235,597
"S01010137",970,371,599
"S01010138",1007,465,542
"S01010139",967,387,580
"S01010140",750,73,677
"S01010141",942,355,587
"S01010142",612,165,447
"S01010143",749,336,413
"S01010144",674,178,496
"S01010145",709,202,507
"S01010146",781,186,595
"S01010147",791,269,522
"S01010148",635,217,418
"S01010149",314,178,136
"S01010150",696,330,366
"S01010151",734,355,379
"S01010152",734,271,463
"S01010153",943,397,546
"S01010154",924,439,485
"S01010155",800,350,450
"S01010156",431,165,266
"S01010157",482,172,310
"S01010158",954,355,599
"S01010159",789,302,487
"S01010160",426,177,249
"S01010161",663,125,538
"S01010162",589,179,410
"S01010163",392,140,252
"S01010164",741,241,500
"S01010165",853,265,588
"S01010166",757,264,493
"S01010167",831,328,503
"S01010168",272,92,180
"S01010169",915,194,721
"S01010170",634,185,449
"S01010171",1003,319,684
"S01010172",660,320,340
"S01010173",791,270,521
"S01010174",1077,336,741
"S01010175",500,133,367
"S01010176",743,296,447
"S01010177",720,200,520
"S01010178",833,213,620
"S01010179",601,188,413
"S01010180",382,123,259
"S01010181",750,234,516
"S01010182",707,143,564
"S01010183",436,180,256
"S01010184",670,225,445
"S01010185",608,179,429
"S01010186",713,95,618
"S01010187",721,96,625
"S01010188",820,138,682
"S01010189",874,63,811
"S01010191",752,61,691
"S01010192",701,46,655
"S01010193",1008,189,819
"S01010194",728,236,492
"S01010195",557,158,399
"S01010196",742,261,481
"S01010197",844,246,598
"S01010198",1117,439,678
"S01010199",558,160,398
"S01010200",725,245,480
"S01010201",463,166,297
"S01010202",785,197,588
"S01010203",543,33,510
"S01010204",770,210,560
"S01010205",745,237,508
"S01010206",516,168,348
"S01010207",571,115,456
"S01010208",943,184,759
"S01010209",880,290,590
"S01010210",879,279,600
"S01010211",779,271,508
"S01010212",1002,382,620
"S01010213",919,348,571
"S01010214",1072,224,848
"S01010215",756,335,421
"S01010216",588,187,401
"S01010217",844,182,662
"S01010218",881,249,632
"S01010219",468,131,337
"S01010220",370,64,306
"S01010221",229,86,143
"S01010222",491,147,344
"S01010223",599,190,409
"S01010224",982,323,659
"S01010225",723,178,545
"S01010226",811,235,576
"S01010227",799,214,585
"S01010228",691,328,363
"S01010229",904,231,673
"S01010230",945,338,607
"S01010231",731,273,458
"S01010232",787,193,594
"S01010233",959,294,665
"S01010234",1111,276,835
"S01010235",184,125,59
"S01010236",552,121,431
"S01010237",587,111,476
"S01010238",725,196,529
"S01010239",794,301,493
"S01010240",721,203,518
"S01010241",1001,286,715
"S01010242",794,195,599
"S01010243",980,258,722
"S01010244",690,228,462
"S01010245",767,296,471
"S01010246",823,263,560
"S01010247",705,165,540
"S01010248",851,150,701
"S01010249",754,181,573
"S01010250",776,137,639
"S01010251",300,43,257
"S01010252",585,141,444
"S01010253",694,265,429
"S01010254",879,298,581
"S01010255",677,248,429
"S01010256",919,290,629
"S01010257",450,107,343
"S01010258",426,18,408
"S01010259",1334,327,1007
"S01010260",1573,228,1345
"S01010261",1785,507,1278
"S01010262",1006,397,609
"S01010263",548,61,487
"S01010264",606,190,416
"S01010265",253,42,211
"S01010266",488,66,422
"S01010267",493,29,464
"S01010268",797,133,664
"S01010269",530,92,438
"S01010270",897,517,380
"S01010271",752,119,633
"S01010272",355,171,184
"S01010273",169,14,155
"S01010274",143,17,126
"S01010275",104,5,99
"S01010276",120,13,107
"S01010277",584,248,336
"S01010278",662,178,484
"S01010279",459,89,370
"S01010280",815,137,678
"S01010281",552,67,485
"S01010282",854,211,643
"S01010283",555,87,468
"S01010284",902,114,788
"S01010285",616,105,511
"S01010286",880,64,816
"S01010287",936,129,807
"S01010288",610,82,528
"S01010289",272,22,250
"S01010290",465,88,377
"S01010291",998,175,823
"S01010292",990,94,896
"S01010293",732,111,621
"S01010294",746,75,671
"S01010295",924,80,844
"S01010296",723,132,591
"S01010297",1035,347,688
"S01010298",860,299,561
"S01010299",549,191,358
"S01010300",855,268,587
"S01010301",528,32,496
"S01010302",657,240,417
"S01010303",541,135,406
"S01010304",542,158,384
"S01010305",796,262,534
"S01010306",681,105,576
"S01010307",791,84,707
"S01010308",895,96,799
"S01010309",490,193,297
"S01010310",615,169,446
"S01010311",650,234,416
"S01010312",632,187,445
"S01010313",691,237,454
"S01010314",1003,396,607
"S01010315",361,113,248
"S01010316",1436,153,1283
"S01010317",750,106,644
"S01010318",354,113,241
"S01010319",391,125,266
"S01010320",557,196,361
"S01010321",787,305,482
"S01010322",886,105,781
"S01010323",527,235,292
"S01010324",808,337,471
"S01010325",1094,492,602
"S01010326",826,287,539
"S01010327",631,250,381
"S01010328",606,231,375
"S01010329",523,180,343
"S01010330",583,176,407
"S01010331",698,298,400
"S01010332",786,260,526
"S01010333",961,375,586
"S01010334",741,292,449
"S01010335",891,359,532
"S01010336",702,204,498
"S01010337",859,313,546
"S01010338",1025,325,700
"S01010339",774,227,547
"S01010340",589,178,411
"S01010341",649,160,489
"S01010342",552,80,472
"S01010343",1044,114,930
"S01010344",785,263,522
"S01010345",441,122,319
"S01010346",1103,177,926
"S01010347",958,245,713
"S01010348",1049,325,724
"S01010349",950,280,670
"S01010350",889,271,618
"S01010351",575,160,415
"S01010352",548,201,347
"S01010353",968,326,642
"S01010354",633,203,430
"S01010355",719,244,475
"S01010356",608,89,519
"S01010357",582,197,385
"S01010358",840,338,502
"S01010359",886,321,565
"S01010360",732,224,508
"S01010361",619,235,384
"S01010362",775,300,475
"S01010363",763,154,609
"S01010364",947,153,794
"S01010365",1013,203,810
"S01010366",960,137,823
"S01010367",1250,129,1121
"S01010368",734,126,608
"S01010369",790,139,651
"S01010370",818,68,750
"S01010371",925,101,824
"S01010372",553,68,485
"S01010373",776,131,645
"S01010374",950,129,821
"S01010375",422,44,378
"S01010376",633,79,554
"S01010377",725,73,652
"S01010378",819,94,725
"S01010379",906,112,794
"S01010380",844,120,724
"S01010381",343,43,300
"S01010382",798,128,670
"S01010383",695,180,515
"S01010384",800,128,672
"S01010385",791,189,602
"S01010386",750,192,558
"S01010387",860,145,715
"S01010388",863,204,659
"S01010389",85,20,65
"S01010390",972,137,835
"S01010391",705,90,615
"S01010393",859,152,707
"S01010394",810,276,534
"S01010395",991,199,792
"S01010396",1001,224,777
"S01010397",530,84,446
"S01010398",974,156,818
"S01010399",882,60,822
"S01010400",979,103,876
"S01010401",572,72,500
"S01010402",1031,114,917
"S01010403",949,106,843
"S01010404",838,118,720
"S01010405",980,95,885
"S01010406",756,82,674
"S01010407",799,75,724
"S01010408",568,159,409
"S01010409",593,69,524
"S01010410",556,54,502
"S01010411",1277,123,1154
"S01010412",846,235,611
"S01010413",638,139,499
"S01010414",832,157,675
"S01010415",997,307,690
"S01010416",566,102,464
"S01010417",551,82,469
"S01010418",1055,129,926
"S01010419",975,132,843
"S01010420",637,103,534
"S01010421",910,124,786
"S01010422",1057,176,881
"S01010423",728,234,494
"S01010424",611,212,399
"S01010425",979,212,767
"S01010426",709,139,570
"S01010427",921,317,604
"S01010428",772,138,634
"S01010429",897,108,789
"S01010430",887,277,610
"S01010431",723,84,639
"S01010432",771,192,579
"S01010433",767,191,576
"S01010434",697,190,507
"S01010435",694,216,478
"S01010436",921,269,652
"S01010437",540,169,371
"S01010438",542,144,398
"S01010439",748,161,587
"S01010440",963,416,547
"S01010441",454,58,396
"S01010442",688,139,549
"S01010443",548,161,387
"S01010444",699,254,445
"S01010445",643,192,451
"S01010446",915,215,700
"S01010447",1064,338,726
"S01010448",862,225,637
"S01010449",794,279,515
"S01010450",843,262,581
"S01010451",965,331,634
"S01010452",783,299,484
"S01010453",538,170,368
"S01010454",832,318,514
"S01010455",961,422,539
"S01010456",590,233,357
"S01010457",610,206,404
"S01010458",754,282,472
"S01010459",572,202,370
"S01010460",214,46,168
"S01010461",888,304,584
"S01010462",756,216,540
"S01010463",770,231,539
"S01010464",534,162,372
"S01010465",839,98,741
"S01010466",696,85,611
"S01010467",911,216,695
"S01010468",785,79,706
"S01010469",572,150,422
"S01010470",875,383,492
"S01010471",613,211,402
"S01010472",252,79,173
"S01010473",822,138,684
"S01010474",804,171,633
"S01010475",174,33,141
"S01010476",656,207,449
"S01010477",667,229,438
"S01010478",962,375,587
"S01010479",1023,346,677
"S01010480",610,196,414
"S01010481",623,177,446
"S01010482",749,244,505
"S01010483",1095,366,729
"S01010484",619,177,442
"S01010485",893,227,666
"S01010486",988,145,843
"S01010487",942,315,627
"S01010488",838,204,634
"S01010489",996,362,634
"S01010490",779,188,591
"S01010491",875,237,638
"S01010492",589,185,404
"S01010493",377,99,278
"S01010494",797,184,613
"S01010495",843,241,602
"S01010496",910,342,568
"S01010497",551,132,419
"S01010498",844,225,619
"S01010499",820,357,463
"S01010500",778,189,589
"S01010501",756,237,519
"S01010502",861,150,711
"S01010503",713,239,474
"S01010504",528,70,458
"S01010505",500,91,409
"S01010506",796,134,662
"S01010507",720,95,625
"S01010508",931,154,777
"S01010509",1331,234,1097
"S01010510",518,89,429
"S01010511",940,228,712
"S01010512",511,103,408
"S01010513",660,94,566
"S01010514",713,119,594
"S01010515",832,164,668
"S01010516",538,101,437
"S01010517",653,140,513
"S01010518",570,64,506
"S01010519",864,128,736
"S01010520",820,134,686
"S01010521",503,92,411
"S01010522",573,137,436
"S01010523",646,121,525
"S01010524",548,88,460
"S01010525",564,109,455
"S01010526",749,156,593
"S01010527",897,247,650
"S01010528",577,120,457
"S01010529",527,86,441
"S01010530",586,97,489
"S01010531",982,178,804
"S01010532",720,114,606
"S01010533",591,149,442
"S01010534",679,91,588
"S01010535",557,73,484
"S01010536",891,160,731
"S01010537",653,96,557
"S01010538",71,14,57
"S01010539",951,122,829
"S01010540",615,107,508
"S01010541",758,75,683
"S01010542",728,127,601
"S01010543",645,141,504
"S01010544",788,114,674
"S01010545",611,129,482
"S01010546",696,170,526
"S01010547",678,109,569
"S01010548",553,91,462
"S01010549",255,35,220
"S01010550",442,62,380
"S01010551",696,127,569
"S01010552",738,110,628
"S01010553",678,91,587
"S01010554",645,131,514
"S01010555",826,160,666
"S01010556",871,222,649
"S01010557",474,45,429
"S01010558",527,95,432
"S01010559",762,200,562
"S01010560",652,112,540
"S01010561",521,100,421
"S01010562",951,153,798
"S01010563",580,97,483
"S01010564",530,125,405
"S01010565",533,88,445
"S01010566",742,94,648
"S01010567",979,187,792
"S01010568",810,122,688
"S01010569",945,121,824
"S01010570",968,199,769
"S01010571",806,82,724
"S01010572",871,116,755
"S01010573",621,107,514
"S01010574",570,69,501
"S01010575",696,88,608
"S01010576",872,127,745
"S01010577",917,210,707
"S01010578",623,96,527
"S01010579",781,91,690
"S01010580",589,95,494
"S01010581",415,41,374
"S01010582",512,74,438
"S01010583",846,84,762
"S01010584",114,8,106
"S01010586",499,61,438
"S01010587",572,87,485
"S01010588",314,43,271
"S01010589",632,112,520
"S01010591",121,9,112
"S01010592",560,55,505
"S01010593",560,56,504
"S01010596",531,57,474
"S01010599",94,12,82
"S01010600",613,73,540
"S01010601",724,170,554
"S01010602",554,61,493
"S01010603",830,105,725
"S01010604",642,91,551
"S01010605",928,148,780
"S01010606",808,157,651
"S01010607",818,135,683
"S01010608",659,124,535
"S01010609",618,83,535
"S01010610",591,120,471
"S01010611",957,183,774
"S01010612",765,134,631
"S01010613",672,171,501
"S01010614",544,115,429
"S01010615",633,65,568
"S01010616",946,117,829
"S01010617",934,108,826
"S01010618",841,78,763
"S01010619",595,121,474
"S01010620",363,83,280
"S01010621",964,169,795
"S01010622",479,114,365
"S01010623",699,59,640
"S01010624",739,107,632
"S01010625",773,157,616
"S01010626",892,199,693
"S01010627",716,124,592
"S01010628",999,182,817
"S01010629",937,223,714
"S01010630",447,102,345
"S01010631",575,129,446
"S01010632",783,213,570
"S01010633",926,231,695
"S01010634",665,154,511
"S01010635",830,198,632
"S01010636",639,111,528
"S01010637",521,143,378
"S01010638",917,278,639
"S01010639",921,202,719
"S01010640",685,127,558
"S01010641",756,252,504
"S01010642",1000,204,796
"S01010643",610,124,486
"S01010644",600,185,415
"S01010645",312,33,279
"S01010646",681,84,597
"S01010647",712,145,567
"S01010648",675,115,560
"S01010649",563,87,476
"S01010650",527,206,321
"S01010651",768,145,623
"S01010652",723,94,629
"S01010653",763,82,681
"S01010654",837,176,661
"S01010655",768,136,632
"S01010656",384,79,305
"S01010657",543,88,455
"S01010658",653,139,514
"S01010659",657,92,565
"S01010660",578,107,471
"S01010661",586,102,484
"S01010662",511,81,430
"S01010663",560,90,470
"S01010664",773,115,658
"S01010665",749,124,625
"S01010666",671,132,539
"S01010667",436,59,377
"S01010668",913,189,724
"S01010669",592,84,508
"S01010670",710,113,597
"S01010671",528,94,434
"S01010672",739,125,614
"S01010673",659,142,517
"S01010674",817,134,683
"S01010675",576,116,460
"S01010676",795,313,482
"S01010677",366,44,322
"S01010678",780,126,654
"S01010679",554,123,431
"S01010680",697,133,564
"S01010681",666,155,511
"S01010682",818,144,674
"S01010683",891,190,701
"S01010684",797,156,641
"S01010685",577,144,433
"S01010686",495,104,391
"S01010687",836,158,678
"S01010688",671,117,554
"S01010689",796,172,624
"S01010690",610,122,488
"S01010691",505,88,417
"S01010692",629,96,533
"S01010693",535,97,438
"S01010694",576,137,439
"S01010695",590,110,480
"S01010696",859,149,710
"S01010697",854,110,744
"S01010698",638,126,512
"S01010699",568,97,471
"S01010700",574,67,507
"S01010701",984,141,843
"S01010702",692,139,553
"S01010703",1357,214,1143
"S01010704",377,91,286
"S01010705",803,136,667
"S01010706",210,53,157
"S01010707",781,135,646
"S01010708",586,74,512
"S01010709",687,95,592
"S01010710",754,140,614
"S01010711",522,73,449
"S01010712",712,104,608
"S01010713",823,128,695
"S01010714",718,188,530
"S01010715",723,145,578
"S01010716",708,138,570
"S01010717",681,88,593
"S01010718",685,96,589
"S01010719",608,146,462
"S01010720",678,157,521
"S01010721",632,105,527
"S01010722",891,170,721
"S01010723",664,72,592
"S01010724",759,128,631
"S01010725",639,101,538
"S01010726",887,150,737
"S01010727",449,64,385
"S01010728",415,63,352
"S01010729",645,79,566
"S01010730",775,120,655
"S01010731",886,191,695
"S01010732",890,202,688
"S01010733",579,140,439
"S01010734",827,208,619
"S01010735",518,115,403
"S01010736",275,46,229
"S01010737",775,230,545
"S01010738",502,115,387
"S01010739",746,154,592
"S01010740",505,140,365
"S01010741",377,67,310
"S01010742",648,132,516
"S01010743",944,195,749
"S01010744",1201,213,988
"S01010745",521,136,385
"S01010746",1015,188,827
"S01010747",761,171,590
"S01010748",511,93,418
"S01010749",583,101,482
"S01010750",589,125,464
"S01010751",691,160,531
"S01010752",805,168,637
"S01010753",865,159,706
"S01010754",619,119,500
"S01010755",639,147,492
"S01010756",690,93,597
"S01010757",730,144,586
"S01010758",546,127,419
"S01010759",665,121,544
"S01010760",465,121,344
"S01010761",524,82,442
"S01010762",594,120,474
"S01010763",687,135,552
"S01010764",543,128,415
"S01010765",807,168,639
"S01010766",762,166,596
"S01010767",575,122,453
"S01010768",565,141,424
"S01010769",459,86,373
"S01010770",890,193,697
"S01010771",902,236,666
"S01010772",775,183,592
"S01010773",632,141,491
"S01010774",652,152,500
"S01010775",558,101,457
"S01010776",579,121,458
"S01010777",610,142,468
"S01010778",595,115,480
"S01010779",708,160,548
"S01010780",589,125,464
"S01010781",726,105,621
"S01010782",654,169,485
"S01010783",582,121,461
"S01010784",862,146,716
"S01010785",725,115,610
"S01010786",546,104,442
"S01010787",800,165,635
"S01010788",593,103,490
"S01010789",679,115,564
"S01010790",645,120,525
"S01010791",775,149,626
"S01010792",708,92,616
"S01010793",512,82,430
"S01010794",454,72,382
"S01010795",635,97,538
"S01010796",943,149,794
"S01010797",518,75,443
"S01010798",652,111,541
"S01010799",879,220,659
"S01010800",785,123,662
"S01010801",673,140,533
"S01010802",599,75,524
"S01010803",584,111,473
"S01010804",635,92,543
"S01010805",868,111,757
"S01010806",938,158,780
"S01010807",549,101,448
"S01010808",576,83,493
"S01010809",648,130,518
"S01010810",525,112,413
"S01010811",651,157,494
"S01010812",540,108,432
"S01010813",513,93,420
"S01010814",593,124,469
"S01010815",544,87,457
"S01010816",482,105,377
"S01010817",1095,149,946
"S01010818",972,113,859
"S01010819",930,212,718
"S01010820",1038,150,888
"S01010821",572,64,508
"S01010822",543,179,364
"S01010823",353,167,186
"S01010824",300,23,277
"S01010825",418,40,378
"S01010826",640,99,541
"S01010827",608,79,529
"S01010828",1218,106,1112
"S01010829",540,109,431
"S01010830",603,82,521
"S01010831",344,16,328
"S01010832",1217,144,1073
"S01010833",477,30,447
"S01010834",773,106,667
"S01010835",681,91,590
"S01010836",851,157,694
"S01010837",611,124,487
"S01010838",799,174,625
"S01010839",736,165,571
"S01010840",592,127,465
"S01010841",736,120,616
"S01010842",893,323,570
"S01010843",644,186,458
"S01010844",689,121,568
"S01010845",630,121,509
"S01010846",800,152,648
"S01010847",683,50,633
"S01010848",818,167,651
"S01010849",1016,242,774
"S01010850",886,202,684
"S01010851",790,165,625
"S01010852",921,216,705
"S01010853",950,219,731
"S01010854",657,151,506
"S01010855",564,140,424
"S01010856",858,265,593
"S01010857",872,114,758
"S01010858",792,205,587
"S01010859",844,204,640
"S01010860",613,119,494
"S01010861",545,176,369
"S01010862",618,160,458
"S01010863",927,195,732
"S01010864",615,75,540
"S01010865",720,125,595
"S01010866",773,237,536
"S01010867",683,141,542
"S01010868",874,272,602
"S01010869",796,83,713
"S01010870",563,126,437
"S01010871",801,149,652
"S01010872",694,124,570
"S01010873",553,222,331
"S01010874",785,110,675
"S01010875",520,65,455
"S01010876",697,109,588
"S01010877",806,119,687
"S01010878",1192,308,884
"S01010879",804,148,656
"S01010880",610,122,488
"S01010881",582,175,407
"S01010882",600,63,537
"S01010883",958,173,785
"S01010884",763,197,566
"S01010885",704,204,500
"S01010886",636,130,506
"S01010887",590,202,388
"S01010888",827,194,633
"S01010889",465,112,353
"S01010890",773,367,406
"S01010891",413,177,236
"S01010892",674,280,394
"S01010893",530,213,317
"S01010894",429,128,301
"S01010895",455,144,311
"S01010896",857,238,619
"S01010897",411,104,307
"S01010898",656,151,505
"S01010899",432,77,355
"S01010900",746,140,606
"S01010901",529,131,398
"S01010902",932,259,673
"S01010903",634,251,383
"S01010904",585,138,447
"S01010905",153,24,129
"S01010906",830,144,686
"S01010907",87,11,76
"S01010908",589,173,416
"S01010909",466,96,370
"S01010910",487,130,357
"S01010911",592,224,368
"S01010912",739,269,470
"S01010913",661,109,552
"S01010914",873,125,748
"S01010915",636,88,548
"S01010916",644,174,470
"S01010917",695,214,481
"S01010918",751,183,568
"S01010919",834,200,634
"S01010920",557,170,387
"S01010921",710,173,537
"S01010922",898,244,654
"S01010923",928,223,705
"S01010924",668,160,508
"S01010925",853,235,618
"S01010926",778,199,579
"S01010927",596,160,436
"S01010928",775,203,572
"S01010929",832,204,628
"S01010930",1369,208,1161
"S01010931",549,95,454
"S01010932",439,121,318
"S01010933",345,78,267
"S01010934",973,109,864
"S01010935",518,114,404
"S01010936",431,102,329
"S01010937",842,110,732
"S01010938",796,208,588
"S01010939",572,67,505
"S01010940",590,79,511
"S01010941",805,70,735
"S01010942",712,62,650
"S01010943",633,96,537
"S01010944",660,162,498
"S01010945",600,84,516
"S01010946",908,172,736
"S01010947",580,101,479
"S01010948",601,107,494
"S01010949",976,98,878
"S01010950",888,155,733
"S01010951",691,120,571
"S01010952",577,55,522
"S01010953",555,84,471
"S01010954",579,46,533
"S01010955",650,104,546
"S01010956",791,102,689
"S01010957",654,67,587
"S01010958",515,107,408
"S01010959",627,106,521
"S01010960",1177,240,937
"S01010961",572,122,450
"S01010962",685,195,490
"S01010963",807,131,676
"S01010964",561,106,455
"S01010965",594,125,469
"S01010966",442,106,336
"S01010967",698,166,532
"S01010968",755,118,637
"S01010969",571,183,388
"S01010970",873,183,690
"S01010971",821,83,738
"S01010972",588,130,458
"S01010973",523,104,419
"S01010974",721,179,542
"S01010975",508,115,393
"S01010976",488,147,341
"S01010977",760,167,593
"S01010978",724,164,560
"S01010979",807,181,626
"S01010980",759,159,600
"S01010981",794,177,617
"S01010982",1000,204,796
"S01010983",934,182,752
"S01010984",623,125,498
"S01010985",612,147,465
"S01010986",225,29,196
"S01010987",660,46,614
"S01010988",614,30,584
"S01010990",739,152,587
"S01010991",708,93,615
"S01010992",212,60,152
"S01010993",765,123,642
"S01010994",1111,198,913
"S01010995",806,77,729
"S01010996",587,60,527
"S01010997",711,98,613
"S01010998",620,106,514
"S01010999",786,134,652
"S01011000",1514,365,1149
"S01011001",565,125,440
"S01011002",766,181,585
"S01011003",729,164,565
"S01011004",680,87,593
"S01011005",752,181,571
"S01011006",666,135,531
"S01011007",750,160,590
"S01011008",902,175,727
"S01011009",615,124,491
"S01011010",495,132,363
"S01011011",836,263,573
"S01011012",809,206,603
"S01011013",855,237,618
"S01011014",723,82,641
"S01011015",477,84,393
"S01011017",1499,235,1264
"S01011018",956,179,777
"S01011019",772,122,650
"S01011020",375,58,317
"S01011021",718,220,498
"S01011022",290,68,222
"S01011023",624,185,439
"S01011024",594,135,459
"S01011025",828,141,687
"S01011026",631,104,527
"S01011027",1024,258,766
"S01011028",751,165,586
"S01011029",695,146,549
"S01011030",1000,119,881
"S01011031",600,153,447
"S01011032",749,174,575
"S01011033",626,142,484
"S01011034",573,178,395
"S01011035",719,148,571
"S01011036",417,57,360
"S01011037",804,200,604
"S01011038",821,170,651
"S01011039",648,145,503
"S01011040",754,166,588
"S01011041",634,165,469
"S01011042",722,77,645
"S01011043",778,173,605
"S01011044",707,169,538
"S01011045",633,99,534
"S01011046",623,86,537
"S01011047",891,133,758
"S01011048",796,158,638
"S01011049",658,123,535
"S01011050",642,89,553
"S01011051",1075,217,858
"S01011052",676,117,559
"S01011053",457,70,387
"S01011054",514,83,431
"S01011055",562,96,466
"S01011056",686,117,569
"S01011057",557,97,460
"S01011058",552,102,450
"S01011059",575,74,501
"S01011060",910,194,716
"S01011061",850,137,713
"S01011062",895,157,738
"S01011063",928,203,725
"S01011064",908,159,749
"S01011065",583,113,470
"S01011066",524,92,432
"S01011067",569,135,434
"S01011068",528,109,419
"S01011069",531,97,434
"S01011070",438,77,361
"S01011071",804,152,652
"S01011072",700,101,599
"S01011073",772,124,648
"S01011074",667,116,551
"S01011075",777,153,624
"S01011076",648,147,501
"S01011077",785,116,669
"S01011078",738,151,587
"S01011079",1142,192,950
"S01011080",976,200,776
"S01011081",918,164,754
"S01011082",618,188,430
"S01011083",683,153,530
"S01011084",634,117,517
"S01011085",782,116,666
"S01011086",646,114,532
"S01011087",585,94,491
"S01011088",917,134,783
"S01011089",582,131,451
"S01011090",709,114,595
"S01011091",531,75,456
"S01011093",603,60,543
"S01011094",391,69,322
"S01011095",606,81,525
"S01011096",100,9,91
"S01011097",866,120,746
"S01011098",540,89,451
"S01011099",929,129,800
"S01011100",376,94,282
"S01011101",606,98,508
"S01011102",872,150,722
"S01011103",400,126,274
"S01011104",716,215,501
"S01011105",763,127,636
"S01011106",774,51,723
"S01011108",613,90,523
"S01011109",827,103,724
"S01011110",738,121,617
"S01011111",989,166,823
"S01011113",1234,269,965
"S01011114",794,78,716
"S01011115",960,176,784
"S01011116",591,65,526
"S01011117",774,121,653
"S01011118",815,138,677
"S01011119",817,167,650
"S01011120",762,117,645
"S01011121",548,129,419
"S01011122",660,109,551
"S01011123",1094,212,882
"S01011124",367,63,304
"S01011125",416,44,372
"S01011126",669,87,582
"S01011127",535,27,508
"S01011128",810,158,652
"S01011129",777,153,624
"S01011130",669,141,528
"S01011131",580,92,488
"S01011132",793,140,653
"S01011133",555,80,475
"S01011134",769,161,608
"S01011135",630,106,524
"S01011136",553,131,422
"S01011137",330,37,293
"S01011138",547,82,465
"S01011139",711,58,653
"S01011140",577,109,468
"S01011141",600,91,509
"S01011142",1731,153,1578
"S01011143",921,141,780
"S01011144",703,121,582
"S01011145",667,93,574
"S01011146",444,75,369
"S01011147",995,186,809
"S01011148",872,110,762
"S01011149",743,44,699
"S01011150",765,34,731
"S01011151",759,77,682
"S01011152",612,113,499
"S01011153",880,162,718
"S01011154",461,105,356
"S01011155",654,180,474
"S01011156",646,74,572
"S01011157",712,84,628
"S01011158",515,78,437
"S01011159",536,141,395
"S01011160",921,115,806
"S01011161",655,70,585
"S01011162",469,62,407
"S01011163",721,133,588
"S01011164",749,121,628
"S01011165",759,156,603
"S01011166",563,79,484
"S01011167",729,131,598
"S01011168",865,130,735
"S01011169",96,11,85
"S01011170",796,128,668
"S01011171",974,150,824
"S01011172",800,133,667
"S01011173",562,149,413
"S01011174",718,166,552
"S01011175",508,140,368
"S01011176",513,100,413
"S01011177",921,179,742
"S01011178",587,90,497
"S01011179",449,88,361
"S01011180",564,152,412
"S01011181",544,102,442
"S01011182",515,66,449
"S01011183",565,87,478
"S01011184",1025,107,918
"S01011185",733,106,627
"S01011186",866,202,664
"S01011187",774,101,673
"S01011188",982,199,783
"S01011189",580,135,445
"S01011190",496,148,348
"S01011191",656,152,504
"S01011192",977,134,843
"S01011193",765,133,632
"S01011194",761,125,636
"S01011195",722,118,604
"S01011196",959,192,767
"S01011197",931,162,769
"S01011198",748,134,614
"S01011199",816,152,664
"S01011200",830,148,682
"S01011201",609,128,481
"S01011202",893,195,698
"S01011203",852,169,683
"S01011204",593,92,501
"S01011206",669,78,591
"S01011207",758,158,600
"S01011208",958,84,874
"S01011209",674,140,534
"S01011210",490,58,432
"S01011211",732,86,646
"S01011212",558,93,465
"S01011213",935,214,721
"S01011214",1127,295,832
"S01011215",470,114,356
"S01011216",507,122,385
"S01011217",795,212,583
"S01011218",719,188,531
"S01011219",731,178,553
"S01011220",911,217,694
"S01011221",968,205,763
"S01011222",681,185,496
"S01011223",811,190,621
"S01011224",687,236,451
"S01011225",778,180,598
"S01011226",908,205,703
"S01011227",737,152,585
"S01011228",600,155,445
"S01011229",537,177,360
"S01011230",1017,360,657
"S01011231",547,181,366
"S01011232",787,176,611
"S01011233",359,85,274
"S01011234",1023,274,749
"S01011235",519,153,366
"S01011236",474,155,319
"S01011237",949,235,714
"S01011238",544,168,376
"S01011239",815,265,550
"S01011240",695,283,412
"S01011241",883,238,645
"S01011242",829,223,606
"S01011243",741,273,468
"S01011244",714,198,516
"S01011245",928,269,659
"S01011246",595,154,441
"S01011247",807,181,626
"S01011248",791,142,649
"S01011249",771,99,672
"S01011250",996,192,804
"S01011251",871,237,634
"S01011252",846,176,670
"S01011253",907,231,676
"S01011254",1014,108,906
"S01011255",176,9,167
"S01011256",172,11,161
"S01011257",484,95,389
"S01011258",630,102,528
"S01011259",691,176,515
"S01011260",756,184,572
"S01011261",867,216,651
"S01011262",512,141,371
"S01011263",769,263,506
"S01011264",686,131,555
"S01011265",902,181,721
"S01011266",968,250,718
"S01011267",441,77,364
"S01011268",195,36,159
"S01011269",570,170,400
"S01011270",626,189,437
"S01011271",839,185,654
"S01011272",737,236,501
"S01011273",926,181,745
"S01011274",745,202,543
"S01011275",684,174,510
"S01011276",947,199,748
"S01011277",614,71,543
"S01011278",568,47,521
"S01011279",691,109,582
"S01011280",652,64,588
"S01011281",643,61,582
"S01011282",796,98,698
"S01011283",580,46,534
"S01011285",763,156,607
"S01011286",684,163,521
"S01011287",797,185,612
"S01011288",797,135,662
"S01011289",786,202,584
"S01011290",1141,346,795
"S01011291",754,208,546
"S01011292",857,233,624
"S01011293",723,208,515
"S01011294",782,302,480
"S01011295",897,190,707
"S01011296",573,168,405
"S01011297",868,193,675
"S01011298",694,118,576
"S01011299",501,81,420
"S01011300",984,210,774
"S01011301",589,85,504
"S01011302",922,303,619
"S01011303",753,110,643
"S01011304",706,128,578
"S01011305",569,129,440
"S01011306",635,119,516
"S01011307",934,160,774
"S01011308",510,93,417
"S01011309",747,123,624
"S01011310",763,154,609
"S01011311",735,129,606
"S01011312",1018,136,882
"S01011313",721,158,563
"S01011314",904,140,764
"S01011315",294,82,212
"S01011316",721,177,544
"S01011317",841,242,599
"S01011318",868,218,650
"S01011319",942,206,736
"S01011320",502,122,380
"S01011321",561,80,481
"S01011322",691,116,575
"S01011323",886,193,693
"S01011324",513,110,403
"S01011325",689,195,494
"S01011326",747,205,542
"S01011327",730,258,472
"S01011328",636,158,478
"S01011329",831,217,614
"S01011330",787,123,664
"S01011331",626,117,509
"S01011332",608,98,510
"S01011333",692,131,561
"S01011334",1044,157,887
"S01011335",753,107,646
"S01011336",558,131,427
"S01011337",726,136,590
"S01011338",538,94,444
"S01011339",457,90,367
"S01011340",721,204,517
"S01011341",574,111,463
"S01011342",599,142,457
"S01011343",923,232,691
"S01011344",749,161,588
"S01011345",817,161,656
"S01011346",708,184,524
"S01011347",1006,246,760
"S01011348",976,206,770
"S01011349",848,74,774
"S01011350",708,108,600
"S01011351",684,197,487
"S01011352",645,136,509
"S01011353",690,136,554
"S01011354",753,139,614
"S01011355",1042,226,816
"S01011356",938,133,805
"S01011357",789,148,641
"S01011358",602,51,551
"S01011359",791,238,553
"S01011360",551,137,414
"S01011361",377,96,281
"S01011362",973,270,703
"S01011363",778,248,530
"S01011364",519,97,422
"S01011365",429,55,374
"S01011366",526,194,332
"S01011367",768,230,538
"S01011368",87,26,61
"S01011369",773,197,576
"S01011370",232,70,162
"S01011371",860,235,625
"S01011372",702,208,494
"S01011373",674,191,483
"S01011374",733,68,665
"S01011375",637,121,516
"S01011376",506,176,330
"S01011377",567,93,474
"S01011378",809,224,585
"S01011379",707,70,637
"S01011380",719,197,522
"S01011381",575,121,454
"S01011382",185,59,126
"S01011383",649,268,381
"S01011384",700,191,509
"S01011385",1044,296,748
"S01011386",626,123,503
"S01011387",733,220,513
"S01011388",254,59,195
"S01011389",743,212,531
"S01011390",637,181,456
"S01011391",486,119,367
"S01011392",742,166,576
"S01011393",626,183,443
"S01011394",278,44,234
"S01011395",687,209,478
"S01011396",785,258,527
"S01011397",795,268,527
"S01011398",828,229,599
"S01011399",518,142,376
"S01011400",295,84,211
"S01011401",745,176,569
"S01011402",1021,305,716
"S01011403",535,105,430
"S01011404",959,305,654
"S01011405",660,140,520
"S01011406",572,160,412
"S01011407",1125,261,864
"S01011408",877,240,637
"S01011409",701,127,574
"S01011410",637,169,468
"S01011411",486,137,349
"S01011412",874,154,720
"S01011413",441,42,399
"S01011414",827,205,622
"S01011415",864,176,688
"S01011416",696,82,614
"S01011417",638,202,436
"S01011418",610,181,429
"S01011419",604,160,444
"S01011420",567,160,407
"S01011421",407,41,366
"S01011422",451,139,312
"S01011423",473,146,327
"S01011424",581,149,432
"S01011425",812,218,594
"S01011426",920,246,674
"S01011427",472,148,324
"S01011428",469,250,219
"S01011429",1675,386,1289
"S01011430",851,180,671
"S01011431",1016,355,661
"S01011432",1043,260,783
"S01011433",918,196,722
"S01011434",510,146,364
"S01011435",861,184,677
"S01011436",668,199,469
"S01011437",801,231,570
"S01011438",596,161,435
"S01011439",1364,375,989
"S01011440",527,148,379
"S01011441",755,193,562
"S01011442",625,191,434
"S01011443",477,138,339
"S01011444",662,171,491
"S01011445",430,135,295
"S01011446",1819,342,1477
"S01011447",866,207,659
"S01011448",874,234,640
"S01011449",370,94,276
"S01011450",274,52,222
"S01011451",1476,252,1224
"S01011452",949,171,778
"S01011453",740,186,554
"S01011454",856,203,653
"S01011455",796,219,577
"S01011456",907,236,671
"S01011457",957,232,725
"S01011458",1069,116,953
"S01011459",434,109,325
"S01011460",921,166,755
"S01011461",615,126,489
"S01011462",851,168,683
"S01011463",614,118,496
"S01011464",89,19,70
"S01011465",561,129,432
"S01011466",577,174,403
"S01011467",354,90,264
"S01011468",133,2,131
"S01011469",912,164,748
"S01011470",1011,279,732
"S01011471",993,286,707
"S01011472",906,275,631
"S01011473",719,265,454
"S01011474",691,266,425
"S01011475",656,205,451
"S01011476",505,64,441
"S01011477",941,119,822
"S01011478",1118,197,921
"S01011479",701,137,564
"S01011480",938,138,800
"S01011481",375,113,262
"S01011482",861,229,632
"S01011483",567,48,519
"S01011484",889,262,627
"S01011485",1025,271,754
"S01011486",589,145,444
"S01011487",495,189,306
"S01011488",752,218,534
"S01011489",271,50,221
"S01011490",1436,313,1123
"S01011491",583,204,379
"S01011492",875,181,694
"S01011493",535,40,495
"S01011494",563,126,437
"S01011495",795,201,594
"S01011496",634,158,476
"S01011497",632,79,553
"S01011498",673,47,626
"S01011499",676,126,550
"S01011500",561,111,450
"S01011501",753,208,545
"S01011502",627,148,479
"S01011503",832,181,651
"S01011504",891,195,696
"S01011505",616,155,461
"S01011506",647,190,457
"S01011507",653,193,460
"S01011508",911,158,753
"S01011509",656,117,539
"S01011510",845,212,633
"S01011511",605,161,444
"S01011512",1177,289,888
"S01011513",735,238,497
"S01011514",1137,240,897
"S01011515",586,95,491
"S01011516",989,115,874
"S01011517",545,163,382
"S01011518",557,221,336
"S01011519",775,232,543
"S01011520",560,191,369
"S01011521",689,203,486
"S01011522",890,257,633
"S01011523",782,177,605
"S01011524",883,140,743
"S01011525",805,264,541
"S01011526",1093,244,849
"S01011527",700,120,580
"S01011528",1034,291,743
"S01011529",465,130,335
"S01011530",834,256,578
"S01011531",741,204,537
"S01011532",360,41,319
"S01011533",817,284,533
"S01011534",703,190,513
"S01011535",1014,267,747
"S01011536",719,66,653
"S01011537",540,53,487
"S01011538",575,67,508
"S01011539",747,235,512
"S01011540",813,252,561
"S01011541",872,202,670
"S01011542",1357,325,1032
"S01011543",813,204,609
"S01011544",697,227,470
"S01011545",627,184,443
"S01011546",793,68,725
"S01011547",605,33,572
"S01011548",753,216,537
"S01011549",881,157,724
"S01011550",812,107,705
"S01011551",591,152,439
"S01011552",1320,250,1070
"S01011554",960,272,688
"S01011555",349,84,265
"S01011556",406,111,295
"S01011557",556,154,402
"S01011558",418,95,323
"S01011559",657,180,477
"S01011560",720,196,524
"S01011561",456,141,315
"S01011562",395,99,296
"S01011563",668,175,493
"S01011564",583,176,407
"S01011565",747,177,570
"S01011566",608,131,477
"S01011567",938,340,598
"S01011568",825,186,639
"S01011569",1022,280,742
"S01011570",696,241,455
"S01011571",555,214,341
"S01011572",714,167,547
"S01011573",667,142,525
"S01011574",717,167,550
"S01011575",225,62,163
"S01011576",822,253,569
"S01011577",676,144,532
"S01011578",920,217,703
"S01011579",580,75,505
"S01011580",424,124,300
"S01011581",685,273,412
"S01011582",1092,196,896
"S01011583",769,223,546
"S01011584",705,189,516
"S01011585",717,200,517
"S01011586",612,169,443
"S01011587",487,119,368
"S01011588",795,235,560
"S01011589",1045,285,760
"S01011590",717,208,509
"S01011591",634,171,463
"S01011592",744,196,548
"S01011593",638,188,450
"S01011594",487,120,367
"S01011595",583,87,496
"S01011596",1054,226,828
"S01011597",605,66,539
"S01011598",790,266,524
"S01011599",780,225,555
"S01011600",1017,266,751
"S01011601",766,69,697
"S01011602",515,114,401
"S01011603",872,313,559
"S01011604",705,170,535
"S01011605",894,258,636
"S01011606",247,18,229
"S01011607",622,69,553
"S01011608",637,75,562
"S01011609",1016,322,694
"S01011610",764,211,553
"S01011611",622,97,525
"S01011613",1224,160,1064
"S01011614",257,53,204
"S01011615",736,212,524
"S01011616",459,147,312
"S01011617",850,224,626
"S01011618",739,177,562
"S01011619",785,98,687
"S01011620",421,23,398
"S01011621",767,111,656
"S01011622",171,21,150
"S01011623",682,172,510
"S01011624",671,97,574
"S01011625",435,77,358
"S01011626",423,33,390
"S01011627",619,37,582
"S01011628",1426,236,1190
"S01011629",625,183,442
"S01011630",704,164,540
"S01011631",664,161,503
"S01011632",797,198,599
"S01011633",667,166,501
"S01011634",652,150,502
"S01011635",211,40,171
"S01011636",732,204,528
"S01011637",727,210,517
"S01011638",502,127,375
"S01011639",529,151,378
"S01011640",691,182,509
"S01011641",522,83,439
"S01011642",760,133,627
"S01011643",384,100,284
"S01011644",519,188,331
"S01011645",649,162,487
"S01011646",785,84,701
"S01011647",901,73,828
"S01011648",486,115,371
"S01011649",284,64,220
"S01011650",801,147,654
"S01011651",824,196,628
"S01011652",912,104,808
"S01011653",1112,261,851
"S01011654",999,297,702
"S01011655",885,272,613
"S01011656",265,82,183
"S01011657",536,163,373
"S01011658",733,196,537
"S01011659",843,270,573
"S01011660",785,107,678
"S01011661",611,114,497
"S01011662",294,35,259
"S01011663",612,139,473
"S01011664",1090,328,762
"S01011665",853,220,633
"S01011666",926,272,654
"S01011667",544,179,365
"S01011668",1038,266,772
"S01011669",704,177,527
"S01011670",593,174,419
"S01011671",692,183,509
"S01011672",651,156,495
"S01011673",632,188,444
"S01011674",530,162,368
"S01011675",682,202,480
"S01011676",783,211,572
"S01011678",533,157,376
"S01011679",205,38,167
"S01011680",1068,311,757
"S01011681",758,177,581
"S01011682",977,276,701
"S01011683",999,273,726
"S01011684",473,121,352
"S01011685",477,109,368
"S01011686",734,117,617
"S01011687",1052,226,826
"S01011688",1333,283,1050
"S01011689",408,76,332
"S01011690",408,97,311
"S01011691",188,34,154
"S01011692",1105,313,792
"S01011693",528,121,407
"S01011695",2224,492,1732
"S01011697",437,125,312
"S01011698",765,174,591
"S01011699",929,142,787
"S01011700",791,221,570
"S01011701",667,109,558
"S01011702",738,164,574
"S01011703",979,175,804
"S01011704",538,60,478
"S01011705",715,166,549
"S01011706",950,245,705
"S01011707",688,101,587
"S01011708",781,229,552
"S01011709",1090,242,848
"S01011710",620,152,468
"S01011711",730,226,504
"S01011712",500,180,320
"S01011713",770,163,607
"S01011714",374,33,341
"S01011715",645,168,477
"S01011716",985,99,886
"S01011717",824,143,681
"S01011718",127,25,102
"S01011719",691,51,640
"S01011720",587,64,523
"S01011721",686,172,514
"S01011722",600,144,456
"S01011723",869,222,647
"S01011724",706,67,639
"S01011725",640,31,609
"S01011726",455,28,427
"S01011728",1018,194,824
"S01011729",766,232,534
"S01011730",986,159,827
"S01011731",954,228,726
"S01011732",900,98,802
"S01011733",936,187,749
"S01011734",791,162,629
"S01011735",800,133,667
"S01011736",779,133,646
"S01011737",683,97,586
"S01011738",1192,254,938
"S01011739",525,120,405
"S01011740",841,166,675
"S01011741",711,148,563
"S01011742",795,166,629
"S01011743",746,153,593
"S01011744",756,239,517
"S01011745",757,246,511
"S01011746",616,137,479
"S01011747",963,241,722
"S01011748",869,147,722
"S01011749",752,133,619
"S01011750",864,225,639
"S01011751",1029,191,838
"S01011752",960,198,762
"S01011753",880,138,742
"S01011754",722,143,579
"S01011755",1038,185,853
"S01011756",959,173,786
"S01011757",748,198,550
"S01011758",710,146,564
"S01011759",757,169,588
"S01011760",966,201,765
"S01011761",536,120,416
"S01011762",721,132,589
"S01011763",762,162,600
"S01011764",294,67,227
"S01011765",1132,121,1011
"S01011766",674,110,564
"S01011767",955,239,716
"S01011768",683,176,507
"S01011769",725,257,468
"S01011770",859,221,638
"S01011771",701,54,647
"S01011772",950,84,866
"S01011773",566,30,536
"S01011774",837,113,724
"S01011775",792,94,698
"S01011776",207,17,190
"S01011777",586,56,530
"S01011778",663,81,582
"S01011779",734,117,617
"S01011780",730,82,648
"S01011781",650,80,570
"S01011782",771,82,689
"S01011783",595,58,537
"S01011784",922,207,715
"S01011785",958,215,743
"S01011787",965,287,678
"S01011788",284,26,258
"S01011789",1432,220,1212
"S01011790",1045,218,827
"S01011791",680,153,527
"S01011792",907,326,581
"S01011793",611,170,441
"S01011794",760,208,552
"S01011795",507,141,366
"S01011796",630,162,468
"S01011797",705,93,612
"S01011798",436,100,336
"S01011799",1008,166,842
"S01011800",716,167,549
"S01011801",516,99,417
"S01011802",771,195,576
"S01011803",1188,249,939
"S01011804",408,121,287
"S01011805",429,73,356
"S01011806",825,137,688
"S01011807",977,136,841
"S01011808",559,103,456
"S01011809",566,97,469
"S01011810",827,137,690
"S01011811",681,99,582
"S01011812",555,89,466
"S01011813",693,92,601
"S01011814",604,93,511
"S01011815",509,73,436
"S01011816",570,60,510
"S01011817",914,127,787
"S01011818",807,95,712
"S01011819",877,166,711
"S01011820",516,165,351
"S01011821",243,47,196
"S01011822",592,118,474
"S01011823",670,121,549
"S01011824",785,114,671
"S01011825",582,114,468
"S01011826",637,101,536
"S01011827",405,73,332
"S01011828",854,183,671
"S01011829",357,64,293
"S01011830",444,88,356
"S01011831",545,116,429
"S01011832",749,139,610
"S01011833",869,131,738
"S01011834",331,29,302
"S01011835",574,80,494
"S01011836",609,80,529
"S01011837",850,161,689
"S01011838",775,74,701
"S01011839",1185,153,1032
"S01011840",815,91,724
"S01011841",756,142,614
"S01011842",983,207,776
"S01011843",951,134,817
"S01011844",646,117,529
"S01011845",789,139,650
"S01011846",898,107,791
"S01011847",451,49,402
"S01011848",631,103,528
"S01011849",718,113,605
"S01011850",700,71,629
"S01011851",822,143,679
"S01011852",931,201,730
"S01011853",656,114,542
"S01011854",811,187,624
"S01011855",874,176,698
"S01011856",606,95,511
"S01011857",775,161,614
"S01011858",790,186,604
"S01011859",852,202,650
"S01011860",712,109,603
"S01011861",638,92,546
"S01011862",842,145,697
"S01011863",815,205,610
"S01011864",721,100,621
"S01011865",648,131,517
"S01011866",676,139,537
"S01011867",571,137,434
"S01011868",733,143,590
"S01011869",600,90,510
"S01011870",594,119,475
"S01011871",882,105,777
"S01011872",889,125,764
"S01011873",702,73,629
"S01011874",458,60,398
"S01011875",668,133,535
"S01011876",881,139,742
"S01011877",569,83,486
"S01011878",989,111,878
"S01011879",409,34,375
"S01011880",639,86,553
"S01011881",515,126,389
"S01011882",954,200,754
"S01011883",1568,151,1417
"S01011884",429,46,383
"S01011885",334,49,285
"S01011886",687,117,570
"S01011887",617,103,514
"S01011888",724,135,589
"S01011889",843,218,625
"S01011890",673,115,558
"S01011891",1020,274,746
"S01011892",940,102,838
"S01011893",659,122,537
"S01011894",734,116,618
"S01011895",549,108,441
"S01011896",873,171,702
"S01011897",993,157,836
"S01011898",552,79,473
"S01011899",832,125,707
"S01011900",711,95,616
"S01011901",677,107,570
"S01011902",972,196,776
"S01011903",840,131,709
"S01011904",898,156,742
"S01011905",703,87,616
"S01011906",456,51,405
"S01011907",770,80,690
"S01011908",400,34,366
"S01011909",693,32,661
"S01011910",949,179,770
"S01011911",702,149,553
"S01011912",725,144,581
"S01011913",754,163,591
"S01011914",893,175,718
"S01011915",790,178,612
"S01011916",599,125,474
"S01011917",540,95,445
"S01011918",614,137,477
"S01011919",699,126,573
"S01011920",602,121,481
"S01011921",614,141,473
"S01011922",765,144,621
"S01011923",1064,161,903
"S01011924",449,89,360
"S01011925",74,24,50
"S01011926",661,129,532
"S01011927",621,135,486
"S01011928",785,140,645
"S01011929",644,120,524
"S01011930",771,174,597
"S01011931",800,133,667
"S01011932",195,68,127
"S01011933",438,86,352
"S01011934",906,214,692
"S01011935",847,211,636
"S01011936",546,113,433
"S01011937",333,108,225
"S01011938",656,144,512
"S01011939",584,114,470
"S01011940",519,118,401
"S01011941",420,73,347
"S01011942",583,135,448
"S01011943",860,237,623
"S01011944",424,75,349
"S01011945",757,155,602
"S01011946",753,174,579
"S01011947",495,78,417
"S01011948",961,247,714
"S01011949",770,133,637
"S01011950",926,209,717
"S01011951",665,107,558
"S01011953",792,133,659
"S01011954",399,86,313
"S01011955",935,201,734
"S01011956",642,112,530
"S01011957",596,102,494
"S01011958",988,165,823
"S01011959",1097,193,904
"S01011960",519,68,451
"S01011961",607,78,529
"S01011962",430,43,387
"S01011963",339,80,259
"S01011964",911,139,772
"S01011965",945,179,766
"S01011966",753,127,626
"S01011967",999,153,846
"S01011968",714,136,578
"S01011969",829,133,696
"S01011970",939,172,767
"S01011971",527,87,440
"S01011972",1115,165,950
"S01011973",559,99,460
"S01011974",739,121,618
"S01011975",445,72,373
"S01011976",674,114,560
"S01011977",1079,184,895
"S01011978",667,163,504
"S01011979",682,157,525
"S01011980",448,56,392
"S01011981",925,130,795
"S01011982",862,129,733
"S01011983",793,135,658
"S01011984",633,165,468
"S01011985",850,176,674
"S01011986",651,156,495
"S01011987",722,104,618
"S01011988",650,169,481
"S01011989",773,122,651
"S01011990",687,140,547
"S01011991",750,155,595
"S01011992",730,140,590
"S01011993",894,211,683
"S01011994",669,141,528
"S01011995",746,112,634
"S01011996",453,75,378
"S01011997",878,138,740
"S01011998",272,44,228
"S01011999",647,112,535
"S01012000",463,60,403
"S01012001",454,77,377
"S01012002",594,157,437
"S01012003",496,69,427
"S01012004",746,173,573
"S01012005",452,56,396
"S01012006",1238,132,1106
"S01012007",762,186,576
"S01012008",889,179,710
"S01012009",782,106,676
"S01012010",1036,177,859
"S01012011",993,206,787
"S01012012",703,148,555
"S01012013",666,118,548
"S01012014",814,177,637
"S01012015",853,159,694
"S01012016",718,123,595
"S01012017",636,87,549
"S01012018",880,111,769
"S01012019",600,96,504
"S01012020",718,170,548
"S01012021",607,99,508
"S01012022",641,118,523
"S01012023",482,93,389
"S01012024",756,107,649
"S01012025",746,142,604
"S01012026",94,14,80
"S01012027",1022,146,876
"S01012028",903,94,809
"S01012029",1053,359,694
"S01012030",1473,393,1080
"S01012031",230,35,195
"S01012032",406,62,344
"S01012033",822,175,647
"S01012034",789,155,634
"S01012035",943,172,771
"S01012036",920,139,781
"S01012037",1040,250,790
"S01012038",825,191,634
"S01012039",857,235,622
"S01012040",525,88,437
"S01012041",924,201,723
"S01012042",940,205,735
"S01012043",880,211,669
"S01012044",954,332,622
"S01012045",844,213,631
"S01012046",723,226,497
"S01012047",888,339,549
"S01012048",600,221,379
"S01012049",674,129,545
"S01012050",625,81,544
"S01012051",840,206,634
"S01012052",801,238,563
"S01012053",938,205,733
"S01012054",853,179,674
"S01012055",946,299,647
"S01012056",815,156,659
"S01012057",836,155,681
"S01012058",655,117,538
"S01012059",905,253,652
"S01012060",789,238,551
"S01012061",922,190,732
"S01012062",721,78,643
"S01012063",555,61,494
"S01012064",519,123,396
"S01012065",735,168,567
"S01012066",935,166,769
"S01012067",517,109,408
"S01012068",588,160,428
"S01012069",509,145,364
"S01012070",557,219,338
"S01012071",750,223,527
"S01012072",842,262,580
"S01012073",578,88,490
"S01012074",751,72,679
"S01012075",780,52,728
"S01012076",735,174,561
"S01012077",593,121,472
"S01012078",835,103,732
"S01012079",873,187,686
"S01012080",804,163,641
"S01012081",658,187,471
"S01012082",520,135,385
"S01012083",908,298,610
"S01012084",619,78,541
"S01012085",757,138,619
"S01012086",1062,252,810
"S01012087",765,178,587
"S01012088",687,71,616
"S01012089",910,94,816
"S01012090",990,108,882
"S01012091",632,64,568
"S01012092",551,46,505
"S01012093",588,92,496
"S01012094",889,191,698
"S01012095",799,73,726
"S01012096",913,250,663
"S01012097",558,130,428
"S01012098",581,160,421
"S01012099",1147,373,774
"S01012100",1309,297,1012
"S01012101",712,88,624
"S01012102",722,158,564
"S01012103",979,138,841
"S01012104",907,91,816
"S01012105",788,100,688
"S01012106",883,100,783
"S01012107",789,226,563
"S01012108",961,383,578
"S01012109",778,172,606
"S01012110",653,160,493
"S01012111",543,153,390
"S01012112",862,300,562
"S01012113",945,280,665
"S01012114",690,75,615
"S01012115",533,161,372
"S01012116",494,118,376
"S01012117",311,40,271
"S01012118",986,363,623
"S01012119",1007,120,887
"S01012120",696,149,547
"S01012121",857,256,601
"S01012122",908,210,698
"S01012123",553,93,460
"S01012124",562,91,471
"S01012125",774,225,549
"S01012126",452,97,355
"S01012127",728,128,600
"S01012128",174,33,141
"S01012129",678,153,525
"S01012130",911,389,522
"S01012131",921,244,677
"S01012132",671,110,561
"S01012133",789,150,639
"S01012134",1008,275,733
"S01012135",1078,281,797
"S01012136",662,118,544
"S01012137",637,177,460
"S01012138",812,197,615
"S01012139",711,239,472
"S01012140",853,117,736
"S01012141",1035,144,891
"S01012142",950,160,790
"S01012143",857,126,731
"S01012144",946,190,756
"S01012145",958,123,835
"S01012146",733,255,478
"S01012147",762,217,545
"S01012148",764,206,558
"S01012149",763,166,597
"S01012150",886,239,647
"S01012151",546,156,390
"S01012152",708,211,497
"S01012153",499,153,346
"S01012154",499,122,377
"S01012155",487,126,361
"S01012156",681,216,465
"S01012157",778,167,611
"S01012158",642,91,551
"S01012159",578,79,499
"S01012160",726,108,618
"S01012161",454,115,339
"S01012162",721,176,545
"S01012163",450,89,361
"S01012164",356,22,334
"S01012165",961,223,738
"S01012166",649,111,538
"S01012167",727,169,558
"S01012168",1047,205,842
"S01012169",798,203,595
"S01012170",1010,299,711
"S01012171",943,202,741
"S01012172",826,190,636
"S01012173",703,123,580
"S01012174",1038,107,931
"S01012175",940,110,830
"S01012176",918,119,799
"S01012177",691,87,604
"S01012178",569,68,501
"S01012179",644,164,480
"S01012180",567,199,368
"S01012181",707,184,523
"S01012182",953,194,759
"S01012183",218,49,169
"S01012185",625,149,476
"S01012186",700,200,500
"S01012187",738,217,521
"S01012188",684,168,516
"S01012189",535,105,430
"S01012190",143,19,124
"S01012191",966,101,865
"S01012192",418,55,363
"S01012193",580,45,535
"S01012194",573,37,536
"S01012195",1085,135,950
"S01012196",589,52,537
"S01012197",775,190,585
"S01012198",892,189,703
"S01012199",612,154,458
"S01012200",699,168,531
"S01012201",763,173,590
"S01012202",614,105,509
"S01012203",750,110,640
"S01012204",840,61,779
"S01012205",740,79,661
"S01012206",889,121,768
"S01012207",912,237,675
"S01012208",1024,273,751
"S01012209",750,188,562
"S01012210",745,194,551
"S01012211",767,186,581
"S01012212",889,106,783
"S01012213",930,101,829
"S01012214",735,99,636
"S01012215",966,89,877
"S01012216",766,80,686
"S01012217",438,105,333
"S01012218",530,101,429
"S01012219",860,281,579
"S01012220",645,220,425
"S01012221",733,262,471
"S01012222",840,218,622
"S01012223",660,172,488
"S01012224",890,175,715
"S01012225",1029,239,790
"S01012226",809,143,666
"S01012227",655,114,541
"S01012228",696,126,570
"S01012229",672,77,595
"S01012230",949,97,852
"S01012231",890,74,816
"S01012232",891,80,811
"S01012233",919,79,840
"S01012234",1069,111,958
"S01012235",543,76,467
"S01012236",677,155,522
"S01012237",897,84,813
"S01012238",594,146,448
"S01012239",602,142,460
"S01012240",763,172,591
"S01012241",574,58,516
"S01012242",813,87,726
"S01012243",527,63,464
"S01012244",1063,114,949
"S01012245",535,103,432
"S01012246",771,66,705
"S01012247",760,131,629
"S01012248",722,78,644
"S01012249",841,102,739
"S01012250",928,106,822
"S01012251",1200,209,991
"S01012252",573,84,489
"S01012253",896,196,700
"S01012254",761,112,649
"S01012255",608,139,469
"S01012256",694,79,615
"S01012257",998,152,846
"S01012258",616,68,548
"S01012259",628,93,535
"S01012260",762,182,580
"S01012261",143,14,129
"S01012262",977,140,837
"S01012263",509,104,405
"S01012264",297,60,237
"S01012265",857,149,708
"S01012266",812,164,648
"S01012267",620,104,516
"S01012268",922,104,818
"S01012269",814,137,677
"S01012270",783,147,636
"S01012271",1229,155,1074
"S01012272",329,52,277
"S01012273",659,86,573
"S01012274",763,91,672
"S01012275",655,109,546
"S01012276",897,172,725
"S01012277",811,139,672
"S01012278",698,183,515
"S01012279",611,100,511
"S01012280",994,165,829
"S01012281",790,127,663
"S01012282",1153,216,937
"S01012283",707,162,545
"S01012284",782,164,618
"S01012285",639,97,542
"S01012286",1034,191,843
"S01012287",665,180,485
"S01012288",917,152,765
"S01012289",692,108,584
"S01012290",316,68,248
"S01012291",604,71,533
"S01012292",845,182,663
"S01012293",456,73,383
"S01012294",941,156,785
"S01012295",311,62,249
"S01012296",333,49,284
"S01012297",547,54,493
"S01012298",748,122,626
"S01012299",570,77,493
"S01012300",253,67,186
"S01012301",814,123,691
"S01012302",781,128,653
"S01012303",1007,183,824
"S01012304",994,151,843
"S01012305",679,143,536
"S01012306",602,153,449
"S01012307",449,80,369
"S01012308",634,92,542
"S01012309",416,94,322
"S01012310",1168,239,929
"S01012311",501,128,373
"S01012312",1047,170,877
"S01012313",729,137,592
"S01012314",796,149,647
"S01012315",624,130,494
"S01012316",704,149,555
"S01012317",152,28,124
"S01012318",891,138,753
"S01012319",672,114,558
"S01012320",646,112,534
"S01012321",558,97,461
"S01012322",673,125,548
"S01012323",778,148,630
"S01012324",865,163,702
"S01012325",335,71,264
"S01012326",502,108,394
"S01012327",976,189,787
"S01012328",458,86,372
"S01012329",1018,155,863
"S01012330",513,67,446
"S01012331",390,51,339
"S01012332",990,147,843
"S01012333",851,142,709
"S01012334",910,121,789
"S01012335",978,90,888
"S01012336",661,114,547
"S01012337",840,229,611
"S01012338",529,104,425
"S01012339",596,114,482
"S01012340",587,78,509
"S01012341",1336,190,1146
"S01012342",883,148,735
"S01012343",836,116,720
"S01012344",555,105,450
"S01012345",644,103,541
"S01012346",743,132,611
"S01012347",602,120,482
"S01012348",484,82,402
"S01012349",806,120,686
"S01012350",756,122,634
"S01012351",794,119,675
"S01012352",737,146,591
"S01012353",425,110,315
"S01012354",588,141,447
"S01012355",1036,146,890
"S01012356",556,113,443
"S01012357",838,138,700
"S01012358",896,166,730
"S01012359",828,182,646
"S01012360",896,172,724
"S01012361",682,138,544
"S01012362",644,122,522
"S01012363",915,198,717
"S01012364",677,138,539
"S01012365",974,138,836
"S01012366",813,158,655
"S01012367",884,166,718
"S01012368",655,125,530
"S01012369",925,122,803
"S01012370",817,216,601
"S01012371",1013,243,770
"S01012372",682,153,529
"S01012373",956,169,787
"S01012374",973,153,820
"S01012375",900,166,734
"S01012376",841,103,738
"S01012377",674,145,529
"S01012378",762,119,643
"S01012379",572,79,493
"S01012380",935,154,781
"S01012381",650,156,494
"S01012382",974,118,856
"S01012383",950,193,757
"S01012384",440,85,355
"S01012385",613,67,546
"S01012386",919,186,733
"S01012387",948,155,793
"S01012388",683,119,564
"S01012389",683,99,584
"S01012390",658,100,558
"S01012391",590,52,538
"S01012392",361,42,319
"S01012393",1004,102,902
"S01012394",577,81,496
"S01012395",594,111,483
"S01012396",610,107,503
"S01012397",859,156,703
"S01012398",879,212,667
"S01012399",655,106,549
"S01012400",533,105,428
"S01012401",706,98,608
"S01012402",777,112,665
"S01012403",725,114,611
"S01012404",938,181,757
"S01012405",610,59,551
"S01012406",240,39,201
"S01012407",722,107,615
"S01012408",577,86,491
"S01012409",660,104,556
"S01012410",767,91,676
"S01012411",783,123,660
"S01012412",571,103,468
"S01012413",957,213,744
"S01012414",806,148,658
"S01012415",590,73,517
"S01012416",520,71,449
"S01012417",628,142,486
"S01012418",964,211,753
"S01012419",782,185,597
"S01012420",933,182,751
"S01012421",638,171,467
"S01012422",908,206,702
"S01012423",1129,219,910
"S01012424",861,180,681
"S01012425",660,198,462
"S01012426",525,121,404
"S01012427",718,132,586
"S01012428",753,147,606
"S01012429",498,149,349
"S01012430",576,122,454
"S01012431",796,202,594
"S01012432",785,202,583
"S01012433",545,143,402
"S01012434",728,170,558
"S01012435",524,132,392
"S01012436",322,65,257
"S01012437",648,134,514
"S01012438",876,146,730
"S01012439",797,193,604
"S01012440",431,55,376
"S01012441",925,165,760
"S01012442",697,123,574
"S01012443",683,118,565
"S01012444",887,249,638
"S01012445",116,9,107
"S01012446",543,124,419
"S01012447",695,90,605
"S01012448",764,124,640
"S01012449",393,83,310
"S01012450",957,161,796
"S01012451",927,297,630
"S01012452",540,100,440
"S01012453",714,130,584
"S01012454",726,108,618
"S01012455",627,70,557
"S01012456",848,135,713
"S01012457",902,145,757
"S01012458",831,118,713
"S01012459",720,108,612
"S01012460",596,96,500
"S01012461",573,121,452
"S01012462",782,209,573
"S01012463",662,119,543
"S01012464",698,97,601
"S01012465",796,140,656
"S01012466",796,180,616
"S01012467",711,161,550
"S01012468",917,212,705
"S01012469",827,165,662
"S01012470",874,247,627
"S01012471",804,134,670
"S01012472",747,138,609
"S01012473",576,82,494
"S01012474",743,216,527
"S01012475",719,158,561
"S01012476",1040,258,782
"S01012477",750,96,654
"S01012478",678,152,526
"S01012479",733,79,654
"S01012480",67,16,51
"S01012481",747,141,606
"S01012482",600,164,436
"S01012483",752,214,538
"S01012484",799,168,631
"S01012485",864,229,635
"S01012486",662,253,409
"S01012487",620,132,488
"S01012488",977,255,722
"S01012489",940,245,695
"S01012490",827,258,569
"S01012491",502,101,401
"S01012492",790,259,531
"S01012493",697,249,448
"S01012494",1028,213,815
"S01012495",1012,265,747
"S01012496",893,239,654
"S01012497",539,160,379
"S01012498",838,220,618
"S01012499",550,107,443
"S01012500",665,138,527
"S01012501",612,150,462
"S01012502",720,177,543
"S01012503",729,210,519
"S01012504",394,104,290
"S01012505",972,254,718
"S01012506",480,121,359
"S01012507",872,235,637
"S01012508",742,210,532
"S01012509",683,152,531
"S01012510",907,143,764
"S01012511",524,88,436
"S01012512",725,109,616
"S01012513",888,68,820
"S01012514",483,30,453
"S01012515",622,210,412
"S01012516",658,126,532
"S01012517",777,154,623
"S01012518",506,111,395
"S01012519",542,111,431
"S01012520",862,168,694
"S01012521",509,116,393
"S01012522",982,162,820
"S01012523",887,168,719
"S01012524",941,219,722
"S01012525",796,142,654
"S01012526",781,115,666
"S01012527",692,154,538
"S01012528",839,190,649
"S01012529",830,189,641
"S01012530",924,202,722
"S01012531",649,126,523
"S01012532",954,190,764
"S01012533",355,98,257
"S01012534",602,155,447
"S01012535",562,135,427
"S01012536",793,184,609
"S01012537",875,191,684
"S01012538",940,255,685
"S01012539",856,180,676
"S01012540",768,171,597
"S01012541",771,108,663
"S01012542",871,247,624
"S01012543",717,101,616
"S01012544",499,145,354
"S01012545",414,100,314
"S01012546",842,127,715
"S01012547",778,153,625
"S01012548",962,171,791
"S01012549",469,88,381
"S01012550",979,208,771
"S01012551",886,95,791
"S01012552",969,135,834
"S01012553",639,76,563
"S01012554",512,37,475
"S01012555",765,77,688
"S01012556",448,48,400
"S01012557",827,132,695
"S01012558",483,104,379
"S01012559",613,194,419
"S01012560",755,157,598
"S01012561",614,119,495
"S01012562",760,164,596
"S01012563",610,102,508
"S01012564",838,126,712
"S01012565",621,156,465
"S01012566",929,196,733
"S01012567",783,192,591
"S01012568",628,115,513
"S01012569",712,136,576
"S01012570",615,137,478
"S01012571",683,141,542
"S01012572",516,88,428
"S01012573",950,168,782
"S01012574",969,177,792
"S01012575",522,66,456
"S01012576",537,114,423
"S01012577",751,125,626
"S01012578",998,228,770
"S01012579",667,120,547
"S01012580",732,110,622
"S01012581",792,191,601
"S01012582",625,141,484
"S01012583",743,175,568
"S01012584",638,116,522
"S01012585",889,201,688
"S01012586",1000,312,688
"S01012587",667,119,548
"S01012588",579,109,470
"S01012589",748,168,580
"S01012590",725,219,506
"S01012591",747,229,518
"S01012592",336,63,273
"S01012593",826,90,736
"S01012594",648,117,531
"S01012595",553,137,416
"S01012596",698,179,519
"S01012597",158,33,125
"S01012598",682,110,572
"S01012599",644,114,530
"S01012600",728,64,664
"S01012601",860,96,764
"S01012602",642,235,407
"S01012603",699,213,486
"S01012604",719,148,571
"S01012605",600,122,478
"S01012606",316,23,293
"S01012607",817,189,628
"S01012608",853,183,670
"S01012609",884,214,670
"S01012610",873,232,641
"S01012611",996,183,813
"S01012612",976,210,766
"S01012613",629,107,522
"S01012614",833,205,628
"S01012615",674,109,565
"S01012616",711,182,529
"S01012617",352,40,312
"S01012618",576,88,488
"S01012619",563,160,403
"S01012620",772,111,661
"S01012621",651,137,514
"S01012622",795,170,625
"S01012623",463,112,351
"S01012624",721,190,531
"S01012625",566,136,430
"S01012626",563,81,482
"S01012627",564,116,448
"S01012628",359,105,254
"S01012629",426,80,346
"S01012630",799,220,579
"S01012631",991,223,768
"S01012632",551,86,465
"S01012633",760,129,631
"S01012634",545,130,415
"S01012635",902,180,722
"S01012636",572,96,476
"S01012637",856,208,648
"S01012638",941,179,762
"S01012639",876,234,642
"S01012640",821,246,575
"S01012641",880,294,586
"S01012642",881,207,674
"S01012643",387,97,290
"S01012644",475,103,372
"S01012645",715,234,481
"S01012646",687,100,587
"S01012648",598,150,448
"S01012649",691,174,517
"S01012650",578,108,470
"S01012651",640,188,452
"S01012652",1055,136,919
"S01012653",875,185,690
"S01012654",716,110,606
"S01012655",978,314,664
"S01012656",802,248,554
"S01012657",537,175,362
"S01012658",972,192,780
"S01012659",799,54,745
"S01012660",721,158,563
"S01012661",812,189,623
"S01012662",861,247,614
"S01012663",713,151,562
"S01012664",868,251,617
"S01012665",834,280,554
"S01012666",781,243,538
"S01012667",611,153,458
"S01012668",786,218,568
"S01012669",817,116,701
"S01012670",716,135,581
"S01012671",873,257,616
"S01012672",451,162,289
"S01012673",697,175,522
"S01012674",622,195,427
"S01012675",828,230,598
"S01012676",828,170,658
"S01012677",480,126,354
"S01012678",824,113,711
"S01012679",718,204,514
"S01012680",245,70,175
"S01012681",537,88,449
"S01012682",654,164,490
"S01012683",787,140,647
"S01012684",691,159,532
"S01012685",703,150,553
"S01012686",867,152,715
"S01012687",600,83,517
"S01012688",794,179,615
"S01012689",556,79,477
"S01012690",542,70,472
"S01012691",719,86,633
"S01012692",697,149,548
"S01012693",1008,87,921
"S01012694",478,79,399
"S01012695",916,218,698
"S01012696",667,91,576
"S01012697",505,62,443
"S01012698",955,161,794
"S01012699",1225,280,945
"S01012700",903,149,754
"S01012701",753,92,661
"S01012702",292,82,210
"S01012703",627,59,568
"S01012704",711,184,527
"S01012705",755,40,715
"S01012706",723,180,543
"S01012707",984,82,902
"S01012708",953,251,702
"S01012709",616,147,469
"S01012710",708,204,504
"S01012711",816,257,559
"S01012712",1016,144,872
"S01012713",699,152,547
"S01012714",663,110,553
"S01012715",713,186,527
"S01012716",903,190,713
"S01012717",789,214,575
"S01012718",748,167,581
"S01012719",633,137,496
"S01012720",425,79,346
"S01012721",675,154,521
"S01012722",797,301,496
"S01012723",738,239,499
"S01012724",763,219,544
"S01012725",830,178,652
"S01012726",601,174,427
"S01012727",731,207,524
"S01012728",903,201,702
"S01012729",867,138,729
"S01012730",774,174,600
"S01012731",629,177,452
"S01012732",872,192,680
"S01012735",624,147,477
"S01012736",954,183,771
"S01012737",740,120,620
"S01012738",622,160,462
"S01012741",686,61,625
"S01012742",789,66,723
"S01012743",681,112,569
"S01012744",786,64,722
"S01012745",658,100,558
"S01012746",714,102,612
"S01012747",943,183,760
"S01012748",944,238,706
"S01012749",886,213,673
"S01012750",675,148,527
"S01012751",883,270,613
"S01012752",693,169,524
"S01012753",444,109,335
"S01012754",593,154,439
"S01012755",490,203,287
"S01012756",513,197,316
"S01012757",519,157,362
"S01012758",641,156,485
"S01012759",744,197,547
"S01012760",957,331,626
"S01012761",797,218,579
"S01012762",750,165,585
"S01012763",634,170,464
"S01012764",654,188,466
"S01012765",781,136,645
"S01012766",417,124,293
"S01012767",824,101,723
"S01012768",726,98,628
"S01012769",114,16,98
"S01012770",789,211,578
"S01012771",791,219,572
"S01012772",760,210,550
"S01012773",1071,286,785
"S01012774",1012,317,695
"S01012775",492,133,359
"S01012776",860,195,665
"S01012777",444,87,357
"S01012778",278,59,219
"S01012779",522,120,402
"S01012780",707,167,540
"S01012781",623,130,493
"S01012782",725,193,532
"S01012783",866,266,600
"S01012784",565,212,353
"S01012785",748,252,496
"S01012786",471,168,303
"S01012787",378,127,251
"S01012788",634,188,446
"S01012789",597,118,479
"S01012790",398,99,299
"S01012791",1039,214,825
"S01012792",979,353,626
"S01012793",655,210,445
"S01012794",282,97,185
"S01012795",1134,339,795
"S01012796",210,74,136
"S01012797",652,182,470
"S01012798",881,154,727
"S01012799",786,165,621
"S01012800",689,100,589
"S01012801",85,6,79
"S01012802",555,47,508
"S01012803",810,83,727
"S01012804",829,190,639
"S01012805",943,246,697
"S01012806",907,291,616
"S01012807",540,48,492
"S01012808",1072,209,863
"S01012809",634,93,541
"S01012810",769,271,498
"S01012811",833,179,654
"S01012812",662,92,570
"S01012813",832,127,705
"S01012814",761,73,688
"S01012815",298,22,276
"S01012816",325,44,281
"S01012817",196,13,183
"S01012818",615,71,544
"S01012819",838,291,547
"S01012820",871,103,768
"S01012822",309,119,190
"S01012823",513,75,438
"S01012824",480,116,364
"S01012825",399,121,278
"S01012826",216,50,166
"S01012827",122,28,94
"S01012828",563,82,481
"S01012829",765,242,523
"S01012830",599,160,439
"S01012831",668,227,441
"S01012832",548,126,422
"S01012833",780,245,535
"S01012834",517,123,394
"S01012835",1049,407,642
"S01012837",785,179,606
"S01012838",870,238,632
"S01012839",797,112,685
"S01012840",276,25,251
"S01012841",691,106,585
"S01012842",579,62,517
"S01012843",907,114,793
"S01012844",786,84,702
"S01012845",755,115,640
"S01012846",895,340,555
"S01012847",621,135,486
"S01012848",398,90,308
"S01012849",472,168,304
"S01012850",871,277,594
"S01012851",842,245,597
"S01012852",830,145,685
"S01012853",750,144,606
"S01012854",756,117,639
"S01012855",616,81,535
"S01012856",634,245,389
"S01012857",804,304,500
"S01012858",699,244,455
"S01012859",733,160,573
"S01012860",1044,371,673
"S01012861",678,132,546
"S01012862",517,188,329
"S01012863",650,219,431
"S01012864",779,236,543
"S01012865",775,247,528
"S01012866",861,190,671
"S01012867",820,326,494
"S01012868",613,226,387
"S01012869",614,193,421
"S01012870",980,219,761
"S01012871",896,155,741
"S01012872",1006,158,848
"S01012873",780,112,668
"S01012874",840,230,610
"S01012875",557,152,405
"S01012876",849,279,570
"S01012877",786,270,516
"S01012878",958,96,862
"S01012879",691,109,582
"S01012880",872,129,743
"S01012881",704,155,549
"S01012882",674,142,532
"S01012883",674,241,433
"S01012884",564,177,387
"S01012885",559,156,403
"S01012886",898,156,742
"S01012887",744,129,615
"S01012888",841,135,706
"S01012889",571,86,485
"S01012890",638,191,447
"S01012891",462,182,280
"S01012892",1165,330,835
"S01012893",702,198,504
"S01012894",212,31,181
"S01012895",268,34,234
"S01012896",925,240,685
"S01012897",482,64,418
"S01012899",749,152,597
"S01012900",1063,289,774
"S01012901",769,119,650
"S01012902",795,141,654
"S01012903",934,149,785
"S01012904",868,167,701
"S01012905",505,93,412
"S01012906",1130,200,930
"S01012907",724,184,540
"S01012908",747,194,553
"S01012909",651,153,498
"S01012910",845,261,584
"S01012911",796,176,620
"S01012912",840,213,627
"S01012913",825,196,629
"S01012914",712,166,546
"S01012915",650,172,478
"S01012916",757,165,592
"S01012917",786,99,687
"S01012918",685,152,533
"S01012919",509,113,396
"S01012920",552,84,468
"S01012921",612,115,497
"S01012922",761,131,630
"S01012923",768,119,649
"S01012924",571,92,479
"S01012925",549,63,486
"S01012926",765,112,653
"S01012927",827,145,682
"S01012928",773,122,651
"S01012929",800,143,657
"S01012930",810,277,533
"S01012931",822,211,611
"S01012932",749,92,657
"S01012933",846,183,663
"S01012934",762,204,558
"S01012935",901,192,709
"S01012936",638,121,517
"S01012937",739,134,605
"S01012938",583,96,487
"S01012939",666,57,609
"S01012940",770,58,712
"S01012941",646,53,593
"S01012942",803,185,618
"S01012943",762,90,672
"S01012944",555,60,495
"S01012945",759,93,666
"S01012946",808,60,748
"S01012947",513,22,491
"S01012948",643,58,585
"S01012949",916,80,836
"S01012950",598,32,566
"S01012952",575,71,504
"S01012953",697,60,637
"S01012954",513,55,458
"S01012955",249,62,187
"S01012956",999,270,729
"S01012957",689,137,552
"S01012958",470,80,390
"S01012959",660,60,600
"S01012960",697,106,591
"S01012961",538,54,484
"S01012962",724,72,652
"S01012963",526,41,485
"S01012964",157,10,147
"S01012965",509,45,464
"S01012966",765,92,673
"S01012967",655,96,559
"S01012968",726,134,592
"S01012969",791,172,619
"S01012970",661,119,542
"S01012971",918,138,780
"S01012972",667,133,534
"S01012973",869,172,697
"S01012974",958,194,764
"S01012975",663,150,513
"S01012976",434,90,344
"S01012977",808,131,677
"S01012978",1126,205,921
"S01012979",587,118,469
"S01012980",713,107,606
"S01012981",787,167,620
"S01012982",891,127,764
"S01012983",791,127,664
"S01012984",690,132,558
"S01012985",884,134,750
"S01012986",778,195,583
"S01012987",892,207,685
"S01012988",792,221,571
"S01012989",1036,225,811
"S01012990",653,159,494
"S01012991",812,167,645
"S01012992",784,191,593
"S01012993",760,214,546
"S01012994",914,219,695
"S01012995",931,129,802
"S01012996",787,97,690
"S01012997",522,105,417
"S01012998",784,156,628
"S01012999",527,108,419
"S01013000",734,186,548
"S01013001",330,56,274
"S01013002",568,134,434
"S01013003",568,65,503
"S01013004",818,97,721
"S01013005",807,93,714
"S01013006",698,83,615
"S01013007",1009,186,823
"S01013008",497,94,403
"S01013009",519,128,391
"S01013010",484,77,407
"S01013011",277,31,246
"S01013012",487,101,386
"S01013013",911,140,771
"S01013014",712,138,574
"S01013015",761,107,654
"S01013016",572,67,505
"S01013017",802,131,671
"S01013018",922,106,816
"S01013019",764,88,676
"S01013020",472,127,345
"S01013021",471,105,366
"S01013022",105,12,93
"S01013023",863,94,769
"S01013024",635,91,544
"S01013025",316,51,265
"S01013026",486,150,336
"S01013027",1106,274,832
"S01013028",735,183,552
"S01013029",720,194,526
"S01013030",543,124,419
"S01013031",749,159,590
"S01013032",375,25,350
"S01013033",518,82,436
"S01013034",689,168,521
"S01013035",847,214,633
"S01013036",802,167,635
"S01013037",819,150,669
"S01013038",973,218,755
"S01013039",612,53,559
"S01013040",662,172,490
"S01013041",620,131,489
"S01013042",599,113,486
"S01013043",756,180,576
"S01013044",896,202,694
"S01013045",551,117,434
"S01013046",587,140,447
"S01013047",957,81,876
"S01013048",857,93,764
"S01013049",858,111,747
"S01013050",789,189,600
"S01013051",933,275,658
"S01013052",704,214,490
"S01013053",602,193,409
"S01013054",872,179,693
"S01013055",660,199,461
"S01013056",948,288,660
"S01013057",1022,216,806
"S01013058",258,23,235
"S01013059",671,151,520
"S01013060",400,87,313
"S01013061",893,139,754
"S01013062",784,174,610
"S01013063",771,126,645
"S01013064",780,218,562
"S01013065",868,224,644
"S01013066",591,118,473
"S01013067",675,56,619
"S01013068",699,166,533
"S01013069",605,77,528
"S01013070",512,108,404
"S01013071",890,80,810
"S01013072",562,158,404
"S01013073",699,276,423
"S01013074",606,139,467
"S01013075",1064,395,669
"S01013076",543,56,487
"S01013077",773,212,561
"S01013078",452,100,352
"S01013079",240,43,197
"S01013080",574,124,450
"S01013081",537,75,462
"S01013082",882,133,749
"S01013083",1052,92,960
"S01013084",762,116,646
"S01013085",677,165,512
"S01013086",830,130,700
"S01013087",949,88,861
"S01013088",919,94,825
"S01013089",754,147,607
"S01013090",680,58,622
"S01013091",244,50,194
"S01013092",581,125,456
"S01013093",603,103,500
"S01013094",646,51,595
"S01013095",726,67,659
"S01013096",628,76,552
"S01013097",754,74,680
"S01013099",859,148,711
"S01013100",636,146,490
"S01013101",1036,242,794
"S01013102",668,115,553
"S01013103",830,72,758
"S01013104",985,148,837
"S01013105",897,132,765
"S01013106",771,142,629
"S01013107",677,92,585
"S01013108",666,119,547
"S01013109",910,165,745
"S01013110",752,127,625
"S01013111",472,66,406
"S01013112",404,63,341
"S01013113",860,179,681
"S01013114",706,119,587
"S01013115",451,111,340
"S01013116",1033,205,828
"S01013117",308,39,269
"S01013118",947,144,803
"S01013119",755,153,602
"S01013120",939,171,768
"S01013121",398,68,330
"S01013122",660,229,431
"S01013123",817,166,651
"S01013124",796,189,607
"S01013125",869,202,667
"S01013126",754,186,568
"S01013127",714,179,535
"S01013128",560,116,444
"S01013129",862,246,616
"S01013130",790,162,628
"S01013131",744,146,598
"S01013132",587,146,441
"S01013133",689,350,339
"S01013134",823,198,625
"S01013135",891,232,659
"S01013136",980,262,718
"S01013137",795,207,588
"S01013138",780,185,595
"S01013139",918,258,660
"S01013140",861,238,623
"S01013141",744,215,529
"S01013142",769,320,449
"S01013143",912,207,705
"S01013144",942,265,677
"S01013145",835,249,586
"S01013146",388,120,268
"S01013147",736,172,564
"S01013148",766,155,611
"S01013149",766,162,604
"S01013150",822,199,623
"S01013151",572,86,486
"S01013152",559,138,421
"S01013153",828,224,604
"S01013154",939,248,691
"S01013155",971,170,801
"S01013156",931,192,739
"S01013157",896,224,672
"S01013158",889,190,699
"S01013159",928,103,825
"S01013160",477,41,436
"S01013161",994,185,809
"S01013162",818,253,565
"S01013163",753,81,672
"S01013164",983,265,718
"S01013165",807,204,603
"S01013166",460,142,318
"S01013167",780,202,578
"S01013168",1163,364,799
"S01013169",757,287,470
"S01013170",594,162,432
"S01013171",790,111,679
"S01013172",841,146,695
"S01013173",875,129,746
"S01013174",856,69,787
"S01013175",858,113,745
"S01013176",817,225,592
"S01013177",655,106,549
"S01013178",519,105,414
"S01013179",1115,189,926
"S01013180",523,50,473
"S01013181",759,167,592
"S01013182",764,224,540
"S01013183",828,128,700
"S01013184",627,137,490
"S01013185",869,204,665
"S01013186",826,179,647
"S01013187",679,166,513
"S01013188",998,156,842
"S01013189",473,93,380
"S01013190",795,209,586
"S01013191",774,76,698
"S01013192",1004,256,748
"S01013193",556,106,450
"S01013194",641,106,535
"S01013195",846,210,636
"S01013196",636,104,532
"S01013197",624,142,482
"S01013198",955,284,671
"S01013199",903,233,670
"S01013200",838,202,636
"S01013201",702,202,500
"S01013202",653,175,478
"S01013203",707,141,566
"S01013204",908,140,768
"S01013205",410,102,308
"S01013206",757,204,553
"S01013207",918,255,663
"S01013208",680,135,545
"S01013209",786,213,573
"S01013210",652,85,567
"S01013211",937,166,771
"S01013212",373,29,344
"S01013213",585,47,538
"S01013214",422,46,376
"S01013215",1080,141,939
"S01013216",652,96,556
"S01013217",723,118,605
"S01013218",659,124,535
"S01013219",681,106,575
"S01013220",731,160,571
"S01013221",932,197,735
"S01013222",430,148,282
"S01013223",860,313,547
"S01013224",846,183,663
"S01013225",683,188,495
"S01013226",198,45,153
"S01013227",650,158,492
"S01013228",863,218,645
"S01013229",856,197,659
"S01013230",727,194,533
"S01013231",743,156,587
"S01013232",817,262,555
"S01013233",535,106,429
"S01013235",793,171,622
"S01013236",890,147,743
"S01013237",796,131,665
"S01013238",842,263,579
"S01013239",928,244,684
"S01013240",534,156,378
"S01013241",976,130,846
"S01013242",650,84,566
"S01013243",762,159,603
"S01013244",781,211,570
"S01013245",877,183,694
"S01013246",338,85,253
"S01013247",806,223,583
"S01013248",626,185,441
"S01013249",498,119,379
"S01013250",804,122,682
"S01013251",554,135,419
"S01013252",684,142,542
"S01013253",677,141,536
"S01013254",655,177,478
"S01013255",678,142,536
"S01013256",513,132,381
"S01013257",646,205,441
"S01013258",785,98,687
"S01013259",874,174,700
"S01013260",1127,225,902
"S01013261",739,187,552
"S01013262",643,154,489
"S01013263",312,30,282
"S01013264",300,18,282
"S01013265",350,22,328
"S01013266",309,17,292
"S01013267",709,229,480
"S01013268",835,162,673
"S01013269",982,109,873
"S01013270",698,44,654
"S01013271",488,51,437
"S01013272",673,58,615
"S01013273",686,47,639
"S01013274",876,83,793
"S01013275",796,133,663
"S01013276",633,60,573
"S01013277",1006,198,808
"S01013278",696,148,548
"S01013279",738,144,594
"S01013280",656,128,528
"S01013281",955,204,751
"S01013282",855,152,703
"S01013283",524,92,432
"S01013284",679,55,624
"S01013285",664,67,597
"S01013286",725,61,664
"S01013287",855,64,791
"S01013288",700,148,552
"S01013289",708,80,628
"S01013290",864,124,740
"S01013291",654,74,580
"S01013292",768,76,692
"S01013293",743,70,673
"S01013294",718,95,623
"S01013295",846,81,765
"S01013296",768,173,595
"S01013297",595,130,465
"S01013298",905,200,705
"S01013299",935,190,745
"S01013300",548,153,395
"S01013301",504,117,387
"S01013302",665,87,578
"S01013303",964,220,744
"S01013304",820,163,657
"S01013305",857,190,667
"S01013306",829,204,625
"S01013307",981,197,784
"S01013308",397,78,319
"S01013309",594,67,527
"S01013310",585,105,480
"S01013311",674,114,560
"S01013312",1178,243,935
"S01013313",666,132,534
"S01013314",832,173,659
"S01013316",725,125,600
"S01013317",502,67,435
"S01013318",545,44,501
"S01013319",454,58,396
"S01013320",886,54,832
"S01013321",458,123,335
"S01013322",845,170,675
"S01013323",870,191,679
"S01013324",677,136,541
"S01013325",679,140,539
"S01013326",565,124,441
"S01013327",739,130,609
"S01013328",688,126,562
"S01013329",603,159,444
"S01013330",821,79,742
"S01013331",571,52,519
"S01013332",722,131,591
"S01013333",602,65,537
"S01013334",771,140,631
"S01013335",997,164,833
"S01013336",1003,173,830
"S01013337",835,155,680
"S01013338",206,46,160
"S01013339",636,56,580
"S01013340",841,101,740
"S01013341",621,53,568
"S01013342",735,203,532
"S01013343",618,105,513
"S01013344",606,131,475
"S01013345",812,143,669
"S01013346",729,43,686
"S01013347",628,72,556
"S01013348",716,56,660
"S01013349",220,56,164
"S01013350",409,63,346
"S01013351",819,142,677
"S01013352",959,158,801
"S01013353",709,153,556
"S01013354",583,110,473
"S01013355",633,119,514
"S01013356",594,111,483
"S01013357",397,48,349
"S01013358",657,178,479
"S01013359",692,180,512
"S01013360",737,207,530
"S01013361",555,163,392
"S01013362",513,162,351
"S01013363",715,175,540
"S01013364",650,136,514
"S01013365",1182,177,1005
"S01013366",792,79,713
"S01013367",628,55,573
"S01013368",515,88,427
"S01013369",905,203,702
"S01013370",586,160,426
"S01013371",671,214,457
"S01013372",913,224,689
"S01013373",881,218,663
"S01013374",930,280,650
"S01013375",686,160,526
"S01013376",531,140,391
"S01013377",803,193,610
"S01013378",873,142,731
"S01013379",929,139,790
"S01013380",640,147,493
"S01013381",625,169,456
"S01013382",203,36,167
"S01013383",716,226,490
"S01013384",647,202,445
"S01013385",524,77,447
"S01013386",618,78,540
"S01013387",634,180,454
"S01013388",652,182,470
"S01013389",813,131,682
"S01013390",381,93,288
"S01013391",912,179,733
"S01013392",77,33,44
"S01013393",515,141,374
"S01013394",701,174,527
"S01013395",641,137,504
"S01013396",153,31,122
"S01013397",665,138,527
"S01013398",164,7,157
"S01013399",375,132,243
"S01013400",596,128,468
"S01013401",260,32,228
"S01013404",76,20,56
"S01013405",707,121,586
"S01013406",678,159,519
"S01013407",570,127,443
"S01013408",789,195,594
"S01013409",864,136,728
"S01013410",115,20,95
"S01013411",530,78,452
"S01013412",731,141,590
"S01013413",568,131,437
"S01013414",676,187,489
"S01013415",606,238,368
"S01013416",588,178,410
"S01013417",733,182,551
"S01013418",511,97,414
"S01013419",526,70,456
"S01013420",437,79,358
"S01013421",510,102,408
"S01013422",782,133,649
"S01013423",826,117,709
"S01013424",573,54,519
"S01013425",367,44,323
"S01013426",818,189,629
"S01013427",318,31,287
"S01013428",626,134,492
"S01013429",242,72,170
"S01013430",416,95,321
"S01013431",1074,216,858
"S01013432",678,146,532
"S01013433",680,105,575
"S01013434",489,46,443
"S01013435",755,28,727
"S01013436",784,151,633
"S01013437",593,96,497
"S01013438",582,113,469
"S01013439",965,101,864
"S01013440",1071,86,985
"S01013441",679,94,585
"S01013442",788,74,714
"S01013443",497,89,408
"S01013444",894,229,665
"S01013445",720,192,528
"S01013446",741,110,631
"S01013447",566,26,540
"S01013448",733,92,641
"S01013449",691,58,633
"S01013450",631,41,590
"S01013451",972,59,913
"S01013452",799,49,750
"S01013453",765,159,606
"S01013454",705,91,614
"S01013455",502,91,411
"S01013456",784,176,608
"S01013457",911,189,722
"S01013458",758,100,658
"S01013459",799,218,581
"S01013460",853,196,657
"S01013461",849,141,708
"S01013462",867,78,789
"S01013463",190,32,158
"S01013464",739,129,610
"S01013465",747,124,623
"S01013466",532,131,401
"S01013467",410,87,323
"S01013468",550,168,382
"S01013469",862,149,713
"S01013470",820,191,629
"S01013471",900,176,724
"S01013472",276,32,244
"S01013473",143,9,134
"S01013474",287,25,262
"S01013475",714,105,609
"S01013476",679,110,569
"S01013477",562,147,415
"S01013478",761,123,638
"S01013479",789,180,609
"S01013480",657,192,465
"S01013481",332,63,269
