"dz_2011","total","llti","no_llti"
"S01006506",872,136,736
"S01006507",836,133,703
"S01006508",643,76,567
"S01006509",580,95,485
"S01006510",644,149,495
"S01006511",751,136,615
"S01006512",519,71,448
"S01006513",470,101,369
"S01006514",1043,134,909
"S01006515",762,74,688
"S01006516",718,84,634
"S01006517",1014,136,878
"S01006518",627,73,554
"S01006519",865,110,755
"S01006520",729,39,690
"S01006521",727,56,671
"S01006522",574,49,525
"S01006523",1016,207,809
"S01006524",776,182,594
"S01006525",798,100,698
"S01006526",902,183,719
"S01006527",683,143,540
"S01006528",1034,178,856
"S01006529",896,161,735
"S01006530",684,155,529
"S01006531",1030,253,777
"S01006532",744,161,583
"S01006533",712,85,627
"S01006534",910,97,813
"S01006535",1105,89,1016
"S01006536",948,90,858
"S01006537",697,96,601
"S01006538",569,88,481
"S01006539",747,124,623
"S01006540",960,127,833
"S01006541",858,166,692
"S01006542",1001,151,850
"S01006543",797,148,649
"S01006544",1071,152,919
"S01006545",1065,188,877
"S01006546",630,95,535
"S01006547",1268,230,1038
"S01006548",721,102,619
"S01006549",811,128,683
"S01006550",947,178,769
"S01006551",420,125,295
"S01006552",870,118,752
"S01006553",846,225,621
"S01006554",712,149,563
"S01006555",814,158,656
"S01006556",838,238,600
"S01006557",701,161,540
"S01006558",722,90,632
"S01006559",507,37,470
"S01006560",1033,172,861
"S01006561",766,99,667
"S01006562",718,161,557
"S01006563",826,117,709
"S01006564",983,162,821
"S01006565",988,126,862
"S01006566",757,78,679
"S01006567",835,144,691
"S01006568",923,57,866
"S01006569",566,55,511
"S01006570",791,80,711
"S01006571",888,87,801
"S01006572",905,93,812
"S01006573",724,62,662
"S01006574",1001,117,884
"S01006575",951,107,844
"S01006576",659,70,589
"S01006577",769,57,712
"S01006578",1096,152,944
"S01006579",1021,76,945
"S01006580",717,70,647
"S01006581",889,107,782
"S01006582",871,71,800
"S01006583",712,45,667
"S01006584",628,33,595
"S01006585",795,114,681
"S01006586",1019,179,840
"S01006587",453,35,418
"S01006588",587,44,543
"S01006589",682,69,613
"S01006590",649,69,580
"S01006591",735,53,682
"S01006592",680,31,649
"S01006593",768,73,695
"S01006594",539,90,449
"S01006595",934,70,864
"S01006596",725,84,641
"S01006597",520,41,479
"S01006598",957,75,882
"S01006599",807,177,630
"S01006600",1100,234,866
"S01006601",1002,118,884
"S01006602",879,147,732
"S01006603",849,206,643
"S01006604",678,156,522
"S01006605",802,200,602
"S01006606",831,195,636
"S01006607",934,189,745
"S01006608",1199,118,1081
"S01006609",1063,232,831
"S01006610",449,91,358
"S01006611",919,222,697
"S01006612",861,154,707
"S01006613",612,48,564
"S01006614",678,40,638
"S01006615",329,31,298
"S01006616",788,55,733
"S01006617",581,94,487
"S01006618",514,72,442
"S01006619",881,133,748
"S01006620",948,150,798
"S01006621",520,72,448
"S01006622",669,52,617
"S01006623",765,186,579
"S01006624",959,166,793
"S01006625",623,114,509
"S01006626",718,157,561
"S01006627",1046,152,894
"S01006628",910,102,808
"S01006629",803,202,601
"S01006630",627,155,472
"S01006631",933,213,720
"S01006632",812,141,671
"S01006633",699,122,577
"S01006634",634,113,521
"S01006635",658,109,549
"S01006636",870,161,709
"S01006637",753,161,592
"S01006638",834,152,682
"S01006639",945,209,736
"S01006640",723,33,690
"S01006641",608,63,545
"S01006642",1373,116,1257
"S01006643",730,47,683
"S01006644",963,135,828
"S01006645",687,154,533
"S01006646",1062,114,948
"S01006647",591,92,499
"S01006648",1804,153,1651
"S01006649",1106,145,961
"S01006650",714,66,648
"S01006651",635,103,532
"S01006652",545,50,495
"S01006653",656,56,600
"S01006654",914,213,701
"S01006655",632,137,495
"S01006656",967,124,843
"S01006657",536,52,484
"S01006658",1212,119,1093
"S01006659",632,59,573
"S01006660",420,44,376
"S01006661",729,97,632
"S01006662",942,133,809
"S01006663",562,49,513
"S01006664",223,13,210
"S01006665",712,71,641
"S01006666",1403,340,1063
"S01006667",741,183,558
"S01006668",908,78,830
"S01006669",1219,215,1004
"S01006670",929,137,792
"S01006671",2534,115,2419
"S01006672",810,133,677
"S01006673",787,117,670
"S01006674",938,240,698
"S01006675",712,104,608
"S01006676",747,153,594
"S01006677",723,131,592
"S01006678",1148,200,948
"S01006679",654,120,534
"S01006680",851,143,708
"S01006681",840,265,575
"S01006682",853,165,688
"S01006683",872,124,748
"S01006684",684,137,547
"S01006685",740,157,583
"S01006686",622,131,491
"S01006687",833,184,649
"S01006688",950,284,666
"S01006689",629,40,589
"S01006690",594,107,487
"S01006691",559,63,496
"S01006692",742,107,635
"S01006693",1015,140,875
"S01006694",865,283,582
"S01006695",712,164,548
"S01006696",849,192,657
"S01006697",926,169,757
"S01006698",691,193,498
"S01006699",471,66,405
"S01006700",830,181,649
"S01006701",728,141,587
"S01006702",668,137,531
"S01006703",675,142,533
"S01006704",605,154,451
"S01006705",816,198,618
"S01006706",619,121,498
"S01006707",608,129,479
"S01006708",814,203,611
"S01006709",975,215,760
"S01006710",853,237,616
"S01006711",815,231,584
"S01006712",403,124,279
"S01006713",833,221,612
"S01006714",597,143,454
"S01006715",623,105,518
"S01006716",710,139,571
"S01006717",1068,269,799
"S01006718",627,130,497
"S01006719",916,187,729
"S01006720",587,107,480
"S01006721",942,211,731
"S01006722",637,124,513
"S01006723",800,172,628
"S01006724",1005,170,835
"S01006725",620,143,477
"S01006726",1391,208,1183
"S01006727",1015,252,763
"S01006728",754,129,625
"S01006729",831,186,645
"S01006730",704,115,589
"S01006731",577,134,443
"S01006732",998,164,834
"S01006733",900,69,831
"S01006734",976,126,850
"S01006735",1004,123,881
"S01006736",1079,53,1026
"S01006737",582,77,505
"S01006738",829,92,737
"S01006739",607,68,539
"S01006740",737,151,586
"S01006741",666,186,480
"S01006742",460,115,345
"S01006743",531,106,425
"S01006744",608,107,501
"S01006745",822,204,618
"S01006746",846,193,653
"S01006747",816,152,664
"S01006748",917,153,764
"S01006749",909,179,730
"S01006750",720,159,561
"S01006751",360,77,283
"S01006752",712,137,575
"S01006753",913,139,774
"S01006754",900,129,771
"S01006755",888,122,766
"S01006756",870,133,737
"S01006757",924,198,726
"S01006758",694,64,630
"S01006759",464,44,420
"S01006760",406,43,363
"S01006761",697,89,608
"S01006762",938,232,706
"S01006763",606,45,561
"S01006764",790,71,719
"S01006765",586,54,532
"S01006766",608,49,559
"S01006767",689,103,586
"S01006768",599,57,542
"S01006769",883,111,772
"S01006770",731,87,644
"S01006771",241,26,215
"S01006772",839,104,735
"S01006773",958,131,827
"S01006774",651,54,597
"S01006775",618,109,509
"S01006776",416,122,294
"S01006777",649,75,574
"S01006778",634,108,526
"S01006779",695,145,550
"S01006780",545,83,462
"S01006781",691,116,575
"S01006782",744,80,664
"S01006783",672,123,549
"S01006784",499,78,421
"S01006785",611,52,559
"S01006786",686,64,622
"S01006787",796,132,664
"S01006788",946,133,813
"S01006789",539,112,427
"S01006790",808,181,627
"S01006791",536,103,433
"S01006792",677,110,567
"S01006793",554,102,452
"S01006794",560,115,445
"S01006795",542,80,462
"S01006796",667,82,585
"S01006797",913,108,805
"S01006798",802,102,700
"S01006799",729,161,568
"S01006800",681,74,607
"S01006801",956,203,753
"S01006802",675,114,561
"S01006803",687,125,562
"S01006804",748,80,668
"S01006805",1122,126,996
"S01006806",1031,134,897
"S01006807",620,86,534
"S01006808",628,85,543
"S01006809",816,168,648
"S01006810",877,148,729
"S01006811",1090,118,972
"S01006812",750,95,655
"S01006813",569,89,480
"S01006814",696,95,601
"S01006815",577,109,468
"S01006816",723,135,588
"S01006817",851,94,757
"S01006818",719,97,622
"S01006819",1266,109,1157
"S01006820",444,45,399
"S01006821",1042,100,942
"S01006822",1918,175,1743
"S01006823",732,122,610
"S01006824",822,135,687
"S01006825",807,88,719
"S01006826",951,184,767
"S01006827",769,146,623
"S01006828",982,181,801
"S01006830",729,102,627
"S01006831",538,68,470
"S01006832",1148,198,950
"S01006833",455,71,384
"S01006835",701,206,495
"S01006837",486,61,425
"S01006838",648,66,582
"S01006839",1040,162,878
"S01006840",674,65,609
"S01006841",922,87,835
"S01006842",811,94,717
"S01006843",835,90,745
"S01006844",671,82,589
"S01006845",833,73,760
"S01006846",551,93,458
"S01006847",712,113,599
"S01006848",1536,167,1369
"S01006849",411,29,382
"S01006850",959,128,831
"S01006851",805,158,647
"S01006852",595,77,518
"S01006853",852,67,785
"S01006854",433,50,383
"S01006855",851,104,747
"S01006856",678,72,606
"S01006857",1356,187,1169
"S01006858",642,70,572
"S01006859",996,107,889
"S01006860",542,119,423
"S01006861",742,41,701
"S01006862",681,113,568
"S01006863",549,89,460
"S01006865",789,114,675
"S01006866",549,75,474
"S01006867",667,98,569
"S01006868",687,125,562
"S01006869",578,84,494
"S01006870",486,73,413
"S01006871",667,103,564
"S01006872",1443,132,1311
"S01006873",1227,274,953
"S01006874",584,77,507
"S01006875",297,61,236
"S01006876",992,154,838
"S01006877",955,127,828
"S01006878",706,130,576
"S01006879",1190,234,956
"S01006880",600,64,536
"S01006881",578,79,499
"S01006882",213,34,179
"S01006883",458,77,381
"S01006884",792,157,635
"S01006885",656,108,548
"S01006886",733,100,633
"S01006887",741,92,649
"S01006888",800,106,694
"S01006889",826,143,683
"S01006890",667,74,593
"S01006891",608,86,522
"S01006892",502,96,406
"S01006893",338,51,287
"S01006894",938,168,770
"S01006895",534,85,449
"S01006896",787,127,660
"S01006897",708,81,627
"S01006898",751,112,639
"S01006899",609,53,556
"S01006900",579,67,512
"S01006901",595,100,495
"S01006902",693,103,590
"S01006903",822,158,664
"S01006904",726,150,576
"S01006905",891,158,733
"S01006906",843,225,618
"S01006907",519,98,421
"S01006908",803,155,648
"S01006910",1510,231,1279
"S01006912",782,94,688
"S01006913",1714,88,1626
"S01006914",748,80,668
"S01006915",826,96,730
"S01006916",136,13,123
"S01006917",1458,81,1377
"S01006918",349,40,309
"S01006919",362,44,318
"S01006920",189,35,154
"S01006921",569,48,521
"S01006922",318,30,288
"S01006923",1213,165,1048
"S01006924",1033,108,925
"S01006925",619,82,537
"S01006926",127,8,119
"S01006928",2519,221,2298
"S01006929",836,70,766
"S01006930",889,103,786
"S01006931",1948,113,1835
"S01006932",739,46,693
"S01006933",580,45,535
"S01006934",620,143,477
"S01006935",699,105,594
"S01006936",587,85,502
"S01006937",730,96,634
"S01006938",537,91,446
"S01006939",490,52,438
"S01006940",939,96,843
"S01006941",682,75,607
"S01006942",1082,92,990
"S01006945",508,61,447
"S01006946",1010,85,925
"S01006947",506,49,457
"S01006948",871,130,741
"S01006949",655,54,601
"S01006951",470,69,401
"S01006952",761,117,644
"S01006953",794,76,718
"S01006954",1313,121,1192
"S01006955",927,120,807
"S01006956",381,42,339
"S01006957",1631,157,1474
"S01006958",747,151,596
"S01006959",722,208,514
"S01006960",84,10,74
"S01006962",883,145,738
"S01006963",527,62,465
"S01006964",582,67,515
"S01006965",471,89,382
"S01006966",602,97,505
"S01006967",691,61,630
"S01006968",452,63,389
"S01006969",947,199,748
"S01006970",633,80,553
"S01006971",387,78,309
"S01006972",522,64,458
"S01006973",761,123,638
"S01006974",804,76,728
"S01006975",951,114,837
"S01006976",637,72,565
"S01006977",3107,272,2835
"S01006978",855,144,711
"S01006979",737,121,616
"S01006980",948,117,831
"S01006981",798,87,711
"S01006982",910,93,817
"S01006983",743,97,646
"S01006984",847,82,765
"S01006985",1008,146,862
"S01006986",674,99,575
"S01006987",665,101,564
"S01006988",615,72,543
"S01006989",855,80,775
"S01006990",908,61,847
"S01006991",443,86,357
"S01006992",608,82,526
"S01006993",535,78,457
"S01006994",573,90,483
"S01006995",1338,159,1179
"S01006996",474,55,419
"S01006997",786,67,719
"S01006998",1206,158,1048
"S01006999",872,147,725
"S01007000",812,115,697
"S01007001",947,164,783
"S01007002",758,117,641
"S01007003",524,54,470
"S01007004",718,112,606
"S01007005",904,104,800
"S01007006",900,159,741
"S01007007",848,133,715
"S01007008",884,198,686
"S01007009",1013,190,823
"S01007010",819,205,614
"S01007011",865,188,677
"S01007012",707,119,588
"S01007013",1194,229,965
"S01007014",1176,160,1016
"S01007015",625,90,535
"S01007016",592,66,526
"S01007017",843,165,678
"S01007018",990,143,847
"S01007019",665,130,535
"S01007020",649,117,532
"S01007021",791,178,613
"S01007022",122,38,84
"S01007023",767,157,610
"S01007024",1047,221,826
"S01007025",621,130,491
"S01007026",780,220,560
"S01007027",1000,218,782
"S01007028",1031,226,805
"S01007029",746,163,583
"S01007030",718,118,600
"S01007031",546,102,444
"S01007032",1107,260,847
"S01007033",740,166,574
"S01007034",475,104,371
"S01007035",796,172,624
"S01007036",752,153,599
"S01007037",917,177,740
"S01007038",945,162,783
"S01007039",732,115,617
"S01007040",647,133,514
"S01007041",395,91,304
"S01007042",398,77,321
"S01007043",1373,246,1127
"S01007044",528,106,422
"S01007045",944,189,755
"S01007046",574,137,437
"S01007047",768,141,627
"S01007048",1228,227,1001
"S01007049",842,176,666
"S01007050",453,93,360
"S01007051",768,99,669
"S01007052",573,81,492
"S01007053",379,62,317
"S01007054",807,181,626
"S01007055",671,78,593
"S01007056",941,170,771
"S01007057",365,64,301
"S01007058",577,150,427
"S01007059",1077,187,890
"S01007060",547,108,439
"S01007061",930,98,832
"S01007062",665,87,578
"S01007063",607,114,493
"S01007064",690,121,569
"S01007065",741,92,649
"S01007066",1103,217,886
"S01007067",553,81,472
"S01007068",559,134,425
"S01007069",940,163,777
"S01007070",407,99,308
"S01007071",384,69,315
"S01007072",641,72,569
"S01007073",1027,177,850
"S01007074",606,96,510
"S01007075",547,99,448
"S01007076",939,135,804
"S01007077",674,126,548
"S01007078",847,191,656
"S01007079",983,278,705
"S01007080",882,229,653
"S01007081",951,161,790
"S01007082",551,112,439
"S01007083",846,239,607
"S01007084",712,205,507
"S01007085",888,141,747
"S01007086",1219,209,1010
"S01007087",630,126,504
"S01007088",539,133,406
"S01007089",1782,179,1603
"S01007090",540,64,476
"S01007092",624,182,442
"S01007093",987,199,788
"S01007094",903,158,745
"S01007095",706,116,590
"S01007096",837,111,726
"S01007097",488,48,440
"S01007098",397,77,320
"S01007099",883,129,754
"S01007100",727,119,608
"S01007101",601,125,476
"S01007102",956,201,755
"S01007103",546,84,462
"S01007104",1183,237,946
"S01007105",450,97,353
"S01007106",577,150,427
"S01007107",505,84,421
"S01007108",1485,245,1240
"S01007109",458,109,349
"S01007110",699,100,599
"S01007111",463,89,374
"S01007112",615,109,506
"S01007113",472,124,348
"S01007114",888,157,731
"S01007115",617,136,481
"S01007116",602,60,542
"S01007117",471,64,407
"S01007118",679,134,545
"S01007119",812,149,663
"S01007120",916,204,712
"S01007121",533,159,374
"S01007122",594,116,478
"S01007123",668,164,504
"S01007124",913,167,746
"S01007125",1037,188,849
"S01007126",927,208,719
"S01007127",860,166,694
"S01007128",847,228,619
"S01007129",956,103,853
"S01007130",612,123,489
"S01007131",775,155,620
"S01007132",700,93,607
"S01007133",674,108,566
"S01007134",743,144,599
"S01007135",558,79,479
"S01007136",533,48,485
"S01007137",391,18,373
"S01007138",957,126,831
"S01007139",776,120,656
"S01007140",1022,173,849
"S01007141",1331,195,1136
"S01007144",1997,263,1734
"S01007145",892,190,702
"S01007146",881,157,724
"S01007147",589,118,471
"S01007148",538,65,473
"S01007149",680,134,546
"S01007150",750,202,548
"S01007151",746,118,628
"S01007152",670,163,507
"S01007153",633,114,519
"S01007154",803,246,557
"S01007155",537,100,437
"S01007156",592,88,504
"S01007157",497,81,416
"S01007158",939,126,813
"S01007159",840,151,689
"S01007160",658,150,508
"S01007161",701,120,581
"S01007162",523,109,414
"S01007163",875,165,710
"S01007164",576,125,451
"S01007165",846,187,659
"S01007166",709,123,586
"S01007167",777,162,615
"S01007168",965,164,801
"S01007169",615,99,516
"S01007170",648,90,558
"S01007171",794,122,672
"S01007172",1237,175,1062
"S01007173",523,74,449
"S01007174",911,160,751
"S01007175",665,132,533
"S01007176",708,115,593
"S01007177",631,126,505
"S01007178",1051,237,814
"S01007179",976,219,757
"S01007180",752,153,599
"S01007181",813,181,632
"S01007182",1047,212,835
"S01007183",1082,268,814
"S01007184",1039,247,792
"S01007185",793,212,581
"S01007186",593,135,458
"S01007187",804,210,594
"S01007188",602,128,474
"S01007189",809,256,553
"S01007190",815,183,632
"S01007191",616,125,491
"S01007192",612,123,489
"S01007193",769,160,609
"S01007194",641,118,523
"S01007195",580,108,472
"S01007196",768,93,675
"S01007197",743,126,617
"S01007198",426,70,356
"S01007199",804,166,638
"S01007200",849,144,705
"S01007201",738,146,592
"S01007202",735,160,575
"S01007203",643,110,533
"S01007204",980,187,793
"S01007205",688,93,595
"S01007206",310,49,261
"S01007207",983,182,801
"S01007208",1112,213,899
"S01007209",744,186,558
"S01007210",657,118,539
"S01007211",724,148,576
"S01007212",789,152,637
"S01007213",830,184,646
"S01007214",740,208,532
"S01007215",876,191,685
"S01007216",722,156,566
"S01007217",1186,221,965
"S01007218",633,102,531
"S01007219",808,168,640
"S01007220",701,143,558
"S01007221",627,91,536
"S01007222",806,119,687
"S01007223",531,71,460
"S01007224",615,114,501
"S01007225",956,143,813
"S01007226",852,117,735
"S01007227",852,193,659
"S01007228",648,107,541
"S01007229",1102,160,942
"S01007230",750,136,614
"S01007231",701,177,524
"S01007232",726,153,573
"S01007233",788,135,653
"S01007234",630,118,512
"S01007235",774,168,606
"S01007236",620,110,510
"S01007237",719,121,598
"S01007238",915,167,748
"S01007239",858,208,650
"S01007240",539,104,435
"S01007241",669,91,578
"S01007242",999,199,800
"S01007243",587,109,478
"S01007244",721,131,590
"S01007245",669,138,531
"S01007246",891,137,754
"S01007247",641,126,515
"S01007248",593,97,496
"S01007249",433,109,324
"S01007250",822,147,675
"S01007251",523,113,410
"S01007252",768,136,632
"S01007253",684,126,558
"S01007254",816,226,590
"S01007255",792,167,625
"S01007256",799,149,650
"S01007257",606,106,500
"S01007258",748,159,589
"S01007259",994,233,761
"S01007260",896,153,743
"S01007261",782,143,639
"S01007262",712,133,579
"S01007263",777,147,630
"S01007264",774,176,598
"S01007265",1109,274,835
"S01007266",678,148,530
"S01007267",521,70,451
"S01007268",596,120,476
"S01007269",528,110,418
"S01007270",593,94,499
"S01007271",826,165,661
"S01007272",1025,202,823
"S01007273",669,92,577
"S01007274",827,205,622
"S01007275",590,149,441
"S01007276",850,144,706
"S01007277",620,97,523
"S01007278",542,103,439
"S01007279",565,97,468
"S01007280",570,89,481
"S01007281",979,123,856
"S01007282",538,60,478
"S01007283",1023,266,757
"S01007284",848,188,660
"S01007285",922,179,743
"S01007286",904,140,764
"S01007287",528,84,444
"S01007288",420,80,340
"S01007289",798,111,687
"S01007290",823,123,700
"S01007291",524,141,383
"S01007292",771,105,666
"S01007293",786,95,691
"S01007294",808,145,663
"S01007295",520,145,375
"S01007296",563,111,452
"S01007297",911,122,789
"S01007298",532,105,427
"S01007299",854,138,716
"S01007300",502,98,404
"S01007301",575,114,461
"S01007302",625,129,496
"S01007303",925,212,713
"S01007304",693,140,553
"S01007305",736,124,612
"S01007306",756,110,646
"S01007307",915,144,771
"S01007308",806,151,655
"S01007309",645,123,522
"S01007310",738,140,598
"S01007311",769,146,623
"S01007312",770,170,600
"S01007313",972,164,808
"S01007314",635,91,544
"S01007315",793,122,671
"S01007316",861,206,655
"S01007317",675,112,563
"S01007318",607,98,509
"S01007319",742,155,587
"S01007320",747,128,619
"S01007321",595,130,465
"S01007322",730,125,605
"S01007323",449,95,354
"S01007324",328,76,252
"S01007325",833,174,659
"S01007326",1175,241,934
"S01007327",635,166,469
"S01007328",585,104,481
"S01007329",702,156,546
"S01007330",858,200,658
"S01007331",1139,217,922
"S01007332",392,75,317
"S01007333",726,163,563
"S01007334",750,217,533
"S01007335",708,145,563
"S01007336",384,87,297
"S01007337",542,132,410
"S01007338",752,149,603
"S01007339",686,174,512
"S01007340",470,145,325
"S01007341",740,203,537
"S01007342",826,158,668
"S01007343",702,175,527
"S01007344",296,94,202
"S01007345",543,137,406
"S01007346",691,199,492
"S01007347",601,173,428
"S01007348",610,138,472
"S01007349",457,85,372
"S01007350",562,166,396
"S01007351",658,201,457
"S01007352",498,112,386
"S01007353",850,183,667
"S01007354",727,219,508
"S01007355",2105,537,1568
"S01007356",714,200,514
"S01007357",803,183,620
"S01007358",912,147,765
"S01007359",110,40,70
"S01007360",534,138,396
"S01007361",1043,236,807
"S01007362",787,208,579
"S01007363",687,194,493
"S01007364",897,228,669
"S01007365",376,93,283
"S01007366",465,178,287
"S01007367",562,151,411
"S01007368",329,68,261
"S01007369",655,151,504
"S01007370",740,153,587
"S01007371",716,144,572
"S01007372",752,195,557
"S01007373",606,147,459
"S01007374",531,74,457
"S01007375",464,84,380
"S01007376",849,187,662
"S01007377",664,128,536
"S01007378",1457,104,1353
"S01007379",484,117,367
"S01007380",581,93,488
"S01007381",391,71,320
"S01007382",656,96,560
"S01007383",749,135,614
"S01007384",793,101,692
"S01007385",826,174,652
"S01007386",806,119,687
"S01007387",803,139,664
"S01007388",680,95,585
"S01007389",699,61,638
"S01007390",457,52,405
"S01007391",664,68,596
"S01007392",374,73,301
"S01007393",869,225,644
"S01007394",640,157,483
"S01007395",728,178,550
"S01007396",783,181,602
"S01007397",943,166,777
"S01007398",877,162,715
"S01007399",468,122,346
"S01007400",699,154,545
"S01007401",676,115,561
"S01007402",610,92,518
"S01007403",825,47,778
"S01007404",549,107,442
"S01007405",665,88,577
"S01007406",621,105,516
"S01007407",722,126,596
"S01007408",596,109,487
"S01007409",629,153,476
"S01007410",703,196,507
"S01007411",895,241,654
"S01007412",478,107,371
"S01007413",910,106,804
"S01007414",694,72,622
"S01007415",853,215,638
"S01007416",595,122,473
"S01007418",367,75,292
"S01007419",825,183,642
"S01007420",4197,598,3599
"S01007421",204,44,160
"S01007422",590,132,458
"S01007423",388,90,298
"S01007424",652,112,540
"S01007425",947,143,804
"S01007426",586,126,460
"S01007427",642,164,478
"S01007428",887,201,686
"S01007429",715,123,592
"S01007430",442,75,367
"S01007431",554,80,474
"S01007432",818,204,614
"S01007433",798,174,624
"S01007434",496,99,397
"S01007435",681,143,538
"S01007436",675,143,532
"S01007437",440,76,364
"S01007438",673,148,525
"S01007439",686,155,531
"S01007440",649,119,530
"S01007441",551,72,479
"S01007442",480,82,398
"S01007443",924,161,763
"S01007444",945,190,755
"S01007445",625,71,554
"S01007446",541,67,474
"S01007447",485,70,415
"S01007448",867,166,701
"S01007449",874,189,685
"S01007450",751,172,579
"S01007451",623,127,496
"S01007452",1293,205,1088
"S01007454",512,129,383
"S01007455",846,191,655
"S01007456",891,197,694
"S01007457",1080,235,845
"S01007458",402,79,323
"S01007459",764,177,587
"S01007460",725,177,548
"S01007461",680,195,485
"S01007462",787,144,643
"S01007463",988,224,764
"S01007464",686,178,508
"S01007465",785,200,585
"S01007466",904,260,644
"S01007467",974,246,728
"S01007468",714,118,596
"S01007469",611,118,493
"S01007470",699,186,513
"S01007471",339,44,295
"S01007472",694,190,504
"S01007473",438,117,321
"S01007474",298,34,264
"S01007475",250,57,193
"S01007476",862,192,670
"S01007477",540,85,455
"S01007478",910,195,715
"S01007479",314,86,228
"S01007480",431,74,357
"S01007481",712,170,542
"S01007482",377,128,249
"S01007483",783,168,615
"S01007484",659,157,502
"S01007485",481,114,367
"S01007486",540,131,409
"S01007487",903,254,649
"S01007488",1032,211,821
"S01007489",757,179,578
"S01007490",913,259,654
"S01007491",1010,205,805
"S01007492",685,178,507
"S01007493",824,182,642
"S01007494",534,137,397
"S01007495",962,163,799
"S01007496",1185,274,911
"S01007497",596,134,462
"S01007498",939,257,682
"S01007499",842,179,663
"S01007500",605,184,421
"S01007501",680,193,487
"S01007502",506,129,377
"S01007503",1046,266,780
"S01007504",677,172,505
"S01007505",556,119,437
"S01007506",514,113,401
"S01007507",921,241,680
"S01007508",696,180,516
"S01007509",627,137,490
"S01007510",1014,279,735
"S01007511",829,237,592
"S01007512",443,112,331
"S01007513",943,198,745
"S01007514",519,114,405
"S01007515",605,151,454
"S01007516",620,127,493
"S01007517",366,148,218
"S01007518",834,211,623
"S01007519",531,151,380
"S01007520",980,234,746
"S01007521",590,120,470
"S01007522",846,236,610
"S01007523",542,113,429
"S01007524",951,194,757
"S01007525",536,153,383
"S01007526",734,198,536
"S01007527",787,148,639
"S01007528",751,155,596
"S01007529",666,142,524
"S01007530",524,101,423
"S01007531",692,157,535
"S01007532",597,115,482
"S01007533",1003,238,765
"S01007534",747,157,590
"S01007535",705,188,517
"S01007536",936,202,734
"S01007537",880,200,680
"S01007538",1213,234,979
"S01007539",667,154,513
"S01007540",838,225,613
"S01007541",861,221,640
"S01007542",783,145,638
"S01007543",1078,198,880
"S01007544",1223,259,964
"S01007545",1088,214,874
"S01007546",565,95,470
"S01007547",551,81,470
"S01007548",428,91,337
"S01007549",620,142,478
"S01007550",923,262,661
"S01007551",867,189,678
"S01007552",965,242,723
"S01007553",833,238,595
"S01007554",435,154,281
"S01007555",515,124,391
"S01007556",502,157,345
"S01007557",1131,283,848
"S01007558",429,98,331
"S01007559",975,184,791
"S01007560",719,196,523
"S01007561",553,167,386
"S01007562",948,175,773
"S01007563",796,162,634
"S01007564",772,186,586
"S01007565",1117,223,894
"S01007566",736,97,639
"S01007567",752,90,662
"S01007568",657,119,538
"S01007569",1257,255,1002
"S01007570",796,141,655
"S01007571",539,105,434
"S01007572",1862,299,1563
"S01007574",1094,237,857
"S01007575",746,204,542
"S01007576",718,175,543
"S01007577",617,148,469
"S01007578",692,159,533
"S01007579",663,120,543
"S01007580",838,186,652
"S01007581",509,113,396
"S01007582",660,141,519
"S01007583",1056,254,802
"S01007584",624,126,498
"S01007585",906,232,674
"S01007586",858,174,684
"S01007587",819,185,634
"S01007588",695,112,583
"S01007589",756,155,601
"S01007590",661,117,544
"S01007591",576,104,472
"S01007592",843,199,644
"S01007593",1095,275,820
"S01007594",992,208,784
"S01007595",1056,207,849
"S01007596",381,134,247
"S01007597",647,111,536
"S01007598",637,120,517
"S01007599",840,168,672
"S01007600",973,253,720
"S01007601",631,78,553
"S01007602",650,81,569
"S01007603",778,79,699
"S01007604",891,150,741
"S01007605",937,148,789
"S01007606",505,104,401
"S01007607",702,126,576
"S01007608",744,132,612
"S01007609",917,200,717
"S01007610",515,178,337
"S01007611",917,282,635
"S01007612",1044,247,797
"S01007613",836,149,687
"S01007614",441,81,360
"S01007615",1022,183,839
"S01007616",669,143,526
"S01007617",519,120,399
"S01007618",638,141,497
"S01007619",630,148,482
"S01007620",579,93,486
"S01007621",656,122,534
"S01007622",482,128,354
"S01007623",608,92,516
"S01007624",664,101,563
"S01007625",505,94,411
"S01007626",486,44,442
"S01007627",676,99,577
"S01007628",717,149,568
"S01007629",699,108,591
"S01007630",813,140,673
"S01007631",631,124,507
"S01007632",855,160,695
"S01007633",977,201,776
"S01007634",680,113,567
"S01007635",717,206,511
"S01007636",858,235,623
"S01007637",857,176,681
"S01007638",768,187,581
"S01007639",1087,188,899
"S01007640",724,130,594
"S01007641",856,136,720
"S01007642",835,204,631
"S01007643",903,175,728
"S01007644",687,167,520
"S01007645",681,108,573
"S01007646",627,117,510
"S01007647",740,149,591
"S01007648",850,152,698
"S01007649",741,149,592
"S01007650",956,209,747
"S01007651",717,101,616
"S01007652",482,119,363
"S01007653",886,172,714
"S01007654",1104,271,833
"S01007655",781,167,614
"S01007656",851,194,657
"S01007657",435,76,359
"S01007658",507,100,407
"S01007659",920,219,701
"S01007660",624,132,492
"S01007661",660,148,512
"S01007662",908,249,659
"S01007663",843,197,646
"S01007664",578,145,433
"S01007665",660,114,546
"S01007666",229,57,172
"S01007667",717,127,590
"S01007668",1086,265,821
"S01007669",642,119,523
"S01007670",729,147,582
"S01007671",1017,198,819
"S01007672",874,202,672
"S01007673",700,121,579
"S01007674",797,180,617
"S01007675",627,130,497
"S01007676",793,134,659
"S01007677",409,76,333
"S01007678",788,221,567
"S01007679",843,214,629
"S01007680",922,144,778
"S01007681",405,100,305
"S01007682",1130,170,960
"S01007683",701,79,622
"S01007684",801,140,661
"S01007685",906,106,800
"S01007686",858,112,746
"S01007687",848,81,767
"S01007688",967,105,862
"S01007689",613,106,507
"S01007690",875,134,741
"S01007691",3162,220,2942
"S01007692",633,72,561
"S01007693",974,113,861
"S01007694",1115,175,940
"S01007695",963,235,728
"S01007696",800,118,682
"S01007697",948,220,728
"S01007698",1093,149,944
"S01007699",808,131,677
"S01007700",990,164,826
"S01007701",451,119,332
"S01007702",1026,68,958
"S01007703",783,154,629
"S01007704",907,218,689
"S01007705",844,62,782
"S01007706",599,39,560
"S01007707",1285,97,1188
"S01007708",644,134,510
"S01007709",582,138,444
"S01007710",394,83,311
"S01007711",1050,201,849
"S01007712",687,120,567
"S01007713",484,104,380
"S01007714",643,122,521
"S01007715",516,122,394
"S01007716",1041,321,720
"S01007717",1003,230,773
"S01007718",630,183,447
"S01007719",960,294,666
"S01007720",705,242,463
"S01007721",730,183,547
"S01007722",840,244,596
"S01007723",952,330,622
"S01007724",648,105,543
"S01007725",773,194,579
"S01007726",786,171,615
"S01007727",1023,220,803
"S01007728",773,122,651
"S01007729",772,117,655
"S01007730",764,116,648
"S01007731",582,64,518
"S01007732",824,141,683
"S01007733",853,116,737
"S01007734",821,162,659
"S01007735",827,158,669
"S01007736",723,141,582
"S01007737",1062,217,845
"S01007738",732,158,574
"S01007739",479,144,335
"S01007740",656,165,491
"S01007741",672,229,443
"S01007742",624,165,459
"S01007743",895,200,695
"S01007744",766,237,529
"S01007745",694,197,497
"S01007746",889,204,685
"S01007747",505,109,396
"S01007748",704,170,534
"S01007749",709,108,601
"S01007750",677,138,539
"S01007751",928,219,709
"S01007752",747,217,530
"S01007753",535,132,403
"S01007754",884,255,629
"S01007755",877,248,629
"S01007756",629,182,447
"S01007757",840,174,666
"S01007758",899,184,715
"S01007759",964,259,705
"S01007760",737,159,578
"S01007761",853,138,715
"S01007762",814,214,600
"S01007763",545,192,353
"S01007764",756,110,646
"S01007765",683,116,567
"S01007766",641,115,526
"S01007767",1038,168,870
"S01007768",649,145,504
"S01007769",733,158,575
"S01007770",738,104,634
"S01007771",532,103,429
"S01007772",964,290,674
"S01007773",734,125,609
"S01007774",663,147,516
"S01007775",464,56,408
"S01007776",727,65,662
"S01007777",432,20,412
"S01007778",1775,151,1624
"S01007779",701,146,555
"S01007780",795,101,694
"S01007781",899,127,772
"S01007782",403,78,325
"S01007783",782,264,518
"S01007784",903,142,761
"S01007785",507,115,392
"S01007786",763,184,579
"S01007787",676,127,549
"S01007788",634,133,501
"S01007789",698,168,530
"S01007790",895,146,749
"S01007791",1004,120,884
"S01007792",879,218,661
"S01007793",959,246,713
"S01007794",567,89,478
"S01007795",606,110,496
"S01007796",845,168,677
"S01007797",522,136,386
"S01007798",665,78,587
"S01007800",956,293,663
"S01007801",973,305,668
"S01007802",547,60,487
"S01007803",1199,379,820
"S01007804",627,151,476
"S01007805",520,95,425
"S01007806",634,172,462
"S01007807",707,117,590
"S01007808",848,165,683
"S01007809",919,169,750
"S01007810",883,247,636
"S01007811",871,171,700
"S01007812",850,164,686
"S01007813",799,189,610
"S01007814",565,140,425
"S01007815",916,197,719
"S01007816",669,102,567
"S01007817",449,121,328
"S01007818",868,162,706
"S01007819",688,143,545
"S01007820",980,245,735
"S01007821",552,104,448
"S01007822",734,185,549
"S01007823",696,143,553
"S01007824",727,154,573
"S01007825",1013,206,807
"S01007826",598,202,396
"S01007827",583,88,495
"S01007828",977,312,665
"S01007829",579,190,389
"S01007830",928,279,649
"S01007831",947,291,656
"S01007832",629,183,446
"S01007833",792,316,476
"S01007834",742,173,569
"S01007835",695,151,544
"S01007836",522,144,378
"S01007837",778,164,614
"S01007838",845,175,670
"S01007839",975,240,735
"S01007840",762,174,588
"S01007841",711,129,582
"S01007842",770,148,622
"S01007843",705,148,557
"S01007844",935,183,752
"S01007845",903,207,696
"S01007846",744,187,557
"S01007847",917,227,690
"S01007848",819,221,598
"S01007849",934,173,761
"S01007850",754,215,539
"S01007851",940,310,630
"S01007852",667,151,516
"S01007853",660,233,427
"S01007854",980,293,687
"S01007855",646,156,490
"S01007856",857,179,678
"S01007857",492,129,363
"S01007858",1052,341,711
"S01007859",1165,226,939
"S01007861",674,164,510
"S01007862",701,154,547
"S01007863",895,195,700
"S01007864",938,211,727
"S01007866",586,39,547
"S01007867",1212,155,1057
"S01007868",861,122,739
"S01007869",550,106,444
"S01007870",537,150,387
"S01007871",669,205,464
"S01007872",705,222,483
"S01007873",688,222,466
"S01007874",723,255,468
"S01007875",526,117,409
"S01007876",863,172,691
"S01007877",773,229,544
"S01007878",488,139,349
"S01007879",764,202,562
"S01007880",709,215,494
"S01007881",656,169,487
"S01007882",1325,209,1116
"S01007883",737,164,573
"S01007884",639,128,511
"S01007885",730,216,514
"S01007886",867,229,638
"S01007887",638,140,498
"S01007888",1070,230,840
"S01007889",533,162,371
"S01007890",556,139,417
"S01007891",668,171,497
"S01007892",403,102,301
"S01007893",1371,249,1122
"S01007894",916,190,726
"S01007895",542,115,427
"S01007896",728,169,559
"S01007897",1298,251,1047
"S01007898",783,175,608
"S01007899",481,97,384
"S01007900",417,105,312
"S01007901",711,182,529
"S01007902",883,290,593
"S01007903",645,228,417
"S01007904",849,208,641
"S01007905",687,172,515
"S01007906",724,277,447
"S01007907",536,164,372
"S01007908",576,187,389
"S01007909",401,77,324
"S01007910",916,223,693
"S01007911",429,146,283
"S01007912",757,219,538
"S01007913",616,171,445
"S01007914",628,152,476
"S01007915",835,188,647
"S01007916",810,280,530
"S01007917",847,244,603
"S01007918",922,265,657
"S01007919",694,128,566
"S01007920",615,95,520
"S01007921",932,274,658
"S01007922",867,254,613
"S01007923",835,183,652
"S01007924",895,295,600
"S01007925",829,137,692
"S01007926",845,107,738
"S01007927",617,89,528
"S01007928",1038,201,837
"S01007929",1185,116,1069
"S01007930",727,76,651
"S01007931",1127,213,914
"S01007932",831,146,685
"S01007933",779,102,677
"S01007934",720,137,583
"S01007935",805,165,640
"S01007936",890,99,791
"S01007937",825,134,691
"S01007938",740,163,577
"S01007939",896,199,697
"S01007940",933,231,702
"S01007941",387,71,316
"S01007942",508,84,424
"S01007943",574,146,428
"S01007944",837,178,659
"S01007945",850,248,602
"S01007946",787,185,602
"S01007947",756,154,602
"S01007948",660,164,496
"S01007949",751,144,607
"S01007950",760,112,648
"S01007951",815,161,654
"S01007952",617,211,406
"S01007953",938,205,733
"S01007954",668,175,493
"S01007955",638,110,528
"S01007956",745,146,599
"S01007957",983,275,708
"S01007958",883,250,633
"S01007959",706,168,538
"S01007960",607,143,464
"S01007961",1771,392,1379
"S01007962",597,116,481
"S01007963",1003,252,751
"S01007964",791,190,601
"S01007965",576,144,432
"S01007966",977,251,726
"S01007967",639,124,515
"S01007968",869,227,642
"S01007969",666,174,492
"S01007970",874,206,668
"S01007971",927,247,680
"S01007972",828,197,631
"S01007973",816,131,685
"S01007974",859,265,594
"S01007975",603,159,444
"S01007976",703,219,484
"S01007977",645,105,540
"S01007978",559,118,441
"S01007979",830,141,689
"S01007980",701,152,549
"S01007981",547,102,445
"S01007982",514,95,419
"S01007983",777,216,561
"S01007984",726,151,575
"S01007985",923,209,714
"S01007986",675,118,557
"S01007987",658,110,548
"S01007988",817,184,633
"S01007989",580,117,463
"S01007990",1070,148,922
"S01007991",940,75,865
"S01007992",657,37,620
"S01007993",673,83,590
"S01007994",659,49,610
"S01007995",590,63,527
"S01007996",452,77,375
"S01007997",555,89,466
"S01007998",522,105,417
"S01007999",801,171,630
"S01008000",913,257,656
"S01008001",859,211,648
"S01008002",676,160,516
"S01008003",666,169,497
"S01008004",122,22,100
"S01008006",786,187,599
"S01008007",430,90,340
"S01008008",645,112,533
"S01008009",785,175,610
"S01008010",862,176,686
"S01008011",657,236,421
"S01008012",772,160,612
"S01008013",697,234,463
"S01008014",622,118,504
"S01008015",776,193,583
"S01008016",781,214,567
"S01008017",900,179,721
"S01008018",505,75,430
"S01008019",741,119,622
"S01008020",587,105,482
"S01008021",700,116,584
"S01008022",728,106,622
"S01008023",468,38,430
"S01008024",955,64,891
"S01008025",685,124,561
"S01008026",880,200,680
"S01008027",565,124,441
"S01008028",585,92,493
"S01008029",3005,423,2582
"S01008030",722,173,549
"S01008031",881,199,682
"S01008032",898,194,704
"S01008033",1449,162,1287
"S01008034",790,61,729
"S01008035",627,92,535
"S01008036",669,87,582
"S01008037",1014,233,781
"S01008038",761,136,625
"S01008039",898,164,734
"S01008040",915,132,783
"S01008041",707,161,546
"S01008042",597,94,503
"S01008043",861,113,748
"S01008044",962,139,823
"S01008045",1099,208,891
"S01008046",847,319,528
"S01008047",697,111,586
"S01008048",575,98,477
"S01008049",858,113,745
"S01008050",618,93,525
"S01008051",884,100,784
"S01008052",829,91,738
"S01008053",610,97,513
"S01008054",934,175,759
"S01008055",893,103,790
"S01008056",755,149,606
"S01008057",936,154,782
"S01008058",895,74,821
"S01008059",532,56,476
"S01008060",734,80,654
"S01008061",801,151,650
"S01008062",1018,167,851
"S01008063",749,105,644
"S01008064",701,123,578
"S01008065",993,94,899
"S01008066",937,108,829
"S01008067",557,85,472
"S01008068",914,140,774
"S01008069",932,166,766
"S01008070",878,136,742
"S01008071",702,111,591
"S01008072",850,161,689
"S01008073",471,72,399
"S01008074",976,134,842
"S01008075",613,98,515
"S01008076",656,163,493
"S01008077",831,131,700
"S01008078",1001,143,858
"S01008079",905,128,777
"S01008080",699,125,574
"S01008081",599,75,524
"S01008082",698,98,600
"S01008083",586,77,509
"S01008084",853,134,719
"S01008085",973,113,860
"S01008086",1091,156,935
"S01008087",856,139,717
"S01008088",917,176,741
"S01008089",653,85,568
"S01008090",771,126,645
"S01008091",385,70,315
"S01008092",908,179,729
"S01008093",809,172,637
"S01008094",667,105,562
"S01008095",744,139,605
"S01008096",790,170,620
"S01008097",628,124,504
"S01008098",750,122,628
"S01008099",540,77,463
"S01008100",946,214,732
"S01008101",795,112,683
"S01008102",819,186,633
"S01008103",610,167,443
"S01008104",864,185,679
"S01008105",1072,285,787
"S01008106",687,200,487
"S01008107",1115,117,998
"S01008108",547,57,490
"S01008109",940,141,799
"S01008110",881,100,781
"S01008111",869,167,702
"S01008112",816,150,666
"S01008113",891,145,746
"S01008114",685,112,573
"S01008115",915,134,781
"S01008116",933,116,817
"S01008117",800,160,640
"S01008118",882,178,704
"S01008119",665,163,502
"S01008120",790,154,636
"S01008121",662,99,563
"S01008122",604,66,538
"S01008123",849,118,731
"S01008124",692,71,621
"S01008125",881,125,756
"S01008126",812,77,735
"S01008127",489,93,396
"S01008128",886,127,759
"S01008129",891,200,691
"S01008130",961,203,758
"S01008131",766,158,608
"S01008132",1029,194,835
"S01008133",630,169,461
"S01008134",661,115,546
"S01008135",1435,290,1145
"S01008136",783,195,588
"S01008137",911,205,706
"S01008138",852,223,629
"S01008139",967,240,727
"S01008140",522,135,387
"S01008141",1038,175,863
"S01008142",604,70,534
"S01008143",913,211,702
"S01008144",812,124,688
"S01008145",808,196,612
"S01008146",499,114,385
"S01008147",788,152,636
"S01008148",747,129,618
"S01008149",707,127,580
"S01008150",941,221,720
"S01008151",704,154,550
"S01008152",1057,279,778
"S01008153",573,92,481
"S01008154",828,166,662
"S01008155",670,94,576
"S01008156",919,176,743
"S01008157",746,101,645
"S01008158",731,86,645
"S01008159",989,247,742
"S01008160",995,247,748
"S01008161",1019,108,911
"S01008162",996,195,801
"S01008163",758,195,563
"S01008164",1450,165,1285
"S01008165",788,77,711
"S01008166",559,124,435
"S01008167",576,131,445
"S01008168",997,242,755
"S01008169",711,153,558
"S01008170",597,106,491
"S01008171",733,158,575
"S01008172",557,101,456
"S01008173",664,106,558
"S01008174",532,84,448
"S01008175",750,119,631
"S01008176",727,94,633
"S01008177",776,181,595
"S01008178",640,102,538
"S01008179",512,51,461
"S01008180",473,41,432
"S01008181",678,119,559
"S01008182",924,183,741
"S01008183",746,114,632
"S01008184",694,192,502
"S01008185",1012,236,776
"S01008186",851,163,688
"S01008187",617,133,484
"S01008188",920,241,679
"S01008189",565,108,457
"S01008190",877,194,683
"S01008191",482,107,375
"S01008192",784,164,620
"S01008193",826,163,663
"S01008194",630,146,484
"S01008195",796,133,663
"S01008196",796,163,633
"S01008198",693,143,550
"S01008199",776,185,591
"S01008200",496,135,361
"S01008201",797,201,596
"S01008202",567,143,424
"S01008203",556,121,435
"S01008204",875,301,574
"S01008205",680,149,531
"S01008206",654,173,481
"S01008207",618,106,512
"S01008208",740,94,646
"S01008210",935,200,735
"S01008211",887,191,696
"S01008212",462,50,412
"S01008213",1150,122,1028
"S01008214",710,221,489
"S01008215",646,126,520
"S01008216",604,89,515
"S01008217",723,97,626
"S01008218",965,111,854
"S01008219",955,224,731
"S01008220",644,125,519
"S01008221",772,134,638
"S01008222",762,191,571
"S01008223",476,158,318
"S01008224",907,144,763
"S01008225",714,124,590
"S01008226",755,233,522
"S01008227",819,195,624
"S01008228",2394,275,2119
"S01008229",452,112,340
"S01008230",811,88,723
"S01008231",640,75,565
"S01008233",1627,153,1474
"S01008234",301,78,223
"S01008235",829,214,615
"S01008236",845,153,692
"S01008237",864,153,711
"S01008238",756,174,582
"S01008239",762,124,638
"S01008240",788,111,677
"S01008241",648,87,561
"S01008242",900,247,653
"S01008243",1093,155,938
"S01008244",421,64,357
"S01008245",992,165,827
"S01008246",989,163,826
"S01008247",789,122,667
"S01008248",845,136,709
"S01008249",994,149,845
"S01008250",1024,147,877
"S01008251",754,60,694
"S01008252",943,130,813
"S01008253",766,225,541
"S01008254",857,176,681
"S01008255",728,117,611
"S01008256",822,171,651
"S01008257",672,205,467
"S01008258",701,135,566
"S01008259",777,129,648
"S01008260",944,174,770
"S01008261",901,194,707
"S01008262",612,101,511
"S01008263",801,170,631
"S01008264",551,103,448
"S01008265",706,114,592
"S01008266",598,97,501
"S01008267",898,137,761
"S01008268",878,125,753
"S01008269",868,225,643
"S01008270",819,192,627
"S01008271",669,142,527
"S01008272",1002,160,842
"S01008273",841,138,703
"S01008274",729,133,596
"S01008275",558,99,459
"S01008276",557,64,493
"S01008277",502,52,450
"S01008278",840,121,719
"S01008279",733,143,590
"S01008280",880,134,746
"S01008281",726,96,630
"S01008282",1141,177,964
"S01008283",210,72,138
"S01008284",1498,177,1321
"S01008285",754,187,567
"S01008286",747,162,585
"S01008287",852,110,742
"S01008288",901,211,690
"S01008289",493,98,395
"S01008290",777,129,648
"S01008291",719,189,530
"S01008292",1038,144,894
"S01008294",730,94,636
"S01008295",859,108,751
"S01008296",621,156,465
"S01008297",544,94,450
"S01008298",865,135,730
"S01008299",813,206,607
"S01008300",846,194,652
"S01008301",832,115,717
"S01008302",716,104,612
"S01008303",558,121,437
"S01008304",356,79,277
"S01008305",791,121,670
"S01008306",611,91,520
"S01008307",640,119,521
"S01008308",566,88,478
"S01008309",727,221,506
"S01008310",949,241,708
"S01008311",544,105,439
"S01008312",253,42,211
"S01008313",1013,319,694
"S01008314",566,119,447
"S01008315",748,188,560
"S01008316",462,112,350
"S01008317",738,142,596
"S01008318",1284,216,1068
"S01008319",739,200,539
"S01008320",524,146,378
"S01008321",546,62,484
"S01008322",1055,223,832
"S01008323",799,181,618
"S01008324",481,101,380
"S01008325",760,145,615
"S01008326",990,228,762
"S01008327",970,231,739
"S01008328",869,116,753
"S01008329",883,87,796
"S01008330",871,122,749
"S01008331",602,64,538
"S01008332",953,215,738
"S01008333",990,268,722
"S01008334",731,109,622
"S01008335",763,157,606
"S01008336",662,138,524
"S01008337",906,106,800
"S01008338",915,100,815
"S01008339",629,65,564
"S01008340",822,85,737
"S01008341",700,45,655
"S01008342",853,155,698
"S01008343",848,111,737
"S01008344",1000,98,902
"S01008345",788,96,692
"S01008346",1023,114,909
"S01008347",980,197,783
"S01008348",756,130,626
"S01008349",934,134,800
"S01008350",567,91,476
"S01008351",900,130,770
"S01008352",674,82,592
"S01008353",525,65,460
"S01008354",698,107,591
"S01008355",583,136,447
"S01008356",556,79,477
"S01008357",499,73,426
"S01008358",697,164,533
"S01008359",639,93,546
"S01008360",844,100,744
"S01008361",829,100,729
"S01008362",956,105,851
"S01008363",739,103,636
"S01008364",761,105,656
"S01008365",779,107,672
"S01008366",926,225,701
"S01008367",727,163,564
"S01008368",473,80,393
"S01008369",598,87,511
"S01008370",807,110,697
"S01008371",808,80,728
"S01008372",790,84,706
"S01008373",795,74,721
"S01008374",705,93,612
"S01008375",789,102,687
"S01008376",550,55,495
"S01008377",746,92,654
"S01008378",1015,174,841
"S01008379",530,86,444
"S01008380",544,54,490
"S01008381",514,48,466
"S01008382",785,106,679
"S01008383",480,61,419
"S01008384",976,146,830
"S01008385",674,100,574
"S01008386",659,89,570
"S01008387",836,92,744
"S01008388",546,63,483
"S01008389",542,174,368
"S01008390",619,86,533
"S01008391",785,156,629
"S01008392",916,111,805
"S01008393",610,95,515
"S01008394",942,87,855
"S01008395",531,59,472
"S01008396",807,151,656
"S01008397",935,87,848
"S01008398",587,117,470
"S01008399",728,142,586
"S01008400",501,63,438
"S01008401",1013,221,792
"S01008402",1092,158,934
"S01008403",610,71,539
"S01008404",967,183,784
"S01008405",771,58,713
"S01008406",978,245,733
"S01008407",522,163,359
"S01008408",673,76,597
"S01008409",1098,249,849
"S01008410",589,135,454
"S01008411",604,98,506
"S01008412",706,132,574
"S01008413",464,81,383
"S01008414",458,59,399
"S01008415",926,187,739
"S01008416",818,180,638
"S01008417",726,95,631
"S01008418",692,101,591
"S01008419",525,64,461
"S01008420",476,72,404
"S01008421",785,135,650
"S01008422",694,107,587
"S01008423",889,106,783
"S01008424",835,136,699
"S01008425",2465,198,2267
"S01008426",573,125,448
"S01008427",1068,105,963
"S01008428",676,169,507
"S01008429",700,119,581
"S01008430",807,139,668
"S01008431",842,148,694
"S01008432",701,100,601
"S01008433",807,116,691
"S01008434",915,132,783
"S01008435",766,98,668
"S01008436",870,139,731
"S01008437",710,142,568
"S01008438",443,65,378
"S01008439",1064,101,963
"S01008440",1053,151,902
"S01008441",379,55,324
"S01008442",774,74,700
"S01008443",582,81,501
"S01008444",634,81,553
"S01008445",920,193,727
"S01008446",1128,101,1027
"S01008447",675,67,608
"S01008448",755,123,632
"S01008449",795,139,656
"S01008450",592,134,458
"S01008451",699,147,552
"S01008452",522,93,429
"S01008453",615,63,552
"S01008454",951,210,741
"S01008455",1000,196,804
"S01008456",973,213,760
"S01008457",616,167,449
"S01008458",994,181,813
"S01008459",627,153,474
"S01008460",805,169,636
"S01008461",914,181,733
"S01008462",564,213,351
"S01008463",670,151,519
"S01008464",850,166,684
"S01008465",742,108,634
"S01008466",744,101,643
"S01008467",785,128,657
"S01008468",678,160,518
"S01008469",577,81,496
"S01008470",728,191,537
"S01008471",944,203,741
"S01008472",628,134,494
"S01008473",700,167,533
"S01008474",779,212,567
"S01008475",787,142,645
"S01008476",699,205,494
"S01008477",914,265,649
"S01008478",699,215,484
"S01008479",758,199,559
"S01008480",434,103,331
"S01008481",1615,386,1229
"S01008482",614,192,422
"S01008483",598,160,438
"S01008484",754,175,579
"S01008485",1015,155,860
"S01008486",867,219,648
"S01008487",759,89,670
"S01008488",764,144,620
"S01008489",620,145,475
"S01008490",893,134,759
"S01008491",914,116,798
"S01008492",944,138,806
"S01008493",793,170,623
"S01008494",688,106,582
"S01008495",891,89,802
"S01008496",956,94,862
"S01008497",786,98,688
"S01008498",772,118,654
"S01008499",996,120,876
"S01008500",402,68,334
"S01008501",607,28,579
"S01008502",635,42,593
"S01008503",833,57,776
"S01008504",1112,94,1018
"S01008505",711,69,642
"S01008506",854,181,673
"S01008507",897,68,829
"S01008508",851,105,746
"S01008509",994,153,841
"S01008510",906,105,801
"S01008511",981,154,827
"S01008512",505,75,430
"S01008513",706,112,594
"S01008514",934,190,744
"S01008515",747,74,673
"S01008516",901,127,774
"S01008517",860,128,732
"S01008518",905,95,810
"S01008519",809,91,718
"S01008520",865,96,769
"S01008521",907,97,810
"S01008522",532,45,487
"S01008523",967,87,880
"S01008524",741,165,576
"S01008525",901,253,648
"S01008526",750,148,602
"S01008527",726,100,626
"S01008528",720,102,618
"S01008529",724,163,561
"S01008530",724,152,572
"S01008531",748,182,566
"S01008532",443,128,315
"S01008533",549,53,496
"S01008534",723,80,643
"S01008535",709,86,623
"S01008536",569,90,479
"S01008537",673,79,594
"S01008538",447,71,376
"S01008539",837,97,740
"S01008540",724,115,609
"S01008541",886,78,808
"S01008542",942,103,839
"S01008543",740,66,674
"S01008544",653,41,612
"S01008545",898,90,808
"S01008546",901,142,759
"S01008547",1010,133,877
"S01008548",990,114,876
"S01008549",914,184,730
"S01008550",798,93,705
"S01008551",984,171,813
"S01008552",759,112,647
"S01008553",528,115,413
"S01008554",1090,250,840
"S01008555",1036,210,826
"S01008556",778,184,594
"S01008557",928,227,701
"S01008558",912,217,695
"S01008559",715,186,529
"S01008560",699,163,536
"S01008561",674,124,550
"S01008562",661,189,472
"S01008563",844,158,686
"S01008564",587,166,421
"S01008565",930,215,715
"S01008566",1066,249,817
"S01008567",744,163,581
"S01008568",793,100,693
"S01008569",640,157,483
"S01008570",961,196,765
"S01008571",679,162,517
"S01008572",888,227,661
"S01008573",892,173,719
"S01008574",757,94,663
"S01008575",802,88,714
"S01008576",823,127,696
"S01008577",903,242,661
"S01008578",806,171,635
"S01008579",1101,280,821
"S01008580",542,91,451
"S01008581",894,238,656
"S01008582",1020,231,789
"S01008583",713,166,547
"S01008584",750,129,621
"S01008585",707,147,560
"S01008586",745,201,544
"S01008587",914,116,798
"S01008588",775,115,660
"S01008589",390,65,325
"S01008590",759,141,618
"S01008591",824,106,718
"S01008592",760,140,620
"S01008593",780,116,664
"S01008594",1038,137,901
"S01008595",905,311,594
"S01008596",852,207,645
"S01008597",880,162,718
"S01008598",837,106,731
"S01008599",919,92,827
"S01008600",847,110,737
"S01008601",2533,123,2410
"S01008602",650,77,573
"S01008603",1121,133,988
"S01008604",933,79,854
"S01008605",702,49,653
"S01008606",903,88,815
"S01008607",336,45,291
"S01008608",751,149,602
"S01008609",977,218,759
"S01008610",909,151,758
"S01008611",1421,110,1311
"S01008612",779,93,686
"S01008613",798,91,707
"S01008614",677,56,621
"S01008615",869,80,789
"S01008616",733,45,688
"S01008617",829,40,789
"S01008618",739,47,692
"S01008619",520,41,479
"S01008620",815,51,764
"S01008621",770,37,733
"S01008622",517,30,487
"S01008623",954,86,868
"S01008624",878,259,619
"S01008625",573,82,491
"S01008626",919,79,840
"S01008627",759,121,638
"S01008628",630,105,525
"S01008629",571,91,480
"S01008630",556,62,494
"S01008631",786,66,720
"S01008632",918,283,635
"S01008633",952,184,768
"S01008634",727,73,654
"S01008635",850,101,749
"S01008636",861,109,752
"S01008637",710,111,599
"S01008638",854,192,662
"S01008639",888,87,801
"S01008640",776,60,716
"S01008641",825,55,770
"S01008642",932,63,869
"S01008643",712,69,643
"S01008644",771,93,678
"S01008645",825,61,764
"S01008646",812,71,741
"S01008647",589,45,544
"S01008648",610,64,546
"S01008649",901,149,752
"S01008650",731,88,643
"S01008651",1095,156,939
"S01008652",567,102,465
"S01008653",684,105,579
"S01008654",937,116,821
"S01008655",796,90,706
"S01008656",644,103,541
"S01008657",758,105,653
"S01008658",981,140,841
"S01008659",825,94,731
"S01008660",936,71,865
"S01008661",990,143,847
"S01008662",745,59,686
"S01008663",926,138,788
"S01008664",845,98,747
"S01008665",1106,104,1002
"S01008666",854,55,799
"S01008667",952,85,867
"S01008668",756,57,699
"S01008669",442,25,417
"S01008670",879,54,825
"S01008671",751,66,685
"S01008672",686,83,603
"S01008673",1096,109,987
"S01008674",955,79,876
"S01008675",732,117,615
"S01008676",839,65,774
"S01008677",761,77,684
"S01008678",1200,120,1080
"S01008679",1164,206,958
"S01008680",631,81,550
"S01008681",971,185,786
"S01008682",673,119,554
"S01008683",1511,250,1261
"S01008684",1104,211,893
"S01008685",1025,214,811
"S01008686",885,252,633
"S01008687",648,69,579
"S01008688",950,169,781
"S01008689",860,149,711
"S01008690",990,120,870
"S01008691",1112,164,948
"S01008692",685,158,527
"S01008693",487,107,380
"S01008694",1000,116,884
"S01008695",703,72,631
"S01008696",675,77,598
"S01008697",1059,165,894
"S01008698",404,54,350
"S01008699",909,213,696
"S01008700",569,95,474
"S01008701",980,166,814
"S01008703",972,225,747
"S01008704",672,215,457
"S01008705",500,125,375
"S01008706",615,142,473
"S01008707",862,190,672
"S01008708",1031,307,724
"S01008709",763,193,570
"S01008710",456,92,364
"S01008711",706,191,515
"S01008712",1143,424,719
"S01008713",635,131,504
"S01008714",568,152,416
"S01008715",763,238,525
"S01008716",545,167,378
"S01008717",440,49,391
"S01008718",510,97,413
"S01008719",1003,164,839
"S01008720",508,124,384
"S01008721",809,89,720
"S01008722",1058,240,818
"S01008723",677,82,595
"S01008724",968,177,791
"S01008725",752,113,639
"S01008726",477,58,419
"S01008727",1102,232,870
"S01008728",552,102,450
"S01008729",845,126,719
"S01008730",801,92,709
"S01008731",430,127,303
"S01008732",505,107,398
"S01008733",682,107,575
"S01008734",666,98,568
"S01008735",996,142,854
"S01008736",738,149,589
"S01008737",987,184,803
"S01008738",596,105,491
"S01008739",559,86,473
"S01008740",553,79,474
"S01008741",1060,188,872
"S01008742",377,115,262
"S01008743",1014,212,802
"S01008744",1058,225,833
"S01008745",466,65,401
"S01008746",946,206,740
"S01008747",501,89,412
"S01008748",533,84,449
"S01008749",1228,217,1011
"S01008750",704,144,560
"S01008751",622,161,461
"S01008752",787,245,542
"S01008753",424,107,317
"S01008754",702,148,554
"S01008755",941,198,743
"S01008756",708,190,518
"S01008757",638,226,412
"S01008758",823,229,594
"S01008759",564,167,397
"S01008760",949,277,672
"S01008761",738,111,627
"S01008762",608,111,497
"S01008763",925,101,824
"S01008764",714,108,606
"S01008765",852,113,739
"S01008766",1057,181,876
"S01008767",542,100,442
"S01008768",537,140,397
"S01008769",2300,194,2106
"S01008772",785,138,647
"S01008773",1025,190,835
"S01008774",901,162,739
"S01008775",392,47,345
"S01008776",863,223,640
"S01008777",1014,320,694
"S01008778",1086,118,968
"S01008779",718,55,663
"S01008780",376,49,327
"S01008781",891,126,765
"S01008782",816,96,720
"S01008783",259,29,230
"S01008784",540,40,500
"S01008785",927,204,723
"S01008786",888,110,778
"S01008787",374,72,302
"S01008788",690,71,619
"S01008789",654,203,451
"S01008790",675,113,562
"S01008791",877,88,789
"S01008792",965,188,777
"S01008793",427,100,327
"S01008794",865,244,621
"S01008795",1057,126,931
"S01008796",1182,218,964
"S01008797",947,147,800
"S01008798",787,142,645
"S01008799",665,75,590
"S01008800",1170,124,1046
"S01008801",801,100,701
"S01008802",958,131,827
"S01008803",952,157,795
"S01008804",652,198,454
"S01008805",623,62,561
"S01008806",1019,107,912
"S01008807",792,126,666
"S01008808",663,101,562
"S01008809",720,70,650
"S01008810",733,61,672
"S01008811",844,79,765
"S01008812",471,36,435
"S01008813",970,186,784
"S01008814",842,102,740
"S01008815",908,141,767
"S01008816",523,91,432
"S01008817",764,127,637
"S01008818",893,99,794
"S01008819",756,138,618
"S01008820",1119,217,902
"S01008821",797,78,719
"S01008822",734,89,645
"S01008823",675,125,550
"S01008824",961,133,828
"S01008825",539,71,468
"S01008826",744,137,607
"S01008827",732,105,627
"S01008828",884,134,750
"S01008829",715,103,612
"S01008830",692,120,572
"S01008831",774,127,647
"S01008832",755,144,611
"S01008833",989,178,811
"S01008834",1130,201,929
"S01008835",695,131,564
"S01008836",526,126,400
"S01008837",1343,137,1206
"S01008838",830,106,724
"S01008839",1027,112,915
"S01008840",1074,113,961
"S01008841",1289,88,1201
"S01008842",161,23,138
"S01008843",991,81,910
"S01008844",695,68,627
"S01008845",853,57,796
"S01008846",821,75,746
"S01008847",585,32,553
"S01008848",772,69,703
"S01008849",727,48,679
"S01008850",731,63,668
"S01008851",918,162,756
"S01008852",1002,108,894
"S01008853",680,42,638
"S01008854",910,67,843
"S01008855",1226,118,1108
"S01008856",483,47,436
"S01008857",764,80,684
"S01008858",552,57,495
"S01008859",1217,207,1010
"S01008860",882,122,760
"S01008861",765,84,681
"S01008862",877,96,781
"S01008863",733,84,649
"S01008864",1088,75,1013
"S01008865",928,148,780
"S01008866",798,75,723
"S01008867",800,78,722
"S01008868",771,37,734
"S01008869",998,122,876
"S01008870",780,109,671
"S01008871",1232,98,1134
"S01008872",700,56,644
"S01008873",692,59,633
"S01008874",848,118,730
"S01008875",820,121,699
"S01008876",587,120,467
"S01008877",548,58,490
"S01008878",756,185,571
"S01008879",968,181,787
"S01008880",626,126,500
"S01008881",475,96,379
"S01008882",1075,120,955
"S01008883",965,204,761
"S01008884",706,114,592
"S01008885",888,95,793
"S01008886",843,108,735
"S01008887",770,135,635
"S01008888",500,59,441
"S01008889",634,67,567
"S01008890",717,124,593
"S01008891",763,124,639
"S01008892",971,187,784
"S01008893",910,123,787
"S01008894",887,118,769
"S01008895",592,76,516
"S01008896",504,42,462
"S01008897",689,110,579
"S01008898",870,104,766
"S01008899",843,219,624
"S01008900",948,200,748
"S01008901",846,193,653
"S01008902",1019,212,807
"S01008903",962,229,733
"S01008904",1073,200,873
"S01008905",1116,234,882
"S01008906",885,203,682
"S01008907",811,141,670
"S01008908",929,179,750
"S01008909",797,114,683
"S01008910",1489,116,1373
"S01008911",168,71,97
"S01008912",792,117,675
"S01008913",421,55,366
"S01008914",868,209,659
"S01008915",569,88,481
"S01008916",1094,345,749
"S01008917",690,173,517
"S01008918",584,107,477
"S01008919",544,119,425
"S01008920",971,111,860
"S01008921",755,198,557
"S01008922",785,208,577
"S01008923",749,168,581
"S01008924",791,174,617
"S01008925",691,94,597
"S01008926",232,22,210
"S01008927",1174,154,1020
"S01008928",813,202,611
"S01008929",762,213,549
"S01008930",913,234,679
"S01008931",776,185,591
"S01008932",885,102,783
"S01008933",488,85,403
"S01008934",990,171,819
"S01008935",893,145,748
"S01008936",397,55,342
"S01008937",831,155,676
"S01008938",641,105,536
"S01008939",890,152,738
"S01008940",636,95,541
"S01008941",881,101,780
"S01008942",904,127,777
"S01008943",707,80,627
"S01008944",1013,145,868
"S01008945",782,111,671
"S01008946",912,131,781
"S01008947",1063,181,882
"S01008948",704,88,616
"S01008949",924,214,710
"S01008950",935,219,716
"S01008951",822,200,622
"S01008952",803,164,639
"S01008953",903,222,681
"S01008954",880,266,614
"S01008955",637,82,555
"S01008956",878,119,759
"S01008957",1010,194,816
"S01008958",722,179,543
"S01008959",859,157,702
"S01008960",916,68,848
"S01008961",715,97,618
"S01008962",616,99,517
"S01008963",783,131,652
"S01008964",525,83,442
"S01008965",742,127,615
"S01008966",590,82,508
"S01008967",1045,173,872
"S01008968",997,141,856
"S01008969",1088,193,895
"S01008970",1014,126,888
"S01008971",526,54,472
"S01008972",793,129,664
"S01008973",1340,326,1014
"S01008974",803,146,657
"S01008975",849,265,584
"S01008976",404,59,345
"S01008977",605,85,520
"S01008978",580,64,516
"S01008979",743,67,676
"S01008980",834,99,735
"S01008981",708,127,581
"S01008982",789,97,692
"S01008983",650,64,586
"S01008984",518,74,444
"S01008985",593,85,508
"S01008986",888,151,737
"S01008987",822,130,692
"S01008988",1058,257,801
"S01008989",653,59,594
"S01008990",737,63,674
"S01008991",935,85,850
"S01008992",562,108,454
"S01008993",1125,158,967
"S01008994",773,139,634
"S01008995",662,61,601
"S01008996",704,143,561
"S01008997",984,156,828
"S01008998",628,111,517
"S01008999",854,197,657
"S01009000",911,147,764
"S01009001",888,104,784
"S01009002",827,122,705
"S01009003",961,118,843
"S01009004",680,90,590
"S01009005",730,104,626
"S01009006",766,136,630
"S01009007",701,131,570
"S01009008",916,176,740
"S01009009",476,125,351
"S01009010",1021,106,915
"S01009011",870,69,801
"S01009012",752,82,670
"S01009013",893,100,793
"S01009014",531,92,439
"S01009015",477,69,408
"S01009016",530,114,416
"S01009017",393,88,305
"S01009018",871,140,731
"S01009019",519,107,412
"S01009020",811,134,677
"S01009021",731,149,582
"S01009022",832,160,672
"S01009023",838,173,665
"S01009024",980,231,749
"S01009025",918,197,721
"S01009026",892,207,685
"S01009027",884,197,687
"S01009028",385,92,293
"S01009029",621,163,458
"S01009030",733,148,585
"S01009031",761,172,589
"S01009032",660,150,510
"S01009033",795,187,608
"S01009034",709,152,557
"S01009035",930,179,751
"S01009036",1074,181,893
"S01009037",893,134,759
"S01009038",1090,176,914
"S01009039",661,108,553
"S01009040",653,143,510
"S01009041",792,210,582
"S01009042",816,166,650
"S01009043",589,132,457
"S01009044",869,259,610
"S01009045",803,181,622
"S01009046",872,176,696
"S01009047",805,136,669
"S01009048",837,151,686
"S01009049",616,121,495
"S01009050",1186,221,965
"S01009051",619,105,514
"S01009052",540,126,414
"S01009053",532,136,396
"S01009054",583,123,460
"S01009055",807,147,660
"S01009056",554,153,401
"S01009057",555,121,434
"S01009058",885,221,664
"S01009059",802,117,685
"S01009060",838,123,715
"S01009061",810,143,667
"S01009062",647,153,494
"S01009063",733,109,624
"S01009064",583,106,477
"S01009065",686,147,539
"S01009066",693,154,539
"S01009067",1035,123,912
"S01009068",895,179,716
"S01009069",631,75,556
"S01009070",522,80,442
"S01009071",1632,223,1409
"S01009072",289,55,234
"S01009073",651,188,463
"S01009074",721,149,572
"S01009075",536,137,399
"S01009076",918,139,779
"S01009077",454,79,375
"S01009079",1145,297,848
"S01009080",934,232,702
"S01009081",654,159,495
"S01009082",833,190,643
"S01009083",675,154,521
"S01009084",2202,278,1924
"S01009086",402,116,286
"S01009087",571,138,433
"S01009088",830,147,683
"S01009089",93,6,87
"S01009090",583,53,530
"S01009091",1954,164,1790
"S01009092",995,235,760
"S01009093",775,141,634
"S01009094",682,111,571
"S01009095",787,186,601
"S01009096",1129,211,918
"S01009097",788,77,711
"S01009098",527,91,436
"S01009099",807,191,616
"S01009100",781,237,544
"S01009101",935,219,716
"S01009102",819,159,660
"S01009103",678,133,545
"S01009104",775,176,599
"S01009105",796,144,652
"S01009106",551,129,422
"S01009107",506,101,405
"S01009108",608,72,536
"S01009109",670,89,581
"S01009110",607,139,468
"S01009111",848,126,722
"S01009112",439,71,368
"S01009113",927,196,731
"S01009114",786,106,680
"S01009115",580,80,500
"S01009116",464,63,401
"S01009117",857,164,693
"S01009118",632,61,571
"S01009119",752,174,578
"S01009120",530,132,398
"S01009121",811,203,608
"S01009122",1421,243,1178
"S01009123",437,64,373
"S01009124",226,55,171
"S01009125",713,205,508
"S01009126",592,146,446
"S01009127",626,135,491
"S01009128",806,259,547
"S01009129",486,125,361
"S01009130",661,102,559
"S01009131",482,117,365
"S01009132",822,100,722
"S01009133",627,171,456
"S01009134",860,158,702
"S01009135",565,65,500
"S01009136",223,20,203
"S01009137",947,163,784
"S01009138",861,114,747
"S01009139",406,72,334
"S01009140",751,167,584
"S01009141",824,250,574
"S01009142",549,159,390
"S01009143",600,187,413
"S01009144",896,79,817
"S01009145",917,242,675
"S01009146",911,186,725
"S01009147",832,210,622
"S01009148",694,139,555
"S01009149",713,149,564
"S01009150",747,425,322
"S01009151",890,260,630
"S01009152",667,199,468
"S01009153",472,89,383
"S01009154",972,228,744
"S01009155",567,103,464
"S01009156",548,95,453
"S01009157",838,159,679
"S01009158",558,114,444
"S01009159",511,148,363
"S01009160",674,208,466
"S01009161",455,127,328
"S01009162",709,200,509
"S01009163",495,146,349
"S01009164",750,175,575
"S01009165",720,162,558
"S01009166",839,241,598
"S01009167",548,129,419
"S01009168",634,106,528
"S01009169",761,297,464
"S01009170",677,130,547
"S01009171",664,114,550
"S01009172",656,96,560
"S01009173",498,72,426
"S01009174",356,20,336
"S01009175",785,59,726
"S01009176",1456,182,1274
"S01009177",817,169,648
"S01009178",743,146,597
"S01009179",683,148,535
"S01009180",984,230,754
"S01009181",1721,288,1433
"S01009182",1002,160,842
"S01009183",334,27,307
"S01009184",1030,253,777
"S01009185",733,175,558
"S01009186",725,122,603
"S01009187",1373,207,1166
"S01009188",892,183,709
"S01009189",776,185,591
"S01009190",311,64,247
"S01009191",746,37,709
"S01009192",1221,138,1083
"S01009193",113,67,46
"S01009194",788,112,676
"S01009195",398,30,368
"S01009196",693,139,554
"S01009197",1027,140,887
"S01009198",730,99,631
"S01009199",449,69,380
"S01009200",1258,196,1062
"S01009201",520,76,444
"S01009202",525,60,465
"S01009203",633,189,444
"S01009204",793,151,642
"S01009205",702,84,618
"S01009206",934,124,810
"S01009207",1126,191,935
"S01009208",631,141,490
"S01009209",529,157,372
"S01009210",955,196,759
"S01009211",543,67,476
"S01009212",829,231,598
"S01009213",781,172,609
"S01009214",1010,186,824
"S01009215",858,188,670
"S01009216",886,206,680
"S01009217",623,160,463
"S01009218",810,158,652
"S01009219",630,161,469
"S01009220",348,96,252
"S01009221",574,127,447
"S01009222",538,112,426
"S01009223",556,135,421
"S01009224",627,149,478
"S01009225",536,140,396
"S01009226",909,262,647
"S01009227",589,172,417
"S01009228",602,161,441
"S01009229",583,118,465
"S01009230",566,108,458
"S01009231",886,171,715
"S01009232",581,136,445
"S01009233",490,127,363
"S01009234",1021,206,815
"S01009235",819,165,654
"S01009236",483,125,358
"S01009237",947,201,746
"S01009238",742,153,589
"S01009239",867,176,691
"S01009240",672,161,511
"S01009241",895,215,680
"S01009242",725,119,606
"S01009243",1003,192,811
"S01009244",814,120,694
"S01009245",830,150,680
"S01009246",813,194,619
"S01009247",919,163,756
"S01009248",688,131,557
"S01009249",901,217,684
"S01009250",638,135,503
"S01009251",553,96,457
"S01009252",478,29,449
"S01009253",476,151,325
"S01009254",822,220,602
"S01009255",564,110,454
"S01009256",478,115,363
"S01009257",753,163,590
"S01009258",1380,195,1185
"S01009259",942,149,793
"S01009260",798,160,638
"S01009261",738,187,551
"S01009262",604,146,458
"S01009263",351,30,321
"S01009264",666,160,506
"S01009265",791,161,630
"S01009266",942,220,722
"S01009267",602,102,500
"S01009268",1002,202,800
"S01009269",892,196,696
"S01009270",595,171,424
"S01009271",885,137,748
"S01009272",704,137,567
"S01009273",466,88,378
"S01009274",631,139,492
"S01009275",665,185,480
"S01009276",766,126,640
"S01009277",951,195,756
"S01009278",215,49,166
"S01009279",1089,209,880
"S01009280",898,260,638
"S01009281",665,215,450
"S01009282",471,114,357
"S01009283",710,109,601
"S01009284",822,106,716
"S01009285",906,108,798
"S01009286",737,127,610
"S01009287",754,145,609
"S01009288",1060,202,858
"S01009289",871,169,702
"S01009290",646,116,530
"S01009291",979,148,831
"S01009292",210,51,159
"S01009293",531,117,414
"S01009294",698,67,631
"S01009295",611,90,521
"S01009296",506,66,440
"S01009297",826,95,731
"S01009298",971,288,683
"S01009299",986,168,818
"S01009300",510,94,416
"S01009301",967,243,724
"S01009302",845,193,652
"S01009303",787,184,603
"S01009304",910,154,756
"S01009305",736,182,554
"S01009306",1094,193,901
"S01009307",1018,187,831
"S01009308",513,82,431
"S01009309",734,113,621
"S01009310",932,176,756
"S01009311",753,178,575
"S01009312",650,103,547
"S01009313",445,133,312
"S01009314",816,126,690
"S01009315",646,182,464
"S01009316",756,89,667
"S01009317",847,120,727
"S01009318",619,63,556
"S01009319",903,190,713
"S01009320",713,198,515
"S01009321",476,65,411
"S01009322",691,141,550
"S01009323",1099,215,884
"S01009324",528,118,410
"S01009325",700,174,526
"S01009326",640,99,541
"S01009327",579,116,463
"S01009331",1256,71,1185
"S01009332",922,169,753
"S01009333",669,148,521
"S01009334",636,149,487
"S01009335",772,187,585
"S01009336",658,161,497
"S01009337",743,175,568
"S01009338",725,223,502
"S01009339",853,183,670
"S01009340",596,144,452
"S01009341",583,131,452
"S01009342",742,146,596
"S01009343",574,90,484
"S01009344",732,201,531
"S01009345",840,105,735
"S01009346",6248,405,5843
"S01009353",447,33,414
"S01009355",866,122,744
"S01009356",963,170,793
"S01009357",678,68,610
"S01009358",337,29,308
"S01009359",1243,78,1165
"S01009360",835,143,692
"S01009361",768,141,627
"S01009362",1015,144,871
"S01009363",833,160,673
"S01009364",860,138,722
"S01009365",425,102,323
"S01009366",760,189,571
"S01009367",489,97,392
"S01009368",581,94,487
"S01009369",598,131,467
"S01009370",838,202,636
"S01009371",665,123,542
"S01009372",521,81,440
"S01009373",708,177,531
"S01009374",853,230,623
"S01009375",797,177,620
"S01009376",577,161,416
"S01009377",1284,145,1139
"S01009378",994,151,843
"S01009379",981,92,889
"S01009380",585,96,489
"S01009381",507,75,432
"S01009382",691,182,509
"S01009383",1018,191,827
"S01009384",392,63,329
"S01009385",393,74,319
"S01009386",670,132,538
"S01009387",542,109,433
"S01009388",1075,182,893
"S01009389",824,182,642
"S01009390",777,61,716
"S01009391",695,45,650
"S01009392",581,42,539
"S01009393",686,93,593
"S01009394",943,185,758
"S01009395",677,122,555
"S01009396",736,110,626
"S01009397",703,104,599
"S01009398",688,107,581
"S01009399",705,113,592
"S01009400",519,94,425
"S01009401",681,122,559
"S01009402",944,165,779
"S01009403",539,89,450
"S01009404",546,128,418
"S01009405",618,119,499
"S01009406",702,147,555
"S01009407",417,95,322
"S01009408",833,122,711
"S01009409",665,172,493
"S01009410",877,174,703
"S01009411",812,188,624
"S01009412",848,214,634
"S01009413",988,199,789
"S01009414",682,153,529
"S01009415",677,197,480
"S01009416",370,67,303
"S01009417",1991,304,1687
"S01009418",908,261,647
"S01009419",574,137,437
"S01009420",632,146,486
"S01009421",634,133,501
"S01009422",717,187,530
"S01009424",591,179,412
"S01009425",545,150,395
"S01009426",776,239,537
"S01009427",608,187,421
"S01009428",582,201,381
"S01009429",649,220,429
"S01009430",737,191,546
"S01009431",520,162,358
"S01009432",817,219,598
"S01009433",826,202,624
"S01009434",543,160,383
"S01009435",774,191,583
"S01009436",701,163,538
"S01009437",591,162,429
"S01009438",619,144,475
"S01009439",923,242,681
"S01009440",672,220,452
"S01009441",836,178,658
"S01009442",1361,252,1109
"S01009443",2996,463,2533
"S01009444",846,162,684
"S01009445",778,198,580
"S01009446",753,256,497
"S01009447",486,128,358
"S01009448",569,157,412
"S01009449",528,131,397
"S01009450",601,157,444
"S01009451",770,193,577
"S01009452",503,142,361
"S01009453",1023,340,683
"S01009454",642,91,551
"S01009455",848,156,692
"S01009456",1172,345,827
"S01009457",897,194,703
"S01009458",687,167,520
"S01009459",750,163,587
"S01009460",971,208,763
"S01009462",1285,183,1102
"S01009463",667,137,530
"S01009464",842,138,704
"S01009465",609,104,505
"S01009466",572,107,465
"S01009467",793,143,650
"S01009468",748,205,543
"S01009469",812,164,648
"S01009470",473,96,377
"S01009471",585,245,340
"S01009472",939,180,759
"S01009473",1058,223,835
"S01009474",818,131,687
"S01009476",1070,94,976
"S01009477",744,163,581
"S01009478",832,137,695
"S01009479",938,248,690
"S01009480",730,178,552
"S01009481",922,189,733
"S01009482",642,143,499
"S01009483",724,84,640
"S01009484",776,199,577
"S01009485",786,204,582
"S01009486",650,143,507
"S01009487",789,212,577
"S01009488",705,114,591
"S01009489",816,240,576
"S01009490",767,190,577
"S01009491",698,223,475
"S01009492",826,176,650
"S01009493",847,168,679
"S01009494",947,129,818
"S01009495",871,97,774
"S01009496",785,179,606
"S01009497",881,169,712
"S01009498",643,117,526
"S01009499",796,169,627
"S01009500",778,203,575
"S01009501",677,184,493
"S01009502",823,181,642
"S01009503",729,133,596
"S01009504",695,151,544
"S01009505",817,181,636
"S01009506",735,189,546
"S01009507",800,122,678
"S01009508",876,187,689
"S01009509",1015,205,810
"S01009510",700,124,576
"S01009511",597,117,480
"S01009512",771,105,666
"S01009513",575,93,482
"S01009514",706,86,620
"S01009515",738,195,543
"S01009516",977,296,681
"S01009519",576,99,477
"S01009520",837,136,701
"S01009521",756,186,570
"S01009522",1042,202,840
"S01009523",584,151,433
"S01009524",592,147,445
"S01009525",615,147,468
"S01009526",650,90,560
"S01009527",639,140,499
"S01009528",520,188,332
"S01009529",578,139,439
"S01009530",576,107,469
"S01009531",806,224,582
"S01009532",779,273,506
"S01009533",783,208,575
"S01009534",856,212,644
"S01009535",630,134,496
"S01009536",559,115,444
"S01009537",539,127,412
"S01009538",785,253,532
"S01009539",866,230,636
"S01009540",815,198,617
"S01009541",1718,329,1389
"S01009542",625,133,492
"S01009543",523,176,347
"S01009544",761,205,556
"S01009545",1212,222,990
"S01009546",562,139,423
"S01009547",876,210,666
"S01009548",616,117,499
"S01009549",726,148,578
"S01009550",515,93,422
"S01009551",533,91,442
"S01009552",897,206,691
"S01009553",852,203,649
"S01009554",768,179,589
"S01009555",619,119,500
"S01009556",767,155,612
"S01009557",675,142,533
"S01009558",673,147,526
"S01009559",857,193,664
"S01009560",748,177,571
"S01009561",536,125,411
"S01009562",743,145,598
"S01009563",793,195,598
"S01009564",681,159,522
"S01009565",588,121,467
"S01009566",1070,168,902
"S01009567",882,173,709
"S01009568",736,170,566
"S01009569",812,188,624
"S01009570",563,134,429
"S01009571",686,158,528
"S01009572",1030,261,769
"S01009573",743,198,545
"S01009574",1409,342,1067
"S01009575",523,120,403
"S01009576",955,119,836
"S01009577",697,146,551
"S01009578",771,155,616
"S01009579",577,148,429
"S01009580",531,68,463
"S01009581",553,126,427
"S01009582",533,98,435
"S01009583",812,146,666
"S01009584",537,89,448
"S01009585",969,174,795
"S01009586",681,225,456
"S01009587",715,236,479
"S01009588",1062,328,734
"S01009589",954,194,760
"S01009590",360,82,278
"S01009591",643,102,541
"S01009592",922,146,776
"S01009593",592,82,510
"S01009594",675,79,596
"S01009595",206,25,181
"S01009596",783,148,635
"S01009597",875,174,701
"S01009598",664,168,496
"S01009599",892,210,682
"S01009600",634,196,438
"S01009601",601,122,479
"S01009602",770,93,677
"S01009603",560,116,444
"S01009604",622,161,461
"S01009605",765,220,545
"S01009606",823,125,698
"S01009607",528,69,459
"S01009608",606,120,486
"S01009609",707,124,583
"S01009610",982,232,750
"S01009611",535,82,453
"S01009612",467,101,366
"S01009613",462,84,378
"S01009614",779,158,621
"S01009615",398,107,291
"S01009616",626,137,489
"S01009617",585,109,476
"S01009618",682,164,518
"S01009619",623,202,421
"S01009620",797,241,556
"S01009621",777,220,557
"S01009622",663,172,491
"S01009623",495,122,373
"S01009624",792,229,563
"S01009625",868,187,681
"S01009626",601,165,436
"S01009627",825,209,616
"S01009628",518,240,278
"S01009629",1082,220,862
"S01009630",811,207,604
"S01009631",677,217,460
"S01009632",558,166,392
"S01009633",756,174,582
"S01009634",532,208,324
"S01009635",842,199,643
"S01009636",904,221,683
"S01009637",736,194,542
"S01009638",914,230,684
"S01009639",666,160,506
"S01009640",586,205,381
"S01009641",770,240,530
"S01009642",912,196,716
"S01009643",102,17,85
"S01009644",1266,233,1033
"S01009645",649,154,495
"S01009646",596,134,462
"S01009647",595,185,410
"S01009648",788,224,564
"S01009649",1037,231,806
"S01009650",546,114,432
"S01009651",1471,377,1094
"S01009652",610,148,462
"S01009653",530,90,440
"S01009654",583,122,461
"S01009655",846,203,643
"S01009656",728,242,486
"S01009657",763,161,602
"S01009658",738,156,582
"S01009659",480,116,364
"S01009660",912,207,705
"S01009661",1089,204,885
"S01009662",868,150,718
"S01009663",481,89,392
"S01009664",895,123,772
"S01009665",662,130,532
"S01009666",758,181,577
"S01009667",523,79,444
"S01009668",589,70,519
"S01009669",590,129,461
"S01009670",892,161,731
"S01009671",511,84,427
"S01009672",725,148,577
"S01009673",611,128,483
"S01009674",1066,185,881
"S01009675",972,188,784
"S01009676",833,151,682
"S01009677",592,109,483
"S01009678",591,118,473
"S01009679",1031,234,797
"S01009680",685,118,567
"S01009681",681,226,455
"S01009682",624,87,537
"S01009683",797,201,596
"S01009684",1153,130,1023
"S01009685",644,148,496
"S01009686",1123,219,904
"S01009687",723,122,601
"S01009688",904,203,701
"S01009689",605,131,474
"S01009690",708,144,564
"S01009691",685,118,567
"S01009692",1062,246,816
"S01009693",438,78,360
"S01009694",1122,266,856
"S01009695",623,103,520
"S01009696",953,176,777
"S01009697",702,148,554
"S01009698",572,91,481
"S01009699",425,97,328
"S01009700",649,137,512
"S01009701",398,108,290
"S01009702",631,107,524
"S01009703",454,116,338
"S01009704",917,160,757
"S01009705",732,184,548
"S01009706",625,117,508
"S01009707",477,84,393
"S01009708",609,161,448
"S01009709",911,210,701
"S01009710",567,86,481
"S01009711",789,209,580
"S01009712",593,150,443
"S01009713",890,201,689
"S01009714",922,201,721
"S01009715",741,155,586
"S01009716",726,132,594
"S01009717",906,118,788
"S01009718",731,125,606
"S01009719",745,149,596
"S01009720",694,154,540
"S01009721",580,43,537
"S01009722",1134,116,1018
"S01009723",772,88,684
"S01009724",980,189,791
"S01009725",783,89,694
"S01009726",1042,83,959
"S01009727",1247,197,1050
"S01009728",624,89,535
"S01009729",706,126,580
"S01009730",294,48,246
"S01009731",499,108,391
"S01009732",640,94,546
"S01009733",387,72,315
"S01009734",1510,166,1344
"S01009735",869,157,712
"S01009736",2672,223,2449
"S01009737",569,93,476
"S01009738",330,52,278
"S01009739",764,65,699
"S01009740",541,106,435
"S01009741",1159,88,1071
"S01009742",570,76,494
"S01009743",1007,147,860
"S01009744",698,114,584
"S01009745",1168,172,996
"S01009746",739,120,619
"S01009747",656,140,516
"S01009748",628,114,514
"S01009749",954,175,779
"S01009750",679,142,537
"S01009751",823,163,660
"S01009752",350,51,299
"S01009753",715,170,545
"S01009754",852,187,665
"S01009755",673,116,557
"S01009756",740,98,642
"S01009757",561,79,482
"S01009758",598,139,459
"S01009759",934,161,773
"S01009760",893,222,671
"S01009761",910,148,762
"S01009762",926,217,709
"S01009763",432,41,391
"S01009764",674,125,549
"S01009765",1019,225,794
"S01009766",403,52,351
"S01009767",2089,301,1788
"S01009768",310,76,234
"S01009769",1247,249,998
"S01009770",711,104,607
"S01009771",888,114,774
"S01009772",635,84,551
"S01009775",802,282,520
"S01009776",614,201,413
"S01009777",482,119,363
"S01009778",822,304,518
"S01009779",581,144,437
"S01009780",399,91,308
"S01009781",548,168,380
"S01009782",605,105,500
"S01009783",901,192,709
"S01009784",756,219,537
"S01009785",801,235,566
"S01009786",963,245,718
"S01009787",867,289,578
"S01009788",833,285,548
"S01009789",896,258,638
"S01009790",629,167,462
"S01009791",664,186,478
"S01009792",334,43,291
"S01009793",2352,414,1938
"S01009794",483,49,434
"S01009795",875,79,796
"S01009796",436,119,317
"S01009797",776,105,671
"S01009798",722,73,649
"S01009799",843,240,603
"S01009800",1107,258,849
"S01009801",1005,249,756
"S01009802",1022,213,809
"S01009803",532,156,376
"S01009805",1231,284,947
"S01009806",1023,338,685
"S01009807",1102,238,864
"S01009808",918,171,747
"S01009809",591,125,466
"S01009810",855,233,622
"S01009811",1063,371,692
"S01009812",744,218,526
"S01009813",769,225,544
"S01009814",840,197,643
"S01009815",710,143,567
"S01009816",705,111,594
"S01009817",690,196,494
"S01009818",926,207,719
"S01009819",664,202,462
"S01009820",958,245,713
"S01009821",662,108,554
"S01009822",479,96,383
"S01009823",620,220,400
"S01009824",1001,210,791
"S01009825",1006,253,753
"S01009826",582,159,423
"S01009827",854,238,616
"S01009828",767,284,483
"S01009829",1029,228,801
"S01009830",770,153,617
"S01009831",717,99,618
"S01009832",1003,224,779
"S01009833",335,65,270
"S01009834",841,165,676
"S01009835",526,156,370
"S01009836",961,246,715
"S01009837",689,256,433
"S01009838",757,209,548
"S01009839",974,213,761
"S01009840",965,342,623
"S01009841",814,221,593
"S01009842",671,147,524
"S01009843",640,199,441
"S01009844",573,164,409
"S01009845",671,143,528
"S01009846",862,218,644
"S01009847",668,148,520
"S01009848",866,255,611
"S01009849",734,261,473
"S01009850",784,250,534
"S01009851",919,307,612
"S01009852",427,129,298
"S01009853",876,216,660
"S01009854",790,164,626
"S01009855",572,141,431
"S01009856",635,191,444
"S01009857",966,259,707
"S01009858",746,199,547
"S01009859",1038,325,713
"S01009860",920,317,603
"S01009861",1103,305,798
"S01009862",1459,393,1066
"S01009863",796,183,613
"S01009864",594,138,456
"S01009865",449,106,343
"S01009866",882,202,680
"S01009867",785,173,612
"S01009868",711,136,575
"S01009869",530,51,479
"S01009870",484,61,423
"S01009871",932,295,637
"S01009872",724,97,627
"S01009873",913,234,679
"S01009874",1048,237,811
"S01009875",608,92,516
"S01009876",781,175,606
"S01009877",896,188,708
"S01009878",705,128,577
"S01009879",910,121,789
"S01009880",797,135,662
"S01009881",868,133,735
"S01009882",848,75,773
"S01009883",824,110,714
"S01009884",815,124,691
"S01009885",899,172,727
"S01009886",813,157,656
"S01009887",976,175,801
"S01009888",719,116,603
"S01009889",814,176,638
"S01009890",553,140,413
"S01009891",734,176,558
"S01009892",796,240,556
"S01009893",837,128,709
"S01009894",700,223,477
"S01009895",847,248,599
"S01009896",968,283,685
"S01009897",940,234,706
"S01009898",626,185,441
"S01009899",776,159,617
"S01009900",829,97,732
"S01009901",864,92,772
"S01009902",914,297,617
"S01009903",823,116,707
"S01009904",784,137,647
"S01009905",585,51,534
"S01009906",667,74,593
"S01009907",779,160,619
"S01009908",1027,116,911
"S01009909",899,121,778
"S01009910",696,81,615
"S01009911",1014,200,814
"S01009912",962,200,762
"S01009913",719,83,636
"S01009914",984,130,854
"S01009915",861,133,728
"S01009916",985,167,818
"S01009917",709,101,608
"S01009918",709,104,605
"S01009919",1099,206,893
"S01009920",831,109,722
"S01009921",627,79,548
"S01009922",1016,126,890
"S01009923",855,139,716
"S01009924",957,172,785
"S01009925",658,81,577
"S01009926",773,118,655
"S01009927",400,86,314
"S01009928",967,163,804
"S01009929",499,82,417
"S01009930",850,112,738
"S01009931",751,64,687
"S01009932",619,88,531
"S01009933",768,186,582
"S01009934",896,128,768
"S01009935",544,232,312
"S01009936",641,196,445
"S01009937",531,153,378
"S01009938",938,334,604
"S01009939",901,207,694
"S01009940",735,250,485
"S01009941",1033,127,906
"S01009942",1022,298,724
"S01009943",835,255,580
"S01009944",799,203,596
"S01009945",963,250,713
"S01009946",815,200,615
"S01009947",567,136,431
"S01009948",680,206,474
"S01009949",990,195,795
"S01009950",891,99,792
"S01009951",605,54,551
"S01009952",733,121,612
"S01009953",1021,168,853
"S01009954",636,94,542
"S01009955",1010,245,765
"S01009956",750,178,572
"S01009957",760,87,673
"S01009958",915,119,796
"S01009959",771,117,654
"S01009960",902,177,725
"S01009961",560,136,424
"S01009962",991,179,812
"S01009963",932,147,785
"S01009964",795,118,677
"S01009965",718,135,583
"S01009966",776,143,633
"S01009967",801,131,670
"S01009968",608,122,486
"S01009969",857,144,713
"S01009970",946,276,670
"S01009971",1093,300,793
"S01009972",966,251,715
"S01009973",725,121,604
"S01009974",615,196,419
"S01009975",800,313,487
"S01009976",490,140,350
"S01009977",926,402,524
"S01009978",1019,271,748
"S01009979",584,279,305
"S01009980",645,256,389
"S01009981",694,204,490
"S01009982",1030,201,829
"S01009983",579,145,434
"S01009984",756,152,604
"S01009985",615,137,478
"S01009986",552,196,356
"S01009987",762,260,502
"S01009988",497,199,298
"S01009989",808,162,646
"S01009990",673,115,558
"S01009991",800,113,687
"S01009992",695,257,438
"S01009993",826,127,699
"S01009994",725,108,617
"S01009995",653,97,556
"S01009996",744,144,600
"S01009997",575,84,491
"S01009998",702,123,579
"S01009999",854,152,702
"S01010000",616,92,524
"S01010001",677,115,562
"S01010002",779,133,646
"S01010003",712,99,613
"S01010004",730,123,607
"S01010005",748,172,576
"S01010006",874,173,701
"S01010007",959,135,824
"S01010008",618,100,518
"S01010009",556,100,456
"S01010010",975,168,807
"S01010011",730,223,507
"S01010012",843,138,705
"S01010013",858,148,710
"S01010014",926,167,759
"S01010015",815,85,730
"S01010016",724,224,500
"S01010017",748,207,541
"S01010018",945,281,664
"S01010019",725,225,500
"S01010020",742,209,533
"S01010021",806,219,587
"S01010022",1040,313,727
"S01010023",623,254,369
"S01010024",591,160,431
"S01010025",548,186,362
"S01010026",1019,256,763
"S01010027",829,152,677
"S01010028",639,207,432
"S01010029",601,230,371
"S01010030",890,166,724
"S01010031",897,71,826
"S01010032",1353,109,1244
"S01010033",923,193,730
"S01010034",999,310,689
"S01010035",687,210,477
"S01010036",142,7,135
"S01010037",714,273,441
"S01010038",847,249,598
"S01010039",1179,105,1074
"S01010040",907,190,717
"S01010041",650,137,513
"S01010042",1000,132,868
"S01010043",652,162,490
"S01010044",1255,362,893
"S01010045",550,201,349
"S01010046",747,249,498
"S01010047",828,315,513
"S01010048",954,338,616
"S01010049",910,266,644
"S01010050",776,287,489
"S01010051",703,265,438
"S01010052",762,227,535
"S01010053",859,211,648
"S01010054",573,163,410
"S01010055",1126,373,753
"S01010056",674,155,519
"S01010057",184,52,132
"S01010058",691,149,542
"S01010059",619,133,486
"S01010060",908,264,644
"S01010061",510,90,420
"S01010062",750,216,534
"S01010063",1132,346,786
"S01010064",552,139,413
"S01010065",839,297,542
"S01010066",753,242,511
"S01010067",608,178,430
"S01010068",731,196,535
"S01010069",749,130,619
"S01010070",665,97,568
"S01010071",922,263,659
"S01010072",796,230,566
"S01010073",780,205,575
"S01010074",777,208,569
"S01010075",624,242,382
"S01010076",686,180,506
"S01010077",498,179,319
"S01010078",509,97,412
"S01010079",923,191,732
"S01010080",651,115,536
"S01010081",701,152,549
"S01010082",860,164,696
"S01010083",804,253,551
"S01010084",790,277,513
"S01010085",632,127,505
"S01010086",915,314,601
"S01010087",701,151,550
"S01010088",1734,149,1585
"S01010089",683,206,477
"S01010090",1087,201,886
"S01010091",467,88,379
"S01010092",983,353,630
"S01010093",869,180,689
"S01010094",687,164,523
"S01010095",696,116,580
"S01010096",752,141,611
"S01010097",735,147,588
"S01010098",727,138,589
"S01010099",699,137,562
"S01010100",886,217,669
"S01010101",744,165,579
"S01010102",939,111,828
"S01010103",974,94,880
"S01010104",367,39,328
"S01010105",611,205,406
"S01010106",442,133,309
"S01010107",714,190,524
"S01010108",645,195,450
"S01010109",1894,207,1687
"S01010110",894,317,577
"S01010111",811,231,580
"S01010112",1028,302,726
"S01010113",551,149,402
"S01010114",777,263,514
"S01010115",575,93,482
"S01010116",445,57,388
"S01010117",465,126,339
"S01010118",678,197,481
"S01010119",543,110,433
"S01010120",1045,292,753
"S01010121",585,159,426
"S01010122",464,200,264
"S01010123",733,177,556
"S01010124",541,89,452
"S01010125",474,90,384
"S01010126",730,166,564
"S01010127",694,252,442
"S01010128",492,118,374
"S01010129",719,200,519
"S01010130",611,186,425
"S01010131",974,232,742
"S01010132",1077,404,673
"S01010133",713,300,413
"S01010134",995,330,665
"S01010135",768,301,467
"S01010136",809,234,575
"S01010137",967,342,625
"S01010138",941,410,531
"S01010139",1024,363,661
"S01010140",753,107,646
"S01010141",807,287,520
"S01010142",572,163,409
"S01010143",739,276,463
"S01010144",643,142,501
"S01010145",778,204,574
"S01010146",765,197,568
"S01010147",953,278,675
"S01010148",784,210,574
"S01010149",599,183,416
"S01010150",504,192,312
"S01010151",625,282,343
"S01010152",851,247,604
"S01010153",941,360,581
"S01010154",788,340,448
"S01010155",839,331,508
"S01010156",458,180,278
"S01010157",569,231,338
"S01010158",913,314,599
"S01010159",735,289,446
"S01010160",605,140,465
"S01010161",636,125,511
"S01010162",670,222,448
"S01010163",704,230,474
"S01010164",799,269,530
"S01010165",803,228,575
"S01010166",714,226,488
"S01010167",792,300,492
"S01010168",252,66,186
"S01010169",890,211,679
"S01010170",533,137,396
"S01010171",1613,372,1241
"S01010172",696,279,417
"S01010173",764,224,540
"S01010174",1407,428,979
"S01010175",480,134,346
"S01010176",705,226,479
"S01010177",776,188,588
"S01010178",1033,238,795
"S01010179",610,188,422
"S01010180",787,170,617
"S01010181",631,219,412
"S01010182",667,135,532
"S01010183",463,178,285
"S01010184",630,181,449
"S01010185",530,167,363
"S01010186",647,107,540
"S01010187",635,98,537
"S01010188",1458,194,1264
"S01010189",976,81,895
"S01010191",736,67,669
"S01010192",869,79,790
"S01010193",907,212,695
"S01010194",628,195,433
"S01010195",531,128,403
"S01010196",739,237,502
"S01010197",660,196,464
"S01010198",1027,349,678
"S01010199",521,138,383
"S01010200",690,221,469
"S01010201",643,154,489
"S01010202",783,178,605
"S01010203",547,71,476
"S01010204",800,238,562
"S01010205",658,191,467
"S01010206",497,63,434
"S01010207",778,159,619
"S01010208",903,200,703
"S01010209",966,342,624
"S01010210",885,249,636
"S01010211",790,248,542
"S01010212",1151,383,768
"S01010213",924,315,609
"S01010214",967,222,745
"S01010215",850,285,565
"S01010216",621,204,417
"S01010217",817,185,632
"S01010218",1018,229,789
"S01010219",503,93,410
"S01010220",574,79,495
"S01010221",448,175,273
"S01010222",492,131,361
"S01010223",556,185,371
"S01010224",1168,335,833
"S01010225",936,189,747
"S01010226",816,176,640
"S01010227",692,127,565
"S01010228",695,304,391
"S01010229",1016,269,747
"S01010230",1005,247,758
"S01010231",1013,269,744
"S01010232",1016,207,809
"S01010233",970,230,740
"S01010234",1181,242,939
"S01010235",884,140,744
"S01010236",549,89,460
"S01010237",514,84,430
"S01010238",773,133,640
"S01010239",790,229,561
"S01010240",691,147,544
"S01010241",1019,277,742
"S01010242",793,193,600
"S01010243",1019,236,783
"S01010244",787,242,545
"S01010245",900,323,577
"S01010246",841,200,641
"S01010247",728,195,533
"S01010248",834,117,717
"S01010249",668,93,575
"S01010250",771,78,693
"S01010251",639,46,593
"S01010252",754,91,663
"S01010253",631,192,439
"S01010254",1054,298,756
"S01010255",718,185,533
"S01010256",859,247,612
"S01010257",1567,143,1424
"S01010258",513,26,487
"S01010259",1269,243,1026
"S01010260",1873,188,1685
"S01010261",2551,264,2287
"S01010262",930,349,581
"S01010263",740,58,682
"S01010264",853,124,729
"S01010265",1008,41,967
"S01010266",555,60,495
"S01010267",610,36,574
"S01010268",752,108,644
"S01010269",452,67,385
"S01010270",1153,450,703
"S01010271",931,117,814
"S01010272",1283,286,997
"S01010273",389,21,368
"S01010274",560,46,514
"S01010275",600,46,554
"S01010276",993,64,929
"S01010277",610,168,442
"S01010278",650,135,515
"S01010279",519,97,422
"S01010280",869,99,770
"S01010281",779,64,715
"S01010282",1039,224,815
"S01010283",649,68,581
"S01010284",1411,117,1294
"S01010285",728,74,654
"S01010286",1462,79,1383
"S01010287",880,59,821
"S01010288",816,65,751
"S01010289",771,40,731
"S01010290",546,84,462
"S01010291",1075,152,923
"S01010292",890,72,818
"S01010293",839,116,723
"S01010294",690,65,625
"S01010295",974,94,880
"S01010296",664,93,571
"S01010297",1066,290,776
"S01010298",880,250,630
"S01010299",536,182,354
"S01010300",934,237,697
"S01010301",522,45,477
"S01010302",669,220,449
"S01010303",579,110,469
"S01010304",542,162,380
"S01010305",807,237,570
"S01010306",752,97,655
"S01010307",821,72,749
"S01010308",975,95,880
"S01010309",419,155,264
"S01010310",706,145,561
"S01010311",589,218,371
"S01010312",868,274,594
"S01010313",654,215,439
"S01010314",1248,351,897
"S01010315",743,137,606
"S01010316",1787,217,1570
"S01010317",725,105,620
"S01010318",383,74,309
"S01010319",641,110,531
"S01010320",675,146,529
"S01010321",837,288,549
"S01010322",1028,105,923
"S01010323",603,227,376
"S01010324",759,285,474
"S01010325",1077,455,622
"S01010326",987,303,684
"S01010327",1231,314,917
"S01010328",969,293,676
"S01010329",492,185,307
"S01010330",534,148,386
"S01010331",640,236,404
"S01010332",715,225,490
"S01010333",962,280,682
"S01010334",1072,271,801
"S01010335",831,280,551
"S01010336",657,215,442
"S01010337",619,229,390
"S01010338",884,274,610
"S01010339",692,197,495
"S01010340",576,128,448
"S01010341",591,136,455
"S01010342",529,82,447
"S01010343",938,118,820
"S01010344",690,235,455
"S01010345",769,116,653
"S01010346",1043,220,823
"S01010347",1125,223,902
"S01010348",980,256,724
"S01010349",883,253,630
"S01010350",950,256,694
"S01010351",878,165,713
"S01010352",506,154,352
"S01010353",961,316,645
"S01010354",733,219,514
"S01010355",742,202,540
"S01010356",682,106,576
"S01010357",585,179,406
"S01010358",842,288,554
"S01010359",816,258,558
"S01010360",624,173,451
"S01010361",554,166,388
"S01010362",783,260,523
"S01010363",758,122,636
"S01010364",915,136,779
"S01010365",1013,144,869
"S01010366",1025,150,875
"S01010367",1639,138,1501
"S01010368",729,133,596
"S01010369",767,99,668
"S01010370",725,56,669
"S01010371",1013,82,931
"S01010372",529,68,461
"S01010373",761,102,659
"S01010374",1049,122,927
"S01010375",429,22,407
"S01010376",708,70,638
"S01010377",936,80,856
"S01010378",832,50,782
"S01010379",1127,110,1017
"S01010380",856,101,755
"S01010381",605,57,548
"S01010382",850,113,737
"S01010383",764,181,583
"S01010384",933,152,781
"S01010385",844,144,700
"S01010386",787,191,596
"S01010387",1040,155,885
"S01010388",1016,238,778
"S01010389",1777,111,1666
"S01010390",1076,148,928
"S01010391",733,124,609
"S01010393",999,173,826
"S01010394",807,279,528
"S01010395",1006,189,817
"S01010396",1033,195,838
"S01010397",542,72,470
"S01010398",1090,136,954
"S01010399",1036,73,963
"S01010400",1101,124,977
"S01010401",618,72,546
"S01010402",1031,108,923
"S01010403",1036,139,897
"S01010404",786,108,678
"S01010405",789,88,701
"S01010406",830,84,746
"S01010407",897,67,830
"S01010408",547,125,422
"S01010409",706,92,614
"S01010410",595,63,532
"S01010411",1311,103,1208
"S01010412",845,150,695
"S01010413",714,131,583
"S01010414",859,165,694
"S01010415",1019,292,727
"S01010416",772,141,631
"S01010417",580,91,489
"S01010418",1072,142,930
"S01010419",993,131,862
"S01010420",629,101,528
"S01010421",889,105,784
"S01010422",1088,194,894
"S01010423",831,227,604
"S01010424",834,238,596
"S01010425",1032,302,730
"S01010426",708,163,545
"S01010427",1053,276,777
"S01010428",736,128,608
"S01010429",978,127,851
"S01010430",854,238,616
"S01010431",700,84,616
"S01010432",740,158,582
"S01010433",803,132,671
"S01010434",623,154,469
"S01010435",634,187,447
"S01010436",918,239,679
"S01010437",557,157,400
"S01010438",854,165,689
"S01010439",986,189,797
"S01010440",1027,369,658
"S01010441",783,106,677
"S01010442",741,132,609
"S01010443",550,141,409
"S01010444",685,199,486
"S01010445",574,193,381
"S01010446",838,201,637
"S01010447",1028,304,724
"S01010448",865,210,655
"S01010449",779,239,540
"S01010450",783,260,523
"S01010451",1006,281,725
"S01010452",813,259,554
"S01010453",524,132,392
"S01010454",851,301,550
"S01010455",942,360,582
"S01010456",565,179,386
"S01010457",642,178,464
"S01010458",771,216,555
"S01010459",539,177,362
"S01010460",741,99,642
"S01010461",860,286,574
"S01010462",899,180,719
"S01010463",796,192,604
"S01010464",524,141,383
"S01010465",947,136,811
"S01010466",879,110,769
"S01010467",883,223,660
"S01010468",949,133,816
"S01010469",559,137,422
"S01010470",874,266,608
"S01010471",575,155,420
"S01010472",1020,102,918
"S01010473",756,123,633
"S01010474",820,118,702
"S01010475",178,30,148
"S01010476",924,256,668
"S01010477",720,197,523
"S01010478",991,332,659
"S01010479",1022,294,728
"S01010480",623,183,440
"S01010481",667,176,491
"S01010482",794,242,552
"S01010483",1036,303,733
"S01010484",550,140,410
"S01010485",986,217,769
"S01010486",930,138,792
"S01010487",1010,236,774
"S01010488",822,185,637
"S01010489",1052,350,702
"S01010490",749,179,570
"S01010491",906,239,667
"S01010492",575,178,397
"S01010493",516,127,389
"S01010494",628,126,502
"S01010495",944,263,681
"S01010496",1048,330,718
"S01010497",913,197,716
"S01010498",675,186,489
"S01010499",768,284,484
"S01010500",1078,239,839
"S01010501",928,257,671
"S01010502",803,168,635
"S01010503",655,207,448
"S01010504",531,101,430
"S01010505",558,92,466
"S01010506",837,132,705
"S01010507",806,131,675
"S01010508",989,185,804
"S01010509",1395,252,1143
"S01010510",572,102,470
"S01010511",937,189,748
"S01010512",478,120,358
"S01010513",767,98,669
"S01010514",709,134,575
"S01010515",799,168,631
"S01010516",490,82,408
"S01010517",868,140,728
"S01010518",552,77,475
"S01010519",852,142,710
"S01010520",945,168,777
"S01010521",577,76,501
"S01010522",617,156,461
"S01010523",644,109,535
"S01010524",519,98,421
"S01010525",660,117,543
"S01010526",814,197,617
"S01010527",896,220,676
"S01010528",618,115,503
"S01010529",711,117,594
"S01010530",665,100,565
"S01010531",1094,206,888
"S01010532",680,90,590
"S01010533",591,135,456
"S01010534",762,118,644
"S01010535",715,104,611
"S01010536",848,165,683
"S01010537",771,107,664
"S01010538",855,97,758
"S01010539",1108,143,965
"S01010540",628,105,523
"S01010541",840,116,724
"S01010542",905,170,735
"S01010543",723,111,612
"S01010544",761,106,655
"S01010545",738,141,597
"S01010546",812,203,609
"S01010547",757,119,638
"S01010548",721,140,581
"S01010549",1175,181,994
"S01010550",442,59,383
"S01010551",670,109,561
"S01010552",783,122,661
"S01010553",882,129,753
"S01010554",681,129,552
"S01010555",935,161,774
"S01010556",1032,299,733
"S01010557",488,80,408
"S01010558",573,120,453
"S01010559",791,208,583
"S01010560",663,126,537
"S01010561",554,112,442
"S01010562",901,150,751
"S01010563",519,76,443
"S01010564",500,146,354
"S01010565",516,114,402
"S01010566",1090,175,915
"S01010567",1074,196,878
"S01010568",996,149,847
"S01010569",927,135,792
"S01010570",1089,227,862
"S01010571",776,113,663
"S01010572",887,159,728
"S01010573",534,92,442
"S01010574",609,90,519
"S01010575",686,100,586
"S01010576",822,146,676
"S01010577",901,158,743
"S01010578",576,92,484
"S01010579",736,116,620
"S01010580",513,98,415
"S01010581",400,45,355
"S01010582",942,156,786
"S01010583",986,122,864
"S01010584",1972,176,1796
"S01010586",474,69,405
"S01010587",590,94,496
"S01010588",300,46,254
"S01010589",620,120,500
"S01010591",626,49,577
"S01010592",509,79,430
"S01010593",2428,200,2228
"S01010596",3603,323,3280
"S01010599",477,57,420
"S01010600",591,107,484
"S01010601",708,175,533
"S01010602",652,73,579
"S01010603",809,136,673
"S01010604",591,87,504
"S01010605",891,158,733
"S01010606",816,150,666
"S01010607",846,129,717
"S01010608",673,134,539
"S01010609",570,98,472
"S01010610",593,109,484
"S01010611",925,182,743
"S01010612",781,117,664
"S01010613",698,171,527
"S01010614",542,116,426
"S01010615",824,100,724
"S01010616",856,138,718
"S01010617",904,114,790
"S01010618",756,72,684
"S01010619",689,106,583
"S01010620",744,132,612
"S01010621",1049,165,884
"S01010622",468,93,375
"S01010623",762,68,694
"S01010624",666,116,550
"S01010625",786,154,632
"S01010626",908,227,681
"S01010627",842,166,676
"S01010628",1011,183,828
"S01010629",977,236,741
"S01010630",416,87,329
"S01010631",786,167,619
"S01010632",844,212,632
"S01010633",1035,245,790
"S01010634",665,158,507
"S01010635",803,168,635
"S01010636",658,114,544
"S01010637",537,134,403
"S01010638",995,290,705
"S01010639",1140,271,869
"S01010640",816,116,700
"S01010641",1015,253,762
"S01010642",978,219,759
"S01010643",741,152,589
"S01010644",602,171,431
"S01010645",287,37,250
"S01010646",669,109,560
"S01010647",696,182,514
"S01010648",651,125,526
"S01010649",593,152,441
"S01010650",612,154,458
"S01010651",674,155,519
"S01010652",825,145,680
"S01010653",742,139,603
"S01010654",763,146,617
"S01010655",916,152,764
"S01010656",475,92,383
"S01010657",639,93,546
"S01010658",732,107,625
"S01010659",792,111,681
"S01010660",608,129,479
"S01010661",578,122,456
"S01010662",614,93,521
"S01010663",817,129,688
"S01010664",974,151,823
"S01010665",954,172,782
"S01010666",946,191,755
"S01010667",545,89,456
"S01010668",1105,205,900
"S01010669",608,113,495
"S01010670",692,123,569
"S01010671",629,94,535
"S01010672",649,132,517
"S01010673",669,144,525
"S01010674",957,142,815
"S01010675",628,129,499
"S01010676",913,158,755
"S01010677",337,51,286
"S01010678",893,199,694
"S01010679",482,123,359
"S01010680",633,153,480
"S01010681",936,173,763
"S01010682",967,145,822
"S01010683",975,210,765
"S01010684",771,172,599
"S01010685",609,139,470
"S01010686",569,127,442
"S01010687",838,193,645
"S01010688",712,114,598
"S01010689",757,197,560
"S01010690",681,155,526
"S01010691",637,99,538
"S01010692",749,136,613
"S01010693",474,97,377
"S01010694",577,173,404
"S01010695",665,103,562
"S01010696",1036,181,855
"S01010697",998,154,844
"S01010698",764,150,614
"S01010699",596,104,492
"S01010700",611,95,516
"S01010701",1063,179,884
"S01010702",833,188,645
"S01010703",1641,280,1361
"S01010704",343,90,253
"S01010705",1046,170,876
"S01010706",411,85,326
"S01010707",856,150,706
"S01010708",547,94,453
"S01010709",745,94,651
"S01010710",766,148,618
"S01010711",672,87,585
"S01010712",727,104,623
"S01010713",799,119,680
"S01010714",748,178,570
"S01010715",701,139,562
"S01010716",888,215,673
"S01010717",621,90,531
"S01010718",945,136,809
"S01010719",680,157,523
"S01010720",734,162,572
"S01010721",633,104,529
"S01010722",867,174,693
"S01010723",901,96,805
"S01010724",887,136,751
"S01010725",691,110,581
"S01010726",921,148,773
"S01010727",491,95,396
"S01010728",675,85,590
"S01010729",723,100,623
"S01010730",845,115,730
"S01010731",906,183,723
"S01010732",840,196,644
"S01010733",580,118,462
"S01010734",937,223,714
"S01010735",644,100,544
"S01010736",245,51,194
"S01010737",1038,254,784
"S01010738",548,121,427
"S01010739",870,174,696
"S01010740",507,134,373
"S01010741",540,84,456
"S01010742",731,148,583
"S01010743",1008,221,787
"S01010744",1166,256,910
"S01010745",612,133,479
"S01010746",1103,185,918
"S01010747",827,159,668
"S01010748",631,127,504
"S01010749",614,115,499
"S01010750",626,131,495
"S01010751",658,170,488
"S01010752",814,158,656
"S01010753",1047,194,853
"S01010754",639,174,465
"S01010755",646,153,493
"S01010756",661,111,550
"S01010757",747,177,570
"S01010758",702,172,530
"S01010759",682,127,555
"S01010760",532,139,393
"S01010761",536,106,430
"S01010762",598,142,456
"S01010763",686,140,546
"S01010764",576,127,449
"S01010765",880,205,675
"S01010766",784,191,593
"S01010767",706,161,545
"S01010768",576,143,433
"S01010769",483,99,384
"S01010770",877,183,694
"S01010771",864,244,620
"S01010772",762,233,529
"S01010773",785,194,591
"S01010774",721,174,547
"S01010775",643,107,536
"S01010776",544,112,432
"S01010777",512,142,370
"S01010778",491,108,383
"S01010779",772,146,626
"S01010780",569,132,437
"S01010781",779,136,643
"S01010782",623,152,471
"S01010783",550,119,431
"S01010784",743,130,613
"S01010785",683,110,573
"S01010786",688,117,571
"S01010787",913,171,742
"S01010788",622,105,517
"S01010789",729,104,625
"S01010790",672,145,527
"S01010791",837,188,649
"S01010792",620,110,510
"S01010793",649,110,539
"S01010794",642,101,541
"S01010795",692,123,569
"S01010796",1119,202,917
"S01010797",762,105,657
"S01010798",694,127,567
"S01010799",896,238,658
"S01010800",731,135,596
"S01010801",616,151,465
"S01010802",565,79,486
"S01010803",611,125,486
"S01010804",588,103,485
"S01010805",853,136,717
"S01010806",916,207,709
"S01010807",570,109,461
"S01010808",553,90,463
"S01010809",771,164,607
"S01010810",490,134,356
"S01010811",704,157,547
"S01010812",541,108,433
"S01010813",539,94,445
"S01010814",631,110,521
"S01010815",450,90,360
"S01010816",541,120,421
"S01010817",1018,138,880
"S01010818",1014,180,834
"S01010819",1044,220,824
"S01010820",989,190,799
"S01010821",597,103,494
"S01010822",772,195,577
"S01010823",493,97,396
"S01010824",321,32,289
"S01010825",1009,114,895
"S01010826",656,88,568
"S01010827",598,85,513
"S01010828",1239,132,1107
"S01010829",789,151,638
"S01010830",556,96,460
"S01010831",598,43,555
"S01010832",1402,202,1200
"S01010833",463,53,410
"S01010834",809,125,684
"S01010835",645,108,537
"S01010836",798,137,661
"S01010837",515,129,386
"S01010838",842,140,702
"S01010839",729,129,600
"S01010840",490,125,365
"S01010841",748,133,615
"S01010842",899,309,590
"S01010843",643,188,455
"S01010844",668,104,564
"S01010845",619,111,508
"S01010846",765,136,629
"S01010847",649,83,566
"S01010848",665,143,522
"S01010849",951,263,688
"S01010850",872,308,564
"S01010851",699,151,548
"S01010852",856,202,654
"S01010853",882,211,671
"S01010854",923,221,702
"S01010855",560,125,435
"S01010856",908,300,608
"S01010857",842,120,722
"S01010858",725,187,538
"S01010859",734,211,523
"S01010860",603,142,461
"S01010861",538,154,384
"S01010862",540,142,398
"S01010863",911,201,710
"S01010864",560,76,484
"S01010865",706,130,576
"S01010866",749,243,506
"S01010867",674,176,498
"S01010868",839,266,573
"S01010869",756,100,656
"S01010870",775,168,607
"S01010871",898,205,693
"S01010872",715,169,546
"S01010873",547,246,301
"S01010874",771,95,676
"S01010875",517,82,435
"S01010876",740,183,557
"S01010877",1011,234,777
"S01010878",1274,369,905
"S01010879",852,166,686
"S01010880",549,148,401
"S01010881",536,149,387
"S01010882",557,87,470
"S01010883",871,175,696
"S01010884",723,207,516
"S01010885",791,256,535
"S01010886",448,109,339
"S01010887",601,233,368
"S01010888",988,266,722
"S01010889",471,178,293
"S01010890",769,348,421
"S01010891",425,195,230
"S01010892",834,322,512
"S01010893",520,225,295
"S01010894",688,216,472
"S01010895",411,143,268
"S01010896",775,246,529
"S01010897",613,157,456
"S01010898",596,162,434
"S01010899",479,79,400
"S01010900",688,147,541
"S01010901",465,141,324
"S01010902",957,260,697
"S01010903",793,286,507
"S01010904",538,158,380
"S01010905",638,127,511
"S01010906",966,179,787
"S01010907",606,61,545
"S01010908",530,137,393
"S01010909",536,119,417
"S01010910",500,130,370
"S01010911",541,207,334
"S01010912",674,274,400
"S01010913",642,116,526
"S01010914",811,135,676
"S01010915",585,87,498
"S01010916",576,179,397
"S01010917",712,200,512
"S01010918",737,200,537
"S01010919",789,220,569
"S01010920",445,137,308
"S01010921",630,174,456
"S01010922",865,270,595
"S01010923",879,216,663
"S01010924",607,160,447
"S01010925",858,205,653
"S01010926",785,202,583
"S01010927",577,153,424
"S01010928",739,194,545
"S01010929",660,181,479
"S01010930",1576,243,1333
"S01010931",517,112,405
"S01010932",455,137,318
"S01010933",864,143,721
"S01010934",1039,142,897
"S01010935",544,136,408
"S01010936",446,99,347
"S01010937",728,133,595
"S01010938",809,195,614
"S01010939",514,83,431
"S01010940",588,74,514
"S01010941",727,98,629
"S01010942",646,82,564
"S01010943",623,107,516
"S01010944",633,175,458
"S01010945",540,97,443
"S01010946",820,171,649
"S01010947",536,112,424
"S01010948",573,119,454
"S01010949",995,181,814
"S01010950",846,176,670
"S01010951",626,91,535
"S01010952",540,69,471
"S01010953",561,96,465
"S01010954",609,57,552
"S01010955",1023,91,932
"S01010956",765,122,643
"S01010957",581,101,480
"S01010958",482,118,364
"S01010959",579,110,469
"S01010960",1508,281,1227
"S01010961",602,128,474
"S01010962",649,204,445
"S01010963",830,103,727
"S01010964",523,117,406
"S01010965",517,119,398
"S01010966",507,146,361
"S01010967",697,166,531
"S01010968",715,145,570
"S01010969",533,156,377
"S01010970",955,192,763
"S01010971",919,116,803
"S01010972",606,135,471
"S01010973",490,106,384
"S01010974",696,186,510
"S01010975",490,128,362
"S01010976",463,155,308
"S01010977",728,158,570
"S01010978",739,186,553
"S01010979",825,148,677
"S01010980",727,147,580
"S01010981",739,182,557
"S01010982",911,187,724
"S01010983",848,192,656
"S01010984",600,127,473
"S01010985",638,107,531
"S01010986",448,40,408
"S01010987",747,67,680
"S01010988",627,47,580
"S01010990",798,166,632
"S01010991",2023,177,1846
"S01010992",181,46,135
"S01010993",754,146,608
"S01010994",1689,295,1394
"S01010995",719,87,632
"S01010996",605,120,485
"S01010997",637,100,537
"S01010998",615,96,519
"S01010999",903,177,726
"S01011000",1331,322,1009
"S01011001",546,109,437
"S01011002",707,188,519
"S01011003",688,147,541
"S01011004",624,102,522
"S01011005",660,165,495
"S01011006",1137,152,985
"S01011007",684,159,525
"S01011008",783,155,628
"S01011009",508,91,417
"S01011010",569,155,414
"S01011011",768,241,527
"S01011012",722,182,540
"S01011013",802,201,601
"S01011014",643,106,537
"S01011015",443,78,365
"S01011017",2297,338,1959
"S01011018",860,165,695
"S01011019",1144,174,970
"S01011020",472,72,400
"S01011021",758,193,565
"S01011022",258,62,196
"S01011023",558,127,431
"S01011024",602,102,500
"S01011025",680,129,551
"S01011026",540,115,425
"S01011027",994,254,740
"S01011028",756,179,577
"S01011029",621,141,480
"S01011030",969,172,797
"S01011031",734,167,567
"S01011032",660,142,518
"S01011033",633,128,505
"S01011034",669,199,470
"S01011035",662,142,520
"S01011036",465,95,370
"S01011037",963,187,776
"S01011038",772,157,615
"S01011039",695,138,557
"S01011040",752,137,615
"S01011041",851,234,617
"S01011042",818,119,699
"S01011043",709,145,564
"S01011044",694,148,546
"S01011045",819,129,690
"S01011046",854,149,705
"S01011047",902,129,773
"S01011048",896,180,716
"S01011049",682,130,552
"S01011050",802,129,673
"S01011051",1268,247,1021
"S01011052",856,178,678
"S01011053",505,79,426
"S01011054",536,89,447
"S01011055",568,88,480
"S01011056",820,137,683
"S01011057",579,92,487
"S01011058",638,110,528
"S01011059",635,101,534
"S01011060",907,245,662
"S01011061",845,156,689
"S01011062",917,164,753
"S01011063",1036,213,823
"S01011064",908,152,756
"S01011065",729,141,588
"S01011066",509,104,405
"S01011067",579,131,448
"S01011068",537,84,453
"S01011069",578,127,451
"S01011070",488,78,410
"S01011071",843,174,669
"S01011072",1000,146,854
"S01011073",784,161,623
"S01011074",607,96,511
"S01011075",718,135,583
"S01011076",657,147,510
"S01011077",777,131,646
"S01011078",1011,199,812
"S01011079",1192,211,981
"S01011080",980,225,755
"S01011081",824,146,678
"S01011082",527,161,366
"S01011083",645,138,507
"S01011084",774,132,642
"S01011085",808,151,657
"S01011086",641,142,499
"S01011087",584,130,454
"S01011088",983,188,795
"S01011089",655,135,520
"S01011090",717,136,581
"S01011091",621,78,543
"S01011093",2807,293,2514
"S01011094",641,127,514
"S01011095",691,107,584
"S01011096",430,71,359
"S01011097",868,125,743
"S01011098",829,148,681
"S01011099",819,124,695
"S01011100",378,90,288
"S01011101",626,119,507
"S01011102",803,164,639
"S01011103",413,91,322
"S01011104",704,250,454
"S01011105",799,154,645
"S01011106",988,84,904
"S01011108",547,94,453
"S01011109",807,132,675
"S01011110",702,121,581
"S01011111",880,189,691
"S01011113",1152,250,902
"S01011114",713,88,625
"S01011115",902,202,700
"S01011116",517,78,439
"S01011117",744,128,616
"S01011118",886,177,709
"S01011119",931,178,753
"S01011120",674,134,540
"S01011121",520,117,403
"S01011122",647,97,550
"S01011123",1018,179,839
"S01011124",661,95,566
"S01011125",492,86,406
"S01011126",605,103,502
"S01011127",536,28,508
"S01011128",718,128,590
"S01011129",848,109,739
"S01011130",686,166,520
"S01011131",637,110,527
"S01011132",898,133,765
"S01011133",445,97,348
"S01011134",746,161,585
"S01011135",674,119,555
"S01011136",658,144,514
"S01011137",502,65,437
"S01011138",641,103,538
"S01011139",663,69,594
"S01011140",537,104,433
"S01011141",558,94,464
"S01011142",1993,147,1846
"S01011143",955,163,792
"S01011144",769,143,626
"S01011145",960,171,789
"S01011146",568,100,468
"S01011147",1005,172,833
"S01011148",869,124,745
"S01011149",750,63,687
"S01011150",392,22,370
"S01011151",578,51,527
"S01011152",620,115,505
"S01011153",1069,230,839
"S01011154",474,130,344
"S01011155",730,194,536
"S01011156",565,83,482
"S01011157",576,94,482
"S01011158",508,117,391
"S01011159",545,154,391
"S01011160",909,154,755
"S01011161",637,103,534
"S01011162",497,64,433
"S01011163",625,116,509
"S01011164",932,168,764
"S01011165",764,178,586
"S01011166",513,98,415
"S01011167",725,142,583
"S01011168",845,113,732
"S01011169",963,101,862
"S01011170",911,172,739
"S01011171",905,154,751
"S01011172",752,167,585
"S01011173",601,152,449
"S01011174",523,150,373
"S01011175",532,151,381
"S01011176",475,108,367
"S01011177",872,178,694
"S01011178",514,110,404
"S01011179",399,105,294
"S01011180",670,172,498
"S01011181",1511,207,1304
"S01011182",511,106,405
"S01011183",571,102,469
"S01011184",1035,137,898
"S01011185",680,142,538
"S01011186",848,224,624
"S01011187",665,108,557
"S01011188",951,195,756
"S01011189",820,202,618
"S01011190",475,135,340
"S01011191",708,141,567
"S01011192",778,139,639
"S01011193",703,139,564
"S01011194",727,143,584
"S01011195",631,98,533
"S01011196",903,218,685
"S01011197",871,213,658
"S01011198",624,138,486
"S01011199",781,177,604
"S01011200",740,165,575
"S01011201",586,135,451
"S01011202",844,201,643
"S01011203",806,185,621
"S01011204",555,85,470
"S01011206",734,102,632
"S01011207",757,197,560
"S01011208",907,103,804
"S01011209",633,142,491
"S01011210",502,88,414
"S01011211",702,101,601
"S01011212",548,117,431
"S01011213",989,206,783
"S01011214",1144,320,824
"S01011215",485,140,345
"S01011216",482,107,375
"S01011217",799,201,598
"S01011218",639,142,497
"S01011219",682,185,497
"S01011220",889,240,649
"S01011221",947,205,742
"S01011222",662,155,507
"S01011223",796,170,626
"S01011224",681,218,463
"S01011225",758,201,557
"S01011226",1003,257,746
"S01011227",709,160,549
"S01011228",768,203,565
"S01011229",535,178,357
"S01011230",980,395,585
"S01011231",604,195,409
"S01011232",915,219,696
"S01011233",348,87,261
"S01011234",1031,253,778
"S01011235",525,144,381
"S01011236",416,132,284
"S01011237",839,193,646
"S01011238",644,173,471
"S01011239",717,241,476
"S01011240",690,235,455
"S01011241",974,308,666
"S01011242",775,222,553
"S01011243",881,274,607
"S01011244",666,195,471
"S01011245",848,257,591
"S01011246",842,206,636
"S01011247",826,226,600
"S01011248",739,144,595
"S01011249",723,109,614
"S01011250",916,178,738
"S01011251",871,206,665
"S01011252",825,181,644
"S01011253",855,222,633
"S01011254",955,126,829
"S01011255",428,45,383
"S01011256",497,40,457
"S01011257",408,95,313
"S01011258",576,120,456
"S01011259",763,213,550
"S01011260",718,170,548
"S01011261",809,186,623
"S01011262",495,130,365
"S01011263",898,232,666
"S01011264",688,138,550
"S01011265",900,203,697
"S01011266",908,229,679
"S01011267",485,106,379
"S01011268",226,48,178
"S01011269",594,175,419
"S01011270",680,174,506
"S01011271",821,258,563
"S01011272",728,206,522
"S01011273",901,152,749
"S01011274",888,188,700
"S01011275",711,143,568
"S01011276",978,218,760
"S01011277",546,83,463
"S01011278",494,57,437
"S01011279",651,132,519
"S01011280",590,101,489
"S01011281",645,83,562
"S01011282",918,120,798
"S01011283",737,64,673
"S01011285",729,158,571
"S01011286",637,142,495
"S01011287",807,186,621
"S01011288",757,155,602
"S01011289",821,206,615
"S01011290",1166,402,764
"S01011291",768,208,560
"S01011292",827,226,601
"S01011293",736,189,547
"S01011294",780,288,492
"S01011295",946,178,768
"S01011296",556,158,398
"S01011297",839,186,653
"S01011298",642,117,525
"S01011299",494,91,403
"S01011300",944,223,721
"S01011301",641,103,538
"S01011302",856,314,542
"S01011303",877,163,714
"S01011304",708,130,578
"S01011305",829,155,674
"S01011306",590,132,458
"S01011307",2339,279,2060
"S01011308",542,88,454
"S01011309",718,142,576
"S01011310",706,139,567
"S01011311",690,145,545
"S01011312",1103,200,903
"S01011313",735,167,568
"S01011314",1097,190,907
"S01011315",300,81,219
"S01011316",748,165,583
"S01011317",827,244,583
"S01011318",964,243,721
"S01011319",867,203,664
"S01011320",522,152,370
"S01011321",596,90,506
"S01011322",634,81,553
"S01011323",951,204,747
"S01011324",449,97,352
"S01011325",737,225,512
"S01011326",747,235,512
"S01011327",678,257,421
"S01011328",698,173,525
"S01011329",914,243,671
"S01011330",754,137,617
"S01011331",561,130,431
"S01011332",900,190,710
"S01011333",733,175,558
"S01011334",1237,161,1076
"S01011335",935,201,734
"S01011336",617,126,491
"S01011337",682,119,563
"S01011338",522,85,437
"S01011339",449,97,352
"S01011340",694,176,518
"S01011341",721,150,571
"S01011342",702,117,585
"S01011343",965,251,714
"S01011344",744,187,557
"S01011345",794,151,643
"S01011346",678,166,512
"S01011347",1117,284,833
"S01011348",921,212,709
"S01011349",923,127,796
"S01011350",669,137,532
"S01011351",696,194,502
"S01011352",651,158,493
"S01011353",650,176,474
"S01011354",730,142,588
"S01011355",964,225,739
"S01011356",962,148,814
"S01011357",852,213,639
"S01011358",547,68,479
"S01011359",737,243,494
"S01011360",756,125,631
"S01011361",398,87,311
"S01011362",1303,276,1027
"S01011363",786,225,561
"S01011364",659,115,544
"S01011365",648,63,585
"S01011366",498,203,295
"S01011367",840,211,629
"S01011368",1429,97,1332
"S01011369",811,179,632
"S01011370",225,55,170
"S01011371",844,201,643
"S01011372",667,176,491
"S01011373",674,148,526
"S01011374",694,82,612
"S01011375",726,129,597
"S01011376",475,162,313
"S01011377",594,93,501
"S01011378",793,184,609
"S01011379",902,121,781
"S01011380",670,154,516
"S01011381",617,137,480
"S01011382",396,97,299
"S01011383",686,265,421
"S01011384",734,177,557
"S01011385",957,257,700
"S01011386",648,167,481
"S01011387",834,237,597
"S01011388",332,71,261
"S01011389",1512,268,1244
"S01011390",604,155,449
"S01011391",450,103,347
"S01011392",680,139,541
"S01011393",612,167,445
"S01011394",613,64,549
"S01011395",737,240,497
"S01011396",779,252,527
"S01011397",823,255,568
"S01011398",779,213,566
"S01011399",508,123,385
"S01011400",396,102,294
"S01011401",647,177,470
"S01011402",954,291,663
"S01011403",534,94,440
"S01011404",924,254,670
"S01011405",635,132,503
"S01011406",537,126,411
"S01011407",1105,250,855
"S01011408",827,198,629
"S01011409",839,201,638
"S01011410",628,149,479
"S01011411",488,99,389
"S01011412",777,171,606
"S01011413",443,42,401
"S01011414",827,184,643
"S01011415",872,176,696
"S01011416",626,80,546
"S01011417",712,205,507
"S01011418",552,174,378
"S01011419",558,162,396
"S01011420",491,137,354
"S01011421",506,74,432
"S01011422",467,135,332
"S01011423",570,149,421
"S01011424",560,135,425
"S01011425",779,186,593
"S01011426",1852,341,1511
"S01011427",471,137,334
"S01011428",275,70,205
"S01011429",1835,347,1488
"S01011430",859,178,681
"S01011431",1033,319,714
"S01011432",960,214,746
"S01011433",909,159,750
"S01011434",503,124,379
"S01011435",1015,192,823
"S01011436",630,164,466
"S01011437",731,205,526
"S01011438",544,120,424
"S01011439",1262,333,929
"S01011440",503,127,376
"S01011441",841,212,629
"S01011442",605,192,413
"S01011443",456,146,310
"S01011444",624,163,461
"S01011445",379,100,279
"S01011446",3508,483,3025
"S01011447",821,197,624
"S01011448",732,151,581
"S01011449",336,111,225
"S01011450",652,118,534
"S01011451",2446,313,2133
"S01011452",947,176,771
"S01011453",728,166,562
"S01011454",802,179,623
"S01011455",746,193,553
"S01011456",814,223,591
"S01011457",917,202,715
"S01011458",1114,125,989
"S01011459",390,96,294
"S01011460",847,165,682
"S01011461",578,120,458
"S01011462",806,173,633
"S01011463",670,135,535
"S01011464",1486,107,1379
"S01011465",547,124,423
"S01011466",592,163,429
"S01011467",539,92,447
"S01011468",141,10,131
"S01011469",859,163,696
"S01011470",958,277,681
"S01011471",953,256,697
"S01011472",796,235,561
"S01011473",787,298,489
"S01011474",694,257,437
"S01011475",605,228,377
"S01011476",487,64,423
"S01011477",851,102,749
"S01011478",1060,155,905
"S01011479",733,143,590
"S01011480",1030,149,881
"S01011481",812,134,678
"S01011482",895,235,660
"S01011483",531,78,453
"S01011484",865,234,631
"S01011485",965,259,706
"S01011486",569,155,414
"S01011487",873,212,661
"S01011488",697,182,515
"S01011489",750,86,664
"S01011490",1448,355,1093
"S01011491",514,124,390
"S01011492",760,164,596
"S01011493",545,39,506
"S01011494",633,152,481
"S01011495",713,181,532
"S01011496",642,145,497
"S01011497",617,72,545
"S01011498",672,58,614
"S01011499",610,111,499
"S01011500",512,119,393
"S01011501",673,186,487
"S01011502",573,138,435
"S01011503",823,174,649
"S01011504",898,199,699
"S01011505",633,148,485
"S01011506",738,169,569
"S01011507",612,161,451
"S01011508",962,151,811
"S01011509",610,120,490
"S01011510",887,185,702
"S01011511",524,131,393
"S01011512",1160,253,907
"S01011513",774,195,579
"S01011514",1085,243,842
"S01011515",522,96,426
"S01011516",887,106,781
"S01011517",565,137,428
"S01011518",530,186,344
"S01011519",781,179,602
"S01011520",596,169,427
"S01011521",758,175,583
"S01011522",956,269,687
"S01011523",815,169,646
"S01011524",890,167,723
"S01011525",975,244,731
"S01011526",1121,222,899
"S01011527",602,102,500
"S01011528",974,269,705
"S01011529",443,123,320
"S01011530",856,241,615
"S01011531",707,224,483
"S01011532",1147,111,1036
"S01011533",753,282,471
"S01011534",696,147,549
"S01011535",1089,351,738
"S01011536",674,91,583
"S01011537",530,58,472
"S01011538",506,69,437
"S01011539",738,195,543
"S01011540",1052,242,810
"S01011541",937,191,746
"S01011542",1626,304,1322
"S01011543",810,177,633
"S01011544",673,191,482
"S01011545",572,153,419
"S01011546",747,57,690
"S01011547",609,53,556
"S01011548",746,176,570
"S01011549",801,147,654
"S01011550",714,99,615
"S01011551",548,124,424
"S01011552",1217,245,972
"S01011554",872,235,637
"S01011555",291,58,233
"S01011556",397,97,300
"S01011557",561,129,432
"S01011558",436,88,348
"S01011559",620,162,458
"S01011560",757,186,571
"S01011561",450,128,322
"S01011562",526,94,432
"S01011563",883,213,670
"S01011564",570,155,415
"S01011565",952,181,771
"S01011566",616,143,473
"S01011567",965,298,667
"S01011568",847,170,677
"S01011569",1051,252,799
"S01011570",633,193,440
"S01011571",537,186,351
"S01011572",700,166,534
"S01011573",1084,200,884
"S01011574",1100,185,915
"S01011575",228,68,160
"S01011576",897,359,538
"S01011577",628,141,487
"S01011578",845,185,660
"S01011579",556,97,459
"S01011580",766,156,610
"S01011581",688,265,423
"S01011582",1033,189,844
"S01011583",672,136,536
"S01011584",708,177,531
"S01011585",719,187,532
"S01011586",578,151,427
"S01011587",428,90,338
"S01011588",792,187,605
"S01011589",2040,320,1720
"S01011590",689,179,510
"S01011591",597,186,411
"S01011592",705,182,523
"S01011593",717,160,557
"S01011594",438,123,315
"S01011595",518,90,428
"S01011596",997,216,781
"S01011597",611,166,445
"S01011598",785,249,536
"S01011599",823,198,625
"S01011600",973,247,726
"S01011601",766,63,703
"S01011602",490,134,356
"S01011603",791,272,519
"S01011604",690,157,533
"S01011605",844,224,620
"S01011606",604,48,556
"S01011607",569,73,496
"S01011608",945,120,825
"S01011609",970,267,703
"S01011610",679,181,498
"S01011611",694,168,526
"S01011613",1366,285,1081
"S01011614",296,67,229
"S01011615",728,162,566
"S01011616",423,129,294
"S01011617",752,198,554
"S01011618",654,139,515
"S01011619",892,123,769
"S01011620",703,64,639
"S01011621",781,128,653
"S01011622",160,31,129
"S01011623",703,180,523
"S01011624",722,107,615
"S01011625",428,82,346
"S01011626",448,42,406
"S01011627",733,63,670
"S01011628",1289,203,1086
"S01011629",629,140,489
"S01011630",744,182,562
"S01011631",628,155,473
"S01011632",754,174,580
"S01011633",631,142,489
"S01011634",565,137,428
"S01011635",303,67,236
"S01011636",720,163,557
"S01011637",686,171,515
"S01011638",483,140,343
"S01011639",590,151,439
"S01011640",674,165,509
"S01011641",476,93,383
"S01011642",705,114,591
"S01011643",732,136,596
"S01011644",557,150,407
"S01011645",640,156,484
"S01011646",696,108,588
"S01011647",878,97,781
"S01011648",958,147,811
"S01011649",238,52,186
"S01011650",721,130,591
"S01011651",926,204,722
"S01011652",760,135,625
"S01011653",1035,223,812
"S01011654",983,259,724
"S01011655",846,241,605
"S01011656",273,92,181
"S01011657",514,129,385
"S01011658",655,157,498
"S01011659",808,202,606
"S01011660",753,126,627
"S01011661",516,121,395
"S01011662",555,61,494
"S01011663",811,144,667
"S01011664",1044,296,748
"S01011665",850,237,613
"S01011666",853,256,597
"S01011667",632,186,446
"S01011668",1042,234,808
"S01011669",630,144,486
"S01011670",536,103,433
"S01011671",680,170,510
"S01011672",604,153,451
"S01011673",661,165,496
"S01011674",626,166,460
"S01011675",802,212,590
"S01011676",699,181,518
"S01011678",464,141,323
"S01011679",205,33,172
"S01011680",1100,290,810
"S01011681",847,200,647
"S01011682",1763,348,1415
"S01011683",1186,262,924
"S01011684",406,107,299
"S01011685",1210,170,1040
"S01011686",689,115,574
"S01011687",1265,265,1000
"S01011688",1075,218,857
"S01011689",667,99,568
"S01011690",983,139,844
"S01011691",176,33,143
"S01011692",1074,281,793
"S01011693",683,128,555
"S01011695",3865,610,3255
"S01011697",1029,136,893
"S01011698",643,163,480
"S01011699",911,143,768
"S01011700",759,184,575
"S01011701",905,127,778
"S01011702",733,171,562
"S01011703",1184,175,1009
"S01011704",576,72,504
"S01011705",650,134,516
"S01011706",1028,280,748
"S01011707",713,118,595
"S01011708",764,192,572
"S01011709",1018,229,789
"S01011710",647,126,521
"S01011711",683,197,486
"S01011712",460,117,343
"S01011713",671,177,494
"S01011714",485,38,447
"S01011715",633,159,474
"S01011716",917,115,802
"S01011717",710,141,569
"S01011718",881,86,795
"S01011719",634,43,591
"S01011720",529,94,435
"S01011721",716,165,551
"S01011722",579,141,438
"S01011723",799,207,592
"S01011724",733,98,635
"S01011725",634,56,578
"S01011726",444,48,396
"S01011728",929,166,763
"S01011729",710,178,532
"S01011730",844,191,653
"S01011731",866,205,661
"S01011732",785,110,675
"S01011733",851,201,650
"S01011734",751,166,585
"S01011735",736,135,601
"S01011736",770,125,645
"S01011737",640,114,526
"S01011738",1371,289,1082
"S01011739",502,110,392
"S01011740",899,206,693
"S01011741",657,161,496
"S01011742",758,131,627
"S01011743",797,151,646
"S01011744",849,215,634
"S01011745",711,257,454
"S01011746",539,119,420
"S01011747",992,214,778
"S01011748",878,149,729
"S01011749",769,140,629
"S01011750",876,202,674
"S01011751",972,202,770
"S01011752",921,173,748
"S01011753",777,138,639
"S01011754",764,176,588
"S01011755",939,192,747
"S01011756",879,166,713
"S01011757",731,185,546
"S01011758",624,120,504
"S01011759",728,176,552
"S01011760",884,195,689
"S01011761",720,118,602
"S01011762",656,132,524
"S01011763",676,170,506
"S01011764",277,52,225
"S01011765",974,122,852
"S01011766",610,109,501
"S01011767",848,233,615
"S01011768",738,175,563
"S01011769",639,190,449
"S01011770",808,224,584
"S01011771",667,73,594
"S01011772",882,108,774
"S01011773",596,41,555
"S01011774",941,137,804
"S01011775",904,72,832
"S01011776",295,22,273
"S01011777",645,82,563
"S01011778",634,88,546
"S01011779",793,118,675
"S01011780",939,124,815
"S01011781",584,74,510
"S01011782",683,125,558
"S01011783",575,88,487
"S01011784",793,183,610
"S01011785",873,218,655
"S01011787",953,237,716
"S01011788",381,30,351
"S01011789",3487,486,3001
"S01011790",998,209,789
"S01011791",735,203,532
"S01011792",888,303,585
"S01011793",685,172,513
"S01011794",884,231,653
"S01011795",490,133,357
"S01011796",658,137,521
"S01011797",592,112,480
"S01011798",384,98,286
"S01011799",918,158,760
"S01011800",685,149,536
"S01011801",459,95,364
"S01011802",731,173,558
"S01011803",1426,270,1156
"S01011804",457,122,335
"S01011805",459,75,384
"S01011806",964,172,792
"S01011807",1102,196,906
"S01011808",623,125,498
"S01011809",719,128,591
"S01011810",942,195,747
"S01011811",937,151,786
"S01011812",669,123,546
"S01011813",760,122,638
"S01011814",721,118,603
"S01011815",816,94,722
"S01011816",638,95,543
"S01011817",1144,169,975
"S01011818",978,153,825
"S01011819",836,164,672
"S01011820",599,167,432
"S01011821",310,59,251
"S01011822",712,146,566
"S01011823",608,118,490
"S01011824",703,113,590
"S01011825",535,100,435
"S01011826",654,115,539
"S01011827",414,107,307
"S01011828",909,185,724
"S01011829",409,82,327
"S01011830",456,89,367
"S01011831",524,124,400
"S01011832",838,196,642
"S01011833",1016,170,846
"S01011834",538,56,482
"S01011835",685,81,604
"S01011836",615,98,517
"S01011837",798,154,644
"S01011838",687,94,593
"S01011839",1259,182,1077
"S01011840",669,107,562
"S01011841",950,187,763
"S01011842",966,194,772
"S01011843",988,139,849
"S01011844",786,139,647
"S01011845",857,137,720
"S01011846",869,133,736
"S01011847",429,55,374
"S01011848",727,116,611
"S01011849",813,115,698
"S01011850",750,85,665
"S01011851",898,165,733
"S01011852",1012,205,807
"S01011853",708,100,608
"S01011854",810,175,635
"S01011855",848,167,681
"S01011856",636,105,531
"S01011857",1077,209,868
"S01011858",1016,215,801
"S01011859",839,233,606
"S01011860",877,124,753
"S01011861",616,121,495
"S01011862",903,166,737
"S01011863",746,206,540
"S01011864",722,118,604
"S01011865",613,143,470
"S01011866",817,138,679
"S01011867",574,141,433
"S01011868",887,158,729
"S01011869",773,151,622
"S01011870",696,145,551
"S01011871",1089,153,936
"S01011872",1057,145,912
"S01011873",812,94,718
"S01011874",419,56,363
"S01011875",672,144,528
"S01011876",958,155,803
"S01011877",546,102,444
"S01011878",1073,192,881
"S01011879",431,53,378
"S01011880",712,106,606
"S01011881",555,125,430
"S01011882",941,220,721
"S01011883",1683,190,1493
"S01011884",903,124,779
"S01011885",689,89,600
"S01011886",674,116,558
"S01011887",594,99,495
"S01011888",719,121,598
"S01011889",835,197,638
"S01011890",708,138,570
"S01011891",1260,288,972
"S01011892",981,115,866
"S01011893",698,131,567
"S01011894",1074,154,920
"S01011895",664,158,506
"S01011896",866,148,718
"S01011897",1027,151,876
"S01011898",470,53,417
"S01011899",779,99,680
"S01011900",735,102,633
"S01011901",999,124,875
"S01011902",966,189,777
"S01011903",798,144,654
"S01011904",819,168,651
"S01011905",804,101,703
"S01011906",425,52,373
"S01011907",745,109,636
"S01011908",376,46,330
"S01011909",1036,69,967
"S01011910",910,170,740
"S01011911",641,135,506
"S01011912",727,169,558
"S01011913",739,161,578
"S01011914",878,136,742
"S01011915",811,168,643
"S01011916",592,131,461
"S01011917",510,127,383
"S01011918",626,131,495
"S01011919",890,139,751
"S01011920",622,130,492
"S01011921",594,116,478
"S01011922",768,150,618
"S01011923",1315,253,1062
"S01011924",454,83,371
"S01011925",758,52,706
"S01011926",656,123,533
"S01011927",613,135,478
"S01011928",704,144,560
"S01011929",621,135,486
"S01011930",709,143,566
"S01011931",625,127,498
"S01011932",497,92,405
"S01011933",538,80,458
"S01011934",1199,287,912
"S01011935",966,161,805
"S01011936",548,75,473
"S01011937",667,145,522
"S01011938",682,125,557
"S01011939",737,138,599
"S01011940",559,104,455
"S01011941",591,93,498
"S01011942",849,196,653
"S01011943",1166,266,900
"S01011944",444,71,373
"S01011945",827,145,682
"S01011946",804,166,638
"S01011947",490,103,387
"S01011948",1159,303,856
"S01011949",715,166,549
"S01011950",886,248,638
"S01011951",678,112,566
"S01011953",754,97,657
"S01011954",382,74,308
"S01011955",975,224,751
"S01011956",1033,135,898
"S01011957",900,141,759
"S01011958",1566,256,1310
"S01011959",1003,209,794
"S01011960",802,95,707
"S01011961",734,106,628
"S01011962",882,93,789
"S01011963",328,85,243
"S01011964",983,170,813
"S01011965",900,175,725
"S01011966",842,138,704
"S01011967",1155,192,963
"S01011968",893,159,734
"S01011969",807,176,631
"S01011970",990,163,827
"S01011971",577,91,486
"S01011972",1243,228,1015
"S01011973",656,133,523
"S01011974",872,143,729
"S01011975",452,83,369
"S01011976",780,150,630
"S01011977",1129,251,878
"S01011978",693,178,515
"S01011979",1014,176,838
"S01011980",467,64,403
"S01011981",945,155,790
"S01011982",943,161,782
"S01011983",731,140,591
"S01011984",678,162,516
"S01011985",869,196,673
"S01011986",666,155,511
"S01011987",797,164,633
"S01011988",665,203,462
"S01011989",866,152,714
"S01011990",684,159,525
"S01011991",710,140,570
"S01011992",886,211,675
"S01011993",944,219,725
"S01011994",712,171,541
"S01011995",1072,137,935
"S01011996",410,77,333
"S01011997",886,167,719
"S01011998",545,80,465
"S01011999",621,98,523
"S01012000",454,58,396
"S01012001",507,92,415
"S01012002",561,159,402
"S01012003",529,91,438
"S01012004",880,198,682
"S01012005",770,99,671
"S01012006",1229,135,1094
"S01012007",813,196,617
"S01012008",973,162,811
"S01012009",853,142,711
"S01012010",1222,253,969
"S01012011",1122,200,922
"S01012012",647,158,489
"S01012013",614,94,520
"S01012014",846,195,651
"S01012015",984,156,828
"S01012016",852,136,716
"S01012017",506,94,412
"S01012018",876,142,734
"S01012019",846,132,714
"S01012020",698,178,520
"S01012021",565,88,477
"S01012022",660,123,537
"S01012023",539,101,438
"S01012024",868,113,755
"S01012025",690,140,550
"S01012026",116,22,94
"S01012027",2003,394,1609
"S01012028",932,132,800
"S01012029",1330,450,880
"S01012030",1289,171,1118
"S01012031",225,42,183
"S01012032",353,61,292
"S01012033",800,189,611
"S01012034",825,148,677
"S01012035",923,170,753
"S01012036",846,149,697
"S01012037",996,228,768
"S01012038",932,202,730
"S01012039",956,238,718
"S01012040",519,96,423
"S01012041",914,195,719
"S01012042",917,204,713
"S01012043",926,191,735
"S01012044",892,309,583
"S01012045",1069,275,794
"S01012046",686,197,489
"S01012047",932,288,644
"S01012048",769,238,531
"S01012049",660,147,513
"S01012050",684,90,594
"S01012051",929,231,698
"S01012052",866,220,646
"S01012053",903,207,696
"S01012054",725,163,562
"S01012055",981,284,697
"S01012056",785,178,607
"S01012057",773,158,615
"S01012058",728,136,592
"S01012059",870,250,620
"S01012060",865,233,632
"S01012061",978,193,785
"S01012062",846,119,727
"S01012063",547,81,466
"S01012064",653,153,500
"S01012065",624,168,456
"S01012066",852,167,685
"S01012067",534,144,390
"S01012068",479,160,319
"S01012069",538,165,373
"S01012070",710,226,484
"S01012071",1057,299,758
"S01012072",1107,320,787
"S01012073",705,94,611
"S01012074",715,89,626
"S01012075",724,59,665
"S01012076",722,182,540
"S01012077",751,141,610
"S01012078",977,206,771
"S01012079",917,243,674
"S01012080",809,150,659
"S01012081",674,160,514
"S01012082",534,151,383
"S01012083",812,290,522
"S01012084",577,93,484
"S01012085",677,138,539
"S01012086",1004,248,756
"S01012087",720,195,525
"S01012088",740,92,648
"S01012089",842,121,721
"S01012090",902,132,770
"S01012091",537,81,456
"S01012092",506,72,434
"S01012093",535,90,445
"S01012094",788,150,638
"S01012095",781,104,677
"S01012096",871,236,635
"S01012097",566,138,428
"S01012098",628,129,499
"S01012099",1052,340,712
"S01012100",1332,318,1014
"S01012101",672,88,584
"S01012102",670,119,551
"S01012103",925,150,775
"S01012104",924,81,843
"S01012105",1126,187,939
"S01012106",1101,130,971
"S01012107",692,152,540
"S01012108",908,357,551
"S01012109",922,210,712
"S01012110",585,178,407
"S01012111",558,133,425
"S01012112",846,266,580
"S01012113",990,239,751
"S01012114",982,117,865
"S01012115",517,132,385
"S01012116",493,115,378
"S01012117",466,40,426
"S01012118",1100,121,979
"S01012119",900,150,750
"S01012120",583,126,457
"S01012121",953,278,675
"S01012122",772,181,591
"S01012123",518,103,415
"S01012124",503,83,420
"S01012125",782,219,563
"S01012126",849,142,707
"S01012127",850,154,696
"S01012128",453,78,375
"S01012129",669,183,486
"S01012130",1068,372,696
"S01012131",1106,272,834
"S01012132",686,161,525
"S01012133",903,121,782
"S01012134",1183,281,902
"S01012135",1031,260,771
"S01012136",682,184,498
"S01012137",671,212,459
"S01012138",792,177,615
"S01012139",940,240,700
"S01012140",710,93,617
"S01012141",1014,157,857
"S01012142",952,163,789
"S01012143",869,165,704
"S01012144",967,191,776
"S01012145",909,136,773
"S01012146",745,232,513
"S01012147",753,214,539
"S01012148",756,204,552
"S01012149",855,187,668
"S01012150",778,210,568
"S01012151",499,148,351
"S01012152",744,226,518
"S01012153",932,248,684
"S01012154",617,153,464
"S01012155",546,158,388
"S01012156",606,208,398
"S01012157",989,184,805
"S01012158",1147,148,999
"S01012159",503,100,403
"S01012160",662,112,550
"S01012161",457,111,346
"S01012162",956,216,740
"S01012163",761,157,604
"S01012164",1098,87,1011
"S01012165",921,207,714
"S01012166",604,111,493
"S01012167",788,177,611
"S01012168",966,211,755
"S01012169",733,199,534
"S01012170",975,322,653
"S01012171",932,205,727
"S01012172",744,165,579
"S01012173",710,203,507
"S01012174",962,106,856
"S01012175",818,118,700
"S01012176",841,140,701
"S01012177",617,110,507
"S01012178",519,74,445
"S01012179",607,138,469
"S01012180",573,167,406
"S01012181",757,202,555
"S01012182",2301,388,1913
"S01012183",231,48,183
"S01012185",704,151,553
"S01012186",706,193,513
"S01012187",669,189,480
"S01012188",680,186,494
"S01012189",1053,163,890
"S01012190",84,10,74
"S01012191",872,117,755
"S01012192",390,48,342
"S01012193",562,49,513
"S01012194",561,45,516
"S01012195",1027,149,878
"S01012196",573,64,509
"S01012197",726,178,548
"S01012198",933,257,676
"S01012199",584,132,452
"S01012200",647,148,499
"S01012201",770,172,598
"S01012202",598,107,491
"S01012203",701,122,579
"S01012204",789,75,714
"S01012205",675,91,584
"S01012206",846,106,740
"S01012207",926,207,719
"S01012208",1057,219,838
"S01012209",737,161,576
"S01012210",790,216,574
"S01012211",715,159,556
"S01012212",762,125,637
"S01012213",808,103,705
"S01012214",681,105,576
"S01012215",843,114,729
"S01012216",709,83,626
"S01012217",463,122,341
"S01012218",425,85,340
"S01012219",846,262,584
"S01012220",629,218,411
"S01012221",628,176,452
"S01012222",789,240,549
"S01012223",722,200,522
"S01012224",767,146,621
"S01012225",1132,235,897
"S01012226",731,135,596
"S01012227",669,109,560
"S01012228",693,142,551
"S01012229",684,116,568
"S01012230",911,100,811
"S01012231",831,75,756
"S01012232",868,99,769
"S01012233",953,114,839
"S01012234",1082,114,968
"S01012235",457,81,376
"S01012236",610,104,506
"S01012237",956,106,850
"S01012238",604,147,457
"S01012239",586,147,439
"S01012240",842,205,637
"S01012241",569,71,498
"S01012242",800,89,711
"S01012243",489,77,412
"S01012244",1092,124,968
"S01012245",603,124,479
"S01012246",813,78,735
"S01012247",742,112,630
"S01012248",821,110,711
"S01012249",863,131,732
"S01012250",941,129,812
"S01012251",1121,211,910
"S01012252",554,98,456
"S01012253",874,207,667
"S01012254",754,113,641
"S01012255",768,188,580
"S01012256",629,89,540
"S01012257",1096,137,959
"S01012258",596,90,506
"S01012259",606,90,516
"S01012260",717,176,541
"S01012261",344,41,303
"S01012262",1983,204,1779
"S01012263",557,99,458
"S01012264",472,83,389
"S01012265",788,151,637
"S01012266",1060,232,828
"S01012267",711,118,593
"S01012268",1072,169,903
"S01012269",854,155,699
"S01012270",777,139,638
"S01012271",1504,214,1290
"S01012272",367,67,300
"S01012273",1109,173,936
"S01012274",786,120,666
"S01012275",807,132,675
"S01012276",953,207,746
"S01012277",832,144,688
"S01012278",719,211,508
"S01012279",584,105,479
"S01012280",933,168,765
"S01012281",704,128,576
"S01012282",1241,220,1021
"S01012283",752,145,607
"S01012284",779,171,608
"S01012285",537,120,417
"S01012286",1143,195,948
"S01012287",671,162,509
"S01012288",984,194,790
"S01012289",744,139,605
"S01012290",289,74,215
"S01012291",695,89,606
"S01012292",1140,228,912
"S01012293",477,102,375
"S01012294",870,180,690
"S01012295",754,102,652
"S01012296",380,44,336
"S01012297",1169,123,1046
"S01012298",739,134,605
"S01012299",621,88,533
"S01012300",294,72,222
"S01012301",840,146,694
"S01012302",787,158,629
"S01012303",1158,163,995
"S01012304",1080,192,888
"S01012305",698,152,546
"S01012306",594,128,466
"S01012307",416,102,314
"S01012308",601,103,498
"S01012309",426,105,321
"S01012310",1281,228,1053
"S01012311",578,164,414
"S01012312",1008,197,811
"S01012313",761,149,612
"S01012314",851,180,671
"S01012315",733,225,508
"S01012316",693,174,519
"S01012317",181,27,154
"S01012318",792,144,648
"S01012319",1008,155,853
"S01012320",687,125,562
"S01012321",599,128,471
"S01012322",753,140,613
"S01012323",1273,227,1046
"S01012324",917,200,717
"S01012325",590,146,444
"S01012326",482,116,366
"S01012327",874,180,694
"S01012328",417,98,319
"S01012329",960,195,765
"S01012330",474,95,379
"S01012331",494,80,414
"S01012332",1275,153,1122
"S01012333",1245,186,1059
"S01012334",849,185,664
"S01012335",989,129,860
"S01012336",603,119,484
"S01012337",867,225,642
"S01012338",620,143,477
"S01012339",679,177,502
"S01012340",745,165,580
"S01012341",1504,232,1272
"S01012342",929,184,745
"S01012343",977,139,838
"S01012344",579,125,454
"S01012345",700,125,575
"S01012346",1215,186,1029
"S01012347",611,120,491
"S01012348",499,101,398
"S01012349",759,137,622
"S01012350",775,136,639
"S01012351",756,129,627
"S01012352",756,163,593
"S01012353",429,102,327
"S01012354",576,158,418
"S01012355",1339,229,1110
"S01012356",591,108,483
"S01012357",905,144,761
"S01012358",895,166,729
"S01012359",785,182,603
"S01012360",917,164,753
"S01012361",641,139,502
"S01012362",725,126,599
"S01012363",903,234,669
"S01012364",666,144,522
"S01012365",936,132,804
"S01012366",864,182,682
"S01012367",846,169,677
"S01012368",605,115,490
"S01012369",862,146,716
"S01012370",751,202,549
"S01012371",954,239,715
"S01012372",740,185,555
"S01012373",992,207,785
"S01012374",920,172,748
"S01012375",863,140,723
"S01012376",963,160,803
"S01012377",705,130,575
"S01012378",730,131,599
"S01012379",530,78,452
"S01012380",892,144,748
"S01012381",633,178,455
"S01012382",969,146,823
"S01012383",847,188,659
"S01012384",515,99,416
"S01012385",637,92,545
"S01012386",1021,230,791
"S01012387",936,155,781
"S01012388",704,134,570
"S01012389",882,120,762
"S01012390",769,126,643
"S01012391",915,106,809
"S01012392",364,65,299
"S01012393",899,144,755
"S01012394",526,83,443
"S01012395",618,116,502
"S01012396",647,121,526
"S01012397",845,187,658
"S01012398",877,186,691
"S01012399",621,118,503
"S01012400",587,101,486
"S01012401",675,124,551
"S01012402",1127,187,940
"S01012403",755,124,631
"S01012404",1035,169,866
"S01012405",726,86,640
"S01012406",281,50,231
"S01012407",813,136,677
"S01012408",652,91,561
"S01012409",700,136,564
"S01012410",859,125,734
"S01012411",831,140,691
"S01012412",548,108,440
"S01012413",966,228,738
"S01012414",693,149,544
"S01012415",576,86,490
"S01012416",559,95,464
"S01012417",636,181,455
"S01012418",884,221,663
"S01012419",801,198,603
"S01012420",935,216,719
"S01012421",643,163,480
"S01012422",869,186,683
"S01012423",1075,240,835
"S01012424",950,203,747
"S01012425",626,215,411
"S01012426",493,114,379
"S01012427",674,154,520
"S01012428",662,144,518
"S01012429",558,162,396
"S01012430",551,128,423
"S01012431",749,223,526
"S01012432",713,215,498
"S01012433",503,150,353
"S01012434",709,176,533
"S01012435",490,112,378
"S01012436",301,74,227
"S01012437",649,147,502
"S01012438",1254,205,1049
"S01012439",795,163,632
"S01012440",388,54,334
"S01012441",890,183,707
"S01012442",1000,162,838
"S01012443",746,111,635
"S01012444",1265,263,1002
"S01012445",100,13,87
"S01012446",501,123,378
"S01012447",793,129,664
"S01012448",1074,191,883
"S01012449",491,94,397
"S01012450",1124,201,923
"S01012451",916,227,689
"S01012452",589,119,470
"S01012453",858,131,727
"S01012454",662,133,529
"S01012455",612,79,533
"S01012456",785,153,632
"S01012457",840,155,685
"S01012458",813,113,700
"S01012459",735,98,637
"S01012460",546,92,454
"S01012461",545,117,428
"S01012462",757,195,562
"S01012463",578,136,442
"S01012464",625,124,501
"S01012465",701,141,560
"S01012466",782,176,606
"S01012467",699,154,545
"S01012468",887,205,682
"S01012469",799,161,638
"S01012470",832,214,618
"S01012471",835,154,681
"S01012472",719,150,569
"S01012473",554,101,453
"S01012474",714,207,507
"S01012475",800,181,619
"S01012476",1037,233,804
"S01012477",674,95,579
"S01012478",650,116,534
"S01012479",688,87,601
"S01012480",515,132,383
"S01012481",803,150,653
"S01012482",729,231,498
"S01012483",810,252,558
"S01012484",820,185,635
"S01012485",869,207,662
"S01012486",655,244,411
"S01012487",612,135,477
"S01012488",903,241,662
"S01012489",1052,249,803
"S01012490",978,291,687
"S01012491",440,100,340
"S01012492",772,251,521
"S01012493",654,257,397
"S01012494",1031,215,816
"S01012495",1024,266,758
"S01012496",765,213,552
"S01012497",487,152,335
"S01012498",857,221,636
"S01012499",775,210,565
"S01012500",558,144,414
"S01012501",619,152,467
"S01012502",832,180,652
"S01012503",637,187,450
"S01012504",546,119,427
"S01012505",1019,287,732
"S01012506",493,137,356
"S01012507",876,220,656
"S01012508",762,200,562
"S01012509",635,123,512
"S01012510",877,145,732
"S01012511",534,106,428
"S01012512",677,109,568
"S01012513",841,88,753
"S01012514",519,41,478
"S01012515",612,195,417
"S01012516",668,132,536
"S01012517",860,181,679
"S01012518",493,84,409
"S01012519",516,112,404
"S01012520",826,194,632
"S01012521",515,106,409
"S01012522",930,173,757
"S01012523",865,176,689
"S01012524",872,224,648
"S01012525",714,126,588
"S01012526",775,131,644
"S01012527",625,141,484
"S01012528",823,174,649
"S01012529",734,149,585
"S01012530",874,161,713
"S01012531",900,143,757
"S01012532",968,196,772
"S01012533",391,82,309
"S01012534",627,196,431
"S01012535",544,124,420
"S01012536",750,139,611
"S01012537",782,192,590
"S01012538",1128,281,847
"S01012539",805,158,647
"S01012540",717,163,554
"S01012541",962,162,800
"S01012542",943,243,700
"S01012543",686,78,608
"S01012544",856,197,659
"S01012545",473,103,370
"S01012546",807,136,671
"S01012547",746,163,583
"S01012548",1120,177,943
"S01012549",416,76,340
"S01012550",894,168,726
"S01012551",815,120,695
"S01012552",964,161,803
"S01012553",611,81,530
"S01012554",458,50,408
"S01012555",688,71,617
"S01012556",398,75,323
"S01012557",796,138,658
"S01012558",417,102,315
"S01012559",767,246,521
"S01012560",699,168,531
"S01012561",620,144,476
"S01012562",747,182,565
"S01012563",630,103,527
"S01012564",824,149,675
"S01012565",654,170,484
"S01012566",841,190,651
"S01012567",909,209,700
"S01012568",617,107,510
"S01012569",814,191,623
"S01012570",509,97,412
"S01012571",756,163,593
"S01012572",520,96,424
"S01012573",949,170,779
"S01012574",1027,177,850
"S01012575",516,82,434
"S01012576",675,115,560
"S01012577",770,119,651
"S01012578",1093,299,794
"S01012579",718,121,597
"S01012580",753,111,642
"S01012581",747,151,596
"S01012582",923,137,786
"S01012583",689,159,530
"S01012584",739,149,590
"S01012585",833,171,662
"S01012586",941,195,746
"S01012587",862,146,716
"S01012588",637,110,527
"S01012589",688,172,516
"S01012590",777,209,568
"S01012591",792,230,562
"S01012592",931,115,816
"S01012593",731,99,632
"S01012594",600,123,477
"S01012595",486,120,366
"S01012596",788,175,613
"S01012597",201,37,164
"S01012598",669,106,563
"S01012599",660,141,519
"S01012600",692,95,597
"S01012601",889,132,757
"S01012602",588,208,380
"S01012603",650,179,471
"S01012604",664,151,513
"S01012605",515,122,393
"S01012606",352,30,322
"S01012607",737,128,609
"S01012608",801,172,629
"S01012609",834,216,618
"S01012610",949,268,681
"S01012611",904,188,716
"S01012612",1003,214,789
"S01012613",568,120,448
"S01012614",785,198,587
"S01012615",674,133,541
"S01012616",964,202,762
"S01012617",839,89,750
"S01012618",529,86,443
"S01012619",546,180,366
"S01012620",746,118,628
"S01012621",578,128,450
"S01012622",732,146,586
"S01012623",479,117,362
"S01012624",715,149,566
"S01012625",524,131,393
"S01012626",478,87,391
"S01012627",526,98,428
"S01012628",1166,189,977
"S01012629",402,89,313
"S01012630",823,231,592
"S01012631",1032,214,818
"S01012632",726,141,585
"S01012633",813,148,665
"S01012634",551,141,410
"S01012635",1085,172,913
"S01012636",1346,156,1190
"S01012637",848,197,651
"S01012638",872,206,666
"S01012639",844,188,656
"S01012640",833,223,610
"S01012641",1105,382,723
"S01012642",804,210,594
"S01012643",411,108,303
"S01012644",708,150,558
"S01012645",826,211,615
"S01012646",873,132,741
"S01012648",554,122,432
"S01012649",674,142,532
"S01012650",587,149,438
"S01012651",649,168,481
"S01012652",1045,167,878
"S01012653",885,190,695
"S01012654",767,135,632
"S01012655",1132,348,784
"S01012656",821,251,570
"S01012657",542,140,402
"S01012658",938,200,738
"S01012659",1066,94,972
"S01012660",653,142,511
"S01012661",833,209,624
"S01012662",732,227,505
"S01012663",691,150,541
"S01012664",946,231,715
"S01012665",717,208,509
"S01012666",650,206,444
"S01012667",580,154,426
"S01012668",761,174,587
"S01012669",722,125,597
"S01012670",696,143,553
"S01012671",931,225,706
"S01012672",663,223,440
"S01012673",541,140,401
"S01012674",582,156,426
"S01012675",766,203,563
"S01012676",835,162,673
"S01012677",460,121,339
"S01012678",727,114,613
"S01012679",914,240,674
"S01012680",557,99,458
"S01012681",705,146,559
"S01012682",678,187,491
"S01012683",749,147,602
"S01012684",676,139,537
"S01012685",676,140,536
"S01012686",949,150,799
"S01012687",538,90,448
"S01012688",791,179,612
"S01012689",487,64,423
"S01012690",532,104,428
"S01012691",766,109,657
"S01012692",754,169,585
"S01012693",905,110,795
"S01012694",476,83,393
"S01012695",988,171,817
"S01012696",861,139,722
"S01012697",509,67,442
"S01012698",4206,388,3818
"S01012699",1201,224,977
"S01012700",834,157,677
"S01012701",745,116,629
"S01012702",588,93,495
"S01012703",606,59,547
"S01012704",772,183,589
"S01012705",780,70,710
"S01012706",687,166,521
"S01012707",898,112,786
"S01012708",851,226,625
"S01012709",506,138,368
"S01012710",701,181,520
"S01012711",693,253,440
"S01012712",912,141,771
"S01012713",672,146,526
"S01012714",598,129,469
"S01012715",696,179,517
"S01012716",842,195,647
"S01012717",945,272,673
"S01012718",989,236,753
"S01012719",778,166,612
"S01012720",506,84,422
"S01012721",644,140,504
"S01012722",742,248,494
"S01012723",688,192,496
"S01012724",728,182,546
"S01012725",881,175,706
"S01012726",641,164,477
"S01012727",708,194,514
"S01012728",814,199,615
"S01012729",743,106,637
"S01012730",690,146,544
"S01012731",574,128,446
"S01012732",767,159,608
"S01012735",570,154,416
"S01012736",959,178,781
"S01012737",800,115,685
"S01012738",612,134,478
"S01012741",555,54,501
"S01012742",689,90,599
"S01012743",581,102,479
"S01012744",675,86,589
"S01012745",704,122,582
"S01012746",772,113,659
"S01012747",831,155,676
"S01012748",829,245,584
"S01012749",876,198,678
"S01012750",673,160,513
"S01012751",817,260,557
"S01012752",832,189,643
"S01012753",401,104,297
"S01012754",538,165,373
"S01012755",524,181,343
"S01012756",496,188,308
"S01012757",461,141,320
"S01012758",703,162,541
"S01012759",722,191,531
"S01012760",1008,287,721
"S01012761",754,193,561
"S01012762",708,157,551
"S01012763",529,139,390
"S01012764",637,156,481
"S01012765",720,153,567
"S01012766",379,106,273
"S01012767",700,123,577
"S01012768",594,98,496
"S01012769",105,16,89
"S01012770",839,191,648
"S01012771",705,160,545
"S01012772",685,171,514
"S01012773",957,254,703
"S01012774",859,197,662
"S01012775",409,104,305
"S01012776",738,188,550
"S01012777",846,120,726
"S01012778",479,120,359
"S01012779",711,117,594
"S01012780",854,190,664
"S01012781",655,136,519
"S01012782",634,176,458
"S01012783",793,189,604
"S01012784",714,186,528
"S01012785",667,215,452
"S01012786",544,157,387
"S01012787",698,147,551
"S01012788",615,150,465
"S01012789",539,137,402
"S01012790",706,125,581
"S01012791",921,162,759
"S01012792",957,320,637
"S01012793",767,238,529
"S01012794",396,72,324
"S01012795",1219,346,873
"S01012796",552,96,456
"S01012797",758,130,628
"S01012798",1060,221,839
"S01012799",778,154,624
"S01012800",894,121,773
"S01012801",86,10,76
"S01012802",612,63,549
"S01012803",675,87,588
"S01012804",764,165,599
"S01012805",912,209,703
"S01012806",734,130,604
"S01012807",587,68,519
"S01012808",1237,238,999
"S01012809",618,104,514
"S01012810",720,252,468
"S01012811",770,180,590
"S01012812",666,92,574
"S01012813",775,121,654
"S01012814",836,102,734
"S01012815",742,65,677
"S01012816",716,77,639
"S01012817",303,22,281
"S01012818",573,87,486
"S01012819",735,240,495
"S01012820",1635,190,1445
"S01012822",332,89,243
"S01012823",1002,113,889
"S01012824",556,93,463
"S01012825",424,128,296
"S01012826",380,75,305
"S01012827",980,132,848
"S01012828",2277,172,2105
"S01012829",865,220,645
"S01012830",583,153,430
"S01012831",630,231,399
"S01012832",459,96,363
"S01012833",714,201,513
"S01012834",485,92,393
"S01012835",1069,370,699
"S01012837",735,204,531
"S01012838",1333,279,1054
"S01012839",666,116,550
"S01012840",871,62,809
"S01012841",589,100,489
"S01012842",475,74,401
"S01012843",979,147,832
"S01012844",697,92,605
"S01012845",685,134,551
"S01012846",926,302,624
"S01012847",547,105,442
"S01012848",773,114,659
"S01012849",683,143,540
"S01012850",817,262,555
"S01012851",803,227,576
"S01012852",696,95,601
"S01012853",665,144,521
"S01012854",797,125,672
"S01012855",642,91,551
"S01012856",667,231,436
"S01012857",859,327,532
"S01012858",696,203,493
"S01012859",714,155,559
"S01012860",1158,437,721
"S01012861",687,132,555
"S01012862",588,193,395
"S01012863",621,186,435
"S01012864",775,190,585
"S01012865",779,227,552
"S01012866",749,162,587
"S01012867",720,279,441
"S01012868",554,169,385
"S01012869",546,133,413
"S01012870",915,225,690
"S01012871",815,181,634
"S01012872",872,139,733
"S01012873",655,114,541
"S01012874",778,212,566
"S01012875",573,133,440
"S01012876",801,239,562
"S01012877",726,209,517
"S01012878",927,107,820
"S01012879",729,123,606
"S01012880",801,144,657
"S01012881",864,220,644
"S01012882",603,152,451
"S01012883",634,237,397
"S01012884",531,151,380
"S01012885",446,132,314
"S01012886",845,141,704
"S01012887",734,123,611
"S01012888",826,156,670
"S01012889",875,127,748
"S01012890",717,166,551
"S01012891",482,139,343
"S01012892",1107,326,781
"S01012893",667,179,488
"S01012894",925,151,774
"S01012895",522,64,458
"S01012896",840,270,570
"S01012897",1250,127,1123
"S01012899",701,185,516
"S01012900",1382,343,1039
"S01012901",689,114,575
"S01012902",748,128,620
"S01012903",811,160,651
"S01012904",816,139,677
"S01012905",450,89,361
"S01012906",1081,202,879
"S01012907",677,188,489
"S01012908",699,185,514
"S01012909",610,155,455
"S01012910",879,270,609
"S01012911",728,169,559
"S01012912",765,209,556
"S01012913",790,181,609
"S01012914",848,171,677
"S01012915",1060,146,914
"S01012916",658,140,518
"S01012917",717,90,627
"S01012918",649,126,523
"S01012919",455,105,350
"S01012920",495,90,405
"S01012921",546,118,428
"S01012922",1012,189,823
"S01012923",706,109,597
"S01012924",500,81,419
"S01012925",482,59,423
"S01012926",697,98,599
"S01012927",772,139,633
"S01012928",810,131,679
"S01012929",749,153,596
"S01012930",863,253,610
"S01012931",883,182,701
"S01012932",684,98,586
"S01012933",803,144,659
"S01012934",708,192,516
"S01012935",887,184,703
"S01012936",726,179,547
"S01012937",692,124,568
"S01012938",519,103,416
"S01012939",651,54,597
"S01012940",698,69,629
"S01012941",609,61,548
"S01012942",788,174,614
"S01012943",751,91,660
"S01012944",525,73,452
"S01012945",749,80,669
"S01012946",861,106,755
"S01012947",453,41,412
"S01012948",613,69,544
"S01012949",828,123,705
"S01012950",865,67,798
"S01012952",1554,126,1428
"S01012953",592,71,521
"S01012954",485,54,431
"S01012955",941,160,781
"S01012956",994,275,719
"S01012957",633,146,487
"S01012958",391,79,312
"S01012959",572,74,498
"S01012960",602,108,494
"S01012961",521,62,459
"S01012962",649,77,572
"S01012963",753,66,687
"S01012964",703,54,649
"S01012965",742,188,554
"S01012966",754,151,603
"S01012967",493,89,404
"S01012968",660,98,562
"S01012969",688,162,526
"S01012970",579,134,445
"S01012971",833,143,690
"S01012972",797,159,638
"S01012973",790,179,611
"S01012974",1022,332,690
"S01012975",618,154,464
"S01012976",378,72,306
"S01012977",719,111,608
"S01012978",952,207,745
"S01012979",669,134,535
"S01012980",668,109,559
"S01012981",748,131,617
"S01012982",820,129,691
"S01012983",745,128,617
"S01012984",628,111,517
"S01012985",783,122,661
"S01012986",746,157,589
"S01012987",827,197,630
"S01012988",789,199,590
"S01012989",962,240,722
"S01012990",602,157,445
"S01012991",836,173,663
"S01012992",786,189,597
"S01012993",689,178,511
"S01012994",871,216,655
"S01012995",795,153,642
"S01012996",651,96,555
"S01012997",487,103,384
"S01012998",1055,157,898
"S01012999",479,88,391
"S01013000",642,148,494
"S01013001",302,47,255
"S01013002",575,79,496
"S01013003",539,84,455
"S01013004",780,104,676
"S01013005",743,88,655
"S01013006",912,99,813
"S01013007",848,186,662
"S01013008",582,119,463
"S01013009",634,135,499
"S01013010",595,83,512
"S01013011",267,35,232
"S01013012",488,98,390
"S01013013",1344,162,1182
"S01013014",732,141,591
"S01013015",761,95,666
"S01013016",635,93,542
"S01013017",820,147,673
"S01013018",953,142,811
"S01013019",1466,134,1332
"S01013020",466,120,346
"S01013021",464,87,377
"S01013022",92,15,77
"S01013023",748,101,647
"S01013024",628,113,515
"S01013025",304,44,260
"S01013026",585,153,432
"S01013027",1026,267,759
"S01013028",1203,212,991
"S01013029",692,176,516
"S01013030",512,104,408
"S01013031",635,128,507
"S01013032",515,54,461
"S01013033",774,111,663
"S01013034",612,159,453
"S01013035",829,168,661
"S01013036",770,157,613
"S01013037",772,156,616
"S01013038",980,233,747
"S01013039",527,49,478
"S01013040",628,158,470
"S01013041",587,113,474
"S01013042",795,123,672
"S01013043",704,191,513
"S01013044",832,167,665
"S01013045",713,142,571
"S01013046",506,113,393
"S01013047",931,95,836
"S01013048",791,103,688
"S01013049",803,109,694
"S01013050",729,224,505
"S01013051",931,230,701
"S01013052",625,162,463
"S01013053",618,193,425
"S01013054",777,187,590
"S01013055",688,170,518
"S01013056",904,246,658
"S01013057",870,183,687
"S01013058",456,34,422
"S01013059",677,167,510
"S01013060",515,101,414
"S01013061",896,163,733
"S01013062",878,166,712
"S01013063",818,136,682
"S01013064",938,230,708
"S01013065",864,179,685
"S01013066",656,151,505
"S01013067",925,62,863
"S01013068",692,142,550
"S01013069",735,98,637
"S01013070",559,77,482
"S01013071",1027,82,945
"S01013072",440,128,312
"S01013073",872,211,661
"S01013074",569,135,434
"S01013075",1014,343,671
"S01013076",804,61,743
"S01013077",717,188,529
"S01013078",572,134,438
"S01013079",1354,228,1126
"S01013080",546,145,401
"S01013081",593,75,518
"S01013082",830,147,683
"S01013083",2627,147,2480
"S01013084",759,119,640
"S01013085",758,160,598
"S01013086",811,131,680
"S01013087",841,101,740
"S01013088",927,113,814
"S01013089",749,153,596
"S01013090",714,63,651
"S01013091",372,39,333
"S01013092",589,116,473
"S01013093",975,156,819
"S01013094",602,81,521
"S01013095",735,64,671
"S01013096",671,95,576
"S01013097",1543,113,1430
"S01013099",908,214,694
"S01013100",630,90,540
"S01013101",993,235,758
"S01013102",603,113,490
"S01013103",863,84,779
"S01013104",984,156,828
"S01013105",901,125,776
"S01013106",814,143,671
"S01013107",663,98,565
"S01013108",596,90,506
"S01013109",979,165,814
"S01013110",709,115,594
"S01013111",457,67,390
"S01013112",534,65,469
"S01013113",815,182,633
"S01013114",837,144,693
"S01013115",442,102,340
"S01013116",943,237,706
"S01013117",357,50,307
"S01013118",805,119,686
"S01013119",785,149,636
"S01013120",970,187,783
"S01013121",402,60,342
"S01013122",598,166,432
"S01013123",774,161,613
"S01013124",719,188,531
"S01013125",798,239,559
"S01013126",743,190,553
"S01013127",853,231,622
"S01013128",624,183,441
"S01013129",1173,339,834
"S01013130",710,163,547
"S01013131",653,112,541
"S01013132",587,150,437
"S01013133",894,353,541
"S01013134",840,182,658
"S01013135",771,197,574
"S01013136",928,253,675
"S01013137",745,210,535
"S01013138",704,158,546
"S01013139",878,264,614
"S01013140",816,251,565
"S01013141",647,184,463
"S01013142",863,345,518
"S01013143",853,224,629
"S01013144",894,257,637
"S01013145",813,227,586
"S01013146",346,98,248
"S01013147",726,161,565
"S01013148",757,150,607
"S01013149",824,175,649
"S01013150",759,200,559
"S01013151",569,100,469
"S01013152",745,160,585
"S01013153",890,223,667
"S01013154",855,216,639
"S01013155",908,158,750
"S01013156",865,196,669
"S01013157",1036,210,826
"S01013158",833,167,666
"S01013159",847,113,734
"S01013160",461,56,405
"S01013161",1021,202,819
"S01013162",815,242,573
"S01013163",702,86,616
"S01013164",1146,289,857
"S01013165",829,218,611
"S01013166",521,143,378
"S01013167",776,202,574
"S01013168",1067,300,767
"S01013169",708,240,468
"S01013170",528,145,383
"S01013171",679,104,575
"S01013172",749,159,590
"S01013173",799,130,669
"S01013174",793,80,713
"S01013175",867,136,731
"S01013176",777,210,567
"S01013177",617,99,518
"S01013178",491,114,377
"S01013179",1075,226,849
"S01013180",434,48,386
"S01013181",718,156,562
"S01013182",743,215,528
"S01013183",834,153,681
"S01013184",505,92,413
"S01013185",810,179,631
"S01013186",740,133,607
"S01013187",769,178,591
"S01013188",941,160,781
"S01013189",474,86,388
"S01013190",949,199,750
"S01013191",1055,132,923
"S01013192",952,249,703
"S01013193",649,121,528
"S01013194",568,85,483
"S01013195",991,267,724
"S01013196",543,83,460
"S01013197",577,154,423
"S01013198",886,247,639
"S01013199",905,244,661
"S01013200",813,201,612
"S01013201",657,214,443
"S01013202",574,135,439
"S01013203",717,147,570
"S01013204",1020,158,862
"S01013205",325,81,244
"S01013206",704,171,533
"S01013207",1170,276,894
"S01013208",919,224,695
"S01013209",819,224,595
"S01013210",588,97,491
"S01013211",859,173,686
"S01013212",362,31,331
"S01013213",555,72,483
"S01013214",438,58,380
"S01013215",990,165,825
"S01013216",588,105,483
"S01013217",676,127,549
"S01013218",609,117,492
"S01013219",527,127,400
"S01013220",696,170,526
"S01013221",888,189,699
"S01013222",595,194,401
"S01013223",1123,335,788
"S01013224",814,178,636
"S01013225",669,180,489
"S01013226",514,71,443
"S01013227",703,188,515
"S01013228",702,156,546
"S01013229",835,214,621
"S01013230",654,168,486
"S01013231",669,165,504
"S01013232",779,235,544
"S01013233",491,117,374
"S01013235",760,173,587
"S01013236",810,146,664
"S01013237",819,135,684
"S01013238",871,266,605
"S01013239",885,204,681
"S01013240",534,142,392
"S01013241",821,131,690
"S01013242",603,105,498
"S01013243",735,161,574
"S01013244",752,246,506
"S01013245",1009,190,819
"S01013246",326,73,253
"S01013247",791,234,557
"S01013248",629,161,468
"S01013249",460,102,358
"S01013250",1003,161,842
"S01013251",558,139,419
"S01013252",680,150,530
"S01013253",708,151,557
"S01013254",633,167,466
"S01013255",1338,302,1036
"S01013256",569,181,388
"S01013257",695,190,505
"S01013258",766,135,631
"S01013259",841,193,648
"S01013260",1072,229,843
"S01013261",713,176,537
"S01013262",642,160,482
"S01013263",403,31,372
"S01013264",290,34,256
"S01013265",697,54,643
"S01013266",416,26,390
"S01013267",806,265,541
"S01013268",839,163,676
"S01013269",1330,148,1182
"S01013270",829,58,771
"S01013271",424,79,345
"S01013272",786,61,725
"S01013273",1173,92,1081
"S01013274",793,114,679
"S01013275",727,133,594
"S01013276",611,74,537
"S01013277",889,201,688
"S01013278",649,157,492
"S01013279",740,152,588
"S01013280",585,118,467
"S01013281",963,217,746
"S01013282",827,149,678
"S01013283",795,123,672
"S01013284",651,63,588
"S01013285",656,84,572
"S01013286",667,103,564
"S01013287",784,78,706
"S01013288",660,134,526
"S01013289",991,120,871
"S01013290",911,131,780
"S01013291",724,76,648
"S01013292",726,89,637
"S01013293",714,85,629
"S01013294",678,111,567
"S01013295",797,101,696
"S01013296",712,169,543
"S01013297",688,149,539
"S01013298",858,188,670
"S01013299",1308,244,1064
"S01013300",552,147,405
"S01013301",486,115,371
"S01013302",1472,188,1284
"S01013303",1020,250,770
"S01013304",793,167,626
"S01013305",952,220,732
"S01013306",816,190,626
"S01013307",1047,191,856
"S01013308",706,170,536
"S01013309",636,84,552
"S01013310",528,98,430
"S01013311",651,129,522
"S01013312",1157,249,908
"S01013313",692,136,556
"S01013314",791,171,620
"S01013316",663,137,526
"S01013317",521,76,445
"S01013318",612,69,543
"S01013319",574,71,503
"S01013320",1040,81,959
"S01013321",500,130,370
"S01013322",801,206,595
"S01013323",947,226,721
"S01013324",649,138,511
"S01013325",867,190,677
"S01013326",541,110,431
"S01013327",697,130,567
"S01013328",652,130,522
"S01013329",538,130,408
"S01013330",1103,142,961
"S01013331",647,63,584
"S01013332",673,145,528
"S01013333",656,84,572
"S01013334",787,154,633
"S01013335",992,169,823
"S01013336",863,179,684
"S01013337",1553,234,1319
"S01013338",202,38,164
"S01013339",584,84,500
"S01013340",805,142,663
"S01013341",597,85,512
"S01013342",644,163,481
"S01013343",673,113,560
"S01013344",585,163,422
"S01013345",762,130,632
"S01013346",914,58,856
"S01013347",590,85,505
"S01013348",1732,164,1568
"S01013349",1047,127,920
"S01013350",400,56,344
"S01013351",784,149,635
"S01013352",897,147,750
"S01013353",669,152,517
"S01013354",557,113,444
"S01013355",653,123,530
"S01013356",686,160,526
"S01013357",876,147,729
"S01013358",811,201,610
"S01013359",621,181,440
"S01013360",687,190,497
"S01013361",569,170,399
"S01013362",494,122,372
"S01013363",666,163,503
"S01013364",616,145,471
"S01013365",1377,245,1132
"S01013366",794,107,687
"S01013367",741,89,652
"S01013368",403,103,300
"S01013369",911,230,681
"S01013370",615,172,443
"S01013371",661,192,469
"S01013372",1008,246,762
"S01013373",925,234,691
"S01013374",959,269,690
"S01013375",676,169,507
"S01013376",492,120,372
"S01013377",772,212,560
"S01013378",979,171,808
"S01013379",826,136,690
"S01013380",1614,233,1381
"S01013381",611,130,481
"S01013382",295,56,239
"S01013383",679,234,445
"S01013384",617,176,441
"S01013385",485,77,408
"S01013386",669,101,568
"S01013387",612,144,468
"S01013388",627,146,481
"S01013389",757,136,621
"S01013390",328,78,250
"S01013391",928,204,724
"S01013392",253,35,218
"S01013393",460,120,340
"S01013394",680,158,522
"S01013395",609,152,457
"S01013396",808,65,743
"S01013397",732,136,596
"S01013398",121,16,105
"S01013399",1045,211,834
"S01013400",637,117,520
"S01013401",3832,314,3518
"S01013404",194,13,181
"S01013405",663,141,522
"S01013406",612,144,468
"S01013407",534,137,397
"S01013408",892,182,710
"S01013409",1067,141,926
"S01013410",130,26,104
"S01013411",723,117,606
"S01013412",689,149,540
"S01013413",776,165,611
"S01013414",977,301,676
"S01013415",649,210,439
"S01013416",576,140,436
"S01013417",821,187,634
"S01013418",425,88,337
"S01013419",468,62,406
"S01013420",437,89,348
"S01013421",932,84,848
"S01013422",724,148,576
"S01013423",820,148,672
"S01013424",494,57,437
"S01013425",330,54,276
"S01013426",830,192,638
"S01013427",964,130,834
"S01013428",649,152,497
"S01013429",208,47,161
"S01013430",700,136,564
"S01013431",1159,223,936
"S01013432",673,143,530
"S01013433",669,112,557
"S01013434",517,54,463
"S01013435",664,49,615
"S01013436",884,146,738
"S01013437",645,112,533
"S01013438",575,128,447
"S01013439",899,106,793
"S01013440",1024,125,899
"S01013441",771,130,641
"S01013442",785,110,675
"S01013443",635,86,549
"S01013444",928,195,733
"S01013445",717,177,540
"S01013446",713,137,576
"S01013447",645,31,614
"S01013448",798,164,634
"S01013449",640,67,573
"S01013450",588,50,538
"S01013451",871,95,776
"S01013452",779,72,707
"S01013453",772,163,609
"S01013454",753,100,653
"S01013455",560,102,458
"S01013456",772,178,594
"S01013457",909,221,688
"S01013458",711,109,602
"S01013459",837,246,591
"S01013460",849,169,680
"S01013461",1098,158,940
"S01013462",830,110,720
"S01013463",433,48,385
"S01013464",706,154,552
"S01013465",669,151,518
"S01013466",760,81,679
"S01013467",950,127,823
"S01013468",529,163,366
"S01013469",841,157,684
"S01013470",899,175,724
"S01013471",838,166,672
"S01013472",283,25,258
"S01013473",328,20,308
"S01013474",567,55,512
"S01013475",685,109,576
"S01013476",626,117,509
"S01013477",605,131,474
"S01013478",860,157,703
"S01013479",786,190,596
"S01013480",671,170,501
"S01013481",451,93,358
