dz_2011,total,single,married
S01006506,749,399,350
S01006507,850,396,454
S01006508,754,433,321
S01006509,575,269,306
S01006510,637,328,309
S01006511,898,361,537
S01006512,272,85,187
S01006513,944,389,555
S01006514,967,337,630
S01006515,858,272,586
S01006516,739,336,403
S01006517,808,315,493
S01006518,762,290,472
S01006519,675,224,451
S01006520,619,182,437
S01006521,577,193,384
S01006522,438,113,325
S01006523,1227,531,696
S01006524,1112,593,519
S01006525,1049,408,641
S01006526,1208,738,470
S01006527,1114,701,413
S01006528,950,587,363
S01006529,961,667,294
S01006530,1001,676,325
S01006531,1107,708,399
S01006532,877,497,380
S01006533,707,316,391
S01006534,729,314,415
S01006535,974,636,338
S01006536,1236,916,320
S01006537,718,252,466
S01006538,568,215,353
S01006539,872,444,428
S01006540,1086,482,604
S01006541,822,365,457
S01006542,874,359,515
S01006543,909,304,605
S01006544,1251,595,656
S01006545,1127,613,514
S01006546,962,401,561
S01006547,1235,632,603
S01006548,618,195,423
S01006549,800,330,470
S01006550,1023,339,684
S01006551,843,477,366
S01006552,1090,569,521
S01006553,895,417,478
S01006554,808,439,369
S01006555,822,525,297
S01006556,830,444,386
S01006557,662,392,270
S01006558,740,463,277
S01006559,586,287,299
S01006560,847,412,435
S01006561,684,297,387
S01006562,814,364,450
S01006563,835,393,442
S01006564,1093,868,225
S01006565,1159,946,213
S01006566,756,544,212
S01006567,1087,849,238
S01006568,1078,848,230
S01006569,661,459,202
S01006570,758,423,335
S01006571,1062,607,455
S01006572,1087,398,689
S01006573,566,249,317
S01006574,809,362,447
S01006575,947,473,474
S01006576,756,438,318
S01006577,789,462,327
S01006578,1638,1292,346
S01006579,1292,1036,256
S01006580,763,542,221
S01006581,1120,530,590
S01006582,651,553,98
S01006583,1038,871,167
S01006584,845,662,183
S01006585,801,622,179
S01006586,913,763,150
S01006587,613,506,107
S01006588,874,751,123
S01006589,1238,1042,196
S01006590,608,496,112
S01006591,791,595,196
S01006592,590,432,158
S01006593,852,641,211
S01006594,729,525,204
S01006595,932,680,252
S01006596,810,498,312
S01006597,762,666,96
S01006598,1088,551,537
S01006599,1078,766,312
S01006600,1261,782,479
S01006601,899,592,307
S01006602,889,465,424
S01006603,1128,613,515
S01006604,792,417,375
S01006605,767,500,267
S01006606,1087,536,551
S01006607,1044,590,454
S01006608,1214,518,696
S01006609,1131,615,516
S01006610,600,376,224
S01006611,944,544,400
S01006612,852,409,443
S01006613,360,134,226
S01006614,669,267,402
S01006615,313,120,193
S01006616,649,338,311
S01006617,841,399,442
S01006618,469,202,267
S01006619,807,384,423
S01006620,887,434,453
S01006621,632,287,345
S01006622,549,265,284
S01006623,1172,735,437
S01006624,891,652,239
S01006625,728,404,324
S01006626,749,508,241
S01006627,773,577,196
S01006628,1265,922,343
S01006629,781,508,273
S01006630,692,443,249
S01006631,964,655,309
S01006632,846,583,263
S01006633,721,437,284
S01006634,634,448,186
S01006635,838,515,323
S01006636,819,567,252
S01006637,699,503,196
S01006638,1069,879,190
S01006639,959,794,165
S01006640,759,616,143
S01006641,1258,1037,221
S01006642,1332,1185,147
S01006643,1210,1019,191
S01006644,981,812,169
S01006645,1419,1221,198
S01006646,1286,1131,155
S01006647,866,732,134
S01006648,1908,1695,213
S01006649,1120,923,197
S01006650,1323,1071,252
S01006651,747,590,157
S01006652,787,659,128
S01006653,739,530,209
S01006654,798,607,191
S01006655,650,445,205
S01006656,982,764,218
S01006657,541,430,111
S01006658,1104,870,234
S01006659,830,671,159
S01006660,670,522,148
S01006661,699,514,185
S01006662,804,646,158
S01006663,1225,1043,182
S01006664,471,377,94
S01006665,889,728,161
S01006666,1558,1144,414
S01006667,1100,801,299
S01006668,858,740,118
S01006669,1269,1040,229
S01006670,901,777,124
S01006671,2540,2306,234
S01006672,685,534,151
S01006673,841,593,248
S01006674,874,605,269
S01006675,591,396,195
S01006676,713,435,278
S01006677,621,441,180
S01006678,1031,662,369
S01006679,845,484,361
S01006680,767,513,254
S01006681,976,738,238
S01006682,753,496,257
S01006683,1026,664,362
S01006684,749,528,221
S01006685,796,576,220
S01006686,786,501,285
S01006687,853,578,275
S01006688,939,524,415
S01006689,546,285,261
S01006690,707,471,236
S01006691,805,537,268
S01006692,776,441,335
S01006693,1063,712,351
S01006694,979,558,421
S01006695,608,311,297
S01006696,945,586,359
S01006697,970,578,392
S01006698,813,536,277
S01006699,670,318,352
S01006700,1115,594,521
S01006701,813,474,339
S01006702,793,414,379
S01006703,604,344,260
S01006704,655,397,258
S01006705,786,470,316
S01006706,651,397,254
S01006707,543,337,206
S01006708,743,391,352
S01006709,998,527,471
S01006710,917,444,473
S01006711,968,580,388
S01006712,545,242,303
S01006713,798,422,376
S01006714,758,401,357
S01006715,786,474,312
S01006716,496,276,220
S01006717,901,493,408
S01006718,519,272,247
S01006719,811,433,378
S01006720,607,308,299
S01006721,778,424,354
S01006722,692,383,309
S01006723,829,439,390
S01006724,997,656,341
S01006725,770,434,336
S01006726,985,666,319
S01006727,1046,698,348
S01006728,703,418,285
S01006729,753,459,294
S01006730,643,325,318
S01006731,418,233,185
S01006732,1193,559,634
S01006733,651,190,461
S01006734,899,354,545
S01006735,750,227,523
S01006736,945,354,591
S01006737,821,301,520
S01006738,714,512,202
S01006739,529,308,221
S01006740,916,506,410
S01006741,674,326,348
S01006742,388,200,188
S01006743,932,506,426
S01006744,572,326,246
S01006745,901,511,390
S01006746,712,387,325
S01006747,1025,465,560
S01006748,976,389,587
S01006749,1151,598,553
S01006750,711,381,330
S01006751,436,215,221
S01006752,686,332,354
S01006753,779,332,447
S01006754,997,346,651
S01006755,863,388,475
S01006756,830,440,390
S01006757,1149,536,613
S01006758,599,255,344
S01006759,1108,548,560
S01006760,516,258,258
S01006761,826,346,480
S01006762,833,356,477
S01006763,862,402,460
S01006764,665,323,342
S01006765,613,309,304
S01006766,505,222,283
S01006767,764,349,415
S01006768,507,162,345
S01006769,1076,417,659
S01006770,567,185,382
S01006771,455,171,284
S01006772,1061,451,610
S01006773,604,235,369
S01006774,705,251,454
S01006775,663,383,280
S01006776,595,325,270
S01006777,786,235,551
S01006778,757,295,462
S01006779,892,520,372
S01006780,752,419,333
S01006781,863,345,518
S01006782,844,396,448
S01006783,585,235,350
S01006784,635,306,329
S01006785,650,271,379
S01006786,909,353,556
S01006787,829,317,512
S01006788,507,223,284
S01006789,814,405,409
S01006790,837,395,442
S01006791,446,209,237
S01006792,596,238,358
S01006793,535,243,292
S01006794,676,275,401
S01006795,623,243,380
S01006796,616,260,356
S01006797,608,248,360
S01006798,586,205,381
S01006799,866,428,438
S01006800,771,254,517
S01006801,1145,434,711
S01006802,556,277,279
S01006803,641,307,334
S01006804,1003,382,621
S01006805,1081,489,592
S01006806,907,358,549
S01006807,484,183,301
S01006808,793,285,508
S01006809,781,332,449
S01006810,818,346,472
S01006811,841,316,525
S01006812,672,282,390
S01006813,795,371,424
S01006814,872,334,538
S01006815,615,323,292
S01006816,779,320,459
S01006817,675,308,367
S01006818,580,203,377
S01006819,946,318,628
S01006820,530,199,331
S01006821,943,372,571
S01006822,609,236,373
S01006823,730,334,396
S01006824,583,383,200
S01006825,846,388,458
S01006826,1060,413,647
S01006827,856,477,379
S01006828,879,505,374
S01006829,518,211,307
S01006830,546,246,300
S01006831,1057,343,714
S01006832,862,369,493
S01006833,602,229,373
S01006834,264,102,162
S01006835,1125,649,476
S01006836,372,163,209
S01006837,763,320,443
S01006838,784,327,457
S01006839,776,349,427
S01006840,964,327,637
S01006841,1081,476,605
S01006842,831,328,503
S01006843,783,311,472
S01006844,587,319,268
S01006845,859,409,450
S01006846,762,357,405
S01006847,668,286,382
S01006848,1053,440,613
S01006849,985,461,524
S01006850,898,445,453
S01006851,651,323,328
S01006852,492,192,300
S01006853,741,284,457
S01006854,1292,437,855
S01006855,622,211,411
S01006856,739,275,464
S01006857,853,313,540
S01006858,518,170,348
S01006859,1092,429,663
S01006860,588,308,280
S01006861,646,202,444
S01006862,792,342,450
S01006863,973,387,586
S01006864,121,81,40
S01006865,802,386,416
S01006866,521,172,349
S01006867,982,332,650
S01006868,709,316,393
S01006869,472,191,281
S01006870,515,190,325
S01006871,766,288,478
S01006872,1190,437,753
S01006873,1032,377,655
S01006874,490,204,286
S01006875,834,417,417
S01006876,905,384,521
S01006877,902,365,537
S01006878,787,348,439
S01006879,954,414,540
S01006880,615,205,410
S01006881,461,149,312
S01006882,718,369,349
S01006883,538,252,286
S01006884,855,409,446
S01006885,631,215,416
S01006886,617,228,389
S01006887,677,245,432
S01006888,735,280,455
S01006889,519,234,285
S01006890,866,383,483
S01006891,530,217,313
S01006892,477,263,214
S01006893,780,339,441
S01006894,505,237,268
S01006895,404,261,143
S01006896,653,284,369
S01006897,846,386,460
S01006898,480,223,257
S01006899,398,161,237
S01006900,394,174,220
S01006901,695,393,302
S01006902,540,253,287
S01006903,785,416,369
S01006904,478,291,187
S01006905,863,376,487
S01006906,819,441,378
S01006907,634,395,239
S01006908,809,488,321
S01006909,363,138,225
S01006910,416,198,218
S01006911,1326,537,789
S01006912,211,83,128
S01006913,1413,542,871
S01006914,677,234,443
S01006915,656,209,447
S01006916,305,129,176
S01006917,964,319,645
S01006918,1246,421,825
S01006919,549,257,292
S01006920,676,309,367
S01006921,768,213,555
S01006922,1401,493,908
S01006923,1099,352,747
S01006924,570,268,302
S01006925,410,158,252
S01006926,1245,398,847
S01006927,284,160,124
S01006928,2090,797,1293
S01006929,1370,478,892
S01006930,598,199,399
S01006931,1381,563,818
S01006932,620,224,396
S01006933,671,278,393
S01006934,1276,497,779
S01006935,762,279,483
S01006936,569,240,329
S01006937,659,294,365
S01006938,705,286,419
S01006939,512,181,331
S01006940,833,345,488
S01006941,996,491,505
S01006942,1591,550,1041
S01006943,1233,526,707
S01006944,69,30,39
S01006945,747,266,481
S01006946,1032,472,560
S01006947,1096,446,650
S01006948,1126,465,661
S01006949,596,185,411
S01006950,525,247,278
S01006951,1018,473,545
S01006952,1220,535,685
S01006953,1217,479,738
S01006954,1372,504,868
S01006955,484,258,226
S01006956,1131,429,702
S01006957,1282,563,719
S01006958,894,347,547
S01006959,747,417,330
S01006960,1573,545,1028
S01006961,1636,576,1060
S01006962,778,311,467
S01006963,829,326,503
S01006964,721,381,340
S01006965,434,187,247
S01006966,596,324,272
S01006967,599,226,373
S01006968,977,460,517
S01006969,885,410,475
S01006970,522,176,346
S01006971,866,424,442
S01006972,422,172,250
S01006973,514,189,325
S01006974,1095,430,665
S01006975,944,373,571
S01006976,1808,630,1178
S01006977,2085,756,1329
S01006978,718,297,421
S01006979,1190,478,712
S01006980,554,192,362
S01006981,649,266,383
S01006982,919,410,509
S01006983,789,333,456
S01006984,790,330,460
S01006985,1116,495,621
S01006986,605,295,310
S01006987,848,362,486
S01006988,584,249,335
S01006989,663,220,443
S01006990,734,256,478
S01006991,519,263,256
S01006992,722,245,477
S01006993,607,215,392
S01006994,553,236,317
S01006995,907,373,534
S01006996,736,314,422
S01006997,603,216,387
S01006998,988,423,565
S01006999,724,278,446
S01007000,1194,527,667
S01007001,1114,475,639
S01007002,564,258,306
S01007003,499,191,308
S01007004,854,336,518
S01007005,830,278,552
S01007006,824,333,491
S01007007,672,252,420
S01007008,756,429,327
S01007009,1112,583,529
S01007010,777,397,380
S01007011,957,571,386
S01007012,737,431,306
S01007013,1047,448,599
S01007014,1101,423,678
S01007015,591,220,371
S01007016,478,168,310
S01007017,867,453,414
S01007018,989,381,608
S01007019,900,428,472
S01007020,1158,614,544
S01007021,1166,555,611
S01007022,687,288,399
S01007023,560,218,342
S01007024,999,378,621
S01007025,988,502,486
S01007026,884,434,450
S01007027,1079,458,621
S01007028,1208,453,755
S01007029,539,195,344
S01007030,797,384,413
S01007031,517,271,246
S01007032,989,584,405
S01007033,877,436,441
S01007034,857,482,375
S01007035,742,395,347
S01007036,935,403,532
S01007037,947,470,477
S01007038,694,376,318
S01007039,770,362,408
S01007040,1015,472,543
S01007041,802,410,392
S01007042,808,340,468
S01007043,929,353,576
S01007044,865,338,527
S01007045,807,312,495
S01007046,509,229,280
S01007047,847,338,509
S01007048,1129,456,673
S01007049,844,413,431
S01007050,872,378,494
S01007051,831,361,470
S01007052,473,197,276
S01007053,636,251,385
S01007054,947,448,499
S01007055,422,171,251
S01007056,744,303,441
S01007057,713,286,427
S01007058,665,319,346
S01007059,1074,486,588
S01007060,485,273,212
S01007061,925,354,571
S01007062,634,220,414
S01007063,1229,458,771
S01007064,628,233,395
S01007065,765,310,455
S01007066,537,211,326
S01007067,1096,497,599
S01007068,600,301,299
S01007069,769,368,401
S01007070,628,298,330
S01007071,1021,413,608
S01007072,1218,533,685
S01007073,1285,629,656
S01007074,915,421,494
S01007075,729,381,348
S01007076,832,352,480
S01007077,661,284,377
S01007078,812,443,369
S01007079,1062,628,434
S01007080,669,358,311
S01007081,826,496,330
S01007082,551,335,216
S01007083,794,514,280
S01007084,803,418,385
S01007085,960,608,352
S01007086,1129,795,334
S01007087,825,538,287
S01007088,520,339,181
S01007089,423,127,296
S01007090,451,231,220
S01007091,1004,445,559
S01007092,537,285,252
S01007093,853,319,534
S01007094,1741,736,1005
S01007095,602,230,372
S01007096,915,358,557
S01007097,1642,704,938
S01007098,1227,543,684
S01007099,694,260,434
S01007100,716,297,419
S01007101,1125,523,602
S01007102,705,280,425
S01007103,678,304,374
S01007104,398,134,264
S01007105,541,237,304
S01007106,764,327,437
S01007107,607,210,397
S01007108,936,374,562
S01007109,1189,516,673
S01007110,818,393,425
S01007111,443,185,258
S01007112,799,328,471
S01007113,675,317,358
S01007114,745,319,426
S01007115,609,239,370
S01007116,974,325,649
S01007117,472,144,328
S01007118,675,396,279
S01007119,777,426,351
S01007120,965,535,430
S01007121,741,491,250
S01007122,506,267,239
S01007123,824,464,360
S01007124,897,409,488
S01007125,676,344,332
S01007126,844,526,318
S01007127,833,539,294
S01007128,801,451,350
S01007129,739,249,490
S01007130,579,263,316
S01007131,920,353,567
S01007132,590,213,377
S01007133,554,214,340
S01007134,713,307,406
S01007135,642,247,395
S01007136,514,160,354
S01007137,600,186,414
S01007138,729,247,482
S01007139,627,223,404
S01007140,826,317,509
S01007141,994,371,623
S01007142,153,63,90
S01007143,847,276,571
S01007144,1866,738,1128
S01007145,773,312,461
S01007146,703,313,390
S01007147,718,260,458
S01007148,444,149,295
S01007149,729,241,488
S01007150,697,290,407
S01007151,962,362,600
S01007152,652,271,381
S01007153,778,305,473
S01007154,862,460,402
S01007155,613,284,329
S01007156,913,420,493
S01007157,711,337,374
S01007158,826,339,487
S01007159,770,465,305
S01007160,784,434,350
S01007161,932,462,470
S01007162,495,304,191
S01007163,862,393,469
S01007164,668,294,374
S01007165,811,352,459
S01007166,904,364,540
S01007167,679,234,445
S01007168,842,291,551
S01007169,720,313,407
S01007170,628,257,371
S01007171,902,446,456
S01007172,1084,435,649
S01007173,430,157,273
S01007174,765,375,390
S01007175,728,341,387
S01007176,872,384,488
S01007177,643,381,262
S01007178,808,512,296
S01007179,1162,467,695
S01007180,866,358,508
S01007181,975,468,507
S01007182,1090,634,456
S01007183,1139,662,477
S01007184,916,652,264
S01007185,792,555,237
S01007186,637,485,152
S01007187,707,490,217
S01007188,694,447,247
S01007189,803,517,286
S01007190,824,357,467
S01007191,609,333,276
S01007192,662,365,297
S01007193,700,388,312
S01007194,463,304,159
S01007195,835,437,398
S01007196,701,409,292
S01007197,532,370,162
S01007198,402,238,164
S01007199,842,529,313
S01007200,715,398,317
S01007201,870,432,438
S01007202,619,326,293
S01007203,685,289,396
S01007204,907,401,506
S01007205,718,294,424
S01007206,331,205,126
S01007207,882,395,487
S01007208,808,559,249
S01007209,726,490,236
S01007210,869,565,304
S01007211,805,515,290
S01007212,708,385,323
S01007213,789,427,362
S01007214,935,627,308
S01007215,831,463,368
S01007216,672,322,350
S01007217,979,537,442
S01007218,817,292,525
S01007219,903,444,459
S01007220,629,340,289
S01007221,857,294,563
S01007222,874,367,507
S01007223,558,201,357
S01007224,595,237,358
S01007225,970,383,587
S01007226,837,352,485
S01007227,1260,558,702
S01007228,658,278,380
S01007229,1032,395,637
S01007230,1034,599,435
S01007231,675,446,229
S01007232,601,399,202
S01007233,647,323,324
S01007234,505,267,238
S01007235,921,556,365
S01007236,948,554,394
S01007237,667,331,336
S01007238,852,401,451
S01007239,1201,536,665
S01007240,463,203,260
S01007241,992,390,602
S01007242,959,395,564
S01007243,1181,450,731
S01007244,620,213,407
S01007245,671,297,374
S01007246,719,278,441
S01007247,900,353,547
S01007248,891,314,577
S01007249,523,223,300
S01007250,716,428,288
S01007251,706,378,328
S01007252,741,358,383
S01007253,687,250,437
S01007254,799,457,342
S01007255,790,493,297
S01007256,762,470,292
S01007257,721,446,275
S01007258,733,383,350
S01007259,876,574,302
S01007260,968,617,351
S01007261,907,347,560
S01007262,585,303,282
S01007263,954,448,506
S01007264,737,332,405
S01007265,1001,572,429
S01007266,691,330,361
S01007267,514,199,315
S01007268,496,206,290
S01007269,551,216,335
S01007270,384,183,201
S01007271,952,486,466
S01007272,909,559,350
S01007273,623,309,314
S01007274,783,482,301
S01007275,610,263,347
S01007276,950,448,502
S01007277,773,300,473
S01007278,791,291,500
S01007279,553,227,326
S01007280,531,232,299
S01007281,965,448,517
S01007282,436,204,232
S01007283,866,338,528
S01007284,702,360,342
S01007285,964,445,519
S01007286,1201,615,586
S01007287,523,283,240
S01007288,584,261,323
S01007289,825,338,487
S01007290,807,445,362
S01007291,519,299,220
S01007292,632,272,360
S01007293,833,502,331
S01007294,862,448,414
S01007295,564,437,127
S01007296,519,413,106
S01007297,997,544,453
S01007298,437,249,188
S01007299,865,528,337
S01007300,552,352,200
S01007301,736,290,446
S01007302,665,297,368
S01007303,948,414,534
S01007304,584,240,344
S01007305,829,327,502
S01007306,1035,469,566
S01007307,883,364,519
S01007308,754,373,381
S01007309,698,309,389
S01007310,740,296,444
S01007311,792,399,393
S01007312,701,279,422
S01007313,826,332,494
S01007314,732,327,405
S01007315,781,403,378
S01007316,971,589,382
S01007317,908,472,436
S01007318,475,233,242
S01007319,738,380,358
S01007320,770,343,427
S01007321,528,200,328
S01007322,727,410,317
S01007323,394,203,191
S01007324,290,140,150
S01007325,685,328,357
S01007326,838,357,481
S01007327,745,417,328
S01007328,906,473,433
S01007329,568,255,313
S01007330,690,284,406
S01007331,892,399,493
S01007332,523,211,312
S01007333,963,476,487
S01007334,786,504,282
S01007335,738,418,320
S01007336,656,445,211
S01007337,562,353,209
S01007338,880,416,464
S01007339,737,335,402
S01007340,573,306,267
S01007341,734,325,409
S01007342,724,290,434
S01007343,569,216,353
S01007344,506,246,260
S01007345,538,390,148
S01007346,757,585,172
S01007347,943,579,364
S01007348,617,375,242
S01007349,544,293,251
S01007350,596,359,237
S01007351,592,267,325
S01007352,442,171,271
S01007353,668,275,393
S01007354,707,306,401
S01007355,1152,493,659
S01007356,625,259,366
S01007357,681,300,381
S01007358,1212,564,648
S01007359,828,429,399
S01007360,780,375,405
S01007361,884,446,438
S01007362,978,512,466
S01007363,855,446,409
S01007364,852,527,325
S01007365,392,211,181
S01007366,469,290,179
S01007367,532,323,209
S01007368,509,291,218
S01007369,912,476,436
S01007370,793,548,245
S01007371,765,437,328
S01007372,1047,467,580
S01007373,616,238,378
S01007374,671,294,377
S01007375,406,173,233
S01007376,820,439,381
S01007377,553,192,361
S01007378,1590,1167,423
S01007379,786,349,437
S01007380,670,320,350
S01007381,423,141,282
S01007382,804,362,442
S01007383,637,260,377
S01007384,875,338,537
S01007385,1033,451,582
S01007386,684,217,467
S01007387,715,222,493
S01007388,623,215,408
S01007389,518,204,314
S01007390,472,221,251
S01007391,563,174,389
S01007392,413,151,262
S01007393,879,395,484
S01007394,620,327,293
S01007395,992,675,317
S01007396,931,639,292
S01007397,794,353,441
S01007398,614,371,243
S01007399,669,481,188
S01007400,730,402,328
S01007401,631,290,341
S01007402,604,248,356
S01007403,659,192,467
S01007404,500,220,280
S01007405,676,287,389
S01007406,819,286,533
S01007407,896,344,552
S01007408,712,343,369
S01007409,566,271,295
S01007410,746,477,269
S01007411,821,558,263
S01007412,472,265,207
S01007413,789,346,443
S01007414,646,235,411
S01007415,677,360,317
S01007416,423,261,162
S01007417,180,96,84
S01007418,737,380,357
S01007419,757,463,294
S01007420,3695,1818,1877
S01007421,1092,449,643
S01007422,665,383,282
S01007423,326,184,142
S01007424,673,234,439
S01007425,786,333,453
S01007426,684,440,244
S01007427,633,335,298
S01007428,859,494,365
S01007429,784,466,318
S01007430,485,226,259
S01007431,612,249,363
S01007432,708,332,376
S01007433,938,428,510
S01007434,490,305,185
S01007435,672,371,301
S01007436,817,537,280
S01007437,482,298,184
S01007438,572,297,275
S01007439,744,377,367
S01007440,647,302,345
S01007441,558,183,375
S01007442,733,224,509
S01007443,857,381,476
S01007444,1253,524,729
S01007445,551,171,380
S01007446,576,207,369
S01007447,565,170,395
S01007448,972,363,609
S01007449,961,499,462
S01007450,1077,618,459
S01007451,524,241,283
S01007452,1089,522,567
S01007453,89,57,32
S01007454,418,201,217
S01007455,677,408,269
S01007456,862,557,305
S01007457,870,445,425
S01007458,675,261,414
S01007459,748,329,419
S01007460,780,396,384
S01007461,791,545,246
S01007462,840,502,338
S01007463,851,562,289
S01007464,838,489,349
S01007465,594,417,177
S01007466,981,726,255
S01007467,865,525,340
S01007468,921,403,518
S01007469,465,236,229
S01007470,572,355,217
S01007471,382,183,199
S01007472,892,522,370
S01007473,724,367,357
S01007474,611,229,382
S01007475,449,219,230
S01007476,633,259,374
S01007477,611,312,299
S01007478,938,558,380
S01007479,355,201,154
S01007480,1031,494,537
S01007481,872,310,562
S01007482,584,298,286
S01007483,779,406,373
S01007484,706,425,281
S01007485,640,417,223
S01007486,639,447,192
S01007487,1002,672,330
S01007488,971,541,430
S01007489,725,356,369
S01007490,1003,522,481
S01007491,863,494,369
S01007492,597,291,306
S01007493,890,473,417
S01007494,638,271,367
S01007495,677,240,437
S01007496,996,456,540
S01007497,481,206,275
S01007498,896,429,467
S01007499,687,308,379
S01007500,648,278,370
S01007501,598,216,382
S01007502,547,232,315
S01007503,953,396,557
S01007504,981,494,487
S01007505,418,199,219
S01007506,426,160,266
S01007507,1275,599,676
S01007508,604,265,339
S01007509,613,245,368
S01007510,862,369,493
S01007511,934,476,458
S01007512,449,207,242
S01007513,1040,566,474
S01007514,556,312,244
S01007515,600,233,367
S01007516,646,354,292
S01007517,502,230,272
S01007518,867,420,447
S01007519,463,167,296
S01007520,810,353,457
S01007521,570,239,331
S01007522,991,489,502
S01007523,457,221,236
S01007524,818,334,484
S01007525,465,198,267
S01007526,780,456,324
S01007527,1243,523,720
S01007528,822,437,385
S01007529,754,281,473
S01007530,446,177,269
S01007531,643,288,355
S01007532,480,206,274
S01007533,732,355,377
S01007534,1203,647,556
S01007535,813,369,444
S01007536,860,455,405
S01007537,1393,766,627
S01007538,869,400,469
S01007539,742,305,437
S01007540,722,366,356
S01007541,1051,516,535
S01007542,806,442,364
S01007543,1057,537,520
S01007544,1131,460,671
S01007545,1257,501,756
S01007546,536,173,363
S01007547,459,206,253
S01007548,790,349,441
S01007549,653,281,372
S01007550,1057,444,613
S01007551,1133,484,649
S01007552,847,423,424
S01007553,852,409,443
S01007554,706,363,343
S01007555,703,315,388
S01007556,652,335,317
S01007557,899,453,446
S01007558,407,167,240
S01007559,691,332,359
S01007560,1004,476,528
S01007561,978,484,494
S01007562,688,303,385
S01007563,908,374,534
S01007564,1084,443,641
S01007565,961,406,555
S01007566,681,265,416
S01007567,483,166,317
S01007568,622,254,368
S01007569,1061,437,624
S01007570,926,414,512
S01007571,465,187,278
S01007572,1360,603,757
S01007573,74,38,36
S01007574,1800,881,919
S01007575,704,444,260
S01007576,795,554,241
S01007577,700,442,258
S01007578,645,430,215
S01007579,495,346,149
S01007580,755,478,277
S01007581,523,324,199
S01007582,720,407,313
S01007583,1047,747,300
S01007584,813,475,338
S01007585,949,455,494
S01007586,892,498,394
S01007587,732,418,314
S01007588,809,347,462
S01007589,999,633,366
S01007590,539,211,328
S01007591,983,552,431
S01007592,956,622,334
S01007593,1020,470,550
S01007594,712,299,413
S01007595,901,386,515
S01007596,621,290,331
S01007597,529,206,323
S01007598,947,357,590
S01007599,697,334,363
S01007600,896,455,441
S01007601,526,288,238
S01007602,777,325,452
S01007603,760,300,460
S01007604,874,326,548
S01007605,1002,408,594
S01007606,522,275,247
S01007607,779,292,487
S01007608,832,355,477
S01007609,799,504,295
S01007610,639,451,188
S01007611,1008,737,271
S01007612,938,708,230
S01007613,874,493,381
S01007614,907,375,532
S01007615,1148,610,538
S01007616,755,469,286
S01007617,564,280,284
S01007618,643,322,321
S01007619,613,305,308
S01007620,715,294,421
S01007621,767,357,410
S01007622,1088,468,620
S01007623,510,191,319
S01007624,603,259,344
S01007625,578,265,313
S01007626,501,221,280
S01007627,445,223,222
S01007628,755,305,450
S01007629,719,275,444
S01007630,696,290,406
S01007631,518,184,334
S01007632,1397,648,749
S01007633,1290,566,724
S01007634,668,283,385
S01007635,869,351,518
S01007636,1209,654,555
S01007637,1132,621,511
S01007638,924,518,406
S01007639,846,458,388
S01007640,600,252,348
S01007641,679,318,361
S01007642,982,459,523
S01007643,899,437,462
S01007644,919,388,531
S01007645,784,273,511
S01007646,534,257,277
S01007647,874,420,454
S01007648,929,454,475
S01007649,620,294,326
S01007650,917,394,523
S01007651,583,237,346
S01007652,755,329,426
S01007653,980,445,535
S01007654,1083,500,583
S01007655,663,269,394
S01007656,786,322,464
S01007657,500,210,290
S01007658,586,268,318
S01007659,865,409,456
S01007660,1046,587,459
S01007661,767,421,346
S01007662,911,527,384
S01007663,950,461,489
S01007664,485,292,193
S01007665,576,310,266
S01007666,415,157,258
S01007667,586,209,377
S01007668,1039,581,458
S01007669,480,298,182
S01007670,883,489,394
S01007671,729,288,441
S01007672,885,288,597
S01007673,586,247,339
S01007674,956,427,529
S01007675,661,239,422
S01007676,474,181,293
S01007677,215,77,138
S01007678,702,367,335
S01007679,846,474,372
S01007680,783,298,485
S01007681,464,225,239
S01007682,872,408,464
S01007683,877,390,487
S01007684,1014,412,602
S01007685,1026,555,471
S01007686,970,533,437
S01007687,835,562,273
S01007688,1107,896,211
S01007689,559,451,108
S01007690,1084,936,148
S01007691,4350,4145,205
S01007692,952,827,125
S01007693,1230,1133,97
S01007694,893,790,103
S01007695,959,744,215
S01007696,925,784,141
S01007697,1221,973,248
S01007698,1181,996,185
S01007699,691,561,130
S01007700,858,465,393
S01007701,410,367,43
S01007702,2133,1953,180
S01007703,1094,747,347
S01007704,1245,1037,208
S01007705,1020,971,49
S01007706,1020,965,55
S01007707,1131,902,229
S01007708,894,672,222
S01007709,760,623,137
S01007710,2012,1661,351
S01007711,1253,1023,230
S01007712,958,762,196
S01007713,495,364,131
S01007714,547,345,202
S01007715,669,500,169
S01007716,1099,882,217
S01007717,840,656,184
S01007718,878,685,193
S01007719,1382,1004,378
S01007720,970,565,405
S01007721,959,684,275
S01007722,827,633,194
S01007723,908,692,216
S01007724,652,512,140
S01007725,1185,920,265
S01007726,744,561,183
S01007727,876,717,159
S01007728,1123,905,218
S01007729,873,686,187
S01007730,873,675,198
S01007731,615,466,149
S01007732,897,727,170
S01007733,685,310,375
S01007734,725,310,415
S01007735,716,316,400
S01007736,727,357,370
S01007737,955,569,386
S01007738,965,532,433
S01007739,729,454,275
S01007740,614,346,268
S01007741,777,495,282
S01007742,635,381,254
S01007743,724,487,237
S01007744,617,431,186
S01007745,818,604,214
S01007746,720,438,282
S01007747,631,424,207
S01007748,543,406,137
S01007749,716,264,452
S01007750,817,327,490
S01007751,676,289,387
S01007752,1034,472,562
S01007753,738,462,276
S01007754,1028,633,395
S01007755,676,435,241
S01007756,759,462,297
S01007757,1113,399,714
S01007758,924,434,490
S01007759,1134,803,331
S01007760,806,359,447
S01007761,727,304,423
S01007762,729,482,247
S01007763,676,381,295
S01007764,761,322,439
S01007765,820,293,527
S01007766,926,355,571
S01007767,855,341,514
S01007768,676,397,279
S01007769,710,280,430
S01007770,684,281,403
S01007771,698,239,459
S01007772,1034,589,445
S01007773,642,209,433
S01007774,115,46,69
S01007775,1066,478,588
S01007776,450,174,276
S01007777,407,176,231
S01007778,1727,646,1081
S01007779,677,300,377
S01007780,649,320,329
S01007781,661,318,343
S01007782,542,360,182
S01007783,702,467,235
S01007784,770,466,304
S01007785,357,281,76
S01007786,716,388,328
S01007787,611,353,258
S01007788,571,419,152
S01007789,834,463,371
S01007790,1315,766,549
S01007791,890,390,500
S01007792,784,425,359
S01007793,797,549,248
S01007794,897,485,412
S01007795,525,303,222
S01007796,514,344,170
S01007797,501,319,182
S01007798,589,298,291
S01007799,298,127,171
S01007800,786,506,280
S01007801,799,615,184
S01007802,462,249,213
S01007803,1074,803,271
S01007804,620,459,161
S01007805,724,520,204
S01007806,702,421,281
S01007807,685,340,345
S01007808,705,415,290
S01007809,1083,477,606
S01007810,779,445,334
S01007811,638,393,245
S01007812,589,395,194
S01007813,814,509,305
S01007814,709,416,293
S01007815,1018,454,564
S01007816,558,228,330
S01007817,682,382,300
S01007818,778,343,435
S01007819,675,345,330
S01007820,893,499,394
S01007821,717,406,311
S01007822,834,393,441
S01007823,694,332,362
S01007824,984,474,510
S01007825,1114,552,562
S01007826,465,317,148
S01007827,564,362,202
S01007828,1104,811,293
S01007829,686,414,272
S01007830,940,660,280
S01007831,890,640,250
S01007832,837,539,298
S01007833,907,511,396
S01007834,625,467,158
S01007835,658,375,283
S01007836,658,329,329
S01007837,1056,509,547
S01007838,860,402,458
S01007839,1072,661,411
S01007840,760,519,241
S01007841,772,455,317
S01007842,931,673,258
S01007843,780,561,219
S01007844,1105,729,376
S01007845,754,521,233
S01007846,656,401,255
S01007847,1172,783,389
S01007848,822,642,180
S01007849,818,521,297
S01007850,615,383,232
S01007851,893,521,372
S01007852,1035,653,382
S01007853,694,519,175
S01007854,1037,752,285
S01007855,563,451,112
S01007856,855,503,352
S01007857,464,338,126
S01007858,1674,1124,550
S01007859,1152,744,408
S01007860,834,543,291
S01007861,837,490,347
S01007862,862,525,337
S01007863,676,494,182
S01007864,771,474,297
S01007865,1119,428,691
S01007866,450,187,263
S01007867,1057,420,637
S01007868,1676,660,1016
S01007869,1740,729,1011
S01007870,566,253,313
S01007871,885,499,386
S01007872,627,412,215
S01007873,674,381,293
S01007874,777,428,349
S01007875,634,318,316
S01007876,776,384,392
S01007877,746,381,365
S01007878,612,370,242
S01007879,971,547,424
S01007880,404,177,227
S01007881,532,277,255
S01007882,1309,468,841
S01007883,1009,487,522
S01007884,778,419,359
S01007885,872,512,360
S01007886,995,523,472
S01007887,597,266,331
S01007888,829,490,339
S01007889,918,508,410
S01007890,569,270,299
S01007891,1086,471,615
S01007892,1006,407,599
S01007893,1104,468,636
S01007894,879,448,431
S01007895,650,320,330
S01007896,888,505,383
S01007897,1285,551,734
S01007898,625,253,372
S01007899,429,183,246
S01007900,451,252,199
S01007901,658,344,314
S01007902,812,485,327
S01007903,693,359,334
S01007904,697,292,405
S01007905,659,364,295
S01007906,697,409,288
S01007907,701,358,343
S01007908,1113,497,616
S01007909,554,286,268
S01007910,864,502,362
S01007911,905,471,434
S01007912,749,375,374
S01007913,913,540,373
S01007914,615,358,257
S01007915,787,435,352
S01007916,910,496,414
S01007917,1076,588,488
S01007918,904,508,396
S01007919,797,305,492
S01007920,493,192,301
S01007921,958,587,371
S01007922,1102,694,408
S01007923,1033,447,586
S01007924,980,587,393
S01007925,558,211,347
S01007926,741,260,481
S01007927,525,215,310
S01007928,1005,447,558
S01007929,1252,428,824
S01007930,573,196,377
S01007931,1092,428,664
S01007932,725,260,465
S01007933,1067,494,573
S01007934,561,274,287
S01007935,1045,614,431
S01007936,954,319,635
S01007937,1231,504,727
S01007938,706,446,260
S01007939,820,474,346
S01007940,1425,627,798
S01007941,544,186,358
S01007942,362,182,180
S01007943,822,361,461
S01007944,854,416,438
S01007945,1003,585,418
S01007946,877,534,343
S01007947,876,437,439
S01007948,614,356,258
S01007949,825,392,433
S01007950,954,388,566
S01007951,833,454,379
S01007952,744,470,274
S01007953,835,456,379
S01007954,586,360,226
S01007955,1435,1001,434
S01007956,779,472,307
S01007957,1066,558,508
S01007958,888,557,331
S01007959,1751,1020,731
S01007960,510,301,209
S01007961,1488,892,596
S01007962,789,463,326
S01007963,829,550,279
S01007964,720,444,276
S01007965,624,381,243
S01007966,817,512,305
S01007967,640,380,260
S01007968,863,457,406
S01007969,700,401,299
S01007970,875,516,359
S01007971,881,524,357
S01007972,954,509,445
S01007973,767,288,479
S01007974,817,565,252
S01007975,561,321,240
S01007976,992,693,299
S01007977,558,314,244
S01007978,717,466,251
S01007979,772,362,410
S01007980,702,376,326
S01007981,674,286,388
S01007982,577,254,323
S01007983,1184,624,560
S01007984,752,369,383
S01007985,744,432,312
S01007986,552,259,293
S01007987,848,415,433
S01007988,748,369,379
S01007989,551,324,227
S01007990,950,476,474
S01007991,774,281,493
S01007992,797,292,505
S01007993,778,274,504
S01007994,457,147,310
S01007995,596,226,370
S01007996,296,104,192
S01007997,581,224,357
S01007998,518,265,253
S01007999,668,438,230
S01008000,733,476,257
S01008001,745,499,246
S01008002,807,583,224
S01008003,606,380,226
S01008004,89,54,35
S01008005,144,97,47
S01008006,625,478,147
S01008007,453,324,129
S01008008,576,364,212
S01008009,800,565,235
S01008010,1059,750,309
S01008011,784,619,165
S01008012,890,656,234
S01008013,738,507,231
S01008014,702,390,312
S01008015,717,515,202
S01008016,689,442,247
S01008017,787,300,487
S01008018,847,348,499
S01008019,871,463,408
S01008020,785,465,320
S01008021,596,241,355
S01008022,704,249,455
S01008023,1296,447,849
S01008024,674,233,441
S01008025,765,294,471
S01008026,1157,621,536
S01008027,690,364,326
S01008028,469,212,257
S01008029,2846,1166,1680
S01008030,1753,750,1003
S01008031,1283,617,666
S01008032,1048,472,576
S01008033,929,339,590
S01008034,902,338,564
S01008035,861,370,491
S01008036,567,188,379
S01008037,1195,642,553
S01008038,779,429,350
S01008039,870,456,414
S01008040,604,230,374
S01008041,895,491,404
S01008042,705,298,407
S01008043,1095,427,668
S01008044,1018,397,621
S01008045,1089,478,611
S01008046,1021,645,376
S01008047,581,219,362
S01008048,568,217,351
S01008049,854,312,542
S01008050,560,176,384
S01008051,975,336,639
S01008052,668,207,461
S01008053,808,334,474
S01008054,662,286,376
S01008055,835,245,590
S01008056,988,370,618
S01008057,1103,420,683
S01008058,718,239,479
S01008059,559,197,362
S01008060,1463,523,940
S01008061,692,309,383
S01008062,820,305,515
S01008063,715,272,443
S01008064,809,457,352
S01008065,958,347,611
S01008066,808,295,513
S01008067,573,201,372
S01008068,1022,385,637
S01008069,987,418,569
S01008070,946,434,512
S01008071,801,348,453
S01008072,1131,492,639
S01008073,403,114,289
S01008074,809,329,480
S01008075,492,168,324
S01008076,868,335,533
S01008077,804,276,528
S01008078,699,280,419
S01008079,735,220,515
S01008080,651,228,423
S01008081,587,247,340
S01008082,859,349,510
S01008083,686,246,440
S01008084,849,358,491
S01008085,1068,378,690
S01008086,1008,429,579
S01008087,923,315,608
S01008088,780,343,437
S01008089,834,300,534
S01008090,622,271,351
S01008091,440,143,297
S01008092,978,388,590
S01008093,744,329,415
S01008094,597,231,366
S01008095,934,417,517
S01008096,676,273,403
S01008097,777,361,416
S01008098,620,255,365
S01008099,444,198,246
S01008100,869,369,500
S01008101,1012,582,430
S01008102,695,389,306
S01008103,612,411,201
S01008104,831,471,360
S01008105,994,659,335
S01008106,1287,672,615
S01008107,953,401,552
S01008108,776,327,449
S01008109,756,306,450
S01008110,751,305,446
S01008111,751,320,431
S01008112,827,304,523
S01008113,870,343,527
S01008114,767,289,478
S01008115,761,370,391
S01008116,898,329,569
S01008117,676,240,436
S01008118,1082,451,631
S01008119,633,326,307
S01008120,580,255,325
S01008121,556,163,393
S01008122,901,308,593
S01008123,892,341,551
S01008124,813,298,515
S01008125,961,377,584
S01008126,762,275,487
S01008127,411,146,265
S01008128,921,385,536
S01008129,828,484,344
S01008130,963,631,332
S01008131,642,429,213
S01008132,918,318,600
S01008133,696,348,348
S01008134,613,412,201
S01008135,1291,742,549
S01008136,1240,826,414
S01008137,1058,714,344
S01008138,794,553,241
S01008139,886,513,373
S01008140,581,344,237
S01008141,970,399,571
S01008142,806,342,464
S01008143,979,549,430
S01008144,843,322,521
S01008145,825,432,393
S01008146,546,329,217
S01008147,760,380,380
S01008148,781,357,424
S01008149,781,444,337
S01008150,1135,687,448
S01008151,865,527,338
S01008152,1052,615,437
S01008153,769,350,419
S01008154,902,361,541
S01008155,711,313,398
S01008156,876,437,439
S01008157,865,412,453
S01008158,879,421,458
S01008159,960,611,349
S01008160,1088,587,501
S01008161,1182,497,685
S01008162,1057,513,544
S01008163,699,400,299
S01008164,1318,1089,229
S01008165,653,282,371
S01008166,1023,474,549
S01008167,1214,634,580
S01008168,883,508,375
S01008169,1164,587,577
S01008170,1391,1066,325
S01008171,768,478,290
S01008172,457,213,244
S01008173,614,254,360
S01008174,448,205,243
S01008175,615,361,254
S01008176,1190,484,706
S01008177,706,385,321
S01008178,560,242,318
S01008179,297,125,172
S01008180,381,138,243
S01008181,579,237,342
S01008182,1130,805,325
S01008183,815,486,329
S01008184,804,556,248
S01008185,1076,676,400
S01008186,916,669,247
S01008187,570,354,216
S01008188,1249,787,462
S01008189,900,391,509
S01008190,823,478,345
S01008191,1149,542,607
S01008192,946,551,395
S01008193,806,428,378
S01008194,557,315,242
S01008195,888,525,363
S01008196,673,405,268
S01008197,1474,690,784
S01008198,575,295,280
S01008199,608,326,282
S01008200,690,391,299
S01008201,1065,622,443
S01008202,678,328,350
S01008203,460,301,159
S01008204,2199,1104,1095
S01008205,635,317,318
S01008206,1290,647,643
S01008207,623,350,273
S01008208,768,406,362
S01008209,500,262,238
S01008210,1159,604,555
S01008211,831,445,386
S01008212,542,212,330
S01008213,770,298,472
S01008214,712,324,388
S01008215,926,435,491
S01008216,644,250,394
S01008217,561,203,358
S01008218,1663,777,886
S01008219,1054,615,439
S01008220,459,290,169
S01008221,626,417,209
S01008222,579,331,248
S01008223,510,266,244
S01008224,783,340,443
S01008225,655,323,332
S01008226,638,393,245
S01008227,819,418,401
S01008228,671,299,372
S01008229,982,527,455
S01008230,614,286,328
S01008231,422,252,170
S01008232,211,85,126
S01008233,1271,482,789
S01008234,1584,638,946
S01008235,775,360,415
S01008236,830,367,463
S01008237,745,386,359
S01008238,862,439,423
S01008239,630,275,355
S01008240,1167,379,788
S01008241,894,307,587
S01008242,1035,403,632
S01008243,873,314,559
S01008244,811,272,539
S01008245,919,357,562
S01008246,1015,378,637
S01008247,797,329,468
S01008248,1087,443,644
S01008249,747,292,455
S01008250,919,366,553
S01008251,789,249,540
S01008252,937,355,582
S01008253,725,377,348
S01008254,1059,533,526
S01008255,809,430,379
S01008256,828,488,340
S01008257,761,439,322
S01008258,1067,473,594
S01008259,1164,588,576
S01008260,849,458,391
S01008261,945,457,488
S01008262,753,306,447
S01008263,653,328,325
S01008264,720,343,377
S01008265,563,211,352
S01008266,839,250,589
S01008267,667,260,407
S01008268,724,267,457
S01008269,972,388,584
S01008270,1023,427,596
S01008271,651,428,223
S01008272,816,335,481
S01008273,835,340,495
S01008274,764,392,372
S01008275,569,235,334
S01008276,530,185,345
S01008277,563,205,358
S01008278,637,206,431
S01008279,605,258,347
S01008280,1063,488,575
S01008281,673,282,391
S01008282,642,251,391
S01008283,973,409,564
S01008284,1219,433,786
S01008285,628,358,270
S01008286,1146,561,585
S01008287,708,350,358
S01008288,838,392,446
S01008289,647,428,219
S01008290,844,488,356
S01008291,998,430,568
S01008292,1176,502,674
S01008293,840,244,596
S01008294,540,204,336
S01008295,1008,447,561
S01008296,729,397,332
S01008297,483,254,229
S01008298,878,398,480
S01008299,929,539,390
S01008300,784,422,362
S01008301,836,346,490
S01008302,768,281,487
S01008303,666,416,250
S01008304,411,197,214
S01008305,678,264,414
S01008306,538,214,324
S01008307,643,260,383
S01008308,501,168,333
S01008309,779,547,232
S01008310,818,453,365
S01008311,576,344,232
S01008312,598,361,237
S01008313,846,533,313
S01008314,787,594,193
S01008315,617,485,132
S01008316,653,400,253
S01008317,560,338,222
S01008318,1289,536,753
S01008319,525,314,211
S01008320,574,260,314
S01008321,590,221,369
S01008322,1522,755,767
S01008323,681,413,268
S01008324,496,276,220
S01008325,903,482,421
S01008326,872,563,309
S01008327,896,514,382
S01008328,663,239,424
S01008329,816,268,548
S01008330,858,324,534
S01008331,619,290,329
S01008332,934,446,488
S01008333,992,441,551
S01008334,827,344,483
S01008335,786,421,365
S01008336,788,435,353
S01008337,663,280,383
S01008338,620,232,388
S01008339,493,205,288
S01008340,724,313,411
S01008341,484,160,324
S01008342,949,417,532
S01008343,995,409,586
S01008344,711,255,456
S01008345,1071,399,672
S01008346,841,260,581
S01008347,1026,475,551
S01008348,829,321,508
S01008349,1088,387,701
S01008350,649,216,433
S01008351,863,292,571
S01008352,730,238,492
S01008353,406,134,272
S01008354,795,278,517
S01008355,924,478,446
S01008356,707,309,398
S01008357,736,267,469
S01008358,721,361,360
S01008359,605,245,360
S01008360,1056,379,677
S01008361,646,246,400
S01008362,870,442,428
S01008363,668,326,342
S01008364,688,280,408
S01008365,808,326,482
S01008366,821,461,360
S01008367,825,501,324
S01008368,735,383,352
S01008369,632,311,321
S01008370,553,283,270
S01008371,708,260,448
S01008372,728,287,441
S01008373,925,315,610
S01008374,683,234,449
S01008375,633,225,408
S01008376,502,235,267
S01008377,748,347,401
S01008378,884,391,493
S01008379,434,156,278
S01008380,512,184,328
S01008381,832,292,540
S01008382,728,244,484
S01008383,497,185,312
S01008384,779,333,446
S01008385,542,191,351
S01008386,790,330,460
S01008387,692,266,426
S01008388,488,203,285
S01008389,657,297,360
S01008390,600,201,399
S01008391,627,273,354
S01008392,707,279,428
S01008393,722,299,423
S01008394,830,268,562
S01008395,644,253,391
S01008396,693,297,396
S01008397,809,280,529
S01008398,727,264,463
S01008399,626,295,331
S01008400,881,330,551
S01008401,1043,445,598
S01008402,900,278,622
S01008403,819,306,513
S01008404,889,351,538
S01008405,707,268,439
S01008406,952,450,502
S01008407,456,277,179
S01008408,627,290,337
S01008409,904,510,394
S01008410,736,357,379
S01008411,919,464,455
S01008412,561,274,287
S01008413,555,301,254
S01008414,508,175,333
S01008415,862,446,416
S01008416,964,573,391
S01008417,586,184,402
S01008418,584,229,355
S01008419,373,139,234
S01008420,478,183,295
S01008421,687,381,306
S01008422,774,295,479
S01008423,826,251,575
S01008424,926,274,652
S01008425,2390,1833,557
S01008426,967,474,493
S01008427,1012,376,636
S01008428,732,366,366
S01008429,774,292,482
S01008430,923,355,568
S01008431,882,333,549
S01008432,946,333,613
S01008433,685,232,453
S01008434,856,279,577
S01008435,932,332,600
S01008436,896,390,506
S01008437,686,361,325
S01008438,473,193,280
S01008439,848,259,589
S01008440,936,308,628
S01008441,817,267,550
S01008442,619,233,386
S01008443,486,160,326
S01008444,593,240,353
S01008445,807,284,523
S01008446,1312,578,734
S01008447,556,172,384
S01008448,737,270,467
S01008449,732,450,282
S01008450,429,325,104
S01008451,758,459,299
S01008452,710,508,202
S01008453,698,490,208
S01008454,992,695,297
S01008455,1023,729,294
S01008456,996,742,254
S01008457,916,616,300
S01008458,781,463,318
S01008459,665,488,177
S01008460,897,706,191
S01008461,812,634,178
S01008462,597,414,183
S01008463,757,531,226
S01008464,760,428,332
S01008465,781,456,325
S01008466,657,394,263
S01008467,711,351,360
S01008468,816,485,331
S01008469,658,365,293
S01008470,792,471,321
S01008471,626,445,181
S01008472,601,367,234
S01008473,550,356,194
S01008474,710,506,204
S01008475,879,627,252
S01008476,677,454,223
S01008477,985,685,300
S01008478,866,588,278
S01008479,959,683,276
S01008480,414,271,143
S01008481,1408,972,436
S01008482,1361,974,387
S01008483,729,436,293
S01008484,793,391,402
S01008485,948,447,501
S01008486,777,435,342
S01008487,869,560,309
S01008488,1155,774,381
S01008489,768,455,313
S01008490,1029,732,297
S01008491,855,660,195
S01008492,814,673,141
S01008493,783,541,242
S01008494,726,559,167
S01008495,1011,828,183
S01008496,1121,917,204
S01008497,894,727,167
S01008498,732,609,123
S01008499,1050,870,180
S01008500,350,289,61
S01008501,765,613,152
S01008502,619,502,117
S01008503,888,611,277
S01008504,1479,931,548
S01008505,847,529,318
S01008506,969,586,383
S01008507,801,581,220
S01008508,907,382,525
S01008509,1067,495,572
S01008510,755,315,440
S01008511,821,276,545
S01008512,940,294,646
S01008513,882,422,460
S01008514,622,306,316
S01008515,767,339,428
S01008516,1347,1028,319
S01008517,958,711,247
S01008518,969,475,494
S01008519,832,310,522
S01008520,1097,318,779
S01008521,706,183,523
S01008522,485,178,307
S01008523,923,340,583
S01008524,959,636,323
S01008525,908,619,289
S01008526,737,454,283
S01008527,595,359,236
S01008528,540,295,245
S01008529,710,380,330
S01008530,855,530,325
S01008531,793,542,251
S01008532,544,287,257
S01008533,372,85,287
S01008534,665,227,438
S01008535,597,226,371
S01008536,597,219,378
S01008537,570,177,393
S01008538,556,170,386
S01008539,918,340,578
S01008540,829,282,547
S01008541,779,250,529
S01008542,931,298,633
S01008543,766,250,516
S01008544,479,164,315
S01008545,814,255,559
S01008546,701,187,514
S01008547,941,408,533
S01008548,835,484,351
S01008549,1012,544,468
S01008550,872,392,480
S01008551,873,442,431
S01008552,870,387,483
S01008553,563,318,245
S01008554,765,476,289
S01008555,1020,700,320
S01008556,893,607,286
S01008557,770,518,252
S01008558,712,480,232
S01008559,680,386,294
S01008560,679,402,277
S01008561,896,490,406
S01008562,638,463,175
S01008563,914,552,362
S01008564,889,502,387
S01008565,844,535,309
S01008566,876,509,367
S01008567,693,409,284
S01008568,699,368,331
S01008569,601,468,133
S01008570,1039,706,333
S01008571,657,373,284
S01008572,864,479,385
S01008573,918,387,531
S01008574,879,450,429
S01008575,710,304,406
S01008576,881,422,459
S01008577,1042,516,526
S01008578,822,289,533
S01008579,821,354,467
S01008580,710,353,357
S01008581,879,562,317
S01008582,1135,699,436
S01008583,775,488,287
S01008584,1055,613,442
S01008585,787,496,291
S01008586,780,487,293
S01008587,802,400,402
S01008588,892,432,460
S01008589,313,136,177
S01008590,646,391,255
S01008591,904,483,421
S01008592,793,516,277
S01008593,691,232,459
S01008594,816,410,406
S01008595,1062,723,339
S01008596,845,626,219
S01008597,942,443,499
S01008598,1104,760,344
S01008599,897,540,357
S01008600,2496,2096,400
S01008601,2471,2334,137
S01008602,513,410,103
S01008603,985,859,126
S01008604,1016,714,302
S01008605,830,632,198
S01008606,838,367,471
S01008607,513,192,321
S01008608,720,360,360
S01008609,971,480,491
S01008610,1090,755,335
S01008611,1329,1115,214
S01008612,725,627,98
S01008613,916,673,243
S01008614,864,745,119
S01008615,859,694,165
S01008616,802,671,131
S01008617,884,742,142
S01008618,681,604,77
S01008619,493,414,79
S01008620,766,647,119
S01008621,816,686,130
S01008622,760,605,155
S01008623,1022,707,315
S01008624,761,398,363
S01008625,464,176,288
S01008626,916,484,432
S01008627,650,240,410
S01008628,691,475,216
S01008629,921,622,299
S01008630,667,536,131
S01008631,830,660,170
S01008632,1153,805,348
S01008633,1027,523,504
S01008634,612,350,262
S01008635,746,460,286
S01008636,824,488,336
S01008637,689,447,242
S01008638,1389,1137,252
S01008639,1138,807,331
S01008640,1096,841,255
S01008641,1067,838,229
S01008642,939,702,237
S01008643,848,554,294
S01008644,625,493,132
S01008645,927,695,232
S01008646,1131,814,317
S01008647,667,524,143
S01008648,930,761,169
S01008649,1219,1002,217
S01008650,873,732,141
S01008651,1168,1030,138
S01008652,716,627,89
S01008653,640,521,119
S01008654,1136,945,191
S01008655,872,674,198
S01008656,1364,1159,205
S01008657,1009,827,182
S01008658,1689,1500,189
S01008659,1144,992,152
S01008660,1095,948,147
S01008661,1234,1091,143
S01008662,1027,946,81
S01008663,972,865,107
S01008664,955,804,151
S01008665,1617,1422,195
S01008666,1005,880,125
S01008667,1414,1182,232
S01008668,1210,1101,109
S01008669,643,601,42
S01008670,1098,993,105
S01008671,1145,1047,98
S01008672,654,565,89
S01008673,1079,879,200
S01008674,1011,925,86
S01008675,831,678,153
S01008676,913,745,168
S01008677,852,755,97
S01008678,1398,1286,112
S01008679,1315,1214,101
S01008680,894,764,130
S01008681,1031,907,124
S01008682,896,749,147
S01008683,1970,1745,225
S01008684,2751,2518,233
S01008685,837,645,192
S01008686,1155,921,234
S01008687,944,770,174
S01008688,1277,973,304
S01008689,1114,863,251
S01008690,988,748,240
S01008691,1217,987,230
S01008692,1073,847,226
S01008693,524,288,236
S01008694,1285,950,335
S01008695,843,535,308
S01008696,550,255,295
S01008697,907,375,532
S01008698,635,280,355
S01008699,939,567,372
S01008700,620,287,333
S01008701,687,496,191
S01008702,713,496,217
S01008703,1072,742,330
S01008704,1264,839,425
S01008705,710,501,209
S01008706,989,680,309
S01008707,945,688,257
S01008708,806,615,191
S01008709,746,482,264
S01008710,717,492,225
S01008711,642,431,211
S01008712,1013,689,324
S01008713,470,350,120
S01008714,555,360,195
S01008715,648,397,251
S01008716,587,357,230
S01008717,422,211,211
S01008718,529,284,245
S01008719,907,451,456
S01008720,515,306,209
S01008721,641,266,375
S01008722,903,387,516
S01008723,679,333,346
S01008724,862,369,493
S01008725,614,308,306
S01008726,937,422,515
S01008727,1017,558,459
S01008728,477,287,190
S01008729,636,308,328
S01008730,882,569,313
S01008731,460,287,173
S01008732,675,476,199
S01008733,789,517,272
S01008734,648,283,365
S01008735,953,330,623
S01008736,606,246,360
S01008737,674,275,399
S01008738,745,266,479
S01008739,471,224,247
S01008740,595,241,354
S01008741,945,372,573
S01008742,649,338,311
S01008743,931,643,288
S01008744,881,549,332
S01008745,469,285,184
S01008746,895,641,254
S01008747,490,250,240
S01008748,894,331,563
S01008749,1016,392,624
S01008750,666,241,425
S01008751,864,544,320
S01008752,828,599,229
S01008753,777,562,215
S01008754,780,590,190
S01008755,873,669,204
S01008756,732,541,191
S01008757,662,494,168
S01008758,842,611,231
S01008759,591,406,185
S01008760,1113,723,390
S01008761,701,470,231
S01008762,486,260,226
S01008763,697,358,339
S01008764,586,293,293
S01008765,1017,567,450
S01008766,1219,604,615
S01008767,753,396,357
S01008768,2435,1642,793
S01008769,1985,1355,630
S01008770,1874,1266,608
S01008771,1874,1266,608
S01008772,1049,633,416
S01008773,986,695,291
S01008774,789,593,196
S01008775,461,298,163
S01008776,1138,901,237
S01008777,1013,775,238
S01008778,909,749,160
S01008779,1006,682,324
S01008780,821,633,188
S01008781,972,791,181
S01008782,882,667,215
S01008783,480,372,108
S01008784,690,523,167
S01008785,905,687,218
S01008786,1086,889,197
S01008787,579,458,121
S01008788,781,603,178
S01008789,582,384,198
S01008790,833,686,147
S01008791,873,619,254
S01008792,878,601,277
S01008793,979,769,210
S01008794,878,640,238
S01008795,1149,871,278
S01008796,1014,786,228
S01008797,979,781,198
S01008798,914,702,212
S01008799,673,516,157
S01008800,1127,871,256
S01008801,798,614,184
S01008802,1163,927,236
S01008803,1002,787,215
S01008804,845,680,165
S01008805,739,606,133
S01008806,1100,825,275
S01008807,923,712,211
S01008808,614,462,152
S01008809,721,474,247
S01008810,920,702,218
S01008811,794,601,193
S01008812,913,750,163
S01008813,874,628,246
S01008814,1133,847,286
S01008815,1141,840,301
S01008816,473,368,105
S01008817,1026,783,243
S01008818,977,651,326
S01008819,943,609,334
S01008820,1322,1005,317
S01008821,618,311,307
S01008822,680,313,367
S01008823,814,424,390
S01008824,1083,552,531
S01008825,512,244,268
S01008826,589,377,212
S01008827,840,424,416
S01008828,854,461,393
S01008829,855,373,482
S01008830,967,438,529
S01008831,875,366,509
S01008832,655,335,320
S01008833,955,566,389
S01008834,1069,552,517
S01008835,881,412,469
S01008836,472,371,101
S01008837,1487,1026,461
S01008838,933,658,275
S01008839,1075,708,367
S01008840,934,597,337
S01008841,1158,883,275
S01008842,133,70,63
S01008843,912,723,189
S01008844,873,663,210
S01008845,795,611,184
S01008846,844,643,201
S01008847,773,592,181
S01008848,852,612,240
S01008849,968,693,275
S01008850,1316,896,420
S01008851,1119,819,300
S01008852,1107,645,462
S01008853,607,454,153
S01008854,938,668,270
S01008855,1070,775,295
S01008856,644,469,175
S01008857,885,618,267
S01008858,1035,721,314
S01008859,1041,797,244
S01008860,1140,835,305
S01008861,819,387,432
S01008862,993,756,237
S01008863,701,458,243
S01008864,1174,836,338
S01008865,960,684,276
S01008866,927,641,286
S01008867,841,444,397
S01008868,1045,750,295
S01008869,1003,646,357
S01008870,1059,620,439
S01008871,1189,812,377
S01008872,931,642,289
S01008873,687,318,369
S01008874,769,526,243
S01008875,1012,744,268
S01008876,693,394,299
S01008877,672,348,324
S01008878,1002,535,467
S01008879,696,395,301
S01008880,629,334,295
S01008881,570,272,298
S01008882,1040,496,544
S01008883,982,380,602
S01008884,684,234,450
S01008885,739,237,502
S01008886,983,527,456
S01008887,643,311,332
S01008888,1155,810,345
S01008889,745,398,347
S01008890,693,259,434
S01008891,628,217,411
S01008892,1007,540,467
S01008893,890,281,609
S01008894,796,229,567
S01008895,677,291,386
S01008896,816,279,537
S01008897,717,274,443
S01008898,821,303,518
S01008899,669,472,197
S01008900,789,470,319
S01008901,941,513,428
S01008902,914,581,333
S01008903,909,509,400
S01008904,897,594,303
S01008905,993,716,277
S01008906,741,535,206
S01008907,741,542,199
S01008908,858,540,318
S01008909,896,491,405
S01008910,1451,887,564
S01008911,1188,796,392
S01008912,722,326,396
S01008913,390,214,176
S01008914,937,490,447
S01008915,561,299,262
S01008916,1071,730,341
S01008917,562,445,117
S01008918,598,427,171
S01008919,513,385,128
S01008920,1252,897,355
S01008921,1142,853,289
S01008922,947,592,355
S01008923,1086,799,287
S01008924,1787,1202,585
S01008925,593,354,239
S01008926,1298,836,462
S01008927,963,659,304
S01008928,721,478,243
S01008929,1146,893,253
S01008930,838,574,264
S01008931,594,412,182
S01008932,936,628,308
S01008933,680,449,231
S01008934,644,399,245
S01008935,882,371,511
S01008936,506,146,360
S01008937,694,400,294
S01008938,816,304,512
S01008939,659,268,391
S01008940,634,187,447
S01008941,727,241,486
S01008942,977,397,580
S01008943,672,201,471
S01008944,809,283,526
S01008945,879,287,592
S01008946,769,271,498
S01008947,936,308,628
S01008948,881,446,435
S01008949,1115,579,536
S01008950,883,474,409
S01008951,872,587,285
S01008952,1189,742,447
S01008953,940,508,432
S01008954,833,524,309
S01008955,722,367,355
S01008956,1009,598,411
S01008957,911,467,444
S01008958,687,427,260
S01008959,850,423,427
S01008960,757,275,482
S01008961,834,456,378
S01008962,530,230,300
S01008963,815,316,499
S01008964,615,202,413
S01008965,628,204,424
S01008966,745,282,463
S01008967,937,314,623
S01008968,940,306,634
S01008969,897,349,548
S01008970,937,371,566
S01008971,568,189,379
S01008972,1271,571,700
S01008973,727,401,326
S01008974,764,399,365
S01008975,799,478,321
S01008976,607,242,365
S01008977,706,254,452
S01008978,574,312,262
S01008979,657,384,273
S01008980,620,362,258
S01008981,688,249,439
S01008982,730,447,283
S01008983,687,520,167
S01008984,390,229,161
S01008985,668,353,315
S01008986,794,293,501
S01008987,884,351,533
S01008988,928,577,351
S01008989,880,512,368
S01008990,1014,602,412
S01008991,1002,472,530
S01008992,382,173,209
S01008993,1055,497,558
S01008994,839,378,461
S01008995,909,363,546
S01008996,602,303,299
S01008997,865,412,453
S01008998,882,449,433
S01008999,805,447,358
S01009000,927,345,582
S01009001,653,220,433
S01009002,735,287,448
S01009003,819,312,507
S01009004,670,291,379
S01009005,805,366,439
S01009006,1095,513,582
S01009007,709,362,347
S01009008,780,348,432
S01009009,381,274,107
S01009010,1114,444,670
S01009011,956,340,616
S01009012,722,267,455
S01009013,854,329,525
S01009014,673,386,287
S01009015,511,271,240
S01009016,436,211,225
S01009017,588,307,281
S01009018,601,301,300
S01009019,726,350,376
S01009020,833,429,404
S01009021,634,315,319
S01009022,788,435,353
S01009023,810,380,430
S01009024,1066,531,535
S01009025,761,378,383
S01009026,956,483,473
S01009027,769,373,396
S01009028,544,254,290
S01009029,713,360,353
S01009030,866,441,425
S01009031,656,327,329
S01009032,559,259,300
S01009033,745,355,390
S01009034,558,236,322
S01009035,760,332,428
S01009036,814,388,426
S01009037,798,391,407
S01009038,868,400,468
S01009039,778,457,321
S01009040,721,480,241
S01009041,998,656,342
S01009042,724,433,291
S01009043,1042,594,448
S01009044,905,523,382
S01009045,931,521,410
S01009046,710,316,394
S01009047,648,285,363
S01009048,686,281,405
S01009049,641,284,357
S01009050,815,390,425
S01009051,859,442,417
S01009052,759,377,382
S01009053,424,314,110
S01009054,584,308,276
S01009055,693,298,395
S01009056,432,249,183
S01009057,614,431,183
S01009058,879,503,376
S01009059,700,339,361
S01009060,966,431,535
S01009061,763,357,406
S01009062,723,374,349
S01009063,614,253,361
S01009064,563,310,253
S01009065,1328,733,595
S01009066,594,317,277
S01009067,494,166,328
S01009068,732,391,341
S01009069,742,276,466
S01009070,770,326,444
S01009071,540,231,309
S01009072,984,349,635
S01009073,703,361,342
S01009074,842,457,385
S01009075,587,284,303
S01009076,933,409,524
S01009077,755,326,429
S01009078,454,181,273
S01009079,1109,631,478
S01009080,1622,812,810
S01009081,1234,552,682
S01009082,1348,648,700
S01009083,625,306,319
S01009084,3082,1193,1889
S01009085,977,365,612
S01009086,1313,517,796
S01009087,1223,507,716
S01009088,997,369,628
S01009089,642,357,285
S01009090,376,206,170
S01009091,1323,466,857
S01009092,872,411,461
S01009093,792,449,343
S01009094,735,210,525
S01009095,1105,548,557
S01009096,879,439,440
S01009097,1389,603,786
S01009098,426,139,287
S01009099,708,370,338
S01009100,1029,631,398
S01009101,854,456,398
S01009102,797,492,305
S01009103,551,213,338
S01009104,650,338,312
S01009105,639,322,317
S01009106,658,335,323
S01009107,988,439,549
S01009108,755,293,462
S01009109,805,276,529
S01009110,664,324,340
S01009111,865,414,451
S01009112,470,153,317
S01009113,545,238,307
S01009114,716,304,412
S01009115,789,412,377
S01009116,681,288,393
S01009117,600,332,268
S01009118,471,166,305
S01009119,735,367,368
S01009120,609,301,308
S01009121,918,511,407
S01009122,1117,489,628
S01009123,300,140,160
S01009124,725,304,421
S01009125,802,390,412
S01009126,646,414,232
S01009127,534,347,187
S01009128,811,600,211
S01009129,488,313,175
S01009130,565,321,244
S01009131,701,473,228
S01009132,740,371,369
S01009133,626,380,246
S01009134,838,434,404
S01009135,447,262,185
S01009136,901,390,511
S01009137,1107,420,687
S01009138,834,405,429
S01009139,495,364,131
S01009140,616,395,221
S01009141,578,454,124
S01009142,747,530,217
S01009143,501,345,156
S01009144,1173,633,540
S01009145,1505,804,701
S01009146,1003,586,417
S01009147,1309,744,565
S01009148,611,325,286
S01009149,744,378,366
S01009150,745,467,278
S01009151,766,435,331
S01009152,796,557,239
S01009153,681,457,224
S01009154,852,446,406
S01009155,572,279,293
S01009156,1110,396,714
S01009157,756,376,380
S01009158,708,394,314
S01009159,496,338,158
S01009160,583,365,218
S01009161,762,531,231
S01009162,643,449,194
S01009163,494,287,207
S01009164,788,405,383
S01009165,591,366,225
S01009166,770,491,279
S01009167,582,307,275
S01009168,949,403,546
S01009169,791,468,323
S01009170,529,288,241
S01009171,1384,631,753
S01009172,860,359,501
S01009173,1138,369,769
S01009174,68,22,46
S01009175,1314,402,912
S01009176,1131,344,787
S01009177,648,366,282
S01009178,638,389,249
S01009179,681,330,351
S01009180,805,419,386
S01009181,1165,526,639
S01009182,949,410,539
S01009183,828,330,498
S01009184,983,513,470
S01009185,896,455,441
S01009186,797,364,433
S01009187,893,331,562
S01009188,1115,540,575
S01009189,1171,506,665
S01009190,1322,810,512
S01009191,545,160,385
S01009192,1171,743,428
S01009193,606,301,305
S01009194,780,273,507
S01009195,1277,798,479
S01009196,584,291,293
S01009197,1569,526,1043
S01009198,705,288,417
S01009199,695,275,420
S01009200,1076,394,682
S01009201,562,250,312
S01009202,451,145,306
S01009203,485,272,213
S01009204,855,454,401
S01009205,975,406,569
S01009206,896,409,487
S01009207,792,287,505
S01009208,540,217,323
S01009209,1131,528,603
S01009210,734,366,368
S01009211,587,337,250
S01009212,744,377,367
S01009213,746,465,281
S01009214,1025,485,540
S01009215,915,483,432
S01009216,911,483,428
S01009217,679,448,231
S01009218,964,463,501
S01009219,635,364,271
S01009220,528,310,218
S01009221,506,277,229
S01009222,518,288,230
S01009223,463,224,239
S01009224,837,481,356
S01009225,642,339,303
S01009226,1036,632,404
S01009227,580,347,233
S01009228,645,416,229
S01009229,784,391,393
S01009230,750,398,352
S01009231,810,390,420
S01009232,557,411,146
S01009233,654,338,316
S01009234,923,611,312
S01009235,759,442,317
S01009236,625,274,351
S01009237,643,292,351
S01009238,844,443,401
S01009239,702,428,274
S01009240,541,433,108
S01009241,721,459,262
S01009242,776,311,465
S01009243,928,400,528
S01009244,694,212,482
S01009245,711,305,406
S01009246,860,423,437
S01009247,1010,526,484
S01009248,589,235,354
S01009249,879,510,369
S01009250,637,324,313
S01009251,462,189,273
S01009252,359,122,237
S01009253,615,319,296
S01009254,763,453,310
S01009255,664,461,203
S01009256,535,217,318
S01009257,598,329,269
S01009258,1266,551,715
S01009259,880,329,551
S01009260,1707,888,819
S01009261,678,413,265
S01009262,673,395,278
S01009263,972,493,479
S01009264,666,316,350
S01009265,671,361,310
S01009266,916,432,484
S01009267,715,395,320
S01009268,774,381,393
S01009269,1234,608,626
S01009270,627,367,260
S01009271,744,278,466
S01009272,704,379,325
S01009273,790,295,495
S01009274,751,333,418
S01009275,563,284,279
S01009276,882,326,556
S01009277,635,197,438
S01009278,672,270,402
S01009279,880,369,511
S01009280,698,426,272
S01009281,744,439,305
S01009282,1108,465,643
S01009283,482,223,259
S01009284,650,260,390
S01009285,705,297,408
S01009286,840,349,491
S01009287,706,234,472
S01009288,808,331,477
S01009289,762,302,460
S01009290,538,175,363
S01009291,986,369,617
S01009292,425,243,182
S01009293,785,362,423
S01009294,790,287,503
S01009295,621,220,401
S01009296,830,365,465
S01009297,1306,498,808
S01009298,1078,728,350
S01009299,928,535,393
S01009300,530,367,163
S01009301,909,678,231
S01009302,736,538,198
S01009303,666,309,357
S01009304,975,528,447
S01009305,895,554,341
S01009306,1091,734,357
S01009307,1158,789,369
S01009308,965,712,253
S01009309,625,405,220
S01009310,804,339,465
S01009311,797,425,372
S01009312,852,530,322
S01009313,561,359,202
S01009314,751,310,441
S01009315,593,334,259
S01009316,772,331,441
S01009317,763,291,472
S01009318,790,285,505
S01009319,835,295,540
S01009320,769,350,419
S01009321,872,303,569
S01009322,725,281,444
S01009323,1160,517,643
S01009324,506,289,217
S01009325,766,299,467
S01009326,446,293,153
S01009327,562,243,319
S01009328,877,298,579
S01009330,118,88,30
S01009331,923,314,609
S01009332,704,266,438
S01009333,724,447,277
S01009334,511,329,182
S01009335,634,347,287
S01009336,518,362,156
S01009337,719,444,275
S01009338,1503,726,777
S01009339,874,600,274
S01009340,709,422,287
S01009341,799,479,320
S01009342,710,421,289
S01009343,453,254,199
S01009344,627,325,302
S01009345,961,495,466
S01009346,4342,1731,2611
S01009347,4495,1796,2699
S01009348,4428,1772,2656
S01009349,763,276,487
S01009350,131,62,69
S01009351,86,41,45
S01009352,63,19,44
S01009353,4668,1856,2812
S01009354,5105,2007,3098
S01009355,867,327,540
S01009356,828,324,504
S01009357,525,179,346
S01009358,360,101,259
S01009359,918,334,584
S01009360,704,326,378
S01009361,731,302,429
S01009362,1008,371,637
S01009363,786,409,377
S01009364,694,333,361
S01009365,679,346,333
S01009366,728,388,340
S01009367,611,344,267
S01009368,771,348,423
S01009369,812,397,415
S01009370,737,370,367
S01009371,438,225,213
S01009372,531,281,250
S01009373,765,492,273
S01009374,853,476,377
S01009375,631,343,288
S01009376,733,390,343
S01009377,1016,675,341
S01009378,968,539,429
S01009379,688,320,368
S01009380,607,296,311
S01009381,618,348,270
S01009382,1218,740,478
S01009383,843,517,326
S01009384,466,193,273
S01009385,600,270,330
S01009386,896,513,383
S01009387,746,371,375
S01009388,915,640,275
S01009389,877,455,422
S01009390,558,184,374
S01009391,632,244,388
S01009392,405,135,270
S01009393,738,262,476
S01009394,792,409,383
S01009395,863,250,613
S01009396,613,184,429
S01009397,597,239,358
S01009398,1001,433,568
S01009399,851,332,519
S01009400,782,358,424
S01009401,790,289,501
S01009402,685,234,451
S01009403,580,230,350
S01009404,497,288,209
S01009405,613,255,358
S01009406,822,470,352
S01009407,427,197,230
S01009408,688,293,395
S01009409,655,325,330
S01009410,698,395,303
S01009411,1090,571,519
S01009412,712,406,306
S01009413,1085,543,542
S01009414,662,293,369
S01009415,1013,604,409
S01009416,520,179,341
S01009417,1131,458,673
S01009418,1138,609,529
S01009419,1582,733,849
S01009420,573,391,182
S01009421,553,318,235
S01009422,1728,768,960
S01009423,1016,396,620
S01009424,632,264,368
S01009425,734,382,352
S01009426,852,538,314
S01009427,504,326,178
S01009428,566,327,239
S01009429,698,409,289
S01009430,604,359,245
S01009431,1592,757,835
S01009432,857,489,368
S01009433,632,378,254
S01009434,444,244,200
S01009435,763,467,296
S01009436,651,374,277
S01009437,779,441,338
S01009438,921,496,425
S01009439,911,482,429
S01009440,730,435,295
S01009441,722,451,271
S01009442,1025,438,587
S01009443,2096,890,1206
S01009444,722,244,478
S01009445,896,422,474
S01009446,1271,745,526
S01009447,645,364,281
S01009448,614,292,322
S01009449,556,284,272
S01009450,547,381,166
S01009451,981,568,413
S01009452,698,462,236
S01009453,891,546,345
S01009454,880,379,501
S01009455,1143,464,679
S01009456,727,422,305
S01009457,658,278,380
S01009458,568,322,246
S01009459,906,557,349
S01009460,650,461,189
S01009461,563,213,350
S01009462,968,406,562
S01009463,866,362,504
S01009464,691,290,401
S01009465,978,414,564
S01009466,687,272,415
S01009467,720,287,433
S01009468,638,368,270
S01009469,692,349,343
S01009470,1302,503,799
S01009471,595,396,199
S01009472,948,574,374
S01009473,863,596,267
S01009474,685,421,264
S01009475,201,72,129
S01009476,1003,354,649
S01009477,942,567,375
S01009478,851,594,257
S01009479,932,583,349
S01009480,999,491,508
S01009481,801,528,273
S01009482,566,375,191
S01009483,614,397,217
S01009484,1076,610,466
S01009485,654,357,297
S01009486,692,337,355
S01009487,1004,519,485
S01009488,759,333,426
S01009489,730,445,285
S01009490,655,427,228
S01009491,594,329,265
S01009492,732,376,356
S01009493,1596,541,1055
S01009494,953,363,590
S01009495,727,295,432
S01009496,660,342,318
S01009497,931,447,484
S01009498,554,179,375
S01009499,665,306,359
S01009500,688,459,229
S01009501,656,377,279
S01009502,789,447,342
S01009503,808,448,360
S01009504,644,404,240
S01009505,699,498,201
S01009506,893,574,319
S01009507,844,451,393
S01009508,928,587,341
S01009509,869,531,338
S01009510,689,267,422
S01009511,779,279,500
S01009512,817,290,527
S01009513,778,261,517
S01009514,695,243,452
S01009515,690,348,342
S01009516,965,459,506
S01009517,77,41,36
S01009518,1608,660,948
S01009519,768,318,450
S01009520,2179,881,1298
S01009521,769,398,371
S01009522,929,512,417
S01009523,622,376,246
S01009524,683,426,257
S01009525,447,282,165
S01009526,576,385,191
S01009527,749,491,258
S01009528,729,489,240
S01009529,923,517,406
S01009530,794,344,450
S01009531,771,466,305
S01009532,863,510,353
S01009533,790,552,238
S01009534,651,482,169
S01009535,715,510,205
S01009536,417,242,175
S01009537,502,289,213
S01009538,873,600,273
S01009539,832,414,418
S01009540,854,565,289
S01009541,1032,475,557
S01009542,855,505,350
S01009543,821,382,439
S01009544,861,403,458
S01009545,888,436,452
S01009546,623,344,279
S01009547,815,407,408
S01009548,845,447,398
S01009549,1080,477,603
S01009550,462,212,250
S01009551,530,267,263
S01009552,1470,662,808
S01009553,880,544,336
S01009554,678,391,287
S01009555,760,418,342
S01009556,727,416,311
S01009557,751,480,271
S01009558,513,306,207
S01009559,962,582,380
S01009560,651,412,239
S01009561,507,323,184
S01009562,919,491,428
S01009563,749,390,359
S01009564,566,264,302
S01009565,457,246,211
S01009566,1307,595,712
S01009567,770,442,328
S01009568,700,384,316
S01009569,828,409,419
S01009570,531,312,219
S01009571,612,417,195
S01009572,842,535,307
S01009573,585,340,245
S01009574,1216,657,559
S01009575,673,375,298
S01009576,1098,431,667
S01009577,746,300,446
S01009578,858,477,381
S01009579,236,125,111
S01009580,915,345,570
S01009581,646,298,348
S01009582,458,252,206
S01009583,623,342,281
S01009584,432,192,240
S01009585,986,474,512
S01009586,930,464,466
S01009587,869,505,364
S01009588,897,501,396
S01009589,924,480,444
S01009590,722,233,489
S01009591,805,338,467
S01009592,902,313,589
S01009593,573,211,362
S01009594,496,176,320
S01009595,644,289,355
S01009596,838,453,385
S01009597,805,515,290
S01009598,540,363,177
S01009599,948,511,437
S01009600,812,514,298
S01009601,708,425,283
S01009602,614,187,427
S01009603,588,249,339
S01009604,605,292,313
S01009605,810,377,433
S01009606,629,298,331
S01009607,445,129,316
S01009608,489,282,207
S01009609,885,391,494
S01009610,897,462,435
S01009611,368,115,253
S01009612,506,265,241
S01009613,568,193,375
S01009614,535,201,334
S01009615,537,206,331
S01009616,1376,608,768
S01009617,664,271,393
S01009618,797,459,338
S01009619,611,362,249
S01009620,767,466,301
S01009621,655,386,269
S01009622,669,493,176
S01009623,606,332,274
S01009624,733,399,334
S01009625,1292,640,652
S01009626,642,389,253
S01009627,747,413,334
S01009628,551,284,267
S01009629,1263,638,625
S01009630,632,383,249
S01009631,653,462,191
S01009632,548,391,157
S01009633,548,346,202
S01009634,664,390,274
S01009635,1023,612,411
S01009636,752,552,200
S01009637,792,457,335
S01009638,555,326,229
S01009639,878,405,473
S01009640,732,473,259
S01009641,759,477,282
S01009642,863,524,339
S01009643,633,244,389
S01009644,464,241,223
S01009645,726,406,320
S01009646,583,290,293
S01009647,512,342,170
S01009648,1054,552,502
S01009649,1220,589,631
S01009650,692,250,442
S01009651,790,337,453
S01009652,962,411,551
S01009653,663,228,435
S01009654,475,251,224
S01009655,799,447,352
S01009656,692,418,274
S01009657,810,386,424
S01009658,952,444,508
S01009659,524,287,237
S01009660,820,408,412
S01009661,1455,545,910
S01009662,722,314,408
S01009663,650,310,340
S01009664,926,350,576
S01009665,1133,482,651
S01009666,975,413,562
S01009667,437,155,282
S01009668,463,187,276
S01009669,517,218,299
S01009670,651,306,345
S01009671,770,362,408
S01009672,1012,468,544
S01009673,742,368,374
S01009674,952,387,565
S01009675,748,312,436
S01009676,1116,475,641
S01009677,625,267,358
S01009678,509,233,276
S01009679,972,518,454
S01009680,1048,551,497
S01009681,673,378,295
S01009682,710,258,452
S01009683,759,396,363
S01009684,1176,488,688
S01009685,938,464,474
S01009686,1121,662,459
S01009687,837,366,471
S01009688,955,569,386
S01009689,519,343,176
S01009690,663,393,270
S01009691,626,260,366
S01009692,1065,457,608
S01009693,734,281,453
S01009694,1043,408,635
S01009695,792,282,510
S01009696,845,335,510
S01009697,668,280,388
S01009698,590,233,357
S01009699,494,208,286
S01009700,551,257,294
S01009701,682,289,393
S01009702,518,219,299
S01009703,704,338,366
S01009704,906,377,529
S01009705,618,324,294
S01009706,661,343,318
S01009707,404,202,202
S01009708,634,272,362
S01009709,693,314,379
S01009710,521,242,279
S01009711,830,456,374
S01009712,566,258,308
S01009713,775,371,404
S01009714,802,355,447
S01009715,564,278,286
S01009716,1106,541,565
S01009717,1332,993,339
S01009718,780,536,244
S01009719,839,472,367
S01009720,777,478,299
S01009721,651,587,64
S01009722,1078,937,141
S01009723,1040,908,132
S01009724,1004,809,195
S01009725,1007,815,192
S01009726,1026,930,96
S01009727,1300,604,696
S01009728,640,260,380
S01009729,840,306,534
S01009730,1430,690,740
S01009731,877,407,470
S01009732,3055,2724,331
S01009733,595,248,347
S01009734,1609,910,699
S01009735,1213,763,450
S01009736,3136,2965,171
S01009737,636,200,436
S01009738,371,187,184
S01009739,572,203,369
S01009740,652,331,321
S01009741,704,424,280
S01009742,418,143,275
S01009743,1002,344,658
S01009744,698,253,445
S01009745,956,337,619
S01009746,663,251,412
S01009747,830,440,390
S01009748,588,200,388
S01009749,815,361,454
S01009750,621,341,280
S01009751,872,490,382
S01009752,736,267,469
S01009753,719,321,398
S01009754,1290,665,625
S01009755,547,254,293
S01009756,739,279,460
S01009757,656,201,455
S01009758,864,488,376
S01009759,873,657,216
S01009760,852,577,275
S01009761,1758,727,1031
S01009762,835,557,278
S01009763,346,146,200
S01009764,902,556,346
S01009765,852,503,349
S01009766,675,342,333
S01009767,1602,695,907
S01009768,588,341,247
S01009769,1175,673,502
S01009770,661,271,390
S01009771,671,270,401
S01009772,1520,604,916
S01009773,132,78,54
S01009774,70,26,44
S01009775,682,494,188
S01009776,881,657,224
S01009777,477,370,107
S01009778,941,631,310
S01009779,645,480,165
S01009780,980,670,310
S01009781,633,472,161
S01009782,772,476,296
S01009783,566,407,159
S01009784,744,512,232
S01009785,899,650,249
S01009786,880,675,205
S01009787,700,507,193
S01009788,1047,646,401
S01009789,961,628,333
S01009790,807,505,302
S01009791,599,420,179
S01009792,342,146,196
S01009793,816,436,380
S01009794,371,146,225
S01009795,779,326,453
S01009796,1532,783,749
S01009797,762,349,413
S01009798,823,428,395
S01009799,1125,816,309
S01009800,968,640,328
S01009801,965,647,318
S01009802,772,519,253
S01009803,870,596,274
S01009804,1278,687,591
S01009805,743,508,235
S01009806,1045,734,311
S01009807,740,476,264
S01009808,1106,811,295
S01009809,858,575,283
S01009810,767,538,229
S01009811,1075,739,336
S01009812,723,505,218
S01009813,862,614,248
S01009814,940,553,387
S01009815,824,534,290
S01009816,901,544,357
S01009817,724,449,275
S01009818,852,375,477
S01009819,866,468,398
S01009820,790,448,342
S01009821,617,315,302
S01009822,614,366,248
S01009823,854,590,264
S01009824,844,543,301
S01009825,1062,701,361
S01009826,609,413,196
S01009827,695,452,243
S01009828,1038,693,345
S01009829,912,633,279
S01009830,729,448,281
S01009831,905,561,344
S01009832,900,560,340
S01009833,524,295,229
S01009834,910,614,296
S01009835,486,382,104
S01009836,815,456,359
S01009837,881,592,289
S01009838,635,477,158
S01009839,894,773,121
S01009840,848,547,301
S01009841,979,777,202
S01009842,775,538,237
S01009843,590,447,143
S01009844,600,487,113
S01009845,1074,851,223
S01009846,810,557,253
S01009847,588,465,123
S01009848,738,485,253
S01009849,910,672,238
S01009850,861,584,277
S01009851,931,628,303
S01009852,495,295,200
S01009853,765,514,251
S01009854,764,486,278
S01009855,645,381,264
S01009856,548,387,161
S01009857,732,431,301
S01009858,822,496,326
S01009859,934,726,208
S01009860,938,738,200
S01009861,1192,919,273
S01009862,961,742,219
S01009863,844,615,229
S01009864,733,579,154
S01009865,493,377,116
S01009866,898,617,281
S01009867,1132,886,246
S01009868,974,723,251
S01009869,736,514,222
S01009870,758,564,194
S01009871,853,573,280
S01009872,687,449,238
S01009873,788,450,338
S01009874,868,517,351
S01009875,674,412,262
S01009876,827,568,259
S01009877,761,391,370
S01009878,542,290,252
S01009879,829,331,498
S01009880,920,436,484
S01009881,710,419,291
S01009882,1213,854,359
S01009883,948,585,363
S01009884,772,437,335
S01009885,663,346,317
S01009886,626,375,251
S01009887,897,625,272
S01009888,602,340,262
S01009889,908,574,334
S01009890,624,413,211
S01009891,635,437,198
S01009892,1013,708,305
S01009893,790,564,226
S01009894,832,612,220
S01009895,745,503,242
S01009896,987,723,264
S01009897,1059,647,412
S01009898,796,488,308
S01009899,910,673,237
S01009900,1024,777,247
S01009901,905,651,254
S01009902,984,689,295
S01009903,832,497,335
S01009904,696,514,182
S01009905,622,435,187
S01009906,557,385,172
S01009907,1156,935,221
S01009908,1124,755,369
S01009909,814,611,203
S01009910,713,509,204
S01009911,1041,592,449
S01009912,893,475,418
S01009913,809,321,488
S01009914,819,376,443
S01009915,752,386,366
S01009916,997,418,579
S01009917,721,367,354
S01009918,714,307,407
S01009919,1034,747,287
S01009920,994,750,244
S01009921,714,573,141
S01009922,1163,881,282
S01009923,872,662,210
S01009924,985,757,228
S01009925,1025,781,244
S01009926,862,617,245
S01009927,542,378,164
S01009928,821,530,291
S01009929,483,251,232
S01009930,929,693,236
S01009931,795,625,170
S01009932,924,663,261
S01009933,1391,1018,373
S01009934,1169,647,522
S01009935,670,541,129
S01009936,954,634,320
S01009937,621,457,164
S01009938,865,609,256
S01009939,919,739,180
S01009940,678,494,184
S01009941,961,458,503
S01009942,933,623,310
S01009943,1029,729,300
S01009944,884,504,380
S01009945,881,633,248
S01009946,816,528,288
S01009947,699,414,285
S01009948,1015,643,372
S01009949,783,478,305
S01009950,593,238,355
S01009951,694,258,436
S01009952,877,434,443
S01009953,1098,545,553
S01009954,582,265,317
S01009955,962,524,438
S01009956,710,451,259
S01009957,1055,456,599
S01009958,957,395,562
S01009959,756,331,425
S01009960,1127,621,506
S01009961,580,350,230
S01009962,949,683,266
S01009963,969,429,540
S01009964,1027,535,492
S01009965,783,306,477
S01009966,979,403,576
S01009967,862,437,425
S01009968,523,235,288
S01009969,1128,563,565
S01009970,835,639,196
S01009971,1226,792,434
S01009972,744,441,303
S01009973,656,374,282
S01009974,730,543,187
S01009975,704,556,148
S01009976,612,478,134
S01009977,953,771,182
S01009978,1062,821,241
S01009979,856,629,227
S01009980,603,482,121
S01009981,762,585,177
S01009982,767,522,245
S01009983,499,416,83
S01009984,797,560,237
S01009985,467,370,97
S01009986,571,428,143
S01009987,747,512,235
S01009988,597,452,145
S01009989,851,544,307
S01009990,805,496,309
S01009991,816,491,325
S01009992,748,559,189
S01009993,659,390,269
S01009994,532,318,214
S01009995,535,329,206
S01009996,702,421,281
S01009997,524,319,205
S01009998,779,350,429
S01009999,723,312,411
S01010000,681,408,273
S01010001,617,349,268
S01010002,1090,626,464
S01010003,792,366,426
S01010004,770,341,429
S01010005,886,721,165
S01010006,1175,951,224
S01010007,805,405,400
S01010008,689,509,180
S01010009,607,504,103
S01010010,1204,546,658
S01010011,795,636,159
S01010012,1251,586,665
S01010013,879,623,256
S01010014,1131,748,383
S01010015,911,643,268
S01010016,611,364,247
S01010017,782,540,242
S01010018,991,722,269
S01010019,961,752,209
S01010020,846,575,271
S01010021,624,466,158
S01010022,855,641,214
S01010023,1183,952,231
S01010024,679,511,168
S01010025,790,645,145
S01010026,1538,1185,353
S01010027,1635,1304,331
S01010028,658,517,141
S01010029,468,352,116
S01010030,805,606,199
S01010031,1000,838,162
S01010032,1477,1275,202
S01010033,949,661,288
S01010034,1308,1113,195
S01010035,857,729,128
S01010036,1522,1294,228
S01010037,900,655,245
S01010038,1206,935,271
S01010039,999,877,122
S01010040,820,600,220
S01010041,967,835,132
S01010042,1296,1048,248
S01010043,877,692,185
S01010044,1269,964,305
S01010045,649,495,154
S01010046,939,727,212
S01010047,883,691,192
S01010048,1147,840,307
S01010049,844,668,176
S01010050,807,666,141
S01010051,700,555,145
S01010052,555,450,105
S01010053,700,518,182
S01010054,571,440,131
S01010055,1144,888,256
S01010056,474,374,100
S01010057,445,346,99
S01010058,796,630,166
S01010059,641,517,124
S01010060,836,637,199
S01010061,683,449,234
S01010062,646,445,201
S01010063,967,773,194
S01010064,635,430,205
S01010065,709,499,210
S01010066,608,450,158
S01010067,845,673,172
S01010068,624,448,176
S01010069,928,471,457
S01010070,556,258,298
S01010071,768,472,296
S01010072,956,492,464
S01010073,878,426,452
S01010074,973,491,482
S01010075,674,394,280
S01010076,702,411,291
S01010077,605,394,211
S01010078,558,255,303
S01010079,793,293,500
S01010080,713,291,422
S01010081,965,400,565
S01010082,742,414,328
S01010083,860,513,347
S01010084,945,597,348
S01010085,948,430,518
S01010086,868,574,294
S01010087,506,174,332
S01010088,1154,520,634
S01010089,916,573,343
S01010090,941,516,425
S01010091,1376,626,750
S01010092,967,611,356
S01010093,803,453,350
S01010094,1004,480,524
S01010095,1018,447,571
S01010096,761,381,380
S01010097,603,287,316
S01010098,600,256,344
S01010099,806,360,446
S01010100,766,364,402
S01010101,942,478,464
S01010102,599,271,328
S01010103,701,329,372
S01010104,794,391,403
S01010105,631,494,137
S01010106,507,347,160
S01010107,831,623,208
S01010108,623,392,231
S01010109,1789,1048,741
S01010110,884,660,224
S01010111,886,683,203
S01010112,882,702,180
S01010113,395,279,116
S01010114,688,506,182
S01010115,486,262,224
S01010116,1115,710,405
S01010117,1079,509,570
S01010118,597,502,95
S01010119,389,284,105
S01010120,772,594,178
S01010121,628,487,141
S01010122,436,335,101
S01010123,535,406,129
S01010124,572,391,181
S01010125,695,496,199
S01010126,530,305,225
S01010127,584,402,182
S01010128,545,444,101
S01010129,782,613,169
S01010130,759,503,256
S01010131,992,499,493
S01010132,927,666,261
S01010133,790,579,211
S01010134,1055,761,294
S01010135,979,639,340
S01010136,899,541,358
S01010137,1150,829,321
S01010138,885,708,177
S01010139,1064,734,330
S01010140,802,585,217
S01010141,885,698,187
S01010142,554,376,178
S01010143,701,451,250
S01010144,575,434,141
S01010145,650,438,212
S01010146,1041,807,234
S01010147,899,714,185
S01010148,1136,823,313
S01010149,636,455,181
S01010150,776,519,257
S01010151,814,552,262
S01010152,827,512,315
S01010153,910,616,294
S01010154,854,569,285
S01010155,730,474,256
S01010156,876,604,272
S01010157,803,546,257
S01010158,790,514,276
S01010159,628,395,233
S01010160,648,463,185
S01010161,695,452,243
S01010162,823,673,150
S01010163,985,687,298
S01010164,696,482,214
S01010165,490,368,122
S01010166,1220,765,455
S01010167,786,540,246
S01010168,485,353,132
S01010169,666,480,186
S01010170,718,492,226
S01010171,1213,876,337
S01010172,692,539,153
S01010173,927,567,360
S01010174,1404,1105,299
S01010175,384,251,133
S01010176,824,567,257
S01010177,571,416,155
S01010178,803,607,196
S01010179,1313,883,430
S01010180,696,454,242
S01010181,839,564,275
S01010182,946,473,473
S01010183,1234,684,550
S01010184,517,376,141
S01010185,562,404,158
S01010186,523,240,283
S01010187,691,422,269
S01010188,1563,830,733
S01010189,739,300,439
S01010190,240,159,81
S01010191,531,252,279
S01010192,781,325,456
S01010193,770,450,320
S01010194,603,403,200
S01010195,848,524,324
S01010196,703,464,239
S01010197,634,451,183
S01010198,941,643,298
S01010199,530,398,132
S01010200,580,361,219
S01010201,765,424,341
S01010202,535,440,95
S01010203,582,317,265
S01010204,943,694,249
S01010205,568,396,172
S01010206,341,227,114
S01010207,547,365,182
S01010208,915,703,212
S01010209,860,617,243
S01010210,902,567,335
S01010211,768,571,197
S01010212,1034,761,273
S01010213,949,649,300
S01010214,800,430,370
S01010215,881,691,190
S01010216,863,702,161
S01010217,803,625,178
S01010218,1017,814,203
S01010219,602,445,157
S01010220,527,391,136
S01010221,561,459,102
S01010222,632,483,149
S01010223,583,463,120
S01010224,1068,832,236
S01010225,779,528,251
S01010226,591,391,200
S01010227,645,396,249
S01010228,615,446,169
S01010229,892,622,270
S01010230,1149,857,292
S01010231,782,589,193
S01010232,664,460,204
S01010233,1215,856,359
S01010234,986,753,233
S01010235,837,705,132
S01010236,652,485,167
S01010237,900,680,220
S01010238,956,746,210
S01010239,891,728,163
S01010240,996,763,233
S01010241,936,749,187
S01010242,1002,819,183
S01010243,1127,945,182
S01010244,872,723,149
S01010245,930,755,175
S01010246,889,725,164
S01010247,833,522,311
S01010248,885,710,175
S01010249,921,766,155
S01010250,1007,817,190
S01010251,666,525,141
S01010252,654,487,167
S01010253,636,518,118
S01010254,1023,776,247
S01010255,1009,835,174
S01010256,913,755,158
S01010257,2754,2622,132
S01010258,2293,2113,180
S01010259,1551,1368,183
S01010260,1655,1548,107
S01010261,2830,2585,245
S01010262,1163,945,218
S01010263,819,707,112
S01010264,1259,1086,173
S01010265,1275,1105,170
S01010266,836,703,133
S01010267,866,778,88
S01010268,901,724,177
S01010269,922,746,176
S01010270,1407,1152,255
S01010271,870,715,155
S01010272,1193,1043,150
S01010273,1035,873,162
S01010274,663,568,95
S01010275,1327,1136,191
S01010276,926,696,230
S01010277,521,355,166
S01010278,1148,860,288
S01010279,756,601,155
S01010280,815,660,155
S01010281,731,565,166
S01010282,1165,993,172
S01010283,796,642,154
S01010284,1625,1435,190
S01010285,1025,816,209
S01010286,2258,2002,256
S01010287,1244,1077,167
S01010288,1108,904,204
S01010289,689,440,249
S01010290,775,626,149
S01010291,1071,919,152
S01010292,1131,907,224
S01010293,840,720,120
S01010294,954,791,163
S01010295,892,753,139
S01010296,762,584,178
S01010297,880,694,186
S01010298,901,718,183
S01010299,525,398,127
S01010300,1350,1131,219
S01010301,466,357,109
S01010302,743,598,145
S01010303,473,332,141
S01010304,652,547,105
S01010305,1084,896,188
S01010306,756,648,108
S01010307,824,652,172
S01010308,876,719,157
S01010309,556,401,155
S01010310,701,511,190
S01010311,859,667,192
S01010312,810,641,169
S01010313,1306,1077,229
S01010314,1308,1094,214
S01010315,846,611,235
S01010316,835,658,177
S01010317,1276,1004,272
S01010318,1664,1573,91
S01010319,937,736,201
S01010320,720,620,100
S01010321,1094,930,164
S01010322,1256,936,320
S01010323,610,528,82
S01010324,816,569,247
S01010325,896,600,296
S01010326,1062,783,279
S01010327,1047,700,347
S01010328,967,583,384
S01010329,435,297,138
S01010330,551,402,149
S01010331,1076,784,292
S01010332,848,578,270
S01010333,793,576,217
S01010334,1020,690,330
S01010335,949,653,296
S01010336,888,626,262
S01010337,722,468,254
S01010338,684,496,188
S01010339,734,486,248
S01010340,678,477,201
S01010341,655,390,265
S01010342,703,403,300
S01010343,1107,553,554
S01010344,799,600,199
S01010345,485,240,245
S01010346,968,533,435
S01010347,939,741,198
S01010348,890,553,337
S01010349,957,620,337
S01010350,1036,760,276
S01010351,836,617,219
S01010352,690,457,233
S01010353,860,672,188
S01010354,613,462,151
S01010355,985,738,247
S01010356,584,420,164
S01010357,576,446,130
S01010358,766,623,143
S01010359,1043,846,197
S01010360,445,341,104
S01010361,460,398,62
S01010362,913,715,198
S01010363,655,436,219
S01010364,990,431,559
S01010365,1035,579,456
S01010366,1242,753,489
S01010367,1576,1107,469
S01010368,814,479,335
S01010369,722,530,192
S01010370,630,444,186
S01010371,1105,807,298
S01010372,797,519,278
S01010373,687,513,174
S01010374,893,636,257
S01010375,839,689,150
S01010376,943,786,157
S01010377,1002,852,150
S01010378,901,802,99
S01010379,1463,1270,193
S01010380,1029,786,243
S01010381,1058,917,141
S01010382,886,721,165
S01010383,794,672,122
S01010384,1301,1081,220
S01010385,912,766,146
S01010386,1149,965,184
S01010387,1601,1313,288
S01010388,1001,795,206
S01010389,1649,1249,400
S01010390,1204,1025,179
S01010391,2709,2123,586
S01010392,1847,1400,447
S01010393,1532,1229,303
S01010394,854,697,157
S01010395,1053,831,222
S01010396,945,719,226
S01010397,851,661,190
S01010398,1000,738,262
S01010399,1559,1151,408
S01010400,949,612,337
S01010401,763,549,214
S01010402,1047,666,381
S01010403,1032,619,413
S01010404,1071,647,424
S01010405,872,513,359
S01010406,883,664,219
S01010407,1184,979,205
S01010408,540,276,264
S01010409,1047,467,580
S01010410,470,209,261
S01010411,1134,390,744
S01010412,871,590,281
S01010413,839,421,418
S01010414,1005,536,469
S01010415,1023,712,311
S01010416,787,391,396
S01010417,488,283,205
S01010418,1068,728,340
S01010419,1402,818,584
S01010420,944,418,526
S01010421,704,296,408
S01010422,961,505,456
S01010423,888,702,186
S01010424,862,654,208
S01010425,875,692,183
S01010426,933,733,200
S01010427,992,688,304
S01010428,1309,698,611
S01010429,772,349,423
S01010430,848,620,228
S01010431,817,369,448
S01010432,727,561,166
S01010433,641,453,188
S01010434,648,512,136
S01010435,576,359,217
S01010436,660,520,140
S01010437,467,285,182
S01010438,784,571,213
S01010439,1063,803,260
S01010440,1021,668,353
S01010441,798,597,201
S01010442,692,550,142
S01010443,620,358,262
S01010444,558,341,217
S01010445,922,623,299
S01010446,700,346,354
S01010447,900,613,287
S01010448,882,501,381
S01010449,866,525,341
S01010450,787,518,269
S01010451,906,603,303
S01010452,792,496,296
S01010453,925,677,248
S01010454,1012,620,392
S01010455,833,637,196
S01010456,542,341,201
S01010457,878,591,287
S01010458,715,450,265
S01010459,662,429,233
S01010460,654,364,290
S01010461,871,568,303
S01010462,784,605,179
S01010463,665,387,278
S01010464,564,328,236
S01010465,848,505,343
S01010466,1459,1070,389
S01010467,874,523,351
S01010468,1009,597,412
S01010469,765,619,146
S01010470,774,510,264
S01010471,760,492,268
S01010472,1148,729,419
S01010473,924,689,235
S01010474,960,747,213
S01010475,1088,757,331
S01010476,928,631,297
S01010477,820,507,313
S01010478,1203,863,340
S01010479,839,528,311
S01010480,699,392,307
S01010481,640,451,189
S01010482,824,507,317
S01010483,929,625,304
S01010484,818,504,314
S01010485,866,463,403
S01010486,1009,460,549
S01010487,910,514,396
S01010488,1021,753,268
S01010489,1198,895,303
S01010490,621,492,129
S01010491,746,587,159
S01010492,590,453,137
S01010493,869,687,182
S01010494,536,352,184
S01010495,867,705,162
S01010496,1271,996,275
S01010497,795,561,234
S01010498,1044,794,250
S01010499,1048,778,270
S01010500,882,626,256
S01010501,735,516,219
S01010502,589,352,237
S01010503,674,513,161
S01010504,433,196,237
S01010505,535,253,282
S01010506,736,338,398
S01010507,884,450,434
S01010508,949,471,478
S01010509,996,453,543
S01010510,1355,625,730
S01010511,993,567,426
S01010512,749,375,374
S01010513,731,291,440
S01010514,715,387,328
S01010515,757,394,363
S01010516,515,254,261
S01010517,914,555,359
S01010518,758,436,322
S01010519,725,334,391
S01010520,932,507,425
S01010521,830,437,393
S01010522,652,409,243
S01010523,778,486,292
S01010524,514,208,306
S01010525,652,268,384
S01010526,771,394,377
S01010527,1081,592,489
S01010528,654,275,379
S01010529,881,344,537
S01010530,616,259,357
S01010531,930,430,500
S01010532,708,282,426
S01010533,791,370,421
S01010534,899,452,447
S01010535,572,241,331
S01010536,987,568,419
S01010537,1234,757,477
S01010538,833,457,376
S01010539,902,552,350
S01010540,540,257,283
S01010541,706,294,412
S01010542,885,387,498
S01010543,508,208,300
S01010544,1034,489,545
S01010545,586,294,292
S01010546,883,456,427
S01010547,622,274,348
S01010548,494,189,305
S01010549,988,366,622
S01010550,565,275,290
S01010551,638,245,393
S01010552,811,341,470
S01010553,514,203,311
S01010554,637,387,250
S01010555,874,519,355
S01010556,941,564,377
S01010557,584,285,299
S01010558,511,273,238
S01010559,674,286,388
S01010560,564,232,332
S01010561,808,330,478
S01010562,845,374,471
S01010563,657,411,246
S01010564,724,392,332
S01010565,805,367,438
S01010566,876,375,501
S01010567,1017,397,620
S01010568,1151,508,643
S01010569,831,452,379
S01010570,1275,731,544
S01010571,784,459,325
S01010572,822,532,290
S01010573,524,288,236
S01010574,473,167,306
S01010575,728,260,468
S01010576,680,251,429
S01010577,691,431,260
S01010578,461,249,212
S01010579,631,297,334
S01010580,464,290,174
S01010581,674,356,318
S01010582,560,244,316
S01010583,810,347,463
S01010584,1535,742,793
S01010585,1496,735,761
S01010586,535,182,353
S01010587,749,312,437
S01010588,676,295,381
S01010589,1776,953,823
S01010590,1354,576,778
S01010591,443,235,208
S01010592,311,186,125
S01010593,1763,809,954
S01010594,1339,668,671
S01010595,1334,672,662
S01010596,2534,1191,1343
S01010597,1802,893,909
S01010598,1902,939,963
S01010599,659,285,374
S01010600,1381,519,862
S01010601,659,283,376
S01010602,553,278,275
S01010603,697,313,384
S01010604,701,281,420
S01010605,1135,454,681
S01010606,836,483,353
S01010607,879,400,479
S01010608,590,398,192
S01010609,452,293,159
S01010610,696,336,360
S01010611,1006,603,403
S01010612,620,274,346
S01010613,707,391,316
S01010614,575,365,210
S01010615,820,494,326
S01010616,934,474,460
S01010617,822,367,455
S01010618,837,382,455
S01010619,1073,794,279
S01010620,664,580,84
S01010621,953,539,414
S01010622,520,373,147
S01010623,708,275,433
S01010624,624,374,250
S01010625,687,273,414
S01010626,872,404,468
S01010627,957,601,356
S01010628,1050,729,321
S01010629,1092,652,440
S01010630,586,356,230
S01010631,888,592,296
S01010632,805,520,285
S01010633,814,545,269
S01010634,535,321,214
S01010635,641,396,245
S01010636,843,484,359
S01010637,789,573,216
S01010638,875,551,324
S01010639,1123,809,314
S01010640,796,571,225
S01010641,1066,805,261
S01010642,774,541,233
S01010643,594,425,169
S01010644,663,523,140
S01010645,677,361,316
S01010646,692,310,382
S01010647,633,356,277
S01010648,841,465,376
S01010649,669,365,304
S01010650,594,324,270
S01010651,566,323,243
S01010652,694,357,337
S01010653,672,400,272
S01010654,638,400,238
S01010655,808,342,466
S01010656,569,240,329
S01010657,759,282,477
S01010658,915,438,477
S01010659,667,251,416
S01010660,760,375,385
S01010661,669,384,285
S01010662,744,310,434
S01010663,1232,462,770
S01010664,658,255,403
S01010665,858,401,457
S01010666,1149,528,621
S01010667,657,274,383
S01010668,1112,519,593
S01010669,489,226,263
S01010670,778,348,430
S01010671,745,340,405
S01010672,1112,590,522
S01010673,945,480,465
S01010674,959,466,493
S01010675,810,339,471
S01010676,985,471,514
S01010677,420,160,260
S01010678,861,401,460
S01010679,1320,707,613
S01010680,657,340,317
S01010681,1038,563,475
S01010682,1070,403,667
S01010683,833,357,476
S01010684,921,375,546
S01010685,669,278,391
S01010686,585,252,333
S01010687,887,381,506
S01010688,742,378,364
S01010689,869,361,508
S01010690,780,423,357
S01010691,846,382,464
S01010692,599,321,278
S01010693,318,128,190
S01010694,725,322,403
S01010695,614,267,347
S01010696,985,474,511
S01010697,921,414,507
S01010698,610,295,315
S01010699,491,211,280
S01010700,503,200,303
S01010701,1040,501,539
S01010702,944,403,541
S01010703,763,318,445
S01010704,1035,506,529
S01010705,1049,493,556
S01010706,709,346,363
S01010707,650,255,395
S01010708,887,437,450
S01010709,733,354,379
S01010710,781,419,362
S01010711,618,210,408
S01010712,671,364,307
S01010713,816,461,355
S01010714,689,447,242
S01010715,670,380,290
S01010716,858,552,306
S01010717,863,372,491
S01010718,859,377,482
S01010719,767,343,424
S01010720,753,334,419
S01010721,715,315,400
S01010722,983,457,526
S01010723,883,340,543
S01010724,706,286,420
S01010725,719,272,447
S01010726,939,401,538
S01010727,633,223,410
S01010728,811,257,554
S01010729,763,288,475
S01010730,698,269,429
S01010731,752,380,372
S01010732,651,355,296
S01010733,794,488,306
S01010734,809,500,309
S01010735,791,408,383
S01010736,419,167,252
S01010737,889,467,422
S01010738,936,484,452
S01010739,695,391,304
S01010740,522,347,175
S01010741,578,288,290
S01010742,717,376,341
S01010743,731,441,290
S01010744,970,477,493
S01010745,594,361,233
S01010746,842,412,430
S01010747,978,493,485
S01010748,526,218,308
S01010749,605,259,346
S01010750,542,198,344
S01010751,806,410,396
S01010752,824,454,370
S01010753,1031,530,501
S01010754,832,458,374
S01010755,715,395,320
S01010756,692,280,412
S01010757,760,326,434
S01010758,604,285,319
S01010759,567,311,256
S01010760,721,357,364
S01010761,443,200,243
S01010762,500,236,264
S01010763,774,383,391
S01010764,497,207,290
S01010765,1053,479,574
S01010766,653,332,321
S01010767,582,313,269
S01010768,631,308,323
S01010769,424,156,268
S01010770,720,346,374
S01010771,841,420,421
S01010772,697,330,367
S01010773,651,276,375
S01010774,1133,547,586
S01010775,526,225,301
S01010776,701,419,282
S01010777,449,300,149
S01010778,510,357,153
S01010779,787,431,356
S01010780,547,278,269
S01010781,795,381,414
S01010782,513,290,223
S01010783,734,438,296
S01010784,909,521,388
S01010785,666,287,379
S01010786,534,242,292
S01010787,733,290,443
S01010788,506,239,267
S01010789,732,313,419
S01010790,697,285,412
S01010791,842,326,516
S01010792,923,457,466
S01010793,530,218,312
S01010794,435,195,240
S01010795,1095,466,629
S01010796,1191,501,690
S01010797,633,241,392
S01010798,579,236,343
S01010799,911,555,356
S01010800,661,371,290
S01010801,673,359,314
S01010802,524,282,242
S01010803,499,310,189
S01010804,662,322,340
S01010805,1061,527,534
S01010806,741,482,259
S01010807,450,209,241
S01010808,422,181,241
S01010809,858,391,467
S01010810,429,230,199
S01010811,808,377,431
S01010812,434,227,207
S01010813,769,356,413
S01010814,627,286,341
S01010815,492,237,255
S01010816,685,279,406
S01010817,952,354,598
S01010818,1203,535,668
S01010819,859,365,494
S01010820,1097,490,607
S01010821,708,193,515
S01010822,641,296,345
S01010823,531,309,222
S01010824,893,304,589
S01010825,1223,493,730
S01010826,620,254,366
S01010827,566,214,352
S01010828,961,347,614
S01010829,977,467,510
S01010830,476,234,242
S01010831,436,136,300
S01010832,613,307,306
S01010833,970,350,620
S01010834,1371,503,868
S01010835,659,244,415
S01010836,803,432,371
S01010837,703,325,378
S01010838,945,521,424
S01010839,744,407,337
S01010840,516,332,184
S01010841,979,617,362
S01010842,868,651,217
S01010843,695,471,224
S01010844,707,308,399
S01010845,528,213,315
S01010846,742,428,314
S01010847,642,280,362
S01010848,720,485,235
S01010849,732,475,257
S01010850,807,541,266
S01010851,712,471,241
S01010852,712,370,342
S01010853,825,434,391
S01010854,701,459,242
S01010855,449,258,191
S01010856,755,487,268
S01010857,728,379,349
S01010858,930,592,338
S01010859,658,374,284
S01010860,733,412,321
S01010861,839,612,227
S01010862,532,404,128
S01010863,751,372,379
S01010864,539,198,341
S01010865,643,267,376
S01010866,784,381,403
S01010867,664,310,354
S01010868,743,394,349
S01010869,962,420,542
S01010870,864,517,347
S01010871,759,457,302
S01010872,728,483,245
S01010873,671,541,130
S01010874,760,398,362
S01010875,548,358,190
S01010876,608,454,154
S01010877,1378,950,428
S01010878,1158,748,410
S01010879,945,505,440
S01010880,543,352,191
S01010881,691,354,337
S01010882,825,409,416
S01010883,881,452,429
S01010884,965,676,289
S01010885,1106,871,235
S01010886,521,388,133
S01010887,655,463,192
S01010888,1043,709,334
S01010889,741,562,179
S01010890,789,607,182
S01010891,783,582,201
S01010892,830,628,202
S01010893,894,665,229
S01010894,689,496,193
S01010895,432,332,100
S01010896,841,581,260
S01010897,746,526,220
S01010898,1096,635,461
S01010899,590,294,296
S01010900,716,451,265
S01010901,351,237,114
S01010902,825,482,343
S01010903,746,515,231
S01010904,446,312,134
S01010905,769,509,260
S01010906,746,449,297
S01010907,467,214,253
S01010908,906,462,444
S01010909,984,484,500
S01010910,694,541,153
S01010911,810,589,221
S01010912,678,465,213
S01010913,537,271,266
S01010914,907,475,432
S01010915,799,381,418
S01010916,629,462,167
S01010917,721,480,241
S01010918,1099,606,493
S01010919,738,424,314
S01010920,557,382,175
S01010921,603,358,245
S01010922,825,504,321
S01010923,956,564,392
S01010924,572,330,242
S01010925,678,431,247
S01010926,823,440,383
S01010927,753,446,307
S01010928,613,360,253
S01010929,723,429,294
S01010930,712,266,446
S01010931,372,165,207
S01010932,1182,568,614
S01010933,668,248,420
S01010934,907,402,505
S01010935,735,315,420
S01010936,627,400,227
S01010937,627,286,341
S01010938,763,478,285
S01010939,642,262,380
S01010940,587,183,404
S01010941,1049,343,706
S01010942,563,176,387
S01010943,659,392,267
S01010944,702,458,244
S01010945,441,217,224
S01010946,845,466,379
S01010947,652,365,287
S01010948,553,246,307
S01010949,1174,391,783
S01010950,695,333,362
S01010951,591,287,304
S01010952,604,271,333
S01010953,616,290,326
S01010954,959,346,613
S01010955,824,289,535
S01010956,788,351,437
S01010957,473,163,310
S01010958,539,201,338
S01010959,726,391,335
S01010960,1179,596,583
S01010961,1163,590,573
S01010962,619,344,275
S01010963,847,414,433
S01010964,444,166,278
S01010965,852,569,283
S01010966,826,441,385
S01010967,734,414,320
S01010968,767,342,425
S01010969,653,312,341
S01010970,1276,659,617
S01010971,1416,632,784
S01010972,729,441,288
S01010973,529,231,298
S01010974,942,471,471
S01010975,523,281,242
S01010976,1671,905,766
S01010977,604,306,298
S01010978,768,491,277
S01010979,714,399,315
S01010980,676,391,285
S01010981,612,311,301
S01010982,1152,509,643
S01010983,989,418,571
S01010984,940,345,595
S01010985,690,369,321
S01010986,540,166,374
S01010987,310,102,208
S01010988,450,151,299
S01010989,1131,545,586
S01010990,636,291,345
S01010991,1473,693,780
S01010992,1347,657,690
S01010993,598,252,346
S01010994,2162,962,1200
S01010995,714,246,468
S01010996,746,294,452
S01010997,904,303,601
S01010998,1871,855,1016
S01010999,746,289,457
S01011000,936,459,477
S01011001,534,247,287
S01011002,594,326,268
S01011003,652,347,305
S01011004,637,298,339
S01011005,659,356,303
S01011006,804,410,394
S01011007,714,373,341
S01011008,735,335,400
S01011009,515,273,242
S01011010,823,517,306
S01011011,663,488,175
S01011012,924,563,361
S01011013,727,384,343
S01011014,691,323,368
S01011015,484,223,261
S01011016,922,397,525
S01011017,1324,516,808
S01011018,1199,534,665
S01011019,970,412,558
S01011020,378,141,237
S01011021,719,392,327
S01011022,565,338,227
S01011023,799,446,353
S01011024,943,577,366
S01011025,556,343,213
S01011026,456,246,210
S01011027,891,578,313
S01011028,882,563,319
S01011029,602,345,257
S01011030,798,348,450
S01011031,891,483,408
S01011032,740,423,317
S01011033,651,334,317
S01011034,713,411,302
S01011035,517,282,235
S01011036,819,440,379
S01011037,842,527,315
S01011038,803,498,305
S01011039,776,449,327
S01011040,1015,573,442
S01011041,671,421,250
S01011042,642,294,348
S01011043,974,494,480
S01011044,883,508,375
S01011045,747,336,411
S01011046,717,269,448
S01011047,859,302,557
S01011048,1038,473,565
S01011049,691,295,396
S01011050,818,333,485
S01011051,889,422,467
S01011052,1009,446,563
S01011053,594,303,291
S01011054,554,243,311
S01011055,453,199,254
S01011056,555,228,327
S01011057,597,275,322
S01011058,523,206,317
S01011059,625,250,375
S01011060,1039,505,534
S01011061,882,497,385
S01011062,1170,602,568
S01011063,945,512,433
S01011064,1081,501,580
S01011065,803,343,460
S01011066,517,239,278
S01011067,953,465,488
S01011068,644,285,359
S01011069,591,271,320
S01011070,734,266,468
S01011071,819,331,488
S01011072,921,416,505
S01011073,596,256,340
S01011074,509,241,268
S01011075,706,373,333
S01011076,949,513,436
S01011077,829,471,358
S01011078,1123,464,659
S01011079,1094,523,571
S01011080,953,476,477
S01011081,662,358,304
S01011082,638,384,254
S01011083,967,440,527
S01011084,738,292,446
S01011085,744,268,476
S01011086,546,209,337
S01011087,732,312,420
S01011088,971,480,491
S01011089,780,339,441
S01011090,612,224,388
S01011091,591,219,372
S01011092,1733,877,856
S01011093,2300,1088,1212
S01011094,641,286,355
S01011095,893,341,552
S01011096,763,346,417
S01011097,559,211,348
S01011098,955,453,502
S01011099,651,386,265
S01011100,481,220,261
S01011101,618,371,247
S01011102,610,433,177
S01011103,691,473,218
S01011104,628,383,245
S01011105,682,395,287
S01011106,644,269,375
S01011107,1723,916,807
S01011108,548,298,250
S01011109,690,329,361
S01011110,751,420,331
S01011111,880,523,357
S01011112,131,62,69
S01011113,891,430,461
S01011114,997,390,607
S01011115,751,434,317
S01011116,723,317,406
S01011117,735,336,399
S01011118,825,394,431
S01011119,789,318,471
S01011120,1004,336,668
S01011121,561,387,174
S01011122,657,378,279
S01011123,916,494,422
S01011124,505,273,232
S01011125,366,251,115
S01011126,592,284,308
S01011127,327,42,285
S01011128,826,412,414
S01011129,710,198,512
S01011130,637,343,294
S01011131,650,334,316
S01011132,745,326,419
S01011133,449,226,223
S01011134,736,413,323
S01011135,864,457,407
S01011136,563,272,291
S01011137,690,368,322
S01011138,482,247,235
S01011139,1117,748,369
S01011140,428,236,192
S01011141,1424,932,492
S01011142,990,500,490
S01011143,973,372,601
S01011144,719,296,423
S01011145,882,361,521
S01011146,819,332,487
S01011147,997,494,503
S01011148,652,307,345
S01011149,600,271,329
S01011150,660,343,317
S01011151,564,211,353
S01011152,776,421,355
S01011153,865,487,378
S01011154,553,361,192
S01011155,691,381,310
S01011156,752,334,418
S01011157,514,205,309
S01011158,520,178,342
S01011159,528,317,211
S01011160,746,392,354
S01011161,496,263,233
S01011162,666,360,306
S01011163,820,442,378
S01011164,657,324,333
S01011165,727,434,293
S01011166,508,192,316
S01011167,915,359,556
S01011168,707,285,422
S01011169,913,433,480
S01011170,756,334,422
S01011171,877,363,514
S01011172,647,299,348
S01011173,747,352,395
S01011174,682,345,337
S01011175,702,380,322
S01011176,623,299,324
S01011177,919,466,453
S01011178,465,225,240
S01011179,587,323,264
S01011180,700,403,297
S01011181,1174,441,733
S01011182,441,139,302
S01011183,609,240,369
S01011184,650,200,450
S01011185,702,295,407
S01011186,978,522,456
S01011187,723,293,430
S01011188,923,500,423
S01011189,921,524,397
S01011190,911,531,380
S01011191,601,321,280
S01011192,691,363,328
S01011193,738,435,303
S01011194,553,338,215
S01011195,723,410,313
S01011196,812,470,342
S01011197,657,383,274
S01011198,542,315,227
S01011199,639,363,276
S01011200,729,359,370
S01011201,508,248,260
S01011202,790,442,348
S01011203,1057,543,514
S01011204,474,187,287
S01011205,166,71,95
S01011206,567,256,311
S01011207,1417,597,820
S01011208,728,309,419
S01011209,561,296,265
S01011210,682,287,395
S01011211,1317,508,809
S01011212,560,291,269
S01011213,916,504,412
S01011214,884,507,377
S01011215,719,418,301
S01011216,903,564,339
S01011217,960,620,340
S01011218,699,418,281
S01011219,824,495,329
S01011220,818,502,316
S01011221,877,501,376
S01011222,555,285,270
S01011223,776,395,381
S01011224,598,346,252
S01011225,844,511,333
S01011226,946,400,546
S01011227,689,443,246
S01011228,1163,769,394
S01011229,687,441,246
S01011230,1112,801,311
S01011231,918,641,277
S01011232,821,556,265
S01011233,1140,514,626
S01011234,902,568,334
S01011235,428,265,163
S01011236,476,295,181
S01011237,803,559,244
S01011238,660,481,179
S01011239,779,574,205
S01011240,992,754,238
S01011241,914,542,372
S01011242,882,472,410
S01011243,1071,736,335
S01011244,576,445,131
S01011245,720,449,271
S01011246,818,442,376
S01011247,829,358,471
S01011248,812,342,470
S01011249,849,388,461
S01011250,927,597,330
S01011251,700,404,296
S01011252,632,421,211
S01011253,785,517,268
S01011254,996,430,566
S01011255,330,104,226
S01011256,336,128,208
S01011257,421,158,263
S01011258,586,277,309
S01011259,799,438,361
S01011260,633,285,348
S01011261,706,450,256
S01011262,546,337,209
S01011263,708,438,270
S01011264,510,292,218
S01011265,824,543,281
S01011266,745,376,369
S01011267,794,386,408
S01011268,521,229,292
S01011269,512,306,206
S01011270,714,493,221
S01011271,816,466,350
S01011272,628,422,206
S01011273,947,587,360
S01011274,877,551,326
S01011275,1099,494,605
S01011276,855,487,368
S01011277,579,248,331
S01011278,541,235,306
S01011279,607,279,328
S01011280,602,205,397
S01011281,641,256,385
S01011282,695,260,435
S01011283,604,206,398
S01011284,867,247,620
S01011285,885,579,306
S01011286,551,335,216
S01011287,789,471,318
S01011288,843,480,363
S01011289,753,420,333
S01011290,1175,720,455
S01011291,820,465,355
S01011292,572,392,180
S01011293,774,456,318
S01011294,825,533,292
S01011295,889,398,491
S01011296,634,343,291
S01011297,730,411,319
S01011298,891,426,465
S01011299,415,163,252
S01011300,816,471,345
S01011301,594,243,351
S01011302,843,554,289
S01011303,982,413,569
S01011304,758,421,337
S01011305,641,344,297
S01011306,474,252,222
S01011307,1792,725,1067
S01011308,526,230,296
S01011309,744,277,467
S01011310,591,309,282
S01011311,998,338,660
S01011312,1077,344,733
S01011313,935,434,501
S01011314,876,381,495
S01011315,333,177,156
S01011316,721,353,368
S01011317,870,381,489
S01011318,871,448,423
S01011319,970,379,591
S01011320,646,335,311
S01011321,539,250,289
S01011322,494,225,269
S01011323,924,511,413
S01011324,411,232,179
S01011325,883,631,252
S01011326,1013,749,264
S01011327,683,375,308
S01011328,783,401,382
S01011329,924,475,449
S01011330,616,240,376
S01011331,703,225,478
S01011332,1116,392,724
S01011333,672,246,426
S01011334,1151,518,633
S01011335,997,342,655
S01011336,554,283,271
S01011337,588,182,406
S01011338,663,337,326
S01011339,557,338,219
S01011340,1005,569,436
S01011341,719,489,230
S01011342,710,380,330
S01011343,765,491,274
S01011344,696,417,279
S01011345,821,536,285
S01011346,699,360,339
S01011347,1004,550,454
S01011348,979,507,472
S01011349,905,397,508
S01011350,779,300,479
S01011351,657,391,266
S01011352,602,385,217
S01011353,556,301,255
S01011354,732,332,400
S01011355,925,460,465
S01011356,791,325,466
S01011357,1153,500,653
S01011358,434,182,252
S01011359,646,321,325
S01011360,656,449,207
S01011361,464,366,98
S01011362,512,228,284
S01011363,1403,683,720
S01011364,521,226,295
S01011365,614,260,354
S01011366,454,262,192
S01011367,688,415,273
S01011368,1060,473,587
S01011369,628,345,283
S01011370,1259,585,674
S01011371,1310,876,434
S01011372,887,648,239
S01011373,704,464,240
S01011374,401,206,195
S01011375,590,344,246
S01011376,504,356,148
S01011377,506,219,287
S01011378,885,369,516
S01011379,923,357,566
S01011380,641,407,234
S01011381,697,348,349
S01011382,437,323,114
S01011383,898,696,202
S01011384,597,443,154
S01011385,770,507,263
S01011386,788,555,233
S01011387,756,502,254
S01011388,1115,561,554
S01011389,1218,678,540
S01011390,866,528,338
S01011391,509,295,214
S01011392,815,449,366
S01011393,713,390,323
S01011394,745,362,383
S01011395,752,514,238
S01011396,834,537,297
S01011397,729,482,247
S01011398,591,366,225
S01011399,423,271,152
S01011400,794,484,310
S01011401,875,451,424
S01011402,840,466,374
S01011403,817,415,402
S01011404,994,553,441
S01011405,609,292,317
S01011406,604,322,282
S01011407,1165,562,603
S01011408,768,448,320
S01011409,631,408,223
S01011410,700,426,274
S01011411,787,414,373
S01011412,847,340,507
S01011413,459,205,254
S01011414,879,524,355
S01011415,788,431,357
S01011416,737,285,452
S01011417,686,357,329
S01011418,648,394,254
S01011419,575,314,261
S01011420,405,282,123
S01011421,364,197,167
S01011422,399,235,164
S01011423,505,305,200
S01011424,466,237,229
S01011425,616,303,313
S01011426,1425,668,757
S01011427,1105,577,528
S01011428,573,273,300
S01011429,1178,738,440
S01011430,849,430,419
S01011431,1121,657,464
S01011432,1683,1089,594
S01011433,785,513,272
S01011434,855,417,438
S01011435,1205,575,630
S01011436,1052,611,441
S01011437,679,433,246
S01011438,699,451,248
S01011439,942,508,434
S01011440,899,509,390
S01011441,725,404,321
S01011442,567,333,234
S01011443,650,368,282
S01011444,973,557,416
S01011445,522,305,217
S01011446,1846,796,1050
S01011447,809,482,327
S01011448,1050,496,554
S01011449,637,389,248
S01011450,636,249,387
S01011451,1472,693,779
S01011452,778,406,372
S01011453,664,364,300
S01011454,868,501,367
S01011455,878,513,365
S01011456,874,506,368
S01011457,731,467,264
S01011458,649,308,341
S01011459,1026,559,467
S01011460,734,405,329
S01011461,659,416,243
S01011462,852,443,409
S01011463,556,286,270
S01011464,1209,582,627
S01011465,624,381,243
S01011466,1613,845,768
S01011467,418,238,180
S01011468,98,34,64
S01011469,639,391,248
S01011470,830,464,366
S01011471,845,473,372
S01011472,1082,746,336
S01011473,888,583,305
S01011474,937,632,305
S01011475,586,422,164
S01011476,739,264,475
S01011477,710,229,481
S01011478,861,355,506
S01011479,777,375,402
S01011480,920,402,518
S01011481,951,476,475
S01011482,972,568,404
S01011483,684,342,342
S01011484,938,574,364
S01011485,754,474,280
S01011486,437,275,162
S01011487,1058,685,373
S01011488,519,304,215
S01011489,753,341,412
S01011490,947,586,361
S01011491,420,315,105
S01011492,679,500,179
S01011493,822,368,454
S01011494,688,388,300
S01011495,858,475,383
S01011496,494,358,136
S01011497,715,360,355
S01011498,539,248,291
S01011499,747,415,332
S01011500,831,472,359
S01011501,537,359,178
S01011502,610,321,289
S01011503,835,458,377
S01011504,556,312,244
S01011505,552,371,181
S01011506,508,278,230
S01011507,658,401,257
S01011508,788,467,321
S01011509,521,294,227
S01011510,840,512,328
S01011511,572,374,198
S01011512,907,635,272
S01011513,717,484,233
S01011514,824,498,326
S01011515,631,363,268
S01011516,718,310,408
S01011517,530,270,260
S01011518,552,336,216
S01011519,642,359,283
S01011520,885,618,267
S01011521,1120,746,374
S01011522,796,529,267
S01011523,1075,641,434
S01011524,762,376,386
S01011525,860,402,458
S01011526,814,405,409
S01011527,816,351,465
S01011528,830,492,338
S01011529,879,604,275
S01011530,1092,650,442
S01011531,1478,744,734
S01011532,941,443,498
S01011533,570,410,160
S01011534,596,323,273
S01011535,765,576,189
S01011536,573,250,323
S01011537,715,387,328
S01011538,631,278,353
S01011539,910,601,309
S01011540,1566,807,759
S01011541,786,523,263
S01011542,853,456,397
S01011543,699,445,254
S01011544,640,364,276
S01011545,718,395,323
S01011546,549,187,362
S01011547,347,177,170
S01011548,670,337,333
S01011549,770,307,463
S01011550,826,267,559
S01011551,722,358,364
S01011552,831,401,430
S01011553,920,371,549
S01011554,1577,730,847
S01011555,625,389,236
S01011556,537,375,162
S01011557,807,444,363
S01011558,699,379,320
S01011559,579,341,238
S01011560,851,512,339
S01011561,646,408,238
S01011562,797,554,243
S01011563,883,610,273
S01011564,771,403,368
S01011565,853,483,370
S01011566,695,424,271
S01011567,734,384,350
S01011568,652,318,334
S01011569,710,356,354
S01011570,790,456,334
S01011571,771,586,185
S01011572,771,525,246
S01011573,842,438,404
S01011574,817,399,418
S01011575,648,340,308
S01011576,803,617,186
S01011577,510,289,221
S01011578,1697,904,793
S01011579,783,297,486
S01011580,1067,699,368
S01011581,796,521,275
S01011582,1902,872,1030
S01011583,838,596,242
S01011584,711,401,310
S01011585,993,666,327
S01011586,597,382,215
S01011587,587,368,219
S01011588,747,448,299
S01011589,836,447,389
S01011590,1648,811,837
S01011591,760,468,292
S01011592,1407,713,694
S01011593,601,326,275
S01011594,538,317,221
S01011595,736,414,322
S01011596,1090,653,437
S01011597,703,432,271
S01011598,835,712,123
S01011599,783,440,343
S01011600,644,402,242
S01011601,656,285,371
S01011602,573,349,224
S01011603,845,544,301
S01011604,528,305,223
S01011605,715,366,349
S01011606,730,302,428
S01011607,990,415,575
S01011608,980,448,532
S01011609,762,563,199
S01011610,748,483,265
S01011611,945,449,496
S01011612,224,102,122
S01011613,798,272,526
S01011614,476,221,255
S01011615,1012,518,494
S01011616,416,245,171
S01011617,815,495,320
S01011618,615,347,268
S01011619,699,309,390
S01011620,710,304,406
S01011621,690,335,355
S01011622,138,73,65
S01011623,1443,656,787
S01011624,722,395,327
S01011625,443,225,218
S01011626,845,368,477
S01011627,532,201,331
S01011628,1063,411,652
S01011629,629,375,254
S01011630,591,313,278
S01011631,619,393,226
S01011632,761,478,283
S01011633,877,491,386
S01011634,597,353,244
S01011635,661,377,284
S01011636,658,413,245
S01011637,613,362,251
S01011638,645,387,258
S01011639,544,354,190
S01011640,816,475,341
S01011641,808,277,531
S01011642,717,346,371
S01011643,728,363,365
S01011644,739,333,406
S01011645,528,271,257
S01011646,737,245,492
S01011647,853,367,486
S01011648,324,221,103
S01011649,665,358,307
S01011650,1269,605,664
S01011651,772,450,322
S01011652,642,323,319
S01011653,888,515,373
S01011654,899,564,335
S01011655,718,490,228
S01011656,580,396,184
S01011657,498,370,128
S01011658,762,385,377
S01011659,810,452,358
S01011660,959,457,502
S01011661,947,543,404
S01011662,964,391,573
S01011663,866,588,278
S01011664,834,499,335
S01011665,949,624,325
S01011666,834,555,279
S01011667,881,554,327
S01011668,1293,833,460
S01011669,724,368,356
S01011670,646,392,254
S01011671,656,309,347
S01011672,663,359,304
S01011673,742,433,309
S01011674,1314,733,581
S01011675,1168,618,550
S01011676,634,381,253
S01011677,118,66,52
S01011678,380,241,139
S01011679,1087,619,468
S01011680,1010,568,442
S01011681,667,338,329
S01011682,1298,660,638
S01011683,1019,502,517
S01011684,664,306,358
S01011685,648,304,344
S01011686,784,337,447
S01011687,757,439,318
S01011688,908,387,521
S01011689,729,306,423
S01011690,1258,539,719
S01011691,353,160,193
S01011692,1000,591,409
S01011693,1316,592,724
S01011694,492,212,280
S01011695,2536,962,1574
S01011696,565,215,350
S01011697,803,370,433
S01011698,537,304,233
S01011699,764,332,432
S01011700,760,400,360
S01011701,987,455,532
S01011702,818,366,452
S01011703,761,290,471
S01011704,1158,420,738
S01011705,1318,591,727
S01011706,883,494,389
S01011707,584,209,375
S01011708,944,539,405
S01011709,916,450,466
S01011710,566,340,226
S01011711,932,621,311
S01011712,461,317,144
S01011713,978,464,514
S01011714,940,374,566
S01011715,871,493,378
S01011716,770,346,424
S01011717,660,258,402
S01011718,715,295,420
S01011719,1481,587,894
S01011720,550,217,333
S01011721,647,283,364
S01011722,1095,575,520
S01011723,1621,654,967
S01011724,525,295,230
S01011725,498,209,289
S01011726,424,156,268
S01011727,1072,403,669
S01011728,767,445,322
S01011729,956,606,350
S01011730,782,343,439
S01011731,925,443,482
S01011732,784,288,496
S01011733,705,332,373
S01011734,765,372,393
S01011735,621,219,402
S01011736,897,496,401
S01011737,748,416,332
S01011738,891,549,342
S01011739,588,310,278
S01011740,562,374,188
S01011741,781,522,259
S01011742,703,373,330
S01011743,657,391,266
S01011744,715,478,237
S01011745,900,557,343
S01011746,678,419,259
S01011747,829,530,299
S01011748,774,531,243
S01011749,666,500,166
S01011750,709,407,302
S01011751,908,701,207
S01011752,880,604,276
S01011753,660,346,314
S01011754,776,396,380
S01011755,761,468,293
S01011756,889,556,333
S01011757,746,476,270
S01011758,498,263,235
S01011759,720,354,366
S01011760,729,439,290
S01011761,596,363,233
S01011762,714,515,199
S01011763,653,311,342
S01011764,332,142,190
S01011765,964,392,572
S01011766,583,191,392
S01011767,1022,529,493
S01011768,791,483,308
S01011769,688,450,238
S01011770,753,470,283
S01011771,531,191,340
S01011772,886,282,604
S01011773,447,170,277
S01011774,692,315,377
S01011775,648,230,418
S01011776,887,291,596
S01011777,477,208,269
S01011778,493,243,250
S01011779,640,225,415
S01011780,728,249,479
S01011781,724,308,416
S01011782,734,269,465
S01011783,486,188,298
S01011784,660,378,282
S01011785,858,452,406
S01011786,156,54,102
S01011787,904,557,347
S01011788,933,302,631
S01011789,2353,901,1452
S01011790,1011,501,510
S01011791,696,379,317
S01011792,784,469,315
S01011793,680,377,303
S01011794,792,428,364
S01011795,848,412,436
S01011796,715,486,229
S01011797,940,344,596
S01011798,453,288,165
S01011799,802,338,464
S01011800,557,240,317
S01011801,514,294,220
S01011802,582,334,248
S01011803,723,308,415
S01011804,841,502,339
S01011805,792,455,337
S01011806,1065,464,601
S01011807,914,405,509
S01011808,812,400,412
S01011809,595,241,354
S01011810,1088,463,625
S01011811,931,367,564
S01011812,920,371,549
S01011813,770,321,449
S01011814,575,206,369
S01011815,614,288,326
S01011816,591,195,396
S01011817,592,243,349
S01011818,1319,635,684
S01011819,1064,594,470
S01011820,840,449,391
S01011821,550,338,212
S01011822,790,543,247
S01011823,506,270,236
S01011824,802,412,390
S01011825,462,254,208
S01011826,625,338,287
S01011827,538,261,277
S01011828,764,342,422
S01011829,466,208,258
S01011830,693,329,364
S01011831,895,409,486
S01011832,719,302,417
S01011833,805,286,519
S01011834,629,166,463
S01011835,549,211,338
S01011836,957,337,620
S01011837,779,250,529
S01011838,1018,319,699
S01011839,914,377,537
S01011840,1010,422,588
S01011841,1273,626,647
S01011842,1083,589,494
S01011843,1021,377,644
S01011844,845,332,513
S01011845,674,315,359
S01011846,724,296,428
S01011847,343,98,245
S01011848,681,264,417
S01011849,650,285,365
S01011850,945,423,522
S01011851,735,374,361
S01011852,847,457,390
S01011853,766,355,411
S01011854,936,428,508
S01011855,1062,555,507
S01011856,577,211,366
S01011857,1222,578,644
S01011858,942,369,573
S01011859,943,464,479
S01011860,766,339,427
S01011861,717,317,400
S01011862,878,299,579
S01011863,907,422,485
S01011864,668,235,433
S01011865,560,290,270
S01011866,1004,411,593
S01011867,1051,554,497
S01011868,829,471,358
S01011869,874,545,329
S01011870,695,358,337
S01011871,931,407,524
S01011872,848,325,523
S01011873,646,270,376
S01011874,690,301,389
S01011875,924,439,485
S01011876,859,361,498
S01011877,651,282,369
S01011878,1249,617,632
S01011879,641,234,407
S01011880,983,393,590
S01011881,720,364,356
S01011882,810,382,428
S01011883,1484,745,739
S01011884,615,251,364
S01011885,589,217,372
S01011886,1063,402,661
S01011887,584,307,277
S01011888,1032,630,402
S01011889,862,432,430
S01011890,748,380,368
S01011891,1121,859,262
S01011892,989,612,377
S01011893,939,574,365
S01011894,839,418,421
S01011895,1015,419,596
S01011896,812,409,403
S01011897,908,374,534
S01011898,826,309,517
S01011899,832,293,539
S01011900,602,222,380
S01011901,907,413,494
S01011902,978,372,606
S01011903,782,258,524
S01011904,795,289,506
S01011905,743,245,498
S01011906,299,95,204
S01011907,703,351,352
S01011908,464,200,264
S01011909,653,307,346
S01011910,959,593,366
S01011911,600,319,281
S01011912,655,430,225
S01011913,676,439,237
S01011914,711,498,213
S01011915,719,405,314
S01011916,731,421,310
S01011917,498,288,210
S01011918,675,461,214
S01011919,932,647,285
S01011920,576,364,212
S01011921,465,300,165
S01011922,712,427,285
S01011923,865,552,313
S01011924,747,424,323
S01011925,672,298,374
S01011926,658,376,282
S01011927,502,304,198
S01011928,675,387,288
S01011929,588,359,229
S01011930,569,343,226
S01011931,519,345,174
S01011932,279,172,107
S01011933,1346,930,416
S01011934,811,452,359
S01011935,934,634,300
S01011936,684,498,186
S01011937,615,471,144
S01011938,433,301,132
S01011939,904,692,212
S01011940,827,655,172
S01011941,1011,841,170
S01011942,859,698,161
S01011943,1348,1062,286
S01011944,444,169,275
S01011945,1238,417,821
S01011946,787,448,339
S01011947,503,172,331
S01011948,996,535,461
S01011949,820,292,528
S01011950,820,356,464
S01011951,687,314,373
S01011952,747,252,495
S01011953,755,311,444
S01011954,487,237,250
S01011955,965,483,482
S01011956,844,279,565
S01011957,906,419,487
S01011958,1683,650,1033
S01011959,750,324,426
S01011960,927,344,583
S01011961,934,399,535
S01011962,840,293,547
S01011963,636,269,367
S01011964,911,373,538
S01011965,833,365,468
S01011966,675,246,429
S01011967,963,466,497
S01011968,1161,630,531
S01011969,1354,672,682
S01011970,1474,770,704
S01011971,520,215,305
S01011972,1487,615,872
S01011973,547,231,316
S01011974,724,282,442
S01011975,393,171,222
S01011976,833,383,450
S01011977,1085,535,550
S01011978,1040,525,515
S01011979,1076,427,649
S01011980,429,184,245
S01011981,962,418,544
S01011982,1292,542,750
S01011983,1031,458,573
S01011984,539,303,236
S01011985,623,304,319
S01011986,839,473,366
S01011987,943,427,516
S01011988,660,271,389
S01011989,719,324,395
S01011990,654,239,415
S01011991,806,393,413
S01011992,959,486,473
S01011993,859,574,285
S01011994,762,231,531
S01011995,810,288,522
S01011996,615,309,306
S01011997,989,534,455
S01011998,762,231,531
S01011999,527,248,279
S01012000,469,191,278
S01012001,731,326,405
S01012002,651,273,378
S01012003,729,339,390
S01012004,1397,587,810
S01012005,1184,438,746
S01012006,849,461,388
S01012007,839,414,425
S01012008,1164,613,551
S01012009,618,342,276
S01012010,1335,643,692
S01012011,1254,649,605
S01012012,588,243,345
S01012013,649,268,381
S01012014,1519,767,752
S01012015,1109,549,560
S01012016,740,326,414
S01012017,487,187,300
S01012018,725,287,438
S01012019,712,308,404
S01012020,824,445,379
S01012021,697,306,391
S01012022,872,439,433
S01012023,559,241,318
S01012024,921,357,564
S01012025,563,236,327
S01012026,716,297,419
S01012027,1747,766,981
S01012028,922,328,594
S01012029,1285,704,581
S01012030,1073,458,615
S01012031,461,147,314
S01012032,301,131,170
S01012033,801,412,389
S01012034,790,414,376
S01012035,965,468,497
S01012036,989,455,534
S01012037,964,541,423
S01012038,886,670,216
S01012039,996,594,402
S01012040,558,255,303
S01012041,1006,511,495
S01012042,1059,603,456
S01012043,687,415,272
S01012044,838,558,280
S01012045,1034,688,346
S01012046,698,479,219
S01012047,933,605,328
S01012048,668,466,202
S01012049,641,386,255
S01012050,931,441,490
S01012051,427,232,195
S01012052,831,476,355
S01012053,794,496,298
S01012054,1016,783,233
S01012055,793,505,288
S01012056,866,465,401
S01012057,669,271,398
S01012058,774,372,402
S01012059,800,473,327
S01012060,792,475,317
S01012061,1265,562,703
S01012062,838,400,438
S01012063,521,283,238
S01012064,629,467,162
S01012065,458,358,100
S01012066,635,439,196
S01012067,523,412,111
S01012068,638,483,155
S01012069,520,418,102
S01012070,973,828,145
S01012071,1023,850,173
S01012072,1026,788,238
S01012073,609,350,259
S01012074,524,283,241
S01012075,838,411,427
S01012076,800,469,331
S01012077,951,671,280
S01012078,783,458,325
S01012079,1014,674,340
S01012080,790,516,274
S01012081,581,438,143
S01012082,815,521,294
S01012083,925,656,269
S01012084,570,262,308
S01012085,676,314,362
S01012086,750,487,263
S01012087,674,395,279
S01012088,489,227,262
S01012089,692,266,426
S01012090,933,312,621
S01012091,672,334,338
S01012092,544,211,333
S01012093,478,256,222
S01012094,765,317,448
S01012095,1196,682,514
S01012096,725,467,258
S01012097,537,296,241
S01012098,811,518,293
S01012099,886,587,299
S01012100,1347,696,651
S01012101,784,343,441
S01012102,682,452,230
S01012103,858,501,357
S01012104,700,261,439
S01012105,1296,614,682
S01012106,1004,553,451
S01012107,587,273,314
S01012108,968,688,280
S01012109,1001,803,198
S01012110,761,530,231
S01012111,1095,772,323
S01012112,928,503,425
S01012113,1147,697,450
S01012114,1242,631,611
S01012115,627,347,280
S01012116,568,298,270
S01012117,509,182,327
S01012118,815,294,521
S01012119,741,268,473
S01012120,468,287,181
S01012121,787,458,329
S01012122,751,453,298
S01012123,605,348,257
S01012124,561,346,215
S01012125,867,711,156
S01012126,801,539,262
S01012127,1078,829,249
S01012128,602,491,111
S01012129,828,622,206
S01012130,1114,782,332
S01012131,1368,1092,276
S01012132,744,582,162
S01012133,991,764,227
S01012134,1232,805,427
S01012135,984,808,176
S01012136,778,680,98
S01012137,773,585,188
S01012138,908,564,344
S01012139,961,564,397
S01012140,755,327,428
S01012141,1037,419,618
S01012142,800,292,508
S01012143,1133,489,644
S01012144,874,375,499
S01012145,928,365,563
S01012146,941,689,252
S01012147,839,582,257
S01012148,574,409,165
S01012149,766,440,326
S01012150,623,366,257
S01012151,829,508,321
S01012152,835,570,265
S01012153,644,529,115
S01012154,668,544,124
S01012155,776,584,192
S01012156,1023,737,286
S01012157,890,594,296
S01012158,1347,813,534
S01012159,454,174,280
S01012160,804,383,421
S01012161,400,272,128
S01012162,792,549,243
S01012163,681,404,277
S01012164,917,418,499
S01012165,712,523,189
S01012166,655,434,221
S01012167,595,384,211
S01012168,877,435,442
S01012169,725,391,334
S01012170,1109,635,474
S01012171,990,579,411
S01012172,783,458,325
S01012173,721,320,401
S01012174,860,374,486
S01012175,843,414,429
S01012176,1172,564,608
S01012177,715,245,470
S01012178,815,312,503
S01012179,655,373,282
S01012180,604,306,298
S01012181,1065,658,407
S01012182,1164,647,517
S01012183,1792,1185,607
S01012184,707,503,204
S01012185,696,595,101
S01012186,739,441,298
S01012187,753,492,261
S01012188,603,267,336
S01012189,673,344,329
S01012190,597,234,363
S01012191,894,343,551
S01012192,395,144,251
S01012193,589,216,373
S01012194,659,239,420
S01012195,741,322,419
S01012196,438,191,247
S01012197,856,445,411
S01012198,949,520,429
S01012199,722,365,357
S01012200,516,257,259
S01012201,884,428,456
S01012202,468,216,252
S01012203,833,307,526
S01012204,662,251,411
S01012205,746,305,441
S01012206,783,354,429
S01012207,969,501,468
S01012208,1109,604,505
S01012209,834,462,372
S01012210,647,390,257
S01012211,958,438,520
S01012212,980,357,623
S01012213,1079,482,597
S01012214,672,252,420
S01012215,846,308,538
S01012216,1081,400,681
S01012217,440,319,121
S01012218,458,303,155
S01012219,791,484,307
S01012220,814,578,236
S01012221,622,370,252
S01012222,1044,629,415
S01012223,644,436,208
S01012224,803,488,315
S01012225,1005,635,370
S01012226,652,316,336
S01012227,726,369,357
S01012228,638,308,330
S01012229,711,311,400
S01012230,866,359,507
S01012231,645,215,430
S01012232,922,331,591
S01012233,753,238,515
S01012234,1198,488,710
S01012235,762,279,483
S01012236,714,331,383
S01012237,700,250,450
S01012238,509,323,186
S01012239,485,321,164
S01012240,701,372,329
S01012241,570,195,375
S01012242,704,242,462
S01012243,723,264,459
S01012244,851,318,533
S01012245,1081,441,640
S01012246,792,261,531
S01012247,613,254,359
S01012248,757,282,475
S01012249,810,308,502
S01012250,700,282,418
S01012251,903,511,392
S01012252,938,502,436
S01012253,867,547,320
S01012254,760,378,382
S01012255,815,426,389
S01012256,1097,406,691
S01012257,972,398,574
S01012258,1376,448,928
S01012259,718,226,492
S01012260,1189,516,673
S01012261,984,334,650
S01012262,1479,596,883
S01012263,665,391,274
S01012264,385,170,215
S01012265,958,469,489
S01012266,1066,486,580
S01012267,905,405,500
S01012268,1275,567,708
S01012269,830,371,459
S01012270,727,370,357
S01012271,1215,501,714
S01012272,715,321,394
S01012273,841,325,516
S01012274,977,512,465
S01012275,724,536,188
S01012276,1292,766,526
S01012277,1099,606,493
S01012278,1106,781,325
S01012279,1033,664,369
S01012280,917,491,426
S01012281,814,527,287
S01012282,1084,582,502
S01012283,841,410,431
S01012284,669,447,222
S01012285,550,219,331
S01012286,1054,576,478
S01012287,1135,778,357
S01012288,911,550,361
S01012289,1025,432,593
S01012290,545,298,247
S01012291,668,300,368
S01012292,1129,499,630
S01012293,835,363,472
S01012294,834,399,435
S01012295,569,270,299
S01012296,881,334,547
S01012297,863,306,557
S01012298,1109,451,658
S01012299,506,197,309
S01012300,1035,432,603
S01012301,849,339,510
S01012302,631,270,361
S01012303,788,283,505
S01012304,971,392,579
S01012305,780,385,395
S01012306,735,368,367
S01012307,760,384,376
S01012308,812,341,471
S01012309,817,383,434
S01012310,1333,558,775
S01012311,783,342,441
S01012312,870,353,517
S01012313,719,307,412
S01012314,754,399,355
S01012315,755,426,329
S01012316,580,316,264
S01012317,403,185,218
S01012318,646,333,313
S01012319,913,400,513
S01012320,691,321,370
S01012321,1017,432,585
S01012322,995,389,606
S01012323,1205,449,756
S01012324,900,398,502
S01012325,801,324,477
S01012326,812,464,348
S01012327,800,396,404
S01012328,707,306,401
S01012329,813,317,496
S01012330,583,225,358
S01012331,975,356,619
S01012332,1016,417,599
S01012333,1134,431,703
S01012334,795,357,438
S01012335,1510,668,842
S01012336,736,364,372
S01012337,870,502,368
S01012338,763,467,296
S01012339,884,535,349
S01012340,918,425,493
S01012341,796,271,525
S01012342,846,394,452
S01012343,909,370,539
S01012344,939,455,484
S01012345,656,285,371
S01012346,1109,478,631
S01012347,573,255,318
S01012348,975,399,576
S01012349,953,418,535
S01012350,966,485,481
S01012351,813,431,382
S01012352,1033,455,578
S01012353,738,471,267
S01012354,914,420,494
S01012355,971,369,602
S01012356,971,398,573
S01012357,876,342,534
S01012358,742,271,471
S01012359,723,415,308
S01012360,590,351,239
S01012361,676,394,282
S01012362,902,535,367
S01012363,1059,665,394
S01012364,745,466,279
S01012365,1012,435,577
S01012366,938,571,367
S01012367,924,393,531
S01012368,760,298,462
S01012369,950,437,513
S01012370,1193,587,606
S01012371,1000,621,379
S01012372,997,663,334
S01012373,1085,533,552
S01012374,742,370,372
S01012375,1074,558,516
S01012376,790,286,504
S01012377,608,246,362
S01012378,585,219,366
S01012379,494,235,259
S01012380,1177,624,553
S01012381,913,475,438
S01012382,916,349,567
S01012383,939,410,529
S01012384,488,264,224
S01012385,654,317,337
S01012386,952,509,443
S01012387,755,331,424
S01012388,579,232,347
S01012389,747,335,412
S01012390,620,290,330
S01012391,1097,509,588
S01012392,668,331,337
S01012393,1040,544,496
S01012394,788,486,302
S01012395,698,406,292
S01012396,736,470,266
S01012397,730,408,322
S01012398,926,595,331
S01012399,696,437,259
S01012400,784,491,293
S01012401,777,485,292
S01012402,352,167,185
S01012403,860,388,472
S01012404,1084,609,475
S01012405,554,230,324
S01012406,585,263,322
S01012407,843,373,470
S01012408,659,300,359
S01012409,917,435,482
S01012410,1074,548,526
S01012411,1113,549,564
S01012412,540,259,281
S01012413,847,348,499
S01012414,589,272,317
S01012415,627,252,375
S01012416,456,180,276
S01012417,544,236,308
S01012418,680,282,398
S01012419,936,366,570
S01012420,902,463,439
S01012421,884,425,459
S01012422,1061,504,557
S01012423,863,406,457
S01012424,752,389,363
S01012425,497,305,192
S01012426,487,295,192
S01012427,644,390,254
S01012428,701,325,376
S01012429,466,256,210
S01012430,883,437,446
S01012431,939,445,494
S01012432,700,320,380
S01012433,703,385,318
S01012434,685,412,273
S01012435,745,436,309
S01012436,715,399,316
S01012437,681,335,346
S01012438,822,364,458
S01012439,780,385,395
S01012440,762,266,496
S01012441,835,328,507
S01012442,808,378,430
S01012443,616,270,346
S01012444,1228,485,743
S01012445,95,25,70
S01012446,582,334,248
S01012447,824,322,502
S01012448,712,265,447
S01012449,581,291,290
S01012450,803,317,486
S01012451,787,286,501
S01012452,628,247,381
S01012453,859,222,637
S01012454,931,322,609
S01012455,498,124,374
S01012456,824,261,563
S01012457,1140,384,756
S01012458,736,227,509
S01012459,705,279,426
S01012460,689,263,426
S01012461,500,260,240
S01012462,742,470,272
S01012463,729,470,259
S01012464,491,278,213
S01012465,725,406,319
S01012466,896,431,465
S01012467,1038,541,497
S01012468,706,346,360
S01012469,942,399,543
S01012470,827,469,358
S01012471,732,230,502
S01012472,698,236,462
S01012473,596,207,389
S01012474,719,405,314
S01012475,633,269,364
S01012476,917,464,453
S01012477,676,257,419
S01012478,690,356,334
S01012479,831,354,477
S01012480,681,502,179
S01012481,714,508,206
S01012482,801,490,311
S01012483,811,580,231
S01012484,975,406,569
S01012485,1254,658,596
S01012486,779,367,412
S01012487,529,314,215
S01012488,807,443,364
S01012489,994,766,228
S01012490,1057,831,226
S01012491,582,459,123
S01012492,860,695,165
S01012493,710,445,265
S01012494,1250,718,532
S01012495,945,566,379
S01012496,639,382,257
S01012497,533,338,195
S01012498,712,460,252
S01012499,1020,636,384
S01012500,459,271,188
S01012501,775,564,211
S01012502,789,575,214
S01012503,523,341,182
S01012504,554,351,203
S01012505,932,582,350
S01012506,434,215,219
S01012507,815,472,343
S01012508,713,416,297
S01012509,459,239,220
S01012510,859,375,484
S01012511,696,349,347
S01012512,701,358,343
S01012513,446,179,267
S01012514,614,284,330
S01012515,685,417,268
S01012516,536,238,298
S01012517,831,462,369
S01012518,762,365,397
S01012519,660,371,289
S01012520,715,345,370
S01012521,655,349,306
S01012522,815,300,515
S01012523,941,415,526
S01012524,882,383,499
S01012525,846,344,502
S01012526,827,296,531
S01012527,539,202,337
S01012528,660,370,290
S01012529,738,360,378
S01012530,948,410,538
S01012531,919,417,502
S01012532,943,399,544
S01012533,757,423,334
S01012534,824,466,358
S01012535,760,427,333
S01012536,678,343,335
S01012537,921,567,354
S01012538,1014,582,432
S01012539,659,334,325
S01012540,819,425,394
S01012541,954,453,501
S01012542,1075,459,616
S01012543,549,213,336
S01012544,779,336,443
S01012545,488,272,216
S01012546,763,380,383
S01012547,627,230,397
S01012548,867,351,516
S01012549,656,378,278
S01012550,823,410,413
S01012551,952,362,590
S01012552,816,270,546
S01012553,669,302,367
S01012554,712,270,442
S01012555,437,160,277
S01012556,486,170,316
S01012557,692,225,467
S01012558,617,363,254
S01012559,898,549,349
S01012560,899,459,440
S01012561,983,499,484
S01012562,999,687,312
S01012563,673,210,463
S01012564,756,280,476
S01012565,854,380,474
S01012566,694,449,245
S01012567,984,635,349
S01012568,884,303,581
S01012569,772,321,451
S01012570,631,273,358
S01012571,672,316,356
S01012572,480,222,258
S01012573,677,236,441
S01012574,1057,408,649
S01012575,656,265,391
S01012576,1007,441,566
S01012577,803,327,476
S01012578,1267,585,682
S01012579,632,267,365
S01012580,620,262,358
S01012581,1012,616,396
S01012582,820,345,475
S01012583,584,299,285
S01012584,621,283,338
S01012585,1275,655,620
S01012586,790,390,400
S01012587,843,322,521
S01012588,608,253,355
S01012589,660,323,337
S01012590,915,477,438
S01012591,995,486,509
S01012592,563,203,360
S01012593,957,355,602
S01012594,565,256,309
S01012595,690,352,338
S01012596,614,327,287
S01012597,291,145,146
S01012598,650,294,356
S01012599,621,288,333
S01012600,595,268,327
S01012601,724,267,457
S01012602,630,400,230
S01012603,588,334,254
S01012604,721,363,358
S01012605,752,312,440
S01012606,252,80,172
S01012607,624,274,350
S01012608,860,452,408
S01012609,785,428,357
S01012610,1011,637,374
S01012611,761,330,431
S01012612,976,428,548
S01012613,1018,523,495
S01012614,957,497,460
S01012615,890,378,512
S01012616,855,368,487
S01012617,652,235,417
S01012618,588,265,323
S01012619,643,400,243
S01012620,825,283,542
S01012621,785,334,451
S01012622,698,333,365
S01012623,736,420,316
S01012624,637,358,279
S01012625,594,340,254
S01012626,724,278,446
S01012627,525,264,261
S01012628,1263,528,735
S01012629,283,120,163
S01012630,769,492,277
S01012631,865,518,347
S01012632,590,214,376
S01012633,841,373,468
S01012634,1089,488,601
S01012635,1664,679,985
S01012636,1195,489,706
S01012637,857,501,356
S01012638,848,450,398
S01012639,1329,682,647
S01012640,1135,618,517
S01012641,944,526,418
S01012642,1335,763,572
S01012643,449,223,226
S01012644,594,332,262
S01012645,1092,491,601
S01012646,996,377,619
S01012647,866,364,502
S01012648,543,313,230
S01012649,722,371,351
S01012650,666,264,402
S01012651,673,395,278
S01012652,883,326,557
S01012653,791,443,348
S01012654,744,344,400
S01012655,1163,605,558
S01012656,791,455,336
S01012657,781,340,441
S01012658,818,340,478
S01012659,584,239,345
S01012660,608,333,275
S01012661,798,400,398
S01012662,795,413,382
S01012663,807,363,444
S01012664,904,513,391
S01012665,652,384,268
S01012666,640,342,298
S01012667,566,337,229
S01012668,891,507,384
S01012669,855,342,513
S01012670,613,227,386
S01012671,1216,602,614
S01012672,690,418,272
S01012673,759,453,306
S01012674,572,369,203
S01012675,860,509,351
S01012676,802,397,405
S01012677,476,271,205
S01012678,575,254,321
S01012679,668,322,346
S01012680,437,158,279
S01012681,677,341,336
S01012682,757,362,395
S01012683,735,419,316
S01012684,360,169,191
S01012685,949,494,455
S01012686,1025,489,536
S01012687,1132,353,779
S01012688,761,455,306
S01012689,478,168,310
S01012690,424,144,280
S01012691,824,299,525
S01012692,856,374,482
S01012693,701,226,475
S01012694,506,229,277
S01012695,651,247,404
S01012696,734,351,383
S01012697,405,134,271
S01012698,835,303,532
S01012699,847,369,478
S01012700,722,281,441
S01012701,963,387,576
S01012702,568,279,289
S01012703,559,242,317
S01012704,597,335,262
S01012705,584,198,386
S01012706,802,426,376
S01012707,728,238,490
S01012708,753,459,294
S01012709,522,282,240
S01012710,797,486,311
S01012711,993,662,331
S01012712,739,252,487
S01012713,916,442,474
S01012714,562,186,376
S01012715,848,566,282
S01012716,954,412,542
S01012717,1046,670,376
S01012718,868,497,371
S01012719,1026,702,324
S01012720,795,584,211
S01012721,568,291,277
S01012722,920,625,295
S01012723,689,457,232
S01012724,631,401,230
S01012725,945,600,345
S01012726,778,403,375
S01012727,749,452,297
S01012728,765,544,221
S01012729,768,350,418
S01012730,451,280,171
S01012731,626,321,305
S01012732,626,301,325
S01012733,2513,926,1587
S01012734,74,40,34
S01012735,466,245,221
S01012736,991,484,507
S01012737,1011,481,530
S01012738,506,290,216
S01012739,93,39,54
S01012740,81,52,29
S01012741,489,224,265
S01012742,764,254,510
S01012743,833,319,514
S01012744,575,220,355
S01012745,774,337,437
S01012746,919,402,517
S01012747,948,478,470
S01012748,648,456,192
S01012749,685,449,236
S01012750,615,405,210
S01012751,1060,619,441
S01012752,670,373,297
S01012753,386,262,124
S01012754,760,455,305
S01012755,551,364,187
S01012756,1438,664,774
S01012757,400,233,167
S01012758,572,338,234
S01012759,647,434,213
S01012760,784,538,246
S01012761,846,497,349
S01012762,678,341,337
S01012763,537,305,232
S01012764,805,436,369
S01012765,488,262,226
S01012766,561,348,213
S01012767,674,275,399
S01012768,716,245,471
S01012769,809,321,488
S01012770,698,392,306
S01012771,701,418,283
S01012772,951,521,430
S01012773,1002,602,400
S01012774,745,445,300
S01012775,563,325,238
S01012776,685,418,267
S01012777,885,447,438
S01012778,900,540,360
S01012779,752,471,281
S01012780,715,469,246
S01012781,554,260,294
S01012782,674,467,207
S01012783,746,515,231
S01012784,878,530,348
S01012785,617,463,154
S01012786,970,728,242
S01012787,452,300,152
S01012788,789,440,349
S01012789,854,452,402
S01012790,750,347,403
S01012791,690,307,383
S01012792,984,599,385
S01012793,934,675,259
S01012794,371,244,127
S01012795,1031,654,377
S01012796,725,444,281
S01012797,591,340,251
S01012798,914,447,467
S01012799,980,406,574
S01012800,888,381,507
S01012801,459,238,221
S01012802,602,183,419
S01012803,689,268,421
S01012804,693,404,289
S01012805,866,466,400
S01012806,733,385,348
S01012807,1118,408,710
S01012808,873,396,477
S01012809,759,463,296
S01012810,786,556,230
S01012811,734,346,388
S01012812,825,455,370
S01012813,861,290,571
S01012814,700,302,398
S01012815,1002,446,556
S01012816,629,368,261
S01012817,331,135,196
S01012818,757,269,488
S01012819,911,555,356
S01012820,1941,845,1096
S01012821,1305,592,713
S01012822,655,482,173
S01012823,578,240,338
S01012824,1050,518,532
S01012825,1197,739,458
S01012826,1215,695,520
S01012827,1087,594,493
S01012828,1707,758,949
S01012829,653,404,249
S01012830,565,295,270
S01012831,651,384,267
S01012832,436,240,196
S01012833,782,529,253
S01012834,658,400,258
S01012835,858,510,348
S01012836,413,220,193
S01012837,783,630,153
S01012838,695,587,108
S01012839,578,251,327
S01012840,763,271,492
S01012841,610,216,394
S01012842,829,421,408
S01012843,877,309,568
S01012844,741,273,468
S01012845,768,382,386
S01012846,909,608,301
S01012847,625,293,332
S01012848,737,297,440
S01012849,941,552,389
S01012850,808,495,313
S01012851,870,443,427
S01012852,907,410,497
S01012853,832,392,440
S01012854,1037,508,529
S01012855,955,561,394
S01012856,825,525,300
S01012857,1224,759,465
S01012858,779,590,189
S01012859,969,657,312
S01012860,948,522,426
S01012861,592,298,294
S01012862,731,530,201
S01012863,663,539,124
S01012864,660,526,134
S01012865,1016,555,461
S01012866,790,476,314
S01012867,741,474,267
S01012868,690,503,187
S01012869,424,341,83
S01012870,806,380,426
S01012871,777,397,380
S01012872,698,403,295
S01012873,771,425,346
S01012874,736,449,287
S01012875,548,369,179
S01012876,776,470,306
S01012877,631,350,281
S01012878,774,321,453
S01012879,918,437,481
S01012880,881,349,532
S01012881,1230,600,630
S01012882,907,523,384
S01012883,812,584,228
S01012884,527,312,215
S01012885,694,480,214
S01012886,792,337,455
S01012887,631,286,345
S01012888,805,326,479
S01012889,917,427,490
S01012890,623,387,236
S01012891,615,323,292
S01012892,994,669,325
S01012893,817,547,270
S01012894,685,325,360
S01012895,545,244,301
S01012896,894,561,333
S01012897,1278,503,775
S01012898,770,295,475
S01012899,616,416,200
S01012900,1119,554,565
S01012901,1591,727,864
S01012902,830,455,375
S01012903,804,486,318
S01012904,781,477,304
S01012905,729,463,266
S01012906,936,566,370
S01012907,909,516,393
S01012908,983,562,421
S01012909,769,463,306
S01012910,1120,704,416
S01012911,695,340,355
S01012912,1098,628,470
S01012913,820,457,363
S01012914,921,544,377
S01012915,810,422,388
S01012916,809,380,429
S01012917,587,228,359
S01012918,715,397,318
S01012919,397,209,188
S01012920,506,184,322
S01012921,594,333,261
S01012922,784,407,377
S01012923,891,433,458
S01012924,478,234,244
S01012925,519,202,317
S01012926,593,325,268
S01012927,628,324,304
S01012928,866,453,413
S01012929,769,349,420
S01012930,858,557,301
S01012931,954,593,361
S01012932,512,205,307
S01012933,733,408,325
S01012934,707,384,323
S01012935,1223,641,582
S01012936,796,460,336
S01012937,701,365,336
S01012938,726,280,446
S01012939,630,220,410
S01012940,676,283,393
S01012941,600,204,396
S01012942,714,421,293
S01012943,679,292,387
S01012944,590,197,393
S01012945,568,181,387
S01012946,691,275,416
S01012947,478,145,333
S01012948,914,348,566
S01012949,1132,395,737
S01012950,1441,561,880
S01012951,825,245,580
S01012952,1174,367,807
S01012953,568,234,334
S01012954,392,162,230
S01012955,1071,458,613
S01012956,851,484,367
S01012957,671,360,311
S01012958,435,204,231
S01012959,466,231,235
S01012960,609,308,301
S01012961,813,341,472
S01012962,780,266,514
S01012963,856,320,536
S01012964,1115,469,646
S01012965,669,332,337
S01012966,794,367,427
S01012967,724,356,368
S01012968,661,322,339
S01012969,776,402,374
S01012970,715,325,390
S01012971,795,435,360
S01012972,728,412,316
S01012973,830,447,383
S01012974,1046,579,467
S01012975,672,384,288
S01012976,561,320,241
S01012977,692,411,281
S01012978,759,476,283
S01012979,672,297,375
S01012980,650,398,252
S01012981,726,442,284
S01012982,662,351,311
S01012983,633,296,337
S01012984,662,378,284
S01012985,738,351,387
S01012986,840,533,307
S01012987,900,511,389
S01012988,936,510,426
S01012989,996,530,466
S01012990,980,597,383
S01012991,920,545,375
S01012992,889,512,377
S01012993,847,548,299
S01012994,826,556,270
S01012995,662,316,346
S01012996,753,407,346
S01012997,494,261,233
S01012998,990,466,524
S01012999,611,289,322
S01013000,937,529,408
S01013001,321,106,215
S01013002,593,225,368
S01013003,590,163,427
S01013004,767,276,491
S01013005,575,223,352
S01013006,758,252,506
S01013007,1056,416,640
S01013008,966,352,614
S01013009,675,332,343
S01013010,528,215,313
S01013011,704,300,404
S01013012,927,430,497
S01013013,782,339,443
S01013014,658,318,340
S01013015,608,231,377
S01013016,789,257,532
S01013017,873,353,520
S01013018,947,346,601
S01013019,1174,510,664
S01013020,816,376,440
S01013021,964,452,512
S01013022,324,155,169
S01013023,778,231,547
S01013024,506,220,286
S01013025,1069,457,612
S01013026,784,426,358
S01013027,1316,716,600
S01013028,733,321,412
S01013029,585,330,255
S01013030,926,491,435
S01013031,505,327,178
S01013032,459,218,241
S01013033,593,312,281
S01013034,650,356,294
S01013035,668,408,260
S01013036,732,425,307
S01013037,1015,513,502
S01013038,1035,573,462
S01013039,427,170,257
S01013040,544,304,240
S01013041,485,264,221
S01013042,736,393,343
S01013043,633,361,272
S01013044,918,550,368
S01013045,541,253,288
S01013046,551,326,225
S01013047,703,256,447
S01013048,1017,523,494
S01013049,878,400,478
S01013050,755,418,337
S01013051,763,447,316
S01013052,637,376,261
S01013053,878,549,329
S01013054,833,472,361
S01013055,641,429,212
S01013056,1077,640,437
S01013057,744,506,238
S01013058,394,143,251
S01013059,992,462,530
S01013060,548,263,285
S01013061,930,283,647
S01013062,967,480,487
S01013063,747,339,408
S01013064,974,483,491
S01013065,990,586,404
S01013066,700,398,302
S01013067,1269,1064,205
S01013068,1313,967,346
S01013069,861,704,157
S01013070,877,779,98
S01013071,979,907,72
S01013072,727,447,280
S01013073,922,653,269
S01013074,1196,832,364
S01013075,750,564,186
S01013076,799,564,235
S01013077,544,334,210
S01013078,628,372,256
S01013079,1213,692,521
S01013080,976,495,481
S01013081,597,232,365
S01013082,1137,488,649
S01013083,2577,2122,455
S01013084,832,339,493
S01013085,910,574,336
S01013086,889,507,382
S01013087,2647,2144,503
S01013088,773,217,556
S01013089,697,364,333
S01013090,1168,836,332
S01013091,775,609,166
S01013092,1122,723,399
S01013093,410,173,237
S01013094,590,154,436
S01013095,1282,286,996
S01013096,518,286,232
S01013097,1269,408,861
S01013098,45,31,14
S01013099,791,406,385
S01013100,780,288,492
S01013101,1395,713,682
S01013102,581,221,360
S01013103,619,190,429
S01013104,875,312,563
S01013105,732,256,476
S01013106,872,427,445
S01013107,700,207,493
S01013108,542,231,311
S01013109,1308,571,737
S01013110,488,194,294
S01013111,606,270,336
S01013112,683,311,372
S01013113,858,428,430
S01013114,1164,599,565
S01013115,853,478,375
S01013116,855,334,521
S01013117,854,415,439
S01013118,876,404,472
S01013119,668,297,371
S01013120,988,475,513
S01013121,378,183,195
S01013122,718,527,191
S01013123,759,530,229
S01013124,935,560,375
S01013125,760,456,304
S01013126,758,527,231
S01013127,856,615,241
S01013128,880,698,182
S01013129,1125,728,397
S01013130,816,612,204
S01013131,713,485,228
S01013132,583,433,150
S01013133,847,629,218
S01013134,669,365,304
S01013135,819,555,264
S01013136,958,570,388
S01013137,836,471,365
S01013138,684,503,181
S01013139,907,631,276
S01013140,898,549,349
S01013141,539,359,180
S01013142,913,666,247
S01013143,856,527,329
S01013144,782,456,326
S01013145,787,472,315
S01013146,453,239,214
S01013147,662,351,311
S01013148,895,477,418
S01013149,692,421,271
S01013150,729,386,343
S01013151,476,233,243
S01013152,1152,612,540
S01013153,765,504,261
S01013154,1098,688,410
S01013155,666,507,159
S01013156,815,570,245
S01013157,935,656,279
S01013158,688,284,404
S01013159,713,297,416
S01013160,821,317,504
S01013161,836,523,313
S01013162,957,613,344
S01013163,687,275,412
S01013164,968,563,405
S01013165,1088,565,523
S01013166,655,523,132
S01013167,978,685,293
S01013168,889,533,356
S01013169,665,395,270
S01013170,1011,621,390
S01013171,595,258,337
S01013172,695,371,324
S01013173,658,338,320
S01013174,916,355,561
S01013175,646,263,383
S01013176,899,513,386
S01013177,951,496,455
S01013178,623,367,256
S01013179,1208,591,617
S01013180,360,151,209
S01013181,820,347,473
S01013182,722,438,284
S01013183,879,321,558
S01013184,439,342,97
S01013185,805,565,240
S01013186,574,410,164
S01013187,764,518,246
S01013188,844,397,447
S01013189,712,304,408
S01013190,726,400,326
S01013191,834,303,531
S01013192,924,509,415
S01013193,557,343,214
S01013194,1030,655,375
S01013195,891,662,229
S01013196,615,431,184
S01013197,502,254,248
S01013198,767,464,303
S01013199,816,463,353
S01013200,841,515,326
S01013201,675,494,181
S01013202,466,287,179
S01013203,833,498,335
S01013204,836,366,470
S01013205,574,373,201
S01013206,755,494,261
S01013207,975,519,456
S01013208,621,431,190
S01013209,877,519,358
S01013210,666,320,346
S01013211,827,497,330
S01013212,670,281,389
S01013213,763,289,474
S01013214,348,144,204
S01013215,650,362,288
S01013216,632,393,239
S01013217,650,318,332
S01013218,558,356,202
S01013219,540,315,225
S01013220,678,411,267
S01013221,761,460,301
S01013222,560,388,172
S01013223,1147,761,386
S01013224,906,532,374
S01013225,941,511,430
S01013226,623,301,322
S01013227,470,338,132
S01013228,700,441,259
S01013229,821,535,286
S01013230,789,471,318
S01013231,1091,565,526
S01013232,684,398,286
S01013233,510,240,270
S01013234,540,202,338
S01013235,935,546,389
S01013236,867,350,517
S01013237,799,439,360
S01013238,858,607,251
S01013239,753,509,244
S01013240,623,432,191
S01013241,727,252,475
S01013242,561,229,332
S01013243,665,339,326
S01013244,970,583,387
S01013245,797,344,453
S01013246,366,178,188
S01013247,770,486,284
S01013248,570,374,196
S01013249,926,477,449
S01013250,1122,458,664
S01013251,734,398,336
S01013252,973,489,484
S01013253,700,340,360
S01013254,689,410,279
S01013255,1416,898,518
S01013256,821,386,435
S01013257,893,470,423
S01013258,815,373,442
S01013259,1101,524,577
S01013260,686,402,284
S01013261,914,492,422
S01013262,696,334,362
S01013263,830,261,569
S01013264,224,71,153
S01013265,724,238,486
S01013266,305,121,184
S01013267,757,390,367
S01013268,949,517,432
S01013269,923,384,539
S01013270,611,175,436
S01013271,967,282,685
S01013272,906,283,623
S01013273,625,167,458
S01013274,796,342,454
S01013275,895,360,535
S01013276,775,335,440
S01013277,719,366,353
S01013278,925,571,354
S01013279,658,426,232
S01013280,630,322,308
S01013281,741,399,342
S01013282,629,419,210
S01013283,891,544,347
S01013284,538,256,282
S01013285,630,316,314
S01013286,638,299,339
S01013287,629,269,360
S01013288,594,311,283
S01013289,833,303,530
S01013290,891,437,454
S01013291,909,401,508
S01013292,719,302,417
S01013293,696,266,430
S01013294,711,353,358
S01013295,741,356,385
S01013296,733,420,313
S01013297,971,547,424
S01013298,667,347,320
S01013299,1026,556,470
S01013300,970,554,416
S01013301,581,306,275
S01013302,1112,415,697
S01013303,1330,668,662
S01013304,823,548,275
S01013305,790,491,299
S01013306,836,642,194
S01013307,950,628,322
S01013308,989,638,351
S01013309,712,350,362
S01013310,506,255,251
S01013311,939,552,387
S01013312,1328,791,537
S01013313,538,323,215
S01013314,665,414,251
S01013315,224,89,135
S01013316,585,227,358
S01013317,590,254,336
S01013318,552,216,336
S01013319,642,279,363
S01013320,521,188,333
S01013321,421,287,134
S01013322,642,341,301
S01013323,770,454,316
S01013324,787,455,332
S01013325,990,671,319
S01013326,770,511,259
S01013327,687,405,282
S01013328,548,342,206
S01013329,435,253,182
S01013330,775,445,330
S01013331,481,252,229
S01013332,665,345,320
S01013333,879,447,432
S01013334,575,314,261
S01013335,733,447,286
S01013336,816,474,342
S01013337,2117,854,1263
S01013338,353,142,211
S01013339,683,293,390
S01013340,1097,410,687
S01013341,726,302,424
S01013342,671,435,236
S01013343,590,302,288
S01013344,1042,535,507
S01013345,660,348,312
S01013346,641,213,428
S01013347,572,299,273
S01013348,1049,374,675
S01013349,840,559,281
S01013350,1166,759,407
S01013351,631,335,296
S01013352,805,409,396
S01013353,862,532,330
S01013354,760,296,464
S01013355,770,347,423
S01013356,804,439,365
S01013357,876,404,472
S01013358,818,432,386
S01013359,503,310,193
S01013360,573,316,257
S01013361,1107,655,452
S01013362,466,268,198
S01013363,918,586,332
S01013364,634,304,330
S01013365,1030,494,536
S01013366,504,206,298
S01013367,595,256,339
S01013368,738,360,378
S01013369,711,436,275
S01013370,728,460,268
S01013371,725,335,390
S01013372,894,562,332
S01013373,1136,658,478
S01013374,858,577,281
S01013375,553,312,241
S01013376,538,286,252
S01013377,654,354,300
S01013378,858,481,377
S01013379,1012,471,541
S01013380,1068,470,598
S01013381,607,321,286
S01013382,842,452,390
S01013383,702,426,276
S01013384,948,519,429
S01013385,560,279,281
S01013386,658,237,421
S01013387,573,360,213
S01013388,639,367,272
S01013389,822,428,394
S01013390,450,238,212
S01013391,852,406,446
S01013392,797,310,487
S01013393,1429,667,762
S01013394,584,327,257
S01013395,1099,648,451
S01013396,863,415,448
S01013397,784,392,392
S01013398,196,74,122
S01013399,907,401,506
S01013400,537,323,214
S01013401,2672,1257,1415
S01013402,167,135,32
S01013403,83,27,56
S01013404,3150,1497,1653
S01013405,571,288,283
S01013406,587,343,244
S01013407,1336,607,729
S01013408,667,381,286
S01013409,1012,570,442
S01013410,455,322,133
S01013411,774,384,390
S01013412,661,373,288
S01013413,856,405,451
S01013414,839,577,262
S01013415,750,532,218
S01013416,491,300,191
S01013417,730,473,257
S01013418,405,219,186
S01013419,460,172,288
S01013420,986,440,546
S01013421,666,256,410
S01013422,785,404,381
S01013423,729,329,400
S01013424,660,267,393
S01013425,358,166,192
S01013426,720,388,332
S01013427,587,244,343
S01013428,1265,688,577
S01013429,1229,602,627
S01013430,1377,519,858
S01013431,812,441,371
S01013432,671,294,377
S01013433,601,221,380
S01013434,421,150,271
S01013435,585,187,398
S01013436,762,336,426
S01013437,667,373,294
S01013438,581,357,224
S01013439,738,206,532
S01013440,1043,297,746
S01013441,740,294,446
S01013442,732,315,417
S01013443,509,237,272
S01013444,1049,651,398
S01013445,580,253,327
S01013446,578,267,311
S01013447,421,124,297
S01013448,931,394,537
S01013449,642,241,401
S01013450,656,234,422
S01013451,668,231,437
S01013452,490,219,271
S01013453,792,432,360
S01013454,600,219,381
S01013455,467,228,239
S01013456,883,488,395
S01013457,809,435,374
S01013458,683,365,318
S01013459,863,532,331
S01013460,787,447,340
S01013461,901,494,407
S01013462,773,369,404
S01013463,711,396,315
S01013464,704,325,379
S01013465,692,339,353
S01013466,401,247,154
S01013467,721,235,486
S01013468,584,359,225
S01013469,880,410,470
S01013470,742,475,267
S01013471,743,429,314
S01013472,888,348,540
S01013473,411,193,218
S01013474,554,227,327
S01013475,1256,442,814
S01013476,538,245,293
S01013477,866,466,400
S01013478,768,418,350
S01013479,892,531,361
S01013480,566,299,267
S01013481,990,367,623
