dz_2011,total,single,married
S01006506,623,327,296
S01006507,848,307,541
S01006508,683,366,317
S01006509,611,299,312
S01006510,613,282,331
S01006511,841,356,485
S01006512,292,105,187
S01006513,760,220,540
S01006514,859,283,576
S01006515,847,224,623
S01006516,686,280,406
S01006517,811,271,540
S01006518,776,262,514
S01006519,664,210,454
S01006520,590,121,469
S01006521,449,174,275
S01006522,427,131,296
S01006523,1095,400,695
S01006524,1064,574,490
S01006525,1065,406,659
S01006526,1258,687,571
S01006527,1130,594,536
S01006528,914,525,389
S01006529,925,629,296
S01006530,995,591,404
S01006531,1045,634,411
S01006532,689,348,341
S01006533,649,239,410
S01006534,814,399,415
S01006535,944,640,304
S01006536,1158,874,284
S01006537,695,219,476
S01006538,582,197,385
S01006539,841,387,454
S01006540,1067,473,594
S01006541,829,328,501
S01006542,836,322,514
S01006543,827,277,550
S01006544,980,520,460
S01006545,966,488,478
S01006546,981,408,573
S01006547,1209,571,638
S01006548,631,152,479
S01006549,702,244,458
S01006550,1069,334,735
S01006551,786,424,362
S01006552,1155,611,544
S01006553,900,408,492
S01006554,775,389,386
S01006555,903,606,297
S01006556,861,434,427
S01006557,672,396,276
S01006558,767,475,292
S01006559,500,248,252
S01006560,837,412,425
S01006561,706,278,428
S01006562,843,346,497
S01006563,964,516,448
S01006564,1033,786,247
S01006565,1147,973,174
S01006566,781,570,211
S01006567,1028,824,204
S01006568,1037,893,144
S01006569,660,483,177
S01006570,733,395,338
S01006571,986,557,429
S01006572,1073,361,712
S01006573,514,215,299
S01006574,773,320,453
S01006575,915,417,498
S01006576,729,424,305
S01006577,789,490,299
S01006578,1435,1130,305
S01006579,1252,1044,208
S01006580,712,465,247
S01006581,1014,415,599
S01006582,548,473,75
S01006583,929,782,147
S01006584,807,616,191
S01006585,745,564,181
S01006586,770,632,138
S01006587,471,417,54
S01006588,638,576,62
S01006589,979,851,128
S01006590,583,477,106
S01006591,491,394,97
S01006592,371,250,121
S01006593,520,380,140
S01006594,694,504,190
S01006595,675,467,208
S01006596,842,560,282
S01006597,796,682,114
S01006598,910,483,427
S01006599,1000,635,365
S01006600,1182,728,454
S01006601,878,615,263
S01006602,818,427,391
S01006603,1131,540,591
S01006604,753,345,408
S01006605,681,393,288
S01006606,1160,528,632
S01006607,1044,544,500
S01006608,741,300,441
S01006609,1126,505,621
S01006610,615,305,310
S01006611,962,450,512
S01006612,799,367,432
S01006613,350,88,262
S01006614,698,230,468
S01006615,335,101,234
S01006616,593,233,360
S01006617,812,336,476
S01006618,458,168,290
S01006619,797,330,467
S01006620,947,399,548
S01006621,725,287,438
S01006622,508,234,274
S01006623,1215,692,523
S01006624,727,497,230
S01006625,707,369,338
S01006626,703,438,265
S01006627,610,478,132
S01006628,1006,776,230
S01006629,733,483,250
S01006630,697,398,299
S01006631,958,612,346
S01006632,764,539,225
S01006633,728,427,301
S01006634,577,407,170
S01006635,806,494,312
S01006636,735,495,240
S01006637,546,367,179
S01006638,1001,793,208
S01006639,890,730,160
S01006640,153,98,55
S01006641,875,733,142
S01006642,778,647,131
S01006643,990,844,146
S01006644,540,432,108
S01006645,1091,883,208
S01006646,982,872,110
S01006647,600,442,158
S01006648,1621,1485,136
S01006649,628,544,84
S01006650,817,674,143
S01006651,696,551,145
S01006652,639,534,105
S01006653,643,421,222
S01006654,741,507,234
S01006655,548,376,172
S01006656,817,667,150
S01006657,528,420,108
S01006658,1032,839,193
S01006659,836,634,202
S01006660,521,435,86
S01006661,677,480,197
S01006662,544,420,124
S01006663,1210,990,220
S01006664,390,315,75
S01006665,761,594,167
S01006666,1177,843,334
S01006667,969,651,318
S01006668,778,672,106
S01006669,1161,853,308
S01006670,443,283,160
S01006671,1277,1104,173
S01006672,645,450,195
S01006673,861,676,185
S01006674,805,561,244
S01006675,402,287,115
S01006676,663,439,224
S01006677,608,430,178
S01006678,872,545,327
S01006679,785,426,359
S01006680,625,432,193
S01006681,983,671,312
S01006682,615,448,167
S01006683,939,633,306
S01006684,627,456,171
S01006685,749,525,224
S01006686,774,432,342
S01006687,833,504,329
S01006688,965,474,491
S01006689,440,303,137
S01006690,706,432,274
S01006691,762,480,282
S01006692,805,442,363
S01006693,996,620,376
S01006694,1054,584,470
S01006695,663,277,386
S01006696,916,508,408
S01006697,901,483,418
S01006698,829,466,363
S01006699,663,288,375
S01006700,1137,559,578
S01006701,871,465,406
S01006702,854,393,461
S01006703,629,332,297
S01006704,677,377,300
S01006705,831,435,396
S01006706,647,381,266
S01006707,583,371,212
S01006708,783,381,402
S01006709,918,442,476
S01006710,992,480,512
S01006711,975,549,426
S01006712,584,242,342
S01006713,809,362,447
S01006714,779,381,398
S01006715,758,434,324
S01006716,481,260,221
S01006717,875,419,456
S01006718,530,239,291
S01006719,814,386,428
S01006720,621,306,315
S01006721,827,417,410
S01006722,689,345,344
S01006723,837,408,429
S01006724,923,567,356
S01006725,809,420,389
S01006726,623,428,195
S01006727,870,566,304
S01006728,708,334,374
S01006729,665,391,274
S01006730,595,275,320
S01006731,437,213,224
S01006732,875,407,468
S01006733,635,157,478
S01006734,839,305,534
S01006735,747,194,553
S01006736,676,250,426
S01006737,656,228,428
S01006738,575,365,210
S01006739,450,231,219
S01006740,912,427,485
S01006741,713,319,394
S01006742,423,185,238
S01006743,820,360,460
S01006744,572,311,261
S01006745,922,464,458
S01006746,652,298,354
S01006747,1053,416,637
S01006748,898,334,564
S01006749,1155,540,615
S01006750,702,336,366
S01006751,399,194,205
S01006752,740,310,430
S01006753,803,326,477
S01006754,1043,348,695
S01006755,653,267,386
S01006756,207,66,141
S01006757,1153,522,631
S01006758,569,229,340
S01006759,496,151,345
S01006760,512,255,257
S01006761,845,317,528
S01006762,904,369,535
S01006763,876,393,483
S01006764,662,297,365
S01006765,616,297,319
S01006766,502,184,318
S01006767,780,323,457
S01006768,558,169,389
S01006769,1061,398,663
S01006770,641,225,416
S01006771,411,106,305
S01006772,1219,525,694
S01006773,558,190,368
S01006774,669,207,462
S01006775,655,342,313
S01006776,637,318,319
S01006777,890,284,606
S01006778,789,306,483
S01006779,905,457,448
S01006780,757,364,393
S01006781,848,261,587
S01006782,773,311,462
S01006783,570,198,372
S01006784,642,295,347
S01006785,522,147,375
S01006786,904,316,588
S01006787,921,326,595
S01006788,550,248,302
S01006789,811,391,420
S01006790,733,304,429
S01006791,419,179,240
S01006792,601,272,329
S01006793,542,221,321
S01006794,683,254,429
S01006795,549,160,389
S01006796,304,100,204
S01006797,510,190,320
S01006798,531,190,341
S01006799,761,385,376
S01006800,687,199,488
S01006801,578,223,355
S01006802,538,232,306
S01006803,589,235,354
S01006804,566,218,348
S01006805,817,290,527
S01006806,802,315,487
S01006807,387,159,228
S01006808,689,223,466
S01006809,735,298,437
S01006810,777,302,475
S01006811,657,259,398
S01006812,588,247,341
S01006813,675,292,383
S01006814,692,216,476
S01006815,498,228,270
S01006816,748,281,467
S01006817,546,231,315
S01006818,529,177,352
S01006819,594,193,401
S01006820,447,165,282
S01006821,736,238,498
S01006822,597,216,381
S01006823,710,286,424
S01006824,548,343,205
S01006825,862,306,556
S01006826,922,298,624
S01006827,837,428,409
S01006828,829,444,385
S01006829,198,90,108
S01006830,491,173,318
S01006831,1107,365,742
S01006832,763,305,458
S01006833,573,206,367
S01006834,192,52,140
S01006835,1035,558,477
S01006836,46,29,17
S01006837,378,131,247
S01006838,770,265,505
S01006839,729,263,466
S01006840,903,258,645
S01006841,1052,344,708
S01006842,845,274,571
S01006843,754,227,527
S01006844,576,266,310
S01006845,777,303,474
S01006846,694,288,406
S01006847,596,212,384
S01006848,641,242,399
S01006849,334,128,206
S01006850,899,386,513
S01006851,576,226,350
S01006852,463,150,313
S01006853,638,213,425
S01006854,1081,357,724
S01006855,598,184,414
S01006856,685,231,454
S01006857,778,283,495
S01006858,486,173,313
S01006859,769,236,533
S01006860,560,239,321
S01006861,213,70,143
S01006862,787,302,485
S01006863,500,227,273
S01006864,124,79,45
S01006865,791,362,429
S01006866,515,161,354
S01006867,915,341,574
S01006868,691,269,422
S01006869,466,186,280
S01006870,432,145,287
S01006871,719,224,495
S01006872,749,237,512
S01006873,912,336,576
S01006874,479,163,316
S01006875,568,264,304
S01006876,777,257,520
S01006877,812,280,532
S01006878,796,318,478
S01006879,702,265,437
S01006880,444,133,311
S01006881,437,140,297
S01006882,764,314,450
S01006883,463,192,271
S01006884,808,318,490
S01006885,557,187,370
S01006886,578,218,360
S01006887,305,86,219
S01006888,552,193,359
S01006889,535,242,293
S01006890,803,291,512
S01006891,512,211,301
S01006892,491,247,244
S01006893,839,352,487
S01006894,519,199,320
S01006895,436,236,200
S01006896,634,220,414
S01006897,835,308,527
S01006898,411,163,248
S01006899,289,82,207
S01006900,372,121,251
S01006901,662,310,352
S01006902,520,239,281
S01006903,741,317,424
S01006904,380,193,187
S01006905,812,291,521
S01006906,938,447,491
S01006907,531,302,229
S01006908,737,387,350
S01006909,203,75,128
S01006910,260,88,172
S01006911,250,104,146
S01006912,214,70,144
S01006913,386,144,242
S01006914,593,197,396
S01006915,619,179,440
S01006916,227,89,138
S01006917,92,39,53
S01006918,369,124,245
S01006919,448,149,299
S01006920,501,246,255
S01006921,346,99,247
S01006922,478,183,295
S01006923,600,220,380
S01006924,347,132,215
S01006925,447,164,283
S01006926,252,75,177
S01006927,204,70,134
S01006928,897,338,559
S01006929,960,248,712
S01006930,669,240,429
S01006931,315,119,196
S01006932,362,98,264
S01006933,677,256,421
S01006934,569,264,305
S01006935,773,237,536
S01006936,604,229,375
S01006937,737,297,440
S01006938,745,303,442
S01006939,538,148,390
S01006940,867,333,534
S01006941,695,266,429
S01006942,784,255,529
S01006943,206,94,112
S01006944,73,35,38
S01006945,837,290,547
S01006946,629,237,392
S01006947,842,314,528
S01006948,767,288,479
S01006949,522,167,355
S01006950,182,78,104
S01006951,672,265,407
S01006952,933,378,555
S01006953,947,321,626
S01006954,895,315,580
S01006955,447,220,227
S01006956,549,212,337
S01006957,664,255,409
S01006958,878,300,578
S01006959,698,352,346
S01006960,269,63,206
S01006961,247,78,169
S01006962,665,239,426
S01006963,863,267,596
S01006964,661,284,377
S01006965,449,169,280
S01006966,618,288,330
S01006967,589,176,413
S01006968,926,383,543
S01006969,865,383,482
S01006970,553,161,392
S01006971,737,316,421
S01006972,355,125,230
S01006973,466,178,288
S01006974,992,340,652
S01006975,869,347,522
S01006976,449,162,287
S01006977,663,254,409
S01006978,607,221,386
S01006979,1045,364,681
S01006980,490,153,337
S01006981,618,204,414
S01006982,722,311,411
S01006983,788,297,491
S01006984,609,237,372
S01006985,1029,393,636
S01006986,360,167,193
S01006987,781,294,487
S01006988,365,134,231
S01006989,553,171,382
S01006990,333,109,224
S01006991,554,232,322
S01006992,650,207,443
S01006993,554,168,386
S01006994,480,180,300
S01006995,691,222,469
S01006996,535,178,357
S01006997,456,151,305
S01006998,750,282,468
S01006999,626,205,421
S01007000,881,360,521
S01007001,756,317,439
S01007002,310,129,181
S01007003,430,144,286
S01007004,822,288,534
S01007005,703,225,478
S01007006,755,279,476
S01007007,583,194,389
S01007008,720,361,359
S01007009,1087,513,574
S01007010,833,395,438
S01007011,955,519,436
S01007012,768,383,385
S01007013,740,264,476
S01007014,783,240,543
S01007015,567,196,371
S01007016,418,141,277
S01007017,907,440,467
S01007018,944,344,600
S01007019,848,366,482
S01007020,821,409,412
S01007021,1103,493,610
S01007022,379,129,250
S01007023,582,219,363
S01007024,896,314,582
S01007025,944,461,483
S01007026,799,366,433
S01007027,1116,497,619
S01007028,1013,418,595
S01007029,417,141,276
S01007030,767,327,440
S01007031,487,218,269
S01007032,1001,557,444
S01007033,932,414,518
S01007034,782,397,385
S01007035,770,391,379
S01007036,820,323,497
S01007037,886,347,539
S01007038,651,325,326
S01007039,566,270,296
S01007040,814,344,470
S01007041,820,368,452
S01007042,702,282,420
S01007043,833,317,516
S01007044,833,332,501
S01007045,691,253,438
S01007046,431,204,227
S01007047,778,324,454
S01007048,1050,385,665
S01007049,794,362,432
S01007050,764,311,453
S01007051,783,311,472
S01007052,423,169,254
S01007053,642,267,375
S01007054,843,340,503
S01007055,383,136,247
S01007056,633,258,375
S01007057,737,270,467
S01007058,679,273,406
S01007059,896,351,545
S01007060,513,264,249
S01007061,836,296,540
S01007062,552,184,368
S01007063,1098,418,680
S01007064,560,219,341
S01007065,596,239,357
S01007066,531,223,308
S01007067,1071,452,619
S01007068,626,273,353
S01007069,840,407,433
S01007070,629,302,327
S01007071,895,327,568
S01007072,1181,473,708
S01007073,1400,583,817
S01007074,920,331,589
S01007075,792,354,438
S01007076,673,261,412
S01007077,700,260,440
S01007078,857,425,432
S01007079,1005,518,487
S01007080,725,325,400
S01007081,809,404,405
S01007082,519,293,226
S01007083,758,424,334
S01007084,740,358,382
S01007085,895,526,369
S01007086,910,671,239
S01007087,793,491,302
S01007088,508,297,211
S01007089,444,124,320
S01007090,427,168,259
S01007091,211,57,154
S01007092,596,268,328
S01007093,862,268,594
S01007094,931,317,614
S01007095,522,199,323
S01007096,753,258,495
S01007097,676,238,438
S01007098,406,149,257
S01007099,499,167,332
S01007100,695,261,434
S01007101,980,430,550
S01007102,607,214,393
S01007103,632,233,399
S01007104,380,118,262
S01007105,536,218,318
S01007106,755,311,444
S01007107,517,179,338
S01007108,535,211,324
S01007109,777,341,436
S01007110,769,322,447
S01007111,419,158,261
S01007112,727,230,497
S01007113,700,309,391
S01007114,686,230,456
S01007115,610,212,398
S01007116,513,134,379
S01007117,488,101,387
S01007118,703,313,390
S01007119,770,367,403
S01007120,878,408,470
S01007121,634,395,239
S01007122,492,237,255
S01007123,836,423,413
S01007124,893,381,512
S01007125,608,285,323
S01007126,771,443,328
S01007127,496,293,203
S01007128,846,416,430
S01007129,530,171,359
S01007130,566,220,346
S01007131,640,212,428
S01007132,566,174,392
S01007133,508,231,277
S01007134,665,276,389
S01007135,547,203,344
S01007136,251,81,170
S01007137,118,46,72
S01007138,355,141,214
S01007139,604,200,404
S01007140,653,217,436
S01007141,520,220,300
S01007142,120,40,80
S01007143,371,118,253
S01007144,1208,431,777
S01007145,792,301,491
S01007146,733,276,457
S01007147,754,227,527
S01007148,433,111,322
S01007149,785,196,589
S01007150,726,257,469
S01007151,864,324,540
S01007152,675,254,421
S01007153,830,269,561
S01007154,800,441,359
S01007155,589,252,337
S01007156,777,308,469
S01007157,647,285,362
S01007158,682,255,427
S01007159,717,384,333
S01007160,669,307,362
S01007161,771,354,417
S01007162,351,174,177
S01007163,898,340,558
S01007164,689,308,381
S01007165,748,302,446
S01007166,919,368,551
S01007167,757,241,516
S01007168,851,277,574
S01007169,725,261,464
S01007170,561,195,366
S01007171,1036,549,487
S01007172,981,491,490
S01007173,475,158,317
S01007174,582,233,349
S01007175,672,264,408
S01007176,847,323,524
S01007177,622,357,265
S01007178,765,473,292
S01007179,1050,346,704
S01007180,894,335,559
S01007181,977,440,537
S01007182,1012,489,523
S01007183,1066,536,530
S01007184,854,499,355
S01007185,747,496,251
S01007186,527,361,166
S01007187,658,428,230
S01007188,627,375,252
S01007189,798,497,301
S01007190,838,338,500
S01007191,604,286,318
S01007192,678,320,358
S01007193,659,327,332
S01007194,453,257,196
S01007195,758,376,382
S01007196,523,278,245
S01007197,309,210,99
S01007198,368,199,169
S01007199,786,428,358
S01007200,746,351,395
S01007201,882,399,483
S01007202,659,294,365
S01007203,712,262,450
S01007204,813,365,448
S01007205,622,227,395
S01007206,297,164,133
S01007207,859,354,505
S01007208,673,442,231
S01007209,606,408,198
S01007210,837,490,347
S01007211,639,347,292
S01007212,675,330,345
S01007213,739,372,367
S01007214,835,551,284
S01007215,778,401,377
S01007216,706,323,383
S01007217,723,335,388
S01007218,632,187,445
S01007219,876,380,496
S01007220,652,329,323
S01007221,530,179,351
S01007222,885,389,496
S01007223,558,181,377
S01007224,596,245,351
S01007225,835,339,496
S01007226,746,297,449
S01007227,1116,452,664
S01007228,611,226,385
S01007229,971,343,628
S01007230,1039,559,480
S01007231,632,385,247
S01007232,479,271,208
S01007233,582,237,345
S01007234,524,241,283
S01007235,872,433,439
S01007236,935,425,510
S01007237,631,243,388
S01007238,798,296,502
S01007239,1077,394,683
S01007240,474,179,295
S01007241,952,347,605
S01007242,873,312,561
S01007243,1016,360,656
S01007244,530,173,357
S01007245,639,243,396
S01007246,508,162,346
S01007247,862,334,528
S01007248,706,208,498
S01007249,507,178,329
S01007250,649,319,330
S01007251,528,282,246
S01007252,667,283,384
S01007253,622,208,414
S01007254,741,412,329
S01007255,819,455,364
S01007256,645,382,263
S01007257,699,434,265
S01007258,654,330,324
S01007259,769,434,335
S01007260,903,488,415
S01007261,842,285,557
S01007262,582,235,347
S01007263,1020,436,584
S01007264,758,307,451
S01007265,934,520,414
S01007266,671,290,381
S01007267,456,164,292
S01007268,465,159,306
S01007269,525,185,340
S01007270,405,156,249
S01007271,938,439,499
S01007272,896,493,403
S01007273,539,238,301
S01007274,703,387,316
S01007275,653,274,379
S01007276,892,400,492
S01007277,800,278,522
S01007278,754,235,519
S01007279,532,181,351
S01007280,520,196,324
S01007281,894,390,504
S01007282,400,165,235
S01007283,750,309,441
S01007284,711,347,364
S01007285,838,374,464
S01007286,1075,479,596
S01007287,466,223,243
S01007288,609,254,355
S01007289,792,290,502
S01007290,329,162,167
S01007291,499,255,244
S01007292,562,185,377
S01007293,857,476,381
S01007294,784,381,403
S01007295,524,369,155
S01007296,527,397,130
S01007297,788,367,421
S01007298,446,232,214
S01007299,788,413,375
S01007300,614,349,265
S01007301,703,268,435
S01007302,721,319,402
S01007303,829,331,498
S01007304,489,185,304
S01007305,777,298,479
S01007306,819,365,454
S01007307,776,263,513
S01007308,669,271,398
S01007309,643,292,351
S01007310,787,328,459
S01007311,781,361,420
S01007312,684,276,408
S01007313,728,314,414
S01007314,735,293,442
S01007315,626,292,334
S01007316,905,478,427
S01007317,912,443,469
S01007318,488,229,259
S01007319,706,322,384
S01007320,827,334,493
S01007321,514,207,307
S01007322,674,325,349
S01007323,491,248,243
S01007324,245,124,121
S01007325,650,310,340
S01007326,849,355,494
S01007327,774,385,389
S01007328,880,444,436
S01007329,522,236,286
S01007330,715,277,438
S01007331,725,279,446
S01007332,560,201,359
S01007333,939,412,527
S01007334,715,431,284
S01007335,826,393,433
S01007336,630,424,206
S01007337,572,325,247
S01007338,931,367,564
S01007339,714,281,433
S01007340,628,310,318
S01007341,677,290,387
S01007342,698,258,440
S01007343,638,265,373
S01007344,488,210,278
S01007345,480,339,141
S01007346,773,590,183
S01007347,953,537,416
S01007348,681,400,281
S01007349,540,313,227
S01007350,579,298,281
S01007351,564,230,334
S01007352,434,159,275
S01007353,594,238,356
S01007354,675,258,417
S01007355,1107,494,613
S01007356,602,249,353
S01007357,706,290,416
S01007358,1268,561,707
S01007359,762,359,403
S01007360,668,282,386
S01007361,908,445,463
S01007362,864,409,455
S01007363,858,398,460
S01007364,848,455,393
S01007365,379,174,205
S01007366,502,291,211
S01007367,542,312,230
S01007368,525,314,211
S01007369,894,447,447
S01007370,736,465,271
S01007371,698,323,375
S01007372,849,348,501
S01007373,489,179,310
S01007374,688,298,390
S01007375,417,160,257
S01007376,831,376,455
S01007377,546,186,360
S01007378,2883,2470,413
S01007379,748,322,426
S01007380,599,268,331
S01007381,414,125,289
S01007382,827,344,483
S01007383,668,276,392
S01007384,826,337,489
S01007385,1126,460,666
S01007386,715,216,499
S01007387,778,263,515
S01007388,608,172,436
S01007389,588,142,446
S01007390,278,105,173
S01007391,542,147,395
S01007392,389,122,267
S01007393,860,391,469
S01007394,660,318,342
S01007395,1059,689,370
S01007396,974,635,339
S01007397,792,348,444
S01007398,543,293,250
S01007399,564,382,182
S01007400,775,351,424
S01007401,643,238,405
S01007402,600,212,388
S01007403,549,105,444
S01007404,582,221,361
S01007405,424,161,263
S01007406,590,215,375
S01007407,657,216,441
S01007408,742,328,414
S01007409,573,250,323
S01007410,714,399,315
S01007411,719,483,236
S01007412,481,223,258
S01007413,603,223,380
S01007414,261,80,181
S01007415,730,337,393
S01007416,393,223,170
S01007417,197,67,130
S01007418,586,270,316
S01007419,676,357,319
S01007420,1274,849,425
S01007421,508,241,267
S01007422,679,360,319
S01007423,311,151,160
S01007424,668,218,450
S01007425,827,315,512
S01007426,744,397,347
S01007427,669,290,379
S01007428,926,448,478
S01007429,773,412,361
S01007430,467,224,243
S01007431,553,193,360
S01007432,591,220,371
S01007433,787,319,468
S01007434,492,252,240
S01007435,671,309,362
S01007436,862,515,347
S01007437,472,253,219
S01007438,590,294,296
S01007439,797,364,433
S01007440,684,241,443
S01007441,544,172,372
S01007442,630,171,459
S01007443,807,337,470
S01007444,1155,474,681
S01007445,599,186,413
S01007446,591,207,384
S01007447,528,164,364
S01007448,838,255,583
S01007449,838,370,468
S01007450,1022,506,516
S01007451,560,224,336
S01007452,595,280,315
S01007453,78,38,40
S01007454,490,230,260
S01007455,690,343,347
S01007456,846,458,388
S01007457,563,316,247
S01007458,691,218,473
S01007459,754,262,492
S01007460,771,385,386
S01007461,764,482,282
S01007462,805,435,370
S01007463,794,455,339
S01007464,882,489,393
S01007465,607,382,225
S01007466,814,546,268
S01007467,865,465,400
S01007468,934,337,597
S01007469,552,216,336
S01007470,536,320,216
S01007471,415,171,244
S01007472,930,464,466
S01007473,387,207,180
S01007474,355,116,239
S01007475,433,196,237
S01007476,674,241,433
S01007477,651,287,364
S01007478,752,418,334
S01007479,362,187,175
S01007480,682,326,356
S01007481,849,247,602
S01007482,645,265,380
S01007483,831,369,462
S01007484,733,404,329
S01007485,665,378,287
S01007486,690,466,224
S01007487,1017,604,413
S01007488,870,397,473
S01007489,767,312,455
S01007490,996,452,544
S01007491,605,307,298
S01007492,584,281,303
S01007493,737,307,430
S01007494,664,258,406
S01007495,573,184,389
S01007496,890,336,554
S01007497,512,204,308
S01007498,956,369,587
S01007499,660,263,397
S01007500,636,241,395
S01007501,554,204,350
S01007502,556,216,340
S01007503,896,367,529
S01007504,918,381,537
S01007505,347,129,218
S01007506,454,146,308
S01007507,1207,483,724
S01007508,581,257,324
S01007509,591,201,390
S01007510,791,298,493
S01007511,942,416,526
S01007512,462,196,266
S01007513,889,418,471
S01007514,513,282,231
S01007515,527,209,318
S01007516,636,326,310
S01007517,484,215,269
S01007518,750,329,421
S01007519,501,195,306
S01007520,798,316,482
S01007521,595,207,388
S01007522,992,443,549
S01007523,424,184,240
S01007524,749,304,445
S01007525,481,209,272
S01007526,805,428,377
S01007527,1217,493,724
S01007528,821,398,423
S01007529,702,252,450
S01007530,427,158,269
S01007531,635,250,385
S01007532,406,163,243
S01007533,644,271,373
S01007534,1105,524,581
S01007535,729,302,427
S01007536,867,372,495
S01007537,1235,565,670
S01007538,633,238,395
S01007539,759,298,461
S01007540,717,350,367
S01007541,986,474,512
S01007542,751,393,358
S01007543,1016,468,548
S01007544,1248,463,785
S01007545,1075,381,694
S01007546,486,187,299
S01007547,425,157,268
S01007548,704,281,423
S01007549,653,254,399
S01007550,1051,416,635
S01007551,1100,459,641
S01007552,821,387,434
S01007553,841,374,467
S01007554,723,327,396
S01007555,632,229,403
S01007556,628,265,363
S01007557,936,390,546
S01007558,457,169,288
S01007559,614,238,376
S01007560,888,403,485
S01007561,882,389,493
S01007562,629,248,381
S01007563,882,374,508
S01007564,991,365,626
S01007565,802,307,495
S01007566,618,238,380
S01007567,407,150,257
S01007568,615,230,385
S01007569,784,318,466
S01007570,808,301,507
S01007571,448,155,293
S01007572,549,236,313
S01007573,156,94,62
S01007574,1127,463,664
S01007575,722,374,348
S01007576,839,539,300
S01007577,707,377,330
S01007578,679,382,297
S01007579,399,233,166
S01007580,728,387,341
S01007581,485,247,238
S01007582,722,346,376
S01007583,967,627,340
S01007584,704,389,315
S01007585,870,346,524
S01007586,781,394,387
S01007587,694,383,311
S01007588,823,290,533
S01007589,952,580,372
S01007590,547,180,367
S01007591,733,355,378
S01007592,864,503,361
S01007593,914,401,513
S01007594,739,282,457
S01007595,797,282,515
S01007596,644,257,387
S01007597,496,179,317
S01007598,857,328,529
S01007599,534,251,283
S01007600,828,412,416
S01007601,515,267,248
S01007602,822,310,512
S01007603,750,256,494
S01007604,845,244,601
S01007605,935,322,613
S01007606,506,238,268
S01007607,805,248,557
S01007608,866,314,552
S01007609,747,404,343
S01007610,696,454,242
S01007611,896,611,285
S01007612,855,643,212
S01007613,839,426,413
S01007614,680,238,442
S01007615,1055,532,523
S01007616,773,450,323
S01007617,577,274,303
S01007618,702,306,396
S01007619,637,280,357
S01007620,710,231,479
S01007621,650,239,411
S01007622,692,255,437
S01007623,401,111,290
S01007624,594,217,377
S01007625,575,199,376
S01007626,381,165,216
S01007627,205,88,117
S01007628,709,277,432
S01007629,588,221,367
S01007630,667,238,429
S01007631,500,173,327
S01007632,1336,569,767
S01007633,1252,472,780
S01007634,540,195,345
S01007635,693,239,454
S01007636,1079,464,615
S01007637,1174,593,581
S01007638,906,457,449
S01007639,768,370,398
S01007640,495,223,272
S01007641,545,195,350
S01007642,927,405,522
S01007643,787,343,444
S01007644,703,293,410
S01007645,640,235,405
S01007646,573,256,317
S01007647,903,385,518
S01007648,926,418,508
S01007649,632,291,341
S01007650,873,361,512
S01007651,618,246,372
S01007652,653,294,359
S01007653,915,380,535
S01007654,1008,438,570
S01007655,626,233,393
S01007656,779,293,486
S01007657,532,223,309
S01007658,533,236,297
S01007659,804,331,473
S01007660,1072,506,566
S01007661,672,346,326
S01007662,858,494,364
S01007663,929,393,536
S01007664,479,265,214
S01007665,551,251,300
S01007666,247,85,162
S01007667,431,113,318
S01007668,1037,512,525
S01007669,475,288,187
S01007670,750,407,343
S01007671,581,239,342
S01007672,878,239,639
S01007673,547,201,346
S01007674,923,393,530
S01007675,569,204,365
S01007676,440,141,299
S01007677,119,35,84
S01007678,641,314,327
S01007679,728,364,364
S01007680,766,273,493
S01007681,456,205,251
S01007682,907,398,509
S01007683,1004,455,549
S01007684,1050,400,650
S01007685,1022,512,510
S01007686,980,493,487
S01007687,893,585,308
S01007688,1036,847,189
S01007689,604,485,119
S01007690,1218,966,252
S01007691,1918,1739,179
S01007692,893,733,160
S01007693,677,584,93
S01007694,374,331,43
S01007695,953,709,244
S01007696,792,632,160
S01007697,1144,826,318
S01007698,1008,814,194
S01007699,676,538,138
S01007700,815,410,405
S01007701,386,298,88
S01007702,304,250,54
S01007703,1025,645,380
S01007704,1176,893,283
S01007705,760,728,32
S01007706,729,683,46
S01007707,237,199,38
S01007708,953,662,291
S01007709,696,522,174
S01007710,1025,888,137
S01007711,1140,921,219
S01007712,889,701,188
S01007713,532,366,166
S01007714,528,309,219
S01007715,524,394,130
S01007716,1000,778,222
S01007717,765,596,169
S01007718,878,684,194
S01007719,1325,900,425
S01007720,998,467,531
S01007721,974,567,407
S01007722,843,585,258
S01007723,937,643,294
S01007724,599,478,121
S01007725,1152,792,360
S01007726,738,510,228
S01007727,643,511,132
S01007728,885,695,190
S01007729,783,604,179
S01007730,760,530,230
S01007731,421,314,107
S01007732,559,474,85
S01007733,748,338,410
S01007734,733,295,438
S01007735,714,295,419
S01007736,724,282,442
S01007737,842,469,373
S01007738,995,476,519
S01007739,695,370,325
S01007740,619,288,331
S01007741,790,427,363
S01007742,654,322,332
S01007743,770,445,325
S01007744,663,403,260
S01007745,846,534,312
S01007746,744,399,345
S01007747,693,434,259
S01007748,528,349,179
S01007749,808,285,523
S01007750,917,322,595
S01007751,693,264,429
S01007752,1046,462,584
S01007753,777,400,377
S01007754,1108,587,521
S01007755,690,386,304
S01007756,785,421,364
S01007757,1139,343,796
S01007758,1004,478,526
S01007759,1124,747,377
S01007760,882,340,542
S01007761,803,337,466
S01007762,720,470,250
S01007763,716,353,363
S01007764,805,252,553
S01007765,848,248,600
S01007766,948,298,650
S01007767,868,302,566
S01007768,655,332,323
S01007769,712,235,477
S01007770,689,242,447
S01007771,759,221,538
S01007772,1090,527,563
S01007773,688,223,465
S01007774,105,31,74
S01007775,814,303,511
S01007776,388,100,288
S01007777,283,81,202
S01007778,346,183,163
S01007779,694,271,423
S01007780,639,238,401
S01007781,599,267,332
S01007782,520,334,186
S01007783,739,459,280
S01007784,611,298,313
S01007785,359,241,118
S01007786,773,365,408
S01007787,624,318,306
S01007788,515,393,122
S01007789,438,308,130
S01007790,542,374,168
S01007791,208,95,113
S01007792,855,405,450
S01007793,829,504,325
S01007794,1018,489,529
S01007795,723,389,334
S01007796,741,477,264
S01007797,659,400,259
S01007798,291,114,177
S01007799,173,81,92
S01007800,742,442,300
S01007801,805,584,221
S01007802,483,213,270
S01007803,893,594,299
S01007804,548,362,186
S01007805,618,392,226
S01007806,795,433,362
S01007807,721,293,428
S01007808,680,375,305
S01007809,1136,405,731
S01007810,793,409,384
S01007811,660,367,293
S01007812,542,368,174
S01007813,822,480,342
S01007814,694,391,303
S01007815,1012,453,559
S01007816,605,204,401
S01007817,747,335,412
S01007818,750,319,431
S01007819,683,290,393
S01007820,887,395,492
S01007821,739,353,386
S01007822,867,366,501
S01007823,720,295,425
S01007824,1039,402,637
S01007825,1102,494,608
S01007826,515,366,149
S01007827,567,320,247
S01007828,1130,735,395
S01007829,720,380,340
S01007830,994,630,364
S01007831,794,502,292
S01007832,813,460,353
S01007833,994,503,491
S01007834,685,468,217
S01007835,676,360,316
S01007836,773,357,416
S01007837,1077,466,611
S01007838,1128,560,568
S01007839,746,381,365
S01007840,826,458,368
S01007841,773,395,378
S01007842,990,670,320
S01007843,846,566,280
S01007844,1097,638,459
S01007845,769,467,302
S01007846,634,372,262
S01007847,1196,731,465
S01007848,854,605,249
S01007849,846,485,361
S01007850,655,348,307
S01007851,906,443,463
S01007852,1035,626,409
S01007853,687,438,249
S01007854,1000,663,337
S01007855,657,481,176
S01007856,767,394,373
S01007857,389,265,124
S01007858,761,492,269
S01007859,449,271,178
S01007860,164,133,31
S01007861,892,511,381
S01007862,894,471,423
S01007863,684,454,230
S01007864,827,396,431
S01007865,545,228,317
S01007866,427,131,296
S01007867,433,204,229
S01007868,1123,424,699
S01007869,993,429,564
S01007870,527,244,283
S01007871,958,485,473
S01007872,621,342,279
S01007873,637,323,314
S01007874,735,378,357
S01007875,601,261,340
S01007876,638,299,339
S01007877,723,323,400
S01007878,679,366,313
S01007879,1026,532,494
S01007880,498,210,288
S01007881,513,231,282
S01007882,782,262,520
S01007883,762,342,420
S01007884,707,282,425
S01007885,817,443,374
S01007886,784,386,398
S01007887,581,222,359
S01007888,882,422,460
S01007889,970,479,491
S01007890,589,253,336
S01007891,676,290,386
S01007892,952,334,618
S01007893,979,343,636
S01007894,869,358,511
S01007895,649,265,384
S01007896,914,410,504
S01007897,605,199,406
S01007898,564,201,363
S01007899,445,159,286
S01007900,459,226,233
S01007901,624,294,330
S01007902,860,411,449
S01007903,709,328,381
S01007904,634,239,395
S01007905,648,335,313
S01007906,750,373,377
S01007907,733,340,393
S01007908,997,395,602
S01007909,398,141,257
S01007910,891,440,451
S01007911,747,331,416
S01007912,735,328,407
S01007913,1018,515,503
S01007914,691,344,347
S01007915,729,325,404
S01007916,996,465,531
S01007917,1117,498,619
S01007918,992,491,501
S01007919,585,178,407
S01007920,500,176,324
S01007921,996,480,516
S01007922,1112,596,516
S01007923,614,272,342
S01007924,937,486,451
S01007925,490,153,337
S01007926,591,213,378
S01007927,451,147,304
S01007928,1033,481,552
S01007929,825,307,518
S01007930,442,137,305
S01007931,852,332,520
S01007932,798,287,511
S01007933,1055,447,608
S01007934,521,242,279
S01007935,924,473,451
S01007936,705,218,487
S01007937,967,365,602
S01007938,723,360,363
S01007939,872,425,447
S01007940,1387,586,801
S01007941,546,174,372
S01007942,186,108,78
S01007943,851,333,518
S01007944,842,375,467
S01007945,978,485,493
S01007946,855,422,433
S01007947,891,365,526
S01007948,651,320,331
S01007949,841,358,483
S01007950,857,296,561
S01007951,753,344,409
S01007952,722,421,301
S01007953,850,421,429
S01007954,593,323,270
S01007955,1421,900,521
S01007956,784,383,401
S01007957,1049,492,557
S01007958,903,523,380
S01007959,1693,933,760
S01007960,518,270,248
S01007961,1470,812,658
S01007962,772,370,402
S01007963,792,480,312
S01007964,676,348,328
S01007965,665,366,299
S01007966,781,435,346
S01007967,665,355,310
S01007968,897,463,434
S01007969,703,319,384
S01007970,905,447,458
S01007971,924,501,423
S01007972,982,432,550
S01007973,877,327,550
S01007974,866,529,337
S01007975,595,320,275
S01007976,925,567,358
S01007977,446,212,234
S01007978,746,440,306
S01007979,664,246,418
S01007980,729,347,382
S01007981,735,290,445
S01007982,609,254,355
S01007983,1264,559,705
S01007984,815,325,490
S01007985,766,355,411
S01007986,496,185,311
S01007987,926,369,557
S01007988,824,343,481
S01007989,607,273,334
S01007990,907,383,524
S01007991,540,167,373
S01007992,546,159,387
S01007993,828,251,577
S01007994,238,65,173
S01007995,593,192,401
S01007996,319,108,211
S01007997,641,253,388
S01007998,572,270,302
S01007999,689,382,307
S01008000,688,389,299
S01008001,718,429,289
S01008002,820,492,328
S01008003,572,298,274
S01008004,86,49,37
S01008005,102,58,44
S01008006,461,302,159
S01008007,484,285,199
S01008008,433,282,151
S01008009,657,423,234
S01008010,920,616,304
S01008011,693,510,183
S01008012,758,508,250
S01008013,645,432,213
S01008014,651,300,351
S01008015,731,460,271
S01008016,712,399,313
S01008017,794,238,556
S01008018,833,281,552
S01008019,910,460,450
S01008020,761,409,352
S01008021,575,201,374
S01008022,763,270,493
S01008023,766,238,528
S01008024,119,30,89
S01008025,723,233,490
S01008026,1090,525,565
S01008027,773,375,398
S01008028,291,120,171
S01008029,941,395,546
S01008030,836,324,512
S01008031,883,423,460
S01008032,1032,447,585
S01008033,871,216,655
S01008034,816,238,578
S01008035,835,342,493
S01008036,559,163,396
S01008037,1178,597,581
S01008038,854,420,434
S01008039,818,401,417
S01008040,671,236,435
S01008041,811,392,419
S01008042,764,294,470
S01008043,1009,366,643
S01008044,1015,373,642
S01008045,1036,396,640
S01008046,1118,626,492
S01008047,595,216,379
S01008048,585,197,388
S01008049,853,290,563
S01008050,562,187,375
S01008051,985,318,667
S01008052,684,220,464
S01008053,724,253,471
S01008054,678,287,391
S01008055,717,209,508
S01008056,1019,397,622
S01008057,1081,390,691
S01008058,721,233,488
S01008059,594,182,412
S01008060,1615,635,980
S01008061,816,385,431
S01008062,881,303,578
S01008063,770,267,503
S01008064,799,402,397
S01008065,966,328,638
S01008066,833,289,544
S01008067,523,182,341
S01008068,1023,352,671
S01008069,973,371,602
S01008070,971,365,606
S01008071,801,308,493
S01008072,721,263,458
S01008073,386,98,288
S01008074,790,284,506
S01008075,514,174,340
S01008076,857,321,536
S01008077,866,337,529
S01008078,680,223,457
S01008079,788,266,522
S01008080,674,237,437
S01008081,577,223,354
S01008082,852,306,546
S01008083,723,244,479
S01008084,751,305,446
S01008085,971,315,656
S01008086,936,372,564
S01008087,986,318,668
S01008088,782,275,507
S01008089,846,266,580
S01008090,634,248,386
S01008091,475,145,330
S01008092,898,288,610
S01008093,729,245,484
S01008094,855,429,426
S01008095,871,316,555
S01008096,689,244,445
S01008097,648,237,411
S01008098,627,210,417
S01008099,398,152,246
S01008100,887,310,577
S01008101,944,479,465
S01008102,638,307,331
S01008103,583,350,233
S01008104,885,415,470
S01008105,987,575,412
S01008106,793,453,340
S01008107,453,208,245
S01008108,807,298,509
S01008109,789,272,517
S01008110,729,259,470
S01008111,793,267,526
S01008112,854,266,588
S01008113,818,302,516
S01008114,769,259,510
S01008115,762,332,430
S01008116,1275,562,713
S01008117,723,236,487
S01008118,1454,703,751
S01008119,638,313,325
S01008120,589,243,346
S01008121,579,175,404
S01008122,1234,562,672
S01008123,879,295,584
S01008124,824,270,554
S01008125,1024,394,630
S01008126,807,295,512
S01008127,438,148,290
S01008128,941,319,622
S01008129,789,422,367
S01008130,815,481,334
S01008131,633,425,208
S01008132,921,296,625
S01008133,677,351,326
S01008134,599,384,215
S01008135,1202,660,542
S01008136,1242,744,498
S01008137,871,534,337
S01008138,673,428,245
S01008139,994,536,458
S01008140,704,408,296
S01008141,952,296,656
S01008142,831,277,554
S01008143,1087,523,564
S01008144,916,280,636
S01008145,892,461,431
S01008146,642,381,261
S01008147,802,371,431
S01008148,804,315,489
S01008149,754,339,415
S01008150,1085,485,600
S01008151,845,421,424
S01008152,1034,495,539
S01008153,661,241,420
S01008154,886,350,536
S01008155,715,255,460
S01008156,860,385,475
S01008157,813,355,458
S01008158,852,365,487
S01008159,911,533,378
S01008160,795,456,339
S01008161,965,502,463
S01008162,1179,622,557
S01008163,724,335,389
S01008164,506,260,246
S01008165,205,86,119
S01008166,561,245,316
S01008167,765,379,386
S01008168,852,405,447
S01008169,599,283,316
S01008170,559,211,348
S01008171,785,424,361
S01008172,480,190,290
S01008173,604,183,421
S01008174,459,183,276
S01008175,623,336,287
S01008176,654,252,402
S01008177,685,360,325
S01008178,590,212,378
S01008179,256,65,191
S01008180,374,112,262
S01008181,526,167,359
S01008182,1052,671,381
S01008183,852,409,443
S01008184,768,511,257
S01008185,1040,628,412
S01008186,827,534,293
S01008187,518,302,216
S01008188,1197,696,501
S01008189,835,321,514
S01008190,818,413,405
S01008191,663,288,375
S01008192,939,516,423
S01008193,748,359,389
S01008194,505,252,253
S01008195,863,492,371
S01008196,640,347,293
S01008197,208,93,115
S01008198,585,265,320
S01008199,593,283,310
S01008200,730,361,369
S01008201,1041,530,511
S01008202,636,255,381
S01008203,453,281,172
S01008204,885,381,504
S01008205,643,286,357
S01008206,918,413,505
S01008207,575,302,273
S01008208,273,135,138
S01008209,136,70,66
S01008210,1155,557,598
S01008211,831,435,396
S01008212,522,128,394
S01008213,611,184,427
S01008214,667,291,376
S01008215,893,342,551
S01008216,660,203,457
S01008217,551,159,392
S01008218,419,140,279
S01008219,877,438,439
S01008220,468,273,195
S01008221,624,365,259
S01008222,615,312,303
S01008223,513,229,284
S01008224,746,298,448
S01008225,661,264,397
S01008226,683,380,303
S01008227,772,363,409
S01008228,515,213,302
S01008229,669,285,384
S01008230,403,166,237
S01008231,70,36,34
S01008232,217,57,160
S01008233,299,111,188
S01008234,603,270,333
S01008235,759,299,460
S01008236,869,347,522
S01008237,708,301,407
S01008238,813,327,486
S01008239,496,198,298
S01008240,1158,330,828
S01008241,881,227,654
S01008242,1049,396,653
S01008243,644,252,392
S01008244,670,254,416
S01008245,926,329,597
S01008246,1010,338,672
S01008247,657,247,410
S01008248,973,363,610
S01008249,641,252,389
S01008250,689,242,447
S01008251,653,166,487
S01008252,901,297,604
S01008253,672,288,384
S01008254,1092,505,587
S01008255,840,352,488
S01008256,831,421,410
S01008257,735,417,318
S01008258,934,389,545
S01008259,889,476,413
S01008260,709,344,365
S01008261,890,361,529
S01008262,627,246,381
S01008263,399,209,190
S01008264,495,217,278
S01008265,534,178,356
S01008266,653,213,440
S01008267,530,209,321
S01008268,574,215,359
S01008269,792,238,554
S01008270,905,365,540
S01008271,606,377,229
S01008272,690,262,428
S01008273,786,299,487
S01008274,772,370,402
S01008275,618,224,394
S01008276,490,130,360
S01008277,519,176,343
S01008278,629,182,447
S01008279,601,231,370
S01008280,1028,451,577
S01008281,653,250,403
S01008282,523,193,330
S01008283,374,161,213
S01008284,555,279,276
S01008285,631,303,328
S01008286,1113,544,569
S01008287,693,304,389
S01008288,818,367,451
S01008289,610,359,251
S01008290,752,401,351
S01008291,974,384,590
S01008292,506,171,335
S01008293,191,77,114
S01008294,315,104,211
S01008295,939,373,566
S01008296,592,308,284
S01008297,450,193,257
S01008298,940,398,542
S01008299,855,476,379
S01008300,724,332,392
S01008301,881,328,553
S01008302,664,209,455
S01008303,631,337,294
S01008304,426,181,245
S01008305,694,235,459
S01008306,528,170,358
S01008307,657,266,391
S01008308,519,170,349
S01008309,751,451,300
S01008310,821,395,426
S01008311,471,241,230
S01008312,485,249,236
S01008313,857,526,331
S01008314,684,455,229
S01008315,539,394,145
S01008316,626,402,224
S01008317,401,224,177
S01008318,1127,420,707
S01008319,557,262,295
S01008320,611,237,374
S01008321,579,170,409
S01008322,1333,629,704
S01008323,700,385,315
S01008324,507,230,277
S01008325,866,419,447
S01008326,807,442,365
S01008327,941,451,490
S01008328,630,180,450
S01008329,847,258,589
S01008330,867,266,601
S01008331,569,242,327
S01008332,912,398,514
S01008333,957,428,529
S01008334,663,238,425
S01008335,696,353,343
S01008336,692,380,312
S01008337,401,147,254
S01008338,545,184,361
S01008339,434,165,269
S01008340,612,203,409
S01008341,445,100,345
S01008342,854,345,509
S01008343,976,379,597
S01008344,579,184,395
S01008345,1041,339,702
S01008346,821,229,592
S01008347,1060,430,630
S01008348,818,282,536
S01008349,805,233,572
S01008350,697,207,490
S01008351,880,289,591
S01008352,711,209,502
S01008353,312,84,228
S01008354,680,248,432
S01008355,953,439,514
S01008356,717,275,442
S01008357,728,256,472
S01008358,753,334,419
S01008359,642,228,414
S01008360,883,284,599
S01008361,634,191,443
S01008362,789,348,441
S01008363,660,289,371
S01008364,671,240,431
S01008365,827,278,549
S01008366,834,422,412
S01008367,758,459,299
S01008368,690,319,371
S01008369,682,271,411
S01008370,543,240,303
S01008371,690,210,480
S01008372,687,247,440
S01008373,895,267,628
S01008374,681,221,460
S01008375,604,182,422
S01008376,445,180,265
S01008377,744,333,411
S01008378,740,251,489
S01008379,435,134,301
S01008380,488,148,340
S01008381,820,264,556
S01008382,727,234,493
S01008383,493,165,328
S01008384,750,269,481
S01008385,519,178,341
S01008386,775,270,505
S01008387,669,225,444
S01008388,448,175,273
S01008389,657,269,388
S01008390,612,169,443
S01008391,613,235,378
S01008392,682,232,450
S01008393,653,252,401
S01008394,837,252,585
S01008395,625,214,411
S01008396,724,295,429
S01008397,825,267,558
S01008398,739,264,475
S01008399,646,298,348
S01008400,896,325,571
S01008401,997,412,585
S01008402,787,215,572
S01008403,757,241,516
S01008404,915,321,594
S01008405,708,225,483
S01008406,984,411,573
S01008407,464,238,226
S01008408,588,217,371
S01008409,834,399,435
S01008410,656,291,365
S01008411,906,394,512
S01008412,500,195,305
S01008413,440,189,251
S01008414,500,148,352
S01008415,795,334,461
S01008416,935,498,437
S01008417,588,196,392
S01008418,627,243,384
S01008419,370,110,260
S01008420,480,184,296
S01008421,643,337,306
S01008422,767,287,480
S01008423,776,269,507
S01008424,969,240,729
S01008425,2507,1850,657
S01008426,983,419,564
S01008427,1010,323,687
S01008428,765,366,399
S01008429,783,252,531
S01008430,940,347,593
S01008431,887,291,596
S01008432,948,300,648
S01008433,753,243,510
S01008434,940,267,673
S01008435,978,294,684
S01008436,764,277,487
S01008437,1023,654,369
S01008438,858,529,329
S01008439,828,260,568
S01008440,936,291,645
S01008441,639,174,465
S01008442,453,176,277
S01008443,525,186,339
S01008444,931,530,401
S01008445,1092,554,538
S01008446,1299,583,716
S01008447,576,178,398
S01008448,654,199,455
S01008449,483,260,223
S01008450,327,233,94
S01008451,743,430,313
S01008452,537,401,136
S01008453,345,257,88
S01008454,897,602,295
S01008455,1013,626,387
S01008456,833,594,239
S01008457,806,501,305
S01008458,689,356,333
S01008459,605,417,188
S01008460,806,615,191
S01008461,711,515,196
S01008462,539,362,177
S01008463,723,474,249
S01008464,825,371,454
S01008465,804,421,383
S01008466,699,355,344
S01008467,713,299,414
S01008468,793,438,355
S01008469,450,224,226
S01008470,745,421,324
S01008471,577,379,198
S01008472,550,323,227
S01008473,546,343,203
S01008474,727,475,252
S01008475,694,373,321
S01008476,676,399,277
S01008477,999,640,359
S01008478,840,532,308
S01008479,989,565,424
S01008480,364,201,163
S01008481,1123,676,447
S01008482,1090,694,396
S01008483,753,406,347
S01008484,799,349,450
S01008485,898,320,578
S01008486,762,358,404
S01008487,428,232,196
S01008488,684,427,257
S01008489,823,499,324
S01008490,1040,690,350
S01008491,663,459,204
S01008492,429,360,69
S01008493,763,477,286
S01008494,713,545,168
S01008495,933,805,128
S01008496,1074,920,154
S01008497,856,716,140
S01008498,705,588,117
S01008499,943,811,132
S01008500,250,211,39
S01008501,513,399,114
S01008502,604,498,106
S01008503,753,480,273
S01008504,1200,720,480
S01008505,855,520,335
S01008506,983,612,371
S01008507,752,535,217
S01008508,887,362,525
S01008509,803,321,482
S01008510,692,266,426
S01008511,812,267,545
S01008512,848,261,587
S01008513,771,334,437
S01008514,678,343,335
S01008515,795,362,433
S01008516,1503,1174,329
S01008517,871,662,209
S01008518,942,434,508
S01008519,824,291,533
S01008520,1036,274,762
S01008521,710,211,499
S01008522,499,178,321
S01008523,217,62,155
S01008524,977,559,418
S01008525,793,474,319
S01008526,722,418,304
S01008527,607,298,309
S01008528,549,264,285
S01008529,717,320,397
S01008530,895,505,390
S01008531,824,520,304
S01008532,556,293,263
S01008533,353,46,307
S01008534,644,146,498
S01008535,570,165,405
S01008536,604,223,381
S01008537,580,168,412
S01008538,558,180,378
S01008539,882,309,573
S01008540,862,274,588
S01008541,788,258,530
S01008542,923,314,609
S01008543,773,232,541
S01008544,443,119,324
S01008545,588,178,410
S01008546,740,205,535
S01008547,941,386,555
S01008548,858,470,388
S01008549,1015,452,563
S01008550,846,349,497
S01008551,854,386,468
S01008552,930,376,554
S01008553,636,329,307
S01008554,639,371,268
S01008555,787,491,296
S01008556,973,545,428
S01008557,713,460,253
S01008558,764,489,275
S01008559,671,349,322
S01008560,644,347,297
S01008561,801,381,420
S01008562,607,427,180
S01008563,1010,590,420
S01008564,869,403,466
S01008565,854,502,352
S01008566,827,441,386
S01008567,535,296,239
S01008568,669,318,351
S01008569,585,434,151
S01008570,830,500,330
S01008571,743,382,361
S01008572,804,391,413
S01008573,745,290,455
S01008574,809,368,441
S01008575,619,186,433
S01008576,869,381,488
S01008577,1016,439,577
S01008578,815,272,543
S01008579,758,272,486
S01008580,715,354,361
S01008581,932,566,366
S01008582,1172,613,559
S01008583,719,412,307
S01008584,959,548,411
S01008585,755,460,295
S01008586,773,419,354
S01008587,744,336,408
S01008588,874,378,496
S01008589,305,121,184
S01008590,495,305,190
S01008591,850,468,382
S01008592,819,469,350
S01008593,710,256,454
S01008594,708,372,336
S01008595,1022,626,396
S01008596,850,565,285
S01008597,926,397,529
S01008598,1011,632,379
S01008599,797,447,350
S01008600,2803,2414,389
S01008601,2627,2507,120
S01008602,525,415,110
S01008603,958,842,116
S01008604,878,618,260
S01008605,736,525,211
S01008606,826,394,432
S01008607,528,196,332
S01008608,672,319,353
S01008609,932,438,494
S01008610,1051,725,326
S01008611,1164,935,229
S01008612,662,570,92
S01008613,909,652,257
S01008614,873,752,121
S01008615,816,652,164
S01008616,819,684,135
S01008617,904,754,150
S01008618,703,625,78
S01008619,479,379,100
S01008620,737,618,119
S01008621,820,690,130
S01008622,872,716,156
S01008623,1004,709,295
S01008624,670,321,349
S01008625,483,171,312
S01008626,889,454,435
S01008627,665,278,387
S01008628,640,455,185
S01008629,906,616,290
S01008630,598,477,121
S01008631,805,612,193
S01008632,1341,963,378
S01008633,984,500,484
S01008634,616,326,290
S01008635,693,468,225
S01008636,758,466,292
S01008637,644,466,178
S01008638,1200,958,242
S01008639,1145,866,279
S01008640,1128,881,247
S01008641,1013,787,226
S01008642,892,669,223
S01008643,909,665,244
S01008644,561,431,130
S01008645,916,699,217
S01008646,1132,850,282
S01008647,631,505,126
S01008648,831,695,136
S01008649,1148,956,192
S01008650,871,714,157
S01008651,786,666,120
S01008652,719,634,85
S01008653,631,514,117
S01008654,1082,933,149
S01008655,619,506,113
S01008656,934,755,179
S01008657,747,623,124
S01008658,1001,851,150
S01008659,1090,940,150
S01008660,1050,900,150
S01008661,955,807,148
S01008662,916,864,52
S01008663,954,834,120
S01008664,906,786,120
S01008665,1052,913,139
S01008666,771,652,119
S01008667,841,682,159
S01008668,955,833,122
S01008669,605,560,45
S01008670,1103,979,124
S01008671,1117,983,134
S01008672,579,509,70
S01008673,743,619,124
S01008674,1030,924,106
S01008675,782,635,147
S01008676,858,728,130
S01008677,694,572,122
S01008678,1014,922,92
S01008679,1025,889,136
S01008680,778,657,121
S01008681,899,776,123
S01008682,816,661,155
S01008683,1470,1198,272
S01008684,2779,2574,205
S01008685,721,521,200
S01008686,951,758,193
S01008687,779,634,145
S01008688,806,660,146
S01008689,1132,828,304
S01008690,901,653,248
S01008691,1136,914,222
S01008692,919,709,210
S01008693,523,240,283
S01008694,1157,791,366
S01008695,811,500,311
S01008696,554,221,333
S01008697,716,225,491
S01008698,605,249,356
S01008699,960,514,446
S01008700,560,248,312
S01008701,311,248,63
S01008702,263,181,82
S01008703,585,389,196
S01008704,740,448,292
S01008705,342,211,131
S01008706,571,402,169
S01008707,790,520,270
S01008708,589,432,157
S01008709,810,473,337
S01008710,257,174,83
S01008711,629,389,240
S01008712,906,562,344
S01008713,501,346,155
S01008714,589,333,256
S01008715,687,379,308
S01008716,599,320,279
S01008717,422,157,265
S01008718,500,242,258
S01008719,859,355,504
S01008720,485,258,227
S01008721,638,205,433
S01008722,907,366,541
S01008723,605,256,349
S01008724,816,360,456
S01008725,607,304,303
S01008726,927,415,512
S01008727,1032,568,464
S01008728,428,235,193
S01008729,639,305,334
S01008730,826,526,300
S01008731,470,252,218
S01008732,665,388,277
S01008733,755,500,255
S01008734,691,309,382
S01008735,961,316,645
S01008736,586,212,374
S01008737,648,213,435
S01008738,764,242,522
S01008739,498,211,287
S01008740,638,222,416
S01008741,946,290,656
S01008742,653,303,350
S01008743,895,569,326
S01008744,851,436,415
S01008745,455,245,210
S01008746,878,604,274
S01008747,513,205,308
S01008748,891,299,592
S01008749,1001,346,655
S01008750,658,180,478
S01008751,967,540,427
S01008752,850,488,362
S01008753,595,354,241
S01008754,598,416,182
S01008755,715,527,188
S01008756,726,497,229
S01008757,605,414,191
S01008758,853,542,311
S01008759,619,360,259
S01008760,997,571,426
S01008761,459,292,167
S01008762,507,242,265
S01008763,721,346,375
S01008764,548,261,287
S01008765,1040,599,441
S01008766,1197,550,647
S01008767,728,329,399
S01008768,564,371,193
S01008769,187,135,52
S01008770,69,46,23
S01008771,69,46,23
S01008772,933,516,417
S01008773,798,561,237
S01008774,693,489,204
S01008775,465,298,167
S01008776,1092,806,286
S01008777,816,628,188
S01008778,567,436,131
S01008779,383,286,97
S01008780,320,258,62
S01008781,298,238,60
S01008782,458,343,115
S01008783,277,222,55
S01008784,492,396,96
S01008785,710,524,186
S01008786,775,582,193
S01008787,458,328,130
S01008788,362,266,96
S01008789,579,364,215
S01008790,596,467,129
S01008791,335,212,123
S01008792,852,558,294
S01008793,760,570,190
S01008794,719,518,201
S01008795,911,633,278
S01008796,882,731,151
S01008797,862,633,229
S01008798,881,681,200
S01008799,215,150,65
S01008800,761,599,162
S01008801,778,640,138
S01008802,972,778,194
S01008803,986,767,219
S01008804,690,593,97
S01008805,564,455,109
S01008806,668,481,187
S01008807,920,714,206
S01008808,669,513,156
S01008809,754,480,274
S01008810,949,704,245
S01008811,689,518,171
S01008812,788,587,201
S01008813,689,488,201
S01008814,1028,724,304
S01008815,987,748,239
S01008816,216,156,60
S01008817,571,391,180
S01008818,794,447,347
S01008819,884,571,313
S01008820,1056,751,305
S01008821,630,286,344
S01008822,656,293,363
S01008823,837,466,371
S01008824,1018,511,507
S01008825,531,242,289
S01008826,578,365,213
S01008827,844,421,423
S01008828,824,419,405
S01008829,873,357,516
S01008830,1047,495,552
S01008831,862,348,514
S01008832,519,259,260
S01008833,916,544,372
S01008834,1072,543,529
S01008835,885,405,480
S01008836,452,310,142
S01008837,881,682,199
S01008838,880,624,256
S01008839,1020,690,330
S01008840,915,592,323
S01008841,396,253,143
S01008842,164,73,91
S01008843,642,491,151
S01008844,402,318,84
S01008845,621,475,146
S01008846,773,624,149
S01008847,661,532,129
S01008848,779,588,191
S01008849,934,655,279
S01008850,1210,851,359
S01008851,1102,805,297
S01008852,1078,622,456
S01008853,508,376,132
S01008854,934,650,284
S01008855,906,689,217
S01008856,595,451,144
S01008857,902,650,252
S01008858,950,675,275
S01008859,856,644,212
S01008860,1206,907,299
S01008861,871,439,432
S01008862,1028,781,247
S01008863,768,549,219
S01008864,1193,851,342
S01008865,994,707,287
S01008866,923,659,264
S01008867,841,502,339
S01008868,998,715,283
S01008869,1082,714,368
S01008870,990,579,411
S01008871,1141,725,416
S01008872,936,654,282
S01008873,639,257,382
S01008874,775,506,269
S01008875,1006,723,283
S01008876,646,319,327
S01008877,658,334,324
S01008878,1062,482,580
S01008879,719,307,412
S01008880,591,265,326
S01008881,557,273,284
S01008882,1040,443,597
S01008883,963,342,621
S01008884,682,187,495
S01008885,756,234,522
S01008886,965,470,495
S01008887,647,292,355
S01008888,798,551,247
S01008889,479,198,281
S01008890,665,207,458
S01008891,661,231,430
S01008892,995,565,430
S01008893,868,284,584
S01008894,770,214,556
S01008895,658,296,362
S01008896,586,250,336
S01008897,746,280,466
S01008898,806,278,528
S01008899,663,378,285
S01008900,730,376,354
S01008901,843,445,398
S01008902,810,473,337
S01008903,964,516,448
S01008904,866,567,299
S01008905,919,601,318
S01008906,534,370,164
S01008907,556,357,199
S01008908,728,417,311
S01008909,920,406,514
S01008910,582,256,326
S01008911,303,169,134
S01008912,719,338,381
S01008913,389,202,187
S01008914,980,453,527
S01008915,515,224,291
S01008916,1116,673,443
S01008917,507,326,181
S01008918,471,368,103
S01008919,441,315,126
S01008920,200,151,49
S01008921,815,515,300
S01008922,1038,534,504
S01008923,762,492,270
S01008924,717,418,299
S01008925,629,333,296
S01008926,288,181,107
S01008927,62,36,26
S01008928,392,207,185
S01008929,1197,906,291
S01008930,882,611,271
S01008931,578,358,220
S01008932,373,214,159
S01008933,431,323,108
S01008934,422,267,155
S01008935,893,328,565
S01008936,533,153,380
S01008937,604,329,275
S01008938,792,259,533
S01008939,655,200,455
S01008940,625,177,448
S01008941,685,344,341
S01008942,1001,347,654
S01008943,641,179,462
S01008944,813,243,570
S01008945,906,271,635
S01008946,600,171,429
S01008947,931,264,667
S01008948,917,496,421
S01008949,1068,504,564
S01008950,803,359,444
S01008951,932,554,378
S01008952,1294,718,576
S01008953,971,461,510
S01008954,855,472,383
S01008955,697,333,364
S01008956,1051,580,471
S01008957,922,482,440
S01008958,653,405,248
S01008959,845,374,471
S01008960,295,87,208
S01008961,840,384,456
S01008962,603,207,396
S01008963,789,264,525
S01008964,621,156,465
S01008965,635,181,454
S01008966,764,239,525
S01008967,958,310,648
S01008968,1195,523,672
S01008969,862,315,547
S01008970,921,333,588
S01008971,562,166,396
S01008972,1272,545,727
S01008973,649,342,307
S01008974,769,399,370
S01008975,780,412,368
S01008976,593,207,386
S01008977,685,219,466
S01008978,554,263,291
S01008979,620,317,303
S01008980,594,299,295
S01008981,724,256,468
S01008982,704,359,345
S01008983,686,474,212
S01008984,417,221,196
S01008985,659,318,341
S01008986,797,238,559
S01008987,872,290,582
S01008988,757,445,312
S01008989,841,406,435
S01008990,988,563,425
S01008991,936,360,576
S01008992,391,193,198
S01008993,908,374,534
S01008994,791,358,433
S01008995,845,314,531
S01008996,642,291,351
S01008997,714,320,394
S01008998,669,332,337
S01008999,824,405,419
S01009000,940,301,639
S01009001,573,159,414
S01009002,637,276,361
S01009003,716,247,469
S01009004,693,270,423
S01009005,778,348,430
S01009006,1151,484,667
S01009007,758,351,407
S01009008,813,321,492
S01009009,448,296,152
S01009010,1047,361,686
S01009011,947,285,662
S01009012,756,258,498
S01009013,876,332,544
S01009014,616,301,315
S01009015,438,207,231
S01009016,451,216,235
S01009017,545,250,295
S01009018,599,278,321
S01009019,723,367,356
S01009020,738,358,380
S01009021,581,281,300
S01009022,751,355,396
S01009023,769,351,418
S01009024,1019,508,511
S01009025,797,388,409
S01009026,923,458,465
S01009027,685,321,364
S01009028,484,210,274
S01009029,623,292,331
S01009030,808,380,428
S01009031,643,303,340
S01009032,541,272,269
S01009033,696,351,345
S01009034,523,233,290
S01009035,678,268,410
S01009036,661,261,400
S01009037,544,240,304
S01009038,743,349,394
S01009039,867,470,397
S01009040,791,498,293
S01009041,877,513,364
S01009042,713,402,311
S01009043,1055,526,529
S01009044,964,517,447
S01009045,913,452,461
S01009046,647,263,384
S01009047,556,254,302
S01009048,598,256,342
S01009049,584,278,306
S01009050,744,374,370
S01009051,710,360,350
S01009052,769,345,424
S01009053,452,305,147
S01009054,574,267,307
S01009055,637,237,400
S01009056,432,225,207
S01009057,563,369,194
S01009058,740,402,338
S01009059,406,227,179
S01009060,380,209,171
S01009061,812,368,444
S01009062,807,389,418
S01009063,584,212,372
S01009064,581,284,297
S01009065,947,592,355
S01009066,624,304,320
S01009067,345,87,258
S01009068,714,321,393
S01009069,730,230,500
S01009070,812,321,491
S01009071,459,211,248
S01009072,284,115,169
S01009073,713,349,364
S01009074,852,441,411
S01009075,579,264,315
S01009076,944,388,556
S01009077,627,252,375
S01009078,314,128,186
S01009079,999,583,416
S01009080,1257,633,624
S01009081,882,369,513
S01009082,911,478,433
S01009083,584,282,302
S01009084,836,424,412
S01009085,221,76,145
S01009086,565,270,295
S01009087,532,242,290
S01009088,1156,588,568
S01009089,343,113,230
S01009090,111,29,82
S01009091,137,37,100
S01009092,819,331,488
S01009093,699,332,367
S01009094,771,247,524
S01009095,1329,751,578
S01009096,387,203,184
S01009097,670,228,442
S01009098,459,147,312
S01009099,744,382,362
S01009100,1057,599,458
S01009101,860,422,438
S01009102,827,461,366
S01009103,541,162,379
S01009104,667,331,336
S01009105,551,257,294
S01009106,677,273,404
S01009107,768,299,469
S01009108,755,242,513
S01009109,825,226,599
S01009110,727,326,401
S01009111,888,391,497
S01009112,509,170,339
S01009113,559,209,350
S01009114,587,224,363
S01009115,669,318,351
S01009116,704,289,415
S01009117,550,296,254
S01009118,434,108,326
S01009119,723,351,372
S01009120,553,232,321
S01009121,859,425,434
S01009122,772,348,424
S01009123,242,96,146
S01009124,429,176,253
S01009125,649,311,338
S01009126,596,354,242
S01009127,474,273,201
S01009128,847,596,251
S01009129,501,281,220
S01009130,339,212,127
S01009131,747,459,288
S01009132,715,299,416
S01009133,625,349,276
S01009134,835,383,452
S01009135,466,226,240
S01009136,300,199,101
S01009137,250,137,113
S01009138,814,398,416
S01009139,563,393,170
S01009140,566,351,215
S01009141,524,391,133
S01009142,589,390,199
S01009143,449,267,182
S01009144,549,220,329
S01009145,1003,445,558
S01009146,853,442,411
S01009147,791,397,394
S01009148,606,314,292
S01009149,497,265,232
S01009150,719,426,293
S01009151,590,241,349
S01009152,756,492,264
S01009153,651,389,262
S01009154,715,300,415
S01009155,523,252,271
S01009156,773,322,451
S01009157,805,352,453
S01009158,755,381,374
S01009159,528,319,209
S01009160,532,333,199
S01009161,750,447,303
S01009162,615,394,221
S01009163,458,241,217
S01009164,832,359,473
S01009165,553,303,250
S01009166,746,404,342
S01009167,627,296,331
S01009168,866,302,564
S01009169,770,420,350
S01009170,553,262,291
S01009171,659,317,342
S01009172,589,210,379
S01009173,711,215,496
S01009174,66,21,45
S01009175,720,181,539
S01009176,735,209,526
S01009177,679,387,292
S01009178,646,352,294
S01009179,775,353,422
S01009180,834,420,414
S01009181,923,359,564
S01009182,909,343,566
S01009183,794,223,571
S01009184,965,478,487
S01009185,892,434,458
S01009186,690,271,419
S01009187,668,258,410
S01009188,855,406,449
S01009189,877,386,491
S01009190,717,445,272
S01009191,135,37,98
S01009192,796,448,348
S01009193,291,107,184
S01009194,795,263,532
S01009195,787,480,307
S01009196,613,236,377
S01009197,757,264,493
S01009198,707,252,455
S01009199,585,246,339
S01009200,762,285,477
S01009201,584,239,345
S01009202,459,134,325
S01009203,491,254,237
S01009204,780,355,425
S01009205,1024,388,636
S01009206,911,380,531
S01009207,841,339,502
S01009208,588,239,349
S01009209,1001,433,568
S01009210,754,311,443
S01009211,592,284,308
S01009212,768,347,421
S01009213,605,310,295
S01009214,999,420,579
S01009215,970,453,517
S01009216,913,419,494
S01009217,600,338,262
S01009218,1005,405,600
S01009219,559,254,305
S01009220,512,270,242
S01009221,486,256,230
S01009222,552,251,301
S01009223,436,202,234
S01009224,804,424,380
S01009225,679,329,350
S01009226,1026,566,460
S01009227,608,348,260
S01009228,666,415,251
S01009229,772,355,417
S01009230,749,371,378
S01009231,850,340,510
S01009232,549,371,178
S01009233,705,299,406
S01009234,816,459,357
S01009235,682,386,296
S01009236,596,215,381
S01009237,591,219,372
S01009238,903,396,507
S01009239,706,372,334
S01009240,585,402,183
S01009241,761,453,308
S01009242,805,277,528
S01009243,1026,405,621
S01009244,678,186,492
S01009245,736,273,463
S01009246,896,423,473
S01009247,1015,477,538
S01009248,643,204,439
S01009249,905,480,425
S01009250,638,285,353
S01009251,489,188,301
S01009252,351,98,253
S01009253,631,279,352
S01009254,812,419,393
S01009255,561,351,210
S01009256,517,231,286
S01009257,505,261,244
S01009258,672,246,426
S01009259,661,236,425
S01009260,944,449,495
S01009261,691,368,323
S01009262,669,343,326
S01009263,369,172,197
S01009264,655,258,397
S01009265,603,249,354
S01009266,873,350,523
S01009267,713,371,342
S01009268,570,277,293
S01009269,881,476,405
S01009270,640,378,262
S01009271,715,210,505
S01009272,704,354,350
S01009273,778,274,504
S01009274,800,311,489
S01009275,561,252,309
S01009276,876,306,570
S01009277,613,197,416
S01009278,321,131,190
S01009279,490,238,252
S01009280,727,368,359
S01009281,686,373,313
S01009282,754,319,435
S01009283,449,189,260
S01009284,585,170,415
S01009285,733,247,486
S01009286,796,273,523
S01009287,733,251,482
S01009288,753,272,481
S01009289,753,262,491
S01009290,571,177,394
S01009291,951,306,645
S01009292,398,173,225
S01009293,528,246,282
S01009294,526,197,329
S01009295,660,213,447
S01009296,737,276,461
S01009297,819,291,528
S01009298,1026,611,415
S01009299,849,480,369
S01009300,524,326,198
S01009301,886,615,271
S01009302,785,537,248
S01009303,702,316,386
S01009304,1050,492,558
S01009305,843,473,370
S01009306,983,631,352
S01009307,1055,720,335
S01009308,697,526,171
S01009309,519,320,199
S01009310,747,253,494
S01009311,785,383,402
S01009312,837,495,342
S01009313,571,304,267
S01009314,759,285,474
S01009315,565,302,263
S01009316,706,245,461
S01009317,813,289,524
S01009318,802,254,548
S01009319,851,263,588
S01009320,724,293,431
S01009321,446,147,299
S01009322,587,225,362
S01009323,812,347,465
S01009324,549,277,272
S01009325,455,160,295
S01009326,325,198,127
S01009327,579,182,397
S01009328,78,25,53
S01009330,112,75,37
S01009331,179,40,139
S01009332,703,269,434
S01009333,773,456,317
S01009334,515,279,236
S01009335,668,347,321
S01009336,481,276,205
S01009337,709,374,335
S01009338,613,371,242
S01009339,800,469,331
S01009340,806,408,398
S01009341,847,415,432
S01009342,771,389,382
S01009343,480,197,283
S01009344,620,276,344
S01009345,998,421,577
S01009346,121,37,84
S01009347,235,85,150
S01009348,183,61,122
S01009349,99,48,51
S01009350,141,57,84
S01009351,62,24,38
S01009352,57,13,44
S01009353,289,77,212
S01009354,220,85,135
S01009355,827,249,578
S01009356,866,289,577
S01009357,367,125,242
S01009358,246,59,187
S01009359,191,63,128
S01009360,679,265,414
S01009361,710,251,459
S01009362,968,298,670
S01009363,844,406,438
S01009364,638,248,390
S01009365,582,262,320
S01009366,787,390,397
S01009367,619,294,325
S01009368,635,263,372
S01009369,819,361,458
S01009370,738,335,403
S01009371,437,179,258
S01009372,476,208,268
S01009373,778,448,330
S01009374,757,389,368
S01009375,604,284,320
S01009376,758,372,386
S01009377,582,310,272
S01009378,726,344,382
S01009379,123,61,62
S01009380,520,207,313
S01009381,552,240,312
S01009382,1104,609,495
S01009383,844,455,389
S01009384,471,165,306
S01009385,608,247,361
S01009386,853,411,442
S01009387,763,332,431
S01009388,884,582,302
S01009389,797,382,415
S01009390,534,135,399
S01009391,603,167,436
S01009392,383,122,261
S01009393,641,206,435
S01009394,708,337,371
S01009395,922,259,663
S01009396,634,175,459
S01009397,603,242,361
S01009398,1008,439,569
S01009399,889,321,568
S01009400,790,297,493
S01009401,837,254,583
S01009402,707,227,480
S01009403,620,188,432
S01009404,550,268,282
S01009405,581,209,372
S01009406,820,399,421
S01009407,406,169,237
S01009408,409,162,247
S01009409,738,316,422
S01009410,663,349,314
S01009411,1122,532,590
S01009412,762,381,381
S01009413,1082,479,603
S01009414,694,295,399
S01009415,947,507,440
S01009416,499,136,363
S01009417,317,103,214
S01009418,1010,492,518
S01009419,788,352,436
S01009420,577,346,231
S01009421,526,294,232
S01009422,933,376,557
S01009423,210,68,142
S01009424,609,229,380
S01009425,704,300,404
S01009426,851,505,346
S01009427,519,310,209
S01009428,476,227,249
S01009429,720,403,317
S01009430,610,328,282
S01009431,806,398,408
S01009432,847,402,445
S01009433,667,350,317
S01009434,455,210,245
S01009435,787,427,360
S01009436,478,241,237
S01009437,721,374,347
S01009438,912,444,468
S01009439,944,456,488
S01009440,746,363,383
S01009441,732,396,336
S01009442,572,205,367
S01009443,736,326,410
S01009444,630,175,455
S01009445,841,355,486
S01009446,822,486,336
S01009447,639,327,312
S01009448,535,200,335
S01009449,583,247,336
S01009450,538,333,205
S01009451,1016,564,452
S01009452,692,408,284
S01009453,826,428,398
S01009454,912,379,533
S01009455,1150,451,699
S01009456,746,393,353
S01009457,665,269,396
S01009458,541,276,265
S01009459,857,517,340
S01009460,599,376,223
S01009461,132,62,70
S01009462,545,249,296
S01009463,879,327,552
S01009464,717,286,431
S01009465,494,199,295
S01009466,683,252,431
S01009467,699,254,445
S01009468,603,312,291
S01009469,690,313,377
S01009470,700,260,440
S01009471,689,404,285
S01009472,920,499,421
S01009473,671,418,253
S01009474,637,371,266
S01009475,160,48,112
S01009476,356,124,232
S01009477,911,515,396
S01009478,787,522,265
S01009479,752,425,327
S01009480,883,392,491
S01009481,743,415,328
S01009482,597,429,168
S01009483,625,397,228
S01009484,1116,583,533
S01009485,651,306,345
S01009486,673,297,376
S01009487,1029,481,548
S01009488,775,303,472
S01009489,710,422,288
S01009490,672,388,284
S01009491,569,287,282
S01009492,720,282,438
S01009493,1066,344,722
S01009494,974,348,626
S01009495,720,245,475
S01009496,692,302,390
S01009497,886,340,546
S01009498,557,144,413
S01009499,670,267,403
S01009500,705,410,295
S01009501,680,362,318
S01009502,830,415,415
S01009503,865,380,485
S01009504,641,371,270
S01009505,693,426,267
S01009506,931,551,380
S01009507,558,274,284
S01009508,844,480,364
S01009509,814,430,384
S01009510,713,208,505
S01009511,825,247,578
S01009512,888,298,590
S01009513,693,186,507
S01009514,752,222,530
S01009515,712,348,364
S01009516,987,424,563
S01009517,74,39,35
S01009518,237,94,143
S01009519,595,251,344
S01009520,789,318,471
S01009521,660,318,342
S01009522,745,421,324
S01009523,672,393,279
S01009524,619,408,211
S01009525,475,258,217
S01009526,364,218,146
S01009527,663,403,260
S01009528,693,453,240
S01009529,919,456,463
S01009530,746,265,481
S01009531,921,532,389
S01009532,906,485,421
S01009533,765,462,303
S01009534,598,401,197
S01009535,713,485,228
S01009536,416,210,206
S01009537,515,271,244
S01009538,914,585,329
S01009539,865,400,465
S01009540,886,519,367
S01009541,957,425,532
S01009542,713,392,321
S01009543,725,328,397
S01009544,793,400,393
S01009545,674,310,364
S01009546,602,331,271
S01009547,686,324,362
S01009548,840,405,435
S01009549,866,366,500
S01009550,523,179,344
S01009551,568,214,354
S01009552,1123,498,625
S01009553,913,476,437
S01009554,701,365,336
S01009555,780,372,408
S01009556,820,435,385
S01009557,762,416,346
S01009558,528,295,233
S01009559,1013,512,501
S01009560,671,389,282
S01009561,585,317,268
S01009562,944,421,523
S01009563,774,322,452
S01009564,587,225,362
S01009565,481,188,293
S01009566,879,363,516
S01009567,844,421,423
S01009568,736,320,416
S01009569,868,351,517
S01009570,519,238,281
S01009571,592,337,255
S01009572,862,479,383
S01009573,597,332,265
S01009574,882,405,477
S01009575,695,336,359
S01009576,579,182,397
S01009577,717,239,478
S01009578,849,421,428
S01009579,253,105,148
S01009580,529,186,343
S01009581,664,266,398
S01009582,476,233,243
S01009583,649,322,327
S01009584,300,79,221
S01009585,1035,414,621
S01009586,947,420,527
S01009587,844,423,421
S01009588,919,439,480
S01009589,913,412,501
S01009590,508,178,330
S01009591,749,250,499
S01009592,721,236,485
S01009593,485,176,309
S01009594,505,143,362
S01009595,316,137,179
S01009596,859,421,438
S01009597,805,490,315
S01009598,539,314,225
S01009599,1040,510,530
S01009600,790,471,319
S01009601,718,378,340
S01009602,545,178,367
S01009603,627,261,366
S01009604,668,311,357
S01009605,801,380,421
S01009606,233,114,119
S01009607,411,109,302
S01009608,487,234,253
S01009609,825,349,476
S01009610,899,430,469
S01009611,375,117,258
S01009612,449,202,247
S01009613,427,138,289
S01009614,514,201,313
S01009615,514,183,331
S01009616,952,403,549
S01009617,567,201,366
S01009618,828,439,389
S01009619,632,353,279
S01009620,813,416,397
S01009621,797,451,346
S01009622,737,484,253
S01009623,676,331,345
S01009624,807,377,430
S01009625,1014,474,540
S01009626,613,329,284
S01009627,737,347,390
S01009628,563,272,291
S01009629,915,450,465
S01009630,626,312,314
S01009631,688,423,265
S01009632,602,364,238
S01009633,539,313,226
S01009634,650,334,316
S01009635,1067,570,497
S01009636,782,489,293
S01009637,702,381,321
S01009638,510,260,250
S01009639,825,339,486
S01009640,648,368,280
S01009641,740,436,304
S01009642,835,433,402
S01009643,174,76,98
S01009644,472,203,269
S01009645,736,346,390
S01009646,596,257,339
S01009647,526,305,221
S01009648,902,382,520
S01009649,823,379,444
S01009650,677,207,470
S01009651,786,292,494
S01009652,957,392,565
S01009653,674,228,446
S01009654,465,215,250
S01009655,803,357,446
S01009656,733,398,335
S01009657,782,332,450
S01009658,802,368,434
S01009659,561,274,287
S01009660,710,311,399
S01009661,715,283,432
S01009662,688,281,407
S01009663,635,258,377
S01009664,862,327,535
S01009665,1014,402,612
S01009666,946,356,590
S01009667,337,102,235
S01009668,375,157,218
S01009669,488,177,311
S01009670,663,252,411
S01009671,627,228,399
S01009672,947,439,508
S01009673,704,304,400
S01009674,876,329,547
S01009675,737,239,498
S01009676,1160,446,714
S01009677,574,240,334
S01009678,515,229,286
S01009679,826,404,422
S01009680,837,377,460
S01009681,772,419,353
S01009682,660,240,420
S01009683,743,324,419
S01009684,727,258,469
S01009685,977,522,455
S01009686,882,494,388
S01009687,848,345,503
S01009688,961,557,404
S01009689,455,309,146
S01009690,627,312,315
S01009691,461,168,293
S01009692,1008,404,604
S01009693,631,179,452
S01009694,932,303,629
S01009695,852,343,509
S01009696,854,322,532
S01009697,677,252,425
S01009698,564,204,360
S01009699,616,251,365
S01009700,567,226,341
S01009701,797,338,459
S01009702,466,169,297
S01009703,810,358,452
S01009704,1020,409,611
S01009705,627,301,326
S01009706,698,343,355
S01009707,504,230,274
S01009708,573,214,359
S01009709,734,342,392
S01009710,384,162,222
S01009711,809,415,394
S01009712,551,223,328
S01009713,732,317,415
S01009714,732,273,459
S01009715,670,265,405
S01009716,1077,461,616
S01009717,926,525,401
S01009718,767,444,323
S01009719,853,397,456
S01009720,768,383,385
S01009721,829,785,44
S01009722,1001,811,190
S01009723,763,617,146
S01009724,946,653,293
S01009725,847,591,256
S01009726,870,756,114
S01009727,860,422,438
S01009728,665,232,433
S01009729,885,289,596
S01009730,868,326,542
S01009731,802,309,493
S01009732,1352,997,355
S01009733,953,645,308
S01009734,1523,843,680
S01009735,699,252,447
S01009736,1603,1397,206
S01009737,573,187,386
S01009738,438,184,254
S01009739,346,74,272
S01009740,626,262,364
S01009741,707,390,317
S01009742,397,135,262
S01009743,979,360,619
S01009744,603,207,396
S01009745,705,253,452
S01009746,649,226,423
S01009747,772,358,414
S01009748,637,191,446
S01009749,768,294,474
S01009750,557,289,268
S01009751,844,406,438
S01009752,672,276,396
S01009753,606,246,360
S01009754,1170,543,627
S01009755,547,239,308
S01009756,664,229,435
S01009757,577,184,393
S01009758,917,458,459
S01009759,834,643,191
S01009760,776,516,260
S01009761,804,382,422
S01009762,719,469,250
S01009763,328,115,213
S01009764,718,463,255
S01009765,776,418,358
S01009766,788,423,365
S01009767,622,396,226
S01009768,375,268,107
S01009769,800,523,277
S01009770,647,229,418
S01009771,661,231,430
S01009772,623,304,319
S01009773,120,50,70
S01009774,81,37,44
S01009775,703,471,232
S01009776,741,525,216
S01009777,517,354,163
S01009778,1000,612,388
S01009779,564,388,176
S01009780,628,423,205
S01009781,700,455,245
S01009782,331,187,144
S01009783,346,199,147
S01009784,762,502,260
S01009785,852,539,313
S01009786,873,625,248
S01009787,757,485,272
S01009788,1114,607,507
S01009789,961,543,418
S01009790,802,447,355
S01009791,596,367,229
S01009792,189,84,105
S01009793,767,341,426
S01009794,305,126,179
S01009795,646,232,414
S01009796,639,335,304
S01009797,462,189,273
S01009798,719,318,401
S01009799,1091,758,333
S01009800,968,604,364
S01009801,987,629,358
S01009802,699,446,253
S01009803,691,481,210
S01009804,367,259,108
S01009805,628,406,222
S01009806,991,633,358
S01009807,741,404,337
S01009808,1042,766,276
S01009809,874,498,376
S01009810,778,495,283
S01009811,1076,650,426
S01009812,764,437,327
S01009813,874,650,224
S01009814,944,508,436
S01009815,854,486,368
S01009816,874,463,411
S01009817,718,393,325
S01009818,805,282,523
S01009819,955,470,485
S01009820,839,435,404
S01009821,698,311,387
S01009822,691,450,241
S01009823,937,584,353
S01009824,598,401,197
S01009825,974,600,374
S01009826,649,402,247
S01009827,722,452,270
S01009828,1042,656,386
S01009829,995,596,399
S01009830,777,422,355
S01009831,967,467,500
S01009832,915,498,417
S01009833,532,269,263
S01009834,519,362,157
S01009835,489,326,163
S01009836,641,365,276
S01009837,707,425,282
S01009838,664,427,237
S01009839,870,706,164
S01009840,865,474,391
S01009841,937,774,163
S01009842,742,522,220
S01009843,487,379,108
S01009844,577,460,117
S01009845,859,690,169
S01009846,825,547,278
S01009847,491,357,134
S01009848,739,427,312
S01009849,997,634,363
S01009850,847,542,305
S01009851,928,568,360
S01009852,489,266,223
S01009853,797,448,349
S01009854,593,400,193
S01009855,623,323,300
S01009856,523,314,209
S01009857,691,367,324
S01009858,820,473,347
S01009859,940,709,231
S01009860,825,590,235
S01009861,1225,937,288
S01009862,915,724,191
S01009863,872,698,174
S01009864,768,569,199
S01009865,567,400,167
S01009866,833,500,333
S01009867,909,687,222
S01009868,907,632,275
S01009869,826,535,291
S01009870,824,593,231
S01009871,920,597,323
S01009872,731,498,233
S01009873,782,428,354
S01009874,849,471,378
S01009875,396,266,130
S01009876,761,500,261
S01009877,692,324,368
S01009878,590,336,254
S01009879,913,409,504
S01009880,915,429,486
S01009881,559,268,291
S01009882,489,332,157
S01009883,641,337,304
S01009884,723,436,287
S01009885,661,375,286
S01009886,594,314,280
S01009887,799,573,226
S01009888,615,364,251
S01009889,909,583,326
S01009890,618,424,194
S01009891,632,431,201
S01009892,918,622,296
S01009893,830,572,258
S01009894,834,622,212
S01009895,763,545,218
S01009896,981,691,290
S01009897,1090,702,388
S01009898,756,494,262
S01009899,968,685,283
S01009900,988,730,258
S01009901,868,622,246
S01009902,980,633,347
S01009903,923,539,384
S01009904,659,468,191
S01009905,584,398,186
S01009906,552,385,167
S01009907,1055,848,207
S01009908,1009,721,288
S01009909,759,587,172
S01009910,672,496,176
S01009911,1043,561,482
S01009912,835,427,408
S01009913,702,286,416
S01009914,769,328,441
S01009915,757,391,366
S01009916,970,413,557
S01009917,683,307,376
S01009918,806,345,461
S01009919,968,666,302
S01009920,984,661,323
S01009921,737,567,170
S01009922,1113,810,303
S01009923,914,684,230
S01009924,936,718,218
S01009925,997,766,231
S01009926,795,543,252
S01009927,500,324,176
S01009928,674,471,203
S01009929,481,292,189
S01009930,858,597,261
S01009931,780,584,196
S01009932,737,514,223
S01009933,1042,801,241
S01009934,714,332,382
S01009935,645,482,163
S01009936,1002,642,360
S01009937,643,449,194
S01009938,924,563,361
S01009939,845,636,209
S01009940,741,486,255
S01009941,901,413,488
S01009942,874,508,366
S01009943,1017,637,380
S01009944,845,473,372
S01009945,944,605,339
S01009946,814,493,321
S01009947,736,412,324
S01009948,991,599,392
S01009949,839,492,347
S01009950,603,224,379
S01009951,729,276,453
S01009952,890,456,434
S01009953,974,457,517
S01009954,632,294,338
S01009955,968,498,470
S01009956,733,379,354
S01009957,1114,496,618
S01009958,1052,435,617
S01009959,747,296,451
S01009960,986,488,498
S01009961,583,277,306
S01009962,894,602,292
S01009963,1067,396,671
S01009964,1014,499,515
S01009965,825,284,541
S01009966,1029,387,642
S01009967,881,433,448
S01009968,529,186,343
S01009969,1044,465,579
S01009970,887,587,300
S01009971,824,562,262
S01009972,635,359,276
S01009973,257,183,74
S01009974,703,461,242
S01009975,671,446,225
S01009976,566,403,163
S01009977,726,549,177
S01009978,673,475,198
S01009979,653,447,206
S01009980,412,317,95
S01009981,556,414,142
S01009982,480,338,142
S01009983,437,336,101
S01009984,715,446,269
S01009985,435,316,119
S01009986,528,398,130
S01009987,714,426,288
S01009988,564,381,183
S01009989,893,471,422
S01009990,806,418,388
S01009991,780,405,375
S01009992,864,562,302
S01009993,642,329,313
S01009994,574,283,291
S01009995,488,231,257
S01009996,688,350,338
S01009997,546,294,252
S01009998,803,326,477
S01009999,736,279,457
S01010000,723,371,352
S01010001,593,270,323
S01010002,1137,587,550
S01010003,813,344,469
S01010004,776,310,466
S01010005,884,674,210
S01010006,1101,846,255
S01010007,773,357,416
S01010008,486,340,146
S01010009,616,498,118
S01010010,1226,546,680
S01010011,778,579,199
S01010012,1333,566,767
S01010013,884,611,273
S01010014,1119,757,362
S01010015,764,549,215
S01010016,629,331,298
S01010017,763,453,310
S01010018,807,535,272
S01010019,984,667,317
S01010020,842,491,351
S01010021,569,434,135
S01010022,269,198,71
S01010023,841,634,207
S01010024,476,341,135
S01010025,583,445,138
S01010026,636,457,179
S01010027,863,620,243
S01010028,417,298,119
S01010029,537,325,212
S01010030,390,301,89
S01010031,573,484,89
S01010032,443,338,105
S01010033,760,528,232
S01010034,901,662,239
S01010035,582,490,92
S01010036,333,258,75
S01010037,887,633,254
S01010038,1104,830,274
S01010039,501,442,59
S01010040,492,362,130
S01010041,760,652,108
S01010042,455,336,119
S01010043,775,544,231
S01010044,1002,686,316
S01010045,705,507,198
S01010046,910,639,271
S01010047,905,648,257
S01010048,995,712,283
S01010049,721,566,155
S01010050,655,493,162
S01010051,687,494,193
S01010052,489,377,112
S01010053,437,294,143
S01010054,595,491,104
S01010055,964,703,261
S01010056,382,317,65
S01010057,343,243,100
S01010058,709,515,194
S01010059,580,415,165
S01010060,817,546,271
S01010061,375,232,143
S01010062,675,437,238
S01010063,938,725,213
S01010064,604,335,269
S01010065,757,459,298
S01010066,579,377,202
S01010067,616,466,150
S01010068,334,219,115
S01010069,870,398,472
S01010070,548,211,337
S01010071,737,391,346
S01010072,949,489,460
S01010073,905,391,514
S01010074,917,444,473
S01010075,782,421,361
S01010076,762,396,366
S01010077,662,400,262
S01010078,586,248,338
S01010079,797,266,531
S01010080,755,268,487
S01010081,1005,368,637
S01010082,614,290,324
S01010083,929,469,460
S01010084,992,567,425
S01010085,1073,446,627
S01010086,922,520,402
S01010087,584,209,375
S01010088,179,73,106
S01010089,770,425,345
S01010090,851,400,451
S01010091,562,259,303
S01010092,997,581,416
S01010093,739,341,398
S01010094,1069,452,617
S01010095,1033,390,643
S01010096,667,294,373
S01010097,614,255,359
S01010098,617,223,394
S01010099,856,326,530
S01010100,825,338,487
S01010101,986,445,541
S01010102,545,197,348
S01010103,645,246,399
S01010104,592,191,401
S01010105,630,474,156
S01010106,560,340,220
S01010107,812,501,311
S01010108,682,387,295
S01010109,936,638,298
S01010110,938,651,287
S01010111,805,630,175
S01010112,625,460,165
S01010113,434,289,145
S01010114,584,403,181
S01010115,513,249,264
S01010116,623,338,285
S01010117,182,123,59
S01010118,562,438,124
S01010119,227,184,43
S01010120,577,455,122
S01010121,496,376,120
S01010122,414,319,95
S01010123,441,342,99
S01010124,578,312,266
S01010125,411,290,121
S01010126,505,277,228
S01010127,473,301,172
S01010128,576,421,155
S01010129,654,485,169
S01010130,633,388,245
S01010131,998,447,551
S01010132,858,534,324
S01010133,801,535,266
S01010134,1152,712,440
S01010135,1026,591,435
S01010136,900,447,453
S01010137,1148,754,394
S01010138,932,684,248
S01010139,1014,621,393
S01010140,837,539,298
S01010141,960,672,288
S01010142,559,340,219
S01010143,732,411,321
S01010144,597,435,162
S01010145,577,336,241
S01010146,883,609,274
S01010147,709,526,183
S01010148,742,509,233
S01010149,376,252,124
S01010150,940,542,398
S01010151,946,566,380
S01010152,752,425,327
S01010153,899,538,361
S01010154,1012,615,397
S01010155,670,384,286
S01010156,605,385,220
S01010157,670,428,242
S01010158,820,478,342
S01010159,644,380,264
S01010160,518,430,88
S01010161,641,395,246
S01010162,757,538,219
S01010163,633,383,250
S01010164,656,411,245
S01010165,506,323,183
S01010166,943,560,383
S01010167,840,521,319
S01010168,382,248,134
S01010169,649,442,207
S01010170,833,496,337
S01010171,740,552,188
S01010172,678,475,203
S01010173,969,555,414
S01010174,1057,718,339
S01010175,392,225,167
S01010176,926,577,349
S01010177,523,375,148
S01010178,627,422,205
S01010179,986,659,327
S01010180,351,245,106
S01010181,914,591,323
S01010182,968,431,537
S01010183,671,419,252
S01010184,533,350,183
S01010185,581,367,214
S01010186,557,230,327
S01010187,675,327,348
S01010188,931,448,483
S01010189,653,255,398
S01010190,228,131,97
S01010191,547,168,379
S01010192,659,267,392
S01010193,765,345,420
S01010194,666,360,306
S01010195,830,437,393
S01010196,689,437,252
S01010197,760,469,291
S01010198,1019,615,404
S01010199,519,348,171
S01010200,610,337,273
S01010201,686,332,354
S01010202,558,439,119
S01010203,494,252,242
S01010204,845,524,321
S01010205,611,399,212
S01010206,417,364,53
S01010207,506,397,109
S01010208,922,622,300
S01010209,755,502,253
S01010210,888,508,380
S01010211,751,505,246
S01010212,880,613,267
S01010213,918,558,360
S01010214,871,429,442
S01010215,842,591,251
S01010216,812,604,208
S01010217,758,530,228
S01010218,902,691,211
S01010219,647,468,179
S01010220,308,248,60
S01010221,391,304,87
S01010222,625,418,207
S01010223,597,421,176
S01010224,814,609,205
S01010225,602,371,231
S01010226,630,457,173
S01010227,842,590,252
S01010228,597,393,204
S01010229,756,517,239
S01010230,1006,791,215
S01010231,577,434,143
S01010232,508,344,164
S01010233,1170,871,299
S01010234,813,537,276
S01010235,177,139,38
S01010236,678,488,190
S01010237,912,628,284
S01010238,877,624,253
S01010239,873,637,236
S01010240,1044,749,295
S01010241,898,664,234
S01010242,966,749,217
S01010243,1083,883,200
S01010244,835,626,209
S01010245,797,618,179
S01010246,818,642,176
S01010247,734,387,347
S01010248,862,643,219
S01010249,937,686,251
S01010250,818,614,204
S01010251,217,146,71
S01010252,497,366,131
S01010253,691,512,179
S01010254,830,578,252
S01010255,717,563,154
S01010256,939,708,231
S01010257,1606,1493,113
S01010258,1027,917,110
S01010259,1544,1272,272
S01010260,1333,1214,119
S01010261,1952,1635,317
S01010262,1122,861,261
S01010263,624,549,75
S01010264,713,636,77
S01010265,382,332,50
S01010266,694,530,164
S01010267,734,693,41
S01010268,936,791,145
S01010269,900,714,186
S01010270,1116,837,279
S01010271,706,587,119
S01010272,325,270,55
S01010273,238,201,37
S01010274,237,188,49
S01010275,271,219,52
S01010276,116,93,23
S01010277,506,364,142
S01010278,1111,834,277
S01010279,581,483,98
S01010280,777,641,136
S01010281,533,440,93
S01010282,957,808,149
S01010283,674,558,116
S01010284,1120,943,177
S01010285,1085,903,182
S01010286,1337,1220,117
S01010287,1229,1060,169
S01010288,1017,895,122
S01010289,245,196,49
S01010290,678,518,160
S01010291,937,792,145
S01010292,1171,961,210
S01010293,720,593,127
S01010294,967,791,176
S01010295,842,719,123
S01010296,703,498,205
S01010297,828,596,232
S01010298,941,732,209
S01010299,531,376,155
S01010300,1325,1081,244
S01010301,482,421,61
S01010302,695,536,159
S01010303,439,328,111
S01010304,681,560,121
S01010305,985,753,232
S01010306,653,521,132
S01010307,797,598,199
S01010308,795,632,163
S01010309,622,449,173
S01010310,640,478,162
S01010311,766,555,211
S01010312,549,405,144
S01010313,997,769,228
S01010314,962,765,197
S01010315,469,350,119
S01010316,486,395,91
S01010317,1185,932,253
S01010318,1417,1312,105
S01010319,664,504,160
S01010320,624,477,147
S01010321,1040,793,247
S01010322,1153,815,338
S01010323,530,432,98
S01010324,877,570,307
S01010325,933,559,374
S01010326,693,552,141
S01010327,638,479,159
S01010328,685,389,296
S01010329,458,268,190
S01010330,606,416,190
S01010331,1177,725,452
S01010332,889,556,333
S01010333,812,541,271
S01010334,865,529,336
S01010335,988,639,349
S01010336,689,518,171
S01010337,834,490,344
S01010338,730,499,231
S01010339,865,519,346
S01010340,695,428,267
S01010341,683,353,330
S01010342,695,367,328
S01010343,843,361,482
S01010344,851,560,291
S01010345,234,112,122
S01010346,949,474,475
S01010347,794,588,206
S01010348,976,492,484
S01010349,985,538,447
S01010350,983,671,312
S01010351,579,374,205
S01010352,683,396,287
S01010353,836,655,181
S01010354,505,356,149
S01010355,899,590,309
S01010356,475,310,165
S01010357,559,408,151
S01010358,802,522,280
S01010359,1104,771,333
S01010360,518,393,125
S01010361,512,373,139
S01010362,908,665,243
S01010363,649,393,256
S01010364,941,374,567
S01010365,1023,519,504
S01010366,1100,603,497
S01010367,1194,704,490
S01010368,815,475,340
S01010369,728,542,186
S01010370,718,522,196
S01010371,1033,787,246
S01010372,840,575,265
S01010373,698,528,170
S01010374,818,565,253
S01010375,857,675,182
S01010376,851,714,137
S01010377,777,663,114
S01010378,865,746,119
S01010379,1183,951,232
S01010380,999,739,260
S01010381,502,424,78
S01010382,855,679,176
S01010383,750,630,120
S01010384,1175,995,180
S01010385,863,675,188
S01010386,825,609,216
S01010387,1122,823,299
S01010388,819,607,212
S01010389,65,50,15
S01010390,1054,879,175
S01010391,972,754,218
S01010392,170,124,46
S01010393,1298,1006,292
S01010394,845,591,254
S01010395,1051,809,242
S01010396,886,683,203
S01010397,776,592,184
S01010398,881,657,224
S01010399,1342,966,376
S01010400,847,522,325
S01010401,707,482,225
S01010402,1049,636,413
S01010403,930,535,395
S01010404,1084,653,431
S01010405,1075,758,317
S01010406,827,614,213
S01010407,1010,789,221
S01010408,577,288,289
S01010409,967,520,447
S01010410,481,311,170
S01010411,1104,354,750
S01010412,904,626,278
S01010413,728,355,373
S01010414,971,479,492
S01010415,1007,662,345
S01010416,504,203,301
S01010417,479,265,214
S01010418,1035,632,403
S01010419,1323,733,590
S01010420,897,340,557
S01010421,703,303,400
S01010422,893,397,496
S01010423,754,538,216
S01010424,628,447,181
S01010425,798,600,198
S01010426,928,676,252
S01010427,908,570,338
S01010428,1315,612,703
S01010429,681,286,395
S01010430,823,581,242
S01010431,796,339,457
S01010432,693,487,206
S01010433,591,426,165
S01010434,664,472,192
S01010435,640,372,268
S01010436,665,497,168
S01010437,458,258,200
S01010438,536,409,127
S01010439,717,533,184
S01010440,981,639,342
S01010441,506,343,163
S01010442,615,481,134
S01010443,652,346,306
S01010444,566,271,295
S01010445,915,625,290
S01010446,726,303,423
S01010447,907,571,336
S01010448,893,444,449
S01010449,899,493,406
S01010450,806,498,308
S01010451,900,570,330
S01010452,760,404,356
S01010453,878,624,254
S01010454,992,545,447
S01010455,861,589,272
S01010456,583,334,249
S01010457,828,513,315
S01010458,728,410,318
S01010459,699,379,320
S01010460,256,152,104
S01010461,901,538,363
S01010462,638,529,109
S01010463,642,326,316
S01010464,566,309,257
S01010465,713,402,311
S01010466,1098,771,327
S01010467,907,575,332
S01010468,839,495,344
S01010469,806,622,184
S01010470,796,480,316
S01010471,832,512,320
S01010472,418,220,198
S01010473,934,624,310
S01010474,956,682,274
S01010475,397,250,147
S01010476,651,420,231
S01010477,787,475,312
S01010478,1197,763,434
S01010479,872,505,367
S01010480,705,395,310
S01010481,615,434,181
S01010482,837,476,361
S01010483,1003,630,373
S01010484,867,515,352
S01010485,790,364,426
S01010486,992,359,633
S01010487,892,453,439
S01010488,1010,651,359
S01010489,1020,665,355
S01010490,634,475,159
S01010491,666,467,199
S01010492,616,480,136
S01010493,599,458,141
S01010494,650,427,223
S01010495,765,581,184
S01010496,1076,797,279
S01010497,454,347,107
S01010498,988,720,268
S01010499,890,660,230
S01010500,643,468,175
S01010501,621,408,213
S01010502,603,370,233
S01010503,745,497,248
S01010504,435,197,238
S01010505,485,221,264
S01010506,661,260,401
S01010507,772,354,418
S01010508,848,393,455
S01010509,965,425,540
S01010510,1227,496,731
S01010511,967,507,460
S01010512,745,328,417
S01010513,659,247,412
S01010514,745,374,371
S01010515,734,321,413
S01010516,532,253,279
S01010517,788,441,347
S01010518,707,345,362
S01010519,675,277,398
S01010520,786,383,403
S01010521,787,402,385
S01010522,544,336,208
S01010523,692,395,297
S01010524,512,220,292
S01010525,569,229,340
S01010526,704,361,343
S01010527,1059,539,520
S01010528,558,223,335
S01010529,676,272,404
S01010530,571,249,322
S01010531,824,353,471
S01010532,739,259,480
S01010533,742,320,422
S01010534,817,351,466
S01010535,453,172,281
S01010536,918,480,438
S01010537,1053,563,490
S01010538,289,168,121
S01010539,726,463,263
S01010540,499,190,309
S01010541,583,232,351
S01010542,720,297,423
S01010543,480,204,276
S01010544,989,424,565
S01010545,497,255,242
S01010546,770,388,382
S01010547,551,234,317
S01010548,318,111,207
S01010549,252,85,167
S01010550,520,215,305
S01010551,554,205,349
S01010552,724,287,437
S01010553,439,167,272
S01010554,612,346,266
S01010555,774,428,346
S01010556,843,455,388
S01010557,605,253,352
S01010558,479,199,280
S01010559,666,276,390
S01010560,536,178,358
S01010561,763,272,491
S01010562,843,346,497
S01010563,656,337,319
S01010564,544,294,250
S01010565,773,329,444
S01010566,594,204,390
S01010567,856,312,544
S01010568,940,387,553
S01010569,852,470,382
S01010570,1210,686,524
S01010571,762,400,362
S01010572,764,412,352
S01010573,561,294,267
S01010574,431,133,298
S01010575,688,220,468
S01010576,675,217,458
S01010577,647,367,280
S01010578,424,178,246
S01010579,622,216,406
S01010580,534,345,189
S01010581,677,317,360
S01010582,311,117,194
S01010583,670,247,423
S01010584,187,101,86
S01010585,172,108,64
S01010586,545,143,402
S01010587,704,254,450
S01010588,482,201,281
S01010589,591,335,256
S01010590,291,103,188
S01010591,97,28,69
S01010592,334,177,157
S01010593,446,174,272
S01010594,164,61,103
S01010595,149,48,101
S01010596,695,275,420
S01010597,255,77,178
S01010598,345,119,226
S01010599,284,117,167
S01010600,713,254,459
S01010601,657,253,404
S01010602,444,219,225
S01010603,678,257,421
S01010604,691,216,475
S01010605,843,285,558
S01010606,806,404,402
S01010607,834,319,515
S01010608,570,321,249
S01010609,452,237,215
S01010610,700,311,389
S01010611,1027,568,459
S01010612,635,259,376
S01010613,666,322,344
S01010614,557,318,239
S01010615,682,411,271
S01010616,1016,465,551
S01010617,832,302,530
S01010618,875,371,504
S01010619,591,395,196
S01010620,342,280,62
S01010621,884,452,432
S01010622,543,348,195
S01010623,613,165,448
S01010624,697,411,286
S01010625,679,258,421
S01010626,855,381,474
S01010627,851,514,337
S01010628,1032,678,354
S01010629,1043,546,497
S01010630,587,326,261
S01010631,629,378,251
S01010632,772,458,314
S01010633,724,397,327
S01010634,527,286,241
S01010635,649,370,279
S01010636,798,411,387
S01010637,747,507,240
S01010638,799,449,350
S01010639,940,629,311
S01010640,663,436,227
S01010641,907,687,220
S01010642,752,509,243
S01010643,481,345,136
S01010644,587,459,128
S01010645,633,293,340
S01010646,665,240,425
S01010647,592,288,304
S01010648,816,431,385
S01010649,616,283,333
S01010650,521,308,213
S01010651,604,308,296
S01010652,581,259,322
S01010653,637,313,324
S01010654,668,381,287
S01010655,695,277,418
S01010656,497,210,287
S01010657,612,218,394
S01010658,803,404,399
S01010659,533,181,352
S01010660,564,263,301
S01010661,615,305,310
S01010662,561,198,363
S01010663,879,323,556
S01010664,466,152,314
S01010665,690,304,386
S01010666,871,375,496
S01010667,522,200,322
S01010668,905,356,549
S01010669,478,199,279
S01010670,722,320,402
S01010671,611,239,372
S01010672,1110,544,566
S01010673,897,456,441
S01010674,905,445,460
S01010675,720,311,409
S01010676,852,407,445
S01010677,385,138,247
S01010678,714,313,401
S01010679,1215,615,600
S01010680,621,325,296
S01010681,743,382,361
S01010682,865,380,485
S01010683,732,354,378
S01010684,846,338,508
S01010685,609,255,354
S01010686,520,228,292
S01010687,834,364,470
S01010688,682,315,367
S01010689,858,350,508
S01010690,707,352,355
S01010691,658,277,381
S01010692,474,257,217
S01010693,329,132,197
S01010694,668,307,361
S01010695,553,242,311
S01010696,768,352,416
S01010697,813,344,469
S01010698,534,238,296
S01010699,419,178,241
S01010700,473,169,304
S01010701,937,427,510
S01010702,833,354,479
S01010703,668,192,476
S01010704,886,381,505
S01010705,813,334,479
S01010706,455,219,236
S01010707,534,177,357
S01010708,832,355,477
S01010709,706,270,436
S01010710,725,350,375
S01010711,515,164,351
S01010712,563,274,289
S01010713,792,401,391
S01010714,678,399,279
S01010715,683,354,329
S01010716,689,382,307
S01010717,865,328,537
S01010718,662,306,356
S01010719,692,290,402
S01010720,674,255,419
S01010721,637,281,356
S01010722,861,373,488
S01010723,750,263,487
S01010724,599,215,384
S01010725,617,219,398
S01010726,866,307,559
S01010727,503,162,341
S01010728,591,194,397
S01010729,654,255,399
S01010730,622,257,365
S01010731,701,326,375
S01010732,655,344,311
S01010733,697,401,296
S01010734,684,384,300
S01010735,641,336,305
S01010736,319,100,219
S01010737,673,339,334
S01010738,782,338,444
S01010739,590,269,321
S01010740,575,349,226
S01010741,562,241,321
S01010742,643,306,337
S01010743,689,362,327
S01010744,905,419,486
S01010745,560,320,240
S01010746,706,276,430
S01010747,795,399,396
S01010748,423,179,244
S01010749,540,198,342
S01010750,508,183,325
S01010751,844,387,457
S01010752,797,378,419
S01010753,877,408,469
S01010754,759,361,398
S01010755,706,376,330
S01010756,712,259,453
S01010757,700,325,375
S01010758,464,194,270
S01010759,527,265,262
S01010760,644,259,385
S01010761,430,167,263
S01010762,500,214,286
S01010763,757,379,378
S01010764,460,191,269
S01010765,949,419,530
S01010766,610,258,352
S01010767,463,235,228
S01010768,591,261,330
S01010769,380,139,241
S01010770,711,314,397
S01010771,858,398,460
S01010772,663,347,316
S01010773,542,241,301
S01010774,1004,471,533
S01010775,444,168,276
S01010776,694,373,321
S01010777,490,297,193
S01010778,600,366,234
S01010779,672,354,318
S01010780,533,239,294
S01010781,725,331,394
S01010782,558,276,282
S01010783,737,374,363
S01010784,959,482,477
S01010785,688,254,434
S01010786,417,180,237
S01010787,666,258,408
S01010788,483,195,288
S01010789,648,261,387
S01010790,621,238,383
S01010791,751,278,473
S01010792,861,390,471
S01010793,412,146,266
S01010794,286,123,163
S01010795,981,409,572
S01010796,999,400,599
S01010797,435,168,267
S01010798,532,216,316
S01010799,848,452,396
S01010800,736,368,368
S01010801,720,335,385
S01010802,523,223,300
S01010803,460,260,200
S01010804,657,276,381
S01010805,1000,414,586
S01010806,709,411,298
S01010807,444,170,274
S01010808,443,137,306
S01010809,634,267,367
S01010810,430,246,184
S01010811,772,310,462
S01010812,418,200,218
S01010813,717,324,393
S01010814,611,260,351
S01010815,526,227,299
S01010816,638,241,397
S01010817,1001,323,678
S01010818,1085,482,603
S01010819,766,313,453
S01010820,992,453,539
S01010821,706,215,491
S01010822,452,242,210
S01010823,460,296,164
S01010824,451,112,339
S01010825,775,353,422
S01010826,591,215,376
S01010827,541,188,353
S01010828,858,258,600
S01010829,645,261,384
S01010830,464,164,300
S01010831,233,47,186
S01010832,588,228,360
S01010833,717,227,490
S01010834,1091,360,731
S01010835,657,214,443
S01010836,835,405,430
S01010837,787,313,474
S01010838,919,434,485
S01010839,759,339,420
S01010840,589,340,249
S01010841,979,591,388
S01010842,899,647,252
S01010843,686,415,271
S01010844,724,301,423
S01010845,526,193,333
S01010846,751,375,376
S01010847,663,229,434
S01010848,803,486,317
S01010849,764,430,334
S01010850,731,426,305
S01010851,777,434,343
S01010852,752,386,366
S01010853,899,440,459
S01010854,476,293,183
S01010855,457,232,225
S01010856,745,401,344
S01010857,697,286,411
S01010858,921,497,424
S01010859,745,410,335
S01010860,729,353,376
S01010861,774,483,291
S01010862,555,363,192
S01010863,747,349,398
S01010864,554,175,379
S01010865,616,247,369
S01010866,819,364,455
S01010867,702,312,390
S01010868,743,369,374
S01010869,961,338,623
S01010870,676,361,315
S01010871,662,361,301
S01010872,700,410,290
S01010873,702,486,216
S01010874,745,328,417
S01010875,516,270,246
S01010876,582,364,218
S01010877,1074,620,454
S01010878,1091,605,486
S01010879,878,402,476
S01010880,524,295,229
S01010881,719,328,391
S01010882,754,382,372
S01010883,880,380,500
S01010884,1027,584,443
S01010885,1167,779,388
S01010886,628,396,232
S01010887,551,335,216
S01010888,882,509,373
S01010889,755,528,227
S01010890,811,577,234
S01010891,514,405,109
S01010892,696,484,212
S01010893,650,436,214
S01010894,400,281,119
S01010895,484,296,188
S01010896,915,563,352
S01010897,534,353,181
S01010898,966,545,421
S01010899,566,223,343
S01010900,772,390,382
S01010901,388,259,129
S01010902,786,408,378
S01010903,611,374,237
S01010904,451,284,167
S01010905,364,211,153
S01010906,612,378,234
S01010907,74,32,42
S01010908,544,278,266
S01010909,823,409,414
S01010910,642,418,224
S01010911,792,527,265
S01010912,715,488,227
S01010913,542,257,285
S01010914,862,442,420
S01010915,822,355,467
S01010916,679,417,262
S01010917,708,419,289
S01010918,1099,571,528
S01010919,771,404,367
S01010920,556,369,187
S01010921,670,372,298
S01010922,802,433,369
S01010923,990,528,462
S01010924,621,303,318
S01010925,687,356,331
S01010926,826,357,469
S01010927,774,415,359
S01010928,677,374,303
S01010929,810,462,348
S01010930,511,182,329
S01010931,379,160,219
S01010932,835,437,398
S01010933,294,135,159
S01010934,853,363,490
S01010935,684,265,419
S01010936,575,334,241
S01010937,668,243,425
S01010938,766,429,337
S01010939,620,226,394
S01010940,591,168,423
S01010941,1079,330,749
S01010942,582,163,419
S01010943,677,357,320
S01010944,720,415,305
S01010945,478,207,271
S01010946,895,441,454
S01010947,667,322,345
S01010948,575,265,310
S01010949,923,334,589
S01010950,718,309,409
S01010951,606,244,362
S01010952,615,250,365
S01010953,567,252,315
S01010954,737,321,416
S01010955,621,295,326
S01010956,670,282,388
S01010957,499,152,347
S01010958,539,186,353
S01010959,565,307,258
S01010960,1047,509,538
S01010961,953,447,506
S01010962,609,344,265
S01010963,800,314,486
S01010964,471,150,321
S01010965,856,449,407
S01010966,742,338,404
S01010967,731,369,362
S01010968,765,328,437
S01010969,731,349,382
S01010970,1246,609,637
S01010971,1457,559,898
S01010972,558,253,305
S01010973,531,200,331
S01010974,932,421,511
S01010975,508,246,262
S01010976,630,287,343
S01010977,593,227,366
S01010978,735,367,368
S01010979,686,356,330
S01010980,699,341,358
S01010981,653,317,336
S01010982,1299,587,712
S01010983,1041,450,591
S01010984,963,339,624
S01010985,684,319,365
S01010986,320,115,205
S01010987,306,83,223
S01010988,421,87,334
S01010989,269,93,176
S01010990,601,236,365
S01010991,575,213,362
S01010992,389,164,225
S01010993,557,201,356
S01010994,1040,366,674
S01010995,772,271,501
S01010996,650,250,400
S01010997,868,271,597
S01010998,795,271,524
S01010999,661,238,423
S01011000,1028,487,541
S01011001,580,243,337
S01011002,628,321,307
S01011003,679,323,356
S01011004,676,273,403
S01011005,659,316,343
S01011006,490,176,314
S01011007,760,333,427
S01011008,795,348,447
S01011009,563,258,305
S01011010,827,523,304
S01011011,709,472,237
S01011012,938,517,421
S01011013,780,330,450
S01011014,793,368,425
S01011015,479,180,299
S01011016,300,117,183
S01011017,660,217,443
S01011018,1193,489,704
S01011019,744,276,468
S01011020,306,125,181
S01011021,675,323,352
S01011022,586,299,287
S01011023,684,378,306
S01011024,956,527,429
S01011025,596,299,297
S01011026,462,216,246
S01011027,861,482,379
S01011028,673,300,373
S01011029,633,303,330
S01011030,748,300,448
S01011031,593,266,327
S01011032,758,352,406
S01011033,552,250,302
S01011034,630,300,330
S01011035,493,218,275
S01011036,715,323,392
S01011037,714,356,358
S01011038,791,414,377
S01011039,707,359,348
S01011040,768,376,392
S01011041,527,267,260
S01011042,557,208,349
S01011043,826,357,469
S01011044,653,313,340
S01011045,601,249,352
S01011046,503,187,316
S01011047,809,257,552
S01011048,909,355,554
S01011049,666,278,388
S01011050,666,231,435
S01011051,699,282,417
S01011052,842,354,488
S01011053,543,250,293
S01011054,506,203,303
S01011055,432,156,276
S01011056,463,182,281
S01011057,546,228,318
S01011058,427,124,303
S01011059,539,202,337
S01011060,1008,450,558
S01011061,843,398,445
S01011062,1114,506,608
S01011063,862,407,455
S01011064,1057,459,598
S01011065,685,275,410
S01011066,532,205,327
S01011067,817,377,440
S01011068,610,280,330
S01011069,528,221,307
S01011070,664,246,418
S01011071,746,275,471
S01011072,649,254,395
S01011073,548,215,333
S01011074,527,202,325
S01011075,751,366,385
S01011076,930,429,501
S01011077,802,421,381
S01011078,814,287,527
S01011079,1007,436,571
S01011080,931,392,539
S01011081,692,288,404
S01011082,667,360,307
S01011083,851,336,515
S01011084,625,206,419
S01011085,681,248,433
S01011086,523,174,349
S01011087,718,290,428
S01011088,918,397,521
S01011089,740,267,473
S01011090,567,187,380
S01011091,533,177,356
S01011092,253,47,206
S01011093,696,214,482
S01011094,423,174,249
S01011095,738,267,471
S01011096,900,622,278
S01011097,570,179,391
S01011098,749,283,466
S01011099,674,349,325
S01011100,465,172,293
S01011101,630,310,320
S01011102,633,388,245
S01011103,686,406,280
S01011104,619,324,295
S01011105,666,344,322
S01011106,528,115,413
S01011107,233,90,143
S01011108,570,270,300
S01011109,676,278,398
S01011110,773,405,368
S01011111,915,491,424
S01011112,134,44,90
S01011113,909,375,534
S01011114,927,326,601
S01011115,765,405,360
S01011116,721,265,456
S01011117,760,351,409
S01011118,722,267,455
S01011119,693,257,436
S01011120,915,252,663
S01011121,599,399,200
S01011122,651,329,322
S01011123,990,439,551
S01011124,312,139,173
S01011125,332,185,147
S01011126,596,218,378
S01011127,318,32,286
S01011128,895,391,504
S01011129,688,201,487
S01011130,628,311,317
S01011131,579,259,320
S01011132,657,257,400
S01011133,493,244,249
S01011134,713,367,346
S01011135,840,388,452
S01011136,483,222,261
S01011137,469,215,254
S01011138,405,171,234
S01011139,565,193,372
S01011140,431,205,226
S01011141,1257,763,494
S01011142,1383,918,465
S01011143,943,317,626
S01011144,682,289,393
S01011145,680,239,441
S01011146,496,183,313
S01011147,964,413,551
S01011148,578,237,341
S01011149,665,394,271
S01011150,1008,366,642
S01011151,639,238,401
S01011152,767,403,364
S01011153,729,359,370
S01011154,554,369,185
S01011155,625,315,310
S01011156,782,313,469
S01011157,606,206,400
S01011158,527,160,367
S01011159,525,285,240
S01011160,703,273,430
S01011161,504,246,258
S01011162,579,263,316
S01011163,831,396,435
S01011164,546,219,327
S01011165,730,373,357
S01011166,558,187,371
S01011167,849,316,533
S01011168,662,228,434
S01011169,183,75,108
S01011170,634,234,400
S01011171,865,364,501
S01011172,643,309,334
S01011173,736,323,413
S01011174,858,438,420
S01011175,692,340,352
S01011176,631,264,367
S01011177,929,459,470
S01011178,600,186,414
S01011179,551,266,285
S01011180,699,369,330
S01011181,547,226,321
S01011182,416,142,274
S01011183,615,220,395
S01011184,603,179,424
S01011185,682,232,450
S01011186,993,450,543
S01011187,769,255,514
S01011188,921,418,503
S01011189,702,334,368
S01011190,785,381,404
S01011191,648,314,334
S01011192,740,323,417
S01011193,766,388,378
S01011194,562,300,262
S01011195,784,387,397
S01011196,851,476,375
S01011197,701,362,339
S01011198,602,320,282
S01011199,620,309,311
S01011200,761,329,432
S01011201,496,219,277
S01011202,807,348,459
S01011203,1033,456,577
S01011204,483,155,328
S01011205,158,47,111
S01011206,480,168,312
S01011207,809,328,481
S01011208,699,244,455
S01011209,556,269,287
S01011210,506,191,315
S01011211,762,228,534
S01011212,572,259,313
S01011213,862,415,447
S01011214,847,400,447
S01011215,661,354,307
S01011216,830,485,345
S01011217,984,521,463
S01011218,727,437,290
S01011219,826,430,396
S01011220,846,433,413
S01011221,928,460,468
S01011222,567,267,300
S01011223,797,369,428
S01011224,599,289,310
S01011225,841,470,371
S01011226,836,322,514
S01011227,715,428,287
S01011228,1006,586,420
S01011229,703,408,295
S01011230,1140,695,445
S01011231,892,562,330
S01011232,660,423,237
S01011233,585,277,308
S01011234,885,515,370
S01011235,392,194,198
S01011236,531,291,240
S01011237,737,429,308
S01011238,583,356,227
S01011239,852,581,271
S01011240,949,637,312
S01011241,809,448,361
S01011242,866,434,432
S01011243,695,522,173
S01011244,582,408,174
S01011245,735,409,326
S01011246,584,311,273
S01011247,763,319,444
S01011248,800,311,489
S01011249,682,258,424
S01011250,811,522,289
S01011251,697,376,321
S01011252,620,363,257
S01011253,746,458,288
S01011254,1000,372,628
S01011255,123,33,90
S01011256,120,42,78
S01011257,467,140,327
S01011258,596,241,355
S01011259,731,365,366
S01011260,645,260,385
S01011261,685,379,306
S01011262,547,288,259
S01011263,607,386,221
S01011264,507,282,225
S01011265,796,434,362
S01011266,771,332,439
S01011267,586,250,336
S01011268,493,203,290
S01011269,498,274,224
S01011270,672,393,279
S01011271,797,360,437
S01011272,617,378,239
S01011273,947,514,433
S01011274,809,428,381
S01011275,664,328,336
S01011276,793,399,394
S01011277,609,255,354
S01011278,574,204,370
S01011279,629,265,364
S01011280,617,192,425
S01011281,597,202,395
S01011282,588,216,372
S01011283,402,115,287
S01011284,322,112,210
S01011285,901,512,389
S01011286,549,299,250
S01011287,761,377,384
S01011288,837,409,428
S01011289,709,355,354
S01011290,1109,615,494
S01011291,884,454,430
S01011292,543,341,202
S01011293,771,406,365
S01011294,870,524,346
S01011295,857,331,526
S01011296,627,323,304
S01011297,746,379,367
S01011298,948,429,519
S01011299,408,137,271
S01011300,833,430,403
S01011301,524,178,346
S01011302,891,516,375
S01011303,975,361,614
S01011304,801,337,464
S01011305,438,199,239
S01011306,496,216,280
S01011307,777,324,453
S01011308,492,185,307
S01011309,752,252,500
S01011310,613,275,338
S01011311,932,277,655
S01011312,981,307,674
S01011313,861,406,455
S01011314,706,283,423
S01011315,322,166,156
S01011316,650,304,346
S01011317,863,340,523
S01011318,770,356,414
S01011319,999,361,638
S01011320,637,301,336
S01011321,520,217,303
S01011322,522,214,308
S01011323,835,422,413
S01011324,467,240,227
S01011325,830,570,260
S01011326,971,703,268
S01011327,755,451,304
S01011328,723,355,368
S01011329,844,414,430
S01011330,665,233,432
S01011331,625,199,426
S01011332,877,267,610
S01011333,592,187,405
S01011334,899,392,507
S01011335,780,248,532
S01011336,563,261,302
S01011337,621,238,383
S01011338,546,247,299
S01011339,557,277,280
S01011340,890,470,420
S01011341,603,340,263
S01011342,666,368,298
S01011343,720,414,306
S01011344,688,362,326
S01011345,817,440,377
S01011346,731,347,384
S01011347,921,455,466
S01011348,1011,437,574
S01011349,807,297,510
S01011350,714,257,457
S01011351,660,372,288
S01011352,564,303,261
S01011353,559,269,290
S01011354,727,240,487
S01011355,948,412,536
S01011356,738,300,438
S01011357,1049,348,701
S01011358,389,89,300
S01011359,676,302,374
S01011360,473,349,124
S01011361,391,318,73
S01011362,263,119,144
S01011363,1063,489,574
S01011364,422,177,245
S01011365,490,185,305
S01011366,466,245,221
S01011367,649,320,329
S01011368,71,30,41
S01011369,578,268,310
S01011370,269,144,125
S01011371,1252,740,512
S01011372,877,579,298
S01011373,698,416,282
S01011374,375,147,228
S01011375,507,231,276
S01011376,523,308,215
S01011377,478,196,282
S01011378,879,351,528
S01011379,738,250,488
S01011380,670,367,303
S01011381,616,282,334
S01011382,227,154,73
S01011383,809,562,247
S01011384,573,388,185
S01011385,819,518,301
S01011386,761,470,291
S01011387,670,415,255
S01011388,490,242,248
S01011389,625,362,263
S01011390,905,492,413
S01011391,515,239,276
S01011392,795,417,378
S01011393,721,350,371
S01011394,528,273,255
S01011395,715,428,287
S01011396,855,485,370
S01011397,693,425,268
S01011398,623,350,273
S01011399,409,211,198
S01011400,638,375,263
S01011401,866,431,435
S01011402,910,434,476
S01011403,818,406,412
S01011404,1018,496,522
S01011405,629,274,355
S01011406,624,263,361
S01011407,1104,465,639
S01011408,816,415,401
S01011409,536,332,204
S01011410,708,317,391
S01011411,810,366,444
S01011412,872,300,572
S01011413,457,137,320
S01011414,888,454,434
S01011415,764,385,379
S01011416,761,255,506
S01011417,630,300,330
S01011418,691,368,323
S01011419,597,288,309
S01011420,437,259,178
S01011421,312,147,165
S01011422,384,191,193
S01011423,465,281,184
S01011424,469,230,239
S01011425,631,274,357
S01011426,769,368,401
S01011427,873,442,431
S01011428,749,390,359
S01011429,1034,634,400
S01011430,831,341,490
S01011431,1083,588,495
S01011432,1698,988,710
S01011433,757,439,318
S01011434,859,411,448
S01011435,1058,442,616
S01011436,1010,555,455
S01011437,705,390,315
S01011438,685,379,306
S01011439,954,455,499
S01011440,809,398,411
S01011441,621,328,293
S01011442,590,305,285
S01011443,682,351,331
S01011444,852,414,438
S01011445,576,310,266
S01011446,759,334,425
S01011447,842,463,379
S01011448,1019,477,542
S01011449,547,311,236
S01011450,355,142,213
S01011451,619,241,378
S01011452,771,377,394
S01011453,689,347,342
S01011454,930,481,449
S01011455,924,480,444
S01011456,942,471,471
S01011457,729,377,352
S01011458,554,229,325
S01011459,461,237,224
S01011460,762,383,379
S01011461,700,448,252
S01011462,811,334,477
S01011463,505,225,280
S01011464,217,135,82
S01011465,556,305,251
S01011466,971,462,509
S01011467,302,170,132
S01011468,91,33,58
S01011469,596,323,273
S01011470,839,397,442
S01011471,842,431,411
S01011472,1251,774,477
S01011473,905,550,355
S01011474,969,590,379
S01011475,605,377,228
S01011476,628,191,437
S01011477,767,211,556
S01011478,903,351,552
S01011479,743,302,441
S01011480,849,331,518
S01011481,568,282,286
S01011482,938,491,447
S01011483,717,334,383
S01011484,942,536,406
S01011485,790,416,374
S01011486,457,252,205
S01011487,790,427,363
S01011488,570,296,274
S01011489,476,254,222
S01011490,887,459,428
S01011491,400,288,112
S01011492,748,488,260
S01011493,759,279,480
S01011494,592,314,278
S01011495,943,436,507
S01011496,456,318,138
S01011497,651,254,397
S01011498,458,137,321
S01011499,756,317,439
S01011500,854,427,427
S01011501,591,333,258
S01011502,630,266,364
S01011503,894,424,470
S01011504,533,244,289
S01011505,536,305,231
S01011506,504,247,257
S01011507,691,353,338
S01011508,736,406,330
S01011509,518,250,268
S01011510,757,427,330
S01011511,606,353,253
S01011512,921,551,370
S01011513,756,488,268
S01011514,840,431,409
S01011515,659,332,327
S01011516,745,274,471
S01011517,526,245,281
S01011518,586,287,299
S01011519,644,339,305
S01011520,846,521,325
S01011521,1070,632,438
S01011522,731,466,265
S01011523,1054,555,499
S01011524,705,308,397
S01011525,783,445,338
S01011526,783,365,418
S01011527,807,311,496
S01011528,847,472,375
S01011529,899,529,370
S01011530,1041,509,532
S01011531,966,398,568
S01011532,350,102,248
S01011533,588,360,228
S01011534,644,338,306
S01011535,682,452,230
S01011536,563,217,346
S01011537,718,340,378
S01011538,654,247,407
S01011539,780,437,343
S01011540,871,419,452
S01011541,703,416,287
S01011542,893,452,441
S01011543,667,375,292
S01011544,654,352,302
S01011545,782,407,375
S01011546,510,122,388
S01011547,326,107,219
S01011548,692,332,360
S01011549,838,318,520
S01011550,889,298,591
S01011551,778,343,435
S01011552,814,305,509
S01011553,204,96,108
S01011554,903,433,470
S01011555,644,362,282
S01011556,564,342,222
S01011557,787,397,390
S01011558,682,366,316
S01011559,588,307,281
S01011560,842,454,388
S01011561,626,339,287
S01011562,652,399,253
S01011563,717,446,271
S01011564,631,313,318
S01011565,712,354,358
S01011566,622,367,255
S01011567,748,361,387
S01011568,617,301,316
S01011569,677,343,334
S01011570,866,438,428
S01011571,782,534,248
S01011572,750,481,269
S01011573,540,336,204
S01011574,589,288,301
S01011575,403,215,188
S01011576,728,478,250
S01011577,511,272,239
S01011578,946,542,404
S01011579,789,280,509
S01011580,811,546,265
S01011581,775,450,325
S01011582,1155,531,624
S01011583,857,539,318
S01011584,700,377,323
S01011585,1029,555,474
S01011586,598,324,274
S01011587,609,333,276
S01011588,749,374,375
S01011589,869,431,438
S01011590,927,483,444
S01011591,754,433,321
S01011592,670,376,294
S01011593,517,244,273
S01011594,598,302,296
S01011595,830,429,401
S01011596,1121,590,531
S01011597,677,349,328
S01011598,789,620,169
S01011599,784,395,389
S01011600,663,366,297
S01011601,621,208,413
S01011602,574,335,239
S01011603,909,526,383
S01011604,526,280,246
S01011605,748,344,404
S01011606,300,105,195
S01011607,672,269,403
S01011608,666,300,366
S01011609,763,517,246
S01011610,772,451,321
S01011611,563,258,305
S01011612,206,97,109
S01011613,827,261,566
S01011614,382,159,223
S01011615,688,334,354
S01011616,487,264,223
S01011617,894,460,434
S01011618,685,332,353
S01011619,601,213,388
S01011620,522,163,359
S01011621,683,301,382
S01011622,143,63,80
S01011623,777,344,433
S01011624,644,319,325
S01011625,454,215,239
S01011626,854,253,601
S01011627,462,139,323
S01011628,1094,325,769
S01011629,653,352,301
S01011630,547,272,275
S01011631,682,399,283
S01011632,828,451,377
S01011633,931,473,458
S01011634,683,331,352
S01011635,518,255,263
S01011636,677,383,294
S01011637,611,328,283
S01011638,631,363,268
S01011639,487,285,202
S01011640,833,433,400
S01011641,814,271,543
S01011642,725,316,409
S01011643,463,263,200
S01011644,748,350,398
S01011645,546,258,288
S01011646,765,245,520
S01011647,824,282,542
S01011648,341,190,151
S01011649,330,190,140
S01011650,971,438,533
S01011651,667,316,351
S01011652,732,309,423
S01011653,923,491,432
S01011654,931,555,376
S01011655,718,456,262
S01011656,573,356,217
S01011657,478,305,173
S01011658,880,479,401
S01011659,832,415,417
S01011660,975,374,601
S01011661,884,402,482
S01011662,367,124,243
S01011663,681,407,274
S01011664,901,464,437
S01011665,914,492,422
S01011666,868,510,358
S01011667,897,535,362
S01011668,1228,742,486
S01011669,812,400,412
S01011670,719,405,314
S01011671,662,315,347
S01011672,684,317,367
S01011673,647,349,298
S01011674,686,328,358
S01011675,855,437,418
S01011676,661,350,311
S01011677,119,69,50
S01011678,419,236,183
S01011679,502,244,258
S01011680,990,514,476
S01011681,607,281,326
S01011682,647,256,391
S01011683,680,288,392
S01011684,581,243,338
S01011685,231,124,107
S01011686,776,302,474
S01011687,804,383,421
S01011688,828,335,493
S01011689,428,162,266
S01011690,675,284,391
S01011691,263,99,164
S01011692,1023,539,484
S01011693,790,360,430
S01011694,96,50,46
S01011695,787,326,461
S01011696,127,58,69
S01011697,377,212,165
S01011698,605,312,293
S01011699,728,277,451
S01011700,746,334,412
S01011701,696,257,439
S01011702,726,309,417
S01011703,637,261,376
S01011704,635,239,396
S01011705,704,322,382
S01011706,792,378,414
S01011707,568,210,358
S01011708,892,441,451
S01011709,926,444,482
S01011710,526,298,228
S01011711,972,559,413
S01011712,517,336,181
S01011713,1058,467,591
S01011714,363,155,208
S01011715,864,434,430
S01011716,753,270,483
S01011717,732,268,464
S01011718,194,80,114
S01011719,574,203,371
S01011720,587,226,361
S01011721,667,272,395
S01011722,1198,531,667
S01011723,798,345,453
S01011724,487,238,249
S01011725,464,158,306
S01011726,442,135,307
S01011727,196,86,110
S01011728,825,400,425
S01011729,1014,522,492
S01011730,860,349,511
S01011731,988,433,555
S01011732,818,279,539
S01011733,754,337,417
S01011734,771,309,462
S01011735,674,239,435
S01011736,936,417,519
S01011737,821,408,413
S01011738,691,391,300
S01011739,506,201,305
S01011740,514,270,244
S01011741,803,460,343
S01011742,719,344,375
S01011743,619,315,304
S01011744,660,364,296
S01011745,910,469,441
S01011746,693,384,309
S01011747,814,450,364
S01011748,755,474,281
S01011749,650,423,227
S01011750,687,331,356
S01011751,915,655,260
S01011752,896,495,401
S01011753,746,337,409
S01011754,792,349,443
S01011755,799,436,363
S01011756,943,538,405
S01011757,778,445,333
S01011758,527,238,289
S01011759,759,316,443
S01011760,771,404,367
S01011761,496,273,223
S01011762,750,420,330
S01011763,722,315,407
S01011764,315,118,197
S01011765,1007,319,688
S01011766,598,196,402
S01011767,1056,481,575
S01011768,729,401,328
S01011769,789,471,318
S01011770,809,407,402
S01011771,502,156,346
S01011772,824,196,628
S01011773,402,112,290
S01011774,575,220,355
S01011775,570,192,378
S01011776,320,92,228
S01011777,462,176,286
S01011778,475,171,304
S01011779,588,180,408
S01011780,566,160,406
S01011781,728,257,471
S01011782,658,214,444
S01011783,462,170,292
S01011784,739,393,346
S01011785,938,482,456
S01011786,153,40,113
S01011787,875,469,406
S01011788,338,82,256
S01011789,970,364,606
S01011790,936,433,503
S01011791,640,343,297
S01011792,806,452,354
S01011793,596,293,303
S01011794,695,395,300
S01011795,624,299,325
S01011796,695,445,250
S01011797,736,241,495
S01011798,466,217,249
S01011799,903,323,580
S01011800,610,259,351
S01011801,526,293,233
S01011802,627,304,323
S01011803,521,246,275
S01011804,792,418,374
S01011805,768,402,366
S01011806,900,390,510
S01011807,765,319,446
S01011808,699,278,421
S01011809,467,173,294
S01011810,839,354,485
S01011811,713,276,437
S01011812,775,298,477
S01011813,648,238,410
S01011814,466,175,291
S01011815,392,137,255
S01011816,512,157,355
S01011817,515,171,344
S01011818,1018,408,610
S01011819,1048,500,548
S01011820,636,304,332
S01011821,371,223,148
S01011822,689,429,260
S01011823,524,247,277
S01011824,781,386,395
S01011825,464,250,214
S01011826,576,288,288
S01011827,480,237,243
S01011828,700,295,405
S01011829,366,162,204
S01011830,668,288,380
S01011831,819,362,457
S01011832,621,268,353
S01011833,680,208,472
S01011834,491,151,340
S01011835,447,153,294
S01011836,866,290,576
S01011837,657,244,413
S01011838,913,275,638
S01011839,933,295,638
S01011840,964,351,613
S01011841,1102,510,592
S01011842,1106,520,586
S01011843,975,328,647
S01011844,745,271,474
S01011845,628,257,371
S01011846,702,266,436
S01011847,341,97,244
S01011848,610,209,401
S01011849,570,213,357
S01011850,839,396,443
S01011851,662,307,355
S01011852,789,371,418
S01011853,705,314,391
S01011854,878,341,537
S01011855,962,455,507
S01011856,609,154,455
S01011857,860,375,485
S01011858,726,248,478
S01011859,883,385,498
S01011860,545,172,373
S01011861,623,240,383
S01011862,780,278,502
S01011863,897,433,464
S01011864,668,225,443
S01011865,588,235,353
S01011866,897,409,488
S01011867,783,437,346
S01011868,704,346,358
S01011869,625,352,273
S01011870,555,255,300
S01011871,740,284,456
S01011872,668,256,412
S01011873,570,233,337
S01011874,677,269,408
S01011875,904,397,507
S01011876,786,294,492
S01011877,645,256,389
S01011878,1156,507,649
S01011879,597,220,377
S01011880,764,268,496
S01011881,643,303,340
S01011882,770,323,447
S01011883,1367,650,717
S01011884,300,103,197
S01011885,361,160,201
S01011886,727,282,445
S01011887,588,284,304
S01011888,1002,594,408
S01011889,839,368,471
S01011890,723,333,390
S01011891,881,632,249
S01011892,925,539,386
S01011893,850,468,382
S01011894,588,285,303
S01011895,948,378,570
S01011896,812,397,415
S01011897,894,336,558
S01011898,619,254,365
S01011899,874,291,583
S01011900,578,176,402
S01011901,670,244,426
S01011902,986,316,670
S01011903,826,235,591
S01011904,841,289,552
S01011905,625,199,426
S01011906,294,101,193
S01011907,687,256,431
S01011908,457,159,298
S01011909,393,160,233
S01011910,923,529,394
S01011911,618,266,352
S01011912,657,377,280
S01011913,677,407,270
S01011914,710,487,223
S01011915,702,345,357
S01011916,717,355,362
S01011917,525,250,275
S01011918,662,433,229
S01011919,680,372,308
S01011920,554,300,254
S01011921,493,302,191
S01011922,705,378,327
S01011923,641,361,280
S01011924,741,366,375
S01011925,176,103,73
S01011926,674,368,306
S01011927,503,276,227
S01011928,729,369,360
S01011929,585,311,274
S01011930,608,349,259
S01011931,544,368,176
S01011932,327,209,118
S01011933,890,556,334
S01011934,684,355,329
S01011935,854,573,281
S01011936,657,430,227
S01011937,319,233,86
S01011938,413,279,134
S01011939,741,564,177
S01011940,750,594,156
S01011941,804,648,156
S01011942,654,508,146
S01011943,1097,805,292
S01011944,399,139,260
S01011945,1204,426,778
S01011946,713,367,346
S01011947,563,187,376
S01011948,819,421,398
S01011949,879,262,617
S01011950,847,313,534
S01011951,677,276,401
S01011952,346,136,210
S01011953,795,296,499
S01011954,518,245,273
S01011955,899,428,471
S01011956,587,214,373
S01011957,662,278,384
S01011958,1223,491,732
S01011959,785,308,477
S01011960,583,227,356
S01011961,854,322,532
S01011962,482,166,316
S01011963,494,208,286
S01011964,820,343,477
S01011965,825,296,529
S01011966,608,212,396
S01011967,834,360,474
S01011968,1013,454,559
S01011969,1374,663,711
S01011970,1286,624,662
S01011971,489,185,304
S01011972,1353,508,845
S01011973,481,191,290
S01011974,568,193,375
S01011975,356,143,213
S01011976,737,293,444
S01011977,982,426,556
S01011978,1007,446,561
S01011979,787,327,460
S01011980,375,133,242
S01011981,912,373,539
S01011982,1236,518,718
S01011983,1045,401,644
S01011984,486,279,207
S01011985,564,264,300
S01011986,784,414,370
S01011987,825,382,443
S01011988,625,244,381
S01011989,623,226,397
S01011990,647,205,442
S01011991,793,331,462
S01011992,769,366,403
S01011993,785,482,303
S01011994,692,208,484
S01011995,584,208,376
S01011996,637,265,372
S01011997,951,396,555
S01011998,548,203,345
S01011999,529,222,307
S01012000,460,176,284
S01012001,665,284,381
S01012002,661,232,429
S01012003,719,286,433
S01012004,972,389,583
S01012005,605,222,383
S01012006,822,417,405
S01012007,782,371,411
S01012008,1080,530,550
S01012009,538,242,296
S01012010,1206,540,666
S01012011,1148,535,613
S01012012,590,231,359
S01012013,668,251,417
S01012014,1384,649,735
S01012015,966,431,535
S01012016,603,242,361
S01012017,556,277,279
S01012018,706,268,438
S01012019,546,245,301
S01012020,836,396,440
S01012021,694,271,423
S01012022,887,397,490
S01012023,529,197,332
S01012024,879,330,549
S01012025,590,210,380
S01012026,405,161,244
S01012027,1171,643,528
S01012028,841,256,585
S01012029,916,457,459
S01012030,1273,610,663
S01012031,766,380,386
S01012032,337,120,217
S01012033,801,362,439
S01012034,768,347,421
S01012035,981,390,591
S01012036,1033,403,630
S01012037,987,463,524
S01012038,774,518,256
S01012039,874,386,488
S01012040,514,176,338
S01012041,1018,461,557
S01012042,823,372,451
S01012043,659,378,281
S01012044,835,462,373
S01012045,1108,709,399
S01012046,788,468,320
S01012047,891,529,362
S01012048,572,372,200
S01012049,608,295,313
S01012050,731,253,478
S01012051,456,221,235
S01012052,751,364,387
S01012053,796,434,362
S01012054,936,582,354
S01012055,746,384,362
S01012056,789,355,434
S01012057,679,246,433
S01012058,637,229,408
S01012059,838,406,432
S01012060,746,392,354
S01012061,892,392,500
S01012062,737,320,417
S01012063,532,267,265
S01012064,501,322,179
S01012065,487,365,122
S01012066,662,404,258
S01012067,479,352,127
S01012068,552,376,176
S01012069,511,364,147
S01012070,795,606,189
S01012071,740,582,158
S01012072,885,574,311
S01012073,492,274,218
S01012074,529,266,263
S01012075,803,308,495
S01012076,802,402,400
S01012077,636,356,280
S01012078,608,275,333
S01012079,812,463,349
S01012080,760,476,284
S01012081,613,400,213
S01012082,786,414,372
S01012083,931,550,381
S01012084,570,207,363
S01012085,708,279,429
S01012086,778,422,356
S01012087,708,303,405
S01012088,441,175,266
S01012089,744,302,442
S01012090,994,355,639
S01012091,708,259,449
S01012092,566,198,368
S01012093,511,223,288
S01012094,835,342,493
S01012095,911,412,499
S01012096,728,388,340
S01012097,555,271,284
S01012098,764,394,370
S01012099,915,555,360
S01012100,1178,553,625
S01012101,759,284,475
S01012102,717,435,282
S01012103,882,416,466
S01012104,682,191,491
S01012105,830,341,489
S01012106,838,436,402
S01012107,673,289,384
S01012108,1077,646,431
S01012109,879,668,211
S01012110,829,504,325
S01012111,1050,642,408
S01012112,957,456,501
S01012113,914,405,509
S01012114,1153,615,538
S01012115,611,280,331
S01012116,572,262,310
S01012117,580,395,185
S01012118,832,466,366
S01012119,805,246,559
S01012120,506,301,205
S01012121,729,378,351
S01012122,794,400,394
S01012123,632,333,299
S01012124,572,299,273
S01012125,798,601,197
S01012126,481,329,152
S01012127,691,520,171
S01012128,361,295,66
S01012129,845,577,268
S01012130,1011,684,327
S01012131,1128,783,345
S01012132,727,529,198
S01012133,887,639,248
S01012134,1059,639,420
S01012135,1031,743,288
S01012136,695,546,149
S01012137,727,517,210
S01012138,958,540,418
S01012139,851,448,403
S01012140,779,299,480
S01012141,1028,374,654
S01012142,802,274,528
S01012143,1052,356,696
S01012144,878,305,573
S01012145,964,305,659
S01012146,865,525,340
S01012147,752,477,275
S01012148,593,380,213
S01012149,670,361,309
S01012150,691,386,305
S01012151,942,506,436
S01012152,780,476,304
S01012153,315,213,102
S01012154,537,405,132
S01012155,712,499,213
S01012156,1053,696,357
S01012157,769,445,324
S01012158,732,415,317
S01012159,489,159,330
S01012160,832,313,519
S01012161,397,267,130
S01012162,541,426,115
S01012163,475,266,209
S01012164,314,111,203
S01012165,729,498,231
S01012166,660,387,273
S01012167,538,329,209
S01012168,957,416,541
S01012169,803,421,382
S01012170,1162,565,597
S01012171,1047,517,530
S01012172,859,413,446
S01012173,666,197,469
S01012174,878,313,565
S01012175,919,404,515
S01012176,1191,509,682
S01012177,762,251,511
S01012178,876,314,562
S01012179,669,346,323
S01012180,633,317,316
S01012181,1016,572,444
S01012182,554,246,308
S01012183,512,342,170
S01012184,108,75,33
S01012185,629,478,151
S01012186,764,394,370
S01012187,771,461,310
S01012188,583,207,376
S01012189,571,242,329
S01012190,263,117,146
S01012191,914,309,605
S01012192,412,112,300
S01012193,550,154,396
S01012194,593,141,452
S01012195,738,268,470
S01012196,425,172,253
S01012197,909,458,451
S01012198,895,440,455
S01012199,780,345,435
S01012200,559,258,301
S01012201,923,412,511
S01012202,478,191,287
S01012203,819,252,567
S01012204,615,177,438
S01012205,772,298,474
S01012206,786,299,487
S01012207,1006,444,562
S01012208,1147,518,629
S01012209,880,428,452
S01012210,613,313,300
S01012211,950,402,548
S01012212,1050,360,690
S01012213,1127,457,670
S01012214,707,243,464
S01012215,893,321,572
S01012216,1050,340,710
S01012217,440,272,168
S01012218,569,332,237
S01012219,772,363,409
S01012220,701,404,297
S01012221,707,365,342
S01012222,988,519,469
S01012223,618,328,290
S01012224,904,441,463
S01012225,896,420,476
S01012226,711,305,406
S01012227,750,321,429
S01012228,649,285,364
S01012229,690,282,408
S01012230,861,318,543
S01012231,642,195,447
S01012232,914,280,634
S01012233,703,200,503
S01012234,1023,344,679
S01012235,689,232,457
S01012236,785,365,420
S01012237,680,195,485
S01012238,497,290,207
S01012239,488,277,211
S01012240,628,268,360
S01012241,574,197,377
S01012242,715,199,516
S01012243,777,220,557
S01012244,829,318,511
S01012245,1099,428,671
S01012246,721,227,494
S01012247,588,234,354
S01012248,622,208,414
S01012249,789,294,495
S01012250,693,257,436
S01012251,948,499,449
S01012252,969,490,479
S01012253,859,516,343
S01012254,737,323,414
S01012255,690,357,333
S01012256,644,208,436
S01012257,902,341,561
S01012258,905,248,657
S01012259,737,220,517
S01012260,742,312,430
S01012261,379,112,267
S01012262,777,321,456
S01012263,586,301,285
S01012264,257,129,128
S01012265,985,425,560
S01012266,853,390,463
S01012267,668,306,362
S01012268,942,415,527
S01012269,763,288,475
S01012270,694,312,382
S01012271,868,324,544
S01012272,583,234,349
S01012273,534,155,379
S01012274,903,443,460
S01012275,573,386,187
S01012276,1231,656,575
S01012277,939,475,464
S01012278,1103,687,416
S01012279,931,528,403
S01012280,880,431,449
S01012281,827,440,387
S01012282,973,468,505
S01012283,745,313,432
S01012284,681,378,303
S01012285,605,231,374
S01012286,877,432,445
S01012287,1054,700,354
S01012288,800,466,334
S01012289,777,305,472
S01012290,518,238,280
S01012291,651,267,384
S01012292,943,413,530
S01012293,486,186,300
S01012294,798,340,458
S01012295,229,116,113
S01012296,457,167,290
S01012297,437,149,288
S01012298,706,306,400
S01012299,438,167,271
S01012300,952,393,559
S01012301,771,281,490
S01012302,565,222,343
S01012303,685,274,411
S01012304,897,349,548
S01012305,740,290,450
S01012306,735,348,387
S01012307,784,378,406
S01012308,635,232,403
S01012309,829,324,505
S01012310,1171,473,698
S01012311,795,323,472
S01012312,837,322,515
S01012313,662,231,431
S01012314,712,321,391
S01012315,632,299,333
S01012316,565,283,282
S01012317,353,127,226
S01012318,668,264,404
S01012319,612,242,370
S01012320,599,244,355
S01012321,641,238,403
S01012322,881,317,564
S01012323,753,247,506
S01012324,794,319,475
S01012325,538,244,294
S01012326,817,415,402
S01012327,853,367,486
S01012328,731,318,413
S01012329,821,321,500
S01012330,589,196,393
S01012331,667,209,458
S01012332,774,264,510
S01012333,759,262,497
S01012334,821,321,500
S01012335,1193,444,749
S01012336,780,362,418
S01012337,892,477,415
S01012338,617,347,270
S01012339,708,390,318
S01012340,563,210,353
S01012341,658,223,435
S01012342,735,285,450
S01012343,718,263,455
S01012344,726,334,392
S01012345,587,263,324
S01012346,719,287,432
S01012347,585,258,327
S01012348,734,291,443
S01012349,960,360,600
S01012350,929,403,526
S01012351,771,347,424
S01012352,912,388,524
S01012353,717,410,307
S01012354,775,342,433
S01012355,757,267,490
S01012356,892,373,519
S01012357,784,292,492
S01012358,703,247,456
S01012359,754,394,360
S01012360,565,325,240
S01012361,700,388,312
S01012362,766,434,332
S01012363,1086,643,443
S01012364,718,381,337
S01012365,1062,393,669
S01012366,825,437,388
S01012367,940,334,606
S01012368,790,312,478
S01012369,1014,427,587
S01012370,1083,541,542
S01012371,1046,582,464
S01012372,924,516,408
S01012373,1045,396,649
S01012374,784,338,446
S01012375,1042,489,553
S01012376,676,248,428
S01012377,570,239,331
S01012378,605,181,424
S01012379,447,163,284
S01012380,1118,526,592
S01012381,929,422,507
S01012382,910,319,591
S01012383,980,411,569
S01012384,449,228,221
S01012385,634,283,351
S01012386,885,454,431
S01012387,736,315,421
S01012388,535,227,308
S01012389,592,250,342
S01012390,503,219,284
S01012391,692,246,446
S01012392,458,178,280
S01012393,877,332,545
S01012394,819,469,350
S01012395,674,339,335
S01012396,739,426,313
S01012397,699,342,357
S01012398,859,524,335
S01012399,725,413,312
S01012400,717,441,276
S01012401,761,456,305
S01012402,266,101,165
S01012403,794,317,477
S01012404,921,476,445
S01012405,463,187,276
S01012406,518,217,301
S01012407,697,311,386
S01012408,589,254,335
S01012409,813,353,460
S01012410,960,439,521
S01012411,980,447,533
S01012412,527,254,273
S01012413,852,367,485
S01012414,642,284,358
S01012415,596,234,362
S01012416,408,154,254
S01012417,526,220,306
S01012418,734,279,455
S01012419,917,377,540
S01012420,887,402,485
S01012421,859,384,475
S01012422,1099,485,614
S01012423,888,372,516
S01012424,702,357,345
S01012425,524,305,219
S01012426,514,267,247
S01012427,670,352,318
S01012428,736,297,439
S01012429,428,189,239
S01012430,870,440,430
S01012431,957,457,500
S01012432,720,309,411
S01012433,770,396,374
S01012434,670,347,323
S01012435,746,403,343
S01012436,768,377,391
S01012437,656,298,358
S01012438,481,260,221
S01012439,762,361,401
S01012440,448,146,302
S01012441,812,289,523
S01012442,575,238,337
S01012443,543,234,309
S01012444,963,383,580
S01012445,90,20,70
S01012446,587,290,297
S01012447,766,243,523
S01012448,377,114,263
S01012449,475,190,285
S01012450,656,232,424
S01012451,830,331,499
S01012452,594,195,399
S01012453,754,218,536
S01012454,980,315,665
S01012455,513,130,383
S01012456,895,262,633
S01012457,902,227,675
S01012458,726,200,526
S01012459,706,233,473
S01012460,728,220,508
S01012461,601,257,344
S01012462,775,396,379
S01012463,843,522,321
S01012464,526,284,242
S01012465,837,445,392
S01012466,891,379,512
S01012467,1063,513,550
S01012468,719,310,409
S01012469,921,363,558
S01012470,866,421,445
S01012471,666,198,468
S01012472,713,217,496
S01012473,563,169,394
S01012474,692,337,355
S01012475,611,195,416
S01012476,937,412,525
S01012477,705,245,460
S01012478,693,334,359
S01012479,861,266,595
S01012480,155,99,56
S01012481,672,460,212
S01012482,734,433,301
S01012483,685,460,225
S01012484,1029,435,594
S01012485,1294,647,647
S01012486,804,397,407
S01012487,524,288,236
S01012488,847,412,435
S01012489,905,627,278
S01012490,914,692,222
S01012491,571,420,151
S01012492,851,635,216
S01012493,726,398,328
S01012494,1236,633,603
S01012495,927,456,471
S01012496,680,337,343
S01012497,538,324,214
S01012498,705,407,298
S01012499,861,435,426
S01012500,487,266,221
S01012501,686,463,223
S01012502,701,476,225
S01012503,569,321,248
S01012504,496,256,240
S01012505,875,466,409
S01012506,413,194,219
S01012507,819,408,411
S01012508,692,351,341
S01012509,483,210,273
S01012510,872,340,532
S01012511,674,329,345
S01012512,723,393,330
S01012513,459,171,288
S01012514,593,242,351
S01012515,678,376,302
S01012516,508,220,288
S01012517,738,349,389
S01012518,701,315,386
S01012519,699,388,311
S01012520,693,279,414
S01012521,671,356,315
S01012522,775,281,494
S01012523,930,347,583
S01012524,944,407,537
S01012525,880,355,525
S01012526,798,294,504
S01012527,597,234,363
S01012528,655,329,326
S01012529,803,337,466
S01012530,960,358,602
S01012531,698,283,415
S01012532,898,410,488
S01012533,713,394,319
S01012534,794,423,371
S01012535,771,356,415
S01012536,693,325,368
S01012537,987,550,437
S01012538,839,439,400
S01012539,698,310,388
S01012540,850,416,434
S01012541,797,352,445
S01012542,1007,438,569
S01012543,558,225,333
S01012544,490,222,268
S01012545,441,214,227
S01012546,767,327,440
S01012547,645,197,448
S01012548,713,267,446
S01012549,716,374,342
S01012550,850,376,474
S01012551,971,291,680
S01012552,770,248,522
S01012553,644,280,364
S01012554,565,163,402
S01012555,449,134,315
S01012556,494,153,341
S01012557,709,204,505
S01012558,665,319,346
S01012559,766,387,379
S01012560,923,409,514
S01012561,998,460,538
S01012562,850,517,333
S01012563,677,212,465
S01012564,739,248,491
S01012565,787,346,441
S01012566,755,497,258
S01012567,872,555,317
S01012568,871,263,608
S01012569,645,231,414
S01012570,659,250,409
S01012571,623,301,322
S01012572,476,179,297
S01012573,683,225,458
S01012574,984,376,608
S01012575,667,241,426
S01012576,794,334,460
S01012577,799,324,475
S01012578,1165,532,633
S01012579,580,219,361
S01012580,588,236,352
S01012581,1077,660,417
S01012582,599,258,341
S01012583,605,276,329
S01012584,523,204,319
S01012585,1117,529,588
S01012586,814,424,390
S01012587,624,204,420
S01012588,544,203,341
S01012589,678,275,403
S01012590,857,359,498
S01012591,927,418,509
S01012592,349,131,218
S01012593,717,222,495
S01012594,604,226,378
S01012595,748,332,416
S01012596,552,276,276
S01012597,281,136,145
S01012598,617,257,360
S01012599,610,286,324
S01012600,580,247,333
S01012601,685,238,447
S01012602,670,415,255
S01012603,607,307,300
S01012604,727,315,412
S01012605,590,248,342
S01012606,208,47,161
S01012607,666,285,381
S01012608,867,384,483
S01012609,773,393,380
S01012610,943,510,433
S01012611,785,308,477
S01012612,970,415,555
S01012613,1060,477,583
S01012614,865,360,505
S01012615,872,301,571
S01012616,673,291,382
S01012617,269,83,186
S01012618,547,198,349
S01012619,635,384,251
S01012620,854,260,594
S01012621,826,301,525
S01012622,764,367,397
S01012623,742,399,343
S01012624,695,340,355
S01012625,609,318,291
S01012626,596,232,364
S01012627,522,239,283
S01012628,503,229,274
S01012629,285,116,169
S01012630,717,410,307
S01012631,805,441,364
S01012632,435,172,263
S01012633,751,328,423
S01012634,992,435,557
S01012635,1124,454,670
S01012636,572,185,387
S01012637,865,445,420
S01012638,882,371,511
S01012639,1111,512,599
S01012640,1109,538,571
S01012641,748,321,427
S01012642,1372,696,676
S01012643,440,220,220
S01012644,452,240,212
S01012645,910,478,432
S01012646,750,276,474
S01012647,249,77,172
S01012648,569,257,312
S01012649,710,294,416
S01012650,639,238,401
S01012651,683,334,349
S01012652,848,262,586
S01012653,728,346,382
S01012654,723,269,454
S01012655,1021,507,514
S01012656,790,367,423
S01012657,722,270,452
S01012658,823,295,528
S01012659,396,137,259
S01012660,620,309,311
S01012661,782,323,459
S01012662,847,367,480
S01012663,760,316,444
S01012664,824,421,403
S01012665,769,402,367
S01012666,737,341,396
S01012667,571,283,288
S01012668,905,459,446
S01012669,872,314,558
S01012670,602,219,383
S01012671,1018,455,563
S01012672,592,288,304
S01012673,887,465,422
S01012674,601,354,247
S01012675,887,450,437
S01012676,705,297,408
S01012677,501,242,259
S01012678,613,212,401
S01012679,488,248,240
S01012680,211,73,138
S01012681,557,235,322
S01012682,762,302,460
S01012683,706,342,364
S01012684,390,207,183
S01012685,987,507,480
S01012686,1012,454,558
S01012687,1192,364,828
S01012688,787,429,358
S01012689,511,175,336
S01012690,426,141,285
S01012691,810,268,542
S01012692,817,340,477
S01012693,722,196,526
S01012694,464,184,280
S01012695,594,244,350
S01012696,512,169,343
S01012697,405,138,267
S01012698,872,278,594
S01012699,783,321,462
S01012700,753,267,486
S01012701,979,328,651
S01012702,373,163,210
S01012703,529,203,326
S01012704,554,308,246
S01012705,532,143,389
S01012706,801,387,414
S01012707,767,227,540
S01012708,784,444,340
S01012709,609,299,310
S01012710,764,426,338
S01012711,1076,658,418
S01012712,837,275,562
S01012713,998,412,586
S01012714,613,188,425
S01012715,832,508,324
S01012716,1020,431,589
S01012717,877,508,369
S01012718,666,358,308
S01012719,750,475,275
S01012720,578,362,216
S01012721,623,310,313
S01012722,1005,658,347
S01012723,732,428,304
S01012724,662,368,294
S01012725,788,458,330
S01012726,790,325,465
S01012727,780,418,362
S01012728,789,510,279
S01012729,851,313,538
S01012730,513,285,228
S01012731,689,312,377
S01012732,720,349,371
S01012733,163,59,104
S01012734,85,45,40
S01012735,511,241,270
S01012736,1047,489,558
S01012737,999,451,548
S01012738,501,250,251
S01012739,96,28,68
S01012740,65,36,29
S01012741,543,253,290
S01012742,827,267,560
S01012743,821,266,555
S01012744,609,215,394
S01012745,721,283,438
S01012746,880,331,549
S01012747,1005,451,554
S01012748,683,417,266
S01012749,648,392,256
S01012750,609,353,256
S01012751,1132,535,597
S01012752,546,300,246
S01012753,405,243,162
S01012754,765,410,355
S01012755,522,317,205
S01012756,868,410,458
S01012757,432,226,206
S01012758,532,292,240
S01012759,661,387,274
S01012760,764,474,290
S01012761,865,499,366
S01012762,734,319,415
S01012763,572,314,258
S01012764,795,411,384
S01012765,497,260,237
S01012766,620,348,272
S01012767,722,245,477
S01012768,784,250,534
S01012769,410,177,233
S01012770,641,318,323
S01012771,758,409,349
S01012772,953,465,488
S01012773,1026,555,471
S01012774,824,452,372
S01012775,596,308,288
S01012776,762,402,360
S01012777,442,202,240
S01012778,588,348,240
S01012779,497,289,208
S01012780,611,389,222
S01012781,507,198,309
S01012782,735,425,310
S01012783,803,468,335
S01012784,756,418,338
S01012785,663,415,248
S01012786,754,537,217
S01012787,309,201,108
S01012788,827,456,371
S01012789,883,463,420
S01012790,439,155,284
S01012791,810,339,471
S01012792,1020,570,450
S01012793,821,525,296
S01012794,260,170,90
S01012795,944,555,389
S01012796,433,285,148
S01012797,470,278,192
S01012798,719,306,413
S01012799,1005,419,586
S01012800,714,284,430
S01012801,244,108,136
S01012802,517,161,356
S01012803,747,277,470
S01012804,697,375,322
S01012805,855,410,445
S01012806,869,491,378
S01012807,563,208,355
S01012808,750,358,392
S01012809,750,434,316
S01012810,782,501,281
S01012811,749,309,440
S01012812,828,440,388
S01012813,888,282,606
S01012814,636,249,387
S01012815,497,175,322
S01012816,376,207,169
S01012817,242,100,142
S01012818,629,187,442
S01012819,1007,540,467
S01012820,520,245,275
S01012821,324,169,155
S01012822,664,430,234
S01012823,275,108,167
S01012824,725,311,414
S01012825,588,380,208
S01012826,431,262,169
S01012827,316,213,103
S01012828,443,207,236
S01012829,604,363,241
S01012830,573,291,282
S01012831,705,366,339
S01012832,488,256,232
S01012833,850,520,330
S01012834,694,404,290
S01012835,845,486,359
S01012836,50,36,14
S01012837,782,539,243
S01012838,698,528,170
S01012839,636,269,367
S01012840,341,125,216
S01012841,675,235,440
S01012842,877,389,488
S01012843,861,289,572
S01012844,798,277,521
S01012845,799,372,427
S01012846,879,490,389
S01012847,671,264,407
S01012848,490,202,288
S01012849,800,415,385
S01012850,839,443,396
S01012851,889,398,491
S01012852,932,393,539
S01012853,884,369,515
S01012854,880,389,491
S01012855,870,469,401
S01012856,812,466,346
S01012857,1236,735,501
S01012858,760,550,210
S01012859,784,458,326
S01012860,807,436,371
S01012861,560,263,297
S01012862,669,441,228
S01012863,672,494,178
S01012864,654,478,176
S01012865,1032,513,519
S01012866,830,398,432
S01012867,788,459,329
S01012868,685,468,217
S01012869,436,319,117
S01012870,834,381,453
S01012871,829,413,416
S01012872,750,375,375
S01012873,874,426,448
S01012874,750,382,368
S01012875,500,288,212
S01012876,810,429,381
S01012877,679,337,342
S01012878,765,296,469
S01012879,860,333,527
S01012880,899,338,561
S01012881,1166,519,647
S01012882,565,306,259
S01012883,879,572,307
S01012884,537,289,248
S01012885,734,448,286
S01012886,814,286,528
S01012887,649,269,380
S01012888,799,301,498
S01012889,592,328,264
S01012890,559,340,219
S01012891,680,362,318
S01012892,1011,612,399
S01012893,845,501,344
S01012894,197,83,114
S01012895,356,153,203
S01012896,983,524,459
S01012897,536,182,354
S01012898,215,73,142
S01012899,594,369,225
S01012900,729,321,408
S01012901,1079,468,611
S01012902,849,396,453
S01012903,857,441,416
S01012904,838,460,378
S01012905,759,406,353
S01012906,965,495,470
S01012907,953,445,508
S01012908,1005,459,546
S01012909,783,392,391
S01012910,1126,576,550
S01012911,715,305,410
S01012912,967,486,481
S01012913,849,434,415
S01012914,788,395,393
S01012915,532,293,239
S01012916,865,373,492
S01012917,601,199,402
S01012918,774,375,399
S01012919,431,205,226
S01012920,553,172,381
S01012921,630,292,338
S01012922,615,281,334
S01012923,724,311,413
S01012924,538,227,311
S01012925,566,193,373
S01012926,627,304,323
S01012927,652,278,374
S01012928,788,322,466
S01012929,789,309,480
S01012930,771,431,340
S01012931,980,511,469
S01012932,527,185,342
S01012933,740,362,378
S01012934,745,335,410
S01012935,1220,540,680
S01012936,665,338,327
S01012937,728,333,395
S01012938,729,214,515
S01012939,581,122,459
S01012940,697,240,457
S01012941,658,189,469
S01012942,720,345,375
S01012943,693,249,444
S01012944,604,153,451
S01012945,562,175,387
S01012946,565,127,438
S01012947,470,129,341
S01012948,894,291,603
S01012949,670,228,442
S01012950,657,204,453
S01012951,396,121,275
S01012952,489,132,357
S01012953,618,236,382
S01012954,390,110,280
S01012955,482,165,317
S01012956,834,409,425
S01012957,680,289,391
S01012958,458,217,241
S01012959,468,188,280
S01012960,592,238,354
S01012961,816,275,541
S01012962,811,267,544
S01012963,314,94,220
S01012964,223,73,150
S01012965,469,144,325
S01012966,756,300,456
S01012967,845,396,449
S01012968,720,361,359
S01012969,845,427,418
S01012970,759,333,426
S01012971,781,399,382
S01012972,658,339,319
S01012973,786,378,408
S01012974,945,448,497
S01012975,646,339,307
S01012976,599,291,308
S01012977,725,361,364
S01012978,805,409,396
S01012979,604,289,315
S01012980,665,355,310
S01012981,718,392,326
S01012982,691,335,356
S01012983,641,242,399
S01012984,682,338,344
S01012985,771,319,452
S01012986,872,460,412
S01012987,941,485,456
S01012988,956,483,473
S01012989,1013,432,581
S01012990,952,461,491
S01012991,935,490,445
S01012992,888,427,461
S01012993,911,480,431
S01012994,804,437,367
S01012995,691,276,415
S01012996,748,361,387
S01012997,528,270,258
S01012998,783,359,424
S01012999,467,216,251
S01013000,1045,528,517
S01013001,362,113,249
S01013002,595,230,365
S01013003,591,144,447
S01013004,799,243,556
S01013005,624,185,439
S01013006,561,183,378
S01013007,1143,416,727
S01013008,870,295,575
S01013009,575,260,315
S01013010,436,196,240
S01013011,504,153,351
S01013012,702,294,408
S01013013,721,263,458
S01013014,657,293,364
S01013015,583,201,382
S01013016,700,191,509
S01013017,800,297,503
S01013018,855,297,558
S01013019,682,249,433
S01013020,815,331,484
S01013021,637,243,394
S01013022,309,114,195
S01013023,849,247,602
S01013024,515,187,328
S01013025,761,251,510
S01013026,627,344,283
S01013027,1275,653,622
S01013028,422,158,264
S01013029,569,267,302
S01013030,677,331,346
S01013031,542,285,257
S01013032,379,176,203
S01013033,401,217,184
S01013034,663,325,338
S01013035,671,374,297
S01013036,702,342,360
S01013037,971,404,567
S01013038,980,449,531
S01013039,422,99,323
S01013040,561,263,298
S01013041,471,222,249
S01013042,565,273,292
S01013043,637,309,328
S01013044,936,472,464
S01013045,426,188,238
S01013046,605,308,297
S01013047,703,231,472
S01013048,1082,494,588
S01013049,882,346,536
S01013050,773,368,405
S01013051,779,397,382
S01013052,683,324,359
S01013053,882,498,384
S01013054,885,417,468
S01013055,606,343,263
S01013056,1061,547,514
S01013057,851,551,300
S01013058,280,96,184
S01013059,887,394,493
S01013060,451,227,224
S01013061,944,286,658
S01013062,820,349,471
S01013063,723,317,406
S01013064,849,384,465
S01013065,955,463,492
S01013066,646,353,293
S01013067,958,816,142
S01013068,979,717,262
S01013069,727,559,168
S01013070,859,726,133
S01013071,845,765,80
S01013072,644,375,269
S01013073,738,481,257
S01013074,1088,716,372
S01013075,789,530,259
S01013076,595,414,181
S01013077,591,354,237
S01013078,545,299,246
S01013079,357,199,158
S01013080,902,435,467
S01013081,670,272,398
S01013082,1030,433,597
S01013083,1046,652,394
S01013084,834,296,538
S01013085,885,511,374
S01013086,894,506,388
S01013087,1366,925,441
S01013088,754,220,534
S01013089,694,359,335
S01013090,759,457,302
S01013091,331,237,94
S01013092,793,413,380
S01013093,389,136,253
S01013094,629,147,482
S01013095,737,211,526
S01013096,513,264,249
S01013097,764,347,417
S01013098,93,41,52
S01013099,718,374,344
S01013100,835,346,489
S01013101,1405,677,728
S01013102,657,233,424
S01013103,596,166,430
S01013104,898,311,587
S01013105,714,259,455
S01013106,821,382,439
S01013107,731,221,510
S01013108,585,266,319
S01013109,1024,429,595
S01013110,523,233,290
S01013111,491,179,312
S01013112,476,192,284
S01013113,882,398,484
S01013114,1077,475,602
S01013115,846,446,400
S01013116,872,319,553
S01013117,764,376,388
S01013118,988,469,519
S01013119,645,256,389
S01013120,960,406,554
S01013121,364,160,204
S01013122,703,499,204
S01013123,782,506,276
S01013124,999,574,425
S01013125,786,431,355
S01013126,666,434,232
S01013127,726,474,252
S01013128,730,547,183
S01013129,890,546,344
S01013130,777,565,212
S01013131,754,515,239
S01013132,549,371,178
S01013133,682,499,183
S01013134,675,349,326
S01013135,885,569,316
S01013136,1020,546,474
S01013137,866,441,425
S01013138,739,515,224
S01013139,945,581,364
S01013140,957,517,440
S01013141,612,389,223
S01013142,906,575,331
S01013143,841,475,366
S01013144,807,385,422
S01013145,816,405,411
S01013146,485,249,236
S01013147,673,294,379
S01013148,868,431,437
S01013149,637,333,304
S01013150,788,394,394
S01013151,474,231,243
S01013152,1032,516,516
S01013153,688,397,291
S01013154,1140,605,535
S01013155,675,451,224
S01013156,826,554,272
S01013157,813,527,286
S01013158,642,260,382
S01013159,748,292,456
S01013160,902,341,561
S01013161,777,406,371
S01013162,898,533,365
S01013163,706,276,430
S01013164,869,466,403
S01013165,1087,543,544
S01013166,611,431,180
S01013167,889,607,282
S01013168,964,522,442
S01013169,735,408,327
S01013170,974,554,420
S01013171,618,275,343
S01013172,705,298,407
S01013173,675,303,372
S01013174,892,316,576
S01013175,656,241,415
S01013176,924,477,447
S01013177,972,469,503
S01013178,545,273,272
S01013179,964,399,565
S01013180,383,115,268
S01013181,849,323,526
S01013182,717,384,333
S01013183,883,336,547
S01013184,524,337,187
S01013185,875,487,388
S01013186,585,350,235
S01013187,715,431,284
S01013188,840,348,492
S01013189,723,268,455
S01013190,578,306,272
S01013191,603,198,405
S01013192,935,439,496
S01013193,472,263,209
S01013194,855,521,334
S01013195,747,523,224
S01013196,662,413,249
S01013197,552,272,280
S01013198,805,442,363
S01013199,780,423,357
S01013200,919,511,408
S01013201,693,437,256
S01013202,506,255,251
S01013203,832,448,384
S01013204,751,295,456
S01013205,646,385,261
S01013206,851,503,348
S01013207,777,434,343
S01013208,416,267,149
S01013209,846,438,408
S01013210,684,306,378
S01013211,848,420,428
S01013212,597,191,406
S01013213,722,196,526
S01013214,323,99,224
S01013215,648,332,316
S01013216,689,377,312
S01013217,666,311,355
S01013218,635,343,292
S01013219,630,355,275
S01013220,668,347,321
S01013221,845,434,411
S01013222,440,292,148
S01013223,981,625,356
S01013224,969,501,468
S01013225,667,354,313
S01013226,256,129,127
S01013227,425,241,184
S01013228,829,482,347
S01013229,902,496,406
S01013230,855,449,406
S01013231,881,481,400
S01013232,703,382,321
S01013233,524,238,286
S01013234,342,134,208
S01013235,995,508,487
S01013236,960,350,610
S01013237,752,347,405
S01013238,871,548,323
S01013239,819,550,269
S01013240,606,378,228
S01013241,785,273,512
S01013242,588,213,375
S01013243,638,328,310
S01013244,979,562,417
S01013245,696,291,405
S01013246,339,163,176
S01013247,736,415,321
S01013248,605,338,267
S01013249,765,348,417
S01013250,862,321,541
S01013251,617,335,282
S01013252,814,412,402
S01013253,638,266,372
S01013254,702,361,341
S01013255,711,342,369
S01013256,598,270,328
S01013257,829,414,415
S01013258,787,341,446
S01013259,1161,483,678
S01013260,712,352,360
S01013261,944,460,484
S01013262,655,258,397
S01013263,427,112,315
S01013264,203,42,161
S01013265,309,76,233
S01013266,220,86,134
S01013267,607,279,328
S01013268,962,457,505
S01013269,798,241,557
S01013270,490,136,354
S01013271,785,203,582
S01013272,715,157,558
S01013273,344,100,244
S01013274,791,259,532
S01013275,958,363,595
S01013276,756,282,474
S01013277,744,330,414
S01013278,849,502,347
S01013279,672,397,275
S01013280,676,325,351
S01013281,776,374,402
S01013282,596,344,252
S01013283,612,329,283
S01013284,525,211,314
S01013285,584,230,354
S01013286,648,248,400
S01013287,597,161,436
S01013288,631,287,344
S01013289,769,254,515
S01013290,893,372,521
S01013291,837,349,488
S01013292,649,225,424
S01013293,674,207,467
S01013294,681,288,393
S01013295,718,301,417
S01013296,755,379,376
S01013297,859,395,464
S01013298,667,297,370
S01013299,716,352,364
S01013300,646,343,303
S01013301,580,280,300
S01013302,546,211,335
S01013303,1043,455,588
S01013304,777,487,290
S01013305,700,385,315
S01013306,778,546,232
S01013307,865,574,291
S01013308,458,282,176
S01013309,673,293,380
S01013310,535,260,275
S01013311,712,382,330
S01013312,1320,724,596
S01013313,515,264,251
S01013314,734,349,385
S01013315,234,78,156
S01013316,633,223,410
S01013317,579,236,343
S01013318,511,184,327
S01013319,532,201,331
S01013320,408,119,289
S01013321,368,215,153
S01013322,623,292,331
S01013323,681,349,332
S01013324,798,434,364
S01013325,581,352,229
S01013326,743,396,347
S01013327,697,361,336
S01013328,534,274,260
S01013329,459,199,260
S01013330,503,228,275
S01013331,437,205,232
S01013332,697,359,338
S01013333,844,357,487
S01013334,572,286,286
S01013335,709,409,300
S01013336,817,413,404
S01013337,928,353,575
S01013338,302,103,199
S01013339,701,300,401
S01013340,1076,337,739
S01013341,604,190,414
S01013342,718,412,306
S01013343,549,252,297
S01013344,544,308,236
S01013345,721,343,378
S01013346,503,119,384
S01013347,605,274,331
S01013348,357,97,260
S01013349,173,92,81
S01013350,497,276,221
S01013351,651,304,347
S01013352,832,403,429
S01013353,927,522,405
S01013354,630,258,372
S01013355,769,316,453
S01013356,651,345,306
S01013357,412,154,258
S01013358,659,334,325
S01013359,540,270,270
S01013360,593,285,308
S01013361,720,388,332
S01013362,496,230,266
S01013363,860,455,405
S01013364,552,228,324
S01013365,905,444,461
S01013366,470,149,321
S01013367,444,162,282
S01013368,733,320,413
S01013369,698,369,329
S01013370,702,417,285
S01013371,757,317,440
S01013372,819,466,353
S01013373,966,497,469
S01013374,849,486,363
S01013375,569,258,311
S01013376,590,285,305
S01013377,699,340,359
S01013378,733,347,386
S01013379,897,366,531
S01013380,416,186,230
S01013381,599,279,320
S01013382,609,273,336
S01013383,729,383,346
S01013384,994,504,490
S01013385,594,250,344
S01013386,627,201,426
S01013387,594,286,308
S01013388,650,311,339
S01013389,891,400,491
S01013390,495,220,275
S01013391,802,340,462
S01013392,302,121,181
S01013393,832,402,430
S01013394,612,312,300
S01013395,637,433,204
S01013396,264,174,90
S01013397,719,323,396
S01013398,253,72,181
S01013399,410,172,238
S01013400,486,244,242
S01013401,108,35,73
S01013402,63,49,14
S01013403,84,18,66
S01013404,357,140,217
S01013405,586,234,352
S01013406,594,276,318
S01013407,673,279,394
S01013408,632,276,356
S01013409,723,356,367
S01013410,380,220,160
S01013411,626,263,363
S01013412,635,314,321
S01013413,688,326,362
S01013414,593,350,243
S01013415,706,451,255
S01013416,482,270,212
S01013417,640,377,263
S01013418,482,236,246
S01013419,496,166,330
S01013420,665,329,336
S01013421,371,158,213
S01013422,820,358,462
S01013423,705,272,433
S01013424,690,219,471
S01013425,373,184,189
S01013426,725,350,375
S01013427,177,62,115
S01013428,683,347,336
S01013429,1007,495,512
S01013430,632,240,392
S01013431,701,341,360
S01013432,692,284,408
S01013433,606,229,377
S01013434,392,138,254
S01013435,572,144,428
S01013436,718,317,401
S01013437,563,267,296
S01013438,592,336,256
S01013439,767,197,570
S01013440,1010,281,729
S01013441,659,222,437
S01013442,719,262,457
S01013443,408,176,232
S01013444,1033,584,449
S01013445,569,233,336
S01013446,598,225,373
S01013447,347,54,293
S01013448,825,279,546
S01013449,640,194,446
S01013450,663,235,428
S01013451,641,170,471
S01013452,478,197,281
S01013453,741,388,353
S01013454,566,193,373
S01013455,431,216,215
S01013456,904,481,423
S01013457,799,382,417
S01013458,714,348,366
S01013459,821,462,359
S01013460,820,442,378
S01013461,712,392,320
S01013462,725,379,346
S01013463,468,276,192
S01013464,767,313,454
S01013465,732,321,411
S01013466,337,148,189
S01013467,350,155,195
S01013468,578,301,277
S01013469,896,383,513
S01013470,698,390,308
S01013471,794,376,418
S01013472,355,166,189
S01013473,220,100,120
S01013474,381,183,198
S01013475,719,260,459
S01013476,530,193,337
S01013477,831,412,419
S01013478,663,354,309
S01013479,857,496,361
S01013480,563,236,327
S01013481,345,131,214
