"dz_2011","total","single","married"
"S01006506",749,399,350
"S01006507",696,333,363
"S01006508",552,337,215
"S01006509",479,225,254
"S01006510",549,290,259
"S01006511",633,233,400
"S01006512",360,103,257
"S01006513",404,190,214
"S01006514",809,281,528
"S01006515",569,173,396
"S01006516",577,267,310
"S01006517",808,315,493
"S01006518",514,156,358
"S01006519",675,224,451
"S01006520",505,150,355
"S01006521",564,186,378
"S01006522",438,113,325
"S01006523",837,407,430
"S01006524",650,340,310
"S01006525",650,224,426
"S01006526",784,520,264
"S01006527",559,344,215
"S01006528",876,531,345
"S01006529",790,543,247
"S01006530",604,405,199
"S01006531",878,577,301
"S01006532",644,327,317
"S01006533",594,244,350
"S01006534",729,314,415
"S01006535",974,636,338
"S01006536",858,612,246
"S01006537",585,190,395
"S01006538",480,182,298
"S01006539",626,299,327
"S01006540",825,340,485
"S01006541",733,326,407
"S01006542",874,359,515
"S01006543",678,237,441
"S01006544",930,449,481
"S01006545",935,484,451
"S01006546",526,206,320
"S01006547",1076,523,553
"S01006548",618,195,423
"S01006549",699,282,417
"S01006550",821,286,535
"S01006551",366,261,105
"S01006552",753,381,372
"S01006553",726,349,377
"S01006554",615,311,304
"S01006555",656,432,224
"S01006556",707,385,322
"S01006557",581,364,217
"S01006558",650,425,225
"S01006559",426,196,230
"S01006560",847,412,435
"S01006561",615,256,359
"S01006562",608,293,315
"S01006563",671,305,366
"S01006564",891,698,193
"S01006565",953,792,161
"S01006566",684,488,196
"S01006567",789,638,151
"S01006568",876,684,192
"S01006569",495,329,166
"S01006570",657,369,288
"S01006571",748,395,353
"S01006572",718,263,455
"S01006573",566,249,317
"S01006574",809,362,447
"S01006575",768,401,367
"S01006576",525,246,279
"S01006577",682,421,261
"S01006578",1025,799,226
"S01006579",966,774,192
"S01006580",643,461,182
"S01006581",745,323,422
"S01006582",817,678,139
"S01006583",678,586,92
"S01006584",573,463,110
"S01006585",734,571,163
"S01006586",991,817,174
"S01006587",423,350,73
"S01006588",551,460,91
"S01006589",630,533,97
"S01006590",608,496,112
"S01006591",654,489,165
"S01006592",607,435,172
"S01006593",707,518,189
"S01006594",508,371,137
"S01006595",852,635,217
"S01006596",639,400,239
"S01006597",498,441,57
"S01006598",805,369,436
"S01006599",751,540,211
"S01006600",978,603,375
"S01006601",899,592,307
"S01006602",737,374,363
"S01006603",704,443,261
"S01006604",587,295,292
"S01006605",658,440,218
"S01006606",732,355,377
"S01006607",769,421,348
"S01006608",912,352,560
"S01006609",886,506,380
"S01006610",386,230,156
"S01006611",772,441,331
"S01006612",741,354,387
"S01006613",493,213,280
"S01006614",491,199,292
"S01006615",249,89,160
"S01006616",665,335,330
"S01006617",492,236,256
"S01006618",469,202,267
"S01006619",744,355,389
"S01006620",820,380,440
"S01006621",428,202,226
"S01006622",549,265,284
"S01006623",670,429,241
"S01006624",891,652,239
"S01006625",547,298,249
"S01006626",614,435,179
"S01006627",940,705,235
"S01006628",811,593,218
"S01006629",650,428,222
"S01006630",489,307,182
"S01006631",805,561,244
"S01006632",658,467,191
"S01006633",529,330,199
"S01006634",465,336,129
"S01006635",522,278,244
"S01006636",641,435,206
"S01006637",699,503,196
"S01006638",795,652,143
"S01006639",900,753,147
"S01006640",684,562,122
"S01006641",581,475,106
"S01006642",1332,1185,147
"S01006643",709,606,103
"S01006644",915,764,151
"S01006645",577,446,131
"S01006646",1032,939,93
"S01006647",497,372,125
"S01006648",1730,1550,180
"S01006649",1028,847,181
"S01006650",677,545,132
"S01006651",612,477,135
"S01006652",516,431,85
"S01006653",582,387,195
"S01006654",798,607,191
"S01006655",581,418,163
"S01006656",858,670,188
"S01006657",482,381,101
"S01006658",1044,826,218
"S01006659",594,461,133
"S01006660",359,307,52
"S01006661",687,501,186
"S01006662",804,646,158
"S01006663",522,440,82
"S01006664",208,162,46
"S01006665",681,566,115
"S01006666",1220,894,326
"S01006667",653,494,159
"S01006668",858,740,118
"S01006669",1161,947,214
"S01006670",901,777,124
"S01006671",2440,2210,230
"S01006672",685,534,151
"S01006673",689,510,179
"S01006674",800,553,247
"S01006675",530,357,173
"S01006676",606,368,238
"S01006677",621,441,180
"S01006678",935,587,348
"S01006679",581,286,295
"S01006680",668,463,205
"S01006681",765,587,178
"S01006682",662,441,221
"S01006683",697,477,220
"S01006684",605,440,165
"S01006685",638,458,180
"S01006686",521,321,200
"S01006687",719,497,222
"S01006688",851,460,391
"S01006689",546,285,261
"S01006690",533,366,167
"S01006691",497,312,185
"S01006692",669,380,289
"S01006693",834,545,289
"S01006694",735,426,309
"S01006695",608,311,297
"S01006696",695,432,263
"S01006697",772,430,342
"S01006698",608,450,158
"S01006699",410,212,198
"S01006700",754,425,329
"S01006701",554,345,209
"S01006702",553,279,274
"S01006703",522,302,220
"S01006704",481,317,164
"S01006705",693,430,263
"S01006706",495,278,217
"S01006707",477,287,190
"S01006708",689,346,343
"S01006709",760,394,366
"S01006710",753,365,388
"S01006711",708,442,266
"S01006712",351,158,193
"S01006713",704,377,327
"S01006714",505,270,235
"S01006715",439,258,181
"S01006716",580,324,256
"S01006717",901,493,408
"S01006718",519,272,247
"S01006719",724,389,335
"S01006720",477,245,232
"S01006721",778,424,354
"S01006722",507,286,221
"S01006723",665,349,316
"S01006724",687,446,241
"S01006725",489,261,228
"S01006726",985,666,319
"S01006727",784,533,251
"S01006728",588,356,232
"S01006729",639,395,244
"S01006730",579,273,306
"S01006731",482,285,197
"S01006732",828,451,377
"S01006733",646,175,471
"S01006734",756,300,456
"S01006735",778,237,541
"S01006736",772,297,475
"S01006737",462,169,293
"S01006738",714,512,202
"S01006739",529,308,221
"S01006740",637,342,295
"S01006741",596,287,309
"S01006742",388,200,188
"S01006743",481,280,201
"S01006744",524,304,220
"S01006745",707,432,275
"S01006746",712,387,325
"S01006747",728,253,475
"S01006748",772,288,484
"S01006749",773,369,404
"S01006750",627,328,299
"S01006751",314,164,150
"S01006752",596,291,305
"S01006753",779,332,447
"S01006754",808,300,508
"S01006755",696,308,388
"S01006756",731,390,341
"S01006757",830,438,392
"S01006758",599,255,344
"S01006759",377,158,219
"S01006760",340,162,178
"S01006761",629,258,371
"S01006762",811,338,473
"S01006763",481,207,274
"S01006764",665,323,342
"S01006765",500,258,242
"S01006766",505,222,283
"S01006767",591,252,339
"S01006768",507,162,345
"S01006769",720,306,414
"S01006770",640,212,428
"S01006771",200,82,118
"S01006772",728,302,426
"S01006773",782,295,487
"S01006774",540,166,374
"S01006775",549,332,217
"S01006776",371,210,161
"S01006777",553,158,395
"S01006778",566,224,342
"S01006779",603,360,243
"S01006780",480,234,246
"S01006781",607,254,353
"S01006782",624,306,318
"S01006783",585,235,350
"S01006784",452,242,210
"S01006785",495,179,316
"S01006786",548,228,320
"S01006787",693,254,439
"S01006788",755,364,391
"S01006789",470,239,231
"S01006790",681,335,346
"S01006791",446,209,237
"S01006792",583,219,364
"S01006793",478,214,264
"S01006794",499,232,267
"S01006795",430,170,260
"S01006796",508,209,299
"S01006797",703,288,415
"S01006798",636,208,428
"S01006799",627,324,303
"S01006800",544,182,362
"S01006801",796,312,484
"S01006802",556,277,279
"S01006803",571,278,293
"S01006804",578,212,366
"S01006805",894,426,468
"S01006806",849,333,516
"S01006807",484,183,301
"S01006808",507,168,339
"S01006809",656,294,362
"S01006810",704,305,399
"S01006811",841,316,525
"S01006812",601,254,347
"S01006813",460,243,217
"S01006814",568,226,342
"S01006815",485,277,208
"S01006816",586,247,339
"S01006817",651,286,365
"S01006818",580,203,377
"S01006819",946,318,628
"S01006820",383,153,230
"S01006821",840,329,511
"S01006822",1426,595,831
"S01006823",613,287,326
"S01006824",652,426,226
"S01006825",678,290,388
"S01006826",785,310,475
"S01006827",644,379,265
"S01006828",851,477,374
"S01006830",627,297,330
"S01006831",452,140,312
"S01006832",953,410,543
"S01006833",373,128,245
"S01006835",623,385,238
"S01006837",396,144,252
"S01006838",510,200,310
"S01006839",864,389,475
"S01006840",537,156,381
"S01006841",729,311,418
"S01006842",680,253,427
"S01006843",669,258,411
"S01006844",587,319,268
"S01006845",678,318,360
"S01006846",474,211,263
"S01006847",583,245,338
"S01006848",1186,503,683
"S01006849",301,149,152
"S01006850",767,396,371
"S01006851",651,323,328
"S01006852",492,192,300
"S01006853",666,255,411
"S01006854",370,117,253
"S01006855",679,228,451
"S01006856",518,181,337
"S01006857",1089,421,668
"S01006858",518,170,348
"S01006859",805,293,512
"S01006860",465,238,227
"S01006861",534,160,374
"S01006862",575,239,336
"S01006863",439,227,212
"S01006865",672,321,351
"S01006866",455,151,304
"S01006867",562,196,366
"S01006868",580,283,297
"S01006869",475,196,279
"S01006870",397,153,244
"S01006871",501,202,299
"S01006872",1029,384,645
"S01006873",1019,402,617
"S01006874",490,204,286
"S01006875",242,118,124
"S01006876",795,336,459
"S01006877",780,323,457
"S01006878",587,264,323
"S01006879",986,454,532
"S01006880",470,154,316
"S01006881",461,149,312
"S01006882",173,84,89
"S01006883",381,179,202
"S01006884",650,320,330
"S01006885",553,212,341
"S01006886",617,228,389
"S01006887",569,204,365
"S01006888",624,243,381
"S01006889",659,326,333
"S01006890",521,199,322
"S01006891",511,243,268
"S01006892",393,210,183
"S01006893",244,118,126
"S01006894",820,367,453
"S01006895",450,289,161
"S01006896",681,319,362
"S01006897",604,277,327
"S01006898",613,295,318
"S01006899",490,209,281
"S01006900",504,232,272
"S01006901",517,290,227
"S01006902",540,253,287
"S01006903",672,375,297
"S01006904",604,352,252
"S01006905",763,337,426
"S01006906",732,395,337
"S01006907",469,285,184
"S01006908",713,449,264
"S01006910",1260,538,722
"S01006912",664,248,416
"S01006913",1193,463,730
"S01006914",590,203,387
"S01006915",640,221,419
"S01006916",116,43,73
"S01006917",964,319,645
"S01006918",282,102,180
"S01006919",313,99,214
"S01006920",158,61,97
"S01006921",414,122,292
"S01006922",248,88,160
"S01006923",941,332,609
"S01006924",798,394,404
"S01006925",515,187,328
"S01006926",98,26,72
"S01006928",1885,715,1170
"S01006929",647,204,443
"S01006930",762,261,501
"S01006931",1381,563,818
"S01006932",536,224,312
"S01006933",481,171,310
"S01006934",527,244,283
"S01006935",598,217,381
"S01006936",475,208,267
"S01006937",613,276,337
"S01006938",456,208,248
"S01006939",409,138,271
"S01006940",787,327,460
"S01006941",536,240,296
"S01006942",842,297,545
"S01006945",427,138,289
"S01006946",789,345,444
"S01006947",378,155,223
"S01006948",732,291,441
"S01006949",505,158,347
"S01006951",384,162,222
"S01006952",656,272,384
"S01006953",663,251,412
"S01006954",978,361,617
"S01006955",705,335,370
"S01006956",303,123,180
"S01006957",1229,523,706
"S01006958",668,255,413
"S01006959",625,366,259
"S01006960",66,24,42
"S01006962",794,323,471
"S01006963",447,186,261
"S01006964",503,266,237
"S01006965",414,209,205
"S01006966",489,275,214
"S01006967",566,223,343
"S01006968",375,157,218
"S01006969",826,383,443
"S01006970",530,171,359
"S01006971",342,204,138
"S01006972",422,172,250
"S01006973",652,244,408
"S01006974",623,237,386
"S01006975",777,317,460
"S01006976",530,188,342
"S01006977",2265,820,1445
"S01006978",718,297,421
"S01006979",609,254,355
"S01006980",777,285,492
"S01006981",649,266,383
"S01006982",683,300,383
"S01006983",581,241,340
"S01006984",670,257,413
"S01006985",839,362,477
"S01006986",514,243,271
"S01006987",546,237,309
"S01006988",455,190,265
"S01006989",663,220,443
"S01006990",657,223,434
"S01006991",371,195,176
"S01006992",501,163,338
"S01006993",433,161,272
"S01006994",495,215,280
"S01006995",1054,443,611
"S01006996",354,138,216
"S01006997",603,216,387
"S01006998",988,423,565
"S01006999",724,278,446
"S01007000",677,289,388
"S01007001",775,348,427
"S01007002",564,258,306
"S01007003",425,162,263
"S01007004",588,235,353
"S01007005",729,246,483
"S01007006",735,299,436
"S01007007",672,252,420
"S01007008",756,429,327
"S01007009",874,476,398
"S01007010",720,355,365
"S01007011",730,457,273
"S01007012",571,317,254
"S01007013",975,426,549
"S01007014",930,383,547
"S01007015",505,186,319
"S01007016",478,168,310
"S01007017",705,369,336
"S01007018",793,273,520
"S01007019",574,273,301
"S01007020",565,304,261
"S01007021",652,333,319
"S01007022",106,36,70
"S01007023",624,264,360
"S01007024",877,334,543
"S01007025",507,281,226
"S01007026",681,357,324
"S01007027",802,357,445
"S01007028",853,328,525
"S01007029",595,239,356
"S01007030",582,273,309
"S01007031",461,227,234
"S01007032",932,521,411
"S01007033",603,315,288
"S01007034",395,232,163
"S01007035",652,348,304
"S01007036",630,276,354
"S01007037",746,388,358
"S01007038",775,423,352
"S01007039",581,251,330
"S01007040",537,284,253
"S01007041",343,186,157
"S01007042",324,157,167
"S01007043",1146,478,668
"S01007044",453,176,277
"S01007045",811,319,492
"S01007046",509,229,280
"S01007047",615,223,392
"S01007048",1049,438,611
"S01007049",702,343,359
"S01007050",384,186,198
"S01007051",614,292,322
"S01007052",473,197,276
"S01007053",310,118,192
"S01007054",671,325,346
"S01007055",554,234,320
"S01007056",783,331,452
"S01007057",315,101,214
"S01007058",502,246,256
"S01007059",857,408,449
"S01007060",441,235,206
"S01007061",739,276,463
"S01007062",565,203,362
"S01007063",498,198,300
"S01007064",579,210,369
"S01007065",600,232,368
"S01007066",925,411,514
"S01007067",489,231,258
"S01007068",464,217,247
"S01007069",717,335,382
"S01007070",356,178,178
"S01007071",335,136,199
"S01007072",513,191,322
"S01007073",870,422,448
"S01007074",502,250,252
"S01007075",439,233,206
"S01007076",745,340,405
"S01007077",594,251,343
"S01007078",717,371,346
"S01007079",858,506,352
"S01007080",749,386,363
"S01007081",734,441,293
"S01007082",439,265,174
"S01007083",714,467,247
"S01007084",637,325,312
"S01007085",759,462,297
"S01007086",979,693,286
"S01007087",531,327,204
"S01007088",437,288,149
"S01007089",1315,546,769
"S01007090",451,231,220
"S01007092",537,285,252
"S01007093",853,319,534
"S01007094",759,268,491
"S01007095",591,251,340
"S01007096",645,255,390
"S01007097",396,141,255
"S01007098",335,124,211
"S01007099",694,260,434
"S01007100",601,247,354
"S01007101",496,255,241
"S01007102",800,325,475
"S01007103",445,186,259
"S01007104",964,386,578
"S01007105",369,164,205
"S01007106",499,231,268
"S01007107",404,138,266
"S01007108",1157,471,686
"S01007109",372,185,187
"S01007110",526,250,276
"S01007111",382,146,236
"S01007112",539,178,361
"S01007113",424,209,215
"S01007114",745,319,426
"S01007115",523,213,310
"S01007116",453,143,310
"S01007117",398,124,274
"S01007118",531,331,200
"S01007119",658,348,310
"S01007120",773,430,343
"S01007121",466,299,167
"S01007122",506,267,239
"S01007123",566,302,264
"S01007124",749,355,394
"S01007125",810,419,391
"S01007126",723,454,269
"S01007127",695,446,249
"S01007128",696,388,308
"S01007129",739,249,490
"S01007130",530,242,288
"S01007131",655,257,398
"S01007132",590,213,377
"S01007133",554,214,340
"S01007134",611,265,346
"S01007135",437,179,258
"S01007136",403,113,290
"S01007137",267,77,190
"S01007138",729,247,482
"S01007139",627,223,404
"S01007140",826,317,509
"S01007141",994,371,623
"S01007144",1537,599,938
"S01007145",773,312,461
"S01007146",703,313,390
"S01007147",510,176,334
"S01007148",444,149,295
"S01007149",589,185,404
"S01007150",697,290,407
"S01007151",597,240,357
"S01007152",569,246,323
"S01007153",526,199,327
"S01007154",712,419,293
"S01007155",448,204,244
"S01007156",487,228,259
"S01007157",384,184,200
"S01007158",740,306,434
"S01007159",687,420,267
"S01007160",552,314,238
"S01007161",576,287,289
"S01007162",422,275,147
"S01007163",745,326,419
"S01007164",503,231,272
"S01007165",707,308,399
"S01007166",562,245,317
"S01007167",688,266,422
"S01007168",842,291,551
"S01007169",503,219,284
"S01007170",542,214,328
"S01007171",686,334,352
"S01007172",997,374,623
"S01007173",430,157,273
"S01007174",681,327,354
"S01007175",548,212,336
"S01007176",557,233,324
"S01007177",508,292,216
"S01007178",837,527,310
"S01007179",870,327,543
"S01007180",634,236,398
"S01007181",704,319,385
"S01007182",907,509,398
"S01007183",939,534,405
"S01007184",916,652,264
"S01007185",636,447,189
"S01007186",494,379,115
"S01007187",707,490,217
"S01007188",515,328,187
"S01007189",710,444,266
"S01007190",711,284,427
"S01007191",511,278,233
"S01007192",501,308,193
"S01007193",608,331,277
"S01007194",463,304,159
"S01007195",436,239,197
"S01007196",540,329,211
"S01007197",532,370,162
"S01007198",327,205,122
"S01007199",601,386,215
"S01007200",715,398,317
"S01007201",625,312,313
"S01007202",619,326,293
"S01007203",518,216,302
"S01007204",825,369,456
"S01007205",583,238,345
"S01007206",257,149,108
"S01007207",828,409,419
"S01007208",907,633,274
"S01007209",648,425,223
"S01007210",529,358,171
"S01007211",607,379,228
"S01007212",654,366,288
"S01007213",723,386,337
"S01007214",656,444,212
"S01007215",739,441,298
"S01007216",616,302,314
"S01007217",979,537,442
"S01007218",530,160,370
"S01007219",675,357,318
"S01007220",556,291,265
"S01007221",467,170,297
"S01007222",640,270,370
"S01007223",416,148,268
"S01007224",491,203,288
"S01007225",779,304,475
"S01007226",695,298,397
"S01007227",714,332,382
"S01007228",517,224,293
"S01007229",915,348,567
"S01007230",588,369,219
"S01007231",576,378,198
"S01007232",601,399,202
"S01007233",647,323,324
"S01007234",505,267,238
"S01007235",659,404,255
"S01007236",521,310,211
"S01007237",608,292,316
"S01007238",778,355,423
"S01007239",745,325,420
"S01007240",463,203,260
"S01007241",547,208,339
"S01007242",833,346,487
"S01007243",504,207,297
"S01007244",620,213,407
"S01007245",583,271,312
"S01007246",719,278,441
"S01007247",530,199,331
"S01007248",511,165,346
"S01007249",371,159,212
"S01007250",716,428,288
"S01007251",422,225,197
"S01007252",627,293,334
"S01007253",588,215,373
"S01007254",679,416,263
"S01007255",613,376,237
"S01007256",647,397,250
"S01007257",486,310,176
"S01007258",622,329,293
"S01007259",833,527,306
"S01007260",719,443,276
"S01007261",683,271,412
"S01007262",585,303,282
"S01007263",653,318,335
"S01007264",663,295,368
"S01007265",902,504,398
"S01007266",569,284,285
"S01007267",439,163,276
"S01007268",496,206,290
"S01007269",440,165,275
"S01007270",498,242,256
"S01007271",694,326,368
"S01007272",814,489,325
"S01007273",547,265,282
"S01007274",717,458,259
"S01007275",499,212,287
"S01007276",678,314,364
"S01007277",523,185,338
"S01007278",449,161,288
"S01007279",466,187,279
"S01007280",445,198,247
"S01007281",805,389,416
"S01007282",436,204,232
"S01007283",866,338,528
"S01007284",702,360,342
"S01007285",771,341,430
"S01007286",740,396,344
"S01007287",450,237,213
"S01007288",373,159,214
"S01007289",674,266,408
"S01007290",574,327,247
"S01007291",450,273,177
"S01007292",632,272,360
"S01007293",577,372,205
"S01007294",650,351,299
"S01007295",432,353,79
"S01007296",519,413,106
"S01007297",783,444,339
"S01007298",437,249,188
"S01007299",733,472,261
"S01007300",411,253,158
"S01007301",498,182,316
"S01007302",512,259,253
"S01007303",779,348,431
"S01007304",584,240,344
"S01007305",608,230,378
"S01007306",612,272,340
"S01007307",746,337,409
"S01007308",686,337,349
"S01007309",550,249,301
"S01007310",628,256,372
"S01007311",653,350,303
"S01007312",626,248,378
"S01007313",826,332,494
"S01007314",528,241,287
"S01007315",651,334,317
"S01007316",733,453,280
"S01007317",530,283,247
"S01007318",475,233,242
"S01007319",632,332,300
"S01007320",640,274,366
"S01007321",528,200,328
"S01007322",634,367,267
"S01007323",394,203,191
"S01007324",290,140,150
"S01007325",685,328,357
"S01007326",1011,507,504
"S01007327",532,309,223
"S01007328",486,251,235
"S01007329",568,255,313
"S01007330",753,307,446
"S01007331",941,459,482
"S01007332",340,142,198
"S01007333",625,310,315
"S01007334",591,398,193
"S01007335",588,329,259
"S01007336",330,234,96
"S01007337",456,279,177
"S01007338",606,288,318
"S01007339",586,283,303
"S01007340",404,225,179
"S01007341",654,292,362
"S01007342",724,290,434
"S01007343",614,235,379
"S01007344",265,143,122
"S01007345",415,306,109
"S01007346",610,448,162
"S01007347",543,342,201
"S01007348",491,291,200
"S01007349",340,169,171
"S01007350",506,310,196
"S01007351",592,267,325
"S01007352",442,171,271
"S01007353",716,291,425
"S01007354",655,290,365
"S01007355",1789,848,941
"S01007356",625,259,366
"S01007357",681,300,381
"S01007358",765,367,398
"S01007359",83,50,33
"S01007360",481,188,293
"S01007361",884,446,438
"S01007362",659,325,334
"S01007363",608,273,335
"S01007364",687,462,225
"S01007365",310,178,132
"S01007366",398,257,141
"S01007367",474,278,196
"S01007368",243,141,102
"S01007369",521,288,233
"S01007370",640,435,205
"S01007371",563,299,264
"S01007372",633,292,341
"S01007373",536,212,324
"S01007374",435,185,250
"S01007375",406,173,233
"S01007376",688,391,297
"S01007377",553,192,361
"S01007378",1367,1054,313
"S01007379",405,213,192
"S01007380",448,222,226
"S01007381",316,108,208
"S01007382",534,238,296
"S01007383",637,260,377
"S01007384",611,256,355
"S01007385",729,336,393
"S01007386",684,217,467
"S01007387",664,195,469
"S01007388",572,188,384
"S01007389",459,183,276
"S01007390",292,144,148
"S01007391",563,174,389
"S01007392",337,131,206
"S01007393",722,368,354
"S01007394",559,286,273
"S01007395",657,476,181
"S01007396",691,478,213
"S01007397",794,353,441
"S01007398",634,419,215
"S01007399",384,274,110
"S01007400",605,310,295
"S01007401",570,255,315
"S01007402",521,209,312
"S01007403",551,148,403
"S01007404",478,204,274
"S01007405",550,210,340
"S01007406",521,177,344
"S01007407",598,235,363
"S01007408",484,244,240
"S01007409",546,272,274
"S01007410",541,319,222
"S01007411",699,465,234
"S01007412",396,205,191
"S01007413",721,310,411
"S01007414",525,182,343
"S01007415",677,360,317
"S01007416",423,261,162
"S01007418",295,161,134
"S01007419",628,393,235
"S01007420",3412,1678,1734
"S01007421",173,115,58
"S01007422",492,268,224
"S01007423",326,184,142
"S01007424",577,205,372
"S01007425",786,333,453
"S01007426",481,287,194
"S01007427",550,290,260
"S01007428",749,440,309
"S01007429",601,331,270
"S01007430",395,184,211
"S01007431",478,183,295
"S01007432",708,332,376
"S01007433",659,265,394
"S01007434",402,268,134
"S01007435",574,326,248
"S01007436",543,384,159
"S01007437",370,242,128
"S01007438",572,297,275
"S01007439",600,284,316
"S01007440",539,268,271
"S01007441",462,141,321
"S01007442",418,134,284
"S01007443",758,326,432
"S01007444",773,298,475
"S01007445",505,161,344
"S01007446",422,143,279
"S01007447",411,114,297
"S01007448",736,285,451
"S01007449",729,373,356
"S01007450",588,359,229
"S01007451",524,241,283
"S01007452",974,461,513
"S01007454",418,201,217
"S01007455",677,408,269
"S01007456",702,465,237
"S01007457",870,445,425
"S01007458",334,131,203
"S01007459",660,284,376
"S01007460",619,313,306
"S01007461",568,401,167
"S01007462",661,398,263
"S01007463",721,480,241
"S01007464",548,311,237
"S01007465",594,417,177
"S01007466",783,590,193
"S01007467",824,494,330
"S01007468",607,249,358
"S01007469",465,236,229
"S01007470",572,355,217
"S01007471",269,116,153
"S01007472",571,349,222
"S01007473",370,209,161
"S01007474",257,71,186
"S01007475",219,101,118
"S01007476",739,313,426
"S01007477",437,213,224
"S01007478",751,420,331
"S01007479",263,165,98
"S01007480",344,180,164
"S01007481",638,232,406
"S01007482",327,193,134
"S01007483",629,336,293
"S01007484",551,325,226
"S01007485",359,257,102
"S01007486",382,280,102
"S01007487",763,528,235
"S01007488",838,473,365
"S01007489",639,312,327
"S01007490",757,392,365
"S01007491",772,443,329
"S01007492",597,291,306
"S01007493",677,339,338
"S01007494",448,181,267
"S01007495",779,276,503
"S01007496",996,456,540
"S01007497",481,206,275
"S01007498",823,391,432
"S01007499",687,308,379
"S01007500",516,230,286
"S01007501",598,216,382
"S01007502",433,188,245
"S01007503",870,365,505
"S01007504",588,290,298
"S01007505",432,215,217
"S01007506",426,160,266
"S01007507",793,397,396
"S01007508",604,265,339
"S01007509",528,215,313
"S01007510",862,369,493
"S01007511",675,381,294
"S01007512",370,163,207
"S01007513",753,430,323
"S01007514",445,246,199
"S01007515",519,206,313
"S01007516",475,278,197
"S01007517",343,169,174
"S01007518",699,355,344
"S01007519",489,184,305
"S01007520",810,353,457
"S01007521",501,209,292
"S01007522",747,391,356
"S01007523",457,221,236
"S01007524",818,334,484
"S01007525",465,198,267
"S01007526",633,377,256
"S01007527",679,291,388
"S01007528",633,361,272
"S01007529",582,209,373
"S01007530",446,177,269
"S01007531",581,263,318
"S01007532",480,206,274
"S01007533",838,438,400
"S01007534",645,330,315
"S01007535",602,279,323
"S01007536",783,435,348
"S01007537",758,394,364
"S01007538",946,420,526
"S01007539",584,218,366
"S01007540",722,366,356
"S01007541",743,345,398
"S01007542",641,368,273
"S01007543",869,466,403
"S01007544",1072,428,644
"S01007545",903,381,522
"S01007546",458,141,317
"S01007547",459,206,253
"S01007548",357,164,193
"S01007549",519,215,304
"S01007550",789,341,448
"S01007551",766,313,453
"S01007552",787,408,379
"S01007553",659,318,341
"S01007554",371,210,161
"S01007555",446,187,259
"S01007556",439,245,194
"S01007557",899,453,446
"S01007558",366,142,224
"S01007559",806,373,433
"S01007560",601,294,307
"S01007561",484,264,220
"S01007562",771,338,433
"S01007563",646,276,370
"S01007564",652,271,381
"S01007565",930,383,547
"S01007566",603,234,369
"S01007567",607,212,395
"S01007568",550,224,326
"S01007569",1054,436,618
"S01007570",657,274,383
"S01007571",465,187,278
"S01007572",1434,641,793
"S01007574",879,503,376
"S01007575",614,405,209
"S01007576",542,402,140
"S01007577",468,331,137
"S01007578",540,366,174
"S01007579",495,346,149
"S01007580",638,415,223
"S01007581",392,234,158
"S01007582",533,326,207
"S01007583",833,592,241
"S01007584",493,297,196
"S01007585",811,362,449
"S01007586",670,396,274
"S01007587",732,418,314
"S01007588",582,254,328
"S01007589",679,421,258
"S01007590",539,211,328
"S01007591",490,278,212
"S01007592",689,434,255
"S01007593",922,416,506
"S01007594",841,338,503
"S01007595",901,386,515
"S01007596",341,157,184
"S01007597",529,206,323
"S01007598",551,223,328
"S01007599",697,334,363
"S01007600",843,464,379
"S01007601",526,288,238
"S01007602",528,225,303
"S01007603",646,235,411
"S01007604",760,280,480
"S01007605",806,331,475
"S01007606",429,235,194
"S01007607",590,211,379
"S01007608",640,278,362
"S01007609",738,461,277
"S01007610",450,305,145
"S01007611",795,561,234
"S01007612",938,708,230
"S01007613",714,391,323
"S01007614",364,118,246
"S01007615",831,436,395
"S01007616",551,367,184
"S01007617",441,229,212
"S01007618",517,277,240
"S01007619",518,270,248
"S01007620",507,210,297
"S01007621",558,233,325
"S01007622",394,229,165
"S01007623",510,191,319
"S01007624",539,237,302
"S01007625",431,197,234
"S01007626",377,175,202
"S01007627",554,277,277
"S01007628",605,221,384
"S01007629",578,217,361
"S01007630",696,290,406
"S01007631",518,184,334
"S01007632",721,340,381
"S01007633",822,371,451
"S01007634",567,245,322
"S01007635",649,263,386
"S01007636",743,435,308
"S01007637",703,387,316
"S01007638",653,362,291
"S01007639",846,458,388
"S01007640",600,252,348
"S01007641",679,318,361
"S01007642",718,357,361
"S01007643",761,369,392
"S01007644",558,272,286
"S01007645",589,205,384
"S01007646",534,257,277
"S01007647",636,311,325
"S01007648",727,370,357
"S01007649",620,294,326
"S01007650",827,354,473
"S01007651",578,242,336
"S01007652",400,185,215
"S01007653",758,346,412
"S01007654",907,437,470
"S01007655",663,269,394
"S01007656",716,286,430
"S01007657",360,156,204
"S01007658",429,200,229
"S01007659",757,365,392
"S01007660",488,287,201
"S01007661",564,320,244
"S01007662",775,446,329
"S01007663",725,327,398
"S01007664",485,292,193
"S01007665",502,272,230
"S01007666",198,79,119
"S01007667",586,209,377
"S01007668",879,509,370
"S01007669",480,298,182
"S01007670",539,324,215
"S01007671",840,330,510
"S01007672",770,250,520
"S01007673",586,247,339
"S01007674",665,329,336
"S01007675",525,178,347
"S01007676",660,252,408
"S01007677",325,143,182
"S01007678",668,372,296
"S01007679",683,372,311
"S01007680",783,298,485
"S01007681",365,185,180
"S01007682",982,454,528
"S01007683",584,275,309
"S01007684",694,258,436
"S01007685",801,475,326
"S01007686",774,488,286
"S01007687",740,520,220
"S01007688",896,747,149
"S01007689",559,451,108
"S01007690",822,702,120
"S01007691",3065,2877,188
"S01007692",568,491,77
"S01007693",931,870,61
"S01007694",1011,902,109
"S01007695",894,684,210
"S01007696",719,615,104
"S01007697",886,686,200
"S01007698",984,832,152
"S01007699",691,561,130
"S01007700",858,465,393
"S01007701",410,367,43
"S01007702",963,873,90
"S01007703",696,457,239
"S01007704",799,682,117
"S01007705",822,788,34
"S01007706",584,555,29
"S01007707",1131,902,229
"S01007708",550,431,119
"S01007709",530,441,89
"S01007710",376,315,61
"S01007711",980,798,182
"S01007712",631,525,106
"S01007713",417,303,114
"S01007714",547,345,202
"S01007715",434,324,110
"S01007716",943,762,181
"S01007717",840,656,184
"S01007718",576,453,123
"S01007719",880,701,179
"S01007720",647,406,241
"S01007721",646,483,163
"S01007722",733,559,174
"S01007723",851,648,203
"S01007724",528,420,108
"S01007725",690,568,122
"S01007726",677,510,167
"S01007727",876,717,159
"S01007728",684,555,129
"S01007729",664,511,153
"S01007730",674,554,120
"S01007731",490,369,121
"S01007732",719,567,152
"S01007733",685,310,375
"S01007734",725,310,415
"S01007735",716,316,400
"S01007736",618,308,310
"S01007737",887,529,358
"S01007738",626,308,318
"S01007739",436,269,167
"S01007740",572,336,236
"S01007741",583,355,228
"S01007742",552,339,213
"S01007743",724,487,237
"S01007744",617,431,186
"S01007745",583,444,139
"S01007746",720,438,282
"S01007747",417,257,160
"S01007748",543,406,137
"S01007749",583,207,376
"S01007750",593,250,343
"S01007751",803,331,472
"S01007752",658,329,329
"S01007753",416,271,145
"S01007754",690,471,219
"S01007755",676,435,241
"S01007756",481,301,180
"S01007757",718,257,461
"S01007758",791,341,450
"S01007759",869,629,240
"S01007760",611,244,367
"S01007761",727,304,423
"S01007762",729,482,247
"S01007763",483,299,184
"S01007764",634,264,370
"S01007765",568,209,359
"S01007766",557,218,339
"S01007767",889,348,541
"S01007768",572,342,230
"S01007769",641,249,392
"S01007770",613,240,373
"S01007771",450,150,300
"S01007772",846,534,312
"S01007773",642,209,433
"S01007774",515,254,261
"S01007775",393,164,229
"S01007776",561,229,332
"S01007777",297,129,168
"S01007778",1274,464,810
"S01007779",608,273,335
"S01007780",649,320,329
"S01007781",736,368,368
"S01007782",300,189,111
"S01007783",637,412,225
"S01007784",687,415,272
"S01007785",357,281,76
"S01007786",612,340,272
"S01007787",522,282,240
"S01007788",407,307,100
"S01007789",518,357,161
"S01007790",560,425,135
"S01007791",755,341,414
"S01007792",709,376,333
"S01007793",724,502,222
"S01007794",448,249,199
"S01007795",458,258,200
"S01007796",603,355,248
"S01007797",406,270,136
"S01007798",494,249,245
"S01007800",720,472,248
"S01007801",799,615,184
"S01007802",403,200,203
"S01007803",913,662,251
"S01007804",452,335,117
"S01007805",366,266,100
"S01007806",520,293,227
"S01007807",548,258,290
"S01007808",635,367,268
"S01007809",790,332,458
"S01007810",690,414,276
"S01007811",638,393,245
"S01007812",589,395,194
"S01007813",580,362,218
"S01007814",468,251,217
"S01007815",808,374,434
"S01007816",558,228,330
"S01007817",393,204,189
"S01007818",701,312,389
"S01007819",581,303,278
"S01007820",808,444,364
"S01007821",469,248,221
"S01007822",634,285,349
"S01007823",611,303,308
"S01007824",632,314,318
"S01007825",876,418,458
"S01007826",465,317,148
"S01007827",495,313,182
"S01007828",889,674,215
"S01007829",539,333,206
"S01007830",818,573,245
"S01007831",799,565,234
"S01007832",551,382,169
"S01007833",731,399,332
"S01007834",625,467,158
"S01007835",580,328,252
"S01007836",468,261,207
"S01007837",695,275,420
"S01007838",738,323,415
"S01007839",870,515,355
"S01007840",647,442,205
"S01007841",566,359,207
"S01007842",575,439,136
"S01007843",578,407,171
"S01007844",773,571,202
"S01007845",669,464,205
"S01007846",576,344,232
"S01007847",737,485,252
"S01007848",643,510,133
"S01007849",688,437,251
"S01007850",615,383,232
"S01007851",811,449,362
"S01007852",540,379,161
"S01007853",576,442,134
"S01007854",787,580,207
"S01007855",532,430,102
"S01007856",674,374,300
"S01007857",384,278,106
"S01007858",879,609,270
"S01007859",834,543,291
"S01007861",533,292,241
"S01007862",575,333,242
"S01007863",676,494,182
"S01007864",771,474,297
"S01007866",450,187,263
"S01007867",898,360,538
"S01007868",758,285,473
"S01007869",453,213,240
"S01007870",458,213,245
"S01007871",524,304,220
"S01007872",558,371,187
"S01007873",598,346,252
"S01007874",638,365,273
"S01007875",442,252,190
"S01007876",657,315,342
"S01007877",642,332,310
"S01007878",397,237,160
"S01007879",588,318,270
"S01007880",618,311,307
"S01007881",532,277,255
"S01007882",1087,384,703
"S01007883",622,351,271
"S01007884",514,264,250
"S01007885",613,377,236
"S01007886",742,413,329
"S01007887",531,243,288
"S01007888",829,490,339
"S01007889",443,236,207
"S01007890",450,203,247
"S01007891",556,271,285
"S01007892",369,114,255
"S01007893",1133,512,621
"S01007894",761,388,373
"S01007895",462,212,250
"S01007896",585,356,229
"S01007897",1024,454,570
"S01007898",658,273,385
"S01007899",423,183,240
"S01007900",336,193,143
"S01007901",576,314,262
"S01007902",732,444,288
"S01007903",563,292,271
"S01007904",697,292,405
"S01007905",547,317,230
"S01007906",625,374,251
"S01007907",475,235,240
"S01007908",501,233,268
"S01007909",312,164,148
"S01007910",695,426,269
"S01007911",364,204,160
"S01007912",662,338,324
"S01007913",509,315,194
"S01007914",517,302,215
"S01007915",686,391,295
"S01007916",704,373,331
"S01007917",731,375,356
"S01007918",794,471,323
"S01007919",584,194,390
"S01007920",493,192,301
"S01007921",776,491,285
"S01007922",718,458,260
"S01007923",687,305,382
"S01007924",731,444,287
"S01007925",697,286,411
"S01007926",671,237,434
"S01007927",525,215,310
"S01007928",850,387,463
"S01007929",906,298,608
"S01007930",573,196,377
"S01007931",912,377,535
"S01007932",725,260,465
"S01007933",590,283,307
"S01007934",561,274,287
"S01007935",678,452,226
"S01007936",706,261,445
"S01007937",702,317,385
"S01007938",632,386,246
"S01007939",713,427,286
"S01007940",796,408,388
"S01007941",341,118,223
"S01007942",362,182,180
"S01007943",490,223,267
"S01007944",699,347,352
"S01007945",723,403,320
"S01007946",663,417,246
"S01007947",618,273,345
"S01007948",526,310,216
"S01007949",654,283,371
"S01007950",630,248,382
"S01007951",667,355,312
"S01007952",543,361,182
"S01007953",763,414,349
"S01007954",538,330,208
"S01007955",490,298,192
"S01007956",577,353,224
"S01007957",845,455,390
"S01007958",740,485,255
"S01007959",640,288,352
"S01007960",510,301,209
"S01007961",1548,933,615
"S01007962",443,246,197
"S01007963",702,513,189
"S01007964",643,393,250
"S01007965",456,275,181
"S01007966",733,464,269
"S01007967",464,280,184
"S01007968",741,383,358
"S01007969",557,317,240
"S01007970",707,407,300
"S01007971",796,481,315
"S01007972",705,379,326
"S01007973",724,259,465
"S01007974",747,523,224
"S01007975",513,301,212
"S01007976",645,454,191
"S01007977",558,314,244
"S01007978",505,391,114
"S01007979",707,337,370
"S01007980",611,329,282
"S01007981",488,169,319
"S01007982",439,154,285
"S01007983",649,389,260
"S01007984",604,274,330
"S01007985",744,432,312
"S01007986",552,259,293
"S01007987",526,253,273
"S01007988",667,345,322
"S01007989",446,268,178
"S01007990",788,424,364
"S01007991",715,258,457
"S01007992",494,184,310
"S01007993",583,222,361
"S01007994",457,147,310
"S01007995",483,155,328
"S01007996",405,149,256
"S01007997",472,179,293
"S01007998",451,206,245
"S01007999",664,387,277
"S01008000",733,476,257
"S01008001",656,445,211
"S01008002",530,383,147
"S01008003",533,332,201
"S01008004",89,54,35
"S01008006",563,424,139
"S01008007",336,251,85
"S01008008",459,316,143
"S01008009",590,431,159
"S01008010",747,485,262
"S01008011",612,482,130
"S01008012",701,525,176
"S01008013",620,427,193
"S01008014",545,269,276
"S01008015",663,465,198
"S01008016",689,442,247
"S01008017",787,300,487
"S01008018",454,211,243
"S01008019",620,276,344
"S01008020",524,320,204
"S01008021",601,202,399
"S01008022",605,223,382
"S01008023",357,126,231
"S01008024",674,233,441
"S01008025",583,221,362
"S01008026",727,395,332
"S01008027",475,249,226
"S01008028",469,212,257
"S01008029",2356,1040,1316
"S01008030",650,277,373
"S01008031",730,411,319
"S01008032",733,336,397
"S01008033",1152,474,678
"S01008034",599,221,378
"S01008035",531,242,289
"S01008036",567,188,379
"S01008037",833,492,341
"S01008038",592,333,259
"S01008039",715,374,341
"S01008040",731,279,452
"S01008041",600,321,279
"S01008042",480,199,281
"S01008043",689,235,454
"S01008044",815,309,506
"S01008045",930,408,522
"S01008046",755,507,248
"S01008047",581,219,362
"S01008048",488,177,311
"S01008049",709,240,469
"S01008050",508,162,346
"S01008051",690,240,450
"S01008052",668,207,461
"S01008053",507,188,319
"S01008054",795,330,465
"S01008055",702,201,501
"S01008056",623,235,388
"S01008057",758,298,460
"S01008058",718,239,479
"S01008059",437,141,296
"S01008060",576,190,386
"S01008061",627,316,311
"S01008062",836,321,515
"S01008063",609,232,377
"S01008064",568,361,207
"S01008065",775,259,516
"S01008066",727,241,486
"S01008067",469,157,312
"S01008068",777,288,489
"S01008069",777,308,469
"S01008070",742,324,418
"S01008071",580,243,337
"S01008072",706,371,335
"S01008073",403,114,289
"S01008074",809,329,480
"S01008075",492,168,324
"S01008076",582,232,350
"S01008077",679,243,436
"S01008078",810,317,493
"S01008079",735,220,515
"S01008080",560,205,355
"S01008081",492,184,308
"S01008082",584,237,347
"S01008083",475,182,293
"S01008084",712,305,407
"S01008085",794,281,513
"S01008086",861,381,480
"S01008087",694,255,439
"S01008088",780,343,437
"S01008089",543,210,333
"S01008090",622,271,351
"S01008091",332,108,224
"S01008092",767,269,498
"S01008093",672,294,378
"S01008094",555,202,353
"S01008095",645,311,334
"S01008096",676,273,403
"S01008097",543,246,297
"S01008098",620,255,365
"S01008099",444,198,246
"S01008100",800,340,460
"S01008101",629,338,291
"S01008102",695,389,306
"S01008103",524,351,173
"S01008104",718,424,294
"S01008105",856,567,289
"S01008106",555,349,206
"S01008107",802,336,466
"S01008108",447,195,252
"S01008109",756,306,450
"S01008110",697,275,422
"S01008111",751,320,431
"S01008112",713,265,448
"S01008113",779,301,478
"S01008114",578,212,366
"S01008115",761,370,391
"S01008116",753,283,470
"S01008117",676,240,436
"S01008118",690,317,373
"S01008119",542,295,247
"S01008120",641,274,367
"S01008121",556,163,393
"S01008122",469,170,299
"S01008123",711,265,446
"S01008124",551,188,363
"S01008125",728,287,441
"S01008126",668,246,422
"S01008127",411,146,265
"S01008128",750,306,444
"S01008129",748,449,299
"S01008130",815,529,286
"S01008131",642,429,213
"S01008132",850,296,554
"S01008133",540,299,241
"S01008134",570,376,194
"S01008135",1142,637,505
"S01008136",671,409,262
"S01008137",667,521,146
"S01008138",645,439,206
"S01008139",798,468,330
"S01008140",407,246,161
"S01008141",881,361,520
"S01008142",495,204,291
"S01008143",755,466,289
"S01008144",673,261,412
"S01008145",646,335,311
"S01008146",414,247,167
"S01008147",664,330,334
"S01008148",648,302,346
"S01008149",568,306,262
"S01008150",764,461,303
"S01008151",589,340,249
"S01008152",891,525,366
"S01008153",493,195,298
"S01008154",710,281,429
"S01008155",576,246,330
"S01008156",771,402,369
"S01008157",592,273,319
"S01008158",639,292,347
"S01008159",781,502,279
"S01008160",771,466,305
"S01008161",803,334,469
"S01008162",831,391,440
"S01008163",601,335,266
"S01008164",1318,1089,229
"S01008165",580,238,342
"S01008166",443,236,207
"S01008167",449,281,168
"S01008168",780,451,329
"S01008169",584,349,235
"S01008170",492,218,274
"S01008171",616,377,239
"S01008172",457,213,244
"S01008173",521,224,297
"S01008174",448,205,243
"S01008175",615,361,254
"S01008176",610,246,364
"S01008177",635,344,291
"S01008178",560,242,318
"S01008179",390,155,235
"S01008180",381,138,243
"S01008181",579,237,342
"S01008182",833,603,230
"S01008183",614,344,270
"S01008184",642,455,187
"S01008185",887,580,307
"S01008186",722,534,188
"S01008187",501,306,195
"S01008188",769,511,258
"S01008189",491,228,263
"S01008190",709,404,305
"S01008191",387,202,185
"S01008192",680,404,276
"S01008193",678,352,326
"S01008194",509,279,230
"S01008195",623,365,258
"S01008196",596,362,234
"S01008198",575,295,280
"S01008199",608,326,282
"S01008200",409,231,178
"S01008201",632,378,254
"S01008202",487,232,255
"S01008203",460,301,159
"S01008204",776,417,359
"S01008205",565,271,294
"S01008206",529,279,250
"S01008207",453,258,195
"S01008208",577,308,269
"S01008210",753,380,373
"S01008211",744,404,340
"S01008212",362,142,220
"S01008213",862,332,530
"S01008214",611,286,325
"S01008215",549,278,271
"S01008216",490,193,297
"S01008217",600,219,381
"S01008218",724,338,386
"S01008219",814,469,345
"S01008220",459,290,169
"S01008221",582,391,191
"S01008222",608,324,284
"S01008223",408,228,180
"S01008224",783,340,443
"S01008225",594,285,309
"S01008226",638,393,245
"S01008227",681,356,325
"S01008228",1890,887,1003
"S01008229",387,181,206
"S01008230",614,286,328
"S01008231",422,252,170
"S01008233",1186,455,731
"S01008234",256,140,116
"S01008235",690,325,365
"S01008236",691,322,369
"S01008237",695,361,334
"S01008238",631,320,311
"S01008239",630,275,355
"S01008240",649,192,457
"S01008241",557,170,387
"S01008242",787,325,462
"S01008243",833,284,549
"S01008244",342,137,205
"S01008245",790,304,486
"S01008246",787,300,487
"S01008247",642,264,378
"S01008248",666,287,379
"S01008249",823,318,505
"S01008250",835,330,505
"S01008251",544,154,390
"S01008252",786,309,477
"S01008253",648,341,307
"S01008254",709,366,343
"S01008255",566,283,283
"S01008256",667,399,268
"S01008257",581,355,226
"S01008258",613,280,333
"S01008259",637,325,312
"S01008260",768,469,299
"S01008261",708,370,338
"S01008262",493,207,286
"S01008263",653,328,325
"S01008264",444,213,231
"S01008265",563,211,352
"S01008266",507,183,324
"S01008267",737,274,463
"S01008268",724,267,457
"S01008269",754,342,412
"S01008270",705,311,394
"S01008271",586,394,192
"S01008272",816,335,481
"S01008273",673,242,431
"S01008274",593,293,300
"S01008275",462,192,270
"S01008276",423,142,281
"S01008277",408,149,259
"S01008278",695,242,453
"S01008279",605,258,347
"S01008280",720,336,384
"S01008281",584,245,339
"S01008282",922,349,573
"S01008283",177,97,80
"S01008284",1100,377,723
"S01008285",628,358,270
"S01008286",620,300,320
"S01008287",617,320,297
"S01008288",753,362,391
"S01008289",417,266,151
"S01008290",620,354,266
"S01008291",644,281,363
"S01008292",735,331,404
"S01008294",540,204,336
"S01008295",710,308,402
"S01008296",517,331,186
"S01008297",424,197,227
"S01008298",700,308,392
"S01008299",616,355,261
"S01008300",710,401,309
"S01008301",687,276,411
"S01008302",602,238,364
"S01008303",471,285,186
"S01008304",319,168,151
"S01008305",678,264,414
"S01008306",538,214,324
"S01008307",493,214,279
"S01008308",501,168,333
"S01008309",603,418,185
"S01008310",818,453,365
"S01008311",430,240,190
"S01008312",212,114,98
"S01008313",846,533,313
"S01008314",470,373,97
"S01008315",617,485,132
"S01008316",323,232,91
"S01008317",560,338,222
"S01008318",1011,426,585
"S01008319",622,347,275
"S01008320",478,219,259
"S01008321",436,163,273
"S01008322",839,474,365
"S01008323",610,372,238
"S01008324",355,202,153
"S01008325",554,337,217
"S01008326",753,485,268
"S01008327",808,447,361
"S01008328",642,254,388
"S01008329",679,211,468
"S01008330",685,263,422
"S01008331",477,240,237
"S01008332",814,408,406
"S01008333",859,398,461
"S01008334",602,261,341
"S01008335",590,305,285
"S01008336",508,242,266
"S01008337",663,280,383
"S01008338",620,232,388
"S01008339",493,205,288
"S01008340",643,278,365
"S01008341",484,160,324
"S01008342",694,306,388
"S01008343",702,224,478
"S01008344",817,297,520
"S01008345",659,228,431
"S01008346",774,239,535
"S01008347",832,403,429
"S01008348",640,252,388
"S01008349",696,252,444
"S01008350",482,156,326
"S01008351",727,254,473
"S01008352",529,168,361
"S01008353",406,134,272
"S01008354",540,210,330
"S01008355",476,270,206
"S01008356",437,192,245
"S01008357",399,155,244
"S01008358",582,306,276
"S01008359",492,204,288
"S01008360",687,249,438
"S01008361",675,266,409
"S01008362",721,365,356
"S01008363",601,278,323
"S01008364",628,285,343
"S01008365",657,239,418
"S01008366",746,408,338
"S01008367",617,373,244
"S01008368",385,220,165
"S01008369",476,257,219
"S01008370",654,297,357
"S01008371",618,226,392
"S01008372",613,247,366
"S01008373",614,208,406
"S01008374",558,193,365
"S01008375",633,225,408
"S01008376",415,176,239
"S01008377",584,260,324
"S01008378",811,358,453
"S01008379",434,156,278
"S01008380",422,150,272
"S01008381",392,133,259
"S01008382",599,180,419
"S01008383",378,144,234
"S01008384",779,333,446
"S01008385",542,191,351
"S01008386",547,236,311
"S01008387",661,248,413
"S01008388",417,175,242
"S01008389",474,231,243
"S01008390",515,178,337
"S01008391",627,273,354
"S01008392",707,279,428
"S01008393",469,185,284
"S01008394",696,207,489
"S01008395",413,161,252
"S01008396",693,297,396
"S01008397",762,268,494
"S01008398",479,182,297
"S01008399",596,254,342
"S01008400",403,146,257
"S01008401",868,368,500
"S01008402",900,278,622
"S01008403",473,161,312
"S01008404",799,321,478
"S01008405",584,192,392
"S01008406",791,401,390
"S01008407",456,277,179
"S01008408",512,230,282
"S01008409",898,497,401
"S01008410",495,247,248
"S01008411",500,237,263
"S01008412",561,274,287
"S01008413",366,180,186
"S01008414",361,125,236
"S01008415",756,393,363
"S01008416",683,441,242
"S01008417",586,184,402
"S01008418",584,229,355
"S01008419",373,139,234
"S01008420",396,136,260
"S01008421",616,330,286
"S01008422",561,186,375
"S01008423",684,184,500
"S01008424",698,199,499
"S01008425",2308,1781,527
"S01008426",482,260,222
"S01008427",868,313,555
"S01008428",561,292,269
"S01008429",590,208,382
"S01008430",672,277,395
"S01008431",698,261,437
"S01008432",590,192,398
"S01008433",685,232,453
"S01008434",749,272,477
"S01008435",652,223,429
"S01008436",723,312,411
"S01008437",606,331,275
"S01008438",363,150,213
"S01008439",805,248,557
"S01008440",851,249,602
"S01008441",309,100,209
"S01008442",619,233,386
"S01008443",486,160,326
"S01008444",513,210,303
"S01008445",690,260,430
"S01008446",810,346,464
"S01008447",556,172,384
"S01008448",637,236,401
"S01008449",594,401,193
"S01008450",429,325,104
"S01008451",505,381,124
"S01008452",371,268,103
"S01008453",450,296,154
"S01008454",688,495,193
"S01008455",806,596,210
"S01008456",775,570,205
"S01008457",534,377,157
"S01008458",779,463,316
"S01008459",518,395,123
"S01008460",567,451,116
"S01008461",708,550,158
"S01008462",486,377,109
"S01008463",552,408,144
"S01008464",695,393,302
"S01008465",610,350,260
"S01008466",596,351,245
"S01008467",639,311,328
"S01008468",529,310,219
"S01008469",480,258,222
"S01008470",586,365,221
"S01008471",685,491,194
"S01008472",482,281,201
"S01008473",550,356,194
"S01008474",666,475,191
"S01008475",671,487,184
"S01008476",614,419,195
"S01008477",783,547,236
"S01008478",603,422,181
"S01008479",659,461,198
"S01008480",333,220,113
"S01008481",1408,972,436
"S01008482",522,310,212
"S01008483",531,323,208
"S01008484",628,316,312
"S01008485",798,371,427
"S01008486",777,435,342
"S01008487",678,464,214
"S01008488",675,467,208
"S01008489",544,306,238
"S01008490",795,570,225
"S01008491",826,626,200
"S01008492",814,673,141
"S01008493",693,482,211
"S01008494",598,448,150
"S01008495",850,695,155
"S01008496",929,763,166
"S01008497",754,605,149
"S01008498",732,609,123
"S01008499",935,773,162
"S01008500",352,300,52
"S01008501",556,456,100
"S01008502",604,498,106
"S01008503",751,557,194
"S01008504",950,581,369
"S01008505",599,362,237
"S01008506",760,474,286
"S01008507",801,581,220
"S01008508",682,272,410
"S01008509",862,429,433
"S01008510",755,315,440
"S01008511",808,295,513
"S01008512",410,129,281
"S01008513",567,211,356
"S01008514",757,348,409
"S01008515",563,238,325
"S01008516",827,662,165
"S01008517",789,577,212
"S01008518",733,369,364
"S01008519",625,245,380
"S01008520",686,203,483
"S01008521",706,183,523
"S01008522",434,157,277
"S01008523",756,283,473
"S01008524",613,438,175
"S01008525",703,476,227
"S01008526",638,400,238
"S01008527",595,359,236
"S01008528",540,295,245
"S01008529",623,353,270
"S01008530",570,395,175
"S01008531",619,415,204
"S01008532",369,220,149
"S01008533",372,85,287
"S01008534",576,209,367
"S01008535",597,226,371
"S01008536",484,187,297
"S01008537",570,177,393
"S01008538",385,113,272
"S01008539",691,254,437
"S01008540",616,216,400
"S01008541",676,221,455
"S01008542",721,235,486
"S01008543",563,187,376
"S01008544",479,164,315
"S01008545",689,203,486
"S01008546",783,219,564
"S01008547",817,364,453
"S01008548",778,393,385
"S01008549",777,376,401
"S01008550",660,276,384
"S01008551",873,442,431
"S01008552",644,294,350
"S01008553",460,232,228
"S01008554",765,476,289
"S01008555",796,592,204
"S01008556",590,408,182
"S01008557",682,450,232
"S01008558",712,480,232
"S01008559",554,318,236
"S01008560",550,320,230
"S01008561",528,294,234
"S01008562",482,350,132
"S01008563",659,415,244
"S01008564",527,332,195
"S01008565",721,450,271
"S01008566",817,476,341
"S01008567",574,323,251
"S01008568",627,326,301
"S01008569",517,429,88
"S01008570",719,523,196
"S01008571",564,307,257
"S01008572",735,391,344
"S01008573",700,285,415
"S01008574",624,293,331
"S01008575",644,274,370
"S01008576",725,341,384
"S01008577",787,379,408
"S01008578",659,242,417
"S01008579",971,395,576
"S01008580",466,223,243
"S01008581",771,489,282
"S01008582",837,534,303
"S01008583",595,367,228
"S01008584",604,359,245
"S01008585",550,351,199
"S01008586",607,376,231
"S01008587",802,400,402
"S01008588",621,325,296
"S01008589",313,136,177
"S01008590",646,391,255
"S01008591",677,354,323
"S01008592",612,403,209
"S01008593",622,206,416
"S01008594",881,445,436
"S01008595",818,555,263
"S01008596",746,533,213
"S01008597",740,314,426
"S01008598",746,535,211
"S01008599",806,481,325
"S01008600",665,320,345
"S01008601",2471,2334,137
"S01008602",608,508,100
"S01008603",1069,923,146
"S01008604",830,593,237
"S01008605",629,474,155
"S01008606",711,303,408
"S01008607",272,101,171
"S01008608",637,328,309
"S01008609",800,396,404
"S01008610",783,431,352
"S01008611",1329,1115,214
"S01008612",725,627,98
"S01008613",693,480,213
"S01008614",643,550,93
"S01008615",782,643,139
"S01008616",676,575,101
"S01008617",754,629,125
"S01008618",681,604,77
"S01008619",493,414,79
"S01008620",766,647,119
"S01008621",710,595,115
"S01008622",468,370,98
"S01008623",858,598,260
"S01008624",758,400,358
"S01008625",464,176,288
"S01008626",744,353,391
"S01008627",581,219,362
"S01008628",551,372,179
"S01008629",492,343,149
"S01008630",503,392,111
"S01008631",712,566,146
"S01008632",865,665,200
"S01008633",785,398,387
"S01008634",612,350,262
"S01008635",746,460,286
"S01008636",749,450,299
"S01008637",608,371,237
"S01008638",775,582,193
"S01008639",795,578,217
"S01008640",699,550,149
"S01008641",784,666,118
"S01008642",830,607,223
"S01008643",608,411,197
"S01008644",706,554,152
"S01008645",730,542,188
"S01008646",739,525,214
"S01008647",548,429,119
"S01008648",572,472,100
"S01008649",869,724,145
"S01008650",703,595,108
"S01008651",1072,964,108
"S01008652",548,477,71
"S01008653",640,521,119
"S01008654",887,722,165
"S01008655",754,586,168
"S01008656",606,494,112
"S01008657",690,578,112
"S01008658",940,818,122
"S01008659",784,696,88
"S01008660",877,752,125
"S01008661",948,845,103
"S01008662",727,683,44
"S01008663",893,787,106
"S01008664",799,665,134
"S01008665",1037,903,134
"S01008666",813,728,85
"S01008667",899,717,182
"S01008668",728,651,77
"S01008669",409,389,20
"S01008670",844,764,80
"S01008671",738,694,44
"S01008672",654,565,89
"S01008673",1013,875,138
"S01008674",929,852,77
"S01008675",691,579,112
"S01008676",795,661,134
"S01008677",735,655,80
"S01008678",1163,1070,93
"S01008679",1132,1051,81
"S01008680",600,520,80
"S01008681",933,836,97
"S01008682",620,505,115
"S01008683",1370,1204,166
"S01008684",959,776,183
"S01008685",975,821,154
"S01008686",806,632,174
"S01008687",621,506,115
"S01008688",861,648,213
"S01008689",805,637,168
"S01008690",910,704,206
"S01008691",1037,822,215
"S01008692",656,509,147
"S01008693",422,200,222
"S01008694",898,654,244
"S01008695",578,366,212
"S01008696",550,255,295
"S01008697",907,375,532
"S01008698",341,135,206
"S01008699",762,496,266
"S01008700",469,187,282
"S01008701",800,573,227
"S01008703",757,519,238
"S01008704",520,350,170
"S01008705",395,278,117
"S01008706",435,310,125
"S01008707",604,448,156
"S01008708",806,615,191
"S01008709",546,331,215
"S01008710",334,222,112
"S01008711",570,389,181
"S01008712",928,641,287
"S01008713",470,350,120
"S01008714",485,307,178
"S01008715",648,397,251
"S01008716",468,302,166
"S01008717",339,171,168
"S01008718",429,215,214
"S01008719",783,387,396
"S01008720",443,264,179
"S01008721",641,266,375
"S01008722",903,387,516
"S01008723",581,291,290
"S01008724",780,346,434
"S01008725",614,308,306
"S01008726",375,154,221
"S01008727",910,515,395
"S01008728",400,267,133
"S01008729",636,308,328
"S01008730",649,443,206
"S01008731",386,231,155
"S01008732",418,294,124
"S01008733",617,395,222
"S01008734",544,253,291
"S01008735",806,288,518
"S01008736",606,246,360
"S01008737",836,329,507
"S01008738",486,168,318
"S01008739",471,224,247
"S01008740",465,191,274
"S01008741",890,354,536
"S01008742",348,221,127
"S01008743",852,581,271
"S01008744",881,549,332
"S01008745",402,231,171
"S01008746",797,583,214
"S01008747",421,197,224
"S01008748",456,155,301
"S01008749",1051,432,619
"S01008750",611,225,386
"S01008751",504,277,227
"S01008752",664,512,152
"S01008753",365,289,76
"S01008754",636,487,149
"S01008755",815,619,196
"S01008756",624,463,161
"S01008757",539,408,131
"S01008758",694,493,201
"S01008759",464,330,134
"S01008760",763,556,207
"S01008761",599,360,239
"S01008762",527,262,265
"S01008763",766,413,353
"S01008764",586,293,293
"S01008765",688,392,296
"S01008766",863,398,465
"S01008767",462,268,194
"S01008768",453,297,156
"S01008769",1990,1350,640
"S01008772",669,388,281
"S01008773",908,655,253
"S01008774",789,593,196
"S01008775",342,217,125
"S01008776",755,604,151
"S01008777",949,741,208
"S01008778",999,794,205
"S01008779",662,462,200
"S01008780",344,272,72
"S01008781",787,645,142
"S01008782",722,547,175
"S01008783",233,186,47
"S01008784",475,365,110
"S01008785",785,596,189
"S01008786",820,671,149
"S01008787",280,218,62
"S01008788",614,471,143
"S01008789",582,384,198
"S01008790",613,504,109
"S01008791",779,549,230
"S01008792",845,605,240
"S01008793",388,324,64
"S01008794",773,548,225
"S01008795",936,698,238
"S01008796",1014,786,228
"S01008797",888,703,185
"S01008798",724,559,165
"S01008799",565,442,123
"S01008800",1097,855,242
"S01008801",743,571,172
"S01008802",892,715,177
"S01008803",862,685,177
"S01008804",608,483,125
"S01008805",589,484,105
"S01008806",919,704,215
"S01008807",742,570,172
"S01008808",614,462,152
"S01008809",642,432,210
"S01008810",654,503,151
"S01008811",794,601,193
"S01008812",436,361,75
"S01008813",828,601,227
"S01008814",732,519,213
"S01008815",806,639,167
"S01008816",473,368,105
"S01008817",658,489,169
"S01008818",741,471,270
"S01008819",646,411,235
"S01008820",962,738,224
"S01008821",620,313,307
"S01008822",585,248,337
"S01008823",556,246,310
"S01008824",833,459,374
"S01008825",443,209,234
"S01008826",658,412,246
"S01008827",570,213,357
"S01008828",751,409,342
"S01008829",564,247,317
"S01008830",561,283,278
"S01008831",658,278,380
"S01008832",655,335,320
"S01008833",863,521,342
"S01008834",977,519,458
"S01008835",595,299,296
"S01008836",472,371,101
"S01008837",1226,865,361
"S01008838",780,564,216
"S01008839",918,579,339
"S01008840",934,597,337
"S01008841",1158,883,275
"S01008842",133,70,63
"S01008843",912,723,189
"S01008844",617,457,160
"S01008845",795,611,184
"S01008846",741,561,180
"S01008847",537,409,128
"S01008848",711,499,212
"S01008849",663,470,193
"S01008850",657,436,221
"S01008851",854,622,232
"S01008852",884,469,415
"S01008853",607,454,153
"S01008854",846,614,232
"S01008855",1139,820,319
"S01008856",435,320,115
"S01008857",693,500,193
"S01008858",499,334,165
"S01008859",1139,884,255
"S01008860",806,604,202
"S01008861",639,297,342
"S01008862",828,627,201
"S01008863",641,416,225
"S01008864",802,609,193
"S01008865",822,585,237
"S01008866",711,481,230
"S01008867",697,366,331
"S01008868",728,555,173
"S01008869",937,596,341
"S01008870",697,419,278
"S01008871",1101,733,368
"S01008872",639,464,175
"S01008873",588,295,293
"S01008874",774,520,254
"S01008875",756,570,186
"S01008876",497,257,240
"S01008877",444,210,234
"S01008878",656,359,297
"S01008879",818,454,364
"S01008880",533,299,234
"S01008881",422,223,199
"S01008882",851,375,476
"S01008883",790,298,492
"S01008884",590,202,388
"S01008885",680,216,464
"S01008886",712,412,300
"S01008887",643,311,332
"S01008888",464,335,129
"S01008889",537,269,268
"S01008890",599,220,379
"S01008891",628,217,411
"S01008892",837,478,359
"S01008893",724,233,491
"S01008894",712,213,499
"S01008895",451,167,284
"S01008896",368,112,256
"S01008897",551,219,332
"S01008898",689,202,487
"S01008899",669,472,197
"S01008900",789,470,319
"S01008901",685,368,317
"S01008902",831,533,298
"S01008903",811,446,365
"S01008904",810,556,254
"S01008905",843,613,230
"S01008906",668,489,179
"S01008907",504,377,127
"S01008908",717,449,268
"S01008909",639,338,301
"S01008910",1207,764,443
"S01008911",157,119,38
"S01008912",640,278,362
"S01008913",311,171,140
"S01008914",739,387,352
"S01008915",463,225,238
"S01008916",906,628,278
"S01008917",562,445,117
"S01008918",423,305,118
"S01008919",404,306,98
"S01008920",855,586,269
"S01008921",589,398,191
"S01008922",648,426,222
"S01008923",611,433,178
"S01008924",585,372,213
"S01008925",502,293,209
"S01008926",169,69,100
"S01008927",963,659,304
"S01008928",721,478,243
"S01008929",631,529,102
"S01008930",683,492,191
"S01008931",594,412,182
"S01008932",694,465,229
"S01008933",351,213,138
"S01008934",748,501,247
"S01008935",732,300,432
"S01008936",300,89,211
"S01008937",694,400,294
"S01008938",493,180,313
"S01008939",749,304,445
"S01008940",508,132,376
"S01008941",659,214,445
"S01008942",705,313,392
"S01008943",548,169,379
"S01008944",809,283,526
"S01008945",630,193,437
"S01008946",769,271,498
"S01008947",870,312,558
"S01008948",573,227,346
"S01008949",752,418,334
"S01008950",775,412,363
"S01008951",708,471,237
"S01008952",663,465,198
"S01008953",752,423,329
"S01008954",747,465,282
"S01008955",527,257,270
"S01008956",727,405,322
"S01008957",809,413,396
"S01008958",605,397,208
"S01008959",719,346,373
"S01008960",672,240,432
"S01008961",601,290,311
"S01008962",530,230,300
"S01008963",670,248,422
"S01008964",437,150,287
"S01008965",628,204,424
"S01008966",483,170,313
"S01008967",848,286,562
"S01008968",824,272,552
"S01008969",897,349,548
"S01008970",838,344,494
"S01008971",428,147,281
"S01008972",633,240,393
"S01008973",1162,573,589
"S01008974",652,330,322
"S01008975",754,462,292
"S01008976",329,114,215
"S01008977",514,182,332
"S01008978",473,255,218
"S01008979",573,339,234
"S01008980",620,362,258
"S01008981",601,212,389
"S01008982",629,376,253
"S01008983",529,402,127
"S01008984",390,229,161
"S01008985",509,291,218
"S01008986",737,274,463
"S01008987",710,264,446
"S01008988",928,577,351
"S01008989",557,343,214
"S01008990",643,383,260
"S01008991",758,347,411
"S01008992",487,225,262
"S01008993",922,444,478
"S01008994",628,309,319
"S01008995",531,190,341
"S01008996",609,306,303
"S01008997",780,376,404
"S01008998",464,303,161
"S01008999",708,382,326
"S01009000",757,271,486
"S01009001",653,220,433
"S01009002",657,261,396
"S01009003",751,285,466
"S01009004",534,239,295
"S01009005",590,280,310
"S01009006",602,292,310
"S01009007",552,296,256
"S01009008",780,348,432
"S01009009",381,274,107
"S01009010",820,332,488
"S01009011",692,269,423
"S01009012",609,224,385
"S01009013",739,279,460
"S01009014",429,256,173
"S01009015",374,205,169
"S01009016",436,211,225
"S01009017",324,160,164
"S01009018",692,370,322
"S01009019",421,200,221
"S01009020",635,337,298
"S01009021",634,315,319
"S01009022",740,413,327
"S01009023",719,325,394
"S01009024",844,438,406
"S01009025",761,378,383
"S01009026",770,392,378
"S01009027",769,373,396
"S01009028",331,158,173
"S01009029",529,269,260
"S01009030",611,306,305
"S01009031",656,327,329
"S01009032",559,259,300
"S01009033",657,316,341
"S01009034",558,236,322
"S01009035",760,332,428
"S01009036",814,388,426
"S01009037",705,346,359
"S01009038",868,400,468
"S01009039",535,334,201
"S01009040",560,376,184
"S01009041",696,476,220
"S01009042",702,391,311
"S01009043",514,324,190
"S01009044",749,435,314
"S01009045",680,372,308
"S01009046",710,316,394
"S01009047",648,285,363
"S01009048",686,281,405
"S01009049",502,217,285
"S01009050",978,435,543
"S01009051",477,245,232
"S01009052",487,236,251
"S01009053",424,314,110
"S01009054",480,246,234
"S01009055",693,298,395
"S01009056",432,249,183
"S01009057",461,318,143
"S01009058",756,430,326
"S01009059",618,280,338
"S01009060",644,270,374
"S01009061",650,305,345
"S01009062",538,297,241
"S01009063",614,253,361
"S01009064",473,268,205
"S01009065",544,358,186
"S01009066",594,317,277
"S01009067",797,282,515
"S01009068",732,391,341
"S01009069",525,183,342
"S01009070",446,186,260
"S01009071",1210,481,729
"S01009072",235,93,142
"S01009073",539,297,242
"S01009074",582,324,258
"S01009075",453,219,234
"S01009076",768,344,424
"S01009077",373,175,198
"S01009079",940,508,432
"S01009080",775,417,358
"S01009081",565,269,296
"S01009082",678,372,306
"S01009083",536,267,269
"S01009084",1614,660,954
"S01009086",333,164,169
"S01009087",474,251,223
"S01009088",675,271,404
"S01009089",69,30,39
"S01009090",474,248,226
"S01009091",1366,475,891
"S01009092",826,391,435
"S01009093",600,364,236
"S01009094",576,157,419
"S01009095",664,313,351
"S01009096",879,439,440
"S01009097",599,223,376
"S01009098",426,139,287
"S01009099",708,370,338
"S01009100",651,436,215
"S01009101",763,399,364
"S01009102",600,379,221
"S01009103",584,220,364
"S01009104",650,338,312
"S01009105",639,322,317
"S01009106",457,244,213
"S01009107",436,208,228
"S01009108",540,240,300
"S01009109",569,182,387
"S01009110",499,230,269
"S01009111",698,345,353
"S01009112",372,111,261
"S01009113",790,370,420
"S01009114",615,274,341
"S01009115",449,225,224
"S01009116",405,145,260
"S01009117",671,366,305
"S01009118",471,166,305
"S01009119",600,311,289
"S01009120",444,245,199
"S01009121",690,377,313
"S01009122",1117,489,628
"S01009123",338,159,179
"S01009124",176,80,96
"S01009125",608,294,314
"S01009126",461,319,142
"S01009127",463,313,150
"S01009128",687,492,195
"S01009129",386,240,146
"S01009130",504,279,225
"S01009131",413,270,143
"S01009132",633,292,341
"S01009133",534,333,201
"S01009134",710,358,352
"S01009135",447,262,185
"S01009136",186,114,72
"S01009137",715,276,439
"S01009138",712,334,378
"S01009139",350,258,92
"S01009140",662,435,227
"S01009141",719,519,200
"S01009142",502,349,153
"S01009143",501,345,156
"S01009144",732,413,319
"S01009145",764,382,382
"S01009146",758,461,297
"S01009147",648,386,262
"S01009148",549,289,260
"S01009149",610,316,294
"S01009150",745,467,278
"S01009151",766,435,331
"S01009152",625,441,184
"S01009153",420,256,164
"S01009154",852,446,406
"S01009155",450,204,246
"S01009156",461,186,275
"S01009157",684,341,343
"S01009158",465,274,191
"S01009159",399,289,110
"S01009160",583,365,218
"S01009161",374,246,128
"S01009162",643,449,194
"S01009163",436,280,156
"S01009164",598,310,288
"S01009165",591,366,225
"S01009166",673,434,239
"S01009167",410,217,193
"S01009168",562,225,337
"S01009169",689,413,276
"S01009170",529,288,241
"S01009171",529,304,225
"S01009172",556,220,336
"S01009173",426,159,267
"S01009174",251,78,173
"S01009175",602,199,403
"S01009176",1131,344,787
"S01009177",648,366,282
"S01009178",568,351,217
"S01009179",539,246,293
"S01009180",805,419,386
"S01009181",1402,642,760
"S01009182",808,353,455
"S01009183",261,109,152
"S01009184",827,423,404
"S01009185",562,285,277
"S01009186",587,266,321
"S01009187",1103,450,653
"S01009188",713,357,356
"S01009189",610,320,290
"S01009190",254,120,134
"S01009191",499,146,353
"S01009192",1079,713,366
"S01009193",97,85,12
"S01009194",673,216,457
"S01009195",304,124,180
"S01009196",584,291,293
"S01009197",794,284,510
"S01009198",612,246,366
"S01009199",345,129,216
"S01009200",973,335,638
"S01009201",423,230,193
"S01009202",402,130,272
"S01009203",485,272,213
"S01009204",604,315,289
"S01009205",610,259,351
"S01009206",805,345,460
"S01009207",976,363,613
"S01009208",540,217,323
"S01009209",477,271,206
"S01009210",792,321,471
"S01009211",440,246,194
"S01009212",683,348,335
"S01009213",649,380,269
"S01009214",825,346,479
"S01009215",699,365,334
"S01009216",755,391,364
"S01009217",488,319,169
"S01009218",696,313,383
"S01009219",548,312,236
"S01009220",281,162,119
"S01009221",460,243,217
"S01009222",414,231,183
"S01009223",463,224,239
"S01009224",519,318,201
"S01009225",458,250,208
"S01009226",796,476,320
"S01009227",529,314,215
"S01009228",499,308,191
"S01009229",486,244,242
"S01009230",491,312,179
"S01009231",745,361,384
"S01009232",466,340,126
"S01009233",422,220,202
"S01009234",781,532,249
"S01009235",681,390,291
"S01009236",419,180,239
"S01009237",816,381,435
"S01009238",630,314,316
"S01009239",702,428,274
"S01009240",541,433,108
"S01009241",721,459,262
"S01009242",633,246,387
"S01009243",770,354,416
"S01009244",694,212,482
"S01009245",711,305,406
"S01009246",687,343,344
"S01009247",745,379,366
"S01009248",589,235,354
"S01009249",732,435,297
"S01009250",523,250,273
"S01009251",462,189,273
"S01009252",359,122,237
"S01009253",399,214,185
"S01009254",656,386,270
"S01009255",480,340,140
"S01009256",412,147,265
"S01009257",667,380,287
"S01009258",1125,489,636
"S01009259",763,292,471
"S01009260",685,417,268
"S01009261",626,372,254
"S01009262",459,308,151
"S01009263",280,131,149
"S01009264",600,269,331
"S01009265",671,361,310
"S01009266",784,360,424
"S01009267",506,267,239
"S01009268",774,381,393
"S01009269",671,389,282
"S01009270",501,330,171
"S01009271",744,278,466
"S01009272",552,287,265
"S01009273",416,143,273
"S01009274",514,211,303
"S01009275",563,284,279
"S01009276",652,259,393
"S01009277",798,307,491
"S01009278",189,90,99
"S01009279",880,369,511
"S01009280",698,426,272
"S01009281",536,306,230
"S01009282",400,178,222
"S01009283",581,264,317
"S01009284",650,260,390
"S01009285",705,297,408
"S01009286",653,272,381
"S01009287",627,200,427
"S01009288",875,371,504
"S01009289",762,302,460
"S01009290",538,175,363
"S01009291",810,304,506
"S01009292",176,98,78
"S01009293",442,224,218
"S01009294",533,203,330
"S01009295",530,188,342
"S01009296",426,163,263
"S01009297",675,242,433
"S01009298",845,596,249
"S01009299",811,488,323
"S01009300",444,307,137
"S01009301",834,636,198
"S01009302",690,514,176
"S01009303",666,309,357
"S01009304",722,354,368
"S01009305",652,407,245
"S01009306",897,606,291
"S01009307",900,609,291
"S01009308",436,320,116
"S01009309",625,405,220
"S01009310",804,339,465
"S01009311",570,306,264
"S01009312",578,395,183
"S01009313",378,245,133
"S01009314",671,294,377
"S01009315",542,307,235
"S01009316",621,278,343
"S01009317",710,252,458
"S01009318",500,171,329
"S01009319",776,268,508
"S01009320",599,300,299
"S01009321",386,120,266
"S01009322",585,209,376
"S01009323",901,431,470
"S01009324",448,245,203
"S01009325",590,283,307
"S01009326",448,224,224
"S01009327",486,179,307
"S01009331",877,298,579
"S01009332",750,282,468
"S01009333",541,336,205
"S01009334",511,329,182
"S01009335",634,347,287
"S01009336",518,362,156
"S01009337",564,363,201
"S01009338",626,428,198
"S01009339",638,445,193
"S01009340",483,293,190
"S01009341",495,286,209
"S01009342",609,355,254
"S01009343",453,254,199
"S01009344",623,344,279
"S01009345",649,317,332
"S01009346",4342,1731,2611
"S01009353",326,125,201
"S01009355",734,278,456
"S01009356",828,324,504
"S01009357",525,179,346
"S01009358",261,71,190
"S01009359",918,334,584
"S01009360",704,326,378
"S01009361",651,277,374
"S01009362",868,290,578
"S01009363",686,350,336
"S01009364",694,333,361
"S01009365",371,201,170
"S01009366",628,345,283
"S01009367",394,217,177
"S01009368",445,223,222
"S01009369",485,260,225
"S01009370",737,370,367
"S01009371",557,296,261
"S01009372",428,227,201
"S01009373",578,382,196
"S01009374",745,424,321
"S01009375",631,343,288
"S01009376",479,259,220
"S01009377",1016,675,341
"S01009378",741,410,331
"S01009379",688,320,368
"S01009380",471,228,243
"S01009381",431,229,202
"S01009382",599,323,276
"S01009383",856,530,326
"S01009384",313,114,199
"S01009385",315,156,159
"S01009386",535,263,272
"S01009387",426,225,201
"S01009388",810,570,240
"S01009389",735,347,388
"S01009390",558,184,374
"S01009391",513,207,306
"S01009392",379,111,268
"S01009393",562,218,344
"S01009394",792,409,383
"S01009395",581,166,415
"S01009396",613,184,429
"S01009397",597,239,358
"S01009398",561,255,306
"S01009399",596,228,368
"S01009400",427,218,209
"S01009401",577,190,387
"S01009402",781,262,519
"S01009403",419,173,246
"S01009404",445,264,181
"S01009405",518,232,286
"S01009406",583,330,253
"S01009407",365,161,204
"S01009408",661,283,378
"S01009409",557,287,270
"S01009410",698,395,303
"S01009411",637,330,307
"S01009412",712,406,306
"S01009413",848,432,416
"S01009414",559,239,320
"S01009415",568,348,220
"S01009416",305,115,190
"S01009417",1557,681,876
"S01009418",796,463,333
"S01009419",458,250,208
"S01009420",477,321,156
"S01009421",480,283,197
"S01009422",606,319,287
"S01009424",511,224,287
"S01009425",484,244,240
"S01009426",655,415,240
"S01009427",504,326,178
"S01009428",464,257,207
"S01009429",548,318,230
"S01009430",604,359,245
"S01009431",426,230,196
"S01009432",626,372,254
"S01009433",632,378,254
"S01009434",444,244,200
"S01009435",585,384,201
"S01009436",542,309,233
"S01009437",491,291,200
"S01009438",500,287,213
"S01009439",734,392,342
"S01009440",566,342,224
"S01009441",634,411,223
"S01009442",1064,477,587
"S01009443",2253,974,1279
"S01009444",672,225,447
"S01009445",642,308,334
"S01009446",624,456,168
"S01009447",421,249,172
"S01009448",487,230,257
"S01009449",426,213,213
"S01009450",479,343,136
"S01009451",591,356,235
"S01009452",429,266,163
"S01009453",877,512,365
"S01009454",513,228,285
"S01009455",717,275,442
"S01009456",1015,569,446
"S01009457",725,311,414
"S01009458",568,322,246
"S01009459",612,346,266
"S01009460",756,529,227
"S01009462",968,406,562
"S01009463",560,233,327
"S01009464",691,290,401
"S01009465",489,247,242
"S01009466",493,186,307
"S01009467",656,263,393
"S01009468",638,368,270
"S01009469",692,349,343
"S01009470",399,179,220
"S01009471",544,355,189
"S01009472",730,466,264
"S01009473",857,598,259
"S01009474",618,369,249
"S01009476",802,282,520
"S01009477",629,328,301
"S01009478",736,511,225
"S01009479",825,504,321
"S01009480",645,322,323
"S01009481",801,528,273
"S01009482",566,375,191
"S01009483",614,397,217
"S01009484",683,420,263
"S01009485",654,357,297
"S01009486",569,249,320
"S01009487",668,365,303
"S01009488",536,245,291
"S01009489",673,400,273
"S01009490",586,386,200
"S01009491",594,329,265
"S01009492",682,346,336
"S01009493",737,234,503
"S01009494",743,271,472
"S01009495",727,295,432
"S01009496",660,342,318
"S01009497",731,359,372
"S01009498",554,179,375
"S01009499",665,306,359
"S01009500",634,418,216
"S01009501",570,335,235
"S01009502",668,375,293
"S01009503",591,327,264
"S01009504",527,345,182
"S01009505",595,431,164
"S01009506",570,357,213
"S01009507",586,294,292
"S01009508",676,433,243
"S01009509",797,480,317
"S01009510",602,232,370
"S01009511",526,216,310
"S01009512",632,225,407
"S01009513",487,166,321
"S01009514",584,206,378
"S01009515",615,305,310
"S01009516",835,417,418
"S01009519",479,224,255
"S01009520",659,259,400
"S01009521",570,342,228
"S01009522",758,409,349
"S01009523",482,302,180
"S01009524",472,291,181
"S01009525",506,318,188
"S01009526",576,385,191
"S01009527",573,405,168
"S01009528",491,325,166
"S01009529",505,235,270
"S01009530",497,202,295
"S01009531",680,432,248
"S01009532",706,384,322
"S01009533",653,454,199
"S01009534",651,482,169
"S01009535",486,378,108
"S01009536",417,242,175
"S01009537",451,254,197
"S01009538",671,474,197
"S01009539",738,363,375
"S01009540",716,486,230
"S01009541",1403,611,792
"S01009542",491,339,152
"S01009543",480,247,233
"S01009544",656,342,314
"S01009545",971,471,500
"S01009546",467,272,195
"S01009547",732,362,370
"S01009548",502,265,237
"S01009549",607,316,291
"S01009550",415,193,222
"S01009551",421,208,213
"S01009552",776,336,440
"S01009553",701,473,228
"S01009554",655,349,306
"S01009555",532,296,236
"S01009556",605,363,242
"S01009557",526,339,187
"S01009558",513,306,207
"S01009559",682,429,253
"S01009560",594,372,222
"S01009561",423,269,154
"S01009562",612,329,283
"S01009563",643,340,303
"S01009564",566,264,302
"S01009565",457,246,211
"S01009566",816,407,409
"S01009567",715,410,305
"S01009568",584,330,254
"S01009569",666,327,339
"S01009570",449,238,211
"S01009571",540,366,174
"S01009572",842,535,307
"S01009573",585,340,245
"S01009574",1148,623,525
"S01009575",429,230,199
"S01009576",783,285,498
"S01009577",598,219,379
"S01009578",613,310,303
"S01009579",481,292,189
"S01009580",424,157,267
"S01009581",473,221,252
"S01009582",414,234,180
"S01009583",623,342,281
"S01009584",432,192,240
"S01009585",775,393,382
"S01009586",589,299,290
"S01009587",619,356,263
"S01009588",897,501,396
"S01009589",744,380,364
"S01009590",323,99,224
"S01009591",567,261,306
"S01009592",752,234,518
"S01009593",492,168,324
"S01009594",543,195,348
"S01009595",176,89,87
"S01009596",640,372,268
"S01009597",633,397,236
"S01009598",518,352,166
"S01009599",723,405,318
"S01009600",511,343,168
"S01009601",468,287,181
"S01009602",614,187,427
"S01009603",471,172,299
"S01009604",543,262,281
"S01009605",644,340,304
"S01009606",629,298,331
"S01009607",445,129,316
"S01009608",489,282,207
"S01009609",569,265,304
"S01009610",835,420,415
"S01009611",464,157,307
"S01009612",390,179,211
"S01009613",380,117,263
"S01009614",651,287,364
"S01009615",344,134,210
"S01009616",527,275,252
"S01009617",496,210,286
"S01009618",569,314,255
"S01009619",520,299,221
"S01009620",662,407,255
"S01009621",655,386,269
"S01009622",529,383,146
"S01009623",410,235,175
"S01009624",663,358,305
"S01009625",685,381,304
"S01009626",452,277,175
"S01009627",656,354,302
"S01009628",473,242,231
"S01009629",827,473,354
"S01009630",632,383,249
"S01009631",587,426,161
"S01009632",452,322,130
"S01009633",548,346,202
"S01009634",469,277,192
"S01009635",706,372,334
"S01009636",752,552,200
"S01009637",615,350,265
"S01009638",667,394,273
"S01009639",565,258,307
"S01009640",512,354,158
"S01009641",684,447,237
"S01009642",782,493,289
"S01009643",84,27,57
"S01009644",985,417,568
"S01009645",532,294,238
"S01009646",471,245,226
"S01009647",512,342,170
"S01009648",651,337,314
"S01009649",845,428,417
"S01009650",486,178,308
"S01009651",1285,536,749
"S01009652",539,235,304
"S01009653",445,153,292
"S01009654",475,251,224
"S01009655",686,391,295
"S01009656",613,378,235
"S01009657",657,298,359
"S01009658",567,280,287
"S01009659",415,198,217
"S01009660",701,339,362
"S01009661",918,349,569
"S01009662",717,334,383
"S01009663",402,186,216
"S01009664",734,284,450
"S01009665",535,264,271
"S01009666",640,284,356
"S01009667",437,155,282
"S01009668",463,187,276
"S01009669",517,218,299
"S01009670",749,363,386
"S01009671",426,204,222
"S01009672",581,297,284
"S01009673",499,249,250
"S01009674",889,349,540
"S01009675",831,355,476
"S01009676",659,271,388
"S01009677",484,212,272
"S01009678",509,233,276
"S01009679",854,464,390
"S01009680",565,285,280
"S01009681",592,327,265
"S01009682",505,190,315
"S01009683",697,378,319
"S01009684",902,326,576
"S01009685",523,253,270
"S01009686",923,568,355
"S01009687",572,251,321
"S01009688",706,485,221
"S01009689",519,343,176
"S01009690",593,341,252
"S01009691",567,233,334
"S01009692",918,368,550
"S01009693",347,136,211
"S01009694",984,381,603
"S01009695",521,185,336
"S01009696",793,317,476
"S01009697",589,244,345
"S01009698",486,188,298
"S01009699",374,152,222
"S01009700",551,257,294
"S01009701",364,167,197
"S01009702",518,219,299
"S01009703",378,183,195
"S01009704",784,332,452
"S01009705",618,324,294
"S01009706",509,263,246
"S01009707",404,202,202
"S01009708",519,217,302
"S01009709",800,368,432
"S01009710",442,214,228
"S01009711",659,360,299
"S01009712",502,224,278
"S01009713",775,371,404
"S01009714",802,355,447
"S01009715",645,328,317
"S01009716",651,307,344
"S01009717",824,669,155
"S01009718",626,427,199
"S01009719",647,386,261
"S01009720",621,372,249
"S01009721",564,510,54
"S01009722",1078,937,141
"S01009723",756,659,97
"S01009724",891,702,189
"S01009725",749,632,117
"S01009726",1026,930,96
"S01009727",998,471,527
"S01009728",555,233,322
"S01009729",634,236,398
"S01009730",272,141,131
"S01009731",450,189,261
"S01009732",599,430,169
"S01009733",333,141,192
"S01009734",1331,811,520
"S01009735",770,320,450
"S01009736",2635,2492,143
"S01009737",466,151,315
"S01009738",286,151,135
"S01009739",572,203,369
"S01009740",447,244,203
"S01009741",874,473,401
"S01009742",477,160,317
"S01009743",840,292,548
"S01009744",594,225,369
"S01009745",956,337,619
"S01009746",613,224,389
"S01009747",558,327,231
"S01009748",529,183,346
"S01009749",815,361,454
"S01009750",560,301,259
"S01009751",680,397,283
"S01009752",292,109,183
"S01009753",602,286,316
"S01009754",720,391,329
"S01009755",547,254,293
"S01009756",622,244,378
"S01009757",455,139,316
"S01009758",514,282,232
"S01009759",683,514,169
"S01009760",682,454,228
"S01009761",741,384,357
"S01009762",734,503,231
"S01009763",346,146,200
"S01009764",499,312,187
"S01009765",767,432,335
"S01009766",329,168,161
"S01009767",1487,650,837
"S01009768",256,192,64
"S01009769",982,546,436
"S01009770",562,233,329
"S01009771",671,270,401
"S01009772",503,261,242
"S01009775",682,494,188
"S01009776",457,364,93
"S01009777",387,308,79
"S01009778",711,471,240
"S01009779",444,315,129
"S01009780",292,220,72
"S01009781",426,304,122
"S01009782",436,263,173
"S01009783",679,483,196
"S01009784",591,414,177
"S01009785",652,465,187
"S01009786",746,573,173
"S01009787",700,507,193
"S01009788",717,435,282
"S01009789",748,493,255
"S01009790",519,328,191
"S01009791",531,358,173
"S01009792",265,103,162
"S01009793",1892,1017,875
"S01009794",371,146,225
"S01009795",673,275,398
"S01009796",401,179,222
"S01009797",630,286,344
"S01009798",555,232,323
"S01009799",662,495,167
"S01009800",846,542,304
"S01009801",778,514,264
"S01009802",772,519,253
"S01009803",413,298,115
"S01009805",966,652,314
"S01009806",885,612,273
"S01009807",872,560,312
"S01009808",693,480,213
"S01009809",485,328,157
"S01009810",671,476,195
"S01009811",908,626,282
"S01009812",627,435,192
"S01009813",562,394,168
"S01009814",696,389,307
"S01009815",590,374,216
"S01009816",587,356,231
"S01009817",585,366,219
"S01009818",852,375,477
"S01009819",566,324,242
"S01009820",790,448,342
"S01009821",533,287,246
"S01009822",360,204,156
"S01009823",511,351,160
"S01009824",748,463,285
"S01009825",806,543,263
"S01009826",456,308,148
"S01009827",695,452,243
"S01009828",658,485,173
"S01009829",834,580,254
"S01009830",619,381,238
"S01009831",553,339,214
"S01009832",825,497,328
"S01009833",268,153,115
"S01009834",630,428,202
"S01009835",417,322,95
"S01009836",815,456,359
"S01009837",610,454,156
"S01009838",635,477,158
"S01009839",818,704,114
"S01009840",848,547,301
"S01009841",695,562,133
"S01009842",524,366,158
"S01009843",496,382,114
"S01009844",477,394,83
"S01009845",559,442,117
"S01009846",714,481,233
"S01009847",522,413,109
"S01009848",738,485,253
"S01009849",662,486,176
"S01009850",677,439,238
"S01009851",827,569,258
"S01009852",351,214,137
"S01009853",708,467,241
"S01009854",624,397,227
"S01009855",490,290,200
"S01009856",548,387,161
"S01009857",777,453,324
"S01009858",633,371,262
"S01009859",884,680,204
"S01009860",793,615,178
"S01009861",896,695,201
"S01009862",1283,986,297
"S01009863",686,505,181
"S01009864",513,404,109
"S01009865",395,291,104
"S01009866",782,523,259
"S01009867",722,541,181
"S01009868",622,454,168
"S01009869",464,318,146
"S01009870",402,287,115
"S01009871",806,536,270
"S01009872",605,389,216
"S01009873",788,450,338
"S01009874",868,517,351
"S01009875",445,279,166
"S01009876",573,412,161
"S01009877",761,391,370
"S01009878",542,290,252
"S01009879",733,286,447
"S01009880",612,287,325
"S01009881",674,407,267
"S01009882",736,547,189
"S01009883",602,316,286
"S01009884",634,366,268
"S01009885",663,346,317
"S01009886",626,375,251
"S01009887",774,536,238
"S01009888",527,291,236
"S01009889",652,438,214
"S01009890",439,289,150
"S01009891",635,437,198
"S01009892",708,499,209
"S01009893",672,480,192
"S01009894",592,429,163
"S01009895",717,512,205
"S01009896",769,548,221
"S01009897",810,509,301
"S01009898",490,300,190
"S01009899",684,495,189
"S01009900",741,571,170
"S01009901",741,541,200
"S01009902",804,548,256
"S01009903",652,367,285
"S01009904",696,514,182
"S01009905",487,339,148
"S01009906",557,385,172
"S01009907",730,614,116
"S01009908",856,554,302
"S01009909",814,611,203
"S01009910",590,450,140
"S01009911",840,479,361
"S01009912",790,409,381
"S01009913",591,238,353
"S01009914",819,376,443
"S01009915",752,386,366
"S01009916",776,319,457
"S01009917",592,314,278
"S01009918",578,248,330
"S01009919",948,679,269
"S01009920",782,626,156
"S01009921",593,479,114
"S01009922",940,717,223
"S01009923",788,613,175
"S01009924",849,642,207
"S01009925",602,482,120
"S01009926",660,467,193
"S01009927",360,253,107
"S01009928",846,546,300
"S01009929",423,211,212
"S01009930",758,559,199
"S01009931",692,533,159
"S01009932",576,440,136
"S01009933",651,497,154
"S01009934",725,448,277
"S01009935",502,397,105
"S01009936",568,441,127
"S01009937",401,288,113
"S01009938",818,592,226
"S01009939",687,571,116
"S01009940",601,439,162
"S01009941",754,304,450
"S01009942",836,590,246
"S01009943",666,473,193
"S01009944",658,407,251
"S01009945",790,587,203
"S01009946",672,421,251
"S01009947",470,283,187
"S01009948",561,405,156
"S01009949",806,502,304
"S01009950",720,276,444
"S01009951",488,170,318
"S01009952",599,277,322
"S01009953",844,410,434
"S01009954",511,213,298
"S01009955",854,496,358
"S01009956",617,378,239
"S01009957",611,230,381
"S01009958",747,319,428
"S01009959",658,296,362
"S01009960",758,369,389
"S01009961",478,296,182
"S01009962",888,645,243
"S01009963",772,323,449
"S01009964",636,304,332
"S01009965",613,248,365
"S01009966",645,253,392
"S01009967",700,335,365
"S01009968",523,235,288
"S01009969",700,315,385
"S01009970",733,577,156
"S01009971",860,555,305
"S01009972",782,453,329
"S01009973",565,304,261
"S01009974",468,360,108
"S01009975",629,501,128
"S01009976",385,297,88
"S01009977",813,653,160
"S01009978",773,573,200
"S01009979",516,390,126
"S01009980",541,421,120
"S01009981",532,403,129
"S01009982",767,522,245
"S01009983",426,355,71
"S01009984",580,401,179
"S01009985",467,370,97
"S01009986",446,332,114
"S01009987",645,450,195
"S01009988",447,336,111
"S01009989",670,439,231
"S01009990",553,332,221
"S01009991",625,383,242
"S01009992",573,422,151
"S01009993",659,390,269
"S01009994",532,318,214
"S01009995",535,329,206
"S01009996",572,341,231
"S01009997",470,283,187
"S01009998",575,269,306
"S01009999",691,319,372
"S01010000",491,290,201
"S01010001",523,288,235
"S01010002",644,365,279
"S01010003",571,255,316
"S01010004",617,260,357
"S01010005",682,544,138
"S01010006",810,637,173
"S01010007",805,405,400
"S01010008",567,450,117
"S01010009",528,453,75
"S01010010",807,367,440
"S01010011",703,573,130
"S01010012",685,346,339
"S01010013",768,525,243
"S01010014",804,496,308
"S01010015",711,515,196
"S01010016",611,364,247
"S01010017",606,452,154
"S01010018",798,577,221
"S01010019",586,475,111
"S01010020",627,427,200
"S01010021",624,466,158
"S01010022",855,641,214
"S01010023",510,426,84
"S01010024",508,395,113
"S01010025",471,380,91
"S01010026",875,682,193
"S01010027",706,566,140
"S01010028",547,428,119
"S01010029",518,398,120
"S01010030",759,565,194
"S01010031",859,722,137
"S01010032",1301,1144,157
"S01010033",769,539,230
"S01010034",882,720,162
"S01010035",573,455,118
"S01010036",141,116,25
"S01010037",633,447,186
"S01010038",731,571,160
"S01010039",1145,1016,129
"S01010040",820,600,220
"S01010041",627,529,98
"S01010042",888,726,162
"S01010043",559,465,94
"S01010044",1090,815,275
"S01010045",418,331,87
"S01010046",647,510,137
"S01010047",694,554,140
"S01010048",810,611,199
"S01010049",696,555,141
"S01010050",636,521,115
"S01010051",606,480,126
"S01010052",634,519,115
"S01010053",700,518,182
"S01010054",411,319,92
"S01010055",961,727,234
"S01010056",533,427,106
"S01010057",161,113,48
"S01010058",532,417,115
"S01010059",548,436,112
"S01010060",768,585,183
"S01010061",419,295,124
"S01010062",594,397,197
"S01010063",967,773,194
"S01010064",442,298,144
"S01010065",709,499,210
"S01010066",608,450,158
"S01010067",468,388,80
"S01010068",605,435,170
"S01010069",637,305,332
"S01010070",556,258,298
"S01010071",781,457,324
"S01010072",693,368,325
"S01010073",671,310,361
"S01010074",694,347,347
"S01010075",541,295,246
"S01010076",553,321,232
"S01010077",410,283,127
"S01010078",420,180,240
"S01010079",793,293,500
"S01010080",577,229,348
"S01010081",617,264,353
"S01010082",742,414,328
"S01010083",682,426,256
"S01010084",677,437,240
"S01010085",550,238,312
"S01010086",778,522,256
"S01010087",613,212,401
"S01010088",1299,598,701
"S01010089",618,388,230
"S01010090",875,482,393
"S01010091",362,185,177
"S01010092",822,497,325
"S01010093",731,425,306
"S01010094",564,277,287
"S01010095",594,242,352
"S01010096",617,308,309
"S01010097",603,287,316
"S01010098",600,256,344
"S01010099",592,268,324
"S01010100",766,364,402
"S01010101",644,294,350
"S01010102",749,332,417
"S01010103",774,384,390
"S01010104",269,125,144
"S01010105",483,377,106
"S01010106",357,258,99
"S01010107",588,440,148
"S01010108",543,332,211
"S01010109",1445,777,668
"S01010110",745,550,195
"S01010111",622,482,140
"S01010112",787,633,154
"S01010113",395,279,116
"S01010114",614,455,159
"S01010115",440,234,206
"S01010116",364,220,144
"S01010117",369,238,131
"S01010118",478,403,75
"S01010119",389,284,105
"S01010120",772,594,178
"S01010121",457,348,109
"S01010122",380,302,78
"S01010123",535,406,129
"S01010124",428,306,122
"S01010125",344,225,119
"S01010126",593,348,245
"S01010127",584,402,182
"S01010128",343,288,55
"S01010129",550,428,122
"S01010130",494,335,159
"S01010131",840,377,463
"S01010132",906,637,269
"S01010133",607,443,164
"S01010134",840,591,249
"S01010135",639,419,220
"S01010136",679,403,276
"S01010137",849,637,212
"S01010138",841,678,163
"S01010139",897,638,259
"S01010140",596,429,167
"S01010141",662,535,127
"S01010142",491,342,149
"S01010143",632,410,222
"S01010144",523,386,137
"S01010145",650,438,212
"S01010146",627,498,129
"S01010147",746,619,127
"S01010148",601,444,157
"S01010149",496,348,148
"S01010150",443,310,133
"S01010151",550,372,178
"S01010152",736,455,281
"S01010153",825,573,252
"S01010154",696,475,221
"S01010155",751,480,271
"S01010156",395,271,124
"S01010157",487,342,145
"S01010158",790,514,276
"S01010159",628,395,233
"S01010160",473,333,140
"S01010161",484,314,170
"S01010162",517,436,81
"S01010163",547,367,180
"S01010164",628,428,200
"S01010165",612,479,133
"S01010166",606,391,215
"S01010167",692,464,228
"S01010168",203,159,44
"S01010169",666,480,186
"S01010170",435,316,119
"S01010171",1213,876,337
"S01010172",624,493,131
"S01010173",639,387,252
"S01010174",1309,1050,259
"S01010175",384,251,133
"S01010176",590,404,186
"S01010177",571,416,155
"S01010178",739,559,180
"S01010179",498,352,146
"S01010180",591,380,211
"S01010181",489,342,147
"S01010182",580,285,295
"S01010183",391,263,128
"S01010184",517,376,141
"S01010185",416,285,131
"S01010186",523,240,283
"S01010187",548,300,248
"S01010188",1177,591,586
"S01010189",739,300,439
"S01010191",531,252,279
"S01010192",631,246,385
"S01010193",770,450,320
"S01010194",548,356,192
"S01010195",431,253,178
"S01010196",634,413,221
"S01010197",548,399,149
"S01010198",850,580,270
"S01010199",412,296,116
"S01010200",580,361,219
"S01010201",511,270,241
"S01010202",535,440,95
"S01010203",418,221,197
"S01010204",628,492,136
"S01010205",568,396,172
"S01010206",341,227,114
"S01010207",476,311,165
"S01010208",794,609,185
"S01010209",820,592,228
"S01010210",753,465,288
"S01010211",650,462,188
"S01010212",940,735,205
"S01010213",796,530,266
"S01010214",800,430,370
"S01010215",705,558,147
"S01010216",528,416,112
"S01010217",622,507,115
"S01010218",839,668,171
"S01010219",400,293,107
"S01010220",527,387,140
"S01010221",377,309,68
"S01010222",437,335,102
"S01010223",495,389,106
"S01010224",901,704,197
"S01010225",763,517,246
"S01010226",589,362,227
"S01010227",466,289,177
"S01010228",615,446,169
"S01010229",827,573,254
"S01010230",834,608,226
"S01010231",782,589,193
"S01010232",754,517,237
"S01010233",738,518,220
"S01010234",1082,822,260
"S01010235",837,705,132
"S01010236",490,367,123
"S01010237",463,350,113
"S01010238",693,516,177
"S01010239",674,559,115
"S01010240",616,479,137
"S01010241",936,749,187
"S01010242",656,539,117
"S01010243",848,720,128
"S01010244",681,562,119
"S01010245",736,602,134
"S01010246",678,548,130
"S01010247",647,379,268
"S01010248",778,629,149
"S01010249",634,522,112
"S01010250",700,574,126
"S01010251",541,413,128
"S01010252",654,487,167
"S01010253",527,434,93
"S01010254",933,714,219
"S01010255",558,439,119
"S01010256",721,606,115
"S01010257",1550,1468,82
"S01010258",498,425,73
"S01010259",1163,1035,128
"S01010260",1827,1694,133
"S01010261",2469,2291,178
"S01010262",887,693,194
"S01010263",721,628,93
"S01010264",843,717,126
"S01010265",991,882,109
"S01010266",490,405,85
"S01010267",583,516,67
"S01010268",702,566,136
"S01010269",429,362,67
"S01010270",1122,937,185
"S01010271",870,715,155
"S01010272",1193,1043,150
"S01010273",378,326,52
"S01010274",552,472,80
"S01010275",579,505,74
"S01010276",926,696,230
"S01010277",521,355,166
"S01010278",508,378,130
"S01010279",461,362,99
"S01010280",806,665,141
"S01010281",731,565,166
"S01010282",958,805,153
"S01010283",589,483,106
"S01010284",1354,1214,140
"S01010285",643,529,114
"S01010286",1399,1265,134
"S01010287",827,706,121
"S01010288",754,620,134
"S01010289",689,440,249
"S01010290",493,381,112
"S01010291",997,845,152
"S01010292",844,676,168
"S01010293",756,639,117
"S01010294",643,540,103
"S01010295",892,753,139
"S01010296",575,450,125
"S01010297",989,786,203
"S01010298",820,662,158
"S01010299",456,333,123
"S01010300",837,678,159
"S01010301",466,357,109
"S01010302",557,448,109
"S01010303",398,271,127
"S01010304",481,396,85
"S01010305",766,609,157
"S01010306",692,593,99
"S01010307",754,593,161
"S01010308",876,719,157
"S01010309",388,274,114
"S01010310",556,402,154
"S01010311",480,348,132
"S01010312",676,545,131
"S01010313",548,435,113
"S01010314",1112,931,181
"S01010315",594,429,165
"S01010316",1637,1575,62
"S01010317",690,565,125
"S01010318",357,301,56
"S01010319",588,443,145
"S01010320",624,550,74
"S01010321",784,677,107
"S01010322",952,710,242
"S01010323",512,441,71
"S01010324",663,462,201
"S01010325",941,638,303
"S01010326",742,601,141
"S01010327",939,632,307
"S01010328",811,491,320
"S01010329",435,297,138
"S01010330",388,293,95
"S01010331",549,398,151
"S01010332",578,395,183
"S01010333",793,576,217
"S01010334",846,543,303
"S01010335",695,478,217
"S01010336",502,428,74
"S01010337",533,361,172
"S01010338",684,496,188
"S01010339",552,348,204
"S01010340",444,307,137
"S01010341",468,271,197
"S01010342",448,255,193
"S01010343",757,389,368
"S01010344",584,476,108
"S01010345",585,323,262
"S01010346",876,474,402
"S01010347",939,741,198
"S01010348",806,497,309
"S01010349",745,490,255
"S01010350",729,542,187
"S01010351",691,505,186
"S01010352",454,322,132
"S01010353",764,602,162
"S01010354",613,462,151
"S01010355",621,473,148
"S01010356",549,378,171
"S01010357",503,384,119
"S01010358",714,587,127
"S01010359",648,523,125
"S01010360",492,386,106
"S01010361",471,401,70
"S01010362",742,622,120
"S01010363",655,436,219
"S01010364",762,337,425
"S01010365",869,486,383
"S01010366",909,530,379
"S01010367",1488,1062,426
"S01010368",639,377,262
"S01010369",672,498,174
"S01010370",630,444,186
"S01010371",908,659,249
"S01010372",454,296,158
"S01010373",687,513,174
"S01010374",926,660,266
"S01010375",403,362,41
"S01010376",667,556,111
"S01010377",857,720,137
"S01010378",787,706,81
"S01010379",1076,935,141
"S01010380",787,588,199
"S01010381",569,508,61
"S01010382",793,652,141
"S01010383",697,595,102
"S01010384",879,718,161
"S01010385",783,661,122
"S01010386",713,602,111
"S01010387",972,807,165
"S01010388",925,728,197
"S01010389",1649,1249,400
"S01010390",1002,857,145
"S01010391",695,585,110
"S01010393",951,778,173
"S01010394",731,600,131
"S01010395",917,721,196
"S01010396",945,719,226
"S01010397",500,393,107
"S01010398",1000,738,262
"S01010399",979,730,249
"S01010400",949,612,337
"S01010401",573,410,163
"S01010402",921,580,341
"S01010403",930,568,362
"S01010404",691,413,278
"S01010405",689,411,278
"S01010406",758,576,182
"S01010407",844,715,129
"S01010408",436,249,187
"S01010409",541,208,333
"S01010410",470,209,261
"S01010411",959,300,659
"S01010412",762,513,249
"S01010413",612,273,339
"S01010414",711,423,288
"S01010415",886,601,285
"S01010416",663,336,327
"S01010417",488,283,205
"S01010418",937,624,313
"S01010419",836,477,359
"S01010420",501,229,272
"S01010421",704,296,408
"S01010422",895,465,430
"S01010423",702,569,133
"S01010424",707,559,148
"S01010425",875,692,183
"S01010426",603,456,147
"S01010427",802,556,246
"S01010428",577,279,298
"S01010429",772,349,423
"S01010430",698,502,196
"S01010431",549,215,334
"S01010432",610,483,127
"S01010433",546,380,166
"S01010434",493,397,96
"S01010435",528,321,207
"S01010436",777,598,179
"S01010437",467,285,182
"S01010438",610,416,194
"S01010439",798,651,147
"S01010440",849,572,277
"S01010441",694,550,144
"S01010442",595,459,136
"S01010443",436,257,179
"S01010444",558,341,217
"S01010445",471,304,167
"S01010446",700,346,354
"S01010447",816,569,247
"S01010448",709,395,314
"S01010449",654,384,270
"S01010450",691,449,242
"S01010451",827,550,277
"S01010452",701,439,262
"S01010453",415,343,72
"S01010454",734,462,272
"S01010455",833,637,196
"S01010456",487,300,187
"S01010457",535,360,175
"S01010458",650,427,223
"S01010459",474,312,162
"S01010460",592,321,271
"S01010461",723,469,254
"S01010462",626,478,148
"S01010463",665,387,278
"S01010464",448,265,183
"S01010465",798,459,339
"S01010466",780,518,262
"S01010467",786,478,308
"S01010468",783,464,319
"S01010469",520,423,97
"S01010470",750,485,265
"S01010471",460,299,161
"S01010472",889,619,270
"S01010473",668,471,197
"S01010474",714,576,138
"S01010475",164,125,39
"S01010476",816,560,256
"S01010477",633,415,218
"S01010478",864,666,198
"S01010479",839,528,311
"S01010480",505,290,215
"S01010481",476,342,134
"S01010482",655,404,251
"S01010483",858,556,302
"S01010484",460,305,155
"S01010485",794,419,375
"S01010486",784,341,443
"S01010487",815,462,353
"S01010488",583,444,139
"S01010489",877,650,227
"S01010490",526,407,119
"S01010491",633,492,141
"S01010492",425,336,89
"S01010493",355,286,69
"S01010494",467,293,174
"S01010495",693,570,123
"S01010496",805,636,169
"S01010497",676,471,205
"S01010498",518,397,121
"S01010499",621,508,113
"S01010500",747,536,211
"S01010501",728,505,223
"S01010502",612,395,217
"S01010503",547,412,135
"S01010504",433,196,237
"S01010505",453,223,230
"S01010506",690,321,369
"S01010507",649,349,300
"S01010508",820,406,414
"S01010509",1156,543,613
"S01010510",477,191,286
"S01010511",727,434,293
"S01010512",390,210,180
"S01010513",618,247,371
"S01010514",558,297,261
"S01010515",662,347,315
"S01010516",406,201,205
"S01010517",685,398,287
"S01010518",455,273,182
"S01010519",656,313,343
"S01010520",755,403,352
"S01010521",465,260,205
"S01010522",514,325,189
"S01010523",457,283,174
"S01010524",462,178,284
"S01010525",545,208,337
"S01010526",675,359,316
"S01010527",742,440,302
"S01010528",503,213,290
"S01010529",584,240,344
"S01010530",547,220,327
"S01010531",930,430,500
"S01010532",565,240,325
"S01010533",518,259,259
"S01010534",603,288,315
"S01010535",572,241,331
"S01010536",703,411,292
"S01010537",672,439,233
"S01010538",600,327,273
"S01010539",962,571,391
"S01010540",540,257,283
"S01010541",706,294,412
"S01010542",755,331,424
"S01010543",604,251,353
"S01010544",596,291,305
"S01010545",586,294,292
"S01010546",710,390,320
"S01010547",622,274,348
"S01010548",606,243,363
"S01010549",901,355,546
"S01010550",368,190,178
"S01010551",550,247,303
"S01010552",630,256,374
"S01010553",683,268,415
"S01010554",564,330,234
"S01010555",771,472,299
"S01010556",810,520,290
"S01010557",381,173,208
"S01010558",478,200,278
"S01010559",674,286,388
"S01010560",564,232,332
"S01010561",461,175,286
"S01010562",766,331,435
"S01010563",415,245,170
"S01010564",442,279,163
"S01010565",431,213,218
"S01010566",876,375,501
"S01010567",885,360,525
"S01010568",789,358,431
"S01010569",802,407,395
"S01010570",860,499,361
"S01010571",655,397,258
"S01010572",722,486,236
"S01010573",426,228,198
"S01010574",473,167,306
"S01010575",577,194,383
"S01010576",680,251,429
"S01010577",691,431,260
"S01010578",461,249,212
"S01010579",631,297,334
"S01010580",464,290,174
"S01010581",314,137,177
"S01010582",751,347,404
"S01010583",810,347,463
"S01010584",1418,661,757
"S01010586",398,149,249
"S01010587",501,196,305
"S01010588",255,101,154
"S01010589",504,306,198
"S01010591",443,235,208
"S01010592",429,257,172
"S01010593",1763,809,954
"S01010596",2682,1225,1457
"S01010599",370,147,223
"S01010600",521,205,316
"S01010601",603,245,358
"S01010602",553,278,275
"S01010603",697,313,384
"S01010604",482,178,304
"S01010605",765,307,458
"S01010606",659,378,281
"S01010607",695,300,395
"S01010608",503,364,139
"S01010609",452,293,159
"S01010610",527,276,251
"S01010611",779,501,278
"S01010612",620,274,346
"S01010613",602,342,260
"S01010614",443,291,152
"S01010615",658,392,266
"S01010616",731,344,387
"S01010617",737,312,425
"S01010618",633,272,361
"S01010619",561,422,139
"S01010620",664,580,84
"S01010621",870,466,404
"S01010622",374,262,112
"S01010623",487,153,334
"S01010624",553,327,226
"S01010625",687,273,414
"S01010626",794,358,436
"S01010627",729,473,256
"S01010628",895,620,275
"S01010629",812,471,341
"S01010630",367,220,147
"S01010631",677,498,179
"S01010632",705,446,259
"S01010633",814,545,269
"S01010634",535,321,214
"S01010635",641,396,245
"S01010636",558,304,254
"S01010637",509,398,111
"S01010638",875,551,324
"S01010639",952,678,274
"S01010640",727,528,199
"S01010641",782,606,176
"S01010642",736,506,230
"S01010643",520,369,151
"S01010644",461,355,106
"S01010645",258,133,125
"S01010646",577,245,332
"S01010647",633,356,277
"S01010648",561,302,259
"S01010649",519,287,232
"S01010650",516,315,201
"S01010651",566,323,243
"S01010652",694,357,337
"S01010653",672,400,272
"S01010654",638,400,238
"S01010655",729,308,421
"S01010656",364,156,208
"S01010657",534,187,347
"S01010658",602,249,353
"S01010659",667,251,416
"S01010660",511,283,228
"S01010661",518,329,189
"S01010662",491,217,274
"S01010663",676,231,445
"S01010664",807,334,473
"S01010665",774,361,413
"S01010666",769,363,406
"S01010667",441,168,273
"S01010668",948,446,502
"S01010669",489,226,263
"S01010670",576,255,321
"S01010671",519,249,270
"S01010672",532,314,218
"S01010673",581,325,256
"S01010674",759,350,409
"S01010675",534,221,313
"S01010676",770,371,399
"S01010677",293,102,191
"S01010678",734,343,391
"S01010679",422,240,182
"S01010680",533,296,237
"S01010681",714,409,305
"S01010682",777,283,494
"S01010683",833,357,476
"S01010684",684,268,416
"S01010685",532,228,304
"S01010686",479,216,263
"S01010687",699,312,387
"S01010688",619,319,300
"S01010689",669,275,394
"S01010690",566,332,234
"S01010691",533,215,318
"S01010692",599,321,278
"S01010693",397,149,248
"S01010694",520,226,294
"S01010695",557,246,311
"S01010696",838,423,415
"S01010697",811,338,473
"S01010698",610,295,315
"S01010699",494,195,299
"S01010700",503,200,303
"S01010701",841,421,420
"S01010702",729,313,416
"S01010703",1337,571,766
"S01010704",278,158,120
"S01010705",842,386,456
"S01010706",339,172,167
"S01010707",745,304,441
"S01010708",464,258,206
"S01010709",591,274,317
"S01010710",610,344,266
"S01010711",523,161,362
"S01010712",556,299,257
"S01010713",633,353,280
"S01010714",613,411,202
"S01010715",588,328,260
"S01010716",782,528,254
"S01010717",539,223,316
"S01010718",755,330,425
"S01010719",564,283,281
"S01010720",629,272,357
"S01010721",546,231,315
"S01010722",710,360,350
"S01010723",710,273,437
"S01010724",706,286,420
"S01010725",600,229,371
"S01010726",794,351,443
"S01010727",415,161,254
"S01010728",531,155,376
"S01010729",590,216,374
"S01010730",698,269,429
"S01010731",752,380,372
"S01010732",651,355,296
"S01010733",437,274,163
"S01010734",723,448,275
"S01010735",455,272,183
"S01010736",223,82,141
"S01010737",889,467,422
"S01010738",458,231,227
"S01010739",695,391,304
"S01010740",387,275,112
"S01010741",440,172,268
"S01010742",571,308,263
"S01010743",731,441,290
"S01010744",970,477,493
"S01010745",529,314,215
"S01010746",922,450,472
"S01010747",660,345,315
"S01010748",526,218,308
"S01010749",504,201,303
"S01010750",542,198,344
"S01010751",503,302,201
"S01010752",633,366,267
"S01010753",799,428,371
"S01010754",525,294,231
"S01010755",542,293,249
"S01010756",544,214,330
"S01010757",659,281,378
"S01010758",604,285,319
"S01010759",567,311,256
"S01010760",467,231,236
"S01010761",443,200,243
"S01010762",500,236,264
"S01010763",549,285,264
"S01010764",497,207,290
"S01010765",743,343,400
"S01010766",653,332,321
"S01010767",582,313,269
"S01010768",490,252,238
"S01010769",424,156,268
"S01010770",720,346,374
"S01010771",749,380,369
"S01010772",697,330,367
"S01010773",651,276,375
"S01010774",590,312,278
"S01010775",526,225,301
"S01010776",456,251,205
"S01010777",449,300,149
"S01010778",371,262,109
"S01010779",612,350,262
"S01010780",479,252,227
"S01010781",646,320,326
"S01010782",513,290,223
"S01010783",464,285,179
"S01010784",582,378,204
"S01010785",580,240,340
"S01010786",534,242,292
"S01010787",733,290,443
"S01010788",506,239,267
"S01010789",590,264,326
"S01010790",570,224,346
"S01010791",720,285,435
"S01010792",490,275,215
"S01010793",530,218,312
"S01010794",510,232,278
"S01010795",565,227,338
"S01010796",936,424,512
"S01010797",633,241,392
"S01010798",579,236,343
"S01010799",817,509,308
"S01010800",608,346,262
"S01010801",528,270,258
"S01010802",475,263,212
"S01010803",499,310,189
"S01010804",497,229,268
"S01010805",705,340,365
"S01010806",741,482,259
"S01010807",450,209,241
"S01010808",422,181,241
"S01010809",675,330,345
"S01010810",429,230,199
"S01010811",613,297,316
"S01010812",461,220,241
"S01010813",454,232,222
"S01010814",536,250,286
"S01010815",377,176,201
"S01010816",453,202,251
"S01010817",803,297,506
"S01010818",826,359,467
"S01010819",859,365,494
"S01010820",803,379,424
"S01010821",499,136,363
"S01010822",641,296,345
"S01010823",368,191,177
"S01010824",237,81,156
"S01010825",731,259,472
"S01010826",545,218,327
"S01010827",491,178,313
"S01010828",961,347,614
"S01010829",710,354,356
"S01010830",476,234,242
"S01010831",436,136,300
"S01010832",1136,507,629
"S01010833",407,150,257
"S01010834",702,247,455
"S01010835",576,207,369
"S01010836",696,371,325
"S01010837",438,229,209
"S01010838",664,351,313
"S01010839",593,317,276
"S01010840",448,298,150
"S01010841",657,378,279
"S01010842",808,605,203
"S01010843",582,392,190
"S01010844",571,231,340
"S01010845",528,213,315
"S01010846",620,390,230
"S01010847",518,216,302
"S01010848",519,348,171
"S01010849",732,475,257
"S01010850",711,475,236
"S01010851",518,343,175
"S01010852",725,390,335
"S01010853",726,387,339
"S01010854",701,459,242
"S01010855",449,258,191
"S01010856",755,487,268
"S01010857",644,327,317
"S01010858",592,366,226
"S01010859",586,351,235
"S01010860",498,281,217
"S01010861",440,298,142
"S01010862",439,346,93
"S01010863",770,393,377
"S01010864",487,184,303
"S01010865",643,267,376
"S01010866",670,335,335
"S01010867",591,277,314
"S01010868",743,394,349
"S01010869",632,275,357
"S01010870",667,405,262
"S01010871",759,457,302
"S01010872",624,403,221
"S01010873",497,410,87
"S01010874",632,337,295
"S01010875",426,269,157
"S01010876",608,454,154
"S01010877",841,519,322
"S01010878",1121,708,413
"S01010879",735,387,348
"S01010880",444,297,147
"S01010881",469,256,213
"S01010882",457,218,239
"S01010883",736,370,366
"S01010884",582,408,174
"S01010885",656,503,153
"S01010886",399,290,109
"S01010887",527,380,147
"S01010888",862,588,274
"S01010889",423,328,95
"S01010890",713,543,170
"S01010891",390,315,75
"S01010892",758,567,191
"S01010893",465,357,108
"S01010894",579,418,161
"S01010895",358,274,84
"S01010896",666,424,242
"S01010897",473,341,132
"S01010898",505,323,182
"S01010899",383,196,187
"S01010900",508,338,170
"S01010901",351,237,114
"S01010902",825,482,343
"S01010903",667,450,217
"S01010904",446,312,134
"S01010905",502,339,163
"S01010906",746,449,297
"S01010907",467,214,253
"S01010908",439,248,191
"S01010909",469,245,224
"S01010910",405,325,80
"S01010911",495,375,120
"S01010912",593,402,191
"S01010913",537,271,266
"S01010914",662,343,319
"S01010915",469,227,242
"S01010916",486,368,118
"S01010917",620,383,237
"S01010918",612,336,276
"S01010919",658,372,286
"S01010920",339,266,73
"S01010921",521,302,219
"S01010922",721,446,275
"S01010923",729,420,309
"S01010924",512,300,212
"S01010925",678,431,247
"S01010926",649,355,294
"S01010927",461,253,208
"S01010928",561,324,237
"S01010929",516,333,183
"S01010930",1306,527,779
"S01010931",453,226,227
"S01010932",376,223,153
"S01010933",668,248,420
"S01010934",835,344,491
"S01010935",479,218,261
"S01010936",411,258,153
"S01010937",627,286,341
"S01010938",636,412,224
"S01010939",421,192,229
"S01010940",502,162,340
"S01010941",603,195,408
"S01010942",563,176,387
"S01010943",486,269,217
"S01010944",525,360,165
"S01010945",441,217,224
"S01010946",682,378,304
"S01010947",440,246,194
"S01010948",469,211,258
"S01010949",832,325,507
"S01010950",695,333,362
"S01010951",507,250,257
"S01010952",410,172,238
"S01010953",467,242,225
"S01010954",528,257,271
"S01010955",720,227,493
"S01010956",639,299,340
"S01010957",473,163,310
"S01010958",424,174,250
"S01010959",486,288,198
"S01010960",1187,667,520
"S01010961",496,276,220
"S01010962",619,344,275
"S01010963",655,322,333
"S01010964",444,166,278
"S01010965",419,282,137
"S01010966",430,220,210
"S01010967",552,350,202
"S01010968",603,272,331
"S01010969",469,238,231
"S01010970",790,397,393
"S01010971",715,297,418
"S01010972",482,248,234
"S01010973",419,186,233
"S01010974",593,286,307
"S01010975",380,206,174
"S01010976",391,209,182
"S01010977",604,306,298
"S01010978",599,403,196
"S01010979",651,360,291
"S01010980",601,352,249
"S01010981",612,311,301
"S01010982",778,323,455
"S01010983",730,328,402
"S01010984",513,183,330
"S01010985",503,266,237
"S01010986",328,108,220
"S01010987",522,160,362
"S01010988",450,151,299
"S01010990",636,291,345
"S01010991",1529,691,838
"S01010992",153,98,55
"S01010993",619,258,361
"S01010994",1320,623,697
"S01010995",608,201,407
"S01010996",514,217,297
"S01010997",561,177,384
"S01010998",495,191,304
"S01010999",746,289,457
"S01011000",1129,550,579
"S01011001",439,205,234
"S01011002",594,326,268
"S01011003",553,293,260
"S01011004",486,214,272
"S01011005",556,328,228
"S01011006",907,438,469
"S01011007",542,293,249
"S01011008",653,305,348
"S01011009",416,229,187
"S01011010",510,389,121
"S01011011",663,488,175
"S01011012",540,356,184
"S01011013",668,332,336
"S01011014",544,248,296
"S01011015",380,168,212
"S01011017",1836,801,1035
"S01011018",709,346,363
"S01011019",876,385,491
"S01011020",378,141,237
"S01011021",605,330,275
"S01011022",196,131,65
"S01011023",469,235,234
"S01011024",443,289,154
"S01011025",556,343,213
"S01011026",456,246,210
"S01011027",759,484,275
"S01011028",605,385,220
"S01011029",509,286,223
"S01011030",798,348,450
"S01011031",576,315,261
"S01011032",541,325,216
"S01011033",524,253,271
"S01011034",563,314,249
"S01011035",517,282,235
"S01011036",388,165,223
"S01011037",742,459,283
"S01011038",581,366,215
"S01011039",595,329,266
"S01011040",562,313,249
"S01011041",629,385,244
"S01011042",642,294,348
"S01011043",561,277,284
"S01011044",568,340,228
"S01011045",644,296,348
"S01011046",717,269,448
"S01011047",726,249,477
"S01011048",735,366,369
"S01011049",581,244,337
"S01011050",651,264,387
"S01011051",1047,476,571
"S01011052",712,329,383
"S01011053",401,224,177
"S01011054",442,199,243
"S01011055",453,199,254
"S01011056",653,269,384
"S01011057",475,239,236
"S01011058",523,206,317
"S01011059",510,203,307
"S01011060",780,398,382
"S01011061",699,420,279
"S01011062",755,390,365
"S01011063",855,468,387
"S01011064",762,354,408
"S01011065",592,255,337
"S01011066",427,199,228
"S01011067",478,237,241
"S01011068",421,195,226
"S01011069",467,227,240
"S01011070",386,141,245
"S01011071",726,285,441
"S01011072",801,346,455
"S01011073",662,274,388
"S01011074",509,241,268
"S01011075",570,315,255
"S01011076",539,313,226
"S01011077",586,345,241
"S01011078",832,337,495
"S01011079",997,481,516
"S01011080",838,421,417
"S01011081",662,358,304
"S01011082",474,300,174
"S01011083",527,252,275
"S01011084",654,258,396
"S01011085",673,244,429
"S01011086",546,209,337
"S01011087",479,226,253
"S01011088",803,412,391
"S01011089",542,267,275
"S01011090",612,224,388
"S01011091",526,186,340
"S01011093",2036,993,1043
"S01011094",527,226,301
"S01011095",571,197,374
"S01011096",348,182,166
"S01011097",690,270,420
"S01011098",699,336,363
"S01011099",651,386,265
"S01011100",328,151,177
"S01011101",482,289,193
"S01011102",677,492,185
"S01011103",360,249,111
"S01011104",628,383,245
"S01011105",682,395,287
"S01011106",644,269,375
"S01011108",447,243,204
"S01011109",690,329,361
"S01011110",568,304,264
"S01011111",699,434,265
"S01011113",1017,497,520
"S01011114",615,238,377
"S01011115",751,434,317
"S01011116",418,176,242
"S01011117",635,304,331
"S01011118",724,344,380
"S01011119",789,318,471
"S01011120",608,169,439
"S01011121",473,349,124
"S01011122",541,314,227
"S01011123",843,452,391
"S01011124",505,273,232
"S01011125",392,269,123
"S01011126",452,191,261
"S01011127",327,42,285
"S01011128",600,315,285
"S01011129",640,185,455
"S01011130",571,285,286
"S01011131",565,293,272
"S01011132",745,326,419
"S01011133",375,173,202
"S01011134",665,366,299
"S01011135",564,306,258
"S01011136",563,272,291
"S01011137",369,187,182
"S01011138",482,247,235
"S01011139",483,184,299
"S01011140",428,236,192
"S01011141",435,229,206
"S01011142",1591,1072,519
"S01011143",780,295,485
"S01011144",597,240,357
"S01011145",789,317,472
"S01011146",440,184,256
"S01011147",841,427,414
"S01011148",713,342,371
"S01011149",582,287,295
"S01011150",258,113,145
"S01011151",429,155,274
"S01011152",521,241,280
"S01011153",935,571,364
"S01011154",418,280,138
"S01011155",633,378,255
"S01011156",488,193,295
"S01011157",514,205,309
"S01011158",446,145,301
"S01011159",471,276,195
"S01011160",746,392,354
"S01011161",496,263,233
"S01011162",366,198,168
"S01011163",535,316,219
"S01011164",726,349,377
"S01011165",624,381,243
"S01011166",434,159,275
"S01011167",641,253,388
"S01011168",707,285,422
"S01011169",706,304,402
"S01011170",756,334,422
"S01011171",789,332,457
"S01011172",647,299,348
"S01011173",507,233,274
"S01011174",470,238,232
"S01011175",439,234,205
"S01011176",434,204,230
"S01011177",741,369,372
"S01011178",394,192,202
"S01011179",345,188,157
"S01011180",540,329,211
"S01011181",1167,429,738
"S01011182",441,139,302
"S01011183",475,201,274
"S01011184",816,288,528
"S01011185",600,248,352
"S01011186",731,382,349
"S01011187",599,228,371
"S01011188",785,442,343
"S01011189",706,392,314
"S01011190",383,250,133
"S01011191",578,300,278
"S01011192",625,322,303
"S01011193",540,319,221
"S01011194",553,338,215
"S01011195",481,264,217
"S01011196",704,416,288
"S01011197",657,383,274
"S01011198",486,269,217
"S01011199",639,363,276
"S01011200",620,324,296
"S01011201",508,248,260
"S01011202",689,394,295
"S01011203",664,351,313
"S01011204",474,187,287
"S01011206",567,256,311
"S01011207",622,299,323
"S01011208",728,309,419
"S01011209",514,301,213
"S01011210",425,166,259
"S01011211",547,225,322
"S01011212",419,207,212
"S01011213",747,437,310
"S01011214",884,507,377
"S01011215",384,243,141
"S01011216",376,277,99
"S01011217",643,434,209
"S01011218",461,316,145
"S01011219",564,334,230
"S01011220",737,443,294
"S01011221",767,460,307
"S01011222",555,285,270
"S01011223",646,331,315
"S01011224",598,346,252
"S01011225",607,398,209
"S01011226",858,352,506
"S01011227",603,395,208
"S01011228",674,444,230
"S01011229",445,318,127
"S01011230",825,670,155
"S01011231",503,310,193
"S01011232",821,556,265
"S01011233",268,156,112
"S01011234",788,519,269
"S01011235",428,265,163
"S01011236",359,238,121
"S01011237",658,406,252
"S01011238",516,386,130
"S01011239",628,460,168
"S01011240",633,495,138
"S01011241",846,492,354
"S01011242",681,392,289
"S01011243",757,588,169
"S01011244",576,445,131
"S01011245",720,449,271
"S01011246",747,383,364
"S01011247",721,292,429
"S01011248",630,290,340
"S01011249",617,255,362
"S01011250",695,464,231
"S01011251",700,404,296
"S01011252",632,421,211
"S01011253",692,465,227
"S01011254",791,299,492
"S01011255",330,104,226
"S01011256",336,128,208
"S01011257",372,131,241
"S01011258",480,209,271
"S01011259",664,379,285
"S01011260",633,285,348
"S01011261",614,401,213
"S01011262",403,245,158
"S01011263",708,438,270
"S01011264",510,292,218
"S01011265",690,481,209
"S01011266",745,376,369
"S01011267",411,149,262
"S01011268",200,78,122
"S01011269",512,306,206
"S01011270",569,390,179
"S01011271",714,386,328
"S01011272",628,422,206
"S01011273",648,389,259
"S01011274",676,458,218
"S01011275",514,331,183
"S01011276",769,428,341
"S01011277",485,205,280
"S01011278",417,185,232
"S01011279",561,263,298
"S01011280",517,161,356
"S01011281",519,205,314
"S01011282",695,260,435
"S01011283",549,184,365
"S01011285",549,345,204
"S01011286",493,297,196
"S01011287",633,374,259
"S01011288",595,336,259
"S01011289",661,382,279
"S01011290",998,624,374
"S01011291",622,403,219
"S01011292",690,438,252
"S01011293",591,345,246
"S01011294",681,447,234
"S01011295",821,363,458
"S01011296",492,256,236
"S01011297",650,395,255
"S01011298",480,286,194
"S01011299",415,163,252
"S01011300",767,450,317
"S01011301",545,222,323
"S01011302",765,511,254
"S01011303",725,301,424
"S01011304",540,337,203
"S01011305",641,344,297
"S01011306",474,252,222
"S01011307",1694,699,995
"S01011308",458,180,278
"S01011309",618,219,399
"S01011310",591,309,282
"S01011311",606,219,387
"S01011312",955,300,655
"S01011313",614,319,295
"S01011314",876,381,495
"S01011315",236,142,94
"S01011316",574,306,268
"S01011317",744,323,421
"S01011318",871,448,423
"S01011319",758,289,469
"S01011320",466,272,194
"S01011321",487,232,255
"S01011322",494,225,269
"S01011323",737,406,331
"S01011324",363,201,162
"S01011325",652,495,157
"S01011326",686,513,173
"S01011327",624,353,271
"S01011328",595,281,314
"S01011329",796,411,385
"S01011330",616,240,376
"S01011331",511,183,328
"S01011332",791,280,511
"S01011333",672,246,426
"S01011334",987,426,561
"S01011335",826,289,537
"S01011336",482,270,212
"S01011337",588,182,406
"S01011338",402,208,194
"S01011339",354,201,153
"S01011340",553,329,224
"S01011341",595,376,219
"S01011342",583,289,294
"S01011343",807,524,283
"S01011344",587,360,227
"S01011345",598,417,181
"S01011346",569,306,263
"S01011347",945,519,426
"S01011348",738,426,312
"S01011349",741,326,415
"S01011350",571,213,358
"S01011351",576,346,230
"S01011352",552,353,199
"S01011353",556,301,255
"S01011354",608,294,314
"S01011355",805,412,393
"S01011356",791,325,466
"S01011357",711,307,404
"S01011358",434,182,252
"S01011359",646,321,325
"S01011360",573,380,193
"S01011361",331,263,68
"S01011362",1063,589,474
"S01011363",680,363,317
"S01011364",521,226,295
"S01011365",449,164,285
"S01011366",454,262,192
"S01011367",688,415,273
"S01011368",1060,473,587
"S01011369",677,387,290
"S01011370",199,112,87
"S01011371",708,510,198
"S01011372",574,444,130
"S01011373",554,383,171
"S01011374",537,271,266
"S01011375",590,344,246
"S01011376",431,319,112
"S01011377",506,219,287
"S01011378",676,286,390
"S01011379",740,288,452
"S01011380",583,367,216
"S01011381",528,259,269
"S01011382",328,227,101
"S01011383",568,428,140
"S01011384",522,390,132
"S01011385",770,507,263
"S01011386",468,320,148
"S01011387",657,431,226
"S01011388",265,156,109
"S01011389",1218,678,540
"S01011390",493,281,212
"S01011391",351,197,154
"S01011392",542,319,223
"S01011393",514,282,232
"S01011394",419,165,254
"S01011395",646,448,198
"S01011396",663,442,221
"S01011397",689,457,232
"S01011398",591,366,225
"S01011399",423,271,152
"S01011400",352,260,92
"S01011401",552,299,253
"S01011402",840,466,374
"S01011403",424,212,212
"S01011404",797,483,314
"S01011405",525,266,259
"S01011406",460,247,213
"S01011407",936,470,466
"S01011408",691,389,302
"S01011409",631,408,223
"S01011410",540,329,211
"S01011411",403,211,192
"S01011412",678,271,407
"S01011413",362,171,191
"S01011414",668,382,286
"S01011415",728,391,337
"S01011416",530,181,349
"S01011417",605,309,296
"S01011418",463,283,180
"S01011419",471,252,219
"S01011420",405,282,123
"S01011421",364,197,167
"S01011422",399,235,164
"S01011423",416,258,158
"S01011424",466,237,229
"S01011425",616,303,313
"S01011426",1392,644,748
"S01011427",386,241,145
"S01011428",234,119,115
"S01011429",1619,993,626
"S01011430",709,372,337
"S01011431",886,521,365
"S01011432",811,405,406
"S01011433",666,456,210
"S01011434",428,210,218
"S01011435",843,401,442
"S01011436",526,339,187
"S01011437",610,374,236
"S01011438",427,305,122
"S01011439",1049,546,503
"S01011440",414,222,192
"S01011441",699,392,307
"S01011442",508,298,210
"S01011443",376,220,156
"S01011444",490,284,206
"S01011445",310,193,117
"S01011446",2657,1191,1466
"S01011447",605,363,242
"S01011448",629,320,309
"S01011449",288,206,82
"S01011450",493,200,293
"S01011451",1877,920,957
"S01011452",778,406,372
"S01011453",585,322,263
"S01011454",634,374,260
"S01011455",623,374,249
"S01011456",690,401,289
"S01011457",731,467,264
"S01011458",873,393,480
"S01011459",313,228,85
"S01011460",633,325,308
"S01011461",466,316,150
"S01011462",681,370,311
"S01011463",556,286,270
"S01011464",1059,477,582
"S01011465",406,280,126
"S01011466",494,331,163
"S01011467",418,238,180
"S01011468",98,34,64
"S01011469",639,391,248
"S01011470",830,464,366
"S01011471",845,473,372
"S01011472",699,488,211
"S01011473",714,473,241
"S01011474",606,427,179
"S01011475",520,374,146
"S01011476",413,166,247
"S01011477",710,229,481
"S01011478",861,355,506
"S01011479",644,312,332
"S01011480",856,384,472
"S01011481",637,292,345
"S01011482",747,425,322
"S01011483",438,201,237
"S01011484",710,439,271
"S01011485",754,474,280
"S01011486",437,275,162
"S01011487",676,454,222
"S01011488",519,304,215
"S01011489",543,249,294
"S01011490",1197,740,457
"S01011491",415,282,133
"S01011492",597,453,144
"S01011493",398,134,264
"S01011494",530,266,264
"S01011495",582,358,224
"S01011496",493,353,140
"S01011497",492,257,235
"S01011498",539,248,291
"S01011499",500,261,239
"S01011500",424,201,223
"S01011501",537,359,178
"S01011502",473,258,215
"S01011503",645,335,310
"S01011504",736,431,305
"S01011505",500,329,171
"S01011506",613,301,312
"S01011507",514,307,207
"S01011508",788,467,321
"S01011509",521,294,227
"S01011510",659,427,232
"S01011511",435,289,146
"S01011512",847,597,250
"S01011513",609,401,208
"S01011514",824,498,326
"S01011515",451,279,172
"S01011516",718,310,408
"S01011517",453,227,226
"S01011518",460,284,176
"S01011519",642,359,283
"S01011520",470,341,129
"S01011521",599,404,195
"S01011522",796,529,267
"S01011523",674,428,246
"S01011524",762,376,386
"S01011525",783,355,428
"S01011526",898,465,433
"S01011527",517,203,314
"S01011528",830,492,338
"S01011529",346,262,84
"S01011530",739,460,279
"S01011531",631,302,329
"S01011532",847,401,446
"S01011533",633,458,175
"S01011534",533,275,258
"S01011535",887,622,265
"S01011536",573,250,323
"S01011537",445,250,195
"S01011538",437,191,246
"S01011539",619,383,236
"S01011540",849,444,405
"S01011541",716,470,246
"S01011542",1269,668,601
"S01011543",611,397,214
"S01011544",550,302,248
"S01011545",488,290,198
"S01011546",550,203,347
"S01011547",434,197,237
"S01011548",614,317,297
"S01011549",678,257,421
"S01011550",607,209,398
"S01011551",450,220,230
"S01011552",1032,534,498
"S01011554",733,405,328
"S01011555",244,165,79
"S01011556",304,214,90
"S01011557",433,248,185
"S01011558",339,192,147
"S01011559",494,282,212
"S01011560",618,364,254
"S01011561",357,238,119
"S01011562",396,298,98
"S01011563",674,466,208
"S01011564",477,262,215
"S01011565",743,423,320
"S01011566",455,295,160
"S01011567",831,468,363
"S01011568",652,318,334
"S01011569",886,437,449
"S01011570",524,321,203
"S01011571",480,373,107
"S01011572",578,377,201
"S01011573",842,438,404
"S01011574",817,399,418
"S01011575",197,135,62
"S01011576",737,567,170
"S01011577",510,289,221
"S01011578",676,443,233
"S01011579",465,171,294
"S01011580",557,349,208
"S01011581",592,408,184
"S01011582",893,434,459
"S01011583",559,378,181
"S01011584",591,349,242
"S01011585",585,388,197
"S01011586",482,311,171
"S01011587",333,216,117
"S01011588",609,375,234
"S01011589",1551,685,866
"S01011590",552,324,228
"S01011591",501,319,182
"S01011592",563,388,175
"S01011593",601,326,275
"S01011594",385,228,157
"S01011595",446,253,193
"S01011596",865,540,325
"S01011597",537,341,196
"S01011598",682,612,70
"S01011599",662,375,287
"S01011600",833,532,301
"S01011601",588,255,333
"S01011602",418,242,176
"S01011603",673,458,215
"S01011604",528,305,223
"S01011605",715,366,349
"S01011606",442,185,257
"S01011607",477,191,286
"S01011608",741,319,422
"S01011609",762,563,199
"S01011610",532,323,209
"S01011611",587,309,278
"S01011613",1159,468,691
"S01011614",241,127,114
"S01011615",559,329,230
"S01011616",343,210,133
"S01011617",638,376,262
"S01011618",491,282,209
"S01011619",699,309,390
"S01011620",506,210,296
"S01011621",591,293,298
"S01011622",138,73,65
"S01011623",563,317,246
"S01011624",550,289,261
"S01011625",339,183,156
"S01011626",345,155,190
"S01011627",532,201,331
"S01011628",1063,411,652
"S01011629",490,278,212
"S01011630",591,313,278
"S01011631",455,292,163
"S01011632",580,375,205
"S01011633",507,297,210
"S01011634",435,259,176
"S01011635",215,119,96
"S01011636",550,323,227
"S01011637",560,346,214
"S01011638",429,250,179
"S01011639",455,300,155
"S01011640",535,292,243
"S01011641",406,134,272
"S01011642",592,285,307
"S01011643",589,266,323
"S01011644",471,217,254
"S01011645",534,275,259
"S01011646",589,189,400
"S01011647",701,313,388
"S01011648",722,381,341
"S01011649",187,149,38
"S01011650",583,273,310
"S01011651",772,450,322
"S01011652",642,323,319
"S01011653",820,470,350
"S01011654",827,516,311
"S01011655",718,490,228
"S01011656",218,179,39
"S01011657",426,318,108
"S01011658",552,303,249
"S01011659",660,361,299
"S01011660",659,332,327
"S01011661",434,238,196
"S01011662",414,163,251
"S01011663",622,390,232
"S01011664",834,499,335
"S01011665",718,479,239
"S01011666",736,480,256
"S01011667",526,351,175
"S01011668",782,522,260
"S01011669",560,281,279
"S01011670",406,270,136
"S01011671",589,282,307
"S01011672",498,272,226
"S01011673",537,306,231
"S01011674",521,280,241
"S01011675",653,358,295
"S01011676",567,340,227
"S01011678",380,241,139
"S01011679",157,67,90
"S01011680",864,515,349
"S01011681",667,338,329
"S01011682",1386,732,654
"S01011683",970,513,457
"S01011684",335,163,172
"S01011685",937,462,475
"S01011686",591,255,336
"S01011687",991,508,483
"S01011688",898,419,479
"S01011689",538,189,349
"S01011690",747,360,387
"S01011691",140,72,68
"S01011692",860,519,341
"S01011693",555,285,270
"S01011695",2954,1324,1630
"S01011697",757,342,415
"S01011698",537,304,233
"S01011699",764,332,432
"S01011700",661,347,314
"S01011701",735,345,390
"S01011702",626,286,340
"S01011703",952,378,574
"S01011704",415,184,231
"S01011705",518,329,189
"S01011706",883,494,389
"S01011707",584,209,375
"S01011708",663,418,245
"S01011709",850,410,440
"S01011710",477,304,173
"S01011711",551,394,157
"S01011712",394,267,127
"S01011713",602,287,315
"S01011714",339,132,207
"S01011715",493,302,191
"S01011716",701,320,381
"S01011717",615,243,372
"S01011718",634,253,381
"S01011719",529,235,294
"S01011720",465,173,292
"S01011721",586,270,316
"S01011722",475,277,198
"S01011723",669,302,367
"S01011724",525,295,230
"S01011725",498,209,289
"S01011726",347,137,210
"S01011728",767,445,322
"S01011729",562,351,211
"S01011730",782,343,439
"S01011731",720,382,338
"S01011732",680,236,444
"S01011733",705,332,373
"S01011734",646,316,330
"S01011735",621,219,402
"S01011736",578,348,230
"S01011737",479,266,213
"S01011738",1110,641,469
"S01011739",430,248,182
"S01011740",689,466,223
"S01011741",536,324,212
"S01011742",614,327,287
"S01011743",657,391,266
"S01011744",715,478,237
"S01011745",633,390,243
"S01011746",412,238,174
"S01011747",754,486,268
"S01011748",647,437,210
"S01011749",560,448,112
"S01011750",709,407,302
"S01011751",780,615,165
"S01011752",750,498,252
"S01011753",660,346,314
"S01011754",619,314,305
"S01011755",761,468,293
"S01011756",702,415,287
"S01011757",573,357,216
"S01011758",498,263,235
"S01011759",576,272,304
"S01011760",729,439,290
"S01011761",507,316,191
"S01011762",532,382,150
"S01011763",564,264,300
"S01011764",234,98,136
"S01011765",818,347,471
"S01011766",505,189,316
"S01011767",744,443,301
"S01011768",591,382,209
"S01011769",554,331,223
"S01011770",680,435,245
"S01011771",531,191,340
"S01011772",719,233,486
"S01011773",447,170,277
"S01011774",692,315,377
"S01011775",648,230,418
"S01011776",201,49,152
"S01011777",477,208,269
"S01011778",493,243,250
"S01011779",640,225,415
"S01011780",728,249,479
"S01011781",459,179,280
"S01011782",582,217,365
"S01011783",486,188,298
"S01011784",660,378,282
"S01011785",711,349,362
"S01011787",754,481,273
"S01011788",295,77,218
"S01011789",2566,971,1595
"S01011790",778,408,370
"S01011791",610,353,257
"S01011792",784,469,315
"S01011793",611,336,275
"S01011794",709,377,332
"S01011795",418,231,187
"S01011796",514,353,161
"S01011797",521,196,325
"S01011798",323,204,119
"S01011799",757,311,446
"S01011800",555,280,275
"S01011801",364,181,183
"S01011802",582,334,248
"S01011803",1083,539,544
"S01011804",400,265,135
"S01011805",403,236,167
"S01011806",783,379,404
"S01011807",923,403,520
"S01011808",521,271,250
"S01011809",595,241,354
"S01011810",785,325,460
"S01011811",755,291,464
"S01011812",545,204,341
"S01011813",625,275,350
"S01011814",575,206,369
"S01011815",614,288,326
"S01011816",530,178,352
"S01011817",919,389,530
"S01011818",785,391,394
"S01011819",729,445,284
"S01011820",512,305,207
"S01011821",264,202,62
"S01011822",615,448,167
"S01011823",506,270,236
"S01011824",553,325,228
"S01011825",462,254,208
"S01011826",550,313,237
"S01011827",371,168,203
"S01011828",764,342,422
"S01011829",357,169,188
"S01011830",387,165,222
"S01011831",435,192,243
"S01011832",719,302,417
"S01011833",805,286,519
"S01011834",397,133,264
"S01011835",549,211,338
"S01011836",530,178,352
"S01011837",686,248,438
"S01011838",573,195,378
"S01011839",1038,397,641
"S01011840",554,227,327
"S01011841",745,344,401
"S01011842",791,453,338
"S01011843",812,288,524
"S01011844",611,233,378
"S01011845",674,315,359
"S01011846",724,296,428
"S01011847",343,98,245
"S01011848",588,224,364
"S01011849",650,285,365
"S01011850",635,275,360
"S01011851",735,374,361
"S01011852",847,457,390
"S01011853",571,285,286
"S01011854",712,332,380
"S01011855",706,352,354
"S01011856",545,187,358
"S01011857",857,357,500
"S01011858",868,338,530
"S01011859",752,354,398
"S01011860",734,329,405
"S01011861",521,226,295
"S01011862",691,238,453
"S01011863",653,333,320
"S01011864",612,219,393
"S01011865",516,271,245
"S01011866",636,250,386
"S01011867",481,290,191
"S01011868",717,416,301
"S01011869",679,399,280
"S01011870",565,307,258
"S01011871",866,384,482
"S01011872",862,353,509
"S01011873",646,270,376
"S01011874",331,139,192
"S01011875",571,276,295
"S01011876",770,321,449
"S01011877",469,205,264
"S01011878",852,345,507
"S01011879",345,138,207
"S01011880",581,198,383
"S01011881",473,252,221
"S01011882",810,382,428
"S01011883",1228,618,610
"S01011884",701,290,411
"S01011885",527,177,350
"S01011886",540,248,292
"S01011887",468,246,222
"S01011888",554,326,228
"S01011889",706,365,341
"S01011890",570,283,287
"S01011891",1121,859,262
"S01011892",817,513,304
"S01011893",603,419,184
"S01011894",862,442,420
"S01011895",579,251,328
"S01011896",727,347,380
"S01011897",826,348,478
"S01011898",384,133,251
"S01011899",662,229,433
"S01011900",602,222,380
"S01011901",809,380,429
"S01011902",827,301,526
"S01011903",678,228,450
"S01011904",698,259,439
"S01011905",641,219,422
"S01011906",370,144,226
"S01011907",632,302,330
"S01011908",294,126,168
"S01011909",783,376,407
"S01011910",720,512,208
"S01011911",538,284,254
"S01011912",578,361,217
"S01011913",581,389,192
"S01011914",621,444,177
"S01011915",643,371,272
"S01011916",459,255,204
"S01011917",421,234,187
"S01011918",464,331,133
"S01011919",758,532,226
"S01011920",521,329,192
"S01011921",465,300,165
"S01011922",620,375,245
"S01011923",1025,635,390
"S01011924",354,194,160
"S01011925",551,238,313
"S01011926",523,293,230
"S01011927",502,304,198
"S01011928",605,335,270
"S01011929",527,318,209
"S01011930",569,343,226
"S01011931",474,320,154
"S01011932",423,338,85
"S01011933",473,306,167
"S01011934",1015,604,411
"S01011935",872,583,289
"S01011936",489,369,120
"S01011937",615,471,144
"S01011938",611,398,213
"S01011939",666,533,133
"S01011940",488,380,108
"S01011941",543,466,77
"S01011942",784,647,137
"S01011943",1055,856,199
"S01011944",384,130,254
"S01011945",699,222,477
"S01011946",671,346,325
"S01011947",415,138,277
"S01011948",996,535,461
"S01011949",622,226,396
"S01011950",759,339,420
"S01011951",563,269,294
"S01011953",609,238,371
"S01011954",312,156,156
"S01011955",836,441,395
"S01011956",783,252,531
"S01011957",765,360,405
"S01011958",1296,480,816
"S01011959",841,351,490
"S01011960",637,222,415
"S01011961",573,260,313
"S01011962",673,222,451
"S01011963",282,146,136
"S01011964",827,337,490
"S01011965",762,359,403
"S01011966",675,246,429
"S01011967",963,466,497
"S01011968",748,411,337
"S01011969",666,318,348
"S01011970",761,461,300
"S01011971",445,190,255
"S01011972",1094,467,627
"S01011973",547,231,316
"S01011974",740,295,445
"S01011975",393,171,222
"S01011976",645,300,345
"S01011977",965,488,477
"S01011978",587,305,282
"S01011979",835,329,506
"S01011980",401,172,229
"S01011981",789,358,431
"S01011982",786,304,482
"S01011983",657,298,359
"S01011984",539,303,236
"S01011985",741,368,373
"S01011986",530,320,210
"S01011987",653,282,371
"S01011988",602,245,357
"S01011989",719,324,395
"S01011990",595,210,385
"S01011991",594,288,306
"S01011992",771,376,395
"S01011993",800,545,255
"S01011994",655,195,460
"S01011995",855,331,524
"S01011996",347,171,176
"S01011997",745,403,342
"S01011998",426,112,314
"S01011999",527,248,279
"S01012000",375,151,224
"S01012001",418,188,230
"S01012002",484,199,285
"S01012003",443,215,228
"S01012004",755,362,393
"S01012005",599,227,372
"S01012006",935,490,445
"S01012007",704,340,364
"S01012008",804,422,382
"S01012009",728,381,347
"S01012010",1080,542,538
"S01012011",960,530,430
"S01012012",588,243,345
"S01012013",539,229,310
"S01012014",715,418,297
"S01012015",780,385,395
"S01012016",740,326,414
"S01012017",432,168,264
"S01012018",725,287,438
"S01012019",661,289,372
"S01012020",586,320,266
"S01012021",472,216,256
"S01012022",529,241,288
"S01012023",449,205,244
"S01012024",690,263,427
"S01012025",563,236,327
"S01012026",94,45,49
"S01012027",1581,729,852
"S01012028",780,264,516
"S01012029",1171,656,515
"S01012030",1032,418,614
"S01012031",199,67,132
"S01012032",301,131,170
"S01012033",696,355,341
"S01012034",658,355,303
"S01012035",772,376,396
"S01012036",735,309,426
"S01012037",762,445,317
"S01012038",630,469,161
"S01012039",801,447,354
"S01012040",423,188,235
"S01012041",721,381,340
"S01012042",754,424,330
"S01012043",687,415,272
"S01012044",756,489,267
"S01012045",903,623,280
"S01012046",571,408,163
"S01012047",805,559,246
"S01012048",615,440,175
"S01012049",575,345,230
"S01012050",531,222,309
"S01012051",776,456,320
"S01012052",763,450,313
"S01012053",750,467,283
"S01012054",570,453,117
"S01012055",815,532,283
"S01012056",671,318,353
"S01012057",669,271,398
"S01012058",633,287,346
"S01012059",706,428,278
"S01012060",713,416,297
"S01012061",830,401,429
"S01012062",692,303,389
"S01012063",406,226,180
"S01012064",473,349,124
"S01012065",416,326,90
"S01012066",635,439,196
"S01012067",419,338,81
"S01012068",380,318,62
"S01012069",456,367,89
"S01012070",615,499,116
"S01012071",915,756,159
"S01012072",971,774,197
"S01012073",564,343,221
"S01012074",588,327,261
"S01012075",582,243,339
"S01012076",615,341,274
"S01012077",587,403,184
"S01012078",783,458,325
"S01012079",763,473,290
"S01012080",564,398,166
"S01012081",520,391,129
"S01012082",443,285,158
"S01012083",704,517,187
"S01012084",487,231,256
"S01012085",588,274,314
"S01012086",819,553,266
"S01012087",608,363,245
"S01012088",555,259,296
"S01012089",692,266,426
"S01012090",770,250,520
"S01012091",465,217,248
"S01012092",433,174,259
"S01012093",478,256,222
"S01012094",683,272,411
"S01012095",625,322,303
"S01012096",725,467,258
"S01012097",443,244,199
"S01012098",509,325,184
"S01012099",851,564,287
"S01012100",1073,603,470
"S01012101",559,250,309
"S01012102",501,350,151
"S01012103",763,436,327
"S01012104",700,261,439
"S01012105",928,454,474
"S01012106",897,459,438
"S01012107",587,273,314
"S01012108",852,625,227
"S01012109",766,593,173
"S01012110",527,385,142
"S01012111",461,356,105
"S01012112",774,448,326
"S01012113",866,485,381
"S01012114",834,465,369
"S01012115",429,251,178
"S01012116",414,229,185
"S01012117",338,132,206
"S01012118",815,294,521
"S01012119",741,268,473
"S01012120",468,287,181
"S01012121",787,458,329
"S01012122",671,391,280
"S01012123",429,247,182
"S01012124",447,252,195
"S01012125",665,546,119
"S01012126",717,475,242
"S01012127",745,620,125
"S01012128",377,298,79
"S01012129",607,461,146
"S01012130",982,696,286
"S01012131",997,780,217
"S01012132",592,462,130
"S01012133",788,606,182
"S01012134",1060,650,410
"S01012135",871,748,123
"S01012136",588,518,70
"S01012137",608,472,136
"S01012138",693,427,266
"S01012139",783,436,347
"S01012140",601,230,371
"S01012141",829,336,493
"S01012142",800,292,508
"S01012143",766,314,452
"S01012144",806,337,469
"S01012145",737,276,461
"S01012146",622,464,158
"S01012147",622,477,145
"S01012148",574,409,165
"S01012149",693,395,298
"S01012150",623,366,257
"S01012151",412,267,145
"S01012152",601,425,176
"S01012153",789,623,166
"S01012154",543,458,85
"S01012155",497,384,113
"S01012156",529,401,128
"S01012157",802,530,272
"S01012158",877,491,386
"S01012159",454,174,280
"S01012160",569,249,320
"S01012161",343,234,109
"S01012162",731,501,230
"S01012163",586,375,211
"S01012164",804,346,458
"S01012165",712,523,189
"S01012166",490,327,163
"S01012167",690,413,277
"S01012168",820,394,426
"S01012169",619,336,283
"S01012170",849,519,330
"S01012171",772,440,332
"S01012172",611,365,246
"S01012173",633,278,355
"S01012174",725,294,431
"S01012175",686,341,345
"S01012176",727,351,376
"S01012177",523,184,339
"S01012178",451,159,292
"S01012179",520,298,222
"S01012180",480,244,236
"S01012181",648,372,276
"S01012182",1948,1173,775
"S01012183",182,139,43
"S01012185",626,546,80
"S01012186",593,341,252
"S01012187",584,400,184
"S01012188",613,274,339
"S01012189",802,334,468
"S01012190",69,36,33
"S01012191",718,277,441
"S01012192",319,116,203
"S01012193",427,145,282
"S01012194",427,153,274
"S01012195",819,335,484
"S01012196",438,191,247
"S01012197",579,296,283
"S01012198",770,427,343
"S01012199",480,252,228
"S01012200",516,257,259
"S01012201",610,291,319
"S01012202",473,215,258
"S01012203",614,210,404
"S01012204",662,251,411
"S01012205",572,226,346
"S01012206",682,310,372
"S01012207",724,397,327
"S01012208",830,467,363
"S01012209",588,318,270
"S01012210",647,390,257
"S01012211",594,305,289
"S01012212",665,224,441
"S01012213",707,253,454
"S01012214",567,199,368
"S01012215",722,270,452
"S01012216",586,212,374
"S01012217",361,266,95
"S01012218",305,224,81
"S01012219",721,448,273
"S01012220",544,407,137
"S01012221",546,343,203
"S01012222",685,378,307
"S01012223",584,390,194
"S01012224",589,349,240
"S01012225",866,562,304
"S01012226",580,280,300
"S01012227",527,266,261
"S01012228",542,254,288
"S01012229",580,255,325
"S01012230",735,303,432
"S01012231",645,215,430
"S01012232",674,254,420
"S01012233",753,238,515
"S01012234",843,328,515
"S01012235",407,119,288
"S01012236",500,243,257
"S01012237",754,255,499
"S01012238",509,323,186
"S01012239",485,321,164
"S01012240",701,372,329
"S01012241",444,126,318
"S01012242",639,214,425
"S01012243",366,153,213
"S01012244",851,318,533
"S01012245",485,188,297
"S01012246",581,188,393
"S01012247",613,254,359
"S01012248",656,242,414
"S01012249",694,259,435
"S01012250",781,310,471
"S01012251",903,511,392
"S01012252",443,255,188
"S01012253",789,486,303
"S01012254",617,315,302
"S01012255",680,385,295
"S01012256",510,188,322
"S01012257",875,349,526
"S01012258",472,116,356
"S01012259",518,154,364
"S01012260",602,298,304
"S01012261",266,63,203
"S01012262",1505,632,873
"S01012263",470,277,193
"S01012264",385,170,215
"S01012265",638,321,317
"S01012266",904,426,478
"S01012267",596,257,339
"S01012268",840,359,481
"S01012269",721,328,393
"S01012270",626,335,291
"S01012271",1213,532,681
"S01012272",283,124,159
"S01012273",873,352,521
"S01012274",653,310,343
"S01012275",724,536,188
"S01012276",807,444,363
"S01012277",690,396,294
"S01012278",649,430,219
"S01012279",510,339,171
"S01012280",764,420,344
"S01012281",617,394,223
"S01012282",1084,582,502
"S01012283",607,318,289
"S01012284",669,447,222
"S01012285",487,172,315
"S01012286",953,530,423
"S01012287",552,379,173
"S01012288",761,460,301
"S01012289",633,244,389
"S01012290",248,157,91
"S01012291",525,227,298
"S01012292",941,414,527
"S01012293",380,157,223
"S01012294",704,328,376
"S01012295",569,270,299
"S01012296",297,122,175
"S01012297",863,306,557
"S01012298",626,286,340
"S01012299",506,197,309
"S01012300",249,104,145
"S01012301",698,269,429
"S01012302",653,299,354
"S01012303",923,350,573
"S01012304",875,366,509
"S01012305",592,295,297
"S01012306",486,275,211
"S01012307",363,164,199
"S01012308",494,209,285
"S01012309",368,159,209
"S01012310",1058,475,583
"S01012311",509,233,276
"S01012312",870,353,517
"S01012313",643,278,365
"S01012314",673,349,324
"S01012315",663,392,271
"S01012316",580,316,264
"S01012317",145,48,97
"S01012318",646,333,313
"S01012319",825,355,470
"S01012320",554,266,288
"S01012321",488,210,278
"S01012322",633,246,387
"S01012323",1098,401,697
"S01012324",782,352,430
"S01012325",533,194,339
"S01012326",424,236,188
"S01012327",724,379,345
"S01012328",368,168,200
"S01012329",815,325,490
"S01012330",410,164,246
"S01012331",413,153,260
"S01012332",1016,417,599
"S01012333",994,376,618
"S01012334",711,327,384
"S01012335",799,367,432
"S01012336",512,199,313
"S01012337",748,445,303
"S01012338",550,366,184
"S01012339",606,382,224
"S01012340",644,291,353
"S01012341",1247,505,742
"S01012342",786,360,426
"S01012343",821,322,499
"S01012344",483,278,205
"S01012345",586,253,333
"S01012346",1000,427,573
"S01012347",515,235,280
"S01012348",419,176,243
"S01012349",630,300,330
"S01012350",625,288,337
"S01012351",616,313,303
"S01012352",630,301,329
"S01012353",393,296,97
"S01012354",506,243,263
"S01012355",1133,442,691
"S01012356",503,230,273
"S01012357",796,304,492
"S01012358",782,297,485
"S01012359",619,351,268
"S01012360",667,400,267
"S01012361",487,290,197
"S01012362",502,327,175
"S01012363",798,533,265
"S01012364",595,363,232
"S01012365",801,340,461
"S01012366",783,477,306
"S01012367",728,307,421
"S01012368",531,203,328
"S01012369",701,284,417
"S01012370",662,424,238
"S01012371",838,519,319
"S01012372",657,442,215
"S01012373",848,416,432
"S01012374",742,370,372
"S01012375",699,377,322
"S01012376",790,286,504
"S01012377",608,246,362
"S01012378",623,233,390
"S01012379",435,204,231
"S01012380",731,392,339
"S01012381",542,322,220
"S01012382",811,308,503
"S01012383",734,331,403
"S01012384",433,236,197
"S01012385",543,259,284
"S01012386",806,446,360
"S01012387",755,331,424
"S01012388",579,232,347
"S01012389",661,303,358
"S01012390",620,290,330
"S01012391",650,245,405
"S01012392",294,114,180
"S01012393",728,352,376
"S01012394",400,268,132
"S01012395",514,295,219
"S01012396",533,344,189
"S01012397",730,408,322
"S01012398",768,480,288
"S01012399",505,327,178
"S01012400",487,295,192
"S01012401",582,396,186
"S01012402",875,455,420
"S01012403",629,290,339
"S01012404",836,472,364
"S01012405",554,230,324
"S01012406",223,109,114
"S01012407",639,299,340
"S01012408",502,223,279
"S01012409",563,275,288
"S01012410",683,352,331
"S01012411",661,370,291
"S01012412",454,216,238
"S01012413",794,327,467
"S01012414",589,272,317
"S01012415",451,182,269
"S01012416",456,180,276
"S01012417",544,236,308
"S01012418",760,312,448
"S01012419",672,280,392
"S01012420",769,387,382
"S01012421",554,278,276
"S01012422",725,341,384
"S01012423",897,437,460
"S01012424",752,389,363
"S01012425",497,305,192
"S01012426",383,241,142
"S01012427",523,327,196
"S01012428",539,252,287
"S01012429",466,256,210
"S01012430",475,258,217
"S01012431",641,330,311
"S01012432",622,296,326
"S01012433",440,238,202
"S01012434",578,358,220
"S01012435",404,238,166
"S01012436",239,137,102
"S01012437",550,292,258
"S01012438",994,423,571
"S01012439",645,338,307
"S01012440",328,129,199
"S01012441",764,299,465
"S01012442",808,378,430
"S01012443",616,270,346
"S01012444",1020,423,597
"S01012445",95,25,70
"S01012446",430,278,152
"S01012447",665,260,405
"S01012448",841,322,519
"S01012449",413,208,205
"S01012450",927,395,532
"S01012451",787,286,501
"S01012452",505,233,272
"S01012453",699,174,525
"S01012454",578,201,377
"S01012455",498,124,374
"S01012456",649,208,441
"S01012457",757,191,566
"S01012458",669,208,461
"S01012459",584,219,365
"S01012460",473,170,303
"S01012461",450,240,210
"S01012462",653,405,248
"S01012463",480,297,183
"S01012464",491,278,213
"S01012465",566,290,276
"S01012466",673,332,341
"S01012467",562,300,262
"S01012468",730,375,355
"S01012469",676,257,419
"S01012470",715,410,305
"S01012471",732,230,502
"S01012472",614,206,408
"S01012473",470,158,312
"S01012474",629,338,291
"S01012475",693,310,383
"S01012476",845,448,397
"S01012477",571,208,363
"S01012478",540,277,263
"S01012479",554,228,326
"S01012480",480,353,127
"S01012481",714,508,206
"S01012482",668,417,251
"S01012483",752,576,176
"S01012484",674,309,365
"S01012485",743,359,384
"S01012486",587,287,300
"S01012487",529,314,215
"S01012488",807,443,364
"S01012489",845,655,190
"S01012490",860,675,185
"S01012491",359,283,76
"S01012492",699,553,146
"S01012493",606,384,222
"S01012494",874,481,393
"S01012495",862,521,341
"S01012496",639,382,257
"S01012497",426,259,167
"S01012498",637,415,222
"S01012499",589,398,191
"S01012500",459,271,188
"S01012501",449,339,110
"S01012502",602,447,155
"S01012503",523,341,182
"S01012504",407,274,133
"S01012505",869,549,320
"S01012506",434,215,219
"S01012507",754,439,315
"S01012508",653,370,283
"S01012509",539,283,256
"S01012510",710,306,404
"S01012511",472,246,226
"S01012512",515,241,274
"S01012513",664,284,380
"S01012514",396,179,217
"S01012515",529,331,198
"S01012516",536,238,298
"S01012517",694,393,301
"S01012518",425,190,235
"S01012519",460,243,217
"S01012520",715,345,370
"S01012521",437,245,192
"S01012522",798,292,506
"S01012523",750,347,403
"S01012524",785,350,435
"S01012525",632,250,382
"S01012526",665,242,423
"S01012527",539,202,337
"S01012528",660,370,290
"S01012529",621,331,290
"S01012530",759,312,447
"S01012531",742,348,394
"S01012532",784,338,446
"S01012533",346,192,154
"S01012534",537,326,211
"S01012535",458,263,195
"S01012536",623,314,309
"S01012537",674,395,279
"S01012538",909,529,380
"S01012539",671,333,338
"S01012540",568,304,264
"S01012541",772,364,408
"S01012542",797,372,425
"S01012543",549,213,336
"S01012544",670,296,374
"S01012545",377,224,153
"S01012546",648,315,333
"S01012547",627,230,397
"S01012548",920,368,552
"S01012549",332,204,128
"S01012550",721,383,338
"S01012551",677,255,422
"S01012552",816,270,546
"S01012553",497,236,261
"S01012554",387,160,227
"S01012555",568,215,353
"S01012556",355,115,240
"S01012557",668,254,414
"S01012558",354,229,125
"S01012559",661,440,221
"S01012560",565,276,289
"S01012561",507,275,232
"S01012562",641,444,197
"S01012563",560,170,390
"S01012564",703,263,440
"S01012565",567,259,308
"S01012566",738,449,289
"S01012567",800,503,297
"S01012568",519,190,329
"S01012569",719,304,415
"S01012570",433,203,230
"S01012571",631,291,340
"S01012572",435,199,236
"S01012573",766,284,482
"S01012574",836,326,510
"S01012575",421,154,267
"S01012576",560,252,308
"S01012577",618,268,350
"S01012578",937,473,464
"S01012579",547,236,311
"S01012580",620,262,358
"S01012581",577,354,223
"S01012582",732,303,429
"S01012583",584,299,285
"S01012584",621,283,338
"S01012585",676,409,267
"S01012586",790,390,400
"S01012587",708,275,433
"S01012588",520,209,311
"S01012589",565,270,295
"S01012590",653,364,289
"S01012591",653,339,314
"S01012592",725,270,455
"S01012593",603,214,389
"S01012594",512,251,261
"S01012595",415,208,207
"S01012596",614,327,287
"S01012597",154,74,80
"S01012598",585,267,318
"S01012599",565,268,297
"S01012600",595,268,327
"S01012601",724,267,457
"S01012602",537,348,189
"S01012603",588,334,254
"S01012604",561,277,284
"S01012605",436,204,232
"S01012606",252,80,172
"S01012607",624,274,350
"S01012608",674,349,325
"S01012609",680,375,305
"S01012610",748,490,258
"S01012611",766,349,417
"S01012612",795,392,403
"S01012613",480,246,234
"S01012614",695,341,354
"S01012615",572,256,316
"S01012616",789,332,457
"S01012617",652,235,417
"S01012618",443,200,243
"S01012619",490,311,179
"S01012620",646,220,426
"S01012621",512,240,272
"S01012622",600,295,305
"S01012623",417,242,175
"S01012624",588,333,255
"S01012625",455,257,198
"S01012626",412,175,237
"S01012627",431,231,200
"S01012628",913,378,535
"S01012629",329,156,173
"S01012630",769,492,277
"S01012631",819,482,337
"S01012632",590,214,376
"S01012633",677,269,408
"S01012634",465,263,202
"S01012635",878,340,538
"S01012636",1031,431,600
"S01012637",664,403,261
"S01012638",723,363,360
"S01012639",683,333,350
"S01012640",686,423,263
"S01012641",944,526,418
"S01012642",653,412,241
"S01012643",328,157,171
"S01012644",536,296,240
"S01012645",684,337,347
"S01012646",680,260,420
"S01012648",438,258,180
"S01012649",550,283,267
"S01012650",497,203,294
"S01012651",523,315,208
"S01012652",883,326,557
"S01012653",704,408,296
"S01012654",614,259,355
"S01012655",964,505,459
"S01012656",673,406,267
"S01012657",455,260,195
"S01012658",818,340,478
"S01012659",771,255,516
"S01012660",534,288,246
"S01012661",733,375,358
"S01012662",633,357,276
"S01012663",597,237,360
"S01012664",815,466,349
"S01012665",565,329,236
"S01012666",553,317,236
"S01012667",482,295,187
"S01012668",597,364,233
"S01012669",618,224,394
"S01012670",613,227,386
"S01012671",762,385,377
"S01012672",543,353,190
"S01012673",440,303,137
"S01012674",441,281,160
"S01012675",641,397,244
"S01012676",634,322,312
"S01012677",373,210,163
"S01012678",575,254,321
"S01012679",771,383,388
"S01012680",437,158,279
"S01012681",568,292,276
"S01012682",581,269,312
"S01012683",604,340,264
"S01012684",521,241,280
"S01012685",543,289,254
"S01012686",794,358,436
"S01012687",456,140,316
"S01012688",692,432,260
"S01012689",392,138,254
"S01012690",424,144,280
"S01012691",595,222,373
"S01012692",625,305,320
"S01012693",701,226,475
"S01012694",363,148,215
"S01012695",782,315,467
"S01012696",734,351,383
"S01012697",405,134,271
"S01012698",3080,1145,1935
"S01012699",983,445,538
"S01012700",671,268,403
"S01012701",647,273,374
"S01012702",483,234,249
"S01012703",464,179,285
"S01012704",597,335,262
"S01012705",584,198,386
"S01012706",557,298,259
"S01012707",728,238,490
"S01012708",704,425,279
"S01012709",430,228,202
"S01012710",605,361,244
"S01012711",607,419,188
"S01012712",739,252,487
"S01012713",570,249,321
"S01012714",516,175,341
"S01012715",624,420,204
"S01012716",739,316,423
"S01012717",869,568,301
"S01012718",868,497,371
"S01012719",695,465,230
"S01012720",464,347,117
"S01012721",538,257,281
"S01012722",631,428,203
"S01012723",572,384,188
"S01012724",631,401,230
"S01012725",767,501,266
"S01012726",519,271,248
"S01012727",566,338,228
"S01012728",572,417,155
"S01012729",585,255,330
"S01012730",564,337,227
"S01012731",463,246,217
"S01012732",600,285,315
"S01012735",487,264,223
"S01012736",739,370,369
"S01012737",634,291,343
"S01012738",506,290,216
"S01012741",489,224,265
"S01012742",593,197,396
"S01012743",506,193,313
"S01012744",575,220,355
"S01012745",602,212,390
"S01012746",630,283,347
"S01012747",684,354,330
"S01012748",648,456,192
"S01012749",685,449,236
"S01012750",531,339,192
"S01012751",706,376,330
"S01012752",670,373,297
"S01012753",303,199,104
"S01012754",476,267,209
"S01012755",442,315,127
"S01012756",460,252,208
"S01012757",400,233,167
"S01012758",582,348,234
"S01012759",585,394,191
"S01012760",784,538,246
"S01012761",654,364,290
"S01012762",609,302,307
"S01012763",459,279,180
"S01012764",513,298,215
"S01012765",586,288,298
"S01012766",303,169,134
"S01012767",599,218,381
"S01012768",500,166,334
"S01012769",100,47,53
"S01012770",698,392,306
"S01012771",602,377,225
"S01012772",544,314,230
"S01012773",823,467,356
"S01012774",745,445,300
"S01012775",369,209,160
"S01012776",637,392,245
"S01012777",621,295,326
"S01012778",367,239,128
"S01012779",516,299,217
"S01012780",656,426,230
"S01012781",554,260,294
"S01012782",515,374,141
"S01012783",636,414,222
"S01012784",604,396,208
"S01012785",562,411,151
"S01012786",457,351,106
"S01012787",579,366,213
"S01012788",495,316,179
"S01012789",459,237,222
"S01012790",587,326,261
"S01012791",767,296,471
"S01012792",872,563,309
"S01012793",690,523,167
"S01012794",371,244,127
"S01012795",1003,651,352
"S01012796",433,240,193
"S01012797",591,340,251
"S01012798",914,447,467
"S01012799",666,298,368
"S01012800",734,319,415
"S01012801",69,19,50
"S01012802",486,157,329
"S01012803",573,227,346
"S01012804",624,365,259
"S01012805",742,432,310
"S01012806",583,297,286
"S01012807",474,158,316
"S01012808",1007,466,541
"S01012809",531,325,206
"S01012810",652,486,166
"S01012811",663,321,342
"S01012812",557,278,279
"S01012813",678,236,442
"S01012814",640,278,362
"S01012815",520,182,338
"S01012816",539,298,241
"S01012817",199,58,141
"S01012818",436,163,273
"S01012819",606,397,209
"S01012820",1202,483,719
"S01012822",256,196,60
"S01012823",744,358,386
"S01012824",426,219,207
"S01012825",374,250,124
"S01012826",279,176,103
"S01012827",684,379,305
"S01012828",1707,758,949
"S01012829",653,404,249
"S01012830",483,246,237
"S01012831",560,330,230
"S01012832",367,209,158
"S01012833",572,382,190
"S01012834",392,241,151
"S01012835",940,575,365
"S01012837",579,474,105
"S01012838",1012,726,286
"S01012839",578,251,327
"S01012840",653,246,407
"S01012841",497,177,320
"S01012842",407,177,230
"S01012843",774,284,490
"S01012844",561,202,359
"S01012845",554,253,301
"S01012846",807,558,249
"S01012847",456,217,239
"S01012848",582,256,326
"S01012849",564,364,200
"S01012850",721,425,296
"S01012851",698,344,354
"S01012852",592,243,349
"S01012853",590,231,359
"S01012854",695,356,339
"S01012855",539,290,249
"S01012856",608,415,193
"S01012857",765,501,264
"S01012858",621,465,156
"S01012859",593,371,222
"S01012860",1026,560,466
"S01012861",592,298,294
"S01012862",519,392,127
"S01012863",556,457,99
"S01012864",660,526,134
"S01012865",670,367,303
"S01012866",638,394,244
"S01012867",645,407,238
"S01012868",501,353,148
"S01012869",424,341,83
"S01012870",806,380,426
"S01012871",699,345,354
"S01012872",700,410,290
"S01012873",532,276,256
"S01012874",638,411,227
"S01012875",486,330,156
"S01012876",665,410,255
"S01012877",631,350,281
"S01012878",774,321,453
"S01012879",609,292,317
"S01012880",681,264,417
"S01012881",774,389,385
"S01012882",494,303,191
"S01012883",529,384,145
"S01012884",451,253,198
"S01012885",391,302,89
"S01012886",719,307,412
"S01012887",631,286,345
"S01012888",694,254,440
"S01012889",661,286,375
"S01012890",549,341,208
"S01012891",402,221,181
"S01012892",930,621,309
"S01012893",530,343,187
"S01012894",702,332,370
"S01012895",411,173,238
"S01012896",761,467,294
"S01012897",948,370,578
"S01012899",616,416,200
"S01012900",1110,543,567
"S01012901",569,329,240
"S01012902",629,328,301
"S01012903",683,395,288
"S01012904",633,361,272
"S01012905",351,254,97
"S01012906",935,558,377
"S01012907",584,326,258
"S01012908",603,343,260
"S01012909",512,328,184
"S01012910",774,532,242
"S01012911",631,304,327
"S01012912",654,361,293
"S01012913",658,379,279
"S01012914",711,413,298
"S01012915",810,422,388
"S01012916",572,298,274
"S01012917",587,228,359
"S01012918",535,319,216
"S01012919",397,209,188
"S01012920",432,154,278
"S01012921",476,278,198
"S01012922",784,407,377
"S01012923",578,306,272
"S01012924",422,218,204
"S01012925",413,158,255
"S01012926",593,325,268
"S01012927",628,324,304
"S01012928",675,347,328
"S01012929",641,284,357
"S01012930",779,509,270
"S01012931",730,442,288
"S01012932",574,226,348
"S01012933",675,370,305
"S01012934",605,329,276
"S01012935",717,352,365
"S01012936",619,345,274
"S01012937",581,316,265
"S01012938",449,190,259
"S01012939",500,173,327
"S01012940",579,227,352
"S01012941",467,152,315
"S01012942",624,384,240
"S01012943",575,242,333
"S01012944",418,140,278
"S01012945",568,181,387
"S01012946",691,275,416
"S01012947",372,119,253
"S01012948",502,189,313
"S01012949",741,297,444
"S01012950",678,230,448
"S01012952",1174,367,807
"S01012953",492,201,291
"S01012954",392,162,230
"S01012955",763,331,432
"S01012956",851,484,367
"S01012957",540,294,246
"S01012958",339,158,181
"S01012959",466,231,235
"S01012960",502,250,252
"S01012961",416,164,252
"S01012962",555,207,348
"S01012963",556,203,353
"S01012964",509,183,326
"S01012965",563,293,270
"S01012966",593,294,299
"S01012967",397,193,204
"S01012968",517,253,264
"S01012969",570,295,275
"S01012970",489,227,262
"S01012971",638,353,285
"S01012972",612,342,270
"S01012973",647,327,320
"S01012974",884,505,379
"S01012975",491,273,218
"S01012976",315,157,158
"S01012977",559,340,219
"S01012978",759,476,283
"S01012979",516,231,285
"S01012980",527,321,206
"S01012981",622,393,229
"S01012982",662,351,311
"S01012983",633,296,337
"S01012984",530,300,230
"S01012985",659,286,373
"S01012986",626,382,244
"S01012987",713,387,326
"S01012988",663,383,280
"S01012989",809,438,371
"S01012990",516,303,213
"S01012991",669,364,305
"S01012992",659,381,278
"S01012993",585,370,215
"S01012994",760,542,218
"S01012995",662,316,346
"S01012996",550,297,253
"S01012997",392,201,191
"S01012998",837,386,451
"S01012999",397,209,188
"S01013000",549,297,252
"S01013001",251,88,163
"S01013002",475,171,304
"S01013003",451,113,338
"S01013004",604,209,395
"S01013005",575,223,352
"S01013006",758,252,506
"S01013007",715,295,420
"S01013008",444,210,234
"S01013009",526,269,257
"S01013010",481,186,295
"S01013011",204,89,115
"S01013012",395,213,182
"S01013013",1019,436,583
"S01013014",607,301,306
"S01013015",608,231,377
"S01013016",507,175,332
"S01013017",649,268,381
"S01013018",770,277,493
"S01013019",1116,498,618
"S01013020",405,222,183
"S01013021",376,165,211
"S01013022",71,39,32
"S01013023",626,187,439
"S01013024",506,220,286
"S01013025",256,95,161
"S01013026",496,270,226
"S01013027",794,477,317
"S01013028",954,444,510
"S01013029",585,330,255
"S01013030",386,219,167
"S01013031",505,327,178
"S01013032",365,159,206
"S01013033",593,312,281
"S01013034",495,262,233
"S01013035",675,405,270
"S01013036",605,366,239
"S01013037",654,301,353
"S01013038",811,479,332
"S01013039",427,170,257
"S01013040",544,304,240
"S01013041",485,264,221
"S01013042",650,342,308
"S01013043",558,322,236
"S01013044",649,370,279
"S01013045",541,253,288
"S01013046",421,245,176
"S01013047",703,256,447
"S01013048",684,365,319
"S01013049",685,309,376
"S01013050",649,374,275
"S01013051",763,447,316
"S01013052",529,320,209
"S01013053",526,360,166
"S01013054",685,372,313
"S01013055",581,386,195
"S01013056",774,450,324
"S01013057",641,439,202
"S01013058",299,96,203
"S01013059",582,289,293
"S01013060",449,202,247
"S01013061",770,241,529
"S01013062",746,350,396
"S01013063",678,303,375
"S01013064",771,381,390
"S01013065",731,467,264
"S01013066",557,331,226
"S01013067",856,769,87
"S01013068",577,463,114
"S01013069",670,562,108
"S01013070",506,432,74
"S01013071",979,907,72
"S01013072",372,228,144
"S01013073",700,527,173
"S01013074",412,299,113
"S01013075",864,644,220
"S01013076",699,514,185
"S01013077",544,334,210
"S01013078",436,288,148
"S01013079",1086,647,439
"S01013080",477,261,216
"S01013081",501,183,318
"S01013082",736,296,440
"S01013083",2468,2091,377
"S01013084",624,205,419
"S01013085",644,461,183
"S01013086",712,417,295
"S01013087",689,284,405
"S01013088",773,217,556
"S01013089",633,343,290
"S01013090",621,415,206
"S01013091",344,289,55
"S01013092",495,288,207
"S01013093",841,493,348
"S01013094",477,128,349
"S01013095",547,144,403
"S01013096",403,237,166
"S01013097",1045,264,781
"S01013099",791,406,385
"S01013100",495,144,351
"S01013101",835,491,344
"S01013102",501,204,297
"S01013103",619,190,429
"S01013104",795,295,500
"S01013105",732,256,476
"S01013106",659,315,344
"S01013107",556,170,386
"S01013108",478,198,280
"S01013109",799,353,446
"S01013110",577,221,356
"S01013111",376,160,216
"S01013112",405,176,229
"S01013113",680,337,343
"S01013114",682,335,347
"S01013115",402,260,142
"S01013116",854,345,509
"S01013117",294,159,135
"S01013118",670,307,363
"S01013119",668,297,371
"S01013120",832,408,424
"S01013121",332,155,177
"S01013122",481,347,134
"S01013123",614,426,188
"S01013124",597,335,262
"S01013125",688,394,294
"S01013126",580,400,180
"S01013127",625,458,167
"S01013128",559,460,99
"S01013129",972,633,339
"S01013130",541,402,139
"S01013131",507,333,174
"S01013132",481,367,114
"S01013133",774,564,210
"S01013134",669,365,304
"S01013135",604,448,156
"S01013136",787,439,348
"S01013137",627,354,273
"S01013138",517,374,143
"S01013139",710,494,216
"S01013140",672,424,248
"S01013141",539,359,180
"S01013142",750,557,193
"S01013143",728,438,290
"S01013144",782,456,326
"S01013145",694,406,288
"S01013146",283,144,139
"S01013147",595,306,289
"S01013148",649,346,303
"S01013149",692,421,271
"S01013150",645,350,295
"S01013151",476,233,243
"S01013152",603,284,319
"S01013153",677,460,217
"S01013154",699,420,279
"S01013155",666,507,159
"S01013156",647,464,183
"S01013157",780,545,235
"S01013158",690,287,403
"S01013159",719,305,414
"S01013160",364,126,238
"S01013161",836,523,313
"S01013162",704,457,247
"S01013163",577,216,361
"S01013164",934,503,431
"S01013165",696,367,329
"S01013166",442,378,64
"S01013167",618,492,126
"S01013168",889,533,356
"S01013169",594,371,223
"S01013170",437,311,126
"S01013171",523,232,291
"S01013172",613,333,280
"S01013173",658,338,320
"S01013174",625,219,406
"S01013175",659,278,381
"S01013176",702,400,302
"S01013177",532,265,267
"S01013178",413,231,182
"S01013179",958,497,461
"S01013180",360,151,209
"S01013181",611,272,339
"S01013182",633,407,226
"S01013183",706,271,435
"S01013184",385,304,81
"S01013185",618,407,211
"S01013186",576,415,161
"S01013187",608,426,182
"S01013188",784,373,411
"S01013189",398,179,219
"S01013190",778,411,367
"S01013191",834,303,531
"S01013192",819,463,356
"S01013193",557,343,214
"S01013194",495,331,164
"S01013195",891,662,229
"S01013196",497,353,144
"S01013197",502,254,248
"S01013198",767,464,303
"S01013199",812,438,374
"S01013200",674,414,260
"S01013201",527,413,114
"S01013202",466,287,179
"S01013203",576,379,197
"S01013204",767,367,400
"S01013205",267,174,93
"S01013206",581,389,192
"S01013207",975,519,456
"S01013208",741,490,251
"S01013209",708,445,263
"S01013210",512,226,286
"S01013211",733,423,310
"S01013212",293,127,166
"S01013213",459,178,281
"S01013214",348,144,204
"S01013215",830,421,409
"S01013216",451,287,164
"S01013217",542,264,278
"S01013218",455,301,154
"S01013219",424,254,170
"S01013220",524,334,190
"S01013221",698,384,314
"S01013222",477,336,141
"S01013223",938,625,313
"S01013224",674,385,289
"S01013225",524,338,186
"S01013226",402,183,219
"S01013227",564,378,186
"S01013228",606,401,205
"S01013229",675,445,230
"S01013230",563,327,236
"S01013231",567,328,239
"S01013232",684,398,286
"S01013233",429,192,237
"S01013235",681,390,291
"S01013236",710,287,423
"S01013237",648,340,308
"S01013238",704,486,218
"S01013239",709,476,233
"S01013240",433,320,113
"S01013241",727,252,475
"S01013242",509,205,304
"S01013243",600,314,286
"S01013244",617,356,261
"S01013245",797,344,453
"S01013246",255,131,124
"S01013247",629,419,210
"S01013248",511,335,176
"S01013249",375,180,195
"S01013250",775,342,433
"S01013251",392,241,151
"S01013252",546,289,257
"S01013253",585,293,292
"S01013254",499,299,200
"S01013255",1188,782,406
"S01013256",483,272,211
"S01013257",594,342,252
"S01013258",638,249,389
"S01013259",678,358,320
"S01013260",844,458,386
"S01013261",539,316,223
"S01013262",529,276,253
"S01013263",288,76,212
"S01013264",224,71,153
"S01013265",506,167,339
"S01013266",305,121,184
"S01013267",667,409,258
"S01013268",657,339,318
"S01013269",1049,437,612
"S01013270",611,175,436
"S01013271",372,104,268
"S01013272",565,173,392
"S01013273",798,225,573
"S01013274",686,302,384
"S01013275",569,241,328
"S01013276",501,196,305
"S01013277",719,366,353
"S01013278",499,300,199
"S01013279",550,351,199
"S01013280",456,198,258
"S01013281",741,399,342
"S01013282",629,419,210
"S01013283",661,415,246
"S01013284",538,256,282
"S01013285",542,284,258
"S01013286",556,249,307
"S01013287",634,262,372
"S01013288",544,293,251
"S01013289",774,278,496
"S01013290",692,337,355
"S01013291",527,219,308
"S01013292",620,267,353
"S01013293",582,219,363
"S01013294",561,298,263
"S01013295",665,320,345
"S01013296",597,349,248
"S01013297",575,312,263
"S01013298",723,376,347
"S01013299",1026,556,470
"S01013300",485,266,219
"S01013301",409,227,182
"S01013302",1112,415,697
"S01013303",875,394,481
"S01013304",633,441,192
"S01013305",790,491,299
"S01013306",648,500,148
"S01013307",815,512,303
"S01013308",505,353,152
"S01013309",493,234,259
"S01013310",410,207,203
"S01013311",493,284,209
"S01013312",941,590,351
"S01013313",538,323,215
"S01013314",633,388,245
"S01013316",548,200,348
"S01013317",459,201,258
"S01013318",480,197,283
"S01013319",430,189,241
"S01013320",733,278,455
"S01013321",421,287,134
"S01013322",642,341,301
"S01013323",770,454,316
"S01013324",500,310,190
"S01013325",636,409,227
"S01013326",429,289,140
"S01013327",542,327,215
"S01013328",480,294,186
"S01013329",435,253,182
"S01013330",845,473,372
"S01013331",481,252,229
"S01013332",536,278,258
"S01013333",509,250,259
"S01013334",575,314,261
"S01013335",700,419,281
"S01013336",660,434,226
"S01013337",1183,494,689
"S01013338",169,82,87
"S01013339",473,189,284
"S01013340",695,250,445
"S01013341",479,183,296
"S01013342",516,337,179
"S01013343",526,263,263
"S01013344",474,280,194
"S01013345",575,319,256
"S01013346",641,213,428
"S01013347",502,271,231
"S01013348",1204,439,765
"S01013349",840,559,281
"S01013350",326,200,126
"S01013351",631,335,296
"S01013352",715,372,343
"S01013353",510,320,190
"S01013354",481,192,289
"S01013355",522,248,274
"S01013356",576,276,300
"S01013357",671,344,327
"S01013358",677,352,325
"S01013359",503,310,193
"S01013360",573,316,257
"S01013361",476,299,177
"S01013362",389,223,166
"S01013363",543,353,190
"S01013364",501,250,251
"S01013365",1141,541,600
"S01013366",629,288,341
"S01013367",595,256,339
"S01013368",336,149,187
"S01013369",711,436,275
"S01013370",499,318,181
"S01013371",558,278,280
"S01013372",783,477,306
"S01013373",757,426,331
"S01013374",747,531,216
"S01013375",553,312,241
"S01013376",394,211,183
"S01013377",654,354,300
"S01013378",788,441,347
"S01013379",705,303,402
"S01013380",1230,537,693
"S01013381",496,258,238
"S01013382",232,112,120
"S01013383",581,359,222
"S01013384",516,285,231
"S01013385",407,189,218
"S01013386",548,177,371
"S01013387",471,284,187
"S01013388",522,294,228
"S01013389",623,346,277
"S01013390",281,143,138
"S01013391",769,392,377
"S01013392",184,98,86
"S01013393",379,216,163
"S01013394",534,300,234
"S01013395",435,332,103
"S01013396",584,255,329
"S01013397",597,291,306
"S01013398",103,35,68
"S01013399",805,379,426
"S01013400",537,323,214
"S01013401",2756,1305,1451
"S01013404",167,135,32
"S01013405",571,288,283
"S01013406",505,294,211
"S01013407",436,264,172
"S01013408",697,468,229
"S01013409",834,434,400
"S01013410",92,77,15
"S01013411",604,312,292
"S01013412",579,335,244
"S01013413",636,257,379
"S01013414",843,553,290
"S01013415",566,414,152
"S01013416",491,300,191
"S01013417",730,473,257
"S01013418",332,192,140
"S01013419",387,145,242
"S01013420",367,176,191
"S01013421",666,256,410
"S01013422",591,302,289
"S01013423",668,292,376
"S01013424",386,136,250
"S01013425",281,131,150
"S01013426",671,371,300
"S01013427",766,387,379
"S01013428",499,301,198
"S01013429",180,99,81
"S01013430",566,220,346
"S01013431",921,508,413
"S01013432",538,241,297
"S01013433",540,208,332
"S01013434",409,136,273
"S01013435",488,150,338
"S01013436",662,316,346
"S01013437",561,329,232
"S01013438",469,289,180
"S01013439",738,206,532
"S01013440",827,223,604
"S01013441",639,240,399
"S01013442",633,266,367
"S01013443",509,237,272
"S01013444",814,540,274
"S01013445",580,253,327
"S01013446",578,267,311
"S01013447",421,124,297
"S01013448",688,290,398
"S01013449",524,207,317
"S01013450",470,190,280
"S01013451",668,231,437
"S01013452",606,229,377
"S01013453",599,358,241
"S01013454",600,219,381
"S01013455",467,228,239
"S01013456",649,369,280
"S01013457",728,413,315
"S01013458",588,311,277
"S01013459",723,457,266
"S01013460",653,353,300
"S01013461",829,460,369
"S01013462",681,303,378
"S01013463",299,142,157
"S01013464",620,296,324
"S01013465",587,290,297
"S01013466",648,366,282
"S01013467",721,235,486
"S01013468",471,315,156
"S01013469",726,293,433
"S01013470",682,432,250
"S01013471",662,392,270
"S01013472",221,103,118
"S01013473",235,75,160
"S01013474",407,145,262
"S01013475",569,230,339
"S01013476",538,245,293
"S01013477",512,294,218
"S01013478",671,389,282
"S01013479",683,444,239
"S01013480",566,299,267
"S01013481",393,175,218
