"dz_2011","total","single","married"
"S01006506",623,327,296
"S01006507",716,273,443
"S01006508",530,282,248
"S01006509",500,255,245
"S01006510",529,249,280
"S01006511",619,222,397
"S01006512",360,113,247
"S01006513",293,74,219
"S01006514",713,253,460
"S01006515",573,150,423
"S01006516",533,212,321
"S01006517",811,271,540
"S01006518",510,135,375
"S01006519",664,210,454
"S01006520",479,94,385
"S01006521",407,162,245
"S01006522",427,131,296
"S01006523",751,309,442
"S01006524",607,317,290
"S01006525",668,225,443
"S01006526",752,427,325
"S01006527",606,347,259
"S01006528",846,474,372
"S01006529",763,524,239
"S01006530",579,336,243
"S01006531",843,525,318
"S01006532",516,224,292
"S01006533",544,175,369
"S01006534",814,399,415
"S01006535",944,640,304
"S01006536",779,551,228
"S01006537",548,166,382
"S01006538",491,168,323
"S01006539",639,277,362
"S01006540",774,323,451
"S01006541",731,291,440
"S01006542",836,322,514
"S01006543",662,232,430
"S01006544",714,427,287
"S01006545",765,374,391
"S01006546",497,187,310
"S01006547",1033,470,563
"S01006548",631,152,479
"S01006549",639,208,431
"S01006550",846,262,584
"S01006551",357,219,138
"S01006552",729,294,435
"S01006553",716,320,396
"S01006554",582,286,296
"S01006555",723,516,207
"S01006556",729,384,345
"S01006557",597,371,226
"S01006558",652,412,240
"S01006559",347,155,192
"S01006560",837,412,425
"S01006561",637,242,395
"S01006562",637,276,361
"S01006563",807,424,383
"S01006564",846,641,205
"S01006565",942,817,125
"S01006566",716,514,202
"S01006567",744,616,128
"S01006568",843,721,122
"S01006569",504,360,144
"S01006570",636,344,292
"S01006571",735,383,352
"S01006572",704,254,450
"S01006573",514,215,299
"S01006574",773,320,453
"S01006575",746,346,400
"S01006576",510,252,258
"S01006577",692,455,237
"S01006578",879,688,191
"S01006579",928,784,144
"S01006580",623,407,216
"S01006581",760,299,461
"S01006582",715,609,106
"S01006583",549,454,95
"S01006584",555,434,121
"S01006585",687,516,171
"S01006586",861,693,168
"S01006587",223,191,32
"S01006588",353,306,47
"S01006589",489,414,75
"S01006590",583,477,106
"S01006591",353,277,76
"S01006592",380,257,123
"S01006593",459,328,131
"S01006594",517,384,133
"S01006595",586,410,176
"S01006596",655,446,209
"S01006597",536,464,72
"S01006598",675,321,354
"S01006599",701,458,243
"S01006600",898,527,371
"S01006601",878,615,263
"S01006602",710,363,347
"S01006603",742,378,364
"S01006604",556,242,314
"S01006605",617,362,255
"S01006606",725,328,397
"S01006607",766,371,395
"S01006608",396,139,257
"S01006609",907,413,494
"S01006610",398,181,217
"S01006611",788,373,415
"S01006612",692,317,375
"S01006613",496,165,331
"S01006614",520,176,344
"S01006615",259,65,194
"S01006616",604,218,386
"S01006617",478,198,280
"S01006618",458,168,290
"S01006619",732,301,431
"S01006620",866,358,508
"S01006621",487,198,289
"S01006622",508,234,274
"S01006623",674,407,267
"S01006624",727,497,230
"S01006625",547,285,262
"S01006626",568,365,203
"S01006627",680,533,147
"S01006628",676,548,128
"S01006629",585,401,184
"S01006630",531,288,243
"S01006631",779,517,262
"S01006632",595,433,162
"S01006633",511,310,201
"S01006634",417,297,120
"S01006635",502,281,221
"S01006636",561,381,180
"S01006637",546,367,179
"S01006638",723,571,152
"S01006639",815,667,148
"S01006640",71,53,18
"S01006641",512,445,67
"S01006642",778,647,131
"S01006643",526,467,59
"S01006644",479,378,101
"S01006645",636,468,168
"S01006646",634,562,72
"S01006647",490,341,149
"S01006648",1496,1377,119
"S01006649",547,474,73
"S01006650",570,460,110
"S01006651",608,474,134
"S01006652",365,306,59
"S01006653",527,326,201
"S01006654",741,507,234
"S01006655",475,352,123
"S01006656",700,570,130
"S01006657",476,391,85
"S01006658",978,799,179
"S01006659",641,460,181
"S01006660",275,247,28
"S01006661",656,457,199
"S01006662",544,420,124
"S01006663",482,357,125
"S01006664",153,120,33
"S01006665",608,474,134
"S01006666",890,628,262
"S01006667",638,465,173
"S01006668",778,672,106
"S01006669",1054,770,284
"S01006670",443,283,160
"S01006671",1192,1021,171
"S01006672",645,450,195
"S01006673",768,625,143
"S01006674",759,521,238
"S01006675",338,251,87
"S01006676",598,404,194
"S01006677",608,430,178
"S01006678",795,487,308
"S01006679",547,237,310
"S01006680",548,393,155
"S01006681",792,553,239
"S01006682",535,398,137
"S01006683",571,432,139
"S01006684",500,377,123
"S01006685",582,401,181
"S01006686",540,299,241
"S01006687",714,417,297
"S01006688",860,415,445
"S01006689",440,303,137
"S01006690",528,327,201
"S01006691",484,287,197
"S01006692",700,376,324
"S01006693",772,497,275
"S01006694",785,438,347
"S01006695",663,277,386
"S01006696",650,367,283
"S01006697",758,379,379
"S01006698",618,391,227
"S01006699",396,184,212
"S01006700",763,399,364
"S01006701",584,338,246
"S01006702",600,261,339
"S01006703",553,293,260
"S01006704",503,306,197
"S01006705",724,403,321
"S01006706",486,260,226
"S01006707",517,317,200
"S01006708",732,334,398
"S01006709",656,302,354
"S01006710",824,409,415
"S01006711",773,440,333
"S01006712",381,158,223
"S01006713",709,326,383
"S01006714",541,275,266
"S01006715",446,252,194
"S01006716",550,289,261
"S01006717",875,419,456
"S01006718",530,239,291
"S01006719",701,335,366
"S01006720",487,250,237
"S01006721",827,417,410
"S01006722",482,252,230
"S01006723",684,325,359
"S01006724",590,359,231
"S01006725",524,249,275
"S01006726",623,428,195
"S01006727",635,433,202
"S01006728",590,278,312
"S01006729",584,345,239
"S01006730",542,237,305
"S01006731",490,251,239
"S01006732",607,312,295
"S01006733",592,160,432
"S01006734",739,276,463
"S01006735",627,165,462
"S01006736",639,223,416
"S01006737",464,160,304
"S01006738",575,365,210
"S01006739",450,231,219
"S01006740",638,287,351
"S01006741",629,281,348
"S01006742",423,185,238
"S01006743",377,153,224
"S01006744",521,285,236
"S01006745",698,370,328
"S01006746",652,298,354
"S01006747",791,248,543
"S01006748",709,269,440
"S01006749",843,380,463
"S01006750",616,291,325
"S01006751",319,165,154
"S01006752",653,274,379
"S01006753",803,326,477
"S01006754",855,299,556
"S01006755",468,183,285
"S01006756",130,27,103
"S01006757",807,423,384
"S01006758",569,229,340
"S01006759",366,124,242
"S01006760",335,160,175
"S01006761",630,219,411
"S01006762",888,349,539
"S01006763",453,188,265
"S01006764",662,297,365
"S01006765",491,238,253
"S01006766",502,184,318
"S01006767",597,222,375
"S01006768",558,169,389
"S01006769",683,272,411
"S01006770",718,254,464
"S01006771",189,57,132
"S01006772",786,319,467
"S01006773",727,228,499
"S01006774",569,174,395
"S01006775",551,298,253
"S01006776",413,206,207
"S01006777",612,187,425
"S01006778",598,236,362
"S01006779",639,338,301
"S01006780",504,214,290
"S01006781",597,178,419
"S01006782",535,223,312
"S01006783",570,198,372
"S01006784",437,223,214
"S01006785",446,122,324
"S01006786",484,176,308
"S01006787",775,270,505
"S01006788",724,322,402
"S01006789",554,269,285
"S01006790",568,255,313
"S01006791",419,179,240
"S01006792",504,212,292
"S01006793",489,194,295
"S01006794",505,214,291
"S01006795",365,103,262
"S01006796",214,67,147
"S01006797",594,228,366
"S01006798",589,193,396
"S01006799",540,290,250
"S01006800",467,140,327
"S01006801",473,192,281
"S01006802",538,232,306
"S01006803",521,209,312
"S01006804",271,98,173
"S01006805",712,273,439
"S01006806",759,292,467
"S01006807",387,159,228
"S01006808",421,129,292
"S01006809",601,260,341
"S01006810",690,273,417
"S01006811",657,259,398
"S01006812",526,224,302
"S01006813",404,189,215
"S01006814",485,151,334
"S01006815",441,202,239
"S01006816",533,208,325
"S01006817",519,202,317
"S01006818",529,177,352
"S01006819",594,193,401
"S01006820",323,116,207
"S01006821",604,195,409
"S01006822",714,290,424
"S01006823",593,251,342
"S01006824",622,377,245
"S01006825",689,227,462
"S01006826",640,219,421
"S01006827",635,344,291
"S01006828",786,422,364
"S01006830",556,208,348
"S01006831",505,176,329
"S01006832",846,338,508
"S01006833",381,124,257
"S01006835",561,314,247
"S01006837",317,84,233
"S01006838",493,152,341
"S01006839",830,314,516
"S01006840",526,121,405
"S01006841",693,195,498
"S01006842",696,206,490
"S01006843",631,175,456
"S01006844",576,266,310
"S01006845",604,242,362
"S01006846",448,168,280
"S01006847",505,173,332
"S01006848",752,295,457
"S01006849",63,21,42
"S01006850",784,343,441
"S01006851",576,226,350
"S01006852",463,150,313
"S01006853",553,180,373
"S01006854",293,86,207
"S01006855",648,195,453
"S01006856",468,137,331
"S01006857",945,370,575
"S01006858",486,173,313
"S01006859",784,238,546
"S01006860",468,210,258
"S01006861",97,41,56
"S01006862",585,224,361
"S01006863",403,186,217
"S01006865",670,307,363
"S01006866",439,133,306
"S01006867",528,200,328
"S01006868",627,258,369
"S01006869",482,176,306
"S01006870",325,108,217
"S01006871",433,136,297
"S01006872",561,171,390
"S01006873",880,355,525
"S01006874",479,163,316
"S01006875",194,85,109
"S01006876",688,230,458
"S01006877",706,254,452
"S01006878",596,245,351
"S01006879",711,297,414
"S01006880",307,88,219
"S01006881",437,140,297
"S01006882",185,85,100
"S01006883",313,122,191
"S01006884",605,236,369
"S01006885",511,184,327
"S01006886",578,218,360
"S01006887",254,88,166
"S01006888",464,166,298
"S01006889",717,352,365
"S01006890",449,146,303
"S01006891",494,216,278
"S01006892",404,200,204
"S01006893",257,116,141
"S01006894",847,326,521
"S01006895",494,271,223
"S01006896",676,286,390
"S01006897",576,201,375
"S01006898",553,222,331
"S01006899",391,122,269
"S01006900",475,154,321
"S01006901",500,242,258
"S01006902",520,239,281
"S01006903",594,277,317
"S01006904",480,233,247
"S01006905",741,271,470
"S01006906",839,406,433
"S01006907",460,250,210
"S01006908",587,311,276
"S01006910",1119,401,718
"S01006912",523,163,360
"S01006913",109,43,66
"S01006914",508,162,346
"S01006915",587,179,408
"S01006916",66,20,46
"S01006917",92,39,53
"S01006918",277,85,192
"S01006919",310,91,219
"S01006920",133,52,81
"S01006921",196,54,142
"S01006922",225,75,150
"S01006923",608,248,360
"S01006924",531,220,311
"S01006925",559,197,362
"S01006926",87,25,62
"S01006928",772,289,483
"S01006929",582,130,452
"S01006930",814,273,541
"S01006931",315,119,196
"S01006932",193,58,135
"S01006933",494,153,341
"S01006934",502,235,267
"S01006935",628,204,424
"S01006936",468,178,290
"S01006937",653,264,389
"S01006938",482,221,261
"S01006939",422,111,311
"S01006940",783,300,483
"S01006941",581,217,364
"S01006942",717,226,491
"S01006945",514,175,339
"S01006946",612,229,383
"S01006947",346,130,216
"S01006948",701,271,430
"S01006949",436,139,297
"S01006951",372,125,247
"S01006952",635,240,395
"S01006953",559,161,398
"S01006954",474,171,303
"S01006955",580,271,309
"S01006956",300,111,189
"S01006957",662,251,411
"S01006958",690,224,466
"S01006959",579,305,274
"S01006960",97,17,80
"S01006962",675,235,440
"S01006963",503,172,331
"S01006964",484,207,277
"S01006965",347,139,208
"S01006966",514,242,272
"S01006967",557,170,387
"S01006968",415,145,270
"S01006969",807,362,445
"S01006970",524,160,364
"S01006971",276,116,160
"S01006972",355,125,230
"S01006973",572,197,375
"S01006974",585,193,392
"S01006975",754,304,450
"S01006976",560,213,347
"S01006977",819,301,518
"S01006978",607,221,386
"S01006979",464,159,305
"S01006980",715,241,474
"S01006981",618,204,414
"S01006982",510,219,291
"S01006983",544,194,350
"S01006984",574,202,372
"S01006985",781,297,484
"S01006986",270,125,145
"S01006987",524,213,311
"S01006988",240,80,160
"S01006989",553,171,382
"S01006990",263,73,190
"S01006991",399,174,225
"S01006992",444,141,303
"S01006993",399,125,274
"S01006994",426,155,271
"S01006995",793,253,540
"S01006996",236,76,160
"S01006997",456,151,305
"S01006998",750,282,468
"S01006999",626,205,421
"S01007000",394,179,215
"S01007001",574,237,337
"S01007002",310,129,181
"S01007003",367,109,258
"S01007004",568,187,381
"S01007005",626,198,428
"S01007006",673,253,420
"S01007007",583,194,389
"S01007008",720,361,359
"S01007009",867,433,434
"S01007010",751,337,414
"S01007011",723,414,309
"S01007012",593,282,311
"S01007013",662,245,417
"S01007014",606,203,403
"S01007015",492,167,325
"S01007016",418,141,277
"S01007017",778,376,402
"S01007018",687,233,454
"S01007019",542,223,319
"S01007020",489,258,231
"S01007021",667,310,357
"S01007022",88,32,56
"S01007023",655,273,382
"S01007024",804,279,525
"S01007025",509,251,258
"S01007026",616,289,327
"S01007027",739,300,439
"S01007028",785,347,438
"S01007029",463,165,298
"S01007030",573,258,315
"S01007031",441,194,247
"S01007032",967,530,437
"S01007033",630,274,356
"S01007034",340,171,169
"S01007035",650,337,313
"S01007036",679,289,390
"S01007037",697,283,414
"S01007038",701,340,361
"S01007039",379,169,210
"S01007040",514,228,286
"S01007041",379,181,198
"S01007042",281,129,152
"S01007043",1039,399,640
"S01007044",429,167,262
"S01007045",734,283,451
"S01007046",431,204,227
"S01007047",596,224,372
"S01007048",945,358,587
"S01007049",623,291,332
"S01007050",314,138,176
"S01007051",526,198,328
"S01007052",423,169,254
"S01007053",376,153,223
"S01007054",582,243,339
"S01007055",508,187,321
"S01007056",646,276,370
"S01007057",337,93,244
"S01007058",518,218,300
"S01007059",672,263,409
"S01007060",467,230,237
"S01007061",657,229,428
"S01007062",502,164,338
"S01007063",448,169,279
"S01007064",525,206,319
"S01007065",394,121,273
"S01007066",952,408,544
"S01007067",511,204,307
"S01007068",442,196,246
"S01007069",793,376,417
"S01007070",377,185,192
"S01007071",298,119,179
"S01007072",505,131,374
"S01007073",966,428,538
"S01007074",527,211,316
"S01007075",529,239,290
"S01007076",726,287,439
"S01007077",617,222,395
"S01007078",770,364,406
"S01007079",771,392,379
"S01007080",808,346,462
"S01007081",710,361,349
"S01007082",415,224,191
"S01007083",692,387,305
"S01007084",571,285,286
"S01007085",721,395,326
"S01007086",692,502,190
"S01007087",537,306,231
"S01007088",435,258,177
"S01007089",539,153,386
"S01007090",427,168,259
"S01007092",596,268,328
"S01007093",862,268,594
"S01007094",754,248,506
"S01007095",522,212,310
"S01007096",484,169,315
"S01007097",235,86,149
"S01007098",311,120,191
"S01007099",499,167,332
"S01007100",589,221,368
"S01007101",458,230,228
"S01007102",670,249,421
"S01007103",415,138,277
"S01007104",920,330,590
"S01007105",360,144,216
"S01007106",518,238,280
"S01007107",346,118,228
"S01007108",819,320,499
"S01007109",300,152,148
"S01007110",476,209,267
"S01007111",374,136,238
"S01007112",519,137,382
"S01007113",411,195,216
"S01007114",686,230,456
"S01007115",523,183,340
"S01007116",342,86,256
"S01007117",406,82,324
"S01007118",555,272,283
"S01007119",660,305,355
"S01007120",760,365,395
"S01007121",440,276,164
"S01007122",492,237,255
"S01007123",609,307,302
"S01007124",733,328,405
"S01007125",667,311,356
"S01007126",638,374,264
"S01007127",388,219,169
"S01007128",739,368,371
"S01007129",530,171,359
"S01007130",494,184,310
"S01007131",412,154,258
"S01007132",566,174,392
"S01007133",508,231,277
"S01007134",568,235,333
"S01007135",379,147,232
"S01007136",141,43,98
"S01007137",44,8,36
"S01007138",355,141,214
"S01007139",604,200,404
"S01007140",653,217,436
"S01007141",520,220,300
"S01007144",912,331,581
"S01007145",792,301,491
"S01007146",733,276,457
"S01007147",530,153,377
"S01007148",433,111,322
"S01007149",659,179,480
"S01007150",726,257,469
"S01007151",533,221,312
"S01007152",588,227,361
"S01007153",562,176,386
"S01007154",688,409,279
"S01007155",410,172,238
"S01007156",471,191,280
"S01007157",391,175,216
"S01007158",587,224,363
"S01007159",638,349,289
"S01007160",573,271,302
"S01007161",519,226,293
"S01007162",281,154,127
"S01007163",791,295,496
"S01007164",517,243,274
"S01007165",644,252,392
"S01007166",555,247,308
"S01007167",748,247,501
"S01007168",851,277,574
"S01007169",514,183,331
"S01007170",469,158,311
"S01007171",812,468,344
"S01007172",661,194,467
"S01007173",475,158,317
"S01007174",489,201,288
"S01007175",537,187,350
"S01007176",530,164,366
"S01007177",493,269,224
"S01007178",777,461,316
"S01007179",802,254,548
"S01007180",657,227,430
"S01007181",705,292,413
"S01007182",843,404,439
"S01007183",874,439,435
"S01007184",854,499,355
"S01007185",599,406,193
"S01007186",403,274,129
"S01007187",658,428,230
"S01007188",439,271,168
"S01007189",691,420,271
"S01007190",711,270,441
"S01007191",501,231,270
"S01007192",514,266,248
"S01007193",572,270,302
"S01007194",453,257,196
"S01007195",448,227,221
"S01007196",368,205,163
"S01007197",309,210,99
"S01007198",314,179,135
"S01007199",569,318,251
"S01007200",746,351,395
"S01007201",610,281,329
"S01007202",659,294,365
"S01007203",525,189,336
"S01007204",746,336,410
"S01007205",484,169,315
"S01007206",227,124,103
"S01007207",831,365,466
"S01007208",761,492,269
"S01007209",538,343,195
"S01007210",511,331,180
"S01007211",569,307,262
"S01007212",519,251,268
"S01007213",677,343,334
"S01007214",615,412,203
"S01007215",666,375,291
"S01007216",658,313,345
"S01007217",723,335,388
"S01007218",551,155,396
"S01007219",623,299,324
"S01007220",576,292,284
"S01007221",161,55,106
"S01007222",650,272,378
"S01007223",433,140,293
"S01007224",491,208,283
"S01007225",665,265,400
"S01007226",581,245,336
"S01007227",648,266,382
"S01007228",464,181,283
"S01007229",871,305,566
"S01007230",603,363,240
"S01007231",527,321,206
"S01007232",479,271,208
"S01007233",582,237,345
"S01007234",524,241,283
"S01007235",620,305,315
"S01007236",509,227,282
"S01007237",574,204,370
"S01007238",723,268,455
"S01007239",646,221,425
"S01007240",474,179,295
"S01007241",497,177,320
"S01007242",757,275,482
"S01007243",442,148,294
"S01007244",530,173,357
"S01007245",566,228,338
"S01007246",508,162,346
"S01007247",499,208,291
"S01007248",479,133,346
"S01007249",358,141,217
"S01007250",649,319,330
"S01007251",273,157,116
"S01007252",583,252,331
"S01007253",522,173,349
"S01007254",637,371,266
"S01007255",629,341,288
"S01007256",560,320,240
"S01007257",463,276,187
"S01007258",581,299,282
"S01007259",694,372,322
"S01007260",690,359,331
"S01007261",687,234,453
"S01007262",582,235,347
"S01007263",707,307,400
"S01007264",673,272,401
"S01007265",883,489,394
"S01007266",594,261,333
"S01007267",392,138,254
"S01007268",465,159,306
"S01007269",396,138,258
"S01007270",520,211,309
"S01007271",686,297,389
"S01007272",830,452,378
"S01007273",460,201,259
"S01007274",641,361,280
"S01007275",524,227,297
"S01007276",610,264,346
"S01007277",482,167,315
"S01007278",458,137,321
"S01007279",452,147,305
"S01007280",459,177,282
"S01007281",717,329,388
"S01007282",400,165,235
"S01007283",750,309,441
"S01007284",711,347,364
"S01007285",666,303,363
"S01007286",659,292,367
"S01007287",394,190,204
"S01007288",355,119,236
"S01007289",656,233,423
"S01007290",114,68,46
"S01007291",442,235,207
"S01007292",562,185,377
"S01007293",612,361,251
"S01007294",628,322,306
"S01007295",420,311,109
"S01007296",527,397,130
"S01007297",601,295,306
"S01007298",446,232,214
"S01007299",725,388,337
"S01007300",471,269,202
"S01007301",482,175,307
"S01007302",571,271,300
"S01007303",705,282,423
"S01007304",489,185,304
"S01007305",567,208,359
"S01007306",436,190,246
"S01007307",639,242,397
"S01007308",604,252,352
"S01007309",524,227,297
"S01007310",635,262,373
"S01007311",628,305,323
"S01007312",612,243,369
"S01007313",728,314,414
"S01007314",520,213,307
"S01007315",483,224,259
"S01007316",686,367,319
"S01007317",614,321,293
"S01007318",488,229,259
"S01007319",549,262,287
"S01007320",684,266,418
"S01007321",514,207,307
"S01007322",619,305,314
"S01007323",491,248,243
"S01007324",245,124,121
"S01007325",650,310,340
"S01007326",1039,461,578
"S01007327",554,290,264
"S01007328",431,238,193
"S01007329",522,236,286
"S01007330",777,298,479
"S01007331",798,329,469
"S01007332",379,148,231
"S01007333",601,257,344
"S01007334",532,342,190
"S01007335",677,320,357
"S01007336",333,234,99
"S01007337",426,235,191
"S01007338",654,259,395
"S01007339",578,259,319
"S01007340",432,238,194
"S01007341",600,255,345
"S01007342",698,258,440
"S01007343",682,273,409
"S01007344",292,146,146
"S01007345",394,279,115
"S01007346",547,395,152
"S01007347",574,309,265
"S01007348",541,287,254
"S01007349",311,186,125
"S01007350",500,262,238
"S01007351",564,230,334
"S01007352",434,159,275
"S01007353",621,238,383
"S01007354",626,240,386
"S01007355",1684,780,904
"S01007356",602,249,353
"S01007357",706,290,416
"S01007358",798,340,458
"S01007359",89,45,44
"S01007360",370,116,254
"S01007361",908,445,463
"S01007362",546,251,295
"S01007363",592,240,352
"S01007364",695,403,292
"S01007365",314,148,166
"S01007366",427,268,159
"S01007367",479,269,210
"S01007368",243,142,101
"S01007369",498,275,223
"S01007370",590,353,237
"S01007371",530,231,299
"S01007372",519,216,303
"S01007373",410,141,269
"S01007374",437,192,245
"S01007375",417,160,257
"S01007376",704,340,364
"S01007377",546,186,360
"S01007378",2617,2342,275
"S01007379",427,218,209
"S01007380",455,212,243
"S01007381",327,109,218
"S01007382",552,222,330
"S01007383",668,276,392
"S01007384",559,261,298
"S01007385",816,336,480
"S01007386",715,216,499
"S01007387",712,231,481
"S01007388",542,140,402
"S01007389",528,122,406
"S01007390",172,89,83
"S01007391",542,147,395
"S01007392",344,111,233
"S01007393",697,364,333
"S01007394",561,239,322
"S01007395",728,486,242
"S01007396",726,480,246
"S01007397",792,348,444
"S01007398",541,322,219
"S01007399",368,249,119
"S01007400",640,283,357
"S01007401",586,209,377
"S01007402",535,184,351
"S01007403",440,70,370
"S01007404",498,182,316
"S01007405",306,96,210
"S01007406",515,197,318
"S01007407",582,198,384
"S01007408",515,253,262
"S01007409",555,254,301
"S01007410",542,275,267
"S01007411",610,396,214
"S01007412",414,178,236
"S01007413",534,192,342
"S01007414",128,30,98
"S01007415",730,337,393
"S01007416",393,223,170
"S01007418",331,142,189
"S01007419",598,304,294
"S01007420",1050,735,315
"S01007421",192,102,90
"S01007422",487,258,229
"S01007423",311,151,160
"S01007424",603,195,408
"S01007425",827,315,512
"S01007426",505,254,251
"S01007427",575,238,337
"S01007428",788,394,394
"S01007429",601,301,300
"S01007430",379,188,191
"S01007431",442,147,295
"S01007432",591,220,371
"S01007433",538,206,332
"S01007434",410,216,194
"S01007435",570,280,290
"S01007436",581,349,232
"S01007437",353,203,150
"S01007438",590,294,296
"S01007439",656,277,379
"S01007440",578,220,358
"S01007441",444,135,309
"S01007442",423,109,314
"S01007443",741,303,438
"S01007444",690,291,399
"S01007445",553,176,377
"S01007446",447,143,304
"S01007447",395,112,283
"S01007448",692,212,480
"S01007449",648,293,355
"S01007450",536,286,250
"S01007451",560,224,336
"S01007452",510,240,270
"S01007454",490,230,260
"S01007455",690,343,347
"S01007456",691,385,306
"S01007457",563,316,247
"S01007458",339,96,243
"S01007459",662,228,434
"S01007460",605,320,285
"S01007461",577,378,199
"S01007462",539,290,249
"S01007463",645,375,270
"S01007464",586,317,269
"S01007465",607,382,225
"S01007466",602,413,189
"S01007467",831,438,393
"S01007468",550,199,351
"S01007469",552,216,336
"S01007470",536,320,216
"S01007471",293,105,188
"S01007472",569,297,272
"S01007473",291,160,131
"S01007474",259,69,190
"S01007475",236,98,138
"S01007476",785,293,492
"S01007477",473,210,263
"S01007478",609,309,300
"S01007479",266,159,107
"S01007480",368,161,207
"S01007481",618,185,433
"S01007482",381,168,213
"S01007483",669,320,349
"S01007484",551,301,250
"S01007485",369,227,142
"S01007486",431,311,120
"S01007487",798,494,304
"S01007488",733,340,393
"S01007489",683,273,410
"S01007490",797,342,455
"S01007491",511,274,237
"S01007492",584,281,303
"S01007493",646,277,369
"S01007494",456,187,269
"S01007495",667,203,464
"S01007496",890,336,554
"S01007497",512,204,308
"S01007498",873,331,542
"S01007499",660,263,397
"S01007500",551,209,342
"S01007501",554,204,350
"S01007502",469,190,279
"S01007503",811,325,486
"S01007504",556,236,320
"S01007505",329,128,201
"S01007506",454,146,308
"S01007507",716,309,407
"S01007508",581,257,324
"S01007509",526,176,350
"S01007510",791,298,493
"S01007511",682,322,360
"S01007512",388,163,225
"S01007513",644,325,319
"S01007514",418,225,193
"S01007515",426,174,252
"S01007516",444,236,208
"S01007517",303,147,156
"S01007518",584,260,324
"S01007519",540,208,332
"S01007520",798,316,482
"S01007521",525,180,345
"S01007522",766,364,402
"S01007523",424,184,240
"S01007524",749,304,445
"S01007525",481,209,272
"S01007526",653,365,288
"S01007527",672,271,401
"S01007528",661,344,317
"S01007529",518,178,340
"S01007530",427,158,269
"S01007531",570,225,345
"S01007532",406,163,243
"S01007533",740,311,429
"S01007534",611,304,307
"S01007535",536,229,307
"S01007536",807,355,452
"S01007537",705,326,379
"S01007538",693,255,438
"S01007539",592,206,386
"S01007540",717,350,367
"S01007541",687,334,353
"S01007542",632,338,294
"S01007543",844,422,422
"S01007544",1187,417,770
"S01007545",847,311,536
"S01007546",395,139,256
"S01007547",425,157,268
"S01007548",371,174,197
"S01007549",529,197,332
"S01007550",816,313,503
"S01007551",737,305,432
"S01007552",755,377,378
"S01007553",666,291,375
"S01007554",390,194,196
"S01007555",384,138,246
"S01007556",398,187,211
"S01007557",936,390,546
"S01007558",370,118,252
"S01007559",682,240,442
"S01007560",583,274,309
"S01007561",415,200,215
"S01007562",704,277,427
"S01007563",637,285,352
"S01007564",580,210,370
"S01007565",786,305,481
"S01007566",534,206,328
"S01007567",540,197,343
"S01007568",566,217,349
"S01007569",781,313,468
"S01007570",530,184,346
"S01007571",448,155,293
"S01007572",705,330,375
"S01007574",884,380,504
"S01007575",632,335,297
"S01007576",599,401,198
"S01007577",438,260,178
"S01007578",579,330,249
"S01007579",399,233,166
"S01007580",618,339,279
"S01007581",389,192,197
"S01007582",503,252,251
"S01007583",749,481,268
"S01007584",488,279,209
"S01007585",750,286,464
"S01007586",558,284,274
"S01007587",694,383,311
"S01007588",568,204,364
"S01007589",621,375,246
"S01007590",547,180,367
"S01007591",444,215,229
"S01007592",637,340,297
"S01007593",776,341,435
"S01007594",856,308,548
"S01007595",797,282,515
"S01007596",363,141,222
"S01007597",496,179,317
"S01007598",512,206,306
"S01007599",534,251,283
"S01007600",773,426,347
"S01007601",515,267,248
"S01007602",558,217,341
"S01007603",635,191,444
"S01007604",776,230,546
"S01007605",817,276,541
"S01007606",415,205,210
"S01007607",597,184,413
"S01007608",659,213,446
"S01007609",638,327,311
"S01007610",522,318,204
"S01007611",684,446,238
"S01007612",855,643,212
"S01007613",689,340,349
"S01007614",392,128,264
"S01007615",688,339,349
"S01007616",563,356,207
"S01007617",441,215,226
"S01007618",561,263,298
"S01007619",538,247,291
"S01007620",521,162,359
"S01007621",470,142,328
"S01007622",351,170,181
"S01007623",401,111,290
"S01007624",529,190,339
"S01007625",425,145,280
"S01007626",248,118,130
"S01007627",319,143,176
"S01007628",559,218,341
"S01007629",492,190,302
"S01007630",667,238,429
"S01007631",500,173,327
"S01007632",728,323,405
"S01007633",872,336,536
"S01007634",451,152,299
"S01007635",482,169,313
"S01007636",674,328,346
"S01007637",759,372,387
"S01007638",646,326,320
"S01007639",768,370,398
"S01007640",495,223,272
"S01007641",545,195,350
"S01007642",686,329,357
"S01007643",680,298,382
"S01007644",470,225,245
"S01007645",461,160,301
"S01007646",573,256,317
"S01007647",650,295,355
"S01007648",715,330,385
"S01007649",632,291,341
"S01007650",772,313,459
"S01007651",605,259,346
"S01007652",330,165,165
"S01007653",670,266,404
"S01007654",849,383,466
"S01007655",626,233,393
"S01007656",688,259,429
"S01007657",388,163,225
"S01007658",401,182,219
"S01007659",707,292,415
"S01007660",503,254,249
"S01007661",475,260,215
"S01007662",738,419,319
"S01007663",710,275,435
"S01007664",479,265,214
"S01007665",473,214,259
"S01007666",186,63,123
"S01007667",431,113,318
"S01007668",872,443,429
"S01007669",475,288,187
"S01007670",481,246,235
"S01007671",561,240,321
"S01007672",757,204,553
"S01007673",547,201,346
"S01007674",669,309,360
"S01007675",428,133,295
"S01007676",571,183,388
"S01007677",216,94,122
"S01007678",659,333,326
"S01007679",572,282,290
"S01007680",766,273,493
"S01007681",366,167,199
"S01007682",1029,442,587
"S01007683",718,366,352
"S01007684",742,266,476
"S01007685",782,423,359
"S01007686",693,387,306
"S01007687",807,554,253
"S01007688",789,622,167
"S01007689",604,485,119
"S01007690",946,745,201
"S01007691",1640,1494,146
"S01007692",540,446,94
"S01007693",419,360,59
"S01007694",447,398,49
"S01007695",890,658,232
"S01007696",593,484,109
"S01007697",890,640,250
"S01007698",822,647,175
"S01007699",676,538,138
"S01007700",815,410,405
"S01007701",386,298,88
"S01007702",182,166,16
"S01007703",687,401,286
"S01007704",774,581,193
"S01007705",570,551,19
"S01007706",425,411,14
"S01007707",237,199,38
"S01007708",638,460,178
"S01007709",483,364,119
"S01007710",370,325,45
"S01007711",916,734,182
"S01007712",550,448,102
"S01007713",460,303,157
"S01007714",528,309,219
"S01007715",334,247,87
"S01007716",806,647,159
"S01007717",765,596,169
"S01007718",549,428,121
"S01007719",890,650,240
"S01007720",651,330,321
"S01007721",640,388,252
"S01007722",761,532,229
"S01007723",873,602,271
"S01007724",499,387,112
"S01007725",683,479,204
"S01007726",649,446,203
"S01007727",643,511,132
"S01007728",552,436,116
"S01007729",622,474,148
"S01007730",578,428,150
"S01007731",306,233,73
"S01007732",516,413,103
"S01007733",748,338,410
"S01007734",733,295,438
"S01007735",714,295,419
"S01007736",623,259,364
"S01007737",770,434,336
"S01007738",667,287,380
"S01007739",411,210,201
"S01007740",568,259,309
"S01007741",603,327,276
"S01007742",564,288,276
"S01007743",770,445,325
"S01007744",663,403,260
"S01007745",573,371,202
"S01007746",744,399,345
"S01007747",427,231,196
"S01007748",528,349,179
"S01007749",647,212,435
"S01007750",682,245,437
"S01007751",820,302,518
"S01007752",699,331,368
"S01007753",446,242,204
"S01007754",752,457,295
"S01007755",690,386,304
"S01007756",499,282,217
"S01007757",754,219,535
"S01007758",857,391,466
"S01007759",853,577,276
"S01007760",675,224,451
"S01007761",803,337,466
"S01007762",720,470,250
"S01007763",519,288,231
"S01007764",666,204,462
"S01007765",612,178,434
"S01007766",539,163,376
"S01007767",915,316,599
"S01007768",548,285,263
"S01007769",633,216,417
"S01007770",613,204,409
"S01007771",511,148,363
"S01007772",876,464,412
"S01007773",688,223,465
"S01007774",223,69,154
"S01007775",398,166,232
"S01007776",473,134,339
"S01007777",173,49,124
"S01007778",220,97,123
"S01007779",624,248,376
"S01007780",639,238,401
"S01007781",672,308,364
"S01007782",277,186,91
"S01007783",692,422,270
"S01007784",535,258,277
"S01007785",359,241,118
"S01007786",669,321,348
"S01007787",564,274,290
"S01007788",371,291,80
"S01007789",396,276,120
"S01007790",399,302,97
"S01007791",143,72,71
"S01007792",804,368,436
"S01007793",747,462,285
"S01007794",521,237,284
"S01007795",637,329,308
"S01007796",649,387,262
"S01007797",564,362,202
"S01007798",196,76,120
"S01007800",695,420,275
"S01007801",805,584,221
"S01007802",401,154,247
"S01007803",825,530,295
"S01007804",370,249,121
"S01007805",289,192,97
"S01007806",608,310,298
"S01007807",534,193,341
"S01007808",591,330,261
"S01007809",813,263,550
"S01007810",700,381,319
"S01007811",660,367,293
"S01007812",542,368,174
"S01007813",573,319,254
"S01007814",515,284,231
"S01007815",736,289,447
"S01007816",605,204,401
"S01007817",436,190,246
"S01007818",677,293,384
"S01007819",584,245,339
"S01007820",801,360,441
"S01007821",470,201,269
"S01007822",702,284,418
"S01007823",622,269,353
"S01007824",663,264,399
"S01007825",837,355,482
"S01007826",515,366,149
"S01007827",495,280,215
"S01007828",908,587,321
"S01007829",558,307,251
"S01007830",853,522,331
"S01007831",692,444,248
"S01007832",527,319,208
"S01007833",793,389,404
"S01007834",685,468,217
"S01007835",597,318,279
"S01007836",553,291,262
"S01007837",784,269,515
"S01007838",935,440,495
"S01007839",525,250,275
"S01007840",713,400,313
"S01007841",528,289,239
"S01007842",568,413,155
"S01007843",639,410,229
"S01007844",773,517,256
"S01007845",675,415,260
"S01007846",561,320,241
"S01007847",723,429,294
"S01007848",648,455,193
"S01007849",724,418,306
"S01007850",655,348,307
"S01007851",855,404,451
"S01007852",529,339,190
"S01007853",541,351,190
"S01007854",758,528,230
"S01007855",584,407,177
"S01007856",582,271,311
"S01007857",321,211,110
"S01007858",651,409,242
"S01007859",164,133,31
"S01007861",543,294,249
"S01007862",595,287,308
"S01007863",684,454,230
"S01007864",827,396,431
"S01007866",427,131,296
"S01007867",333,182,151
"S01007868",787,242,545
"S01007869",431,172,259
"S01007870",434,209,225
"S01007871",598,316,282
"S01007872",555,311,244
"S01007873",578,295,283
"S01007874",601,312,289
"S01007875",395,194,201
"S01007876",525,241,284
"S01007877",532,238,294
"S01007878",432,238,194
"S01007879",544,259,285
"S01007880",702,318,384
"S01007881",513,231,282
"S01007882",573,190,383
"S01007883",580,291,289
"S01007884",482,188,294
"S01007885",593,345,248
"S01007886",561,292,269
"S01007887",534,203,331
"S01007888",882,422,460
"S01007889",482,229,253
"S01007890",455,186,269
"S01007891",443,200,243
"S01007892",372,108,264
"S01007893",978,359,619
"S01007894",744,312,432
"S01007895",451,172,279
"S01007896",605,289,316
"S01007897",515,172,343
"S01007898",563,199,364
"S01007899",466,159,307
"S01007900",340,180,160
"S01007901",545,274,271
"S01007902",757,368,389
"S01007903",567,266,301
"S01007904",634,239,395
"S01007905",535,282,253
"S01007906",701,345,356
"S01007907",488,235,253
"S01007908",473,208,265
"S01007909",304,109,195
"S01007910",694,356,338
"S01007911",362,180,182
"S01007912",647,304,343
"S01007913",560,284,276
"S01007914",593,294,299
"S01007915",620,279,341
"S01007916",765,345,420
"S01007917",760,322,438
"S01007918",845,436,409
"S01007919",493,144,349
"S01007920",500,176,324
"S01007921",791,388,403
"S01007922",743,412,331
"S01007923",473,221,252
"S01007924",652,334,318
"S01007925",624,212,412
"S01007926",545,187,358
"S01007927",451,147,304
"S01007928",862,422,440
"S01007929",506,193,313
"S01007930",442,137,305
"S01007931",669,271,398
"S01007932",798,287,511
"S01007933",573,241,332
"S01007934",521,242,279
"S01007935",658,383,275
"S01007936",569,174,395
"S01007937",713,268,445
"S01007938",642,311,331
"S01007939",760,389,371
"S01007940",806,373,433
"S01007941",362,112,250
"S01007942",186,108,78
"S01007943",463,188,275
"S01007944",641,287,354
"S01007945",725,350,375
"S01007946",642,333,309
"S01007947",620,233,387
"S01007948",558,280,278
"S01007949",667,237,430
"S01007950",610,213,397
"S01007951",590,240,350
"S01007952",532,338,194
"S01007953",769,373,396
"S01007954",537,296,241
"S01007955",477,253,224
"S01007956",597,307,290
"S01007957",813,386,427
"S01007958",725,440,285
"S01007959",660,264,396
"S01007960",518,270,248
"S01007961",1529,831,698
"S01007962",469,193,276
"S01007963",652,434,218
"S01007964",604,300,304
"S01007965",483,261,222
"S01007966",700,400,300
"S01007967",469,260,209
"S01007968",793,396,397
"S01007969",564,264,300
"S01007970",731,344,387
"S01007971",821,454,367
"S01007972",748,330,418
"S01007973",802,270,532
"S01007974",801,487,314
"S01007975",505,271,234
"S01007976",610,385,225
"S01007977",446,212,234
"S01007978",537,365,172
"S01007979",608,234,374
"S01007980",628,306,322
"S01007981",538,177,361
"S01007982",490,159,331
"S01007983",664,341,323
"S01007984",652,248,404
"S01007985",766,355,411
"S01007986",496,185,311
"S01007987",569,225,344
"S01007988",728,304,424
"S01007989",481,214,267
"S01007990",809,368,441
"S01007991",457,134,323
"S01007992",438,121,317
"S01007993",621,194,427
"S01007994",238,65,173
"S01007995",489,135,354
"S01007996",438,165,273
"S01007997",522,196,326
"S01007998",473,193,280
"S01007999",677,330,347
"S01008000",688,389,299
"S01008001",690,409,281
"S01008002",507,313,194
"S01008003",502,255,247
"S01008004",86,49,37
"S01008006",391,252,139
"S01008007",384,226,158
"S01008008",307,235,72
"S01008009",407,276,131
"S01008010",730,471,259
"S01008011",578,420,158
"S01008012",665,449,216
"S01008013",521,348,173
"S01008014",493,213,280
"S01008015",672,409,263
"S01008016",712,399,313
"S01008017",794,238,556
"S01008018",427,166,261
"S01008019",609,257,352
"S01008020",504,279,225
"S01008021",626,207,419
"S01008022",653,238,415
"S01008023",364,120,244
"S01008024",119,30,89
"S01008025",599,190,409
"S01008026",703,333,370
"S01008027",549,270,279
"S01008028",291,120,171
"S01008029",981,465,516
"S01008030",635,240,395
"S01008031",684,354,330
"S01008032",707,298,409
"S01008033",1028,290,738
"S01008034",549,174,375
"S01008035",520,235,285
"S01008036",559,163,396
"S01008037",775,418,357
"S01008038",674,343,331
"S01008039",656,327,329
"S01008040",803,276,527
"S01008041",529,253,276
"S01008042",482,177,305
"S01008043",630,206,424
"S01008044",787,282,505
"S01008045",973,384,589
"S01008046",814,480,334
"S01008047",595,216,379
"S01008048",513,167,346
"S01008049",704,223,481
"S01008050",510,175,335
"S01008051",683,213,470
"S01008052",684,220,464
"S01008053",476,165,311
"S01008054",806,317,489
"S01008055",589,179,410
"S01008056",691,290,401
"S01008057",733,272,461
"S01008058",721,233,488
"S01008059",461,142,319
"S01008060",600,190,410
"S01008061",731,397,334
"S01008062",888,308,580
"S01008063",644,232,412
"S01008064",561,314,247
"S01008065",793,253,540
"S01008066",749,233,516
"S01008067",446,158,288
"S01008068",777,266,511
"S01008069",764,271,493
"S01008070",773,282,491
"S01008071",580,233,347
"S01008072",293,130,163
"S01008073",386,98,288
"S01008074",790,284,506
"S01008075",514,174,340
"S01008076",592,252,340
"S01008077",726,289,437
"S01008078",802,264,538
"S01008079",788,266,522
"S01008080",574,205,369
"S01008081",488,160,328
"S01008082",556,191,365
"S01008083",503,178,325
"S01008084",685,283,402
"S01008085",769,255,514
"S01008086",786,325,461
"S01008087",736,232,504
"S01008088",782,275,507
"S01008089",532,169,363
"S01008090",634,248,386
"S01008091",356,115,241
"S01008092",755,236,519
"S01008093",651,209,442
"S01008094",528,160,368
"S01008095",601,219,382
"S01008096",689,244,445
"S01008097",452,173,279
"S01008098",627,210,417
"S01008099",398,152,246
"S01008100",804,275,529
"S01008101",636,300,336
"S01008102",638,307,331
"S01008103",525,321,204
"S01008104",777,376,401
"S01008105",880,526,354
"S01008106",588,324,264
"S01008107",307,156,151
"S01008108",456,178,278
"S01008109",789,272,517
"S01008110",675,231,444
"S01008111",793,267,526
"S01008112",733,225,508
"S01008113",718,266,452
"S01008114",601,198,403
"S01008115",762,332,430
"S01008116",795,247,548
"S01008117",723,236,487
"S01008118",1040,578,462
"S01008119",542,278,264
"S01008120",644,260,384
"S01008121",579,175,404
"S01008122",480,166,314
"S01008123",712,223,489
"S01008124",560,188,372
"S01008125",759,301,458
"S01008126",704,252,452
"S01008127",438,148,290
"S01008128",663,212,451
"S01008129",735,396,339
"S01008130",729,428,301
"S01008131",633,425,208
"S01008132",841,272,569
"S01008133",511,291,220
"S01008134",555,356,199
"S01008135",1000,518,482
"S01008136",707,347,360
"S01008137",592,407,185
"S01008138",581,367,214
"S01008139",875,475,400
"S01008140",470,270,200
"S01008141",883,256,627
"S01008142",516,179,337
"S01008143",803,435,368
"S01008144",714,210,504
"S01008145",635,310,325
"S01008146",496,283,213
"S01008147",706,329,377
"S01008148",667,272,395
"S01008149",561,245,316
"S01008150",782,356,426
"S01008151",572,278,294
"S01008152",849,407,442
"S01008153",449,152,297
"S01008154",728,289,439
"S01008155",564,186,378
"S01008156",757,362,395
"S01008157",586,246,340
"S01008158",619,260,359
"S01008159",724,437,287
"S01008160",719,433,286
"S01008161",531,204,327
"S01008162",883,476,407
"S01008163",621,283,338
"S01008164",506,260,246
"S01008165",126,47,79
"S01008166",435,198,237
"S01008167",443,236,207
"S01008168",766,373,393
"S01008169",473,236,237
"S01008170",479,159,320
"S01008171",633,324,309
"S01008172",480,190,290
"S01008173",515,162,353
"S01008174",459,183,276
"S01008175",623,336,287
"S01008176",528,205,323
"S01008177",619,325,294
"S01008178",590,212,378
"S01008179",345,86,259
"S01008180",374,112,262
"S01008181",526,167,359
"S01008182",787,518,269
"S01008183",631,271,360
"S01008184",635,430,205
"S01008185",879,548,331
"S01008186",602,373,229
"S01008187",420,224,196
"S01008188",728,462,266
"S01008189",495,198,297
"S01008190",718,351,367
"S01008191",366,164,202
"S01008192",668,361,307
"S01008193",634,302,332
"S01008194",455,228,227
"S01008195",585,337,248
"S01008196",567,308,259
"S01008198",585,265,320
"S01008199",593,283,310
"S01008200",439,224,215
"S01008201",589,303,286
"S01008202",484,189,295
"S01008203",453,281,172
"S01008204",717,314,403
"S01008205",584,245,339
"S01008206",506,242,264
"S01008207",417,220,197
"S01008208",92,48,44
"S01008210",790,380,410
"S01008211",740,392,348
"S01008212",339,82,257
"S01008213",719,205,514
"S01008214",578,262,316
"S01008215",522,223,299
"S01008216",481,132,349
"S01008217",590,184,406
"S01008218",375,123,252
"S01008219",666,329,337
"S01008220",468,273,195
"S01008221",579,338,241
"S01008222",636,303,333
"S01008223",403,190,213
"S01008224",746,298,448
"S01008225",601,232,369
"S01008226",683,380,303
"S01008227",640,314,326
"S01008228",483,199,284
"S01008229",403,160,243
"S01008230",403,166,237
"S01008231",70,36,34
"S01008233",207,85,122
"S01008234",283,146,137
"S01008235",666,260,406
"S01008236",724,305,419
"S01008237",663,284,379
"S01008238",574,236,338
"S01008239",496,198,298
"S01008240",681,191,490
"S01008241",560,136,424
"S01008242",802,335,467
"S01008243",610,237,373
"S01008244",360,133,227
"S01008245",778,277,501
"S01008246",795,280,515
"S01008247",513,191,322
"S01008248",584,216,368
"S01008249",709,276,433
"S01008250",616,215,401
"S01008251",417,96,321
"S01008252",764,262,502
"S01008253",617,271,346
"S01008254",699,331,368
"S01008255",614,257,357
"S01008256",684,331,353
"S01008257",561,333,228
"S01008258",620,257,363
"S01008259",480,259,221
"S01008260",734,395,339
"S01008261",713,308,405
"S01008262",441,168,273
"S01008263",399,209,190
"S01008264",416,176,240
"S01008265",534,178,356
"S01008266",478,164,314
"S01008267",616,232,384
"S01008268",574,215,359
"S01008269",629,202,427
"S01008270",657,271,386
"S01008271",519,330,189
"S01008272",690,262,428
"S01008273",620,212,408
"S01008274",610,280,330
"S01008275",493,187,306
"S01008276",365,93,272
"S01008277",387,138,249
"S01008278",677,212,465
"S01008279",601,231,370
"S01008280",704,319,385
"S01008281",567,220,347
"S01008282",597,230,367
"S01008283",171,87,84
"S01008284",439,205,234
"S01008285",631,303,328
"S01008286",609,303,306
"S01008287",601,269,332
"S01008288",736,338,398
"S01008289",404,239,165
"S01008290",518,269,249
"S01008291",617,237,380
"S01008292",287,99,188
"S01008294",315,104,211
"S01008295",646,244,402
"S01008296",483,270,213
"S01008297",406,155,251
"S01008298",709,282,427
"S01008299",568,335,233
"S01008300",624,304,320
"S01008301",724,274,450
"S01008302",613,199,414
"S01008303",442,225,217
"S01008304",317,147,170
"S01008305",694,235,459
"S01008306",528,170,358
"S01008307",495,203,292
"S01008308",519,170,349
"S01008309",575,344,231
"S01008310",821,395,426
"S01008311",320,147,173
"S01008312",210,93,117
"S01008313",857,526,331
"S01008314",410,283,127
"S01008315",539,394,145
"S01008316",308,225,83
"S01008317",401,224,177
"S01008318",823,321,502
"S01008319",655,296,359
"S01008320",496,186,310
"S01008321",435,130,305
"S01008322",824,413,411
"S01008323",625,346,279
"S01008324",393,185,208
"S01008325",541,314,227
"S01008326",710,380,330
"S01008327",826,390,436
"S01008328",601,194,407
"S01008329",711,220,491
"S01008330",703,221,482
"S01008331",449,196,253
"S01008332",786,354,432
"S01008333",836,389,447
"S01008334",475,173,302
"S01008335",531,254,277
"S01008336",464,225,239
"S01008337",401,147,254
"S01008338",545,184,361
"S01008339",434,165,269
"S01008340",531,171,360
"S01008341",445,100,345
"S01008342",609,237,372
"S01008343",659,186,473
"S01008344",686,217,469
"S01008345",654,203,451
"S01008346",761,215,546
"S01008347",852,353,499
"S01008348",621,232,389
"S01008349",488,123,365
"S01008350",492,134,358
"S01008351",729,241,488
"S01008352",515,153,362
"S01008353",312,84,228
"S01008354",460,189,271
"S01008355",486,248,238
"S01008356",431,175,256
"S01008357",382,145,237
"S01008358",594,286,308
"S01008359",539,192,347
"S01008360",664,213,451
"S01008361",673,215,458
"S01008362",643,300,343
"S01008363",596,253,343
"S01008364",604,217,387
"S01008365",679,221,458
"S01008366",732,356,376
"S01008367",564,342,222
"S01008368",389,220,169
"S01008369",529,230,299
"S01008370",582,213,369
"S01008371",606,191,415
"S01008372",587,219,368
"S01008373",596,171,425
"S01008374",570,192,378
"S01008375",604,182,422
"S01008376",374,127,247
"S01008377",600,252,348
"S01008378",674,229,445
"S01008379",435,134,301
"S01008380",404,129,275
"S01008381",393,131,262
"S01008382",624,189,435
"S01008383",379,131,248
"S01008384",750,269,481
"S01008385",519,178,341
"S01008386",529,192,337
"S01008387",643,217,426
"S01008388",381,152,229
"S01008389",477,218,259
"S01008390",522,150,372
"S01008391",613,235,378
"S01008392",682,232,450
"S01008393",501,191,310
"S01008394",706,207,499
"S01008395",380,128,252
"S01008396",724,295,429
"S01008397",782,257,525
"S01008398",483,176,307
"S01008399",606,255,351
"S01008400",394,132,262
"S01008401",718,286,432
"S01008402",787,215,572
"S01008403",477,142,335
"S01008404",829,301,528
"S01008405",591,174,417
"S01008406",825,371,454
"S01008407",464,238,226
"S01008408",489,172,317
"S01008409",835,406,429
"S01008410",470,228,242
"S01008411",508,217,291
"S01008412",500,195,305
"S01008413",299,125,174
"S01008414",356,114,242
"S01008415",695,292,403
"S01008416",654,364,290
"S01008417",588,196,392
"S01008418",627,243,384
"S01008419",370,110,260
"S01008420",398,142,256
"S01008421",568,291,277
"S01008422",567,195,372
"S01008423",626,196,430
"S01008424",672,145,527
"S01008425",2422,1805,617
"S01008426",512,232,280
"S01008427",843,267,576
"S01008428",574,283,291
"S01008429",594,185,409
"S01008430",658,232,426
"S01008431",708,223,485
"S01008432",593,174,419
"S01008433",753,243,510
"S01008434",834,260,574
"S01008435",678,215,463
"S01008436",603,218,385
"S01008437",588,305,283
"S01008438",736,469,267
"S01008439",784,252,532
"S01008440",862,238,624
"S01008441",308,83,225
"S01008442",453,176,277
"S01008443",525,186,339
"S01008444",496,181,315
"S01008445",981,521,460
"S01008446",769,329,440
"S01008447",576,178,398
"S01008448",553,160,393
"S01008449",350,217,133
"S01008450",327,233,94
"S01008451",451,330,121
"S01008452",336,247,89
"S01008453",122,91,31
"S01008454",647,439,208
"S01008455",787,501,286
"S01008456",628,460,168
"S01008457",505,332,173
"S01008458",737,376,361
"S01008459",460,340,120
"S01008460",511,398,113
"S01008461",653,473,180
"S01008462",439,337,102
"S01008463",522,360,162
"S01008464",749,335,414
"S01008465",632,330,302
"S01008466",598,288,310
"S01008467",651,267,384
"S01008468",503,282,221
"S01008469",279,136,143
"S01008470",546,325,221
"S01008471",629,416,213
"S01008472",433,241,192
"S01008473",546,343,203
"S01008474",659,431,228
"S01008475",465,255,210
"S01008476",609,366,243
"S01008477",800,508,292
"S01008478",580,369,211
"S01008479",679,371,308
"S01008480",274,155,119
"S01008481",1123,676,447
"S01008482",526,290,236
"S01008483",536,295,241
"S01008484",646,292,354
"S01008485",747,265,482
"S01008486",762,358,404
"S01008487",235,145,90
"S01008488",452,280,172
"S01008489",556,331,225
"S01008490",813,543,270
"S01008491",669,453,216
"S01008492",429,360,69
"S01008493",658,407,251
"S01008494",593,451,142
"S01008495",779,668,111
"S01008496",901,782,119
"S01008497",726,603,123
"S01008498",705,588,117
"S01008499",836,718,118
"S01008500",174,143,31
"S01008501",389,325,64
"S01008502",600,481,119
"S01008503",608,433,175
"S01008504",824,507,317
"S01008505",614,344,270
"S01008506",764,485,279
"S01008507",752,535,217
"S01008508",698,280,418
"S01008509",634,266,368
"S01008510",692,266,426
"S01008511",784,257,527
"S01008512",394,114,280
"S01008513",497,161,336
"S01008514",771,363,408
"S01008515",577,253,324
"S01008516",812,678,134
"S01008517",732,535,197
"S01008518",717,320,397
"S01008519",629,240,389
"S01008520",592,170,422
"S01008521",710,211,499
"S01008522",448,161,287
"S01008523",57,19,38
"S01008524",622,355,267
"S01008525",588,356,232
"S01008526",652,384,268
"S01008527",607,298,309
"S01008528",549,264,285
"S01008529",644,308,336
"S01008530",603,360,243
"S01008531",639,390,249
"S01008532",383,234,149
"S01008533",353,46,307
"S01008534",541,137,404
"S01008535",570,165,405
"S01008536",509,195,314
"S01008537",580,168,412
"S01008538",376,128,248
"S01008539",654,231,423
"S01008540",649,223,426
"S01008541",698,222,476
"S01008542",707,245,462
"S01008543",577,186,391
"S01008544",443,119,324
"S01008545",421,106,315
"S01008546",823,230,593
"S01008547",807,338,469
"S01008548",807,399,408
"S01008549",789,320,469
"S01008550",636,253,383
"S01008551",854,386,468
"S01008552",668,280,388
"S01008553",509,243,266
"S01008554",639,371,268
"S01008555",552,373,179
"S01008556",630,347,283
"S01008557",643,414,229
"S01008558",764,489,275
"S01008559",556,286,270
"S01008560",557,288,269
"S01008561",460,214,246
"S01008562",425,317,108
"S01008563",719,427,292
"S01008564",498,248,250
"S01008565",689,396,293
"S01008566",762,404,358
"S01008567",409,223,186
"S01008568",577,265,312
"S01008569",497,390,107
"S01008570",560,358,202
"S01008571",657,320,337
"S01008572",683,331,352
"S01008573",631,243,388
"S01008574",626,266,360
"S01008575",553,163,390
"S01008576",713,287,426
"S01008577",733,303,430
"S01008578",653,215,438
"S01008579",898,281,617
"S01008580",466,239,227
"S01008581",828,492,336
"S01008582",858,456,402
"S01008583",522,294,228
"S01008584",518,289,229
"S01008585",556,345,211
"S01008586",596,305,291
"S01008587",744,336,408
"S01008588",602,298,304
"S01008589",305,121,184
"S01008590",495,305,190
"S01008591",618,318,300
"S01008592",606,328,278
"S01008593",642,234,408
"S01008594",787,402,385
"S01008595",744,467,277
"S01008596",767,497,270
"S01008597",747,281,466
"S01008598",675,445,230
"S01008599",719,401,318
"S01008600",752,416,336
"S01008601",2627,2507,120
"S01008602",564,469,95
"S01008603",1031,900,131
"S01008604",653,468,185
"S01008605",665,469,196
"S01008606",761,349,412
"S01008607",241,92,149
"S01008608",609,300,309
"S01008609",789,369,420
"S01008610",802,449,353
"S01008611",1164,935,229
"S01008612",662,570,92
"S01008613",685,467,218
"S01008614",651,566,85
"S01008615",752,602,150
"S01008616",678,594,84
"S01008617",767,642,125
"S01008618",703,625,78
"S01008619",479,379,100
"S01008620",737,618,119
"S01008621",712,603,109
"S01008622",523,418,105
"S01008623",911,666,245
"S01008624",686,342,344
"S01008625",483,171,312
"S01008626",725,338,387
"S01008627",557,247,310
"S01008628",532,372,160
"S01008629",503,356,147
"S01008630",431,345,86
"S01008631",702,526,176
"S01008632",1032,793,239
"S01008633",726,376,350
"S01008634",616,326,290
"S01008635",693,468,225
"S01008636",683,417,266
"S01008637",569,397,172
"S01008638",707,545,162
"S01008639",840,667,173
"S01008640",685,520,165
"S01008641",808,648,160
"S01008642",773,572,201
"S01008643",655,505,150
"S01008644",643,492,151
"S01008645",707,552,155
"S01008646",733,536,197
"S01008647",518,415,103
"S01008648",480,394,86
"S01008649",799,677,122
"S01008650",706,584,122
"S01008651",680,582,98
"S01008652",540,490,50
"S01008653",631,514,117
"S01008654",852,736,116
"S01008655",498,411,87
"S01008656",589,469,120
"S01008657",618,518,100
"S01008658",649,555,94
"S01008659",735,646,89
"S01008660",828,710,118
"S01008661",704,577,127
"S01008662",624,594,30
"S01008663",867,744,123
"S01008664",787,686,101
"S01008665",880,774,106
"S01008666",550,467,83
"S01008667",588,479,109
"S01008668",600,525,75
"S01008669",390,363,27
"S01008670",822,729,93
"S01008671",702,632,70
"S01008672",579,509,70
"S01008673",734,595,139
"S01008674",947,853,94
"S01008675",601,498,103
"S01008676",738,631,107
"S01008677",556,453,103
"S01008678",912,827,85
"S01008679",860,757,103
"S01008680",518,450,68
"S01008681",808,707,101
"S01008682",622,487,135
"S01008683",988,767,221
"S01008684",747,588,159
"S01008685",797,642,155
"S01008686",703,560,143
"S01008687",502,406,96
"S01008688",621,514,107
"S01008689",765,562,203
"S01008690",876,636,240
"S01008691",929,723,206
"S01008692",508,371,137
"S01008693",422,160,262
"S01008694",817,559,258
"S01008695",569,351,218
"S01008696",554,221,333
"S01008697",716,225,491
"S01008698",330,121,209
"S01008699",775,438,337
"S01008700",410,157,253
"S01008701",316,254,62
"S01008703",493,344,149
"S01008704",356,198,158
"S01008705",250,166,84
"S01008706",159,120,39
"S01008707",517,346,171
"S01008708",589,432,157
"S01008709",566,324,242
"S01008710",172,113,59
"S01008711",537,336,201
"S01008712",827,517,310
"S01008713",501,346,155
"S01008714",518,283,235
"S01008715",687,379,308
"S01008716",482,265,217
"S01008717",350,143,207
"S01008718",408,179,229
"S01008719",757,308,449
"S01008720",393,205,188
"S01008721",638,205,433
"S01008722",907,366,541
"S01008723",496,210,286
"S01008724",729,331,398
"S01008725",607,304,303
"S01008726",321,123,198
"S01008727",912,522,390
"S01008728",340,203,137
"S01008729",639,305,334
"S01008730",604,427,177
"S01008731",399,192,207
"S01008732",395,247,148
"S01008733",596,386,210
"S01008734",583,269,314
"S01008735",795,270,525
"S01008736",586,212,374
"S01008737",788,250,538
"S01008738",525,164,361
"S01008739",498,211,287
"S01008740",502,180,322
"S01008741",890,278,612
"S01008742",391,223,168
"S01008743",828,522,306
"S01008744",851,436,415
"S01008745",398,206,192
"S01008746",777,545,232
"S01008747",458,170,288
"S01008748",484,162,322
"S01008749",986,358,628
"S01008750",609,162,447
"S01008751",551,262,289
"S01008752",663,400,263
"S01008753",384,259,125
"S01008754",454,309,145
"S01008755",667,487,180
"S01008756",617,424,193
"S01008757",487,343,144
"S01008758",696,435,261
"S01008759",494,295,199
"S01008760",666,444,222
"S01008761",335,182,153
"S01008762",554,243,311
"S01008763",791,404,387
"S01008764",548,261,287
"S01008765",694,396,298
"S01008766",855,369,486
"S01008767",439,215,224
"S01008768",394,256,138
"S01008769",182,142,40
"S01008772",655,342,313
"S01008773",715,516,199
"S01008774",693,489,204
"S01008775",317,207,110
"S01008776",717,524,193
"S01008777",751,578,173
"S01008778",606,462,144
"S01008779",169,130,39
"S01008780",157,128,29
"S01008781",215,169,46
"S01008782",350,264,86
"S01008783",181,145,36
"S01008784",311,266,45
"S01008785",620,456,164
"S01008786",594,454,140
"S01008787",252,166,86
"S01008788",201,154,47
"S01008789",579,364,215
"S01008790",454,357,97
"S01008791",250,153,97
"S01008792",800,551,249
"S01008793",269,206,63
"S01008794",621,430,191
"S01008795",734,494,240
"S01008796",882,731,151
"S01008797",768,563,205
"S01008798",728,560,168
"S01008799",107,66,41
"S01008800",741,598,143
"S01008801",704,584,120
"S01008802",694,571,123
"S01008803",835,665,170
"S01008804",458,409,49
"S01008805",427,352,75
"S01008806",494,371,123
"S01008807",773,598,175
"S01008808",669,513,156
"S01008809",661,423,238
"S01008810",678,500,178
"S01008811",689,518,171
"S01008812",413,306,107
"S01008813",639,463,176
"S01008814",638,419,219
"S01008815",720,595,125
"S01008816",216,156,60
"S01008817",409,283,126
"S01008818",541,278,263
"S01008819",684,448,236
"S01008820",713,518,195
"S01008821",626,285,341
"S01008822",565,228,337
"S01008823",538,260,278
"S01008824",767,406,361
"S01008825",464,220,244
"S01008826",645,387,258
"S01008827",585,213,372
"S01008828",718,369,349
"S01008829",593,255,338
"S01008830",624,326,298
"S01008831",649,256,393
"S01008832",519,259,260
"S01008833",787,485,302
"S01008834",989,512,477
"S01008835",599,280,319
"S01008836",452,310,142
"S01008837",621,495,126
"S01008838",750,545,205
"S01008839",864,569,295
"S01008840",915,592,323
"S01008841",396,253,143
"S01008842",164,73,91
"S01008843",642,491,151
"S01008844",275,204,71
"S01008845",621,475,146
"S01008846",684,542,142
"S01008847",469,376,93
"S01008848",651,493,158
"S01008849",717,503,214
"S01008850",641,429,212
"S01008851",839,622,217
"S01008852",873,467,406
"S01008853",508,376,132
"S01008854",821,569,252
"S01008855",977,736,241
"S01008856",421,309,112
"S01008857",688,534,154
"S01008858",547,373,174
"S01008859",951,726,225
"S01008860",828,625,203
"S01008861",684,335,349
"S01008862",859,641,218
"S01008863",714,506,208
"S01008864",726,531,195
"S01008865",851,597,254
"S01008866",715,501,214
"S01008867",700,420,280
"S01008868",704,553,151
"S01008869",1012,661,351
"S01008870",629,384,245
"S01008871",1060,651,409
"S01008872",633,478,155
"S01008873",555,237,318
"S01008874",765,494,271
"S01008875",743,557,186
"S01008876",480,206,274
"S01008877",435,220,215
"S01008878",696,333,363
"S01008879",843,362,481
"S01008880",491,227,264
"S01008881",397,219,178
"S01008882",843,337,506
"S01008883",793,271,522
"S01008884",596,161,435
"S01008885",680,210,470
"S01008886",690,356,334
"S01008887",647,292,355
"S01008888",391,268,123
"S01008889",303,113,190
"S01008890",581,181,400
"S01008891",661,231,430
"S01008892",832,504,328
"S01008893",701,246,455
"S01008894",685,201,484
"S01008895",466,160,306
"S01008896",175,74,101
"S01008897",565,218,347
"S01008898",668,185,483
"S01008899",663,378,285
"S01008900",730,376,354
"S01008901",592,321,271
"S01008902",723,427,296
"S01008903",857,454,403
"S01008904",773,524,249
"S01008905",781,511,270
"S01008906",457,322,135
"S01008907",358,233,125
"S01008908",603,341,262
"S01008909",677,303,374
"S01008910",322,144,178
"S01008911",152,91,61
"S01008912",629,290,339
"S01008913",317,159,158
"S01008914",767,343,424
"S01008915",449,184,265
"S01008916",916,578,338
"S01008917",507,326,181
"S01008918",345,262,83
"S01008919",332,250,82
"S01008920",121,95,26
"S01008921",609,362,247
"S01008922",674,351,323
"S01008923",603,396,207
"S01008924",419,247,172
"S01008925",539,276,263
"S01008926",60,36,24
"S01008927",62,36,26
"S01008928",392,207,185
"S01008929",666,526,140
"S01008930",727,527,200
"S01008931",578,358,220
"S01008932",157,79,78
"S01008933",268,186,82
"S01008934",392,293,99
"S01008935",760,265,495
"S01008936",333,99,234
"S01008937",604,329,275
"S01008938",477,143,334
"S01008939",738,229,509
"S01008940",511,148,363
"S01008941",614,312,302
"S01008942",735,277,458
"S01008943",508,145,363
"S01008944",813,243,570
"S01008945",630,164,466
"S01008946",600,171,429
"S01008947",886,270,616
"S01008948",598,264,334
"S01008949",679,338,341
"S01008950",739,319,420
"S01008951",747,443,304
"S01008952",727,449,278
"S01008953",791,391,400
"S01008954",771,435,336
"S01008955",526,235,291
"S01008956",744,385,359
"S01008957",793,407,386
"S01008958",560,369,191
"S01008959",722,324,398
"S01008960",205,58,147
"S01008961",593,233,360
"S01008962",603,207,396
"S01008963",709,240,469
"S01008964",427,112,315
"S01008965",635,181,454
"S01008966",503,142,361
"S01008967",868,298,570
"S01008968",1073,490,583
"S01008969",862,315,547
"S01008970",817,300,517
"S01008971",441,137,304
"S01008972",639,242,397
"S01008973",1033,507,526
"S01008974",657,340,317
"S01008975",738,406,332
"S01008976",319,103,216
"S01008977",503,156,347
"S01008978",460,222,238
"S01008979",531,268,263
"S01008980",594,299,295
"S01008981",637,223,414
"S01008982",617,306,311
"S01008983",531,363,168
"S01008984",417,221,196
"S01008985",481,258,223
"S01008986",783,242,541
"S01008987",705,216,489
"S01008988",757,445,312
"S01008989",537,276,261
"S01008990",635,368,267
"S01008991",722,245,477
"S01008992",467,228,239
"S01008993",782,332,450
"S01008994",584,293,291
"S01008995",528,175,353
"S01008996",596,273,323
"S01008997",603,278,325
"S01008998",419,244,175
"S01008999",741,366,375
"S01009000",775,230,545
"S01009001",573,159,414
"S01009002",548,249,299
"S01009003",645,215,430
"S01009004",554,224,330
"S01009005",621,282,339
"S01009006",624,280,344
"S01009007",578,284,294
"S01009008",813,321,492
"S01009009",448,296,152
"S01009010",755,267,488
"S01009011",676,230,446
"S01009012",634,210,424
"S01009013",746,288,458
"S01009014",400,204,196
"S01009015",319,150,169
"S01009016",451,216,235
"S01009017",325,157,168
"S01009018",651,305,346
"S01009019",422,228,194
"S01009020",547,263,284
"S01009021",581,281,300
"S01009022",712,348,364
"S01009023",692,312,380
"S01009024",805,415,390
"S01009025",797,388,409
"S01009026",718,366,352
"S01009027",685,321,364
"S01009028",290,137,153
"S01009029",438,205,233
"S01009030",579,272,307
"S01009031",643,303,340
"S01009032",541,272,269
"S01009033",601,308,293
"S01009034",523,233,290
"S01009035",678,268,410
"S01009036",661,261,400
"S01009037",459,211,248
"S01009038",743,349,394
"S01009039",572,322,250
"S01009040",621,385,236
"S01009041",602,363,239
"S01009042",669,364,305
"S01009043",555,303,252
"S01009044",814,440,374
"S01009045",642,310,332
"S01009046",647,263,384
"S01009047",556,254,302
"S01009048",598,256,342
"S01009049",456,211,245
"S01009050",840,396,444
"S01009051",438,206,232
"S01009052",505,212,293
"S01009053",452,305,147
"S01009054",468,215,253
"S01009055",637,237,400
"S01009056",432,225,207
"S01009057",418,266,152
"S01009058",621,335,286
"S01009059",323,168,155
"S01009060",255,135,120
"S01009061",683,307,376
"S01009062",598,312,286
"S01009063",584,212,372
"S01009064",494,245,249
"S01009065",542,347,195
"S01009066",624,304,320
"S01009067",498,144,354
"S01009068",714,321,393
"S01009069",561,174,387
"S01009070",461,178,283
"S01009071",488,246,242
"S01009072",193,72,121
"S01009073",552,281,271
"S01009074",595,312,283
"S01009075",440,198,242
"S01009076",774,317,457
"S01009077",389,164,225
"S01009079",862,494,368
"S01009080",803,376,427
"S01009081",595,223,372
"S01009082",668,341,327
"S01009083",478,230,248
"S01009084",550,224,326
"S01009086",325,139,186
"S01009087",441,199,242
"S01009088",888,495,393
"S01009089",116,37,79
"S01009090",232,82,150
"S01009091",176,41,135
"S01009092",746,302,444
"S01009093",523,276,247
"S01009094",599,176,423
"S01009095",637,285,352
"S01009096",387,203,184
"S01009097",373,91,282
"S01009098",459,147,312
"S01009099",744,382,362
"S01009100",690,411,279
"S01009101",758,372,386
"S01009102",611,340,271
"S01009103",535,133,402
"S01009104",667,331,336
"S01009105",551,257,294
"S01009106",471,193,278
"S01009107",467,183,284
"S01009108",559,225,334
"S01009109",574,140,434
"S01009110",538,219,319
"S01009111",701,313,388
"S01009112",388,117,271
"S01009113",771,292,479
"S01009114",479,194,285
"S01009115",364,184,180
"S01009116",421,145,276
"S01009117",612,319,293
"S01009118",434,108,326
"S01009119",588,292,296
"S01009120",418,206,212
"S01009121",613,309,304
"S01009122",772,348,424
"S01009123",253,94,159
"S01009124",212,78,134
"S01009125",482,240,242
"S01009126",411,266,145
"S01009127",412,250,162
"S01009128",680,481,199
"S01009129",399,217,182
"S01009130",273,168,105
"S01009131",412,230,182
"S01009132",596,211,385
"S01009133",534,304,230
"S01009134",710,324,386
"S01009135",466,226,240
"S01009136",158,84,74
"S01009137",142,115,27
"S01009138",675,315,360
"S01009139",399,273,126
"S01009140",620,391,229
"S01009141",556,375,181
"S01009142",450,300,150
"S01009143",449,267,182
"S01009144",242,109,133
"S01009145",770,341,429
"S01009146",594,322,272
"S01009147",639,350,289
"S01009148",549,277,272
"S01009149",380,208,172
"S01009150",719,426,293
"S01009151",590,241,349
"S01009152",592,386,206
"S01009153",417,249,168
"S01009154",715,300,415
"S01009155",418,207,211
"S01009156",494,177,317
"S01009157",740,324,416
"S01009158",462,249,213
"S01009159",423,272,151
"S01009160",532,333,199
"S01009161",395,218,177
"S01009162",615,394,221
"S01009163",401,239,162
"S01009164",639,284,355
"S01009165",553,303,250
"S01009166",660,362,298
"S01009167",408,177,231
"S01009168",553,216,337
"S01009169",657,371,286
"S01009170",553,262,291
"S01009171",564,281,283
"S01009172",498,175,323
"S01009173",438,147,291
"S01009174",103,19,84
"S01009175",591,156,435
"S01009176",735,209,526
"S01009177",679,387,292
"S01009178",570,318,252
"S01009179",617,270,347
"S01009180",834,420,414
"S01009181",1197,461,736
"S01009182",752,290,462
"S01009183",217,59,158
"S01009184",810,393,417
"S01009185",562,283,279
"S01009186",466,177,289
"S01009187",830,335,495
"S01009188",664,324,340
"S01009189",638,288,350
"S01009190",232,86,146
"S01009191",84,24,60
"S01009192",712,428,284
"S01009193",52,22,30
"S01009194",702,218,484
"S01009195",298,112,186
"S01009196",613,236,377
"S01009197",431,156,275
"S01009198",602,211,391
"S01009199",284,136,148
"S01009200",683,247,436
"S01009201",406,189,217
"S01009202",408,119,289
"S01009203",491,254,237
"S01009204",518,236,282
"S01009205",612,241,371
"S01009206",822,303,519
"S01009207",853,350,503
"S01009208",588,239,349
"S01009209",498,240,258
"S01009210",777,269,508
"S01009211",439,200,239
"S01009212",714,333,381
"S01009213",553,288,265
"S01009214",774,305,469
"S01009215",717,334,383
"S01009216",760,353,407
"S01009217",468,273,195
"S01009218",702,273,429
"S01009219",480,211,269
"S01009220",245,122,123
"S01009221",444,220,224
"S01009222",446,219,227
"S01009223",436,202,234
"S01009224",552,296,256
"S01009225",475,233,242
"S01009226",746,413,333
"S01009227",541,311,230
"S01009228",511,305,206
"S01009229",488,223,265
"S01009230",499,301,198
"S01009231",776,319,457
"S01009232",459,295,164
"S01009233",441,179,262
"S01009234",666,382,284
"S01009235",605,342,263
"S01009236",416,161,255
"S01009237",784,319,465
"S01009238",687,278,409
"S01009239",706,372,334
"S01009240",585,402,183
"S01009241",761,453,308
"S01009242",644,232,412
"S01009243",868,374,494
"S01009244",678,186,492
"S01009245",736,273,463
"S01009246",712,328,384
"S01009247",737,345,392
"S01009248",643,204,439
"S01009249",745,400,345
"S01009250",529,234,295
"S01009251",489,188,301
"S01009252",351,98,253
"S01009253",426,183,243
"S01009254",688,358,330
"S01009255",412,259,153
"S01009256",413,175,238
"S01009257",562,306,256
"S01009258",544,195,349
"S01009259",537,186,351
"S01009260",666,371,295
"S01009261",632,336,296
"S01009262",457,273,184
"S01009263",136,46,90
"S01009264",603,249,354
"S01009265",603,249,354
"S01009266",757,300,457
"S01009267",527,259,268
"S01009268",570,277,293
"S01009269",663,378,285
"S01009270",512,334,178
"S01009271",715,210,505
"S01009272",562,275,287
"S01009273",387,108,279
"S01009274",569,196,373
"S01009275",561,252,309
"S01009276",620,226,394
"S01009277",837,295,542
"S01009278",192,84,108
"S01009279",490,238,252
"S01009280",727,368,359
"S01009281",517,275,242
"S01009282",427,187,240
"S01009283",550,226,324
"S01009284",585,170,415
"S01009285",733,247,486
"S01009286",611,214,397
"S01009287",649,227,422
"S01009288",817,307,510
"S01009289",753,262,491
"S01009290",571,177,394
"S01009291",827,269,558
"S01009292",164,71,93
"S01009293",403,173,230
"S01009294",263,113,150
"S01009295",568,189,379
"S01009296",339,110,229
"S01009297",567,193,374
"S01009298",808,510,298
"S01009299",748,449,299
"S01009300",446,280,166
"S01009301",796,559,237
"S01009302",739,511,228
"S01009303",702,316,386
"S01009304",747,313,434
"S01009305",624,342,282
"S01009306",816,518,298
"S01009307",844,570,274
"S01009308",331,254,77
"S01009309",519,320,199
"S01009310",747,253,494
"S01009311",560,270,290
"S01009312",566,372,194
"S01009313",374,219,155
"S01009314",641,233,408
"S01009315",483,256,227
"S01009316",550,198,352
"S01009317",739,243,496
"S01009318",499,159,340
"S01009319",791,239,552
"S01009320",639,270,369
"S01009321",334,103,231
"S01009322",383,154,229
"S01009323",533,245,288
"S01009324",475,240,235
"S01009325",666,292,374
"S01009326",238,98,140
"S01009327",471,115,356
"S01009331",78,25,53
"S01009332",804,284,520
"S01009333",608,369,239
"S01009334",515,279,236
"S01009335",668,347,321
"S01009336",481,276,205
"S01009337",545,296,249
"S01009338",535,346,189
"S01009339",543,315,228
"S01009340",564,278,286
"S01009341",518,252,266
"S01009342",649,329,320
"S01009343",480,197,283
"S01009344",607,270,337
"S01009345",685,295,390
"S01009346",121,37,84
"S01009353",168,40,128
"S01009355",693,201,492
"S01009356",866,289,577
"S01009357",367,125,242
"S01009358",146,30,116
"S01009359",191,63,128
"S01009360",679,265,414
"S01009361",620,227,393
"S01009362",834,227,607
"S01009363",698,343,355
"S01009364",638,248,390
"S01009365",362,185,177
"S01009366",671,333,338
"S01009367",400,197,203
"S01009368",467,223,244
"S01009369",487,240,247
"S01009370",738,335,403
"S01009371",567,241,326
"S01009372",365,163,202
"S01009373",589,336,253
"S01009374",676,358,318
"S01009375",604,284,320
"S01009376",477,231,246
"S01009377",582,310,272
"S01009378",508,230,278
"S01009379",123,61,62
"S01009380",410,157,253
"S01009381",430,185,245
"S01009382",599,293,306
"S01009383",855,460,395
"S01009384",295,99,196
"S01009385",319,147,172
"S01009386",532,218,314
"S01009387",475,234,241
"S01009388",768,491,277
"S01009389",728,348,380
"S01009390",534,135,399
"S01009391",499,144,355
"S01009392",328,78,250
"S01009393",476,165,311
"S01009394",708,337,371
"S01009395",631,182,449
"S01009396",634,175,459
"S01009397",603,242,361
"S01009398",584,251,333
"S01009399",631,228,403
"S01009400",408,177,231
"S01009401",601,177,424
"S01009402",801,243,558
"S01009403",449,146,303
"S01009404",448,231,217
"S01009405",402,146,256
"S01009406",620,290,330
"S01009407",343,140,203
"S01009408",388,150,238
"S01009409",648,282,366
"S01009410",663,349,314
"S01009411",640,294,346
"S01009412",762,381,381
"S01009413",847,388,459
"S01009414",598,237,361
"S01009415",510,284,226
"S01009416",293,90,203
"S01009417",682,284,398
"S01009418",757,398,359
"S01009419",444,213,231
"S01009420",488,293,195
"S01009421",448,266,182
"S01009422",614,265,349
"S01009424",479,195,284
"S01009425",505,203,302
"S01009426",672,399,273
"S01009427",519,310,209
"S01009428",400,198,202
"S01009429",532,282,250
"S01009430",610,328,282
"S01009431",434,201,233
"S01009432",646,312,334
"S01009433",667,350,317
"S01009434",455,210,245
"S01009435",605,351,254
"S01009436",413,214,199
"S01009437",425,236,189
"S01009438",516,260,256
"S01009439",767,357,410
"S01009440",592,297,295
"S01009441",653,367,286
"S01009442",661,256,405
"S01009443",816,392,424
"S01009444",591,168,423
"S01009445",650,291,359
"S01009446",615,406,209
"S01009447",425,224,201
"S01009448",476,182,294
"S01009449",457,185,272
"S01009450",466,298,168
"S01009451",598,323,275
"S01009452",452,247,205
"S01009453",806,396,410
"S01009454",520,210,310
"S01009455",748,271,477
"S01009456",897,477,420
"S01009457",735,310,425
"S01009458",541,276,265
"S01009459",587,339,248
"S01009460",712,448,264
"S01009462",545,249,296
"S01009463",586,215,371
"S01009464",717,286,431
"S01009465",439,183,256
"S01009466",475,160,315
"S01009467",637,234,403
"S01009468",603,312,291
"S01009469",690,313,377
"S01009470",409,151,258
"S01009471",582,351,231
"S01009472",708,399,309
"S01009473",708,431,277
"S01009474",562,318,244
"S01009476",196,76,120
"S01009477",665,332,333
"S01009478",656,425,231
"S01009479",640,353,287
"S01009480",563,255,308
"S01009481",743,415,328
"S01009482",597,429,168
"S01009483",625,397,228
"S01009484",721,405,316
"S01009485",651,306,345
"S01009486",559,224,335
"S01009487",700,344,356
"S01009488",558,241,317
"S01009489",654,382,272
"S01009490",598,358,240
"S01009491",569,287,282
"S01009492",677,265,412
"S01009493",760,221,539
"S01009494",771,274,497
"S01009495",720,245,475
"S01009496",692,302,390
"S01009497",693,275,418
"S01009498",557,144,413
"S01009499",670,267,403
"S01009500",643,368,275
"S01009501",591,326,265
"S01009502",700,363,337
"S01009503",629,263,366
"S01009504",561,336,225
"S01009505",580,375,205
"S01009506",595,348,247
"S01009507",386,172,214
"S01009508",651,363,288
"S01009509",748,393,355
"S01009510",627,178,449
"S01009511",541,165,376
"S01009512",681,220,461
"S01009513",520,120,400
"S01009514",637,196,441
"S01009515",635,305,330
"S01009516",871,371,500
"S01009519",427,176,251
"S01009520",638,250,388
"S01009521",581,282,299
"S01009522",544,314,230
"S01009523",498,300,198
"S01009524",414,282,132
"S01009525",527,293,234
"S01009526",364,218,146
"S01009527",512,325,187
"S01009528",503,333,170
"S01009529",494,202,292
"S01009530",474,149,325
"S01009531",775,470,305
"S01009532",742,371,371
"S01009533",654,388,266
"S01009534",598,401,197
"S01009535",483,362,121
"S01009536",416,210,206
"S01009537",460,236,224
"S01009538",710,477,233
"S01009539",770,359,411
"S01009540",737,444,293
"S01009541",1119,470,649
"S01009542",455,268,187
"S01009543",471,225,246
"S01009544",617,322,295
"S01009545",759,352,407
"S01009546",449,251,198
"S01009547",602,280,322
"S01009548",471,233,238
"S01009549",568,260,308
"S01009550",446,150,296
"S01009551",453,173,280
"S01009552",766,331,435
"S01009553",706,403,303
"S01009554",660,320,340
"S01009555",529,260,269
"S01009556",690,391,299
"S01009557",553,297,256
"S01009558",528,295,233
"S01009559",664,334,330
"S01009560",611,349,262
"S01009561",503,277,226
"S01009562",642,303,339
"S01009563",667,281,386
"S01009564",587,225,362
"S01009565",481,188,293
"S01009566",723,315,408
"S01009567",766,371,395
"S01009568",614,282,332
"S01009569",690,269,421
"S01009570",450,191,259
"S01009571",524,287,237
"S01009572",862,479,383
"S01009573",597,332,265
"S01009574",810,373,437
"S01009575",453,212,241
"S01009576",451,137,314
"S01009577",609,192,417
"S01009578",616,274,342
"S01009579",486,252,234
"S01009580",373,138,235
"S01009581",491,205,286
"S01009582",425,210,215
"S01009583",649,322,327
"S01009584",300,79,221
"S01009585",810,340,470
"S01009586",567,257,310
"S01009587",645,346,299
"S01009588",919,439,480
"S01009589",708,329,379
"S01009590",364,124,240
"S01009591",516,192,324
"S01009592",516,141,375
"S01009593",396,128,268
"S01009594",555,161,394
"S01009595",142,54,88
"S01009596",663,353,310
"S01009597",638,377,261
"S01009598",495,282,213
"S01009599",812,418,394
"S01009600",525,350,175
"S01009601",504,275,229
"S01009602",545,178,367
"S01009603",507,191,316
"S01009604",601,286,315
"S01009605",589,304,285
"S01009606",233,114,119
"S01009607",411,109,302
"S01009608",487,234,253
"S01009609",524,228,296
"S01009610",842,398,444
"S01009611",434,143,291
"S01009612",343,141,202
"S01009613",287,93,194
"S01009614",620,262,358
"S01009615",328,116,212
"S01009616",487,202,285
"S01009617",404,149,255
"S01009618",608,313,295
"S01009619",541,292,249
"S01009620",689,360,329
"S01009621",797,451,346
"S01009622",563,366,197
"S01009623",453,229,224
"S01009624",723,335,388
"S01009625",732,337,395
"S01009626",450,240,210
"S01009627",652,298,354
"S01009628",475,234,241
"S01009629",797,388,409
"S01009630",626,312,314
"S01009631",609,390,219
"S01009632",505,311,194
"S01009633",539,313,226
"S01009634",398,198,200
"S01009635",743,376,367
"S01009636",782,489,293
"S01009637",525,278,247
"S01009638",631,312,319
"S01009639",529,219,310
"S01009640",468,294,174
"S01009641",663,407,256
"S01009642",711,387,324
"S01009643",81,27,54
"S01009644",525,227,298
"S01009645",539,239,300
"S01009646",480,219,261
"S01009647",526,305,221
"S01009648",659,245,414
"S01009649",580,307,273
"S01009650",461,135,326
"S01009651",1295,485,810
"S01009652",515,211,304
"S01009653",447,138,309
"S01009654",465,215,250
"S01009655",699,313,386
"S01009656",645,357,288
"S01009657",610,258,352
"S01009658",614,276,338
"S01009659",443,190,253
"S01009660",595,243,352
"S01009661",511,191,320
"S01009662",685,278,407
"S01009663",424,177,247
"S01009664",666,272,394
"S01009665",529,226,303
"S01009666",605,251,354
"S01009667",337,102,235
"S01009668",375,157,218
"S01009669",488,177,311
"S01009670",743,286,457
"S01009671",304,115,189
"S01009672",546,281,265
"S01009673",455,203,252
"S01009674",828,306,522
"S01009675",820,274,546
"S01009676",697,291,406
"S01009677",466,196,270
"S01009678",515,229,286
"S01009679",732,364,368
"S01009680",513,214,299
"S01009681",695,377,318
"S01009682",458,166,292
"S01009683",627,294,333
"S01009684",537,164,373
"S01009685",483,251,232
"S01009686",731,425,306
"S01009687",573,240,333
"S01009688",706,483,223
"S01009689",455,309,146
"S01009690",576,271,305
"S01009691",398,145,253
"S01009692",921,353,568
"S01009693",325,79,246
"S01009694",869,280,589
"S01009695",567,222,345
"S01009696",785,293,492
"S01009697",593,215,378
"S01009698",462,179,283
"S01009699",499,199,300
"S01009700",567,226,341
"S01009701",348,162,186
"S01009702",466,169,297
"S01009703",456,208,248
"S01009704",879,359,520
"S01009705",627,301,326
"S01009706",556,277,279
"S01009707",504,230,274
"S01009708",442,163,279
"S01009709",802,380,422
"S01009710",325,139,186
"S01009711",655,342,313
"S01009712",448,172,276
"S01009713",732,317,415
"S01009714",732,273,459
"S01009715",748,311,437
"S01009716",656,257,399
"S01009717",441,244,197
"S01009718",615,356,259
"S01009719",651,315,336
"S01009720",616,307,309
"S01009721",734,695,39
"S01009722",1001,811,190
"S01009723",640,527,113
"S01009724",839,562,277
"S01009725",611,442,169
"S01009726",870,756,114
"S01009727",418,157,261
"S01009728",569,191,378
"S01009729",665,211,454
"S01009730",264,115,149
"S01009731",420,139,281
"S01009732",522,344,178
"S01009733",271,107,164
"S01009734",1255,750,505
"S01009735",720,248,472
"S01009736",1006,849,157
"S01009737",427,141,286
"S01009738",330,147,183
"S01009739",346,74,272
"S01009740",438,182,256
"S01009741",853,436,417
"S01009742",458,154,304
"S01009743",804,298,506
"S01009744",501,166,335
"S01009745",705,253,452
"S01009746",612,205,407
"S01009747",514,253,261
"S01009748",576,172,404
"S01009749",768,294,474
"S01009750",495,258,237
"S01009751",643,332,311
"S01009752",289,112,177
"S01009753",534,220,314
"S01009754",648,316,332
"S01009755",547,239,308
"S01009756",592,203,389
"S01009757",418,141,277
"S01009758",557,281,276
"S01009759",625,478,147
"S01009760",661,430,231
"S01009761",714,328,386
"S01009762",605,405,200
"S01009763",328,115,213
"S01009764",407,276,131
"S01009765",692,360,332
"S01009766",402,186,216
"S01009767",478,309,169
"S01009768",267,193,74
"S01009769",576,387,189
"S01009770",543,197,346
"S01009771",661,231,430
"S01009772",533,250,283
"S01009775",703,471,232
"S01009776",344,258,86
"S01009777",435,297,138
"S01009778",751,454,297
"S01009779",379,248,131
"S01009780",245,169,76
"S01009781",474,305,169
"S01009782",100,66,34
"S01009783",464,265,199
"S01009784",605,412,193
"S01009785",677,421,256
"S01009786",721,533,188
"S01009787",757,485,272
"S01009788",787,421,366
"S01009789",745,421,324
"S01009790",505,280,225
"S01009791",537,320,217
"S01009792",135,60,75
"S01009793",932,498,434
"S01009794",305,126,179
"S01009795",531,195,336
"S01009796",420,156,264
"S01009797",345,149,196
"S01009798",467,144,323
"S01009799",616,429,187
"S01009800",857,513,344
"S01009801",808,521,287
"S01009802",699,446,253
"S01009803",416,308,108
"S01009805",749,479,270
"S01009806",855,550,305
"S01009807",869,469,400
"S01009808",643,445,198
"S01009809",508,291,217
"S01009810",680,447,233
"S01009811",913,567,346
"S01009812",666,374,292
"S01009813",539,416,123
"S01009814",708,354,354
"S01009815",601,352,249
"S01009816",572,299,273
"S01009817",625,356,269
"S01009818",805,282,523
"S01009819",622,308,314
"S01009820",839,435,404
"S01009821",586,271,315
"S01009822",408,296,112
"S01009823",581,356,225
"S01009824",612,397,215
"S01009825",681,442,239
"S01009826",502,317,185
"S01009827",722,452,270
"S01009828",661,445,216
"S01009829",905,546,359
"S01009830",627,335,292
"S01009831",555,259,296
"S01009832",846,441,405
"S01009833",282,155,127
"S01009834",228,180,48
"S01009835",428,277,151
"S01009836",641,365,276
"S01009837",614,382,232
"S01009838",664,427,237
"S01009839",800,651,149
"S01009840",865,474,391
"S01009841",665,553,112
"S01009842",488,360,128
"S01009843",394,309,85
"S01009844",469,395,74
"S01009845",441,375,66
"S01009846",724,468,256
"S01009847",409,306,103
"S01009848",739,427,312
"S01009849",718,451,267
"S01009850",666,404,262
"S01009851",832,512,320
"S01009852",340,191,149
"S01009853",729,400,329
"S01009854",430,298,132
"S01009855",486,243,243
"S01009856",523,314,209
"S01009857",741,392,349
"S01009858",643,366,277
"S01009859",834,613,221
"S01009860",784,548,236
"S01009861",917,714,203
"S01009862",1106,881,225
"S01009863",710,568,142
"S01009864",558,426,132
"S01009865",480,331,149
"S01009866",750,435,315
"S01009867",610,431,179
"S01009868",534,386,148
"S01009869",519,345,174
"S01009870",452,300,152
"S01009871",836,543,293
"S01009872",634,428,206
"S01009873",782,428,354
"S01009874",849,471,378
"S01009875",155,128,27
"S01009876",530,357,173
"S01009877",692,324,368
"S01009878",590,336,254
"S01009879",823,364,459
"S01009880",626,280,346
"S01009881",515,265,250
"S01009882",236,175,61
"S01009883",571,287,284
"S01009884",602,352,250
"S01009885",661,375,286
"S01009886",594,314,280
"S01009887",681,501,180
"S01009888",537,316,221
"S01009889",646,432,214
"S01009890",417,286,131
"S01009891",632,431,201
"S01009892",643,437,206
"S01009893",704,493,211
"S01009894",581,436,145
"S01009895",726,541,185
"S01009896",714,484,230
"S01009897",832,534,298
"S01009898",454,309,145
"S01009899",714,513,201
"S01009900",732,556,176
"S01009901",722,504,218
"S01009902",814,494,320
"S01009903",743,439,304
"S01009904",659,468,191
"S01009905",465,313,152
"S01009906",552,385,167
"S01009907",665,537,128
"S01009908",762,519,243
"S01009909",759,587,172
"S01009910",525,376,149
"S01009911",882,471,411
"S01009912",738,368,370
"S01009913",480,200,280
"S01009914",769,328,441
"S01009915",757,391,366
"S01009916",753,321,432
"S01009917",552,253,299
"S01009918",641,284,357
"S01009919",879,606,273
"S01009920",761,542,219
"S01009921",599,457,142
"S01009922",893,640,253
"S01009923",832,638,194
"S01009924",763,579,184
"S01009925",608,490,118
"S01009926",575,381,194
"S01009927",330,206,124
"S01009928",697,472,225
"S01009929",423,246,177
"S01009930",686,458,228
"S01009931",675,488,187
"S01009932",572,422,150
"S01009933",513,452,61
"S01009934",345,167,178
"S01009935",477,348,129
"S01009936",577,422,155
"S01009937",396,290,106
"S01009938",879,551,328
"S01009939",681,529,152
"S01009940",675,426,249
"S01009941",686,263,423
"S01009942",785,474,311
"S01009943",638,418,220
"S01009944",657,391,266
"S01009945",846,562,284
"S01009946",644,373,271
"S01009947",492,279,213
"S01009948",562,379,183
"S01009949",802,482,320
"S01009950",747,262,485
"S01009951",500,186,314
"S01009952",588,284,304
"S01009953",741,351,390
"S01009954",533,227,306
"S01009955",851,465,386
"S01009956",638,333,305
"S01009957",668,268,400
"S01009958",811,338,473
"S01009959",650,262,388
"S01009960",651,248,403
"S01009961",483,236,247
"S01009962",825,568,257
"S01009963",861,297,564
"S01009964",626,292,334
"S01009965",641,218,423
"S01009966",695,267,428
"S01009967",712,314,398
"S01009968",529,186,343
"S01009969",604,235,369
"S01009970",790,525,265
"S01009971",603,409,194
"S01009972",623,350,273
"S01009973",186,130,56
"S01009974",440,307,133
"S01009975",618,405,213
"S01009976",395,296,99
"S01009977",631,476,155
"S01009978",550,374,176
"S01009979",383,271,112
"S01009980",347,253,94
"S01009981",343,261,82
"S01009982",480,338,142
"S01009983",370,298,72
"S01009984",522,312,210
"S01009985",435,316,119
"S01009986",451,335,116
"S01009987",617,364,253
"S01009988",395,276,119
"S01009989",733,390,343
"S01009990",531,263,268
"S01009991",604,308,296
"S01009992",639,402,237
"S01009993",642,329,313
"S01009994",574,283,291
"S01009995",488,231,257
"S01009996",549,283,266
"S01009997",495,267,228
"S01009998",589,245,344
"S01009999",722,284,438
"S01010000",530,274,256
"S01010001",485,212,273
"S01010002",660,323,337
"S01010003",585,237,348
"S01010004",628,244,384
"S01010005",661,502,159
"S01010006",791,594,197
"S01010007",773,357,416
"S01010008",366,274,92
"S01010009",539,453,86
"S01010010",832,387,445
"S01010011",680,503,177
"S01010012",735,336,399
"S01010013",789,521,268
"S01010014",759,520,239
"S01010015",562,394,168
"S01010016",629,331,298
"S01010017",583,364,219
"S01010018",626,420,206
"S01010019",606,418,188
"S01010020",638,373,265
"S01010021",569,434,135
"S01010022",269,198,71
"S01010023",540,394,146
"S01010024",363,274,89
"S01010025",432,326,106
"S01010026",337,246,91
"S01010027",410,276,134
"S01010028",298,218,80
"S01010029",587,365,222
"S01010030",294,228,66
"S01010031",449,386,63
"S01010032",264,213,51
"S01010033",645,451,194
"S01010034",796,573,223
"S01010035",519,437,82
"S01010036",124,98,26
"S01010037",637,438,199
"S01010038",734,560,174
"S01010039",600,534,66
"S01010040",492,362,130
"S01010041",528,442,86
"S01010042",307,223,84
"S01010043",551,400,151
"S01010044",793,543,250
"S01010045",485,346,139
"S01010046",614,418,196
"S01010047",687,508,179
"S01010048",753,552,201
"S01010049",569,440,129
"S01010050",564,427,137
"S01010051",603,442,161
"S01010052",494,373,121
"S01010053",437,294,143
"S01010054",507,421,86
"S01010055",785,555,230
"S01010056",409,344,65
"S01010057",134,72,62
"S01010058",465,346,119
"S01010059",504,350,154
"S01010060",747,508,239
"S01010061",165,110,55
"S01010062",594,384,210
"S01010063",938,725,213
"S01010064",416,224,192
"S01010065",757,459,298
"S01010066",579,377,202
"S01010067",429,340,89
"S01010068",301,202,99
"S01010069",568,233,335
"S01010070",548,211,337
"S01010071",741,359,382
"S01010072",665,348,317
"S01010073",700,283,417
"S01010074",689,311,378
"S01010075",636,331,305
"S01010076",606,307,299
"S01010077",454,293,161
"S01010078",447,180,267
"S01010079",797,266,531
"S01010080",618,221,397
"S01010081",632,241,391
"S01010082",614,290,324
"S01010083",740,381,359
"S01010084",739,436,303
"S01010085",631,255,376
"S01010086",840,470,370
"S01010087",709,251,458
"S01010088",278,122,156
"S01010089",639,351,288
"S01010090",791,372,419
"S01010091",379,172,207
"S01010092",843,477,366
"S01010093",657,316,341
"S01010094",605,269,336
"S01010095",629,238,391
"S01010096",506,226,280
"S01010097",614,255,359
"S01010098",617,223,394
"S01010099",633,233,400
"S01010100",825,338,487
"S01010101",692,291,401
"S01010102",679,235,444
"S01010103",710,287,423
"S01010104",272,70,202
"S01010105",447,337,110
"S01010106",411,263,148
"S01010107",602,377,225
"S01010108",600,337,263
"S01010109",544,332,212
"S01010110",769,523,246
"S01010111",650,511,139
"S01010112",543,406,137
"S01010113",434,289,145
"S01010114",517,354,163
"S01010115",470,220,250
"S01010116",369,180,189
"S01010117",266,184,82
"S01010118",448,332,116
"S01010119",227,184,43
"S01010120",577,455,122
"S01010121",375,282,93
"S01010122",355,268,87
"S01010123",441,342,99
"S01010124",431,248,183
"S01010125",197,141,56
"S01010126",584,326,258
"S01010127",473,301,172
"S01010128",362,269,93
"S01010129",535,400,135
"S01010130",507,297,210
"S01010131",849,328,521
"S01010132",872,510,362
"S01010133",619,417,202
"S01010134",912,554,358
"S01010135",674,388,286
"S01010136",680,332,348
"S01010137",866,579,287
"S01010138",888,664,224
"S01010139",831,528,303
"S01010140",612,400,212
"S01010141",725,529,196
"S01010142",481,296,185
"S01010143",660,368,292
"S01010144",516,382,134
"S01010145",577,336,241
"S01010146",591,425,166
"S01010147",589,461,128
"S01010148",486,330,156
"S01010149",268,170,98
"S01010150",621,377,244
"S01010151",660,396,264
"S01010152",653,373,280
"S01010153",813,498,315
"S01010154",836,531,305
"S01010155",712,386,326
"S01010156",370,241,129
"S01010157",397,263,134
"S01010158",820,478,342
"S01010159",644,380,264
"S01010160",361,314,47
"S01010161",448,267,181
"S01010162",438,309,129
"S01010163",305,179,126
"S01010164",588,355,233
"S01010165",646,430,216
"S01010166",670,374,296
"S01010167",754,459,295
"S01010168",206,114,92
"S01010169",649,442,207
"S01010170",498,322,176
"S01010171",740,552,188
"S01010172",622,433,189
"S01010173",652,367,285
"S01010174",956,672,284
"S01010175",392,225,167
"S01010176",655,407,248
"S01010177",523,375,148
"S01010178",580,392,188
"S01010179",472,333,139
"S01010180",286,188,98
"S01010181",578,384,194
"S01010182",574,260,314
"S01010183",372,240,132
"S01010184",533,350,183
"S01010185",474,289,185
"S01010186",557,230,327
"S01010187",546,233,313
"S01010188",613,299,314
"S01010189",653,255,398
"S01010191",547,168,379
"S01010192",529,207,322
"S01010193",765,345,420
"S01010194",603,314,289
"S01010195",447,225,222
"S01010196",612,389,223
"S01010197",660,419,241
"S01010198",927,553,374
"S01010199",421,266,155
"S01010200",610,337,273
"S01010201",395,180,215
"S01010202",558,439,119
"S01010203",375,172,203
"S01010204",544,359,185
"S01010205",611,399,212
"S01010206",417,364,53
"S01010207",428,351,77
"S01010208",795,536,259
"S01010209",723,472,251
"S01010210",755,415,340
"S01010211",628,399,229
"S01010212",800,595,205
"S01010213",774,456,318
"S01010214",871,429,442
"S01010215",654,464,190
"S01010216",474,346,128
"S01010217",605,452,153
"S01010218",731,562,169
"S01010219",386,247,139
"S01010220",327,267,60
"S01010221",188,145,43
"S01010222",412,280,132
"S01010223",505,354,151
"S01010224",721,548,173
"S01010225",593,371,222
"S01010226",613,441,172
"S01010227",643,466,177
"S01010228",597,393,204
"S01010229",697,464,233
"S01010230",781,609,172
"S01010231",577,434,143
"S01010232",573,397,176
"S01010233",743,565,178
"S01010234",958,627,331
"S01010235",177,139,38
"S01010236",478,333,145
"S01010237",515,361,154
"S01010238",622,417,205
"S01010239",665,498,167
"S01010240",621,445,176
"S01010241",898,664,234
"S01010242",625,496,129
"S01010243",785,637,148
"S01010244",586,438,148
"S01010245",598,458,140
"S01010246",611,472,139
"S01010247",584,299,285
"S01010248",761,560,201
"S01010249",652,468,184
"S01010250",678,509,169
"S01010251",255,165,90
"S01010252",497,366,131
"S01010253",600,438,162
"S01010254",744,514,230
"S01010255",544,424,120
"S01010256",752,573,179
"S01010257",448,400,48
"S01010258",414,356,58
"S01010259",1157,1014,143
"S01010260",1508,1354,154
"S01010261",1627,1386,241
"S01010262",946,724,222
"S01010263",536,468,68
"S01010264",588,526,62
"S01010265",247,214,33
"S01010266",431,329,102
"S01010267",491,468,23
"S01010268",720,606,114
"S01010269",495,418,77
"S01010270",882,669,213
"S01010271",706,587,119
"S01010272",325,270,55
"S01010273",159,142,17
"S01010274",136,105,31
"S01010275",101,83,18
"S01010276",116,93,23
"S01010277",506,364,142
"S01010278",521,395,126
"S01010279",425,357,68
"S01010280",739,611,128
"S01010281",533,440,93
"S01010282",781,643,138
"S01010283",495,434,61
"S01010284",843,717,126
"S01010285",538,414,124
"S01010286",833,766,67
"S01010287",860,733,127
"S01010288",578,495,83
"S01010289",245,196,49
"S01010290",406,296,110
"S01010291",888,743,145
"S01010292",890,731,159
"S01010293",645,524,121
"S01010294",663,539,124
"S01010295",842,719,123
"S01010296",593,416,177
"S01010297",953,697,256
"S01010298",787,603,184
"S01010299",465,326,139
"S01010300",774,614,160
"S01010301",482,421,61
"S01010302",543,417,126
"S01010303",366,272,94
"S01010304",475,398,77
"S01010305",712,519,193
"S01010306",597,479,118
"S01010307",731,547,184
"S01010308",795,632,163
"S01010309",432,327,105
"S01010310",452,333,119
"S01010311",514,338,176
"S01010312",458,350,108
"S01010313",544,391,153
"S01010314",831,670,161
"S01010315",267,189,78
"S01010316",1335,1266,69
"S01010317",696,570,126
"S01010318",312,243,69
"S01010319",348,254,94
"S01010320",499,398,101
"S01010321",718,567,151
"S01010322",818,587,231
"S01010323",439,359,80
"S01010324",710,460,250
"S01010325",970,575,395
"S01010326",608,482,126
"S01010327",485,398,87
"S01010328",536,305,231
"S01010329",458,268,190
"S01010330",419,305,114
"S01010331",609,367,242
"S01010332",611,386,225
"S01010333",812,541,271
"S01010334",637,357,280
"S01010335",721,461,260
"S01010336",541,420,121
"S01010337",653,395,258
"S01010338",730,499,231
"S01010339",624,348,276
"S01010340",453,277,176
"S01010341",512,262,250
"S01010342",427,216,211
"S01010343",748,312,436
"S01010344",621,440,181
"S01010345",342,188,154
"S01010346",878,432,446
"S01010347",794,588,206
"S01010348",890,448,442
"S01010349",777,438,339
"S01010350",703,490,213
"S01010351",429,266,163
"S01010352",463,278,185
"S01010353",737,593,144
"S01010354",505,356,149
"S01010355",560,357,203
"S01010356",477,297,180
"S01010357",486,354,132
"S01010358",720,474,246
"S01010359",702,490,212
"S01010360",571,426,145
"S01010361",529,395,134
"S01010362",724,567,157
"S01010363",649,393,256
"S01010364",739,302,437
"S01010365",854,437,417
"S01010366",793,437,356
"S01010367",1096,645,451
"S01010368",650,372,278
"S01010369",683,523,160
"S01010370",718,522,196
"S01010371",829,600,229
"S01010372",475,321,154
"S01010373",698,528,170
"S01010374",862,589,273
"S01010375",406,345,61
"S01010376",580,497,83
"S01010377",668,568,100
"S01010378",757,655,102
"S01010379",816,646,170
"S01010380",756,544,212
"S01010381",324,294,30
"S01010382",747,597,150
"S01010383",619,521,98
"S01010384",745,629,116
"S01010385",737,576,161
"S01010386",628,479,149
"S01010387",783,592,191
"S01010388",745,545,200
"S01010389",65,50,15
"S01010390",879,730,149
"S01010391",637,499,138
"S01010393",805,609,196
"S01010394",721,512,209
"S01010395",911,698,213
"S01010396",886,683,203
"S01010397",475,373,102
"S01010398",881,657,224
"S01010399",820,609,211
"S01010400",847,522,325
"S01010401",523,374,149
"S01010402",903,538,365
"S01010403",825,490,335
"S01010404",727,451,276
"S01010405",869,616,253
"S01010406",700,529,171
"S01010407",730,597,133
"S01010408",477,258,219
"S01010409",458,155,303
"S01010410",481,311,170
"S01010411",933,288,645
"S01010412",760,524,236
"S01010413",566,248,318
"S01010414",687,368,319
"S01010415",877,565,312
"S01010416",477,203,274
"S01010417",479,265,214
"S01010418",901,541,360
"S01010419",824,448,376
"S01010420",470,184,286
"S01010421",703,303,400
"S01010422",827,357,470
"S01010423",600,434,166
"S01010424",514,381,133
"S01010425",798,600,198
"S01010426",589,414,175
"S01010427",747,465,282
"S01010428",609,253,356
"S01010429",681,286,395
"S01010430",689,483,206
"S01010431",532,202,330
"S01010432",584,421,163
"S01010433",506,368,138
"S01010434",489,360,129
"S01010435",576,331,245
"S01010436",774,563,211
"S01010437",458,258,200
"S01010438",378,275,103
"S01010439",572,430,142
"S01010440",805,549,256
"S01010441",401,299,102
"S01010442",545,425,120
"S01010443",448,234,214
"S01010444",566,271,295
"S01010445",500,304,196
"S01010446",726,303,423
"S01010447",819,539,280
"S01010448",698,343,355
"S01010449",689,376,313
"S01010450",704,422,282
"S01010451",790,519,271
"S01010452",668,356,312
"S01010453",411,330,81
"S01010454",716,401,315
"S01010455",861,589,272
"S01010456",522,299,223
"S01010457",504,311,193
"S01010458",651,386,265
"S01010459",487,267,220
"S01010460",193,113,80
"S01010461",752,461,291
"S01010462",531,449,82
"S01010463",642,326,316
"S01010464",451,248,203
"S01010465",670,361,309
"S01010466",578,316,262
"S01010467",827,536,291
"S01010468",628,370,258
"S01010469",536,439,97
"S01010470",768,472,296
"S01010471",504,321,183
"S01010472",210,145,65
"S01010473",690,436,254
"S01010474",704,514,190
"S01010475",162,117,45
"S01010476",575,380,195
"S01010477",580,346,234
"S01010478",846,577,269
"S01010479",872,505,367
"S01010480",511,300,211
"S01010481",449,329,120
"S01010482",645,383,262
"S01010483",929,569,360
"S01010484",506,313,193
"S01010485",716,327,389
"S01010486",792,282,510
"S01010487",811,416,395
"S01010488",591,405,186
"S01010489",825,532,293
"S01010490",526,393,133
"S01010491",600,420,180
"S01010492",404,315,89
"S01010493",255,220,35
"S01010494",578,367,211
"S01010495",581,457,124
"S01010496",680,493,187
"S01010497",346,263,83
"S01010498",604,454,150
"S01010499",666,524,142
"S01010500",518,403,115
"S01010501",595,379,216
"S01010502",621,420,201
"S01010503",574,358,216
"S01010504",435,197,238
"S01010505",397,192,205
"S01010506",617,235,382
"S01010507",568,280,288
"S01010508",757,351,406
"S01010509",1086,479,607
"S01010510",414,144,270
"S01010511",763,418,345
"S01010512",402,196,206
"S01010513",540,191,349
"S01010514",569,284,285
"S01010515",646,286,360
"S01010516",461,229,232
"S01010517",519,285,234
"S01010518",445,227,218
"S01010519",629,267,362
"S01010520",649,306,343
"S01010521",418,227,191
"S01010522",469,291,178
"S01010523",441,256,185
"S01010524",463,199,264
"S01010525",464,170,294
"S01010526",617,321,296
"S01010527",750,414,336
"S01010528",469,188,281
"S01010529",427,176,251
"S01010530",500,215,285
"S01010531",824,353,471
"S01010532",595,218,377
"S01010533",504,241,263
"S01010534",521,214,307
"S01010535",453,172,281
"S01010536",690,376,314
"S01010537",509,243,266
"S01010538",66,48,18
"S01010539",803,488,315
"S01010540",499,190,309
"S01010541",583,232,351
"S01010542",616,261,355
"S01010543",539,231,308
"S01010544",605,244,361
"S01010545",497,255,242
"S01010546",609,332,277
"S01010547",551,234,317
"S01010548",435,164,271
"S01010549",201,70,131
"S01010550",338,150,188
"S01010551",565,249,316
"S01010552",580,229,351
"S01010553",514,187,327
"S01010554",554,294,260
"S01010555",677,383,294
"S01010556",653,375,278
"S01010557",345,114,231
"S01010558",451,179,272
"S01010559",666,276,390
"S01010560",536,178,358
"S01010561",440,169,271
"S01010562",755,288,467
"S01010563",440,199,241
"S01010564",431,255,176
"S01010565",407,183,224
"S01010566",594,204,390
"S01010567",754,290,464
"S01010568",609,263,346
"S01010569",820,433,387
"S01010570",746,400,346
"S01010571",664,360,304
"S01010572",650,361,289
"S01010573",468,235,233
"S01010574",431,133,298
"S01010575",533,147,386
"S01010576",675,217,458
"S01010577",647,367,280
"S01010578",424,178,246
"S01010579",622,216,406
"S01010580",534,345,189
"S01010581",318,145,173
"S01010582",410,151,259
"S01010583",670,247,423
"S01010584",89,35,54
"S01010586",393,107,286
"S01010587",459,162,297
"S01010588",263,101,162
"S01010589",497,300,197
"S01010591",97,28,69
"S01010592",474,255,219
"S01010593",446,174,272
"S01010596",416,146,270
"S01010599",78,18,60
"S01010600",503,174,329
"S01010601",607,223,384
"S01010602",444,219,225
"S01010603",678,257,421
"S01010604",480,154,326
"S01010605",765,267,498
"S01010606",646,318,328
"S01010607",658,240,418
"S01010608",486,300,186
"S01010609",452,237,215
"S01010610",519,246,273
"S01010611",810,470,340
"S01010612",635,259,376
"S01010613",558,272,286
"S01010614",424,261,163
"S01010615",515,301,214
"S01010616",760,280,480
"S01010617",743,270,473
"S01010618",646,249,397
"S01010619",488,359,129
"S01010620",342,280,62
"S01010621",784,379,405
"S01010622",395,244,151
"S01010623",443,83,360
"S01010624",622,371,251
"S01010625",679,258,421
"S01010626",772,322,450
"S01010627",643,401,242
"S01010628",877,574,303
"S01010629",765,377,388
"S01010630",371,202,169
"S01010631",437,303,134
"S01010632",672,394,278
"S01010633",724,397,327
"S01010634",527,286,241
"S01010635",649,370,279
"S01010636",548,269,279
"S01010637",474,344,130
"S01010638",799,449,350
"S01010639",776,508,268
"S01010640",603,406,197
"S01010641",628,491,137
"S01010642",718,483,235
"S01010643",401,279,122
"S01010644",421,335,86
"S01010645",264,125,139
"S01010646",548,185,363
"S01010647",592,288,304
"S01010648",546,280,266
"S01010649",459,198,261
"S01010650",452,282,170
"S01010651",604,308,296
"S01010652",581,259,322
"S01010653",637,313,324
"S01010654",668,381,287
"S01010655",630,249,381
"S01010656",297,125,172
"S01010657",428,143,285
"S01010658",551,230,321
"S01010659",533,181,352
"S01010660",473,232,241
"S01010661",487,268,219
"S01010662",394,145,249
"S01010663",450,172,278
"S01010664",604,206,398
"S01010665",622,274,348
"S01010666",541,254,287
"S01010667",352,137,215
"S01010668",719,284,435
"S01010669",478,199,279
"S01010670",552,248,304
"S01010671",405,159,246
"S01010672",570,286,284
"S01010673",546,281,265
"S01010674",669,309,360
"S01010675",476,209,267
"S01010676",672,323,349
"S01010677",280,90,190
"S01010678",609,265,344
"S01010679",466,279,187
"S01010680",526,285,241
"S01010681",537,316,221
"S01010682",630,263,367
"S01010683",732,354,378
"S01010684",632,229,403
"S01010685",475,210,265
"S01010686",402,176,226
"S01010687",672,300,372
"S01010688",564,274,290
"S01010689",676,282,394
"S01010690",508,272,236
"S01010691",411,159,252
"S01010692",474,257,217
"S01010693",413,165,248
"S01010694",478,217,261
"S01010695",463,212,251
"S01010696",670,308,362
"S01010697",699,280,419
"S01010698",534,238,296
"S01010699",447,188,259
"S01010700",473,169,304
"S01010701",724,353,371
"S01010702",587,233,354
"S01010703",1086,351,735
"S01010704",295,156,139
"S01010705",663,274,389
"S01010706",183,97,86
"S01010707",620,207,413
"S01010708",478,244,234
"S01010709",521,193,328
"S01010710",572,287,285
"S01010711",429,134,295
"S01010712",506,248,258
"S01010713",621,298,323
"S01010714",600,363,237
"S01010715",589,309,280
"S01010716",610,351,259
"S01010717",547,174,373
"S01010718",569,265,304
"S01010719",499,228,271
"S01010720",571,211,360
"S01010721",514,217,297
"S01010722",731,327,404
"S01010723",493,184,309
"S01010724",599,215,384
"S01010725",516,188,328
"S01010726",744,267,477
"S01010727",358,118,240
"S01010728",323,98,225
"S01010729",502,196,306
"S01010730",622,257,365
"S01010731",701,326,375
"S01010732",655,344,311
"S01010733",424,266,158
"S01010734",603,331,272
"S01010735",352,241,111
"S01010736",245,73,172
"S01010737",673,339,334
"S01010738",433,193,240
"S01010739",590,269,321
"S01010740",402,269,133
"S01010741",302,102,200
"S01010742",510,241,269
"S01010743",689,362,327
"S01010744",905,419,486
"S01010745",461,253,208
"S01010746",803,312,491
"S01010747",581,304,277
"S01010748",423,179,244
"S01010749",458,164,294
"S01010750",508,183,325
"S01010751",528,284,244
"S01010752",607,306,301
"S01010753",652,328,324
"S01010754",500,243,257
"S01010755",542,279,263
"S01010756",554,207,347
"S01010757",610,284,326
"S01010758",464,194,270
"S01010759",527,265,262
"S01010760",392,165,227
"S01010761",430,167,263
"S01010762",500,214,286
"S01010763",540,284,256
"S01010764",460,191,269
"S01010765",661,279,382
"S01010766",610,258,352
"S01010767",463,235,228
"S01010768",476,218,258
"S01010769",380,139,241
"S01010770",711,314,397
"S01010771",768,348,420
"S01010772",663,347,316
"S01010773",542,241,301
"S01010774",529,250,279
"S01010775",444,168,276
"S01010776",482,246,236
"S01010777",490,297,193
"S01010778",427,259,168
"S01010779",571,307,264
"S01010780",462,218,244
"S01010781",569,283,286
"S01010782",558,276,282
"S01010783",468,246,222
"S01010784",611,346,265
"S01010785",589,203,386
"S01010786",417,180,237
"S01010787",666,258,408
"S01010788",483,195,288
"S01010789",528,214,314
"S01010790",512,196,316
"S01010791",647,243,404
"S01010792",532,266,266
"S01010793",412,146,266
"S01010794",361,148,213
"S01010795",518,214,304
"S01010796",768,320,448
"S01010797",435,168,267
"S01010798",532,216,316
"S01010799",760,413,347
"S01010800",645,330,315
"S01010801",571,272,299
"S01010802",475,202,273
"S01010803",460,260,200
"S01010804",499,208,291
"S01010805",697,279,418
"S01010806",709,411,298
"S01010807",444,170,274
"S01010808",443,137,306
"S01010809",539,230,309
"S01010810",430,246,184
"S01010811",554,244,310
"S01010812",445,191,254
"S01010813",422,205,217
"S01010814",488,208,280
"S01010815",419,177,242
"S01010816",406,176,230
"S01010817",855,267,588
"S01010818",798,325,473
"S01010819",766,313,453
"S01010820",798,336,462
"S01010821",471,122,349
"S01010822",452,242,210
"S01010823",303,190,113
"S01010824",219,55,164
"S01010825",308,97,211
"S01010826",515,175,340
"S01010827",465,148,317
"S01010828",858,258,600
"S01010829",461,209,252
"S01010830",464,164,300
"S01010831",233,47,186
"S01010832",938,382,556
"S01010833",367,110,257
"S01010834",648,206,442
"S01010835",556,169,387
"S01010836",722,361,361
"S01010837",508,224,284
"S01010838",633,284,349
"S01010839",618,264,354
"S01010840",523,318,205
"S01010841",616,322,294
"S01010842",808,577,231
"S01010843",578,345,233
"S01010844",578,224,354
"S01010845",526,193,333
"S01010846",607,323,284
"S01010847",503,165,338
"S01010848",598,370,228
"S01010849",764,430,334
"S01010850",636,370,266
"S01010851",557,309,248
"S01010852",746,380,366
"S01010853",791,382,409
"S01010854",476,293,183
"S01010855",457,232,225
"S01010856",745,401,344
"S01010857",616,250,366
"S01010858",620,322,298
"S01010859",650,366,284
"S01010860",491,240,251
"S01010861",458,287,171
"S01010862",439,306,133
"S01010863",776,361,415
"S01010864",503,164,339
"S01010865",616,247,369
"S01010866",696,325,371
"S01010867",573,258,315
"S01010868",743,369,374
"S01010869",626,200,426
"S01010870",462,235,227
"S01010871",662,361,301
"S01010872",587,336,251
"S01010873",503,354,149
"S01010874",621,292,329
"S01010875",419,212,207
"S01010876",582,364,218
"S01010877",684,365,319
"S01010878",1046,566,480
"S01010879",652,285,367
"S01010880",474,269,205
"S01010881",485,234,251
"S01010882",451,192,259
"S01010883",716,295,421
"S01010884",641,366,275
"S01010885",610,411,199
"S01010886",487,307,180
"S01010887",508,319,189
"S01010888",726,411,315
"S01010889",404,287,117
"S01010890",733,525,208
"S01010891",387,314,73
"S01010892",628,428,200
"S01010893",479,312,167
"S01010894",346,239,107
"S01010895",391,233,158
"S01010896",722,418,304
"S01010897",308,197,111
"S01010898",493,279,214
"S01010899",329,137,192
"S01010900",555,293,262
"S01010901",388,259,129
"S01010902",786,408,378
"S01010903",541,321,220
"S01010904",451,284,167
"S01010905",113,57,56
"S01010906",612,378,234
"S01010907",74,32,42
"S01010908",470,246,224
"S01010909",383,180,203
"S01010910",369,229,140
"S01010911",523,350,173
"S01010912",629,423,206
"S01010913",542,257,285
"S01010914",679,303,376
"S01010915",494,222,272
"S01010916",524,328,196
"S01010917",598,339,259
"S01010918",618,324,294
"S01010919",682,353,329
"S01010920",374,260,114
"S01010921",569,319,250
"S01010922",691,379,312
"S01010923",760,393,367
"S01010924",548,270,278
"S01010925",687,356,331
"S01010926",644,290,354
"S01010927",487,242,245
"S01010928",615,342,273
"S01010929",623,359,264
"S01010930",1134,417,717
"S01010931",463,222,241
"S01010932",356,209,147
"S01010933",294,135,159
"S01010934",781,305,476
"S01010935",454,177,277
"S01010936",388,229,159
"S01010937",668,243,425
"S01010938",634,369,265
"S01010939",437,169,268
"S01010940",468,135,333
"S01010941",610,191,419
"S01010942",582,163,419
"S01010943",484,248,236
"S01010944",534,315,219
"S01010945",478,207,271
"S01010946",715,361,354
"S01010947",444,206,238
"S01010948",488,231,257
"S01010949",743,215,528
"S01010950",718,309,409
"S01010951",522,208,314
"S01010952",407,156,251
"S01010953",423,202,221
"S01010954",451,152,299
"S01010955",528,241,287
"S01010956",651,285,366
"S01010957",499,152,347
"S01010958",419,157,262
"S01010959",518,286,232
"S01010960",901,451,450
"S01010961",437,200,237
"S01010962",609,344,265
"S01010963",618,234,384
"S01010964",471,150,321
"S01010965",439,253,186
"S01010966",351,142,209
"S01010967",539,307,232
"S01010968",629,257,372
"S01010969",498,257,241
"S01010970",726,347,379
"S01010971",624,206,418
"S01010972",481,209,272
"S01010973",431,167,264
"S01010974",590,268,322
"S01010975",369,182,187
"S01010976",390,186,204
"S01010977",593,227,366
"S01010978",559,293,266
"S01010979",631,333,298
"S01010980",622,312,310
"S01010981",653,317,336
"S01010982",827,341,486
"S01010983",784,331,453
"S01010984",530,196,334
"S01010985",486,216,270
"S01010986",157,65,92
"S01010987",469,133,336
"S01010988",421,87,334
"S01010990",601,236,365
"S01010991",533,179,354
"S01010992",165,86,79
"S01010993",593,202,391
"S01010994",876,329,547
"S01010995",659,222,437
"S01010996",454,182,272
"S01010997",590,185,405
"S01010998",491,191,300
"S01010999",661,238,423
"S01011000",1272,598,674
"S01011001",457,189,268
"S01011002",628,321,307
"S01011003",575,261,314
"S01011004",517,203,314
"S01011005",607,300,307
"S01011006",542,192,350
"S01011007",584,270,314
"S01011008",710,311,399
"S01011009",462,230,232
"S01011010",427,314,113
"S01011011",709,472,237
"S01011012",582,354,228
"S01011013",715,283,432
"S01011014",561,232,329
"S01011015",366,136,230
"S01011017",1179,465,714
"S01011018",756,350,406
"S01011019",602,214,388
"S01011020",306,125,181
"S01011021",564,278,286
"S01011022",204,114,90
"S01011023",512,298,214
"S01011024",424,245,179
"S01011025",596,299,297
"S01011026",462,216,246
"S01011027",760,424,336
"S01011028",588,271,317
"S01011029",541,261,280
"S01011030",748,300,448
"S01011031",488,227,261
"S01011032",564,282,282
"S01011033",497,223,274
"S01011034",479,235,244
"S01011035",493,218,275
"S01011036",308,122,186
"S01011037",640,314,326
"S01011038",595,314,281
"S01011039",530,255,275
"S01011040",540,269,271
"S01011041",458,216,242
"S01011042",557,208,349
"S01011043",613,270,343
"S01011044",548,274,274
"S01011045",525,214,311
"S01011046",503,187,316
"S01011047",680,212,468
"S01011048",640,267,373
"S01011049",549,238,311
"S01011050",519,187,332
"S01011051",879,356,523
"S01011052",553,266,287
"S01011053",347,164,183
"S01011054",418,171,247
"S01011055",432,156,276
"S01011056",545,216,329
"S01011057",447,205,242
"S01011058",427,124,303
"S01011059",441,164,277
"S01011060",756,352,404
"S01011061",677,352,325
"S01011062",710,322,388
"S01011063",773,379,394
"S01011064",757,331,426
"S01011065",471,201,270
"S01011066",436,165,271
"S01011067",475,208,267
"S01011068",417,206,211
"S01011069",403,181,222
"S01011070",336,127,209
"S01011071",656,241,415
"S01011072",542,199,343
"S01011073",614,245,369
"S01011074",527,202,325
"S01011075",612,310,302
"S01011076",539,258,281
"S01011077",573,316,257
"S01011078",598,197,401
"S01011079",931,406,525
"S01011080",812,350,462
"S01011081",692,288,404
"S01011082",508,286,222
"S01011083",519,227,292
"S01011084",522,167,355
"S01011085",608,219,389
"S01011086",523,174,349
"S01011087",456,213,243
"S01011088",704,313,391
"S01011089",509,202,307
"S01011090",567,187,380
"S01011091",437,135,302
"S01011093",463,133,330
"S01011094",313,122,191
"S01011095",498,161,337
"S01011096",82,36,46
"S01011097",670,213,457
"S01011098",450,188,262
"S01011099",674,349,325
"S01011100",305,115,190
"S01011101",445,226,219
"S01011102",683,423,260
"S01011103",359,234,125
"S01011104",619,324,295
"S01011105",666,344,322
"S01011106",528,115,413
"S01011108",444,209,235
"S01011109",676,278,398
"S01011110",570,299,271
"S01011111",726,409,317
"S01011113",1036,427,609
"S01011114",642,225,417
"S01011115",765,405,360
"S01011116",442,161,281
"S01011117",661,323,338
"S01011118",657,241,416
"S01011119",693,257,436
"S01011120",644,167,477
"S01011121",501,352,149
"S01011122",531,273,258
"S01011123",893,399,494
"S01011124",312,139,173
"S01011125",287,163,124
"S01011126",511,181,330
"S01011127",318,32,286
"S01011128",642,295,347
"S01011129",605,187,418
"S01011130",566,259,307
"S01011131",493,224,269
"S01011132",657,257,400
"S01011133",433,206,227
"S01011134",657,324,333
"S01011135",529,235,294
"S01011136",483,222,261
"S01011137",239,102,137
"S01011138",405,171,234
"S01011139",505,183,322
"S01011140",431,205,226
"S01011141",458,190,268
"S01011142",1410,937,473
"S01011143",719,244,475
"S01011144",560,241,319
"S01011145",552,187,365
"S01011146",346,138,208
"S01011147",799,356,443
"S01011148",663,239,424
"S01011149",642,390,252
"S01011150",497,61,436
"S01011151",510,196,314
"S01011152",535,263,272
"S01011153",762,405,357
"S01011154",402,264,138
"S01011155",565,319,246
"S01011156",518,175,343
"S01011157",606,206,400
"S01011158",427,118,309
"S01011159",460,241,219
"S01011160",703,273,430
"S01011161",504,246,258
"S01011162",333,147,186
"S01011163",567,276,291
"S01011164",572,229,343
"S01011165",622,324,298
"S01011166",458,145,313
"S01011167",622,249,373
"S01011168",662,228,434
"S01011169",78,30,48
"S01011170",634,234,400
"S01011171",785,336,449
"S01011172",643,309,334
"S01011173",479,201,278
"S01011174",601,307,294
"S01011175",409,208,201
"S01011176",441,176,265
"S01011177",746,359,387
"S01011178",443,119,324
"S01011179",351,145,206
"S01011180",447,265,182
"S01011181",441,196,245
"S01011182",416,142,274
"S01011183",440,171,269
"S01011184",791,254,537
"S01011185",601,196,405
"S01011186",725,340,385
"S01011187",644,200,444
"S01011188",778,367,411
"S01011189",501,237,264
"S01011190",372,196,176
"S01011191",532,252,280
"S01011192",755,321,434
"S01011193",558,296,262
"S01011194",562,300,262
"S01011195",536,266,270
"S01011196",732,411,321
"S01011197",701,362,339
"S01011198",540,290,250
"S01011199",620,309,311
"S01011200",649,297,352
"S01011201",496,219,277
"S01011202",703,307,396
"S01011203",676,312,364
"S01011204",483,155,328
"S01011206",480,168,312
"S01011207",554,255,299
"S01011208",699,244,455
"S01011209",526,266,260
"S01011210",368,136,232
"S01011211",523,139,384
"S01011212",437,202,235
"S01011213",752,377,375
"S01011214",847,400,447
"S01011215",368,222,146
"S01011216",392,253,139
"S01011217",644,347,297
"S01011218",515,329,186
"S01011219",577,303,274
"S01011220",762,378,384
"S01011221",807,420,387
"S01011222",567,267,300
"S01011223",665,301,364
"S01011224",599,289,310
"S01011225",602,348,254
"S01011226",765,284,481
"S01011227",629,388,241
"S01011228",527,335,192
"S01011229",463,295,168
"S01011230",836,573,263
"S01011231",447,249,198
"S01011232",660,423,237
"S01011233",260,141,119
"S01011234",759,454,305
"S01011235",392,194,198
"S01011236",416,249,167
"S01011237",717,375,342
"S01011238",434,281,153
"S01011239",678,471,207
"S01011240",625,421,204
"S01011241",742,405,337
"S01011242",679,372,307
"S01011243",613,480,133
"S01011244",582,408,174
"S01011245",735,409,326
"S01011246",518,263,255
"S01011247",679,281,398
"S01011248",636,248,388
"S01011249",599,212,387
"S01011250",728,476,252
"S01011251",697,376,321
"S01011252",620,363,257
"S01011253",653,408,245
"S01011254",785,260,525
"S01011255",123,33,90
"S01011256",120,42,78
"S01011257",413,116,297
"S01011258",494,182,312
"S01011259",596,306,290
"S01011260",645,260,385
"S01011261",594,336,258
"S01011262",400,188,212
"S01011263",607,386,221
"S01011264",507,282,225
"S01011265",646,374,272
"S01011266",771,332,439
"S01011267",366,134,232
"S01011268",173,66,107
"S01011269",498,274,224
"S01011270",504,270,234
"S01011271",693,301,392
"S01011272",617,378,239
"S01011273",679,363,316
"S01011274",567,339,228
"S01011275",495,266,229
"S01011276",704,342,362
"S01011277",501,215,286
"S01011278",450,163,287
"S01011279",586,254,332
"S01011280",536,164,372
"S01011281",492,161,331
"S01011282",588,216,372
"S01011283",408,127,281
"S01011285",565,307,258
"S01011286",504,277,227
"S01011287",610,299,311
"S01011288",610,308,302
"S01011289",629,323,306
"S01011290",935,523,412
"S01011291",626,361,265
"S01011292",667,396,271
"S01011293",586,304,282
"S01011294",691,435,256
"S01011295",782,299,483
"S01011296",498,244,254
"S01011297",612,341,271
"S01011298",467,264,203
"S01011299",408,137,271
"S01011300",782,413,369
"S01011301",473,161,312
"S01011302",821,480,341
"S01011303",625,246,379
"S01011304",509,239,270
"S01011305",438,199,239
"S01011306",496,216,280
"S01011307",734,310,424
"S01011308",424,144,280
"S01011309",636,202,434
"S01011310",613,275,338
"S01011311",624,194,430
"S01011312",841,267,574
"S01011313",589,318,271
"S01011314",706,283,423
"S01011315",232,129,103
"S01011316",556,273,283
"S01011317",747,290,457
"S01011318",770,356,414
"S01011319",782,291,491
"S01011320",441,244,197
"S01011321",433,186,247
"S01011322",522,214,308
"S01011323",659,329,330
"S01011324",418,215,203
"S01011325",610,426,184
"S01011326",678,490,188
"S01011327",658,399,259
"S01011328",537,237,300
"S01011329",712,338,374
"S01011330",665,233,432
"S01011331",557,177,380
"S01011332",514,181,333
"S01011333",592,187,405
"S01011334",840,316,524
"S01011335",604,192,412
"S01011336",462,229,233
"S01011337",621,238,383
"S01011338",414,195,219
"S01011339",344,168,176
"S01011340",565,304,261
"S01011341",478,251,227
"S01011342",500,257,243
"S01011343",780,451,329
"S01011344",566,309,257
"S01011345",595,337,258
"S01011346",600,294,306
"S01011347",867,431,436
"S01011348",765,373,392
"S01011349",633,229,404
"S01011350",583,213,370
"S01011351",557,316,241
"S01011352",518,274,244
"S01011353",559,269,290
"S01011354",601,204,397
"S01011355",844,375,469
"S01011356",738,300,438
"S01011357",624,231,393
"S01011358",389,89,300
"S01011359",676,302,374
"S01011360",408,294,114
"S01011361",288,245,43
"S01011362",804,415,389
"S01011363",675,317,358
"S01011364",422,177,245
"S01011365",321,105,216
"S01011366",466,245,221
"S01011367",649,320,329
"S01011368",71,30,41
"S01011369",640,304,336
"S01011370",198,114,84
"S01011371",712,460,252
"S01011372",601,429,172
"S01011373",549,343,206
"S01011374",513,199,314
"S01011375",507,231,276
"S01011376",453,284,169
"S01011377",478,196,282
"S01011378",715,296,419
"S01011379",538,163,375
"S01011380",611,328,283
"S01011381",489,220,269
"S01011382",163,117,46
"S01011383",551,373,178
"S01011384",496,339,157
"S01011385",819,518,301
"S01011386",416,238,178
"S01011387",575,360,215
"S01011388",182,77,105
"S01011389",625,362,263
"S01011390",530,273,257
"S01011391",347,167,180
"S01011392",559,310,249
"S01011393",515,236,279
"S01011394",208,91,117
"S01011395",604,365,239
"S01011396",659,380,279
"S01011397",655,402,253
"S01011398",623,350,273
"S01011399",409,211,198
"S01011400",244,171,73
"S01011401",594,299,295
"S01011402",910,434,476
"S01011403",421,206,215
"S01011404",812,441,371
"S01011405",544,256,288
"S01011406",475,201,274
"S01011407",932,389,543
"S01011408",722,343,379
"S01011409",536,332,204
"S01011410",528,232,296
"S01011411",390,178,212
"S01011412",706,240,466
"S01011413",323,92,231
"S01011414",676,331,345
"S01011415",700,339,361
"S01011416",547,168,379
"S01011417",545,265,280
"S01011418",504,260,244
"S01011419",477,223,254
"S01011420",437,259,178
"S01011421",312,147,165
"S01011422",384,191,193
"S01011423",377,235,142
"S01011424",469,230,239
"S01011425",631,274,357
"S01011426",745,340,405
"S01011427",388,207,181
"S01011428",416,245,171
"S01011429",1424,818,606
"S01011430",700,288,412
"S01011431",875,480,395
"S01011432",862,378,484
"S01011433",633,381,252
"S01011434",421,199,222
"S01011435",686,285,401
"S01011436",550,335,215
"S01011437",641,340,301
"S01011438",413,263,150
"S01011439",1073,481,592
"S01011440",428,190,238
"S01011441",604,325,279
"S01011442",523,264,259
"S01011443",385,197,188
"S01011444",507,243,264
"S01011445",362,211,151
"S01011446",1415,631,784
"S01011447",643,357,286
"S01011448",711,355,356
"S01011449",299,188,111
"S01011450",209,94,115
"S01011451",1153,475,678
"S01011452",771,377,394
"S01011453",610,308,302
"S01011454",677,358,319
"S01011455",647,339,308
"S01011456",749,381,368
"S01011457",729,377,352
"S01011458",727,259,468
"S01011459",349,211,138
"S01011460",652,308,344
"S01011461",475,316,159
"S01011462",667,266,401
"S01011463",505,225,280
"S01011464",78,52,26
"S01011465",409,250,159
"S01011466",467,299,168
"S01011467",302,170,132
"S01011468",91,33,58
"S01011469",596,323,273
"S01011470",839,397,442
"S01011471",842,431,411
"S01011472",807,481,326
"S01011473",670,410,260
"S01011474",602,353,249
"S01011475",548,349,199
"S01011476",410,138,272
"S01011477",767,211,556
"S01011478",903,351,552
"S01011479",601,236,365
"S01011480",775,305,470
"S01011481",329,161,168
"S01011482",700,362,338
"S01011483",458,204,254
"S01011484",719,428,291
"S01011485",790,416,374
"S01011486",457,252,205
"S01011487",408,230,178
"S01011488",570,296,274
"S01011489",173,89,84
"S01011490",1118,573,545
"S01011491",487,334,153
"S01011492",664,443,221
"S01011493",356,74,282
"S01011494",464,215,249
"S01011495",646,332,314
"S01011496",447,310,137
"S01011497",473,197,276
"S01011498",458,137,321
"S01011499",499,202,297
"S01011500",440,190,250
"S01011501",591,333,258
"S01011502",501,219,282
"S01011503",658,304,354
"S01011504",709,358,351
"S01011505",473,252,221
"S01011506",551,262,289
"S01011507",541,268,273
"S01011508",736,406,330
"S01011509",518,250,268
"S01011510",646,366,280
"S01011511",474,277,197
"S01011512",864,526,338
"S01011513",612,386,226
"S01011514",840,431,409
"S01011515",471,253,218
"S01011516",745,274,471
"S01011517",452,217,235
"S01011518",473,228,245
"S01011519",644,339,305
"S01011520",429,263,166
"S01011521",548,316,232
"S01011522",731,466,265
"S01011523",635,359,276
"S01011524",705,308,397
"S01011525",708,386,322
"S01011526",860,408,452
"S01011527",567,199,368
"S01011528",847,472,375
"S01011529",372,248,124
"S01011530",692,344,348
"S01011531",643,251,392
"S01011532",262,72,190
"S01011533",651,405,246
"S01011534",581,293,288
"S01011535",797,503,294
"S01011536",563,217,346
"S01011537",422,204,218
"S01011538",455,159,296
"S01011539",625,354,271
"S01011540",674,344,330
"S01011541",645,380,265
"S01011542",1051,533,518
"S01011543",577,331,246
"S01011544",575,315,260
"S01011545",528,282,246
"S01011546",523,136,387
"S01011547",400,122,278
"S01011548",634,306,328
"S01011549",728,256,472
"S01011550",659,222,437
"S01011551",475,213,262
"S01011552",1012,429,583
"S01011554",793,385,408
"S01011555",255,154,101
"S01011556",322,208,114
"S01011557",455,233,222
"S01011558",324,186,138
"S01011559",510,265,245
"S01011560",589,316,273
"S01011561",362,199,163
"S01011562",309,204,105
"S01011563",492,304,188
"S01011564",504,249,255
"S01011565",585,288,297
"S01011566",466,287,179
"S01011567",844,440,404
"S01011568",617,301,316
"S01011569",862,416,446
"S01011570",588,316,272
"S01011571",487,339,148
"S01011572",550,319,231
"S01011573",540,336,204
"S01011574",589,288,301
"S01011575",202,110,92
"S01011576",655,435,220
"S01011577",511,272,239
"S01011578",655,373,282
"S01011579",453,150,303
"S01011580",317,225,92
"S01011581",580,367,213
"S01011582",906,411,495
"S01011583",635,389,246
"S01011584",588,321,267
"S01011585",586,310,276
"S01011586",478,261,217
"S01011587",335,196,139
"S01011588",605,316,289
"S01011589",852,400,452
"S01011590",567,304,263
"S01011591",491,294,197
"S01011592",560,328,232
"S01011593",517,244,273
"S01011594",418,211,207
"S01011595",491,255,236
"S01011596",873,469,404
"S01011597",487,243,244
"S01011598",634,525,109
"S01011599",644,324,320
"S01011600",853,488,365
"S01011601",547,180,367
"S01011602",418,227,191
"S01011603",727,440,287
"S01011604",526,280,246
"S01011605",748,344,404
"S01011606",181,55,126
"S01011607",490,182,308
"S01011608",504,226,278
"S01011609",763,517,246
"S01011610",569,304,265
"S01011611",470,208,262
"S01011613",981,328,653
"S01011614",201,83,118
"S01011615",578,291,287
"S01011616",387,219,168
"S01011617",676,344,332
"S01011618",588,297,291
"S01011619",601,213,388
"S01011620",326,76,250
"S01011621",583,266,317
"S01011622",143,63,80
"S01011623",551,249,302
"S01011624",508,246,262
"S01011625",340,167,173
"S01011626",292,82,210
"S01011627",462,139,323
"S01011628",1094,325,769
"S01011629",507,261,246
"S01011630",547,272,275
"S01011631",462,290,172
"S01011632",620,335,285
"S01011633",531,294,237
"S01011634",503,241,262
"S01011635",153,75,78
"S01011636",569,307,262
"S01011637",561,314,247
"S01011638",412,222,190
"S01011639",406,236,170
"S01011640",550,269,281
"S01011641",407,127,280
"S01011642",608,264,344
"S01011643",331,162,169
"S01011644",459,226,233
"S01011645",568,271,297
"S01011646",616,193,423
"S01011647",674,243,431
"S01011648",375,201,174
"S01011649",208,139,69
"S01011650",658,304,354
"S01011651",667,316,351
"S01011652",732,309,423
"S01011653",827,432,395
"S01011654",851,517,334
"S01011655",718,456,262
"S01011656",191,146,45
"S01011657",405,254,151
"S01011658",605,324,281
"S01011659",709,360,349
"S01011660",632,242,390
"S01011661",467,178,289
"S01011662",213,68,145
"S01011663",460,246,214
"S01011664",901,464,437
"S01011665",643,351,292
"S01011666",762,432,330
"S01011667",451,284,167
"S01011668",744,466,278
"S01011669",626,310,316
"S01011670",473,274,199
"S01011671",585,282,303
"S01011672",525,240,285
"S01011673",522,269,253
"S01011674",460,235,225
"S01011675",547,271,276
"S01011676",599,316,283
"S01011678",419,236,183
"S01011679",161,50,111
"S01011680",863,485,378
"S01011681",607,281,326
"S01011682",748,361,387
"S01011683",806,391,415
"S01011684",379,174,205
"S01011685",384,205,179
"S01011686",600,226,374
"S01011687",823,384,439
"S01011688",1036,453,583
"S01011689",336,102,234
"S01011690",333,174,159
"S01011691",151,61,90
"S01011692",872,478,394
"S01011693",449,208,241
"S01011695",1802,809,993
"S01011697",331,186,145
"S01011698",605,312,293
"S01011699",728,277,451
"S01011700",658,297,361
"S01011701",537,185,352
"S01011702",627,266,361
"S01011703",810,348,462
"S01011704",401,168,233
"S01011705",513,264,249
"S01011706",792,378,414
"S01011707",568,210,358
"S01011708",646,333,313
"S01011709",864,384,480
"S01011710",480,265,215
"S01011711",554,329,225
"S01011712",447,288,159
"S01011713",636,273,363
"S01011714",267,96,171
"S01011715",493,281,212
"S01011716",688,233,455
"S01011717",685,255,430
"S01011718",111,45,66
"S01011719",513,182,331
"S01011720",492,188,304
"S01011721",591,244,347
"S01011722",490,238,252
"S01011723",737,324,413
"S01011724",487,238,249
"S01011725",464,158,306
"S01011726",358,113,245
"S01011728",825,400,425
"S01011729",614,320,294
"S01011730",860,349,511
"S01011731",768,360,408
"S01011732",709,234,475
"S01011733",754,337,417
"S01011734",654,259,395
"S01011735",674,239,435
"S01011736",607,285,322
"S01011737",520,249,271
"S01011738",953,505,448
"S01011739",427,178,249
"S01011740",608,326,282
"S01011741",545,283,262
"S01011742",637,316,321
"S01011743",619,315,304
"S01011744",660,364,296
"S01011745",647,325,322
"S01011746",455,237,218
"S01011747",734,416,318
"S01011748",635,385,250
"S01011749",546,375,171
"S01011750",687,331,356
"S01011751",794,582,212
"S01011752",772,409,363
"S01011753",746,337,409
"S01011754",585,252,333
"S01011755",799,436,363
"S01011756",751,396,355
"S01011757",610,334,276
"S01011758",527,238,289
"S01011759",613,248,365
"S01011760",771,404,367
"S01011761",395,229,166
"S01011762",555,294,261
"S01011763",621,271,350
"S01011764",218,85,133
"S01011765",848,267,581
"S01011766",550,199,351
"S01011767",789,408,381
"S01011768",540,325,215
"S01011769",639,364,275
"S01011770",724,371,353
"S01011771",502,156,346
"S01011772",675,155,520
"S01011773",402,112,290
"S01011774",575,220,355
"S01011775",570,192,378
"S01011776",157,51,106
"S01011777",462,176,286
"S01011778",475,171,304
"S01011779",588,180,408
"S01011780",566,160,406
"S01011781",489,156,333
"S01011782",594,193,401
"S01011783",462,170,292
"S01011784",739,393,346
"S01011785",803,397,406
"S01011787",744,422,322
"S01011788",222,46,176
"S01011789",1166,436,730
"S01011790",763,388,375
"S01011791",542,303,239
"S01011792",806,452,354
"S01011793",530,265,265
"S01011794",608,344,264
"S01011795",413,191,222
"S01011796",509,327,182
"S01011797",538,174,364
"S01011798",339,154,185
"S01011799",829,287,542
"S01011800",594,269,325
"S01011801",387,197,190
"S01011802",627,304,323
"S01011803",885,480,405
"S01011804",366,214,152
"S01011805",358,182,176
"S01011806",667,309,358
"S01011807",765,310,455
"S01011808",429,182,247
"S01011809",467,173,294
"S01011810",657,273,384
"S01011811",557,211,346
"S01011812",439,163,276
"S01011813",524,197,327
"S01011814",466,175,291
"S01011815",392,137,255
"S01011816",450,141,309
"S01011817",730,281,449
"S01011818",627,254,373
"S01011819",723,366,357
"S01011820",438,215,223
"S01011821",190,132,58
"S01011822",521,343,178
"S01011823",524,247,277
"S01011824",573,322,251
"S01011825",464,250,214
"S01011826",517,274,243
"S01011827",337,150,187
"S01011828",700,295,405
"S01011829",273,131,142
"S01011830",368,148,220
"S01011831",433,176,257
"S01011832",621,268,353
"S01011833",680,208,472
"S01011834",263,80,183
"S01011835",447,153,294
"S01011836",490,151,339
"S01011837",667,253,414
"S01011838",580,187,393
"S01011839",948,302,646
"S01011840",621,219,402
"S01011841",606,276,330
"S01011842",805,407,398
"S01011843",761,253,508
"S01011844",505,171,334
"S01011845",628,257,371
"S01011846",702,266,436
"S01011847",341,97,244
"S01011848",504,175,329
"S01011849",570,213,357
"S01011850",606,269,337
"S01011851",662,307,355
"S01011852",789,371,418
"S01011853",544,257,287
"S01011854",658,273,385
"S01011855",699,300,399
"S01011856",493,126,367
"S01011857",620,277,343
"S01011858",669,234,435
"S01011859",710,302,408
"S01011860",583,205,378
"S01011861",519,204,315
"S01011862",604,214,390
"S01011863",650,324,326
"S01011864",607,212,395
"S01011865",517,214,303
"S01011866",547,262,285
"S01011867",456,253,203
"S01011868",591,287,304
"S01011869",471,259,212
"S01011870",477,230,247
"S01011871",695,263,432
"S01011872",738,284,454
"S01011873",570,233,337
"S01011874",363,144,219
"S01011875",558,256,302
"S01011876",693,245,448
"S01011877",477,194,283
"S01011878",788,264,524
"S01011879",312,110,202
"S01011880",513,177,336
"S01011881",441,235,206
"S01011882",770,323,447
"S01011883",1100,523,577
"S01011884",339,110,229
"S01011885",273,106,167
"S01011886",534,220,314
"S01011887",474,230,244
"S01011888",571,336,235
"S01011889",685,318,367
"S01011890",531,232,299
"S01011891",881,632,249
"S01011892",775,460,315
"S01011893",577,376,201
"S01011894",605,300,305
"S01011895",447,169,278
"S01011896",732,350,382
"S01011897",806,308,498
"S01011898",440,176,264
"S01011899",680,215,465
"S01011900",578,176,402
"S01011901",556,212,344
"S01011902",820,264,556
"S01011903",697,200,497
"S01011904",740,270,470
"S01011905",509,161,348
"S01011906",365,128,237
"S01011907",616,229,387
"S01011908",304,101,203
"S01011909",517,198,319
"S01011910",714,456,258
"S01011911",557,233,324
"S01011912",574,313,261
"S01011913",562,366,196
"S01011914",621,432,189
"S01011915",627,319,308
"S01011916",451,222,229
"S01011917",436,191,245
"S01011918",451,322,129
"S01011919",521,274,247
"S01011920",499,263,236
"S01011921",493,302,191
"S01011922",603,334,269
"S01011923",781,421,360
"S01011924",351,179,172
"S01011925",50,36,14
"S01011926",524,290,234
"S01011927",503,276,227
"S01011928",651,325,326
"S01011929",515,268,247
"S01011930",608,349,259
"S01011931",495,337,158
"S01011932",174,109,65
"S01011933",365,219,146
"S01011934",786,442,344
"S01011935",777,508,269
"S01011936",489,331,158
"S01011937",319,233,86
"S01011938",605,380,225
"S01011939",529,413,116
"S01011940",474,389,85
"S01011941",397,330,67
"S01011942",550,427,123
"S01011943",797,597,200
"S01011944",345,108,237
"S01011945",647,229,418
"S01011946",626,297,329
"S01011947",419,133,286
"S01011948",819,421,398
"S01011949",660,209,451
"S01011950",779,301,478
"S01011951",552,231,321
"S01011953",640,227,413
"S01011954",329,165,164
"S01011955",807,407,400
"S01011956",524,182,342
"S01011957",498,216,282
"S01011958",835,325,510
"S01011959",891,338,553
"S01011960",429,171,258
"S01011961",477,183,294
"S01011962",332,101,231
"S01011963",292,140,152
"S01011964",740,305,435
"S01011965",765,290,475
"S01011966",608,212,396
"S01011967",834,360,474
"S01011968",597,276,321
"S01011969",675,328,347
"S01011970",723,403,320
"S01011971",424,154,270
"S01011972",935,360,575
"S01011973",481,191,290
"S01011974",587,212,375
"S01011975",356,143,213
"S01011976",551,223,328
"S01011977",854,387,467
"S01011978",550,267,283
"S01011979",593,241,352
"S01011980",347,120,227
"S01011981",749,320,429
"S01011982",733,297,436
"S01011983",649,245,404
"S01011984",486,279,207
"S01011985",667,313,354
"S01011986",495,284,211
"S01011987",540,246,294
"S01011988",567,220,347
"S01011989",623,226,397
"S01011990",599,183,416
"S01011991",602,251,351
"S01011992",615,270,345
"S01011993",737,460,277
"S01011994",587,180,407
"S01011995",618,240,378
"S01011996",353,145,208
"S01011997",668,276,392
"S01011998",233,70,163
"S01011999",529,222,307
"S01012000",363,140,223
"S01012001",380,167,213
"S01012002",507,172,335
"S01012003",390,162,228
"S01012004",625,274,351
"S01012005",347,128,219
"S01012006",882,431,451
"S01012007",654,310,344
"S01012008",727,343,384
"S01012009",645,278,367
"S01012010",924,443,481
"S01012011",841,406,435
"S01012012",590,231,359
"S01012013",561,215,346
"S01012014",662,369,293
"S01012015",689,294,395
"S01012016",603,242,361
"S01012017",486,243,243
"S01012018",706,268,438
"S01012019",485,224,261
"S01012020",569,279,290
"S01012021",458,182,276
"S01012022",513,223,290
"S01012023",408,160,248
"S01012024",626,219,407
"S01012025",590,210,380
"S01012026",73,28,45
"S01012027",804,319,485
"S01012028",730,217,513
"S01012029",887,453,434
"S01012030",1196,579,617
"S01012031",196,55,141
"S01012032",337,120,217
"S01012033",688,312,376
"S01012034",627,286,341
"S01012035",777,327,450
"S01012036",756,289,467
"S01012037",779,374,405
"S01012038",545,367,178
"S01012039",736,329,407
"S01012040",394,129,265
"S01012041",742,360,382
"S01012042",768,348,420
"S01012043",659,378,281
"S01012044",781,419,362
"S01012045",700,422,278
"S01012046",593,359,234
"S01012047",777,491,286
"S01012048",489,317,172
"S01012049",540,259,281
"S01012050",459,148,311
"S01012051",689,353,336
"S01012052",693,350,343
"S01012053",728,382,346
"S01012054",639,432,207
"S01012055",767,407,360
"S01012056",651,298,353
"S01012057",679,246,433
"S01012058",546,179,367
"S01012059",765,378,387
"S01012060",657,346,311
"S01012061",764,326,438
"S01012062",559,216,343
"S01012063",418,212,206
"S01012064",372,233,139
"S01012065",434,326,108
"S01012066",662,404,258
"S01012067",355,268,87
"S01012068",394,297,97
"S01012069",434,310,124
"S01012070",500,379,121
"S01012071",674,528,146
"S01012072",757,511,246
"S01012073",455,266,189
"S01012074",600,303,297
"S01012075",555,175,380
"S01012076",612,292,320
"S01012077",447,246,201
"S01012078",608,275,333
"S01012079",707,395,312
"S01012080",557,373,184
"S01012081",556,355,201
"S01012082",427,223,204
"S01012083",709,427,282
"S01012084",492,185,307
"S01012085",615,242,373
"S01012086",848,476,372
"S01012087",646,293,353
"S01012088",503,185,318
"S01012089",744,302,442
"S01012090",824,271,553
"S01012091",517,175,342
"S01012092",450,161,289
"S01012093",511,223,288
"S01012094",755,314,441
"S01012095",582,236,346
"S01012096",728,388,340
"S01012097",438,213,225
"S01012098",471,242,229
"S01012099",909,547,362
"S01012100",1041,510,531
"S01012101",541,201,340
"S01012102",519,333,186
"S01012103",772,355,417
"S01012104",682,191,491
"S01012105",618,251,367
"S01012106",724,356,368
"S01012107",673,289,384
"S01012108",884,540,344
"S01012109",625,461,164
"S01012110",581,368,213
"S01012111",431,325,106
"S01012112",783,400,383
"S01012113",811,376,435
"S01012114",568,218,350
"S01012115",447,222,225
"S01012116",421,205,216
"S01012117",237,90,147
"S01012118",832,466,366
"S01012119",805,246,559
"S01012120",506,301,205
"S01012121",729,378,351
"S01012122",704,349,355
"S01012123",430,220,210
"S01012124",461,210,251
"S01012125",651,489,162
"S01012126",399,277,122
"S01012127",654,485,169
"S01012128",152,120,32
"S01012129",579,376,203
"S01012130",877,605,272
"S01012131",827,550,277
"S01012132",573,420,153
"S01012133",700,489,211
"S01012134",912,525,387
"S01012135",899,681,218
"S01012136",514,401,113
"S01012137",554,412,142
"S01012138",705,389,316
"S01012139",630,321,309
"S01012140",699,252,447
"S01012141",839,297,542
"S01012142",802,274,528
"S01012143",705,233,472
"S01012144",784,271,513
"S01012145",754,221,533
"S01012146",647,392,255
"S01012147",620,402,218
"S01012148",593,380,213
"S01012149",595,308,287
"S01012150",691,386,305
"S01012151",458,264,194
"S01012152",551,347,204
"S01012153",448,291,157
"S01012154",439,357,82
"S01012155",435,304,131
"S01012156",590,424,166
"S01012157",657,374,283
"S01012158",496,249,247
"S01012159",489,159,330
"S01012160",614,208,406
"S01012161",350,226,124
"S01012162",504,395,109
"S01012163",391,244,147
"S01012164",251,84,167
"S01012165",729,498,231
"S01012166",490,285,205
"S01012167",622,351,271
"S01012168",894,375,519
"S01012169",676,355,321
"S01012170",883,449,434
"S01012171",764,372,392
"S01012172",671,327,344
"S01012173",574,175,399
"S01012174",741,241,500
"S01012175",757,330,427
"S01012176",746,340,406
"S01012177",549,182,367
"S01012178",477,154,323
"S01012179",543,268,275
"S01012180",497,261,236
"S01012181",615,310,305
"S01012182",736,340,396
"S01012183",169,109,60
"S01012185",559,442,117
"S01012186",613,303,310
"S01012187",608,371,237
"S01012188",586,208,378
"S01012189",443,182,261
"S01012190",111,53,58
"S01012191",726,251,475
"S01012192",323,87,236
"S01012193",399,108,291
"S01012194",387,101,286
"S01012195",794,259,535
"S01012196",425,172,253
"S01012197",614,305,309
"S01012198",701,350,351
"S01012199",497,226,271
"S01012200",559,258,301
"S01012201",620,265,355
"S01012202",484,188,296
"S01012203",612,173,439
"S01012204",615,177,438
"S01012205",583,223,360
"S01012206",685,260,425
"S01012207",738,338,400
"S01012208",863,404,459
"S01012209",617,292,325
"S01012210",613,313,300
"S01012211",629,294,335
"S01012212",724,220,504
"S01012213",771,254,517
"S01012214",605,197,408
"S01012215",758,272,486
"S01012216",596,190,406
"S01012217",335,202,133
"S01012218",378,245,133
"S01012219",706,341,365
"S01012220",573,342,231
"S01012221",627,329,298
"S01012222",715,362,353
"S01012223",503,242,261
"S01012224",665,326,339
"S01012225",780,390,390
"S01012226",643,269,374
"S01012227",483,186,297
"S01012228",532,224,308
"S01012229",557,227,330
"S01012230",728,263,465
"S01012231",642,195,447
"S01012232",667,199,468
"S01012233",703,200,503
"S01012234",789,257,532
"S01012235",455,145,310
"S01012236",568,274,294
"S01012237",714,197,517
"S01012238",497,290,207
"S01012239",488,277,211
"S01012240",628,268,360
"S01012241",479,168,311
"S01012242",616,167,449
"S01012243",392,123,269
"S01012244",829,318,511
"S01012245",412,150,262
"S01012246",570,177,393
"S01012247",588,234,354
"S01012248",561,193,368
"S01012249",664,246,418
"S01012250",764,294,470
"S01012251",948,499,449
"S01012252",442,231,211
"S01012253",792,464,328
"S01012254",588,260,328
"S01012255",542,289,253
"S01012256",522,168,354
"S01012257",776,299,477
"S01012258",473,103,370
"S01012259",526,152,374
"S01012260",620,272,348
"S01012261",116,24,92
"S01012262",800,343,457
"S01012263",407,204,203
"S01012264",257,129,128
"S01012265",651,283,368
"S01012266",668,319,349
"S01012267",539,234,305
"S01012268",732,287,445
"S01012269",674,251,423
"S01012270",620,292,328
"S01012271",946,397,549
"S01012272",252,91,161
"S01012273",534,158,376
"S01012274",630,294,336
"S01012275",573,386,187
"S01012276",726,355,371
"S01012277",660,346,314
"S01012278",641,397,244
"S01012279",531,314,217
"S01012280",756,382,374
"S01012281",647,333,314
"S01012282",973,468,505
"S01012283",573,256,317
"S01012284",681,378,303
"S01012285",545,195,350
"S01012286",828,417,411
"S01012287",542,331,211
"S01012288",702,410,292
"S01012289",580,197,383
"S01012290",262,148,114
"S01012291",465,173,292
"S01012292",730,300,430
"S01012293",371,148,223
"S01012294",704,276,428
"S01012295",229,116,113
"S01012296",266,99,167
"S01012297",437,149,288
"S01012298",618,281,337
"S01012299",438,167,271
"S01012300",213,103,110
"S01012301",650,233,417
"S01012302",631,276,355
"S01012303",812,320,492
"S01012304",797,308,489
"S01012305",545,215,330
"S01012306",519,257,262
"S01012307",376,178,198
"S01012308",496,172,324
"S01012309",348,120,228
"S01012310",959,415,544
"S01012311",405,156,249
"S01012312",837,322,515
"S01012313",587,204,383
"S01012314",622,272,350
"S01012315",541,266,275
"S01012316",565,283,282
"S01012317",131,31,100
"S01012318",668,264,404
"S01012319",543,223,320
"S01012320",497,206,291
"S01012321",426,169,257
"S01012322",570,200,370
"S01012323",657,216,441
"S01012324",689,290,399
"S01012325",277,125,152
"S01012326",426,217,209
"S01012327",792,346,446
"S01012328",387,176,211
"S01012329",833,319,514
"S01012330",420,135,285
"S01012331",329,113,216
"S01012332",774,264,510
"S01012333",682,239,443
"S01012334",728,275,453
"S01012335",731,279,452
"S01012336",555,192,363
"S01012337",736,415,321
"S01012338",455,278,177
"S01012339",533,307,226
"S01012340",478,178,300
"S01012341",1085,405,680
"S01012342",694,270,424
"S01012343",672,242,430
"S01012344",453,228,225
"S01012345",522,234,288
"S01012346",621,251,370
"S01012347",511,228,283
"S01012348",395,168,227
"S01012349",652,262,390
"S01012350",592,229,363
"S01012351",597,268,329
"S01012352",602,286,316
"S01012353",375,246,129
"S01012354",514,241,273
"S01012355",825,303,522
"S01012356",474,211,263
"S01012357",686,252,434
"S01012358",733,251,482
"S01012359",647,331,316
"S01012360",634,364,270
"S01012361",504,276,228
"S01012362",439,275,164
"S01012363",793,479,314
"S01012364",580,294,286
"S01012365",827,293,534
"S01012366",708,376,332
"S01012367",737,263,474
"S01012368",553,200,353
"S01012369",727,270,457
"S01012370",712,418,294
"S01012371",869,490,379
"S01012372",593,343,250
"S01012373",796,288,508
"S01012374",784,338,446
"S01012375",727,346,381
"S01012376",676,248,428
"S01012377",570,239,331
"S01012378",606,200,406
"S01012379",458,163,295
"S01012380",703,351,352
"S01012381",559,284,275
"S01012382",797,277,520
"S01012383",780,334,446
"S01012384",386,194,192
"S01012385",495,194,301
"S01012386",683,370,313
"S01012387",736,315,421
"S01012388",535,227,308
"S01012389",514,220,294
"S01012390",503,219,284
"S01012391",438,144,294
"S01012392",287,123,164
"S01012393",756,287,469
"S01012394",407,268,139
"S01012395",471,230,241
"S01012396",525,304,221
"S01012397",699,342,357
"S01012398",722,428,294
"S01012399",520,316,204
"S01012400",428,264,164
"S01012401",592,393,199
"S01012402",605,243,362
"S01012403",587,233,354
"S01012404",756,385,371
"S01012405",463,187,276
"S01012406",187,80,107
"S01012407",542,248,294
"S01012408",445,194,251
"S01012409",494,229,265
"S01012410",575,272,303
"S01012411",581,290,291
"S01012412",442,197,245
"S01012413",778,334,444
"S01012414",642,284,358
"S01012415",444,178,266
"S01012416",408,154,254
"S01012417",526,220,306
"S01012418",799,312,487
"S01012419",656,279,377
"S01012420",735,330,405
"S01012421",529,252,277
"S01012422",767,322,445
"S01012423",903,394,509
"S01012424",702,357,345
"S01012425",524,305,219
"S01012426",409,222,187
"S01012427",548,285,263
"S01012428",592,235,357
"S01012429",428,189,239
"S01012430",478,249,229
"S01012431",649,343,306
"S01012432",647,282,365
"S01012433",456,235,221
"S01012434",588,308,280
"S01012435",410,230,180
"S01012436",262,142,120
"S01012437",539,259,280
"S01012438",667,296,371
"S01012439",638,337,301
"S01012440",335,100,235
"S01012441",751,268,483
"S01012442",575,238,337
"S01012443",543,234,309
"S01012444",755,329,426
"S01012445",90,20,70
"S01012446",443,244,199
"S01012447",543,167,376
"S01012448",588,192,396
"S01012449",311,118,193
"S01012450",783,303,480
"S01012451",830,331,499
"S01012452",458,171,287
"S01012453",586,158,428
"S01012454",599,168,431
"S01012455",513,130,383
"S01012456",706,211,495
"S01012457",780,185,595
"S01012458",671,181,490
"S01012459",583,180,403
"S01012460",504,151,353
"S01012461",464,214,250
"S01012462",664,343,321
"S01012463",531,313,218
"S01012464",526,284,242
"S01012465",616,287,329
"S01012466",661,291,370
"S01012467",584,293,291
"S01012468",751,331,420
"S01012469",677,259,418
"S01012470",761,365,396
"S01012471",666,198,468
"S01012472",629,195,434
"S01012473",467,130,337
"S01012474",637,308,329
"S01012475",629,217,412
"S01012476",862,402,460
"S01012477",599,195,404
"S01012478",561,268,293
"S01012479",556,165,391
"S01012480",60,34,26
"S01012481",672,460,212
"S01012482",550,320,230
"S01012483",700,514,186
"S01012484",688,307,381
"S01012485",764,332,432
"S01012486",597,306,291
"S01012487",524,288,236
"S01012488",847,412,435
"S01012489",756,524,232
"S01012490",726,547,179
"S01012491",359,266,93
"S01012492",685,497,188
"S01012493",618,340,278
"S01012494",867,413,454
"S01012495",843,422,421
"S01012496",680,337,343
"S01012497",443,256,187
"S01012498",625,363,262
"S01012499",420,229,191
"S01012500",487,266,221
"S01012501",424,303,121
"S01012502",525,350,175
"S01012503",569,321,248
"S01012504",334,187,147
"S01012505",812,445,367
"S01012506",413,194,219
"S01012507",744,371,373
"S01012508",632,310,322
"S01012509",569,250,319
"S01012510",722,287,435
"S01012511",439,232,207
"S01012512",536,273,263
"S01012513",676,253,423
"S01012514",376,160,216
"S01012515",515,289,226
"S01012516",508,220,288
"S01012517",636,306,330
"S01012518",423,180,243
"S01012519",475,240,235
"S01012520",693,279,414
"S01012521",450,257,193
"S01012522",799,301,498
"S01012523",735,286,449
"S01012524",826,357,469
"S01012525",662,257,405
"S01012526",645,229,416
"S01012527",597,234,363
"S01012528",655,329,326
"S01012529",674,304,370
"S01012530",777,279,498
"S01012531",531,219,312
"S01012532",794,366,428
"S01012533",327,180,147
"S01012534",491,280,211
"S01012535",440,201,239
"S01012536",630,292,338
"S01012537",752,415,337
"S01012538",749,397,352
"S01012539",706,303,403
"S01012540",575,280,295
"S01012541",613,262,351
"S01012542",734,338,396
"S01012543",558,225,333
"S01012544",417,196,221
"S01012545",326,174,152
"S01012546",644,270,374
"S01012547",645,197,448
"S01012548",768,280,488
"S01012549",355,194,161
"S01012550",760,358,402
"S01012551",694,214,480
"S01012552",770,248,522
"S01012553",511,235,276
"S01012554",393,115,278
"S01012555",577,185,392
"S01012556",366,102,264
"S01012557",679,220,459
"S01012558",390,208,182
"S01012559",511,292,219
"S01012560",617,275,342
"S01012561",504,231,273
"S01012562",668,401,267
"S01012563",533,167,366
"S01012564",684,235,449
"S01012565",516,252,264
"S01012566",800,489,311
"S01012567",663,412,251
"S01012568",513,163,350
"S01012569",590,218,372
"S01012570",503,210,293
"S01012571",536,250,286
"S01012572",406,158,248
"S01012573",771,270,501
"S01012574",766,301,465
"S01012575",415,148,267
"S01012576",460,199,261
"S01012577",616,252,364
"S01012578",866,429,437
"S01012579",490,181,309
"S01012580",588,236,352
"S01012581",611,338,273
"S01012582",509,218,291
"S01012583",605,276,329
"S01012584",523,204,319
"S01012585",677,360,317
"S01012586",814,424,390
"S01012587",527,179,348
"S01012588",452,161,291
"S01012589",578,232,346
"S01012590",578,271,307
"S01012591",644,320,324
"S01012592",279,105,174
"S01012593",615,180,435
"S01012594",511,215,296
"S01012595",453,202,251
"S01012596",552,276,276
"S01012597",123,57,66
"S01012598",552,236,316
"S01012599",550,264,286
"S01012600",580,247,333
"S01012601",685,238,447
"S01012602",560,345,215
"S01012603",607,307,300
"S01012604",564,238,326
"S01012605",496,210,286
"S01012606",208,47,161
"S01012607",666,285,381
"S01012608",670,295,375
"S01012609",673,341,332
"S01012610",682,379,303
"S01012611",806,321,485
"S01012612",748,323,425
"S01012613",488,217,271
"S01012614",688,283,405
"S01012615",554,194,360
"S01012616",611,261,350
"S01012617",269,83,186
"S01012618",428,169,259
"S01012619",495,302,193
"S01012620",638,191,447
"S01012621",552,210,342
"S01012622",661,318,343
"S01012623",388,215,173
"S01012624",608,300,308
"S01012625",468,236,232
"S01012626",444,171,273
"S01012627",441,208,233
"S01012628",306,144,162
"S01012629",342,155,187
"S01012630",717,410,307
"S01012631",748,402,346
"S01012632",435,172,263
"S01012633",612,237,375
"S01012634",443,236,207
"S01012635",705,271,434
"S01012636",464,153,311
"S01012637",657,332,325
"S01012638",746,299,447
"S01012639",695,354,341
"S01012640",649,354,295
"S01012641",748,321,427
"S01012642",684,391,293
"S01012643",324,156,168
"S01012644",392,210,182
"S01012645",616,344,272
"S01012646",530,171,359
"S01012648",464,218,246
"S01012649",527,240,287
"S01012650",470,185,285
"S01012651",534,272,262
"S01012652",848,262,586
"S01012653",646,324,322
"S01012654",569,193,376
"S01012655",814,427,387
"S01012656",661,329,332
"S01012657",444,206,238
"S01012658",823,295,528
"S01012659",581,174,407
"S01012660",556,247,309
"S01012661",660,263,397
"S01012662",708,332,376
"S01012663",599,239,360
"S01012664",730,378,352
"S01012665",672,350,322
"S01012666",643,317,326
"S01012667",483,245,238
"S01012668",631,330,301
"S01012669",647,219,428
"S01012670",602,219,383
"S01012671",706,312,394
"S01012672",378,198,180
"S01012673",526,297,229
"S01012674",472,274,198
"S01012675",660,370,290
"S01012676",609,269,340
"S01012677",379,184,195
"S01012678",613,212,401
"S01012679",610,306,304
"S01012680",211,73,138
"S01012681",435,188,247
"S01012682",550,192,358
"S01012683",593,285,308
"S01012684",559,274,285
"S01012685",557,280,277
"S01012686",716,296,420
"S01012687",517,150,367
"S01012688",676,381,295
"S01012689",430,142,288
"S01012690",426,141,285
"S01012691",550,188,362
"S01012692",562,263,299
"S01012693",722,196,526
"S01012694",376,148,228
"S01012695",752,319,433
"S01012696",512,169,343
"S01012697",405,138,267
"S01012698",786,256,530
"S01012699",991,439,552
"S01012700",697,251,446
"S01012701",605,186,419
"S01012702",254,116,138
"S01012703",438,141,297
"S01012704",554,308,246
"S01012705",532,143,389
"S01012706",557,275,282
"S01012707",767,227,540
"S01012708",735,409,326
"S01012709",509,243,266
"S01012710",581,307,274
"S01012711",683,417,266
"S01012712",837,275,562
"S01012713",585,227,358
"S01012714",555,166,389
"S01012715",613,375,238
"S01012716",777,336,441
"S01012717",719,421,298
"S01012718",666,358,308
"S01012719",543,348,195
"S01012720",371,235,136
"S01012721",584,269,315
"S01012722",668,426,242
"S01012723",609,361,248
"S01012724",662,368,294
"S01012725",695,406,289
"S01012726",498,218,280
"S01012727",576,316,260
"S01012728",614,407,207
"S01012729",660,226,434
"S01012730",633,353,280
"S01012731",513,236,277
"S01012732",688,321,367
"S01012735",520,250,270
"S01012736",768,367,401
"S01012737",598,266,332
"S01012738",501,250,251
"S01012741",543,253,290
"S01012742",625,200,425
"S01012743",536,169,367
"S01012744",609,215,394
"S01012745",558,187,371
"S01012746",556,212,344
"S01012747",727,337,390
"S01012748",683,417,266
"S01012749",648,392,256
"S01012750",527,308,219
"S01012751",747,318,429
"S01012752",546,300,246
"S01012753",324,194,130
"S01012754",492,240,252
"S01012755",412,277,135
"S01012756",463,245,218
"S01012757",432,226,206
"S01012758",526,286,240
"S01012759",602,348,254
"S01012760",764,474,290
"S01012761",671,380,291
"S01012762",625,261,364
"S01012763",524,304,220
"S01012764",527,297,230
"S01012765",568,257,311
"S01012766",332,182,150
"S01012767",673,224,449
"S01012768",564,169,395
"S01012769",96,47,49
"S01012770",641,318,323
"S01012771",659,376,283
"S01012772",608,307,301
"S01012773",865,424,441
"S01012774",824,452,372
"S01012775",409,203,206
"S01012776",697,368,329
"S01012777",329,137,192
"S01012778",217,140,77
"S01012779",380,203,177
"S01012780",486,308,178
"S01012781",507,198,309
"S01012782",555,324,231
"S01012783",650,372,278
"S01012784",485,289,196
"S01012785",611,374,237
"S01012786",392,277,115
"S01012787",318,203,115
"S01012788",520,329,191
"S01012789",486,228,258
"S01012790",319,144,175
"S01012791",878,342,536
"S01012792",906,536,370
"S01012793",577,369,208
"S01012794",260,170,90
"S01012795",893,534,359
"S01012796",174,107,67
"S01012797",470,278,192
"S01012798",719,306,413
"S01012799",700,314,386
"S01012800",551,226,325
"S01012801",70,20,50
"S01012802",425,142,283
"S01012803",625,246,379
"S01012804",631,329,302
"S01012805",774,387,387
"S01012806",719,413,306
"S01012807",396,106,290
"S01012808",875,416,459
"S01012809",537,312,225
"S01012810",657,443,214
"S01012811",691,303,388
"S01012812",539,266,273
"S01012813",678,207,471
"S01012814",587,228,359
"S01012815",209,50,159
"S01012816",273,137,136
"S01012817",145,55,90
"S01012818",435,132,303
"S01012819",693,409,284
"S01012820",647,264,383
"S01012822",261,174,87
"S01012823",392,179,213
"S01012824",380,158,222
"S01012825",353,196,157
"S01012826",123,98,25
"S01012827",81,62,19
"S01012828",443,207,236
"S01012829",604,363,241
"S01012830",478,244,234
"S01012831",596,308,288
"S01012832",423,241,182
"S01012833",621,360,261
"S01012834",404,237,167
"S01012835",922,545,377
"S01012837",569,415,154
"S01012838",663,490,173
"S01012839",636,269,367
"S01012840",205,66,139
"S01012841",560,204,356
"S01012842",473,197,276
"S01012843",757,263,494
"S01012844",594,190,404
"S01012845",579,240,339
"S01012846",773,442,331
"S01012847",484,198,286
"S01012848",327,157,170
"S01012849",390,223,167
"S01012850",750,380,370
"S01012851",719,319,400
"S01012852",706,295,411
"S01012853",632,216,416
"S01012854",616,285,331
"S01012855",485,227,258
"S01012856",578,358,220
"S01012857",732,430,302
"S01012858",608,445,163
"S01012859",608,341,267
"S01012860",889,463,426
"S01012861",560,263,297
"S01012862",442,298,144
"S01012863",567,431,136
"S01012864",654,478,176
"S01012865",682,340,342
"S01012866",683,319,364
"S01012867",694,396,298
"S01012868",534,356,178
"S01012869",436,319,117
"S01012870",834,381,453
"S01012871",741,370,371
"S01012872",759,375,384
"S01012873",595,282,313
"S01012874",659,364,295
"S01012875",433,250,183
"S01012876",690,369,321
"S01012877",679,337,342
"S01012878",765,296,469
"S01012879",528,201,327
"S01012880",701,273,428
"S01012881",623,278,345
"S01012882",515,270,245
"S01012883",552,369,183
"S01012884",453,235,218
"S01012885",442,289,153
"S01012886",733,260,473
"S01012887",649,269,380
"S01012888",697,239,458
"S01012889",411,239,172
"S01012890",510,304,206
"S01012891",392,196,196
"S01012892",943,570,373
"S01012893",559,317,242
"S01012894",176,78,98
"S01012895",216,82,134
"S01012896",819,434,385
"S01012897",404,142,262
"S01012899",594,369,225
"S01012900",841,406,435
"S01012901",620,295,325
"S01012902",633,276,357
"S01012903",736,357,379
"S01012904",685,344,341
"S01012905",352,220,132
"S01012906",948,452,496
"S01012907",628,313,315
"S01012908",617,272,345
"S01012909",534,290,244
"S01012910",743,435,308
"S01012911",649,271,378
"S01012912",705,326,379
"S01012913",662,345,317
"S01012914",587,293,294
"S01012915",532,293,239
"S01012916",620,300,320
"S01012917",601,199,402
"S01012918",549,276,273
"S01012919",431,205,226
"S01012920",471,141,330
"S01012921",501,229,272
"S01012922",615,281,334
"S01012923",615,272,343
"S01012924",468,205,263
"S01012925",456,159,297
"S01012926",627,304,323
"S01012927",652,278,374
"S01012928",603,231,372
"S01012929",662,258,404
"S01012930",733,417,316
"S01012931",716,381,335
"S01012932",573,196,377
"S01012933",680,324,356
"S01012934",663,307,356
"S01012935",700,297,403
"S01012936",529,256,273
"S01012937",575,272,303
"S01012938",469,144,325
"S01012939",463,100,363
"S01012940",580,185,395
"S01012941",443,95,348
"S01012942",630,313,317
"S01012943",596,216,380
"S01012944",422,103,319
"S01012945",562,175,387
"S01012946",565,127,438
"S01012947",349,84,265
"S01012948",479,163,316
"S01012949",720,243,477
"S01012950",439,113,326
"S01012952",489,132,357
"S01012953",538,204,334
"S01012954",390,110,280
"S01012955",218,91,127
"S01012956",834,409,425
"S01012957",547,229,318
"S01012958",389,184,205
"S01012959",468,188,280
"S01012960",499,203,296
"S01012961",411,138,273
"S01012962",551,185,366
"S01012963",391,111,280
"S01012964",116,28,88
"S01012965",360,119,241
"S01012966",565,237,328
"S01012967",485,221,264
"S01012968",571,288,283
"S01012969",618,302,316
"S01012970",527,245,282
"S01012971",612,307,305
"S01012972",530,271,259
"S01012973",692,329,363
"S01012974",807,388,419
"S01012975",524,274,250
"S01012976",347,159,188
"S01012977",583,293,290
"S01012978",805,409,396
"S01012979",451,218,233
"S01012980",540,297,243
"S01012981",612,335,277
"S01012982",691,335,356
"S01012983",641,242,399
"S01012984",537,259,278
"S01012985",686,256,430
"S01012986",644,317,327
"S01012987",729,361,368
"S01012988",682,367,315
"S01012989",848,380,468
"S01012990",530,265,265
"S01012991",670,317,353
"S01012992",653,300,353
"S01012993",638,332,306
"S01012994",757,444,313
"S01012995",691,276,415
"S01012996",534,258,276
"S01012997",417,209,208
"S01012998",620,284,336
"S01012999",408,189,219
"S01013000",623,306,317
"S01013001",258,85,173
"S01013002",470,188,282
"S01013003",445,105,340
"S01013004",603,182,421
"S01013005",624,185,439
"S01013006",561,183,378
"S01013007",862,318,544
"S01013008",382,165,217
"S01013009",440,198,242
"S01013010",394,171,223
"S01013011",194,46,148
"S01013012",382,179,203
"S01013013",727,271,456
"S01013014",594,264,330
"S01013015",583,201,382
"S01013016",441,127,314
"S01013017",638,252,386
"S01013018",717,253,464
"S01013019",586,210,376
"S01013020",400,190,210
"S01013021",384,158,226
"S01013022",83,29,54
"S01013023",681,190,491
"S01013024",515,187,328
"S01013025",253,77,176
"S01013026",398,225,173
"S01013027",845,451,394
"S01013028",600,263,337
"S01013029",569,267,302
"S01013030",385,196,189
"S01013031",542,285,257
"S01013032",277,127,150
"S01013033",401,217,184
"S01013034",511,253,258
"S01013035",662,342,320
"S01013036",583,303,280
"S01013037",633,238,395
"S01013038",769,391,378
"S01013039",422,99,323
"S01013040",561,263,298
"S01013041",471,222,249
"S01013042",468,225,243
"S01013043",563,271,292
"S01013044",660,323,337
"S01013045",426,188,238
"S01013046",464,241,223
"S01013047",703,231,472
"S01013048",717,334,383
"S01013049",694,259,435
"S01013050",655,330,325
"S01013051",779,397,382
"S01013052",564,284,280
"S01013053",510,328,182
"S01013054",733,303,430
"S01013055",554,313,241
"S01013056",788,395,393
"S01013057",759,503,256
"S01013058",196,62,134
"S01013059",592,267,325
"S01013060",343,159,184
"S01013061",775,240,535
"S01013062",670,261,409
"S01013063",635,288,347
"S01013064",651,299,352
"S01013065",716,360,356
"S01013066",497,289,208
"S01013067",643,596,47
"S01013068",564,414,150
"S01013069",558,430,128
"S01013070",439,343,96
"S01013071",845,765,80
"S01013072",439,263,176
"S01013073",526,364,162
"S01013074",429,279,150
"S01013075",886,599,287
"S01013076",494,369,125
"S01013077",591,354,237
"S01013078",336,202,134
"S01013079",218,161,57
"S01013080",507,296,211
"S01013081",472,172,300
"S01013082",758,334,424
"S01013083",933,623,310
"S01013084",624,189,435
"S01013085",605,390,215
"S01013086",695,402,293
"S01013087",794,422,372
"S01013088",754,220,534
"S01013089",632,327,305
"S01013090",565,319,246
"S01013091",221,169,52
"S01013092",500,275,225
"S01013093",499,204,295
"S01013094",513,136,377
"S01013095",502,128,374
"S01013096",364,211,153
"S01013097",576,219,357
"S01013099",718,374,344
"S01013100",540,177,363
"S01013101",834,437,397
"S01013102",536,191,345
"S01013103",596,166,430
"S01013104",777,269,508
"S01013105",714,259,455
"S01013106",632,273,359
"S01013107",543,166,377
"S01013108",517,242,275
"S01013109",716,290,426
"S01013110",618,276,342
"S01013111",361,121,240
"S01013112",312,138,174
"S01013113",685,313,372
"S01013114",572,223,349
"S01013115",379,241,138
"S01013116",878,344,534
"S01013117",258,128,130
"S01013118",782,379,403
"S01013119",645,256,389
"S01013120",782,325,457
"S01013121",317,133,184
"S01013122",528,384,144
"S01013123",627,404,223
"S01013124",636,344,292
"S01013125",719,377,342
"S01013126",549,355,194
"S01013127",550,365,185
"S01013128",503,378,125
"S01013129",710,435,275
"S01013130",555,409,146
"S01013131",551,359,192
"S01013132",442,311,131
"S01013133",610,437,173
"S01013134",675,349,326
"S01013135",651,460,191
"S01013136",809,390,419
"S01013137",647,331,316
"S01013138",565,400,165
"S01013139",727,439,288
"S01013140",711,401,310
"S01013141",612,389,223
"S01013142",684,424,260
"S01013143",729,403,326
"S01013144",807,385,422
"S01013145",710,354,356
"S01013146",319,157,162
"S01013147",609,258,351
"S01013148",619,299,320
"S01013149",637,333,304
"S01013150",688,366,322
"S01013151",474,231,243
"S01013152",471,228,243
"S01013153",639,378,261
"S01013154",771,396,375
"S01013155",675,451,224
"S01013156",647,450,197
"S01013157",678,428,250
"S01013158",746,292,454
"S01013159",760,303,457
"S01013160",375,115,260
"S01013161",777,406,371
"S01013162",734,449,285
"S01013163",579,209,370
"S01013164",841,422,419
"S01013165",681,353,328
"S01013166",365,279,86
"S01013167",606,463,143
"S01013168",964,522,442
"S01013169",658,382,276
"S01013170",464,274,190
"S01013171",553,248,305
"S01013172",632,273,359
"S01013173",675,303,372
"S01013174",620,206,414
"S01013175",658,249,409
"S01013176",720,376,344
"S01013177",522,245,277
"S01013178",433,220,213
"S01013179",921,385,536
"S01013180",383,115,268
"S01013181",632,250,382
"S01013182",631,354,277
"S01013183",695,283,412
"S01013184",446,281,165
"S01013185",677,376,301
"S01013186",610,381,229
"S01013187",524,334,190
"S01013188",780,316,464
"S01013189",385,144,241
"S01013190",629,315,314
"S01013191",603,198,405
"S01013192",828,403,425
"S01013193",472,263,209
"S01013194",538,306,232
"S01013195",747,523,224
"S01013196",539,343,196
"S01013197",552,272,280
"S01013198",805,442,363
"S01013199",782,421,361
"S01013200",686,361,325
"S01013201",534,357,177
"S01013202",506,255,251
"S01013203",563,336,227
"S01013204",687,299,388
"S01013205",325,199,126
"S01013206",607,355,252
"S01013207",777,434,343
"S01013208",519,324,195
"S01013209",666,382,284
"S01013210",544,222,322
"S01013211",737,348,389
"S01013212",246,67,179
"S01013213",427,109,318
"S01013214",323,99,224
"S01013215",831,387,444
"S01013216",487,277,210
"S01013217",562,272,290
"S01013218",474,265,209
"S01013219",494,287,207
"S01013220",550,284,266
"S01013221",706,329,377
"S01013222",360,247,113
"S01013223",749,484,265
"S01013224",671,345,326
"S01013225",538,317,221
"S01013226",159,77,82
"S01013227",526,276,250
"S01013228",728,447,281
"S01013229",675,372,303
"S01013230",615,295,320
"S01013231",589,335,254
"S01013232",703,382,321
"S01013233",447,185,262
"S01013235",673,343,330
"S01013236",767,287,480
"S01013237",605,265,340
"S01013238",677,415,262
"S01013239",715,469,246
"S01013240",404,271,133
"S01013241",785,273,512
"S01013242",517,184,333
"S01013243",591,312,279
"S01013244",644,346,298
"S01013245",696,291,405
"S01013246",269,137,132
"S01013247",608,356,252
"S01013248",520,297,223
"S01013249",399,169,230
"S01013250",624,257,367
"S01013251",427,255,172
"S01013252",556,278,278
"S01013253",562,242,320
"S01013254",535,283,252
"S01013255",517,247,270
"S01013256",421,201,220
"S01013257",552,305,247
"S01013258",630,235,395
"S01013259",706,307,399
"S01013260",841,403,438
"S01013261",583,319,264
"S01013262",499,214,285
"S01013263",231,52,179
"S01013264",203,42,161
"S01013265",249,56,193
"S01013266",220,86,134
"S01013267",561,327,234
"S01013268",654,284,370
"S01013269",779,242,537
"S01013270",490,136,354
"S01013271",421,123,298
"S01013272",443,82,361
"S01013273",466,128,338
"S01013274",681,229,452
"S01013275",620,239,381
"S01013276",462,149,313
"S01013277",744,330,414
"S01013278",528,298,230
"S01013279",557,326,231
"S01013280",515,225,290
"S01013281",776,374,402
"S01013282",596,344,252
"S01013283",396,216,180
"S01013284",525,211,314
"S01013285",511,214,297
"S01013286",558,204,354
"S01013287",580,148,432
"S01013288",575,269,306
"S01013289",547,171,376
"S01013290",671,281,390
"S01013291",457,205,252
"S01013292",544,186,358
"S01013293",557,169,388
"S01013294",542,231,311
"S01013295",641,279,362
"S01013296",609,315,294
"S01013297",461,198,263
"S01013298",748,343,405
"S01013299",716,352,364
"S01013300",460,228,232
"S01013301",422,216,206
"S01013302",546,211,335
"S01013303",830,350,480
"S01013304",598,382,216
"S01013305",700,385,315
"S01013306",622,442,180
"S01013307",736,469,267
"S01013308",289,173,116
"S01013309",444,189,255
"S01013310",447,216,231
"S01013311",512,284,228
"S01013312",926,537,389
"S01013313",515,264,251
"S01013314",647,297,350
"S01013316",599,201,398
"S01013317",426,175,251
"S01013318",432,164,268
"S01013319",318,125,193
"S01013320",622,195,427
"S01013321",368,215,153
"S01013322",623,292,331
"S01013323",681,349,332
"S01013324",507,296,211
"S01013325",458,259,199
"S01013326",400,206,194
"S01013327",544,302,242
"S01013328",464,244,220
"S01013329",459,199,260
"S01013330",581,242,339
"S01013331",437,205,232
"S01013332",559,291,268
"S01013333",466,196,270
"S01013334",572,286,286
"S01013335",685,387,298
"S01013336",670,388,282
"S01013337",682,271,411
"S01013338",168,62,106
"S01013339",493,202,291
"S01013340",671,198,473
"S01013341",497,160,337
"S01013342",578,333,245
"S01013343",474,213,261
"S01013344",457,265,192
"S01013345",635,316,319
"S01013346",503,119,384
"S01013347",527,260,267
"S01013348",520,160,360
"S01013349",173,92,81
"S01013350",324,184,140
"S01013351",651,304,347
"S01013352",729,353,376
"S01013353",537,318,219
"S01013354",463,188,275
"S01013355",492,204,288
"S01013356",464,229,235
"S01013357",320,121,199
"S01013358",530,265,265
"S01013359",540,270,270
"S01013360",593,285,308
"S01013361",426,246,180
"S01013362",414,197,217
"S01013363",571,304,267
"S01013364",485,195,290
"S01013365",975,470,505
"S01013366",567,208,359
"S01013367",444,162,282
"S01013368",414,181,233
"S01013369",698,369,329
"S01013370",487,292,195
"S01013371",581,247,334
"S01013372",708,389,319
"S01013373",749,365,384
"S01013374",740,443,297
"S01013375",569,258,311
"S01013376",433,219,214
"S01013377",699,340,359
"S01013378",664,321,343
"S01013379",740,288,452
"S01013380",497,224,273
"S01013381",513,234,279
"S01013382",149,56,93
"S01013383",599,306,293
"S01013384",543,281,262
"S01013385",431,172,259
"S01013386",518,152,366
"S01013387",499,228,271
"S01013388",560,264,296
"S01013389",657,304,353
"S01013390",309,141,168
"S01013391",741,315,426
"S01013392",63,41,22
"S01013393",412,217,195
"S01013394",561,282,279
"S01013395",454,309,145
"S01013396",95,64,31
"S01013397",541,245,296
"S01013398",115,27,88
"S01013399",313,139,174
"S01013400",486,244,242
"S01013401",204,70,134
"S01013404",63,49,14
"S01013405",586,234,352
"S01013406",513,243,270
"S01013407",452,206,246
"S01013408",633,304,329
"S01013409",619,296,323
"S01013410",87,60,27
"S01013411",435,184,251
"S01013412",569,287,282
"S01013413",482,201,281
"S01013414",592,339,253
"S01013415",539,362,177
"S01013416",482,270,212
"S01013417",640,377,263
"S01013418",385,200,185
"S01013419",399,130,269
"S01013420",355,175,180
"S01013421",371,158,213
"S01013422",610,255,355
"S01013423",641,238,403
"S01013424",416,102,314
"S01013425",303,144,159
"S01013426",666,319,347
"S01013427",233,119,114
"S01013428",450,228,222
"S01013429",208,90,118
"S01013430",337,148,189
"S01013431",829,407,422
"S01013432",532,231,301
"S01013433",525,205,320
"S01013434",376,126,250
"S01013435",484,102,382
"S01013436",605,286,319
"S01013437",467,227,240
"S01013438",479,263,216
"S01013439",767,197,570
"S01013440",814,213,601
"S01013441",560,174,386
"S01013442",629,228,401
"S01013443",408,176,232
"S01013444",785,472,313
"S01013445",569,233,336
"S01013446",598,225,373
"S01013447",347,54,293
"S01013448",614,212,402
"S01013449",526,170,356
"S01013450",489,201,288
"S01013451",641,170,471
"S01013452",582,194,388
"S01013453",581,331,250
"S01013454",566,193,373
"S01013455",431,216,215
"S01013456",644,349,295
"S01013457",709,358,351
"S01013458",607,299,308
"S01013459",678,388,290
"S01013460",686,360,326
"S01013461",640,352,288
"S01013462",650,321,329
"S01013463",140,84,56
"S01013464",605,236,369
"S01013465",616,267,349
"S01013466",444,178,266
"S01013467",350,155,195
"S01013468",449,273,176
"S01013469",739,268,471
"S01013470",625,346,279
"S01013471",690,334,356
"S01013472",212,91,121
"S01013473",110,48,62
"S01013474",233,95,138
"S01013475",558,213,345
"S01013476",530,193,337
"S01013477",480,262,218
"S01013478",548,299,249
"S01013479",662,402,260
"S01013480",563,236,327
"S01013481",288,114,174
