output_area,total,active,inactive
60QA000001,47,30,17
60QA000002,128,94,34
60QA000003,56,45,11
60QA000004,51,27,24
60QA000005,54,32,22
60QA000006,162,102,60
60QA000007,53,31,22
60QA000008,76,58,18
60QA000009,122,96,26
60QA000010,54,44,10
60QA000011,46,37,9
60QA000012,65,54,11
60QA000013,165,134,31
60QA000014,82,60,22
60QA000015,57,48,9
60QA000016,114,95,19
60QA000017,109,63,46
60QA000018,96,67,29
60QA000019,56,44,12
60QA000020,64,52,12
60QA000021,55,42,13
60QA000022,52,42,10
60QA000023,81,66,15
60QA000024,85,57,28
60QA000025,50,20,30
60QA000026,45,27,18
60QA000027,67,54,13
60QA000028,119,85,34
60QA000029,56,40,16
60QA000030,62,37,25
60QA000031,66,41,25
60QA000032,86,65,21
60QA000033,111,98,13
60QA000034,170,66,104
60QA000035,162,104,58
60QA000036,107,78,29
60QA000037,60,38,22
60QA000038,79,45,34
60QA000039,131,103,28
60QA000040,104,78,26
60QA000041,63,57,6
60QA000042,50,45,5
60QA000043,89,56,33
60QA000044,105,73,32
60QA000045,62,53,9
60QA000046,87,77,10
60QA000047,105,75,30
60QA000048,90,64,26
60QA000049,94,76,18
60QA000050,109,93,16
60QA000051,61,33,28
60QA000052,88,66,22
60QA000053,70,61,9
60QA000054,101,91,10
60QA000055,121,87,34
60QA000056,98,81,17
60QA000057,66,55,11
60QA000058,80,63,17
60QA000059,74,51,23
60QA000060,76,68,8
60QA000061,77,55,22
60QA000062,60,52,8
60QA000063,65,50,15
60QA000064,93,79,14
60QA000065,96,82,14
60QA000066,78,68,10
60QA000067,68,61,7
60QA000068,65,55,10
60QA000069,104,70,34
60QA000070,48,36,12
60QA000071,64,55,9
60QA000072,59,49,10
60QA000073,73,52,21
60QA000074,89,63,26
60QA000075,59,49,10
60QA000076,151,93,58
60QA000077,56,44,12
60QA000078,118,87,31
60QA000079,46,30,16
60QA000080,85,55,30
60QA000081,55,36,19
60QA000082,178,89,89
60QA000083,82,64,18
60QA000084,76,48,28
60QA000085,93,56,37
60QA000086,88,60,28
60QA000087,113,83,30
60QA000088,128,93,35
60QA000089,73,56,17
60QA000090,70,57,13
60QA000091,77,56,21
60QA000092,58,52,6
60QA000093,88,63,25
60QA000094,66,52,14
60QA000095,58,48,10
60QA000096,100,83,17
60QA000097,78,63,15
60QA000098,71,56,15
60QA000099,87,63,24
60QA000100,55,38,17
60QA000101,54,41,13
60QA000102,65,52,13
60QA000103,68,52,16
60QA000104,64,46,18
60QA000105,50,37,13
60QA000106,67,51,16
60QA000107,70,52,18
60QA000108,98,83,15
60QA000109,59,53,6
60QA000110,102,60,42
60QA000111,69,54,15
60QA000112,43,22,21
60QA000113,39,27,12
60QA000114,57,35,22
60QA000115,54,23,31
60QA000116,65,22,43
60QA000117,84,53,31
60QA000118,82,57,25
60QA000119,76,45,31
60QA000120,74,51,23
60QA000121,100,57,43
60QA000122,75,46,29
60QA000123,83,65,18
60QA000124,92,64,28
60QA000125,91,50,41
60QA000126,89,60,29
60QA000127,98,63,35
60QA000128,72,39,33
60QA000129,80,56,24
60QA000130,67,46,21
60QA000131,107,79,28
60QA000132,70,37,33
60QA000133,84,49,35
60QA000134,52,32,20
60QA000135,45,25,20
60QA000136,70,61,9
60QA000137,68,62,6
60QA000138,89,70,19
60QA000139,88,75,13
60QA000140,63,44,19
60QA000141,63,32,31
60QA000142,48,31,17
60QA000143,67,47,20
60QA000144,101,63,38
60QA000145,107,53,54
60QA000146,39,7,32
60QA000147,71,42,29
60QA000148,114,70,44
60QA000149,63,37,26
60QA000150,78,54,24
60QA000151,130,89,41
60QA000152,55,33,22
60QA000153,76,53,23
60QA000154,73,51,22
60QA000155,57,31,26
60QA000156,122,80,42
60QA000157,82,44,38
60QA000158,127,77,50
60QA000159,89,60,29
60QA000160,75,46,29
60QA000161,77,51,26
60QA000162,87,66,21
60QA000163,72,50,22
60QA000164,77,56,21
60QA000165,75,62,13
60QA000166,100,65,35
60QA000167,114,80,34
60QA000168,101,59,42
60QA000169,85,60,25
60QA000170,96,60,36
60QA000171,21,3,18
60QA000172,71,47,24
60QA000173,87,57,30
60QA000174,89,56,33
60QA000175,115,81,34
60QA000176,84,51,33
60QA000177,86,62,24
60QA000178,51,30,21
60QA000179,52,40,12
60QA000180,83,69,14
60QA000181,70,44,26
60QA000182,78,49,29
60QA000183,85,57,28
60QA000184,78,59,19
60QA000185,90,61,29
60QA000186,59,29,30
60QA000187,94,40,54
60QA000188,55,35,20
60QA000189,72,50,22
60QA000190,88,57,31
60QA000191,109,74,35
60QA000192,101,66,35
60QA000193,63,34,29
60QA000194,82,43,39
60QA000195,73,46,27
60QA000196,80,51,29
60QA000197,87,63,24
60QA000198,67,39,28
60QA000199,89,43,46
60QA000200,112,62,50
60QA000201,91,51,40
60QA000202,24,8,16
60QA000203,102,68,34
60QA000204,57,29,28
60QA000205,62,27,35
60QA000206,48,24,24
60QA000207,43,30,13
60QA000208,122,79,43
60QA000209,98,60,38
60QA000210,75,50,25
60QA000211,95,59,36
60QA000212,121,73,48
60QA000213,135,79,56
60QA000214,117,78,39
60QA000215,79,50,29
60QA000216,94,68,26
60QA000217,85,64,21
60QA000218,86,68,18
60QA000219,105,64,41
60QA000220,69,44,25
60QA000221,102,73,29
60QA000222,131,89,42
60QA000223,275,129,146
60QA000224,97,67,30
60QA000225,90,56,34
60QA000226,98,72,26
60QA000227,92,66,26
60QA000228,61,37,24
60QA000229,72,58,14
60QA000230,55,40,15
60QA000231,77,52,25
60QA000232,132,102,30
60QA000233,136,103,33
60QA000234,92,70,22
60QA000235,80,65,15
60QA000236,88,61,27
60QA000237,72,54,18
60QA000238,72,61,11
60QA000239,58,47,11
60QA000240,64,59,5
60QA000241,55,48,7
60QA000242,109,85,24
60QA000243,58,52,6
60QA000244,69,59,10
60QA000245,64,42,22
60QA000246,99,91,8
60QA000247,64,50,14
60QA000248,97,76,21
60QA000249,62,46,16
60QA000250,70,63,7
60QA000251,57,40,17
60QA000252,67,50,17
60QA000253,82,65,17
60QA000254,126,91,35
60QA000255,105,90,15
60QA000256,106,85,21
60QA000257,71,60,11
60QA000258,75,59,16
60QA000259,80,52,28
60QA000260,65,58,7
60QA000261,160,125,35
60QA000262,82,66,16
60QA000263,81,61,20
60QA000264,76,64,12
60QA000265,108,81,27
60QA000266,87,58,29
60QA000267,79,61,18
60QA000268,130,104,26
60QA000269,125,88,37
60QA000270,98,66,32
60QA000271,89,63,26
60QA000272,61,29,32
60QA000273,55,37,18
60QA000274,120,82,38
60QA000275,112,73,39
60QA000276,124,95,29
60QA000277,103,67,36
60QA000278,83,62,21
60QA000279,97,69,28
60QA000280,96,58,38
60QA000281,86,71,15
60QA000282,83,69,14
60QA000283,83,60,23
60QA000284,72,50,22
60QA000285,48,36,12
60QA000286,114,95,19
60QA000287,121,96,25
60QA000288,69,61,8
60QA000289,53,44,9
60QA000290,105,86,19
60QA000291,79,65,14
60QA000292,93,73,20
60QA000293,62,55,7
60QA000294,101,92,9
60QA000295,70,65,5
60QA000296,99,82,17
60QA000297,71,54,17
60QA000298,52,39,13
60QA000299,72,58,14
60QA000300,120,103,17
60QA000301,9,1,8
60QA000302,50,35,15
60QA000303,137,99,38
60QA000304,15,4,11
60QA000305,57,42,15
60QA000306,58,48,10
60QA000307,59,36,23
60QA000308,43,29,14
60QA000309,137,99,38
60QA000310,105,76,29
60QA000311,91,73,18
60QA000312,52,18,34
60QA000313,96,53,43
60QA000314,96,60,36
60QA000315,98,52,46
60QA000316,74,48,26
60QA000317,68,45,23
60QA000318,110,74,36
60QA000319,128,99,29
60QA000320,138,80,58
60QA000321,122,85,37
60QA000322,69,38,31
60QA000323,78,43,35
60QA000324,46,22,24
60QA000325,80,53,27
60QA000326,91,61,30
60QA000327,86,57,29
60QA000328,142,98,44
60QA000329,131,77,54
60QA000330,39,24,15
60QA000331,88,49,39
60QA000332,63,34,29
60QA000333,45,29,16
60QA000334,100,65,35
60QA000335,118,66,52
60QA000336,88,53,35
60QA000337,89,66,23
60QA000338,106,62,44
60QA000339,101,83,18
60QA000340,83,62,21
60QA000341,81,49,32
60QA000342,75,56,19
60QA000343,82,49,33
60QA000344,114,84,30
60QA000345,82,53,29
60QA000346,74,42,32
60QA000347,78,43,35
60QA000348,52,22,30
60QA000349,71,38,33
60QA000350,76,54,22
60QA000351,91,64,27
60QA000352,76,49,27
60QA000353,81,49,32
60QA000354,72,44,28
60QA000355,72,42,30
60QA000356,117,69,48
60QA000357,132,98,34
60QA000358,113,70,43
60QA000359,115,85,30
60QA000360,72,48,24
60QA000361,55,36,19
60QA000362,75,52,23
60QA000363,119,72,47
60QA000364,117,57,60
60QA000365,91,49,42
60QA000366,40,22,18
60QA000367,53,39,14
60QA000368,39,19,20
60QA000369,68,52,16
60QA000370,113,81,32
60QA000371,78,56,22
60QA000372,76,50,26
60QA000373,72,47,25
60QA000374,81,61,20
60QA000375,58,39,19
60QA000376,112,69,43
60QA000377,93,67,26
60QA000378,66,36,30
60QA000379,114,77,37
60QA000380,52,45,7
60QA000381,81,56,25
60QA000382,70,44,26
60QA000383,108,62,46
60QA000384,83,44,39
60QA000385,98,64,34
60QA000386,104,77,27
60QA000387,73,56,17
60QA000388,90,75,15
60QA000389,79,55,24
60QA000390,74,43,31
60QA000391,129,107,22
60QA000392,75,27,48
60QA000393,96,61,35
60QA000394,53,33,20
60QA000395,125,94,31
60QA000396,99,47,52
60QA000397,109,54,55
60QA000398,65,35,30
60QA000399,80,46,34
60QA000400,141,95,46
60QA000401,124,83,41
60QA000402,86,48,38
60QA000403,101,60,41
60QA000404,97,66,31
60QA000405,125,77,48
60QA000406,74,48,26
60QA000407,145,83,62
60QA000408,135,83,52
60QA000409,134,82,52
60QA000410,79,47,32
60QA000411,62,35,27
60QA000412,68,28,40
60QA000413,51,24,27
60QA000414,57,26,31
60QA000415,46,15,31
60QA000416,98,61,37
60QA000417,49,22,27
60QA000418,75,48,27
60QA000419,100,64,36
60QA000420,19,4,15
60QA000421,69,47,22
60QA000422,60,35,25
60QA000423,66,42,24
60QA000424,72,49,23
60QA000425,82,46,36
60QA000426,85,57,28
60QA000427,117,84,33
60QA000428,85,41,44
60QA000429,96,79,17
60QA000430,82,56,26
60QA000431,90,70,20
60QA000432,74,52,22
60QA000433,163,81,82
60QA000434,142,99,43
60QA000435,47,34,13
60QA000436,78,54,24
60QA000437,113,85,28
60QA000438,95,66,29
60QA000439,103,66,37
60QA000440,74,46,28
60QA000441,93,66,27
60QA000442,107,77,30
60QA000443,78,55,23
60QA000444,124,87,37
60QA000445,97,63,34
60QA000446,152,51,101
60QA000447,79,59,20
60QA000448,99,49,50
60QA000449,75,51,24
60QA000450,49,32,17
60QA000451,45,29,16
60QA000452,36,22,14
60QA000453,53,34,19
60QA000454,100,55,45
60QA000455,91,53,38
60QA000456,104,71,33
60QA000457,113,70,43
60QA000458,81,53,28
60QA000459,44,30,14
60QA000460,58,34,24
60QA000461,100,71,29
60QA000462,63,49,14
60QA000463,71,50,21
60QA000464,79,56,23
60QA000465,58,30,28
60QA000466,50,31,19
60QA000467,35,11,24
60QA000468,84,59,25
60QA000469,60,25,35
60QA000470,59,28,31
60QA000471,96,48,48
60QA000472,71,49,22
60QA000473,55,44,11
60QA000474,72,54,18
60QA000475,36,11,25
60QA000476,91,56,35
60QA000477,61,40,21
60QA000478,88,60,28
60QA000479,128,98,30
60QA000480,68,54,14
60QA000481,110,68,42
60QA000482,62,47,15
60QA000483,99,55,44
60QA000484,94,51,43
60QA000485,58,41,17
60QA000486,53,38,15
60QA000487,84,65,19
60QA000488,89,53,36
60QA000489,64,38,26
60QA000490,58,43,15
60QA000491,71,55,16
60QA000492,87,73,14
60QA000493,51,22,29
60QA000494,59,41,18
60QA000495,74,18,56
60QA000496,45,13,32
60QA000497,95,31,64
60QA000498,179,81,98
60QA000499,108,71,37
60QA000500,110,59,51
60QA000501,59,15,44
60QA000502,49,12,37
60QA000503,63,25,38
60QA000504,45,19,26
60QA000505,61,25,36
60QA000506,163,87,76
60QA000507,97,65,32
60QA000508,61,32,29
60QA000509,77,38,39
60QA000510,103,64,39
60QA000511,97,61,36
60QA000512,28,5,23
60QA000513,29,2,27
60QA000514,30,6,24
60QA000515,69,40,29
60QA000516,67,40,27
60QA000517,87,57,30
60QA000518,94,56,38
60QA000519,92,57,35
60QA000520,102,74,28
60QA000521,54,30,24
60QA000522,157,60,97
60QA000523,314,94,220
60QA000524,50,25,25
60QA000525,107,57,50
60QA000526,97,65,32
60QA000527,66,51,15
60QA000528,92,57,35
60QA000529,93,59,34
60QA000530,75,47,28
60QA000531,77,45,32
60QA000532,56,32,24
60QA000533,59,17,42
60QA000534,50,27,23
60QA000535,92,50,42
60QA000536,91,47,44
60QA000537,108,74,34
60QA000538,93,59,34
60QA000539,50,27,23
60QA000540,97,49,48
60QA000541,65,37,28
60QA000542,95,49,46
60QA000543,53,37,16
60QA000544,66,38,28
60QA000545,67,31,36
60QA000546,61,36,25
60QA000547,63,40,23
60QA000548,110,103,7
60QA000549,70,36,34
60QA000550,47,25,22
60QA000551,30,4,26
60QA000552,72,49,23
60QA000553,106,64,42
60QA000554,101,65,36
60QA000555,72,40,32
60QA000556,71,49,22
60QA000557,65,25,40
60QA000558,52,45,7
60QA000559,57,46,11
60QA000560,46,29,17
60QA000561,110,81,29
60QA000562,66,49,17
60QA000563,114,74,40
60QA000564,55,51,4
60QA000565,101,64,37
60QA000566,77,58,19
60QA000567,66,43,23
60QA000568,70,41,29
60QA000569,61,39,22
60QA000570,70,48,22
60QA000571,120,76,44
60QA000572,122,67,55
60QA000573,79,49,30
60QA000574,103,51,52
60QA000575,71,36,35
60QA000576,97,48,49
60QA000577,107,78,29
60QA000578,65,46,19
60QA000579,70,45,25
60QA000580,66,45,21
60QA000581,62,33,29
60QA000582,98,71,27
60QA000583,60,32,28
60QA000584,51,24,27
60QA000585,58,33,25
60QA000586,53,33,20
60QA000587,48,26,22
60QA000588,77,44,33
60QA000589,60,39,21
60QA000590,51,16,35
60QA000591,58,42,16
60QA000592,89,63,26
60QA000593,92,64,28
60QA000594,82,56,26
60QA000595,90,62,28
60QA000596,77,44,33
60QA000597,61,36,25
60QA000598,111,70,41
60QA000599,155,95,60
60QA000600,73,57,16
60QA000601,45,34,11
60QA000602,41,19,22
60QA000603,49,37,12
60QA000604,45,26,19
60QA000605,36,25,11
60QA000606,68,52,16
60QA000607,64,44,20
60QA000608,59,37,22
60QA000609,59,34,25
60QA000610,48,28,20
60QA000611,157,100,57
60QA000612,115,73,42
60QA000613,80,59,21
60QA000614,104,56,48
60QA000615,58,34,24
60QA000616,72,46,26
60QA000617,59,40,19
60QA000618,60,33,27
60QA000619,107,71,36
60QA000620,85,49,36
60QA000621,76,48,28
60QA000622,64,41,23
60QA000623,75,52,23
60QA000624,73,52,21
60QA000625,52,36,16
60QA000626,31,13,18
60QA000627,75,46,29
60QA000628,97,68,29
60QA000629,166,108,58
60QA000630,173,81,92
60QA000631,55,38,17
60QA000632,88,60,28
60QA000633,80,46,34
60QA000634,130,75,55
60QA000635,58,30,28
60QA000636,180,96,84
60QA000637,146,94,52
60QA000638,112,74,38
60QA000639,129,83,46
60QA000640,84,51,33
60QA000641,108,80,28
60QA000642,58,38,20
60QA000643,54,37,17
60QA000644,99,61,38
60QA000645,99,62,37
60QA000646,103,56,47
60QA000647,108,50,58
60QA000648,86,55,31
60QA000649,91,53,38
60QA000650,80,43,37
60QA000651,106,74,32
60QA000652,436,155,281
60QA000653,115,62,53
60QA000654,66,32,34
60QA000655,79,37,42
60QA000656,119,78,41
60QA000657,63,48,15
60QA000658,121,80,41
60QA000659,166,83,83
60QA000660,141,78,63
60QA000661,103,57,46
60QA000662,72,41,31
60QA000663,111,84,27
60QA000664,62,36,26
60QA000665,97,70,27
60QA000666,53,29,24
60QA000667,99,55,44
60QA000668,84,45,39
60QA000669,100,73,27
60QA000670,68,52,16
60QA000671,98,50,48
60QA000672,95,31,64
60QA000673,72,60,12
60QA000674,56,34,22
60QA000675,59,47,12
60QA000676,51,41,10
60QA000677,82,51,31
60QA000678,98,69,29
60QA000679,119,80,39
60QA000680,44,32,12
60QA000681,67,57,10
60QA000682,54,40,14
60QA000683,106,73,33
60QA000684,51,33,18
60QA000685,56,41,15
60QA000686,74,53,21
60QA000687,63,46,17
60QA000688,128,88,40
60QA000689,102,43,59
60QA000690,53,29,24
60QA000691,62,41,21
60QA000692,265,107,158
60QA000693,97,64,33
60QA000694,79,57,22
60QA000695,101,73,28
60QA000696,82,64,18
60QA000697,47,39,8
60QA000698,104,67,37
60QA000699,81,55,26
60QA000700,82,65,17
60QA000701,79,55,24
60QA000702,88,31,57
60QA000703,45,21,24
60QA000704,90,66,24
60QA000705,100,56,44
60QA000706,100,67,33
60QA000707,83,54,29
60QA000708,98,79,19
60QA000709,118,89,29
60QA000710,71,43,28
60QA000711,29,19,10
60QA000712,58,49,9
60QA000713,118,83,35
60QA000714,142,97,45
60QA000715,129,100,29
60QA000716,119,87,32
60QA000717,78,56,22
60QA000718,64,50,14
60QA000719,70,57,13
60QA000720,96,73,23
60QA000721,83,67,16
60QA000722,75,51,24
60QA000723,136,99,37
60QA000724,71,63,8
60QA000725,98,73,25
60QA000726,103,71,32
60QA000727,71,46,25
60QA000728,64,44,20
60QA000729,63,52,11
60QA000730,75,64,11
60QA000731,86,52,34
60QA000732,118,91,27
60QA000733,98,47,51
60QA000734,97,52,45
60QA000735,101,75,26
60QA000736,77,55,22
60QA000737,98,69,29
60QA000738,118,85,33
60QA000739,72,59,13
60QA000740,84,67,17
60QA000741,103,86,17
60QA000742,76,57,19
60QA000743,73,59,14
60QA000744,95,67,28
60QA000745,85,68,17
60QA000746,50,39,11
60QA000747,56,47,9
60QA000748,80,72,8
60QA000749,82,51,31
60QA000750,144,108,36
60QA000751,76,55,21
60QA000752,49,35,14
60QA000753,87,71,16
60QA000754,88,71,17
60QA000755,98,68,30
60QA000756,105,77,28
60QA000757,79,58,21
60QA000758,66,50,16
60QA000759,67,52,15
60QA000760,38,34,4
60QA000761,77,65,12
60QA000762,74,65,9
60QA000763,85,72,13
60QA000764,107,79,28
60QA000765,61,56,5
60QA000766,78,63,15
60QA000767,90,68,22
60QA000768,68,59,9
60QA000769,113,73,40
60QA000770,46,19,27
60QA000771,62,48,14
60QA000772,82,65,17
60QA000773,85,73,12
60QA000774,24,2,22
60QA000775,81,60,21
60QA000776,100,58,42
60QA000777,71,51,20
60QA000778,76,53,23
60QA000779,70,58,12
60QA000780,97,71,26
60QA000781,238,112,126
60QA000782,47,26,21
60QA000783,53,39,14
60QA000784,116,89,27
60QA000785,101,65,36
60QA000786,104,78,26
60QA000787,101,81,20
60QA000788,83,69,14
60QA000789,127,94,33
60QA000790,106,84,22
60QA000791,66,28,38
60QA000792,127,79,48
60QA000793,59,34,25
60QA000794,112,74,38
60QA000795,67,41,26
60QA000796,77,51,26
60QA000797,71,49,22
60QA000798,65,42,23
60QA000799,73,31,42
60QA000800,57,34,23
60QA000801,61,43,18
60QA000802,87,58,29
60QA000803,115,81,34
60QA000804,42,19,23
60QA000805,71,37,34
60QA000806,88,56,32
60QA000807,106,69,37
60QA000808,60,45,15
60QA000809,124,78,46
60QA000810,89,53,36
60QA000811,102,67,35
60QA000812,85,61,24
60QA000813,58,28,30
60QA000814,123,78,45
60QA000815,128,86,42
60QA000816,88,57,31
60QA000817,89,76,13
60QA000818,84,54,30
60QA000819,82,59,23
60QA000820,105,66,39
60QA000821,73,50,23
60QA000822,111,70,41
60QA000823,77,48,29
60QA000824,76,40,36
60QA000825,129,74,55
60QA000826,120,76,44
60QA000827,106,58,48
60QA000828,65,43,22
60QA000829,61,44,17
60QA000830,81,51,30
60QA000831,75,56,19
60QA000832,91,63,28
60QA000833,83,57,26
60QA000834,118,86,32
60QA000835,58,41,17
60QA000836,153,123,30
60QA000837,103,76,27
60QA000838,87,39,48
60QA000839,67,40,27
60QA000840,57,19,38
60QA000841,82,42,40
60QA000842,44,10,34
60QA000843,103,49,54
60QA000844,128,84,44
60QA000845,93,58,35
60QA000846,86,54,32
60QA000847,69,43,26
60QA000848,69,52,17
60QA000849,54,37,17
60QA000850,100,55,45
60QA000851,111,69,42
60QA000852,111,78,33
60QA000853,105,74,31
60QA000854,54,27,27
60QA000855,82,55,27
60QA000856,55,27,28
60QA000857,72,50,22
60QA000858,35,15,20
60QA000859,94,66,28
60QA000860,72,47,25
60QA000861,111,74,37
60QA000862,131,70,61
60QA000863,125,81,44
60QA000864,116,77,39
60QA000865,85,69,16
60QA000866,85,56,29
60QA000867,90,43,47
60QA000868,108,72,36
60QA000869,115,71,44
60QA000870,148,93,55
60QA000871,92,64,28
60QA000872,76,36,40
60QA000873,181,125,56
60QA000874,77,46,31
60QA000875,73,34,39
60QA000876,69,42,27
60QA000877,61,43,18
60QA000878,46,24,22
60QA000879,215,50,165
60QA000880,85,42,43
60QA000881,94,66,28
60QA000882,67,50,17
60QA000883,65,42,23
60QA000884,82,44,38
60QA000885,104,67,37
60QA000886,90,63,27
60QA000887,91,60,31
60QA000888,74,59,15
60QA000889,129,86,43
60QA000890,131,89,42
60QA000891,83,61,22
60QA000892,106,68,38
60QA000893,69,38,31
60QA000894,78,46,32
60QA000895,41,18,23
60QA000896,119,80,39
60QA000897,128,80,48
60QA000898,119,74,45
60QA000899,63,31,32
60QA000900,66,46,20
60QA000901,70,40,30
60QA000902,80,40,40
60QA000903,86,63,23
60QA000904,59,38,21
60QA000905,109,72,37
60QA000906,73,39,34
60QA000907,68,36,32
60QA000908,76,51,25
60QA000909,59,42,17
60QA000910,72,43,29
60QA000911,78,53,25
60QA000912,65,46,19
60QA000913,91,60,31
60QA000914,89,64,25
60QA000915,67,42,25
60QA000916,67,38,29
60QA000917,102,70,32
60QA000918,71,44,27
60QA000919,60,40,20
60QA000920,93,56,37
60QA000921,50,32,18
60QA000922,58,33,25
60QA000923,80,51,29
60QA000924,105,53,52
60QA000925,76,42,34
60QA000926,83,58,25
60QA000927,47,28,19
60QA000928,78,49,29
60QA000929,36,11,25
60QA000930,192,83,109
60QA000931,71,36,35
60QA000932,98,82,16
60QA000933,95,60,35
60QA000934,91,51,40
60QA000935,70,49,21
60QA000936,103,77,26
60QA000937,52,23,29
60QA000938,101,67,34
60QA000939,169,125,44
60QA000940,26,5,21
60QA000941,99,79,20
60QA000942,102,83,19
60QA000943,93,54,39
60QA000944,79,63,16
60QA000945,75,58,17
60QA000946,45,19,26
60QA000947,61,38,23
60QA000948,49,10,39
60QA000949,146,91,55
60QA000950,128,88,40
60QA000951,100,67,33
60QA000952,69,50,19
60QA000953,76,40,36
60QA000954,87,55,32
60QA000955,125,73,52
60QA000956,72,45,27
60QA000957,91,51,40
60QA000958,83,51,32
60QA000959,99,62,37
60QA000960,86,56,30
60QA000961,78,53,25
60QA000962,121,71,50
60QA000963,84,49,35
60QA000964,87,52,35
60QA000965,16,1,15
60QA000966,69,37,32
60QA000967,55,34,21
60QA000968,73,46,27
60QA000969,88,55,33
60QA000970,70,35,35
60QA000971,75,43,32
60QA000972,93,58,35
60QA000973,96,63,33
60QA000974,69,38,31
60QA000975,93,71,22
60QA000976,127,105,22
60QA000977,141,92,49
60QA000978,55,38,17
60QA000979,40,19,21
60QA000980,93,49,44
60QA000981,97,66,31
60QA000982,72,49,23
60QA000983,81,44,37
60QA000984,57,32,25
60QA000985,83,54,29
60QA000986,81,49,32
60QA000987,102,68,34
60QA000988,46,29,17
60QA000989,68,23,45
60QA000990,135,95,40
60QA000991,67,36,31
60QA000992,72,44,28
60QA000993,81,52,29
60QA000994,105,72,33
60QA000995,96,60,36
60QA000996,84,56,28
60QA000997,104,71,33
60QA000998,67,41,26
60QA000999,73,48,25
60QA001000,89,66,23
60QA001001,111,70,41
60QA001002,92,55,37
60QA001003,121,95,26
60QA001004,91,68,23
60QA001005,52,29,23
60QA001006,109,75,34
60QA001007,112,75,37
60QA001008,72,52,20
60QA001009,95,62,33
60QA001010,78,50,28
60QA001011,63,42,21
60QA001012,76,44,32
60QA001013,110,66,44
60QA001014,98,65,33
60QA001015,91,51,40
60QA001016,97,59,38
60QA001017,106,70,36
60QA001018,86,38,48
60QA001019,99,71,28
60QA001020,92,54,38
60QA001021,88,52,36
60QA001022,105,68,37
60QA001023,54,33,21
60QA001024,57,22,35
60QA001025,78,49,29
60QA001026,78,54,24
60QA001027,105,69,36
60QA001028,36,14,22
60QA001029,82,48,34
60QA001030,115,65,50
60QA001031,90,49,41
60QA001032,72,38,34
60QA001033,67,43,24
60QA001034,98,51,47
60QA001035,104,53,51
60QA001036,112,73,39
60QA001037,32,4,28
60QA001038,116,65,51
60QA001039,89,72,17
60QA001040,84,63,21
60QA001041,79,40,39
60QA001042,76,41,35
60QA001043,124,86,38
60QA001044,45,26,19
60QA001045,41,29,12
60QA001046,94,78,16
60QA001047,83,60,23
60QA001048,105,74,31
60QA001049,179,133,46
60QA001050,107,95,12
60QA001051,118,111,7
60QA001052,105,91,14
60QA001053,112,81,31
60QA001054,142,100,42
60QA001055,83,73,10
60QA001056,79,72,7
60QA001057,140,95,45
60QA001058,115,94,21
60QA001059,91,68,23
60QA001060,94,74,20
60QA001061,78,59,19
60QA001062,68,48,20
60QA001063,133,98,35
60QA001064,108,81,27
60QA001065,98,77,21
60QA001066,88,60,28
60QA001067,82,57,25
60QA001068,78,54,24
60QA001069,45,37,8
60QA001070,155,125,30
60QA001071,55,38,17
60QA001072,37,19,18
60QA001073,111,89,22
60QA001074,130,108,22
60QA001075,86,64,22
60QA001076,73,53,20
60QA001077,63,39,24
60QA001078,137,90,47
60QA001079,145,117,28
60QA001080,152,123,29
60QA001081,103,83,20
60QA001082,74,54,20
60QA001083,98,75,23
60QA001084,74,53,21
60QA001085,140,106,34
60QA001086,118,95,23
60QA001087,134,114,20
60QA001088,102,87,15
60QA001089,128,112,16
60QA001090,66,51,15
60QA001091,166,143,23
60QA001092,102,71,31
60QA001093,110,90,20
60QA001094,90,64,26
60QA001095,122,108,14
60QA001096,124,95,29
60QA001097,163,131,32
60QA001098,181,161,20
60QA001099,135,120,15
60QA001100,187,149,38
60QA001101,112,93,19
60QA001102,97,84,13
60QA001103,66,43,23
60QA001104,36,7,29
60QA001105,95,53,42
60QA001106,134,97,37
60QA001107,90,76,14
60QA001108,132,95,37
60QA001109,109,75,34
60QA001110,130,109,21
60QA001111,132,101,31
60QA001112,150,134,16
60QA001113,112,93,19
60QA001114,111,94,17
60QA001115,106,95,11
60QA001116,90,83,7
60QA001117,95,85,10
60QA001118,110,95,15
60QA001119,99,86,13
60QA001120,58,53,5
60QA001121,86,48,38
60QA001122,70,51,19
60QA001123,80,50,30
60QA001124,98,68,30
60QA001125,68,31,37
60QA001126,68,44,24
60QA001127,61,44,17
60QA001128,121,83,38
60QA001129,67,37,30
60QA001130,65,35,30
60QA001131,90,67,23
60QA001132,94,63,31
60QA001133,91,68,23
60QA001134,90,59,31
60QA001135,132,82,50
60QA001136,79,56,23
60QA001137,112,54,58
60QA001138,89,51,38
60QA001139,85,47,38
60QA001140,107,70,37
60QA001141,76,50,26
60QA001142,118,102,16
60QA001143,109,77,32
60QA001144,78,63,15
60QA001145,80,75,5
60QA001146,83,55,28
60QA001147,84,54,30
60QA001148,86,56,30
60QA001149,160,114,46
60QA001150,103,78,25
60QA001151,132,87,45
60QA001152,117,77,40
60QA001153,48,33,15
60QA001154,97,65,32
60QA001155,123,71,52
60QA001156,97,51,46
60QA001157,115,79,36
60QA001158,97,54,43
60QA001159,109,84,25
60QA001160,118,103,15
60QA001161,73,61,12
60QA001162,70,55,15
60QA001163,95,49,46
60QA001164,103,69,34
60QA001165,64,52,12
60QA001166,107,65,42
60QA001167,104,72,32
60QA001168,86,53,33
60QA001169,93,59,34
60QA001170,72,48,24
60QA001171,105,78,27
60QA001172,73,54,19
60QA001173,90,61,29
60QA001174,96,69,27
60QA001175,71,52,19
60QA001176,84,55,29
60QA001177,50,36,14
60QA001178,91,80,11
60QA001179,67,52,15
60QA001180,98,58,40
60QA001181,71,38,33
60QA001182,72,46,26
60QA001183,84,58,26
60QA001184,92,63,29
60QA001185,92,68,24
60QA001186,76,63,13
60QA001187,64,62,2
60QA001188,46,28,18
60QA001189,52,30,22
60QA001190,91,62,29
60QA001191,115,86,29
60QA001192,85,62,23
60QA001193,85,75,10
60QA001194,94,71,23
60QA001195,95,61,34
60QA001196,112,85,27
60QA001197,125,97,28
60QA001198,112,88,24
60QA001199,138,103,35
60QA001200,156,116,40
60QA001201,164,131,33
60QA001202,157,132,25
60QA001203,158,126,32
60QA001204,138,119,19
60QA001205,72,60,12
60QA001206,85,75,10
60QA001207,90,67,23
60QA001208,122,95,27
60QA001209,122,104,18
60QA001210,79,53,26
60QA001211,67,39,28
60QA001212,70,62,8
60QA001213,105,80,25
60QA001214,103,76,27
60QA001215,106,82,24
60QA001216,132,113,19
60QA001217,68,55,13
60QA001218,85,75,10
60QA001219,149,111,38
60QA001220,47,22,25
60QA001221,103,93,10
60QA001222,49,29,20
60QA001223,169,146,23
60QA001224,121,97,24
60QA001225,113,103,10
60QA001226,137,130,7
60QA001227,176,134,42
60QA001228,119,83,36
60QA001229,94,69,25
60QA001230,161,117,44
60QA001231,135,101,34
60QA001232,131,118,13
60QA001233,161,118,43
60QA001234,158,119,39
60QA001235,139,100,39
60QA001236,119,76,43
60QA001237,84,61,23
60QA001238,85,63,22
60QA001239,50,37,13
60QA001240,82,55,27
60QA001241,143,113,30
60QA001242,73,56,17
60QA001243,74,51,23
60QA001244,128,97,31
60QA001245,106,84,22
60QA001246,89,57,32
60QA001247,107,70,37
60QA001248,86,55,31
60QA001249,111,91,20
60QA001250,93,79,14
60QA001251,71,42,29
60QA001252,80,62,18
60QA001253,77,62,15
60QA001254,105,74,31
60QA001255,109,71,38
60QA001256,74,67,7
60QA001257,54,43,11
60QA001258,66,43,23
60QA001259,65,49,16
60QA001260,91,57,34
60QA001261,97,67,30
60QA001262,103,67,36
60QA001263,94,58,36
60QA001264,97,55,42
60QA001265,54,32,22
60QA001266,91,55,36
60QA001267,83,53,30
60QA001268,147,83,64
60QA001269,88,52,36
60QA001270,94,51,43
60QA001271,101,63,38
60QA001272,139,90,49
60QA001273,120,78,42
60QA001274,120,88,32
60QA001275,101,64,37
60QA001276,94,71,23
60QA001277,95,69,26
60QA001278,94,70,24
60QA001279,79,49,30
60QA001280,128,92,36
60QA001281,103,70,33
60QA001282,54,48,6
60QA001283,148,94,54
60QA001284,152,104,48
60QA001285,151,99,52
60QA001286,68,38,30
60QA001287,53,39,14
60QA001288,98,66,32
60QA001289,94,69,25
60QA001290,71,58,13
60QA001291,53,24,29
60QA001292,70,48,22
60QA001293,77,37,40
60QA001294,42,38,4
60QA001295,49,39,10
60QA001296,60,36,24
60QA001297,54,29,25
60QA001298,98,77,21
60QA001299,93,62,31
60QA001300,94,54,40
60QA001301,52,35,17
60QA001302,63,41,22
60QA001303,82,34,48
60QA001304,125,88,37
60QA001305,40,25,15
60QA001306,36,26,10
60QA001307,80,60,20
60QA001308,52,38,14
60QA001309,51,42,9
60QA001310,78,49,29
60QA001311,64,53,11
60QA001312,48,34,14
60QA001313,77,47,30
60QA001314,53,22,31
60QA001315,94,39,55
60QA001316,59,30,29
60QA001317,53,40,13
60QA001318,91,66,25
60QA001319,56,40,16
60QA001320,162,140,22
60QA001321,42,26,16
60QA001322,79,61,18
60QA001323,168,143,25
60QA001324,110,90,20
60QA001325,51,39,12
60QA001326,64,50,14
60QA001327,77,62,15
60QA001328,130,82,48
60QA001329,30,21,9
60QA001330,50,33,17
60QA001331,81,57,24
60QA001332,39,28,11
60QA001333,45,32,13
60QA001334,34,20,14
60QA001335,114,78,36
60QA001336,94,76,18
60QA001337,59,36,23
60QA001338,53,48,5
60QA001339,42,32,10
60QA001340,115,83,32
60QA001341,52,38,14
60QA001342,107,90,17
60QA001343,66,47,19
60QA001344,67,54,13
60QA001345,73,48,25
60QA001346,62,43,19
60QA001347,67,43,24
60QA001348,39,25,14
60QA001349,45,28,17
60QA001350,63,52,11
60QA001351,49,42,7
60QA001352,120,84,36
60QA001353,53,43,10
60QA001354,82,53,29
60QA001355,93,71,22
60QA001356,161,119,42
60QA001357,96,58,38
60QA001358,97,66,31
60QA001359,141,85,56
60QA001360,70,47,23
60QA001361,56,46,10
60QA001362,54,47,7
60QA001363,48,32,16
60QA001364,123,75,48
60QA001365,114,84,30
60QA001366,83,56,27
60QA001367,88,59,29
60QA001368,103,74,29
60QA001369,68,52,16
60QA001370,117,99,18
60QA001371,60,54,6
60QA001372,63,48,15
60QA001373,65,41,24
60QA001374,89,63,26
60QA001375,125,93,32
60QA001376,82,59,23
60QA001377,58,35,23
60QA001378,47,35,12
60QA001379,106,70,36
60QA001380,86,52,34
60QA001381,92,63,29
60QA001382,226,114,112
60QA001383,53,34,19
60QA001384,91,51,40
60QA001385,63,50,13
60QA001386,52,30,22
60QA001387,150,103,47
60QA001388,67,47,20
60QA001389,45,29,16
60QA001390,68,49,19
60QA001391,41,31,10
60QA001392,46,32,14
60QA001393,61,43,18
60QA001394,53,38,15
60QA001395,125,94,31
60QA001396,79,59,20
60QA001397,52,39,13
60QA001398,59,37,22
60QA001399,89,56,33
60QA001400,61,39,22
60QA001401,53,15,38
60QA001402,108,43,65
60QA001403,92,62,30
60QA001404,91,57,34
60QA001405,79,57,22
60QA001406,61,38,23
60QA001407,50,34,16
60QA001408,54,37,17
60QA001409,47,35,12
60QA001410,120,90,30
60QA001411,40,25,15
60QA001412,40,18,22
60QA001413,51,29,22
60QA001414,47,28,19
60QA001415,89,46,43
60QA001416,46,33,13
60QA001417,104,58,46
60QA001418,57,23,34
60QA001419,51,33,18
60QA001420,113,76,37
60QA001421,44,26,18
60QA001422,64,45,19
60QA001423,97,79,18
60QA001424,68,43,25
60QA001425,59,33,26
60QA001426,73,45,28
60QA001427,89,53,36
60QA001428,62,40,22
60QA001429,71,49,22
60QA001430,61,33,28
60QA001431,72,48,24
60QA001432,79,53,26
60QA001433,81,48,33
60QA001434,42,8,34
60QA001435,31,9,22
60QA001436,62,40,22
60QA001437,53,27,26
60QA001438,69,46,23
60QA001439,72,48,24
60QA001440,60,42,18
60QA001441,67,19,48
60QA001442,56,23,33
60QA001443,78,55,23
60QA001444,57,45,12
60QA001445,90,58,32
60QA001446,38,28,10
60QA001447,52,21,31
60QA001448,63,27,36
60QA001449,76,47,29
60QA001450,69,44,25
60QA001451,45,33,12
60QA001452,207,176,31
60QA001453,84,70,14
60QA001454,83,68,15
60QA001455,147,135,12
60QA001456,104,87,17
60QA001457,79,69,10
60QA001458,62,54,8
60QA001459,60,40,20
60QA001460,129,105,24
60QA001461,96,75,21
60QA001462,84,64,20
60QA001463,129,108,21
60QA001464,48,37,11
60QA001465,124,99,25
60QA001466,74,59,15
60QA001467,70,48,22
60QA001468,58,46,12
60QA001469,84,36,48
60QA001470,85,46,39
60QA001471,78,55,23
60QA001472,70,57,13
60QA001473,158,89,69
60QA001474,72,24,48
60QA001475,97,55,42
60QA001476,102,76,26
60QA001477,603,204,399
60QA001478,90,62,28
60QA001479,74,60,14
60QA001480,78,48,30
60QA001481,114,83,31
60QA001482,97,53,44
60QA001483,67,35,32
60QA001484,98,54,44
60QA001485,112,68,44
60QA001486,67,33,34
60QA001487,49,26,23
60QA001488,171,56,115
60QA001489,86,52,34
60QA001490,115,75,40
60QA001491,85,44,41
60QA001492,23,4,19
60QA001493,49,38,11
60QA001494,102,71,31
60QA001495,92,67,25
60QA001496,103,84,19
60QA001497,54,35,19
60QA001498,108,84,24
60QA001499,102,74,28
60QA001500,62,27,35
60QA001501,73,54,19
60QA001502,85,72,13
60QA001503,81,71,10
60QA001504,87,68,19
60QA001505,71,61,10
60QA001506,44,38,6
60QA001507,110,82,28
60QA001508,49,47,2
60QA001509,72,62,10
60QA001510,83,66,17
60QA001511,102,88,14
60QA001512,73,65,8
60QA001513,54,42,12
60QA001514,82,71,11
60QA001515,62,54,8
60QA001516,106,94,12
60QA001517,85,56,29
60QA001518,75,61,14
60QA001519,74,49,25
60QA001520,132,90,42
60QA001521,113,78,35
60QA001522,120,87,33
60QA001523,128,94,34
60QA001524,90,79,11
60QA001525,103,90,13
60QA001526,64,60,4
60QA001527,70,58,12
60QA001528,85,70,15
60QA001529,61,30,31
60QA001530,85,71,14
60QA001531,83,73,10
60QA001532,53,45,8
60QA001533,77,60,17
60QA001534,65,59,6
60QA001535,104,92,12
60QA001536,56,38,18
60QA001537,56,23,33
60QA001538,54,29,25
60QA001539,73,25,48
60QA001540,199,131,68
60QA001541,87,71,16
60QA001542,90,60,30
60QA001543,93,65,28
60QA001544,63,42,21
60QA001545,89,54,35
60QA001546,70,50,20
60QA001547,73,51,22
60QA001548,81,45,36
60QA001549,72,48,24
60QA001550,65,23,42
60QA001551,109,76,33
60QA001552,49,33,16
60QA001553,123,87,36
60QA001554,51,35,16
60QA001555,82,62,20
60QA001556,55,31,24
60QA001557,75,48,27
60QA001558,82,52,30
60QA001559,106,87,19
60QA001560,67,49,18
60QA001561,50,42,8
60QA001562,59,54,5
60QA001563,66,50,16
60QA001564,105,88,17
60QA001565,67,60,7
60QA001566,86,83,3
60QA001567,42,32,10
60QA001568,72,63,9
60QA001569,68,53,15
60QA001570,96,80,16
60QA001571,56,38,18
60QA001572,78,65,13
60QA001573,127,95,32
60QA001574,117,105,12
60QA001575,98,77,21
60QA001576,87,67,20
60QA001577,77,66,11
60QA001578,92,66,26
60QA001579,83,57,26
60QA001580,56,38,18
60QA001581,117,94,23
60QA001582,51,40,11
60QA001583,55,48,7
60QA001584,92,60,32
60QA001585,137,100,37
60QA001586,55,21,34
60QA001587,71,49,22
60QA001588,127,89,38
60QA001589,71,45,26
60QA001590,54,41,13
60QA001591,70,44,26
60QA001592,112,48,64
60QA001593,58,26,32
60QA001594,100,72,28
60QA001595,59,40,19
60QA001596,102,72,30
60QA001597,99,68,31
60QA001598,61,38,23
60QA001599,64,43,21
60QA001600,139,71,68
60QA001601,63,48,15
60QA001602,74,61,13
60QA001603,47,38,9
60QA001604,72,53,19
60QA001605,156,94,62
60QA001606,90,62,28
60QA001607,117,72,45
60QA001608,136,93,43
60QA001609,128,88,40
60QA001610,109,64,45
60QA001611,79,49,30
60QA001612,91,59,32
60QA001613,78,68,10
60QA001614,81,69,12
60QA001615,96,73,23
60QA001616,105,61,44
60QA001617,74,65,9
60QA001618,72,53,19
60QA001619,45,38,7
60QA001620,75,66,9
60QA001621,76,50,26
60QA001622,111,76,35
60QA001623,69,49,20
60QA001624,68,56,12
60QA001625,69,52,17
60QA001626,50,25,25
60QA001627,124,100,24
60QA001628,67,46,21
60QA001629,192,121,71
60QA001630,161,96,65
60QA001631,101,50,51
60QA001632,61,28,33
60QA001633,72,42,30
60QA001634,81,55,26
60QA001635,59,41,18
60QA001636,894,304,590
60QA001637,81,48,33
60QA001638,55,40,15
60QA001639,76,45,31
60QA001640,95,62,33
60QA001641,56,32,24
60QA001642,76,42,34
60QA001643,92,74,18
60QA001644,79,58,21
60QA001645,68,52,16
60QA001646,67,49,18
60QA001647,102,61,41
60QA001648,96,71,25
60QA001649,69,37,32
60QA001650,59,42,17
60QA001651,147,103,44
60QA001652,110,64,46
60QA001653,75,54,21
60QA001654,104,77,27
60QA001655,45,27,18
60QA001656,62,46,16
60QA001657,61,37,24
60QA001658,70,61,9
60QA001659,78,57,21
60QA001660,79,48,31
60QA001661,65,40,25
60QA001662,80,68,12
60QA001663,84,43,41
60QA001664,123,85,38
60QA001665,93,62,31
60QA001666,46,38,8
60QA001667,86,49,37
60QA001668,61,40,21
60QA001669,85,63,22
60QA001670,84,63,21
60QA001671,85,61,24
60QA001672,55,43,12
60QA001673,109,87,22
60QA001674,83,67,16
60QA001675,79,56,23
60QA001676,74,50,24
60QA001677,77,42,35
60QA001678,67,60,7
60QA001679,84,64,20
60QA001680,60,44,16
60QA001681,76,60,16
60QA001682,130,113,17
60QA001683,123,82,41
60QA001684,45,29,16
60QA001685,85,68,17
60QA001686,78,51,27
60QA001687,139,95,44
60QA001688,124,98,26
60QA001689,128,112,16
60QA001690,86,44,42
60QA001691,69,52,17
60QA001692,51,39,12
60QA001693,129,96,33
60QA001694,59,40,19
60QA001695,86,60,26
60QA001696,144,110,34
60QA001697,43,24,19
60QA001698,30,6,24
60QA001699,86,55,31
60QA001700,43,15,28
60QA001701,81,47,34
60QA001702,69,41,28
60QA001703,69,36,33
60QA001704,59,33,26
60QA001705,61,40,21
60QA001706,80,65,15
60QA001707,36,7,29
60QA001708,111,82,29
60QA001709,98,79,19
60QA001710,108,81,27
60QA001711,53,25,28
60QA001712,61,25,36
60QA001713,88,64,24
60QA001714,55,37,18
60QA001715,85,61,24
60QA001716,66,51,15
60QA001717,63,45,18
60QA001718,127,88,39
60QA001719,87,64,23
60QA001720,149,104,45
60QA001721,49,27,22
60QA001722,111,72,39
60QA001723,48,26,22
60QA001724,71,60,11
60QA001725,78,65,13
60QA001726,126,88,38
60QA001727,108,84,24
60QA001728,92,83,9
60QA001729,51,48,3
60QA001730,102,81,21
60QA001731,140,127,13
60QA001732,153,130,23
60QA001733,42,29,13
60QA001734,70,47,23
60QA001735,22,4,18
60QA001736,297,233,64
60QA001737,111,85,26
60QA001738,76,59,17
60QA001739,144,129,15
60QA001740,109,93,16
60QA001741,132,117,15
60QA001742,123,109,14
60QA001743,111,97,14
60QA001744,194,165,29
60QA001745,94,68,26
60QA001746,119,92,27
60QA001747,61,57,4
60QA001748,98,85,13
60QA001749,74,67,7
60QA001750,106,71,35
60QA001751,45,26,19
60QA001752,54,43,11
60QA001753,78,69,9
60QA001754,92,74,18
60QA001755,62,42,20
60QA001756,104,67,37
60QA001757,63,22,41
60QA001758,96,61,35
60QA001759,44,27,17
60QA001760,122,110,12
60QA001761,11,1,10
60QA001762,74,67,7
60QA001763,99,93,6
60QA001764,145,130,15
60QA001765,81,69,12
60QA001766,95,87,8
60QA001767,100,90,10
60QA001768,97,81,16
60QA001769,92,85,7
60QA001770,95,85,10
60QA001771,103,78,25
60QA001772,87,72,15
60QA001773,179,155,24
60QA001774,119,95,24
60QA001775,74,59,15
60QA001776,167,152,15
60QA001777,45,44,1
60QA001778,44,38,6
60QA001779,111,95,16
60QA001780,128,117,11
60QA001781,101,88,13
60QA001782,102,90,12
60QA001783,132,113,19
60QA001784,108,93,15
60QA001785,67,65,2
60QA001786,99,83,16
60QA001787,105,80,25
60QA001788,88,74,14
60QA001789,44,35,9
60QA001790,79,73,6
60QA001791,81,70,11
60QA001792,78,74,4
60QA001793,187,161,26
60QA001794,56,34,22
60QA001795,79,50,29
60QA001796,86,47,39
60QA001797,56,37,19
60QA001798,60,48,12
60QA001799,121,86,35
60QA001800,167,126,41
60QA001801,138,99,39
60QA001802,107,83,24
60QA001803,130,103,27
60QA001804,100,73,27
60QA001805,80,54,26
60QA001806,65,55,10
60QA001807,114,80,34
60QA001808,67,47,20
60QA001809,148,100,48
60QA001810,59,41,18
60QA001811,73,46,27
60QA001812,81,53,28
60QA001813,59,37,22
60QA001814,105,79,26
60QA001815,70,41,29
60QA001816,64,55,9
60QA001817,115,92,23
60QA001818,108,77,31
60QA001819,57,39,18
60QA001820,65,50,15
60QA001821,176,147,29
60QA001822,88,69,19
60QA001823,71,53,18
60QA001824,154,125,29
60QA001825,115,96,19
60QA001826,97,89,8
60QA001827,98,88,10
60QA001828,90,82,8
60QA001829,61,57,4
60QA001830,139,122,17
60QA001831,82,71,11
60QA001832,140,103,37
60QA001833,67,50,17
60QA001834,60,51,9
60QA001835,94,77,17
60QA001836,77,62,15
60QA001837,100,94,6
60QA001838,92,81,11
60QA001839,111,55,56
60QA001840,156,118,38
60QA001841,85,65,20
60QA001842,69,51,18
60QA001843,72,59,13
60QA001844,96,80,16
60QA001845,110,81,29
60QA001846,97,83,14
60QA001847,123,114,9
60QA001848,93,86,7
60QA001849,119,104,15
60QA001850,87,79,8
60QA001851,109,89,20
60QA001852,116,106,10
60QA001853,114,77,37
60QA001854,97,74,23
60QA001855,52,35,17
60QA001856,101,80,21
60QA001857,56,48,8
60QA001858,91,66,25
60QA001859,131,82,49
60QA001860,107,75,32
60QA001861,61,44,17
60QB000001,81,53,28
60QB000002,111,81,30
60QB000003,109,77,32
60QB000004,93,52,41
60QB000005,116,78,38
60QB000006,92,53,39
60QB000007,91,71,20
60QB000008,137,104,33
60QB000009,160,113,47
60QB000010,134,99,35
60QB000011,111,75,36
60QB000012,147,104,43
60QB000013,114,82,32
60QB000014,43,30,13
60QB000015,52,27,25
60QB000016,73,53,20
60QB000017,88,63,25
60QB000018,84,64,20
60QB000019,131,81,50
60QB000020,61,39,22
60QB000021,71,47,24
60QB000022,153,107,46
60QB000023,44,38,6
60QB000024,128,99,29
60QB000025,129,92,37
60QB000026,126,87,39
60QB000027,143,92,51
60QB000028,43,33,10
60QB000029,111,78,33
60QB000030,114,79,35
60QB000031,162,113,49
60QB000032,110,67,43
60QB000033,47,30,17
60QB000034,126,85,41
60QB000035,120,95,25
60QB000036,110,77,33
60QB000037,133,80,53
60QB000038,105,80,25
60QB000039,134,86,48
60QB000040,155,119,36
60QB000041,71,52,19
60QB000042,144,110,34
60QB000043,87,52,35
60QB000044,155,105,50
60QB000045,75,51,24
60QB000046,115,84,31
60QB000047,75,50,25
60QB000048,122,87,35
60QB000049,56,39,17
60QB000050,65,51,14
60QB000051,70,52,18
60QB000052,75,58,17
60QB000053,56,50,6
60QB000054,107,74,33
60QB000055,117,82,35
60QB000056,62,49,13
60QB000057,164,110,54
60QB000058,105,80,25
60QB000059,86,49,37
60QB000060,83,51,32
60QB000061,84,58,26
60QB000062,112,89,23
60QB000063,161,133,28
60QB000064,93,58,35
60QB000065,129,94,35
60QB000066,100,69,31
60QB000067,62,37,25
60QB000068,128,94,34
60QB000069,115,84,31
60QB000070,154,113,41
60QB000071,116,104,12
60QB000072,92,62,30
60QB000073,123,91,32
60QB000074,104,67,37
60QB000075,133,86,47
60QB000076,83,67,16
60QB000077,91,71,20
60QB000078,51,36,15
60QB000079,89,60,29
60QB000080,92,59,33
60QB000081,137,101,36
60QB000082,81,51,30
60QB000083,135,96,39
60QB000084,43,37,6
60QB000085,121,100,21
60QB000086,98,79,19
60QB000087,79,57,22
60QB000088,81,57,24
60QB000089,144,108,36
60QB000090,99,72,27
60QB000091,111,78,33
60QB000092,167,113,54
60QB000093,43,26,17
60QB000094,80,54,26
60QB000095,87,55,32
60QB000096,107,80,27
60QB000097,52,47,5
60QB000098,55,44,11
60QB000099,131,93,38
60QB000100,45,38,7
60QB000101,55,41,14
60QB000102,66,44,22
60QB000103,122,96,26
60QB000104,124,102,22
60QB000105,94,74,20
60QB000106,50,38,12
60QB000107,47,26,21
60QB000108,49,41,8
60QB000109,45,31,14
60QB000110,71,58,13
60QB000111,136,90,46
60QB000112,135,112,23
60QB000113,144,103,41
60QB000114,149,108,41
60QB000115,69,51,18
60QB000116,115,92,23
60QB000117,58,46,12
60QB000118,50,41,9
60QB000119,67,51,16
60QB000120,98,77,21
60QB000121,86,65,21
60QB000122,73,62,11
60QB000123,44,33,11
60QB000124,71,56,15
60QB000125,90,68,22
60QB000126,102,72,30
60QB000127,107,92,15
60QB000128,100,78,22
60QB000129,74,54,20
60QB000130,60,50,10
60QB000131,97,78,19
60QB000132,157,119,38
60QB000133,132,102,30
60QB000134,118,75,43
60QB000135,116,89,27
60QB000136,62,50,12
60QB000137,55,35,20
60QB000138,77,50,27
60QB000139,124,69,55
60QB000140,127,101,26
60QB000141,85,69,16
60QB000142,167,124,43
60QB000143,85,59,26
60QB000144,142,109,33
60QB000145,121,80,41
60QB000146,70,48,22
60QB000147,37,28,9
60QB000148,101,81,20
60QB000149,47,34,13
60QB000150,90,68,22
60QB000151,76,61,15
60QB000152,108,82,26
60QB000153,115,87,28
60QB000154,141,107,34
60QB000155,88,57,31
60QB000156,96,71,25
60QB000157,93,73,20
60QB000158,80,56,24
60QB000159,118,93,25
60QB000160,143,116,27
60QB000161,70,59,11
60QB000162,87,71,16
60QB000163,107,82,25
60QB000164,145,117,28
60QB000165,113,90,23
60QB000166,103,84,19
60QB000167,93,80,13
60QB000168,116,85,31
60QB000169,61,41,20
60QB000170,130,102,28
60QB000171,79,64,15
60QB000172,37,33,4
60QB000173,115,93,22
60QB000174,54,43,11
60QB000175,133,105,28
60QB000176,135,98,37
60QB000177,106,72,34
60QB000178,90,71,19
60QB000179,94,76,18
60QB000180,100,79,21
60QB000181,82,64,18
60QB000182,131,101,30
60QB000183,46,32,14
60QB000184,46,40,6
60QB000185,118,98,20
60QB000186,96,69,27
60QB000187,67,45,22
60QB000188,68,40,28
60QB000189,82,58,24
60QB000190,102,65,37
60QB000191,107,80,27
60QB000192,73,42,31
60QB000193,80,54,26
60QB000194,79,54,25
60QB000195,137,104,33
60QB000196,114,87,27
60QB000197,95,64,31
60QB000198,82,46,36
60QB000199,65,40,25
60QB000200,99,68,31
60QB000201,93,72,21
60QB000202,106,75,31
60QB000203,80,55,25
60QB000204,81,60,21
60QB000205,90,65,25
60QB000206,80,60,20
60QB000207,132,95,37
60QB000208,97,73,24
60QB000209,72,49,23
60QB000210,115,88,27
60QB000211,115,89,26
60QB000212,143,108,35
60QB000213,119,89,30
60QB000214,83,58,25
60QB000215,85,64,21
60QB000216,87,69,18
60QB000217,101,85,16
60QB000218,140,113,27
60QB000219,66,50,16
60QB000220,111,89,22
60QB000221,135,99,36
60QB000222,141,97,44
60QB000223,140,108,32
60QB000224,117,93,24
60QB000225,90,71,19
60QB000226,120,93,27
60QB000227,131,109,22
60QB000228,89,67,22
60QB000229,57,40,17
60QB000230,126,100,26
60QB000231,94,73,21
60QB000232,156,108,48
60QB000233,139,114,25
60QB000234,111,93,18
60QB000235,91,73,18
60QB000236,99,73,26
60QB000237,123,94,29
60QB000238,80,63,17
60QB000239,107,82,25
60QB000240,55,41,14
60QB000241,51,34,17
60QB000242,103,85,18
60QB000243,135,111,24
60QB000244,144,104,40
60QB000245,152,125,27
60QB000246,80,57,23
60QB000247,83,63,20
60QB000248,136,102,34
60QB000249,102,79,23
60QB000250,114,97,17
60QB000251,102,88,14
60QB000252,107,94,13
60QB000253,115,79,36
60QB000254,114,74,40
60QB000255,65,53,12
60QB000256,87,57,30
60QB000257,131,74,57
60QB000258,39,28,11
60QB000259,99,73,26
60QB000260,120,99,21
60QB000261,100,82,18
60QB000262,121,100,21
60QB000263,110,93,17
60QB000264,68,40,28
60QB000265,70,57,13
60QB000266,104,84,20
60QB000267,59,43,16
60QB000268,126,101,25
60QB000269,141,103,38
60QB000270,88,60,28
60QB000271,128,100,28
60QB000272,67,45,22
60QB000273,84,73,11
60QB000274,86,65,21
60QB000275,156,120,36
60QB000276,57,36,21
60QB000277,149,105,44
60QB000278,84,65,19
60QB000279,193,140,53
60QB000280,152,114,38
60QB000281,104,71,33
60QB000282,87,60,27
60QB000283,93,66,27
60QB000284,122,90,32
60QB000285,81,64,17
60QB000286,104,70,34
60QB000287,99,74,25
60QB000288,99,75,24
60QB000289,57,36,21
60QB000290,65,44,21
60QB000291,79,55,24
60QB000292,68,42,26
60QB000293,112,70,42
60QB000294,50,32,18
60QB000295,56,40,16
60QB000296,62,47,15
60QB000297,156,127,29
60QB000298,67,53,14
60QB000299,59,47,12
60QB000300,115,83,32
60QB000301,110,77,33
60QB000302,89,71,18
60QB000303,88,62,26
60QB000304,92,68,24
60QB000305,115,88,27
60QB000306,72,57,15
60QB000307,67,53,14
60QB000308,70,51,19
60QB000309,116,90,26
60QB000310,131,107,24
60QB000311,67,54,13
60QB000312,107,81,26
60QB000313,102,77,25
60QB000314,156,117,39
60QB000315,152,111,41
60QB000316,135,107,28
60QB000317,101,76,25
60QB000318,111,83,28
60QB000319,142,115,27
60QB000320,111,93,18
60QB000321,134,106,28
60QB000322,76,39,37
60QB000323,92,77,15
60QB000324,85,67,18
60QB000325,139,92,47
60QB000326,116,82,34
60QB000327,144,84,60
60QB000328,102,67,35
60QB000329,65,49,16
60QB000330,68,52,16
60QB000331,151,110,41
60QB000332,102,75,27
60QB000333,125,89,36
60QB000334,58,45,13
60QB000335,86,67,19
60QB000336,90,72,18
60QB000337,86,75,11
60QB000338,110,86,24
60QB000339,98,74,24
60QB000340,99,76,23
60QB000341,48,35,13
60QB000342,81,60,21
60QB000343,103,77,26
60QB000344,64,58,6
60QB000345,74,49,25
60QB000346,73,50,23
60QB000347,96,69,27
60QB000348,87,69,18
60QB000349,71,55,16
60QB000350,115,70,45
60QB000351,103,71,32
60QB000352,118,93,25
60QB000353,116,88,28
60QB000354,85,63,22
60QB000355,102,70,32
60QB000356,122,81,41
60QB000357,40,24,16
60QB000358,60,48,12
60QB000359,54,35,19
60QB000360,86,63,23
60QB000361,98,77,21
60QB000362,49,31,18
60QB000363,134,105,29
60QB000364,147,106,41
60QB000365,77,56,21
60QB000366,89,69,20
60QB000367,83,61,22
60QB000368,45,32,13
60QB000369,76,56,20
60QB000370,99,78,21
60QB000371,108,78,30
60QB000372,136,97,39
60QB000373,117,91,26
60QB000374,80,59,21
60QB000375,64,41,23
60QB000376,52,35,17
60QB000377,118,94,24
60QB000378,104,45,59
60QB000379,104,68,36
60QB000380,128,90,38
60QB000381,110,80,30
60QB000382,69,54,15
60QB000383,99,65,34
60QB000384,84,54,30
60QB000385,67,48,19
60QB000386,73,50,23
60QB000387,102,70,32
60QB000388,104,63,41
60QB000389,91,54,37
60QB000390,76,60,16
60QB000391,54,38,16
60QB000392,87,59,28
60QB000393,73,36,37
60QB000394,121,92,29
60QB000395,57,44,13
60QB000396,112,77,35
60QB000397,54,38,16
60QB000398,113,80,33
60QB000399,98,71,27
60QB000400,87,71,16
60QB000401,86,49,37
60QB000402,92,63,29
60QB000403,73,48,25
60QB000404,85,63,22
60QB000405,35,12,23
60QB000406,139,107,32
60QB000407,109,85,24
60QB000408,122,88,34
60QB000409,136,106,30
60QB000410,88,59,29
60QB000411,67,50,17
60QB000412,106,71,35
60QB000413,52,34,18
60QB000414,123,94,29
60QB000415,188,150,38
60QB000416,117,102,15
60QB000417,129,112,17
60QB000418,83,56,27
60QB000419,102,64,38
60QB000420,82,61,21
60QB000421,97,64,33
60QB000422,109,77,32
60QB000423,116,78,38
60QB000424,181,144,37
60QB000425,154,116,38
60QB000426,137,94,43
60QB000427,111,63,48
60QB000428,93,62,31
60QB000429,91,57,34
60QB000430,88,56,32
60QB000431,99,59,40
60QB000432,115,74,41
60QB000433,73,49,24
60QB000434,103,73,30
60QB000435,82,69,13
60QB000436,105,64,41
60QB000437,96,73,23
60QB000438,73,42,31
60QB000439,87,67,20
60QB000440,73,55,18
60QB000441,95,62,33
60QB000442,60,47,13
60QB000443,53,36,17
60QB000444,54,38,16
60QB000445,70,28,42
60QB000446,27,6,21
60QB000447,57,49,8
60QB000448,98,75,23
60QB000449,74,55,19
60QB000450,54,34,20
60QB000451,70,49,21
60QB000452,86,60,26
60QB000453,76,58,18
60QB000454,77,56,21
60QB000455,75,61,14
60QB000456,70,45,25
60QB000457,62,44,18
60QB000458,49,43,6
60QB000459,173,133,40
60QB000460,110,75,35
60QB000461,86,70,16
60QB000462,143,108,35
60QB000463,115,81,34
60QB000464,142,116,26
60QB000465,110,81,29
60QB000466,140,104,36
60QB000467,69,51,18
60QB000468,99,71,28
60QB000469,133,85,48
60QB000470,73,37,36
60QB000471,89,68,21
60QB000472,106,75,31
60QB000473,117,71,46
60QB000474,132,100,32
60QB000475,70,49,21
60QB000476,66,45,21
60QB000477,90,72,18
60QB000478,92,51,41
60QB000479,94,66,28
60QB000480,84,62,22
60QB000481,113,80,33
60QB000482,107,77,30
60QB000483,85,52,33
60QB000484,94,64,30
60QB000485,78,54,24
60QB000486,47,28,19
60QB000487,59,51,8
60QB000488,52,36,16
60QB000489,67,41,26
60QB000490,99,74,25
60QB000491,93,70,23
60QB000492,84,56,28
60QB000493,68,52,16
60QB000494,113,89,24
60QB000495,86,56,30
60QB000496,109,74,35
60QB000497,90,61,29
60QB000498,125,83,42
60QB000499,77,62,15
60QB000500,92,80,12
60QB000501,77,66,11
60QB000502,62,58,4
60QB000503,88,80,8
60QB000504,109,75,34
60QB000505,135,118,17
60QB000506,81,76,5
60QB000507,96,76,20
60QB000508,97,81,16
60QB000509,65,61,4
60QB000510,109,85,24
60QB000511,116,99,17
60QB000512,131,114,17
60QB000513,67,62,5
60QB000514,162,121,41
60QB000515,63,48,15
60QB000516,19,5,14
60QB000517,187,147,40
60QB000518,162,138,24
60QB000519,114,99,15
60QB000520,175,153,22
60QB000521,121,89,32
60QB000522,82,50,32
60QB000523,100,69,31
60QB000524,73,41,32
60QB000525,67,49,18
60QB000526,96,55,41
60QB000527,70,50,20
60QB000528,84,55,29
60QB000529,67,37,30
60QB000530,97,62,35
60QB000531,38,19,19
60QB000532,79,49,30
60QB000533,127,76,51
60QB000534,69,40,29
60QB000535,111,79,32
60QB000536,80,60,20
60QB000537,135,109,26
60QB000538,92,66,26
60QB000539,123,109,14
60QB000540,121,97,24
60QB000541,168,119,49
60QB000542,97,68,29
60QB000543,159,123,36
60QB000544,151,129,22
60QB000545,78,55,23
60QB000546,143,104,39
60QB000547,163,128,35
60QB000548,131,106,25
60QB000549,133,111,22
60QB000550,80,57,23
60QB000551,48,38,10
60QB000552,143,127,16
60QB000553,153,134,19
60QB000554,86,55,31
60QB000555,92,86,6
60QB000556,94,87,7
60QB000557,97,87,10
60QB000558,142,109,33
60QB000559,115,94,21
60QB000560,85,70,15
60QB000561,112,95,17
60QB000562,91,62,29
60QB000563,101,75,26
60QB000564,108,91,17
60QB000565,177,135,42
60QB000566,60,45,15
60QB000567,77,63,14
60QB000568,114,90,24
60QB000569,121,100,21
60QB000570,79,62,17
60QB000571,107,82,25
60QB000572,116,85,31
60QB000573,38,35,3
60QB000574,126,79,47
60QB000575,70,62,8
60QB000576,111,64,47
60QB000577,80,59,21
60QB000578,80,70,10
60QB000579,149,117,32
60QB000580,135,113,22
60QB000581,133,109,24
60QB000582,163,129,34
60QB000583,152,122,30
60QB000584,127,108,19
60QB000585,74,40,34
60QB000586,64,43,21
60QB000587,85,60,25
60QB000588,101,56,45
60QB000589,136,96,40
60QB000590,136,109,27
60QB000591,119,89,30
60QB000592,115,84,31
60QB000593,22,6,16
60QB000594,93,67,26
60QB000595,94,65,29
60QB000596,116,62,54
60QB000597,141,98,43
60QB000598,106,83,23
60QB000599,82,59,23
60QB000600,161,132,29
60QB000601,146,102,44
60QB000602,101,77,24
60QB000603,86,65,21
60QB000604,111,94,17
60QB000605,147,115,32
60QB000606,104,75,29
60QB000607,89,73,16
60QB000608,70,61,9
60QB000609,145,120,25
60QB000610,153,134,19
60QB000611,65,40,25
60QB000612,131,106,25
60QB000613,102,79,23
60QB000614,155,123,32
60QB000615,103,84,19
60QB000616,133,93,40
60QB000617,114,78,36
60QB000618,108,68,40
60QB000619,81,45,36
60QB000620,81,59,22
60QB000621,72,58,14
60QB000622,102,76,26
60QB000623,53,33,20
60QB000624,46,36,10
60QB000625,126,75,51
60QB000626,60,34,26
60QB000627,84,60,24
60QB000628,30,9,21
60QB000629,92,67,25
60QB000630,61,36,25
60QB000631,107,91,16
60QB000632,52,40,12
60QB000633,119,87,32
60QB000634,80,40,40
60QB000635,86,50,36
60QB000636,164,127,37
60QB000637,101,61,40
60QB000638,148,104,44
60QB000639,161,108,53
60QB000640,123,83,40
60QB000641,27,15,12
60QB000642,97,61,36
60QB000643,104,82,22
60QB000644,66,54,12
60QB000645,106,79,27
60QB000646,58,43,15
60QB000647,76,49,27
60QB000648,83,57,26
60QB000649,88,81,7
60QB000650,90,68,22
60QB000651,122,94,28
60QB000652,60,52,8
60QB000653,83,75,8
60QB000654,59,55,4
60QB000655,98,74,24
60QB000656,111,85,26
60QB000657,127,86,41
60QB000658,89,70,19
60QB000659,85,66,19
60QB000660,112,97,15
60QB000661,44,38,6
60QB000662,104,86,18
60QB000663,151,116,35
60QB000664,176,132,44
60QB000665,91,66,25
60QB000666,160,125,35
60QB000667,131,95,36
60QB000668,122,90,32
60QB000669,140,124,16
60QB000670,112,85,27
60QB000671,94,75,19
60QB000672,80,56,24
60QB000673,96,63,33
60QB000674,117,93,24
60QB000675,118,83,35
60QB000676,131,90,41
60QB000677,94,64,30
60QB000678,117,92,25
60QB000679,113,79,34
60QB000680,70,47,23
60QB000681,98,74,24
60QB000682,54,37,17
60QB000683,69,51,18
60QB000684,70,44,26
60QB000685,91,54,37
60QB000686,77,58,19
60QB000687,51,35,16
60QB000688,89,59,30
60QB000689,78,48,30
60QB000690,123,97,26
60QB000691,130,108,22
60QB000692,94,84,10
60QB000693,99,80,19
60QB000694,105,81,24
60QB000695,96,70,26
60QB000696,104,68,36
60QB000697,85,58,27
60QB000698,67,39,28
60QB000699,112,82,30
60QB000700,104,67,37
60QB000701,107,61,46
60QB000702,117,78,39
60QB000703,109,81,28
60QB000704,97,70,27
60QB000705,130,92,38
60QB000706,71,54,17
60QB000707,111,67,44
60QB000708,92,66,26
60QB000709,70,49,21
60QB000710,25,9,16
60QB000711,127,99,28
60QB000712,226,168,58
60QB000713,97,78,19
60QB000714,69,47,22
60QB000715,132,98,34
60QB000716,68,45,23
60QB000717,113,79,34
60QB000718,103,82,21
60QB000719,76,45,31
60QB000720,106,77,29
60QB000721,83,70,13
60QB000722,106,74,32
60QB000723,117,70,47
60QB000724,83,46,37
60QB000725,63,46,17
60QB000726,75,56,19
60QB000727,69,44,25
60QB000728,78,50,28
60QB000729,93,58,35
60QB000730,98,73,25
60QB000731,132,98,34
60QB000732,63,44,19
60QB000733,96,53,43
60QB000734,76,48,28
60QB000735,42,32,10
60QB000736,107,73,34
60QB000737,71,47,24
60QB000738,53,25,28
60QB000739,79,41,38
60QB000740,125,82,43
60QB000741,92,42,50
60QB000742,109,87,22
60QB000743,118,66,52
60QB000744,95,47,48
60QB000745,121,95,26
60QB000746,87,46,41
60QB000747,80,56,24
60QB000748,62,41,21
60QB000749,135,78,57
60QB000750,111,82,29
60QB000751,70,38,32
60QB000752,89,65,24
60QB000753,116,84,32
60QB000754,46,28,18
60QB000755,132,92,40
60QB000756,78,65,13
60QB000757,75,42,33
60QB000758,51,31,20
60QB000759,44,36,8
60QB000760,68,48,20
60QB000761,85,58,27
60QB000762,72,41,31
60QB000763,87,67,20
60QB000764,89,60,29
60QB000765,121,81,40
60QB000766,73,40,33
60QB000767,56,42,14
60QB000768,94,70,24
60QB000769,246,223,23
60QB000770,131,89,42
60QB000771,78,52,26
60QB000772,85,57,28
60QB000773,121,90,31
60QB000774,106,78,28
60QB000775,411,150,261
60QB000776,103,74,29
60QB000777,137,110,27
60QB000778,112,84,28
60QB000779,65,51,14
60QB000780,53,37,16
60QB000781,85,71,14
60QB000782,143,110,33
60QB000783,63,36,27
60QB000784,129,89,40
60QB000785,58,42,16
60QB000786,116,86,30
60QB000787,133,93,40
60QB000788,128,80,48
60QB000789,89,49,40
60QB000790,121,75,46
60QB000791,121,93,28
60QB000792,55,34,21
60QB000793,44,31,13
60QB000794,133,97,36
60QB000795,75,48,27
60QB000796,64,34,30
60QB000797,71,31,40
60QB000798,74,41,33
60QB000799,90,45,45
60QB000800,130,83,47
60QB000801,78,51,27
60QB000802,84,50,34
60QB000803,102,60,42
60QB000804,56,31,25
60QB000805,86,54,32
60QB000806,62,33,29
60QB000807,63,38,25
60QB000808,179,140,39
60QB000809,128,81,47
60QB000810,57,36,21
60QB000811,94,56,38
60QB000812,60,39,21
60QB000813,51,37,14
60QB000814,39,18,21
60QB000815,54,40,14
60QB000816,86,38,48
60QB000817,123,84,39
60QB000818,100,45,55
60QB000819,75,33,42
60QB000820,79,48,31
60QB000821,64,35,29
60QB000822,56,28,28
60QB000823,97,62,35
60QB000824,106,76,30
60QB000825,81,53,28
60QB000826,110,82,28
60QB000827,100,68,32
60QB000828,113,81,32
60QB000829,66,47,19
60QB000830,146,90,56
60QB000831,103,56,47
60QB000832,91,60,31
60QB000833,58,33,25
60QB000834,68,43,25
60QB000835,70,37,33
60QB000836,83,35,48
60QB000837,70,35,35
60QB000838,120,84,36
60QB000839,73,48,25
60QB000840,93,60,33
60QB000841,125,89,36
60QB000842,95,73,22
60QB000843,93,34,59
60QB000844,137,82,55
60QB000845,63,40,23
60QB000846,80,46,34
60QB000847,74,38,36
60QB000848,87,63,24
60QB000849,58,39,19
60QB000850,77,40,37
60QB000851,81,54,27
60QB000852,61,35,26
60QB000853,96,72,24
60QB000854,99,76,23
60QB000855,51,35,16
60QB000856,64,44,20
60QB000857,89,67,22
60QB000858,74,50,24
60QB000859,63,45,18
60QB000860,61,32,29
60QB000861,71,49,22
60QB000862,68,33,35
60QB000863,31,19,12
60QB000864,64,38,26
60QB000865,63,32,31
60QB000866,44,29,15
60QB000867,60,42,18
60QB000868,61,33,28
60QB000869,46,28,18
60QB000870,45,31,14
60QB000871,80,70,10
60QB000872,85,75,10
60QB000873,145,90,55
60QB000874,67,50,17
60QB000875,61,48,13
60QB000876,128,104,24
60QB000877,140,106,34
60QB000878,44,33,11
60QB000879,98,78,20
60QB000880,49,35,14
60QB000881,54,29,25
60QB000882,83,55,28
60QB000883,99,73,26
60QB000884,102,60,42
60QB000885,100,74,26
60QB000886,85,55,30
60QB000887,76,42,34
60QB000888,45,28,17
60QB000889,58,36,22
60QB000890,135,86,49
60QB000891,45,29,16
60QB000892,136,100,36
60QB000893,147,105,42
60QB000894,86,60,26
60QB000895,135,104,31
60QB000896,44,26,18
60QB000897,79,52,27
60QB000898,65,36,29
60QB000899,99,81,18
60QB000900,98,64,34
60QB000901,109,70,39
60QB000902,139,104,35
60QB000903,112,83,29
60QB000904,48,31,17
60QB000905,126,90,36
60QB000906,94,42,52
60QB000907,80,52,28
60QB000908,118,84,34
60QB000909,98,56,42
60QB000910,75,39,36
60QB000911,174,133,41
60QB000912,137,95,42
60QB000913,100,67,33
60QB000914,87,51,36
60QB000915,70,35,35
60QB000916,108,70,38
60QB000917,47,38,9
60QB000918,87,53,34
60QB000919,111,71,40
60QB000920,112,81,31
60QB000921,108,72,36
60QB000922,99,63,36
60QB000923,30,18,12
60QB000924,99,65,34
60QB000925,87,67,20
60QB000926,63,36,27
60QB000927,96,66,30
60QB000928,59,20,39
60QB000929,75,54,21
60QB000930,131,96,35
60QB000931,116,88,28
60QB000932,119,73,46
60QB000933,72,45,27
60QB000934,96,53,43
60QB000935,72,42,30
60QB000936,115,64,51
60QB000937,60,35,25
60QB000938,113,68,45
60QB000939,95,69,26
60QB000940,66,41,25
60QB000941,135,103,32
60QB000942,129,89,40
60QB000943,127,72,55
60QB000944,133,85,48
60QB000945,99,69,30
60QB000946,64,34,30
60QB000947,77,45,32
60QB000948,56,28,28
60QB000949,82,57,25
60QB000950,67,40,27
60QB000951,158,94,64
60QB000952,87,63,24
60QB000953,89,43,46
60QB000954,73,42,31
60QB000955,103,43,60
60QB000956,102,55,47
60QB000957,153,109,44
60QB000958,107,62,45
60QB000959,98,56,42
60QB000960,82,53,29
60QB000961,67,34,33
60QB000962,83,57,26
60QB000963,67,46,21
60QB000964,67,39,28
60QB000965,78,56,22
60QB000966,60,35,25
60QB000967,117,89,28
60QB000968,83,48,35
60QB000969,61,29,32
60QB000970,27,11,16
60QB000971,55,43,12
60QB000972,97,70,27
60QB000973,97,51,46
60QB000974,40,25,15
60QB000975,78,56,22
60QB000976,135,92,43
60QB000977,125,92,33
60QB000978,84,49,35
60QB000979,84,61,23
60QB000980,95,57,38
60QB000981,84,57,27
60QB000982,67,44,23
60QB000983,78,62,16
60QB000984,104,73,31
60QB000985,68,40,28
60QB000986,74,50,24
60QB000987,121,70,51
60QB000988,95,49,46
60QB000989,81,57,24
60QB000990,77,42,35
60QB000991,70,50,20
60QB000992,80,51,29
60QB000993,75,38,37
60QB000994,61,29,32
60QB000995,100,67,33
60QB000996,70,37,33
60QB000997,74,39,35
60QB000998,93,48,45
60QB000999,114,79,35
60QB001000,87,60,27
60QB001001,48,38,10
60QB001002,84,56,28
60QB001003,53,28,25
60QB001004,67,35,32
60QB001005,129,87,42
60QB001006,78,49,29
60QB001007,81,56,25
60QB001008,60,27,33
60QB001009,73,44,29
60QB001010,80,54,26
60QB001011,85,62,23
60QB001012,106,68,38
60QB001013,38,25,13
60QB001014,68,42,26
60QB001015,90,56,34
60QB001016,67,48,19
60QB001017,89,64,25
60QB001018,117,62,55
60QB001019,107,64,43
60QB001020,66,30,36
60QB001021,86,61,25
60QB001022,115,78,37
60QB001023,90,57,33
60QB001024,151,116,35
60QB001025,109,68,41
60QB001026,109,62,47
60QB001027,72,51,21
60QB001028,151,110,41
60QB001029,82,57,25
60QB001030,79,53,26
60QB001031,119,75,44
60QB001032,66,37,29
60QB001033,83,56,27
60QB001034,119,70,49
60QB001035,144,96,48
60QB001036,130,84,46
60QB001037,94,61,33
60QB001038,53,36,17
60QB001039,130,90,40
60QB001040,67,49,18
60QB001041,60,26,34
60QB001042,52,40,12
60QB001043,108,53,55
60QB001044,127,75,52
60QB001045,86,58,28
60QB001046,86,47,39
60QB001047,101,64,37
60QB001048,106,79,27
60QB001049,165,103,62
60QB001050,59,52,7
60QB001051,122,76,46
60QB001052,87,57,30
60QB001053,42,29,13
60QB001054,103,65,38
60QB001055,78,40,38
60QB001056,82,40,42
60QB001057,84,40,44
60QB001058,50,24,26
60QB001059,77,29,48
60QB001060,66,31,35
60QB001061,111,67,44
60QB001062,142,107,35
60QB001063,105,62,43
60QB001064,81,61,20
60QB001065,44,18,26
60QB001066,121,95,26
60QB001067,89,31,58
60QB001068,26,6,20
60QB001069,44,25,19
60QB001070,90,58,32
60QB001071,102,63,39
60QB001072,65,41,24
60QB001073,66,39,27
60QB001074,125,87,38
60QB001075,53,28,25
60QB001076,54,37,17
60QB001077,80,56,24
60QB001078,112,73,39
60QB001079,50,24,26
60QB001080,104,73,31
60QB001081,121,79,42
60QB001082,119,81,38
60QB001083,92,55,37
60QB001084,127,88,39
60QB001085,104,68,36
60QB001086,44,33,11
60QB001087,42,33,9
60QB001088,58,49,9
60QB001089,133,89,44
60QB001090,134,93,41
60QB001091,111,85,26
60QB001092,80,46,34
60QB001093,85,49,36
60QB001094,174,116,58
60QB001095,124,77,47
60QB001096,92,57,35
60QB001097,79,47,32
60QB001098,65,41,24
60QB001099,96,57,39
60QB001100,143,96,47
60QB001101,73,44,29
60QB001102,97,58,39
60QB001103,75,34,41
60QB001104,96,61,35
60QB001105,68,52,16
60QB001106,57,40,17
60QB001107,45,26,19
60QB001108,86,60,26
60QB001109,61,53,8
60QB001110,54,33,21
60QB001111,40,25,15
60QB001112,134,113,21
60QB001113,95,70,25
60QB001114,142,113,29
60QB001115,87,75,12
60QB001116,100,85,15
60QB001117,53,38,15
60QB001118,76,54,22
60QB001119,49,36,13
60QB001120,84,59,25
60QB001121,36,21,15
60QB001122,44,35,9
60QB001123,64,46,18
60QB001124,145,122,23
60QB001125,106,86,20
60QB001126,80,63,17
60QB001127,108,78,30
60QB001128,45,40,5
60QB001129,54,48,6
60QB001130,107,89,18
60QB001131,104,81,23
60QB001132,60,49,11
60QB001133,103,68,35
60QB001134,46,31,15
60QB001135,65,52,13
60QB001136,62,49,13
60QB001137,121,84,37
60QB001138,93,63,30
60QB001139,60,26,34
60QB001140,109,78,31
60QB001141,151,119,32
60QB001142,52,39,13
60QB001143,100,57,43
60QB001144,102,81,21
60QB001145,76,63,13
60QB001146,81,65,16
60QB001147,95,80,15
60QB001148,56,43,13
60QB001149,52,33,19
60QB001150,94,63,31
60QB001151,87,61,26
60QB001152,92,52,40
60QB001153,55,42,13
60QB001154,87,57,30
60QB001155,57,43,14
60QB001156,58,51,7
60QB001157,134,102,32
60QB001158,64,49,15
60QB001159,56,43,13
60QB001160,85,64,21
60QB001161,83,40,43
60QB001162,52,37,15
60QB001163,62,35,27
60QB001164,59,38,21
60QB001165,69,50,19
60QB001166,137,84,53
60QB001167,146,90,56
60QB001168,72,46,26
60QB001169,44,28,16
60QB001170,62,49,13
60QB001171,91,56,35
60QB001172,51,35,16
60QB001173,71,45,26
60QB001174,65,40,25
60QB001175,52,42,10
60QB001176,47,25,22
60QB001177,42,19,23
60QB001178,81,53,28
60QB001179,80,60,20
60QB001180,61,42,19
60QB001181,60,39,21
60QB001182,46,35,11
60QB001183,46,36,10
60QB001184,67,48,19
60QB001185,95,63,32
60QB001186,107,80,27
60QB001187,85,60,25
60QB001188,38,26,12
60QB001189,65,40,25
60QB001190,121,77,44
60QB001191,46,33,13
60QB001192,53,37,16
60QB001193,138,113,25
60QB001194,87,64,23
60QB001195,81,51,30
60QB001196,51,28,23
60QB001197,50,34,16
60QB001198,86,66,20
60QB001199,59,46,13
60QB001200,84,61,23
60QB001201,35,28,7
60QB001202,65,40,25
60QB001203,66,45,21
60QB001204,107,67,40
60QB001205,120,74,46
60QB001206,67,44,23
60QB001207,117,80,37
60QB001208,93,67,26
60QB001209,99,81,18
60QB001210,110,81,29
60QB001211,49,32,17
60QB001212,103,72,31
60QB001213,70,46,24
60QB001214,63,48,15
60QB001215,102,89,13
60QB001216,62,42,20
60QB001217,69,52,17
60QB001218,77,61,16
60QB001219,64,45,19
60QB001220,87,66,21
60QB001221,59,43,16
60QB001222,94,72,22
60QB001223,77,61,16
60QB001224,104,63,41
60QB001225,88,57,31
60QB001226,60,44,16
60QB001227,100,80,20
60QB001228,101,82,19
60QB001229,98,75,23
60QB001230,100,75,25
60QB001231,104,81,23
60QB001232,86,62,24
60QB001233,79,64,15
60QB001234,151,118,33
60QB001235,70,65,5
60QB001236,106,84,22
60QB001237,82,62,20
60QB001238,83,62,21
60QB001239,102,76,26
60QB001240,116,78,38
60QB001241,112,91,21
60QB001242,69,48,21
60QB001243,55,44,11
60QB001244,118,95,23
60QB001245,63,53,10
60QB001246,117,87,30
60QB001247,156,123,33
60QB001248,152,107,45
60QB001249,145,112,33
60QB001250,105,81,24
60QB001251,119,90,29
60QB001252,75,56,19
60QB001253,90,69,21
60QB001254,40,23,17
60QB001255,87,76,11
60QB001256,100,69,31
60QB001257,91,71,20
60QB001258,101,75,26
60QB001259,74,56,18
60QB001260,83,64,19
60QB001261,67,54,13
60QB001262,77,56,21
60QB001263,79,57,22
60QB001264,77,56,21
60QB001265,57,43,14
60QB001266,51,38,13
60QB001267,55,36,19
60QB001268,56,48,8
60QB001269,136,101,35
60QB001270,66,53,13
60QB001271,51,37,14
60QB001272,80,57,23
60QB001273,98,72,26
60QB001274,44,30,14
60QB001275,134,87,47
60QB001276,100,66,34
60QB001277,65,44,21
60QB001278,78,55,23
60QB001279,98,81,17
60QB001280,58,39,19
60QB001281,94,65,29
60QB001282,56,41,15
60QB001283,54,47,7
60QB001284,109,78,31
60QB001285,53,28,25
60QB001286,153,120,33
60QB001287,75,54,21
60QB001288,74,57,17
60QB001289,75,64,11
60QB001290,51,42,9
60QB001291,123,69,54
60QB001292,63,37,26
60QB001293,55,47,8
60QB001294,68,50,18
60QB001295,63,41,22
60QB001296,72,55,17
60QB001297,92,59,33
60QB001298,87,67,20
60QB001299,71,52,19
60QB001300,95,67,28
60QB001301,77,63,14
60QB001302,66,60,6
60QB001303,146,125,21
60QB001304,146,116,30
60QB001305,71,55,16
60QB001306,49,40,9
60QB001307,112,99,13
60QB001308,67,42,25
60QB001309,107,73,34
60QB001310,63,43,20
60QB001311,124,92,32
60QB001312,107,88,19
60QB001313,69,59,10
60QB001314,51,34,17
60QB001315,163,107,56
60QB001316,170,122,48
60QB001317,56,38,18
60QB001318,69,58,11
60QB001319,119,101,18
60QB001320,113,64,49
60QB001321,80,46,34
60QB001322,125,91,34
60QB001323,65,47,18
60QB001324,90,66,24
60QB001325,177,47,130
60QB001326,70,39,31
60QB001327,76,48,28
60QB001328,95,62,33
60QB001329,69,42,27
60QB001330,130,80,50
60QB001331,56,34,22
60QB001332,116,78,38
60QB001333,65,51,14
60QB001334,86,58,28
60QB001335,73,50,23
60QB001336,101,55,46
60QB001337,113,85,28
60QB001338,104,77,27
60QB001339,92,70,22
60QB001340,88,62,26
60QB001341,80,56,24
60QB001342,94,75,19
60QB001343,75,63,12
60QB001344,73,42,31
60QB001345,76,50,26
60QB001346,100,76,24
60QB001347,102,82,20
60QB001348,91,58,33
60QB001349,85,54,31
60QB001350,91,64,27
60QB001351,131,96,35
60QB001352,97,80,17
60QB001353,84,69,15
60QB001354,128,108,20
60QB001355,43,37,6
60QB001356,104,81,23
60QB001357,84,51,33
60QB001358,44,33,11
60QB001359,88,62,26
60QB001360,89,68,21
60QB001361,103,86,17
60QB001362,75,61,14
60QB001363,75,54,21
60QB001364,142,106,36
60QB001365,54,47,7
60QB001366,125,99,26
60QB001367,47,36,11
60QB001368,100,83,17
60QB001369,90,68,22
60QB001370,100,82,18
60QB001371,70,55,15
60QB001372,87,64,23
60QB001373,88,60,28
60QB001374,121,98,23
60QB001375,43,35,8
60QB001376,70,55,15
60QB001377,111,86,25
60QB001378,92,66,26
60QB001379,79,67,12
60QB001380,76,47,29
60QB001381,159,128,31
60QB001382,167,131,36
60QB001383,40,22,18
60QB001384,88,69,19
60QB001385,53,37,16
60QB001386,64,47,17
60QB001387,100,72,28
60QB001388,58,44,14
60QB001389,86,66,20
60QB001390,80,59,21
60QB001391,69,52,17
60QB001392,93,80,13
60QB001393,86,60,26
60QB001394,71,52,19
60QB001395,72,50,22
60QB001396,93,74,19
60QB001397,118,88,30
60QB001398,104,79,25
60QB001399,120,91,29
60QB001400,84,60,24
60QB001401,126,96,30
60QB001402,77,57,20
60QB001403,121,81,40
60QB001404,26,1,25
60QB001405,40,21,19
60QB001406,67,41,26
60QB001407,192,134,58
60QB001408,85,63,22
60QB001409,80,58,22
60QB001410,143,111,32
60QB001411,80,63,17
60QB001412,77,61,16
60QB001413,145,103,42
60QB001414,104,59,45
60QB001415,77,57,20
60QB001416,68,52,16
60QB001417,61,35,26
60QB001418,71,51,20
60QB001419,92,64,28
60QB001420,147,121,26
60QB001421,70,51,19
60QB001422,91,72,19
60QB001423,87,71,16
60QB001424,92,63,29
60QB001425,59,36,23
60QB001426,76,64,12
60QB001427,137,120,17
60QB001428,161,140,21
60QB001429,73,48,25
60QB001430,109,80,29
60QB001431,63,44,19
60QB001432,71,45,26
60QB001433,71,56,15
60QB001434,121,89,32
60QB001435,63,46,17
60QB001436,73,62,11
60QB001437,116,61,55
60QB001438,147,118,29
60QB001439,45,29,16
60QB001440,61,45,16
60QB001441,64,56,8
60QB001442,118,88,30
60QB001443,91,72,19
60QB001444,78,51,27
60QB001445,85,53,32
60QB001446,44,35,9
60QB001447,191,165,26
60QB001448,48,41,7
60QB001449,124,95,29
60QB001450,64,59,5
60QB001451,86,47,39
60QB001452,32,15,17
60QB001453,141,81,60
60QB001454,98,44,54
60QB001455,85,58,27
60QB001456,155,123,32
60QB001457,41,32,9
60QB001458,77,50,27
60QB001459,61,35,26
60QB001460,89,65,24
60QB001461,143,91,52
60QB001462,115,83,32
60QB001463,88,56,32
60QB001464,159,113,46
60QB001465,99,68,31
60QB001466,69,60,9
60QB001467,117,85,32
60QB001468,111,82,29
60QB001469,114,82,32
60QB001470,71,63,8
60QB001471,144,94,50
60QB001472,59,52,7
60QB001473,158,124,34
60QB001474,98,66,32
60QB001475,175,150,25
60QB001476,78,59,19
60QB001477,158,92,66
60QB001478,145,90,55
60QB001479,70,51,19
60QB001480,115,94,21
60QB001481,101,69,32
60QB001482,51,38,13
60QB001483,102,58,44
60QB001484,84,50,34
60QB001485,129,103,26
60QB001486,62,43,19
60QB001487,66,49,17
60QB001488,89,64,25
60QB001489,42,23,19
60QB001490,89,64,25
60QB001491,67,46,21
60QB001492,96,63,33
60QB001493,83,34,49
60QB001494,175,127,48
60QB001495,58,40,18
60QB001496,100,80,20
60QB001497,130,97,33
60QB001498,73,63,10
60QB001499,141,122,19
60QB001500,112,89,23
60QB001501,86,71,15
60QB001502,33,20,13
60QB001503,90,74,16
60QB001504,116,75,41
60QB001505,53,34,19
60QB001506,87,74,13
60QB001507,111,89,22
60QB001508,99,71,28
60QB001509,63,42,21
60QB001510,82,65,17
60QB001511,111,78,33
60QB001512,90,71,19
60QB001513,119,92,27
60QB001514,101,70,31
60QB001515,69,55,14
60QB001516,75,56,19
60QB001517,55,42,13
60QB001518,86,62,24
60QB001519,78,50,28
60QB001520,104,59,45
60QB001521,101,81,20
60QB001522,91,70,21
60QB001523,87,71,16
60QB001524,80,60,20
60QB001525,99,72,27
60QB001526,157,123,34
60QB001527,97,68,29
60QB001528,83,58,25
60QB001529,105,91,14
60QB001530,65,58,7
60QB001531,68,59,9
60QB001532,112,93,19
60QB001533,75,55,20
60QB001534,125,71,54
60QB001535,80,60,20
60QB001536,98,73,25
60QB001537,71,46,25
60QB001538,85,77,8
60QB001539,108,75,33
60QB001540,117,96,21
60QB001541,114,101,13
60QB001542,42,27,15
60QB001543,95,67,28
60QB001544,95,62,33
60QB001545,81,73,8
60QB001546,52,37,15
60QB001547,82,56,26
60QB001548,84,49,35
60QB001549,72,45,27
60QB001550,105,76,29
60QB001551,136,113,23
60QB001552,50,43,7
60QB001553,99,75,24
60QB001554,120,79,41
60QB001555,102,83,19
60QB001556,64,44,20
60QB001557,115,90,25
60QB001558,166,142,24
60QB001559,108,88,20
60QB001560,127,103,24
60QB001561,141,115,26
60QB001562,35,23,12
60QB001563,50,32,18
60QB001564,98,79,19
60QB001565,49,33,16
60QB001566,65,54,11
60QB001567,94,81,13
60QB001568,99,76,23
60QB001569,171,142,29
60QB001570,74,68,6
60QB001571,108,94,14
60QB001572,94,84,10
60QB001573,91,61,30
60QB001574,56,40,16
60QB001575,101,85,16
60QB001576,99,68,31
60QB001577,55,44,11
60QB001578,99,72,27
60QB001579,70,46,24
60QB001580,75,53,22
60QB001581,91,67,24
60QB001582,253,207,46
60QB001583,64,57,7
60QB001584,95,73,22
60QB001585,106,66,40
60QB001586,82,53,29
60QB001587,106,89,17
60QB001588,133,114,19
60QB001589,209,165,44
60QB001590,72,55,17
60QB001591,92,75,17
60QB001592,113,95,18
60QB001593,81,57,24
60QB001594,50,36,14
60QB001595,73,61,12
60QB001596,105,82,23
60QB001597,65,37,28
60QB001598,85,59,26
60QB001599,137,98,39
60QB001600,77,64,13
60QB001601,145,107,38
60QB001602,70,60,10
60QB001603,109,96,13
60QB001604,130,87,43
60QB001605,113,76,37
60QB001606,53,26,27
60QB001607,85,64,21
60QB001608,87,67,20
60QB001609,44,28,16
60QB001610,76,54,22
60QB001611,67,51,16
60QB001612,86,60,26
60QB001613,144,107,37
60QB001614,197,149,48
60QB001615,63,40,23
60QB001616,95,56,39
60QB001617,56,36,20
60QB001618,41,26,15
60QB001619,164,111,53
60QB001620,102,77,25
60QB001621,62,49,13
60QB001622,78,53,25
60QB001623,34,21,13
60QB001624,81,45,36
60QB001625,88,56,32
60QB001626,255,194,61
60QB001627,152,116,36
60QB001628,59,34,25
60QB001629,173,136,37
60QB001630,76,63,13
60QB001631,114,85,29
60QB001632,87,63,24
60QB001633,88,47,41
60QB001634,110,72,38
60QB001635,72,47,25
60QB001636,97,54,43
60QB001637,109,85,24
60QB001638,77,62,15
60QB001639,82,52,30
60QB001640,68,40,28
60QB001641,26,2,24
60QB001642,120,83,37
60QB001643,56,41,15
60QB001644,110,86,24
60QB001645,119,94,25
60QB001646,89,56,33
60QB001647,57,45,12
60QB001648,71,45,26
60QB001649,69,44,25
60QB001650,102,79,23
60QB001651,117,71,46
60QB001652,49,23,26
60QB001653,59,37,22
60QB001654,80,54,26
60QB001655,70,54,16
60QB001656,68,44,24
60QB001657,109,80,29
60QB001658,96,79,17
60QB001659,32,19,13
60QB001660,116,75,41
60QB001661,47,26,21
60QB001662,23,11,12
60QB001663,68,44,24
60QB001664,53,34,19
60QB001665,62,39,23
60QB001666,81,56,25
60QB001667,148,91,57
60QB001668,28,13,15
60QB001669,101,69,32
60QB001670,91,62,29
60QB001671,59,39,20
60QB001672,154,105,49
60QB001673,84,48,36
60QB001674,108,62,46
60QB001675,47,24,23
60QB001676,135,97,38
60QB001677,89,64,25
60QB001678,114,69,45
60QB001679,37,27,10
60QB001680,72,53,19
60QB001681,90,57,33
60QB001682,114,73,41
60QB001683,115,62,53
60QB001684,66,46,20
60QB001685,92,55,37
60QB001686,74,33,41
60QB001687,71,43,28
60QB001688,87,57,30
60QB001689,65,37,28
60QB001690,154,101,53
60QB001691,93,68,25
60QB001692,168,126,42
60QB001693,109,77,32
60QB001694,159,115,44
60QB001695,101,45,56
60QB001696,67,29,38
60QB001697,65,38,27
60QB001698,72,44,28
60QB001699,86,59,27
60QB001700,118,82,36
60QB001701,68,34,34
60QB001702,175,128,47
60QB001703,151,102,49
60QB001704,65,46,19
60QB001705,81,54,27
60QB001706,106,70,36
60QB001707,63,51,12
60QB001708,75,55,20
60QB001709,64,32,32
60QB001710,155,98,57
60QB001711,121,96,25
60QB001712,53,40,13
60QB001713,211,165,46
60QB001714,166,140,26
60QB001715,94,55,39
60QB001716,358,241,117
60QB001717,71,44,27
60QB001718,42,24,18
60QB001719,116,86,30
60QB001720,103,85,18
60QB001721,219,162,57
60QB001722,47,38,9
60QB001723,103,80,23
60QB001724,63,44,19
60QB001725,184,122,62
60QB001726,121,98,23
60QB001727,52,40,12
60QB001728,87,79,8
60QB001729,90,75,15
60QB001730,105,85,20
60QB001731,53,26,27
60QB001732,76,52,24
60QB001733,68,53,15
60QB001734,108,89,19
60QB001735,67,52,15
60QB001736,131,96,35
60QB001737,94,80,14
60QB001738,125,81,44
60QB001739,89,66,23
60QB001740,86,68,18
60QB001741,113,87,26
60QB001742,81,59,22
60QB001743,136,101,35
60QB001744,82,62,20
60QB001745,78,61,17
60QB001746,82,55,27
60QB001747,73,52,21
60QB001748,245,169,76
60QB001749,61,29,32
60QB001750,102,72,30
60QB001751,78,55,23
60QB001752,98,78,20
60QB001753,97,77,20
60QB001754,76,63,13
60QB001755,81,58,23
60QB001756,91,62,29
60QB001757,72,57,15
60QB001758,106,62,44
60QC000001,43,34,9
60QC000002,47,32,15
60QC000003,153,106,47
60QC000004,120,91,29
60QC000005,84,57,27
60QC000006,147,100,47
60QC000007,98,70,28
60QC000008,108,80,28
60QC000009,76,58,18
60QC000010,126,94,32
60QC000011,62,44,18
60QC000012,63,41,22
60QC000013,80,61,19
60QC000014,122,94,28
60QC000015,103,73,30
60QC000016,46,33,13
60QC000017,108,82,26
60QC000018,146,96,50
60QC000019,132,99,33
60QC000020,119,88,31
60QC000021,77,53,24
60QC000022,112,81,31
60QC000023,43,29,14
60QC000024,89,64,25
60QC000025,81,63,18
60QC000026,84,63,21
60QC000027,96,61,35
60QC000028,77,54,23
60QC000029,73,45,28
60QC000030,84,58,26
60QC000031,90,63,27
60QC000032,76,54,22
60QC000033,112,76,36
60QC000034,66,46,20
60QC000035,71,48,23
60QC000036,79,62,17
60QC000037,71,43,28
60QC000038,53,36,17
60QC000039,79,56,23
60QC000040,87,56,31
60QC000041,91,65,26
60QC000042,72,58,14
60QC000043,123,85,38
60QC000044,76,50,26
60QC000045,91,64,27
60QC000046,94,60,34
60QC000047,190,98,92
60QC000048,70,56,14
60QC000049,60,47,13
60QC000050,68,47,21
60QC000051,80,51,29
60QC000052,47,36,11
60QC000053,118,82,36
60QC000054,125,96,29
60QC000055,146,107,39
60QC000056,93,65,28
60QC000057,62,45,17
60QC000058,114,71,43
60QC000059,119,84,35
60QC000060,107,74,33
60QC000061,62,40,22
60QC000062,60,35,25
60QC000063,60,45,15
60QC000064,52,40,12
60QC000065,62,47,15
60QC000066,79,51,28
60QC000067,119,74,45
60QC000068,64,44,20
60QC000069,60,46,14
60QC000070,101,71,30
60QC000071,96,68,28
60QC000072,80,37,43
60QC000073,66,45,21
60QC000074,81,61,20
60QC000075,79,58,21
60QC000076,93,70,23
60QC000077,145,103,42
60QC000078,105,62,43
60QC000079,41,30,11
60QC000080,100,61,39
60QC000081,67,40,27
60QC000082,152,123,29
60QC000083,85,57,28
60QC000084,83,57,26
60QC000085,86,50,36
60QC000086,65,38,27
60QC000087,120,77,43
60QC000088,437,381,56
60QC000089,52,35,17
60QC000090,103,72,31
60QC000091,106,77,29
60QC000092,64,43,21
60QC000093,79,57,22
60QC000094,48,32,16
60QC000095,83,60,23
60QC000096,150,106,44
60QC000097,72,50,22
60QC000098,76,42,34
60QC000099,142,104,38
60QC000100,94,63,31
60QC000101,100,62,38
60QC000102,53,40,13
60QC000103,56,42,14
60QC000104,59,41,18
60QC000105,97,80,17
60QC000106,138,109,29
60QC000107,44,25,19
60QC000108,84,62,22
60QC000109,85,67,18
60QC000110,97,78,19
60QC000111,85,55,30
60QC000112,76,57,19
60QC000113,145,48,97
60QC000114,71,57,14
60QC000115,132,104,28
60QC000116,70,46,24
60QC000117,44,41,3
60QC000118,104,52,52
60QC000119,69,54,15
60QC000120,96,76,20
60QC000121,96,70,26
60QC000122,56,21,35
60QC000123,92,60,32
60QC000124,66,29,37
60QC000125,87,58,29
60QC000126,87,53,34
60QC000127,87,45,42
60QC000128,113,83,30
60QC000129,135,104,31
60QC000130,95,54,41
60QC000131,100,79,21
60QC000132,50,27,23
60QC000133,98,76,22
60QC000134,126,90,36
60QC000135,116,87,29
60QC000136,73,46,27
60QC000137,86,58,28
60QC000138,107,70,37
60QC000139,135,103,32
60QC000140,122,91,31
60QC000141,89,62,27
60QC000142,126,98,28
60QC000143,97,78,19
60QC000144,87,70,17
60QC000145,101,66,35
60QC000146,99,57,42
60QC000147,35,9,26
60QC000148,109,66,43
60QC000149,89,45,44
60QC000150,51,36,15
60QC000151,19,4,15
60QC000152,90,68,22
60QC000153,90,57,33
60QC000154,95,65,30
60QC000155,124,88,36
60QC000156,82,43,39
60QC000157,88,60,28
60QC000158,51,31,20
60QC000159,73,57,16
60QC000160,93,60,33
60QC000161,110,77,33
60QC000162,77,31,46
60QC000163,80,65,15
60QC000164,75,51,24
60QC000165,103,65,38
60QC000166,103,63,40
60QC000167,64,40,24
60QC000168,58,27,31
60QC000169,59,38,21
60QC000170,45,13,32
60QC000171,107,77,30
60QC000172,111,83,28
60QC000173,117,88,29
60QC000174,55,32,23
60QC000175,106,80,26
60QC000176,94,67,27
60QC000177,75,51,24
60QC000178,110,79,31
60QC000179,156,107,49
60QC000180,104,79,25
60QC000181,141,113,28
60QC000182,84,58,26
60QC000183,134,110,24
60QC000184,133,103,30
60QC000185,70,41,29
60QC000186,92,50,42
60QC000187,89,56,33
60QC000188,64,36,28
60QC000189,75,55,20
60QC000190,96,65,31
60QC000191,103,66,37
60QC000192,70,49,21
60QC000193,136,93,43
60QC000194,68,49,19
60QC000195,115,70,45
60QC000196,100,67,33
60QC000197,57,35,22
60QC000198,105,60,45
60QC000199,92,75,17
60QC000200,51,37,14
60QC000201,96,75,21
60QC000202,86,67,19
60QC000203,59,35,24
60QC000204,67,42,25
60QC000205,91,64,27
60QC000206,99,68,31
60QC000207,76,59,17
60QC000208,69,50,19
60QC000209,80,51,29
60QC000210,67,44,23
60QC000211,76,49,27
60QC000212,84,55,29
60QC000213,67,36,31
60QC000214,68,42,26
60QC000215,65,45,20
60QC000216,71,45,26
60QC000217,97,56,41
60QC000218,110,74,36
60QC000219,96,73,23
60QC000220,110,71,39
60QC000221,84,50,34
60QC000222,93,60,33
60QC000223,93,67,26
60QC000224,97,76,21
60QC000225,78,56,22
60QC000226,55,34,21
60QC000227,87,58,29
60QC000228,75,35,40
60QC000229,61,42,19
60QC000230,96,71,25
60QC000231,91,63,28
60QC000232,76,44,32
60QC000233,55,41,14
60QC000234,61,32,29
60QC000235,43,28,15
60QC000236,66,42,24
60QC000237,82,66,16
60QC000238,57,39,18
60QC000239,102,70,32
60QC000240,102,78,24
60QC000241,58,43,15
60QC000242,100,67,33
60QC000243,96,64,32
60QC000244,138,106,32
60QC000245,79,52,27
60QC000246,74,48,26
60QC000247,121,64,57
60QC000248,76,49,27
60QC000249,81,53,28
60QC000250,68,51,17
60QC000251,75,44,31
60QC000252,55,23,32
60QC000253,45,30,15
60QC000254,63,48,15
60QC000255,51,32,19
60QC000256,64,39,25
60QC000257,80,54,26
60QC000258,70,50,20
60QC000259,73,55,18
60QC000260,52,33,19
60QC000261,56,35,21
60QC000262,98,63,35
60QC000263,59,30,29
60QC000264,80,48,32
60QC000265,70,46,24
60QC000266,87,61,26
60QC000267,64,32,32
60QC000268,82,54,28
60QC000269,37,11,26
60QC000270,62,44,18
60QC000271,66,29,37
60QC000272,72,33,39
60QC000273,77,59,18
60QC000274,54,33,21
60QC000275,63,47,16
60QC000276,48,29,19
60QC000277,107,79,28
60QC000278,97,70,27
60QC000279,81,49,32
60QC000280,64,25,39
60QC000281,78,51,27
60QC000282,50,24,26
60QC000283,93,52,41
60QC000284,67,36,31
60QC000285,72,38,34
60QC000286,130,79,51
60QC000287,116,84,32
60QC000288,69,49,20
60QC000289,99,70,29
60QC000290,43,29,14
60QC000291,53,23,30
60QC000292,38,22,16
60QC000293,57,40,17
60QC000294,89,51,38
60QC000295,79,39,40
60QC000296,106,63,43
60QC000297,70,54,16
60QC000298,113,89,24
60QC000299,82,59,23
60QC000300,85,67,18
60QC000301,82,65,17
60QC000302,103,80,23
60QC000303,90,62,28
60QC000304,94,66,28
60QC000305,80,47,33
60QC000306,74,32,42
60QC000307,66,18,48
60QC000308,78,49,29
60QC000309,70,43,27
60QC000310,88,49,39
60QC000311,99,70,29
60QC000312,55,32,23
60QC000313,62,35,27
60QC000314,86,58,28
60QC000315,78,58,20
60QC000316,86,48,38
60QC000317,102,75,27
60QC000318,78,59,19
60QC000319,62,36,26
60QC000320,128,91,37
60QC000321,83,61,22
60QC000322,206,151,55
60QC000323,93,64,29
60QC000324,86,48,38
60QC000325,78,52,26
60QC000326,57,19,38
60QC000327,107,70,37
60QC000328,46,20,26
60QC000329,50,30,20
60QC000330,101,54,47
60QC000331,49,24,25
60QC000332,67,38,29
60QC000333,87,53,34
60QC000334,75,49,26
60QC000335,58,42,16
60QC000336,47,28,19
60QC000337,89,54,35
60QC000338,86,47,39
60QC000339,70,36,34
60QC000340,59,35,24
60QC000341,110,74,36
60QC000342,65,37,28
60QC000343,99,55,44
60QC000344,130,97,33
60QC000345,79,63,16
60QC000346,59,37,22
60QC000347,81,36,45
60QC000348,57,26,31
60QC000349,100,58,42
60QC000350,82,52,30
60QC000351,112,81,31
60QC000352,109,74,35
60QC000353,86,56,30
60QC000354,55,31,24
60QC000355,82,48,34
60QC000356,66,45,21
60QC000357,96,65,31
60QC000358,46,35,11
60QC000359,161,140,21
60QC000360,128,97,31
60QC000361,151,104,47
60QC000362,153,109,44
60QC000363,80,53,27
60QC000364,121,80,41
60QC000365,110,72,38
60QC000366,108,60,48
60QC000367,81,49,32
60QC000368,76,42,34
60QC000369,155,106,49
60QC000370,112,73,39
60QC000371,155,110,45
60QC000372,127,75,52
60QC000373,81,52,29
60QC000374,67,38,29
60QC000375,75,44,31
60QC000376,115,72,43
60QC000377,75,50,25
60QC000378,120,77,43
60QC000379,94,68,26
60QC000380,77,46,31
60QC000381,60,41,19
60QC000382,42,30,12
60QC000383,91,62,29
60QC000384,104,53,51
60QC000385,87,56,31
60QC000386,121,85,36
60QC000387,77,50,27
60QC000388,123,74,49
60QC000389,81,46,35
60QC000390,89,51,38
60QC000391,81,42,39
60QC000392,78,36,42
60QC000393,34,17,17
60QC000394,43,18,25
60QC000395,78,52,26
60QC000396,77,48,29
60QC000397,91,51,40
60QC000398,80,60,20
60QC000399,67,32,35
60QC000400,102,65,37
60QC000401,78,45,33
60QC000402,84,55,29
60QC000403,92,68,24
60QC000404,35,12,23
60QC000405,100,63,37
60QC000406,97,69,28
60QC000407,103,75,28
60QC000408,97,76,21
60QC000409,113,82,31
60QC000410,125,79,46
60QC000411,137,91,46
60QC000412,92,59,33
60QC000413,84,57,27
60QC000414,93,67,26
60QC000415,32,22,10
60QC000416,83,54,29
60QC000417,99,58,41
60QC000418,101,78,23
60QC000419,58,40,18
60QC000420,110,73,37
60QC000421,116,86,30
60QC000422,82,65,17
60QC000423,126,93,33
60QC000424,63,35,28
60QC000425,80,53,27
60QC000426,64,54,10
60QC000427,160,113,47
60QC000428,146,96,50
60QC000429,119,68,51
60QC000430,100,55,45
60QC000431,104,69,35
60QC000432,60,37,23
60QC000433,45,35,10
60QC000434,18,7,11
60QC000435,49,33,16
60QC000436,94,58,36
60QC000437,105,71,34
60QC000438,122,82,40
60QC000439,82,51,31
60QC000440,37,23,14
60QC000441,87,54,33
60QC000442,115,77,38
60QC000443,117,64,53
60QC000444,103,71,32
60QC000445,74,45,29
60QC000446,93,52,41
60QC000447,80,51,29
60QC000448,145,109,36
60QC000449,48,33,15
60QC000450,71,52,19
60QC000451,130,89,41
60QC000452,121,78,43
60QC000453,65,39,26
60QC000454,57,44,13
60QC000455,53,39,14
60QC000456,42,38,4
60QC000457,117,75,42
60QC000458,47,20,27
60QC000459,60,41,19
60QC000460,38,27,11
60QC000461,84,60,24
60QC000462,71,56,15
60QC000463,70,59,11
60QC000464,50,45,5
60QC000465,67,33,34
60QC000466,57,34,23
60QC000467,89,59,30
60QC000468,102,77,25
60QC000469,93,70,23
60QC000470,93,41,52
60QC000471,69,45,24
60QC000472,85,62,23
60QC000473,68,43,25
60QC000474,82,32,50
60QC000475,81,55,26
60QC000476,115,60,55
60QC000477,130,93,37
60QC000478,77,54,23
60QC000479,133,95,38
60QC000480,90,57,33
60QC000481,102,73,29
60QC000482,80,67,13
60QC000483,101,79,22
60QC000484,80,46,34
60QC000485,101,65,36
60QC000486,63,52,11
60QC000487,47,29,18
60QC000488,58,39,19
60QC000489,55,31,24
60QC000490,44,24,20
60QC000491,89,64,25
60QC000492,45,34,11
60QC000493,55,47,8
60QC000494,114,76,38
60QC000495,103,63,40
60QC000496,89,79,10
60QC000497,91,50,41
60QC000498,60,34,26
60QC000499,103,71,32
60QC000500,93,59,34
60QC000501,73,46,27
60QC000502,60,43,17
60QC000503,81,54,27
60QC000504,89,52,37
60QC000505,70,45,25
60QC000506,100,76,24
60QC000507,77,47,30
60QC000508,51,32,19
60QC000509,44,31,13
60QC000510,87,50,37
60QC000511,104,60,44
60QC000512,42,23,19
60QC000513,93,65,28
60QC000514,85,62,23
60QC000515,35,15,20
60QC000516,60,39,21
60QC000517,65,46,19
60QC000518,102,70,32
60QC000519,72,54,18
60QC000520,99,63,36
60QC000521,87,52,35
60QC000522,73,54,19
60QC000523,102,67,35
60QC000524,91,66,25
60QC000525,99,53,46
60QC000526,103,79,24
60QC000527,112,83,29
60QC000528,63,34,29
60QC000529,81,57,24
60QC000530,71,56,15
60QC000531,62,42,20
60QC000532,64,50,14
60QC000533,96,59,37
60QC000534,62,40,22
60QC000535,130,96,34
60QC000536,95,64,31
60QC000537,87,51,36
60QC000538,79,47,32
60QC000539,72,37,35
60QC000540,113,65,48
60QC000541,74,31,43
60QC000542,102,64,38
60QC000543,79,51,28
60QC000544,80,51,29
60QC000545,103,57,46
60QC000546,48,27,21
60QC000547,68,36,32
60QC000548,94,51,43
60QC000549,67,59,8
60QC000550,124,92,32
60QC000551,57,39,18
60QC000552,83,47,36
60QC000553,56,29,27
60QC000554,81,54,27
60QC000555,48,28,20
60QC000556,47,32,15
60QC000557,48,36,12
60QC000558,72,50,22
60QC000559,81,65,16
60QC000560,53,37,16
60QC000561,40,31,9
60QC000562,62,33,29
60QC000563,75,54,21
60QC000564,80,63,17
60QC000565,29,15,14
60QC000566,85,63,22
60QC000567,86,67,19
60QC000568,85,50,35
60QC000569,90,61,29
60QC000570,37,31,6
60QC000571,111,79,32
60QC000572,69,52,17
60QC000573,60,46,14
60QC000574,124,82,42
60QC000575,44,32,12
60QC000576,78,50,28
60QC000577,121,69,52
60QC000578,72,48,24
60QC000579,78,40,38
60QC000580,103,72,31
60QC000581,71,43,28
60QC000582,77,54,23
60QC000583,79,51,28
60QC000584,54,29,25
60QC000585,79,53,26
60QC000586,40,24,16
60QC000587,79,61,18
60QC000588,52,35,17
60QC000589,58,36,22
60QC000590,84,48,36
60QC000591,102,76,26
60QC000592,30,25,5
60QC000593,57,27,30
60QC000594,33,18,15
60QC000595,81,41,40
60QC000596,74,40,34
60QC000597,62,36,26
60QC000598,50,36,14
60QC000599,77,54,23
60QC000600,115,71,44
60QC000601,79,54,25
60QC000602,120,74,46
60QC000603,122,89,33
60QC000604,114,64,50
60QC000605,70,48,22
60QC000606,101,66,35
60QC000607,76,35,41
60QC000608,104,70,34
60QC000609,66,46,20
60QC000610,78,55,23
60QC000611,77,56,21
60QC000612,93,52,41
60QC000613,69,37,32
60QC000614,84,46,38
60QC000615,102,72,30
60QC000616,138,83,55
60QC000617,101,66,35
60QC000618,122,84,38
60QC000619,89,71,18
60QC000620,84,61,23
60QC000621,106,66,40
60QC000622,110,71,39
60QC000623,92,48,44
60QC000624,113,90,23
60QC000625,120,74,46
60QC000626,63,49,14
60QC000627,145,99,46
60QC000628,167,138,29
60QC000629,74,45,29
60QC000630,110,78,32
60QC000631,94,75,19
60QC000632,37,18,19
60QC000633,47,22,25
60QC000634,54,35,19
60QC000635,73,53,20
60QC000636,97,77,20
60QC000637,103,56,47
60QC000638,101,77,24
60QC000639,71,57,14
60QC000640,64,44,20
60QC000641,80,62,18
60QC000642,86,61,25
60QC000643,94,62,32
60QC000644,41,21,20
60QC000645,80,58,22
60QC000646,102,71,31
60QC000647,86,47,39
60QC000648,94,64,30
60QC000649,90,69,21
60QC000650,153,111,42
60QC000651,38,14,24
60QC000652,65,40,25
60QC000653,112,69,43
60QC000654,133,97,36
60QC000655,90,50,40
60QC000656,65,29,36
60QC000657,93,66,27
60QC000658,66,44,22
60QC000659,99,64,35
60QC000660,69,44,25
60QC000661,95,51,44
60QC000662,71,45,26
60QC000663,99,74,25
60QC000664,103,65,38
60QC000665,62,43,19
60QC000666,47,33,14
60QC000667,93,64,29
60QC000668,74,47,27
60QC000669,51,38,13
60QC000670,63,27,36
60QC000671,40,23,17
60QC000672,95,61,34
60QC000673,84,50,34
60QC000674,68,29,39
60QC000675,92,65,27
60QC000676,120,78,42
60QC000677,104,64,40
60QC000678,99,60,39
60QC000679,61,35,26
60QC000680,113,71,42
60QC000681,56,36,20
60QC000682,90,57,33
60QC000683,111,77,34
60QC000684,118,83,35
60QC000685,104,58,46
60QC000686,44,24,20
60QC000687,76,44,32
60QC000688,94,57,37
60QC000689,58,52,6
60QC000690,73,44,29
60QC000691,72,48,24
60QC000692,67,39,28
60QC000693,66,40,26
60QC000694,65,39,26
60QC000695,96,59,37
60QC000696,72,52,20
60QC000697,50,36,14
60QC000698,91,58,33
60QC000699,96,71,25
60QC000700,126,93,33
60QC000701,112,78,34
60QC000702,111,78,33
60QC000703,62,44,18
60QC000704,116,75,41
60QC000705,90,63,27
60QC000706,48,39,9
60QC000707,48,38,10
60QC000708,91,42,49
60QC000709,125,75,50
60QC000710,65,45,20
60QC000711,94,69,25
60QC000712,98,76,22
60QC000713,60,36,24
60QC000714,86,59,27
60QC000715,59,31,28
60QC000716,97,71,26
60QC000717,93,60,33
60QC000718,122,80,42
60QC000719,58,48,10
60QC000720,84,57,27
60QC000721,93,70,23
60QC000722,132,114,18
60QC000723,121,91,30
60QC000724,130,94,36
60QC000725,45,35,10
60QC000726,65,37,28
60QC000727,50,41,9
60QC000728,110,84,26
60QC000729,82,28,54
60QC000730,47,36,11
60QC000731,61,42,19
60QC000732,66,54,12
60QC000733,75,54,21
60QC000734,72,51,21
60QC000735,61,43,18
60QC000736,106,89,17
60QC000737,82,52,30
60QC000738,88,50,38
60QC000739,145,93,52
60QC000740,127,86,41
60QC000741,72,44,28
60QC000742,52,31,21
60QC000743,109,83,26
60QC000744,47,39,8
60QC000745,69,42,27
60QC000746,69,48,21
60QC000747,97,68,29
60QC000748,72,51,21
60QC000749,61,42,19
60QC000750,46,22,24
60QC000751,59,45,14
60QC000752,49,31,18
60QC000753,67,40,27
60QC000754,60,32,28
60QC000755,79,61,18
60QC000756,79,65,14
60QC000757,129,95,34
60QC000758,34,29,5
60QC000759,65,33,32
60QC000760,54,45,9
60QC000761,61,48,13
60QC000762,52,41,11
60QC000763,43,31,12
60QC000764,44,31,13
60QC000765,71,52,19
60QC000766,66,33,33
60QC000767,41,26,15
60QC000768,82,54,28
60QC000769,69,57,12
60QC000770,113,83,30
60QC000771,66,39,27
60QC000772,68,35,33
60QC000773,42,27,15
60QC000774,66,34,32
60QC000775,132,98,34
60QC000776,87,58,29
60QC000777,46,27,19
60QC000778,186,144,42
60QC000779,103,75,28
60QC000780,52,35,17
60QC000781,39,19,20
60QC000782,140,101,39
60QC000783,49,35,14
60QC000784,107,85,22
60QC000785,60,40,20
60QC000786,51,34,17
60QC000787,150,109,41
60QC000788,69,57,12
60QC000789,83,55,28
60QC000790,87,57,30
60QC000791,217,144,73
60QC000792,96,59,37
60QC000793,60,40,20
60QC000794,94,41,53
60QC000795,50,35,15
60QC000796,94,71,23
60QC000797,79,53,26
60QC000798,70,48,22
60QC000799,89,62,27
60QC000800,116,59,57
60QC000801,111,69,42
60QC000802,73,54,19
60QC000803,85,56,29
60QC000804,97,71,26
60QC000805,73,46,27
60QC000806,79,61,18
60QC000807,100,87,13
60QC000808,69,45,24
60QC000809,71,42,29
60QC000810,106,68,38
60QC000811,79,57,22
60QC000812,102,77,25
60QC000813,136,94,42
60QC000814,58,44,14
60QC000815,108,82,26
60QC000816,56,40,16
60QC000817,96,71,25
60QC000818,119,93,26
60QC000819,108,81,27
60QC000820,104,95,9
60QC000821,72,50,22
60QC000822,85,60,25
60QC000823,106,79,27
60QC000824,108,71,37
60QC000825,75,49,26
60QC000826,87,69,18
60QC000827,117,90,27
60QC000828,60,44,16
60QC000829,48,39,9
60QC000830,171,131,40
60QC000831,58,39,19
60QC000832,93,65,28
60QC000833,94,64,30
60QC000834,103,81,22
60QC000835,147,117,30
60QC000836,91,82,9
60QC000837,42,35,7
60QC000838,98,69,29
60QC000839,85,65,20
60QC000840,63,44,19
60QC000841,89,49,40
60QC000842,105,60,45
60QC000843,48,32,16
60QC000844,83,57,26
60QC000845,130,104,26
60QC000846,88,61,27
60QC000847,51,38,13
60QC000848,114,81,33
60QC000849,38,22,16
60QC000850,66,46,20
60QC000851,118,89,29
60QC000852,101,72,29
60QC000853,56,36,20
60QC000854,54,24,30
60QC000855,69,44,25
60QC000856,129,98,31
60QC000857,131,86,45
60QC000858,78,59,19
60QC000859,123,94,29
60QC000860,105,57,48
60QC000861,53,14,39
60QC000862,73,52,21
60QC000863,20,4,16
60QC000864,108,68,40
60QC000865,54,42,12
60QC000866,152,99,53
60QC000867,96,56,40
60QC000868,86,56,30
60QC000869,40,27,13
60QC000870,113,78,35
60QC000871,41,22,19
60QC000872,56,42,14
60QC000873,19,13,6
60QC000874,45,37,8
60QC000875,86,63,23
60QC000876,84,48,36
60QC000877,73,48,25
60QC000878,56,44,12
60QC000879,78,56,22
60QC000880,112,76,36
60QC000881,62,51,11
60QC000882,23,9,14
60QC000883,52,37,15
60QC000884,65,41,24
60QC000885,68,59,9
60QC000886,99,72,27
60QC000887,99,64,35
60QC000888,113,73,40
60QC000889,80,56,24
60QC000890,47,29,18
60QC000891,128,83,45
60QC000892,36,23,13
60QC000893,53,33,20
60QC000894,64,40,24
60QC000895,63,50,13
60QC000896,81,49,32
60QC000897,55,40,15
60QC000898,105,60,45
60QC000899,46,32,14
60QC000900,83,57,26
60QC000901,39,20,19
60QC000902,78,47,31
60QC000903,42,31,11
60QC000904,105,80,25
60QC000905,55,35,20
60QC000906,46,22,24
60QC000907,88,50,38
60QC000908,44,26,18
60QC000909,130,95,35
60QC000910,74,51,23
60QC000911,63,33,30
60QC000912,100,53,47
60QC000913,73,51,22
60QC000914,106,70,36
60QC000915,45,30,15
60QC000916,352,246,106
60QC000917,108,83,25
60QC000918,83,54,29
60QC000919,111,84,27
60QC000920,109,72,37
60QC000921,211,154,57
60QC000922,90,74,16
60QC000923,93,64,29
60QC000924,112,96,16
60QC000925,114,94,20
60QC000926,70,59,11
60QC000927,83,73,10
60QC000928,119,104,15
60QC000929,68,50,18
60QC000930,87,58,29
60QC000931,96,70,26
60QD000001,45,33,12
60QD000002,124,92,32
60QD000003,38,31,7
60QD000004,69,48,21
60QD000005,107,85,22
60QD000006,91,58,33
60QD000007,88,37,51
60QD000008,48,20,28
60QD000009,87,60,27
60QD000010,46,24,22
60QD000011,39,25,14
60QD000012,75,39,36
60QD000013,36,13,23
60QD000014,102,67,35
60QD000015,91,57,34
60QD000016,137,92,45
60QD000017,54,27,27
60QD000018,43,28,15
60QD000019,99,43,56
60QD000020,56,43,13
60QD000021,80,50,30
60QD000022,137,81,56
60QD000023,104,59,45
60QD000024,84,43,41
60QD000025,49,27,22
60QD000026,104,54,50
60QD000027,41,36,5
60QD000028,115,62,53
60QD000029,83,51,32
60QD000030,99,70,29
60QD000031,52,38,14
60QD000032,74,42,32
60QD000033,113,95,18
60QD000034,65,39,26
60QD000035,123,67,56
60QD000036,39,14,25
60QD000037,88,60,28
60QD000038,98,60,38
60QD000039,87,62,25
60QD000040,62,33,29
60QD000041,98,58,40
60QD000042,92,62,30
60QD000043,71,60,11
60QD000044,36,24,12
60QD000045,79,41,38
60QD000046,86,47,39
60QD000047,108,63,45
60QD000048,57,30,27
60QD000049,76,54,22
60QD000050,93,67,26
60QD000051,46,27,19
60QD000052,147,84,63
60QD000053,86,58,28
60QD000054,143,98,45
60QD000055,49,39,10
60QD000056,56,35,21
60QD000057,52,36,16
60QD000058,103,85,18
60QD000059,108,73,35
60QD000060,100,76,24
60QD000061,90,58,32
60QD000062,174,122,52
60QD000063,117,84,33
60QD000064,125,85,40
60QD000065,77,65,12
60QD000066,90,50,40
60QD000067,135,91,44
60QD000068,125,77,48
60QD000069,136,100,36
60QD000070,55,43,12
60QD000071,85,67,18
60QD000072,88,57,31
60QD000073,114,92,22
60QD000074,70,50,20
60QD000075,87,59,28
60QD000076,90,65,25
60QD000077,108,66,42
60QD000078,89,66,23
60QD000079,68,43,25
60QD000080,80,48,32
60QD000081,88,72,16
60QD000082,105,74,31
60QD000083,127,97,30
60QD000084,74,34,40
60QD000085,110,81,29
60QD000086,75,47,28
60QD000087,59,43,16
60QD000088,82,55,27
60QD000089,54,36,18
60QD000090,65,45,20
60QD000091,103,76,27
60QD000092,74,48,26
60QD000093,128,83,45
60QD000094,69,51,18
60QD000095,96,72,24
60QD000096,83,61,22
60QD000097,116,81,35
60QD000098,115,84,31
60QD000099,66,43,23
60QD000100,101,74,27
60QD000101,82,57,25
60QD000102,145,101,44
60QD000103,71,45,26
60QD000104,65,44,21
60QD000105,55,40,15
60QD000106,91,69,22
60QD000107,53,34,19
60QD000108,70,52,18
60QD000109,91,67,24
60QD000110,92,67,25
60QD000111,74,33,41
60QD000112,64,30,34
60QD000113,104,66,38
60QD000114,51,32,19
60QD000115,91,61,30
60QD000116,61,28,33
60QD000117,101,74,27
60QD000118,54,37,17
60QD000119,60,38,22
60QD000120,84,67,17
60QD000121,45,31,14
60QD000122,50,41,9
60QD000123,60,38,22
60QD000124,101,95,6
60QD000125,51,27,24
60QD000126,42,32,10
60QD000127,61,40,21
60QD000128,44,26,18
60QD000129,82,63,19
60QD000130,117,75,42
60QD000131,32,16,16
60QD000132,37,21,16
60QD000133,66,32,34
60QD000134,61,41,20
60QD000135,61,49,12
60QD000136,54,41,13
60QD000137,71,56,15
60QD000138,106,82,24
60QD000139,41,25,16
60QD000140,106,76,30
60QD000141,83,64,19
60QD000142,82,66,16
60QD000143,77,61,16
60QD000144,91,65,26
60QD000145,96,69,27
60QD000146,62,40,22
60QD000147,92,50,42
60QD000148,123,84,39
60QD000149,54,39,15
60QD000150,45,32,13
60QD000151,63,38,25
60QD000152,108,70,38
60QD000153,65,46,19
60QD000154,101,71,30
60QD000155,115,71,44
60QD000156,153,102,51
60QD000157,128,83,45
60QD000158,61,27,34
60QD000159,51,28,23
60QD000160,49,22,27
60QD000161,95,55,40
60QD000162,123,82,41
60QD000163,101,76,25
60QD000164,86,52,34
60QD000165,85,47,38
60QD000166,70,57,13
60QD000167,76,49,27
60QD000168,58,29,29
60QD000169,57,22,35
60QD000170,92,70,22
60QD000171,43,21,22
60QD000172,45,17,28
60QD000173,59,34,25
60QD000174,92,56,36
60QD000175,83,53,30
60QD000176,101,60,41
60QD000177,104,61,43
60QD000178,63,42,21
60QD000179,83,52,31
60QD000180,112,77,35
60QD000181,74,40,34
60QD000182,65,37,28
60QD000183,66,34,32
60QD000184,56,31,25
60QD000185,90,55,35
60QD000186,77,48,29
60QD000187,88,58,30
60QD000188,48,12,36
60QD000189,55,28,27
60QD000190,76,55,21
60QD000191,37,25,12
60QD000192,112,64,48
60QD000193,115,76,39
60QD000194,94,49,45
60QD000195,92,58,34
60QD000196,90,51,39
60QD000197,105,57,48
60QD000198,93,57,36
60QD000199,43,25,18
60QD000200,119,69,50
60QD000201,87,58,29
60QD000202,136,89,47
60QD000203,64,34,30
60QD000204,73,42,31
60QD000205,136,92,44
60QD000206,120,77,43
60QD000207,65,38,27
60QD000208,61,43,18
60QD000209,102,81,21
60QD000210,48,31,17
60QD000211,85,48,37
60QD000212,84,57,27
60QD000213,33,14,19
60QD000214,119,71,48
60QD000215,67,35,32
60QD000216,86,49,37
60QD000217,78,38,40
60QD000218,70,51,19
60QD000219,76,49,27
60QD000220,88,59,29
60QD000221,77,41,36
60QD000222,54,31,23
60QD000223,102,69,33
60QD000224,66,44,22
60QD000225,98,50,48
60QD000226,88,49,39
60QD000227,87,45,42
60QD000228,85,52,33
60QD000229,46,28,18
60QD000230,97,46,51
60QD000231,53,20,33
60QD000232,86,50,36
60QD000233,85,51,34
60QD000234,101,59,42
60QD000235,102,61,41
60QD000236,56,25,31
60QD000237,38,17,21
60QD000238,88,55,33
60QD000239,82,35,47
60QD000240,71,42,29
60QD000241,61,38,23
60QD000242,43,17,26
60QD000243,62,38,24
60QD000244,65,25,40
60QD000245,80,50,30
60QD000246,115,87,28
60QD000247,89,66,23
60QD000248,81,58,23
60QD000249,100,70,30
60QD000250,99,66,33
60QD000251,61,40,21
60QD000252,65,39,26
60QD000253,85,59,26
60QD000254,95,49,46
60QD000255,45,25,20
60QD000256,111,66,45
60QD000257,89,52,37
60QD000258,40,24,16
60QD000259,63,30,33
60QD000260,65,41,24
60QD000261,46,28,18
60QD000262,110,59,51
60QD000263,76,44,32
60QD000264,54,36,18
60QD000265,93,73,20
60QD000266,79,57,22
60QD000267,73,47,26
60QD000268,57,44,13
60QD000269,70,60,10
60QD000270,67,46,21
60QD000271,57,18,39
60QD000272,39,27,12
60QD000273,53,33,20
60QD000274,56,36,20
60QD000275,49,36,13
60QD000276,51,41,10
60QD000277,58,40,18
60QD000278,92,69,23
60QD000279,125,84,41
60QD000280,106,74,32
60QD000281,99,66,33
60QD000282,82,57,25
60QD000283,59,28,31
60QD000284,70,41,29
60QD000285,84,41,43
60QD000286,94,62,32
60QD000287,82,53,29
60QD000288,142,77,65
60QD000289,116,75,41
60QD000290,72,37,35
60QD000291,94,57,37
60QD000292,128,72,56
60QD000293,63,36,27
60QD000294,68,47,21
60QD000295,70,38,32
60QD000296,121,86,35
60QD000297,74,37,37
60QD000298,92,45,47
60QD000299,77,50,27
60QD000300,67,41,26
60QD000301,77,33,44
60QD000302,52,25,27
60QD000303,54,28,26
60QD000304,65,32,33
60QD000305,97,63,34
60QD000306,56,23,33
60QD000307,69,50,19
60QD000308,69,37,32
60QD000309,55,26,29
60QD000310,28,6,22
60QD000311,77,39,38
60QD000312,78,43,35
60QD000313,84,49,35
60QD000314,63,31,32
60QD000315,51,22,29
60QD000316,79,41,38
60QD000317,44,22,22
60QD000318,117,69,48
60QD000319,79,40,39
60QD000320,70,30,40
60QD000321,100,62,38
60QD000322,73,54,19
60QD000323,80,44,36
60QD000324,64,41,23
60QD000325,104,52,52
60QD000326,112,83,29
60QD000327,60,31,29
60QD000328,62,36,26
60QD000329,85,49,36
60QD000330,79,37,42
60QD000331,81,57,24
60QD000332,83,39,44
60QD000333,136,96,40
60QD000334,32,23,9
60QD000335,92,67,25
60QD000336,62,36,26
60QD000337,43,26,17
60QD000338,65,48,17
60QD000339,94,74,20
60QD000340,137,93,44
60QD000341,68,37,31
60QD000342,76,55,21
60QD000343,95,65,30
60QD000344,91,63,28
60QD000345,94,63,31
60QD000346,66,35,31
60QD000347,85,57,28
60QD000348,73,64,9
60QD000349,68,46,22
60QD000350,104,74,30
60QD000351,74,52,22
60QD000352,87,59,28
60QD000353,62,44,18
60QD000354,91,58,33
60QD000355,53,32,21
60QD000356,121,68,53
60QD000357,59,33,26
60QD000358,115,83,32
60QD000359,123,79,44
60QD000360,108,83,25
60QD000361,89,65,24
60QD000362,73,59,14
60QD000363,165,126,39
60QD000364,154,116,38
60QD000365,93,67,26
60QD000366,72,55,17
60QD000367,54,34,20
60QD000368,89,64,25
60QD000369,53,24,29
60QD000370,98,56,42
60QD000371,100,73,27
60QD000372,81,55,26
60QD000373,70,55,15
60QD000374,101,68,33
60QD000375,93,54,39
60QD000376,85,47,38
60QD000377,51,32,19
60QD000378,60,33,27
60QD000379,66,45,21
60QD000380,61,39,22
60QD000381,52,34,18
60QD000382,96,55,41
60QD000383,95,57,38
60QD000384,74,53,21
60QD000385,86,43,43
60QD000386,94,63,31
60QD000387,95,64,31
60QD000388,73,45,28
60QD000389,109,70,39
60QD000390,45,32,13
60QD000391,86,45,41
60QD000392,114,77,37
60QD000393,42,29,13
60QD000394,44,23,21
60QD000395,75,53,22
60QD000396,46,25,21
60QD000397,85,58,27
60QD000398,74,48,26
60QD000399,69,55,14
60QD000400,92,57,35
60QD000401,84,46,38
60QD000402,62,35,27
60QD000403,117,85,32
60QD000404,57,41,16
60QD000405,56,39,17
60QD000406,48,45,3
60QD000407,87,60,27
60QD000408,53,23,30
60QD000409,64,37,27
60QD000410,59,35,24
60QD000411,105,67,38
60QD000412,76,57,19
60QD000413,106,82,24
60QD000414,76,53,23
60QD000415,84,59,25
60QD000416,85,37,48
60QD000417,52,20,32
60QD000418,91,57,34
60QD000419,96,54,42
60QD000420,102,66,36
60QD000421,88,59,29
60QD000422,83,61,22
60QD000423,82,43,39
60QD000424,88,48,40
60QD000425,69,46,23
60QD000426,66,41,25
60QD000427,79,39,40
60QD000428,51,30,21
60QD000429,78,44,34
60QD000430,90,68,22
60QD000431,73,41,32
60QD000432,93,76,17
60QD000433,106,78,28
60QD000434,99,72,27
60QD000435,88,65,23
60QD000436,135,105,30
60QD000437,118,90,28
60QD000438,114,82,32
60QD000439,108,85,23
60QD000440,133,97,36
60QD000441,98,60,38
60QD000442,95,74,21
60QD000443,141,92,49
60QD000444,98,77,21
60QD000445,82,58,24
60QD000446,83,69,14
60QD000447,179,133,46
60QD000448,64,37,27
60QD000449,59,40,19
60QD000450,119,78,41
60QD000451,103,58,45
60QD000452,111,70,41
60QD000453,139,77,62
60QD000454,108,71,37
60QD000455,37,19,18
60QD000456,111,75,36
60QD000457,94,61,33
60QD000458,121,86,35
60QD000459,91,50,41
60QD000460,155,107,48
60QD000461,113,71,42
60QD000462,87,53,34
60QD000463,95,62,33
60QD000464,90,67,23
60QD000465,106,73,33
60QD000466,73,54,19
60QD000467,83,51,32
60QD000468,101,68,33
60QD000469,85,61,24
60QD000470,86,51,35
60QD000471,79,51,28
60QD000472,63,47,16
60QD000473,44,25,19
60QD000474,70,41,29
60QD000475,110,92,18
60QD000476,110,83,27
60QD000477,138,104,34
60QD000478,100,72,28
60QD000479,106,62,44
60QD000480,73,50,23
60QD000481,124,81,43
60QD000482,68,46,22
60QD000483,101,69,32
60QD000484,78,55,23
60QD000485,40,26,14
60QD000486,79,54,25
60QD000487,99,60,39
60QD000488,70,41,29
60QD000489,92,45,47
60QD000490,98,81,17
60QD000491,101,71,30
60QD000492,75,34,41
60QD000493,77,58,19
60QD000494,88,52,36
60QD000495,100,56,44
60QD000496,82,50,32
60QD000497,120,67,53
60QD000498,100,71,29
60QD000499,99,62,37
60QD000500,78,44,34
60QD000501,98,83,15
60QD000502,87,63,24
60QD000503,113,94,19
60QD000504,97,80,17
60QD000505,100,69,31
60QD000506,147,107,40
60QD000507,92,51,41
60QD000508,93,76,17
60QD000509,68,49,19
60QD000510,81,60,21
60QD000511,68,45,23
60QD000512,22,7,15
60QD000513,85,47,38
60QD000514,91,58,33
60QD000515,95,75,20
60QD000516,74,45,29
60QD000517,84,58,26
60QD000518,43,36,7
60QD000519,87,59,28
60QD000520,73,42,31
60QD000521,58,45,13
60QD000522,55,42,13
60QD000523,126,94,32
60QD000524,102,68,34
60QD000525,158,130,28
60QD000526,55,43,12
60QD000527,50,42,8
60QD000528,85,69,16
60QD000529,101,71,30
60QD000530,92,61,31
60QD000531,101,70,31
60QD000532,113,72,41
60QD000533,117,95,22
60QD000534,67,37,30
60QD000535,91,64,27
60QD000536,93,73,20
60QD000537,72,60,12
60QD000538,129,105,24
60QD000539,85,67,18
60QD000540,61,41,20
60QD000541,97,57,40
60QD000542,66,40,26
60QD000543,140,92,48
60QD000544,99,71,28
60QD000545,151,102,49
60QD000546,119,88,31
60QD000547,115,76,39
60QD000548,98,63,35
60QD000549,121,89,32
60QD000550,66,49,17
60QD000551,115,90,25
60QD000552,93,74,19
60QD000553,44,36,8
60QD000554,57,40,17
60QD000555,136,100,36
60QD000556,70,57,13
60QD000557,45,21,24
60QD000558,75,42,33
60QD000559,79,55,24
60QD000560,109,77,32
60QD000561,121,84,37
60QD000562,97,69,28
60QD000563,98,72,26
60QD000564,115,87,28
60QD000565,58,35,23
60QD000566,100,62,38
60QD000567,78,60,18
60QD000568,47,33,14
60QD000569,127,101,26
60QD000570,82,56,26
60QD000571,112,87,25
60QD000572,127,83,44
60QD000573,110,60,50
60QD000574,101,55,46
60QD000575,98,74,24
60QD000576,95,59,36
60QD000577,87,59,28
60QD000578,83,59,24
60QD000579,102,76,26
60QD000580,38,25,13
60QD000581,85,61,24
60QD000582,70,46,24
60QD000583,49,36,13
60QD000584,90,69,21
60QD000585,80,52,28
60QD000586,61,45,16
60QD000587,69,47,22
60QD000588,73,40,33
60QD000589,56,36,20
60QD000590,2346,2319,27
60QD000591,79,48,31
60QD000592,87,61,26
60QD000593,102,62,40
60QD000594,118,86,32
60QD000595,55,38,17
60QD000596,56,51,5
60QD000597,42,29,13
60QD000598,140,97,43
60QD000599,31,12,19
60QD000600,85,50,35
60QD000601,47,27,20
60QD000602,81,51,30
60QD000603,61,30,31
60QD000604,52,24,28
60QD000605,41,28,13
60QD000606,86,61,25
60QD000607,66,39,27
60QD000608,40,24,16
60QD000609,46,32,14
60QD000610,96,56,40
60QD000611,41,26,15
60QD000612,81,60,21
60QD000613,51,37,14
60QD000614,67,43,24
60QD000615,48,27,21
60QD000616,93,60,33
60QD000617,43,20,23
60QD000618,62,42,20
60QD000619,61,41,20
60QD000620,55,36,19
60QD000621,75,36,39
60QD000622,44,24,20
60QD000623,52,27,25
60QD000624,55,33,22
60QD000625,90,57,33
60QD000626,82,56,26
60QD000627,41,22,19
60QD000628,79,56,23
60QD000629,90,53,37
60QD000630,105,60,45
60QD000631,71,51,20
60QD000632,48,38,10
60QD000633,42,33,9
60QD000634,92,61,31
60QD000635,100,92,8
60QD000636,100,74,26
60QD000637,53,41,12
60QD000638,56,40,16
60QD000639,97,69,28
60QD000640,99,63,36
60QD000641,62,43,19
60QD000642,96,61,35
60QD000643,66,44,22
60QD000644,78,39,39
60QD000645,48,34,14
60QD000646,55,37,18
60QD000647,111,81,30
60QD000648,41,31,10
60QD000649,59,40,19
60QD000650,81,39,42
60QD000651,59,48,11
60QD000652,63,44,19
60QD000653,66,52,14
60QD000654,106,74,32
60QD000655,81,70,11
60QD000656,106,72,34
60QD000657,86,62,24
60QD000658,40,29,11
60QD000659,71,53,18
60QD000660,82,65,17
60QD000661,57,47,10
60QD000662,51,30,21
60QD000663,76,52,24
60QD000664,103,67,36
60QD000665,72,43,29
60QD000666,56,44,12
60QD000667,73,52,21
60QD000668,55,24,31
60QD000669,117,63,54
60QD000670,58,38,20
60QD000671,122,91,31
60QD000672,98,66,32
60QD000673,38,16,22
60QD000674,74,37,37
60QD000675,75,33,42
60QD000676,90,47,43
60QD000677,47,22,25
60QD000678,73,41,32
60QD000679,67,38,29
60QD000680,125,60,65
60QD000681,67,32,35
60QD000682,80,56,24
60QD000683,53,35,18
60QD000684,77,57,20
60QD000685,77,56,21
60QD000686,166,110,56
60QD000687,85,59,26
60QD000688,53,36,17
60QD000689,74,46,28
60QD000690,70,50,20
60QD000691,66,53,13
60QD000692,99,67,32
60QD000693,95,69,26
60QD000694,46,26,20
60QD000695,68,50,18
60QD000696,138,109,29
60QD000697,74,46,28
60QD000698,56,30,26
60QD000699,60,32,28
60QD000700,100,64,36
60QD000701,69,52,17
60QD000702,94,78,16
60QD000703,48,35,13
60QD000704,93,72,21
60QD000705,197,128,69
60QD000706,108,76,32
60QD000707,73,50,23
60QD000708,80,57,23
60QD000709,69,53,16
60QD000710,138,95,43
60QD000711,29,16,13
60QD000712,116,74,42
60QD000713,107,88,19
60QD000714,67,46,21
60QD000715,74,55,19
60QD000716,63,47,16
60QD000717,89,59,30
60QD000718,73,53,20
60QD000719,83,55,28
60QD000720,57,9,48
60QD000721,56,45,11
60QD000722,126,80,46
60QD000723,73,42,31
60QD000724,72,41,31
60QD000725,107,60,47
60QD000726,35,20,15
60QD000727,84,46,38
60QD000728,53,29,24
60QD000729,70,39,31
60QD000730,31,19,12
60QD000731,41,19,22
60QD000732,80,33,47
60QD000733,81,50,31
60QD000734,54,26,28
60QD000735,74,54,20
60QD000736,63,31,32
60QD000737,52,24,28
60QD000738,48,25,23
60QD000739,78,55,23
60QD000740,93,61,32
60QD000741,53,37,16
60QD000742,59,34,25
60QD000743,53,41,12
60QD000744,94,41,53
60QD000745,112,66,46
60QD000746,40,27,13
60QD000747,78,50,28
60QD000748,120,77,43
60QD000749,87,56,31
60QD000750,58,40,18
60QD000751,104,59,45
60QD000752,62,38,24
60QD000753,48,30,18
60QD000754,111,65,46
60QD000755,92,64,28
60QD000756,76,54,22
60QD000757,85,54,31
60QD000758,116,73,43
60QD000759,107,67,40
60QD000760,99,87,12
60QD000761,108,77,31
60QD000762,130,92,38
60QD000763,54,42,12
60QD000764,81,56,25
60QD000765,55,41,14
60QD000766,106,79,27
60QD000767,52,29,23
60QD000768,76,44,32
60QD000769,83,63,20
60QD000770,112,73,39
60QD000771,71,48,23
60QD000772,117,93,24
60QD000773,101,72,29
60QD000774,118,94,24
60QD000775,52,32,20
60QD000776,76,49,27
60QD000777,71,50,21
60QD000778,89,75,14
60QD000779,53,41,12
60QD000780,72,46,26
60QD000781,69,39,30
60QD000782,89,72,17
60QD000783,42,29,13
60QD000784,82,54,28
60QD000785,80,63,17
60QF000001,85,49,36
60QF000002,48,34,14
60QF000003,60,44,16
60QF000004,116,78,38
60QF000005,66,46,20
60QF000006,49,35,14
60QF000007,111,65,46
60QF000008,92,65,27
60QF000009,105,83,22
60QF000010,97,50,47
60QF000011,74,55,19
60QF000012,85,66,19
60QF000013,51,29,22
60QF000014,69,37,32
60QF000015,87,64,23
60QF000016,84,44,40
60QF000017,93,47,46
60QF000018,96,75,21
60QF000019,77,41,36
60QF000020,133,70,63
60QF000021,129,76,53
60QF000022,86,45,41
60QF000023,79,34,45
60QF000024,65,31,34
60QF000025,74,31,43
60QF000026,66,47,19
60QF000027,92,65,27
60QF000028,89,56,33
60QF000029,119,54,65
60QF000030,104,41,63
60QF000031,143,93,50
60QF000032,77,41,36
60QF000033,134,109,25
60QF000034,117,85,32
60QF000035,109,59,50
60QF000036,90,48,42
60QF000037,78,35,43
60QF000038,75,42,33
60QF000039,86,52,34
60QF000040,126,98,28
60QF000041,95,56,39
60QF000042,111,50,61
60QF000043,90,42,48
60QF000044,107,69,38
60QF000045,92,65,27
60QF000046,66,39,27
60QF000047,63,36,27
60QF000048,74,35,39
60QF000049,87,48,39
60QF000050,86,54,32
60QF000051,83,59,24
60QF000052,109,70,39
60QF000053,144,74,70
60QF000054,39,14,25
60QF000055,93,50,43
60QF000056,70,46,24
60QF000057,50,26,24
60QF000058,57,31,26
60QF000059,66,35,31
60QF000060,84,52,32
60QF000061,68,39,29
60QF000062,69,45,24
60QF000063,75,41,34
60QF000064,92,65,27
60QF000065,136,100,36
60QF000066,39,25,14
60QF000067,71,18,53
60QF000068,111,83,28
60QF000069,89,70,19
60QF000070,72,38,34
60QF000071,105,71,34
60QF000072,115,67,48
60QF000073,88,50,38
60QF000074,112,60,52
60QF000075,43,23,20
60QF000076,84,47,37
60QF000077,53,15,38
60QF000078,68,40,28
60QF000079,129,91,38
60QF000080,114,67,47
60QF000081,89,43,46
60QF000082,113,78,35
60QF000083,113,70,43
60QF000084,126,82,44
60QF000085,108,72,36
60QF000086,104,69,35
60QF000087,89,46,43
60QF000088,85,52,33
60QF000089,96,48,48
60QF000090,70,32,38
60QF000091,106,48,58
60QF000092,99,49,50
60QF000093,123,64,59
60QF000094,92,52,40
60QF000095,113,80,33
60QF000096,101,64,37
60QF000097,93,62,31
60QF000098,110,64,46
60QF000099,52,27,25
60QF000100,114,70,44
60QF000101,97,48,49
60QF000102,131,84,47
60QF000103,111,70,41
60QF000104,113,61,52
60QF000105,90,52,38
60QF000106,82,46,36
60QF000107,76,43,33
60QF000108,41,29,12
60QF000109,82,44,38
60QF000110,96,55,41
60QF000111,75,38,37
60QF000112,131,64,67
60QF000113,68,38,30
60QF000114,105,84,21
60QF000115,67,37,30
60QF000116,98,44,54
60QF000117,71,31,40
60QF000118,81,57,24
60QF000119,91,76,15
60QF000120,97,64,33
60QF000121,100,50,50
60QF000122,128,67,61
60QF000123,103,50,53
60QF000124,89,51,38
60QF000125,32,14,18
60QF000126,56,33,23
60QF000127,59,24,35
60QF000128,79,44,35
60QF000129,100,54,46
60QF000130,113,62,51
60QF000131,44,28,16
60QF000132,40,13,27
60QF000133,89,62,27
60QF000134,121,74,47
60QF000135,111,58,53
60QF000136,117,67,50
60QF000137,97,50,47
60QF000138,58,34,24
60QF000139,103,74,29
60QF000140,90,54,36
60QF000141,97,60,37
60QF000142,104,59,45
60QF000143,87,50,37
60QF000144,69,26,43
60QF000145,77,46,31
60QF000146,99,54,45
60QF000147,64,37,27
60QF000148,129,73,56
60QF000149,83,47,36
60QF000150,41,31,10
60QF000151,134,65,69
60QF000152,99,56,43
60QF000153,81,55,26
60QF000154,149,92,57
60QF000155,96,57,39
60QF000156,115,74,41
60QF000157,88,55,33
60QF000158,104,60,44
60QF000159,64,35,29
60QF000160,77,46,31
60QF000161,37,17,20
60QF000162,130,100,30
60QF000163,112,67,45
60QF000164,94,61,33
60QF000165,62,35,27
60QF000166,70,46,24
60QF000167,80,40,40
60QF000168,78,48,30
60QF000169,140,98,42
60QF000170,70,41,29
60QF000171,98,68,30
60QF000172,112,83,29
60QF000173,77,49,28
60QF000174,120,78,42
60QF000175,76,41,35
60QF000176,53,30,23
60QF000177,48,22,26
60QF000178,73,38,35
60QF000179,131,77,54
60QF000180,90,57,33
60QF000181,52,38,14
60QF000182,119,83,36
60QF000183,133,73,60
60QF000184,78,54,24
60QF000185,105,76,29
60QF000186,81,54,27
60QF000187,47,26,21
60QF000188,113,79,34
60QF000189,103,66,37
60QF000190,140,89,51
60QF000191,81,47,34
60QF000192,72,45,27
60QF000193,106,63,43
60QF000194,71,42,29
60QF000195,134,85,49
60QF000196,89,57,32
60QF000197,101,57,44
60QF000198,76,53,23
60QF000199,75,42,33
60QF000200,66,29,37
60QF000201,95,64,31
60QF000202,82,51,31
60QF000203,85,71,14
60QF000204,115,91,24
60QF000205,100,86,14
60QF000206,145,111,34
60QF000207,88,65,23
60QF000208,131,105,26
60QF000209,48,30,18
60QF000210,109,52,57
60QF000211,95,49,46
60QF000212,90,69,21
60QF000213,145,114,31
60QF000214,118,88,30
60QF000215,75,52,23
60QF000216,86,49,37
60QF000217,121,59,62
60QF000218,81,38,43
60QF000219,77,34,43
60QF000220,86,58,28
60QF000221,89,66,23
60QF000222,91,67,24
60QF000223,86,52,34
60QF000224,115,76,39
60QF000225,86,53,33
60QF000226,71,52,19
60QF000227,51,29,22
60QF000228,75,48,27
60QF000229,132,100,32
60QF000230,114,83,31
60QF000231,86,49,37
60QF000232,59,39,20
60QF000233,63,39,24
60QF000234,72,44,28
60QF000235,121,98,23
60QF000236,78,49,29
60QF000237,84,39,45
60QF000238,47,34,13
60QF000239,83,56,27
60QF000240,126,80,46
60QF000241,90,51,39
60QF000242,135,104,31
60QF000243,100,66,34
60QF000244,111,77,34
60QF000245,70,31,39
60QF000246,81,59,22
60QF000247,100,66,34
60QF000248,105,62,43
60QF000249,97,70,27
60QF000250,86,62,24
60QF000251,92,60,32
60QF000252,57,24,33
60QF000253,103,62,41
60QF000254,77,56,21
60QF000255,124,71,53
60QF000256,96,64,32
60QF000257,83,55,28
60QF000258,58,28,30
60QF000259,57,40,17
60QF000260,71,51,20
60QF000261,76,58,18
60QF000262,148,91,57
60QF000263,82,47,35
60QF000264,135,93,42
60QF000265,135,104,31
60QF000266,42,24,18
60QF000267,106,79,27
60QF000268,120,81,39
60QF000269,87,62,25
60QF000270,89,64,25
60QF000271,74,51,23
60QF000272,108,64,44
60QF000273,67,45,22
60QF000274,76,41,35
60QF000275,93,69,24
60QF000276,52,39,13
60QF000277,41,30,11
60QF000278,76,50,26
60QF000279,72,43,29
60QF000280,99,80,19
60QF000281,76,59,17
60QF000282,68,46,22
60QF000283,115,94,21
60QF000284,40,27,13
60QF000285,79,35,44
60QF000286,44,29,15
60QF000287,45,26,19
60QF000288,45,29,16
60QF000289,91,76,15
60QF000290,146,111,35
60QF000291,91,52,39
60QF000292,43,23,20
60QF000293,62,43,19
60QF000294,52,25,27
60QF000295,101,77,24
60QF000296,63,44,19
60QF000297,51,28,23
60QF000298,105,75,30
60QF000299,63,46,17
60QF000300,105,52,53
60QF000301,89,76,13
60QF000302,106,82,24
60QF000303,91,61,30
60QF000304,613,155,458
60QF000305,107,76,31
60QF000306,123,83,40
60QF000307,55,44,11
60QF000308,71,62,9
60QF000309,139,115,24
60QF000310,39,32,7
60QF000311,84,54,30
60QF000312,76,62,14
60QF000313,74,57,17
60QF000314,66,43,23
60QF000315,67,32,35
60QF000316,105,47,58
60QF000317,59,32,27
60QF000318,66,34,32
60QF000319,116,80,36
60QF000320,140,88,52
60QF000321,74,29,45
60QF000322,40,17,23
60QF000323,93,50,43
60QF000324,104,69,35
60QF000325,146,128,18
60QF000326,112,56,56
60QF000327,125,112,13
60QF000328,88,73,15
60QF000329,91,65,26
60QF000330,98,55,43
60QF000331,49,33,16
60QF000332,121,99,22
60QF000333,65,44,21
60QF000334,116,71,45
60QF000335,202,149,53
60QF000336,80,42,38
60QF000337,63,34,29
60QF000338,116,64,52
60QF000339,125,94,31
60QF000340,75,54,21
60QF000341,194,152,42
60QF000342,35,31,4
60QF000343,130,100,30
60QF000344,109,94,15
60QF000345,44,4,40
60QF000346,85,60,25
60QF000347,113,46,67
60QF000348,57,34,23
60QF000349,108,84,24
60QF000350,86,40,46
60QF000351,127,89,38
60QF000352,51,32,19
60QF000353,94,59,35
60QF000354,49,27,22
60QF000355,120,66,54
60QF000356,60,51,9
60QF000357,113,71,42
60QF000358,65,38,27
60QF000359,87,50,37
60QF000360,97,72,25
60QF000361,86,61,25
60QF000362,59,47,12
60QF000363,92,62,30
60QF000364,58,48,10
60QF000365,55,34,21
60QF000366,96,62,34
60QF000367,93,70,23
60QF000368,97,59,38
60QF000369,53,33,20
60QF000370,34,25,9
60QF000371,116,71,45
60QF000372,124,57,67
60QF000373,51,37,14
60QF000374,94,56,38
60QF000375,82,68,14
60QF000376,199,124,75
60QF000377,62,43,19
60QF000378,71,50,21
60QF000379,79,53,26
60QF000380,95,76,19
60QF000381,76,62,14
60QF000382,121,82,39
60QF000383,68,50,18
60QF000384,47,35,12
60QF000385,97,62,35
60QF000386,61,41,20
60QH000001,84,53,31
60QH000002,39,26,13
60QH000003,76,49,27
60QH000004,116,88,28
60QH000005,147,100,47
60QH000006,85,65,20
60QH000007,99,68,31
60QH000008,98,75,23
60QH000009,77,56,21
60QH000010,54,37,17
60QH000011,74,46,28
60QH000012,101,66,35
60QH000013,78,54,24
60QH000014,93,58,35
60QH000015,81,64,17
60QH000016,61,41,20
60QH000017,44,25,19
60QH000018,50,28,22
60QH000019,69,39,30
60QH000020,45,24,21
60QH000021,113,74,39
60QH000022,125,97,28
60QH000023,77,56,21
60QH000024,139,85,54
60QH000025,82,51,31
60QH000026,85,53,32
60QH000027,105,67,38
60QH000028,79,54,25
60QH000029,129,90,39
60QH000030,138,92,46
60QH000031,78,53,25
60QH000032,127,80,47
60QH000033,84,55,29
60QH000034,114,74,40
60QH000035,128,91,37
60QH000036,78,54,24
60QH000037,55,40,15
60QH000038,76,56,20
60QH000039,98,67,31
60QH000040,88,62,26
60QH000041,114,85,29
60QH000042,116,78,38
60QH000043,78,54,24
60QH000044,82,58,24
60QH000045,153,107,46
60QH000046,57,39,18
60QH000047,114,72,42
60QH000048,65,39,26
60QH000049,152,118,34
60QH000050,111,75,36
60QH000051,104,73,31
60QH000052,123,82,41
60QH000053,124,80,44
60QH000054,169,111,58
60QH000055,57,48,9
60QH000056,90,57,33
60QH000057,108,63,45
60QH000058,94,68,26
60QH000059,62,32,30
60QH000060,85,59,26
60QH000061,76,63,13
60QH000062,87,62,25
60QH000063,80,42,38
60QH000064,60,42,18
60QH000065,94,54,40
60QH000066,79,47,32
60QH000067,71,53,18
60QH000068,55,37,18
60QH000069,106,64,42
60QH000070,89,67,22
60QH000071,70,45,25
60QH000072,64,45,19
60QH000073,83,70,13
60QH000074,77,53,24
60QH000075,110,72,38
60QH000076,67,50,17
60QH000077,57,38,19
60QH000078,72,48,24
60QH000079,152,86,66
60QH000080,151,109,42
60QH000081,93,63,30
60QH000082,93,67,26
60QH000083,63,43,20
60QH000084,79,52,27
60QH000085,79,45,34
60QH000086,100,66,34
60QH000087,84,58,26
60QH000088,65,42,23
60QH000089,78,56,22
60QH000090,45,29,16
60QH000091,105,73,32
60QH000092,132,91,41
60QH000093,122,86,36
60QH000094,105,71,34
60QH000095,135,100,35
60QH000096,82,57,25
60QH000097,92,61,31
60QH000098,124,85,39
60QH000099,95,65,30
60QH000100,114,86,28
60QH000101,132,83,49
60QH000102,118,80,38
60QH000103,88,70,18
60QH000104,91,58,33
60QH000105,77,41,36
60QH000106,50,32,18
60QH000107,93,71,22
60QH000108,141,112,29
60QH000109,132,95,37
60QH000110,89,49,40
60QH000111,116,85,31
60QH000112,65,30,35
60QH000113,63,51,12
60QH000114,77,44,33
60QH000115,129,80,49
60QH000116,95,65,30
60QH000117,112,77,35
60QH000118,90,50,40
60QH000119,97,70,27
60QH000120,138,91,47
60QH000121,79,51,28
60QH000122,116,79,37
60QH000123,60,41,19
60QH000124,96,62,34
60QH000125,135,96,39
60QH000126,122,84,38
60QH000127,135,90,45
60QH000128,112,71,41
60QH000129,88,59,29
60QH000130,104,80,24
60QH000131,98,61,37
60QH000132,77,47,30
60QH000133,42,20,22
60QH000134,97,79,18
60QH000135,47,31,16
60QH000136,124,68,56
60QH000137,127,84,43
60QH000138,42,29,13
60QH000139,64,40,24
60QH000140,64,38,26
60QH000141,99,89,10
60QH000142,86,47,39
60QH000143,68,32,36
60QH000144,59,41,18
60QH000145,76,43,33
60QH000146,59,40,19
60QH000147,95,46,49
60QH000148,75,48,27
60QH000149,105,76,29
60QH000150,91,65,26
60QH000151,87,64,23
60QH000152,59,35,24
60QH000153,76,42,34
60QH000154,104,66,38
60QH000155,74,57,17
60QH000156,55,38,17
60QH000157,57,46,11
60QH000158,116,83,33
60QH000159,104,61,43
60QH000160,72,46,26
60QH000161,69,40,29
60QH000162,60,38,22
60QH000163,97,66,31
60QH000164,130,94,36
60QH000165,62,42,20
60QH000166,36,20,16
60QH000167,102,65,37
60QH000168,101,64,37
60QH000169,127,100,27
60QH000170,104,45,59
60QH000171,119,73,46
60QH000172,80,47,33
60QH000173,76,51,25
60QH000174,81,57,24
60QH000175,126,96,30
60QH000176,139,88,51
60QH000177,110,83,27
60QH000178,153,93,60
60QH000179,38,16,22
60QH000180,92,49,43
60QH000181,100,57,43
60QH000182,90,37,53
60QH000183,50,30,20
60QH000184,79,39,40
60QH000185,40,23,17
60QH000186,48,23,25
60QH000187,49,37,12
60QH000188,68,55,13
60QH000189,56,37,19
60QH000190,96,65,31
60QH000191,97,47,50
60QH000192,77,55,22
60QH000193,76,48,28
60QH000194,79,56,23
60QH000195,88,51,37
60QH000196,104,63,41
60QH000197,80,62,18
60QH000198,102,68,34
60QH000199,69,43,26
60QH000200,104,53,51
60QH000201,50,28,22
60QH000202,114,78,36
60QH000203,62,50,12
60QH000204,71,53,18
60QH000205,71,48,23
60QH000206,123,95,28
60QH000207,74,44,30
60QH000208,79,50,29
60QH000209,75,48,27
60QH000210,121,81,40
60QH000211,103,42,61
60QH000212,70,32,38
60QH000213,124,74,50
60QH000214,85,53,32
60QH000215,83,60,23
60QH000216,63,46,17
60QH000217,107,71,36
60QH000218,108,57,51
60QH000219,115,60,55
60QH000220,72,41,31
60QH000221,50,35,15
60QH000222,100,63,37
60QH000223,37,21,16
60QH000224,38,27,11
60QH000225,105,63,42
60QH000226,95,56,39
60QH000227,80,50,30
60QH000228,92,68,24
60QH000229,139,87,52
60QH000230,138,88,50
60QH000231,122,92,30
60QH000232,53,34,19
60QH000233,57,39,18
60QH000234,104,73,31
60QH000235,107,71,36
60QH000236,87,53,34
60QH000237,88,46,42
60QH000238,107,65,42
60QH000239,83,47,36
60QH000240,81,43,38
60QH000241,88,47,41
60QH000242,76,48,28
60QH000243,84,57,27
60QH000244,50,39,11
60QH000245,89,57,32
60QH000246,80,49,31
60QH000247,90,55,35
60QH000248,62,45,17
60QH000249,73,40,33
60QH000250,119,87,32
60QH000251,123,76,47
60QH000252,89,58,31
60QH000253,48,25,23
60QH000254,92,61,31
60QH000255,59,34,25
60QH000256,79,44,35
60QH000257,79,53,26
60QH000258,79,42,37
60QH000259,103,73,30
60QH000260,47,20,27
60QH000261,92,44,48
60QH000262,64,32,32
60QH000263,101,67,34
60QH000264,81,43,38
60QH000265,62,30,32
60QH000266,46,20,26
60QH000267,56,38,18
60QH000268,63,37,26
60QH000269,67,37,30
60QH000270,66,46,20
60QH000271,63,47,16
60QH000272,92,41,51
60QH000273,71,46,25
60QH000274,99,59,40
60QH000275,99,54,45
60QH000276,94,67,27
60QH000277,152,83,69
60QH000278,60,41,19
60QH000279,95,61,34
60QH000280,87,50,37
60QH000281,110,62,48
60QH000282,42,28,14
60QH000283,110,79,31
60QH000284,80,55,25
60QH000285,70,43,27
60QH000286,72,50,22
60QH000287,80,60,20
60QH000288,109,70,39
60QH000289,125,77,48
60QH000290,59,35,24
60QH000291,71,51,20
60QH000292,129,90,39
60QH000293,84,53,31
60QH000294,98,69,29
60QH000295,141,91,50
60QH000296,85,46,39
60QH000297,123,78,45
60QH000298,95,68,27
60QH000299,105,67,38
60QH000300,104,62,42
60QH000301,42,28,14
60QH000302,127,61,66
60QH000303,64,38,26
60QH000304,68,38,30
60QH000305,93,55,38
60QH000306,99,58,41
60QH000307,101,59,42
60QH000308,59,36,23
60QH000309,112,63,49
60QH000310,91,62,29
60QH000311,76,33,43
60QH000312,104,74,30
60QH000313,161,115,46
60QH000314,107,64,43
60QH000315,155,104,51
60QH000316,56,35,21
60QH000317,101,68,33
60QH000318,134,99,35
60QH000319,72,49,23
60QH000320,125,75,50
60QH000321,84,44,40
60QH000322,59,36,23
60QH000323,85,65,20
60QH000324,112,81,31
60QH000325,106,78,28
60QH000326,62,30,32
60QH000327,86,35,51
60QH000328,70,38,32
60QH000329,80,47,33
60QH000330,67,40,27
60QH000331,95,47,48
60QH000332,64,41,23
60QH000333,88,40,48
60QH000334,94,44,50
60QH000335,51,30,21
60QH000336,82,35,47
60QH000337,102,53,49
60QH000338,79,54,25
60QH000339,106,81,25
60QH000340,77,54,23
60QH000341,59,33,26
60QH000342,110,64,46
60QH000343,74,43,31
60QH000344,103,52,51
60QH000345,79,47,32
60QH000346,50,22,28
60QH000347,57,28,29
60QH000348,61,34,27
60QH000349,77,54,23
60QH000350,56,31,25
60QH000351,90,44,46
60QH000352,104,73,31
60QH000353,57,35,22
60QH000354,98,65,33
60QH000355,78,51,27
60QH000356,72,40,32
60QH000357,79,43,36
60QH000358,90,52,38
60QH000359,64,27,37
60QH000360,53,34,19
60QH000361,65,48,17
60QH000362,113,78,35
60QH000363,116,78,38
60QH000364,88,61,27
60QH000365,83,46,37
60QH000366,55,33,22
60QH000367,85,49,36
60QH000368,124,74,50
60QH000369,70,39,31
60QH000370,76,44,32
60QH000371,48,23,25
60QH000372,86,62,24
60QH000373,75,37,38
60QH000374,86,50,36
60QH000375,88,55,33
60QH000376,90,58,32
60QH000377,106,68,38
60QH000378,80,45,35
60QH000379,98,56,42
60QH000380,102,66,36
60QH000381,70,39,31
60QH000382,90,56,34
60QH000383,80,53,27
60QH000384,94,56,38
60QH000385,41,26,15
60QH000386,91,62,29
60QH000387,124,83,41
60QH000388,70,33,37
60QH000389,94,49,45
60QH000390,118,72,46
60QH000391,126,60,66
60QH000392,111,67,44
60QH000393,82,41,41
60QH000394,71,36,35
60QH000395,61,31,30
60QH000396,88,51,37
60QH000397,82,43,39
60QH000398,76,36,40
60QH000399,87,45,42
60QH000400,50,21,29
60QH000401,62,43,19
60QH000402,106,73,33
60QH000403,129,82,47
60QH000404,83,58,25
60QH000405,68,56,12
60QH000406,53,37,16
60QH000407,59,38,21
60QH000408,73,60,13
60QH000409,69,52,17
60QH000410,50,33,17
60QH000411,133,102,31
60QH000412,63,26,37
60QH000413,99,76,23
60QH000414,92,64,28
60QH000415,77,52,25
60QH000416,121,80,41
60QH000417,135,85,50
60QH000418,59,27,32
60QH000419,71,41,30
60QH000420,68,40,28
60QH000421,123,71,52
60QH000422,91,59,32
60QH000423,78,48,30
60QH000424,73,45,28
60QH000425,103,59,44
60QH000426,117,66,51
60QH000427,51,24,27
60QH000428,45,24,21
60QH000429,86,49,37
60QH000430,100,60,40
60QH000431,124,89,35
60QH000432,69,37,32
60QH000433,69,34,35
60QH000434,85,58,27
60QH000435,102,57,45
60QH000436,69,40,29
60QH000437,97,59,38
60QH000438,137,96,41
60QH000439,80,49,31
60QH000440,90,51,39
60QH000441,107,81,26
60QH000442,67,47,20
60QH000443,106,66,40
60QH000444,81,54,27
60QH000445,49,27,22
60QH000446,80,46,34
60QH000447,61,31,30
60QH000448,60,26,34
60QH000449,54,38,16
60QH000450,74,37,37
60QH000451,77,34,43
60QH000452,90,40,50
60QH000453,88,58,30
60QH000454,60,26,34
60QH000455,66,36,30
60QH000456,67,32,35
60QH000457,108,65,43
60QH000458,87,55,32
60QH000459,100,56,44
60QH000460,110,69,41
60QH000461,101,52,49
60QH000462,93,47,46
60QH000463,84,53,31
60QH000464,94,57,37
60QH000465,98,55,43
60QH000466,75,42,33
60QH000467,128,89,39
60QH000468,134,92,42
60QH000469,84,57,27
60QH000470,107,83,24
60QH000471,79,39,40
60QH000472,69,36,33
60QH000473,99,65,34
60QH000474,117,71,46
60QH000475,81,41,40
60QH000476,82,53,29
60QH000477,100,73,27
60QH000478,88,50,38
60QH000479,79,52,27
60QH000480,61,39,22
60QH000481,103,69,34
60QH000482,53,28,25
60QH000483,93,64,29
60QH000484,86,46,40
60QH000485,93,66,27
60QH000486,100,68,32
60QH000487,120,85,35
60QH000488,72,54,18
60QH000489,123,79,44
60QH000490,108,65,43
60QH000491,89,26,63
60QH000492,93,59,34
60QH000493,101,72,29
60QH000494,90,60,30
60QH000495,105,66,39
60QH000496,96,58,38
60QH000497,109,75,34
60QH000498,76,46,30
60QH000499,106,64,42
60QH000500,58,45,13
60QH000501,101,55,46
60QH000502,57,39,18
60QH000503,132,76,56
60QH000504,45,24,21
60QH000505,87,57,30
60QH000506,104,55,49
60QH000507,106,70,36
60QH000508,62,39,23
60QH000509,80,44,36
60QH000510,80,49,31
60QH000511,96,75,21
60QH000512,70,43,27
60QH000513,114,69,45
60QH000514,77,47,30
60QH000515,75,51,24
60QH000516,96,73,23
60QH000517,57,28,29
60QH000518,92,58,34
60QH000519,63,34,29
60QH000520,69,44,25
60QH000521,99,67,32
60QH000522,72,32,40
60QH000523,81,59,22
60QH000524,72,39,33
60QH000525,98,62,36
60QH000526,55,34,21
60QH000527,85,54,31
60QH000528,69,40,29
60QH000529,77,48,29
60QH000530,54,39,15
60QH000531,71,37,34
60QH000532,80,50,30
60QH000533,67,33,34
60QH000534,108,72,36
60QH000535,69,33,36
60QH000536,46,32,14
60QH000537,80,41,39
60QH000538,95,59,36
60QH000539,102,49,53
60QH000540,73,41,32
60QH000541,67,46,21
60QH000542,111,73,38
60QH000543,85,59,26
60QH000544,89,60,29
60QH000545,27,10,17
60QH000546,46,23,23
60QH000547,69,42,27
60QH000548,71,51,20
60QH000549,54,35,19
60QH000550,69,48,21
60QH000551,60,35,25
60QH000552,64,35,29
60QH000553,76,49,27
60QH000554,62,40,22
60QH000555,38,20,18
60QH000556,82,52,30
60QH000557,61,25,36
60QH000558,86,52,34
60QH000559,92,62,30
60QH000560,102,77,25
60QH000561,91,55,36
60QH000562,95,56,39
60QH000563,75,57,18
60QH000564,88,60,28
60QH000565,116,67,49
60QH000566,112,72,40
60QH000567,88,53,35
60QH000568,79,54,25
60QH000569,61,38,23
60QH000570,77,44,33
60QH000571,72,37,35
60QH000572,73,37,36
60QH000573,68,43,25
60QH000574,72,45,27
60QH000575,84,51,33
60QH000576,93,59,34
60QH000577,76,45,31
60QH000578,90,49,41
60QH000579,97,78,19
60QH000580,108,78,30
60QH000581,80,51,29
60QH000582,81,55,26
60QH000583,75,47,28
60QH000584,98,70,28
60QH000585,98,67,31
60QH000586,76,48,28
60QH000587,111,81,30
60QH000588,50,37,13
60QH000589,85,65,20
60QH000590,99,60,39
60QH000591,158,113,45
60QH000592,158,110,48
60QH000593,103,63,40
60QH000594,58,39,19
60QH000595,99,69,30
60QH000596,50,35,15
60QH000597,115,65,50
60QH000598,124,69,55
60QH000599,113,77,36
60QH000600,40,18,22
60QH000601,98,63,35
60QH000602,116,83,33
60QH000603,82,60,22
60QH000604,116,90,26
60QH000605,85,62,23
60QH000606,79,61,18
60QH000607,83,52,31
60QH000608,49,33,16
60QH000609,90,70,20
60QH000610,106,65,41
60QH000611,101,66,35
60QH000612,107,55,52
60QH000613,78,56,22
60QH000614,71,40,31
60QH000615,82,48,34
60QH000616,120,66,54
60QH000617,78,44,34
60QH000618,84,26,58
60QH000619,78,48,30
60QH000620,75,46,29
60QH000621,58,33,25
60QH000622,126,78,48
60QH000623,147,115,32
60QH000624,129,94,35
60QH000625,104,84,20
60QH000626,95,64,31
60QH000627,62,34,28
60QH000628,50,28,22
60QH000629,84,60,24
60QH000630,99,84,15
60QH000631,105,64,41
60QH000632,111,78,33
60QH000633,40,17,23
60QH000634,149,92,57
60QH000635,62,48,14
60QH000636,73,35,38
60QH000637,141,100,41
60QH000638,89,63,26
60QH000639,116,76,40
60QH000640,84,64,20
60QH000641,72,56,16
60QH000642,75,58,17
60QH000643,83,44,39
60QH000644,84,51,33
60QH000645,57,37,20
60QH000646,71,38,33
60QH000647,82,61,21
60QH000648,84,61,23
60QH000649,100,61,39
60QH000650,80,60,20
60QH000651,94,60,34
60QH000652,109,63,46
60QH000653,66,50,16
60QH000654,145,99,46
60QH000655,92,68,24
60QH000656,120,91,29
60QH000657,86,64,22
60QH000658,80,44,36
60QH000659,82,49,33
60QH000660,74,43,31
60QH000661,72,53,19
60QH000662,104,72,32
60QH000663,61,40,21
60QH000664,103,66,37
60QH000665,55,35,20
60QH000666,55,41,14
60QH000667,61,38,23
60QH000668,108,69,39
60QH000669,83,57,26
60QH000670,102,78,24
60QH000671,111,66,45
60QH000672,109,69,40
60QH000673,89,56,33
60QH000674,103,76,27
60QH000675,68,60,8
60QH000676,104,86,18
60QH000677,102,78,24
60QH000678,78,59,19
60QH000679,120,56,64
60QH000680,54,34,20
60QH000681,89,68,21
60QH000682,89,57,32
60QH000683,69,50,19
60QH000684,90,55,35
60QH000685,100,75,25
60QH000686,96,77,19
60QH000687,84,60,24
60QH000688,92,49,43
60QH000689,77,47,30
60QH000690,66,40,26
60QH000691,77,51,26
60QH000692,91,70,21
60QH000693,125,103,22
60QH000694,126,90,36
60QH000695,86,60,26
60QH000696,82,55,27
60QH000697,135,97,38
60QH000698,105,71,34
60QH000699,107,88,19
60QH000700,58,53,5
60QH000701,101,80,21
60QH000702,101,87,14
60QH000703,112,82,30
60QH000704,109,93,16
60QH000705,125,105,20
60QH000706,116,104,12
60QH000707,93,72,21
60QH000708,112,71,41
60QH000709,70,57,13
60QH000710,123,90,33
60QH000711,62,44,18
60QH000712,121,77,44
60QH000713,144,120,24
60QH000714,140,113,27
60QH000715,102,85,17
60QH000716,69,57,12
60QH000717,91,74,17
60QH000718,63,53,10
60QH000719,97,76,21
60QH000720,92,73,19
60QH000721,51,38,13
60QH000722,73,57,16
60QH000723,93,46,47
60QH000724,64,33,31
60QH000725,95,69,26
60QH000726,85,53,32
60QH000727,67,41,26
60QH000728,108,66,42
60QH000729,92,56,36
60QH000730,54,40,14
60QH000731,96,61,35
60QH000732,77,49,28
60QH000733,78,38,40
60QH000734,63,33,30
60QH000735,84,44,40
60QH000736,88,57,31
60QH000737,91,56,35
60QH000738,67,56,11
60QH000739,65,34,31
60QH000740,60,43,17
60QH000741,74,43,31
60QH000742,64,32,32
60QH000743,71,42,29
60QH000744,32,23,9
60QH000745,46,30,16
60QH000746,73,52,21
60QH000747,92,65,27
60QH000748,70,36,34
60QH000749,52,42,10
60QH000750,51,35,16
60QH000751,93,59,34
60QH000752,89,68,21
60QH000753,122,78,44
60QH000754,120,75,45
60QH000755,105,72,33
60QH000756,95,63,32
60QH000757,76,51,25
60QH000758,53,37,16
60QH000759,58,38,20
60QH000760,91,50,41
60QH000761,94,54,40
60QH000762,58,33,25
60QH000763,103,54,49
60QH000764,134,78,56
60QH000765,171,57,114
60QH000766,99,64,35
60QH000767,108,69,39
60QH000768,76,49,27
60QH000769,83,59,24
60QH000770,61,40,21
60QH000771,48,28,20
60QH000772,119,69,50
60QH000773,121,72,49
60QH000774,82,42,40
60QH000775,85,42,43
60QH000776,74,43,31
60QH000777,128,80,48
60QH000778,111,69,42
60QH000779,115,60,55
60QH000780,81,60,21
60QH000781,71,33,38
60QH000782,101,70,31
60QH000783,87,58,29
60QH000784,62,38,24
60QH000785,59,35,24
60QH000786,85,35,50
60QH000787,106,62,44
60QH000788,101,49,52
60QH000789,104,57,47
60QH000790,75,48,27
60QH000791,90,56,34
60QH000792,65,40,25
60QH000793,96,55,41
60QH000794,93,45,48
60QH000795,89,58,31
60QH000796,139,98,41
60QH000797,87,57,30
60QH000798,44,22,22
60QH000799,79,46,33
60QH000800,61,27,34
60QH000801,102,61,41
60QH000802,126,74,52
60QH000803,65,41,24
60QH000804,73,39,34
60QH000805,61,34,27
60QH000806,64,43,21
60QH000807,85,50,35
60QH000808,52,33,19
60QH000809,89,41,48
60QH000810,71,46,25
60QH000811,68,41,27
60QH000812,65,43,22
60QH000813,58,33,25
60QH000814,96,53,43
60QH000815,77,40,37
60QH000816,54,32,22
60QH000817,68,33,35
60QH000818,83,43,40
60QH000819,59,28,31
60QH000820,51,27,24
60QH000821,121,90,31
60QH000822,84,54,30
60QH000823,73,38,35
60QH000824,86,56,30
60QH000825,111,69,42
60QH000826,84,59,25
60QH000827,97,59,38
60QH000828,105,67,38
60QH000829,85,43,42
60QH000830,81,52,29
60QH000831,125,82,43
60QH000832,105,64,41
60QH000833,93,50,43
60QH000834,99,70,29
60QH000835,70,44,26
60QH000836,113,73,40
60QH000837,102,65,37
60QH000838,69,50,19
60QH000839,96,82,14
60QH000840,111,83,28
60QH000841,75,50,25
60QH000842,98,73,25
60QH000843,97,58,39
60QH000844,51,38,13
60QH000845,89,52,37
60QH000846,110,75,35
60QH000847,141,98,43
60QH000848,124,89,35
60QH000849,105,70,35
60QH000850,88,64,24
60QH000851,76,47,29
60QH000852,87,56,31
60QH000853,55,19,36
60QH000854,72,42,30
60QH000855,123,64,59
60QH000856,129,82,47
60QH000857,129,85,44
60QH000858,139,89,50
60QH000859,54,26,28
60QH000860,86,57,29
60QH000861,82,47,35
60QH000862,88,51,37
60QH000863,98,57,41
60QH000864,124,83,41
60QH000865,102,83,19
60QH000866,110,90,20
60QH000867,154,122,32
60QH000868,93,50,43
60QH000869,101,67,34
60QH000870,120,80,40
60QH000871,90,61,29
60QH000872,133,121,12
60QH000873,133,104,29
60QH000874,66,43,23
60QH000875,62,39,23
60QH000876,88,49,39
60QH000877,71,27,44
60QH000878,91,55,36
60QH000879,98,67,31
60QH000880,93,68,25
60QH000881,49,29,20
60QH000882,86,44,42
60QH000883,98,67,31
60QH000884,89,62,27
60QH000885,81,46,35
60QH000886,41,24,17
60QH000887,53,31,22
60QH000888,77,53,24
60QH000889,66,47,19
60QH000890,125,93,32
60QH000891,64,41,23
60QH000892,115,86,29
60QH000893,134,91,43
60QH000894,114,77,37
60QH000895,60,40,20
60QH000896,137,92,45
60QH000897,107,67,40
60QH000898,63,26,37
60QH000899,106,67,39
60QH000900,119,82,37
60QH000901,110,91,19
60QH000902,60,48,12
60QH000903,147,102,45
60QH000904,86,70,16
60QH000905,87,51,36
60QH000906,99,70,29
60QH000907,70,52,18
60QH000908,83,58,25
60QH000909,99,62,37
60QH000910,115,70,45
60QH000911,134,77,57
60QH000912,79,52,27
60QH000913,106,63,43
60QH000914,74,57,17
60QH000915,89,61,28
60QH000916,80,56,24
60QH000917,48,20,28
60QH000918,80,56,24
60QH000919,115,79,36
60QH000920,115,87,28
60QH000921,72,52,20
60QH000922,79,63,16
60QH000923,66,52,14
60QH000924,95,68,27
60QH000925,92,71,21
60QH000926,128,85,43
60QH000927,51,33,18
60QH000928,52,45,7
60QH000929,123,108,15
60QH000930,102,70,32
60QH000931,52,36,16
60QH000932,35,25,10
60QH000933,84,41,43
60QH000934,72,45,27
60QH000935,83,42,41
60QH000936,67,40,27
60QH000937,91,60,31
60QH000938,90,59,31
60QH000939,87,48,39
60QH000940,100,65,35
60QH000941,37,11,26
60QH000942,116,59,57
60QH000943,35,18,17
60QH000944,129,96,33
60QH000945,87,54,33
60QH000946,122,77,45
60QH000947,105,75,30
60QH000948,70,45,25
60QH000949,60,37,23
60QH000950,77,47,30
60QH000951,72,35,37
60QH000952,56,31,25
60QH000953,78,46,32
60QH000954,102,67,35
60QH000955,91,69,22
60QH000956,78,34,44
60QH000957,90,52,38
60QH000958,85,52,33
60QH000959,61,44,17
60QH000960,47,25,22
60QH000961,85,50,35
60QH000962,75,46,29
60QH000963,94,60,34
60QH000964,63,35,28
60QH000965,95,49,46
60QH000966,84,50,34
60QH000967,128,71,57
60QH000968,112,52,60
60QH000969,130,88,42
60QH000970,124,85,39
60QH000971,91,59,32
60QH000972,76,31,45
60QH000973,72,31,41
60QH000974,76,46,30
60QH000975,73,47,26
60QH000976,78,37,41
60QH000977,73,51,22
60QH000978,81,34,47
60QH000979,40,20,20
60QH000980,41,21,20
60QH000981,109,65,44
60QH000982,89,55,34
60QH000983,39,17,22
60QH000984,45,8,37
60QH000985,63,16,47
60QH000986,51,18,33
60QH000987,78,38,40
60QH000988,103,53,50
60QH000989,63,32,31
60QH000990,78,41,37
60QH000991,95,46,49
60QH000992,63,43,20
60QH000993,59,34,25
60QH000994,49,33,16
60QH000995,47,39,8
60QH000996,68,51,17
60QH000997,72,44,28
60QH000998,83,53,30
60QH000999,39,29,10
60QH001000,60,37,23
60QH001001,90,72,18
60QH001002,78,53,25
60QH001003,47,34,13
60QH001004,84,55,29
60QH001005,62,38,24
60QH001006,97,63,34
60QH001007,87,59,28
60QH001008,60,47,13
60QH001009,69,60,9
60QH001010,56,26,30
60QH001011,86,59,27
60QH001012,88,68,20
60QH001013,56,42,14
60QH001014,81,49,32
60QH001015,51,44,7
60QH001016,86,65,21
60QH001017,42,32,10
60QH001018,126,83,43
60QH001019,41,29,12
60QH001020,34,24,10
60QH001021,56,26,30
60QH001022,51,27,24
60QH001023,69,47,22
60QH001024,49,28,21
60QH001025,95,66,29
60QH001026,44,37,7
60QH001027,92,64,28
60QH001028,78,57,21
60QH001029,40,24,16
60QH001030,65,47,18
60QH001031,93,71,22
60QH001032,67,42,25
60QH001033,81,54,27
60QH001034,42,27,15
60QH001035,85,59,26
60QH001036,74,52,22
60QH001037,64,34,30
60QH001038,45,32,13
60QH001039,85,61,24
60QH001040,100,63,37
60QH001041,122,72,50
60QH001042,93,64,29
60QH001043,91,60,31
60QH001044,90,53,37
60QH001045,95,59,36
60QH001046,84,46,38
60QH001047,66,38,28
60QH001048,64,40,24
60QH001049,83,55,28
60QH001050,132,79,53
60QH001051,86,63,23
60QH001052,80,48,32
60QH001053,74,59,15
60QH001054,112,76,36
60QH001055,93,59,34
60QH001056,109,83,26
60QH001057,54,47,7
60QH001058,70,47,23
60QH001059,58,35,23
60QH001060,89,53,36
60QH001061,89,48,41
60QH001062,78,45,33
60QH001063,73,41,32
60QH001064,69,43,26
60QH001065,76,41,35
60QH001066,41,16,25
60QH001067,54,30,24
60QH001068,97,62,35
60QH001069,66,39,27
60QH001070,46,19,27
60QH001071,61,33,28
60QH001072,79,57,22
60QH001073,83,59,24
60QH001074,102,62,40
60QH001075,52,27,25
60QH001076,87,53,34
60QH001077,62,46,16
60QH001078,63,49,14
60QH001079,93,70,23
60QH001080,59,43,16
60QH001081,44,33,11
60QH001082,69,38,31
60QH001083,47,35,12
60QH001084,48,23,25
60QH001085,66,42,24
60QH001086,61,48,13
60QH001087,128,99,29
60QH001088,45,32,13
60QH001089,59,34,25
60QH001090,58,42,16
60QH001091,99,64,35
60QH001092,59,36,23
60QH001093,50,26,24
60QH001094,129,72,57
60QH001095,67,52,15
60QH001096,78,44,34
60QH001097,81,54,27
60QH001098,126,73,53
60QH001099,94,66,28
60QH001100,40,33,7
60QH001101,103,71,32
60QH001102,64,48,16
60QH001103,81,43,38
60QH001104,52,27,25
60QH001105,93,68,25
60QH001106,90,52,38
60QH001107,44,33,11
60QH001108,78,50,28
60QH001109,68,49,19
60QH001110,45,40,5
60QH001111,54,30,24
60QH001112,51,41,10
60QH001113,72,60,12
60QH001114,87,51,36
60QH001115,57,41,16
60QH001116,72,55,17
60QH001117,67,37,30
60QH001118,74,47,27
60QH001119,72,50,22
60QH001120,59,36,23
60QH001121,73,54,19
60QH001122,72,51,21
60QH001123,80,55,25
60QH001124,92,61,31
60QH001125,81,61,20
60QH001126,97,77,20
60QH001127,136,106,30
60QH001128,103,65,38
60QH001129,48,28,20
60QH001130,120,61,59
60QH001131,118,59,59
60QH001132,79,47,32
60QH001133,94,71,23
60QH001134,88,51,37
60QH001135,55,39,16
60QH001136,56,44,12
60QH001137,94,67,27
60QH001138,63,31,32
60QH001139,103,73,30
60QH001140,76,41,35
60QH001141,41,27,14
60QH001142,156,100,56
60QH001143,112,68,44
60QH001144,40,22,18
60QH001145,79,57,22
60QH001146,79,49,30
60QH001147,87,64,23
60QH001148,64,32,32
60QH001149,86,59,27
60QH001150,130,85,45
60QH001151,59,29,30
60QH001152,80,51,29
60QH001153,50,28,22
60QH001154,49,35,14
60QH001155,89,51,38
60QH001156,68,49,19
60QH001157,91,47,44
60QH001158,82,47,35
60QH001159,102,66,36
60QH001160,71,54,17
60QH001161,113,82,31
60QH001162,40,15,25
60QH001163,54,28,26
60QH001164,37,20,17
60QH001165,85,57,28
60QH001166,97,78,19
60QH001167,103,53,50
60QH001168,134,76,58
60QH001169,39,13,26
60QH001170,58,40,18
60QH001171,61,23,38
60QH001172,72,44,28
60QH001173,92,51,41
60QH001174,43,20,23
60QH001175,68,46,22
60QH001176,56,29,27
60QH001177,62,45,17
60QH001178,116,67,49
60QH001179,80,42,38
60QH001180,70,55,15
60QH001181,98,57,41
60QH001182,53,33,20
60QH001183,83,54,29
60QH001184,69,49,20
60QH001185,45,35,10
60QH001186,115,77,38
60QH001187,41,25,16
60QH001188,100,68,32
60QH001189,102,81,21
60QH001190,69,52,17
60QH001191,25,2,23
60QH001192,79,55,24
60QH001193,62,29,33
60QH001194,109,58,51
60QH001195,78,53,25
60QH001196,54,36,18
60QH001197,109,84,25
60QH001198,104,57,47
60QH001199,74,18,56
60QH001200,146,91,55
60QH001201,107,76,31
60QH001202,137,109,28
60QH001203,106,87,19
60QH001204,122,80,42
60QH001205,108,79,29
60QH001206,93,70,23
60QH001207,93,59,34
60QH001208,71,36,35
60QH001209,87,71,16
60QH001210,72,40,32
60QH001211,86,58,28
60QH001212,50,28,22
60QH001213,47,35,12
60QH001214,92,59,33
60QH001215,94,58,36
60QH001216,101,57,44
60QH001217,88,44,44
60QH001218,62,43,19
60QH001219,101,81,20
60QH001220,58,37,21
60QH001221,147,81,66
60QH001222,73,40,33
60QH001223,65,32,33
60QH001224,70,58,12
60QH001225,75,42,33
60QH001226,108,86,22
60QH001227,72,47,25
60QH001228,89,62,27
60QH001229,102,73,29
60QH001230,58,26,32
60QH001231,103,53,50
60QH001232,68,50,18
60QH001233,112,73,39
60QH001234,70,50,20
60QH001235,79,51,28
60QH001236,154,139,15
60QH001237,94,82,12
60QH001238,96,78,18
60QH001239,118,82,36
60QH001240,88,67,21
60QH001241,55,39,16
60QH001242,110,90,20
60QH001243,83,67,16
60QH001244,96,69,27
60QH001245,49,29,20
60QH001246,113,73,40
60QH001247,75,54,21
60QH001248,55,35,20
60QH001249,111,79,32
60QH001250,61,43,18
60QH001251,69,44,25
60QH001252,93,62,31
60QH001253,54,40,14
60QH001254,74,51,23
60QH001255,85,58,27
60QH001256,50,22,28
60QJ000001,91,38,53
60QJ000002,105,50,55
60QJ000003,202,95,107
60QJ000004,136,64,72
60QJ000005,78,36,42
60QJ000006,107,55,52
60QJ000007,95,56,39
60QJ000008,47,29,18
60QJ000009,101,75,26
60QJ000010,80,52,28
60QJ000011,164,88,76
60QJ000012,71,37,34
60QJ000013,58,41,17
60QJ000014,150,84,66
60QJ000015,75,53,22
60QJ000016,78,51,27
60QJ000017,131,58,73
60QJ000018,138,71,67
60QJ000019,332,112,220
60QJ000020,113,56,57
60QJ000021,81,30,51
60QJ000022,110,51,59
60QJ000023,59,38,21
60QJ000024,123,70,53
60QJ000025,61,34,27
60QJ000026,117,68,49
60QJ000027,99,48,51
60QJ000028,60,40,20
60QJ000029,96,59,37
60QJ000030,83,54,29
60QJ000031,78,45,33
60QJ000032,75,57,18
60QJ000033,132,61,71
60QJ000034,68,46,22
60QJ000035,51,32,19
60QJ000036,53,27,26
60QJ000037,82,49,33
60QJ000038,81,36,45
60QJ000039,53,39,14
60QJ000040,95,45,50
60QJ000041,113,55,58
60QJ000042,92,46,46
60QJ000043,118,78,40
60QJ000044,85,65,20
60QJ000045,82,54,28
60QJ000046,61,39,22
60QJ000047,71,41,30
60QJ000048,99,67,32
60QJ000049,78,53,25
60QJ000050,102,70,32
60QJ000051,187,64,123
60QJ000052,93,63,30
60QJ000053,144,91,53
60QJ000054,112,57,55
60QJ000055,99,61,38
60QJ000056,57,47,10
60QJ000057,115,73,42
60QJ000058,321,118,203
60QJ000059,128,82,46
60QJ000060,103,65,38
60QJ000061,102,64,38
60QJ000062,89,58,31
60QJ000063,49,35,14
60QJ000064,97,60,37
60QJ000065,54,24,30
60QJ000066,96,58,38
60QJ000067,61,43,18
60QJ000068,58,30,28
60QJ000069,34,13,21
60QJ000070,99,65,34
60QJ000071,73,45,28
60QJ000072,70,25,45
60QJ000073,89,52,37
60QJ000074,92,57,35
60QJ000075,124,67,57
60QJ000076,85,44,41
60QJ000077,103,44,59
60QJ000078,88,48,40
60QJ000079,52,32,20
60QJ000080,180,68,112
60QJ000081,99,70,29
60QJ000082,135,73,62
60QJ000083,116,68,48
60QJ000084,109,71,38
60QJ000085,95,49,46
60QJ000086,109,78,31
60QJ000087,138,104,34
60QJ000088,95,60,35
60QJ000089,83,63,20
60QJ000090,46,19,27
60QJ000091,107,56,51
60QJ000092,31,7,24
60QJ000093,119,35,84
60QJ000094,81,59,22
60QJ000095,160,114,46
60QJ000096,45,32,13
60QJ000097,99,57,42
60QJ000098,109,73,36
60QJ000099,46,42,4
60QJ000100,104,79,25
60QJ000101,171,90,81
60QJ000102,106,52,54
60QJ000103,79,44,35
60QJ000104,83,47,36
60QJ000105,92,49,43
60QJ000106,40,8,32
60QJ000107,75,33,42
60QJ000108,73,33,40
60QJ000109,87,62,25
60QJ000110,96,70,26
60QJ000111,88,60,28
60QJ000112,100,58,42
60QJ000113,99,53,46
60QJ000114,92,59,33
60QJ000115,64,46,18
60QJ000116,106,74,32
60QJ000117,93,47,46
60QJ000118,71,42,29
60QJ000119,81,53,28
60QJ000120,108,72,36
60QJ000121,81,60,21
60QJ000122,83,67,16
60QJ000123,77,56,21
60QJ000124,68,42,26
60QJ000125,37,10,27
60QJ000126,77,48,29
60QJ000127,58,28,30
60QJ000128,106,68,38
60QJ000129,113,86,27
60QJ000130,111,72,39
60QJ000131,96,60,36
60QJ000132,86,49,37
60QJ000133,67,37,30
60QJ000134,58,33,25
60QJ000135,98,58,40
60QJ000136,48,16,32
60QJ000137,41,16,25
60QJ000138,55,18,37
60QJ000139,37,17,20
60QJ000140,73,30,43
60QJ000141,82,53,29
60QJ000142,76,57,19
60QJ000143,46,33,13
60QJ000144,100,67,33
60QJ000145,67,36,31
60QJ000146,71,49,22
60QJ000147,99,63,36
60QJ000148,77,47,30
60QJ000149,76,46,30
60QJ000150,105,68,37
60QJ000151,126,70,56
60QJ000152,67,37,30
60QJ000153,110,78,32
60QJ000154,53,28,25
60QJ000155,56,15,41
60QJ000156,78,45,33
60QJ000157,103,62,41
60QJ000158,64,30,34
60QJ000159,63,24,39
60QJ000160,50,17,33
60QJ000161,66,36,30
60QJ000162,95,41,54
60QJ000163,95,51,44
60QJ000164,53,28,25
60QJ000165,57,32,25
60QJ000166,57,31,26
60QJ000167,34,13,21
60QJ000168,105,74,31
60QJ000169,59,41,18
60QJ000170,105,68,37
60QJ000171,105,67,38
60QJ000172,87,54,33
60QJ000173,38,15,23
60QJ000174,46,16,30
60QJ000175,46,21,25
60QJ000176,43,23,20
60QJ000177,95,64,31
60QJ000178,110,69,41
60QJ000179,129,85,44
60QJ000180,112,70,42
60QJ000181,81,30,51
60QJ000182,66,36,30
60QJ000183,72,35,37
60QJ000184,95,49,46
60QJ000185,96,49,47
60QJ000186,131,62,69
60QJ000187,93,38,55
60QJ000188,58,19,39
60QJ000189,38,24,14
60QJ000190,66,39,27
60QJ000191,39,23,16
60QJ000192,34,11,23
60QJ000193,48,33,15
60QJ000194,76,48,28
60QJ000195,92,60,32
60QJ000196,40,25,15
60QJ000197,76,41,35
60QJ000198,75,38,37
60QJ000199,151,110,41
60QJ000200,125,98,27
60QJ000201,106,76,30
60QJ000202,175,128,47
60QJ000203,84,66,18
60QJ000204,139,103,36
60QJ000205,74,56,18
60QJ000206,72,57,15
60QJ000207,45,21,24
60QJ000208,47,28,19
60QJ000209,99,59,40
60QJ000210,118,72,46
60QJ000211,83,57,26
60QJ000212,53,29,24
60QJ000213,75,45,30
60QJ000214,58,38,20
60QJ000215,108,63,45
60QJ000216,111,57,54
60QJ000217,88,53,35
60QJ000218,73,46,27
60QJ000219,44,25,19
60QJ000220,81,46,35
60QJ000221,89,52,37
60QJ000222,64,35,29
60QJ000223,50,27,23
60QJ000224,54,30,24
60QJ000225,44,17,27
60QJ000226,48,25,23
60QJ000227,90,40,50
60QJ000228,107,85,22
60QJ000229,106,73,33
60QJ000230,81,61,20
60QJ000231,73,34,39
60QJ000232,89,47,42
60QJ000233,14,0,14
60QJ000234,85,48,37
60QJ000235,92,50,42
60QJ000236,87,47,40
60QJ000237,119,51,68
60QJ000238,90,62,28
60QJ000239,54,30,24
60QJ000240,70,39,31
60QJ000241,56,32,24
60QJ000242,69,44,25
60QJ000243,96,69,27
60QJ000244,54,27,27
60QJ000245,106,61,45
60QJ000246,86,43,43
60QJ000247,95,53,42
60QJ000248,120,84,36
60QJ000249,112,67,45
60QJ000250,54,30,24
60QJ000251,41,26,15
60QJ000252,102,65,37
60QJ000253,108,82,26
60QJ000254,101,74,27
60QJ000255,79,54,25
60QJ000256,73,42,31
60QJ000257,34,19,15
60QJ000258,93,58,35
60QJ000259,38,7,31
60QJ000260,92,55,37
60QJ000261,79,42,37
60QJ000262,77,26,51
60QJ000263,65,31,34
60QJ000264,42,27,15
60QJ000265,96,62,34
60QJ000266,111,54,57
60QJ000267,99,62,37
60QJ000268,128,91,37
60QJ000269,78,39,39
60QJ000270,108,55,53
60QJ000271,67,30,37
60QJ000272,95,44,51
60QJ000273,91,46,45
60QJ000274,40,11,29
60QJ000275,84,50,34
60QJ000276,67,32,35
60QJ000277,99,62,37
60QJ000278,83,47,36
60QJ000279,118,72,46
60QJ000280,43,28,15
60QJ000281,71,44,27
60QJ000282,43,24,19
60QJ000283,71,42,29
60QJ000284,80,44,36
60QJ000285,82,48,34
60QJ000286,72,60,12
60QJ000287,156,124,32
60QJ000288,149,96,53
60QJ000289,80,37,43
60QJ000290,81,50,31
60QJ000291,77,61,16
60QJ000292,53,34,19
60QJ000293,52,25,27
60QJ000294,90,59,31
60QJ000295,46,21,25
60QJ000296,48,8,40
60QJ000297,59,34,25
60QJ000298,20,2,18
60QJ000299,17,4,13
60QJ000300,47,19,28
60QJ000301,51,23,28
60QJ000302,48,29,19
60QJ000303,86,30,56
60QJ000304,45,11,34
60QJ000305,54,18,36
60QJ000306,105,40,65
60QJ000307,109,62,47
60QJ000308,53,26,27
60QJ000309,96,67,29
60QJ000310,153,91,62
60QJ000311,73,53,20
60QJ000312,111,68,43
60QJ000313,87,58,29
60QJ000314,85,32,53
60QJ000315,100,74,26
60QJ000316,79,39,40
60QJ000317,66,50,16
60QJ000318,78,56,22
60QJ000319,52,17,35
60QJ000320,81,55,26
60QJ000321,86,46,40
60QJ000322,42,31,11
60QJ000323,82,39,43
60QJ000324,54,28,26
60QJ000325,79,51,28
60QJ000326,75,30,45
60QJ000327,39,16,23
60QJ000328,72,31,41
60QJ000329,40,20,20
60QJ000330,128,66,62
60QJ000331,112,79,33
60QJ000332,139,101,38
60QJ000333,72,57,15
60QJ000334,56,40,16
60QJ000335,90,37,53
60QJ000336,87,28,59
60QJ000337,88,57,31
60QJ000338,81,38,43
60QJ000339,139,89,50
60QJ000340,111,66,45
60QJ000341,107,73,34
60QJ000342,58,25,33
60QJ000343,53,24,29
60QJ000344,78,49,29
60QJ000345,81,38,43
60QJ000346,47,36,11
60QJ000347,64,33,31
60QJ000348,95,41,54
60QJ000349,28,7,21
60QJ000350,92,65,27
60QJ000351,53,25,28
60QJ000352,82,41,41
60QJ000353,49,29,20
60QJ000354,60,28,32
60QJ000355,52,39,13
60QJ000356,62,28,34
60QJ000357,114,60,54
60QJ000358,70,24,46
60QJ000359,76,52,24
60QJ000360,43,20,23
60QJ000361,49,32,17
60QJ000362,75,42,33
60QJ000363,84,42,42
60QJ000364,54,30,24
60QJ000365,68,32,36
60QJ000366,78,30,48
60QJ000367,82,62,20
60QJ000368,65,23,42
60QJ000369,79,57,22
60QJ000370,32,15,17
60QJ000371,47,38,9
60QJ000372,56,40,16
60QJ000373,43,25,18
60QJ000374,71,31,40
60QJ000375,86,32,54
60QJ000376,40,19,21
60QJ000377,86,44,42
60QJ000378,94,54,40
60QJ000379,86,38,48
60QJ000380,94,66,28
60QJ000381,31,7,24
60QJ000382,55,28,27
60QJ000383,93,59,34
60QJ000384,61,38,23
60QJ000385,56,26,30
60QJ000386,36,10,26
60QJ000387,39,13,26
60QJ000388,59,28,31
60QJ000389,99,66,33
60QJ000390,94,47,47
60QJ000391,55,22,33
60QJ000392,68,31,37
60QJ000393,83,36,47
60QJ000394,133,103,30
60QJ000395,109,72,37
60QJ000396,47,27,20
60QJ000397,64,28,36
60QJ000398,80,38,42
60QJ000399,80,38,42
60QJ000400,99,49,50
60QJ000401,68,28,40
60QJ000402,65,50,15
60QJ000403,63,42,21
60QJ000404,44,25,19
60QJ000405,72,48,24
60QJ000406,58,25,33
60QJ000407,67,29,38
60QJ000408,52,25,27
60QJ000409,94,43,51
60QJ000410,77,48,29
60QJ000411,88,59,29
60QJ000412,64,20,44
60QJ000413,103,83,20
60QJ000414,73,59,14
60QJ000415,87,54,33
60QJ000416,89,66,23
60QJ000417,52,38,14
60QJ000418,76,46,30
60QJ000419,127,66,61
60QJ000420,145,86,59
60QJ000421,90,64,26
60QJ000422,51,34,17
60QJ000423,50,36,14
60QJ000424,97,63,34
60QJ000425,88,63,25
60QJ000426,77,52,25
60QJ000427,95,77,18
60QJ000428,88,59,29
60QJ000429,81,48,33
60QJ000430,98,75,23
60QJ000431,86,56,30
60QJ000432,88,61,27
60QJ000433,103,55,48
60QJ000434,102,74,28
60QJ000435,62,53,9
60QJ000436,89,59,30
60QJ000437,92,51,41
60QJ000438,58,39,19
60QJ000439,27,8,19
60QJ000440,122,67,55
60QJ000441,73,40,33
60QJ000442,116,77,39
60QJ000443,91,57,34
60QJ000444,106,65,41
60QJ000445,77,50,27
60QJ000446,130,109,21
60QJ000447,99,53,46
60QJ000448,125,79,46
60QJ000449,90,54,36
60QJ000450,64,35,29
60QJ000451,62,35,27
60QJ000452,128,81,47
60QJ000453,92,48,44
60QJ000454,61,30,31
60QJ000455,80,53,27
60QJ000456,95,42,53
60QJ000457,93,50,43
60QJ000458,66,39,27
60QJ000459,119,98,21
60QJ000460,66,33,33
60QJ000461,96,61,35
60QJ000462,103,64,39
60QJ000463,62,38,24
60QJ000464,115,80,35
60QJ000465,71,36,35
60QJ000466,108,57,51
60QJ000467,102,73,29
60QJ000468,133,100,33
60QJ000469,94,68,26
60QJ000470,91,46,45
60QJ000471,45,29,16
60QJ000472,99,58,41
60QJ000473,103,61,42
60QJ000474,100,67,33
60QJ000475,96,42,54
60QJ000476,82,48,34
60QJ000477,68,44,24
60QJ000478,105,69,36
60QJ000479,88,61,27
60QJ000480,85,49,36
60QJ000481,95,52,43
60QJ000482,104,68,36
60QJ000483,101,67,34
60QJ000484,112,77,35
60QJ000485,106,80,26
60QJ000486,86,70,16
60QJ000487,103,66,37
60QJ000488,83,72,11
60QJ000489,84,52,32
60QJ000490,73,48,25
60QJ000491,94,55,39
60QJ000492,89,56,33
60QJ000493,69,48,21
60QJ000494,145,108,37
60QJ000495,132,97,35
60QJ000496,125,93,32
60QJ000497,64,39,25
60QJ000498,98,56,42
60QJ000499,93,61,32
60QJ000500,98,45,53
60QJ000501,101,75,26
60QJ000502,80,55,25
60QJ000503,91,61,30
60QJ000504,128,82,46
60QJ000505,93,57,36
60QJ000506,108,68,40
60QJ000507,74,47,27
60QJ000508,120,91,29
60QJ000509,100,69,31
60QJ000510,86,52,34
60QJ000511,104,59,45
60QJ000512,86,55,31
60QJ000513,154,104,50
60QJ000514,102,64,38
60QJ000515,88,52,36
60QJ000516,86,56,30
60QJ000517,106,64,42
60QJ000518,73,45,28
60QJ000519,78,40,38
60QJ000520,111,63,48
60QJ000521,115,69,46
60QJ000522,104,71,33
60QJ000523,79,41,38
60QJ000524,139,89,50
60QJ000525,128,70,58
60QJ000526,91,49,42
60QJ000527,78,46,32
60QJ000528,79,40,39
60QJ000529,82,38,44
60QJ000530,47,20,27
60QJ000531,62,34,28
60QJ000532,84,40,44
60QJ000533,95,54,41
60QJ000534,91,43,48
60QJ000535,48,33,15
60QJ000536,95,35,60
60QJ000537,102,60,42
60QJ000538,90,58,32
60QJ000539,106,51,55
60QJ000540,62,26,36
60QJ000541,126,75,51
60QJ000542,56,34,22
60QJ000543,82,57,25
60QJ000544,74,55,19
60QJ000545,60,40,20
60QJ000546,64,42,22
60QJ000547,86,63,23
60QJ000548,86,51,35
60QJ000549,85,63,22
60QJ000550,67,50,17
60QJ000551,96,75,21
60QJ000552,59,30,29
60QJ000553,82,57,25
60QJ000554,75,53,22
60QJ000555,98,75,23
60QJ000556,72,47,25
60QJ000557,95,58,37
60QJ000558,68,46,22
60QJ000559,60,45,15
60QJ000560,98,48,50
60QJ000561,63,46,17
60QJ000562,102,64,38
60QJ000563,51,19,32
60QJ000564,106,70,36
60QJ000565,69,49,20
60QJ000566,91,74,17
60QJ000567,46,34,12
60QJ000568,75,42,33
60QJ000569,58,41,17
60QJ000570,110,75,35
60QJ000571,58,22,36
60QJ000572,54,25,29
60QJ000573,54,22,32
60QJ000574,105,67,38
60QJ000575,59,50,9
60QJ000576,78,51,27
60QJ000577,87,59,28
60QJ000578,88,65,23
60QJ000579,147,97,50
60QJ000580,85,38,47
60QJ000581,120,88,32
60QJ000582,124,92,32
60QJ000583,68,61,7
60QJ000584,138,83,55
60QJ000585,94,58,36
60QJ000586,91,60,31
60QJ000587,105,70,35
60QJ000588,87,65,22
60QJ000589,113,77,36
60QJ000590,113,81,32
60QJ000591,72,57,15
60QJ000592,105,84,21
60QJ000593,104,66,38
60QJ000594,112,70,42
60QJ000595,87,61,26
60QJ000596,97,68,29
60QJ000597,81,35,46
60QJ000598,51,28,23
60QJ000599,65,30,35
60QJ000600,35,13,22
60QJ000601,64,36,28
60QJ000602,86,50,36
60QJ000603,47,18,29
60QJ000604,53,24,29
60QJ000605,37,17,20
60QJ000606,67,49,18
60QJ000607,48,17,31
60QJ000608,80,35,45
60QJ000609,68,41,27
60QJ000610,85,49,36
60QJ000611,51,31,20
60QJ000612,48,25,23
60QJ000613,55,29,26
60QJ000614,74,50,24
60QJ000615,94,61,33
60QJ000616,60,47,13
60QJ000617,122,82,40
60QJ000618,89,45,44
60QJ000619,48,30,18
60QJ000620,119,91,28
60QJ000621,100,66,34
60QJ000622,85,52,33
60QJ000623,57,36,21
60QJ000624,76,51,25
60QJ000625,64,46,18
60QJ000626,61,29,32
60QJ000627,104,60,44
60QJ000628,77,48,29
60QJ000629,48,24,24
60QJ000630,72,36,36
60QJ000631,46,22,24
60QJ000632,87,65,22
60QJ000633,50,21,29
60QJ000634,51,20,31
60QJ000635,113,73,40
60QJ000636,66,35,31
60QJ000637,28,3,25
60QJ000638,68,30,38
60QJ000639,39,30,9
60QJ000640,69,41,28
60QJ000641,34,14,20
60QJ000642,100,45,55
60QJ000643,75,36,39
60QJ000644,84,43,41
60QJ000645,90,48,42
60QJ000646,86,40,46
60QJ000647,80,49,31
60QJ000648,145,66,79
60QJ000649,126,65,61
60QJ000650,82,32,50
60QJ000651,114,95,19
60QJ000652,58,22,36
60QJ000653,132,92,40
60QJ000654,100,53,47
60QJ000655,84,39,45
60QJ000656,87,51,36
60QJ000657,76,42,34
60QJ000658,58,41,17
60QJ000659,53,26,27
60QJ000660,82,37,45
60QJ000661,77,35,42
60QJ000662,106,62,44
60QJ000663,80,39,41
60QJ000664,50,31,19
60QJ000665,87,48,39
60QJ000666,112,53,59
60QJ000667,74,39,35
60QJ000668,126,76,50
60QJ000669,56,23,33
60QJ000670,122,76,46
60QJ000671,74,46,28
60QJ000672,87,58,29
60QJ000673,126,77,49
60QJ000674,105,59,46
60QJ000675,75,49,26
60QJ000676,69,35,34
60QJ000677,93,69,24
60QJ000678,128,80,48
60QJ000679,99,56,43
60QJ000680,87,51,36
60QJ000681,66,42,24
60QJ000682,64,35,29
60QJ000683,122,83,39
60QJ000684,65,38,27
60QJ000685,78,47,31
60QJ000686,124,65,59
60QJ000687,58,37,21
60QJ000688,36,15,21
60QJ000689,128,74,54
60QJ000690,98,56,42
60QJ000691,95,54,41
60QJ000692,85,49,36
60QJ000693,52,38,14
60QJ000694,77,50,27
60QJ000695,83,42,41
60QJ000696,68,41,27
60QJ000697,124,86,38
60QJ000698,84,36,48
60QJ000699,128,56,72
60QJ000700,115,65,50
60QJ000701,113,68,45
60QJ000702,82,48,34
60QJ000703,62,12,50
60QJ000704,73,45,28
60QJ000705,99,54,45
60QJ000706,43,10,33
60QJ000707,65,40,25
60QJ000708,89,59,30
60QJ000709,75,42,33
60QJ000710,73,49,24
60QJ000711,91,45,46
60QJ000712,56,34,22
60QJ000713,111,69,42
60QJ000714,64,20,44
60QJ000715,53,20,33
60QJ000716,63,20,43
60QJ000717,51,20,31
60QJ000718,67,43,24
60QJ000719,55,19,36
60QJ000720,97,46,51
60QJ000721,71,37,34
60QJ000722,52,33,19
60QJ000723,54,43,11
60QJ000724,108,53,55
60QJ000725,69,34,35
60QJ000726,80,35,45
60QJ000727,73,33,40
60QJ000728,64,45,19
60QJ000729,53,32,21
60QJ000730,101,61,40
60QJ000731,76,50,26
60QJ000732,107,58,49
60QJ000733,96,55,41
60QJ000734,66,38,28
60QJ000735,77,51,26
60QJ000736,81,51,30
60QJ000737,123,83,40
60QJ000738,99,54,45
60QJ000739,85,62,23
60QJ000740,89,61,28
60QJ000741,99,71,28
60QJ000742,103,55,48
60QJ000743,122,78,44
60QJ000744,35,19,16
60QJ000745,39,15,24
60QJ000746,92,56,36
60QJ000747,112,73,39
60QJ000748,58,33,25
60QJ000749,57,32,25
60QJ000750,133,73,60
60QJ000751,106,68,38
60QJ000752,87,47,40
60QJ000753,80,59,21
60QJ000754,79,49,30
60QJ000755,96,51,45
60QJ000756,46,11,35
60QJ000757,79,47,32
60QJ000758,112,69,43
60QJ000759,77,40,37
60QJ000760,129,76,53
60QJ000761,101,62,39
60QJ000762,128,85,43
60QJ000763,134,87,47
60QJ000764,143,95,48
60QJ000765,158,104,54
60QJ000766,68,46,22
60QJ000767,106,66,40
60QJ000768,82,59,23
60QJ000769,92,46,46
60QJ000770,83,52,31
60QJ000771,91,57,34
60QJ000772,100,50,50
60QJ000773,85,57,28
60QJ000774,69,44,25
60QJ000775,84,56,28
60QJ000776,118,81,37
60QJ000777,96,47,49
60QJ000778,58,36,22
60QJ000779,100,59,41
60QJ000780,51,21,30
60QJ000781,137,89,48
60QJ000782,84,54,30
60QJ000783,90,61,29
60QJ000784,65,33,32
60QJ000785,86,51,35
60QJ000786,116,39,77
60QJ000787,81,31,50
60QJ000788,113,71,42
60QJ000789,95,36,59
60QJ000790,95,37,58
60QJ000791,44,28,16
60QJ000792,82,60,22
60QJ000793,83,60,23
60QJ000794,66,31,35
60QJ000795,102,65,37
60QJ000796,110,86,24
60QJ000797,71,65,6
60QJ000798,98,92,6
60QJ000799,67,57,10
60QJ000800,112,96,16
60QJ000801,144,117,27
60QJ000802,119,104,15
60QJ000803,119,94,25
60QJ000804,70,49,21
60QJ000805,126,71,55
60QJ000806,104,53,51
60QJ000807,98,56,42
60QJ000808,84,50,34
60QJ000809,84,60,24
60QJ000810,162,111,51
60QJ000811,105,82,23
60QJ000812,99,57,42
60QJ000813,139,79,60
60QJ000814,137,84,53
60QJ000815,114,74,40
60QJ000816,129,79,50
60QJ000817,103,62,41
60QJ000818,48,8,40
60QJ000819,112,64,48
60QJ000820,86,46,40
60QJ000821,34,12,22
60QJ000822,96,70,26
60QJ000823,86,52,34
60QJ000824,121,70,51
60QJ000825,53,26,27
60QJ000826,61,25,36
60QJ000827,90,66,24
60QJ000828,61,34,27
60QJ000829,56,22,34
60QJ000830,56,36,20
60QJ000831,65,35,30
60QJ000832,77,58,19
60QJ000833,78,53,25
60QJ000834,57,35,22
60QJ000835,58,43,15
60QJ000836,61,38,23
60QJ000837,43,30,13
60QJ000838,72,48,24
60QJ000839,62,46,16
60QJ000840,57,41,16
60QJ000841,85,53,32
60QJ000842,65,47,18
60QJ000843,99,76,23
60QJ000844,123,95,28
60QJ000845,101,74,27
60QJ000846,107,74,33
60QJ000847,97,74,23
60QJ000848,100,60,40
60QJ000849,98,67,31
60QJ000850,78,57,21
60QJ000851,96,70,26
60QJ000852,133,97,36
60QJ000853,84,46,38
60QJ000854,92,64,28
60QJ000855,98,67,31
60QJ000856,84,52,32
60QJ000857,67,37,30
60QJ000858,29,6,23
60QJ000859,80,50,30
60QJ000860,97,68,29
60QJ000861,57,28,29
60QJ000862,54,37,17
60QJ000863,75,58,17
60QJ000864,132,104,28
60QJ000865,66,33,33
60QJ000866,91,66,25
60QJ000867,69,45,24
60QJ000868,75,47,28
60QJ000869,115,82,33
60QJ000870,86,55,31
60QJ000871,75,39,36
60QJ000872,76,38,38
60QJ000873,66,44,22
60QJ000874,83,55,28
60QJ000875,96,61,35
60QJ000876,58,41,17
60QJ000877,97,63,34
60QJ000878,90,53,37
60QJ000879,83,54,29
60QJ000880,97,46,51
60QJ000881,94,66,28
60QJ000882,98,60,38
60QJ000883,78,43,35
60QJ000884,75,54,21
60QJ000885,143,92,51
60QJ000886,122,95,27
60QJ000887,104,70,34
60QJ000888,52,38,14
60QJ000889,100,74,26
60QJ000890,78,57,21
60QJ000891,45,33,12
60QJ000892,119,71,48
60QJ000893,91,53,38
60QJ000894,38,16,22
60QJ000895,87,51,36
60QJ000896,49,29,20
60QJ000897,20,6,14
60QJ000898,103,61,42
60QJ000899,125,83,42
60QJ000900,81,56,25
60QJ000901,97,80,17
60QJ000902,103,60,43
60QJ000903,165,136,29
60QJ000904,137,93,44
60QJ000905,92,54,38
60QJ000906,103,70,33
60QJ000907,82,59,23
60QJ000908,79,67,12
60QJ000909,95,59,36
60QJ000910,128,89,39
60QJ000911,39,23,16
60QJ000912,110,60,50
60QJ000913,120,80,40
60QJ000914,98,71,27
60QJ000915,89,62,27
60QJ000916,108,76,32
60QJ000917,129,89,40
60QJ000918,116,92,24
60QJ000919,117,77,40
60QJ000920,61,37,24
60QJ000921,110,81,29
60QJ000922,54,27,27
60QJ000923,30,17,13
60QJ000924,81,58,23
60QJ000925,59,35,24
60QJ000926,86,56,30
60QJ000927,58,22,36
60QJ000928,82,53,29
60QJ000929,122,85,37
60QJ000930,97,80,17
60QJ000931,65,29,36
60QJ000932,60,25,35
60QJ000933,56,31,25
60QJ000934,72,44,28
60QJ000935,101,57,44
60QJ000936,55,30,25
60QJ000937,41,17,24
60QJ000938,104,51,53
60QJ000939,93,54,39
60QJ000940,41,27,14
60QJ000941,84,59,25
60QJ000942,73,60,13
60QJ000943,35,27,8
60QJ000944,44,17,27
60QJ000945,73,41,32
60QJ000946,65,54,11
60QJ000947,53,29,24
60QJ000948,80,53,27
60QJ000949,62,33,29
60QJ000950,90,63,27
60QJ000951,50,34,16
60QJ000952,81,62,19
60QJ000953,65,52,13
60QJ000954,72,53,19
60QJ000955,99,71,28
60QJ000956,68,26,42
60QJ000957,118,101,17
60QJ000958,60,40,20
60QJ000959,90,52,38
60QJ000960,78,48,30
60QJ000961,61,33,28
60QJ000962,44,35,9
60QJ000963,70,53,17
60QJ000964,66,38,28
60QJ000965,205,76,129
60QJ000966,72,35,37
60QJ000967,91,54,37
60QJ000968,76,42,34
60QJ000969,69,50,19
60QJ000970,48,19,29
60QJ000971,48,23,25
60QJ000972,42,18,24
60QJ000973,74,36,38
60QJ000974,80,30,50
60QJ000975,68,43,25
60QJ000976,92,58,34
60QJ000977,48,15,33
60QJ000978,32,17,15
60QJ000979,63,24,39
60QJ000980,66,48,18
60QJ000981,61,33,28
60QJ000982,57,36,21
60QJ000983,78,63,15
60QJ000984,40,15,25
60QJ000985,47,27,20
60QJ000986,55,34,21
60QJ000987,85,49,36
60QJ000988,62,34,28
60QJ000989,66,43,23
60QJ000990,44,26,18
60QJ000991,50,29,21
60QJ000992,60,46,14
60QJ000993,78,51,27
60QJ000994,34,10,24
60QJ000995,71,39,32
60QJ000996,144,72,72
60QJ000997,71,35,36
60QJ000998,30,9,21
60QJ000999,83,18,65
60QJ001000,52,26,26
60QJ001001,44,23,21
60QJ001002,69,35,34
60QJ001003,62,26,36
60QJ001004,52,24,28
60QJ001005,218,107,111
60QJ001006,71,47,24
60QJ001007,45,33,12
60QJ001008,78,43,35
60QJ001009,39,17,22
60QJ001010,39,25,14
60QJ001011,59,49,10
60QJ001012,78,56,22
60QJ001013,68,50,18
60QJ001014,43,24,19
60QJ001015,66,39,27
60QJ001016,53,32,21
60QJ001017,84,50,34
60QJ001018,76,56,20
60QJ001019,144,115,29
60QJ001020,41,15,26
60QJ001021,83,42,41
60QJ001022,73,51,22
60QJ001023,41,24,17
60QJ001024,74,49,25
60QJ001025,59,44,15
60QJ001026,78,50,28
60QJ001027,73,32,41
60QJ001028,51,26,25
60QJ001029,54,27,27
60QJ001030,49,38,11
60QJ001031,79,66,13
60QJ001032,96,67,29
60QJ001033,111,50,61
60QJ001034,46,25,21
60QJ001035,43,27,16
60QJ001036,41,20,21
60QJ001037,50,25,25
60QJ001038,173,74,99
60QJ001039,43,24,19
60QJ001040,46,28,18
60QJ001041,73,44,29
60QJ001042,64,22,42
60QJ001043,53,29,24
60QJ001044,57,38,19
60QJ001045,116,77,39
60QJ001046,42,26,16
60QJ001047,44,26,18
60QJ001048,43,23,20
60QJ001049,144,68,76
60QJ001050,74,45,29
60QJ001051,75,41,34
60QJ001052,66,31,35
60QJ001053,89,49,40
60QJ001054,45,17,28
60QJ001055,43,12,31
60QJ001056,75,38,37
60QJ001057,66,38,28
60QJ001058,81,50,31
60QJ001059,64,40,24
60QJ001060,59,39,20
60QJ001061,31,14,17
60QJ001062,77,38,39
60QJ001063,79,53,26
60QJ001064,67,51,16
60QJ001065,112,88,24
60QJ001066,82,60,22
60QJ001067,79,68,11
60QJ001068,199,128,71
60QJ001069,76,41,35
60QJ001070,64,23,41
60QJ001071,106,42,64
60QJ001072,49,20,29
60QJ001073,79,35,44
60QJ001074,150,51,99
60QJ001075,98,58,40
60QJ001076,79,46,33
60QJ001077,100,57,43
60QJ001078,141,75,66
60QJ001079,98,61,37
60QJ001080,64,37,27
60QJ001081,86,51,35
60QJ001082,81,36,45
60QJ001083,126,77,49
60QJ001084,109,49,60
60QJ001085,100,46,54
60QJ001086,98,64,34
60QJ001087,74,44,30
60QJ001088,68,32,36
60QJ001089,349,97,252
60QJ001090,104,38,66
60QJ001091,151,55,96
60QJ001092,357,108,249
60QJ001093,118,67,51
60QJ001094,117,46,71
60QJ001095,135,70,65
60QJ001096,114,47,67
60QJ001097,53,31,22
60QJ001098,61,35,26
60QJ001099,66,57,9
60QJ001100,58,34,24
60QJ001101,78,66,12
60QJ001102,109,75,34
60QJ001103,109,74,35
60QJ001104,101,62,39
60QJ001105,48,18,30
60QJ001106,124,83,41
60QJ001107,86,49,37
60QJ001108,122,63,59
60QJ001109,152,58,94
60QJ001110,57,24,33
60QJ001111,40,22,18
60QJ001112,125,78,47
60QJ001113,70,35,35
60QJ001114,56,42,14
60QJ001115,54,22,32
60QJ001116,31,8,23
60QJ001117,36,9,27
60QJ001118,55,15,40
60QJ001119,32,9,23
60QJ001120,64,45,19
60QJ001121,52,28,24
60QJ001122,99,69,30
60QJ001123,90,63,27
60QJ001124,41,10,31
60QJ001125,68,27,41
60QJ001126,55,36,19
60QJ001127,57,35,22
60QJ001128,99,58,41
60QJ001129,103,51,52
60QJ001130,70,61,9
60QJ001131,52,21,31
60QJ001132,53,20,33
60QJ001133,99,48,51
60QJ001134,113,48,65
60QJ001135,52,22,30
60QJ001136,60,28,32
60QJ001137,52,30,22
60QJ001138,72,55,17
60QJ001139,64,36,28
60QJ001140,75,43,32
60QJ001141,71,54,17
60QJ001142,83,59,24
60QJ001143,82,35,47
60QJ001144,58,32,26
60QJ001145,58,29,29
60QJ001146,75,58,17
60QJ001147,65,41,24
60QJ001148,169,135,34
60QJ001149,102,54,48
60QJ001150,48,27,21
60QJ001151,74,51,23
60QJ001152,58,42,16
60QJ001153,74,59,15
60QJ001154,96,35,61
60QJ001155,109,56,53
60QJ001156,97,26,71
60QJ001157,59,30,29
60QJ001158,65,21,44
60QJ001159,79,31,48
60QJ001160,105,66,39
60QJ001161,47,29,18
60QJ001162,84,63,21
60QJ001163,92,74,18
60QJ001164,85,66,19
60QJ001165,61,45,16
60QJ001166,54,47,7
60QJ001167,126,97,29
60QJ001168,81,67,14
60QJ001169,105,86,19
60QJ001170,106,78,28
60QJ001171,78,54,24
60QJ001172,50,28,22
60QJ001173,76,59,17
60QJ001174,94,74,20
60QJ001175,70,39,31
60QJ001176,71,44,27
60QJ001177,96,46,50
60QJ001178,73,47,26
60QJ001179,74,50,24
60QJ001180,88,72,16
60QJ001181,84,61,23
60QJ001182,82,55,27
60QJ001183,34,16,18
60QJ001184,60,23,37
60QJ001185,81,37,44
60QJ001186,108,89,19
60QJ001187,88,76,12
60QJ001188,88,80,8
60QJ001189,59,33,26
60QJ001190,84,40,44
60QJ001191,86,51,35
60QJ001192,85,76,9
60QJ001193,90,79,11
60QJ001194,54,40,14
60QJ001195,72,43,29
60QJ001196,123,83,40
60QJ001197,76,51,25
60QJ001198,126,103,23
60QJ001199,66,52,14
60QJ001200,93,73,20
60QJ001201,114,81,33
60QJ001202,86,71,15
60QJ001203,111,103,8
60QJ001204,69,33,36
60QJ001205,75,35,40
60QJ001206,35,10,25
60QJ001207,80,50,30
60QJ001208,64,40,24
60QJ001209,77,46,31
60QJ001210,97,53,44
60QJ001211,75,61,14
60QJ001212,119,98,21
60QJ001213,55,26,29
60QJ001214,112,99,13
60QJ001215,104,94,10
60QJ001216,92,70,22
60QJ001217,95,76,19
60QJ001218,104,91,13
60QJ001219,83,65,18
60QJ001220,92,65,27
60QJ001221,121,89,32
60QJ001222,53,35,18
60QJ001223,67,42,25
60QJ001224,87,42,45
60QJ001225,48,16,32
60QJ001226,66,44,22
60QJ001227,65,45,20
60QJ001228,44,27,17
60QJ001229,88,52,36
60QJ001230,63,45,18
60QJ001231,91,62,29
60QJ001232,57,43,14
60QJ001233,80,54,26
60QJ001234,48,35,13
60QJ001235,47,18,29
60QJ001236,127,88,39
60QJ001237,47,26,21
60QJ001238,92,74,18
60QJ001239,81,61,20
60QJ001240,32,20,12
60QJ001241,78,24,54
60QJ001242,196,139,57
60QJ001243,49,27,22
60QJ001244,94,62,32
60QJ001245,128,87,41
60QJ001246,55,39,16
60QJ001247,103,70,33
60QJ001248,45,27,18
60QJ001249,160,107,53
60QJ001250,72,40,32
60QJ001251,107,75,32
60QJ001252,58,21,37
60QJ001253,99,80,19
60QJ001254,76,66,10
60QJ001255,130,111,19
60QJ001256,96,82,14
60QJ001257,73,56,17
60QJ001258,96,72,24
60QJ001259,101,80,21
60QJ001260,81,61,20
60QJ001261,77,60,17
60QJ001262,76,43,33
60QJ001263,250,147,103
60QJ001264,76,44,32
60QJ001265,79,43,36
60QJ001266,247,142,105
60QJ001267,46,11,35
60QJ001268,52,29,23
60QJ001269,95,44,51
60QJ001270,47,28,19
60QJ001271,77,35,42
60QJ001272,105,65,40
60QJ001273,94,79,15
60QJ001274,98,69,29
60QJ001275,119,96,23
60QJ001276,75,31,44
60QJ001277,57,14,43
60QJ001278,121,80,41
60QJ001279,86,53,33
60QJ001280,53,38,15
60QJ001281,68,46,22
60QJ001282,131,71,60
60QJ001283,151,142,9
60QJ001284,62,45,17
60QJ001285,145,133,12
60QJ001286,43,24,19
60QJ001287,433,155,278
60QK000001,45,31,14
60QK000002,63,42,21
60QK000003,105,77,28
60QK000004,119,79,40
60QK000005,88,52,36
60QK000006,118,88,30
60QK000007,177,140,37
60QK000008,73,30,43
60QK000009,60,23,37
60QK000010,99,39,60
60QK000011,59,45,14
60QK000012,57,39,18
60QK000013,127,81,46
60QK000014,111,77,34
60QK000015,175,116,59
60QK000016,136,92,44
60QK000017,73,46,27
60QK000018,35,17,18
60QK000019,109,82,27
60QK000020,140,99,41
60QK000021,91,62,29
60QK000022,136,103,33
60QK000023,66,46,20
60QK000024,77,45,32
60QK000025,124,87,37
60QK000026,45,32,13
60QK000027,115,74,41
60QK000028,96,56,40
60QK000029,44,33,11
60QK000030,130,104,26
60QK000031,82,62,20
60QK000032,158,119,39
60QK000033,112,87,25
60QK000034,130,95,35
60QK000035,55,45,10
60QK000036,126,96,30
60QK000037,152,113,39
60QK000038,98,73,25
60QK000039,80,55,25
60QK000040,85,61,24
60QK000041,52,47,5
60QK000042,40,30,10
60QK000043,109,90,19
60QK000044,131,93,38
60QK000045,91,59,32
60QK000046,63,41,22
60QK000047,64,44,20
60QK000048,62,27,35
60QK000049,135,67,68
60QK000050,124,57,67
60QK000051,36,12,24
60QK000052,112,54,58
60QK000053,123,59,64
60QK000054,70,35,35
60QK000055,107,41,66
60QK000056,71,31,40
60QK000057,56,20,36
60QK000058,100,52,48
60QK000059,128,92,36
60QK000060,115,64,51
60QK000061,69,33,36
60QK000062,80,41,39
60QK000063,98,45,53
60QK000064,97,35,62
60QK000065,59,21,38
60QK000066,84,53,31
60QK000067,90,43,47
60QK000068,64,23,41
60QK000069,82,53,29
60QK000070,77,40,37
60QK000071,103,52,51
60QK000072,104,55,49
60QK000073,129,92,37
60QK000074,108,51,57
60QK000075,100,49,51
60QK000076,45,12,33
60QK000077,72,47,25
60QK000078,46,21,25
60QK000079,77,39,38
60QK000080,89,47,42
60QK000081,100,54,46
60QK000082,65,49,16
60QK000083,114,53,61
60QK000084,105,60,45
60QK000085,82,50,32
60QK000086,74,48,26
60QK000087,91,45,46
60QK000088,96,44,52
60QK000089,69,43,26
60QK000090,93,54,39
60QK000091,55,19,36
60QK000092,48,27,21
60QK000093,74,36,38
60QK000094,63,27,36
60QK000095,79,34,45
60QK000096,57,11,46
60QK000097,79,42,37
60QK000098,80,45,35
60QK000099,78,33,45
60QK000100,89,48,41
60QK000101,96,63,33
60QK000102,73,40,33
60QK000103,87,58,29
60QK000104,86,53,33
60QK000105,112,54,58
60QK000106,80,43,37
60QK000107,112,61,51
60QK000108,113,54,59
60QK000109,80,53,27
60QK000110,107,77,30
60QK000111,115,87,28
60QK000112,91,54,37
60QK000113,127,72,55
60QK000114,85,38,47
60QK000115,128,67,61
60QK000116,135,73,62
60QK000117,96,56,40
60QK000118,105,42,63
60QK000119,87,39,48
60QK000120,110,62,48
60QK000121,103,67,36
60QK000122,76,43,33
60QK000123,89,50,39
60QK000124,109,59,50
60QK000125,81,50,31
60QK000126,113,77,36
60QK000127,77,45,32
60QK000128,81,48,33
60QK000129,65,35,30
60QK000130,102,53,49
60QK000131,85,54,31
60QK000132,116,59,57
60QK000133,122,76,46
60QK000134,98,56,42
60QK000135,46,31,15
60QK000136,116,73,43
60QK000137,80,40,40
60QK000138,106,66,40
60QK000139,103,70,33
60QK000140,100,66,34
60QK000141,152,108,44
60QK000142,110,72,38
60QK000143,94,68,26
60QK000144,88,58,30
60QK000145,69,43,26
60QK000146,92,59,33
60QK000147,123,87,36
60QK000148,88,62,26
60QK000149,122,88,34
60QK000150,122,65,57
60QK000151,112,57,55
60QK000152,87,66,21
60QK000153,61,41,20
60QK000154,97,65,32
60QK000155,92,60,32
60QK000156,79,31,48
60QK000157,83,51,32
60QK000158,80,43,37
60QK000159,94,57,37
60QK000160,69,34,35
60QK000161,63,32,31
60QK000162,62,23,39
60QK000163,75,38,37
60QK000164,84,43,41
60QK000165,87,57,30
60QK000166,66,36,30
60QK000167,52,33,19
60QK000168,93,71,22
60QK000169,67,48,19
60QK000170,102,75,27
60QK000171,70,43,27
60QK000172,129,98,31
60QK000173,171,137,34
60QK000174,87,65,22
60QK000175,125,83,42
60QK000176,105,65,40
60QK000177,123,65,58
60QK000178,86,51,35
60QK000179,81,47,34
60QK000180,91,46,45
60QK000181,86,48,38
60QK000182,107,50,57
60QK000183,106,75,31
60QK000184,91,57,34
60QK000185,61,33,28
60QK000186,41,20,21
60QK000187,126,66,60
60QK000188,67,40,27
60QK000189,109,60,49
60QK000190,102,57,45
60QK000191,65,41,24
60QK000192,65,32,33
60QK000193,75,35,40
60QK000194,68,38,30
60QK000195,79,45,34
60QK000196,85,48,37
60QK000197,62,41,21
60QK000198,90,51,39
60QK000199,61,37,24
60QK000200,92,48,44
60QK000201,100,75,25
60QK000202,77,53,24
60QK000203,95,67,28
60QK000204,94,54,40
60QK000205,61,34,27
60QK000206,97,48,49
60QK000207,92,53,39
60QK000208,67,42,25
60QK000209,83,43,40
60QK000210,67,28,39
60QK000211,96,48,48
60QK000212,125,80,45
60QK000213,109,45,64
60QK000214,65,35,30
60QK000215,90,49,41
60QK000216,123,76,47
60QK000217,124,56,68
60QK000218,66,31,35
60QK000219,121,62,59
60QK000220,58,41,17
60QK000221,78,36,42
60QK000222,94,50,44
60QK000223,73,38,35
60QK000224,67,40,27
60QK000225,57,24,33
60QK000226,60,24,36
60QK000227,41,13,28
60QK000228,44,22,22
60QK000229,44,23,21
60QK000230,131,72,59
60QK000231,70,36,34
60QK000232,44,21,23
60QK000233,70,47,23
60QK000234,87,67,20
60QK000235,65,35,30
60QK000236,127,67,60
60QK000237,117,76,41
60QK000238,82,47,35
60QK000239,80,55,25
60QK000240,94,49,45
60QK000241,77,27,50
60QK000242,92,55,37
60QK000243,89,52,37
60QK000244,63,25,38
60QK000245,54,26,28
60QK000246,74,31,43
60QK000247,114,63,51
60QK000248,86,57,29
60QK000249,72,46,26
60QK000250,72,42,30
60QK000251,83,44,39
60QK000252,58,22,36
60QK000253,129,89,40
60QK000254,104,75,29
60QK000255,62,39,23
60QK000256,70,42,28
60QK000257,107,53,54
60QK000258,109,82,27
60QK000259,99,62,37
60QK000260,125,84,41
60QK000261,117,90,27
60QK000262,124,72,52
60QK000263,116,74,42
60QK000264,90,70,20
60QK000265,91,52,39
60QK000266,90,44,46
60QK000267,75,43,32
60QK000268,119,67,52
60QK000269,69,42,27
60QK000270,102,50,52
60QK000271,98,44,54
60QK000272,94,57,37
60QK000273,71,21,50
60QK000274,87,46,41
60QK000275,106,47,59
60QK000276,75,39,36
60QK000277,70,27,43
60QK000278,109,43,66
60QK000279,89,51,38
60QK000280,102,49,53
60QK000281,95,43,52
60QK000282,204,125,79
60QK000283,100,75,25
60QK000284,151,130,21
60QK000285,87,55,32
60QK000286,80,55,25
60QK000287,119,75,44
60QK000288,96,73,23
60QK000289,60,42,18
60QK000290,77,53,24
60QK000291,84,48,36
60QK000292,85,62,23
60QK000293,75,56,19
60QK000294,104,63,41
60QK000295,83,50,33
60QK000296,85,61,24
60QK000297,91,75,16
60QK000298,65,53,12
60QK000299,92,70,22
60QK000300,90,69,21
60QK000301,80,58,22
60QK000302,93,47,46
60QK000303,107,67,40
60QK000304,75,46,29
60QK000305,87,53,34
60QK000306,52,40,12
60QK000307,51,36,15
60QK000308,67,46,21
60QK000309,49,33,16
60QK000310,53,33,20
60QK000311,98,59,39
60QK000312,126,98,28
60QK000313,78,46,32
60QK000314,104,53,51
60QK000315,74,65,9
60QK000316,67,47,20
60QK000317,59,28,31
60QK000318,84,47,37
60QK000319,74,46,28
60QK000320,53,24,29
60QK000321,83,51,32
60QK000322,60,49,11
60QK000323,81,39,42
60QK000324,79,35,44
60QK000325,79,67,12
60QK000326,65,56,9
60QK000327,34,20,14
60QK000328,74,52,22
60QK000329,61,27,34
60QK000330,81,55,26
60QK000331,95,78,17
60QK000332,58,27,31
60QK000333,82,51,31
60QK000334,71,47,24
60QK000335,87,68,19
60QK000336,55,40,15
60QK000337,85,69,16
60QK000338,118,81,37
60QK000339,94,60,34
60QK000340,72,45,27
60QK000341,120,90,30
60QK000342,54,20,34
60QK000343,45,15,30
60QK000344,42,21,21
60QK000345,128,85,43
60QK000346,39,15,24
60QK000347,38,18,20
60QK000348,59,29,30
60QK000349,53,23,30
60QK000350,38,13,25
60QK000351,58,23,35
60QK000352,133,99,34
60QK000353,64,52,12
60QK000354,65,54,11
60QK000355,69,60,9
60QK000356,107,74,33
60QK000357,89,59,30
60QK000358,99,51,48
60QK000359,87,46,41
60QK000360,96,64,32
60QK000361,95,63,32
60QK000362,86,55,31
60QK000363,122,77,45
60QK000364,86,49,37
60QK000365,68,45,23
60QK000366,97,54,43
60QK000367,101,61,40
60QK000368,78,45,33
60QK000369,126,84,42
60QK000370,100,60,40
60QK000371,87,52,35
60QK000372,89,50,39
60QK000373,82,48,34
60QK000374,110,77,33
60QK000375,77,50,27
60QK000376,78,34,44
60QK000377,72,36,36
60QK000378,89,51,38
60QK000379,80,47,33
60QK000380,101,49,52
60QK000381,72,37,35
60QK000382,79,44,35
60QK000383,133,83,50
60QK000384,111,66,45
60QK000385,124,78,46
60QK000386,90,64,26
60QK000387,98,64,34
60QK000388,73,48,25
60QK000389,96,63,33
60QK000390,73,40,33
60QK000391,78,44,34
60QK000392,120,67,53
60QK000393,82,54,28
60QK000394,120,87,33
60QK000395,66,34,32
60QK000396,108,74,34
60QK000397,134,87,47
60QK000398,97,69,28
60QK000399,105,83,22
60QK000400,99,60,39
60QK000401,68,32,36
60QK000402,144,104,40
60QK000403,51,25,26
60QK000404,66,35,31
60QK000405,62,33,29
60QK000406,62,26,36
60QK000407,63,23,40
60QK000408,67,30,37
60QK000409,68,40,28
60QK000410,84,56,28
60QK000411,88,53,35
60QK000412,94,55,39
60QK000413,74,48,26
60QK000414,58,34,24
60QK000415,97,58,39
60QK000416,91,48,43
60QK000417,66,28,38
60QK000418,90,49,41
60QK000419,78,48,30
60QK000420,82,57,25
60QK000421,72,46,26
60QK000422,96,67,29
60QK000423,89,58,31
60QK000424,80,56,24
60QK000425,92,46,46
60QK000426,83,45,38
60QK000427,84,55,29
60QK000428,73,39,34
60QK000429,49,27,22
60QK000430,82,39,43
60QK000431,47,32,15
60QK000432,126,91,35
60QK000433,65,30,35
60QK000434,60,45,15
60QK000435,105,68,37
60QK000436,118,91,27
60QK000437,172,143,29
60QK000438,139,109,30
60QK000439,67,35,32
60QK000440,78,43,35
60QK000441,93,51,42
60QK000442,59,28,31
60QK000443,57,31,26
60QK000444,72,35,37
60QK000445,74,51,23
60QK000446,85,61,24
60QK000447,67,29,38
60QK000448,72,40,32
60QK000449,82,53,29
60QK000450,59,36,23
60QK000451,78,34,44
60QK000452,68,34,34
60QK000453,87,30,57
60QK000454,71,34,37
60QK000455,97,46,51
60QK000456,71,46,25
60QK000457,35,15,20
60QK000458,57,39,18
60QK000459,35,7,28
60QK000460,78,54,24
60QK000461,68,48,20
60QK000462,47,25,22
60QK000463,64,53,11
60QK000464,67,34,33
60QK000465,61,31,30
60QK000466,48,25,23
60QK000467,97,52,45
60QK000468,120,71,49
60QK000469,95,43,52
60QK000470,67,32,35
60QK000471,43,25,18
60QK000472,111,60,51
60QK000473,93,51,42
60QK000474,90,44,46
60QK000475,111,88,23
60QK000476,99,64,35
60QK000477,118,72,46
60QK000478,90,76,14
60QK000479,92,59,33
60QK000480,121,95,26
60QK000481,106,81,25
60QK000482,137,104,33
60QK000483,132,87,45
60QK000484,137,104,33
60QK000485,87,70,17
60QK000486,56,26,30
60QK000487,82,55,27
60QK000488,93,64,29
60QK000489,71,34,37
60QK000490,77,40,37
60QK000491,119,71,48
60QK000492,79,38,41
60QK000493,136,88,48
60QK000494,98,57,41
60QK000495,81,32,49
60QK000496,71,45,26
60QK000497,41,27,14
60QK000498,83,48,35
60QK000499,67,31,36
60QK000500,93,64,29
60QK000501,104,60,44
60QK000502,67,43,24
60QK000503,82,57,25
60QK000504,80,49,31
60QK000505,91,60,31
60QK000506,38,22,16
60QK000507,60,51,9
60QK000508,58,26,32
60QK000509,92,51,41
60QK000510,68,34,34
60QK000511,120,100,20
60QK000512,74,46,28
60QK000513,111,94,17
60QK000514,112,86,26
60QK000515,97,76,21
60QK000516,118,99,19
60QK000517,88,70,18
60QK000518,94,71,23
60QK000519,49,30,19
60QK000520,101,64,37
60QK000521,91,68,23
60QK000522,76,41,35
60QK000523,49,30,19
60QK000524,70,34,36
60QK000525,68,46,22
60QK000526,74,45,29
60QK000527,108,74,34
60QK000528,79,57,22
60QK000529,78,53,25
60QK000530,52,31,21
60QK000531,43,26,17
60QK000532,49,25,24
60QK000533,59,26,33
60QK000534,72,46,26
60QK000535,97,44,53
60QK000536,77,41,36
60QK000537,81,46,35
60QK000538,101,70,31
60QK000539,117,84,33
60QK000540,62,40,22
60QK000541,46,24,22
60QK000542,96,49,47
60QK000543,111,65,46
60QK000544,111,76,35
60QK000545,83,43,40
60QK000546,124,69,55
60QK000547,77,44,33
60QK000548,87,34,53
60QK000549,78,54,24
60QK000550,93,60,33
60QK000551,135,99,36
60QK000552,84,52,32
60QK000553,121,86,35
60QK000554,76,58,18
60QK000555,91,67,24
60QK000556,97,61,36
60QK000557,86,60,26
60QK000558,99,66,33
60QK000559,116,82,34
60QK000560,93,61,32
60QK000561,160,122,38
60QK000562,64,39,25
60QK000563,67,45,22
60QK000564,59,47,12
60QK000565,128,99,29
60QK000566,76,48,28
60QK000567,125,96,29
60QK000568,136,90,46
60QK000569,101,74,27
60QK000570,106,67,39
60QK000571,95,66,29
60QK000572,99,73,26
60QK000573,100,68,32
60QK000574,61,49,12
60QK000575,67,39,28
60QK000576,135,83,52
60QK000577,103,67,36
60QK000578,82,44,38
60QK000579,89,56,33
60QK000580,67,45,22
60QK000581,105,65,40
60QK000582,84,55,29
60QK000583,71,44,27
60QK000584,80,51,29
60QK000585,125,67,58
60QK000586,93,58,35
60QK000587,100,71,29
60QK000588,123,69,54
60QK000589,84,53,31
60QK000590,109,73,36
60QK000591,69,47,22
60QK000592,104,81,23
60QK000593,110,75,35
60QK000594,86,57,29
60QK000595,55,17,38
60QK000596,73,43,30
60QK000597,89,58,31
60QK000598,75,48,27
60QK000599,59,30,29
60QK000600,102,61,41
60QK000601,56,29,27
60QK000602,97,56,41
60QK000603,73,59,14
60QK000604,70,39,31
60QK000605,71,42,29
60QK000606,115,88,27
60QK000607,111,74,37
60QK000608,81,60,21
60QK000609,83,56,27
60QK000610,90,63,27
60QK000611,72,44,28
60QK000612,67,37,30
60QK000613,86,66,20
60QK000614,69,47,22
60QK000615,120,72,48
60QK000616,78,44,34
60QK000617,55,31,24
60QK000618,121,66,55
60QK000619,89,45,44
60QK000620,113,82,31
60QK000621,73,43,30
60QK000622,92,55,37
60QK000623,63,44,19
60QK000624,89,53,36
60QK000625,65,30,35
60QK000626,109,73,36
60QK000627,84,46,38
60QK000628,53,33,20
60QK000629,68,36,32
60QK000630,88,58,30
60QK000631,66,54,12
60QK000632,96,40,56
60QK000633,53,21,32
60QK000634,103,65,38
60QK000635,87,52,35
60QK000636,96,57,39
60QK000637,106,79,27
60QK000638,108,82,26
60QK000639,86,63,23
60QK000640,74,46,28
60QK000641,81,40,41
60QK000642,177,147,30
60QK000643,82,64,18
60QK000644,167,131,36
60QK000645,81,46,35
60QK000646,75,56,19
60QK000647,137,112,25
60QK000648,83,64,19
60QK000649,78,52,26
60QK000650,98,54,44
60QK000651,76,43,33
60QK000652,86,51,35
60QK000653,74,45,29
60QK000654,38,17,21
60QK000655,77,42,35
60QK000656,81,41,40
60QK000657,76,43,33
60QK000658,66,45,21
60QK000659,122,78,44
60QK000660,155,116,39
60QK000661,63,37,26
60QK000662,56,24,32
60QK000663,95,69,26
60QK000664,73,45,28
60QK000665,98,63,35
60QK000666,55,27,28
60QK000667,70,42,28
60QK000668,99,55,44
60QK000669,80,51,29
60QK000670,93,69,24
60QK000671,58,42,16
60QK000672,118,77,41
60QK000673,66,42,24
60QK000674,79,43,36
60QK000675,81,55,26
60QK000676,96,77,19
60QK000677,93,68,25
60QK000678,142,117,25
60QK000679,114,77,37
60QK000680,59,34,25
60QK000681,68,42,26
60QK000682,103,66,37
60QK000683,37,18,19
60QK000684,77,48,29
60QK000685,96,77,19
60QK000686,100,71,29
60QK000687,91,61,30
60QK000688,89,45,44
60QK000689,108,69,39
60QK000690,120,87,33
60QK000691,63,38,25
60QK000692,85,67,18
60QK000693,54,29,25
60QK000694,95,58,37
60QK000695,114,74,40
60QK000696,83,59,24
60QK000697,152,121,31
60QK000698,94,70,24
60QK000699,56,41,15
60QK000700,83,53,30
60QK000701,97,69,28
60QK000702,62,39,23
60QK000703,63,39,24
60QK000704,96,58,38
60QK000705,69,45,24
60QK000706,91,52,39
60QK000707,106,77,29
60QK000708,136,88,48
60QK000709,147,105,42
60QK000710,72,46,26
60QK000711,107,71,36
60QK000712,61,43,18
60QK000713,119,75,44
60QK000714,72,42,30
60QK000715,106,73,33
60QK000716,159,113,46
60QK000717,58,32,26
60QK000718,109,77,32
60QK000719,120,72,48
60QK000720,74,43,31
60QK000721,88,54,34
60QK000722,69,30,39
60QK000723,87,60,27
60QK000724,106,85,21
60QK000725,79,53,26
60QK000726,67,37,30
60QK000727,73,52,21
60QK000728,67,35,32
60QK000729,70,40,30
60QK000730,79,40,39
60QK000731,93,59,34
60QK000732,135,104,31
60QK000733,103,80,23
60QK000734,105,74,31
60QK000735,93,69,24
60QK000736,121,86,35
60QK000737,85,57,28
60QK000738,118,71,47
60QK000739,90,58,32
60QK000740,77,43,34
60QK000741,88,47,41
60QK000742,92,52,40
60QK000743,88,49,39
60QK000744,89,49,40
60QK000745,89,38,51
60QK000746,88,55,33
60QK000747,91,50,41
60QK000748,81,45,36
60QK000749,109,74,35
60QK000750,66,39,27
60QK000751,84,44,40
60QK000752,83,68,15
60QK000753,110,94,16
60QK000754,110,85,25
60QK000755,97,66,31
60QK000756,42,16,26
60QK000757,61,34,27
60QK000758,70,50,20
60QK000759,52,30,22
60QK000760,76,52,24
60QK000761,75,45,30
60QK000762,69,47,22
60QK000763,89,79,10
60QK000764,89,64,25
60QK000765,69,50,19
60QK000766,66,41,25
60QK000767,42,27,15
60QK000768,72,53,19
60QK000769,82,57,25
60QK000770,118,97,21
60QK000771,96,66,30
60QK000772,90,55,35
60QK000773,152,113,39
60QK000774,103,68,35
60QK000775,115,75,40
60QK000776,145,103,42
60QK000777,100,69,31
60QK000778,103,76,27
60QK000779,52,24,28
60QK000780,89,49,40
60QK000781,70,39,31
60QK000782,70,38,32
60QK000783,73,52,21
60QK000784,89,56,33
60QK000785,74,51,23
60QK000786,86,55,31
60QK000787,152,100,52
60QK000788,68,43,25
60QK000789,132,103,29
60QK000790,82,69,13
60QK000791,98,73,25
60QK000792,59,53,6
60QK000793,55,28,27
60QK000794,88,47,41
60QK000795,118,83,35
60QK000796,96,74,22
60QK000797,113,82,31
60QK000798,106,87,19
60QK000799,102,78,24
60QK000800,87,60,27
60QK000801,110,86,24
60QK000802,101,82,19
60QK000803,100,70,30
60QK000804,125,82,43
60QK000805,129,95,34
60QK000806,91,65,26
60QK000807,93,77,16
60QK000808,93,35,58
60QK000809,39,20,19
60QK000810,121,98,23
60QK000811,110,48,62
60QK000812,43,30,13
60QK000813,93,45,48
60QK000814,109,68,41
60QK000815,47,17,30
60QK000816,82,44,38
60QK000817,75,53,22
60QK000818,42,13,29
60QK000819,83,47,36
60QK000820,53,31,22
60QK000821,54,41,13
60QK000822,66,48,18
60QK000823,39,25,14
60QK000824,45,23,22
60QK000825,46,25,21
60QK000826,58,32,26
60QK000827,73,55,18
60QK000828,98,66,32
60QK000829,130,80,50
60QK000830,83,52,31
60QK000831,59,46,13
60QK000832,42,35,7
60QK000833,138,106,32
60QK000834,68,47,21
60QK000835,56,45,11
60QK000836,39,31,8
60QK000837,67,48,19
60QK000838,109,51,58
60QK000839,98,61,37
60QK000840,83,47,36
60QK000841,46,40,6
60QK000842,40,33,7
60QK000843,47,34,13
60QK000844,80,58,22
60QK000845,80,39,41
60QK000846,62,48,14
60QK000847,48,30,18
60QK000848,119,84,35
60QK000849,59,50,9
60QK000850,48,41,7
60QK000851,99,42,57
60QK000852,46,35,11
60QK000853,93,75,18
60QK000854,136,94,42
60QK000855,56,49,7
60QK000856,54,41,13
60QK000857,98,54,44
60QK000858,78,53,25
60QK000859,50,39,11
60QK000860,57,41,16
60QK000861,70,52,18
60QK000862,70,34,36
60QK000863,70,52,18
60QK000864,43,24,19
60QK000865,54,40,14
60QK000866,81,54,27
60QK000867,125,77,48
60QK000868,50,34,16
60QK000869,45,17,28
60QK000870,73,32,41
60QK000871,70,39,31
60QK000872,97,63,34
60QK000873,45,45,0
60QK000874,78,59,19
60QK000875,75,59,16
60QK000876,73,58,15
60QK000877,73,53,20
60QK000878,80,50,30
60QK000879,61,16,45
60QK000880,49,29,20
60QK000881,49,28,21
60QK000882,71,48,23
60QK000883,69,41,28
60QK000884,78,53,25
60QK000885,117,87,30
60QK000886,84,62,22
60QK000887,104,69,35
60QK000888,76,45,31
60QK000889,560,185,375
60QK000890,115,62,53
60QK000891,99,64,35
60QK000892,98,71,27
60QK000893,112,76,36
60QK000894,84,67,17
60QK000895,58,28,30
60QK000896,94,38,56
60QK000897,146,100,46
60QK000898,80,41,39
60QK000899,87,49,38
60QK000900,49,19,30
60QK000901,51,25,26
60QK000902,82,72,10
60QK000903,88,67,21
60QK000904,67,38,29
60QK000905,64,43,21
60QK000906,62,29,33
60QK000907,92,50,42
60QK000908,76,31,45
60QK000909,52,26,26
60QK000910,45,17,28
60QK000911,45,28,17
60QK000912,112,77,35
60QK000913,77,58,19
60QK000914,96,73,23
60QK000915,63,28,35
60QK000916,101,54,47
60QK000917,103,64,39
60QK000918,94,59,35
60QK000919,53,32,21
60QK000920,110,54,56
60QK000921,118,88,30
60QK000922,70,46,24
60QK000923,83,55,28
60QK000924,114,86,28
60QK000925,61,49,12
60QK000926,144,87,57
60QK000927,95,58,37
60QK000928,57,29,28
60QK000929,180,107,73
60QK000930,82,51,31
60QK000931,37,22,15
60QK000932,78,57,21
60QK000933,61,46,15
60QK000934,85,53,32
60QK000935,90,58,32
60QK000936,132,109,23
60QK000937,27,3,24
60QK000938,25,11,14
60QK000939,65,30,35
60QK000940,118,101,17
60QK000941,99,76,23
60QK000942,103,64,39
60QK000943,93,58,35
60QK000944,61,37,24
60QK000945,74,48,26
60QK000946,72,43,29
60QK000947,47,34,13
60QK000948,92,55,37
60QK000949,105,61,44
60QK000950,171,125,46
60QK000951,147,126,21
60QK000952,82,65,17
60QK000953,105,92,13
60QK000954,92,79,13
60QK000955,128,113,15
60QK000956,147,122,25
60QK000957,143,124,19
60QK000958,104,79,25
60QK000959,78,66,12
60QK000960,143,119,24
60QK000961,91,83,8
60QK000962,75,65,10
60QK000963,101,83,18
60QK000964,53,49,4
60QK000965,65,34,31
60QK000966,78,51,27
60QK000967,102,66,36
60QK000968,76,55,21
60QK000969,48,40,8
60QK000970,126,98,28
60QK000971,109,77,32
60QK000972,79,52,27
60QK000973,129,69,60
60QK000974,64,42,22
60QK000975,96,61,35
60QK000976,167,130,37
60QK000977,89,57,32
60QK000978,93,75,18
60QK000979,76,50,26
60QK000980,101,80,21
60QK000981,113,80,33
60QK000982,94,53,41
60QK000983,112,84,28
60QK000984,57,42,15
60QK000985,84,51,33
60QK000986,108,94,14
60QK000987,122,97,25
60QK000988,105,88,17
60QK000989,87,61,26
60QK000990,54,35,19
60QK000991,89,46,43
60QK000992,59,32,27
60QK000993,92,35,57
60QK000994,83,50,33
60QK000995,52,38,14
60QK000996,42,14,28
60QK000997,89,71,18
60QK000998,85,69,16
60QK000999,91,75,16
60QK001000,165,139,26
60QK001001,118,90,28
60QK001002,116,89,27
60QK001003,75,57,18
60QL000001,162,106,56
60QL000002,113,86,27
60QL000003,63,48,15
60QL000004,68,45,23
60QL000005,71,53,18
60QL000006,68,47,21
60QL000007,50,38,12
60QL000008,148,107,41
60QL000009,78,50,28
60QL000010,138,94,44
60QL000011,110,73,37
60QL000012,89,60,29
60QL000013,111,69,42
60QL000014,83,50,33
60QL000015,91,69,22
60QL000016,107,76,31
60QL000017,66,40,26
60QL000018,76,50,26
60QL000019,96,60,36
60QL000020,88,57,31
60QL000021,72,56,16
60QL000022,93,70,23
60QL000023,83,62,21
60QL000024,88,63,25
60QL000025,77,55,22
60QL000026,91,73,18
60QL000027,166,128,38
60QL000028,134,89,45
60QL000029,128,103,25
60QL000030,152,106,46
60QL000031,85,60,25
60QL000032,44,33,11
60QL000033,97,68,29
60QL000034,76,55,21
60QL000035,85,57,28
60QL000036,90,64,26
60QL000037,118,88,30
60QL000038,80,64,16
60QL000039,72,49,23
60QL000040,86,60,26
60QL000041,116,87,29
60QL000042,84,50,34
60QL000043,88,67,21
60QL000044,132,85,47
60QL000045,108,66,42
60QL000046,109,88,21
60QL000047,80,52,28
60QL000048,109,82,27
60QL000049,143,91,52
60QL000050,73,39,34
60QL000051,88,52,36
60QL000052,72,45,27
60QL000053,92,63,29
60QL000054,111,75,36
60QL000055,74,46,28
60QL000056,105,79,26
60QL000057,72,42,30
60QL000058,95,68,27
60QL000059,88,59,29
60QL000060,129,94,35
60QL000061,116,83,33
60QL000062,71,43,28
60QL000063,82,47,35
60QL000064,107,78,29
60QL000065,129,91,38
60QL000066,118,69,49
60QL000067,89,63,26
60QL000068,91,59,32
60QL000069,112,83,29
60QL000070,102,61,41
60QL000071,85,48,37
60QL000072,109,80,29
60QL000073,37,17,20
60QL000074,106,65,41
60QL000075,81,44,37
60QL000076,129,99,30
60QL000077,98,72,26
60QL000078,92,62,30
60QL000079,104,71,33
60QL000080,93,62,31
60QL000081,96,68,28
60QL000082,149,118,31
60QL000083,119,78,41
60QL000084,103,63,40
60QL000085,40,20,20
60QL000086,52,33,19
60QL000087,115,81,34
60QL000088,40,25,15
60QL000089,65,48,17
60QL000090,63,29,34
60QL000091,58,26,32
60QL000092,54,19,35
60QL000093,47,22,25
60QL000094,67,23,44
60QL000095,122,81,41
60QL000096,88,62,26
60QL000097,126,82,44
60QL000098,98,73,25
60QL000099,85,57,28
60QL000100,48,39,9
60QL000101,98,61,37
60QL000102,38,15,23
60QL000103,76,51,25
60QL000104,49,21,28
60QL000105,39,21,18
60QL000106,94,67,27
60QL000107,111,75,36
60QL000108,121,74,47
60QL000109,109,68,41
60QL000110,58,25,33
60QL000111,72,44,28
60QL000112,91,51,40
60QL000113,86,52,34
60QL000114,85,60,25
60QL000115,97,74,23
60QL000116,130,84,46
60QL000117,129,80,49
60QL000118,74,42,32
60QL000119,122,73,49
60QL000120,57,44,13
60QL000121,94,58,36
60QL000122,64,38,26
60QL000123,87,62,25
60QL000124,109,72,37
60QL000125,83,53,30
60QL000126,83,62,21
60QL000127,119,83,36
60QL000128,85,62,23
60QL000129,81,63,18
60QL000130,80,45,35
60QL000131,79,54,25
60QL000132,71,50,21
60QL000133,69,47,22
60QL000134,92,70,22
60QL000135,104,59,45
60QL000136,60,44,16
60QL000137,81,60,21
60QL000138,119,81,38
60QL000139,84,62,22
60QL000140,90,59,31
60QL000141,74,60,14
60QL000142,143,96,47
60QL000143,113,81,32
60QL000144,122,92,30
60QL000145,111,85,26
60QL000146,160,106,54
60QL000147,132,88,44
60QL000148,50,31,19
60QL000149,69,46,23
60QL000150,104,73,31
60QL000151,88,56,32
60QL000152,90,58,32
60QL000153,154,101,53
60QL000154,105,70,35
60QL000155,108,83,25
60QL000156,111,80,31
60QL000157,148,109,39
60QL000158,103,76,27
60QL000159,120,91,29
60QL000160,114,87,27
60QL000161,64,43,21
60QL000162,120,81,39
60QL000163,93,59,34
60QL000164,64,39,25
60QL000165,80,54,26
60QL000166,85,55,30
60QL000167,80,54,26
60QL000168,98,57,41
60QL000169,91,61,30
60QL000170,82,64,18
60QL000171,84,60,24
60QL000172,108,75,33
60QL000173,83,58,25
60QL000174,111,88,23
60QL000175,89,61,28
60QL000176,129,102,27
60QL000177,134,101,33
60QL000178,148,125,23
60QL000179,119,85,34
60QL000180,98,81,17
60QL000181,144,105,39
60QL000182,144,110,34
60QL000183,122,77,45
60QL000184,99,68,31
60QL000185,31,12,19
60QL000186,132,84,48
60QL000187,68,40,28
60QL000188,78,47,31
60QL000189,137,103,34
60QL000190,80,41,39
60QL000191,59,32,27
60QL000192,55,28,27
60QL000193,102,66,36
60QL000194,112,74,38
60QL000195,104,77,27
60QL000196,119,78,41
60QL000197,76,38,38
60QL000198,102,72,30
60QL000199,142,94,48
60QL000200,73,36,37
60QL000201,114,78,36
60QL000202,80,48,32
60QL000203,80,50,30
60QL000204,95,68,27
60QL000205,74,47,27
60QL000206,95,62,33
60QL000207,107,61,46
60QL000208,98,63,35
60QL000209,92,51,41
60QL000210,87,52,35
60QL000211,73,37,36
60QL000212,65,34,31
60QL000213,94,41,53
60QL000214,79,46,33
60QL000215,114,71,43
60QL000216,93,67,26
60QL000217,104,65,39
60QL000218,129,84,45
60QL000219,132,98,34
60QL000220,139,97,42
60QL000221,110,67,43
60QL000222,143,121,22
60QL000223,130,104,26
60QL000224,103,84,19
60QL000225,182,144,38
60QL000226,112,88,24
60QL000227,129,97,32
60QL000228,176,142,34
60QL000229,112,85,27
60QL000230,131,104,27
60QL000231,96,67,29
60QL000232,120,87,33
60QL000233,97,67,30
60QL000234,90,64,26
60QL000235,117,76,41
60QL000236,90,54,36
60QL000237,49,31,18
60QL000238,67,34,33
60QL000239,113,60,53
60QL000240,96,61,35
60QL000241,117,65,52
60QL000242,114,63,51
60QL000243,81,53,28
60QL000244,116,80,36
60QL000245,98,63,35
60QL000246,103,71,32
60QL000247,106,73,33
60QL000248,85,50,35
60QL000249,95,46,49
60QL000250,177,126,51
60QL000251,123,99,24
60QL000252,197,160,37
60QL000253,98,74,24
60QL000254,104,85,19
60QL000255,146,117,29
60QL000256,162,113,49
60QL000257,115,88,27
60QL000258,109,79,30
60QL000259,126,88,38
60QL000260,98,45,53
60QL000261,135,97,38
60QL000262,145,99,46
60QL000263,160,100,60
60QL000264,121,82,39
60QL000265,123,89,34
60QL000266,86,63,23
60QL000267,103,70,33
60QL000268,102,76,26
60QL000269,87,61,26
60QL000270,127,95,32
60QL000271,136,92,44
60QL000272,139,83,56
60QL000273,126,69,57
60QL000274,46,32,14
60QL000275,85,47,38
60QL000276,125,85,40
60QL000277,117,69,48
60QL000278,98,71,27
60QL000279,86,56,30
60QL000280,121,69,52
60QL000281,112,69,43
60QL000282,98,62,36
60QL000283,108,53,55
60QL000284,69,50,19
60QL000285,85,46,39
60QL000286,80,46,34
60QL000287,123,70,53
60QL000288,125,68,57
60QL000289,86,52,34
60QL000290,109,77,32
60QL000291,82,42,40
60QL000292,81,46,35
60QL000293,87,49,38
60QL000294,110,71,39
60QL000295,105,70,35
60QL000296,189,140,49
60QL000297,159,100,59
60QL000298,104,57,47
60QL000299,97,68,29
60QL000300,73,44,29
60QL000301,92,52,40
60QL000302,60,35,25
60QL000303,87,50,37
60QL000304,87,51,36
60QL000305,39,24,15
60QL000306,38,26,12
60QL000307,73,34,39
60QL000308,105,62,43
60QL000309,105,77,28
60QL000310,82,52,30
60QL000311,90,67,23
60QL000312,71,35,36
60QL000313,78,51,27
60QL000314,92,68,24
60QL000315,109,65,44
60QL000316,151,110,41
60QL000317,115,68,47
60QL000318,91,57,34
60QL000319,98,64,34
60QL000320,110,74,36
60QL000321,95,72,23
60QL000322,122,84,38
60QL000323,168,106,62
60QL000324,117,83,34
60QL000325,103,52,51
60QL000326,126,90,36
60QL000327,95,65,30
60QL000328,115,65,50
60QL000329,82,49,33
60QL000330,86,42,44
60QL000331,139,89,50
60QL000332,60,35,25
60QL000333,116,84,32
60QL000334,80,41,39
60QL000335,70,48,22
60QL000336,39,11,28
60QL000337,83,45,38
60QL000338,99,68,31
60QL000339,89,53,36
60QL000340,63,40,23
60QL000341,37,18,19
60QL000342,71,34,37
60QL000343,147,102,45
60QL000344,68,38,30
60QL000345,79,42,37
60QL000346,106,71,35
60QL000347,63,42,21
60QL000348,110,78,32
60QL000349,56,36,20
60QL000350,64,38,26
60QL000351,53,17,36
60QL000352,53,22,31
60QL000353,128,91,37
60QL000354,74,52,22
60QL000355,104,69,35
60QL000356,76,51,25
60QL000357,71,45,26
60QL000358,36,23,13
60QL000359,72,41,31
60QL000360,71,44,27
60QL000361,83,50,33
60QL000362,115,81,34
60QL000363,107,78,29
60QL000364,135,95,40
60QL000365,89,68,21
60QL000366,113,78,35
60QL000367,106,82,24
60QL000368,132,94,38
60QL000369,126,86,40
60QL000370,66,45,21
60QL000371,88,56,32
60QL000372,95,58,37
60QL000373,87,60,27
60QL000374,90,50,40
60QL000375,82,62,20
60QL000376,89,60,29
60QL000377,74,45,29
60QL000378,81,59,22
60QL000379,97,67,30
60QL000380,54,42,12
60QL000381,71,47,24
60QL000382,114,88,26
60QL000383,67,41,26
60QL000384,97,70,27
60QL000385,97,65,32
60QL000386,117,70,47
60QL000387,116,64,52
60QL000388,60,31,29
60QL000389,125,95,30
60QL000390,142,98,44
60QL000391,143,102,41
60QL000392,147,86,61
60QL000393,62,41,21
60QL000394,24,15,9
60QL000395,88,62,26
60QL000396,83,64,19
60QL000397,96,60,36
60QL000398,115,68,47
60QL000399,41,22,19
60QL000400,82,60,22
60QL000401,77,49,28
60QL000402,95,61,34
60QL000403,117,79,38
60QL000404,97,55,42
60QL000405,83,53,30
60QL000406,57,32,25
60QL000407,62,36,26
60QL000408,110,73,37
60QL000409,72,29,43
60QL000410,95,61,34
60QL000411,97,74,23
60QL000412,91,74,17
60QL000413,90,55,35
60QL000414,63,47,16
60QL000415,58,41,17
60QL000416,55,36,19
60QL000417,106,70,36
60QL000418,121,77,44
60QL000419,94,47,47
60QL000420,51,35,16
60QL000421,70,45,25
60QL000422,130,80,50
60QL000423,87,45,42
60QL000424,108,76,32
60QL000425,131,81,50
60QL000426,76,39,37
60QL000427,104,65,39
60QL000428,114,81,33
60QL000429,68,34,34
60QL000430,72,48,24
60QL000431,131,83,48
60QL000432,69,35,34
60QL000433,57,33,24
60QL000434,110,87,23
60QL000435,71,44,27
60QL000436,69,31,38
60QL000437,87,37,50
60QL000438,70,44,26
60QL000439,73,42,31
60QL000440,81,40,41
60QL000441,72,39,33
60QL000442,85,48,37
60QL000443,120,71,49
60QL000444,117,83,34
60QL000445,75,37,38
60QL000446,81,43,38
60QL000447,80,50,30
60QL000448,92,52,40
60QL000449,117,72,45
60QL000450,79,40,39
60QL000451,91,46,45
60QL000452,99,64,35
60QL000453,109,69,40
60QL000454,91,58,33
60QL000455,105,67,38
60QL000456,81,53,28
60QL000457,95,74,21
60QL000458,138,104,34
60QL000459,60,37,23
60QL000460,73,44,29
60QL000461,156,126,30
60QL000462,137,115,22
60QL000463,73,42,31
60QL000464,89,52,37
60QL000465,41,21,20
60QL000466,33,21,12
60QL000467,62,36,26
60QL000468,73,41,32
60QL000469,80,46,34
60QL000470,67,33,34
60QL000471,181,114,67
60QL000472,95,49,46
60QL000473,126,65,61
60QL000474,89,39,50
60QL000475,50,28,22
60QL000476,89,58,31
60QL000477,73,39,34
60QL000478,78,45,33
60QL000479,75,42,33
60QL000480,73,34,39
60QL000481,81,52,29
60QL000482,64,51,13
60QL000483,69,30,39
60QL000484,70,33,37
60QL000485,46,16,30
60QL000486,108,64,44
60QL000487,49,27,22
60QL000488,50,27,23
60QL000489,56,28,28
60QL000490,98,60,38
60QL000491,69,45,24
60QL000492,68,34,34
60QL000493,65,45,20
60QL000494,68,36,32
60QL000495,56,42,14
60QL000496,86,57,29
60QL000497,66,49,17
60QL000498,105,86,19
60QL000499,66,47,19
60QL000500,107,78,29
60QL000501,98,62,36
60QL000502,80,41,39
60QL000503,135,95,40
60QL000504,92,62,30
60QL000505,42,21,21
60QL000506,94,69,25
60QL000507,107,82,25
60QL000508,115,72,43
60QL000509,135,87,48
60QL000510,145,101,44
60QL000511,117,72,45
60QL000512,139,104,35
60QL000513,93,55,38
60QL000514,122,77,45
60QL000515,87,50,37
60QL000516,84,60,24
60QL000517,115,69,46
60QL000518,121,106,15
60QL000519,151,117,34
60QL000520,149,120,29
60QL000521,100,76,24
60QL000522,153,121,32
60QL000523,170,125,45
60QL000524,124,93,31
60QL000525,112,86,26
60QL000526,126,75,51
60QL000527,108,80,28
60QL000528,91,52,39
60QL000529,79,61,18
60QL000530,75,49,26
60QL000531,70,32,38
60QL000532,65,37,28
60QL000533,91,68,23
60QL000534,107,75,32
60QL000535,129,75,54
60QL000536,156,99,57
60QL000537,109,77,32
60QL000538,138,110,28
60QL000539,115,83,32
60QL000540,100,83,17
60QL000541,105,89,16
60QL000542,97,75,22
60QL000543,128,101,27
60QL000544,95,79,16
60QL000545,131,102,29
60QL000546,52,36,16
60QL000547,93,64,29
60QL000548,100,61,39
60QL000549,87,42,45
60QL000550,97,49,48
60QL000551,82,46,36
60QL000552,72,35,37
60QL000553,89,58,31
60QL000554,80,58,22
60QL000555,52,26,26
60QL000556,126,72,54
60QL000557,58,36,22
60QL000558,120,81,39
60QL000559,127,80,47
60QL000560,100,74,26
60QL000561,95,67,28
60QL000562,150,113,37
60QL000563,136,90,46
60QL000564,92,53,39
60QL000565,106,60,46
60QL000566,96,67,29
60QL000567,151,102,49
60QL000568,125,90,35
60QL000569,114,74,40
60QL000570,151,106,45
60QL000571,39,23,16
60QL000572,147,101,46
60QL000573,141,95,46
60QL000574,107,66,41
60QL000575,110,85,25
60QL000576,113,95,18
60QL000577,72,46,26
60QL000578,134,98,36
60QL000579,136,97,39
60QL000580,122,88,34
60QL000581,111,91,20
60QL000582,143,119,24
60QL000583,95,71,24
60QL000584,143,110,33
60QL000585,101,89,12
60QL000586,117,92,25
60QL000587,90,69,21
60QL000588,152,102,50
60QL000589,148,129,19
60QL000590,48,42,6
60QL000591,129,102,27
60QL000592,146,119,27
60QL000593,115,82,33
60QL000594,103,79,24
60QL000595,109,59,50
60QL000596,62,40,22
60QL000597,135,98,37
60QL000598,109,70,39
60QL000599,75,45,30
60QL000600,114,88,26
60QL000601,116,93,23
60QL000602,95,79,16
60QL000603,100,77,23
60QL000604,81,48,33
60QL000605,79,42,37
60QL000606,86,54,32
60QL000607,107,54,53
60QL000608,56,29,27
60QL000609,105,53,52
60QL000610,64,32,32
60QL000611,57,33,24
60QL000612,152,126,26
60QL000613,145,105,40
60QL000614,133,101,32
60QL000615,88,63,25
60QL000616,176,135,41
60QL000617,112,93,19
60QL000618,134,100,34
60QL000619,125,89,36
60QL000620,73,50,23
60QL000621,124,96,28
60QL000622,77,49,28
60QL000623,93,60,33
60QL000624,94,61,33
60QL000625,41,19,22
60QL000626,97,57,40
60QL000627,109,67,42
60QL000628,109,57,52
60QL000629,87,70,17
60QL000630,96,72,24
60QL000631,145,98,47
60QL000632,128,73,55
60QL000633,121,69,52
60QL000634,65,40,25
60QL000635,122,79,43
60QL000636,154,135,19
60QL000637,73,42,31
60QL000638,78,44,34
60QL000639,82,52,30
60QL000640,92,56,36
60QL000641,57,34,23
60QL000642,70,44,26
60QL000643,128,88,40
60QL000644,124,86,38
60QL000645,81,32,49
60QL000646,160,94,66
60QL000647,138,88,50
60QL000648,165,135,30
60QL000649,124,99,25
60QL000650,99,80,19
60QL000651,175,145,30
60QL000652,114,86,28
60QL000653,85,52,33
60QL000654,51,42,9
60QL000655,104,76,28
60QL000656,63,43,20
60QL000657,119,81,38
60QL000658,82,47,35
60QL000659,122,74,48
60QL000660,49,28,21
60QL000661,57,33,24
60QL000662,65,39,26
60QL000663,119,80,39
60QL000664,119,84,35
60QL000665,100,84,16
60QL000666,14,3,11
60QL000667,120,59,61
60QL000668,65,45,20
60QL000669,49,17,32
60QL000670,70,45,25
60QL000671,80,59,21
60QL000672,61,35,26
60QL000673,42,23,19
60QL000674,76,56,20
60QL000675,50,32,18
60QL000676,93,63,30
60QL000677,80,55,25
60QL000678,83,53,30
60QL000679,143,113,30
60QL000680,46,21,25
60QL000681,68,45,23
60QL000682,34,26,8
60QL000683,92,61,31
60QL000684,70,54,16
60QL000685,270,93,177
60QL000686,63,38,25
60QL000687,92,70,22
60QL000688,45,30,15
60QL000689,104,72,32
60QL000690,91,62,29
60QL000691,68,35,33
60QL000692,117,94,23
60QL000693,43,21,22
60QL000694,69,38,31
60QL000695,50,33,17
60QL000696,58,44,14
60QL000697,73,41,32
60QL000698,77,47,30
60QL000699,67,36,31
60QL000700,53,32,21
60QL000701,79,61,18
60QL000702,167,111,56
60QL000703,90,66,24
60QL000704,125,110,15
60QL000705,111,64,47
60QL000706,84,59,25
60QL000707,91,57,34
60QL000708,76,61,15
60QL000709,63,50,13
60QL000710,88,55,33
60QL000711,373,112,261
60QL000712,43,33,10
60QL000713,76,45,31
60QL000714,62,26,36
60QL000715,78,63,15
60QL000716,55,32,23
60QL000717,52,30,22
60QL000718,44,24,20
60QL000719,38,21,17
60QL000720,57,33,24
60QL000721,42,32,10
60QL000722,96,60,36
60QL000723,79,60,19
60QL000724,85,66,19
60QL000725,158,110,48
60QL000726,66,40,26
60QL000727,95,60,35
60QL000728,63,44,19
60QL000729,58,42,16
60QL000730,122,104,18
60QL000731,144,119,25
60QL000732,79,46,33
60QL000733,75,47,28
60QL000734,93,60,33
60QL000735,126,88,38
60QL000736,94,54,40
60QL000737,52,34,18
60QL000738,52,33,19
60QL000739,101,63,38
60QL000740,99,68,31
60QL000741,82,59,23
60QL000742,43,27,16
60QL000743,130,85,45
60QL000744,87,54,33
60QL000745,101,62,39
60QL000746,53,39,14
60QL000747,97,77,20
60QL000748,278,172,106
60QL000749,127,99,28
60QL000750,68,46,22
60QL000751,133,99,34
60QL000752,71,57,14
60QL000753,138,107,31
60QL000754,195,138,57
60QL000755,131,99,32
60QL000756,78,62,16
60QL000757,113,85,28
60QL000758,48,40,8
60QL000759,46,28,18
60QL000760,63,41,22
60QL000761,62,39,23
60QL000762,108,82,26
60QL000763,80,35,45
60QL000764,64,37,27
60QL000765,130,98,32
60QL000766,154,130,24
60QL000767,96,71,25
60QL000768,130,115,15
60QL000769,154,115,39
60QL000770,87,58,29
60QL000771,67,46,21
60QL000772,29,13,16
60QL000773,96,64,32
60QL000774,73,52,21
60QL000775,192,136,56
60QL000776,136,106,30
60QL000777,50,38,12
60QL000778,183,150,33
60QL000779,163,135,28
60QL000780,130,107,23
60QL000781,140,114,26
60QL000782,53,35,18
60QL000783,91,52,39
60QL000784,92,72,20
60QL000785,54,34,20
60QL000786,58,42,16
60QL000787,55,38,17
60QL000788,90,72,18
60QL000789,53,44,9
60QL000790,110,56,54
60QL000791,69,43,26
60QL000792,73,43,30
60QL000793,86,66,20
60QL000794,53,34,19
60QL000795,80,41,39
60QL000796,114,78,36
60QL000797,127,79,48
60QL000798,73,36,37
60QL000799,115,83,32
60QL000800,51,31,20
60QL000801,91,62,29
60QL000802,68,43,25
60QL000803,131,78,53
60QL000804,93,75,18
60QL000805,98,71,27
60QL000806,85,65,20
60QL000807,79,46,33
60QL000808,46,31,15
60QL000809,84,36,48
60QL000810,114,81,33
60QL000811,70,55,15
60QL000812,79,39,40
60QL000813,77,58,19
60QL000814,99,76,23
60QL000815,84,64,20
60QL000816,69,58,11
60QL000817,145,110,35
60QL000818,84,67,17
60QL000819,74,53,21
60QL000820,102,82,20
60QL000821,42,37,5
60QL000822,88,75,13
60QL000823,95,72,23
60QM000001,105,80,25
60QM000002,39,27,12
60QM000003,122,94,28
60QM000004,62,48,14
60QM000005,130,90,40
60QM000006,38,30,8
60QM000007,47,36,11
60QM000008,69,49,20
60QM000009,89,64,25
60QM000010,133,101,32
60QM000011,52,39,13
60QM000012,59,49,10
60QM000013,68,57,11
60QM000014,93,62,31
60QM000015,137,99,38
60QM000016,97,72,25
60QM000017,53,41,12
60QM000018,103,87,16
60QM000019,130,96,34
60QM000020,145,99,46
60QM000021,107,76,31
60QM000022,65,42,23
60QM000023,60,33,27
60QM000024,97,61,36
60QM000025,89,40,49
60QM000026,72,51,21
60QM000027,118,85,33
60QM000028,69,57,12
60QM000029,87,52,35
60QM000030,89,59,30
60QM000031,126,98,28
60QM000032,52,40,12
60QM000033,65,44,21
60QM000034,115,91,24
60QM000035,44,35,9
60QM000036,142,105,37
60QM000037,126,94,32
60QM000038,123,100,23
60QM000039,104,82,22
60QM000040,88,61,27
60QM000041,124,98,26
60QM000042,91,54,37
60QM000043,99,68,31
60QM000044,44,35,9
60QM000045,73,57,16
60QM000046,36,23,13
60QM000047,50,35,15
60QM000048,62,45,17
60QM000049,109,80,29
60QM000050,126,95,31
60QM000051,79,62,17
60QM000052,84,65,19
60QM000053,43,24,19
60QM000054,66,54,12
60QM000055,138,97,41
60QM000056,97,61,36
60QM000057,95,66,29
60QM000058,51,39,12
60QM000059,68,46,22
60QM000060,65,27,38
60QM000061,99,82,17
60QM000062,95,75,20
60QM000063,119,86,33
60QM000064,128,77,51
60QM000065,87,45,42
60QM000066,93,44,49
60QM000067,89,75,14
60QM000068,95,52,43
60QM000069,92,55,37
60QM000070,77,51,26
60QM000071,62,31,31
60QM000072,65,30,35
60QM000073,85,57,28
60QM000074,86,51,35
60QM000075,106,87,19
60QM000076,67,52,15
60QM000077,63,29,34
60QM000078,145,118,27
60QM000079,97,85,12
60QM000080,121,97,24
60QM000081,108,94,14
60QM000082,107,91,16
60QM000083,100,76,24
60QM000084,133,111,22
60QM000085,110,68,42
60QM000086,148,129,19
60QM000087,93,59,34
60QM000088,47,28,19
60QM000089,86,63,23
60QM000090,115,68,47
60QM000091,96,55,41
60QM000092,124,90,34
60QM000093,115,81,34
60QM000094,146,112,34
60QM000095,76,54,22
60QM000096,54,34,20
60QM000097,73,55,18
60QM000098,64,48,16
60QM000099,58,46,12
60QM000100,83,76,7
60QM000101,64,41,23
60QM000102,77,51,26
60QM000103,93,55,38
60QM000104,91,69,22
60QM000105,81,58,23
60QM000106,71,60,11
60QM000107,109,84,25
60QM000108,54,38,16
60QM000109,48,34,14
60QM000110,43,36,7
60QM000111,140,102,38
60QM000112,74,51,23
60QM000113,111,86,25
60QM000114,68,52,16
60QM000115,88,69,19
60QM000116,59,43,16
60QM000117,74,46,28
60QM000118,76,65,11
60QM000119,74,47,27
60QM000120,64,38,26
60QM000121,55,31,24
60QM000122,89,61,28
60QM000123,66,59,7
60QM000124,63,35,28
60QM000125,23,9,14
60QM000126,51,27,24
60QM000127,93,64,29
60QM000128,106,44,62
60QM000129,63,62,1
60QM000130,81,63,18
60QM000131,84,60,24
60QM000132,30,18,12
60QM000133,34,13,21
60QM000134,91,50,41
60QM000135,59,46,13
60QM000136,91,51,40
60QM000137,93,52,41
60QM000138,92,65,27
60QM000139,40,23,17
60QM000140,54,24,30
60QM000141,52,40,12
60QM000142,99,44,55
60QM000143,52,34,18
60QM000144,68,53,15
60QM000145,92,58,34
60QM000146,70,39,31
60QM000147,59,32,27
60QM000148,68,41,27
60QM000149,87,63,24
60QM000150,50,30,20
60QM000151,58,52,6
60QM000152,109,76,33
60QM000153,123,90,33
60QM000154,98,57,41
60QM000155,139,87,52
60QM000156,66,44,22
60QM000157,87,55,32
60QM000158,77,51,26
60QM000159,87,46,41
60QM000160,65,36,29
60QM000161,130,98,32
60QM000162,152,96,56
60QM000163,88,64,24
60QM000164,95,67,28
60QM000165,43,32,11
60QM000166,81,55,26
60QM000167,85,49,36
60QM000168,99,59,40
60QM000169,107,69,38
60QM000170,62,38,24
60QM000171,89,62,27
60QM000172,71,55,16
60QM000173,55,41,14
60QM000174,140,91,49
60QM000175,163,140,23
60QM000176,59,44,15
60QM000177,96,63,33
60QM000178,62,29,33
60QM000179,104,68,36
60QM000180,83,51,32
60QM000181,86,65,21
60QM000182,83,54,29
60QM000183,99,71,28
60QM000184,75,53,22
60QM000185,72,52,20
60QM000186,93,60,33
60QM000187,112,77,35
60QM000188,75,52,23
60QM000189,84,60,24
60QM000190,76,52,24
60QM000191,90,60,30
60QM000192,81,54,27
60QM000193,105,74,31
60QM000194,101,61,40
60QM000195,77,50,27
60QM000196,62,26,36
60QM000197,108,69,39
60QM000198,83,44,39
60QM000199,84,49,35
60QM000200,72,45,27
60QM000201,83,56,27
60QM000202,86,54,32
60QM000203,73,51,22
60QM000204,112,87,25
60QM000205,108,71,37
60QM000206,105,70,35
60QM000207,83,55,28
60QM000208,71,43,28
60QM000209,104,84,20
60QM000210,171,139,32
60QM000211,96,68,28
60QM000212,129,81,48
60QM000213,102,87,15
60QM000214,123,74,49
60QM000215,102,47,55
60QM000216,119,95,24
60QM000217,113,86,27
60QM000218,111,76,35
60QM000219,108,86,22
60QM000220,132,102,30
60QM000221,111,89,22
60QM000222,84,58,26
60QM000223,126,67,59
60QM000224,72,37,35
60QM000225,63,42,21
60QM000226,124,73,51
60QM000227,99,64,35
60QM000228,118,69,49
60QM000229,74,48,26
60QM000230,125,72,53
60QM000231,116,71,45
60QM000232,82,37,45
60QM000233,94,58,36
60QM000234,89,63,26
60QM000235,81,53,28
60QM000236,140,95,45
60QM000237,101,73,28
60QM000238,73,33,40
60QM000239,94,70,24
60QM000240,125,101,24
60QM000241,116,77,39
60QM000242,85,67,18
60QM000243,55,30,25
60QM000244,92,76,16
60QM000245,130,91,39
60QM000246,62,43,19
60QM000247,39,27,12
60QM000248,122,88,34
60QM000249,93,56,37
60QM000250,134,94,40
60QM000251,106,65,41
60QM000252,117,58,59
60QM000253,93,49,44
60QM000254,58,32,26
60QM000255,72,48,24
60QM000256,98,74,24
60QM000257,88,65,23
60QM000258,68,51,17
60QM000259,84,62,22
60QM000260,69,56,13
60QM000261,91,65,26
60QM000262,85,55,30
60QM000263,126,77,49
60QM000264,104,62,42
60QM000265,53,31,22
60QM000266,54,41,13
60QM000267,55,24,31
60QM000268,72,47,25
60QM000269,103,75,28
60QM000270,81,50,31
60QM000271,58,27,31
60QM000272,70,45,25
60QM000273,51,33,18
60QM000274,94,63,31
60QM000275,64,42,22
60QM000276,96,73,23
60QM000277,114,76,38
60QM000278,76,41,35
60QM000279,76,49,27
60QM000280,65,33,32
60QM000281,85,52,33
60QM000282,102,68,34
60QM000283,108,89,19
60QM000284,124,107,17
60QM000285,117,105,12
60QM000286,95,75,20
60QM000287,92,83,9
60QM000288,80,46,34
60QM000289,88,42,46
60QM000290,116,88,28
60QM000291,102,91,11
60QM000292,82,60,22
60QM000293,96,72,24
60QM000294,82,43,39
60QM000295,92,78,14
60QM000296,83,57,26
60QM000297,112,79,33
60QM000298,75,49,26
60QM000299,102,67,35
60QM000300,73,54,19
60QM000301,79,54,25
60QM000302,69,42,27
60QM000303,60,28,32
60QM000304,77,49,28
60QM000305,91,53,38
60QM000306,114,72,42
60QM000307,58,36,22
60QM000308,108,62,46
60QM000309,73,28,45
60QM000310,79,54,25
60QM000311,136,72,64
60QM000312,85,51,34
60QM000313,111,69,42
60QM000314,97,58,39
60QM000315,125,81,44
60QM000316,94,51,43
60QM000317,82,41,41
60QM000318,95,54,41
60QM000319,87,55,32
60QM000320,112,76,36
60QM000321,79,57,22
60QM000322,68,50,18
60QM000323,82,48,34
60QM000324,81,49,32
60QM000325,91,59,32
60QM000326,102,61,41
60QM000327,68,34,34
60QM000328,61,31,30
60QM000329,65,42,23
60QM000330,49,28,21
60QM000331,56,21,35
60QM000332,31,8,23
60QM000333,58,33,25
60QM000334,84,56,28
60QM000335,85,48,37
60QM000336,56,14,42
60QM000337,73,52,21
60QM000338,102,66,36
60QM000339,95,53,42
60QM000340,79,53,26
60QM000341,74,50,24
60QM000342,100,59,41
60QM000343,53,28,25
60QM000344,87,56,31
60QM000345,96,67,29
60QM000346,75,50,25
60QM000347,65,39,26
60QM000348,91,57,34
60QM000349,85,57,28
60QM000350,82,52,30
60QM000351,89,55,34
60QM000352,101,61,40
60QM000353,76,41,35
60QM000354,77,42,35
60QM000355,72,41,31
60QM000356,86,50,36
60QM000357,88,53,35
60QM000358,104,78,26
60QM000359,106,84,22
60QM000360,38,17,21
60QM000361,49,26,23
60QM000362,47,31,16
60QM000363,87,57,30
60QM000364,103,84,19
60QM000365,61,43,18
60QM000366,114,66,48
60QM000367,84,64,20
60QM000368,81,61,20
60QM000369,41,14,27
60QM000370,96,82,14
60QM000371,75,54,21
60QM000372,84,53,31
60QM000373,69,37,32
60QM000374,84,38,46
60QM000375,72,47,25
60QM000376,80,61,19
60QM000377,17,4,13
60QM000378,39,24,15
60QM000379,51,38,13
60QM000380,94,65,29
60QM000381,95,61,34
60QM000382,70,50,20
60QM000383,90,66,24
60QM000384,93,75,18
60QM000385,141,79,62
60QM000386,125,93,32
60QM000387,72,40,32
60QM000388,103,78,25
60QM000389,72,40,32
60QM000390,53,33,20
60QM000391,108,77,31
60QM000392,157,113,44
60QM000393,35,24,11
60QM000394,150,120,30
60QM000395,60,40,20
60QM000396,134,102,32
60QM000397,82,55,27
60QM000398,100,66,34
60QM000399,87,62,25
60QM000400,107,92,15
60QM000401,85,63,22
60QM000402,27,17,10
60QM000403,57,44,13
60QM000404,106,72,34
60QM000405,67,37,30
60QM000406,42,29,13
60QM000407,65,29,36
60QM000408,83,63,20
60QM000409,86,56,30
60QM000410,104,57,47
60QM000411,139,98,41
60QM000412,115,83,32
60QM000413,118,94,24
60QM000414,103,77,26
60QM000415,82,44,38
60QM000416,76,30,46
60QM000417,79,52,27
60QM000418,119,83,36
60QM000419,96,61,35
60QM000420,77,51,26
60QM000421,120,86,34
60QM000422,71,44,27
60QM000423,78,63,15
60QM000424,61,44,17
60QM000425,48,34,14
60QM000426,59,32,27
60QM000427,27,11,16
60QM000428,101,75,26
60QM000429,112,85,27
60QM000430,56,49,7
60QM000431,97,70,27
60QM000432,77,53,24
60QM000433,123,86,37
60QM000434,73,44,29
60QM000435,76,49,27
60QM000436,97,66,31
60QM000437,82,34,48
60QM000438,96,51,45
60QM000439,114,74,40
60QM000440,74,58,16
60QM000441,67,56,11
60QM000442,77,60,17
60QM000443,78,65,13
60QM000444,77,65,12
60QM000445,142,122,20
60QM000446,96,76,20
60QM000447,67,33,34
60QM000448,80,36,44
60QM000449,158,111,47
60QM000450,99,81,18
60QM000451,71,49,22
60QM000452,96,62,34
60QM000453,106,84,22
60QM000454,87,51,36
60QM000455,135,107,28
60QM000456,126,89,37
60QM000457,94,62,32
60QM000458,70,51,19
60QM000459,75,38,37
60QM000460,91,48,43
60QM000461,57,31,26
60QM000462,75,52,23
60QM000463,126,91,35
60QM000464,125,74,51
60QM000465,138,79,59
60QM000466,105,84,21
60QM000467,77,50,27
60QM000468,49,38,11
60QM000469,83,57,26
60QM000470,78,61,17
60QM000471,88,59,29
60QM000472,88,57,31
60QM000473,97,60,37
60QM000474,76,57,19
60QM000475,93,57,36
60QM000476,82,63,19
60QM000477,86,37,49
60QM000478,93,60,33
60QM000479,106,71,35
60QM000480,111,82,29
60QM000481,133,65,68
60QM000482,87,54,33
60QM000483,33,12,21
60QM000484,82,52,30
60QM000485,98,73,25
60QM000486,110,71,39
60QM000487,98,63,35
60QM000488,41,23,18
60QM000489,101,63,38
60QM000490,72,54,18
60QM000491,84,52,32
60QM000492,101,75,26
60QM000493,107,55,52
60QM000494,92,56,36
60QM000495,71,48,23
60QM000496,104,63,41
60QM000497,49,25,24
60QM000498,92,61,31
60QM000499,84,58,26
60QM000500,80,58,22
60QM000501,73,53,20
60QM000502,70,30,40
60QM000503,92,59,33
60QM000504,62,33,29
60QM000505,65,48,17
60QM000506,51,39,12
60QM000507,96,63,33
60QM000508,84,54,30
60QM000509,112,64,48
60QM000510,81,52,29
60QM000511,104,72,32
60QM000512,72,49,23
60QM000513,54,38,16
60QM000514,67,33,34
60QM000515,66,41,25
60QM000516,49,22,27
60QM000517,128,94,34
60QM000518,89,55,34
60QM000519,103,66,37
60QM000520,66,51,15
60QM000521,61,33,28
60QM000522,80,42,38
60QM000523,82,59,23
60QM000524,100,70,30
60QM000525,41,36,5
60QM000526,60,27,33
60QM000527,49,22,27
60QM000528,72,29,43
60QM000529,71,54,17
60QM000530,97,61,36
60QM000531,67,33,34
60QM000532,90,55,35
60QM000533,75,36,39
60QM000534,76,41,35
60QM000535,40,23,17
60QM000536,61,38,23
60QM000537,99,59,40
60QM000538,56,38,18
60QM000539,110,59,51
60QM000540,102,66,36
60QM000541,73,40,33
60QM000542,42,18,24
60QM000543,35,17,18
60QM000544,126,62,64
60QM000545,57,28,29
60QM000546,78,56,22
60QM000547,56,37,19
60QM000548,44,22,22
60QM000549,73,38,35
60QM000550,67,26,41
60QM000551,59,37,22
60QM000552,75,46,29
60QM000553,62,38,24
60QM000554,129,82,47
60QM000555,129,95,34
60QM000556,85,60,25
60QM000557,89,58,31
60QM000558,80,57,23
60QM000559,123,86,37
60QM000560,66,34,32
60QM000561,31,22,9
60QM000562,45,36,9
60QM000563,47,30,17
60QM000564,72,54,18
60QM000565,84,61,23
60QM000566,73,47,26
60QM000567,74,53,21
60QM000568,101,68,33
60QM000569,76,57,19
60QM000570,112,65,47
60QM000571,67,40,27
60QM000572,44,25,19
60QM000573,79,51,28
60QM000574,61,35,26
60QM000575,81,53,28
60QM000576,66,42,24
60QM000577,76,43,33
60QM000578,86,59,27
60QM000579,107,65,42
60QM000580,97,68,29
60QM000581,64,45,19
60QM000582,51,23,28
60QM000583,65,54,11
60QM000584,110,90,20
60QM000585,89,60,29
60QM000586,88,58,30
60QM000587,76,53,23
60QM000588,116,103,13
60QM000589,43,26,17
60QM000590,82,54,28
60QM000591,75,49,26
60QM000592,98,61,37
60QM000593,47,28,19
60QM000594,120,70,50
60QM000595,69,56,13
60QM000596,94,39,55
60QM000597,84,64,20
60QM000598,50,37,13
60QM000599,48,22,26
60QM000600,31,19,12
60QM000601,81,52,29
60QM000602,100,64,36
60QM000603,84,39,45
60QM000604,61,50,11
60QM000605,55,29,26
60QM000606,79,65,14
60QM000607,87,57,30
60QM000608,79,57,22
60QM000609,139,101,38
60QM000610,72,53,19
60QM000611,56,37,19
60QM000612,95,52,43
60QM000613,72,38,34
60QM000614,80,32,48
60QM000615,94,69,25
60QM000616,53,34,19
60QM000617,71,37,34
60QM000618,46,33,13
60QM000619,54,37,17
60QM000620,72,53,19
60QM000621,126,85,41
60QM000622,66,39,27
60QM000623,75,57,18
60QM000624,87,61,26
60QM000625,114,94,20
60QM000626,40,18,22
60QM000627,56,42,14
60QM000628,74,45,29
60QM000629,51,36,15
60QM000630,78,59,19
60QM000631,61,38,23
60QM000632,85,47,38
60QM000633,55,23,32
60QM000634,61,36,25
60QM000635,54,34,20
60QM000636,80,58,22
60QM000637,116,88,28
60QM000638,31,22,9
60QM000639,33,20,13
60QM000640,76,51,25
60QM000641,79,52,27
60QM000642,35,19,16
60QM000643,62,41,21
60QM000644,49,33,16
60QM000645,65,41,24
60QM000646,67,40,27
60QM000647,99,62,37
60QM000648,61,50,11
60QM000649,66,39,27
60QM000650,63,43,20
60QM000651,88,70,18
60QM000652,68,43,25
60QM000653,104,68,36
60QM000654,60,49,11
60QM000655,61,53,8
60QM000656,98,62,36
60QM000657,64,49,15
60QM000658,101,73,28
60QM000659,88,65,23
60QM000660,97,89,8
60QM000661,86,61,25
60QM000662,79,52,27
60QM000663,56,39,17
60QM000664,74,44,30
60QM000665,53,25,28
60QM000666,63,57,6
60QM000667,78,52,26
60QM000668,64,39,25
60QM000669,61,46,15
60QM000670,68,38,30
60QM000671,62,39,23
60QM000672,52,39,13
60QM000673,78,44,34
60QM000674,49,37,12
60QM000675,76,34,42
60QM000676,75,58,17
60QM000677,100,84,16
60QM000678,86,74,12
60QM000679,156,138,18
60QM000680,89,76,13
60QM000681,81,71,10
60QM000682,79,49,30
60QM000683,45,34,11
60QM000684,85,48,37
60QM000685,54,30,24
60QM000686,158,104,54
60QM000687,79,47,32
60QM000688,94,81,13
60QM000689,87,67,20
60QM000690,43,22,21
60QM000691,126,90,36
60QM000692,51,31,20
60QM000693,100,90,10
60QM000694,137,124,13
60QM000695,41,8,33
60QM000696,105,102,3
60QM000697,112,72,40
60QM000698,44,26,18
60QM000699,125,117,8
60QM000700,93,83,10
60QM000701,105,64,41
60QM000702,49,23,26
60QM000703,71,48,23
60QM000704,108,67,41
60QM000705,42,16,26
60QM000706,72,39,33
60QM000707,46,25,21
60QM000708,107,91,16
60QM000709,127,96,31
60QM000710,120,98,22
60QM000711,65,40,25
60QM000712,96,78,18
60QM000713,86,59,27
60QM000714,95,62,33
60QM000715,61,35,26
60QM000716,72,53,19
60QM000717,59,45,14
60QM000718,98,80,18
60QM000719,129,108,21
60QM000720,87,59,28
60QM000721,69,42,27
60QM000722,67,42,25
60QM000723,68,32,36
60QM000724,80,60,20
60QM000725,76,59,17
60QM000726,114,89,25
60QM000727,81,57,24
60QM000728,76,58,18
60QM000729,51,36,15
60QM000730,79,57,22
60QM000731,50,36,14
60QM000732,117,76,41
60QM000733,68,50,18
60QM000734,43,30,13
60QM000735,123,89,34
60QM000736,78,61,17
60QM000737,51,33,18
60QM000738,63,51,12
60QM000739,94,73,21
60QM000740,194,117,77
60QM000741,95,63,32
60QM000742,65,53,12
60QM000743,92,43,49
60QM000744,92,49,43
60QM000745,49,33,16
60QM000746,84,58,26
60QM000747,61,38,23
60QM000748,109,83,26
60QM000749,151,115,36
60QM000750,87,68,19
60QM000751,96,91,5
60QM000752,70,55,15
60QM000753,99,85,14
60QM000754,104,95,9
60QM000755,132,112,20
60QM000756,98,80,18
60QM000757,80,74,6
60QM000758,81,68,13
60QM000759,150,136,14
60QM000760,75,70,5
60QN000001,41,30,11
60QN000002,65,45,20
60QN000003,84,57,27
60QN000004,115,94,21
60QN000005,119,89,30
60QN000006,61,25,36
60QN000007,94,76,18
60QN000008,88,54,34
60QN000009,97,72,25
60QN000010,107,68,39
60QN000011,77,39,38
60QN000012,47,17,30
60QN000013,92,37,55
60QN000014,52,41,11
60QN000015,44,26,18
60QN000016,91,69,22
60QN000017,86,60,26
60QN000018,123,105,18
60QN000019,131,94,37
60QN000020,106,78,28
60QN000021,113,94,19
60QN000022,120,82,38
60QN000023,151,92,59
60QN000024,138,107,31
60QN000025,96,53,43
60QN000026,151,86,65
60QN000027,53,35,18
60QN000028,67,46,21
60QN000029,71,50,21
60QN000030,90,60,30
60QN000031,55,35,20
60QN000032,86,69,17
60QN000033,97,38,59
60QN000034,62,22,40
60QN000035,92,44,48
60QN000036,85,39,46
60QN000037,97,28,69
60QN000038,94,52,42
60QN000039,94,59,35
60QN000040,103,54,49
60QN000041,75,28,47
60QN000042,94,76,18
60QN000043,95,55,40
60QN000044,44,16,28
60QN000045,55,40,15
60QN000046,53,17,36
60QN000047,68,32,36
60QN000048,154,94,60
60QN000049,87,60,27
60QN000050,70,41,29
60QN000051,69,27,42
60QN000052,92,47,45
60QN000053,94,48,46
60QN000054,65,27,38
60QN000055,68,35,33
60QN000056,75,29,46
60QN000057,98,68,30
60QN000058,71,62,9
60QN000059,77,65,12
60QN000060,43,22,21
60QN000061,51,22,29
60QN000062,114,99,15
60QN000063,139,84,55
60QN000064,33,16,17
60QN000065,111,71,40
60QN000066,95,62,33
60QN000067,84,56,28
60QN000068,76,40,36
60QN000069,120,59,61
60QN000070,135,100,35
60QN000071,82,47,35
60QN000072,48,16,32
60QN000073,60,26,34
60QN000074,79,43,36
60QN000075,48,22,26
60QN000076,110,59,51
60QN000077,100,63,37
60QN000078,109,69,40
60QN000079,96,49,47
60QN000080,97,57,40
60QN000081,84,49,35
60QN000082,104,61,43
60QN000083,88,55,33
60QN000084,128,69,59
60QN000085,154,94,60
60QN000086,95,43,52
60QN000087,62,35,27
60QN000088,72,37,35
60QN000089,70,30,40
60QN000090,55,31,24
60QN000091,38,19,19
60QN000092,41,23,18
60QN000093,72,40,32
60QN000094,69,36,33
60QN000095,108,67,41
60QN000096,105,67,38
60QN000097,64,33,31
60QN000098,80,41,39
60QN000099,106,66,40
60QN000100,91,46,45
60QN000101,79,50,29
60QN000102,95,43,52
60QN000103,97,54,43
60QN000104,80,36,44
60QN000105,95,50,45
60QN000106,148,93,55
60QN000107,85,45,40
60QN000108,72,50,22
60QN000109,94,63,31
60QN000110,89,62,27
60QN000111,139,117,22
60QN000112,93,77,16
60QN000113,118,94,24
60QN000114,126,100,26
60QN000115,93,81,12
60QN000116,193,164,29
60QN000117,125,93,32
60QN000118,156,121,35
60QN000119,154,117,37
60QN000120,92,64,28
60QN000121,77,37,40
60QN000122,130,105,25
60QN000123,104,64,40
60QN000124,77,36,41
60QN000125,59,36,23
60QN000126,89,56,33
60QN000127,34,4,30
60QN000128,37,26,11
60QN000129,94,78,16
60QN000130,97,68,29
60QN000131,94,72,22
60QN000132,105,76,29
60QN000133,172,98,74
60QN000134,97,50,47
60QN000135,68,45,23
60QN000136,182,133,49
60QN000137,95,57,38
60QN000138,68,37,31
60QN000139,112,62,50
60QN000140,75,48,27
60QN000141,43,26,17
60QN000142,59,30,29
60QN000143,94,58,36
60QN000144,90,79,11
60QN000145,55,23,32
60QN000146,97,53,44
60QN000147,82,66,16
60QN000148,43,22,21
60QN000149,68,28,40
60QN000150,127,92,35
60QN000151,49,29,20
60QN000152,59,42,17
60QN000153,45,20,25
60QN000154,97,72,25
60QN000155,107,75,32
60QN000156,95,75,20
60QN000157,82,61,21
60QN000158,74,35,39
60QN000159,48,32,16
60QN000160,104,78,26
60QN000161,45,20,25
60QN000162,49,34,15
60QN000163,125,90,35
60QN000164,103,78,25
60QN000165,77,53,24
60QN000166,105,73,32
60QN000167,52,15,37
60QN000168,91,59,32
60QN000169,37,19,18
60QN000170,65,54,11
60QN000171,55,43,12
60QN000172,80,49,31
60QN000173,43,22,21
60QN000174,84,53,31
60QN000175,104,78,26
60QN000176,102,71,31
60QN000177,132,106,26
60QN000178,64,52,12
60QN000179,128,69,59
60QN000180,120,101,19
60QN000181,48,46,2
60QN000182,68,39,29
60QN000183,198,107,91
60QN000184,89,62,27
60QN000185,54,35,19
60QN000186,227,184,43
60QN000187,86,69,17
60QN000188,63,52,11
60QN000189,93,64,29
60QN000190,81,60,21
60QN000191,118,99,19
60QN000192,55,43,12
60QN000193,58,19,39
60QN000194,90,71,19
60QN000195,99,89,10
60QN000196,93,69,24
60QN000197,148,116,32
60QN000198,101,84,17
60QN000199,150,117,33
60QN000200,102,68,34
60QN000201,112,75,37
60QN000202,113,71,42
60QN000203,84,62,22
60QN000204,79,47,32
60QN000205,43,23,20
60QN000206,102,47,55
60QN000207,53,40,13
60QN000208,102,70,32
60QN000209,76,44,32
60QN000210,85,52,33
60QN000211,65,43,22
60QN000212,88,58,30
60QN000213,100,77,23
60QN000214,86,53,33
60QN000215,70,50,20
60QN000216,101,67,34
60QN000217,166,119,47
60QN000218,103,81,22
60QN000219,96,78,18
60QN000220,77,54,23
60QN000221,52,36,16
60QN000222,117,98,19
60QN000223,75,53,22
60QN000224,126,90,36
60QN000225,115,86,29
60QN000226,72,48,24
60QN000227,112,95,17
60QN000228,98,79,19
60QN000229,96,70,26
60QN000230,79,43,36
60QN000231,53,19,34
60QN000232,36,6,30
60QN000233,54,35,19
60QN000234,38,21,17
60QN000235,31,13,18
60QN000236,126,81,45
60QN000237,96,63,33
60QN000238,72,52,20
60QN000239,103,59,44
60QN000240,79,52,27
60QN000241,95,71,24
60QN000242,96,58,38
60QN000243,84,60,24
60QN000244,125,85,40
60QN000245,23,4,19
60QN000246,68,39,29
60QN000247,130,80,50
60QN000248,121,92,29
60QN000249,86,45,41
60QN000250,122,81,41
60QN000251,94,68,26
60QN000252,158,135,23
60QN000253,64,38,26
60QN000254,61,42,19
60QN000255,61,38,23
60QN000256,54,40,14
60QN000257,87,70,17
60QN000258,133,95,38
60QN000259,112,68,44
60QN000260,147,120,27
60QN000261,129,99,30
60QN000262,102,73,29
60QN000263,94,61,33
60QN000264,80,57,23
60QN000265,101,65,36
60QN000266,147,110,37
60QN000267,151,113,38
60QN000268,146,107,39
60QN000269,107,77,30
60QN000270,74,54,20
60QN000271,113,73,40
60QN000272,124,88,36
60QN000273,60,35,25
60QN000274,40,27,13
60QN000275,69,50,19
60QN000276,98,68,30
60QN000277,101,85,16
60QN000278,76,50,26
60QN000279,101,78,23
60QN000280,61,47,14
60QN000281,101,74,27
60QN000282,89,64,25
60QN000283,90,65,25
60QN000284,101,73,28
60QN000285,158,124,34
60QN000286,101,76,25
60QN000287,108,77,31
60QN000288,104,67,37
60QN000289,94,65,29
60QN000290,98,84,14
60QN000291,115,86,29
60QN000292,98,63,35
60QN000293,153,121,32
60QN000294,128,86,42
60QN000295,100,75,25
60QN000296,92,66,26
60QN000297,117,73,44
60QN000298,108,88,20
60QN000299,116,81,35
60QN000300,89,71,18
60QN000301,70,43,27
60QN000302,91,61,30
60QN000303,77,47,30
60QN000304,92,70,22
60QN000305,122,89,33
60QN000306,78,52,26
60QN000307,118,81,37
60QN000308,42,33,9
60QN000309,137,105,32
60QN000310,116,75,41
60QN000311,100,81,19
60QN000312,79,56,23
60QN000313,108,82,26
60QN000314,73,59,14
60QN000315,62,38,24
60QN000316,47,37,10
60QN000317,101,82,19
60QN000318,49,30,19
60QN000319,121,79,42
60QN000320,67,45,22
60QN000321,92,54,38
60QN000322,73,48,25
60QN000323,78,55,23
60QN000324,72,41,31
60QN000325,72,47,25
60QN000326,73,44,29
60QN000327,64,37,27
60QN000328,82,61,21
60QN000329,81,49,32
60QN000330,60,45,15
60QN000331,92,68,24
60QN000332,61,35,26
60QN000333,94,72,22
60QN000334,101,61,40
60QN000335,80,63,17
60QN000336,90,67,23
60QN000337,109,76,33
60QN000338,103,66,37
60QN000339,85,64,21
60QN000340,88,53,35
60QN000341,96,59,37
60QN000342,86,60,26
60QN000343,102,62,40
60QN000344,110,85,25
60QN000345,88,75,13
60QN000346,82,65,17
60QN000347,66,56,10
60QN000348,76,57,19
60QN000349,116,85,31
60QN000350,84,71,13
60QN000351,74,59,15
60QN000352,95,75,20
60QN000353,79,58,21
60QN000354,97,77,20
60QN000355,89,69,20
60QN000356,129,85,44
60QN000357,128,105,23
60QN000358,97,83,14
60QN000359,139,91,48
60QN000360,93,67,26
60QN000361,96,58,38
60QN000362,88,67,21
60QN000363,111,82,29
60QN000364,160,102,58
60QN000365,70,36,34
60QN000366,103,76,27
60QN000367,138,76,62
60QN000368,148,117,31
60QN000369,117,77,40
60QN000370,86,61,25
60QN000371,106,74,32
60QN000372,159,121,38
60QN000373,37,16,21
60QN000374,156,114,42
60QN000375,46,33,13
60QN000376,90,51,39
60QN000377,113,69,44
60QN000378,110,70,40
60QN000379,118,65,53
60QN000380,84,60,24
60QN000381,71,53,18
60QN000382,96,63,33
60QN000383,120,64,56
60QN000384,91,64,27
60QN000385,142,98,44
60QN000386,135,84,51
60QN000387,128,96,32
60QN000388,110,77,33
60QN000389,125,85,40
60QN000390,148,113,35
60QN000391,48,20,28
60QN000392,49,11,38
60QN000393,83,67,16
60QN000394,113,89,24
60QN000395,116,78,38
60QN000396,95,58,37
60QN000397,99,76,23
60QN000398,71,49,22
60QN000399,99,65,34
60QN000400,65,45,20
60QN000401,100,76,24
60QN000402,112,83,29
60QN000403,83,59,24
60QN000404,100,58,42
60QN000405,106,75,31
60QN000406,91,73,18
60QN000407,109,76,33
60QN000408,93,65,28
60QN000409,95,60,35
60QN000410,116,69,47
60QN000411,125,83,42
60QN000412,67,39,28
60QN000413,107,75,32
60QN000414,92,61,31
60QN000415,144,107,37
60QN000416,97,71,26
60QN000417,29,8,21
60QN000418,28,8,20
60QN000419,106,72,34
60QN000420,92,49,43
60QN000421,64,34,30
60QN000422,83,45,38
60QN000423,70,42,28
60QN000424,99,77,22
60QN000425,81,66,15
60QN000426,65,47,18
60QN000427,74,55,19
60QN000428,55,41,14
60QN000429,50,38,12
60QN000430,120,81,39
60QN000431,105,76,29
60QN000432,53,39,14
60QN000433,68,46,22
60QN000434,113,87,26
60QN000435,58,39,19
60QN000436,66,48,18
60QN000437,91,60,31
60QN000438,116,99,17
60QN000439,64,45,19
60QN000440,85,65,20
60QN000441,137,95,42
60QN000442,75,36,39
60QN000443,81,51,30
60QN000444,63,36,27
60QN000445,75,57,18
60QN000446,91,46,45
60QN000447,122,75,47
60QN000448,95,54,41
60QN000449,111,73,38
60QN000450,96,63,33
60QN000451,70,47,23
60QN000452,124,89,35
60QN000453,93,64,29
60QN000454,56,25,31
60QN000455,92,67,25
60QN000456,87,63,24
60QN000457,73,42,31
60QN000458,76,38,38
60QN000459,68,42,26
60QN000460,66,28,38
60QN000461,35,25,10
60QN000462,101,70,31
60QN000463,102,70,32
60QN000464,113,65,48
60QN000465,111,78,33
60QN000466,143,103,40
60QN000467,106,66,40
60QN000468,89,51,38
60QN000469,53,20,33
60QN000470,88,55,33
60QN000471,82,46,36
60QN000472,88,54,34
60QN000473,90,53,37
60QN000474,84,54,30
60QN000475,101,75,26
60QN000476,157,108,49
60QN000477,120,79,41
60QN000478,44,34,10
60QN000479,144,101,43
60QN000480,142,96,46
60QN000481,83,51,32
60QN000482,87,56,31
60QN000483,92,58,34
60QN000484,111,87,24
60QN000485,108,75,33
60QN000486,80,50,30
60QN000487,101,57,44
60QN000488,96,60,36
60QN000489,90,64,26
60QN000490,162,110,52
60QN000491,139,89,50
60QN000492,109,69,40
60QN000493,114,74,40
60QN000494,108,77,31
60QN000495,96,66,30
60QN000496,111,67,44
60QN000497,166,105,61
60QN000498,127,84,43
60QN000499,81,54,27
60QN000500,133,77,56
60QN000501,112,72,40
60QN000502,104,69,35
60QN000503,106,85,21
60QN000504,83,64,19
60QN000505,46,33,13
60QN000506,62,47,15
60QN000507,52,38,14
60QN000508,127,79,48
60QN000509,118,85,33
60QN000510,74,49,25
60QN000511,127,67,60
60QN000512,57,36,21
60QN000513,14,4,10
60QN000514,58,33,25
60QN000515,110,61,49
60QN000516,98,56,42
60QN000517,95,54,41
60QN000518,139,83,56
60QN000519,113,78,35
60QN000520,96,67,29
60QN000521,72,48,24
60QN000522,43,30,13
60QN000523,149,112,37
60QN000524,79,48,31
60QN000525,69,31,38
60QN000526,88,46,42
60QN000527,107,63,44
60QN000528,93,66,27
60QN000529,136,78,58
60QN000530,86,53,33
60QN000531,75,44,31
60QN000532,74,47,27
60QN000533,140,97,43
60QN000534,40,19,21
60QN000535,43,23,20
60QN000536,119,94,25
60QN000537,111,98,13
60QN000538,87,68,19
60QN000539,143,102,41
60QN000540,55,27,28
60QN000541,134,93,41
60QN000542,100,66,34
60QN000543,110,69,41
60QN000544,68,37,31
60QN000545,80,56,24
60QN000546,96,58,38
60QN000547,103,73,30
60QN000548,110,64,46
60QN000549,126,91,35
60QN000550,74,45,29
60QN000551,143,116,27
60QN000552,131,103,28
60QN000553,134,98,36
60QN000554,116,92,24
60QN000555,129,103,26
60QN000556,76,69,7
60QN000557,92,81,11
60QN000558,81,62,19
60QN000559,181,152,29
60QN000560,187,137,50
60QN000561,161,123,38
60QN000562,135,99,36
60QN000563,105,94,11
60QN000564,143,121,22
60QN000565,80,67,13
60QN000566,210,166,44
60QN000567,124,89,35
60QN000568,56,44,12
60QN000569,161,104,57
60QN000570,136,105,31
60QN000571,101,77,24
60QN000572,172,127,45
60QN000573,153,102,51
60QN000574,93,62,31
60QN000575,40,18,22
60QN000576,99,76,23
60QN000577,83,53,30
60QN000578,64,42,22
60QN000579,103,68,35
60QN000580,113,80,33
60QN000581,68,36,32
60QN000582,58,44,14
60QN000583,97,66,31
60QN000584,21,8,13
60QN000585,90,58,32
60QN000586,158,115,43
60QN000587,63,38,25
60QN000588,44,28,16
60QN000589,118,80,38
60QN000590,31,13,18
60QN000591,133,90,43
60QN000592,60,45,15
60QN000593,56,28,28
60QN000594,37,27,10
60QN000595,34,17,17
60QN000596,65,42,23
60QN000597,78,45,33
60QN000598,133,66,67
60QN000599,111,79,32
60QN000600,59,41,18
60QN000601,77,56,21
60QN000602,70,42,28
60QN000603,69,44,25
60QN000604,100,75,25
60QN000605,99,80,19
60QN000606,67,54,13
60QN000607,110,74,36
60QN000608,43,33,10
60QN000609,110,84,26
60QN000610,58,44,14
60QN000611,96,67,29
60QN000612,47,44,3
60QN000613,50,42,8
60QN000614,133,111,22
60QN000615,83,39,44
60QN000616,55,31,24
60QN000617,131,94,37
60QN000618,116,80,36
60QN000619,110,79,31
60QN000620,85,61,24
60QN000621,35,17,18
60QN000622,71,54,17
60QN000623,24,9,15
60QN000624,114,83,31
60QN000625,97,68,29
60QN000626,70,50,20
60QN000627,45,33,12
60QN000628,101,81,20
60QN000629,39,9,30
60QN000630,66,37,29
60QN000631,97,84,13
60QN000632,57,34,23
60QN000633,63,36,27
60QN000634,77,50,27
60QN000635,19,1,18
60QN000636,48,23,25
60QN000637,111,86,25
60QN000638,83,49,34
60QN000639,55,20,35
60QN000640,55,34,21
60QN000641,96,74,22
60QN000642,124,78,46
60QN000643,60,42,18
60QN000644,85,62,23
60QN000645,114,92,22
60QN000646,86,65,21
60QN000647,145,115,30
60QN000648,98,81,17
60QN000649,205,147,58
60QN000650,99,64,35
60QN000651,90,68,22
60QN000652,88,54,34
60QN000653,93,73,20
60QN000654,79,55,24
60QN000655,219,190,29
60QN000656,100,83,17
60QN000657,112,79,33
60QN000658,114,97,17
60QN000659,101,86,15
60QN000660,82,74,8
60QN000661,105,88,17
60QN000662,99,71,28
60QN000663,82,69,13
60QN000664,117,62,55
60QN000665,46,22,24
60QN000666,52,20,32
60QN000667,92,71,21
60QN000668,40,37,3
60QN000669,126,101,25
60QN000670,115,86,29
60QN000671,106,61,45
60QN000672,96,60,36
60QN000673,75,60,15
60QN000674,90,55,35
60QN000675,77,38,39
60QN000676,72,32,40
60QN000677,147,97,50
60QN000678,122,84,38
60QN000679,91,66,25
60QN000680,104,78,26
60QN000681,99,72,27
60QN000682,66,43,23
60QN000683,141,106,35
60QN000684,143,110,33
60QN000685,93,50,43
60QN000686,61,52,9
60QN000687,77,59,18
60QN000688,99,68,31
60QP000001,66,48,18
60QP000002,117,97,20
60QP000003,100,71,29
60QP000004,424,243,181
60QP000005,84,54,30
60QP000006,146,111,35
60QP000007,42,34,8
60QP000008,71,51,20
60QP000009,135,107,28
60QP000010,75,59,16
60QP000011,66,48,18
60QP000012,151,106,45
60QP000013,106,75,31
60QP000014,101,71,30
60QP000015,65,40,25
60QP000016,80,64,16
60QP000017,71,63,8
60QP000018,99,69,30
60QP000019,64,36,28
60QP000020,151,97,54
60QP000021,66,51,15
60QP000022,137,103,34
60QP000023,123,77,46
60QP000024,114,82,32
60QP000025,63,43,20
60QP000026,266,126,140
60QP000027,99,65,34
60QP000028,70,45,25
60QP000029,121,81,40
60QP000030,106,88,18
60QP000031,85,64,21
60QP000032,48,31,17
60QP000033,107,73,34
60QP000034,119,78,41
60QP000035,107,78,29
60QP000036,117,99,18
60QP000037,62,46,16
60QP000038,64,54,10
60QP000039,101,83,18
60QP000040,90,71,19
60QP000041,102,77,25
60QP000042,138,93,45
60QP000043,48,33,15
60QP000044,125,94,31
60QP000045,96,81,15
60QP000046,90,68,22
60QP000047,49,27,22
60QP000048,98,79,19
60QP000049,93,73,20
60QP000050,83,64,19
60QP000051,111,86,25
60QP000052,85,65,20
60QP000053,93,72,21
60QP000054,84,66,18
60QP000055,80,47,33
60QP000056,76,44,32
60QP000057,87,46,41
60QP000058,110,73,37
60QP000059,98,71,27
60QP000060,84,69,15
60QP000061,77,57,20
60QP000062,83,66,17
60QP000063,113,87,26
60QP000064,51,47,4
60QP000065,97,79,18
60QP000066,93,72,21
60QP000067,96,76,20
60QP000068,81,59,22
60QP000069,86,70,16
60QP000070,82,64,18
60QP000071,95,84,11
60QP000072,84,65,19
60QP000073,105,94,11
60QP000074,70,57,13
60QP000075,79,69,10
60QP000076,58,50,8
60QP000077,74,65,9
60QP000078,69,62,7
60QP000079,89,70,19
60QP000080,62,46,16
60QP000081,95,75,20
60QP000082,68,42,26
60QP000083,72,45,27
60QP000084,96,62,34
60QP000085,63,45,18
60QP000086,132,87,45
60QP000087,48,44,4
60QP000088,36,26,10
60QP000089,25,4,21
60QP000090,57,42,15
60QP000091,68,59,9
60QP000092,97,86,11
60QP000093,78,47,31
60QP000094,54,48,6
60QP000095,66,45,21
60QP000096,83,60,23
60QP000097,72,52,20
60QP000098,78,62,16
60QP000099,76,42,34
60QP000100,85,52,33
60QP000101,83,54,29
60QP000102,103,79,24
60QP000103,92,57,35
60QP000104,62,45,17
60QP000105,88,51,37
60QP000106,88,60,28
60QP000107,67,31,36
60QP000108,93,61,32
60QP000109,147,104,43
60QP000110,87,61,26
60QP000111,119,75,44
60QP000112,61,53,8
60QP000113,62,37,25
60QP000114,80,53,27
60QP000115,110,92,18
60QP000116,108,84,24
60QP000117,67,58,9
60QP000118,103,67,36
60QP000119,72,47,25
60QP000120,144,93,51
60QP000121,100,88,12
60QP000122,110,68,42
60QP000123,74,51,23
60QP000124,81,62,19
60QP000125,127,88,39
60QP000126,68,48,20
60QP000127,104,87,17
60QP000128,72,52,20
60QP000129,103,63,40
60QP000130,92,79,13
60QP000131,87,62,25
60QP000132,144,98,46
60QP000133,104,85,19
60QP000134,113,79,34
60QP000135,89,68,21
60QP000136,100,83,17
60QP000137,125,93,32
60QP000138,59,50,9
60QP000139,126,99,27
60QP000140,84,68,16
60QP000141,40,25,15
60QP000142,92,64,28
60QP000143,86,71,15
60QP000144,53,40,13
60QP000145,79,60,19
60QP000146,64,50,14
60QP000147,100,90,10
60QP000148,69,58,11
60QP000149,65,53,12
60QP000150,63,49,14
60QP000151,94,66,28
60QP000152,142,114,28
60QP000153,87,68,19
60QP000154,68,48,20
60QP000155,61,45,16
60QP000156,99,78,21
60QP000157,48,40,8
60QP000158,48,26,22
60QP000159,85,60,25
60QP000160,87,53,34
60QP000161,51,36,15
60QP000162,76,61,15
60QP000163,139,107,32
60QP000164,58,47,11
60QP000165,87,59,28
60QP000166,91,72,19
60QP000167,111,78,33
60QP000168,110,78,32
60QP000169,56,48,8
60QP000170,127,74,53
60QP000171,93,64,29
60QP000172,67,44,23
60QP000173,57,47,10
60QP000174,61,48,13
60QP000175,140,95,45
60QP000176,58,43,15
60QP000177,71,37,34
60QP000178,83,56,27
60QP000179,77,60,17
60QP000180,166,116,50
60QP000181,110,71,39
60QP000182,93,67,26
60QP000183,82,68,14
60QP000184,126,80,46
60QP000185,157,97,60
60QP000186,114,89,25
60QP000187,47,34,13
60QP000188,74,48,26
60QP000189,154,92,62
60QP000190,118,76,42
60QP000191,67,60,7
60QP000192,102,79,23
60QP000193,80,62,18
60QP000194,71,47,24
60QP000195,84,67,17
60QP000196,163,106,57
60QP000197,65,56,9
60QP000198,84,61,23
60QP000199,69,47,22
60QP000200,117,87,30
60QP000201,246,55,191
60QP000202,90,74,16
60QP000203,102,81,21
60QP000204,143,108,35
60QP000205,59,50,9
60QP000206,58,51,7
60QP000207,79,67,12
60QP000208,60,51,9
60QP000209,61,48,13
60QP000210,65,54,11
60QP000211,88,61,27
60QP000212,68,53,15
60QP000213,81,65,16
60QP000214,72,57,15
60QP000215,83,60,23
60QP000216,74,57,17
60QP000217,66,45,21
60QP000218,84,51,33
60QP000219,106,75,31
60QP000220,64,44,20
60QP000221,100,83,17
60QP000222,66,48,18
60QP000223,91,63,28
60QP000224,80,67,13
60QP000225,110,91,19
60QP000226,102,76,26
60QP000227,76,62,14
60QP000228,103,88,15
60QP000229,87,76,11
60QP000230,113,95,18
60QP000231,70,54,16
60QP000232,79,70,9
60QP000233,113,94,19
60QP000234,101,85,16
60QP000235,72,60,12
60QP000236,95,84,11
60QP000237,48,39,9
60QP000238,65,54,11
60QP000239,83,76,7
60QP000240,78,65,13
60QP000241,76,58,18
60QP000242,77,65,12
60QP000243,58,51,7
60QP000244,67,56,11
60QP000245,63,55,8
60QP000246,59,25,34
60QP000247,77,68,9
60QP000248,93,66,27
60QP000249,37,21,16
60QP000250,104,63,41
60QP000251,81,56,25
60QP000252,79,60,19
60QP000253,82,45,37
60QP000254,64,40,24
60QP000255,89,67,22
60QP000256,68,38,30
60QP000257,73,57,16
60QP000258,129,71,58
60QP000259,92,43,49
60QP000260,126,53,73
60QP000261,113,60,53
60QP000262,116,91,25
60QP000263,102,55,47
60QP000264,93,63,30
60QP000265,75,44,31
60QP000266,87,52,35
60QP000267,68,42,26
60QP000268,65,33,32
60QP000269,80,53,27
60QP000270,67,45,22
60QP000271,84,38,46
60QP000272,82,48,34
60QP000273,72,50,22
60QP000274,52,34,18
60QP000275,93,50,43
60QP000276,66,40,26
60QP000277,75,46,29
60QP000278,80,35,45
60QP000279,38,16,22
60QP000280,77,59,18
60QP000281,83,54,29
60QP000282,86,65,21
60QP000283,85,57,28
60QP000284,118,74,44
60QP000285,95,62,33
60QP000286,82,55,27
60QP000287,78,51,27
60QP000288,61,34,27
60QP000289,91,54,37
60QP000290,70,41,29
60QP000291,76,49,27
60QP000292,35,16,19
60QP000293,77,43,34
60QP000294,72,40,32
60QP000295,93,55,38
60QP000296,117,63,54
60QP000297,74,43,31
60QP000298,91,67,24
60QP000299,92,63,29
60QP000300,69,47,22
60QP000301,121,76,45
60QP000302,66,46,20
60QP000303,80,61,19
60QP000304,81,44,37
60QP000305,107,63,44
60QP000306,120,77,43
60QP000307,63,47,16
60QP000308,71,39,32
60QP000309,85,61,24
60QP000310,58,39,19
60QP000311,72,45,27
60QP000312,76,49,27
60QP000313,60,38,22
60QP000314,111,78,33
60QP000315,50,34,16
60QP000316,77,63,14
60QP000317,66,43,23
60QP000318,98,64,34
60QP000319,72,52,20
60QP000320,74,51,23
60QP000321,96,54,42
60QP000322,83,58,25
60QP000323,64,43,21
60QP000324,80,56,24
60QP000325,77,55,22
60QP000326,80,54,26
60QP000327,102,61,41
60QP000328,95,65,30
60QP000329,85,59,26
60QP000330,58,51,7
60QP000331,87,58,29
60QP000332,75,49,26
60QP000333,111,68,43
60QP000334,78,65,13
60QP000335,89,50,39
60QP000336,82,49,33
60QP000337,84,57,27
60QP000338,58,32,26
60QP000339,64,41,23
60QP000340,83,39,44
60QP000341,98,51,47
60QP000342,75,47,28
60QP000343,86,66,20
60QP000344,82,56,26
60QP000345,94,56,38
60QP000346,74,48,26
60QP000347,96,60,36
60QP000348,155,102,53
60QP000349,88,68,20
60QP000350,102,84,18
60QP000351,67,46,21
60QP000352,59,54,5
60QP000353,69,60,9
60QP000354,121,98,23
60QP000355,67,54,13
60QP000356,114,86,28
60QP000357,81,77,4
60QP000358,59,42,17
60QP000359,70,53,17
60QP000360,72,50,22
60QP000361,93,43,50
60QP000362,63,30,33
60QP000363,76,27,49
60QP000364,125,57,68
60QP000365,69,55,14
60QP000366,123,62,61
60QP000367,85,43,42
60QP000368,70,27,43
60QP000369,70,45,25
60QP000370,76,38,38
60QP000371,62,39,23
60QP000372,72,50,22
60QP000373,84,44,40
60QP000374,86,31,55
60QP000375,78,35,43
60QP000376,66,33,33
60QP000377,50,23,27
60QP000378,93,49,44
60QP000379,62,29,33
60QP000380,70,35,35
60QP000381,42,16,26
60QP000382,92,52,40
60QP000383,79,51,28
60QP000384,81,43,38
60QP000385,65,32,33
60QP000386,94,33,61
60QP000387,62,27,35
60QP000388,64,35,29
60QP000389,68,38,30
60QP000390,36,15,21
60QP000391,48,26,22
60QP000392,62,27,35
60QP000393,43,22,21
60QP000394,67,35,32
60QP000395,71,38,33
60QP000396,60,33,27
60QP000397,66,33,33
60QP000398,106,46,60
60QP000399,58,44,14
60QP000400,60,52,8
60QP000401,97,67,30
60QP000402,59,43,16
60QP000403,63,44,19
60QP000404,57,33,24
60QP000405,84,61,23
60QP000406,106,72,34
60QP000407,57,22,35
60QP000408,62,29,33
60QP000409,45,35,10
60QP000410,97,61,36
60QP000411,64,35,29
60QP000412,73,34,39
60QP000413,62,24,38
60QP000414,77,55,22
60QP000415,50,34,16
60QP000416,67,39,28
60QP000417,96,71,25
60QP000418,78,56,22
60QP000419,69,46,23
60QP000420,118,93,25
60QP000421,123,75,48
60QP000422,92,39,53
60QP000423,91,67,24
60QP000424,91,61,30
60QP000425,51,27,24
60QP000426,66,24,42
60QP000427,78,34,44
60QP000428,61,37,24
60QP000429,74,34,40
60QP000430,59,41,18
60QP000431,130,102,28
60QP000432,93,66,27
60QP000433,98,71,27
60QP000434,68,53,15
60QP000435,66,38,28
60QP000436,68,43,25
60QP000437,48,33,15
60QP000438,90,61,29
60QP000439,78,44,34
60QP000440,106,74,32
60QP000441,93,65,28
60QP000442,96,70,26
60QP000443,38,24,14
60QP000444,86,58,28
60QP000445,105,67,38
60QP000446,110,61,49
60QP000447,78,43,35
60QP000448,91,46,45
60QP000449,81,57,24
60QP000450,94,58,36
60QP000451,84,55,29
60QP000452,112,83,29
60QP000453,71,41,30
60QP000454,83,58,25
60QP000455,98,59,39
60QP000456,107,80,27
60QP000457,101,78,23
60QP000458,73,35,38
60QP000459,159,96,63
60QP000460,122,84,38
60QP000461,68,21,47
60QP000462,53,24,29
60QP000463,84,37,47
60QP000464,99,33,66
60QP000465,83,43,40
60QP000466,82,60,22
60QP000467,57,34,23
60QP000468,144,98,46
60QP000469,104,66,38
60QP000470,115,76,39
60QP000471,162,102,60
60QP000472,99,63,36
60QP000473,117,82,35
60QP000474,101,68,33
60QP000475,105,76,29
60QP000476,58,42,16
60QP000477,49,43,6
60QP000478,92,53,39
60QP000479,70,44,26
60QP000480,88,58,30
60QP000481,80,55,25
60QP000482,80,54,26
60QP000483,106,63,43
60QP000484,253,121,132
60QP000485,63,22,41
60QP000486,90,61,29
60QP000487,86,39,47
60QP000488,97,63,34
60QP000489,105,66,39
60QP000490,139,88,51
60QP000491,122,82,40
60QP000492,89,35,54
60QP000493,119,83,36
60QP000494,116,70,46
60QP000495,75,46,29
60QP000496,54,27,27
60QP000497,62,41,21
60QP000498,79,50,29
60QP000499,90,51,39
60QP000500,124,77,47
60QP000501,75,51,24
60QP000502,67,38,29
60QP000503,60,46,14
60QP000504,115,64,51
60QP000505,79,56,23
60QP000506,105,58,47
60QP000507,109,66,43
60QP000508,63,33,30
60QP000509,86,52,34
60QP000510,53,30,23
60QP000511,74,45,29
60QP000512,91,54,37
60QP000513,63,38,25
60QP000514,85,52,33
60QP000515,78,52,26
60QP000516,83,61,22
60QP000517,70,43,27
60QP000518,73,48,25
60QP000519,69,34,35
60QP000520,109,63,46
60QP000521,91,52,39
60QP000522,88,37,51
60QP000523,102,79,23
60QP000524,79,58,21
60QP000525,85,65,20
60QP000526,77,52,25
60QP000527,82,53,29
60QP000528,72,39,33
60QP000529,80,43,37
60QP000530,70,40,30
60QP000531,95,51,44
60QP000532,55,18,37
60QP000533,69,44,25
60QP000534,72,45,27
60QP000535,78,49,29
60QP000536,71,46,25
60QP000537,103,67,36
60QP000538,60,29,31
60QP000539,107,66,41
60QP000540,67,32,35
60QP000541,72,54,18
60QP000542,65,35,30
60QP000543,53,29,24
60QP000544,49,21,28
60QP000545,69,42,27
60QP000546,82,65,17
60QP000547,33,20,13
60QP000548,49,36,13
60QP000549,77,43,34
60QP000550,79,50,29
60QP000551,43,35,8
60QP000552,86,56,30
60QP000553,66,44,22
60QP000554,85,53,32
60QP000555,84,57,27
60QP000556,92,61,31
60QP000557,45,23,22
60QP000558,65,43,22
60QP000559,59,31,28
60QP000560,61,30,31
60QP000561,70,48,22
60QP000562,105,73,32
60QP000563,111,82,29
60QP000564,58,40,18
60QP000565,146,100,46
60QP000566,93,68,25
60QP000567,113,84,29
60QP000568,89,55,34
60QP000569,106,81,25
60QP000570,90,56,34
60QP000571,55,38,17
60QP000572,60,47,13
60QP000573,109,93,16
60QP000574,85,47,38
60QP000575,160,116,44
60QP000576,95,56,39
60QP000577,43,36,7
60QP000578,67,45,22
60QP000579,67,55,12
60QP000580,65,24,41
60QP000581,86,55,31
60QP000582,100,54,46
60QP000583,95,49,46
60QP000584,66,26,40
60QP000585,74,39,35
60QP000586,69,33,36
60QP000587,47,28,19
60QP000588,58,27,31
60QP000589,52,27,25
60QP000590,47,20,27
60QP000591,73,42,31
60QP000592,67,38,29
60QP000593,58,28,30
60QP000594,78,50,28
60QP000595,43,19,24
60QP000596,56,25,31
60QP000597,57,31,26
60QP000598,60,28,32
60QP000599,97,57,40
60QP000600,79,23,56
60QP000601,79,47,32
60QP000602,82,45,37
60QP000603,40,25,15
60QP000604,102,69,33
60QP000605,39,11,28
60QP000606,56,30,26
60QP000607,71,38,33
60QP000608,82,47,35
60QP000609,56,28,28
60QP000610,69,43,26
60QP000611,57,31,26
60QP000612,51,20,31
60QP000613,44,27,17
60QP000614,69,28,41
60QP000615,73,43,30
60QP000616,50,27,23
60QP000617,71,46,25
60QP000618,62,42,20
60QP000619,116,90,26
60QP000620,74,34,40
60QP000621,50,26,24
60QP000622,108,45,63
60QP000623,111,77,34
60QP000624,58,40,18
60QP000625,114,69,45
60QP000626,97,63,34
60QP000627,124,92,32
60QP000628,22,7,15
60QP000629,116,83,33
60QP000630,119,79,40
60QP000631,95,84,11
60QP000632,86,78,8
60QP000633,66,49,17
60QP000634,71,52,19
60QP000635,86,61,25
60QP000636,83,67,16
60QP000637,91,65,26
60QP000638,80,66,14
60QP000639,73,60,13
60QP000640,79,46,33
60QP000641,69,52,17
60QP000642,78,57,21
60QP000643,52,27,25
60QP000644,112,86,26
60QP000645,113,95,18
60QP000646,68,45,23
60QP000647,71,53,18
60QP000648,107,69,38
60QP000649,71,39,32
60QP000650,63,34,29
60QP000651,134,87,47
60QP000652,135,82,53
60QP000653,116,62,54
60QP000654,121,80,41
60QP000655,59,33,26
60QP000656,72,41,31
60QP000657,82,46,36
60QP000658,83,56,27
60QP000659,104,66,38
60QP000660,118,77,41
60QP000661,107,78,29
60QP000662,51,42,9
60QP000663,137,118,19
60QP000664,78,46,32
60QP000665,74,61,13
60QP000666,40,27,13
60QP000667,50,36,14
60QP000668,104,73,31
60QP000669,65,44,21
60QP000670,91,60,31
60QP000671,72,38,34
60QP000672,83,59,24
60QP000673,93,59,34
60QP000674,87,58,29
60QP000675,59,40,19
60QP000676,85,63,22
60QP000677,57,33,24
60QP000678,64,52,12
60QP000679,58,42,16
60QP000680,86,57,29
60QP000681,91,72,19
60QP000682,52,27,25
60QP000683,95,70,25
60QP000684,75,43,32
60QP000685,113,74,39
60QP000686,69,50,19
60QP000687,79,65,14
60QP000688,62,38,24
60QP000689,107,76,31
60QP000690,92,72,20
60QP000691,114,91,23
60QP000692,31,15,16
60QP000693,59,37,22
60QP000694,110,83,27
60QP000695,91,61,30
60QP000696,80,52,28
60QP000697,76,58,18
60QP000698,81,43,38
60QP000699,74,62,12
60QP000700,85,50,35
60QP000701,119,80,39
60QP000702,40,23,17
60QP000703,56,35,21
60QP000704,101,71,30
60QP000705,78,52,26
60QP000706,92,72,20
60QP000707,106,88,18
60QP000708,62,48,14
60QP000709,66,51,15
60QP000710,73,50,23
60QP000711,80,62,18
60QP000712,71,57,14
60QP000713,69,56,13
60QP000714,49,36,13
60QP000715,49,40,9
60QP000716,79,61,18
60QP000717,75,55,20
60QP000718,78,62,16
60QP000719,110,89,21
60QP000720,98,74,24
60QP000721,113,93,20
60QP000722,87,76,11
60QP000723,100,83,17
60QP000724,67,54,13
60QP000725,75,56,19
60QP000726,111,77,34
60QP000727,77,60,17
60QP000728,123,90,33
60QP000729,86,59,27
60QP000730,54,41,13
60QP000731,106,94,12
60QP000732,94,66,28
60QP000733,112,76,36
60QP000734,73,55,18
60QP000735,100,77,23
60QP000736,94,67,27
60QP000737,70,36,34
60QP000738,51,36,15
60QP000739,39,20,19
60QP000740,76,47,29
60QP000741,57,34,23
60QP000742,69,55,14
60QP000743,66,44,22
60QP000744,82,59,23
60QP000745,95,61,34
60QP000746,85,62,23
60QP000747,57,47,10
60QP000748,111,84,27
60QP000749,86,68,18
60QP000750,61,48,13
60QP000751,98,76,22
60QP000752,100,78,22
60QP000753,60,40,20
60QP000754,99,71,28
60QP000755,119,93,26
60QP000756,65,49,16
60QP000757,67,36,31
60QP000758,58,45,13
60QP000759,64,55,9
60QP000760,49,33,16
60QP000761,58,28,30
60QP000762,59,50,9
60QP000763,60,36,24
60QP000764,92,61,31
60QP000765,74,37,37
60QP000766,112,46,66
60QP000767,66,28,38
60QP000768,73,56,17
60QP000769,68,42,26
60QP000770,59,43,16
60QP000771,71,44,27
60QP000772,60,44,16
60QP000773,129,94,35
60QP000774,54,43,11
60QP000775,125,91,34
60QP000776,150,113,37
60QP000777,94,72,22
60QP000778,81,64,17
60QP000779,40,14,26
60QP000780,61,47,14
60QP000781,54,34,20
60QP000782,74,64,10
60QP000783,77,57,20
60QP000784,85,60,25
60QP000785,130,96,34
60QP000786,94,59,35
60QP000787,105,84,21
60QP000788,91,65,26
60QP000789,100,80,20
60QP000790,51,34,17
60QP000791,105,76,29
60QP000792,100,73,27
60QP000793,83,66,17
60QP000794,64,51,13
60QP000795,65,45,20
60QP000796,58,27,31
60QP000797,70,31,39
60QP000798,26,4,22
60QP000799,52,47,5
60QP000800,100,74,26
60QP000801,89,69,20
60QP000802,73,55,18
60QP000803,85,36,49
60QP000804,71,29,42
60QP000805,88,42,46
60QP000806,70,60,10
60QP000807,74,34,40
60QP000808,81,59,22
60QP000809,112,75,37
60QP000810,62,54,8
60QP000811,79,54,25
60QP000812,82,57,25
60QP000813,90,74,16
60QP000814,54,48,6
60QP000815,70,64,6
60QP000816,74,42,32
60QP000817,91,62,29
60QP000818,91,61,30
60QP000819,87,38,49
60QP000820,54,37,17
60QP000821,72,49,23
60QP000822,53,29,24
60QP000823,88,35,53
60QP000824,101,77,24
60QP000825,104,85,19
60QP000826,62,45,17
60QP000827,110,91,19
60QP000828,100,68,32
60QP000829,61,47,14
60QP000830,85,59,26
60QP000831,88,65,23
60QP000832,94,61,33
60QP000833,67,46,21
60QP000834,93,57,36
60QP000835,79,47,32
60QP000836,73,52,21
60QP000837,102,81,21
60QP000838,80,55,25
60QP000839,85,62,23
60QP000840,82,64,18
60QP000841,73,49,24
60QP000842,77,54,23
60QP000843,128,98,30
60QP000844,144,117,27
60QP000845,83,59,24
60QP000846,81,33,48
60QP000847,71,64,7
60QP000848,56,42,14
60QP000849,85,63,22
60QP000850,70,43,27
60QP000851,52,45,7
60QP000852,64,52,12
60QP000853,110,94,16
60QP000854,90,67,23
60QP000855,48,23,25
60QP000856,57,43,14
60QP000857,89,61,28
60QP000858,45,37,8
60QP000859,92,59,33
60QP000860,53,22,31
60QP000861,81,61,20
60QP000862,48,40,8
60QP000863,55,43,12
60QP000864,66,45,21
60QP000865,53,39,14
60QP000866,94,59,35
60QP000867,69,54,15
60QP000868,51,45,6
60QP000869,77,42,35
60QP000870,103,71,32
60QP000871,46,31,15
60QP000872,99,78,21
60QP000873,57,48,9
60QP000874,97,72,25
60QP000875,99,77,22
60QP000876,95,67,28
60QP000877,92,71,21
60QP000878,13,1,12
60QP000879,90,63,27
60QP000880,55,47,8
60QP000881,84,48,36
60QP000882,53,22,31
60QP000883,77,62,15
60QP000884,92,75,17
60QP000885,82,59,23
60QP000886,94,81,13
60QP000887,84,76,8
60QP000888,102,77,25
60QP000889,98,75,23
60QP000890,75,32,43
60QP000891,57,43,14
60QP000892,20,1,19
60QP000893,106,51,55
60QP000894,92,53,39
60QP000895,86,76,10
60QP000896,53,41,12
60QP000897,84,61,23
60QP000898,51,38,13
60QP000899,58,41,17
60QP000900,99,68,31
60QP000901,139,108,31
60QP000902,91,81,10
60QP000903,61,55,6
60QP000904,78,59,19
60QP000905,90,43,47
60QP000906,125,95,30
60QP000907,86,67,19
60QP000908,79,59,20
60QP000909,92,78,14
60QP000910,80,59,21
60QP000911,96,79,17
60QP000912,105,88,17
60QP000913,73,46,27
60QP000914,97,70,27
60QP000915,92,68,24
60QP000916,107,85,22
60QP000917,37,23,14
60QP000918,74,56,18
60QP000919,62,40,22
60QP000920,55,36,19
60QP000921,108,83,25
60QP000922,70,32,38
60QP000923,100,56,44
60QP000924,71,52,19
60QP000925,81,63,18
60QP000926,58,46,12
60QP000927,51,36,15
60QP000928,84,62,22
60QP000929,66,52,14
60QP000930,63,53,10
60QP000931,125,98,27
60QP000932,107,82,25
60QP000933,122,93,29
60QP000934,81,60,21
60QP000935,64,54,10
60QP000936,56,37,19
60QP000937,147,102,45
60QP000938,126,95,31
60QP000939,105,89,16
60QP000940,96,65,31
60QP000941,70,44,26
60QP000942,134,87,47
60QP000943,115,72,43
60QP000944,117,82,35
60QP000945,103,74,29
60QP000946,63,35,28
60QP000947,70,55,15
60QP000948,54,49,5
60QP000949,80,57,23
60QP000950,79,72,7
60QP000951,71,47,24
60QP000952,70,65,5
60QP000953,115,87,28
60QP000954,103,68,35
60QP000955,87,69,18
60QP000956,84,51,33
60QP000957,65,47,18
60QP000958,61,36,25
60QP000959,121,91,30
60QP000960,97,72,25
60QP000961,53,46,7
60QP000962,50,34,16
60QP000963,81,72,9
60QP000964,133,115,18
60QP000965,56,31,25
60QP000966,62,36,26
60QP000967,66,36,30
60QP000968,107,96,11
60QP000969,73,43,30
60QP000970,51,35,16
60QP000971,70,47,23
60QP000972,83,65,18
60QP000973,95,76,19
60QP000974,65,44,21
60QP000975,86,64,22
60QP000976,89,69,20
60QP000977,57,42,15
60QP000978,97,78,19
60QP000979,93,65,28
60QP000980,56,42,14
60QP000981,88,60,28
60QP000982,58,47,11
60QP000983,71,62,9
60QP000984,78,59,19
60QP000985,132,95,37
60QP000986,91,79,12
60QP000987,79,67,12
60QP000988,96,67,29
60QP000989,75,59,16
60QP000990,68,62,6
60QP000991,88,73,15
60QP000992,72,61,11
60QP000993,63,60,3
60QP000994,109,72,37
60QP000995,54,38,16
60QP000996,79,66,13
60QP000997,93,56,37
60QP000998,81,62,19
60QP000999,65,49,16
60QP001000,66,55,11
60QP001001,51,15,36
60QP001002,96,61,35
60QP001003,73,45,28
60QP001004,78,51,27
60QP001005,93,74,19
60QP001006,66,55,11
60QP001007,85,69,16
60QP001008,71,57,14
60QP001009,114,95,19
60QP001010,108,73,35
60QP001011,64,45,19
60QP001012,82,70,12
60QP001013,45,32,13
60QP001014,42,35,7
60QP001015,90,74,16
60QP001016,72,59,13
60QP001017,66,51,15
60QP001018,83,67,16
60QP001019,80,64,16
60QP001020,75,58,17
60QP001021,160,123,37
60QP001022,83,70,13
60QP001023,51,29,22
60QP001024,100,78,22
60QP001025,49,43,6
60QP001026,48,44,4
60QP001027,51,43,8
60QP001028,61,38,23
60QP001029,58,36,22
60QP001030,91,71,20
60QP001031,55,45,10
60QP001032,99,72,27
60QP001033,55,45,10
60QP001034,89,65,24
60QP001035,100,87,13
60QP001036,87,70,17
60QP001037,49,41,8
60QP001038,72,61,11
60QP001039,74,61,13
60QP001040,48,38,10
60QP001041,130,105,25
60QP001042,92,69,23
60QP001043,55,49,6
60QP001044,58,50,8
60QP001045,99,76,23
60QP001046,65,44,21
60QP001047,81,66,15
60QP001048,62,30,32
60QP001049,52,39,13
60QP001050,57,42,15
60QP001051,113,66,47
60QP001052,59,42,17
60QP001053,100,84,16
60QP001054,80,72,8
60QP001055,42,18,24
60QP001056,95,62,33
60QP001057,73,33,40
60QP001058,56,27,29
60QP001059,41,14,27
60QP001060,93,40,53
60QP001061,57,28,29
60QP001062,107,45,62
60QP001063,95,51,44
60QP001064,100,53,47
60QP001065,85,49,36
60QP001066,83,52,31
60QP001067,91,60,31
60QP001068,67,47,20
60QP001069,84,63,21
60QP001070,48,19,29
60QP001071,94,73,21
60QP001072,65,53,12
60QP001073,90,73,17
60QP001074,104,64,40
60QP001075,97,59,38
60QP001076,87,42,45
60QP001077,94,56,38
60QP001078,83,45,38
60QP001079,60,36,24
60QP001080,66,33,33
60QP001081,92,44,48
60QP001082,143,96,47
60QP001083,87,48,39
60QP001084,105,54,51
60QP001085,69,37,32
60QP001086,68,27,41
60QP001087,76,36,40
60QP001088,68,38,30
60QP001089,80,55,25
60QP001090,63,31,32
60QP001091,93,58,35
60QP001092,135,90,45
60QP001093,101,70,31
60QP001094,90,62,28
60QP001095,102,68,34
60QP001096,88,54,34
60QP001097,89,63,26
60QP001098,87,59,28
60QP001099,77,47,30
60QP001100,80,46,34
60QP001101,88,59,29
60QP001102,83,50,33
60QP001103,88,63,25
60QP001104,103,58,45
60QP001105,105,65,40
60QP001106,103,60,43
60QP001107,76,55,21
60QP001108,27,6,21
60QP001109,87,50,37
60QP001110,96,54,42
60QP001111,43,17,26
60QP001112,48,17,31
60QP001113,122,59,63
60QP001114,54,24,30
60QP001115,49,20,29
60QP001116,69,30,39
60QP001117,58,23,35
60QP001118,56,26,30
60QP001119,80,37,43
60QP001120,70,35,35
60QP001121,63,29,34
60QP001122,99,52,47
60QP001123,71,31,40
60QP001124,97,50,47
60QP001125,71,44,27
60QP001126,83,42,41
60QP001127,57,33,24
60QP001128,85,56,29
60QP001129,90,59,31
60QP001130,91,66,25
60QP001131,95,62,33
60QP001132,90,48,42
60QP001133,80,47,33
60QP001134,81,42,39
60QP001135,69,43,26
60QP001136,36,2,34
60QP001137,61,38,23
60QP001138,63,35,28
60QP001139,67,45,22
60QP001140,76,54,22
60QP001141,73,45,28
60QP001142,68,32,36
60QP001143,61,41,20
60QP001144,144,99,45
60QP001145,87,70,17
60QP001146,90,64,26
60QP001147,70,51,19
60QP001148,91,51,40
60QP001149,85,63,22
60QP001150,90,63,27
60QP001151,91,58,33
60QP001152,84,62,22
60QP001153,78,46,32
60QP001154,94,61,33
60QP001155,77,48,29
60QP001156,102,76,26
60QP001157,112,92,20
60QP001158,112,90,22
60QP001159,61,50,11
60QP001160,115,100,15
60QP001161,60,56,4
60QP001162,110,92,18
60QP001163,76,64,12
60QP001164,122,92,30
60QP001165,98,70,28
60QP001166,135,104,31
60QP001167,117,85,32
60QP001168,58,48,10
60QP001169,67,49,18
60QP001170,90,74,16
60QP001171,70,48,22
60QP001172,65,52,13
60QP001173,52,27,25
60QP001174,80,42,38
60QP001175,69,32,37
60QP001176,85,39,46
60QP001177,63,28,35
60QP001178,60,41,19
60QP001179,49,37,12
60QP001180,77,58,19
60QP001181,70,53,17
60QP001182,80,53,27
60QP001183,148,98,50
60QP001184,101,73,28
60QP001185,118,73,45
60QP001186,151,103,48
60QP001187,131,96,35
60QP001188,137,110,27
60QP001189,88,64,24
60QP001190,91,68,23
60QP001191,63,44,19
60QP001192,93,71,22
60QP001193,110,84,26
60QP001194,39,23,16
60QP001195,66,40,26
60QP001196,126,87,39
60QP001197,73,54,19
60QP001198,64,38,26
60QP001199,85,49,36
60QP001200,60,30,30
60QP001201,45,29,16
60QP001202,51,35,16
60QP001203,66,51,15
60QP001204,99,69,30
60QP001205,102,77,25
60QP001206,77,52,25
60QP001207,107,64,43
60QP001208,72,45,27
60QP001209,59,24,35
60QP001210,81,47,34
60QP001211,76,43,33
60QP001212,51,31,20
60QP001213,84,60,24
60QP001214,67,32,35
60QP001215,106,60,46
60QP001216,50,21,29
60QP001217,85,45,40
60QP001218,65,34,31
60QP001219,58,30,28
60QP001220,90,59,31
60QP001221,49,27,22
60QP001222,76,45,31
60QP001223,50,27,23
60QP001224,70,62,8
60QP001225,47,39,8
60QP001226,87,63,24
60QP001227,89,69,20
60QP001228,83,66,17
60QP001229,46,33,13
60QP001230,49,46,3
60QP001231,92,74,18
60QP001232,111,82,29
60QP001233,101,87,14
60QP001234,106,64,42
60QP001235,122,92,30
60QP001236,118,60,58
60QP001237,93,57,36
60QP001238,160,113,47
60QP001239,166,84,82
60QP001240,84,59,25
60QP001241,124,82,42
60QP001242,179,96,83
60QP001243,104,69,35
60QP001244,61,40,21
60QP001245,169,110,59
60QP001246,141,106,35
60QP001247,131,84,47
60QP001248,91,72,19
60QP001249,102,65,37
60QP001250,134,94,40
60QP001251,101,49,52
60QP001252,130,69,61
60QP001253,122,74,48
60QP001254,91,55,36
60QP001255,73,46,27
60QP001256,80,42,38
60QP001257,94,74,20
60QP001258,136,79,57
60QP001259,95,54,41
60QP001260,35,16,19
60QP001261,90,62,28
60QP001262,60,41,19
60QP001263,81,39,42
60QP001264,75,42,33
60QP001265,95,53,42
60QP001266,74,37,37
60QP001267,71,48,23
60QP001268,58,37,21
60QP001269,75,36,39
60QP001270,170,56,114
60QP001271,62,28,34
60QP001272,68,29,39
60QP001273,82,27,55
60QP001274,68,46,22
60QP001275,77,58,19
60QP001276,79,52,27
60QP001277,100,62,38
60QP001278,94,59,35
60QP001279,140,43,97
60QP001280,172,92,80
60QP001281,158,76,82
60QP001282,204,132,72
60QP001283,156,49,107
60QP001284,169,99,70
60QP001285,148,95,53
60QP001286,158,94,64
60QP001287,134,60,74
60QP001288,82,39,43
60QP001289,173,97,76
60QP001290,177,116,61
60QP001291,126,71,55
60QP001292,120,81,39
60QP001293,108,52,56
60QP001294,144,70,74
60QP001295,133,81,52
60QP001296,205,104,101
60QP001297,156,93,63
60QP001298,118,65,53
60QP001299,192,121,71
60QP001300,148,92,56
60QP001301,197,126,71
60QP001302,133,80,53
60QP001303,234,132,102
60QP001304,132,69,63
60QP001305,106,70,36
60QP001306,170,99,71
60QP001307,95,67,28
60QP001308,105,73,32
60QP001309,19,10,9
60QP001310,95,51,44
60QP001311,155,74,81
60QP001312,123,60,63
60QP001313,75,47,28
60QP001314,127,69,58
60QP001315,108,70,38
60QP001316,114,71,43
60QP001317,93,58,35
60QP001318,129,85,44
60QP001319,64,40,24
60QP001320,90,56,34
60QP001321,83,39,44
60QP001322,121,63,58
60QP001323,91,67,24
60QP001324,83,52,31
60QP001325,93,68,25
60QP001326,123,85,38
60QP001327,115,85,30
60QP001328,105,74,31
60QP001329,66,32,34
60QP001330,101,60,41
60QP001331,142,104,38
60QP001332,115,77,38
60QP001333,76,51,25
60QP001334,144,75,69
60QP001335,123,56,67
60QP001336,206,83,123
60QP001337,79,46,33
60QP001338,194,101,93
60QP001339,103,73,30
60QP001340,73,49,24
60QP001341,117,102,15
60QP001342,117,71,46
60QP001343,94,69,25
60QP001344,88,62,26
60QP001345,101,62,39
60QP001346,61,50,11
60QP001347,79,62,17
60QP001348,79,71,8
60QP001349,99,70,29
60QP001350,84,59,25
60QP001351,95,58,37
60QP001352,88,38,50
60QP001353,74,51,23
60QP001354,63,45,18
60QP001355,45,37,8
60QP001356,115,80,35
60QP001357,145,102,43
60QP001358,91,43,48
60QP001359,33,15,18
60QP001360,36,19,17
60QP001361,46,35,11
60QP001362,34,20,14
60QP001363,88,65,23
60QP001364,60,32,28
60QP001365,161,90,71
60QP001366,169,103,66
60QP001367,20,3,17
60QP001368,96,57,39
60QP001369,123,77,46
60QP001370,91,51,40
60QP001371,66,37,29
60QP001372,93,68,25
60QP001373,39,18,21
60QP001374,97,66,31
60QP001375,98,63,35
60QP001376,96,73,23
60QP001377,122,67,55
60QP001378,63,34,29
60QP001379,63,46,17
60QP001380,108,67,41
60QP001381,96,67,29
60QP001382,86,56,30
60QP001383,68,48,20
60QP001384,127,90,37
60QP001385,115,86,29
60QP001386,170,100,70
60QP001387,83,62,21
60QP001388,94,74,20
60QP001389,92,65,27
60QP001390,108,74,34
60QP001391,97,66,31
60QP001392,137,111,26
60QP001393,70,53,17
60QP001394,88,57,31
60QP001395,111,76,35
60QP001396,115,81,34
60QP001397,87,60,27
60QP001398,93,56,37
60QP001399,93,57,36
60QP001400,57,45,12
60QP001401,88,71,17
60QP001402,93,52,41
60QP001403,75,48,27
60QP001404,101,75,26
60QP001405,89,65,24
60QP001406,77,64,13
60QP001407,110,71,39
60QP001408,105,65,40
60QP001409,81,60,21
60QP001410,48,31,17
60QP001411,54,38,16
60QP001412,67,40,27
60QP001413,30,17,13
60QP001414,43,20,23
60QP001415,64,34,30
60QP001416,202,67,135
60QP001417,114,82,32
60QP001418,75,54,21
60QP001419,170,120,50
60QP001420,102,74,28
60QP001421,98,71,27
60QP001422,87,65,22
60QP001423,136,106,30
60QP001424,91,65,26
60QP001425,82,69,13
60QP001426,111,90,21
60QP001427,74,58,16
60QP001428,106,76,30
60QP001429,70,56,14
60QP001430,74,60,14
60QP001431,61,53,8
60QP001432,51,40,11
60QP001433,106,93,13
60QP001434,82,69,13
60QP001435,136,103,33
60QP001436,94,70,24
60QP001437,43,18,25
60QP001438,143,90,53
60QP001439,110,79,31
60QP001440,89,51,38
60QP001441,51,34,17
60QP001442,90,71,19
60QP001443,75,62,13
60QP001444,42,24,18
60QP001445,80,31,49
60QP001446,61,38,23
60QP001447,64,47,17
60QP001448,118,91,27
60QP001449,123,105,18
60QP001450,44,35,9
60QP001451,60,49,11
60QP001452,174,122,52
60QP001453,115,81,34
60QP001454,171,121,50
60QP001455,179,124,55
60QP001456,107,74,33
60QP001457,88,68,20
60QP001458,101,72,29
60QP001459,75,42,33
60QP001460,127,93,34
60QP001461,115,87,28
60QP001462,134,109,25
60QP001463,83,59,24
60QP001464,67,52,15
60QP001465,200,101,99
60QP001466,147,118,29
60QP001467,26,5,21
60QP001468,74,44,30
60QP001469,136,112,24
60QP001470,131,94,37
60QP001471,136,95,41
60QP001472,82,72,10
60QP001473,92,77,15
60QP001474,70,48,22
60QP001475,62,51,11
60QP001476,74,63,11
60QP001477,166,122,44
60QP001478,117,90,27
60QP001479,99,71,28
60QP001480,180,138,42
60QP001481,112,80,32
60QP001482,101,79,22
60QP001483,107,91,16
60QP001484,94,76,18
60QP001485,132,103,29
60QP001486,133,92,41
60QP001487,100,70,30
60QP001488,109,77,32
60QP001489,45,32,13
60QP001490,57,42,15
60QP001491,95,69,26
60QP001492,97,66,31
60QP001493,89,62,27
60QP001494,71,40,31
60QP001495,93,61,32
60QP001496,34,23,11
60QP001497,111,78,33
60QP001498,77,61,16
60QP001499,124,101,23
60QP001500,120,86,34
60QP001501,95,60,35
60QP001502,94,66,28
60QP001503,83,57,26
60QP001504,78,57,21
60QP001505,91,72,19
60QP001506,88,65,23
60QP001507,115,91,24
60QP001508,94,73,21
60QP001509,58,41,17
60QP001510,72,56,16
60QP001511,100,72,28
60QP001512,98,62,36
60QP001513,90,72,18
60QP001514,96,67,29
60QP001515,76,57,19
60QP001516,76,63,13
60QP001517,73,54,19
60QP001518,74,65,9
60QP001519,74,55,19
60QP001520,59,48,11
60QP001521,72,60,12
60QP001522,73,52,21
60QP001523,46,31,15
60QP001524,84,62,22
60QP001525,58,39,19
60QP001526,97,67,30
60QP001527,82,65,17
60QP001528,67,55,12
60QP001529,71,54,17
60QP001530,66,39,27
60QP001531,93,73,20
60QP001532,97,80,17
60QP001533,94,62,32
60QP001534,109,68,41
60QP001535,64,46,18
60QP001536,51,25,26
60QP001537,68,47,21
60QP001538,87,52,35
60QP001539,128,84,44
60QP001540,102,54,48
60QP001541,32,12,20
60QP001542,43,26,17
60QP001543,95,46,49
60QP001544,130,91,39
60QP001545,136,102,34
60QP001546,82,52,30
60QP001547,94,70,24
60QP001548,79,56,23
60QP001549,108,80,28
60QP001550,133,99,34
60QP001551,89,61,28
60QP001552,90,49,41
60QP001553,84,57,27
60QP001554,67,46,21
60QP001555,84,48,36
60QP001556,64,46,18
60QP001557,82,61,21
60QP001558,84,61,23
60QP001559,74,49,25
60QP001560,101,65,36
60QP001561,72,39,33
60QP001562,68,46,22
60QP001563,94,84,10
60QP001564,105,86,19
60QP001565,89,78,11
60QP001566,125,111,14
60QP001567,125,104,21
60QP001568,104,85,19
60QP001569,81,70,11
60QP001570,144,113,31
60QP001571,105,87,18
60QP001572,101,77,24
60QP001573,105,91,14
60QP001574,85,61,24
60QP001575,97,65,32
60QP001576,89,74,15
60QP001577,105,78,27
60QP001578,102,67,35
60QP001579,112,69,43
60QP001580,118,84,34
60QP001581,75,54,21
60QP001582,96,68,28
60QP001583,78,52,26
60QP001584,90,68,22
60QP001585,92,53,39
60QP001586,97,59,38
60QP001587,95,58,37
60QP001588,94,57,37
60QP001589,85,52,33
60QP001590,108,81,27
60QP001591,69,50,19
60QP001592,85,48,37
60QP001593,84,65,19
60QP001594,101,76,25
60QP001595,89,48,41
60QP001596,82,59,23
60QP001597,131,106,25
60QP001598,88,60,28
60QP001599,138,81,57
60QP001600,87,73,14
60QP001601,72,49,23
60QP001602,113,76,37
60QP001603,79,47,32
60QP001604,48,23,25
60QP001605,90,65,25
60QP001606,101,63,38
60QP001607,120,86,34
60QP001608,96,63,33
60QP001609,71,44,27
60QP001610,141,110,31
60QP001611,101,79,22
60QP001612,89,68,21
60QP001613,59,50,9
60QP001614,108,83,25
60QP001615,130,99,31
60QP001616,107,92,15
60QP001617,162,108,54
60QP001618,103,83,20
60QP001619,106,78,28
60QP001620,89,61,28
60QP001621,90,59,31
60QP001622,90,46,44
60QP001623,96,49,47
60QP001624,94,51,43
60QP001625,74,49,25
60QP001626,74,42,32
60QP001627,59,29,30
60QP001628,77,46,31
60QP001629,114,84,30
60QP001630,118,88,30
60QP001631,83,54,29
60QP001632,94,75,19
60QP001633,74,46,28
60QP001634,64,47,17
60QP001635,78,60,18
60QP001636,39,28,11
60QP001637,58,35,23
60QP001638,80,69,11
60QP001639,65,51,14
60QP001640,75,56,19
60QP001641,116,95,21
60QP001642,67,58,9
60QP001643,119,94,25
60QP001644,131,101,30
60QP001645,98,84,14
60QP001646,58,43,15
60QP001647,75,63,12
60QP001648,131,95,36
60QP001649,91,79,12
60QP001650,127,102,25
60QP001651,100,86,14
60QP001652,91,83,8
60QP001653,90,77,13
60QP001654,113,96,17
60QP001655,54,47,7
60QP001656,98,85,13
60QP001657,52,43,9
60QP001658,63,55,8
60QP001659,136,115,21
60QP001660,77,63,14
60QP001661,76,62,14
60QP001662,57,52,5
60QP001663,56,48,8
60QP001664,57,45,12
60QP001665,54,52,2
60QP001666,70,59,11
60QP001667,101,85,16
60QP001668,69,65,4
60QP001669,80,71,9
60QP001670,89,57,32
60QP001671,96,81,15
60QP001672,85,74,11
60QP001673,81,62,19
60QP001674,131,113,18
60QP001675,66,55,11
60QP001676,109,96,13
60QP001677,81,61,20
60QP001678,153,114,39
60QP001679,66,51,15
60QP001680,90,73,17
60QP001681,75,60,15
60QP001682,56,38,18
60QP001683,48,38,10
60QP001684,66,49,17
60QP001685,70,64,6
60QP001686,56,45,11
60QP001687,113,96,17
60QP001688,87,73,14
60QP001689,92,67,25
60QP001690,106,92,14
60QP001691,123,100,23
60QP001692,64,56,8
60QP001693,111,90,21
60QP001694,108,84,24
60QP001695,93,75,18
60QP001696,84,64,20
60QP001697,144,118,26
60QP001698,124,75,49
60QP001699,147,112,35
60QP001700,72,44,28
60QP001701,102,73,29
60QP001702,113,82,31
60QP001703,110,91,19
60QP001704,109,93,16
60QP001705,66,53,13
60QP001706,57,47,10
60QP001707,84,62,22
60QP001708,98,76,22
60QP001709,71,49,22
60QP001710,49,25,24
60QP001711,62,39,23
60QP001712,107,84,23
60QP001713,70,49,21
60QP001714,86,73,13
60QP001715,94,65,29
60QP001716,94,56,38
60QP001717,67,57,10
60QP001718,80,65,15
60QP001719,61,35,26
60QP001720,96,73,23
60QP001721,66,43,23
60QP001722,44,30,14
60QP001723,110,64,46
60QP001724,62,58,4
60QP001725,62,52,10
60QP001726,53,48,5
60QP001727,55,46,9
60QP001728,64,52,12
60QP001729,49,36,13
60QP001730,99,75,24
60QP001731,59,43,16
60QP001732,46,34,12
60QP001733,59,42,17
60QP001734,51,42,9
60QP001735,61,52,9
60QP001736,112,94,18
60QP001737,75,60,15
60QP001738,55,47,8
60QP001739,66,54,12
60QP001740,48,35,13
60QP001741,87,69,18
60QP001742,64,53,11
60QP001743,64,54,10
60QP001744,72,49,23
60QP001745,87,62,25
60QP001746,80,63,17
60QP001747,48,36,12
60QP001748,93,77,16
60QP001749,85,63,22
60QP001750,106,80,26
60QP001751,58,51,7
60QP001752,42,31,11
60QP001753,49,42,7
60QP001754,86,69,17
60QP001755,117,86,31
60QP001756,83,62,21
60QP001757,110,88,22
60QP001758,104,83,21
60QP001759,116,90,26
60QP001760,61,47,14
60QP001761,111,78,33
60QP001762,121,96,25
60QP001763,92,64,28
60QP001764,85,62,23
60QP001765,114,92,22
60QP001766,93,67,26
60QP001767,74,55,19
60QP001768,119,95,24
60QP001769,52,27,25
60QP001770,83,67,16
60QP001771,133,92,41
60QP001772,70,58,12
60QP001773,70,52,18
60QP001774,76,56,20
60QP001775,107,80,27
60QP001776,112,88,24
60QP001777,101,64,37
60QP001778,59,49,10
60QP001779,88,48,40
60QP001780,86,58,28
60QP001781,94,56,38
60QP001782,74,39,35
60QP001783,83,29,54
60QP001784,109,64,45
60QP001785,106,77,29
60QP001786,74,37,37
60QP001787,78,42,36
60QP001788,61,32,29
60QP001789,101,42,59
60QP001790,82,52,30
60QP001791,107,65,42
60QP001792,62,28,34
60QP001793,74,47,27
60QP001794,98,54,44
60QP001795,77,41,36
60QP001796,71,46,25
60QP001797,63,38,25
60QP001798,66,34,32
60QP001799,85,51,34
60QP001800,85,43,42
60QP001801,108,73,35
60QP001802,113,77,36
60QP001803,97,50,47
60QP001804,81,47,34
60QP001805,99,54,45
60QP001806,94,67,27
60QP001807,91,53,38
60QP001808,92,57,35
60QP001809,68,40,28
60QP001810,62,38,24
60QP001811,55,26,29
60QP001812,60,33,27
60QP001813,100,56,44
60QP001814,83,41,42
60QP001815,63,23,40
60QP001816,53,29,24
60QP001817,76,42,34
60QP001818,51,30,21
60QP001819,67,43,24
60QP001820,63,38,25
60QP001821,69,41,28
60QP001822,89,48,41
60QP001823,60,35,25
60QP001824,89,43,46
60QP001825,47,19,28
60QP001826,63,42,21
60QP001827,423,109,314
60QP001828,96,70,26
60QP001829,74,40,34
60QP001830,86,45,41
60QP001831,53,27,26
60QP001832,66,46,20
60QP001833,63,36,27
60QP001834,76,36,40
60QP001835,56,33,23
60QP001836,47,27,20
60QP001837,89,52,37
60QP001838,60,42,18
60QP001839,63,30,33
60QP001840,53,26,27
60QP001841,85,42,43
60QP001842,52,31,21
60QP001843,55,23,32
60QP001844,86,49,37
60QP001845,60,33,27
60QP001846,71,40,31
60QP001847,116,64,52
60QP001848,88,52,36
60QP001849,123,91,32
60QP001850,90,61,29
60QP001851,109,72,37
60QP001852,77,49,28
60QP001853,111,77,34
60QP001854,134,84,50
60QP001855,88,49,39
60QP001856,59,36,23
60QP001857,97,46,51
60QP001858,51,35,16
60QP001859,70,37,33
60QP001860,82,60,22
60QP001861,64,36,28
60QP001862,64,33,31
60QP001863,74,35,39
60QP001864,39,22,17
60QP001865,103,73,30
60QP001866,73,53,20
60QP001867,155,115,40
60QP001868,103,84,19
60QP001869,52,38,14
60QP001870,83,61,22
60QP001871,88,58,30
60QP001872,87,70,17
60QP001873,87,67,20
60QP001874,110,90,20
60QP001875,110,92,18
60QP001876,102,69,33
60QP001877,95,71,24
60QP001878,103,58,45
60QP001879,115,65,50
60QP001880,96,70,26
60QP001881,86,58,28
60QP001882,75,65,10
60QP001883,86,72,14
60QP001884,88,64,24
60QP001885,93,68,25
60QP001886,72,46,26
60QP001887,85,60,25
60QP001888,79,67,12
60QP001889,83,68,15
60QP001890,78,60,18
60QP001891,95,75,20
60QP001892,67,41,26
60QP001893,127,87,40
60QP001894,124,91,33
60QP001895,129,102,27
60QP001896,38,17,21
60QP001897,106,70,36
60QP001898,55,27,28
60QP001899,62,44,18
60QP001900,66,58,8
60QP001901,78,56,22
60QP001902,81,60,21
60QP001903,69,50,19
60QP001904,45,25,20
60QP001905,88,55,33
60QP001906,66,57,9
60QP001907,55,42,13
60QP001908,55,38,17
60QP001909,55,32,23
60QP001910,98,80,18
60QP001911,69,51,18
60QP001912,58,23,35
60QP001913,44,26,18
60QP001914,51,20,31
60QP001915,111,73,38
60QP001916,75,47,28
60QP001917,72,38,34
60QP001918,78,53,25
60QP001919,118,76,42
60QP001920,110,65,45
60QP001921,98,69,29
60QP001922,39,29,10
60QP001923,80,70,10
60QP001924,121,99,22
60QP001925,111,100,11
60QP001926,84,76,8
60QP001927,57,22,35
60QP001928,71,46,25
60QP001929,82,58,24
60QP001930,53,43,10
60QP001931,59,42,17
60QP001932,69,49,20
60QP001933,129,106,23
60QP001934,81,61,20
60QP001935,99,83,16
60QP001936,69,53,16
60QP001937,100,77,23
60QP001938,85,62,23
60QP001939,77,61,16
60QP001940,72,59,13
60QP001941,77,61,16
60QP001942,85,56,29
60QP001943,59,52,7
60QP001944,119,100,19
60QP001945,126,86,40
60QP001946,83,61,22
60QP001947,76,53,23
60QP001948,96,78,18
60QP001949,96,66,30
60QP001950,93,62,31
60QP001951,72,45,27
60QP001952,150,105,45
60QP001953,117,80,37
60QP001954,116,80,36
60QP001955,143,120,23
60QP001956,116,79,37
60QP001957,101,71,30
60QP001958,71,39,32
60QP001959,97,64,33
60QP001960,112,60,52
60QP001961,93,61,32
60QP001962,73,58,15
60QP001963,44,24,20
60QP001964,99,74,25
60QP001965,97,57,40
60QP001966,75,45,30
60QP001967,155,114,41
60QP001968,134,91,43
60QP001969,48,17,31
60QP001970,67,41,26
60QP001971,72,43,29
60QP001972,66,42,24
60QP001973,94,56,38
60QP001974,76,49,27
60QP001975,113,77,36
60QP001976,112,90,22
60QP001977,60,48,12
60QP001978,117,94,23
60QP001979,78,51,27
60QP001980,96,81,15
60QP001981,76,45,31
60QP001982,72,66,6
60QP001983,111,88,23
60QP001984,129,101,28
60QP001985,100,70,30
60QP001986,65,49,16
60QP001987,52,36,16
60QP001988,95,68,27
60QP001989,74,61,13
60QP001990,65,51,14
60QP001991,108,90,18
60QP001992,122,91,31
60QP001993,90,66,24
60QP001994,70,52,18
60QP001995,110,65,45
60QP001996,74,41,33
60QP001997,75,50,25
60QP001998,85,48,37
60QP001999,101,78,23
60QP002000,71,47,24
60QP002001,136,91,45
60QP002002,73,48,25
60QP002003,77,55,22
60QP002004,51,29,22
60QP002005,80,52,28
60QP002006,48,33,15
60QP002007,89,69,20
60QP002008,73,45,28
60QP002009,66,45,21
60QP002010,111,73,38
60QP002011,114,80,34
60QP002012,71,41,30
60QP002013,76,50,26
60QP002014,77,54,23
60QP002015,95,62,33
60QP002016,36,18,18
60QP002017,38,21,17
60QP002018,59,51,8
60QP002019,136,76,60
60QP002020,115,86,29
60QP002021,84,52,32
60QP002022,103,64,39
60QP002023,90,52,38
60QP002024,55,29,26
60QP002025,126,85,41
60QP002026,130,86,44
60QP002027,77,51,26
60QP002028,144,108,36
60QP002029,97,73,24
60QP002030,91,57,34
60QP002031,85,63,22
60QP002032,100,71,29
60QP002033,90,40,50
60QP002034,18,2,16
60QP002035,110,90,20
60QP002036,77,69,8
60QP002037,92,73,19
60QP002038,68,54,14
60QP002039,116,91,25
60QP002040,99,88,11
60QP002041,100,81,19
60QP002042,90,68,22
60QP002043,76,61,15
60QP002044,85,69,16
60QP002045,85,56,29
60QP002046,109,97,12
60QP002047,59,40,19
60QP002048,86,65,21
60QP002049,90,68,22
60QP002050,105,80,25
60QP002051,88,63,25
60QP002052,58,45,13
60QP002053,78,47,31
60QP002054,53,34,19
60QP002055,86,65,21
60QP002056,100,67,33
60QP002057,85,53,32
60QP002058,72,47,25
60QP002059,88,70,18
60QP002060,67,46,21
60QP002061,95,65,30
60QP002062,110,75,35
60QP002063,94,56,38
60QP002064,73,49,24
60QP002065,126,92,34
60QP002066,80,53,27
60QP002067,76,55,21
60QP002068,126,75,51
60QP002069,89,43,46
60QP002070,101,66,35
60QP002071,96,59,37
60QP002072,85,50,35
60QP002073,66,40,26
60QP002074,85,66,19
60QP002075,84,55,29
60QP002076,126,89,37
60QP002077,161,126,35
60QP002078,84,65,19
60QP002079,84,71,13
60QP002080,95,72,23
60QP002081,85,68,17
60QP002082,117,93,24
60QP002083,72,63,9
60QP002084,160,136,24
60QP002085,137,113,24
60QP002086,119,70,49
60QP002087,97,63,34
60QP002088,96,75,21
60QP002089,80,68,12
60QP002090,159,102,57
60QP002091,95,57,38
60QP002092,91,69,22
60QP002093,125,107,18
60QP002094,159,117,42
60QP002095,133,109,24
60QP002096,79,50,29
60QP002097,80,38,42
60QP002098,79,45,34
60QP002099,76,39,37
60QP002100,128,78,50
60QP002101,88,51,37
60QP002102,70,39,31
60QP002103,57,25,32
60QP002104,67,50,17
60QP002105,88,52,36
60QP002106,96,66,30
60QP002107,84,44,40
60QP002108,72,36,36
60QP002109,90,66,24
60QP002110,80,47,33
60QP002111,80,50,30
60QP002112,89,66,23
60QP002113,62,50,12
60QP002114,71,44,27
60QP002115,75,55,20
60QP002116,99,74,25
60QP002117,92,67,25
60QP002118,99,74,25
60QP002119,89,59,30
60QP002120,71,51,20
60QP002121,98,54,44
60QP002122,89,61,28
60QP002123,69,47,22
60QP002124,136,78,58
60QP002125,115,73,42
60QP002126,104,76,28
60QP002127,361,162,199
60QP002128,113,78,35
60QP002129,94,71,23
60QP002130,103,62,41
60QP002131,80,66,14
60QP002132,58,52,6
60QP002133,59,45,14
60QP002134,79,43,36
60QP002135,55,48,7
60QP002136,103,90,13
60QP002137,138,117,21
60QP002138,86,79,7
60QP002139,70,60,10
60QP002140,116,100,16
60QP002141,103,92,11
60QP002142,66,59,7
60QP002143,74,67,7
60QP002144,87,69,18
60QP002145,77,59,18
60QP002146,66,55,11
60QP002147,87,82,5
60QP002148,69,63,6
60QP002149,76,62,14
60QP002150,69,54,15
60QP002151,105,93,12
60QP002152,106,90,16
60QP002153,94,74,20
60QP002154,46,36,10
60QP002155,53,46,7
60QP002156,92,71,21
60QP002157,111,76,35
60QP002158,75,33,42
60QP002159,86,51,35
60QP002160,84,59,25
60QP002161,71,43,28
60QP002162,89,55,34
60QP002163,78,56,22
60QP002164,84,57,27
60QP002165,99,67,32
60QP002166,81,45,36
60QP002167,123,67,56
60QP002168,69,37,32
60QP002169,111,72,39
60QP002170,105,54,51
60QP002171,118,71,47
60QP002172,103,69,34
60QP002173,71,39,32
60QP002174,85,41,44
60QP002175,66,42,24
60QP002176,81,47,34
60QP002177,64,37,27
60QP002178,39,21,18
60QP002179,43,26,17
60QP002180,30,11,19
60QP002181,63,42,21
60QP002182,66,41,25
60QP002183,50,35,15
60QP002184,59,31,28
60QP002185,84,50,34
60QP002186,92,52,40
60QP002187,102,56,46
60QP002188,49,25,24
60QP002189,56,21,35
60QP002190,58,29,29
60QP002191,108,89,19
60QP002192,62,50,12
60QP002193,59,39,20
60QP002194,72,57,15
60QP002195,82,59,23
60QP002196,85,60,25
60QP002197,83,60,23
60QP002198,91,73,18
60QP002199,82,65,17
60QP002200,94,74,20
60QP002201,77,54,23
60QP002202,62,51,11
60QP002203,57,36,21
60QP002204,99,79,20
60QP002205,124,85,39
60QP002206,77,42,35
60QP002207,78,41,37
60QP002208,54,26,28
60QP002209,83,63,20
60QP002210,54,38,16
60QP002211,65,38,27
60QP002212,100,59,41
60QP002213,70,43,27
60QP002214,101,66,35
60QP002215,87,63,24
60QP002216,154,128,26
60QP002217,89,68,21
60QP002218,109,61,48
60QP002219,87,58,29
60QP002220,80,42,38
60QP002221,152,98,54
60QP002222,98,80,18
60QP002223,65,51,14
60QP002224,74,46,28
60QP002225,112,83,29
60QP002226,92,58,34
60QP002227,261,97,164
60QP002228,62,44,18
60QP002229,107,81,26
60QP002230,44,23,21
60QP002231,104,74,30
60QP002232,78,56,22
60QP002233,98,73,25
60QP002234,77,48,29
60QP002235,67,35,32
60QP002236,93,66,27
60QP002237,109,76,33
60QP002238,113,72,41
60QP002239,119,81,38
60QP002240,74,50,24
60QP002241,124,68,56
60QP002242,66,53,13
60QP002243,89,70,19
60QP002244,65,50,15
60QP002245,78,48,30
60QP002246,113,90,23
60QP002247,47,36,11
60QP002248,74,51,23
60QP002249,76,53,23
60QP002250,72,48,24
60QP002251,90,52,38
60QP002252,67,39,28
60QP002253,82,51,31
60QP002254,67,37,30
60QP002255,88,66,22
60QP002256,92,58,34
60QP002257,71,64,7
60QP002258,75,57,18
60QP002259,86,62,24
60QP002260,85,58,27
60QP002261,58,33,25
60QP002262,104,68,36
60QP002263,106,85,21
60QP002264,96,63,33
60QP002265,96,67,29
60QP002266,101,62,39
60QP002267,114,90,24
60QP002268,93,72,21
60QP002269,90,47,43
60QP002270,83,65,18
60QP002271,74,52,22
60QP002272,65,43,22
60QP002273,91,76,15
60QP002274,38,23,15
60QP002275,96,77,19
60QP002276,60,45,15
60QP002277,105,66,39
60QP002278,64,35,29
60QP002279,89,70,19
60QP002280,75,55,20
60QP002281,84,55,29
60QP002282,74,51,23
60QP002283,91,58,33
60QP002284,99,65,34
60QP002285,82,56,26
60QP002286,72,56,16
60QP002287,95,70,25
60QP002288,58,49,9
60QP002289,81,57,24
60QP002290,86,52,34
60QP002291,85,40,45
60QP002292,66,43,23
60QP002293,55,36,19
60QP002294,71,44,27
60QP002295,70,42,28
60QP002296,71,42,29
60QP002297,57,36,21
60QP002298,85,56,29
60QP002299,49,35,14
60QP002300,100,70,30
60QP002301,62,44,18
60QP002302,131,94,37
60QP002303,109,75,34
60QP002304,72,46,26
60QP002305,78,66,12
60QP002306,57,47,10
60QP002307,52,45,7
60QP002308,123,95,28
60QP002309,91,76,15
60QP002310,78,62,16
60QP002311,85,58,27
60QP002312,58,32,26
60QP002313,64,38,26
60QP002314,130,91,39
60QP002315,68,48,20
60QP002316,156,81,75
60QP002317,98,61,37
60QP002318,78,53,25
60QP002319,102,59,43
60QP002320,86,52,34
60QP002321,98,57,41
60QP002322,60,32,28
60QP002323,41,24,17
60QP002324,72,45,27
60QP002325,69,46,23
60QP002326,57,34,23
60QP002327,61,27,34
60QP002328,113,71,42
60QP002329,79,42,37
60QP002330,99,59,40
60QP002331,79,52,27
60QP002332,89,47,42
60QP002333,88,59,29
60QP002334,72,47,25
60QP002335,97,64,33
60QP002336,77,43,34
60QP002337,43,30,13
60QP002338,72,38,34
60QP002339,44,24,20
60QP002340,92,57,35
60QP002341,74,34,40
60QP002342,160,123,37
60QP002343,129,100,29
60QP002344,107,66,41
60QP002345,84,50,34
60QP002346,139,88,51
60QP002347,76,49,27
60QP002348,115,65,50
60QP002349,104,64,40
60QP002350,87,57,30
60QP002351,21,2,19
60QP002352,60,37,23
60QP002353,87,56,31
60QP002354,81,51,30
60QP002355,92,55,37
60QP002356,91,68,23
60QP002357,77,51,26
60QP002358,85,49,36
60QP002359,79,58,21
60QP002360,50,31,19
60QP002361,46,34,12
60QP002362,110,77,33
60QP002363,31,21,10
60QP002364,83,52,31
60QP002365,89,64,25
60QP002366,93,61,32
60QP002367,36,15,21
60QP002368,57,25,32
60QP002369,52,29,23
60QP002370,102,69,33
60QP002371,91,73,18
60QP002372,62,48,14
60QP002373,85,63,22
60QP002374,149,116,33
60QP002375,147,119,28
60QP002376,97,72,25
60QP002377,117,96,21
60QP002378,102,78,24
60QP002379,103,82,21
60QP002380,112,91,21
60QP002381,108,85,23
60QP002382,112,79,33
60QP002383,105,88,17
60QP002384,96,78,18
60QP002385,108,78,30
60QP002386,92,72,20
60QP002387,103,85,18
60QP002388,180,137,43
60QP002389,86,62,24
60QP002390,66,45,21
60QP002391,36,20,16
60QP002392,98,58,40
60QP002393,86,70,16
60QP002394,68,46,22
60QP002395,69,37,32
60QP002396,59,31,28
60QP002397,73,46,27
60QP002398,98,59,39
60QP002399,59,30,29
60QP002400,43,18,25
60QP002401,72,47,25
60QP002402,82,38,44
60QP002403,64,27,37
60QP002404,54,23,31
60QP002405,62,40,22
60QP002406,94,62,32
60QP002407,93,72,21
60QP002408,97,80,17
60QP002409,85,52,33
60QP002410,106,76,30
60QP002411,70,41,29
60QP002412,29,15,14
60QP002413,66,38,28
60QP002414,90,60,30
60QP002415,66,43,23
60QP002416,79,47,32
60QP002417,72,47,25
60QP002418,59,34,25
60QP002419,110,88,22
60QP002420,89,72,17
60QP002421,90,67,23
60QP002422,60,50,10
60QP002423,65,57,8
60QP002424,103,71,32
60QP002425,75,53,22
60QP002426,79,52,27
60QP002427,126,67,59
60QP002428,110,78,32
60QP002429,92,49,43
60QP002430,74,40,34
60QP002431,101,68,33
60QP002432,78,50,28
60QP002433,93,59,34
60QP002434,97,54,43
60QP002435,81,48,33
60QP002436,107,65,42
60QP002437,88,61,27
60QP002438,94,57,37
60QP002439,130,91,39
60QP002440,1666,507,1159
60QP002441,93,54,39
60QP002442,66,41,25
60QP002443,135,93,42
60QP002444,123,89,34
60QP002445,88,66,22
60QP002446,123,82,41
60QP002447,78,45,33
60QP002448,105,64,41
60QP002449,78,53,25
60QP002450,89,66,23
60QP002451,110,66,44
60QP002452,75,49,26
60QP002453,98,67,31
60QP002454,81,51,30
60QP002455,62,43,19
60QP002456,129,86,43
60QP002457,140,103,37
60QP002458,65,45,20
60QP002459,30,19,11
60QP002460,59,39,20
60QP002461,105,82,23
60QP002462,107,64,43
60QP002463,87,56,31
60QP002464,86,54,32
60QP002465,80,59,21
60QP002466,120,80,40
60QP002467,78,72,6
60QP002468,121,94,27
60QP002469,91,72,19
60QP002470,75,57,18
60QP002471,79,53,26
60QP002472,97,78,19
60QP002473,147,103,44
60QP002474,141,115,26
60QP002475,115,96,19
60QP002476,127,98,29
60QP002477,71,47,24
60QP002478,78,52,26
60QP002479,81,63,18
60QP002480,135,78,57
60QP002481,91,65,26
60QP002482,100,72,28
60QP002483,143,109,34
60QP002484,165,118,47
60QP002485,82,63,19
60QP002486,78,58,20
60QP002487,55,36,19
60QP002488,138,96,42
60QP002489,91,65,26
60QP002490,99,63,36
60QP002491,85,62,23
60QP002492,42,26,16
60QP002493,91,57,34
60QP002494,135,100,35
60QP002495,88,50,38
60QP002496,97,68,29
60QP002497,102,61,41
60QP002498,83,49,34
60QP002499,148,95,53
60QP002500,129,89,40
60QP002501,87,63,24
60QP002502,83,47,36
60QP002503,74,45,29
60QP002504,71,38,33
60QP002505,61,41,20
60QP002506,71,50,21
60QP002507,112,67,45
60QP002508,68,54,14
60QP002509,83,53,30
60QP002510,45,35,10
60QP002511,154,110,44
60QP002512,118,68,50
60QP002513,114,81,33
60QP002514,82,65,17
60QP002515,122,105,17
60QP002516,74,51,23
60QP002517,55,46,9
60QP002518,99,69,30
60QP002519,72,47,25
60QP002520,80,48,32
60QP002521,77,51,26
60QP002522,62,43,19
60QP002523,63,53,10
60QP002524,65,44,21
60QP002525,84,67,17
60QP002526,84,61,23
60QP002527,68,55,13
60QP002528,71,32,39
60QP002529,96,56,40
60QP002530,73,54,19
60QP002531,71,55,16
60QP002532,79,53,26
60QP002533,60,44,16
60QP002534,105,52,53
60QP002535,65,45,20
60QP002536,83,47,36
60QP002537,137,104,33
60QP002538,89,69,20
60QP002539,75,39,36
60QP002540,81,60,21
60QP002541,43,35,8
60QP002542,72,57,15
60QP002543,120,101,19
60QP002544,95,66,29
60QP002545,86,65,21
60QP002546,53,45,8
60QP002547,126,90,36
60QP002548,126,85,41
60QP002549,118,78,40
60QP002550,95,63,32
60QP002551,115,74,41
60QP002552,123,86,37
60QP002553,100,81,19
60QP002554,94,63,31
60QP002555,65,30,35
60QP002556,75,54,21
60QP002557,107,89,18
60QP002558,73,55,18
60QP002559,50,36,14
60QP002560,75,39,36
60QP002561,66,38,28
60QP002562,70,43,27
60QP002563,71,49,22
60QP002564,121,70,51
60QP002565,94,43,51
60QP002566,73,56,17
60QP002567,55,47,8
60QP002568,73,52,21
60QP002569,71,49,22
60QP002570,48,29,19
60QP002571,111,68,43
60QP002572,126,84,42
60QP002573,121,90,31
60QP002574,83,59,24
60QP002575,95,72,23
60QP002576,95,67,28
60QP002577,119,95,24
60QP002578,64,23,41
60QP002579,58,30,28
60QP002580,88,49,39
60QP002581,96,53,43
60QP002582,85,57,28
60QP002583,70,49,21
60QP002584,63,51,12
60QP002585,76,46,30
60QP002586,101,82,19
60QP002587,80,60,20
60QP002588,74,64,10
60QP002589,67,31,36
60QP002590,53,22,31
60QP002591,98,79,19
60QP002592,128,61,67
60QP002593,34,9,25
60QP002594,107,52,55
60QP002595,88,40,48
60QP002596,104,36,68
60QP002597,61,31,30
60QP002598,60,25,35
60QP002599,67,35,32
60QP002600,83,68,15
60QP002601,114,61,53
60QP002602,98,78,20
60QP002603,106,61,45
60QP002604,66,34,32
60QP002605,70,39,31
60QP002606,86,54,32
60QP002607,92,54,38
60QP002608,90,54,36
60QP002609,76,52,24
60QP002610,83,48,35
60QP002611,89,49,40
60QP002612,58,31,27
60QP002613,63,35,28
60QP002614,63,32,31
60QP002615,67,35,32
60QP002616,105,59,46
60QP002617,57,29,28
60QP002618,81,57,24
60QP002619,35,15,20
60QP002620,71,47,24
60QP002621,100,62,38
60QP002622,114,64,50
60QP002623,107,52,55
60QP002624,107,69,38
60QP002625,39,9,30
60QP002626,116,79,37
60QP002627,77,43,34
60QP002628,82,36,46
60QP002629,65,23,42
60QP002630,87,49,38
60QP002631,76,32,44
60QP002632,73,34,39
60QP002633,37,19,18
60QP002634,70,39,31
60QP002635,80,50,30
60QP002636,85,45,40
60QP002637,75,36,39
60QP002638,117,58,59
60QP002639,105,17,88
60QP002640,84,30,54
60QP002641,63,4,59
60QP002642,63,23,40
60QP002643,66,39,27
60QP002644,67,38,29
60QP002645,86,38,48
60QP002646,104,69,35
60QP002647,139,80,59
60QP002648,83,43,40
60QP002649,66,29,37
60QP002650,120,61,59
60QP002651,85,40,45
60QP002652,76,35,41
60QP002653,70,29,41
60QP002654,60,33,27
60QP002655,138,102,36
60QP002656,58,28,30
60QP002657,90,57,33
60QP002658,77,35,42
60QP002659,40,20,20
60QP002660,53,31,22
60QP002661,88,52,36
60QP002662,112,66,46
60QP002663,63,30,33
60QP002664,68,38,30
60QP002665,63,34,29
60QP002666,96,58,38
60QP002667,46,27,19
60QP002668,106,65,41
60QP002669,97,45,52
60QP002670,84,50,34
60QP002671,72,47,25
60QP002672,90,48,42
60QP002673,68,45,23
60QP002674,121,98,23
60QP002675,152,75,77
60QP002676,62,44,18
60QP002677,66,49,17
60QP002678,106,75,31
60QP002679,112,65,47
60QP002680,91,68,23
60QP002681,85,55,30
60QP002682,111,86,25
60QP002683,173,103,70
60QP002684,140,89,51
60QP002685,81,52,29
60QP002686,79,55,24
60QP002687,116,72,44
60QP002688,124,72,52
60QP002689,109,62,47
60QP002690,92,31,61
60QP002691,33,14,19
60QP002692,82,32,50
60QP002693,40,16,24
60QP002694,64,27,37
60QP002695,50,33,17
60QP002696,40,18,22
60QP002697,42,16,26
60QP002698,106,55,51
60QP002699,89,55,34
60QP002700,76,49,27
60QP002701,82,52,30
60QP002702,79,40,39
60QP002703,132,69,63
60QP002704,78,31,47
60QP002705,85,48,37
60QP002706,92,65,27
60QP002707,68,47,21
60QP002708,111,75,36
60QP002709,101,69,32
60QP002710,81,63,18
60QP002711,2032,471,1561
60QP002712,87,56,31
60QP002713,96,61,35
60QP002714,132,85,47
60QP002715,66,40,26
60QP002716,100,63,37
60QP002717,88,51,37
60QP002718,82,54,28
60QP002719,92,51,41
60QP002720,81,47,34
60QP002721,73,44,29
60QP002722,64,51,13
60QP002723,131,111,20
60QP002724,56,44,12
60QP002725,73,59,14
60QP002726,120,106,14
60QP002727,123,91,32
60QP002728,90,60,30
60QP002729,77,57,20
60QP002730,69,51,18
60QP002731,27,20,7
60QP002732,126,65,61
60QP002733,101,59,42
60QP002734,96,37,59
60QP002735,85,41,44
60QP002736,85,48,37
60QP002737,93,50,43
60QP002738,91,52,39
60QP002739,63,33,30
60QP002740,58,36,22
60QP002741,94,50,44
60QP002742,47,31,16
60QP002743,75,39,36
60QP002744,92,49,43
60QP002745,69,34,35
60QP002746,52,24,28
60QP002747,102,58,44
60QP002748,51,26,25
60QP002749,102,81,21
60QP002750,51,21,30
60QP002751,60,41,19
60QP002752,132,96,36
60QP002753,61,37,24
60QP002754,70,32,38
60QP002755,74,51,23
60QP002756,96,68,28
60QP002757,105,72,33
60QP002758,95,67,28
60QP002759,81,55,26
60QP002760,93,72,21
60QP002761,90,66,24
60QP002762,74,47,27
60QP002763,106,66,40
60QP002764,82,55,27
60QP002765,63,34,29
60QP002766,116,84,32
60QP002767,104,67,37
60QP002768,67,41,26
60QP002769,75,48,27
60QP002770,65,48,17
60QP002771,72,53,19
60QP002772,78,59,19
60QP002773,81,61,20
60QP002774,90,70,20
60QP002775,79,40,39
60QP002776,101,66,35
60QP002777,62,32,30
60QP002778,77,45,32
60QP002779,82,47,35
60QP002780,47,29,18
60QP002781,88,53,35
60QP002782,69,44,25
60QP002783,77,32,45
60QP002784,136,91,45
60QP002785,111,67,44
60QP002786,68,43,25
60QP002787,67,45,22
60QP002788,71,54,17
60QP002789,86,54,32
60QP002790,43,26,17
60QP002791,81,43,38
60QP002792,81,42,39
60QP002793,77,46,31
60QP002794,68,58,10
60QP002795,98,76,22
60QP002796,145,107,38
60QP002797,45,29,16
60QP002798,152,113,39
60QP002799,109,65,44
60QP002800,117,84,33
60QP002801,92,62,30
60QP002802,82,62,20
60QP002803,70,38,32
60QP002804,118,59,59
60QP002805,91,47,44
60QP002806,106,67,39
60QP002807,87,61,26
60QP002808,93,51,42
60QP002809,104,48,56
60QP002810,88,68,20
60QP002811,57,20,37
60QP002812,90,51,39
60QP002813,45,26,19
60QP002814,103,48,55
60QP002815,115,87,28
60QP002816,76,55,21
60QP002817,75,37,38
60QP002818,97,42,55
60QP002819,114,69,45
60QP002820,98,62,36
60QP002821,61,42,19
60QP002822,126,72,54
60QP002823,73,45,28
60QP002824,84,47,37
60QP002825,101,75,26
60QP002826,105,62,43
60QP002827,105,67,38
60QP002828,86,49,37
60QP002829,76,46,30
60QP002830,82,54,28
60QP002831,54,30,24
60QP002832,59,26,33
60QP002833,42,13,29
60QP002834,75,39,36
60QP002835,52,32,20
60QP002836,75,48,27
60QP002837,62,46,16
60QP002838,60,43,17
60QP002839,84,49,35
60QP002840,92,48,44
60QP002841,29,12,17
60QP002842,77,42,35
60QP002843,88,31,57
60QP002844,92,55,37
60QP002845,86,59,27
60QP002846,110,79,31
60QP002847,94,72,22
60QP002848,95,81,14
60QP002849,116,81,35
60QP002850,92,64,28
60QP002851,76,46,30
60QP002852,93,55,38
60QP002853,128,69,59
60QP002854,52,25,27
60QP002855,93,51,42
60QP002856,98,54,44
60QP002857,95,35,60
60QP002858,40,20,20
60QP002859,77,37,40
60QP002860,84,56,28
60QP002861,63,32,31
60QP002862,122,58,64
60QP002863,71,34,37
60QP002864,75,30,45
60QP002865,71,34,37
60QP002866,61,26,35
60QP002867,42,18,24
60QP002868,65,43,22
60QP002869,77,40,37
60QP002870,38,7,31
60QP002871,125,88,37
60QP002872,80,60,20
60QP002873,107,81,26
60QP002874,84,49,35
60QP002875,65,33,32
60QP002876,158,80,78
60QP002877,59,34,25
60QP002878,45,25,20
60QP002879,65,34,31
60QP002880,54,20,34
60QP002881,65,26,39
60QP002882,89,39,50
60QP002883,97,60,37
60QP002884,61,31,30
60QP002885,80,56,24
60QP002886,63,37,26
60QP002887,88,46,42
60QP002888,90,51,39
60QP002889,109,73,36
60QP002890,93,53,40
60QP002891,95,53,42
60QP002892,82,47,35
60QP002893,89,55,34
60QP002894,91,54,37
60QP002895,68,44,24
60QP002896,102,53,49
60QP002897,109,69,40
60QP002898,96,79,17
60QP002899,109,91,18
60QP002900,77,57,20
60QP002901,67,36,31
60QP002902,69,39,30
60QP002903,115,87,28
60QP002904,119,95,24
60QP002905,136,101,35
60QP002906,76,46,30
60QP002907,66,51,15
60QP002908,110,83,27
60QP002909,109,70,39
60QP002910,126,77,49
60QP002911,126,86,40
60QP002912,88,55,33
60QP002913,80,54,26
60QP002914,135,83,52
60QP002915,106,69,37
60QP002916,102,68,34
60QP002917,81,59,22
60QP002918,62,33,29
60QP002919,108,70,38
60QP002920,124,73,51
60QP002921,63,38,25
60QP002922,74,55,19
60QP002923,153,133,20
60QP002924,126,102,24
60QP002925,81,49,32
60QP002926,91,72,19
60QP002927,94,63,31
60QP002928,140,99,41
60QP002929,101,68,33
60QP002930,87,73,14
60QP002931,94,87,7
60QP002932,120,77,43
60QP002933,136,96,40
60QP002934,119,94,25
60QP002935,94,55,39
60QP002936,95,68,27
60QP002937,135,95,40
60QP002938,145,123,22
60QP002939,111,92,19
60QP002940,99,87,12
60QP002941,120,108,12
60QP002942,168,146,22
60QP002943,144,122,22
60QP002944,120,93,27
60QP002945,89,69,20
60QP002946,138,119,19
60QP002947,72,68,4
60QP002948,101,83,18
60QP002949,119,89,30
60QP002950,126,94,32
60QP002951,124,100,24
60QP002952,124,99,25
60QP002953,111,102,9
60QP002954,86,69,17
60QP002955,92,64,28
60QP002956,86,59,27
60QP002957,117,74,43
60QP002958,85,58,27
60QP002959,134,99,35
60QP002960,106,70,36
60QP002961,145,116,29
60QP002962,91,70,21
60QP002963,118,59,59
60QP002964,108,77,31
60QP002965,135,110,25
60QP002966,87,71,16
60QP002967,140,112,28
60QP002968,118,93,25
60QP002969,80,46,34
60QP002970,85,57,28
60QP002971,99,70,29
60QP002972,127,94,33
60QP002973,88,75,13
60QP002974,94,69,25
60QP002975,44,32,12
60QP002976,79,64,15
60QP002977,79,51,28
60QP002978,81,64,17
60QP002979,82,66,16
60QP002980,44,20,24
60QP002981,87,77,10
60QP002982,72,50,22
60QP002983,79,54,25
60QP002984,69,45,24
60QP002985,103,91,12
60QP002986,77,58,19
60QP002987,79,63,16
60QP002988,109,80,29
60QP002989,110,76,34
60QP002990,50,39,11
60QP002991,46,27,19
60QP002992,84,69,15
60QP002993,40,31,9
60QP002994,113,95,18
60QP002995,61,41,20
60QP002996,86,45,41
60QP002997,76,43,33
60QP002998,112,78,34
60QP002999,76,52,24
60QP003000,50,34,16
60QP003001,58,27,31
60QP003002,100,78,22
60QP003003,69,34,35
60QP003004,124,78,46
60QP003005,79,44,35
60QP003006,64,52,12
60QP003007,68,46,22
60QP003008,54,31,23
60QP003009,48,30,18
60QP003010,70,52,18
60QP003011,88,61,27
60QP003012,56,30,26
60QP003013,81,58,23
60QP003014,41,21,20
60QP003015,64,38,26
60QP003016,62,48,14
60QP003017,91,62,29
60QP003018,49,33,16
60QP003019,70,59,11
60QP003020,56,32,24
60QP003021,39,36,3
60QP003022,62,34,28
60QP003023,105,90,15
60QP003024,105,74,31
60QP003025,85,67,18
60QP003026,39,24,15
60QP003027,94,79,15
60QP003028,77,69,8
60QP003029,58,45,13
60QP003030,43,31,12
60QP003031,47,39,8
60QP003032,64,48,16
60QP003033,58,50,8
60QP003034,75,57,18
60QP003035,51,29,22
60QP003036,44,24,20
60QP003037,104,70,34
60QP003038,49,33,16
60QP003039,54,25,29
60QP003040,69,30,39
60QP003041,53,43,10
60QP003042,79,58,21
60QP003043,85,58,27
60QP003044,46,41,5
60QP003045,69,51,18
60QP003046,84,50,34
60QP003047,58,40,18
60QP003048,51,38,13
60QP003049,55,36,19
60QP003050,83,69,14
60QP003051,44,23,21
60QP003052,42,30,12
60QP003053,23,7,16
60QP003054,66,50,16
60QP003055,62,51,11
60QP003056,50,39,11
60QP003057,64,41,23
60QP003058,53,41,12
60QP003059,53,42,11
60QP003060,107,66,41
60QP003061,40,21,19
60QP003062,55,33,22
60QP003063,58,34,24
60QP003064,42,27,15
60QP003065,115,79,36
60QP003066,44,21,23
60QP003067,66,41,25
60QP003068,58,55,3
60QP003069,49,27,22
60QP003070,63,48,15
60QP003071,107,91,16
60QP003072,48,31,17
60QP003073,90,70,20
60QP003074,71,49,22
60QP003075,76,56,20
60QP003076,84,66,18
60QP003077,42,25,17
60QP003078,54,43,11
60QP003079,63,45,18
60QP003080,51,34,17
60QP003081,64,54,10
60QP003082,90,52,38
60QP003083,43,31,12
60QP003084,89,60,29
60QP003085,29,8,21
60QP003086,47,36,11
60QP003087,87,70,17
60QP003088,55,44,11
60QP003089,95,78,17
60QP003090,138,101,37
60QP003091,39,30,9
60QP003092,47,26,21
60QP003093,92,34,58
60QP003094,78,60,18
60QP003095,66,21,45
60QP003096,60,22,38
60QP003097,45,20,25
60QP003098,72,26,46
60QP003099,79,31,48
60QP003100,70,57,13
60QP003101,57,21,36
60QP003102,66,32,34
60QP003103,40,11,29
60QP003104,75,52,23
60QP003105,62,39,23
60QP003106,79,60,19
60QP003107,89,54,35
60QP003108,54,37,17
60QP003109,53,42,11
60QP003110,56,24,32
60QP003111,87,69,18
60QP003112,61,53,8
60QP003113,70,22,48
60QP003114,41,12,29
60QP003115,42,30,12
60QP003116,57,49,8
60QP003117,98,66,32
60QP003118,79,40,39
60QP003119,70,45,25
60QP003120,80,45,35
60QP003121,75,53,22
60QP003122,87,71,16
60QP003123,54,31,23
60QP003124,49,36,13
60QP003125,61,55,6
60QP003126,65,33,32
60QP003127,43,16,27
60QP003128,47,27,20
60QP003129,80,60,20
60QP003130,56,37,19
60QP003131,74,63,11
60QP003132,92,68,24
60QP003133,98,88,10
60QP003134,47,21,26
60QP003135,77,58,19
60QP003136,70,65,5
60QP003137,48,37,11
60QP003138,41,17,24
60QP003139,48,31,17
60QP003140,37,18,19
60QP003141,41,25,16
60QP003142,58,33,25
60QP003143,164,130,34
60QP003144,74,42,32
60QP003145,48,21,27
60QP003146,55,31,24
60QP003147,72,37,35
60QP003148,81,48,33
60QP003149,65,37,28
60QP003150,62,29,33
60QP003151,57,25,32
60QP003152,115,69,46
60QP003153,42,24,18
60QP003154,63,39,24
60QP003155,89,61,28
60QP003156,82,55,27
60QP003157,40,28,12
60QP003158,41,26,15
60QP003159,81,61,20
60QP003160,81,59,22
60QP003161,40,24,16
60QP003162,87,53,34
60QP003163,62,43,19
60QP003164,65,30,35
60QP003165,34,17,17
60QP003166,75,65,10
60QP003167,72,49,23
60QP003168,72,58,14
60QP003169,90,63,27
60QP003170,52,41,11
60QP003171,40,29,11
60QP003172,107,83,24
60QP003173,65,55,10
60QP003174,87,65,22
60QP003175,109,79,30
60QP003176,115,86,29
60QP003177,69,48,21
60QP003178,80,54,26
60QP003179,55,42,13
60QP003180,52,34,18
60QP003181,65,43,22
60QP003182,56,49,7
60QP003183,57,41,16
60QP003184,78,65,13
60QP003185,40,32,8
60QP003186,94,76,18
60QP003187,54,40,14
60QP003188,51,37,14
60QP003189,43,21,22
60QP003190,92,75,17
60QP003191,95,59,36
60QP003192,120,97,23
60QP003193,62,41,21
60QP003194,123,81,42
60QP003195,141,59,82
60QP003196,60,30,30
60QP003197,60,30,30
60QP003198,39,19,20
60QP003199,78,38,40
60QP003200,62,53,9
60QP003201,59,52,7
60QP003202,77,56,21
60QP003203,56,39,17
60QP003204,108,92,16
60QP003205,53,46,7
60QP003206,46,41,5
60QP003207,63,46,17
60QP003208,50,39,11
60QP003209,81,40,41
60QP003210,59,43,16
60QP003211,53,44,9
60QP003212,86,60,26
60QP003213,75,53,22
60QP003214,60,40,20
60QP003215,62,52,10
60QP003216,62,49,13
60QP003217,91,79,12
60QP003218,61,38,23
60QP003219,77,64,13
60QP003220,76,65,11
60QP003221,55,48,7
60QP003222,56,51,5
60QP003223,64,58,6
60QP003224,79,64,15
60QP003225,47,38,9
60QP003226,91,29,62
60QP003227,53,39,14
60QP003228,83,70,13
60QP003229,69,57,12
60QP003230,76,45,31
60QP003231,55,29,26
60QP003232,41,18,23
60QP003233,62,26,36
60QP003234,44,23,21
60QP003235,64,25,39
60QP003236,88,75,13
60QP003237,39,31,8
60QP003238,46,38,8
60QP003239,75,62,13
60QP003240,44,33,11
60QP003241,55,46,9
60QP003242,48,39,9
60QP003243,84,61,23
60QP003244,67,52,15
60QP003245,88,60,28
60QP003246,110,59,51
60QP003247,91,48,43
60QP003248,39,24,15
60QP003249,84,66,18
60QP003250,78,55,23
60QP003251,36,10,26
60QP003252,59,48,11
60QP003253,75,56,19
60QP003254,118,90,28
60QP003255,55,48,7
60QP003256,67,57,10
60QP003257,54,45,9
60QP003258,52,39,13
60QP003259,51,29,22
60QP003260,77,61,16
60QP003261,75,56,19
60QP003262,57,36,21
60QP003263,59,54,5
60QP003264,48,28,20
60QP003265,70,47,23
60QP003266,58,34,24
60QP003267,58,44,14
60QP003268,85,60,25
60QP003269,51,43,8
60QP003270,80,58,22
60QP003271,49,28,21
60QP003272,72,49,23
60QP003273,72,50,22
60QP003274,44,31,13
60QP003275,59,43,16
60QP003276,62,32,30
60QP003277,61,36,25
60QP003278,57,39,18
60QP003279,58,42,16
60QP003280,30,14,16
60QP003281,100,82,18
60QP003282,25,7,18
60QP003283,83,55,28
60QP003284,67,55,12
60QP003285,89,77,12
60QP003286,113,105,8
60QP003287,90,72,18
60QP003288,55,49,6
60QP003289,78,69,9
60QP003290,45,18,27
60QP003291,79,60,19
60QP003292,47,29,18
60QP003293,99,52,47
60QP003294,70,43,27
60QP003295,52,36,16
60QP003296,79,42,37
60QP003297,46,31,15
60QP003298,112,86,26
60QP003299,61,46,15
60QP003300,67,36,31
60QP003301,101,69,32
60QP003302,112,95,17
60QP003303,115,101,14
60QP003304,82,56,26
60QP003305,53,39,14
60QP003306,44,26,18
60QP003307,56,24,32
60QP003308,83,78,5
60QP003309,73,63,10
60QP003310,56,45,11
60QP003311,117,98,19
60QP003312,79,43,36
60QP003313,112,92,20
60QP003314,27,17,10
60QP003315,104,70,34
60QP003316,74,54,20
60QP003317,49,45,4
60QP003318,53,29,24
60QP003319,62,35,27
60QP003320,61,43,18
60QP003321,117,81,36
60QP003322,74,57,17
60QP003323,81,63,18
60QP003324,103,77,26
60QP003325,66,55,11
60QP003326,98,72,26
60QP003327,57,53,4
60QP003328,265,116,149
60QP003329,70,33,37
60QP003330,109,51,58
60QP003331,208,82,126
60QP003332,57,37,20
60QP003333,68,28,40
60QP003334,121,105,16
60QP003335,97,58,39
60QP003336,51,36,15
60QP003337,152,98,54
60QP003338,106,53,53
60QP003339,93,75,18
60QP003340,122,70,52
60QP003341,86,77,9
60QP003342,61,41,20
60QP003343,97,73,24
60QP003344,87,69,18
60QP003345,71,55,16
60QP003346,62,47,15
60QP003347,44,41,3
60QP003348,79,71,8
60QP003349,135,108,27
60QP003350,18,3,15
60QP003351,104,88,16
60QP003352,81,69,12
60QP003353,64,45,19
60QP003354,78,49,29
60QP003355,77,58,19
60QP003356,57,30,27
60QP003357,107,76,31
60QP003358,115,78,37
60QP003359,75,51,24
60QP003360,82,58,24
60QP003361,64,46,18
60QP003362,71,46,25
60QP003363,97,62,35
60QP003364,170,119,51
60QP003365,99,66,33
60QP003366,95,50,45
60QP003367,92,33,59
60QP003368,86,45,41
60QP003369,127,91,36
60QP003370,65,53,12
60QP003371,57,36,21
60QP003372,112,85,27
60QP003373,126,110,16
60QP003374,286,170,116
60QP003375,87,50,37
60QP003376,88,61,27
60QP003377,103,74,29
60QP003378,137,70,67
60QP003379,135,88,47
60QP003380,59,46,13
60QP003381,95,59,36
60QP003382,91,59,32
60QP003383,57,44,13
60QP003384,117,78,39
60QP003385,72,53,19
60QP003386,183,127,56
60QP003387,216,143,73
60QP003388,58,42,16
60QP003389,63,48,15
60QP003390,72,55,17
60QP003391,57,41,16
60QP003392,71,39,32
60QP003393,43,36,7
60QP003394,64,48,16
60QP003395,62,52,10
60QP003396,54,40,14
60QP003397,75,49,26
60QP003398,60,40,20
60QP003399,78,60,18
60QP003400,85,64,21
60QP003401,82,75,7
60QP003402,75,54,21
60QP003403,86,75,11
60QP003404,74,63,11
60QP003405,105,67,38
60QP003406,37,29,8
60QP003407,76,52,24
60QP003408,107,81,26
60QP003409,51,37,14
60QP003410,96,62,34
60QP003411,81,60,21
60QP003412,93,77,16
60QP003413,110,91,19
60QP003414,41,26,15
60QP003415,82,33,49
60QP003416,43,18,25
60QP003417,56,32,24
60QP003418,84,60,24
60QP003419,82,60,22
60QP003420,101,64,37
60QP003421,104,62,42
60QP003422,45,15,30
60QP003423,80,59,21
60QP003424,88,70,18
60QP003425,107,95,12
60QP003426,119,98,21
60QP003427,73,51,22
60QP003428,108,68,40
60QP003429,77,46,31
60QP003430,24,6,18
60QP003431,83,53,30
60QP003432,71,44,27
60QP003433,40,10,30
60QP003434,55,24,31
60QP003435,84,69,15
60QP003436,73,36,37
60QP003437,19,2,17
60QP003438,76,47,29
60QP003439,58,30,28
60QP003440,70,33,37
60QP003441,34,1,33
60QP003442,59,27,32
60QP003443,127,79,48
60QP003444,56,36,20
60QP003445,79,45,34
60QP003446,109,70,39
60QP003447,149,109,40
60QP003448,67,46,21
60QP003449,48,40,8
60QP003450,69,49,20
60QP003451,51,45,6
60QP003452,77,45,32
60QP003453,64,27,37
60QP003454,80,66,14
60QP003455,89,66,23
60QP003456,82,67,15
60QP003457,43,31,12
60QP003458,133,63,70
60QP003459,59,49,10
60QP003460,67,54,13
60QP003461,58,35,23
60QP003462,79,60,19
60QP003463,106,89,17
60QP003464,76,63,13
60QP003465,41,21,20
60QP003466,103,86,17
60QP003467,97,82,15
60QP003468,65,62,3
60QP003469,48,45,3
60QP003470,69,67,2
60QP003471,139,113,26
60QP003472,84,41,43
60QP003473,83,35,48
60QP003474,72,32,40
60QP003475,111,36,75
60QP003476,59,50,9
60QP003477,114,98,16
60QP003478,59,53,6
60QP003479,74,69,5
60QP003480,94,76,18
60QP003481,79,73,6
60QP003482,92,44,48
60QP003483,62,52,10
60QP003484,51,24,27
60QP003485,76,66,10
60QP003486,81,72,9
60QP003487,150,89,61
60QP003488,63,55,8
60QP003489,106,83,23
60QP003490,118,111,7
60QP003491,76,51,25
60QP003492,83,77,6
60QP003493,85,47,38
60QP003494,77,65,12
60QP003495,71,40,31
60QP003496,83,52,31
60QP003497,66,52,14
60QP003498,56,44,12
60QP003499,142,96,46
60QP003500,143,62,81
60QP003501,104,78,26
60QP003502,51,30,21
60QP003503,49,35,14
60QP003504,106,83,23
60QP003505,57,34,23
60QP003506,60,50,10
60QP003507,107,82,25
60QP003508,100,73,27
60QP003509,104,94,10
60QP003510,92,66,26
60QP003511,68,62,6
60QP003512,85,72,13
60QP003513,69,50,19
60QP003514,76,58,18
60QP003515,88,66,22
60QP003516,61,50,11
60QP003517,104,89,15
60QP003518,130,103,27
60QP003519,51,42,9
60QP003520,94,77,17
60QP003521,53,46,7
60QP003522,173,153,20
60QP003523,94,72,22
60QP003524,104,82,22
60QP003525,51,29,22
60QP003526,144,122,22
60QP003527,122,99,23
60QP003528,63,40,23
60QP003529,57,51,6
60QP003530,67,49,18
60QP003531,64,50,14
60QP003532,63,52,11
60QP003533,49,42,7
60QP003534,127,108,19
60QP003535,58,46,12
60QP003536,65,36,29
60QP003537,92,68,24
60QP003538,69,50,19
60QP003539,56,46,10
60QP003540,65,56,9
60QP003541,145,101,44
60QP003542,104,93,11
60QP003543,58,39,19
60QP003544,75,62,13
60QP003545,112,97,15
60QP003546,116,63,53
60QP003547,67,44,23
60QP003548,52,29,23
60QP003549,99,55,44
60QP003550,48,46,2
60QP003551,107,62,45
60QP003552,88,53,35
60QP003553,47,32,15
60QP003554,64,41,23
60QP003555,94,50,44
60QP003556,80,44,36
60QP003557,37,16,21
60QP003558,55,44,11
60QP003559,83,66,17
60QP003560,48,33,15
60QP003561,55,29,26
60QP003562,86,48,38
60QP003563,51,28,23
60QP003564,84,77,7
60QP003565,46,19,27
60QP003566,137,97,40
60QP003567,125,75,50
60QP003568,94,71,23
60QP003569,41,23,18
60QP003570,92,45,47
60QP003571,103,67,36
60QP003572,94,65,29
60QP003573,51,30,21
60QP003574,106,79,27
60QP003575,86,55,31
60QP003576,80,46,34
60QP003577,93,67,26
60QP003578,70,41,29
60QP003579,56,27,29
60QP003580,141,60,81
60QP003581,65,45,20
60QP003582,146,82,64
60QP003583,89,74,15
60QP003584,90,83,7
60QP003585,90,69,21
60QP003586,56,38,18
60QP003587,197,112,85
60QP003588,72,36,36
60QP003589,112,53,59
60QP003590,210,78,132
60QP003591,138,84,54
60QP003592,106,68,38
60QP003593,59,42,17
60QP003594,89,53,36
60QP003595,56,38,18
60QP003596,59,32,27
60QP003597,121,50,71
60QP003598,76,28,48
60QP003599,79,55,24
60QP003600,178,59,119
60QP003601,106,59,47
60QP003602,102,57,45
60QP003603,39,18,21
60QP003604,148,44,104
60QP003605,108,74,34
60QP003606,121,50,71
60QP003607,53,22,31
60QP003608,75,34,41
60QP003609,63,33,30
60QP003610,91,45,46
60QP003611,128,74,54
60QP003612,133,82,51
60QP003613,80,51,29
60QP003614,92,50,42
60QP003615,148,78,70
60QP003616,74,47,27
60QP003617,83,62,21
60QP003618,68,41,27
60QP003619,103,55,48
60QP003620,59,35,24
60QP003621,88,63,25
60QP003622,128,55,73
60QP003623,96,56,40
60QP003624,51,29,22
60QP003625,26,8,18
60QP003626,57,39,18
60QP003627,104,80,24
60QP003628,46,19,27
60QP003629,53,41,12
60QP003630,137,95,42
60QP003631,67,47,20
60QP003632,32,15,17
60QP003633,80,57,23
60QP003634,61,28,33
60QP003635,21,1,20
60QP003636,58,33,25
60QP003637,49,39,10
60QP003638,92,68,24
60QP003639,87,67,20
60QP003640,53,32,21
60QP003641,118,80,38
60QP003642,60,44,16
60QP003643,154,105,49
60QP003644,72,47,25
60QP003645,122,86,36
60QP003646,117,80,37
60QP003647,87,62,25
60QP003648,76,24,52
60QP003649,46,22,24
60QP003650,121,88,33
60QP003651,60,49,11
60QP003652,62,42,20
60QP003653,60,43,17
60QP003654,84,53,31
60QP003655,414,120,294
60QP003656,92,75,17
60QP003657,58,44,14
60QP003658,104,85,19
60QP003659,81,71,10
60QP003660,112,72,40
60QP003661,77,54,23
60QP003662,85,50,35
60QP003663,93,65,28
60QP003664,57,43,14
60QP003665,83,67,16
60QP003666,86,68,18
60QP003667,63,55,8
60QP003668,132,99,33
60QP003669,120,99,21
60QP003670,72,63,9
60QP003671,99,86,13
60QP003672,77,67,10
60QP003673,174,151,23
60QP003674,90,77,13
60QP003675,76,69,7
60QP003676,88,78,10
60QP003677,84,69,15
60QP003678,49,46,3
60QP003679,49,40,9
60QP003680,192,110,82
60QP003681,113,106,7
60QP003682,123,109,14
60QP003683,93,71,22
60QP003684,66,50,16
60QP003685,104,65,39
60QP003686,131,68,63
60QP003687,54,48,6
60QP003688,80,60,20
60QP003689,35,5,30
60QP003690,81,63,18
60QP003691,107,71,36
60QP003692,57,31,26
60QP003693,48,24,24
60QP003694,79,49,30
60QP003695,102,61,41
60QP003696,76,63,13
60QP003697,62,42,20
60QP003698,46,19,27
60QP003699,81,69,12
60QP003700,54,43,11
60QP003701,87,62,25
60QP003702,74,52,22
60QP003703,103,74,29
60QP003704,103,85,18
60QP003705,53,39,14
60QP003706,126,85,41
60QP003707,73,65,8
60QP003708,135,116,19
60QP003709,99,87,12
60QP003710,76,30,46
60QP003711,124,94,30
60QP003712,52,29,23
60QP003713,55,23,32
60QP003714,79,56,23
60QP003715,87,38,49
60QP003716,114,54,60
60QP003717,35,18,17
60QP003718,77,41,36
60QP003719,72,46,26
60QP003720,67,33,34
60QP003721,35,15,20
60QP003722,77,49,28
60QP003723,80,60,20
60QP003724,55,31,24
60QP003725,52,38,14
60QP003726,87,59,28
60QP003727,87,59,28
60QP003728,68,45,23
60QP003729,85,61,24
60QP003730,72,51,21
60QP003731,71,56,15
60QP003732,84,58,26
60QP003733,32,12,20
60QP003734,44,30,14
60QP003735,46,38,8
60QP003736,99,77,22
60QP003737,54,45,9
60QP003738,103,88,15
60QP003739,109,89,20
60QP003740,102,73,29
60QP003741,76,72,4
60QP003742,97,77,20
60QP003743,71,57,14
60QP003744,51,43,8
60QP003745,85,68,17
60QP003746,56,31,25
60QP003747,100,48,52
60QP003748,83,66,17
60QP003749,48,38,10
60QP003750,84,61,23
60QP003751,90,74,16
60QP003752,101,76,25
60QP003753,79,48,31
60QP003754,92,62,30
60QP003755,61,44,17
60QP003756,82,76,6
60QP003757,85,66,19
60QP003758,64,44,20
60QP003759,37,33,4
60QP003760,109,66,43
60QP003761,47,38,9
60QP003762,103,89,14
60QP003763,41,35,6
60QP003764,79,68,11
60QP003765,65,57,8
60QP003766,135,110,25
60QP003767,85,76,9
60QP003768,71,65,6
60QP003769,91,79,12
60QP003770,87,69,18
60QP003771,119,105,14
60QP003772,76,59,17
60QP003773,136,118,18
60QP003774,43,22,21
60QP003775,60,45,15
60QP003776,103,86,17
60QP003777,62,33,29
60QP003778,73,46,27
60QP003779,57,34,23
60QP003780,69,36,33
60QP003781,60,44,16
60QP003782,99,76,23
60QP003783,46,7,39
60QP003784,127,105,22
60QP003785,427,358,69
60QP003786,108,80,28
60QP003787,148,120,28
60QP003788,57,47,10
60QP003789,103,84,19
60QP003790,74,55,19
60QP003791,41,21,20
60QP003792,94,63,31
60QP003793,82,55,27
60QP003794,93,52,41
60QP003795,97,59,38
60QP003796,150,132,18
60QP003797,83,69,14
60QP003798,116,74,42
60QP003799,121,84,37
60QP003800,115,65,50
60QP003801,113,84,29
60QP003802,55,40,15
60QP003803,72,38,34
60QP003804,156,126,30
60QP003805,59,49,10
60QP003806,57,39,18
60QP003807,112,61,51
60QP003808,81,38,43
60QP003809,93,56,37
60QP003810,100,60,40
60QP003811,89,58,31
60QP003812,107,70,37
60QP003813,123,106,17
60QP003814,41,23,18
60QP003815,101,74,27
60QP003816,96,63,33
60QP003817,113,86,27
60QP003818,83,64,19
60QP003819,63,51,12
60QP003820,78,49,29
60QP003821,147,97,50
60QP003822,107,91,16
60QP003823,93,81,12
60QP003824,143,113,30
60QP003825,62,53,9
60QP003826,88,55,33
60QP003827,66,42,24
60QP003828,87,61,26
60QP003829,79,57,22
60QP003830,68,55,13
60QP003831,59,46,13
60QP003832,83,63,20
60QP003833,67,26,41
60QP003834,37,9,28
60QP003835,73,60,13
60QP003836,101,79,22
60QP003837,93,68,25
60QP003838,107,90,17
60QP003839,109,94,15
60QP003840,64,50,14
60QP003841,104,49,55
60QP003842,51,9,42
60QP003843,103,73,30
60QP003844,81,40,41
60QP003845,100,71,29
60QP003846,63,41,22
60QP003847,76,39,37
60QP003848,60,41,19
60QP003849,91,56,35
60QP003850,69,42,27
60QP003851,72,42,30
60QP003852,110,60,50
60QP003853,67,30,37
60QP003854,129,67,62
60QP003855,66,52,14
60QP003856,34,22,12
60QP003857,100,68,32
60QP003858,65,28,37
60QP003859,42,24,18
60QP003860,57,33,24
60QP003861,99,50,49
60QP003862,74,46,28
60QP003863,97,68,29
60QP003864,117,74,43
60QP003865,68,40,28
60QP003866,86,60,26
60QP003867,125,85,40
60QP003868,122,49,73
60QP003869,71,47,24
60QP003870,50,39,11
60QP003871,83,53,30
60QP003872,84,53,31
60QP003873,64,26,38
60QP003874,112,30,82
60QP003875,72,52,20
60QP003876,135,108,27
60QP003877,93,74,19
60QP003878,102,90,12
60QP003879,144,130,14
60QP003880,112,85,27
60QP003881,111,95,16
60QP003882,104,85,19
60QP003883,72,44,28
60QP003884,50,22,28
60QP003885,71,37,34
60QP003886,48,39,9
60QP003887,79,54,25
60QP003888,130,97,33
60QP003889,99,82,17
60QP003890,94,62,32
60QP003891,92,75,17
60QP003892,109,83,26
60QP003893,114,86,28
60QP003894,73,51,22
60QP003895,61,27,34
60QP003896,79,46,33
60QP003897,69,39,30
60QP003898,105,92,13
60QP003899,109,92,17
60QP003900,134,109,25
60QP003901,106,86,20
60QP003902,124,96,28
60QP003903,69,62,7
60QP003904,111,100,11
60QP003905,108,88,20
60QP003906,49,31,18
60QP003907,64,52,12
60QP003908,96,90,6
60QP003909,42,39,3
60QP003910,134,100,34
60QP003911,50,46,4
60QP003912,114,105,9
60QP003913,116,91,25
60QP003914,99,74,25
60QP003915,153,129,24
60QP003916,71,37,34
60QP003917,94,64,30
60QP003918,62,25,37
60QP003919,37,13,24
60QP003920,83,50,33
60QP003921,65,48,17
60QP003922,116,82,34
60QP003923,64,57,7
60QP003924,109,89,20
60QP003925,71,54,17
60QP003926,62,46,16
60QP003927,99,74,25
60QP003928,77,47,30
60QP003929,98,86,12
60QP003930,125,100,25
60QP003931,71,59,12
60QP003932,124,106,18
60QP003933,140,118,22
60QP003934,84,68,16
60QP003935,121,91,30
60QP003936,72,56,16
60QP003937,112,72,40
60QP003938,87,72,15
60QP003939,72,58,14
60QP003940,71,54,17
60QP003941,100,51,49
60QP003942,83,48,35
60QP003943,67,52,15
60QP003944,77,54,23
60QP003945,92,60,32
60QP003946,86,62,24
60QP003947,80,52,28
60QP003948,115,92,23
60QP003949,62,53,9
60QP003950,80,62,18
60QP003951,116,93,23
60QP003952,126,96,30
60QP003953,66,40,26
60QP003954,110,77,33
60QP003955,90,38,52
60QP003956,81,41,40
60QP003957,205,172,33
60QP003958,104,55,49
60QP003959,54,21,33
60QP003960,52,17,35
60QP003961,89,41,48
60QP003962,100,60,40
60QP003963,68,38,30
60QP003964,56,40,16
60QP003965,66,44,22
60QP003966,79,48,31
60QP003967,69,52,17
60QP003968,77,56,21
60QP003969,143,121,22
60QP003970,72,58,14
60QP003971,102,83,19
60QP003972,72,58,14
60QP003973,77,33,44
60QP003974,88,38,50
60QP003975,133,97,36
60RJ000001,145,90,55
60RJ000002,79,57,22
60RJ000003,79,34,45
60RJ000004,86,55,31
60RJ000005,68,46,22
60RJ000006,109,61,48
60RJ000007,104,69,35
60RJ000008,98,48,50
60RJ000009,70,34,36
60RJ000010,72,49,23
60RJ000011,88,57,31
60RJ000012,70,52,18
60RJ000013,42,23,19
60RJ000014,74,47,27
60RJ000015,93,62,31
60RJ000016,74,50,24
60RJ000017,53,35,18
60RJ000018,53,40,13
60RJ000019,45,31,14
60RJ000020,81,59,22
60RJ000021,94,71,23
60RJ000022,83,67,16
60RJ000023,71,47,24
60RJ000024,73,53,20
60RJ000025,108,76,32
60RJ000026,103,65,38
60RJ000027,96,66,30
60RJ000028,54,34,20
60RJ000029,66,53,13
60RJ000030,58,40,18
60RJ000031,84,53,31
60RJ000032,36,28,8
60RJ000033,69,41,28
60RJ000034,57,44,13
60RJ000035,83,43,40
60RJ000036,98,67,31
60RJ000037,73,44,29
60RJ000038,56,30,26
60RJ000039,59,43,16
60RJ000040,40,20,20
60RJ000041,47,28,19
60RJ000042,58,41,17
60RJ000043,66,42,24
60RJ000044,127,71,56
60RJ000045,80,35,45
60RJ000046,86,59,27
60RJ000047,74,46,28
60RJ000048,61,40,21
60RJ000049,40,27,13
60RJ000050,49,26,23
60RJ000051,53,27,26
60RJ000052,89,54,35
60RJ000053,98,68,30
60RJ000054,98,65,33
60RJ000055,86,60,26
60RJ000056,87,61,26
60RJ000057,100,67,33
60RJ000058,114,84,30
60RJ000059,120,75,45
60RJ000060,126,80,46
60RJ000061,49,30,19
60RJ000062,43,25,18
60RJ000063,62,35,27
60RJ000064,84,37,47
60RJ000065,54,33,21
60RJ000066,84,51,33
60RJ000067,80,47,33
60RJ000068,55,32,23
60RJ000069,86,51,35
60RJ000070,50,38,12
60RJ000071,34,19,15
60RJ000072,87,52,35
60RJ000073,49,25,24
60RJ000074,78,53,25
60RJ000075,78,46,32
60RJ000076,87,64,23
60RJ000077,61,37,24
60RJ000078,46,24,22
60RJ000079,81,46,35
60RJ000080,68,46,22
60RJ000081,95,57,38
60RJ000082,77,49,28
60RJ000083,74,48,26
60RJ000084,88,45,43
60RJ000085,122,75,47
60RJ000086,82,55,27
60RJ000087,82,62,20
60RJ000088,81,58,23
60RJ000089,88,67,21
60RJ000090,117,85,32
60RJ000091,76,60,16
60RJ000092,125,91,34
60RJ000093,114,84,30
60RJ000094,75,53,22
60RJ000095,137,101,36
60RJ000096,70,58,12
60RJ000097,70,47,23
60RJ000098,117,88,29
60RJ000099,97,70,27
60RJ000100,37,27,10
60RJ000101,131,106,25
60RJ000102,116,96,20
60RJ000103,62,46,16
60RJ000104,111,81,30
60RJ000105,87,62,25
60RJ000106,61,43,18
60RJ000107,72,51,21
60RJ000108,92,58,34
60RJ000109,83,61,22
60RJ000110,65,49,16
60RJ000111,98,69,29
60RJ000112,111,78,33
60RJ000113,102,83,19
60RJ000114,137,115,22
60RJ000115,76,48,28
60RJ000116,65,39,26
60RJ000117,84,57,27
60RJ000118,79,44,35
60RJ000119,97,70,27
60RJ000120,54,43,11
60RJ000121,58,50,8
60RJ000122,54,24,30
60RJ000123,59,41,18
60RJ000124,63,37,26
60RJ000125,84,56,28
60RJ000126,77,57,20
60RJ000127,53,31,22
60RJ000128,62,35,27
60RJ000129,45,32,13
60RJ000130,62,48,14
60RJ000131,103,63,40
60RJ000132,124,82,42
60RJ000133,88,65,23
60RJ000134,129,87,42
60RJ000135,57,37,20
60RJ000136,95,52,43
60RJ000137,116,78,38
60RJ000138,120,83,37
60RJ000139,145,98,47
60RJ000140,109,72,37
60RJ000141,61,32,29
60RJ000142,47,25,22
60RJ000143,72,52,20
60RJ000144,44,28,16
60RJ000145,94,54,40
60RJ000146,99,62,37
60RJ000147,90,58,32
60RJ000148,96,60,36
60RJ000149,53,37,16
60RJ000150,126,88,38
60RJ000151,96,70,26
60RJ000152,102,76,26
60RJ000153,69,44,25
60RJ000154,118,89,29
60RJ000155,111,76,35
60RJ000156,106,70,36
60RJ000157,152,114,38
60RJ000158,120,81,39
60RJ000159,123,77,46
60RJ000160,138,100,38
60RJ000161,148,101,47
60RJ000162,82,45,37
60RJ000163,45,22,23
60RJ000164,135,82,53
60RJ000165,113,81,32
60RJ000166,86,62,24
60RJ000167,69,44,25
60RJ000168,103,64,39
60RJ000169,87,62,25
60RJ000170,114,58,56
60RJ000171,67,43,24
60RJ000172,67,37,30
60RJ000173,62,27,35
60RJ000174,56,32,24
60RJ000175,56,31,25
60RJ000176,65,35,30
60RJ000177,59,37,22
60RJ000178,81,46,35
60RJ000179,65,36,29
60RJ000180,110,83,27
60RJ000181,82,65,17
60RJ000182,59,39,20
60RJ000183,82,51,31
60RJ000184,41,28,13
60RJ000185,53,41,12
60RJ000186,102,71,31
60RJ000187,45,29,16
60RJ000188,63,36,27
60RJ000189,66,47,19
60RJ000190,84,44,40
60RJ000191,58,40,18
60RJ000192,40,25,15
60RJ000193,70,46,24
60RJ000194,98,67,31
60RJ000195,50,32,18
60RJ000196,98,63,35
60RJ000197,140,102,38
60RJ000198,48,31,17
60RJ000199,94,58,36
60RJ000200,40,23,17
60RJ000201,63,42,21
60RJ000202,55,40,15
60RJ000203,113,76,37
60RJ000204,33,24,9
60RJ000205,48,26,22
60RJ000206,114,80,34
60RJ000207,147,91,56
60RJ000208,82,57,25
60RJ000209,96,66,30
60RJ000210,115,68,47
60RJ000211,50,27,23
60RJ000212,63,43,20
60RJ000213,105,69,36
60RJ000214,186,118,68
60RJ000215,144,93,51
60RJ000216,154,108,46
60RJ000217,62,45,17
60RJ000218,89,61,28
60RJ000219,139,95,44
60RJ000220,88,62,26
60RJ000221,78,45,33
60RJ000222,81,42,39
60RJ000223,44,19,25
60RJ000224,136,79,57
60RJ000225,97,68,29
60RJ000226,53,36,17
60RJ000227,65,46,19
60RJ000228,58,32,26
60RJ000229,62,45,17
60QQ000001,111,87,24
60QQ000002,74,58,16
60QQ000003,72,53,19
60QQ000004,119,98,21
60QQ000005,59,41,18
60QQ000006,83,39,44
60QQ000007,131,95,36
60QQ000008,46,36,10
60QQ000009,46,36,10
60QQ000010,135,84,51
60QQ000011,49,36,13
60QQ000012,110,72,38
60QQ000013,105,88,17
60QQ000014,80,58,22
60QQ000015,64,51,13
60QQ000016,102,47,55
60QQ000017,106,71,35
60QQ000018,97,61,36
60QQ000019,112,82,30
60QQ000020,103,78,25
60QQ000021,65,43,22
60QQ000022,109,65,44
60QQ000023,136,114,22
60QQ000024,163,122,41
60QQ000025,150,98,52
60QQ000026,63,46,17
60QQ000027,85,50,35
60QQ000028,90,51,39
60QQ000029,93,64,29
60QQ000030,88,51,37
60QQ000031,53,26,27
60QQ000032,44,33,11
60QQ000033,120,63,57
60QQ000034,110,63,47
60QQ000035,46,28,18
60QQ000036,111,66,45
60QQ000037,80,54,26
60QQ000038,100,48,52
60QQ000039,77,41,36
60QQ000040,85,55,30
60QQ000041,87,44,43
60QQ000042,66,42,24
60QQ000043,102,66,36
60QQ000044,141,93,48
60QQ000045,62,41,21
60QQ000046,65,37,28
60QQ000047,126,82,44
60QQ000048,140,80,60
60QQ000049,126,84,42
60QQ000050,110,74,36
60QQ000051,77,57,20
60QQ000052,59,29,30
60QQ000053,61,29,32
60QQ000054,79,66,13
60QQ000055,100,80,20
60QQ000056,108,81,27
60QQ000057,77,49,28
60QQ000058,42,37,5
60QQ000059,106,77,29
60QQ000060,111,72,39
60QQ000061,102,62,40
60QQ000062,106,71,35
60QQ000063,120,78,42
60QQ000064,68,48,20
60QQ000065,141,122,19
60QQ000066,110,84,26
60QQ000067,63,31,32
60QQ000068,107,71,36
60QQ000069,81,35,46
60QQ000070,71,47,24
60QQ000071,95,58,37
60QQ000072,87,59,28
60QQ000073,81,48,33
60QQ000074,44,24,20
60QQ000075,154,109,45
60QQ000076,86,52,34
60QQ000077,86,50,36
60QQ000078,42,27,15
60QQ000079,97,81,16
60QQ000080,60,48,12
60QQ000081,71,48,23
60QQ000082,94,72,22
60QQ000083,59,53,6
60QQ000084,83,69,14
60QQ000085,43,8,35
60QQ000086,35,12,23
60QQ000087,62,14,48
60QQ000088,77,14,63
60QQ000089,44,11,33
60QQ000090,42,14,28
60QQ000091,52,8,44
60QQ000092,74,11,63
60QQ000093,72,14,58
60QQ000094,55,34,21
60QQ000095,42,32,10
60QQ000096,115,68,47
60QQ000097,39,22,17
60QQ000098,79,44,35
60QQ000099,97,56,41
60QQ000100,116,74,42
60QQ000101,70,43,27
60QQ000102,93,78,15
60QQ000103,109,80,29
60QQ000104,82,54,28
60QQ000105,125,87,38
60QQ000106,101,68,33
60QQ000107,110,83,27
60QQ000108,104,52,52
60QQ000109,142,85,57
60QQ000110,152,92,60
60QQ000111,94,57,37
60QQ000112,81,40,41
60QQ000113,86,48,38
60QQ000114,87,54,33
60QQ000115,131,81,50
60QQ000116,126,77,49
60QQ000117,77,45,32
60QQ000118,66,41,25
60QQ000119,131,80,51
60QQ000120,92,61,31
60QQ000121,102,56,46
60QQ000122,84,36,48
60QQ000123,58,25,33
60QQ000124,71,32,39
60QQ000125,57,31,26
60QQ000126,48,19,29
60QQ000127,121,71,50
60QQ000128,104,56,48
60QQ000129,80,48,32
60QQ000130,77,49,28
60QQ000131,111,41,70
60QQ000132,101,48,53
60QQ000133,60,25,35
60QQ000134,89,53,36
60QQ000135,98,56,42
60QQ000136,99,66,33
60QQ000137,77,50,27
60QQ000138,58,41,17
60QQ000139,67,43,24
60QQ000140,41,9,32
60QQ000141,103,61,42
60QQ000142,71,59,12
60QQ000143,42,29,13
60QQ000144,41,6,35
60QQ000145,108,67,41
60QQ000146,116,77,39
60QQ000147,99,50,49
60QQ000148,38,26,12
60QQ000149,51,33,18
60QQ000150,47,29,18
60QQ000151,89,62,27
60QQ000152,116,78,38
60QQ000153,109,75,34
60QQ000154,104,67,37
60QQ000155,93,62,31
60QQ000156,66,37,29
60QQ000157,91,60,31
60QQ000158,71,40,31
60QQ000159,67,44,23
60QQ000160,56,27,29
60QQ000161,65,37,28
60QQ000162,70,41,29
60QQ000163,74,42,32
60QQ000164,75,52,23
60QQ000165,92,63,29
60QQ000166,126,69,57
60QQ000167,84,50,34
60QQ000168,99,69,30
60QQ000169,93,64,29
60QQ000170,104,79,25
60QQ000171,76,48,28
60QQ000172,121,77,44
60QQ000173,59,50,9
60QQ000174,149,89,60
60QQ000175,133,87,46
60QQ000176,93,54,39
60QQ000177,120,81,39
60QQ000178,70,40,30
60QQ000179,90,69,21
60QQ000180,58,45,13
60QQ000181,97,66,31
60QQ000182,57,34,23
60QQ000183,90,61,29
60QQ000184,145,90,55
60QQ000185,81,53,28
60QQ000186,103,58,45
60QQ000187,79,47,32
60QQ000188,92,44,48
60QQ000189,133,93,40
60QQ000190,147,113,34
60QQ000191,73,62,11
60QQ000192,77,48,29
60QQ000193,70,30,40
60QQ000194,59,22,37
60QQ000195,58,24,34
60QQ000196,68,45,23
60QQ000197,91,58,33
60QQ000198,86,63,23
60QQ000199,96,64,32
60QQ000200,69,49,20
60QQ000201,112,60,52
60QQ000202,72,43,29
60QQ000203,98,53,45
60QQ000204,114,63,51
60QQ000205,67,47,20
60QQ000206,79,48,31
60QQ000207,74,49,25
60QQ000208,73,43,30
60QQ000209,68,38,30
60QQ000210,82,52,30
60QQ000211,78,44,34
60QQ000212,94,58,36
60QQ000213,87,50,37
60QQ000214,59,34,25
60QQ000215,49,29,20
60QQ000216,86,51,35
60QQ000217,71,35,36
60QQ000218,115,65,50
60QQ000219,97,51,46
60QQ000220,24,2,22
60QQ000221,66,34,32
60QQ000222,68,36,32
60QQ000223,92,39,53
60QQ000224,63,45,18
60QQ000225,59,25,34
60QQ000226,51,33,18
60QQ000227,86,65,21
60QQ000228,52,28,24
60QQ000229,49,26,23
60QQ000230,79,39,40
60QQ000231,56,28,28
60QQ000232,85,69,16
60QQ000233,92,81,11
60QQ000234,87,42,45
60QQ000235,71,66,5
60QQ000236,101,74,27
60QQ000237,105,79,26
60QQ000238,103,80,23
60QQ000239,84,63,21
60QQ000240,111,91,20
60QQ000241,89,56,33
60QQ000242,66,42,24
60QQ000243,86,57,29
60QQ000244,72,37,35
60QQ000245,69,63,6
60QQ000246,118,93,25
60QQ000247,81,63,18
60QQ000248,88,70,18
60QQ000249,50,37,13
60QQ000250,104,88,16
60QQ000251,146,87,59
60QQ000252,85,56,29
60QQ000253,86,57,29
60QQ000254,79,45,34
60QQ000255,141,99,42
60QQ000256,98,56,42
60QQ000257,142,96,46
60QQ000258,79,44,35
60QQ000259,70,31,39
60QQ000260,86,49,37
60QQ000261,97,57,40
60QQ000262,88,53,35
60QQ000263,39,25,14
60QQ000264,66,36,30
60QQ000265,155,69,86
60QQ000266,80,39,41
60QQ000267,105,94,11
60QQ000268,150,102,48
60QQ000269,103,72,31
60QQ000270,81,43,38
60QQ000271,58,35,23
60QQ000272,87,47,40
60QQ000273,110,80,30
60QQ000274,66,45,21
60QQ000275,58,27,31
60QQ000276,76,36,40
60QQ000277,149,102,47
60QQ000278,82,51,31
60QQ000279,74,40,34
60QQ000280,94,58,36
60QQ000281,93,52,41
60QQ000282,88,54,34
60QQ000283,63,44,19
60QQ000284,113,76,37
60QQ000285,125,76,49
60QQ000286,60,39,21
60QQ000287,92,63,29
60QQ000288,85,45,40
60QQ000289,74,51,23
60QQ000290,71,32,39
60QQ000291,57,21,36
60QQ000292,46,27,19
60QQ000293,46,25,21
60QQ000294,61,34,27
60QQ000295,70,43,27
60QQ000296,65,35,30
60QQ000297,79,48,31
60QQ000298,72,41,31
60QQ000299,100,55,45
60QQ000300,102,54,48
60QQ000301,78,39,39
60QQ000302,119,59,60
60QQ000303,76,46,30
60QQ000304,83,56,27
60QQ000305,77,51,26
60QQ000306,100,50,50
60QQ000307,85,48,37
60QQ000308,65,41,24
60QQ000309,93,63,30
60QQ000310,64,33,31
60QQ000311,99,62,37
60QQ000312,81,47,34
60QQ000313,67,45,22
60QQ000314,85,50,35
60QQ000315,41,28,13
60QQ000316,82,51,31
60QQ000317,82,58,24
60QQ000318,89,41,48
60QQ000319,80,49,31
60QQ000320,63,35,28
60QQ000321,79,50,29
60QQ000322,76,43,33
60QQ000323,47,23,24
60QQ000324,43,25,18
60QQ000325,80,56,24
60QQ000326,51,24,27
60QQ000327,96,57,39
60QQ000328,95,57,38
60QQ000329,100,58,42
60QQ000330,69,47,22
60QQ000331,81,49,32
60QQ000332,77,43,34
60QQ000333,62,39,23
60QQ000334,112,67,45
60QQ000335,119,68,51
60QQ000336,100,53,47
60QQ000337,98,59,39
60QQ000338,69,21,48
60QQ000339,96,71,25
60QQ000340,79,44,35
60QQ000341,66,38,28
60QQ000342,107,71,36
60QQ000343,63,28,35
60QQ000344,66,42,24
60QQ000345,72,34,38
60QQ000346,121,101,20
60QQ000347,101,79,22
60QQ000348,69,55,14
60QQ000349,70,53,17
60QQ000350,77,45,32
60QQ000351,100,78,22
60QQ000352,46,31,15
60QQ000353,115,85,30
60QQ000354,97,56,41
60QQ000355,76,39,37
60QQ000356,149,100,49
60QQ000357,74,38,36
60QQ000358,102,63,39
60QQ000359,115,54,61
60QQ000360,59,38,21
60QQ000361,75,41,34
60QQ000362,73,44,29
60QQ000363,70,44,26
60QQ000364,69,48,21
60QQ000365,60,31,29
60QQ000366,67,43,24
60QQ000367,106,65,41
60QQ000368,85,55,30
60QQ000369,81,33,48
60QQ000370,65,44,21
60QQ000371,97,59,38
60QQ000372,113,69,44
60QQ000373,79,49,30
60QQ000374,102,68,34
60QQ000375,107,56,51
60QQ000376,98,61,37
60QQ000377,92,53,39
60QQ000378,44,19,25
60QQ000379,65,28,37
60QQ000380,46,26,20
60QQ000381,119,66,53
60QQ000382,70,46,24
60QQ000383,60,41,19
60QQ000384,70,34,36
60QQ000385,53,31,22
60QQ000386,49,32,17
60QQ000387,60,41,19
60QQ000388,86,51,35
60QQ000389,82,44,38
60QQ000390,71,33,38
60QQ000391,70,38,32
60QQ000392,89,58,31
60QQ000393,99,59,40
60QQ000394,81,56,25
60QQ000395,108,68,40
60QQ000396,90,53,37
60QQ000397,148,97,51
60QQ000398,96,56,40
60QQ000399,79,47,32
60QQ000400,87,51,36
60QQ000401,94,63,31
60QQ000402,126,78,48
60QQ000403,117,99,18
60QQ000404,131,76,55
60QQ000405,100,62,38
60QQ000406,148,95,53
60QQ000407,82,61,21
60QQ000408,82,61,21
60QQ000409,35,17,18
60QQ000410,121,82,39
60QQ000411,62,44,18
60QQ000412,65,46,19
60QQ000413,50,31,19
60QQ000414,68,39,29
60QQ000415,78,45,33
60QQ000416,77,49,28
60QQ000417,66,36,30
60QQ000418,110,79,31
60QQ000419,79,47,32
60QQ000420,85,48,37
60QQ000421,69,38,31
60QQ000422,109,85,24
60QQ000423,62,42,20
60QQ000424,57,29,28
60QQ000425,57,33,24
60QQ000426,105,64,41
60QQ000427,70,45,25
60QQ000428,87,50,37
60QQ000429,88,56,32
60QQ000430,144,102,42
60QQ000431,97,48,49
60QQ000432,102,46,56
60QQ000433,48,21,27
60QQ000434,65,36,29
60QQ000435,89,54,35
60QQ000436,89,50,39
60QQ000437,74,39,35
60QQ000438,53,34,19
60QQ000439,37,22,15
60QQ000440,66,37,29
60QQ000441,51,24,27
60QQ000442,88,56,32
60QQ000443,106,65,41
60QQ000444,82,45,37
60QQ000445,83,46,37
60QQ000446,69,43,26
60QQ000447,44,39,5
60QQ000448,55,26,29
60QQ000449,122,86,36
60QQ000450,146,117,29
60QQ000451,86,42,44
60QQ000452,61,35,26
60QQ000453,76,46,30
60QQ000454,108,76,32
60QQ000455,133,100,33
60QQ000456,89,51,38
60QQ000457,254,205,49
60QQ000458,82,78,4
60QQ000459,81,58,23
60QQ000460,76,41,35
60QQ000461,111,63,48
60QQ000462,82,49,33
60QQ000463,142,96,46
60QQ000464,119,77,42
60QQ000465,104,50,54
60QQ000466,113,83,30
60QQ000467,60,27,33
60QQ000468,93,65,28
60QQ000469,70,44,26
60QQ000470,79,53,26
60QQ000471,102,73,29
60QQ000472,90,55,35
60QQ000473,139,113,26
60QQ000474,180,151,29
60QQ000475,74,42,32
60QQ000476,156,101,55
60QQ000477,81,57,24
60QQ000478,85,61,24
60QQ000479,85,58,27
60QQ000480,75,48,27
60QQ000481,91,52,39
60QQ000482,81,56,25
60QQ000483,80,72,8
60QQ000484,65,56,9
60QQ000485,96,66,30
60QQ000486,105,62,43
60QQ000487,124,88,36
60QQ000488,102,82,20
60QQ000489,176,145,31
60QQ000490,114,92,22
60QQ000491,108,91,17
60QQ000492,92,84,8
60QQ000493,108,88,20
60QQ000494,160,110,50
60QQ000495,128,98,30
60QQ000496,130,108,22
60QQ000497,44,37,7
60QQ000498,91,42,49
60QQ000499,99,67,32
60QQ000500,92,56,36
60QQ000501,71,46,25
60QQ000502,89,70,19
60QQ000503,120,79,41
60QQ000504,55,33,22
60QQ000505,93,61,32
60QQ000506,105,89,16
60QQ000507,79,37,42
60QQ000508,83,58,25
60QQ000509,102,79,23
60QQ000510,83,60,23
60QQ000511,87,59,28
60QQ000512,92,71,21
60QQ000513,97,50,47
60QQ000514,115,60,55
60QQ000515,50,20,30
60QQ000516,34,27,7
60QQ000517,90,53,37
60QQ000518,81,47,34
60QQ000519,91,49,42
60QQ000520,86,71,15
60QQ000521,64,47,17
60QQ000522,64,51,13
60QQ000523,93,82,11
60QQ000524,149,118,31
60QQ000525,162,124,38
60QQ000526,106,69,37
60QQ000527,121,83,38
60QQ000528,86,48,38
60QQ000529,81,45,36
60QQ000530,104,55,49
60QQ000531,62,37,25
60QQ000532,123,83,40
60QQ000533,128,77,51
60QQ000534,60,45,15
60QQ000535,127,83,44
60QQ000536,88,64,24
60QQ000537,73,44,29
60QQ000538,122,52,70
60QQ000539,79,56,23
60QQ000540,84,54,30
60QQ000541,81,53,28
60QQ000542,147,99,48
60QQ000543,164,89,75
60QQ000544,89,58,31
60QQ000545,88,53,35
60QQ000546,71,43,28
60QQ000547,114,73,41
60QQ000548,113,72,41
60QQ000549,118,71,47
60QQ000550,127,75,52
60QQ000551,71,49,22
60QQ000552,149,100,49
60QQ000553,79,54,25
60QQ000554,109,80,29
60QQ000555,75,49,26
60QQ000556,150,117,33
60QQ000557,64,44,20
60QQ000558,108,72,36
60QQ000559,88,49,39
60QQ000560,57,28,29
60QQ000561,105,66,39
60QQ000562,87,69,18
60QQ000563,88,52,36
60QQ000564,101,59,42
60QQ000565,59,35,24
60QQ000566,85,59,26
60QQ000567,76,53,23
60QQ000568,66,43,23
60QQ000569,84,40,44
60QQ000570,102,66,36
60QQ000571,100,76,24
60QQ000572,74,61,13
60QQ000573,112,84,28
60QQ000574,117,82,35
60QQ000575,131,76,55
60QQ000576,78,48,30
60QQ000577,106,77,29
60QQ000578,102,64,38
60QQ000579,91,67,24
60QQ000580,118,84,34
60QQ000581,108,51,57
60QQ000582,84,43,41
60QQ000583,69,47,22
60QQ000584,107,74,33
60QQ000585,120,84,36
60QQ000586,104,72,32
60QQ000587,118,73,45
60QQ000588,97,55,42
60QQ000589,85,57,28
60QQ000590,64,56,8
60QQ000591,102,70,32
60QQ000592,94,63,31
60QQ000593,73,43,30
60QQ000594,117,88,29
60QQ000595,80,44,36
60QQ000596,45,20,25
60QQ000597,46,36,10
60QQ000598,43,23,20
60QQ000599,118,93,25
60QQ000600,91,59,32
60QQ000601,61,55,6
60QQ000602,74,67,7
60QQ000603,100,82,18
60QQ000604,164,134,30
60QQ000605,81,52,29
60QQ000606,102,88,14
60QQ000607,98,86,12
60QQ000608,109,96,13
60QQ000609,79,54,25
60QQ000610,77,58,19
60QQ000611,92,66,26
60QQ000612,78,52,26
60QQ000613,119,80,39
60QQ000614,137,78,59
60QQ000615,77,41,36
60QQ000616,88,52,36
60QQ000617,98,71,27
60QQ000618,97,54,43
60QQ000619,77,52,25
60QQ000620,79,45,34
60QQ000621,121,91,30
60QQ000622,107,83,24
60QQ000623,155,101,54
60QQ000624,53,35,18
60QQ000625,163,125,38
60QQ000626,135,91,44
60QQ000627,101,73,28
60QQ000628,95,59,36
60QQ000629,133,102,31
60QQ000630,113,75,38
60QQ000631,125,84,41
60QQ000632,59,30,29
60QQ000633,84,80,4
60QQ000634,107,72,35
60QQ000635,66,37,29
60QQ000636,68,35,33
60QQ000637,150,125,25
60QQ000638,117,96,21
60QQ000639,85,71,14
60QQ000640,88,52,36
60QQ000641,62,32,30
60QQ000642,64,30,34
60QQ000643,62,33,29
60QQ000644,127,91,36
60QQ000645,110,61,49
60QQ000646,139,84,55
60QQ000647,129,95,34
60QQ000648,109,75,34
60QQ000649,105,74,31
60QQ000650,87,48,39
60QQ000651,41,11,30
60QQ000652,77,27,50
60QQ000653,41,24,17
60QQ000654,64,34,30
60QQ000655,72,44,28
60QQ000656,74,45,29
60QQ000657,107,71,36
60QQ000658,114,79,35
60QQ000659,90,48,42
60QQ000660,85,65,20
60QQ000661,46,21,25
60QQ000662,137,77,60
60QQ000663,114,55,59
60QQ000664,106,76,30
60QQ000665,107,67,40
60QQ000666,134,94,40
60QQ000667,100,76,24
60QQ000668,108,65,43
60QQ000669,73,41,32
60QQ000670,97,63,34
60QQ000671,58,39,19
60QQ000672,120,99,21
60QQ000673,93,71,22
60QQ000674,47,40,7
60QQ000675,129,112,17
60QQ000676,152,132,20
60QQ000677,152,134,18
60QQ000678,106,74,32
60QQ000679,117,109,8
60QQ000680,94,78,16
60QQ000681,107,76,31
60QQ000682,81,53,28
60QQ000683,126,91,35
60QQ000684,88,55,33
60QQ000685,69,52,17
60QQ000686,166,128,38
60QQ000687,87,66,21
60QQ000688,58,18,40
60QQ000689,99,84,15
60QQ000690,69,27,42
60QQ000691,80,51,29
60QQ000692,150,98,52
60QQ000693,135,83,52
60QQ000694,82,51,31
60QQ000695,111,82,29
60QQ000696,108,68,40
60QQ000697,95,52,43
60QQ000698,117,75,42
60QQ000699,85,65,20
60QQ000700,112,77,35
60QQ000701,79,53,26
60QQ000702,79,54,25
60QQ000703,146,90,56
60QQ000704,125,77,48
60QQ000705,73,49,24
60QQ000706,161,108,53
60QQ000707,141,98,43
60QQ000708,111,78,33
60QQ000709,77,45,32
60QQ000710,108,59,49
60QQ000711,84,45,39
60QQ000712,77,38,39
60QQ000713,76,33,43
60QQ000714,110,70,40
60QQ000715,66,42,24
60QQ000716,76,43,33
60QQ000717,44,16,28
60QQ000718,65,52,13
60QQ000719,71,44,27
60QQ000720,44,25,19
60QQ000721,64,40,24
60QQ000722,136,95,41
60QQ000723,98,77,21
60QQ000724,142,105,37
60QQ000725,107,67,40
60QQ000726,94,51,43
60QQ000727,74,51,23
60QQ000728,94,46,48
60QQ000729,100,65,35
60QQ000730,67,48,19
60QQ000731,65,43,22
60QQ000732,44,23,21
60QQ000733,59,32,27
60QQ000734,109,87,22
60QQ000735,127,93,34
60QQ000736,114,66,48
60QQ000737,62,44,18
60QQ000738,45,41,4
60QQ000739,83,53,30
60QQ000740,136,107,29
60QQ000741,151,122,29
60QQ000742,166,139,27
60QQ000743,125,97,28
60QQ000744,137,114,23
60QQ000745,69,39,30
60QQ000746,74,51,23
60QQ000747,83,64,19
60QQ000748,96,49,47
60QQ000749,83,49,34
60QQ000750,149,96,53
60QQ000751,128,85,43
60QQ000752,93,53,40
60QQ000753,120,69,51
60QQ000754,79,39,40
60QQ000755,140,106,34
60QQ000756,134,99,35
60QQ000757,140,103,37
60QQ000758,76,53,23
60QQ000759,172,117,55
60QQ000760,75,55,20
60QQ000761,112,88,24
60QQ000762,151,118,33
60QQ000763,105,68,37
60QQ000764,108,57,51
60QQ000765,106,65,41
60QQ000766,69,39,30
60QQ000767,89,51,38
60QQ000768,77,53,24
60QQ000769,97,57,40
60QQ000770,76,50,26
60QQ000771,45,27,18
60QQ000772,74,48,26
60QQ000773,68,43,25
60QQ000774,98,79,19
60QQ000775,91,59,32
60QQ000776,64,38,26
60QQ000777,57,33,24
60QQ000778,44,17,27
60QQ000779,90,67,23
60QQ000780,66,48,18
60QQ000781,62,36,26
60QQ000782,122,73,49
60QQ000783,114,86,28
60QQ000784,73,38,35
60QQ000785,103,55,48
60QQ000786,107,57,50
60QQ000787,79,46,33
60QQ000788,120,67,53
60QQ000789,70,39,31
60QQ000790,134,104,30
60QQ000791,80,59,21
60QQ000792,74,46,28
60QQ000793,51,40,11
60QQ000794,86,71,15
60QQ000795,51,35,16
60QQ000796,44,23,21
60QQ000797,97,53,44
60QQ000798,76,45,31
60QQ000799,70,33,37
60QQ000800,114,48,66
60QQ000801,94,43,51
60QQ000802,50,21,29
60QQ000803,117,91,26
60QQ000804,98,71,27
60QQ000805,108,82,26
60QQ000806,98,76,22
60QQ000807,87,50,37
60QQ000808,127,89,38
60QQ000809,120,86,34
60QQ000810,110,82,28
60QQ000811,83,57,26
60QQ000812,104,80,24
60QQ000813,105,84,21
60QQ000814,82,40,42
60QQ000815,79,41,38
60QQ000816,79,51,28
60QQ000817,29,15,14
60QQ000818,81,49,32
60QQ000819,84,43,41
60QQ000820,72,55,17
60QQ000821,111,85,26
60QQ000822,150,117,33
60QQ000823,126,80,46
60QQ000824,143,107,36
60QQ000825,132,90,42
60QQ000826,127,93,34
60QQ000827,76,39,37
60QQ000828,77,43,34
60QQ000829,70,47,23
60QQ000830,80,51,29
60QQ000831,64,37,27
60QQ000832,77,46,31
60QQ000833,86,56,30
60QQ000834,74,52,22
60QQ000835,102,51,51
60QQ000836,94,53,41
60QQ000837,66,42,24
60QQ000838,100,57,43
60QQ000839,63,29,34
60QQ000840,95,61,34
60QQ000841,108,59,49
60QQ000842,84,37,47
60QQ000843,60,47,13
60QQ000844,110,69,41
60QQ000845,44,31,13
60QQ000846,64,36,28
60QQ000847,83,52,31
60QQ000848,44,29,15
60QQ000849,62,31,31
60QQ000850,98,60,38
60QQ000851,118,74,44
60QQ000852,128,85,43
60QQ000853,74,46,28
60QQ000854,110,71,39
60QQ000855,92,66,26
60QQ000856,50,43,7
60QQ000857,81,46,35
60QQ000858,51,32,19
60QQ000859,116,56,60
60QQ000860,83,57,26
60QQ000861,79,69,10
60QQ000862,58,22,36
60QQ000863,63,45,18
60QQ000864,80,60,20
60QQ000865,99,78,21
60QQ000866,93,68,25
60QQ000867,99,78,21
60QQ000868,69,40,29
60QQ000869,45,23,22
60QQ000870,83,65,18
60QQ000871,54,42,12
60QQ000872,71,51,20
60QQ000873,45,32,13
60QQ000874,65,40,25
60QQ000875,127,91,36
60QQ000876,75,38,37
60QQ000877,59,36,23
60QQ000878,64,37,27
60QQ000879,44,33,11
60QQ000880,49,42,7
60QQ000881,122,77,45
60QQ000882,87,49,38
60QQ000883,167,152,15
60QQ000884,47,38,9
60QQ000885,63,53,10
60QQ000886,71,66,5
60QQ000887,90,63,27
60QQ000888,93,60,33
60QQ000889,65,46,19
60QQ000890,82,60,22
60QQ000891,149,104,45
60QQ000892,105,77,28
60QQ000893,74,40,34
60QQ000894,61,50,11
60QQ000895,90,53,37
60QQ000896,110,78,32
60QQ000897,66,47,19
60QQ000898,54,26,28
60QQ000899,17,1,16
60QQ000900,44,27,17
60QQ000901,49,31,18
60QQ000902,53,47,6
60QQ000903,64,27,37
60QQ000904,55,43,12
60QQ000905,54,22,32
60QQ000906,113,75,38
60QQ000907,72,39,33
60QQ000908,95,54,41
60QQ000909,82,60,22
60QQ000910,91,60,31
60QQ000911,45,34,11
60QQ000912,93,55,38
60QQ000913,50,28,22
60QQ000914,39,21,18
60QQ000915,50,32,18
60QQ000916,51,36,15
60QQ000917,71,58,13
60QQ000918,50,32,18
60QQ000919,62,39,23
60QQ000920,68,55,13
60QQ000921,57,39,18
60QQ000922,63,44,19
60QQ000923,94,71,23
60QQ000924,40,24,16
60QQ000925,72,57,15
60QQ000926,89,70,19
60QQ000927,137,117,20
60QQ000928,41,24,17
60QQ000929,65,47,18
60QQ000930,50,41,9
60QQ000931,67,28,39
60QQ000932,78,58,20
60QQ000933,94,57,37
60QQ000934,102,69,33
60QQ000935,123,99,24
60QQ000936,65,35,30
60QQ000937,83,56,27
60QQ000938,134,84,50
60QQ000939,70,34,36
60QQ000940,99,51,48
60QQ000941,53,41,12
60QQ000942,54,33,21
60QQ000943,94,57,37
60QQ000944,57,38,19
60QQ000945,38,27,11
60QQ000946,110,55,55
60QQ000947,72,57,15
60QQ000948,84,51,33
60QQ000949,62,39,23
60QQ000950,67,45,22
60QQ000951,68,46,22
60QQ000952,135,98,37
60QQ000953,106,73,33
60QQ000954,45,34,11
60QQ000955,41,30,11
60QQ000956,85,53,32
60QQ000957,57,42,15
60QQ000958,116,84,32
60QQ000959,120,93,27
60QQ000960,25,2,23
60QQ000961,25,2,23
60QQ000962,37,9,28
60QQ000963,36,9,27
60QQ000964,34,9,25
60QQ000965,44,10,34
60QQ000966,33,3,30
60QQ000967,27,3,24
60QQ000968,49,23,26
60QQ000969,88,50,38
60QQ000970,78,43,35
60QQ000971,15,4,11
60QQ000972,69,59,10
60QQ000973,66,42,24
60QQ000974,84,45,39
60QQ000975,61,41,20
60QQ000976,62,47,15
60QQ000977,96,54,42
60QQ000978,108,65,43
60QQ000979,63,40,23
60QQ000980,143,100,43
60QQ000981,45,24,21
60QQ000982,81,61,20
60QQ000983,102,74,28
60QQ000984,106,60,46
60QQ000985,60,43,17
60QQ000986,54,37,17
60QQ000987,65,60,5
60QQ000988,60,27,33
60QQ000989,57,31,26
60QQ000990,104,65,39
60QQ000991,64,39,25
60QQ000992,59,28,31
60QQ000993,48,22,26
60QQ000994,92,64,28
60QQ000995,45,30,15
60QQ000996,85,63,22
60QQ000997,86,62,24
60QQ000998,89,66,23
60QQ000999,90,59,31
60QQ001000,80,54,26
60QQ001001,75,51,24
60QQ001002,73,52,21
60QQ001003,74,49,25
60QQ001004,356,302,54
60QQ001005,87,67,20
60QQ001006,134,113,21
60QQ001007,66,55,11
60QQ001008,67,40,27
60QQ001009,88,73,15
60QQ001010,73,56,17
60QQ001011,93,72,21
60QQ001012,132,118,14
60QQ001013,57,32,25
60QQ001014,86,66,20
60QQ001015,85,60,25
60QQ001016,62,59,3
60QQ001017,116,98,18
60QQ001018,86,77,9
60QQ001019,86,79,7
60QQ001020,54,40,14
60QQ001021,133,73,60
60QQ001022,64,50,14
60QQ001023,96,42,54
60QQ001024,38,7,31
60QQ001025,75,51,24
60QQ001026,91,68,23
60QQ001027,174,102,72
60QQ001028,49,30,19
60QQ001029,127,84,43
60QQ001030,88,50,38
60QQ001031,54,27,27
60QQ001032,79,48,31
60QQ001033,41,27,14
60QQ001034,93,64,29
60QQ001035,91,49,42
60QQ001036,127,91,36
60QQ001037,123,80,43
60QQ001038,81,67,14
60QQ001039,66,34,32
60QQ001040,37,19,18
60QQ001041,49,26,23
60QQ001042,84,54,30
60QQ001043,46,25,21
60QQ001044,109,82,27
60QQ001045,121,106,15
60QQ001046,146,115,31
60QQ001047,94,73,21
60QQ001048,77,37,40
60QQ001049,72,71,1
60QQ001050,100,83,17
60QQ001051,115,103,12
60QQ001052,89,76,13
60QQ001053,103,79,24
60QQ001054,97,81,16
60QQ001055,83,72,11
60QQ001056,67,57,10
60QQ001057,153,127,26
60QQ001058,110,95,15
60QQ001059,79,64,15
60QQ001060,49,46,3
60QQ001061,129,76,53
60QQ001062,69,49,20
60QQ001063,48,41,7
60QQ001064,64,21,43
60QQ001065,87,48,39
60QQ001066,52,35,17
60QQ001067,70,44,26
60QQ001068,59,47,12
60QQ001069,104,75,29
60QQ001070,29,16,13
60QQ001071,56,29,27
60QQ001072,77,46,31
60QQ001073,80,49,31
60QQ001074,74,41,33
60QQ001075,50,22,28
60QQ001076,98,74,24
60QQ001077,58,33,25
60QQ001078,71,45,26
60QQ001079,69,47,22
60QQ001080,129,64,65
60QQ001081,72,54,18
60QQ001082,38,27,11
60QQ001083,89,67,22
60QQ001084,84,62,22
60QQ001085,96,83,13
60QQ001086,105,86,19
60QQ001087,91,70,21
60QQ001088,64,42,22
60QQ001089,63,41,22
60QQ001090,78,60,18
60QQ001091,78,61,17
60QQ001092,61,50,11
60QQ001093,95,60,35
60QQ001094,128,92,36
60QQ001095,83,56,27
60QQ001096,65,41,24
60QQ001097,154,78,76
60QQ001098,126,93,33
60QQ001099,70,56,14
60QQ001100,105,61,44
60QQ001101,60,38,22
60QQ001102,68,46,22
60QQ001103,96,67,29
60QQ001104,367,92,275
60QQ001105,84,79,5
60QQ001106,104,99,5
60QQ001107,110,97,13
60QQ001108,87,42,45
60QQ001109,34,24,10
60QQ001110,71,50,21
60QQ001111,92,73,19
60QQ001112,108,71,37
60QQ001113,61,37,24
60QQ001114,43,29,14
60QQ001115,170,138,32
60QQ001116,118,84,34
60QQ001117,55,46,9
60QQ001118,112,91,21
60QQ001119,62,50,12
60QQ001120,89,85,4
60QQ001121,92,77,15
60QQ001122,72,60,12
60QQ001123,144,81,63
60QQ001124,83,61,22
60QQ001125,89,78,11
60QQ001126,80,66,14
60QQ001127,137,102,35
60QQ001128,96,58,38
60QQ001129,85,70,15
60QQ001130,57,20,37
60QQ001131,102,68,34
60QQ001132,63,37,26
60QQ001133,93,83,10
60QQ001134,124,108,16
60QQ001135,71,40,31
60QQ001136,75,55,20
60QQ001137,98,93,5
60QQ001138,81,40,41
60QQ001139,107,87,20
60QQ001140,115,97,18
60QQ001141,39,37,2
60QQ001142,70,42,28
60QQ001143,105,87,18
60QQ001144,104,89,15
60QQ001145,68,55,13
60QQ001146,99,80,19
60QQ001147,82,57,25
60QQ001148,154,113,41
60QQ001149,89,58,31
60QQ001150,73,42,31
60QQ001151,61,42,19
60QQ001152,78,47,31
60QQ001153,49,32,17
60QQ001154,120,88,32
60QQ001155,73,58,15
60QQ001156,160,121,39
60QQ001157,52,36,16
60QQ001158,68,49,19
60QQ001159,105,76,29
60QQ001160,85,72,13
60QQ001161,145,122,23
60QQ001162,44,31,13
60QQ001163,116,54,62
60QQ001164,137,89,48
60QQ001165,72,50,22
60QQ001166,88,63,25
60QQ001167,101,80,21
60QQ001168,75,60,15
60QQ001169,139,101,38
60QQ001170,68,55,13
60QQ001171,130,106,24
60QQ001172,53,37,16
60QQ001173,82,48,34
60QQ001174,114,65,49
60QQ001175,54,46,8
60QQ001176,65,37,28
60QQ001177,65,32,33
60QQ001178,61,39,22
60QQ001179,88,60,28
60QQ001180,106,92,14
60QQ001181,98,67,31
60QQ001182,119,66,53
60QQ001183,81,40,41
60QQ001184,49,27,22
60QQ001185,103,71,32
60QQ001186,88,62,26
60QQ001187,60,40,20
60QQ001188,114,100,14
60QQ001189,124,103,21
60QQ001190,110,91,19
60QQ001191,138,114,24
60QQ001192,83,63,20
60QQ001193,43,19,24
60QQ001194,79,48,31
60QQ001195,370,66,304
60QQ001196,86,61,25
60QQ001197,106,94,12
60QQ001198,69,52,17
60QQ001199,89,81,8
60QQ001200,116,88,28
60QQ001201,172,133,39
60QQ001202,98,88,10
60QQ001203,68,56,12
60QQ001204,103,90,13
60QQ001205,115,92,23
60QQ001206,142,134,8
60QQ001207,66,59,7
60QQ001208,82,39,43
60QQ001209,77,45,32
60QQ001210,122,97,25
60QR000001,59,42,17
60QR000002,157,119,38
60QR000003,118,79,39
60QR000004,80,50,30
60QR000005,114,68,46
60QR000006,110,81,29
60QR000007,49,26,23
60QR000008,90,55,35
60QR000009,54,39,15
60QR000010,113,75,38
60QR000011,83,64,19
60QR000012,72,63,9
60QR000013,86,73,13
60QR000014,59,44,15
60QR000015,125,99,26
60QR000016,91,65,26
60QR000017,122,61,61
60QR000018,120,92,28
60QR000019,109,87,22
60QR000020,78,61,17
60QR000021,106,72,34
60QR000022,116,74,42
60QR000023,102,69,33
60QR000024,49,39,10
60QR000025,60,29,31
60QR000026,130,106,24
60QR000027,117,85,32
60QR000028,95,68,27
60QR000029,145,93,52
60QR000030,104,67,37
60QR000031,92,68,24
60QR000032,109,86,23
60QR000033,95,62,33
60QR000034,62,33,29
60QR000035,56,40,16
60QR000036,94,66,28
60QR000037,88,51,37
60QR000038,136,111,25
60QR000039,41,35,6
60QR000040,128,95,33
60QR000041,76,55,21
60QR000042,97,68,29
60QR000043,108,82,26
60QR000044,65,38,27
60QR000045,99,78,21
60QR000046,49,40,9
60QR000047,82,65,17
60QR000048,105,76,29
60QR000049,48,39,9
60QR000050,47,37,10
60QR000051,40,20,20
60QR000052,119,99,20
60QR000053,152,116,36
60QR000054,102,79,23
60QR000055,53,41,12
60QR000056,53,45,8
60QR000057,64,47,17
60QR000058,114,79,35
60QR000059,90,50,40
60QR000060,112,71,41
60QR000061,88,52,36
60QR000062,86,55,31
60QR000063,115,76,39
60QR000064,57,38,19
60QR000065,57,40,17
60QR000066,75,48,27
60QR000067,115,77,38
60QR000068,103,76,27
60QR000069,76,52,24
60QR000070,88,63,25
60QR000071,78,58,20
60QR000072,65,48,17
60QR000073,48,36,12
60QR000074,56,37,19
60QR000075,56,34,22
60QR000076,69,42,27
60QR000077,80,48,32
60QR000078,69,40,29
60QR000079,76,41,35
60QR000080,114,86,28
60QR000081,88,74,14
60QR000082,61,47,14
60QR000083,95,68,27
60QR000084,107,80,27
60QR000085,124,105,19
60QR000086,94,70,24
60QR000087,42,31,11
60QR000088,69,44,25
60QR000089,57,35,22
60QR000090,124,95,29
60QR000091,92,64,28
60QR000092,89,70,19
60QR000093,97,66,31
60QR000094,57,44,13
60QR000095,85,60,25
60QR000096,96,72,24
60QR000097,79,54,25
60QR000098,80,71,9
60QR000099,50,41,9
60QR000100,113,77,36
60QR000101,64,49,15
60QR000102,102,65,37
60QR000103,60,44,16
60QR000104,105,72,33
60QR000105,132,94,38
60QR000106,63,49,14
60QR000107,96,59,37
60QR000108,75,49,26
60QR000109,72,48,24
60QR000110,63,48,15
60QR000111,112,73,39
60QR000112,76,53,23
60QR000113,118,82,36
60QR000114,87,63,24
60QR000115,115,78,37
60QR000116,99,70,29
60QR000117,128,92,36
60QR000118,102,63,39
60QR000119,102,70,32
60QR000120,123,88,35
60QR000121,95,65,30
60QR000122,318,119,199
60QR000123,111,67,44
60QR000124,64,45,19
60QR000125,110,80,30
60QR000126,107,65,42
60QR000127,96,82,14
60QR000128,99,60,39
60QR000129,110,92,18
60QR000130,129,94,35
60QR000131,133,112,21
60QR000132,110,61,49
60QR000133,103,79,24
60QR000134,117,101,16
60QR000135,64,48,16
60QR000136,94,86,8
60QR000137,68,53,15
60QR000138,120,73,47
60QR000139,140,104,36
60QR000140,107,73,34
60QR000141,118,77,41
60QR000142,138,105,33
60QR000143,85,54,31
60QR000144,133,93,40
60QR000145,101,76,25
60QR000146,82,69,13
60QR000147,88,61,27
60QR000148,67,54,13
60QR000149,53,38,15
60QR000150,132,80,52
60QR000151,114,63,51
60QR000152,108,68,40
60QR000153,101,72,29
60QR000154,87,65,22
60QR000155,122,83,39
60QR000156,108,84,24
60QR000157,111,83,28
60QR000158,95,68,27
60QR000159,31,23,8
60QR000160,105,83,22
60QR000161,65,42,23
60QR000162,93,76,17
60QR000163,73,55,18
60QR000164,158,121,37
60QR000165,151,125,26
60QR000166,55,47,8
60QR000167,61,50,11
60QR000168,100,76,24
60QR000169,48,42,6
60QR000170,85,67,18
60QR000171,99,69,30
60QR000172,151,124,27
60QR000173,119,114,5
60QR000174,137,109,28
60QR000175,110,99,11
60QR000176,132,94,38
60QR000177,123,86,37
60QR000178,151,122,29
60QR000179,115,79,36
60QR000180,79,48,31
60QR000181,129,85,44
60QR000182,78,44,34
60QR000183,75,53,22
60QR000184,68,52,16
60QR000185,29,14,15
60QR000186,89,64,25
60QR000187,69,48,21
60QR000188,100,53,47
60QR000189,100,61,39
60QR000190,68,46,22
60QR000191,58,32,26
60QR000192,76,48,28
60QR000193,108,84,24
60QR000194,108,67,41
60QR000195,115,79,36
60QR000196,88,59,29
60QR000197,79,58,21
60QR000198,40,24,16
60QR000199,88,65,23
60QR000200,110,84,26
60QR000201,85,62,23
60QR000202,95,71,24
60QR000203,97,74,23
60QR000204,78,50,28
60QR000205,91,63,28
60QR000206,71,50,21
60QR000207,64,37,27
60QR000208,79,44,35
60QR000209,80,57,23
60QR000210,54,33,21
60QR000211,101,68,33
60QR000212,84,52,32
60QR000213,92,65,27
60QR000214,77,49,28
60QR000215,71,46,25
60QR000216,67,47,20
60QR000217,104,59,45
60QR000218,125,91,34
60QR000219,124,86,38
60QR000220,113,75,38
60QR000221,113,70,43
60QR000222,98,77,21
60QR000223,83,58,25
60QR000224,74,54,20
60QR000225,60,39,21
60QR000226,75,55,20
60QR000227,67,51,16
60QR000228,106,72,34
60QR000229,50,40,10
60QR000230,55,35,20
60QR000231,126,82,44
60QR000232,105,65,40
60QR000233,63,34,29
60QR000234,102,74,28
60QR000235,112,70,42
60QR000236,85,59,26
60QR000237,79,66,13
60QR000238,116,85,31
60QR000239,106,80,26
60QR000240,67,51,16
60QR000241,90,49,41
60QR000242,87,59,28
60QR000243,94,70,24
60QR000244,105,83,22
60QR000245,61,51,10
60QR000246,131,86,45
60QR000247,106,67,39
60QR000248,117,83,34
60QR000249,116,81,35
60QR000250,77,49,28
60QR000251,47,35,12
60QR000252,87,58,29
60QR000253,78,57,21
60QR000254,88,56,32
60QR000255,33,11,22
60QR000256,115,93,22
60QR000257,65,44,21
60QR000258,74,67,7
60QR000259,88,47,41
60QR000260,104,74,30
60QR000261,80,69,11
60QR000262,77,52,25
60QR000263,62,28,34
60QR000264,66,35,31
60QR000265,163,116,47
60QR000266,133,108,25
60QR000267,63,42,21
60QR000268,80,56,24
60QR000269,84,51,33
60QR000270,69,53,16
60QR000271,100,65,35
60QR000272,98,59,39
60QR000273,53,28,25
60QR000274,74,45,29
60QR000275,148,82,66
60QR000276,96,60,36
60QR000277,40,33,7
60QR000278,74,43,31
60QR000279,65,33,32
60QR000280,104,68,36
60QR000281,72,45,27
60QR000282,100,74,26
60QR000283,82,63,19
60QR000284,119,92,27
60QR000285,116,83,33
60QR000286,101,74,27
60QR000287,94,68,26
60QR000288,73,46,27
60QR000289,83,58,25
60QR000290,99,61,38
60QR000291,84,52,32
60QR000292,81,44,37
60QR000293,73,44,29
60QR000294,78,56,22
60QR000295,120,65,55
60QR000296,93,74,19
60QR000297,89,51,38
60QR000298,39,29,10
60QR000299,65,33,32
60QR000300,111,73,38
60QR000301,114,70,44
60QR000302,79,54,25
60QR000303,98,70,28
60QR000304,99,47,52
60QR000305,94,60,34
60QR000306,97,58,39
60QR000307,71,28,43
60QR000308,99,50,49
60QR000309,99,56,43
60QR000310,71,34,37
60QR000311,67,29,38
60QR000312,64,39,25
60QR000313,97,54,43
60QR000314,86,43,43
60QR000315,91,66,25
60QR000316,111,54,57
60QR000317,58,33,25
60QR000318,100,66,34
60QR000319,85,59,26
60QR000320,89,58,31
60QR000321,86,57,29
60QR000322,112,79,33
60QR000323,45,29,16
60QR000324,79,53,26
60QR000325,74,42,32
60QR000326,79,58,21
60QR000327,64,45,19
60QR000328,119,87,32
60QR000329,124,93,31
60QR000330,96,66,30
60QR000331,89,72,17
60QR000332,121,86,35
60QR000333,80,44,36
60QR000334,116,80,36
60QR000335,106,96,10
60QR000336,123,88,35
60QR000337,108,64,44
60QR000338,47,25,22
60QR000339,67,43,24
60QR000340,97,65,32
60QR000341,67,56,11
60QR000342,66,44,22
60QR000343,74,51,23
60QR000344,93,54,39
60QR000345,119,73,46
60QR000346,80,56,24
60QR000347,87,54,33
60QR000348,126,88,38
60QR000349,57,30,27
60QR000350,88,71,17
60QR000351,92,76,16
60QR000352,46,39,7
60QR000353,51,40,11
60QR000354,72,61,11
60QR000355,57,48,9
60QR000356,148,111,37
60QR000357,91,68,23
60QR000358,96,80,16
60QR000359,67,43,24
60QR000360,75,46,29
60QR000361,31,24,7
60QR000362,69,48,21
60QR000363,118,88,30
60QR000364,84,56,28
60QR000365,72,56,16
60QR000366,95,66,29
60QR000367,75,50,25
60QR000368,66,39,27
60QR000369,72,35,37
60QR000370,69,48,21
60QR000371,89,62,27
60QR000372,116,79,37
60QR000373,26,18,8
60QR000374,136,94,42
60QR000375,63,55,8
60QR000376,109,87,22
60QR000377,80,70,10
60QR000378,80,57,23
60QR000379,74,54,20
60QR000380,65,49,16
60QR000381,65,46,19
60QR000382,115,74,41
60QR000383,68,41,27
60QR000384,70,41,29
60QR000385,91,51,40
60QR000386,87,54,33
60QR000387,67,43,24
60QR000388,114,69,45
60QR000389,69,46,23
60QR000390,48,27,21
60QR000391,126,101,25
60QR000392,157,117,40
60QR000393,129,103,26
60QR000394,137,107,30
60QR000395,105,68,37
60QR000396,87,50,37
60QR000397,98,66,32
60QR000398,79,51,28
60QR000399,83,43,40
60QR000400,76,45,31
60QR000401,92,60,32
60QR000402,61,35,26
60QR000403,55,34,21
60QR000404,101,54,47
60QR000405,40,26,14
60QR000406,80,51,29
60QR000407,52,25,27
60QR000408,61,26,35
60QR000409,85,50,35
60QR000410,105,65,40
60QR000411,48,21,27
60QR000412,69,46,23
60QR000413,62,40,22
60QR000414,103,71,32
60QR000415,56,32,24
60QR000416,50,30,20
60QR000417,59,25,34
60QR000418,62,32,30
60QR000419,86,42,44
60QR000420,38,14,24
60QR000421,85,48,37
60QR000422,53,32,21
60QR000423,119,73,46
60QR000424,49,30,19
60QR000425,94,50,44
60QR000426,40,21,19
60QR000427,68,38,30
60QR000428,75,46,29
60QR000429,89,57,32
60QR000430,67,35,32
60QR000431,57,34,23
60QR000432,94,53,41
60QR000433,58,39,19
60QR000434,79,43,36
60QR000435,150,112,38
60QR000436,81,59,22
60QR000437,118,95,23
60QR000438,50,32,18
60QR000439,105,67,38
60QR000440,89,68,21
60QR000441,86,48,38
60QR000442,109,79,30
60QR000443,135,107,28
60QR000444,124,96,28
60QR000445,127,83,44
60QR000446,92,63,29
60QR000447,100,85,15
60QR000448,107,83,24
60QR000449,116,84,32
60QR000450,150,107,43
60QR000451,81,67,14
60QR000452,120,89,31
60QR000453,85,55,30
60QR000454,131,104,27
60QR000455,138,106,32
60QR000456,106,79,27
60QR000457,136,93,43
60QR000458,80,64,16
60QR000459,96,78,18
60QR000460,92,70,22
60QR000461,50,40,10
60QR000462,65,53,12
60QR000463,81,46,35
60QR000464,108,79,29
60QR000465,138,106,32
60QR000466,70,45,25
60QR000467,63,49,14
60QR000468,57,45,12
60QR000469,80,62,18
60QR000470,84,47,37
60QR000471,86,66,20
60QR000472,80,62,18
60QR000473,91,61,30
60QR000474,87,64,23
60QR000475,105,74,31
60QR000476,136,95,41
60QR000477,120,93,27
60QR000478,140,117,23
60QR000479,106,78,28
60QR000480,70,53,17
60QR000481,156,124,32
60QR000482,152,108,44
60QR000483,122,99,23
60QR000484,134,101,33
60QR000485,88,68,20
60QR000486,84,58,26
60QR000487,107,59,48
60QR000488,109,58,51
60QR000489,112,71,41
60QR000490,115,93,22
60QR000491,145,106,39
60QR000492,140,83,57
60QR000493,93,57,36
60QR000494,77,59,18
60QR000495,67,52,15
60QR000496,38,22,16
60QR000497,83,46,37
60QR000498,77,60,17
60QR000499,41,32,9
60QR000500,133,105,28
60QR000501,104,89,15
60QR000502,112,88,24
60QR000503,104,54,50
60QR000504,90,54,36
60QR000505,57,52,5
60QR000506,104,86,18
60QR000507,82,51,31
60QR000508,77,54,23
60QR000509,73,59,14
60QR000510,37,22,15
60QR000511,87,79,8
60QR000512,68,50,18
60QR000513,65,57,8
60QR000514,99,67,32
60QR000515,63,48,15
60QR000516,97,53,44
60QR000517,53,31,22
60QR000518,44,22,22
60QR000519,77,49,28
60QR000520,62,38,24
60QR000521,59,26,33
60QR000522,40,31,9
60QR000523,75,52,23
60QR000524,142,100,42
60QR000525,131,94,37
60QR000526,183,153,30
60QR000527,110,90,20
60QR000528,185,139,46
60QR000529,91,75,16
60QR000530,59,28,31
60QR000531,106,70,36
60QR000532,46,35,11
60QR000533,130,84,46
60QR000534,104,71,33
60QR000535,102,55,47
60QR000536,92,59,33
60QR000537,62,53,9
60QR000538,93,70,23
60QR000539,86,62,24
60QR000540,82,55,27
60QR000541,78,64,14
60QR000542,63,57,6
60QR000543,76,62,14
60QR000544,47,41,6
60QR000545,109,89,20
60QR000546,80,60,20
60QR000547,103,76,27
60QR000548,110,97,13
60QR000549,62,47,15
60QR000550,75,45,30
60QR000551,100,51,49
60QR000552,107,65,42
60QR000553,116,96,20
60QR000554,67,56,11
60QR000555,78,49,29
60QR000556,82,53,29
60QR000557,44,21,23
60QR000558,92,53,39
60QR000559,85,54,31
60QR000560,109,67,42
60QR000561,121,82,39
60QR000562,100,57,43
60QR000563,99,69,30
60QR000564,48,27,21
60QR000565,54,30,24
60QR000566,94,62,32
60QR000567,107,78,29
60QR000568,55,52,3
60QR000569,63,34,29
60QR000570,49,25,24
60QR000571,68,30,38
60QR000572,83,66,17
60QR000573,107,57,50
60QR000574,125,104,21
60QR000575,99,73,26
60QR000576,94,61,33
60QR000577,137,85,52
60QR000578,103,82,21
60QR000579,106,85,21
60QR000580,98,75,23
60QR000581,84,63,21
60QR000582,173,133,40
60QR000583,86,61,25
60QR000584,96,65,31
60QR000585,149,117,32
60QR000586,75,49,26
60QR000587,79,45,34
60QR000588,71,52,19
60QR000589,118,80,38
60QR000590,69,46,23
60QR000591,76,45,31
60QR000592,121,78,43
60QR000593,96,70,26
60QR000594,161,106,55
60QR000595,148,102,46
60QR000596,52,32,20
60QR000597,76,49,27
60QR000598,57,39,18
60QR000599,60,30,30
60QR000600,85,57,28
60QR000601,83,49,34
60QR000602,56,35,21
60QR000603,94,64,30
60QR000604,99,67,32
60QR000605,98,68,30
60QR000606,113,89,24
60QR000607,113,76,37
60QR000608,101,66,35
60QR000609,78,46,32
60QR000610,104,67,37
60QR000611,111,70,41
60QR000612,64,33,31
60QR000613,101,55,46
60QR000614,71,47,24
60QR000615,113,86,27
60QR000616,100,63,37
60QR000617,110,77,33
60QR000618,101,80,21
60QR000619,113,60,53
60QR000620,88,50,38
60QR000621,109,62,47
60QR000622,90,64,26
60QR000623,60,24,36
60QR000624,105,80,25
60QR000625,65,31,34
60QR000626,84,52,32
60QR000627,100,64,36
60QR000628,89,59,30
60QR000629,63,35,28
60QR000630,68,47,21
60QR000631,84,57,27
60QR000632,109,75,34
60QR000633,86,62,24
60QR000634,86,70,16
60QR000635,103,39,64
60QR000636,109,62,47
60QR000637,70,27,43
60QR000638,61,50,11
60QR000639,72,62,10
60QR000640,80,52,28
60QR000641,61,35,26
60QR000642,80,60,20
60QR000643,86,60,26
60QR000644,92,47,45
60QR000645,61,44,17
60QR000646,82,53,29
60QR000647,124,68,56
60QR000648,92,71,21
60QR000649,86,74,12
60QR000650,98,55,43
60QR000651,63,44,19
60QR000652,95,74,21
60QR000653,88,72,16
60QR000654,95,69,26
60QR000655,88,74,14
60QR000656,76,66,10
60QR000657,139,115,24
60QR000658,108,98,10
60QR000659,107,82,25
60QR000660,91,63,28
60QR000661,62,41,21
60QR000662,71,56,15
60QR000663,46,26,20
60QR000664,55,33,22
60QR000665,91,67,24
60QR000666,67,30,37
60QR000667,118,69,49
60QR000668,89,61,28
60QR000669,84,57,27
60QR000670,66,43,23
60QR000671,67,55,12
60QR000672,94,66,28
60QR000673,63,40,23
60QR000674,63,37,26
60QR000675,84,56,28
60QR000676,81,45,36
60QR000677,93,61,32
60QR000678,96,69,27
60QR000679,124,82,42
60QR000680,131,105,26
60QR000681,99,65,34
60QR000682,55,28,27
60QR000683,102,69,33
60QR000684,58,44,14
60QR000685,103,61,42
60QR000686,93,53,40
60QR000687,124,81,43
60QR000688,54,31,23
60QR000689,139,116,23
60QR000690,67,55,12
60QR000691,166,148,18
60QR000692,101,62,39
60QR000693,142,92,50
60QR000694,77,57,20
60QR000695,167,139,28
60QR000696,161,125,36
60QR000697,97,74,23
60QR000698,103,89,14
60QR000699,90,79,11
60QR000700,78,61,17
60QR000701,81,42,39
60QR000702,102,59,43
60QR000703,163,94,69
60QR000704,72,38,34
60QR000705,120,72,48
60QR000706,127,74,53
60QR000707,71,42,29
60QR000708,58,27,31
60QR000709,141,93,48
60QR000710,123,73,50
60QR000711,106,69,37
60QR000712,68,39,29
60QR000713,91,64,27
60QR000714,55,29,26
60QR000715,146,120,26
60QR000716,135,103,32
60QR000717,128,89,39
60QR000718,117,86,31
60QR000719,102,67,35
60QR000720,109,69,40
60QR000721,74,45,29
60QR000722,146,102,44
60QR000723,64,50,14
60QR000724,66,56,10
60QR000725,84,52,32
60QR000726,82,51,31
60QR000727,68,41,27
60QR000728,123,81,42
60QR000729,71,47,24
60QR000730,118,65,53
60QR000731,75,39,36
60QR000732,72,38,34
60QR000733,84,51,33
60QR000734,54,30,24
60QR000735,73,42,31
60QR000736,82,56,26
60QR000737,114,62,52
60QR000738,50,33,17
60QR000739,55,28,27
60QR000740,86,57,29
60QR000741,76,38,38
60QR000742,103,47,56
60QR000743,107,46,61
60QR000744,55,29,26
60QR000745,75,46,29
60QR000746,116,67,49
60QR000747,124,68,56
60QR000748,111,68,43
60QR000749,65,40,25
60QR000750,105,91,14
60QR000751,81,41,40
60QR000752,78,48,30
60QR000753,83,56,27
60QR000754,74,34,40
60QR000755,81,48,33
60QR000756,62,32,30
60QR000757,107,52,55
60QR000758,74,35,39
60QR000759,108,69,39
60QR000760,68,49,19
60QR000761,98,66,32
60QR000762,52,34,18
60QR000763,71,44,27
60QR000764,156,93,63
60QR000765,113,62,51
60QR000766,73,41,32
60QR000767,74,48,26
60QR000768,48,20,28
60QR000769,122,88,34
60QR000770,112,85,27
60QR000771,119,72,47
60QR000772,118,70,48
60QR000773,86,64,22
60QR000774,73,41,32
60QR000775,130,94,36
60QR000776,120,67,53
60QR000777,88,58,30
60QR000778,81,50,31
60QR000779,59,37,22
60QR000780,68,46,22
60QR000781,57,35,22
60QR000782,112,75,37
60QR000783,63,42,21
60QR000784,101,57,44
60QR000785,82,45,37
60QR000786,95,52,43
60QR000787,80,38,42
60QR000788,106,62,44
60QR000789,89,47,42
60QR000790,51,34,17
60QR000791,51,24,27
60QR000792,45,18,27
60QR000793,73,49,24
60QR000794,78,48,30
60QR000795,69,54,15
60QR000796,80,51,29
60QR000797,74,40,34
60QR000798,42,22,20
60QR000799,52,31,21
60QR000800,92,58,34
60QR000801,72,23,49
60QR000802,89,53,36
60QR000803,104,65,39
60QR000804,74,47,27
60QR000805,127,79,48
60QR000806,129,84,45
60QR000807,141,91,50
60QR000808,94,54,40
60QR000809,143,102,41
60QR000810,145,93,52
60QR000811,150,97,53
60QR000812,68,47,21
60QR000813,37,19,18
60QR000814,80,47,33
60QR000815,66,39,27
60QR000816,78,48,30
60QR000817,109,73,36
60QR000818,115,79,36
60QR000819,59,35,24
60QR000820,86,64,22
60QR000821,68,37,31
60QR000822,117,45,72
60QR000823,72,46,26
60QR000824,49,23,26
60QR000825,111,79,32
60QR000826,90,66,24
60QR000827,78,41,37
60QR000828,82,61,21
60QR000829,111,82,29
60QR000830,131,80,51
60QR000831,52,25,27
60QR000832,75,58,17
60QR000833,72,45,27
60QR000834,67,36,31
60QR000835,104,64,40
60QR000836,93,68,25
60QR000837,77,50,27
60QR000838,89,57,32
60QR000839,83,55,28
60QR000840,87,55,32
60QR000841,71,58,13
60QR000842,101,66,35
60QR000843,100,67,33
60QR000844,95,85,10
60QR000845,66,43,23
60QR000846,48,35,13
60QR000847,86,59,27
60QR000848,118,88,30
60QR000849,102,78,24
60QR000850,60,37,23
60QR000851,85,58,27
60QR000852,106,72,34
60QR000853,78,43,35
60QR000854,78,43,35
60QR000855,61,30,31
60QR000856,70,49,21
60QR000857,79,56,23
60QR000858,83,61,22
60QR000859,91,52,39
60QR000860,53,29,24
60QR000861,68,54,14
60QR000862,64,41,23
60QR000863,85,48,37
60QR000864,71,45,26
60QR000865,44,31,13
60QR000866,112,93,19
60QR000867,52,15,37
60QR000868,45,25,20
60QR000869,54,26,28
60QR000870,61,26,35
60QR000871,70,54,16
60QR000872,75,43,32
60QR000873,71,57,14
60QR000874,57,24,33
60QR000875,66,40,26
60QR000876,43,22,21
60QR000877,103,62,41
60QR000878,33,11,22
60QR000879,42,19,23
60QR000880,33,21,12
60QR000881,121,86,35
60QR000882,66,37,29
60QR000883,92,68,24
60QR000884,111,93,18
60QR000885,113,88,25
60QR000886,53,23,30
60QR000887,58,34,24
60QR000888,89,65,24
60QR000889,100,81,19
60QR000890,88,71,17
60QR000891,64,41,23
60QR000892,78,52,26
60QR000893,86,57,29
60QR000894,64,40,24
60QR000895,114,88,26
60QR000896,104,78,26
60QR000897,54,38,16
60QR000898,60,46,14
60QR000899,53,36,17
60QR000900,127,95,32
60QR000901,56,37,19
60QR000902,44,28,16
60QR000903,94,72,22
60QR000904,69,40,29
60QR000905,47,35,12
60QR000906,45,31,14
60QR000907,111,76,35
60QR000908,63,54,9
60QR000909,83,67,16
60QR000910,30,7,23
60QR000911,30,10,20
60QR000912,69,36,33
60QR000913,112,76,36
60QR000914,148,92,56
60QR000915,103,59,44
60QR000916,123,73,50
60QR000917,79,34,45
60QR000918,114,48,66
60QR000919,59,31,28
60QR000920,91,52,39
60QR000921,82,52,30
60QR000922,62,22,40
60QR000923,43,24,19
60QR000924,49,31,18
60QR000925,59,29,30
60QR000926,86,35,51
60QR000927,102,85,17
60QR000928,80,55,25
60QR000929,66,58,8
60QR000930,55,38,17
60QR000931,77,58,19
60QR000932,80,52,28
60QR000933,75,44,31
60QR000934,75,53,22
60QR000935,56,47,9
60QR000936,54,29,25
60QR000937,56,29,27
60QR000938,89,49,40
60QR000939,90,65,25
60QR000940,80,43,37
60QR000941,79,52,27
60QR000942,96,68,28
60QR000943,57,28,29
60QR000944,44,29,15
60QR000945,95,63,32
60QR000946,109,75,34
60QR000947,102,66,36
60QR000948,85,66,19
60QR000949,63,40,23
60QR000950,61,38,23
60QR000951,95,65,30
60QR000952,91,65,26
60QR000953,39,24,15
60QR000954,53,32,21
60QR000955,60,35,25
60QR000956,133,98,35
60QR000957,101,57,44
60QR000958,121,89,32
60QR000959,78,49,29
60QR000960,77,53,24
60QR000961,79,39,40
60QR000962,95,55,40
60QR000963,60,31,29
60QR000964,77,54,23
60QR000965,76,45,31
60QR000966,68,37,31
60QR000967,80,42,38
60QR000968,56,37,19
60QR000969,43,27,16
60QR000970,105,65,40
60QR000971,72,39,33
60QR000972,49,17,32
60QR000973,75,39,36
60QR000974,94,62,32
60QR000975,50,36,14
60QR000976,46,26,20
60QR000977,59,35,24
60QR000978,58,31,27
60QR000979,57,30,27
60QR000980,67,26,41
60QR000981,54,30,24
60QR000982,59,33,26
60QR000983,71,25,46
60QR000984,76,54,22
60QR000985,64,26,38
60QR000986,77,42,35
60QR000987,108,68,40
60QR000988,36,5,31
60QR000989,80,59,21
60QR000990,89,52,37
60QR000991,132,89,43
60QR000992,114,58,56
60QR000993,83,42,41
60QR000994,128,83,45
60QR000995,63,44,19
60QR000996,67,43,24
60QR000997,53,22,31
60QR000998,62,29,33
60QR000999,50,27,23
60QR001000,119,67,52
60QR001001,95,56,39
60QR001002,109,69,40
60QR001003,108,58,50
60QR001004,91,57,34
60QR001005,94,46,48
60QR001006,83,41,42
60QR001007,81,50,31
60QR001008,82,67,15
60QR001009,80,72,8
60QR001010,104,83,21
60QR001011,63,56,7
60QR001012,120,98,22
60QR001013,76,66,10
60QR001014,111,91,20
60QR001015,98,63,35
60QR001016,88,51,37
60QR001017,53,25,28
60QR001018,77,56,21
60QR001019,61,51,10
60QR001020,52,44,8
60QR001021,50,26,24
60QR001022,58,44,14
60QR001023,82,50,32
60QR001024,79,38,41
60QR001025,71,38,33
60QR001026,68,32,36
60QR001027,105,54,51
60QR001028,62,42,20
60QR001029,62,31,31
60QR001030,81,43,38
60QR001031,84,41,43
60QR001032,99,58,41
60QR001033,76,48,28
60QR001034,58,37,21
60QR001035,65,43,22
60QR001036,95,48,47
60QR001037,60,31,29
60QR001038,104,81,23
60QR001039,63,49,14
60QR001040,54,34,20
60QR001041,47,33,14
60QR001042,73,39,34
60QR001043,80,54,26
60QR001044,109,74,35
60QR001045,38,19,19
60QR001046,71,40,31
60QR001047,98,79,19
60QR001048,50,30,20
60QR001049,102,63,39
60QR001050,134,76,58
60QR001051,82,48,34
60QR001052,82,48,34
60QR001053,131,88,43
60QR001054,108,86,22
60QR001055,151,90,61
60QR001056,120,91,29
60QR001057,98,77,21
60QR001058,119,99,20
60QR001059,86,60,26
60QR001060,78,60,18
60QR001061,117,98,19
60QR001062,74,57,17
60QR001063,105,74,31
60QR001064,138,103,35
60QR001065,88,70,18
60QR001066,54,38,16
60QR001067,73,45,28
60QR001068,68,41,27
60QR001069,58,34,24
60QR001070,150,98,52
60QR001071,128,87,41
60QR001072,87,61,26
60QR001073,86,54,32
60QR001074,136,83,53
60QR001075,81,58,23
60QR001076,72,50,22
60QR001077,56,34,22
60QR001078,79,44,35
60QR001079,54,30,24
60QR001080,77,37,40
60QR001081,68,43,25
60QR001082,92,54,38
60QR001083,136,77,59
60QR001084,85,40,45
60QR001085,106,61,45
60QR001086,78,54,24
60QR001087,109,73,36
60QR001088,88,57,31
60QR001089,97,53,44
60QR001090,104,65,39
60QR001091,91,47,44
60QR001092,70,45,25
60QR001093,70,46,24
60QR001094,92,49,43
60QR001095,74,46,28
60QR001096,55,36,19
60QR001097,99,67,32
60QR001098,119,77,42
60QR001099,104,77,27
60QR001100,98,55,43
60QR001101,68,44,24
60QR001102,95,66,29
60QR001103,122,83,39
60QR001104,110,79,31
60QR001105,88,62,26
60QR001106,149,112,37
60QR001107,134,95,39
60QR001108,110,80,30
60QR001109,109,98,11
60QR001110,89,64,25
60QR001111,98,82,16
60QR001112,130,98,32
60QR001113,83,60,23
60QR001114,127,100,27
60QR001115,100,72,28
60QR001116,94,73,21
60QR001117,117,91,26
60QR001118,92,57,35
60QR001119,75,55,20
60QR001120,104,91,13
60QR001121,87,68,19
60QR001122,83,64,19
60QR001123,127,101,26
60QR001124,134,111,23
60QR001125,94,78,16
60QR001126,81,55,26
60QR001127,86,63,23
60QR001128,110,89,21
60QR001129,121,86,35
60QR001130,121,66,55
60QR001131,92,52,40
60QR001132,81,39,42
60QR001133,61,31,30
60QR001134,59,34,25
60QR001135,72,45,27
60QR001136,66,37,29
60QR001137,99,56,43
60QR001138,86,55,31
60QR001139,120,74,46
60QR001140,83,46,37
60QR001141,102,66,36
60QR001142,124,77,47
60QR001143,122,87,35
60QR001144,95,49,46
60QR001145,109,85,24
60QR001146,118,75,43
60QR001147,91,71,20
60QR001148,113,81,32
60QR001149,80,56,24
60QR001150,75,49,26
60QR001151,112,79,33
60QR001152,57,34,23
60QR001153,107,73,34
60QR001154,75,60,15
60QR001155,69,50,19
60QR001156,72,47,25
60QR001157,125,88,37
60QR001158,117,79,38
60QR001159,118,78,40
60QR001160,92,61,31
60QR001161,63,40,23
60QR001162,101,65,36
60QR001163,81,51,30
60QR001164,82,40,42
60QR001165,70,44,26
60QR001166,67,42,25
60QR001167,92,61,31
60QR001168,84,54,30
60QR001169,97,55,42
60QR001170,73,48,25
60QR001171,62,43,19
60QR001172,79,54,25
60QR001173,150,93,57
60QR001174,112,87,25
60QR001175,100,78,22
60QR001176,71,47,24
60QR001177,35,14,21
60QR001178,106,85,21
60QR001179,118,95,23
60QR001180,93,68,25
60QR001181,217,147,70
60QR001182,72,41,31
60QR001183,142,99,43
60QR001184,120,84,36
60QR001185,90,61,29
60QR001186,40,17,23
60QR001187,130,87,43
60QR001188,84,67,17
60QR001189,71,52,19
60QR001190,48,24,24
60QR001191,104,64,40
60QR001192,113,58,55
60QR001193,139,75,64
60QR001194,87,52,35
60QR001195,63,35,28
60QR001196,64,35,29
60QR001197,62,40,22
60QR001198,76,41,35
60QR001199,58,33,25
60QR001200,101,66,35
60QR001201,61,29,32
60QR001202,79,62,17
60QR001203,107,76,31
60QR001204,92,46,46
60QR001205,70,41,29
60QR001206,66,39,27
60QR001207,126,81,45
60QR001208,92,64,28
60QR001209,50,29,21
60QR001210,96,53,43
60QR001211,120,64,56
60QR001212,126,86,40
60QR001213,85,55,30
60QR001214,89,54,35
60QR001215,63,35,28
60QR001216,63,28,35
60QR001217,79,54,25
60QR001218,115,73,42
60QR001219,77,41,36
60QR001220,72,45,27
60QR001221,93,54,39
60QR001222,71,37,34
60QR001223,113,66,47
60QR001224,96,65,31
60QR001225,87,50,37
60QR001226,129,66,63
60QR001227,111,73,38
60QR001228,73,37,36
60QR001229,85,42,43
60QR001230,109,63,46
60QR001231,73,38,35
60QR001232,104,58,46
60QR001233,111,60,51
60QR001234,105,53,52
60QR001235,79,50,29
60QR001236,82,28,54
60QR001237,66,27,39
60QR001238,70,38,32
60QR001239,89,53,36
60QR001240,121,69,52
60QR001241,56,32,24
60QR001242,94,61,33
60QR001243,83,52,31
60QR001244,68,42,26
60QR001245,55,31,24
60QR001246,84,55,29
60QR001247,134,75,59
60QR001248,117,68,49
60QR001249,57,25,32
60QR001250,104,48,56
60QR001251,91,40,51
60QR001252,96,45,51
60QR001253,61,22,39
60QR001254,108,80,28
60QR001255,65,40,25
60QR001256,80,36,44
60QR001257,109,72,37
60QR001258,92,43,49
60QR001259,83,43,40
60QR001260,113,66,47
60QR001261,69,26,43
60QR001262,69,35,34
60QR001263,34,12,22
60QR001264,39,21,18
60QR001265,106,69,37
60QR001266,133,71,62
60QR001267,76,45,31
60QR001268,96,45,51
60QR001269,89,40,49
60QR001270,56,24,32
60QR001271,126,83,43
60QR001272,83,41,42
60QR001273,106,55,51
60QR001274,87,49,38
60QR001275,90,46,44
60QR001276,101,56,45
60QR001277,72,42,30
60QR001278,57,36,21
60QR001279,101,45,56
60QR001280,113,55,58
60QR001281,122,70,52
60QR001282,74,25,49
60QR001283,140,84,56
60QR001284,146,77,69
60QR001285,118,65,53
60QR001286,95,53,42
60QR001287,73,43,30
60QR001288,57,19,38
60QR001289,64,44,20
60QR001290,112,74,38
60QR001291,83,52,31
60QR001292,85,50,35
60QR001293,82,38,44
60QR001294,84,58,26
60QR001295,70,36,34
60QR001296,43,25,18
60QR001297,66,41,25
60QR001298,81,50,31
60QR001299,70,39,31
60QR001300,60,36,24
60QR001301,73,51,22
60QR001302,131,73,58
60QR001303,55,30,25
60QR001304,78,59,19
60QR001305,82,56,26
60QR001306,86,57,29
60QR001307,81,45,36
60QR001308,94,61,33
60QR001309,54,37,17
60QR001310,67,37,30
60QR001311,73,49,24
60QR001312,75,41,34
60QR001313,78,58,20
60QR001314,109,87,22
60QR001315,125,98,27
60QR001316,67,39,28
60QR001317,90,63,27
60QR001318,132,84,48
60QR001319,70,39,31
60QR001320,79,55,24
60QR001321,106,67,39
60QR001322,60,27,33
60QR001323,88,53,35
60QR001324,91,58,33
60QR001325,98,62,36
60QR001326,107,62,45
60QR001327,98,59,39
60QR001328,61,29,32
60QR001329,82,47,35
60QR001330,112,83,29
60QR001331,71,42,29
60QR001332,61,42,19
60QR001333,71,44,27
60QR001334,86,42,44
60QR001335,93,48,45
60QR001336,75,48,27
60QR001337,113,79,34
60QR001338,63,48,15
60QR001339,140,90,50
60QR001340,81,39,42
60QR001341,123,57,66
60QR001342,125,86,39
60QR001343,70,36,34
60QR001344,60,31,29
60QR001345,114,75,39
60QR001346,63,38,25
60QR001347,82,53,29
60QR001348,94,48,46
60QR001349,80,59,21
60QR001350,77,40,37
60QR001351,71,41,30
60QR001352,101,68,33
60QR001353,70,38,32
60QR001354,59,24,35
60QR001355,83,47,36
60QR001356,81,55,26
60QR001357,85,40,45
60QR001358,80,55,25
60QR001359,72,29,43
60QR001360,85,51,34
60QR001361,97,58,39
60QR001362,44,21,23
60QR001363,69,42,27
60QR001364,71,38,33
60QR001365,74,41,33
60QR001366,84,46,38
60QR001367,91,48,43
60QR001368,134,92,42
60QR001369,67,27,40
60QR001370,91,58,33
60QR001371,83,42,41
60QR001372,64,36,28
60QR001373,101,54,47
60QR001374,59,38,21
60QR001375,124,68,56
60QR001376,83,47,36
60QR001377,81,47,34
60QR001378,132,78,54
60QR001379,120,75,45
60QR001380,101,50,51
60QR001381,110,55,55
60QR001382,107,54,53
60QR001383,38,16,22
60QR001384,46,25,21
60QR001385,123,60,63
60QR001386,121,58,63
60QR001387,130,63,67
60QR001388,99,50,49
60QR001389,72,37,35
60QR001390,83,44,39
60QR001391,109,73,36
60QR001392,68,28,40
60QR001393,69,34,35
60QR001394,73,33,40
60QR001395,133,73,60
60QR001396,49,18,31
60QR001397,118,82,36
60QR001398,103,55,48
60QR001399,76,59,17
60QR001400,113,68,45
60QR001401,67,38,29
60QR001402,71,32,39
60QR001403,92,67,25
60QR001404,66,42,24
60QR001405,61,41,20
60QR001406,112,76,36
60QR001407,84,43,41
60QR001408,61,24,37
60QR001409,70,37,33
60QR001410,117,61,56
60QR001411,104,76,28
60QR001412,94,65,29
60QR001413,105,69,36
60QR001414,74,41,33
60QR001415,90,64,26
60QR001416,82,61,21
60QR001417,92,44,48
60QR001418,62,36,26
60QR001419,78,59,19
60QR001420,59,38,21
60QR001421,63,33,30
60QR001422,53,45,8
60QR001423,105,75,30
60QR001424,73,55,18
60QR001425,96,50,46
60QR001426,50,27,23
60QR001427,59,37,22
60QR001428,86,60,26
60QR001429,50,24,26
60QR001430,67,30,37
60QR001431,62,39,23
60QR001432,58,37,21
60QR001433,64,36,28
60QR001434,126,66,60
60QR001435,54,21,33
60QR001436,42,13,29
60QR001437,75,16,59
60QR001438,88,50,38
60QR001439,85,48,37
60QR001440,115,57,58
60QR001441,69,34,35
60QR001442,69,43,26
60QR001443,136,83,53
60QR001444,112,69,43
60QR001445,85,48,37
60QR001446,107,68,39
60QR001447,55,32,23
60QR001448,115,85,30
60QR001449,72,45,27
60QR001450,142,75,67
60QR001451,101,58,43
60QR001452,61,33,28
60QR001453,71,35,36
60QR001454,70,42,28
60QR001455,73,51,22
60QR001456,39,19,20
60QR001457,94,69,25
60QR001458,41,20,21
60QR001459,77,39,38
60QR001460,73,39,34
60QR001461,64,37,27
60QR001462,65,42,23
60QR001463,64,36,28
60QR001464,76,43,33
60QR001465,82,48,34
60QR001466,72,38,34
60QR001467,52,30,22
60QR001468,60,35,25
60QR001469,69,40,29
60QR001470,84,39,45
60QR001471,84,37,47
60QR001472,67,49,18
60QR001473,60,45,15
60QR001474,60,38,22
60QR001475,49,37,12
60QR001476,69,48,21
60QR001477,106,88,18
60QR001478,92,60,32
60QR001479,120,79,41
60QR001480,92,61,31
60QR001481,97,54,43
60QR001482,25,7,18
60QR001483,75,40,35
60QR001484,50,35,15
60QR001485,98,65,33
60QR001486,61,36,25
60QR001487,73,46,27
60QR001488,99,52,47
60QR001489,89,58,31
60QR001490,138,90,48
60QR001491,77,39,38
60QR001492,83,49,34
60QR001493,70,39,31
60QR001494,79,37,42
60QR001495,90,60,30
60QR001496,92,51,41
60QR001497,110,60,50
60QR001498,65,41,24
60QR001499,130,94,36
60QR001500,129,96,33
60QR001501,142,111,31
60QR001502,74,47,27
60QR001503,81,61,20
60QR001504,80,60,20
60QR001505,121,80,41
60QR001506,88,60,28
60QR001507,126,81,45
60QR001508,134,91,43
60QR001509,114,70,44
60QR001510,94,58,36
60QR001511,51,30,21
60QR001512,129,83,46
60QR001513,95,63,32
60QR001514,103,56,47
60QR001515,90,52,38
60QR001516,119,72,47
60QR001517,29,19,10
60QR001518,100,66,34
60QR001519,74,48,26
60QR001520,94,58,36
60QR001521,81,53,28
60QR001522,73,48,25
60QR001523,108,71,37
60QR001524,85,43,42
60QR001525,91,58,33
60QR001526,68,42,26
60QR001527,98,70,28
60QR001528,96,62,34
60QR001529,76,43,33
60QR001530,114,75,39
60QR001531,94,57,37
60QR001532,82,59,23
60QR001533,122,85,37
60QR001534,110,84,26
60QR001535,102,69,33
60QR001536,79,48,31
60QR001537,117,87,30
60QR001538,125,97,28
60QR001539,99,57,42
60QR001540,76,51,25
60QR001541,66,48,18
60QR001542,90,74,16
60QR001543,93,65,28
60QR001544,103,74,29
60QR001545,75,49,26
60QR001546,137,105,32
60QR001547,79,59,20
60QR001548,98,68,30
60QR001549,66,46,20
60QR001550,70,58,12
60QR001551,104,61,43
60QR001552,93,77,16
60QR001553,79,51,28
60QR001554,82,50,32
60QR001555,134,83,51
60QR001556,66,43,23
60QR001557,65,42,23
60QR001558,77,43,34
60QR001559,52,40,12
60QR001560,83,69,14
60QR001561,81,54,27
60QR001562,107,79,28
60QR001563,81,65,16
60QR001564,72,50,22
60QR001565,59,37,22
60QR001566,85,74,11
60QR001567,72,53,19
60QR001568,76,63,13
60QR001569,87,69,18
60QR001570,98,60,38
60QR001571,96,74,22
60QR001572,95,64,31
60QR001573,119,77,42
60QR001574,98,66,32
60QR001575,58,31,27
60QR001576,93,57,36
60QR001577,62,38,24
60QR001578,106,68,38
60QR001579,71,46,25
60QR001580,73,49,24
60QR001581,128,91,37
60QR001582,112,64,48
60QR001583,70,47,23
60QR001584,96,64,32
60QR001585,92,63,29
60QR001586,86,51,35
60QR001587,109,66,43
60QR001588,81,45,36
60QR001589,104,76,28
60QR001590,97,64,33
60QR001591,90,51,39
60QR001592,98,67,31
60QR001593,70,45,25
60QR001594,89,58,31
60QR001595,67,46,21
60QR001596,133,107,26
60QR001597,68,53,15
60QR001598,85,64,21
60QR001599,97,70,27
60QR001600,74,43,31
60QR001601,109,73,36
60QR001602,96,64,32
60QR001603,105,87,18
60QR001604,87,74,13
60QR001605,101,75,26
60QR001606,76,52,24
60QR001607,132,102,30
60QR001608,139,91,48
60QR001609,96,77,19
60QR001610,137,97,40
60QR001611,142,97,45
60QR001612,62,38,24
60QR001613,120,90,30
60QR001614,87,66,21
60QR001615,182,129,53
60QR001616,106,77,29
60QR001617,83,59,24
60QR001618,64,45,19
60QR001619,116,86,30
60QR001620,110,69,41
60QR001621,132,112,20
60QR001622,92,64,28
60QR001623,107,70,37
60QR001624,32,1,31
60QR001625,95,62,33
60QR001626,64,50,14
60QR001627,100,66,34
60QR001628,73,46,27
60QR001629,82,51,31
60QR001630,84,71,13
60QR001631,93,70,23
60QR001632,112,91,21
60QR001633,79,50,29
60QR001634,82,64,18
60QR001635,82,60,22
60QR001636,82,57,25
60QR001637,94,63,31
60QR001638,45,35,10
60QR001639,105,76,29
60QR001640,92,68,24
60QR001641,82,58,24
60QR001642,121,95,26
60QR001643,89,54,35
60QR001644,81,54,27
60QR001645,109,74,35
60QR001646,70,46,24
60QR001647,108,75,33
60QR001648,131,74,57
60QR001649,73,39,34
60QR001650,99,79,20
60QR001651,80,50,30
60QR001652,76,45,31
60QR001653,66,45,21
60QR001654,99,55,44
60QR001655,67,47,20
60QR001656,99,69,30
60QR001657,112,70,42
60QR001658,115,79,36
60QR001659,97,48,49
60QR001660,107,56,51
60QR001661,92,61,31
60QR001662,104,65,39
60QR001663,115,62,53
60QR001664,83,46,37
60QR001665,72,39,33
60QR001666,75,42,33
60QR001667,91,62,29
60QR001668,75,42,33
60QR001669,61,25,36
60QR001670,70,39,31
60QR001671,90,51,39
60QR001672,72,35,37
60QR001673,74,47,27
60QR001674,81,42,39
60QR001675,56,27,29
60QR001676,73,47,26
60QR001677,62,39,23
60QR001678,72,51,21
60QR001679,69,45,24
60QR001680,68,44,24
60QR001681,96,63,33
60QR001682,96,56,40
60QR001683,91,59,32
60QR001684,105,73,32
60QR001685,102,61,41
60QR001686,94,52,42
60QR001687,86,40,46
60QR001688,123,67,56
60QR001689,90,51,39
60QR001690,136,87,49
60QR001691,55,34,21
60QR001692,45,23,22
60QR001693,80,59,21
60QR001694,86,61,25
60QR001695,64,43,21
60QR001696,104,60,44
60QR001697,135,87,48
60QR001698,87,58,29
60QR001699,74,52,22
60QR001700,104,71,33
60QR001701,67,43,24
60QR001702,80,50,30
60QR001703,77,47,30
60QR001704,80,53,27
60QR001705,49,32,17
60QR001706,84,53,31
60QR001707,115,79,36
60QR001708,133,96,37
60QR001709,89,60,29
60QR001710,102,70,32
60QR001711,94,60,34
60QR001712,117,88,29
60QR001713,141,103,38
60QR001714,105,76,29
60QR001715,140,90,50
60QR001716,111,68,43
60QR001717,71,46,25
60QR001718,110,72,38
60QR001719,90,60,30
60QR001720,83,58,25
60QR001721,89,69,20
60QR001722,135,90,45
60QR001723,116,86,30
60QR001724,126,78,48
60QR001725,118,80,38
60QR001726,94,65,29
60QR001727,90,60,30
60QR001728,113,81,32
60QR001729,60,33,27
60QR001730,101,73,28
60QR001731,100,74,26
60QR001732,29,3,26
60QR001733,74,38,36
60QR001734,91,51,40
60QR001735,75,57,18
60QR001736,65,43,22
60QR001737,60,36,24
60QR001738,96,65,31
60QR001739,86,56,30
60QR001740,114,89,25
60QR001741,102,55,47
60QR001742,82,60,22
60QR001743,113,87,26
60QR001744,80,56,24
60QR001745,69,54,15
60QR001746,107,77,30
60QR001747,79,51,28
60QR001748,99,70,29
60QR001749,107,76,31
60QR001750,79,35,44
60QR001751,85,53,32
60QR001752,75,38,37
60QR001753,111,79,32
60QR001754,61,27,34
60QR001755,72,47,25
60QR001756,53,35,18
60QR001757,110,56,54
60QR001758,94,67,27
60QR001759,98,61,37
60QR001760,74,53,21
60QR001761,59,34,25
60QR001762,90,61,29
60QR001763,98,65,33
60QR001764,75,57,18
60QR001765,74,43,31
60QR001766,86,57,29
60QR001767,108,67,41
60QR001768,83,51,32
60QR001769,59,32,27
60QR001770,59,37,22
60QR001771,65,44,21
60QR001772,70,41,29
60QR001773,55,38,17
60QR001774,86,59,27
60QR001775,124,96,28
60QR001776,88,53,35
60QR001777,76,52,24
60QR001778,118,88,30
60QR001779,92,55,37
60QR001780,67,22,45
60QR001781,64,36,28
60QR001782,68,43,25
60QR001783,33,11,22
60QR001784,54,33,21
60QR001785,69,37,32
60QR001786,71,41,30
60QR001787,66,43,23
60QR001788,71,40,31
60QR001789,97,64,33
60QR001790,129,88,41
60QR001791,98,54,44
60QR001792,83,59,24
60QR001793,97,65,32
60QR001794,70,31,39
60QR001795,67,38,29
60QR001796,74,40,34
60QR001797,100,52,48
60QR001798,101,52,49
60QR001799,59,23,36
60QR001800,122,56,66
60QR001801,56,45,11
60QR001802,54,32,22
60QR001803,82,50,32
60QR001804,44,29,15
60QR001805,76,46,30
60QR001806,54,32,22
60QR001807,77,54,23
60QR001808,101,68,33
60QR001809,51,39,12
60QR001810,121,78,43
60QR001811,158,111,47
60QR001812,136,91,45
60QR001813,51,26,25
60QR001814,109,71,38
60QR001815,85,43,42
60QR001816,96,76,20
60QR001817,106,76,30
60QR001818,79,62,17
60QR001819,105,70,35
60QR001820,57,34,23
60QR001821,109,66,43
60QR001822,80,58,22
60QR001823,122,83,39
60QR001824,64,48,16
60QR001825,87,55,32
60QR001826,73,37,36
60QR001827,82,64,18
60QR001828,79,50,29
60QR001829,83,59,24
60QR001830,57,36,21
60QR001831,45,31,14
60QR001832,42,27,15
60QR001833,90,59,31
60QR001834,66,28,38
60QR001835,75,40,35
60QR001836,44,20,24
60QR001837,63,32,31
60QR001838,80,55,25
60QR001839,60,40,20
60QR001840,54,36,18
60QR001841,62,42,20
60QR001842,59,35,24
60QR001843,62,37,25
60QR001844,44,30,14
60QR001845,64,47,17
60QR001846,68,45,23
60QR001847,58,37,21
60QR001848,73,45,28
60QR001849,72,46,26
60QR001850,63,39,24
60QR001851,77,39,38
60QR001852,133,85,48
60QR001853,121,86,35
60QR001854,45,31,14
60QR001855,93,59,34
60QR001856,59,37,22
60QR001857,72,50,22
60QR001858,97,69,28
60QR001859,97,53,44
60QR001860,76,40,36
60QR001861,61,35,26
60QR001862,78,58,20
60QR001863,94,67,27
60QR001864,90,64,26
60QR001865,73,42,31
60QR001866,80,54,26
60QR001867,120,85,35
60QR001868,96,66,30
60QR001869,45,36,9
60QR001870,110,64,46
60QR001871,80,44,36
60QR001872,61,34,27
60QR001873,65,38,27
60QR001874,83,57,26
60QR001875,42,26,16
60QR001876,56,34,22
60QR001877,91,50,41
60QR001878,62,38,24
60QR001879,51,26,25
60QR001880,87,54,33
60QR001881,107,76,31
60QR001882,50,31,19
60QR001883,42,27,15
60QR001884,109,63,46
60QR001885,72,50,22
60QR001886,73,57,16
60QR001887,116,84,32
60QR001888,91,52,39
60QR001889,94,58,36
60QR001890,64,51,13
60QR001891,46,29,17
60QR001892,131,92,39
60QR001893,106,76,30
60QR001894,91,57,34
60QR001895,97,74,23
60QR001896,54,39,15
60QR001897,34,27,7
60QR001898,111,89,22
60QR001899,97,63,34
60QR001900,96,69,27
60QR001901,134,92,42
60QR001902,120,70,50
60QR001903,96,72,24
60QR001904,92,48,44
60QR001905,49,27,22
60QR001906,74,35,39
60QR001907,86,43,43
60QR001908,95,70,25
60QR001909,68,43,25
60QR001910,76,51,25
60QR001911,102,66,36
60QR001912,78,51,27
60QR001913,57,34,23
60QR001914,93,43,50
60QR001915,66,36,30
60QR001916,88,61,27
60QR001917,57,30,27
60QR001918,71,49,22
60QR001919,73,50,23
60QR001920,61,35,26
60QR001921,79,51,28
60QR001922,137,96,41
60QR001923,79,52,27
60QR001924,134,102,32
60QR001925,73,57,16
60QR001926,116,91,25
60QR001927,99,71,28
60QR001928,107,76,31
60QR001929,104,71,33
60QR001930,94,66,28
60QR001931,75,47,28
60QR001932,81,52,29
60QR001933,86,66,20
60QR001934,113,72,41
60QR001935,99,78,21
60QR001936,68,50,18
60QR001937,136,95,41
60QR001938,75,46,29
60QR001939,84,52,32
60QR001940,98,72,26
60QR001941,101,66,35
60QR001942,145,96,49
60QR001943,126,97,29
60QR001944,116,83,33
60QR001945,94,71,23
60QR001946,120,93,27
60QR001947,114,76,38
60QR001948,76,45,31
60QR001949,121,73,48
60QR001950,49,28,21
60QR001951,69,37,32
60QR001952,57,36,21
60QR001953,79,61,18
60QR001954,134,85,49
60QR001955,46,25,21
60QR001956,57,45,12
60QR001957,72,51,21
60QR001958,62,48,14
60QR001959,40,24,16
60QR001960,92,68,24
60QR001961,43,31,12
60QR001962,50,39,11
60QR001963,94,57,37
60QR001964,99,70,29
60QR001965,48,24,24
60QR001966,95,70,25
60QR001967,51,24,27
60QR001968,106,94,12
60QR001969,53,34,19
60QR001970,91,61,30
60QR001971,93,69,24
60QR001972,82,58,24
60QR001973,117,73,44
60QR001974,76,43,33
60QR001975,110,63,47
60QR001976,114,84,30
60QR001977,50,30,20
60QR001978,97,70,27
60QR001979,103,61,42
60QR001980,73,53,20
60QR001981,86,55,31
60QR001982,96,61,35
60QR001983,86,69,17
60QR001984,71,36,35
60QR001985,89,58,31
60QR001986,108,75,33
60QR001987,92,68,24
60QR001988,77,56,21
60QR001989,129,90,39
60QR001990,79,62,17
60QR001991,98,61,37
60QR001992,97,63,34
60QR001993,100,72,28
60QR001994,99,63,36
60QR001995,115,77,38
60QR001996,100,67,33
60QR001997,66,43,23
60QR001998,94,72,22
60QR001999,118,80,38
60QR002000,120,71,49
60QR002001,83,60,23
60QR002002,97,70,27
60QR002003,77,48,29
60QR002004,107,79,28
60QR002005,76,43,33
60QR002006,124,84,40
60QR002007,91,56,35
60QR002008,64,45,19
60QR002009,76,38,38
60QR002010,70,34,36
60QR002011,42,20,22
60QR002012,87,47,40
60QR002013,97,50,47
60QR002014,96,45,51
60QR002015,65,38,27
60QR002016,120,48,72
60QR002017,89,50,39
60QR002018,95,39,56
60QR002019,102,67,35
60QR002020,81,47,34
60QR002021,74,26,48
60QR002022,135,72,63
60QR002023,110,65,45
60QR002024,100,64,36
60QR002025,72,45,27
60QR002026,83,61,22
60QR002027,63,41,22
60QR002028,61,35,26
60QR002029,75,54,21
60QR002030,54,37,17
60QR002031,33,24,9
60QR002032,68,44,24
60QR002033,64,44,20
60QR002034,91,60,31
60QR002035,64,47,17
60QR002036,74,42,32
60QR002037,87,50,37
60QR002038,147,107,40
60QR002039,91,58,33
60QR002040,93,64,29
60QR002041,84,61,23
60QR002042,104,74,30
60QR002043,94,62,32
60QR002044,81,53,28
60QR002045,69,42,27
60QR002046,103,60,43
60QR002047,90,43,47
60QR002048,94,57,37
60QR002049,92,47,45
60QR002050,81,50,31
60QR002051,79,54,25
60QR002052,34,20,14
60QR002053,83,54,29
60QR002054,73,41,32
60QR002055,76,42,34
60QR002056,115,58,57
60QR002057,54,40,14
60QR002058,62,32,30
60QR002059,101,64,37
60QR002060,85,59,26
60QR002061,51,19,32
60QR002062,103,38,65
60QR002063,111,53,58
60QR002064,317,104,213
60QR002065,152,61,91
60QR002066,173,43,130
60QR002067,94,37,57
60QR002068,118,37,81
60QR002069,152,58,94
60QR002070,472,117,355
60QR002071,144,52,92
60QR002072,100,32,68
60QR002073,44,10,34
60QR002074,106,48,58
60QR002075,65,21,44
60QR002076,256,58,198
60QR002077,84,40,44
60QR002078,301,55,246
60QR002079,48,23,25
60QR002080,53,26,27
60QR002081,144,61,83
60QR002082,43,7,36
60QR002083,151,50,101
60QR002084,92,37,55
60QR002085,77,22,55
60QR002086,348,116,232
60QR002087,82,49,33
60QR002088,126,83,43
60QR002089,90,58,32
60QR002090,82,59,23
60QR002091,91,69,22
60QR002092,105,73,32
60QR002093,92,59,33
60QR002094,93,66,27
60QR002095,69,50,19
60QR002096,102,69,33
60QR002097,93,63,30
60QR002098,104,65,39
60QR002099,124,85,39
60QR002100,129,78,51
60QR002101,107,72,35
60QR002102,67,53,14
60QR002103,93,72,21
60QR002104,71,53,18
60QR002105,77,57,20
60QR002106,91,66,25
60QR002107,70,60,10
60QR002108,88,78,10
60QR002109,54,50,4
60QR002110,63,47,16
60QR002111,99,59,40
60QR002112,98,74,24
60QR002113,105,74,31
60QR002114,85,70,15
60QR002115,101,82,19
60QR002116,407,373,34
60QR002117,81,59,22
60QR002118,41,29,12
60QR002119,70,44,26
60QR002120,113,82,31
60QR002121,111,97,14
60QR002122,110,89,21
60QR002123,116,89,27
60QR002124,85,56,29
60QR002125,67,42,25
60QR002126,112,96,16
60QR002127,99,71,28
60QR002128,92,62,30
60QR002129,111,77,34
60QR002130,108,82,26
60QR002131,125,84,41
60QR002132,71,48,23
60QR002133,81,55,26
60QR002134,114,76,38
60QR002135,95,74,21
60QR002136,97,72,25
60QR002137,73,51,22
60QR002138,131,93,38
60QR002139,114,70,44
60QR002140,64,38,26
60QR002141,79,57,22
60QR002142,93,68,25
60QR002143,70,55,15
60QR002144,69,49,20
60QR002145,86,56,30
60QR002146,79,54,25
60QR002147,66,38,28
60QR002148,78,51,27
60QR002149,84,63,21
60QR002150,95,62,33
60QR002151,61,39,22
60QR002152,90,66,24
60QR002153,72,61,11
60QR002154,70,44,26
60QR002155,85,60,25
60QR002156,57,37,20
60QR002157,94,66,28
60QR002158,53,38,15
60QR002159,65,39,26
60QR002160,55,29,26
60QR002161,35,21,14
60QR002162,103,71,32
60QR002163,118,84,34
60QR002164,59,37,22
60QR002165,80,60,20
60QR002166,109,75,34
60QR002167,88,58,30
60QR002168,82,49,33
60QR002169,80,54,26
60QR002170,76,52,24
60QR002171,72,48,24
60QR002172,84,65,19
60QR002173,78,46,32
60QR002174,78,53,25
60QR002175,54,34,20
60QR002176,132,95,37
60QR002177,126,80,46
60QR002178,46,30,16
60QR002179,74,51,23
60QR002180,68,52,16
60QR002181,71,49,22
60QR002182,69,50,19
60QR002183,79,55,24
60QR002184,83,64,19
60QR002185,55,31,24
60QR002186,50,29,21
60QR002187,67,58,9
60QR002188,89,57,32
60QR002189,92,68,24
60QR002190,70,38,32
60QR002191,64,37,27
60QR002192,37,18,19
60QR002193,52,36,16
60QR002194,54,37,17
60QR002195,83,53,30
60QR002196,71,40,31
60QR002197,52,42,10
60QR002198,69,52,17
60QR002199,94,51,43
60QR002200,76,60,16
60QR002201,54,45,9
60QR002202,45,34,11
60QR002203,87,64,23
60QR002204,59,30,29
60QR002205,42,16,26
60QR002206,55,33,22
60QR002207,59,33,26
60QR002208,83,55,28
60QR002209,83,53,30
60QR002210,70,38,32
60QR002211,47,34,13
60QR002212,104,84,20
60QR002213,36,22,14
60QR002214,88,73,15
60QR002215,50,18,32
60QR002216,44,33,11
60QR002217,91,67,24
60QR002218,87,62,25
60QR002219,88,40,48
60QR002220,64,44,20
60QR002221,47,7,40
60QR002222,42,24,18
60QR002223,95,52,43
60QR002224,69,31,38
60QR002225,58,33,25
60QR002226,122,91,31
60QR002227,52,41,11
60QR002228,112,92,20
60QR002229,122,89,33
60QR002230,63,34,29
60QR002231,90,67,23
60QR002232,71,41,30
60QR002233,77,34,43
60QR002234,65,32,33
60QR002235,105,80,25
60QR002236,135,98,37
60QR002237,89,64,25
60QR002238,121,90,31
60QR002239,73,48,25
60QR002240,121,88,33
60QR002241,93,76,17
60QR002242,116,68,48
60QR002243,60,46,14
60QR002244,86,53,33
60QR002245,78,53,25
60QR002246,39,26,13
60QR002247,59,34,25
60QR002248,44,28,16
60QR002249,117,71,46
60QR002250,83,50,33
60QR002251,52,33,19
60QR002252,60,41,19
60QR002253,70,51,19
60QR002254,54,40,14
60QR002255,115,78,37
60QR002256,69,36,33
60QR002257,65,33,32
60QR002258,61,36,25
60QR002259,51,40,11
60QR002260,42,28,14
60QR002261,58,48,10
60QR002262,44,39,5
60QR002263,68,32,36
60QR002264,78,55,23
60QR002265,52,27,25
60QR002266,44,26,18
60QR002267,115,88,27
60QR002268,68,36,32
60QR002269,50,22,28
60QR002270,54,30,24
60QR002271,86,49,37
60QR002272,71,43,28
60QR002273,48,27,21
60QR002274,35,15,20
60QR002275,71,55,16
60QR002276,49,26,23
60QR002277,55,27,28
60QR002278,79,54,25
60QR002279,83,50,33
60QR002280,89,59,30
60QR002281,48,31,17
60QR002282,102,74,28
60QR002283,56,41,15
60QR002284,42,14,28
60QR002285,55,40,15
60QR002286,53,35,18
60QR002287,84,40,44
60QR002288,52,37,15
60QR002289,67,49,18
60QR002290,153,120,33
60QR002291,64,61,3
60QR002292,140,114,26
60QR002293,63,46,17
60QR002294,81,56,25
60QR002295,144,117,27
60QR002296,58,43,15
60QR002297,50,35,15
60QR002298,76,51,25
60QR002299,48,29,19
60QR002300,135,90,45
60QR002301,79,62,17
60QR002302,68,52,16
60QR002303,65,41,24
60QR002304,86,47,39
60QR002305,78,43,35
60QR002306,73,43,30
60QR002307,63,46,17
60QR002308,69,54,15
60QR002309,114,93,21
60QR002310,58,38,20
60QR002311,42,28,14
60QR002312,67,44,23
60QR002313,95,58,37
60QR002314,39,10,29
60QR002315,103,78,25
60QR002316,122,85,37
60QR002317,53,43,10
60QR002318,43,26,17
60QR002319,50,25,25
60QR002320,66,37,29
60QR002321,92,62,30
60QR002322,34,21,13
60QR002323,86,40,46
60QR002324,80,48,32
60QR002325,80,61,19
60QR002326,57,36,21
60QR002327,98,72,26
60QR002328,44,33,11
60QR002329,60,45,15
60QR002330,104,79,25
60QR002331,76,59,17
60QR002332,51,38,13
60QR002333,47,24,23
60QR002334,143,80,63
60QR002335,44,30,14
60QR002336,52,39,13
60QR002337,64,40,24
60QR002338,55,30,25
60QR002339,81,56,25
60QR002340,85,52,33
60QR002341,42,34,8
60QR002342,95,59,36
60QR002343,65,48,17
60QR002344,111,76,35
60QR002345,70,40,30
60QR002346,84,45,39
60QR002347,60,30,30
60QR002348,64,32,32
60QR002349,71,55,16
60QR002350,94,63,31
60QR002351,126,79,47
60QR002352,533,108,425
60QR002353,61,48,13
60QR002354,44,27,17
60QR002355,41,33,8
60QR002356,69,50,19
60QR002357,102,90,12
60QR002358,50,28,22
60QR002359,133,119,14
60QR002360,87,58,29
60QR002361,12,5,7
60QR002362,49,21,28
60QR002363,70,49,21
60QR002364,38,33,5
60QR002365,39,31,8
60QR002366,51,33,18
60QR002367,32,22,10
60QR002368,62,49,13
60QR002369,89,63,26
60QR002370,116,61,55
60QR002371,62,33,29
60QR002372,57,45,12
60QR002373,41,31,10
60QR002374,46,29,17
60QR002375,68,43,25
60QR002376,73,52,21
60QR002377,41,26,15
60QR002378,91,76,15
60QR002379,35,8,27
60QR002380,229,77,152
60QR002381,137,96,41
60QR002382,78,57,21
60QR002383,117,75,42
60QR002384,86,52,34
60QR002385,107,82,25
60QR002386,117,86,31
60QR002387,75,53,22
60QR002388,76,46,30
60QR002389,121,94,27
60QR002390,62,41,21
60QR002391,112,35,77
60QR002392,78,54,24
60QR002393,43,33,10
60QR002394,116,84,32
60QR002395,75,49,26
60QR002396,71,46,25
60QR002397,85,49,36
60QR002398,60,34,26
60QR002399,124,96,28
60QR002400,94,64,30
60QR002401,50,32,18
60QR002402,44,29,15
60QR002403,116,94,22
60QR002404,64,53,11
60QR002405,87,64,23
60QR002406,63,55,8
60QR002407,44,33,11
60QR002408,42,29,13
60QR002409,108,85,23
60QR002410,52,44,8
60QR002411,49,36,13
60QR002412,75,61,14
60QR002413,101,84,17
60QR002414,40,33,7
60QR002415,65,32,33
60QR002416,59,30,29
60QR002417,102,79,23
60QR002418,117,94,23
60QR002419,80,51,29
60QR002420,97,51,46
60QR002421,51,47,4
60QR002422,76,62,14
60QR002423,40,24,16
60QR002424,82,56,26
60QR002425,119,68,51
60QR002426,71,52,19
60QR002427,44,31,13
60QR002428,74,53,21
60QR002429,93,70,23
60QR002430,83,62,21
60QR002431,72,51,21
60QR002432,84,62,22
60QR002433,70,53,17
60QR002434,85,56,29
60QR002435,66,46,20
60QR002436,56,46,10
60QR002437,129,101,28
60QR002438,58,39,19
60QR002439,82,55,27
60QR002440,112,99,13
60QR002441,62,53,9
60QR002442,112,98,14
60QR002443,49,40,9
60QR002444,68,49,19
60QR002445,60,33,27
60QR002446,92,58,34
60QR002447,62,46,16
60QR002448,99,71,28
60QR002449,51,33,18
60QR002450,37,26,11
60QR002451,96,58,38
60QR002452,76,63,13
60QR002453,56,31,25
60QR002454,62,33,29
60QR002455,62,35,27
60QR002456,72,56,16
60QR002457,41,20,21
60QR002458,44,31,13
60QR002459,87,67,20
60QR002460,99,63,36
60QR002461,45,22,23
60QR002462,59,37,22
60QR002463,56,36,20
60QR002464,27,4,23
60QR002465,38,11,27
60QR002466,35,12,23
60QR002467,16,7,9
60QR002468,52,27,25
60QR002469,102,66,36
60QR002470,50,39,11
60QR002471,66,49,17
60QR002472,50,30,20
60QR002473,87,60,27
60QR002474,60,33,27
60QR002475,96,55,41
60QR002476,53,41,12
60QR002477,105,74,31
60QR002478,65,48,17
60QR002479,74,48,26
60QR002480,83,48,35
60QR002481,76,55,21
60QR002482,99,76,23
60QR002483,42,20,22
60QR002484,81,45,36
60QR002485,71,46,25
60QR002486,109,76,33
60QR002487,60,43,17
60QR002488,51,29,22
60QR002489,96,61,35
60QR002490,53,25,28
60QR002491,103,52,51
60QR002492,37,19,18
60QR002493,77,42,35
60QR002494,62,30,32
60QR002495,97,53,44
60QR002496,40,27,13
60QR002497,94,55,39
60QR002498,62,39,23
60QR002499,70,56,14
60QR002500,90,60,30
60QR002501,70,59,11
60QR002502,52,34,18
60QR002503,78,57,21
60QR002504,73,45,28
60QR002505,100,76,24
60QR002506,27,10,17
60QR002507,102,74,28
60QR002508,90,55,35
60QR002509,67,36,31
60QR002510,65,40,25
60QR002511,89,75,14
60QR002512,40,21,19
60QR002513,78,58,20
60QR002514,59,43,16
60QR002515,187,154,33
60QR002516,85,73,12
60QR002517,120,104,16
60QR002518,88,74,14
60QR002519,99,96,3
60QR002520,120,92,28
60QR002521,166,139,27
60QR002522,155,128,27
60QR002523,57,42,15
60QR002524,108,73,35
60QR002525,120,92,28
60QR002526,94,62,32
60QR002527,104,71,33
60QR002528,77,63,14
60QR002529,97,63,34
60QR002530,92,58,34
60QR002531,73,47,26
60QR002532,86,69,17
60QR002533,185,134,51
60QR002534,96,73,23
60QR002535,51,25,26
60QR002536,89,73,16
60QR002537,84,53,31
60QR002538,139,101,38
60QR002539,57,44,13
60QR002540,108,54,54
60QR002541,84,55,29
60QR002542,63,37,26
60QR002543,107,75,32
60QR002544,88,59,29
60QR002545,73,48,25
60QR002546,527,129,398
60QR002547,113,98,15
60QR002548,155,128,27
60QR002549,94,78,16
60QR002550,89,66,23
60QR002551,127,104,23
60QR002552,119,88,31
60QR002553,141,109,32
60QR002554,146,106,40
60QR002555,73,43,30
60QR002556,179,135,44
60QR002557,60,44,16
60QR002558,165,141,24
60QR002559,134,99,35
60QR002560,63,45,18
60QR002561,83,56,27
60QR002562,90,70,20
60QR002563,78,53,25
60QR002564,53,36,17
60QR002565,124,94,30
60QR002566,110,95,15
60QR002567,105,81,24
60QR002568,133,105,28
60QR002569,102,88,14
60QR002570,121,56,65
60QR002571,65,42,23
60QR002572,65,41,24
60QR002573,105,83,22
60QR002574,45,29,16
60QR002575,120,89,31
60QR002576,55,35,20
60QR002577,65,24,41
60QR002578,37,20,17
60QR002579,68,37,31
60QR002580,72,44,28
60QR002581,87,66,21
60QR002582,74,46,28
60QR002583,167,99,68
60QR002584,113,72,41
60QR002585,90,55,35
60QR002586,49,21,28
60QR002587,58,45,13
60QR002588,50,23,27
60QR002589,79,64,15
60QR002590,55,28,27
60QR002591,102,72,30
60QR002592,73,58,15
60QR002593,115,92,23
60QR002594,82,62,20
60QR002595,86,56,30
60QR002596,65,42,23
60QR002597,123,69,54
60QR002598,120,69,51
60QR002599,63,55,8
60QR002600,101,83,18
60QR002601,110,77,33
60QR002602,69,55,14
60QR002603,102,88,14
60QR002604,48,38,10
60QR002605,58,42,16
60QR002606,116,91,25
60QR002607,154,122,32
60QR002608,113,88,25
60QR002609,85,75,10
60QR002610,56,45,11
60QR002611,58,55,3
60QR002612,91,77,14
60QR002613,78,64,14
60QR002614,88,52,36
60QR002615,51,50,1
60QR002616,65,42,23
60QR002617,67,55,12
60QR002618,83,57,26
60QR002619,61,38,23
60QR002620,40,35,5
60QR002621,142,102,40
60QR002622,93,81,12
60QR002623,70,56,14
60QR002624,77,57,20
60QR002625,39,8,31
60QR002626,94,48,46
60QR002627,43,30,13
60QR002628,57,30,27
60QR002629,92,57,35
60QR002630,111,93,18
60QR002631,117,88,29
60QR002632,123,104,19
60QR002633,112,89,23
60QR002634,137,106,31
60QR002635,85,78,7
60QR002636,56,30,26
60QR002637,83,66,17
60QR002638,82,34,48
60QR002639,80,56,24
60QR002640,50,31,19
60QR002641,106,79,27
60QR002642,85,67,18
60QR002643,45,27,18
60QR002644,134,92,42
60QR002645,128,89,39
60QR002646,82,55,27
60QR002647,89,68,21
60QR002648,77,63,14
60QR002649,83,72,11
60QR002650,140,114,26
60QR002651,118,78,40
60QR002652,96,77,19
60QR002653,86,52,34
60QR002654,77,56,21
60QR002655,34,18,16
60QR002656,51,26,25
60QR002657,122,88,34
60QR002658,82,55,27
60QR002659,54,27,27
60QR002660,87,50,37
60QR002661,135,95,40
60QR002662,60,40,20
60QR002663,122,89,33
60QR002664,60,38,22
60QR002665,82,52,30
60QR002666,60,29,31
60QR002667,38,23,15
60QR002668,99,59,40
60QR002669,73,42,31
60QR002670,53,38,15
60QR002671,72,29,43
60QR002672,103,92,11
60QR002673,116,102,14
60QR002674,140,91,49
60QR002675,65,56,9
60QR002676,89,48,41
60QR002677,77,53,24
60QR002678,110,84,26
60QR002679,156,124,32
60QR002680,59,48,11
60QR002681,101,50,51
60QR002682,52,27,25
60QR002683,79,42,37
60QR002684,96,45,51
60QR002685,45,32,13
60QR002686,109,79,30
60QR002687,150,100,50
60QR002688,101,74,27
60QR002689,96,60,36
60QR002690,93,70,23
60QR002691,54,34,20
60QR002692,53,39,14
60QR002693,60,21,39
60QR002694,72,21,51
60QR002695,61,31,30
60QR002696,46,31,15
60QR002697,84,61,23
60QR002698,111,80,31
60QR002699,65,44,21
60QR002700,47,28,19
60QR002701,110,69,41
60QR002702,128,74,54
60QR002703,60,36,24
60QR002704,97,56,41
60QR002705,58,36,22
60QR002706,85,47,38
60QR002707,146,67,79
60QR002708,108,92,16
60QR002709,96,86,10
60QR002710,68,62,6
60QR002711,200,157,43
60QR002712,94,79,15
60QR002713,151,126,25
60QR002714,168,141,27
60QR002715,61,52,9
60QR002716,74,53,21
60QR002717,123,73,50
60QR002718,57,37,20
60QR002719,179,119,60
60QR002720,65,60,5
60QR002721,34,17,17
60QR002722,93,68,25
60QR002723,97,58,39
60QR002724,75,56,19
60QR002725,84,55,29
60QR002726,70,43,27
60QR002727,110,81,29
60QR002728,54,32,22
60QR002729,88,61,27
60QR002730,62,27,35
60QR002731,85,47,38
60QR002732,108,64,44
60QR002733,74,41,33
60QR002734,99,60,39
60QR002735,91,67,24
60QR002736,100,47,53
60QR002737,114,87,27
60QR002738,121,78,43
60QR002739,80,61,19
60QR002740,86,71,15
60QR002741,75,42,33
60QR002742,48,26,22
60QR002743,48,23,25
60QR002744,97,45,52
60QR002745,82,58,24
60QR002746,65,42,23
60QR002747,106,79,27
60QR002748,68,47,21
60QR002749,154,91,63
60QR002750,60,33,27
60QR002751,66,30,36
60QR002752,111,69,42
60QR002753,71,41,30
60QR002754,110,48,62
60QR002755,114,55,59
60QR002756,54,37,17
60QR002757,52,29,23
60QR002758,105,63,42
60QR002759,74,35,39
60QR002760,72,45,27
60QR002761,71,41,30
60QR002762,102,56,46
60QR002763,62,48,14
60QR002764,104,67,37
60QR002765,70,51,19
60QR002766,69,48,21
60QR002767,81,51,30
60QR002768,134,90,44
60QR002769,136,96,40
60QR002770,54,34,20
60QR002771,127,93,34
60QR002772,67,50,17
60QR002773,97,77,20
60QR002774,166,141,25
60QR002775,82,66,16
60QR002776,141,124,17
60QR002777,93,74,19
60QR002778,71,54,17
60QR002779,64,51,13
60QR002780,121,95,26
60QR002781,93,59,34
60QR002782,94,72,22
60QR002783,72,35,37
60QR002784,60,46,14
60QR002785,119,74,45
60QR002786,106,60,46
60QR002787,93,69,24
60QR002788,112,90,22
60QR002789,101,86,15
60QR002790,48,26,22
60QR002791,99,64,35
60QR002792,85,50,35
60QR002793,79,56,23
60QR002794,37,26,11
60QR002795,75,45,30
60QR002796,82,70,12
60QR002797,84,60,24
60QR002798,71,54,17
60QR002799,73,53,20
60QR002800,140,109,31
60QR002801,74,53,21
60QR002802,100,52,48
60QR002803,57,23,34
60QR002804,90,58,32
60QR002805,137,104,33
60QR002806,79,61,18
60QR002807,80,58,22
60QR002808,91,54,37
60QR002809,138,76,62
60QR002810,75,56,19
60QR002811,92,64,28
60QR002812,153,93,60
60QR002813,48,31,17
60QR002814,134,89,45
60QR002815,75,49,26
60QR002816,32,23,9
60QR002817,99,67,32
60QR002818,75,50,25
60QR002819,123,81,42
60QR002820,91,62,29
60QR002821,54,43,11
60QR002822,102,74,28
60QR002823,54,42,12
60QR002824,83,51,32
60QR002825,70,49,21
60QR002826,89,64,25
60QR002827,109,76,33
60QR002828,102,66,36
60QR002829,73,61,12
60QR002830,55,32,23
60QR002831,81,63,18
60QR002832,94,62,32
60QR002833,144,103,41
60QR002834,77,64,13
60QR002835,77,49,28
60QR002836,69,52,17
60QR002837,60,38,22
60QR002838,81,54,27
60QR002839,39,24,15
60QR002840,110,74,36
60QR002841,52,32,20
60QR002842,49,35,14
60QR002843,134,82,52
60QR002844,84,70,14
60QR002845,98,59,39
60QR002846,87,54,33
60QR002847,77,65,12
60QR002848,35,13,22
60QR002849,48,27,21
60QR002850,103,63,40
60QR002851,147,94,53
60QR002852,64,54,10
60QR002853,70,43,27
60QR002854,67,44,23
60QR002855,78,53,25
60QR002856,89,69,20
60QR002857,59,35,24
60QR002858,64,35,29
60QR002859,110,27,83
60QR002860,71,34,37
60QR002861,88,49,39
60QR002862,47,28,19
60QR002863,115,44,71
60QR002864,66,57,9
60QR002865,76,48,28
60QR002866,74,44,30
60QR002867,77,48,29
60QR002868,68,31,37
60QR002869,126,38,88
60QR002870,47,28,19
60QR002871,108,29,79
60QR002872,148,35,113
60QR002873,101,47,54
60QR002874,94,30,64
60QR002875,81,51,30
60QR002876,74,60,14
60QR002877,68,45,23
60QR002878,59,39,20
60QR002879,128,96,32
60QR002880,140,86,54
60QR002881,75,54,21
60QR002882,80,57,23
60QR002883,50,31,19
60QR002884,57,42,15
60QR002885,61,47,14
60QR002886,109,72,37
60QR002887,108,65,43
60QR002888,46,38,8
60QR002889,86,67,19
60QR002890,58,42,16
60QR002891,62,43,19
60QR002892,85,61,24
60QR002893,54,38,16
60QR002894,86,74,12
60QR002895,121,100,21
60QR002896,92,54,38
60QR002897,78,64,14
60QR002898,67,36,31
60QR002899,95,63,32
60QR002900,66,41,25
60QR002901,106,65,41
60QR002902,119,71,48
60QR002903,106,70,36
60QR002904,120,77,43
60QR002905,81,45,36
60QR002906,48,25,23
60QR002907,93,47,46
60QR002908,80,66,14
60QR002909,114,96,18
60QR002910,69,60,9
60QR002911,156,131,25
60QR002912,121,106,15
60QR002913,50,43,7
60QR002914,111,94,17
60QR002915,90,83,7
60QR002916,98,88,10
60QR002917,127,111,16
60QR002918,129,119,10
60QR002919,104,89,15
60QR002920,112,92,20
60QR002921,78,73,5
60QR002922,81,55,26
60QR002923,67,51,16
60QR002924,84,61,23
60QS000001,83,50,33
60QS000002,41,18,23
60QS000003,99,75,24
60QS000004,90,56,34
60QS000005,69,55,14
60QS000006,117,98,19
60QS000007,70,61,9
60QS000008,87,72,15
60QS000009,115,84,31
60QS000010,76,62,14
60QS000011,77,22,55
60QS000012,67,21,46
60QS000013,81,34,47
60QS000014,87,76,11
60QS000015,152,82,70
60QS000016,256,132,124
60QS000017,62,27,35
60QS000018,77,66,11
60QS000019,86,75,11
60QS000020,115,72,43
60QS000021,111,57,54
60QS000022,83,42,41
60QS000023,62,29,33
60QS000024,132,65,67
60QS000025,77,38,39
60QS000026,73,47,26
60QS000027,108,82,26
60QS000028,67,33,34
60QS000029,109,78,31
60QS000030,29,4,25
60QS000031,108,53,55
60QS000032,125,85,40
60QS000033,199,66,133
60QS000034,74,45,29
60QS000035,99,52,47
60QS000036,130,95,35
60QS000037,153,80,73
60QS000038,73,39,34
60QS000039,145,93,52
60QS000040,111,68,43
60QS000041,122,78,44
60QS000042,111,60,51
60QS000043,93,67,26
60QS000044,96,66,30
60QS000045,144,91,53
60QS000046,113,79,34
60QS000047,130,94,36
60QS000048,155,103,52
60QS000049,77,49,28
60QS000050,111,101,10
60QS000051,75,57,18
60QS000052,95,49,46
60QS000053,76,49,27
60QS000054,78,38,40
60QS000055,59,38,21
60QS000056,64,44,20
60QS000057,107,69,38
60QS000058,73,58,15
60QS000059,64,39,25
60QS000060,78,64,14
60QS000061,86,63,23
60QS000062,82,48,34
60QS000063,94,57,37
60QS000064,85,50,35
60QS000065,66,36,30
60QS000066,85,56,29
60QS000067,43,22,21
60QS000068,62,37,25
60QS000069,61,38,23
60QS000070,136,68,68
60QS000071,134,96,38
60QS000072,59,40,19
60QS000073,286,140,146
60QS000074,117,72,45
60QS000075,108,71,37
60QS000076,92,53,39
60QS000077,89,41,48
60QS000078,85,27,58
60QS000079,40,15,25
60QS000080,111,52,59
60QS000081,105,51,54
60QS000082,63,58,5
60QS000083,96,89,7
60QS000084,70,25,45
60QS000085,103,45,58
60QS000086,104,46,58
60QS000087,203,68,135
60QS000088,55,11,44
60QS000089,104,40,64
60QS000090,102,52,50
60QS000091,134,83,51
60QS000092,56,34,22
60QS000093,73,34,39
60QS000094,56,38,18
60QS000095,124,60,64
60QS000096,102,71,31
60QS000097,122,82,40
60QS000098,88,48,40
60QS000099,77,42,35
60QS000100,105,56,49
60QS000101,93,65,28
60QS000102,101,52,49
60QS000103,154,81,73
60QS000104,166,79,87
60QS000105,77,51,26
60QS000106,127,81,46
60QS000107,110,63,47
60QS000108,107,54,53
60QS000109,135,80,55
60QS000110,131,76,55
60QS000111,108,70,38
60QS000112,129,73,56
60QS000113,78,37,41
60QS000114,86,50,36
60QS000115,81,23,58
60QS000116,80,60,20
60QS000117,117,55,62
60QS000118,61,25,36
60QS000119,52,20,32
60QS000120,83,18,65
60QS000121,81,67,14
60QS000122,74,59,15
60QS000123,79,25,54
60QS000124,44,11,33
60QS000125,58,17,41
60QS000126,57,17,40
60QS000127,54,20,34
60QS000128,93,33,60
60QS000129,65,24,41
60QS000130,99,46,53
60QS000131,162,77,85
60QS000132,627,204,423
60QS000133,112,48,64
60QS000134,90,41,49
60QS000135,72,24,48
60QS000136,56,19,37
60QS000137,66,21,45
60QS000138,49,11,38
60QS000139,91,12,79
60QS000140,44,11,33
60QS000141,54,11,43
60QS000142,60,13,47
60QS000143,95,32,63
60QS000144,85,26,59
60QS000145,80,37,43
60QS000146,96,43,53
60QS000147,68,24,44
60QS000148,56,19,37
60QS000149,56,18,38
60QS000150,67,41,26
60QS000151,76,30,46
60QS000152,86,27,59
60QS000153,104,35,69
60QS000154,50,21,29
60QS000155,61,22,39
60QS000156,52,10,42
60QS000157,58,23,35
60QS000158,99,37,62
60QS000159,87,28,59
60QS000160,43,12,31
60QS000161,123,44,79
60QS000162,120,55,65
60QS000163,90,43,47
60QS000164,82,32,50
60QS000165,76,29,47
60QS000166,80,28,52
60QS000167,82,29,53
60QS000168,95,25,70
60QS000169,64,19,45
60QS000170,41,23,18
60QS000171,61,46,15
60QS000172,122,99,23
60QS000173,80,60,20
60QS000174,56,41,15
60QS000175,46,31,15
60QS000176,53,37,16
60QS000177,109,87,22
60QS000178,123,76,47
60QS000179,110,72,38
60QS000180,46,28,18
60QS000181,88,57,31
60QS000182,54,29,25
60QS000183,113,79,34
60QS000184,97,77,20
60QS000185,55,34,21
60QS000186,65,37,28
60QS000187,74,38,36
60QS000188,107,72,35
60QS000189,110,71,39
60QS000190,67,46,21
60QS000191,87,68,19
60QS000192,78,57,21
60QS000193,55,42,13
60QS000194,104,77,27
60QS000195,69,52,17
60QS000196,66,48,18
60QS000197,85,66,19
60QS000198,89,66,23
60QS000199,108,72,36
60QS000200,77,53,24
60QS000201,123,76,47
60QS000202,71,47,24
60QS000203,64,37,27
60QS000204,84,42,42
60QS000205,61,42,19
60QS000206,60,27,33
60QS000207,78,56,22
60QS000208,88,56,32
60QS000209,90,69,21
60QS000210,87,42,45
60QS000211,69,41,28
60QS000212,60,40,20
60QS000213,82,48,34
60QS000214,56,25,31
60QS000215,111,75,36
60QS000216,98,72,26
60QS000217,84,59,25
60QS000218,79,51,28
60QS000219,58,43,15
60QS000220,100,89,11
60QS000221,60,37,23
60QS000222,66,46,20
60QS000223,46,29,17
60QS000224,122,71,51
60QS000225,108,72,36
60QS000226,49,22,27
60QS000227,90,31,59
60QS000228,49,28,21
60QS000229,67,40,27
60QS000230,74,49,25
60QS000231,101,67,34
60QS000232,90,48,42
60QS000233,84,57,27
60QS000234,57,41,16
60QS000235,122,89,33
60QS000236,87,63,24
60QS000237,102,86,16
60QS000238,88,69,19
60QS000239,76,43,33
60QS000240,74,53,21
60QS000241,84,66,18
60QS000242,79,62,17
60QS000243,51,41,10
60QS000244,70,44,26
60QS000245,62,44,18
60QS000246,60,44,16
60QS000247,84,54,30
60QS000248,73,55,18
60QS000249,60,51,9
60QS000250,64,56,8
60QS000251,58,45,13
60QS000252,73,53,20
60QS000253,65,57,8
60QS000254,54,8,46
60QS000255,92,66,26
60QS000256,90,73,17
60QS000257,128,65,63
60QS000258,111,76,35
60QS000259,46,10,36
60QS000260,56,11,45
60QS000261,123,73,50
60QS000262,100,81,19
60QS000263,56,48,8
60QS000264,54,18,36
60QS000265,60,27,33
60QS000266,87,71,16
60QS000267,47,21,26
60QS000268,73,35,38
60QS000269,61,52,9
60QS000270,76,63,13
60QS000271,77,56,21
60QS000272,71,61,10
60QS000273,66,40,26
60QS000274,104,67,37
60QS000275,143,102,41
60QS000276,102,70,32
60QS000277,59,42,17
60QS000278,117,71,46
60QS000279,96,68,28
60QS000280,105,70,35
60QS000281,99,83,16
60QS000282,100,84,16
60QS000283,70,55,15
60QS000284,98,71,27
60QS000285,55,46,9
60QS000286,46,37,9
60QS000287,65,53,12
60QS000288,100,73,27
60QS000289,77,48,29
60QS000290,99,81,18
60QS000291,84,66,18
60QS000292,107,85,22
60QS000293,76,55,21
60QS000294,128,81,47
60QS000295,122,82,40
60QS000296,96,74,22
60QS000297,96,54,42
60QS000298,92,52,40
60QS000299,60,36,24
60QS000300,130,75,55
60QS000301,49,23,26
60QS000302,110,61,49
60QS000303,140,96,44
60QS000304,143,94,49
60QS000305,120,83,37
60QS000306,75,57,18
60QS000307,91,70,21
60QS000308,117,80,37
60QS000309,57,39,18
60QS000310,74,59,15
60QS000311,107,70,37
60QS000312,78,50,28
60QS000313,88,52,36
60QS000314,140,102,38
60QS000315,104,75,29
60QS000316,113,64,49
60QS000317,120,71,49
60QS000318,122,73,49
60QS000319,108,58,50
60QS000320,133,85,48
60QS000321,91,61,30
60QS000322,105,65,40
60QS000323,89,48,41
60QS000324,115,67,48
60QS000325,86,51,35
60QS000326,92,47,45
60QS000327,65,31,34
60QS000328,108,54,54
60QS000329,74,54,20
60QS000330,135,72,63
60QS000331,104,69,35
60QS000332,92,54,38
60QS000333,131,92,39
60QS000334,98,60,38
60QS000335,150,92,58
60QS000336,98,68,30
60QS000337,78,71,7
60QS000338,40,30,10
60QS000339,86,68,18
60QS000340,81,64,17
60QS000341,75,62,13
60QS000342,83,54,29
60QS000343,93,67,26
60QS000344,89,55,34
60QS000345,117,81,36
60QS000346,137,90,47
60QS000347,107,85,22
60QS000348,116,73,43
60QS000349,93,67,26
60QS000350,104,71,33
60QS000351,56,37,19
60QS000352,91,47,44
60QS000353,128,98,30
60QS000354,87,52,35
60QS000355,70,55,15
60QS000356,48,37,11
60QS000357,82,54,28
60QS000358,124,88,36
60QS000359,49,42,7
60QS000360,50,41,9
60QS000361,60,50,10
60QS000362,102,82,20
60QS000363,108,90,18
60QS000364,132,84,48
60QS000365,80,52,28
60QS000366,64,57,7
60QS000367,96,76,20
60QS000368,64,56,8
60QS000369,75,66,9
60QS000370,68,50,18
60QS000371,78,51,27
60QS000372,70,34,36
60QS000373,73,65,8
60QS000374,41,29,12
60QS000375,79,62,17
60QS000376,103,73,30
60QS000377,78,54,24
60QS000378,102,77,25
60QS000379,71,54,17
60QS000380,86,68,18
60QS000381,60,39,21
60QS000382,140,107,33
60QS000383,119,96,23
60QS000384,94,62,32
60QS000385,113,81,32
60QS000386,103,70,33
60QS000387,139,101,38
60QS000388,95,76,19
60QS000389,61,49,12
60QS000390,67,53,14
60QS000391,101,85,16
60QS000392,75,59,16
60QS000393,104,83,21
60QS000394,89,82,7
60QS000395,71,47,24
60QS000396,59,47,12
60QS000397,72,59,13
60QS000398,67,56,11
60QS000399,49,44,5
60QS000400,43,33,10
60QS000401,119,93,26
60QS000402,82,71,11
60QS000403,68,54,14
60QS000404,92,59,33
60QS000405,70,35,35
60QS000406,79,36,43
60QS000407,97,58,39
60QS000408,68,36,32
60QS000409,86,62,24
60QS000410,134,65,69
60QS000411,101,74,27
60QS000412,47,31,16
60QS000413,88,68,20
60QS000414,92,66,26
60QS000415,75,54,21
60QS000416,102,69,33
60QS000417,85,51,34
60QS000418,100,70,30
60QS000419,96,75,21
60QS000420,106,76,30
60QS000421,105,68,37
60QS000422,72,48,24
60QS000423,56,27,29
60QS000424,91,61,30
60QS000425,101,69,32
60QS000426,76,45,31
60QS000427,73,54,19
60QS000428,90,66,24
60QS000429,98,74,24
60QS000430,92,73,19
60QS000431,77,60,17
60QS000432,92,65,27
60QS000433,127,92,35
60QS000434,63,35,28
60QS000435,324,145,179
60QS000436,66,50,16
60QS000437,99,80,19
60QS000438,90,62,28
60QS000439,86,62,24
60QS000440,64,43,21
60QS000441,116,84,32
60QS000442,104,78,26
60QS000443,51,35,16
60QS000444,233,92,141
60QS000445,134,88,46
60QS000446,63,48,15
60QS000447,49,32,17
60QS000448,53,45,8
60QS000449,100,80,20
60QS000450,38,28,10
60QS000451,121,102,19
60QS000452,97,62,35
60QS000453,67,56,11
60QS000454,57,37,20
60QS000455,125,28,97
60QS000456,96,74,22
60QS000457,77,47,30
60QS000458,91,55,36
60QS000459,93,72,21
60QS000460,79,53,26
60QS000461,72,46,26
60QS000462,108,78,30
60QS000463,82,52,30
60QS000464,101,75,26
60QS000465,95,64,31
60QS000466,65,49,16
60QS000467,77,49,28
60QS000468,41,29,12
60QS000469,75,50,25
60QS000470,98,71,27
60QS000471,85,51,34
60QS000472,91,57,34
60QS000473,74,57,17
60QS000474,114,79,35
60QS000475,64,40,24
60QS000476,95,72,23
60QS000477,106,76,30
60QS000478,86,63,23
60QS000479,98,72,26
60QS000480,166,109,57
60QS000481,68,29,39
60QS000482,74,48,26
60QS000483,62,40,22
60QS000484,52,29,23
60QS000485,62,38,24
60QS000486,59,28,31
60QS000487,67,39,28
60QS000488,118,73,45
60QS000489,82,37,45
60QS000490,41,15,26
60QS000491,72,43,29
60QS000492,128,67,61
60QS000493,83,41,42
60QS000494,78,64,14
60QS000495,76,60,16
60QS000496,94,61,33
60QS000497,78,37,41
60QS000498,103,71,32
60QS000499,44,26,18
60QS000500,99,67,32
60QS000501,55,42,13
60QS000502,94,71,23
60QS000503,92,83,9
60QS000504,94,73,21
60QS000505,53,38,15
60QS000506,51,41,10
60QS000507,75,56,19
60QS000508,97,80,17
60QS000509,126,105,21
60QS000510,81,65,16
60QS000511,102,61,41
60QS000512,35,25,10
60QS000513,98,65,33
60QS000514,52,18,34
60QS000515,48,17,31
60QS000516,66,40,26
60QS000517,76,44,32
60QS000518,96,71,25
60QS000519,66,34,32
60QS000520,92,51,41
60QS000521,73,35,38
60QS000522,52,19,33
60QS000523,46,23,23
60QS000524,71,42,29
60QS000525,67,28,39
60QS000526,124,58,66
60QS000527,122,57,65
60QS000528,58,29,29
60QS000529,43,21,22
60QS000530,149,80,69
60QS000531,76,28,48
60QS000532,93,48,45
60QS000533,67,28,39
60QS000534,69,31,38
60QS000535,109,71,38
60QS000536,63,29,34
60QS000537,88,50,38
60QS000538,73,35,38
60QS000539,59,25,34
60QS000540,77,38,39
60QS000541,79,37,42
60QS000542,110,47,63
60QS000543,81,35,46
60QS000544,66,24,42
60QS000545,64,33,31
60QS000546,67,37,30
60QS000547,65,24,41
60QS000548,63,38,25
60QS000549,57,31,26
60QS000550,118,63,55
60QS000551,106,60,46
60QS000552,98,44,54
60QS000553,49,26,23
60QS000554,62,35,27
60QS000555,40,22,18
60QS000556,61,40,21
60QS000557,58,28,30
60QS000558,62,35,27
60QS000559,105,50,55
60QS000560,68,33,35
60QS000561,64,29,35
60QS000562,75,41,34
60QS000563,63,37,26
60QS000564,84,32,52
60QS000565,61,24,37
60QS000566,81,39,42
60QS000567,88,38,50
60QS000568,79,36,43
60QS000569,77,37,40
60QS000570,90,53,37
60QS000571,82,51,31
60QS000572,80,45,35
60QS000573,75,37,38
60QS000574,90,48,42
60QS000575,71,41,30
60QS000576,46,19,27
60QS000577,123,68,55
60QS000578,65,22,43
60QS000579,57,27,30
60QS000580,60,26,34
60QS000581,62,36,26
60QS000582,75,41,34
60QS000583,77,45,32
60QS000584,58,26,32
60QS000585,91,58,33
60QS000586,52,28,24
60QS000587,114,64,50
60QS000588,40,28,12
60QS000589,62,25,37
60QS000590,87,57,30
60QS000591,84,47,37
60QS000592,52,20,32
60QS000593,65,35,30
60QS000594,79,36,43
60QS000595,93,46,47
60QS000596,44,25,19
60QS000597,47,22,25
60QS000598,105,52,53
60QS000599,108,62,46
60QS000600,68,47,21
60QS000601,58,21,37
60QS000602,63,26,37
60QS000603,71,42,29
60QS000604,66,27,39
60QS000605,78,33,45
60QS000606,101,69,32
60QS000607,68,29,39
60QS000608,46,20,26
60QS000609,76,31,45
60QS000610,56,19,37
60QS000611,98,47,51
60QS000612,99,44,55
60QS000613,55,30,25
60QS000614,56,29,27
60QS000615,52,29,23
60QS000616,99,53,46
60QS000617,53,32,21
60QS000618,64,34,30
60QS000619,91,47,44
60QS000620,71,40,31
60QS000621,77,50,27
60QS000622,94,67,27
60QS000623,92,39,53
60QS000624,70,36,34
60QS000625,117,68,49
60QS000626,97,62,35
60QS000627,95,46,49
60QS000628,66,31,35
60QS000629,90,38,52
60QS000630,72,31,41
60QS000631,70,39,31
60QS000632,56,26,30
60QS000633,129,71,58
60QS000634,111,50,61
60QS000635,105,57,48
60QS000636,64,26,38
60QS000637,57,22,35
60QS000638,99,39,60
60QS000639,92,37,55
60QS000640,106,55,51
60QS000641,96,58,38
60QS000642,113,45,68
60QS000643,66,28,38
60QS000644,77,42,35
60QS000645,78,40,38
60QS000646,105,57,48
60QS000647,70,42,28
60QS000648,70,42,28
60QS000649,71,32,39
60QS000650,91,64,27
60QS000651,62,24,38
60QS000652,74,51,23
60QS000653,125,70,55
60QS000654,123,67,56
60QS000655,126,54,72
60QS000656,123,73,50
60QS000657,95,43,52
60QS000658,67,42,25
60QS000659,80,38,42
60QS000660,52,27,25
60QS000661,74,53,21
60QS000662,130,61,69
60QS000663,67,35,32
60QS000664,71,35,36
60QS000665,69,24,45
60QS000666,75,37,38
60QS000667,76,37,39
60QS000668,87,49,38
60QS000669,90,43,47
60QS000670,59,24,35
60QS000671,65,31,34
60QS000672,64,27,37
60QS000673,40,25,15
60QS000674,34,15,19
60QS000675,89,34,55
60QS000676,96,45,51
60QS000677,89,36,53
60QS000678,83,36,47
60QS000679,84,37,47
60QS000680,65,30,35
60QS000681,87,31,56
60QS000682,95,35,60
60QS000683,96,41,55
60QS000684,89,73,16
60QS000685,88,71,17
60QS000686,99,43,56
60QS000687,86,61,25
60QS000688,92,48,44
60QS000689,62,37,25
60QS000690,82,31,51
60QS000691,110,42,68
60QS000692,54,21,33
60QS000693,83,49,34
60QS000694,106,43,63
60QS000695,75,28,47
60QS000696,116,58,58
60QS000697,68,29,39
60QS000698,104,61,43
60QS000699,90,48,42
60QS000700,67,30,37
60QS000701,63,31,32
60QS000702,55,22,33
60QS000703,59,31,28
60QS000704,77,30,47
60QS000705,118,68,50
60QS000706,50,10,40
60QS000707,48,11,37
60QS000708,108,81,27
60QS000709,68,34,34
60QS000710,168,128,40
60QS000711,98,76,22
60QS000712,115,76,39
60QS000713,82,71,11
60QS000714,86,64,22
60QS000715,84,66,18
60QS000716,107,87,20
60QS000717,99,78,21
60QS000718,89,60,29
60QS000719,81,55,26
60QS000720,73,35,38
60QS000721,121,91,30
60QS000722,117,80,37
60QS000723,131,96,35
60QS000724,83,56,27
60QS000725,57,34,23
60QS000726,78,44,34
60QS000727,102,77,25
60QS000728,78,59,19
60QS000729,96,62,34
60QS000730,115,73,42
60QS000731,88,53,35
60QS000732,92,65,27
60QS000733,115,86,29
60QS000734,67,58,9
60QS000735,70,45,25
60QS000736,64,33,31
60QS000737,72,36,36
60QS000738,72,49,23
60QS000739,73,56,17
60QS000740,82,49,33
60QS000741,38,8,30
60QS000742,78,37,41
60QS000743,72,54,18
60QS000744,115,76,39
60QS000745,75,33,42
60QS000746,44,16,28
60QS000747,52,19,33
60QS000748,50,22,28
60QS000749,95,51,44
60QS000750,92,55,37
60QS000751,88,71,17
60QS000752,76,55,21
60QS000753,99,63,36
60QS000754,55,31,24
60QS000755,49,24,25
60QS000756,47,22,25
60QS000757,74,49,25
60QS000758,104,35,69
60QS000759,100,44,56
60QS000760,67,24,43
60QS000761,76,32,44
60QS000762,56,24,32
60QS000763,62,22,40
60QS000764,76,37,39
60QS000765,68,32,36
60QS000766,104,72,32
60QS000767,90,60,30
60QS000768,37,21,16
60QS000769,75,57,18
60QS000770,130,54,76
60QS000771,82,45,37
60QS000772,62,52,10
60QS000773,66,53,13
60QS000774,71,55,16
60QS000775,100,61,39
60QS000776,93,64,29
60QS000777,83,36,47
60QS000778,42,17,25
60QS000779,130,71,59
60QS000780,113,52,61
60QS000781,75,45,30
60QS000782,96,47,49
60QS000783,101,53,48
60QS000784,90,54,36
60QS000785,68,51,17
60QS000786,68,29,39
60QS000787,110,80,30
60QS000788,94,75,19
60QS000789,106,73,33
60QS000790,102,68,34
60QS000791,38,23,15
60QS000792,102,62,40
60QS000793,56,23,33
60QS000794,93,45,48
60QS000795,83,44,39
60QS000796,68,22,46
60QS000797,63,17,46
60QS000798,48,25,23
60QS000799,48,23,25
60QS000800,65,38,27
60QS000801,78,35,43
60QS000802,66,43,23
60QS000803,88,59,29
60QS000804,84,49,35
60QS000805,74,43,31
60QS000806,90,63,27
60QS000807,101,65,36
60QS000808,51,26,25
60QS000809,55,32,23
60QS000810,75,46,29
60QS000811,116,69,47
60QS000812,65,37,28
60QS000813,64,47,17
60QS000814,78,39,39
60QS000815,55,25,30
60QS000816,74,34,40
60QS000817,46,27,19
60QS000818,78,37,41
60QS000819,75,39,36
60QS000820,85,41,44
60QS000821,98,50,48
60QS000822,103,52,51
60QS000823,108,47,61
60QS000824,127,84,43
60QS000825,109,48,61
60QS000826,57,32,25
60QS000827,84,50,34
60QS000828,57,29,28
60QS000829,72,24,48
60QS000830,48,10,38
60QS000831,86,29,57
60QS000832,108,49,59
60QS000833,121,66,55
60QS000834,144,48,96
60QS000835,60,24,36
60QS000836,78,32,46
60QS000837,97,39,58
60QS000838,105,50,55
60QS000839,107,51,56
60QS000840,116,59,57
60QS000841,44,24,20
60QS000842,89,39,50
60QS000843,90,49,41
60QS000844,109,59,50
60QS000845,71,42,29
60QS000846,91,45,46
60QS000847,113,64,49
60QS000848,97,52,45
60QS000849,106,53,53
60QS000850,91,40,51
60QS000851,115,44,71
60QS000852,57,27,30
60QS000853,87,40,47
60QS000854,74,31,43
60QS000855,82,40,42
60QS000856,125,60,65
60QS000857,42,18,24
60QS000858,64,24,40
60QS000859,43,13,30
60QS000860,114,40,74
60QS000861,44,16,28
60QS000862,138,65,73
60QS000863,83,45,38
60QS000864,22,3,19
60QS000865,44,21,23
60QS000866,73,37,36
60QS000867,80,38,42
60QS000868,91,41,50
60QS000869,85,49,36
60QS000870,44,23,21
60QS000871,85,37,48
60QS000872,91,40,51
60QS000873,47,16,31
60QS000874,65,23,42
60QS000875,47,9,38
60QS000876,46,31,15
60QS000877,108,89,19
60QS000878,105,81,24
60QS000879,80,39,41
60QS000880,141,76,65
60QS000881,77,62,15
60QS000882,66,51,15
60QS000883,123,96,27
60QS000884,129,86,43
60QS000885,43,28,15
60QS000886,99,74,25
60QS000887,65,47,18
60QS000888,65,45,20
60QS000889,73,45,28
60QS000890,58,36,22
60QS000891,40,20,20
60QS000892,57,34,23
60QS000893,71,48,23
60QS000894,52,30,22
60QS000895,76,25,51
60QS000896,60,30,30
60QS000897,95,72,23
60QS000898,68,50,18
60QS000899,54,20,34
60QS000900,77,36,41
60QS000901,80,44,36
60QS000902,103,71,32
60QS000903,78,68,10
60QS000904,67,59,8
60QS000905,88,70,18
60QS000906,122,90,32
60QS000907,135,90,45
60QS000908,163,118,45
60QS000909,116,93,23
60QS000910,94,65,29
60QS000911,88,61,27
60QS000912,84,71,13
60QS000913,89,72,17
60QS000914,70,34,36
60QS000915,134,84,50
60QS000916,98,71,27
60QS000917,111,80,31
60QS000918,92,75,17
60QS000919,46,33,13
60QS000920,94,36,58
60QS000921,66,34,32
60QS000922,105,63,42
60QS000923,78,28,50
60QS000924,80,32,48
60QS000925,64,51,13
60QS000926,99,76,23
60QS000927,63,25,38
60QS000928,98,49,49
60QS000929,72,39,33
60QS000930,56,26,30
60QS000931,109,62,47
60QS000932,69,30,39
60QS000933,55,16,39
60QS000934,74,48,26
60QS000935,106,47,59
60QS000936,156,50,106
60QS000937,46,20,26
60QS000938,64,48,16
60QS000939,62,25,37
60QS000940,50,17,33
60QS000941,1009,285,724
60QS000942,57,30,27
60QS000943,83,47,36
60QS000944,56,33,23
60QS000945,86,47,39
60QS000946,118,81,37
60QS000947,98,81,17
60QS000948,207,126,81
60QS000949,91,64,27
60QS000950,45,29,16
60QS000951,94,70,24
60QS000952,55,45,10
60QS000953,121,81,40
60QS000954,110,94,16
60QS000955,100,61,39
60QS000956,61,40,21
60QS000957,107,60,47
60QS000958,42,16,26
60QS000959,116,75,41
60QS000960,104,81,23
60QS000961,51,25,26
60QS000962,84,43,41
60QS000963,70,29,41
60QS000964,51,43,8
60QS000965,71,45,26
60QS000966,53,35,18
60QS000967,83,51,32
60QS000968,108,78,30
60QS000969,95,81,14
60QS000970,53,12,41
60QS000971,71,21,50
60QS000972,74,25,49
60QS000973,90,46,44
60QS000974,104,43,61
60QS000975,68,46,22
60QS000976,40,18,22
60QS000977,68,25,43
60QS000978,70,35,35
60QS000979,59,27,32
60QS000980,81,47,34
60QS000981,61,20,41
60QS000982,43,16,27
60QS000983,92,44,48
60QS000984,56,20,36
60QS000985,73,18,55
60QS000986,60,31,29
60QS000987,61,14,47
60QS000988,91,43,48
60QS000989,61,23,38
60QS000990,123,38,85
60QS000991,77,26,51
60QS000992,43,20,23
60QS000993,59,17,42
60QS000994,85,66,19
60QS000995,51,25,26
60QS000996,60,22,38
60QS000997,45,20,25
60QS000998,60,27,33
60QS000999,72,30,42
60QS001000,50,23,27
60QS001001,69,20,49
60QS001002,70,44,26
60QS001003,133,94,39
60QS001004,48,25,23
60QS001005,108,58,50
60QS001006,63,28,35
60QS001007,70,27,43
60QS001008,72,34,38
60QS001009,105,54,51
60QS001010,97,45,52
60QS001011,87,43,44
60QS001012,65,23,42
60QS001013,99,27,72
60QS001014,52,24,28
60QS001015,43,22,21
60QS001016,72,35,37
60QS001017,65,34,31
60QS001018,52,22,30
60QS001019,76,26,50
60QS001020,119,66,53
60QS001021,120,63,57
60QS001022,145,60,85
60QS001023,57,15,42
60QS001024,92,28,64
60QS001025,115,100,15
60QS001026,121,93,28
60QS001027,40,35,5
60QS001028,83,62,21
60QS001029,118,89,29
60QS001030,70,35,35
60QS001031,95,46,49
60QS001032,95,42,53
60QS001033,73,36,37
60QS001034,96,76,20
60QS001035,100,82,18
60QS001036,84,65,19
60QS001037,54,41,13
60QS001038,38,22,16
60QS001039,87,62,25
60QS001040,59,25,34
60QS001041,36,16,20
60QS001042,65,43,22
60QS001043,102,57,45
60QS001044,85,42,43
60QS001045,57,30,27
60QS001046,107,40,67
60QS001047,80,34,46
60QS001048,72,41,31
60QS001049,57,12,45
60QS001050,50,21,29
60QS001051,70,23,47
60QS001052,106,34,72
60QS001053,137,60,77
60QS001054,118,51,67
60QS001055,65,32,33
60QS001056,82,20,62
60QS001057,63,16,47
60QS001058,81,26,55
60QS001059,45,13,32
60QS001060,69,32,37
60QS001061,73,23,50
60QS001062,63,27,36
60QS001063,64,29,35
60QS001064,80,42,38
60QS001065,97,58,39
60QS001066,72,40,32
60QS001067,105,53,52
60QS001068,80,63,17
60QS001069,107,54,53
60QS001070,56,27,29
60QS001071,72,30,42
60QS001072,129,73,56
60QS001073,69,26,43
60QS001074,119,39,80
60QS001075,48,23,25
60QS001076,53,18,35
60QS001077,83,36,47
60QS001078,75,40,35
60QS001079,79,30,49
60QS001080,69,21,48
60QS001081,70,30,40
60QS001082,83,33,50
60QS001083,73,43,30
60QS001084,71,25,46
60QS001085,97,35,62
60QS001086,82,37,45
60QS001087,62,28,34
60QS001088,53,16,37
60QS001089,111,96,15
60QS001090,81,37,44
60QS001091,91,61,30
60QS001092,57,33,24
60QS001093,90,53,37
60QS001094,86,69,17
60QS001095,75,21,54
60QS001096,112,85,27
60QS001097,75,29,46
60QS001098,110,50,60
60QS001099,86,32,54
60QS001100,62,13,49
60QS001101,65,27,38
60QS001102,72,31,41
60QS001103,110,54,56
60QS001104,86,33,53
60QS001105,54,28,26
60QS001106,90,48,42
60QS001107,106,47,59
60QS001108,121,52,69
60QS001109,61,22,39
60QS001110,86,48,38
60QS001111,55,24,31
60QS001112,136,120,16
60QS001113,73,27,46
60QS001114,48,19,29
60QS001115,51,14,37
60QS001116,76,20,56
60QS001117,85,29,56
60QS001118,94,43,51
60QS001119,114,56,58
60QS001120,64,33,31
60QS001121,96,49,47
60QS001122,98,43,55
60QS001123,99,48,51
60QS001124,37,18,19
60QS001125,96,45,51
60QS001126,136,73,63
60QS001127,107,39,68
60QS001128,73,51,22
60QS001129,68,32,36
60QS001130,82,30,52
60QS001131,67,37,30
60QS001132,103,42,61
60QS001133,59,30,29
60QS001134,79,37,42
60QS001135,86,42,44
60QS001136,63,18,45
60QS001137,50,14,36
60QS001138,96,43,53
60QS001139,130,53,77
60QS001140,58,23,35
60QS001141,62,20,42
60QS001142,122,59,63
60QS001143,100,39,61
60QS001144,75,29,46
60QS001145,95,45,50
60QS001146,73,62,11
60QS001147,121,56,65
60QS001148,89,46,43
60QS001149,92,50,42
60QS001150,91,53,38
60QS001151,145,64,81
60QS001152,150,76,74
60QS001153,74,18,56
60QS001154,80,42,38
60QS001155,92,46,46
60QS001156,93,41,52
60QS001157,124,45,79
60QS001158,124,51,73
60QS001159,183,98,85
60QS001160,106,57,49
60QS001161,37,16,21
60QS001162,93,47,46
60QS001163,101,44,57
60QS001164,87,35,52
60QS001165,144,75,69
60QS001166,117,61,56
60QS001167,95,53,42
60QS001168,92,51,41
60QS001169,84,46,38
60QS001170,64,29,35
60QS001171,97,45,52
60QS001172,128,61,67
60QS001173,84,51,33
60QS001174,86,47,39
60QS001175,69,34,35
60QS001176,114,46,68
60QS001177,143,73,70
60QS001178,112,56,56
60QS001179,108,56,52
60QS001180,91,59,32
60QS001181,80,64,16
60QS001182,101,75,26
60QS001183,60,52,8
60QS001184,77,39,38
60QS001185,48,24,24
60QS001186,96,40,56
60QS001187,66,43,23
60QS001188,49,20,29
60QS001189,61,27,34
60QS001190,93,42,51
60QS001191,59,24,35
60QS001192,70,31,39
60QS001193,74,23,51
60QS001194,94,43,51
60QS001195,58,22,36
60QS001196,82,37,45
60QS001197,89,44,45
60QS001198,121,67,54
60QS001199,87,32,55
60QS001200,120,65,55
60QS001201,96,49,47
60QS001202,73,30,43
60QS001203,64,39,25
60QS001204,89,32,57
60QS001205,58,26,32
60QS001206,66,34,32
60QS001207,69,33,36
60QS001208,88,45,43
60QS001209,83,41,42
60QS001210,79,40,39
60QS001211,97,60,37
60QS001212,71,41,30
60QS001213,74,32,42
60QS001214,82,37,45
60QS001215,58,20,38
60QS001216,51,29,22
60QS001217,76,29,47
60QS001218,87,42,45
60QS001219,74,29,45
60QS001220,98,48,50
60QS001221,58,25,33
60QS001222,53,22,31
60QS001223,88,39,49
60QS001224,71,23,48
60QS001225,77,23,54
60QS001226,53,26,27
60QS001227,58,27,31
60QS001228,95,42,53
60QS001229,71,29,42
60QS001230,77,23,54
60QS001231,58,27,31
60QS001232,89,30,59
60QS001233,96,34,62
60QS001234,87,37,50
60QS001235,68,28,40
60QS001236,85,33,52
60QS001237,93,40,53
60QS001238,60,23,37
60QS001239,86,33,53
60QS001240,113,36,77
60QS001241,112,52,60
60QS001242,55,10,45
60QS001243,50,29,21
60QS001244,58,16,42
60QS001245,117,42,75
60QS001246,105,56,49
60QS001247,59,22,37
60QS001248,117,41,76
60QS001249,77,23,54
60QS001250,84,26,58
60QS001251,105,40,65
60QS001252,49,16,33
60QS001253,49,20,29
60QS001254,59,22,37
60QS001255,72,23,49
60QS001256,60,17,43
60QS001257,66,32,34
60QS001258,68,26,42
60QS001259,79,29,50
60QS001260,74,41,33
60QS001261,59,37,22
60QS001262,71,31,40
60QS001263,59,25,34
60QS001264,58,20,38
60QS001265,59,28,31
60QS001266,91,37,54
60QS001267,61,18,43
60QS001268,61,26,35
60QS001269,68,14,54
60QS001270,75,27,48
60QS001271,51,10,41
60QS001272,107,30,77
60QS001273,58,13,45
60QS001274,65,19,46
60QS001275,111,26,85
60QS001276,75,21,54
60QS001277,76,31,45
60QS001278,81,31,50
60QS001279,74,35,39
60QS001280,111,53,58
60QS001281,106,47,59
60QS001282,110,35,75
60QS001283,89,25,64
60QS001284,78,44,34
60QS001285,104,45,59
60QS001286,78,43,35
60QS001287,119,38,81
60QS001288,41,18,23
60QS001289,35,8,27
60QS001290,56,28,28
60QS001291,114,54,60
60QS001292,134,68,66
60QS001293,60,19,41
60QS001294,57,33,24
60QS001295,31,0,31
60QS001296,114,32,82
60QS001297,62,29,33
60QS001298,90,54,36
60QS001299,141,56,85
60QS001300,137,58,79
60QS001301,124,57,67
60QS001302,114,49,65
60QS001303,128,45,83
60QS001304,69,32,37
60QS001305,95,42,53
60QS001306,69,32,37
60QS001307,70,30,40
60QS001308,57,26,31
60QS001309,111,47,64
60QS001310,126,63,63
60QS001311,76,34,42
60QS001312,92,50,42
60QS001313,87,45,42
60QS001314,124,60,64
60QS001315,112,38,74
60QS001316,122,43,79
60QS001317,130,58,72
60QS001318,84,31,53
60QS001319,109,51,58
60QS001320,95,47,48
60QS001321,102,39,63
60QS001322,112,52,60
60QS001323,108,47,61
60QS001324,98,48,50
60QS001325,58,25,33
60QS001326,55,20,35
60QS001327,83,40,43
60QS001328,108,44,64
60QS001329,64,28,36
60QS001330,89,37,52
60QS001331,112,26,86
60QS001332,146,62,84
60QS001333,91,40,51
60QS001334,161,89,72
60QS001335,105,54,51
60QS001336,54,15,39
60QS001337,54,23,31
60QS001338,85,39,46
60QS001339,60,30,30
60QS001340,55,21,34
60QS001341,91,51,40
60QS001342,55,28,27
60QS001343,73,40,33
60QS001344,67,38,29
60QS001345,56,33,23
60QS001346,95,41,54
60QS001347,75,33,42
60QS001348,59,24,35
60QS001349,77,40,37
60QS001350,68,34,34
60QS001351,132,81,51
60QS001352,107,81,26
60QS001353,84,56,28
60QS001354,89,39,50
60QS001355,66,39,27
60QS001356,88,46,42
60QS001357,68,36,32
60QS001358,100,47,53
60QS001359,53,26,27
60QS001360,84,43,41
60QS001361,76,45,31
60QS001362,104,54,50
60QS001363,70,33,37
60QS001364,103,57,46
60QS001365,89,52,37
60QS001366,74,38,36
60QS001367,62,24,38
60QS001368,173,94,79
60QS001369,88,69,19
60QS001370,91,67,24
60QS001371,83,66,17
60QS001372,87,72,15
60QS001373,138,108,30
60QS001374,87,67,20
60QS001375,76,62,14
60QS001376,134,110,24
60QS001377,80,59,21
60QS001378,103,83,20
60QS001379,87,65,22
60QS001380,71,47,24
60QS001381,86,54,32
60QS001382,136,51,85
60QS001383,86,25,61
60QS001384,96,30,66
60QS001385,52,31,21
60QS001386,44,7,37
60QS001387,49,25,24
60QS001388,78,33,45
60QS001389,52,25,27
60QS001390,106,60,46
60QS001391,62,30,32
60QS001392,71,48,23
60QS001393,98,63,35
60QS001394,97,49,48
60QS001395,43,20,23
60QS001396,48,20,28
60QS001397,53,20,33
60QS001398,83,28,55
60QS001399,51,26,25
60QS001400,113,51,62
60QS001401,84,38,46
60QS001402,96,41,55
60QS001403,42,16,26
60QS001404,94,50,44
60QS001405,91,47,44
60QS001406,111,70,41
60QS001407,82,35,47
60QS001408,44,12,32
60QS001409,64,39,25
60QS001410,65,37,28
60QS001411,64,34,30
60QS001412,120,58,62
60QS001413,99,37,62
60QS001414,80,42,38
60QS001415,85,46,39
60QS001416,50,33,17
60QS001417,51,29,22
60QS001418,77,45,32
60QS001419,64,36,28
60QS001420,79,54,25
60QS001421,80,55,25
60QS001422,40,28,12
60QS001423,129,73,56
60QS001424,92,53,39
60QS001425,91,62,29
60QS001426,56,34,22
60QS001427,61,37,24
60QS001428,103,58,45
60QS001429,86,61,25
60QS001430,99,76,23
60QS001431,57,26,31
60QS001432,84,63,21
60QS001433,79,65,14
60QS001434,74,54,20
60QS001435,80,52,28
60QS001436,92,63,29
60QS001437,84,61,23
60QS001438,88,61,27
60QS001439,77,59,18
60QS001440,149,95,54
60QS001441,85,73,12
60QS001442,49,35,14
60QS001443,100,38,62
60QS001444,80,37,43
60QS001445,121,74,47
60QS001446,79,45,34
60QS001447,81,57,24
60QS001448,66,54,12
60QS001449,75,58,17
60QS001450,67,46,21
60QS001451,72,31,41
60QS001452,76,32,44
60QS001453,82,35,47
60QS001454,84,29,55
60QS001455,77,28,49
60QS001456,97,59,38
60QS001457,84,31,53
60QS001458,116,46,70
60QS001459,60,33,27
60QS001460,117,59,58
60QS001461,66,44,22
60QS001462,85,45,40
60QS001463,92,63,29
60QS001464,65,35,30
60QS001465,52,35,17
60QS001466,85,56,29
60QS001467,82,53,29
60QS001468,90,63,27
60QS001469,78,55,23
60QS001470,111,62,49
60QS001471,85,39,46
60QS001472,111,74,37
60QS001473,57,27,30
60QS001474,106,73,33
60QS001475,99,68,31
60QS001476,85,58,27
60QS001477,58,37,21
60QS001478,124,67,57
60QS001479,81,43,38
60QS001480,117,70,47
60QS001481,91,42,49
60QS001482,61,40,21
60QS001483,83,31,52
60QS001484,71,16,55
60QS001485,89,69,20
60QS001486,62,23,39
60QS001487,79,29,50
60QS001488,46,17,29
60QS001489,85,30,55
60QS001490,57,32,25
60QS001491,67,47,20
60QS001492,80,44,36
60QS001493,74,38,36
60QS001494,79,22,57
60QS001495,78,21,57
60QS001496,66,23,43
60QS001497,69,27,42
60QS001498,74,28,46
60QS001499,84,32,52
60QS001500,105,37,68
60QS001501,104,41,63
60QS001502,107,50,57
60QS001503,89,39,50
60QS001504,93,49,44
60QS001505,86,31,55
60QS001506,78,33,45
60QS001507,48,14,34
60QS001508,42,11,31
60QS001509,96,46,50
60QS001510,65,19,46
60QS001511,67,22,45
60QS001512,70,23,47
60QS001513,85,27,58
60QS001514,61,22,39
60QS001515,82,37,45
60QS001516,52,18,34
60QS001517,44,16,28
60QS001518,36,20,16
60QS001519,39,17,22
60QS001520,86,49,37
60QS001521,60,37,23
60QS001522,57,26,31
60QS001523,103,49,54
60QS001524,103,72,31
60QS001525,61,32,29
60QS001526,50,19,31
60QS001527,76,36,40
60QS001528,51,21,30
60QS001529,82,38,44
60QS001530,59,23,36
60QS001531,71,30,41
60QS001532,100,42,58
60QS001533,124,51,73
60QS001534,78,35,43
60QS001535,84,23,61
60QS001536,85,37,48
60QS001537,60,34,26
60QS001538,76,25,51
60QS001539,68,28,40
60QS001540,45,19,26
60QS001541,97,35,62
60QS001542,121,91,30
60QS001543,63,48,15
60QS001544,97,79,18
60QS001545,71,24,47
60QS001546,95,76,19
60QS001547,90,28,62
60QS001548,83,45,38
60QS001549,58,16,42
60QS001550,128,35,93
60QS001551,89,23,66
60QS001552,51,18,33
60QS001553,62,26,36
60QS001554,53,11,42
60QS001555,61,17,44
60QS001556,59,14,45
60QS001557,73,16,57
60QS001558,79,36,43
60QS001559,121,46,75
60QS001560,102,30,72
60QS001561,96,35,61
60QS001562,105,37,68
60QS001563,104,28,76
60QS001564,110,34,76
60QS001565,80,35,45
60QS001566,94,49,45
60QS001567,68,20,48
60QS001568,68,25,43
60QS001569,60,15,45
60QS001570,77,39,38
60QS001571,55,25,30
60QS001572,108,41,67
60QS001573,107,55,52
60QS001574,65,36,29
60QS001575,65,29,36
60QS001576,98,32,66
60QS001577,60,22,38
60QS001578,35,19,16
60QS001579,147,68,79
60QS001580,126,61,65
60QS001581,62,28,34
60QS001582,68,27,41
60QS001583,121,43,78
60QS001584,65,21,44
60QS001585,90,30,60
60QS001586,99,29,70
60QS001587,93,33,60
60QS001588,67,29,38
60QS001589,85,36,49
60QS001590,111,30,81
60QS001591,115,53,62
60QS001592,100,43,57
60QS001593,44,18,26
60QS001594,80,46,34
60QS001595,84,36,48
60QS001596,69,29,40
60QS001597,73,38,35
60QS001598,70,18,52
60QS001599,60,33,27
60QS001600,75,41,34
60QS001601,66,26,40
60QS001602,72,38,34
60QS001603,71,21,50
60QS001604,50,17,33
60QS001605,78,27,51
60QS001606,63,24,39
60QS001607,112,45,67
60QS001608,48,16,32
60QS001609,83,30,53
60QS001610,63,35,28
60QS001611,57,23,34
60QS001612,36,11,25
60QS001613,111,38,73
60QS001614,61,30,31
60QS001615,51,37,14
60QS001616,47,37,10
60QS001617,81,41,40
60QS001618,75,31,44
60QS001619,103,40,63
60QS001620,58,31,27
60QS001621,61,29,32
60QS001622,88,42,46
60QS001623,43,25,18
60QS001624,105,80,25
60QS001625,56,31,25
60QS001626,64,27,37
60QS001627,38,23,15
60QS001628,62,38,24
60QS001629,55,40,15
60QS001630,78,46,32
60QS001631,113,79,34
60QS001632,85,50,35
60QS001633,114,41,73
60QS001634,101,61,40
60QS001635,118,71,47
60QS001636,68,40,28
60QS001637,101,57,44
60QS001638,67,46,21
60QS001639,73,53,20
60QS001640,60,23,37
60QS001641,69,29,40
60QS001642,59,20,39
60QS001643,90,51,39
60QS001644,66,44,22
60QS001645,142,105,37
60QS001646,42,17,25
60QS001647,95,78,17
60QS001648,103,50,53
60QS001649,107,52,55
60QS001650,96,35,61
60QS001651,76,20,56
60QS001652,64,20,44
60QS001653,73,33,40
60QS001654,74,37,37
60QS001655,130,101,29
60QS001656,137,54,83
60QS001657,125,52,73
60QS001658,101,69,32
60QS001659,54,22,32
60QS001660,95,67,28
60QS001661,64,51,13
60QS001662,65,43,22
60QS001663,67,41,26
60QS001664,90,43,47
60QS001665,86,32,54
60QS001666,94,37,57
60QS001667,58,24,34
60QS001668,90,52,38
60QS001669,60,27,33
60QS001670,52,18,34
60QS001671,67,25,42
60QS001672,64,22,42
60QS001673,93,47,46
60QS001674,62,37,25
60QS001675,49,9,40
60QS001676,42,36,6
60QS001677,86,51,35
60QS001678,66,44,22
60QS001679,102,53,49
60QS001680,162,125,37
60QS001681,150,114,36
60QS001682,96,40,56
60QS001683,144,101,43
60QS001684,155,128,27
60QS001685,153,108,45
60QS001686,106,42,64
60QS001687,90,44,46
60QS001688,97,50,47
60QS001689,100,61,39
60QS001690,134,71,63
60QS001691,77,37,40
60QS001692,149,87,62
60QS001693,83,34,49
60QS001694,92,81,11
60QS001695,115,83,32
60QS001696,134,63,71
60QS001697,102,42,60
60QS001698,91,50,41
60QS001699,106,65,41
60QS001700,98,56,42
60QS001701,94,53,41
60QS001702,51,37,14
60QS001703,78,50,28
60QS001704,57,23,34
60QS001705,52,13,39
60QS001706,130,85,45
60QS001707,62,31,31
60QS001708,52,21,31
60QS001709,71,37,34
60QS001710,90,65,25
60QS001711,99,66,33
60QS001712,81,53,28
60QS001713,59,24,35
60QS001714,49,18,31
60QS001715,62,22,40
60QS001716,77,36,41
60QS001717,91,38,53
60QS001718,81,43,38
60QS001719,60,27,33
60QS001720,62,23,39
60QS001721,78,29,49
60QS001722,51,24,27
60QS001723,86,42,44
60QS001724,60,15,45
60QS001725,74,45,29
60QS001726,48,32,16
60QS001727,43,19,24
60QS001728,137,85,52
60QS001729,106,51,55
60QS001730,49,35,14
60QS001731,75,50,25
60QS001732,38,9,29
60QS001733,96,79,17
60QS001734,71,56,15
60QS001735,57,48,9
60QS001736,65,24,41
60QS001737,109,71,38
60QS001738,132,81,51
60QS001739,112,76,36
60QS001740,123,92,31
60QS001741,98,59,39
60QS001742,111,75,36
60QS001743,78,48,30
60QS001744,74,40,34
60QS001745,160,101,59
60QS001746,96,63,33
60QS001747,90,65,25
60QS001748,69,51,18
60QS001749,162,107,55
60QS001750,121,87,34
60QS001751,146,127,19
60QS001752,100,77,23
60QS001753,74,63,11
60QS001754,91,71,20
60QS001755,121,90,31
60QS001756,117,59,58
60QS001757,45,13,32
60QS001758,94,37,57
60QS001759,91,40,51
60QS001760,83,39,44
60QS001761,71,27,44
60QS001762,81,36,45
60QS001763,101,44,57
60QS001764,86,30,56
60QS001765,73,26,47
60QS001766,132,52,80
60QS001767,57,23,34
60QS001768,70,35,35
60QS001769,95,47,48
60QS001770,67,34,33
60QS001771,93,50,43
60QS001772,79,39,40
60QS001773,119,84,35
60QS001774,102,56,46
60QS001775,53,21,32
60QS001776,90,47,43
60QS001777,75,37,38
60QS001778,65,27,38
60QS001779,147,99,48
60QS001780,106,56,50
60QS001781,132,93,39
60QS001782,98,81,17
60QS001783,166,128,38
60QS001784,60,41,19
60QS001785,108,72,36
60QS001786,138,85,53
60QS001787,98,67,31
60QS001788,103,65,38
60QS001789,122,85,37
60QS001790,108,77,31
60QS001791,95,42,53
60QS001792,109,45,64
60QS001793,109,50,59
60QS001794,138,74,64
60QS001795,122,89,33
60QS001796,119,79,40
60QS001797,95,38,57
60QS001798,103,51,52
60QS001799,67,29,38
60QS001800,111,39,72
60QS001801,86,42,44
60QS001802,55,22,33
60QS001803,122,60,62
60QS001804,62,21,41
60QS001805,98,54,44
60QS001806,108,59,49
60QS001807,45,14,31
60QS001808,41,24,17
60QS001809,79,32,47
60QS001810,66,33,33
60QS001811,102,87,15
60QS001812,121,95,26
60QS001813,111,93,18
60QS001814,69,22,47
60QS001815,126,93,33
60QS001816,89,79,10
60QS001817,145,116,29
60QS001818,121,92,29
60QS001819,119,82,37
60QS001820,56,29,27
60QS001821,101,35,66
60QS001822,65,34,31
60QS001823,65,38,27
60QS001824,61,27,34
60QS001825,62,26,36
60QS001826,58,15,43
60QS001827,42,18,24
60QS001828,76,30,46
60QS001829,92,33,59
60QS001830,74,35,39
60QS001831,65,23,42
60QS001832,73,30,43
60QS001833,88,37,51
60QS001834,90,35,55
60QS001835,90,41,49
60QS001836,83,34,49
60QS001837,115,64,51
60QS001838,58,30,28
60QS001839,88,35,53
60QS001840,148,82,66
60QS001841,75,23,52
60QS001842,78,25,53
60QS001843,82,45,37
60QS001844,33,5,28
60QS001845,563,95,468
60QS001846,56,20,36
60QS001847,110,61,49
60QS001848,54,29,25
60QS001849,64,34,30
60QS001850,123,93,30
60QS001851,99,64,35
60QS001852,87,37,50
60QS001853,111,77,34
60QS001854,84,53,31
60QS001855,88,55,33
60QS001856,59,28,31
60QS001857,114,42,72
60QS001858,81,27,54
60QS001859,47,21,26
60QS001860,69,27,42
60QS001861,58,16,42
60QS001862,51,33,18
60QS001863,62,21,41
60QS001864,75,38,37
60QS001865,71,29,42
60QS001866,60,29,31
60QS001867,84,40,44
60QS001868,38,15,23
60QS001869,78,30,48
60QS001870,64,33,31
60QS001871,118,62,56
60QS001872,92,45,47
60QS001873,73,40,33
60QS001874,60,22,38
60QS001875,121,50,71
60QS001876,38,8,30
60QS001877,48,8,40
60QS001878,102,49,53
60QS001879,60,27,33
60QS001880,60,27,33
60QS001881,101,37,64
60QS001882,144,57,87
60QS001883,47,17,30
60QS001884,125,62,63
60QS001885,64,33,31
60QS001886,116,55,61
60QS001887,87,36,51
60QS001888,50,19,31
60QS001889,74,34,40
60QS001890,130,64,66
60QS001891,83,37,46
60QS001892,80,32,48
60QS001893,102,42,60
60QS001894,98,48,50
60QS001895,55,26,29
60QS001896,73,35,38
60QS001897,81,39,42
60QS001898,96,38,58
60QS001899,56,17,39
60QS001900,102,43,59
60QS001901,34,16,18
60QS001902,88,34,54
60QS001903,75,36,39
60QS001904,35,20,15
60QS001905,33,10,23
60QS001906,112,58,54
60QS001907,43,33,10
60QS001908,71,54,17
60QS001909,101,80,21
60QS001910,54,42,12
60QS001911,94,79,15
60QS001912,47,33,14
60QS001913,85,56,29
60QS001914,71,31,40
60QS001915,65,32,33
60QS001916,123,46,77
60QS001917,111,42,69
60QS001918,50,18,32
60QS001919,94,58,36
60QS001920,82,42,40
60QS001921,69,31,38
60QS001922,111,37,74
60QS001923,101,40,61
60QS001924,102,40,62
60QS001925,89,33,56
60QS001926,63,16,47
60QS001927,67,33,34
60QS001928,63,32,31
60QS001929,103,63,40
60QS001930,65,38,27
60QS001931,106,52,54
60QS001932,80,33,47
60QS001933,57,14,43
60QS001934,73,28,45
60QS001935,67,30,37
60QS001936,108,42,66
60QS001937,67,29,38
60QS001938,62,31,31
60QS001939,111,51,60
60QS001940,45,23,22
60QS001941,80,32,48
60QS001942,173,72,101
60QS001943,41,13,28
60QS001944,115,54,61
60QS001945,88,33,55
60QS001946,71,28,43
60QS001947,74,30,44
60QS001948,45,15,30
60QS001949,89,36,53
60QS001950,114,99,15
60QS001951,59,27,32
60QS001952,86,50,36
60QS001953,147,82,65
60QS001954,99,52,47
60QS001955,156,87,69
60QS001956,136,63,73
60QS001957,124,77,47
60QS001958,89,36,53
60QS001959,58,33,25
60QS001960,60,18,42
60QS001961,68,27,41
60QS001962,82,46,36
60QS001963,72,32,40
60QS001964,86,38,48
60QS001965,103,60,43
60QS001966,38,8,30
60QS001967,85,41,44
60QS001968,116,56,60
60QS001969,70,19,51
60QS001970,78,38,40
60QS001971,91,75,16
60QS001972,99,49,50
60QS001973,69,56,13
60QS001974,100,36,64
60QS001975,114,52,62
60QS001976,47,25,22
60QS001977,64,29,35
60QS001978,70,38,32
60QS001979,82,34,48
60QS001980,58,19,39
60QS001981,66,38,28
60QS001982,48,17,31
60QS001983,107,49,58
60QS001984,98,47,51
60QS001985,39,19,20
60QS001986,117,59,58
60QS001987,95,36,59
60QS001988,112,35,77
60QS001989,78,34,44
60QS001990,36,14,22
60QS001991,65,50,15
60QS001992,74,28,46
60QS001993,147,97,50
60QS001994,75,25,50
60QS001995,63,25,38
60QS001996,65,27,38
60QS001997,95,46,49
60QS001998,118,53,65
60QS001999,96,40,56
60QS002000,58,22,36
60QS002001,69,22,47
60QS002002,75,30,45
60QS002003,73,28,45
60QS002004,74,31,43
60QS002005,75,31,44
60QS002006,81,34,47
60QS002007,108,80,28
60QS002008,96,75,21
60QS002009,96,33,63
60QS002010,90,54,36
60QS002011,49,24,25
60QS002012,72,30,42
60QS002013,112,42,70
60QS002014,87,42,45
60QS002015,113,38,75
60QS002016,77,29,48
60QS002017,116,56,60
60QS002018,71,26,45
60QS002019,93,44,49
60QS002020,101,27,74
60QS002021,114,38,76
60QS002022,103,63,40
60QS002023,95,59,36
60QS002024,90,50,40
60QS002025,122,88,34
60QS002026,82,41,41
60QS002027,112,43,69
60QS002028,40,15,25
60QS002029,91,34,57
60QS002030,97,41,56
60QS002031,97,42,55
60QS002032,74,26,48
60QS002033,91,46,45
60QS002034,71,22,49
60QS002035,67,27,40
60QS002036,73,32,41
60QS002037,80,19,61
60QS002038,91,41,50
60QS002039,73,22,51
60QS002040,64,19,45
60QS002041,109,73,36
60QS002042,54,32,22
60QS002043,90,42,48
60QS002044,105,63,42
60QS002045,52,23,29
60QS002046,62,29,33
60QS002047,101,41,60
60QS002048,119,69,50
60QS002049,65,16,49
60QS002050,58,43,15
60QS002051,46,27,19
60QS002052,48,32,16
60QS002053,78,40,38
60QS002054,70,28,42
60QS002055,78,65,13
60QS002056,61,42,19
60QS002057,97,74,23
60QS002058,54,33,21
60QS002059,85,32,53
60QS002060,77,43,34
60QS002061,50,20,30
60QS002062,89,24,65
60QS002063,55,16,39
60QS002064,78,31,47
60QS002065,132,95,37
60QS002066,56,15,41
60QS002067,89,36,53
60QS002068,92,26,66
60QS002069,64,25,39
60QS002070,74,20,54
60QS002071,61,24,37
60QS002072,73,23,50
60QS002073,101,64,37
60QS002074,92,32,60
60QS002075,72,22,50
60QS002076,57,15,42
60QS002077,79,18,61
60QS002078,68,21,47
60QS002079,88,34,54
60QS002080,116,45,71
60QS002081,130,37,93
60QS002082,50,18,32
60QS002083,85,24,61
60QS002084,96,39,57
60QS002085,122,41,81
60QS002086,75,28,47
60QS002087,76,23,53
60QS002088,96,29,67
60QS002089,94,50,44
60QS002090,98,65,33
60QS002091,62,30,32
60QS002092,65,33,32
60QS002093,84,55,29
60QS002094,76,65,11
60QS002095,46,34,12
60QS002096,100,81,19
60QS002097,80,54,26
60QS002098,113,86,27
60QS002099,83,66,17
60QS002100,61,46,15
60QS002101,69,56,13
60QS002102,63,45,18
60QS002103,79,66,13
60QS002104,57,49,8
60QS002105,67,55,12
60QS002106,65,40,25
60QS002107,106,70,36
60QS002108,59,46,13
60QS002109,92,62,30
60QS002110,94,70,24
60QS002111,99,74,25
60QS002112,124,97,27
60QS002113,94,68,26
60QS002114,44,32,12
60QS002115,72,58,14
60QS002116,63,51,12
60QS002117,122,95,27
60QS002118,139,101,38
60QS002119,119,76,43
60QS002120,139,109,30
60QS002121,117,102,15
60QS002122,105,71,34
60QS002123,112,73,39
60QS002124,79,47,32
60QS002125,65,55,10
60QS002126,102,73,29
60QS002127,103,56,47
60QS002128,135,68,67
60QS002129,109,47,62
60QS002130,121,61,60
60QS002131,101,56,45
60QS002132,158,68,90
60QS002133,153,88,65
60QS002134,107,61,46
60QS002135,119,58,61
60QS002136,90,45,45
60QS002137,98,72,26
60QS002138,71,44,27
60QS002139,204,95,109
60QS002140,207,111,96
60QS002141,88,51,37
60QS002142,88,44,44
60QS002143,70,55,15
60QS002144,60,47,13
60QS002145,97,62,35
60QS002146,53,19,34
60QS002147,57,29,28
60QS002148,78,58,20
60QS002149,62,49,13
60QS002150,60,42,18
60QS002151,66,56,10
60QS002152,75,66,9
60QS002153,95,70,25
60QS002154,101,89,12
60QS002155,128,82,46
60QS002156,64,56,8
60QS002157,65,60,5
60QS002158,89,71,18
60QS002159,71,55,16
60QS002160,52,44,8
60QS002161,168,136,32
60QS002162,102,72,30
60QS002163,88,79,9
60QS002164,84,76,8
60QS002165,82,70,12
60QS002166,91,67,24
60QS002167,85,62,23
60QS002168,95,65,30
60QS002169,70,47,23
60QS002170,78,48,30
60QS002171,80,52,28
60QS002172,54,36,18
60QS002173,107,79,28
60QS002174,73,56,17
60QS002175,57,46,11
60QS002176,79,69,10
60QS002177,68,57,11
60QS002178,61,39,22
60QS002179,68,37,31
60QS002180,96,74,22
60QS002181,72,51,21
60QS002182,92,50,42
60QS002183,63,56,7
60QS002184,81,56,25
60QS002185,67,57,10
60QS002186,76,66,10
60QS002187,93,69,24
60QS002188,98,92,6
60QS002189,93,81,12
60QS002190,88,74,14
60QS002191,81,43,38
60QS002192,56,40,16
60QS002193,153,105,48
60QS002194,76,59,17
60QS002195,150,113,37
60QS002196,94,75,19
60QS002197,95,80,15
60QS002198,52,44,8
60QS002199,104,92,12
60QS002200,64,33,31
60QS002201,104,87,17
60QS002202,65,56,9
60QS002203,75,53,22
60QS002204,81,50,31
60QS002205,87,65,22
60QS002206,53,28,25
60QS002207,95,52,43
60QS002208,73,35,38
60QS002209,79,58,21
60QS002210,54,49,5
60QS002211,44,28,16
60QS002212,70,20,50
60QS002213,98,45,53
60QS002214,103,64,39
60QS002215,39,25,14
60QS002216,35,25,10
60QS002217,86,58,28
60QS002218,83,52,31
60QS002219,105,78,27
60QS002220,154,103,51
60QS002221,143,99,44
60QS002222,118,84,34
60QS002223,53,36,17
60QS002224,87,48,39
60QS002225,103,61,42
60QS002226,59,27,32
60QS002227,120,88,32
60QS002228,148,92,56
60QS002229,118,57,61
60QS002230,122,64,58
60QS002231,128,57,71
60QS002232,101,52,49
60QS002233,53,41,12
60QS002234,114,64,50
60QS002235,99,51,48
60QS002236,79,50,29
60QS002237,91,70,21
60QS002238,86,64,22
60QS002239,106,74,32
60QS002240,91,62,29
60QS002241,79,61,18
60QS002242,96,71,25
60QS002243,86,62,24
60QS002244,139,100,39
60QS002245,88,51,37
60QS002246,66,38,28
60QS002247,109,67,42
60QS002248,122,79,43
60QS002249,94,51,43
60QS002250,173,110,63
60QS002251,102,90,12
60QS002252,115,69,46
60QS002253,91,44,47
60QS002254,145,93,52
60QS002255,127,80,47
60QS002256,86,58,28
60QS002257,80,41,39
60QS002258,100,67,33
60QS002259,53,19,34
60QS002260,62,29,33
60QS002261,49,20,29
60QS002262,37,10,27
60QS002263,93,63,30
60QS002264,85,52,33
60QS002265,81,54,27
60QS002266,91,62,29
60QS002267,71,30,41
60QS002268,94,69,25
60QS002269,116,86,30
60QS002270,44,31,13
60QS002271,88,39,49
60QS002272,74,45,29
60QS002273,120,66,54
60QS002274,63,49,14
60QS002275,135,77,58
60QS002276,159,66,93
60QS002277,105,56,49
60QS002278,90,43,47
60QS002279,88,53,35
60QS002280,90,70,20
60QS002281,47,19,28
60QS002282,43,23,20
60QS002283,39,14,25
60QS002284,70,25,45
60QS002285,64,25,39
60QS002286,107,47,60
60QS002287,82,36,46
60QS002288,103,37,66
60QS002289,59,25,34
60QS002290,61,38,23
60QS002291,66,45,21
60QS002292,104,70,34
60QS002293,67,42,25
60QS002294,122,74,48
60QS002295,121,84,37
60QS002296,79,54,25
60QS002297,138,84,54
60QS002298,74,44,30
60QS002299,42,29,13
60QS002300,41,29,12
60QS002301,91,64,27
60QS002302,110,80,30
60QS002303,52,41,11
60QS002304,50,33,17
60QS002305,77,31,46
60QS002306,68,30,38
60QS002307,94,39,55
60QS002308,90,38,52
60QS002309,67,36,31
60QS002310,44,27,17
60QS002311,55,34,21
60QS002312,60,42,18
60QS002313,64,41,23
60QS002314,58,37,21
60QS002315,59,27,32
60QS002316,100,48,52
60QS002317,109,64,45
60QS002318,47,20,27
60QS002319,92,60,32
60QS002320,109,69,40
60QS002321,85,58,27
60QS002322,54,29,25
60QS002323,103,35,68
60QS002324,71,25,46
60QS002325,77,25,52
60QS002326,63,27,36
60QS002327,112,42,70
60QS002328,90,52,38
60QS002329,116,65,51
60QS002330,79,45,34
60QS002331,55,35,20
60QS002332,110,67,43
60QS002333,67,38,29
60QS002334,48,23,25
60QS002335,70,43,27
60QS002336,80,56,24
60QS002337,64,33,31
60QS002338,81,35,46
60QS002339,48,17,31
60QS002340,96,72,24
60QS002341,164,102,62
60QS002342,78,32,46
60QS002343,96,61,35
60QS002344,66,41,25
60QS002345,52,20,32
60QS002346,86,40,46
60QS002347,97,35,62
60QS002348,57,32,25
60QS002349,47,24,23
60QS002350,79,55,24
60QS002351,64,55,9
60QS002352,130,83,47
60QS002353,140,86,54
60QS002354,123,79,44
60QS002355,80,51,29
60QS002356,118,73,45
60QS002357,113,79,34
60QS002358,132,96,36
60QS002359,186,110,76
60QS002360,79,56,23
60QS002361,77,51,26
60QS002362,67,37,30
60QS002363,81,34,47
60QS002364,81,35,46
60QS002365,93,43,50
60QS002366,69,31,38
60QS002367,58,40,18
60QS002368,86,52,34
60QS002369,93,60,33
60QS002370,72,34,38
60QS002371,72,46,26
60QS002372,119,63,56
60QS002373,75,45,30
60QS002374,77,51,26
60QS002375,69,43,26
60QS002376,68,34,34
60QS002377,113,73,40
60QS002378,111,54,57
60QS002379,75,28,47
60QS002380,88,52,36
60QS002381,112,74,38
60QS002382,123,78,45
60QS002383,85,54,31
60QS002384,108,62,46
60QS002385,76,37,39
60QS002386,65,36,29
60QS002387,76,51,25
60QS002388,52,32,20
60QS002389,80,53,27
60QS002390,99,49,50
60QS002391,92,63,29
60QS002392,99,57,42
60QS002393,88,63,25
60QS002394,80,59,21
60QS002395,52,33,19
60QS002396,71,47,24
60QS002397,113,82,31
60QS002398,64,48,16
60QS002399,59,43,16
60QS002400,65,39,26
60QS002401,86,65,21
60QS002402,71,50,21
60QS002403,78,57,21
60QS002404,58,42,16
60QS002405,90,66,24
60QS002406,136,88,48
60QS002407,77,48,29
60QS002408,75,52,23
60QS002409,105,78,27
60QS002410,73,50,23
60QS002411,75,57,18
60QS002412,114,90,24
60QS002413,95,74,21
60QS002414,127,101,26
60QS002415,57,49,8
60QS002416,59,41,18
60QS002417,52,45,7
60QS002418,92,56,36
60QS002419,110,91,19
60QS002420,69,52,17
60QS002421,65,30,35
60QS002422,77,62,15
60QS002423,76,62,14
60QS002424,56,37,19
60QS002425,81,58,23
60QS002426,65,51,14
60QS002427,61,48,13
60QS002428,89,77,12
60QS002429,69,58,11
60QS002430,79,55,24
60QS002431,128,88,40
60QS002432,99,87,12
60QS002433,62,49,13
60QS002434,57,24,33
60QS002435,77,52,25
60QS002436,39,21,18
60QS002437,53,34,19
60QS002438,72,48,24
60QS002439,46,35,11
60QS002440,69,58,11
60QS002441,97,67,30
60QS002442,67,58,9
60QS002443,74,57,17
60QS002444,8,1,7
60QS002445,156,112,44
60QS002446,106,78,28
60QS002447,82,74,8
60QS002448,85,74,11
60QS002449,160,101,59
60QS002450,69,45,24
60QS002451,87,74,13
60QS002452,61,46,15
60QS002453,49,42,7
60QS002454,56,49,7
60QS002455,71,51,20
60QS002456,94,80,14
60QS002457,100,77,23
60QS002458,112,82,30
60QS002459,103,87,16
60QS002460,125,83,42
60QS002461,134,91,43
60QS002462,61,33,28
60QS002463,93,58,35
60QS002464,45,37,8
60QS002465,65,44,21
60QS002466,108,68,40
60QS002467,85,58,27
60QS002468,67,57,10
60QS002469,49,25,24
60QS002470,98,80,18
60QS002471,57,43,14
60QS002472,59,18,41
60QS002473,46,6,40
60QS002474,50,39,11
60QS002475,89,32,57
60QS002476,60,30,30
60QS002477,106,58,48
60QS002478,82,39,43
60QS002479,65,36,29
60QS002480,81,45,36
60QS002481,101,48,53
60QS002482,110,62,48
60QS002483,123,69,54
60QS002484,104,72,32
60QS002485,38,16,22
60QS002486,88,49,39
60QS002487,120,52,68
60QS002488,74,27,47
60QS002489,111,45,66
60QS002490,75,37,38
60QS002491,101,40,61
60QS002492,107,54,53
60QS002493,105,47,58
60QS002494,82,41,41
60QS002495,83,42,41
60QS002496,71,29,42
60QS002497,64,25,39
60QS002498,61,24,37
60QS002499,86,29,57
60QS002500,84,30,54
60QS002501,86,35,51
60QS002502,89,37,52
60QS002503,46,11,35
60QS002504,46,16,30
60QS002505,43,8,35
60QS002506,73,27,46
60QS002507,59,17,42
60QS002508,97,58,39
60QS002509,78,64,14
60QS002510,87,45,42
60QS002511,73,42,31
60QS002512,78,47,31
60QS002513,59,40,19
60QS002514,154,97,57
60QS002515,122,71,51
60QS002516,127,74,53
60QS002517,133,67,66
60QS002518,85,38,47
60QS002519,115,55,60
60QS002520,120,71,49
60QS002521,119,59,60
60QS002522,91,37,54
60QS002523,132,75,57
60QS002524,73,35,38
60QS002525,60,33,27
60QS002526,93,51,42
60QS002527,79,52,27
60QS002528,83,21,62
60QS002529,62,23,39
60QS002530,80,29,51
60QS002531,73,15,58
60QS002532,55,17,38
60QS002533,57,22,35
60QS002534,86,39,47
60QS002535,80,29,51
60QS002536,78,23,55
60QS002537,45,32,13
60QS002538,73,30,43
60QS002539,43,11,32
60QS002540,113,63,50
60QS002541,63,28,35
60QS002542,44,19,25
60QS002543,64,10,54
60QS002544,67,26,41
60QS002545,126,88,38
60QS002546,131,78,53
60QS002547,54,48,6
60QS002548,52,40,12
60QS002549,78,57,21
60QS002550,84,45,39
60QS002551,67,40,27
60QS002552,68,40,28
60QS002553,142,90,52
60QS002554,99,51,48
60QS002555,91,52,39
60QS002556,43,23,20
60QS002557,63,32,31
60QS002558,72,32,40
60QS002559,95,40,55
60QS002560,58,12,46
60QS002561,113,55,58
60QS002562,76,43,33
60QS002563,53,25,28
60QS002564,116,61,55
60QS002565,116,83,33
60QS002566,134,93,41
60QS002567,76,61,15
60QS002568,97,65,32
60QS002569,91,63,28
60QS002570,68,38,30
60QS002571,77,36,41
60QS002572,66,41,25
60QS002573,124,66,58
60QS002574,67,41,26
60QS002575,135,98,37
60QS002576,85,58,27
60QS002577,77,50,27
60QS002578,123,104,19
60QS002579,81,60,21
60QS002580,132,79,53
60QS002581,107,77,30
60QS002582,104,77,27
60QS002583,71,46,25
60QS002584,125,97,28
60QS002585,112,81,31
60QS002586,102,80,22
60QS002587,121,83,38
60QS002588,90,68,22
60QS002589,106,79,27
60QS002590,113,92,21
60QS002591,68,36,32
60QS002592,87,53,34
60QS002593,75,43,32
60QS002594,73,36,37
60QS002595,49,24,25
60QS002596,95,50,45
60QS002597,62,35,27
60QS002598,55,21,34
60QS002599,63,29,34
60QS002600,75,39,36
60QS002601,66,41,25
60QS002602,99,58,41
60QS002603,90,51,39
60QS002604,58,28,30
60QS002605,118,91,27
60QS002606,111,68,43
60QS002607,130,75,55
60QS002608,137,87,50
60QS002609,92,60,32
60QS002610,101,75,26
60QS002611,91,59,32
60QS002612,91,59,32
60QS002613,102,74,28
60QS002614,107,61,46
60QS002615,129,80,49
60QS002616,138,91,47
60QS002617,93,61,32
60QS002618,136,94,42
60QS002619,68,51,17
60QS002620,103,78,25
60QS002621,71,50,21
60QS002622,67,32,35
60QS002623,64,35,29
60QS002624,105,65,40
60QS002625,87,60,27
60QS002626,80,47,33
60QS002627,50,38,12
60QS002628,83,66,17
60QS002629,94,56,38
60QS002630,169,121,48
60QS002631,108,80,28
60QS002632,115,86,29
60QS002633,111,89,22
60QS002634,135,101,34
60QS002635,98,71,27
60QS002636,99,66,33
60QS002637,55,43,12
60QS002638,113,76,37
60QS002639,147,109,38
60QS002640,75,38,37
60QS002641,103,81,22
60QS002642,88,58,30
60QS002643,123,84,39
60QS002644,75,52,23
60QS002645,114,85,29
60QS002646,69,40,29
60QS002647,56,46,10
60QS002648,52,36,16
60QS002649,105,75,30
60QS002650,86,63,23
60QS002651,62,39,23
60QS002652,73,59,14
60QS002653,44,38,6
60QS002654,84,47,37
60QS002655,85,71,14
60QS002656,89,43,46
60QS002657,50,43,7
60QS002658,52,43,9
60QS002659,87,64,23
60QS002660,57,30,27
60QS002661,56,25,31
60QS002662,50,33,17
60QS002663,68,45,23
60QS002664,46,35,11
60QS002665,58,40,18
60QS002666,59,34,25
60QS002667,94,51,43
60QS002668,116,86,30
60QS002669,67,48,19
60QS002670,95,55,40
60QS002671,136,95,41
60QS002672,140,108,32
60QS002673,97,55,42
60QS002674,125,86,39
60QS002675,158,115,43
60QS002676,153,107,46
60QS002677,118,75,43
60QS002678,105,68,37
60QS002679,96,63,33
60QS002680,73,44,29
60QS002681,85,68,17
60QS002682,90,68,22
60QS002683,75,44,31
60QS002684,117,80,37
60QS002685,93,67,26
60QS002686,110,80,30
60QS002687,47,34,13
60QS002688,73,53,20
60QS002689,99,69,30
60QS002690,98,62,36
60QS002691,160,100,60
60QS002692,144,93,51
60QS002693,100,63,37
60QS002694,72,52,20
60QS002695,102,67,35
60QS002696,115,90,25
60QS002697,82,54,28
60QS002698,81,68,13
60QS002699,125,86,39
60QS002700,77,57,20
60QS002701,89,69,20
60QS002702,119,88,31
60QS002703,89,70,19
60QS002704,87,58,29
60QS002705,137,108,29
60QS002706,78,56,22
60QS002707,57,42,15
60QS002708,126,88,38
60QS002709,71,43,28
60QS002710,64,33,31
60QS002711,72,53,19
60QS002712,102,76,26
60QS002713,46,17,29
60QS002714,112,85,27
60QS002715,100,80,20
60QS002716,91,59,32
60QS002717,159,113,46
60QS002718,88,55,33
60QS002719,93,64,29
60QS002720,69,52,17
60QS002721,179,141,38
60QS002722,159,111,48
60QS002723,109,72,37
60QS002724,123,86,37
60QS002725,114,78,36
60QS002726,59,34,25
60QS002727,81,60,21
60QS002728,106,85,21
60QS002729,76,53,23
60QS002730,99,63,36
60QS002731,104,71,33
60QS002732,79,58,21
60QS002733,129,70,59
60QS002734,113,85,28
60QS002735,101,61,40
60QS002736,85,50,35
60QS002737,51,37,14
60QS002738,50,29,21
60QS002739,99,68,31
60QS002740,116,84,32
60QS002741,74,50,24
60QS002742,45,30,15
60QS002743,84,54,30
60QS002744,133,93,40
60QS002745,117,85,32
60QS002746,64,49,15
60QS002747,86,53,33
60QS002748,130,102,28
60QS002749,83,68,15
60QS002750,88,62,26
60QS002751,113,82,31
60QS002752,82,64,18
60QS002753,76,56,20
60QS002754,81,63,18
60QS002755,75,54,21
60QS002756,92,66,26
60QS002757,79,61,18
60QS002758,111,83,28
60QS002759,68,50,18
60QS002760,68,43,25
60QS002761,61,43,18
60QS002762,92,69,23
60QS002763,53,36,17
60QS002764,78,56,22
60QS002765,136,100,36
60QS002766,79,66,13
60QS002767,92,66,26
60QS002768,67,56,11
60QS002769,89,70,19
60QS002770,93,72,21
60QS002771,66,46,20
60QS002772,109,75,34
60QS002773,76,45,31
60QS002774,109,76,33
60QS002775,78,57,21
60QS002776,96,67,29
60QS002777,87,66,21
60QS002778,67,60,7
60QS002779,114,98,16
60QS002780,75,57,18
60QS002781,103,87,16
60QS002782,124,100,24
60QS002783,105,71,34
60QS002784,118,90,28
60QS002785,134,104,30
60QS002786,76,60,16
60QS002787,80,65,15
60QS002788,89,63,26
60QS002789,115,58,57
60QS002790,63,24,39
60QS002791,87,35,52
60QS002792,95,35,60
60QS002793,95,35,60
60QS002794,107,44,63
60QS002795,77,24,53
60QS002796,113,56,57
60QS002797,108,55,53
60QS002798,101,47,54
60QS002799,97,38,59
60QS002800,31,7,24
60QS002801,120,53,67
60QS002802,72,25,47
60QS002803,67,22,45
60QS002804,91,25,66
60QS002805,65,28,37
60QS002806,69,27,42
60QS002807,92,35,57
60QS002808,89,22,67
60QS002809,73,34,39
60QS002810,38,14,24
60QS002811,58,28,30
60QS002812,144,54,90
60QS002813,65,23,42
60QS002814,36,14,22
60QS002815,45,14,31
60QS002816,97,35,62
60QS002817,81,24,57
60QS002818,111,47,64
60QS002819,106,57,49
60QS002820,72,26,46
60QS002821,124,96,28
60QS002822,40,20,20
60QS002823,88,32,56
60QS002824,100,28,72
60QS002825,72,22,50
60QS002826,121,53,68
60QS002827,78,33,45
60QS002828,89,35,54
60QS002829,74,35,39
60QS002830,71,22,49
60QS002831,103,48,55
60QS002832,61,20,41
60QS002833,146,66,80
60QS002834,50,19,31
60QS002835,64,30,34
60QS002836,75,32,43
60QS002837,66,30,36
60QS002838,94,43,51
60QS002839,68,26,42
60QS002840,107,57,50
60QS002841,39,20,19
60QS002842,47,16,31
60QS002843,44,20,24
60QS002844,72,37,35
60QS002845,89,33,56
60QS002846,62,31,31
60QS002847,101,40,61
60QS002848,107,69,38
60QS002849,93,56,37
60QS002850,78,30,48
60QS002851,71,33,38
60QS002852,60,28,32
60QS002853,78,31,47
60QS002854,84,44,40
60QS002855,96,49,47
60QS002856,50,17,33
60QS002857,107,47,60
60QS002858,38,16,22
60QS002859,131,107,24
60QS002860,136,108,28
60QS002861,94,45,49
60QS002862,57,26,31
60QS002863,69,32,37
60QS002864,117,91,26
60QS002865,88,68,20
60QS002866,83,74,9
60QS002867,74,39,35
60QS002868,110,58,52
60QS002869,76,47,29
60QS002870,68,38,30
60QS002871,57,36,21
60QS002872,99,45,54
60QS002873,86,43,43
60QS002874,61,33,28
60QS002875,36,20,16
60QS002876,58,27,31
60QS002877,48,25,23
60QS002878,54,23,31
60QS002879,101,42,59
60QS002880,67,30,37
60QS002881,82,36,46
60QS002882,79,46,33
60QS002883,88,35,53
60QS002884,63,36,27
60QS002885,51,24,27
60QS002886,63,34,29
60QS002887,64,27,37
60QS002888,39,16,23
60QS002889,66,32,34
60QS002890,71,43,28
60QS002891,56,25,31
60QS002892,51,20,31
60QS002893,71,30,41
60QS002894,95,46,49
60QS002895,88,33,55
60QS002896,92,23,69
60QS002897,147,78,69
60QS002898,61,22,39
60QS002899,81,28,53
60QS002900,73,26,47
60QS002901,52,19,33
60QS002902,63,21,42
60QS002903,59,21,38
60QS002904,74,36,38
60QS002905,70,22,48
60QS002906,82,44,38
60QS002907,68,41,27
60QS002908,83,43,40
60QS002909,67,33,34
60QS002910,66,26,40
60QS002911,97,43,54
60QS002912,102,51,51
60QS002913,41,30,11
60QS002914,62,19,43
60QS002915,60,17,43
60QS002916,83,68,15
60QS002917,61,42,19
60QS002918,71,26,45
60QS002919,89,60,29
60QS002920,92,74,18
60QS002921,43,33,10
60QS002922,107,62,45
60QS002923,77,56,21
60QS002924,70,43,27
60QS002925,58,47,11
60QS002926,64,34,30
60QS002927,67,46,21
60QS002928,85,56,29
60QS002929,151,125,26
60QS002930,54,36,18
60QS002931,154,84,70
60QS002932,159,78,81
60QS002933,71,46,25
60QS002934,62,50,12
60QS002935,135,97,38
60QS002936,129,44,85
60QS002937,73,35,38
60QS002938,76,27,49
60QS002939,138,88,50
60QS002940,90,41,49
60QS002941,81,46,35
60QS002942,54,40,14
60QS002943,86,63,23
60QS002944,78,62,16
60QS002945,69,53,16
60QS002946,73,55,18
60QS002947,109,69,40
60QS002948,52,33,19
60QS002949,125,76,49
60QS002950,114,78,36
60QS002951,75,56,19
60QS002952,114,68,46
60QS002953,77,20,57
60QS002954,104,51,53
60QS002955,135,68,67
60QS002956,107,79,28
60QS002957,62,41,21
60QS002958,85,53,32
60QS002959,74,60,14
60QS002960,70,47,23
60QS002961,54,17,37
60QS002962,78,50,28
60QS002963,112,45,67
60QS002964,40,13,27
60QS002965,126,81,45
60QS002966,97,69,28
60QS002967,65,45,20
60QS002968,81,21,60
60QS002969,59,15,44
60QS002970,115,57,58
60QS002971,74,38,36
60QS002972,92,40,52
60QS002973,114,65,49
60QS002974,89,30,59
60QS002975,83,38,45
60QS002976,85,35,50
60QS002977,70,29,41
60QS002978,70,30,40
60QS002979,72,24,48
60QS002980,86,42,44
60QS002981,68,18,50
60QS002982,76,31,45
60QS002983,63,27,36
60QS002984,103,32,71
60QS002985,85,30,55
60QS002986,68,37,31
60QS002987,58,26,32
60QS002988,113,43,70
60QS002989,88,34,54
60QS002990,50,26,24
60QS002991,40,16,24
60QS002992,53,24,29
60QS002993,68,26,42
60QS002994,73,25,48
60QS002995,137,80,57
60QS002996,97,55,42
60QS002997,62,28,34
60QS002998,99,48,51
60QS002999,105,76,29
60QS003000,79,42,37
60QS003001,77,37,40
60QS003002,109,52,57
60QS003003,48,19,29
60QS003004,68,27,41
60QS003005,94,34,60
60QS003006,85,39,46
60QS003007,73,56,17
60QS003008,94,62,32
60QS003009,72,51,21
60QS003010,71,23,48
60QS003011,66,21,45
60QS003012,98,45,53
60QS003013,64,23,41
60QS003014,87,36,51
60QS003015,133,54,79
60QS003016,74,47,27
60QS003017,74,30,44
60QS003018,101,56,45
60QS003019,81,44,37
60QS003020,50,22,28
60QS003021,73,35,38
60QS003022,68,49,19
60QS003023,83,45,38
60QS003024,87,52,35
60QS003025,114,58,56
60QS003026,85,45,40
60QS003027,49,18,31
60QS003028,72,36,36
60QS003029,57,30,27
60QS003030,83,40,43
60QS003031,98,54,44
60QS003032,72,32,40
60QS003033,78,46,32
60QS003034,76,38,38
60QS003035,104,46,58
60QS003036,90,50,40
60QS003037,72,30,42
60QS003038,85,41,44
60QS003039,98,44,54
60QS003040,77,28,49
60QS003041,125,59,66
60QS003042,95,49,46
60QS003043,77,38,39
60QS003044,93,31,62
60QS003045,61,32,29
60QS003046,93,52,41
60QS003047,51,12,39
60QS003048,39,10,29
60QS003049,70,29,41
60QS003050,77,42,35
60QS003051,187,125,62
60QS003052,121,108,13
60QS003053,89,47,42
60QS003054,66,42,24
60QS003055,66,31,35
60QS003056,74,50,24
60QS003057,95,56,39
60QS003058,81,52,29
60QS003059,84,46,38
60QS003060,44,26,18
60QS003061,61,45,16
60QS003062,69,45,24
60QS003063,99,59,40
60QS003064,39,26,13
60QS003065,63,25,38
60QS003066,37,22,15
60QS003067,49,20,29
60QS003068,83,51,32
60QS003069,44,24,20
60QS003070,46,28,18
60QS003071,51,32,19
60QS003072,95,57,38
60QS003073,52,30,22
60QS003074,55,27,28
60QS003075,60,18,42
60QS003076,83,30,53
60QS003077,42,23,19
60QS003078,32,11,21
60QS003079,80,43,37
60QS003080,97,40,57
60QS003081,78,30,48
60QS003082,79,39,40
60QS003083,87,48,39
60QS003084,71,26,45
60QS003085,65,34,31
60QS003086,96,48,48
60QS003087,89,53,36
60QS003088,86,58,28
60QS003089,74,33,41
60QS003090,124,75,49
60QS003091,113,60,53
60QS003092,68,45,23
60QS003093,65,28,37
60QS003094,93,51,42
60QS003095,85,54,31
60QS003096,65,34,31
60QS003097,80,48,32
60QS003098,116,60,56
60QS003099,90,44,46
60QS003100,113,68,45
60QS003101,55,26,29
60QS003102,81,49,32
60QS003103,93,51,42
60QS003104,70,45,25
60QS003105,84,50,34
60QS003106,58,33,25
60QS003107,83,44,39
60QS003108,60,32,28
60QS003109,76,38,38
60QS003110,55,24,31
60QS003111,94,63,31
60QS003112,63,35,28
60QS003113,57,26,31
60QS003114,62,25,37
60QS003115,61,29,32
60QS003116,47,20,27
60QS003117,89,44,45
60QS003118,65,26,39
60QS003119,91,35,56
60QS003120,90,44,46
60QS003121,76,59,17
60QS003122,68,35,33
60QS003123,78,34,44
60QS003124,64,24,40
60QS003125,52,22,30
60QS003126,55,18,37
60QS003127,76,23,53
60QS003128,78,41,37
60QS003129,82,29,53
60QS003130,73,31,42
60QS003131,87,54,33
60QS003132,73,36,37
60QS003133,93,59,34
60QS003134,53,12,41
60QS003135,60,41,19
60QS003136,85,41,44
60QS003137,95,63,32
60QS003138,59,42,17
60QS003139,47,20,27
60QS003140,90,70,20
60QS003141,53,12,41
60QS003142,66,23,43
60QS003143,171,80,91
60QS003144,142,64,78
60QS003145,137,67,70
60QS003146,147,70,77
60QS003147,64,27,37
60QS003148,109,81,28
60QS003149,103,54,49
60QS003150,58,18,40
60QS003151,50,11,39
60QS003152,40,14,26
60QS003153,50,12,38
60QS003154,44,26,18
60QS003155,67,24,43
60QS003156,144,86,58
60QS003157,95,56,39
60QS003158,78,50,28
60QS003159,76,61,15
60QS003160,122,92,30
60QS003161,82,68,14
60QS003162,87,63,24
60QS003163,87,65,22
60QS003164,66,46,20
60QS003165,93,69,24
60QS003166,86,65,21
60QS003167,82,58,24
60QS003168,141,115,26
60QS003169,83,46,37
60QS003170,48,11,37
60QS003171,34,8,26
60QS003172,33,5,28
60QS003173,77,61,16
60QS003174,80,64,16
60QS003175,100,51,49
60QS003176,66,31,35
60QS003177,91,53,38
60QS003178,67,37,30
60QS003179,113,53,60
60QS003180,82,39,43
60QS003181,70,33,37
60QS003182,99,67,32
60QS003183,83,51,32
60QS003184,100,74,26
60QS003185,71,54,17
60QS003186,135,103,32
60QS003187,129,105,24
60QS003188,73,51,22
60QS003189,92,65,27
60QS003190,72,55,17
60QS003191,59,13,46
60QS003192,97,69,28
60QS003193,86,51,35
60QS003194,97,69,28
60QS003195,78,46,32
60QS003196,98,60,38
60QS003197,73,45,28
60QS003198,121,88,33
60QS003199,96,63,33
60QS003200,85,42,43
60QS003201,87,37,50
60QS003202,56,28,28
60QS003203,55,22,33
60QS003204,102,46,56
60QS003205,66,29,37
60QS003206,55,25,30
60QS003207,71,28,43
60QS003208,66,29,37
60QS003209,71,35,36
60QS003210,92,48,44
60QS003211,106,47,59
60QS003212,71,27,44
60QS003213,89,46,43
60QS003214,71,31,40
60QS003215,67,27,40
60QS003216,58,40,18
60QS003217,93,66,27
60QS003218,54,22,32
60QS003219,52,29,23
60QS003220,132,82,50
60QS003221,128,71,57
60QS003222,83,31,52
60QS003223,116,62,54
60QS003224,62,9,53
60QS003225,86,61,25
60QS003226,45,27,18
60QS003227,172,120,52
60QS003228,148,88,60
60QS003229,101,63,38
60QS003230,98,67,31
60QS003231,82,47,35
60QS003232,93,39,54
60QS003233,50,20,30
60QS003234,80,40,40
60QS003235,135,83,52
60QS003236,77,45,32
60QS003237,89,45,44
60QS003238,112,73,39
60QS003239,97,65,32
60QS003240,43,15,28
60QS003241,106,67,39
60QS003242,107,59,48
60QS003243,95,50,45
60QS003244,101,56,45
60QS003245,128,99,29
60QS003246,102,75,27
60QS003247,70,43,27
60QS003248,103,75,28
60QS003249,115,84,31
60QS003250,70,44,26
60QS003251,101,83,18
60QS003252,77,61,16
60QS003253,83,51,32
60QS003254,60,36,24
60QS003255,73,53,20
60QS003256,124,99,25
60QS003257,49,25,24
60QS003258,46,22,24
60QS003259,75,32,43
60QS003260,40,9,31
60QS003261,47,20,27
60QS003262,52,20,32
60QS003263,51,19,32
60QS003264,64,29,35
60QS003265,44,19,25
60QS003266,77,37,40
60QS003267,45,19,26
60QS003268,152,109,43
60QS003269,147,115,32
60QS003270,105,77,28
60QS003271,98,69,29
60QS003272,59,30,29
60QS003273,102,73,29
60QS003274,78,45,33
60QS003275,86,70,16
60QS003276,59,29,30
60QS003277,54,23,31
60QS003278,111,76,35
60QS003279,72,32,40
60QS003280,86,39,47
60QS003281,85,42,43
60QS003282,122,62,60
60QS003283,110,51,59
60QS003284,97,41,56
60QS003285,82,36,46
60QS003286,80,38,42
60QS003287,94,40,54
60QS003288,119,73,46
60QS003289,96,47,49
60QS003290,82,40,42
60QS003291,131,75,56
60QS003292,105,54,51
60QS003293,73,26,47
60QS003294,72,25,47
60QS003295,73,35,38
60QS003296,81,37,44
60QS003297,66,25,41
60QS003298,103,45,58
60QS003299,99,52,47
60QS003300,111,50,61
60QS003301,57,23,34
60QS003302,97,58,39
60QS003303,99,37,62
60QS003304,79,31,48
60QS003305,77,43,34
60QS003306,39,18,21
60QS003307,84,35,49
60QS003308,54,18,36
60QS003309,133,78,55
60QS003310,114,51,63
60QS003311,92,32,60
60QS003312,111,43,68
60QS003313,106,50,56
60QS003314,59,24,35
60QS003315,63,25,38
60QS003316,29,11,18
60QS003317,108,46,62
60QS003318,97,44,53
60QS003319,98,40,58
60QS003320,71,28,43
60QS003321,83,29,54
60QS003322,111,51,60
60QS003323,80,35,45
60QS003324,77,36,41
60QS003325,99,45,54
60QS003326,122,53,69
60QS003327,150,62,88
60QS003328,143,66,77
60QS003329,108,41,67
60QS003330,79,70,9
60QS003331,72,44,28
60QS003332,102,41,61
60QS003333,138,87,51
60QS003334,105,48,57
60QS003335,125,96,29
60QS003336,108,60,48
60QS003337,99,65,34
60QS003338,95,60,35
60QS003339,42,22,20
60QS003340,133,57,76
60QS003341,140,66,74
60QS003342,117,56,61
60QS003343,88,40,48
60QS003344,94,41,53
60QS003345,132,66,66
60QS003346,123,62,61
60QS003347,110,65,45
60QS003348,112,62,50
60QS003349,93,60,33
60QS003350,91,46,45
60QS003351,82,42,40
60QS003352,72,33,39
60QS003353,120,63,57
60QS003354,116,72,44
60QS003355,109,57,52
60QS003356,95,56,39
60QS003357,89,47,42
60QS003358,57,27,30
60QS003359,69,35,34
60QS003360,83,43,40
60QS003361,93,53,40
60QS003362,102,54,48
60QS003363,94,49,45
60QS003364,98,40,58
60QS003365,68,37,31
60QS003366,101,51,50
60QS003367,59,22,37
60QS003368,92,41,51
60QS003369,51,18,33
60QS003370,75,24,51
60QS003371,116,54,62
60QS003372,78,32,46
60QS003373,49,22,27
60QS003374,74,43,31
60QS003375,61,30,31
60QS003376,72,21,51
60QS003377,40,13,27
60QS003378,52,18,34
60QS003379,62,20,42
60QS003380,110,66,44
60QS003381,44,18,26
60QS003382,39,12,27
60QS003383,46,20,26
60QS003384,86,29,57
60QS003385,51,27,24
60QS003386,84,42,42
60QS003387,82,42,40
60QS003388,148,64,84
60QS003389,143,51,92
60QS003390,91,41,50
60QS003391,151,63,88
60QS003392,134,69,65
60QS003393,106,54,52
60QS003394,140,58,82
60QS003395,81,32,49
60QS003396,77,37,40
60QS003397,71,27,44
60QS003398,100,46,54
60QS003399,137,71,66
60QS003400,76,23,53
60QS003401,78,39,39
60QS003402,74,24,50
60QS003403,102,43,59
60QS003404,64,21,43
60QS003405,49,23,26
60QS003406,77,56,21
60QS003407,98,74,24
60QS003408,39,15,24
60QS003409,44,14,30
60QS003410,65,23,42
60QS003411,78,44,34
60QS003412,116,77,39
60QS003413,75,26,49
60QS003414,108,46,62
60QS003415,100,43,57
60QS003416,104,50,54
60QS003417,101,39,62
60QS003418,112,58,54
60QS003419,90,71,19
60QS003420,131,106,25
60QS003421,119,95,24
60QS003422,93,66,27
60QS003423,84,74,10
60QS003424,107,90,17
60QS003425,159,86,73
60QS003426,83,44,39
60QS003427,139,101,38
60QS003428,144,115,29
60QS003429,132,60,72
60QS003430,102,45,57
60QS003431,133,60,73
60QS003432,144,68,76
60QS003433,86,42,44
60QS003434,128,101,27
60QS003435,103,76,27
60QS003436,80,57,23
60QS003437,84,48,36
60QS003438,96,67,29
60QS003439,73,36,37
60QS003440,89,68,21
60QS003441,50,31,19
60QS003442,50,14,36
60QS003443,52,37,15
60QS003444,115,90,25
60QS003445,132,103,29
60QS003446,118,85,33
60QS003447,85,65,20
60QS003448,69,43,26
60QS003449,117,90,27
60QS003450,96,72,24
60QS003451,84,27,57
60QS003452,93,68,25
60QS003453,96,73,23
60QS003454,108,81,27
60QS003455,91,56,35
60QS003456,97,78,19
60QS003457,121,79,42
60QS003458,102,71,31
60QS003459,108,76,32
60QS003460,91,64,27
60QS003461,82,63,19
60QS003462,83,53,30
60QS003463,98,73,25
60QS003464,83,56,27
60QS003465,69,53,16
60QS003466,102,75,27
60QS003467,142,98,44
60QS003468,129,96,33
60QS003469,77,43,34
60QS003470,123,78,45
60QS003471,94,71,23
60QS003472,96,62,34
60QS003473,101,65,36
60QS003474,145,90,55
60QS003475,71,56,15
60QS003476,103,74,29
60QS003477,102,75,27
60QS003478,94,69,25
60QS003479,133,102,31
60QS003480,86,67,19
60QS003481,88,63,25
60QS003482,80,42,38
60QS003483,81,43,38
60QS003484,92,69,23
60QS003485,67,49,18
60QS003486,117,60,57
60QS003487,97,72,25
60QS003488,92,71,21
60QS003489,100,69,31
60QS003490,130,84,46
60QS003491,121,64,57
60QS003492,95,55,40
60QS003493,149,119,30
60QS003494,200,149,51
60QS003495,85,51,34
60QS003496,94,82,12
60QS003497,157,105,52
60QS003498,123,74,49
60QS003499,121,82,39
60QS003500,100,57,43
60QS003501,105,67,38
60QS003502,181,134,47
60QS003503,85,49,36
60QS003504,122,56,66
60QS003505,124,78,46
60QS003506,71,33,38
60QS003507,72,39,33
60QS003508,60,26,34
60QS003509,102,52,50
60QS003510,74,29,45
60QS003511,82,36,46
60QS003512,76,32,44
60QS003513,111,47,64
60QS003514,73,32,41
60QS003515,122,82,40
60QS003516,106,68,38
60QS003517,110,86,24
60QS003518,111,56,55
60QS003519,64,35,29
60QS003520,78,36,42
60QS003521,100,54,46
60QS003522,94,50,44
60QS003523,62,30,32
60QS003524,94,44,50
60QS003525,85,45,40
60QS003526,70,26,44
60QS003527,73,30,43
60QS003528,101,37,64
60QS003529,94,29,65
60QS003530,95,49,46
60QS003531,72,32,40
60QS003532,75,40,35
60QS003533,75,29,46
60QS003534,109,52,57
60QS003535,71,23,48
60QS003536,132,92,40
60QS003537,72,49,23
60QS003538,99,66,33
60QS003539,165,126,39
60QS003540,70,31,39
60QS003541,81,54,27
60QS003542,64,19,45
60QS003543,167,124,43
60QS003544,133,100,33
60QS003545,80,35,45
60QS003546,53,19,34
60QS003547,48,19,29
60QS003548,54,32,22
60QS003549,96,47,49
60QS003550,88,63,25
60QS003551,97,78,19
60QS003552,83,65,18
60QS003553,154,114,40
60QS003554,119,96,23
60QS003555,92,69,23
60QS003556,102,62,40
60QS003557,80,48,32
60QS003558,126,81,45
60QS003559,54,31,23
60QS003560,92,64,28
60QS003561,59,29,30
60QS003562,78,44,34
60QS003563,92,61,31
60QS003564,44,18,26
60QS003565,200,88,112
60QS003566,61,55,6
60QS003567,158,93,65
60QS003568,57,43,14
60QS003569,58,29,29
60QS003570,43,30,13
60QS003571,74,44,30
60QS003572,47,33,14
60QS003573,31,15,16
60QS003574,96,73,23
60QS003575,71,36,35
60QS003576,91,49,42
60QS003577,84,54,30
60QS003578,51,27,24
60QS003579,77,56,21
60QS003580,40,13,27
60QS003581,76,35,41
60QS003582,72,40,32
60QS003583,81,38,43
60QS003584,49,18,31
60QS003585,78,35,43
60QS003586,74,33,41
60QS003587,85,33,52
60QS003588,40,19,21
60QS003589,54,21,33
60QS003590,67,40,27
60QS003591,58,21,37
60QS003592,38,23,15
60QS003593,71,27,44
60QS003594,37,13,24
60QS003595,43,10,33
60QS003596,115,58,57
60QS003597,45,19,26
60QS003598,76,45,31
60QS003599,106,39,67
60QS003600,65,29,36
60QS003601,67,28,39
60QS003602,93,53,40
60QS003603,127,78,49
60QS003604,68,31,37
60QS003605,126,61,65
60QS003606,49,30,19
60QS003607,107,54,53
60QS003608,71,41,30
60QS003609,44,34,10
60QS003610,79,56,23
60QS003611,44,18,26
60QS003612,72,32,40
60QS003613,56,22,34
60QS003614,37,11,26
60QS003615,48,25,23
60QS003616,60,49,11
60QS003617,57,36,21
60QS003618,46,17,29
60QS003619,131,106,25
60QS003620,55,30,25
60QS003621,62,27,35
60QS003622,42,15,27
60QS003623,96,76,20
60QS003624,91,39,52
60QS003625,50,9,41
60QS003626,120,21,99
60QS003627,103,40,63
60QS003628,37,8,29
60QS003629,101,53,48
60QS003630,133,92,41
60QS003631,57,49,8
60QS003632,42,15,27
60QS003633,71,21,50
60QS003634,128,108,20
60QS003635,44,20,24
60QS003636,80,35,45
60QS003637,74,28,46
60QS003638,51,11,40
60QS003639,39,13,26
60QS003640,59,30,29
60QS003641,47,22,25
60QS003642,76,35,41
60QS003643,60,29,31
60QS003644,76,27,49
60QS003645,78,33,45
60QS003646,58,22,36
60QS003647,85,44,41
60QS003648,64,21,43
60QS003649,65,24,41
60QS003650,44,22,22
60QS003651,39,21,18
60QS003652,40,18,22
60QS003653,40,8,32
60QS003654,48,19,29
60QS003655,83,19,64
60QS003656,104,41,63
60QS003657,47,26,21
60QS003658,42,20,22
60QS003659,59,18,41
60QS003660,71,43,28
60QS003661,46,28,18
60QS003662,95,35,60
60QS003663,51,32,19
60QS003664,92,48,44
60QS003665,68,23,45
60QS003666,59,21,38
60QS003667,59,22,37
60QS003668,52,22,30
60QS003669,72,31,41
60QS003670,91,50,41
60QS003671,51,35,16
60QS003672,104,89,15
60QS003673,129,92,37
60QS003674,75,59,16
60QS003675,63,51,12
60QS003676,89,36,53
60QS003677,52,16,36
60QS003678,87,44,43
60QS003679,93,67,26
60QS003680,61,50,11
60QS003681,37,13,24
60QS003682,65,23,42
60QS003683,135,87,48
60QS003684,74,35,39
60QS003685,65,28,37
60QS003686,54,26,28
60QS003687,43,24,19
60QS003688,53,36,17
60QS003689,49,27,22
60QS003690,62,20,42
60QS003691,85,54,31
60QS003692,108,51,57
60QS003693,92,27,65
60QS003694,50,12,38
60QS003695,52,16,36
60QS003696,76,41,35
60QS003697,101,75,26
60QS003698,53,4,49
60QS003699,104,44,60
60QS003700,39,12,27
60QS003701,56,20,36
60QS003702,42,11,31
60QS003703,71,19,52
60QS003704,63,35,28
60QS003705,85,33,52
60QS003706,95,40,55
60QS003707,47,16,31
60QS003708,41,12,29
60QS003709,46,20,26
60QS003710,194,66,128
60QS003711,68,58,10
60QS003712,58,24,34
60QS003713,55,37,18
60QS003714,77,53,24
60QS003715,77,52,25
60QS003716,973,238,735
60QS003717,90,40,50
60QS003718,72,26,46
60QS003719,45,17,28
60QS003720,107,73,34
60QS003721,46,24,22
60QS003722,96,34,62
60QS003723,74,26,48
60QS003724,56,25,31
60QS003725,78,33,45
60QS003726,56,26,30
60QS003727,57,20,37
60QS003728,52,40,12
60QS003729,73,23,50
60QS003730,62,24,38
60QS003731,82,31,51
60QS003732,66,21,45
60QS003733,56,22,34
60QS003734,71,35,36
60QS003735,113,53,60
60QS003736,90,42,48
60QS003737,46,21,25
60QS003738,61,49,12
60QS003739,89,46,43
60QS003740,69,32,37
60QS003741,90,44,46
60QS003742,58,30,28
60QS003743,71,31,40
60QS003744,85,27,58
60QS003745,70,35,35
60QS003746,54,26,28
60QS003747,83,36,47
60QS003748,70,35,35
60QS003749,59,30,29
60QS003750,50,22,28
60QS003751,85,75,10
60QS003752,55,31,24
60QS003753,48,22,26
60QS003754,84,39,45
60QS003755,68,33,35
60QS003756,33,11,22
60QS003757,69,46,23
60QS003758,53,22,31
60QS003759,72,35,37
60QS003760,81,30,51
60QS003761,85,34,51
60QS003762,71,25,46
60QS003763,63,50,13
60QS003764,31,15,16
60QS003765,39,26,13
60QS003766,58,29,29
60QS003767,50,14,36
60QS003768,78,32,46
60QS003769,82,33,49
60QS003770,54,44,10
60QS003771,44,31,13
60QS003772,73,22,51
60QS003773,94,29,65
60QS003774,64,20,44
60QS003775,54,13,41
60QS003776,64,23,41
60QS003777,85,43,42
60QS003778,177,49,128
60QS003779,62,19,43
60QS003780,74,18,56
60QS003781,116,60,56
60QS003782,62,23,39
60QS003783,56,27,29
60QS003784,83,29,54
60QS003785,73,23,50
60QS003786,53,26,27
60QS003787,84,41,43
60QS003788,172,66,106
60QS003789,64,52,12
60QS003790,56,51,5
60QS003791,52,47,5
60QS003792,50,40,10
60QS003793,67,54,13
60QS003794,46,36,10
60QS003795,44,33,11
60QS003796,84,36,48
60QS003797,53,46,7
60QS003798,51,39,12
60QS003799,47,15,32
60QS003800,63,28,35
60QS003801,50,20,30
60QS003802,47,18,29
60QS003803,52,27,25
60QS003804,100,69,31
60QS003805,134,97,37
60QS003806,79,47,32
60QS003807,48,17,31
60QS003808,48,28,20
60QS003809,40,14,26
60QS003810,85,46,39
60QS003811,79,43,36
60QS003812,129,72,57
60QS003813,86,31,55
60QS003814,98,58,40
60QS003815,42,32,10
60QS003816,65,15,50
60QS003817,75,62,13
60QS003818,55,43,12
60QS003819,72,49,23
60QS003820,79,58,21
60QS003821,44,11,33
60QS003822,74,24,50
60QS003823,57,20,37
60QS003824,44,34,10
60QS003825,48,13,35
60QS003826,112,47,65
60QS003827,43,36,7
60QS003828,45,30,15
60QS003829,52,40,12
60QS003830,52,40,12
60QS003831,58,22,36
60QS003832,98,61,37
60QS003833,48,38,10
60QS003834,30,9,21
60QS003835,99,45,54
60QS003836,74,32,42
60QS003837,59,18,41
60QS003838,46,38,8
60QS003839,52,20,32
60QS003840,76,40,36
60QS003841,41,14,27
60QS003842,54,22,32
60QS003843,74,25,49
60QS003844,33,3,30
60QS003845,50,42,8
60QS003846,76,35,41
60QS003847,76,28,48
60QS003848,62,29,33
60QS003849,51,27,24
60QS003850,62,24,38
60QS003851,103,39,64
60QS003852,39,12,27
60QS003853,47,16,31
60QS003854,110,62,48
60QS003855,62,22,40
60QS003856,55,19,36
60QS003857,48,38,10
60QS003858,70,25,45
60QS003859,64,25,39
60QS003860,149,121,28
60QS003861,51,41,10
60QS003862,60,40,20
60QS003863,45,24,21
60QS003864,54,20,34
60QS003865,27,2,25
60QS003866,100,79,21
60QS003867,102,67,35
60QS003868,101,32,69
60QS003869,46,31,15
60QS003870,92,40,52
60QS003871,92,62,30
60QS003872,53,18,35
60QS003873,99,28,71
60QS003874,73,24,49
60QS003875,38,16,22
60QS003876,44,15,29
60QS003877,95,49,46
60QS003878,48,26,22
60QS003879,36,16,20
60QS003880,37,16,21
60QS003881,86,50,36
60QS003882,43,17,26
60QS003883,38,26,12
60QS003884,68,36,32
60QS003885,69,33,36
60QS003886,33,19,14
60QS003887,48,22,26
60QS003888,77,45,32
60QS003889,50,28,22
60QS003890,97,43,54
60QS003891,52,45,7
60QS003892,75,55,20
60QS003893,49,11,38
60QS003894,51,37,14
60QS003895,69,46,23
60QS003896,75,30,45
60QS003897,76,39,37
60QS003898,82,59,23
60QS003899,35,8,27
60QS003900,54,15,39
60QS003901,56,24,32
60QS003902,86,40,46
60QS003903,52,18,34
60QS003904,81,37,44
60QS003905,49,16,33
60QS003906,97,53,44
60QS003907,96,36,60
60QS003908,60,30,30
60QS003909,133,67,66
60QS003910,40,21,19
60QS003911,53,46,7
60QS003912,81,73,8
60QS003913,104,82,22
60QS003914,115,73,42
60QS003915,113,80,33
60QS003916,98,84,14
60QS003917,83,68,15
60QS003918,86,34,52
60QS003919,84,36,48
60QS003920,83,23,60
60QS003921,79,48,31
60QS003922,81,52,29
60QS003923,85,66,19
60QS003924,92,74,18
60QS003925,196,53,143
60QS003926,134,115,19
60QS003927,115,80,35
60QS003928,81,46,35
60QS003929,56,44,12
60QS003930,135,104,31
60QS003931,88,72,16
60QS003932,94,62,32
60QS003933,64,48,16
60QS003934,122,88,34
60QS003935,90,68,22
60QS003936,52,37,15
60QS003937,50,15,35
60QS003938,83,63,20
60QS003939,58,39,19
60QS003940,127,86,41
60QS003941,82,35,47
60QS003942,56,26,30
60QS003943,58,42,16
60QS003944,87,65,22
60QS003945,46,10,36
60QS003946,272,51,221
60QS003947,84,47,37
60QS003948,44,19,25
60QS003949,68,40,28
60QS003950,55,42,13
60QS003951,44,36,8
60QS003952,49,41,8
60QS003953,52,29,23
60QS003954,42,29,13
60QS003955,79,57,22
60QS003956,42,14,28
60QS003957,46,22,24
60QS003958,46,35,11
60QS003959,79,54,25
60QS003960,69,48,21
60QS003961,165,91,74
60QS003962,94,52,42
60QS003963,77,35,42
60QS003964,101,76,25
60QS003965,56,38,18
60QS003966,166,111,55
60QS003967,74,49,25
60QS003968,77,55,22
60QS003969,108,58,50
60QS003970,97,54,43
60QS003971,91,70,21
60QS003972,63,20,43
60QS003973,74,29,45
60QS003974,85,49,36
60QS003975,61,19,42
60QS003976,86,37,49
60QS003977,70,26,44
60QS003978,75,27,48
60QS003979,86,44,42
60QS003980,80,29,51
60QS003981,74,35,39
60QS003982,81,24,57
60QS003983,75,21,54
60QS003984,84,51,33
60QS003985,64,33,31
60QS003986,72,53,19
60QS003987,41,29,12
60QS003988,52,12,40
60QS003989,48,18,30
60QS003990,50,44,6
60QS003991,80,71,9
60QS003992,68,46,22
60QS003993,59,44,15
60QS003994,55,28,27
60QS003995,59,33,26
60QS003996,49,20,29
60QS003997,69,29,40
60QS003998,49,12,37
60QS003999,41,13,28
60QS004000,66,20,46
60QS004001,73,26,47
60QS004002,44,26,18
60QS004003,81,54,27
60QS004004,45,27,18
60QS004005,159,120,39
60QS004006,70,25,45
60QS004007,82,25,57
60QS004008,79,32,47
60QS004009,87,49,38
60QS004010,72,24,48
60QS004011,58,29,29
60QS004012,71,24,47
60QS004013,67,19,48
60QS004014,57,22,35
60QS004015,69,24,45
60QS004016,75,24,51
60QS004017,71,23,48
60QS004018,68,55,13
60QS004019,60,49,11
60QS004020,79,32,47
60QS004021,69,27,42
60QS004022,66,20,46
60QS004023,65,30,35
60QS004024,82,38,44
60QS004025,66,36,30
60QS004026,83,30,53
60QS004027,61,21,40
60QS004028,84,41,43
60QS004029,65,17,48
60QS004030,77,25,52
60QS004031,75,36,39
60QS004032,83,25,58
60QS004033,68,15,53
60QS004034,72,26,46
60QS004035,41,11,30
60QS004036,52,22,30
60QS004037,99,59,40
60QS004038,59,24,35
60QS004039,44,24,20
60QS004040,82,31,51
60QS004041,82,33,49
60QS004042,72,27,45
60QS004043,87,34,53
60QS004044,71,33,38
60QS004045,53,20,33
60QS004046,69,27,42
60QS004047,61,25,36
60QS004048,48,14,34
60QS004049,57,24,33
60QS004050,50,11,39
60QS004051,45,11,34
60QS004052,61,19,42
60QS004053,55,15,40
60QS004054,54,21,33
60QS004055,48,17,31
60QS004056,91,74,17
60QS004057,63,57,6
60QS004058,48,24,24
60QS004059,51,26,25
60QS004060,68,28,40
60QS004061,68,31,37
60QS004062,64,35,29
60QS004063,69,30,39
60QS004064,58,29,29
60QS004065,67,26,41
60QS004066,55,34,21
60QS004067,51,31,20
60QS004068,78,38,40
60QS004069,67,23,44
60QS004070,72,16,56
60QS004071,44,20,24
60QS004072,50,16,34
60QS004073,106,40,66
60QS004074,60,32,28
60QS004075,54,23,31
60QS004076,57,26,31
60QS004077,64,32,32
60QS004078,55,27,28
60QS004079,61,29,32
60QS004080,54,26,28
60QS004081,52,25,27
60QS004082,78,45,33
60QS004083,80,44,36
60QS004084,66,25,41
60QS004085,57,22,35
60QS004086,99,64,35
60QS004087,68,51,17
60QS004088,86,46,40
60QS004089,114,87,27
60QS004090,80,30,50
60QS004091,55,16,39
60QS004092,48,8,40
60QS004093,45,4,41
60QS004094,67,28,39
60QS004095,80,26,54
60QS004096,75,40,35
60QS004097,44,16,28
60QS004098,69,19,50
60QS004099,62,15,47
60QS004100,66,12,54
60QS004101,58,13,45
60QS004102,61,21,40
60QS004103,74,16,58
60QS004104,77,60,17
60QS004105,110,81,29
60QS004106,81,59,22
60QS004107,113,84,29
60QS004108,61,22,39
60QS004109,72,33,39
60QS004110,114,60,54
60QS004111,45,15,30
60QS004112,72,42,30
60QS004113,73,31,42
60QS004114,84,43,41
60QS004115,47,25,22
60QS004116,41,18,23
60QS004117,71,27,44
60QS004118,44,13,31
60QS004119,42,14,28
60QS004120,73,49,24
60QS004121,67,51,16
60QS004122,75,35,40
60QS004123,57,31,26
60QS004124,50,21,29
60QS004125,43,20,23
60QS004126,39,30,9
60QS004127,91,80,11
60QS004128,83,59,24
60QS004129,51,41,10
60QS004130,69,50,19
60QS004131,78,63,15
60QS004132,57,14,43
60QS004133,48,26,22
60QS004134,47,6,41
60QS004135,47,6,41
60QS004136,73,20,53
60QS004137,60,16,44
60QS004138,68,33,35
60QS004139,56,23,33
60QS004140,58,30,28
60QS004141,65,21,44
60QS004142,75,61,14
60QS004143,71,45,26
60QS004144,84,39,45
60QS004145,58,32,26
60QS004146,51,25,26
60QS004147,51,21,30
60QS004148,43,16,27
60QS004149,54,27,27
60QS004150,62,21,41
60QS004151,62,12,50
60QS004152,60,17,43
60QS004153,59,11,48
60QS004154,48,19,29
60QS004155,59,15,44
60QS004156,79,31,48
60QS004157,64,15,49
60QS004158,70,47,23
60QS004159,48,29,19
60QS004160,45,22,23
60QS004161,76,40,36
60QS004162,36,4,32
60QS004163,40,8,32
60QS004164,56,16,40
60QS004165,51,23,28
60QS004166,58,20,38
60QS004167,62,25,37
60QS004168,49,18,31
60QS004169,43,11,32
60QS004170,69,17,52
60QS004171,56,21,35
60QS004172,76,29,47
60QS004173,48,14,34
60QS004174,112,78,34
60QS004175,88,70,18
60QS004176,99,90,9
60QS004177,102,87,15
60QS004178,59,25,34
60QS004179,46,16,30
60QS004180,72,24,48
60QS004181,70,33,37
60QS004182,53,14,39
60QS004183,52,19,33
60QS004184,46,22,24
60QS004185,52,20,32
60QS004186,114,50,64
60QS004187,65,52,13
60QS004188,94,75,19
60QS004189,79,65,14
60QS004190,145,61,84
60QS004191,52,38,14
60QS004192,100,43,57
60QS004193,86,27,59
60QS004194,99,81,18
60QS004195,84,71,13
60QS004196,74,61,13
60QS004197,72,39,33
60QS004198,76,56,20
60QS004199,98,80,18
60QS004200,80,71,9
60QS004201,131,44,87
60QS004202,64,44,20
60QS004203,75,53,22
60QS004204,76,48,28
60QS004205,95,69,26
60QS004206,63,51,12
60QS004207,75,41,34
60QS004208,112,63,49
60QS004209,129,62,67
60QS004210,86,51,35
60QS004211,108,60,48
60QS004212,105,65,40
60QS004213,113,46,67
60QS004214,89,33,56
60QS004215,100,51,49
60QS004216,78,58,20
60QS004217,84,67,17
60QS004218,156,120,36
60QS004219,82,51,31
60QS004220,71,34,37
60QS004221,114,73,41
60QS004222,112,86,26
60QS004223,66,27,39
60QS004224,97,53,44
60QS004225,68,41,27
60QS004226,121,96,25
60QS004227,182,91,91
60QS004228,251,52,199
60QS004229,84,72,12
60QS004230,130,95,35
60QS004231,78,38,40
60QS004232,44,12,32
60QS004233,48,18,30
60QS004234,134,84,50
60QS004235,73,55,18
60QS004236,64,46,18
60QS004237,59,43,16
60QS004238,61,35,26
60QS004239,131,72,59
60QS004240,77,34,43
60QS004241,70,34,36
60QS004242,205,176,29
60QS004243,907,305,602
60QS004244,80,33,47
60QS004245,67,27,40
60QS004246,100,34,66
60QS004247,75,27,48
60QS004248,58,15,43
60QS004249,59,25,34
60QS004250,74,19,55
60QS004251,93,30,63
60QS004252,65,21,44
60QS004253,59,17,42
60QS004254,80,27,53
60QS004255,122,107,15
60QS004256,108,95,13
60QS004257,100,55,45
60QS004258,70,61,9
60QS004259,113,59,54
60QS004260,65,55,10
60QS004261,86,77,9
60QS004262,109,34,75
60QS004263,70,21,49
60QS004264,84,32,52
60QS004265,135,114,21
60QS004266,60,16,44
60QS004267,101,84,17
60QS004268,99,73,26
60QS004269,62,54,8
60QS004270,57,23,34
60QS004271,64,26,38
60QS004272,94,28,66
60QS004273,45,19,26
60QS004274,47,17,30
60QS004275,45,9,36
60QS004276,53,21,32
60QS004277,115,37,78
60QS004278,82,30,52
60QS004279,65,22,43
60QS004280,71,17,54
60QS004281,97,37,60
60QS004282,93,53,40
60QS004283,92,57,35
60QS004284,60,18,42
60QS004285,26,11,15
60QS004286,90,36,54
60QS004287,90,52,38
60QS004288,66,23,43
60QS004289,60,21,39
60QS004290,79,51,28
60QS004291,44,15,29
60QS004292,50,35,15
60QS004293,129,91,38
60QS004294,144,108,36
60QS004295,53,36,17
60QS004296,72,36,36
60QS004297,85,54,31
60QS004298,63,49,14
60QS004299,99,49,50
60QS004300,81,47,34
60QS004301,101,56,45
60QS004302,89,55,34
60QS004303,76,38,38
60QS004304,72,49,23
60QS004305,89,60,29
60QS004306,106,70,36
60QS004307,126,76,50
60QS004308,121,76,45
60QS004309,86,54,32
60QS004310,64,30,34
60QS004311,74,39,35
60QS004312,100,84,16
60QS004313,55,17,38
60QS004314,45,13,32
60QS004315,109,82,27
60QS004316,55,34,21
60QS004317,70,44,26
60QS004318,110,61,49
60QS004319,85,57,28
60QS004320,70,53,17
60QS004321,83,64,19
60QS004322,168,115,53
60QS004323,51,34,17
60QS004324,94,50,44
60QS004325,115,68,47
60QS004326,91,73,18
60QS004327,134,65,69
60QS004328,91,70,21
60QS004329,65,52,13
60QS004330,97,50,47
60QS004331,64,53,11
60QS004332,60,44,16
60QS004333,88,78,10
60QS004334,47,37,10
60QS004335,98,72,26
60QS004336,49,21,28
60QS004337,63,57,6
60QS004338,105,81,24
60QS004339,84,60,24
60QS004340,84,62,22
60QS004341,59,46,13
60QS004342,85,62,23
60QS004343,57,34,23
60QS004344,113,83,30
60QS004345,98,67,31
60QS004346,60,50,10
60QS004347,92,74,18
60QS004348,85,76,9
60QS004349,50,42,8
60QS004350,84,61,23
60QS004351,104,70,34
60QS004352,34,23,11
60QS004353,63,43,20
60QS004354,94,79,15
60QS004355,300,133,167
60QS004356,123,82,41
60QS004357,82,63,19
60QS004358,61,18,43
60QS004359,63,23,40
60QS004360,143,107,36
60QS004361,139,91,48
60QS004362,42,36,6
60QS004363,60,42,18
60QS004364,68,62,6
60QS004365,93,82,11
60QS004366,92,59,33
60QS004367,94,76,18
60QS004368,89,65,24
60QS004369,42,31,11
60QS004370,43,14,29
60QS004371,9,2,7
60QS004372,91,49,42
60QS004373,59,33,26
60QS004374,60,23,37
60QS004375,72,41,31
60QS004376,37,23,14
60QS004377,87,37,50
60QS004378,77,40,37
60QS004379,105,41,64
60QS004380,74,31,43
60QS004381,34,12,22
60QS004382,55,21,34
60QS004383,123,51,72
60QS004384,44,25,19
60QS004385,95,32,63
60QS004386,53,33,20
60QS004387,97,54,43
60QS004388,51,23,28
60QS004389,55,18,37
60QS004390,52,17,35
60QS004391,47,18,29
60QS004392,41,17,24
60QS004393,112,41,71
60QS004394,51,21,30
60QS004395,59,16,43
60QS004396,51,21,30
60QS004397,47,18,29
60QS004398,57,30,27
60QS004399,63,28,35
60QS004400,52,14,38
60QS004401,84,35,49
60QS004402,63,36,27
60QS004403,77,44,33
60QS004404,89,59,30
60QS004405,67,44,23
60QS004406,80,39,41
60QS004407,115,93,22
60QS004408,129,76,53
60QS004409,49,19,30
60QS004410,61,18,43
60QS004411,64,26,38
60QS004412,61,24,37
60QS004413,93,43,50
60QS004414,254,191,63
60QS004415,144,121,23
60QS004416,44,24,20
60QS004417,42,30,12
60QS004418,83,25,58
60QS004419,81,43,38
60QS004420,48,15,33
60QS004421,103,37,66
60QS004422,41,25,16
60QS004423,81,47,34
60QS004424,96,29,67
60QS004425,60,22,38
60QS004426,81,25,56
60QS004427,45,25,20
60QS004428,35,20,15
60QS004429,91,66,25
60QS004430,45,21,24
60QS004431,65,37,28
60QS004432,79,61,18
60QS004433,44,24,20
60QS004434,109,49,60
60QS004435,100,55,45
60QS004436,82,38,44
60QS004437,60,41,19
60QS004438,75,53,22
60QS004439,84,56,28
60QS004440,90,49,41
60QS004441,69,49,20
60QS004442,63,42,21
60QS004443,61,26,35
60QS004444,82,49,33
60QS004445,64,28,36
60QS004446,74,40,34
60QS004447,88,56,32
60QS004448,93,67,26
60QS004449,53,28,25
60QS004450,78,73,5
60QS004451,100,87,13
60QS004452,69,45,24
60QS004453,94,81,13
60QS004454,41,24,17
60QS004455,58,51,7
60QS004456,131,34,97
60QS004457,55,47,8
60QS004458,106,49,57
60QS004459,50,23,27
60QS004460,126,85,41
60QS004461,107,81,26
60QS004462,99,45,54
60QS004463,105,51,54
60QS004464,51,28,23
60QS004465,84,46,38
60QS004466,57,27,30
60QS004467,56,35,21
60QS004468,99,48,51
60QS004469,62,22,40
60QS004470,52,25,27
60QS004471,61,23,38
60QS004472,64,19,45
60QS004473,49,29,20
60QS004474,71,42,29
60QS004475,111,93,18
60QS004476,55,23,32
60QS004477,56,28,28
60QS004478,93,44,49
60QS004479,76,47,29
60QS004480,117,61,56
60QS004481,81,40,41
60QS004482,95,56,39
60QS004483,90,61,29
60QS004484,35,6,29
60QS004485,69,33,36
60QS004486,72,23,49
60QS004487,105,18,87
60QS004488,70,55,15
60QS004489,72,58,14
60QS004490,93,37,56
60QS004491,90,75,15
60QS004492,101,77,24
60QS004493,83,50,33
60QS004494,84,62,22
60QS004495,81,34,47
60QS004496,208,151,57
60QS004497,124,70,54
60QS004498,52,34,18
60QS004499,90,50,40
60QS004500,63,27,36
60QS004501,66,42,24
60QS004502,74,32,42
60QS004503,118,58,60
60QS004504,60,25,35
60QS004505,94,29,65
60QS004506,146,103,43
60QS004507,77,56,21
60QS004508,47,35,12
60QS004509,39,26,13
60QS004510,96,44,52
60QS004511,31,6,25
60QS004512,75,29,46
60QS004513,137,65,72
60QS004514,82,45,37
60QS004515,52,23,29
60QS004516,87,40,47
60QS004517,69,34,35
60QS004518,135,74,61
60QS004519,55,23,32
60QS004520,86,51,35
60QS004521,54,38,16
60QS004522,117,88,29
60QS004523,218,49,169
60QS004524,120,89,31
60QS004525,72,56,16
60QS004526,113,42,71
60QS004527,76,29,47
60QS004528,62,28,34
60QS004529,83,69,14
60QS004530,132,98,34
60QS004531,52,25,27
60QS004532,66,28,38
60QS004533,70,27,43
60QS004534,87,32,55
60QS004535,80,34,46
60QS004536,75,30,45
60QS004537,84,31,53
60QS004538,70,32,38
60QS004539,65,25,40
60QS004540,80,29,51
60QS004541,55,24,31
60QS004542,73,22,51
60QS004543,61,16,45
60QS004544,65,42,23
60QS004545,123,86,37
60QS004546,61,43,18
60QS004547,41,14,27
60QS004548,100,68,32
60QS004549,148,102,46
60QS004550,43,18,25
60QS004551,92,50,42
60QS004552,121,89,32
60QS004553,62,35,27
60QS004554,125,74,51
60QS004555,50,32,18
60QS004556,131,104,27
60QS004557,85,56,29
60QS004558,65,25,40
60QS004559,65,28,37
60QS004560,55,14,41
60QS004561,56,22,34
60QS004562,59,15,44
60QS004563,71,28,43
60QS004564,59,18,41
60QS004565,83,27,56
60QS004566,79,32,47
60QS004567,91,36,55
60QS004568,50,18,32
60QS004569,54,24,30
60QS004570,52,24,28
60QS004571,55,23,32
60QS004572,82,27,55
60QS004573,63,28,35
60QS004574,57,43,14
60QS004575,105,86,19
60QS004576,46,13,33
60QS004577,74,32,42
60QS004578,47,23,24
60QS004579,57,34,23
60QS004580,46,27,19
60QS004581,69,31,38
60QS004582,88,46,42
60QS004583,55,17,38
60QS004584,50,13,37
60QS004585,94,80,14
60QS004586,57,25,32
60QS004587,110,45,65
60QS004588,74,31,43
60QS004589,92,52,40
60QS004590,84,77,7
60QS004591,133,110,23
60QS004592,89,78,11
60QS004593,112,93,19
60QS004594,40,32,8
60QS004595,108,91,17
60QS004596,105,57,48
60QS004597,137,91,46
60QS004598,112,56,56
60QS004599,63,27,36
60QS004600,114,100,14
60QS004601,66,57,9
60QS004602,68,32,36
60QS004603,96,73,23
60QS004604,65,52,13
60QS004605,69,60,9
60QS004606,68,57,11
60QS004607,114,94,20
60QS004608,94,78,16
60QS004609,65,35,30
60QS004610,87,40,47
60QS004611,57,23,34
60QS004612,93,46,47
60QS004613,80,31,49
60QS004614,66,40,26
60QS004615,64,32,32
60QS004616,103,40,63
60QS004617,127,90,37
60QS004618,54,14,40
60QS004619,64,25,39
60QS004620,86,37,49
60QS004621,47,13,34
60QS004622,65,15,50
60QS004623,102,47,55
60QS004624,43,25,18
60QS004625,66,20,46
60QS004626,64,26,38
60QS004627,120,40,80
60QS004628,53,14,39
60QS004629,61,14,47
60QS004630,96,44,52
60QS004631,59,26,33
60QS004632,28,14,14
60QS004633,53,21,32
60QS004634,124,50,74
60QS004635,103,50,53
60QS004636,41,18,23
60QS004637,60,24,36
60QS004638,49,19,30
60QS004639,50,21,29
60QS004640,87,45,42
60QS004641,86,41,45
60QS004642,77,61,16
60QS004643,70,23,47
60QS004644,55,20,35
60QS004645,82,28,54
60QS004646,85,37,48
60QS004647,43,23,20
60QS004648,80,50,30
60QS004649,128,58,70
60QS004650,41,14,27
60QS004651,67,23,44
60QS004652,61,21,40
60QS004653,62,23,39
60QS004654,137,70,67
60QS004655,136,96,40
60QS004656,96,50,46
60QS004657,106,65,41
60QS004658,62,33,29
60QS004659,80,63,17
60QS004660,163,126,37
60QS004661,55,39,16
60QS004662,79,59,20
60QS004663,81,51,30
60QS004664,43,28,15
60QS004665,63,39,24
60QS004666,78,57,21
60QS004667,136,55,81
60QS004668,71,26,45
60QS004669,51,21,30
60QS004670,59,32,27
60QS004671,108,66,42
60QS004672,41,23,18
60QS004673,67,27,40
60QS004674,90,37,53
60QS004675,70,25,45
60QS004676,95,43,52
60QS004677,55,28,27
60QS004678,81,45,36
60QS004679,61,39,22
60QS004680,101,41,60
60QS004681,83,37,46
60QS004682,85,39,46
60QS004683,67,22,45
60QS004684,103,38,65
60QS004685,60,20,40
60QS004686,27,4,23
60QS004687,56,28,28
60QS004688,53,25,28
60QS004689,31,10,21
60QS004690,88,34,54
60QS004691,80,62,18
60QS004692,68,45,23
60QS004693,77,39,38
60QS004694,70,39,31
60QS004695,65,25,40
60QS004696,60,35,25
60QS004697,52,13,39
60QS004698,58,19,39
60QS004699,80,61,19
60QS004700,103,93,10
60QS004701,125,62,63
60QS004702,47,25,22
60QS004703,58,32,26
60QS004704,61,16,45
60QS004705,42,12,30
60QS004706,48,18,30
60QS004707,112,63,49
60QS004708,109,71,38
60QS004709,84,56,28
60QS004710,78,44,34
60QS004711,68,54,14
60QS004712,133,116,17
60QS004713,100,65,35
60QS004714,75,44,31
60QS004715,101,68,33
60QS004716,81,39,42
60QS004717,49,27,22
60QS004718,60,42,18
60QS004719,51,14,37
60QS004720,60,30,30
60QS004721,39,21,18
60QS004722,35,20,15
60QS004723,73,21,52
60QS004724,71,18,53
60QS004725,99,77,22
60QS004726,72,37,35
60QS004727,50,31,19
60QS004728,40,21,19
60QS004729,111,42,69
60QS004730,43,15,28
60QS004731,71,28,43
60QS004732,73,64,9
60QS004733,128,100,28
60QS004734,81,50,31
60QS004735,114,88,26
60QS004736,98,67,31
60QS004737,49,21,28
60QS004738,112,71,41
60QS004739,100,38,62
60QS004740,65,28,37
60QS004741,92,74,18
60QS004742,87,73,14
60QS004743,39,20,19
60QS004744,38,10,28
60QS004745,56,35,21
60QS004746,111,56,55
60QS004747,46,21,25
60QS004748,77,26,51
60QS004749,59,28,31
60QS004750,38,14,24
60QS004751,48,15,33
60QS004752,53,30,23
60QS004753,105,99,6
60QS004754,81,46,35
60QS004755,99,80,19
60QS004756,88,72,16
60QS004757,63,54,9
60QS004758,112,44,68
60QS004759,95,21,74
60QS004760,97,40,57
60QS004761,84,40,44
60QS004762,49,25,24
60QS004763,77,28,49
60QS004764,84,74,10
60QS004765,106,89,17
60QS004766,85,38,47
60QS004767,57,35,22
60QS004768,73,39,34
60QS004769,93,83,10
60QS004770,79,59,20
60QS004771,82,65,17
60QS004772,104,27,77
60QS004773,78,62,16
60QS004774,56,37,19
60QS004775,147,110,37
60QS004776,106,83,23
60QS004777,100,31,69
60QS004778,74,40,34
60QS004779,109,66,43
60QS004780,49,38,11
60QS004781,86,48,38
60QS004782,90,58,32
60QS004783,90,67,23
60QS004784,193,49,144
60QS004785,102,82,20
60QS004786,72,42,30
60QS004787,76,27,49
60QS004788,128,80,48
60QS004789,86,32,54
60QS004790,98,33,65
60QS004791,151,58,93
60QS004792,82,31,51
60QS004793,84,32,52
60QS004794,83,35,48
60QS004795,52,17,35
60QS004796,102,71,31
60QS004797,57,23,34
60QS004798,50,13,37
60QS004799,71,23,48
60QS004800,51,18,33
60QS004801,111,27,84
60QS004802,68,25,43
60QS004803,65,21,44
60QS004804,44,12,32
60QS004805,89,51,38
60QS004806,85,70,15
60QS004807,82,49,33
60QS004808,95,63,32
60QS004809,70,54,16
60QS004810,95,85,10
60QS004811,80,47,33
60QS004812,64,27,37
60QS004813,111,63,48
60QS004814,77,52,25
60QS004815,101,37,64
60QS004816,53,20,33
60QS004817,93,59,34
60QS004818,98,41,57
60QS004819,55,34,21
60QS004820,119,106,13
60QS004821,70,54,16
60QS004822,36,25,11
60QS004823,59,48,11
60QS004824,49,39,10
60QS004825,46,29,17
60QS004826,65,41,24
60QS004827,114,65,49
60QS004828,82,55,27
60QS004829,67,38,29
60QS004830,154,90,64
60QS004831,104,39,65
60QS004832,91,56,35
60QS004833,74,57,17
60QS004834,99,57,42
60QS004835,49,23,26
60QS004836,62,34,28
60QS004837,70,31,39
60QS004838,50,40,10
60QS004839,81,52,29
60QS004840,66,39,27
60QS004841,106,86,20
60QS004842,46,36,10
60QS004843,96,83,13
60QS004844,127,68,59
60QS004845,149,124,25
60QS004846,103,83,20
60QS004847,41,30,11
60QS004848,85,65,20
60QS004849,72,48,24
60QS004850,84,60,24
60QS004851,32,12,20
60QS004852,82,44,38
60QS004853,74,29,45
60QS004854,111,59,52
60QS004855,43,16,27
60QS004856,74,31,43
60QS004857,60,32,28
60QS004858,91,24,67
60QS004859,78,27,51
60QS004860,70,27,43
60QS004861,86,30,56
60QS004862,49,17,32
60QS004863,44,10,34
60QS004864,73,38,35
60QS004865,51,10,41
60QS004866,55,29,26
60QS004867,90,41,49
60QS004868,98,71,27
60QS004869,57,27,30
60QS004870,45,16,29
60QS004871,68,40,28
60QS004872,42,11,31
60QS004873,73,25,48
60QS004874,50,14,36
60QS004875,68,20,48
60QS004876,54,13,41
60QS004877,49,13,36
60QS004878,76,36,40
60QS004879,55,21,34
60QS004880,107,56,51
60QS004881,72,36,36
60QS004882,116,73,43
60QS004883,129,96,33
60QS004884,40,19,21
60QS004885,90,47,43
60QS004886,79,22,57
60QS004887,59,45,14
60QS004888,81,60,21
60QS004889,89,50,39
60QS004890,92,56,36
60QS004891,19,8,11
60QS004892,96,63,33
60QS004893,23,3,20
60QS004894,151,112,39
60QS004895,51,28,23
60QS004896,66,49,17
60QS004897,80,58,22
60QS004898,66,41,25
60QS004899,58,44,14
60QS004900,96,56,40
60QS004901,56,31,25
60QS004902,117,95,22
60QS004903,92,59,33
60QS004904,113,77,36
60QS004905,147,97,50
60QS004906,61,49,12
60QS004907,85,65,20
60QS004908,66,50,16
60QS004909,49,40,9
60QS004910,98,71,27
60QS004911,147,106,41
60QS004912,66,50,16
60QS004913,50,41,9
60QS004914,89,65,24
60QS004915,99,65,34
60QS004916,48,35,13
60QS004917,82,35,47
60QS004918,84,57,27
60QS004919,101,25,76
60QS004920,56,23,33
60QS004921,109,63,46
60QS004922,55,28,27
60QS004923,99,81,18
60QS004924,60,14,46
60QS004925,57,24,33
60QS004926,83,37,46
60QS004927,77,36,41
60QS004928,92,31,61
60QS004929,52,25,27
60QS004930,89,25,64
60QS004931,45,19,26
60QS004932,81,24,57
60QS004933,44,16,28
60QS004934,93,32,61
60QS004935,57,22,35
60QS004936,107,83,24
60QS004937,104,58,46
60QS004938,61,27,34
60QS004939,67,22,45
60QS004940,56,23,33
60QS004941,51,17,34
60QS004942,74,20,54
60QS004943,58,25,33
60QS004944,103,50,53
60QS004945,53,25,28
60QS004946,47,15,32
60QS004947,102,82,20
60QS004948,75,64,11
60QS004949,130,91,39
60QS004950,45,36,9
60QS004951,100,76,24
60QS004952,64,55,9
60QS004953,140,76,64
60QS004954,80,43,37
60QS004955,66,21,45
60QS004956,104,86,18
60QS004957,118,88,30
60QS004958,156,134,22
60QS004959,95,82,13
60QS004960,142,117,25
60QS004961,65,53,12
60QS004962,95,42,53
60QS004963,57,30,27
60QS004964,76,43,33
60QS004965,63,36,27
60QS004966,50,19,31
60QS004967,100,49,51
60QS004968,39,18,21
60QS004969,95,43,52
60QS004970,41,28,13
60QS004971,42,17,25
60QS004972,101,48,53
60QS004973,89,73,16
60QS004974,73,29,44
60QS004975,116,91,25
60QS004976,77,60,17
60QS004977,78,37,41
60QS004978,106,31,75
60QS004979,102,63,39
60QS004980,42,8,34
60QS004981,80,49,31
60QS004982,85,22,63
60QS004983,61,27,34
60QS004984,125,63,62
60QS004985,43,16,27
60QS004986,40,13,27
60QS004987,126,69,57
60QS004988,108,46,62
60QS004989,73,44,29
60QS004990,41,21,20
60QS004991,63,24,39
60QS004992,84,39,45
60QS004993,50,36,14
60QS004994,74,41,33
60QS004995,77,62,15
60QS004996,59,55,4
60QS004997,82,38,44
60QS004998,38,19,19
60QS004999,84,33,51
60QS005000,77,50,27
60QS005001,47,30,17
60QS005002,58,34,24
60QS005003,68,20,48
60QS005004,67,55,12
60QS005005,100,75,25
60QS005006,64,27,37
60QS005007,52,27,25
60QS005008,62,28,34
60QS005009,75,52,23
60QS005010,71,39,32
60QS005011,112,98,14
60QS005012,54,40,14
60QS005013,94,63,31
60QS005014,71,58,13
60QS005015,85,59,26
60QS005016,44,17,27
60QS005017,52,19,33
60QS005018,59,33,26
60QS005019,48,24,24
60QS005020,83,42,41
60QS005021,44,19,25
60QS005022,92,44,48
60QS005023,61,28,33
60QS005024,79,70,9
60QS005025,134,114,20
60QS005026,129,65,64
60QS005027,54,28,26
60QS005028,77,43,34
60QS005029,84,37,47
60QS005030,117,38,79
60QS005031,101,55,46
60QS005032,56,28,28
60QS005033,94,46,48
60QS005034,105,54,51
60QS005035,113,80,33
60QS005036,48,33,15
60QS005037,98,81,17
60QS005038,117,79,38
60QS005039,63,46,17
60QS005040,70,27,43
60QS005041,93,71,22
60QS005042,63,24,39
60QS005043,102,88,14
60QS005044,114,92,22
60QS005045,63,27,36
60QS005046,56,12,44
60QS005047,110,99,11
60QS005048,110,74,36
60QS005049,102,88,14
60QS005050,88,70,18
60QS005051,129,111,18
60QS005052,133,113,20
60QS005053,107,84,23
60QS005054,96,80,16
60QS005055,104,89,15
60QS005056,199,160,39
60QS005057,95,75,20
60QS005058,133,110,23
60QS005059,110,93,17
60QS005060,101,80,21
60QS005061,105,92,13
60QS005062,87,75,12
60QS005063,70,55,15
60QS005064,92,55,37
60QS005065,64,47,17
60QS005066,55,28,27
60QS005067,118,92,26
60QS005068,130,102,28
60QS005069,132,108,24
60QS005070,76,58,18
60QS005071,101,88,13
60QS005072,66,51,15
60QS005073,98,71,27
60QS005074,80,59,21
60QS005075,69,43,26
60QS005076,63,21,42
60QS005077,49,18,31
60QS005078,121,74,47
60QS005079,98,79,19
60QS005080,120,99,21
60QS005081,60,51,9
60QS005082,151,95,56
60QS005083,98,54,44
60QS005084,86,32,54
60QS005085,165,51,114
60QS005086,64,23,41
60QS005087,49,13,36
60QS005088,58,15,43
60QS005089,140,78,62
60QS005090,110,90,20
60QS005091,93,70,23
60QS005092,93,47,46
60QS005093,117,68,49
60QS005094,62,41,21
60QS005095,95,62,33
60QS005096,60,51,9
60QS005097,56,38,18
60QS005098,71,51,20
60QS005099,138,67,71
60QS005100,131,97,34
60QS005101,94,77,17
60QS005102,81,57,24
60QS005103,87,72,15
60QS005104,127,109,18
60QS005105,80,67,13
60QS005106,52,42,10
60QS005107,61,50,11
60QS005108,128,111,17
60QS005109,138,113,25
60QS005110,156,120,36
60QS005111,98,81,17
60QS005112,68,56,12
60QS005113,104,93,11
60QS005114,129,111,18
60QS005115,121,111,10
60QS005116,126,109,17
60QS005117,104,83,21
60QS005118,65,56,9
60QS005119,84,22,62
60QS005120,85,54,31
60QS005121,108,47,61
60QS005122,50,17,33
60QS005123,71,35,36
60QS005124,65,40,25
60QS005125,71,46,25
60QS005126,106,64,42
60QS005127,81,65,16
60QS005128,155,94,61
60QS005129,123,87,36
60QS005130,102,75,27
60QS005131,66,51,15
60QS005132,77,38,39
60QS005133,47,17,30
60QS005134,52,6,46
60QS005135,81,31,50
60QS005136,54,13,41
60QS005137,39,11,28
60QS005138,82,66,16
60QS005139,93,74,19
60QS005140,129,118,11
60QS005141,49,35,14
60QS005142,91,90,1
60QS005143,101,80,21
60QS005144,74,43,31
60QS005145,85,30,55
60QS005146,48,45,3
60QS005147,69,50,19
60QS005148,72,26,46
60QS005149,151,104,47
60QS005150,219,177,42
60QS005151,138,98,40
60QS005152,108,77,31
60QS005153,78,33,45
60QS005154,68,54,14
60QS005155,93,75,18
60QS005156,165,136,29
60QS005157,105,89,16
60QS005158,307,139,168
60QS005159,91,67,24
60QS005160,110,64,46
60QS005161,57,23,34
60QS005162,56,39,17
60QS005163,77,65,12
60QT000001,82,61,21
60QT000002,128,75,53
60QT000003,72,46,26
60QT000004,61,44,17
60QT000005,43,33,10
60QT000006,86,70,16
60QT000007,127,95,32
60QT000008,101,74,27
60QT000009,136,101,35
60QT000010,110,88,22
60QT000011,84,66,18
60QT000012,53,34,19
60QT000013,100,62,38
60QT000014,52,34,18
60QT000015,113,91,22
60QT000016,65,49,16
60QT000017,109,69,40
60QT000018,92,60,32
60QT000019,129,82,47
60QT000020,93,65,28
60QT000021,70,53,17
60QT000022,131,90,41
60QT000023,66,46,20
60QT000024,82,52,30
60QT000025,97,76,21
60QT000026,73,46,27
60QT000027,56,36,20
60QT000028,111,84,27
60QT000029,118,88,30
60QT000030,93,72,21
60QT000031,112,83,29
60QT000032,126,92,34
60QT000033,107,74,33
60QT000034,98,76,22
60QT000035,99,60,39
60QT000036,133,94,39
60QT000037,99,57,42
60QT000038,67,40,27
60QT000039,71,46,25
60QT000040,109,78,31
60QT000041,75,48,27
60QT000042,88,64,24
60QT000043,75,51,24
60QT000044,94,55,39
60QT000045,77,58,19
60QT000046,70,56,14
60QT000047,92,62,30
60QT000048,77,60,17
60QT000049,57,39,18
60QT000050,74,40,34
60QT000051,88,57,31
60QT000052,50,29,21
60QT000053,114,63,51
60QT000054,118,77,41
60QT000055,70,43,27
60QT000056,123,70,53
60QT000057,109,63,46
60QT000058,83,51,32
60QT000059,82,48,34
60QT000060,62,42,20
60QT000061,80,49,31
60QT000062,108,81,27
60QT000063,77,66,11
60QT000064,123,98,25
60QT000065,105,87,18
60QT000066,79,57,22
60QT000067,90,71,19
60QT000068,74,57,17
60QT000069,107,71,36
60QT000070,123,86,37
60QT000071,55,41,14
60QT000072,42,29,13
60QT000073,70,47,23
60QT000074,118,84,34
60QT000075,135,92,43
60QT000076,106,81,25
60QT000077,98,70,28
60QT000078,88,59,29
60QT000079,47,26,21
60QT000080,62,43,19
60QT000081,63,46,17
60QT000082,108,66,42
60QT000083,65,50,15
60QT000084,68,38,30
60QT000085,98,72,26
60QT000086,124,97,27
60QT000087,85,60,25
60QT000088,74,49,25
60QT000089,192,104,88
60QT000090,88,54,34
60QT000091,97,73,24
60QT000092,62,45,17
60QT000093,58,41,17
60QT000094,94,78,16
60QT000095,85,62,23
60QT000096,92,73,19
60QT000097,122,102,20
60QT000098,59,43,16
60QT000099,99,83,16
60QT000100,46,35,11
60QT000101,106,69,37
60QT000102,81,59,22
60QT000103,80,54,26
60QT000104,98,61,37
60QT000105,101,63,38
60QT000106,300,260,40
60QT000107,79,45,34
60QT000108,62,35,27
60QT000109,60,39,21
60QT000110,120,84,36
60QT000111,109,81,28
60QT000112,107,78,29
60QT000113,89,66,23
60QT000114,37,22,15
60QT000115,130,100,30
60QT000116,97,72,25
60QT000117,129,92,37
60QT000118,105,65,40
60QT000119,63,50,13
60QT000120,77,49,28
60QT000121,106,66,40
60QT000122,114,84,30
60QT000123,64,39,25
60QT000124,89,62,27
60QT000125,115,90,25
60QT000126,54,32,22
60QT000127,72,53,19
60QT000128,127,95,32
60QT000129,84,54,30
60QT000130,96,75,21
60QT000131,127,94,33
60QT000132,61,39,22
60QT000133,76,53,23
60QT000134,77,46,31
60QT000135,138,115,23
60QT000136,101,69,32
60QT000137,48,29,19
60QT000138,122,81,41
60QT000139,89,58,31
60QT000140,85,62,23
60QT000141,100,57,43
60QT000142,141,107,34
60QT000143,63,52,11
60QT000144,131,96,35
60QT000145,40,31,9
60QT000146,133,101,32
60QT000147,127,96,31
60QT000148,114,91,23
60QT000149,42,27,15
60QT000150,87,67,20
60QT000151,129,101,28
60QT000152,112,79,33
60QT000153,54,37,17
60QT000154,73,53,20
60QT000155,84,55,29
60QT000156,121,83,38
60QT000157,109,75,34
60QT000158,116,79,37
60QT000159,113,72,41
60QT000160,62,40,22
60QT000161,57,38,19
60QT000162,54,40,14
60QT000163,89,67,22
60QT000164,43,30,13
60QT000165,109,73,36
60QT000166,125,82,43
60QT000167,83,53,30
60QT000168,107,79,28
60QT000169,111,84,27
60QT000170,79,57,22
60QT000171,54,36,18
60QT000172,128,106,22
60QT000173,42,35,7
60QT000174,129,90,39
60QT000175,135,97,38
60QT000176,66,44,22
60QT000177,111,77,34
60QT000178,107,83,24
60QT000179,45,28,17
60QT000180,95,81,14
60QT000181,119,91,28
60QT000182,54,38,16
60QT000183,116,78,38
60QT000184,115,84,31
60QT000185,104,57,47
60QT000186,140,89,51
60QT000187,63,50,13
60QT000188,52,37,15
60QT000189,128,94,34
60QT000190,94,62,32
60QT000191,44,30,14
60QT000192,76,57,19
60QT000193,97,63,34
60QT000194,62,39,23
60QT000195,74,56,18
60QT000196,89,62,27
60QT000197,138,99,39
60QT000198,142,102,40
60QT000199,104,81,23
60QT000200,101,59,42
60QT000201,62,45,17
60QT000202,66,47,19
60QT000203,123,90,33
60QT000204,111,61,50
60QT000205,39,28,11
60QT000206,78,49,29
60QT000207,47,30,17
60QT000208,121,76,45
60QT000209,122,82,40
60QT000210,88,63,25
60QT000211,147,101,46
60QT000212,83,46,37
60QT000213,38,30,8
60QT000214,91,55,36
60QT000215,147,110,37
60QT000216,102,74,28
60QT000217,107,89,18
60QT000218,49,41,8
60QT000219,135,97,38
60QT000220,93,69,24
60QT000221,103,77,26
60QT000222,106,73,33
60QT000223,63,45,18
60QT000224,61,45,16
60QT000225,150,103,47
60QT000226,119,73,46
60QT000227,106,61,45
60QT000228,146,99,47
60QT000229,77,54,23
60QT000230,75,47,28
60QT000231,60,43,17
60QT000232,119,68,51
60QT000233,104,71,33
60QT000234,51,23,28
60QT000235,84,62,22
60QT000236,70,42,28
60QT000237,92,56,36
60QT000238,89,66,23
60QT000239,89,58,31
60QT000240,79,55,24
60QT000241,117,84,33
60QT000242,86,57,29
60QT000243,113,73,40
60QT000244,77,48,29
60QT000245,105,69,36
60QT000246,73,49,24
60QT000247,71,42,29
60QT000248,97,52,45
60QT000249,91,59,32
60QT000250,48,29,19
60QT000251,69,43,26
60QT000252,81,44,37
60QT000253,72,46,26
60QT000254,111,69,42
60QT000255,92,55,37
60QT000256,108,71,37
60QT000257,70,41,29
60QT000258,61,40,21
60QT000259,119,64,55
60QT000260,82,54,28
60QT000261,65,43,22
60QT000262,61,42,19
60QT000263,63,42,21
60QT000264,62,33,29
60QT000265,87,60,27
60QT000266,108,62,46
60QT000267,73,49,24
60QT000268,108,70,38
60QT000269,99,74,25
60QT000270,79,55,24
60QT000271,85,48,37
60QT000272,84,37,47
60QT000273,88,58,30
60QT000274,101,48,53
60QT000275,99,69,30
60QT000276,41,28,13
60QT000277,63,42,21
60QT000278,86,49,37
60QT000279,69,48,21
60QT000280,98,61,37
60QT000281,89,64,25
60QT000282,85,60,25
60QT000283,60,33,27
60QT000284,77,43,34
60QT000285,100,82,18
60QT000286,55,42,13
60QT000287,90,61,29
60QT000288,69,51,18
60QT000289,94,59,35
60QT000290,61,49,12
60QT000291,110,80,30
60QT000292,52,41,11
60QT000293,103,74,29
60QT000294,79,50,29
60QT000295,94,60,34
60QT000296,69,49,20
60QT000297,147,113,34
60QT000298,70,50,20
60QT000299,122,88,34
60QT000300,128,87,41
60QT000301,92,69,23
60QT000302,89,65,24
60QT000303,100,70,30
60QT000304,84,57,27
60QT000305,126,94,32
60QT000306,69,58,11
60QT000307,129,86,43
60QT000308,106,69,37
60QT000309,129,82,47
60QT000310,68,47,21
60QT000311,67,37,30
60QT000312,84,51,33
60QT000313,59,34,25
60QT000314,102,73,29
60QT000315,110,73,37
60QT000316,129,89,40
60QT000317,96,66,30
60QT000318,55,27,28
60QT000319,50,36,14
60QT000320,78,48,30
60QT000321,82,50,32
60QT000322,103,65,38
60QT000323,106,70,36
60QT000324,89,60,29
60QT000325,119,78,41
60QT000326,128,83,45
60QT000327,90,61,29
60QT000328,58,33,25
60QT000329,120,83,37
60QT000330,113,72,41
60QT000331,106,65,41
60QT000332,74,42,32
60QT000333,132,87,45
60QT000334,95,60,35
60QT000335,111,66,45
60QT000336,86,63,23
60QT000337,46,24,22
60QT000338,42,20,22
60QT000339,86,52,34
60QT000340,76,43,33
60QT000341,80,51,29
60QT000342,102,55,47
60QT000343,88,45,43
60QT000344,54,30,24
60QT000345,71,51,20
60QT000346,76,50,26
60QT000347,68,39,29
60QT000348,55,38,17
60QT000349,89,60,29
60QT000350,67,49,18
60QT000351,91,61,30
60QT000352,62,26,36
60QT000353,38,23,15
60QT000354,64,48,16
60QT000355,97,59,38
60QT000356,116,90,26
60QT000357,137,105,32
60QT000358,70,49,21
60QT000359,63,35,28
60QT000360,112,75,37
60QT000361,98,54,44
60QT000362,118,82,36
60QT000363,103,50,53
60QT000364,82,46,36
60QT000365,67,42,25
60QT000366,61,38,23
60QT000367,97,56,41
60QT000368,58,28,30
60QT000369,92,46,46
60QT000370,94,49,45
60QT000371,92,52,40
60QT000372,61,35,26
60QT000373,98,52,46
60QT000374,47,29,18
60QT000375,58,32,26
60QT000376,109,75,34
60QT000377,88,64,24
60QT000378,60,40,20
60QT000379,111,81,30
60QT000380,37,27,10
60QT000381,82,61,21
60QT000382,85,61,24
60QT000383,83,50,33
60QT000384,68,51,17
60QT000385,107,65,42
60QT000386,76,48,28
60QT000387,100,60,40
60QT000388,122,91,31
60QT000389,71,34,37
60QT000390,72,46,26
60QT000391,57,35,22
60QT000392,77,52,25
60QT000393,83,51,32
60QT000394,50,25,25
60QT000395,54,37,17
60QT000396,61,44,17
60QT000397,69,51,18
60QT000398,104,78,26
60QT000399,91,59,32
60QT000400,93,57,36
60QT000401,66,41,25
60QT000402,100,77,23
60QT000403,80,53,27
60QT000404,77,69,8
60QT000405,133,93,40
60QT000406,111,88,23
60QT000407,90,74,16
60QT000408,81,66,15
60QT000409,110,86,24
60QT000410,90,65,25
60QT000411,98,66,32
60QT000412,70,60,10
60QT000413,98,73,25
60QT000414,81,61,20
60QT000415,89,63,26
60QT000416,128,75,53
60QT000417,79,46,33
60QT000418,69,39,30
60QT000419,71,40,31
60QT000420,75,50,25
60QT000421,93,63,30
60QT000422,90,53,37
60QT000423,38,17,21
60QT000424,80,54,26
60QT000425,97,51,46
60QT000426,72,51,21
60QT000427,153,101,52
60QT000428,98,54,44
60QT000429,44,27,17
60QT000430,87,64,23
60QT000431,92,68,24
60QT000432,69,50,19
60QT000433,71,51,20
60QT000434,70,55,15
60QT000435,93,65,28
60QT000436,47,36,11
60QT000437,104,70,34
60QT000438,93,60,33
60QT000439,61,39,22
60QT000440,94,59,35
60QT000441,135,93,42
60QT000442,88,67,21
60QT000443,100,68,32
60QT000444,91,63,28
60QT000445,100,64,36
60QT000446,63,43,20
60QT000447,111,81,30
60QT000448,112,90,22
60QT000449,107,79,28
60QT000450,77,53,24
60QT000451,68,40,28
60QT000452,87,59,28
60QT000453,103,86,17
60QT000454,78,49,29
60QT000455,78,46,32
60QT000456,88,50,38
60QT000457,65,41,24
60QT000458,132,84,48
60QT000459,150,116,34
60QT000460,106,78,28
60QT000461,146,94,52
60QT000462,53,28,25
60QT000463,75,56,19
60QT000464,109,74,35
60QT000465,94,72,22
60QT000466,86,67,19
60QT000467,53,37,16
60QT000468,120,82,38
60QT000469,130,94,36
60QT000470,93,45,48
60QT000471,125,96,29
60QT000472,108,80,28
60QT000473,116,75,41
60QT000474,151,103,48
60QT000475,95,70,25
60QT000476,93,62,31
60QT000477,103,77,26
60QT000478,82,56,26
60QT000479,124,99,25
60QT000480,90,65,25
60QT000481,103,60,43
60QT000482,77,53,24
60QT000483,88,54,34
60QT000484,109,72,37
60QT000485,75,49,26
60QT000486,75,54,21
60QT000487,73,61,12
60QT000488,64,50,14
60QT000489,62,46,16
60QT000490,103,72,31
60QT000491,68,54,14
60QT000492,63,46,17
60QT000493,94,73,21
60QT000494,93,60,33
60QT000495,82,39,43
60QT000496,58,42,16
60QT000497,70,50,20
60QT000498,95,67,28
60QT000499,104,72,32
60QT000500,85,62,23
60QT000501,107,68,39
60QT000502,125,75,50
60QT000503,82,59,23
60QT000504,93,70,23
60QT000505,46,25,21
60QT000506,67,52,15
60QT000507,126,90,36
60QT000508,55,35,20
60QT000509,56,39,17
60QT000510,101,73,28
60QT000511,47,25,22
60QT000512,90,56,34
60QT000513,92,56,36
60QT000514,59,38,21
60QT000515,95,65,30
60QT000516,48,37,11
60QT000517,79,46,33
60QT000518,74,64,10
60QT000519,67,46,21
60QT000520,86,64,22
60QT000521,116,85,31
60QT000522,68,54,14
60QT000523,112,98,14
60QT000524,128,86,42
60QT000525,89,70,19
60QT000526,34,7,27
60QT000527,162,124,38
60QT000528,80,41,39
60QT000529,61,34,27
60QT000530,88,57,31
60QT000531,118,82,36
60QT000532,102,64,38
60QT000533,78,65,13
60QT000534,63,34,29
60QT000535,47,21,26
60QT000536,75,44,31
60QT000537,109,71,38
60QT000538,72,55,17
60QT000539,58,41,17
60QT000540,132,93,39
60QT000541,72,56,16
60QT000542,179,87,92
60QT000543,64,48,16
60QT000544,81,53,28
60QT000545,134,98,36
60QT000546,123,84,39
60QT000547,76,63,13
60QT000548,52,39,13
60QT000549,59,45,14
60QT000550,75,58,17
60QT000551,61,39,22
60QT000552,95,74,21
60QT000553,83,60,23
60QT000554,61,38,23
60QT000555,78,43,35
60QT000556,86,63,23
60QT000557,45,25,20
60QT000558,99,64,35
60QT000559,98,78,20
60QT000560,84,56,28
60QT000561,118,66,52
60QT000562,111,72,39
60QT000563,109,72,37
60QT000564,71,48,23
60QT000565,134,90,44
60QT000566,96,72,24
60QT000567,114,93,21
60QT000568,67,52,15
60QT000569,69,54,15
60QT000570,84,60,24
60QT000571,48,34,14
60QT000572,120,86,34
60QT000573,73,51,22
60QT000574,65,51,14
60QT000575,245,184,61
60QT000576,79,61,18
60QT000577,85,62,23
60QT000578,97,71,26
60QT000579,107,81,26
60QT000580,93,70,23
60QT000581,87,69,18
60QT000582,127,93,34
60QT000583,117,87,30
60QT000584,152,120,32
60QT000585,75,64,11
60QT000586,53,40,13
60QT000587,96,83,13
60QT000588,89,74,15
60QT000589,118,96,22
60QT000590,54,43,11
60QT000591,105,82,23
60QT000592,108,88,20
60QT000593,144,121,23
60QT000594,96,84,12
60QT000595,114,80,34
60QT000596,139,109,30
60QT000597,94,61,33
60QT000598,84,64,20
60QT000599,106,98,8
60QT000600,69,45,24
60QT000601,92,57,35
60QT000602,36,25,11
60QT000603,114,80,34
60QT000604,69,46,23
60QT000605,92,55,37
60QT000606,53,31,22
60QT000607,36,20,16
60QT000608,64,45,19
60QT000609,78,63,15
60QT000610,93,57,36
60QT000611,83,50,33
60QT000612,85,55,30
60QT000613,81,49,32
60QT000614,64,45,19
60QT000615,72,45,27
60QT000616,85,63,22
60QT000617,77,54,23
60QT000618,76,42,34
60QT000619,84,64,20
60QT000620,80,55,25
60QT000621,138,99,39
60QT000622,110,88,22
60QT000623,116,78,38
60QT000624,83,49,34
60QT000625,48,33,15
60QT000626,74,51,23
60QT000627,136,94,42
60QT000628,54,34,20
60QT000629,45,23,22
60QT000630,80,38,42
60QT000631,80,59,21
60QT000632,72,43,29
60QT000633,73,49,24
60QT000634,60,33,27
60QT000635,85,77,8
60QT000636,67,40,27
60QT000637,137,96,41
60QT000638,127,80,47
60QT000639,110,74,36
60QT000640,106,70,36
60QT000641,66,47,19
60QT000642,60,34,26
60QT000643,91,56,35
60QT000644,53,24,29
60QT000645,99,57,42
60QT000646,76,48,28
60QT000647,75,57,18
60QT000648,62,31,31
60QT000649,132,91,41
60QT000650,38,25,13
60QT000651,59,36,23
60QT000652,89,59,30
60QT000653,96,69,27
60QT000654,106,67,39
60QT000655,79,57,22
60QT000656,79,59,20
60QT000657,83,65,18
60QT000658,72,55,17
60QT000659,64,51,13
60QT000660,53,21,32
60QT000661,62,43,19
60QT000662,63,33,30
60QT000663,73,53,20
60QT000664,56,48,8
60QT000665,93,80,13
60QT000666,79,38,41
60QT000667,93,59,34
60QT000668,138,87,51
60QT000669,141,86,55
60QT000670,92,56,36
60QT000671,77,50,27
60QT000672,72,50,22
60QT000673,110,92,18
60QT000674,110,76,34
60QT000675,75,47,28
60QT000676,96,56,40
60QT000677,84,45,39
60QT000678,66,25,41
60QT000679,78,42,36
60QT000680,109,85,24
60QT000681,64,31,33
60QT000682,134,78,56
60QT000683,91,51,40
60QT000684,69,31,38
60QT000685,64,22,42
60QT000686,89,56,33
60QT000687,71,39,32
60QT000688,77,43,34
60QT000689,67,43,24
60QT000690,71,53,18
60QT000691,67,34,33
60QT000692,68,41,27
60QT000693,70,49,21
60QT000694,96,59,37
60QT000695,113,72,41
60QT000696,54,22,32
60QT000697,51,29,22
60QT000698,140,98,42
60QT000699,86,42,44
60QT000700,94,60,34
60QT000701,40,23,17
60QT000702,85,62,23
60QT000703,84,68,16
60QT000704,89,47,42
60QT000705,95,72,23
60QT000706,100,75,25
60QT000707,89,62,27
60QT000708,45,33,12
60QT000709,82,65,17
60QT000710,49,43,6
60QT000711,115,75,40
60QT000712,103,78,25
60QT000713,50,33,17
60QT000714,66,41,25
60QT000715,54,25,29
60QT000716,71,35,36
60QT000717,92,56,36
60QT000718,71,47,24
60QT000719,117,92,25
60QT000720,130,83,47
60QT000721,62,49,13
60QT000722,86,55,31
60QT000723,153,120,33
60QT000724,111,74,37
60QT000725,114,80,34
60QT000726,134,113,21
60QT000727,67,61,6
60QT000728,97,60,37
60QT000729,106,80,26
60QT000730,133,108,25
60QT000731,115,90,25
60QT000732,141,115,26
60QT000733,140,99,41
60QT000734,137,107,30
60QT000735,111,84,27
60QT000736,115,86,29
60QT000737,46,38,8
60QT000738,65,34,31
60QT000739,109,89,20
60QT000740,120,87,33
60QT000741,45,40,5
60QT000742,102,74,28
60QT000743,63,48,15
60QT000744,184,149,35
60QT000745,104,86,18
60QT000746,84,46,38
60QT000747,78,39,39
60QT000748,75,48,27
60QT000749,98,49,49
60QT000750,93,59,34
60QT000751,80,43,37
60QT000752,64,32,32
60QT000753,58,22,36
60QT000754,90,45,45
60QT000755,43,23,20
60QT000756,46,26,20
60QT000757,76,35,41
60QT000758,52,26,26
60QT000759,104,58,46
60QT000760,76,45,31
60QT000761,73,57,16
60QT000762,60,40,20
60QT000763,98,72,26
60QT000764,76,52,24
60QT000765,78,31,47
60QT000766,60,29,31
60QT000767,83,57,26
60QT000768,76,37,39
60QT000769,49,17,32
60QT000770,51,20,31
60QT000771,74,51,23
60QT000772,89,42,47
60QT000773,45,24,21
60QT000774,142,77,65
60QT000775,59,44,15
60QT000776,113,93,20
60QT000777,99,76,23
60QT000778,97,75,22
60QT000779,49,37,12
60QT000780,64,47,17
60QT000781,72,53,19
60QT000782,90,55,35
60QT000783,138,91,47
60QT000784,72,49,23
60QT000785,85,52,33
60QT000786,62,48,14
60QT000787,127,86,41
60QT000788,87,60,27
60QT000789,146,115,31
60QT000790,134,101,33
60QT000791,75,58,17
60QT000792,83,60,23
60QT000793,98,80,18
60QT000794,139,94,45
60QT000795,47,33,14
60QT000796,87,64,23
60QT000797,79,53,26
60QT000798,33,19,14
60QT000799,111,91,20
60QT000800,87,55,32
60QT000801,65,37,28
60QT000802,50,36,14
60QT000803,90,61,29
60QT000804,46,34,12
60QT000805,63,43,20
60QT000806,92,76,16
60QT000807,86,56,30
60QT000808,82,57,25
60QT000809,83,55,28
60QT000810,45,35,10
60QT000811,108,64,44
60QT000812,132,86,46
60QT000813,52,43,9
60QT000814,69,46,23
60QT000815,116,85,31
60QT000816,43,27,16
60QT000817,110,67,43
60QT000818,99,75,24
60QT000819,119,88,31
60QT000820,107,67,40
60QT000821,85,53,32
60QT000822,101,74,27
60QT000823,101,84,17
60QT000824,84,60,24
60QT000825,67,53,14
60QT000826,173,137,36
60QT000827,61,51,10
60QT000828,63,53,10
60QT000829,57,54,3
60QT000830,98,84,14
60QT000831,48,38,10
60QT000832,97,84,13
60QT000833,136,111,25
60QT000834,108,97,11
60QT000835,83,64,19
60QT000836,138,103,35
60QT000837,137,97,40
60QT000838,136,102,34
60QT000839,120,93,27
60QT000840,101,80,21
60QT000841,95,68,27
60QT000842,135,103,32
60QT000843,135,95,40
60QT000844,85,55,30
60QT000845,101,75,26
60QT000846,94,62,32
60QT000847,93,59,34
60QT000848,116,72,44
60QT000849,109,80,29
60QT000850,127,91,36
60QT000851,105,74,31
60QT000852,138,99,39
60QT000853,46,30,16
60QT000854,96,65,31
60QT000855,112,66,46
60QT000856,105,74,31
60QT000857,74,57,17
60QT000858,163,103,60
60QT000859,97,59,38
60QT000860,109,65,44
60QT000861,151,99,52
60QT000862,66,38,28
60QT000863,93,52,41
60QT000864,105,66,39
60QT000865,106,56,50
60QT000866,82,52,30
60QT000867,129,96,33
60QT000868,130,86,44
60QT000869,83,54,29
60QT000870,84,56,28
60QT000871,42,25,17
60QT000872,80,57,23
60QT000873,127,92,35
60QT000874,74,58,16
60QT000875,104,67,37
60QT000876,117,73,44
60QT000877,101,83,18
60QT000878,82,46,36
60QT000879,79,57,22
60QT000880,88,66,22
60QT000881,81,53,28
60QT000882,83,68,15
60QT000883,146,101,45
60QT000884,88,60,28
60QT000885,79,50,29
60QT000886,70,42,28
60QT000887,66,31,35
60QT000888,122,94,28
60QT000889,109,73,36
60QT000890,107,70,37
60QT000891,122,84,38
60QT000892,178,125,53
60QT000893,90,59,31
60QT000894,77,34,43
60QT000895,87,70,17
60QT000896,96,66,30
60QT000897,90,60,30
60QT000898,87,63,24
60QT000899,109,77,32
60QT000900,73,44,29
60QT000901,114,74,40
60QT000902,124,83,41
60QT000903,116,77,39
60QT000904,80,56,24
60QT000905,112,78,34
60QT000906,92,63,29
60QT000907,84,66,18
60QT000908,74,39,35
60QT000909,47,27,20
60QT000910,107,71,36
60QT000911,72,43,29
60QT000912,108,74,34
60QT000913,52,30,22
60QT000914,55,36,19
60QT000915,67,45,22
60QT000916,65,27,38
60QT000917,99,67,32
60QT000918,86,70,16
60QT000919,90,65,25
60QT000920,67,50,17
60QT000921,69,48,21
60QT000922,64,48,16
60QT000923,76,52,24
60QT000924,73,40,33
60QT000925,82,52,30
60QT000926,71,44,27
60QT000927,53,35,18
60QT000928,87,64,23
60QT000929,98,65,33
60QT000930,108,66,42
60QT000931,70,37,33
60QT000932,71,43,28
60QT000933,101,73,28
60QT000934,73,53,20
60QT000935,41,35,6
60QT000936,120,78,42
60QT000937,72,41,31
60QT000938,106,63,43
60QT000939,146,93,53
60QT000940,85,47,38
60QT000941,103,50,53
60QT000942,73,41,32
60QT000943,78,47,31
60QT000944,68,43,25
60QT000945,50,27,23
60QT000946,90,55,35
60QT000947,57,38,19
60QT000948,48,32,16
60QT000949,121,69,52
60QT000950,97,59,38
60QT000951,109,73,36
60QT000952,80,51,29
60QT000953,68,39,29
60QT000954,127,90,37
60QT000955,118,69,49
60QT000956,89,58,31
60QT000957,99,68,31
60QT000958,71,38,33
60QT000959,121,75,46
60QT000960,100,53,47
60QT000961,83,50,33
60QT000962,146,102,44
60QT000963,93,63,30
60QT000964,105,67,38
60QT000965,92,67,25
60QT000966,93,71,22
60QT000967,90,54,36
60QT000968,58,37,21
60QT000969,67,44,23
60QT000970,80,50,30
60QT000971,83,55,28
60QT000972,48,23,25
60QT000973,90,68,22
60QT000974,76,50,26
60QT000975,94,68,26
60QT000976,80,52,28
60QT000977,103,78,25
60QT000978,44,32,12
60QT000979,99,49,50
60QT000980,87,58,29
60QT000981,71,47,24
60QT000982,93,57,36
60QT000983,48,22,26
60QT000984,100,70,30
60QT000985,75,45,30
60QT000986,119,80,39
60QT000987,128,83,45
60QT000988,184,140,44
60QT000989,176,140,36
60QT000990,73,48,25
60QT000991,78,59,19
60QT000992,142,91,51
60QT000993,126,81,45
60QT000994,86,64,22
60QT000995,135,97,38
60QT000996,78,42,36
60QT000997,98,49,49
60QT000998,71,36,35
60QT000999,99,56,43
60QT001000,79,47,32
60QT001001,98,50,48
60QT001002,92,46,46
60QT001003,79,38,41
60QT001004,89,55,34
60QT001005,143,103,40
60QT001006,122,92,30
60QT001007,125,79,46
60QT001008,91,51,40
60QT001009,98,55,43
60QT001010,47,31,16
60QT001011,111,84,27
60QT001012,139,110,29
60QT001013,111,67,44
60QT001014,83,57,26
60QT001015,76,44,32
60QT001016,74,57,17
60QT001017,80,42,38
60QT001018,111,80,31
60QT001019,108,68,40
60QT001020,93,61,32
60QT001021,126,94,32
60QT001022,68,44,24
60QT001023,88,65,23
60QT001024,44,21,23
60QT001025,60,30,30
60QT001026,62,38,24
60QT001027,76,36,40
60QT001028,67,40,27
60QT001029,111,59,52
60QT001030,74,51,23
60QT001031,95,57,38
60QT001032,80,51,29
60QT001033,75,57,18
60QT001034,112,81,31
60QT001035,93,59,34
60QT001036,122,78,44
60QT001037,83,43,40
60QT001038,52,34,18
60QT001039,89,56,33
60QT001040,126,80,46
60QT001041,87,52,35
60QT001042,146,91,55
60QT001043,82,49,33
60QT001044,137,90,47
60QT001045,79,49,30
60QT001046,76,38,38
60QT001047,64,38,26
60QT001048,82,46,36
60QT001049,75,39,36
60QT001050,92,52,40
60QT001051,81,62,19
60QT001052,82,64,18
60QT001053,97,66,31
60QT001054,91,58,33
60QT001055,67,42,25
60QT001056,42,25,17
60QT001057,79,57,22
60QT001058,121,74,47
60QT001059,60,38,22
60QT001060,74,38,36
60QT001061,84,44,40
60QT001062,81,42,39
60QT001063,85,54,31
60QT001064,93,54,39
60QT001065,100,53,47
60QT001066,67,26,41
60QT001067,114,63,51
60QT001068,61,36,25
60QT001069,111,64,47
60QT001070,70,50,20
60QT001071,72,46,26
60QT001072,76,45,31
60QT001073,90,61,29
60QT001074,61,33,28
60QT001075,91,55,36
60QT001076,74,43,31
60QT001077,122,76,46
60QT001078,75,39,36
60QT001079,72,34,38
60QT001080,86,62,24
60QT001081,86,65,21
60QT001082,79,43,36
60QT001083,110,69,41
60QT001084,98,64,34
60QT001085,81,54,27
60QT001086,43,32,11
60QT001087,67,36,31
60QT001088,51,36,15
60QT001089,95,68,27
60QT001090,90,58,32
60QT001091,37,24,13
60QT001092,87,57,30
60QT001093,53,25,28
60QT001094,84,41,43
60QT001095,52,25,27
60QT001096,114,84,30
60QT001097,108,70,38
60QT001098,53,36,17
60QT001099,131,100,31
60QT001100,86,60,26
60QT001101,100,68,32
60QT001102,53,42,11
60QT001103,56,39,17
60QT001104,68,49,19
60QT001105,106,58,48
60QT001106,77,40,37
60QT001107,92,50,42
60QT001108,38,23,15
60QT001109,135,96,39
60QT001110,83,53,30
60QT001111,81,48,33
60QT001112,63,38,25
60QT001113,57,26,31
60QT001114,70,35,35
60QT001115,64,35,29
60QT001116,69,34,35
60QT001117,96,62,34
60QT001118,55,33,22
60QT001119,85,52,33
60QT001120,76,48,28
60QT001121,80,53,27
60QT001122,72,42,30
60QT001123,105,62,43
60QT001124,74,45,29
60QT001125,102,71,31
60QT001126,137,104,33
60QT001127,101,64,37
60QT001128,116,68,48
60QT001129,95,50,45
60QT001130,79,34,45
60QT001131,87,63,24
60QT001132,95,75,20
60QT001133,118,83,35
60QT001134,140,89,51
60QT001135,153,126,27
60QT001136,52,33,19
60QT001137,91,71,20
60QT001138,72,50,22
60QT001139,71,51,20
60QT001140,60,48,12
60QT001141,93,64,29
60QT001142,88,66,22
60QT001143,68,46,22
60QT001144,96,43,53
60QT001145,96,56,40
60QT001146,102,80,22
60QT001147,111,81,30
60QT001148,109,67,42
60QT001149,133,92,41
60QT001150,99,53,46
60QT001151,93,56,37
60QT001152,96,62,34
60QT001153,79,53,26
60QT001154,75,49,26
60QT001155,102,65,37
60QT001156,94,51,43
60QT001157,82,53,29
60QT001158,100,69,31
60QT001159,76,46,30
60QT001160,79,53,26
60QT001161,96,71,25
60QT001162,48,35,13
60QT001163,113,77,36
60QT001164,103,69,34
60QT001165,104,81,23
60QT001166,97,77,20
60QT001167,102,73,29
60QT001168,80,61,19
60QT001169,72,51,21
60QT001170,75,51,24
60QT001171,91,65,26
60QT001172,99,78,21
60QT001173,91,59,32
60QT001174,68,49,19
60QT001175,101,71,30
60QT001176,78,54,24
60QT001177,69,42,27
60QT001178,81,62,19
60QT001179,84,58,26
60QT001180,134,95,39
60QT001181,102,69,33
60QT001182,47,33,14
60QT001183,79,53,26
60QT001184,47,35,12
60QT001185,83,60,23
60QT001186,81,58,23
60QT001187,57,32,25
60QT001188,102,64,38
60QT001189,57,33,24
60QT001190,83,56,27
60QT001191,104,59,45
60QT001192,70,38,32
60QT001193,50,40,10
60QT001194,126,79,47
60QT001195,75,44,31
60QT001196,81,52,29
60QT001197,85,56,29
60QT001198,71,51,20
60QT001199,55,46,9
60QT001200,87,65,22
60QT001201,74,43,31
60QT001202,69,49,20
60QT001203,76,50,26
60QT001204,65,42,23
60QT001205,81,45,36
60QT001206,95,64,31
60QT001207,88,76,12
60QT001208,76,53,23
60QT001209,88,56,32
60QT001210,84,49,35
60QT001211,155,120,35
60QT001212,83,35,48
60QT001213,49,32,17
60QT001214,42,24,18
60QT001215,61,40,21
60QT001216,78,36,42
60QT001217,103,54,49
60QT001218,48,31,17
60QT001219,70,44,26
60QT001220,108,71,37
60QT001221,50,32,18
60QT001222,55,41,14
60QT001223,98,72,26
60QT001224,126,95,31
60QT001225,77,56,21
60QT001226,57,33,24
60QT001227,74,43,31
60QT001228,50,30,20
60QT001229,27,11,16
60QT001230,80,47,33
60QT001231,73,56,17
60QT001232,82,65,17
60QT001233,44,37,7
60QT001234,62,33,29
60QT001235,51,28,23
60QT001236,85,53,32
60QT001237,48,29,19
60QT001238,85,56,29
60QT001239,37,29,8
60QT001240,132,109,23
60QT001241,52,48,4
60QT001242,41,28,13
60QT001243,110,87,23
60QT001244,69,34,35
60QT001245,43,19,24
60QT001246,65,42,23
60QT001247,111,88,23
60QT001248,113,90,23
60QT001249,73,52,21
60QT001250,33,22,11
60QT001251,66,43,23
60QT001252,104,77,27
60QT001253,58,45,13
60QT001254,89,64,25
60QT001255,91,63,28
60QT001256,99,60,39
60QT001257,73,50,23
60QT001258,54,38,16
60QT001259,44,26,18
60QT001260,67,41,26
60QT001261,42,27,15
60QT001262,51,33,18
60QT001263,79,60,19
60QT001264,106,79,27
60QT001265,83,51,32
60QT001266,66,60,6
60QT001267,67,50,17
60QT001268,88,59,29
60QT001269,41,31,10
60QT001270,68,52,16
60QT001271,101,70,31
60QT001272,128,82,46
60QT001273,67,45,22
60QT001274,62,28,34
60QT001275,74,54,20
60QT001276,88,40,48
60QT001277,57,35,22
60QT001278,52,22,30
60QT001279,97,67,30
60QT001280,44,34,10
60QT001281,52,39,13
60QT001282,63,39,24
60QT001283,74,50,24
60QT001284,54,25,29
60QT001285,36,27,9
60QT001286,40,30,10
60QT001287,92,70,22
60QT001288,52,39,13
60QT001289,112,74,38
60QT001290,73,38,35
60QT001291,67,40,27
60QT001292,114,79,35
60QT001293,89,69,20
60QT001294,91,71,20
60QT001295,61,35,26
60QT001296,92,54,38
60QT001297,81,56,25
60QT001298,52,30,22
60QT001299,85,32,53
60QT001300,110,70,40
60QT001301,87,53,34
60QT001302,70,45,25
60QT001303,60,32,28
60QT001304,66,44,22
60QT001305,70,43,27
60QT001306,97,71,26
60QT001307,73,45,28
60QT001308,63,46,17
60QT001309,38,33,5
60QT001310,49,23,26
60QT001311,104,64,40
60QT001312,82,54,28
60QT001313,86,62,24
60QT001314,63,42,21
60QT001315,65,41,24
60QT001316,83,48,35
60QT001317,75,61,14
60QT001318,45,34,11
60QT001319,45,32,13
60QT001320,64,52,12
60QT001321,69,44,25
60QT001322,82,57,25
60QT001323,140,113,27
60QT001324,115,75,40
60QT001325,96,63,33
60QT001326,99,82,17
60QT001327,54,39,15
60QT001328,57,39,18
60QT001329,68,55,13
60QT001330,46,33,13
60QT001331,47,40,7
60QT001332,69,44,25
60QT001333,55,43,12
60QT001334,67,53,14
60QT001335,108,81,27
60QT001336,83,57,26
60QT001337,46,17,29
60QT001338,71,38,33
60QT001339,51,23,28
60QT001340,80,64,16
60QT001341,96,54,42
60QT001342,54,42,12
60QT001343,48,33,15
60QT001344,93,58,35
60QT001345,124,79,45
60QT001346,91,70,21
60QT001347,91,65,26
60QT001348,63,44,19
60QT001349,126,97,29
60QT001350,96,67,29
60QT001351,88,57,31
60QT001352,41,23,18
60QT001353,57,39,18
60QT001354,76,42,34
60QT001355,80,57,23
60QT001356,67,54,13
60QT001357,65,46,19
60QT001358,47,32,15
60QT001359,89,55,34
60QT001360,56,38,18
60QT001361,73,45,28
60QT001362,62,44,18
60QT001363,60,34,26
60QT001364,89,51,38
60QT001365,38,21,17
60QT001366,66,44,22
60QT001367,68,57,11
60QT001368,49,38,11
60QT001369,117,60,57
60QT001370,52,37,15
60QT001371,99,65,34
60QT001372,84,60,24
60QT001373,80,54,26
60QT001374,61,42,19
60QT001375,47,33,14
60QT001376,46,36,10
60QT001377,69,55,14
60QT001378,56,36,20
60QT001379,128,105,23
60QT001380,47,37,10
60QT001381,117,92,25
60QT001382,169,150,19
60QT001383,44,26,18
60QT001384,78,46,32
60QT001385,68,45,23
60QT001386,54,36,18
60QT001387,45,35,10
60QT001388,59,26,33
60QT001389,71,43,28
60QT001390,64,40,24
60QT001391,70,54,16
60QT001392,50,34,16
60QT001393,109,72,37
60QT001394,58,40,18
60QT001395,116,74,42
60QT001396,43,32,11
60QT001397,78,52,26
60QT001398,42,31,11
60QT001399,92,72,20
60QT001400,69,62,7
60QT001401,65,48,17
60QT001402,106,71,35
60QT001403,122,72,50
60QT001404,60,45,15
60QT001405,97,53,44
60QT001406,52,27,25
60QT001407,71,41,30
60QT001408,71,51,20
60QT001409,105,91,14
60QT001410,83,65,18
60QT001411,88,71,17
60QT001412,85,60,25
60QT001413,112,91,21
60QT001414,49,34,15
60QT001415,117,83,34
60QT001416,84,60,24
60QT001417,50,32,18
60QT001418,103,71,32
60QT001419,45,37,8
60QT001420,188,124,64
60QT001421,76,52,24
60QT001422,96,66,30
60QT001423,75,52,23
60QT001424,71,47,24
60QT001425,89,67,22
60QT001426,67,56,11
60QT001427,131,92,39
60QT001428,50,40,10
60QT001429,97,61,36
60QT001430,80,55,25
60QT001431,104,65,39
60QT001432,83,47,36
60QT001433,73,55,18
60QT001434,110,70,40
60QT001435,114,88,26
60QT001436,98,75,23
60QT001437,159,126,33
60QT001438,98,88,10
60QT001439,146,110,36
60QT001440,79,55,24
60QT001441,70,55,15
60QT001442,97,70,27
60QT001443,52,37,15
60QT001444,91,58,33
60QT001445,83,62,21
60QT001446,65,40,25
60QT001447,83,52,31
60QT001448,106,76,30
60QT001449,66,47,19
60QT001450,98,59,39
60QT001451,59,44,15
60QT001452,55,39,16
60QT001453,135,90,45
60QT001454,48,28,20
60QT001455,79,49,30
60QT001456,87,66,21
60QT001457,81,58,23
60QT001458,120,86,34
60QT001459,55,39,16
60QT001460,93,71,22
60QT001461,43,32,11
60QT001462,72,55,17
60QT001463,106,67,39
60QT001464,159,106,53
60QT001465,80,54,26
60QT001466,59,35,24
60QT001467,96,64,32
60QT001468,62,42,20
60QT001469,181,125,56
60QT001470,110,70,40
60QT001471,72,50,22
60QT001472,123,98,25
60QT001473,112,80,32
60QT001474,91,57,34
60QT001475,78,50,28
60QT001476,56,40,16
60QT001477,148,107,41
60QT001478,86,62,24
60QT001479,157,102,55
60QT001480,130,90,40
60QT001481,76,48,28
60QT001482,91,67,24
60QT001483,108,82,26
60QT001484,60,39,21
60QT001485,179,114,65
60QT001486,88,60,28
60QT001487,100,65,35
60QT001488,80,59,21
60QT001489,51,33,18
60QT001490,155,116,39
60QT001491,63,46,17
60QT001492,121,88,33
60QT001493,125,93,32
60QT001494,86,63,23
60QT001495,143,96,47
60QT001496,102,83,19
60QT001497,109,71,38
60QT001498,57,40,17
60QT001499,77,53,24
60QT001500,81,56,25
60QT001501,94,56,38
60QT001502,73,44,29
60QT001503,70,45,25
60QT001504,78,60,18
60QT001505,82,58,24
60QT001506,87,64,23
60QT001507,152,103,49
60QT001508,83,68,15
60QT001509,95,76,19
60QT001510,95,65,30
60QT001511,120,64,56
60QT001512,66,49,17
60QT001513,90,67,23
60QT001514,75,53,22
60QT001515,52,27,25
60QT001516,81,48,33
60QT001517,56,41,15
60QT001518,75,43,32
60QT001519,72,45,27
60QT001520,67,48,19
60QT001521,66,40,26
60QT001522,67,39,28
60QT001523,61,36,25
60QT001524,61,30,31
60QT001525,72,49,23
60QT001526,87,55,32
60QT001527,75,48,27
60QT001528,71,53,18
60QT001529,77,45,32
60QT001530,81,51,30
60QT001531,107,73,34
60QT001532,65,49,16
60QT001533,79,46,33
60QT001534,88,64,24
60QT001535,58,42,16
60QT001536,127,74,53
60QT001537,53,42,11
60QT001538,79,50,29
60QT001539,76,61,15
60QT001540,67,51,16
60QT001541,5,2,3
60QT001542,163,123,40
60QT001543,56,42,14
60QT001544,151,114,37
60QT001545,88,57,31
60QT001546,68,46,22
60QT001547,70,48,22
60QT001548,61,43,18
60QT001549,148,94,54
60QT001550,172,125,47
60QT001551,70,44,26
60QT001552,87,69,18
60QT001553,94,76,18
60QT001554,46,39,7
60QT001555,97,76,21
60QT001556,69,48,21
60QT001557,57,49,8
60QT001558,78,55,23
60QT001559,111,78,33
60QT001560,83,48,35
60QT001561,73,50,23
60QT001562,92,57,35
60QT001563,55,34,21
60QT001564,71,63,8
60QT001565,63,51,12
60QT001566,136,117,19
60QT001567,73,67,6
60QT001568,52,42,10
60QT001569,68,50,18
60QT001570,100,79,21
60QT001571,65,58,7
60QT001572,139,115,24
60QT001573,136,100,36
60QT001574,106,92,14
60QT001575,56,51,5
60QT001576,117,106,11
60QT001577,158,133,25
60QT001578,62,42,20
60QT001579,84,48,36
60QT001580,179,132,47
60QT001581,55,35,20
60QT001582,71,47,24
60QT001583,102,80,22
60QT001584,124,102,22
60QT001585,101,65,36
60QT001586,42,34,8
60QT001587,84,69,15
60QT001588,95,31,64
60QT001589,66,51,15
60QT001590,72,52,20
60QT001591,77,37,40
60QT001592,74,51,23
60QT001593,84,60,24
60QT001594,77,58,19
60QT001595,52,34,18
60QT001596,152,105,47
60QT001597,117,77,40
60QT001598,71,36,35
60QT001599,80,56,24
60QT001600,89,43,46
60QT001601,53,35,18
60QT001602,85,46,39
60QT001603,53,43,10
60QT001604,89,67,22
60QT001605,47,34,13
60QT001606,79,62,17
60QT001607,61,46,15
60QT001608,99,72,27
60QT001609,106,81,25
60QT001610,64,52,12
60QT001611,125,80,45
60QT001612,65,51,14
60QT001613,124,93,31
60QT001614,129,89,40
60QT001615,75,31,44
60QT001616,48,25,23
60QT001617,65,45,20
60QT001618,80,52,28
60QT001619,72,34,38
60QT001620,55,31,24
60QT001621,72,61,11
60QT001622,128,107,21
60QT001623,119,87,32
60QT001624,97,73,24
60QT001625,55,48,7
60QT001626,62,43,19
60QT001627,100,75,25
60QT001628,67,59,8
60QT001629,112,77,35
60QT001630,64,43,21
60QT001631,78,51,27
60QT001632,82,58,24
60QT001633,94,70,24
60QT001634,39,26,13
60QT001635,42,20,22
60QT001636,126,96,30
60QT001637,37,32,5
60QT001638,85,60,25
60QT001639,87,67,20
60QT001640,97,67,30
60QT001641,81,67,14
60QT001642,62,51,11
60QT001643,66,58,8
60QT001644,89,77,12
60QT001645,111,91,20
60QT001646,142,117,25
60QT001647,103,73,30
60QT001648,101,76,25
60QT001649,68,42,26
60QT001650,83,80,3
60QT001651,114,90,24
60QT001652,95,91,4
60QT001653,78,47,31
60QT001654,100,68,32
60QT001655,137,94,43
60QT001656,79,57,22
60QT001657,71,59,12
60QT001658,88,63,25
60QT001659,58,30,28
60QT001660,113,87,26
60QT001661,44,26,18
60QT001662,65,28,37
60QT001663,79,45,34
60QT001664,123,76,47
60QT001665,89,59,30
60QT001666,55,43,12
60QT001667,119,82,37
60QT001668,70,45,25
60QT001669,74,46,28
60QT001670,106,67,39
60QT001671,50,47,3
60QT001672,72,45,27
60QT001673,44,31,13
60QT001674,101,52,49
60QT001675,54,36,18
60QT001676,115,79,36
60QT001677,100,81,19
60QT001678,61,47,14
60QT001679,144,102,42
60QT001680,85,66,19
60QT001681,77,69,8
60QT001682,94,57,37
60QT001683,44,23,21
60QT001684,99,67,32
60QT001685,53,27,26
60QT001686,48,21,27
60QT001687,81,52,29
60QT001688,78,58,20
60QT001689,117,87,30
60QT001690,72,51,21
60QT001691,79,60,19
60QT001692,96,62,34
60QT001693,55,34,21
60QT001694,106,60,46
60QT001695,53,39,14
60QT001696,112,71,41
60QT001697,100,61,39
60QT001698,118,92,26
60QT001699,107,70,37
60QT001700,48,28,20
60QT001701,78,50,28
60QT001702,70,51,19
60QT001703,125,85,40
60QT001704,89,59,30
60QT001705,52,38,14
60QT001706,92,57,35
60QT001707,49,31,18
60QT001708,48,29,19
60QT001709,141,96,45
60QT001710,99,73,26
60QT001711,52,37,15
60QT001712,65,36,29
60QT001713,57,35,22
60QT001714,84,52,32
60QT001715,68,55,13
60QT001716,139,81,58
60QT001717,184,135,49
60QT001718,153,102,51
60QT001719,85,52,33
60QT001720,97,67,30
60QT001721,95,66,29
60QT001722,202,137,65
60QT001723,122,86,36
60QT001724,298,219,79
60QT001725,218,89,129
60QT001726,66,44,22
60QT001727,98,77,21
60QT001728,74,58,16
60QT001729,80,68,12
60QT001730,91,68,23
60QT001731,134,117,17
60QT001732,60,38,22
60QT001733,58,49,9
60QT001734,70,55,15
60QT001735,119,85,34
60QT001736,75,47,28
60QT001737,39,23,16
60QT001738,89,59,30
60QT001739,83,64,19
60QT001740,80,48,32
60QT001741,90,60,30
60QT001742,81,60,21
60QT001743,92,62,30
60QT001744,73,54,19
60QT001745,77,59,18
60QT001746,49,35,14
60QT001747,92,65,27
60QT001748,76,53,23
60QT001749,126,96,30
60QT001750,85,66,19
60QT001751,109,90,19
60QU000001,50,39,11
60QU000002,99,46,53
60QU000003,183,91,92
60QU000004,116,61,55
60QU000005,54,33,21
60QU000006,81,60,21
60QU000007,128,78,50
60QU000008,119,82,37
60QU000009,141,103,38
60QU000010,107,75,32
60QU000011,118,89,29
60QU000012,142,106,36
60QU000013,106,66,40
60QU000014,105,88,17
60QU000015,88,53,35
60QU000016,100,64,36
60QU000017,120,77,43
60QU000018,109,70,39
60QU000019,122,80,42
60QU000020,48,33,15
60QU000021,32,19,13
60QU000022,155,117,38
60QU000023,108,77,31
60QU000024,74,46,28
60QU000025,104,51,53
60QU000026,95,54,41
60QU000027,64,42,22
60QU000028,143,100,43
60QU000029,51,26,25
60QU000030,91,62,29
60QU000031,54,35,19
60QU000032,74,59,15
60QU000033,94,63,31
60QU000034,82,61,21
60QU000035,39,20,19
60QU000036,87,64,23
60QU000037,82,60,22
60QU000038,127,114,13
60QU000039,90,74,16
60QU000040,121,84,37
60QU000041,144,118,26
60QU000042,109,88,21
60QU000043,56,39,17
60QU000044,122,83,39
60QU000045,112,81,31
60QU000046,55,26,29
60QU000047,109,80,29
60QU000048,97,38,59
60QU000049,94,54,40
60QU000050,140,89,51
60QU000051,125,87,38
60QU000052,83,58,25
60QU000053,137,102,35
60QU000054,82,52,30
60QU000055,134,79,55
60QU000056,107,66,41
60QU000057,89,49,40
60QU000058,88,54,34
60QU000059,110,68,42
60QU000060,93,62,31
60QU000061,75,45,30
60QU000062,104,73,31
60QU000063,87,61,26
60QU000064,76,45,31
60QU000065,78,44,34
60QU000066,70,39,31
60QU000067,66,47,19
60QU000068,79,36,43
60QU000069,73,45,28
60QU000070,82,46,36
60QU000071,64,37,27
60QU000072,93,62,31
60QU000073,61,43,18
60QU000074,62,49,13
60QU000075,99,58,41
60QU000076,66,53,13
60QU000077,48,33,15
60QU000078,94,67,27
60QU000079,62,33,29
60QU000080,40,22,18
60QU000081,65,49,16
60QU000082,100,64,36
60QU000083,102,67,35
60QU000084,102,80,22
60QU000085,93,67,26
60QU000086,85,56,29
60QU000087,103,67,36
60QU000088,63,36,27
60QU000089,106,70,36
60QU000090,63,29,34
60QU000091,74,42,32
60QU000092,100,60,40
60QU000093,79,63,16
60QU000094,82,58,24
60QU000095,48,21,27
60QU000096,56,35,21
60QU000097,134,98,36
60QU000098,87,60,27
60QU000099,99,68,31
60QU000100,45,16,29
60QU000101,49,9,40
60QU000102,69,49,20
60QU000103,56,37,19
60QU000104,86,53,33
60QU000105,109,78,31
60QU000106,128,65,63
60QU000107,135,84,51
60QU000108,159,97,62
60QU000109,78,46,32
60QU000110,92,78,14
60QU000111,100,81,19
60QU000112,109,61,48
60QU000113,109,90,19
60QU000114,84,74,10
60QU000115,101,64,37
60QU000116,60,51,9
60QU000117,50,41,9
60QU000118,54,36,18
60QU000119,159,115,44
60QU000120,92,60,32
60QU000121,55,26,29
60QU000122,87,53,34
60QU000123,83,67,16
60QU000124,92,49,43
60QU000125,74,12,62
60QU000126,72,23,49
60QU000127,106,53,53
60QU000128,80,24,56
60QU000129,74,31,43
60QU000130,57,26,31
60QU000131,57,23,34
60QU000132,43,14,29
60QU000133,63,21,42
60QU000134,113,66,47
60QU000135,79,34,45
60QU000136,71,41,30
60QU000137,74,42,32
60QU000138,134,84,50
60QU000139,139,92,47
60QU000140,100,46,54
60QU000141,104,61,43
60QU000142,79,42,37
60QU000143,69,31,38
60QU000144,93,61,32
60QU000145,83,52,31
60QU000146,60,25,35
60QU000147,79,52,27
60QU000148,105,66,39
60QU000149,66,27,39
60QU000150,27,3,24
60QU000151,91,43,48
60QU000152,53,27,26
60QU000153,97,46,51
60QU000154,79,43,36
60QU000155,61,23,38
60QU000156,64,30,34
60QU000157,56,21,35
60QU000158,97,45,52
60QU000159,106,78,28
60QU000160,102,55,47
60QU000161,114,76,38
60QU000162,91,40,51
60QU000163,75,47,28
60QU000164,51,34,17
60QU000165,38,24,14
60QU000166,72,26,46
60QU000167,49,25,24
60QU000168,67,25,42
60QU000169,53,26,27
60QU000170,58,20,38
60QU000171,61,27,34
60QU000172,51,22,29
60QU000173,102,53,49
60QU000174,95,47,48
60QU000175,92,54,38
60QU000176,62,36,26
60QU000177,135,107,28
60QU000178,85,39,46
60QU000179,72,57,15
60QU000180,64,50,14
60QU000181,81,41,40
60QU000182,104,64,40
60QU000183,78,40,38
60QU000184,62,56,6
60QU000185,126,107,19
60QU000186,84,43,41
60QU000187,37,21,16
60QU000188,76,41,35
60QU000189,54,28,26
60QU000190,51,29,22
60QU000191,104,75,29
60QU000192,101,68,33
60QU000193,91,46,45
60QU000194,60,46,14
60QU000195,58,39,19
60QU000196,105,81,24
60QU000197,54,35,19
60QU000198,65,38,27
60QU000199,78,42,36
60QU000200,109,79,30
60QU000201,94,55,39
60QU000202,106,72,34
60QU000203,68,35,33
60QU000204,118,52,66
60QU000205,77,38,39
60QU000206,62,17,45
60QU000207,90,26,64
60QU000208,48,17,31
60QU000209,64,41,23
60QU000210,109,70,39
60QU000211,49,34,15
60QU000212,58,29,29
60QU000213,54,39,15
60QU000214,43,14,29
60QU000215,115,86,29
60QU000216,102,52,50
60QU000217,94,49,45
60QU000218,71,36,35
60QU000219,85,54,31
60QU000220,90,45,45
60QU000221,47,25,22
60QU000222,45,20,25
60QU000223,62,25,37
60QU000224,84,54,30
60QU000225,69,25,44
60QU000226,60,23,37
60QU000227,57,18,39
60QU000228,47,16,31
60QU000229,48,18,30
60QU000230,118,65,53
60QU000231,54,9,45
60QU000232,43,18,25
60QU000233,50,21,29
60QU000234,75,26,49
60QU000235,88,37,51
60QU000236,92,54,38
60QU000237,99,51,48
60QU000238,48,20,28
60QU000239,57,11,46
60QU000240,91,62,29
60QU000241,101,76,25
60QU000242,70,33,37
60QU000243,105,52,53
60QU000244,79,40,39
60QU000245,68,21,47
60QU000246,67,33,34
60QU000247,79,52,27
60QU000248,80,36,44
60QU000249,84,34,50
60QU000250,73,33,40
60QU000251,72,30,42
60QU000252,76,37,39
60QU000253,49,22,27
60QU000254,59,25,34
60QU000255,47,16,31
60QU000256,111,67,44
60QU000257,44,16,28
60QU000258,82,40,42
60QU000259,98,45,53
60QU000260,130,80,50
60QU000261,35,12,23
60QU000262,47,19,28
60QU000263,129,85,44
60QU000264,94,49,45
60QU000265,43,30,13
60QU000266,42,10,32
60QU000267,134,70,64
60QU000268,105,57,48
60QU000269,115,53,62
60QU000270,102,51,51
60QU000271,50,36,14
60QU000272,66,35,31
60QU000273,56,28,28
60QU000274,71,31,40
60QU000275,141,81,60
60QU000276,111,74,37
60QU000277,60,32,28
60QU000278,108,58,50
60QU000279,81,43,38
60QU000280,115,60,55
60QU000281,111,76,35
60QU000282,72,41,31
60QU000283,75,42,33
60QU000284,74,53,21
60QU000285,83,38,45
60QU000286,53,33,20
60QU000287,103,71,32
60QU000288,113,67,46
60QU000289,92,37,55
60QU000290,112,70,42
60QU000291,85,57,28
60QU000292,85,47,38
60QU000293,94,61,33
60QU000294,70,51,19
60QU000295,68,50,18
60QU000296,112,74,38
60QU000297,130,101,29
60QU000298,79,55,24
60QU000299,51,35,16
60QU000300,108,83,25
60QU000301,67,47,20
60QU000302,89,55,34
60QU000303,57,39,18
60QU000304,41,29,12
60QU000305,54,45,9
60QU000306,73,51,22
60QU000307,80,65,15
60QU000308,82,66,16
60QU000309,103,70,33
60QU000310,137,83,54
60QU000311,82,62,20
60QU000312,98,78,20
60QU000313,120,79,41
60QU000314,93,60,33
60QU000315,74,48,26
60QU000316,118,85,33
60QU000317,100,70,30
60QU000318,84,61,23
60QU000319,102,65,37
60QU000320,96,58,38
60QU000321,85,66,19
60QU000322,77,23,54
60QU000323,63,44,19
60QU000324,122,95,27
60QU000325,105,56,49
60QU000326,44,20,24
60QU000327,69,43,26
60QU000328,103,79,24
60QU000329,123,81,42
60QU000330,73,44,29
60QU000331,76,51,25
60QU000332,101,69,32
60QU000333,117,83,34
60QU000334,103,77,26
60QU000335,96,71,25
60QU000336,108,74,34
60QU000337,66,55,11
60QU000338,112,78,34
60QU000339,79,52,27
60QU000340,94,62,32
60QU000341,77,60,17
60QU000342,117,102,15
60QU000343,98,69,29
60QU000344,40,24,16
60QU000345,78,43,35
60QU000346,71,52,19
60QU000347,75,57,18
60QU000348,74,62,12
60QU000349,53,34,19
60QU000350,70,43,27
60QU000351,80,45,35
60QU000352,58,41,17
60QU000353,72,43,29
60QU000354,89,40,49
60QU000355,81,43,38
60QU000356,101,80,21
60QU000357,68,47,21
60QU000358,72,43,29
60QU000359,93,71,22
60QU000360,85,66,19
60QU000361,42,24,18
60QU000362,86,34,52
60QU000363,182,68,114
60QU000364,86,57,29
60QU000365,84,53,31
60QU000366,86,35,51
60QU000367,91,49,42
60QU000368,61,43,18
60QU000369,64,35,29
60QU000370,54,18,36
60QU000371,60,34,26
60QU000372,99,44,55
60QU000373,84,43,41
60QU000374,94,54,40
60QU000375,41,25,16
60QU000376,57,27,30
60QU000377,47,19,28
60QU000378,54,30,24
60QU000379,134,111,23
60QU000380,98,63,35
60QU000381,121,91,30
60QU000382,82,46,36
60QU000383,76,45,31
60QU000384,150,81,69
60QU000385,113,80,33
60QU000386,102,54,48
60QU000387,86,52,34
60QU000388,101,69,32
60QU000389,129,76,53
60QU000390,123,94,29
60QU000391,92,52,40
60QU000392,96,69,27
60QU000393,81,48,33
60QU000394,140,89,51
60QU000395,115,61,54
60QU000396,116,61,55
60QU000397,51,24,27
60QU000398,107,61,46
60QU000399,95,59,36
60QU000400,102,66,36
60QU000401,122,75,47
60QU000402,83,44,39
60QU000403,86,44,42
60QU000404,115,76,39
60QU000405,85,49,36
60QU000406,70,41,29
60QU000407,101,49,52
60QU000408,78,46,32
60QU000409,87,42,45
60QU000410,92,57,35
60QU000411,95,59,36
60QU000412,99,53,46
60QU000413,88,45,43
60QU000414,93,46,47
60QU000415,124,86,38
60QU000416,85,50,35
60QU000417,126,89,37
60QU000418,78,54,24
60QU000419,119,66,53
60QU000420,61,32,29
60QU000421,81,50,31
60QU000422,53,30,23
60QU000423,152,80,72
60QU000424,93,51,42
60QU000425,88,50,38
60QU000426,123,82,41
60QU000427,63,35,28
60QU000428,113,61,52
60QU000429,91,43,48
60QU000430,101,51,50
60QU000431,124,105,19
60QU000432,145,122,23
60QU000433,147,129,18
60QU000434,105,44,61
60QU000435,106,78,28
60QU000436,58,47,11
60QU000437,90,44,46
60QU000438,79,47,32
60QU000439,114,93,21
60QU000440,113,73,40
60QU000441,132,102,30
60QU000442,108,76,32
60QU000443,84,46,38
60QU000444,107,58,49
60QU000445,111,85,26
60QU000446,30,6,24
60QU000447,28,6,22
60QU000448,62,34,28
60QU000449,68,17,51
60QU000450,34,12,22
60QU000451,32,4,28
60QU000452,75,35,40
60QU000453,51,28,23
60QU000454,85,50,35
60QU000455,78,39,39
60QU000456,136,79,57
60QU000457,104,61,43
60QU000458,142,84,58
60QU000459,111,69,42
60QU000460,97,58,39
60QU000461,77,31,46
60QU000462,106,79,27
60QU000463,118,88,30
60QU000464,119,99,20
60QU000465,149,96,53
60QU000466,103,80,23
60QU000467,90,70,20
60QU000468,115,80,35
60QU000469,100,56,44
60QU000470,139,101,38
60QU000471,54,37,17
60QU000472,115,99,16
60QU000473,76,28,48
60QU000474,124,93,31
60QU000475,44,29,15
60QU000476,163,98,65
60QU000477,106,57,49
60QU000478,73,47,26
60QU000479,88,49,39
60QU000480,79,46,33
60QU000481,91,55,36
60QU000482,88,54,34
60QU000483,87,41,46
60QU000484,103,35,68
60QU000485,77,65,12
60QU000486,85,53,32
60QU000487,62,36,26
60QU000488,48,25,23
60QU000489,60,34,26
60QU000490,97,55,42
60QU000491,66,41,25
60QU000492,162,107,55
60QU000493,149,98,51
60QU000494,73,42,31
60QU000495,99,48,51
60QU000496,95,49,46
60QU000497,76,22,54
60QU000498,75,46,29
60QU000499,83,40,43
60QU000500,82,50,32
60QU000501,103,51,52
60QU000502,96,53,43
60QU000503,67,40,27
60QU000504,93,61,32
60QU000505,109,58,51
60QU000506,70,45,25
60QU000507,81,38,43
60QU000508,82,48,34
60QU000509,96,48,48
60QU000510,70,39,31
60QU000511,75,43,32
60QU000512,81,45,36
60QU000513,107,58,49
60QU000514,98,55,43
60QU000515,102,54,48
60QU000516,95,54,41
60QU000517,80,44,36
60QU000518,56,25,31
60QU000519,102,56,46
60QU000520,77,43,34
60QU000521,98,49,49
60QU000522,89,39,50
60QU000523,98,48,50
60QU000524,129,81,48
60QU000525,84,54,30
60QU000526,63,22,41
60QU000527,76,34,42
60QU000528,109,46,63
60QU000529,59,32,27
60QU000530,119,68,51
60QU000531,115,54,61
60QU000532,84,47,37
60QU000533,94,58,36
60QU000534,86,58,28
60QU000535,91,56,35
60QU000536,75,41,34
60QU000537,79,43,36
60QU000538,48,17,31
60QU000539,45,16,29
60QU000540,56,21,35
60QU000541,46,17,29
60QU000542,39,10,29
60QU000543,49,26,23
60QU000544,108,89,19
60QU000545,83,59,24
60QU000546,48,22,26
60QU000547,112,74,38
60QU000548,72,45,27
60QU000549,50,37,13
60QU000550,53,29,24
60QU000551,44,9,35
60QU000552,41,12,29
60QU000553,82,54,28
60QU000554,57,32,25
60QU000555,53,33,20
60QU000556,110,62,48
60QU000557,52,26,26
60QU000558,66,31,35
60QU000559,45,25,20
60QU000560,51,25,26
60QU000561,52,18,34
60QU000562,81,37,44
60QU000563,84,46,38
60QU000564,94,82,12
60QU000565,75,38,37
60QU000566,43,25,18
60QU000567,51,31,20
60QU000568,75,45,30
60QU000569,56,24,32
60QU000570,67,49,18
60QU000571,109,62,47
60QU000572,89,37,52
60QU000573,38,8,30
60QU000574,77,39,38
60QU000575,74,32,42
60QU000576,50,21,29
60QU000577,78,43,35
60QU000578,90,53,37
60QU000579,90,63,27
60QU000580,48,27,21
60QU000581,63,52,11
60QU000582,60,44,16
60QU000583,103,58,45
60QU000584,52,36,16
60QU000585,35,28,7
60QU000586,95,59,36
60QU000587,49,24,25
60QU000588,95,73,22
60QU000589,43,24,19
60QU000590,48,24,24
60QU000591,81,56,25
60QU000592,71,49,22
60QU000593,43,24,19
60QU000594,48,23,25
60QU000595,127,92,35
60QU000596,77,45,32
60QU000597,52,15,37
60QU000598,62,40,22
60QU000599,78,49,29
60QU000600,53,9,44
60QU000601,102,60,42
60QU000602,82,57,25
60QU000603,67,49,18
60QU000604,74,53,21
60QU000605,94,48,46
60QU000606,75,50,25
60QU000607,51,34,17
60QU000608,42,23,19
60QU000609,57,43,14
60QU000610,133,84,49
60QU000611,97,62,35
60QU000612,56,35,21
60QU000613,93,75,18
60QU000614,60,49,11
60QU000615,58,19,39
60QU000616,49,11,38
60QU000617,62,22,40
60QU000618,44,20,24
60QU000619,58,23,35
60QU000620,52,27,25
60QU000621,75,55,20
60QU000622,91,52,39
60QU000623,66,42,24
60QU000624,104,61,43
60QU000625,140,115,25
60QU000626,58,46,12
60QU000627,69,42,27
60QU000628,92,48,44
60QU000629,41,28,13
60QU000630,211,119,92
60QU000631,138,103,35
60QU000632,58,43,15
60QU000633,107,89,18
60QU000634,119,102,17
60QU000635,90,81,9
60QU000636,129,103,26
60QU000637,65,42,23
60QU000638,122,98,24
60QU000639,87,69,18
60QU000640,104,62,42
60QU000641,61,38,23
60QU000642,89,46,43
60QU000643,48,23,25
60QU000644,64,41,23
60QU000645,60,36,24
60QU000646,154,102,52
60QU000647,155,121,34
60QU000648,108,81,27
60QU000649,83,61,22
60QU000650,82,49,33
60QU000651,71,49,22
60QU000652,64,41,23
60QU000653,134,92,42
60QU000654,55,39,16
60QU000655,75,41,34
60QU000656,67,39,28
60QU000657,66,24,42
60QU000658,45,25,20
60QU000659,81,43,38
60QU000660,40,28,12
60QU000661,59,27,32
60QU000662,107,88,19
60QU000663,46,42,4
60QU000664,84,60,24
60QU000665,111,88,23
60QU000666,184,101,83
60QU000667,75,55,20
60QU000668,146,128,18
60QU000669,126,109,17
60QU000670,113,84,29
60QU000671,46,12,34
60QU000672,57,31,26
60QU000673,41,13,28
60QU000674,58,38,20
60QU000675,78,62,16
60QU000676,133,86,47
60QU000677,139,87,52
60QU000678,124,79,45
60QU000679,109,87,22
60QU000680,60,49,11
60QU000681,93,74,19
60QU000682,64,36,28
60QU000683,106,64,42
60QU000684,55,33,22
60QU000685,101,72,29
60QU000686,137,119,18
60QU000687,97,80,17
60QU000688,63,26,37
60QU000689,109,97,12
60QU000690,125,95,30
60QU000691,136,102,34
60QU000692,69,34,35
60QU000693,94,49,45
60QU000694,65,32,33
60QU000695,84,41,43
60QU000696,67,47,20
60QU000697,50,32,18
60QU000698,99,51,48
60QU000699,85,35,50
60QU000700,54,40,14
60QU000701,62,51,11
60QU000702,108,60,48
60QU000703,117,58,59
60QU000704,83,59,24
60QU000705,60,34,26
60QU000706,103,70,33
60QU000707,122,73,49
60QU000708,79,57,22
60QU000709,103,54,49
60QU000710,50,26,24
60QU000711,47,24,23
60QU000712,112,63,49
60QU000713,63,29,34
60QU000714,89,56,33
60QU000715,124,47,77
60QU000716,149,54,95
60QU000717,57,48,9
60QU000718,141,118,23
60QU000719,180,143,37
60QU000720,120,103,17
60QU000721,113,103,10
60QW000001,98,81,17
60QW000002,155,100,55
60QW000003,48,31,17
60QW000004,41,26,15
60QW000005,112,67,45
60QW000006,101,74,27
60QW000007,115,93,22
60QW000008,106,63,43
60QW000009,50,40,10
60QW000010,71,47,24
60QW000011,66,45,21
60QW000012,111,73,38
60QW000013,52,37,15
60QW000014,78,56,22
60QW000015,90,67,23
60QW000016,51,37,14
60QW000017,57,41,16
60QW000018,67,52,15
60QW000019,72,45,27
60QW000020,105,79,26
60QW000021,112,81,31
60QW000022,56,38,18
60QW000023,66,45,21
60QW000024,110,92,18
60QW000025,69,52,17
60QW000026,31,19,12
60QW000027,78,64,14
60QW000028,123,107,16
60QW000029,144,128,16
60QW000030,153,120,33
60QW000031,117,78,39
60QW000032,119,77,42
60QW000033,54,24,30
60QW000034,61,23,38
60QW000035,85,66,19
60QW000036,64,42,22
60QW000037,69,34,35
60QW000038,86,56,30
60QW000039,108,85,23
60QW000040,143,110,33
60QW000041,70,44,26
60QW000042,144,122,22
60QW000043,79,57,22
60QW000044,72,56,16
60QW000045,86,67,19
60QW000046,125,79,46
60QW000047,153,99,54
60QW000048,128,80,48
60QW000049,95,51,44
60QW000050,97,65,32
60QW000051,76,45,31
60QW000052,79,53,26
60QW000053,146,104,42
60QW000054,98,82,16
60QW000055,117,78,39
60QW000056,172,135,37
60QW000057,57,40,17
60QW000058,65,45,20
60QW000059,98,53,45
60QW000060,83,51,32
60QW000061,78,45,33
60QW000062,64,41,23
60QW000063,122,87,35
60QW000064,89,65,24
60QW000065,76,54,22
60QW000066,98,82,16
60QW000067,92,68,24
60QW000068,122,91,31
60QW000069,128,96,32
60QW000070,112,88,24
60QW000071,112,86,26
60QW000072,95,82,13
60QW000073,113,89,24
60QW000074,125,100,25
60QW000075,61,49,12
60QW000076,47,43,4
60QW000077,110,90,20
60QW000078,87,71,16
60QW000079,70,52,18
60QW000080,91,59,32
60QW000081,59,37,22
60QW000082,73,49,24
60QW000083,77,53,24
60QW000084,80,60,20
60QW000085,81,40,41
60QW000086,63,38,25
60QW000087,87,68,19
60QW000088,87,67,20
60QW000089,98,74,24
60QW000090,127,99,28
60QW000091,82,59,23
60QW000092,112,75,37
60QW000093,91,69,22
60QW000094,78,49,29
60QW000095,126,102,24
60QW000096,114,93,21
60QW000097,107,86,21
60QW000098,103,65,38
60QW000099,111,80,31
60QW000100,131,87,44
60QW000101,98,63,35
60QW000102,90,61,29
60QW000103,95,72,23
60QW000104,68,40,28
60QW000105,88,61,27
60QW000106,126,96,30
60QW000107,86,59,27
60QW000108,81,55,26
60QW000109,127,94,33
60QW000110,99,80,19
60QW000111,111,71,40
60QW000112,83,59,24
60QW000113,159,134,25
60QW000114,148,114,34
60QW000115,86,51,35
60QW000116,74,36,38
60QW000117,70,43,27
60QW000118,68,39,29
60QW000119,78,54,24
60QW000120,102,71,31
60QW000121,62,39,23
60QW000122,72,50,22
60QW000123,110,86,24
60QW000124,75,54,21
60QW000125,99,63,36
60QW000126,80,46,34
60QW000127,111,79,32
60QW000128,64,33,31
60QW000129,71,40,31
60QW000130,134,83,51
60QW000131,131,88,43
60QW000132,53,27,26
60QW000133,113,55,58
60QW000134,95,47,48
60QW000135,85,55,30
60QW000136,68,56,12
60QW000137,83,42,41
60QW000138,58,54,4
60QW000139,28,11,17
60QW000140,67,39,28
60QW000141,86,61,25
60QW000142,90,56,34
60QW000143,115,72,43
60QW000144,92,53,39
60QW000145,110,70,40
60QW000146,92,60,32
60QW000147,88,56,32
60QW000148,106,75,31
60QW000149,90,49,41
60QW000150,72,52,20
60QW000151,93,64,29
60QW000152,90,51,39
60QW000153,56,37,19
60QW000154,91,76,15
60QW000155,116,104,12
60QW000156,93,68,25
60QW000157,93,84,9
60QW000158,128,107,21
60QW000159,109,95,14
60QW000160,104,89,15
60QW000161,123,101,22
60QW000162,86,55,31
60QW000163,110,72,38
60QW000164,73,46,27
60QW000165,65,43,22
60QW000166,101,79,22
60QW000167,100,78,22
60QW000168,111,84,27
60QW000169,63,30,33
60QW000170,108,88,20
60QW000171,62,35,27
60QW000172,86,71,15
60QW000173,99,85,14
60QW000174,68,48,20
60QW000175,63,55,8
60QW000176,78,68,10
60QW000177,108,89,19
60QW000178,48,27,21
60QW000179,118,82,36
60QW000180,46,32,14
60QW000181,36,27,9
60QW000182,111,97,14
60QW000183,51,42,9
60QW000184,113,83,30
60QW000185,163,128,35
60QW000186,71,39,32
60QW000187,89,64,25
60QW000188,136,106,30
60QW000189,77,46,31
60QW000190,136,112,24
60QW000191,116,78,38
60QW000192,139,102,37
60QW000193,140,101,39
60QW000194,132,97,35
60QW000195,87,57,30
60QW000196,115,67,48
60QW000197,75,43,32
60QW000198,77,45,32
60QW000199,70,51,19
60QW000200,65,41,24
60QW000201,49,33,16
60QW000202,42,33,9
60QW000203,84,51,33
60QW000204,90,53,37
60QW000205,110,74,36
60QW000206,66,41,25
60QW000207,84,46,38
60QW000208,40,29,11
60QW000209,89,63,26
60QW000210,57,32,25
60QW000211,72,53,19
60QW000212,48,28,20
60QW000213,118,72,46
60QW000214,89,54,35
60QW000215,117,80,37
60QW000216,90,58,32
60QW000217,77,53,24
60QW000218,56,33,23
60QW000219,69,51,18
60QW000220,73,49,24
60QW000221,96,73,23
60QW000222,117,77,40
60QW000223,107,76,31
60QW000224,83,58,25
60QW000225,77,53,24
60QW000226,72,39,33
60QW000227,102,74,28
60QW000228,102,62,40
60QW000229,88,54,34
60QW000230,123,83,40
60QW000231,69,49,20
60QW000232,76,48,28
60QW000233,88,52,36
60QW000234,94,45,49
60QW000235,93,55,38
60QW000236,90,56,34
60QW000237,58,37,21
60QW000238,29,14,15
60QW000239,59,52,7
60QW000240,51,31,20
60QW000241,71,54,17
60QW000242,71,50,21
60QW000243,80,46,34
60QW000244,97,68,29
60QW000245,119,84,35
60QW000246,101,72,29
60QW000247,73,58,15
60QW000248,99,71,28
60QW000249,87,58,29
60QW000250,160,135,25
60QW000251,142,114,28
60QW000252,110,80,30
60QW000253,132,100,32
60QW000254,99,80,19
60QW000255,143,84,59
60QW000256,109,60,49
60QW000257,78,49,29
60QW000258,74,43,31
60QW000259,82,48,34
60QW000260,91,63,28
60QW000261,98,80,18
60QW000262,81,61,20
60QW000263,99,73,26
60QW000264,150,119,31
60QW000265,112,84,28
60QW000266,105,73,32
60QW000267,90,75,15
60QW000268,99,89,10
60QW000269,53,38,15
60QW000270,113,83,30
60QW000271,63,40,23
60QW000272,78,39,39
60QW000273,36,19,17
60QW000274,63,28,35
60QW000275,55,35,20
60QW000276,47,30,17
60QW000277,100,68,32
60QW000278,85,51,34
60QW000279,102,54,48
60QW000280,86,54,32
60QW000281,65,42,23
60QW000282,84,50,34
60QW000283,75,41,34
60QW000284,101,72,29
60QW000285,80,35,45
60QW000286,83,51,32
60QW000287,53,36,17
60QW000288,75,35,40
60QW000289,115,70,45
60QW000290,89,54,35
60QW000291,63,44,19
60QW000292,93,58,35
60QW000293,67,46,21
60QW000294,117,69,48
60QW000295,92,71,21
60QW000296,103,66,37
60QW000297,80,45,35
60QW000298,86,62,24
60QW000299,84,54,30
60QW000300,66,41,25
60QW000301,102,48,54
60QW000302,72,39,33
60QW000303,95,58,37
60QW000304,81,48,33
60QW000305,68,39,29
60QW000306,79,52,27
60QW000307,75,44,31
60QW000308,91,63,28
60QW000309,110,82,28
60QW000310,107,71,36
60QW000311,100,75,25
60QW000312,101,69,32
60QW000313,128,88,40
60QW000314,92,55,37
60QW000315,46,28,18
60QW000316,101,73,28
60QW000317,124,83,41
60QW000318,109,79,30
60QW000319,112,90,22
60QW000320,129,88,41
60QW000321,71,44,27
60QW000322,138,111,27
60QW000323,75,56,19
60QW000324,72,59,13
60QW000325,103,79,24
60QW000326,94,54,40
60QW000327,83,45,38
60QW000328,96,64,32
60QW000329,102,70,32
60QW000330,81,68,13
60QW000331,55,44,11
60QW000332,77,60,17
60QW000333,93,46,47
60QW000334,107,64,43
60QW000335,89,63,26
60QW000336,71,52,19
60QW000337,71,51,20
60QW000338,72,56,16
60QW000339,111,77,34
60QW000340,82,70,12
60QW000341,131,112,19
60QW000342,110,94,16
60QW000343,78,45,33
60QW000344,124,99,25
60QW000345,107,62,45
60QW000346,90,64,26
60QW000347,129,106,23
60QW000348,93,61,32
60QW000349,79,54,25
60QW000350,74,51,23
60QW000351,55,28,27
60QW000352,28,10,18
60QW000353,71,48,23
60QW000354,64,43,21
60QW000355,110,76,34
60QW000356,78,46,32
60QW000357,90,53,37
60QW000358,69,32,37
60QW000359,77,60,17
60QW000360,80,56,24
60QW000361,76,46,30
60QW000362,102,80,22
60QW000363,101,68,33
60QW000364,92,58,34
60QW000365,84,44,40
60QW000366,77,50,27
60QW000367,141,100,41
60QW000368,94,60,34
60QW000369,94,66,28
60QW000370,49,26,23
60QW000371,79,53,26
60QW000372,108,60,48
60QW000373,78,55,23
60QW000374,27,6,21
60QW000375,80,60,20
60QW000376,96,57,39
60QW000377,77,45,32
60QW000378,62,33,29
60QW000379,85,42,43
60QW000380,111,103,8
60QW000381,77,38,39
60QW000382,70,51,19
60QW000383,80,56,24
60QW000384,92,67,25
60QW000385,91,70,21
60QW000386,96,65,31
60QW000387,94,70,24
60QW000388,82,57,25
60QW000389,95,76,19
60QW000390,84,41,43
60QW000391,92,54,38
60QW000392,74,41,33
60QW000393,100,69,31
60QW000394,85,50,35
60QW000395,74,48,26
60QW000396,99,64,35
60QW000397,107,77,30
60QW000398,81,55,26
60QW000399,80,52,28
60QW000400,94,60,34
60QW000401,84,50,34
60QW000402,77,40,37
60QW000403,89,64,25
60QW000404,83,59,24
60QW000405,81,47,34
60QW000406,131,88,43
60QW000407,148,102,46
60QW000408,124,91,33
60QW000409,127,97,30
60QW000410,87,61,26
60QW000411,100,70,30
60QW000412,100,57,43
60QW000413,77,44,33
60QW000414,58,32,26
60QW000415,132,83,49
60QW000416,61,34,27
60QW000417,80,50,30
60QW000418,84,50,34
60QW000419,92,58,34
60QW000420,69,44,25
60QW000421,103,60,43
60QW000422,129,75,54
60QW000423,84,68,16
60QW000424,124,77,47
60QW000425,109,59,50
60QW000426,93,64,29
60QW000427,90,56,34
60QW000428,71,47,24
60QW000429,73,50,23
60QW000430,81,51,30
60QW000431,124,86,38
60QW000432,72,39,33
60QW000433,41,26,15
60QW000434,56,33,23
60QW000435,104,59,45
60QW000436,111,82,29
60QW000437,94,69,25
60QW000438,72,45,27
60QW000439,132,77,55
60QW000440,78,48,30
60QW000441,115,75,40
60QW000442,107,75,32
60QW000443,80,51,29
60QW000444,101,70,31
60QW000445,138,100,38
60QW000446,71,49,22
60QW000447,134,96,38
60QW000448,110,77,33
60QW000449,107,74,33
60QW000450,84,50,34
60QW000451,108,84,24
60QW000452,96,79,17
60QW000453,97,60,37
60QW000454,119,85,34
60QW000455,81,42,39
60QW000456,52,32,20
60QW000457,50,30,20
60QW000458,146,100,46
60QW000459,71,37,34
60QW000460,60,35,25
60QW000461,38,24,14
60QW000462,77,59,18
60QW000463,62,43,19
60QW000464,85,55,30
60QW000465,127,85,42
60QW000466,87,56,31
60QW000467,93,57,36
60QW000468,70,51,19
60QW000469,96,63,33
60QW000470,64,37,27
60QW000471,56,30,26
60QW000472,80,58,22
60QW000473,66,42,24
60QW000474,111,69,42
60QW000475,87,65,22
60QW000476,156,117,39
60QW000477,115,89,26
60QW000478,67,41,26
60QW000479,90,57,33
60QW000480,87,56,31
60QW000481,113,74,39
60QW000482,108,67,41
60QW000483,71,32,39
60QW000484,84,60,24
60QW000485,67,37,30
60QW000486,57,38,19
60QW000487,79,49,30
60QW000488,92,62,30
60QW000489,84,63,21
60QW000490,125,104,21
60QW000491,91,70,21
60QW000492,122,85,37
60QW000493,89,62,27
60QW000494,106,79,27
60QW000495,82,56,26
60QW000496,78,58,20
60QW000497,80,63,17
60QW000498,70,57,13
60QW000499,96,65,31
60QW000500,71,60,11
60QW000501,66,57,9
60QW000502,58,39,19
60QW000503,61,58,3
60QW000504,60,45,15
60QW000505,98,89,9
60QW000506,46,26,20
60QW000507,62,46,16
60QW000508,160,94,66
60QW000509,90,62,28
60QW000510,80,39,41
60QW000511,72,40,32
60QW000512,74,52,22
60QW000513,56,46,10
60QW000514,41,25,16
60QW000515,36,28,8
60QW000516,84,49,35
60QW000517,102,77,25
60QW000518,108,76,32
60QW000519,110,69,41
60QW000520,80,60,20
60QW000521,64,40,24
60QW000522,72,50,22
60QW000523,54,32,22
60QW000524,103,80,23
60QW000525,50,35,15
60QW000526,70,49,21
60QW000527,55,38,17
60QW000528,96,52,44
60QW000529,52,36,16
60QW000530,61,54,7
60QW000531,55,26,29
60QW000532,49,39,10
60QW000533,47,44,3
60QW000534,117,104,13
60QW000535,114,78,36
60QW000536,71,39,32
60QW000537,89,53,36
60QW000538,69,43,26
60QW000539,57,39,18
60QW000540,149,101,48
60QW000541,105,77,28
60QW000542,68,43,25
60QW000543,62,49,13
60QW000544,42,31,11
60QW000545,63,42,21
60QW000546,87,57,30
60QW000547,73,58,15
60QW000548,94,57,37
60QW000549,108,89,19
60QW000550,81,59,22
60QW000551,87,60,27
60QW000552,169,92,77
60QW000553,46,39,7
60QW000554,115,91,24
60QW000555,47,21,26
60QW000556,132,105,27
60QW000557,72,57,15
60QW000558,61,35,26
60QW000559,125,91,34
60QW000560,103,77,26
60QW000561,65,51,14
60QW000562,119,101,18
60QW000563,77,58,19
60QW000564,98,77,21
60QW000565,98,79,19
60QW000566,91,64,27
60QW000567,100,67,33
60QW000568,72,41,31
60QW000569,115,98,17
60QW000570,113,84,29
60QW000571,171,122,49
60QW000572,60,40,20
60QW000573,99,72,27
60QW000574,115,89,26
60QW000575,63,46,17
60QW000576,77,63,14
60QW000577,124,89,35
60QW000578,47,32,15
60QW000579,140,118,22
60QW000580,89,69,20
60QW000581,50,45,5
60QW000582,73,65,8
60QW000583,94,85,9
60QW000584,61,39,22
60QW000585,52,39,13
60QW000586,42,30,12
60QW000587,69,44,25
60QW000588,94,51,43
60QW000589,68,46,22
60QW000590,131,89,42
60QW000591,44,31,13
60QW000592,101,59,42
60QW000593,95,61,34
60QW000594,99,69,30
60QW000595,64,32,32
60QW000596,58,27,31
60QW000597,66,45,21
60QW000598,76,57,19
60QW000599,66,45,21
60QW000600,99,85,14
60QW000601,127,109,18
60QW000602,82,49,33
60QW000603,64,42,22
60QW000604,97,75,22
60QW000605,83,69,14
60QW000606,79,66,13
60QW000607,117,105,12
60QW000608,105,93,12
60QW000609,90,75,15
60QW000610,116,101,15
60QW000611,163,143,20
60QW000612,73,56,17
60QW000613,48,44,4
60QW000614,79,53,26
60QW000615,41,28,13
60QW000616,47,17,30
60QW000617,60,26,34
60QW000618,46,22,24
60QW000619,86,58,28
60QW000620,95,45,50
60QW000621,57,30,27
60QW000622,78,47,31
60QW000623,76,68,8
60QW000624,73,49,24
60QW000625,103,72,31
60QW000626,68,50,18
60QW000627,92,66,26
60QW000628,111,76,35
60QW000629,48,32,16
60QW000630,67,46,21
60QW000631,120,91,29
60QW000632,78,67,11
60QW000633,142,107,35
60QW000634,126,114,12
60QW000635,68,43,25
60QW000636,87,42,45
60QW000637,55,38,17
60QW000638,87,58,29
60QW000639,50,44,6
60QW000640,81,59,22
60QW000641,110,99,11
60QW000642,64,51,13
60QW000643,82,59,23
60QW000644,66,48,18
60QW000645,77,43,34
60QW000646,63,47,16
60QW000647,114,106,8
60QW000648,113,105,8
60QW000649,66,55,11
60QW000650,53,29,24
60QW000651,133,92,41
60QW000652,86,54,32
60QW000653,60,44,16
60QW000654,63,42,21
60QW000655,86,55,31
60QW000656,104,93,11
60QW000657,115,102,13
60QW000658,149,104,45
60QW000659,60,47,13
60QW000660,151,91,60
60QW000661,61,36,25
60QW000662,35,20,15
60QW000663,87,68,19
60QW000664,84,58,26
60QX000001,124,88,36
60QX000002,104,72,32
60QX000003,96,68,28
60QX000004,43,36,7
60QX000005,80,52,28
60QX000006,95,67,28
60QX000007,95,64,31
60QX000008,95,73,22
60QX000009,99,60,39
60QX000010,95,69,26
60QX000011,47,30,17
60QX000012,81,50,31
60QX000013,69,48,21
60QX000014,128,85,43
60QX000015,77,51,26
60QX000016,114,75,39
60QX000017,74,44,30
60QX000018,62,41,21
60QX000019,78,54,24
60QX000020,107,81,26
60QX000021,95,65,30
60QX000022,107,88,19
60QX000023,84,63,21
60QX000024,125,76,49
60QX000025,125,76,49
60QX000026,78,53,25
60QX000027,88,61,27
60QX000028,62,38,24
60QX000029,77,56,21
60QX000030,73,53,20
60QX000031,76,49,27
60QX000032,107,64,43
60QX000033,109,74,35
60QX000034,66,51,15
60QX000035,124,93,31
60QX000036,118,77,41
60QX000037,79,55,24
60QX000038,93,59,34
60QX000039,261,90,171
60QX000040,92,71,21
60QX000041,124,77,47
60QX000042,139,89,50
60QX000043,69,57,12
60QX000044,79,65,14
60QX000045,119,72,47
60QX000046,87,71,16
60QX000047,81,67,14
60QX000048,94,68,26
60QX000049,60,42,18
60QX000050,125,78,47
60QX000051,42,30,12
60QX000052,143,109,34
60QX000053,105,63,42
60QX000054,125,91,34
60QX000055,97,75,22
60QX000056,117,94,23
60QX000057,85,50,35
60QX000058,103,71,32
60QX000059,68,48,20
60QX000060,626,582,44
60QX000061,46,26,20
60QX000062,55,37,18
60QX000063,95,72,23
60QX000064,72,48,24
60QX000065,99,73,26
60QX000066,79,58,21
60QX000067,85,62,23
60QX000068,130,85,45
60QX000069,106,79,27
60QX000070,77,59,18
60QX000071,85,63,22
60QX000072,100,64,36
60QX000073,62,40,22
60QX000074,38,26,12
60QX000075,71,48,23
60QX000076,72,43,29
60QX000077,78,54,24
60QX000078,70,53,17
60QX000079,77,48,29
60QX000080,59,44,15
60QX000081,52,37,15
60QX000082,75,54,21
60QX000083,89,55,34
60QX000084,62,37,25
60QX000085,111,81,30
60QX000086,69,44,25
60QX000087,67,44,23
60QX000088,94,71,23
60QX000089,53,41,12
60QX000090,90,69,21
60QX000091,85,49,36
60QX000092,50,32,18
60QX000093,50,33,17
60QX000094,149,90,59
60QX000095,426,394,32
60QX000096,98,72,26
60QX000097,72,53,19
60QX000098,140,111,29
60QX000099,47,34,13
60QX000100,45,32,13
60QX000101,144,95,49
60QX000102,152,111,41
60QX000103,110,87,23
60QX000104,118,84,34
60QX000105,117,80,37
60QX000106,81,70,11
60QX000107,84,64,20
60QX000108,88,50,38
60QX000109,79,52,27
60QX000110,121,78,43
60QX000111,118,73,45
60QX000112,103,55,48
60QX000113,100,70,30
60QX000114,71,49,22
60QX000115,104,66,38
60QX000116,64,42,22
60QX000117,45,25,20
60QX000118,77,39,38
60QX000119,113,71,42
60QX000120,55,35,20
60QX000121,84,61,23
60QX000122,34,23,11
60QX000123,123,69,54
60QX000124,92,57,35
60QX000125,75,62,13
60QX000126,74,40,34
60QX000127,86,62,24
60QX000128,84,60,24
60QX000129,103,60,43
60QX000130,87,49,38
60QX000131,85,54,31
60QX000132,107,65,42
60QX000133,111,70,41
60QX000134,91,71,20
60QX000135,103,67,36
60QX000136,57,44,13
60QX000137,140,102,38
60QX000138,93,61,32
60QX000139,109,74,35
60QX000140,95,60,35
60QX000141,68,57,11
60QX000142,68,50,18
60QX000143,79,58,21
60QX000144,114,57,57
60QX000145,95,66,29
60QX000146,92,55,37
60QX000147,101,71,30
60QX000148,95,71,24
60QX000149,129,97,32
60QX000150,89,52,37
60QX000151,45,31,14
60QX000152,39,26,13
60QX000153,95,70,25
60QX000154,66,31,35
60QX000155,128,83,45
60QX000156,122,82,40
60QX000157,77,57,20
60QX000158,92,72,20
60QX000159,93,85,8
60QX000160,60,48,12
60QX000161,124,94,30
60QX000162,155,109,46
60QX000163,76,50,26
60QX000164,65,41,24
60QX000165,75,50,25
60QX000166,133,90,43
60QX000167,77,65,12
60QX000168,68,39,29
60QX000169,84,50,34
60QX000170,62,39,23
60QX000171,69,38,31
60QX000172,64,33,31
60QX000173,64,39,25
60QX000174,58,28,30
60QX000175,65,30,35
60QX000176,78,51,27
60QX000177,78,43,35
60QX000178,57,36,21
60QX000179,60,42,18
60QX000180,48,21,27
60QX000181,63,45,18
60QX000182,56,34,22
60QX000183,58,37,21
60QX000184,95,62,33
60QX000185,83,54,29
60QX000186,63,37,26
60QX000187,34,17,17
60QX000188,99,69,30
60QX000189,101,89,12
60QX000190,118,87,31
60QX000191,143,105,38
60QX000192,124,102,22
60QX000193,46,32,14
60QX000194,99,73,26
60QX000195,161,111,50
60QX000196,81,52,29
60QX000197,122,80,42
60QX000198,103,76,27
60QX000199,105,79,26
60QX000200,82,63,19
60QX000201,101,65,36
60QX000202,99,65,34
60QX000203,76,46,30
60QX000204,75,38,37
60QX000205,108,65,43
60QX000206,73,46,27
60QX000207,82,66,16
60QX000208,129,96,33
60QX000209,107,67,40
60QX000210,84,62,22
60QX000211,132,86,46
60QX000212,70,45,25
60QX000213,89,56,33
60QX000214,92,58,34
60QX000215,133,100,33
60QX000216,72,51,21
60QX000217,44,33,11
60QX000218,84,71,13
60QX000219,90,74,16
60QX000220,53,49,4
60QX000221,66,61,5
60QX000222,98,82,16
60QX000223,98,88,10
60QX000224,87,68,19
60QX000225,125,102,23
60QX000226,117,94,23
60QX000227,93,57,36
60QX000228,83,59,24
60QX000229,124,94,30
60QX000230,84,56,28
60QX000231,130,84,46
60QX000232,48,11,37
60QX000233,62,38,24
60QX000234,88,50,38
60QX000235,104,60,44
60QX000236,89,49,40
60QX000237,72,54,18
60QX000238,63,56,7
60QX000239,68,42,26
60QX000240,84,56,28
60QX000241,39,34,5
60QX000242,84,55,29
60QX000243,98,59,39
60QX000244,119,100,19
60QX000245,91,69,22
60QX000246,98,73,25
60QX000247,80,47,33
60QX000248,101,69,32
60QX000249,62,37,25
60QX000250,64,40,24
60QX000251,54,29,25
60QX000252,36,12,24
60QX000253,77,52,25
60QX000254,68,42,26
60QX000255,48,19,29
60QX000256,77,56,21
60QX000257,72,40,32
60QX000258,50,28,22
60QX000259,63,49,14
60QX000260,73,57,16
60QX000261,74,60,14
60QX000262,99,59,40
60QX000263,86,48,38
60QX000264,77,43,34
60QX000265,75,44,31
60QX000266,71,48,23
60QX000267,118,65,53
60QX000268,94,75,19
60QX000269,90,61,29
60QX000270,78,51,27
60QX000271,102,84,18
60QX000272,114,64,50
60QX000273,71,47,24
60QX000274,86,41,45
60QX000275,68,28,40
60QX000276,121,83,38
60QX000277,127,98,29
60QX000278,121,90,31
60QX000279,122,78,44
60QX000280,94,71,23
60QX000281,114,77,37
60QX000282,80,49,31
60QX000283,109,68,41
60QX000284,79,44,35
60QX000285,54,35,19
60QX000286,83,51,32
60QX000287,86,53,33
60QX000288,82,48,34
60QX000289,80,50,30
60QX000290,77,47,30
60QX000291,97,66,31
60QX000292,76,58,18
60QX000293,96,62,34
60QX000294,68,24,44
60QX000295,96,69,27
60QX000296,87,51,36
60QX000297,95,65,30
60QX000298,117,82,35
60QX000299,108,72,36
60QX000300,96,55,41
60QX000301,74,53,21
60QX000302,87,50,37
60QX000303,146,111,35
60QX000304,91,60,31
60QX000305,114,87,27
60QX000306,84,69,15
60QX000307,117,91,26
60QX000308,87,55,32
60QX000309,72,52,20
60QX000310,102,70,32
60QX000311,98,71,27
60QX000312,131,95,36
60QX000313,100,63,37
60QX000314,83,41,42
60QX000315,56,37,19
60QX000316,54,37,17
60QX000317,71,41,30
60QX000318,74,33,41
60QX000319,98,73,25
60QX000320,60,35,25
60QX000321,103,68,35
60QX000322,86,62,24
60QX000323,72,52,20
60QX000324,79,44,35
60QX000325,96,50,46
60QX000326,75,60,15
60QX000327,127,86,41
60QX000328,123,86,37
60QX000329,52,40,12
60QX000330,73,52,21
60QX000331,114,81,33
60QX000332,83,63,20
60QX000333,121,88,33
60QX000334,53,38,15
60QX000335,142,116,26
60QX000336,90,68,22
60QX000337,112,74,38
60QX000338,184,144,40
60QX000339,128,96,32
60QX000340,143,90,53
60QX000341,48,43,5
60QX000342,84,54,30
60QX000343,95,76,19
60QX000344,103,82,21
60QX000345,95,49,46
60QX000346,93,46,47
60QX000347,120,72,48
60QX000348,108,75,33
60QX000349,131,104,27
60QX000350,128,87,41
60QX000351,80,43,37
60QX000352,52,29,23
60QX000353,92,74,18
60QX000354,76,38,38
60QX000355,54,34,20
60QX000356,151,121,30
60QX000357,69,38,31
60QX000358,101,61,40
60QX000359,68,46,22
60QX000360,95,60,35
60QX000361,71,50,21
60QX000362,52,25,27
60QX000363,67,43,24
60QX000364,126,77,49
60QX000365,87,65,22
60QX000366,110,83,27
60QX000367,91,53,38
60QX000368,109,76,33
60QX000369,125,76,49
60QX000370,69,35,34
60QX000371,79,46,33
60QX000372,64,36,28
60QX000373,113,65,48
60QX000374,98,72,26
60QX000375,102,74,28
60QX000376,60,36,24
60QX000377,106,54,52
60QX000378,70,37,33
60QX000379,77,54,23
60QX000380,61,37,24
60QX000381,79,52,27
60QX000382,75,48,27
60QX000383,72,47,25
60QX000384,57,40,17
60QX000385,51,39,12
60QX000386,127,58,69
60QX000387,112,71,41
60QX000388,66,49,17
60QX000389,78,53,25
60QX000390,60,32,28
60QX000391,114,57,57
60QX000392,114,83,31
60QX000393,98,56,42
60QX000394,97,61,36
60QX000395,122,82,40
60QX000396,103,75,28
60QX000397,43,25,18
60QX000398,50,38,12
60QX000399,87,53,34
60QX000400,89,67,22
60QX000401,106,59,47
60QX000402,63,39,24
60QX000403,80,52,28
60QX000404,132,92,40
60QX000405,51,30,21
60QX000406,81,55,26
60QX000407,64,49,15
60QX000408,66,41,25
60QX000409,85,63,22
60QX000410,74,51,23
60QX000411,86,60,26
60QX000412,92,60,32
60QX000413,83,45,38
60QX000414,62,32,30
60QX000415,93,56,37
60QX000416,86,46,40
60QX000417,61,40,21
60QX000418,73,41,32
60QX000419,97,56,41
60QX000420,75,51,24
60QX000421,86,53,33
60QX000422,99,64,35
60QX000423,75,41,34
60QX000424,90,65,25
60QX000425,71,37,34
60QX000426,83,43,40
60QX000427,54,39,15
60QX000428,63,45,18
60QX000429,106,66,40
60QX000430,71,45,26
60QX000431,102,52,50
60QX000432,83,41,42
60QX000433,145,86,59
60QX000434,159,112,47
60QX000435,113,78,35
60QX000436,97,61,36
60QX000437,141,93,48
60QX000438,107,60,47
60QX000439,72,40,32
60QX000440,78,40,38
60QX000441,85,52,33
60QX000442,59,37,22
60QX000443,70,57,13
60QX000444,81,45,36
60QX000445,64,29,35
60QX000446,98,68,30
60QX000447,69,46,23
60QX000448,101,76,25
60QX000449,101,64,37
60QX000450,97,72,25
60QX000451,86,54,32
60QX000452,121,84,37
60QX000453,106,72,34
60QX000454,119,86,33
60QX000455,89,63,26
60QX000456,112,84,28
60QX000457,62,45,17
60QX000458,74,64,10
60QX000459,124,95,29
60QX000460,122,100,22
60QX000461,82,55,27
60QX000462,82,47,35
60QX000463,102,75,27
60QX000464,93,77,16
60QX000465,61,45,16
60QX000466,48,32,16
60QX000467,83,57,26
60QX000468,88,58,30
60QX000469,67,42,25
60QX000470,102,67,35
60QX000471,74,47,27
60QX000472,79,50,29
60QX000473,60,40,20
60QX000474,124,93,31
60QX000475,95,68,27
60QX000476,65,36,29
60QX000477,84,55,29
60QX000478,138,92,46
60QX000479,59,48,11
60QX000480,123,89,34
60QX000481,67,53,14
60QX000482,95,68,27
60QX000483,71,42,29
60QX000484,63,48,15
60QX000485,88,58,30
60QX000486,81,51,30
60QX000487,95,61,34
60QX000488,73,32,41
60QX000489,90,66,24
60QX000490,87,58,29
60QX000491,51,34,17
60QX000492,111,92,19
60QX000493,109,85,24
60QX000494,54,43,11
60QX000495,106,77,29
60QX000496,81,55,26
60QX000497,73,47,26
60QX000498,117,87,30
60QX000499,79,53,26
60QX000500,92,58,34
60QX000501,159,71,88
60QX000502,118,99,19
60QX000503,100,73,27
60QX000504,126,97,29
60QX000505,66,48,18
60QX000506,97,68,29
60QX000507,67,48,19
60QX000508,62,43,19
60QX000509,84,61,23
60QX000510,63,40,23
60QX000511,66,33,33
60QX000512,81,57,24
60QX000513,76,52,24
60QX000514,72,51,21
60QX000515,63,53,10
60QX000516,83,55,28
60QX000517,75,44,31
60QX000518,41,27,14
60QX000519,59,42,17
60QX000520,91,68,23
60QX000521,52,27,25
60QX000522,80,53,27
60QX000523,83,51,32
60QX000524,45,31,14
60QX000525,99,75,24
60QX000526,100,63,37
60QX000527,60,34,26
60QX000528,45,29,16
60QX000529,70,42,28
60QX000530,80,52,28
60QX000531,120,88,32
60QX000532,79,59,20
60QX000533,43,31,12
60QX000534,37,32,5
60QX000535,68,50,18
60QX000536,87,66,21
60QX000537,64,47,17
60QX000538,51,37,14
60QX000539,98,77,21
60QX000540,81,46,35
60QX000541,46,41,5
60QX000542,57,50,7
60QX000543,87,62,25
60QX000544,53,32,21
60QX000545,86,57,29
60QX000546,73,49,24
60QX000547,84,52,32
60QX000548,72,47,25
60QX000549,65,48,17
60QX000550,56,37,19
60QX000551,88,66,22
60QX000552,86,51,35
60QX000553,71,48,23
60QX000554,85,38,47
60QX000555,73,52,21
60QX000556,66,45,21
60QX000557,101,62,39
60QX000558,48,30,18
60QX000559,58,32,26
60QX000560,77,49,28
60QX000561,68,42,26
60QX000562,85,50,35
60QX000563,39,21,18
60QX000564,63,41,22
60QX000565,37,27,10
60QX000566,78,46,32
60QX000567,56,36,20
60QX000568,44,27,17
60QX000569,44,30,14
60QX000570,36,28,8
60QX000571,52,43,9
60QX000572,122,80,42
60QX000573,68,40,28
60QX000574,86,46,40
60QX000575,77,49,28
60QX000576,76,56,20
60QX000577,56,33,23
60QX000578,149,123,26
60QX000579,57,46,11
60QX000580,80,59,21
60QX000581,73,58,15
60QX000582,65,47,18
60QX000583,113,88,25
60QX000584,123,83,40
60QX000585,41,31,10
60QX000586,58,37,21
60QX000587,105,65,40
60QX000588,72,57,15
60QX000589,132,110,22
60QX000590,69,52,17
60QX000591,80,43,37
60QX000592,95,68,27
60QX000593,81,58,23
60QX000594,53,42,11
60QX000595,108,74,34
60QX000596,101,76,25
60QX000597,112,99,13
60QX000598,96,65,31
60QX000599,80,60,20
60QX000600,104,62,42
60QX000601,40,30,10
60QX000602,87,59,28
60QX000603,54,28,26
60QX000604,79,57,22
60QX000605,77,56,21
60QX000606,53,35,18
60QX000607,90,57,33
60QX000608,72,48,24
60QX000609,87,62,25
60QX000610,109,73,36
60QX000611,53,37,16
60QX000612,81,50,31
60QX000613,91,54,37
60QX000614,74,49,25
60QX000615,98,80,18
60QX000616,69,47,22
60QX000617,72,36,36
60QX000618,58,29,29
60QX000619,66,45,21
60QX000620,84,59,25
60QX000621,71,47,24
60QX000622,131,101,30
60QX000623,76,45,31
60QX000624,107,76,31
60QX000625,106,86,20
60QX000626,93,63,30
60QX000627,91,74,17
60QX000628,85,66,19
60QX000629,48,34,14
60QX000630,72,39,33
60QX000631,120,80,40
60QX000632,77,53,24
60QX000633,69,46,23
60QX000634,157,106,51
60QX000635,85,70,15
60QX000636,77,68,9
60QX000637,90,82,8
60QX000638,57,44,13
60QX000639,71,56,15
60QX000640,67,53,14
60QX000641,84,55,29
60QX000642,69,45,24
60QX000643,70,48,22
60QX000644,31,21,10
60QX000645,57,41,16
60QX000646,51,28,23
60QX000647,62,45,17
60QX000648,116,98,18
60QX000649,66,42,24
60QX000650,92,85,7
60QX000651,93,79,14
60QX000652,86,75,11
60QX000653,139,95,44
60QX000654,153,113,40
60QX000655,84,64,20
60QX000656,119,88,31
60QX000657,120,91,29
60QX000658,52,48,4
60QX000659,79,58,21
60QX000660,79,59,20
60QX000661,83,59,24
60QX000662,80,63,17
60QX000663,127,107,20
60QX000664,56,43,13
60QX000665,116,76,40
60QX000666,65,46,19
60QX000667,94,56,38
60QX000668,58,48,10
60QX000669,53,39,14
60QX000670,98,66,32
60QX000671,130,104,26
60QX000672,74,58,16
60QX000673,51,30,21
60QX000674,107,66,41
60QX000675,108,71,37
60QX000676,57,45,12
60QX000677,122,104,18
60QX000678,88,77,11
60QX000679,83,54,29
60QX000680,102,74,28
60QX000681,98,80,18
60QX000682,74,44,30
60QX000683,54,39,15
60QX000684,91,67,24
60QX000685,99,70,29
60QX000686,104,76,28
60QX000687,76,46,30
60QX000688,41,17,24
60QX000689,68,34,34
60QX000690,51,34,17
60QX000691,108,63,45
60QX000692,97,61,36
60QX000693,82,47,35
60QX000694,94,66,28
60QX000695,96,61,35
60QX000696,57,41,16
60QX000697,81,48,33
60QX000698,101,63,38
60QX000699,80,52,28
60QX000700,104,60,44
60QX000701,87,60,27
60QX000702,68,58,10
60QX000703,104,64,40
60QX000704,111,87,24
60QX000705,142,96,46
60QX000706,297,211,86
60QX000707,84,50,34
60QX000708,140,86,54
60QX000709,53,44,9
60QX000710,132,114,18
60QX000711,130,103,27
60QX000712,71,51,20
60QX000713,70,43,27
60QX000714,76,51,25
60QX000715,72,61,11
60QX000716,128,114,14
60QX000717,101,82,19
60QX000718,60,47,13
60QY000001,82,65,17
60QY000002,53,25,28
60QY000003,48,45,3
60QY000004,125,87,38
60QY000005,132,103,29
60QY000006,148,102,46
60QY000007,44,36,8
60QY000008,55,41,14
60QY000009,126,86,40
60QY000010,73,48,25
60QY000011,148,105,43
60QY000012,51,41,10
60QY000013,118,88,30
60QY000014,160,111,49
60QY000015,106,76,30
60QY000016,50,34,16
60QY000017,57,42,15
60QY000018,137,108,29
60QY000019,37,27,10
60QY000020,123,97,26
60QY000021,107,60,47
60QY000022,98,57,41
60QY000023,105,73,32
60QY000024,43,33,10
60QY000025,106,63,43
60QY000026,102,60,42
60QY000027,101,54,47
60QY000028,98,61,37
60QY000029,60,45,15
60QY000030,116,84,32
60QY000031,68,52,16
60QY000032,44,21,23
60QY000033,45,37,8
60QY000034,127,81,46
60QY000035,56,32,24
60QY000036,46,29,17
60QY000037,46,21,25
60QY000038,137,86,51
60QY000039,122,84,38
60QY000040,111,66,45
60QY000041,98,49,49
60QY000042,160,124,36
60QY000043,125,83,42
60QY000044,118,82,36
60QY000045,109,73,36
60QY000046,99,66,33
60QY000047,109,76,33
60QY000048,42,22,20
60QY000049,101,67,34
60QY000050,73,44,29
60QY000051,67,36,31
60QY000052,82,45,37
60QY000053,65,42,23
60QY000054,117,68,49
60QY000055,51,26,25
60QY000056,137,106,31
60QY000057,105,74,31
60QY000058,120,70,50
60QY000059,85,54,31
60QY000060,118,80,38
60QY000061,167,126,41
60QY000062,137,94,43
60QY000063,142,99,43
60QY000064,103,72,31
60QY000065,156,120,36
60QY000066,92,61,31
60QY000067,108,73,35
60QY000068,137,115,22
60QY000069,85,63,22
60QY000070,137,83,54
60QY000071,85,57,28
60QY000072,93,74,19
60QY000073,116,65,51
60QY000074,84,60,24
60QY000075,68,50,18
60QY000076,108,66,42
60QY000077,139,89,50
60QY000078,143,84,59
60QY000079,115,84,31
60QY000080,137,91,46
60QY000081,113,87,26
60QY000082,87,62,25
60QY000083,78,49,29
60QY000084,102,69,33
60QY000085,87,55,32
60QY000086,96,70,26
60QY000087,54,42,12
60QY000088,58,46,12
60QY000089,135,102,33
60QY000090,140,108,32
60QY000091,135,99,36
60QY000092,77,53,24
60QY000093,80,61,19
60QY000094,91,61,30
60QY000095,152,108,44
60QY000096,145,101,44
60QY000097,144,99,45
60QY000098,122,74,48
60QY000099,107,67,40
60QY000100,107,78,29
60QY000101,95,46,49
60QY000102,100,66,34
60QY000103,168,140,28
60QY000104,122,106,16
60QY000105,79,27,52
60QY000106,148,134,14
60QY000107,71,45,26
60QY000108,131,95,36
60QY000109,118,94,24
60QY000110,57,40,17
60QY000111,125,75,50
60QY000112,112,75,37
60QY000113,97,72,25
60QY000114,98,67,31
60QY000115,73,48,25
60QY000116,96,74,22
60QY000117,100,73,27
60QY000118,125,84,41
60QY000119,58,48,10
60QY000120,45,39,6
60QY000121,104,59,45
60QY000122,112,91,21
60QY000123,92,66,26
60QY000124,63,44,19
60QY000125,114,92,22
60QY000126,156,134,22
60QY000127,95,55,40
60QY000128,78,53,25
60QY000129,78,44,34
60QY000130,102,58,44
60QY000131,66,36,30
60QY000132,101,63,38
60QY000133,96,52,44
60QY000134,52,33,19
60QY000135,108,65,43
60QY000136,68,40,28
60QY000137,91,68,23
60QY000138,60,28,32
60QY000139,69,36,33
60QY000140,140,100,40
60QY000141,90,44,46
60QY000142,65,36,29
60QY000143,105,52,53
60QY000144,112,52,60
60QY000145,122,56,66
60QY000146,66,39,27
60QY000147,31,14,17
60QY000148,72,29,43
60QY000149,84,43,41
60QY000150,67,34,33
60QY000151,75,34,41
60QY000152,67,38,29
60QY000153,70,37,33
60QY000154,65,38,27
60QY000155,65,42,23
60QY000156,67,28,39
60QY000157,81,47,34
60QY000158,104,60,44
60QY000159,97,69,28
60QY000160,116,87,29
60QY000161,109,89,20
60QY000162,67,44,23
60QY000163,97,56,41
60QY000164,74,50,24
60QY000165,96,47,49
60QY000166,66,39,27
60QY000167,87,63,24
60QY000168,84,55,29
60QY000169,93,56,37
60QY000170,59,32,27
60QY000171,79,57,22
60QY000172,83,48,35
60QY000173,80,49,31
60QY000174,72,39,33
60QY000175,76,38,38
60QY000176,81,49,32
60QY000177,89,45,44
60QY000178,84,55,29
60QY000179,49,28,21
60QY000180,46,25,21
60QY000181,74,41,33
60QY000182,89,56,33
60QY000183,93,64,29
60QY000184,74,46,28
60QY000185,70,31,39
60QY000186,66,33,33
60QY000187,57,29,28
60QY000188,85,60,25
60QY000189,98,52,46
60QY000190,65,35,30
60QY000191,83,49,34
60QY000192,61,33,28
60QY000193,87,57,30
60QY000194,71,37,34
60QY000195,78,46,32
60QY000196,81,37,44
60QY000197,51,25,26
60QY000198,89,42,47
60QY000199,73,39,34
60QY000200,54,32,22
60QY000201,65,30,35
60QY000202,106,68,38
60QY000203,97,64,33
60QY000204,99,57,42
60QY000205,84,53,31
60QY000206,127,80,47
60QY000207,118,68,50
60QY000208,84,50,34
60QY000209,96,78,18
60QY000210,157,99,58
60QY000211,106,71,35
60QY000212,141,88,53
60QY000213,101,74,27
60QY000214,150,107,43
60QY000215,128,68,60
60QY000216,65,36,29
60QY000217,96,29,67
60QY000218,54,30,24
60QY000219,63,35,28
60QY000220,101,60,41
60QY000221,62,31,31
60QY000222,64,46,18
60QY000223,68,43,25
60QY000224,70,33,37
60QY000225,67,37,30
60QY000226,118,93,25
60QY000227,77,48,29
60QY000228,93,58,35
60QY000229,108,81,27
60QY000230,78,38,40
60QY000231,152,121,31
60QY000232,92,45,47
60QY000233,67,35,32
60QY000234,72,53,19
60QY000235,96,68,28
60QY000236,48,29,19
60QY000237,81,46,35
60QY000238,116,58,58
60QY000239,29,9,20
60QY000240,36,12,24
60QY000241,48,25,23
60QY000242,72,23,49
60QY000243,142,75,67
60QY000244,92,61,31
60QY000245,59,40,19
60QY000246,129,95,34
60QY000247,85,53,32
60QY000248,129,61,68
60QY000249,103,66,37
60QY000250,76,44,32
60QY000251,77,46,31
60QY000252,60,30,30
60QY000253,54,31,23
60QY000254,104,54,50
60QY000255,69,33,36
60QY000256,48,25,23
60QY000257,95,55,40
60QY000258,99,67,32
60QY000259,69,28,41
60QY000260,93,55,38
60QY000261,61,24,37
60QY000262,96,35,61
60QY000263,60,30,30
60QY000264,73,33,40
60QY000265,72,39,33
60QY000266,112,70,42
60QY000267,94,55,39
60QY000268,89,53,36
60QY000269,70,36,34
60QY000270,77,33,44
60QY000271,86,48,38
60QY000272,151,81,70
60QY000273,63,34,29
60QY000274,111,68,43
60QY000275,78,47,31
60QY000276,83,48,35
60QY000277,107,65,42
60QY000278,77,44,33
60QY000279,88,56,32
60QY000280,90,56,34
60QY000281,67,39,28
60QY000282,86,43,43
60QY000283,51,26,25
60QY000284,67,35,32
60QY000285,98,50,48
60QY000286,107,42,65
60QY000287,74,35,39
60QY000288,91,43,48
60QY000289,73,27,46
60QY000290,145,117,28
60QY000291,156,117,39
60QY000292,94,64,30
60QY000293,126,97,29
60QY000294,126,72,54
60QY000295,76,31,45
60QY000296,79,49,30
60QY000297,88,52,36
60QY000298,71,36,35
60QY000299,90,46,44
60QY000300,72,33,39
60QY000301,69,37,32
60QY000302,76,37,39
60QY000303,87,50,37
60QY000304,107,58,49
60QY000305,137,85,52
60QY000306,64,37,27
60QY000307,78,45,33
60QY000308,67,41,26
60QY000309,107,65,42
60QY000310,77,50,27
60QY000311,75,47,28
60QY000312,125,83,42
60QY000313,93,40,53
60QY000314,125,70,55
60QY000315,102,60,42
60QY000316,85,39,46
60QY000317,95,54,41
60QY000318,79,45,34
60QY000319,95,66,29
60QY000320,80,41,39
60QY000321,118,76,42
60QY000322,133,110,23
60QY000323,88,73,15
60QY000324,112,93,19
60QY000325,52,27,25
60QY000326,98,48,50
60QY000327,84,40,44
60QY000328,71,42,29
60QY000329,58,35,23
60QY000330,61,41,20
60QY000331,69,37,32
60QY000332,106,62,44
60QY000333,70,35,35
60QY000334,103,74,29
60QY000335,63,24,39
60QY000336,78,52,26
60QY000337,104,65,39
60QY000338,65,41,24
60QY000339,133,75,58
60QY000340,87,39,48
60QY000341,100,66,34
60QY000342,50,23,27
60QY000343,120,93,27
60QY000344,75,32,43
60QY000345,79,42,37
60QY000346,108,67,41
60QY000347,87,54,33
60QY000348,45,21,24
60QY000349,112,74,38
60QY000350,96,72,24
60QY000351,115,78,37
60QY000352,89,59,30
60QY000353,46,15,31
60QY000354,40,6,34
60QY000355,73,48,25
60QY000356,105,80,25
60QY000357,62,43,19
60QY000358,109,79,30
60QY000359,90,48,42
60QY000360,88,50,38
60QY000361,165,106,59
60QY000362,74,41,33
60QY000363,79,51,28
60QY000364,103,59,44
60QY000365,63,36,27
60QY000366,92,55,37
60QY000367,73,35,38
60QY000368,94,54,40
60QY000369,55,23,32
60QY000370,85,34,51
60QY000371,49,24,25
60QY000372,38,16,22
60QY000373,87,46,41
60QY000374,67,41,26
60QY000375,68,39,29
60QY000376,73,25,48
60QY000377,45,28,17
60QY000378,98,57,41
60QY000379,73,33,40
60QY000380,102,48,54
60QY000381,49,26,23
60QY000382,43,28,15
60QY000383,78,35,43
60QY000384,88,52,36
60QY000385,62,38,24
60QY000386,43,12,31
60QY000387,45,20,25
60QY000388,94,43,51
60QY000389,61,36,25
60QY000390,69,38,31
60QY000391,56,23,33
60QY000392,48,31,17
60QY000393,78,35,43
60QY000394,99,56,43
60QY000395,66,23,43
60QY000396,48,24,24
60QY000397,75,34,41
60QY000398,93,43,50
60QY000399,81,37,44
60QY000400,105,54,51
60QY000401,91,39,52
60QY000402,98,56,42
60QY000403,66,47,19
60QY000404,76,50,26
60QY000405,76,47,29
60QY000406,75,39,36
60QY000407,83,49,34
60QY000408,105,54,51
60QY000409,56,23,33
60QY000410,105,62,43
60QY000411,77,38,39
60QY000412,86,38,48
60QY000413,76,38,38
60QY000414,115,55,60
60QY000415,106,54,52
60QY000416,85,39,46
60QY000417,127,71,56
60QY000418,117,54,63
60QY000419,164,92,72
60QY000420,144,68,76
60QY000421,59,30,29
60QY000422,110,60,50
60QY000423,123,84,39
60QY000424,87,56,31
60QY000425,91,59,32
60QY000426,70,36,34
60QY000427,96,40,56
60QY000428,76,43,33
60QY000429,82,50,32
60QY000430,77,45,32
60QY000431,82,34,48
60QY000432,80,45,35
60QY000433,82,36,46
60QY000434,125,58,67
60QY000435,68,21,47
60QY000436,125,54,71
60QY000437,72,34,38
60QY000438,62,37,25
60QY000439,94,66,28
60QY000440,123,62,61
60QY000441,74,43,31
60QY000442,64,19,45
60QY000443,51,29,22
60QY000444,71,40,31
60QY000445,109,64,45
60QY000446,136,68,68
60QY000447,85,42,43
60QY000448,93,40,53
60QY000449,84,53,31
60QY000450,59,35,24
60QY000451,88,59,29
60QY000452,82,51,31
60QY000453,105,77,28
60QY000454,92,66,26
60QY000455,56,30,26
60QY000456,55,25,30
60QY000457,72,27,45
60QY000458,68,33,35
60QY000459,72,37,35
60QY000460,58,19,39
60QY000461,166,110,56
60QY000462,80,52,28
60QY000463,156,89,67
60QY000464,108,71,37
60QY000465,120,92,28
60QY000466,122,58,64
60QY000467,106,64,42
60QY000468,112,74,38
60QY000469,114,73,41
60QY000470,51,26,25
60QY000471,72,28,44
60QY000472,89,43,46
60QY000473,53,27,26
60QY000474,86,51,35
60QY000475,77,40,37
60QY000476,56,27,29
60QY000477,63,27,36
60QY000478,62,34,28
60QY000479,93,56,37
60QY000480,137,76,61
60QY000481,118,61,57
60QY000482,100,72,28
60QY000483,107,64,43
60QY000484,107,60,47
60QY000485,99,55,44
60QY000486,82,40,42
60QY000487,85,43,42
60QY000488,78,41,37
60QY000489,79,45,34
60QY000490,74,39,35
60QY000491,124,83,41
60QY000492,99,54,45
60QY000493,95,58,37
60QY000494,110,62,48
60QY000495,42,27,15
60QY000496,86,50,36
60QY000497,98,62,36
60QY000498,126,89,37
60QY000499,110,73,37
60QY000500,68,40,28
60QY000501,99,66,33
60QY000502,102,62,40
60QY000503,130,108,22
60QY000504,98,79,19
60QY000505,92,76,16
60QY000506,106,78,28
60QY000507,100,75,25
60QY000508,111,77,34
60QY000509,93,57,36
60QY000510,145,122,23
60QY000511,98,69,29
60QY000512,57,41,16
60QY000513,164,131,33
60QY000514,74,50,24
60QY000515,145,100,45
60QY000516,45,28,17
60QY000517,57,44,13
60QY000518,71,43,28
60QY000519,74,35,39
60QY000520,104,57,47
60QY000521,113,66,47
60QY000522,129,85,44
60QY000523,60,37,23
60QY000524,56,35,21
60QY000525,48,31,17
60QY000526,54,10,44
60QY000527,89,49,40
60QY000528,48,26,22
60QY000529,77,44,33
60QY000530,81,47,34
60QY000531,79,44,35
60QY000532,68,33,35
60QY000533,99,57,42
60QY000534,86,46,40
60QY000535,56,29,27
60QY000536,80,42,38
60QY000537,77,35,42
60QY000538,111,66,45
60QY000539,53,25,28
60QY000540,24,12,12
60QY000541,116,68,48
60QY000542,112,58,54
60QY000543,89,39,50
60QY000544,46,31,15
60QY000545,80,42,38
60QY000546,72,29,43
60QY000547,48,14,34
60QY000548,80,45,35
60QY000549,83,56,27
60QY000550,92,52,40
60QY000551,120,90,30
60QY000552,87,47,40
60QY000553,73,38,35
60QY000554,121,67,54
60QY000555,78,53,25
60QY000556,101,62,39
60QY000557,101,56,45
60QY000558,86,45,41
60QY000559,79,47,32
60QY000560,85,54,31
60QY000561,83,35,48
60QY000562,53,37,16
60QY000563,113,74,39
60QY000564,107,60,47
60QY000565,95,45,50
60QY000566,159,94,65
60QY000567,79,63,16
60QY000568,81,45,36
60QY000569,69,45,24
60QY000570,68,49,19
60QY000571,81,51,30
60QY000572,87,47,40
60QY000573,99,59,40
60QY000574,86,48,38
60QY000575,77,35,42
60QY000576,90,48,42
60QY000577,79,38,41
60QY000578,70,36,34
60QY000579,82,35,47
60QY000580,86,51,35
60QY000581,106,69,37
60QY000582,85,50,35
60QY000583,60,24,36
60QY000584,90,50,40
60QY000585,114,74,40
60QY000586,81,35,46
60QY000587,131,88,43
60QY000588,143,97,46
60QY000589,96,61,35
60QY000590,102,59,43
60QY000591,75,31,44
60QY000592,64,35,29
60QY000593,159,109,50
60QY000594,124,73,51
60QY000595,99,63,36
60QY000596,67,37,30
60QY000597,89,51,38
60QY000598,118,80,38
60QY000599,64,44,20
60QY000600,90,51,39
60QY000601,39,29,10
60QY000602,91,64,27
60QY000603,73,55,18
60QY000604,108,68,40
60QY000605,53,35,18
60QY000606,106,64,42
60QY000607,69,41,28
60QY000608,101,70,31
60QY000609,50,32,18
60QY000610,91,59,32
60QY000611,72,53,19
60QY000612,117,78,39
60QY000613,53,38,15
60QY000614,105,74,31
60QY000615,84,64,20
60QY000616,65,30,35
60QY000617,70,48,22
60QY000618,56,25,31
60QY000619,72,44,28
60QY000620,84,50,34
60QY000621,56,24,32
60QY000622,85,53,32
60QY000623,59,28,31
60QY000624,80,38,42
60QY000625,121,72,49
60QY000626,83,44,39
60QY000627,76,41,35
60QY000628,59,29,30
60QY000629,73,37,36
60QY000630,88,49,39
60QY000631,92,43,49
60QY000632,72,34,38
60QY000633,81,39,42
60QY000634,45,17,28
60QY000635,67,52,15
60QY000636,79,43,36
60QY000637,108,62,46
60QY000638,70,46,24
60QY000639,142,85,57
60QY000640,109,69,40
60QY000641,101,55,46
60QY000642,109,70,39
60QY000643,146,75,71
60QY000644,117,74,43
60QY000645,98,59,39
60QY000646,115,74,41
60QY000647,87,59,28
60QY000648,110,75,35
60QY000649,89,59,30
60QY000650,62,48,14
60QY000651,119,87,32
60QY000652,101,64,37
60QY000653,102,79,23
60QY000654,92,48,44
60QY000655,80,47,33
60QY000656,98,51,47
60QY000657,64,31,33
60QY000658,71,54,17
60QY000659,74,52,22
60QY000660,68,40,28
60QY000661,86,58,28
60QY000662,86,48,38
60QY000663,62,34,28
60QY000664,75,46,29
60QY000665,59,21,38
60QY000666,75,44,31
60QY000667,115,83,32
60QY000668,128,99,29
60QY000669,37,4,33
60QY000670,60,23,37
60QY000671,87,64,23
60QY000672,88,51,37
60QY000673,67,38,29
60QY000674,73,39,34
60QY000675,65,48,17
60QY000676,62,28,34
60QY000677,55,25,30
60QY000678,77,44,33
60QY000679,97,49,48
60QY000680,92,51,41
60QY000681,126,73,53
60QY000682,117,68,49
60QY000683,90,48,42
60QY000684,101,59,42
60QY000685,54,23,31
60QY000686,80,40,40
60QY000687,56,26,30
60QY000688,132,98,34
60QY000689,80,52,28
60QY000690,72,41,31
60QY000691,97,70,27
60QY000692,62,55,7
60QY000693,117,72,45
60QY000694,79,61,18
60QY000695,61,32,29
60QY000696,94,56,38
60QY000697,116,74,42
60QY000698,74,32,42
60QY000699,97,47,50
60QY000700,61,32,29
60QY000701,102,55,47
60QY000702,100,62,38
60QY000703,76,41,35
60QY000704,72,42,30
60QY000705,91,55,36
60QY000706,158,129,29
60QY000707,164,109,55
60QY000708,134,118,16
60QY000709,82,34,48
60QY000710,116,93,23
60QY000711,88,72,16
60QY000712,78,63,15
60QY000713,84,68,16
60QY000714,93,67,26
60QY000715,60,38,22
60QY000716,67,34,33
60QY000717,80,45,35
60QY000718,61,33,28
60QY000719,86,61,25
60QY000720,100,58,42
60QY000721,69,41,28
60QY000722,97,54,43
60QY000723,47,19,28
60QY000724,66,48,18
60QY000725,97,70,27
60QY000726,68,49,19
60QY000727,50,23,27
60QY000728,133,81,52
60QY000729,133,87,46
60QY000730,85,39,46
60QY000731,113,68,45
60QY000732,68,28,40
60QY000733,80,49,31
60QY000734,67,47,20
60QY000735,104,69,35
60QY000736,119,83,36
60QY000737,125,74,51
60QY000738,97,56,41
60QY000739,160,102,58
60QY000740,113,64,49
60QY000741,124,86,38
60QY000742,122,94,28
60QY000743,126,79,47
60QY000744,69,43,26
60QY000745,123,83,40
60QY000746,75,48,27
60QY000747,53,28,25
60QY000748,80,30,50
60QY000749,88,46,42
60QY000750,39,13,26
60QY000751,52,25,27
60QY000752,81,39,42
60QY000753,95,35,60
60QY000754,82,46,36
60QY000755,67,35,32
60QY000756,74,45,29
60QY000757,80,36,44
60QY000758,88,39,49
60QY000759,95,50,45
60QY000760,68,42,26
60QY000761,109,62,47
60QY000762,49,36,13
60QY000763,101,68,33
60QY000764,117,64,53
60QY000765,83,51,32
60QY000766,136,75,61
60QY000767,57,23,34
60QY000768,56,29,27
60QY000769,79,37,42
60QY000770,54,27,27
60QY000771,118,67,51
60QY000772,87,59,28
60QY000773,92,22,70
60QY000774,60,39,21
60QY000775,43,13,30
60QY000776,73,44,29
60QY000777,111,75,36
60QY000778,29,1,28
60QY000779,61,27,34
60QY000780,34,15,19
60QY000781,48,25,23
60QY000782,55,33,22
60QY000783,32,18,14
60QY000784,64,43,21
60QY000785,80,54,26
60QY000786,70,40,30
60QY000787,59,39,20
60QY000788,97,65,32
60QY000789,90,61,29
60QY000790,23,10,13
60QY000791,37,19,18
60QY000792,53,33,20
60QY000793,67,36,31
60QY000794,139,103,36
60QY000795,142,88,54
60QY000796,91,56,35
60QY000797,86,50,36
60QY000798,87,35,52
60QY000799,103,49,54
60QY000800,101,55,46
60QY000801,97,54,43
60QY000802,91,49,42
60QY000803,72,32,40
60QY000804,50,32,18
60QY000805,116,80,36
60QY000806,90,63,27
60QY000807,111,83,28
60QY000808,77,35,42
60QY000809,71,42,29
60QY000810,78,35,43
60QY000811,115,77,38
60QY000812,49,30,19
60QY000813,133,84,49
60QY000814,70,46,24
60QY000815,68,46,22
60QY000816,50,35,15
60QY000817,92,59,33
60QY000818,68,43,25
60QY000819,50,35,15
60QY000820,88,56,32
60QY000821,74,52,22
60QY000822,77,53,24
60QY000823,96,48,48
60QY000824,55,21,34
60QY000825,65,33,32
60QY000826,40,20,20
60QY000827,70,45,25
60QY000828,81,47,34
60QY000829,83,54,29
60QY000830,99,63,36
60QY000831,57,21,36
60QY000832,70,48,22
60QY000833,82,60,22
60QY000834,154,98,56
60QY000835,99,65,34
60QY000836,131,86,45
60QY000837,119,79,40
60QY000838,135,86,49
60QY000839,140,89,51
60QY000840,108,55,53
60QY000841,113,71,42
60QY000842,62,40,22
60QY000843,86,50,36
60QY000844,81,41,40
60QY000845,140,82,58
60QY000846,97,61,36
60QY000847,113,70,43
60QY000848,94,52,42
60QY000849,73,49,24
60QY000850,97,68,29
60QY000851,68,39,29
60QY000852,90,60,30
60QY000853,56,32,24
60QY000854,78,45,33
60QY000855,63,46,17
60QY000856,113,63,50
60QY000857,78,46,32
60QY000858,85,46,39
60QY000859,83,55,28
60QY000860,172,116,56
60QY000861,54,44,10
60QY000862,66,37,29
60QY000863,125,93,32
60QY000864,117,87,30
60QY000865,36,21,15
60QY000866,78,47,31
60QY000867,125,88,37
60QY000868,98,48,50
60QY000869,73,61,12
60QY000870,53,22,31
60QY000871,68,37,31
60QY000872,65,39,26
60QY000873,85,51,34
60QY000874,53,42,11
60QY000875,91,55,36
60QY000876,69,49,20
60QY000877,72,46,26
60QY000878,67,33,34
60QY000879,69,44,25
60QY000880,55,37,18
60QY000881,78,63,15
60QY000882,35,19,16
60QY000883,36,26,10
60QY000884,59,43,16
60QY000885,105,79,26
60QY000886,73,47,26
60QY000887,71,43,28
60QY000888,43,26,17
60QY000889,86,57,29
60QY000890,92,69,23
60QY000891,52,34,18
60QY000892,41,21,20
60QY000893,63,42,21
60QY000894,152,103,49
60QY000895,41,22,19
60QY000896,45,26,19
60QY000897,76,50,26
60QY000898,54,31,23
60QY000899,162,127,35
60QY000900,64,39,25
60QY000901,87,58,29
60QY000902,108,72,36
60QY000903,58,40,18
60QY000904,83,56,27
60QY000905,49,38,11
60QY000906,52,45,7
60QY000907,83,60,23
60QY000908,101,51,50
60QY000909,68,44,24
60QY000910,134,103,31
60QY000911,78,55,23
60QY000912,67,33,34
60QY000913,45,29,16
60QY000914,71,26,45
60QY000915,158,100,58
60QY000916,78,45,33
60QY000917,62,39,23
60QY000918,76,54,22
60QY000919,74,44,30
60QY000920,46,30,16
60QY000921,88,58,30
60QY000922,83,62,21
60QY000923,71,25,46
60QY000924,83,48,35
60QY000925,85,52,33
60QY000926,41,32,9
60QY000927,41,28,13
60QY000928,69,36,33
60QY000929,75,48,27
60QY000930,69,39,30
60QY000931,52,27,25
60QY000932,45,18,27
60QY000933,41,17,24
60QY000934,63,36,27
60QY000935,80,47,33
60QY000936,56,47,9
60QY000937,97,75,22
60QY000938,65,49,16
60QY000939,88,61,27
60QY000940,46,31,15
60QY000941,67,42,25
60QY000942,137,94,43
60QY000943,80,28,52
60QY000944,110,78,32
60QY000945,58,29,29
60QY000946,42,29,13
60QY000947,138,90,48
60QY000948,115,89,26
60QY000949,122,90,32
60QY000950,118,82,36
60QY000951,40,31,9
60QY000952,91,70,21
60QY000953,41,23,18
60QY000954,73,45,28
60QY000955,103,80,23
60QY000956,46,31,15
60QY000957,78,41,37
60QY000958,133,93,40
60QY000959,54,38,16
60QY000960,63,46,17
60QY000961,141,98,43
60QY000962,67,55,12
60QY000963,124,99,25
60QY000964,41,36,5
60QY000965,111,96,15
60QY000966,83,54,29
60QY000967,51,26,25
60QY000968,55,30,25
60QY000969,91,44,47
60QY000970,83,63,20
60QY000971,62,52,10
60QY000972,147,110,37
60QY000973,53,46,7
60QY000974,115,83,32
60QY000975,98,69,29
60QY000976,100,87,13
60QY000977,123,105,18
60QY000978,107,81,26
60QY000979,137,90,47
60QY000980,80,51,29
60QY000981,55,35,20
60QY000982,87,50,37
60QY000983,38,12,26
60QY000984,64,32,32
60QY000985,144,88,56
60QY000986,51,43,8
60QY000987,122,100,22
60QY000988,125,112,13
60QY000989,131,118,13
60QY000990,74,48,26
60QY000991,89,56,33
60QY000992,59,41,18
60QY000993,91,70,21
60QY000994,75,38,37
60QY000995,49,28,21
60QY000996,134,81,53
60QY000997,157,124,33
60QY000998,90,70,20
60QY000999,125,114,11
60QY001000,41,27,14
60QY001001,119,64,55
60QY001002,100,70,30
60QY001003,82,63,19
60QY001004,118,69,49
60QY001005,52,34,18
60QY001006,69,55,14
60QY001007,93,58,35
60QY001008,62,45,17
60QY001009,59,39,20
60QY001010,74,33,41
60QY001011,105,74,31
60QY001012,108,55,53
60QY001013,51,35,16
60QY001014,76,47,29
60QY001015,87,49,38
60QY001016,42,22,20
60QY001017,114,57,57
60QY001018,141,82,59
60QY001019,52,24,28
60QY001020,92,58,34
60QY001021,113,84,29
60QY001022,139,107,32
60QY001023,63,43,20
60QY001024,88,50,38
60QY001025,94,73,21
60QY001026,88,60,28
60QY001027,88,70,18
60QY001028,175,95,80
60QY001029,39,15,24
60QY001030,86,58,28
60QY001031,78,50,28
60QY001032,100,39,61
60QY001033,46,20,26
60QY001034,70,41,29
60QY001035,53,36,17
60QY001036,54,27,27
60QY001037,62,35,27
60QY001038,50,28,22
60QY001039,71,52,19
60QY001040,69,49,20
60QY001041,87,44,43
60QY001042,91,72,19
60QY001043,55,37,18
60QY001044,48,31,17
60QY001045,82,44,38
60QY001046,124,78,46
60QY001047,119,100,19
60QY001048,63,47,16
60QY001049,69,42,27
60QY001050,79,48,31
60QY001051,57,35,22
60QY001052,79,44,35
60QY001053,137,88,49
60QY001054,142,81,61
60QY001055,170,109,61
60QY001056,85,22,63
60QY001057,45,23,22
60QY001058,109,61,48
60QY001059,99,52,47
60QY001060,47,22,25
60QY001061,108,69,39
60QY001062,55,43,12
60QY001063,111,72,39
60QY001064,67,55,12
60QY001065,95,78,17
60QY001066,63,51,12
60QY001067,104,44,60
60QY001068,76,53,23
60QY001069,97,71,26
60QY001070,74,47,27
60QY001071,85,53,32
60QY001072,85,37,48
60QY001073,50,31,19
60QY001074,79,41,38
60QY001075,79,49,30
60QY001076,171,120,51
60QY001077,91,71,20
60QY001078,83,53,30
60QY001079,99,85,14
60QY001080,107,79,28
60QY001081,75,39,36
60QY001082,60,34,26
60QY001083,105,87,18
60QY001084,51,29,22
60QY001085,155,132,23
60QY001086,115,83,32
60QY001087,80,46,34
60QY001088,54,26,28
60QY001089,32,24,8
60QY001090,68,35,33
60QY001091,27,14,13
60QY001092,78,27,51
60QY001093,63,28,35
60QY001094,79,54,25
60QY001095,66,44,22
60QY001096,88,44,44
60QY001097,63,36,27
60QY001098,67,47,20
60QY001099,98,51,47
60QY001100,113,53,60
60QY001101,90,40,50
60QY001102,43,37,6
60QY001103,77,50,27
60QY001104,39,13,26
60QY001105,59,33,26
60QY001106,85,56,29
60QY001107,179,120,59
60QY001108,127,66,61
60QY001109,119,87,32
60QY001110,109,89,20
60QY001111,144,111,33
60QY001112,54,29,25
60QY001113,89,61,28
60QY001114,100,80,20
60QY001115,149,91,58
60QY001116,95,84,11
60QY001117,138,123,15
60QY001118,87,51,36
60QY001119,125,76,49
60QY001120,90,45,45
60QY001121,119,103,16
60QY001122,143,131,12
60QY001123,104,84,20
60QY001124,148,113,35
60QY001125,127,112,15
60QY001126,103,67,36
60QY001127,79,45,34
60QY001128,152,127,25
60QY001129,128,111,17
60QY001130,120,93,27
60QY001131,114,96,18
60QY001132,44,31,13
60QZ000001,41,27,14
60QZ000002,71,27,44
60QZ000003,57,34,23
60QZ000004,58,29,29
60QZ000005,106,63,43
60QZ000006,92,62,30
60QZ000007,89,56,33
60QZ000008,144,102,42
60QZ000009,110,65,45
60QZ000010,168,129,39
60QZ000011,119,81,38
60QZ000012,107,73,34
60QZ000013,134,95,39
60QZ000014,49,19,30
60QZ000015,109,62,47
60QZ000016,100,60,40
60QZ000017,94,43,51
60QZ000018,127,78,49
60QZ000019,87,48,39
60QZ000020,106,76,30
60QZ000021,100,75,25
60QZ000022,90,69,21
60QZ000023,87,67,20
60QZ000024,84,61,23
60QZ000025,105,64,41
60QZ000026,59,34,25
60QZ000027,118,61,57
60QZ000028,66,43,23
60QZ000029,142,102,40
60QZ000030,103,82,21
60QZ000031,118,76,42
60QZ000032,124,79,45
60QZ000033,121,74,47
60QZ000034,116,68,48
60QZ000035,148,92,56
60QZ000036,61,33,28
60QZ000037,94,54,40
60QZ000038,112,68,44
60QZ000039,83,49,34
60QZ000040,85,45,40
60QZ000041,107,73,34
60QZ000042,74,45,29
60QZ000043,78,46,32
60QZ000044,75,43,32
60QZ000045,54,26,28
60QZ000046,133,67,66
60QZ000047,91,53,38
60QZ000048,79,52,27
60QZ000049,88,45,43
60QZ000050,43,32,11
60QZ000051,118,79,39
60QZ000052,147,122,25
60QZ000053,72,51,21
60QZ000054,56,44,12
60QZ000055,53,29,24
60QZ000056,135,89,46
60QZ000057,85,44,41
60QZ000058,70,59,11
60QZ000059,65,27,38
60QZ000060,70,46,24
60QZ000061,55,24,31
60QZ000062,92,59,33
60QZ000063,129,53,76
60QZ000064,96,68,28
60QZ000065,112,75,37
60QZ000066,108,79,29
60QZ000067,158,120,38
60QZ000068,148,124,24
60QZ000069,77,54,23
60QZ000070,76,55,21
60QZ000071,119,98,21
60QZ000072,99,77,22
60QZ000073,106,72,34
60QZ000074,102,45,57
60QZ000075,88,40,48
60QZ000076,86,48,38
60QZ000077,79,38,41
60QZ000078,85,43,42
60QZ000079,62,32,30
60QZ000080,59,23,36
60QZ000081,74,32,42
60QZ000082,96,56,40
60QZ000083,65,33,32
60QZ000084,84,47,37
60QZ000085,108,64,44
60QZ000086,78,29,49
60QZ000087,46,23,23
60QZ000088,103,63,40
60QZ000089,102,59,43
60QZ000090,118,72,46
60QZ000091,93,55,38
60QZ000092,95,63,32
60QZ000093,112,73,39
60QZ000094,146,102,44
60QZ000095,35,19,16
60QZ000096,112,81,31
60QZ000097,162,116,46
60QZ000098,106,73,33
60QZ000099,83,60,23
60QZ000100,43,34,9
60QZ000101,97,68,29
60QZ000102,106,90,16
60QZ000103,50,34,16
60QZ000104,72,45,27
60QZ000105,93,66,27
60QZ000106,85,60,25
60QZ000107,82,56,26
60QZ000108,87,71,16
60QZ000109,98,88,10
60QZ000110,154,140,14
60QZ000111,98,79,19
60QZ000112,121,91,30
60QZ000113,47,21,26
60QZ000114,81,41,40
60QZ000115,82,54,28
60QZ000116,67,32,35
60QZ000117,90,63,27
60QZ000118,96,59,37
60QZ000119,94,60,34
60QZ000120,61,37,24
60QZ000121,69,62,7
60QZ000122,127,109,18
60QZ000123,79,60,19
60QZ000124,47,39,8
60QZ000125,141,119,22
60QZ000126,82,74,8
60QZ000127,107,94,13
60QZ000128,93,82,11
60QZ000129,59,24,35
60QZ000130,77,37,40
60QZ000131,96,51,45
60QZ000132,56,29,27
60QZ000133,57,42,15
60QZ000134,124,105,19
60QZ000135,107,97,10
60QZ000136,110,102,8
60QZ000137,49,40,9
60QZ000138,108,52,56
60QZ000139,116,50,66
60QZ000140,77,45,32
60QZ000141,98,61,37
60QZ000142,46,32,14
60QZ000143,108,81,27
60QZ000144,70,52,18
60QZ000145,51,30,21
60QZ000146,77,48,29
60QZ000147,80,51,29
60QZ000148,103,73,30
60QZ000149,52,37,15
60QZ000150,60,55,5
60QZ000151,119,74,45
60QZ000152,104,70,34
60QZ000153,100,67,33
60QZ000154,63,45,18
60QZ000155,71,52,19
60QZ000156,75,52,23
60QZ000157,67,41,26
60QZ000158,118,48,70
60QZ000159,64,48,16
60QZ000160,106,76,30
60QZ000161,130,85,45
60QZ000162,39,27,12
60QZ000163,217,96,121
60QZ000164,164,117,47
60QZ000165,151,101,50
60QZ000166,126,95,31
60QZ000167,107,59,48
60QZ000168,57,30,27
60QZ000169,63,33,30
60QZ000170,71,42,29
60QZ000171,71,35,36
60QZ000172,66,40,26
60QZ000173,96,39,57
60QZ000174,43,19,24
60QZ000175,73,43,30
60QZ000176,89,42,47
60QZ000177,76,33,43
60QZ000178,89,49,40
60QZ000179,155,91,64
60QZ000180,90,45,45
60QZ000181,109,71,38
60QZ000182,62,27,35
60QZ000183,109,66,43
60QZ000184,151,98,53
60QZ000185,69,35,34
60QZ000186,79,49,30
60QZ000187,136,119,17
60QZ000188,117,50,67
60QZ000189,50,32,18
60QZ000190,45,11,34
60QZ000191,74,47,27
60QZ000192,94,52,42
60QZ000193,110,64,46
60QZ000194,69,40,29
60QZ000195,95,46,49
60QZ000196,135,69,66
60QZ000197,119,55,64
60QZ000198,86,62,24
60QZ000199,143,87,56
60QZ000200,83,41,42
60QZ000201,126,75,51
60QZ000202,126,72,54
60QZ000203,89,45,44
60QZ000204,97,55,42
60QZ000205,179,89,90
60QZ000206,125,74,51
60QZ000207,98,52,46
60QZ000208,168,76,92
60QZ000209,49,28,21
60QZ000210,116,73,43
60QZ000211,136,84,52
60QZ000212,118,66,52
60QZ000213,87,55,32
60QZ000214,112,69,43
60QZ000215,110,49,61
60QZ000216,84,45,39
60QZ000217,139,84,55
60QZ000218,98,62,36
60QZ000219,100,48,52
60QZ000220,115,73,42
60QZ000221,83,49,34
60QZ000222,81,47,34
60QZ000223,61,27,34
60QZ000224,74,25,49
60QZ000225,63,22,41
60QZ000226,85,47,38
60QZ000227,49,20,29
60QZ000228,58,20,38
60QZ000229,53,34,19
60QZ000230,128,81,47
60QZ000231,81,54,27
60QZ000232,98,70,28
60QZ000233,95,59,36
60QZ000234,136,85,51
60QZ000235,106,66,40
60QZ000236,142,82,60
60QZ000237,125,73,52
60QZ000238,79,46,33
60QZ000239,53,22,31
60QZ000240,157,100,57
60QZ000241,97,53,44
60QZ000242,89,50,39
60QZ000243,87,52,35
60QZ000244,88,55,33
60QZ000245,70,42,28
60QZ000246,53,21,32
60QZ000247,83,52,31
60QZ000248,120,76,44
60QZ000249,71,39,32
60QZ000250,61,36,25
60QZ000251,112,67,45
60QZ000252,129,74,55
60QZ000253,133,94,39
60QZ000254,60,30,30
60QZ000255,93,74,19
60QZ000256,150,93,57
60QZ000257,101,60,41
60QZ000258,115,73,42
60QZ000259,130,59,71
60QZ000260,83,45,38
60QZ000261,109,85,24
60QZ000262,103,64,39
60QZ000263,86,49,37
60QZ000264,74,48,26
60QZ000265,125,67,58
60QZ000266,98,45,53
60QZ000267,87,42,45
60QZ000268,95,57,38
60QZ000269,78,36,42
60QZ000270,154,87,67
60QZ000271,102,58,44
60QZ000272,137,82,55
60QZ000273,82,44,38
60QZ000274,131,71,60
60QZ000275,110,62,48
60QZ000276,118,72,46
60QZ000277,122,90,32
60QZ000278,120,110,10
60QZ000279,126,70,56
60QZ000280,112,70,42
60QZ000281,114,76,38
60QZ000282,121,70,51
60QZ000283,171,134,37
60QZ000284,166,128,38
60QZ000285,128,91,37
60QZ000286,106,75,31
60QZ000287,79,49,30
60QZ000288,112,69,43
60QZ000289,72,38,34
60QZ000290,105,66,39
60QZ000291,64,39,25
60QZ000292,135,78,57
60QZ000293,117,70,47
60QZ000294,102,63,39
60QZ000295,103,59,44
60QZ000296,78,36,42
60QZ000297,72,36,36
60QZ000298,87,48,39
60QZ000299,90,47,43
60QZ000300,102,57,45
60QZ000301,83,46,37
60QZ000302,93,64,29
60QZ000303,91,68,23
60QZ000304,70,36,34
60QZ000305,48,24,24
60QZ000306,72,36,36
60QZ000307,53,26,27
60QZ000308,86,53,33
60QZ000309,68,34,34
60QZ000310,75,44,31
60QZ000311,104,66,38
60QZ000312,135,85,50
60QZ000313,79,65,14
60QZ000314,102,70,32
60QZ000315,131,97,34
60QZ000316,99,70,29
60QZ000317,146,101,45
60QZ000318,95,47,48
60QZ000319,82,54,28
60QZ000320,78,46,32
60QZ000321,88,46,42
60QZ000322,82,48,34
60QZ000323,71,44,27
60QZ000324,117,73,44
60QZ000325,149,99,50
60QZ000326,18,4,14
60QZ000327,91,59,32
60QZ000328,138,89,49
60QZ000329,80,46,34
60QZ000330,117,69,48
60QZ000331,90,63,27
60QZ000332,76,42,34
60QZ000333,65,33,32
60QZ000334,114,57,57
60QZ000335,87,57,30
60QZ000336,104,80,24
60QZ000337,66,38,28
60QZ000338,80,58,22
60QZ000339,77,55,22
60QZ000340,126,107,19
60QZ000341,145,109,36
60QZ000342,90,66,24
60QZ000343,113,52,61
60QZ000344,110,62,48
60QZ000345,101,60,41
60QZ000346,118,67,51
60QZ000347,71,36,35
60QZ000348,81,52,29
60QZ000349,48,27,21
60QZ000350,50,32,18
60QZ000351,61,23,38
60QZ000352,84,35,49
60QZ000353,81,45,36
60QZ000354,148,85,63
60QZ000355,63,30,33
60QZ000356,124,56,68
60QZ000357,68,31,37
60QZ000358,64,33,31
60QZ000359,48,19,29
60QZ000360,91,56,35
60QZ000361,51,34,17
60QZ000362,76,44,32
60QZ000363,88,53,35
60QZ000364,164,98,66
60QZ000365,113,67,46
60QZ000366,89,57,32
60QZ000367,126,82,44
60QZ000368,126,78,48
60QZ000369,101,52,49
60QZ000370,101,62,39
60QZ000371,102,68,34
60QZ000372,73,40,33
60QZ000373,80,50,30
60QZ000374,117,78,39
60QZ000375,83,50,33
60QZ000376,96,55,41
60QZ000377,82,53,29
60QZ000378,80,46,34
60QZ000379,69,47,22
60QZ000380,95,58,37
60QZ000381,99,46,53
60QZ000382,91,53,38
60QZ000383,91,56,35
60QZ000384,132,72,60
60QZ000385,114,87,27
60QZ000386,69,47,22
60QZ000387,86,54,32
60QZ000388,61,28,33
60QZ000389,64,36,28
60QZ000390,79,44,35
60QZ000391,113,60,53
60QZ000392,85,47,38
60QZ000393,122,63,59
60QZ000394,86,51,35
60QZ000395,68,37,31
60QZ000396,65,32,33
60QZ000397,90,49,41
60QZ000398,175,120,55
60QZ000399,188,144,44
60QZ000400,174,131,43
60QZ000401,170,120,50
60QZ000402,108,81,27
60QZ000403,174,116,58
60QZ000404,138,78,60
60QZ000405,47,25,22
60QZ000406,94,60,34
60QZ000407,75,47,28
60QZ000408,110,56,54
60QZ000409,95,53,42
60QZ000410,92,52,40
60QZ000411,129,82,47
60QZ000412,120,66,54
60QZ000413,61,28,33
60QZ000414,40,20,20
60QZ000415,57,27,30
60QZ000416,59,39,20
60QZ000417,84,37,47
60QZ000418,55,42,13
60QZ000419,60,34,26
60QZ000420,119,69,50
60QZ000421,74,45,29
60QZ000422,62,33,29
60QZ000423,161,101,60
60QZ000424,109,63,46
60QZ000425,106,64,42
60QZ000426,53,28,25
60QZ000427,114,71,43
60QZ000428,71,32,39
60QZ000429,115,87,28
60QZ000430,48,13,35
60QZ000431,61,49,12
60QZ000432,80,66,14
60QZ000433,132,107,25
60QZ000434,121,80,41
60QZ000435,143,119,24
60QZ000436,107,59,48
60QZ000437,127,83,44
60QZ000438,68,58,10
60QZ000439,56,36,20
60QZ000440,107,53,54
60QZ000441,121,71,50
60QZ000442,97,51,46
60QZ000443,104,69,35
60QZ000444,48,16,32
60QZ000445,76,51,25
60QZ000446,57,33,24
60QZ000447,134,87,47
60QZ000448,109,70,39
60QZ000449,122,66,56
60QZ000450,104,57,47
60QZ000451,123,73,50
60QZ000452,113,60,53
60QZ000453,111,53,58
60QZ000454,81,52,29
60QZ000455,73,32,41
60QZ000456,110,65,45
60QZ000457,81,37,44
60QZ000458,55,24,31
60QZ000459,97,52,45
60QZ000460,64,32,32
60QZ000461,74,45,29
60QZ000462,133,77,56
60QZ000463,110,66,44
60QZ000464,114,51,63
60QZ000465,77,37,40
60QZ000466,88,51,37
60QZ000467,58,38,20
60QZ000468,145,86,59
60QZ000469,79,47,32
60QZ000470,134,109,25
60QZ000471,128,79,49
60QZ000472,131,76,55
60QZ000473,75,47,28
60QZ000474,106,48,58
60QZ000475,68,37,31
60QZ000476,101,58,43
60QZ000477,75,42,33
60QZ000478,78,36,42
60QZ000479,126,68,58
60QZ000480,70,30,40
60QZ000481,130,67,63
60QZ000482,96,57,39
60QZ000483,89,47,42
60QZ000484,104,65,39
60QZ000485,65,30,35
60QZ000486,130,86,44
60QZ000487,78,58,20
60QZ000488,113,88,25
60QZ000489,76,50,26
60QZ000490,122,69,53
60QZ000491,89,47,42
60QZ000492,98,60,38
60QZ000493,113,72,41
60QZ000494,82,51,31
60QZ000495,108,63,45
60QZ000496,83,53,30
60QZ000497,67,41,26
60QZ000498,64,31,33
60QZ000499,95,54,41
60QZ000500,74,45,29
60QZ000501,83,38,45
60QZ000502,75,60,15
60QZ000503,81,58,23
60QZ000504,96,56,40
60QZ000505,63,31,32
60QZ000506,103,60,43
60QZ000507,74,41,33
60QZ000508,109,56,53
60QZ000509,83,37,46
60QZ000510,73,39,34
60QZ000511,99,55,44
60QZ000512,135,108,27
60QZ000513,121,88,33
60QZ000514,86,78,8
60QZ000515,142,69,73
60QZ000516,92,52,40
60QZ000517,65,33,32
60QZ000518,127,74,53
60QZ000519,77,35,42
60QZ000520,102,47,55
60QZ000521,79,46,33
60QZ000522,78,36,42
60QZ000523,102,52,50
60QZ000524,57,33,24
60QZ000525,98,61,37
60QZ000526,80,35,45
60QZ000527,125,79,46
60QZ000528,73,39,34
60QZ000529,93,46,47
60QZ000530,88,48,40
60QZ000531,91,59,32
60QZ000532,115,62,53
60QZ000533,97,82,15
60QZ000534,87,47,40
60QZ000535,78,51,27
60QZ000536,79,58,21
60QZ000537,129,82,47
60QZ000538,122,64,58
60QZ000539,135,81,54
60QZ000540,121,68,53
60QZ000541,73,48,25
60QZ000542,80,48,32
60QZ000543,153,86,67
60QZ000544,118,63,55
60QZ000545,65,27,38
60QZ000546,84,52,32
60QZ000547,88,51,37
60QZ000548,121,62,59
60QZ000549,113,55,58
60QZ000550,126,93,33
60QZ000551,105,73,32
60QZ000552,88,57,31
60QZ000553,103,78,25
60QZ000554,105,91,14
60QZ000555,89,51,38
60QZ000556,120,87,33
60QZ000557,128,93,35
60QZ000558,103,60,43
60QZ000559,80,63,17
60QZ000560,135,90,45
60QZ000561,124,79,45
60QZ000562,115,74,41
60QZ000563,89,55,34
60QZ000564,101,79,22
60QZ000565,102,84,18
60QZ000566,62,47,15
60QZ000567,65,41,24
60QZ000568,49,29,20
60QZ000569,44,20,24
60QZ000570,80,44,36
60QZ000571,70,30,40
60QZ000572,77,32,45
60QZ000573,124,74,50
60QZ000574,101,47,54
60QZ000575,59,19,40
60QZ000576,72,27,45
60QZ000577,72,43,29
60QZ000578,87,46,41
60QZ000579,63,27,36
60QZ000580,65,23,42
60QZ000581,41,9,32
60QZ000582,96,72,24
60QZ000583,80,48,32
60QZ000584,74,43,31
60QZ000585,133,110,23
60QZ000586,130,102,28
60QZ000587,77,40,37
60QZ000588,97,80,17
60QZ000589,124,82,42
60QZ000590,119,68,51
60QZ000591,106,72,34
60QZ000592,119,70,49
60QZ000593,102,55,47
60QZ000594,118,54,64
60QZ000595,48,32,16
60QZ000596,97,49,48
60QZ000597,166,90,76
60QZ000598,102,62,40
60QZ000599,100,61,39
60QZ000600,139,75,64
60QZ000601,138,84,54
60QZ000602,145,85,60
60QZ000603,107,56,51
60QZ000604,73,40,33
60QZ000605,91,55,36
60QZ000606,89,47,42
60QZ000607,93,61,32
60QZ000608,72,39,33
60QZ000609,86,42,44
60QZ000610,125,61,64
60QZ000611,121,65,56
60QZ000612,71,35,36
60QZ000613,85,44,41
60QZ000614,92,57,35
60QZ000615,128,67,61
60QZ000616,139,74,65
60QZ000617,134,77,57
60QZ000618,109,63,46
60QZ000619,124,70,54
60QZ000620,95,49,46
60QZ000621,61,37,24
60QZ000622,118,61,57
60QZ000623,78,40,38
60QZ000624,96,59,37
60QZ000625,67,39,28
60QZ000626,106,53,53
60QZ000627,62,34,28
60QZ000628,79,41,38
60QZ000629,84,51,33
60QZ000630,37,17,20
60QZ000631,93,62,31
60QZ000632,172,99,73
60QZ000633,83,43,40
60QZ000634,129,75,54
60QZ000635,75,53,22
60QZ000636,84,39,45
60QZ000637,143,98,45
60QZ000638,101,67,34
60QZ000639,91,61,30
60QZ000640,70,50,20
60QZ000641,99,62,37
60QZ000642,74,44,30
60QZ000643,118,86,32
60QZ000644,117,94,23
60QZ000645,65,28,37
60QZ000646,75,30,45
60QZ000647,65,26,39
60QZ000648,83,50,33
60QZ000649,100,51,49
60QZ000650,84,41,43
60QZ000651,76,39,37
60QZ000652,96,46,50
60QZ000653,52,25,27
60QZ000654,81,47,34
60QZ000655,87,51,36
60QZ000656,66,53,13
60QZ000657,56,47,9
60QZ000658,130,68,62
60QZ000659,140,79,61
60QZ000660,64,49,15
60QZ000661,82,56,26
60QZ000662,125,77,48
60QZ000663,31,15,16
60QZ000664,99,45,54
60QZ000665,150,102,48
60QZ000666,84,79,5
60QZ000667,139,73,66
60QZ000668,88,48,40
60QZ000669,148,89,59
60QZ000670,66,39,27
60QZ000671,68,47,21
60QZ000672,79,48,31
60QZ000673,72,45,27
60QZ000674,59,34,25
60QZ000675,74,46,28
60QZ000676,115,101,14
60QZ000677,132,109,23
60QZ000678,110,92,18
60QZ000679,159,115,44
60QZ000680,54,25,29
60QZ000681,110,65,45
60QZ000682,106,45,61
60QZ000683,114,37,77
60QZ000684,160,76,84
60QZ000685,113,55,58
60QZ000686,87,40,47
60QZ000687,116,67,49
60QZ000688,75,45,30
60QZ000689,43,26,17
60QZ000690,66,34,32
60QZ000691,134,74,60
60QZ000692,132,84,48
60QZ000693,128,53,75
60QZ000694,129,77,52
60QZ000695,79,37,42
60QZ000696,82,53,29
60QZ000697,66,34,32
60QZ000698,120,72,48
60QZ000699,108,50,58
60QZ000700,70,36,34
60QZ000701,49,19,30
60QZ000702,59,31,28
60QZ000703,43,16,27
60QZ000704,71,27,44
60QZ000705,40,8,32
60QZ000706,94,83,11
60QZ000707,79,46,33
60QZ000708,119,66,53
60QZ000709,85,49,36
60QZ000710,95,54,41
60QZ000711,55,25,30
60QZ000712,82,34,48
60QZ000713,77,40,37
60QZ000714,121,59,62
60QZ000715,121,56,65
60QZ000716,61,34,27
60QZ000717,83,41,42
60QZ000718,90,52,38
60QZ000719,48,15,33
60QZ000720,48,34,14
60QZ000721,21,5,16
60QZ000722,106,64,42
60QZ000723,44,24,20
60QZ000724,100,82,18
60QZ000725,115,59,56
60QZ000726,131,73,58
60QZ000727,155,105,50
60QZ000728,79,40,39
60QZ000729,134,70,64
60QZ000730,95,40,55
60QZ000731,90,47,43
60QZ000732,126,76,50
60QZ000733,123,70,53
60QZ000734,107,59,48
60QZ000735,90,48,42
60QZ000736,126,73,53
60QZ000737,97,62,35
60QZ000738,114,69,45
60QZ000739,105,68,37
60QZ000740,104,50,54
60QZ000741,71,42,29
60QZ000742,93,53,40
60QZ000743,77,32,45
60QZ000744,172,97,75
60QZ000745,97,61,36
60QZ000746,54,29,25
60QZ000747,88,60,28
60QZ000748,77,36,41
60QZ000749,113,48,65
60QZ000750,157,97,60
60QZ000751,121,74,47
60QZ000752,91,62,29
60QZ000753,87,46,41
60QZ000754,84,46,38
60QZ000755,77,33,44
60QZ000756,71,34,37
60QZ000757,81,31,50
60QZ000758,81,36,45
60QZ000759,145,106,39
60QZ000760,120,77,43
60QZ000761,64,22,42
60QZ000762,114,72,42
60QZ000763,92,48,44
60QZ000764,105,73,32
60QZ000765,50,21,29
60QZ000766,70,39,31
60QZ000767,115,55,60
60QZ000768,103,50,53
60QZ000769,78,54,24
60QZ000770,79,46,33
60QZ000771,93,36,57
60QZ000772,115,75,40
60QZ000773,103,76,27
60QZ000774,138,84,54
60QZ000775,98,52,46
60QZ000776,157,77,80
60QZ000777,89,53,36
60QZ000778,152,80,72
60QZ000779,86,50,36
60QZ000780,120,70,50
60QZ000781,46,17,29
60QZ000782,49,21,28
60QZ000783,102,53,49
60QZ000784,45,19,26
60QZ000785,45,17,28
60QZ000786,102,90,12
60QZ000787,109,76,33
60QZ000788,94,72,22
60QZ000789,101,53,48
60QZ000790,121,60,61
60QZ000791,65,37,28
60QZ000792,104,84,20
60QZ000793,171,146,25
60QZ000794,95,53,42
60QZ000795,93,70,23
60QZ000796,69,41,28
60QZ000797,66,35,31
60QZ000798,92,53,39
60QZ000799,71,37,34
60QZ000800,81,36,45
60QZ000801,85,44,41
60QZ000802,65,39,26
60QZ000803,88,48,40
60QZ000804,117,65,52
60QZ000805,86,48,38
60QZ000806,119,78,41
60QZ000807,102,71,31
60QZ000808,123,89,34
60QZ000809,78,53,25
60QZ000810,97,62,35
60QZ000811,85,49,36
60QZ000812,123,76,47
60QZ000813,84,59,25
60QZ000814,108,71,37
60QZ000815,84,53,31
60QZ000816,112,61,51
60QZ000817,120,95,25
60QZ000818,81,34,47
60QZ000819,71,51,20
60QZ000820,58,28,30
60QZ000821,75,21,54
60QZ000822,118,73,45
60QZ000823,99,41,58
60QZ000824,118,65,53
60QZ000825,79,30,49
60QZ000826,82,38,44
60QZ000827,76,43,33
60QZ000828,110,74,36
60QZ000829,64,38,26
60QZ000830,82,44,38
60QZ000831,80,44,36
60QZ000832,77,41,36
60QZ000833,61,26,35
60QZ000834,77,40,37
60QZ000835,94,53,41
60QZ000836,89,48,41
60QZ000837,87,50,37
60QZ000838,70,44,26
60QZ000839,64,45,19
60QZ000840,78,53,25
60QZ000841,83,51,32
60QZ000842,81,44,37
60QZ000843,104,56,48
60QZ000844,87,45,42
60QZ000845,92,65,27
60QZ000846,94,54,40
60QZ000847,103,59,44
60QZ000848,138,75,63
60QZ000849,87,56,31
60QZ000850,64,39,25
60QZ000851,43,26,17
60QZ000852,91,55,36
60QZ000853,82,55,27
60QZ000854,34,22,12
60QZ000855,112,58,54
60QZ000856,105,69,36
60QZ000857,124,54,70
60QZ000858,89,64,25
60QZ000859,112,56,56
60QZ000860,107,66,41
60QZ000861,83,50,33
60QZ000862,143,101,42
60QZ000863,43,13,30
60QZ000864,46,15,31
60QZ000865,51,18,33
60QZ000866,90,59,31
60QZ000867,112,57,55
60QZ000868,118,74,44
60QZ000869,110,67,43
60QZ000870,107,91,16
60QZ000871,53,32,21
60QZ000872,96,64,32
60QZ000873,51,27,24
60QZ000874,127,92,35
60QZ000875,52,25,27
60QZ000876,64,25,39
60QZ000877,57,24,33
60QZ000878,65,41,24
60QZ000879,58,31,27
60QZ000880,82,45,37
60QZ000881,81,46,35
60QZ000882,56,30,26
60QZ000883,91,50,41
60QZ000884,110,67,43
60QZ000885,95,57,38
60QZ000886,49,21,28
60QZ000887,79,38,41
60QZ000888,118,110,8
60QZ000889,85,48,37
60QZ000890,109,63,46
60QZ000891,89,60,29
60QZ000892,88,55,33
60QZ000893,101,75,26
60QZ000894,86,68,18
60QZ000895,103,71,32
60QZ000896,115,78,37
60QZ000897,82,51,31
60QZ000898,167,139,28
60QZ000899,97,74,23
60QZ000900,94,65,29
60QZ000901,83,60,23
60QZ000902,83,53,30
60QZ000903,78,45,33
60QZ000904,113,77,36
60QZ000905,112,69,43
60QZ000906,72,51,21
60QZ000907,119,87,32
60QZ000908,72,43,29
60QZ000909,109,86,23
60QZ000910,84,57,27
60QZ000911,86,55,31
60QZ000912,94,53,41
60QZ000913,98,68,30
60QZ000914,69,44,25
60QZ000915,102,71,31
60QZ000916,59,40,19
60QZ000917,34,15,19
60QZ000918,85,55,30
60QZ000919,61,38,23
60QZ000920,136,72,64
60QZ000921,81,29,52
60QZ000922,70,59,11
60QZ000923,99,48,51
60QZ000924,66,30,36
60QZ000925,86,50,36
60QZ000926,120,67,53
60QZ000927,92,54,38
60QZ000928,139,63,76
60QZ000929,125,58,67
60QZ000930,95,46,49
60QZ000931,96,39,57
60QZ000932,102,57,45
60QZ000933,153,83,70
60QZ000934,109,59,50
60QZ000935,101,60,41
60QZ000936,83,40,43
60QZ000937,80,52,28
60QZ000938,123,68,55
60QZ000939,112,58,54
60QZ000940,79,43,36
60QZ000941,69,30,39
60QZ000942,83,56,27
60QZ000943,132,83,49
60QZ000944,118,69,49
60QZ000945,76,41,35
60QZ000946,99,67,32
60QZ000947,65,33,32
60QZ000948,70,36,34
60QZ000949,92,56,36
60QZ000950,134,75,59
60QZ000951,109,58,51
60QZ000952,86,33,53
60QZ000953,92,56,36
60QZ000954,75,41,34
60QZ000955,62,36,26
60QZ000956,99,63,36
60QZ000957,73,26,47
60QZ000958,112,79,33
60QZ000959,53,23,30
60QZ000960,68,32,36
60QZ000961,112,56,56
60QZ000962,74,42,32
60QZ000963,91,66,25
60QZ000964,61,37,24
60QZ000965,69,31,38
60QZ000966,87,49,38
60QZ000967,67,37,30
60QZ000968,53,29,24
60QZ000969,64,29,35
60QZ000970,46,23,23
60QZ000971,127,107,20
60QZ000972,87,48,39
60QZ000973,55,30,25
60QZ000974,112,54,58
60QZ000975,111,95,16
60QZ000976,153,121,32
60QZ000977,114,84,30
60QZ000978,67,34,33
60QZ000979,80,50,30
60QZ000980,99,64,35
60QZ000981,102,74,28
60QZ000982,82,37,45
60QZ000983,155,75,80
60QZ000984,121,61,60
60QZ000985,129,58,71
60QZ000986,119,77,42
60QZ000987,120,72,48
60QZ000988,128,78,50
60QZ000989,67,38,29
60QZ000990,140,68,72
60QZ000991,81,25,56
60QZ000992,83,42,41
60QZ000993,135,63,72
60QZ000994,64,41,23
60QZ000995,71,34,37
60QZ000996,80,56,24
60QZ000997,70,36,34
60QZ000998,104,65,39
60QZ000999,118,81,37
60QZ001000,117,61,56
60QZ001001,67,53,14
60QZ001002,105,60,45
60QZ001003,111,68,43
60QZ001004,105,62,43
60QZ001005,100,61,39
60QZ001006,126,76,50
60QZ001007,100,97,3
60QZ001008,112,100,12
60QZ001009,64,51,13
60QZ001010,59,26,33
60QZ001011,88,48,40
60QZ001012,69,39,30
60QZ001013,104,58,46
60QZ001014,89,61,28
60QZ001015,121,64,57
60QZ001016,101,59,42
60QZ001017,111,62,49
60QZ001018,75,43,32
60QZ001019,145,76,69
60QZ001020,114,67,47
60QZ001021,88,52,36
60QZ001022,114,68,46
60QZ001023,100,57,43
60QZ001024,123,74,49
60QZ001025,68,33,35
60QZ001026,86,54,32
60QZ001027,86,38,48
60QZ001028,91,54,37
60QZ001029,36,16,20
60QZ001030,141,80,61
60QZ001031,140,89,51
60QZ001032,133,85,48
60QZ001033,124,72,52
60QZ001034,79,42,37
60QZ001035,84,49,35
60QZ001036,79,68,11
60QZ001037,103,56,47
60QZ001038,137,80,57
60QZ001039,121,79,42
60QZ001040,133,71,62
60QZ001041,134,117,17
60QZ001042,115,96,19
60QZ001043,140,87,53
60QZ001044,82,42,40
60QZ001045,95,53,42
60QZ001046,61,30,31
60QZ001047,97,46,51
60QZ001048,102,39,63
60QZ001049,112,74,38
60QZ001050,69,40,29
60QZ001051,85,41,44
60QZ001052,81,46,35
60QZ001053,90,45,45
60QZ001054,89,44,45
60QZ001055,91,41,50
60QZ001056,55,28,27
60QZ001057,75,59,16
60QZ001058,35,14,21
60QZ001059,56,34,22
60QZ001060,70,31,39
60QZ001061,142,100,42
60QZ001062,60,30,30
60QZ001063,76,35,41
60QZ001064,106,55,51
60QZ001065,129,82,47
60QZ001066,94,48,46
60QZ001067,101,76,25
60QZ001068,98,50,48
60QZ001069,92,43,49
60QZ001070,116,51,65
60QZ001071,67,47,20
60QZ001072,94,47,47
60QZ001073,130,74,56
60QZ001074,79,44,35
60QZ001075,72,41,31
60QZ001076,85,51,34
60QZ001077,77,45,32
60QZ001078,81,42,39
60QZ001079,151,92,59
60QZ001080,90,41,49
60QZ001081,76,37,39
60QZ001082,72,31,41
60QZ001083,140,75,65
60QZ001084,107,63,44
60QZ001085,62,38,24
60QZ001086,86,37,49
60QZ001087,74,38,36
60QZ001088,87,53,34
60QZ001089,87,56,31
60QZ001090,99,60,39
60QZ001091,96,62,34
60QZ001092,90,47,43
60QZ001093,97,57,40
60QZ001094,98,59,39
60QZ001095,93,40,53
60QZ001096,86,52,34
60QZ001097,67,38,29
60QZ001098,107,57,50
60QZ001099,94,57,37
60QZ001100,85,45,40
60QZ001101,89,49,40
60QZ001102,89,56,33
60QZ001103,88,41,47
60QZ001104,96,59,37
60QZ001105,87,47,40
60QZ001106,77,45,32
60QZ001107,91,57,34
60QZ001108,88,46,42
60QZ001109,71,30,41
60QZ001110,81,39,42
60QZ001111,57,24,33
60QZ001112,80,44,36
60QZ001113,86,39,47
60QZ001114,73,40,33
60QZ001115,157,99,58
60QZ001116,124,62,62
60QZ001117,92,65,27
60QZ001118,98,64,34
60QZ001119,96,62,34
60QZ001120,74,32,42
60QZ001121,128,74,54
60QZ001122,148,101,47
60QZ001123,144,115,29
60QZ001124,90,74,16
60QZ001125,91,61,30
60QZ001126,132,105,27
60QZ001127,119,81,38
60QZ001128,104,83,21
60QZ001129,91,63,28
60QZ001130,127,94,33
60QZ001131,101,85,16
60QZ001132,73,43,30
60QZ001133,80,38,42
60QZ001134,85,64,21
60QZ001135,95,58,37
60QZ001136,104,57,47
60QZ001137,119,67,52
60QZ001138,69,36,33
60QZ001139,104,62,42
60QZ001140,82,46,36
60QZ001141,93,61,32
60QZ001142,183,135,48
60QZ001143,51,27,24
60QZ001144,82,57,25
60QZ001145,124,90,34
60QZ001146,112,89,23
60QZ001147,127,113,14
60QZ001148,103,79,24
60QZ001149,94,72,22
60QZ001150,95,79,16
60QZ001151,97,47,50
60QZ001152,100,52,48
60QZ001153,79,45,34
60QZ001154,103,68,35
60QZ001155,124,66,58
60QZ001156,58,27,31
60QZ001157,53,16,37
60QZ001158,96,65,31
60QZ001159,55,21,34
60QZ001160,63,24,39
60QZ001161,81,33,48
60QZ001162,66,38,28
60QZ001163,99,77,22
60QZ001164,122,97,25
60QZ001165,130,104,26
60QZ001166,58,49,9
60QZ001167,73,43,30
60QZ001168,82,27,55
60QZ001169,42,30,12
60QZ001170,102,47,55
60QZ001171,67,30,37
60QZ001172,84,43,41
60QZ001173,61,21,40
60QZ001174,55,23,32
60QZ001175,58,27,31
60QZ001176,103,44,59
60QZ001177,69,30,39
60QZ001178,75,40,35
60QZ001179,58,27,31
60QZ001180,86,44,42
60QZ001181,120,61,59
60QZ001182,108,52,56
60QZ001183,77,29,48
60QZ001184,89,40,49
60QZ001185,68,29,39
60QZ001186,82,41,41
60QZ001187,95,53,42
60QZ001188,64,33,31
60QZ001189,142,70,72
60QZ001190,108,58,50
60QZ001191,50,22,28
60QZ001192,78,33,45
60QZ001193,61,27,34
60QZ001194,54,28,26
60QZ001195,83,47,36
60QZ001196,118,63,55
60QZ001197,90,51,39
60QZ001198,108,54,54
60QZ001199,78,47,31
60QZ001200,84,63,21
60QZ001201,87,50,37
60QZ001202,108,74,34
60QZ001203,65,33,32
60QZ001204,77,37,40
60QZ001205,86,47,39
60QZ001206,61,33,28
60QZ001207,131,81,50
60QZ001208,85,37,48
60QZ001209,107,76,31
60QZ001210,110,77,33
60QZ001211,81,42,39
60QZ001212,100,86,14
60QZ001213,79,38,41
60QZ001214,73,43,30
60QZ001215,129,65,64
60QZ001216,68,33,35
60QZ001217,84,45,39
60QZ001218,71,27,44
60QZ001219,79,40,39
60QZ001220,111,62,49
60QZ001221,69,49,20
60QZ001222,64,39,25
60QZ001223,83,47,36
60QZ001224,82,44,38
60QZ001225,105,66,39
60QZ001226,81,41,40
60QZ001227,70,33,37
60QZ001228,89,47,42
60QZ001229,117,51,66
60QZ001230,109,57,52
60QZ001231,122,74,48
60QZ001232,82,41,41
60QZ001233,67,29,38
60QZ001234,81,43,38
60QZ001235,57,30,27
60QZ001236,129,67,62
60QZ001237,56,34,22
60QZ001238,46,25,21
60QZ001239,68,39,29
60QZ001240,71,34,37
60QZ001241,74,42,32
60QZ001242,47,24,23
60QZ001243,73,49,24
60QZ001244,84,30,54
60QZ001245,149,72,77
60QZ001246,154,75,79
60QZ001247,65,46,19
60QZ001248,74,47,27
60QZ001249,87,46,41
60QZ001250,114,78,36
60QZ001251,91,38,53
60QZ001252,103,57,46
60QZ001253,102,58,44
60QZ001254,132,79,53
60QZ001255,104,67,37
60QZ001256,115,67,48
60QZ001257,79,49,30
60QZ001258,88,52,36
60QZ001259,97,59,38
60QZ001260,98,60,38
60QZ001261,96,50,46
60QZ001262,48,28,20
60QZ001263,73,33,40
60QZ001264,100,54,46
60QZ001265,88,41,47
60QZ001266,118,72,46
60QZ001267,142,102,40
60QZ001268,115,78,37
60QZ001269,91,56,35
60QZ001270,72,38,34
60QZ001271,112,85,27
60QZ001272,92,62,30
60QZ001273,130,103,27
60QZ001274,133,108,25
60QZ001275,70,41,29
60QZ001276,124,109,15
60QZ001277,91,50,41
60QZ001278,58,25,33
60QZ001279,83,38,45
60QZ001280,145,86,59
60QZ001281,105,58,47
60QZ001282,101,59,42
60QZ001283,97,45,52
60QZ001284,85,36,49
60QZ001285,153,104,49
60QZ001286,119,57,62
60QZ001287,101,72,29
60QZ001288,112,63,49
60QZ001289,117,65,52
60QZ001290,89,44,45
60QZ001291,42,20,22
60QZ001292,75,32,43
60QZ001293,74,34,40
60QZ001294,141,105,36
60QZ001295,109,68,41
60QZ001296,103,63,40
60QZ001297,99,65,34
60QZ001298,80,48,32
60QZ001299,136,90,46
60QZ001300,89,53,36
60QZ001301,87,49,38
60QZ001302,61,31,30
60QZ001303,92,69,23
60QZ001304,84,39,45
60QZ001305,84,37,47
60QZ001306,96,52,44
60QZ001307,81,42,39
60QZ001308,92,45,47
60QZ001309,63,39,24
60QZ001310,106,55,51
60QZ001311,113,70,43
60QZ001312,123,92,31
60QZ001313,113,62,51
60QZ001314,92,51,41
60QZ001315,79,44,35
60QZ001316,107,49,58
60QZ001317,129,90,39
60QZ001318,83,51,32
60QZ001319,62,23,39
60QZ001320,39,19,20
60QZ001321,98,50,48
60QZ001322,70,39,31
60QZ001323,88,44,44
60QZ001324,95,50,45
60QZ001325,74,36,38
60QZ001326,147,86,61
60QZ001327,99,61,38
60QZ001328,91,55,36
60QZ001329,112,76,36
60QZ001330,88,46,42
60QZ001331,123,74,49
60QZ001332,125,75,50
60QZ001333,121,73,48
60QZ001334,76,35,41
60QZ001335,80,44,36
60QZ001336,78,53,25
60QZ001337,45,22,23
60QZ001338,169,19,150
60QZ001339,111,65,46
60QZ001340,127,73,54
60QZ001341,99,58,41
60QZ001342,132,69,63
60QZ001343,105,63,42
60QZ001344,100,56,44
60QZ001345,200,121,79
60QZ001346,71,53,18
60QZ001347,93,76,17
60QZ001348,97,63,34
60QZ001349,104,57,47
60QZ001350,84,58,26
60QZ001351,65,33,32
60QZ001352,83,44,39
60QZ001353,87,51,36
60QZ001354,96,64,32
60QZ001355,98,62,36
60QZ001356,75,44,31
60QZ001357,50,32,18
60QZ001358,77,59,18
60QZ001359,115,58,57
60QZ001360,45,31,14
60QZ001361,109,48,61
60QZ001362,63,24,39
60QZ001363,91,57,34
60QZ001364,119,55,64
60QZ001365,99,55,44
60QZ001366,148,97,51
60QZ001367,143,95,48
60QZ001368,158,109,49
60QZ001369,129,75,54
60QZ001370,94,67,27
60QZ001371,105,63,42
60QZ001372,88,51,37
60QZ001373,150,89,61
60QZ001374,102,58,44
60QZ001375,88,48,40
60QZ001376,70,37,33
60QZ001377,95,60,35
60QZ001378,115,63,52
60QZ001379,92,48,44
60QZ001380,65,33,32
60QZ001381,120,73,47
60QZ001382,69,43,26
60QZ001383,77,46,31
60QZ001384,68,34,34
60QZ001385,92,38,54
60QZ001386,80,44,36
60QZ001387,48,40,8
60QZ001388,133,95,38
60QZ001389,92,49,43
60QZ001390,129,85,44
60QZ001391,43,21,22
60QZ001392,54,24,30
60QZ001393,67,46,21
60QZ001394,135,76,59
60QZ001395,69,28,41
60QZ001396,93,55,38
60QZ001397,93,50,43
60QZ001398,116,66,50
60QZ001399,59,22,37
60QZ001400,75,32,43
60QZ001401,63,25,38
60QZ001402,66,31,35
60QZ001403,73,39,34
60QZ001404,87,41,46
60QZ001405,92,41,51
60QZ001406,72,52,20
60QZ001407,142,89,53
60QZ001408,117,77,40
60QZ001409,61,52,9
60QZ001410,82,50,32
60QZ001411,111,62,49
60QZ001412,107,54,53
60QZ001413,127,71,56
60QZ001414,151,72,79
60QZ001415,128,70,58
60QZ001416,62,27,35
60QZ001417,101,46,55
60QZ001418,72,28,44
60QZ001419,60,46,14
60QZ001420,39,14,25
60QZ001421,144,108,36
60QZ001422,82,48,34
60QZ001423,89,60,29
60QZ001424,105,60,45
60QZ001425,115,67,48
60QZ001426,83,50,33
60QZ001427,65,43,22
60QZ001428,93,56,37
60QZ001429,90,45,45
60QZ001430,76,42,34
60QZ001431,102,65,37
60QZ001432,70,36,34
60QZ001433,118,77,41
60QZ001434,85,49,36
60QZ001435,100,54,46
60QZ001436,121,57,64
60QZ001437,145,100,45
60QZ001438,76,47,29
60QZ001439,131,56,75
60QZ001440,148,91,57
60QZ001441,56,29,27
60QZ001442,86,37,49
60QZ001443,90,39,51
60QZ001444,99,56,43
60QZ001445,132,80,52
60QZ001446,109,56,53
60QZ001447,100,50,50
60QZ001448,111,64,47
60QZ001449,116,64,52
60QZ001450,126,51,75
60QZ001451,118,58,60
60QZ001452,93,47,46
60QZ001453,146,94,52
60QZ001454,78,44,34
60QZ001455,111,68,43
60QZ001456,86,48,38
60QZ001457,139,100,39
60QZ001458,129,74,55
60QZ001459,121,86,35
60QZ001460,104,77,27
60QZ001461,96,68,28
60QZ001462,130,85,45
60QZ001463,99,77,22
60QZ001464,141,98,43
60QZ001465,107,61,46
60QZ001466,122,65,57
60QZ001467,122,60,62
60QZ001468,102,51,51
60QZ001469,86,63,23
60QZ001470,151,110,41
60QZ001471,83,46,37
60QZ001472,75,34,41
60QZ001473,125,87,38
60QZ001474,132,91,41
60QZ001475,161,96,65
60QZ001476,135,76,59
60QZ001477,82,38,44
60QZ001478,132,57,75
60QZ001479,100,47,53
60QZ001480,101,37,64
60QZ001481,96,76,20
60QZ001482,86,45,41
60QZ001483,85,49,36
60QZ001484,82,49,33
60QZ001485,142,94,48
60QZ001486,98,56,42
60QZ001487,95,55,40
60QZ001488,129,86,43
60QZ001489,111,66,45
60QZ001490,91,70,21
60QZ001491,86,56,30
60QZ001492,65,44,21
60QZ001493,127,90,37
60QZ001494,74,54,20
60QZ001495,103,72,31
60QZ001496,76,40,36
60QZ001497,78,38,40
60QZ001498,93,65,28
60QZ001499,97,53,44
60QZ001500,85,49,36
60QZ001501,109,56,53
60QZ001502,83,43,40
60QZ001503,90,66,24
60QZ001504,73,41,32
60QZ001505,117,50,67
60QZ001506,49,23,26
60QZ001507,68,41,27
60QZ001508,64,34,30
60QZ001509,102,56,46
60QZ001510,84,45,39
60QZ001511,73,39,34
60QZ001512,116,66,50
60QZ001513,82,52,30
60QZ001514,80,44,36
60QZ001515,84,56,28
60QZ001516,54,25,29
60QZ001517,49,25,24
60QZ001518,71,49,22
60QZ001519,51,29,22
60QZ001520,53,25,28
60QZ001521,61,32,29
60QZ001522,148,88,60
60QZ001523,50,21,29
60QZ001524,81,50,31
60QZ001525,88,57,31
60QZ001526,116,70,46
60QZ001527,76,49,27
60QZ001528,121,70,51
60QZ001529,91,62,29
60QZ001530,154,91,63
60QZ001531,144,95,49
60QZ001532,106,64,42
60QZ001533,108,61,47
60QZ001534,75,33,42
60QZ001535,76,38,38
60QZ001536,85,43,42
60QZ001537,150,103,47
60QZ001538,133,90,43
60QZ001539,46,29,17
60QZ001540,87,56,31
60QZ001541,114,85,29
60QZ001542,86,65,21
60QZ001543,76,65,11
60QZ001544,104,70,34
60QZ001545,52,27,25
60QZ001546,115,78,37
60QZ001547,137,87,50
60QZ001548,119,75,44
60QZ001549,101,66,35
60QZ001550,72,44,28
60QZ001551,71,49,22
60QZ001552,98,55,43
60QZ001553,83,42,41
60QZ001554,75,45,30
60QZ001555,105,58,47
60QZ001556,95,52,43
60QZ001557,76,46,30
60QZ001558,93,62,31
60QZ001559,49,38,11
60QZ001560,100,71,29
60QZ001561,48,33,15
60QZ001562,56,37,19
60QZ001563,110,88,22
60QZ001564,99,59,40
60QZ001565,61,29,32
60QZ001566,94,63,31
60QZ001567,99,69,30
60QZ001568,66,47,19
60QZ001569,75,48,27
60QZ001570,102,69,33
60QZ001571,86,47,39
60QZ001572,63,39,24
60QZ001573,119,62,57
60QZ001574,127,88,39
60QZ001575,96,51,45
60QZ001576,147,99,48
60QZ001577,114,71,43
60QZ001578,147,103,44
60QZ001579,88,52,36
60QZ001580,93,46,47
60QZ001581,82,59,23
60QZ001582,81,44,37
60QZ001583,77,61,16
60QZ001584,98,65,33
60QZ001585,96,55,41
60QZ001586,139,84,55
60QZ001587,65,33,32
60QZ001588,75,42,33
60QZ001589,105,63,42
60QZ001590,106,79,27
60QZ001591,92,56,36
60QZ001592,139,90,49
60QZ001593,149,99,50
60QZ001594,73,47,26
60QZ001595,74,51,23
60QZ001596,66,41,25
60QZ001597,75,51,24
60QZ001598,63,43,20
60QZ001599,101,74,27
60QZ001600,77,56,21
60QZ001601,130,90,40
60QZ001602,66,43,23
60QZ001603,156,122,34
60QZ001604,160,115,45
60QZ001605,107,81,26
60QZ001606,103,60,43
60QZ001607,104,61,43
60QZ001608,79,49,30
60QZ001609,68,50,18
60QZ001610,85,57,28
60QZ001611,140,102,38
60QZ001612,131,84,47
60QZ001613,74,49,25
60QZ001614,42,14,28
60QZ001615,150,99,51
60QZ001616,111,65,46
60QZ001617,170,122,48
60QZ001618,147,95,52
60QZ001619,152,119,33
60QZ001620,86,57,29
60QZ001621,98,69,29
60QZ001622,109,63,46
60QZ001623,123,89,34
60QZ001624,183,128,55
60QZ001625,114,75,39
60QZ001626,118,84,34
60QZ001627,71,41,30
60QZ001628,76,50,26
60QZ001629,103,64,39
60QZ001630,112,66,46
60QZ001631,95,86,9
60QZ001632,131,111,20
60QZ001633,134,107,27
60QZ001634,121,102,19
60QZ001635,160,126,34
60QZ001636,131,82,49
60QZ001637,158,124,34
60QZ001638,126,90,36
60QZ001639,117,91,26
60QZ001640,126,84,42
60QZ001641,138,94,44
60QZ001642,130,87,43
60QZ001643,126,87,39
60QZ001644,129,85,44
60QZ001645,59,46,13
60QZ001646,113,72,41
60QZ001647,51,40,11
60QZ001648,95,67,28
60QZ001649,96,69,27
60QZ001650,96,58,38
60QZ001651,120,89,31
60QZ001652,109,81,28
60QZ001653,106,73,33
60QZ001654,67,38,29
60QZ001655,109,98,11
60QZ001656,193,145,48
60QZ001657,92,77,15
60QZ001658,121,96,25
60QZ001659,133,94,39
60QZ001660,140,108,32
60QZ001661,128,98,30
60QZ001662,82,71,11
60QZ001663,116,83,33
60QZ001664,103,86,17
60QZ001665,128,83,45
60QZ001666,117,86,31
60QZ001667,98,67,31
60QZ001668,89,70,19
60QZ001669,62,30,32
60QZ001670,129,79,50
60QZ001671,145,84,61
60QZ001672,96,45,51
60QZ001673,95,56,39
60QZ001674,64,28,36
60QZ001675,123,91,32
60QZ001676,115,56,59
60QZ001677,113,65,48
60QZ001678,99,75,24
60QZ001679,98,59,39
60QZ001680,47,31,16
60QZ001681,61,38,23
60QZ001682,139,99,40
60QZ001683,112,92,20
60QZ001684,127,102,25
60QZ001685,93,71,22
60QZ001686,145,110,35
60QZ001687,114,82,32
60QZ001688,114,95,19
60QZ001689,118,89,29
60QZ001690,117,75,42
60QZ001691,69,57,12
60QZ001692,76,59,17
60QZ001693,115,73,42
60QZ001694,149,104,45
60QZ001695,97,42,55
60QZ001696,179,139,40
60QZ001697,130,102,28
60QZ001698,127,103,24
60QZ001699,149,105,44
60QZ001700,103,72,31
60QZ001701,101,66,35
60QZ001702,114,75,39
60QZ001703,120,78,42
60QZ001704,107,82,25
60QZ001705,98,66,32
60QZ001706,79,60,19
60QZ001707,76,47,29
60QZ001708,93,51,42
60QZ001709,186,105,81
60QZ001710,104,66,38
60QZ001711,107,78,29
60QZ001712,82,54,28
60QZ001713,101,63,38
60QZ001714,118,84,34
60QZ001715,86,55,31
60QZ001716,93,57,36
60QZ001717,81,55,26
60QZ001718,123,91,32
60QZ001719,82,49,33
60QZ001720,74,37,37
60QZ001721,130,98,32
60QZ001722,119,79,40
60QZ001723,134,88,46
60QZ001724,129,93,36
60QZ001725,94,54,40
60QZ001726,133,81,52
60QZ001727,156,104,52
60QZ001728,95,64,31
60QZ001729,144,105,39
60QZ001730,164,112,52
60QZ001731,88,64,24
60QZ001732,92,69,23
60QZ001733,92,60,32
60QZ001734,128,87,41
60QZ001735,169,145,24
60QZ001736,106,54,52
60QZ001737,95,55,40
60QZ001738,148,112,36
60QZ001739,161,124,37
60QZ001740,98,53,45
60QZ001741,89,74,15
60QZ001742,111,90,21
60QZ001743,153,117,36
60QZ001744,160,119,41
60QZ001745,119,90,29
60QZ001746,120,74,46
60QZ001747,102,77,25
60QZ001748,73,44,29
60QZ001749,97,72,25
60QZ001750,102,57,45
60QZ001751,150,114,36
60QZ001752,110,79,31
60QZ001753,118,95,23
60QZ001754,118,71,47
60QZ001755,93,46,47
60QZ001756,94,43,51
60QZ001757,87,30,57
60QZ001758,147,109,38
60QZ001759,92,65,27
60QZ001760,82,51,31
60QZ001761,53,25,28
60QZ001762,120,65,55
60QZ001763,106,44,62
60QZ001764,108,73,35
60QZ001765,175,123,52
60QZ001766,90,58,32
60QZ001767,99,82,17
60QZ001768,67,44,23
60QZ001769,98,62,36
60QZ001770,137,101,36
60QZ001771,139,91,48
60QZ001772,170,130,40
60QZ001773,150,112,38
60QZ001774,82,48,34
60QZ001775,130,88,42
60QZ001776,118,70,48
60QZ001777,60,40,20
60QZ001778,127,68,59
60QZ001779,95,72,23
60QZ001780,102,70,32
60QZ001781,111,89,22
60QZ001782,66,23,43
60QZ001783,95,40,55
60QZ001784,79,45,34
60QZ001785,75,38,37
60QZ001786,67,49,18
60QZ001787,88,56,32
60QZ001788,65,45,20
60QZ001789,90,54,36
60QZ001790,64,39,25
60QZ001791,80,50,30
60QZ001792,92,62,30
60QZ001793,87,52,35
60QZ001794,35,11,24
60QZ001795,73,41,32
60QZ001796,41,16,25
60QZ001797,56,24,32
60QZ001798,58,36,22
60QZ001799,69,42,27
60QZ001800,71,40,31
60QZ001801,70,36,34
60QZ001802,51,29,22
60QZ001803,69,45,24
60QZ001804,103,63,40
60QZ001805,98,68,30
60QZ001806,67,36,31
60QZ001807,90,49,41
60QZ001808,99,58,41
60QZ001809,136,81,55
60QZ001810,100,64,36
60QZ001811,113,82,31
60QZ001812,74,37,37
60QZ001813,123,98,25
60QZ001814,90,57,33
60QZ001815,73,45,28
60QZ001816,92,58,34
60QZ001817,54,25,29
60QZ001818,106,79,27
60QZ001819,41,21,20
60QZ001820,49,27,22
60QZ001821,119,82,37
60QZ001822,73,36,37
60QZ001823,91,49,42
60QZ001824,53,18,35
60QZ001825,69,36,33
60QZ001826,123,98,25
60QZ001827,132,92,40
60QZ001828,68,59,9
60QZ001829,8,3,5
60QZ001830,43,23,20
60QZ001831,50,38,12
60QZ001832,58,40,18
60QZ001833,47,23,24
60QZ001834,70,50,20
60QZ001835,153,112,41
60QZ001836,94,47,47
60QZ001837,133,107,26
60QZ001838,34,29,5
60QZ001839,78,62,16
60QZ001840,68,41,27
60QZ001841,57,34,23
60QZ001842,100,68,32
60QZ001843,83,48,35
60QZ001844,73,43,30
60QZ001845,44,20,24
60QZ001846,58,39,19
60QZ001847,42,37,5
60QZ001848,78,38,40
60QZ001849,61,28,33
60QZ001850,53,44,9
60QZ001851,95,67,28
60QZ001852,76,49,27
60QZ001853,605,165,440
60QZ001854,97,77,20
60QZ001855,74,44,30
60QZ001856,53,22,31
60QZ001857,102,73,29
60QZ001858,52,34,18
60QZ001859,97,54,43
60QZ001860,97,64,33
60QZ001861,72,43,29
60QZ001862,69,53,16
60QZ001863,90,77,13
60QZ001864,83,63,20
60QZ001865,66,30,36
60QZ001866,62,29,33
60QZ001867,102,60,42
60QZ001868,86,65,21
60QZ001869,54,21,33
60QZ001870,122,79,43
60QZ001871,66,48,18
60QZ001872,154,125,29
60QZ001873,62,29,33
60QZ001874,56,30,26
60QZ001875,46,25,21
60QZ001876,84,48,36
60QZ001877,113,75,38
60QZ001878,83,36,47
60QZ001879,75,36,39
60QZ001880,75,50,25
60QZ001881,138,131,7
60QZ001882,91,67,24
60QZ001883,79,42,37
60QZ001884,68,29,39
60QZ001885,38,13,25
60QZ001886,57,48,9
60QZ001887,111,78,33
60QZ001888,52,42,10
60QZ001889,59,28,31
60QZ001890,73,40,33
60QZ001891,49,29,20
60QZ001892,80,43,37
60QZ001893,47,22,25
60QZ001894,100,73,27
60QZ001895,86,66,20
60QZ001896,155,103,52
60QZ001897,121,93,28
60QZ001898,89,61,28
60QZ001899,47,21,26
60QZ001900,48,33,15
60QZ001901,76,45,31
60QZ001902,104,62,42
60QZ001903,79,51,28
60QZ001904,64,37,27
60QZ001905,62,38,24
60QZ001906,93,73,20
60QZ001907,74,47,27
60QZ001908,56,45,11
60QZ001909,49,35,14
60QZ001910,44,29,15
60QZ001911,89,63,26
60QZ001912,96,77,19
60QZ001913,64,54,10
60QZ001914,54,37,17
60QZ001915,78,42,36
60QZ001916,66,42,24
60QZ001917,78,58,20
60QZ001918,103,60,43
60QZ001919,69,38,31
60QZ001920,68,40,28
60QZ001921,60,32,28
60QZ001922,126,60,66
60QZ001923,75,56,19
60QZ001924,67,34,33
60QZ001925,47,41,6
60QZ001926,94,57,37
60QZ001927,70,44,26
60QZ001928,52,35,17
60QZ001929,59,41,18
60QZ001930,100,60,40
60QZ001931,73,53,20
60QZ001932,99,72,27
60QZ001933,78,40,38
60QZ001934,65,31,34
60QZ001935,91,67,24
60QZ001936,45,14,31
60QZ001937,70,43,27
60QZ001938,73,55,18
60QZ001939,73,57,16
60QZ001940,90,63,27
60QZ001941,36,22,14
60QZ001942,95,49,46
60QZ001943,99,62,37
60QZ001944,64,50,14
60QZ001945,78,67,11
60QZ001946,41,25,16
60QZ001947,38,22,16
60QZ001948,57,18,39
60QZ001949,55,42,13
60QZ001950,46,32,14
60QZ001951,80,48,32
60QZ001952,128,97,31
60QZ001953,63,29,34
60QZ001954,107,64,43
60QZ001955,79,62,17
60QZ001956,35,21,14
60QZ001957,170,134,36
60QZ001958,66,40,26
60QZ001959,79,53,26
60QZ001960,70,45,25
60QZ001961,122,94,28
60QZ001962,76,49,27
60QZ001963,75,50,25
60QZ001964,106,87,19
60QZ001965,128,104,24
60QZ001966,70,55,15
60QZ001967,85,39,46
60QZ001968,117,79,38
60QZ001969,78,47,31
60QZ001970,83,48,35
60QZ001971,77,44,33
60QZ001972,61,26,35
60QZ001973,62,46,16
60QZ001974,108,52,56
60QZ001975,56,26,30
60QZ001976,49,28,21
60QZ001977,81,39,42
60QZ001978,66,63,3
60QZ001979,51,28,23
60QZ001980,75,53,22
60QZ001981,73,27,46
60QZ001982,48,36,12
60QZ001983,41,27,14
60QZ001984,130,72,58
60QZ001985,85,64,21
60QZ001986,141,88,53
60QZ001987,73,38,35
60QZ001988,53,40,13
60QZ001989,62,37,25
60QZ001990,97,64,33
60QZ001991,51,13,38
60QZ001992,52,24,28
60QZ001993,52,39,13
60QZ001994,121,100,21
60QZ001995,93,61,32
60QZ001996,102,79,23
60QZ001997,75,56,19
60QZ001998,135,91,44
60QZ001999,84,68,16
60QZ002000,104,90,14
60QZ002001,64,24,40
60QZ002002,46,21,25
60QZ002003,51,16,35
60QZ002004,43,17,26
60QZ002005,79,44,35
60QZ002006,60,39,21
60QZ002007,74,39,35
60QZ002008,73,33,40
60QZ002009,65,41,24
60QZ002010,110,74,36
60QZ002011,51,20,31
60QZ002012,46,19,27
60QZ002013,54,19,35
60QZ002014,61,29,32
60QZ002015,77,36,41
60QZ002016,70,35,35
60QZ002017,59,24,35
60QZ002018,66,30,36
60QZ002019,60,35,25
60QZ002020,47,28,19
60QZ002021,58,29,29
60QZ002022,48,21,27
60QZ002023,75,38,37
60QZ002024,46,25,21
60QZ002025,71,35,36
60QZ002026,54,33,21
60QZ002027,51,30,21
60QZ002028,65,23,42
60QZ002029,65,33,32
60QZ002030,55,27,28
60QZ002031,61,22,39
60QZ002032,42,20,22
60QZ002033,73,29,44
60QZ002034,55,32,23
60QZ002035,61,31,30
60QZ002036,50,32,18
60QZ002037,122,56,66
60QZ002038,72,27,45
60QZ002039,48,23,25
60QZ002040,91,50,41
60QZ002041,49,25,24
60QZ002042,102,62,40
60QZ002043,109,72,37
60QZ002044,45,22,23
60QZ002045,78,38,40
60QZ002046,53,29,24
60QZ002047,54,40,14
60QZ002048,109,75,34
60QZ002049,63,36,27
60QZ002050,90,45,45
60QZ002051,97,75,22
60QZ002052,105,85,20
60QZ002053,94,56,38
60QZ002054,61,39,22
60QZ002055,69,55,14
60QZ002056,49,39,10
60QZ002057,45,19,26
60QZ002058,68,41,27
60QZ002059,71,61,10
60QZ002060,53,49,4
60QZ002061,46,31,15
60QZ002062,105,79,26
60QZ002063,132,109,23
60QZ002064,70,63,7
60QZ002065,123,84,39
60QZ002066,70,58,12
60QZ002067,113,81,32
60QZ002068,50,38,12
60QZ002069,71,57,14
60QZ002070,80,57,23
60QZ002071,58,50,8
60QZ002072,154,133,21
60QZ002073,154,123,31
60QZ002074,43,30,13
60QZ002075,84,43,41
60QZ002076,52,32,20
60QZ002077,102,77,25
60QZ002078,125,69,56
60QZ002079,92,63,29
60QZ002080,75,51,24
60QZ002081,112,94,18
60QZ002082,99,81,18
60QZ002083,145,114,31
60QZ002084,70,45,25
60QZ002085,79,46,33
60QZ002086,98,76,22
60QZ002087,172,132,40
60QZ002088,308,270,38
60QZ002089,77,69,8
60QZ002090,105,91,14
60QZ002091,107,82,25
60QZ002092,73,51,22
60QZ002093,114,81,33
60QZ002094,139,107,32
60QZ002095,90,40,50
60QZ002096,92,43,49
60QZ002097,94,39,55
60QZ002098,86,52,34
60QZ002099,92,43,49
60QZ002100,85,37,48
60QZ002101,49,10,39
60QZ002102,85,54,31
60QZ002103,58,30,28
60QZ002104,114,84,30
60QZ002105,71,40,31
60QZ002106,60,40,20
60QZ002107,68,36,32
60QZ002108,107,56,51
60QZ002109,91,56,35
60QZ002110,104,63,41
60QZ002111,58,40,18
60QZ002112,153,135,18
60QZ002113,175,151,24
60QZ002114,49,44,5
60QZ002115,83,73,10
60QZ002116,100,69,31
60QZ002117,83,46,37
60QZ002118,100,79,21
60QZ002119,52,37,15
60QZ002120,150,122,28
60QZ002121,153,100,53
60QZ002122,150,117,33
60QZ002123,96,88,8
60QZ002124,129,119,10
60QZ002125,120,94,26
60QZ002126,51,48,3
60QZ002127,129,91,38
60QZ002128,101,62,39
60QZ002129,79,50,29
60QZ002130,156,110,46
60QZ002131,112,87,25
60QZ002132,78,56,22
60QZ002133,62,45,17
60QZ002134,79,45,34
60QZ002135,115,59,56
60QZ002136,34,4,30
60QZ002137,88,56,32
60QZ002138,83,48,35
60QZ002139,89,46,43
60QZ002140,73,43,30
60QZ002141,58,31,27
60QZ002142,58,30,28
60QZ002143,62,34,28
60QZ002144,61,28,33
60QZ002145,141,101,40
60QZ002146,130,109,21
60QZ002147,51,17,34
60QZ002148,47,12,35
60QZ002149,61,31,30
60QZ002150,94,80,14
60QZ002151,83,73,10
60QZ002152,131,112,19
60QZ002153,114,90,24
60QZ002154,60,36,24
60QZ002155,63,30,33
60QZ002156,111,89,22
60QZ002157,136,114,22
60QZ002158,60,42,18
60QZ002159,73,32,41
60QZ002160,63,21,42
60QZ002161,53,26,27
60QZ002162,68,42,26
60QZ002163,90,67,23
60QZ002164,87,77,10
60QZ002165,77,45,32
60QZ002166,104,69,35
60QZ002167,114,71,43
60QZ002168,69,38,31
60QZ002169,110,74,36
60QZ002170,47,30,17
60QZ002171,64,54,10
60QZ002172,78,65,13
60QZ002173,87,53,34
60QZ002174,59,37,22
60QZ002175,92,38,54
60QZ002176,65,30,35
60QZ002177,59,40,19
60QZ002178,133,71,62
60QZ002179,60,21,39
60QZ002180,59,22,37
60QZ002181,95,76,19
60QZ002182,70,59,11
60QZ002183,88,64,24
60QZ002184,119,96,23
60QZ002185,66,42,24
60QZ002186,100,71,29
60QZ002187,113,89,24
60QZ002188,63,51,12
60QZ002189,72,36,36
60QZ002190,77,34,43
60QZ002191,67,37,30
60QZ002192,80,46,34
60QZ002193,66,44,22
60QZ002194,139,117,22
60QZ002195,71,57,14
60QZ002196,96,80,16
60QZ002197,109,87,22
60QZ002198,83,70,13
60QZ002199,130,103,27
60QZ002200,205,168,37
60QZ002201,92,82,10
60QZ002202,95,57,38
60QZ002203,128,66,62
60QZ002204,99,82,17
60QZ002205,51,17,34
60QZ002206,51,16,35
60QZ002207,84,58,26
60QZ002208,73,58,15
60QZ002209,79,40,39
60QZ002210,57,49,8
60QZ002211,125,99,26
60QZ002212,78,67,11
60QZ002213,74,17,57
60QZ002214,75,40,35
60QZ002215,111,58,53
60QZ002216,149,77,72
60QZ002217,61,33,28
60QZ002218,107,57,50
60QZ002219,121,49,72
60QZ002220,111,53,58
60QZ002221,72,52,20
60QZ002222,82,65,17
60QZ002223,100,66,34
60QZ002224,80,37,43
60QZ002225,109,87,22
60QZ002226,66,55,11
60QZ002227,111,94,17
60QZ002228,53,44,9
60QZ002229,224,174,50
60QZ002230,51,26,25
60QZ002231,75,29,46
60QZ002232,40,23,17
60QZ002233,50,25,25
60QZ002234,57,29,28
60QZ002235,67,53,14
60QZ002236,75,38,37
60QZ002237,85,58,27
60QZ002238,53,39,14
60QZ002239,69,57,12
60QZ002240,78,37,41
60QZ002241,76,62,14
60QZ002242,39,12,27
60QZ002243,30,7,23
60QZ002244,93,78,15
60QZ002245,152,129,23
60QZ002246,101,88,13
60QZ002247,103,91,12
60QZ002248,200,154,46
60QZ002249,52,48,4
60QZ002250,94,74,20
60QZ002251,54,33,21
60QZ002252,99,84,15
60QZ002253,85,51,34
60QZ002254,48,30,18
60QZ002255,83,39,44
60QZ002256,82,64,18
60QZ002257,101,86,15
60QZ002258,107,79,28
60QZ002259,69,32,37
60QZ002260,126,94,32
60QZ002261,142,113,29
60QZ002262,71,52,19
60QZ002263,60,40,20
60QZ002264,100,70,30
60QZ002265,61,35,26
60QZ002266,82,31,51
60QZ002267,102,72,30
60QZ002268,60,31,29
60QZ002269,89,65,24
60QZ002270,103,51,52
60QZ002271,66,53,13
60QZ002272,54,24,30
60QZ002273,81,63,18
60QZ002274,73,63,10
60QZ002275,107,53,54
60QZ002276,49,41,8
60QZ002277,76,50,26
60QZ002278,117,73,44
60QZ002279,91,88,3
60QZ002280,96,77,19
60QZ002281,91,80,11
60QZ002282,78,68,10
60QZ002283,94,60,34
60QZ002284,81,36,45
60QZ002285,50,27,23
60QZ002286,72,35,37
60QZ002287,62,44,18
60QZ002288,111,55,56
60QZ002289,69,30,39
60QZ002290,99,87,12
60QZ002291,91,72,19
60QZ002292,107,88,19
60QZ002293,76,39,37
60QZ002294,61,51,10
60QZ002295,106,97,9
60QZ002296,74,63,11
60QZ002297,72,47,25
60QZ002298,146,116,30
60QZ002299,110,92,18
60QZ002300,111,68,43
60QZ002301,59,32,27
60QZ002302,102,63,39
60QZ002303,95,84,11
60QZ002304,104,93,11
60QZ002305,107,93,14
60QZ002306,80,53,27
60QZ002307,68,39,29
60QZ002308,130,62,68
60QZ002309,42,26,16
60QZ002310,75,59,16
60QZ002311,60,46,14
60QZ002312,143,83,60
60QZ002313,100,80,20
60QZ002314,80,63,17
60QZ002315,91,74,17
60QZ002316,90,77,13
60QZ002317,78,36,42
60QZ002318,67,41,26
60QZ002319,69,42,27
60QZ002320,102,56,46
60QZ002321,139,114,25
60QZ002322,58,22,36
60QZ002323,46,30,16
60QZ002324,115,86,29
60QZ002325,113,82,31
60QZ002326,118,86,32
60QZ002327,89,71,18
60QZ002328,71,40,31
60QZ002329,102,89,13
60QZ002330,67,40,27
60QZ002331,73,42,31
60QZ002332,103,60,43
60QZ002333,70,60,10
60QZ002334,45,28,17
60QZ002335,96,65,31
60QZ002336,137,122,15
60QZ002337,70,35,35
60QZ002338,69,32,37
60QZ002339,89,39,50
60QZ002340,121,56,65
60QZ002341,110,53,57
60QZ002342,76,48,28
60QZ002343,45,25,20
60QZ002344,94,49,45
60QZ002345,124,94,30
60QZ002346,40,34,6
60QZ002347,61,36,25
60QZ002348,86,46,40
60QZ002349,82,55,27
60QZ002350,54,26,28
60QZ002351,160,121,39
60QZ002352,56,45,11
60QZ002353,116,70,46
60QZ002354,88,79,9
60QZ002355,109,97,12
60QZ002356,121,65,56
60QZ002357,75,47,28
60QZ002358,51,28,23
60QZ002359,108,41,67
60QZ002360,127,92,35
60QZ002361,86,62,24
60QZ002362,64,34,30
60QZ002363,76,52,24
60QZ002364,107,73,34
60QZ002365,131,79,52
60QZ002366,48,27,21
60QZ002367,67,46,21
60QZ002368,100,64,36
60QZ002369,75,50,25
60QZ002370,157,129,28
60QZ002371,119,84,35
60QZ002372,60,33,27
60QZ002373,101,61,40
60QZ002374,87,55,32
60QZ002375,54,33,21
60QZ002376,97,62,35
60QZ002377,34,17,17
60QZ002378,87,47,40
60QZ002379,165,128,37
60QZ002380,128,79,49
60QZ002381,55,14,41
60QZ002382,98,51,47
60QZ002383,61,32,29
60QZ002384,126,85,41
60QZ002385,75,56,19
60QZ002386,29,4,25
60QZ002387,124,54,70
60QZ002388,100,58,42
60QZ002389,73,46,27
60QZ002390,66,49,17
60QZ002391,95,60,35
60QZ002392,62,37,25
60QZ002393,78,43,35
60QZ002394,59,35,24
60QZ002395,102,71,31
60QZ002396,96,43,53
60QZ002397,62,34,28
60QZ002398,59,25,34
60QZ002399,80,48,32
60QZ002400,71,45,26
60QZ002401,91,80,11
60QZ002402,46,23,23
60QZ002403,74,41,33
60QZ002404,92,53,39
60QZ002405,58,37,21
60QZ002406,138,94,44
60QZ002407,83,51,32
60QZ002408,138,86,52
60QZ002409,85,55,30
60QZ002410,66,43,23
60QZ002411,90,50,40
60QZ002412,92,74,18
60QZ002413,210,174,36
60QZ002414,134,83,51
60QZ002415,101,90,11
60QZ002416,49,46,3
60QZ002417,119,82,37
60QZ002418,93,78,15
60QZ002419,44,21,23
60QZ002420,185,161,24
60QZ002421,80,69,11
60QZ002422,66,56,10
60QZ002423,136,122,14
60QZ002424,118,103,15
60QZ002425,94,77,17
60QZ002426,277,231,46
60QZ002427,46,40,6
60QZ002428,142,125,17
60QZ002429,71,57,14
60QZ002430,155,128,27
60QZ002431,84,72,12
60QZ002432,119,103,16
60QZ002433,100,80,20
60QZ002434,150,140,10
60QZ002435,126,114,12
60QZ002436,133,113,20
60QZ002437,52,46,6
60QZ002438,136,119,17
60QZ002439,107,96,11
60QZ002440,115,69,46
60QZ002441,64,26,38
60QZ002442,95,90,5
60QZ002443,105,97,8
60QZ002444,171,128,43
60QZ002445,105,73,32
60QZ002446,84,62,22
60QZ002447,69,30,39
60QZ002448,71,47,24
60QZ002449,73,45,28
60QZ002450,87,56,31
60QZ002451,75,44,31
60QZ002452,77,56,21
60QZ002453,122,68,54
60QZ002454,51,34,17
60QZ002455,128,67,61
60QZ002456,95,54,41
60QZ002457,129,60,69
60QZ002458,50,27,23
60QZ002459,62,50,12
60QZ002460,395,279,116
60QZ002461,129,108,21
60QZ002462,74,67,7
60QZ002463,107,93,14
60QZ002464,91,44,47
60QZ002465,50,21,29
60QZ002466,79,40,39
60QZ002467,107,95,12
60QZ002468,44,40,4
60QZ002469,173,124,49
60QZ002470,80,74,6
60QZ002471,124,109,15
60QZ002472,116,105,11
60QZ002473,73,65,8
60QZ002474,90,78,12
60QZ002475,116,109,7
60QZ002476,86,69,17
60QZ002477,102,88,14
60QZ002478,90,78,12
60QZ002479,96,77,19
60QZ002480,52,45,7
60QZ002481,136,120,16
60QZ002482,81,67,14
60QZ002483,69,36,33
60QZ002484,60,21,39
60QZ002485,110,46,64
60QZ002486,109,86,23
60QZ002487,146,127,19
60QZ002488,51,49,2
60QZ002489,138,113,25
60QZ002490,113,92,21
60QZ002491,147,126,21
60QZ002492,131,110,21
60QZ002493,114,86,28
60QZ002494,171,128,43
60QZ002495,59,40,19
60QZ002496,150,134,16
60QZ002497,65,57,8
60QZ002498,148,131,17
60QZ002499,111,90,21
60QZ002500,149,138,11
60QZ002501,53,19,34
60QZ002502,120,70,50
60QZ002503,63,54,9
60QZ002504,84,76,8
60QZ002505,77,75,2
60QZ002506,102,66,36
60QZ002507,41,38,3
60QZ002508,108,101,7
60QZ002509,112,94,18
60QZ002510,93,51,42
60QZ002511,79,74,5
60QZ002512,108,76,32
60QZ002513,107,89,18
60QZ002514,115,95,20
60QZ002515,63,49,14
60QZ002516,71,58,13
60QZ002517,117,73,44
60QZ002518,61,40,21
60QZ002519,141,62,79
60QZ002520,114,102,12
60QZ002521,136,127,9
60QZ002522,107,91,16
60QZ002523,125,117,8
60QZ002524,118,106,12
60QZ002525,94,83,11
60QZ002526,91,76,15
60QZ002527,89,76,13
60QZ002528,116,93,23
60QZ002529,153,138,15
60QZ002530,85,71,14
60QZ002531,96,80,16
60QZ002532,45,32,13
60QZ002533,103,88,15
60QZ002534,100,46,54
60QZ002535,46,24,22
60RA000001,60,41,19
60RA000002,104,85,19
60RA000003,78,61,17
60RA000004,62,44,18
60RA000005,110,88,22
60RA000006,139,108,31
60RA000007,124,104,20
60RA000008,94,66,28
60RA000009,49,31,18
60RA000010,72,46,26
60RA000011,53,30,23
60RA000012,63,41,22
60RA000013,84,66,18
60RA000014,107,82,25
60RA000015,91,77,14
60RA000016,78,57,21
60RA000017,142,109,33
60RA000018,139,96,43
60RA000019,121,83,38
60RA000020,98,59,39
60RA000021,62,44,18
60RA000022,65,45,20
60RA000023,110,68,42
60RA000024,57,44,13
60RA000025,94,67,27
60RA000026,106,66,40
60RA000027,156,104,52
60RA000028,106,67,39
60RA000029,89,60,29
60RA000030,83,61,22
60RA000031,125,85,40
60RA000032,127,93,34
60RA000033,115,83,32
60RA000034,91,64,27
60RA000035,120,92,28
60RA000036,128,98,30
60RA000037,120,77,43
60RA000038,111,85,26
60RA000039,84,63,21
60RA000040,82,53,29
60RA000041,117,79,38
60RA000042,75,40,35
60RA000043,94,66,28
60RA000044,58,45,13
60RA000045,36,24,12
60RA000046,90,65,25
60RA000047,56,43,13
60RA000048,92,63,29
60RA000049,93,69,24
60RA000050,41,24,17
60RA000051,41,35,6
60RA000052,73,54,19
60RA000053,85,65,20
60RA000054,58,39,19
60RA000055,76,62,14
60RA000056,58,42,16
60RA000057,63,40,23
60RA000058,70,51,19
60RA000059,66,50,16
60RA000060,80,46,34
60RA000061,65,43,22
60RA000062,95,77,18
60RA000063,121,78,43
60RA000064,102,75,27
60RA000065,97,76,21
60RA000066,67,52,15
60RA000067,72,53,19
60RA000068,42,31,11
60RA000069,121,91,30
60RA000070,45,35,10
60RA000071,94,72,22
60RA000072,66,42,24
60RA000073,77,58,19
60RA000074,83,56,27
60RA000075,42,25,17
60RA000076,111,76,35
60RA000077,59,33,26
60RA000078,75,53,22
60RA000079,52,32,20
60RA000080,87,65,22
60RA000081,73,57,16
60RA000082,129,91,38
60RA000083,73,39,34
60RA000084,91,59,32
60RA000085,93,62,31
60RA000086,86,63,23
60RA000087,40,26,14
60RA000088,86,68,18
60RA000089,41,30,11
60RA000090,124,98,26
60RA000091,72,44,28
60RA000092,107,65,42
60RA000093,91,76,15
60RA000094,39,25,14
60RA000095,92,76,16
60RA000096,52,39,13
60RA000097,53,50,3
60RA000098,46,26,20
60RA000099,67,48,19
60RA000100,77,49,28
60RA000101,95,60,35
60RA000102,45,21,24
60RA000103,76,52,24
60RA000104,70,55,15
60RA000105,103,77,26
60RA000106,81,56,25
60RA000107,111,81,30
60RA000108,54,39,15
60RA000109,64,44,20
60RA000110,105,82,23
60RA000111,76,52,24
60RA000112,104,79,25
60RA000113,107,86,21
60RA000114,79,62,17
60RA000115,85,58,27
60RA000116,85,54,31
60RA000117,93,51,42
60RA000118,105,58,47
60RA000119,71,57,14
60RA000120,77,51,26
60RA000121,63,31,32
60RA000122,57,40,17
60RA000123,63,47,16
60RA000124,64,36,28
60RA000125,55,40,15
60RA000126,52,40,12
60RA000127,143,88,55
60RA000128,36,23,13
60RA000129,51,38,13
60RA000130,43,28,15
60RA000131,39,25,14
60RA000132,61,49,12
60RA000133,75,53,22
60RA000134,107,73,34
60RA000135,75,55,20
60RA000136,78,62,16
60RA000137,60,44,16
60RA000138,62,42,20
60RA000139,90,69,21
60RA000140,107,75,32
60RA000141,84,55,29
60RA000142,84,62,22
60RA000143,112,80,32
60RA000144,73,56,17
60RA000145,73,51,22
60RA000146,81,67,14
60RA000147,83,57,26
60RA000148,87,70,17
60RA000149,85,63,22
60RA000150,139,88,51
60RA000151,57,39,18
60RA000152,101,69,32
60RA000153,162,128,34
60RA000154,79,47,32
60RA000155,68,59,9
60RA000156,88,55,33
60RA000157,34,20,14
60RA000158,103,60,43
60RA000159,47,30,17
60RA000160,99,77,22
60RA000161,97,68,29
60RA000162,49,37,12
60RA000163,100,78,22
60RA000164,96,73,23
60RA000165,41,33,8
60RA000166,154,106,48
60RA000167,70,50,20
60RA000168,73,46,27
60RB000001,94,68,26
60RB000002,102,76,26
60RB000003,126,95,31
60RB000004,92,68,24
60RB000005,85,44,41
60RB000006,104,80,24
60RB000007,83,57,26
60RB000008,119,88,31
60RB000009,108,76,32
60RB000010,57,47,10
60RB000011,98,74,24
60RB000012,86,67,19
60RB000013,83,69,14
60RB000014,107,86,21
60RB000015,105,73,32
60RB000016,104,73,31
60RB000017,132,103,29
60RB000018,151,93,58
60RB000019,84,60,24
60RB000020,75,53,22
60RB000021,124,97,27
60RB000022,58,46,12
60RB000023,49,31,18
60RB000024,120,87,33
60RB000025,57,41,16
60RB000026,64,31,33
60RB000027,38,24,14
60RB000028,302,127,175
60RB000029,66,55,11
60RB000030,55,42,13
60RB000031,82,57,25
60RB000032,81,65,16
60RB000033,69,47,22
60RB000034,143,105,38
60RB000035,145,118,27
60RB000036,60,48,12
60RB000037,79,60,19
60RB000038,40,33,7
60RB000039,78,60,18
60RB000040,113,70,43
60RB000041,99,79,20
60RB000042,94,62,32
60RB000043,41,36,5
60RB000044,106,78,28
60RB000045,79,61,18
60RB000046,59,41,18
60RB000047,71,47,24
60RB000048,71,47,24
60RB000049,100,68,32
60RB000050,101,55,46
60RB000051,58,41,17
60RB000052,154,105,49
60RB000053,84,62,22
60RB000054,106,70,36
60RB000055,110,84,26
60RB000056,107,70,37
60RB000057,41,28,13
60RB000058,100,68,32
60RB000059,47,37,10
60RB000060,59,46,13
60RB000061,139,98,41
60RB000062,139,95,44
60RB000063,135,104,31
60RB000064,56,40,16
60RB000065,78,56,22
60RB000066,45,34,11
60RB000067,89,65,24
60RB000068,62,49,13
60RB000069,70,41,29
60RB000070,83,46,37
60RB000071,140,104,36
60RB000072,103,75,28
60RB000073,74,57,17
60RB000074,47,38,9
60RB000075,37,28,9
60RB000076,110,69,41
60RB000077,108,76,32
60RB000078,70,48,22
60RB000079,154,115,39
60RB000080,124,89,35
60RB000081,149,100,49
60RB000082,51,39,12
60RB000083,109,76,33
60RB000084,191,150,41
60RB000085,61,28,33
60RB000086,119,88,31
60RB000087,46,25,21
60RB000088,81,63,18
60RB000089,85,54,31
60RB000090,116,90,26
60RB000091,43,36,7
60RB000092,127,90,37
60RB000093,77,55,22
60RB000094,50,40,10
60RB000095,105,82,23
60RB000096,107,70,37
60RB000097,121,74,47
60RB000098,116,93,23
60RB000099,45,34,11
60RB000100,63,44,19
60RB000101,76,61,15
60RB000102,121,78,43
60RB000103,117,81,36
60RB000104,100,69,31
60RB000105,85,68,17
60RB000106,52,32,20
60RB000107,67,40,27
60RB000108,70,48,22
60RB000109,48,32,16
60RB000110,48,30,18
60RB000111,47,34,13
60RB000112,155,88,67
60RB000113,95,62,33
60RB000114,77,56,21
60RB000115,79,51,28
60RB000116,123,86,37
60RB000117,85,61,24
60RB000118,131,95,36
60RB000119,96,60,36
60RB000120,109,69,40
60RB000121,38,18,20
60RB000122,98,53,45
60RB000123,53,28,25
60RB000124,108,71,37
60RB000125,74,53,21
60RB000126,102,64,38
60RB000127,57,29,28
60RB000128,70,53,17
60RB000129,43,37,6
60RB000130,102,84,18
60RB000131,80,54,26
60RB000132,137,98,39
60RB000133,107,67,40
60RB000134,117,84,33
60RB000135,112,76,36
60RB000136,115,86,29
60RB000137,77,50,27
60RB000138,88,60,28
60RB000139,86,58,28
60RB000140,71,43,28
60RB000141,106,70,36
60RB000142,84,66,18
60RB000143,89,64,25
60RB000144,148,107,41
60RB000145,62,47,15
60RB000146,76,40,36
60RB000147,98,73,25
60RB000148,72,44,28
60RB000149,74,54,20
60RB000150,75,58,17
60RB000151,88,55,33
60RB000152,68,55,13
60RB000153,108,77,31
60RB000154,49,33,16
60RB000155,47,32,15
60RB000156,68,51,17
60RB000157,63,38,25
60RB000158,133,110,23
60RB000159,51,37,14
60RB000160,59,41,18
60RB000161,100,68,32
60RB000162,98,60,38
60RB000163,75,47,28
60RB000164,68,45,23
60RB000165,85,64,21
60RB000166,100,70,30
60RB000167,55,45,10
60RB000168,110,72,38
60RB000169,75,55,20
60RB000170,73,56,17
60RB000171,70,45,25
60RB000172,80,58,22
60RB000173,106,82,24
60RB000174,184,84,100
60RB000175,47,30,17
60RB000176,107,73,34
60RB000177,54,41,13
60RB000178,71,49,22
60RB000179,69,42,27
60RB000180,80,65,15
60RB000181,75,48,27
60RB000182,47,27,20
60RB000183,48,40,8
60RB000184,66,48,18
60RB000185,99,67,32
60RB000186,79,55,24
60RB000187,75,36,39
60RB000188,76,48,28
60RB000189,80,48,32
60RB000190,66,39,27
60RB000191,69,53,16
60RB000192,83,57,26
60RB000193,79,51,28
60RB000194,35,17,18
60RB000195,85,59,26
60RB000196,108,77,31
60RB000197,109,70,39
60RB000198,102,71,31
60RB000199,131,100,31
60RB000200,124,104,20
60RB000201,59,43,16
60RB000202,88,62,26
60RB000203,103,66,37
60RB000204,120,96,24
60RB000205,106,74,32
60RB000206,97,66,31
60RB000207,102,73,29
60RB000208,102,81,21
60RB000209,42,29,13
60RB000210,56,45,11
60RB000211,102,78,24
60RB000212,90,62,28
60RB000213,78,40,38
60RB000214,106,65,41
60RB000215,83,59,24
60RB000216,76,47,29
60RB000217,121,78,43
60RB000218,102,76,26
60RB000219,74,57,17
60RB000220,95,72,23
60RB000221,96,59,37
60RB000222,80,47,33
60RB000223,64,48,16
60RB000224,136,97,39
60RB000225,89,72,17
60RB000226,84,69,15
60RB000227,121,86,35
60RB000228,78,50,28
60RB000229,53,22,31
60RB000230,45,26,19
60RB000231,53,23,30
60RB000232,103,62,41
60RB000233,39,25,14
60RB000234,51,45,6
60RB000235,130,95,35
60RB000236,71,49,22
60RB000237,116,66,50
60RB000238,84,60,24
60RB000239,39,5,34
60RB000240,66,53,13
60RB000241,75,55,20
60RB000242,99,53,46
60RB000243,79,63,16
60RB000244,105,81,24
60RB000245,51,33,18
60RB000246,89,69,20
60RB000247,80,67,13
60RB000248,55,41,14
60RB000249,82,56,26
60RB000250,112,78,34
60RB000251,93,64,29
60RB000252,135,102,33
60RB000253,116,75,41
60RB000254,84,54,30
60RB000255,103,82,21
60RB000256,76,66,10
60RB000257,95,61,34
60RB000258,93,71,22
60RB000259,108,75,33
60RB000260,71,58,13
60RB000261,123,87,36
60RB000262,87,51,36
60RB000263,84,48,36
60RB000264,112,87,25
60RB000265,92,55,37
60RB000266,89,62,27
60RB000267,96,57,39
60RB000268,116,75,41
60RB000269,108,84,24
60RB000270,70,57,13
60RB000271,71,62,9
60RB000272,73,36,37
60RB000273,142,72,70
60RB000274,105,60,45
60RB000275,89,58,31
60RB000276,94,76,18
60RB000277,93,69,24
60RB000278,79,43,36
60RB000279,105,71,34
60RB000280,66,36,30
60RB000281,50,24,26
60RB000282,100,74,26
60RB000283,70,39,31
60RB000284,59,39,20
60RB000285,73,43,30
60RB000286,90,67,23
60RB000287,65,38,27
60RB000288,89,57,32
60RB000289,69,51,18
60RB000290,98,78,20
60RB000291,94,65,29
60RB000292,67,48,19
60RB000293,86,48,38
60RB000294,82,66,16
60RB000295,69,55,14
60RB000296,84,55,29
60RB000297,74,48,26
60RB000298,78,43,35
60RB000299,76,48,28
60RB000300,98,66,32
60RB000301,61,48,13
60RB000302,76,55,21
60RB000303,51,48,3
60RB000304,91,65,26
60RB000305,82,53,29
60RB000306,73,48,25
60RB000307,114,88,26
60RB000308,103,77,26
60RB000309,63,43,20
60RB000310,73,43,30
60RB000311,78,43,35
60RB000312,76,43,33
60RB000313,92,54,38
60RB000314,50,33,17
60RB000315,66,36,30
60RB000316,149,103,46
60RB000317,128,99,29
60RB000318,164,127,37
60RB000319,107,59,48
60RB000320,95,72,23
60RB000321,81,66,15
60RB000322,130,79,51
60RB000323,92,66,26
60RB000324,125,80,45
60RB000325,94,68,26
60RB000326,74,63,11
60RB000327,43,21,22
60RB000328,42,24,18
60RB000329,88,58,30
60RB000330,95,54,41
60RB000331,69,37,32
60RB000332,93,49,44
60RB000333,97,72,25
60RB000334,74,41,33
60RB000335,83,57,26
60RB000336,82,62,20
60RB000337,122,85,37
60RB000338,66,43,23
60RB000339,91,56,35
60RB000340,103,68,35
60RB000341,83,56,27
60RB000342,39,24,15
60RB000343,91,61,30
60RB000344,104,74,30
60RB000345,76,43,33
60RB000346,65,36,29
60RB000347,81,54,27
60RB000348,65,32,33
60RB000349,66,45,21
60RB000350,59,35,24
60RB000351,52,46,6
60RB000352,167,115,52
60RB000353,89,67,22
60RB000354,77,64,13
60RB000355,76,60,16
60RB000356,65,43,22
60RB000357,63,41,22
60RB000358,102,71,31
60RB000359,149,90,59
60RB000360,77,59,18
60RB000361,83,35,48
60RB000362,88,46,42
60RB000363,82,49,33
60RB000364,79,50,29
60RB000365,71,43,28
60RB000366,110,64,46
60RB000367,99,56,43
60RB000368,100,67,33
60RB000369,47,30,17
60RB000370,54,31,23
60RB000371,75,40,35
60RB000372,63,43,20
60RB000373,76,52,24
60RB000374,65,43,22
60RB000375,81,46,35
60RB000376,78,50,28
60RB000377,96,62,34
60RB000378,81,71,10
60RB000379,46,28,18
60RB000380,87,39,48
60RB000381,76,47,29
60RB000382,44,41,3
60RB000383,57,40,17
60RB000384,71,43,28
60RB000385,92,61,31
60RB000386,44,25,19
60RB000387,60,36,24
60RB000388,84,51,33
60RB000389,104,63,41
60RB000390,111,84,27
60RB000391,79,55,24
60RB000392,62,41,21
60RB000393,86,58,28
60RB000394,105,70,35
60RB000395,72,57,15
60RB000396,48,22,26
60RB000397,78,54,24
60RB000398,108,76,32
60RB000399,71,46,25
60RB000400,97,67,30
60RB000401,78,56,22
60RB000402,124,83,41
60RB000403,95,66,29
60RB000404,120,77,43
60RB000405,95,67,28
60RB000406,117,83,34
60RB000407,85,59,26
60RB000408,61,38,23
60RB000409,102,61,41
60RB000410,103,75,28
60RB000411,61,48,13
60RB000412,81,60,21
60RB000413,105,74,31
60RB000414,104,59,45
60RB000415,111,70,41
60RB000416,105,85,20
60RB000417,109,83,26
60RB000418,104,74,30
60RB000419,97,63,34
60RB000420,101,80,21
60RB000421,151,98,53
60RB000422,122,71,51
60RB000423,84,45,39
60RB000424,96,75,21
60RB000425,80,49,31
60RB000426,141,85,56
60RB000427,103,68,35
60RB000428,87,59,28
60RB000429,61,49,12
60RB000430,68,37,31
60RB000431,103,72,31
60RB000432,74,49,25
60RB000433,86,57,29
60RB000434,79,50,29
60RB000435,70,53,17
60RB000436,97,59,38
60RB000437,83,56,27
60RB000438,81,63,18
60RB000439,134,82,52
60RB000440,111,68,43
60RB000441,85,50,35
60RB000442,123,82,41
60RB000443,75,54,21
60RB000444,125,90,35
60RB000445,95,64,31
60RB000446,82,53,29
60RB000447,60,43,17
60RB000448,73,56,17
60RB000449,118,93,25
60RB000450,66,47,19
60RB000451,95,70,25
60RB000452,77,47,30
60RB000453,83,59,24
60RB000454,69,53,16
60RB000455,35,18,17
60RB000456,107,77,30
60RB000457,140,110,30
60RB000458,74,51,23
60RB000459,134,102,32
60RB000460,118,85,33
60RB000461,112,78,34
60RB000462,63,40,23
60RB000463,70,56,14
60RB000464,90,66,24
60RB000465,77,61,16
60RB000466,87,56,31
60RB000467,91,63,28
60RB000468,49,40,9
60RB000469,106,80,26
60RB000470,54,40,14
60RB000471,72,35,37
60RB000472,76,59,17
60RB000473,81,57,24
60RB000474,75,58,17
60RB000475,41,28,13
60RB000476,88,70,18
60RB000477,81,64,17
60RB000478,48,38,10
60RB000479,77,65,12
60RB000480,68,59,9
60RB000481,92,70,22
60RB000482,67,38,29
60RB000483,74,50,24
60RB000484,100,64,36
60RB000485,112,79,33
60RB000486,116,83,33
60RB000487,106,84,22
60RB000488,54,43,11
60RB000489,59,50,9
60RB000490,95,78,17
60RB000491,70,62,8
60RB000492,74,39,35
60RB000493,73,45,28
60RB000494,67,40,27
60RB000495,60,46,14
60RB000496,71,37,34
60RB000497,65,45,20
60RB000498,125,66,59
60RB000499,62,39,23
60RB000500,66,33,33
60RB000501,92,60,32
60RB000502,92,44,48
60RB000503,62,32,30
60RB000504,89,44,45
60RB000505,81,65,16
60RB000506,76,47,29
60RB000507,92,54,38
60RB000508,75,44,31
60RB000509,26,5,21
60RB000510,66,30,36
60RB000511,97,73,24
60RB000512,76,46,30
60RB000513,98,62,36
60RB000514,89,43,46
60RB000515,118,59,59
60RB000516,166,75,91
60RB000517,80,56,24
60RB000518,56,39,17
60RB000519,72,48,24
60RB000520,142,104,38
60RB000521,95,71,24
60RB000522,97,71,26
60RB000523,75,43,32
60RB000524,80,60,20
60RB000525,69,50,19
60RB000526,113,87,26
60RB000527,93,80,13
60RB000528,57,37,20
60RB000529,59,33,26
60RB000530,60,51,9
60RB000531,43,23,20
60RB000532,89,37,52
60RB000533,63,54,9
60RB000534,53,27,26
60RB000535,91,49,42
60RB000536,86,75,11
60RB000537,104,82,22
60RB000538,71,49,22
60RB000539,55,33,22
60RB000540,69,47,22
60RB000541,79,56,23
60RB000542,72,49,23
60RB000543,109,77,32
60RB000544,75,41,34
60RB000545,87,65,22
60RB000546,60,34,26
60RB000547,81,55,26
60RB000548,107,62,45
60RB000549,71,45,26
60RB000550,88,59,29
60RB000551,101,65,36
60RB000552,76,57,19
60RB000553,77,53,24
60RB000554,84,53,31
60RB000555,123,88,35
60RB000556,143,96,47
60RB000557,42,15,27
60RB000558,98,62,36
60RB000559,57,42,15
60RB000560,91,58,33
60RB000561,67,52,15
60RB000562,77,60,17
60RB000563,74,58,16
60RB000564,73,62,11
60RB000565,75,66,9
60RB000566,68,59,9
60RB000567,78,56,22
60RB000568,74,64,10
60RB000569,95,58,37
60RB000570,67,39,28
60RB000571,69,46,23
60RB000572,74,41,33
60RB000573,68,58,10
60RB000574,72,49,23
60RB000575,71,54,17
60RB000576,66,44,22
60RB000577,103,69,34
60RB000578,101,71,30
60RB000579,72,55,17
60RB000580,64,44,20
60RB000581,73,56,17
60RB000582,71,56,15
60RB000583,60,40,20
60RB000584,111,63,48
60RB000585,67,47,20
60RB000586,99,70,29
60RB000587,60,44,16
60RB000588,62,44,18
60RB000589,66,26,40
60RB000590,82,44,38
60RB000591,80,15,65
60RB000592,81,59,22
60RB000593,65,33,32
60RB000594,111,56,55
60RB000595,81,44,37
60RB000596,67,36,31
60RB000597,86,48,38
60RB000598,87,59,28
60RB000599,85,57,28
60RB000600,34,27,7
60RB000601,57,36,21
60RB000602,83,46,37
60RB000603,136,86,50
60RB000604,70,59,11
60RB000605,118,96,22
60RB000606,82,64,18
60RB000607,63,33,30
60RB000608,130,94,36
60RB000609,84,53,31
60RB000610,84,50,34
60RB000611,74,52,22
60RB000612,91,67,24
60RB000613,139,88,51
60RB000614,158,128,30
60RB000615,110,70,40
60RB000616,116,69,47
60RB000617,67,39,28
60RB000618,57,39,18
60RB000619,150,102,48
60RB000620,91,56,35
60RB000621,78,54,24
60RB000622,93,61,32
60RB000623,56,36,20
60RB000624,134,89,45
60RB000625,101,78,23
60RB000626,53,37,16
60RB000627,78,48,30
60RB000628,72,47,25
60RB000629,77,56,21
60RB000630,81,55,26
60RB000631,121,78,43
60RB000632,84,51,33
60RB000633,69,43,26
60RB000634,72,49,23
60RB000635,65,44,21
60RB000636,67,47,20
60RB000637,71,44,27
60RB000638,104,83,21
60RB000639,85,49,36
60RB000640,61,37,24
60RB000641,91,67,24
60RB000642,87,57,30
60RB000643,63,34,29
60RB000644,67,30,37
60RB000645,93,64,29
60RB000646,73,48,25
60RB000647,114,81,33
60RB000648,107,71,36
60RB000649,88,63,25
60RB000650,58,44,14
60RB000651,46,32,14
60RB000652,61,39,22
60RB000653,113,87,26
60RB000654,76,47,29
60RB000655,77,39,38
60RB000656,73,41,32
60RB000657,90,57,33
60RB000658,53,33,20
60RB000659,82,45,37
60RB000660,140,117,23
60RB000661,106,85,21
60RB000662,101,92,9
60RB000663,130,90,40
60RB000664,60,46,14
60RB000665,60,32,28
60RB000666,66,33,33
60RB000667,73,57,16
60RB000668,112,79,33
60RB000669,73,43,30
60RB000670,77,44,33
60RB000671,82,64,18
60RB000672,82,57,25
60RB000673,53,39,14
60RB000674,119,85,34
60RB000675,57,43,14
60RB000676,83,50,33
60RB000677,88,39,49
60RB000678,55,33,22
60RB000679,75,47,28
60RB000680,144,106,38
60RB000681,55,33,22
60RB000682,61,44,17
60RB000683,96,62,34
60RB000684,110,88,22
60RB000685,75,48,27
60RB000686,78,55,23
60RB000687,78,58,20
60RB000688,83,61,22
60RB000689,97,68,29
60RB000690,86,47,39
60RB000691,63,47,16
60RB000692,51,42,9
60RB000693,109,70,39
60RB000694,102,72,30
60RB000695,82,62,20
60RB000696,80,55,25
60RB000697,82,69,13
60RB000698,75,55,20
60RB000699,85,70,15
60RB000700,69,49,20
60RB000701,63,45,18
60RB000702,53,35,18
60RB000703,65,40,25
60RB000704,64,48,16
60RB000705,50,37,13
60RB000706,66,45,21
60RB000707,70,51,19
60RB000708,86,59,27
60RB000709,55,37,18
60RB000710,87,68,19
60RB000711,95,67,28
60RB000712,108,70,38
60RB000713,78,50,28
60RB000714,92,61,31
60RB000715,93,63,30
60RB000716,65,37,28
60RB000717,86,59,27
60RB000718,75,51,24
60RB000719,74,49,25
60RB000720,91,62,29
60RB000721,53,36,17
60RB000722,61,41,20
60RB000723,79,45,34
60RB000724,98,69,29
60RB000725,77,56,21
60RB000726,77,49,28
60RB000727,76,48,28
60RB000728,80,58,22
60RB000729,85,56,29
60RB000730,95,55,40
60RB000731,97,56,41
60RB000732,150,56,94
60RB000733,74,47,27
60RB000734,72,47,25
60RB000735,83,37,46
60RB000736,116,61,55
60RB000737,51,34,17
60RB000738,82,52,30
60RB000739,85,38,47
60RB000740,64,43,21
60RB000741,58,41,17
60RB000742,94,66,28
60RB000743,89,55,34
60RB000744,110,72,38
60RB000745,115,82,33
60RB000746,55,36,19
60RB000747,100,65,35
60RB000748,97,69,28
60RB000749,68,40,28
60RB000750,77,44,33
60RB000751,63,36,27
60RB000752,59,35,24
60RB000753,57,34,23
60RB000754,75,41,34
60RB000755,45,28,17
60RB000756,69,51,18
60RB000757,69,47,22
60RB000758,65,47,18
60RB000759,67,42,25
60RB000760,66,45,21
60RB000761,71,55,16
60RB000762,81,52,29
60RB000763,91,56,35
60RB000764,98,68,30
60RB000765,85,51,34
60RB000766,102,56,46
60RB000767,77,38,39
60RB000768,55,34,21
60RB000769,33,26,7
60RB000770,80,51,29
60RB000771,57,23,34
60RB000772,101,63,38
60RB000773,98,64,34
60RB000774,76,50,26
60RB000775,113,87,26
60RB000776,147,105,42
60RB000777,118,75,43
60RB000778,66,43,23
60RB000779,90,56,34
60RB000780,65,30,35
60RB000781,84,51,33
60RB000782,69,35,34
60RB000783,120,89,31
60RB000784,78,54,24
60RB000785,112,80,32
60RB000786,115,98,17
60RB000787,61,47,14
60RB000788,76,52,24
60RB000789,86,55,31
60RB000790,79,28,51
60RB000791,98,65,33
60RB000792,66,45,21
60RB000793,92,45,47
60RB000794,96,68,28
60RB000795,60,37,23
60RB000796,46,32,14
60RB000797,132,82,50
60RB000798,111,69,42
60RB000799,63,40,23
60RB000800,81,60,21
60RB000801,91,68,23
60RB000802,42,13,29
60RB000803,85,41,44
60RB000804,103,61,42
60RB000805,90,61,29
60RB000806,94,69,25
60RB000807,131,119,12
60RB000808,102,56,46
60RB000809,83,56,27
60RB000810,95,71,24
60RB000811,90,61,29
60RB000812,121,83,38
60RB000813,76,44,32
60RB000814,97,56,41
60RB000815,62,37,25
60RB000816,100,76,24
60RB000817,74,56,18
60RB000818,80,56,24
60RB000819,97,58,39
60RB000820,65,48,17
60RB000821,39,31,8
60RB000822,63,48,15
60RB000823,47,30,17
60RB000824,77,49,28
60RB000825,104,75,29
60RB000826,68,53,15
60RB000827,71,48,23
60RB000828,43,35,8
60RB000829,52,29,23
60RB000830,66,47,19
60RB000831,40,21,19
60RB000832,41,26,15
60RB000833,59,44,15
60RB000834,79,58,21
60RB000835,67,45,22
60RB000836,53,35,18
60RB000837,85,55,30
60RB000838,49,31,18
60RB000839,71,51,20
60RB000840,68,37,31
60RB000841,48,37,11
60RB000842,119,82,37
60RB000843,74,52,22
60RB000844,82,54,28
60RB000845,66,52,14
60RB000846,42,26,16
60RB000847,78,65,13
60RB000848,106,75,31
60RB000849,305,103,202
60RB000850,136,109,27
60RB000851,67,53,14
60RB000852,92,64,28
60RB000853,56,41,15
60RB000854,78,62,16
60RB000855,47,37,10
60RB000856,43,28,15
60RB000857,88,62,26
60RB000858,85,55,30
60RB000859,55,43,12
60RB000860,53,34,19
60RB000861,83,62,21
60RB000862,80,47,33
60RB000863,99,78,21
60RB000864,94,73,21
60RB000865,69,48,21
60RB000866,76,46,30
60RB000867,135,91,44
60RB000868,73,46,27
60RB000869,100,72,28
60RB000870,84,60,24
60RB000871,64,51,13
60RB000872,99,76,23
60RB000873,44,33,11
60RB000874,44,29,15
60RB000875,51,32,19
60RB000876,95,63,32
60RB000877,105,65,40
60RB000878,99,53,46
60RB000879,59,32,27
60RB000880,54,33,21
60RB000881,83,57,26
60RB000882,45,26,19
60RB000883,47,32,15
60RB000884,52,37,15
60RB000885,71,55,16
60RB000886,74,50,24
60RB000887,65,47,18
60RB000888,82,49,33
60RB000889,44,28,16
60RB000890,41,26,15
60RB000891,61,51,10
60RB000892,64,39,25
60RB000893,48,37,11
60RB000894,54,41,13
60RB000895,40,27,13
60RB000896,48,40,8
60RB000897,49,31,18
60RB000898,134,106,28
60RB000899,62,52,10
60RB000900,40,21,19
60RB000901,88,67,21
60RB000902,77,51,26
60RB000903,56,40,16
60RB000904,71,42,29
60RB000905,72,53,19
60RB000906,44,30,14
60RB000907,50,22,28
60RB000908,62,48,14
60RB000909,68,48,20
60RB000910,86,72,14
60RB000911,65,51,14
60RB000912,119,79,40
60RB000913,99,88,11
60RB000914,72,49,23
60RB000915,70,43,27
60RB000916,44,28,16
60RB000917,62,42,20
60RB000918,84,63,21
60RB000919,45,13,32
60RB000920,88,29,59
60RB000921,78,65,13
60RB000922,74,62,12
60RB000923,53,42,11
60RB000924,118,82,36
60RB000925,64,38,26
60RB000926,83,62,21
60RB000927,49,38,11
60RB000928,89,70,19
60RB000929,76,48,28
60RB000930,66,46,20
60RB000931,62,42,20
60RB000932,71,35,36
60RB000933,94,61,33
60RB000934,67,47,20
60RB000935,105,46,59
60RB000936,84,59,25
60RB000937,113,89,24
60RB000938,36,19,17
60RB000939,93,54,39
60RB000940,61,43,18
60RB000941,86,63,23
60RB000942,64,40,24
60RB000943,67,33,34
60RB000944,58,34,24
60RB000945,76,52,24
60RB000946,61,46,15
60RB000947,82,59,23
60RB000948,48,37,11
60RB000949,81,68,13
60RB000950,97,67,30
60RB000951,83,66,17
60RB000952,215,91,124
60RB000953,135,101,34
60RB000954,49,33,16
60RB000955,98,75,23
60RB000956,129,97,32
60RB000957,127,84,43
60RB000958,113,80,33
60RB000959,104,70,34
60RB000960,100,65,35
60RB000961,95,69,26
60RB000962,113,84,29
60RB000963,107,79,28
60RB000964,107,72,35
60RB000965,129,90,39
60RB000966,108,80,28
60RB000967,84,64,20
60RB000968,80,62,18
60RB000969,131,93,38
60RB000970,79,61,18
60RB000971,78,68,10
60RB000972,64,44,20
60RB000973,79,59,20
60RB000974,124,88,36
60RB000975,90,59,31
60RB000976,99,66,33
60RB000977,48,28,20
60RB000978,238,157,81
60RB000979,80,57,23
60RB000980,83,63,20
60RB000981,124,95,29
60RB000982,45,33,12
60RB000983,70,53,17
60RB000984,70,47,23
60RB000985,76,60,16
60RB000986,87,41,46
60RB000987,102,71,31
60RB000988,76,56,20
60RB000989,152,90,62
60RB000990,82,52,30
60RB000991,83,65,18
60RB000992,75,55,20
60RB000993,76,48,28
60RB000994,97,72,25
60RB000995,65,44,21
60RB000996,116,87,29
60RB000997,58,40,18
60RB000998,45,31,14
60RB000999,87,59,28
60RB001000,74,50,24
60RB001001,86,59,27
60RB001002,81,42,39
60RB001003,68,45,23
60RB001004,86,62,24
60RB001005,71,49,22
60RB001006,66,55,11
60RB001007,62,45,17
60RB001008,116,80,36
60RB001009,118,82,36
60RB001010,86,42,44
60RB001011,59,47,12
60RB001012,80,64,16
60RB001013,116,88,28
60RB001014,90,62,28
60RB001015,59,38,21
60RB001016,59,42,17
60RB001017,115,98,17
60RB001018,33,6,27
60RB001019,120,66,54
60RB001020,19,3,16
60RB001021,82,44,38
60RB001022,63,37,26
60RB001023,71,46,25
60RB001024,96,59,37
60RB001025,56,32,24
60RB001026,87,65,22
60RB001027,47,22,25
60RB001028,55,37,18
60RB001029,31,12,19
60RB001030,48,45,3
60RB001031,114,101,13
60RB001032,110,79,31
60RB001033,111,82,29
60RB001034,125,101,24
60RB001035,96,63,33
60RB001036,87,76,11
60RB001037,96,80,16
60RB001038,101,91,10
60RB001039,70,69,1
60RB001040,99,72,27
60RB001041,62,47,15
60RB001042,123,97,26
60RB001043,118,89,29
60RB001044,136,117,19
60RB001045,50,33,17
60RB001046,78,54,24
60RB001047,115,63,52
60RB001048,154,141,13
60RB001049,121,112,9
60RB001050,101,85,16
60RB001051,88,79,9
60RB001052,46,44,2
60RB001053,72,46,26
60RB001054,85,53,32
60RB001055,74,61,13
60RB001056,75,40,35
60RB001057,74,49,25
60RB001058,77,51,26
60RB001059,42,26,16
60RB001060,105,46,59
60RB001061,105,68,37
60RB001062,143,109,34
60RB001063,90,50,40
60RB001064,50,21,29
60RB001065,49,19,30
60RB001066,137,108,29
60RB001067,54,41,13
60RB001068,35,14,21
60RB001069,48,40,8
60RB001070,53,50,3
60RB001071,65,50,15
60RB001072,76,35,41
60RB001073,73,62,11
60RB001074,94,85,9
60RB001075,104,71,33
60RB001076,86,52,34
60RB001077,58,26,32
60RB001078,71,35,36
60RB001079,77,22,55
60RB001080,66,48,18
60RB001081,35,16,19
60RB001082,103,48,55
60RB001083,80,56,24
60RB001084,40,23,17
60RB001085,93,46,47
60RB001086,44,29,15
60RB001087,101,74,27
60RB001088,327,95,232
60RB001089,45,27,18
60RB001090,76,47,29
60RB001091,121,82,39
60RB001092,62,46,16
60RB001093,51,25,26
60RB001094,63,51,12
60RB001095,77,54,23
60RB001096,79,69,10
60RB001097,60,55,5
60RB001098,107,68,39
60RB001099,76,48,28
60RB001100,64,50,14
60RB001101,56,44,12
60RB001102,83,52,31
60RB001103,62,43,19
60RB001104,22,2,20
60RB001105,95,74,21
60RB001106,57,47,10
60RB001107,64,51,13
60RB001108,86,73,13
60RB001109,133,86,47
60RB001110,52,36,16
60RB001111,125,97,28
60RB001112,77,55,22
60RB001113,67,59,8
60RB001114,121,82,39
60RB001115,63,46,17
60RB001116,88,46,42
60RB001117,68,35,33
60RB001118,98,85,13
60RB001119,56,47,9
60RB001120,49,39,10
60RB001121,92,53,39
60RB001122,163,105,58
60RB001123,47,36,11
60RB001124,132,66,66
60RB001125,89,46,43
60RB001126,145,109,36
60RB001127,83,53,30
60RB001128,61,33,28
60RB001129,82,50,32
60RB001130,47,32,15
60RB001131,52,43,9
60RB001132,77,59,18
60RB001133,90,68,22
60RB001134,68,41,27
60RB001135,54,30,24
60RB001136,115,64,51
60RB001137,60,38,22
60RB001138,87,62,25
60RB001139,60,29,31
60RB001140,43,9,34
60RB001141,49,33,16
60RB001142,74,29,45
60RB001143,112,74,38
60RB001144,46,19,27
60RB001145,85,56,29
60RB001146,66,37,29
60RB001147,102,71,31
60RB001148,71,46,25
60RB001149,32,17,15
60RB001150,89,49,40
60RB001151,214,171,43
60RB001152,113,63,50
60RB001153,126,85,41
60RB001154,74,53,21
60RB001155,88,59,29
60RB001156,288,208,80
60RB001157,78,48,30
60RB001158,40,21,19
60RB001159,64,45,19
60RB001160,75,45,30
60RB001161,46,18,28
60RB001162,79,56,23
60RB001163,80,61,19
60RB001164,86,54,32
60RC000001,255,59,196
60RC000002,52,38,14
60RC000003,131,108,23
60RC000004,54,38,16
60RC000005,130,81,49
60RC000006,102,78,24
60RC000007,56,49,7
60RC000008,51,39,12
60RC000009,59,44,15
60RC000010,48,35,13
60RC000011,129,86,43
60RC000012,123,74,49
60RC000013,89,54,35
60RC000014,94,69,25
60RC000015,54,36,18
60RC000016,44,35,9
60RC000017,107,76,31
60RC000018,73,55,18
60RC000019,73,30,43
60RC000020,92,65,27
60RC000021,68,34,34
60RC000022,84,52,32
60RC000023,98,57,41
60RC000024,101,52,49
60RC000025,124,68,56
60RC000026,112,70,42
60RC000027,85,31,54
60RC000028,87,57,30
60RC000029,69,48,21
60RC000030,90,47,43
60RC000031,92,66,26
60RC000032,117,76,41
60RC000033,18,6,12
60RC000034,64,33,31
60RC000035,92,57,35
60RC000036,114,61,53
60RC000037,48,31,17
60RC000038,56,22,34
60RC000039,61,38,23
60RC000040,66,48,18
60RC000041,83,50,33
60RC000042,89,60,29
60RC000043,115,77,38
60RC000044,88,55,33
60RC000045,165,96,69
60RC000046,94,60,34
60RC000047,94,43,51
60RC000048,27,6,21
60RC000049,77,40,37
60RC000050,52,19,33
60RC000051,52,24,28
60RC000052,51,18,33
60RC000053,107,50,57
60RC000054,107,48,59
60RC000055,68,46,22
60RC000056,74,40,34
60RC000057,37,11,26
60RC000058,70,31,39
60RC000059,95,37,58
60RC000060,84,46,38
60RC000061,46,26,20
60RC000062,57,28,29
60RC000063,93,61,32
60RC000064,64,41,23
60RC000065,64,44,20
60RC000066,91,63,28
60RC000067,95,55,40
60RC000068,82,45,37
60RC000069,66,51,15
60RC000070,77,51,26
60RC000071,149,132,17
60RC000072,122,71,51
60RC000073,74,56,18
60RC000074,109,86,23
60RC000075,87,51,36
60RC000076,65,45,20
60RC000077,81,50,31
60RC000078,92,44,48
60RC000079,59,24,35
60RC000080,89,50,39
60RC000081,42,12,30
60RC000082,104,66,38
60RC000083,74,34,40
60RC000084,112,62,50
60RC000085,79,33,46
60RC000086,83,56,27
60RC000087,74,38,36
60RC000088,48,32,16
60RC000089,63,33,30
60RC000090,89,42,47
60RC000091,79,40,39
60RC000092,99,67,32
60RC000093,67,26,41
60RC000094,84,54,30
60RC000095,46,27,19
60RC000096,52,22,30
60RC000097,59,39,20
60RC000098,34,18,16
60RC000099,75,47,28
60RC000100,93,52,41
60RC000101,57,39,18
60RC000102,69,37,32
60RC000103,87,48,39
60RC000104,90,60,30
60RC000105,79,43,36
60RC000106,77,44,33
60RC000107,92,46,46
60RC000108,112,62,50
60RC000109,54,35,19
60RC000110,64,26,38
60RC000111,86,33,53
60RC000112,51,37,14
60RC000113,65,34,31
60RC000114,72,43,29
60RC000115,114,70,44
60RC000116,78,50,28
60RC000117,84,48,36
60RC000118,90,51,39
60RC000119,125,57,68
60RC000120,80,46,34
60RC000121,115,64,51
60RC000122,42,16,26
60RC000123,99,55,44
60RC000124,112,64,48
60RC000125,120,60,60
60RC000126,126,73,53
60RC000127,131,81,50
60RC000128,49,24,25
60RC000129,87,51,36
60RC000130,74,47,27
60RC000131,70,28,42
60RC000132,40,19,21
60RC000133,54,29,25
60RC000134,35,19,16
60RC000135,89,42,47
60RC000136,61,27,34
60RC000137,86,51,35
60RC000138,138,73,65
60RC000139,145,83,62
60RC000140,66,35,31
60RC000141,75,34,41
60RC000142,124,75,49
60RC000143,114,64,50
60RC000144,60,34,26
60RC000145,73,39,34
60RC000146,77,41,36
60RC000147,85,41,44
60RC000148,60,35,25
60RC000149,63,31,32
60RC000150,64,39,25
60RC000151,48,20,28
60RC000152,92,49,43
60RC000153,106,67,39
60RC000154,89,52,37
60RC000155,143,73,70
60RC000156,105,65,40
60RC000157,114,84,30
60RC000158,130,78,52
60RC000159,35,19,16
60RC000160,168,127,41
60RC000161,115,80,35
60RC000162,121,83,38
60RC000163,82,49,33
60RC000164,103,81,22
60RC000165,128,90,38
60RC000166,130,75,55
60RC000167,104,66,38
60RC000168,97,60,37
60RC000169,126,83,43
60RC000170,90,61,29
60RC000171,89,55,34
60RC000172,70,51,19
60RC000173,80,52,28
60RC000174,76,53,23
60RC000175,67,40,27
60RC000176,115,75,40
60RC000177,130,92,38
60RC000178,89,47,42
60RC000179,93,65,28
60RC000180,83,53,30
60RC000181,135,91,44
60RC000182,96,47,49
60RC000183,151,103,48
60RC000184,56,21,35
60RC000185,103,71,32
60RC000186,121,63,58
60RC000187,96,56,40
60RC000188,102,64,38
60RC000189,65,49,16
60RC000190,83,41,42
60RC000191,74,35,39
60RC000192,114,66,48
60RC000193,101,47,54
60RC000194,141,93,48
60RC000195,123,93,30
60RC000196,114,81,33
60RC000197,115,87,28
60RC000198,134,83,51
60RC000199,139,97,42
60RC000200,117,95,22
60RC000201,144,101,43
60RC000202,117,74,43
60RC000203,144,93,51
60RC000204,40,19,21
60RC000205,97,62,35
60RC000206,141,79,62
60RC000207,94,59,35
60RC000208,105,71,34
60RC000209,89,60,29
60RC000210,76,50,26
60RC000211,92,41,51
60RC000212,94,48,46
60RC000213,99,64,35
60RC000214,85,40,45
60RC000215,92,53,39
60RC000216,81,42,39
60RC000217,68,25,43
60RC000218,69,32,37
60RC000219,75,43,32
60RC000220,126,63,63
60RC000221,110,58,52
60RC000222,94,47,47
60RC000223,106,59,47
60RC000224,93,57,36
60RC000225,87,50,37
60RC000226,138,69,69
60RC000227,112,61,51
60RC000228,142,85,57
60RC000229,115,70,45
60RC000230,94,53,41
60RC000231,89,68,21
60RC000232,43,35,8
60RC000233,89,69,20
60RC000234,74,51,23
60RC000235,60,43,17
60RC000236,105,83,22
60RC000237,107,88,19
60RC000238,98,65,33
60RC000239,83,53,30
60RC000240,89,72,17
60RC000241,68,32,36
60RC000242,56,30,26
60RC000243,64,37,27
60RC000244,106,73,33
60RC000245,93,51,42
60RC000246,81,47,34
60RC000247,111,89,22
60RC000248,62,35,27
60RC000249,63,44,19
60RC000250,62,42,20
60RC000251,51,37,14
60RC000252,110,56,54
60RC000253,63,39,24
60RC000254,89,56,33
60RC000255,75,49,26
60RC000256,71,45,26
60RC000257,50,28,22
60RC000258,49,30,19
60RC000259,26,9,17
60RC000260,109,89,20
60RC000261,88,43,45
60RC000262,64,44,20
60RC000263,79,51,28
60RC000264,112,90,22
60RC000265,71,49,22
60RC000266,79,61,18
60RC000267,53,34,19
60RC000268,80,46,34
60RC000269,63,36,27
60RC000270,74,52,22
60RC000271,60,35,25
60RC000272,118,87,31
60RC000273,109,83,26
60RC000274,57,24,33
60RC000275,36,9,27
60RC000276,60,27,33
60RC000277,99,61,38
60RC000278,87,34,53
60RC000279,52,32,20
60RC000280,49,31,18
60RC000281,56,19,37
60RC000282,68,35,33
60RC000283,50,26,24
60RC000284,92,51,41
60RC000285,39,15,24
60RC000286,99,84,15
60RC000287,99,69,30
60RC000288,67,39,28
60RC000289,53,38,15
60RC000290,103,64,39
60RC000291,57,36,21
60RC000292,119,86,33
60RC000293,68,53,15
60RC000294,74,23,51
60RC000295,65,24,41
60RC000296,117,56,61
60RC000297,53,18,35
60RC000298,60,30,30
60RC000299,82,37,45
60RC000300,141,82,59
60RC000301,46,38,8
60RC000302,52,30,22
60RC000303,42,27,15
60RC000304,76,58,18
60RC000305,69,56,13
60RC000306,47,35,12
60RC000307,97,67,30
60RC000308,46,29,17
60RC000309,90,44,46
60RC000310,97,86,11
60RC000311,118,58,60
60RC000312,51,32,19
60RC000313,80,40,40
60RC000314,86,56,30
60RC000315,44,30,14
60RC000316,78,39,39
60RC000317,47,26,21
60RC000318,67,51,16
60RC000319,66,34,32
60RC000320,54,31,23
60RC000321,95,79,16
60RC000322,108,73,35
60RC000323,97,73,24
60RC000324,67,38,29
60RC000325,80,51,29
60RC000326,96,86,10
60RC000327,52,14,38
60RC000328,91,64,27
60RC000329,87,70,17
60RC000330,65,47,18
60RC000331,57,33,24
60RC000332,54,23,31
60RC000333,63,28,35
60RC000334,82,44,38
60RC000335,62,34,28
60RC000336,98,56,42
60RC000337,77,42,35
60RC000338,83,65,18
60RC000339,61,40,21
60RC000340,43,33,10
60RC000341,116,98,18
60RC000342,104,71,33
60RC000343,108,84,24
60RC000344,77,57,20
60RC000345,86,55,31
60RC000346,125,91,34
60RC000347,77,56,21
60RC000348,119,86,33
60RC000349,101,64,37
60RC000350,38,26,12
60RC000351,65,48,17
60RC000352,97,64,33
60RC000353,83,48,35
60RC000354,81,48,33
60RC000355,84,61,23
60RC000356,98,69,29
60RC000357,70,49,21
60RC000358,87,55,32
60RC000359,168,125,43
60RC000360,100,65,35
60RC000361,137,87,50
60RC000362,124,75,49
60RC000363,86,61,25
60RC000364,97,60,37
60RC000365,80,57,23
60RC000366,110,69,41
60RC000367,122,85,37
60RC000368,51,18,33
60RC000369,86,60,26
60RC000370,78,60,18
60RC000371,108,69,39
60RC000372,69,51,18
60RC000373,88,59,29
60RC000374,153,114,39
60RC000375,121,85,36
60RC000376,95,55,40
60RC000377,73,49,24
60RC000378,100,64,36
60RC000379,89,59,30
60RC000380,87,61,26
60RC000381,75,40,35
60RC000382,101,75,26
60RC000383,60,37,23
60RC000384,79,51,28
60RC000385,124,99,25
60RC000386,72,43,29
60RC000387,86,57,29
60RC000388,84,69,15
60RC000389,100,64,36
60RC000390,89,66,23
60RC000391,78,37,41
60RC000392,67,43,24
60RC000393,130,67,63
60RC000394,11,2,9
60RC000395,78,23,55
60RC000396,86,34,52
60RC000397,46,8,38
60RC000398,59,20,39
60RC000399,58,23,35
60RC000400,112,82,30
60RC000401,121,101,20
60RC000402,131,98,33
60RC000403,46,30,16
60RC000404,37,31,6
60RC000405,69,43,26
60RC000406,84,57,27
60RC000407,59,39,20
60RC000408,80,30,50
60RC000409,45,10,35
60RC000410,77,23,54
60RC000411,77,33,44
60RC000412,87,42,45
60RC000413,58,22,36
60RC000414,55,19,36
60RC000415,52,23,29
60RC000416,58,30,28
60RC000417,47,17,30
60RC000418,168,103,65
60RC000419,82,53,29
60RC000420,99,62,37
60RC000421,84,41,43
60RC000422,164,108,56
60RC000423,132,76,56
60RC000424,55,28,27
60RC000425,123,79,44
60RC000426,66,35,31
60RC000427,64,37,27
60RC000428,115,70,45
60RC000429,75,40,35
60RC000430,66,45,21
60RC000431,43,23,20
60RC000432,80,67,13
60RC000433,106,65,41
60RC000434,92,48,44
60RC000435,128,95,33
60RC000436,97,59,38
60RC000437,69,43,26
60RC000438,44,30,14
60RC000439,70,38,32
60RC000440,101,48,53
60RC000441,73,46,27
60RC000442,76,49,27
60RC000443,58,34,24
60RC000444,111,67,44
60RC000445,48,24,24
60RC000446,62,43,19
60RC000447,116,60,56
60RC000448,87,38,49
60RC000449,148,93,55
60RC000450,75,55,20
60RC000451,107,78,29
60RC000452,90,69,21
60RC000453,168,116,52
60RC000454,156,107,49
60RC000455,101,68,33
60RC000456,91,63,28
60RC000457,86,47,39
60RC000458,68,30,38
60RC000459,96,55,41
60RC000460,80,37,43
60RC000461,82,48,34
60RC000462,78,41,37
60RC000463,69,37,32
60RC000464,88,55,33
60RC000465,97,54,43
60RC000466,60,34,26
60RC000467,72,29,43
60RC000468,79,49,30
60RC000469,63,38,25
60RC000470,83,41,42
60RC000471,85,48,37
60RC000472,115,74,41
60RC000473,98,59,39
60RC000474,89,66,23
60RC000475,75,43,32
60RC000476,104,77,27
60RC000477,118,88,30
60RC000478,62,36,26
60RC000479,88,58,30
60RC000480,121,57,64
60RC000481,116,70,46
60RC000482,94,51,43
60RC000483,56,26,30
60RC000484,82,38,44
60RC000485,112,70,42
60RC000486,105,71,34
60RC000487,78,44,34
60RC000488,84,52,32
60RC000489,82,42,40
60RC000490,70,36,34
60RC000491,86,52,34
60RC000492,88,55,33
60RC000493,69,42,27
60RC000494,74,49,25
60RC000495,79,53,26
60RC000496,80,56,24
60RC000497,87,37,50
60RC000498,77,56,21
60RC000499,124,67,57
60RC000500,104,68,36
60RC000501,108,69,39
60RC000502,69,44,25
60RC000503,50,32,18
60RC000504,73,42,31
60RC000505,74,40,34
60RC000506,75,35,40
60RC000507,99,71,28
60RC000508,109,62,47
60RC000509,69,39,30
60RC000510,70,42,28
60RC000511,78,49,29
60RC000512,65,33,32
60RC000513,73,40,33
60RC000514,67,40,27
60RC000515,110,71,39
60RC000516,93,77,16
60RC000517,157,115,42
60RC000518,128,86,42
60RC000519,80,52,28
60RC000520,47,27,20
60RC000521,51,24,27
60RC000522,66,51,15
60RC000523,96,72,24
60RC000524,109,76,33
60RC000525,104,60,44
60RC000526,58,28,30
60RC000527,98,55,43
60RC000528,111,86,25
60RC000529,83,73,10
60RC000530,111,90,21
60RC000531,101,77,24
60RC000532,87,59,28
60RC000533,101,49,52
60RC000534,44,26,18
60RC000535,64,29,35
60RC000536,61,24,37
60RC000537,55,49,6
60RC000538,112,47,65
60RC000539,105,74,31
60RC000540,132,76,56
60RC000541,93,55,38
60RC000542,65,54,11
60RC000543,86,57,29
60RC000544,73,61,12
60RC000545,56,35,21
60RC000546,67,50,17
60RC000547,84,56,28
60RC000548,123,75,48
60RC000549,56,34,22
60RC000550,103,80,23
60RC000551,134,101,33
60RC000552,97,62,35
60RC000553,54,43,11
60RC000554,76,52,24
60RC000555,95,75,20
60RC000556,112,89,23
60RC000557,90,76,14
60RC000558,124,87,37
60RC000559,82,69,13
60RC000560,111,73,38
60RC000561,106,91,15
60RC000562,95,74,21
60RC000563,142,110,32
60RC000564,102,52,50
60RC000565,100,74,26
60RC000566,128,89,39
60RC000567,124,85,39
60RC000568,85,71,14
60RC000569,83,73,10
60RC000570,122,84,38
60RC000571,107,80,27
60RC000572,116,84,32
60RC000573,80,39,41
60RC000574,82,51,31
60RC000575,123,93,30
60RC000576,89,68,21
60RC000577,96,78,18
60RC000578,100,56,44
60RC000579,74,50,24
60RC000580,83,44,39
60RC000581,92,51,41
60RC000582,80,42,38
60RC000583,75,43,32
60RC000584,86,51,35
60RC000585,60,31,29
60RC000586,114,74,40
60RC000587,65,43,22
60RC000588,92,54,38
60RC000589,67,35,32
60RC000590,63,38,25
60RC000591,85,51,34
60RC000592,81,46,35
60RC000593,99,55,44
60RC000594,80,46,34
60RC000595,53,26,27
60RC000596,92,42,50
60RC000597,117,73,44
60RC000598,84,41,43
60RC000599,64,33,31
60RC000600,91,47,44
60RC000601,57,37,20
60RC000602,67,29,38
60RC000603,84,51,33
60RC000604,76,33,43
60RC000605,92,57,35
60RC000606,67,40,27
60RC000607,50,34,16
60RC000608,57,29,28
60RC000609,80,48,32
60RC000610,62,34,28
60RC000611,99,66,33
60RC000612,96,56,40
60RC000613,67,35,32
60RC000614,109,45,64
60RC000615,114,36,78
60RC000616,70,31,39
60RC000617,95,35,60
60RC000618,46,17,29
60RC000619,96,67,29
60RC000620,78,43,35
60RC000621,55,50,5
60RC000622,49,17,32
60RC000623,94,39,55
60RC000624,101,48,53
60RC000625,53,28,25
60RC000626,63,41,22
60RC000627,61,48,13
60RC000628,55,27,28
60RC000629,42,27,15
60RC000630,72,50,22
60RC000631,65,47,18
60RC000632,66,55,11
60RC000633,75,45,30
60RC000634,49,39,10
60RC000635,58,37,21
60RC000636,64,47,17
60RC000637,50,32,18
60RC000638,87,79,8
60RC000639,91,67,24
60RC000640,58,50,8
60RC000641,123,111,12
60RC000642,64,46,18
60RC000643,63,27,36
60RC000644,84,55,29
60RC000645,68,38,30
60RC000646,108,78,30
60RC000647,59,30,29
60RC000648,99,72,27
60RC000649,52,26,26
60RC000650,65,37,28
60RC000651,72,38,34
60RC000652,38,27,11
60RC000653,61,25,36
60RC000654,72,40,32
60RC000655,45,29,16
60RC000656,68,34,34
60RC000657,90,46,44
60RC000658,78,44,34
60RC000659,92,54,38
60RC000660,39,12,27
60RC000661,66,32,34
60RC000662,87,46,41
60RC000663,51,27,24
60RC000664,71,41,30
60RC000665,65,42,23
60RC000666,85,51,34
60RC000667,69,50,19
60RC000668,59,34,25
60RC000669,96,58,38
60RC000670,71,46,25
60RC000671,68,30,38
60RC000672,73,37,36
60RC000673,72,35,37
60RC000674,67,41,26
60RC000675,75,52,23
60RC000676,67,34,33
60RC000677,73,51,22
60RC000678,63,33,30
60RC000679,117,68,49
60RC000680,93,57,36
60RC000681,73,41,32
60RC000682,93,52,41
60RC000683,92,49,43
60RC000684,77,36,41
60RC000685,71,40,31
60RC000686,81,44,37
60RC000687,45,20,25
60RC000688,84,38,46
60RC000689,72,41,31
60RC000690,117,70,47
60RC000691,82,42,40
60RC000692,76,53,23
60RC000693,98,49,49
60RC000694,130,77,53
60RC000695,89,34,55
60RC000696,83,46,37
60RC000697,78,62,16
60RC000698,84,59,25
60RC000699,79,52,27
60RC000700,127,92,35
60RC000701,65,54,11
60RC000702,100,70,30
60RC000703,122,97,25
60RC000704,93,62,31
60RC000705,113,82,31
60RC000706,99,76,23
60RC000707,111,60,51
60RC000708,88,54,34
60RC000709,89,39,50
60RC000710,101,69,32
60RC000711,96,73,23
60RC000712,125,77,48
60RC000713,69,43,26
60RC000714,71,44,27
60RC000715,45,28,17
60RC000716,111,69,42
60RC000717,76,46,30
60RC000718,67,42,25
60RC000719,83,48,35
60RC000720,37,11,26
60RC000721,29,12,17
60RC000722,87,51,36
60RC000723,63,47,16
60RC000724,95,46,49
60RC000725,53,28,25
60RC000726,127,98,29
60RC000727,104,57,47
60RC000728,64,36,28
60RC000729,57,35,22
60RC000730,57,22,35
60RC000731,92,46,46
60RC000732,79,48,31
60RC000733,92,65,27
60RC000734,83,68,15
60RC000735,58,43,15
60RC000736,77,62,15
60RC000737,96,63,33
60RC000738,49,30,19
60RC000739,103,66,37
60RC000740,84,47,37
60RC000741,59,30,29
60RC000742,83,56,27
60RC000743,76,47,29
60RC000744,68,32,36
60RC000745,93,74,19
60RC000746,100,85,15
60RC000747,71,36,35
60RC000748,67,59,8
60RC000749,69,43,26
60RC000750,95,56,39
60RC000751,62,42,20
60RC000752,69,42,27
60RC000753,64,34,30
60RC000754,133,90,43
60RC000755,66,25,41
60RC000756,81,59,22
60RC000757,88,59,29
60RC000758,80,44,36
60RC000759,93,53,40
60RC000760,71,43,28
60RC000761,77,50,27
60RC000762,81,56,25
60RC000763,89,64,25
60RC000764,96,67,29
60RC000765,76,35,41
60RC000766,109,58,51
60RC000767,113,71,42
60RC000768,133,89,44
60RC000769,109,72,37
60RC000770,86,48,38
60RC000771,94,55,39
60RC000772,87,52,35
60RC000773,109,79,30
60RC000774,129,89,40
60RC000775,80,49,31
60RC000776,65,38,27
60RC000777,38,33,5
60RC000778,110,87,23
60RC000779,51,30,21
60RC000780,62,57,5
60RC000781,143,102,41
60RC000782,50,23,27
60RC000783,73,55,18
60RC000784,78,36,42
60RC000785,70,50,20
60RC000786,56,26,30
60RC000787,98,42,56
60RC000788,80,48,32
60RC000789,58,41,17
60RC000790,47,25,22
60RC000791,96,77,19
60RC000792,101,63,38
60RC000793,115,76,39
60RC000794,99,54,45
60RC000795,138,108,30
60RC000796,111,66,45
60RC000797,90,45,45
60RC000798,61,28,33
60RC000799,70,46,24
60RC000800,88,58,30
60RC000801,59,30,29
60RC000802,69,38,31
60RC000803,104,68,36
60RC000804,73,31,42
60RC000805,94,52,42
60RC000806,108,82,26
60RC000807,104,80,24
60RC000808,117,98,19
60RC000809,192,163,29
60RC000810,109,86,23
60RC000811,112,91,21
60RC000812,87,73,14
60RC000813,85,69,16
60RC000814,158,116,42
60RC000815,145,118,27
60RC000816,148,120,28
60RC000817,143,122,21
60RC000818,141,111,30
60RC000819,163,128,35
60RC000820,164,126,38
60RC000821,120,101,19
60RC000822,52,37,15
60RC000823,117,91,26
60RC000824,84,64,20
60RC000825,86,55,31
60RC000826,55,27,28
60RC000827,100,68,32
60RC000828,94,59,35
60RC000829,84,61,23
60RC000830,121,82,39
60RC000831,111,78,33
60RC000832,103,70,33
60RC000833,80,57,23
60RC000834,92,52,40
60RC000835,67,38,29
60RC000836,116,81,35
60RC000837,102,71,31
60RC000838,125,101,24
60RC000839,105,80,25
60RC000840,114,85,29
60RC000841,121,83,38
60RC000842,108,87,21
60RC000843,104,80,24
60RC000844,97,69,28
60RC000845,116,91,25
60RC000846,146,127,19
60RC000847,115,72,43
60RC000848,75,63,12
60RC000849,85,57,28
60RC000850,98,69,29
60RC000851,68,51,17
60RC000852,58,33,25
60RC000853,91,56,35
60RC000854,106,75,31
60RC000855,101,51,50
60RC000856,116,75,41
60RC000857,79,45,34
60RC000858,64,37,27
60RC000859,109,77,32
60RC000860,88,65,23
60RC000861,73,39,34
60RC000862,99,65,34
60RC000863,67,35,32
60RC000864,93,66,27
60RC000865,89,47,42
60RC000866,124,79,45
60RC000867,146,101,45
60RC000868,135,80,55
60RC000869,90,64,26
60RC000870,108,71,37
60RC000871,147,123,24
60RC000872,111,91,20
60RC000873,89,71,18
60RC000874,87,62,25
60RC000875,111,91,20
60RC000876,90,78,12
60RC000877,127,103,24
60RC000878,109,83,26
60RC000879,103,89,14
60RC000880,109,98,11
60RC000881,138,114,24
60RC000882,88,70,18
60RC000883,134,103,31
60RC000884,150,113,37
60RC000885,119,85,34
60RC000886,127,90,37
60RC000887,132,100,32
60RC000888,105,67,38
60RC000889,99,75,24
60RC000890,71,54,17
60RC000891,56,32,24
60RC000892,94,67,27
60RC000893,124,86,38
60RC000894,93,41,52
60RC000895,113,84,29
60RC000896,68,47,21
60RC000897,156,129,27
60RC000898,116,85,31
60RC000899,93,74,19
60RC000900,140,116,24
60RC000901,126,105,21
60RC000902,87,71,16
60RC000903,101,83,18
60RC000904,139,104,35
60RC000905,87,63,24
60RC000906,83,60,23
60RC000907,89,62,27
60RC000908,69,49,20
60RC000909,68,47,21
60RC000910,87,45,42
60RC000911,116,72,44
60RC000912,58,28,30
60RC000913,133,94,39
60RC000914,117,79,38
60RC000915,102,72,30
60RC000916,110,66,44
60RC000917,115,89,26
60RC000918,117,93,24
60RC000919,125,96,29
60RC000920,111,92,19
60RC000921,117,96,21
60RC000922,135,88,47
60RC000923,97,60,37
60RC000924,61,33,28
60RC000925,65,36,29
60RC000926,77,49,28
60RC000927,96,57,39
60RC000928,147,83,64
60RC000929,105,61,44
60RC000930,148,100,48
60RC000931,77,46,31
60RC000932,111,77,34
60RC000933,108,56,52
60RC000934,140,92,48
60RC000935,125,86,39
60RC000936,80,50,30
60RC000937,147,89,58
60RC000938,85,52,33
60RC000939,75,53,22
60RC000940,128,99,29
60RC000941,127,84,43
60RC000942,106,77,29
60RC000943,107,90,17
60RC000944,114,91,23
60RC000945,87,60,27
60RC000946,95,70,25
60RC000947,62,41,21
60RC000948,78,54,24
60RC000949,96,85,11
60RC000950,116,76,40
60RC000951,141,117,24
60RC000952,133,113,20
60RC000953,56,41,15
60RC000954,78,62,16
60RC000955,71,61,10
60RC000956,87,63,24
60RC000957,103,68,35
60RC000958,101,78,23
60RC000959,110,69,41
60RC000960,117,77,40
60RC000961,52,42,10
60RC000962,95,88,7
60RC000963,136,91,45
60RC000964,85,54,31
60RC000965,111,91,20
60RC000966,56,36,20
60RC000967,81,59,22
60RC000968,63,40,23
60RC000969,92,78,14
60RC000970,80,46,34
60RC000971,129,95,34
60RC000972,105,68,37
60RC000973,67,43,24
60RC000974,75,58,17
60RC000975,80,49,31
60RC000976,91,63,28
60RC000977,115,79,36
60RC000978,162,129,33
60RC000979,178,141,37
60RC000980,134,114,20
60RC000981,172,141,31
60RC000982,135,106,29
60RC000983,125,86,39
60RC000984,88,61,27
60RC000985,147,100,47
60RC000986,120,82,38
60RC000987,112,82,30
60RC000988,86,65,21
60RC000989,75,52,23
60RC000990,61,35,26
60RC000991,86,68,18
60RC000992,118,81,37
60RC000993,76,48,28
60RC000994,79,51,28
60RC000995,86,41,45
60RC000996,142,105,37
60RC000997,136,104,32
60RC000998,80,65,15
60RC000999,90,71,19
60RC001000,169,143,26
60RC001001,132,96,36
60RC001002,116,99,17
60RC001003,152,122,30
60RC001004,122,90,32
60RC001005,111,77,34
60RC001006,146,103,43
60RC001007,137,98,39
60RC001008,106,80,26
60RC001009,104,75,29
60RC001010,103,79,24
60RC001011,84,55,29
60RC001012,41,22,19
60RC001013,116,89,27
60RC001014,48,32,16
60RC001015,73,45,28
60RC001016,47,28,19
60RC001017,70,30,40
60RC001018,57,37,20
60RC001019,69,41,28
60RC001020,79,60,19
60RC001021,79,49,30
60RC001022,48,36,12
60RC001023,85,67,18
60RC001024,56,43,13
60RC001025,60,45,15
60RC001026,118,83,35
60RC001027,102,76,26
60RC001028,53,35,18
60RC001029,86,67,19
60RC001030,70,48,22
60RC001031,51,29,22
60RC001032,68,41,27
60RC001033,116,90,26
60RC001034,84,48,36
60RC001035,37,25,12
60RC001036,87,71,16
60RC001037,79,59,20
60RC001038,44,36,8
60RC001039,95,84,11
60RC001040,101,63,38
60RC001041,154,123,31
60RC001042,91,60,31
60RC001043,77,44,33
60RC001044,83,66,17
60RC001045,53,41,12
60RC001046,73,50,23
60RC001047,72,52,20
60RC001048,78,57,21
60RC001049,104,70,34
60RC001050,82,62,20
60RC001051,72,48,24
60RC001052,107,55,52
60RC001053,109,71,38
60RC001054,45,21,24
60RC001055,61,41,20
60RC001056,79,38,41
60RC001057,79,49,30
60RC001058,65,41,24
60RC001059,63,45,18
60RC001060,48,19,29
60RC001061,46,18,28
60RC001062,65,34,31
60RC001063,62,30,32
60RC001064,240,69,171
60RC001065,54,35,19
60RC001066,90,52,38
60RC001067,63,46,17
60RC001068,114,79,35
60RC001069,50,37,13
60RC001070,81,35,46
60RC001071,87,46,41
60RC001072,76,56,20
60RC001073,53,29,24
60RC001074,48,27,21
60RC001075,79,40,39
60RC001076,101,48,53
60RC001077,57,38,19
60RC001078,41,28,13
60RC001079,77,38,39
60RC001080,47,18,29
60RC001081,52,32,20
60RC001082,127,84,43
60RC001083,48,36,12
60RC001084,53,43,10
60RC001085,117,100,17
60RC001086,78,60,18
60RC001087,37,21,16
60RC001088,78,61,17
60RC001089,169,123,46
60RC001090,78,47,31
60RC001091,77,31,46
60RC001092,135,49,86
60RC001093,33,10,23
60RC001094,41,20,21
60RC001095,136,111,25
60RC001096,127,92,35
60RC001097,40,32,8
60RC001098,72,46,26
60RC001099,75,57,18
60RC001100,59,40,19
60RC001101,55,39,16
60RC001102,84,63,21
60RC001103,72,38,34
60RC001104,129,91,38
60RC001105,72,40,32
60RC001106,72,47,25
60RC001107,78,49,29
60RC001108,49,32,17
60RC001109,78,53,25
60RC001110,71,56,15
60RC001111,38,23,15
60RC001112,98,74,24
60RC001113,78,65,13
60RC001114,116,98,18
60RC001115,95,79,16
60RC001116,44,23,21
60RC001117,58,33,25
60RC001118,43,30,13
60RC001119,59,30,29
60RC001120,39,34,5
60RC001121,42,21,21
60RC001122,51,22,29
60RC001123,79,46,33
60RC001124,83,60,23
60RC001125,54,13,41
60RC001126,112,85,27
60RC001127,53,26,27
60RC001128,66,18,48
60RC001129,78,28,50
60RC001130,74,37,37
60RC001131,58,32,26
60RC001132,44,20,24
60RC001133,104,85,19
60RC001134,59,33,26
60RC001135,100,58,42
60RC001136,71,52,19
60RC001137,38,19,19
60RC001138,108,57,51
60RC001139,104,76,28
60RC001140,65,44,21
60RC001141,37,13,24
60RC001142,47,25,22
60RC001143,58,27,31
60RC001144,39,26,13
60RC001145,47,31,16
60RC001146,43,22,21
60RC001147,42,7,35
60RC001148,34,1,33
60RC001149,38,2,36
60RC001150,37,5,32
60RC001151,62,52,10
60RC001152,109,97,12
60RC001153,54,21,33
60RC001154,35,7,28
60RC001155,69,33,36
60RC001156,48,26,22
60RC001157,73,27,46
60RC001158,60,32,28
60RC001159,71,67,4
60RC001160,111,105,6
60RC001161,37,6,31
60RC001162,50,23,27
60RC001163,56,21,35
60RC001164,44,25,19
60RC001165,96,57,39
60RC001166,43,22,21
60RC001167,98,63,35
60RC001168,84,57,27
60RC001169,120,103,17
60RC001170,64,47,17
60RC001171,35,17,18
60RC001172,26,10,16
60RC001173,135,112,23
60RC001174,70,53,17
60RC001175,100,73,27
60RC001176,76,42,34
60RC001177,99,66,33
60RC001178,102,85,17
60RC001179,80,65,15
60RC001180,121,93,28
60RC001181,109,61,48
60RC001182,74,47,27
60RC001183,67,45,22
60RC001184,99,64,35
60RC001185,129,112,17
60RC001186,95,87,8
60RC001187,50,24,26
60RC001188,195,163,32
60RC001189,104,80,24
60RC001190,91,51,40
60RC001191,88,51,37
60RC001192,89,73,16
60RC001193,75,58,17
60RC001194,98,66,32
60RC001195,63,35,28
60RC001196,86,53,33
60RC001197,70,38,32
60RC001198,98,56,42
60RC001199,71,55,16
60RC001200,97,65,32
60RC001201,95,68,27
60RC001202,87,65,22
60RC001203,140,108,32
60RC001204,64,55,9
60RC001205,119,97,22
60RC001206,63,44,19
60RC001207,125,108,17
60RC001208,103,95,8
60RC001209,92,69,23
60RC001210,73,58,15
60RC001211,95,83,12
60RC001212,109,78,31
60RC001213,56,43,13
60RC001214,108,88,20
60RC001215,90,71,19
60RC001216,78,61,17
60RC001217,37,18,19
60RC001218,59,25,34
60RC001219,61,33,28
60RC001220,85,50,35
60RC001221,58,29,29
60RC001222,78,59,19
60RC001223,7,3,4
60RC001224,117,104,13
60RC001225,120,101,19
60RC001226,96,51,45
60RC001227,60,42,18
60RC001228,99,63,36
60RC001229,152,86,66
60RC001230,42,33,9
60RC001231,47,37,10
60RC001232,97,61,36
60RC001233,77,48,29
60RC001234,58,37,21
60RC001235,80,65,15
60RC001236,100,85,15
60RC001237,65,35,30
60RC001238,84,37,47
60RC001239,35,13,22
60RC001240,93,50,43
60RC001241,45,17,28
60RC001242,73,34,39
60RC001243,101,53,48
60RC001244,41,29,12
60RC001245,52,31,21
60RC001246,77,49,28
60RC001247,76,55,21
60RC001248,88,64,24
60RC001249,54,28,26
60RC001250,49,35,14
60RC001251,82,39,43
60RC001252,55,17,38
60RC001253,89,57,32
60RC001254,50,39,11
60RC001255,80,71,9
60RC001256,46,31,15
60RC001257,67,43,24
60RC001258,144,81,63
60RC001259,46,22,24
60RC001260,102,73,29
60RC001261,71,58,13
60RC001262,51,23,28
60RC001263,55,20,35
60RC001264,125,97,28
60RC001265,84,56,28
60RC001266,93,73,20
60RC001267,57,46,11
60RC001268,88,67,21
60RC001269,80,74,6
60RC001270,102,61,41
60RC001271,120,102,18
60RC001272,52,41,11
60RC001273,63,55,8
60RC001274,66,50,16
60RC001275,47,27,20
60RC001276,69,57,12
60RC001277,66,39,27
60RC001278,107,95,12
60RC001279,55,21,34
60RC001280,30,6,24
60RC001281,98,64,34
60RC001282,60,34,26
60RC001283,137,104,33
60RC001284,161,117,44
60RC001285,141,102,39
60RC001286,150,126,24
60RC001287,90,62,28
60RC001288,52,35,17
60RC001289,66,39,27
60RC001290,73,63,10
60RC001291,67,38,29
60RC001292,62,51,11
60RC001293,64,40,24
60RC001294,40,9,31
60RC001295,38,8,30
60RC001296,85,64,21
60RC001297,52,41,11
60RC001298,83,70,13
60RC001299,117,100,17
60RC001300,66,44,22
60RC001301,98,73,25
60RC001302,158,108,50
60RC001303,94,53,41
60RC001304,85,46,39
60RC001305,124,106,18
60RC001306,44,41,3
60RC001307,107,100,7
60RC001308,142,126,16
60RC001309,137,122,15
60RC001310,125,110,15
60RC001311,64,58,6
60RC001312,179,157,22
60RC001313,48,21,27
60RC001314,121,71,50
60RC001315,121,107,14
60RC001316,100,96,4
60RC001317,85,61,24
60RC001318,110,77,33
60RC001319,96,87,9
60RC001320,63,55,8
60RC001321,59,56,3
60RC001322,124,93,31
60RC001323,149,128,21
60RC001324,107,90,17
60RC001325,67,58,9
60RC001326,152,119,33
60RC001327,97,74,23
60RC001328,132,87,45
60RC001329,113,94,19
60RC001330,94,86,8
60RC001331,94,80,14
60RC001332,143,113,30
60RC001333,61,49,12
60RC001334,42,21,21
60RC001335,68,36,32
60RC001336,60,41,19
60RC001337,72,40,32
60RC001338,48,29,19
60RC001339,92,72,20
60RC001340,117,99,18
60RC001341,101,87,14
60RC001342,114,95,19
60RC001343,63,33,30
60RC001344,79,43,36
60RC001345,36,15,21
60RC001346,114,51,63
60RC001347,84,38,46
60RC001348,65,35,30
60RC001349,98,56,42
60RC001350,59,25,34
60RC001351,79,26,53
60RC001352,109,83,26
60RC001353,124,92,32
60RC001354,50,38,12
60RC001355,85,76,9
60RC001356,110,55,55
60RC001357,73,40,33
60RC001358,62,55,7
60RC001359,93,81,12
60RC001360,83,65,18
60RC001361,114,96,18
60RC001362,90,49,41
60RC001363,54,25,29
60RC001364,112,83,29
60RC001365,109,93,16
60RC001366,58,49,9
60RC001367,84,65,19
60RC001368,75,42,33
60RC001369,86,62,24
60RC001370,75,49,26
60RC001371,97,64,33
60RC001372,58,36,22
60RC001373,84,48,36
60RC001374,36,21,15
60RC001375,50,27,23
60RC001376,63,35,28
60RC001377,64,27,37
60RC001378,61,35,26
60RC001379,97,89,8
60RC001380,84,77,7
60RC001381,61,42,19
60RC001382,106,87,19
60RC001383,73,60,13
60RC001384,68,51,17
60RC001385,79,54,25
60RC001386,59,27,32
60RC001387,79,38,41
60RC001388,81,44,37
60RC001389,71,57,14
60RC001390,111,96,15
60RC001391,139,128,11
60RC001392,85,56,29
60RC001393,50,37,13
60RC001394,40,27,13
60RC001395,118,78,40
60RC001396,88,57,31
60RC001397,59,37,22
60RC001398,179,160,19
60RC001399,74,58,16
60RC001400,116,101,15
60RC001401,53,26,27
60RC001402,50,47,3
60RC001403,174,145,29
60RC001404,74,65,9
60RC001405,56,29,27
60RC001406,57,34,23
60RC001407,64,42,22
60RC001408,134,106,28
60RC001409,92,67,25
60RC001410,70,32,38
60RC001411,52,27,25
60RC001412,67,35,32
60RC001413,44,28,16
60RC001414,100,66,34
60RC001415,58,34,24
60RC001416,113,96,17
60RC001417,57,49,8
60RC001418,92,71,21
60RC001419,168,143,25
60RC001420,119,86,33
60RC001421,134,111,23
60RC001422,50,40,10
60RC001423,40,30,10
60RC001424,91,61,30
60RC001425,69,57,12
60RC001426,104,94,10
60RC001427,42,28,14
60RC001428,92,57,35
60RC001429,69,49,20
60RC001430,94,64,30
60RC001431,70,54,16
60RC001432,206,177,29
60RC001433,100,83,17
60RC001434,79,70,9
60RC001435,135,99,36
60RC001436,75,62,13
60RC001437,205,172,33
60RC001438,114,103,11
60RC001439,80,67,13
60RC001440,119,91,28
60RC001441,79,67,12
60RC001442,133,102,31
60RC001443,53,45,8
60RC001444,129,103,26
60RC001445,50,30,20
60RC001446,98,75,23
60RC001447,88,63,25
60RC001448,253,139,114
60RC001449,90,66,24
60RC001450,114,101,13
60RC001451,89,74,15
60RC001452,143,110,33
60RC001453,72,65,7
60RC001454,82,52,30
60RC001455,110,98,12
60RC001456,75,64,11
60RC001457,110,90,20
60RC001458,137,118,19
60RC001459,72,54,18
60RC001460,161,119,42
60RC001461,71,53,18
60RC001462,110,79,31
60RC001463,81,66,15
60RC001464,131,106,25
60RC001465,68,60,8
60RC001466,119,104,15
60RC001467,51,40,11
60RC001468,121,103,18
60RC001469,65,50,15
60RC001470,70,36,34
60RC001471,87,71,16
60RC001472,80,69,11
60RC001473,68,49,19
60QE000001,111,85,26
60QE000002,68,46,22
60QE000003,109,77,32
60QE000004,131,93,38
60QE000005,62,49,13
60QE000006,80,56,24
60QE000007,109,72,37
60QE000008,67,53,14
60QE000009,89,41,48
60QE000010,108,76,32
60QE000011,69,49,20
60QE000012,56,40,16
60QE000013,71,46,25
60QE000014,77,61,16
60QE000015,38,29,9
60QE000016,74,52,22
60QE000017,95,61,34
60QE000018,121,88,33
60QE000019,109,71,38
60QE000020,47,31,16
60QE000021,41,34,7
60QE000022,102,61,41
60QE000023,84,66,18
60QE000024,95,64,31
60QE000025,93,69,24
60QE000026,62,49,13
60QE000027,95,64,31
60QE000028,59,40,19
60QE000029,93,63,30
60QE000030,68,43,25
60QE000031,70,51,19
60QE000032,121,78,43
60QE000033,93,65,28
60QE000034,104,72,32
60QE000035,80,53,27
60QE000036,81,51,30
60QE000037,99,68,31
60QE000038,64,50,14
60QE000039,115,82,33
60QE000040,97,44,53
60QE000041,41,26,15
60QE000042,96,67,29
60QE000043,129,81,48
60QE000044,72,43,29
60QE000045,109,87,22
60QE000046,88,51,37
60QE000047,91,62,29
60QE000048,75,57,18
60QE000049,84,57,27
60QE000050,119,83,36
60QE000051,111,84,27
60QE000052,96,61,35
60QE000053,119,83,36
60QE000054,109,80,29
60QE000055,81,48,33
60QE000056,79,48,31
60QE000057,47,31,16
60QE000058,123,79,44
60QE000059,104,83,21
60QE000060,109,69,40
60QE000061,111,86,25
60QE000062,136,106,30
60QE000063,109,90,19
60QE000064,41,30,11
60QE000065,47,40,7
60QE000066,138,101,37
60QE000067,78,63,15
60QE000068,66,51,15
60QE000069,68,50,18
60QE000070,115,82,33
60QE000071,103,60,43
60QE000072,101,83,18
60QE000073,115,82,33
60QE000074,79,54,25
60QE000075,79,62,17
60QE000076,110,81,29
60QE000077,93,65,28
60QE000078,101,80,21
60QE000079,87,57,30
60QE000080,119,92,27
60QE000081,73,64,9
60QE000082,42,28,14
60QE000083,103,59,44
60QE000084,127,100,27
60QE000085,142,104,38
60QE000086,78,51,27
60QE000087,151,104,47
60QE000088,95,63,32
60QE000089,102,68,34
60QE000090,92,66,26
60QE000091,114,76,38
60QE000092,59,42,17
60QE000093,94,65,29
60QE000094,83,39,44
60QE000095,101,73,28
60QE000096,39,31,8
60QE000097,86,54,32
60QE000098,108,72,36
60QE000099,90,74,16
60QE000100,79,63,16
60QE000101,78,52,26
60QE000102,66,55,11
60QE000103,83,58,25
60QE000104,73,54,19
60QE000105,79,55,24
60QE000106,130,91,39
60QE000107,82,66,16
60QE000108,115,81,34
60QE000109,82,63,19
60QE000110,115,91,24
60QE000111,114,87,27
60QE000112,130,90,40
60QE000113,109,80,29
60QE000114,108,87,21
60QE000115,70,51,19
60QE000116,94,64,30
60QE000117,126,41,85
60QE000118,84,62,22
60QE000119,112,81,31
60QE000120,82,66,16
60QE000121,102,72,30
60QE000122,90,60,30
60QE000123,91,57,34
60QE000124,122,75,47
60QE000125,59,42,17
60QE000126,113,93,20
60QE000127,56,35,21
60QE000128,59,48,11
60QE000129,115,78,37
60QE000130,61,48,13
60QE000131,58,46,12
60QE000132,65,45,20
60QE000133,45,31,14
60QE000134,78,62,16
60QE000135,94,63,31
60QE000136,79,60,19
60QE000137,68,53,15
60QE000138,35,25,10
60QE000139,110,92,18
60QE000140,77,55,22
60QE000141,75,53,22
60QE000142,90,60,30
60QE000143,98,77,21
60QE000144,78,57,21
60QE000145,92,58,34
60QE000146,120,73,47
60QE000147,127,83,44
60QE000148,82,55,27
60QE000149,52,37,15
60QE000150,36,25,11
60QE000151,88,67,21
60QE000152,44,34,10
60QE000153,95,65,30
60QE000154,134,85,49
60QE000155,80,61,19
60QE000156,67,43,24
60QE000157,65,48,17
60QE000158,50,26,24
60QE000159,94,57,37
60QE000160,89,60,29
60QE000161,59,43,16
60QE000162,64,40,24
60QE000163,43,30,13
60QE000164,43,32,11
60QE000165,67,47,20
60QE000166,60,35,25
60QE000167,74,53,21
60QE000168,69,45,24
60QE000169,66,40,26
60QE000170,105,82,23
60QE000171,40,26,14
60QE000172,89,68,21
60QE000173,76,54,22
60QE000174,55,39,16
60QE000175,81,66,15
60QE000176,67,45,22
60QE000177,57,43,14
60QE000178,85,62,23
60QE000179,155,125,30
60QE000180,82,59,23
60QE000181,119,98,21
60QE000182,88,72,16
60QE000183,149,113,36
60QE000184,128,99,29
60QE000185,166,128,38
60QE000186,66,53,13
60QE000187,102,65,37
60QE000188,91,71,20
60QE000189,94,67,27
60QE000190,93,74,19
60QE000191,56,44,12
60QE000192,103,69,34
60QE000193,122,71,51
60QE000194,69,41,28
60QE000195,69,38,31
60QE000196,50,26,24
60QE000197,77,50,27
60QE000198,63,35,28
60QE000199,85,53,32
60QE000200,72,39,33
60QE000201,102,63,39
60QE000202,110,71,39
60QE000203,53,37,16
60QE000204,103,86,17
60QE000205,28,12,16
60QE000206,43,29,14
60QE000207,47,32,15
60QE000208,40,35,5
60QE000209,103,75,28
60QE000210,73,44,29
60QE000211,38,25,13
60QE000212,97,65,32
60QE000213,43,29,14
60QE000214,45,37,8
60QE000215,74,43,31
60QE000216,120,91,29
60QE000217,132,86,46
60QE000218,57,46,11
60QE000219,115,81,34
60QE000220,96,74,22
60QE000221,61,46,15
60QE000222,124,80,44
60QE000223,111,70,41
60QE000224,118,69,49
60QE000225,82,65,17
60QE000226,88,67,21
60QE000227,127,80,47
60QE000228,100,68,32
60QE000229,90,50,40
60QE000230,78,62,16
60QE000231,58,39,19
60QE000232,62,30,32
60QE000233,91,66,25
60QE000234,47,25,22
60QE000235,66,40,26
60QE000236,89,63,26
60QE000237,69,28,41
60QE000238,69,49,20
60QE000239,97,65,32
60QE000240,79,60,19
60QE000241,98,50,48
60QE000242,61,31,30
60QE000243,86,45,41
60QE000244,98,40,58
60QE000245,54,31,23
60QE000246,75,47,28
60QE000247,82,39,43
60QE000248,69,45,24
60QE000249,86,40,46
60QE000250,93,59,34
60QE000251,123,81,42
60QE000252,101,62,39
60QE000253,97,76,21
60QE000254,88,42,46
60QE000255,64,53,11
60QE000256,48,19,29
60QE000257,56,47,9
60QE000258,137,96,41
60QE000259,69,51,18
60QE000260,146,101,45
60QE000261,63,44,19
60QE000262,55,43,12
60QE000263,84,65,19
60QE000264,42,31,11
60QE000265,56,47,9
60QE000266,86,65,21
60QE000267,89,62,27
60QE000268,64,42,22
60QE000269,91,66,25
60QE000270,72,48,24
60QE000271,74,51,23
60QE000272,43,32,11
60QE000273,93,59,34
60QE000274,70,58,12
60QE000275,80,56,24
60QE000276,75,46,29
60QE000277,95,64,31
60QE000278,86,64,22
60QE000279,53,36,17
60QE000280,81,64,17
60QE000281,100,64,36
60QE000282,76,53,23
60QE000283,124,77,47
60QE000284,81,61,20
60QE000285,49,35,14
60QE000286,81,58,23
60QE000287,80,55,25
60QE000288,143,105,38
60QE000289,67,53,14
60QE000290,113,72,41
60QE000291,81,44,37
60QE000292,99,73,26
60QE000293,116,55,61
60QE000294,116,85,31
60QE000295,82,55,27
60QE000296,49,35,14
60QE000297,69,52,17
60QE000298,58,51,7
60QE000299,91,66,25
60QE000300,60,50,10
60QE000301,49,31,18
60QE000302,65,32,33
60QE000303,44,21,23
60QE000304,60,33,27
60QE000305,56,34,22
60QE000306,56,43,13
60QE000307,49,29,20
60QE000308,70,44,26
60QE000309,77,41,36
60QE000310,69,38,31
60QE000311,60,29,31
60QE000312,69,53,16
60QE000313,89,64,25
60QE000314,70,44,26
60QE000315,110,68,42
60QE000316,73,50,23
60QE000317,25,13,12
60QE000318,64,36,28
60QE000319,58,48,10
60QE000320,94,62,32
60QE000321,118,80,38
60QE000322,66,41,25
60QE000323,72,40,32
60QE000324,103,64,39
60QE000325,61,42,19
60QE000326,136,101,35
60QE000327,95,73,22
60QE000328,97,72,25
60QE000329,91,62,29
60QE000330,39,30,9
60QE000331,39,33,6
60QE000332,60,34,26
60QE000333,100,64,36
60QE000334,99,58,41
60QE000335,82,51,31
60QE000336,120,79,41
60QE000337,63,39,24
60QE000338,112,77,35
60QE000339,138,98,40
60QE000340,85,57,28
60QE000341,93,72,21
60QE000342,134,79,55
60QE000343,112,80,32
60QE000344,62,40,22
60QE000345,46,38,8
60QE000346,47,23,24
60QE000347,63,36,27
60QE000348,67,37,30
60QE000349,70,45,25
60QE000350,85,57,28
60QE000351,127,99,28
60QE000352,155,126,29
60QE000353,118,84,34
60QE000354,65,52,13
60QE000355,106,69,37
60QE000356,69,44,25
60QE000357,38,23,15
60QE000358,62,51,11
60QE000359,76,46,30
60QE000360,100,75,25
60QE000361,44,23,21
60QE000362,77,54,23
60QE000363,70,42,28
60QE000364,60,38,22
60QE000365,97,72,25
60QE000366,64,47,17
60QE000367,92,62,30
60QE000368,78,50,28
60QE000369,70,45,25
60QE000370,76,59,17
60QE000371,86,64,22
60QE000372,94,60,34
60QE000373,97,75,22
60QE000374,82,71,11
60QE000375,100,75,25
60QE000376,64,45,19
60QE000377,61,43,18
60QE000378,63,48,15
60QE000379,124,89,35
60QE000380,54,41,13
60QE000381,90,74,16
60QE000382,69,53,16
60QE000383,102,89,13
60QE000384,64,54,10
60QE000385,41,22,19
60QE000386,52,39,13
60QE000387,56,33,23
60QE000388,113,83,30
60QE000389,61,47,14
60QE000390,84,59,25
60QE000391,66,33,33
60QE000392,79,52,27
60QE000393,69,32,37
60QE000394,68,38,30
60QE000395,47,30,17
60QE000396,103,64,39
60QE000397,78,40,38
60QE000398,78,50,28
60QE000399,110,71,39
60QE000400,123,80,43
60QE000401,90,65,25
60QE000402,86,57,29
60QE000403,129,101,28
60QE000404,56,41,15
60QE000405,65,42,23
60QE000406,83,51,32
60QE000407,62,49,13
60QE000408,101,69,32
60QE000409,105,67,38
60QE000410,86,69,17
60QE000411,52,34,18
60QE000412,73,53,20
60QE000413,79,56,23
60QE000414,92,78,14
60QE000415,78,53,25
60QE000416,43,30,13
60QE000417,57,41,16
60QE000418,96,66,30
60QE000419,72,34,38
60QE000420,60,39,21
60QE000421,51,28,23
60QE000422,52,45,7
60QE000423,69,44,25
60QE000424,33,28,5
60QE000425,98,74,24
60QE000426,75,50,25
60QE000427,70,44,26
60QE000428,85,58,27
60QE000429,93,65,28
60QE000430,120,90,30
60QE000431,78,51,27
60QE000432,91,58,33
60QE000433,75,41,34
60QE000434,89,63,26
60QE000435,64,48,16
60QE000436,85,58,27
60QE000437,93,60,33
60QE000438,114,86,28
60QE000439,91,55,36
60QE000440,69,55,14
60QE000441,93,60,33
60QE000442,62,40,22
60QE000443,90,63,27
60QE000444,85,61,24
60QE000445,70,57,13
60QE000446,72,35,37
60QE000447,82,61,21
60QE000448,76,62,14
60QE000449,53,42,11
60QE000450,79,61,18
60QE000451,80,61,19
60QE000452,56,44,12
60QE000453,69,52,17
60QE000454,35,24,11
60QE000455,90,52,38
60QE000456,72,56,16
60QE000457,105,71,34
60QE000458,114,94,20
60QE000459,116,85,31
60QE000460,93,75,18
60QE000461,68,45,23
60QE000462,91,72,19
60QE000463,108,78,30
60QE000464,74,43,31
60QE000465,84,74,10
60QE000466,72,58,14
60QE000467,101,78,23
60QE000468,100,77,23
60QE000469,104,75,29
60QE000470,94,70,24
60QE000471,128,94,34
60QE000472,105,69,36
60QE000473,86,60,26
60QE000474,62,49,13
60QE000475,81,64,17
60QE000476,93,79,14
60QE000477,59,44,15
60QE000478,81,53,28
60QE000479,92,66,26
60QE000480,84,56,28
60QE000481,77,45,32
60QE000482,74,30,44
60QE000483,54,29,25
60QE000484,92,52,40
60QE000485,103,68,35
60QE000486,98,45,53
60QE000487,62,40,22
60QE000488,78,51,27
60QE000489,103,65,38
60QE000490,103,61,42
60QE000491,114,86,28
60QE000492,155,115,40
60QE000493,104,79,25
60QE000494,96,58,38
60QE000495,124,67,57
60QE000496,63,48,15
60QE000497,64,34,30
60QE000498,92,65,27
60QE000499,54,28,26
60QE000500,78,61,17
60QE000501,77,53,24
60QE000502,50,26,24
60QE000503,103,73,30
60QE000504,81,49,32
60QE000505,76,55,21
60QE000506,54,34,20
60QE000507,113,69,44
60QE000508,93,78,15
60QE000509,50,32,18
60QE000510,204,109,95
60QE000511,60,31,29
60QE000512,57,41,16
60QE000513,57,32,25
60QE000514,100,73,27
60QE000515,89,66,23
60QE000516,74,55,19
60QE000517,85,63,22
60QE000518,116,79,37
60QE000519,94,79,15
60QE000520,85,61,24
60QE000521,91,63,28
60QE000522,100,72,28
60QE000523,101,62,39
60QE000524,81,54,27
60QE000525,84,47,37
60QE000526,63,37,26
60QE000527,76,55,21
60QE000528,73,45,28
60QE000529,73,56,17
60QE000530,106,81,25
60QE000531,120,86,34
60QE000532,110,85,25
60QE000533,113,100,13
60QE000534,80,44,36
60QE000535,97,80,17
60QE000536,87,51,36
60QE000537,99,64,35
60QE000538,75,49,26
60QE000539,129,108,21
60QE000540,128,99,29
60QE000541,130,103,27
60QE000542,24,12,12
60QE000543,68,39,29
60QE000544,97,67,30
60QE000545,70,42,28
60QE000546,72,37,35
60QE000547,119,81,38
60QE000548,111,69,42
60QE000549,104,72,32
60QE000550,64,48,16
60QE000551,45,15,30
60QE000552,110,67,43
60QE000553,76,36,40
60QE000554,99,72,27
60QE000555,124,98,26
60QE000556,106,68,38
60QE000557,101,67,34
60QE000558,132,92,40
60QE000559,92,60,32
60QE000560,82,53,29
60QE000561,93,77,16
60QE000562,104,80,24
60QE000563,101,66,35
60QE000564,104,72,32
60QE000565,77,41,36
60QE000566,118,83,35
60QE000567,86,51,35
60QE000568,86,59,27
60QE000569,83,58,25
60QE000570,80,57,23
60QE000571,103,74,29
60QE000572,63,35,28
60QE000573,107,86,21
60QE000574,103,77,26
60QE000575,100,67,33
60QE000576,120,81,39
60QE000577,99,69,30
60QE000578,59,44,15
60QE000579,66,50,16
60QE000580,73,49,24
60QE000581,43,34,9
60QE000582,64,45,19
60QE000583,49,31,18
60QE000584,95,70,25
60QE000585,137,98,39
60QE000586,61,46,15
60QE000587,117,92,25
60QE000588,119,93,26
60QE000589,123,96,27
60QE000590,38,32,6
60QE000591,67,37,30
60QE000592,69,48,21
60QE000593,43,38,5
60QE000594,50,39,11
60QE000595,48,39,9
60QE000596,98,79,19
60QE000597,113,80,33
60QE000598,110,68,42
60QE000599,69,61,8
60QE000600,94,74,20
60QE000601,56,36,20
60QE000602,118,75,43
60QE000603,86,63,23
60QE000604,63,37,26
60QE000605,104,76,28
60QE000606,105,68,37
60QE000607,129,91,38
60QE000608,62,33,29
60QE000609,61,41,20
60QE000610,69,48,21
60QE000611,67,29,38
60QE000612,111,72,39
60QE000613,41,22,19
60QE000614,74,43,31
60QE000615,93,76,17
60QE000616,85,58,27
60QE000617,80,48,32
60QE000618,83,59,24
60QE000619,74,53,21
60QE000620,100,69,31
60QE000621,95,62,33
60QE000622,93,64,29
60QE000623,105,78,27
60QE000624,66,47,19
60QE000625,78,41,37
60QE000626,111,90,21
60QE000627,119,90,29
60QE000628,122,80,42
60QE000629,121,87,34
60QE000630,117,78,39
60QE000631,34,13,21
60QE000632,73,49,24
60QE000633,62,35,27
60QE000634,72,40,32
60QE000635,137,99,38
60QE000636,149,112,37
60QE000637,104,63,41
60QE000638,85,56,29
60QE000639,51,30,21
60QE000640,102,78,24
60QE000641,70,54,16
60QE000642,44,25,19
60QE000643,80,51,29
60QE000644,78,62,16
60QE000645,76,51,25
60QE000646,99,71,28
60QE000647,120,83,37
60QE000648,102,83,19
60QE000649,66,35,31
60QE000650,63,41,22
60QE000651,78,55,23
60QE000652,83,62,21
60QE000653,106,75,31
60QE000654,103,88,15
60QE000655,120,84,36
60QE000656,76,55,21
60QE000657,93,75,18
60QE000658,70,48,22
60QE000659,86,62,24
60QE000660,107,80,27
60QE000661,115,68,47
60QE000662,93,66,27
60QE000663,104,83,21
60QE000664,108,57,51
60QE000665,25,7,18
60QE000666,104,73,31
60QE000667,17,5,12
60QE000668,72,41,31
60QE000669,60,42,18
60QE000670,85,58,27
60QE000671,124,82,42
60QE000672,70,42,28
60QE000673,70,50,20
60QE000674,87,49,38
60QE000675,99,73,26
60QE000676,45,32,13
60QE000677,44,29,15
60QE000678,87,54,33
60QE000679,115,90,25
60QE000680,79,58,21
60QE000681,94,71,23
60QE000682,115,67,48
60QE000683,119,81,38
60QE000684,87,54,33
60QE000685,82,59,23
60QE000686,86,49,37
60QE000687,79,46,33
60QE000688,78,47,31
60QE000689,85,62,23
60QE000690,59,45,14
60QE000691,93,53,40
60QE000692,87,54,33
60QE000693,124,67,57
60QE000694,99,64,35
60QE000695,58,34,24
60QE000696,28,12,16
60QE000697,104,55,49
60QE000698,120,74,46
60QE000699,140,89,51
60QE000700,136,92,44
60QE000701,130,95,35
60QE000702,135,99,36
60QE000703,124,86,38
60QE000704,120,67,53
60QE000705,99,68,31
60QE000706,91,54,37
60QE000707,64,40,24
60QE000708,76,46,30
60QE000709,79,46,33
60QE000710,83,53,30
60QE000711,72,57,15
60QE000712,69,41,28
60QE000713,96,57,39
60QE000714,54,32,22
60QE000715,110,76,34
60QE000716,68,50,18
60QE000717,113,77,36
60QE000718,45,30,15
60QE000719,63,38,25
60QE000720,63,39,24
60QE000721,95,59,36
60QE000722,62,33,29
60QE000723,58,36,22
60QE000724,96,73,23
60QE000725,61,34,27
60QE000726,82,69,13
60QE000727,52,40,12
60QE000728,56,28,28
60QE000729,70,47,23
60QE000730,89,51,38
60QE000731,92,70,22
60QE000732,40,29,11
60QE000733,93,62,31
60QE000734,80,38,42
60QE000735,90,68,22
60QE000736,99,76,23
60QE000737,65,41,24
60QE000738,91,72,19
60QE000739,58,42,16
60QE000740,135,56,79
60QE000741,81,55,26
60QE000742,71,54,17
60QE000743,70,47,23
60QE000744,90,63,27
60QE000745,70,55,15
60QE000746,104,74,30
60QE000747,65,45,20
60QE000748,64,42,22
60QE000749,61,41,20
60QE000750,75,55,20
60QE000751,78,57,21
60QE000752,69,59,10
60QE000753,54,53,1
60QE000754,43,14,29
60QE000755,60,50,10
60QE000756,78,44,34
60QE000757,41,30,11
60QE000758,44,32,12
60QE000759,41,28,13
60QE000760,69,43,26
60QE000761,82,48,34
60QE000762,42,29,13
60QE000763,77,61,16
60QE000764,72,52,20
60QE000765,46,29,17
60QE000766,57,48,9
60QE000767,82,54,28
60QE000768,116,81,35
60QE000769,75,51,24
60QE000770,51,33,18
60QE000771,42,26,16
60QE000772,74,53,21
60QE000773,65,49,16
60QE000774,123,98,25
60QE000775,56,34,22
60QE000776,35,19,16
60QE000777,43,38,5
60QE000778,64,42,22
60QE000779,92,70,22
60QE000780,98,81,17
60QE000781,53,36,17
60QE000782,56,38,18
60QE000783,40,24,16
60QE000784,30,16,14
60QE000785,77,7,70
60QE000786,88,71,17
60QE000787,82,71,11
60QE000788,83,56,27
60QE000789,82,64,18
60QE000790,118,81,37
60QE000791,57,42,15
60QE000792,53,34,19
60QE000793,32,24,8
60QE000794,82,61,21
60QE000795,98,69,29
60QE000796,75,47,28
60QE000797,133,95,38
60QE000798,64,35,29
60QE000799,66,39,27
60QE000800,32,20,12
60QE000801,39,24,15
60QE000802,102,68,34
60QE000803,90,57,33
60QE000804,31,16,15
60QE000805,50,38,12
60QE000806,60,41,19
60QE000807,56,31,25
60QE000808,46,25,21
60QE000809,72,49,23
60QE000810,62,39,23
60QE000811,74,69,5
60QE000812,44,19,25
60QE000813,75,41,34
60QE000814,98,57,41
60QE000815,44,21,23
60QE000816,133,110,23
60QE000817,86,67,19
60QE000818,68,42,26
60QE000819,37,18,19
60QE000820,79,56,23
60QE000821,82,62,20
60QE000822,90,64,26
60QE000823,66,45,21
60QE000824,109,65,44
60QE000825,62,47,15
60QE000826,167,120,47
60QE000827,73,33,40
60QE000828,97,64,33
60QE000829,100,71,29
60QE000830,106,81,25
60QE000831,67,52,15
60QE000832,84,50,34
60QE000833,70,45,25
60QE000834,73,51,22
60QE000835,99,77,22
60QE000836,93,69,24
60QE000837,63,43,20
60QE000838,79,41,38
60QE000839,112,73,39
60QE000840,47,29,18
60QE000841,116,94,22
60QE000842,110,73,37
60QE000843,87,61,26
60QE000844,128,76,52
60QE000845,52,47,5
60QE000846,116,83,33
60QE000847,63,45,18
60QE000848,86,66,20
60QE000849,68,39,29
60QE000850,44,20,24
60QE000851,89,58,31
60QE000852,76,52,24
60QE000853,73,56,17
60QE000854,74,50,24
60QE000855,48,35,13
60QE000856,99,70,29
60QE000857,80,58,22
60QE000858,78,61,17
60QE000859,79,62,17
60QE000860,54,29,25
60QE000861,55,16,39
60QE000862,60,51,9
60QE000863,50,44,6
60QE000864,64,53,11
60QE000865,84,60,24
60QE000866,83,59,24
60QE000867,86,63,23
60QE000868,17,7,10
60QE000869,120,62,58
60QE000870,40,30,10
60QE000871,60,54,6
60QE000872,47,34,13
60QE000873,60,30,30
60QE000874,72,48,24
60QE000875,75,57,18
60QE000876,45,29,16
60QE000877,42,18,24
60QE000878,51,35,16
60QE000879,67,42,25
60QE000880,101,70,31
60QE000881,150,112,38
60QE000882,64,53,11
60QE000883,70,51,19
60QE000884,40,17,23
60QE000885,71,51,20
60QE000886,71,55,16
60QE000887,94,76,18
60QE000888,67,45,22
60QE000889,76,37,39
60QE000890,83,67,16
60QE000891,100,69,31
60QE000892,113,85,28
60QE000893,136,122,14
60QE000894,71,47,24
60QE000895,98,64,34
60QE000896,83,55,28
60QE000897,61,39,22
60QE000898,50,43,7
60QE000899,17,7,10
60QE000900,62,44,18
60QE000901,91,51,40
60QE000902,120,66,54
60QE000903,189,147,42
60QE000904,61,57,4
60QE000905,99,79,20
60QE000906,93,62,31
60QE000907,39,28,11
60QE000908,93,57,36
60QE000909,48,26,22
60QE000910,45,34,11
60QE000911,78,44,34
60QE000912,187,124,63
60QE000913,76,37,39
60QE000914,37,6,31
60QE000915,41,29,12
60QE000916,168,125,43
60QE000917,54,31,23
60QE000918,73,43,30
60QE000919,87,47,40
60QE000920,76,49,27
60QE000921,48,36,12
60QE000922,101,67,34
60QE000923,42,25,17
60QE000924,61,32,29
60QE000925,114,99,15
60QE000926,80,58,22
60QE000927,54,31,23
60QE000928,56,39,17
60QE000929,58,49,9
60QE000930,52,34,18
60QE000931,151,114,37
60QE000932,110,78,32
60RD000001,115,96,19
60RD000002,46,30,16
60RD000003,45,38,7
60RD000004,131,94,37
60RD000005,97,74,23
60RD000006,119,95,24
60RD000007,109,84,25
60RD000008,101,76,25
60RD000009,71,58,13
60RD000010,132,103,29
60RD000011,74,61,13
60RD000012,50,34,16
60RD000013,155,125,30
60RD000014,86,61,25
60RD000015,69,55,14
60RD000016,171,143,28
60RD000017,79,64,15
60RD000018,44,33,11
60RD000019,77,63,14
60RD000020,140,103,37
60RD000021,118,97,21
60RD000022,107,81,26
60RD000023,201,159,42
60RD000024,92,83,9
60RD000025,143,120,23
60RD000026,64,50,14
60RD000027,123,97,26
60RD000028,123,89,34
60RD000029,127,105,22
60RD000030,71,58,13
60RD000031,101,68,33
60RD000032,113,82,31
60RD000033,86,63,23
60RD000034,37,33,4
60RD000035,86,66,20
60RD000036,126,92,34
60RD000037,69,50,19
60RD000038,118,85,33
60RD000039,125,85,40
60RD000040,79,52,27
60RD000041,49,35,14
60RD000042,97,66,31
60RD000043,115,90,25
60RD000044,51,35,16
60RD000045,152,124,28
60RD000046,53,41,12
60RD000047,76,53,23
60RD000048,56,47,9
60RD000049,46,36,10
60RD000050,94,58,36
60RD000051,146,107,39
60RD000052,162,123,39
60RD000053,142,99,43
60RD000054,101,70,31
60RD000055,107,67,40
60RD000056,144,103,41
60RD000057,87,60,27
60RD000058,119,79,40
60RD000059,66,44,22
60RD000060,52,33,19
60RD000061,93,67,26
60RD000062,62,44,18
60RD000063,67,54,13
60RD000064,65,46,19
60RD000065,45,37,8
60RD000066,48,36,12
60RD000067,86,60,26
60RD000068,91,61,30
60RD000069,80,51,29
60RD000070,83,68,15
60RD000071,77,59,18
60RD000072,73,45,28
60RD000073,85,70,15
60RD000074,57,34,23
60RD000075,76,52,24
60RD000076,62,43,19
60RD000077,54,42,12
60RD000078,95,79,16
60RD000079,115,86,29
60RD000080,48,38,10
60RD000081,161,123,38
60RD000082,104,89,15
60RD000083,78,57,21
60RD000084,80,56,24
60RD000085,83,56,27
60RD000086,92,77,15
60RD000087,63,42,21
60RD000088,116,85,31
60RD000089,103,74,29
60RD000090,105,76,29
60RD000091,76,55,21
60RD000092,73,48,25
60RD000093,69,39,30
60RD000094,67,52,15
60RD000095,65,48,17
60RD000096,79,50,29
60RD000097,74,48,26
60RD000098,59,53,6
60RD000099,68,51,17
60RD000100,75,56,19
60RD000101,44,37,7
60RD000102,65,52,13
60RD000103,38,30,8
60RD000104,52,37,15
60RD000105,57,43,14
60RD000106,57,43,14
60RD000107,59,45,14
60RD000108,121,83,38
60RD000109,76,59,17
60RD000110,50,38,12
60RD000111,58,45,13
60RD000112,68,50,18
60RD000113,86,63,23
60RD000114,62,43,19
60RD000115,89,66,23
60RD000116,92,66,26
60RD000117,65,44,21
60RD000118,82,66,16
60RD000119,106,81,25
60RD000120,114,82,32
60RD000121,69,51,18
60RD000122,136,108,28
60RD000123,83,72,11
60RD000124,56,43,13
60RD000125,69,56,13
60RD000126,43,34,9
60RD000127,50,28,22
60RD000128,58,44,14
60RD000129,102,85,17
60RD000130,61,49,12
60RD000131,62,46,16
60RD000132,57,50,7
60RD000133,98,87,11
60RD000134,103,76,27
60RD000135,90,68,22
60RD000136,42,31,11
60RD000137,38,32,6
60RD000138,57,42,15
60RD000139,50,40,10
60RD000140,96,68,28
60RD000141,74,66,8
60RD000142,149,118,31
60RD000143,86,70,16
60RD000144,72,63,9
60RD000145,119,89,30
60RD000146,124,101,23
60RD000147,68,48,20
60RD000148,146,118,28
60RD000149,125,90,35
60RD000150,165,101,64
60RD000151,60,50,10
60RD000152,116,104,12
60RD000153,75,61,14
60RD000154,79,70,9
60RD000155,82,74,8
60RD000156,85,70,15
60RD000157,159,113,46
60RD000158,48,38,10
60RD000159,156,121,35
60RD000160,71,49,22
60RD000161,84,60,24
60RD000162,66,45,21
60RD000163,108,73,35
60RD000164,37,24,13
60RD000165,94,61,33
60RD000166,69,52,17
60RD000167,86,69,17
60RD000168,38,25,13
60RD000169,117,89,28
60RD000170,82,65,17
60RD000171,52,29,23
60RD000172,80,47,33
60RD000173,93,48,45
60RD000174,98,78,20
60RD000175,85,64,21
60RD000176,101,78,23
60RD000177,64,40,24
60RD000178,66,50,16
60RD000179,87,76,11
60RD000180,184,137,47
60RE000001,173,53,120
60RE000002,132,99,33
60RE000003,129,90,39
60RE000004,106,83,23
60RE000005,68,52,16
60RE000006,83,61,22
60RE000007,74,62,12
60RE000008,89,63,26
60RE000009,90,67,23
60RE000010,104,57,47
60RE000011,167,63,104
60RE000012,98,58,40
60RE000013,121,85,36
60RE000014,105,78,27
60RE000015,91,51,40
60RE000016,32,18,14
60RE000017,59,41,18
60RE000018,88,63,25
60RE000019,51,33,18
60RE000020,97,62,35
60RE000021,92,67,25
60RE000022,122,113,9
60RE000023,82,55,27
60RE000024,52,36,16
60RE000025,52,42,10
60RE000026,60,42,18
60RE000027,61,42,19
60RE000028,96,72,24
60RE000029,116,77,39
60RE000030,78,57,21
60RE000031,142,97,45
60RE000032,60,40,20
60RE000033,84,67,17
60RE000034,109,82,27
60RE000035,47,26,21
60RE000036,129,90,39
60RE000037,85,45,40
60RE000038,78,50,28
60RE000039,90,72,18
60RE000040,57,34,23
60RE000041,78,48,30
60RE000042,66,36,30
60RE000043,103,70,33
60RE000044,103,66,37
60RE000045,71,44,27
60RE000046,36,26,10
60RE000047,70,46,24
60RE000048,83,53,30
60RE000049,39,23,16
60RE000050,82,58,24
60RE000051,77,50,27
60RE000052,62,45,17
60RE000053,115,81,34
60RE000054,90,69,21
60RE000055,100,61,39
60RE000056,63,41,22
60RE000057,102,70,32
60RE000058,112,66,46
60RE000059,101,70,31
60RE000060,79,41,38
60RE000061,77,46,31
60RE000062,107,74,33
60RE000063,61,39,22
60RE000064,85,63,22
60RE000065,74,32,42
60RE000066,85,51,34
60RE000067,68,46,22
60RE000068,43,16,27
60RE000069,82,53,29
60RE000070,64,28,36
60RE000071,113,63,50
60RE000072,135,84,51
60RE000073,82,50,32
60RE000074,116,74,42
60RE000075,63,39,24
60RE000076,62,43,19
60RE000077,43,30,13
60RE000078,79,62,17
60RE000079,97,57,40
60RE000080,100,47,53
60RE000081,70,37,33
60RE000082,63,29,34
60RE000083,50,23,27
60RE000084,55,39,16
60RE000085,97,55,42
60RE000086,113,66,47
60RE000087,92,53,39
60RE000088,98,54,44
60RE000089,76,51,25
60RE000090,147,104,43
60RE000091,120,91,29
60RE000092,142,83,59
60RE000093,116,60,56
60RE000094,70,37,33
60RE000095,53,32,21
60RE000096,70,35,35
60RE000097,94,48,46
60RE000098,74,55,19
60RE000099,131,96,35
60RE000100,122,71,51
60RE000101,112,66,46
60RE000102,106,72,34
60RE000103,77,32,45
60RE000104,72,45,27
60RE000105,98,52,46
60RE000106,76,45,31
60RE000107,58,25,33
60RE000108,71,37,34
60RE000109,35,11,24
60RE000110,96,35,61
60RE000111,93,61,32
60RE000112,154,90,64
60RE000113,68,38,30
60RE000114,136,79,57
60RE000115,78,49,29
60RE000116,133,95,38
60RE000117,74,50,24
60RE000118,118,61,57
60RE000119,99,55,44
60RE000120,81,55,26
60RE000121,81,50,31
60RE000122,57,32,25
60RE000123,76,57,19
60RE000124,86,49,37
60RE000125,58,33,25
60RE000126,39,32,7
60RE000127,118,72,46
60RE000128,42,27,15
60RE000129,138,81,57
60RE000130,81,44,37
60RE000131,76,49,27
60RE000132,80,53,27
60RE000133,78,56,22
60RE000134,43,12,31
60RE000135,70,44,26
60RE000136,42,27,15
60RE000137,124,88,36
60RE000138,122,76,46
60RE000139,82,44,38
60RE000140,90,65,25
60RE000141,128,87,41
60RE000142,136,88,48
60RE000143,123,91,32
60RE000144,53,30,23
60RE000145,90,56,34
60RE000146,114,79,35
60RE000147,81,51,30
60RE000148,130,79,51
60RE000149,101,71,30
60RE000150,61,44,17
60RE000151,63,42,21
60RE000152,73,54,19
60RE000153,101,73,28
60RE000154,89,73,16
60RE000155,36,19,17
60RE000156,56,35,21
60RE000157,96,35,61
60RE000158,43,18,25
60RE000159,77,55,22
60RE000160,57,35,22
60RE000161,77,45,32
60RE000162,124,84,40
60RE000163,123,91,32
60RE000164,85,41,44
60RE000165,66,47,19
60RE000166,63,45,18
60RE000167,102,49,53
60RE000168,96,66,30
60RE000169,78,45,33
60RE000170,128,91,37
60RE000171,31,21,10
60RE000172,83,55,28
60RE000173,97,61,36
60RE000174,88,58,30
60RE000175,88,40,48
60RE000176,63,36,27
60RE000177,50,12,38
60RE000178,57,43,14
60RE000179,63,34,29
60RE000180,120,78,42
60RE000181,67,42,25
60RE000182,89,55,34
60RE000183,98,55,43
60RE000184,125,85,40
60RE000185,65,35,30
60RE000186,147,100,47
60RE000187,76,40,36
60RE000188,57,36,21
60RE000189,95,69,26
60RE000190,60,34,26
60RE000191,101,62,39
60RE000192,81,41,40
60RE000193,85,55,30
60RE000194,96,64,32
60RE000195,85,50,35
60RE000196,64,44,20
60RE000197,70,45,25
60RE000198,77,51,26
60RE000199,163,121,42
60RE000200,135,102,33
60RE000201,154,106,48
60RE000202,130,99,31
60RE000203,117,75,42
60RE000204,90,59,31
60RE000205,88,54,34
60RE000206,105,66,39
60RE000207,99,60,39
60RE000208,152,103,49
60RE000209,122,87,35
60RE000210,110,71,39
60RE000211,100,51,49
60RE000212,122,71,51
60RE000213,79,39,40
60RE000214,103,57,46
60RE000215,58,33,25
60RE000216,85,50,35
60RE000217,79,35,44
60RE000218,75,38,37
60RE000219,81,45,36
60RE000220,89,66,23
60RE000221,80,43,37
60RE000222,48,27,21
60RE000223,68,35,33
60RE000224,111,63,48
60RE000225,65,46,19
60RE000226,75,44,31
60RE000227,124,71,53
60RE000228,116,59,57
60RE000229,150,117,33
60RE000230,113,87,26
60RE000231,131,104,27
60RE000232,169,129,40
60RE000233,124,93,31
60RE000234,123,91,32
60RE000235,90,71,19
60RE000236,99,72,27
60RE000237,76,39,37
60RE000238,80,54,26
60RE000239,89,59,30
60RE000240,68,39,29
60RE000241,113,64,49
60RE000242,59,25,34
60RE000243,73,43,30
60RE000244,92,66,26
60RE000245,107,65,42
60RE000246,75,52,23
60RE000247,85,56,29
60RE000248,76,46,30
60RE000249,65,48,17
60RE000250,73,46,27
60RE000251,105,72,33
60RE000252,74,40,34
60RE000253,79,46,33
60RE000254,56,34,22
60RE000255,96,55,41
60RE000256,74,41,33
60RE000257,89,43,46
60RE000258,65,32,33
60RE000259,107,62,45
60RE000260,68,39,29
60RE000261,74,47,27
60RE000262,49,33,16
60RE000263,67,50,17
60RE000264,112,53,59
60RE000265,91,47,44
60RE000266,74,43,31
60RE000267,114,67,47
60RE000268,126,84,42
60RE000269,86,33,53
60RE000270,88,47,41
60RE000271,101,59,42
60RE000272,126,93,33
60RE000273,115,60,55
60RE000274,122,81,41
60RE000275,93,52,41
60RE000276,117,75,42
60RE000277,105,71,34
60RE000278,113,80,33
60RE000279,94,72,22
60RE000280,102,77,25
60RE000281,105,63,42
60RE000282,87,51,36
60RE000283,95,56,39
60RE000284,75,40,35
60RE000285,86,58,28
60RE000286,109,82,27
60RE000287,105,68,37
60RE000288,74,51,23
60RE000289,68,34,34
60RE000290,86,33,53
60RE000291,84,43,41
60RE000292,87,45,42
60RE000293,75,49,26
60RE000294,113,66,47
60RE000295,82,47,35
60RE000296,92,56,36
60RE000297,92,51,41
60RE000298,117,84,33
60RE000299,77,42,35
60RE000300,62,38,24
60RE000301,68,41,27
60RE000302,74,37,37
60RE000303,141,83,58
60RE000304,63,37,26
60RE000305,70,53,17
60RE000306,67,42,25
60RE000307,120,77,43
60RE000308,77,51,26
60RE000309,123,38,85
60RE000310,78,46,32
60RE000311,81,42,39
60RE000312,69,38,31
60RE000313,57,32,25
60RE000314,59,27,32
60RE000315,68,47,21
60RE000316,81,32,49
60RE000317,94,50,44
60RE000318,69,31,38
60RE000319,69,43,26
60RE000320,74,48,26
60RE000321,72,42,30
60RE000322,77,54,23
60RE000323,43,20,23
60RE000324,64,35,29
60RE000325,65,34,31
60RE000326,53,24,29
60RE000327,84,44,40
60RE000328,76,38,38
60RE000329,69,37,32
60RE000330,68,59,9
60RE000331,59,43,16
60RE000332,73,53,20
60RE000333,93,73,20
60RE000334,116,73,43
60RE000335,94,64,30
60RE000336,90,68,22
60RE000337,69,42,27
60RE000338,80,61,19
60RE000339,69,33,36
60RE000340,58,30,28
60RE000341,100,51,49
60RE000342,68,38,30
60RE000343,94,62,32
60RE000344,67,44,23
60RE000345,117,65,52
60RE000346,48,36,12
60RE000347,91,54,37
60RE000348,56,34,22
60RE000349,65,42,23
60RE000350,97,54,43
60RE000351,115,50,65
60RE000352,111,51,60
60RE000353,115,45,70
60RE000354,59,21,38
60RE000355,74,31,43
60RE000356,67,43,24
60RE000357,90,50,40
60RE000358,98,56,42
60RE000359,52,25,27
60RE000360,52,33,19
60RE000361,80,43,37
60RE000362,60,48,12
60RE000363,62,41,21
60RE000364,126,70,56
60RE000365,132,67,65
60RE000366,103,53,50
60RE000367,127,56,71
60RE000368,109,57,52
60RE000369,81,34,47
60RE000370,73,35,38
60RE000371,75,41,34
60RE000372,149,127,22
60RE000373,127,100,27
60RE000374,41,22,19
60RE000375,136,94,42
60RE000376,137,94,43
60RE000377,82,58,24
60RE000378,89,69,20
60RE000379,98,68,30
60RE000380,71,45,26
60RE000381,74,46,28
60RE000382,49,33,16
60RE000383,48,18,30
60RE000384,64,32,32
60RE000385,80,45,35
60RE000386,57,28,29
60RE000387,83,40,43
60RE000388,76,42,34
60RE000389,51,19,32
60RE000390,56,27,29
60RE000391,47,32,15
60RE000392,49,32,17
60RE000393,66,41,25
60RE000394,77,47,30
60RE000395,101,73,28
60RE000396,93,64,29
60RE000397,145,132,13
60RE000398,116,86,30
60RE000399,59,34,25
60RE000400,46,6,40
60RE000401,48,4,44
60RE000402,80,30,50
60RE000403,59,24,35
60RE000404,48,21,27
60RE000405,83,44,39
60RE000406,85,49,36
60RE000407,72,37,35
60RE000408,103,84,19
60RE000409,58,36,22
60RE000410,182,98,84
60RE000411,79,38,41
60RE000412,52,26,26
60RE000413,73,41,32
60RE000414,68,38,30
60RE000415,74,49,25
60RE000416,74,50,24
60RE000417,74,45,29
60RE000418,127,74,53
60RE000419,90,48,42
60RE000420,140,89,51
60RE000421,123,72,51
60RE000422,99,63,36
60RE000423,111,74,37
60RE000424,65,36,29
60RE000425,106,68,38
60RE000426,74,41,33
60RE000427,119,56,63
60RE000428,127,77,50
60RE000429,103,53,50
60RE000430,106,54,52
60RE000431,69,30,39
60RE000432,102,53,49
60RE000433,69,39,30
60RE000434,76,36,40
60RE000435,77,37,40
60RE000436,56,29,27
60RE000437,64,34,30
60RE000438,63,35,28
60RE000439,83,43,40
60RE000440,35,19,16
60RE000441,92,45,47
60RE000442,104,63,41
60RE000443,84,54,30
60RE000444,86,43,43
60RE000445,135,93,42
60RE000446,88,57,31
60RE000447,67,44,23
60RE000448,80,47,33
60RE000449,70,40,30
60RE000450,83,51,32
60RE000451,85,55,30
60RE000452,51,31,20
60RE000453,133,84,49
60RE000454,81,46,35
60RE000455,79,55,24
60RE000456,128,83,45
60RE000457,53,34,19
60RE000458,42,33,9
60RE000459,110,83,27
60RE000460,85,69,16
60RE000461,119,69,50
60RE000462,75,50,25
60RE000463,73,43,30
60RE000464,94,63,31
60RE000465,70,46,24
60RE000466,67,44,23
60RE000467,92,53,39
60RE000468,79,60,19
60RE000469,98,57,41
60RE000470,81,44,37
60RE000471,58,27,31
60RE000472,83,43,40
60RE000473,68,33,35
60RE000474,76,50,26
60RE000475,121,89,32
60RE000476,111,78,33
60RE000477,64,51,13
60RE000478,70,53,17
60RE000479,89,61,28
60RE000480,118,70,48
60RE000481,55,37,18
60RE000482,109,75,34
60RE000483,145,92,53
60RE000484,97,66,31
60RE000485,75,49,26
60RE000486,89,57,32
60RE000487,61,33,28
60RE000488,100,58,42
60RE000489,94,55,39
60RE000490,88,56,32
60RE000491,82,48,34
60RE000492,96,72,24
60RE000493,104,65,39
60RE000494,55,30,25
60RE000495,82,59,23
60RE000496,78,49,29
60RE000497,73,50,23
60RE000498,116,58,58
60RE000499,115,85,30
60RE000500,81,45,36
60RE000501,113,64,49
60RE000502,48,28,20
60RE000503,77,42,35
60RE000504,54,29,25
60RE000505,97,55,42
60RE000506,74,44,30
60RE000507,117,83,34
60RE000508,90,74,16
60RE000509,144,102,42
60RE000510,123,92,31
60RE000511,83,56,27
60RE000512,81,47,34
60RE000513,62,37,25
60RE000514,67,43,24
60RE000515,80,49,31
60RE000516,84,52,32
60RE000517,81,57,24
60RE000518,124,67,57
60RE000519,90,59,31
60RE000520,100,58,42
60RE000521,80,44,36
60RE000522,90,50,40
60RE000523,64,35,29
60RE000524,70,38,32
60RE000525,151,125,26
60RE000526,154,120,34
60RE000527,66,44,22
60RE000528,42,33,9
60RE000529,114,74,40
60RE000530,75,46,29
60RE000531,77,44,33
60RE000532,59,33,26
60RE000533,55,31,24
60RE000534,136,77,59
60RE000535,102,62,40
60RE000536,52,16,36
60RE000537,78,52,26
60RE000538,67,52,15
60RE000539,108,71,37
60RE000540,58,37,21
60RE000541,82,60,22
60RE000542,103,84,19
60RE000543,77,52,25
60RE000544,84,52,32
60RE000545,75,46,29
60RE000546,75,42,33
60RE000547,143,118,25
60RE000548,151,122,29
60RE000549,82,64,18
60RE000550,128,83,45
60RE000551,55,35,20
60RE000552,90,50,40
60RE000553,81,45,36
60RE000554,150,110,40
60RE000555,33,16,17
60RE000556,135,82,53
60RE000557,113,67,46
60RE000558,129,82,47
60RE000559,139,89,50
60RE000560,108,70,38
60RE000561,83,51,32
60RE000562,88,56,32
60RE000563,116,65,51
60RE000564,103,58,45
60RE000565,86,53,33
60RE000566,118,75,43
60RE000567,64,36,28
60RE000568,125,91,34
60RE000569,77,48,29
60RE000570,52,32,20
60RE000571,74,33,41
60RE000572,88,55,33
60RE000573,76,47,29
60RE000574,135,95,40
60RE000575,92,50,42
60RE000576,93,53,40
60RE000577,93,46,47
60RE000578,79,49,30
60RE000579,99,66,33
60RE000580,94,57,37
60RE000581,88,54,34
60RE000582,68,41,27
60RE000583,59,34,25
60RE000584,75,50,25
60RE000585,75,41,34
60RE000586,87,60,27
60RE000587,83,50,33
60RE000588,83,45,38
60RE000589,134,78,56
60RE000590,124,72,52
60RE000591,118,78,40
60RE000592,109,63,46
60RE000593,58,29,29
60RE000594,63,46,17
60RE000595,91,65,26
60RE000596,80,55,25
60RE000597,76,35,41
60RE000598,58,24,34
60RE000599,90,60,30
60RE000600,86,51,35
60RE000601,88,69,19
60RE000602,89,57,32
60RE000603,106,67,39
60RE000604,54,38,16
60RE000605,56,38,18
60RE000606,43,27,16
60RE000607,90,55,35
60RE000608,44,31,13
60RE000609,45,28,17
60RE000610,41,26,15
60RE000611,55,27,28
60RE000612,70,50,20
60RE000613,39,28,11
60RE000614,85,66,19
60RE000615,102,64,38
60RE000616,50,18,32
60RE000617,62,52,10
60RE000618,122,85,37
60RE000619,88,72,16
60RE000620,114,77,37
60RE000621,56,24,32
60RE000622,71,47,24
60RE000623,102,62,40
60RE000624,77,49,28
60RE000625,112,75,37
60RE000626,93,70,23
60RE000627,128,73,55
60RE000628,103,63,40
60RE000629,54,30,24
60RE000630,103,65,38
60RE000631,125,89,36
60RE000632,49,29,20
60RE000633,94,52,42
60RE000634,100,52,48
60RE000635,119,81,38
60RE000636,104,71,33
60RE000637,70,35,35
60RE000638,62,28,34
60RE000639,125,86,39
60RE000640,114,55,59
60RE000641,77,42,35
60RE000642,96,55,41
60RE000643,157,110,47
60RE000644,75,58,17
60RE000645,75,55,20
60RE000646,121,105,16
60RE000647,110,80,30
60RE000648,117,95,22
60RE000649,93,72,21
60RE000650,114,86,28
60RE000651,101,75,26
60RE000652,93,62,31
60RE000653,102,75,27
60RE000654,88,61,27
60RE000655,122,68,54
60RE000656,93,47,46
60RE000657,98,57,41
60RE000658,81,61,20
60RE000659,50,40,10
60RE000660,48,25,23
60RE000661,87,44,43
60RE000662,116,67,49
60RE000663,89,57,32
60RE000664,93,56,37
60RE000665,116,74,42
60RE000666,97,79,18
60RE000667,117,88,29
60RE000668,131,100,31
60RE000669,69,36,33
60RE000670,72,42,30
60RE000671,105,64,41
60RE000672,88,54,34
60RE000673,121,69,52
60RE000674,124,83,41
60RE000675,104,59,45
60RE000676,82,59,23
60RE000677,81,59,22
60RE000678,62,40,22
60RE000679,117,63,54
60RE000680,107,60,47
60RE000681,82,39,43
60RE000682,59,33,26
60RE000683,137,92,45
60RE000684,106,56,50
60RE000685,125,88,37
60RE000686,103,72,31
60RE000687,82,49,33
60RE000688,103,68,35
60RE000689,42,36,6
60RE000690,109,71,38
60RE000691,49,31,18
60RE000692,110,70,40
60RE000693,135,91,44
60RE000694,68,48,20
60RE000695,46,32,14
60RE000696,122,76,46
60RE000697,75,42,33
60RE000698,80,44,36
60RE000699,94,57,37
60RE000700,50,24,26
60RE000701,53,42,11
60RE000702,66,42,24
60RE000703,72,24,48
60RE000704,77,63,14
60RE000705,70,36,34
60RE000706,49,29,20
60RE000707,111,78,33
60RE000708,95,59,36
60RE000709,61,51,10
60RE000710,50,40,10
60RE000711,57,35,22
60RE000712,104,54,50
60RE000713,78,46,32
60RE000714,57,31,26
60RE000715,68,42,26
60RE000716,75,57,18
60RE000717,51,34,17
60RE000718,121,87,34
60RE000719,54,35,19
60RE000720,67,57,10
60RE000721,55,38,17
60RE000722,108,61,47
60RE000723,78,53,25
60RE000724,64,46,18
60RE000725,42,15,27
60RE000726,121,70,51
60RE000727,37,26,11
60RE000728,44,27,17
60RE000729,46,30,16
60RE000730,50,32,18
60RE000731,88,63,25
60RE000732,65,46,19
60RE000733,44,19,25
60RE000734,39,26,13
60RE000735,88,58,30
60RE000736,74,51,23
60RE000737,82,57,25
60RE000738,52,35,17
60RE000739,66,47,19
60RE000740,95,53,42
60RE000741,44,27,17
60RE000742,67,27,40
60RE000743,104,43,61
60RE000744,71,49,22
60RE000745,75,54,21
60RE000746,54,41,13
60RE000747,42,28,14
60RE000748,72,51,21
60RE000749,74,61,13
60RE000750,101,76,25
60RE000751,62,46,16
60RE000752,56,33,23
60RE000753,83,53,30
60RE000754,48,38,10
60RE000755,121,74,47
60RE000756,91,64,27
60RE000757,89,70,19
60RE000758,140,100,40
60RE000759,74,51,23
60RE000760,54,37,17
60RE000761,46,25,21
60RE000762,123,84,39
60RE000763,79,51,28
60RE000764,69,47,22
60RE000765,103,49,54
60RE000766,50,31,19
60RE000767,80,53,27
60RE000768,55,45,10
60RE000769,68,31,37
60RE000770,48,32,16
60RE000771,119,93,26
60RE000772,48,39,9
60RE000773,42,21,21
60RE000774,98,48,50
60RE000775,70,45,25
60RE000776,89,57,32
60RE000777,56,38,18
60RE000778,124,83,41
60RE000779,85,61,24
60RE000780,87,57,30
60RE000781,94,76,18
60RE000782,79,55,24
60RE000783,186,93,93
60RE000784,96,61,35
60RE000785,108,74,34
60RE000786,86,67,19
60RE000787,98,67,31
60RE000788,59,25,34
60RE000789,48,24,24
60RE000790,95,66,29
60RE000791,159,95,64
60RE000792,70,41,29
60RE000793,70,37,33
60RE000794,109,67,42
60RE000795,53,30,23
60RE000796,63,33,30
60RE000797,58,35,23
60RE000798,86,46,40
60RE000799,41,19,22
60RE000800,67,41,26
60RE000801,87,55,32
60RE000802,65,36,29
60RE000803,192,125,67
60RE000804,97,58,39
60RE000805,63,38,25
60RE000806,61,49,12
60RE000807,83,56,27
60RE000808,53,37,16
60RE000809,119,78,41
60RE000810,57,33,24
60RE000811,59,37,22
60RE000812,154,114,40
60RE000813,74,35,39
60RE000814,45,23,22
60RE000815,81,41,40
60RE000816,65,47,18
60RE000817,80,59,21
60RE000818,161,129,32
60RE000819,51,39,12
60RE000820,90,76,14
60RE000821,102,60,42
60RE000822,121,97,24
60RE000823,94,54,40
60RE000824,119,81,38
60RE000825,94,60,34
60RE000826,48,28,20
60RE000827,50,19,31
60RE000828,91,45,46
60RE000829,36,21,15
60RE000830,89,67,22
60RE000831,19,0,19
60RE000832,127,100,27
60RE000833,110,64,46
60RE000834,86,66,20
60RE000835,148,79,69
60RE000836,71,47,24
60RE000837,76,51,25
60RE000838,108,67,41
60RE000839,80,56,24
60RE000840,91,51,40
60RE000841,54,13,41
60RE000842,71,48,23
60RE000843,92,65,27
60RE000844,152,76,76
60RE000845,69,43,26
60RE000846,78,53,25
60RE000847,68,37,31
60RE000848,81,46,35
60RE000849,118,61,57
60RE000850,79,53,26
60RE000851,103,71,32
60RE000852,94,44,50
60RE000853,62,43,19
60RE000854,101,53,48
60RE000855,47,27,20
60RE000856,41,26,15
60RE000857,59,17,42
60RE000858,145,93,52
60RE000859,79,63,16
60RE000860,122,101,21
60RE000861,98,73,25
60RE000862,81,49,32
60RE000863,64,41,23
60RE000864,56,28,28
60RE000865,56,11,45
60RE000866,69,43,26
60RE000867,36,12,24
60RE000868,78,32,46
60RE000869,98,44,54
60RE000870,97,77,20
60RE000871,71,54,17
60RE000872,88,51,37
60RE000873,41,22,19
60RE000874,185,125,60
60RE000875,81,58,23
60RE000876,48,34,14
60RE000877,75,51,24
60RE000878,40,22,18
60RE000879,34,11,23
60RE000880,97,70,27
60RE000881,113,94,19
60RE000882,41,25,16
60RE000883,101,74,27
60RE000884,113,91,22
60RE000885,73,60,13
60RE000886,96,60,36
60RE000887,69,53,16
60RE000888,104,63,41
60RE000889,90,66,24
60RE000890,77,50,27
60RE000891,118,76,42
60RE000892,62,39,23
60RE000893,109,63,46
60RE000894,88,63,25
60RE000895,77,45,32
60RE000896,39,20,19
60RE000897,96,70,26
60RE000898,94,76,18
60RE000899,91,53,38
60RE000900,61,38,23
60RE000901,57,39,18
60RE000902,128,86,42
60RE000903,108,69,39
60RE000904,26,7,19
60RE000905,46,22,24
60RE000906,126,90,36
60RE000907,59,39,20
60RE000908,106,85,21
60RE000909,109,65,44
60RE000910,129,87,42
60RE000911,72,43,29
60RE000912,107,71,36
60RE000913,88,60,28
60RE000914,82,63,19
60RE000915,90,60,30
60RE000916,86,66,20
60RE000917,69,48,21
60RE000918,145,105,40
60RE000919,77,54,23
60RE000920,69,28,41
60RE000921,74,37,37
60RE000922,63,35,28
60RE000923,81,56,25
60RE000924,100,64,36
60RE000925,93,56,37
60RE000926,71,45,26
60RE000927,66,47,19
60RE000928,79,43,36
60RE000929,20,2,18
60RE000930,114,73,41
60RE000931,107,73,34
60RE000932,35,17,18
60RE000933,48,24,24
60RE000934,70,60,10
60RE000935,57,43,14
60RE000936,124,105,19
60RE000937,101,83,18
60RE000938,96,88,8
60RE000939,113,102,11
60RE000940,93,75,18
60RE000941,55,34,21
60RE000942,89,40,49
60RE000943,50,33,17
60RE000944,162,126,36
60RE000945,141,114,27
60RE000946,77,60,17
60RE000947,63,49,14
60RE000948,87,65,22
60RE000949,126,101,25
60RE000950,102,75,27
60RF000001,121,86,35
60RF000002,108,68,40
60RF000003,95,48,47
60RF000004,39,18,21
60RF000005,73,44,29
60RF000006,54,17,37
60RF000007,127,54,73
60RF000008,73,43,30
60RF000009,63,29,34
60RF000010,44,12,32
60RF000011,95,38,57
60RF000012,98,49,49
60RF000013,113,92,21
60RF000014,83,55,28
60RF000015,65,16,49
60RF000016,52,6,46
60RF000017,80,14,66
60RF000018,54,23,31
60RF000019,121,87,34
60RF000020,60,39,21
60RF000021,118,90,28
60RF000022,145,111,34
60RF000023,82,47,35
60RF000024,68,32,36
60RF000025,98,47,51
60RF000026,130,85,45
60RF000027,65,32,33
60RF000028,55,14,41
60RF000029,75,35,40
60RF000030,67,31,36
60RF000031,81,43,38
60RF000032,96,49,47
60RF000033,91,49,42
60RF000034,59,28,31
60RF000035,51,26,25
60RF000036,125,101,24
60RF000037,100,64,36
60RF000038,108,96,12
60RF000039,65,44,21
60RF000040,90,52,38
60RF000041,116,71,45
60RF000042,119,64,55
60RF000043,92,44,48
60RF000044,78,39,39
60RF000045,87,62,25
60RF000046,40,15,25
60RF000047,49,24,25
60RF000048,48,26,22
60RF000049,77,36,41
60RF000050,60,27,33
60RF000051,78,28,50
60RF000052,45,22,23
60RF000053,132,93,39
60RF000054,95,47,48
60RF000055,84,50,34
60RF000056,113,56,57
60RF000057,83,28,55
60RF000058,118,60,58
60RF000059,83,43,40
60RF000060,61,31,30
60RF000061,63,42,21
60RF000062,130,73,57
60RF000063,95,75,20
60RF000064,75,58,17
60RF000065,73,23,50
60RF000066,77,36,41
60RF000067,116,79,37
60RF000068,117,102,15
60RF000069,134,115,19
60RF000070,81,63,18
60RF000071,140,113,27
60RF000072,100,79,21
60RF000073,157,135,22
60RF000074,161,131,30
60RF000075,82,61,21
60RF000076,110,70,40
60RF000077,102,84,18
60RF000078,110,84,26
60RF000079,101,75,26
60RF000080,96,59,37
60RF000081,124,90,34
60RF000082,98,65,33
60RF000083,105,77,28
60RF000084,107,83,24
60RF000085,116,82,34
60RF000086,94,64,30
60RF000087,126,98,28
60RF000088,106,80,26
60RF000089,106,73,33
60RF000090,100,69,31
60RF000091,71,47,24
60RF000092,95,68,27
60RF000093,85,60,25
60RF000094,105,78,27
60RF000095,101,77,24
60RF000096,44,32,12
60RF000097,107,29,78
60RF000098,73,35,38
60RF000099,69,42,27
60RF000100,92,39,53
60RF000101,106,57,49
60RF000102,71,39,32
60RF000103,127,89,38
60RF000104,136,61,75
60RF000105,112,71,41
60RF000106,77,45,32
60RF000107,102,43,59
60RF000108,110,56,54
60RF000109,99,48,51
60RF000110,98,38,60
60RF000111,100,43,57
60RF000112,124,62,62
60RF000113,112,68,44
60RF000114,92,41,51
60RF000115,108,44,64
60RF000116,96,57,39
60RF000117,80,45,35
60RF000118,88,47,41
60RF000119,91,47,44
60RF000120,121,65,56
60RF000121,102,45,57
60RF000122,68,14,54
60RF000123,100,76,24
60RF000124,127,62,65
60RF000125,144,104,40
60RF000126,92,54,38
60RF000127,74,25,49
60RF000128,84,61,23
60RF000129,57,22,35
60RF000130,96,37,59
60RF000131,71,31,40
60RF000132,93,35,58
60RF000133,101,48,53
60RF000134,97,40,57
60RF000135,104,37,67
60RF000136,94,34,60
60RF000137,86,65,21
60RF000138,60,30,30
60RF000139,72,28,44
60RF000140,76,52,24
60RF000141,80,53,27
60RF000142,52,35,17
60RF000143,94,63,31
60RF000144,88,55,33
60RF000145,74,36,38
60RF000146,82,60,22
60RF000147,77,22,55
60RF000148,102,69,33
60RF000149,83,59,24
60RF000150,79,51,28
60RF000151,73,49,24
60RF000152,95,81,14
60RF000153,75,48,27
60RF000154,128,95,33
60RF000155,75,58,17
60RF000156,123,92,31
60RF000157,152,120,32
60RF000158,60,23,37
60RF000159,121,86,35
60RF000160,107,56,51
60RF000161,102,45,57
60RF000162,132,97,35
60RF000163,106,80,26
60RF000164,94,67,27
60RF000165,80,61,19
60RF000166,82,64,18
60RF000167,116,74,42
60RF000168,137,97,40
60RF000169,88,58,30
60RF000170,127,97,30
60RF000171,76,46,30
60RF000172,73,61,12
60RF000173,41,24,17
60RF000174,147,106,41
60RF000175,58,30,28
60RF000176,80,40,40
60RF000177,72,41,31
60RF000178,132,83,49
60RF000179,86,66,20
60RF000180,147,88,59
60RF000181,86,33,53
60RF000182,87,58,29
60RF000183,49,22,27
60RF000184,40,21,19
60RF000185,61,20,41
60RF000186,67,31,36
60RF000187,50,17,33
60RF000188,69,27,42
60RF000189,43,21,22
60RF000190,68,43,25
60RF000191,54,39,15
60RF000192,45,21,24
60RF000193,77,46,31
60RF000194,50,22,28
60RF000195,54,22,32
60RF000196,35,28,7
60RF000197,65,35,30
60RF000198,74,37,37
60RF000199,80,65,15
60RF000200,46,34,12
60RF000201,80,58,22
60RF000202,94,66,28
60RF000203,77,60,17
60RF000204,54,34,20
60RF000205,72,43,29
60RF000206,140,93,47
60RF000207,89,51,38
60RF000208,102,70,32
60RF000209,122,80,42
60RF000210,67,39,28
60RF000211,101,70,31
60RF000212,111,75,36
60RF000213,85,57,28
60RF000214,104,70,34
60RF000215,113,64,49
60RF000216,67,53,14
60RF000217,74,34,40
60RF000218,123,56,67
60RF000219,107,64,43
60RF000220,91,48,43
60RF000221,128,75,53
60RF000222,113,63,50
60RF000223,85,53,32
60RF000224,82,35,47
60RF000225,79,46,33
60RF000226,69,39,30
60RF000227,116,74,42
60RF000228,92,57,35
60RF000229,91,58,33
60RF000230,110,77,33
60RF000231,87,55,32
60RF000232,91,50,41
60RF000233,94,61,33
60RF000234,96,59,37
60RF000235,95,71,24
60RF000236,78,65,13
60RF000237,75,59,16
60RF000238,73,53,20
60RF000239,103,80,23
60RF000240,81,55,26
60RF000241,87,55,32
60RF000242,75,33,42
60RF000243,62,29,33
60RF000244,92,58,34
60RF000245,130,101,29
60RF000246,78,66,12
60RF000247,134,99,35
60RF000248,74,53,21
60RF000249,71,54,17
60RF000250,51,37,14
60RF000251,97,80,17
60RF000252,79,62,17
60RF000253,90,75,15
60RF000254,53,18,35
60RF000255,47,13,34
60RF000256,38,14,24
60RF000257,71,30,41
60RF000258,74,34,40
60RF000259,63,14,49
60RF000260,52,19,33
60RF000261,41,24,17
60RF000262,63,27,36
60RF000263,89,38,51
60RF000264,79,37,42
60RF000265,103,41,62
60RF000266,119,52,67
60RF000267,113,52,61
60RF000268,78,44,34
60RF000269,86,44,42
60RF000270,160,82,78
60RF000271,103,56,47
60RF000272,128,70,58
60RF000273,109,46,63
60RF000274,155,77,78
60RF000275,64,33,31
60RF000276,66,47,19
60RF000277,74,37,37
60RF000278,44,18,26
60RF000279,80,49,31
60RF000280,93,44,49
60RF000281,108,56,52
60RF000282,112,55,57
60RF000283,64,36,28
60RF000284,72,29,43
60RF000285,107,57,50
60RF000286,117,63,54
60RF000287,78,39,39
60RF000288,49,21,28
60RF000289,58,26,32
60RF000290,88,50,38
60RF000291,75,36,39
60RF000292,100,50,50
60RF000293,91,55,36
60RF000294,94,55,39
60RF000295,92,64,28
60RF000296,47,32,15
60RF000297,99,68,31
60RF000298,119,85,34
60RF000299,98,68,30
60RF000300,115,71,44
60RF000301,81,54,27
60RF000302,64,38,26
60RF000303,93,49,44
60RF000304,71,50,21
60RF000305,89,54,35
60RF000306,107,71,36
60RF000307,84,48,36
60RF000308,63,34,29
60RF000309,117,59,58
60RF000310,96,41,55
60RF000311,144,106,38
60RF000312,112,66,46
60RF000313,103,70,33
60RF000314,101,50,51
60RF000315,96,53,43
60RF000316,44,23,21
60RF000317,88,51,37
60RF000318,47,25,22
60RF000319,68,31,37
60RF000320,78,46,32
60RF000321,66,38,28
60RF000322,81,44,37
60RF000323,80,42,38
60RF000324,78,38,40
60RF000325,73,39,34
60RF000326,68,24,44
60RF000327,70,33,37
60RF000328,107,78,29
60RF000329,56,10,46
60RF000330,104,61,43
60RF000331,91,26,65
60RF000332,84,44,40
60RF000333,45,21,24
60RF000334,66,37,29
60RF000335,71,40,31
60RF000336,60,28,32
60RF000337,76,36,40
60RF000338,93,50,43
60RF000339,77,46,31
60RF000340,69,38,31
60RF000341,56,28,28
60RF000342,58,27,31
60RF000343,61,41,20
60RF000344,67,33,34
60RF000345,93,74,19
60RF000346,73,37,36
60RF000347,104,66,38
60RF000348,89,51,38
60RF000349,79,51,28
60RF000350,85,50,35
60RF000351,39,20,19
60RF000352,39,21,18
60RF000353,87,49,38
60RF000354,52,33,19
60RF000355,94,68,26
60RF000356,51,38,13
60RF000357,43,31,12
60RF000358,46,27,19
60RF000359,41,33,8
60RF000360,89,58,31
60RF000361,105,77,28
60RF000362,74,61,13
60RF000363,123,89,34
60RF000364,56,42,14
60RF000365,67,27,40
60RF000366,51,38,13
60RF000367,61,42,19
60RF000368,60,36,24
60RF000369,74,37,37
60RF000370,133,62,71
60RF000371,174,143,31
60RF000372,64,49,15
60RF000373,58,36,22
60RF000374,89,48,41
60RF000375,82,49,33
60RF000376,49,24,25
60RF000377,74,41,33
60RF000378,63,28,35
60RF000379,56,46,10
60RF000380,73,38,35
60RF000381,80,46,34
60RF000382,45,30,15
60RF000383,57,27,30
60RF000384,93,63,30
60RF000385,139,84,55
60RF000386,48,32,16
60RF000387,56,25,31
60RF000388,50,13,37
60RF000389,93,49,44
60RF000390,47,26,21
60RF000391,92,48,44
60RF000392,92,67,25
60RF000393,274,220,54
60RF000394,106,82,24
60RF000395,58,29,29
60RF000396,85,40,45
60RF000397,191,156,35
60RF000398,80,60,20
60RF000399,82,61,21
60RF000400,118,94,24
60RF000401,139,113,26
60RF000402,65,55,10
60RF000403,101,84,17
60RF000404,63,42,21
60RF000405,91,60,31
60RF000406,95,67,28
60RF000407,69,27,42
60RF000408,80,36,44
60RF000409,85,42,43
60RF000410,55,21,34
60RF000411,100,34,66
60RF000412,58,26,32
60RF000413,99,72,27
60RF000414,102,48,54
60RF000415,99,56,43
60RF000416,121,85,36
60RF000417,61,43,18
60RF000418,99,74,25
60RF000419,65,45,20
60RF000420,78,56,22
60RF000421,67,59,8
60RF000422,111,89,22
60RF000423,97,70,27
60RF000424,74,21,53
60RF000425,36,17,19
60RF000426,91,55,36
60RF000427,51,25,26
60RF000428,61,48,13
60RF000429,60,54,6
60RF000430,73,49,24
60RF000431,40,21,19
60RF000432,59,36,23
60RF000433,66,34,32
60RF000434,80,32,48
60RF000435,90,54,36
60RF000436,63,30,33
60RF000437,34,14,20
60RF000438,63,33,30
60RF000439,65,42,23
60RF000440,72,47,25
60RF000441,65,28,37
60RF000442,98,85,13
60RF000443,106,85,21
60RF000444,81,64,17
60RF000445,126,58,68
60RF000446,31,6,25
60RF000447,72,45,27
60RF000448,17,0,17
60RF000449,54,39,15
60RF000450,81,47,34
60RF000451,117,98,19
60RF000452,82,67,15
60RF000453,80,76,4
60RF000454,94,68,26
60RF000455,118,102,16
60RF000456,134,118,16
60RF000457,90,82,8
60RF000458,144,128,16
60RF000459,85,69,16
60RF000460,102,69,33
60RF000461,77,68,9
60RF000462,119,103,16
60RF000463,83,68,15
60RF000464,97,85,12
60RF000465,129,122,7
60RF000466,75,66,9
60RF000467,118,110,8
60RF000468,113,99,14
60RF000469,67,38,29
60RF000470,80,46,34
60RF000471,111,77,34
60RF000472,106,81,25
60RF000473,117,90,27
60RF000474,116,90,26
60RF000475,161,112,49
60RF000476,62,42,20
60RF000477,105,76,29
60RF000478,55,39,16
60RF000479,122,100,22
60RF000480,47,33,14
60RF000481,157,115,42
60RF000482,77,61,16
60RF000483,162,112,50
60RF000484,115,81,34
60RF000485,77,55,22
60RF000486,69,50,19
60RF000487,67,48,19
60RF000488,75,50,25
60RF000489,119,80,39
60RF000490,44,33,11
60RF000491,102,77,25
60RF000492,56,43,13
60RF000493,89,58,31
60RF000494,106,79,27
60RF000495,83,60,23
60RF000496,83,57,26
60RF000497,82,54,28
60RF000498,51,35,16
60RF000499,121,90,31
60RF000500,67,40,27
60RF000501,74,42,32
60RF000502,83,51,32
60RF000503,44,33,11
60RF000504,86,65,21
60RF000505,99,84,15
60RF000506,89,60,29
60RF000507,88,55,33
60RF000508,78,50,28
60RF000509,43,27,16
60RF000510,106,66,40
60RF000511,98,68,30
60RF000512,322,59,263
60RF000513,122,80,42
60RF000514,125,86,39
60RF000515,88,67,21
60RF000516,96,71,25
60RF000517,55,46,9
60RF000518,141,106,35
60RF000519,84,57,27
60RF000520,158,120,38
60RF000521,58,40,18
60RF000522,105,69,36
60RF000523,83,61,22
60RF000524,106,64,42
60RF000525,67,43,24
60RF000526,112,75,37
60RF000527,131,94,37
60RF000528,134,99,35
60RF000529,77,48,29
60RF000530,52,32,20
60RF000531,83,42,41
60RF000532,52,32,20
60RF000533,162,123,39
60RF000534,103,78,25
60RF000535,82,64,18
60RF000536,80,47,33
60RF000537,40,27,13
60RF000538,122,78,44
60RF000539,59,39,20
60RF000540,59,31,28
60RF000541,61,41,20
60RF000542,141,107,34
60RF000543,111,92,19
60RF000544,136,82,54
60RF000545,145,108,37
60RF000546,43,29,14
60RF000547,83,64,19
60RF000548,91,69,22
60RF000549,108,81,27
60RF000550,93,65,28
60RF000551,83,53,30
60RF000552,108,81,27
60RF000553,108,55,53
60RF000554,138,80,58
60RF000555,87,46,41
60RF000556,71,42,29
60RF000557,90,60,30
60RF000558,75,44,31
60RF000559,65,35,30
60RF000560,56,29,27
60RF000561,81,55,26
60RF000562,88,61,27
60RF000563,89,66,23
60RF000564,122,72,50
60RF000565,133,89,44
60RF000566,88,58,30
60RF000567,105,76,29
60RF000568,103,50,53
60RF000569,92,45,47
60RF000570,75,44,31
60RF000571,93,56,37
60RF000572,90,39,51
60RF000573,54,20,34
60RF000574,74,47,27
60RF000575,83,33,50
60RF000576,60,33,27
60RF000577,117,79,38
60RF000578,81,61,20
60RF000579,81,56,25
60RF000580,106,78,28
60RF000581,105,66,39
60RF000582,90,51,39
60RF000583,92,64,28
60RF000584,74,58,16
60RF000585,134,71,63
60RF000586,128,62,66
60RF000587,84,45,39
60RF000588,76,55,21
60RF000589,71,38,33
60RF000590,111,59,52
60RF000591,146,92,54
60RF000592,122,71,51
60RF000593,62,29,33
60RF000594,139,78,61
60RF000595,116,51,65
60RF000596,109,59,50
60RF000597,79,46,33
60RF000598,98,61,37
60RF000599,117,93,24
60RF000600,72,49,23
60RF000601,82,52,30
60RF000602,92,52,40
60RF000603,88,60,28
60RF000604,102,58,44
60RF000605,70,40,30
60RF000606,130,71,59
60RF000607,116,81,35
60RF000608,99,54,45
60RF000609,94,61,33
60RF000610,77,41,36
60RF000611,169,119,50
60RF000612,104,83,21
60RF000613,86,50,36
60RF000614,103,78,25
60RF000615,87,43,44
60RF000616,105,77,28
60RF000617,137,95,42
60RF000618,86,63,23
60RF000619,97,58,39
60RF000620,123,57,66
60RF000621,75,42,33
60RF000622,76,55,21
60RF000623,79,52,27
60RF000624,64,51,13
60RF000625,61,42,19
60RF000626,85,56,29
60RF000627,91,61,30
60RF000628,92,50,42
60RF000629,57,39,18
60RF000630,98,67,31
60RF000631,104,65,39
60RF000632,127,67,60
60RF000633,117,67,50
60RF000634,120,95,25
60RF000635,70,39,31
60RF000636,110,81,29
60RF000637,145,101,44
60RF000638,93,79,14
60RF000639,103,80,23
60RF000640,87,62,25
60RF000641,81,47,34
60RF000642,72,38,34
60RF000643,45,34,11
60RF000644,109,66,43
60RF000645,44,25,19
60RF000646,66,49,17
60RF000647,122,51,71
60RF000648,60,40,20
60RF000649,76,35,41
60RF000650,58,35,23
60RF000651,78,41,37
60RF000652,104,70,34
60RF000653,80,45,35
60RF000654,51,32,19
60RF000655,76,41,35
60RF000656,75,57,18
60RF000657,55,29,26
60RF000658,138,100,38
60RF000659,108,77,31
60RF000660,152,101,51
60RF000661,41,26,15
60RF000662,71,53,18
60RF000663,88,49,39
60RF000664,73,42,31
60RF000665,62,35,27
60RF000666,93,63,30
60RF000667,97,65,32
60RF000668,89,59,30
60RF000669,122,83,39
60RF000670,112,83,29
60RF000671,100,75,25
60RF000672,142,88,54
60RF000673,149,95,54
60RF000674,78,49,29
60RF000675,65,40,25
60RF000676,63,37,26
60RF000677,74,49,25
60RF000678,111,76,35
60RF000679,84,57,27
60RF000680,134,81,53
60RF000681,92,66,26
60RF000682,95,63,32
60RF000683,156,93,63
60RF000684,89,39,50
60RF000685,80,52,28
60RF000686,73,45,28
60RF000687,131,86,45
60RF000688,109,75,34
60RF000689,55,45,10
60RF000690,67,48,19
60RF000691,120,89,31
60RF000692,80,36,44
60RF000693,39,27,12
60RF000694,107,77,30
60RF000695,114,88,26
60RF000696,120,76,44
60RF000697,100,75,25
60RF000698,83,56,27
60RF000699,124,86,38
60RF000700,123,80,43
60RF000701,116,93,23
60RF000702,81,62,19
60RF000703,94,60,34
60RF000704,82,58,24
60RF000705,40,17,23
60RF000706,108,71,37
60RF000707,110,75,35
60RF000708,43,26,17
60RF000709,103,59,44
60RF000710,105,70,35
60RF000711,72,53,19
60RF000712,118,91,27
60RF000713,93,72,21
60RF000714,122,84,38
60RF000715,127,100,27
60RF000716,43,31,12
60RF000717,115,70,45
60RF000718,101,54,47
60RF000719,114,71,43
60RF000720,63,30,33
60RF000721,42,32,10
60RF000722,124,86,38
60RF000723,90,39,51
60RF000724,126,70,56
60RF000725,84,47,37
60RF000726,88,48,40
60RF000727,119,98,21
60RF000728,89,68,21
60RF000729,174,142,32
60RF000730,105,80,25
60RF000731,95,62,33
60RF000732,95,59,36
60RF000733,124,77,47
60RF000734,109,69,40
60RF000735,89,58,31
60RF000736,98,71,27
60RF000737,92,55,37
60RF000738,149,110,39
60RF000739,105,63,42
60RF000740,87,57,30
60RF000741,83,53,30
60RF000742,90,45,45
60RF000743,83,48,35
60RF000744,91,56,35
60RF000745,58,25,33
60RF000746,125,76,49
60RF000747,79,49,30
60RF000748,88,59,29
60RF000749,107,82,25
60RF000750,115,86,29
60RF000751,119,84,35
60RF000752,80,36,44
60RF000753,88,42,46
60RF000754,94,52,42
60RF000755,97,61,36
60RF000756,87,67,20
60RF000757,88,52,36
60RF000758,113,82,31
60RF000759,78,60,18
60RF000760,98,67,31
60RF000761,120,62,58
60RF000762,87,50,37
60RF000763,82,52,30
60RF000764,90,42,48
60RF000765,61,49,12
60RF000766,42,23,19
60RF000767,76,41,35
60RF000768,67,41,26
60RF000769,66,38,28
60RF000770,70,61,9
60RF000771,117,53,64
60RF000772,97,57,40
60RF000773,110,64,46
60RF000774,156,110,46
60RF000775,129,89,40
60RF000776,180,131,49
60RF000777,134,89,45
60RF000778,155,110,45
60RF000779,89,67,22
60RF000780,102,56,46
60RF000781,116,63,53
60RF000782,50,35,15
60RF000783,87,58,29
60RF000784,69,47,22
60RF000785,71,39,32
60RF000786,79,51,28
60RF000787,104,56,48
60RF000788,71,39,32
60RF000789,114,63,51
60RF000790,91,62,29
60RF000791,72,43,29
60RF000792,115,65,50
60RF000793,72,43,29
60RF000794,67,35,32
60RF000795,106,48,58
60RF000796,69,34,35
60RF000797,136,67,69
60RF000798,105,43,62
60RF000799,55,20,35
60RF000800,125,71,54
60RF000801,148,79,69
60RF000802,100,46,54
60RF000803,138,76,62
60RF000804,87,42,45
60RF000805,76,37,39
60RF000806,131,59,72
60RF000807,124,72,52
60RF000808,111,53,58
60RF000809,123,69,54
60RF000810,50,35,15
60RF000811,38,14,24
60RF000812,64,47,17
60RF000813,128,91,37
60RF000814,88,50,38
60RF000815,100,69,31
60RF000816,88,62,26
60RF000817,84,40,44
60RF000818,76,40,36
60RF000819,111,71,40
60RF000820,116,69,47
60RF000821,124,79,45
60RF000822,89,46,43
60RF000823,102,55,47
60RF000824,87,43,44
60RF000825,53,25,28
60RF000826,61,30,31
60RF000827,78,38,40
60RF000828,62,43,19
60RF000829,83,48,35
60RF000830,89,44,45
60RF000831,76,38,38
60RF000832,99,29,70
60RF000833,76,37,39
60RF000834,53,17,36
60RF000835,104,55,49
60RF000836,93,49,44
60RF000837,71,35,36
60RF000838,96,57,39
60RF000839,91,54,37
60RF000840,50,39,11
60RF000841,48,33,15
60RF000842,91,60,31
60RF000843,118,85,33
60RF000844,75,36,39
60RF000845,66,41,25
60RF000846,77,31,46
60RF000847,52,25,27
60RF000848,87,52,35
60RF000849,88,42,46
60RF000850,75,46,29
60RF000851,79,42,37
60RF000852,79,40,39
60RF000853,75,40,35
60RF000854,87,52,35
60RF000855,94,47,47
60RF000856,111,70,41
60RF000857,63,42,21
60RF000858,96,45,51
60RF000859,115,71,44
60RF000860,106,74,32
60RF000861,90,67,23
60RF000862,106,83,23
60RF000863,72,51,21
60RF000864,49,32,17
60RF000865,91,70,21
60RF000866,143,93,50
60RF000867,68,47,21
60RF000868,59,43,16
60RF000869,130,86,44
60RF000870,93,64,29
60RF000871,96,64,32
60RF000872,88,60,28
60RF000873,86,56,30
60RF000874,108,85,23
60RF000875,109,61,48
60RF000876,30,18,12
60RF000877,62,51,11
60RF000878,74,35,39
60RF000879,81,35,46
60RF000880,72,29,43
60RF000881,89,52,37
60RF000882,113,79,34
60RF000883,103,69,34
60RF000884,85,60,25
60RF000885,108,72,36
60RF000886,102,82,20
60RF000887,103,72,31
60RF000888,81,57,24
60RF000889,131,85,46
60RF000890,147,107,40
60RF000891,43,24,19
60RF000892,152,83,69
60RF000893,107,78,29
60RF000894,73,44,29
60RF000895,127,103,24
60RF000896,96,57,39
60RF000897,93,54,39
60RF000898,95,54,41
60RF000899,61,20,41
60RF000900,83,40,43
60RF000901,78,41,37
60RF000902,95,58,37
60RF000903,73,30,43
60RF000904,77,47,30
60RF000905,101,52,49
60RF000906,120,82,38
60RF000907,99,71,28
60RF000908,96,69,27
60RF000909,93,57,36
60RF000910,101,74,27
60RF000911,71,49,22
60RF000912,96,62,34
60RF000913,133,90,43
60RF000914,96,57,39
60RF000915,83,53,30
60RF000916,63,39,24
60RF000917,41,33,8
60RF000918,78,49,29
60RF000919,67,49,18
60RF000920,71,48,23
60RF000921,81,51,30
60RF000922,48,22,26
60RF000923,100,60,40
60RF000924,93,50,43
60RF000925,64,30,34
60RF000926,76,41,35
60RF000927,102,63,39
60RF000928,111,66,45
60RF000929,136,104,32
60RF000930,98,61,37
60RF000931,80,47,33
60RF000932,76,46,30
60RF000933,56,40,16
60RF000934,115,80,35
60RF000935,87,67,20
60RF000936,116,72,44
60RF000937,69,47,22
60RF000938,112,82,30
60RF000939,124,80,44
60RF000940,99,67,32
60RF000941,103,79,24
60RF000942,68,33,35
60RF000943,148,111,37
60RF000944,95,71,24
60RF000945,123,79,44
60RF000946,104,65,39
60RF000947,41,32,9
60RF000948,102,64,38
60RF000949,178,144,34
60RF000950,67,45,22
60RF000951,181,141,40
60RF000952,109,53,56
60RF000953,104,45,59
60RF000954,134,81,53
60RF000955,95,61,34
60RF000956,72,43,29
60RF000957,112,70,42
60RF000958,97,61,36
60RF000959,61,32,29
60RF000960,81,38,43
60RF000961,76,48,28
60RF000962,67,38,29
60RF000963,46,35,11
60RF000964,158,134,24
60RF000965,122,100,22
60RF000966,136,102,34
60RF000967,90,69,21
60RF000968,96,64,32
60RF000969,45,36,9
60RF000970,35,15,20
60RF000971,69,42,27
60RF000972,60,37,23
60RF000973,39,17,22
60RF000974,46,25,21
60RF000975,84,49,35
60RF000976,84,47,37
60RF000977,105,69,36
60RF000978,74,41,33
60RF000979,60,39,21
60RF000980,102,65,37
60RF000981,81,57,24
60RF000982,78,36,42
60RF000983,75,33,42
60RF000984,70,34,36
60RF000985,78,54,24
60RF000986,83,57,26
60RF000987,71,34,37
60RF000988,48,31,17
60RF000989,87,47,40
60RF000990,74,52,22
60RF000991,112,69,43
60RF000992,87,58,29
60RF000993,72,53,19
60RF000994,108,68,40
60RF000995,118,59,59
60RF000996,95,54,41
60RF000997,104,74,30
60RF000998,93,47,46
60RF000999,92,68,24
60RF001000,142,88,54
60RF001001,88,64,24
60RF001002,99,78,21
60RF001003,105,69,36
60RF001004,78,54,24
60RF001005,70,49,21
60RF001006,73,53,20
60RF001007,173,131,42
60RF001008,56,36,20
60RF001009,60,49,11
60RF001010,125,94,31
60RF001011,103,76,27
60RF001012,49,45,4
60RF001013,122,93,29
60RF001014,77,50,27
60RF001015,78,57,21
60RF001016,125,99,26
60RF001017,102,60,42
60RF001018,86,59,27
60RF001019,68,29,39
60RF001020,119,80,39
60RF001021,101,64,37
60RF001022,117,75,42
60RF001023,105,77,28
60RF001024,58,36,22
60RF001025,50,37,13
60RF001026,142,107,35
60RF001027,137,101,36
60RF001028,133,98,35
60RF001029,110,85,25
60RF001030,97,61,36
60RF001031,75,52,23
60RF001032,134,96,38
60RF001033,50,30,20
60RF001034,69,59,10
60RF001035,124,89,35
60RF001036,57,44,13
60RF001037,71,53,18
60RF001038,103,74,29
60RF001039,61,43,18
60RF001040,102,69,33
60RF001041,124,77,47
60RF001042,68,49,19
60RF001043,74,45,29
60RF001044,144,104,40
60RF001045,136,92,44
60RF001046,132,99,33
60RF001047,114,81,33
60RF001048,89,55,34
60RF001049,81,47,34
60RF001050,98,73,25
60RF001051,104,68,36
60RF001052,100,51,49
60RF001053,88,55,33
60RF001054,81,65,16
60RF001055,84,62,22
60RF001056,121,75,46
60RF001057,98,67,31
60RF001058,68,39,29
60RF001059,72,45,27
60RF001060,73,40,33
60RF001061,76,51,25
60RF001062,107,61,46
60RF001063,83,42,41
60RF001064,88,49,39
60RF001065,116,73,43
60RF001066,63,41,22
60RF001067,88,51,37
60RF001068,105,76,29
60RF001069,67,47,20
60RF001070,61,41,20
60RF001071,67,33,34
60RF001072,95,60,35
60RF001073,70,38,32
60RF001074,99,47,52
60RF001075,76,39,37
60RF001076,68,45,23
60RF001077,72,42,30
60RF001078,80,48,32
60RF001079,128,71,57
60RF001080,104,58,46
60RF001081,85,38,47
60RF001082,105,64,41
60RF001083,107,72,35
60RF001084,118,75,43
60RF001085,98,58,40
60RF001086,116,100,16
60RF001087,58,51,7
60RF001088,133,83,50
60RF001089,54,45,9
60RF001090,88,66,22
60RF001091,54,43,11
60RF001092,38,8,30
60RF001093,93,54,39
60RF001094,86,77,9
60RF001095,89,63,26
60RF001096,66,45,21
60RF001097,87,65,22
60RF001098,94,60,34
60RF001099,61,35,26
60RF001100,60,35,25
60RF001101,50,24,26
60RF001102,41,27,14
60RF001103,57,30,27
60RF001104,75,45,30
60RF001105,123,78,45
60RF001106,120,60,60
60RF001107,92,51,41
60RF001108,122,75,47
60RF001109,88,51,37
60RF001110,118,78,40
60RF001111,61,39,22
60RF001112,63,44,19
60RF001113,122,76,46
60RF001114,121,90,31
60RF001115,118,67,51
60RF001116,86,53,33
60RF001117,131,97,34
60RF001118,128,86,42
60RF001119,49,22,27
60RF001120,85,62,23
60RF001121,101,63,38
60RF001122,128,85,43
60RF001123,133,87,46
60RF001124,119,64,55
60RF001125,94,65,29
60RF001126,99,75,24
60RF001127,152,110,42
60RF001128,73,42,31
60RF001129,153,108,45
60RF001130,101,61,40
60RF001131,56,48,8
60RF001132,59,44,15
60RF001133,129,92,37
60RF001134,102,63,39
60RF001135,82,57,25
60RF001136,67,45,22
60RF001137,112,66,46
60RF001138,78,46,32
60RF001139,121,76,45
60RF001140,90,42,48
60RF001141,52,26,26
60RF001142,63,36,27
60RF001143,63,36,27
60RF001144,60,31,29
60RF001145,51,26,25
60RF001146,76,52,24
60RF001147,98,57,41
60RF001148,89,59,30
60RF001149,102,61,41
60RF001150,92,81,11
60RF001151,87,59,28
60RF001152,141,109,32
60RF001153,114,64,50
60RF001154,100,54,46
60RF001155,71,40,31
60RF001156,52,25,27
60RF001157,63,33,30
60RF001158,77,55,22
60RF001159,75,49,26
60RF001160,99,65,34
60RF001161,67,49,18
60RF001162,65,46,19
60RF001163,105,61,44
60RF001164,78,42,36
60RF001165,68,39,29
60RF001166,86,50,36
60RF001167,87,54,33
60RF001168,109,67,42
60RF001169,76,46,30
60RF001170,74,67,7
60RF001171,101,76,25
60RF001172,56,45,11
60RF001173,103,83,20
60RF001174,79,66,13
60RF001175,76,56,20
60RF001176,183,138,45
60RF001177,132,104,28
60RF001178,137,106,31
60RF001179,65,29,36
60RF001180,54,35,19
60RF001181,119,93,26
60RF001182,50,31,19
60RF001183,88,63,25
60RF001184,88,68,20
60RF001185,44,23,21
60RF001186,122,81,41
60RF001187,99,80,19
60RF001188,165,124,41
60RF001189,126,83,43
60RF001190,174,123,51
60RF001191,162,111,51
60RF001192,109,92,17
60RF001193,114,84,30
60RF001194,93,68,25
60RF001195,73,66,7
60RF001196,71,38,33
60RF001197,106,81,25
60RF001198,161,133,28
60RF001199,118,97,21
60RF001200,98,83,15
60RF001201,68,60,8
60RF001202,77,65,12
60RF001203,145,102,43
60RF001204,139,118,21
60RF001205,136,100,36
60RF001206,145,104,41
60RF001207,79,53,26
60RF001208,102,80,22
60RF001209,146,111,35
60RF001210,106,76,30
60RF001211,134,82,52
60RF001212,117,89,28
60RF001213,62,34,28
60RF001214,141,105,36
60RF001215,140,99,41
60RF001216,132,89,43
60RF001217,102,73,29
60RF001218,87,65,22
60RF001219,87,54,33
60RF001220,80,49,31
60RF001221,128,83,45
60RF001222,51,28,23
60RF001223,123,93,30
60RF001224,103,69,34
60RF001225,111,79,32
60RF001226,87,47,40
60RF001227,73,49,24
60RF001228,99,59,40
60RF001229,55,35,20
60RF001230,62,30,32
60RF001231,78,38,40
60RF001232,109,73,36
60RF001233,105,67,38
60RF001234,104,60,44
60RF001235,62,39,23
60RF001236,87,56,31
60RF001237,72,58,14
60RF001238,71,40,31
60RF001239,51,40,11
60RF001240,92,66,26
60RF001241,80,43,37
60RF001242,75,45,30
60RF001243,59,33,26
60RF001244,62,36,26
60RF001245,67,45,22
60RF001246,73,46,27
60RF001247,79,57,22
60RF001248,82,50,32
60RF001249,104,71,33
60RF001250,75,43,32
60RF001251,70,41,29
60RF001252,110,63,47
60RF001253,50,31,19
60RF001254,66,36,30
60RF001255,62,40,22
60RF001256,78,51,27
60RF001257,70,42,28
60RF001258,153,90,63
60RF001259,126,81,45
60RF001260,78,53,25
60RF001261,99,64,35
60RF001262,106,53,53
60RF001263,88,51,37
60RF001264,89,63,26
60RF001265,70,43,27
60RF001266,112,76,36
60RF001267,46,28,18
60RF001268,59,36,23
60RF001269,119,88,31
60RF001270,165,103,62
60RF001271,130,82,48
60RF001272,151,87,64
60RF001273,102,71,31
60RF001274,95,50,45
60RF001275,123,86,37
60RF001276,77,57,20
60RF001277,129,108,21
60RF001278,158,112,46
60RF001279,98,79,19
60RF001280,173,144,29
60RF001281,76,57,19
60RF001282,116,95,21
60RF001283,92,68,24
60RF001284,123,98,25
60RF001285,131,112,19
60RF001286,86,73,13
60RF001287,73,52,21
60RF001288,153,115,38
60RF001289,156,129,27
60RF001290,85,61,24
60RF001291,79,55,24
60RF001292,106,86,20
60RF001293,77,69,8
60RF001294,122,103,19
60RF001295,116,92,24
60RF001296,54,40,14
60RF001297,152,136,16
60RF001298,122,92,30
60RF001299,104,68,36
60RF001300,93,62,31
60RF001301,100,69,31
60RF001302,148,120,28
60RF001303,70,47,23
60RF001304,76,57,19
60RF001305,136,93,43
60RF001306,50,24,26
60RF001307,103,66,37
60RF001308,71,47,24
60RF001309,142,101,41
60RF001310,138,104,34
60RF001311,92,64,28
60RF001312,136,103,33
60RF001313,136,89,47
60RF001314,130,79,51
60RF001315,159,109,50
60RF001316,135,88,47
60RF001317,103,76,27
60RF001318,133,98,35
60RF001319,76,57,19
60RF001320,40,25,15
60RF001321,99,70,29
60RF001322,164,113,51
60RF001323,118,86,32
60RF001324,110,75,35
60RF001325,80,59,21
60RF001326,78,56,22
60RF001327,90,63,27
60RF001328,103,74,29
60RF001329,67,41,26
60RF001330,123,87,36
60RF001331,114,83,31
60RF001332,76,61,15
60RF001333,61,45,16
60RF001334,79,60,19
60RF001335,104,79,25
60RF001336,73,60,13
60RF001337,89,54,35
60RF001338,73,56,17
60RF001339,68,42,26
60RF001340,93,49,44
60RF001341,54,25,29
60RF001342,80,37,43
60RF001343,100,48,52
60RF001344,82,52,30
60RF001345,103,75,28
60RF001346,73,45,28
60RF001347,92,58,34
60RF001348,100,52,48
60RF001349,76,41,35
60RF001350,91,57,34
60RF001351,73,42,31
60RF001352,98,65,33
60RF001353,80,52,28
60RF001354,80,62,18
60RF001355,117,62,55
60RF001356,80,61,19
60RF001357,59,27,32
60RF001358,49,34,15
60RF001359,57,32,25
60RF001360,86,58,28
60RF001361,84,64,20
60RF001362,58,33,25
60RF001363,128,79,49
60RF001364,93,66,27
60RF001365,109,66,43
60RF001366,80,50,30
60RF001367,67,43,24
60RF001368,94,61,33
60RF001369,73,51,22
60RF001370,65,33,32
60RF001371,37,19,18
60RF001372,86,57,29
60RF001373,60,27,33
60RF001374,37,23,14
60RF001375,77,49,28
60RF001376,95,59,36
60RF001377,90,52,38
60RF001378,80,54,26
60RF001379,106,77,29
60RF001380,46,18,28
60RF001381,67,39,28
60RF001382,51,29,22
60RF001383,71,31,40
60RF001384,95,51,44
60RF001385,68,30,38
60RF001386,92,46,46
60RF001387,79,55,24
60RF001388,104,74,30
60RF001389,90,56,34
60RF001390,71,41,30
60RF001391,95,65,30
60RF001392,111,92,19
60RF001393,104,92,12
60RF001394,84,57,27
60RF001395,86,57,29
60RF001396,96,58,38
60RF001397,107,84,23
60RF001398,122,95,27
60RF001399,139,90,49
60RF001400,157,107,50
60RF001401,172,134,38
60RF001402,86,54,32
60RF001403,137,103,34
60RF001404,122,83,39
60RF001405,109,81,28
60RF001406,66,36,30
60RF001407,79,54,25
60RF001408,110,73,37
60RF001409,156,125,31
60RF001410,74,61,13
60RF001411,112,74,38
60RF001412,64,34,30
60RF001413,98,61,37
60RF001414,108,67,41
60RF001415,108,65,43
60RF001416,101,44,57
60RF001417,93,53,40
60RF001418,80,47,33
60RF001419,79,37,42
60RF001420,145,110,35
60RF001421,121,90,31
60RF001422,107,88,19
60RF001423,99,69,30
60RF001424,64,52,12
60RF001425,58,34,24
60RF001426,109,65,44
60RF001427,101,57,44
60RF001428,115,68,47
60RF001429,76,42,34
60RF001430,146,89,57
60RF001431,95,64,31
60RF001432,130,87,43
60RF001433,86,37,49
60RF001434,60,45,15
60RF001435,93,52,41
60RF001436,100,49,51
60RF001437,87,55,32
60RF001438,79,50,29
60RF001439,117,67,50
60RF001440,92,59,33
60RF001441,104,73,31
60RF001442,66,40,26
60RF001443,146,113,33
60RF001444,73,57,16
60RF001445,42,15,27
60RF001446,128,91,37
60RF001447,173,131,42
60RF001448,155,121,34
60RF001449,124,93,31
60RF001450,93,76,17
60RF001451,124,91,33
60RF001452,109,74,35
60RF001453,111,87,24
60RF001454,104,75,29
60RF001455,102,75,27
60RF001456,76,30,46
60RF001457,59,41,18
60RF001458,122,70,52
60RF001459,90,58,32
60RF001460,108,67,41
60RF001461,101,61,40
60RF001462,88,46,42
60RF001463,92,41,51
60RF001464,82,44,38
60RF001465,65,37,28
60RF001466,100,56,44
60RF001467,94,48,46
60RF001468,51,33,18
60RF001469,137,83,54
60RF001470,132,104,28
60RF001471,97,47,50
60RF001472,95,56,39
60RF001473,101,67,34
60RF001474,110,68,42
60RF001475,101,64,37
60RF001476,44,14,30
60RF001477,70,33,37
60RF001478,84,43,41
60RF001479,108,59,49
60RF001480,56,24,32
60RF001481,107,62,45
60RF001482,108,71,37
60RF001483,114,76,38
60RF001484,78,57,21
60RF001485,123,80,43
60RF001486,85,44,41
60RF001487,53,26,27
60RF001488,107,53,54
60RF001489,59,40,19
60RF001490,120,55,65
60RF001491,125,77,48
60RF001492,130,71,59
60RF001493,151,95,56
60RF001494,65,31,34
60RF001495,86,29,57
60RF001496,74,28,46
60RF001497,67,26,41
60RF001498,42,29,13
60RF001499,84,42,42
60RF001500,79,39,40
60RF001501,121,68,53
60RF001502,100,55,45
60RF001503,69,31,38
60RF001504,81,40,41
60RF001505,47,28,19
60RF001506,61,27,34
60RF001507,105,75,30
60RF001508,43,18,25
60RF001509,82,51,31
60RF001510,88,52,36
60RF001511,73,42,31
60RF001512,91,48,43
60RF001513,88,48,40
60RF001514,90,44,46
60RF001515,121,62,59
60RF001516,84,47,37
60RF001517,97,57,40
60RF001518,76,39,37
60RF001519,72,36,36
60RF001520,73,40,33
60RF001521,72,46,26
60RF001522,78,43,35
60RF001523,92,47,45
60RF001524,78,41,37
60RF001525,78,52,26
60RF001526,81,44,37
60RF001527,84,48,36
60RF001528,82,39,43
60RF001529,103,55,48
60RF001530,105,62,43
60RF001531,77,39,38
60RF001532,99,67,32
60RF001533,57,29,28
60RF001534,85,50,35
60RF001535,85,51,34
60RF001536,56,18,38
60RF001537,84,44,40
60RF001538,79,30,49
60RF001539,79,33,46
60RF001540,38,22,16
60RF001541,102,52,50
60RF001542,39,20,19
60RF001543,75,34,41
60RF001544,102,49,53
60RF001545,88,39,49
60RF001546,65,32,33
60RF001547,52,29,23
60RF001548,59,26,33
60RF001549,99,48,51
60RF001550,109,57,52
60RF001551,133,76,57
60RF001552,132,93,39
60RF001553,75,35,40
60RF001554,62,38,24
60RF001555,102,62,40
60RF001556,113,66,47
60RF001557,63,20,43
60RF001558,87,60,27
60RF001559,72,31,41
60RF001560,131,88,43
60RF001561,86,58,28
60RF001562,61,33,28
60RF001563,140,99,41
60RF001564,78,42,36
60RF001565,53,22,31
60RF001566,48,37,11
60RF001567,88,49,39
60RF001568,82,51,31
60RF001569,62,31,31
60RF001570,91,67,24
60RF001571,99,73,26
60RF001572,94,72,22
60RF001573,95,60,35
60RF001574,97,58,39
60RF001575,78,55,23
60RF001576,43,15,28
60RF001577,76,39,37
60RF001578,82,44,38
60RF001579,88,53,35
60RF001580,75,41,34
60RF001581,134,71,63
60RF001582,85,47,38
60RF001583,120,62,58
60RF001584,111,76,35
60RF001585,145,106,39
60RF001586,84,48,36
60RF001587,113,50,63
60RF001588,70,27,43
60RF001589,118,64,54
60RF001590,139,80,59
60RF001591,98,46,52
60RF001592,99,58,41
60RF001593,87,55,32
60RF001594,94,58,36
60RF001595,80,44,36
60RF001596,93,60,33
60RF001597,66,46,20
60RF001598,129,108,21
60RF001599,95,79,16
60RF001600,215,168,47
60RF001601,149,112,37
60RF001602,140,99,41
60RF001603,100,72,28
60RF001604,53,18,35
60RF001605,95,50,45
60RF001606,78,38,40
60RF001607,151,92,59
60RF001608,155,94,61
60RF001609,116,76,40
60RF001610,175,122,53
60RF001611,111,76,35
60RF001612,54,43,11
60RF001613,145,92,53
60RF001614,125,82,43
60RF001615,92,55,37
60RF001616,97,57,40
60RF001617,108,77,31
60RF001618,107,57,50
60RF001619,53,25,28
60RF001620,68,45,23
60RF001621,74,28,46
60RF001622,103,67,36
60RF001623,90,59,31
60RF001624,57,49,8
60RF001625,118,75,43
60RF001626,104,58,46
60RF001627,86,55,31
60RF001628,106,75,31
60RF001629,77,42,35
60RF001630,61,47,14
60RF001631,104,62,42
60RF001632,155,88,67
60RF001633,142,81,61
60RF001634,70,34,36
60RF001635,162,113,49
60RF001636,146,79,67
60RF001637,129,93,36
60RF001638,124,96,28
60RF001639,142,104,38
60RF001640,80,44,36
60RF001641,99,43,56
60RF001642,63,37,26
60RF001643,95,59,36
60RF001644,83,58,25
60RF001645,77,45,32
60RF001646,59,36,23
60RF001647,95,46,49
60RF001648,143,99,44
60RF001649,154,106,48
60RF001650,105,80,25
60RF001651,105,73,32
60RF001652,113,74,39
60RF001653,81,48,33
60RF001654,130,62,68
60RF001655,89,58,31
60RF001656,85,44,41
60RF001657,99,52,47
60RF001658,87,37,50
60RF001659,158,98,60
60RF001660,88,53,35
60RF001661,91,49,42
60RF001662,103,67,36
60RF001663,86,41,45
60RF001664,84,35,49
60RF001665,91,57,34
60RF001666,102,57,45
60RF001667,54,50,4
60RF001668,115,77,38
60RF001669,84,47,37
60RF001670,131,69,62
60RF001671,127,58,69
60RF001672,115,51,64
60RF001673,100,49,51
60RF001674,46,17,29
60RF001675,37,15,22
60RF001676,39,14,25
60RF001677,66,27,39
60RF001678,66,31,35
60RF001679,111,75,36
60RF001680,112,57,55
60RF001681,120,58,62
60RF001682,84,50,34
60RF001683,101,59,42
60RF001684,145,86,59
60RF001685,61,29,32
60RF001686,53,38,15
60RF001687,71,49,22
60RF001688,79,37,42
60RF001689,86,48,38
60RF001690,75,50,25
60RF001691,104,72,32
60RF001692,67,30,37
60RF001693,100,69,31
60RF001694,143,99,44
60RF001695,84,43,41
60RF001696,104,59,45
60RF001697,129,74,55
60RF001698,147,123,24
60RF001699,153,104,49
60RF001700,78,44,34
60RF001701,178,117,61
60RF001702,142,90,52
60RF001703,96,69,27
60RF001704,94,60,34
60RF001705,94,58,36
60RF001706,115,76,39
60RF001707,84,66,18
60RF001708,163,103,60
60RF001709,101,65,36
60RF001710,154,115,39
60RF001711,136,102,34
60RF001712,65,52,13
60RF001713,151,110,41
60RF001714,137,121,16
60RF001715,75,67,8
60RF001716,80,69,11
60RF001717,106,92,14
60RF001718,83,67,16
60RF001719,161,135,26
60RF001720,105,83,22
60RF001721,127,107,20
60RF001722,136,121,15
60RF001723,104,71,33
60RF001724,119,83,36
60RF001725,95,67,28
60RF001726,103,64,39
60RF001727,57,44,13
60RF001728,62,32,30
60RF001729,114,68,46
60RF001730,151,97,54
60RF001731,66,35,31
60RF001732,86,54,32
60RF001733,95,59,36
60RF001734,106,56,50
60RF001735,142,88,54
60RF001736,64,36,28
60RF001737,75,38,37
60RF001738,51,23,28
60RF001739,92,39,53
60RF001740,99,43,56
60RF001741,77,30,47
60RF001742,159,81,78
60RF001743,66,29,37
60RF001744,130,72,58
60RF001745,79,38,41
60RF001746,82,49,33
60RF001747,87,59,28
60RF001748,128,95,33
60RF001749,78,34,44
60RF001750,79,41,38
60RF001751,54,29,25
60RF001752,137,85,52
60RF001753,110,61,49
60RF001754,123,58,65
60RF001755,81,46,35
60RF001756,98,44,54
60RF001757,79,44,35
60RF001758,101,49,52
60RF001759,128,70,58
60RF001760,87,61,26
60RF001761,104,72,32
60RF001762,104,60,44
60RF001763,99,63,36
60RF001764,94,69,25
60RF001765,86,66,20
60RF001766,65,35,30
60RF001767,154,121,33
60RF001768,66,27,39
60RF001769,130,87,43
60RF001770,68,38,30
60RF001771,100,61,39
60RF001772,66,45,21
60RF001773,81,55,26
60RF001774,120,77,43
60RF001775,47,17,30
60RF001776,76,49,27
60RF001777,97,57,40
60RF001778,74,43,31
60RF001779,68,24,44
60RF001780,163,67,96
60RF001781,69,45,24
60RF001782,90,55,35
60RF001783,130,112,18
60RF001784,76,47,29
60RF001785,86,53,33
60RF001786,109,50,59
60RF001787,107,49,58
60RF001788,84,47,37
60RF001789,77,38,39
60RF001790,75,35,40
60RF001791,110,62,48
60RF001792,109,60,49
60RF001793,107,63,44
60RF001794,96,46,50
60RF001795,74,36,38
60RF001796,57,31,26
60RF001797,75,36,39
60RF001798,47,17,30
60RF001799,58,25,33
60RF001800,102,85,17
60RF001801,91,75,16
60RF001802,100,80,20
60RF001803,95,75,20
60RF001804,92,77,15
60RF001805,88,47,41
60RF001806,104,77,27
60RF001807,80,67,13
60RF001808,51,41,10
60RF001809,74,40,34
60RF001810,89,74,15
60RF001811,53,25,28
60RF001812,85,49,36
60RF001813,71,31,40
60RF001814,96,51,45
60RF001815,67,27,40
60RF001816,122,47,75
60RF001817,86,38,48
60RF001818,79,44,35
60RF001819,91,53,38
60RF001820,84,41,43
60RF001821,90,38,52
60RF001822,114,79,35
60RF001823,73,36,37
60RF001824,88,46,42
60RF001825,73,40,33
60RF001826,75,42,33
60RF001827,67,31,36
60RF001828,109,45,64
60RF001829,84,41,43
60RF001830,66,29,37
60RF001831,122,78,44
60RF001832,84,46,38
60RF001833,57,30,27
60RF001834,93,58,35
60RF001835,60,18,42
60RF001836,63,37,26
60RF001837,76,45,31
60RF001838,116,74,42
60RF001839,85,48,37
60RF001840,90,50,40
60RF001841,98,50,48
60RF001842,128,72,56
60RF001843,99,59,40
60RF001844,70,23,47
60RF001845,86,38,48
60RF001846,77,42,35
60RF001847,75,53,22
60RF001848,61,20,41
60RF001849,79,30,49
60RF001850,104,50,54
60RF001851,141,83,58
60RF001852,114,79,35
60RF001853,76,41,35
60RF001854,56,34,22
60RF001855,112,80,32
60RF001856,51,35,16
60RF001857,107,55,52
60RF001858,103,77,26
60RF001859,51,41,10
60RF001860,99,75,24
60RF001861,77,51,26
60RF001862,89,60,29
60RF001863,106,74,32
60RF001864,34,15,19
60RF001865,106,65,41
60RF001866,107,79,28
60RF001867,116,79,37
60RF001868,89,55,34
60RF001869,101,73,28
60RF001870,69,38,31
60RF001871,122,98,24
60RF001872,126,89,37
60RF001873,123,103,20
60RF001874,105,93,12
60RF001875,146,107,39
60RF001876,109,82,27
60RF001877,81,50,31
60RF001878,87,64,23
60RF001879,61,39,22
60RF001880,58,28,30
60RF001881,72,51,21
60RF001882,68,51,17
60RF001883,53,27,26
60RF001884,61,26,35
60RF001885,88,50,38
60RF001886,147,79,68
60RF001887,92,59,33
60RF001888,89,56,33
60RF001889,136,84,52
60RF001890,111,80,31
60RF001891,87,52,35
60RF001892,105,62,43
60RF001893,61,37,24
60RF001894,53,32,21
60RF001895,99,54,45
60RF001896,102,59,43
60RF001897,112,72,40
60RF001898,109,73,36
60RF001899,107,69,38
60RF001900,70,36,34
60RF001901,102,52,50
60RF001902,76,55,21
60RF001903,129,104,25
60RF001904,64,44,20
60RF001905,84,67,17
60RF001906,124,72,52
60RF001907,67,55,12
60RF001908,128,93,35
60RF001909,68,42,26
60RF001910,58,42,16
60RF001911,86,49,37
60RF001912,87,45,42
60RF001913,101,49,52
60RF001914,74,40,34
60RF001915,96,74,22
60RF001916,95,79,16
60RF001917,91,57,34
60RF001918,90,69,21
60RF001919,104,71,33
60RF001920,155,110,45
60RF001921,114,65,49
60RF001922,132,85,47
60RF001923,107,76,31
60RF001924,105,68,37
60RF001925,109,72,37
60RF001926,82,62,20
60RF001927,70,34,36
60RF001928,79,52,27
60RF001929,83,54,29
60RF001930,63,43,20
60RF001931,95,77,18
60RF001932,88,64,24
60RF001933,52,33,19
60RF001934,48,36,12
60RF001935,110,73,37
60RF001936,41,33,8
60RF001937,62,56,6
60RF001938,79,55,24
60RF001939,97,62,35
60RF001940,86,66,20
60RF001941,48,32,16
60RF001942,76,56,20
60RF001943,87,45,42
60RF001944,61,41,20
60RF001945,67,41,26
60RF001946,41,26,15
60RF001947,42,17,25
60RF001948,79,49,30
60RF001949,144,117,27
60RF001950,89,57,32
60RF001951,118,76,42
60RF001952,42,22,20
60RF001953,83,44,39
60RF001954,47,35,12
60RF001955,160,137,23
60RF001956,46,34,12
60RF001957,60,53,7
60RF001958,50,28,22
60RF001959,79,49,30
60RF001960,122,82,40
60RF001961,60,48,12
60RF001962,37,16,21
60RF001963,65,47,18
60RF001964,91,53,38
60RF001965,39,33,6
60RF001966,93,61,32
60RF001967,133,98,35
60RF001968,109,76,33
60RF001969,101,87,14
60RF001970,70,56,14
60RF001971,103,83,20
60RF001972,61,40,21
60RF001973,110,74,36
60RF001974,92,63,29
60RF001975,103,77,26
60RF001976,72,62,10
60RF001977,62,41,21
60RF001978,104,84,20
60RF001979,57,51,6
60RF001980,84,56,28
60RF001981,86,60,26
60RF001982,75,53,22
60RF001983,59,41,18
60RF001984,63,42,21
60RF001985,63,42,21
60RF001986,78,62,16
60RF001987,78,49,29
60RF001988,82,59,23
60RF001989,85,46,39
60RF001990,47,25,22
60RF001991,58,42,16
60RF001992,54,31,23
60RF001993,83,66,17
60RF001994,42,13,29
60RF001995,109,70,39
60RF001996,87,64,23
60RF001997,78,38,40
60RF001998,87,60,27
60RF001999,55,28,27
60RF002000,89,62,27
60RF002001,105,71,34
60RF002002,141,114,27
60RF002003,169,132,37
60RF002004,87,64,23
60RF002005,91,68,23
60RF002006,113,73,40
60RF002007,133,107,26
60RF002008,76,58,18
60RF002009,99,73,26
60RF002010,104,80,24
60RF002011,78,58,20
60RF002012,81,47,34
60RF002013,113,91,22
60RF002014,108,67,41
60RF002015,55,21,34
60RF002016,53,38,15
60RF002017,64,38,26
60RF002018,98,62,36
60RF002019,66,56,10
60RF002020,37,29,8
60RF002021,104,62,42
60RF002022,53,36,17
60RF002023,118,93,25
60RF002024,77,61,16
60RF002025,54,36,18
60RF002026,107,84,23
60RF002027,76,45,31
60RF002028,76,40,36
60RF002029,60,40,20
60RF002030,57,47,10
60RF002031,83,52,31
60RF002032,62,42,20
60RF002033,111,69,42
60RF002034,54,36,18
60RF002035,60,40,20
60RF002036,64,47,17
60RF002037,74,45,29
60RF002038,105,61,44
60RF002039,45,22,23
60RF002040,136,93,43
60RF002041,37,11,26
60RF002042,52,37,15
60RF002043,97,69,28
60RF002044,86,54,32
60RF002045,40,16,24
60RF002046,79,55,24
60RF002047,105,72,33
60RF002048,77,59,18
60RF002049,52,30,22
60RF002050,38,18,20
60RF002051,80,49,31
60RF002052,57,47,10
60RF002053,77,39,38
60RF002054,77,45,32
60RF002055,105,67,38
60RF002056,110,75,35
60RF002057,55,40,15
60RF002058,144,88,56
60RF002059,121,92,29
60RF002060,44,28,16
60RF002061,62,46,16
60RF002062,90,72,18
60RF002063,81,59,22
60RF002064,77,47,30
60RF002065,76,51,25
60RF002066,50,37,13
60RF002067,123,95,28
60RF002068,78,52,26
60RF002069,72,49,23
60RF002070,52,29,23
60RF002071,88,38,50
60RF002072,38,23,15
60RF002073,37,22,15
60RF002074,52,26,26
60RF002075,98,59,39
60RF002076,62,36,26
60RF002077,55,32,23
60RF002078,91,56,35
60RF002079,54,36,18
60RF002080,141,82,59
60RF002081,73,41,32
60RF002082,57,37,20
60RF002083,52,32,20
60RF002084,55,29,26
60RF002085,95,59,36
60RF002086,50,34,16
60RF002087,71,52,19
60RF002088,82,52,30
60RF002089,70,46,24
60RF002090,85,63,22
60RF002091,60,35,25
60RF002092,78,36,42
60RF002093,91,70,21
60RF002094,45,33,12
60RF002095,51,29,22
60RF002096,52,34,18
60RF002097,75,50,25
60RF002098,40,26,14
60RF002099,83,56,27
60RF002100,76,57,19
60RF002101,47,39,8
60RF002102,80,62,18
60RF002103,62,47,15
60RF002104,89,59,30
60RF002105,72,52,20
60RF002106,74,55,19
60RF002107,50,26,24
60RF002108,35,14,21
60RF002109,50,39,11
60RF002110,91,51,40
60RF002111,75,54,21
60RF002112,128,87,41
60RF002113,49,36,13
60RF002114,98,60,38
60RF002115,89,53,36
60RF002116,58,25,33
60RF002117,147,118,29
60RF002118,45,33,12
60RF002119,82,34,48
60RF002120,66,26,40
60RF002121,75,25,50
60RF002122,53,28,25
60RF002123,55,45,10
60RF002124,92,68,24
60RF002125,99,59,40
60RF002126,100,63,37
60RF002127,97,65,32
60RF002128,80,50,30
60RF002129,109,79,30
60RF002130,149,101,48
60RF002131,90,61,29
60RF002132,97,71,26
60RF002133,91,68,23
60RF002134,77,63,14
60RF002135,92,66,26
60RF002136,119,84,35
60RF002137,75,60,15
60RF002138,165,73,92
60RF002139,85,60,25
60RF002140,140,101,39
60RF002141,77,45,32
60RF002142,99,73,26
60RF002143,61,43,18
60RF002144,85,68,17
60RF002145,89,62,27
60RF002146,83,59,24
60RF002147,82,58,24
60RF002148,78,56,22
60RF002149,120,74,46
60RF002150,107,79,28
60RF002151,135,96,39
60RF002152,202,130,72
60RF002153,58,36,22
60RF002154,86,62,24
60RF002155,66,43,23
60RF002156,55,32,23
60RF002157,92,61,31
60RF002158,16,1,15
60RF002159,67,44,23
60RF002160,48,23,25
60RF002161,94,48,46
60RF002162,31,10,21
60RF002163,69,50,19
60RF002164,79,52,27
60RF002165,71,55,16
60RF002166,126,66,60
60RF002167,114,78,36
60RF002168,64,37,27
60RF002169,180,130,50
60RF002170,113,82,31
60RF002171,66,53,13
60RF002172,111,63,48
60RF002173,43,20,23
60RF002174,59,27,32
60RF002175,80,41,39
60RF002176,69,43,26
60RF002177,122,103,19
60RF002178,125,95,30
60RF002179,98,63,35
60RF002180,82,71,11
60RF002181,97,61,36
60RF002182,34,24,10
60RF002183,105,77,28
60RF002184,100,69,31
60RF002185,96,84,12
60RF002186,131,103,28
60RF002187,139,117,22
60RF002188,100,76,24
60RF002189,96,69,27
60RF002190,97,67,30
60RF002191,56,32,24
60RF002192,93,75,18
60RF002193,44,14,30
60RF002194,38,27,11
60RF002195,144,107,37
60RF002196,78,62,16
60RF002197,83,58,25
60RF002198,110,86,24
60RF002199,75,60,15
60RF002200,73,49,24
60RF002201,101,56,45
60RF002202,59,33,26
60RF002203,207,142,65
60RF002204,104,67,37
60RF002205,60,27,33
60RF002206,153,109,44
60RF002207,58,30,28
60RF002208,72,48,24
60RF002209,113,82,31
60RF002210,88,39,49
60RF002211,33,8,25
60RF002212,88,73,15
60RF002213,48,27,21
60RF002214,90,67,23
60RF002215,72,36,36
60RF002216,76,42,34
60RF002217,95,56,39
60RF002218,39,29,10
60RF002219,65,36,29
60RF002220,76,57,19
60RF002221,193,168,25
60RF002222,146,119,27
60RF002223,107,89,18
60RF002224,78,68,10
60RF002225,54,48,6
60RF002226,115,82,33
60RF002227,60,50,10
60RF002228,56,32,24
60RF002229,80,52,28
60RF002230,120,89,31
60RF002231,122,95,27
60RF002232,58,41,17
60RF002233,88,51,37
60RF002234,103,89,14
60RF002235,103,93,10
60RF002236,144,114,30
60RF002237,115,96,19
60RF002238,116,88,28
60RF002239,132,101,31
60RF002240,125,96,29
60RF002241,115,95,20
60RF002242,206,152,54
60RF002243,60,46,14
60RF002244,95,69,26
60RF002245,67,46,21
60RF002246,47,24,23
60RF002247,48,33,15
60RF002248,92,63,29
60RF002249,88,73,15
60RF002250,134,97,37
60RF002251,82,55,27
60RF002252,79,61,18
60RF002253,53,31,22
60RF002254,74,38,36
60RF002255,76,41,35
60RF002256,57,39,18
60RF002257,105,75,30
60RF002258,98,64,34
60RF002259,81,57,24
60RF002260,124,65,59
60RF002261,34,23,11
60RF002262,140,83,57
60RF002263,153,125,28
60RF002264,51,28,23
60RF002265,93,70,23
60RF002266,91,44,47
60RF002267,55,32,23
60RF002268,55,41,14
60RF002269,125,74,51
60RF002270,80,53,27
60RF002271,143,76,67
60RF002272,29,15,14
60RF002273,80,48,32
60RF002274,156,128,28
60RF002275,129,87,42
60RF002276,115,92,23
60RF002277,45,33,12
60RF002278,128,105,23
60RF002279,118,105,13
60RF002280,130,105,25
60RF002281,112,100,12
60RF002282,98,84,14
60RF002283,65,47,18
60RF002284,95,78,17
60RF002285,99,89,10
60RF002286,163,139,24
60RF002287,58,35,23
60RF002288,100,88,12
60RF002289,58,51,7
60RF002290,101,81,20
60RF002291,137,118,19
60RF002292,120,87,33
60RF002293,90,64,26
60RF002294,160,109,51
60RF002295,85,56,29
60RF002296,62,35,27
60RF002297,94,56,38
60RF002298,39,18,21
60RF002299,186,118,68
60RF002300,128,113,15
60RF002301,106,91,15
60RF002302,120,96,24
60RF002303,84,69,15
60RF002304,119,100,19
60RF002305,113,89,24
60RF002306,109,103,6
60RF002307,112,90,22
60RF002308,123,102,21
60RF002309,120,106,14
60RF002310,112,84,28
60RF002311,216,136,80
60RF002312,119,101,18
60RF002313,72,47,25
60RF002314,73,44,29
60RF002315,95,75,20
60RF002316,110,72,38
60RF002317,107,65,42
60RF002318,46,28,18
60RF002319,111,94,17
60RF002320,135,110,25
60RF002321,115,98,17
60RF002322,89,66,23
60RF002323,49,43,6
60RF002324,126,75,51
60RF002325,57,32,25
60RF002326,79,47,32
60RF002327,57,38,19
60RF002328,120,69,51
60RF002329,44,27,17
60RF002330,183,124,59
60RF002331,117,82,35
60RF002332,84,58,26
60RF002333,197,128,69
60RF002334,56,42,14
60RF002335,95,59,36
60RF002336,106,73,33
60RF002337,47,18,29
60RF002338,43,15,28
60RF002339,86,49,37
60RF002340,70,52,18
60RF002341,132,107,25
60RF002342,75,63,12
60RF002343,74,34,40
60RF002344,111,54,57
60RF002345,81,65,16
60RF002346,90,69,21
60RF002347,65,51,14
60RF002348,134,117,17
60RF002349,91,49,42
60RF002350,94,72,22
60RF002351,50,23,27
60RF002352,47,36,11
60RF002353,85,30,55
60RF002354,102,51,51
60RF002355,59,38,21
60RF002356,71,47,24
60RF002357,82,49,33
60RF002358,155,111,44
60RF002359,156,115,41
60RF002360,70,49,21
60RF002361,77,48,29
60RF002362,49,43,6
60RF002363,46,16,30
60RF002364,105,51,54
60RF002365,43,24,19
60RF002366,151,114,37
60RF002367,70,34,36
60RF002368,52,36,16
60RF002369,93,68,25
60RF002370,168,93,75
60RF002371,80,45,35
60RF002372,126,90,36
60RF002373,99,49,50
60RF002374,82,61,21
60RF002375,114,99,15
60RF002376,103,88,15
60RF002377,88,63,25
60RF002378,115,94,21
60RF002379,69,62,7
60RF002380,134,86,48
60RF002381,77,39,38
60RF002382,73,64,9
60RF002383,123,82,41
60RF002384,95,55,40
60RF002385,56,27,29
60RF002386,72,43,29
60RF002387,67,40,27
60RF002388,100,37,63
60RF002389,100,41,59
60RF002390,44,35,9
60RF002391,60,22,38
60RF002392,98,56,42
60RF002393,97,86,11
60RF002394,116,72,44
60RF002395,132,115,17
60RF002396,44,21,23
60RF002397,95,60,35
60RF002398,112,46,66
60RF002399,58,23,35
60RF002400,76,55,21
60RF002401,53,44,9
60RF002402,71,35,36
60RF002403,70,36,34
60RF002404,64,49,15
60RF002405,302,123,179
60RF002406,90,74,16
60RF002407,78,56,22
60RF002408,53,29,24
60RF002409,14,7,7
60RF002410,55,32,23
60RF002411,113,83,30
60RF002412,45,31,14
60RF002413,179,93,86
60RF002414,190,142,48
60RF002415,110,68,42
60RF002416,48,37,11
60RF002417,120,96,24
60RF002418,103,87,16
60RF002419,106,86,20
60RF002420,138,124,14
60RF002421,97,68,29
60RF002422,76,47,29
60RF002423,95,73,22
60RF002424,120,111,9
60RF002425,122,97,25
60RF002426,49,41,8
60RF002427,88,55,33
60RF002428,70,50,20
60RF002429,110,56,54
60RF002430,128,107,21
60RF002431,156,128,28
60RF002432,138,121,17
60RF002433,127,111,16
60RF002434,91,78,13
60RF002435,92,79,13
60RF002436,90,53,37
60RF002437,93,55,38
60RF002438,105,79,26
60RF002439,135,116,19
60RF002440,139,113,26
60RF002441,55,36,19
60RF002442,118,98,20
60RF002443,84,66,18
60RF002444,29,11,18
60RG000001,95,70,25
60RG000002,60,49,11
60RG000003,72,49,23
60RG000004,44,29,15
60RG000005,74,61,13
60RG000006,86,63,23
60RG000007,124,87,37
60RG000008,65,35,30
60RG000009,67,47,20
60RG000010,61,45,16
60RG000011,156,113,43
60RG000012,104,78,26
60RG000013,83,56,27
60RG000014,82,70,12
60RG000015,58,25,33
60RG000016,72,53,19
60RG000017,132,97,35
60RG000018,100,47,53
60RG000019,93,66,27
60RG000020,92,62,30
60RG000021,69,45,24
60RG000022,70,42,28
60RG000023,99,68,31
60RG000024,96,68,28
60RG000025,119,96,23
60RG000026,95,72,23
60RG000027,135,86,49
60RG000028,56,42,14
60RG000029,91,66,25
60RG000030,119,89,30
60RG000031,103,74,29
60RG000032,74,53,21
60RG000033,123,72,51
60RG000034,124,69,55
60RG000035,86,58,28
60RG000036,69,55,14
60RG000037,58,42,16
60RG000038,60,47,13
60RG000039,66,54,12
60RG000040,113,65,48
60RG000041,71,44,27
60RG000042,89,65,24
60RG000043,93,59,34
60RG000044,70,45,25
60RG000045,111,77,34
60RG000046,133,93,40
60RG000047,91,70,21
60RG000048,102,66,36
60RG000049,45,25,20
60RG000050,51,40,11
60RG000051,65,45,20
60RG000052,131,86,45
60RG000053,90,53,37
60RG000054,112,72,40
60RG000055,107,68,39
60RG000056,40,27,13
60RG000057,59,31,28
60RG000058,107,71,36
60RG000059,170,125,45
60RG000060,70,53,17
60RG000061,152,98,54
60RG000062,101,63,38
60RG000063,101,67,34
60RG000064,69,34,35
60RG000065,166,121,45
60RG000066,95,70,25
60RG000067,143,100,43
60RG000068,112,62,50
60RG000069,121,74,47
60RG000070,92,52,40
60RG000071,132,105,27
60RG000072,102,60,42
60RG000073,89,61,28
60RG000074,104,62,42
60RG000075,132,74,58
60RG000076,105,72,33
60RG000077,51,25,26
60RG000078,110,52,58
60RG000079,90,59,31
60RG000080,110,57,53
60RG000081,83,45,38
60RG000082,92,57,35
60RG000083,132,66,66
60RG000084,78,57,21
60RG000085,89,61,28
60RG000086,68,42,26
60RG000087,51,21,30
60RG000088,35,16,19
60RG000089,70,56,14
60RG000090,116,85,31
60RG000091,86,59,27
60RG000092,89,64,25
60RG000093,73,47,26
60RG000094,75,55,20
60RG000095,82,58,24
60RG000096,76,52,24
60RG000097,106,66,40
60RG000098,76,45,31
60RG000099,107,77,30
60RG000100,113,55,58
60RG000101,128,72,56
60RG000102,93,70,23
60RG000103,85,45,40
60RG000104,125,81,44
60RG000105,103,68,35
60RG000106,75,41,34
60RG000107,94,54,40
60RG000108,87,54,33
60RG000109,78,42,36
60RG000110,110,58,52
60RG000111,86,46,40
60RG000112,123,67,56
60RG000113,112,89,23
60RG000114,103,93,10
60RG000115,67,49,18
60RG000116,83,62,21
60RG000117,63,37,26
60RG000118,82,58,24
60RG000119,76,51,25
60RG000120,121,98,23
60RG000121,158,129,29
60RG000122,63,39,24
60RG000123,72,37,35
60RG000124,91,40,51
60RG000125,139,93,46
60RG000126,100,59,41
60RG000127,144,122,22
60RG000128,63,54,9
60RG000129,57,27,30
60RG000130,114,77,37
60RG000131,92,62,30
60RG000132,91,53,38
60RG000133,101,69,32
60RG000134,76,49,27
60RG000135,89,54,35
60RG000136,105,62,43
60RG000137,72,44,28
60RG000138,66,49,17
60RG000139,133,83,50
60RG000140,101,66,35
60RG000141,127,106,21
60RG000142,53,31,22
60RG000143,63,40,23
60RG000144,91,62,29
60RG000145,86,52,34
60RG000146,88,47,41
60RG000147,83,48,35
60RG000148,88,56,32
60RG000149,83,55,28
60RG000150,90,59,31
60RG000151,162,99,63
60RG000152,94,66,28
60RG000153,56,40,16
60RG000154,134,121,13
60RG000155,146,84,62
60RG000156,140,94,46
60RG000157,104,66,38
60RG000158,103,78,25
60RG000159,88,62,26
60RG000160,83,52,31
60RG000161,83,58,25
60RG000162,92,62,30
60RG000163,12,3,9
60RG000164,51,32,19
60RG000165,47,33,14
60RG000166,51,32,19
60RG000167,37,25,12
60RG000168,67,40,27
60RG000169,61,40,21
60RG000170,88,61,27
60RG000171,72,39,33
60RG000172,63,41,22
60RG000173,119,87,32
60RG000174,95,67,28
60RG000175,109,67,42
60RG000176,89,61,28
60RG000177,106,66,40
60RG000178,71,50,21
60RG000179,99,56,43
60RG000180,126,95,31
60RG000181,129,80,49
60RG000182,85,59,26
60RG000183,92,47,45
60RG000184,70,44,26
60RG000185,143,90,53
60RG000186,116,85,31
60RG000187,80,55,25
60RG000188,89,61,28
60RG000189,97,64,33
60RG000190,95,80,15
60RG000191,63,40,23
60RG000192,73,58,15
60RG000193,89,77,12
60RG000194,65,33,32
60RG000195,136,88,48
60RG000196,102,59,43
60RG000197,93,55,38
60RG000198,62,43,19
60RG000199,98,62,36
60RG000200,70,43,27
60RG000201,64,23,41
60RG000202,74,35,39
60RG000203,79,60,19
60RG000204,55,42,13
60RG000205,85,67,18
60RG000206,74,49,25
60RG000207,98,80,18
60RG000208,120,100,20
60RG000209,44,38,6
60RG000210,67,61,6
60RG000211,80,65,15
60RG000212,39,24,15
60RG000213,127,103,24
60RG000214,85,19,66
60RG000215,77,50,27
60RG000216,70,35,35
60RG000217,69,31,38
60RG000218,99,66,33
60RG000219,67,38,29
60RG000220,114,60,54
60RG000221,90,59,31
60RG000222,91,53,38
60RG000223,71,38,33
60RG000224,84,56,28
60RG000225,53,38,15
60RG000226,86,48,38
60RG000227,96,55,41
60RG000228,85,58,27
60RG000229,75,47,28
60RG000230,75,49,26
60RG000231,98,63,35
60RG000232,60,30,30
60RG000233,46,26,20
60RG000234,45,25,20
60RG000235,81,37,44
60RG000236,45,23,22
60RG000237,86,48,38
60RG000238,82,36,46
60RG000239,60,54,6
60RG000240,79,40,39
60RG000241,44,35,9
60RG000242,155,110,45
60RG000243,135,90,45
60RG000244,88,51,37
60RG000245,56,37,19
60RG000246,52,31,21
60RG000247,68,41,27
60RG000248,56,33,23
60RG000249,105,66,39
60RG000250,69,49,20
60RG000251,97,65,32
60RG000252,100,76,24
60RG000253,65,43,22
60RG000254,75,43,32
60RG000255,77,55,22
60RG000256,65,50,15
60RG000257,74,42,32
60RG000258,113,81,32
60RG000259,92,63,29
60RG000260,140,111,29
60RG000261,168,125,43
60RG000262,132,98,34
60RG000263,96,73,23
60RG000264,79,50,29
60RG000265,66,35,31
60RG000266,57,39,18
60RG000267,47,21,26
60RG000268,82,51,31
60RG000269,48,27,21
60RG000270,111,54,57
60RG000271,107,68,39
60RG000272,76,56,20
60RG000273,72,39,33
60RG000274,77,42,35
60RG000275,66,39,27
60RG000276,100,58,42
60RG000277,45,21,24
60RG000278,80,47,33
60RG000279,69,51,18
60RG000280,67,16,51
60RG000281,118,71,47
60RG000282,70,38,32
60RG000283,96,50,46
60RG000284,63,33,30
60RG000285,111,75,36
60RG000286,70,30,40
60RG000287,86,48,38
60RG000288,72,42,30
60RG000289,78,40,38
60RG000290,109,57,52
60RG000291,126,88,38
60RG000292,97,65,32
60RG000293,139,99,40
60RG000294,77,53,24
60RG000295,59,33,26
60RG000296,55,30,25
60RG000297,100,61,39
60RG000298,54,15,39
60RG000299,68,39,29
60RG000300,124,75,49
60RG000301,161,100,61
60RG000302,88,69,19
60RG000303,129,97,32
60RG000304,90,41,49
60RG000305,85,68,17
60RG000306,104,65,39
60RG000307,79,56,23
60RG000308,144,98,46
60RG000309,155,81,74
60RG000310,110,61,49
60RG000311,88,37,51
60RG000312,126,58,68
60RG000313,96,49,47
60RG000314,78,31,47
60RG000315,97,45,52
60RG000316,56,24,32
60RG000317,123,47,76
60RG000318,84,45,39
60RG000319,124,69,55
60RG000320,90,47,43
60RG000321,71,25,46
60RG000322,76,37,39
60RG000323,69,28,41
60RG000324,75,25,50
60RG000325,64,24,40
60RG000326,100,63,37
60RG000327,93,78,15
60RG000328,97,69,28
60RG000329,87,66,21
60RG000330,74,45,29
60RG000331,101,71,30
60RG000332,87,53,34
60RG000333,102,76,26
60RG000334,158,129,29
60RG000335,144,83,61
60RG000336,118,67,51
60RG000337,99,49,50
60RG000338,64,28,36
60RG000339,121,71,50
60RG000340,83,54,29
60RG000341,28,7,21
60RG000342,70,40,30
60RG000343,66,32,34
60RG000344,80,57,23
60RG000345,98,64,34
60RG000346,64,33,31
60RG000347,93,79,14
60RG000348,47,28,19
60RG000349,75,50,25
60RG000350,76,55,21
60RG000351,61,39,22
60RG000352,48,33,15
60RG000353,99,69,30
60RG000354,108,72,36
60RG000355,43,23,20
60RG000356,70,32,38
60RG000357,109,73,36
60RG000358,69,51,18
60RG000359,84,54,30
60RG000360,110,74,36
60RG000361,54,34,20
60RG000362,49,34,15
60RG000363,84,51,33
60RG000364,79,39,40
60RG000365,50,27,23
60RG000366,83,55,28
60RG000367,76,41,35
60RG000368,117,64,53
60RG000369,66,40,26
60RG000370,116,68,48
60RG000371,114,61,53
60RG000372,87,40,47
60RG000373,102,61,41
60RG000374,66,38,28
60RG000375,122,97,25
60RG000376,100,69,31
60RG000377,148,102,46
60RG000378,126,93,33
60RG000379,126,93,33
60RG000380,100,69,31
60RG000381,47,34,13
60RG000382,110,73,37
60RG000383,105,68,37
60RG000384,75,52,23
60RG000385,68,36,32
60RG000386,50,21,29
60RG000387,125,72,53
60RG000388,102,55,47
60RG000389,135,103,32
60RG000390,123,84,39
60RG000391,77,46,31
60RG000392,99,63,36
60RG000393,126,81,45
60RG000394,135,74,61
60RG000395,69,34,35
60RG000396,66,34,32
60RG000397,71,34,37
60RG000398,130,62,68
60RG000399,124,80,44
60RG000400,90,62,28
60RG000401,98,52,46
60RG000402,76,47,29
60RG000403,91,54,37
60RG000404,88,50,38
60RG000405,92,53,39
60RG000406,92,53,39
60RG000407,112,69,43
60RG000408,103,79,24
60RG000409,117,81,36
60RG000410,137,113,24
60RG000411,54,36,18
60RG000412,88,59,29
60RG000413,103,81,22
60RG000414,112,81,31
60RG000415,77,50,27
60RG000416,94,60,34
60RG000417,49,33,16
60RG000418,64,40,24
60RG000419,71,42,29
60RG000420,142,105,37
60RG000421,143,101,42
60RG000422,123,99,24
60RG000423,100,80,20
60RG000424,118,94,24
60RG000425,88,54,34
60RG000426,94,61,33
60RG000427,87,62,25
60RG000428,130,72,58
60RG000429,100,66,34
60RG000430,81,54,27
60RG000431,64,46,18
60RG000432,58,47,11
60RG000433,77,56,21
60RG000434,79,57,22
60RG000435,45,31,14
60RG000436,41,19,22
60RG000437,77,57,20
60RG000438,94,56,38
60RG000439,49,28,21
60RG000440,107,72,35
60RG000441,73,47,26
60RG000442,114,73,41
60RG000443,174,127,47
60RG000444,86,57,29
60RG000445,111,74,37
60RG000446,80,43,37
60RG000447,158,134,24
60RG000448,140,110,30
60RG000449,104,52,52
60RG000450,115,62,53
60RG000451,60,38,22
60RG000452,120,72,48
60RG000453,67,48,19
60RG000454,105,77,28
60RG000455,81,59,22
60RG000456,114,72,42
60RG000457,132,87,45
60RG000458,95,61,34
60RG000459,106,81,25
60RG000460,88,56,32
60RG000461,185,93,92
60RG000462,99,71,28
60RG000463,140,109,31
60RG000464,116,68,48
60RG000465,80,62,18
60RG000466,124,92,32
60RG000467,87,66,21
60RG000468,86,53,33
60RG000469,115,90,25
60RG000470,71,53,18
60RG000471,116,70,46
60RG000472,109,66,43
60RG000473,105,68,37
60RG000474,107,77,30
60RG000475,62,50,12
60RG000476,109,76,33
60RG000477,113,80,33
60RG000478,121,89,32
60RG000479,119,91,28
60RG000480,62,41,21
60RG000481,49,34,15
60RG000482,108,89,19
60RG000483,127,84,43
60RG000484,86,47,39
60RG000485,82,53,29
60RG000486,120,93,27
60RG000487,129,84,45
60RG000488,50,34,16
60RG000489,77,56,21
60RG000490,59,43,16
60RG000491,56,45,11
60RG000492,62,50,12
60RG000493,86,54,32
60RG000494,81,66,15
60RG000495,77,51,26
60RG000496,104,78,26
60RG000497,73,54,19
60RG000498,68,51,17
60RG000499,95,56,39
60RG000500,95,68,27
60RG000501,92,56,36
60RG000502,83,47,36
60RG000503,31,19,12
60RG000504,59,43,16
60RG000505,50,38,12
60RG000506,89,68,21
60RG000507,142,116,26
60RG000508,113,71,42
60RG000509,61,46,15
60RG000510,50,35,15
60RG000511,60,33,27
60RG000512,49,30,19
60RG000513,90,71,19
60RG000514,110,72,38
60RG000515,143,118,25
60RG000516,52,35,17
60RG000517,64,52,12
60RG000518,92,72,20
60RG000519,73,48,25
60RG000520,51,27,24
60RG000521,83,46,37
60RG000522,108,90,18
60RG000523,117,86,31
60RG000524,155,97,58
60RG000525,83,44,39
60RG000526,85,60,25
60RG000527,106,69,37
60RG000528,41,29,12
60RG000529,97,83,14
60RG000530,41,23,18
60RG000531,93,70,23
60RG000532,131,88,43
60RG000533,48,33,15
60RG000534,72,25,47
60RG000535,77,44,33
60RG000536,68,39,29
60RG000537,56,23,33
60RG000538,56,38,18
60RG000539,90,59,31
60RG000540,110,90,20
60RG000541,41,27,14
60RG000542,43,29,14
60RG000543,38,27,11
60RG000544,54,37,17
60RG000545,103,78,25
60RG000546,47,40,7
60RG000547,64,39,25
60RG000548,177,130,47
60RG000549,59,36,23
60RG000550,77,40,37
60RG000551,78,52,26
60RG000552,113,79,34
60RG000553,58,46,12
60RG000554,111,80,31
60RG000555,40,33,7
60RG000556,77,65,12
60RG000557,71,50,21
60RG000558,112,73,39
60RG000559,51,30,21
60RG000560,103,70,33
60RG000561,58,48,10
60RG000562,108,83,25
60RG000563,55,35,20
60RG000564,107,76,31
60RG000565,59,35,24
60RG000566,74,38,36
60RG000567,208,146,62
60RG000568,150,114,36
60RG000569,55,36,19
60RG000570,119,86,33
60RG000571,60,42,18
60RG000572,84,57,27
60RG000573,102,75,27
60RG000574,94,65,29
60RG000575,52,35,17
60RG000576,132,97,35
60RG000577,94,69,25
60RG000578,99,66,33
60RG000579,103,84,19
60RG000580,107,72,35
60RG000581,81,47,34
60RG000582,65,43,22
60RG000583,104,80,24
60RG000584,74,55,19
60RG000585,95,63,32
60RG000586,83,66,17
60RG000587,79,57,22
60RG000588,58,31,27
60RG000589,57,41,16
60RG000590,136,97,39
60RG000591,57,47,10
60RG000592,44,26,18
60RG000593,41,28,13
60RG000594,128,91,37
60RG000595,99,68,31
60RG000596,108,96,12
60RG000597,54,37,17
60RG000598,197,166,31
60RG000599,132,103,29
60RG000600,56,34,22
60RG000601,169,33,136
60RG000602,63,49,14
60RG000603,88,59,29
60RG000604,205,70,135
60RG000605,97,79,18
60RG000606,58,49,9
60RG000607,70,58,12
60RG000608,86,79,7
60RG000609,79,69,10
60RG000610,88,44,44
60RG000611,92,42,50
60RG000612,57,36,21
60RG000613,111,61,50
60RG000614,76,65,11
60RG000615,118,94,24
60RG000616,89,48,41
60RG000617,61,24,37
60RG000618,55,41,14
60RG000619,95,56,39
60RG000620,104,85,19
60RG000621,113,90,23
60RG000622,75,59,16
60RG000623,110,95,15
60RG000624,116,96,20
60RG000625,136,107,29
60RG000626,125,84,41
60RG000627,101,74,27
60RG000628,127,66,61
60RG000629,94,68,26
60RG000630,115,57,58
60RG000631,159,81,78
60RG000632,57,51,6
60RG000633,77,54,23
60RG000634,44,34,10
60RG000635,72,25,47
60RG000636,92,67,25
60RG000637,74,55,19
60RG000638,71,52,19
60RG000639,93,43,50
60RG000640,49,33,16
60RG000641,67,36,31
60RG000642,69,53,16
60RG000643,63,40,23
60RG000644,53,41,12
60RG000645,70,58,12
60RG000646,85,72,13
60RG000647,287,119,168
60RG000648,80,50,30
60RG000649,84,67,17
60RG000650,68,44,24
60RG000651,133,97,36
60RG000652,215,103,112
60RG000653,46,35,11
60RG000654,145,93,52
60RG000655,123,91,32
60RG000656,122,102,20
60RG000657,113,75,38
60RG000658,90,56,34
60RG000659,61,44,17
60RG000660,38,8,30
60RG000661,73,54,19
60RG000662,75,54,21
60RG000663,56,39,17
60RG000664,42,24,18
60RG000665,177,112,65
60RG000666,59,37,22
60RG000667,65,45,20
60RG000668,134,99,35
60RG000669,90,56,34
60RG000670,56,46,10
60RG000671,69,58,11
60RG000672,63,42,21
60RG000673,46,30,16
60RG000674,95,60,35
60RG000675,62,37,25
60RG000676,59,46,13
60RG000677,86,48,38
60RG000678,93,56,37
60RG000679,36,20,16
60RG000680,105,59,46
60RG000681,110,71,39
60RG000682,92,51,41
60RG000683,66,48,18
60RG000684,63,42,21
60RG000685,81,60,21
60RG000686,76,44,32
60RG000687,94,76,18
60RG000688,134,125,9
60RG000689,48,42,6
60RG000690,59,44,15
60RG000691,79,55,24
60RG000692,397,128,269
60RG000693,474,179,295
60RG000694,569,229,340
60QG000001,43,36,7
60QG000002,122,79,43
60QG000003,70,53,17
60QG000004,118,95,23
60QG000005,78,49,29
60QG000006,100,76,24
60QG000007,105,65,40
60QG000008,53,30,23
60QG000009,88,55,33
60QG000010,92,60,32
60QG000011,81,56,25
60QG000012,109,77,32
60QG000013,70,25,45
60QG000014,106,52,54
60QG000015,68,38,30
60QG000016,33,17,16
60QG000017,71,34,37
60QG000018,92,40,52
60QG000019,75,36,39
60QG000020,99,61,38
60QG000021,39,19,20
60QG000022,73,40,33
60QG000023,60,32,28
60QG000024,88,43,45
60QG000025,75,45,30
60QG000026,76,28,48
60QG000027,60,30,30
60QG000028,59,35,24
60QG000029,47,27,20
60QG000030,64,28,36
60QG000031,88,52,36
60QG000032,76,45,31
60QG000033,135,81,54
60QG000034,117,66,51
60QG000035,109,54,55
60QG000036,137,82,55
60QG000037,51,31,20
60QG000038,127,97,30
60QG000039,121,94,27
60QG000040,98,63,35
60QG000041,121,85,36
60QG000042,116,86,30
60QG000043,84,53,31
60QG000044,94,56,38
60QG000045,103,68,35
60QG000046,95,63,32
60QG000047,94,69,25
60QG000048,82,56,26
60QG000049,97,65,32
60QG000050,139,108,31
60QG000051,86,52,34
60QG000052,103,56,47
60QG000053,195,143,52
60QG000054,74,38,36
60QG000055,47,23,24
60QG000056,77,37,40
60QG000057,77,27,50
60QG000058,144,109,35
60QG000059,79,32,47
60QG000060,64,52,12
60QG000061,17,3,14
60QG000062,62,47,15
60QG000063,77,57,20
60QG000064,95,78,17
60QG000065,91,67,24
60QG000066,117,92,25
60QG000067,123,86,37
60QG000068,59,22,37
60QG000069,33,24,9
60QG000070,67,30,37
60QG000071,66,27,39
60QG000072,114,55,59
60QG000073,49,26,23
60QG000074,110,93,17
60QG000075,72,43,29
60QG000076,121,109,12
60QG000077,71,66,5
60QG000078,62,27,35
60QG000079,71,31,40
60QG000080,89,33,56
60QG000081,56,22,34
60QG000082,38,19,19
60QG000083,56,31,25
60QG000084,53,24,29
60QG000085,150,85,65
60QG000086,115,60,55
60QG000087,122,53,69
60QG000088,146,113,33
60QG000089,115,61,54
60QG000090,121,70,51
60QG000091,61,41,20
60QG000092,50,24,26
60QG000093,78,35,43
60QG000094,68,30,38
60QG000095,78,52,26
60QG000096,55,28,27
60QG000097,74,33,41
60QG000098,64,48,16
60QG000099,99,59,40
60QG000100,129,108,21
60QG000101,74,45,29
60QG000102,183,163,20
60QG000103,71,60,11
60QG000104,100,82,18
60QG000105,91,44,47
60QG000106,101,67,34
60QG000107,117,75,42
60QG000108,61,43,18
60QG000109,126,93,33
60QG000110,101,65,36
60QG000111,132,99,33
60QG000112,81,48,33
60QG000113,95,83,12
60QG000114,111,90,21
60QG000115,87,66,21
60QG000116,68,53,15
60QG000117,100,81,19
60QG000118,99,59,40
60QG000119,86,59,27
60QG000120,138,89,49
60QG000121,122,84,38
60QG000122,124,77,47
60QG000123,125,74,51
60QG000124,137,91,46
60QG000125,135,84,51
60QG000126,91,64,27
60QG000127,63,40,23
60QG000128,59,42,17
60QG000129,113,63,50
60QG000130,96,53,43
60QG000131,128,85,43
60QG000132,121,80,41
60QG000133,74,48,26
60QG000134,63,38,25
60QG000135,81,43,38
60QG000136,81,40,41
60QG000137,120,88,32
60QG000138,102,73,29
60QG000139,119,81,38
60QG000140,106,73,33
60QG000141,106,78,28
60QG000142,69,39,30
60QG000143,106,87,19
60QG000144,61,21,40
60QG000145,91,66,25
60QG000146,103,65,38
60QG000147,101,60,41
60QG000148,87,47,40
60QG000149,66,27,39
60QG000150,82,47,35
60QG000151,74,31,43
60QG000152,157,76,81
60QG000153,130,65,65
60QG000154,95,60,35
60QG000155,155,110,45
60QG000156,81,63,18
60QG000157,108,76,32
60QG000158,62,49,13
60QG000159,113,87,26
60QG000160,66,45,21
60QG000161,54,33,21
60QG000162,53,48,5
60QG000163,68,60,8
60QG000164,88,70,18
60QG000165,17,2,15
60QG000166,97,48,49
60QG000167,40,16,24
60QG000168,99,64,35
60QG000169,84,71,13
60QG000170,93,71,22
60QG000171,85,43,42
60QG000172,50,24,26
60QG000173,86,66,20
60QG000174,63,40,23
60QG000175,103,76,27
60QG000176,80,50,30
60QG000177,125,93,32
60QG000178,102,75,27
60QG000179,53,23,30
60QG000180,115,97,18
60QG000181,87,49,38
60QG000182,99,80,19
60QG000183,66,29,37
60QG000184,78,57,21
60QG000185,107,92,15
60QG000186,87,39,48
60QG000187,72,29,43
60QG000188,71,44,27
60QG000189,91,49,42
60QG000190,66,36,30
60QG000191,101,41,60
60QG000192,58,31,27
60QG000193,80,33,47
60QG000194,75,34,41
60QG000195,114,67,47
60QG000196,84,56,28
60QG000197,58,41,17
60QG000198,121,86,35
60QG000199,51,26,25
60QG000200,119,81,38
60QG000201,82,60,22
60QG000202,82,44,38
60QG000203,104,57,47
60QG000204,85,59,26
60QG000205,117,63,54
60QG000206,114,75,39
60QG000207,73,16,57
60QG000208,90,55,35
60QG000209,108,53,55
60QG000210,87,61,26
60QG000211,73,62,11
60QG000212,114,92,22
60QG000213,90,77,13
60QG000214,54,31,23
60QG000215,73,51,22
60QG000216,64,23,41
60QG000217,98,59,39
60QG000218,170,137,33
60QG000219,164,142,22
60QG000220,119,78,41
60QG000221,103,68,35
60QG000222,88,66,22
60QG000223,90,58,32
60QG000224,46,32,14
60QG000225,39,22,17
60QG000226,84,62,22
60QG000227,55,37,18
60QG000228,147,84,63
60QG000229,88,59,29
60QG000230,106,62,44
60QG000231,110,70,40
60QG000232,62,34,28
60QG000233,73,43,30
60QG000234,78,53,25
60QG000235,88,53,35
60QG000236,87,48,39
60QG000237,62,35,27
60QG000238,48,28,20
60QG000239,110,65,45
60QG000240,73,41,32
60QG000241,99,50,49
60QG000242,108,59,49
60QG000243,143,83,60
60QG000244,86,55,31
60QG000245,85,44,41
60QG000246,79,40,39
60QG000247,136,91,45
60QG000248,82,44,38
60QG000249,96,67,29
60QG000250,60,35,25
60QG000251,96,54,42
60QG000252,67,48,19
60QG000253,61,46,15
60QG000254,174,145,29
60QG000255,62,17,45
60QG000256,87,74,13
60QG000257,77,46,31
60QG000258,60,22,38
60QG000259,52,16,36
60QG000260,143,88,55
60QG000261,109,81,28
60QG000262,82,37,45
60QG000263,110,47,63
60QG000264,56,29,27
60QG000265,63,31,32
60QG000266,94,41,53
60QG000267,88,46,42
60QG000268,71,24,47
60QG000269,53,27,26
60QG000270,48,22,26
60QG000271,67,37,30
60QG000272,121,65,56
60QG000273,102,50,52
60QG000274,116,71,45
60QG000275,69,40,29
60QG000276,78,48,30
60QG000277,118,75,43
60QG000278,68,40,28
60QG000279,127,75,52
60QG000280,128,91,37
60QG000281,52,33,19
60QG000282,127,77,50
60QG000283,81,44,37
60QG000284,92,46,46
60QG000285,97,46,51
60QG000286,65,36,29
60QG000287,120,73,47
60QG000288,88,48,40
60QG000289,56,30,26
60QG000290,71,52,19
60QG000291,99,92,7
60QG000292,81,60,21
60QG000293,102,80,22
60QG000294,97,69,28
60QG000295,70,38,32
60QG000296,90,75,15
60QG000297,30,15,15
60QG000298,57,45,12
60QG000299,48,27,21
60QG000300,88,62,26
60QG000301,66,48,18
60QG000302,63,58,5
60QG000303,64,45,19
60QG000304,77,50,27
60QG000305,78,61,17
60QG000306,62,42,20
60QG000307,72,58,14
60QG000308,70,53,17
60QG000309,78,63,15
60QG000310,72,50,22
60QG000311,81,65,16
60QG000312,56,42,14
60QG000313,105,70,35
60QG000314,68,60,8
60QG000315,70,55,15
60QG000316,78,43,35
60QG000317,76,43,33
60QG000318,44,30,14
60QG000319,49,25,24
60QG000320,43,27,16
60QG000321,68,49,19
60QG000322,61,28,33
60QG000323,91,67,24
60QG000324,83,62,21
60QG000325,77,22,55
60QG000326,50,21,29
60QG000327,93,77,16
60QG000328,73,46,27
60QG000329,131,100,31
60QG000330,54,20,34
60QG000331,58,48,10
60QG000332,56,39,17
60QG000333,54,37,17
60QG000334,58,33,25
60QG000335,83,54,29
60QG000336,103,72,31
60QG000337,83,60,23
60QG000338,77,43,34
60QG000339,52,29,23
60QG000340,49,30,19
60QG000341,82,48,34
60QG000342,85,67,18
60QG000343,56,45,11
60QG000344,94,81,13
60QG000345,78,55,23
60QG000346,63,44,19
60QG000347,94,59,35
60QG000348,173,124,49
60QG000349,79,38,41
60QG000350,98,52,46
60QG000351,59,30,29
60QG000352,88,43,45
60QG000353,64,31,33
60QG000354,79,37,42
60QG000355,76,36,40
60QG000356,60,54,6
60QG000357,153,109,44
60QG000358,232,192,40
60QG000359,111,83,28
60QG000360,74,49,25
60QG000361,72,52,20
60QG000362,146,98,48
60QG000363,75,64,11
60QG000364,68,56,12
60QG000365,175,147,28
60QG000366,63,44,19
60QG000367,144,88,56
60QG000368,69,59,10
60QG000369,107,87,20
60QG000370,73,59,14
60QG000371,65,56,9
60QG000372,118,77,41
60QG000373,88,61,27
60QG000374,97,66,31
60QG000375,128,80,48
60QG000376,131,77,54
60QG000377,109,79,30
60QG000378,83,68,15
60QG000379,117,93,24
60QG000380,75,57,18
60QG000381,86,65,21
60QG000382,82,46,36
60QG000383,135,113,22
60QG000384,95,80,15
60QG000385,90,66,24
60QG000386,71,45,26
60QG000387,47,22,25
60QG000388,51,22,29
60QG000389,118,55,63
60QG000390,96,54,42
60QG000391,64,33,31
60QG000392,102,85,17
60QG000393,91,74,17
60QG000394,79,37,42
60QG000395,89,46,43
60QG000396,127,95,32
60QG000397,100,79,21
60QG000398,91,54,37
60QG000399,71,59,12
60QG000400,65,55,10
60QG000401,132,115,17
60QG000402,111,97,14
60QG000403,93,60,33
60QG000404,63,44,19
60QG000405,107,62,45
60QG000406,87,40,47
60QG000407,65,30,35
60QG000408,58,36,22
60QG000409,77,61,16
60QG000410,96,64,32
60QG000411,64,37,27
60QG000412,121,91,30
60QG000413,65,36,29
60QG000414,57,48,9
60QG000415,71,38,33
60QG000416,49,25,24
60QG000417,69,30,39
60QG000418,53,28,25
60QG000419,103,59,44
60QG000420,72,45,27
60QG000421,64,44,20
60QG000422,140,101,39
60QG000423,37,23,14
60QG000424,65,36,29
60QG000425,59,39,20
60QG000426,126,84,42
60QG000427,117,84,33
60QG000428,53,27,26
60QG000429,40,24,16
60QG000430,45,28,17
60QG000431,83,50,33
60QG000432,49,29,20
60QG000433,93,53,40
60QG000434,74,41,33
60QG000435,69,41,28
60QG000436,111,63,48
60QG000437,143,81,62
60QG000438,93,39,54
60QG000439,139,76,63
60QG000440,107,53,54
60QG000441,58,23,35
60QG000442,40,26,14
60QG000443,126,84,42
60QG000444,83,51,32
60QG000445,98,57,41
60QG000446,124,77,47
60QG000447,103,61,42
60QG000448,86,52,34
60QG000449,55,23,32
60QG000450,146,92,54
60QG000451,125,80,45
60QG000452,152,87,65
60QG000453,142,73,69
60QG000454,72,37,35
60QG000455,100,57,43
60QG000456,86,55,31
60QG000457,93,49,44
60QG000458,111,58,53
60QG000459,84,58,26
60QG000460,52,30,22
60QG000461,110,62,48
60QG000462,68,34,34
60QG000463,94,59,35
60QG000464,91,60,31
60QG000465,54,37,17
60QG000466,61,35,26
60QG000467,37,22,15
60QG000468,92,54,38
60QG000469,107,65,42
60QG000470,69,36,33
60QG000471,76,43,33
60QG000472,62,36,26
60QG000473,64,45,19
60QG000474,70,40,30
60QG000475,67,46,21
60QG000476,99,54,45
60QG000477,82,44,38
60QG000478,42,10,32
60QG000479,51,21,30
60QG000480,52,19,33
60QG000481,46,18,28
60QG000482,77,38,39
60QG000483,99,67,32
60QG000484,98,59,39
60QG000485,50,16,34
60QG000486,100,57,43
60QG000487,101,50,51
60QG000488,86,47,39
60QG000489,121,80,41
60QG000490,74,42,32
60QG000491,47,22,25
60QG000492,119,63,56
60QG000493,55,12,43
60QG000494,60,20,40
60QG000495,65,17,48
60QG000496,137,71,66
60QG000497,47,11,36
60QG000498,63,19,44
60QG000499,66,16,50
60QG000500,50,13,37
60QG000501,39,10,29
60QG000502,75,41,34
60QG000503,76,47,29
60QG000504,52,36,16
60QG000505,129,77,52
60QG000506,53,35,18
60QG000507,56,43,13
60QG000508,97,59,38
60QG000509,59,50,9
60QG000510,91,54,37
60QG000511,92,47,45
60QG000512,75,37,38
60QG000513,72,47,25
60QG000514,117,62,55
60QG000515,93,57,36
60QG000516,101,58,43
60QG000517,152,100,52
60QG000518,128,77,51
60QG000519,105,72,33
60QG000520,75,32,43
60QG000521,77,43,34
60QG000522,108,73,35
60QG000523,57,33,24
60QG000524,65,35,30
60QG000525,65,32,33
60QG000526,75,39,36
60QG000527,104,54,50
60QG000528,80,46,34
60QG000529,79,47,32
60QG000530,74,36,38
60QG000531,71,35,36
60QG000532,83,47,36
60QG000533,138,66,72
60QG000534,123,68,55
60QG000535,98,49,49
60QG000536,89,44,45
60QG000537,73,36,37
60QG000538,78,50,28
60QG000539,142,95,47
60QG000540,109,58,51
60QG000541,123,54,69
60QG000542,108,60,48
60QG000543,60,32,28
60QG000544,75,42,33
60QG000545,81,50,31
60QG000546,78,38,40
60QG000547,71,30,41
60QG000548,98,68,30
60QG000549,51,20,31
60QG000550,34,15,19
60QG000551,70,44,26
60QG000552,64,22,42
60QG000553,129,76,53
60QG000554,59,33,26
60QG000555,111,61,50
60QG000556,79,43,36
60QG000557,119,73,46
60QG000558,55,19,36
60QG000559,87,48,39
60QG000560,113,70,43
60QG000561,76,37,39
60QG000562,90,34,56
60QG000563,82,53,29
60QG000564,98,66,32
60QG000565,68,46,22
60QG000566,47,30,17
60QG000567,66,44,22
60QG000568,84,51,33
60QG000569,62,34,28
60QG000570,76,35,41
60QG000571,72,45,27
60QG000572,51,17,34
60QG000573,105,49,56
60QG000574,91,50,41
60QG000575,79,38,41
60QG000576,50,25,25
60QG000577,95,61,34
60QG000578,80,58,22
60QG000579,94,53,41
60QG000580,119,74,45
60QG000581,46,27,19
60QG000582,74,35,39
60QG000583,77,43,34
60QG000584,54,32,22
60QG000585,89,41,48
60QG000586,113,80,33
60QG000587,41,29,12
60QG000588,122,85,37
60QG000589,80,45,35
60QG000590,150,127,23
60QG000591,115,55,60
60QG000592,117,67,50
60QG000593,63,37,26
60QG000594,52,29,23
60QG000595,74,35,39
60QG000596,77,43,34
60QG000597,107,49,58
60QG000598,89,71,18
60QG000599,94,64,30
60QG000600,118,96,22
60QG000601,110,71,39
60QG000602,90,57,33
60QG000603,165,91,74
60QG000604,72,37,35
60QG000605,130,88,42
60QG000606,92,57,35
60QG000607,68,39,29
60QG000608,105,81,24
60QG000609,135,112,23
60QG000610,129,93,36
60QG000611,125,102,23
60QG000612,92,69,23
60QG000613,121,101,20
60QG000614,55,38,17
60QG000615,73,57,16
60QG000616,102,74,28
60QG000617,93,71,22
60QG000618,99,74,25
60QG000619,85,60,25
60QG000620,56,33,23
60QG000621,58,38,20
60QG000622,147,115,32
60QG000623,93,74,19
60QG000624,95,77,18
60QG000625,68,40,28
60QG000626,86,65,21
60QG000627,68,54,14
60QG000628,70,52,18
60QG000629,154,97,57
60QG000630,102,62,40
60QG000631,85,54,31
60QG000632,123,69,54
60QG000633,83,52,31
60QG000634,40,27,13
60QG000635,57,30,27
60QG000636,64,42,22
60QG000637,95,57,38
60QG000638,118,75,43
60QG000639,106,79,27
60QG000640,70,41,29
60QG000641,137,105,32
60QG000642,100,64,36
60QG000643,122,79,43
60QG000644,91,48,43
60QG000645,60,33,27
60QG000646,95,37,58
60QG000647,57,30,27
60QG000648,66,34,32
60QG000649,97,37,60
60QG000650,80,42,38
60QG000651,123,75,48
60QG000652,40,19,21
60QG000653,59,28,31
60QG000654,51,29,22
60QG000655,52,27,25
60QG000656,74,39,35
60QG000657,69,42,27
60QG000658,70,45,25
60QG000659,86,55,31
60QG000660,44,28,16
60QG000661,116,69,47
60QG000662,75,43,32
60QG000663,66,44,22
60QG000664,39,27,12
60QG000665,101,64,37
60QG000666,94,54,40
60QG000667,82,60,22
60QG000668,122,100,22
60QG000669,57,33,24
60QG000670,50,38,12
60QG000671,87,35,52
60QG000672,62,45,17
60QG000673,89,61,28
60QG000674,132,78,54
60QG000675,92,72,20
60QG000676,99,73,26
60QG000677,86,59,27
60QG000678,72,51,21
60QG000679,78,38,40
60QG000680,61,44,17
60QG000681,66,38,28
60QG000682,53,33,20
60QG000683,45,27,18
60QG000684,42,23,19
60QG000685,60,33,27
60QG000686,93,54,39
60QG000687,48,27,21
60QG000688,60,39,21
60QG000689,42,35,7
60QG000690,47,37,10
60QG000691,96,64,32
60QG000692,113,95,18
60QG000693,84,72,12
60QG000694,70,45,25
60QG000695,62,48,14
60QG000696,62,43,19
60QG000697,76,42,34
60QG000698,100,63,37
60QG000699,51,25,26
60QG000700,120,81,39
60QG000701,57,42,15
60QG000702,89,70,19
60QG000703,75,55,20
60QG000704,91,62,29
60QG000705,36,17,19
60QG000706,86,50,36
60QG000707,77,47,30
60QG000708,45,21,24
60QG000709,40,14,26
60QG000710,36,7,29
60QG000711,47,24,23
60QG000712,44,15,29
60QG000713,32,10,22
60QG000714,39,15,24
60QG000715,50,16,34
60QG000716,41,29,12
60QG000717,71,57,14
60QG000718,90,70,20
60QG000719,50,47,3
60QG000720,188,164,24
60QG000721,81,77,4
60QG000722,89,77,12
60QG000723,77,56,21
60QG000724,99,79,20
60QG000725,72,67,5
60QG000726,82,74,8
60QG000727,122,102,20
60QG000728,65,57,8
60QG000729,58,41,17
60QG000730,49,18,31
60QG000731,52,21,31
60QG000732,78,32,46
60QG000733,129,108,21
60QG000734,72,35,37
60QG000735,54,28,26
60QG000736,73,43,30
60QG000737,55,28,27
60QG000738,61,35,26
60QG000739,112,66,46
60QG000740,127,62,65
60QG000741,76,37,39
60QG000742,119,71,48
60QG000743,48,31,17
60QG000744,93,54,39
60QG000745,60,40,20
60QG000746,160,110,50
60QG000747,95,69,26
60QG000748,111,85,26
60QG000749,158,115,43
60QG000750,45,20,25
60QG000751,88,46,42
60QG000752,50,36,14
60QG000753,89,62,27
60QG000754,77,59,18
60QG000755,89,55,34
60QG000756,58,26,32
60QG000757,51,30,21
60QG000758,58,29,29
60QG000759,71,44,27
60QG000760,61,36,25
60QG000761,74,40,34
60QG000762,115,105,10
60QG000763,45,40,5
60QG000764,110,96,14
60QG000765,50,20,30
60QG000766,61,37,24
60QG000767,51,24,27
60QG000768,60,41,19
60QG000769,62,32,30
60QG000770,52,21,31
60QG000771,80,63,17
60QG000772,122,99,23
60QG000773,139,100,39
60QG000774,62,52,10
60QG000775,56,32,24
60QG000776,79,53,26
60QG000777,84,39,45
60QG000778,54,28,26
60QG000779,66,39,27
60QG000780,59,40,19
60QG000781,45,28,17
60QG000782,111,67,44
60QG000783,77,46,31
60QG000784,75,54,21
60QG000785,83,62,21
60QG000786,49,34,15
60QG000787,151,122,29
60QG000788,103,88,15
60QG000789,100,88,12
60QG000790,83,63,20
60QG000791,88,78,10
60QG000792,109,78,31
60QG000793,78,58,20
60QG000794,124,107,17
60QG000795,58,36,22
60QG000796,130,107,23
60QG000797,76,68,8
60QG000798,57,46,11
60QG000799,100,72,28
60QG000800,66,36,30
60QG000801,105,83,22
60RH000001,118,71,47
60RH000002,56,48,8
60RH000003,84,69,15
60RH000004,115,80,35
60RH000005,38,29,9
60RH000006,130,78,52
60RH000007,107,80,27
60RH000008,150,122,28
60RH000009,50,39,11
60RH000010,79,49,30
60RH000011,55,42,13
60RH000012,47,39,8
60RH000013,61,46,15
60RH000014,64,54,10
60RH000015,113,73,40
60RH000016,53,41,12
60RH000017,77,55,22
60RH000018,62,49,13
60RH000019,57,42,15
60RH000020,53,38,15
60RH000021,51,40,11
60RH000022,77,54,23
60RH000023,65,52,13
60RH000024,35,17,18
60RH000025,117,86,31
60RH000026,168,93,75
60RH000027,58,48,10
60RH000028,54,30,24
60RH000029,140,99,41
60RH000030,84,62,22
60RH000031,160,114,46
60RH000032,57,36,21
60RH000033,45,35,10
60RH000034,71,54,17
60RH000035,86,55,31
60RH000036,132,87,45
60RH000037,79,52,27
60RH000038,116,68,48
60RH000039,103,64,39
60RH000040,94,61,33
60RH000041,96,63,33
60RH000042,114,75,39
60RH000043,73,49,24
60RH000044,110,68,42
60RH000045,89,64,25
60RH000046,124,76,48
60RH000047,89,43,46
60RH000048,64,28,36
60RH000049,51,27,24
60RH000050,82,60,22
60RH000051,99,75,24
60RH000052,86,53,33
60RH000053,97,51,46
60RH000054,86,49,37
60RH000055,74,43,31
60RH000056,68,50,18
60RH000057,130,70,60
60RH000058,96,48,48
60RH000059,110,61,49
60RH000060,86,49,37
60RH000061,86,45,41
60RH000062,52,25,27
60RH000063,82,49,33
60RH000064,85,44,41
60RH000065,116,81,35
60RH000066,84,48,36
60RH000067,111,67,44
60RH000068,96,55,41
60RH000069,103,53,50
60RH000070,112,64,48
60RH000071,114,66,48
60RH000072,111,70,41
60RH000073,104,58,46
60RH000074,122,79,43
60RH000075,134,88,46
60RH000076,53,43,10
60RH000077,131,80,51
60RH000078,112,85,27
60RH000079,116,79,37
60RH000080,131,92,39
60RH000081,64,36,28
60RH000082,102,64,38
60RH000083,85,44,41
60RH000084,74,44,30
60RH000085,76,44,32
60RH000086,142,98,44
60RH000087,93,76,17
60RH000088,120,60,60
60RH000089,102,73,29
60RH000090,87,51,36
60RH000091,80,40,40
60RH000092,103,74,29
60RH000093,109,65,44
60RH000094,98,62,36
60RH000095,63,45,18
60RH000096,112,87,25
60RH000097,125,101,24
60RH000098,37,20,17
60RH000099,130,111,19
60RH000100,100,73,27
60RH000101,93,67,26
60RH000102,60,33,27
60RH000103,88,57,31
60RH000104,116,88,28
60RH000105,114,75,39
60RH000106,132,91,41
60RH000107,128,102,26
60RH000108,152,113,39
60RH000109,76,42,34
60RH000110,85,50,35
60RH000111,139,103,36
60RH000112,103,66,37
60RH000113,102,39,63
60RH000114,84,43,41
60RH000115,88,58,30
60RH000116,73,30,43
60RH000117,66,40,26
60RH000118,79,47,32
60RH000119,87,52,35
60RH000120,103,59,44
60RH000121,127,79,48
60RH000122,117,94,23
60RH000123,78,45,33
60RH000124,77,41,36
60RH000125,61,42,19
60RH000126,125,107,18
60RH000127,135,117,18
60RH000128,113,94,19
60RH000129,135,118,17
60RH000130,129,112,17
60RH000131,148,135,13
60RH000132,90,56,34
60RH000133,80,49,31
60RH000134,72,42,30
60RH000135,86,58,28
60RH000136,76,41,35
60RH000137,76,44,32
60RH000138,78,44,34
60RH000139,59,38,21
60RH000140,70,37,33
60RH000141,106,66,40
60RH000142,109,67,42
60RH000143,109,70,39
60RH000144,117,75,42
60RH000145,92,49,43
60RH000146,69,42,27
60RH000147,68,46,22
60RH000148,118,54,64
60RH000149,99,62,37
60RH000150,84,42,42
60RH000151,84,55,29
60RH000152,97,59,38
60RH000153,94,55,39
60RH000154,81,47,34
60RH000155,93,62,31
60RH000156,41,22,19
60RH000157,61,44,17
60RH000158,82,31,51
60RH000159,88,45,43
60RH000160,133,72,61
60RH000161,94,47,47
60RH000162,92,59,33
60RH000163,117,78,39
60RH000164,107,53,54
60RH000165,80,60,20
60RH000166,78,55,23
60RH000167,99,64,35
60RH000168,78,45,33
60RH000169,82,54,28
60RH000170,79,42,37
60RH000171,81,48,33
60RH000172,102,63,39
60RH000173,107,74,33
60RH000174,77,49,28
60RH000175,111,75,36
60RH000176,94,68,26
60RH000177,79,58,21
60RH000178,109,63,46
60RH000179,93,56,37
60RH000180,82,58,24
60RH000181,77,57,20
60RH000182,120,64,56
60RH000183,119,70,49
60RH000184,124,77,47
60RH000185,134,89,45
60RH000186,88,54,34
60RH000187,64,47,17
60RH000188,116,68,48
60RH000189,79,38,41
60RH000190,90,50,40
60RH000191,63,49,14
60RH000192,89,61,28
60RH000193,74,53,21
60RH000194,139,101,38
60RH000195,129,85,44
60RH000196,88,57,31
60RH000197,97,62,35
60RH000198,92,66,26
60RH000199,85,63,22
60RH000200,115,98,17
60RH000201,154,131,23
60RH000202,86,69,17
60RH000203,105,92,13
60RH000204,85,72,13
60RH000205,93,84,9
60RH000206,102,86,16
60RH000207,99,75,24
60RH000208,71,62,9
60RH000209,103,83,20
60RH000210,98,76,22
60RH000211,60,51,9
60RH000212,85,75,10
60RH000213,118,92,26
60RH000214,87,72,15
60RH000215,116,98,18
60RH000216,78,70,8
60RH000217,148,124,24
60RH000218,100,90,10
60RH000219,53,49,4
60RH000220,132,99,33
60RH000221,104,83,21
60RH000222,88,55,33
60RH000223,85,43,42
60RH000224,82,47,35
60RH000225,126,80,46
60RH000226,58,35,23
60RH000227,81,44,37
60RH000228,128,95,33
60RH000229,64,45,19
60RH000230,91,70,21
60RH000231,71,58,13
60RH000232,116,76,40
60RH000233,149,91,58
60RH000234,60,45,15
60RH000235,99,64,35
60RH000236,66,47,19
60RH000237,77,31,46
60RH000238,42,31,11
60RH000239,71,43,28
60RH000240,105,70,35
60RH000241,98,66,32
60RH000242,101,68,33
60RH000243,66,46,20
60RH000244,125,84,41
60RH000245,123,85,38
60RH000246,91,64,27
60RH000247,92,57,35
60RH000248,135,93,42
60RH000249,76,61,15
60RH000250,52,43,9
60RH000251,67,38,29
60RH000252,115,86,29
60RH000253,121,73,48
60RH000254,135,75,60
60RH000255,101,63,38
60RH000256,124,85,39
60RH000257,80,42,38
60RH000258,120,67,53
60RH000259,40,26,14
60RH000260,95,61,34
60RH000261,68,46,22
60RH000262,103,68,35
60RH000263,54,47,7
60RH000264,76,59,17
60RH000265,137,86,51
60RH000266,117,84,33
60RH000267,83,56,27
60RH000268,107,88,19
60RH000269,55,43,12
60RH000270,68,37,31
60RH000271,95,74,21
60RH000272,74,66,8
60RH000273,132,106,26
60RH000274,55,51,4
60RH000275,90,68,22
60RH000276,85,64,21
60RH000277,116,76,40
60RH000278,81,59,22
60RH000279,75,56,19
60RH000280,98,55,43
60RH000281,86,71,15
60RH000282,118,87,31
60RH000283,134,106,28
60RH000284,148,115,33
60RH000285,89,48,41
60RH000286,67,34,33
60RH000287,154,103,51
60RH000288,126,79,47
60RH000289,99,62,37
60RH000290,117,84,33
60RH000291,138,87,51
60RH000292,82,45,37
60RH000293,138,95,43
60RH000294,132,85,47
60RH000295,152,106,46
60RH000296,109,76,33
60RH000297,145,89,56
60RH000298,109,76,33
60RH000299,103,61,42
60RH000300,103,55,48
60RH000301,80,45,35
60RH000302,101,67,34
60RH000303,85,60,25
60RH000304,88,63,25
60RH000305,102,76,26
60RH000306,66,56,10
60RH000307,76,65,11
60RH000308,99,77,22
60RH000309,98,72,26
60RH000310,156,123,33
60RH000311,116,86,30
60RH000312,121,91,30
60RH000313,50,32,18
60RH000314,110,87,23
60RH000315,102,76,26
60RH000316,74,49,25
60RH000317,112,74,38
60RH000318,100,75,25
60RH000319,106,74,32
60RH000320,135,92,43
60RH000321,128,89,39
60RH000322,120,84,36
60RH000323,98,57,41
60RH000324,78,41,37
60RH000325,112,78,34
60RH000326,114,68,46
60RH000327,94,64,30
60RH000328,79,58,21
60RH000329,143,112,31
60RH000330,149,102,47
60RH000331,140,92,48
60RH000332,74,43,31
60RH000333,127,97,30
60RH000334,105,63,42
60RH000335,102,75,27
60RH000336,131,97,34
60RH000337,77,56,21
60RH000338,109,72,37
60RH000339,61,38,23
60RH000340,88,57,31
60RH000341,67,41,26
60RH000342,96,61,35
60RH000343,98,79,19
60RH000344,77,61,16
60RH000345,133,97,36
60RH000346,117,91,26
60RH000347,83,61,22
60RH000348,88,73,15
60RH000349,108,86,22
60RH000350,83,62,21
60RH000351,170,100,70
60RH000352,101,79,22
60RH000353,106,72,34
60RH000354,114,80,34
60RH000355,126,89,37
60RH000356,103,63,40
60RH000357,153,104,49
60RH000358,127,94,33
60RH000359,88,47,41
60RH000360,107,78,29
60RH000361,96,71,25
60RH000362,64,50,14
60RH000363,106,76,30
60RH000364,170,123,47
60RH000365,86,71,15
60RH000366,125,101,24
60RH000367,81,64,17
60RH000368,108,79,29
60RH000369,41,24,17
60RH000370,140,112,28
60RH000371,66,37,29
60RH000372,161,120,41
60RH000373,130,107,23
60RH000374,118,101,17
60RH000375,108,72,36
60RH000376,145,81,64
60RH000377,125,79,46
60RH000378,78,44,34
60RH000379,81,47,34
60RH000380,75,49,26
60RH000381,90,49,41
60RH000382,67,51,16
60RH000383,84,49,35
60RH000384,74,38,36
60RH000385,138,104,34
60RH000386,107,84,23
60RH000387,69,43,26
60RH000388,82,62,20
60RH000389,174,142,32
60RH000390,135,105,30
60RH000391,78,45,33
60RH000392,102,89,13
60RH000393,81,57,24
60RH000394,106,90,16
60RH000395,61,58,3
60RH000396,89,69,20
60RH000397,103,85,18
60RH000398,96,83,13
60RH000399,124,88,36
60RH000400,102,73,29
60RH000401,110,83,27
60RH000402,166,136,30
60RH000403,144,106,38
60RH000404,159,119,40
60RH000405,104,68,36
60RH000406,122,93,29
60RH000407,171,117,54
60RH000408,105,76,29
60RH000409,132,100,32
60RH000410,123,99,24
60RH000411,140,106,34
60RH000412,150,111,39
60RH000413,154,114,40
60RH000414,100,83,17
60RH000415,90,61,29
60RH000416,108,86,22
60RH000417,103,76,27
60RH000418,141,100,41
60RH000419,67,42,25
60RH000420,92,56,36
60RH000421,103,64,39
60RH000422,98,58,40
60RH000423,145,102,43
60RH000424,115,80,35
60RH000425,119,100,19
60RH000426,140,100,40
60RH000427,80,56,24
60RH000428,135,100,35
60RH000429,131,103,28
60RH000430,99,70,29
60RH000431,86,64,22
60RH000432,121,82,39
60RH000433,86,69,17
60RH000434,133,103,30
60RH000435,121,90,31
60RH000436,109,71,38
60RH000437,118,75,43
60RH000438,124,84,40
60RH000439,89,60,29
60RH000440,122,113,9
60RH000441,90,83,7
60RH000442,112,88,24
60RH000443,131,115,16
60RH000444,72,65,7
60RH000445,121,100,21
60RH000446,101,88,13
60RH000447,72,60,12
60RH000448,143,123,20
60RH000449,128,106,22
60RH000450,100,88,12
60RH000451,135,116,19
60RH000452,89,61,28
60RH000453,55,42,13
60RH000454,57,40,17
60RH000455,137,106,31
60RH000456,88,55,33
60RH000457,82,74,8
60RH000458,59,53,6
60RH000459,136,117,19
60RH000460,120,107,13
60RH000461,68,56,12
60RH000462,94,58,36
60RH000463,109,76,33
60RH000464,99,61,38
60RH000465,111,77,34
60RH000466,114,101,13
60RH000467,62,30,32
60RH000468,122,84,38
60RH000469,96,69,27
60RH000470,144,97,47
60RH000471,93,76,17
60RH000472,47,33,14
60RH000473,87,47,40
60RH000474,80,48,32
60RH000475,62,31,31
60RH000476,91,59,32
60RH000477,63,45,18
60RH000478,117,85,32
60RH000479,131,102,29
60RH000480,65,41,24
60RH000481,146,122,24
60RH000482,81,69,12
60RH000483,88,69,19
60RH000484,99,85,14
60RH000485,133,112,21
60RH000486,84,72,12
60RH000487,142,116,26
60RH000488,123,105,18
60RH000489,84,66,18
60RH000490,97,68,29
60RH000491,108,68,40
60RH000492,74,48,26
60RH000493,49,31,18
60RH000494,86,49,37
60RH000495,76,45,31
60RH000496,101,46,55
60RH000497,122,73,49
60RH000498,98,46,52
60RH000499,86,46,40
60RH000500,71,53,18
60RH000501,72,33,39
60RH000502,88,42,46
60RH000503,43,22,21
60RH000504,128,91,37
60RH000505,103,62,41
60RH000506,57,36,21
60RH000507,79,53,26
60RH000508,74,42,32
60RH000509,108,69,39
60RH000510,64,35,29
60RH000511,64,36,28
60RH000512,63,36,27
60RH000513,61,37,24
60RH000514,55,26,29
60RH000515,68,42,26
60RH000516,111,76,35
60RH000517,44,31,13
60RH000518,132,92,40
60RH000519,136,103,33
60RH000520,91,53,38
60RH000521,107,70,37
60RH000522,69,44,25
60RH000523,57,22,35
60RH000524,100,63,37
60RH000525,117,92,25
60RH000526,48,32,16
60RH000527,94,54,40
60RH000528,100,69,31
60RH000529,94,54,40
60RH000530,129,73,56
60RH000531,117,69,48
60RH000532,106,62,44
60RH000533,105,61,44
60RH000534,98,58,40
60RH000535,62,33,29
60RH000536,62,46,16
60RH000537,94,46,48
60RH000538,93,51,42
60RH000539,106,65,41
60RH000540,71,42,29
60RH000541,65,40,25
60RH000542,90,46,44
60RH000543,113,77,36
60RH000544,77,42,35
60RH000545,60,36,24
60RH000546,91,45,46
60RH000547,93,58,35
60RH000548,93,59,34
60RH000549,73,33,40
60RH000550,105,67,38
60RH000551,75,49,26
60RH000552,128,86,42
60RH000553,116,73,43
60RH000554,87,54,33
60RH000555,68,29,39
60RH000556,100,60,40
60RH000557,121,85,36
60RH000558,47,26,21
60RH000559,61,38,23
60RH000560,83,52,31
60RH000561,117,65,52
60RH000562,51,29,22
60RH000563,128,89,39
60RH000564,80,43,37
60RH000565,110,73,37
60RH000566,87,52,35
60RH000567,94,55,39
60RH000568,82,45,37
60RH000569,43,21,22
60RH000570,94,65,29
60RH000571,89,53,36
60RH000572,91,59,32
60RH000573,74,46,28
60RH000574,72,46,26
60RH000575,90,56,34
60RH000576,71,38,33
60RH000577,71,55,16
60RH000578,66,46,20
60RH000579,64,49,15
60RH000580,53,39,14
60RH000581,96,63,33
60RH000582,118,82,36
60RH000583,76,49,27
60RH000584,70,54,16
60RH000585,93,69,24
60RH000586,77,60,17
60RH000587,73,52,21
60RH000588,92,72,20
60RH000589,80,64,16
60RH000590,66,51,15
60RH000591,48,21,27
60RH000592,61,50,11
60RH000593,85,66,19
60RH000594,105,88,17
60RH000595,106,81,25
60RH000596,116,105,11
60RH000597,97,64,33
60RH000598,107,70,37
60RH000599,43,37,6
60RH000600,24,11,13
60RH000601,76,52,24
60RH000602,56,39,17
60RH000603,60,47,13
60RH000604,67,43,24
60RH000605,64,47,17
60RH000606,52,27,25
60RH000607,82,60,22
60RH000608,104,71,33
60RH000609,64,35,29
60RH000610,47,32,15
60RH000611,62,35,27
60RH000612,81,56,25
60RH000613,88,67,21
60RH000614,102,58,44
60RH000615,97,66,31
60RH000616,81,50,31
60RH000617,90,59,31
60RH000618,92,72,20
60RH000619,75,51,24
60RH000620,85,50,35
60RH000621,70,54,16
60RH000622,102,63,39
60RH000623,121,65,56
60RH000624,94,59,35
60RH000625,89,53,36
60RH000626,89,66,23
60RH000627,92,49,43
60RH000628,61,33,28
60RH000629,86,44,42
60RH000630,76,44,32
60RH000631,74,50,24
60RH000632,141,96,45
60RH000633,117,64,53
60RH000634,100,64,36
60RH000635,94,56,38
60RH000636,79,49,30
60RH000637,117,82,35
60RH000638,88,60,28
60RH000639,66,37,29
60RH000640,80,53,27
60RH000641,158,105,53
60RH000642,106,78,28
60RH000643,106,64,42
60RH000644,100,78,22
60RH000645,55,43,12
60RH000646,118,72,46
60RH000647,110,68,42
60RH000648,144,102,42
60RH000649,147,103,44
60RH000650,46,30,16
60RH000651,44,20,24
60RH000652,84,68,16
60RH000653,75,64,11
60RH000654,56,32,24
60RH000655,106,64,42
60RH000656,80,63,17
60RH000657,93,63,30
60RH000658,104,81,23
60RH000659,88,64,24
60RH000660,104,82,22
60RH000661,74,50,24
60RH000662,95,57,38
60RH000663,98,46,52
60RH000664,89,50,39
60RH000665,155,95,60
60RH000666,109,81,28
60RH000667,106,63,43
60RH000668,98,53,45
60RH000669,136,76,60
60RH000670,108,58,50
60RH000671,18,9,9
60RH000672,71,37,34
60RH000673,60,29,31
60RH000674,94,65,29
60RH000675,80,46,34
60RH000676,102,73,29
60RH000677,100,64,36
60RH000678,84,40,44
60RH000679,155,99,56
60RH000680,101,71,30
60RH000681,104,67,37
60RH000682,107,78,29
60RH000683,137,92,45
60RH000684,128,99,29
60RH000685,127,105,22
60RH000686,66,60,6
60RH000687,65,46,19
60RH000688,45,33,12
60RH000689,84,66,18
60RH000690,98,75,23
60RH000691,135,109,26
60RH000692,76,47,29
60RH000693,133,115,18
60RH000694,76,41,35
60RH000695,141,92,49
60RH000696,141,98,43
60RH000697,128,88,40
60RH000698,125,96,29
60RH000699,86,76,10
60RH000700,108,84,24
60RH000701,138,94,44
60RH000702,81,39,42
60RH000703,48,36,12
60RH000704,102,66,36
60RH000705,109,63,46
60RH000706,36,16,20
60RH000707,81,47,34
60RH000708,57,31,26
60RH000709,80,57,23
60RH000710,56,46,10
60RH000711,74,36,38
60RH000712,79,38,41
60RH000713,103,81,22
60RH000714,120,97,23
60RH000715,50,38,12
60RH000716,165,114,51
60RH000717,104,78,26
60RH000718,51,38,13
60RH000719,90,64,26
60RH000720,103,74,29
60RH000721,144,122,22
60RH000722,64,40,24
60RH000723,71,53,18
60RH000724,129,114,15
60RH000725,66,36,30
60RH000726,77,48,29
60RH000727,74,44,30
60RH000728,68,43,25
60RH000729,62,38,24
60RH000730,76,51,25
60RH000731,129,75,54
60RH000732,109,70,39
60RH000733,123,62,61
60RH000734,103,68,35
60RH000735,48,34,14
60RH000736,43,31,12
60RH000737,102,65,37
60RH000738,80,56,24
60RH000739,97,66,31
60RH000740,54,24,30
60RH000741,81,62,19
60RH000742,113,86,27
60RH000743,78,51,27
60RH000744,91,61,30
60RH000745,100,70,30
60RH000746,49,33,16
60RH000747,92,72,20
60RH000748,99,64,35
60RH000749,133,92,41
60RH000750,128,88,40
60RH000751,156,121,35
60RH000752,132,96,36
60RH000753,64,38,26
60RH000754,78,47,31
60RH000755,95,56,39
60RH000756,81,48,33
60RH000757,118,70,48
60RH000758,65,40,25
60RH000759,64,44,20
60RH000760,68,56,12
60RH000761,65,40,25
60RH000762,110,72,38
60RH000763,60,37,23
60RH000764,34,18,16
60RH000765,83,55,28
60RH000766,45,29,16
60RH000767,83,39,44
60RH000768,73,44,29
60RH000769,96,67,29
60RH000770,151,107,44
60RH000771,95,70,25
60RH000772,70,44,26
60RH000773,110,69,41
60RH000774,73,39,34
60RH000775,111,91,20
60RH000776,130,111,19
60RH000777,85,66,19
60RH000778,95,73,22
60RH000779,56,32,24
60RH000780,77,55,22
60RH000781,95,63,32
60RH000782,93,63,30
60RH000783,76,46,30
60RH000784,82,53,29
60RH000785,89,67,22
60RH000786,71,48,23
60RH000787,123,100,23
60RH000788,127,113,14
60RH000789,128,113,15
60RH000790,117,98,19
60RH000791,85,69,16
60RH000792,89,74,15
60RH000793,104,81,23
60RH000794,82,62,20
60RH000795,75,53,22
60RH000796,79,60,19
60RH000797,139,94,45
60RH000798,70,44,26
60RH000799,87,58,29
60RH000800,91,65,26
60RH000801,107,72,35
60RH000802,87,60,27
60RH000803,77,49,28
60RH000804,70,44,26
60RH000805,99,54,45
60RH000806,111,92,19
60RH000807,62,48,14
60RH000808,107,72,35
60RH000809,85,42,43
60RH000810,132,90,42
60RH000811,99,63,36
60RH000812,124,86,38
60RH000813,101,82,19
60RH000814,105,74,31
60RH000815,87,52,35
60RH000816,179,138,41
60RH000817,160,114,46
60RH000818,96,60,36
60RH000819,146,118,28
60RH000820,130,96,34
60RH000821,83,58,25
60RH000822,170,142,28
60RH000823,98,85,13
60RH000824,106,76,30
60RH000825,82,57,25
60RH000826,94,63,31
60RH000827,105,63,42
60RH000828,65,36,29
60RH000829,122,91,31
60RH000830,118,85,33
60RH000831,75,58,17
60RH000832,67,48,19
60RH000833,92,54,38
60RH000834,85,60,25
60RH000835,91,67,24
60RH000836,96,59,37
60RH000837,71,42,29
60RH000838,79,50,29
60RH000839,68,43,25
60RH000840,62,26,36
60RH000841,62,48,14
60RH000842,94,61,33
60RH000843,79,54,25
60RH000844,75,60,15
60RH000845,90,63,27
60RH000846,91,65,26
60RH000847,99,63,36
60RH000848,102,81,21
60RH000849,113,80,33
60RH000850,87,68,19
60RH000851,117,101,16
60RH000852,91,67,24
60RH000853,118,99,19
60RH000854,157,124,33
60RH000855,148,124,24
60RH000856,145,118,27
60RH000857,101,86,15
60RH000858,95,75,20
60RH000859,68,58,10
60RH000860,175,148,27
60RH000861,124,96,28
60RH000862,143,116,27
60RH000863,63,31,32
60RH000864,83,55,28
60RH000865,71,38,33
60RH000866,53,26,27
60RH000867,68,44,24
60RH000868,88,60,28
60RH000869,108,76,32
60RH000870,102,80,22
60RH000871,89,66,23
60RH000872,109,85,24
60RH000873,83,50,33
60RH000874,98,74,24
60RH000875,44,26,18
60RH000876,39,25,14
60RH000877,63,56,7
60RH000878,61,44,17
60RH000879,76,56,20
60RH000880,46,22,24
60RH000881,73,50,23
60RH000882,127,79,48
60RH000883,41,26,15
60RH000884,87,57,30
60RH000885,107,96,11
60RH000886,167,117,50
60RH000887,90,63,27
60RH000888,105,86,19
60RH000889,80,62,18
60RH000890,45,34,11
60RH000891,56,47,9
60RH000892,72,57,15
60RH000893,150,126,24
60RH000894,153,125,28
60RH000895,63,29,34
60RH000896,71,59,12
60RH000897,70,61,9
60RH000898,39,21,18
60RH000899,49,39,10
60RH000900,121,102,19
60RH000901,89,52,37
60RH000902,80,59,21
60RH000903,125,99,26
60RH000904,92,51,41
60RH000905,71,44,27
60RH000906,53,40,13
60RH000907,68,52,16
60RH000908,92,69,23
60RH000909,110,98,12
60RH000910,95,63,32
60RH000911,75,48,27
60RH000912,63,50,13
60RH000913,67,56,11
60RH000914,116,86,30
60RH000915,46,34,12
60RH000916,46,11,35
60RH000917,51,33,18
60RH000918,43,23,20
60RH000919,68,44,24
60RH000920,129,102,27
60RH000921,44,29,15
60RH000922,66,39,27
60RH000923,56,31,25
60RH000924,52,39,13
60RH000925,99,64,35
60RH000926,106,90,16
60RH000927,89,60,29
60RH000928,83,73,10
60RH000929,78,67,11
60RH000930,101,53,48
60RH000931,145,116,29
60RH000932,83,67,16
60RH000933,82,60,22
60RH000934,75,57,18
60RH000935,115,94,21
60RH000936,144,127,17
60RH000937,40,31,9
60RH000938,85,68,17
60RH000939,101,72,29
60RH000940,75,50,25
60RH000941,87,62,25
60RH000942,130,78,52
60RH000943,40,27,13
60RH000944,55,44,11
60RH000945,72,46,26
60RH000946,48,36,12
60RH000947,42,27,15
60RH000948,98,69,29
60RH000949,79,47,32
60RH000950,95,61,34
60RH000951,46,40,6
60RH000952,95,76,19
60RH000953,79,47,32
60RH000954,75,64,11
60RH000955,107,92,15
60RH000956,57,25,32
60RH000957,94,57,37
60RH000958,86,62,24
60RH000959,79,54,25
60RH000960,43,26,17
60RH000961,115,59,56
60RH000962,64,41,23
60RH000963,82,50,32
60RH000964,91,81,10
60RH000965,112,96,16
60RH000966,99,57,42
60RH000967,53,38,15
60RH000968,48,37,11
60RH000969,113,72,41
60RH000970,57,43,14
60RH000971,102,74,28
60RH000972,55,41,14
60RH000973,111,72,39
60RH000974,135,115,20
60RH000975,45,36,9
60RH000976,46,25,21
60RH000977,109,80,29
60RH000978,89,65,24
60RH000979,59,51,8
60RH000980,84,49,35
60RH000981,64,37,27
60RH000982,106,92,14
60RH000983,69,44,25
60RH000984,82,42,40
60RH000985,60,41,19
60RH000986,92,64,28
60RH000987,66,48,18
60RH000988,48,36,12
60RH000989,122,95,27
60RH000990,76,49,27
60RH000991,79,56,23
60RH000992,51,31,20
60RH000993,59,33,26
60RH000994,105,84,21
60RH000995,80,66,14
60RH000996,69,47,22
60RH000997,97,65,32
60RH000998,109,77,32
60RH000999,78,63,15
60RH001000,119,105,14
60RH001001,45,39,6
60RH001002,90,78,12
60RH001003,145,113,32
60RH001004,121,106,15
60RH001005,157,140,17
60RH001006,122,111,11
60RH001007,115,100,15
60RH001008,116,94,22
60RH001009,121,102,19
60RH001010,166,131,35
60RH001011,45,35,10
60RH001012,88,72,16
60RH001013,91,66,25
60RH001014,142,113,29
60RH001015,52,40,12
60RH001016,93,62,31
60RH001017,92,66,26
60RH001018,104,81,23
60RH001019,62,46,16
60RH001020,59,25,34
60RH001021,90,55,35
60RH001022,65,31,34
60RH001023,70,38,32
60RH001024,90,76,14
60RH001025,71,44,27
60RH001026,89,61,28
60RH001027,105,61,44
60RH001028,68,49,19
60RH001029,127,95,32
60RH001030,95,75,20
60RH001031,66,47,19
60RH001032,69,47,22
60RH001033,131,98,33
60RH001034,110,65,45
60RH001035,71,54,17
60RH001036,114,94,20
60RH001037,58,29,29
60RH001038,126,92,34
60RH001039,117,108,9
60RH001040,49,41,8
60RH001041,126,102,24
60RH001042,65,60,5
60RH001043,45,36,9
60RH001044,65,37,28
60RH001045,85,49,36
60RH001046,53,30,23
60RH001047,119,80,39
60RH001048,111,84,27
60RH001049,65,34,31
60RH001050,113,56,57
60RH001051,85,63,22
60RH001052,68,47,21
60RH001053,73,58,15
60RH001054,125,108,17
60RH001055,107,74,33
60RH001056,84,52,32
60RH001057,77,69,8
60RH001058,164,137,27
60RH001059,151,130,21
60RH001060,107,96,11
60RH001061,80,66,14
60RH001062,92,79,13
60RH001063,77,65,12
60RH001064,127,103,24
60RH001065,50,46,4
60RH001066,108,99,9
60RH001067,135,117,18
60RH001068,149,135,14
60RH001069,124,102,22
60RH001070,122,113,9
60RH001071,134,106,28
60RH001072,50,40,10
60RH001073,95,55,40
60RH001074,86,59,27
60RH001075,121,66,55
60RH001076,62,43,19
60RH001077,73,52,21
60RH001078,108,78,30
60RH001079,68,51,17
60RH001080,130,90,40
60RH001081,165,148,17
60RH001082,132,112,20
60RH001083,48,31,17
60RH001084,92,57,35
60RH001085,83,50,33
60RH001086,60,40,20
60RH001087,116,97,19
60RH001088,92,70,22
60RH001089,145,103,42
60RH001090,68,57,11
60RH001091,144,102,42
60RH001092,69,48,21
60RH001093,132,119,13
60RH001094,108,94,14
60RH001095,139,124,15
60RH001096,163,135,28
60RH001097,123,105,18
60RH001098,87,78,9
60RH001099,141,118,23
60RH001100,112,98,14
60RH001101,60,48,12
60RH001102,132,113,19
60RH001103,104,80,24
60RH001104,103,88,15
60RH001105,88,65,23
60RH001106,93,71,22
60RH001107,51,44,7
60RH001108,127,110,17
60RH001109,120,68,52
60RH001110,119,87,32
60RH001111,78,67,11
60RH001112,120,75,45
60RH001113,67,32,35
60RH001114,47,29,18
60RH001115,103,58,45
60RH001116,69,48,21
60RH001117,64,33,31
60RH001118,109,80,29
60RH001119,154,140,14
60RH001120,120,97,23
60RH001121,65,39,26
60RH001122,133,102,31
60RH001123,113,96,17
60RH001124,97,50,47
60RH001125,50,24,26
60RH001126,45,29,16
60RH001127,96,55,41
60RH001128,64,25,39
60RH001129,54,29,25
60RH001130,101,78,23
60RH001131,46,27,19
60RH001132,109,98,11
60RH001133,106,99,7
60RH001134,111,78,33
60RH001135,85,66,19
60RH001136,125,108,17
60RH001137,64,39,25
60RH001138,72,34,38
60RH001139,71,40,31
60RH001140,93,57,36
60RH001141,33,10,23
60RH001142,54,38,16
60RH001143,109,94,15
60RH001144,164,138,26
60RH001145,56,29,27
60RH001146,59,23,36
60RH001147,66,56,10
60RH001148,81,76,5
60RH001149,75,52,23
60RH001150,107,82,25
60RH001151,95,84,11
60RH001152,136,111,25
60RH001153,77,53,24
60RH001154,74,54,20
60RH001155,81,71,10
60RH001156,91,66,25
60RH001157,139,126,13
60RH001158,44,30,14
60RH001159,99,77,22
60RH001160,48,30,18
60RH001161,136,103,33
60RH001162,74,29,45
60RH001163,85,42,43
60RH001164,62,46,16
60RH001165,88,51,37
60RH001166,89,73,16
60RH001167,100,93,7
60RH001168,63,49,14
60RH001169,118,104,14
60RH001170,113,95,18
60RH001171,110,100,10
60RH001172,58,40,18
60RH001173,79,55,24
60RH001174,149,115,34
60RH001175,55,38,17
60RH001176,99,51,48
60RH001177,86,65,21
60RH001178,67,41,26
60RH001179,102,89,13
60RH001180,117,81,36
60RH001181,70,57,13
60RH001182,72,63,9
60RH001183,90,74,16
60RH001184,105,89,16
60RH001185,121,104,17
60RH001186,148,129,19
60RH001187,52,45,7
60RH001188,80,56,24
60RH001189,73,54,19
60RH001190,94,63,31
60RH001191,68,34,34
60RH001192,83,64,19
60RH001193,102,67,35
60RH001194,74,48,26
60RH001195,73,60,13
60RH001196,71,56,15
60RH001197,102,82,20
60RH001198,102,69,33
60RH001199,123,99,24
60RH001200,127,107,20
60RH001201,123,94,29
60RH001202,52,40,12
60RH001203,95,80,15
60RH001204,49,33,16
60RH001205,72,48,24
60RH001206,91,72,19
60RH001207,87,61,26
60RH001208,116,77,39
60RH001209,124,115,9
60RH001210,90,84,6
60RH001211,144,77,67
60RH001212,53,28,25
60RH001213,129,78,51
60RH001214,129,67,62
60RH001215,87,69,18
60RH001216,107,90,17
60RH001217,124,111,13
60RH001218,122,57,65
60RH001219,78,68,10
60RH001220,62,57,5
60RH001221,103,88,15
60RH001222,109,82,27
60RH001223,112,103,9
60RH001224,89,73,16
60RH001225,127,118,9
60RH001226,106,95,11
60RH001227,114,94,20
60RH001228,60,52,8
60RH001229,67,59,8
60RH001230,89,73,16
60RH001231,81,70,11
60RH001232,128,99,29
60RH001233,60,50,10
60RH001234,62,46,16
60RH001235,146,128,18
60RH001236,154,120,34
60RH001237,158,137,21
60RH001238,62,37,25
