output_area,total,active,inactive
S00088956,152,118,34
S00088957,53,42,11
S00088958,59,42,17
S00088959,62,46,16
S00088960,54,40,14
S00088961,175,85,90
S00088962,54,43,11
S00088963,60,47,13
S00088964,72,60,12
S00088965,110,78,32
S00088966,92,58,34
S00088967,45,39,6
S00088968,46,31,15
S00088969,120,97,23
S00088970,91,68,23
S00088971,62,50,12
S00088972,119,100,19
S00088973,108,75,33
S00088974,100,68,32
S00088975,67,54,13
S00088976,66,56,10
S00088977,58,40,18
S00088978,54,39,15
S00088979,81,69,12
S00088980,63,52,11
S00088981,55,42,13
S00088982,61,48,13
S00088983,47,29,18
S00088984,48,28,20
S00088985,75,65,10
S00088986,130,100,30
S00088987,63,51,12
S00088988,63,47,16
S00088989,87,64,23
S00088990,103,83,20
S00088991,118,93,25
S00088992,504,218,286
S00088993,101,80,21
S00088994,52,37,15
S00088995,60,46,14
S00088996,83,44,39
S00088997,123,97,26
S00088998,98,81,17
S00088999,99,79,20
S00089000,117,105,12
S00089001,91,61,30
S00089002,97,74,23
S00089003,74,68,6
S00089004,77,66,11
S00089005,103,67,36
S00089006,79,60,19
S00089007,106,81,25
S00089008,72,69,3
S00089009,97,88,9
S00089010,109,96,13
S00089011,145,113,32
S00089012,101,82,19
S00089013,64,59,5
S00089014,110,93,17
S00089015,88,81,7
S00089016,85,69,16
S00089017,81,76,5
S00089018,115,96,19
S00089019,119,100,19
S00089020,73,60,13
S00089021,68,55,13
S00089022,84,63,21
S00089023,81,64,17
S00089024,64,57,7
S00089025,61,51,10
S00089026,66,60,6
S00089027,101,92,9
S00089028,77,73,4
S00089029,78,72,6
S00089030,64,59,5
S00089031,126,111,15
S00089032,71,63,8
S00089033,85,72,13
S00089034,52,37,15
S00089035,93,71,22
S00089036,61,50,11
S00089037,79,69,10
S00089038,56,54,2
S00089039,73,58,15
S00089040,69,56,13
S00089041,138,91,47
S00089042,50,34,16
S00089043,105,83,22
S00089044,58,43,15
S00089045,53,34,19
S00089046,231,74,157
S00089047,88,65,23
S00089048,71,48,23
S00089049,108,85,23
S00089050,76,51,25
S00089051,129,104,25
S00089052,126,104,22
S00089053,92,80,12
S00089054,68,62,6
S00089055,83,68,15
S00089056,69,66,3
S00089057,81,58,23
S00089058,92,73,19
S00089059,54,47,7
S00089060,52,46,6
S00089061,64,54,10
S00089062,46,32,14
S00089063,72,66,6
S00089064,76,65,11
S00089065,87,71,16
S00089066,57,47,10
S00089067,91,80,11
S00089068,64,57,7
S00089069,50,43,7
S00089070,112,91,21
S00089071,67,53,14
S00089072,99,87,12
S00089073,89,73,16
S00089074,118,99,19
S00089075,75,66,9
S00089076,92,69,23
S00089077,78,68,10
S00089078,33,22,11
S00089079,47,35,12
S00089080,68,44,24
S00089081,63,40,23
S00089082,56,33,23
S00089083,92,72,20
S00089084,68,46,22
S00089085,86,65,21
S00089086,80,55,25
S00089087,113,83,30
S00089088,71,45,26
S00089089,89,68,21
S00089090,95,63,32
S00089091,94,63,31
S00089092,102,73,29
S00089093,121,85,36
S00089094,65,37,28
S00089095,85,61,24
S00089096,68,52,16
S00089097,68,48,20
S00089098,59,42,17
S00089099,85,68,17
S00089100,63,44,19
S00089101,61,50,11
S00089102,59,46,13
S00089103,77,66,11
S00089104,63,54,9
S00089105,87,75,12
S00089106,79,63,16
S00089107,65,50,15
S00089108,71,59,12
S00089109,47,39,8
S00089110,99,69,30
S00089111,115,92,23
S00089112,118,88,30
S00089113,36,5,31
S00089114,79,52,27
S00089115,121,86,35
S00089116,130,106,24
S00089117,92,54,38
S00089118,119,87,32
S00089119,72,46,26
S00089120,63,46,17
S00089121,109,71,38
S00089122,45,26,19
S00089123,112,76,36
S00089124,73,44,29
S00089125,122,82,40
S00089126,82,56,26
S00089127,73,51,22
S00089128,74,56,18
S00089129,160,132,28
S00089130,70,56,14
S00089131,79,61,18
S00089132,73,61,12
S00089133,60,43,17
S00089134,100,70,30
S00089135,108,68,40
S00089136,89,61,28
S00089137,91,53,38
S00089138,12,4,8
S00089139,64,44,20
S00089140,77,61,16
S00089141,100,81,19
S00089142,115,83,32
S00089143,77,50,27
S00089144,76,52,24
S00089145,106,74,32
S00089146,82,64,18
S00089147,66,49,17
S00089148,85,53,32
S00089149,90,76,14
S00089150,103,67,36
S00089151,43,30,13
S00089152,48,28,20
S00089153,45,28,17
S00089154,56,42,14
S00089155,66,44,22
S00089156,100,49,51
S00089157,80,52,28
S00089158,98,76,22
S00089159,63,48,15
S00089160,79,58,21
S00089161,77,53,24
S00089162,56,43,13
S00089163,84,62,22
S00089164,53,39,14
S00089165,73,56,17
S00089166,98,77,21
S00089167,85,66,19
S00089168,13,1,12
S00089169,85,61,24
S00089170,58,44,14
S00089171,52,35,17
S00089172,45,32,13
S00089173,105,86,19
S00089174,117,77,40
S00089175,96,67,29
S00089176,83,67,16
S00089177,92,72,20
S00089178,101,75,26
S00089179,125,94,31
S00089180,111,84,27
S00089181,71,50,21
S00089182,90,73,17
S00089183,77,52,25
S00089184,96,73,23
S00089185,100,68,32
S00089186,85,71,14
S00089187,55,47,8
S00089188,117,85,32
S00089189,112,86,26
S00089190,97,79,18
S00089191,117,98,19
S00089192,96,85,11
S00089193,120,100,20
S00089194,103,67,36
S00089195,101,64,37
S00089196,89,63,26
S00089197,90,64,26
S00089198,66,53,13
S00089199,70,53,17
S00089200,48,35,13
S00089201,69,47,22
S00089202,118,95,23
S00089203,165,120,45
S00089204,101,84,17
S00089205,93,79,14
S00089206,86,61,25
S00089207,73,55,18
S00089208,69,61,8
S00089209,66,56,10
S00089210,73,60,13
S00089211,67,60,7
S00089212,99,77,22
S00089213,63,52,11
S00089214,60,52,8
S00089215,56,43,13
S00089216,93,73,20
S00089217,71,58,13
S00089218,117,93,24
S00089219,76,61,15
S00089220,59,48,11
S00089221,133,107,26
S00089222,80,75,5
S00089223,60,47,13
S00089224,120,91,29
S00089225,55,51,4
S00089226,52,48,4
S00089227,118,98,20
S00089228,70,63,7
S00089229,79,66,13
S00089230,85,64,21
S00089231,79,69,10
S00089232,73,62,11
S00089233,63,46,17
S00089234,74,57,17
S00089235,98,87,11
S00089236,77,66,11
S00089237,88,67,21
S00089238,109,71,38
S00089239,79,59,20
S00089240,133,101,32
S00089241,42,29,13
S00089242,94,74,20
S00089243,89,60,29
S00089244,80,60,20
S00089245,64,46,18
S00089246,70,44,26
S00089247,120,82,38
S00089248,167,127,40
S00089249,81,60,21
S00089250,66,57,9
S00089251,81,63,18
S00089252,83,59,24
S00089253,93,71,22
S00089254,99,69,30
S00089255,100,78,22
S00089256,82,65,17
S00089257,80,68,12
S00089258,85,62,23
S00089259,66,57,9
S00089260,100,87,13
S00089261,127,106,21
S00089262,91,70,21
S00089263,87,77,10
S00089264,119,102,17
S00089265,80,71,9
S00089266,85,78,7
S00089267,79,64,15
S00089268,100,86,14
S00089269,88,82,6
S00089270,109,95,14
S00089271,66,51,15
S00089272,54,41,13
S00089273,92,80,12
S00089274,115,98,17
S00089275,19,2,17
S00089276,56,44,12
S00089277,126,101,25
S00089278,20,2,18
S00089279,53,47,6
S00089280,44,34,10
S00089281,67,59,8
S00089282,45,40,5
S00089283,44,36,8
S00089284,85,58,27
S00089285,116,95,21
S00089286,99,82,17
S00089287,50,17,33
S00089288,124,62,62
S00089289,92,66,26
S00089290,50,39,11
S00089291,69,54,15
S00089292,69,49,20
S00089293,126,101,25
S00089294,123,100,23
S00089295,133,83,50
S00089296,125,78,47
S00089297,66,41,25
S00089298,81,53,28
S00089299,36,24,12
S00089300,76,53,23
S00089301,87,57,30
S00089302,83,61,22
S00089303,146,99,47
S00089304,121,81,40
S00089305,53,28,25
S00089306,93,49,44
S00089307,68,41,27
S00089308,51,35,16
S00089309,115,90,25
S00089310,133,84,49
S00089311,79,60,19
S00089312,120,94,26
S00089313,99,66,33
S00089314,111,95,16
S00089315,79,54,25
S00089316,75,56,19
S00089317,69,52,17
S00089318,71,59,12
S00089319,103,73,30
S00089320,89,75,14
S00089321,59,35,24
S00089322,84,63,21
S00089323,52,39,13
S00089324,53,36,17
S00089325,74,53,21
S00089326,87,59,28
S00089327,74,54,20
S00089328,76,44,32
S00089329,71,47,24
S00089330,107,70,37
S00089331,112,74,38
S00089332,129,100,29
S00089333,122,90,32
S00089334,107,74,33
S00089335,104,85,19
S00089336,66,52,14
S00089337,43,30,13
S00089338,102,79,23
S00089339,101,71,30
S00089340,72,48,24
S00089341,56,39,17
S00089342,15,7,8
S00089343,57,48,9
S00089344,49,34,15
S00089345,77,63,14
S00089346,112,83,29
S00089347,77,59,18
S00089348,80,52,28
S00089349,73,50,23
S00089350,92,66,26
S00089351,117,92,25
S00089352,118,68,50
S00089353,84,62,22
S00089354,52,42,10
S00089355,114,88,26
S00089356,53,40,13
S00089357,90,67,23
S00089358,65,44,21
S00089359,89,63,26
S00089360,88,61,27
S00089361,107,67,40
S00089362,46,27,19
S00089363,52,43,9
S00089364,90,65,25
S00089365,114,90,24
S00089366,94,74,20
S00089367,77,53,24
S00089368,53,43,10
S00089369,101,87,14
S00089370,76,53,23
S00089371,101,67,34
S00089372,47,36,11
S00089373,85,68,17
S00089374,48,36,12
S00089375,87,57,30
S00089376,87,54,33
S00089377,55,32,23
S00089378,72,51,21
S00089379,121,82,39
S00089380,111,90,21
S00089381,74,46,28
S00089382,80,48,32
S00089383,81,57,24
S00089384,79,60,19
S00089385,104,81,23
S00089386,150,88,62
S00089387,111,64,47
S00089388,116,85,31
S00089389,73,42,31
S00089390,62,43,19
S00089391,77,58,19
S00089392,53,37,16
S00089393,60,41,19
S00089394,35,21,14
S00089395,81,52,29
S00089396,61,33,28
S00089397,79,56,23
S00089398,72,47,25
S00089399,12,2,10
S00089400,74,55,19
S00089401,54,34,20
S00089402,64,39,25
S00089403,79,44,35
S00089404,71,51,20
S00089405,77,57,20
S00089406,109,78,31
S00089407,88,58,30
S00089408,80,57,23
S00089409,87,63,24
S00089410,91,71,20
S00089411,73,51,22
S00089412,122,77,45
S00089413,136,98,38
S00089414,43,32,11
S00089415,74,55,19
S00089416,106,89,17
S00089417,100,64,36
S00089418,95,56,39
S00089419,89,62,27
S00089420,110,80,30
S00089421,112,89,23
S00089422,65,46,19
S00089423,115,84,31
S00089424,102,79,23
S00089425,146,100,46
S00089426,124,99,25
S00089427,57,43,14
S00089428,57,45,12
S00089429,80,58,22
S00089430,78,51,27
S00089431,57,42,15
S00089432,44,30,14
S00089433,56,44,12
S00089434,58,41,17
S00089435,88,58,30
S00089436,86,58,28
S00089437,103,70,33
S00089438,107,69,38
S00089439,86,61,25
S00089440,38,26,12
S00089441,66,44,22
S00089442,90,67,23
S00089443,50,42,8
S00089444,129,99,30
S00089445,136,110,26
S00089446,104,68,36
S00089447,84,60,24
S00089448,95,68,27
S00089449,135,101,34
S00089450,75,53,22
S00089451,52,33,19
S00089452,79,44,35
S00089453,107,84,23
S00089454,68,44,24
S00089455,68,49,19
S00089456,109,74,35
S00089457,82,66,16
S00089458,71,62,9
S00089459,59,48,11
S00089460,37,7,30
S00089461,97,71,26
S00089462,86,65,21
S00089463,116,83,33
S00089464,128,90,38
S00089465,80,67,13
S00089466,62,45,17
S00089467,76,60,16
S00089468,60,47,13
S00089469,97,63,34
S00089470,70,58,12
S00089471,65,53,12
S00089472,65,48,17
S00089473,88,77,11
S00089474,126,90,36
S00089475,63,49,14
S00089476,55,46,9
S00089477,99,71,28
S00089478,93,59,34
S00089479,68,57,11
S00089480,65,45,20
S00089481,120,88,32
S00089482,70,54,16
S00089483,83,63,20
S00089484,93,56,37
S00089485,66,54,12
S00089486,71,34,37
S00089487,56,32,24
S00089488,106,69,37
S00089489,127,78,49
S00089490,236,142,94
S00089491,107,76,31
S00089492,65,45,20
S00089493,60,41,19
S00089494,63,32,31
S00089495,56,29,27
S00089496,60,36,24
S00089497,192,118,74
S00089498,101,73,28
S00089499,50,43,7
S00089500,70,41,29
S00089501,121,87,34
S00089502,108,71,37
S00089503,34,3,31
S00089504,35,9,26
S00089505,34,5,29
S00089506,75,56,19
S00089507,72,49,23
S00089508,89,72,17
S00089509,46,34,12
S00089510,101,74,27
S00089511,69,45,24
S00089512,53,40,13
S00089513,102,65,37
S00089514,69,40,29
S00089515,237,130,107
S00089516,90,67,23
S00089517,58,31,27
S00089518,113,62,51
S00089519,84,53,31
S00089520,74,46,28
S00089521,95,63,32
S00089522,91,75,16
S00089523,75,46,29
S00089524,77,54,23
S00089525,58,36,22
S00089526,58,28,30
S00089527,60,26,34
S00089528,78,49,29
S00089529,88,62,26
S00089530,55,45,10
S00089531,66,47,19
S00089532,90,70,20
S00089533,59,44,15
S00089534,95,75,20
S00089535,64,42,22
S00089536,90,57,33
S00089537,60,49,11
S00089538,63,37,26
S00089539,60,39,21
S00089540,72,58,14
S00089541,72,53,19
S00089542,112,110,2
S00089543,65,42,23
S00089544,80,67,13
S00089545,21,3,18
S00089546,81,64,17
S00089547,110,86,24
S00089548,142,114,28
S00089549,83,58,25
S00089550,76,56,20
S00089551,63,45,18
S00089552,69,59,10
S00089553,62,53,9
S00089554,55,41,14
S00089555,121,87,34
S00089556,66,53,13
S00089557,126,101,25
S00089558,96,76,20
S00089559,114,85,29
S00089560,60,44,16
S00089561,77,49,28
S00089562,74,54,20
S00089563,61,43,18
S00089564,77,59,18
S00089565,112,85,27
S00089566,116,84,32
S00089567,122,98,24
S00089568,138,100,38
S00089569,81,45,36
S00089570,86,64,22
S00089571,127,91,36
S00089572,58,37,21
S00089573,83,62,21
S00089574,74,54,20
S00089575,57,41,16
S00089576,97,70,27
S00089577,69,50,19
S00089578,79,56,23
S00089579,65,54,11
S00089580,82,62,20
S00089581,64,49,15
S00089582,91,69,22
S00089583,111,82,29
S00089584,52,27,25
S00089585,97,74,23
S00089586,88,75,13
S00089587,59,35,24
S00089588,79,52,27
S00089589,70,44,26
S00089590,92,68,24
S00089591,96,63,33
S00089592,71,53,18
S00089593,88,67,21
S00089594,58,47,11
S00089595,115,83,32
S00089596,89,72,17
S00089597,83,55,28
S00089598,49,37,12
S00089599,101,74,27
S00089600,42,27,15
S00089601,59,48,11
S00089602,97,72,25
S00089603,80,44,36
S00089604,68,48,20
S00089605,115,78,37
S00089606,96,64,32
S00089607,104,81,23
S00089608,48,25,23
S00089609,77,58,19
S00089610,103,69,34
S00089611,69,53,16
S00089612,76,55,21
S00089613,56,26,30
S00089614,135,98,37
S00089615,96,58,38
S00089616,93,76,17
S00089617,113,98,15
S00089618,91,72,19
S00089619,104,84,20
S00089620,113,82,31
S00089621,26,8,18
S00089622,69,41,28
S00089623,83,43,40
S00089624,67,39,28
S00089625,85,54,31
S00089626,146,83,63
S00089627,68,50,18
S00089628,108,76,32
S00089629,123,77,46
S00089630,65,44,21
S00089631,86,59,27
S00089632,86,74,12
S00089633,385,150,235
S00089634,92,57,35
S00089635,60,43,17
S00089636,104,62,42
S00089637,57,42,15
S00089638,95,57,38
S00089639,89,73,16
S00089640,115,90,25
S00089641,55,36,19
S00089642,59,38,21
S00089643,109,88,21
S00089644,131,97,34
S00089645,114,80,34
S00089646,108,63,45
S00089647,136,87,49
S00089648,60,42,18
S00089649,93,53,40
S00089650,117,58,59
S00089651,368,144,224
S00089652,134,84,50
S00089653,106,85,21
S00089654,95,46,49
S00089655,75,39,36
S00089656,79,56,23
S00089657,59,44,15
S00089658,120,91,29
S00089659,214,113,101
S00089660,112,73,39
S00089661,121,83,38
S00089662,88,57,31
S00089663,114,78,36
S00089664,61,40,21
S00089665,95,76,19
S00089666,87,68,19
S00089667,58,46,12
S00089668,73,49,24
S00089669,129,98,31
S00089670,70,31,39
S00089671,306,157,149
S00089672,104,61,43
S00089673,66,28,38
S00089674,130,107,23
S00089675,128,101,27
S00089676,65,53,12
S00089677,114,90,24
S00089678,60,50,10
S00089679,123,89,34
S00089680,113,76,37
S00089681,136,88,48
S00089682,58,42,16
S00089683,74,56,18
S00089684,68,60,8
S00089685,109,80,29
S00089686,57,36,21
S00089687,71,50,21
S00089688,82,62,20
S00089689,51,36,15
S00089690,128,79,49
S00089691,100,68,32
S00089692,48,28,20
S00089693,55,36,19
S00089694,101,75,26
S00089695,97,76,21
S00089696,123,100,23
S00089697,66,51,15
S00089698,90,62,28
S00089699,65,45,20
S00089700,97,72,25
S00089701,68,55,13
S00089702,66,54,12
S00089703,105,78,27
S00089704,86,62,24
S00089705,90,72,18
S00089706,94,72,22
S00089707,82,39,43
S00089708,44,33,11
S00089709,67,46,21
S00089710,97,61,36
S00089711,97,67,30
S00089712,86,58,28
S00089713,80,55,25
S00089714,118,87,31
S00089715,69,54,15
S00089716,39,26,13
S00089717,85,55,30
S00089718,118,93,25
S00089719,132,96,36
S00089720,124,100,24
S00089721,123,96,27
S00089722,77,58,19
S00089723,45,30,15
S00089724,63,46,17
S00089725,72,57,15
S00089726,83,67,16
S00089727,81,60,21
S00089728,73,54,19
S00089729,116,87,29
S00089730,76,69,7
S00089731,88,59,29
S00089732,112,81,31
S00089733,76,53,23
S00089734,66,48,18
S00089735,72,59,13
S00089736,72,59,13
S00089737,75,62,13
S00089738,54,46,8
S00089739,72,50,22
S00089740,97,79,18
S00089741,74,45,29
S00089742,108,77,31
S00089743,109,75,34
S00089744,64,45,19
S00089745,94,73,21
S00089746,83,62,21
S00089747,72,50,22
S00089748,93,80,13
S00089749,51,38,13
S00089750,92,80,12
S00089751,85,55,30
S00089752,94,65,29
S00089753,95,75,20
S00089754,90,75,15
S00089755,49,35,14
S00089756,66,51,15
S00089757,100,76,24
S00089758,72,50,22
S00089759,130,90,40
S00089760,76,67,9
S00089761,42,33,9
S00089762,102,87,15
S00089763,94,78,16
S00089764,89,74,15
S00089765,101,80,21
S00089766,94,68,26
S00089767,61,50,11
S00089768,58,51,7
S00089769,51,47,4
S00089770,92,74,18
S00089771,91,75,16
S00089772,91,83,8
S00089773,101,91,10
S00089774,77,61,16
S00089775,66,62,4
S00089776,87,73,14
S00089777,87,79,8
S00089778,113,86,27
S00089779,85,59,26
S00089780,70,57,13
S00089781,86,75,11
S00089782,68,64,4
S00089783,28,4,24
S00089784,52,45,7
S00089785,109,73,36
S00089786,73,50,23
S00089787,73,54,19
S00089788,59,49,10
S00089789,107,74,33
S00089790,270,142,128
S00089791,57,41,16
S00089792,72,47,25
S00089793,69,54,15
S00089794,59,50,9
S00089795,128,79,49
S00089796,106,86,20
S00089797,89,74,15
S00089798,92,77,15
S00089799,114,87,27
S00089800,93,66,27
S00089801,61,19,42
S00089802,131,84,47
S00089803,61,49,12
S00089804,101,74,27
S00089805,50,37,13
S00089806,81,63,18
S00089807,61,47,14
S00089808,68,57,11
S00089809,69,48,21
S00089810,45,29,16
S00089811,62,45,17
S00089812,74,50,24
S00089813,136,98,38
S00089814,29,16,13
S00089815,78,49,29
S00089816,98,65,33
S00089817,95,64,31
S00089818,70,54,16
S00089819,127,100,27
S00089820,94,69,25
S00089821,89,65,24
S00089822,80,59,21
S00089823,72,50,22
S00089824,126,91,35
S00089825,115,83,32
S00089826,85,77,8
S00089827,92,69,23
S00089828,24,7,17
S00089829,75,54,21
S00089830,88,67,21
S00089831,90,65,25
S00089832,65,44,21
S00089833,100,84,16
S00089834,66,54,12
S00089835,68,45,23
S00089836,133,85,48
S00089837,115,84,31
S00089838,101,73,28
S00089839,69,45,24
S00089840,58,42,16
S00089841,94,70,24
S00089842,62,48,14
S00089843,103,75,28
S00089844,90,64,26
S00089845,104,70,34
S00089846,61,42,19
S00089847,62,45,17
S00089848,88,75,13
S00089849,111,90,21
S00089850,106,60,46
S00089851,56,39,17
S00089852,34,14,20
S00089853,97,66,31
S00089854,39,1,38
S00089855,96,64,32
S00089856,108,76,32
S00089857,83,62,21
S00089858,65,46,19
S00089859,85,63,22
S00089860,88,73,15
S00089861,66,50,16
S00089862,100,61,39
S00089863,116,76,40
S00089864,127,100,27
S00089865,107,82,25
S00089866,58,34,24
S00089867,88,71,17
S00089868,46,24,22
S00089869,127,101,26
S00089870,89,66,23
S00089871,72,44,28
S00089872,110,84,26
S00089873,131,96,35
S00089874,113,88,25
S00089875,93,61,32
S00089876,85,70,15
S00089877,78,53,25
S00089878,70,44,26
S00089879,106,89,17
S00089880,117,74,43
S00089881,134,104,30
S00089882,92,61,31
S00089883,65,37,28
S00089884,80,53,27
S00089885,96,65,31
S00089886,62,31,31
S00089887,77,55,22
S00089888,61,45,16
S00089889,48,29,19
S00089890,100,75,25
S00089891,199,74,125
S00089892,113,91,22
S00089893,102,71,31
S00089894,139,106,33
S00089895,71,51,20
S00089896,66,49,17
S00089897,80,51,29
S00089898,98,79,19
S00089899,98,76,22
S00089900,72,51,21
S00089901,71,52,19
S00089902,128,89,39
S00089903,106,72,34
S00089904,79,60,19
S00089905,75,59,16
S00089906,66,53,13
S00089907,70,48,22
S00089908,68,38,30
S00089909,44,34,10
S00089910,88,67,21
S00089911,115,86,29
S00089912,84,67,17
S00089913,60,45,15
S00089914,68,50,18
S00089915,50,26,24
S00089916,80,48,32
S00089917,86,67,19
S00089918,80,74,6
S00089919,66,50,16
S00089920,89,58,31
S00089921,69,45,24
S00089922,63,50,13
S00089923,68,48,20
S00089924,67,54,13
S00089925,74,52,22
S00089926,81,65,16
S00089927,75,58,17
S00089928,95,67,28
S00089929,88,68,20
S00089930,59,45,14
S00089931,71,55,16
S00089932,89,70,19
S00089933,55,41,14
S00089934,68,53,15
S00089935,83,64,19
S00089936,54,33,21
S00089937,54,39,15
S00089938,84,54,30
S00089939,94,68,26
S00089940,72,49,23
S00089941,77,59,18
S00089942,49,32,17
S00089943,66,46,20
S00089944,11,2,9
S00089945,146,117,29
S00089946,92,66,26
S00089947,74,52,22
S00089948,111,99,12
S00089949,78,58,20
S00089950,80,62,18
S00089951,76,56,20
S00089952,98,69,29
S00089953,44,23,21
S00089954,91,56,35
S00089955,141,121,20
S00089956,20,3,17
S00089957,88,60,28
S00089958,81,69,12
S00089959,79,51,28
S00089960,72,58,14
S00089961,68,44,24
S00089962,56,36,20
S00089963,62,35,27
S00089964,40,10,30
S00089965,118,85,33
S00089966,129,90,39
S00089967,82,59,23
S00089968,67,44,23
S00089969,62,42,20
S00089970,76,60,16
S00089971,110,81,29
S00089972,70,48,22
S00089973,80,55,25
S00089974,64,51,13
S00089975,93,69,24
S00089976,79,60,19
S00089977,84,70,14
S00089978,87,57,30
S00089979,79,63,16
S00089980,75,50,25
S00089981,22,4,18
S00089982,68,39,29
S00089983,57,39,18
S00089984,70,59,11
S00089985,83,67,16
S00089986,64,47,17
S00089987,58,40,18
S00089988,82,62,20
S00089989,79,63,16
S00089990,67,40,27
S00089991,83,70,13
S00089992,97,82,15
S00089993,75,45,30
S00089994,80,55,25
S00089995,63,41,22
S00089996,41,29,12
S00089997,96,61,35
S00089998,129,89,40
S00089999,80,63,17
S00090000,80,47,33
S00090001,54,31,23
S00090002,120,80,40
S00090003,100,72,28
S00090004,60,41,19
S00090005,44,31,13
S00090006,76,25,51
S00090007,151,107,44
S00090008,69,37,32
S00090009,76,51,25
S00090010,79,57,22
S00090011,80,66,14
S00090012,101,72,29
S00090013,86,64,22
S00090014,107,83,24
S00090015,78,62,16
S00090016,75,58,17
S00090017,87,67,20
S00090018,102,74,28
S00090019,41,31,10
S00090020,39,25,14
S00090021,104,78,26
S00090022,81,65,16
S00090023,56,36,20
S00090024,97,66,31
S00090025,118,82,36
S00090026,57,38,19
S00090027,104,73,31
S00090028,94,71,23
S00090029,80,58,22
S00090030,68,48,20
S00090031,116,81,35
S00090032,88,65,23
S00090033,105,74,31
S00090034,101,79,22
S00090035,81,58,23
S00090036,93,59,34
S00090037,99,71,28
S00090038,74,56,18
S00090039,101,70,31
S00090040,124,84,40
S00090041,46,34,12
S00090042,81,59,22
S00090043,101,76,25
S00090044,114,81,33
S00090045,136,102,34
S00090046,28,11,17
S00090047,77,58,19
S00090048,84,64,20
S00090049,115,78,37
S00090050,85,61,24
S00090051,100,65,35
S00090052,85,59,26
S00090053,88,66,22
S00090054,124,84,40
S00090055,100,63,37
S00090056,69,54,15
S00090057,84,62,22
S00090058,35,10,25
S00090059,114,74,40
S00090060,93,73,20
S00090061,84,66,18
S00090062,59,37,22
S00090063,72,54,18
S00090064,120,95,25
S00090065,43,28,15
S00090066,52,42,10
S00090067,78,61,17
S00090068,92,76,16
S00090069,120,89,31
S00090070,181,118,63
S00090071,111,95,16
S00090072,112,101,11
S00090073,112,92,20
S00090074,106,88,18
S00090075,117,89,28
S00090076,130,99,31
S00090077,94,82,12
S00090078,125,91,34
S00090079,108,86,22
S00090080,87,75,12
S00090081,97,73,24
S00090082,69,51,18
S00090083,86,56,30
S00090084,122,93,29
S00090085,110,80,30
S00090086,111,85,26
S00090087,87,55,32
S00090088,79,55,24
S00090089,79,60,19
S00090090,49,41,8
S00090091,138,113,25
S00090092,46,31,15
S00090093,27,13,14
S00090094,109,79,30
S00090095,116,96,20
S00090096,79,64,15
S00090097,62,49,13
S00090098,56,44,12
S00090099,148,92,56
S00090100,114,86,28
S00090101,113,74,39
S00090102,92,72,20
S00090103,125,93,32
S00090104,99,80,19
S00090105,72,52,20
S00090106,132,104,28
S00090107,113,86,27
S00090108,113,95,18
S00090109,96,74,22
S00090110,111,86,25
S00090111,65,46,19
S00090112,144,100,44
S00090113,80,48,32
S00090114,105,82,23
S00090115,80,55,25
S00090116,120,100,20
S00090117,107,82,25
S00090118,120,91,29
S00090119,178,147,31
S00090120,118,91,27
S00090121,196,157,39
S00090122,102,83,19
S00090123,80,77,3
S00090124,50,30,20
S00090125,37,15,22
S00090126,90,69,21
S00090127,113,77,36
S00090128,87,74,13
S00090129,103,70,33
S00090130,92,63,29
S00090131,120,98,22
S00090132,118,91,27
S00090133,152,134,18
S00090134,119,98,21
S00090135,116,96,20
S00090136,115,107,8
S00090137,101,95,6
S00090138,88,74,14
S00090139,107,91,16
S00090140,86,75,11
S00090141,66,55,11
S00090142,83,54,29
S00090143,61,49,12
S00090144,67,45,22
S00090145,85,62,23
S00090146,53,28,25
S00090147,57,33,24
S00090148,60,36,24
S00090149,120,88,32
S00090150,62,30,32
S00090151,57,42,15
S00090152,73,50,23
S00090153,90,66,24
S00090154,91,68,23
S00090155,78,64,14
S00090156,72,54,18
S00090157,120,92,28
S00090158,84,65,19
S00090159,103,63,40
S00090160,90,64,26
S00090161,83,66,17
S00090162,110,88,22
S00090163,77,57,20
S00090164,113,98,15
S00090165,111,85,26
S00090166,110,100,10
S00090167,85,80,5
S00090168,67,49,18
S00090169,67,36,31
S00090170,81,61,20
S00090171,43,37,6
S00090172,97,62,35
S00090173,97,67,30
S00090174,106,64,42
S00090175,99,70,29
S00090176,53,35,18
S00090177,95,69,26
S00090178,105,66,39
S00090179,110,81,29
S00090180,104,72,32
S00090181,104,76,28
S00090182,108,85,23
S00090183,128,113,15
S00090184,75,65,10
S00090185,64,48,16
S00090186,89,62,27
S00090187,89,77,12
S00090188,89,68,21
S00090189,64,59,5
S00090190,108,71,37
S00090191,102,80,22
S00090192,73,56,17
S00090193,89,75,14
S00090194,75,55,20
S00090195,84,77,7
S00090196,79,61,18
S00090197,79,60,19
S00090198,82,54,28
S00090199,65,47,18
S00090200,77,59,18
S00090201,99,82,17
S00090202,95,82,13
S00090203,99,79,20
S00090204,94,50,44
S00090205,76,59,17
S00090206,69,46,23
S00090207,76,50,26
S00090208,76,49,27
S00090209,77,54,23
S00090210,72,51,21
S00090211,56,52,4
S00090212,51,32,19
S00090213,55,44,11
S00090214,80,50,30
S00090215,117,78,39
S00090216,86,54,32
S00090217,83,70,13
S00090218,88,70,18
S00090219,91,62,29
S00090220,87,66,21
S00090221,109,82,27
S00090222,147,104,43
S00090223,123,85,38
S00090224,120,80,40
S00090225,62,48,14
S00090226,126,105,21
S00090227,180,135,45
S00090228,133,93,40
S00090229,153,119,34
S00090230,87,85,2
S00090231,95,82,13
S00090232,69,49,20
S00090233,73,51,22
S00090234,79,62,17
S00090235,112,89,23
S00090236,66,56,10
S00090237,64,44,20
S00090238,60,59,1
S00090239,97,70,27
S00090240,112,88,24
S00090241,117,97,20
S00090242,109,88,21
S00090243,72,52,20
S00090244,75,65,10
S00090245,135,102,33
S00090246,40,32,8
S00090247,101,87,14
S00090248,40,24,16
S00090249,145,129,16
S00090250,101,80,21
S00090251,116,99,17
S00090252,140,123,17
S00090253,144,107,37
S00090254,94,69,25
S00090255,122,97,25
S00090256,129,75,54
S00090257,114,73,41
S00090258,140,111,29
S00090259,79,53,26
S00090260,106,68,38
S00090261,82,60,22
S00090262,54,41,13
S00090263,120,77,43
S00090264,94,61,33
S00090265,95,82,13
S00090266,88,63,25
S00090267,63,48,15
S00090268,82,51,31
S00090269,102,88,14
S00090270,88,75,13
S00090271,120,103,17
S00090272,77,53,24
S00090273,22,9,13
S00090274,57,44,13
S00090275,44,39,5
S00090276,78,55,23
S00090277,98,74,24
S00090278,104,75,29
S00090279,101,63,38
S00090280,64,38,26
S00090281,96,78,18
S00090282,86,63,23
S00090283,57,40,17
S00090284,66,49,17
S00090285,67,52,15
S00090286,81,56,25
S00090287,91,73,18
S00090288,116,88,28
S00090289,59,50,9
S00090290,59,45,14
S00090291,74,46,28
S00090292,86,48,38
S00090293,83,56,27
S00090294,86,63,23
S00090295,96,82,14
S00090296,83,57,26
S00090297,111,75,36
S00090298,61,45,16
S00090299,91,64,27
S00090300,86,57,29
S00090301,52,34,18
S00090302,67,41,26
S00090303,123,78,45
S00090304,117,90,27
S00090305,140,91,49
S00090306,135,101,34
S00090307,108,85,23
S00090308,93,60,33
S00090309,103,75,28
S00090310,91,63,28
S00090311,118,95,23
S00090312,74,50,24
S00090313,135,95,40
S00090314,134,70,64
S00090315,81,64,17
S00090316,128,73,55
S00090317,125,81,44
S00090318,159,102,57
S00090319,64,43,21
S00090320,60,48,12
S00090321,96,69,27
S00090322,91,70,21
S00090323,66,40,26
S00090324,58,38,20
S00090325,65,48,17
S00090326,57,35,22
S00090327,67,54,13
S00090328,41,31,10
S00090329,67,55,12
S00090330,49,40,9
S00090331,130,96,34
S00090332,94,68,26
S00090333,99,63,36
S00090334,39,22,17
S00090335,55,40,15
S00090336,79,48,31
S00090337,113,89,24
S00090338,37,30,7
S00090339,33,25,8
S00090340,68,45,23
S00090341,58,46,12
S00090342,57,46,11
S00090343,69,45,24
S00090344,54,44,10
S00090345,101,87,14
S00090346,70,45,25
S00090347,122,93,29
S00090348,127,92,35
S00090349,67,36,31
S00090350,68,57,11
S00090351,49,34,15
S00090352,72,48,24
S00090353,57,48,9
S00090354,147,124,23
S00090355,49,32,17
S00090356,77,63,14
S00090357,177,140,37
S00090358,124,96,28
S00090359,109,87,22
S00090360,71,56,15
S00090361,68,49,19
S00090362,113,80,33
S00090363,23,17,6
S00090364,61,43,18
S00090365,90,72,18
S00090366,61,45,16
S00090367,42,29,13
S00090368,39,34,5
S00090369,109,79,30
S00090370,103,86,17
S00090371,91,70,21
S00090372,75,68,7
S00090373,47,38,9
S00090374,94,57,37
S00090375,52,34,18
S00090376,93,78,15
S00090377,72,60,12
S00090378,62,54,8
S00090379,61,37,24
S00090380,69,48,21
S00090381,96,57,39
S00090382,42,21,21
S00090383,69,60,9
S00090384,50,38,12
S00090385,126,98,28
S00090386,55,48,7
S00090387,57,37,20
S00090388,115,91,24
S00090389,92,68,24
S00090390,72,54,18
S00090391,66,48,18
S00090392,75,47,28
S00090393,90,64,26
S00090394,68,39,29
S00090395,83,49,34
S00090396,61,44,17
S00090397,63,51,12
S00090398,57,47,10
S00090399,144,99,45
S00090400,98,61,37
S00090401,56,40,16
S00090402,69,48,21
S00090403,109,96,13
S00090404,151,109,42
S00090405,109,95,14
S00090406,93,80,13
S00090407,145,118,27
S00090408,58,52,6
S00090409,97,83,14
S00090410,82,55,27
S00090411,72,66,6
S00090412,51,40,11
S00090413,73,55,18
S00090414,76,63,13
S00090415,104,75,29
S00090416,85,62,23
S00090417,50,31,19
S00090418,38,28,10
S00090419,74,58,16
S00090420,66,42,24
S00090421,103,77,26
S00090422,65,42,23
S00090423,198,139,59
S00090424,46,33,13
S00090425,74,50,24
S00090426,83,65,18
S00090427,59,37,22
S00090428,159,115,44
S00090429,73,49,24
S00090430,68,42,26
S00090431,100,71,29
S00090432,45,34,11
S00090433,74,49,25
S00090434,68,49,19
S00090435,53,40,13
S00090436,113,92,21
S00090437,105,78,27
S00090438,57,48,9
S00090439,68,54,14
S00090440,105,77,28
S00090441,125,93,32
S00090442,81,40,41
S00090443,48,23,25
S00090444,213,82,131
S00090445,79,55,24
S00090446,71,55,16
S00090447,97,78,19
S00090448,46,37,9
S00090449,63,48,15
S00090450,62,37,25
S00090451,58,49,9
S00090452,65,52,13
S00090453,47,40,7
S00090454,137,109,28
S00090455,60,49,11
S00090456,41,29,12
S00090457,43,39,4
S00090458,80,61,19
S00090459,68,45,23
S00090460,86,51,35
S00090461,58,38,20
S00090462,106,71,35
S00090463,69,48,21
S00090464,60,52,8
S00090465,103,65,38
S00090466,56,39,17
S00090467,79,58,21
S00090468,100,80,20
S00090469,73,59,14
S00090470,67,40,27
S00090471,79,54,25
S00090472,80,61,19
S00090473,69,50,19
S00090474,84,70,14
S00090475,71,51,20
S00090476,79,57,22
S00090477,77,58,19
S00090478,96,67,29
S00090479,40,4,36
S00090480,28,4,24
S00090481,55,38,17
S00090482,59,43,16
S00090483,63,45,18
S00090484,85,59,26
S00090485,63,49,14
S00090486,63,28,35
S00090487,45,26,19
S00090488,82,58,24
S00090489,58,48,10
S00090490,92,64,28
S00090491,41,31,10
S00090492,46,29,17
S00090493,68,44,24
S00090494,67,51,16
S00090495,59,37,22
S00090496,187,151,36
S00090497,74,65,9
S00090498,78,68,10
S00090499,139,118,21
S00090500,99,76,23
S00090501,92,85,7
S00090502,69,59,10
S00090503,57,42,15
S00090504,128,92,36
S00090505,97,66,31
S00090506,80,65,15
S00090507,147,115,32
S00090508,81,60,21
S00090509,111,89,22
S00090510,90,66,24
S00090511,59,53,6
S00090512,59,49,10
S00090513,82,55,27
S00090514,79,57,22
S00090515,94,69,25
S00090516,92,75,17
S00090517,100,63,37
S00090518,90,77,13
S00090519,63,31,32
S00090520,92,46,46
S00090521,60,56,4
S00090522,66,50,16
S00090523,832,401,431
S00090524,99,78,21
S00090525,75,53,22
S00090526,80,54,26
S00090527,119,97,22
S00090528,93,57,36
S00090529,81,58,23
S00090530,78,60,18
S00090531,92,65,27
S00090532,66,49,17
S00090533,43,30,13
S00090534,75,53,22
S00090535,58,44,14
S00090536,64,44,20
S00090537,87,65,22
S00090538,119,96,23
S00090539,110,96,14
S00090540,87,65,22
S00090541,115,96,19
S00090542,64,49,15
S00090543,108,85,23
S00090544,81,62,19
S00090545,68,56,12
S00090546,20,5,15
S00090547,65,47,18
S00090548,66,47,19
S00090549,50,40,10
S00090550,84,80,4
S00090551,82,67,15
S00090552,79,66,13
S00090553,170,148,22
S00090554,83,71,12
S00090555,43,39,4
S00090556,105,73,32
S00090557,61,51,10
S00090558,80,73,7
S00090559,80,58,22
S00090560,99,86,13
S00090561,116,104,12
S00090562,131,117,14
S00090563,77,56,21
S00090564,102,87,15
S00090565,79,63,16
S00090566,66,58,8
S00090567,99,93,6
S00090568,99,57,42
S00090569,82,71,11
S00090570,94,77,17
S00090571,81,58,23
S00090572,112,89,23
S00090573,86,61,25
S00090574,66,62,4
S00090575,165,133,32
S00090576,83,65,18
S00090577,111,98,13
S00090578,55,52,3
S00090579,88,69,19
S00090580,133,111,22
S00090581,59,42,17
S00090582,134,109,25
S00090583,48,39,9
S00090584,76,68,8
S00090585,93,70,23
S00090586,107,88,19
S00090587,69,59,10
S00090588,61,51,10
S00090589,76,60,16
S00090590,101,74,27
S00090591,79,66,13
S00090592,63,44,19
S00090593,57,37,20
S00090594,69,28,41
S00090595,54,36,18
S00090596,127,99,28
S00090597,97,90,7
S00090598,77,58,19
S00090599,94,73,21
S00090600,59,36,23
S00090601,80,57,23
S00090602,61,55,6
S00090603,76,51,25
S00090604,69,48,21
S00090605,73,58,15
S00090606,64,31,33
S00090607,114,83,31
S00090608,44,33,11
S00090609,114,78,36
S00090610,45,27,18
S00090611,81,61,20
S00090612,61,47,14
S00090613,63,45,18
S00090614,89,70,19
S00090615,116,104,12
S00090616,72,57,15
S00090617,54,53,1
S00090618,70,63,7
S00090619,72,59,13
S00090620,108,93,15
S00090621,86,75,11
S00090622,100,90,10
S00090623,48,38,10
S00090624,75,69,6
S00090625,55,47,8
S00090626,87,63,24
S00090627,52,40,12
S00090628,74,65,9
S00090629,97,74,23
S00090630,61,48,13
S00090631,71,64,7
S00090632,96,78,18
S00090633,94,80,14
S00090634,82,70,12
S00090635,85,65,20
S00090636,80,53,27
S00090637,54,46,8
S00090638,113,102,11
S00090639,47,44,3
S00090640,46,40,6
S00090641,101,72,29
S00090642,156,124,32
S00090643,30,10,20
S00090644,74,60,14
S00090645,76,66,10
S00090646,71,45,26
S00090647,64,38,26
S00090648,79,57,22
S00090649,76,36,40
S00090650,106,66,40
S00090651,48,29,19
S00090652,85,62,23
S00090653,69,51,18
S00090654,103,85,18
S00090655,83,54,29
S00090656,66,55,11
S00090657,65,43,22
S00090658,114,73,41
S00090659,86,75,11
S00090660,42,36,6
S00090661,77,64,13
S00090662,62,47,15
S00090663,129,87,42
S00090664,134,97,37
S00090665,89,55,34
S00090666,129,93,36
S00090667,143,101,42
S00090668,127,83,44
S00090669,67,40,27
S00090670,73,57,16
S00090671,90,66,24
S00090672,80,53,27
S00090673,111,91,20
S00090674,88,74,14
S00090675,87,77,10
S00090676,105,72,33
S00090677,88,75,13
S00090678,117,97,20
S00090679,145,122,23
S00090680,51,41,10
S00090681,69,38,31
S00090682,87,74,13
S00090683,87,72,15
S00090684,129,90,39
S00090685,79,64,15
S00090686,50,35,15
S00090687,64,47,17
S00090688,95,54,41
S00090689,162,117,45
S00090690,481,299,182
S00090691,45,27,18
S00090692,120,97,23
S00090693,114,83,31
S00090694,141,99,42
S00090695,168,87,81
S00090696,102,71,31
S00090697,66,44,22
S00090698,69,44,25
S00090699,71,58,13
S00090700,63,49,14
S00090701,2065,818,1247
S00090702,87,46,41
S00090703,52,41,11
S00090704,80,54,26
S00090705,103,79,24
S00090706,47,40,7
S00090707,79,57,22
S00090708,84,72,12
S00090709,80,58,22
S00090710,104,86,18
S00090711,62,56,6
S00090712,133,84,49
S00090713,82,39,43
S00090714,71,49,22
S00090715,65,47,18
S00090716,164,123,41
S00090717,368,172,196
S00090718,96,65,31
S00090719,105,76,29
S00090720,44,29,15
S00090721,125,104,21
S00090722,70,57,13
S00090723,72,55,17
S00090724,61,55,6
S00090725,86,64,22
S00090726,65,48,17
S00090727,51,37,14
S00090728,91,74,17
S00090729,81,55,26
S00090730,96,54,42
S00090731,80,58,22
S00090732,96,72,24
S00090733,71,58,13
S00090734,92,78,14
S00090735,66,46,20
S00090736,67,54,13
S00090737,89,72,17
S00090738,85,52,33
S00090739,92,68,24
S00090740,69,47,22
S00090741,53,38,15
S00090742,107,78,29
S00090743,84,66,18
S00090744,74,57,17
S00090745,70,48,22
S00090746,115,69,46
S00090747,71,54,17
S00090748,87,75,12
S00090749,88,73,15
S00090750,79,75,4
S00090751,128,100,28
S00090752,51,40,11
S00090753,83,61,22
S00090754,96,69,27
S00090755,70,54,16
S00090756,54,44,10
S00090757,84,64,20
S00090758,83,58,25
S00090759,56,50,6
S00090760,113,94,19
S00090761,57,33,24
S00090762,66,55,11
S00090763,54,44,10
S00090764,60,55,5
S00090765,61,54,7
S00090766,73,58,15
S00090767,83,76,7
S00090768,67,47,20
S00090769,109,96,13
S00090770,48,35,13
S00090771,16,0,16
S00090772,72,55,17
S00090773,44,26,18
S00090774,80,53,27
S00090775,69,55,14
S00090776,68,47,21
S00090777,59,32,27
S00090778,63,51,12
S00090779,91,73,18
S00090780,35,3,32
S00090781,91,70,21
S00090782,116,78,38
S00090783,104,86,18
S00090784,96,71,25
S00090785,47,29,18
S00090786,64,35,29
S00090787,88,62,26
S00090788,59,43,16
S00090789,88,66,22
S00090790,71,53,18
S00090791,69,56,13
S00090792,135,94,41
S00090793,98,80,18
S00090794,123,91,32
S00090795,36,19,17
S00090796,60,41,19
S00090797,106,77,29
S00090798,49,29,20
S00090799,73,55,18
S00090800,76,69,7
S00090801,82,62,20
S00090802,129,103,26
S00090803,134,110,24
S00090804,107,74,33
S00090805,97,83,14
S00090806,98,86,12
S00090807,121,90,31
S00090808,108,98,10
S00090809,44,38,6
S00090810,97,66,31
S00090811,123,99,24
S00090812,147,109,38
S00090813,47,37,10
S00090814,69,45,24
S00090815,17,8,9
S00090816,196,150,46
S00090817,83,55,28
S00090818,99,80,19
S00090819,69,48,21
S00090820,138,116,22
S00090821,128,105,23
S00090822,94,74,20
S00090823,122,107,15
S00090824,107,88,19
S00090825,193,154,39
S00090826,65,49,16
S00090827,101,73,28
S00090828,69,62,7
S00090829,108,88,20
S00090830,70,59,11
S00090831,96,74,22
S00090832,36,21,15
S00090833,56,46,10
S00090834,60,55,5
S00090835,93,86,7
S00090836,57,50,7
S00090837,110,99,11
S00090838,88,79,9
S00090839,69,58,11
S00090840,146,112,34
S00090841,91,58,33
S00090842,39,29,10
S00090843,119,102,17
S00090844,113,72,41
S00090845,108,87,21
S00090846,136,119,17
S00090847,89,75,14
S00090848,100,86,14
S00090849,117,105,12
S00090850,94,78,16
S00090851,109,85,24
S00090852,94,84,10
S00090853,91,70,21
S00090854,88,71,17
S00090855,170,156,14
S00090856,105,73,32
S00090857,63,44,19
S00090858,89,78,11
S00090859,103,84,19
S00090860,46,42,4
S00090861,49,45,4
S00090862,113,99,14
S00090863,119,103,16
S00090864,96,87,9
S00090865,102,89,13
S00090866,149,132,17
S00090867,108,98,10
S00090868,65,64,1
S00090869,95,76,19
S00090870,98,72,26
S00090871,88,73,15
S00090872,45,40,5
S00090873,80,66,14
S00090874,65,51,14
S00090875,68,65,3
S00090876,167,144,23
S00090877,72,50,22
S00090878,92,63,29
S00090879,73,41,32
S00090880,70,55,15
S00090881,52,41,11
S00090882,109,85,24
S00090883,142,112,30
S00090884,137,100,37
S00090885,84,58,26
S00090886,151,86,65
S00090887,101,80,21
S00090888,72,51,21
S00090889,111,82,29
S00090890,83,57,26
S00090891,130,91,39
S00090892,52,32,20
S00090893,72,48,24
S00090894,94,64,30
S00090895,65,48,17
S00090896,114,88,26
S00090897,53,33,20
S00090898,64,51,13
S00090899,134,96,38
S00090900,103,77,26
S00090901,74,59,15
S00090902,66,59,7
S00090903,44,38,6
S00090904,181,159,22
S00090905,73,56,17
S00090906,71,49,22
S00090907,54,45,9
S00090908,88,82,6
S00090909,117,92,25
S00090910,110,98,12
S00090911,92,81,11
S00090912,92,89,3
S00090913,68,54,14
S00090914,141,129,12
S00090915,89,79,10
S00090916,148,108,40
S00090917,77,62,15
S00090918,63,56,7
S00090919,105,88,17
S00090920,77,57,20
S00090921,100,91,9
S00090922,86,66,20
S00090923,87,54,33
S00090924,161,134,27
S00090925,99,66,33
S00090926,67,47,20
S00090927,74,65,9
S00090928,94,74,20
S00090929,117,81,36
S00090930,100,87,13
S00090931,145,122,23
S00090932,74,67,7
S00090933,107,97,10
S00090934,121,108,13
S00090935,93,86,7
S00090936,101,82,19
S00090937,122,107,15
S00090938,105,80,25
S00090939,77,57,20
S00090940,60,49,11
S00090941,109,83,26
S00090942,99,82,17
S00090943,93,63,30
S00090944,68,54,14
S00090945,66,44,22
S00090946,105,83,22
S00090947,61,48,13
S00090948,64,56,8
S00090949,88,63,25
S00090950,118,80,38
S00090951,111,84,27
S00090952,104,64,40
S00090953,133,96,37
S00090954,106,75,31
S00090955,105,74,31
S00090956,64,49,15
S00090957,80,61,19
S00090958,125,100,25
S00090959,122,93,29
S00090960,87,75,12
S00090961,65,54,11
S00090962,135,99,36
S00090963,91,66,25
S00090964,70,54,16
S00090965,132,95,37
S00090966,49,35,14
S00090967,62,41,21
S00090968,74,53,21
S00090969,98,67,31
S00090970,119,80,39
S00090971,99,79,20
S00090972,52,37,15
S00090973,70,41,29
S00090974,79,59,20
S00090975,141,103,38
S00090976,79,61,18
S00090977,137,112,25
S00090978,141,99,42
S00090979,142,100,42
S00090980,164,100,64
S00090981,63,53,10
S00090982,108,83,25
S00090983,87,70,17
S00090984,139,113,26
S00090985,93,68,25
S00090986,46,26,20
S00090987,71,45,26
S00090988,138,116,22
S00090989,129,84,45
S00090990,51,37,14
S00090991,141,92,49
S00090992,130,91,39
S00090993,107,68,39
S00090994,129,86,43
S00090995,111,83,28
S00090996,151,118,33
S00090997,153,120,33
S00090998,72,50,22
S00090999,147,119,28
S00091000,157,106,51
S00091001,104,70,34
S00091002,125,94,31
S00091003,133,118,15
S00091004,113,95,18
S00091005,134,109,25
S00091006,100,77,23
S00091007,115,95,20
S00091008,49,31,18
S00091009,91,57,34
S00091010,72,48,24
S00091011,75,52,23
S00091012,57,39,18
S00091013,86,65,21
S00091014,79,60,19
S00091015,100,82,18
S00091016,61,48,13
S00091017,86,57,29
S00091018,63,47,16
S00091019,76,63,13
S00091020,88,79,9
S00091021,79,69,10
S00091022,42,30,12
S00091023,69,44,25
S00091024,140,104,36
S00091025,58,36,22
S00091026,105,83,22
S00091027,111,88,23
S00091028,135,100,35
S00091029,94,73,21
S00091030,85,59,26
S00091031,94,78,16
S00091032,139,106,33
S00091033,88,72,16
S00091034,73,50,23
S00091035,49,45,4
S00091036,93,66,27
S00091037,127,96,31
S00091038,108,81,27
S00091039,147,103,44
S00091040,142,104,38
S00091041,94,68,26
S00091042,78,52,26
S00091043,122,103,19
S00091044,93,78,15
S00091045,146,116,30
S00091046,107,82,25
S00091047,123,103,20
S00091048,66,56,10
S00091049,117,85,32
S00091050,106,79,27
S00091051,55,40,15
S00091052,102,82,20
S00091053,105,71,34
S00091054,145,103,42
S00091055,74,39,35
S00091056,91,63,28
S00091057,134,113,21
S00091058,110,90,20
S00091059,156,119,37
S00091060,52,43,9
S00091061,132,100,32
S00091062,111,88,23
S00091063,101,75,26
S00091064,97,72,25
S00091065,88,68,20
S00091066,81,61,20
S00091067,117,86,31
S00091068,128,99,29
S00091069,87,64,23
S00091070,97,72,25
S00091071,50,34,16
S00091072,78,58,20
S00091073,115,89,26
S00091074,148,106,42
S00091075,57,48,9
S00091076,63,49,14
S00091077,129,101,28
S00091078,62,54,8
S00091079,57,38,19
S00091080,65,49,16
S00091081,147,114,33
S00091082,140,111,29
S00091083,111,83,28
S00091084,41,35,6
S00091085,69,53,16
S00091086,48,40,8
S00091087,97,78,19
S00091088,102,73,29
S00091089,105,94,11
S00091090,130,106,24
S00091091,95,88,7
S00091092,145,112,33
S00091093,102,86,16
S00091094,90,67,23
S00091095,66,49,17
S00091096,125,101,24
S00091097,52,43,9
S00091098,50,46,4
S00091099,67,56,11
S00091100,114,81,33
S00091101,79,59,20
S00091102,70,51,19
S00091103,78,56,22
S00091104,53,41,12
S00091105,113,89,24
S00091106,102,80,22
S00091107,113,89,24
S00091108,128,94,34
S00091109,122,96,26
S00091110,121,88,33
S00091111,90,83,7
S00091112,83,76,7
S00091113,119,102,17
S00091114,87,74,13
S00091115,100,82,18
S00091116,76,60,16
S00091117,94,76,18
S00091118,133,112,21
S00091119,104,84,20
S00091120,104,80,24
S00091121,99,75,24
S00091122,108,100,8
S00091123,103,89,14
S00091124,100,89,11
S00091125,86,66,20
S00091126,202,161,41
S00091127,65,50,15
S00091128,91,78,13
S00091129,75,65,10
S00091130,102,85,17
S00091131,128,101,27
S00091132,105,79,26
S00091133,89,69,20
S00091134,72,43,29
S00091135,90,67,23
S00091136,133,103,30
S00091137,135,98,37
S00091138,67,47,20
S00091139,60,43,17
S00091140,119,99,20
S00091141,49,43,6
S00091142,89,68,21
S00091143,94,79,15
S00091144,108,91,17
S00091145,135,116,19
S00091146,97,72,25
S00091147,88,62,26
S00091148,98,65,33
S00091149,129,102,27
S00091150,97,79,18
S00091151,132,95,37
S00091152,108,90,18
S00091153,81,63,18
S00091154,104,84,20
S00091155,81,69,12
S00091156,73,55,18
S00091157,114,78,36
S00091158,100,77,23
S00091159,71,50,21
S00091160,120,98,22
S00091161,121,99,22
S00091162,132,108,24
S00091163,105,90,15
S00091164,71,50,21
S00091165,140,118,22
S00091166,115,91,24
S00091167,66,52,14
S00091168,110,86,24
S00091169,51,40,11
S00091170,137,97,40
S00091171,80,59,21
S00091172,46,38,8
S00091173,104,77,27
S00091174,84,64,20
S00091175,116,94,22
S00091176,96,81,15
S00091177,84,59,25
S00091178,139,103,36
S00091179,49,36,13
S00091180,53,41,12
S00091181,123,99,24
S00091182,97,70,27
S00091183,61,50,11
S00091184,73,46,27
S00091185,89,59,30
S00091186,95,70,25
S00091187,104,83,21
S00091188,111,81,30
S00091189,90,62,28
S00091190,80,60,20
S00091191,112,89,23
S00091192,116,79,37
S00091193,103,81,22
S00091194,78,40,38
S00091195,82,60,22
S00091196,102,82,20
S00091197,104,82,22
S00091198,120,99,21
S00091199,111,81,30
S00091200,98,66,32
S00091201,86,71,15
S00091202,108,85,23
S00091203,95,75,20
S00091204,95,64,31
S00091205,80,60,20
S00091206,71,47,24
S00091207,93,68,25
S00091208,80,61,19
S00091209,139,105,34
S00091210,115,92,23
S00091211,130,110,20
S00091212,97,84,13
S00091213,140,99,41
S00091214,66,57,9
S00091215,90,72,18
S00091216,106,77,29
S00091217,113,91,22
S00091218,137,116,21
S00091219,75,51,24
S00091220,93,66,27
S00091221,48,41,7
S00091222,107,94,13
S00091223,130,106,24
S00091224,105,85,20
S00091225,71,47,24
S00091226,84,68,16
S00091227,158,128,30
S00091228,141,110,31
S00091229,104,85,19
S00091230,125,105,20
S00091231,125,98,27
S00091232,80,67,13
S00091233,161,143,18
S00091234,110,95,15
S00091235,94,84,10
S00091236,108,100,8
S00091237,149,120,29
S00091238,76,54,22
S00091239,94,77,17
S00091240,84,75,9
S00091241,91,73,18
S00091242,110,101,9
S00091243,72,56,16
S00091244,138,99,39
S00091245,99,79,20
S00091246,72,44,28
S00091247,98,78,20
S00091248,104,96,8
S00091249,123,111,12
S00091250,115,83,32
S00091251,88,61,27
S00091252,122,90,32
S00091253,148,123,25
S00091254,86,65,21
S00091255,114,93,21
S00091256,52,43,9
S00091257,112,87,25
S00091258,108,100,8
S00091259,102,79,23
S00091260,112,99,13
S00091261,103,90,13
S00091262,86,77,9
S00091263,149,131,18
S00091264,98,75,23
S00091265,94,78,16
S00091266,72,50,22
S00091267,127,108,19
S00091268,129,117,12
S00091269,59,47,12
S00091270,61,44,17
S00091271,142,115,27
S00091272,103,72,31
S00091273,91,72,19
S00091274,157,122,35
S00091275,150,123,27
S00091276,101,87,14
S00091277,117,102,15
S00091278,101,91,10
S00091279,94,75,19
S00091280,100,69,31
S00091281,124,108,16
S00091282,120,86,34
S00091283,121,95,26
S00091284,136,112,24
S00091285,137,112,25
S00091286,115,97,18
S00091287,132,103,29
S00091288,105,78,27
S00091289,69,58,11
S00091290,95,76,19
S00091291,132,87,45
S00091292,47,33,14
S00091293,96,80,16
S00091294,110,84,26
S00091295,104,86,18
S00091296,112,87,25
S00091297,163,144,19
S00091298,49,42,7
S00091299,86,66,20
S00091300,125,100,25
S00091301,55,44,11
S00091302,147,113,34
S00091303,84,62,22
S00091304,89,74,15
S00091305,88,64,24
S00091306,113,85,28
S00091307,96,71,25
S00091308,88,72,16
S00091309,79,56,23
S00091310,99,88,11
S00091311,141,109,32
S00091312,119,98,21
S00091313,125,117,8
S00091314,54,45,9
S00091315,55,40,15
S00091316,59,47,12
S00091317,98,76,22
S00091318,73,50,23
S00091319,206,133,73
S00091320,101,73,28
S00091321,94,66,28
S00091322,121,92,29
S00091323,105,89,16
S00091324,116,95,21
S00091325,111,96,15
S00091326,103,88,15
S00091327,122,102,20
S00091328,83,57,26
S00091329,111,73,38
S00091330,101,68,33
S00091331,102,80,22
S00091332,64,48,16
S00091333,69,53,16
S00091334,85,66,19
S00091335,97,68,29
S00091336,95,70,25
S00091337,55,41,14
S00091338,44,38,6
S00091339,53,40,13
S00091340,76,55,21
S00091341,135,94,41
S00091342,90,73,17
S00091343,139,117,22
S00091344,66,53,13
S00091345,123,95,28
S00091346,75,55,20
S00091347,87,58,29
S00091348,89,65,24
S00091349,97,74,23
S00091350,104,82,22
S00091351,129,102,27
S00091352,83,67,16
S00091353,76,63,13
S00091354,77,54,23
S00091355,113,92,21
S00091356,110,89,21
S00091357,80,67,13
S00091358,113,87,26
S00091359,86,66,20
S00091360,59,49,10
S00091361,105,90,15
S00091362,102,70,32
S00091363,62,41,21
S00091364,85,66,19
S00091365,138,119,19
S00091366,139,115,24
S00091367,80,65,15
S00091368,125,99,26
S00091369,155,122,33
S00091370,102,86,16
S00091371,132,116,16
S00091372,75,68,7
S00091373,109,90,19
S00091374,80,64,16
S00091375,82,55,27
S00091376,46,22,24
S00091377,89,75,14
S00091378,86,76,10
S00091379,124,98,26
S00091380,68,43,25
S00091381,122,81,41
S00091382,126,81,45
S00091383,106,68,38
S00091384,79,57,22
S00091385,67,51,16
S00091386,143,106,37
S00091387,98,77,21
S00091388,118,90,28
S00091389,42,25,17
S00091390,109,80,29
S00091391,98,80,18
S00091392,100,76,24
S00091393,161,131,30
S00091394,101,71,30
S00091395,108,78,30
S00091396,64,48,16
S00091397,75,57,18
S00091398,111,83,28
S00091399,71,60,11
S00091400,43,33,10
S00091401,125,102,23
S00091402,53,41,12
S00091403,135,111,24
S00091404,117,89,28
S00091405,52,44,8
S00091406,41,27,14
S00091407,76,58,18
S00091408,103,74,29
S00091409,79,62,17
S00091410,83,68,15
S00091411,70,48,22
S00091412,127,106,21
S00091413,102,76,26
S00091414,113,93,20
S00091415,100,80,20
S00091416,107,82,25
S00091417,72,52,20
S00091418,88,65,23
S00091419,43,24,19
S00091420,68,55,13
S00091421,93,77,16
S00091422,91,59,32
S00091423,94,74,20
S00091424,80,54,26
S00091425,118,93,25
S00091426,52,39,13
S00091427,95,71,24
S00091428,90,60,30
S00091429,168,129,39
S00091430,86,55,31
S00091431,94,72,22
S00091432,116,93,23
S00091433,52,39,13
S00091434,97,77,20
S00091435,116,85,31
S00091436,114,91,23
S00091437,136,102,34
S00091438,109,85,24
S00091439,49,30,19
S00091440,81,67,14
S00091441,63,42,21
S00091442,47,35,12
S00091443,112,75,37
S00091444,68,44,24
S00091445,122,86,36
S00091446,116,78,38
S00091447,105,75,30
S00091448,74,52,22
S00091449,96,56,40
S00091450,110,76,34
S00091451,90,59,31
S00091452,78,61,17
S00091453,123,91,32
S00091454,87,52,35
S00091455,112,76,36
S00091456,99,74,25
S00091457,68,55,13
S00091458,98,75,23
S00091459,53,34,19
S00091460,99,78,21
S00091461,106,89,17
S00091462,74,54,20
S00091463,129,102,27
S00091464,65,55,10
S00091465,98,72,26
S00091466,110,75,35
S00091467,81,63,18
S00091468,74,55,19
S00091469,89,68,21
S00091470,92,76,16
S00091471,86,55,31
S00091472,72,45,27
S00091473,127,88,39
S00091474,96,65,31
S00091475,115,85,30
S00091476,98,78,20
S00091477,83,64,19
S00091478,94,69,25
S00091479,68,45,23
S00091480,114,86,28
S00091481,40,21,19
S00091482,126,92,34
S00091483,97,72,25
S00091484,84,64,20
S00091485,123,106,17
S00091486,123,100,23
S00091487,79,45,34
S00091488,80,44,36
S00091489,82,62,20
S00091490,85,53,32
S00091491,105,74,31
S00091492,124,71,53
S00091493,153,107,46
S00091494,161,114,47
S00091495,128,93,35
S00091496,88,49,39
S00091497,134,106,28
S00091498,83,60,23
S00091499,71,55,16
S00091500,95,70,25
S00091501,81,64,17
S00091502,39,26,13
S00091503,77,59,18
S00091504,108,69,39
S00091505,83,62,21
S00091506,102,69,33
S00091507,45,32,13
S00091508,70,43,27
S00091509,85,55,30
S00091510,116,80,36
S00091511,74,65,9
S00091512,102,82,20
S00091513,84,70,14
S00091514,42,20,22
S00091515,70,41,29
S00091516,76,43,33
S00091517,30,17,13
S00091518,77,66,11
S00091519,51,42,9
S00091520,53,32,21
S00091521,103,88,15
S00091522,58,37,21
S00091523,59,46,13
S00091524,91,70,21
S00091525,80,58,22
S00091526,80,61,19
S00091527,83,71,12
S00091528,58,42,16
S00091529,65,42,23
S00091530,160,123,37
S00091531,96,61,35
S00091532,95,77,18
S00091533,148,118,30
S00091534,108,71,37
S00091535,88,77,11
S00091536,105,80,25
S00091537,104,79,25
S00091538,67,56,11
S00091539,65,50,15
S00091540,53,43,10
S00091541,104,84,20
S00091542,46,25,21
S00091543,86,53,33
S00091544,65,40,25
S00091545,70,47,23
S00091546,50,42,8
S00091547,53,34,19
S00091548,61,49,12
S00091549,113,78,35
S00091550,128,81,47
S00091551,68,45,23
S00091552,59,39,20
S00091553,91,61,30
S00091554,101,60,41
S00091555,94,60,34
S00091556,74,55,19
S00091557,113,73,40
S00091558,88,65,23
S00091559,85,51,34
S00091560,89,68,21
S00091561,60,53,7
S00091562,38,23,15
S00091563,60,48,12
S00091564,65,49,16
S00091565,72,59,13
S00091566,87,60,27
S00091567,91,66,25
S00091568,88,58,30
S00091569,73,52,21
S00091570,91,74,17
S00091571,83,63,20
S00091572,108,75,33
S00091573,94,76,18
S00091574,121,75,46
S00091575,90,76,14
S00091576,102,90,12
S00091577,88,75,13
S00091578,52,45,7
S00091579,92,79,13
S00091580,98,77,21
S00091581,139,117,22
S00091582,132,110,22
S00091583,105,79,26
S00091584,96,82,14
S00091585,66,56,10
S00091586,68,56,12
S00091587,175,150,25
S00091588,117,94,23
S00091589,67,55,12
S00091590,157,126,31
S00091591,153,131,22
S00091592,142,130,12
S00091593,173,142,31
S00091594,97,75,22
S00091595,60,47,13
S00091596,75,66,9
S00091597,55,43,12
S00091598,171,146,25
S00091599,83,47,36
S00091600,84,60,24
S00091601,95,59,36
S00091602,77,49,28
S00091603,29,23,6
S00091604,75,58,17
S00091605,95,63,32
S00091606,61,44,17
S00091607,76,63,13
S00091608,78,55,23
S00091609,69,37,32
S00091610,61,40,21
S00091611,30,22,8
S00091612,104,73,31
S00091613,122,85,37
S00091614,75,58,17
S00091615,110,88,22
S00091616,39,26,13
S00091617,111,88,23
S00091618,66,51,15
S00091619,136,98,38
S00091620,111,77,34
S00091621,135,93,42
S00091622,77,62,15
S00091623,174,142,32
S00091624,123,89,34
S00091625,61,50,11
S00091626,114,83,31
S00091627,126,95,31
S00091628,126,97,29
S00091629,88,63,25
S00091630,131,85,46
S00091631,44,35,9
S00091632,145,124,21
S00091633,147,117,30
S00091634,76,48,28
S00091635,86,74,12
S00091636,94,81,13
S00091637,96,79,17
S00091638,135,98,37
S00091639,98,81,17
S00091640,77,62,15
S00091641,113,87,26
S00091642,73,42,31
S00091643,87,60,27
S00091644,118,96,22
S00091645,91,62,29
S00091646,63,46,17
S00091647,73,54,19
S00091648,122,98,24
S00091649,107,91,16
S00091650,70,57,13
S00091651,109,79,30
S00091652,105,76,29
S00091653,45,44,1
S00091654,100,68,32
S00091655,57,52,5
S00091656,101,67,34
S00091657,75,60,15
S00091658,79,66,13
S00091659,145,115,30
S00091660,137,105,32
S00091661,128,106,22
S00091662,97,75,22
S00091663,122,104,18
S00091664,122,98,24
S00091665,123,91,32
S00091666,66,42,24
S00091667,116,94,22
S00091668,114,90,24
S00091669,111,81,30
S00091670,91,77,14
S00091671,128,110,18
S00091672,108,74,34
S00091673,89,61,28
S00091674,17,3,14
S00091675,90,67,23
S00091676,86,72,14
S00091677,108,71,37
S00091678,136,91,45
S00091679,53,32,21
S00091680,83,63,20
S00091681,70,47,23
S00091682,77,59,18
S00091683,67,41,26
S00091684,132,87,45
S00091685,91,67,24
S00091686,92,68,24
S00091687,95,71,24
S00091688,144,108,36
S00091689,85,53,32
S00091690,101,75,26
S00091691,84,69,15
S00091692,146,120,26
S00091693,152,126,26
S00091694,65,33,32
S00091695,91,82,9
S00091696,127,106,21
S00091697,77,72,5
S00091698,130,109,21
S00091699,112,94,18
S00091700,114,77,37
S00091701,107,81,26
S00091702,88,62,26
S00091703,72,53,19
S00091704,66,50,16
S00091705,105,87,18
S00091706,66,49,17
S00091707,83,62,21
S00091708,83,64,19
S00091709,115,83,32
S00091710,58,29,29
S00091711,62,49,13
S00091712,107,69,38
S00091713,68,56,12
S00091714,73,54,19
S00091715,30,19,11
S00091716,80,54,26
S00091717,53,39,14
S00091718,98,88,10
S00091719,88,78,10
S00091720,105,75,30
S00091721,66,31,35
S00091722,72,37,35
S00091723,148,101,47
S00091724,63,29,34
S00091725,24,8,16
S00091726,144,112,32
S00091727,137,82,55
S00091728,115,73,42
S00091729,40,13,27
S00091730,50,38,12
S00091731,66,62,4
S00091732,49,34,15
S00091733,57,46,11
S00091734,89,66,23
S00091735,63,47,16
S00091736,43,23,20
S00091737,81,66,15
S00091738,103,85,18
S00091739,92,82,10
S00091740,96,73,23
S00091741,133,103,30
S00091742,56,44,12
S00091743,82,76,6
S00091744,65,60,5
S00091745,78,61,17
S00091746,91,72,19
S00091747,99,78,21
S00091748,106,89,17
S00091749,55,41,14
S00091750,82,60,22
S00091751,79,62,17
S00091752,110,95,15
S00091753,98,82,16
S00091754,154,114,40
S00091755,79,58,21
S00091756,72,51,21
S00091757,95,68,27
S00091758,152,106,46
S00091759,85,58,27
S00091760,95,73,22
S00091761,120,92,28
S00091762,128,102,26
S00091763,101,85,16
S00091764,65,49,16
S00091765,90,76,14
S00091766,75,59,16
S00091767,90,61,29
S00091768,120,105,15
S00091769,115,90,25
S00091770,133,94,39
S00091771,102,68,34
S00091772,119,105,14
S00091773,76,54,22
S00091774,78,54,24
S00091775,91,69,22
S00091776,65,49,16
S00091777,73,54,19
S00091778,82,59,23
S00091779,114,79,35
S00091780,96,72,24
S00091781,62,47,15
S00091782,93,66,27
S00091783,76,62,14
S00091784,99,84,15
S00091785,137,98,39
S00091786,82,68,14
S00091787,98,60,38
S00091788,86,65,21
S00091789,103,78,25
S00091790,108,71,37
S00091791,63,28,35
S00091792,57,36,21
S00091793,103,85,18
S00091794,105,90,15
S00091795,97,62,35
S00091796,91,62,29
S00091797,89,56,33
S00091798,105,85,20
S00091799,78,51,27
S00091800,119,81,38
S00091801,86,58,28
S00091802,27,19,8
S00091803,70,42,28
S00091804,101,82,19
S00091805,85,59,26
S00091806,122,96,26
S00091807,170,134,36
S00091808,83,59,24
S00091809,93,44,49
S00091810,140,105,35
S00091811,92,71,21
S00091812,104,79,25
S00091813,97,80,17
S00091814,65,56,9
S00091815,95,69,26
S00091816,83,63,20
S00091817,114,88,26
S00091818,124,88,36
S00091819,75,49,26
S00091820,60,43,17
S00091821,125,93,32
S00091822,53,37,16
S00091823,100,75,25
S00091824,79,40,39
S00091825,94,73,21
S00091826,116,87,29
S00091827,60,41,19
S00091828,82,51,31
S00091829,75,62,13
S00091830,47,37,10
S00091831,87,71,16
S00091832,60,37,23
S00091833,54,31,23
S00091834,81,53,28
S00091835,125,93,32
S00091836,82,44,38
S00091837,98,75,23
S00091838,102,68,34
S00091839,97,57,40
S00091840,120,92,28
S00091841,63,38,25
S00091842,90,66,24
S00091843,64,48,16
S00091844,99,68,31
S00091845,121,78,43
S00091846,83,58,25
S00091847,96,77,19
S00091848,116,78,38
S00091849,48,33,15
S00091850,122,89,33
S00091851,51,43,8
S00091852,91,62,29
S00091853,64,50,14
S00091854,64,53,11
S00091855,66,50,16
S00091856,82,71,11
S00091857,76,61,15
S00091858,87,67,20
S00091859,129,81,48
S00091860,115,84,31
S00091861,71,49,22
S00091862,63,46,17
S00091863,91,67,24
S00091864,105,79,26
S00091865,42,35,7
S00091866,87,60,27
S00091867,63,41,22
S00091868,87,71,16
S00091869,78,62,16
S00091870,123,84,39
S00091871,96,67,29
S00091872,116,78,38
S00091873,109,77,32
S00091874,130,96,34
S00091875,106,87,19
S00091876,76,60,16
S00091877,50,40,10
S00091878,88,73,15
S00091879,127,93,34
S00091880,54,37,17
S00091881,141,110,31
S00091882,53,39,14
S00091883,103,73,30
S00091884,115,85,30
S00091885,123,82,41
S00091886,82,66,16
S00091887,116,76,40
S00091888,131,112,19
S00091889,44,26,18
S00091890,42,31,11
S00091891,140,105,35
S00091892,68,44,24
S00091893,57,35,22
S00091894,55,42,13
S00091895,63,43,20
S00091896,95,64,31
S00091897,118,83,35
S00091898,70,46,24
S00091899,92,67,25
S00091900,109,79,30
S00091901,57,32,25
S00091902,94,61,33
S00091903,65,39,26
S00091904,59,39,20
S00091905,162,116,46
S00091906,115,74,41
S00091907,104,65,39
S00091908,90,65,25
S00091909,64,52,12
S00091910,42,34,8
S00091911,67,38,29
S00091912,71,48,23
S00091913,101,54,47
S00091914,101,79,22
S00091915,104,61,43
S00091916,92,51,41
S00091917,94,59,35
S00091918,67,39,28
S00091919,62,46,16
S00091920,90,62,28
S00091921,94,68,26
S00091922,87,72,15
S00091923,101,69,32
S00091924,95,80,15
S00091925,104,77,27
S00091926,65,47,18
S00091927,144,105,39
S00091928,102,73,29
S00091929,99,74,25
S00091930,70,50,20
S00091931,78,58,20
S00091932,81,45,36
S00091933,66,35,31
S00091934,66,36,30
S00091935,112,77,35
S00091936,80,68,12
S00091937,83,48,35
S00091938,141,95,46
S00091939,104,91,13
S00091940,84,54,30
S00091941,125,72,53
S00091942,69,46,23
S00091943,91,56,35
S00091944,63,43,20
S00091945,69,39,30
S00091946,88,76,12
S00091947,62,44,18
S00091948,70,48,22
S00091949,73,44,29
S00091950,129,101,28
S00091951,38,27,11
S00091952,78,58,20
S00091953,109,90,19
S00091954,101,81,20
S00091955,61,45,16
S00091956,84,65,19
S00091957,96,74,22
S00091958,56,45,11
S00091959,65,52,13
S00091960,76,44,32
S00091961,88,72,16
S00091962,62,51,11
S00091963,58,41,17
S00091964,75,51,24
S00091965,65,53,12
S00091966,71,58,13
S00091967,52,47,5
S00091968,70,63,7
S00091969,31,26,5
S00091970,96,91,5
S00091971,91,74,17
S00091972,93,64,29
S00091973,72,59,13
S00091974,62,52,10
S00091975,100,72,28
S00091976,136,94,42
S00091977,51,42,9
S00091978,252,95,157
S00091979,49,43,6
S00091980,56,29,27
S00091981,101,73,28
S00091982,93,66,27
S00091983,72,46,26
S00091984,93,68,25
S00091985,77,45,32
S00091986,68,46,22
S00091987,68,48,20
S00091988,41,32,9
S00091989,56,36,20
S00091990,76,51,25
S00091991,57,37,20
S00091992,91,68,23
S00091993,111,80,31
S00091994,146,102,44
S00091995,82,58,24
S00091996,125,91,34
S00091997,47,22,25
S00091998,83,43,40
S00091999,118,70,48
S00092000,58,39,19
S00092001,52,40,12
S00092002,70,58,12
S00092003,112,88,24
S00092004,118,85,33
S00092005,137,96,41
S00092006,109,83,26
S00092007,51,36,15
S00092008,121,84,37
S00092009,86,48,38
S00092010,56,37,19
S00092011,52,40,12
S00092012,127,96,31
S00092013,103,68,35
S00092014,71,43,28
S00092015,142,111,31
S00092016,121,91,30
S00092017,94,63,31
S00092018,93,63,30
S00092019,73,42,31
S00092020,104,79,25
S00092021,63,48,15
S00092022,89,67,22
S00092023,52,27,25
S00092024,92,67,25
S00092025,103,79,24
S00092026,102,62,40
S00092027,79,54,25
S00092028,32,19,13
S00092029,67,50,17
S00092030,48,30,18
S00092031,88,65,23
S00092032,89,67,22
S00092033,43,27,16
S00092034,74,47,27
S00092035,60,33,27
S00092036,73,51,22
S00092037,118,82,36
S00092038,142,102,40
S00092039,107,83,24
S00092040,79,56,23
S00092041,62,44,18
S00092042,107,80,27
S00092043,109,73,36
S00092044,77,50,27
S00092045,122,88,34
S00092046,115,82,33
S00092047,83,47,36
S00092048,159,125,34
S00092049,134,93,41
S00092050,120,85,35
S00092051,129,94,35
S00092052,105,72,33
S00092053,78,50,28
S00092054,61,33,28
S00092055,79,38,41
S00092056,80,44,36
S00092057,64,44,20
S00092058,117,88,29
S00092059,92,65,27
S00092060,84,62,22
S00092061,66,47,19
S00092062,107,65,42
S00092063,81,56,25
S00092064,75,46,29
S00092065,61,36,25
S00092066,95,59,36
S00092067,119,83,36
S00092068,90,51,39
S00092069,61,37,24
S00092070,61,46,15
S00092071,87,65,22
S00092072,80,56,24
S00092073,86,71,15
S00092074,71,48,23
S00092075,45,36,9
S00092076,78,53,25
S00092077,104,75,29
S00092078,73,50,23
S00092079,36,10,26
S00092080,68,53,15
S00092081,86,60,26
S00092082,108,77,31
S00092083,36,24,12
S00092084,73,53,20
S00092085,77,56,21
S00092086,75,51,24
S00092087,112,89,23
S00092088,75,59,16
S00092089,74,52,22
S00092090,113,79,34
S00092091,114,84,30
S00092092,83,62,21
S00092093,82,62,20
S00092094,103,70,33
S00092095,58,29,29
S00092096,80,52,28
S00092097,119,85,34
S00092098,95,61,34
S00092099,149,114,35
S00092100,131,94,37
S00092101,71,48,23
S00092102,72,47,25
S00092103,79,59,20
S00092104,76,52,24
S00092105,69,50,19
S00092106,97,71,26
S00092107,75,44,31
S00092108,82,55,27
S00092109,71,44,27
S00092110,97,66,31
S00092111,97,69,28
S00092112,83,60,23
S00092113,66,41,25
S00092114,42,30,12
S00092115,96,57,39
S00092116,137,93,44
S00092117,53,28,25
S00092118,82,55,27
S00092119,74,50,24
S00092120,59,43,16
S00092121,75,48,27
S00092122,54,39,15
S00092123,86,54,32
S00092124,39,29,10
S00092125,79,53,26
S00092126,64,45,19
S00092127,63,51,12
S00092128,72,48,24
S00092129,105,59,46
S00092130,84,61,23
S00092131,86,48,38
S00092132,80,57,23
S00092133,124,83,41
S00092134,90,65,25
S00092135,139,92,47
S00092136,88,59,29
S00092137,67,50,17
S00092138,117,79,38
S00092139,68,47,21
S00092140,112,83,29
S00092141,39,28,11
S00092142,71,51,20
S00092143,75,54,21
S00092144,118,75,43
S00092145,52,30,22
S00092146,88,61,27
S00092147,114,84,30
S00092148,126,96,30
S00092149,87,58,29
S00092150,57,41,16
S00092151,101,77,24
S00092152,51,34,17
S00092153,127,98,29
S00092154,80,64,16
S00092155,41,28,13
S00092156,50,36,14
S00092157,104,62,42
S00092158,115,72,43
S00092159,85,58,27
S00092160,78,43,35
S00092161,118,86,32
S00092162,95,63,32
S00092163,144,93,51
S00092164,58,47,11
S00092165,112,66,46
S00092166,50,30,20
S00092167,58,23,35
S00092168,100,67,33
S00092169,58,44,14
S00092170,93,57,36
S00092171,66,38,28
S00092172,108,68,40
S00092173,124,82,42
S00092174,118,78,40
S00092175,107,62,45
S00092176,107,82,25
S00092177,97,65,32
S00092178,75,61,14
S00092179,122,99,23
S00092180,119,71,48
S00092181,24,8,16
S00092182,104,91,13
S00092183,101,81,20
S00092184,135,104,31
S00092185,124,92,32
S00092186,50,25,25
S00092187,125,97,28
S00092188,8,0,8
S00092189,65,50,15
S00092190,99,66,33
S00092191,122,81,41
S00092192,58,30,28
S00092193,120,96,24
S00092194,126,99,27
S00092195,112,88,24
S00092196,107,79,28
S00092197,114,84,30
S00092198,99,73,26
S00092199,54,30,24
S00092200,43,30,13
S00092201,82,57,25
S00092202,122,81,41
S00092203,123,80,43
S00092204,110,79,31
S00092205,79,61,18
S00092206,88,60,28
S00092207,130,95,35
S00092208,57,39,18
S00092209,124,95,29
S00092210,86,56,30
S00092211,70,41,29
S00092212,64,51,13
S00092213,107,73,34
S00092214,117,82,35
S00092215,80,56,24
S00092216,97,65,32
S00092217,73,46,27
S00092218,101,60,41
S00092219,80,59,21
S00092220,49,38,11
S00092221,81,62,19
S00092222,77,56,21
S00092223,96,87,9
S00092224,46,33,13
S00092225,70,48,22
S00092226,147,125,22
S00092227,113,88,25
S00092228,75,47,28
S00092229,91,79,12
S00092230,82,67,15
S00092231,99,83,16
S00092232,62,45,17
S00092233,100,67,33
S00092234,52,33,19
S00092235,86,48,38
S00092236,84,62,22
S00092237,61,45,16
S00092238,66,51,15
S00092239,163,130,33
S00092240,101,72,29
S00092241,73,58,15
S00092242,94,70,24
S00092243,43,36,7
S00092244,56,50,6
S00092245,92,65,27
S00092246,89,58,31
S00092247,61,49,12
S00092248,71,50,21
S00092249,54,35,19
S00092250,67,57,10
S00092251,54,37,17
S00092252,129,101,28
S00092253,112,93,19
S00092254,54,34,20
S00092255,82,64,18
S00092256,143,94,49
S00092257,55,46,9
S00092258,108,77,31
S00092259,95,77,18
S00092260,84,71,13
S00092261,77,67,10
S00092262,125,105,20
S00092263,72,60,12
S00092264,57,39,18
S00092265,88,61,27
S00092266,114,80,34
S00092267,101,73,28
S00092268,93,60,33
S00092269,42,27,15
S00092270,41,29,12
S00092271,91,55,36
S00092272,77,51,26
S00092273,57,48,9
S00092274,146,110,36
S00092275,80,62,18
S00092276,51,38,13
S00092277,94,85,9
S00092278,81,56,25
S00092279,54,43,11
S00092280,66,43,23
S00092281,52,36,16
S00092282,54,40,14
S00092283,125,80,45
S00092284,80,62,18
S00092285,47,34,13
S00092286,70,48,22
S00092287,39,28,11
S00092288,71,54,17
S00092289,91,61,30
S00092290,60,49,11
S00092291,83,57,26
S00092292,67,54,13
S00092293,56,46,10
S00092294,44,30,14
S00092295,56,41,15
S00092296,62,43,19
S00092297,81,67,14
S00092298,101,79,22
S00092299,54,41,13
S00092300,78,51,27
S00092301,50,37,13
S00092302,90,75,15
S00092303,70,56,14
S00092304,90,69,21
S00092305,88,72,16
S00092306,74,52,22
S00092307,116,75,41
S00092308,43,29,14
S00092309,46,31,15
S00092310,55,43,12
S00092311,95,76,19
S00092312,100,79,21
S00092313,94,67,27
S00092314,90,55,35
S00092315,44,28,16
S00092316,88,64,24
S00092317,112,87,25
S00092318,134,114,20
S00092319,87,63,24
S00092320,37,28,9
S00092321,54,33,21
S00092322,76,50,26
S00092323,123,71,52
S00092324,108,67,41
S00092325,58,39,19
S00092326,76,58,18
S00092327,81,56,25
S00092328,56,36,20
S00092329,133,87,46
S00092330,107,87,20
S00092331,120,87,33
S00092332,150,128,22
S00092333,138,119,19
S00092334,110,102,8
S00092335,118,103,15
S00092336,110,96,14
S00092337,89,81,8
S00092338,103,88,15
S00092339,90,75,15
S00092340,122,117,5
S00092341,154,139,15
S00092342,110,83,27
S00092343,58,39,19
S00092344,150,124,26
S00092345,116,98,18
S00092346,123,103,20
S00092347,151,138,13
S00092348,107,95,12
S00092349,99,84,15
S00092350,97,75,22
S00092351,75,56,19
S00092352,73,56,17
S00092353,137,117,20
S00092354,76,71,5
S00092355,56,43,13
S00092356,114,81,33
S00092357,72,65,7
S00092358,93,73,20
S00092359,61,44,17
S00092360,97,77,20
S00092361,92,86,6
S00092362,108,72,36
S00092363,112,79,33
S00092364,60,54,6
S00092365,98,76,22
S00092366,132,118,14
S00092367,111,88,23
S00092368,98,74,24
S00092369,95,72,23
S00092370,127,104,23
S00092371,100,78,22
S00092372,104,91,13
S00092373,67,46,21
S00092374,90,82,8
S00092375,162,131,31
S00092376,88,78,10
S00092377,63,48,15
S00092378,78,56,22
S00092379,68,52,16
S00092380,42,31,11
S00092381,56,46,10
S00092382,74,64,10
S00092383,111,87,24
S00092384,132,88,44
S00092385,117,98,19
S00092386,98,82,16
S00092387,147,120,27
S00092388,76,57,19
S00092389,164,142,22
S00092390,82,63,19
S00092391,49,38,11
S00092392,125,99,26
S00092393,81,61,20
S00092394,138,109,29
S00092395,93,77,16
S00092396,94,72,22
S00092397,125,92,33
S00092398,143,109,34
S00092399,116,81,35
S00092400,140,95,45
S00092401,111,89,22
S00092402,119,91,28
S00092403,119,110,9
S00092404,64,51,13
S00092405,80,63,17
S00092406,104,84,20
S00092407,159,131,28
S00092408,110,86,24
S00092409,98,71,27
S00092410,121,85,36
S00092411,59,39,20
S00092412,80,70,10
S00092413,88,64,24
S00092414,66,58,8
S00092415,92,60,32
S00092416,81,70,11
S00092417,68,56,12
S00092418,98,77,21
S00092419,62,44,18
S00092420,98,77,21
S00092421,52,49,3
S00092422,76,57,19
S00092423,113,86,27
S00092424,53,42,11
S00092425,105,64,41
S00092426,101,81,20
S00092427,107,86,21
S00092428,58,37,21
S00092429,68,42,26
S00092430,76,56,20
S00092431,98,72,26
S00092432,83,66,17
S00092433,93,70,23
S00092434,167,123,44
S00092435,53,37,16
S00092436,123,88,35
S00092437,129,102,27
S00092438,58,44,14
S00092439,94,76,18
S00092440,53,30,23
S00092441,180,136,44
S00092442,106,85,21
S00092443,77,66,11
S00092444,79,67,12
S00092445,47,42,5
S00092446,70,44,26
S00092447,56,43,13
S00092448,125,86,39
S00092449,68,44,24
S00092450,128,93,35
S00092451,89,62,27
S00092452,74,57,17
S00092453,87,64,23
S00092454,64,48,16
S00092455,91,62,29
S00092456,77,49,28
S00092457,74,62,12
S00092458,139,105,34
S00092459,147,116,31
S00092460,75,63,12
S00092461,49,41,8
S00092462,124,102,22
S00092463,49,44,5
S00092464,98,74,24
S00092465,60,48,12
S00092466,138,112,26
S00092467,125,107,18
S00092468,68,50,18
S00092469,54,41,13
S00092470,126,86,40
S00092471,182,120,62
S00092472,55,34,21
S00092473,75,60,15
S00092474,130,110,20
S00092475,103,71,32
S00092476,66,44,22
S00092477,105,72,33
S00092478,64,50,14
S00092479,110,78,32
S00092480,78,51,27
S00092481,73,57,16
S00092482,66,50,16
S00092483,109,73,36
S00092484,74,48,26
S00092485,90,62,28
S00092486,50,35,15
S00092487,138,92,46
S00092488,58,43,15
S00092489,103,85,18
S00092490,86,53,33
S00092491,88,66,22
S00092492,72,64,8
S00092493,126,100,26
S00092494,105,74,31
S00092495,94,70,24
S00092496,107,81,26
S00092497,80,53,27
S00092498,85,75,10
S00092499,75,53,22
S00092500,91,56,35
S00092501,91,65,26
S00092502,96,74,22
S00092503,120,89,31
S00092504,104,75,29
S00092505,80,57,23
S00092506,115,87,28
S00092507,117,94,23
S00092508,129,111,18
S00092509,91,76,15
S00092510,101,88,13
S00092511,116,95,21
S00092512,139,119,20
S00092513,138,89,49
S00092514,94,66,28
S00092515,39,31,8
S00092516,84,56,28
S00092517,93,74,19
S00092518,90,73,17
S00092519,141,113,28
S00092520,99,77,22
S00092521,95,71,24
S00092522,142,116,26
S00092523,55,48,7
S00092524,151,119,32
S00092525,51,40,11
S00092526,76,57,19
S00092527,81,72,9
S00092528,116,96,20
S00092529,122,102,20
S00092530,85,71,14
S00092531,73,63,10
S00092532,107,81,26
S00092533,88,75,13
S00092534,127,108,19
S00092535,57,47,10
S00092536,80,61,19
S00092537,53,44,9
S00092538,138,116,22
S00092539,64,56,8
S00092540,102,90,12
S00092541,90,77,13
S00092542,74,60,14
S00092543,165,122,43
S00092544,73,60,13
S00092545,88,71,17
S00092546,48,40,8
S00092547,95,77,18
S00092548,53,34,19
S00092549,93,69,24
S00092550,171,150,21
S00092551,145,128,17
S00092552,149,134,15
S00092553,112,95,17
S00092554,132,112,20
S00092555,116,94,22
S00092556,83,68,15
S00092557,136,113,23
S00092558,147,127,20
S00092559,119,106,13
S00092560,112,87,25
S00092561,67,47,20
S00092562,138,108,30
S00092563,113,91,22
S00092564,64,47,17
S00092565,125,109,16
S00092566,74,53,21
S00092567,103,89,14
S00092568,91,72,19
S00092569,136,110,26
S00092570,112,95,17
S00092571,78,59,19
S00092572,58,49,9
S00092573,135,105,30
S00092574,107,85,22
S00092575,119,99,20
S00092576,73,56,17
S00092577,81,64,17
S00092578,75,55,20
S00092579,80,60,20
S00092580,101,62,39
S00092581,78,42,36
S00092582,12,4,8
S00092583,56,31,25
S00092584,52,34,18
S00092585,128,92,36
S00092586,117,85,32
S00092587,103,77,26
S00092588,106,80,26
S00092589,105,87,18
S00092590,72,57,15
S00092591,70,59,11
S00092592,130,86,44
S00092593,79,55,24
S00092594,88,60,28
S00092595,80,56,24
S00092596,136,100,36
S00092597,84,58,26
S00092598,77,62,15
S00092599,89,70,19
S00092600,90,61,29
S00092601,72,52,20
S00092602,95,69,26
S00092603,110,83,27
S00092604,139,99,40
S00092605,79,58,21
S00092606,80,48,32
S00092607,69,47,22
S00092608,79,59,20
S00092609,143,115,28
S00092610,167,128,39
S00092611,72,50,22
S00092612,137,96,41
S00092613,59,44,15
S00092614,63,44,19
S00092615,64,47,17
S00092616,102,73,29
S00092617,81,66,15
S00092618,125,98,27
S00092619,124,100,24
S00092620,72,37,35
S00092621,160,125,35
S00092622,51,37,14
S00092623,71,57,14
S00092624,108,96,12
S00092625,134,105,29
S00092626,63,29,34
S00092627,69,55,14
S00092628,43,32,11
S00092629,158,125,33
S00092630,54,45,9
S00092631,146,116,30
S00092632,88,75,13
S00092633,57,34,23
S00092634,74,55,19
S00092635,114,72,42
S00092636,77,43,34
S00092637,108,88,20
S00092638,93,74,19
S00092639,88,63,25
S00092640,120,105,15
S00092641,111,77,34
S00092642,136,108,28
S00092643,49,36,13
S00092644,79,65,14
S00092645,61,44,17
S00092646,82,56,26
S00092647,147,108,39
S00092648,113,83,30
S00092649,112,90,22
S00092650,150,103,47
S00092651,87,63,24
S00092652,54,41,13
S00092653,106,85,21
S00092654,105,81,24
S00092655,104,79,25
S00092656,83,73,10
S00092657,141,110,31
S00092658,66,49,17
S00092659,147,121,26
S00092660,84,63,21
S00092661,93,76,17
S00092662,69,62,7
S00092663,80,76,4
S00092664,111,60,51
S00092665,39,25,14
S00092666,101,75,26
S00092667,73,41,32
S00092668,75,49,26
S00092669,112,97,15
S00092670,64,53,11
S00092671,91,66,25
S00092672,96,63,33
S00092673,50,28,22
S00092674,103,83,20
S00092675,138,107,31
S00092676,63,44,19
S00092677,74,56,18
S00092678,90,70,20
S00092679,66,56,10
S00092680,138,111,27
S00092681,59,37,22
S00092682,70,49,21
S00092683,118,82,36
S00092684,69,64,5
S00092685,65,49,16
S00092686,86,69,17
S00092687,99,72,27
S00092688,65,46,19
S00092689,187,156,31
S00092690,169,130,39
S00092691,94,73,21
S00092692,33,13,20
S00092693,93,83,10
S00092694,104,78,26
S00092695,48,34,14
S00092696,95,83,12
S00092697,102,73,29
S00092698,105,83,22
S00092699,111,90,21
S00092700,71,40,31
S00092701,98,64,34
S00092702,85,66,19
S00092703,118,93,25
S00092704,107,85,22
S00092705,79,64,15
S00092706,112,90,22
S00092707,57,38,19
S00092708,72,53,19
S00092709,65,46,19
S00092710,80,56,24
S00092711,94,68,26
S00092712,91,70,21
S00092713,88,67,21
S00092714,47,36,11
S00092715,83,68,15
S00092716,87,64,23
S00092717,159,113,46
S00092718,91,75,16
S00092719,64,47,17
S00092720,129,107,22
S00092721,70,57,13
S00092722,62,51,11
S00092723,129,112,17
S00092724,86,64,22
S00092725,21,1,20
S00092726,81,61,20
S00092727,72,45,27
S00092728,83,71,12
S00092729,111,89,22
S00092730,78,58,20
S00092731,105,88,17
S00092732,94,67,27
S00092733,130,116,14
S00092734,123,111,12
S00092735,42,26,16
S00092736,52,42,10
S00092737,85,63,22
S00092738,102,76,26
S00092739,67,58,9
S00092740,40,31,9
S00092741,79,59,20
S00092742,74,50,24
S00092743,59,43,16
S00092744,102,66,36
S00092745,131,110,21
S00092746,52,45,7
S00092747,95,75,20
S00092748,113,79,34
S00092749,105,78,27
S00092750,67,46,21
S00092751,94,85,9
S00092752,119,99,20
S00092753,100,85,15
S00092754,71,64,7
S00092755,47,41,6
S00092756,125,100,25
S00092757,146,123,23
S00092758,36,19,17
S00092759,76,59,17
S00092760,111,90,21
S00092761,51,31,20
S00092762,72,61,11
S00092763,103,92,11
S00092764,91,79,12
S00092765,159,126,33
S00092766,75,73,2
S00092767,109,98,11
S00092768,111,100,11
S00092769,113,81,32
S00092770,54,35,19
S00092771,134,117,17
S00092772,94,66,28
S00092773,58,39,19
S00092774,89,67,22
S00092775,61,49,12
S00092776,90,64,26
S00092777,78,64,14
S00092778,101,77,24
S00092779,127,114,13
S00092780,82,59,23
S00092781,112,89,23
S00092782,85,62,23
S00092783,88,73,15
S00092784,98,76,22
S00092785,131,88,43
S00092786,81,60,21
S00092787,94,63,31
S00092788,126,111,15
S00092789,136,114,22
S00092790,147,113,34
S00092791,70,54,16
S00092792,109,86,23
S00092793,113,89,24
S00092794,75,56,19
S00092795,61,41,20
S00092796,70,53,17
S00092797,108,85,23
S00092798,66,42,24
S00092799,93,74,19
S00092800,104,72,32
S00092801,41,32,9
S00092802,51,34,17
S00092803,49,38,11
S00092804,127,88,39
S00092805,60,47,13
S00092806,96,85,11
S00092807,123,88,35
S00092808,88,60,28
S00092809,84,64,20
S00092810,115,94,21
S00092811,47,31,16
S00092812,93,69,24
S00092813,105,85,20
S00092814,119,93,26
S00092815,108,86,22
S00092816,129,108,21
S00092817,69,44,25
S00092818,112,89,23
S00092819,58,36,22
S00092820,92,63,29
S00092821,57,44,13
S00092822,47,35,12
S00092823,154,122,32
S00092824,115,87,28
S00092825,72,52,20
S00092826,68,48,20
S00092827,45,25,20
S00092828,54,41,13
S00092829,75,59,16
S00092830,139,105,34
S00092831,82,49,33
S00092832,83,60,23
S00092833,52,41,11
S00092834,64,53,11
S00092835,98,78,20
S00092836,70,58,12
S00092837,105,82,23
S00092838,101,74,27
S00092839,46,38,8
S00092840,45,22,23
S00092841,91,64,27
S00092842,77,62,15
S00092843,53,31,22
S00092844,89,68,21
S00092845,71,55,16
S00092846,73,43,30
S00092847,52,35,17
S00092848,45,26,19
S00092849,105,73,32
S00092850,45,30,15
S00092851,123,87,36
S00092852,126,94,32
S00092853,90,62,28
S00092854,46,36,10
S00092855,67,48,19
S00092856,66,40,26
S00092857,82,58,24
S00092858,125,74,51
S00092859,33,19,14
S00092860,54,30,24
S00092861,72,52,20
S00092862,55,36,19
S00092863,62,46,16
S00092864,108,82,26
S00092865,98,78,20
S00092866,34,27,7
S00092867,79,54,25
S00092868,99,76,23
S00092869,54,46,8
S00092870,23,14,9
S00092871,85,49,36
S00092872,54,45,9
S00092873,68,42,26
S00092874,95,75,20
S00092875,139,101,38
S00092876,41,29,12
S00092877,122,89,33
S00092878,96,64,32
S00092879,72,44,28
S00092880,101,62,39
S00092881,83,61,22
S00092882,86,62,24
S00092883,92,49,43
S00092884,34,20,14
S00092885,119,88,31
S00092886,74,56,18
S00092887,103,80,23
S00092888,46,30,16
S00092889,68,45,23
S00092890,55,35,20
S00092891,114,76,38
S00092892,108,55,53
S00092893,86,57,29
S00092894,88,61,27
S00092895,73,50,23
S00092896,75,41,34
S00092897,66,36,30
S00092898,83,67,16
S00092899,41,31,10
S00092900,79,55,24
S00092901,169,130,39
S00092902,92,59,33
S00092903,161,120,41
S00092904,126,84,42
S00092905,117,73,44
S00092906,82,48,34
S00092907,126,86,40
S00092908,55,34,21
S00092909,67,44,23
S00092910,97,63,34
S00092911,86,68,18
S00092912,95,69,26
S00092913,61,41,20
S00092914,72,49,23
S00092915,119,78,41
S00092916,122,88,34
S00092917,118,81,37
S00092918,88,63,25
S00092919,93,67,26
S00092920,71,64,7
S00092921,121,95,26
S00092922,63,36,27
S00092923,76,45,31
S00092924,88,68,20
S00092925,109,87,22
S00092926,47,32,15
S00092927,108,93,15
S00092928,100,79,21
S00092929,51,37,14
S00092930,107,86,21
S00092931,106,75,31
S00092932,95,76,19
S00092933,102,74,28
S00092934,105,83,22
S00092935,84,56,28
S00092936,65,49,16
S00092937,81,53,28
S00092938,95,65,30
S00092939,120,73,47
S00092940,83,65,18
S00092941,126,100,26
S00092942,99,78,21
S00092943,54,43,11
S00092944,92,71,21
S00092945,77,49,28
S00092946,75,61,14
S00092947,117,62,55
S00092948,130,112,18
S00092949,62,45,17
S00092950,93,77,16
S00092951,118,91,27
S00092952,118,95,23
S00092953,49,31,18
S00092954,84,70,14
S00092955,76,62,14
S00092956,103,77,26
S00092957,70,55,15
S00092958,122,99,23
S00092959,63,52,11
S00092960,109,81,28
S00092961,82,65,17
S00092962,98,77,21
S00092963,91,75,16
S00092964,75,57,18
S00092965,149,116,33
S00092966,87,75,12
S00092967,68,56,12
S00092968,82,63,19
S00092969,67,34,33
S00092970,41,34,7
S00092971,146,89,57
S00092972,109,80,29
S00092973,113,76,37
S00092974,73,47,26
S00092975,102,78,24
S00092976,106,78,28
S00092977,81,62,19
S00092978,88,60,28
S00092979,58,46,12
S00092980,119,75,44
S00092981,54,41,13
S00092982,84,63,21
S00092983,143,90,53
S00092984,126,96,30
S00092985,119,78,41
S00092986,115,101,14
S00092987,98,87,11
S00092988,106,92,14
S00092989,150,100,50
S00092990,112,94,18
S00092991,146,104,42
S00092992,125,93,32
S00092993,80,59,21
S00092994,115,93,22
S00092995,69,50,19
S00092996,72,46,26
S00092997,68,39,29
S00092998,114,89,25
S00092999,120,83,37
S00093000,72,59,13
S00093001,110,85,25
S00093002,131,79,52
S00093003,76,45,31
S00093004,154,102,52
S00093005,124,87,37
S00093006,132,100,32
S00093007,113,83,30
S00093008,113,85,28
S00093009,39,24,15
S00093010,83,51,32
S00093011,77,52,25
S00093012,82,63,19
S00093013,107,74,33
S00093014,63,42,21
S00093015,44,35,9
S00093016,90,64,26
S00093017,108,73,35
S00093018,84,67,17
S00093019,115,93,22
S00093020,58,47,11
S00093021,74,54,20
S00093022,78,62,16
S00093023,80,57,23
S00093024,43,33,10
S00093025,87,60,27
S00093026,95,66,29
S00093027,90,75,15
S00093028,86,66,20
S00093029,125,90,35
S00093030,80,57,23
S00093031,71,52,19
S00093032,112,81,31
S00093033,197,88,109
S00093034,76,60,16
S00093035,82,60,22
S00093036,67,42,25
S00093037,72,50,22
S00093038,51,36,15
S00093039,131,96,35
S00093040,105,87,18
S00093041,42,20,22
S00093042,130,89,41
S00093043,95,57,38
S00093044,54,41,13
S00093045,136,89,47
S00093046,120,90,30
S00093047,99,69,30
S00093048,56,43,13
S00093049,61,51,10
S00093050,62,58,4
S00093051,55,43,12
S00093052,65,41,24
S00093053,89,67,22
S00093054,62,40,22
S00093055,83,63,20
S00093056,42,39,3
S00093057,68,56,12
S00093058,112,77,35
S00093059,109,80,29
S00093060,84,59,25
S00093061,70,42,28
S00093062,104,68,36
S00093063,93,68,25
S00093064,121,70,51
S00093065,155,104,51
S00093066,93,65,28
S00093067,48,36,12
S00093068,90,61,29
S00093069,60,43,17
S00093070,111,88,23
S00093071,81,65,16
S00093072,86,59,27
S00093073,87,71,16
S00093074,85,70,15
S00093075,71,51,20
S00093076,114,79,35
S00093077,134,115,19
S00093078,60,36,24
S00093079,52,34,18
S00093080,116,97,19
S00093081,114,76,38
S00093082,121,94,27
S00093083,157,117,40
S00093084,76,54,22
S00093085,94,73,21
S00093086,36,22,14
S00093087,94,66,28
S00093088,119,80,39
S00093089,105,63,42
S00093090,67,34,33
S00093091,82,45,37
S00093092,125,91,34
S00093093,91,66,25
S00093094,79,56,23
S00093095,110,73,37
S00093096,49,40,9
S00093097,45,36,9
S00093098,56,37,19
S00093099,117,81,36
S00093100,116,88,28
S00093101,134,100,34
S00093102,134,104,30
S00093103,107,79,28
S00093104,87,71,16
S00093105,146,108,38
S00093106,92,72,20
S00093107,98,71,27
S00093108,72,49,23
S00093109,88,59,29
S00093110,81,65,16
S00093111,88,65,23
S00093112,71,62,9
S00093113,64,54,10
S00093114,114,96,18
S00093115,72,50,22
S00093116,139,114,25
S00093117,126,113,13
S00093118,87,54,33
S00093119,104,88,16
S00093120,83,65,18
S00093121,95,60,35
S00093122,53,34,19
S00093123,82,55,27
S00093124,59,34,25
S00093125,72,40,32
S00093126,74,44,30
S00093127,67,36,31
S00093128,97,59,38
S00093129,138,105,33
S00093130,80,56,24
S00093131,90,64,26
S00093132,56,41,15
S00093133,100,61,39
S00093134,109,78,31
S00093135,113,81,32
S00093136,66,34,32
S00093137,73,36,37
S00093138,84,47,37
S00093139,87,54,33
S00093140,98,67,31
S00093141,92,67,25
S00093142,127,90,37
S00093143,95,69,26
S00093144,80,55,25
S00093145,118,79,39
S00093146,122,103,19
S00093147,78,49,29
S00093148,27,9,18
S00093149,81,47,34
S00093150,55,23,32
S00093151,59,45,14
S00093152,21,4,17
S00093153,93,62,31
S00093154,82,51,31
S00093155,70,52,18
S00093156,112,76,36
S00093157,77,56,21
S00093158,74,51,23
S00093159,45,28,17
S00093160,78,60,18
S00093161,101,73,28
S00093162,108,78,30
S00093163,63,35,28
S00093164,112,81,31
S00093165,77,56,21
S00093166,105,69,36
S00093167,82,55,27
S00093168,55,38,17
S00093169,57,34,23
S00093170,57,44,13
S00093171,34,13,21
S00093172,105,75,30
S00093173,77,45,32
S00093174,125,111,14
S00093175,68,53,15
S00093176,79,48,31
S00093177,56,38,18
S00093178,112,93,19
S00093179,82,58,24
S00093180,85,57,28
S00093181,116,88,28
S00093182,152,107,45
S00093183,91,54,37
S00093184,135,92,43
S00093185,72,52,20
S00093186,126,91,35
S00093187,121,87,34
S00093188,75,49,26
S00093189,76,44,32
S00093190,108,70,38
S00093191,66,41,25
S00093192,83,56,27
S00093193,90,60,30
S00093194,103,66,37
S00093195,75,52,23
S00093196,106,64,42
S00093197,65,45,20
S00093198,102,68,34
S00093199,108,81,27
S00093200,42,26,16
S00093201,85,61,24
S00093202,87,65,22
S00093203,62,37,25
S00093204,94,69,25
S00093205,76,57,19
S00093206,67,47,20
S00093207,73,47,26
S00093208,82,62,20
S00093209,74,65,9
S00093210,123,99,24
S00093211,77,52,25
S00093212,63,45,18
S00093213,66,43,23
S00093214,68,48,20
S00093215,71,50,21
S00093216,66,43,23
S00093217,56,44,12
S00093218,87,64,23
S00093219,72,47,25
S00093220,64,36,28
S00093221,57,35,22
S00093222,71,44,27
S00093223,92,52,40
S00093224,99,58,41
S00093225,77,50,27
S00093226,105,68,37
S00093227,65,26,39
S00093228,77,49,28
S00093229,123,94,29
S00093230,107,78,29
S00093231,60,36,24
S00093232,63,47,16
S00093233,86,55,31
S00093234,72,44,28
S00093235,75,53,22
S00093236,120,89,31
S00093237,103,60,43
S00093238,75,47,28
S00093239,93,61,32
S00093240,60,43,17
S00093241,46,34,12
S00093242,66,41,25
S00093243,77,60,17
S00093244,88,69,19
S00093245,72,49,23
S00093246,95,57,38
S00093247,95,70,25
S00093248,57,36,21
S00093249,84,62,22
S00093250,83,45,38
S00093251,144,107,37
S00093252,74,51,23
S00093253,67,43,24
S00093254,57,24,33
S00093255,70,49,21
S00093256,77,44,33
S00093257,88,58,30
S00093258,74,57,17
S00093259,84,46,38
S00093260,55,22,33
S00093261,50,41,9
S00093262,85,67,18
S00093263,48,34,14
S00093264,65,36,29
S00093265,99,71,28
S00093266,78,62,16
S00093267,60,53,7
S00093268,69,52,17
S00093269,54,34,20
S00093270,86,60,26
S00093271,44,31,13
S00093272,81,66,15
S00093273,79,51,28
S00093274,83,51,32
S00093275,63,41,22
S00093276,94,77,17
S00093277,36,27,9
S00093278,40,17,23
S00093279,89,62,27
S00093280,44,17,27
S00093281,94,68,26
S00093282,63,45,18
S00093283,76,47,29
S00093284,77,60,17
S00093285,88,60,28
S00093286,73,60,13
S00093287,74,45,29
S00093288,66,57,9
S00093289,67,50,17
S00093290,97,71,26
S00093291,63,39,24
S00093292,85,59,26
S00093293,71,45,26
S00093294,62,43,19
S00093295,107,66,41
S00093296,68,44,24
S00093297,79,53,26
S00093298,125,69,56
S00093299,123,87,36
S00093300,96,68,28
S00093301,63,48,15
S00093302,96,67,29
S00093303,126,85,41
S00093304,50,35,15
S00093305,64,38,26
S00093306,107,83,24
S00093307,79,36,43
S00093308,88,55,33
S00093309,79,48,31
S00093310,120,85,35
S00093311,87,56,31
S00093312,89,61,28
S00093313,87,60,27
S00093314,100,71,29
S00093315,88,61,27
S00093316,81,50,31
S00093317,67,42,25
S00093318,65,30,35
S00093319,43,26,17
S00093320,83,59,24
S00093321,65,39,26
S00093322,87,57,30
S00093323,99,70,29
S00093324,86,54,32
S00093325,62,32,30
S00093326,87,60,27
S00093327,82,55,27
S00093328,99,58,41
S00093329,92,61,31
S00093330,78,52,26
S00093331,66,52,14
S00093332,127,81,46
S00093333,100,60,40
S00093334,187,130,57
S00093335,110,75,35
S00093336,92,70,22
S00093337,65,48,17
S00093338,57,37,20
S00093339,106,74,32
S00093340,58,34,24
S00093341,45,28,17
S00093342,104,72,32
S00093343,34,13,21
S00093344,96,61,35
S00093345,62,41,21
S00093346,64,42,22
S00093347,48,30,18
S00093348,56,30,26
S00093349,95,58,37
S00093350,87,38,49
S00093351,75,44,31
S00093352,57,46,11
S00093353,95,65,30
S00093354,67,45,22
S00093355,102,65,37
S00093356,60,43,17
S00093357,87,59,28
S00093358,84,70,14
S00093359,73,49,24
S00093360,59,37,22
S00093361,72,46,26
S00093362,100,72,28
S00093363,77,59,18
S00093364,46,28,18
S00093365,73,48,25
S00093366,105,77,28
S00093367,41,31,10
S00093368,78,65,13
S00093369,48,26,22
S00093370,93,56,37
S00093371,65,46,19
S00093372,94,61,33
S00093373,43,26,17
S00093374,147,120,27
S00093375,116,84,32
S00093376,154,108,46
S00093377,143,100,43
S00093378,69,42,27
S00093379,49,35,14
S00093380,82,52,30
S00093381,87,52,35
S00093382,74,51,23
S00093383,58,39,19
S00093384,82,64,18
S00093385,84,45,39
S00093386,72,40,32
S00093387,62,41,21
S00093388,103,74,29
S00093389,71,35,36
S00093390,74,51,23
S00093391,117,75,42
S00093392,83,56,27
S00093393,68,43,25
S00093394,81,47,34
S00093395,99,74,25
S00093396,69,47,22
S00093397,124,78,46
S00093398,83,49,34
S00093399,71,53,18
S00093400,67,45,22
S00093401,44,28,16
S00093402,89,62,27
S00093403,109,72,37
S00093404,100,64,36
S00093405,122,83,39
S00093406,94,66,28
S00093407,66,44,22
S00093408,42,27,15
S00093409,85,57,28
S00093410,121,78,43
S00093411,52,37,15
S00093412,66,39,27
S00093413,50,34,16
S00093414,59,37,22
S00093415,83,49,34
S00093416,83,51,32
S00093417,46,32,14
S00093418,43,24,19
S00093419,71,47,24
S00093420,145,106,39
S00093421,104,70,34
S00093422,91,69,22
S00093423,83,51,32
S00093424,100,72,28
S00093425,55,16,39
S00093426,100,75,25
S00093427,120,83,37
S00093428,98,69,29
S00093429,89,72,17
S00093430,104,79,25
S00093431,128,82,46
S00093432,55,43,12
S00093433,113,86,27
S00093434,90,57,33
S00093435,72,55,17
S00093436,102,61,41
S00093437,34,27,7
S00093438,71,46,25
S00093439,92,47,45
S00093440,94,68,26
S00093441,51,31,20
S00093442,74,47,27
S00093443,101,68,33
S00093444,77,60,17
S00093445,108,73,35
S00093446,51,30,21
S00093447,82,61,21
S00093448,55,38,17
S00093449,145,93,52
S00093450,45,26,19
S00093451,102,83,19
S00093452,117,79,38
S00093453,96,63,33
S00093454,96,67,29
S00093455,89,54,35
S00093456,73,46,27
S00093457,48,32,16
S00093458,118,83,35
S00093459,117,74,43
S00093460,109,74,35
S00093461,92,68,24
S00093462,78,49,29
S00093463,60,45,15
S00093464,56,45,11
S00093465,69,53,16
S00093466,113,79,34
S00093467,92,66,26
S00093468,54,40,14
S00093469,95,71,24
S00093470,73,47,26
S00093471,150,105,45
S00093472,54,37,17
S00093473,64,53,11
S00093474,151,109,42
S00093475,97,65,32
S00093476,68,53,15
S00093477,70,55,15
S00093478,52,46,6
S00093479,48,40,8
S00093480,49,32,17
S00093481,74,50,24
S00093482,43,18,25
S00093483,99,78,21
S00093484,78,48,30
S00093485,76,57,19
S00093486,70,66,4
S00093487,64,57,7
S00093488,62,34,28
S00093489,105,75,30
S00093490,87,70,17
S00093491,107,65,42
S00093492,99,71,28
S00093493,83,53,30
S00093494,73,42,31
S00093495,88,69,19
S00093496,59,41,18
S00093497,77,34,43
S00093498,77,53,24
S00093499,102,69,33
S00093500,114,89,25
S00093501,47,32,15
S00093502,85,63,22
S00093503,140,89,51
S00093504,82,42,40
S00093505,92,60,32
S00093506,73,56,17
S00093507,109,89,20
S00093508,77,48,29
S00093509,128,78,50
S00093510,71,48,23
S00093511,72,50,22
S00093512,65,52,13
S00093513,62,37,25
S00093514,38,18,20
S00093515,73,59,14
S00093516,58,46,12
S00093517,69,49,20
S00093518,75,62,13
S00093519,44,29,15
S00093520,91,57,34
S00093521,78,61,17
S00093522,67,52,15
S00093523,81,70,11
S00093524,82,61,21
S00093525,75,53,22
S00093526,87,58,29
S00093527,100,74,26
S00093528,73,43,30
S00093529,114,83,31
S00093530,91,58,33
S00093531,77,50,27
S00093532,75,45,30
S00093533,109,80,29
S00093534,85,73,12
S00093535,60,44,16
S00093536,68,52,16
S00093537,61,45,16
S00093538,99,60,39
S00093539,47,32,15
S00093540,85,55,30
S00093541,104,77,27
S00093542,30,16,14
S00093543,78,66,12
S00093544,85,50,35
S00093545,107,71,36
S00093546,81,58,23
S00093547,116,84,32
S00093548,82,56,26
S00093549,96,67,29
S00093550,94,66,28
S00093551,82,53,29
S00093552,117,73,44
S00093553,101,76,25
S00093554,98,59,39
S00093555,49,30,19
S00093556,79,50,29
S00093557,63,50,13
S00093558,59,37,22
S00093559,74,48,26
S00093560,99,69,30
S00093561,69,57,12
S00093562,131,97,34
S00093563,107,77,30
S00093564,82,48,34
S00093565,80,56,24
S00093566,52,32,20
S00093567,113,77,36
S00093568,67,48,19
S00093569,95,66,29
S00093570,81,51,30
S00093571,79,52,27
S00093572,100,69,31
S00093573,56,37,19
S00093574,65,41,24
S00093575,89,50,39
S00093576,64,39,25
S00093577,77,52,25
S00093578,53,44,9
S00093579,66,46,20
S00093580,95,67,28
S00093581,65,43,22
S00093582,89,56,33
S00093583,54,39,15
S00093584,41,34,7
S00093585,67,55,12
S00093586,78,51,27
S00093587,93,74,19
S00093588,74,56,18
S00093589,61,44,17
S00093590,73,43,30
S00093591,107,66,41
S00093592,82,55,27
S00093593,36,17,19
S00093594,114,90,24
S00093595,104,87,17
S00093596,90,53,37
S00093597,91,56,35
S00093598,102,78,24
S00093599,68,30,38
S00093600,56,42,14
S00093601,65,51,14
S00093602,80,53,27
S00093603,51,41,10
S00093604,60,32,28
S00093605,81,60,21
S00093606,52,35,17
S00093607,78,64,14
S00093608,108,56,52
S00093609,63,42,21
S00093610,77,52,25
S00093611,113,76,37
S00093612,78,49,29
S00093613,86,71,15
S00093614,80,56,24
S00093615,69,47,22
S00093616,85,57,28
S00093617,65,47,18
S00093618,80,68,12
S00093619,64,48,16
S00093620,81,57,24
S00093621,98,65,33
S00093622,54,40,14
S00093623,60,36,24
S00093624,39,27,12
S00093625,65,34,31
S00093626,85,50,35
S00093627,61,43,18
S00093628,51,31,20
S00093629,67,45,22
S00093630,108,72,36
S00093631,64,50,14
S00093632,105,74,31
S00093633,121,86,35
S00093634,97,69,28
S00093635,80,65,15
S00093636,98,65,33
S00093637,66,23,43
S00093638,96,65,31
S00093639,83,63,20
S00093640,83,67,16
S00093641,71,52,19
S00093642,81,50,31
S00093643,58,44,14
S00093644,92,80,12
S00093645,115,80,35
S00093646,47,34,13
S00093647,88,46,42
S00093648,100,65,35
S00093649,114,84,30
S00093650,108,60,48
S00093651,117,82,35
S00093652,91,68,23
S00093653,66,43,23
S00093654,98,64,34
S00093655,105,72,33
S00093656,69,46,23
S00093657,104,85,19
S00093658,67,32,35
S00093659,56,39,17
S00093660,67,44,23
S00093661,80,57,23
S00093662,71,59,12
S00093663,155,113,42
S00093664,64,45,19
S00093665,97,70,27
S00093666,86,49,37
S00093667,43,29,14
S00093668,48,40,8
S00093669,67,45,22
S00093670,109,84,25
S00093671,97,67,30
S00093672,89,48,41
S00093673,122,90,32
S00093674,67,56,11
S00093675,75,64,11
S00093676,80,61,19
S00093677,94,60,34
S00093678,100,58,42
S00093679,36,16,20
S00093680,88,59,29
S00093681,95,47,48
S00093682,62,38,24
S00093683,71,54,17
S00093684,95,70,25
S00093685,99,65,34
S00093686,74,56,18
S00093687,83,61,22
S00093688,40,24,16
S00093689,71,59,12
S00093690,101,63,38
S00093691,148,111,37
S00093692,96,56,40
S00093693,58,41,17
S00093694,95,69,26
S00093695,63,43,20
S00093696,115,72,43
S00093697,81,62,19
S00093698,83,51,32
S00093699,78,49,29
S00093700,90,60,30
S00093701,50,35,15
S00093702,62,42,20
S00093703,68,47,21
S00093704,46,38,8
S00093705,115,70,45
S00093706,71,44,27
S00093707,46,32,14
S00093708,70,43,27
S00093709,43,26,17
S00093710,115,95,20
S00093711,72,50,22
S00093712,52,29,23
S00093713,88,68,20
S00093714,124,79,45
S00093715,91,58,33
S00093716,102,67,35
S00093717,64,49,15
S00093718,70,48,22
S00093719,39,30,9
S00093720,51,32,19
S00093721,75,51,24
S00093722,112,79,33
S00093723,68,45,23
S00093724,52,38,14
S00093725,85,47,38
S00093726,56,24,32
S00093727,71,45,26
S00093728,98,53,45
S00093729,91,40,51
S00093730,76,59,17
S00093731,85,67,18
S00093732,65,45,20
S00093733,62,39,23
S00093734,63,46,17
S00093735,64,45,19
S00093736,94,70,24
S00093737,76,59,17
S00093738,44,25,19
S00093739,93,76,17
S00093740,107,89,18
S00093741,137,97,40
S00093742,115,87,28
S00093743,58,40,18
S00093744,104,77,27
S00093745,83,66,17
S00093746,47,36,11
S00093747,139,99,40
S00093748,99,72,27
S00093749,51,39,12
S00093750,43,34,9
S00093751,66,59,7
S00093752,84,49,35
S00093753,116,82,34
S00093754,73,56,17
S00093755,93,81,12
S00093756,99,65,34
S00093757,111,86,25
S00093758,167,112,55
S00093759,86,72,14
S00093760,150,128,22
S00093761,90,60,30
S00093762,69,39,30
S00093763,117,82,35
S00093764,76,50,26
S00093765,109,77,32
S00093766,64,43,21
S00093767,72,46,26
S00093768,89,62,27
S00093769,138,108,30
S00093770,133,92,41
S00093771,97,61,36
S00093772,69,45,24
S00093773,44,29,15
S00093774,111,82,29
S00093775,72,35,37
S00093776,46,37,9
S00093777,59,35,24
S00093778,66,49,17
S00093779,72,50,22
S00093780,62,50,12
S00093781,47,31,16
S00093782,96,73,23
S00093783,87,64,23
S00093784,81,58,23
S00093785,74,50,24
S00093786,89,49,40
S00093787,142,106,36
S00093788,76,50,26
S00093789,55,30,25
S00093790,100,72,28
S00093791,57,46,11
S00093792,55,35,20
S00093793,80,58,22
S00093794,113,73,40
S00093795,65,44,21
S00093796,67,53,14
S00093797,45,22,23
S00093798,43,36,7
S00093799,53,29,24
S00093800,71,37,34
S00093801,67,50,17
S00093802,86,55,31
S00093803,73,52,21
S00093804,127,92,35
S00093805,57,28,29
S00093806,81,53,28
S00093807,84,66,18
S00093808,58,42,16
S00093809,49,33,16
S00093810,52,30,22
S00093811,89,58,31
S00093812,59,43,16
S00093813,51,36,15
S00093814,84,65,19
S00093815,69,41,28
S00093816,138,96,42
S00093817,56,26,30
S00093818,101,68,33
S00093819,61,34,27
S00093820,114,78,36
S00093821,63,31,32
S00093822,193,132,61
S00093823,102,79,23
S00093824,50,31,19
S00093825,66,35,31
S00093826,141,102,39
S00093827,70,45,25
S00093828,97,68,29
S00093829,70,37,33
S00093830,54,35,19
S00093831,92,52,40
S00093832,70,58,12
S00093833,116,90,26
S00093834,82,48,34
S00093835,80,53,27
S00093836,87,53,34
S00093837,40,20,20
S00093838,62,41,21
S00093839,137,94,43
S00093840,97,76,21
S00093841,54,38,16
S00093842,117,95,22
S00093843,41,28,13
S00093844,99,75,24
S00093845,107,49,58
S00093846,44,31,13
S00093847,87,60,27
S00093848,118,83,35
S00093849,84,55,29
S00093850,101,77,24
S00093851,107,66,41
S00093852,116,63,53
S00093853,81,66,15
S00093854,75,59,16
S00093855,97,72,25
S00093856,51,39,12
S00093857,60,48,12
S00093858,115,80,35
S00093859,158,127,31
S00093860,43,24,19
S00093861,107,77,30
S00093862,90,57,33
S00093863,52,40,12
S00093864,128,101,27
S00093865,124,90,34
S00093866,78,63,15
S00093867,67,52,15
S00093868,144,104,40
S00093869,61,48,13
S00093870,104,70,34
S00093871,113,72,41
S00093872,87,59,28
S00093873,110,88,22
S00093874,63,43,20
S00093875,91,73,18
S00093876,89,61,28
S00093877,99,56,43
S00093878,71,44,27
S00093879,81,62,19
S00093880,96,62,34
S00093881,49,35,14
S00093882,39,30,9
S00093883,154,116,38
S00093884,51,29,22
S00093885,131,106,25
S00093886,95,55,40
S00093887,99,78,21
S00093888,116,90,26
S00093889,78,56,22
S00093890,47,41,6
S00093891,92,74,18
S00093892,68,56,12
S00093893,65,48,17
S00093894,93,50,43
S00093895,76,51,25
S00093896,53,35,18
S00093897,90,67,23
S00093898,147,107,40
S00093899,108,75,33
S00093900,67,38,29
S00093901,95,62,33
S00093902,49,32,17
S00093903,130,77,53
S00093904,121,91,30
S00093905,102,70,32
S00093906,57,41,16
S00093907,45,25,20
S00093908,61,38,23
S00093909,112,84,28
S00093910,134,105,29
S00093911,57,41,16
S00093912,110,86,24
S00093913,78,41,37
S00093914,25,14,11
S00093915,81,58,23
S00093916,26,5,21
S00093917,111,76,35
S00093918,61,48,13
S00093919,97,75,22
S00093920,98,73,25
S00093921,92,73,19
S00093922,90,57,33
S00093923,38,33,5
S00093924,127,100,27
S00093925,60,37,23
S00093926,64,40,24
S00093927,25,6,19
S00093928,49,34,15
S00093929,85,68,17
S00093930,69,49,20
S00093931,67,57,10
S00093932,67,55,12
S00093933,92,58,34
S00093934,111,85,26
S00093935,134,100,34
S00093936,62,45,17
S00093937,21,6,15
S00093938,57,39,18
S00093939,88,74,14
S00093940,71,48,23
S00093941,120,87,33
S00093942,75,42,33
S00093943,73,50,23
S00093944,78,56,22
S00093945,39,26,13
S00093946,51,37,14
S00093947,89,66,23
S00093948,80,57,23
S00093949,49,30,19
S00093950,75,45,30
S00093951,70,50,20
S00093952,93,50,43
S00093953,61,50,11
S00093954,60,45,15
S00093955,110,66,44
S00093956,106,71,35
S00093957,96,76,20
S00093958,39,27,12
S00093959,87,60,27
S00093960,37,27,10
S00093961,103,82,21
S00093962,102,66,36
S00093963,118,66,52
S00093964,47,23,24
S00093965,140,99,41
S00093966,68,47,21
S00093967,65,36,29
S00093968,98,59,39
S00093969,76,49,27
S00093970,98,59,39
S00093971,57,32,25
S00093972,134,85,49
S00093973,99,68,31
S00093974,100,53,47
S00093975,44,32,12
S00093976,57,47,10
S00093977,76,54,22
S00093978,105,88,17
S00093979,98,64,34
S00093980,61,53,8
S00093981,99,71,28
S00093982,74,55,19
S00093983,121,83,38
S00093984,102,81,21
S00093985,195,121,74
S00093986,109,90,19
S00093987,97,75,22
S00093988,123,102,21
S00093989,70,53,17
S00093990,61,45,16
S00093991,164,140,24
S00093992,70,49,21
S00093993,74,47,27
S00093994,77,46,31
S00093995,41,30,11
S00093996,76,63,13
S00093997,59,40,19
S00093998,102,80,22
S00093999,76,47,29
S00094000,55,37,18
S00094001,31,14,17
S00094002,42,20,22
S00094003,43,28,15
S00094004,61,34,27
S00094005,66,33,33
S00094006,93,65,28
S00094007,107,75,32
S00094008,145,89,56
S00094009,48,27,21
S00094010,41,22,19
S00094011,107,65,42
S00094012,70,53,17
S00094013,115,78,37
S00094014,125,75,50
S00094015,105,56,49
S00094016,89,60,29
S00094017,50,30,20
S00094018,123,69,54
S00094019,49,36,13
S00094020,99,65,34
S00094021,59,40,19
S00094022,108,72,36
S00094023,71,46,25
S00094024,62,34,28
S00094025,97,84,13
S00094026,70,48,22
S00094027,112,62,50
S00094028,30,15,15
S00094029,88,60,28
S00094030,89,61,28
S00094031,95,68,27
S00094032,73,37,36
S00094033,93,58,35
S00094034,86,62,24
S00094035,68,49,19
S00094036,47,31,16
S00094037,86,42,44
S00094038,65,39,26
S00094039,64,36,28
S00094040,54,29,25
S00094041,82,67,15
S00094042,74,52,22
S00094043,67,42,25
S00094044,124,81,43
S00094045,78,45,33
S00094046,145,100,45
S00094047,54,40,14
S00094048,81,59,22
S00094049,105,74,31
S00094050,94,75,19
S00094051,90,66,24
S00094052,104,64,40
S00094053,155,101,54
S00094054,61,47,14
S00094055,73,48,25
S00094056,117,65,52
S00094057,54,38,16
S00094058,88,62,26
S00094059,92,47,45
S00094060,123,81,42
S00094061,143,102,41
S00094062,72,52,20
S00094063,79,63,16
S00094064,60,45,15
S00094065,87,74,13
S00094066,74,52,22
S00094067,71,63,8
S00094068,71,58,13
S00094069,64,45,19
S00094070,129,95,34
S00094071,90,55,35
S00094072,58,40,18
S00094073,91,58,33
S00094074,45,33,12
S00094075,65,42,23
S00094076,85,46,39
S00094077,94,73,21
S00094078,127,90,37
S00094079,73,45,28
S00094080,71,47,24
S00094081,81,42,39
S00094082,118,89,29
S00094083,80,57,23
S00094084,59,42,17
S00094085,90,58,32
S00094086,98,71,27
S00094087,59,38,21
S00094088,97,70,27
S00094089,80,57,23
S00094090,128,82,46
S00094091,90,70,20
S00094092,124,102,22
S00094093,67,47,20
S00094094,79,55,24
S00094095,101,78,23
S00094096,99,78,21
S00094097,95,65,30
S00094098,44,24,20
S00094099,90,67,23
S00094100,115,88,27
S00094101,102,66,36
S00094102,76,53,23
S00094103,46,35,11
S00094104,52,44,8
S00094105,96,66,30
S00094106,39,33,6
S00094107,59,44,15
S00094108,71,52,19
S00094109,79,51,28
S00094110,64,31,33
S00094111,66,39,27
S00094112,100,80,20
S00094113,48,32,16
S00094114,105,73,32
S00094115,61,33,28
S00094116,81,57,24
S00094117,85,64,21
S00094118,69,51,18
S00094119,101,76,25
S00094120,52,36,16
S00094121,72,55,17
S00094122,97,68,29
S00094123,145,120,25
S00094124,48,36,12
S00094125,32,23,9
S00094126,36,29,7
S00094127,38,25,13
S00094128,78,51,27
S00094129,92,63,29
S00094130,86,61,25
S00094131,50,30,20
S00094132,72,47,25
S00094133,69,52,17
S00094134,55,43,12
S00094135,108,82,26
S00094136,117,90,27
S00094137,57,46,11
S00094138,95,60,35
S00094139,38,25,13
S00094140,87,60,27
S00094141,61,46,15
S00094142,87,65,22
S00094143,70,60,10
S00094144,88,63,25
S00094145,77,59,18
S00094146,55,38,17
S00094147,81,54,27
S00094148,113,82,31
S00094149,50,42,8
S00094150,42,29,13
S00094151,66,46,20
S00094152,98,72,26
S00094153,47,33,14
S00094154,90,55,35
S00094155,101,62,39
S00094156,100,73,27
S00094157,142,92,50
S00094158,119,84,35
S00094159,48,27,21
S00094160,51,26,25
S00094161,44,21,23
S00094162,69,45,24
S00094163,119,88,31
S00094164,91,60,31
S00094165,79,56,23
S00094166,88,63,25
S00094167,81,58,23
S00094168,99,66,33
S00094169,30,19,11
S00094170,77,58,19
S00094171,60,41,19
S00094172,119,80,39
S00094173,46,34,12
S00094174,85,55,30
S00094175,98,63,35
S00094176,94,64,30
S00094177,102,61,41
S00094178,79,51,28
S00094179,61,39,22
S00094180,129,97,32
S00094181,60,38,22
S00094182,70,38,32
S00094183,55,35,20
S00094184,77,58,19
S00094185,69,43,26
S00094186,74,44,30
S00094187,31,18,13
S00094188,45,26,19
S00094189,69,43,26
S00094190,38,31,7
S00094191,55,40,15
S00094192,77,51,26
S00094193,127,101,26
S00094194,112,72,40
S00094195,69,43,26
S00094196,84,58,26
S00094197,66,42,24
S00094198,94,61,33
S00094199,55,37,18
S00094200,116,80,36
S00094201,79,62,17
S00094202,108,81,27
S00094203,34,16,18
S00094204,66,45,21
S00094205,78,43,35
S00094206,84,56,28
S00094207,104,72,32
S00094208,56,42,14
S00094209,99,65,34
S00094210,98,69,29
S00094211,53,28,25
S00094212,66,41,25
S00094213,14,3,11
S00094214,102,58,44
S00094215,51,27,24
S00094216,111,86,25
S00094217,66,41,25
S00094218,85,59,26
S00094219,81,46,35
S00094220,80,55,25
S00094221,97,41,56
S00094222,78,48,30
S00094223,93,54,39
S00094224,65,37,28
S00094225,99,59,40
S00094226,72,40,32
S00094227,46,22,24
S00094228,72,41,31
S00094229,69,41,28
S00094230,67,43,24
S00094231,63,46,17
S00094232,48,30,18
S00094233,43,30,13
S00094234,134,96,38
S00094235,82,49,33
S00094236,78,44,34
S00094237,99,53,46
S00094238,47,28,19
S00094239,101,68,33
S00094240,77,40,37
S00094241,58,30,28
S00094242,77,33,44
S00094243,41,13,28
S00094244,71,52,19
S00094245,53,23,30
S00094246,77,51,26
S00094247,121,83,38
S00094248,78,61,17
S00094249,81,60,21
S00094250,74,56,18
S00094251,64,53,11
S00094252,85,64,21
S00094253,51,36,15
S00094254,74,55,19
S00094255,80,49,31
S00094256,56,32,24
S00094257,96,60,36
S00094258,84,50,34
S00094259,106,58,48
S00094260,69,46,23
S00094261,49,25,24
S00094262,144,92,52
S00094263,66,40,26
S00094264,57,44,13
S00094265,87,65,22
S00094266,110,72,38
S00094267,75,56,19
S00094268,65,46,19
S00094269,81,63,18
S00094270,70,53,17
S00094271,62,39,23
S00094272,62,48,14
S00094273,56,38,18
S00094274,59,40,19
S00094275,71,55,16
S00094276,54,42,12
S00094277,55,44,11
S00094278,92,73,19
S00094279,107,79,28
S00094280,94,69,25
S00094281,102,67,35
S00094282,84,56,28
S00094283,76,50,26
S00094284,85,53,32
S00094285,81,58,23
S00094286,101,62,39
S00094287,77,53,24
S00094288,84,56,28
S00094289,58,34,24
S00094290,86,62,24
S00094291,45,28,17
S00094292,75,48,27
S00094293,68,57,11
S00094294,40,16,24
S00094295,122,71,51
S00094296,64,44,20
S00094297,63,33,30
S00094298,55,32,23
S00094299,122,75,47
S00094300,62,41,21
S00094301,102,63,39
S00094302,66,41,25
S00094303,89,60,29
S00094304,57,36,21
S00094305,50,32,18
S00094306,47,24,23
S00094307,63,30,33
S00094308,106,57,49
S00094309,64,30,34
S00094310,67,43,24
S00094311,68,43,25
S00094312,41,17,24
S00094313,59,27,32
S00094314,71,40,31
S00094315,90,60,30
S00094316,76,57,19
S00094317,60,38,22
S00094318,77,49,28
S00094319,52,31,21
S00094320,117,67,50
S00094321,70,40,30
S00094322,60,34,26
S00094323,111,63,48
S00094324,67,43,24
S00094325,83,58,25
S00094326,46,38,8
S00094327,78,49,29
S00094328,140,106,34
S00094329,93,43,50
S00094330,50,35,15
S00094331,95,64,31
S00094332,71,36,35
S00094333,123,66,57
S00094334,98,58,40
S00094335,127,93,34
S00094336,41,24,17
S00094337,103,72,31
S00094338,61,48,13
S00094339,61,43,18
S00094340,75,59,16
S00094341,90,57,33
S00094342,116,74,42
S00094343,72,48,24
S00094344,74,48,26
S00094345,92,68,24
S00094346,82,58,24
S00094347,92,61,31
S00094348,62,43,19
S00094349,72,54,18
S00094350,80,52,28
S00094351,94,51,43
S00094352,82,64,18
S00094353,93,71,22
S00094354,67,45,22
S00094355,52,29,23
S00094356,75,53,22
S00094357,107,63,44
S00094358,54,30,24
S00094359,115,87,28
S00094360,112,74,38
S00094361,107,81,26
S00094362,91,71,20
S00094363,75,65,10
S00094364,97,83,14
S00094365,82,68,14
S00094366,82,65,17
S00094367,142,104,38
S00094368,78,56,22
S00094369,58,42,16
S00094370,58,43,15
S00094371,76,56,20
S00094372,41,36,5
S00094373,83,46,37
S00094374,97,67,30
S00094375,87,57,30
S00094376,79,59,20
S00094377,85,53,32
S00094378,100,57,43
S00094379,83,58,25
S00094380,51,31,20
S00094381,63,37,26
S00094382,75,49,26
S00094383,60,28,32
S00094384,59,40,19
S00094385,53,29,24
S00094386,108,62,46
S00094387,119,84,35
S00094388,97,74,23
S00094389,71,53,18
S00094390,89,54,35
S00094391,89,46,43
S00094392,74,57,17
S00094393,94,57,37
S00094394,89,58,31
S00094395,120,80,40
S00094396,41,25,16
S00094397,66,40,26
S00094398,79,56,23
S00094399,42,26,16
S00094400,64,50,14
S00094401,63,39,24
S00094402,72,39,33
S00094403,88,54,34
S00094404,82,55,27
S00094405,69,48,21
S00094406,99,78,21
S00094407,65,50,15
S00094408,46,27,19
S00094409,44,37,7
S00094410,56,42,14
S00094411,66,47,19
S00094412,68,43,25
S00094413,49,22,27
S00094414,73,47,26
S00094415,72,54,18
S00094416,95,71,24
S00094417,43,26,17
S00094418,76,53,23
S00094419,59,36,23
S00094420,48,20,28
S00094421,77,49,28
S00094422,86,53,33
S00094423,105,62,43
S00094424,80,57,23
S00094425,76,44,32
S00094426,83,55,28
S00094427,79,49,30
S00094428,73,51,22
S00094429,44,36,8
S00094430,63,35,28
S00094431,48,32,16
S00094432,70,34,36
S00094433,90,65,25
S00094434,110,68,42
S00094435,113,101,12
S00094436,71,62,9
S00094437,107,92,15
S00094438,42,32,10
S00094439,66,55,11
S00094440,100,64,36
S00094441,114,79,35
S00094442,105,72,33
S00094443,103,72,31
S00094444,159,116,43
S00094445,88,59,29
S00094446,98,64,34
S00094447,134,100,34
S00094448,89,69,20
S00094449,83,47,36
S00094450,88,63,25
S00094451,151,97,54
S00094452,49,19,30
S00094453,55,30,25
S00094454,113,69,44
S00094455,108,64,44
S00094456,106,61,45
S00094457,112,64,48
S00094458,143,71,72
S00094459,40,21,19
S00094460,114,68,46
S00094461,81,57,24
S00094462,114,72,42
S00094463,80,49,31
S00094464,149,99,50
S00094465,102,60,42
S00094466,80,56,24
S00094467,93,58,35
S00094468,86,57,29
S00094469,103,71,32
S00094470,36,16,20
S00094471,43,29,14
S00094472,86,62,24
S00094473,83,59,24
S00094474,92,55,37
S00094475,60,43,17
S00094476,69,38,31
S00094477,41,26,15
S00094478,104,62,42
S00094479,123,100,23
S00094480,58,44,14
S00094481,74,48,26
S00094482,143,117,26
S00094483,92,59,33
S00094484,105,68,37
S00094485,67,52,15
S00094486,114,81,33
S00094487,106,72,34
S00094488,83,57,26
S00094489,102,77,25
S00094490,67,50,17
S00094491,47,40,7
S00094492,96,68,28
S00094493,55,37,18
S00094494,84,45,39
S00094495,98,87,11
S00094496,107,71,36
S00094497,69,47,22
S00094498,87,78,9
S00094499,94,75,19
S00094500,87,56,31
S00094501,98,70,28
S00094502,43,32,11
S00094503,110,76,34
S00094504,99,64,35
S00094505,92,70,22
S00094506,74,54,20
S00094507,98,81,17
S00094508,114,86,28
S00094509,104,71,33
S00094510,96,64,32
S00094511,43,31,12
S00094512,98,70,28
S00094513,92,60,32
S00094514,110,87,23
S00094515,67,55,12
S00094516,102,70,32
S00094517,64,41,23
S00094518,31,18,13
S00094519,74,53,21
S00094520,119,88,31
S00094521,63,54,9
S00094522,72,43,29
S00094523,80,57,23
S00094524,95,76,19
S00094525,71,48,23
S00094526,48,32,16
S00094527,54,46,8
S00094528,116,97,19
S00094529,86,62,24
S00094530,100,72,28
S00094531,75,56,19
S00094532,98,87,11
S00094533,91,63,28
S00094534,95,65,30
S00094535,101,73,28
S00094536,97,70,27
S00094537,109,81,28
S00094538,108,81,27
S00094539,53,42,11
S00094540,86,61,25
S00094541,89,75,14
S00094542,83,69,14
S00094543,68,59,9
S00094544,101,89,12
S00094545,93,79,14
S00094546,68,59,9
S00094547,93,76,17
S00094548,51,40,11
S00094549,104,81,23
S00094550,29,21,8
S00094551,70,51,19
S00094552,127,93,34
S00094553,91,67,24
S00094554,103,79,24
S00094555,92,72,20
S00094556,112,85,27
S00094557,31,16,15
S00094558,94,73,21
S00094559,93,67,26
S00094560,93,68,25
S00094561,106,71,35
S00094562,47,32,15
S00094563,46,30,16
S00094564,85,70,15
S00094565,52,31,21
S00094566,45,24,21
S00094567,76,58,18
S00094568,91,63,28
S00094569,113,73,40
S00094570,106,87,19
S00094571,78,64,14
S00094572,153,118,35
S00094573,52,27,25
S00094574,89,53,36
S00094575,72,44,28
S00094576,44,34,10
S00094577,84,63,21
S00094578,83,65,18
S00094579,45,28,17
S00094580,99,76,23
S00094581,131,82,49
S00094582,61,36,25
S00094583,79,54,25
S00094584,75,59,16
S00094585,103,79,24
S00094586,96,57,39
S00094587,84,61,23
S00094588,70,39,31
S00094589,64,42,22
S00094590,76,52,24
S00094591,105,74,31
S00094592,73,59,14
S00094593,72,45,27
S00094594,109,74,35
S00094595,88,61,27
S00094596,73,50,23
S00094597,63,45,18
S00094598,87,47,40
S00094599,1005,974,31
S00094600,87,55,32
S00094601,96,61,35
S00094602,96,63,33
S00094603,116,88,28
S00094604,59,41,18
S00094605,70,59,11
S00094606,117,85,32
S00094607,31,7,24
S00094608,109,79,30
S00094609,45,29,16
S00094610,69,47,22
S00094611,66,44,22
S00094612,67,37,30
S00094613,50,23,27
S00094614,68,46,22
S00094615,102,74,28
S00094616,46,29,17
S00094617,40,27,13
S00094618,89,32,57
S00094619,79,40,39
S00094620,72,52,20
S00094621,45,34,11
S00094622,72,48,24
S00094623,34,20,14
S00094624,86,51,35
S00094625,62,31,31
S00094626,93,59,34
S00094627,69,47,22
S00094628,56,37,19
S00094629,82,49,33
S00094630,62,46,16
S00094631,44,27,17
S00094632,36,26,10
S00094633,56,34,22
S00094634,46,33,13
S00094635,57,43,14
S00094636,90,63,27
S00094637,80,43,37
S00094638,112,87,25
S00094639,47,34,13
S00094640,55,45,10
S00094641,80,53,27
S00094642,68,49,19
S00094643,93,63,30
S00094644,84,61,23
S00094645,93,75,18
S00094646,55,34,21
S00094647,98,56,42
S00094648,86,61,25
S00094649,59,38,21
S00094650,62,35,27
S00094651,64,33,31
S00094652,79,48,31
S00094653,53,35,18
S00094654,62,40,22
S00094655,91,64,27
S00094656,39,29,10
S00094657,60,42,18
S00094658,72,48,24
S00094659,60,41,19
S00094660,62,45,17
S00094661,61,46,15
S00094662,55,43,12
S00094663,90,64,26
S00094664,129,73,56
S00094665,82,69,13
S00094666,52,48,4
S00094667,104,79,25
S00094668,56,43,13
S00094669,124,92,32
S00094670,52,32,20
S00094671,66,47,19
S00094672,73,59,14
S00094673,77,64,13
S00094674,108,78,30
S00094675,89,54,35
S00094676,54,35,19
S00094677,49,40,9
S00094678,40,22,18
S00094679,95,56,39
S00094680,45,33,12
S00094681,113,95,18
S00094682,95,77,18
S00094683,126,81,45
S00094684,52,26,26
S00094685,91,46,45
S00094686,90,53,37
S00094687,61,35,26
S00094688,94,59,35
S00094689,47,15,32
S00094690,50,30,20
S00094691,81,52,29
S00094692,42,27,15
S00094693,70,46,24
S00094694,83,65,18
S00094695,99,70,29
S00094696,67,51,16
S00094697,40,25,15
S00094698,48,34,14
S00094699,57,39,18
S00094700,68,56,12
S00094701,61,53,8
S00094702,96,70,26
S00094703,71,49,22
S00094704,65,54,11
S00094705,52,39,13
S00094706,156,132,24
S00094707,65,40,25
S00094708,52,40,12
S00094709,58,36,22
S00094710,93,55,38
S00094711,111,84,27
S00094712,83,58,25
S00094713,106,83,23
S00094714,101,68,33
S00094715,89,58,31
S00094716,116,84,32
S00094717,115,93,22
S00094718,89,72,17
S00094719,113,80,33
S00094720,40,30,10
S00094721,44,23,21
S00094722,99,71,28
S00094723,131,82,49
S00094724,102,86,16
S00094725,63,42,21
S00094726,83,53,30
S00094727,83,54,29
S00094728,116,84,32
S00094729,68,50,18
S00094730,88,45,43
S00094731,91,52,39
S00094732,62,23,39
S00094733,45,26,19
S00094734,110,77,33
S00094735,93,54,39
S00094736,88,52,36
S00094737,96,49,47
S00094738,40,29,11
S00094739,96,66,30
S00094740,60,39,21
S00094741,39,26,13
S00094742,74,42,32
S00094743,81,57,24
S00094744,51,34,17
S00094745,43,22,21
S00094746,67,48,19
S00094747,51,26,25
S00094748,66,37,29
S00094749,72,37,35
S00094750,57,41,16
S00094751,56,43,13
S00094752,64,53,11
S00094753,81,43,38
S00094754,89,53,36
S00094755,75,32,43
S00094756,39,25,14
S00094757,86,44,42
S00094758,104,72,32
S00094759,89,69,20
S00094760,62,45,17
S00094761,40,21,19
S00094762,72,56,16
S00094763,50,23,27
S00094764,55,33,22
S00094765,38,24,14
S00094766,120,90,30
S00094767,99,68,31
S00094768,68,45,23
S00094769,95,64,31
S00094770,105,68,37
S00094771,51,37,14
S00094772,69,52,17
S00094773,89,67,22
S00094774,86,57,29
S00094775,88,60,28
S00094776,126,94,32
S00094777,51,40,11
S00094778,83,59,24
S00094779,57,51,6
S00094780,90,62,28
S00094781,47,34,13
S00094782,69,52,17
S00094783,118,84,34
S00094784,119,83,36
S00094785,68,52,16
S00094786,137,98,39
S00094787,100,69,31
S00094788,129,94,35
S00094789,51,44,7
S00094790,70,45,25
S00094791,91,80,11
S00094792,151,132,19
S00094793,104,74,30
S00094794,116,88,28
S00094795,73,49,24
S00094796,101,80,21
S00094797,65,44,21
S00094798,67,38,29
S00094799,57,36,21
S00094800,79,55,24
S00094801,39,29,10
S00094802,78,57,21
S00094803,76,62,14
S00094804,86,59,27
S00094805,63,49,14
S00094806,80,57,23
S00094807,116,80,36
S00094808,132,93,39
S00094809,76,55,21
S00094810,83,64,19
S00094811,93,62,31
S00094812,72,53,19
S00094813,75,60,15
S00094814,126,86,40
S00094815,89,55,34
S00094816,66,41,25
S00094817,69,43,26
S00094818,84,70,14
S00094819,47,41,6
S00094820,70,44,26
S00094821,103,78,25
S00094822,126,87,39
S00094823,72,52,20
S00094824,59,48,11
S00094825,95,65,30
S00094826,46,34,12
S00094827,101,67,34
S00094828,78,67,11
S00094829,122,100,22
S00094830,50,39,11
S00094831,117,88,29
S00094832,126,83,43
S00094833,100,58,42
S00094834,51,38,13
S00094835,92,70,22
S00094836,126,91,35
S00094837,81,63,18
S00094838,76,47,29
S00094839,40,30,10
S00094840,89,65,24
S00094841,67,38,29
S00094842,126,89,37
S00094843,100,73,27
S00094844,103,68,35
S00094845,102,64,38
S00094846,120,62,58
S00094847,109,80,29
S00094848,64,43,21
S00094849,109,80,29
S00094850,109,80,29
S00094851,69,49,20
S00094852,76,48,28
S00094853,51,32,19
S00094854,89,65,24
S00094855,121,90,31
S00094856,92,57,35
S00094857,53,37,16
S00094858,97,54,43
S00094859,82,61,21
S00094860,88,66,22
S00094861,73,51,22
S00094862,76,50,26
S00094863,142,95,47
S00094864,69,37,32
S00094865,112,82,30
S00094866,131,102,29
S00094867,63,43,20
S00094868,104,73,31
S00094869,69,50,19
S00094870,78,50,28
S00094871,37,23,14
S00094872,105,71,34
S00094873,103,63,40
S00094874,97,63,34
S00094875,134,102,32
S00094876,113,79,34
S00094877,63,48,15
S00094878,106,80,26
S00094879,129,92,37
S00094880,94,77,17
S00094881,53,39,14
S00094882,86,57,29
S00094883,75,58,17
S00094884,76,54,22
S00094885,64,48,16
S00094886,110,76,34
S00094887,65,43,22
S00094888,132,72,60
S00094889,85,60,25
S00094890,49,41,8
S00094891,106,82,24
S00094892,80,48,32
S00094893,59,40,19
S00094894,69,56,13
S00094895,55,37,18
S00094896,117,108,9
S00094897,53,44,9
S00094898,90,78,12
S00094899,111,92,19
S00094900,102,75,27
S00094901,109,88,21
S00094902,99,76,23
S00094903,96,71,25
S00094904,78,60,18
S00094905,59,47,12
S00094906,98,63,35
S00094907,100,76,24
S00094908,81,59,22
S00094909,40,26,14
S00094910,98,66,32
S00094911,110,86,24
S00094912,61,41,20
S00094913,70,49,21
S00094914,78,60,18
S00094915,86,64,22
S00094916,130,97,33
S00094917,90,52,38
S00094918,113,74,39
S00094919,70,58,12
S00094920,144,86,58
S00094921,65,50,15
S00094922,69,41,28
S00094923,83,59,24
S00094924,77,37,40
S00094925,59,28,31
S00094926,112,84,28
S00094927,114,70,44
S00094928,92,66,26
S00094929,120,84,36
S00094930,98,73,25
S00094931,75,50,25
S00094932,53,35,18
S00094933,83,58,25
S00094934,84,49,35
S00094935,98,63,35
S00094936,91,64,27
S00094937,91,69,22
S00094938,125,68,57
S00094939,74,54,20
S00094940,104,82,22
S00094941,128,98,30
S00094942,71,53,18
S00094943,81,59,22
S00094944,119,84,35
S00094945,136,108,28
S00094946,58,46,12
S00094947,111,80,31
S00094948,97,82,15
S00094949,73,56,17
S00094950,51,15,36
S00094951,65,21,44
S00094952,90,67,23
S00094953,121,84,37
S00094954,72,47,25
S00094955,114,88,26
S00094956,96,63,33
S00094957,89,53,36
S00094958,104,57,47
S00094959,49,32,17
S00094960,108,82,26
S00094961,69,46,23
S00094962,77,67,10
S00094963,74,54,20
S00094964,62,49,13
S00094965,72,50,22
S00094966,59,40,19
S00094967,77,56,21
S00094968,53,44,9
S00094969,69,56,13
S00094970,113,91,22
S00094971,83,54,29
S00094972,108,76,32
S00094973,53,36,17
S00094974,119,86,33
S00094975,75,53,22
S00094976,68,47,21
S00094977,58,37,21
S00094978,98,70,28
S00094979,99,73,26
S00094980,78,53,25
S00094981,90,57,33
S00094982,106,69,37
S00094983,126,91,35
S00094984,98,56,42
S00094985,62,44,18
S00094986,44,31,13
S00094987,89,64,25
S00094988,48,30,18
S00094989,93,66,27
S00094990,67,45,22
S00094991,92,66,26
S00094992,55,38,17
S00094993,80,62,18
S00094994,80,59,21
S00094995,88,58,30
S00094996,44,33,11
S00094997,75,45,30
S00094998,107,61,46
S00094999,47,33,14
S00095000,57,37,20
S00095001,86,60,26
S00095002,79,57,22
S00095003,50,39,11
S00095004,66,50,16
S00095005,58,44,14
S00095006,108,87,21
S00095007,89,61,28
S00095008,41,23,18
S00095009,110,81,29
S00095010,48,34,14
S00095011,82,55,27
S00095012,98,70,28
S00095013,136,113,23
S00095014,65,53,12
S00095015,88,72,16
S00095016,63,50,13
S00095017,63,54,9
S00095018,93,70,23
S00095019,80,61,19
S00095020,77,62,15
S00095021,91,65,26
S00095022,119,90,29
S00095023,104,82,22
S00095024,68,51,17
S00095025,104,78,26
S00095026,132,106,26
S00095027,73,58,15
S00095028,96,67,29
S00095029,103,74,29
S00095030,120,78,42
S00095031,92,70,22
S00095032,89,67,22
S00095033,100,83,17
S00095034,58,37,21
S00095035,95,72,23
S00095036,91,58,33
S00095037,73,60,13
S00095038,63,41,22
S00095039,58,42,16
S00095040,60,37,23
S00095041,70,52,18
S00095042,50,36,14
S00095043,75,43,32
S00095044,69,39,30
S00095045,100,62,38
S00095046,100,68,32
S00095047,56,33,23
S00095048,99,66,33
S00095049,24,18,6
S00095050,54,27,27
S00095051,77,52,25
S00095052,86,59,27
S00095053,79,47,32
S00095054,72,52,20
S00095055,115,86,29
S00095056,90,70,20
S00095057,71,51,20
S00095058,110,82,28
S00095059,124,74,50
S00095060,61,47,14
S00095061,94,78,16
S00095062,83,62,21
S00095063,66,54,12
S00095064,109,77,32
S00095065,106,81,25
S00095066,122,83,39
S00095067,77,60,17
S00095068,83,62,21
S00095069,105,63,42
S00095070,84,59,25
S00095071,89,62,27
S00095072,75,65,10
S00095073,68,47,21
S00095074,34,23,11
S00095075,77,50,27
S00095076,49,34,15
S00095077,77,50,27
S00095078,99,67,32
S00095079,76,47,29
S00095080,71,50,21
S00095081,97,63,34
S00095082,72,40,32
S00095083,103,53,50
S00095084,65,39,26
S00095085,78,59,19
S00095086,128,84,44
S00095087,62,41,21
S00095088,70,51,19
S00095089,69,42,27
S00095090,75,50,25
S00095091,116,59,57
S00095092,86,57,29
S00095093,116,69,47
S00095094,108,66,42
S00095095,86,53,33
S00095096,95,54,41
S00095097,43,32,11
S00095098,47,24,23
S00095099,58,39,19
S00095100,119,95,24
S00095101,76,54,22
S00095102,90,61,29
S00095103,93,74,19
S00095104,55,39,16
S00095105,90,54,36
S00095106,107,91,16
S00095107,63,42,21
S00095108,75,44,31
S00095109,70,53,17
S00095110,68,36,32
S00095111,112,79,33
S00095112,45,36,9
S00095113,85,57,28
S00095114,56,46,10
S00095115,63,42,21
S00095116,68,41,27
S00095117,96,70,26
S00095118,83,54,29
S00095119,52,41,11
S00095120,76,56,20
S00095121,96,58,38
S00095122,74,45,29
S00095123,127,87,40
S00095124,86,61,25
S00095125,45,26,19
S00095126,69,49,20
S00095127,95,66,29
S00095128,137,85,52
S00095129,56,38,18
S00095130,103,66,37
S00095131,81,54,27
S00095132,98,65,33
S00095133,95,59,36
S00095134,134,96,38
S00095135,78,50,28
S00095136,47,36,11
S00095137,71,50,21
S00095138,59,41,18
S00095139,83,50,33
S00095140,71,46,25
S00095141,62,42,20
S00095142,66,37,29
S00095143,52,35,17
S00095144,69,38,31
S00095145,62,41,21
S00095146,50,33,17
S00095147,50,37,13
S00095148,60,35,25
S00095149,36,26,10
S00095150,66,32,34
S00095151,64,32,32
S00095152,93,64,29
S00095153,59,47,12
S00095154,110,78,32
S00095155,79,61,18
S00095156,26,17,9
S00095157,67,47,20
S00095158,71,42,29
S00095159,83,52,31
S00095160,103,64,39
S00095161,61,37,24
S00095162,69,43,26
S00095163,81,51,30
S00095164,49,29,20
S00095165,68,53,15
S00095166,122,89,33
S00095167,90,62,28
S00095168,82,65,17
S00095169,118,82,36
S00095170,42,28,14
S00095171,73,55,18
S00095172,92,62,30
S00095173,104,53,51
S00095174,107,65,42
S00095175,110,77,33
S00095176,51,31,20
S00095177,98,64,34
S00095178,64,45,19
S00095179,87,60,27
S00095180,89,63,26
S00095181,93,71,22
S00095182,126,88,38
S00095183,102,66,36
S00095184,51,32,19
S00095185,56,47,9
S00095186,67,36,31
S00095187,70,45,25
S00095188,58,36,22
S00095189,83,50,33
S00095190,87,61,26
S00095191,118,71,47
S00095192,78,62,16
S00095193,76,59,17
S00095194,42,35,7
S00095195,84,63,21
S00095196,70,51,19
S00095197,90,66,24
S00095198,80,51,29
S00095199,34,17,17
S00095200,61,44,17
S00095201,85,56,29
S00095202,91,62,29
S00095203,52,31,21
S00095204,78,63,15
S00095205,71,36,35
S00095206,48,36,12
S00095207,84,60,24
S00095208,50,30,20
S00095209,96,70,26
S00095210,50,31,19
S00095211,68,45,23
S00095212,77,57,20
S00095213,74,50,24
S00095214,96,71,25
S00095215,86,62,24
S00095216,90,65,25
S00095217,114,82,32
S00095218,79,54,25
S00095219,116,72,44
S00095220,48,37,11
S00095221,58,41,17
S00095222,80,67,13
S00095223,65,49,16
S00095224,79,57,22
S00095225,70,47,23
S00095226,100,80,20
S00095227,55,38,17
S00095228,64,48,16
S00095229,60,42,18
S00095230,64,52,12
S00095231,48,37,11
S00095232,35,28,7
S00095233,88,70,18
S00095234,83,60,23
S00095235,98,63,35
S00095236,71,45,26
S00095237,70,51,19
S00095238,74,51,23
S00095239,63,42,21
S00095240,45,29,16
S00095241,103,50,53
S00095242,72,29,43
S00095243,83,55,28
S00095244,106,71,35
S00095245,106,78,28
S00095246,97,67,30
S00095247,86,61,25
S00095248,121,88,33
S00095249,66,54,12
S00095250,39,27,12
S00095251,71,54,17
S00095252,56,35,21
S00095253,82,57,25
S00095254,88,47,41
S00095255,78,53,25
S00095256,47,32,15
S00095257,72,54,18
S00095258,76,54,22
S00095259,133,110,23
S00095260,65,38,27
S00095261,39,25,14
S00095262,79,50,29
S00095263,103,74,29
S00095264,60,25,35
S00095265,48,27,21
S00095266,69,48,21
S00095267,54,40,14
S00095268,71,51,20
S00095269,31,22,9
S00095270,90,68,22
S00095271,67,44,23
S00095272,66,50,16
S00095273,84,60,24
S00095274,91,75,16
S00095275,106,85,21
S00095276,108,80,28
S00095277,93,72,21
S00095278,83,62,21
S00095279,83,57,26
S00095280,57,41,16
S00095281,83,59,24
S00095282,87,77,10
S00095283,100,86,14
S00095284,86,58,28
S00095285,60,46,14
S00095286,104,84,20
S00095287,81,58,23
S00095288,103,70,33
S00095289,127,93,34
S00095290,66,47,19
S00095291,89,48,41
S00095292,95,64,31
S00095293,57,47,10
S00095294,46,37,9
S00095295,89,76,13
S00095296,77,54,23
S00095297,46,37,9
S00095298,58,36,22
S00095299,74,44,30
S00095300,68,50,18
S00095301,115,83,32
S00095302,107,88,19
S00095303,60,51,9
S00095304,65,48,17
S00095305,108,88,20
S00095306,68,52,16
S00095307,84,65,19
S00095308,97,76,21
S00095309,85,59,26
S00095310,76,63,13
S00095311,89,74,15
S00095312,108,90,18
S00095313,103,77,26
S00095314,102,79,23
S00095315,82,62,20
S00095316,111,70,41
S00095317,91,62,29
S00095318,73,49,24
S00095319,51,34,17
S00095320,73,54,19
S00095321,78,47,31
S00095322,80,59,21
S00095323,78,56,22
S00095324,90,60,30
S00095325,79,54,25
S00095326,75,54,21
S00095327,66,38,28
S00095328,61,42,19
S00095329,81,44,37
S00095330,110,73,37
S00095331,104,67,37
S00095332,73,47,26
S00095333,74,49,25
S00095334,103,79,24
S00095335,104,61,43
S00095336,85,49,36
S00095337,137,66,71
S00095338,87,55,32
S00095339,72,53,19
S00095340,86,58,28
S00095341,131,91,40
S00095342,66,46,20
S00095343,68,43,25
S00095344,61,45,16
S00095345,73,52,21
S00095346,87,50,37
S00095347,74,55,19
S00095348,74,56,18
S00095349,80,54,26
S00095350,42,25,17
S00095351,94,67,27
S00095352,127,104,23
S00095353,99,74,25
S00095354,57,45,12
S00095355,115,82,33
S00095356,90,72,18
S00095357,54,37,17
S00095358,242,127,115
S00095359,64,34,30
S00095360,48,34,14
S00095361,58,38,20
S00095362,87,69,18
S00095363,86,58,28
S00095364,95,66,29
S00095365,70,43,27
S00095366,112,84,28
S00095367,91,65,26
S00095368,71,51,20
S00095369,127,97,30
S00095370,84,48,36
S00095371,111,75,36
S00095372,62,38,24
S00095373,105,58,47
S00095374,72,50,22
S00095375,72,53,19
S00095376,70,45,25
S00095377,96,57,39
S00095378,91,51,40
S00095379,98,66,32
S00095380,104,75,29
S00095381,99,67,32
S00095382,63,37,26
S00095383,93,69,24
S00095384,78,52,26
S00095385,84,58,26
S00095386,68,52,16
S00095387,138,109,29
S00095388,55,35,20
S00095389,111,92,19
S00095390,118,77,41
S00095391,26,13,13
S00095392,79,56,23
S00095393,89,66,23
S00095394,38,23,15
S00095395,57,48,9
S00095396,68,33,35
S00095397,94,56,38
S00095398,54,27,27
S00095399,116,75,41
S00095400,128,95,33
S00095401,47,26,21
S00095402,92,69,23
S00095403,96,71,25
S00095404,48,9,39
S00095405,132,83,49
S00095406,81,51,30
S00095407,85,60,25
S00095408,110,70,40
S00095409,113,89,24
S00095410,98,57,41
S00095411,95,72,23
S00095412,52,36,16
S00095413,87,58,29
S00095414,107,67,40
S00095415,76,51,25
S00095416,82,66,16
S00095417,83,67,16
S00095418,121,86,35
S00095419,104,72,32
S00095420,78,54,24
S00095421,68,48,20
S00095422,54,38,16
S00095423,122,107,15
S00095424,94,69,25
S00095425,81,58,23
S00095426,95,76,19
S00095427,116,94,22
S00095428,51,30,21
S00095429,32,23,9
S00095430,100,75,25
S00095431,85,58,27
S00095432,82,58,24
S00095433,115,74,41
S00095434,104,74,30
S00095435,53,33,20
S00095436,67,40,27
S00095437,75,52,23
S00095438,59,36,23
S00095439,48,40,8
S00095440,48,23,25
S00095441,35,20,15
S00095442,96,66,30
S00095443,121,82,39
S00095444,75,58,17
S00095445,66,43,23
S00095446,73,55,18
S00095447,45,35,10
S00095448,101,86,15
S00095449,100,69,31
S00095450,53,40,13
S00095451,66,45,21
S00095452,79,59,20
S00095453,44,32,12
S00095454,46,35,11
S00095455,52,37,15
S00095456,95,72,23
S00095457,73,50,23
S00095458,58,41,17
S00095459,110,88,22
S00095460,63,56,7
S00095461,83,64,19
S00095462,87,56,31
S00095463,111,84,27
S00095464,78,60,18
S00095465,64,37,27
S00095466,111,88,23
S00095467,117,97,20
S00095468,108,86,22
S00095469,58,46,12
S00095470,67,46,21
S00095471,77,53,24
S00095472,54,26,28
S00095473,109,66,43
S00095474,38,22,16
S00095475,60,32,28
S00095476,89,70,19
S00095477,72,39,33
S00095478,83,46,37
S00095479,85,57,28
S00095480,74,46,28
S00095481,93,60,33
S00095482,93,55,38
S00095483,82,65,17
S00095484,110,87,23
S00095485,61,49,12
S00095486,85,48,37
S00095487,107,76,31
S00095488,100,66,34
S00095489,115,88,27
S00095490,82,59,23
S00095491,116,75,41
S00095492,89,47,42
S00095493,81,47,34
S00095494,112,71,41
S00095495,55,30,25
S00095496,141,105,36
S00095497,146,106,40
S00095498,48,34,14
S00095499,66,39,27
S00095500,77,39,38
S00095501,49,32,17
S00095502,81,63,18
S00095503,66,40,26
S00095504,62,44,18
S00095505,76,54,22
S00095506,87,72,15
S00095507,92,63,29
S00095508,130,103,27
S00095509,78,54,24
S00095510,87,51,36
S00095511,131,86,45
S00095512,71,48,23
S00095513,57,38,19
S00095514,99,69,30
S00095515,66,54,12
S00095516,105,64,41
S00095517,110,93,17
S00095518,107,75,32
S00095519,71,57,14
S00095520,106,85,21
S00095521,99,70,29
S00095522,42,20,22
S00095523,83,55,28
S00095524,100,77,23
S00095525,90,67,23
S00095526,131,98,33
S00095527,100,68,32
S00095528,76,37,39
S00095529,18,2,16
S00095530,106,82,24
S00095531,81,40,41
S00095532,71,51,20
S00095533,69,52,17
S00095534,67,54,13
S00095535,112,79,33
S00095536,63,37,26
S00095537,69,46,23
S00095538,68,38,30
S00095539,105,76,29
S00095540,42,32,10
S00095541,47,32,15
S00095542,80,51,29
S00095543,123,93,30
S00095544,70,48,22
S00095545,94,61,33
S00095546,123,92,31
S00095547,109,74,35
S00095548,49,36,13
S00095549,86,60,26
S00095550,107,78,29
S00095551,92,61,31
S00095552,84,58,26
S00095553,58,28,30
S00095554,96,60,36
S00095555,63,40,23
S00095556,101,68,33
S00095557,78,42,36
S00095558,63,43,20
S00095559,69,46,23
S00095560,87,64,23
S00095561,36,23,13
S00095562,45,26,19
S00095563,98,64,34
S00095564,127,84,43
S00095565,141,89,52
S00095566,120,78,42
S00095567,121,87,34
S00095568,117,84,33
S00095569,109,68,41
S00095570,89,47,42
S00095571,80,51,29
S00095572,89,57,32
S00095573,63,37,26
S00095574,73,45,28
S00095575,77,52,25
S00095576,84,56,28
S00095577,56,33,23
S00095578,50,28,22
S00095579,79,60,19
S00095580,78,55,23
S00095581,83,57,26
S00095582,50,33,17
S00095583,83,48,35
S00095584,63,45,18
S00095585,117,79,38
S00095586,131,88,43
S00095587,64,39,25
S00095588,55,37,18
S00095589,99,51,48
S00095590,68,41,27
S00095591,61,39,22
S00095592,80,52,28
S00095593,101,68,33
S00095594,57,30,27
S00095595,85,64,21
S00095596,64,51,13
S00095597,55,29,26
S00095598,65,42,23
S00095599,82,53,29
S00095600,81,54,27
S00095601,45,24,21
S00095602,103,68,35
S00095603,68,36,32
S00095604,81,61,20
S00095605,97,85,12
S00095606,59,42,17
S00095607,74,48,26
S00095608,114,89,25
S00095609,51,40,11
S00095610,140,72,68
S00095611,112,74,38
S00095612,91,65,26
S00095613,80,63,17
S00095614,86,69,17
S00095615,117,78,39
S00095616,89,59,30
S00095617,67,54,13
S00095618,72,40,32
S00095619,95,69,26
S00095620,59,43,16
S00095621,72,51,21
S00095622,80,54,26
S00095623,75,58,17
S00095624,69,54,15
S00095625,72,51,21
S00095626,69,54,15
S00095627,41,21,20
S00095628,61,41,20
S00095629,90,47,43
S00095630,90,64,26
S00095631,34,22,12
S00095632,62,45,17
S00095633,44,31,13
S00095634,50,30,20
S00095635,76,59,17
S00095636,48,34,14
S00095637,51,33,18
S00095638,132,98,34
S00095639,67,36,31
S00095640,56,41,15
S00095641,90,65,25
S00095642,72,44,28
S00095643,50,30,20
S00095644,50,34,16
S00095645,71,50,21
S00095646,57,46,11
S00095647,124,111,13
S00095648,96,68,28
S00095649,63,39,24
S00095650,36,24,12
S00095651,107,86,21
S00095652,68,49,19
S00095653,86,72,14
S00095654,97,77,20
S00095655,61,51,10
S00095656,50,25,25
S00095657,72,60,12
S00095658,45,26,19
S00095659,54,28,26
S00095660,51,8,43
S00095661,93,59,34
S00095662,87,56,31
S00095663,89,62,27
S00095664,74,49,25
S00095665,46,36,10
S00095666,61,39,22
S00095667,55,36,19
S00095668,89,58,31
S00095669,75,48,27
S00095670,88,59,29
S00095671,63,50,13
S00095672,86,58,28
S00095673,87,68,19
S00095674,68,46,22
S00095675,65,50,15
S00095676,32,28,4
S00095677,44,27,17
S00095678,108,79,29
S00095679,99,70,29
S00095680,82,45,37
S00095681,40,23,17
S00095682,52,38,14
S00095683,56,40,16
S00095684,60,34,26
S00095685,44,37,7
S00095686,76,49,27
S00095687,56,35,21
S00095688,78,63,15
S00095689,40,25,15
S00095690,70,39,31
S00095691,88,61,27
S00095692,50,38,12
S00095693,133,96,37
S00095694,89,72,17
S00095695,55,40,15
S00095696,41,30,11
S00095697,89,73,16
S00095698,116,92,24
S00095699,83,53,30
S00095700,58,39,19
S00095701,113,73,40
S00095702,76,55,21
S00095703,66,46,20
S00095704,123,87,36
S00095705,38,24,14
S00095706,99,55,44
S00095707,107,54,53
S00095708,141,101,40
S00095709,126,98,28
S00095710,50,37,13
S00095711,94,66,28
S00095712,119,97,22
S00095713,89,53,36
S00095714,78,54,24
S00095715,122,93,29
S00095716,74,64,10
S00095717,58,35,23
S00095718,80,55,25
S00095719,99,80,19
S00095720,84,66,18
S00095721,64,51,13
S00095722,67,38,29
S00095723,128,92,36
S00095724,50,35,15
S00095725,110,68,42
S00095726,131,104,27
S00095727,91,74,17
S00095728,67,50,17
S00095729,78,65,13
S00095730,91,63,28
S00095731,108,72,36
S00095732,130,101,29
S00095733,51,38,13
S00095734,144,92,52
S00095735,55,43,12
S00095736,72,57,15
S00095737,63,50,13
S00095738,62,54,8
S00095739,73,53,20
S00095740,66,45,21
S00095741,42,26,16
S00095742,79,49,30
S00095743,62,48,14
S00095744,66,51,15
S00095745,64,41,23
S00095746,43,32,11
S00095747,85,59,26
S00095748,89,67,22
S00095749,74,59,15
S00095750,76,55,21
S00095751,47,22,25
S00095752,62,32,30
S00095753,60,53,7
S00095754,50,40,10
S00095755,74,46,28
S00095756,72,55,17
S00095757,89,58,31
S00095758,99,70,29
S00095759,14,7,7
S00095760,96,68,28
S00095761,31,17,14
S00095762,62,46,16
S00095763,45,31,14
S00095764,62,43,19
S00095765,82,51,31
S00095766,85,60,25
S00095767,41,21,20
S00095768,53,27,26
S00095769,47,38,9
S00095770,77,49,28
S00095771,104,79,25
S00095772,91,72,19
S00095773,74,47,27
S00095774,67,47,20
S00095775,84,61,23
S00095776,76,53,23
S00095777,46,25,21
S00095778,73,58,15
S00095779,62,41,21
S00095780,78,66,12
S00095781,89,75,14
S00095782,92,70,22
S00095783,53,39,14
S00095784,75,51,24
S00095785,71,54,17
S00095786,101,72,29
S00095787,68,54,14
S00095788,134,100,34
S00095789,131,109,22
S00095790,110,95,15
S00095791,130,107,23
S00095792,62,41,21
S00095793,95,63,32
S00095794,83,57,26
S00095795,72,48,24
S00095796,47,35,12
S00095797,58,30,28
S00095798,64,46,18
S00095799,34,27,7
S00095800,100,66,34
S00095801,118,94,24
S00095802,128,99,29
S00095803,62,54,8
S00095804,77,65,12
S00095805,88,57,31
S00095806,73,49,24
S00095807,63,38,25
S00095808,99,68,31
S00095809,45,29,16
S00095810,65,42,23
S00095811,81,53,28
S00095812,110,80,30
S00095813,68,49,19
S00095814,43,33,10
S00095815,81,54,27
S00095816,82,61,21
S00095817,71,32,39
S00095818,68,48,20
S00095819,43,32,11
S00095820,88,30,58
S00095821,78,35,43
S00095822,48,40,8
S00095823,107,65,42
S00095824,103,76,27
S00095825,57,43,14
S00095826,40,36,4
S00095827,57,39,18
S00095828,108,64,44
S00095829,83,72,11
S00095830,51,42,9
S00095831,126,91,35
S00095832,137,101,36
S00095833,55,44,11
S00095834,76,61,15
S00095835,48,32,16
S00095836,102,81,21
S00095837,88,69,19
S00095838,84,70,14
S00095839,100,77,23
S00095840,92,75,17
S00095841,130,93,37
S00095842,104,66,38
S00095843,117,74,43
S00095844,127,75,52
S00095845,90,57,33
S00095846,110,81,29
S00095847,97,69,28
S00095848,64,46,18
S00095849,84,64,20
S00095850,50,21,29
S00095851,85,45,40
S00095852,75,59,16
S00095853,85,58,27
S00095854,58,36,22
S00095855,89,55,34
S00095856,89,47,42
S00095857,75,56,19
S00095858,76,57,19
S00095859,49,25,24
S00095860,74,41,33
S00095861,103,54,49
S00095862,135,86,49
S00095863,77,45,32
S00095864,77,42,35
S00095865,85,48,37
S00095866,75,65,10
S00095867,100,79,21
S00095868,96,59,37
S00095869,111,50,61
S00095870,98,49,49
S00095871,128,93,35
S00095872,74,45,29
S00095873,134,92,42
S00095874,115,87,28
S00095875,102,68,34
S00095876,112,91,21
S00095877,58,41,17
S00095878,165,149,16
S00095879,113,69,44
S00095880,79,64,15
S00095881,45,25,20
S00095882,128,87,41
S00095883,96,61,35
S00095884,101,64,37
S00095885,92,53,39
S00095886,101,63,38
S00095887,117,78,39
S00095888,70,49,21
S00095889,58,40,18
S00095890,60,37,23
S00095891,85,47,38
S00095892,78,59,19
S00095893,75,60,15
S00095894,94,57,37
S00095895,150,84,66
S00095896,57,40,17
S00095897,95,63,32
S00095898,82,58,24
S00095899,55,40,15
S00095900,53,32,21
S00095901,74,45,29
S00095902,74,50,24
S00095903,63,38,25
S00095904,67,45,22
S00095905,83,67,16
S00095906,89,68,21
S00095907,144,100,44
S00095908,53,25,28
S00095909,40,21,19
S00095910,42,19,23
S00095911,103,76,27
S00095912,121,101,20
S00095913,74,50,24
S00095914,63,44,19
S00095915,70,44,26
S00095916,108,60,48
S00095917,82,51,31
S00095918,94,57,37
S00095919,47,37,10
S00095920,94,61,33
S00095921,51,29,22
S00095922,65,33,32
S00095923,118,88,30
S00095924,113,74,39
S00095925,95,63,32
S00095926,99,78,21
S00095927,92,67,25
S00095928,115,86,29
S00095929,100,74,26
S00095930,94,69,25
S00095931,105,66,39
S00095932,92,58,34
S00095933,103,68,35
S00095934,77,69,8
S00095935,70,36,34
S00095936,95,67,28
S00095937,100,65,35
S00095938,129,71,58
S00095939,119,79,40
S00095940,108,77,31
S00095941,109,74,35
S00095942,81,61,20
S00095943,95,70,25
S00095944,54,44,10
S00095945,105,77,28
S00095946,104,68,36
S00095947,135,90,45
S00095948,42,32,10
S00095949,87,54,33
S00095950,106,69,37
S00095951,96,68,28
S00095952,81,50,31
S00095953,63,41,22
S00095954,45,35,10
S00095955,89,51,38
S00095956,116,80,36
S00095957,90,55,35
S00095958,112,74,38
S00095959,106,89,17
S00095960,62,44,18
S00095961,91,49,42
S00095962,58,37,21
S00095963,85,57,28
S00095964,92,73,19
S00095965,101,65,36
S00095966,57,29,28
S00095967,78,45,33
S00095968,131,92,39
S00095969,93,53,40
S00095970,99,68,31
S00095971,61,34,27
S00095972,73,45,28
S00095973,75,45,30
S00095974,79,52,27
S00095975,91,57,34
S00095976,107,72,35
S00095977,52,32,20
S00095978,90,63,27
S00095979,134,94,40
S00095980,127,82,45
S00095981,120,68,52
S00095982,62,56,6
S00095983,88,50,38
S00095984,137,95,42
S00095985,99,65,34
S00095986,91,68,23
S00095987,81,58,23
S00095988,83,57,26
S00095989,95,60,35
S00095990,80,62,18
S00095991,69,32,37
S00095992,82,55,27
S00095993,111,63,48
S00095994,63,34,29
S00095995,133,85,48
S00095996,85,42,43
S00095997,124,71,53
S00095998,89,45,44
S00095999,89,66,23
S00096000,86,68,18
S00096001,157,115,42
S00096002,80,43,37
S00096003,103,69,34
S00096004,97,61,36
S00096005,83,53,30
S00096006,97,53,44
S00096007,76,53,23
S00096008,70,49,21
S00096009,132,102,30
S00096010,128,78,50
S00096011,92,68,24
S00096012,67,40,27
S00096013,66,47,19
S00096014,84,68,16
S00096015,82,57,25
S00096016,134,91,43
S00096017,70,53,17
S00096018,98,57,41
S00096019,101,72,29
S00096020,66,36,30
S00096021,100,53,47
S00096022,75,52,23
S00096023,66,48,18
S00096024,45,28,17
S00096025,69,36,33
S00096026,88,72,16
S00096027,49,31,18
S00096028,81,56,25
S00096029,61,41,20
S00096030,121,74,47
S00096031,114,77,37
S00096032,83,63,20
S00096033,99,69,30
S00096034,65,41,24
S00096035,63,43,20
S00096036,103,73,30
S00096037,102,71,31
S00096038,123,80,43
S00096039,74,46,28
S00096040,82,57,25
S00096041,91,47,44
S00096042,76,52,24
S00096043,123,77,46
S00096044,83,60,23
S00096045,95,62,33
S00096046,76,62,14
S00096047,57,40,17
S00096048,70,36,34
S00096049,98,53,45
S00096050,80,62,18
S00096051,75,55,20
S00096052,97,67,30
S00096053,93,77,16
S00096054,138,89,49
S00096055,80,39,41
S00096056,104,81,23
S00096057,66,50,16
S00096058,112,75,37
S00096059,93,69,24
S00096060,86,56,30
S00096061,122,75,47
S00096062,104,76,28
S00096063,50,31,19
S00096064,106,73,33
S00096065,107,61,46
S00096066,64,44,20
S00096067,63,33,30
S00096068,84,53,31
S00096069,82,67,15
S00096070,72,48,24
S00096071,67,49,18
S00096072,108,72,36
S00096073,85,48,37
S00096074,62,47,15
S00096075,52,35,17
S00096076,66,47,19
S00096077,124,90,34
S00096078,111,76,35
S00096079,81,61,20
S00096080,71,47,24
S00096081,76,48,28
S00096082,80,52,28
S00096083,119,84,35
S00096084,86,65,21
S00096085,76,46,30
S00096086,57,46,11
S00096087,77,53,24
S00096088,59,36,23
S00096089,121,96,25
S00096090,86,57,29
S00096091,122,90,32
S00096092,68,53,15
S00096093,62,41,21
S00096094,94,65,29
S00096095,55,31,24
S00096096,73,44,29
S00096097,84,58,26
S00096098,100,58,42
S00096099,86,63,23
S00096100,84,60,24
S00096101,106,66,40
S00096102,37,23,14
S00096103,106,68,38
S00096104,72,45,27
S00096105,113,58,55
S00096106,71,48,23
S00096107,75,53,22
S00096108,42,25,17
S00096109,83,43,40
S00096110,79,51,28
S00096111,83,61,22
S00096112,143,100,43
S00096113,78,44,34
S00096114,117,72,45
S00096115,115,83,32
S00096116,43,30,13
S00096117,128,68,60
S00096118,143,108,35
S00096119,72,53,19
S00096120,95,70,25
S00096121,74,57,17
S00096122,105,71,34
S00096123,62,36,26
S00096124,75,54,21
S00096125,99,60,39
S00096126,53,34,19
S00096127,83,52,31
S00096128,93,66,27
S00096129,104,76,28
S00096130,72,41,31
S00096131,68,46,22
S00096132,104,75,29
S00096133,49,33,16
S00096134,66,32,34
S00096135,44,27,17
S00096136,48,27,21
S00096137,43,26,17
S00096138,85,64,21
S00096139,105,74,31
S00096140,65,44,21
S00096141,71,61,10
S00096142,122,103,19
S00096143,73,61,12
S00096144,152,137,15
S00096145,117,97,20
S00096146,74,49,25
S00096147,38,26,12
S00096148,45,29,16
S00096149,39,23,16
S00096150,71,54,17
S00096151,89,56,33
S00096152,49,34,15
S00096153,78,58,20
S00096154,74,52,22
S00096155,117,86,31
S00096156,81,65,16
S00096157,97,80,17
S00096158,96,79,17
S00096159,152,124,28
S00096160,138,120,18
S00096161,91,82,9
S00096162,789,226,563
S00096163,74,41,33
S00096164,74,31,43
S00096165,141,116,25
S00096166,96,75,21
S00096167,139,110,29
S00096168,99,86,13
S00096169,145,131,14
S00096170,111,75,36
S00096171,93,73,20
S00096172,99,90,9
S00096173,103,79,24
S00096174,54,50,4
S00096175,64,60,4
S00096176,125,100,25
S00096177,117,95,22
S00096178,50,37,13
S00096179,57,25,32
S00096180,113,71,42
S00096181,58,44,14
S00096182,80,43,37
S00096183,71,37,34
S00096184,93,42,51
S00096185,66,36,30
S00096186,62,38,24
S00096187,43,27,16
S00096188,66,48,18
S00096189,124,72,52
S00096190,93,42,51
S00096191,41,17,24
S00096192,71,35,36
S00096193,99,65,34
S00096194,157,133,24
S00096195,95,68,27
S00096196,118,100,18
S00096197,85,75,10
S00096198,122,81,41
S00096199,96,60,36
S00096200,49,36,13
S00096201,114,69,45
S00096202,72,37,35
S00096203,118,69,49
S00096204,139,113,26
S00096205,70,33,37
S00096206,49,33,16
S00096207,107,73,34
S00096208,98,78,20
S00096209,132,88,44
S00096210,105,86,19
S00096211,82,74,8
S00096212,95,83,12
S00096213,100,67,33
S00096214,63,52,11
S00096215,106,93,13
S00096216,156,127,29
S00096217,69,58,11
S00096218,120,92,28
S00096219,104,77,27
S00096220,33,12,21
S00096221,84,58,26
S00096222,116,62,54
S00096223,67,40,27
S00096224,103,80,23
S00096225,85,57,28
S00096226,118,84,34
S00096227,43,26,17
S00096228,97,65,32
S00096229,59,43,16
S00096230,103,53,50
S00096231,56,52,4
S00096232,112,68,44
S00096233,51,35,16
S00096234,94,60,34
S00096235,97,74,23
S00096236,76,51,25
S00096237,60,50,10
S00096238,82,55,27
S00096239,51,34,17
S00096240,59,41,18
S00096241,87,60,27
S00096242,128,98,30
S00096243,81,48,33
S00096244,46,28,18
S00096245,133,64,69
S00096246,124,83,41
S00096247,58,35,23
S00096248,93,48,45
S00096249,69,49,20
S00096250,113,73,40
S00096251,153,99,54
S00096252,84,53,31
S00096253,113,69,44
S00096254,68,60,8
S00096255,163,127,36
S00096256,83,49,34
S00096257,91,71,20
S00096258,82,69,13
S00096259,125,88,37
S00096260,73,56,17
S00096261,51,46,5
S00096262,83,65,18
S00096263,43,40,3
S00096264,131,99,32
S00096265,71,64,7
S00096266,68,46,22
S00096267,63,50,13
S00096268,110,78,32
S00096269,35,30,5
S00096270,111,88,23
S00096271,90,63,27
S00096272,113,72,41
S00096273,54,33,21
S00096274,69,51,18
S00096275,83,59,24
S00096276,83,63,20
S00096277,98,68,30
S00096278,83,57,26
S00096279,82,50,32
S00096280,60,35,25
S00096281,72,50,22
S00096282,67,35,32
S00096283,84,46,38
S00096284,72,40,32
S00096285,72,52,20
S00096286,56,37,19
S00096287,53,42,11
S00096288,68,41,27
S00096289,76,37,39
S00096290,63,35,28
S00096291,75,47,28
S00096292,64,41,23
S00096293,41,24,17
S00096294,84,41,43
S00096295,154,91,63
S00096296,37,20,17
S00096297,55,29,26
S00096298,74,49,25
S00096299,47,29,18
S00096300,83,52,31
S00096301,44,20,24
S00096302,97,58,39
S00096303,49,34,15
S00096304,84,55,29
S00096305,51,35,16
S00096306,101,70,31
S00096307,110,74,36
S00096308,104,59,45
S00096309,107,72,35
S00096310,114,79,35
S00096311,79,59,20
S00096312,72,45,27
S00096313,98,77,21
S00096314,79,48,31
S00096315,96,69,27
S00096316,47,39,8
S00096317,75,42,33
S00096318,94,82,12
S00096319,72,39,33
S00096320,85,52,33
S00096321,159,115,44
S00096322,63,33,30
S00096323,62,37,25
S00096324,72,41,31
S00096325,85,56,29
S00096326,99,71,28
S00096327,88,70,18
S00096328,70,29,41
S00096329,64,49,15
S00096330,18,7,11
S00096331,77,51,26
S00096332,91,77,14
S00096333,96,70,26
S00096334,77,54,23
S00096335,117,93,24
S00096336,107,71,36
S00096337,40,21,19
S00096338,78,35,43
S00096339,70,44,26
S00096340,75,44,31
S00096341,68,33,35
S00096342,111,92,19
S00096343,67,36,31
S00096344,112,97,15
S00096345,70,56,14
S00096346,79,35,44
S00096347,81,48,33
S00096348,57,22,35
S00096349,70,36,34
S00096350,49,24,25
S00096351,149,94,55
S00096352,102,63,39
S00096353,43,24,19
S00096354,65,37,28
S00096355,139,92,47
S00096356,105,69,36
S00096357,115,69,46
S00096358,56,38,18
S00096359,48,20,28
S00096360,64,39,25
S00096361,53,34,19
S00096362,63,41,22
S00096363,60,39,21
S00096364,58,36,22
S00096365,73,62,11
S00096366,93,60,33
S00096367,124,91,33
S00096368,69,47,22
S00096369,179,160,19
S00096370,75,55,20
S00096371,78,56,22
S00096372,77,49,28
S00096373,100,70,30
S00096374,125,97,28
S00096375,119,83,36
S00096376,81,61,20
S00096377,121,81,40
S00096378,59,39,20
S00096379,102,78,24
S00096380,121,99,22
S00096381,96,76,20
S00096382,71,55,16
S00096383,93,74,19
S00096384,94,60,34
S00096385,74,44,30
S00096386,121,77,44
S00096387,119,68,51
S00096388,131,92,39
S00096389,79,46,33
S00096390,146,105,41
S00096391,133,92,41
S00096392,47,31,16
S00096393,52,34,18
S00096394,58,30,28
S00096395,102,53,49
S00096396,102,61,41
S00096397,111,64,47
S00096398,107,68,39
S00096399,61,37,24
S00096400,62,48,14
S00096401,81,55,26
S00096402,88,51,37
S00096403,63,53,10
S00096404,46,37,9
S00096405,62,47,15
S00096406,59,45,14
S00096407,101,76,25
S00096408,92,71,21
S00096409,110,70,40
S00096410,53,38,15
S00096411,118,93,25
S00096412,43,20,23
S00096413,98,68,30
S00096414,126,88,38
S00096415,108,80,28
S00096416,78,49,29
S00096417,53,29,24
S00096418,85,49,36
S00096419,83,48,35
S00096420,63,45,18
S00096421,86,47,39
S00096422,125,77,48
S00096423,114,99,15
S00096424,101,68,33
S00096425,134,102,32
S00096426,70,53,17
S00096427,101,75,26
S00096428,99,80,19
S00096429,70,55,15
S00096430,94,67,27
S00096431,60,51,9
S00096432,53,33,20
S00096433,46,33,13
S00096434,63,40,23
S00096435,54,43,11
S00096436,145,121,24
S00096437,12,3,9
S00096438,39,21,18
S00096439,64,54,10
S00096440,48,25,23
S00096441,48,34,14
S00096442,57,33,24
S00096443,80,62,18
S00096444,93,74,19
S00096445,75,50,25
S00096446,68,38,30
S00096447,82,58,24
S00096448,60,40,20
S00096449,102,73,29
S00096450,62,40,22
S00096451,113,79,34
S00096452,99,74,25
S00096453,56,30,26
S00096454,99,84,15
S00096455,85,64,21
S00096456,88,66,22
S00096457,56,35,21
S00096458,82,61,21
S00096459,96,77,19
S00096460,78,45,33
S00096461,73,46,27
S00096462,89,57,32
S00096463,83,55,28
S00096464,97,55,42
S00096465,95,62,33
S00096466,66,40,26
S00096467,69,35,34
S00096468,53,29,24
S00096469,112,74,38
S00096470,92,62,30
S00096471,48,39,9
S00096472,115,81,34
S00096473,45,16,29
S00096474,100,62,38
S00096475,79,62,17
S00096476,85,55,30
S00096477,95,66,29
S00096478,74,46,28
S00096479,104,63,41
S00096480,100,69,31
S00096481,83,36,47
S00096482,102,70,32
S00096483,86,56,30
S00096484,81,61,20
S00096485,59,52,7
S00096486,134,112,22
S00096487,88,69,19
S00096488,61,39,22
S00096489,69,53,16
S00096490,63,29,34
S00096491,38,21,17
S00096492,102,75,27
S00096493,142,108,34
S00096494,146,116,30
S00096495,121,98,23
S00096496,99,79,20
S00096497,86,68,18
S00096498,78,58,20
S00096499,46,30,16
S00096500,47,36,11
S00096501,93,72,21
S00096502,49,32,17
S00096503,58,50,8
S00096504,75,45,30
S00096505,83,65,18
S00096506,86,62,24
S00096507,94,76,18
S00096508,60,34,26
S00096509,80,61,19
S00096510,68,49,19
S00096511,87,47,40
S00096512,72,44,28
S00096513,118,81,37
S00096514,69,38,31
S00096515,72,42,30
S00096516,89,52,37
S00096517,135,95,40
S00096518,87,64,23
S00096519,99,57,42
S00096520,84,60,24
S00096521,120,86,34
S00096522,64,50,14
S00096523,115,76,39
S00096524,89,60,29
S00096525,49,33,16
S00096526,133,83,50
S00096527,89,64,25
S00096528,56,43,13
S00096529,78,55,23
S00096530,116,100,16
S00096531,44,9,35
S00096532,71,62,9
S00096533,68,44,24
S00096534,52,15,37
S00096535,51,21,30
S00096536,134,93,41
S00096537,68,39,29
S00096538,69,45,24
S00096539,62,37,25
S00096540,102,54,48
S00096541,68,51,17
S00096542,93,48,45
S00096543,75,48,27
S00096544,80,36,44
S00096545,65,29,36
S00096546,43,25,18
S00096547,61,34,27
S00096548,108,69,39
S00096549,92,48,44
S00096550,116,77,39
S00096551,62,38,24
S00096552,67,46,21
S00096553,108,67,41
S00096554,62,40,22
S00096555,132,86,46
S00096556,107,61,46
S00096557,45,31,14
S00096558,124,83,41
S00096559,74,46,28
S00096560,71,38,33
S00096561,65,45,20
S00096562,56,31,25
S00096563,113,71,42
S00096564,79,51,28
S00096565,53,38,15
S00096566,90,54,36
S00096567,86,70,16
S00096568,94,81,13
S00096569,73,53,20
S00096570,98,83,15
S00096571,118,81,37
S00096572,61,33,28
S00096573,78,51,27
S00096574,74,45,29
S00096575,55,47,8
S00096576,82,52,30
S00096577,60,44,16
S00096578,56,38,18
S00096579,94,85,9
S00096580,78,58,20
S00096581,78,49,29
S00096582,67,41,26
S00096583,73,41,32
S00096584,81,68,13
S00096585,50,35,15
S00096586,56,48,8
S00096587,115,94,21
S00096588,72,60,12
S00096589,66,45,21
S00096590,84,68,16
S00096591,56,47,9
S00096592,51,37,14
S00096593,45,28,17
S00096594,67,59,8
S00096595,67,54,13
S00096596,54,33,21
S00096597,81,53,28
S00096598,48,35,13
S00096599,72,41,31
S00096600,64,41,23
S00096601,88,66,22
S00096602,69,58,11
S00096603,97,37,60
S00096604,88,72,16
S00096605,55,26,29
S00096606,63,41,22
S00096607,79,42,37
S00096608,89,64,25
S00096609,109,93,16
S00096610,65,41,24
S00096611,187,144,43
S00096612,68,60,8
S00096613,48,36,12
S00096614,54,37,17
S00096615,65,42,23
S00096616,95,62,33
S00096617,82,45,37
S00096618,99,61,38
S00096619,67,46,21
S00096620,60,44,16
S00096621,67,47,20
S00096622,58,33,25
S00096623,87,49,38
S00096624,70,60,10
S00096625,114,90,24
S00096626,95,68,27
S00096627,56,43,13
S00096628,99,76,23
S00096629,57,46,11
S00096630,94,71,23
S00096631,76,66,10
S00096632,77,46,31
S00096633,85,52,33
S00096634,62,33,29
S00096635,80,54,26
S00096636,63,38,25
S00096637,64,34,30
S00096638,53,25,28
S00096639,59,48,11
S00096640,60,30,30
S00096641,79,60,19
S00096642,109,88,21
S00096643,133,107,26
S00096644,92,60,32
S00096645,63,39,24
S00096646,60,47,13
S00096647,100,72,28
S00096648,41,22,19
S00096649,89,69,20
S00096650,72,59,13
S00096651,178,155,23
S00096652,134,113,21
S00096653,48,39,9
S00096654,128,111,17
S00096655,148,93,55
S00096656,65,57,8
S00096657,71,57,14
S00096658,46,39,7
S00096659,71,59,12
S00096660,82,72,10
S00096661,116,81,35
S00096662,88,69,19
S00096663,95,62,33
S00096664,145,91,54
S00096665,128,80,48
S00096666,64,48,16
S00096667,46,41,5
S00096668,61,48,13
S00096669,128,93,35
S00096670,77,53,24
S00096671,75,59,16
S00096672,81,52,29
S00096673,137,108,29
S00096674,106,81,25
S00096675,88,50,38
S00096676,69,50,19
S00096677,41,27,14
S00096678,60,28,32
S00096679,63,31,32
S00096680,61,25,36
S00096681,77,43,34
S00096682,85,39,46
S00096683,117,90,27
S00096684,66,34,32
S00096685,94,59,35
S00096686,136,97,39
S00096687,129,94,35
S00096688,91,58,33
S00096689,72,51,21
S00096690,59,46,13
S00096691,77,61,16
S00096692,167,134,33
S00096693,122,103,19
S00096694,86,60,26
S00096695,59,34,25
S00096696,103,58,45
S00096697,84,56,28
S00096698,55,39,16
S00096699,60,45,15
S00096700,63,38,25
S00096701,59,39,20
S00096702,80,58,22
S00096703,95,58,37
S00096704,75,52,23
S00096705,117,83,34
S00096706,57,44,13
S00096707,56,48,8
S00096708,50,32,18
S00096709,53,35,18
S00096710,78,54,24
S00096711,65,40,25
S00096712,92,52,40
S00096713,84,49,35
S00096714,43,20,23
S00096715,138,95,43
S00096716,46,30,16
S00096717,69,37,32
S00096718,63,43,20
S00096719,98,64,34
S00096720,56,44,12
S00096721,48,25,23
S00096722,66,45,21
S00096723,95,59,36
S00096724,60,39,21
S00096725,82,52,30
S00096726,66,40,26
S00096727,99,63,36
S00096728,108,66,42
S00096729,102,60,42
S00096730,80,47,33
S00096731,48,31,17
S00096732,78,39,39
S00096733,116,62,54
S00096734,58,43,15
S00096735,84,59,25
S00096736,59,31,28
S00096737,43,27,16
S00096738,83,49,34
S00096739,114,102,12
S00096740,86,55,31
S00096741,101,41,60
S00096742,81,46,35
S00096743,85,73,12
S00096744,88,58,30
S00096745,81,51,30
S00096746,56,34,22
S00096747,138,97,41
S00096748,115,69,46
S00096749,134,79,55
S00096750,124,69,55
S00096751,72,50,22
S00096752,90,50,40
S00096753,77,52,25
S00096754,76,38,38
S00096755,94,54,40
S00096756,90,61,29
S00096757,56,24,32
S00096758,96,56,40
S00096759,58,43,15
S00096760,91,57,34
S00096761,72,49,23
S00096762,51,40,11
S00096763,62,35,27
S00096764,44,28,16
S00096765,81,44,37
S00096766,102,61,41
S00096767,79,47,32
S00096768,72,51,21
S00096769,57,39,18
S00096770,56,32,24
S00096771,74,52,22
S00096772,72,47,25
S00096773,80,47,33
S00096774,84,47,37
S00096775,45,18,27
S00096776,52,22,30
S00096777,48,21,27
S00096778,51,23,28
S00096779,48,33,15
S00096780,40,21,19
S00096781,82,58,24
S00096782,91,49,42
S00096783,46,10,36
S00096784,86,52,34
S00096785,89,57,32
S00096786,80,48,32
S00096787,114,79,35
S00096788,57,39,18
S00096789,52,29,23
S00096790,68,40,28
S00096791,43,13,30
S00096792,55,33,22
S00096793,43,19,24
S00096794,123,73,50
S00096795,71,39,32
S00096796,47,26,21
S00096797,43,17,26
S00096798,54,36,18
S00096799,47,19,28
S00096800,61,40,21
S00096801,61,40,21
S00096802,62,44,18
S00096803,111,71,40
S00096804,87,62,25
S00096805,53,35,18
S00096806,101,59,42
S00096807,70,56,14
S00096808,92,63,29
S00096809,75,45,30
S00096810,58,33,25
S00096811,59,39,20
S00096812,113,76,37
S00096813,89,53,36
S00096814,89,46,43
S00096815,126,75,51
S00096816,119,81,38
S00096817,87,63,24
S00096818,68,40,28
S00096819,84,61,23
S00096820,100,59,41
S00096821,56,28,28
S00096822,68,46,22
S00096823,56,37,19
S00096824,83,58,25
S00096825,90,40,50
S00096826,76,44,32
S00096827,78,52,26
S00096828,80,48,32
S00096829,68,43,25
S00096830,73,56,17
S00096831,106,62,44
S00096832,70,45,25
S00096833,94,65,29
S00096834,81,64,17
S00096835,101,68,33
S00096836,58,40,18
S00096837,65,45,20
S00096838,129,77,52
S00096839,104,58,46
S00096840,102,66,36
S00096841,99,65,34
S00096842,78,44,34
S00096843,65,47,18
S00096844,88,67,21
S00096845,75,36,39
S00096846,68,37,31
S00096847,44,25,19
S00096848,74,46,28
S00096849,82,58,24
S00096850,60,41,19
S00096851,65,48,17
S00096852,56,26,30
S00096853,103,61,42
S00096854,65,42,23
S00096855,121,104,17
S00096856,121,84,37
S00096857,46,19,27
S00096858,59,35,24
S00096859,127,87,40
S00096860,74,50,24
S00096861,59,34,25
S00096862,78,56,22
S00096863,102,85,17
S00096864,67,45,22
S00096865,47,27,20
S00096866,77,34,43
S00096867,73,55,18
S00096868,50,27,23
S00096869,59,32,27
S00096870,46,28,18
S00096871,93,57,36
S00096872,128,85,43
S00096873,104,90,14
S00096874,36,13,23
S00096875,64,43,21
S00096876,79,54,25
S00096877,82,65,17
S00096878,86,49,37
S00096879,81,55,26
S00096880,98,63,35
S00096881,84,58,26
S00096882,77,57,20
S00096883,55,38,17
S00096884,64,32,32
S00096885,97,69,28
S00096886,75,44,31
S00096887,70,52,18
S00096888,65,43,22
S00096889,146,111,35
S00096890,116,72,44
S00096891,97,66,31
S00096892,60,42,18
S00096893,43,28,15
S00096894,70,42,28
S00096895,83,53,30
S00096896,93,51,42
S00096897,79,64,15
S00096898,73,69,4
S00096899,97,71,26
S00096900,88,61,27
S00096901,98,81,17
S00096902,62,46,16
S00096903,54,41,13
S00096904,96,76,20
S00096905,84,56,28
S00096906,86,60,26
S00096907,67,36,31
S00096908,131,83,48
S00096909,78,53,25
S00096910,88,59,29
S00096911,96,68,28
S00096912,130,105,25
S00096913,109,82,27
S00096914,99,70,29
S00096915,81,54,27
S00096916,127,90,37
S00096917,53,33,20
S00096918,61,49,12
S00096919,94,62,32
S00096920,86,63,23
S00096921,79,49,30
S00096922,80,60,20
S00096923,51,37,14
S00096924,48,37,11
S00096925,128,96,32
S00096926,94,78,16
S00096927,91,63,28
S00096928,75,45,30
S00096929,83,60,23
S00096930,60,50,10
S00096931,72,53,19
S00096932,133,77,56
S00096933,99,75,24
S00096934,80,54,26
S00096935,59,40,19
S00096936,95,79,16
S00096937,99,66,33
S00096938,92,60,32
S00096939,33,29,4
S00096940,64,44,20
S00096941,92,57,35
S00096942,111,70,41
S00096943,103,71,32
S00096944,79,56,23
S00096945,82,56,26
S00096946,66,57,9
S00096947,77,45,32
S00096948,88,58,30
S00096949,67,40,27
S00096950,73,45,28
S00096951,70,44,26
S00096952,102,69,33
S00096953,56,37,19
S00096954,51,33,18
S00096955,101,56,45
S00096956,82,52,30
S00096957,126,77,49
S00096958,98,54,44
S00096959,47,28,19
S00096960,60,38,22
S00096961,58,39,19
S00096962,71,42,29
S00096963,84,58,26
S00096964,111,78,33
S00096965,67,42,25
S00096966,47,28,19
S00096967,90,48,42
S00096968,95,72,23
S00096969,87,56,31
S00096970,98,68,30
S00096971,36,26,10
S00096972,88,63,25
S00096973,95,63,32
S00096974,75,57,18
S00096975,126,92,34
S00096976,61,43,18
S00096977,59,28,31
S00096978,80,44,36
S00096979,57,35,22
S00096980,78,59,19
S00096981,110,79,31
S00096982,103,76,27
S00096983,73,52,21
S00096984,87,62,25
S00096985,65,46,19
S00096986,77,43,34
S00096987,65,43,22
S00096988,59,38,21
S00096989,110,73,37
S00096990,62,40,22
S00096991,41,23,18
S00096992,43,29,14
S00096993,74,36,38
S00096994,38,21,17
S00096995,77,55,22
S00096996,44,35,9
S00096997,37,25,12
S00096998,70,50,20
S00096999,101,80,21
S00097000,88,65,23
S00097001,68,47,21
S00097002,50,39,11
S00097003,55,40,15
S00097004,69,49,20
S00097005,91,58,33
S00097006,53,26,27
S00097007,116,98,18
S00097008,54,34,20
S00097009,91,60,31
S00097010,58,42,16
S00097011,84,67,17
S00097012,65,34,31
S00097013,85,48,37
S00097014,71,47,24
S00097015,51,29,22
S00097016,49,25,24
S00097017,45,25,20
S00097018,52,28,24
S00097019,49,25,24
S00097020,44,28,16
S00097021,68,32,36
S00097022,83,48,35
S00097023,95,69,26
S00097024,57,50,7
S00097025,184,153,31
S00097026,78,67,11
S00097027,88,69,19
S00097028,75,56,19
S00097029,101,84,17
S00097030,82,73,9
S00097031,79,69,10
S00097032,131,110,21
S00097033,61,53,8
S00097034,62,42,20
S00097035,43,28,15
S00097036,40,17,23
S00097037,61,32,29
S00097038,121,100,21
S00097039,74,30,44
S00097040,45,24,21
S00097041,45,30,15
S00097042,68,41,27
S00097043,62,38,24
S00097044,136,92,44
S00097045,113,55,58
S00097046,57,39,18
S00097047,113,79,34
S00097048,96,60,36
S00097049,57,39,18
S00097050,57,51,6
S00097051,90,61,29
S00097052,99,77,22
S00097053,117,92,25
S00097054,120,91,29
S00097055,46,30,16
S00097056,106,59,47
S00097057,53,38,15
S00097058,74,55,19
S00097059,44,19,25
S00097060,41,28,13
S00097061,76,53,23
S00097062,94,56,38
S00097063,62,41,21
S00097064,38,23,15
S00097065,55,38,17
S00097066,62,33,29
S00097067,65,41,24
S00097068,62,30,32
S00097069,127,105,22
S00097070,57,46,11
S00097071,116,90,26
S00097072,40,20,20
S00097073,65,48,17
S00097074,85,52,33
S00097075,49,33,16
S00097076,68,39,29
S00097077,43,23,20
S00097078,73,55,18
S00097079,102,73,29
S00097080,82,67,15
S00097081,67,51,16
S00097082,64,48,16
S00097083,59,32,27
S00097084,78,50,28
S00097085,86,60,26
S00097086,47,23,24
S00097087,71,44,27
S00097088,63,44,19
S00097089,52,38,14
S00097090,100,61,39
S00097091,85,64,21
S00097092,62,38,24
S00097093,85,65,20
S00097094,37,27,10
S00097095,159,127,32
S00097096,97,85,12
S00097097,80,64,16
S00097098,77,56,21
S00097099,83,63,20
S00097100,66,47,19
S00097101,47,35,12
S00097102,55,39,16
S00097103,63,47,16
S00097104,128,105,23
S00097105,50,38,12
S00097106,131,108,23
S00097107,85,71,14
S00097108,58,42,16
S00097109,106,90,16
S00097110,74,50,24
S00097111,52,27,25
S00097112,101,82,19
S00097113,85,52,33
S00097114,69,47,22
S00097115,88,62,26
S00097116,101,85,16
S00097117,56,45,11
S00097118,127,98,29
S00097119,92,66,26
S00097120,85,58,27
S00097121,115,86,29
S00097122,81,48,33
S00097123,108,84,24
S00097124,73,58,15
S00097125,88,59,29
S00097126,72,48,24
S00097127,59,38,21
S00097128,130,74,56
S00097129,43,28,15
S00097130,56,27,29
S00097131,73,54,19
S00097132,76,61,15
S00097133,106,67,39
S00097134,139,87,52
S00097135,81,64,17
S00097136,128,79,49
S00097137,67,57,10
S00097138,69,46,23
S00097139,101,73,28
S00097140,83,55,28
S00097141,136,101,35
S00097142,129,93,36
S00097143,61,46,15
S00097144,77,59,18
S00097145,120,78,42
S00097146,92,56,36
S00097147,112,75,37
S00097148,140,109,31
S00097149,92,60,32
S00097150,122,83,39
S00097151,80,47,33
S00097152,111,70,41
S00097153,141,110,31
S00097154,120,72,48
S00097155,65,44,21
S00097156,115,91,24
S00097157,137,102,35
S00097158,88,66,22
S00097159,137,73,64
S00097160,62,50,12
S00097161,165,129,36
S00097162,108,68,40
S00097163,101,65,36
S00097164,102,74,28
S00097165,46,30,16
S00097166,89,56,33
S00097167,110,53,57
S00097168,91,65,26
S00097169,37,22,15
S00097170,171,113,58
S00097171,104,67,37
S00097172,103,59,44
S00097173,117,95,22
S00097174,84,51,33
S00097175,78,55,23
S00097176,89,74,15
S00097177,79,50,29
S00097178,72,44,28
S00097179,55,35,20
S00097180,96,49,47
S00097181,125,74,51
S00097182,69,56,13
S00097183,101,64,37
S00097184,88,59,29
S00097185,90,60,30
S00097186,65,42,23
S00097187,88,69,19
S00097188,90,64,26
S00097189,93,66,27
S00097190,67,42,25
S00097191,43,29,14
S00097192,62,43,19
S00097193,131,81,50
S00097194,149,110,39
S00097195,82,69,13
S00097196,95,70,25
S00097197,69,51,18
S00097198,96,72,24
S00097199,79,51,28
S00097200,109,81,28
S00097201,72,48,24
S00097202,61,41,20
S00097203,88,72,16
S00097204,75,55,20
S00097205,92,65,27
S00097206,114,92,22
S00097207,108,75,33
S00097208,109,79,30
S00097209,115,70,45
S00097210,114,83,31
S00097211,158,104,54
S00097212,131,98,33
S00097213,116,68,48
S00097214,113,89,24
S00097215,98,69,29
S00097216,110,75,35
S00097217,138,96,42
S00097218,142,93,49
S00097219,116,83,33
S00097220,86,61,25
S00097221,67,48,19
S00097222,66,46,20
S00097223,135,101,34
S00097224,147,111,36
S00097225,64,42,22
S00097226,60,45,15
S00097227,80,62,18
S00097228,124,87,37
S00097229,57,42,15
S00097230,103,72,31
S00097231,65,40,25
S00097232,119,85,34
S00097233,52,37,15
S00097234,118,89,29
S00097235,101,66,35
S00097236,117,86,31
S00097237,108,72,36
S00097238,103,82,21
S00097239,114,85,29
S00097240,60,45,15
S00097241,58,37,21
S00097242,92,62,30
S00097243,143,131,12
S00097244,94,72,22
S00097245,113,99,14
S00097246,51,35,16
S00097247,86,71,15
S00097248,107,91,16
S00097249,84,75,9
S00097250,113,94,19
S00097251,136,83,53
S00097252,147,119,28
S00097253,121,95,26
S00097254,97,64,33
S00097255,101,73,28
S00097256,78,56,22
S00097257,58,45,13
S00097258,45,26,19
S00097259,110,83,27
S00097260,59,42,17
S00097261,66,51,15
S00097262,80,32,48
S00097263,85,47,38
S00097264,68,35,33
S00097265,63,47,16
S00097266,62,46,16
S00097267,45,28,17
S00097268,118,82,36
S00097269,93,55,38
S00097270,43,32,11
S00097271,71,45,26
S00097272,54,30,24
S00097273,45,27,18
S00097274,66,52,14
S00097275,68,30,38
S00097276,78,65,13
S00097277,104,67,37
S00097278,82,58,24
S00097279,90,65,25
S00097280,64,43,21
S00097281,80,46,34
S00097282,99,62,37
S00097283,48,34,14
S00097284,82,62,20
S00097285,62,41,21
S00097286,64,45,19
S00097287,136,95,41
S00097288,106,68,38
S00097289,85,58,27
S00097290,68,49,19
S00097291,61,49,12
S00097292,48,24,24
S00097293,99,73,26
S00097294,93,77,16
S00097295,64,56,8
S00097296,78,55,23
S00097297,46,22,24
S00097298,98,62,36
S00097299,73,57,16
S00097300,143,109,34
S00097301,54,34,20
S00097302,72,38,34
S00097303,122,89,33
S00097304,68,46,22
S00097305,77,54,23
S00097306,99,78,21
S00097307,126,92,34
S00097308,71,46,25
S00097309,89,61,28
S00097310,130,98,32
S00097311,126,92,34
S00097312,41,20,21
S00097313,53,28,25
S00097314,47,24,23
S00097315,94,35,59
S00097316,40,23,17
S00097317,62,34,28
S00097318,39,24,15
S00097319,39,26,13
S00097320,55,41,14
S00097321,70,54,16
S00097322,57,39,18
S00097323,95,63,32
S00097324,84,48,36
S00097325,80,51,29
S00097326,71,42,29
S00097327,86,59,27
S00097328,106,81,25
S00097329,123,77,46
S00097330,83,68,15
S00097331,108,81,27
S00097332,53,32,21
S00097333,89,51,38
S00097334,75,37,38
S00097335,110,74,36
S00097336,54,38,16
S00097337,65,40,25
S00097338,79,60,19
S00097339,106,80,26
S00097340,126,90,36
S00097341,81,57,24
S00097342,110,73,37
S00097343,86,65,21
S00097344,144,105,39
S00097345,58,33,25
S00097346,93,43,50
S00097347,42,19,23
S00097348,131,90,41
S00097349,81,57,24
S00097350,106,83,23
S00097351,67,48,19
S00097352,71,42,29
S00097353,94,70,24
S00097354,98,66,32
S00097355,42,26,16
S00097356,86,47,39
S00097357,65,31,34
S00097358,54,44,10
S00097359,81,62,19
S00097360,122,82,40
S00097361,48,32,16
S00097362,50,34,16
S00097363,94,57,37
S00097364,111,62,49
S00097365,80,59,21
S00097366,88,63,25
S00097367,110,64,46
S00097368,94,56,38
S00097369,108,85,23
S00097370,50,33,17
S00097371,89,67,22
S00097372,50,36,14
S00097373,58,36,22
S00097374,93,66,27
S00097375,92,52,40
S00097376,70,48,22
S00097377,102,71,31
S00097378,111,68,43
S00097379,75,38,37
S00097380,76,46,30
S00097381,87,43,44
S00097382,93,61,32
S00097383,93,60,33
S00097384,61,44,17
S00097385,66,42,24
S00097386,77,52,25
S00097387,66,43,23
S00097388,80,45,35
S00097389,79,46,33
S00097390,105,78,27
S00097391,70,44,26
S00097392,102,66,36
S00097393,73,52,21
S00097394,48,37,11
S00097395,105,68,37
S00097396,55,36,19
S00097397,75,43,32
S00097398,62,34,28
S00097399,66,45,21
S00097400,102,67,35
S00097401,45,22,23
S00097402,81,44,37
S00097403,64,38,26
S00097404,102,72,30
S00097405,79,49,30
S00097406,49,29,20
S00097407,46,22,24
S00097408,58,42,16
S00097409,60,30,30
S00097410,67,37,30
S00097411,82,57,25
S00097412,73,46,27
S00097413,87,45,42
S00097414,93,59,34
S00097415,98,69,29
S00097416,84,53,31
S00097417,125,83,42
S00097418,131,95,36
S00097419,79,58,21
S00097420,90,47,43
S00097421,72,51,21
S00097422,105,70,35
S00097423,48,33,15
S00097424,101,67,34
S00097425,105,65,40
S00097426,61,37,24
S00097427,58,38,20
S00097428,92,58,34
S00097429,79,53,26
S00097430,64,42,22
S00097431,116,71,45
S00097432,60,40,20
S00097433,95,67,28
S00097434,120,85,35
S00097435,85,61,24
S00097436,113,75,38
S00097437,70,43,27
S00097438,132,83,49
S00097439,98,61,37
S00097440,52,40,12
S00097441,77,39,38
S00097442,100,61,39
S00097443,103,64,39
S00097444,97,53,44
S00097445,45,29,16
S00097446,124,57,67
S00097447,75,52,23
S00097448,93,46,47
S00097449,88,59,29
S00097450,95,55,40
S00097451,86,48,38
S00097452,46,31,15
S00097453,133,75,58
S00097454,72,38,34
S00097455,56,33,23
S00097456,129,97,32
S00097457,76,42,34
S00097458,87,59,28
S00097459,104,67,37
S00097460,143,88,55
S00097461,39,24,15
S00097462,112,84,28
S00097463,54,42,12
S00097464,93,55,38
S00097465,149,108,41
S00097466,118,85,33
S00097467,66,37,29
S00097468,63,36,27
S00097469,97,63,34
S00097470,124,90,34
S00097471,100,70,30
S00097472,67,36,31
S00097473,76,33,43
S00097474,63,39,24
S00097475,65,41,24
S00097476,81,50,31
S00097477,96,55,41
S00097478,70,40,30
S00097479,94,52,42
S00097480,40,23,17
S00097481,73,40,33
S00097482,52,28,24
S00097483,66,23,43
S00097484,51,26,25
S00097485,79,45,34
S00097486,86,63,23
S00097487,90,68,22
S00097488,66,49,17
S00097489,63,39,24
S00097490,116,73,43
S00097491,47,23,24
S00097492,97,64,33
S00097493,74,46,28
S00097494,66,24,42
S00097495,62,38,24
S00097496,69,42,27
S00097497,80,51,29
S00097498,65,39,26
S00097499,83,52,31
S00097500,93,76,17
S00097501,55,34,21
S00097502,92,68,24
S00097503,84,47,37
S00097504,88,52,36
S00097505,80,48,32
S00097506,91,50,41
S00097507,47,28,19
S00097508,86,59,27
S00097509,69,59,10
S00097510,110,80,30
S00097511,113,75,38
S00097512,68,46,22
S00097513,55,30,25
S00097514,66,36,30
S00097515,105,64,41
S00097516,103,53,50
S00097517,46,36,10
S00097518,55,37,18
S00097519,90,42,48
S00097520,76,53,23
S00097521,100,68,32
S00097522,45,31,14
S00097523,52,31,21
S00097524,99,74,25
S00097525,74,49,25
S00097526,105,62,43
S00097527,81,55,26
S00097528,106,74,32
S00097529,114,73,41
S00097530,83,53,30
S00097531,99,69,30
S00097532,86,61,25
S00097533,89,66,23
S00097534,82,50,32
S00097535,127,77,50
S00097536,55,25,30
S00097537,95,59,36
S00097538,101,64,37
S00097539,140,87,53
S00097540,101,66,35
S00097541,45,24,21
S00097542,47,24,23
S00097543,67,32,35
S00097544,61,29,32
S00097545,99,56,43
S00097546,56,28,28
S00097547,77,52,25
S00097548,90,61,29
S00097549,127,83,44
S00097550,78,55,23
S00097551,58,40,18
S00097552,59,40,19
S00097553,77,53,24
S00097554,85,55,30
S00097555,54,37,17
S00097556,118,97,21
S00097557,53,23,30
S00097558,126,89,37
S00097559,92,73,19
S00097560,63,33,30
S00097561,122,89,33
S00097562,113,74,39
S00097563,52,26,26
S00097564,70,39,31
S00097565,66,37,29
S00097566,96,58,38
S00097567,98,70,28
S00097568,79,48,31
S00097569,63,45,18
S00097570,124,91,33
S00097571,97,63,34
S00097572,52,33,19
S00097573,46,33,13
S00097574,69,43,26
S00097575,102,64,38
S00097576,115,87,28
S00097577,76,52,24
S00097578,64,41,23
S00097579,81,48,33
S00097580,85,60,25
S00097581,64,37,27
S00097582,84,47,37
S00097583,120,85,35
S00097584,80,49,31
S00097585,77,56,21
S00097586,113,79,34
S00097587,85,67,18
S00097588,87,62,25
S00097589,68,55,13
S00097590,51,27,24
S00097591,70,45,25
S00097592,52,33,19
S00097593,48,28,20
S00097594,42,25,17
S00097595,69,45,24
S00097596,66,34,32
S00097597,81,48,33
S00097598,68,51,17
S00097599,49,21,28
S00097600,66,34,32
S00097601,99,53,46
S00097602,94,48,46
S00097603,86,56,30
S00097604,107,57,50
S00097605,98,54,44
S00097606,103,71,32
S00097607,90,61,29
S00097608,82,45,37
S00097609,86,53,33
S00097610,106,76,30
S00097611,116,68,48
S00097612,107,77,30
S00097613,88,54,34
S00097614,50,43,7
S00097615,73,54,19
S00097616,91,63,28
S00097617,72,33,39
S00097618,78,43,35
S00097619,90,60,30
S00097620,115,71,44
S00097621,89,64,25
S00097622,85,64,21
S00097623,93,66,27
S00097624,84,54,30
S00097625,73,52,21
S00097626,74,57,17
S00097627,86,60,26
S00097628,59,43,16
S00097629,48,36,12
S00097630,95,76,19
S00097631,72,48,24
S00097632,92,71,21
S00097633,88,68,20
S00097634,117,82,35
S00097635,65,42,23
S00097636,110,70,40
S00097637,111,66,45
S00097638,50,34,16
S00097639,37,18,19
S00097640,94,58,36
S00097641,110,77,33
S00097642,106,65,41
S00097643,101,58,43
S00097644,113,77,36
S00097645,111,71,40
S00097646,67,37,30
S00097647,95,70,25
S00097648,56,38,18
S00097649,54,42,12
S00097650,43,21,22
S00097651,55,43,12
S00097652,62,43,19
S00097653,62,36,26
S00097654,42,21,21
S00097655,71,51,20
S00097656,94,60,34
S00097657,113,74,39
S00097658,102,73,29
S00097659,73,47,26
S00097660,65,39,26
S00097661,101,83,18
S00097662,77,43,34
S00097663,111,73,38
S00097664,59,45,14
S00097665,63,47,16
S00097666,81,61,20
S00097667,54,30,24
S00097668,79,44,35
S00097669,60,40,20
S00097670,102,61,41
S00097671,81,52,29
S00097672,70,47,23
S00097673,77,54,23
S00097674,86,57,29
S00097675,67,47,20
S00097676,87,62,25
S00097677,69,44,25
S00097678,91,67,24
S00097679,78,49,29
S00097680,87,53,34
S00097681,69,55,14
S00097682,116,74,42
S00097683,46,27,19
S00097684,107,60,47
S00097685,53,37,16
S00097686,99,71,28
S00097687,72,44,28
S00097688,69,42,27
S00097689,83,46,37
S00097690,103,88,15
S00097691,90,57,33
S00097692,66,44,22
S00097693,77,42,35
S00097694,130,85,45
S00097695,95,71,24
S00097696,90,56,34
S00097697,50,29,21
S00097698,56,39,17
S00097699,65,45,20
S00097700,70,50,20
S00097701,54,33,21
S00097702,62,47,15
S00097703,64,50,14
S00097704,68,47,21
S00097705,85,59,26
S00097706,69,49,20
S00097707,53,27,26
S00097708,84,65,19
S00097709,51,25,26
S00097710,73,52,21
S00097711,103,81,22
S00097712,130,102,28
S00097713,88,59,29
S00097714,86,50,36
S00097715,80,62,18
S00097716,80,60,20
S00097717,119,85,34
S00097718,102,66,36
S00097719,74,42,32
S00097720,75,49,26
S00097721,77,55,22
S00097722,64,49,15
S00097723,63,46,17
S00097724,80,53,27
S00097725,68,42,26
S00097726,77,53,24
S00097727,75,51,24
S00097728,105,70,35
S00097729,85,53,32
S00097730,88,44,44
S00097731,111,77,34
S00097732,115,80,35
S00097733,73,49,24
S00097734,98,71,27
S00097735,65,32,33
S00097736,97,74,23
S00097737,93,73,20
S00097738,66,45,21
S00097739,88,69,19
S00097740,42,25,17
S00097741,63,42,21
S00097742,67,52,15
S00097743,73,44,29
S00097744,94,53,41
S00097745,58,40,18
S00097746,91,68,23
S00097747,79,63,16
S00097748,83,61,22
S00097749,89,57,32
S00097750,61,42,19
S00097751,96,70,26
S00097752,65,51,14
S00097753,106,68,38
S00097754,120,97,23
S00097755,62,43,19
S00097756,121,89,32
S00097757,122,81,41
S00097758,94,78,16
S00097759,121,87,34
S00097760,81,63,18
S00097761,136,107,29
S00097762,88,68,20
S00097763,71,49,22
S00097764,72,48,24
S00097765,53,30,23
S00097766,89,68,21
S00097767,118,82,36
S00097768,93,69,24
S00097769,94,53,41
S00097770,141,88,53
S00097771,74,47,27
S00097772,82,55,27
S00097773,115,74,41
S00097774,79,47,32
S00097775,72,35,37
S00097776,80,41,39
S00097777,72,53,19
S00097778,62,42,20
S00097779,54,38,16
S00097780,118,98,20
S00097781,151,118,33
S00097782,127,89,38
S00097783,111,86,25
S00097784,81,62,19
S00097785,61,37,24
S00097786,57,39,18
S00097787,89,71,18
S00097788,106,88,18
S00097789,93,59,34
S00097790,70,52,18
S00097791,77,52,25
S00097792,35,20,15
S00097793,126,90,36
S00097794,65,47,18
S00097795,63,37,26
S00097796,121,82,39
S00097797,137,98,39
S00097798,103,72,31
S00097799,99,82,17
S00097800,71,53,18
S00097801,77,60,17
S00097802,50,31,19
S00097803,101,73,28
S00097804,64,45,19
S00097805,69,41,28
S00097806,43,25,18
S00097807,79,60,19
S00097808,21,8,13
S00097809,95,68,27
S00097810,94,60,34
S00097811,108,76,32
S00097812,108,78,30
S00097813,100,78,22
S00097814,64,53,11
S00097815,75,47,28
S00097816,63,39,24
S00097817,90,67,23
S00097818,60,53,7
S00097819,65,39,26
S00097820,91,62,29
S00097821,59,35,24
S00097822,92,69,23
S00097823,133,85,48
S00097824,78,44,34
S00097825,99,72,27
S00097826,61,47,14
S00097827,76,56,20
S00097828,114,88,26
S00097829,102,78,24
S00097830,69,56,13
S00097831,94,68,26
S00097832,94,65,29
S00097833,105,86,19
S00097834,66,36,30
S00097835,101,85,16
S00097836,101,77,24
S00097837,111,94,17
S00097838,101,83,18
S00097839,83,68,15
S00097840,77,60,17
S00097841,89,52,37
S00097842,55,44,11
S00097843,79,64,15
S00097844,95,72,23
S00097845,67,46,21
S00097846,88,45,43
S00097847,84,68,16
S00097848,100,82,18
S00097849,70,46,24
S00097850,90,64,26
S00097851,92,64,28
S00097852,74,56,18
S00097853,78,46,32
S00097854,88,64,24
S00097855,134,106,28
S00097856,128,104,24
S00097857,85,58,27
S00097858,76,46,30
S00097859,111,82,29
S00097860,85,52,33
S00097861,107,84,23
S00097862,106,89,17
S00097863,113,84,29
S00097864,91,76,15
S00097865,103,66,37
S00097866,98,86,12
S00097867,94,75,19
S00097868,119,100,19
S00097869,86,71,15
S00097870,105,68,37
S00097871,65,54,11
S00097872,129,81,48
S00097873,58,45,13
S00097874,91,54,37
S00097875,122,98,24
S00097876,130,98,32
S00097877,95,77,18
S00097878,66,58,8
S00097879,94,72,22
S00097880,66,62,4
S00097881,96,72,24
S00097882,75,56,19
S00097883,59,44,15
S00097884,90,61,29
S00097885,99,45,54
S00097886,59,35,24
S00097887,96,71,25
S00097888,90,64,26
S00097889,125,99,26
S00097890,82,58,24
S00097891,119,96,23
S00097892,90,53,37
S00097893,61,48,13
S00097894,78,55,23
S00097895,49,38,11
S00097896,77,45,32
S00097897,88,60,28
S00097898,73,44,29
S00097899,75,50,25
S00097900,79,53,26
S00097901,101,68,33
S00097902,71,65,6
S00097903,72,48,24
S00097904,66,47,19
S00097905,76,54,22
S00097906,59,32,27
S00097907,74,56,18
S00097908,78,52,26
S00097909,72,51,21
S00097910,90,60,30
S00097911,56,29,27
S00097912,58,46,12
S00097913,57,40,17
S00097914,83,61,22
S00097915,83,72,11
S00097916,108,68,40
S00097917,120,74,46
S00097918,117,72,45
S00097919,95,64,31
S00097920,81,65,16
S00097921,51,28,23
S00097922,54,38,16
S00097923,105,77,28
S00097924,110,69,41
S00097925,88,60,28
S00097926,96,69,27
S00097927,104,74,30
S00097928,223,62,161
S00097929,86,62,24
S00097930,126,82,44
S00097931,99,71,28
S00097932,82,63,19
S00097933,64,45,19
S00097934,59,46,13
S00097935,117,79,38
S00097936,113,95,18
S00097937,51,38,13
S00097938,54,34,20
S00097939,75,51,24
S00097940,107,75,32
S00097941,101,73,28
S00097942,130,88,42
S00097943,76,59,17
S00097944,63,42,21
S00097945,55,33,22
S00097946,49,39,10
S00097947,54,29,25
S00097948,44,28,16
S00097949,48,40,8
S00097950,55,35,20
S00097951,93,66,27
S00097952,99,48,51
S00097953,65,47,18
S00097954,78,45,33
S00097955,82,54,28
S00097956,60,41,19
S00097957,88,56,32
S00097958,83,54,29
S00097959,110,77,33
S00097960,129,80,49
S00097961,74,50,24
S00097962,50,27,23
S00097963,81,51,30
S00097964,69,44,25
S00097965,45,31,14
S00097966,111,66,45
S00097967,120,87,33
S00097968,76,53,23
S00097969,74,48,26
S00097970,66,46,20
S00097971,58,46,12
S00097972,78,49,29
S00097973,50,29,21
S00097974,78,54,24
S00097975,74,45,29
S00097976,63,33,30
S00097977,67,44,23
S00097978,60,42,18
S00097979,79,44,35
S00097980,65,45,20
S00097981,70,43,27
S00097982,72,45,27
S00097983,81,56,25
S00097984,47,25,22
S00097985,47,21,26
S00097986,46,31,15
S00097987,115,83,32
S00097988,81,64,17
S00097989,63,36,27
S00097990,81,62,19
S00097991,120,84,36
S00097992,91,70,21
S00097993,102,64,38
S00097994,115,82,33
S00097995,99,50,49
S00097996,69,46,23
S00097997,123,94,29
S00097998,118,82,36
S00097999,85,50,35
S00098000,113,81,32
S00098001,73,44,29
S00098002,119,80,39
S00098003,97,66,31
S00098004,85,63,22
S00098005,103,89,14
S00098006,92,64,28
S00098007,92,52,40
S00098008,73,58,15
S00098009,114,77,37
S00098010,56,31,25
S00098011,85,51,34
S00098012,103,77,26
S00098013,131,97,34
S00098014,77,57,20
S00098015,75,57,18
S00098016,129,88,41
S00098017,101,79,22
S00098018,70,54,16
S00098019,85,57,28
S00098020,59,23,36
S00098021,108,77,31
S00098022,107,68,39
S00098023,127,94,33
S00098024,107,84,23
S00098025,134,90,44
S00098026,45,24,21
S00098027,73,49,24
S00098028,65,48,17
S00098029,67,41,26
S00098030,98,68,30
S00098031,112,82,30
S00098032,116,96,20
S00098033,98,70,28
S00098034,126,106,20
S00098035,109,75,34
S00098036,81,46,35
S00098037,78,60,18
S00098038,95,51,44
S00098039,85,60,25
S00098040,121,102,19
S00098041,132,99,33
S00098042,74,54,20
S00098043,112,59,53
S00098044,87,52,35
S00098045,46,29,17
S00098046,55,28,27
S00098047,115,54,61
S00098048,88,50,38
S00098049,98,71,27
S00098050,50,28,22
S00098051,74,42,32
S00098052,94,66,28
S00098053,99,76,23
S00098054,79,53,26
S00098055,44,33,11
S00098056,49,30,19
S00098057,84,58,26
S00098058,60,36,24
S00098059,112,81,31
S00098060,70,55,15
S00098061,100,74,26
S00098062,120,90,30
S00098063,105,72,33
S00098064,49,36,13
S00098065,120,82,38
S00098066,97,69,28
S00098067,58,36,22
S00098068,63,49,14
S00098069,105,69,36
S00098070,109,82,27
S00098071,146,112,34
S00098072,61,47,14
S00098073,144,103,41
S00098074,80,62,18
S00098075,83,57,26
S00098076,121,74,47
S00098077,63,47,16
S00098078,75,63,12
S00098079,100,61,39
S00098080,121,78,43
S00098081,98,59,39
S00098082,77,61,16
S00098083,101,70,31
S00098084,71,57,14
S00098085,85,57,28
S00098086,55,37,18
S00098087,39,17,22
S00098088,89,72,17
S00098089,112,75,37
S00098090,98,79,19
S00098091,78,52,26
S00098092,80,47,33
S00098093,74,50,24
S00098094,100,76,24
S00098095,96,72,24
S00098096,117,84,33
S00098097,60,34,26
S00098098,50,33,17
S00098099,102,74,28
S00098100,80,53,27
S00098101,52,38,14
S00098102,43,33,10
S00098103,103,58,45
S00098104,77,46,31
S00098105,77,50,27
S00098106,67,42,25
S00098107,79,50,29
S00098108,97,61,36
S00098109,117,79,38
S00098110,26,9,17
S00098111,88,60,28
S00098112,43,13,30
S00098113,59,38,21
S00098114,132,86,46
S00098115,87,63,24
S00098116,118,88,30
S00098117,102,60,42
S00098118,101,81,20
S00098119,58,32,26
S00098120,93,68,25
S00098121,79,53,26
S00098122,78,37,41
S00098123,98,80,18
S00098124,93,57,36
S00098125,92,74,18
S00098126,77,51,26
S00098127,118,84,34
S00098128,106,72,34
S00098129,86,60,26
S00098130,43,27,16
S00098131,75,58,17
S00098132,79,56,23
S00098133,99,76,23
S00098134,73,39,34
S00098135,89,47,42
S00098136,87,58,29
S00098137,114,68,46
S00098138,114,61,53
S00098139,112,69,43
S00098140,48,36,12
S00098141,69,35,34
S00098142,84,49,35
S00098143,73,36,37
S00098144,80,45,35
S00098145,68,42,26
S00098146,75,61,14
S00098147,89,52,37
S00098148,85,61,24
S00098149,85,43,42
S00098150,69,41,28
S00098151,56,30,26
S00098152,99,74,25
S00098153,83,50,33
S00098154,51,25,26
S00098155,49,12,37
S00098156,43,14,29
S00098157,57,26,31
S00098158,78,41,37
S00098159,83,36,47
S00098160,73,41,32
S00098161,82,52,30
S00098162,95,55,40
S00098163,62,46,16
S00098164,79,50,29
S00098165,74,47,27
S00098166,45,37,8
S00098167,60,41,19
S00098168,76,56,20
S00098169,69,41,28
S00098170,58,34,24
S00098171,86,69,17
S00098172,116,77,39
S00098173,44,30,14
S00098174,73,52,21
S00098175,64,44,20
S00098176,88,58,30
S00098177,87,67,20
S00098178,54,40,14
S00098179,72,56,16
S00098180,110,62,48
S00098181,79,52,27
S00098182,76,53,23
S00098183,64,41,23
S00098184,85,56,29
S00098185,49,32,17
S00098186,76,58,18
S00098187,43,35,8
S00098188,109,74,35
S00098189,102,75,27
S00098190,44,27,17
S00098191,54,32,22
S00098192,62,39,23
S00098193,47,36,11
S00098194,52,33,19
S00098195,84,65,19
S00098196,23,17,6
S00098197,111,75,36
S00098198,72,52,20
S00098199,54,42,12
S00098200,121,97,24
S00098201,117,103,14
S00098202,73,53,20
S00098203,127,83,44
S00098204,63,44,19
S00098205,60,43,17
S00098206,94,65,29
S00098207,69,43,26
S00098208,79,40,39
S00098209,64,42,22
S00098210,102,74,28
S00098211,113,66,47
S00098212,100,63,37
S00098213,91,62,29
S00098214,86,63,23
S00098215,91,67,24
S00098216,105,76,29
S00098217,80,62,18
S00098218,77,45,32
S00098219,59,37,22
S00098220,66,44,22
S00098221,73,49,24
S00098222,113,76,37
S00098223,83,63,20
S00098224,80,54,26
S00098225,55,40,15
S00098226,127,73,54
S00098227,84,61,23
S00098228,82,53,29
S00098229,46,33,13
S00098230,66,48,18
S00098231,44,25,19
S00098232,62,42,20
S00098233,84,49,35
S00098234,73,35,38
S00098235,71,41,30
S00098236,72,52,20
S00098237,69,49,20
S00098238,53,23,30
S00098239,55,34,21
S00098240,87,64,23
S00098241,54,29,25
S00098242,65,29,36
S00098243,72,52,20
S00098244,112,76,36
S00098245,79,44,35
S00098246,57,40,17
S00098247,83,54,29
S00098248,32,28,4
S00098249,47,31,16
S00098250,66,52,14
S00098251,81,70,11
S00098252,94,56,38
S00098253,96,66,30
S00098254,122,90,32
S00098255,71,56,15
S00098256,65,36,29
S00098257,38,25,13
S00098258,53,36,17
S00098259,69,46,23
S00098260,120,86,34
S00098261,126,79,47
S00098262,60,44,16
S00098263,104,76,28
S00098264,72,36,36
S00098265,91,58,33
S00098266,118,77,41
S00098267,66,49,17
S00098268,74,33,41
S00098269,75,45,30
S00098270,120,68,52
S00098271,90,63,27
S00098272,43,31,12
S00098273,149,104,45
S00098274,99,75,24
S00098275,61,31,30
S00098276,110,40,70
S00098277,43,21,22
S00098278,98,69,29
S00098279,85,58,27
S00098280,60,48,12
S00098281,52,35,17
S00098282,53,33,20
S00098283,52,41,11
S00098284,57,40,17
S00098285,51,41,10
S00098286,67,51,16
S00098287,91,50,41
S00098288,86,57,29
S00098289,107,78,29
S00098290,72,45,27
S00098291,62,46,16
S00098292,107,74,33
S00098293,69,38,31
S00098294,70,57,13
S00098295,88,67,21
S00098296,126,86,40
S00098297,98,63,35
S00098298,109,85,24
S00098299,127,92,35
S00098300,108,70,38
S00098301,55,45,10
S00098302,116,57,59
S00098303,96,46,50
S00098304,74,63,11
S00098305,152,105,47
S00098306,79,59,20
S00098307,65,49,16
S00098308,49,33,16
S00098309,111,78,33
S00098310,66,42,24
S00098311,54,36,18
S00098312,88,58,30
S00098313,37,22,15
S00098314,61,39,22
S00098315,102,68,34
S00098316,79,53,26
S00098317,37,22,15
S00098318,54,38,16
S00098319,118,88,30
S00098320,80,71,9
S00098321,57,35,22
S00098322,88,58,30
S00098323,126,84,42
S00098324,43,22,21
S00098325,67,51,16
S00098326,48,24,24
S00098327,79,44,35
S00098328,64,37,27
S00098329,46,33,13
S00098330,77,50,27
S00098331,81,54,27
S00098332,71,37,34
S00098333,48,37,11
S00098334,87,71,16
S00098335,121,85,36
S00098336,44,23,21
S00098337,48,40,8
S00098338,80,56,24
S00098339,94,65,29
S00098340,72,44,28
S00098341,70,50,20
S00098342,111,73,38
S00098343,34,18,16
S00098344,63,52,11
S00098345,54,27,27
S00098346,69,46,23
S00098347,76,43,33
S00098348,47,24,23
S00098349,76,49,27
S00098350,89,61,28
S00098351,127,90,37
S00098352,127,99,28
S00098353,77,41,36
S00098354,62,51,11
S00098355,84,51,33
S00098356,49,29,20
S00098357,58,36,22
S00098358,64,50,14
S00098359,52,36,16
S00098360,113,63,50
S00098361,40,28,12
S00098362,104,81,23
S00098363,109,81,28
S00098364,70,47,23
S00098365,21,2,19
S00098366,81,50,31
S00098367,86,38,48
S00098368,60,39,21
S00098369,74,55,19
S00098370,104,63,41
S00098371,67,41,26
S00098372,94,46,48
S00098373,45,34,11
S00098374,50,32,18
S00098375,63,53,10
S00098376,73,42,31
S00098377,103,70,33
S00098378,140,102,38
S00098379,88,38,50
S00098380,124,101,23
S00098381,130,100,30
S00098382,99,78,21
S00098383,116,83,33
S00098384,98,72,26
S00098385,71,46,25
S00098386,87,53,34
S00098387,47,22,25
S00098388,88,56,32
S00098389,63,42,21
S00098390,113,81,32
S00098391,45,29,16
S00098392,50,41,9
S00098393,91,57,34
S00098394,88,67,21
S00098395,86,60,26
S00098396,77,50,27
S00098397,61,46,15
S00098398,91,71,20
S00098399,50,27,23
S00098400,105,70,35
S00098401,67,39,28
S00098402,106,77,29
S00098403,64,46,18
S00098404,52,45,7
S00098405,76,51,25
S00098406,123,76,47
S00098407,77,54,23
S00098408,95,65,30
S00098409,101,76,25
S00098410,94,77,17
S00098411,48,36,12
S00098412,101,74,27
S00098413,57,42,15
S00098414,109,73,36
S00098415,74,51,23
S00098416,79,54,25
S00098417,101,87,14
S00098418,76,68,8
S00098419,86,73,13
S00098420,92,77,15
S00098421,88,71,17
S00098422,110,77,33
S00098423,84,69,15
S00098424,49,42,7
S00098425,93,80,13
S00098426,62,48,14
S00098427,98,70,28
S00098428,60,35,25
S00098429,57,39,18
S00098430,44,28,16
S00098431,86,61,25
S00098432,65,44,21
S00098433,90,64,26
S00098434,108,60,48
S00098435,52,36,16
S00098436,62,40,22
S00098437,126,85,41
S00098438,61,35,26
S00098439,86,37,49
S00098440,193,90,103
S00098441,161,89,72
S00098442,78,45,33
S00098443,161,103,58
S00098444,114,68,46
S00098445,100,63,37
S00098446,102,75,27
S00098447,132,70,62
S00098448,92,62,30
S00098449,77,46,31
S00098450,140,86,54
S00098451,121,68,53
S00098452,87,36,51
S00098453,104,51,53
S00098454,129,91,38
S00098455,73,54,19
S00098456,70,44,26
S00098457,142,56,86
S00098458,100,59,41
S00098459,102,46,56
S00098460,82,48,34
S00098461,160,78,82
S00098462,85,36,49
S00098463,143,91,52
S00098464,79,49,30
S00098465,57,36,21
S00098466,58,32,26
S00098467,64,39,25
S00098468,85,53,32
S00098469,57,25,32
S00098470,117,67,50
S00098471,50,28,22
S00098472,91,50,41
S00098473,119,40,79
S00098474,152,68,84
S00098475,68,34,34
S00098476,125,74,51
S00098477,72,47,25
S00098478,52,39,13
S00098479,60,34,26
S00098480,191,84,107
S00098481,53,33,20
S00098482,218,89,129
S00098483,81,49,32
S00098484,114,68,46
S00098485,524,253,271
S00098486,46,23,23
S00098487,55,33,22
S00098488,111,64,47
S00098489,100,49,51
S00098490,94,66,28
S00098491,84,61,23
S00098492,64,43,21
S00098493,54,39,15
S00098494,95,54,41
S00098495,106,71,35
S00098496,76,49,27
S00098497,99,62,37
S00098498,50,41,9
S00098499,99,75,24
S00098500,108,69,39
S00098501,92,64,28
S00098502,84,53,31
S00098503,58,45,13
S00098504,112,85,27
S00098505,348,158,190
S00098506,110,68,42
S00098507,84,56,28
S00098508,107,73,34
S00098509,92,64,28
S00098510,55,38,17
S00098511,68,48,20
S00098512,61,38,23
S00098513,50,31,19
S00098514,69,48,21
S00098515,65,30,35
S00098516,46,32,14
S00098517,42,13,29
S00098518,55,37,18
S00098519,64,37,27
S00098520,68,49,19
S00098521,67,41,26
S00098522,107,60,47
S00098523,122,79,43
S00098524,115,60,55
S00098525,92,51,41
S00098526,114,69,45
S00098527,66,48,18
S00098528,51,31,20
S00098529,52,31,21
S00098530,80,53,27
S00098531,68,46,22
S00098532,155,87,68
S00098533,98,60,38
S00098534,106,64,42
S00098535,61,37,24
S00098536,64,39,25
S00098537,101,59,42
S00098538,106,69,37
S00098539,105,77,28
S00098540,89,63,26
S00098541,91,64,27
S00098542,48,27,21
S00098543,110,64,46
S00098544,15,2,13
S00098545,62,23,39
S00098546,82,64,18
S00098547,122,79,43
S00098548,87,61,26
S00098549,158,123,35
S00098550,41,29,12
S00098551,87,56,31
S00098552,136,79,57
S00098553,101,57,44
S00098554,84,56,28
S00098555,64,42,22
S00098556,100,68,32
S00098557,35,18,17
S00098558,70,46,24
S00098559,68,42,26
S00098560,116,85,31
S00098561,111,74,37
S00098562,71,48,23
S00098563,68,42,26
S00098564,72,42,30
S00098565,87,55,32
S00098566,54,42,12
S00098567,99,66,33
S00098568,87,46,41
S00098569,60,38,22
S00098570,71,43,28
S00098571,92,67,25
S00098572,85,60,25
S00098573,70,51,19
S00098574,84,66,18
S00098575,65,54,11
S00098576,39,10,29
S00098577,75,55,20
S00098578,54,17,37
S00098579,94,67,27
S00098580,99,71,28
S00098581,44,37,7
S00098582,64,47,17
S00098583,97,63,34
S00098584,77,55,22
S00098585,63,29,34
S00098586,47,35,12
S00098587,103,67,36
S00098588,61,33,28
S00098589,55,15,40
S00098590,69,41,28
S00098591,56,25,31
S00098592,84,53,31
S00098593,96,63,33
S00098594,87,61,26
S00098595,45,38,7
S00098596,108,78,30
S00098597,62,50,12
S00098598,60,47,13
S00098599,97,66,31
S00098600,87,43,44
S00098601,91,52,39
S00098602,107,71,36
S00098603,103,59,44
S00098604,108,77,31
S00098605,140,107,33
S00098606,66,51,15
S00098607,57,35,22
S00098608,115,96,19
S00098609,120,78,42
S00098610,59,41,18
S00098611,79,54,25
S00098612,79,46,33
S00098613,47,20,27
S00098614,37,17,20
S00098615,125,95,30
S00098616,101,66,35
S00098617,69,37,32
S00098618,48,25,23
S00098619,56,31,25
S00098620,94,46,48
S00098621,86,55,31
S00098622,43,34,9
S00098623,63,47,16
S00098624,80,56,24
S00098625,47,32,15
S00098626,92,67,25
S00098627,99,71,28
S00098628,76,58,18
S00098629,26,6,20
S00098630,38,9,29
S00098631,73,54,19
S00098632,99,59,40
S00098633,107,79,28
S00098634,113,64,49
S00098635,107,72,35
S00098636,70,40,30
S00098637,44,38,6
S00098638,77,54,23
S00098639,87,40,47
S00098640,111,63,48
S00098641,105,60,45
S00098642,104,93,11
S00098643,42,13,29
S00098644,74,47,27
S00098645,72,46,26
S00098646,85,55,30
S00098647,69,39,30
S00098648,58,36,22
S00098649,64,39,25
S00098650,127,90,37
S00098651,116,79,37
S00098652,94,68,26
S00098653,53,35,18
S00098654,122,96,26
S00098655,72,50,22
S00098656,120,83,37
S00098657,72,56,16
S00098658,70,41,29
S00098659,50,35,15
S00098660,51,35,16
S00098661,102,67,35
S00098662,94,61,33
S00098663,94,72,22
S00098664,52,41,11
S00098665,69,50,19
S00098666,59,35,24
S00098667,109,77,32
S00098668,94,66,28
S00098669,72,43,29
S00098670,68,45,23
S00098671,79,45,34
S00098672,82,56,26
S00098673,71,51,20
S00098674,61,37,24
S00098675,70,50,20
S00098676,39,30,9
S00098677,96,68,28
S00098678,95,63,32
S00098679,67,46,21
S00098680,70,35,35
S00098681,57,40,17
S00098682,218,122,96
S00098683,74,44,30
S00098684,85,46,39
S00098685,91,58,33
S00098686,81,57,24
S00098687,49,31,18
S00098688,78,53,25
S00098689,51,30,21
S00098690,60,47,13
S00098691,85,60,25
S00098692,43,25,18
S00098693,93,73,20
S00098694,78,52,26
S00098695,104,68,36
S00098696,99,78,21
S00098697,89,45,44
S00098698,54,36,18
S00098699,76,57,19
S00098700,92,64,28
S00098701,124,78,46
S00098702,91,60,31
S00098703,70,55,15
S00098704,61,44,17
S00098705,60,41,19
S00098706,95,65,30
S00098707,33,15,18
S00098708,117,69,48
S00098709,80,47,33
S00098710,47,30,17
S00098711,69,45,24
S00098712,68,50,18
S00098713,103,63,40
S00098714,124,72,52
S00098715,110,71,39
S00098716,69,54,15
S00098717,41,35,6
S00098718,93,56,37
S00098719,100,72,28
S00098720,57,26,31
S00098721,66,38,28
S00098722,100,58,42
S00098723,35,16,19
S00098724,73,49,24
S00098725,73,55,18
S00098726,88,67,21
S00098727,41,28,13
S00098728,89,52,37
S00098729,107,82,25
S00098730,72,45,27
S00098731,49,27,22
S00098732,67,44,23
S00098733,62,39,23
S00098734,70,47,23
S00098735,73,47,26
S00098736,154,121,33
S00098737,131,93,38
S00098738,83,44,39
S00098739,107,71,36
S00098740,80,58,22
S00098741,57,36,21
S00098742,61,33,28
S00098743,96,67,29
S00098744,44,32,12
S00098745,45,11,34
S00098746,51,35,16
S00098747,36,7,29
S00098748,16,3,13
S00098749,47,19,28
S00098750,46,19,27
S00098751,51,32,19
S00098752,75,28,47
S00098753,69,34,35
S00098754,53,19,34
S00098755,55,44,11
S00098756,62,32,30
S00098757,97,63,34
S00098758,59,39,20
S00098759,101,77,24
S00098760,134,85,49
S00098761,79,51,28
S00098762,111,82,29
S00098763,74,51,23
S00098764,78,58,20
S00098765,57,26,31
S00098766,82,59,23
S00098767,85,55,30
S00098768,68,51,17
S00098769,69,45,24
S00098770,78,45,33
S00098771,45,21,24
S00098772,57,29,28
S00098773,82,42,40
S00098774,89,59,30
S00098775,66,33,33
S00098776,74,49,25
S00098777,41,24,17
S00098778,64,40,24
S00098779,90,55,35
S00098780,93,55,38
S00098781,127,79,48
S00098782,123,65,58
S00098783,118,93,25
S00098784,64,51,13
S00098785,79,46,33
S00098786,77,59,18
S00098787,67,39,28
S00098788,59,27,32
S00098789,48,26,22
S00098790,92,56,36
S00098791,93,65,28
S00098792,96,54,42
S00098793,136,80,56
S00098794,119,74,45
S00098795,68,46,22
S00098796,69,43,26
S00098797,87,44,43
S00098798,59,39,20
S00098799,74,36,38
S00098800,54,22,32
S00098801,86,73,13
S00098802,70,40,30
S00098803,79,41,38
S00098804,101,75,26
S00098805,58,39,19
S00098806,74,42,32
S00098807,49,32,17
S00098808,58,26,32
S00098809,60,36,24
S00098810,43,24,19
S00098811,84,55,29
S00098812,69,36,33
S00098813,51,28,23
S00098814,92,63,29
S00098815,86,46,40
S00098816,94,73,21
S00098817,74,31,43
S00098818,116,86,30
S00098819,51,42,9
S00098820,55,33,22
S00098821,55,41,14
S00098822,64,33,31
S00098823,75,31,44
S00098824,44,16,28
S00098825,73,45,28
S00098826,87,66,21
S00098827,99,54,45
S00098828,120,76,44
S00098829,57,17,40
S00098830,61,48,13
S00098831,93,56,37
S00098832,70,58,12
S00098833,59,30,29
S00098834,47,12,35
S00098835,43,26,17
S00098836,39,15,24
S00098837,46,36,10
S00098838,71,50,21
S00098839,47,21,26
S00098840,68,38,30
S00098841,64,38,26
S00098842,93,75,18
S00098843,101,81,20
S00098844,129,99,30
S00098845,59,41,18
S00098846,59,31,28
S00098847,76,41,35
S00098848,73,46,27
S00098849,81,50,31
S00098850,63,32,31
S00098851,66,49,17
S00098852,49,39,10
S00098853,113,79,34
S00098854,58,27,31
S00098855,73,46,27
S00098856,46,24,22
S00098857,94,55,39
S00098858,72,52,20
S00098859,89,62,27
S00098860,60,20,40
S00098861,109,87,22
S00098862,91,77,14
S00098863,87,55,32
S00098864,85,71,14
S00098865,60,38,22
S00098866,71,45,26
S00098867,101,65,36
S00098868,119,74,45
S00098869,87,65,22
S00098870,37,23,14
S00098871,44,32,12
S00098872,76,47,29
S00098873,82,62,20
S00098874,77,63,14
S00098875,101,76,25
S00098876,70,45,25
S00098877,64,47,17
S00098878,96,70,26
S00098879,86,60,26
S00098880,80,64,16
S00098881,94,48,46
S00098882,85,59,26
S00098883,63,50,13
S00098884,94,76,18
S00098885,89,46,43
S00098886,55,28,27
S00098887,29,3,26
S00098888,85,59,26
S00098889,84,55,29
S00098890,91,69,22
S00098891,97,69,28
S00098892,76,42,34
S00098893,129,106,23
S00098894,90,52,38
S00098895,105,67,38
S00098896,94,48,46
S00098897,74,45,29
S00098898,59,41,18
S00098899,113,75,38
S00098900,88,51,37
S00098901,52,26,26
S00098902,74,49,25
S00098903,83,51,32
S00098904,79,53,26
S00098905,66,46,20
S00098906,108,85,23
S00098907,63,27,36
S00098908,87,60,27
S00098909,104,67,37
S00098910,92,64,28
S00098911,94,69,25
S00098912,58,40,18
S00098913,105,56,49
S00098914,85,48,37
S00098915,116,84,32
S00098916,103,59,44
S00098917,44,26,18
S00098918,65,42,23
S00098919,57,41,16
S00098920,98,61,37
S00098921,50,25,25
S00098922,76,60,16
S00098923,96,54,42
S00098924,72,44,28
S00098925,68,44,24
S00098926,85,65,20
S00098927,50,41,9
S00098928,98,72,26
S00098929,63,37,26
S00098930,79,42,37
S00098931,93,61,32
S00098932,75,38,37
S00098933,108,68,40
S00098934,95,58,37
S00098935,74,48,26
S00098936,94,63,31
S00098937,103,85,18
S00098938,71,43,28
S00098939,78,52,26
S00098940,83,54,29
S00098941,81,57,24
S00098942,62,47,15
S00098943,137,92,45
S00098944,130,94,36
S00098945,117,84,33
S00098946,64,43,21
S00098947,98,58,40
S00098948,80,52,28
S00098949,88,39,49
S00098950,42,15,27
S00098951,93,62,31
S00098952,73,47,26
S00098953,74,37,37
S00098954,115,75,40
S00098955,76,50,26
S00098956,100,75,25
S00098957,74,54,20
S00098958,182,141,41
S00098959,88,58,30
S00098960,73,48,25
S00098961,96,53,43
S00098962,90,61,29
S00098963,120,83,37
S00098964,98,71,27
S00098965,80,55,25
S00098966,79,64,15
S00098967,107,67,40
S00098968,83,55,28
S00098969,81,52,29
S00098970,78,51,27
S00098971,87,50,37
S00098972,97,58,39
S00098973,76,53,23
S00098974,125,76,49
S00098975,121,83,38
S00098976,68,41,27
S00098977,97,53,44
S00098978,59,39,20
S00098979,97,57,40
S00098980,69,32,37
S00098981,49,32,17
S00098982,48,34,14
S00098983,70,33,37
S00098984,107,67,40
S00098985,99,49,50
S00098986,51,30,21
S00098987,86,43,43
S00098988,105,70,35
S00098989,99,69,30
S00098990,178,88,90
S00098991,62,31,31
S00098992,108,61,47
S00098993,47,34,13
S00098994,67,44,23
S00098995,50,38,12
S00098996,75,59,16
S00098997,70,49,21
S00098998,77,50,27
S00098999,82,42,40
S00099000,100,72,28
S00099001,107,83,24
S00099002,60,48,12
S00099003,61,35,26
S00099004,54,41,13
S00099005,82,65,17
S00099006,89,68,21
S00099007,95,70,25
S00099008,123,96,27
S00099009,79,66,13
S00099010,63,51,12
S00099011,73,59,14
S00099012,54,41,13
S00099013,42,24,18
S00099014,73,61,12
S00099015,60,37,23
S00099016,57,33,24
S00099017,135,94,41
S00099018,115,79,36
S00099019,61,40,21
S00099020,46,29,17
S00099021,92,61,31
S00099022,60,55,5
S00099023,95,79,16
S00099024,60,49,11
S00099025,84,42,42
S00099026,67,52,15
S00099027,69,52,17
S00099028,57,44,13
S00099029,44,28,16
S00099030,56,33,23
S00099031,56,42,14
S00099032,167,125,42
S00099033,56,47,9
S00099034,78,54,24
S00099035,73,55,18
S00099036,101,80,21
S00099037,126,104,22
S00099038,62,42,20
S00099039,117,82,35
S00099040,113,82,31
S00099041,76,55,21
S00099042,139,111,28
S00099043,96,68,28
S00099044,73,59,14
S00099045,106,70,36
S00099046,102,79,23
S00099047,88,60,28
S00099048,105,76,29
S00099049,84,62,22
S00099050,102,69,33
S00099051,102,73,29
S00099052,90,52,38
S00099053,89,68,21
S00099054,83,57,26
S00099055,80,44,36
S00099056,52,35,17
S00099057,49,31,18
S00099058,39,13,26
S00099059,67,28,39
S00099060,59,45,14
S00099061,45,36,9
S00099062,70,45,25
S00099063,58,34,24
S00099064,36,20,16
S00099065,93,63,30
S00099066,43,24,19
S00099067,62,34,28
S00099068,77,57,20
S00099069,73,48,25
S00099070,70,49,21
S00099071,61,22,39
S00099072,62,37,25
S00099073,69,45,24
S00099074,88,58,30
S00099075,54,40,14
S00099076,91,42,49
S00099077,116,73,43
S00099078,76,52,24
S00099079,110,78,32
S00099080,95,66,29
S00099081,62,44,18
S00099082,56,44,12
S00099083,79,54,25
S00099084,49,36,13
S00099085,61,38,23
S00099086,53,34,19
S00099087,61,43,18
S00099088,72,54,18
S00099089,69,41,28
S00099090,74,53,21
S00099091,47,21,26
S00099092,105,72,33
S00099093,54,36,18
S00099094,74,35,39
S00099095,77,58,19
S00099096,38,30,8
S00099097,62,42,20
S00099098,45,4,41
S00099099,62,34,28
S00099100,102,74,28
S00099101,59,41,18
S00099102,102,50,52
S00099103,68,36,32
S00099104,89,64,25
S00099105,77,46,31
S00099106,73,42,31
S00099107,65,43,22
S00099108,130,70,60
S00099109,134,75,59
S00099110,98,49,49
S00099111,116,104,12
S00099112,67,40,27
S00099113,113,83,30
S00099114,84,44,40
S00099115,84,50,34
S00099116,86,45,41
S00099117,145,85,60
S00099118,93,54,39
S00099119,74,56,18
S00099120,76,51,25
S00099121,55,38,17
S00099122,57,35,22
S00099123,57,24,33
S00099124,62,26,36
S00099125,66,47,19
S00099126,41,28,13
S00099127,78,43,35
S00099128,48,34,14
S00099129,71,43,28
S00099130,109,46,63
S00099131,68,38,30
S00099132,49,35,14
S00099133,89,56,33
S00099134,67,32,35
S00099135,72,48,24
S00099136,42,27,15
S00099137,71,51,20
S00099138,74,49,25
S00099139,72,41,31
S00099140,63,41,22
S00099141,104,69,35
S00099142,60,44,16
S00099143,62,43,19
S00099144,101,82,19
S00099145,109,81,28
S00099146,89,63,26
S00099147,67,30,37
S00099148,62,53,9
S00099149,68,44,24
S00099150,121,84,37
S00099151,53,31,22
S00099152,69,46,23
S00099153,111,72,39
S00099154,61,35,26
S00099155,83,50,33
S00099156,100,61,39
S00099157,81,52,29
S00099158,93,61,32
S00099159,61,35,26
S00099160,48,33,15
S00099161,75,49,26
S00099162,73,36,37
S00099163,69,47,22
S00099164,130,90,40
S00099165,94,56,38
S00099166,114,79,35
S00099167,118,72,46
S00099168,118,68,50
S00099169,74,57,17
S00099170,61,24,37
S00099171,47,25,22
S00099172,41,26,15
S00099173,84,49,35
S00099174,31,11,20
S00099175,67,50,17
S00099176,82,46,36
S00099177,73,59,14
S00099178,79,56,23
S00099179,73,46,27
S00099180,62,38,24
S00099181,126,79,47
S00099182,49,24,25
S00099183,40,23,17
S00099184,91,58,33
S00099185,50,22,28
S00099186,76,56,20
S00099187,49,20,29
S00099188,95,53,42
S00099189,55,22,33
S00099190,54,39,15
S00099191,44,33,11
S00099192,97,68,29
S00099193,56,39,17
S00099194,51,27,24
S00099195,41,30,11
S00099196,56,35,21
S00099197,75,47,28
S00099198,52,29,23
S00099199,57,29,28
S00099200,55,28,27
S00099201,61,31,30
S00099202,61,45,16
S00099203,71,55,16
S00099204,65,50,15
S00099205,89,48,41
S00099206,79,41,38
S00099207,76,49,27
S00099208,97,75,22
S00099209,102,43,59
S00099210,115,71,44
S00099211,47,30,17
S00099212,37,15,22
S00099213,74,52,22
S00099214,110,72,38
S00099215,61,38,23
S00099216,65,41,24
S00099217,97,65,32
S00099218,93,60,33
S00099219,69,46,23
S00099220,79,64,15
S00099221,68,38,30
S00099222,96,68,28
S00099223,43,13,30
S00099224,80,50,30
S00099225,97,68,29
S00099226,60,24,36
S00099227,125,85,40
S00099228,86,52,34
S00099229,122,80,42
S00099230,111,78,33
S00099231,120,85,35
S00099232,126,85,41
S00099233,59,38,21
S00099234,105,68,37
S00099235,66,44,22
S00099236,94,58,36
S00099237,80,60,20
S00099238,84,49,35
S00099239,86,49,37
S00099240,75,48,27
S00099241,70,53,17
S00099242,114,70,44
S00099243,100,64,36
S00099244,75,56,19
S00099245,62,37,25
S00099246,89,60,29
S00099247,137,95,42
S00099248,74,43,31
S00099249,106,60,46
S00099250,73,40,33
S00099251,69,50,19
S00099252,62,28,34
S00099253,69,38,31
S00099254,103,39,64
S00099255,62,26,36
S00099256,116,59,57
S00099257,97,66,31
S00099258,92,60,32
S00099259,65,44,21
S00099260,91,69,22
S00099261,75,50,25
S00099262,100,59,41
S00099263,96,79,17
S00099264,77,66,11
S00099265,102,94,8
S00099266,74,65,9
S00099267,118,103,15
S00099268,131,86,45
S00099269,131,99,32
S00099270,106,74,32
S00099271,60,39,21
S00099272,105,69,36
S00099273,60,37,23
S00099274,106,73,33
S00099275,55,28,27
S00099276,73,48,25
S00099277,137,84,53
S00099278,88,50,38
S00099279,79,44,35
S00099280,105,60,45
S00099281,138,66,72
S00099282,108,63,45
S00099283,136,98,38
S00099284,88,52,36
S00099285,39,10,29
S00099286,96,58,38
S00099287,100,59,41
S00099288,25,7,18
S00099289,83,62,21
S00099290,60,40,20
S00099291,34,22,12
S00099292,102,54,48
S00099293,49,35,14
S00099294,63,22,41
S00099295,50,29,21
S00099296,74,45,29
S00099297,46,32,14
S00099298,54,33,21
S00099299,59,42,17
S00099300,67,47,20
S00099301,59,37,22
S00099302,92,60,32
S00099303,53,32,21
S00099304,57,43,14
S00099305,74,50,24
S00099306,53,43,10
S00099307,69,53,16
S00099308,65,56,9
S00099309,59,40,19
S00099310,87,62,25
S00099311,67,44,23
S00099312,102,71,31
S00099313,114,80,34
S00099314,82,56,26
S00099315,110,70,40
S00099316,87,67,20
S00099317,93,68,25
S00099318,78,54,24
S00099319,99,76,23
S00099320,111,70,41
S00099321,123,84,39
S00099322,90,52,38
S00099323,93,68,25
S00099324,91,63,28
S00099325,74,49,25
S00099326,54,36,18
S00099327,37,16,21
S00099328,60,32,28
S00099329,104,72,32
S00099330,69,52,17
S00099331,53,39,14
S00099332,64,56,8
S00099333,62,39,23
S00099334,72,48,24
S00099335,56,37,19
S00099336,59,36,23
S00099337,59,38,21
S00099338,82,52,30
S00099339,103,60,43
S00099340,84,63,21
S00099341,70,38,32
S00099342,69,48,21
S00099343,59,35,24
S00099344,67,50,17
S00099345,81,43,38
S00099346,38,23,15
S00099347,81,55,26
S00099348,73,50,23
S00099349,85,51,34
S00099350,69,47,22
S00099351,91,68,23
S00099352,80,36,44
S00099353,76,38,38
S00099354,65,43,22
S00099355,122,79,43
S00099356,128,88,40
S00099357,77,49,28
S00099358,45,33,12
S00099359,98,65,33
S00099360,81,63,18
S00099361,51,32,19
S00099362,107,66,41
S00099363,72,48,24
S00099364,44,24,20
S00099365,64,45,19
S00099366,40,23,17
S00099367,33,8,25
S00099368,77,51,26
S00099369,106,69,37
S00099370,82,65,17
S00099371,87,63,24
S00099372,94,60,34
S00099373,159,129,30
S00099374,106,66,40
S00099375,70,47,23
S00099376,113,74,39
S00099377,75,46,29
S00099378,79,64,15
S00099379,96,53,43
S00099380,105,64,41
S00099381,84,44,40
S00099382,104,76,28
S00099383,84,46,38
S00099384,77,51,26
S00099385,86,55,31
S00099386,117,81,36
S00099387,113,86,27
S00099388,93,66,27
S00099389,62,38,24
S00099390,106,71,35
S00099391,53,38,15
S00099392,77,54,23
S00099393,53,27,26
S00099394,66,43,23
S00099395,61,28,33
S00099396,57,38,19
S00099397,82,65,17
S00099398,152,125,27
S00099399,49,46,3
S00099400,106,45,61
S00099401,61,37,24
S00099402,76,48,28
S00099403,46,28,18
S00099404,86,50,36
S00099405,89,70,19
S00099406,97,65,32
S00099407,64,38,26
S00099408,74,49,25
S00099409,133,108,25
S00099410,45,31,14
S00099411,79,55,24
S00099412,53,21,32
S00099413,78,60,18
S00099414,41,29,12
S00099415,76,53,23
S00099416,68,45,23
S00099417,61,39,22
S00099418,121,104,17
S00099419,133,116,17
S00099420,59,45,14
S00099421,164,139,25
S00099422,105,90,15
S00099423,125,115,10
S00099424,54,39,15
S00099425,148,124,24
S00099426,50,27,23
S00099427,70,42,28
S00099428,62,35,27
S00099429,53,36,17
S00099430,79,56,23
S00099431,76,56,20
S00099432,41,26,15
S00099433,100,71,29
S00099434,57,36,21
S00099435,67,46,21
S00099436,56,32,24
S00099437,44,30,14
S00099438,66,36,30
S00099439,55,31,24
S00099440,82,41,41
S00099441,34,17,17
S00099442,78,51,27
S00099443,78,48,30
S00099444,76,46,30
S00099445,82,68,14
S00099446,50,19,31
S00099447,72,40,32
S00099448,41,30,11
S00099449,110,76,34
S00099450,50,38,12
S00099451,60,37,23
S00099452,68,42,26
S00099453,43,27,16
S00099454,53,37,16
S00099455,68,40,28
S00099456,24,4,20
S00099457,63,38,25
S00099458,112,67,45
S00099459,83,48,35
S00099460,44,14,30
S00099461,123,55,68
S00099462,45,31,14
S00099463,40,21,19
S00099464,72,37,35
S00099465,96,65,31
S00099466,58,39,19
S00099467,106,60,46
S00099468,157,131,26
S00099469,69,62,7
S00099470,41,31,10
S00099471,45,34,11
S00099472,123,108,15
S00099473,134,116,18
S00099474,106,87,19
S00099475,104,61,43
S00099476,44,32,12
S00099477,57,35,22
S00099478,67,29,38
S00099479,87,54,33
S00099480,59,43,16
S00099481,37,18,19
S00099482,63,40,23
S00099483,61,41,20
S00099484,66,30,36
S00099485,63,42,21
S00099486,78,40,38
S00099487,88,56,32
S00099488,75,54,21
S00099489,109,95,14
S00099490,121,100,21
S00099491,31,16,15
S00099492,59,42,17
S00099493,84,43,41
S00099494,72,53,19
S00099495,56,39,17
S00099496,66,50,16
S00099497,129,115,14
S00099498,118,58,60
S00099499,93,61,32
S00099500,52,26,26
S00099501,53,39,14
S00099502,102,81,21
S00099503,79,57,22
S00099504,116,55,61
S00099505,485,147,338
S00099506,44,33,11
S00099507,107,70,37
S00099508,37,23,14
S00099509,184,101,83
S00099510,61,37,24
S00099511,67,40,27
S00099512,42,30,12
S00099513,79,29,50
S00099514,60,35,25
S00099515,49,35,14
S00099516,85,49,36
S00099517,42,20,22
S00099518,47,22,25
S00099519,68,40,28
S00099520,46,28,18
S00099521,63,40,23
S00099522,73,57,16
S00099523,66,39,27
S00099524,100,80,20
S00099525,80,63,17
S00099526,75,52,23
S00099527,70,61,9
S00099528,158,130,28
S00099529,106,83,23
S00099530,118,99,19
S00099531,154,140,14
S00099532,138,122,16
S00099533,110,104,6
S00099534,99,84,15
S00099535,54,51,3
S00099536,92,35,57
S00099537,153,127,26
S00099538,90,51,39
S00099539,116,61,55
S00099540,45,21,24
S00099541,84,48,36
S00099542,142,68,74
S00099543,114,76,38
S00099544,85,59,26
S00099545,94,58,36
S00099546,136,77,59
S00099547,127,80,47
S00099548,98,67,31
S00099549,68,45,23
S00099550,131,108,23
S00099551,112,71,41
S00099552,117,63,54
S00099553,119,78,41
S00099554,89,58,31
S00099555,122,88,34
S00099556,80,56,24
S00099557,60,39,21
S00099558,107,73,34
S00099559,99,56,43
S00099560,83,57,26
S00099561,51,19,32
S00099562,67,30,37
S00099563,88,63,25
S00099564,87,51,36
S00099565,70,36,34
S00099566,60,31,29
S00099567,486,147,339
S00099568,127,54,73
S00099569,546,184,362
S00099570,97,56,41
S00099571,108,64,44
S00099572,146,68,78
S00099573,82,46,36
S00099574,64,41,23
S00099575,105,83,22
S00099576,104,72,32
S00099577,54,31,23
S00099578,98,66,32
S00099579,88,65,23
S00099580,90,60,30
S00099581,102,78,24
S00099582,68,39,29
S00099583,44,28,16
S00099584,57,24,33
S00099585,124,72,52
S00099586,105,77,28
S00099587,126,69,57
S00099588,182,65,117
S00099589,60,23,37
S00099590,82,41,41
S00099591,48,31,17
S00099592,67,42,25
S00099593,96,53,43
S00099594,66,41,25
S00099595,53,27,26
S00099596,26,4,22
S00099597,46,18,28
S00099598,80,41,39
S00099599,62,32,30
S00099600,49,27,22
S00099601,95,75,20
S00099602,59,47,12
S00099603,70,55,15
S00099604,34,10,24
S00099605,47,24,23
S00099606,46,31,15
S00099607,49,41,8
S00099608,105,71,34
S00099609,95,61,34
S00099610,70,56,14
S00099611,42,33,9
S00099612,46,18,28
S00099613,84,54,30
S00099614,64,33,31
S00099615,36,19,17
S00099616,43,25,18
S00099617,59,38,21
S00099618,50,22,28
S00099619,128,84,44
S00099620,82,41,41
S00099621,63,41,22
S00099622,117,82,35
S00099623,80,49,31
S00099624,46,24,22
S00099625,72,57,15
S00099626,62,46,16
S00099627,40,30,10
S00099628,135,112,23
S00099629,97,47,50
S00099630,50,29,21
S00099631,69,49,20
S00099632,45,34,11
S00099633,71,51,20
S00099634,83,53,30
S00099635,43,25,18
S00099636,69,41,28
S00099637,45,18,27
S00099638,44,25,19
S00099639,45,32,13
S00099640,65,27,38
S00099641,82,38,44
S00099642,107,79,28
S00099643,44,26,18
S00099644,76,60,16
S00099645,88,62,26
S00099646,82,59,23
S00099647,64,56,8
S00099648,49,43,6
S00099649,103,78,25
S00099650,89,69,20
S00099651,111,81,30
S00099652,84,60,24
S00099653,72,49,23
S00099654,120,62,58
S00099655,74,50,24
S00099656,103,68,35
S00099657,76,56,20
S00099658,65,57,8
S00099659,85,59,26
S00099660,77,46,31
S00099661,83,67,16
S00099662,78,59,19
S00099663,70,54,16
S00099664,71,51,20
S00099665,76,54,22
S00099666,43,31,12
S00099667,48,34,14
S00099668,54,26,28
S00099669,101,86,15
S00099670,88,77,11
S00099671,93,81,12
S00099672,65,53,12
S00099673,72,45,27
S00099674,87,47,40
S00099675,84,77,7
S00099676,98,86,12
S00099677,47,35,12
S00099678,40,24,16
S00099679,78,56,22
S00099680,45,25,20
S00099681,91,71,20
S00099682,115,94,21
S00099683,85,71,14
S00099684,120,108,12
S00099685,68,55,13
S00099686,80,70,10
S00099687,105,75,30
S00099688,56,48,8
S00099689,127,94,33
S00099690,125,102,23
S00099691,84,45,39
S00099692,100,67,33
S00099693,67,37,30
S00099694,56,28,28
S00099695,123,70,53
S00099696,83,52,31
S00099697,82,62,20
S00099698,124,102,22
S00099699,111,91,20
S00099700,113,92,21
S00099701,74,52,22
S00099702,91,71,20
S00099703,109,95,14
S00099704,76,53,23
S00099705,74,48,26
S00099706,114,86,28
S00099707,48,34,14
S00099708,53,36,17
S00099709,71,42,29
S00099710,30,12,18
S00099711,57,35,22
S00099712,66,39,27
S00099713,36,22,14
S00099714,39,23,16
S00099715,42,34,8
S00099716,66,49,17
S00099717,72,45,27
S00099718,51,40,11
S00099719,69,53,16
S00099720,56,34,22
S00099721,33,12,21
S00099722,120,79,41
S00099723,49,26,23
S00099724,92,71,21
S00099725,71,58,13
S00099726,43,25,18
S00099727,71,49,22
S00099728,118,83,35
S00099729,63,45,18
S00099730,52,33,19
S00099731,88,56,32
S00099732,136,113,23
S00099733,59,47,12
S00099734,94,66,28
S00099735,47,37,10
S00099736,149,106,43
S00099737,103,69,34
S00099738,53,27,26
S00099739,91,58,33
S00099740,63,27,36
S00099741,91,65,26
S00099742,84,68,16
S00099743,140,122,18
S00099744,106,96,10
S00099745,105,94,11
S00099746,106,87,19
S00099747,68,44,24
S00099748,87,73,14
S00099749,112,93,19
S00099750,103,68,35
S00099751,98,74,24
S00099752,76,61,15
S00099753,84,57,27
S00099754,62,41,21
S00099755,186,117,69
S00099756,86,53,33
S00099757,160,95,65
S00099758,46,22,24
S00099759,128,75,53
S00099760,81,32,49
S00099761,39,13,26
S00099762,48,26,22
S00099763,92,63,29
S00099764,95,57,38
S00099765,88,59,29
S00099766,66,34,32
S00099767,103,68,35
S00099768,96,80,16
S00099769,112,84,28
S00099770,119,98,21
S00099771,74,46,28
S00099772,54,29,25
S00099773,85,41,44
S00099774,55,32,23
S00099775,103,65,38
S00099776,65,40,25
S00099777,89,62,27
S00099778,130,76,54
S00099779,162,150,12
S00099780,69,47,22
S00099781,150,140,10
S00099782,1083,414,669
S00099783,60,45,15
S00099784,47,32,15
S00099785,119,90,29
S00099786,162,73,89
S00099787,98,69,29
S00099788,121,81,40
S00099789,111,84,27
S00099790,131,101,30
S00099791,82,64,18
S00099792,72,56,16
S00099793,66,51,15
S00099794,90,49,41
S00099795,56,33,23
S00099796,95,47,48
S00099797,67,49,18
S00099798,73,51,22
S00099799,152,101,51
S00099800,85,57,28
S00099801,131,96,35
S00099802,89,58,31
S00099803,150,120,30
S00099804,110,87,23
S00099805,92,80,12
S00099806,114,88,26
S00099807,77,47,30
S00099808,48,32,16
S00099809,110,85,25
S00099810,65,38,27
S00099811,103,73,30
S00099812,59,47,12
S00099813,107,64,43
S00099814,67,48,19
S00099815,120,82,38
S00099816,69,52,17
S00099817,66,40,26
S00099818,74,57,17
S00099819,77,59,18
S00099820,82,53,29
S00099821,140,123,17
S00099822,47,31,16
S00099823,116,84,32
S00099824,117,63,54
S00099825,44,31,13
S00099826,114,98,16
S00099827,115,101,14
S00099828,101,75,26
S00099829,72,63,9
S00099830,149,120,29
S00099831,106,84,22
S00099832,128,112,16
S00099833,71,64,7
S00099834,81,58,23
S00099835,93,76,17
S00099836,99,81,18
S00099837,147,130,17
S00099838,100,89,11
S00099839,94,82,12
S00099840,74,58,16
S00099841,161,133,28
S00099842,92,67,25
S00099843,103,85,18
S00099844,110,80,30
S00099845,147,112,35
S00099846,63,49,14
S00099847,101,75,26
S00099848,78,50,28
S00099849,57,46,11
S00099850,71,50,21
S00099851,61,54,7
S00099852,81,58,23
S00099853,132,96,36
S00099854,57,47,10
S00099855,86,67,19
S00099856,51,40,11
S00099857,49,38,11
S00099858,93,61,32
S00099859,100,77,23
S00099860,94,71,23
S00099861,77,45,32
S00099862,68,57,11
S00099863,92,70,22
S00099864,37,21,16
S00099865,127,72,55
S00099866,102,42,60
S00099867,52,30,22
S00099868,105,68,37
S00099869,63,43,20
S00099870,75,49,26
S00099871,91,36,55
S00099872,71,37,34
S00099873,64,30,34
S00099874,108,66,42
S00099875,126,88,38
S00099876,126,86,40
S00099877,92,57,35
S00099878,89,63,26
S00099879,101,44,57
S00099880,94,48,46
S00099881,80,50,30
S00099882,94,68,26
S00099883,98,56,42
S00099884,106,64,42
S00099885,70,48,22
S00099886,58,33,25
S00099887,101,60,41
S00099888,90,48,42
S00099889,84,56,28
S00099890,94,59,35
S00099891,110,68,42
S00099892,75,43,32
S00099893,54,35,19
S00099894,63,42,21
S00099895,46,22,24
S00099896,73,51,22
S00099897,94,61,33
S00099898,95,55,40
S00099899,58,38,20
S00099900,78,41,37
S00099901,94,56,38
S00099902,68,43,25
S00099903,75,50,25
S00099904,51,30,21
S00099905,73,39,34
S00099906,66,43,23
S00099907,90,51,39
S00099908,51,27,24
S00099909,39,23,16
S00099910,69,39,30
S00099911,59,33,26
S00099912,68,36,32
S00099913,49,21,28
S00099914,81,44,37
S00099915,103,74,29
S00099916,75,39,36
S00099917,80,34,46
S00099918,99,58,41
S00099919,71,51,20
S00099920,72,53,19
S00099921,67,53,14
S00099922,79,55,24
S00099923,107,73,34
S00099924,54,30,24
S00099925,153,122,31
S00099926,89,54,35
S00099927,98,64,34
S00099928,72,43,29
S00099929,117,84,33
S00099930,149,119,30
S00099931,85,55,30
S00099932,113,72,41
S00099933,72,46,26
S00099934,115,69,46
S00099935,125,77,48
S00099936,52,32,20
S00099937,50,32,18
S00099938,103,65,38
S00099939,82,50,32
S00099940,88,54,34
S00099941,110,74,36
S00099942,83,47,36
S00099943,90,67,23
S00099944,84,50,34
S00099945,77,54,23
S00099946,112,67,45
S00099947,74,51,23
S00099948,76,49,27
S00099949,62,35,27
S00099950,117,80,37
S00099951,80,52,28
S00099952,106,68,38
S00099953,130,77,53
S00099954,95,60,35
S00099955,71,53,18
S00099956,40,21,19
S00099957,65,31,34
S00099958,103,77,26
S00099959,95,52,43
S00099960,65,44,21
S00099961,96,69,27
S00099962,113,72,41
S00099963,95,60,35
S00099964,98,64,34
S00099965,65,36,29
S00099966,85,61,24
S00099967,81,61,20
S00099968,103,72,31
S00099969,86,65,21
S00099970,127,77,50
S00099971,107,54,53
S00099972,115,61,54
S00099973,78,59,19
S00099974,63,38,25
S00099975,90,55,35
S00099976,80,58,22
S00099977,76,40,36
S00099978,68,38,30
S00099979,72,48,24
S00099980,98,69,29
S00099981,66,32,34
S00099982,53,29,24
S00099983,48,20,28
S00099984,59,31,28
S00099985,61,36,25
S00099986,77,51,26
S00099987,61,44,17
S00099988,50,34,16
S00099989,91,68,23
S00099990,79,54,25
S00099991,94,48,46
S00099992,62,39,23
S00099993,150,118,32
S00099994,56,34,22
S00099995,119,94,25
S00099996,76,42,34
S00099997,126,82,44
S00099998,118,81,37
S00099999,76,53,23
S00100000,74,49,25
S00100001,94,61,33
S00100002,77,42,35
S00100003,89,54,35
S00100004,129,79,50
S00100005,68,38,30
S00100006,64,36,28
S00100007,122,87,35
S00100008,85,45,40
S00100009,109,66,43
S00100010,93,58,35
S00100011,69,39,30
S00100012,76,49,27
S00100013,68,38,30
S00100014,63,43,20
S00100015,45,30,15
S00100016,75,51,24
S00100017,53,33,20
S00100018,110,76,34
S00100019,83,54,29
S00100020,98,69,29
S00100021,107,83,24
S00100022,85,58,27
S00100023,115,95,20
S00100024,87,71,16
S00100025,90,64,26
S00100026,96,65,31
S00100027,86,56,30
S00100028,92,60,32
S00100029,77,51,26
S00100030,88,60,28
S00100031,67,35,32
S00100032,99,58,41
S00100033,100,61,39
S00100034,83,48,35
S00100035,79,39,40
S00100036,69,45,24
S00100037,116,88,28
S00100038,48,29,19
S00100039,85,46,39
S00100040,86,46,40
S00100041,113,68,45
S00100042,52,31,21
S00100043,74,37,37
S00100044,84,52,32
S00100045,69,51,18
S00100046,71,53,18
S00100047,62,30,32
S00100048,61,32,29
S00100049,89,53,36
S00100050,45,17,28
S00100051,112,63,49
S00100052,62,33,29
S00100053,53,35,18
S00100054,76,50,26
S00100055,85,63,22
S00100056,59,40,19
S00100057,46,32,14
S00100058,88,62,26
S00100059,119,78,41
S00100060,69,46,23
S00100061,86,69,17
S00100062,85,57,28
S00100063,81,55,26
S00100064,81,48,33
S00100065,124,79,45
S00100066,73,41,32
S00100067,67,44,23
S00100068,67,33,34
S00100069,117,77,40
S00100070,76,51,25
S00100071,81,47,34
S00100072,101,58,43
S00100073,107,63,44
S00100074,112,78,34
S00100075,65,41,24
S00100076,60,48,12
S00100077,95,72,23
S00100078,104,72,32
S00100079,68,50,18
S00100080,64,37,27
S00100081,94,53,41
S00100082,102,58,44
S00100083,103,74,29
S00100084,126,99,27
S00100085,110,70,40
S00100086,106,67,39
S00100087,102,70,32
S00100088,95,66,29
S00100089,82,48,34
S00100090,73,36,37
S00100091,66,44,22
S00100092,130,83,47
S00100093,62,43,19
S00100094,100,57,43
S00100095,90,46,44
S00100096,92,62,30
S00100097,74,33,41
S00100098,86,53,33
S00100099,107,45,62
S00100100,72,42,30
S00100101,69,31,38
S00100102,67,32,35
S00100103,51,25,26
S00100104,85,54,31
S00100105,81,48,33
S00100106,96,50,46
S00100107,147,106,41
S00100108,106,71,35
S00100109,143,116,27
S00100110,84,53,31
S00100111,70,43,27
S00100112,97,57,40
S00100113,81,53,28
S00100114,75,53,22
S00100115,65,34,31
S00100116,68,40,28
S00100117,95,74,21
S00100118,77,53,24
S00100119,82,42,40
S00100120,99,75,24
S00100121,91,66,25
S00100122,79,66,13
S00100123,60,51,9
S00100124,92,75,17
S00100125,87,66,21
S00100126,53,32,21
S00100127,46,38,8
S00100128,76,51,25
S00100129,96,69,27
S00100130,68,40,28
S00100131,71,48,23
S00100132,56,36,20
S00100133,44,28,16
S00100134,63,39,24
S00100135,59,45,14
S00100136,49,36,13
S00100137,85,53,32
S00100138,130,88,42
S00100139,87,55,32
S00100140,99,71,28
S00100141,68,50,18
S00100142,75,56,19
S00100143,52,34,18
S00100144,74,45,29
S00100145,73,54,19
S00100146,59,28,31
S00100147,88,63,25
S00100148,54,45,9
S00100149,74,49,25
S00100150,91,49,42
S00100151,122,96,26
S00100152,61,46,15
S00100153,85,56,29
S00100154,54,33,21
S00100155,92,69,23
S00100156,84,74,10
S00100157,55,34,21
S00100158,70,54,16
S00100159,80,59,21
S00100160,77,64,13
S00100161,53,37,16
S00100162,98,73,25
S00100163,113,77,36
S00100164,92,58,34
S00100165,96,60,36
S00100166,62,48,14
S00100167,61,14,47
S00100168,81,51,30
S00100169,80,52,28
S00100170,71,57,14
S00100171,44,25,19
S00100172,39,26,13
S00100173,56,30,26
S00100174,63,35,28
S00100175,37,21,16
S00100176,53,29,24
S00100177,87,76,11
S00100178,78,69,9
S00100179,60,47,13
S00100180,68,58,10
S00100181,61,53,8
S00100182,113,83,30
S00100183,78,55,23
S00100184,75,54,21
S00100185,70,54,16
S00100186,79,50,29
S00100187,70,51,19
S00100188,89,61,28
S00100189,113,76,37
S00100190,53,37,16
S00100191,65,35,30
S00100192,85,48,37
S00100193,100,66,34
S00100194,68,50,18
S00100195,116,83,33
S00100196,109,73,36
S00100197,66,46,20
S00100198,82,53,29
S00100199,74,58,16
S00100200,98,77,21
S00100201,67,57,10
S00100202,74,50,24
S00100203,68,49,19
S00100204,90,67,23
S00100205,82,60,22
S00100206,85,52,33
S00100207,56,39,17
S00100208,79,52,27
S00100209,125,90,35
S00100210,108,72,36
S00100211,108,74,34
S00100212,86,74,12
S00100213,76,61,15
S00100214,75,58,17
S00100215,80,57,23
S00100216,90,61,29
S00100217,67,51,16
S00100218,79,59,20
S00100219,43,33,10
S00100220,78,64,14
S00100221,119,84,35
S00100222,66,33,33
S00100223,113,84,29
S00100224,111,61,50
S00100225,103,79,24
S00100226,90,51,39
S00100227,81,49,32
S00100228,64,43,21
S00100229,120,77,43
S00100230,58,32,26
S00100231,73,42,31
S00100232,54,34,20
S00100233,69,34,35
S00100234,85,47,38
S00100235,83,51,32
S00100236,72,37,35
S00100237,82,58,24
S00100238,95,65,30
S00100239,88,53,35
S00100240,77,43,34
S00100241,107,62,45
S00100242,102,77,25
S00100243,72,46,26
S00100244,65,33,32
S00100245,73,39,34
S00100246,87,63,24
S00100247,69,34,35
S00100248,79,54,25
S00100249,97,58,39
S00100250,89,48,41
S00100251,83,54,29
S00100252,99,66,33
S00100253,81,54,27
S00100254,69,44,25
S00100255,85,52,33
S00100256,49,37,12
S00100257,86,44,42
S00100258,48,32,16
S00100259,98,51,47
S00100260,48,26,22
S00100261,54,41,13
S00100262,122,87,35
S00100263,93,61,32
S00100264,93,77,16
S00100265,60,49,11
S00100266,121,97,24
S00100267,40,29,11
S00100268,83,49,34
S00100269,95,46,49
S00100270,64,43,21
S00100271,77,51,26
S00100272,67,32,35
S00100273,58,48,10
S00100274,84,65,19
S00100275,64,39,25
S00100276,83,52,31
S00100277,41,22,19
S00100278,73,49,24
S00100279,55,36,19
S00100280,50,38,12
S00100281,74,42,32
S00100282,70,44,26
S00100283,98,58,40
S00100284,108,75,33
S00100285,46,26,20
S00100286,66,48,18
S00100287,44,21,23
S00100288,87,51,36
S00100289,73,52,21
S00100290,57,38,19
S00100291,61,48,13
S00100292,62,42,20
S00100293,58,19,39
S00100294,53,31,22
S00100295,120,58,62
S00100296,118,84,34
S00100297,120,61,59
S00100298,104,68,36
S00100299,57,32,25
S00100300,120,80,40
S00100301,101,62,39
S00100302,57,35,22
S00100303,84,49,35
S00100304,120,85,35
S00100305,77,63,14
S00100306,115,85,30
S00100307,101,62,39
S00100308,106,62,44
S00100309,77,65,12
S00100310,78,47,31
S00100311,101,65,36
S00100312,93,70,23
S00100313,121,85,36
S00100314,102,57,45
S00100315,131,94,37
S00100316,87,58,29
S00100317,44,30,14
S00100318,83,58,25
S00100319,75,43,32
S00100320,70,43,27
S00100321,98,73,25
S00100322,118,68,50
S00100323,80,50,30
S00100324,138,81,57
S00100325,90,52,38
S00100326,86,41,45
S00100327,63,37,26
S00100328,42,26,16
S00100329,86,62,24
S00100330,55,40,15
S00100331,97,67,30
S00100332,95,50,45
S00100333,74,50,24
S00100334,118,78,40
S00100335,65,50,15
S00100336,104,81,23
S00100337,41,21,20
S00100338,59,47,12
S00100339,58,36,22
S00100340,80,62,18
S00100341,71,51,20
S00100342,115,83,32
S00100343,77,52,25
S00100344,95,76,19
S00100345,94,65,29
S00100346,87,71,16
S00100347,113,85,28
S00100348,78,57,21
S00100349,88,64,24
S00100350,37,23,14
S00100351,85,52,33
S00100352,86,55,31
S00100353,83,58,25
S00100354,61,46,15
S00100355,71,49,22
S00100356,71,46,25
S00100357,66,47,19
S00100358,115,85,30
S00100359,80,55,25
S00100360,110,69,41
S00100361,61,39,22
S00100362,39,24,15
S00100363,43,26,17
S00100364,59,37,22
S00100365,63,47,16
S00100366,81,54,27
S00100367,65,40,25
S00100368,61,32,29
S00100369,92,64,28
S00100370,83,52,31
S00100371,73,45,28
S00100372,47,21,26
S00100373,73,31,42
S00100374,105,69,36
S00100375,106,69,37
S00100376,68,42,26
S00100377,101,66,35
S00100378,73,51,22
S00100379,68,38,30
S00100380,72,44,28
S00100381,100,68,32
S00100382,88,47,41
S00100383,107,86,21
S00100384,88,63,25
S00100385,117,68,49
S00100386,79,45,34
S00100387,80,47,33
S00100388,81,45,36
S00100389,73,40,33
S00100390,78,39,39
S00100391,104,68,36
S00100392,70,32,38
S00100393,73,49,24
S00100394,101,59,42
S00100395,42,25,17
S00100396,90,64,26
S00100397,50,35,15
S00100398,117,87,30
S00100399,76,59,17
S00100400,104,82,22
S00100401,123,71,52
S00100402,95,65,30
S00100403,86,58,28
S00100404,82,52,30
S00100405,94,67,27
S00100406,86,55,31
S00100407,59,43,16
S00100408,59,30,29
S00100409,140,101,39
S00100410,106,80,26
S00100411,75,58,17
S00100412,82,54,28
S00100413,66,39,27
S00100414,103,80,23
S00100415,72,51,21
S00100416,78,54,24
S00100417,97,72,25
S00100418,133,89,44
S00100419,88,53,35
S00100420,44,19,25
S00100421,107,79,28
S00100422,115,89,26
S00100423,69,58,11
S00100424,40,10,30
S00100425,89,65,24
S00100426,65,39,26
S00100427,100,82,18
S00100428,102,74,28
S00100429,78,40,38
S00100430,37,20,17
S00100431,108,59,49
S00100432,84,56,28
S00100433,46,36,10
S00100434,53,32,21
S00100435,82,60,22
S00100436,62,38,24
S00100437,103,71,32
S00100438,69,49,20
S00100439,73,44,29
S00100440,72,48,24
S00100441,129,90,39
S00100442,98,62,36
S00100443,74,53,21
S00100444,97,68,29
S00100445,82,47,35
S00100446,69,43,26
S00100447,58,34,24
S00100448,94,69,25
S00100449,61,39,22
S00100450,120,86,34
S00100451,65,51,14
S00100452,44,24,20
S00100453,72,36,36
S00100454,58,29,29
S00100455,80,47,33
S00100456,114,85,29
S00100457,76,59,17
S00100458,91,65,26
S00100459,72,47,25
S00100460,94,67,27
S00100461,59,29,30
S00100462,111,77,34
S00100463,93,58,35
S00100464,52,35,17
S00100465,61,35,26
S00100466,83,64,19
S00100467,89,54,35
S00100468,53,30,23
S00100469,96,68,28
S00100470,92,61,31
S00100471,78,60,18
S00100472,46,31,15
S00100473,46,33,13
S00100474,87,55,32
S00100475,110,80,30
S00100476,72,49,23
S00100477,83,47,36
S00100478,110,66,44
S00100479,162,134,28
S00100480,74,54,20
S00100481,134,83,51
S00100482,79,37,42
S00100483,144,104,40
S00100484,108,76,32
S00100485,65,39,26
S00100486,82,49,33
S00100487,67,45,22
S00100488,83,50,33
S00100489,69,47,22
S00100490,57,33,24
S00100491,64,29,35
S00100492,76,42,34
S00100493,69,38,31
S00100494,54,37,17
S00100495,63,38,25
S00100496,63,39,24
S00100497,148,95,53
S00100498,69,46,23
S00100499,66,46,20
S00100500,80,53,27
S00100501,58,39,19
S00100502,100,66,34
S00100503,55,38,17
S00100504,48,27,21
S00100505,37,18,19
S00100506,114,62,52
S00100507,72,43,29
S00100508,82,57,25
S00100509,51,36,15
S00100510,65,47,18
S00100511,75,40,35
S00100512,69,54,15
S00100513,52,35,17
S00100514,76,47,29
S00100515,62,45,17
S00100516,96,65,31
S00100517,90,59,31
S00100518,144,109,35
S00100519,130,88,42
S00100520,59,36,23
S00100521,65,50,15
S00100522,112,77,35
S00100523,42,23,19
S00100524,88,56,32
S00100525,119,92,27
S00100526,113,87,26
S00100527,83,60,23
S00100528,92,51,41
S00100529,98,66,32
S00100530,52,38,14
S00100531,59,41,18
S00100532,83,66,17
S00100533,58,34,24
S00100534,91,56,35
S00100535,107,65,42
S00100536,74,47,27
S00100537,94,61,33
S00100538,145,110,35
S00100539,89,68,21
S00100540,50,39,11
S00100541,78,56,22
S00100542,96,69,27
S00100543,71,53,18
S00100544,58,37,21
S00100545,113,78,35
S00100546,139,109,30
S00100547,95,75,20
S00100548,43,33,10
S00100549,42,13,29
S00100550,128,94,34
S00100551,106,70,36
S00100552,127,89,38
S00100553,71,45,26
S00100554,40,29,11
S00100555,109,79,30
S00100556,51,33,18
S00100557,123,74,49
S00100558,83,45,38
S00100559,46,31,15
S00100560,51,26,25
S00100561,46,37,9
S00100562,120,74,46
S00100563,51,28,23
S00100564,106,75,31
S00100565,114,71,43
S00100566,84,59,25
S00100567,79,48,31
S00100568,61,35,26
S00100569,95,67,28
S00100570,93,61,32
S00100571,82,65,17
S00100572,65,45,20
S00100573,78,53,25
S00100574,65,36,29
S00100575,90,61,29
S00100576,96,52,44
S00100577,86,51,35
S00100578,121,103,18
S00100579,161,111,50
S00100580,90,62,28
S00100581,91,67,24
S00100582,129,90,39
S00100583,79,53,26
S00100584,109,53,56
S00100585,109,73,36
S00100586,78,54,24
S00100587,71,46,25
S00100588,82,58,24
S00100589,92,69,23
S00100590,74,44,30
S00100591,58,36,22
S00100592,75,53,22
S00100593,90,63,27
S00100594,94,53,41
S00100595,100,57,43
S00100596,63,40,23
S00100597,71,48,23
S00100598,83,59,24
S00100599,91,72,19
S00100600,97,73,24
S00100601,103,75,28
S00100602,53,32,21
S00100603,68,46,22
S00100604,60,47,13
S00100605,53,37,16
S00100606,77,49,28
S00100607,70,47,23
S00100608,54,33,21
S00100609,67,55,12
S00100610,117,101,16
S00100611,97,75,22
S00100612,64,48,16
S00100613,53,40,13
S00100614,54,37,17
S00100615,62,40,22
S00100616,79,43,36
S00100617,111,74,37
S00100618,74,43,31
S00100619,72,31,41
S00100620,132,95,37
S00100621,109,76,33
S00100622,97,62,35
S00100623,145,102,43
S00100624,127,91,36
S00100625,95,64,31
S00100626,51,21,30
S00100627,81,52,29
S00100628,78,53,25
S00100629,59,37,22
S00100630,70,49,21
S00100631,102,63,39
S00100632,57,41,16
S00100633,99,36,63
S00100634,94,67,27
S00100635,90,50,40
S00100636,136,105,31
S00100637,81,53,28
S00100638,123,84,39
S00100639,79,62,17
S00100640,88,48,40
S00100641,63,48,15
S00100642,52,31,21
S00100643,92,55,37
S00100644,69,50,19
S00100645,102,68,34
S00100646,95,70,25
S00100647,134,111,23
S00100648,96,74,22
S00100649,65,49,16
S00100650,86,78,8
S00100651,130,102,28
S00100652,93,66,27
S00100653,97,73,24
S00100654,85,70,15
S00100655,113,75,38
S00100656,148,110,38
S00100657,86,61,25
S00100658,84,60,24
S00100659,91,73,18
S00100660,73,59,14
S00100661,68,25,43
S00100662,44,32,12
S00100663,101,77,24
S00100664,115,57,58
S00100665,81,55,26
S00100666,95,66,29
S00100667,70,40,30
S00100668,73,38,35
S00100669,153,116,37
S00100670,37,25,12
S00100671,79,40,39
S00100672,54,35,19
S00100673,70,59,11
S00100674,67,47,20
S00100675,47,36,11
S00100676,47,28,19
S00100677,94,60,34
S00100678,82,45,37
S00100679,101,72,29
S00100680,113,67,46
S00100681,134,86,48
S00100682,99,52,47
S00100683,52,37,15
S00100684,76,62,14
S00100685,84,68,16
S00100686,60,42,18
S00100687,70,59,11
S00100688,122,87,35
S00100689,69,51,18
S00100690,60,35,25
S00100691,36,29,7
S00100692,47,40,7
S00100693,91,64,27
S00100694,70,65,5
S00100695,80,39,41
S00100696,49,30,19
S00100697,46,36,10
S00100698,42,29,13
S00100699,76,55,21
S00100700,79,58,21
S00100701,65,57,8
S00100702,97,63,34
S00100703,94,76,18
S00100704,61,47,14
S00100705,53,44,9
S00100706,73,32,41
S00100707,72,55,17
S00100708,45,39,6
S00100709,84,59,25
S00100710,118,85,33
S00100711,68,50,18
S00100712,41,31,10
S00100713,79,49,30
S00100714,53,39,14
S00100715,58,43,15
S00100716,52,33,19
S00100717,68,50,18
S00100718,72,49,23
S00100719,108,77,31
S00100720,59,46,13
S00100721,92,57,35
S00100722,143,94,49
S00100723,61,50,11
S00100724,39,12,27
S00100725,41,22,19
S00100726,53,30,23
S00100727,93,63,30
S00100728,64,52,12
S00100729,86,68,18
S00100730,67,46,21
S00100731,76,50,26
S00100732,84,49,35
S00100733,53,19,34
S00100734,38,20,18
S00100735,46,24,22
S00100736,81,48,33
S00100737,62,39,23
S00100738,79,57,22
S00100739,119,87,32
S00100740,83,58,25
S00100741,47,34,13
S00100742,50,31,19
S00100743,627,184,443
S00100744,102,50,52
S00100745,98,73,25
S00100746,100,74,26
S00100747,134,96,38
S00100748,98,73,25
S00100749,54,32,22
S00100750,105,65,40
S00100751,100,59,41
S00100752,46,30,16
S00100753,65,24,41
S00100754,88,47,41
S00100755,45,19,26
S00100756,30,15,15
S00100757,88,74,14
S00100758,75,39,36
S00100759,73,59,14
S00100760,58,35,23
S00100761,99,74,25
S00100762,70,43,27
S00100763,48,29,19
S00100764,23,11,12
S00100765,47,31,16
S00100766,78,61,17
S00100767,89,61,28
S00100768,52,31,21
S00100769,133,101,32
S00100770,46,27,19
S00100771,103,65,38
S00100772,104,67,37
S00100773,85,59,26
S00100774,43,25,18
S00100775,96,63,33
S00100776,120,76,44
S00100777,70,53,17
S00100778,90,57,33
S00100779,146,105,41
S00100780,127,102,25
S00100781,41,32,9
S00100782,112,78,34
S00100783,83,43,40
S00100784,59,40,19
S00100785,63,43,20
S00100786,75,47,28
S00100787,92,60,32
S00100788,40,25,15
S00100789,88,68,20
S00100790,57,46,11
S00100791,79,47,32
S00100792,77,68,9
S00100793,79,62,17
S00100794,77,53,24
S00100795,58,46,12
S00100796,20,4,16
S00100797,72,43,29
S00100798,92,81,11
S00100799,69,30,39
S00100800,122,89,33
S00100801,99,84,15
S00100802,93,61,32
S00100803,80,61,19
S00100804,60,29,31
S00100805,84,62,22
S00100806,77,56,21
S00100807,40,26,14
S00100808,82,52,30
S00100809,88,54,34
S00100810,172,121,51
S00100811,130,101,29
S00100812,70,43,27
S00100813,113,95,18
S00100814,102,79,23
S00100815,125,111,14
S00100816,77,65,12
S00100817,179,150,29
S00100818,150,121,29
S00100819,103,76,27
S00100820,97,86,11
S00100821,95,80,15
S00100822,70,64,6
S00100823,155,125,30
S00100824,95,79,16
S00100825,75,63,12
S00100826,59,52,7
S00100827,100,84,16
S00100828,77,48,29
S00100829,94,69,25
S00100830,92,58,34
S00100831,76,51,25
S00100832,55,46,9
S00100833,127,103,24
S00100834,90,68,22
S00100835,62,51,11
S00100836,130,89,41
S00100837,73,46,27
S00100838,100,65,35
S00100839,156,109,47
S00100840,93,63,30
S00100841,91,67,24
S00100842,107,73,34
S00100843,85,55,30
S00100844,109,74,35
S00100845,79,59,20
S00100846,37,22,15
S00100847,114,87,27
S00100848,56,39,17
S00100849,88,66,22
S00100850,143,125,18
S00100851,129,110,19
S00100852,129,92,37
S00100853,94,74,20
S00100854,68,45,23
S00100855,71,40,31
S00100856,72,43,29
S00100857,103,52,51
S00100858,86,59,27
S00100859,48,41,7
S00100860,37,14,23
S00100861,122,98,24
S00100862,76,52,24
S00100863,58,43,15
S00100864,62,45,17
S00100865,93,64,29
S00100866,172,142,30
S00100867,102,73,29
S00100868,101,92,9
S00100869,83,71,12
S00100870,162,147,15
S00100871,131,120,11
S00100872,140,111,29
S00100873,49,43,6
S00100874,66,52,14
S00100875,138,82,56
S00100876,97,75,22
S00100877,132,97,35
S00100878,65,45,20
S00100879,114,96,18
S00100880,114,87,27
S00100881,76,62,14
S00100882,60,38,22
S00100883,140,100,40
S00100884,67,43,24
S00100885,55,39,16
S00100886,63,41,22
S00100887,114,79,35
S00100888,87,62,25
S00100889,91,57,34
S00100890,75,49,26
S00100891,99,69,30
S00100892,92,54,38
S00100893,67,39,28
S00100894,65,33,32
S00100895,108,83,25
S00100896,88,60,28
S00100897,77,59,18
S00100898,97,75,22
S00100899,79,64,15
S00100900,89,67,22
S00100901,67,48,19
S00100902,85,61,24
S00100903,161,120,41
S00100904,110,73,37
S00100905,118,98,20
S00100906,136,96,40
S00100907,73,55,18
S00100908,45,34,11
S00100909,96,74,22
S00100910,78,57,21
S00100911,78,61,17
S00100912,96,71,25
S00100913,111,83,28
S00100914,77,55,22
S00100915,60,44,16
S00100916,84,61,23
S00100917,121,93,28
S00100918,69,53,16
S00100919,87,70,17
S00100920,125,90,35
S00100921,113,86,27
S00100922,108,75,33
S00100923,71,47,24
S00100924,101,79,22
S00100925,42,29,13
S00100926,107,72,35
S00100927,75,44,31
S00100928,85,60,25
S00100929,64,36,28
S00100930,101,70,31
S00100931,106,72,34
S00100932,81,58,23
S00100933,105,87,18
S00100934,62,31,31
S00100935,91,62,29
S00100936,85,59,26
S00100937,123,84,39
S00100938,136,84,52
S00100939,85,58,27
S00100940,68,44,24
S00100941,104,72,32
S00100942,110,68,42
S00100943,103,65,38
S00100944,76,45,31
S00100945,88,53,35
S00100946,125,90,35
S00100947,80,55,25
S00100948,87,55,32
S00100949,83,52,31
S00100950,69,45,24
S00100951,89,53,36
S00100952,63,37,26
S00100953,125,84,41
S00100954,89,62,27
S00100955,77,45,32
S00100956,88,45,43
S00100957,80,54,26
S00100958,100,68,32
S00100959,150,118,32
S00100960,106,64,42
S00100961,94,51,43
S00100962,36,29,7
S00100963,49,33,16
S00100964,98,69,29
S00100965,51,37,14
S00100966,42,29,13
S00100967,63,39,24
S00100968,71,39,32
S00100969,40,13,27
S00100970,40,20,20
S00100971,48,22,26
S00100972,104,58,46
S00100973,70,45,25
S00100974,118,80,38
S00100975,97,64,33
S00100976,77,52,25
S00100977,56,47,9
S00100978,88,59,29
S00100979,38,22,16
S00100980,71,50,21
S00100981,60,44,16
S00100982,53,29,24
S00100983,86,56,30
S00100984,132,91,41
S00100985,114,74,40
S00100986,96,61,35
S00100987,71,41,30
S00100988,63,40,23
S00100989,71,37,34
S00100990,80,59,21
S00100991,84,56,28
S00100992,95,71,24
S00100993,133,88,45
S00100994,112,72,40
S00100995,38,26,12
S00100996,49,35,14
S00100997,124,78,46
S00100998,47,33,14
S00100999,98,71,27
S00101000,71,58,13
S00101001,91,63,28
S00101002,104,64,40
S00101003,89,63,26
S00101004,82,55,27
S00101005,91,62,29
S00101006,121,95,26
S00101007,81,60,21
S00101008,82,55,27
S00101009,59,42,17
S00101010,108,59,49
S00101011,76,49,27
S00101012,88,67,21
S00101013,94,54,40
S00101014,68,43,25
S00101015,72,55,17
S00101016,95,55,40
S00101017,90,73,17
S00101018,74,50,24
S00101019,68,56,12
S00101020,87,55,32
S00101021,55,37,18
S00101022,120,81,39
S00101023,116,86,30
S00101024,120,102,18
S00101025,99,55,44
S00101026,88,71,17
S00101027,115,69,46
S00101028,42,27,15
S00101029,62,39,23
S00101030,106,70,36
S00101031,85,53,32
S00101032,77,50,27
S00101033,150,91,59
S00101034,119,86,33
S00101035,103,74,29
S00101036,94,62,32
S00101037,137,104,33
S00101038,117,91,26
S00101039,109,74,35
S00101040,107,68,39
S00101041,50,37,13
S00101042,111,85,26
S00101043,87,56,31
S00101044,63,46,17
S00101045,83,63,20
S00101046,96,63,33
S00101047,71,50,21
S00101048,80,52,28
S00101049,80,56,24
S00101050,75,57,18
S00101051,75,55,20
S00101052,90,73,17
S00101053,75,58,17
S00101054,97,61,36
S00101055,85,53,32
S00101056,113,79,34
S00101057,126,83,43
S00101058,137,99,38
S00101059,96,60,36
S00101060,99,64,35
S00101061,141,90,51
S00101062,131,84,47
S00101063,130,86,44
S00101064,113,68,45
S00101065,50,24,26
S00101066,138,97,41
S00101067,62,39,23
S00101068,74,52,22
S00101069,42,33,9
S00101070,113,83,30
S00101071,69,48,21
S00101072,55,35,20
S00101073,58,39,19
S00101074,102,80,22
S00101075,90,63,27
S00101076,108,90,18
S00101077,114,83,31
S00101078,49,29,20
S00101079,92,61,31
S00101080,142,91,51
S00101081,54,40,14
S00101082,99,71,28
S00101083,72,48,24
S00101084,72,45,27
S00101085,105,80,25
S00101086,67,41,26
S00101087,93,60,33
S00101088,116,81,35
S00101089,69,44,25
S00101090,80,45,35
S00101091,84,53,31
S00101092,74,44,30
S00101093,61,39,22
S00101094,86,47,39
S00101095,62,45,17
S00101096,101,73,28
S00101097,88,76,12
S00101098,140,114,26
S00101099,170,138,32
S00101100,81,59,22
S00101101,130,107,23
S00101102,86,74,12
S00101103,126,94,32
S00101104,131,100,31
S00101105,137,95,42
S00101106,115,91,24
S00101107,151,120,31
S00101108,120,89,31
S00101109,86,63,23
S00101110,183,135,48
S00101111,101,64,37
S00101112,120,80,40
S00101113,84,62,22
S00101114,91,72,19
S00101115,101,71,30
S00101116,119,93,26
S00101117,66,42,24
S00101118,103,69,34
S00101119,84,58,26
S00101120,82,62,20
S00101121,114,76,38
S00101122,82,51,31
S00101123,76,47,29
S00101124,100,63,37
S00101125,79,52,27
S00101126,99,57,42
S00101127,97,69,28
S00101128,63,45,18
S00101129,98,60,38
S00101130,87,56,31
S00101131,76,46,30
S00101132,102,80,22
S00101133,80,54,26
S00101134,79,47,32
S00101135,116,98,18
S00101136,103,75,28
S00101137,118,88,30
S00101138,170,123,47
S00101139,94,68,26
S00101140,102,79,23
S00101141,160,121,39
S00101142,156,115,41
S00101143,104,80,24
S00101144,97,77,20
S00101145,114,75,39
S00101146,75,39,36
S00101147,133,103,30
S00101148,123,61,62
S00101149,157,106,51
S00101150,117,80,37
S00101151,133,103,30
S00101152,142,89,53
S00101153,114,83,31
S00101154,96,72,24
S00101155,82,66,16
S00101156,123,83,40
S00101157,112,80,32
S00101158,123,74,49
S00101159,126,93,33
S00101160,45,27,18
S00101161,80,41,39
S00101162,124,94,30
S00101163,102,66,36
S00101164,85,50,35
S00101165,92,61,31
S00101166,105,72,33
S00101167,87,62,25
S00101168,95,67,28
S00101169,74,51,23
S00101170,62,42,20
S00101171,58,34,24
S00101172,98,72,26
S00101173,82,43,39
S00101174,127,88,39
S00101175,106,67,39
S00101176,42,24,18
S00101177,92,61,31
S00101178,84,59,25
S00101179,84,57,27
S00101180,72,54,18
S00101181,63,37,26
S00101182,87,58,29
S00101183,90,68,22
S00101184,168,117,51
S00101185,121,80,41
S00101186,83,58,25
S00101187,94,72,22
S00101188,65,50,15
S00101189,83,56,27
S00101190,75,58,17
S00101191,64,37,27
S00101192,88,61,27
S00101193,52,33,19
S00101194,38,28,10
S00101195,74,46,28
S00101196,92,53,39
S00101197,92,58,34
S00101198,84,58,26
S00101199,109,87,22
S00101200,55,33,22
S00101201,77,53,24
S00101202,97,55,42
S00101203,100,67,33
S00101204,153,107,46
S00101205,93,53,40
S00101206,78,48,30
S00101207,78,40,38
S00101208,107,67,40
S00101209,94,73,21
S00101210,126,88,38
S00101211,117,61,56
S00101212,112,83,29
S00101213,90,62,28
S00101214,112,88,24
S00101215,100,74,26
S00101216,85,63,22
S00101217,81,60,21
S00101218,79,39,40
S00101219,122,74,48
S00101220,66,48,18
S00101221,109,73,36
S00101222,86,55,31
S00101223,71,52,19
S00101224,37,11,26
S00101225,82,54,28
S00101226,99,66,33
S00101227,88,51,37
S00101228,50,35,15
S00101229,29,12,17
S00101230,81,52,29
S00101231,133,77,56
S00101232,78,53,25
S00101233,68,44,24
S00101234,95,46,49
S00101235,62,42,20
S00101236,97,72,25
S00101237,65,40,25
S00101238,59,41,18
S00101239,55,23,32
S00101240,55,32,23
S00101241,108,74,34
S00101242,68,52,16
S00101243,92,71,21
S00101244,57,35,22
S00101245,74,38,36
S00101246,43,34,9
S00101247,76,45,31
S00101248,79,50,29
S00101249,45,31,14
S00101250,119,86,33
S00101251,111,73,38
S00101252,120,77,43
S00101253,86,68,18
S00101254,106,77,29
S00101255,97,72,25
S00101256,130,78,52
S00101257,112,79,33
S00101258,70,49,21
S00101259,82,62,20
S00101260,81,60,21
S00101261,83,68,15
S00101262,78,52,26
S00101263,86,68,18
S00101264,98,66,32
S00101265,89,72,17
S00101266,92,62,30
S00101267,86,66,20
S00101268,58,33,25
S00101269,88,58,30
S00101270,117,92,25
S00101271,63,42,21
S00101272,109,73,36
S00101273,82,57,25
S00101274,94,54,40
S00101275,87,58,29
S00101276,49,28,21
S00101277,123,95,28
S00101278,137,91,46
S00101279,135,88,47
S00101280,80,46,34
S00101281,112,68,44
S00101282,55,36,19
S00101283,21,17,4
S00101284,93,64,29
S00101285,78,61,17
S00101286,98,68,30
S00101287,103,69,34
S00101288,65,42,23
S00101289,66,45,21
S00101290,76,54,22
S00101291,111,73,38
S00101292,90,56,34
S00101293,73,49,24
S00101294,51,31,20
S00101295,68,49,19
S00101296,104,66,38
S00101297,66,34,32
S00101298,105,74,31
S00101299,89,66,23
S00101300,79,71,8
S00101301,88,65,23
S00101302,61,44,17
S00101303,60,38,22
S00101304,76,52,24
S00101305,112,71,41
S00101306,110,56,54
S00101307,92,55,37
S00101308,60,31,29
S00101309,69,48,21
S00101310,118,77,41
S00101311,60,36,24
S00101312,82,49,33
S00101313,120,81,39
S00101314,73,50,23
S00101315,89,63,26
S00101316,111,78,33
S00101317,68,44,24
S00101318,73,51,22
S00101319,120,86,34
S00101320,70,37,33
S00101321,65,41,24
S00101322,79,61,18
S00101323,79,59,20
S00101324,81,53,28
S00101325,43,33,10
S00101326,97,58,39
S00101327,77,41,36
S00101328,64,41,23
S00101329,75,49,26
S00101330,69,38,31
S00101331,80,51,29
S00101332,103,73,30
S00101333,66,52,14
S00101334,57,35,22
S00101335,83,44,39
S00101336,85,57,28
S00101337,81,61,20
S00101338,70,48,22
S00101339,36,21,15
S00101340,60,41,19
S00101341,88,61,27
S00101342,87,57,30
S00101343,62,37,25
S00101344,84,48,36
S00101345,98,72,26
S00101346,89,63,26
S00101347,108,63,45
S00101348,73,53,20
S00101349,90,75,15
S00101350,120,87,33
S00101351,69,39,30
S00101352,63,40,23
S00101353,114,87,27
S00101354,132,104,28
S00101355,65,40,25
S00101356,62,45,17
S00101357,58,38,20
S00101358,68,47,21
S00101359,61,38,23
S00101360,70,52,18
S00101361,91,65,26
S00101362,63,41,22
S00101363,84,60,24
S00101364,60,42,18
S00101365,91,62,29
S00101366,49,30,19
S00101367,85,54,31
S00101368,84,43,41
S00101369,68,41,27
S00101370,124,83,41
S00101371,61,28,33
S00101372,59,35,24
S00101373,76,49,27
S00101374,73,43,30
S00101375,64,51,13
S00101376,41,28,13
S00101377,39,27,12
S00101378,88,53,35
S00101379,84,59,25
S00101380,59,41,18
S00101381,104,65,39
S00101382,80,51,29
S00101383,66,46,20
S00101384,68,42,26
S00101385,80,44,36
S00101386,65,38,27
S00101387,52,40,12
S00101388,75,48,27
S00101389,76,62,14
S00101390,121,99,22
S00101391,69,46,23
S00101392,112,80,32
S00101393,46,32,14
S00101394,93,63,30
S00101395,131,89,42
S00101396,103,76,27
S00101397,67,43,24
S00101398,104,75,29
S00101399,156,108,48
S00101400,111,72,39
S00101401,126,76,50
S00101402,134,89,45
S00101403,117,74,43
S00101404,130,92,38
S00101405,84,57,27
S00101406,48,28,20
S00101407,76,57,19
S00101408,84,61,23
S00101409,90,60,30
S00101410,110,63,47
S00101411,118,89,29
S00101412,168,125,43
S00101413,151,114,37
S00101414,94,66,28
S00101415,143,105,38
S00101416,161,122,39
S00101417,118,91,27
S00101418,107,75,32
S00101419,103,63,40
S00101420,108,79,29
S00101421,77,55,22
S00101422,87,67,20
S00101423,70,46,24
S00101424,69,37,32
S00101425,59,46,13
S00101426,75,45,30
S00101427,124,76,48
S00101428,131,88,43
S00101429,139,84,55
S00101430,81,63,18
S00101431,142,104,38
S00101432,90,63,27
S00101433,102,71,31
S00101434,89,64,25
S00101435,103,74,29
S00101436,117,84,33
S00101437,84,57,27
S00101438,114,83,31
S00101439,40,32,8
S00101440,71,50,21
S00101441,86,52,34
S00101442,77,49,28
S00101443,87,56,31
S00101444,76,47,29
S00101445,62,42,20
S00101446,96,78,18
S00101447,79,56,23
S00101448,59,41,18
S00101449,94,63,31
S00101450,50,34,16
S00101451,112,83,29
S00101452,122,78,44
S00101453,84,67,17
S00101454,136,97,39
S00101455,136,89,47
S00101456,134,100,34
S00101457,75,50,25
S00101458,104,67,37
S00101459,85,45,40
S00101460,137,91,46
S00101461,128,93,35
S00101462,104,72,32
S00101463,142,102,40
S00101464,42,26,16
S00101465,135,86,49
S00101466,130,81,49
S00101467,122,82,40
S00101468,75,54,21
S00101469,31,16,15
S00101470,127,91,36
S00101471,58,36,22
S00101472,126,104,22
S00101473,125,96,29
S00101474,114,73,41
S00101475,94,63,31
S00101476,129,88,41
S00101477,89,69,20
S00101478,141,103,38
S00101479,93,77,16
S00101480,116,87,29
S00101481,90,69,21
S00101482,127,90,37
S00101483,127,90,37
S00101484,60,49,11
S00101485,128,96,32
S00101486,141,111,30
S00101487,120,80,40
S00101488,96,76,20
S00101489,108,73,35
S00101490,74,51,23
S00101491,131,78,53
S00101492,98,64,34
S00101493,63,37,26
S00101494,85,60,25
S00101495,71,54,17
S00101496,108,92,16
S00101497,90,72,18
S00101498,93,74,19
S00101499,94,71,23
S00101500,80,51,29
S00101501,80,57,23
S00101502,95,54,41
S00101503,56,33,23
S00101504,47,33,14
S00101505,66,49,17
S00101506,166,144,22
S00101507,142,85,57
S00101508,67,56,11
S00101509,92,63,29
S00101510,70,32,38
S00101511,200,145,55
S00101512,109,88,21
S00101513,115,78,37
S00101514,113,75,38
S00101515,55,27,28
S00101516,108,65,43
S00101517,111,85,26
S00101518,86,54,32
S00101519,81,54,27
S00101520,47,21,26
S00101521,105,65,40
S00101522,94,56,38
S00101523,71,44,27
S00101524,72,60,12
S00101525,87,68,19
S00101526,89,69,20
S00101527,129,88,41
S00101528,49,28,21
S00101529,105,79,26
S00101530,108,67,41
S00101531,69,45,24
S00101532,125,89,36
S00101533,150,122,28
S00101534,125,96,29
S00101535,75,54,21
S00101536,78,48,30
S00101537,95,68,27
S00101538,50,30,20
S00101539,86,58,28
S00101540,96,65,31
S00101541,89,57,32
S00101542,124,90,34
S00101543,41,9,32
S00101544,40,23,17
S00101545,148,91,57
S00101546,125,77,48
S00101547,112,85,27
S00101548,64,50,14
S00101549,121,92,29
S00101550,102,82,20
S00101551,174,147,27
S00101552,115,92,23
S00101553,80,54,26
S00101554,48,34,14
S00101555,90,64,26
S00101556,62,42,20
S00101557,85,46,39
S00101558,76,45,31
S00101559,109,68,41
S00101560,41,27,14
S00101561,51,41,10
S00101562,78,65,13
S00101563,49,39,10
S00101564,49,24,25
S00101565,89,57,32
S00101566,147,117,30
S00101567,93,71,22
S00101568,71,47,24
S00101569,49,17,32
S00101570,77,50,27
S00101571,70,51,19
S00101572,55,44,11
S00101573,21,2,19
S00101574,42,29,13
S00101575,65,44,21
S00101576,49,32,17
S00101577,105,76,29
S00101578,89,64,25
S00101579,94,61,33
S00101580,148,105,43
S00101581,47,35,12
S00101582,67,43,24
S00101583,80,56,24
S00101584,100,72,28
S00101585,64,46,18
S00101586,81,79,2
S00101587,94,69,25
S00101588,61,42,19
S00101589,81,51,30
S00101590,45,32,13
S00101591,94,64,30
S00101592,122,93,29
S00101593,59,39,20
S00101594,140,110,30
S00101595,73,59,14
S00101596,55,39,16
S00101597,88,53,35
S00101598,43,31,12
S00101599,57,39,18
S00101600,59,39,20
S00101601,77,46,31
S00101602,53,36,17
S00101603,81,60,21
S00101604,104,67,37
S00101605,75,50,25
S00101606,99,75,24
S00101607,102,67,35
S00101608,69,45,24
S00101609,74,41,33
S00101610,77,47,30
S00101611,65,50,15
S00101612,88,64,24
S00101613,57,32,25
S00101614,49,38,11
S00101615,69,54,15
S00101616,60,35,25
S00101617,81,65,16
S00101618,73,50,23
S00101619,56,34,22
S00101620,39,22,17
S00101621,40,23,17
S00101622,48,30,18
S00101623,37,23,14
S00101624,92,55,37
S00101625,60,41,19
S00101626,89,77,12
S00101627,136,78,58
S00101628,64,41,23
S00101629,110,65,45
S00101630,55,43,12
S00101631,58,43,15
S00101632,112,90,22
S00101633,164,119,45
S00101634,115,78,37
S00101635,55,41,14
S00101636,94,69,25
S00101637,103,60,43
S00101638,72,54,18
S00101639,73,50,23
S00101640,76,52,24
S00101641,125,88,37
S00101642,76,41,35
S00101643,52,37,15
S00101644,44,28,16
S00101645,85,58,27
S00101646,104,78,26
S00101647,68,56,12
S00101648,40,32,8
S00101649,100,70,30
S00101650,99,66,33
S00101651,94,68,26
S00101652,46,35,11
S00101653,105,78,27
S00101654,181,147,34
S00101655,120,92,28
S00101656,58,50,8
S00101657,122,82,40
S00101658,60,48,12
S00101659,147,109,38
S00101660,178,130,48
S00101661,122,83,39
S00101662,80,61,19
S00101663,112,77,35
S00101664,56,47,9
S00101665,44,36,8
S00101666,48,33,15
S00101667,63,46,17
S00101668,112,95,17
S00101669,42,22,20
S00101670,59,46,13
S00101671,61,36,25
S00101672,105,82,23
S00101673,175,146,29
S00101674,102,77,25
S00101675,80,64,16
S00101676,61,54,7
S00101677,130,85,45
S00101678,84,53,31
S00101679,63,39,24
S00101680,26,13,13
S00101681,75,59,16
S00101682,90,58,32
S00101683,192,141,51
S00101684,162,126,36
S00101685,48,35,13
S00101686,196,157,39
S00101687,64,53,11
S00101688,111,90,21
S00101689,131,107,24
S00101690,157,124,33
S00101691,50,36,14
S00101692,33,15,18
S00101693,57,42,15
S00101694,88,64,24
S00101695,62,41,21
S00101696,60,49,11
S00101697,64,40,24
S00101698,100,78,22
S00101699,59,42,17
S00101700,111,58,53
S00101701,37,21,16
S00101702,82,61,21
S00101703,58,43,15
S00101704,55,32,23
S00101705,83,43,40
S00101706,37,15,22
S00101707,74,55,19
S00101708,128,85,43
S00101709,62,44,18
S00101710,107,74,33
S00101711,45,30,15
S00101712,83,62,21
S00101713,64,49,15
S00101714,53,32,21
S00101715,82,51,31
S00101716,106,78,28
S00101717,101,75,26
S00101718,76,63,13
S00101719,87,69,18
S00101720,53,37,16
S00101721,64,35,29
S00101722,117,81,36
S00101723,76,67,9
S00101724,89,60,29
S00101725,76,49,27
S00101726,98,74,24
S00101727,88,64,24
S00101728,49,41,8
S00101729,120,106,14
S00101730,69,51,18
S00101731,115,93,22
S00101732,35,24,11
S00101733,122,105,17
S00101734,48,42,6
S00101735,86,66,20
S00101736,108,92,16
S00101737,77,59,18
S00101738,91,57,34
S00101739,47,32,15
S00101740,133,115,18
S00101741,151,132,19
S00101742,97,73,24
S00101743,164,138,26
S00101744,59,47,12
S00101745,45,43,2
S00101746,126,102,24
S00101747,42,23,19
S00101748,45,34,11
S00101749,111,86,25
S00101750,85,77,8
S00101751,147,117,30
S00101752,100,74,26
S00101753,134,123,11
S00101754,90,78,12
S00101755,91,80,11
S00101756,172,154,18
S00101757,120,100,20
S00101758,124,101,23
S00101759,201,176,25
S00101760,50,41,9
S00101761,121,89,32
S00101762,44,27,17
S00101763,56,43,13
S00101764,70,57,13
S00101765,97,66,31
S00101766,96,70,26
S00101767,103,80,23
S00101768,109,80,29
S00101769,59,49,10
S00101770,94,65,29
S00101771,103,69,34
S00101772,74,58,16
S00101773,104,70,34
S00101774,126,93,33
S00101775,156,114,42
S00101776,65,43,22
S00101777,77,51,26
S00101778,96,53,43
S00101779,131,100,31
S00101780,52,36,16
S00101781,82,64,18
S00101782,61,50,11
S00101783,78,59,19
S00101784,77,55,22
S00101785,83,58,25
S00101786,95,74,21
S00101787,83,68,15
S00101788,74,51,23
S00101789,55,40,15
S00101790,73,55,18
S00101791,94,67,27
S00101792,58,52,6
S00101793,130,96,34
S00101794,100,67,33
S00101795,46,34,12
S00101796,118,93,25
S00101797,55,18,37
S00101798,104,86,18
S00101799,89,61,28
S00101800,146,110,36
S00101801,116,74,42
S00101802,97,79,18
S00101803,57,48,9
S00101804,89,72,17
S00101805,44,29,15
S00101806,79,59,20
S00101807,60,42,18
S00101808,132,99,33
S00101809,107,82,25
S00101810,46,36,10
S00101811,82,60,22
S00101812,84,61,23
S00101813,86,62,24
S00101814,67,47,20
S00101815,55,48,7
S00101816,63,51,12
S00101817,164,134,30
S00101818,85,68,17
S00101819,47,33,14
S00101820,86,57,29
S00101821,149,103,46
S00101822,57,48,9
S00101823,69,52,17
S00101824,79,46,33
S00101825,92,69,23
S00101826,88,69,19
S00101827,93,56,37
S00101828,104,67,37
S00101829,79,47,32
S00101830,90,65,25
S00101831,78,63,15
S00101832,107,72,35
S00101833,99,75,24
S00101834,74,51,23
S00101835,62,44,18
S00101836,53,37,16
S00101837,82,57,25
S00101838,90,63,27
S00101839,97,77,20
S00101840,59,44,15
S00101841,77,42,35
S00101842,142,105,37
S00101843,99,84,15
S00101844,108,87,21
S00101845,99,74,25
S00101846,102,88,14
S00101847,87,70,17
S00101848,135,112,23
S00101849,59,42,17
S00101850,69,48,21
S00101851,154,117,37
S00101852,89,60,29
S00101853,65,48,17
S00101854,77,63,14
S00101855,52,30,22
S00101856,65,47,18
S00101857,97,64,33
S00101858,105,80,25
S00101859,105,63,42
S00101860,127,82,45
S00101861,72,48,24
S00101862,44,19,25
S00101863,65,36,29
S00101864,65,43,22
S00101865,57,48,9
S00101866,104,75,29
S00101867,61,37,24
S00101868,73,47,26
S00101869,94,65,29
S00101870,118,87,31
S00101871,78,64,14
S00101872,69,61,8
S00101873,88,62,26
S00101874,53,46,7
S00101875,57,44,13
S00101876,52,38,14
S00101877,138,117,21
S00101878,68,41,27
S00101879,88,75,13
S00101880,68,45,23
S00101881,95,67,28
S00101882,83,64,19
S00101883,83,74,9
S00101884,70,58,12
S00101885,67,46,21
S00101886,62,46,16
S00101887,54,36,18
S00101888,88,63,25
S00101889,64,54,10
S00101890,77,53,24
S00101891,34,24,10
S00101892,55,33,22
S00101893,118,89,29
S00101894,108,76,32
S00101895,68,57,11
S00101896,71,58,13
S00101897,100,69,31
S00101898,31,12,19
S00101899,85,58,27
S00101900,51,43,8
S00101901,77,52,25
S00101902,78,49,29
S00101903,110,81,29
S00101904,75,58,17
S00101905,67,59,8
S00101906,81,52,29
S00101907,70,52,18
S00101908,95,67,28
S00101909,107,74,33
S00101910,62,38,24
S00101911,72,57,15
S00101912,78,60,18
S00101913,64,45,19
S00101914,57,46,11
S00101915,113,80,33
S00101916,110,69,41
S00101917,107,66,41
S00101918,137,106,31
S00101919,75,51,24
S00101920,88,51,37
S00101921,85,49,36
S00101922,71,53,18
S00101923,56,38,18
S00101924,123,83,40
S00101925,157,117,40
S00101926,102,72,30
S00101927,111,90,21
S00101928,70,46,24
S00101929,70,55,15
S00101930,97,65,32
S00101931,116,80,36
S00101932,114,93,21
S00101933,61,54,7
S00101934,89,57,32
S00101935,78,54,24
S00101936,71,49,22
S00101937,86,66,20
S00101938,64,46,18
S00101939,122,98,24
S00101940,55,45,10
S00101941,83,56,27
S00101942,92,67,25
S00101943,86,64,22
S00101944,124,92,32
S00101945,80,60,20
S00101946,68,50,18
S00101947,83,65,18
S00101948,99,76,23
S00101949,67,49,18
S00101950,76,53,23
S00101951,122,85,37
S00101952,124,85,39
S00101953,108,81,27
S00101954,77,51,26
S00101955,70,56,14
S00101956,97,78,19
S00101957,85,57,28
S00101958,70,52,18
S00101959,145,119,26
S00101960,108,82,26
S00101961,72,46,26
S00101962,56,30,26
S00101963,100,80,20
S00101964,92,57,35
S00101965,87,63,24
S00101966,68,52,16
S00101967,89,64,25
S00101968,87,56,31
S00101969,71,56,15
S00101970,114,95,19
S00101971,82,57,25
S00101972,116,82,34
S00101973,63,37,26
S00101974,71,47,24
S00101975,106,79,27
S00101976,176,140,36
S00101977,109,76,33
S00101978,75,45,30
S00101979,88,70,18
S00101980,104,74,30
S00101981,118,82,36
S00101982,77,48,29
S00101983,136,92,44
S00101984,100,71,29
S00101985,96,67,29
S00101986,100,74,26
S00101987,123,93,30
S00101988,95,61,34
S00101989,72,55,17
S00101990,116,58,58
S00101991,65,35,30
S00101992,61,42,19
S00101993,107,67,40
S00101994,92,69,23
S00101995,120,74,46
S00101996,63,46,17
S00101997,113,66,47
S00101998,105,75,30
S00101999,84,59,25
S00102000,109,76,33
S00102001,83,51,32
S00102002,71,47,24
S00102003,71,37,34
S00102004,100,73,27
S00102005,57,31,26
S00102006,107,81,26
S00102007,123,97,26
S00102008,102,90,12
S00102009,113,84,29
S00102010,114,84,30
S00102011,98,83,15
S00102012,118,92,26
S00102013,94,76,18
S00102014,40,29,11
S00102015,109,79,30
S00102016,105,67,38
S00102017,127,86,41
S00102018,99,66,33
S00102019,115,91,24
S00102020,99,72,27
S00102021,62,39,23
S00102022,56,33,23
S00102023,90,66,24
S00102024,95,74,21
S00102025,87,66,21
S00102026,168,147,21
S00102027,95,74,21
S00102028,64,49,15
S00102029,78,54,24
S00102030,79,50,29
S00102031,72,39,33
S00102032,81,52,29
S00102033,126,77,49
S00102034,94,52,42
S00102035,67,43,24
S00102036,89,60,29
S00102037,58,32,26
S00102038,70,45,25
S00102039,100,75,25
S00102040,64,39,25
S00102041,64,46,18
S00102042,83,53,30
S00102043,53,37,16
S00102044,93,74,19
S00102045,64,47,17
S00102046,96,73,23
S00102047,115,75,40
S00102048,84,48,36
S00102049,59,42,17
S00102050,54,32,22
S00102051,82,54,28
S00102052,88,59,29
S00102053,101,66,35
S00102054,142,122,20
S00102055,107,73,34
S00102056,85,64,21
S00102057,102,87,15
S00102058,80,54,26
S00102059,98,56,42
S00102060,105,76,29
S00102061,107,93,14
S00102062,85,65,20
S00102063,89,72,17
S00102064,83,36,47
S00102065,85,81,4
S00102066,89,65,24
S00102067,85,55,30
S00102068,79,57,22
S00102069,104,72,32
S00102070,69,51,18
S00102071,124,89,35
S00102072,70,50,20
S00102073,49,28,21
S00102074,68,56,12
S00102075,82,55,27
S00102076,94,50,44
S00102077,49,34,15
S00102078,87,57,30
S00102079,53,20,33
S00102080,76,60,16
S00102081,139,79,60
S00102082,77,54,23
S00102083,115,83,32
S00102084,104,71,33
S00102085,126,89,37
S00102086,97,56,41
S00102087,81,50,31
S00102088,89,59,30
S00102089,76,45,31
S00102090,106,75,31
S00102091,77,52,25
S00102092,85,62,23
S00102093,78,58,20
S00102094,85,50,35
S00102095,91,56,35
S00102096,97,69,28
S00102097,68,40,28
S00102098,61,42,19
S00102099,100,65,35
S00102100,58,29,29
S00102101,45,10,35
S00102102,45,28,17
S00102103,77,61,16
S00102104,68,45,23
S00102105,78,59,19
S00102106,55,16,39
S00102107,81,54,27
S00102108,96,75,21
S00102109,77,47,30
S00102110,78,54,24
S00102111,69,49,20
S00102112,111,86,25
S00102113,65,45,20
S00102114,82,57,25
S00102115,107,80,27
S00102116,76,45,31
S00102117,73,47,26
S00102118,102,80,22
S00102119,84,60,24
S00102120,71,51,20
S00102121,89,79,10
S00102122,88,76,12
S00102123,84,56,28
S00102124,154,127,27
S00102125,95,84,11
S00102126,52,45,7
S00102127,71,49,22
S00102128,74,42,32
S00102129,71,40,31
S00102130,59,32,27
S00102131,88,57,31
S00102132,84,60,24
S00102133,96,65,31
S00102134,91,60,31
S00102135,75,52,23
S00102136,56,36,20
S00102137,75,52,23
S00102138,92,67,25
S00102139,65,52,13
S00102140,104,67,37
S00102141,78,53,25
S00102142,83,56,27
S00102143,53,31,22
S00102144,106,81,25
S00102145,76,52,24
S00102146,79,46,33
S00102147,64,38,26
S00102148,79,57,22
S00102149,83,59,24
S00102150,78,59,19
S00102151,19,2,17
S00102152,40,30,10
S00102153,53,37,16
S00102154,74,56,18
S00102155,93,66,27
S00102156,69,48,21
S00102157,105,76,29
S00102158,80,54,26
S00102159,133,100,33
S00102160,103,74,29
S00102161,78,62,16
S00102162,92,70,22
S00102163,58,35,23
S00102164,63,37,26
S00102165,115,83,32
S00102166,158,116,42
S00102167,138,102,36
S00102168,62,45,17
S00102169,141,107,34
S00102170,72,50,22
S00102171,106,72,34
S00102172,90,70,20
S00102173,93,75,18
S00102174,94,82,12
S00102175,61,35,26
S00102176,56,44,12
S00102177,101,68,33
S00102178,63,40,23
S00102179,38,29,9
S00102180,84,49,35
S00102181,96,65,31
S00102182,78,52,26
S00102183,115,69,46
S00102184,120,84,36
S00102185,117,95,22
S00102186,97,72,25
S00102187,106,67,39
S00102188,83,46,37
S00102189,108,87,21
S00102190,73,50,23
S00102191,71,51,20
S00102192,125,95,30
S00102193,117,82,35
S00102194,100,78,22
S00102195,126,84,42
S00102196,61,38,23
S00102197,80,65,15
S00102198,47,33,14
S00102199,55,36,19
S00102200,54,34,20
S00102201,25,12,13
S00102202,89,70,19
S00102203,125,94,31
S00102204,53,43,10
S00102205,102,77,25
S00102206,75,49,26
S00102207,105,63,42
S00102208,91,68,23
S00102209,78,60,18
S00102210,105,76,29
S00102211,73,45,28
S00102212,98,65,33
S00102213,113,76,37
S00102214,74,48,26
S00102215,70,55,15
S00102216,70,53,17
S00102217,82,67,15
S00102218,85,65,20
S00102219,145,113,32
S00102220,99,74,25
S00102221,57,32,25
S00102222,68,44,24
S00102223,126,94,32
S00102224,87,63,24
S00102225,72,49,23
S00102226,95,54,41
S00102227,100,70,30
S00102228,91,48,43
S00102229,126,77,49
S00102230,115,77,38
S00102231,78,49,29
S00102232,65,48,17
S00102233,66,36,30
S00102234,85,52,33
S00102235,55,31,24
S00102236,65,37,28
S00102237,116,87,29
S00102238,127,80,47
S00102239,50,28,22
S00102240,91,53,38
S00102241,119,80,39
S00102242,88,54,34
S00102243,49,34,15
S00102244,59,44,15
S00102245,80,62,18
S00102246,89,64,25
S00102247,73,38,35
S00102248,48,27,21
S00102249,68,52,16
S00102250,87,59,28
S00102251,75,44,31
S00102252,81,56,25
S00102253,80,43,37
S00102254,88,59,29
S00102255,100,75,25
S00102256,115,81,34
S00102257,42,30,12
S00102258,79,55,24
S00102259,86,53,33
S00102260,46,25,21
S00102261,82,55,27
S00102262,106,79,27
S00102263,139,99,40
S00102264,88,67,21
S00102265,50,34,16
S00102266,107,67,40
S00102267,71,48,23
S00102268,75,54,21
S00102269,90,67,23
S00102270,104,66,38
S00102271,91,49,42
S00102272,75,47,28
S00102273,99,60,39
S00102274,54,37,17
S00102275,22,6,16
S00102276,78,39,39
S00102277,63,47,16
S00102278,79,55,24
S00102279,58,37,21
S00102280,71,40,31
S00102281,74,52,22
S00102282,54,36,18
S00102283,84,66,18
S00102284,84,66,18
S00102285,90,69,21
S00102286,64,46,18
S00102287,45,31,14
S00102288,121,92,29
S00102289,71,55,16
S00102290,105,68,37
S00102291,103,75,28
S00102292,60,44,16
S00102293,60,34,26
S00102294,73,53,20
S00102295,63,35,28
S00102296,88,62,26
S00102297,61,46,15
S00102298,78,54,24
S00102299,106,64,42
S00102300,54,38,16
S00102301,74,42,32
S00102302,65,47,18
S00102303,99,66,33
S00102304,89,54,35
S00102305,44,33,11
S00102306,52,25,27
S00102307,74,40,34
S00102308,50,29,21
S00102309,78,57,21
S00102310,118,74,44
S00102311,96,65,31
S00102312,89,65,24
S00102313,61,28,33
S00102314,61,29,32
S00102315,40,23,17
S00102316,73,47,26
S00102317,96,63,33
S00102318,49,30,19
S00102319,108,76,32
S00102320,93,58,35
S00102321,66,40,26
S00102322,57,32,25
S00102323,34,19,15
S00102324,56,21,35
S00102325,60,37,23
S00102326,70,53,17
S00102327,102,75,27
S00102328,58,35,23
S00102329,111,80,31
S00102330,97,56,41
S00102331,73,47,26
S00102332,69,35,34
S00102333,86,54,32
S00102334,59,29,30
S00102335,121,81,40
S00102336,139,101,38
S00102337,85,58,27
S00102338,87,57,30
S00102339,77,46,31
S00102340,43,25,18
S00102341,101,70,31
S00102342,48,23,25
S00102343,34,21,13
S00102344,77,58,19
S00102345,55,43,12
S00102346,42,21,21
S00102347,89,58,31
S00102348,112,95,17
S00102349,58,30,28
S00102350,74,48,26
S00102351,115,85,30
S00102352,51,30,21
S00102353,95,55,40
S00102354,63,37,26
S00102355,74,47,27
S00102356,58,36,22
S00102357,79,52,27
S00102358,62,42,20
S00102359,80,60,20
S00102360,80,55,25
S00102361,112,70,42
S00102362,87,61,26
S00102363,64,42,22
S00102364,89,47,42
S00102365,76,52,24
S00102366,118,94,24
S00102367,124,93,31
S00102368,107,77,30
S00102369,78,65,13
S00102370,142,112,30
S00102371,115,101,14
S00102372,160,133,27
S00102373,133,107,26
S00102374,80,52,28
S00102375,78,55,23
S00102376,33,22,11
S00102377,99,63,36
S00102378,51,30,21
S00102379,192,64,128
S00102380,67,54,13
S00102381,65,52,13
S00102382,77,59,18
S00102383,41,25,16
S00102384,48,33,15
S00102385,42,30,12
S00102386,56,47,9
S00102387,69,50,19
S00102388,129,100,29
S00102389,100,74,26
S00102390,79,48,31
S00102391,73,58,15
S00102392,65,42,23
S00102393,91,71,20
S00102394,73,48,25
S00102395,91,54,37
S00102396,140,121,19
S00102397,140,94,46
S00102398,54,35,19
S00102399,53,50,3
S00102400,111,103,8
S00102401,114,95,19
S00102402,75,65,10
S00102403,92,87,5
S00102404,78,73,5
S00102405,51,38,13
S00102406,143,130,13
S00102407,107,79,28
S00102408,108,95,13
S00102409,158,140,18
S00102410,104,65,39
S00102411,84,50,34
S00102412,72,39,33
S00102413,88,68,20
S00102414,45,34,11
S00102415,62,44,18
S00102416,71,54,17
S00102417,61,50,11
S00102418,84,66,18
S00102419,105,54,51
S00102420,56,32,24
S00102421,68,53,15
S00102422,79,62,17
S00102423,104,86,18
S00102424,46,33,13
S00102425,89,65,24
S00102426,72,53,19
S00102427,73,53,20
S00102428,80,40,40
S00102429,81,48,33
S00102430,44,29,15
S00102431,63,41,22
S00102432,83,50,33
S00102433,123,86,37
S00102434,893,447,446
S00102435,66,49,17
S00102436,43,27,16
S00102437,65,46,19
S00102438,47,38,9
S00102439,77,51,26
S00102440,74,53,21
S00102441,115,72,43
S00102442,70,50,20
S00102443,90,66,24
S00102444,60,43,17
S00102445,94,55,39
S00102446,68,54,14
S00102447,92,64,28
S00102448,107,71,36
S00102449,49,26,23
S00102450,62,46,16
S00102451,98,69,29
S00102452,55,47,8
S00102453,162,134,28
S00102454,133,111,22
S00102455,97,70,27
S00102456,130,95,35
S00102457,101,83,18
S00102458,123,76,47
S00102459,91,74,17
S00102460,102,86,16
S00102461,79,55,24
S00102462,72,47,25
S00102463,62,43,19
S00102464,59,30,29
S00102465,57,33,24
S00102466,65,57,8
S00102467,94,74,20
S00102468,78,55,23
S00102469,70,49,21
S00102470,73,43,30
S00102471,107,73,34
S00102472,57,40,17
S00102473,76,53,23
S00102474,53,37,16
S00102475,63,38,25
S00102476,72,53,19
S00102477,103,82,21
S00102478,97,78,19
S00102479,93,76,17
S00102480,98,75,23
S00102481,93,75,18
S00102482,81,73,8
S00102483,95,67,28
S00102484,43,32,11
S00102485,88,63,25
S00102486,57,26,31
S00102487,32,23,9
S00102488,102,76,26
S00102489,93,67,26
S00102490,139,108,31
S00102491,52,33,19
S00102492,91,74,17
S00102493,43,31,12
S00102494,57,38,19
S00102495,123,84,39
S00102496,44,23,21
S00102497,104,94,10
S00102498,154,122,32
S00102499,38,22,16
S00102500,103,93,10
S00102501,98,63,35
S00102502,70,37,33
S00102503,78,67,11
S00102504,73,58,15
S00102505,179,146,33
S00102506,94,85,9
S00102507,83,58,25
S00102508,69,33,36
S00102509,57,45,12
S00102510,82,69,13
S00102511,38,10,28
S00102512,67,44,23
S00102513,51,31,20
S00102514,110,90,20
S00102515,127,96,31
S00102516,122,98,24
S00102517,108,78,30
S00102518,117,93,24
S00102519,82,48,34
S00102520,80,53,27
S00102521,51,20,31
S00102522,67,59,8
S00102523,54,47,7
S00102524,105,86,19
S00102525,70,55,15
S00102526,144,109,35
S00102527,95,64,31
S00102528,84,66,18
S00102529,84,44,40
S00102530,72,38,34
S00102531,75,61,14
S00102532,85,72,13
S00102533,110,89,21
S00102534,69,46,23
S00102535,67,42,25
S00102536,61,50,11
S00102537,65,47,18
S00102538,43,27,16
S00102539,97,67,30
S00102540,46,30,16
S00102541,67,45,22
S00102542,63,51,12
S00102543,104,74,30
S00102544,81,61,20
S00102545,88,58,30
S00102546,122,90,32
S00102547,148,125,23
S00102548,181,151,30
S00102549,95,67,28
S00102550,140,114,26
S00102551,116,92,24
S00102552,44,30,14
S00102553,111,65,46
S00102554,92,60,32
S00102555,106,90,16
S00102556,103,60,43
S00102557,97,62,35
S00102558,56,36,20
S00102559,80,59,21
S00102560,49,34,15
S00102561,129,91,38
S00102562,173,123,50
S00102563,100,73,27
S00102564,102,87,15
S00102565,78,61,17
S00102566,82,69,13
S00102567,112,88,24
S00102568,133,107,26
S00102569,106,90,16
S00102570,86,64,22
S00102571,94,74,20
S00102572,162,134,28
S00102573,118,105,13
S00102574,85,71,14
S00102575,87,68,19
S00102576,52,37,15
S00102577,85,69,16
S00102578,75,55,20
S00102579,133,101,32
S00102580,104,65,39
S00102581,95,53,42
S00102582,73,50,23
S00102583,93,71,22
S00102584,92,73,19
S00102585,118,77,41
S00102586,68,47,21
S00102587,44,22,22
S00102588,37,18,19
S00102589,62,39,23
S00102590,58,44,14
S00102591,40,31,9
S00102592,86,69,17
S00102593,80,62,18
S00102594,114,87,27
S00102595,122,87,35
S00102596,100,74,26
S00102597,117,90,27
S00102598,97,68,29
S00102599,121,75,46
S00102600,128,106,22
S00102601,83,51,32
S00102602,142,82,60
S00102603,54,30,24
S00102604,49,34,15
S00102605,69,43,26
S00102606,104,70,34
S00102607,76,55,21
S00102608,52,33,19
S00102609,82,68,14
S00102610,93,46,47
S00102611,58,32,26
S00102612,92,49,43
S00102613,48,36,12
S00102614,64,40,24
S00102615,81,44,37
S00102616,89,49,40
S00102617,107,54,53
S00102618,110,69,41
S00102619,101,60,41
S00102620,75,32,43
S00102621,110,88,22
S00102622,100,64,36
S00102623,71,42,29
S00102624,55,40,15
S00102625,124,76,48
S00102626,75,52,23
S00102627,56,33,23
S00102628,63,39,24
S00102629,104,67,37
S00102630,100,54,46
S00102631,61,27,34
S00102632,64,31,33
S00102633,65,29,36
S00102634,87,62,25
S00102635,85,61,24
S00102636,75,56,19
S00102637,70,49,21
S00102638,50,40,10
S00102639,121,98,23
S00102640,69,38,31
S00102641,68,52,16
S00102642,62,50,12
S00102643,80,43,37
S00102644,93,55,38
S00102645,74,40,34
S00102646,93,59,34
S00102647,97,49,48
S00102648,143,106,37
S00102649,67,46,21
S00102650,42,26,16
S00102651,52,29,23
S00102652,86,59,27
S00102653,44,25,19
S00102654,106,68,38
S00102655,98,73,25
S00102656,114,86,28
S00102657,133,85,48
S00102658,99,52,47
S00102659,82,51,31
S00102660,70,51,19
S00102661,94,61,33
S00102662,90,61,29
S00102663,74,44,30
S00102664,42,24,18
S00102665,147,91,56
S00102666,88,57,31
S00102667,59,41,18
S00102668,63,38,25
S00102669,62,40,22
S00102670,53,32,21
S00102671,37,26,11
S00102672,39,27,12
S00102673,67,48,19
S00102674,60,33,27
S00102675,83,59,24
S00102676,96,64,32
S00102677,67,48,19
S00102678,91,62,29
S00102679,100,70,30
S00102680,85,57,28
S00102681,89,69,20
S00102682,79,54,25
S00102683,73,53,20
S00102684,116,69,47
S00102685,117,72,45
S00102686,90,65,25
S00102687,66,41,25
S00102688,73,40,33
S00102689,75,56,19
S00102690,84,48,36
S00102691,83,67,16
S00102692,161,128,33
S00102693,82,62,20
S00102694,117,98,19
S00102695,79,72,7
S00102696,126,94,32
S00102697,56,40,16
S00102698,118,73,45
S00102699,119,82,37
S00102700,142,96,46
S00102701,108,70,38
S00102702,75,35,40
S00102703,122,92,30
S00102704,82,50,32
S00102705,113,80,33
S00102706,87,49,38
S00102707,47,31,16
S00102708,84,53,31
S00102709,57,28,29
S00102710,97,83,14
S00102711,93,60,33
S00102712,99,74,25
S00102713,94,56,38
S00102714,88,53,35
S00102715,69,53,16
S00102716,75,50,25
S00102717,64,45,19
S00102718,179,134,45
S00102719,100,69,31
S00102720,40,23,17
S00102721,82,40,42
S00102722,62,37,25
S00102723,82,58,24
S00102724,59,36,23
S00102725,61,36,25
S00102726,63,50,13
S00102727,60,31,29
S00102728,85,68,17
S00102729,63,38,25
S00102730,122,84,38
S00102731,88,73,15
S00102732,36,24,12
S00102733,46,28,18
S00102734,152,107,45
S00102735,44,14,30
S00102736,67,53,14
S00102737,41,24,17
S00102738,73,51,22
S00102739,108,77,31
S00102740,134,97,37
S00102741,74,50,24
S00102742,85,68,17
S00102743,45,32,13
S00102744,86,60,26
S00102745,43,21,22
S00102746,57,37,20
S00102747,119,77,42
S00102748,111,82,29
S00102749,69,44,25
S00102750,50,37,13
S00102751,162,128,34
S00102752,52,23,29
S00102753,53,30,23
S00102754,53,34,19
S00102755,36,20,16
S00102756,69,56,13
S00102757,55,37,18
S00102758,77,46,31
S00102759,44,29,15
S00102760,65,48,17
S00102761,54,29,25
S00102762,110,74,36
S00102763,55,36,19
S00102764,74,52,22
S00102765,136,102,34
S00102766,64,46,18
S00102767,125,81,44
S00102768,116,102,14
S00102769,51,42,9
S00102770,77,62,15
S00102771,90,64,26
S00102772,115,78,37
S00102773,81,57,24
S00102774,36,27,9
S00102775,224,177,47
S00102776,88,66,22
S00102777,73,48,25
S00102778,76,47,29
S00102779,77,45,32
S00102780,122,95,27
S00102781,54,40,14
S00102782,28,12,16
S00102783,90,71,19
S00102784,115,97,18
S00102785,91,54,37
S00102786,153,113,40
S00102787,108,83,25
S00102788,132,86,46
S00102789,95,67,28
S00102790,52,27,25
S00102791,53,38,15
S00102792,96,55,41
S00102793,91,73,18
S00102794,74,51,23
S00102795,49,25,24
S00102796,39,19,20
S00102797,38,24,14
S00102798,67,42,25
S00102799,97,81,16
S00102800,63,47,16
S00102801,64,38,26
S00102802,63,49,14
S00102803,97,69,28
S00102804,90,66,24
S00102805,82,64,18
S00102806,75,57,18
S00102807,86,54,32
S00102808,151,103,48
S00102809,116,90,26
S00102810,106,82,24
S00102811,66,47,19
S00102812,52,38,14
S00102813,112,96,16
S00102814,78,58,20
S00102815,126,97,29
S00102816,113,77,36
S00102817,81,63,18
S00102818,115,91,24
S00102819,119,86,33
S00102820,87,64,23
S00102821,71,35,36
S00102822,42,19,23
S00102823,24,12,12
S00102824,39,14,25
S00102825,35,26,9
S00102826,114,84,30
S00102827,64,40,24
S00102828,80,55,25
S00102829,90,65,25
S00102830,88,57,31
S00102831,85,66,19
S00102832,101,74,27
S00102833,78,51,27
S00102834,116,76,40
S00102835,24,3,21
S00102836,61,40,21
S00102837,116,80,36
S00102838,121,93,28
S00102839,81,54,27
S00102840,114,84,30
S00102841,87,61,26
S00102842,160,130,30
S00102843,71,55,16
S00102844,47,14,33
S00102845,64,43,21
S00102846,55,38,17
S00102847,50,31,19
S00102848,103,75,28
S00102849,121,90,31
S00102850,122,78,44
S00102851,144,105,39
S00102852,141,102,39
S00102853,104,64,40
S00102854,110,81,29
S00102855,81,49,32
S00102856,96,71,25
S00102857,161,114,47
S00102858,166,118,48
S00102859,134,95,39
S00102860,108,80,28
S00102861,74,59,15
S00102862,79,42,37
S00102863,125,102,23
S00102864,69,51,18
S00102865,47,38,9
S00102866,63,49,14
S00102867,98,74,24
S00102868,108,88,20
S00102869,88,65,23
S00102870,115,83,32
S00102871,69,51,18
S00102872,99,76,23
S00102873,82,59,23
S00102874,87,66,21
S00102875,86,69,17
S00102876,159,121,38
S00102877,106,70,36
S00102878,49,30,19
S00102879,111,86,25
S00102880,87,65,22
S00102881,86,59,27
S00102882,110,85,25
S00102883,111,81,30
S00102884,88,67,21
S00102885,161,122,39
S00102886,142,107,35
S00102887,100,75,25
S00102888,92,73,19
S00102889,93,59,34
S00102890,96,84,12
S00102891,112,80,32
S00102892,79,60,19
S00102893,68,50,18
S00102894,101,61,40
S00102895,69,38,31
S00102896,97,74,23
S00102897,106,62,44
S00102898,73,42,31
S00102899,104,75,29
S00102900,46,37,9
S00102901,125,99,26
S00102902,97,67,30
S00102903,108,80,28
S00102904,79,59,20
S00102905,104,77,27
S00102906,77,68,9
S00102907,67,54,13
S00102908,57,41,16
S00102909,99,81,18
S00102910,64,43,21
S00102911,121,84,37
S00102912,63,40,23
S00102913,96,61,35
S00102914,66,47,19
S00102915,74,49,25
S00102916,76,52,24
S00102917,91,60,31
S00102918,61,39,22
S00102919,70,55,15
S00102920,87,64,23
S00102921,81,54,27
S00102922,87,62,25
S00102923,75,52,23
S00102924,101,80,21
S00102925,88,55,33
S00102926,83,65,18
S00102927,127,102,25
S00102928,97,57,40
S00102929,80,53,27
S00102930,97,76,21
S00102931,90,61,29
S00102932,93,72,21
S00102933,93,67,26
S00102934,101,73,28
S00102935,99,75,24
S00102936,94,68,26
S00102937,97,68,29
S00102938,69,53,16
S00102939,71,59,12
S00102940,118,97,21
S00102941,84,64,20
S00102942,93,73,20
S00102943,111,94,17
S00102944,77,62,15
S00102945,100,77,23
S00102946,87,61,26
S00102947,118,83,35
S00102948,136,100,36
S00102949,98,84,14
S00102950,157,106,51
S00102951,111,74,37
S00102952,92,55,37
S00102953,78,57,21
S00102954,114,74,40
S00102955,147,105,42
S00102956,48,33,15
S00102957,113,85,28
S00102958,127,85,42
S00102959,134,102,32
S00102960,105,61,44
S00102961,85,72,13
S00102962,90,53,37
S00102963,138,104,34
S00102964,26,16,10
S00102965,149,114,35
S00102966,58,28,30
S00102967,86,57,29
S00102968,119,76,43
S00102969,125,90,35
S00102970,114,81,33
S00102971,79,60,19
S00102972,75,55,20
S00102973,100,64,36
S00102974,95,61,34
S00102975,94,68,26
S00102976,85,60,25
S00102977,91,70,21
S00102978,138,95,43
S00102979,128,98,30
S00102980,94,66,28
S00102981,106,71,35
S00102982,156,122,34
S00102983,37,18,19
S00102984,38,16,22
S00102985,75,50,25
S00102986,112,83,29
S00102987,113,78,35
S00102988,99,59,40
S00102989,93,66,27
S00102990,59,42,17
S00102991,63,41,22
S00102992,38,24,14
S00102993,57,46,11
S00102994,93,63,30
S00102995,98,67,31
S00102996,71,55,16
S00102997,91,54,37
S00102998,103,71,32
S00102999,94,75,19
S00103000,109,70,39
S00103001,95,63,32
S00103002,110,80,30
S00103003,108,76,32
S00103004,122,86,36
S00103005,63,28,35
S00103006,151,118,33
S00103007,104,71,33
S00103008,150,103,47
S00103009,92,62,30
S00103010,38,13,25
S00103011,31,9,22
S00103012,102,72,30
S00103013,79,41,38
S00103014,81,60,21
S00103015,84,49,35
S00103016,85,59,26
S00103017,87,63,24
S00103018,85,72,13
S00103019,63,51,12
S00103020,75,58,17
S00103021,62,45,17
S00103022,51,40,11
S00103023,100,63,37
S00103024,50,35,15
S00103025,64,49,15
S00103026,67,51,16
S00103027,60,43,17
S00103028,113,85,28
S00103029,52,42,10
S00103030,72,53,19
S00103031,108,84,24
S00103032,130,100,30
S00103033,69,45,24
S00103034,93,70,23
S00103035,145,116,29
S00103036,85,51,34
S00103037,77,52,25
S00103038,67,43,24
S00103039,84,60,24
S00103040,128,81,47
S00103041,121,79,42
S00103042,99,74,25
S00103043,117,79,38
S00103044,98,73,25
S00103045,126,85,41
S00103046,97,67,30
S00103047,62,39,23
S00103048,96,68,28
S00103049,88,58,30
S00103050,61,37,24
S00103051,81,58,23
S00103052,81,42,39
S00103053,63,37,26
S00103054,43,23,20
S00103055,94,65,29
S00103056,101,48,53
S00103057,136,95,41
S00103058,112,77,35
S00103059,143,97,46
S00103060,88,65,23
S00103061,77,52,25
S00103062,78,47,31
S00103063,43,19,24
S00103064,86,61,25
S00103065,82,62,20
S00103066,83,61,22
S00103067,95,64,31
S00103068,88,62,26
S00103069,89,62,27
S00103070,145,100,45
S00103071,116,77,39
S00103072,149,100,49
S00103073,118,79,39
S00103074,85,61,24
S00103075,81,60,21
S00103076,89,67,22
S00103077,108,78,30
S00103078,102,71,31
S00103079,72,50,22
S00103080,88,67,21
S00103081,89,64,25
S00103082,100,69,31
S00103083,68,51,17
S00103084,73,44,29
S00103085,123,90,33
S00103086,109,66,43
S00103087,95,59,36
S00103088,114,68,46
S00103089,89,60,29
S00103090,106,70,36
S00103091,85,57,28
S00103092,84,49,35
S00103093,97,52,45
S00103094,44,25,19
S00103095,85,57,28
S00103096,123,78,45
S00103097,105,64,41
S00103098,106,73,33
S00103099,109,81,28
S00103100,82,66,16
S00103101,50,39,11
S00103102,64,51,13
S00103103,62,42,20
S00103104,104,64,40
S00103105,99,66,33
S00103106,68,46,22
S00103107,130,86,44
S00103108,68,52,16
S00103109,13,4,9
S00103110,64,37,27
S00103111,72,50,22
S00103112,88,53,35
S00103113,83,57,26
S00103114,136,95,41
S00103115,101,59,42
S00103116,82,56,26
S00103117,81,40,41
S00103118,56,37,19
S00103119,135,105,30
S00103120,71,50,21
S00103121,65,39,26
S00103122,73,42,31
S00103123,107,72,35
S00103124,93,67,26
S00103125,76,43,33
S00103126,95,56,39
S00103127,98,68,30
S00103128,81,45,36
S00103129,76,47,29
S00103130,60,39,21
S00103131,102,84,18
S00103132,83,68,15
S00103133,126,89,37
S00103134,103,74,29
S00103135,104,73,31
S00103136,152,103,49
S00103137,48,31,17
S00103138,148,116,32
S00103139,101,71,30
S00103140,121,85,36
S00103141,75,44,31
S00103142,98,76,22
S00103143,101,69,32
S00103144,103,62,41
S00103145,114,71,43
S00103146,114,84,30
S00103147,79,53,26
S00103148,139,104,35
S00103149,147,112,35
S00103150,145,115,30
S00103151,131,115,16
S00103152,143,116,27
S00103153,102,85,17
S00103154,96,74,22
S00103155,102,85,17
S00103156,157,124,33
S00103157,197,153,44
S00103158,85,72,13
S00103159,149,118,31
S00103160,124,89,35
S00103161,110,88,22
S00103162,162,137,25
S00103163,80,63,17
S00103164,99,65,34
S00103165,98,76,22
S00103166,107,75,32
S00103167,72,58,14
S00103168,144,100,44
S00103169,137,106,31
S00103170,92,70,22
S00103171,74,58,16
S00103172,99,77,22
S00103173,158,96,62
S00103174,103,75,28
S00103175,29,4,25
S00103176,36,29,7
S00103177,89,68,21
S00103178,79,55,24
S00103179,97,68,29
S00103180,64,39,25
S00103181,99,62,37
S00103182,117,79,38
S00103183,93,45,48
S00103184,65,54,11
S00103185,68,45,23
S00103186,30,17,13
S00103187,56,36,20
S00103188,87,67,20
S00103189,69,50,19
S00103190,103,53,50
S00103191,37,27,10
S00103192,95,73,22
S00103193,37,29,8
S00103194,38,17,21
S00103195,77,57,20
S00103196,89,71,18
S00103197,95,68,27
S00103198,57,38,19
S00103199,56,25,31
S00103200,39,26,13
S00103201,63,40,23
S00103202,73,50,23
S00103203,112,71,41
S00103204,100,65,35
S00103205,62,47,15
S00103206,86,64,22
S00103207,93,61,32
S00103208,81,65,16
S00103209,112,85,27
S00103210,109,74,35
S00103211,69,53,16
S00103212,94,70,24
S00103213,50,39,11
S00103214,122,83,39
S00103215,60,38,22
S00103216,79,58,21
S00103217,46,33,13
S00103218,44,40,4
S00103219,133,100,33
S00103220,87,54,33
S00103221,58,40,18
S00103222,127,70,57
S00103223,109,64,45
S00103224,106,84,22
S00103225,80,56,24
S00103226,70,41,29
S00103227,79,55,24
S00103228,111,86,25
S00103229,134,94,40
S00103230,64,46,18
S00103231,55,43,12
S00103232,94,81,13
S00103233,20,2,18
S00103234,59,34,25
S00103235,95,74,21
S00103236,77,50,27
S00103237,53,33,20
S00103238,77,51,26
S00103239,16,5,11
S00103240,39,24,15
S00103241,127,97,30
S00103242,71,45,26
S00103243,49,18,31
S00103244,60,34,26
S00103245,108,82,26
S00103246,112,88,24
S00103247,102,81,21
S00103248,59,45,14
S00103249,105,78,27
S00103250,123,97,26
S00103251,144,106,38
S00103252,110,89,21
S00103253,133,84,49
S00103254,81,59,22
S00103255,102,65,37
S00103256,93,64,29
S00103257,61,46,15
S00103258,24,17,7
S00103259,106,78,28
S00103260,63,40,23
S00103261,254,220,34
S00103262,108,96,12
S00103263,122,101,21
S00103264,116,91,25
S00103265,96,81,15
S00103266,100,76,24
S00103267,99,82,17
S00103268,123,99,24
S00103269,124,108,16
S00103270,106,79,27
S00103271,111,97,14
S00103272,118,75,43
S00103273,82,52,30
S00103274,34,17,17
S00103275,22,6,16
S00103276,82,64,18
S00103277,50,41,9
S00103278,100,64,36
S00103279,101,74,27
S00103280,109,69,40
S00103281,99,65,34
S00103282,122,84,38
S00103283,120,95,25
S00103284,82,46,36
S00103285,31,14,17
S00103286,96,64,32
S00103287,61,22,39
S00103288,49,36,13
S00103289,176,137,39
S00103290,107,79,28
S00103291,110,80,30
S00103292,87,62,25
S00103293,51,40,11
S00103294,59,42,17
S00103295,51,39,12
S00103296,93,75,18
S00103297,98,67,31
S00103298,46,35,11
S00103299,80,49,31
S00103300,56,45,11
S00103301,74,53,21
S00103302,92,56,36
S00103303,41,31,10
S00103304,111,93,18
S00103305,59,47,12
S00103306,59,45,14
S00103307,68,46,22
S00103308,68,49,19
S00103309,134,91,43
S00103310,36,31,5
S00103311,146,108,38
S00103312,95,80,15
S00103313,127,98,29
S00103314,85,42,43
S00103315,234,116,118
S00103316,233,88,145
S00103317,59,41,18
S00103318,115,68,47
S00103319,79,60,19
S00103320,116,54,62
S00103321,59,18,41
S00103322,61,37,24
S00103323,105,61,44
S00103324,59,45,14
S00103325,117,74,43
S00103326,92,61,31
S00103327,104,72,32
S00103328,57,29,28
S00103329,91,53,38
S00103330,44,24,20
S00103331,73,46,27
S00103332,243,67,176
S00103333,73,39,34
S00103334,55,31,24
S00103335,98,69,29
S00103336,74,55,19
S00103337,54,33,21
S00103338,150,72,78
S00103339,61,41,20
S00103340,75,59,16
S00103341,94,72,22
S00103342,115,83,32
S00103343,83,63,20
S00103344,141,103,38
S00103345,56,48,8
S00103346,85,65,20
S00103347,137,66,71
S00103348,106,64,42
S00103349,86,61,25
S00103350,94,50,44
S00103351,76,49,27
S00103352,72,53,19
S00103353,146,118,28
S00103354,96,72,24
S00103355,91,81,10
S00103356,55,36,19
S00103357,78,64,14
S00103358,97,80,17
S00103359,72,61,11
S00103360,110,79,31
S00103361,84,69,15
S00103362,82,64,18
S00103363,77,63,14
S00103364,84,61,23
S00103365,81,59,22
S00103366,74,32,42
S00103367,48,21,27
S00103368,115,76,39
S00103369,106,78,28
S00103370,88,76,12
S00103371,65,49,16
S00103372,71,55,16
S00103373,114,95,19
S00103374,72,62,10
S00103375,109,92,17
S00103376,54,38,16
S00103377,80,67,13
S00103378,125,100,25
S00103379,76,65,11
S00103380,83,70,13
S00103381,92,68,24
S00103382,101,83,18
S00103383,82,69,13
S00103384,105,74,31
S00103385,76,65,11
S00103386,78,59,19
S00103387,63,52,11
S00103388,72,65,7
S00103389,100,91,9
S00103390,108,73,35
S00103391,57,43,14
S00103392,101,80,21
S00103393,76,55,21
S00103394,72,50,22
S00103395,45,28,17
S00103396,56,42,14
S00103397,65,44,21
S00103398,57,45,12
S00103399,62,46,16
S00103400,78,62,16
S00103401,43,27,16
S00103402,27,4,23
S00103403,69,59,10
S00103404,81,64,17
S00103405,110,97,13
S00103406,74,38,36
S00103407,63,52,11
S00103408,84,53,31
S00103409,82,59,23
S00103410,74,56,18
S00103411,65,47,18
S00103412,59,44,15
S00103413,81,63,18
S00103414,74,46,28
S00103415,102,69,33
S00103416,99,72,27
S00103417,59,37,22
S00103418,85,49,36
S00103419,75,52,23
S00103420,95,51,44
S00103421,76,40,36
S00103422,149,98,51
S00103423,103,62,41
S00103424,106,75,31
S00103425,66,50,16
S00103426,72,48,24
S00103427,76,43,33
S00103428,93,61,32
S00103429,89,69,20
S00103430,87,76,11
S00103431,69,60,9
S00103432,93,57,36
S00103433,82,51,31
S00103434,77,59,18
S00103435,54,31,23
S00103436,99,77,22
S00103437,86,62,24
S00103438,66,52,14
S00103439,71,56,15
S00103440,82,57,25
S00103441,86,56,30
S00103442,55,38,17
S00103443,113,74,39
S00103444,59,49,10
S00103445,119,93,26
S00103446,87,61,26
S00103447,65,43,22
S00103448,167,95,72
S00103449,85,66,19
S00103450,82,59,23
S00103451,111,85,26
S00103452,70,59,11
S00103453,123,106,17
S00103454,136,82,54
S00103455,64,52,12
S00103456,129,89,40
S00103457,76,63,13
S00103458,50,25,25
S00103459,98,78,20
S00103460,99,75,24
S00103461,62,45,17
S00103462,69,44,25
S00103463,68,57,11
S00103464,103,83,20
S00103465,55,40,15
S00103466,48,33,15
S00103467,57,43,14
S00103468,109,65,44
S00103469,69,49,20
S00103470,66,45,21
S00103471,106,62,44
S00103472,78,64,14
S00103473,61,45,16
S00103474,429,211,218
S00103475,68,48,20
S00103476,65,45,20
S00103477,50,37,13
S00103478,100,75,25
S00103479,80,69,11
S00103480,94,75,19
S00103481,95,72,23
S00103482,107,85,22
S00103483,56,48,8
S00103484,86,73,13
S00103485,110,85,25
S00103486,154,112,42
S00103487,120,94,26
S00103488,64,48,16
S00103489,143,94,49
S00103490,98,58,40
S00103491,73,56,17
S00103492,51,40,11
S00103493,62,48,14
S00103494,167,106,61
S00103495,64,43,21
S00103496,72,41,31
S00103497,90,66,24
S00103498,105,73,32
S00103499,132,91,41
S00103500,123,81,42
S00103501,103,72,31
S00103502,104,81,23
S00103503,98,71,27
S00103504,145,75,70
S00103505,125,73,52
S00103506,105,69,36
S00103507,88,44,44
S00103508,69,31,38
S00103509,84,30,54
S00103510,129,54,75
S00103511,71,42,29
S00103512,154,93,61
S00103513,119,95,24
S00103514,50,37,13
S00103515,126,102,24
S00103516,87,65,22
S00103517,67,47,20
S00103518,81,47,34
S00103519,162,95,67
S00103520,66,52,14
S00103521,64,48,16
S00103522,62,52,10
S00103523,100,69,31
S00103524,317,56,261
S00103525,89,66,23
S00103526,108,93,15
S00103527,108,80,28
S00103528,55,47,8
S00103529,53,43,10
S00103530,87,71,16
S00103531,59,45,14
S00103532,56,50,6
S00103533,64,52,12
S00103534,98,75,23
S00103535,78,66,12
S00103536,75,63,12
S00103537,78,59,19
S00103538,81,68,13
S00103539,74,58,16
S00103540,59,46,13
S00103541,81,50,31
S00103542,95,73,22
S00103543,65,46,19
S00103544,98,77,21
S00103545,65,40,25
S00103546,76,59,17
S00103547,76,63,13
S00103548,99,88,11
S00103549,82,70,12
S00103550,100,86,14
S00103551,100,91,9
S00103552,93,82,11
S00103553,57,53,4
S00103554,55,48,7
S00103555,83,65,18
S00103556,82,72,10
S00103557,109,95,14
S00103558,104,92,12
S00103559,73,65,8
S00103560,80,71,9
S00103561,58,55,3
S00103562,61,51,10
S00103563,70,64,6
S00103564,61,48,13
S00103565,72,44,28
S00103566,58,47,11
S00103567,72,64,8
S00103568,64,53,11
S00103569,59,45,14
S00103570,44,26,18
S00103571,64,48,16
S00103572,121,91,30
S00103573,37,17,20
S00103574,112,79,33
S00103575,84,64,20
S00103576,75,58,17
S00103577,76,52,24
S00103578,64,47,17
S00103579,92,66,26
S00103580,62,47,15
S00103581,77,56,21
S00103582,121,83,38
S00103583,96,64,32
S00103584,123,75,48
S00103585,105,74,31
S00103586,119,89,30
S00103587,124,80,44
S00103588,106,81,25
S00103589,89,58,31
S00103590,92,65,27
S00103591,68,51,17
S00103592,66,42,24
S00103593,70,51,19
S00103594,83,64,19
S00103595,83,70,13
S00103596,84,47,37
S00103597,86,52,34
S00103598,75,49,26
S00103599,60,39,21
S00103600,87,51,36
S00103601,65,38,27
S00103602,70,47,23
S00103603,68,45,23
S00103604,43,22,21
S00103605,77,54,23
S00103606,68,54,14
S00103607,74,57,17
S00103608,85,58,27
S00103609,106,65,41
S00103610,43,34,9
S00103611,80,64,16
S00103612,86,60,26
S00103613,67,51,16
S00103614,56,35,21
S00103615,123,78,45
S00103616,60,38,22
S00103617,83,62,21
S00103618,90,55,35
S00103619,73,51,22
S00103620,85,58,27
S00103621,94,60,34
S00103622,43,33,10
S00103623,116,74,42
S00103624,90,61,29
S00103625,90,64,26
S00103626,60,50,10
S00103627,85,64,21
S00103628,48,36,12
S00103629,63,46,17
S00103630,84,62,22
S00103631,72,42,30
S00103632,84,55,29
S00103633,107,72,35
S00103634,57,40,17
S00103635,62,48,14
S00103636,85,70,15
S00103637,56,42,14
S00103638,51,38,13
S00103639,79,55,24
S00103640,57,33,24
S00103641,118,86,32
S00103642,59,48,11
S00103643,79,54,25
S00103644,67,46,21
S00103645,99,60,39
S00103646,97,65,32
S00103647,67,53,14
S00103648,39,30,9
S00103649,88,50,38
S00103650,89,61,28
S00103651,67,42,25
S00103652,75,54,21
S00103653,75,55,20
S00103654,69,48,21
S00103655,114,70,44
S00103656,111,80,31
S00103657,105,67,38
S00103658,65,49,16
S00103659,86,62,24
S00103660,72,53,19
S00103661,92,57,35
S00103662,74,62,12
S00103663,97,73,24
S00103664,85,45,40
S00103665,82,56,26
S00103666,58,33,25
S00103667,71,41,30
S00103668,73,49,24
S00103669,86,48,38
S00103670,77,56,21
S00103671,85,61,24
S00103672,89,59,30
S00103673,78,48,30
S00103674,71,53,18
S00103675,111,74,37
S00103676,45,32,13
S00103677,74,41,33
S00103678,109,85,24
S00103679,107,83,24
S00103680,98,77,21
S00103681,56,49,7
S00103682,64,56,8
S00103683,59,42,17
S00103684,67,55,12
S00103685,70,50,20
S00103686,49,36,13
S00103687,70,31,39
S00103688,87,80,7
S00103689,69,57,12
S00103690,64,46,18
S00103691,81,67,14
S00103692,159,140,19
S00103693,68,41,27
S00103694,169,142,27
S00103695,75,61,14
S00103696,128,104,24
S00103697,78,54,24
S00103698,78,45,33
S00103699,134,88,46
S00103700,81,69,12
S00103701,99,67,32
S00103702,43,24,19
S00103703,174,142,32
S00103704,110,62,48
S00103705,76,52,24
S00103706,94,53,41
S00103707,91,54,37
S00103708,55,38,17
S00103709,57,36,21
S00103710,70,44,26
S00103711,79,38,41
S00103712,58,32,26
S00103713,55,27,28
S00103714,45,23,22
S00103715,82,49,33
S00103716,64,45,19
S00103717,73,48,25
S00103718,57,30,27
S00103719,43,30,13
S00103720,43,26,17
S00103721,63,44,19
S00103722,77,43,34
S00103723,84,68,16
S00103724,108,101,7
S00103725,81,69,12
S00103726,79,68,11
S00103727,68,54,14
S00103728,87,59,28
S00103729,128,110,18
S00103730,100,65,35
S00103731,132,99,33
S00103732,80,63,17
S00103733,95,68,27
S00103734,71,59,12
S00103735,88,59,29
S00103736,53,39,14
S00103737,61,38,23
S00103738,72,45,27
S00103739,96,72,24
S00103740,90,62,28
S00103741,75,35,40
S00103742,76,49,27
S00103743,41,33,8
S00103744,102,54,48
S00103745,72,34,38
S00103746,73,37,36
S00103747,62,41,21
S00103748,71,46,25
S00103749,48,32,16
S00103750,125,92,33
S00103751,103,84,19
S00103752,72,49,23
S00103753,63,43,20
S00103754,149,105,44
S00103755,139,85,54
S00103756,94,42,52
S00103757,99,63,36
S00103758,109,73,36
S00103759,101,69,32
S00103760,99,60,39
S00103761,88,58,30
S00103762,85,39,46
S00103763,83,52,31
S00103764,44,22,22
S00103765,76,52,24
S00103766,119,97,22
S00103767,74,53,21
S00103768,39,24,15
S00103769,95,71,24
S00103770,78,54,24
S00103771,82,53,29
S00103772,65,38,27
S00103773,70,54,16
S00103774,82,56,26
S00103775,83,54,29
S00103776,100,75,25
S00103777,96,54,42
S00103778,111,83,28
S00103779,61,46,15
S00103780,62,44,18
S00103781,84,59,25
S00103782,76,45,31
S00103783,59,38,21
S00103784,74,55,19
S00103785,84,57,27
S00103786,92,65,27
S00103787,70,53,17
S00103788,99,75,24
S00103789,73,49,24
S00103790,85,62,23
S00103791,103,74,29
S00103792,100,69,31
S00103793,96,74,22
S00103794,64,42,22
S00103795,128,81,47
S00103796,118,78,40
S00103797,66,25,41
S00103798,84,46,38
S00103799,96,65,31
S00103800,80,56,24
S00103801,76,48,28
S00103802,66,42,24
S00103803,79,47,32
S00103804,101,55,46
S00103805,113,68,45
S00103806,59,31,28
S00103807,104,54,50
S00103808,93,56,37
S00103809,115,76,39
S00103810,118,63,55
S00103811,105,85,20
S00103812,46,41,5
S00103813,49,42,7
S00103814,86,56,30
S00103815,61,45,16
S00103816,73,45,28
S00103817,88,52,36
S00103818,51,34,17
S00103819,103,67,36
S00103820,91,67,24
S00103821,95,67,28
S00103822,99,64,35
S00103823,54,25,29
S00103824,77,48,29
S00103825,87,65,22
S00103826,96,60,36
S00103827,103,75,28
S00103828,127,89,38
S00103829,113,86,27
S00103830,56,33,23
S00103831,118,82,36
S00103832,108,73,35
S00103833,78,54,24
S00103834,40,23,17
S00103835,63,44,19
S00103836,49,27,22
S00103837,112,72,40
S00103838,85,38,47
S00103839,123,87,36
S00103840,65,46,19
S00103841,66,41,25
S00103842,56,33,23
S00103843,83,62,21
S00103844,59,41,18
S00103845,105,81,24
S00103846,96,63,33
S00103847,62,52,10
S00103848,76,52,24
S00103849,54,35,19
S00103850,89,61,28
S00103851,62,41,21
S00103852,58,46,12
S00103853,76,54,22
S00103854,86,56,30
S00103855,64,54,10
S00103856,76,60,16
S00103857,87,67,20
S00103858,70,48,22
S00103859,112,83,29
S00103860,84,60,24
S00103861,69,46,23
S00103862,99,78,21
S00103863,76,58,18
S00103864,91,66,25
S00103865,85,54,31
S00103866,74,53,21
S00103867,57,44,13
S00103868,91,71,20
S00103869,71,44,27
S00103870,72,45,27
S00103871,66,50,16
S00103872,90,58,32
S00103873,68,49,19
S00103874,63,44,19
S00103875,77,59,18
S00103876,101,68,33
S00103877,60,40,20
S00103878,122,87,35
S00103879,70,45,25
S00103880,72,55,17
S00103881,69,49,20
S00103882,68,47,21
S00103883,92,67,25
S00103884,77,56,21
S00103885,82,58,24
S00103886,38,30,8
S00103887,52,35,17
S00103888,79,63,16
S00103889,81,57,24
S00103890,53,41,12
S00103891,54,37,17
S00103892,109,73,36
S00103893,88,60,28
S00103894,79,53,26
S00103895,161,114,47
S00103896,65,45,20
S00103897,46,28,18
S00103898,63,41,22
S00103899,61,34,27
S00103900,56,44,12
S00103901,71,51,20
S00103902,97,67,30
S00103903,113,80,33
S00103904,75,50,25
S00103905,121,84,37
S00103906,88,66,22
S00103907,93,73,20
S00103908,82,54,28
S00103909,60,41,19
S00103910,72,58,14
S00103911,58,45,13
S00103912,84,58,26
S00103913,58,49,9
S00103914,80,59,21
S00103915,102,82,20
S00103916,67,43,24
S00103917,64,40,24
S00103918,97,71,26
S00103919,102,66,36
S00103920,52,39,13
S00103921,69,43,26
S00103922,74,54,20
S00103923,56,38,18
S00103924,99,70,29
S00103925,76,48,28
S00103926,64,42,22
S00103927,68,46,22
S00103928,71,44,27
S00103929,81,36,45
S00103930,72,51,21
S00103931,73,47,26
S00103932,63,38,25
S00103933,70,48,22
S00103934,80,51,29
S00103935,75,40,35
S00103936,78,41,37
S00103937,75,50,25
S00103938,60,41,19
S00103939,56,35,21
S00103940,61,38,23
S00103941,75,53,22
S00103942,96,70,26
S00103943,106,56,50
S00103944,71,43,28
S00103945,60,40,20
S00103946,51,33,18
S00103947,110,72,38
S00103948,26,14,12
S00103949,49,28,21
S00103950,59,35,24
S00103951,86,56,30
S00103952,56,31,25
S00103953,75,45,30
S00103954,74,53,21
S00103955,57,32,25
S00103956,46,25,21
S00103957,97,57,40
S00103958,101,65,36
S00103959,46,18,28
S00103960,68,41,27
S00103961,90,71,19
S00103962,78,61,17
S00103963,76,69,7
S00103964,109,92,17
S00103965,97,81,16
S00103966,78,63,15
S00103967,99,84,15
S00103968,58,55,3
S00103969,95,78,17
S00103970,101,83,18
S00103971,52,45,7
S00103972,122,88,34
S00103973,60,57,3
S00103974,117,97,20
S00103975,93,81,12
S00103976,59,42,17
S00103977,117,69,48
S00103978,131,100,31
S00103979,102,63,39
S00103980,79,40,39
S00103981,104,65,39
S00103982,100,84,16
S00103983,115,81,34
S00103984,62,37,25
S00103985,94,70,24
S00103986,99,66,33
S00103987,84,57,27
S00103988,90,61,29
S00103989,76,56,20
S00103990,76,46,30
S00103991,78,59,19
S00103992,67,48,19
S00103993,80,55,25
S00103994,71,52,19
S00103995,84,65,19
S00103996,108,89,19
S00103997,73,63,10
S00103998,84,75,9
S00103999,83,75,8
S00104000,79,67,12
S00104001,53,48,5
S00104002,93,89,4
S00104003,149,119,30
S00104004,62,48,14
S00104005,109,101,8
S00104006,71,63,8
S00104007,73,49,24
S00104008,66,47,19
S00104009,62,31,31
S00104010,117,81,36
S00104011,108,80,28
S00104012,77,59,18
S00104013,67,53,14
S00104014,70,49,21
S00104015,64,39,25
S00104016,74,53,21
S00104017,126,100,26
S00104018,129,89,40
S00104019,94,57,37
S00104020,111,85,26
S00104021,75,52,23
S00104022,75,54,21
S00104023,82,57,25
S00104024,90,69,21
S00104025,99,75,24
S00104026,122,97,25
S00104027,101,67,34
S00104028,54,48,6
S00104029,142,111,31
S00104030,88,55,33
S00104031,78,50,28
S00104032,39,30,9
S00104033,34,29,5
S00104034,95,77,18
S00104035,58,42,16
S00104036,78,51,27
S00104037,76,46,30
S00104038,101,81,20
S00104039,86,70,16
S00104040,89,63,26
S00104041,65,56,9
S00104042,86,76,10
S00104043,57,48,9
S00104044,64,47,17
S00104045,56,49,7
S00104046,89,59,30
S00104047,100,71,29
S00104048,49,40,9
S00104049,89,56,33
S00104050,61,43,18
S00104051,88,56,32
S00104052,76,50,26
S00104053,75,56,19
S00104054,54,30,24
S00104055,93,72,21
S00104056,80,66,14
S00104057,106,87,19
S00104058,32,19,13
S00104059,60,42,18
S00104060,78,61,17
S00104061,88,64,24
S00104062,73,48,25
S00104063,79,57,22
S00104064,77,51,26
S00104065,77,65,12
S00104066,91,62,29
S00104067,107,77,30
S00104068,38,23,15
S00104069,64,41,23
S00104070,92,60,32
S00104071,77,48,29
S00104072,78,47,31
S00104073,110,93,17
S00104074,61,44,17
S00104075,63,52,11
S00104076,83,68,15
S00104077,85,66,19
S00104078,67,59,8
S00104079,62,54,8
S00104080,60,47,13
S00104081,66,60,6
S00104082,49,39,10
S00104083,70,49,21
S00104084,79,68,11
S00104085,106,90,16
S00104086,91,73,18
S00104087,101,75,26
S00104088,97,86,11
S00104089,100,86,14
S00104090,75,43,32
S00104091,76,61,15
S00104092,118,96,22
S00104093,132,107,25
S00104094,136,103,33
S00104095,97,67,30
S00104096,72,57,15
S00104097,60,47,13
S00104098,49,42,7
S00104099,92,66,26
S00104100,95,71,24
S00104101,84,67,17
S00104102,98,76,22
S00104103,104,65,39
S00104104,64,35,29
S00104105,51,38,13
S00104106,64,41,23
S00104107,124,109,15
S00104108,67,46,21
S00104109,53,34,19
S00104110,69,60,9
S00104111,56,45,11
S00104112,87,77,10
S00104113,99,74,25
S00104114,93,75,18
S00104115,66,59,7
S00104116,122,92,30
S00104117,69,52,17
S00104118,69,44,25
S00104119,89,69,20
S00104120,108,86,22
S00104121,67,44,23
S00104122,87,74,13
S00104123,111,79,32
S00104124,115,86,29
S00104125,81,65,16
S00104126,66,49,17
S00104127,62,56,6
S00104128,60,40,20
S00104129,98,76,22
S00104130,51,42,9
S00104131,59,28,31
S00104132,65,53,12
S00104133,77,48,29
S00104134,84,63,21
S00104135,46,28,18
S00104136,83,66,17
S00104137,68,48,20
S00104138,62,52,10
S00104139,64,35,29
S00104140,74,61,13
S00104141,125,99,26
S00104142,53,46,7
S00104143,108,88,20
S00104144,118,90,28
S00104145,86,65,21
S00104146,105,92,13
S00104147,47,32,15
S00104148,91,74,17
S00104149,60,39,21
S00104150,84,70,14
S00104151,126,110,16
S00104152,87,65,22
S00104153,122,91,31
S00104154,98,77,21
S00104155,106,77,29
S00104156,50,45,5
S00104157,75,57,18
S00104158,99,86,13
S00104159,68,48,20
S00104160,112,90,22
S00104161,84,57,27
S00104162,112,97,15
S00104163,81,69,12
S00104164,79,70,9
S00104165,69,52,17
S00104166,140,116,24
S00104167,123,87,36
S00104168,65,51,14
S00104169,98,86,12
S00104170,81,67,14
S00104171,58,23,35
S00104172,59,53,6
S00104173,74,40,34
S00104174,88,78,10
S00104175,23,7,16
S00104176,100,81,19
S00104177,106,92,14
S00104178,91,78,13
S00104179,106,87,19
S00104180,91,71,20
S00104181,71,51,20
S00104182,105,59,46
S00104183,76,43,33
S00104184,76,49,27
S00104185,118,98,20
S00104186,71,50,21
S00104187,51,42,9
S00104188,66,54,12
S00104189,109,81,28
S00104190,107,82,25
S00104191,77,67,10
S00104192,88,61,27
S00104193,92,80,12
S00104194,72,60,12
S00104195,99,87,12
S00104196,58,32,26
S00104197,98,69,29
S00104198,54,39,15
S00104199,88,66,22
S00104200,82,37,45
S00104201,87,37,50
S00104202,74,49,25
S00104203,85,63,22
S00104204,88,58,30
S00104205,96,53,43
S00104206,95,77,18
S00104207,100,86,14
S00104208,61,39,22
S00104209,61,55,6
S00104210,61,56,5
S00104211,118,83,35
S00104212,115,110,5
S00104213,110,101,9
S00104214,96,73,23
S00104215,106,102,4
S00104216,109,87,22
S00104217,53,43,10
S00104218,94,55,39
S00104219,64,38,26
S00104220,84,67,17
S00104221,103,73,30
S00104222,68,44,24
S00104223,90,68,22
S00104224,91,70,21
S00104225,68,50,18
S00104226,97,68,29
S00104227,83,61,22
S00104228,83,58,25
S00104229,85,57,28
S00104230,84,65,19
S00104231,64,50,14
S00104232,127,100,27
S00104233,128,96,32
S00104234,96,66,30
S00104235,70,42,28
S00104236,79,70,9
S00104237,61,48,13
S00104238,92,78,14
S00104239,78,55,23
S00104240,58,52,6
S00104241,70,58,12
S00104242,110,85,25
S00104243,88,70,18
S00104244,43,30,13
S00104245,85,73,12
S00104246,83,68,15
S00104247,56,39,17
S00104248,97,77,20
S00104249,59,38,21
S00104250,81,60,21
S00104251,54,46,8
S00104252,54,41,13
S00104253,73,52,21
S00104254,58,52,6
S00104255,100,68,32
S00104256,76,57,19
S00104257,80,62,18
S00104258,80,52,28
S00104259,58,35,23
S00104260,106,82,24
S00104261,58,46,12
S00104262,98,85,13
S00104263,69,62,7
S00104264,94,81,13
S00104265,116,102,14
S00104266,58,45,13
S00104267,114,73,41
S00104268,87,63,24
S00104269,26,4,22
S00104270,117,89,28
S00104271,76,63,13
S00104272,97,63,34
S00104273,67,43,24
S00104274,75,62,13
S00104275,61,54,7
S00104276,46,39,7
S00104277,112,78,34
S00104278,98,78,20
S00104279,111,86,25
S00104280,117,105,12
S00104281,121,98,23
S00104282,113,101,12
S00104283,79,49,30
S00104284,62,43,19
S00104285,20,1,19
S00104286,100,69,31
S00104287,84,52,32
S00104288,90,75,15
S00104289,55,49,6
S00104290,61,48,13
S00104291,58,51,7
S00104292,59,52,7
S00104293,82,68,14
S00104294,135,108,27
S00104295,94,79,15
S00104296,68,55,13
S00104297,80,57,23
S00104298,93,56,37
S00104299,55,52,3
S00104300,86,70,16
S00104301,94,88,6
S00104302,62,48,14
S00104303,95,86,9
S00104304,84,66,18
S00104305,85,72,13
S00104306,88,70,18
S00104307,52,30,22
S00104308,82,65,17
S00104309,81,63,18
S00104310,98,82,16
S00104311,103,81,22
S00104312,78,42,36
S00104313,69,49,20
S00104314,117,89,28
S00104315,77,46,31
S00104316,108,70,38
S00104317,99,69,30
S00104318,81,66,15
S00104319,51,42,9
S00104320,61,52,9
S00104321,93,80,13
S00104322,67,55,12
S00104323,94,66,28
S00104324,112,73,39
S00104325,108,85,23
S00104326,129,93,36
S00104327,68,60,8
S00104328,65,53,12
S00104329,73,63,10
S00104330,68,52,16
S00104331,82,62,20
S00104332,111,94,17
S00104333,106,84,22
S00104334,99,79,20
S00104335,70,44,26
S00104336,120,86,34
S00104337,123,77,46
S00104338,131,92,39
S00104339,116,76,40
S00104340,60,50,10
S00104341,61,46,15
S00104342,61,53,8
S00104343,88,69,19
S00104344,87,80,7
S00104345,66,38,28
S00104346,72,61,11
S00104347,111,90,21
S00104348,88,60,28
S00104349,84,62,22
S00104350,68,60,8
S00104351,67,48,19
S00104352,50,32,18
S00104353,86,71,15
S00104354,59,40,19
S00104355,136,120,16
S00104356,58,53,5
S00104357,110,90,20
S00104358,72,57,15
S00104359,132,112,20
S00104360,84,73,11
S00104361,72,54,18
S00104362,104,87,17
S00104363,55,51,4
S00104364,85,81,4
S00104365,140,119,21
S00104366,86,66,20
S00104367,67,49,18
S00104368,70,49,21
S00104369,105,90,15
S00104370,81,51,30
S00104371,58,43,15
S00104372,45,27,18
S00104373,70,56,14
S00104374,100,71,29
S00104375,83,65,18
S00104376,94,69,25
S00104377,99,75,24
S00104378,68,53,15
S00104379,99,72,27
S00104380,88,75,13
S00104381,92,71,21
S00104382,63,48,15
S00104383,90,75,15
S00104384,65,56,9
S00104385,60,49,11
S00104386,82,64,18
S00104387,107,84,23
S00104388,79,66,13
S00104389,81,71,10
S00104390,104,82,22
S00104391,78,67,11
S00104392,68,50,18
S00104393,87,77,10
S00104394,60,51,9
S00104395,70,58,12
S00104396,77,57,20
S00104397,87,59,28
S00104398,91,68,23
S00104399,74,62,12
S00104400,65,52,13
S00104401,72,60,12
S00104402,51,17,34
S00104403,99,67,32
S00104404,78,34,44
S00104405,72,54,18
S00104406,108,92,16
S00104407,61,53,8
S00104408,76,65,11
S00104409,76,65,11
S00104410,114,83,31
S00104411,89,68,21
S00104412,65,54,11
S00104413,90,71,19
S00104414,56,46,10
S00104415,44,38,6
S00104416,95,75,20
S00104417,66,49,17
S00104418,70,58,12
S00104419,119,109,10
S00104420,72,68,4
S00104421,84,70,14
S00104422,120,105,15
S00104423,79,67,12
S00104424,47,27,20
S00104425,109,94,15
S00104426,52,43,9
S00104427,52,49,3
S00104428,67,59,8
S00104429,65,42,23
S00104430,55,38,17
S00104431,84,69,15
S00104432,55,40,15
S00104433,78,60,18
S00104434,93,79,14
S00104435,55,44,11
S00104436,98,84,14
S00104437,105,96,9
S00104438,86,73,13
S00104439,52,42,10
S00104440,104,82,22
S00104441,97,77,20
S00104442,59,45,14
S00104443,58,47,11
S00104444,76,69,7
S00104445,101,94,7
S00104446,77,74,3
S00104447,92,90,2
S00104448,79,65,14
S00104449,80,67,13
S00104450,50,42,8
S00104451,123,100,23
S00104452,102,86,16
S00104453,66,52,14
S00104454,77,58,19
S00104455,129,111,18
S00104456,115,99,16
S00104457,80,44,36
S00104458,83,69,14
S00104459,72,53,19
S00104460,56,48,8
S00104461,66,51,15
S00104462,116,77,39
S00104463,91,65,26
S00104464,98,79,19
S00104465,54,48,6
S00104466,73,67,6
S00104467,55,26,29
S00104468,95,67,28
S00104469,68,42,26
S00104470,98,48,50
S00104471,97,58,39
S00104472,65,35,30
S00104473,108,48,60
S00104474,111,67,44
S00104475,98,63,35
S00104476,77,45,32
S00104477,70,50,20
S00104478,88,62,26
S00104479,57,38,19
S00104480,79,70,9
S00104481,58,33,25
S00104482,97,82,15
S00104483,66,59,7
S00104484,97,73,24
S00104485,84,57,27
S00104486,81,53,28
S00104487,113,100,13
S00104488,95,44,51
S00104489,94,66,28
S00104490,86,55,31
S00104491,90,69,21
S00104492,52,36,16
S00104493,72,31,41
S00104494,73,40,33
S00104495,130,102,28
S00104496,75,41,34
S00104497,96,68,28
S00104498,65,41,24
S00104499,64,36,28
S00104500,60,35,25
S00104501,55,34,21
S00104502,77,53,24
S00104503,56,33,23
S00104504,85,60,25
S00104505,121,88,33
S00104506,101,66,35
S00104507,85,57,28
S00104508,93,66,27
S00104509,75,45,30
S00104510,72,46,26
S00104511,77,53,24
S00104512,70,49,21
S00104513,70,51,19
S00104514,98,62,36
S00104515,84,55,29
S00104516,100,75,25
S00104517,98,51,47
S00104518,85,46,39
S00104519,76,54,22
S00104520,76,57,19
S00104521,25,4,21
S00104522,87,63,24
S00104523,47,15,32
S00104524,49,29,20
S00104525,43,32,11
S00104526,55,32,23
S00104527,85,52,33
S00104528,47,29,18
S00104529,56,29,27
S00104530,57,32,25
S00104531,69,39,30
S00104532,58,41,17
S00104533,61,38,23
S00104534,77,57,20
S00104535,76,53,23
S00104536,73,43,30
S00104537,49,31,18
S00104538,104,72,32
S00104539,72,38,34
S00104540,106,68,38
S00104541,71,48,23
S00104542,96,66,30
S00104543,52,30,22
S00104544,76,50,26
S00104545,88,57,31
S00104546,86,64,22
S00104547,100,73,27
S00104548,114,85,29
S00104549,80,67,13
S00104550,94,76,18
S00104551,70,44,26
S00104552,107,95,12
S00104553,90,68,22
S00104554,74,50,24
S00104555,65,51,14
S00104556,69,37,32
S00104557,39,16,23
S00104558,59,48,11
S00104559,79,46,33
S00104560,66,34,32
S00104561,82,63,19
S00104562,68,50,18
S00104563,47,29,18
S00104564,60,44,16
S00104565,143,108,35
S00104566,90,60,30
S00104567,94,65,29
S00104568,76,50,26
S00104569,80,49,31
S00104570,79,46,33
S00104571,74,45,29
S00104572,84,51,33
S00104573,105,79,26
S00104574,55,48,7
S00104575,89,72,17
S00104576,73,45,28
S00104577,87,67,20
S00104578,76,57,19
S00104579,85,66,19
S00104580,109,96,13
S00104581,112,85,27
S00104582,71,60,11
S00104583,134,117,17
S00104584,65,52,13
S00104585,121,104,17
S00104586,91,75,16
S00104587,79,61,18
S00104588,53,40,13
S00104589,80,64,16
S00104590,80,56,24
S00104591,67,50,17
S00104592,120,95,25
S00104593,75,59,16
S00104594,73,56,17
S00104595,75,62,13
S00104596,83,72,11
S00104597,84,67,17
S00104598,50,29,21
S00104599,90,53,37
S00104600,82,53,29
S00104601,117,74,43
S00104602,46,28,18
S00104603,52,42,10
S00104604,59,51,8
S00104605,70,48,22
S00104606,80,60,20
S00104607,83,54,29
S00104608,83,52,31
S00104609,83,52,31
S00104610,85,66,19
S00104611,104,67,37
S00104612,52,34,18
S00104613,86,69,17
S00104614,108,73,35
S00104615,119,78,41
S00104616,77,53,24
S00104617,81,55,26
S00104618,62,49,13
S00104619,101,74,27
S00104620,89,54,35
S00104621,55,27,28
S00104622,57,35,22
S00104623,112,80,32
S00104624,76,58,18
S00104625,62,37,25
S00104626,41,19,22
S00104627,69,50,19
S00104628,67,49,18
S00104629,44,36,8
S00104630,71,48,23
S00104631,64,46,18
S00104632,88,55,33
S00104633,91,75,16
S00104634,87,62,25
S00104635,96,64,32
S00104636,84,68,16
S00104637,48,24,24
S00104638,87,64,23
S00104639,98,75,23
S00104640,49,30,19
S00104641,87,61,26
S00104642,52,28,24
S00104643,56,30,26
S00104644,58,35,23
S00104645,57,41,16
S00104646,96,59,37
S00104647,53,30,23
S00104648,50,31,19
S00104649,63,48,15
S00104650,51,33,18
S00104651,71,44,27
S00104652,37,9,28
S00104653,81,64,17
S00104654,66,48,18
S00104655,84,66,18
S00104656,82,54,28
S00104657,94,83,11
S00104658,126,99,27
S00104659,111,84,27
S00104660,96,79,17
S00104661,137,93,44
S00104662,118,97,21
S00104663,97,84,13
S00104664,133,51,82
S00104665,134,80,54
S00104666,144,57,87
S00104667,97,44,53
S00104668,175,98,77
S00104669,187,79,108
S00104670,102,58,44
S00104671,125,70,55
S00104672,183,77,106
S00104673,109,49,60
S00104674,78,33,45
S00104675,157,78,79
S00104676,130,68,62
S00104677,122,67,55
S00104678,78,44,34
S00104679,111,65,46
S00104680,119,57,62
S00104681,108,53,55
S00104682,144,50,94
S00104683,127,47,80
S00104684,80,46,34
S00104685,114,68,46
S00104686,80,46,34
S00104687,89,55,34
S00104688,106,57,49
S00104689,74,25,49
S00104690,86,49,37
S00104691,90,47,43
S00104692,68,42,26
S00104693,98,67,31
S00104694,92,57,35
S00104695,93,46,47
S00104696,92,49,43
S00104697,96,54,42
S00104698,88,46,42
S00104699,71,37,34
S00104700,370,51,319
S00104701,85,52,33
S00104702,79,52,27
S00104703,121,25,96
S00104704,57,26,31
S00104705,72,52,20
S00104706,79,40,39
S00104707,142,64,78
S00104708,99,40,59
S00104709,85,35,50
S00104710,197,82,115
S00104711,155,70,85
S00104712,153,61,92
S00104713,197,112,85
S00104714,144,69,75
S00104715,115,81,34
S00104716,144,82,62
S00104717,141,86,55
S00104718,98,50,48
S00104719,142,84,58
S00104720,192,94,98
S00104721,126,47,79
S00104722,121,76,45
S00104723,105,70,35
S00104724,139,70,69
S00104725,156,61,95
S00104726,199,89,110
S00104727,164,84,80
S00104728,124,74,50
S00104729,196,102,94
S00104730,154,104,50
S00104731,76,48,28
S00104732,109,62,47
S00104733,126,65,61
S00104734,88,37,51
S00104735,132,57,75
S00104736,175,64,111
S00104737,110,62,48
S00104738,176,92,84
S00104739,91,65,26
S00104740,101,70,31
S00104741,35,24,11
S00104742,101,52,49
S00104743,151,77,74
S00104744,128,73,55
S00104745,87,55,32
S00104746,134,43,91
S00104747,102,70,32
S00104748,112,52,60
S00104749,90,50,40
S00104750,129,62,67
S00104751,70,43,27
S00104752,111,61,50
S00104753,89,35,54
S00104754,122,55,67
S00104755,73,45,28
S00104756,88,57,31
S00104757,87,56,31
S00104758,63,42,21
S00104759,90,52,38
S00104760,110,64,46
S00104761,109,66,43
S00104762,72,40,32
S00104763,106,51,55
S00104764,161,91,70
S00104765,106,52,54
S00104766,111,68,43
S00104767,158,72,86
S00104768,135,60,75
S00104769,362,129,233
S00104770,90,43,47
S00104771,94,39,55
S00104772,106,66,40
S00104773,57,48,9
S00104774,52,35,17
S00104775,109,65,44
S00104776,94,65,29
S00104777,93,52,41
S00104778,99,64,35
S00104779,66,45,21
S00104780,97,53,44
S00104781,79,51,28
S00104782,124,76,48
S00104783,105,56,49
S00104784,81,40,41
S00104785,79,30,49
S00104786,57,36,21
S00104787,77,50,27
S00104788,60,45,15
S00104789,134,80,54
S00104790,132,88,44
S00104791,70,33,37
S00104792,46,20,26
S00104793,41,23,18
S00104794,53,39,14
S00104795,60,37,23
S00104796,51,29,22
S00104797,90,63,27
S00104798,164,94,70
S00104799,175,94,81
S00104800,14,3,11
S00104801,80,38,42
S00104802,116,79,37
S00104803,89,50,39
S00104804,63,40,23
S00104805,87,55,32
S00104806,79,35,44
S00104807,94,70,24
S00104808,90,70,20
S00104809,95,68,27
S00104810,91,62,29
S00104811,71,38,33
S00104812,66,44,22
S00104813,72,51,21
S00104814,34,13,21
S00104815,82,57,25
S00104816,100,80,20
S00104817,61,38,23
S00104818,121,73,48
S00104819,108,76,32
S00104820,172,99,73
S00104821,93,72,21
S00104822,89,60,29
S00104823,120,82,38
S00104824,98,77,21
S00104825,106,80,26
S00104826,132,106,26
S00104827,82,57,25
S00104828,99,68,31
S00104829,154,104,50
S00104830,100,73,27
S00104831,82,58,24
S00104832,74,44,30
S00104833,99,66,33
S00104834,73,54,19
S00104835,99,58,41
S00104836,111,69,42
S00104837,90,59,31
S00104838,94,74,20
S00104839,103,72,31
S00104840,103,76,27
S00104841,92,68,24
S00104842,115,73,42
S00104843,113,66,47
S00104844,87,62,25
S00104845,56,31,25
S00104846,61,47,14
S00104847,83,58,25
S00104848,57,24,33
S00104849,46,22,24
S00104850,83,55,28
S00104851,170,50,120
S00104852,119,81,38
S00104853,65,45,20
S00104854,104,64,40
S00104855,77,44,33
S00104856,99,66,33
S00104857,108,87,21
S00104858,102,72,30
S00104859,126,92,34
S00104860,111,91,20
S00104861,83,70,13
S00104862,100,78,22
S00104863,81,66,15
S00104864,71,56,15
S00104865,75,57,18
S00104866,65,55,10
S00104867,73,67,6
S00104868,97,87,10
S00104869,76,67,9
S00104870,159,95,64
S00104871,110,79,31
S00104872,44,24,20
S00104873,82,41,41
S00104874,82,56,26
S00104875,97,73,24
S00104876,91,61,30
S00104877,64,43,21
S00104878,44,32,12
S00104879,81,45,36
S00104880,82,58,24
S00104881,52,31,21
S00104882,78,34,44
S00104883,54,34,20
S00104884,62,39,23
S00104885,61,49,12
S00104886,141,87,54
S00104887,131,95,36
S00104888,96,73,23
S00104889,170,123,47
S00104890,120,80,40
S00104891,194,96,98
S00104892,140,99,41
S00104893,108,70,38
S00104894,79,59,20
S00104895,88,66,22
S00104896,81,40,41
S00104897,125,89,36
S00104898,101,82,19
S00104899,139,112,27
S00104900,102,58,44
S00104901,74,46,28
S00104902,338,106,232
S00104903,129,88,41
S00104904,35,3,32
S00104905,91,41,50
S00104906,147,102,45
S00104907,120,86,34
S00104908,126,94,32
S00104909,85,69,16
S00104910,81,63,18
S00104911,78,44,34
S00104912,126,104,22
S00104913,69,58,11
S00104914,134,105,29
S00104915,105,87,18
S00104916,108,83,25
S00104917,50,45,5
S00104918,98,69,29
S00104919,136,90,46
S00104920,120,81,39
S00104921,121,82,39
S00104922,80,62,18
S00104923,101,78,23
S00104924,44,30,14
S00104925,141,94,47
S00104926,101,68,33
S00104927,111,78,33
S00104928,45,38,7
S00104929,96,62,34
S00104930,52,29,23
S00104931,77,55,22
S00104932,126,92,34
S00104933,76,47,29
S00104934,115,90,25
S00104935,79,57,22
S00104936,80,64,16
S00104937,102,65,37
S00104938,96,67,29
S00104939,100,60,40
S00104940,81,47,34
S00104941,86,57,29
S00104942,30,21,9
S00104943,113,92,21
S00104944,86,63,23
S00104945,128,93,35
S00104946,115,68,47
S00104947,92,62,30
S00104948,79,57,22
S00104949,72,45,27
S00104950,61,42,19
S00104951,85,61,24
S00104952,96,68,28
S00104953,107,93,14
S00104954,83,67,16
S00104955,56,44,12
S00104956,73,60,13
S00104957,84,66,18
S00104958,91,71,20
S00104959,105,83,22
S00104960,109,80,29
S00104961,77,49,28
S00104962,67,52,15
S00104963,78,56,22
S00104964,66,56,10
S00104965,65,52,13
S00104966,70,55,15
S00104967,68,45,23
S00104968,70,49,21
S00104969,55,34,21
S00104970,79,55,24
S00104971,54,40,14
S00104972,93,67,26
S00104973,90,65,25
S00104974,60,48,12
S00104975,76,62,14
S00104976,71,38,33
S00104977,84,72,12
S00104978,98,80,18
S00104979,92,61,31
S00104980,102,65,37
S00104981,48,34,14
S00104982,75,38,37
S00104983,100,67,33
S00104984,32,23,9
S00104985,59,33,26
S00104986,66,34,32
S00104987,66,39,27
S00104988,80,48,32
S00104989,41,27,14
S00104990,42,29,13
S00104991,43,27,16
S00104992,61,32,29
S00104993,149,106,43
S00104994,133,92,41
S00104995,86,58,28
S00104996,88,63,25
S00104997,84,46,38
S00104998,81,59,22
S00104999,126,93,33
S00105000,76,49,27
S00105001,73,51,22
S00105002,77,59,18
S00105003,56,31,25
S00105004,68,42,26
S00105005,73,45,28
S00105006,82,54,28
S00105007,80,54,26
S00105008,68,41,27
S00105009,88,57,31
S00105010,87,63,24
S00105011,71,49,22
S00105012,101,89,12
S00105013,105,88,17
S00105014,86,69,17
S00105015,129,98,31
S00105016,125,85,40
S00105017,91,75,16
S00105018,91,69,22
S00105019,135,98,37
S00105020,103,79,24
S00105021,100,77,23
S00105022,104,81,23
S00105023,82,65,17
S00105024,86,60,26
S00105025,86,63,23
S00105026,98,73,25
S00105027,108,83,25
S00105028,95,62,33
S00105029,97,69,28
S00105030,68,42,26
S00105031,98,73,25
S00105032,72,51,21
S00105033,80,56,24
S00105034,91,59,32
S00105035,88,61,27
S00105036,128,78,50
S00105037,110,71,39
S00105038,93,63,30
S00105039,97,68,29
S00105040,87,52,35
S00105041,91,77,14
S00105042,81,67,14
S00105043,54,28,26
S00105044,91,65,26
S00105045,86,60,26
S00105046,59,45,14
S00105047,94,67,27
S00105048,140,93,47
S00105049,92,76,16
S00105050,78,55,23
S00105051,112,63,49
S00105052,81,48,33
S00105053,60,32,28
S00105054,83,63,20
S00105055,94,63,31
S00105056,107,73,34
S00105057,87,61,26
S00105058,66,47,19
S00105059,142,112,30
S00105060,101,77,24
S00105061,95,67,28
S00105062,63,48,15
S00105063,116,79,37
S00105064,134,99,35
S00105065,124,100,24
S00105066,145,93,52
S00105067,107,72,35
S00105068,104,75,29
S00105069,83,52,31
S00105070,76,48,28
S00105071,80,51,29
S00105072,96,59,37
S00105073,85,58,27
S00105074,72,50,22
S00105075,65,40,25
S00105076,64,34,30
S00105077,73,36,37
S00105078,94,61,33
S00105079,115,71,44
S00105080,74,51,23
S00105081,82,64,18
S00105082,72,44,28
S00105083,62,44,18
S00105084,65,61,4
S00105085,46,36,10
S00105086,64,42,22
S00105087,88,73,15
S00105088,64,54,10
S00105089,75,65,10
S00105090,131,103,28
S00105091,66,50,16
S00105092,123,107,16
S00105093,121,101,20
S00105094,106,89,17
S00105095,63,56,7
S00105096,72,53,19
S00105097,122,96,26
S00105098,74,64,10
S00105099,89,66,23
S00105100,127,99,28
S00105101,122,95,27
S00105102,104,93,11
S00105103,85,65,20
S00105104,120,99,21
S00105105,59,48,11
S00105106,52,38,14
S00105107,54,43,11
S00105108,60,51,9
S00105109,69,59,10
S00105110,54,45,9
S00105111,129,97,32
S00105112,60,43,17
S00105113,76,59,17
S00105114,63,52,11
S00105115,65,55,10
S00105116,54,47,7
S00105117,60,51,9
S00105118,86,71,15
S00105119,98,81,17
S00105120,80,66,14
S00105121,84,70,14
S00105122,85,61,24
S00105123,92,76,16
S00105124,92,74,18
S00105125,69,58,11
S00105126,76,66,10
S00105127,68,59,9
S00105128,84,65,19
S00105129,116,100,16
S00105130,82,65,17
S00105131,161,95,66
S00105132,60,48,12
S00105133,88,74,14
S00105134,71,57,14
S00105135,61,46,15
S00105136,55,40,15
S00105137,75,66,9
S00105138,77,64,13
S00105139,54,40,14
S00105140,68,55,13
S00105141,50,43,7
S00105142,89,66,23
S00105143,99,80,19
S00105144,123,97,26
S00105145,88,69,19
S00105146,52,37,15
S00105147,103,85,18
S00105148,94,75,19
S00105149,99,75,24
S00105150,87,72,15
S00105151,145,106,39
S00105152,111,81,30
S00105153,144,98,46
S00105154,81,54,27
S00105155,101,54,47
S00105156,155,75,80
S00105157,118,95,23
S00105158,106,85,21
S00105159,71,53,18
S00105160,57,50,7
S00105161,88,70,18
S00105162,113,93,20
S00105163,65,47,18
S00105164,51,35,16
S00105165,62,47,15
S00105166,92,76,16
S00105167,65,54,11
S00105168,80,59,21
S00105169,81,69,12
S00105170,48,32,16
S00105171,66,56,10
S00105172,77,46,31
S00105173,93,72,21
S00105174,59,38,21
S00105175,76,53,23
S00105176,60,43,17
S00105177,40,22,18
S00105178,64,38,26
S00105179,49,31,18
S00105180,66,53,13
S00105181,62,51,11
S00105182,64,55,9
S00105183,70,59,11
S00105184,71,58,13
S00105185,46,35,11
S00105186,86,63,23
S00105187,74,56,18
S00105188,87,67,20
S00105189,58,45,13
S00105190,64,53,11
S00105191,62,54,8
S00105192,64,49,15
S00105193,58,45,13
S00105194,104,77,27
S00105195,60,50,10
S00105196,65,48,17
S00105197,53,41,12
S00105198,77,63,14
S00105199,71,55,16
S00105200,77,69,8
S00105201,72,60,12
S00105202,89,68,21
S00105203,97,78,19
S00105204,71,55,16
S00105205,81,65,16
S00105206,105,83,22
S00105207,119,68,51
S00105208,64,56,8
S00105209,119,92,27
S00105210,49,36,13
S00105211,81,66,15
S00105212,114,92,22
S00105213,83,66,17
S00105214,60,47,13
S00105215,67,42,25
S00105216,86,69,17
S00105217,64,45,19
S00105218,121,106,15
S00105219,98,69,29
S00105220,107,76,31
S00105221,109,88,21
S00105222,92,55,37
S00105223,100,62,38
S00105224,111,80,31
S00105225,113,87,26
S00105226,74,53,21
S00105227,120,93,27
S00105228,47,25,22
S00105229,94,70,24
S00105230,73,54,19
S00105231,54,41,13
S00105232,86,69,17
S00105233,76,61,15
S00105234,77,51,26
S00105235,135,99,36
S00105236,128,106,22
S00105237,111,78,33
S00105238,64,50,14
S00105239,74,51,23
S00105240,95,59,36
S00105241,126,102,24
S00105242,95,61,34
S00105243,99,68,31
S00105244,61,31,30
S00105245,117,73,44
S00105246,105,73,32
S00105247,98,64,34
S00105248,68,36,32
S00105249,97,67,30
S00105250,80,44,36
S00105251,100,61,39
S00105252,79,48,31
S00105253,89,66,23
S00105254,61,44,17
S00105255,115,78,37
S00105256,110,60,50
S00105257,85,58,27
S00105258,65,39,26
S00105259,55,42,13
S00105260,80,54,26
S00105261,132,82,50
S00105262,88,41,47
S00105263,105,67,38
S00105264,122,75,47
S00105265,90,49,41
S00105266,84,41,43
S00105267,93,62,31
S00105268,101,77,24
S00105269,56,34,22
S00105270,104,57,47
S00105271,96,47,49
S00105272,80,54,26
S00105273,41,32,9
S00105274,68,54,14
S00105275,71,47,24
S00105276,64,41,23
S00105277,50,28,22
S00105278,89,57,32
S00105279,64,36,28
S00105280,56,41,15
S00105281,72,47,25
S00105282,64,40,24
S00105283,73,50,23
S00105284,62,37,25
S00105285,72,48,24
S00105286,74,54,20
S00105287,51,35,16
S00105288,76,45,31
S00105289,52,32,20
S00105290,62,40,22
S00105291,691,111,580
S00105292,34,11,23
S00105293,61,31,30
S00105294,63,39,24
S00105295,75,49,26
S00105296,57,36,21
S00105297,70,49,21
S00105298,71,50,21
S00105299,84,46,38
S00105300,93,58,35
S00105301,49,34,15
S00105302,95,62,33
S00105303,65,47,18
S00105304,52,29,23
S00105305,68,48,20
S00105306,75,42,33
S00105307,60,40,20
S00105308,53,28,25
S00105309,92,68,24
S00105310,55,34,21
S00105311,68,52,16
S00105312,119,80,39
S00105313,76,45,31
S00105314,48,20,28
S00105315,80,52,28
S00105316,86,50,36
S00105317,102,66,36
S00105318,73,43,30
S00105319,107,75,32
S00105320,130,80,50
S00105321,129,58,71
S00105322,51,31,20
S00105323,123,82,41
S00105324,93,63,30
S00105325,96,60,36
S00105326,76,51,25
S00105327,59,36,23
S00105328,65,31,34
S00105329,76,39,37
S00105330,51,30,21
S00105331,112,75,37
S00105332,72,48,24
S00105333,98,69,29
S00105334,67,41,26
S00105335,89,70,19
S00105336,42,31,11
S00105337,69,43,26
S00105338,78,49,29
S00105339,79,60,19
S00105340,78,54,24
S00105341,102,68,34
S00105342,107,71,36
S00105343,103,55,48
S00105344,61,36,25
S00105345,99,61,38
S00105346,73,45,28
S00105347,90,72,18
S00105348,85,66,19
S00105349,82,58,24
S00105350,94,60,34
S00105351,68,60,8
S00105352,75,60,15
S00105353,87,65,22
S00105354,83,54,29
S00105355,81,62,19
S00105356,104,82,22
S00105357,53,39,14
S00105358,60,40,20
S00105359,59,37,22
S00105360,110,72,38
S00105361,112,85,27
S00105362,41,26,15
S00105363,89,61,28
S00105364,56,38,18
S00105365,72,52,20
S00105366,75,63,12
S00105367,61,41,20
S00105368,87,63,24
S00105369,79,69,10
S00105370,51,34,17
S00105371,86,72,14
S00105372,73,53,20
S00105373,60,44,16
S00105374,45,32,13
S00105375,104,82,22
S00105376,121,99,22
S00105377,79,59,20
S00105378,66,36,30
S00105379,45,33,12
S00105380,45,28,17
S00105381,108,80,28
S00105382,67,49,18
S00105383,73,45,28
S00105384,73,50,23
S00105385,96,68,28
S00105386,93,68,25
S00105387,55,38,17
S00105388,86,69,17
S00105389,37,18,19
S00105390,104,96,8
S00105391,112,87,25
S00105392,108,91,17
S00105393,84,76,8
S00105394,53,38,15
S00105395,65,50,15
S00105396,97,70,27
S00105397,54,39,15
S00105398,59,39,20
S00105399,77,54,23
S00105400,68,48,20
S00105401,58,38,20
S00105402,97,71,26
S00105403,98,78,20
S00105404,71,60,11
S00105405,91,72,19
S00105406,80,57,23
S00105407,85,56,29
S00105408,89,70,19
S00105409,99,77,22
S00105410,82,49,33
S00105411,98,67,31
S00105412,115,86,29
S00105413,153,96,57
S00105414,93,69,24
S00105415,83,62,21
S00105416,81,68,13
S00105417,88,66,22
S00105418,81,61,20
S00105419,68,41,27
S00105420,132,100,32
S00105421,117,81,36
S00105422,127,93,34
S00105423,137,105,32
S00105424,126,84,42
S00105425,107,76,31
S00105426,60,43,17
S00105427,99,71,28
S00105428,142,75,67
S00105429,75,42,33
S00105430,106,80,26
S00105431,54,41,13
S00105432,88,59,29
S00105433,106,73,33
S00105434,60,42,18
S00105435,133,88,45
S00105436,146,81,65
S00105437,52,32,20
S00105438,85,58,27
S00105439,60,36,24
S00105440,54,37,17
S00105441,94,60,34
S00105442,78,50,28
S00105443,123,70,53
S00105444,116,90,26
S00105445,85,73,12
S00105446,54,48,6
S00105447,107,53,54
S00105448,90,81,9
S00105449,69,48,21
S00105450,72,63,9
S00105451,115,86,29
S00105452,103,80,23
S00105453,54,39,15
S00105454,109,83,26
S00105455,61,47,14
S00105456,55,37,18
S00105457,99,74,25
S00105458,76,60,16
S00105459,63,48,15
S00105460,99,73,26
S00105461,116,90,26
S00105462,69,54,15
S00105463,67,52,15
S00105464,105,77,28
S00105465,57,39,18
S00105466,70,54,16
S00105467,62,35,27
S00105468,85,56,29
S00105469,71,42,29
S00105470,120,78,42
S00105471,75,59,16
S00105472,84,65,19
S00105473,61,48,13
S00105474,74,49,25
S00105475,59,35,24
S00105476,82,61,21
S00105477,85,60,25
S00105478,84,59,25
S00105479,100,73,27
S00105480,103,77,26
S00105481,76,52,24
S00105482,60,45,15
S00105483,72,47,25
S00105484,94,66,28
S00105485,34,21,13
S00105486,49,37,12
S00105487,64,47,17
S00105488,81,51,30
S00105489,50,25,25
S00105490,125,92,33
S00105491,76,54,22
S00105492,93,64,29
S00105493,100,60,40
S00105494,56,40,16
S00105495,105,72,33
S00105496,127,90,37
S00105497,74,50,24
S00105498,141,103,38
S00105499,82,64,18
S00105500,85,64,21
S00105501,60,41,19
S00105502,51,40,11
S00105503,79,66,13
S00105504,81,45,36
S00105505,34,10,24
S00105506,104,82,22
S00105507,91,71,20
S00105508,105,82,23
S00105509,74,59,15
S00105510,123,92,31
S00105511,132,100,32
S00105512,112,83,29
S00105513,98,80,18
S00105514,65,49,16
S00105515,101,82,19
S00105516,74,50,24
S00105517,125,99,26
S00105518,87,65,22
S00105519,86,64,22
S00105520,89,61,28
S00105521,52,41,11
S00105522,98,70,28
S00105523,79,55,24
S00105524,52,36,16
S00105525,65,34,31
S00105526,56,42,14
S00105527,83,63,20
S00105528,84,56,28
S00105529,76,47,29
S00105530,136,96,40
S00105531,76,60,16
S00105532,70,52,18
S00105533,88,65,23
S00105534,97,65,32
S00105535,81,58,23
S00105536,69,52,17
S00105537,76,51,25
S00105538,76,54,22
S00105539,91,69,22
S00105540,108,72,36
S00105541,78,60,18
S00105542,82,61,21
S00105543,93,49,44
S00105544,68,45,23
S00105545,67,41,26
S00105546,84,57,27
S00105547,65,36,29
S00105548,120,85,35
S00105549,123,91,32
S00105550,77,57,20
S00105551,78,55,23
S00105552,79,55,24
S00105553,93,62,31
S00105554,130,105,25
S00105555,72,56,16
S00105556,100,85,15
S00105557,55,40,15
S00105558,146,106,40
S00105559,111,77,34
S00105560,87,58,29
S00105561,93,74,19
S00105562,78,60,18
S00105563,132,89,43
S00105564,94,53,41
S00105565,94,74,20
S00105566,99,74,25
S00105567,85,68,17
S00105568,57,41,16
S00105569,131,107,24
S00105570,40,24,16
S00105571,107,92,15
S00105572,69,25,44
S00105573,80,53,27
S00105574,58,34,24
S00105575,109,75,34
S00105576,83,69,14
S00105577,80,63,17
S00105578,59,37,22
S00105579,59,42,17
S00105580,72,44,28
S00105581,91,61,30
S00105582,71,47,24
S00105583,69,44,25
S00105584,83,60,23
S00105585,71,58,13
S00105586,75,51,24
S00105587,89,56,33
S00105588,82,77,5
S00105589,80,59,21
S00105590,82,54,28
S00105591,89,63,26
S00105592,86,72,14
S00105593,90,67,23
S00105594,101,66,35
S00105595,67,54,13
S00105596,79,56,23
S00105597,97,66,31
S00105598,86,59,27
S00105599,63,51,12
S00105600,50,30,20
S00105601,96,59,37
S00105602,95,78,17
S00105603,86,65,21
S00105604,98,71,27
S00105605,104,76,28
S00105606,104,85,19
S00105607,81,55,26
S00105608,61,55,6
S00105609,59,47,12
S00105610,66,30,36
S00105611,50,37,13
S00105612,103,91,12
S00105613,95,83,12
S00105614,41,33,8
S00105615,86,73,13
S00105616,69,60,9
S00105617,128,113,15
S00105618,116,93,23
S00105619,55,43,12
S00105620,71,53,18
S00105621,80,68,12
S00105622,83,66,17
S00105623,67,59,8
S00105624,100,83,17
S00105625,62,53,9
S00105626,66,56,10
S00105627,59,52,7
S00105628,110,97,13
S00105629,109,85,24
S00105630,86,54,32
S00105631,48,35,13
S00105632,46,34,12
S00105633,112,91,21
S00105634,101,83,18
S00105635,85,67,18
S00105636,71,53,18
S00105637,86,57,29
S00105638,69,50,19
S00105639,105,69,36
S00105640,88,68,20
S00105641,89,49,40
S00105642,91,71,20
S00105643,86,50,36
S00105644,55,42,13
S00105645,56,43,13
S00105646,76,51,25
S00105647,100,67,33
S00105648,83,56,27
S00105649,119,82,37
S00105650,103,74,29
S00105651,82,54,28
S00105652,69,46,23
S00105653,61,39,22
S00105654,71,49,22
S00105655,48,19,29
S00105656,46,21,25
S00105657,37,12,25
S00105658,107,74,33
S00105659,67,49,18
S00105660,50,36,14
S00105661,75,49,26
S00105662,50,41,9
S00105663,94,69,25
S00105664,53,39,14
S00105665,81,47,34
S00105666,52,39,13
S00105667,56,37,19
S00105668,60,36,24
S00105669,105,78,27
S00105670,69,59,10
S00105671,51,34,17
S00105672,91,64,27
S00105673,74,61,13
S00105674,82,55,27
S00105675,88,64,24
S00105676,80,65,15
S00105677,70,46,24
S00105678,84,68,16
S00105679,88,67,21
S00105680,75,56,19
S00105681,51,40,11
S00105682,104,80,24
S00105683,140,112,28
S00105684,77,55,22
S00105685,64,47,17
S00105686,46,31,15
S00105687,82,64,18
S00105688,67,37,30
S00105689,65,42,23
S00105690,83,61,22
S00105691,78,56,22
S00105692,91,62,29
S00105693,98,60,38
S00105694,142,110,32
S00105695,61,46,15
S00105696,48,42,6
S00105697,111,91,20
S00105698,92,49,43
S00105699,78,49,29
S00105700,72,44,28
S00105701,80,48,32
S00105702,53,43,10
S00105703,98,82,16
S00105704,64,46,18
S00105705,77,53,24
S00105706,62,44,18
S00105707,80,64,16
S00105708,81,48,33
S00105709,294,98,196
S00105710,69,43,26
S00105711,111,85,26
S00105712,47,16,31
S00105713,115,73,42
S00105714,76,58,18
S00105715,88,65,23
S00105716,75,55,20
S00105717,72,50,22
S00105718,89,62,27
S00105719,108,78,30
S00105720,97,58,39
S00105721,106,70,36
S00105722,79,53,26
S00105723,100,66,34
S00105724,68,47,21
S00105725,88,64,24
S00105726,74,52,22
S00105727,63,44,19
S00105728,104,71,33
S00105729,50,42,8
S00105730,62,41,21
S00105731,76,50,26
S00105732,83,54,29
S00105733,100,62,38
S00105734,69,51,18
S00105735,83,50,33
S00105736,61,33,28
S00105737,81,57,24
S00105738,83,56,27
S00105739,75,58,17
S00105740,85,51,34
S00105741,100,60,40
S00105742,84,63,21
S00105743,67,42,25
S00105744,124,90,34
S00105745,101,77,24
S00105746,86,52,34
S00105747,89,52,37
S00105748,107,72,35
S00105749,120,86,34
S00105750,87,71,16
S00105751,78,40,38
S00105752,71,51,20
S00105753,75,54,21
S00105754,61,40,21
S00105755,117,87,30
S00105756,87,55,32
S00105757,69,56,13
S00105758,92,64,28
S00105759,67,50,17
S00105760,94,70,24
S00105761,133,92,41
S00105762,71,47,24
S00105763,84,57,27
S00105764,96,74,22
S00105765,30,8,22
S00105766,69,48,21
S00105767,72,49,23
S00105768,63,41,22
S00105769,96,66,30
S00105770,86,69,17
S00105771,92,77,15
S00105772,89,79,10
S00105773,125,99,26
S00105774,73,44,29
S00105775,110,56,54
S00105776,92,55,37
S00105777,60,40,20
S00105778,93,73,20
S00105779,104,75,29
S00105780,63,44,19
S00105781,77,54,23
S00105782,71,53,18
S00105783,78,53,25
S00105784,63,48,15
S00105785,81,57,24
S00105786,99,87,12
S00105787,43,36,7
S00105788,91,66,25
S00105789,70,54,16
S00105790,132,89,43
S00105791,107,69,38
S00105792,89,62,27
S00105793,80,72,8
S00105794,55,51,4
S00105795,54,52,2
S00105796,115,95,20
S00105797,86,70,16
S00105798,116,91,25
S00105799,74,43,31
S00105800,49,38,11
S00105801,86,55,31
S00105802,114,82,32
S00105803,72,44,28
S00105804,124,76,48
S00105805,45,25,20
S00105806,82,51,31
S00105807,85,55,30
S00105808,115,80,35
S00105809,94,62,32
S00105810,105,69,36
S00105811,71,42,29
S00105812,57,37,20
S00105813,77,50,27
S00105814,85,54,31
S00105815,66,43,23
S00105816,61,29,32
S00105817,87,54,33
S00105818,49,32,17
S00105819,98,55,43
S00105820,111,75,36
S00105821,83,58,25
S00105822,90,59,31
S00105823,87,57,30
S00105824,80,52,28
S00105825,88,55,33
S00105826,85,52,33
S00105827,62,35,27
S00105828,63,36,27
S00105829,66,47,19
S00105830,92,58,34
S00105831,84,66,18
S00105832,166,112,54
S00105833,127,97,30
S00105834,115,87,28
S00105835,93,61,32
S00105836,147,113,34
S00105837,85,48,37
S00105838,103,71,32
S00105839,82,53,29
S00105840,86,69,17
S00105841,46,14,32
S00105842,55,38,17
S00105843,93,63,30
S00105844,59,36,23
S00105845,81,49,32
S00105846,97,55,42
S00105847,84,60,24
S00105848,78,52,26
S00105849,88,62,26
S00105850,80,64,16
S00105851,74,45,29
S00105852,54,44,10
S00105853,94,66,28
S00105854,96,60,36
S00105855,77,58,19
S00105856,81,54,27
S00105857,48,23,25
S00105858,51,22,29
S00105859,47,29,18
S00105860,94,62,32
S00105861,95,61,34
S00105862,60,46,14
S00105863,74,46,28
S00105864,129,85,44
S00105865,132,80,52
S00105866,82,38,44
S00105867,116,64,52
S00105868,100,73,27
S00105869,85,57,28
S00105870,94,65,29
S00105871,97,71,26
S00105872,99,68,31
S00105873,94,71,23
S00105874,85,56,29
S00105875,96,68,28
S00105876,86,66,20
S00105877,93,80,13
S00105878,148,104,44
S00105879,72,43,29
S00105880,72,51,21
S00105881,77,58,19
S00105882,110,55,55
S00105883,86,61,25
S00105884,83,61,22
S00105885,56,40,16
S00105886,61,38,23
S00105887,94,67,27
S00105888,85,47,38
S00105889,92,55,37
S00105890,95,61,34
S00105891,79,59,20
S00105892,70,43,27
S00105893,52,45,7
S00105894,59,34,25
S00105895,47,23,24
S00105896,123,79,44
S00105897,70,44,26
S00105898,77,44,33
S00105899,117,103,14
S00105900,126,88,38
S00105901,59,32,27
S00105902,89,80,9
S00105903,88,66,22
S00105904,66,43,23
S00105905,94,67,27
S00105906,58,39,19
S00105907,34,26,8
S00105908,56,37,19
S00105909,77,50,27
S00105910,69,48,21
S00105911,71,51,20
S00105912,69,42,27
S00105913,69,45,24
S00105914,107,88,19
S00105915,94,73,21
S00105916,87,62,25
S00105917,69,55,14
S00105918,74,59,15
S00105919,96,69,27
S00105920,72,42,30
S00105921,79,51,28
S00105922,99,67,32
S00105923,114,82,32
S00105924,79,57,22
S00105925,73,47,26
S00105926,91,73,18
S00105927,73,51,22
S00105928,80,51,29
S00105929,86,63,23
S00105930,75,52,23
S00105931,100,70,30
S00105932,82,52,30
S00105933,90,53,37
S00105934,131,88,43
S00105935,1595,430,1165
S00105936,98,61,37
S00105937,60,36,24
S00105938,111,80,31
S00105939,122,85,37
S00105940,78,47,31
S00105941,60,51,9
S00105942,68,47,21
S00105943,70,45,25
S00105944,98,66,32
S00105945,78,53,25
S00105946,79,58,21
S00105947,83,45,38
S00105948,69,44,25
S00105949,81,45,36
S00105950,62,51,11
S00105951,50,31,19
S00105952,96,60,36
S00105953,131,100,31
S00105954,87,60,27
S00105955,43,26,17
S00105956,60,46,14
S00105957,117,87,30
S00105958,96,69,27
S00105959,107,66,41
S00105960,86,64,22
S00105961,88,46,42
S00105962,84,61,23
S00105963,125,85,40
S00105964,90,69,21
S00105965,110,79,31
S00105966,82,51,31
S00105967,75,63,12
S00105968,63,38,25
S00105969,84,58,26
S00105970,153,106,47
S00105971,133,98,35
S00105972,126,94,32
S00105973,99,65,34
S00105974,73,58,15
S00105975,70,45,25
S00105976,81,54,27
S00105977,51,40,11
S00105978,81,61,20
S00105979,82,66,16
S00105980,107,61,46
S00105981,114,69,45
S00105982,140,86,54
S00105983,63,41,22
S00105984,82,61,21
S00105985,55,42,13
S00105986,119,89,30
S00105987,88,69,19
S00105988,84,43,41
S00105989,78,42,36
S00105990,81,50,31
S00105991,43,26,17
S00105992,104,67,37
S00105993,43,29,14
S00105994,102,79,23
S00105995,75,49,26
S00105996,100,61,39
S00105997,97,61,36
S00105998,80,57,23
S00105999,119,73,46
S00106000,144,95,49
S00106001,96,69,27
S00106002,71,48,23
S00106003,70,48,22
S00106004,76,56,20
S00106005,71,46,25
S00106006,75,38,37
S00106007,96,54,42
S00106008,70,53,17
S00106009,70,39,31
S00106010,42,31,11
S00106011,157,112,45
S00106012,102,68,34
S00106013,101,71,30
S00106014,81,65,16
S00106015,116,81,35
S00106016,79,60,19
S00106017,87,68,19
S00106018,99,72,27
S00106019,58,39,19
S00106020,75,46,29
S00106021,84,53,31
S00106022,53,40,13
S00106023,72,54,18
S00106024,95,81,14
S00106025,91,67,24
S00106026,92,84,8
S00106027,73,62,11
S00106028,74,46,28
S00106029,84,40,44
S00106030,84,64,20
S00106031,74,54,20
S00106032,69,50,19
S00106033,61,57,4
S00106034,96,49,47
S00106035,77,63,14
S00106036,83,56,27
S00106037,91,69,22
S00106038,61,56,5
S00106039,103,86,17
S00106040,74,46,28
S00106041,69,53,16
S00106042,51,36,15
S00106043,65,44,21
S00106044,110,88,22
S00106045,76,62,14
S00106046,99,76,23
S00106047,75,55,20
S00106048,44,28,16
S00106049,65,49,16
S00106050,134,101,33
S00106051,85,61,24
S00106052,55,34,21
S00106053,114,79,35
S00106054,107,62,45
S00106055,103,74,29
S00106056,108,71,37
S00106057,101,77,24
S00106058,71,47,24
S00106059,60,39,21
S00106060,68,49,19
S00106061,79,61,18
S00106062,93,72,21
S00106063,111,81,30
S00106064,66,33,33
S00106065,74,63,11
S00106066,71,46,25
S00106067,67,49,18
S00106068,71,46,25
S00106069,105,68,37
S00106070,89,55,34
S00106071,85,66,19
S00106072,77,64,13
S00106073,70,55,15
S00106074,70,42,28
S00106075,52,34,18
S00106076,105,65,40
S00106077,72,44,28
S00106078,86,56,30
S00106079,101,82,19
S00106080,66,45,21
S00106081,117,91,26
S00106082,99,66,33
S00106083,96,74,22
S00106084,64,31,33
S00106085,73,50,23
S00106086,97,61,36
S00106087,93,59,34
S00106088,97,59,38
S00106089,77,59,18
S00106090,63,49,14
S00106091,73,52,21
S00106092,107,82,25
S00106093,71,49,22
S00106094,68,48,20
S00106095,90,45,45
S00106096,65,25,40
S00106097,93,73,20
S00106098,96,57,39
S00106099,100,49,51
S00106100,96,47,49
S00106101,86,34,52
S00106102,65,27,38
S00106103,61,36,25
S00106104,58,27,31
S00106105,92,53,39
S00106106,83,56,27
S00106107,97,52,45
S00106108,47,30,17
S00106109,111,80,31
S00106110,108,71,37
S00106111,56,25,31
S00106112,77,50,27
S00106113,84,57,27
S00106114,92,63,29
S00106115,70,52,18
S00106116,68,41,27
S00106117,55,36,19
S00106118,84,62,22
S00106119,61,37,24
S00106120,52,35,17
S00106121,63,42,21
S00106122,59,40,19
S00106123,78,50,28
S00106124,46,38,8
S00106125,85,54,31
S00106126,43,30,13
S00106127,64,40,24
S00106128,97,55,42
S00106129,87,55,32
S00106130,95,54,41
S00106131,102,62,40
S00106132,46,18,28
S00106133,101,72,29
S00106134,83,57,26
S00106135,73,51,22
S00106136,72,49,23
S00106137,75,50,25
S00106138,78,56,22
S00106139,66,35,31
S00106140,34,25,9
S00106141,67,31,36
S00106142,79,53,26
S00106143,84,66,18
S00106144,126,81,45
S00106145,80,50,30
S00106146,72,49,23
S00106147,67,53,14
S00106148,60,53,7
S00106149,114,68,46
S00106150,90,51,39
S00106151,75,52,23
S00106152,42,27,15
S00106153,66,15,51
S00106154,94,54,40
S00106155,109,71,38
S00106156,95,53,42
S00106157,94,52,42
S00106158,101,54,47
S00106159,98,45,53
S00106160,90,58,32
S00106161,85,46,39
S00106162,88,48,40
S00106163,71,40,31
S00106164,81,61,20
S00106165,52,33,19
S00106166,79,43,36
S00106167,89,64,25
S00106168,64,52,12
S00106169,70,39,31
S00106170,127,92,35
S00106171,67,43,24
S00106172,85,60,25
S00106173,69,48,21
S00106174,73,45,28
S00106175,51,38,13
S00106176,73,43,30
S00106177,101,53,48
S00106178,128,79,49
S00106179,72,45,27
S00106180,64,42,22
S00106181,60,42,18
S00106182,125,82,43
S00106183,50,24,26
S00106184,94,60,34
S00106185,77,45,32
S00106186,79,49,30
S00106187,68,45,23
S00106188,80,52,28
S00106189,75,44,31
S00106190,107,79,28
S00106191,147,81,66
S00106192,56,45,11
S00106193,88,60,28
S00106194,76,50,26
S00106195,109,83,26
S00106196,86,61,25
S00106197,88,61,27
S00106198,78,46,32
S00106199,118,77,41
S00106200,156,83,73
S00106201,136,83,53
S00106202,99,54,45
S00106203,71,48,23
S00106204,129,79,50
S00106205,143,86,57
S00106206,120,71,49
S00106207,78,46,32
S00106208,40,18,22
S00106209,88,43,45
S00106210,46,24,22
S00106211,61,29,32
S00106212,63,36,27
S00106213,57,33,24
S00106214,54,25,29
S00106215,97,60,37
S00106216,79,54,25
S00106217,73,54,19
S00106218,68,51,17
S00106219,86,52,34
S00106220,46,23,23
S00106221,119,59,60
S00106222,97,46,51
S00106223,91,56,35
S00106224,93,69,24
S00106225,77,48,29
S00106226,151,61,90
S00106227,117,68,49
S00106228,86,59,27
S00106229,1825,410,1415
S00106230,113,58,55
S00106231,93,59,34
S00106232,127,82,45
S00106233,81,55,26
S00106234,90,53,37
S00106235,91,49,42
S00106236,75,52,23
S00106237,71,47,24
S00106238,89,46,43
S00106239,57,47,10
S00106240,58,44,14
S00106241,128,102,26
S00106242,57,43,14
S00106243,70,56,14
S00106244,114,91,23
S00106245,122,88,34
S00106246,94,63,31
S00106247,63,38,25
S00106248,70,52,18
S00106249,43,28,15
S00106250,110,67,43
S00106251,101,69,32
S00106252,39,21,18
S00106253,39,11,28
S00106254,74,53,21
S00106255,78,50,28
S00106256,82,46,36
S00106257,74,52,22
S00106258,80,47,33
S00106259,36,19,17
S00106260,83,60,23
S00106261,44,34,10
S00106262,81,50,31
S00106263,75,43,32
S00106264,61,42,19
S00106265,51,35,16
S00106266,86,54,32
S00106267,53,25,28
S00106268,96,74,22
S00106269,48,30,18
S00106270,57,37,20
S00106271,95,62,33
S00106272,89,64,25
S00106273,63,39,24
S00106274,61,38,23
S00106275,83,55,28
S00106276,81,58,23
S00106277,108,82,26
S00106278,100,70,30
S00106279,76,47,29
S00106280,100,69,31
S00106281,90,52,38
S00106282,70,39,31
S00106283,82,36,46
S00106284,129,74,55
S00106285,63,37,26
S00106286,99,74,25
S00106287,99,69,30
S00106288,75,51,24
S00106289,75,56,19
S00106290,63,50,13
S00106291,83,64,19
S00106292,83,62,21
S00106293,77,58,19
S00106294,80,50,30
S00106295,78,49,29
S00106296,94,65,29
S00106297,64,36,28
S00106298,92,53,39
S00106299,78,49,29
S00106300,42,26,16
S00106301,81,62,19
S00106302,74,54,20
S00106303,81,58,23
S00106304,54,42,12
S00106305,95,72,23
S00106306,106,58,48
S00106307,50,33,17
S00106308,79,52,27
S00106309,71,47,24
S00106310,82,62,20
S00106311,60,33,27
S00106312,71,46,25
S00106313,81,51,30
S00106314,82,54,28
S00106315,107,71,36
S00106316,84,50,34
S00106317,118,79,39
S00106318,64,38,26
S00106319,130,89,41
S00106320,93,57,36
S00106321,46,37,9
S00106322,77,49,28
S00106323,66,46,20
S00106324,81,50,31
S00106325,98,48,50
S00106326,77,53,24
S00106327,66,42,24
S00106328,118,76,42
S00106329,81,58,23
S00106330,44,19,25
S00106331,64,39,25
S00106332,65,42,23
S00106333,48,22,26
S00106334,79,58,21
S00106335,57,28,29
S00106336,61,43,18
S00106337,47,27,20
S00106338,50,33,17
S00106339,58,37,21
S00106340,53,41,12
S00106341,120,93,27
S00106342,70,55,15
S00106343,72,52,20
S00106344,102,71,31
S00106345,118,75,43
S00106346,106,75,31
S00106347,113,67,46
S00106348,100,76,24
S00106349,80,29,51
S00106350,49,35,14
S00106351,87,68,19
S00106352,118,89,29
S00106353,94,63,31
S00106354,92,55,37
S00106355,106,76,30
S00106356,95,71,24
S00106357,76,42,34
S00106358,61,40,21
S00106359,124,78,46
S00106360,83,50,33
S00106361,66,36,30
S00106362,92,52,40
S00106363,44,22,22
S00106364,66,37,29
S00106365,71,48,23
S00106366,71,41,30
S00106367,57,48,9
S00106368,60,45,15
S00106369,67,36,31
S00106370,79,44,35
S00106371,51,13,38
S00106372,65,44,21
S00106373,134,80,54
S00106374,116,76,40
S00106375,90,66,24
S00106376,103,75,28
S00106377,88,55,33
S00106378,81,64,17
S00106379,103,77,26
S00106380,87,57,30
S00106381,66,44,22
S00106382,100,54,46
S00106383,116,62,54
S00106384,46,25,21
S00106385,114,80,34
S00106386,54,38,16
S00106387,106,68,38
S00106388,68,41,27
S00106389,58,41,17
S00106390,95,74,21
S00106391,38,20,18
S00106392,99,72,27
S00106393,66,44,22
S00106394,60,43,17
S00106395,99,44,55
S00106396,65,43,22
S00106397,102,61,41
S00106398,50,28,22
S00106399,77,46,31
S00106400,72,41,31
S00106401,66,46,20
S00106402,68,46,22
S00106403,37,2,35
S00106404,57,31,26
S00106405,67,42,25
S00106406,70,37,33
S00106407,106,80,26
S00106408,90,59,31
S00106409,65,38,27
S00106410,119,80,39
S00106411,36,27,9
S00106412,28,13,15
S00106413,63,35,28
S00106414,75,37,38
S00106415,98,65,33
S00106416,40,31,9
S00106417,49,27,22
S00106418,73,64,9
S00106419,61,39,22
S00106420,98,61,37
S00106421,102,66,36
S00106422,102,74,28
S00106423,104,75,29
S00106424,79,47,32
S00106425,87,62,25
S00106426,94,49,45
S00106427,100,70,30
S00106428,69,45,24
S00106429,110,68,42
S00106430,118,75,43
S00106431,102,79,23
S00106432,103,94,9
S00106433,69,52,17
S00106434,74,52,22
S00106435,77,46,31
S00106436,119,95,24
S00106437,114,71,43
S00106438,115,87,28
S00106439,69,48,21
S00106440,72,55,17
S00106441,109,83,26
S00106442,117,88,29
S00106443,108,75,33
S00106444,119,76,43
S00106445,109,70,39
S00106446,85,44,41
S00106447,61,44,17
S00106448,92,60,32
S00106449,96,73,23
S00106450,91,51,40
S00106451,96,62,34
S00106452,60,39,21
S00106453,96,61,35
S00106454,89,63,26
S00106455,60,49,11
S00106456,72,49,23
S00106457,137,74,63
S00106458,125,93,32
S00106459,70,53,17
S00106460,97,64,33
S00106461,75,40,35
S00106462,54,42,12
S00106463,79,52,27
S00106464,84,64,20
S00106465,80,74,6
S00106466,84,73,11
S00106467,109,82,27
S00106468,37,23,14
S00106469,108,57,51
S00106470,111,61,50
S00106471,80,53,27
S00106472,85,49,36
S00106473,113,67,46
S00106474,139,112,27
S00106475,111,92,19
S00106476,102,90,12
S00106477,135,114,21
S00106478,165,131,34
S00106479,146,118,28
S00106480,111,82,29
S00106481,74,53,21
S00106482,134,97,37
S00106483,79,71,8
S00106484,82,70,12
S00106485,88,70,18
S00106486,102,77,25
S00106487,111,90,21
S00106488,129,94,35
S00106489,125,92,33
S00106490,113,99,14
S00106491,75,58,17
S00106492,73,46,27
S00106493,74,50,24
S00106494,99,61,38
S00106495,93,69,24
S00106496,120,77,43
S00106497,115,78,37
S00106498,114,83,31
S00106499,37,25,12
S00106500,85,67,18
S00106501,101,71,30
S00106502,106,67,39
S00106503,131,90,41
S00106504,80,62,18
S00106505,134,114,20
S00106506,114,74,40
S00106507,81,65,16
S00106508,87,64,23
S00106509,90,65,25
S00106510,86,66,20
S00106511,104,75,29
S00106512,85,68,17
S00106513,82,66,16
S00106514,57,48,9
S00106515,76,65,11
S00106516,75,62,13
S00106517,69,50,19
S00106518,98,64,34
S00106519,74,55,19
S00106520,80,51,29
S00106521,49,30,19
S00106522,65,54,11
S00106523,75,66,9
S00106524,85,54,31
S00106525,95,69,26
S00106526,107,100,7
S00106527,80,67,13
S00106528,127,114,13
S00106529,72,67,5
S00106530,85,70,15
S00106531,90,70,20
S00106532,90,67,23
S00106533,136,108,28
S00106534,77,57,20
S00106535,74,52,22
S00106536,65,52,13
S00106537,42,35,7
S00106538,88,71,17
S00106539,50,40,10
S00106540,80,45,35
S00106541,68,40,28
S00106542,126,79,47
S00106543,93,66,27
S00106544,60,40,20
S00106545,76,33,43
S00106546,51,30,21
S00106547,117,57,60
S00106548,70,34,36
S00106549,110,56,54
S00106550,78,44,34
S00106551,63,45,18
S00106552,69,46,23
S00106553,48,28,20
S00106554,42,27,15
S00106555,71,49,22
S00106556,66,50,16
S00106557,61,34,27
S00106558,85,52,33
S00106559,76,60,16
S00106560,67,47,20
S00106561,65,47,18
S00106562,74,48,26
S00106563,47,34,13
S00106564,80,58,22
S00106565,80,46,34
S00106566,46,39,7
S00106567,56,35,21
S00106568,106,77,29
S00106569,135,86,49
S00106570,76,49,27
S00106571,49,29,20
S00106572,96,78,18
S00106573,127,107,20
S00106574,83,78,5
S00106575,57,51,6
S00106576,42,37,5
S00106577,59,44,15
S00106578,67,50,17
S00106579,59,43,16
S00106580,92,63,29
S00106581,59,39,20
S00106582,48,33,15
S00106583,90,69,21
S00106584,122,99,23
S00106585,105,80,25
S00106586,71,41,30
S00106587,60,40,20
S00106588,73,40,33
S00106589,71,58,13
S00106590,80,59,21
S00106591,97,54,43
S00106592,42,34,8
S00106593,60,43,17
S00106594,86,56,30
S00106595,55,34,21
S00106596,69,49,20
S00106597,71,60,11
S00106598,42,31,11
S00106599,17,10,7
S00106600,64,49,15
S00106601,67,55,12
S00106602,47,36,11
S00106603,69,54,15
S00106604,47,34,13
S00106605,45,30,15
S00106606,98,61,37
S00106607,36,23,13
S00106608,54,30,24
S00106609,45,28,17
S00106610,107,80,27
S00106611,126,96,30
S00106612,55,31,24
S00106613,85,53,32
S00106614,61,43,18
S00106615,101,76,25
S00106616,49,34,15
S00106617,39,24,15
S00106618,91,66,25
S00106619,100,64,36
S00106620,113,85,28
S00106621,72,41,31
S00106622,73,60,13
S00106623,88,65,23
S00106624,73,55,18
S00106625,49,40,9
S00106626,89,53,36
S00106627,43,30,13
S00106628,58,43,15
S00106629,84,53,31
S00106630,52,41,11
S00106631,96,67,29
S00106632,66,55,11
S00106633,85,70,15
S00106634,55,42,13
S00106635,83,63,20
S00106636,48,29,19
S00106637,104,72,32
S00106638,43,29,14
S00106639,83,52,31
S00106640,63,37,26
S00106641,72,44,28
S00106642,112,70,42
S00106643,130,80,50
S00106644,83,46,37
S00106645,44,24,20
S00106646,73,61,12
S00106647,68,43,25
S00106648,82,48,34
S00106649,87,57,30
S00106650,83,50,33
S00106651,64,31,33
S00106652,80,55,25
S00106653,91,59,32
S00106654,54,42,12
S00106655,48,30,18
S00106656,52,33,19
S00106657,96,55,41
S00106658,94,82,12
S00106659,59,48,11
S00106660,59,51,8
S00106661,50,21,29
S00106662,120,75,45
S00106663,93,52,41
S00106664,124,101,23
S00106665,93,59,34
S00106666,98,57,41
S00106667,66,44,22
S00106668,75,52,23
S00106669,68,40,28
S00106670,88,57,31
S00106671,46,20,26
S00106672,62,53,9
S00106673,66,50,16
S00106674,63,39,24
S00106675,64,46,18
S00106676,86,64,22
S00106677,57,36,21
S00106678,76,65,11
S00106679,85,56,29
S00106680,49,39,10
S00106681,84,74,10
S00106682,34,15,19
S00106683,91,60,31
S00106684,71,63,8
S00106685,48,32,16
S00106686,30,20,10
S00106687,41,31,10
S00106688,42,28,14
S00106689,46,34,12
S00106690,55,36,19
S00106691,66,55,11
S00106692,93,51,42
S00106693,63,35,28
S00106694,83,58,25
S00106695,94,68,26
S00106696,86,54,32
S00106697,70,43,27
S00106698,65,48,17
S00106699,79,51,28
S00106700,81,62,19
S00106701,65,49,16
S00106702,73,35,38
S00106703,91,66,25
S00106704,71,50,21
S00106705,37,29,8
S00106706,86,58,28
S00106707,39,24,15
S00106708,77,54,23
S00106709,56,32,24
S00106710,58,32,26
S00106711,114,89,25
S00106712,70,46,24
S00106713,64,54,10
S00106714,105,58,47
S00106715,46,33,13
S00106716,46,32,14
S00106717,97,43,54
S00106718,65,52,13
S00106719,77,59,18
S00106720,105,69,36
S00106721,127,84,43
S00106722,65,42,23
S00106723,66,36,30
S00106724,48,33,15
S00106725,120,81,39
S00106726,87,77,10
S00106727,72,61,11
S00106728,73,63,10
S00106729,52,46,6
S00106730,101,69,32
S00106731,53,37,16
S00106732,48,39,9
S00106733,64,37,27
S00106734,97,78,19
S00106735,79,39,40
S00106736,123,87,36
S00106737,104,60,44
S00106738,105,64,41
S00106739,126,55,71
S00106740,28,9,19
S00106741,54,25,29
S00106742,32,23,9
S00106743,104,62,42
S00106744,90,78,12
S00106745,57,50,7
S00106746,80,57,23
S00106747,58,44,14
S00106748,111,95,16
S00106749,55,43,12
S00106750,60,47,13
S00106751,65,50,15
S00106752,72,37,35
S00106753,102,75,27
S00106754,100,71,29
S00106755,79,62,17
S00106756,70,58,12
S00106757,60,47,13
S00106758,70,64,6
S00106759,63,48,15
S00106760,92,77,15
S00106761,47,36,11
S00106762,80,73,7
S00106763,83,73,10
S00106764,54,37,17
S00106765,55,50,5
S00106766,65,56,9
S00106767,74,53,21
S00106768,53,37,16
S00106769,75,32,43
S00106770,78,54,24
S00106771,103,74,29
S00106772,61,54,7
S00106773,75,51,24
S00106774,84,45,39
S00106775,50,31,19
S00106776,50,35,15
S00106777,58,26,32
S00106778,40,19,21
S00106779,65,38,27
S00106780,104,91,13
S00106781,48,39,9
S00106782,53,38,15
S00106783,88,71,17
S00106784,46,41,5
S00106785,55,50,5
S00106786,92,61,31
S00106787,106,48,58
S00106788,101,51,50
S00106789,71,32,39
S00106790,37,27,10
S00106791,94,65,29
S00106792,81,47,34
S00106793,34,1,33
S00106794,87,69,18
S00106795,81,59,22
S00106796,104,86,18
S00106797,46,42,4
S00106798,73,61,12
S00106799,62,49,13
S00106800,64,47,17
S00106801,68,52,16
S00106802,114,90,24
S00106803,79,65,14
S00106804,57,45,12
S00106805,75,57,18
S00106806,51,26,25
S00106807,78,44,34
S00106808,66,40,26
S00106809,70,56,14
S00106810,61,48,13
S00106811,46,34,12
S00106812,92,65,27
S00106813,58,42,16
S00106814,71,53,18
S00106815,64,53,11
S00106816,42,27,15
S00106817,57,37,20
S00106818,27,11,16
S00106819,97,83,14
S00106820,29,3,26
S00106821,75,48,27
S00106822,61,44,17
S00106823,78,62,16
S00106824,108,87,21
S00106825,97,86,11
S00106826,56,44,12
S00106827,67,57,10
S00106828,42,35,7
S00106829,78,54,24
S00106830,42,20,22
S00106831,78,54,24
S00106832,78,56,22
S00106833,66,45,21
S00106834,91,71,20
S00106835,44,37,7
S00106836,94,71,23
S00106837,57,35,22
S00106838,87,51,36
S00106839,93,67,26
S00106840,128,93,35
S00106841,115,94,21
S00106842,81,55,26
S00106843,48,36,12
S00106844,45,24,21
S00106845,49,31,18
S00106846,86,76,10
S00106847,67,56,11
S00106848,50,40,10
S00106849,112,92,20
S00106850,71,52,19
S00106851,102,77,25
S00106852,35,20,15
S00106853,108,78,30
S00106854,85,65,20
S00106855,56,37,19
S00106856,107,92,15
S00106857,88,75,13
S00106858,100,89,11
S00106859,55,43,12
S00106860,82,49,33
S00106861,90,53,37
S00106862,56,37,19
S00106863,92,62,30
S00106864,73,54,19
S00106865,102,74,28
S00106866,80,62,18
S00106867,106,84,22
S00106868,117,100,17
S00106869,65,49,16
S00106870,81,68,13
S00106871,464,182,282
S00106872,75,30,45
S00106873,267,98,169
S00106874,65,15,50
S00106875,67,45,22
S00106876,51,30,21
S00106877,94,60,34
S00106878,70,36,34
S00106879,172,102,70
S00106880,99,51,48
S00106881,81,52,29
S00106882,98,73,25
S00106883,153,97,56
S00106884,100,78,22
S00106885,88,71,17
S00106886,101,71,30
S00106887,60,49,11
S00106888,73,58,15
S00106889,51,35,16
S00106890,87,71,16
S00106891,66,52,14
S00106892,89,76,13
S00106893,110,100,10
S00106894,113,97,16
S00106895,78,69,9
S00106896,62,39,23
S00106897,86,50,36
S00106898,84,58,26
S00106899,51,22,29
S00106900,75,56,19
S00106901,53,33,20
S00106902,119,83,36
S00106903,47,32,15
S00106904,102,80,22
S00106905,79,65,14
S00106906,75,53,22
S00106907,91,53,38
S00106908,130,95,35
S00106909,110,68,42
S00106910,106,66,40
S00106911,101,51,50
S00106912,101,63,38
S00106913,88,52,36
S00106914,77,35,42
S00106915,78,61,17
S00106916,95,56,39
S00106917,296,142,154
S00106918,108,84,24
S00106919,305,139,166
S00106920,89,62,27
S00106921,125,89,36
S00106922,89,71,18
S00106923,93,74,19
S00106924,398,126,272
S00106925,122,68,54
S00106926,283,84,199
S00106927,86,69,17
S00106928,101,56,45
S00106929,54,41,13
S00106930,74,51,23
S00106931,174,115,59
S00106932,348,176,172
S00106933,56,43,13
S00106934,71,56,15
S00106935,71,57,14
S00106936,57,45,12
S00106937,7,2,5
S00106938,53,44,9
S00106939,64,59,5
S00106940,67,60,7
S00106941,44,35,9
S00106942,74,50,24
S00106943,46,28,18
S00106944,82,67,15
S00106945,77,69,8
S00106946,66,56,10
S00106947,82,71,11
S00106948,76,66,10
S00106949,98,85,13
S00106950,42,35,7
S00106951,78,57,21
S00106952,87,78,9
S00106953,76,62,14
S00106954,90,59,31
S00106955,40,28,12
S00106956,73,47,26
S00106957,102,77,25
S00106958,47,38,9
S00106959,89,68,21
S00106960,81,63,18
S00106961,94,74,20
S00106962,101,74,27
S00106963,113,102,11
S00106964,63,42,21
S00106965,95,68,27
S00106966,84,43,41
S00106967,61,45,16
S00106968,119,92,27
S00106969,92,62,30
S00106970,117,73,44
S00106971,92,61,31
S00106972,91,76,15
S00106973,91,61,30
S00106974,99,79,20
S00106975,99,76,23
S00106976,96,74,22
S00106977,87,60,27
S00106978,69,51,18
S00106979,12,3,9
S00106980,90,69,21
S00106981,73,53,20
S00106982,38,18,20
S00106983,51,26,25
S00106984,74,61,13
S00106985,79,50,29
S00106986,41,16,25
S00106987,73,48,25
S00106988,75,49,26
S00106989,39,26,13
S00106990,43,10,33
S00106991,60,35,25
S00106992,98,60,38
S00106993,62,48,14
S00106994,68,51,17
S00106995,109,72,37
S00106996,99,70,29
S00106997,62,52,10
S00106998,51,37,14
S00106999,71,47,24
S00107000,52,40,12
S00107001,74,45,29
S00107002,60,34,26
S00107003,62,28,34
S00107004,89,72,17
S00107005,113,74,39
S00107006,90,83,7
S00107007,49,37,12
S00107008,125,58,67
S00107009,52,44,8
S00107010,87,73,14
S00107011,63,40,23
S00107012,50,33,17
S00107013,133,92,41
S00107014,136,124,12
S00107015,110,89,21
S00107016,82,73,9
S00107017,45,35,10
S00107018,121,100,21
S00107019,102,91,11
S00107020,54,50,4
S00107021,74,64,10
S00107022,53,30,23
S00107023,63,59,4
S00107024,52,48,4
S00107025,70,58,12
S00107026,57,53,4
S00107027,105,90,15
S00107028,74,63,11
S00107029,67,59,8
S00107030,75,72,3
S00107031,89,71,18
S00107032,133,118,15
S00107033,86,68,18
S00107034,116,92,24
S00107035,82,69,13
S00107036,64,53,11
S00107037,116,90,26
S00107038,53,31,22
S00107039,68,45,23
S00107040,62,52,10
S00107041,78,63,15
S00107042,61,49,12
S00107043,74,41,33
S00107044,55,49,6
S00107045,89,83,6
S00107046,52,50,2
S00107047,114,88,26
S00107048,126,116,10
S00107049,80,61,19
S00107050,77,41,36
S00107051,96,54,42
S00107052,95,55,40
S00107053,95,52,43
S00107054,46,24,22
S00107055,109,97,12
S00107056,122,109,13
S00107057,64,59,5
S00107058,86,78,8
S00107059,76,72,4
S00107060,57,39,18
S00107061,114,92,22
S00107062,78,72,6
S00107063,67,32,35
S00107064,52,41,11
S00107065,111,97,14
S00107066,114,92,22
S00107067,57,35,22
S00107068,60,54,6
S00107069,102,96,6
S00107070,84,69,15
S00107071,83,72,11
S00107072,104,71,33
S00107073,42,22,20
S00107074,119,118,1
S00107075,126,102,24
S00107076,122,111,11
S00107077,88,47,41
S00107078,137,121,16
S00107079,59,42,17
S00107080,96,83,13
S00107081,89,78,11
S00107082,127,91,36
S00107083,114,97,17
S00107084,107,101,6
S00107085,86,78,8
S00107086,83,69,14
S00107087,102,88,14
S00107088,113,102,11
S00107089,86,56,30
S00107090,121,105,16
S00107091,51,35,16
S00107092,89,78,11
S00107093,71,60,11
S00107094,60,34,26
S00107095,81,60,21
S00107096,155,135,20
S00107097,81,65,16
S00107098,88,65,23
S00107099,100,89,11
S00107100,83,58,25
S00107101,61,46,15
S00107102,102,72,30
S00107103,103,81,22
S00107104,100,85,15
S00107105,83,60,23
S00107106,67,57,10
S00107107,185,105,80
S00107108,66,51,15
S00107109,63,48,15
S00107110,69,45,24
S00107111,96,76,20
S00107112,85,71,14
S00107113,61,54,7
S00107114,77,63,14
S00107115,69,56,13
S00107116,117,91,26
S00107117,75,53,22
S00107118,77,57,20
S00107119,103,72,31
S00107120,89,64,25
S00107121,49,40,9
S00107122,127,102,25
S00107123,58,54,4
S00107124,73,58,15
S00107125,68,59,9
S00107126,62,51,11
S00107127,102,75,27
S00107128,90,82,8
S00107129,151,132,19
S00107130,101,85,16
S00107131,72,68,4
S00107132,147,131,16
S00107133,59,46,13
S00107134,95,73,22
S00107135,110,91,19
S00107136,58,43,15
S00107137,50,40,10
S00107138,100,79,21
S00107139,122,93,29
S00107140,83,74,9
S00107141,66,49,17
S00107142,66,54,12
S00107143,71,64,7
S00107144,86,68,18
S00107145,66,54,12
S00107146,61,55,6
S00107147,51,43,8
S00107148,146,119,27
S00107149,66,52,14
S00107150,60,35,25
S00107151,49,34,15
S00107152,67,52,15
S00107153,72,63,9
S00107154,56,49,7
S00107155,82,64,18
S00107156,112,96,16
S00107157,98,89,9
S00107158,71,59,12
S00107159,82,67,15
S00107160,97,77,20
S00107161,95,61,34
S00107162,92,67,25
S00107163,80,62,18
S00107164,43,31,12
S00107165,129,103,26
S00107166,52,44,8
S00107167,40,29,11
S00107168,58,52,6
S00107169,64,42,22
S00107170,41,27,14
S00107171,89,65,24
S00107172,49,31,18
S00107173,76,55,21
S00107174,86,50,36
S00107175,101,55,46
S00107176,59,43,16
S00107177,65,45,20
S00107178,50,37,13
S00107179,55,42,13
S00107180,99,70,29
S00107181,46,27,19
S00107182,100,78,22
S00107183,44,27,17
S00107184,120,97,23
S00107185,113,93,20
S00107186,112,87,25
S00107187,134,92,42
S00107188,117,82,35
S00107189,43,29,14
S00107190,93,56,37
S00107191,66,52,14
S00107192,83,46,37
S00107193,43,26,17
S00107194,109,88,21
S00107195,42,23,19
S00107196,47,33,14
S00107197,54,27,27
S00107198,67,40,27
S00107199,128,67,61
S00107200,76,41,35
S00107201,84,51,33
S00107202,56,36,20
S00107203,138,69,69
S00107204,80,40,40
S00107205,56,40,16
S00107206,81,44,37
S00107207,56,24,32
S00107208,136,75,61
S00107209,96,89,7
S00107210,106,82,24
S00107211,86,69,17
S00107212,71,56,15
S00107213,89,72,17
S00107214,116,86,30
S00107215,182,58,124
S00107216,82,40,42
S00107217,114,51,63
S00107218,230,70,160
S00107219,140,71,69
S00107220,112,51,61
S00107221,75,37,38
S00107222,104,57,47
S00107223,118,48,70
S00107224,74,34,40
S00107225,59,23,36
S00107226,61,32,29
S00107227,92,44,48
S00107228,241,118,123
S00107229,52,33,19
S00107230,89,53,36
S00107231,176,61,115
S00107232,82,50,32
S00107233,126,48,78
S00107234,79,30,49
S00107235,63,29,34
S00107236,63,28,35
S00107237,133,80,53
S00107238,141,76,65
S00107239,94,44,50
S00107240,93,34,59
S00107241,141,77,64
S00107242,76,52,24
S00107243,87,51,36
S00107244,65,39,26
S00107245,131,45,86
S00107246,113,72,41
S00107247,142,79,63
S00107248,139,47,92
S00107249,88,48,40
S00107250,79,36,43
S00107251,40,24,16
S00107252,65,44,21
S00107253,102,76,26
S00107254,65,27,38
S00107255,47,35,12
S00107256,103,72,31
S00107257,64,36,28
S00107258,24,15,9
S00107259,70,46,24
S00107260,19,3,16
S00107261,58,26,32
S00107262,45,26,19
S00107263,47,38,9
S00107264,90,66,24
S00107265,79,58,21
S00107266,53,32,21
S00107267,105,68,37
S00107268,128,88,40
S00107269,70,48,22
S00107270,110,80,30
S00107271,114,65,49
S00107272,72,47,25
S00107273,42,23,19
S00107274,16,0,16
S00107275,63,29,34
S00107276,104,75,29
S00107277,60,43,17
S00107278,123,69,54
S00107279,60,47,13
S00107280,92,68,24
S00107281,292,96,196
S00107282,107,85,22
S00107283,45,35,10
S00107284,97,69,28
S00107285,87,74,13
S00107286,102,74,28
S00107287,61,39,22
S00107288,88,65,23
S00107289,90,60,30
S00107290,56,43,13
S00107291,84,63,21
S00107292,86,69,17
S00107293,75,59,16
S00107294,129,97,32
S00107295,112,83,29
S00107296,113,84,29
S00107297,136,103,33
S00107298,87,75,12
S00107299,103,66,37
S00107300,86,67,19
S00107301,145,116,29
S00107302,83,65,18
S00107303,66,52,14
S00107304,86,61,25
S00107305,86,77,9
S00107306,50,43,7
S00107307,69,58,11
S00107308,189,93,96
S00107309,112,92,20
S00107310,116,95,21
S00107311,96,80,16
S00107312,60,45,15
S00107313,121,91,30
S00107314,52,40,12
S00107315,68,41,27
S00107316,67,50,17
S00107317,77,60,17
S00107318,80,53,27
S00107319,64,42,22
S00107320,63,34,29
S00107321,55,41,14
S00107322,106,61,45
S00107323,62,52,10
S00107324,111,81,30
S00107325,114,93,21
S00107326,113,83,30
S00107327,124,81,43
S00107328,87,63,24
S00107329,63,47,16
S00107330,91,65,26
S00107331,74,53,21
S00107332,89,70,19
S00107333,96,69,27
S00107334,133,107,26
S00107335,69,61,8
S00107336,55,42,13
S00107337,101,73,28
S00107338,89,63,26
S00107339,63,43,20
S00107340,95,79,16
S00107341,112,93,19
S00107342,56,42,14
S00107343,81,47,34
S00107344,123,85,38
S00107345,60,32,28
S00107346,46,29,17
S00107347,74,45,29
S00107348,62,37,25
S00107349,65,18,47
S00107350,101,58,43
S00107351,42,25,17
S00107352,44,23,21
S00107353,71,46,25
S00107354,96,55,41
S00107355,81,52,29
S00107356,94,56,38
S00107357,95,59,36
S00107358,45,36,9
S00107359,47,37,10
S00107360,81,57,24
S00107361,77,61,16
S00107362,66,54,12
S00107363,68,47,21
S00107364,68,55,13
S00107365,66,44,22
S00107366,86,72,14
S00107367,27,11,16
S00107368,20,5,15
S00107369,52,41,11
S00107370,103,75,28
S00107371,62,46,16
S00107372,94,77,17
S00107373,118,96,22
S00107374,105,74,31
S00107375,85,76,9
S00107376,84,72,12
S00107377,67,46,21
S00107378,49,43,6
S00107379,63,49,14
S00107380,43,22,21
S00107381,72,40,32
S00107382,86,63,23
S00107383,42,34,8
S00107384,73,40,33
S00107385,81,67,14
S00107386,91,79,12
S00107387,40,30,10
S00107388,86,63,23
S00107389,53,27,26
S00107390,59,44,15
S00107391,84,66,18
S00107392,58,46,12
S00107393,82,65,17
S00107394,88,63,25
S00107395,63,52,11
S00107396,100,71,29
S00107397,46,40,6
S00107398,96,82,14
S00107399,49,41,8
S00107400,81,78,3
S00107401,61,50,11
S00107402,136,115,21
S00107403,101,80,21
S00107404,69,55,14
S00107405,94,78,16
S00107406,88,77,11
S00107407,122,100,22
S00107408,95,65,30
S00107409,134,114,20
S00107410,78,59,19
S00107411,89,71,18
S00107412,65,33,32
S00107413,72,53,19
S00107414,43,33,10
S00107415,71,42,29
S00107416,52,31,21
S00107417,113,93,20
S00107418,35,3,32
S00107419,148,116,32
S00107420,121,74,47
S00107421,96,64,32
S00107422,170,139,31
S00107423,106,83,23
S00107424,63,48,15
S00107425,53,46,7
S00107426,76,59,17
S00107427,112,89,23
S00107428,61,38,23
S00107429,34,22,12
S00107430,84,55,29
S00107431,95,68,27
S00107432,104,63,41
S00107433,87,59,28
S00107434,51,40,11
S00107435,142,85,57
S00107436,114,87,27
S00107437,88,59,29
S00107438,138,81,57
S00107439,66,35,31
S00107440,129,81,48
S00107441,124,79,45
S00107442,53,22,31
S00107443,76,47,29
S00107444,167,118,49
S00107445,59,51,8
S00107446,58,47,11
S00107447,52,41,11
S00107448,117,82,35
S00107449,92,54,38
S00107450,107,63,44
S00107451,87,54,33
S00107452,72,49,23
S00107453,106,63,43
S00107454,154,117,37
S00107455,47,34,13
S00107456,65,47,18
S00107457,89,71,18
S00107458,95,69,26
S00107459,107,71,36
S00107460,75,58,17
S00107461,63,46,17
S00107462,69,50,19
S00107463,155,100,55
S00107464,92,80,12
S00107465,124,105,19
S00107466,126,87,39
S00107467,61,57,4
S00107468,40,23,17
S00107469,60,36,24
S00107470,56,46,10
S00107471,92,66,26
S00107472,76,52,24
S00107473,71,52,19
S00107474,63,46,17
S00107475,89,68,21
S00107476,68,31,37
S00107477,21,1,20
S00107478,75,57,18
S00107479,97,71,26
S00107480,65,45,20
S00107481,86,60,26
S00107482,101,67,34
S00107483,108,83,25
S00107484,58,41,17
S00107485,93,46,47
S00107486,41,12,29
S00107487,106,77,29
S00107488,145,77,68
S00107489,85,37,48
S00107490,69,33,36
S00107491,102,62,40
S00107492,70,51,19
S00107493,96,67,29
S00107494,47,23,24
S00107495,67,41,26
S00107496,131,79,52
S00107497,64,28,36
S00107498,47,26,21
S00107499,88,45,43
S00107500,75,55,20
S00107501,117,82,35
S00107502,42,21,21
S00107503,79,51,28
S00107504,68,49,19
S00107505,118,68,50
S00107506,72,47,25
S00107507,115,85,30
S00107508,121,78,43
S00107509,101,64,37
S00107510,50,31,19
S00107511,66,55,11
S00107512,82,51,31
S00107513,75,38,37
S00107514,107,53,54
S00107515,58,41,17
S00107516,75,50,25
S00107517,80,39,41
S00107518,179,83,96
S00107519,70,51,19
S00107520,147,98,49
S00107521,100,66,34
S00107522,103,87,16
S00107523,147,121,26
S00107524,115,87,28
S00107525,126,92,34
S00107526,85,60,25
S00107527,39,16,23
S00107528,48,39,9
S00107529,76,59,17
S00107530,145,112,33
S00107531,86,72,14
S00107532,88,49,39
S00107533,91,62,29
S00107534,123,95,28
S00107535,114,81,33
S00107536,67,49,18
S00107537,90,52,38
S00107538,43,22,21
S00107539,56,39,17
S00107540,96,83,13
S00107541,103,83,20
S00107542,122,103,19
S00107543,114,79,35
S00107544,112,96,16
S00107545,78,65,13
S00107546,116,99,17
S00107547,121,97,24
S00107548,55,32,23
S00107549,57,41,16
S00107550,127,106,21
S00107551,46,40,6
S00107552,126,85,41
S00107553,50,42,8
S00107554,113,104,9
S00107555,114,89,25
S00107556,81,64,17
S00107557,101,70,31
S00107558,104,83,21
S00107559,99,60,39
S00107560,83,60,23
S00107561,101,71,30
S00107562,62,42,20
S00107563,116,77,39
S00107564,58,41,17
S00107565,104,77,27
S00107566,112,84,28
S00107567,50,37,13
S00107568,92,58,34
S00107569,102,71,31
S00107570,149,122,27
S00107571,119,90,29
S00107572,62,55,7
S00107573,126,108,18
S00107574,130,104,26
S00107575,80,61,19
S00107576,100,74,26
S00107577,80,63,17
S00107578,114,80,34
S00107579,101,82,19
S00107580,63,44,19
S00107581,61,44,17
S00107582,106,59,47
S00107583,86,52,34
S00107584,65,53,12
S00107585,68,53,15
S00107586,132,88,44
S00107587,46,34,12
S00107588,87,72,15
S00107589,94,73,21
S00107590,100,78,22
S00107591,64,51,13
S00107592,82,71,11
S00107593,120,94,26
S00107594,118,106,12
S00107595,75,65,10
S00107596,79,69,10
S00107597,101,88,13
S00107598,58,37,21
S00107599,101,79,22
S00107600,91,27,64
S00107601,91,62,29
S00107602,87,78,9
S00107603,97,78,19
S00107604,197,159,38
S00107605,171,135,36
S00107606,109,92,17
S00107607,96,41,55
S00107608,92,42,50
S00107609,93,54,39
S00107610,99,55,44
S00107611,77,46,31
S00107612,70,49,21
S00107613,124,88,36
S00107614,72,45,27
S00107615,64,35,29
S00107616,77,60,17
S00107617,135,103,32
S00107618,73,57,16
S00107619,133,108,25
S00107620,71,57,14
S00107621,56,30,26
S00107622,72,30,42
S00107623,74,42,32
S00107624,102,61,41
S00107625,100,60,40
S00107626,88,61,27
S00107627,72,61,11
S00107628,118,95,23
S00107629,55,41,14
S00107630,89,59,30
S00107631,103,82,21
S00107632,83,47,36
S00107633,95,81,14
S00107634,71,64,7
S00107635,97,81,16
S00107636,78,67,11
S00107637,119,102,17
S00107638,69,56,13
S00107639,50,40,10
S00107640,73,55,18
S00107641,130,89,41
S00107642,94,77,17
S00107643,110,83,27
S00107644,172,157,15
S00107645,156,140,16
S00107646,60,49,11
S00107647,81,63,18
S00107648,66,49,17
S00107649,89,45,44
S00107650,87,72,15
S00107651,143,128,15
S00107652,105,77,28
S00107653,85,60,25
S00107654,82,56,26
S00107655,50,34,16
S00107656,78,61,17
S00107657,146,135,11
S00107658,100,92,8
S00107659,69,58,11
S00107660,59,36,23
S00107661,96,65,31
S00107662,149,126,23
S00107663,171,108,63
S00107664,142,127,15
S00107665,115,101,14
S00107666,102,89,13
S00107667,115,109,6
S00107668,143,112,31
S00107669,113,102,11
S00107670,93,85,8
S00107671,101,73,28
S00107672,61,50,11
S00107673,99,86,13
S00107674,106,84,22
S00107675,62,48,14
S00107676,134,89,45
S00107677,87,62,25
S00107678,64,38,26
S00107679,89,50,39
S00107680,90,65,25
S00107681,97,76,21
S00107682,65,44,21
S00107683,53,45,8
S00107684,99,69,30
S00107685,101,64,37
S00107686,67,44,23
S00107687,115,71,44
S00107688,88,63,25
S00107689,105,61,44
S00107690,73,47,26
S00107691,80,46,34
S00107692,72,45,27
S00107693,58,40,18
S00107694,130,93,37
S00107695,134,92,42
S00107696,76,57,19
S00107697,67,42,25
S00107698,97,62,35
S00107699,105,87,18
S00107700,126,80,46
S00107701,130,94,36
S00107702,73,60,13
S00107703,48,32,16
S00107704,77,59,18
S00107705,42,15,27
S00107706,72,57,15
S00107707,80,62,18
S00107708,97,65,32
S00107709,96,61,35
S00107710,72,49,23
S00107711,65,51,14
S00107712,69,48,21
S00107713,106,76,30
S00107714,144,107,37
S00107715,104,65,39
S00107716,132,92,40
S00107717,143,124,19
S00107718,103,83,20
S00107719,107,74,33
S00107720,71,38,33
S00107721,98,73,25
S00107722,64,30,34
S00107723,70,46,24
S00107724,99,74,25
S00107725,93,66,27
S00107726,67,39,28
S00107727,72,49,23
S00107728,103,96,7
S00107729,138,95,43
S00107730,66,42,24
S00107731,99,66,33
S00107732,85,65,20
S00107733,72,66,6
S00107734,72,60,12
S00107735,138,117,21
S00107736,57,46,11
S00107737,94,78,16
S00107738,39,5,34
S00107739,33,11,22
S00107740,35,6,29
S00107741,33,5,28
S00107742,31,10,21
S00107743,32,8,24
S00107744,36,11,25
S00107745,37,3,34
S00107746,38,14,24
S00107747,22,5,17
S00107748,36,8,28
S00107749,28,5,23
S00107750,30,4,26
S00107751,25,5,20
S00107752,64,45,19
S00107753,46,36,10
S00107754,116,81,35
S00107755,35,26,9
S00107756,78,54,24
S00107757,112,77,35
S00107758,105,62,43
S00107759,54,41,13
S00107760,82,70,12
S00107761,110,84,26
S00107762,80,59,21
S00107763,107,71,36
S00107764,85,62,23
S00107765,101,76,25
S00107766,91,55,36
S00107767,161,119,42
S00107768,137,99,38
S00107769,92,70,22
S00107770,82,54,28
S00107771,80,55,25
S00107772,93,72,21
S00107773,124,87,37
S00107774,103,71,32
S00107775,93,65,28
S00107776,66,38,28
S00107777,128,89,39
S00107778,97,64,33
S00107779,122,67,55
S00107780,100,63,37
S00107781,50,23,27
S00107782,67,37,30
S00107783,62,44,18
S00107784,55,39,16
S00107785,88,53,35
S00107786,92,60,32
S00107787,102,56,46
S00107788,78,53,25
S00107789,85,46,39
S00107790,107,58,49
S00107791,93,51,42
S00107792,68,40,28
S00107793,97,61,36
S00107794,83,59,24
S00107795,88,68,20
S00107796,72,50,22
S00107797,65,47,18
S00107798,74,50,24
S00107799,42,7,35
S00107800,77,42,35
S00107801,68,49,19
S00107802,48,37,11
S00107803,39,6,33
S00107804,91,38,53
S00107805,126,72,54
S00107806,86,67,19
S00107807,37,27,10
S00107808,43,28,15
S00107809,62,44,18
S00107810,73,43,30
S00107811,117,84,33
S00107812,115,86,29
S00107813,83,61,22
S00107814,69,54,15
S00107815,70,47,23
S00107816,85,62,23
S00107817,66,41,25
S00107818,89,69,20
S00107819,58,36,22
S00107820,55,40,15
S00107821,79,62,17
S00107822,59,44,15
S00107823,67,46,21
S00107824,86,53,33
S00107825,73,57,16
S00107826,77,53,24
S00107827,68,46,22
S00107828,113,97,16
S00107829,74,54,20
S00107830,85,60,25
S00107831,109,72,37
S00107832,73,52,21
S00107833,100,68,32
S00107834,35,13,22
S00107835,57,47,10
S00107836,72,41,31
S00107837,79,60,19
S00107838,105,67,38
S00107839,99,62,37
S00107840,124,87,37
S00107841,66,45,21
S00107842,66,50,16
S00107843,103,71,32
S00107844,60,44,16
S00107845,55,40,15
S00107846,72,48,24
S00107847,85,73,12
S00107848,85,56,29
S00107849,113,76,37
S00107850,83,60,23
S00107851,72,39,33
S00107852,69,52,17
S00107853,64,41,23
S00107854,103,68,35
S00107855,55,43,12
S00107856,95,74,21
S00107857,78,67,11
S00107858,56,34,22
S00107859,65,51,14
S00107860,65,39,26
S00107861,69,42,27
S00107862,62,36,26
S00107863,93,64,29
S00107864,91,68,23
S00107865,93,65,28
S00107866,74,61,13
S00107867,101,67,34
S00107868,48,28,20
S00107869,96,68,28
S00107870,103,67,36
S00107871,66,47,19
S00107872,82,58,24
S00107873,48,37,11
S00107874,84,58,26
S00107875,65,43,22
S00107876,45,28,17
S00107877,77,53,24
S00107878,45,24,21
S00107879,45,32,13
S00107880,102,72,30
S00107881,55,37,18
S00107882,47,34,13
S00107883,66,45,21
S00107884,96,66,30
S00107885,87,58,29
S00107886,116,74,42
S00107887,101,89,12
S00107888,106,93,13
S00107889,108,65,43
S00107890,31,3,28
S00107891,71,46,25
S00107892,63,42,21
S00107893,76,43,33
S00107894,55,46,9
S00107895,59,42,17
S00107896,50,30,20
S00107897,76,56,20
S00107898,45,33,12
S00107899,54,45,9
S00107900,50,34,16
S00107901,68,45,23
S00107902,53,35,18
S00107903,93,74,19
S00107904,84,75,9
S00107905,90,52,38
S00107906,72,65,7
S00107907,67,54,13
S00107908,53,38,15
S00107909,99,65,34
S00107910,101,76,25
S00107911,81,56,25
S00107912,107,81,26
S00107913,58,40,18
S00107914,108,70,38
S00107915,72,52,20
S00107916,85,57,28
S00107917,54,30,24
S00107918,116,92,24
S00107919,91,68,23
S00107920,63,41,22
S00107921,46,35,11
S00107922,101,79,22
S00107923,114,87,27
S00107924,84,64,20
S00107925,75,58,17
S00107926,85,57,28
S00107927,75,49,26
S00107928,146,104,42
S00107929,117,76,41
S00107930,129,81,48
S00107931,82,56,26
S00107932,74,54,20
S00107933,86,53,33
S00107934,102,66,36
S00107935,79,53,26
S00107936,66,40,26
S00107937,111,90,21
S00107938,70,45,25
S00107939,129,86,43
S00107940,65,41,24
S00107941,53,27,26
S00107942,131,111,20
S00107943,101,85,16
S00107944,101,95,6
S00107945,65,54,11
S00107946,62,57,5
S00107947,82,70,12
S00107948,107,67,40
S00107949,72,60,12
S00107950,55,49,6
S00107951,107,68,39
S00107952,85,52,33
S00107953,68,48,20
S00107954,84,47,37
S00107955,69,51,18
S00107956,54,40,14
S00107957,76,58,18
S00107958,64,27,37
S00107959,84,52,32
S00107960,135,71,64
S00107961,73,35,38
S00107962,73,50,23
S00107963,80,51,29
S00107964,86,42,44
S00107965,79,57,22
S00107966,58,39,19
S00107967,104,79,25
S00107968,94,61,33
S00107969,125,91,34
S00107970,59,43,16
S00107971,87,63,24
S00107972,91,60,31
S00107973,74,50,24
S00107974,80,58,22
S00107975,60,38,22
S00107976,44,31,13
S00107977,47,32,15
S00107978,40,28,12
S00107979,66,40,26
S00107980,64,44,20
S00107981,68,46,22
S00107982,68,39,29
S00107983,90,68,22
S00107984,82,48,34
S00107985,71,41,30
S00107986,87,53,34
S00107987,59,35,24
S00107988,65,45,20
S00107989,70,51,19
S00107990,76,48,28
S00107991,103,61,42
S00107992,81,54,27
S00107993,68,51,17
S00107994,89,61,28
S00107995,67,60,7
S00107996,82,57,25
S00107997,77,57,20
S00107998,79,60,19
S00107999,72,52,20
S00108000,42,32,10
S00108001,111,76,35
S00108002,66,50,16
S00108003,86,56,30
S00108004,117,82,35
S00108005,71,47,24
S00108006,72,55,17
S00108007,81,54,27
S00108008,48,29,19
S00108009,82,65,17
S00108010,92,58,34
S00108011,92,68,24
S00108012,84,65,19
S00108013,71,55,16
S00108014,78,47,31
S00108015,78,53,25
S00108016,55,33,22
S00108017,82,55,27
S00108018,90,62,28
S00108019,126,91,35
S00108020,100,65,35
S00108021,82,53,29
S00108022,47,27,20
S00108023,98,67,31
S00108024,86,51,35
S00108025,61,39,22
S00108026,119,81,38
S00108027,55,32,23
S00108028,82,58,24
S00108029,69,42,27
S00108030,133,103,30
S00108031,104,77,27
S00108032,66,48,18
S00108033,73,64,9
S00108034,64,42,22
S00108035,107,81,26
S00108036,52,36,16
S00108037,103,72,31
S00108038,80,59,21
S00108039,73,57,16
S00108040,136,105,31
S00108041,56,36,20
S00108042,92,56,36
S00108043,107,70,37
S00108044,46,30,16
S00108045,75,51,24
S00108046,83,65,18
S00108047,111,80,31
S00108048,113,92,21
S00108049,69,35,34
S00108050,69,38,31
S00108051,54,41,13
S00108052,110,86,24
S00108053,97,69,28
S00108054,87,48,39
S00108055,72,57,15
S00108056,90,60,30
S00108057,126,95,31
S00108058,74,42,32
S00108059,90,62,28
S00108060,71,39,32
S00108061,94,69,25
S00108062,85,64,21
S00108063,31,19,12
S00108064,58,31,27
S00108065,35,20,15
S00108066,110,67,43
S00108067,68,49,19
S00108068,57,35,22
S00108069,54,38,16
S00108070,48,35,13
S00108071,53,43,10
S00108072,64,46,18
S00108073,59,35,24
S00108074,82,57,25
S00108075,68,46,22
S00108076,70,48,22
S00108077,99,75,24
S00108078,90,54,36
S00108079,87,48,39
S00108080,98,70,28
S00108081,86,69,17
S00108082,124,78,46
S00108083,75,49,26
S00108084,75,52,23
S00108085,86,55,31
S00108086,90,60,30
S00108087,92,48,44
S00108088,124,103,21
S00108089,44,24,20
S00108090,85,62,23
S00108091,82,49,33
S00108092,132,79,53
S00108093,72,60,12
S00108094,82,55,27
S00108095,42,23,19
S00108096,111,75,36
S00108097,73,52,21
S00108098,75,50,25
S00108099,56,39,17
S00108100,74,48,26
S00108101,74,47,27
S00108102,76,56,20
S00108103,72,54,18
S00108104,102,63,39
S00108105,88,64,24
S00108106,83,48,35
S00108107,66,48,18
S00108108,96,61,35
S00108109,46,30,16
S00108110,87,61,26
S00108111,62,46,16
S00108112,74,48,26
S00108113,65,50,15
S00108114,104,77,27
S00108115,78,54,24
S00108116,133,92,41
S00108117,98,61,37
S00108118,114,67,47
S00108119,44,34,10
S00108120,68,47,21
S00108121,56,42,14
S00108122,82,52,30
S00108123,93,62,31
S00108124,51,33,18
S00108125,47,36,11
S00108126,57,44,13
S00108127,79,47,32
S00108128,78,47,31
S00108129,96,62,34
S00108130,88,63,25
S00108131,77,46,31
S00108132,72,39,33
S00108133,109,90,19
S00108134,48,33,15
S00108135,67,50,17
S00108136,81,58,23
S00108137,51,37,14
S00108138,144,115,29
S00108139,111,67,44
S00108140,68,47,21
S00108141,90,65,25
S00108142,91,56,35
S00108143,159,117,42
S00108144,78,48,30
S00108145,100,75,25
S00108146,121,87,34
S00108147,121,104,17
S00108148,99,87,12
S00108149,183,159,24
S00108150,92,78,14
S00108151,70,54,16
S00108152,78,62,16
S00108153,102,67,35
S00108154,142,101,41
S00108155,136,93,43
S00108156,90,53,37
S00108157,92,65,27
S00108158,66,50,16
S00108159,114,82,32
S00108160,108,80,28
S00108161,70,51,19
S00108162,99,75,24
S00108163,85,62,23
S00108164,135,104,31
S00108165,76,53,23
S00108166,94,75,19
S00108167,73,42,31
S00108168,135,72,63
S00108169,72,51,21
S00108170,84,59,25
S00108171,54,30,24
S00108172,72,49,23
S00108173,79,45,34
S00108174,67,38,29
S00108175,101,80,21
S00108176,67,57,10
S00108177,94,63,31
S00108178,99,63,36
S00108179,108,69,39
S00108180,104,73,31
S00108181,156,132,24
S00108182,104,84,20
S00108183,103,79,24
S00108184,89,75,14
S00108185,118,87,31
S00108186,128,67,61
S00108187,118,87,31
S00108188,124,104,20
S00108189,42,33,9
S00108190,72,28,44
S00108191,88,46,42
S00108192,84,60,24
S00108193,54,32,22
S00108194,152,112,40
S00108195,60,48,12
S00108196,61,47,14
S00108197,108,71,37
S00108198,89,72,17
S00108199,88,75,13
S00108200,38,16,22
S00108201,87,56,31
S00108202,85,53,32
S00108203,90,55,35
S00108204,96,70,26
S00108205,86,62,24
S00108206,96,58,38
S00108207,112,61,51
S00108208,45,28,17
S00108209,38,30,8
S00108210,87,42,45
S00108211,74,55,19
S00108212,85,43,42
S00108213,75,65,10
S00108214,58,45,13
S00108215,56,41,15
S00108216,92,71,21
S00108217,162,114,48
S00108218,68,52,16
S00108219,86,57,29
S00108220,120,72,48
S00108221,118,91,27
S00108222,50,31,19
S00108223,41,25,16
S00108224,60,19,41
S00108225,103,58,45
S00108226,62,43,19
S00108227,87,59,28
S00108228,89,56,33
S00108229,88,67,21
S00108230,116,80,36
S00108231,75,56,19
S00108232,59,38,21
S00108233,123,69,54
S00108234,87,64,23
S00108235,78,51,27
S00108236,88,65,23
S00108237,152,110,42
S00108238,165,115,50
S00108239,88,64,24
S00108240,76,51,25
S00108241,91,63,28
S00108242,102,75,27
S00108243,105,75,30
S00108244,120,90,30
S00108245,136,98,38
S00108246,69,46,23
S00108247,141,82,59
S00108248,88,60,28
S00108249,117,92,25
S00108250,81,59,22
S00108251,135,85,50
S00108252,66,47,19
S00108253,91,79,12
S00108254,114,103,11
S00108255,93,84,9
S00108256,82,55,27
S00108257,136,129,7
S00108258,87,46,41
S00108259,60,38,22
S00108260,87,62,25
S00108261,91,68,23
S00108262,92,73,19
S00108263,85,55,30
S00108264,101,64,37
S00108265,65,47,18
S00108266,90,64,26
S00108267,37,28,9
S00108268,41,28,13
S00108269,66,28,38
S00108270,99,71,28
S00108271,98,77,21
S00108272,106,71,35
S00108273,113,74,39
S00108274,90,63,27
S00108275,101,70,31
S00108276,65,43,22
S00108277,93,59,34
S00108278,103,55,48
S00108279,85,66,19
S00108280,113,84,29
S00108281,101,61,40
S00108282,82,54,28
S00108283,65,42,23
S00108284,117,79,38
S00108285,112,84,28
S00108286,107,81,26
S00108287,111,90,21
S00108288,107,82,25
S00108289,44,25,19
S00108290,61,42,19
S00108291,66,47,19
S00108292,70,64,6
S00108293,76,58,18
S00108294,112,94,18
S00108295,69,47,22
S00108296,103,76,27
S00108297,85,57,28
S00108298,51,31,20
S00108299,74,46,28
S00108300,143,113,30
S00108301,101,63,38
S00108302,72,58,14
S00108303,70,58,12
S00108304,108,87,21
S00108305,158,125,33
S00108306,80,58,22
S00108307,96,74,22
S00108308,88,70,18
S00108309,109,84,25
S00108310,68,42,26
S00108311,82,50,32
S00108312,73,55,18
S00108313,87,70,17
S00108314,111,77,34
S00108315,122,83,39
S00108316,74,34,40
S00108317,76,51,25
S00108318,98,66,32
S00108319,112,72,40
S00108320,83,53,30
S00108321,70,52,18
S00108322,94,71,23
S00108323,113,77,36
S00108324,108,78,30
S00108325,56,44,12
S00108326,139,93,46
S00108327,87,64,23
S00108328,59,44,15
S00108329,92,65,27
S00108330,98,69,29
S00108331,128,91,37
S00108332,108,81,27
S00108333,118,77,41
S00108334,48,37,11
S00108335,87,52,35
S00108336,91,66,25
S00108337,67,37,30
S00108338,143,107,36
S00108339,154,140,14
S00108340,87,63,24
S00108341,83,58,25
S00108342,96,70,26
S00108343,71,45,26
S00108344,41,31,10
S00108345,64,40,24
S00108346,129,85,44
S00108347,111,60,51
S00108348,127,96,31
S00108349,127,82,45
S00108350,91,68,23
S00108351,83,72,11
S00108352,81,54,27
S00108353,47,31,16
S00108354,65,37,28
S00108355,41,33,8
S00108356,56,34,22
S00108357,83,56,27
S00108358,71,51,20
S00108359,120,85,35
S00108360,112,94,18
S00108361,77,47,30
S00108362,92,71,21
S00108363,143,91,52
S00108364,110,58,52
S00108365,118,74,44
S00108366,104,63,41
S00108367,123,85,38
S00108368,83,64,19
S00108369,104,73,31
S00108370,65,47,18
S00108371,109,89,20
S00108372,64,52,12
S00108373,99,83,16
S00108374,54,46,8
S00108375,76,50,26
S00108376,48,40,8
S00108377,123,106,17
S00108378,124,96,28
S00108379,147,108,39
S00108380,99,57,42
S00108381,109,94,15
S00108382,99,74,25
S00108383,91,48,43
S00108384,72,48,24
S00108385,99,55,44
S00108386,79,51,28
S00108387,73,47,26
S00108388,151,109,42
S00108389,89,70,19
S00108390,50,35,15
S00108391,91,79,12
S00108392,71,45,26
S00108393,77,47,30
S00108394,65,58,7
S00108395,74,41,33
S00108396,110,101,9
S00108397,79,69,10
S00108398,126,77,49
S00108399,85,53,32
S00108400,98,68,30
S00108401,107,68,39
S00108402,91,66,25
S00108403,91,83,8
S00108404,78,49,29
S00108405,57,23,34
S00108406,103,70,33
S00108407,71,42,29
S00108408,68,35,33
S00108409,129,88,41
S00108410,97,69,28
S00108411,75,57,18
S00108412,155,97,58
S00108413,142,91,51
S00108414,118,70,48
S00108415,85,51,34
S00108416,114,77,37
S00108417,62,36,26
S00108418,62,35,27
S00108419,79,50,29
S00108420,105,79,26
S00108421,88,60,28
S00108422,53,38,15
S00108423,44,32,12
S00108424,37,22,15
S00108425,75,56,19
S00108426,77,49,28
S00108427,49,37,12
S00108428,54,40,14
S00108429,128,88,40
S00108430,96,67,29
S00108431,129,91,38
S00108432,92,68,24
S00108433,87,56,31
S00108434,87,64,23
S00108435,86,59,27
S00108436,112,84,28
S00108437,87,63,24
S00108438,100,72,28
S00108439,48,29,19
S00108440,59,37,22
S00108441,105,71,34
S00108442,119,93,26
S00108443,94,58,36
S00108444,64,43,21
S00108445,54,47,7
S00108446,83,56,27
S00108447,132,108,24
S00108448,146,117,29
S00108449,161,118,43
S00108450,128,93,35
S00108451,131,97,34
S00108452,76,51,25
S00108453,87,62,25
S00108454,86,60,26
S00108455,85,58,27
S00108456,68,50,18
S00108457,136,97,39
S00108458,132,83,49
S00108459,84,62,22
S00108460,108,70,38
S00108461,101,67,34
S00108462,112,66,46
S00108463,113,83,30
S00108464,127,88,39
S00108465,79,53,26
S00108466,141,97,44
S00108467,79,53,26
S00108468,111,81,30
S00108469,136,90,46
S00108470,103,74,29
S00108471,77,43,34
S00108472,96,75,21
S00108473,65,43,22
S00108474,74,55,19
S00108475,80,61,19
S00108476,117,78,39
S00108477,66,37,29
S00108478,39,23,16
S00108479,62,43,19
S00108480,65,38,27
S00108481,92,66,26
S00108482,87,67,20
S00108483,74,45,29
S00108484,69,54,15
S00108485,57,44,13
S00108486,97,77,20
S00108487,86,70,16
S00108488,91,65,26
S00108489,71,48,23
S00108490,123,115,8
S00108491,99,89,10
S00108492,64,45,19
S00108493,110,82,28
S00108494,79,52,27
S00108495,43,36,7
S00108496,66,42,24
S00108497,94,59,35
S00108498,71,43,28
S00108499,111,68,43
S00108500,62,46,16
S00108501,135,119,16
S00108502,133,109,24
S00108503,123,90,33
S00108504,72,53,19
S00108505,53,38,15
S00108506,88,73,15
S00108507,48,33,15
S00108508,55,28,27
S00108509,96,68,28
S00108510,74,52,22
S00108511,58,34,24
S00108512,58,40,18
S00108513,60,35,25
S00108514,88,47,41
S00108515,50,29,21
S00108516,99,72,27
S00108517,93,68,25
S00108518,109,75,34
S00108519,88,57,31
S00108520,84,54,30
S00108521,115,79,36
S00108522,106,78,28
S00108523,109,76,33
S00108524,76,42,34
S00108525,100,75,25
S00108526,90,59,31
S00108527,85,38,47
S00108528,56,25,31
S00108529,73,34,39
S00108530,30,12,18
S00108531,77,56,21
S00108532,81,50,31
S00108533,58,44,14
S00108534,123,91,32
S00108535,136,106,30
S00108536,114,80,34
S00108537,127,92,35
S00108538,128,102,26
S00108539,119,93,26
S00108540,77,51,26
S00108541,87,67,20
S00108542,80,58,22
S00108543,72,56,16
S00108544,69,49,20
S00108545,97,78,19
S00108546,102,79,23
S00108547,78,59,19
S00108548,75,39,36
S00108549,82,57,25
S00108550,55,40,15
S00108551,102,68,34
S00108552,55,34,21
S00108553,93,59,34
S00108554,117,79,38
S00108555,79,41,38
S00108556,58,41,17
S00108557,98,52,46
S00108558,63,46,17
S00108559,122,107,15
S00108560,111,81,30
S00108561,62,49,13
S00108562,69,38,31
S00108563,56,39,17
S00108564,111,85,26
S00108565,94,56,38
S00108566,75,52,23
S00108567,85,55,30
S00108568,80,62,18
S00108569,84,51,33
S00108570,77,55,22
S00108571,76,48,28
S00108572,121,71,50
S00108573,87,69,18
S00108574,84,78,6
S00108575,51,40,11
S00108576,74,61,13
S00108577,63,38,25
S00108578,60,37,23
S00108579,81,49,32
S00108580,119,79,40
S00108581,76,54,22
S00108582,84,47,37
S00108583,59,37,22
S00108584,45,32,13
S00108585,83,60,23
S00108586,54,47,7
S00108587,68,43,25
S00108588,53,39,14
S00108589,74,57,17
S00108590,115,78,37
S00108591,68,39,29
S00108592,64,37,27
S00108593,71,36,35
S00108594,40,25,15
S00108595,125,89,36
S00108596,72,51,21
S00108597,186,168,18
S00108598,67,51,16
S00108599,63,48,15
S00108600,83,71,12
S00108601,76,55,21
S00108602,87,58,29
S00108603,142,106,36
S00108604,99,66,33
S00108605,86,70,16
S00108606,128,94,34
S00108607,151,103,48
S00108608,73,44,29
S00108609,63,51,12
S00108610,88,63,25
S00108611,103,76,27
S00108612,57,39,18
S00108613,46,31,15
S00108614,109,76,33
S00108615,94,86,8
S00108616,91,81,10
S00108617,94,88,6
S00108618,146,128,18
S00108619,86,72,14
S00108620,53,37,16
S00108621,50,44,6
S00108622,83,46,37
S00108623,63,45,18
S00108624,54,37,17
S00108625,110,80,30
S00108626,60,39,21
S00108627,82,54,28
S00108628,102,75,27
S00108629,79,60,19
S00108630,48,38,10
S00108631,96,68,28
S00108632,49,30,19
S00108633,40,29,11
S00108634,43,30,13
S00108635,50,41,9
S00108636,129,113,16
S00108637,134,116,18
S00108638,86,62,24
S00108639,39,29,10
S00108640,55,37,18
S00108641,83,65,18
S00108642,45,37,8
S00108643,59,33,26
S00108644,112,97,15
S00108645,124,109,15
S00108646,147,123,24
S00108647,48,32,16
S00108648,46,30,16
S00108649,72,50,22
S00108650,78,57,21
S00108651,151,116,35
S00108652,58,35,23
S00108653,49,30,19
S00108654,64,35,29
S00108655,102,75,27
S00108656,117,86,31
S00108657,91,51,40
S00108658,109,87,22
S00108659,66,41,25
S00108660,88,59,29
S00108661,63,45,18
S00108662,138,96,42
S00108663,70,49,21
S00108664,101,61,40
S00108665,91,56,35
S00108666,52,30,22
S00108667,87,52,35
S00108668,59,43,16
S00108669,69,43,26
S00108670,105,91,14
S00108671,86,58,28
S00108672,62,52,10
S00108673,71,45,26
S00108674,152,138,14
S00108675,52,33,19
S00108676,70,56,14
S00108677,81,64,17
S00108678,54,35,19
S00108679,70,47,23
S00108680,61,41,20
S00108681,121,95,26
S00108682,81,63,18
S00108683,96,74,22
S00108684,54,36,18
S00108685,53,38,15
S00108686,84,54,30
S00108687,80,66,14
S00108688,122,83,39
S00108689,155,102,53
S00108690,43,6,37
S00108691,33,5,28
S00108692,33,10,23
S00108693,34,4,30
S00108694,27,4,23
S00108695,48,3,45
S00108696,50,31,19
S00108697,94,65,29
S00108698,73,42,31
S00108699,54,44,10
S00108700,59,39,20
S00108701,81,53,28
S00108702,61,44,17
S00108703,59,47,12
S00108704,83,55,28
S00108705,94,63,31
S00108706,61,45,16
S00108707,136,97,39
S00108708,61,39,22
S00108709,73,53,20
S00108710,96,64,32
S00108711,105,68,37
S00108712,62,49,13
S00108713,55,41,14
S00108714,59,48,11
S00108715,57,41,16
S00108716,56,33,23
S00108717,104,63,41
S00108718,69,38,31
S00108719,66,45,21
S00108720,49,26,23
S00108721,96,65,31
S00108722,48,38,10
S00108723,122,106,16
S00108724,60,45,15
S00108725,117,101,16
S00108726,198,181,17
S00108727,130,105,25
S00108728,79,66,13
S00108729,111,94,17
S00108730,147,125,22
S00108731,140,127,13
S00108732,139,111,28
S00108733,151,143,8
S00108734,134,118,16
S00108735,106,81,25
S00108736,53,42,11
S00108737,102,82,20
S00108738,108,84,24
S00108739,66,52,14
S00108740,116,101,15
S00108741,151,135,16
S00108742,145,122,23
S00108743,130,102,28
S00108744,65,47,18
S00108745,83,61,22
S00108746,82,63,19
S00108747,176,129,47
S00108748,156,132,24
S00108749,95,68,27
S00108750,131,107,24
S00108751,65,58,7
S00108752,66,50,16
S00108753,85,66,19
S00108754,58,41,17
S00108755,90,70,20
S00108756,147,125,22
S00108757,58,40,18
S00108758,41,32,9
S00108759,105,91,14
S00108760,101,78,23
S00108761,69,60,9
S00108762,115,101,14
S00108763,91,72,19
S00108764,93,81,12
S00108765,47,40,7
S00108766,88,59,29
S00108767,61,49,12
S00108768,77,62,15
S00108769,38,5,33
S00108770,40,24,16
S00108771,31,6,25
S00108772,66,53,13
S00108773,49,38,11
S00108774,78,64,14
S00108775,40,28,12
S00108776,122,70,52
S00108777,46,28,18
S00108778,109,79,30
S00108779,102,72,30
S00108780,63,47,16
S00108781,83,55,28
S00108782,39,22,17
S00108783,93,65,28
S00108784,88,50,38
S00108785,135,110,25
S00108786,70,46,24
S00108787,74,48,26
S00108788,87,75,12
S00108789,92,53,39
S00108790,52,40,12
S00108791,69,49,20
S00108792,43,30,13
S00108793,83,70,13
S00108794,121,96,25
S00108795,151,110,41
S00108796,90,73,17
S00108797,81,57,24
S00108798,84,77,7
S00108799,105,88,17
S00108800,117,103,14
S00108801,90,71,19
S00108802,121,95,26
S00108803,106,85,21
S00108804,76,57,19
S00108805,67,54,13
S00108806,150,118,32
S00108807,113,97,16
S00108808,103,82,21
S00108809,53,43,10
S00108810,38,27,11
S00108811,84,55,29
S00108812,71,61,10
S00108813,46,36,10
S00108814,94,37,57
S00108815,57,36,21
S00108816,92,63,29
S00108817,75,62,13
S00108818,99,66,33
S00108819,57,38,19
S00108820,63,50,13
S00108821,60,41,19
S00108822,75,50,25
S00108823,69,41,28
S00108824,57,41,16
S00108825,71,44,27
S00108826,59,37,22
S00108827,98,56,42
S00108828,98,71,27
S00108829,77,56,21
S00108830,89,70,19
S00108831,94,73,21
S00108832,93,79,14
S00108833,113,90,23
S00108834,88,65,23
S00108835,53,38,15
S00108836,84,68,16
S00108837,72,57,15
S00108838,64,54,10
S00108839,84,61,23
S00108840,56,42,14
S00108841,72,57,15
S00108842,92,66,26
S00108843,56,41,15
S00108844,125,68,57
S00108845,121,90,31
S00108846,61,44,17
S00108847,104,63,41
S00108848,55,36,19
S00108849,45,34,11
S00108850,132,100,32
S00108851,584,110,474
S00108852,82,78,4
S00108853,91,73,18
S00108854,100,87,13
S00108855,108,95,13
S00108856,50,31,19
S00108857,105,96,9
S00108858,62,47,15
S00108859,23,7,16
S00108860,68,48,20
S00108861,100,75,25
S00108862,104,69,35
S00108863,56,33,23
S00108864,113,70,43
S00108865,153,122,31
S00108866,95,60,35
S00108867,55,48,7
S00108868,114,105,9
S00108869,64,45,19
S00108870,58,48,10
S00108871,82,70,12
S00108872,95,78,17
S00108873,70,62,8
S00108874,126,86,40
S00108875,80,56,24
S00108876,81,65,16
S00108877,70,55,15
S00108878,78,62,16
S00108879,152,118,34
S00108880,86,38,48
S00108881,110,86,24
S00108882,57,27,30
S00108883,97,66,31
S00108884,58,39,19
S00108885,101,85,16
S00108886,118,102,16
S00108887,78,64,14
S00108888,147,122,25
S00108889,42,32,10
S00108890,106,86,20
S00108891,75,48,27
S00108892,88,81,7
S00108893,68,38,30
S00108894,110,78,32
S00108895,87,83,4
S00108896,62,58,4
S00108897,106,96,10
S00108898,67,50,17
S00108899,43,37,6
S00108900,67,50,17
S00108901,105,90,15
S00108902,113,100,13
S00108903,54,49,5
S00108904,93,71,22
S00108905,76,43,33
S00108906,135,87,48
S00108907,87,63,24
S00108908,75,51,24
S00108909,52,41,11
S00108910,63,52,11
S00108911,47,30,17
S00108912,99,56,43
S00108913,68,58,10
S00108914,148,104,44
S00108915,59,39,20
S00108916,74,52,22
S00108917,79,45,34
S00108918,165,146,19
S00108919,91,78,13
S00108920,148,120,28
S00108921,45,34,11
S00108922,49,25,24
S00108923,41,26,15
S00108924,178,147,31
S00108925,102,76,26
S00108926,66,49,17
S00108927,54,42,12
S00108928,96,81,15
S00108929,71,56,15
S00108930,129,99,30
S00108931,59,48,11
S00108932,132,99,33
S00108933,153,131,22
S00108934,79,55,24
S00108935,98,56,42
S00108936,66,54,12
S00108937,93,42,51
S00108938,62,39,23
S00108939,60,44,16
S00108940,91,53,38
S00108941,101,88,13
S00108942,75,50,25
S00108943,103,61,42
S00108944,98,54,44
S00108945,62,37,25
S00108946,96,67,29
S00108947,76,58,18
S00108948,66,48,18
S00108949,122,99,23
S00108950,115,97,18
S00108951,111,97,14
S00108952,133,94,39
S00108953,71,50,21
S00108954,44,32,12
S00108955,87,57,30
S00108956,86,58,28
S00108957,156,109,47
S00108958,117,94,23
S00108959,125,96,29
S00108960,108,93,15
S00108961,111,84,27
S00108962,173,135,38
S00108963,108,90,18
S00108964,73,41,32
S00108965,103,96,7
S00108966,145,124,21
S00108967,43,35,8
S00108968,66,41,25
S00108969,143,131,12
S00108970,68,62,6
S00108971,25,13,12
S00108972,58,37,21
S00108973,78,54,24
S00108974,109,79,30
S00108975,59,50,9
S00108976,117,95,22
S00108977,56,36,20
S00108978,138,98,40
S00108979,125,102,23
S00108980,94,74,20
S00108981,56,47,9
S00108982,128,112,16
S00108983,206,165,41
S00108984,110,94,16
S00108985,95,83,12
S00108986,99,84,15
S00108987,103,72,31
S00108988,79,48,31
S00108989,73,43,30
S00108990,72,39,33
S00108991,69,51,18
S00108992,39,33,6
S00108993,69,58,11
S00108994,83,77,6
S00108995,98,83,15
S00108996,86,57,29
S00108997,87,63,24
S00108998,70,48,22
S00108999,123,87,36
S00109000,89,59,30
S00109001,122,54,68
S00109002,112,81,31
S00109003,62,32,30
S00109004,98,53,45
S00109005,139,130,9
S00109006,39,33,6
S00109007,117,91,26
S00109008,61,35,26
S00109009,102,27,75
S00109010,49,35,14
S00109011,90,72,18
S00109012,120,86,34
S00109013,54,37,17
S00109014,47,32,15
S00109015,33,23,10
S00109016,129,95,34
S00109017,131,92,39
S00109018,92,77,15
S00109019,129,82,47
S00109020,136,120,16
S00109021,89,77,12
S00109022,102,81,21
S00109023,57,48,9
S00109024,70,53,17
S00109025,90,65,25
S00109026,61,37,24
S00109027,76,46,30
S00109028,113,90,23
S00109029,110,83,27
S00109030,89,62,27
S00109031,51,22,29
S00109032,123,78,45
S00109033,63,49,14
S00109034,92,56,36
S00109035,101,64,37
S00109036,136,101,35
S00109037,111,79,32
S00109038,118,82,36
S00109039,91,70,21
S00109040,96,67,29
S00109041,124,76,48
S00109042,86,53,33
S00109043,106,71,35
S00109044,78,56,22
S00109045,86,68,18
S00109046,109,80,29
S00109047,53,37,16
S00109048,56,42,14
S00109049,60,44,16
S00109050,45,27,18
S00109051,116,88,28
S00109052,76,57,19
S00109053,73,54,19
S00109054,115,86,29
S00109055,63,51,12
S00109056,64,43,21
S00109057,52,35,17
S00109058,102,68,34
S00109059,77,49,28
S00109060,111,60,51
S00109061,67,34,33
S00109062,80,61,19
S00109063,110,73,37
S00109064,73,46,27
S00109065,70,51,19
S00109066,75,49,26
S00109067,113,72,41
S00109068,36,30,6
S00109069,100,69,31
S00109070,67,42,25
S00109071,80,57,23
S00109072,83,61,22
S00109073,73,52,21
S00109074,74,45,29
S00109075,66,43,23
S00109076,69,46,23
S00109077,62,41,21
S00109078,63,32,31
S00109079,92,58,34
S00109080,104,82,22
S00109081,101,74,27
S00109082,83,69,14
S00109083,87,63,24
S00109084,98,73,25
S00109085,130,95,35
S00109086,79,51,28
S00109087,50,37,13
S00109088,55,45,10
S00109089,66,45,21
S00109090,135,105,30
S00109091,151,122,29
S00109092,86,72,14
S00109093,94,62,32
S00109094,88,67,21
S00109095,82,62,20
S00109096,64,47,17
S00109097,82,58,24
S00109098,85,57,28
S00109099,93,64,29
S00109100,77,61,16
S00109101,59,42,17
S00109102,99,58,41
S00109103,67,45,22
S00109104,98,70,28
S00109105,54,41,13
S00109106,130,99,31
S00109107,58,37,21
S00109108,75,49,26
S00109109,48,35,13
S00109110,88,57,31
S00109111,65,49,16
S00109112,77,47,30
S00109113,56,36,20
S00109114,114,77,37
S00109115,83,60,23
S00109116,148,98,50
S00109117,98,73,25
S00109118,117,68,49
S00109119,156,111,45
S00109120,102,74,28
S00109121,48,27,21
S00109122,117,69,48
S00109123,81,61,20
S00109124,106,63,43
S00109125,110,76,34
S00109126,118,68,50
S00109127,83,51,32
S00109128,92,65,27
S00109129,79,57,22
S00109130,70,51,19
S00109131,85,60,25
S00109132,74,47,27
S00109133,100,66,34
S00109134,81,61,20
S00109135,139,95,44
S00109136,72,61,11
S00109137,61,44,17
S00109138,137,81,56
S00109139,135,103,32
S00109140,92,68,24
S00109141,92,79,13
S00109142,113,87,26
S00109143,100,58,42
S00109144,116,92,24
S00109145,129,87,42
S00109146,120,88,32
S00109147,79,42,37
S00109148,106,76,30
S00109149,114,92,22
S00109150,84,65,19
S00109151,95,74,21
S00109152,64,52,12
S00109153,114,69,45
S00109154,119,80,39
S00109155,98,67,31
S00109156,122,77,45
S00109157,128,93,35
S00109158,66,35,31
S00109159,125,83,42
S00109160,100,72,28
S00109161,75,57,18
S00109162,81,57,24
S00109163,61,44,17
S00109164,53,33,20
S00109165,103,53,50
S00109166,104,53,51
S00109167,96,53,43
S00109168,92,57,35
S00109169,82,46,36
S00109170,97,65,32
S00109171,107,70,37
S00109172,97,66,31
S00109173,87,53,34
S00109174,57,44,13
S00109175,93,72,21
S00109176,54,33,21
S00109177,127,93,34
S00109178,58,47,11
S00109179,145,88,57
S00109180,105,82,23
S00109181,96,79,17
S00109182,66,51,15
S00109183,78,70,8
S00109184,71,59,12
S00109185,89,77,12
S00109186,89,70,19
S00109187,353,341,12
S00109188,52,47,5
S00109189,112,84,28
S00109190,161,95,66
S00109191,142,114,28
S00109192,70,59,11
S00109193,66,62,4
S00109194,117,101,16
S00109195,154,111,43
S00109196,123,97,26
S00109197,127,81,46
S00109198,76,66,10
S00109199,79,71,8
S00109200,92,74,18
S00109201,181,157,24
S00109202,136,98,38
S00109203,104,76,28
S00109204,99,50,49
S00109205,132,94,38
S00109206,67,33,34
S00109207,76,58,18
S00109208,72,50,22
S00109209,46,21,25
S00109210,85,57,28
S00109211,63,43,20
S00109212,59,35,24
S00109213,69,45,24
S00109214,116,89,27
S00109215,101,63,38
S00109216,68,53,15
S00109217,63,46,17
S00109218,73,45,28
S00109219,103,82,21
S00109220,88,54,34
S00109221,96,64,32
S00109222,90,61,29
S00109223,107,82,25
S00109224,101,72,29
S00109225,106,81,25
S00109226,109,73,36
S00109227,95,74,21
S00109228,82,59,23
S00109229,82,53,29
S00109230,92,61,31
S00109231,73,57,16
S00109232,78,56,22
S00109233,72,41,31
S00109234,83,54,29
S00109235,57,39,18
S00109236,98,67,31
S00109237,91,69,22
S00109238,92,67,25
S00109239,76,57,19
S00109240,73,50,23
S00109241,69,49,20
S00109242,92,62,30
S00109243,116,82,34
S00109244,111,90,21
S00109245,61,34,27
S00109246,73,51,22
S00109247,119,88,31
S00109248,92,66,26
S00109249,104,69,35
S00109250,81,54,27
S00109251,72,49,23
S00109252,76,42,34
S00109253,63,45,18
S00109254,92,73,19
S00109255,58,42,16
S00109256,54,40,14
S00109257,111,70,41
S00109258,109,70,39
S00109259,73,53,20
S00109260,113,82,31
S00109261,94,56,38
S00109262,85,54,31
S00109263,78,62,16
S00109264,108,72,36
S00109265,105,85,20
S00109266,73,50,23
S00109267,95,66,29
S00109268,72,45,27
S00109269,103,83,20
S00109270,59,52,7
S00109271,50,35,15
S00109272,55,46,9
S00109273,76,48,28
S00109274,56,33,23
S00109275,104,70,34
S00109276,118,79,39
S00109277,98,63,35
S00109278,77,45,32
S00109279,53,44,9
S00109280,99,71,28
S00109281,86,67,19
S00109282,94,69,25
S00109283,59,34,25
S00109284,120,103,17
S00109285,65,47,18
S00109286,77,67,10
S00109287,84,61,23
S00109288,102,79,23
S00109289,75,56,19
S00109290,73,59,14
S00109291,84,61,23
S00109292,66,47,19
S00109293,18,3,15
S00109294,69,44,25
S00109295,68,55,13
S00109296,115,69,46
S00109297,41,28,13
S00109298,123,71,52
S00109299,63,45,18
S00109300,80,49,31
S00109301,93,65,28
S00109302,70,50,20
S00109303,93,56,37
S00109304,92,67,25
S00109305,56,37,19
S00109306,44,26,18
S00109307,136,85,51
S00109308,92,61,31
S00109309,53,40,13
S00109310,64,47,17
S00109311,74,39,35
S00109312,92,65,27
S00109313,49,29,20
S00109314,61,40,21
S00109315,63,46,17
S00109316,50,36,14
S00109317,113,89,24
S00109318,112,88,24
S00109319,112,76,36
S00109320,70,44,26
S00109321,73,60,13
S00109322,109,68,41
S00109323,83,47,36
S00109324,84,55,29
S00109325,70,43,27
S00109326,69,43,26
S00109327,76,49,27
S00109328,97,58,39
S00109329,93,69,24
S00109330,80,53,27
S00109331,39,28,11
S00109332,59,26,33
S00109333,78,51,27
S00109334,125,78,47
S00109335,71,48,23
S00109336,91,61,30
S00109337,82,44,38
S00109338,121,81,40
S00109339,92,48,44
S00109340,69,30,39
S00109341,98,56,42
S00109342,85,53,32
S00109343,55,26,29
S00109344,60,41,19
S00109345,65,33,32
S00109346,91,50,41
S00109347,91,58,33
S00109348,73,51,22
S00109349,110,64,46
S00109350,58,32,26
S00109351,85,54,31
S00109352,60,39,21
S00109353,90,62,28
S00109354,81,60,21
S00109355,80,52,28
S00109356,81,57,24
S00109357,50,34,16
S00109358,73,46,27
S00109359,80,51,29
S00109360,80,58,22
S00109361,64,46,18
S00109362,119,69,50
S00109363,128,85,43
S00109364,101,68,33
S00109365,103,74,29
S00109366,135,101,34
S00109367,67,41,26
S00109368,130,79,51
S00109369,90,83,7
S00109370,116,76,40
S00109371,110,70,40
S00109372,56,36,20
S00109373,79,56,23
S00109374,87,48,39
S00109375,68,59,9
S00109376,81,60,21
S00109377,64,47,17
S00109378,129,85,44
S00109379,118,76,42
S00109380,102,77,25
S00109381,85,56,29
S00109382,132,95,37
S00109383,71,50,21
S00109384,93,77,16
S00109385,86,72,14
S00109386,62,53,9
S00109387,54,45,9
S00109388,81,69,12
S00109389,69,59,10
S00109390,136,80,56
S00109391,86,65,21
S00109392,94,65,29
S00109393,85,58,27
S00109394,86,60,26
S00109395,48,35,13
S00109396,47,29,18
S00109397,121,90,31
S00109398,77,58,19
S00109399,82,57,25
S00109400,83,52,31
S00109401,61,38,23
S00109402,72,39,33
S00109403,87,59,28
S00109404,82,57,25
S00109405,87,70,17
S00109406,116,92,24
S00109407,29,12,17
S00109408,115,84,31
S00109409,60,44,16
S00109410,104,72,32
S00109411,64,59,5
S00109412,94,70,24
S00109413,77,67,10
S00109414,79,64,15
S00109415,72,57,15
S00109416,89,64,25
S00109417,73,52,21
S00109418,76,54,22
S00109419,93,63,30
S00109420,105,53,52
S00109421,64,45,19
S00109422,100,69,31
S00109423,54,24,30
S00109424,60,35,25
S00109425,112,85,27
S00109426,146,110,36
S00109427,125,98,27
S00109428,130,95,35
S00109429,89,60,29
S00109430,72,43,29
S00109431,91,62,29
S00109432,56,36,20
S00109433,69,44,25
S00109434,76,53,23
S00109435,87,59,28
S00109436,73,52,21
S00109437,61,25,36
S00109438,39,28,11
S00109439,64,37,27
S00109440,68,36,32
S00109441,38,27,11
S00109442,117,80,37
S00109443,44,35,9
S00109444,55,38,17
S00109445,42,27,15
S00109446,107,74,33
S00109447,37,25,12
S00109448,53,34,19
S00109449,70,41,29
S00109450,63,47,16
S00109451,69,39,30
S00109452,72,42,30
S00109453,89,58,31
S00109454,135,93,42
S00109455,82,60,22
S00109456,63,38,25
S00109457,73,49,24
S00109458,86,53,33
S00109459,65,39,26
S00109460,51,28,23
S00109461,88,48,40
S00109462,54,32,22
S00109463,84,42,42
S00109464,138,91,47
S00109465,84,58,26
S00109466,124,83,41
S00109467,45,35,10
S00109468,93,64,29
S00109469,81,54,27
S00109470,76,53,23
S00109471,108,70,38
S00109472,62,53,9
S00109473,127,92,35
S00109474,141,101,40
S00109475,124,84,40
S00109476,91,60,31
S00109477,120,94,26
S00109478,97,63,34
S00109479,93,64,29
S00109480,131,86,45
S00109481,47,36,11
S00109482,131,97,34
S00109483,68,56,12
S00109484,81,46,35
S00109485,124,84,40
S00109486,135,96,39
S00109487,85,63,22
S00109488,128,90,38
S00109489,84,58,26
S00109490,149,112,37
S00109491,61,48,13
S00109492,63,37,26
S00109493,102,68,34
S00109494,134,93,41
S00109495,79,43,36
S00109496,114,85,29
S00109497,114,104,10
S00109498,70,60,10
S00109499,72,62,10
S00109500,83,52,31
S00109501,66,56,10
S00109502,65,51,14
S00109503,17,10,7
S00109504,68,49,19
S00109505,90,58,32
S00109506,76,65,11
S00109507,100,71,29
S00109508,111,78,33
S00109509,63,43,20
S00109510,128,96,32
S00109511,145,114,31
S00109512,102,82,20
S00109513,76,59,17
S00109514,153,117,36
S00109515,145,106,39
S00109516,140,111,29
S00109517,121,91,30
S00109518,92,71,21
S00109519,86,58,28
S00109520,99,60,39
S00109521,90,50,40
S00109522,91,62,29
S00109523,106,66,40
S00109524,110,74,36
S00109525,48,28,20
S00109526,72,45,27
S00109527,86,56,30
S00109528,46,35,11
S00109529,42,36,6
S00109530,87,73,14
S00109531,40,27,13
S00109532,105,74,31
S00109533,77,58,19
S00109534,105,83,22
S00109535,111,90,21
S00109536,106,83,23
S00109537,106,73,33
S00109538,88,65,23
S00109539,98,72,26
S00109540,113,89,24
S00109541,93,54,39
S00109542,69,48,21
S00109543,86,76,10
S00109544,85,55,30
S00109545,73,62,11
S00109546,83,59,24
S00109547,63,46,17
S00109548,107,78,29
S00109549,66,47,19
S00109550,114,82,32
S00109551,41,22,19
S00109552,85,54,31
S00109553,73,37,36
S00109554,66,41,25
S00109555,48,24,24
S00109556,38,31,7
S00109557,72,44,28
S00109558,147,95,52
S00109559,111,70,41
S00109560,73,46,27
S00109561,77,57,20
S00109562,106,85,21
S00109563,110,75,35
S00109564,160,109,51
S00109565,88,62,26
S00109566,66,30,36
S00109567,108,71,37
S00109568,62,50,12
S00109569,114,77,37
S00109570,103,78,25
S00109571,100,50,50
S00109572,84,53,31
S00109573,59,55,4
S00109574,75,60,15
S00109575,44,31,13
S00109576,91,69,22
S00109577,87,72,15
S00109578,88,81,7
S00109579,71,63,8
S00109580,82,65,17
S00109581,57,54,3
S00109582,116,94,22
S00109583,77,61,16
S00109584,121,88,33
S00109585,104,74,30
S00109586,63,50,13
S00109587,82,53,29
S00109588,117,75,42
S00109589,102,66,36
S00109590,106,78,28
S00109591,140,118,22
S00109592,68,54,14
S00109593,93,66,27
S00109594,96,73,23
S00109595,53,36,17
S00109596,83,60,23
S00109597,60,38,22
S00109598,103,83,20
S00109599,88,69,19
S00109600,49,41,8
S00109601,80,59,21
S00109602,78,46,32
S00109603,92,75,17
S00109604,52,32,20
S00109605,46,24,22
S00109606,94,67,27
S00109607,94,68,26
S00109608,62,51,11
S00109609,61,38,23
S00109610,58,33,25
S00109611,68,41,27
S00109612,105,70,35
S00109613,99,72,27
S00109614,107,79,28
S00109615,85,54,31
S00109616,45,36,9
S00109617,113,73,40
S00109618,96,65,31
S00109619,106,65,41
S00109620,102,80,22
S00109621,79,61,18
S00109622,101,81,20
S00109623,50,36,14
S00109624,86,62,24
S00109625,96,73,23
S00109626,146,97,49
S00109627,79,54,25
S00109628,63,36,27
S00109629,82,58,24
S00109630,95,61,34
S00109631,80,48,32
S00109632,58,37,21
S00109633,117,69,48
S00109634,93,53,40
S00109635,78,47,31
S00109636,59,36,23
S00109637,137,95,42
S00109638,71,52,19
S00109639,79,60,19
S00109640,63,53,10
S00109641,64,36,28
S00109642,100,71,29
S00109643,70,44,26
S00109644,65,42,23
S00109645,91,54,37
S00109646,81,52,29
S00109647,104,72,32
S00109648,112,94,18
S00109649,118,80,38
S00109650,95,58,37
S00109651,65,41,24
S00109652,101,69,32
S00109653,92,58,34
S00109654,55,31,24
S00109655,90,66,24
S00109656,65,41,24
S00109657,105,73,32
S00109658,91,59,32
S00109659,98,60,38
S00109660,94,64,30
S00109661,122,78,44
S00109662,82,50,32
S00109663,117,79,38
S00109664,101,71,30
S00109665,71,51,20
S00109666,67,41,26
S00109667,82,57,25
S00109668,82,53,29
S00109669,76,39,37
S00109670,116,79,37
S00109671,86,55,31
S00109672,59,35,24
S00109673,63,50,13
S00109674,93,59,34
S00109675,96,67,29
S00109676,85,52,33
S00109677,91,65,26
S00109678,98,61,37
S00109679,119,83,36
S00109680,59,21,38
S00109681,81,64,17
S00109682,93,69,24
S00109683,55,29,26
S00109684,67,43,24
S00109685,73,51,22
S00109686,101,76,25
S00109687,81,57,24
S00109688,74,50,24
S00109689,115,70,45
S00109690,94,75,19
S00109691,104,80,24
S00109692,96,52,44
S00109693,57,31,26
S00109694,89,64,25
S00109695,84,56,28
S00109696,79,64,15
S00109697,86,62,24
S00109698,75,66,9
S00109699,134,97,37
S00109700,112,98,14
S00109701,115,75,40
S00109702,85,60,25
S00109703,69,51,18
S00109704,86,63,23
S00109705,57,42,15
S00109706,55,35,20
S00109707,88,65,23
S00109708,62,29,33
S00109709,123,81,42
S00109710,75,59,16
S00109711,72,43,29
S00109712,55,37,18
S00109713,76,44,32
S00109714,95,57,38
S00109715,65,46,19
S00109716,101,75,26
S00109717,80,58,22
S00109718,80,53,27
S00109719,77,53,24
S00109720,100,60,40
S00109721,55,33,22
S00109722,58,47,11
S00109723,116,77,39
S00109724,91,63,28
S00109725,70,42,28
S00109726,100,73,27
S00109727,73,56,17
S00109728,85,55,30
S00109729,77,46,31
S00109730,93,79,14
S00109731,93,83,10
S00109732,128,89,39
S00109733,58,40,18
S00109734,137,101,36
S00109735,125,90,35
S00109736,56,42,14
S00109737,174,136,38
S00109738,103,68,35
S00109739,136,82,54
S00109740,60,45,15
S00109741,109,75,34
S00109742,195,153,42
S00109743,89,63,26
S00109744,100,75,25
S00109745,91,62,29
S00109746,74,59,15
S00109747,105,72,33
S00109748,107,72,35
S00109749,42,24,18
S00109750,131,95,36
S00109751,61,33,28
S00109752,117,76,41
S00109753,97,58,39
S00109754,79,58,21
S00109755,60,43,17
S00109756,145,95,50
S00109757,128,87,41
S00109758,97,66,31
S00109759,78,63,15
S00109760,78,63,15
S00109761,59,42,17
S00109762,145,92,53
S00109763,102,76,26
S00109764,115,54,61
S00109765,85,51,34
S00109766,101,58,43
S00109767,71,56,15
S00109768,92,59,33
S00109769,75,53,22
S00109770,125,84,41
S00109771,68,56,12
S00109772,67,47,20
S00109773,82,51,31
S00109774,73,57,16
S00109775,54,36,18
S00109776,115,73,42
S00109777,98,60,38
S00109778,109,74,35
S00109779,71,37,34
S00109780,67,52,15
S00109781,85,58,27
S00109782,56,33,23
S00109783,60,29,31
S00109784,45,31,14
S00109785,102,60,42
S00109786,59,42,17
S00109787,86,56,30
S00109788,112,76,36
S00109789,91,47,44
S00109790,89,53,36
S00109791,69,42,27
S00109792,75,48,27
S00109793,123,92,31
S00109794,112,70,42
S00109795,121,84,37
S00109796,81,51,30
S00109797,109,88,21
S00109798,59,38,21
S00109799,83,50,33
S00109800,79,52,27
S00109801,63,41,22
S00109802,84,56,28
S00109803,87,54,33
S00109804,78,53,25
S00109805,90,53,37
S00109806,74,55,19
S00109807,61,26,35
S00109808,69,57,12
S00109809,97,72,25
S00109810,106,64,42
S00109811,69,41,28
S00109812,150,107,43
S00109813,111,62,49
S00109814,77,49,28
S00109815,53,21,32
S00109816,104,71,33
S00109817,114,87,27
S00109818,122,79,43
S00109819,69,49,20
S00109820,78,59,19
S00109821,92,64,28
S00109822,62,41,21
S00109823,124,89,35
S00109824,98,53,45
S00109825,83,54,29
S00109826,79,52,27
S00109827,67,44,23
S00109828,70,44,26
S00109829,52,29,23
S00109830,117,83,34
S00109831,64,47,17
S00109832,77,53,24
S00109833,76,43,33
S00109834,111,70,41
S00109835,81,50,31
S00109836,92,54,38
S00109837,87,50,37
S00109838,50,30,20
S00109839,50,33,17
S00109840,73,51,22
S00109841,78,56,22
S00109842,63,36,27
S00109843,68,46,22
S00109844,68,39,29
S00109845,63,35,28
S00109846,52,37,15
S00109847,48,27,21
S00109848,77,46,31
S00109849,64,24,40
S00109850,89,56,33
S00109851,129,87,42
S00109852,76,57,19
S00109853,134,100,34
S00109854,123,89,34
S00109855,142,101,41
S00109856,103,65,38
S00109857,140,93,47
S00109858,125,90,35
S00109859,158,96,62
S00109860,63,46,17
S00109861,36,26,10
S00109862,85,52,33
S00109863,57,38,19
S00109864,68,40,28
S00109865,115,77,38
S00109866,113,63,50
S00109867,53,26,27
S00109868,82,64,18
S00109869,70,44,26
S00109870,110,51,59
S00109871,73,44,29
S00109872,49,27,22
S00109873,81,50,31
S00109874,58,38,20
S00109875,88,58,30
S00109876,77,47,30
S00109877,81,59,22
S00109878,123,88,35
S00109879,131,87,44
S00109880,45,30,15
S00109881,90,67,23
S00109882,78,48,30
S00109883,70,42,28
S00109884,89,54,35
S00109885,85,62,23
S00109886,78,58,20
S00109887,67,40,27
S00109888,87,61,26
S00109889,108,56,52
S00109890,84,55,29
S00109891,106,71,35
S00109892,108,75,33
S00109893,102,86,16
S00109894,70,47,23
S00109895,70,52,18
S00109896,76,50,26
S00109897,91,59,32
S00109898,82,53,29
S00109899,64,32,32
S00109900,81,49,32
S00109901,107,71,36
S00109902,75,45,30
S00109903,88,58,30
S00109904,61,31,30
S00109905,96,61,35
S00109906,67,46,21
S00109907,88,61,27
S00109908,87,58,29
S00109909,88,59,29
S00109910,72,56,16
S00109911,56,38,18
S00109912,112,70,42
S00109913,61,38,23
S00109914,42,30,12
S00109915,137,114,23
S00109916,78,62,16
S00109917,76,55,21
S00109918,39,17,22
S00109919,93,46,47
S00109920,55,31,24
S00109921,52,31,21
S00109922,49,30,19
S00109923,78,51,27
S00109924,67,52,15
S00109925,92,48,44
S00109926,66,36,30
S00109927,51,34,17
S00109928,49,30,19
S00109929,39,20,19
S00109930,40,12,28
S00109931,45,19,26
S00109932,113,88,25
S00109933,61,39,22
S00109934,101,78,23
S00109935,106,76,30
S00109936,124,91,33
S00109937,54,37,17
S00109938,58,38,20
S00109939,43,21,22
S00109940,83,55,28
S00109941,64,54,10
S00109942,59,44,15
S00109943,89,72,17
S00109944,69,49,20
S00109945,71,55,16
S00109946,77,43,34
S00109947,55,34,21
S00109948,35,17,18
S00109949,73,55,18
S00109950,81,66,15
S00109951,99,69,30
S00109952,74,46,28
S00109953,59,50,9
S00109954,48,34,14
S00109955,58,50,8
S00109956,82,66,16
S00109957,56,32,24
S00109958,43,33,10
S00109959,97,73,24
S00109960,60,33,27
S00109961,44,31,13
S00109962,47,34,13
S00109963,105,75,30
S00109964,67,52,15
S00109965,95,66,29
S00109966,30,10,20
S00109967,24,7,17
S00109968,118,84,34
S00109969,80,53,27
S00109970,102,88,14
S00109971,125,84,41
S00109972,125,77,48
S00109973,112,65,47
S00109974,128,80,48
S00109975,66,45,21
S00109976,102,66,36
S00109977,58,32,26
S00109978,100,68,32
S00109979,76,50,26
S00109980,57,35,22
S00109981,51,34,17
S00109982,51,28,23
S00109983,58,36,22
S00109984,93,60,33
S00109985,107,92,15
S00109986,65,48,17
S00109987,78,70,8
S00109988,59,39,20
S00109989,77,53,24
S00109990,106,86,20
S00109991,70,46,24
S00109992,68,45,23
S00109993,71,54,17
S00109994,51,27,24
S00109995,58,28,30
S00109996,89,61,28
S00109997,64,32,32
S00109998,89,55,34
S00109999,53,38,15
S00110000,95,78,17
S00110001,58,31,27
S00110002,64,47,17
S00110003,95,56,39
S00110004,45,19,26
S00110005,68,49,19
S00110006,79,57,22
S00110007,92,58,34
S00110008,63,47,16
S00110009,51,36,15
S00110010,100,70,30
S00110011,107,76,31
S00110012,44,23,21
S00110013,41,27,14
S00110014,60,36,24
S00110015,140,101,39
S00110016,98,65,33
S00110017,127,90,37
S00110018,78,59,19
S00110019,66,48,18
S00110020,98,64,34
S00110021,50,27,23
S00110022,61,37,24
S00110023,80,58,22
S00110024,79,54,25
S00110025,56,33,23
S00110026,58,39,19
S00110027,62,38,24
S00110028,46,34,12
S00110029,107,52,55
S00110030,72,39,33
S00110031,35,13,22
S00110032,85,52,33
S00110033,85,62,23
S00110034,59,42,17
S00110035,42,32,10
S00110036,68,45,23
S00110037,66,30,36
S00110038,72,44,28
S00110039,69,38,31
S00110040,72,42,30
S00110041,78,53,25
S00110042,73,34,39
S00110043,72,48,24
S00110044,67,31,36
S00110045,70,40,30
S00110046,88,55,33
S00110047,23,7,16
S00110048,74,48,26
S00110049,81,40,41
S00110050,92,61,31
S00110051,112,70,42
S00110052,88,45,43
S00110053,97,59,38
S00110054,50,34,16
S00110055,70,53,17
S00110056,50,32,18
S00110057,79,51,28
S00110058,61,36,25
S00110059,116,70,46
S00110060,109,63,46
S00110061,124,77,47
S00110062,84,52,32
S00110063,97,71,26
S00110064,83,54,29
S00110065,68,40,28
S00110066,71,51,20
S00110067,85,67,18
S00110068,78,66,12
S00110069,96,86,10
S00110070,77,68,9
S00110071,114,92,22
S00110072,76,64,12
S00110073,113,88,25
S00110074,100,66,34
S00110075,94,55,39
S00110076,58,35,23
S00110077,95,60,35
S00110078,55,45,10
S00110079,48,42,6
S00110080,56,26,30
S00110081,49,34,15
S00110082,92,57,35
S00110083,84,46,38
S00110084,35,17,18
S00110085,65,39,26
S00110086,80,48,32
S00110087,52,31,21
S00110088,64,41,23
S00110089,76,49,27
S00110090,97,53,44
S00110091,103,66,37
S00110092,94,72,22
S00110093,57,49,8
S00110094,61,43,18
S00110095,83,46,37
S00110096,64,49,15
S00110097,67,50,17
S00110098,60,53,7
S00110099,70,51,19
S00110100,44,29,15
S00110101,63,43,20
S00110102,66,43,23
S00110103,77,61,16
S00110104,95,73,22
S00110105,42,24,18
S00110106,92,64,28
S00110107,100,89,11
S00110108,57,34,23
S00110109,89,66,23
S00110110,101,64,37
S00110111,97,66,31
S00110112,101,66,35
S00110113,121,79,42
S00110114,113,83,30
S00110115,99,52,47
S00110116,118,78,40
S00110117,130,94,36
S00110118,115,87,28
S00110119,83,71,12
S00110120,66,48,18
S00110121,115,92,23
S00110122,70,52,18
S00110123,83,48,35
S00110124,127,87,40
S00110125,71,49,22
S00110126,103,63,40
S00110127,65,31,34
S00110128,57,40,17
S00110129,150,112,38
S00110130,139,113,26
S00110131,81,53,28
S00110132,76,51,25
S00110133,128,90,38
S00110134,80,53,27
S00110135,75,51,24
S00110136,58,33,25
S00110137,67,44,23
S00110138,83,50,33
S00110139,67,48,19
S00110140,87,54,33
S00110141,95,68,27
S00110142,78,58,20
S00110143,52,30,22
S00110144,89,53,36
S00110145,107,69,38
S00110146,79,56,23
S00110147,105,74,31
S00110148,84,62,22
S00110149,100,56,44
S00110150,105,77,28
S00110151,86,63,23
S00110152,85,58,27
S00110153,65,25,40
S00110154,84,34,50
S00110155,68,48,20
S00110156,75,54,21
S00110157,68,44,24
S00110158,99,78,21
S00110159,118,79,39
S00110160,92,67,25
S00110161,73,49,24
S00110162,76,48,28
S00110163,80,48,32
S00110164,104,67,37
S00110165,93,61,32
S00110166,82,59,23
S00110167,128,92,36
S00110168,119,66,53
S00110169,103,71,32
S00110170,93,64,29
S00110171,79,57,22
S00110172,86,68,18
S00110173,114,92,22
S00110174,81,64,17
S00110175,99,67,32
S00110176,94,55,39
S00110177,90,59,31
S00110178,94,71,23
S00110179,65,46,19
S00110180,71,49,22
S00110181,105,67,38
S00110182,81,53,28
S00110183,78,61,17
S00110184,129,90,39
S00110185,128,98,30
S00110186,85,62,23
S00110187,80,50,30
S00110188,77,50,27
S00110189,100,73,27
S00110190,131,96,35
S00110191,56,32,24
S00110192,62,50,12
S00110193,86,61,25
S00110194,68,35,33
S00110195,57,38,19
S00110196,53,28,25
S00110197,69,45,24
S00110198,72,42,30
S00110199,49,34,15
S00110200,49,28,21
S00110201,73,57,16
S00110202,99,63,36
S00110203,82,63,19
S00110204,105,70,35
S00110205,113,76,37
S00110206,109,70,39
S00110207,83,54,29
S00110208,137,84,53
S00110209,110,68,42
S00110210,89,55,34
S00110211,90,66,24
S00110212,73,51,22
S00110213,68,43,25
S00110214,111,79,32
S00110215,66,44,22
S00110216,119,83,36
S00110217,91,73,18
S00110218,51,27,24
S00110219,71,44,27
S00110220,107,74,33
S00110221,105,69,36
S00110222,100,76,24
S00110223,94,67,27
S00110224,60,44,16
S00110225,79,56,23
S00110226,84,51,33
S00110227,69,45,24
S00110228,62,49,13
S00110229,70,41,29
S00110230,99,68,31
S00110231,75,47,28
S00110232,86,61,25
S00110233,59,36,23
S00110234,63,39,24
S00110235,73,51,22
S00110236,81,47,34
S00110237,61,39,22
S00110238,138,85,53
S00110239,95,67,28
S00110240,62,38,24
S00110241,39,14,25
S00110242,102,90,12
S00110243,107,75,32
S00110244,77,52,25
S00110245,197,123,74
S00110246,65,43,22
S00110247,118,84,34
S00110248,137,90,47
S00110249,85,55,30
S00110250,32,13,19
S00110251,125,83,42
S00110252,73,59,14
S00110253,66,53,13
S00110254,103,76,27
S00110255,97,57,40
S00110256,142,87,55
S00110257,88,58,30
S00110258,71,45,26
S00110259,59,29,30
S00110260,63,40,23
S00110261,96,54,42
S00110262,73,41,32
S00110263,95,59,36
S00110264,82,47,35
S00110265,82,58,24
S00110266,97,69,28
S00110267,91,59,32
S00110268,67,43,24
S00110269,49,29,20
S00110270,92,53,39
S00110271,96,60,36
S00110272,59,38,21
S00110273,103,66,37
S00110274,72,39,33
S00110275,46,27,19
S00110276,137,97,40
S00110277,95,61,34
S00110278,86,48,38
S00110279,50,35,15
S00110280,58,45,13
S00110281,75,45,30
S00110282,51,35,16
S00110283,80,59,21
S00110284,69,41,28
S00110285,74,57,17
S00110286,100,74,26
S00110287,73,47,26
S00110288,116,82,34
S00110289,126,87,39
S00110290,93,53,40
S00110291,91,73,18
S00110292,108,60,48
S00110293,115,74,41
S00110294,91,45,46
S00110295,91,50,41
S00110296,96,60,36
S00110297,75,45,30
S00110298,100,56,44
S00110299,112,75,37
S00110300,116,72,44
S00110301,84,55,29
S00110302,73,37,36
S00110303,69,44,25
S00110304,75,49,26
S00110305,78,53,25
S00110306,102,72,30
S00110307,71,49,22
S00110308,88,67,21
S00110309,85,51,34
S00110310,66,42,24
S00110311,55,36,19
S00110312,82,52,30
S00110313,117,67,50
S00110314,106,73,33
S00110315,56,34,22
S00110316,102,59,43
S00110317,97,51,46
S00110318,89,59,30
S00110319,58,43,15
S00110320,133,96,37
S00110321,73,55,18
S00110322,77,39,38
S00110323,107,66,41
S00110324,93,55,38
S00110325,91,63,28
S00110326,99,57,42
S00110327,73,39,34
S00110328,39,24,15
S00110329,42,23,19
S00110330,89,58,31
S00110331,140,78,62
S00110332,105,61,44
S00110333,75,38,37
S00110334,75,44,31
S00110335,59,36,23
S00110336,137,86,51
S00110337,91,51,40
S00110338,91,60,31
S00110339,77,42,35
S00110340,92,63,29
S00110341,97,66,31
S00110342,64,48,16
S00110343,69,41,28
S00110344,95,54,41
S00110345,104,71,33
S00110346,117,69,48
S00110347,67,33,34
S00110348,125,77,48
S00110349,91,59,32
S00110350,45,29,16
S00110351,107,64,43
S00110352,91,72,19
S00110353,70,39,31
S00110354,37,15,22
S00110355,62,40,22
S00110356,112,70,42
S00110357,97,70,27
S00110358,85,65,20
S00110359,83,49,34
S00110360,73,49,24
S00110361,101,63,38
S00110362,60,39,21
S00110363,67,46,21
S00110364,73,60,13
S00110365,87,59,28
S00110366,66,54,12
S00110367,61,47,14
S00110368,69,50,19
S00110369,52,25,27
S00110370,61,30,31
S00110371,77,54,23
S00110372,101,68,33
S00110373,51,25,26
S00110374,79,50,29
S00110375,78,43,35
S00110376,55,40,15
S00110377,57,40,17
S00110378,78,46,32
S00110379,82,65,17
S00110380,85,63,22
S00110381,115,92,23
S00110382,77,54,23
S00110383,66,52,14
S00110384,71,37,34
S00110385,98,73,25
S00110386,88,67,21
S00110387,76,53,23
S00110388,69,44,25
S00110389,64,41,23
S00110390,99,58,41
S00110391,65,39,26
S00110392,101,71,30
S00110393,80,54,26
S00110394,109,71,38
S00110395,122,92,30
S00110396,93,64,29
S00110397,48,27,21
S00110398,68,34,34
S00110399,98,66,32
S00110400,63,34,29
S00110401,76,54,22
S00110402,66,42,24
S00110403,43,26,17
S00110404,80,39,41
S00110405,64,46,18
S00110406,95,65,30
S00110407,49,28,21
S00110408,131,89,42
S00110409,80,47,33
S00110410,94,58,36
S00110411,60,33,27
S00110412,62,42,20
S00110413,60,28,32
S00110414,59,33,26
S00110415,86,53,33
S00110416,63,48,15
S00110417,93,55,38
S00110418,80,43,37
S00110419,66,43,23
S00110420,65,41,24
S00110421,64,46,18
S00110422,100,65,35
S00110423,55,36,19
S00110424,69,37,32
S00110425,89,47,42
S00110426,92,55,37
S00110427,73,48,25
S00110428,89,65,24
S00110429,70,45,25
S00110430,74,50,24
S00110431,100,51,49
S00110432,48,27,21
S00110433,63,46,17
S00110434,83,57,26
S00110435,72,44,28
S00110436,74,45,29
S00110437,87,50,37
S00110438,134,96,38
S00110439,78,46,32
S00110440,99,61,38
S00110441,74,48,26
S00110442,81,61,20
S00110443,103,65,38
S00110444,63,39,24
S00110445,109,79,30
S00110446,71,50,21
S00110447,78,58,20
S00110448,109,66,43
S00110449,130,94,36
S00110450,89,67,22
S00110451,94,66,28
S00110452,90,51,39
S00110453,76,42,34
S00110454,110,57,53
S00110455,118,74,44
S00110456,141,84,57
S00110457,111,63,48
S00110458,76,53,23
S00110459,85,42,43
S00110460,97,60,37
S00110461,65,37,28
S00110462,65,45,20
S00110463,62,37,25
S00110464,61,37,24
S00110465,60,27,33
S00110466,54,32,22
S00110467,132,96,36
S00110468,100,48,52
S00110469,77,63,14
S00110470,109,66,43
S00110471,79,48,31
S00110472,82,45,37
S00110473,89,62,27
S00110474,52,30,22
S00110475,68,38,30
S00110476,102,62,40
S00110477,92,51,41
S00110478,75,44,31
S00110479,56,33,23
S00110480,112,69,43
S00110481,113,86,27
S00110482,97,60,37
S00110483,100,68,32
S00110484,62,32,30
S00110485,76,54,22
S00110486,87,62,25
S00110487,77,49,28
S00110488,57,44,13
S00110489,84,60,24
S00110490,52,30,22
S00110491,60,31,29
S00110492,54,40,14
S00110493,99,61,38
S00110494,95,64,31
S00110495,88,50,38
S00110496,41,23,18
S00110497,54,38,16
S00110498,89,56,33
S00110499,56,35,21
S00110500,92,61,31
S00110501,45,30,15
S00110502,59,36,23
S00110503,100,70,30
S00110504,116,68,48
S00110505,67,37,30
S00110506,63,40,23
S00110507,79,28,51
S00110508,70,45,25
S00110509,91,52,39
S00110510,69,39,30
S00110511,71,39,32
S00110512,76,46,30
S00110513,134,73,61
S00110514,101,68,33
S00110515,82,51,31
S00110516,101,56,45
S00110517,60,35,25
S00110518,121,94,27
S00110519,50,34,16
S00110520,146,83,63
S00110521,105,68,37
S00110522,62,40,22
S00110523,75,36,39
S00110524,62,45,17
S00110525,71,46,25
S00110526,47,33,14
S00110527,99,69,30
S00110528,37,22,15
S00110529,70,38,32
S00110530,78,52,26
S00110531,66,43,23
S00110532,62,38,24
S00110533,66,45,21
S00110534,74,39,35
S00110535,66,44,22
S00110536,65,39,26
S00110537,89,48,41
S00110538,70,36,34
S00110539,74,45,29
S00110540,64,36,28
S00110541,49,35,14
S00110542,64,51,13
S00110543,48,32,16
S00110544,44,30,14
S00110545,61,43,18
S00110546,69,62,7
S00110547,72,58,14
S00110548,80,52,28
S00110549,72,50,22
S00110550,106,78,28
S00110551,66,42,24
S00110552,50,36,14
S00110553,26,9,17
S00110554,98,61,37
S00110555,71,39,32
S00110556,85,58,27
S00110557,64,31,33
S00110558,61,38,23
S00110559,77,37,40
S00110560,74,60,14
S00110561,119,71,48
S00110562,62,33,29
S00110563,74,49,25
S00110564,57,33,24
S00110565,70,46,24
S00110566,75,57,18
S00110567,104,78,26
S00110568,105,73,32
S00110569,67,44,23
S00110570,98,75,23
S00110571,75,59,16
S00110572,143,107,36
S00110573,116,94,22
S00110574,96,75,21
S00110575,84,47,37
S00110576,99,69,30
S00110577,79,60,19
S00110578,122,78,44
S00110579,101,61,40
S00110580,111,71,40
S00110581,112,74,38
S00110582,108,71,37
S00110583,97,69,28
S00110584,45,27,18
S00110585,110,71,39
S00110586,102,72,30
S00110587,92,66,26
S00110588,76,44,32
S00110589,90,54,36
S00110590,32,9,23
S00110591,93,60,33
S00110592,81,52,29
S00110593,91,62,29
S00110594,83,65,18
S00110595,77,46,31
S00110596,108,69,39
S00110597,69,40,29
S00110598,83,56,27
S00110599,59,38,21
S00110600,86,64,22
S00110601,74,40,34
S00110602,84,59,25
S00110603,110,65,45
S00110604,89,56,33
S00110605,68,43,25
S00110606,101,68,33
S00110607,102,78,24
S00110608,91,69,22
S00110609,73,44,29
S00110610,112,70,42
S00110611,115,81,34
S00110612,96,55,41
S00110613,73,49,24
S00110614,57,33,24
S00110615,68,57,11
S00110616,78,58,20
S00110617,84,65,19
S00110618,63,28,35
S00110619,118,88,30
S00110620,67,44,23
S00110621,96,67,29
S00110622,59,36,23
S00110623,63,42,21
S00110624,101,58,43
S00110625,56,38,18
S00110626,47,28,19
S00110627,77,40,37
S00110628,107,75,32
S00110629,54,35,19
S00110630,53,29,24
S00110631,74,54,20
S00110632,74,54,20
S00110633,85,58,27
S00110634,95,69,26
S00110635,67,48,19
S00110636,53,38,15
S00110637,85,59,26
S00110638,69,50,19
S00110639,69,44,25
S00110640,78,47,31
S00110641,82,54,28
S00110642,84,63,21
S00110643,59,53,6
S00110644,104,78,26
S00110645,86,64,22
S00110646,94,60,34
S00110647,101,65,36
S00110648,54,39,15
S00110649,80,53,27
S00110650,59,36,23
S00110651,94,58,36
S00110652,62,30,32
S00110653,60,45,15
S00110654,123,83,40
S00110655,100,61,39
S00110656,63,35,28
S00110657,93,59,34
S00110658,79,53,26
S00110659,77,47,30
S00110660,89,48,41
S00110661,79,50,29
S00110662,103,61,42
S00110663,92,62,30
S00110664,78,55,23
S00110665,94,59,35
S00110666,73,46,27
S00110667,91,50,41
S00110668,66,46,20
S00110669,118,95,23
S00110670,148,110,38
S00110671,83,55,28
S00110672,82,47,35
S00110673,67,28,39
S00110674,114,91,23
S00110675,128,89,39
S00110676,139,102,37
S00110677,81,49,32
S00110678,60,45,15
S00110679,89,72,17
S00110680,93,68,25
S00110681,97,76,21
S00110682,67,44,23
S00110683,127,87,40
S00110684,135,101,34
S00110685,82,48,34
S00110686,125,90,35
S00110687,140,99,41
S00110688,62,43,19
S00110689,127,88,39
S00110690,77,52,25
S00110691,169,108,61
S00110692,109,82,27
S00110693,82,61,21
S00110694,62,46,16
S00110695,102,59,43
S00110696,100,78,22
S00110697,147,104,43
S00110698,88,64,24
S00110699,105,71,34
S00110700,30,6,24
S00110701,83,49,34
S00110702,44,21,23
S00110703,103,65,38
S00110704,74,50,24
S00110705,77,58,19
S00110706,76,58,18
S00110707,96,80,16
S00110708,109,81,28
S00110709,77,46,31
S00110710,86,62,24
S00110711,74,54,20
S00110712,85,51,34
S00110713,99,67,32
S00110714,54,27,27
S00110715,88,48,40
S00110716,105,80,25
S00110717,85,67,18
S00110718,119,89,30
S00110719,76,43,33
S00110720,74,57,17
S00110721,96,64,32
S00110722,62,38,24
S00110723,105,78,27
S00110724,97,52,45
S00110725,63,35,28
S00110726,93,65,28
S00110727,75,57,18
S00110728,75,43,32
S00110729,72,51,21
S00110730,98,53,45
S00110731,82,60,22
S00110732,99,73,26
S00110733,43,31,12
S00110734,77,56,21
S00110735,112,57,55
S00110736,96,53,43
S00110737,103,62,41
S00110738,93,60,33
S00110739,89,61,28
S00110740,114,57,57
S00110741,75,55,20
S00110742,79,48,31
S00110743,78,52,26
S00110744,84,56,28
S00110745,74,51,23
S00110746,52,39,13
S00110747,71,53,18
S00110748,76,46,30
S00110749,62,45,17
S00110750,67,42,25
S00110751,157,130,27
S00110752,56,26,30
S00110753,55,24,31
S00110754,71,47,24
S00110755,52,29,23
S00110756,66,46,20
S00110757,64,44,20
S00110758,65,41,24
S00110759,94,62,32
S00110760,84,50,34
S00110761,87,50,37
S00110762,97,74,23
S00110763,87,62,25
S00110764,103,73,30
S00110765,92,66,26
S00110766,155,120,35
S00110767,132,111,21
S00110768,111,58,53
S00110769,90,72,18
S00110770,107,77,30
S00110771,74,56,18
S00110772,61,36,25
S00110773,47,28,19
S00110774,77,46,31
S00110775,87,65,22
S00110776,76,48,28
S00110777,91,61,30
S00110778,136,97,39
S00110779,70,44,26
S00110780,77,62,15
S00110781,108,79,29
S00110782,77,58,19
S00110783,86,60,26
S00110784,64,43,21
S00110785,79,58,21
S00110786,57,36,21
S00110787,69,41,28
S00110788,104,64,40
S00110789,117,82,35
S00110790,91,64,27
S00110791,108,83,25
S00110792,78,41,37
S00110793,101,76,25
S00110794,122,97,25
S00110795,93,68,25
S00110796,54,34,20
S00110797,77,47,30
S00110798,101,67,34
S00110799,61,33,28
S00110800,97,59,38
S00110801,80,55,25
S00110802,77,50,27
S00110803,74,62,12
S00110804,111,69,42
S00110805,98,71,27
S00110806,132,90,42
S00110807,117,77,40
S00110808,90,67,23
S00110809,80,46,34
S00110810,102,74,28
S00110811,45,23,22
S00110812,95,60,35
S00110813,77,53,24
S00110814,33,11,22
S00110815,81,48,33
S00110816,83,53,30
S00110817,62,41,21
S00110818,68,44,24
S00110819,67,42,25
S00110820,92,58,34
S00110821,78,53,25
S00110822,108,81,27
S00110823,104,59,45
S00110824,85,59,26
S00110825,106,89,17
S00110826,82,56,26
S00110827,60,44,16
S00110828,104,71,33
S00110829,78,59,19
S00110830,90,57,33
S00110831,163,126,37
S00110832,62,25,37
S00110833,74,51,23
S00110834,75,56,19
S00110835,103,68,35
S00110836,72,44,28
S00110837,74,57,17
S00110838,64,42,22
S00110839,139,86,53
S00110840,105,73,32
S00110841,102,67,35
S00110842,78,58,20
S00110843,57,46,11
S00110844,94,64,30
S00110845,78,59,19
S00110846,83,63,20
S00110847,70,55,15
S00110848,72,50,22
S00110849,77,28,49
S00110850,83,54,29
S00110851,45,25,20
S00110852,69,49,20
S00110853,64,46,18
S00110854,66,50,16
S00110855,69,50,19
S00110856,92,66,26
S00110857,62,54,8
S00110858,61,51,10
S00110859,92,60,32
S00110860,75,50,25
S00110861,120,79,41
S00110862,96,71,25
S00110863,40,22,18
S00110864,27,16,11
S00110865,40,14,26
S00110866,48,25,23
S00110867,54,32,22
S00110868,59,42,17
S00110869,72,42,30
S00110870,107,71,36
S00110871,120,74,46
S00110872,103,73,30
S00110873,95,60,35
S00110874,110,78,32
S00110875,65,30,35
S00110876,89,68,21
S00110877,69,45,24
S00110878,78,38,40
S00110879,85,44,41
S00110880,60,26,34
S00110881,115,54,61
S00110882,58,44,14
S00110883,50,32,18
S00110884,61,35,26
S00110885,54,33,21
S00110886,63,45,18
S00110887,56,35,21
S00110888,65,45,20
S00110889,89,60,29
S00110890,53,40,13
S00110891,117,76,41
S00110892,49,31,18
S00110893,97,77,20
S00110894,118,89,29
S00110895,43,35,8
S00110896,90,54,36
S00110897,85,53,32
S00110898,65,35,30
S00110899,79,55,24
S00110900,127,95,32
S00110901,79,61,18
S00110902,98,76,22
S00110903,97,57,40
S00110904,121,80,41
S00110905,73,51,22
S00110906,102,80,22
S00110907,105,65,40
S00110908,78,58,20
S00110909,74,51,23
S00110910,69,47,22
S00110911,68,50,18
S00110912,69,46,23
S00110913,48,36,12
S00110914,53,42,11
S00110915,75,59,16
S00110916,72,56,16
S00110917,65,42,23
S00110918,44,27,17
S00110919,52,26,26
S00110920,78,55,23
S00110921,59,37,22
S00110922,44,30,14
S00110923,43,28,15
S00110924,82,53,29
S00110925,74,46,28
S00110926,86,53,33
S00110927,55,36,19
S00110928,48,30,18
S00110929,65,40,25
S00110930,67,42,25
S00110931,42,25,17
S00110932,59,32,27
S00110933,117,77,40
S00110934,63,42,21
S00110935,97,75,22
S00110936,50,32,18
S00110937,76,43,33
S00110938,47,28,19
S00110939,70,47,23
S00110940,73,56,17
S00110941,99,72,27
S00110942,91,64,27
S00110943,60,36,24
S00110944,68,48,20
S00110945,130,93,37
S00110946,58,46,12
S00110947,67,45,22
S00110948,74,55,19
S00110949,102,88,14
S00110950,52,26,26
S00110951,65,45,20
S00110952,105,68,37
S00110953,42,32,10
S00110954,61,29,32
S00110955,45,31,14
S00110956,84,62,22
S00110957,75,50,25
S00110958,58,40,18
S00110959,68,39,29
S00110960,39,27,12
S00110961,42,32,10
S00110962,76,52,24
S00110963,103,62,41
S00110964,86,55,31
S00110965,38,25,13
S00110966,101,56,45
S00110967,57,43,14
S00110968,111,86,25
S00110969,85,66,19
S00110970,55,42,13
S00110971,72,46,26
S00110972,71,50,21
S00110973,46,32,14
S00110974,143,110,33
S00110975,131,85,46
S00110976,84,52,32
S00110977,63,48,15
S00110978,120,96,24
S00110979,116,88,28
S00110980,96,61,35
S00110981,103,80,23
S00110982,121,85,36
S00110983,107,71,36
S00110984,98,60,38
S00110985,77,42,35
S00110986,56,30,26
S00110987,55,32,23
S00110988,99,51,48
S00110989,45,27,18
S00110990,54,29,25
S00110991,103,74,29
S00110992,82,48,34
S00110993,79,43,36
S00110994,80,41,39
S00110995,81,57,24
S00110996,78,54,24
S00110997,90,58,32
S00110998,52,39,13
S00110999,78,61,17
S00111000,86,58,28
S00111001,80,57,23
S00111002,79,57,22
S00111003,126,88,38
S00111004,80,55,25
S00111005,141,92,49
S00111006,81,63,18
S00111007,98,65,33
S00111008,95,70,25
S00111009,108,72,36
S00111010,119,73,46
S00111011,97,80,17
S00111012,71,48,23
S00111013,96,71,25
S00111014,85,63,22
S00111015,52,43,9
S00111016,69,47,22
S00111017,124,85,39
S00111018,72,54,18
S00111019,100,67,33
S00111020,40,27,13
S00111021,68,37,31
S00111022,91,63,28
S00111023,118,79,39
S00111024,62,39,23
S00111025,134,97,37
S00111026,104,70,34
S00111027,94,57,37
S00111028,83,61,22
S00111029,94,65,29
S00111030,36,28,8
S00111031,119,82,37
S00111032,75,41,34
S00111033,159,89,70
S00111034,46,29,17
S00111035,80,55,25
S00111036,60,32,28
S00111037,114,83,31
S00111038,125,88,37
S00111039,47,27,20
S00111040,58,43,15
S00111041,73,50,23
S00111042,31,25,6
S00111043,121,97,24
S00111044,61,46,15
S00111045,69,57,12
S00111046,108,56,52
S00111047,100,65,35
S00111048,43,26,17
S00111049,89,69,20
S00111050,52,24,28
S00111051,97,77,20
S00111052,70,58,12
S00111053,120,87,33
S00111054,102,81,21
S00111055,81,55,26
S00111056,73,50,23
S00111057,43,31,12
S00111058,87,65,22
S00111059,109,70,39
S00111060,111,87,24
S00111061,63,42,21
S00111062,97,69,28
S00111063,52,31,21
S00111064,78,59,19
S00111065,64,44,20
S00111066,85,71,14
S00111067,75,43,32
S00111068,81,54,27
S00111069,66,40,26
S00111070,89,62,27
S00111071,98,59,39
S00111072,85,58,27
S00111073,84,63,21
S00111074,143,109,34
S00111075,68,53,15
S00111076,82,62,20
S00111077,121,81,40
S00111078,92,67,25
S00111079,48,35,13
S00111080,64,44,20
S00111081,65,37,28
S00111082,74,57,17
S00111083,127,79,48
S00111084,84,60,24
S00111085,65,31,34
S00111086,88,62,26
S00111087,107,73,34
S00111088,112,80,32
S00111089,78,46,32
S00111090,77,48,29
S00111091,68,32,36
S00111092,107,66,41
S00111093,79,50,29
S00111094,133,74,59
S00111095,74,43,31
S00111096,62,33,29
S00111097,77,37,40
S00111098,59,23,36
S00111099,52,19,33
S00111100,81,35,46
S00111101,90,39,51
S00111102,115,47,68
S00111103,87,51,36
S00111104,149,56,93
S00111105,111,48,63
S00111106,135,51,84
S00111107,106,67,39
S00111108,91,41,50
S00111109,82,38,44
S00111110,129,77,52
S00111111,111,48,63
S00111112,127,62,65
S00111113,85,52,33
S00111114,94,59,35
S00111115,53,40,13
S00111116,74,38,36
S00111117,69,37,32
S00111118,58,33,25
S00111119,34,29,5
S00111120,77,45,32
S00111121,63,46,17
S00111122,91,63,28
S00111123,52,31,21
S00111124,66,40,26
S00111125,92,47,45
S00111126,129,74,55
S00111127,88,52,36
S00111128,84,53,31
S00111129,79,57,22
S00111130,104,73,31
S00111131,104,63,41
S00111132,107,70,37
S00111133,65,37,28
S00111134,117,63,54
S00111135,61,20,41
S00111136,98,62,36
S00111137,108,57,51
S00111138,102,52,50
S00111139,86,45,41
S00111140,40,23,17
S00111141,77,50,27
S00111142,99,52,47
S00111143,416,118,298
S00111144,95,49,46
S00111145,506,115,391
S00111146,33,13,20
S00111147,57,35,22
S00111148,84,41,43
S00111149,121,52,69
S00111150,36,12,24
S00111151,134,44,90
S00111152,144,66,78
S00111153,1872,324,1548
S00111154,170,54,116
S00111155,201,52,149
S00111156,263,81,182
S00111157,127,48,79
S00111158,162,53,109
S00111159,392,96,296
S00111160,128,36,92
S00111161,173,34,139
S00111162,48,14,34
S00111163,110,39,71
S00111164,60,22,38
S00111165,333,81,252
S00111166,81,29,52
S00111167,130,45,85
S00111168,140,41,99
S00111169,66,21,45
S00111170,146,48,98
S00111171,38,14,24
S00111172,190,61,129
S00111173,110,35,75
S00111174,103,38,65
S00111175,83,58,25
S00111176,81,54,27
S00111177,134,109,25
S00111178,84,57,27
S00111179,84,66,18
S00111180,103,77,26
S00111181,97,69,28
S00111182,108,71,37
S00111183,94,66,28
S00111184,81,62,19
S00111185,61,51,10
S00111186,63,47,16
S00111187,91,56,35
S00111188,105,79,26
S00111189,84,61,23
S00111190,74,44,30
S00111191,113,80,33
S00111192,57,47,10
S00111193,71,51,20
S00111194,71,52,19
S00111195,68,51,17
S00111196,90,64,26
S00111197,95,82,13
S00111198,98,90,8
S00111199,71,62,9
S00111200,58,30,28
S00111201,108,69,39
S00111202,107,69,38
S00111203,104,66,38
S00111204,88,66,22
S00111205,91,70,21
S00111206,404,386,18
S00111207,104,88,16
S00111208,74,58,16
S00111209,81,53,28
S00111210,109,77,32
S00111211,69,58,11
S00111212,108,68,40
S00111213,71,49,22
S00111214,59,39,20
S00111215,100,76,24
S00111216,77,43,34
S00111217,91,67,24
S00111218,118,83,35
S00111219,109,82,27
S00111220,94,53,41
S00111221,46,31,15
S00111222,82,47,35
S00111223,73,50,23
S00111224,106,62,44
S00111225,103,76,27
S00111226,97,68,29
S00111227,82,55,27
S00111228,139,101,38
S00111229,100,66,34
S00111230,69,43,26
S00111231,82,59,23
S00111232,94,72,22
S00111233,85,69,16
S00111234,81,51,30
S00111235,79,50,29
S00111236,112,66,46
S00111237,76,51,25
S00111238,85,62,23
S00111239,99,55,44
S00111240,64,41,23
S00111241,92,65,27
S00111242,79,56,23
S00111243,45,35,10
S00111244,89,66,23
S00111245,62,43,19
S00111246,102,64,38
S00111247,57,47,10
S00111248,54,38,16
S00111249,61,45,16
S00111250,48,29,19
S00111251,88,60,28
S00111252,126,85,41
S00111253,75,52,23
S00111254,75,49,26
S00111255,109,76,33
S00111256,92,70,22
S00111257,83,62,21
S00111258,75,51,24
S00111259,73,55,18
S00111260,62,46,16
S00111261,66,50,16
S00111262,73,53,20
S00111263,70,54,16
S00111264,54,40,14
S00111265,145,104,41
S00111266,148,97,51
S00111267,71,54,17
S00111268,61,47,14
S00111269,62,43,19
S00111270,71,48,23
S00111271,63,49,14
S00111272,63,46,17
S00111273,76,61,15
S00111274,51,30,21
S00111275,50,39,11
S00111276,77,64,13
S00111277,89,61,28
S00111278,89,67,22
S00111279,66,44,22
S00111280,60,41,19
S00111281,44,32,12
S00111282,54,32,22
S00111283,91,60,31
S00111284,87,60,27
S00111285,47,42,5
S00111286,77,57,20
S00111287,94,63,31
S00111288,73,58,15
S00111289,101,78,23
S00111290,94,66,28
S00111291,111,86,25
S00111292,75,42,33
S00111293,99,86,13
S00111294,103,81,22
S00111295,84,63,21
S00111296,54,41,13
S00111297,33,17,16
S00111298,74,46,28
S00111299,61,45,16
S00111300,61,40,21
S00111301,91,66,25
S00111302,71,53,18
S00111303,46,32,14
S00111304,95,88,7
S00111305,50,34,16
S00111306,45,31,14
S00111307,84,64,20
S00111308,75,35,40
S00111309,131,101,30
S00111310,82,53,29
S00111311,86,52,34
S00111312,75,53,22
S00111313,66,40,26
S00111314,46,12,34
S00111315,48,36,12
S00111316,96,63,33
S00111317,81,48,33
S00111318,59,42,17
S00111319,134,111,23
S00111320,164,146,18
S00111321,148,136,12
S00111322,119,104,15
S00111323,78,68,10
S00111324,105,89,16
S00111325,81,62,19
S00111326,104,96,8
S00111327,144,127,17
S00111328,119,102,17
S00111329,59,53,6
S00111330,125,87,38
S00111331,100,83,17
S00111332,50,35,15
S00111333,72,57,15
S00111334,89,65,24
S00111335,126,96,30
S00111336,63,47,16
S00111337,77,63,14
S00111338,53,25,28
S00111339,77,33,44
S00111340,59,43,16
S00111341,96,70,26
S00111342,48,40,8
S00111343,106,85,21
S00111344,74,60,14
S00111345,42,25,17
S00111346,138,108,30
S00111347,104,80,24
S00111348,43,42,1
S00111349,95,63,32
S00111350,143,130,13
S00111351,70,54,16
S00111352,99,90,9
S00111353,44,32,12
S00111354,70,50,20
S00111355,120,85,35
S00111356,91,53,38
S00111357,59,47,12
S00111358,92,56,36
S00111359,76,52,24
S00111360,54,37,17
S00111361,99,58,41
S00111362,61,41,20
S00111363,80,42,38
S00111364,83,50,33
S00111365,48,35,13
S00111366,62,43,19
S00111367,75,61,14
S00111368,53,41,12
S00111369,89,57,32
S00111370,63,38,25
S00111371,69,37,32
S00111372,52,39,13
S00111373,88,63,25
S00111374,54,25,29
S00111375,91,65,26
S00111376,52,41,11
S00111377,70,41,29
S00111378,79,52,27
S00111379,58,33,25
S00111380,44,33,11
S00111381,116,91,25
S00111382,73,43,30
S00111383,60,28,32
S00111384,66,40,26
S00111385,78,44,34
S00111386,77,51,26
S00111387,103,85,18
S00111388,107,84,23
S00111389,76,66,10
S00111390,133,120,13
S00111391,53,31,22
S00111392,81,33,48
S00111393,88,59,29
S00111394,97,75,22
S00111395,98,73,25
S00111396,69,45,24
S00111397,108,60,48
S00111398,67,49,18
S00111399,66,35,31
S00111400,108,82,26
S00111401,78,56,22
S00111402,56,39,17
S00111403,76,40,36
S00111404,55,42,13
S00111405,111,81,30
S00111406,108,80,28
S00111407,170,140,30
S00111408,84,67,17
S00111409,53,40,13
S00111410,67,55,12
S00111411,62,54,8
S00111412,138,102,36
S00111413,56,36,20
S00111414,69,34,35
S00111415,133,93,40
S00111416,58,38,20
S00111417,41,27,14
S00111418,86,61,25
S00111419,46,38,8
S00111420,105,77,28
S00111421,60,52,8
S00111422,65,38,27
S00111423,59,51,8
S00111424,78,54,24
S00111425,83,55,28
S00111426,62,38,24
S00111427,68,45,23
S00111428,75,60,15
S00111429,68,46,22
S00111430,117,72,45
S00111431,73,60,13
S00111432,52,36,16
S00111433,68,28,40
S00111434,50,24,26
S00111435,83,51,32
S00111436,88,69,19
S00111437,152,102,50
S00111438,98,59,39
S00111439,58,47,11
S00111440,53,24,29
S00111441,60,40,20
S00111442,53,31,22
S00111443,82,56,26
S00111444,90,57,33
S00111445,69,48,21
S00111446,57,34,23
S00111447,52,31,21
S00111448,108,80,28
S00111449,104,80,24
S00111450,43,29,14
S00111451,55,39,16
S00111452,102,72,30
S00111453,75,57,18
S00111454,83,54,29
S00111455,110,71,39
S00111456,105,66,39
S00111457,45,29,16
S00111458,60,40,20
S00111459,66,49,17
S00111460,55,31,24
S00111461,82,64,18
S00111462,113,81,32
S00111463,36,23,13
S00111464,92,66,26
S00111465,58,37,21
S00111466,108,73,35
S00111467,62,32,30
S00111468,75,37,38
S00111469,50,33,17
S00111470,52,20,32
S00111471,71,51,20
S00111472,95,64,31
S00111473,136,90,46
S00111474,63,44,19
S00111475,56,36,20
S00111476,42,29,13
S00111477,65,46,19
S00111478,98,76,22
S00111479,37,21,16
S00111480,116,91,25
S00111481,88,62,26
S00111482,30,23,7
S00111483,17,4,13
S00111484,84,60,24
S00111485,39,25,14
S00111486,69,47,22
S00111487,49,42,7
S00111488,47,30,17
S00111489,65,47,18
S00111490,100,74,26
S00111491,102,60,42
S00111492,88,56,32
S00111493,93,65,28
S00111494,53,38,15
S00111495,39,24,15
S00111496,73,55,18
S00111497,75,50,25
S00111498,86,61,25
S00111499,194,81,113
S00111500,111,64,47
S00111501,70,49,21
S00111502,96,72,24
S00111503,65,44,21
S00111504,86,49,37
S00111505,95,68,27
S00111506,82,65,17
S00111507,94,55,39
S00111508,124,84,40
S00111509,79,50,29
S00111510,69,42,27
S00111511,119,79,40
S00111512,70,52,18
S00111513,76,28,48
S00111514,91,81,10
S00111515,140,132,8
S00111516,146,122,24
S00111517,163,144,19
S00111518,80,76,4
S00111519,154,131,23
S00111520,95,82,13
S00111521,117,73,44
S00111522,69,41,28
S00111523,67,52,15
S00111524,100,53,47
S00111525,63,38,25
S00111526,130,78,52
S00111527,60,51,9
S00111528,98,69,29
S00111529,84,61,23
S00111530,100,87,13
S00111531,107,76,31
S00111532,40,18,22
S00111533,58,38,20
S00111534,69,56,13
S00111535,79,64,15
S00111536,67,46,21
S00111537,73,50,23
S00111538,69,50,19
S00111539,36,27,9
S00111540,55,38,17
S00111541,113,80,33
S00111542,54,39,15
S00111543,68,46,22
S00111544,74,56,18
S00111545,92,62,30
S00111546,45,31,14
S00111547,100,71,29
S00111548,62,36,26
S00111549,100,76,24
S00111550,116,97,19
S00111551,93,72,21
S00111552,60,47,13
S00111553,50,29,21
S00111554,51,44,7
S00111555,74,61,13
S00111556,88,62,26
S00111557,125,83,42
S00111558,68,52,16
S00111559,45,36,9
S00111560,57,39,18
S00111561,80,54,26
S00111562,79,58,21
S00111563,58,40,18
S00111564,100,75,25
S00111565,63,45,18
S00111566,83,58,25
S00111567,49,29,20
S00111568,62,53,9
S00111569,116,93,23
S00111570,54,42,12
S00111571,83,58,25
S00111572,97,80,17
S00111573,61,43,18
S00111574,104,74,30
S00111575,49,38,11
S00111576,56,34,22
S00111577,64,42,22
S00111578,83,63,20
S00111579,63,47,16
S00111580,98,66,32
S00111581,62,52,10
S00111582,134,96,38
S00111583,75,58,17
S00111584,50,38,12
S00111585,68,41,27
S00111586,49,34,15
S00111587,47,32,15
S00111588,70,47,23
S00111589,108,76,32
S00111590,95,64,31
S00111591,37,23,14
S00111592,54,28,26
S00111593,48,25,23
S00111594,33,12,21
S00111595,31,10,21
S00111596,32,7,25
S00111597,32,11,21
S00111598,54,38,16
S00111599,101,63,38
S00111600,48,39,9
S00111601,61,48,13
S00111602,53,36,17
S00111603,84,53,31
S00111604,55,43,12
S00111605,85,61,24
S00111606,48,25,23
S00111607,101,72,29
S00111608,59,41,18
S00111609,62,45,17
S00111610,93,75,18
S00111611,64,53,11
S00111612,104,90,14
S00111613,36,22,14
S00111614,59,40,19
S00111615,59,44,15
S00111616,135,72,63
S00111617,60,37,23
S00111618,56,36,20
S00111619,87,51,36
S00111620,39,17,22
S00111621,97,61,36
S00111622,40,26,14
S00111623,64,41,23
S00111624,67,34,33
S00111625,102,56,46
S00111626,43,33,10
S00111627,90,54,36
S00111628,105,64,41
S00111629,75,59,16
S00111630,60,44,16
S00111631,52,32,20
S00111632,79,53,26
S00111633,69,47,22
S00111634,89,60,29
S00111635,42,28,14
S00111636,90,55,35
S00111637,101,69,32
S00111638,59,33,26
S00111639,48,27,21
S00111640,81,50,31
S00111641,51,37,14
S00111642,106,85,21
S00111643,56,40,16
S00111644,147,95,52
S00111645,120,95,25
S00111646,127,103,24
S00111647,112,97,15
S00111648,114,94,20
S00111649,74,60,14
S00111650,98,80,18
S00111651,146,118,28
S00111652,167,138,29
S00111653,59,48,11
S00111654,132,112,20
S00111655,151,132,19
S00111656,81,68,13
S00111657,165,144,21
S00111658,66,62,4
S00111659,73,60,13
S00111660,82,66,16
S00111661,98,88,10
S00111662,125,108,17
S00111663,89,84,5
S00111664,126,113,13
S00111665,108,97,11
S00111666,148,131,17
S00111667,135,125,10
S00111668,153,135,18
S00111669,95,82,13
S00111670,103,77,26
S00111671,128,102,26
S00111672,159,137,22
S00111673,114,96,18
S00111674,97,69,28
S00111675,152,133,19
S00111676,114,110,4
S00111677,114,100,14
S00111678,135,116,19
S00111679,125,113,12
S00111680,90,81,9
S00111681,97,75,22
S00111682,111,95,16
S00111683,128,115,13
S00111684,118,107,11
S00111685,149,127,22
S00111686,68,56,12
S00111687,179,145,34
S00111688,109,99,10
S00111689,52,33,19
S00111690,146,123,23
S00111691,150,129,21
S00111692,107,98,9
S00111693,193,169,24
S00111694,132,109,23
S00111695,150,99,51
S00111696,58,32,26
S00111697,98,67,31
S00111698,116,87,29
S00111699,46,35,11
S00111700,72,36,36
S00111701,79,52,27
S00111702,117,84,33
S00111703,66,44,22
S00111704,107,60,47
S00111705,80,59,21
S00111706,89,58,31
S00111707,65,58,7
S00111708,34,23,11
S00111709,101,68,33
S00111710,108,79,29
S00111711,118,97,21
S00111712,155,129,26
S00111713,72,56,16
S00111714,160,126,34
S00111715,62,42,20
S00111716,145,103,42
S00111717,143,105,38
S00111718,63,47,16
S00111719,83,56,27
S00111720,84,61,23
S00111721,72,56,16
S00111722,76,60,16
S00111723,71,46,25
S00111724,67,40,27
S00111725,73,44,29
S00111726,57,37,20
S00111727,102,72,30
S00111728,79,54,25
S00111729,93,65,28
S00111730,113,96,17
S00111731,56,50,6
S00111732,109,90,19
S00111733,82,65,17
S00111734,84,51,33
S00111735,74,63,11
S00111736,113,85,28
S00111737,118,94,24
S00111738,147,120,27
S00111739,156,107,49
S00111740,59,33,26
S00111741,90,63,27
S00111742,83,62,21
S00111743,53,36,17
S00111744,155,123,32
S00111745,138,99,39
S00111746,51,25,26
S00111747,66,36,30
S00111748,92,69,23
S00111749,66,56,10
S00111750,123,75,48
S00111751,94,76,18
S00111752,54,48,6
S00111753,48,38,10
S00111754,87,59,28
S00111755,62,41,21
S00111756,132,118,14
S00111757,93,68,25
S00111758,84,49,35
S00111759,71,54,17
S00111760,90,58,32
S00111761,94,69,25
S00111762,43,35,8
S00111763,105,60,45
S00111764,56,43,13
S00111765,72,34,38
S00111766,44,29,15
S00111767,66,40,26
S00111768,85,54,31
S00111769,83,66,17
S00111770,60,38,22
S00111771,40,21,19
S00111772,130,71,59
S00111773,92,68,24
S00111774,89,51,38
S00111775,54,25,29
S00111776,56,48,8
S00111777,86,54,32
S00111778,46,37,9
S00111779,62,43,19
S00111780,92,74,18
S00111781,67,55,12
S00111782,117,84,33
S00111783,76,57,19
S00111784,74,52,22
S00111785,59,40,19
S00111786,116,74,42
S00111787,97,69,28
S00111788,62,52,10
S00111789,46,41,5
S00111790,102,68,34
S00111791,107,78,29
S00111792,93,74,19
S00111793,55,37,18
S00111794,104,69,35
S00111795,55,51,4
S00111796,114,91,23
S00111797,107,83,24
S00111798,63,53,10
S00111799,57,40,17
S00111800,56,42,14
S00111801,100,83,17
S00111802,70,56,14
S00111803,85,50,35
S00111804,61,53,8
S00111805,58,43,15
S00111806,54,42,12
S00111807,73,53,20
S00111808,37,18,19
S00111809,72,64,8
S00111810,195,158,37
S00111811,81,69,12
S00111812,166,126,40
S00111813,131,112,19
S00111814,22,4,18
S00111815,82,57,25
S00111816,42,26,16
S00111817,41,22,19
S00111818,110,67,43
S00111819,101,75,26
S00111820,124,97,27
S00111821,129,87,42
S00111822,50,33,17
S00111823,112,74,38
S00111824,97,51,46
S00111825,133,101,32
S00111826,167,145,22
S00111827,67,40,27
S00111828,112,82,30
S00111829,85,50,35
S00111830,72,59,13
S00111831,64,49,15
S00111832,104,68,36
S00111833,108,78,30
S00111834,44,23,21
S00111835,119,92,27
S00111836,128,93,35
S00111837,107,82,25
S00111838,126,89,37
S00111839,90,70,20
S00111840,97,77,20
S00111841,137,106,31
S00111842,97,71,26
S00111843,87,61,26
S00111844,95,57,38
S00111845,66,37,29
S00111846,42,25,17
S00111847,51,24,27
S00111848,129,81,48
S00111849,78,55,23
S00111850,47,31,16
S00111851,92,64,28
S00111852,87,55,32
S00111853,55,33,22
S00111854,57,41,16
S00111855,105,67,38
S00111856,47,29,18
S00111857,69,44,25
S00111858,56,26,30
S00111859,40,28,12
S00111860,100,79,21
S00111861,90,66,24
S00111862,60,39,21
S00111863,48,25,23
S00111864,32,12,20
S00111865,115,90,25
S00111866,194,165,29
S00111867,54,36,18
S00111868,105,66,39
S00111869,66,52,14
S00111870,122,82,40
S00111871,76,52,24
S00111872,114,79,35
S00111873,132,98,34
S00111874,60,54,6
S00111875,58,48,10
S00111876,109,86,23
S00111877,56,37,19
S00111878,73,50,23
S00111879,98,65,33
S00111880,56,40,16
S00111881,99,67,32
S00111882,86,62,24
S00111883,71,57,14
S00111884,66,58,8
S00111885,69,59,10
S00111886,65,55,10
S00111887,71,50,21
S00111888,111,94,17
S00111889,70,56,14
S00111890,69,54,15
S00111891,70,46,24
S00111892,105,83,22
S00111893,63,51,12
S00111894,42,17,25
S00111895,79,45,34
S00111896,45,21,24
S00111897,48,29,19
S00111898,84,57,27
S00111899,116,92,24
S00111900,56,37,19
S00111901,54,39,15
S00111902,107,84,23
S00111903,42,28,14
S00111904,79,37,42
S00111905,53,34,19
S00111906,115,75,40
S00111907,54,33,21
S00111908,88,61,27
S00111909,35,20,15
S00111910,95,68,27
S00111911,105,97,8
S00111912,88,71,17
S00111913,69,58,11
S00111914,143,101,42
S00111915,62,53,9
S00111916,88,68,20
S00111917,64,36,28
S00111918,132,103,29
S00111919,178,133,45
S00111920,57,44,13
S00111921,75,48,27
S00111922,33,22,11
S00111923,80,57,23
S00111924,51,29,22
S00111925,48,34,14
S00111926,106,86,20
S00111927,108,79,29
S00111928,96,70,26
S00111929,70,61,9
S00111930,38,16,22
S00111931,85,58,27
S00111932,47,34,13
S00111933,98,74,24
S00111934,66,39,27
S00111935,90,59,31
S00111936,97,65,32
S00111937,103,71,32
S00111938,54,35,19
S00111939,74,52,22
S00111940,68,40,28
S00111941,76,44,32
S00111942,108,66,42
S00111943,64,41,23
S00111944,85,64,21
S00111945,96,69,27
S00111946,89,53,36
S00111947,131,99,32
S00111948,126,75,51
S00111949,75,51,24
S00111950,98,86,12
S00111951,70,47,23
S00111952,50,37,13
S00111953,50,32,18
S00111954,104,57,47
S00111955,80,63,17
S00111956,57,38,19
S00111957,97,68,29
S00111958,49,31,18
S00111959,65,45,20
S00111960,76,34,42
S00111961,60,34,26
S00111962,50,35,15
S00111963,92,62,30
S00111964,93,57,36
S00111965,70,38,32
S00111966,111,53,58
S00111967,111,81,30
S00111968,68,42,26
S00111969,52,34,18
S00111970,125,84,41
S00111971,70,43,27
S00111972,103,55,48
S00111973,130,102,28
S00111974,105,82,23
S00111975,58,32,26
S00111976,92,53,39
S00111977,86,55,31
S00111978,90,58,32
S00111979,58,42,16
S00111980,88,53,35
S00111981,86,52,34
S00111982,110,69,41
S00111983,124,92,32
S00111984,47,32,15
S00111985,117,88,29
S00111986,60,43,17
S00111987,99,70,29
S00111988,165,140,25
S00111989,101,72,29
S00111990,85,70,15
S00111991,132,102,30
S00111992,74,54,20
S00111993,59,46,13
S00111994,58,30,28
S00111995,129,96,33
S00111996,84,48,36
S00111997,101,78,23
S00111998,74,46,28
S00111999,38,7,31
S00112000,57,44,13
S00112001,111,43,68
S00112002,134,84,50
S00112003,96,72,24
S00112004,99,69,30
S00112005,89,70,19
S00112006,44,24,20
S00112007,84,58,26
S00112008,85,57,28
S00112009,96,67,29
S00112010,41,29,12
S00112011,59,41,18
S00112012,127,101,26
S00112013,73,50,23
S00112014,103,89,14
S00112015,61,37,24
S00112016,140,105,35
S00112017,68,54,14
S00112018,96,54,42
S00112019,49,27,22
S00112020,90,50,40
S00112021,108,86,22
S00112022,71,51,20
S00112023,75,61,14
S00112024,80,61,19
S00112025,83,55,28
S00112026,81,45,36
S00112027,50,30,20
S00112028,79,65,14
S00112029,93,66,27
S00112030,44,33,11
S00112031,95,60,35
S00112032,64,43,21
S00112033,57,46,11
S00112034,67,49,18
S00112035,55,34,21
S00112036,41,20,21
S00112037,96,64,32
S00112038,108,65,43
S00112039,91,61,30
S00112040,77,45,32
S00112041,78,55,23
S00112042,63,44,19
S00112043,107,87,20
S00112044,59,44,15
S00112045,75,49,26
S00112046,67,40,27
S00112047,83,53,30
S00112048,90,73,17
S00112049,97,61,36
S00112050,82,62,20
S00112051,58,43,15
S00112052,75,54,21
S00112053,88,54,34
S00112054,138,109,29
S00112055,64,50,14
S00112056,79,54,25
S00112057,64,51,13
S00112058,62,41,21
S00112059,80,50,30
S00112060,39,27,12
S00112061,105,84,21
S00112062,37,24,13
S00112063,44,26,18
S00112064,124,82,42
S00112065,52,26,26
S00112066,56,42,14
S00112067,51,32,19
S00112068,115,100,15
S00112069,80,50,30
S00112070,78,69,9
S00112071,39,15,24
S00112072,104,59,45
S00112073,37,21,16
S00112074,91,55,36
S00112075,140,87,53
S00112076,65,52,13
S00112077,52,31,21
S00112078,78,48,30
S00112079,76,48,28
S00112080,57,34,23
S00112081,65,37,28
S00112082,137,42,95
S00112083,61,39,22
S00112084,95,52,43
S00112085,43,24,19
S00112086,101,34,67
S00112087,46,27,19
S00112088,71,46,25
S00112089,78,43,35
S00112090,64,27,37
S00112091,57,30,27
S00112092,79,46,33
S00112093,158,45,113
S00112094,48,21,27
S00112095,102,26,76
S00112096,157,52,105
S00112097,123,41,82
S00112098,87,27,60
S00112099,107,60,47
S00112100,97,75,22
S00112101,75,51,24
S00112102,82,60,22
S00112103,52,34,18
S00112104,128,86,42
S00112105,67,42,25
S00112106,54,27,27
S00112107,66,44,22
S00112108,76,55,21
S00112109,52,39,13
S00112110,60,48,12
S00112111,66,51,15
S00112112,97,53,44
S00112113,107,69,38
S00112114,90,69,21
S00112115,59,45,14
S00112116,64,43,21
S00112117,119,86,33
S00112118,59,40,19
S00112119,102,76,26
S00112120,129,111,18
S00112121,79,45,34
S00112122,74,64,10
S00112123,75,57,18
S00112124,102,58,44
S00112125,56,32,24
S00112126,104,64,40
S00112127,120,85,35
S00112128,97,57,40
S00112129,107,61,46
S00112130,73,46,27
S00112131,57,38,19
S00112132,101,69,32
S00112133,72,48,24
S00112134,96,85,11
S00112135,91,69,22
S00112136,62,54,8
S00112137,147,108,39
S00112138,124,107,17
S00112139,59,54,5
S00112140,119,101,18
S00112141,99,81,18
S00112142,92,79,13
S00112143,127,97,30
S00112144,132,114,18
S00112145,115,91,24
S00112146,136,115,21
S00112147,132,107,25
S00112148,68,43,25
S00112149,69,42,27
S00112150,89,67,22
S00112151,40,31,9
S00112152,147,118,29
S00112153,152,120,32
S00112154,38,18,20
S00112155,142,112,30
S00112156,99,84,15
S00112157,97,82,15
S00112158,142,128,14
S00112159,98,76,22
S00112160,253,107,146
S00112161,90,69,21
S00112162,66,51,15
S00112163,98,64,34
S00112164,96,71,25
S00112165,79,61,18
S00112166,162,82,80
S00112167,65,52,13
S00112168,94,71,23
S00112169,97,75,22
S00112170,105,78,27
S00112171,131,106,25
S00112172,71,35,36
S00112173,70,35,35
S00112174,86,45,41
S00112175,106,81,25
S00112176,97,63,34
S00112177,53,38,15
S00112178,54,36,18
S00112179,73,53,20
S00112180,139,88,51
S00112181,68,53,15
S00112182,95,67,28
S00112183,125,89,36
S00112184,123,77,46
S00112185,57,30,27
S00112186,58,29,29
S00112187,65,52,13
S00112188,82,67,15
S00112189,120,95,25
S00112190,109,95,14
S00112191,118,95,23
S00112192,129,78,51
S00112193,109,61,48
S00112194,75,42,33
S00112195,74,52,22
S00112196,112,80,32
S00112197,75,50,25
S00112198,79,44,35
S00112199,106,69,37
S00112200,94,52,42
S00112201,113,64,49
S00112202,34,6,28
S00112203,97,59,38
S00112204,152,77,75
S00112205,90,42,48
S00112206,70,49,21
S00112207,67,35,32
S00112208,107,69,38
S00112209,66,43,23
S00112210,77,50,27
S00112211,101,38,63
S00112212,67,30,37
S00112213,156,86,70
S00112214,107,76,31
S00112215,108,61,47
S00112216,120,56,64
S00112217,119,79,40
S00112218,83,71,12
S00112219,91,64,27
S00112220,98,62,36
S00112221,95,74,21
S00112222,47,26,21
S00112223,92,64,28
S00112224,135,108,27
S00112225,120,78,42
S00112226,118,71,47
S00112227,83,62,21
S00112228,55,38,17
S00112229,64,51,13
S00112230,49,38,11
S00112231,84,60,24
S00112232,72,55,17
S00112233,48,33,15
S00112234,79,61,18
S00112235,65,45,20
S00112236,64,46,18
S00112237,78,38,40
S00112238,71,51,20
S00112239,93,55,38
S00112240,95,77,18
S00112241,54,33,21
S00112242,75,57,18
S00112243,111,90,21
S00112244,104,69,35
S00112245,92,61,31
S00112246,74,62,12
S00112247,142,98,44
S00112248,84,54,30
S00112249,57,33,24
S00112250,62,43,19
S00112251,47,25,22
S00112252,58,37,21
S00112253,109,71,38
S00112254,135,97,38
S00112255,64,40,24
S00112256,89,69,20
S00112257,106,51,55
S00112258,131,84,47
S00112259,84,57,27
S00112260,99,59,40
S00112261,107,60,47
S00112262,54,37,17
S00112263,69,40,29
S00112264,27,17,10
S00112265,92,59,33
S00112266,89,53,36
S00112267,62,52,10
S00112268,85,54,31
S00112269,78,30,48
S00112270,146,106,40
S00112271,136,94,42
S00112272,127,98,29
S00112273,165,121,44
S00112274,125,71,54
S00112275,50,24,26
S00112276,57,31,26
S00112277,60,30,30
S00112278,82,52,30
S00112279,100,45,55
S00112280,114,85,29
S00112281,69,37,32
S00112282,65,29,36
S00112283,69,47,22
S00112284,108,58,50
S00112285,98,54,44
S00112286,127,84,43
S00112287,77,49,28
S00112288,79,55,24
S00112289,119,62,57
S00112290,105,60,45
S00112291,88,49,39
S00112292,146,70,76
S00112293,137,75,62
S00112294,81,54,27
S00112295,110,65,45
S00112296,133,68,65
S00112297,106,66,40
S00112298,113,57,56
S00112299,167,90,77
S00112300,116,74,42
S00112301,103,60,43
S00112302,82,43,39
S00112303,79,51,28
S00112304,90,41,49
S00112305,83,69,14
S00112306,111,82,29
S00112307,52,32,20
S00112308,68,38,30
S00112309,47,27,20
S00112310,86,23,63
S00112311,81,61,20
S00112312,71,49,22
S00112313,73,59,14
S00112314,69,24,45
S00112315,42,20,22
S00112316,49,21,28
S00112317,53,28,25
S00112318,79,30,49
S00112319,79,53,26
S00112320,97,65,32
S00112321,67,37,30
S00112322,98,55,43
S00112323,172,86,86
S00112324,609,213,396
S00112325,111,68,43
S00112326,85,36,49
S00112327,76,42,34
S00112328,66,22,44
S00112329,56,15,41
S00112330,42,21,21
S00112331,55,18,37
S00112332,53,14,39
S00112333,53,21,32
S00112334,69,15,54
S00112335,114,43,71
S00112336,67,28,39
S00112337,65,30,35
S00112338,56,32,24
S00112339,84,42,42
S00112340,76,48,28
S00112341,76,40,36
S00112342,78,41,37
S00112343,52,20,32
S00112344,84,69,15
S00112345,53,16,37
S00112346,61,50,11
S00112347,68,30,38
S00112348,99,52,47
S00112349,46,20,26
S00112350,41,16,25
S00112351,115,57,58
S00112352,98,43,55
S00112353,87,44,43
S00112354,95,56,39
S00112355,60,30,30
S00112356,97,47,50
S00112357,95,48,47
S00112358,94,39,55
S00112359,108,69,39
S00112360,41,23,18
S00112361,56,39,17
S00112362,132,111,21
S00112363,92,68,24
S00112364,94,78,16
S00112365,65,47,18
S00112366,46,36,10
S00112367,139,103,36
S00112368,67,44,23
S00112369,55,52,3
S00112370,117,81,36
S00112371,61,41,20
S00112372,100,71,29
S00112373,54,36,18
S00112374,69,45,24
S00112375,49,30,19
S00112376,98,72,26
S00112377,53,30,23
S00112378,69,45,24
S00112379,74,37,37
S00112380,101,46,55
S00112381,69,50,19
S00112382,52,27,25
S00112383,74,54,20
S00112384,85,60,25
S00112385,79,63,16
S00112386,71,51,20
S00112387,88,71,17
S00112388,80,61,19
S00112389,100,77,23
S00112390,96,76,20
S00112391,41,26,15
S00112392,42,33,9
S00112393,108,82,26
S00112394,68,43,25
S00112395,132,101,31
S00112396,84,57,27
S00112397,88,50,38
S00112398,85,51,34
S00112399,98,60,38
S00112400,73,44,29
S00112401,76,48,28
S00112402,102,62,40
S00112403,62,37,25
S00112404,70,43,27
S00112405,54,30,24
S00112406,64,40,24
S00112407,58,37,21
S00112408,95,55,40
S00112409,91,52,39
S00112410,97,72,25
S00112411,97,59,38
S00112412,79,62,17
S00112413,79,58,21
S00112414,63,46,17
S00112415,82,63,19
S00112416,86,50,36
S00112417,41,29,12
S00112418,111,88,23
S00112419,86,75,11
S00112420,52,50,2
S00112421,130,103,27
S00112422,62,48,14
S00112423,89,78,11
S00112424,47,41,6
S00112425,64,51,13
S00112426,88,60,28
S00112427,84,67,17
S00112428,72,58,14
S00112429,70,55,15
S00112430,59,41,18
S00112431,61,48,13
S00112432,78,65,13
S00112433,98,74,24
S00112434,139,116,23
S00112435,121,84,37
S00112436,65,54,11
S00112437,49,32,17
S00112438,91,57,34
S00112439,105,74,31
S00112440,96,50,46
S00112441,57,36,21
S00112442,65,42,23
S00112443,71,56,15
S00112444,99,57,42
S00112445,74,49,25
S00112446,88,55,33
S00112447,128,92,36
S00112448,72,48,24
S00112449,54,45,9
S00112450,77,53,24
S00112451,72,56,16
S00112452,52,29,23
S00112453,127,92,35
S00112454,72,55,17
S00112455,99,86,13
S00112456,84,62,22
S00112457,69,54,15
S00112458,68,56,12
S00112459,61,52,9
S00112460,115,97,18
S00112461,79,64,15
S00112462,54,42,12
S00112463,71,51,20
S00112464,64,50,14
S00112465,53,44,9
S00112466,86,71,15
S00112467,66,50,16
S00112468,62,59,3
S00112469,97,71,26
S00112470,66,52,14
S00112471,79,64,15
S00112472,75,66,9
S00112473,63,20,43
S00112474,87,75,12
S00112475,80,58,22
S00112476,121,75,46
S00112477,111,64,47
S00112478,52,18,34
S00112479,62,33,29
S00112480,120,68,52
S00112481,106,84,22
S00112482,46,40,6
S00112483,61,21,40
S00112484,50,32,18
S00112485,101,85,16
S00112486,52,34,18
S00112487,81,54,27
S00112488,60,52,8
S00112489,70,54,16
S00112490,87,65,22
S00112491,77,66,11
S00112492,63,44,19
S00112493,99,63,36
S00112494,110,95,15
S00112495,87,47,40
S00112496,81,53,28
S00112497,105,82,23
S00112498,58,37,21
S00112499,100,64,36
S00112500,95,75,20
S00112501,109,72,37
S00112502,109,93,16
S00112503,98,78,20
S00112504,76,66,10
S00112505,127,93,34
S00112506,68,53,15
S00112507,43,30,13
S00112508,74,61,13
S00112509,98,70,28
S00112510,70,56,14
S00112511,109,89,20
S00112512,86,73,13
S00112513,113,94,19
S00112514,84,60,24
S00112515,125,84,41
S00112516,126,82,44
S00112517,100,76,24
S00112518,94,83,11
S00112519,107,87,20
S00112520,71,43,28
S00112521,92,62,30
S00112522,66,25,41
S00112523,223,104,119
S00112524,73,31,42
S00112525,105,48,57
S00112526,56,33,23
S00112527,109,69,40
S00112528,92,49,43
S00112529,119,77,42
S00112530,117,77,40
S00112531,142,99,43
S00112532,95,70,25
S00112533,107,65,42
S00112534,54,48,6
S00112535,82,65,17
S00112536,107,58,49
S00112537,78,54,24
S00112538,89,60,29
S00112539,67,27,40
S00112540,78,41,37
S00112541,51,22,29
S00112542,124,65,59
S00112543,90,46,44
S00112544,111,44,67
S00112545,122,65,57
S00112546,253,95,158
S00112547,144,60,84
S00112548,163,84,79
S00112549,87,50,37
S00112550,70,34,36
S00112551,82,47,35
S00112552,92,46,46
S00112553,112,53,59
S00112554,112,59,53
S00112555,82,46,36
S00112556,149,59,90
S00112557,100,56,44
S00112558,98,58,40
S00112559,91,39,52
S00112560,111,55,56
S00112561,95,47,48
S00112562,148,78,70
S00112563,117,81,36
S00112564,190,118,72
S00112565,98,63,35
S00112566,72,51,21
S00112567,62,32,30
S00112568,95,73,22
S00112569,88,71,17
S00112570,72,54,18
S00112571,81,50,31
S00112572,72,62,10
S00112573,83,59,24
S00112574,83,61,22
S00112575,88,65,23
S00112576,148,85,63
S00112577,45,42,3
S00112578,84,57,27
S00112579,155,94,61
S00112580,119,87,32
S00112581,120,65,55
S00112582,65,44,21
S00112583,93,31,62
S00112584,140,99,41
S00112585,95,49,46
S00112586,64,52,12
S00112587,103,76,27
S00112588,105,79,26
S00112589,50,35,15
S00112590,54,33,21
S00112591,65,54,11
S00112592,89,74,15
S00112593,113,91,22
S00112594,105,89,16
S00112595,95,55,40
S00112596,70,48,22
S00112597,72,54,18
S00112598,75,63,12
S00112599,73,61,12
S00112600,54,46,8
S00112601,78,48,30
S00112602,68,46,22
S00112603,86,66,20
S00112604,63,49,14
S00112605,93,68,25
S00112606,79,59,20
S00112607,98,70,28
S00112608,103,81,22
S00112609,119,81,38
S00112610,63,40,23
S00112611,123,96,27
S00112612,124,85,39
S00112613,95,64,31
S00112614,108,85,23
S00112615,112,89,23
S00112616,121,86,35
S00112617,115,88,27
S00112618,64,52,12
S00112619,81,76,5
S00112620,101,81,20
S00112621,77,57,20
S00112622,52,44,8
S00112623,75,58,17
S00112624,101,82,19
S00112625,78,63,15
S00112626,62,50,12
S00112627,71,57,14
S00112628,86,73,13
S00112629,59,46,13
S00112630,49,38,11
S00112631,94,81,13
S00112632,43,36,7
S00112633,89,80,9
S00112634,80,71,9
S00112635,154,81,73
S00112636,72,46,26
S00112637,114,78,36
S00112638,80,56,24
S00112639,55,29,26
S00112640,91,78,13
S00112641,43,34,9
S00112642,81,56,25
S00112643,47,34,13
S00112644,88,67,21
S00112645,107,75,32
S00112646,82,63,19
S00112647,90,68,22
S00112648,85,58,27
S00112649,91,62,29
S00112650,96,72,24
S00112651,129,93,36
S00112652,117,86,31
S00112653,72,58,14
S00112654,73,52,21
S00112655,80,57,23
S00112656,103,67,36
S00112657,84,50,34
S00112658,84,64,20
S00112659,88,74,14
S00112660,106,83,23
S00112661,99,64,35
S00112662,86,58,28
S00112663,78,66,12
S00112664,89,69,20
S00112665,86,71,15
S00112666,50,32,18
S00112667,70,52,18
S00112668,58,42,16
S00112669,112,58,54
S00112670,65,47,18
S00112671,91,65,26
S00112672,63,48,15
S00112673,86,56,30
S00112674,61,38,23
S00112675,107,78,29
S00112676,82,63,19
S00112677,110,91,19
S00112678,62,49,13
S00112679,68,54,14
S00112680,67,44,23
S00112681,56,35,21
S00112682,58,48,10
S00112683,99,78,21
S00112684,103,90,13
S00112685,96,70,26
S00112686,93,67,26
S00112687,57,43,14
S00112688,40,29,11
S00112689,104,81,23
S00112690,79,50,29
S00112691,75,38,37
S00112692,114,76,38
S00112693,58,39,19
S00112694,83,45,38
S00112695,67,41,26
S00112696,123,90,33
S00112697,83,58,25
S00112698,100,68,32
S00112699,94,62,32
S00112700,75,53,22
S00112701,82,59,23
S00112702,43,26,17
S00112703,90,54,36
S00112704,119,84,35
S00112705,71,47,24
S00112706,97,66,31
S00112707,76,60,16
S00112708,116,90,26
S00112709,62,51,11
S00112710,119,91,28
S00112711,99,71,28
S00112712,92,63,29
S00112713,98,68,30
S00112714,66,51,15
S00112715,79,46,33
S00112716,65,45,20
S00112717,71,51,20
S00112718,58,45,13
S00112719,56,27,29
S00112720,66,40,26
S00112721,66,41,25
S00112722,78,47,31
S00112723,96,52,44
S00112724,63,37,26
S00112725,64,47,17
S00112726,63,33,30
S00112727,72,56,16
S00112728,84,67,17
S00112729,106,72,34
S00112730,75,42,33
S00112731,91,60,31
S00112732,103,65,38
S00112733,59,46,13
S00112734,90,71,19
S00112735,81,71,10
S00112736,93,77,16
S00112737,55,44,11
S00112738,58,43,15
S00112739,72,61,11
S00112740,51,42,9
S00112741,49,44,5
S00112742,124,94,30
S00112743,73,61,12
S00112744,99,63,36
S00112745,42,26,16
S00112746,108,79,29
S00112747,72,50,22
S00112748,54,28,26
S00112749,70,38,32
S00112750,84,59,25
S00112751,54,30,24
S00112752,134,108,26
S00112753,108,90,18
S00112754,100,72,28
S00112755,89,57,32
S00112756,76,45,31
S00112757,40,23,17
S00112758,66,46,20
S00112759,64,41,23
S00112760,69,45,24
S00112761,133,78,55
S00112762,89,53,36
S00112763,55,33,22
S00112764,45,23,22
S00112765,49,29,20
S00112766,145,106,39
S00112767,74,39,35
S00112768,80,50,30
S00112769,59,34,25
S00112770,71,39,32
S00112771,87,61,26
S00112772,69,44,25
S00112773,89,60,29
S00112774,71,47,24
S00112775,54,22,32
S00112776,65,39,26
S00112777,65,38,27
S00112778,63,36,27
S00112779,40,29,11
S00112780,67,41,26
S00112781,45,21,24
S00112782,46,26,20
S00112783,65,46,19
S00112784,83,56,27
S00112785,67,36,31
S00112786,67,41,26
S00112787,62,48,14
S00112788,117,84,33
S00112789,109,66,43
S00112790,80,43,37
S00112791,60,31,29
S00112792,98,48,50
S00112793,62,47,15
S00112794,55,30,25
S00112795,50,25,25
S00112796,102,62,40
S00112797,117,89,28
S00112798,61,37,24
S00112799,69,49,20
S00112800,66,40,26
S00112801,71,42,29
S00112802,65,43,22
S00112803,78,52,26
S00112804,85,61,24
S00112805,73,48,25
S00112806,82,47,35
S00112807,89,59,30
S00112808,73,51,22
S00112809,76,50,26
S00112810,75,43,32
S00112811,97,70,27
S00112812,70,48,22
S00112813,55,36,19
S00112814,109,63,46
S00112815,66,33,33
S00112816,116,78,38
S00112817,50,30,20
S00112818,69,42,27
S00112819,71,42,29
S00112820,81,50,31
S00112821,58,37,21
S00112822,80,59,21
S00112823,61,39,22
S00112824,120,76,44
S00112825,38,23,15
S00112826,62,33,29
S00112827,68,39,29
S00112828,77,48,29
S00112829,58,30,28
S00112830,69,46,23
S00112831,86,52,34
S00112832,87,61,26
S00112833,50,28,22
S00112834,54,37,17
S00112835,90,51,39
S00112836,109,82,27
S00112837,65,45,20
S00112838,62,41,21
S00112839,61,32,29
S00112840,71,42,29
S00112841,68,46,22
S00112842,67,32,35
S00112843,100,76,24
S00112844,62,45,17
S00112845,57,29,28
S00112846,99,61,38
S00112847,57,25,32
S00112848,92,41,51
S00112849,94,62,32
S00112850,69,51,18
S00112851,47,28,19
S00112852,54,36,18
S00112853,93,63,30
S00112854,56,32,24
S00112855,69,49,20
S00112856,73,58,15
S00112857,70,49,21
S00112858,84,61,23
S00112859,88,62,26
S00112860,113,72,41
S00112861,66,43,23
S00112862,116,68,48
S00112863,114,77,37
S00112864,106,68,38
S00112865,61,37,24
S00112866,77,44,33
S00112867,73,47,26
S00112868,70,32,38
S00112869,71,48,23
S00112870,109,61,48
S00112871,123,71,52
S00112872,107,51,56
S00112873,50,21,29
S00112874,51,31,20
S00112875,108,49,59
S00112876,81,45,36
S00112877,112,78,34
S00112878,110,74,36
S00112879,98,57,41
S00112880,70,46,24
S00112881,70,35,35
S00112882,106,56,50
S00112883,117,76,41
S00112884,76,55,21
S00112885,61,46,15
S00112886,76,50,26
S00112887,93,67,26
S00112888,53,33,20
S00112889,72,44,28
S00112890,62,36,26
S00112891,48,30,18
S00112892,38,27,11
S00112893,116,75,41
S00112894,120,78,42
S00112895,91,56,35
S00112896,62,52,10
S00112897,76,42,34
S00112898,65,43,22
S00112899,67,44,23
S00112900,50,31,19
S00112901,58,40,18
S00112902,130,44,86
S00112903,48,30,18
S00112904,77,50,27
S00112905,70,44,26
S00112906,81,40,41
S00112907,70,37,33
S00112908,59,29,30
S00112909,65,26,39
S00112910,66,40,26
S00112911,60,34,26
S00112912,66,40,26
S00112913,41,22,19
S00112914,39,25,14
S00112915,82,33,49
S00112916,101,56,45
S00112917,87,44,43
S00112918,81,50,31
S00112919,83,42,41
S00112920,77,40,37
S00112921,81,39,42
S00112922,92,39,53
S00112923,107,62,45
S00112924,91,61,30
S00112925,85,64,21
S00112926,91,62,29
S00112927,85,69,16
S00112928,106,60,46
S00112929,65,39,26
S00112930,81,44,37
S00112931,110,59,51
S00112932,68,36,32
S00112933,82,45,37
S00112934,115,67,48
S00112935,94,56,38
S00112936,48,29,19
S00112937,75,46,29
S00112938,65,42,23
S00112939,115,86,29
S00112940,99,71,28
S00112941,77,43,34
S00112942,80,51,29
S00112943,67,45,22
S00112944,46,24,22
S00112945,69,47,22
S00112946,84,42,42
S00112947,118,81,37
S00112948,39,20,19
S00112949,41,20,21
S00112950,109,78,31
S00112951,60,38,22
S00112952,156,108,48
S00112953,96,82,14
S00112954,98,70,28
S00112955,78,62,16
S00112956,80,60,20
S00112957,94,76,18
S00112958,110,77,33
S00112959,107,82,25
S00112960,87,63,24
S00112961,81,64,17
S00112962,75,45,30
S00112963,130,91,39
S00112964,118,85,33
S00112965,133,99,34
S00112966,86,61,25
S00112967,64,47,17
S00112968,85,54,31
S00112969,102,78,24
S00112970,100,77,23
S00112971,107,72,35
S00112972,106,71,35
S00112973,93,73,20
S00112974,93,64,29
S00112975,124,88,36
S00112976,73,57,16
S00112977,62,36,26
S00112978,62,34,28
S00112979,70,44,26
S00112980,51,42,9
S00112981,88,65,23
S00112982,80,66,14
S00112983,77,59,18
S00112984,48,26,22
S00112985,50,39,11
S00112986,66,45,21
S00112987,103,72,31
S00112988,45,32,13
S00112989,76,55,21
S00112990,85,54,31
S00112991,65,29,36
S00112992,63,32,31
S00112993,73,42,31
S00112994,89,51,38
S00112995,93,58,35
S00112996,88,64,24
S00112997,77,49,28
S00112998,105,74,31
S00112999,58,44,14
S00113000,68,37,31
S00113001,81,52,29
S00113002,108,74,34
S00113003,97,51,46
S00113004,76,50,26
S00113005,60,42,18
S00113006,58,32,26
S00113007,71,46,25
S00113008,79,56,23
S00113009,55,39,16
S00113010,66,44,22
S00113011,49,38,11
S00113012,95,54,41
S00113013,74,46,28
S00113014,84,73,11
S00113015,145,86,59
S00113016,88,61,27
S00113017,56,46,10
S00113018,68,52,16
S00113019,54,45,9
S00113020,84,67,17
S00113021,90,62,28
S00113022,93,65,28
S00113023,105,64,41
S00113024,64,44,20
S00113025,138,99,39
S00113026,40,28,12
S00113027,78,49,29
S00113028,49,27,22
S00113029,73,41,32
S00113030,99,72,27
S00113031,95,70,25
S00113032,84,61,23
S00113033,82,50,32
S00113034,105,75,30
S00113035,110,89,21
S00113036,91,61,30
S00113037,101,70,31
S00113038,56,39,17
S00113039,126,96,30
S00113040,67,33,34
S00113041,96,48,48
S00113042,84,52,32
S00113043,68,38,30
S00113044,78,35,43
S00113045,60,40,20
S00113046,44,23,21
S00113047,76,52,24
S00113048,105,59,46
S00113049,85,59,26
S00113050,90,59,31
S00113051,86,72,14
S00113052,66,40,26
S00113053,92,64,28
S00113054,107,71,36
S00113055,52,40,12
S00113056,61,44,17
S00113057,82,54,28
S00113058,104,74,30
S00113059,72,55,17
S00113060,72,48,24
S00113061,93,64,29
S00113062,76,31,45
S00113063,66,41,25
S00113064,81,56,25
S00113065,80,53,27
S00113066,88,53,35
S00113067,93,64,29
S00113068,93,56,37
S00113069,109,69,40
S00113070,126,83,43
S00113071,111,57,54
S00113072,75,54,21
S00113073,89,59,30
S00113074,69,49,20
S00113075,90,57,33
S00113076,43,6,37
S00113077,91,48,43
S00113078,104,60,44
S00113079,105,56,49
S00113080,110,63,47
S00113081,59,30,29
S00113082,69,44,25
S00113083,74,37,37
S00113084,35,21,14
S00113085,76,48,28
S00113086,43,26,17
S00113087,64,32,32
S00113088,94,50,44
S00113089,105,51,54
S00113090,40,25,15
S00113091,38,23,15
S00113092,65,41,24
S00113093,114,64,50
S00113094,102,61,41
S00113095,47,29,18
S00113096,63,35,28
S00113097,101,58,43
S00113098,35,19,16
S00113099,69,38,31
S00113100,50,38,12
S00113101,85,52,33
S00113102,115,72,43
S00113103,57,28,29
S00113104,75,35,40
S00113105,76,45,31
S00113106,59,33,26
S00113107,65,31,34
S00113108,60,38,22
S00113109,96,54,42
S00113110,46,24,22
S00113111,90,50,40
S00113112,110,50,60
S00113113,93,66,27
S00113114,36,9,27
S00113115,95,63,32
S00113116,53,35,18
S00113117,88,73,15
S00113118,80,61,19
S00113119,87,50,37
S00113120,44,29,15
S00113121,41,22,19
S00113122,51,25,26
S00113123,44,34,10
S00113124,105,60,45
S00113125,46,28,18
S00113126,79,46,33
S00113127,34,15,19
S00113128,45,12,33
S00113129,66,45,21
S00113130,119,82,37
S00113131,116,87,29
S00113132,61,42,19
S00113133,53,35,18
S00113134,84,55,29
S00113135,132,101,31
S00113136,70,48,22
S00113137,122,92,30
S00113138,82,52,30
S00113139,50,25,25
S00113140,99,68,31
S00113141,93,65,28
S00113142,78,53,25
S00113143,67,46,21
S00113144,85,67,18
S00113145,64,43,21
S00113146,68,35,33
S00113147,69,41,28
S00113148,99,72,27
S00113149,79,45,34
S00113150,68,31,37
S00113151,50,32,18
S00113152,97,79,18
S00113153,76,57,19
S00113154,36,19,17
S00113155,80,54,26
S00113156,82,58,24
S00113157,98,68,30
S00113158,81,63,18
S00113159,73,55,18
S00113160,90,73,17
S00113161,118,88,30
S00113162,124,86,38
S00113163,143,111,32
S00113164,101,74,27
S00113165,91,64,27
S00113166,73,58,15
S00113167,86,76,10
S00113168,103,82,21
S00113169,78,57,21
S00113170,132,87,45
S00113171,100,83,17
S00113172,111,92,19
S00113173,101,86,15
S00113174,41,33,8
S00113175,76,34,42
S00113176,119,75,44
S00113177,110,78,32
S00113178,96,51,45
S00113179,69,55,14
S00113180,103,78,25
S00113181,49,24,25
S00113182,92,50,42
S00113183,58,24,34
S00113184,41,20,21
S00113185,64,28,36
S00113186,49,31,18
S00113187,73,36,37
S00113188,57,26,31
S00113189,89,58,31
S00113190,89,52,37
S00113191,30,9,21
S00113192,94,29,65
S00113193,317,168,149
S00113194,74,44,30
S00113195,54,34,20
S00113196,63,27,36
S00113197,51,31,20
S00113198,1133,385,748
S00113199,81,55,26
S00113200,91,61,30
S00113201,51,31,20
S00113202,55,32,23
S00113203,48,29,19
S00113204,85,60,25
S00113205,100,60,40
S00113206,106,80,26
S00113207,63,55,8
S00113208,87,75,12
S00113209,83,65,18
S00113210,110,78,32
S00113211,89,62,27
S00113212,60,52,8
S00113213,66,54,12
S00113214,124,82,42
S00113215,97,68,29
S00113216,86,61,25
S00113217,95,72,23
S00113218,55,25,30
S00113219,89,47,42
S00113220,83,54,29
S00113221,70,52,18
S00113222,111,81,30
S00113223,53,34,19
S00113224,86,43,43
S00113225,71,47,24
S00113226,55,43,12
S00113227,67,43,24
S00113228,61,51,10
S00113229,82,59,23
S00113230,101,87,14
S00113231,115,94,21
S00113232,59,24,35
S00113233,69,27,42
S00113234,69,36,33
S00113235,80,50,30
S00113236,73,33,40
S00113237,42,29,13
S00113238,40,23,17
S00113239,74,36,38
S00113240,64,40,24
S00113241,63,38,25
S00113242,103,69,34
S00113243,52,28,24
S00113244,86,56,30
S00113245,56,33,23
S00113246,70,37,33
S00113247,59,42,17
S00113248,59,32,27
S00113249,90,45,45
S00113250,64,34,30
S00113251,81,46,35
S00113252,88,44,44
S00113253,61,49,12
S00113254,66,45,21
S00113255,55,30,25
S00113256,135,112,23
S00113257,92,77,15
S00113258,93,70,23
S00113259,43,20,23
S00113260,59,39,20
S00113261,113,78,35
S00113262,54,42,12
S00113263,65,36,29
S00113264,52,37,15
S00113265,61,31,30
S00113266,68,41,27
S00113267,70,36,34
S00113268,105,63,42
S00113269,104,65,39
S00113270,75,43,32
S00113271,116,87,29
S00113272,126,109,17
S00113273,76,50,26
S00113274,66,29,37
S00113275,100,47,53
S00113276,103,71,32
S00113277,43,28,15
S00113278,69,50,19
S00113279,109,71,38
S00113280,131,110,21
S00113281,122,84,38
S00113282,58,46,12
S00113283,103,75,28
S00113284,90,66,24
S00113285,95,64,31
S00113286,52,39,13
S00113287,88,56,32
S00113288,119,42,77
S00113289,75,42,33
S00113290,82,32,50
S00113291,58,30,28
S00113292,117,95,22
S00113293,121,94,27
S00113294,94,73,21
S00113295,67,58,9
S00113296,86,63,23
S00113297,102,79,23
S00113298,77,47,30
S00113299,92,57,35
S00113300,61,38,23
S00113301,93,83,10
S00113302,111,82,29
S00113303,91,73,18
S00113304,53,34,19
S00113305,48,26,22
S00113306,79,59,20
S00113307,112,75,37
S00113308,108,72,36
S00113309,78,40,38
S00113310,96,73,23
S00113311,117,67,50
S00113312,95,54,41
S00113313,64,39,25
S00113314,58,33,25
S00113315,61,37,24
S00113316,65,32,33
S00113317,105,63,42
S00113318,85,44,41
S00113319,68,24,44
S00113320,74,27,47
S00113321,75,43,32
S00113322,77,44,33
S00113323,57,27,30
S00113324,71,43,28
S00113325,83,47,36
S00113326,97,68,29
S00113327,68,35,33
S00113328,128,92,36
S00113329,86,77,9
S00113330,102,74,28
S00113331,74,47,27
S00113332,53,40,13
S00113333,98,57,41
S00113334,70,35,35
S00113335,81,45,36
S00113336,120,66,54
S00113337,91,50,41
S00113338,86,36,50
S00113339,59,36,23
S00113340,85,40,45
S00113341,46,30,16
S00113342,48,31,17
S00113343,44,15,29
S00113344,70,49,21
S00113345,94,62,32
S00113346,84,47,37
S00113347,66,32,34
S00113348,68,37,31
S00113349,98,72,26
S00113350,87,54,33
S00113351,82,53,29
S00113352,56,28,28
S00113353,111,75,36
S00113354,116,99,17
S00113355,36,18,18
S00113356,66,46,20
S00113357,104,79,25
S00113358,69,41,28
S00113359,87,58,29
S00113360,112,78,34
S00113361,108,79,29
S00113362,64,47,17
S00113363,58,22,36
S00113364,53,32,21
S00113365,56,26,30
S00113366,84,52,32
S00113367,97,63,34
S00113368,110,54,56
S00113369,89,52,37
S00113370,84,58,26
S00113371,99,48,51
S00113372,106,61,45
S00113373,45,22,23
S00113374,66,37,29
S00113375,86,39,47
S00113376,61,33,28
S00113377,54,19,35
S00113378,79,68,11
S00113379,60,46,14
S00113380,65,50,15
S00113381,82,33,49
S00113382,38,13,25
S00113383,37,14,23
S00113384,84,39,45
S00113385,104,73,31
S00113386,116,81,35
S00113387,116,68,48
S00113388,88,46,42
S00113389,91,61,30
S00113390,56,36,20
S00113391,102,67,35
S00113392,111,71,40
S00113393,105,62,43
S00113394,80,56,24
S00113395,68,30,38
S00113396,75,24,51
S00113397,66,42,24
S00113398,86,35,51
S00113399,80,57,23
S00113400,82,45,37
S00113401,77,39,38
S00113402,57,27,30
S00113403,49,21,28
S00113404,97,57,40
S00113405,129,71,58
S00113406,100,59,41
S00113407,65,37,28
S00113408,117,66,51
S00113409,141,51,90
S00113410,82,41,41
S00113411,77,41,36
S00113412,72,58,14
S00113413,106,65,41
S00113414,66,34,32
S00113415,74,42,32
S00113416,87,53,34
S00113417,114,71,43
S00113418,98,52,46
S00113419,64,39,25
S00113420,110,64,46
S00113421,92,50,42
S00113422,52,20,32
S00113423,108,74,34
S00113424,96,50,46
S00113425,160,89,71
S00113426,83,54,29
S00113427,31,11,20
S00113428,81,50,31
S00113429,94,55,39
S00113430,75,40,35
S00113431,120,76,44
S00113432,102,62,40
S00113433,85,55,30
S00113434,73,52,21
S00113435,80,46,34
S00113436,54,27,27
S00113437,75,46,29
S00113438,113,61,52
S00113439,82,51,31
S00113440,92,57,35
S00113441,57,42,15
S00113442,111,61,50
S00113443,124,77,47
S00113444,75,44,31
S00113445,59,37,22
S00113446,33,21,12
S00113447,95,45,50
S00113448,87,59,28
S00113449,78,56,22
S00113450,98,81,17
S00113451,84,48,36
S00113452,41,25,16
S00113453,87,49,38
S00113454,51,39,12
S00113455,48,28,20
S00113456,78,51,27
S00113457,62,40,22
S00113458,55,29,26
S00113459,63,29,34
S00113460,91,55,36
S00113461,77,41,36
S00113462,80,43,37
S00113463,98,52,46
S00113464,68,38,30
S00113465,80,48,32
S00113466,92,62,30
S00113467,86,41,45
S00113468,39,22,17
S00113469,87,50,37
S00113470,120,72,48
S00113471,95,48,47
S00113472,65,35,30
S00113473,40,20,20
S00113474,79,43,36
S00113475,69,33,36
S00113476,76,46,30
S00113477,67,39,28
S00113478,92,50,42
S00113479,77,43,34
S00113480,75,51,24
S00113481,104,74,30
S00113482,56,27,29
S00113483,103,51,52
S00113484,76,42,34
S00113485,52,23,29
S00113486,61,33,28
S00113487,71,34,37
S00113488,91,52,39
S00113489,69,31,38
S00113490,69,40,29
S00113491,70,36,34
S00113492,63,34,29
S00113493,99,51,48
S00113494,85,46,39
S00113495,90,38,52
S00113496,62,44,18
S00113497,72,31,41
S00113498,91,44,47
S00113499,86,41,45
S00113500,41,16,25
S00113501,67,40,27
S00113502,53,28,25
S00113503,81,43,38
S00113504,86,48,38
S00113505,82,34,48
S00113506,54,27,27
S00113507,118,55,63
S00113508,116,67,49
S00113509,76,67,9
S00113510,111,61,50
S00113511,97,56,41
S00113512,108,62,46
S00113513,85,51,34
S00113514,41,16,25
S00113515,51,31,20
S00113516,78,35,43
S00113517,115,56,59
S00113518,107,53,54
S00113519,56,28,28
S00113520,49,23,26
S00113521,56,21,35
S00113522,119,101,18
S00113523,83,50,33
S00113524,93,78,15
S00113525,74,45,29
S00113526,64,33,31
S00113527,73,39,34
S00113528,91,51,40
S00113529,94,61,33
S00113530,62,34,28
S00113531,84,47,37
S00113532,64,35,29
S00113533,78,40,38
S00113534,59,29,30
S00113535,62,41,21
S00113536,68,38,30
S00113537,65,41,24
S00113538,57,10,47
S00113539,86,32,54
S00113540,67,33,34
S00113541,61,32,29
S00113542,117,57,60
S00113543,60,23,37
S00113544,59,18,41
S00113545,81,57,24
S00113546,75,41,34
S00113547,105,65,40
S00113548,94,45,49
S00113549,86,43,43
S00113550,52,20,32
S00113551,42,22,20
S00113552,63,41,22
S00113553,86,44,42
S00113554,63,49,14
S00113555,92,55,37
S00113556,51,43,8
S00113557,60,34,26
S00113558,58,31,27
S00113559,113,61,52
S00113560,120,70,50
S00113561,47,33,14
S00113562,60,34,26
S00113563,28,3,25
S00113564,119,63,56
S00113565,50,28,22
S00113566,78,48,30
S00113567,109,42,67
S00113568,139,77,62
S00113569,135,87,48
S00113570,110,63,47
S00113571,120,57,63
S00113572,111,84,27
S00113573,92,80,12
S00113574,112,83,29
S00113575,83,45,38
S00113576,58,38,20
S00113577,62,27,35
S00113578,52,30,22
S00113579,98,62,36
S00113580,130,83,47
S00113581,55,33,22
S00113582,89,52,37
S00113583,79,51,28
S00113584,65,39,26
S00113585,59,30,29
S00113586,99,42,57
S00113587,105,52,53
S00113588,130,64,66
S00113589,102,55,47
S00113590,104,60,44
S00113591,84,47,37
S00113592,98,51,47
S00113593,115,70,45
S00113594,101,48,53
S00113595,84,48,36
S00113596,51,33,18
S00113597,66,41,25
S00113598,83,49,34
S00113599,97,58,39
S00113600,56,35,21
S00113601,64,34,30
S00113602,43,23,20
S00113603,112,45,67
S00113604,74,35,39
S00113605,134,75,59
S00113606,102,59,43
S00113607,59,30,29
S00113608,51,28,23
S00113609,117,56,61
S00113610,64,33,31
S00113611,50,31,19
S00113612,83,45,38
S00113613,61,35,26
S00113614,76,54,22
S00113615,77,41,36
S00113616,60,37,23
S00113617,87,63,24
S00113618,81,44,37
S00113619,61,36,25
S00113620,81,60,21
S00113621,59,26,33
S00113622,128,81,47
S00113623,92,78,14
S00113624,57,42,15
S00113625,78,51,27
S00113626,72,44,28
S00113627,92,58,34
S00113628,71,46,25
S00113629,91,52,39
S00113630,54,33,21
S00113631,83,49,34
S00113632,71,48,23
S00113633,101,69,32
S00113634,61,34,27
S00113635,82,63,19
S00113636,81,52,29
S00113637,65,40,25
S00113638,52,25,27
S00113639,144,80,64
S00113640,87,63,24
S00113641,93,71,22
S00113642,76,60,16
S00113643,88,70,18
S00113644,134,110,24
S00113645,103,86,17
S00113646,73,62,11
S00113647,134,111,23
S00113648,91,70,21
S00113649,113,90,23
S00113650,84,65,19
S00113651,60,44,16
S00113652,83,54,29
S00113653,99,65,34
S00113654,95,57,38
S00113655,85,51,34
S00113656,97,50,47
S00113657,51,30,21
S00113658,45,21,24
S00113659,80,38,42
S00113660,82,47,35
S00113661,94,51,43
S00113662,70,44,26
S00113663,70,53,17
S00113664,88,64,24
S00113665,63,37,26
S00113666,67,47,20
S00113667,65,38,27
S00113668,50,25,25
S00113669,81,49,32
S00113670,66,38,28
S00113671,105,53,52
S00113672,84,49,35
S00113673,95,57,38
S00113674,47,30,17
S00113675,96,62,34
S00113676,87,61,26
S00113677,74,45,29
S00113678,77,48,29
S00113679,45,11,34
S00113680,57,37,20
S00113681,60,40,20
S00113682,65,40,25
S00113683,105,54,51
S00113684,72,34,38
S00113685,100,63,37
S00113686,97,70,27
S00113687,38,32,6
S00113688,50,29,21
S00113689,105,72,33
S00113690,59,41,18
S00113691,80,58,22
S00113692,102,72,30
S00113693,98,78,20
S00113694,108,88,20
S00113695,80,60,20
S00113696,63,49,14
S00113697,97,80,17
S00113698,98,81,17
S00113699,72,48,24
S00113700,69,53,16
S00113701,92,71,21
S00113702,90,64,26
S00113703,105,77,28
S00113704,62,41,21
S00113705,71,57,14
S00113706,82,62,20
S00113707,72,58,14
S00113708,89,72,17
S00113709,101,80,21
S00113710,84,59,25
S00113711,98,81,17
S00113712,65,49,16
S00113713,128,103,25
S00113714,70,64,6
S00113715,56,40,16
S00113716,75,42,33
S00113717,75,60,15
S00113718,49,33,16
S00113719,107,70,37
S00113720,76,60,16
S00113721,102,88,14
S00113722,69,59,10
S00113723,93,77,16
S00113724,76,63,13
S00113725,79,40,39
S00113726,72,40,32
S00113727,86,45,41
S00113728,78,47,31
S00113729,95,56,39
S00113730,89,46,43
S00113731,48,26,22
S00113732,75,40,35
S00113733,78,52,26
S00113734,112,75,37
S00113735,71,53,18
S00113736,100,77,23
S00113737,96,75,21
S00113738,74,44,30
S00113739,52,30,22
S00113740,97,77,20
S00113741,87,67,20
S00113742,63,48,15
S00113743,108,85,23
S00113744,114,80,34
S00113745,92,63,29
S00113746,102,66,36
S00113747,60,28,32
S00113748,113,91,22
S00113749,97,73,24
S00113750,91,72,19
S00113751,46,34,12
S00113752,122,76,46
S00113753,81,52,29
S00113754,83,60,23
S00113755,38,30,8
S00113756,90,54,36
S00113757,60,47,13
S00113758,70,47,23
S00113759,87,36,51
S00113760,82,59,23
S00113761,58,30,28
S00113762,77,42,35
S00113763,51,30,21
S00113764,110,61,49
S00113765,98,78,20
S00113766,94,71,23
S00113767,82,62,20
S00113768,57,36,21
S00113769,107,85,22
S00113770,130,100,30
S00113771,76,44,32
S00113772,42,19,23
S00113773,46,22,24
S00113774,99,38,61
S00113775,60,45,15
S00113776,54,34,20
S00113777,36,16,20
S00113778,59,23,36
S00113779,65,27,38
S00113780,87,42,45
S00113781,53,31,22
S00113782,66,32,34
S00113783,100,46,54
S00113784,40,30,10
S00113785,66,35,31
S00113786,74,48,26
S00113787,95,54,41
S00113788,67,25,42
S00113789,39,21,18
S00113790,80,33,47
S00113791,48,18,30
S00113792,54,25,29
S00113793,97,63,34
S00113794,66,30,36
S00113795,78,38,40
S00113796,78,44,34
S00113797,67,29,38
S00113798,88,47,41
S00113799,50,24,26
S00113800,46,31,15
S00113801,37,28,9
S00113802,52,33,19
S00113803,62,34,28
S00113804,58,37,21
S00113805,49,30,19
S00113806,109,76,33
S00113807,128,89,39
S00113808,80,55,25
S00113809,127,69,58
S00113810,56,37,19
S00113811,59,29,30
S00113812,109,67,42
S00113813,75,43,32
S00113814,59,31,28
S00113815,71,38,33
S00113816,67,35,32
S00113817,94,55,39
S00113818,107,68,39
S00113819,68,43,25
S00113820,36,19,17
S00113821,53,31,22
S00113822,123,67,56
S00113823,140,87,53
S00113824,115,94,21
S00113825,100,86,14
S00113826,127,95,32
S00113827,88,64,24
S00113828,94,72,22
S00113829,62,29,33
S00113830,96,79,17
S00113831,87,51,36
S00113832,88,54,34
S00113833,72,38,34
S00113834,88,51,37
S00113835,53,32,21
S00113836,61,34,27
S00113837,45,25,20
S00113838,70,27,43
S00113839,65,24,41
S00113840,47,20,27
S00113841,79,40,39
S00113842,51,19,32
S00113843,91,46,45
S00113844,84,33,51
S00113845,55,19,36
S00113846,79,36,43
S00113847,66,33,33
S00113848,84,40,44
S00113849,66,29,37
S00113850,54,36,18
S00113851,35,17,18
S00113852,76,44,32
S00113853,54,37,17
S00113854,97,37,60
S00113855,71,42,29
S00113856,66,31,35
S00113857,44,24,20
S00113858,64,36,28
S00113859,95,57,38
S00113860,57,28,29
S00113861,34,26,8
S00113862,132,83,49
S00113863,118,61,57
S00113864,62,36,26
S00113865,72,35,37
S00113866,91,40,51
S00113867,68,43,25
S00113868,79,32,47
S00113869,103,56,47
S00113870,81,33,48
S00113871,94,53,41
S00113872,94,57,37
S00113873,63,47,16
S00113874,49,30,19
S00113875,71,41,30
S00113876,81,43,38
S00113877,36,23,13
S00113878,117,84,33
S00113879,82,57,25
S00113880,95,65,30
S00113881,77,44,33
S00113882,69,36,33
S00113883,59,34,25
S00113884,70,46,24
S00113885,60,40,20
S00113886,63,40,23
S00113887,65,33,32
S00113888,54,26,28
S00113889,70,35,35
S00113890,66,40,26
S00113891,64,31,33
S00113892,48,25,23
S00113893,78,35,43
S00113894,66,44,22
S00113895,103,54,49
S00113896,53,27,26
S00113897,102,58,44
S00113898,62,32,30
S00113899,62,46,16
S00113900,57,41,16
S00113901,80,41,39
S00113902,54,32,22
S00113903,80,46,34
S00113904,72,45,27
S00113905,64,46,18
S00113906,85,45,40
S00113907,49,35,14
S00113908,90,63,27
S00113909,51,39,12
S00113910,62,38,24
S00113911,66,50,16
S00113912,58,37,21
S00113913,90,59,31
S00113914,63,39,24
S00113915,90,57,33
S00113916,86,58,28
S00113917,113,77,36
S00113918,108,79,29
S00113919,70,46,24
S00113920,94,61,33
S00113921,52,42,10
S00113922,61,53,8
S00113923,76,48,28
S00113924,71,40,31
S00113925,59,29,30
S00113926,103,65,38
S00113927,74,49,25
S00113928,138,113,25
S00113929,89,50,39
S00113930,100,72,28
S00113931,98,53,45
S00113932,76,48,28
S00113933,89,58,31
S00113934,52,24,28
S00113935,61,33,28
S00113936,92,54,38
S00113937,91,67,24
S00113938,79,52,27
S00113939,60,38,22
S00113940,131,65,66
S00113941,118,59,59
S00113942,92,58,34
S00113943,62,31,31
S00113944,81,58,23
S00113945,57,36,21
S00113946,70,54,16
S00113947,57,44,13
S00113948,61,49,12
S00113949,86,60,26
S00113950,88,37,51
S00113951,93,54,39
S00113952,70,45,25
S00113953,90,57,33
S00113954,46,27,19
S00113955,53,21,32
S00113956,80,49,31
S00113957,70,39,31
S00113958,99,60,39
S00113959,72,55,17
S00113960,58,50,8
S00113961,89,45,44
S00113962,113,58,55
S00113963,90,74,16
S00113964,99,67,32
S00113965,129,108,21
S00113966,112,73,39
S00113967,171,135,36
S00113968,130,106,24
S00113969,80,53,27
S00113970,137,111,26
S00113971,147,117,30
S00113972,103,81,22
S00113973,138,104,34
S00113974,93,39,54
S00113975,81,42,39
S00113976,83,51,32
S00113977,97,56,41
S00113978,124,79,45
S00113979,77,43,34
S00113980,122,66,56
S00113981,60,23,37
S00113982,87,74,13
S00113983,82,56,26
S00113984,108,69,39
S00113985,72,38,34
S00113986,79,44,35
S00113987,90,56,34
S00113988,89,56,33
S00113989,79,51,28
S00113990,41,18,23
S00113991,85,60,25
S00113992,46,26,20
S00113993,53,32,21
S00113994,143,104,39
S00113995,66,46,20
S00113996,55,30,25
S00113997,76,50,26
S00113998,85,65,20
S00113999,80,55,25
S00114000,93,60,33
S00114001,51,31,20
S00114002,46,23,23
S00114003,54,32,22
S00114004,65,36,29
S00114005,99,55,44
S00114006,85,60,25
S00114007,63,37,26
S00114008,54,30,24
S00114009,100,64,36
S00114010,56,34,22
S00114011,86,53,33
S00114012,56,24,32
S00114013,65,43,22
S00114014,46,35,11
S00114015,64,37,27
S00114016,125,77,48
S00114017,91,59,32
S00114018,63,44,19
S00114019,46,32,14
S00114020,41,24,17
S00114021,95,72,23
S00114022,66,45,21
S00114023,48,41,7
S00114024,67,40,27
S00114025,84,42,42
S00114026,116,69,47
S00114027,95,66,29
S00114028,128,95,33
S00114029,88,58,30
S00114030,94,62,32
S00114031,73,50,23
S00114032,62,36,26
S00114033,87,56,31
S00114034,62,45,17
S00114035,108,84,24
S00114036,91,69,22
S00114037,74,59,15
S00114038,115,68,47
S00114039,103,69,34
S00114040,71,48,23
S00114041,102,83,19
S00114042,142,110,32
S00114043,96,74,22
S00114044,67,51,16
S00114045,85,58,27
S00114046,113,80,33
S00114047,38,24,14
S00114048,70,34,36
S00114049,39,14,25
S00114050,100,49,51
S00114051,74,36,38
S00114052,83,56,27
S00114053,70,33,37
S00114054,76,44,32
S00114055,92,51,41
S00114056,68,39,29
S00114057,56,24,32
S00114058,148,82,66
S00114059,63,32,31
S00114060,60,36,24
S00114061,63,36,27
S00114062,67,45,22
S00114063,99,49,50
S00114064,74,33,41
S00114065,104,73,31
S00114066,117,79,38
S00114067,50,17,33
S00114068,80,50,30
S00114069,62,39,23
S00114070,57,34,23
S00114071,148,98,50
S00114072,114,69,45
S00114073,127,84,43
S00114074,93,78,15
S00114075,154,117,37
S00114076,66,52,14
S00114077,125,80,45
S00114078,115,68,47
S00114079,82,51,31
S00114080,78,43,35
S00114081,113,82,31
S00114082,94,57,37
S00114083,108,54,54
S00114084,90,38,52
S00114085,92,55,37
S00114086,100,70,30
S00114087,51,40,11
S00114088,105,80,25
S00114089,126,86,40
S00114090,98,66,32
S00114091,86,44,42
S00114092,102,80,22
S00114093,133,110,23
S00114094,88,58,30
S00114095,53,38,15
S00114096,93,47,46
S00114097,76,50,26
S00114098,43,21,22
S00114099,115,64,51
S00114100,62,33,29
S00114101,73,47,26
S00114102,77,47,30
S00114103,71,40,31
S00114104,54,29,25
S00114105,64,36,28
S00114106,95,65,30
S00114107,95,72,23
S00114108,117,94,23
S00114109,76,35,41
S00114110,59,45,14
S00114111,83,60,23
S00114112,85,61,24
S00114113,133,107,26
S00114114,126,97,29
S00114115,103,65,38
S00114116,106,81,25
S00114117,114,44,70
S00114118,75,42,33
S00114119,52,29,23
S00114120,69,39,30
S00114121,69,44,25
S00114122,66,42,24
S00114123,60,35,25
S00114124,39,22,17
S00114125,37,26,11
S00114126,76,43,33
S00114127,69,29,40
S00114128,62,33,29
S00114129,84,42,42
S00114130,84,41,43
S00114131,86,39,47
S00114132,86,52,34
S00114133,81,43,38
S00114134,109,76,33
S00114135,49,27,22
S00114136,87,51,36
S00114137,144,102,42
S00114138,79,43,36
S00114139,69,31,38
S00114140,86,55,31
S00114141,911,142,769
S00114142,57,29,28
S00114143,91,67,24
S00114144,58,38,20
S00114145,112,91,21
S00114146,94,66,28
S00114147,85,43,42
S00114148,108,74,34
S00114149,81,55,26
S00114150,72,41,31
S00114151,64,36,28
S00114152,105,43,62
S00114153,76,38,38
S00114154,56,37,19
S00114155,80,51,29
S00114156,69,43,26
S00114157,72,56,16
S00114158,53,29,24
S00114159,75,50,25
S00114160,65,44,21
S00114161,68,43,25
S00114162,77,45,32
S00114163,36,19,17
S00114164,63,31,32
S00114165,61,36,25
S00114166,65,45,20
S00114167,82,48,34
S00114168,100,60,40
S00114169,57,25,32
S00114170,70,47,23
S00114171,72,42,30
S00114172,38,14,24
S00114173,52,25,27
S00114174,42,23,19
S00114175,69,34,35
S00114176,138,90,48
S00114177,50,22,28
S00114178,92,49,43
S00114179,166,108,58
S00114180,76,43,33
S00114181,146,66,80
S00114182,38,11,27
S00114183,136,79,57
S00114184,108,65,43
S00114185,83,51,32
S00114186,42,19,23
S00114187,82,51,31
S00114188,85,56,29
S00114189,81,50,31
S00114190,92,49,43
S00114191,38,16,22
S00114192,58,37,21
S00114193,39,25,14
S00114194,91,50,41
S00114195,117,103,14
S00114196,67,36,31
S00114197,96,59,37
S00114198,67,44,23
S00114199,56,39,17
S00114200,47,32,15
S00114201,49,25,24
S00114202,37,17,20
S00114203,94,56,38
S00114204,63,36,27
S00114205,83,53,30
S00114206,34,19,15
S00114207,66,34,32
S00114208,71,45,26
S00114209,114,65,49
S00114210,54,41,13
S00114211,93,59,34
S00114212,50,39,11
S00114213,91,73,18
S00114214,81,60,21
S00114215,76,57,19
S00114216,65,33,32
S00114217,45,24,21
S00114218,115,50,65
S00114219,118,70,48
S00114220,44,21,23
S00114221,62,34,28
S00114222,92,55,37
S00114223,67,40,27
S00114224,115,73,42
S00114225,104,52,52
S00114226,98,52,46
S00114227,96,44,52
S00114228,114,92,22
S00114229,116,64,52
S00114230,58,34,24
S00114231,123,78,45
S00114232,57,32,25
S00114233,112,69,43
S00114234,71,32,39
S00114235,52,21,31
S00114236,79,47,32
S00114237,141,74,67
S00114238,84,42,42
S00114239,53,30,23
S00114240,115,67,48
S00114241,52,23,29
S00114242,123,88,35
S00114243,62,32,30
S00114244,165,82,83
S00114245,37,16,21
S00114246,108,65,43
S00114247,87,50,37
S00114248,68,31,37
S00114249,105,87,18
S00114250,118,98,20
S00114251,115,95,20
S00114252,82,54,28
S00114253,105,80,25
S00114254,47,25,22
S00114255,84,50,34
S00114256,136,80,56
S00114257,85,50,35
S00114258,120,63,57
S00114259,113,59,54
S00114260,104,60,44
S00114261,77,43,34
S00114262,52,32,20
S00114263,74,30,44
S00114264,63,45,18
S00114265,89,58,31
S00114266,85,49,36
S00114267,80,37,43
S00114268,88,49,39
S00114269,63,33,30
S00114270,83,42,41
S00114271,63,35,28
S00114272,67,35,32
S00114273,92,74,18
S00114274,107,63,44
S00114275,60,50,10
S00114276,91,56,35
S00114277,131,82,49
S00114278,74,39,35
S00114279,94,59,35
S00114280,97,29,68
S00114281,55,28,27
S00114282,60,30,30
S00114283,43,21,22
S00114284,58,36,22
S00114285,97,58,39
S00114286,57,31,26
S00114287,74,36,38
S00114288,78,48,30
S00114289,91,51,40
S00114290,137,84,53
S00114291,99,54,45
S00114292,73,42,31
S00114293,38,20,18
S00114294,52,26,26
S00114295,74,34,40
S00114296,61,31,30
S00114297,53,34,19
S00114298,68,42,26
S00114299,113,80,33
S00114300,75,29,46
S00114301,65,38,27
S00114302,61,34,27
S00114303,78,46,32
S00114304,52,28,24
S00114305,97,47,50
S00114306,70,32,38
S00114307,82,40,42
S00114308,47,28,19
S00114309,114,65,49
S00114310,79,65,14
S00114311,97,45,52
S00114312,83,57,26
S00114313,74,48,26
S00114314,46,24,22
S00114315,90,48,42
S00114316,79,46,33
S00114317,96,52,44
S00114318,72,37,35
S00114319,101,61,40
S00114320,90,62,28
S00114321,59,16,43
S00114322,112,53,59
S00114323,85,59,26
S00114324,80,57,23
S00114325,95,76,19
S00114326,80,57,23
S00114327,93,49,44
S00114328,65,34,31
S00114329,72,30,42
S00114330,61,31,30
S00114331,68,43,25
S00114332,57,28,29
S00114333,61,27,34
S00114334,36,21,15
S00114335,61,29,32
S00114336,118,88,30
S00114337,46,23,23
S00114338,88,56,32
S00114339,95,57,38
S00114340,68,59,9
S00114341,65,45,20
S00114342,61,32,29
S00114343,76,36,40
S00114344,119,72,47
S00114345,52,41,11
S00114346,54,23,31
S00114347,62,52,10
S00114348,81,68,13
S00114349,92,76,16
S00114350,72,67,5
S00114351,50,39,11
S00114352,52,43,9
S00114353,73,41,32
S00114354,120,104,16
S00114355,85,49,36
S00114356,128,85,43
S00114357,67,43,24
S00114358,68,57,11
S00114359,105,79,26
S00114360,94,43,51
S00114361,196,77,119
S00114362,87,46,41
S00114363,87,54,33
S00114364,86,48,38
S00114365,61,37,24
S00114366,81,50,31
S00114367,118,83,35
S00114368,56,23,33
S00114369,89,43,46
S00114370,69,26,43
S00114371,51,29,22
S00114372,69,40,29
S00114373,45,26,19
S00114374,56,29,27
S00114375,64,32,32
S00114376,112,74,38
S00114377,90,56,34
S00114378,78,44,34
S00114379,81,44,37
S00114380,53,21,32
S00114381,42,21,21
S00114382,84,44,40
S00114383,34,23,11
S00114384,76,60,16
S00114385,102,86,16
S00114386,69,45,24
S00114387,112,57,55
S00114388,124,61,63
S00114389,85,41,44
S00114390,70,40,30
S00114391,106,51,55
S00114392,91,48,43
S00114393,61,35,26
S00114394,58,36,22
S00114395,82,57,25
S00114396,116,92,24
S00114397,47,33,14
S00114398,79,70,9
S00114399,73,60,13
S00114400,110,81,29
S00114401,144,86,58
S00114402,39,20,19
S00114403,67,35,32
S00114404,78,56,22
S00114405,47,27,20
S00114406,63,44,19
S00114407,56,50,6
S00114408,52,41,11
S00114409,103,85,18
S00114410,83,72,11
S00114411,132,111,21
S00114412,86,73,13
S00114413,56,49,7
S00114414,82,64,18
S00114415,60,51,9
S00114416,85,69,16
S00114417,70,59,11
S00114418,69,62,7
S00114419,59,33,26
S00114420,108,74,34
S00114421,68,59,9
S00114422,80,60,20
S00114423,89,82,7
S00114424,93,77,16
S00114425,118,78,40
S00114426,99,69,30
S00114427,52,38,14
S00114428,56,45,11
S00114429,76,53,23
S00114430,99,82,17
S00114431,92,71,21
S00114432,54,46,8
S00114433,118,78,40
S00114434,124,100,24
S00114435,102,86,16
S00114436,136,111,25
S00114437,95,72,23
S00114438,44,29,15
S00114439,64,33,31
S00114440,57,51,6
S00114441,70,49,21
S00114442,98,69,29
S00114443,120,75,45
S00114444,146,90,56
S00114445,106,61,45
S00114446,111,71,40
S00114447,79,53,26
S00114448,152,94,58
S00114449,171,109,62
S00114450,90,61,29
S00114451,114,64,50
S00114452,105,75,30
S00114453,104,78,26
S00114454,77,45,32
S00114455,226,126,100
S00114456,177,108,69
S00114457,96,69,27
S00114458,94,58,36
S00114459,88,64,24
S00114460,97,79,18
S00114461,46,30,16
S00114462,72,64,8
S00114463,63,36,27
S00114464,61,48,13
S00114465,73,54,19
S00114466,62,55,7
S00114467,78,69,9
S00114468,74,62,12
S00114469,70,63,7
S00114470,102,88,14
S00114471,64,57,7
S00114472,49,43,6
S00114473,84,58,26
S00114474,54,43,11
S00114475,67,62,5
S00114476,59,51,8
S00114477,94,70,24
S00114478,80,63,17
S00114479,57,45,12
S00114480,46,35,11
S00114481,141,117,24
S00114482,61,46,15
S00114483,89,70,19
S00114484,110,85,25
S00114485,98,90,8
S00114486,86,72,14
S00114487,82,70,12
S00114488,71,48,23
S00114489,88,60,28
S00114490,94,73,21
S00114491,66,53,13
S00114492,83,64,19
S00114493,72,48,24
S00114494,56,42,14
S00114495,111,87,24
S00114496,66,53,13
S00114497,101,81,20
S00114498,78,65,13
S00114499,68,57,11
S00114500,69,55,14
S00114501,63,41,22
S00114502,81,62,19
S00114503,69,58,11
S00114504,112,64,48
S00114505,103,84,19
S00114506,89,74,15
S00114507,69,59,10
S00114508,72,66,6
S00114509,88,79,9
S00114510,100,83,17
S00114511,95,83,12
S00114512,85,69,16
S00114513,99,70,29
S00114514,66,51,15
S00114515,143,106,37
S00114516,70,51,19
S00114517,113,86,27
S00114518,141,119,22
S00114519,99,79,20
S00114520,60,50,10
S00114521,105,87,18
S00114522,78,50,28
S00114523,121,106,15
S00114524,78,72,6
S00114525,84,66,18
S00114526,96,73,23
S00114527,95,79,16
S00114528,56,25,31
S00114529,49,30,19
S00114530,75,48,27
S00114531,85,55,30
S00114532,75,64,11
S00114533,60,50,10
S00114534,58,45,13
S00114535,94,60,34
S00114536,97,50,47
S00114537,105,77,28
S00114538,87,62,25
S00114539,52,44,8
S00114540,94,70,24
S00114541,73,59,14
S00114542,75,53,22
S00114543,142,98,44
S00114544,138,95,43
S00114545,118,74,44
S00114546,50,35,15
S00114547,81,49,32
S00114548,98,68,30
S00114549,71,48,23
S00114550,124,96,28
S00114551,155,92,63
S00114552,77,59,18
S00114553,114,65,49
S00114554,111,60,51
S00114555,110,62,48
S00114556,108,68,40
S00114557,47,32,15
S00114558,116,73,43
S00114559,128,68,60
S00114560,84,67,17
S00114561,88,65,23
S00114562,83,52,31
S00114563,86,72,14
S00114564,93,78,15
S00114565,84,65,19
S00114566,114,81,33
S00114567,97,70,27
S00114568,141,107,34
S00114569,94,61,33
S00114570,88,43,45
S00114571,89,62,27
S00114572,133,90,43
S00114573,73,60,13
S00114574,195,127,68
S00114575,94,69,25
S00114576,106,75,31
S00114577,87,58,29
S00114578,141,97,44
S00114579,112,80,32
S00114580,112,70,42
S00114581,80,55,25
S00114582,90,69,21
S00114583,75,40,35
S00114584,56,29,27
S00114585,59,35,24
S00114586,58,36,22
S00114587,103,73,30
S00114588,94,69,25
S00114589,80,47,33
S00114590,86,56,30
S00114591,65,34,31
S00114592,106,77,29
S00114593,120,82,38
S00114594,78,39,39
S00114595,74,48,26
S00114596,120,76,44
S00114597,72,57,15
S00114598,141,82,59
S00114599,156,80,76
S00114600,80,56,24
S00114601,99,49,50
S00114602,81,49,32
S00114603,87,63,24
S00114604,42,25,17
S00114605,46,22,24
S00114606,50,33,17
S00114607,67,28,39
S00114608,34,10,24
S00114609,39,20,19
S00114610,81,42,39
S00114611,93,64,29
S00114612,108,64,44
S00114613,64,27,37
S00114614,57,25,32
S00114615,64,44,20
S00114616,60,42,18
S00114617,107,72,35
S00114618,90,65,25
S00114619,49,25,24
S00114620,88,61,27
S00114621,127,67,60
S00114622,90,61,29
S00114623,163,105,58
S00114624,86,55,31
S00114625,44,34,10
S00114626,56,43,13
S00114627,90,70,20
S00114628,73,56,17
S00114629,68,54,14
S00114630,47,39,8
S00114631,61,52,9
S00114632,83,40,43
S00114633,71,36,35
S00114634,86,56,30
S00114635,93,54,39
S00114636,93,43,50
S00114637,55,32,23
S00114638,52,33,19
S00114639,68,43,25
S00114640,67,40,27
S00114641,46,30,16
S00114642,62,38,24
S00114643,99,61,38
S00114644,109,57,52
S00114645,61,40,21
S00114646,96,61,35
S00114647,101,65,36
S00114648,70,44,26
S00114649,44,27,17
S00114650,128,78,50
S00114651,87,48,39
S00114652,80,41,39
S00114653,72,24,48
S00114654,66,33,33
S00114655,92,44,48
S00114656,102,65,37
S00114657,99,51,48
S00114658,71,43,28
S00114659,44,28,16
S00114660,48,35,13
S00114661,126,73,53
S00114662,81,56,25
S00114663,53,33,20
S00114664,90,57,33
S00114665,90,61,29
S00114666,63,44,19
S00114667,83,39,44
S00114668,53,24,29
S00114669,98,74,24
S00114670,149,97,52
S00114671,69,41,28
S00114672,79,50,29
S00114673,73,42,31
S00114674,46,23,23
S00114675,113,59,54
S00114676,44,21,23
S00114677,59,27,32
S00114678,55,32,23
S00114679,58,32,26
S00114680,83,54,29
S00114681,66,52,14
S00114682,72,59,13
S00114683,47,35,12
S00114684,146,110,36
S00114685,129,87,42
S00114686,85,66,19
S00114687,45,37,8
S00114688,107,88,19
S00114689,69,54,15
S00114690,59,41,18
S00114691,55,45,10
S00114692,157,90,67
S00114693,77,51,26
S00114694,66,50,16
S00114695,56,29,27
S00114696,89,48,41
S00114697,94,55,39
S00114698,92,56,36
S00114699,69,37,32
S00114700,64,45,19
S00114701,98,50,48
S00114702,93,60,33
S00114703,70,48,22
S00114704,84,45,39
S00114705,114,59,55
S00114706,126,74,52
S00114707,73,32,41
S00114708,61,38,23
S00114709,64,38,26
S00114710,111,74,37
S00114711,124,77,47
S00114712,61,34,27
S00114713,79,56,23
S00114714,117,68,49
S00114715,117,85,32
S00114716,104,63,41
S00114717,102,80,22
S00114718,88,53,35
S00114719,73,43,30
S00114720,74,59,15
S00114721,70,43,27
S00114722,88,67,21
S00114723,86,53,33
S00114724,86,63,23
S00114725,93,75,18
S00114726,68,58,10
S00114727,52,41,11
S00114728,72,63,9
S00114729,99,72,27
S00114730,58,36,22
S00114731,66,49,17
S00114732,58,36,22
S00114733,94,76,18
S00114734,75,60,15
S00114735,77,62,15
S00114736,58,39,19
S00114737,54,49,5
S00114738,49,41,8
S00114739,126,97,29
S00114740,104,50,54
S00114741,80,66,14
S00114742,84,70,14
S00114743,64,52,12
S00114744,116,96,20
S00114745,105,91,14
S00114746,99,73,26
S00114747,81,64,17
S00114748,115,97,18
S00114749,62,46,16
S00114750,65,53,12
S00114751,69,59,10
S00114752,112,84,28
S00114753,108,91,17
S00114754,68,58,10
S00114755,79,50,29
S00114756,68,60,8
S00114757,72,60,12
S00114758,56,42,14
S00114759,86,77,9
S00114760,61,55,6
S00114761,48,42,6
S00114762,109,100,9
S00114763,72,65,7
S00114764,88,72,16
S00114765,131,113,18
S00114766,114,105,9
S00114767,57,53,4
S00114768,63,39,24
S00114769,79,58,21
S00114770,52,38,14
S00114771,58,39,19
S00114772,78,67,11
S00114773,46,34,12
S00114774,90,83,7
S00114775,102,80,22
S00114776,65,56,9
S00114777,87,66,21
S00114778,13,3,10
S00114779,139,113,26
S00114780,118,83,35
S00114781,99,90,9
S00114782,87,74,13
S00114783,157,116,41
S00114784,97,65,32
S00114785,65,52,13
S00114786,101,82,19
S00114787,64,55,9
S00114788,55,49,6
S00114789,67,58,9
S00114790,66,63,3
S00114791,112,98,14
S00114792,81,69,12
S00114793,49,37,12
S00114794,113,93,20
S00114795,115,96,19
S00114796,127,107,20
S00114797,117,96,21
S00114798,59,35,24
S00114799,107,76,31
S00114800,79,65,14
S00114801,66,41,25
S00114802,99,74,25
S00114803,85,77,8
S00114804,82,44,38
S00114805,92,79,13
S00114806,70,65,5
S00114807,71,33,38
S00114808,47,15,32
S00114809,63,55,8
S00114810,79,48,31
S00114811,48,36,12
S00114812,91,53,38
S00114813,104,64,40
S00114814,54,34,20
S00114815,94,67,27
S00114816,105,61,44
S00114817,104,77,27
S00114818,122,76,46
S00114819,101,55,46
S00114820,63,39,24
S00114821,81,49,32
S00114822,124,83,41
S00114823,77,46,31
S00114824,53,24,29
S00114825,60,29,31
S00114826,76,63,13
S00114827,128,95,33
S00114828,47,38,9
S00114829,32,12,20
S00114830,53,27,26
S00114831,106,72,34
S00114832,90,48,42
S00114833,86,52,34
S00114834,90,61,29
S00114835,63,24,39
S00114836,53,25,28
S00114837,85,44,41
S00114838,64,38,26
S00114839,41,12,29
S00114840,48,16,32
S00114841,46,20,26
S00114842,74,42,32
S00114843,60,22,38
S00114844,95,68,27
S00114845,77,62,15
S00114846,78,34,44
S00114847,65,35,30
S00114848,72,42,30
S00114849,47,27,20
S00114850,156,115,41
S00114851,140,88,52
S00114852,104,61,43
S00114853,58,38,20
S00114854,72,45,27
S00114855,82,53,29
S00114856,68,41,27
S00114857,40,25,15
S00114858,105,71,34
S00114859,140,80,60
S00114860,82,47,35
S00114861,67,44,23
S00114862,79,58,21
S00114863,62,36,26
S00114864,79,49,30
S00114865,92,56,36
S00114866,89,63,26
S00114867,73,27,46
S00114868,22,8,14
S00114869,50,28,22
S00114870,66,36,30
S00114871,87,42,45
S00114872,53,29,24
S00114873,54,25,29
S00114874,84,51,33
S00114875,55,34,21
S00114876,42,14,28
S00114877,57,29,28
S00114878,109,69,40
S00114879,104,81,23
S00114880,72,53,19
S00114881,78,64,14
S00114882,74,60,14
S00114883,52,44,8
S00114884,57,41,16
S00114885,82,64,18
S00114886,74,50,24
S00114887,68,41,27
S00114888,59,39,20
S00114889,51,28,23
S00114890,120,85,35
S00114891,101,61,40
S00114892,99,60,39
S00114893,39,24,15
S00114894,79,45,34
S00114895,80,52,28
S00114896,83,46,37
S00114897,53,14,39
S00114898,114,74,40
S00114899,89,67,22
S00114900,47,34,13
S00114901,106,61,45
S00114902,96,70,26
S00114903,77,54,23
S00114904,152,104,48
S00114905,111,87,24
S00114906,127,98,29
S00114907,96,71,25
S00114908,62,40,22
S00114909,76,52,24
S00114910,55,27,28
S00114911,119,79,40
S00114912,68,49,19
S00114913,109,74,35
S00114914,92,65,27
S00114915,65,42,23
S00114916,68,60,8
S00114917,64,44,20
S00114918,75,45,30
S00114919,126,90,36
S00114920,132,94,38
S00114921,93,62,31
S00114922,62,45,17
S00114923,104,72,32
S00114924,111,80,31
S00114925,89,68,21
S00114926,104,80,24
S00114927,85,64,21
S00114928,90,62,28
S00114929,101,80,21
S00114930,76,48,28
S00114931,96,57,39
S00114932,62,43,19
S00114933,93,64,29
S00114934,44,27,17
S00114935,92,65,27
S00114936,65,34,31
S00114937,54,35,19
S00114938,78,45,33
S00114939,78,43,35
S00114940,61,43,18
S00114941,94,67,27
S00114942,76,54,22
S00114943,63,45,18
S00114944,108,65,43
S00114945,113,74,39
S00114946,113,83,30
S00114947,144,99,45
S00114948,81,57,24
S00114949,94,61,33
S00114950,102,68,34
S00114951,90,61,29
S00114952,107,75,32
S00114953,99,63,36
S00114954,131,82,49
S00114955,142,105,37
S00114956,97,71,26
S00114957,117,85,32
S00114958,66,43,23
S00114959,102,74,28
S00114960,76,56,20
S00114961,82,43,39
S00114962,60,35,25
S00114963,96,68,28
S00114964,67,52,15
S00114965,67,45,22
S00114966,47,36,11
S00114967,74,60,14
S00114968,80,50,30
S00114969,153,112,41
S00114970,99,73,26
S00114971,93,63,30
S00114972,89,68,21
S00114973,117,82,35
S00114974,96,72,24
S00114975,91,59,32
S00114976,85,70,15
S00114977,126,103,23
S00114978,156,106,50
S00114979,61,37,24
S00114980,98,77,21
S00114981,87,64,23
S00114982,134,97,37
S00114983,78,48,30
S00114984,90,54,36
S00114985,74,47,27
S00114986,67,51,16
S00114987,62,54,8
S00114988,46,38,8
S00114989,77,66,11
S00114990,74,60,14
S00114991,66,57,9
S00114992,58,52,6
S00114993,49,46,3
S00114994,73,47,26
S00114995,81,74,7
S00114996,70,43,27
S00114997,53,52,1
S00114998,54,46,8
S00114999,68,51,17
S00115000,68,46,22
S00115001,63,44,19
S00115002,55,42,13
S00115003,68,52,16
S00115004,51,47,4
S00115005,44,38,6
S00115006,80,58,22
S00115007,75,57,18
S00115008,91,66,25
S00115009,112,82,30
S00115010,51,38,13
S00115011,73,61,12
S00115012,79,53,26
S00115013,55,45,10
S00115014,76,60,16
S00115015,134,99,35
S00115016,98,66,32
S00115017,132,100,32
S00115018,152,117,35
S00115019,136,105,31
S00115020,95,71,24
S00115021,96,70,26
S00115022,94,54,40
S00115023,67,40,27
S00115024,69,50,19
S00115025,96,77,19
S00115026,88,66,22
S00115027,97,72,25
S00115028,90,63,27
S00115029,102,59,43
S00115030,40,28,12
S00115031,55,41,14
S00115032,102,72,30
S00115033,83,51,32
S00115034,153,107,46
S00115035,120,78,42
S00115036,95,66,29
S00115037,73,51,22
S00115038,99,66,33
S00115039,113,87,26
S00115040,72,48,24
S00115041,94,72,22
S00115042,109,76,33
S00115043,81,62,19
S00115044,76,54,22
S00115045,107,82,25
S00115046,85,61,24
S00115047,65,40,25
S00115048,125,92,33
S00115049,68,51,17
S00115050,46,32,14
S00115051,109,70,39
S00115052,63,45,18
S00115053,68,44,24
S00115054,62,44,18
S00115055,74,56,18
S00115056,88,68,20
S00115057,36,22,14
S00115058,107,96,11
S00115059,78,53,25
S00115060,84,60,24
S00115061,131,88,43
S00115062,68,51,17
S00115063,84,69,15
S00115064,78,52,26
S00115065,153,107,46
S00115066,147,105,42
S00115067,94,66,28
S00115068,121,86,35
S00115069,103,64,39
S00115070,58,40,18
S00115071,84,57,27
S00115072,104,83,21
S00115073,64,50,14
S00115074,98,75,23
S00115075,87,71,16
S00115076,85,70,15
S00115077,80,50,30
S00115078,49,38,11
S00115079,118,87,31
S00115080,93,67,26
S00115081,41,31,10
S00115082,38,25,13
S00115083,84,46,38
S00115084,80,60,20
S00115085,106,78,28
S00115086,97,71,26
S00115087,64,43,21
S00115088,86,60,26
S00115089,134,96,38
S00115090,93,76,17
S00115091,70,55,15
S00115092,64,47,17
S00115093,117,89,28
S00115094,74,48,26
S00115095,82,57,25
S00115096,118,88,30
S00115097,66,52,14
S00115098,84,60,24
S00115099,88,67,21
S00115100,79,73,6
S00115101,99,80,19
S00115102,78,58,20
S00115103,112,89,23
S00115104,64,48,16
S00115105,73,52,21
S00115106,78,59,19
S00115107,103,78,25
S00115108,54,41,13
S00115109,74,50,24
S00115110,125,95,30
S00115111,86,65,21
S00115112,84,62,22
S00115113,83,66,17
S00115114,76,60,16
S00115115,85,62,23
S00115116,51,37,14
S00115117,108,70,38
S00115118,69,49,20
S00115119,107,71,36
S00115120,74,62,12
S00115121,114,91,23
S00115122,93,71,22
S00115123,76,58,18
S00115124,117,95,22
S00115125,74,60,14
S00115126,100,69,31
S00115127,144,114,30
S00115128,109,77,32
S00115129,115,86,29
S00115130,112,87,25
S00115131,82,58,24
S00115132,80,68,12
S00115133,103,75,28
S00115134,97,45,52
S00115135,84,32,52
S00115136,104,72,32
S00115137,63,39,24
S00115138,58,29,29
S00115139,80,48,32
S00115140,100,57,43
S00115141,124,81,43
S00115142,113,100,13
S00115143,53,38,15
S00115144,70,41,29
S00115145,106,52,54
S00115146,98,64,34
S00115147,81,44,37
S00115148,136,113,23
S00115149,102,55,47
S00115150,110,92,18
S00115151,86,49,37
S00115152,58,23,35
S00115153,84,19,65
S00115154,75,64,11
S00115155,88,36,52
S00115156,135,62,73
S00115157,113,53,60
S00115158,74,40,34
S00115159,40,20,20
S00115160,74,33,41
S00115161,117,54,63
S00115162,64,37,27
S00115163,64,32,32
S00115164,74,57,17
S00115165,165,49,116
S00115166,70,38,32
S00115167,115,102,13
S00115168,88,50,38
S00115169,89,44,45
S00115170,82,34,48
S00115171,92,51,41
S00115172,41,19,22
S00115173,53,22,31
S00115174,44,19,25
S00115175,59,25,34
S00115176,75,30,45
S00115177,56,34,22
S00115178,144,80,64
S00115179,48,26,22
S00115180,63,33,30
S00115181,60,31,29
S00115182,69,32,37
S00115183,51,27,24
S00115184,95,46,49
S00115185,91,53,38
S00115186,105,56,49
S00115187,83,38,45
S00115188,78,46,32
S00115189,86,45,41
S00115190,107,58,49
S00115191,60,37,23
S00115192,98,56,42
S00115193,100,69,31
S00115194,116,66,50
S00115195,86,46,40
S00115196,72,37,35
S00115197,78,47,31
S00115198,87,59,28
S00115199,108,89,19
S00115200,130,109,21
S00115201,96,55,41
S00115202,73,32,41
S00115203,58,38,20
S00115204,113,77,36
S00115205,58,36,22
S00115206,110,66,44
S00115207,57,28,29
S00115208,42,27,15
S00115209,106,87,19
S00115210,124,100,24
S00115211,72,48,24
S00115212,51,29,22
S00115213,71,43,28
S00115214,118,100,18
S00115215,94,66,28
S00115216,116,86,30
S00115217,121,76,45
S00115218,85,52,33
S00115219,64,36,28
S00115220,94,55,39
S00115221,75,47,28
S00115222,104,57,47
S00115223,93,68,25
S00115224,64,42,22
S00115225,51,31,20
S00115226,88,53,35
S00115227,82,53,29
S00115228,60,28,32
S00115229,103,62,41
S00115230,56,33,23
S00115231,41,31,10
S00115232,39,22,17
S00115233,87,49,38
S00115234,64,36,28
S00115235,61,35,26
S00115236,108,82,26
S00115237,63,37,26
S00115238,79,50,29
S00115239,73,44,29
S00115240,55,27,28
S00115241,80,48,32
S00115242,84,50,34
S00115243,71,39,32
S00115244,83,40,43
S00115245,113,62,51
S00115246,74,38,36
S00115247,74,31,43
S00115248,57,18,39
S00115249,73,39,34
S00115250,52,23,29
S00115251,69,42,27
S00115252,64,34,30
S00115253,67,33,34
S00115254,70,38,32
S00115255,61,38,23
S00115256,77,42,35
S00115257,89,47,42
S00115258,69,41,28
S00115259,81,49,32
S00115260,91,54,37
S00115261,59,22,37
S00115262,67,56,11
S00115263,52,34,18
S00115264,66,26,40
S00115265,96,68,28
S00115266,78,61,17
S00115267,66,55,11
S00115268,97,65,32
S00115269,70,54,16
S00115270,78,49,29
S00115271,54,36,18
S00115272,51,36,15
S00115273,66,50,16
S00115274,83,61,22
S00115275,147,120,27
S00115276,51,40,11
S00115277,119,83,36
S00115278,135,94,41
S00115279,65,52,13
S00115280,78,61,17
S00115281,136,94,42
S00115282,116,59,57
S00115283,74,40,34
S00115284,64,33,31
S00115285,123,86,37
S00115286,87,50,37
S00115287,91,60,31
S00115288,66,44,22
S00115289,101,82,19
S00115290,82,62,20
S00115291,68,56,12
S00115292,85,59,26
S00115293,101,67,34
S00115294,53,37,16
S00115295,105,78,27
S00115296,108,76,32
S00115297,57,29,28
S00115298,108,74,34
S00115299,84,38,46
S00115300,60,23,37
S00115301,103,84,19
S00115302,98,61,37
S00115303,92,66,26
S00115304,71,50,21
S00115305,74,52,22
S00115306,70,43,27
S00115307,61,39,22
S00115308,124,80,44
S00115309,96,80,16
S00115310,60,43,17
S00115311,54,33,21
S00115312,92,41,51
S00115313,82,44,38
S00115314,64,41,23
S00115315,116,78,38
S00115316,57,35,22
S00115317,41,19,22
S00115318,49,21,28
S00115319,85,49,36
S00115320,71,33,38
S00115321,79,44,35
S00115322,54,29,25
S00115323,105,53,52
S00115324,84,39,45
S00115325,72,52,20
S00115326,96,65,31
S00115327,112,58,54
S00115328,77,30,47
S00115329,53,22,31
S00115330,51,14,37
S00115331,64,41,23
S00115332,65,35,30
S00115333,82,36,46
S00115334,119,75,44
S00115335,98,58,40
S00115336,74,47,27
S00115337,91,46,45
S00115338,104,64,40
S00115339,72,38,34
S00115340,81,55,26
S00115341,117,54,63
S00115342,63,41,22
S00115343,87,62,25
S00115344,100,52,48
S00115345,98,69,29
S00115346,70,46,24
S00115347,99,61,38
S00115348,64,45,19
S00115349,105,71,34
S00115350,76,51,25
S00115351,96,78,18
S00115352,86,61,25
S00115353,89,50,39
S00115354,125,70,55
S00115355,62,40,22
S00115356,42,29,13
S00115357,50,24,26
S00115358,67,30,37
S00115359,43,28,15
S00115360,81,51,30
S00115361,61,43,18
S00115362,101,65,36
S00115363,82,54,28
S00115364,107,81,26
S00115365,93,57,36
S00115366,106,82,24
S00115367,74,56,18
S00115368,61,40,21
S00115369,71,63,8
S00115370,93,80,13
S00115371,124,112,12
S00115372,79,46,33
S00115373,67,35,32
S00115374,89,59,30
S00115375,100,63,37
S00115376,72,39,33
S00115377,88,70,18
S00115378,78,41,37
S00115379,100,57,43
S00115380,88,53,35
S00115381,72,43,29
S00115382,68,41,27
S00115383,101,72,29
S00115384,69,44,25
S00115385,109,69,40
S00115386,100,58,42
S00115387,80,59,21
S00115388,86,48,38
S00115389,62,36,26
S00115390,75,56,19
S00115391,58,23,35
S00115392,55,27,28
S00115393,64,39,25
S00115394,72,53,19
S00115395,185,129,56
S00115396,114,91,23
S00115397,90,64,26
S00115398,71,50,21
S00115399,59,35,24
S00115400,82,57,25
S00115401,80,51,29
S00115402,60,37,23
S00115403,72,52,20
S00115404,40,27,13
S00115405,50,29,21
S00115406,74,52,22
S00115407,74,49,25
S00115408,94,63,31
S00115409,50,41,9
S00115410,40,19,21
S00115411,88,65,23
S00115412,38,27,11
S00115413,41,21,20
S00115414,54,37,17
S00115415,105,61,44
S00115416,55,36,19
S00115417,51,36,15
S00115418,51,27,24
S00115419,66,29,37
S00115420,68,48,20
S00115421,76,53,23
S00115422,51,39,12
S00115423,169,143,26
S00115424,111,57,54
S00115425,65,44,21
S00115426,86,68,18
S00115427,61,34,27
S00115428,59,35,24
S00115429,94,60,34
S00115430,95,70,25
S00115431,96,70,26
S00115432,68,46,22
S00115433,127,78,49
S00115434,142,96,46
S00115435,92,58,34
S00115436,59,39,20
S00115437,111,73,38
S00115438,79,57,22
S00115439,83,58,25
S00115440,95,72,23
S00115441,96,66,30
S00115442,72,50,22
S00115443,109,76,33
S00115444,61,39,22
S00115445,74,46,28
S00115446,80,45,35
S00115447,83,57,26
S00115448,75,55,20
S00115449,54,37,17
S00115450,89,55,34
S00115451,76,54,22
S00115452,79,42,37
S00115453,68,45,23
S00115454,109,58,51
S00115455,69,47,22
S00115456,80,41,39
S00115457,71,34,37
S00115458,61,35,26
S00115459,44,26,18
S00115460,89,61,28
S00115461,70,43,27
S00115462,83,48,35
S00115463,69,40,29
S00115464,91,76,15
S00115465,48,27,21
S00115466,59,31,28
S00115467,54,31,23
S00115468,40,26,14
S00115469,55,28,27
S00115470,46,22,24
S00115471,81,64,17
S00115472,75,47,28
S00115473,67,44,23
S00115474,93,55,38
S00115475,68,37,31
S00115476,77,43,34
S00115477,55,32,23
S00115478,67,47,20
S00115479,87,56,31
S00115480,99,73,26
S00115481,67,57,10
S00115482,60,36,24
S00115483,84,71,13
S00115484,62,33,29
S00115485,61,29,32
S00115486,167,111,56
S00115487,132,77,55
S00115488,126,84,42
S00115489,128,74,54
S00115490,61,36,25
S00115491,88,71,17
S00115492,87,65,22
S00115493,54,32,22
S00115494,31,17,14
S00115495,45,33,12
S00115496,55,26,29
S00115497,72,35,37
S00115498,135,95,40
S00115499,79,48,31
S00115500,106,67,39
S00115501,76,65,11
S00115502,107,86,21
S00115503,87,73,14
S00115504,78,60,18
S00115505,81,63,18
S00115506,49,35,14
S00115507,76,56,20
S00115508,74,54,20
S00115509,82,60,22
S00115510,60,49,11
S00115511,74,59,15
S00115512,75,59,16
S00115513,63,36,27
S00115514,42,25,17
S00115515,67,41,26
S00115516,87,56,31
S00115517,87,63,24
S00115518,89,57,32
S00115519,62,36,26
S00115520,84,57,27
S00115521,64,37,27
S00115522,100,64,36
S00115523,80,49,31
S00115524,65,39,26
S00115525,82,57,25
S00115526,85,55,30
S00115527,112,84,28
S00115528,39,31,8
S00115529,129,107,22
S00115530,130,103,27
S00115531,70,54,16
S00115532,91,72,19
S00115533,67,54,13
S00115534,68,30,38
S00115535,103,82,21
S00115536,89,45,44
S00115537,89,60,29
S00115538,96,73,23
S00115539,94,57,37
S00115540,72,44,28
S00115541,114,81,33
S00115542,93,66,27
S00115543,45,30,15
S00115544,99,63,36
S00115545,53,35,18
S00115546,60,36,24
S00115547,110,78,32
S00115548,59,34,25
S00115549,61,25,36
S00115550,66,39,27
S00115551,67,42,25
S00115552,79,52,27
S00115553,97,68,29
S00115554,111,52,59
S00115555,63,29,34
S00115556,89,54,35
S00115557,68,33,35
S00115558,61,36,25
S00115559,59,36,23
S00115560,89,55,34
S00115561,49,28,21
S00115562,56,39,17
S00115563,127,92,35
S00115564,130,89,41
S00115565,67,37,30
S00115566,97,68,29
S00115567,65,31,34
S00115568,45,32,13
S00115569,66,47,19
S00115570,130,71,59
S00115571,125,69,56
S00115572,120,76,44
S00115573,109,83,26
S00115574,62,30,32
S00115575,91,60,31
S00115576,56,33,23
S00115577,74,45,29
S00115578,134,105,29
S00115579,66,39,27
S00115580,77,44,33
S00115581,113,77,36
S00115582,89,53,36
S00115583,50,24,26
S00115584,75,53,22
S00115585,89,55,34
S00115586,83,48,35
S00115587,86,54,32
S00115588,131,96,35
S00115589,118,94,24
S00115590,68,53,15
S00115591,98,70,28
S00115592,109,89,20
S00115593,59,33,26
S00115594,101,84,17
S00115595,73,57,16
S00115596,92,60,32
S00115597,91,62,29
S00115598,64,51,13
S00115599,111,92,19
S00115600,83,48,35
S00115601,54,21,33
S00115602,68,34,34
S00115603,55,24,31
S00115604,60,32,28
S00115605,60,22,38
S00115606,70,46,24
S00115607,42,25,17
S00115608,97,57,40
S00115609,56,32,24
S00115610,57,36,21
S00115611,98,71,27
S00115612,146,115,31
S00115613,113,84,29
S00115614,77,58,19
S00115615,62,43,19
S00115616,92,76,16
S00115617,73,57,16
S00115618,82,64,18
S00115619,61,37,24
S00115620,47,33,14
S00115621,97,81,16
S00115622,78,43,35
S00115623,83,43,40
S00115624,80,53,27
S00115625,120,78,42
S00115626,96,52,44
S00115627,96,65,31
S00115628,92,73,19
S00115629,71,47,24
S00115630,93,51,42
S00115631,144,103,41
S00115632,93,61,32
S00115633,74,54,20
S00115634,101,68,33
S00115635,95,59,36
S00115636,67,37,30
S00115637,63,29,34
S00115638,91,56,35
S00115639,111,99,12
S00115640,111,105,6
S00115641,76,53,23
S00115642,101,60,41
S00115643,89,49,40
S00115644,90,35,55
S00115645,48,33,15
S00115646,77,56,21
S00115647,70,32,38
S00115648,81,54,27
S00115649,75,55,20
S00115650,40,23,17
S00115651,93,42,51
S00115652,56,27,29
S00115653,84,58,26
S00115654,58,34,24
S00115655,96,50,46
S00115656,85,45,40
S00115657,105,62,43
S00115658,114,72,42
S00115659,66,40,26
S00115660,98,50,48
S00115661,86,56,30
S00115662,94,50,44
S00115663,72,40,32
S00115664,101,58,43
S00115665,129,61,68
S00115666,80,57,23
S00115667,59,39,20
S00115668,29,2,27
S00115669,74,51,23
S00115670,101,57,44
S00115671,104,66,38
S00115672,154,97,57
S00115673,124,65,59
S00115674,113,64,49
S00115675,50,41,9
S00115676,91,78,13
S00115677,103,87,16
S00115678,89,53,36
S00115679,137,86,51
S00115680,84,43,41
S00115681,113,94,19
S00115682,122,86,36
S00115683,116,84,32
S00115684,94,62,32
S00115685,68,43,25
S00115686,125,78,47
S00115687,86,60,26
S00115688,64,33,31
S00115689,101,55,46
S00115690,77,44,33
S00115691,69,29,40
S00115692,158,109,49
S00115693,121,73,48
S00115694,97,65,32
S00115695,86,53,33
S00115696,85,53,32
S00115697,83,49,34
S00115698,79,56,23
S00115699,67,37,30
S00115700,116,76,40
S00115701,111,80,31
S00115702,93,48,45
S00115703,88,55,33
S00115704,70,49,21
S00115705,41,23,18
S00115706,65,36,29
S00115707,65,42,23
S00115708,81,47,34
S00115709,109,64,45
S00115710,95,64,31
S00115711,84,46,38
S00115712,72,47,25
S00115713,92,63,29
S00115714,53,34,19
S00115715,81,51,30
S00115716,45,27,18
S00115717,65,25,40
S00115718,119,56,63
S00115719,80,47,33
S00115720,46,23,23
S00115721,75,35,40
S00115722,53,25,28
S00115723,46,27,19
S00115724,65,36,29
S00115725,77,45,32
S00115726,60,36,24
S00115727,83,52,31
S00115728,71,29,42
S00115729,141,67,74
S00115730,128,72,56
S00115731,90,62,28
S00115732,141,84,57
S00115733,116,73,43
S00115734,101,66,35
S00115735,118,64,54
S00115736,76,40,36
S00115737,71,41,30
S00115738,56,35,21
S00115739,81,46,35
S00115740,131,81,50
S00115741,56,23,33
S00115742,85,38,47
S00115743,69,46,23
S00115744,97,54,43
S00115745,50,33,17
S00115746,47,26,21
S00115747,65,49,16
S00115748,88,62,26
S00115749,115,62,53
S00115750,82,53,29
S00115751,42,24,18
S00115752,89,59,30
S00115753,112,89,23
S00115754,121,75,46
S00115755,76,47,29
S00115756,145,90,55
S00115757,135,115,20
S00115758,152,89,63
S00115759,46,28,18
S00115760,163,146,17
S00115761,122,103,19
S00115762,113,72,41
S00115763,86,60,26
S00115764,82,62,20
S00115765,120,108,12
S00115766,128,89,39
S00115767,126,85,41
S00115768,111,95,16
S00115769,76,64,12
S00115770,88,68,20
S00115771,55,22,33
S00115772,96,64,32
S00115773,117,96,21
S00115774,88,56,32
S00115775,71,46,25
S00115776,99,59,40
S00115777,112,96,16
S00115778,72,50,22
S00115779,88,51,37
S00115780,76,52,24
S00115781,80,46,34
S00115782,60,36,24
S00115783,98,57,41
S00115784,109,68,41
S00115785,91,58,33
S00115786,93,68,25
S00115787,121,84,37
S00115788,94,61,33
S00115789,72,47,25
S00115790,87,60,27
S00115791,97,66,31
S00115792,95,81,14
S00115793,172,140,32
S00115794,89,55,34
S00115795,88,72,16
S00115796,72,41,31
S00115797,132,92,40
S00115798,51,40,11
S00115799,115,81,34
S00115800,133,95,38
S00115801,131,95,36
S00115802,152,118,34
S00115803,74,50,24
S00115804,111,78,33
S00115805,85,67,18
S00115806,85,71,14
S00115807,72,40,32
S00115808,86,71,15
S00115809,81,51,30
S00115810,97,65,32
S00115811,91,59,32
S00115812,86,62,24
S00115813,105,84,21
S00115814,79,58,21
S00115815,104,80,24
S00115816,92,73,19
S00115817,74,50,24
S00115818,77,56,21
S00115819,95,70,25
S00115820,70,51,19
S00115821,76,63,13
S00115822,88,52,36
S00115823,118,80,38
S00115824,112,85,27
S00115825,76,51,25
S00115826,103,70,33
S00115827,87,62,25
S00115828,98,79,19
S00115829,78,48,30
S00115830,121,85,36
S00115831,57,42,15
S00115832,106,78,28
S00115833,103,78,25
S00115834,87,63,24
S00115835,118,91,27
S00115836,86,68,18
S00115837,88,58,30
S00115838,82,50,32
S00115839,78,41,37
S00115840,99,81,18
S00115841,63,33,30
S00115842,108,59,49
S00115843,79,53,26
S00115844,88,68,20
S00115845,86,53,33
S00115846,105,72,33
S00115847,110,71,39
S00115848,76,43,33
S00115849,139,109,30
S00115850,88,65,23
S00115851,93,64,29
S00115852,80,58,22
S00115853,90,67,23
S00115854,114,76,38
S00115855,100,63,37
S00115856,103,74,29
S00115857,65,36,29
S00115858,96,56,40
S00115859,156,128,28
S00115860,71,42,29
S00115861,99,45,54
S00115862,111,70,41
S00115863,66,41,25
S00115864,85,52,33
S00115865,62,42,20
S00115866,95,64,31
S00115867,53,27,26
S00115868,69,32,37
S00115869,52,32,20
S00115870,103,51,52
S00115871,62,32,30
S00115872,101,68,33
S00115873,91,58,33
S00115874,89,65,24
S00115875,120,70,50
S00115876,67,41,26
S00115877,68,38,30
S00115878,92,59,33
S00115879,94,54,40
S00115880,62,42,20
S00115881,85,49,36
S00115882,77,46,31
S00115883,58,34,24
S00115884,61,26,35
S00115885,72,33,39
S00115886,82,36,46
S00115887,86,43,43
S00115888,73,37,36
S00115889,77,40,37
S00115890,86,37,49
S00115891,90,46,44
S00115892,59,27,32
S00115893,143,116,27
S00115894,70,43,27
S00115895,57,37,20
S00115896,144,119,25
S00115897,64,41,23
S00115898,86,60,26
S00115899,45,33,12
S00115900,141,120,21
S00115901,63,28,35
S00115902,136,105,31
S00115903,131,100,31
S00115904,63,32,31
S00115905,51,26,25
S00115906,56,30,26
S00115907,55,32,23
S00115908,109,78,31
S00115909,92,62,30
S00115910,90,73,17
S00115911,81,72,9
S00115912,151,110,41
S00115913,114,99,15
S00115914,102,74,28
S00115915,116,77,39
S00115916,155,104,51
S00115917,109,63,46
S00115918,63,40,23
S00115919,112,88,24
S00115920,51,22,29
S00115921,81,47,34
S00115922,90,68,22
S00115923,139,119,20
S00115924,81,66,15
S00115925,48,42,6
S00115926,135,72,63
S00115927,76,60,16
S00115928,35,26,9
S00115929,72,45,27
S00115930,80,61,19
S00115931,105,71,34
S00115932,78,51,27
S00115933,75,44,31
S00115934,111,97,14
S00115935,76,53,23
S00115936,111,69,42
S00115937,75,37,38
S00115938,70,56,14
S00115939,46,26,20
S00115940,72,63,9
S00115941,46,20,26
S00115942,73,39,34
S00115943,66,40,26
S00115944,59,32,27
S00115945,126,75,51
S00115946,79,41,38
S00115947,93,60,33
S00115948,87,45,42
S00115949,84,52,32
S00115950,66,41,25
S00115951,68,45,23
S00115952,48,29,19
S00115953,66,35,31
S00115954,42,31,11
S00115955,48,12,36
S00115956,100,58,42
S00115957,46,24,22
S00115958,96,46,50
S00115959,54,29,25
S00115960,75,39,36
S00115961,128,67,61
S00115962,130,97,33
S00115963,53,37,16
S00115964,85,53,32
S00115965,94,59,35
S00115966,109,68,41
S00115967,77,65,12
S00115968,130,75,55
S00115969,64,43,21
S00115970,118,63,55
S00115971,143,71,72
S00115972,50,41,9
S00115973,77,58,19
S00115974,51,25,26
S00115975,79,35,44
S00115976,64,38,26
S00115977,108,76,32
S00115978,58,52,6
S00115979,71,57,14
S00115980,48,24,24
S00115981,145,119,26
S00115982,153,121,32
S00115983,131,105,26
S00115984,89,60,29
S00115985,144,131,13
S00115986,47,36,11
S00115987,60,35,25
S00115988,108,91,17
S00115989,77,45,32
S00115990,66,27,39
S00115991,95,61,34
S00115992,133,108,25
S00115993,46,25,21
S00115994,59,27,32
S00115995,134,113,21
S00115996,42,20,22
S00115997,44,29,15
S00115998,63,45,18
S00115999,56,30,26
S00116000,66,48,18
S00116001,54,30,24
S00116002,57,32,25
S00116003,67,37,30
S00116004,58,25,33
S00116005,100,51,49
S00116006,60,34,26
S00116007,94,54,40
S00116008,39,21,18
S00116009,82,34,48
S00116010,101,51,50
S00116011,44,31,13
S00116012,69,29,40
S00116013,51,28,23
S00116014,86,42,44
S00116015,74,49,25
S00116016,99,41,58
S00116017,64,41,23
S00116018,54,37,17
S00116019,77,38,39
S00116020,42,28,14
S00116021,75,47,28
S00116022,61,36,25
S00116023,71,41,30
S00116024,66,41,25
S00116025,36,20,16
S00116026,55,40,15
S00116027,83,35,48
S00116028,63,52,11
S00116029,86,71,15
S00116030,46,39,7
S00116031,79,60,19
S00116032,83,61,22
S00116033,54,41,13
S00116034,54,27,27
S00116035,123,106,17
S00116036,130,98,32
S00116037,118,94,24
S00116038,119,88,31
S00116039,125,105,20
S00116040,127,101,26
S00116041,87,63,24
S00116042,63,47,16
S00116043,41,16,25
S00116044,58,28,30
S00116045,129,97,32
S00116046,75,44,31
S00116047,74,30,44
S00116048,62,46,16
S00116049,55,34,21
S00116050,51,41,10
S00116051,68,56,12
S00116052,115,54,61
S00116053,96,72,24
S00116054,88,36,52
S00116055,71,33,38
S00116056,54,21,33
S00116057,109,69,40
S00116058,75,43,32
S00116059,119,90,29
S00116060,50,15,35
S00116061,44,18,26
S00116062,89,59,30
S00116063,108,74,34
S00116064,63,35,28
S00116065,73,47,26
S00116066,59,29,30
S00116067,88,43,45
S00116068,53,34,19
S00116069,42,26,16
S00116070,87,53,34
S00116071,62,36,26
S00116072,63,54,9
S00116073,72,37,35
S00116074,47,35,12
S00116075,66,59,7
S00116076,79,55,24
S00116077,917,244,673
S00116078,71,42,29
S00116079,72,50,22
S00116080,52,27,25
S00116081,99,78,21
S00116082,54,42,12
S00116083,56,24,32
S00116084,107,66,41
S00116085,79,27,52
S00116086,64,29,35
S00116087,65,40,25
S00116088,47,33,14
S00116089,57,24,33
S00116090,102,52,50
S00116091,64,34,30
S00116092,63,37,26
S00116093,80,35,45
S00116094,117,69,48
S00116095,91,43,48
S00116096,74,51,23
S00116097,50,39,11
S00116098,75,48,27
S00116099,102,63,39
S00116100,71,41,30
S00116101,59,23,36
S00116102,81,44,37
S00116103,70,50,20
S00116104,69,44,25
S00116105,96,47,49
S00116106,58,25,33
S00116107,56,32,24
S00116108,79,48,31
S00116109,94,41,53
S00116110,115,84,31
S00116111,73,50,23
S00116112,125,89,36
S00116113,77,49,28
S00116114,81,69,12
S00116115,133,103,30
S00116116,144,114,30
S00116117,150,103,47
S00116118,51,44,7
S00116119,59,43,16
S00116120,54,30,24
S00116121,80,63,17
S00116122,49,33,16
S00116123,72,39,33
S00116124,96,52,44
S00116125,39,23,16
S00116126,81,52,29
S00116127,52,35,17
S00116128,60,35,25
S00116129,59,49,10
S00116130,49,21,28
S00116131,94,43,51
S00116132,76,36,40
S00116133,59,30,29
S00116134,63,45,18
S00116135,66,36,30
S00116136,54,30,24
S00116137,131,70,61
S00116138,90,46,44
S00116139,51,44,7
S00116140,76,63,13
S00116141,122,97,25
S00116142,100,89,11
S00116143,70,27,43
S00116144,53,24,29
S00116145,60,38,22
S00116146,58,35,23
S00116147,67,28,39
S00116148,65,43,22
S00116149,49,20,29
S00116150,71,30,41
S00116151,92,41,51
S00116152,49,21,28
S00116153,44,22,22
S00116154,133,61,72
S00116155,48,19,29
S00116156,69,40,29
S00116157,88,41,47
S00116158,84,39,45
S00116159,54,33,21
S00116160,77,38,39
S00116161,149,78,71
S00116162,78,60,18
S00116163,68,54,14
S00116164,60,59,1
S00116165,70,58,12
S00116166,78,64,14
S00116167,48,36,12
S00116168,52,42,10
S00116169,56,49,7
S00116170,50,39,11
S00116171,91,35,56
S00116172,119,70,49
S00116173,84,29,55
S00116174,91,49,42
S00116175,76,48,28
S00116176,61,35,26
S00116177,48,23,25
S00116178,72,33,39
S00116179,53,33,20
S00116180,113,81,32
S00116181,131,85,46
S00116182,138,123,15
S00116183,94,80,14
S00116184,96,86,10
S00116185,117,104,13
S00116186,92,78,14
S00116187,205,176,29
S00116188,115,95,20
S00116189,46,17,29
S00116190,44,29,15
S00116191,36,18,18
S00116192,72,34,38
S00116193,87,43,44
S00116194,50,15,35
S00116195,126,103,23
S00116196,57,50,7
S00116197,54,44,10
S00116198,81,68,13
S00116199,46,17,29
S00116200,71,57,14
S00116201,100,60,40
S00116202,114,76,38
S00116203,86,61,25
S00116204,78,71,7
S00116205,43,38,5
S00116206,87,77,10
S00116207,70,55,15
S00116208,38,10,28
S00116209,75,39,36
S00116210,70,35,35
S00116211,46,30,16
S00116212,114,70,44
S00116213,105,70,35
S00116214,52,38,14
S00116215,57,44,13
S00116216,59,46,13
S00116217,71,47,24
S00116218,99,66,33
S00116219,48,38,10
S00116220,32,7,25
S00116221,70,40,30
S00116222,71,38,33
S00116223,118,95,23
S00116224,136,104,32
S00116225,60,25,35
S00116226,59,26,33
S00116227,66,51,15
S00116228,47,13,34
S00116229,36,18,18
S00116230,48,21,27
S00116231,77,33,44
S00116232,71,25,46
S00116233,47,32,15
S00116234,120,69,51
S00116235,115,63,52
S00116236,81,45,36
S00116237,43,22,21
S00116238,82,54,28
S00116239,61,28,33
S00116240,121,80,41
S00116241,55,32,23
S00116242,117,64,53
S00116243,68,40,28
S00116244,82,64,18
S00116245,68,43,25
S00116246,71,44,27
S00116247,145,115,30
S00116248,59,45,14
S00116249,60,36,24
S00116250,37,21,16
S00116251,56,33,23
S00116252,76,46,30
S00116253,139,116,23
S00116254,102,73,29
S00116255,54,44,10
S00116256,95,50,45
S00116257,42,25,17
S00116258,88,56,32
S00116259,96,38,58
S00116260,83,47,36
S00116261,61,44,17
S00116262,45,29,16
S00116263,104,77,27
S00116264,62,38,24
S00116265,111,68,43
S00116266,57,35,22
S00116267,90,60,30
S00116268,71,40,31
S00116269,38,27,11
S00116270,42,30,12
S00116271,40,27,13
S00116272,79,48,31
S00116273,68,38,30
S00116274,44,32,12
S00116275,52,27,25
S00116276,81,43,38
S00116277,111,73,38
S00116278,67,49,18
S00116279,61,44,17
S00116280,63,26,37
S00116281,55,42,13
S00116282,65,37,28
S00116283,74,45,29
S00116284,77,58,19
S00116285,40,20,20
S00116286,63,35,28
S00116287,64,38,26
S00116288,72,35,37
S00116289,70,37,33
S00116290,73,36,37
S00116291,98,49,49
S00116292,82,45,37
S00116293,86,62,24
S00116294,97,57,40
S00116295,48,31,17
S00116296,91,56,35
S00116297,98,76,22
S00116298,54,31,23
S00116299,74,64,10
S00116300,96,77,19
S00116301,70,56,14
S00116302,97,81,16
S00116303,56,52,4
S00116304,126,102,24
S00116305,71,52,19
S00116306,86,68,18
S00116307,65,50,15
S00116308,83,42,41
S00116309,92,50,42
S00116310,84,33,51
S00116311,52,40,12
S00116312,85,49,36
S00116313,73,51,22
S00116314,94,67,27
S00116315,140,113,27
S00116316,55,48,7
S00116317,152,125,27
S00116318,139,110,29
S00116319,175,54,121
S00116320,83,70,13
S00116321,37,34,3
S00116322,111,103,8
S00116323,101,83,18
S00116324,195,146,49
S00116325,49,42,7
S00116326,89,66,23
S00116327,169,136,33
S00116328,86,50,36
S00116329,74,46,28
S00116330,126,88,38
S00116331,93,63,30
S00116332,88,65,23
S00116333,53,39,14
S00116334,101,78,23
S00116335,130,100,30
S00116336,97,80,17
S00116337,47,35,12
S00116338,54,27,27
S00116339,88,68,20
S00116340,51,33,18
S00116341,130,82,48
S00116342,80,46,34
S00116343,50,28,22
S00116344,79,44,35
S00116345,89,58,31
S00116346,51,32,19
S00116347,72,36,36
S00116348,95,29,66
S00116349,882,214,668
S00116350,114,54,60
S00116351,108,56,52
S00116352,86,47,39
S00116353,48,23,25
S00116354,71,42,29
S00116355,55,42,13
S00116356,48,43,5
S00116357,51,32,19
S00116358,49,27,22
S00116359,42,34,8
S00116360,74,55,19
S00116361,38,18,20
S00116362,44,22,22
S00116363,67,45,22
S00116364,88,73,15
S00116365,91,67,24
S00116366,75,64,11
S00116367,97,91,6
S00116368,57,52,5
S00116369,99,73,26
S00116370,85,69,16
S00116371,81,68,13
S00116372,76,48,28
S00116373,96,78,18
S00116374,118,85,33
S00116375,130,102,28
S00116376,95,74,21
S00116377,188,84,104
S00116378,74,46,28
S00116379,77,49,28
S00116380,76,54,22
S00116381,107,87,20
S00116382,97,68,29
S00116383,63,58,5
S00116384,73,43,30
S00116385,101,72,29
S00116386,58,42,16
S00116387,45,29,16
S00116388,151,89,62
S00116389,96,50,46
S00116390,74,43,31
S00116391,67,44,23
S00116392,105,63,42
S00116393,86,56,30
S00116394,126,66,60
S00116395,91,63,28
S00116396,65,35,30
S00116397,82,39,43
S00116398,91,46,45
S00116399,98,56,42
S00116400,60,29,31
S00116401,85,67,18
S00116402,62,46,16
S00116403,74,55,19
S00116404,49,38,11
S00116405,54,27,27
S00116406,52,16,36
S00116407,90,78,12
S00116408,66,52,14
S00116409,75,62,13
S00116410,68,56,12
S00116411,58,30,28
S00116412,56,37,19
S00116413,60,42,18
S00116414,64,39,25
S00116415,42,18,24
S00116416,43,24,19
S00116417,76,40,36
S00116418,77,29,48
S00116419,56,33,23
S00116420,94,72,22
S00116421,139,109,30
S00116422,71,28,43
S00116423,90,41,49
S00116424,69,42,27
S00116425,88,36,52
S00116426,45,29,16
S00116427,75,46,29
S00116428,62,29,33
S00116429,65,33,32
S00116430,60,31,29
S00116431,55,32,23
S00116432,78,37,41
S00116433,68,32,36
S00116434,70,55,15
S00116435,76,59,17
S00116436,70,32,38
S00116437,55,32,23
S00116438,76,41,35
S00116439,58,36,22
S00116440,70,35,35
S00116441,76,40,36
S00116442,49,16,33
S00116443,99,59,40
S00116444,77,46,31
S00116445,84,50,34
S00116446,79,53,26
S00116447,66,40,26
S00116448,74,42,32
S00116449,36,17,19
S00116450,48,18,30
S00116451,49,34,15
S00116452,48,17,31
S00116453,50,17,33
S00116454,42,23,19
S00116455,45,15,30
S00116456,47,15,32
S00116457,60,23,37
S00116458,51,19,32
S00116459,68,17,51
S00116460,76,27,49
S00116461,69,15,54
S00116462,58,20,38
S00116463,52,5,47
S00116464,49,15,34
S00116465,77,37,40
S00116466,62,27,35
S00116467,59,26,33
S00116468,43,19,24
S00116469,47,30,17
S00116470,93,59,34
S00116471,60,27,33
S00116472,50,21,29
S00116473,54,32,22
S00116474,61,32,29
S00116475,63,41,22
S00116476,48,21,27
S00116477,50,30,20
S00116478,53,27,26
S00116479,59,38,21
S00116480,62,37,25
S00116481,82,67,15
S00116482,58,51,7
S00116483,90,68,22
S00116484,129,82,47
S00116485,73,34,39
S00116486,55,20,35
S00116487,41,14,27
S00116488,40,12,28
S00116489,62,28,34
S00116490,65,36,29
S00116491,65,32,33
S00116492,80,42,38
S00116493,68,35,33
S00116494,69,31,38
S00116495,61,14,47
S00116496,61,20,41
S00116497,70,34,36
S00116498,62,22,40
S00116499,69,57,12
S00116500,101,78,23
S00116501,71,56,15
S00116502,102,73,29
S00116503,63,39,24
S00116504,62,35,27
S00116505,72,38,34
S00116506,80,39,41
S00116507,86,55,31
S00116508,51,28,23
S00116509,47,29,18
S00116510,81,48,33
S00116511,42,21,21
S00116512,41,20,21
S00116513,61,52,9
S00116514,71,57,14
S00116515,92,48,44
S00116516,56,27,29
S00116517,58,24,34
S00116518,50,28,22
S00116519,103,86,17
S00116520,93,70,23
S00116521,77,58,19
S00116522,81,73,8
S00116523,57,27,30
S00116524,45,29,16
S00116525,47,5,42
S00116526,46,9,37
S00116527,62,31,31
S00116528,58,32,26
S00116529,82,50,32
S00116530,86,53,33
S00116531,72,57,15
S00116532,62,42,20
S00116533,63,41,22
S00116534,52,32,20
S00116535,52,30,22
S00116536,50,21,29
S00116537,50,22,28
S00116538,56,28,28
S00116539,78,42,36
S00116540,52,20,32
S00116541,58,44,14
S00116542,46,30,16
S00116543,55,28,27
S00116544,67,38,29
S00116545,54,23,31
S00116546,57,22,35
S00116547,62,32,30
S00116548,71,47,24
S00116549,63,39,24
S00116550,63,31,32
S00116551,54,22,32
S00116552,55,26,29
S00116553,58,20,38
S00116554,45,24,21
S00116555,71,44,27
S00116556,97,70,27
S00116557,86,67,19
S00116558,63,59,4
S00116559,153,129,24
S00116560,56,22,34
S00116561,61,31,30
S00116562,47,17,30
S00116563,49,25,24
S00116564,59,25,34
S00116565,62,29,33
S00116566,64,51,13
S00116567,58,43,15
S00116568,99,61,38
S00116569,86,65,21
S00116570,110,72,38
S00116571,136,76,60
S00116572,64,40,24
S00116573,95,54,41
S00116574,97,62,35
S00116575,83,59,24
S00116576,79,39,40
S00116577,72,64,8
S00116578,83,71,12
S00116579,61,37,24
S00116580,97,68,29
S00116581,83,61,22
S00116582,118,91,27
S00116583,115,76,39
S00116584,91,82,9
S00116585,56,26,30
S00116586,81,39,42
S00116587,83,49,34
S00116588,92,50,42
S00116589,85,52,33
S00116590,88,33,55
S00116591,124,87,37
S00116592,106,73,33
S00116593,148,113,35
S00116594,83,42,41
S00116595,118,80,38
S00116596,117,78,39
S00116597,109,52,57
S00116598,74,47,27
S00116599,104,63,41
S00116600,75,48,27
S00116601,105,63,42
S00116602,106,55,51
S00116603,97,62,35
S00116604,93,52,41
S00116605,87,50,37
S00116606,94,78,16
S00116607,111,80,31
S00116608,76,69,7
S00116609,86,62,24
S00116610,64,36,28
S00116611,132,106,26
S00116612,117,91,26
S00116613,89,82,7
S00116614,82,64,18
S00116615,85,71,14
S00116616,77,61,16
S00116617,123,85,38
S00116618,85,57,28
S00116619,75,62,13
S00116620,108,82,26
S00116621,63,53,10
S00116622,79,62,17
S00116623,67,49,18
S00116624,80,64,16
S00116625,78,57,21
S00116626,470,106,364
S00116627,122,77,45
S00116628,80,41,39
S00116629,147,114,33
S00116630,289,73,216
S00116631,121,91,30
S00116632,417,125,292
S00116633,146,84,62
S00116634,102,62,40
S00116635,122,100,22
S00116636,87,50,37
S00116637,80,38,42
S00116638,118,83,35
S00116639,82,63,19
S00116640,60,35,25
S00116641,62,36,26
S00116642,65,39,26
S00116643,126,81,45
S00116644,73,43,30
S00116645,63,33,30
S00116646,132,94,38
S00116647,63,49,14
S00116648,105,91,14
S00116649,68,58,10
S00116650,65,60,5
S00116651,1735,644,1091
S00116652,83,43,40
S00116653,75,43,32
S00116654,94,48,46
S00116655,67,42,25
S00116656,71,38,33
S00116657,91,33,58
S00116658,82,36,46
S00116659,113,54,59
S00116660,121,66,55
S00116661,128,78,50
S00116662,74,37,37
S00116663,65,33,32
S00116664,70,13,57
S00116665,73,25,48
S00116666,90,64,26
S00116667,50,40,10
S00116668,100,73,27
S00116669,120,92,28
S00116670,87,63,24
S00116671,86,76,10
S00116672,81,69,12
S00116673,85,75,10
S00116674,134,86,48
S00116675,139,90,49
S00116676,94,70,24
S00116677,115,90,25
S00116678,149,117,32
S00116679,189,120,69
S00116680,69,53,16
S00116681,132,89,43
S00116682,86,62,24
S00116683,94,72,22
S00116684,114,46,68
S00116685,94,46,48
S00116686,86,37,49
S00116687,259,181,78
S00116688,54,24,30
S00116689,110,82,28
S00116690,98,75,23
S00116691,284,115,169
S00116692,53,15,38
S00116693,52,20,32
S00116694,50,24,26
S00116695,58,42,16
S00116696,48,20,28
S00116697,89,43,46
S00116698,95,85,10
S00116699,43,18,25
S00116700,108,90,18
S00116701,111,98,13
S00116702,88,55,33
S00116703,96,51,45
S00116704,59,28,31
S00116705,109,54,55
S00116706,86,50,36
S00116707,98,72,26
S00116708,58,45,13
S00116709,103,77,26
S00116710,52,20,32
S00116711,89,40,49
S00116712,83,50,33
S00116713,100,62,38
S00116714,119,107,12
S00116715,56,27,29
S00116716,95,72,23
S00116717,65,31,34
S00116718,75,58,17
S00116719,145,105,40
S00116720,85,59,26
S00116721,60,37,23
S00116722,54,41,13
S00116723,67,36,31
S00116724,92,64,28
S00116725,69,56,13
S00116726,95,51,44
S00116727,88,56,32
S00116728,66,36,30
S00116729,119,73,46
S00116730,96,68,28
S00116731,74,51,23
S00116732,100,71,29
S00116733,105,72,33
S00116734,59,32,27
S00116735,130,81,49
S00116736,58,36,22
S00116737,85,62,23
S00116738,84,45,39
S00116739,74,35,39
S00116740,92,65,27
S00116741,119,80,39
S00116742,106,80,26
S00116743,52,37,15
S00116744,60,27,33
S00116745,106,73,33
S00116746,58,40,18
S00116747,126,104,22
S00116748,44,34,10
S00116749,77,54,23
S00116750,86,63,23
S00116751,70,42,28
S00116752,61,45,16
S00116753,45,39,6
S00116754,178,104,74
S00116755,61,41,20
S00116756,112,69,43
S00116757,107,75,32
S00116758,74,55,19
S00116759,114,57,57
S00116760,83,65,18
S00116761,58,37,21
S00116762,63,33,30
S00116763,48,25,23
S00116764,81,71,10
S00116765,84,72,12
S00116766,85,70,15
S00116767,130,87,43
S00116768,46,19,27
S00116769,57,43,14
S00116770,65,47,18
S00116771,82,55,27
S00116772,62,45,17
S00116773,91,60,31
S00116774,90,72,18
S00116775,56,39,17
S00116776,77,57,20
S00116777,48,27,21
S00116778,653,180,473
S00116779,79,49,30
S00116780,60,38,22
S00116781,91,74,17
S00116782,114,92,22
S00116783,60,48,12
S00116784,80,49,31
S00116785,72,52,20
S00116786,63,47,16
S00116787,48,36,12
S00116788,53,38,15
S00116789,129,101,28
S00116790,159,126,33
S00116791,110,75,35
S00116792,117,84,33
S00116793,79,54,25
S00116794,75,30,45
S00116795,69,32,37
S00116796,63,47,16
S00116797,98,87,11
S00116798,92,60,32
S00116799,46,40,6
S00116800,43,30,13
S00116801,70,53,17
S00116802,70,54,16
S00116803,97,71,26
S00116804,109,85,24
S00116805,117,75,42
S00116806,97,74,23
S00116807,84,58,26
S00116808,43,32,11
S00116809,36,10,26
S00116810,91,45,46
S00116811,51,29,22
S00116812,69,45,24
S00116813,73,54,19
S00116814,49,32,17
S00116815,71,43,28
S00116816,57,48,9
S00116817,56,36,20
S00116818,45,19,26
S00116819,46,29,17
S00116820,106,51,55
S00116821,46,28,18
S00116822,66,39,27
S00116823,91,44,47
S00116824,90,46,44
S00116825,54,30,24
S00116826,44,23,21
S00116827,94,64,30
S00116828,48,32,16
S00116829,54,28,26
S00116830,57,33,24
S00116831,52,35,17
S00116832,48,25,23
S00116833,51,25,26
S00116834,62,37,25
S00116835,51,38,13
S00116836,63,33,30
S00116837,53,32,21
S00116838,58,31,27
S00116839,60,33,27
S00116840,66,39,27
S00116841,53,35,18
S00116842,72,48,24
S00116843,60,35,25
S00116844,67,42,25
S00116845,93,69,24
S00116846,69,38,31
S00116847,78,47,31
S00116848,126,95,31
S00116849,99,69,30
S00116850,53,35,18
S00116851,78,40,38
S00116852,53,22,31
S00116853,53,34,19
S00116854,84,48,36
S00116855,217,170,47
S00116856,78,61,17
S00116857,138,115,23
S00116858,87,46,41
S00116859,93,61,32
S00116860,81,61,20
S00116861,51,33,18
S00116862,134,64,70
S00116863,43,35,8
S00116864,104,54,50
S00116865,109,55,54
S00116866,89,52,37
S00116867,86,54,32
S00116868,47,24,23
S00116869,35,23,12
S00116870,86,66,20
S00116871,75,50,25
S00116872,64,41,23
S00116873,78,51,27
S00116874,91,56,35
S00116875,116,88,28
S00116876,112,66,46
S00116877,58,31,27
S00116878,76,51,25
S00116879,89,54,35
S00116880,64,42,22
S00116881,89,58,31
S00116882,96,46,50
S00116883,45,32,13
S00116884,66,47,19
S00116885,83,65,18
S00116886,93,73,20
S00116887,58,36,22
S00116888,81,71,10
S00116889,92,78,14
S00116890,43,33,10
S00116891,130,103,27
S00116892,79,50,29
S00116893,63,59,4
S00116894,110,100,10
S00116895,76,63,13
S00116896,66,57,9
S00116897,56,45,11
S00116898,53,44,9
S00116899,137,80,57
S00116900,79,66,13
S00116901,77,65,12
S00116902,47,31,16
S00116903,56,31,25
S00116904,47,19,28
S00116905,104,78,26
S00116906,106,80,26
S00116907,86,37,49
S00116908,43,25,18
S00116909,98,71,27
S00116910,57,30,27
S00116911,82,52,30
S00116912,59,33,26
S00116913,58,43,15
S00116914,101,57,44
S00116915,69,33,36
S00116916,61,30,31
S00116917,111,49,62
S00116918,60,39,21
S00116919,56,36,20
S00116920,70,41,29
S00116921,94,75,19
S00116922,98,56,42
S00116923,54,29,25
S00116924,79,55,24
S00116925,105,67,38
S00116926,50,33,17
S00116927,69,51,18
S00116928,49,37,12
S00116929,47,23,24
S00116930,74,42,32
S00116931,67,34,33
S00116932,75,60,15
S00116933,58,47,11
S00116934,106,55,51
S00116935,92,68,24
S00116936,105,78,27
S00116937,112,57,55
S00116938,79,45,34
S00116939,95,46,49
S00116940,188,121,67
S00116941,133,103,30
S00116942,56,33,23
S00116943,80,48,32
S00116944,66,32,34
S00116945,96,53,43
S00116946,70,26,44
S00116947,81,43,38
S00116948,63,24,39
S00116949,99,49,50
S00116950,47,28,19
S00116951,115,94,21
S00116952,130,110,20
S00116953,56,33,23
S00116954,72,35,37
S00116955,51,23,28
S00116956,44,30,14
S00116957,49,22,27
S00116958,52,31,21
S00116959,47,25,22
S00116960,49,33,16
S00116961,49,27,22
S00116962,57,37,20
S00116963,96,70,26
S00116964,53,32,21
S00116965,99,60,39
S00116966,54,29,25
S00116967,61,37,24
S00116968,75,50,25
S00116969,49,34,15
S00116970,111,78,33
S00116971,101,61,40
S00116972,272,80,192
S00116973,116,72,44
S00116974,73,60,13
S00116975,38,25,13
S00116976,75,29,46
S00116977,68,33,35
S00116978,62,30,32
S00116979,93,80,13
S00116980,141,104,37
S00116981,54,41,13
S00116982,60,38,22
S00116983,48,27,21
S00116984,70,37,33
S00116985,59,31,28
S00116986,78,44,34
S00116987,69,38,31
S00116988,77,48,29
S00116989,61,34,27
S00116990,65,41,24
S00116991,59,48,11
S00116992,120,93,27
S00116993,64,45,19
S00116994,39,11,28
S00116995,78,60,18
S00116996,130,77,53
S00116997,70,29,41
S00116998,74,49,25
S00116999,112,85,27
S00117000,62,39,23
S00117001,100,55,45
S00117002,50,40,10
S00117003,110,89,21
S00117004,110,87,23
S00117005,74,43,31
S00117006,63,33,30
S00117007,83,45,38
S00117008,66,37,29
S00117009,53,20,33
S00117010,80,52,28
S00117011,70,44,26
S00117012,97,54,43
S00117013,76,35,41
S00117014,115,59,56
S00117015,84,39,45
S00117016,68,50,18
S00117017,70,46,24
S00117018,65,35,30
S00117019,67,33,34
S00117020,69,46,23
S00117021,88,70,18
S00117022,45,23,22
S00117023,86,57,29
S00117024,51,30,21
S00117025,62,40,22
S00117026,48,35,13
S00117027,103,92,11
S00117028,72,44,28
S00117029,73,49,24
S00117030,60,32,28
S00117031,42,15,27
S00117032,91,63,28
S00117033,54,37,17
S00117034,103,54,49
S00117035,56,36,20
S00117036,73,58,15
S00117037,50,43,7
S00117038,149,120,29
S00117039,84,67,17
S00117040,82,69,13
S00117041,150,123,27
S00117042,112,85,27
S00117043,112,75,37
S00117044,119,80,39
S00117045,101,51,50
S00117046,92,52,40
S00117047,104,79,25
S00117048,57,41,16
S00117049,61,29,32
S00117050,98,70,28
S00117051,76,61,15
S00117052,52,40,12
S00117053,98,86,12
S00117054,64,48,16
S00117055,126,96,30
S00117056,118,97,21
S00117057,116,57,59
S00117058,133,61,72
S00117059,51,12,39
S00117060,59,5,54
S00117061,96,68,28
S00117062,67,52,15
S00117063,53,28,25
S00117064,71,40,31
S00117065,52,32,20
S00117066,70,34,36
S00117067,56,29,27
S00117068,63,28,35
S00117069,109,60,49
S00117070,34,21,13
S00117071,53,24,29
S00117072,121,52,69
S00117073,58,29,29
S00117074,49,12,37
S00117075,85,46,39
S00117076,57,53,4
S00117077,49,29,20
S00117078,34,7,27
S00117079,146,91,55
S00117080,102,62,40
S00117081,65,46,19
S00117082,50,30,20
S00117083,42,23,19
S00117084,84,57,27
S00117085,62,36,26
S00117086,80,64,16
S00117087,72,37,35
S00117088,51,29,22
S00117089,135,74,61
S00117090,81,49,32
S00117091,41,23,18
S00117092,92,65,27
S00117093,79,40,39
S00117094,95,49,46
S00117095,127,84,43
S00117096,124,80,44
S00117097,117,86,31
S00117098,97,61,36
S00117099,91,60,31
S00117100,64,48,16
S00117101,81,72,9
S00117102,126,96,30
S00117103,100,79,21
S00117104,111,89,22
S00117105,113,81,32
S00117106,55,34,21
S00117107,82,59,23
S00117108,56,51,5
S00117109,77,57,20
S00117110,68,48,20
S00117111,74,62,12
S00117112,139,76,63
S00117113,75,35,40
S00117114,54,30,24
S00117115,67,50,17
S00117116,111,70,41
S00117117,43,23,20
S00117118,113,62,51
S00117119,106,53,53
S00117120,88,43,45
S00117121,113,64,49
S00117122,61,38,23
S00117123,75,44,31
S00117124,55,28,27
S00117125,99,80,19
S00117126,65,32,33
S00117127,78,34,44
S00117128,88,57,31
S00117129,53,27,26
S00117130,87,31,56
S00117131,78,40,38
S00117132,68,46,22
S00117133,56,27,29
S00117134,70,34,36
S00117135,50,44,6
S00117136,93,73,20
S00117137,70,40,30
S00117138,120,81,39
S00117139,52,30,22
S00117140,71,31,40
S00117141,69,39,30
S00117142,64,31,33
S00117143,68,57,11
S00117144,45,30,15
S00117145,71,52,19
S00117146,72,46,26
S00117147,85,62,23
S00117148,58,26,32
S00117149,82,46,36
S00117150,75,33,42
S00117151,51,29,22
S00117152,48,27,21
S00117153,113,73,40
S00117154,90,79,11
S00117155,78,50,28
S00117156,84,59,25
S00117157,74,45,29
S00117158,72,56,16
S00117159,125,103,22
S00117160,112,82,30
S00117161,66,48,18
S00117162,84,56,28
S00117163,67,37,30
S00117164,66,42,24
S00117165,50,25,25
S00117166,56,32,24
S00117167,44,27,17
S00117168,38,26,12
S00117169,81,31,50
S00117170,72,28,44
S00117171,81,61,20
S00117172,54,35,19
S00117173,41,28,13
S00117174,42,28,14
S00117175,91,45,46
S00117176,43,22,21
S00117177,62,34,28
S00117178,85,71,14
S00117179,133,98,35
S00117180,95,66,29
S00117181,124,98,26
S00117182,109,75,34
S00117183,63,33,30
S00117184,101,56,45
S00117185,82,37,45
S00117186,40,19,21
S00117187,87,71,16
S00117188,83,62,21
S00117189,68,32,36
S00117190,57,38,19
S00117191,86,55,31
S00117192,81,46,35
S00117193,48,12,36
S00117194,38,20,18
S00117195,55,30,25
S00117196,70,51,19
S00117197,136,114,22
S00117198,55,34,21
S00117199,112,98,14
S00117200,100,79,21
S00117201,70,62,8
S00117202,42,21,21
S00117203,48,30,18
S00117204,55,27,28
S00117205,82,50,32
S00117206,49,31,18
S00117207,99,74,25
S00117208,75,48,27
S00117209,48,27,21
S00117210,65,23,42
S00117211,100,80,20
S00117212,114,100,14
S00117213,77,36,41
S00117214,51,30,21
S00117215,61,31,30
S00117216,84,66,18
S00117217,86,71,15
S00117218,84,67,17
S00117219,58,38,20
S00117220,101,76,25
S00117221,75,57,18
S00117222,82,66,16
S00117223,94,59,35
S00117224,99,73,26
S00117225,51,39,12
S00117226,104,88,16
S00117227,108,62,46
S00117228,129,68,61
S00117229,62,44,18
S00117230,67,34,33
S00117231,80,46,34
S00117232,99,73,26
S00117233,93,72,21
S00117234,117,94,23
S00117235,78,60,18
S00117236,117,93,24
S00117237,75,58,17
S00117238,111,85,26
S00117239,67,46,21
S00117240,67,32,35
S00117241,96,59,37
S00117242,85,43,42
S00117243,76,37,39
S00117244,98,54,44
S00117245,81,41,40
S00117246,41,12,29
S00117247,59,32,27
S00117248,72,33,39
S00117249,65,38,27
S00117250,50,26,24
S00117251,113,79,34
S00117252,49,20,29
S00117253,47,15,32
S00117254,89,49,40
S00117255,42,11,31
S00117256,48,22,26
S00117257,88,77,11
S00117258,84,43,41
S00117259,97,69,28
S00117260,114,103,11
S00117261,51,35,16
S00117262,72,60,12
S00117263,108,94,14
S00117264,120,102,18
S00117265,87,62,25
S00117266,66,28,38
S00117267,105,72,33
S00117268,78,47,31
S00117269,103,48,55
S00117270,67,23,44
S00117271,78,59,19
S00117272,86,62,24
S00117273,103,67,36
S00117274,74,65,9
S00117275,40,31,9
S00117276,45,33,12
S00117277,49,42,7
S00117278,75,67,8
S00117279,55,47,8
S00117280,46,33,13
S00117281,63,50,13
S00117282,108,69,39
S00117283,93,61,32
S00117284,75,51,24
S00117285,77,51,26
S00117286,89,58,31
S00117287,40,22,18
S00117288,61,27,34
S00117289,99,67,32
S00117290,67,50,17
S00117291,51,41,10
S00117292,72,33,39
S00117293,45,25,20
S00117294,88,55,33
S00117295,46,32,14
S00117296,88,65,23
S00117297,77,60,17
S00117298,88,76,12
S00117299,54,37,17
S00117300,103,96,7
S00117301,119,82,37
S00117302,48,45,3
S00117303,101,87,14
S00117304,114,101,13
S00117305,51,46,5
S00117306,82,68,14
S00117307,56,44,12
S00117308,105,80,25
S00117309,35,12,23
S00117310,59,47,12
S00117311,48,14,34
S00117312,92,46,46
S00117313,110,63,47
S00117314,51,35,16
S00117315,69,39,30
S00117316,48,29,19
S00117317,97,53,44
S00117318,74,40,34
S00117319,59,41,18
S00117320,46,25,21
S00117321,77,31,46
S00117322,41,12,29
S00117323,76,35,41
S00117324,45,19,26
S00117325,97,72,25
S00117326,83,69,14
S00117327,59,35,24
S00117328,34,19,15
S00117329,89,55,34
S00117330,109,49,60
S00117331,60,31,29
S00117332,47,16,31
S00117333,82,45,37
S00117334,100,85,15
S00117335,65,38,27
S00117336,112,77,35
S00117337,68,38,30
S00117338,93,65,28
S00117339,119,79,40
S00117340,50,21,29
S00117341,101,58,43
S00117342,66,26,40
S00117343,68,54,14
S00117344,79,66,13
S00117345,89,77,12
S00117346,84,61,23
S00117347,83,58,25
S00117348,78,54,24
S00117349,108,79,29
S00117350,17,2,15
S00117351,132,89,43
S00117352,74,60,14
S00117353,49,30,19
S00117354,54,44,10
S00117355,84,68,16
S00117356,127,96,31
S00117357,71,57,14
S00117358,98,70,28
S00117359,96,82,14
S00117360,55,44,11
S00117361,52,36,16
S00117362,44,33,11
S00117363,67,59,8
S00117364,104,85,19
S00117365,85,64,21
S00117366,48,32,16
S00117367,137,109,28
S00117368,65,51,14
S00117369,91,62,29
S00117370,60,53,7
S00117371,49,43,6
S00117372,103,77,26
S00117373,150,113,37
S00117374,53,44,9
S00117375,56,45,11
S00117376,109,84,25
S00117377,99,77,22
S00117378,53,40,13
S00117379,96,57,39
S00117380,158,114,44
S00117381,104,51,53
S00117382,51,32,19
S00117383,111,75,36
S00117384,36,18,18
S00117385,59,26,33
S00117386,94,67,27
S00117387,34,8,26
S00117388,48,24,24
S00117389,46,27,19
S00117390,70,36,34
S00117391,68,36,32
S00117392,97,49,48
S00117393,46,26,20
S00117394,100,78,22
S00117395,105,64,41
S00117396,68,26,42
S00117397,104,51,53
S00117398,55,34,21
S00117399,53,31,22
S00117400,93,47,46
S00117401,59,26,33
S00117402,137,89,48
S00117403,88,56,32
S00117404,42,19,23
S00117405,107,83,24
S00117406,80,62,18
S00117407,126,95,31
S00117408,46,36,10
S00117409,91,71,20
S00117410,57,46,11
S00117411,132,81,51
S00117412,78,44,34
S00117413,70,21,49
S00117414,113,76,37
S00117415,147,106,41
S00117416,152,108,44
S00117417,89,62,27
S00117418,172,124,48
S00117419,66,47,19
S00117420,99,58,41
S00117421,51,29,22
S00117422,69,41,28
S00117423,52,26,26
S00117424,55,29,26
S00117425,100,52,48
S00117426,112,68,44
S00117427,55,35,20
S00117428,46,21,25
S00117429,48,27,21
S00117430,102,47,55
S00117431,77,59,18
S00117432,108,92,16
S00117433,110,93,17
S00117434,77,58,19
S00117435,77,45,32
S00117436,87,43,44
S00117437,139,99,40
S00117438,114,75,39
S00117439,76,26,50
S00117440,143,84,59
S00117441,77,37,40
S00117442,39,15,24
S00117443,46,24,22
S00117444,116,80,36
S00117445,67,50,17
S00117446,74,42,32
S00117447,53,31,22
S00117448,94,62,32
S00117449,62,42,20
S00117450,61,36,25
S00117451,86,40,46
S00117452,47,33,14
S00117453,62,41,21
S00117454,78,63,15
S00117455,60,49,11
S00117456,87,58,29
S00117457,40,25,15
S00117458,63,38,25
S00117459,72,53,19
S00117460,53,39,14
S00117461,59,33,26
S00117462,64,25,39
S00117463,63,53,10
S00117464,104,89,15
S00117465,60,25,35
S00117466,46,25,21
S00117467,80,40,40
S00117468,73,55,18
S00117469,69,40,29
S00117470,118,96,22
S00117471,54,35,19
S00117472,90,67,23
S00117473,76,59,17
S00117474,82,62,20
S00117475,47,32,15
S00117476,53,23,30
S00117477,50,32,18
S00117478,67,58,9
S00117479,53,43,10
S00117480,78,49,29
S00117481,62,39,23
S00117482,86,72,14
S00117483,135,121,14
S00117484,102,58,44
S00117485,50,32,18
S00117486,92,65,27
S00117487,77,49,28
S00117488,107,43,64
S00117489,82,44,38
S00117490,47,25,22
S00117491,73,46,27
S00117492,82,53,29
S00117493,128,99,29
S00117494,88,54,34
S00117495,43,34,9
S00117496,99,84,15
S00117497,85,63,22
S00117498,99,62,37
S00117499,83,46,37
S00117500,114,90,24
S00117501,62,39,23
S00117502,101,72,29
S00117503,108,78,30
S00117504,36,16,20
S00117505,51,19,32
S00117506,103,84,19
S00117507,121,83,38
S00117508,162,142,20
S00117509,82,68,14
S00117510,113,95,18
S00117511,152,131,21
S00117512,97,79,18
S00117513,97,79,18
S00117514,40,36,4
S00117515,103,88,15
S00117516,126,117,9
S00117517,205,161,44
S00117518,110,88,22
S00117519,148,112,36
S00117520,123,106,17
S00117521,97,77,20
S00117522,118,99,19
S00117523,99,90,9
S00117524,82,54,28
S00117525,50,40,10
S00117526,112,81,31
S00117527,60,37,23
S00117528,45,23,22
S00117529,122,88,34
S00117530,135,107,28
S00117531,155,137,18
S00117532,69,53,16
S00117533,116,103,13
S00117534,68,59,9
S00117535,75,58,17
S00117536,78,51,27
S00117537,53,30,23
S00117538,55,32,23
S00117539,37,15,22
S00117540,101,65,36
S00117541,69,58,11
S00117542,75,68,7
S00117543,98,80,18
S00117544,144,88,56
S00117545,47,32,15
S00117546,54,29,25
S00117547,96,44,52
S00117548,45,28,17
S00117549,115,66,49
S00117550,104,59,45
S00117551,59,31,28
S00117552,57,32,25
S00117553,74,54,20
S00117554,102,71,31
S00117555,136,110,26
S00117556,75,55,20
S00117557,100,55,45
S00117558,124,85,39
S00117559,60,40,20
S00117560,98,59,39
S00117561,52,39,13
S00117562,168,76,92
S00117563,70,53,17
S00117564,122,81,41
S00117565,123,96,27
S00117566,89,70,19
S00117567,115,74,41
S00117568,66,55,11
S00117569,119,93,26
S00117570,104,88,16
S00117571,78,63,15
S00117572,55,43,12
S00117573,69,54,15
S00117574,117,91,26
S00117575,136,107,29
S00117576,63,50,13
S00117577,93,62,31
S00117578,83,68,15
S00117579,61,51,10
S00117580,102,91,11
S00117581,131,105,26
S00117582,118,99,19
S00117583,96,83,13
S00117584,109,97,12
S00117585,108,80,28
S00117586,66,57,9
S00117587,41,30,11
S00117588,84,61,23
S00117589,96,73,23
S00117590,54,32,22
S00117591,54,38,16
S00117592,40,21,19
S00117593,52,36,16
S00117594,49,33,16
S00117595,65,44,21
S00117596,82,55,27
S00117597,132,92,40
S00117598,76,63,13
S00117599,130,83,47
S00117600,111,78,33
S00117601,96,72,24
S00117602,77,55,22
S00117603,103,49,54
S00117604,56,17,39
S00117605,67,53,14
S00117606,94,77,17
S00117607,133,122,11
S00117608,93,73,20
S00117609,106,99,7
S00117610,118,112,6
S00117611,96,64,32
S00117612,87,31,56
S00117613,70,53,17
S00117614,55,24,31
S00117615,155,97,58
S00117616,236,173,63
S00117617,120,93,27
S00117618,88,56,32
S00117619,62,34,28
S00117620,56,46,10
S00117621,44,38,6
S00117622,118,103,15
S00117623,121,102,19
S00117624,149,120,29
S00117625,116,95,21
S00117626,355,180,175
S00117627,60,47,13
S00117628,97,61,36
S00117629,64,47,17
S00117630,55,44,11
S00117631,76,46,30
S00117632,105,81,24
S00117633,106,90,16
S00117634,65,47,18
S00117635,113,63,50
S00117636,83,50,33
S00117637,110,90,20
S00117638,124,99,25
S00117639,74,53,21
S00117640,64,50,14
S00117641,84,71,13
S00117642,50,38,12
S00117643,55,36,19
S00117644,62,48,14
S00117645,92,78,14
S00117646,93,81,12
S00117647,85,70,15
S00117648,103,82,21
S00117649,69,47,22
S00117650,77,57,20
S00117651,104,72,32
S00117652,138,107,31
S00117653,120,89,31
S00117654,141,98,43
S00117655,62,44,18
S00117656,83,56,27
S00117657,61,41,20
S00117658,89,68,21
S00117659,103,86,17
S00117660,153,113,40
S00117661,92,65,27
S00117662,124,94,30
S00117663,101,77,24
S00117664,66,48,18
S00117665,139,94,45
S00117666,100,69,31
S00117667,88,57,31
S00117668,120,94,26
S00117669,100,75,25
S00117670,49,36,13
S00117671,122,101,21
S00117672,129,105,24
S00117673,94,66,28
S00117674,128,93,35
S00117675,131,90,41
S00117676,115,62,53
S00117677,119,76,43
S00117678,118,82,36
S00117679,86,65,21
S00117680,75,57,18
S00117681,87,59,28
S00117682,69,42,27
S00117683,84,69,15
S00117684,105,66,39
S00117685,97,71,26
S00117686,67,55,12
S00117687,103,80,23
S00117688,86,55,31
S00117689,114,82,32
S00117690,90,65,25
S00117691,66,54,12
S00117692,88,75,13
S00117693,80,59,21
S00117694,58,43,15
S00117695,81,57,24
S00117696,85,57,28
S00117697,58,29,29
S00117698,117,71,46
S00117699,105,71,34
S00117700,68,36,32
S00117701,76,46,30
S00117702,133,77,56
S00117703,115,69,46
S00117704,104,53,51
S00117705,86,48,38
S00117706,46,37,9
S00117707,83,53,30
S00117708,143,105,38
S00117709,125,103,22
S00117710,131,93,38
S00117711,113,87,26
S00117712,81,59,22
S00117713,84,64,20
S00117714,95,69,26
S00117715,97,62,35
S00117716,132,83,49
S00117717,54,40,14
S00117718,55,38,17
S00117719,63,47,16
S00117720,103,82,21
S00117721,104,77,27
S00117722,49,33,16
S00117723,90,67,23
S00117724,105,76,29
S00117725,80,62,18
S00117726,115,85,30
S00117727,121,86,35
S00117728,57,30,27
S00117729,60,39,21
S00117730,71,47,24
S00117731,54,31,23
S00117732,76,49,27
S00117733,76,58,18
S00117734,77,51,26
S00117735,102,71,31
S00117736,119,87,32
S00117737,52,44,8
S00117738,65,51,14
S00117739,119,95,24
S00117740,91,68,23
S00117741,88,66,22
S00117742,54,50,4
S00117743,63,53,10
S00117744,161,88,73
S00117745,94,67,27
S00117746,88,59,29
S00117747,97,87,10
S00117748,106,92,14
S00117749,78,60,18
S00117750,122,112,10
S00117751,121,105,16
S00117752,116,103,13
S00117753,128,107,21
S00117754,102,89,13
S00117755,82,65,17
S00117756,100,91,9
S00117757,116,101,15
S00117758,112,101,11
S00117759,78,67,11
S00117760,128,110,18
S00117761,59,36,23
S00117762,49,34,15
S00117763,98,82,16
S00117764,121,100,21
S00117765,94,85,9
S00117766,100,83,17
S00117767,74,61,13
S00117768,109,97,12
S00117769,81,79,2
S00117770,108,90,18
S00117771,119,99,20
S00117772,61,52,9
S00117773,73,49,24
S00117774,99,76,23
S00117775,82,67,15
S00117776,68,65,3
S00117777,123,93,30
S00117778,83,71,12
S00117779,112,82,30
S00117780,44,32,12
S00117781,97,89,8
S00117782,98,74,24
S00117783,53,39,14
S00117784,130,106,24
S00117785,47,31,16
S00117786,139,90,49
S00117787,100,78,22
S00117788,80,57,23
S00117789,55,39,16
S00117790,102,67,35
S00117791,110,83,27
S00117792,212,186,26
S00117793,101,63,38
S00117794,76,49,27
S00117795,67,43,24
S00117796,40,29,11
S00117797,98,81,17
S00117798,111,80,31
S00117799,44,33,11
S00117800,108,71,37
S00117801,72,55,17
S00117802,109,72,37
S00117803,54,40,14
S00117804,160,114,46
S00117805,100,78,22
S00117806,60,45,15
S00117807,104,70,34
S00117808,90,65,25
S00117809,68,56,12
S00117810,105,70,35
S00117811,109,79,30
S00117812,98,74,24
S00117813,85,64,21
S00117814,67,48,19
S00117815,67,38,29
S00117816,139,104,35
S00117817,92,65,27
S00117818,67,44,23
S00117819,62,48,14
S00117820,106,80,26
S00117821,98,64,34
S00117822,121,82,39
S00117823,72,51,21
S00117824,79,55,24
S00117825,74,59,15
S00117826,118,91,27
S00117827,120,87,33
S00117828,59,45,14
S00117829,84,76,8
S00117830,48,35,13
S00117831,102,70,32
S00117832,62,39,23
S00117833,38,25,13
S00117834,101,66,35
S00117835,113,75,38
S00117836,141,103,38
S00117837,86,61,25
S00117838,148,114,34
S00117839,66,54,12
S00117840,117,84,33
S00117841,80,71,9
S00117842,58,48,10
S00117843,128,101,27
S00117844,141,113,28
S00117845,108,69,39
S00117846,38,27,11
S00117847,81,60,21
S00117848,63,50,13
S00117849,106,80,26
S00117850,144,104,40
S00117851,86,57,29
S00117852,76,57,19
S00117853,88,57,31
S00117854,125,95,30
S00117855,106,65,41
S00117856,97,54,43
S00117857,129,94,35
S00117858,88,61,27
S00117859,68,54,14
S00117860,63,45,18
S00117861,119,85,34
S00117862,42,30,12
S00117863,51,35,16
S00117864,75,54,21
S00117865,99,72,27
S00117866,69,52,17
S00117867,89,70,19
S00117868,124,98,26
S00117869,136,111,25
S00117870,92,68,24
S00117871,54,35,19
S00117872,131,98,33
S00117873,51,39,12
S00117874,51,15,36
S00117875,48,15,33
S00117876,77,63,14
S00117877,72,44,28
S00117878,88,76,12
S00117879,81,64,17
S00117880,75,46,29
S00117881,133,97,36
S00117882,109,63,46
S00117883,71,55,16
S00117884,66,49,17
S00117885,120,90,30
S00117886,154,114,40
S00117887,92,64,28
S00117888,55,41,14
S00117889,102,70,32
S00117890,113,84,29
S00117891,139,99,40
S00117892,77,44,33
S00117893,113,85,28
S00117894,124,84,40
S00117895,104,45,59
S00117896,73,56,17
S00117897,60,44,16
S00117898,50,40,10
S00117899,73,50,23
S00117900,64,46,18
S00117901,52,43,9
S00117902,105,73,32
S00117903,151,105,46
S00117904,52,42,10
S00117905,79,52,27
S00117906,122,78,44
S00117907,71,49,22
S00117908,75,58,17
S00117909,113,78,35
S00117910,109,80,29
S00117911,39,33,6
S00117912,84,71,13
S00117913,78,64,14
S00117914,106,81,25
S00117915,92,69,23
S00117916,67,52,15
S00117917,78,61,17
S00117918,129,98,31
S00117919,134,105,29
S00117920,83,45,38
S00117921,42,32,10
S00117922,80,56,24
S00117923,53,38,15
S00117924,109,66,43
S00117925,141,109,32
S00117926,134,77,57
S00117927,122,84,38
S00117928,42,27,15
S00117929,95,67,28
S00117930,70,48,22
S00117931,95,70,25
S00117932,116,84,32
S00117933,100,81,19
S00117934,69,54,15
S00117935,82,61,21
S00117936,69,47,22
S00117937,63,38,25
S00117938,117,82,35
S00117939,104,79,25
S00117940,88,69,19
S00117941,68,35,33
S00117942,124,94,30
S00117943,70,51,19
S00117944,104,73,31
S00117945,113,79,34
S00117946,128,83,45
S00117947,111,70,41
S00117948,88,57,31
S00117949,98,71,27
S00117950,120,73,47
S00117951,109,88,21
S00117952,90,76,14
S00117953,90,57,33
S00117954,94,69,25
S00117955,107,71,36
S00117956,58,47,11
S00117957,94,60,34
S00117958,98,64,34
S00117959,44,34,10
S00117960,112,86,26
S00117961,87,51,36
S00117962,114,65,49
S00117963,122,74,48
S00117964,104,65,39
S00117965,68,50,18
S00117966,39,24,15
S00117967,74,46,28
S00117968,72,43,29
S00117969,95,61,34
S00117970,44,34,10
S00117971,73,43,30
S00117972,73,40,33
S00117973,78,50,28
S00117974,113,78,35
S00117975,108,83,25
S00117976,91,72,19
S00117977,81,45,36
S00117978,60,39,21
S00117979,130,86,44
S00117980,81,48,33
S00117981,65,34,31
S00117982,79,65,14
S00117983,78,47,31
S00117984,115,75,40
S00117985,83,63,20
S00117986,111,74,37
S00117987,84,64,20
S00117988,131,88,43
S00117989,86,73,13
S00117990,91,63,28
S00117991,76,40,36
S00117992,64,30,34
S00117993,84,52,32
S00117994,90,62,28
S00117995,108,76,32
S00117996,68,47,21
S00117997,71,49,22
S00117998,83,70,13
S00117999,93,66,27
S00118000,93,70,23
S00118001,83,55,28
S00118002,64,45,19
S00118003,77,51,26
S00118004,99,68,31
S00118005,60,48,12
S00118006,114,77,37
S00118007,101,74,27
S00118008,96,57,39
S00118009,82,54,28
S00118010,69,49,20
S00118011,96,68,28
S00118012,57,35,22
S00118013,106,72,34
S00118014,102,67,35
S00118015,133,87,46
S00118016,64,45,19
S00118017,149,115,34
S00118018,93,70,23
S00118019,68,42,26
S00118020,75,60,15
S00118021,100,67,33
S00118022,78,55,23
S00118023,92,77,15
S00118024,116,85,31
S00118025,115,74,41
S00118026,82,54,28
S00118027,116,89,27
S00118028,83,54,29
S00118029,114,92,22
S00118030,63,42,21
S00118031,62,44,18
S00118032,94,64,30
S00118033,52,39,13
S00118034,87,52,35
S00118035,96,64,32
S00118036,72,44,28
S00118037,76,51,25
S00118038,72,50,22
S00118039,124,78,46
S00118040,60,34,26
S00118041,90,63,27
S00118042,79,45,34
S00118043,64,47,17
S00118044,65,38,27
S00118045,115,75,40
S00118046,76,53,23
S00118047,52,30,22
S00118048,92,50,42
S00118049,97,66,31
S00118050,112,76,36
S00118051,73,49,24
S00118052,70,51,19
S00118053,69,39,30
S00118054,121,75,46
S00118055,144,97,47
S00118056,78,50,28
S00118057,55,37,18
S00118058,113,80,33
S00118059,108,69,39
S00118060,104,65,39
S00118061,68,49,19
S00118062,77,52,25
S00118063,91,75,16
S00118064,99,59,40
S00118065,114,68,46
S00118066,85,59,26
S00118067,62,34,28
S00118068,71,43,28
S00118069,31,17,14
S00118070,103,54,49
S00118071,63,41,22
S00118072,90,58,32
S00118073,107,73,34
S00118074,104,69,35
S00118075,67,41,26
S00118076,96,62,34
S00118077,85,62,23
S00118078,95,62,33
S00118079,64,30,34
S00118080,87,64,23
S00118081,48,40,8
S00118082,99,67,32
S00118083,61,37,24
S00118084,47,32,15
S00118085,84,60,24
S00118086,106,80,26
S00118087,82,60,22
S00118088,86,70,16
S00118089,45,34,11
S00118090,63,46,17
S00118091,65,36,29
S00118092,110,84,26
S00118093,43,30,13
S00118094,77,48,29
S00118095,118,91,27
S00118096,84,62,22
S00118097,92,58,34
S00118098,66,47,19
S00118099,74,47,27
S00118100,98,63,35
S00118101,56,27,29
S00118102,90,61,29
S00118103,90,49,41
S00118104,74,54,20
S00118105,58,33,25
S00118106,96,57,39
S00118107,52,31,21
S00118108,128,76,52
S00118109,85,60,25
S00118110,61,34,27
S00118111,135,101,34
S00118112,47,34,13
S00118113,58,38,20
S00118114,76,45,31
S00118115,98,61,37
S00118116,83,58,25
S00118117,120,81,39
S00118118,109,77,32
S00118119,92,56,36
S00118120,110,93,17
S00118121,87,58,29
S00118122,87,68,19
S00118123,42,35,7
S00118124,70,50,20
S00118125,71,51,20
S00118126,57,24,33
S00118127,50,39,11
S00118128,99,81,18
S00118129,78,66,12
S00118130,96,52,44
S00118131,87,66,21
S00118132,76,46,30
S00118133,68,49,19
S00118134,98,66,32
S00118135,99,71,28
S00118136,80,58,22
S00118137,142,112,30
S00118138,116,92,24
S00118139,77,65,12
S00118140,98,79,19
S00118141,111,99,12
S00118142,89,65,24
S00118143,83,54,29
S00118144,117,85,32
S00118145,91,73,18
S00118146,58,40,18
S00118147,112,85,27
S00118148,83,65,18
S00118149,51,35,16
S00118150,95,64,31
S00118151,75,57,18
S00118152,65,41,24
S00118153,64,41,23
S00118154,68,45,23
S00118155,66,44,22
S00118156,111,84,27
S00118157,74,51,23
S00118158,73,48,25
S00118159,97,79,18
S00118160,69,51,18
S00118161,98,77,21
S00118162,41,28,13
S00118163,85,68,17
S00118164,100,77,23
S00118165,66,57,9
S00118166,131,100,31
S00118167,102,70,32
S00118168,83,64,19
S00118169,79,71,8
S00118170,76,45,31
S00118171,81,52,29
S00118172,77,57,20
S00118173,87,58,29
S00118174,144,104,40
S00118175,89,69,20
S00118176,99,69,30
S00118177,88,60,28
S00118178,94,67,27
S00118179,71,50,21
S00118180,112,85,27
S00118181,100,82,18
S00118182,96,75,21
S00118183,76,49,27
S00118184,61,42,19
S00118185,83,65,18
S00118186,101,85,16
S00118187,87,57,30
S00118188,73,52,21
S00118189,119,87,32
S00118190,71,55,16
S00118191,119,77,42
S00118192,55,37,18
S00118193,83,72,11
S00118194,91,64,27
S00118195,101,71,30
S00118196,56,36,20
S00118197,32,16,16
S00118198,94,73,21
S00118199,113,85,28
S00118200,51,34,17
S00118201,75,59,16
S00118202,96,74,22
S00118203,102,83,19
S00118204,82,67,15
S00118205,69,53,16
S00118206,25,15,10
S00118207,63,47,16
S00118208,116,92,24
S00118209,101,74,27
S00118210,125,90,35
S00118211,63,30,33
S00118212,90,63,27
S00118213,118,84,34
S00118214,100,64,36
S00118215,94,65,29
S00118216,94,65,29
S00118217,79,63,16
S00118218,58,49,9
S00118219,85,66,19
S00118220,121,74,47
S00118221,84,68,16
S00118222,63,38,25
S00118223,50,38,12
S00118224,113,85,28
S00118225,85,48,37
S00118226,77,65,12
S00118227,72,55,17
S00118228,56,30,26
S00118229,65,43,22
S00118230,70,51,19
S00118231,87,71,16
S00118232,83,70,13
S00118233,75,58,17
S00118234,128,108,20
S00118235,58,30,28
S00118236,74,56,18
S00118237,104,67,37
S00118238,89,65,24
S00118239,54,38,16
S00118240,84,58,26
S00118241,94,80,14
S00118242,82,65,17
S00118243,96,58,38
S00118244,126,87,39
S00118245,80,64,16
S00118246,81,60,21
S00118247,51,27,24
S00118248,88,68,20
S00118249,97,70,27
S00118250,43,26,17
S00118251,74,54,20
S00118252,86,65,21
S00118253,52,43,9
S00118254,59,39,20
S00118255,65,37,28
S00118256,88,71,17
S00118257,41,28,13
S00118258,84,62,22
S00118259,61,47,14
S00118260,118,91,27
S00118261,90,83,7
S00118262,104,84,20
S00118263,102,83,19
S00118264,82,56,26
S00118265,74,63,11
S00118266,78,71,7
S00118267,96,65,31
S00118268,120,94,26
S00118269,57,52,5
S00118270,94,78,16
S00118271,124,79,45
S00118272,78,66,12
S00118273,33,13,20
S00118274,93,62,31
S00118275,68,50,18
S00118276,73,48,25
S00118277,64,50,14
S00118278,56,32,24
S00118279,70,51,19
S00118280,123,84,39
S00118281,116,70,46
S00118282,74,58,16
S00118283,73,44,29
S00118284,45,27,18
S00118285,68,42,26
S00118286,121,78,43
S00118287,83,67,16
S00118288,70,49,21
S00118289,115,86,29
S00118290,67,62,5
S00118291,177,89,88
S00118292,65,48,17
S00118293,70,61,9
S00118294,52,36,16
S00118295,86,68,18
S00118296,40,33,7
S00118297,101,69,32
S00118298,96,87,9
S00118299,48,42,6
S00118300,74,58,16
S00118301,72,60,12
S00118302,79,60,19
S00118303,103,72,31
S00118304,64,40,24
S00118305,99,76,23
S00118306,91,66,25
S00118307,84,60,24
S00118308,53,36,17
S00118309,83,65,18
S00118310,64,59,5
S00118311,125,100,25
S00118312,83,63,20
S00118313,104,73,31
S00118314,107,72,35
S00118315,96,80,16
S00118316,65,48,17
S00118317,110,70,40
S00118318,58,35,23
S00118319,49,42,7
S00118320,91,70,21
S00118321,72,61,11
S00118322,67,50,17
S00118323,96,75,21
S00118324,97,78,19
S00118325,125,91,34
S00118326,73,62,11
S00118327,67,50,17
S00118328,198,143,55
S00118329,68,53,15
S00118330,89,67,22
S00118331,87,61,26
S00118332,89,57,32
S00118333,85,68,17
S00118334,82,65,17
S00118335,118,92,26
S00118336,124,95,29
S00118337,42,31,11
S00118338,87,72,15
S00118339,76,59,17
S00118340,57,41,16
S00118341,101,80,21
S00118342,83,71,12
S00118343,112,84,28
S00118344,54,44,10
S00118345,101,81,20
S00118346,93,80,13
S00118347,148,129,19
S00118348,92,77,15
S00118349,113,85,28
S00118350,122,84,38
S00118351,86,58,28
S00118352,82,61,21
S00118353,95,68,27
S00118354,107,84,23
S00118355,59,34,25
S00118356,80,55,25
S00118357,47,33,14
S00118358,119,94,25
S00118359,68,51,17
S00118360,83,55,28
S00118361,48,25,23
S00118362,49,37,12
S00118363,74,58,16
S00118364,76,61,15
S00118365,78,51,27
S00118366,89,64,25
S00118367,103,65,38
S00118368,57,46,11
S00118369,72,55,17
S00118370,69,46,23
S00118371,80,56,24
S00118372,77,60,17
S00118373,69,44,25
S00118374,75,59,16
S00118375,73,54,19
S00118376,139,98,41
S00118377,109,74,35
S00118378,104,73,31
S00118379,85,66,19
S00118380,60,44,16
S00118381,71,53,18
S00118382,132,100,32
S00118383,64,39,25
S00118384,40,28,12
S00118385,79,47,32
S00118386,78,56,22
S00118387,87,67,20
S00118388,83,59,24
S00118389,65,36,29
S00118390,88,78,10
S00118391,73,47,26
S00118392,113,78,35
S00118393,124,93,31
S00118394,100,74,26
S00118395,113,74,39
S00118396,71,56,15
S00118397,59,41,18
S00118398,80,62,18
S00118399,63,34,29
S00118400,105,75,30
S00118401,85,49,36
S00118402,92,72,20
S00118403,45,33,12
S00118404,124,91,33
S00118405,44,34,10
S00118406,65,43,22
S00118407,90,67,23
S00118408,116,94,22
S00118409,82,50,32
S00118410,41,31,10
S00118411,79,52,27
S00118412,72,50,22
S00118413,82,58,24
S00118414,87,72,15
S00118415,58,43,15
S00118416,54,39,15
S00118417,64,44,20
S00118418,59,36,23
S00118419,60,48,12
S00118420,32,18,14
S00118421,77,65,12
S00118422,78,62,16
S00118423,45,36,9
S00118424,88,50,38
S00118425,90,54,36
S00118426,124,77,47
S00118427,64,38,26
S00118428,61,41,20
S00118429,83,53,30
S00118430,77,58,19
S00118431,79,43,36
S00118432,110,82,28
S00118433,116,76,40
S00118434,81,57,24
S00118435,111,78,33
S00118436,80,48,32
S00118437,72,45,27
S00118438,75,50,25
S00118439,90,72,18
S00118440,55,33,22
S00118441,54,38,16
S00118442,91,69,22
S00118443,44,28,16
S00118444,96,65,31
S00118445,87,51,36
S00118446,65,32,33
S00118447,74,57,17
S00118448,62,35,27
S00118449,84,56,28
S00118450,71,42,29
S00118451,83,59,24
S00118452,71,49,22
S00118453,81,54,27
S00118454,78,60,18
S00118455,103,60,43
S00118456,112,83,29
S00118457,47,26,21
S00118458,51,33,18
S00118459,139,96,43
S00118460,90,56,34
S00118461,124,91,33
S00118462,86,56,30
S00118463,96,63,33
S00118464,76,61,15
S00118465,97,62,35
S00118466,105,81,24
S00118467,101,77,24
S00118468,90,72,18
S00118469,57,45,12
S00118470,82,61,21
S00118471,74,63,11
S00118472,145,100,45
S00118473,75,63,12
S00118474,102,88,14
S00118475,60,48,12
S00118476,66,49,17
S00118477,52,34,18
S00118478,85,56,29
S00118479,84,56,28
S00118480,81,56,25
S00118481,112,81,31
S00118482,132,101,31
S00118483,65,59,6
S00118484,86,72,14
S00118485,96,80,16
S00118486,15,3,12
S00118487,71,66,5
S00118488,142,107,35
S00118489,93,62,31
S00118490,110,76,34
S00118491,124,87,37
S00118492,71,52,19
S00118493,84,66,18
S00118494,113,54,59
S00118495,103,70,33
S00118496,128,100,28
S00118497,115,86,29
S00118498,130,99,31
S00118499,128,89,39
S00118500,122,98,24
S00118501,110,86,24
S00118502,109,81,28
S00118503,16,2,14
S00118504,45,39,6
S00118505,58,40,18
S00118506,114,91,23
S00118507,120,97,23
S00118508,41,38,3
S00118509,99,65,34
S00118510,58,43,15
S00118511,175,132,43
S00118512,93,60,33
S00118513,88,61,27
S00118514,104,67,37
S00118515,105,83,22
S00118516,126,78,48
S00118517,100,73,27
S00118518,74,49,25
S00118519,77,56,21
S00118520,51,31,20
S00118521,60,31,29
S00118522,46,33,13
S00118523,76,53,23
S00118524,44,27,17
S00118525,77,53,24
S00118526,56,39,17
S00118527,113,78,35
S00118528,78,55,23
S00118529,135,103,32
S00118530,99,77,22
S00118531,99,68,31
S00118532,95,73,22
S00118533,96,59,37
S00118534,63,31,32
S00118535,99,57,42
S00118536,47,28,19
S00118537,84,46,38
S00118538,43,28,15
S00118539,76,47,29
S00118540,60,43,17
S00118541,67,38,29
S00118542,58,45,13
S00118543,83,54,29
S00118544,42,33,9
S00118545,56,44,12
S00118546,114,95,19
S00118547,54,50,4
S00118548,76,58,18
S00118549,99,79,20
S00118550,52,43,9
S00118551,55,36,19
S00118552,55,43,12
S00118553,129,94,35
S00118554,98,82,16
S00118555,67,55,12
S00118556,80,61,19
S00118557,72,49,23
S00118558,72,56,16
S00118559,84,58,26
S00118560,72,56,16
S00118561,146,105,41
S00118562,104,64,40
S00118563,141,115,26
S00118564,69,53,16
S00118565,57,39,18
S00118566,61,45,16
S00118567,72,46,26
S00118568,81,64,17
S00118569,133,88,45
S00118570,40,25,15
S00118571,96,82,14
S00118572,76,52,24
S00118573,35,25,10
S00118574,48,36,12
S00118575,81,61,20
S00118576,79,60,19
S00118577,47,32,15
S00118578,53,41,12
S00118579,78,61,17
S00118580,67,51,16
S00118581,65,57,8
S00118582,77,61,16
S00118583,91,76,15
S00118584,79,56,23
S00118585,90,65,25
S00118586,44,35,9
S00118587,89,64,25
S00118588,53,36,17
S00118589,43,20,23
S00118590,51,40,11
S00118591,51,37,14
S00118592,54,47,7
S00118593,87,61,26
S00118594,74,66,8
S00118595,48,35,13
S00118596,100,64,36
S00118597,93,58,35
S00118598,119,83,36
S00118599,104,83,21
S00118600,83,55,28
S00118601,98,65,33
S00118602,107,80,27
S00118603,83,61,22
S00118604,59,49,10
S00118605,158,124,34
S00118606,64,51,13
S00118607,69,54,15
S00118608,54,47,7
S00118609,101,80,21
S00118610,47,35,12
S00118611,94,80,14
S00118612,138,113,25
S00118613,86,75,11
S00118614,86,64,22
S00118615,137,95,42
S00118616,127,90,37
S00118617,139,103,36
S00118618,101,86,15
S00118619,95,72,23
S00118620,90,73,17
S00118621,143,106,37
S00118622,120,93,27
S00118623,91,70,21
S00118624,109,73,36
S00118625,99,73,26
S00118626,116,82,34
S00118627,117,85,32
S00118628,88,52,36
S00118629,127,90,37
S00118630,119,74,45
S00118631,138,92,46
S00118632,57,46,11
S00118633,107,69,38
S00118634,108,70,38
S00118635,109,80,29
S00118636,89,62,27
S00118637,65,50,15
S00118638,67,43,24
S00118639,91,56,35
S00118640,91,62,29
S00118641,107,75,32
S00118642,62,45,17
S00118643,104,63,41
S00118644,59,32,27
S00118645,82,56,26
S00118646,118,73,45
S00118647,77,47,30
S00118648,42,29,13
S00118649,96,72,24
S00118650,122,93,29
S00118651,66,52,14
S00118652,82,61,21
S00118653,76,55,21
S00118654,44,25,19
S00118655,83,62,21
S00118656,107,72,35
S00118657,80,58,22
S00118658,78,51,27
S00118659,50,38,12
S00118660,65,47,18
S00118661,141,106,35
S00118662,94,74,20
S00118663,80,50,30
S00118664,83,65,18
S00118665,83,64,19
S00118666,72,50,22
S00118667,81,64,17
S00118668,153,123,30
S00118669,76,48,28
S00118670,91,68,23
S00118671,57,38,19
S00118672,71,44,27
S00118673,116,89,27
S00118674,57,34,23
S00118675,115,82,33
S00118676,112,80,32
S00118677,122,93,29
S00118678,36,29,7
S00118679,117,95,22
S00118680,48,41,7
S00118681,90,67,23
S00118682,65,39,26
S00118683,70,49,21
S00118684,79,50,29
S00118685,93,64,29
S00118686,76,54,22
S00118687,112,77,35
S00118688,84,60,24
S00118689,126,84,42
S00118690,130,104,26
S00118691,123,87,36
S00118692,97,71,26
S00118693,86,66,20
S00118694,71,51,20
S00118695,94,75,19
S00118696,71,47,24
S00118697,50,29,21
S00118698,102,75,27
S00118699,84,52,32
S00118700,92,59,33
S00118701,52,40,12
S00118702,60,39,21
S00118703,71,49,22
S00118704,67,35,32
S00118705,97,63,34
S00118706,76,57,19
S00118707,86,70,16
S00118708,45,32,13
S00118709,67,47,20
S00118710,89,69,20
S00118711,45,36,9
S00118712,62,51,11
S00118713,94,68,26
S00118714,74,51,23
S00118715,77,49,28
S00118716,85,64,21
S00118717,48,35,13
S00118718,80,53,27
S00118719,98,67,31
S00118720,98,66,32
S00118721,76,33,43
S00118722,55,38,17
S00118723,97,66,31
S00118724,71,40,31
S00118725,54,36,18
S00118726,81,45,36
S00118727,64,40,24
S00118728,106,66,40
S00118729,99,63,36
S00118730,81,62,19
S00118731,54,38,16
S00118732,72,39,33
S00118733,64,38,26
S00118734,40,32,8
S00118735,73,50,23
S00118736,90,59,31
S00118737,76,50,26
S00118738,73,46,27
S00118739,92,56,36
S00118740,110,36,74
S00118741,53,36,17
S00118742,68,41,27
S00118743,75,33,42
S00118744,110,67,43
S00118745,113,79,34
S00118746,99,75,24
S00118747,66,44,22
S00118748,119,95,24
S00118749,120,82,38
S00118750,111,81,30
S00118751,93,61,32
S00118752,75,41,34
S00118753,131,83,48
S00118754,73,51,22
S00118755,66,48,18
S00118756,92,67,25
S00118757,153,108,45
S00118758,112,73,39
S00118759,120,85,35
S00118760,107,86,21
S00118761,69,47,22
S00118762,105,81,24
S00118763,84,48,36
S00118764,59,48,11
S00118765,63,42,21
S00118766,65,50,15
S00118767,77,49,28
S00118768,38,16,22
S00118769,90,57,33
S00118770,84,62,22
S00118771,68,49,19
S00118772,76,59,17
S00118773,113,87,26
S00118774,46,33,13
S00118775,91,57,34
S00118776,86,60,26
S00118777,67,44,23
S00118778,134,92,42
S00118779,51,23,28
S00118780,112,76,36
S00118781,73,46,27
S00118782,122,80,42
S00118783,112,73,39
S00118784,109,76,33
S00118785,134,108,26
S00118786,111,87,24
S00118787,156,122,34
S00118788,77,53,24
S00118789,72,57,15
S00118790,122,93,29
S00118791,132,98,34
S00118792,76,58,18
S00118793,48,40,8
S00118794,116,79,37
S00118795,90,63,27
S00118796,95,58,37
S00118797,80,56,24
S00118798,98,64,34
S00118799,82,50,32
S00118800,99,59,40
S00118801,94,59,35
S00118802,73,47,26
S00118803,96,63,33
S00118804,144,98,46
S00118805,115,68,47
S00118806,69,52,17
S00118807,60,42,18
S00118808,85,56,29
S00118809,88,57,31
S00118810,110,72,38
S00118811,130,103,27
S00118812,101,75,26
S00118813,100,72,28
S00118814,103,77,26
S00118815,98,66,32
S00118816,116,75,41
S00118817,114,70,44
S00118818,102,66,36
S00118819,106,64,42
S00118820,102,57,45
S00118821,128,71,57
S00118822,94,81,13
S00118823,92,63,29
S00118824,118,91,27
S00118825,45,25,20
S00118826,83,54,29
S00118827,78,56,22
S00118828,131,82,49
S00118829,74,43,31
S00118830,110,72,38
S00118831,74,60,14
S00118832,115,85,30
S00118833,71,56,15
S00118834,87,58,29
S00118835,106,62,44
S00118836,83,68,15
S00118837,77,46,31
S00118838,76,50,26
S00118839,67,30,37
S00118840,54,36,18
S00118841,85,48,37
S00118842,124,74,50
S00118843,87,60,27
S00118844,150,107,43
S00118845,76,48,28
S00118846,135,86,49
S00118847,108,83,25
S00118848,76,55,21
S00118849,74,52,22
S00118850,65,37,28
S00118851,79,53,26
S00118852,70,54,16
S00118853,52,28,24
S00118854,60,41,19
S00118855,81,53,28
S00118856,78,56,22
S00118857,94,72,22
S00118858,88,59,29
S00118859,66,41,25
S00118860,90,64,26
S00118861,116,89,27
S00118862,67,46,21
S00118863,82,55,27
S00118864,118,71,47
S00118865,83,47,36
S00118866,64,44,20
S00118867,82,40,42
S00118868,95,53,42
S00118869,67,34,33
S00118870,118,78,40
S00118871,60,40,20
S00118872,100,53,47
S00118873,74,40,34
S00118874,97,75,22
S00118875,89,60,29
S00118876,40,20,20
S00118877,41,26,15
S00118878,66,51,15
S00118879,61,41,20
S00118880,87,59,28
S00118881,76,40,36
S00118882,121,88,33
S00118883,81,54,27
S00118884,90,65,25
S00118885,78,48,30
S00118886,84,60,24
S00118887,66,43,23
S00118888,93,57,36
S00118889,58,45,13
S00118890,60,40,20
S00118891,84,70,14
S00118892,42,28,14
S00118893,37,25,12
S00118894,74,59,15
S00118895,85,63,22
S00118896,72,49,23
S00118897,76,56,20
S00118898,54,33,21
S00118899,79,47,32
S00118900,95,66,29
S00118901,42,15,27
S00118902,115,80,35
S00118903,91,53,38
S00118904,87,75,12
S00118905,102,78,24
S00118906,90,65,25
S00118907,86,64,22
S00118908,106,87,19
S00118909,49,35,14
S00118910,87,59,28
S00118911,89,54,35
S00118912,84,51,33
S00118913,101,69,32
S00118914,44,24,20
S00118915,137,101,36
S00118916,78,56,22
S00118917,75,45,30
S00118918,65,45,20
S00118919,49,25,24
S00118920,90,67,23
S00118921,61,40,21
S00118922,72,50,22
S00118923,101,69,32
S00118924,66,44,22
S00118925,65,46,19
S00118926,67,44,23
S00118927,87,48,39
S00118928,75,46,29
S00118929,105,58,47
S00118930,72,53,19
S00118931,135,95,40
S00118932,102,76,26
S00118933,49,44,5
S00118934,100,56,44
S00118935,91,55,36
S00118936,82,56,26
S00118937,65,43,22
S00118938,75,49,26
S00118939,83,66,17
S00118940,113,79,34
S00118941,117,69,48
S00118942,143,112,31
S00118943,55,36,19
S00118944,110,85,25
S00118945,76,45,31
S00118946,68,49,19
S00118947,51,41,10
S00118948,82,60,22
S00118949,79,57,22
S00118950,56,35,21
S00118951,63,51,12
S00118952,88,44,44
S00118953,76,58,18
S00118954,113,80,33
S00118955,115,87,28
S00118956,103,79,24
S00118957,119,86,33
S00118958,81,45,36
S00118959,78,48,30
S00118960,100,68,32
S00118961,72,42,30
S00118962,57,34,23
S00118963,84,54,30
S00118964,91,58,33
S00118965,93,68,25
S00118966,101,61,40
S00118967,82,45,37
S00118968,63,44,19
S00118969,71,52,19
S00118970,67,54,13
S00118971,47,38,9
S00118972,76,45,31
S00118973,99,57,42
S00118974,88,54,34
S00118975,96,68,28
S00118976,94,74,20
S00118977,91,59,32
S00118978,66,49,17
S00118979,64,41,23
S00118980,77,60,17
S00118981,86,64,22
S00118982,106,76,30
S00118983,92,65,27
S00118984,58,39,19
S00118985,115,76,39
S00118986,78,47,31
S00118987,66,47,19
S00118988,62,45,17
S00118989,83,69,14
S00118990,113,73,40
S00118991,96,59,37
S00118992,84,63,21
S00118993,83,56,27
S00118994,48,32,16
S00118995,81,61,20
S00118996,56,42,14
S00118997,58,38,20
S00118998,102,68,34
S00118999,71,43,28
S00119000,84,52,32
S00119001,113,84,29
S00119002,58,32,26
S00119003,85,71,14
S00119004,89,71,18
S00119005,119,84,35
S00119006,63,46,17
S00119007,76,54,22
S00119008,79,62,17
S00119009,60,48,12
S00119010,59,48,11
S00119011,70,52,18
S00119012,75,53,22
S00119013,68,46,22
S00119014,61,44,17
S00119015,61,49,12
S00119016,60,36,24
S00119017,92,64,28
S00119018,77,58,19
S00119019,77,60,17
S00119020,70,44,26
S00119021,44,24,20
S00119022,42,34,8
S00119023,93,64,29
S00119024,79,44,35
S00119025,55,36,19
S00119026,43,31,12
S00119027,49,29,20
S00119028,61,30,31
S00119029,43,31,12
S00119030,59,38,21
S00119031,79,58,21
S00119032,69,42,27
S00119033,116,82,34
S00119034,55,38,17
S00119035,91,62,29
S00119036,117,84,33
S00119037,79,58,21
S00119038,51,28,23
S00119039,65,49,16
S00119040,57,30,27
S00119041,29,12,17
S00119042,68,51,17
S00119043,71,60,11
S00119044,95,72,23
S00119045,36,30,6
S00119046,70,43,27
S00119047,38,29,9
S00119048,79,49,30
S00119049,44,34,10
S00119050,93,66,27
S00119051,130,101,29
S00119052,53,42,11
S00119053,143,117,26
S00119054,81,65,16
S00119055,42,26,16
S00119056,32,15,17
S00119057,71,59,12
S00119058,97,73,24
S00119059,102,88,14
S00119060,75,54,21
S00119061,80,55,25
S00119062,136,95,41
S00119063,91,59,32
S00119064,102,80,22
S00119065,69,57,12
S00119066,103,85,18
S00119067,105,73,32
S00119068,134,81,53
S00119069,109,78,31
S00119070,81,64,17
S00119071,38,28,10
S00119072,43,27,16
S00119073,56,37,19
S00119074,59,49,10
S00119075,45,37,8
S00119076,82,71,11
S00119077,56,41,15
S00119078,117,88,29
S00119079,112,97,15
S00119080,124,110,14
S00119081,68,60,8
S00119082,77,60,17
S00119083,139,116,23
S00119084,127,111,16
S00119085,84,77,7
S00119086,150,129,21
S00119087,147,118,29
S00119088,53,42,11
S00119089,109,89,20
S00119090,74,64,10
S00119091,97,85,12
S00119092,81,73,8
S00119093,74,38,36
S00119094,63,51,12
S00119095,61,42,19
S00119096,94,77,17
S00119097,36,26,10
S00119098,51,38,13
S00119099,130,97,33
S00119100,125,89,36
S00119101,60,46,14
S00119102,72,51,21
S00119103,128,99,29
S00119104,83,42,41
S00119105,59,39,20
S00119106,82,55,27
S00119107,55,28,27
S00119108,77,45,32
S00119109,67,63,4
S00119110,79,64,15
S00119111,132,102,30
S00119112,89,60,29
S00119113,56,35,21
S00119114,61,44,17
S00119115,93,74,19
S00119116,48,38,10
S00119117,123,80,43
S00119118,51,42,9
S00119119,86,54,32
S00119120,81,51,30
S00119121,72,53,19
S00119122,109,79,30
S00119123,97,78,19
S00119124,116,93,23
S00119125,97,61,36
S00119126,84,50,34
S00119127,84,51,33
S00119128,56,37,19
S00119129,75,38,37
S00119130,100,55,45
S00119131,81,50,31
S00119132,91,58,33
S00119133,65,43,22
S00119134,55,35,20
S00119135,62,37,25
S00119136,65,45,20
S00119137,83,65,18
S00119138,64,39,25
S00119139,50,32,18
S00119140,39,31,8
S00119141,44,25,19
S00119142,82,53,29
S00119143,106,72,34
S00119144,104,80,24
S00119145,65,49,16
S00119146,58,38,20
S00119147,85,51,34
S00119148,40,30,10
S00119149,98,67,31
S00119150,98,78,20
S00119151,47,40,7
S00119152,80,66,14
S00119153,74,57,17
S00119154,92,56,36
S00119155,84,57,27
S00119156,171,115,56
S00119157,100,70,30
S00119158,99,67,32
S00119159,117,99,18
S00119160,70,54,16
S00119161,69,53,16
S00119162,78,65,13
S00119163,67,56,11
S00119164,49,34,15
S00119165,89,66,23
S00119166,100,79,21
S00119167,84,68,16
S00119168,138,110,28
S00119169,88,57,31
S00119170,63,32,31
S00119171,68,35,33
S00119172,54,32,22
S00119173,110,89,21
S00119174,76,51,25
S00119175,61,44,17
S00119176,45,32,13
S00119177,55,37,18
S00119178,47,27,20
S00119179,114,79,35
S00119180,106,81,25
S00119181,89,66,23
S00119182,61,46,15
S00119183,97,66,31
S00119184,87,66,21
S00119185,113,80,33
S00119186,83,55,28
S00119187,43,25,18
S00119188,44,30,14
S00119189,101,68,33
S00119190,73,42,31
S00119191,89,64,25
S00119192,71,52,19
S00119193,47,23,24
S00119194,89,53,36
S00119195,79,47,32
S00119196,68,37,31
S00119197,55,36,19
S00119198,63,44,19
S00119199,76,56,20
S00119200,55,37,18
S00119201,54,35,19
S00119202,63,52,11
S00119203,55,44,11
S00119204,97,65,32
S00119205,63,54,9
S00119206,59,47,12
S00119207,99,73,26
S00119208,81,65,16
S00119209,88,59,29
S00119210,47,38,9
S00119211,38,26,12
S00119212,49,44,5
S00119213,122,100,22
S00119214,47,35,12
S00119215,128,105,23
S00119216,47,40,7
S00119217,116,94,22
S00119218,173,156,17
S00119219,93,57,36
S00119220,63,48,15
S00119221,58,37,21
S00119222,92,68,24
S00119223,47,35,12
S00119224,82,49,33
S00119225,63,42,21
S00119226,54,33,21
S00119227,77,67,10
S00119228,50,38,12
S00119229,74,55,19
S00119230,53,29,24
S00119231,108,77,31
S00119232,57,38,19
S00119233,112,76,36
S00119234,41,23,18
S00119235,94,61,33
S00119236,47,36,11
S00119237,95,76,19
S00119238,66,57,9
S00119239,65,45,20
S00119240,103,81,22
S00119241,128,85,43
S00119242,66,52,14
S00119243,96,61,35
S00119244,45,20,25
S00119245,64,33,31
S00119246,77,46,31
S00119247,111,87,24
S00119248,75,54,21
S00119249,71,47,24
S00119250,83,60,23
S00119251,108,76,32
S00119252,86,61,25
S00119253,51,34,17
S00119254,142,114,28
S00119255,76,52,24
S00119256,51,31,20
S00119257,116,82,34
S00119258,57,40,17
S00119259,103,70,33
S00119260,79,58,21
S00119261,86,64,22
S00119262,129,95,34
S00119263,95,61,34
S00119264,93,68,25
S00119265,119,90,29
S00119266,53,45,8
S00119267,61,53,8
S00119268,109,76,33
S00119269,81,68,13
S00119270,67,46,21
S00119271,111,85,26
S00119272,132,88,44
S00119273,87,64,23
S00119274,120,78,42
S00119275,63,36,27
S00119276,60,37,23
S00119277,106,68,38
S00119278,71,53,18
S00119279,94,71,23
S00119280,143,112,31
S00119281,48,34,14
S00119282,43,36,7
S00119283,128,102,26
S00119284,125,95,30
S00119285,143,116,27
S00119286,45,33,12
S00119287,73,49,24
S00119288,75,55,20
S00119289,105,75,30
S00119290,66,43,23
S00119291,98,71,27
S00119292,85,54,31
S00119293,91,70,21
S00119294,87,74,13
S00119295,143,107,36
S00119296,103,75,28
S00119297,108,78,30
S00119298,57,40,17
S00119299,110,84,26
S00119300,156,111,45
S00119301,42,28,14
S00119302,41,30,11
S00119303,79,61,18
S00119304,112,86,26
S00119305,109,69,40
S00119306,58,43,15
S00119307,94,72,22
S00119308,47,27,20
S00119309,81,61,20
S00119310,103,79,24
S00119311,42,26,16
S00119312,47,34,13
S00119313,100,59,41
S00119314,70,47,23
S00119315,52,34,18
S00119316,107,78,29
S00119317,48,38,10
S00119318,56,41,15
S00119319,139,98,41
S00119320,70,50,20
S00119321,102,77,25
S00119322,61,44,17
S00119323,60,46,14
S00119324,107,79,28
S00119325,128,88,40
S00119326,94,55,39
S00119327,83,61,22
S00119328,71,55,16
S00119329,147,115,32
S00119330,42,27,15
S00119331,61,41,20
S00119332,139,92,47
S00119333,96,63,33
S00119334,106,74,32
S00119335,83,52,31
S00119336,125,80,45
S00119337,129,90,39
S00119338,48,30,18
S00119339,80,61,19
S00119340,119,94,25
S00119341,85,60,25
S00119342,127,76,51
S00119343,92,65,27
S00119344,113,88,25
S00119345,100,68,32
S00119346,62,46,16
S00119347,92,64,28
S00119348,129,90,39
S00119349,132,86,46
S00119350,40,25,15
S00119351,97,80,17
S00119352,142,98,44
S00119353,106,81,25
S00119354,105,75,30
S00119355,96,55,41
S00119356,114,75,39
S00119357,97,69,28
S00119358,73,49,24
S00119359,87,56,31
S00119360,62,42,20
S00119361,80,61,19
S00119362,95,70,25
S00119363,117,88,29
S00119364,48,33,15
S00119365,87,55,32
S00119366,107,85,22
S00119367,92,69,23
S00119368,91,66,25
S00119369,121,56,65
S00119370,68,44,24
S00119371,109,83,26
S00119372,66,47,19
S00119373,37,20,17
S00119374,133,96,37
S00119375,69,47,22
S00119376,85,53,32
S00119377,63,49,14
S00119378,70,48,22
S00119379,65,49,16
S00119380,71,51,20
S00119381,69,51,18
S00119382,53,36,17
S00119383,58,38,20
S00119384,85,63,22
S00119385,90,50,40
S00119386,76,52,24
S00119387,93,65,28
S00119388,57,34,23
S00119389,109,82,27
S00119390,75,50,25
S00119391,70,47,23
S00119392,95,70,25
S00119393,48,36,12
S00119394,42,23,19
S00119395,92,52,40
S00119396,49,35,14
S00119397,85,67,18
S00119398,96,68,28
S00119399,73,58,15
S00119400,31,22,9
S00119401,113,80,33
S00119402,77,56,21
S00119403,58,45,13
S00119404,205,155,50
S00119405,110,77,33
S00119406,87,61,26
S00119407,59,38,21
S00119408,54,46,8
S00119409,100,74,26
S00119410,52,44,8
S00119411,108,89,19
S00119412,117,81,36
S00119413,88,66,22
S00119414,72,66,6
S00119415,159,147,12
S00119416,82,57,25
S00119417,88,69,19
S00119418,54,42,12
S00119419,79,55,24
S00119420,79,61,18
S00119421,47,35,12
S00119422,76,64,12
S00119423,139,93,46
S00119424,82,62,20
S00119425,88,60,28
S00119426,83,57,26
S00119427,67,48,19
S00119428,51,36,15
S00119429,63,46,17
S00119430,44,29,15
S00119431,52,41,11
S00119432,58,44,14
S00119433,82,67,15
S00119434,112,87,25
S00119435,67,57,10
S00119436,53,43,10
S00119437,63,40,23
S00119438,89,64,25
S00119439,58,40,18
S00119440,107,90,17
S00119441,157,113,44
S00119442,120,100,20
S00119443,136,114,22
S00119444,69,53,16
S00119445,114,99,15
S00119446,135,115,20
S00119447,62,45,17
S00119448,89,58,31
S00119449,82,52,30
S00119450,104,81,23
S00119451,50,38,12
S00119452,68,52,16
S00119453,111,89,22
S00119454,122,104,18
S00119455,97,74,23
S00119456,49,42,7
S00119457,92,83,9
S00119458,65,34,31
S00119459,64,56,8
S00119460,76,56,20
S00119461,54,28,26
S00119462,77,52,25
S00119463,84,60,24
S00119464,82,65,17
S00119465,53,43,10
S00119466,125,89,36
S00119467,38,22,16
S00119468,92,73,19
S00119469,60,46,14
S00119470,84,67,17
S00119471,84,52,32
S00119472,50,39,11
S00119473,81,62,19
S00119474,97,69,28
S00119475,85,73,12
S00119476,60,44,16
S00119477,64,56,8
S00119478,102,78,24
S00119479,56,44,12
S00119480,129,91,38
S00119481,66,44,22
S00119482,122,89,33
S00119483,79,61,18
S00119484,54,26,28
S00119485,85,37,48
S00119486,55,31,24
S00119487,67,42,25
S00119488,71,50,21
S00119489,159,134,25
S00119490,97,69,28
S00119491,68,59,9
S00119492,114,91,23
S00119493,115,90,25
S00119494,101,84,17
S00119495,52,45,7
S00119496,70,46,24
S00119497,96,65,31
S00119498,71,61,10
S00119499,107,69,38
S00119500,54,40,14
S00119501,81,51,30
S00119502,67,57,10
S00119503,89,67,22
S00119504,86,63,23
S00119505,76,54,22
S00119506,62,42,20
S00119507,54,37,17
S00119508,149,113,36
S00119509,72,54,18
S00119510,91,76,15
S00119511,97,77,20
S00119512,85,71,14
S00119513,56,39,17
S00119514,72,61,11
S00119515,95,76,19
S00119516,117,96,21
S00119517,64,53,11
S00119518,148,128,20
S00119519,115,94,21
S00119520,88,61,27
S00119521,85,68,17
S00119522,78,60,18
S00119523,116,90,26
S00119524,87,75,12
S00119525,81,44,37
S00119526,87,64,23
S00119527,43,26,17
S00119528,99,70,29
S00119529,113,91,22
S00119530,78,64,14
S00119531,98,62,36
S00119532,51,22,29
S00119533,96,69,27
S00119534,68,56,12
S00119535,74,48,26
S00119536,84,55,29
S00119537,56,34,22
S00119538,100,80,20
S00119539,91,66,25
S00119540,58,51,7
S00119541,117,90,27
S00119542,65,48,17
S00119543,72,53,19
S00119544,92,68,24
S00119545,62,43,19
S00119546,68,43,25
S00119547,51,46,5
S00119548,107,84,23
S00119549,74,48,26
S00119550,40,29,11
S00119551,41,28,13
S00119552,111,84,27
S00119553,92,72,20
S00119554,60,44,16
S00119555,171,135,36
S00119556,92,68,24
S00119557,129,103,26
S00119558,100,56,44
S00119559,50,37,13
S00119560,96,69,27
S00119561,59,35,24
S00119562,52,32,20
S00119563,86,66,20
S00119564,86,56,30
S00119565,120,80,40
S00119566,64,45,19
S00119567,79,63,16
S00119568,64,43,21
S00119569,70,54,16
S00119570,96,58,38
S00119571,45,32,13
S00119572,94,72,22
S00119573,49,22,27
S00119574,106,70,36
S00119575,106,78,28
S00119576,119,86,33
S00119577,40,26,14
S00119578,85,61,24
S00119579,62,48,14
S00119580,89,57,32
S00119581,110,88,22
S00119582,98,75,23
S00119583,61,42,19
S00119584,114,77,37
S00119585,36,22,14
S00119586,133,99,34
S00119587,89,65,24
S00119588,60,45,15
S00119589,58,37,21
S00119590,57,43,14
S00119591,83,40,43
S00119592,134,93,41
S00119593,128,67,61
S00119594,62,47,15
S00119595,125,92,33
S00119596,151,98,53
S00119597,120,78,42
S00119598,98,76,22
S00119599,100,65,35
S00119600,144,114,30
S00119601,40,24,16
S00119602,56,39,17
S00119603,81,47,34
S00119604,90,70,20
S00119605,39,27,12
S00119606,105,73,32
S00119607,80,60,20
S00119608,117,60,57
S00119609,175,126,49
S00119610,63,38,25
S00119611,100,88,12
S00119612,106,80,26
S00119613,74,66,8
S00119614,121,107,14
S00119615,113,94,19
S00119616,42,28,14
S00119617,73,52,21
S00119618,102,71,31
S00119619,99,63,36
S00119620,67,40,27
S00119621,102,75,27
S00119622,80,61,19
S00119623,98,75,23
S00119624,69,45,24
S00119625,105,69,36
S00119626,90,70,20
S00119627,96,73,23
S00119628,117,88,29
S00119629,57,43,14
S00119630,54,31,23
S00119631,81,53,28
S00119632,56,40,16
S00119633,138,109,29
S00119634,81,60,21
S00119635,78,62,16
S00119636,117,93,24
S00119637,98,70,28
S00119638,61,44,17
S00119639,128,109,19
S00119640,125,103,22
S00119641,45,31,14
S00119642,68,36,32
S00119643,42,35,7
S00119644,76,57,19
S00119645,184,153,31
S00119646,45,36,9
S00119647,117,59,58
S00119648,43,17,26
S00119649,172,147,25
S00119650,103,73,30
S00119651,81,62,19
S00119652,54,25,29
S00119653,59,33,26
S00119654,85,59,26
S00119655,78,50,28
S00119656,151,102,49
S00119657,108,71,37
S00119658,115,88,27
S00119659,168,129,39
S00119660,106,83,23
S00119661,134,107,27
S00119662,94,52,42
S00119663,82,55,27
S00119664,109,58,51
S00119665,116,81,35
S00119666,89,62,27
S00119667,45,24,21
S00119668,34,23,11
S00119669,135,95,40
S00119670,101,71,30
S00119671,16,9,7
S00119672,64,46,18
S00119673,101,66,35
S00119674,100,58,42
S00119675,66,53,13
S00119676,120,68,52
S00119677,52,33,19
S00119678,117,71,46
S00119679,48,26,22
S00119680,69,54,15
S00119681,108,72,36
S00119682,60,31,29
S00119683,65,36,29
S00119684,93,64,29
S00119685,141,110,31
S00119686,99,73,26
S00119687,65,46,19
S00119688,77,42,35
S00119689,55,36,19
S00119690,47,34,13
S00119691,119,71,48
S00119692,153,105,48
S00119693,111,82,29
S00119694,53,28,25
S00119695,71,58,13
S00119696,90,61,29
S00119697,129,89,40
S00119698,45,17,28
S00119699,109,82,27
S00119700,93,57,36
S00119701,66,37,29
S00119702,135,87,48
S00119703,135,88,47
S00119704,70,43,27
S00119705,115,74,41
S00119706,83,50,33
S00119707,96,56,40
S00119708,108,68,40
S00119709,99,74,25
S00119710,83,52,31
S00119711,99,63,36
S00119712,98,73,25
S00119713,86,62,24
S00119714,107,84,23
S00119715,92,69,23
S00119716,81,58,23
S00119717,76,55,21
S00119718,59,42,17
S00119719,70,51,19
S00119720,67,47,20
S00119721,81,61,20
S00119722,87,54,33
S00119723,58,42,16
S00119724,88,61,27
S00119725,62,46,16
S00119726,63,45,18
S00119727,82,48,34
S00119728,63,45,18
S00119729,64,40,24
S00119730,78,52,26
S00119731,45,25,20
S00119732,57,35,22
S00119733,67,38,29
S00119734,53,34,19
S00119735,124,90,34
S00119736,90,65,25
S00119737,93,67,26
S00119738,88,65,23
S00119739,77,52,25
S00119740,106,58,48
S00119741,71,44,27
S00119742,42,26,16
S00119743,58,39,19
S00119744,75,36,39
S00119745,76,46,30
S00119746,80,48,32
S00119747,83,67,16
S00119748,97,62,35
S00119749,33,15,18
S00119750,48,33,15
S00119751,111,85,26
S00119752,79,63,16
S00119753,79,53,26
S00119754,65,42,23
S00119755,58,14,44
S00119756,90,67,23
S00119757,61,38,23
S00119758,83,53,30
S00119759,113,67,46
S00119760,127,85,42
S00119761,129,83,46
S00119762,162,102,60
S00119763,111,58,53
S00119764,93,78,15
S00119765,86,64,22
S00119766,106,71,35
S00119767,122,91,31
S00119768,84,62,22
S00119769,61,50,11
S00119770,58,49,9
S00119771,66,44,22
S00119772,47,33,14
S00119773,90,65,25
S00119774,71,53,18
S00119775,114,77,37
S00119776,56,28,28
S00119777,45,18,27
S00119778,54,27,27
S00119779,82,44,38
S00119780,95,45,50
S00119781,68,21,47
S00119782,73,42,31
S00119783,67,39,28
S00119784,52,26,26
S00119785,70,27,43
S00119786,68,43,25
S00119787,56,39,17
S00119788,51,29,22
S00119789,66,58,8
S00119790,76,50,26
S00119791,95,78,17
S00119792,94,42,52
S00119793,108,75,33
S00119794,82,58,24
S00119795,76,50,26
S00119796,73,48,25
S00119797,135,85,50
S00119798,127,85,42
S00119799,84,38,46
S00119800,97,49,48
S00119801,56,21,35
S00119802,85,55,30
S00119803,75,46,29
S00119804,49,27,22
S00119805,54,38,16
S00119806,67,30,37
S00119807,99,53,46
S00119808,104,52,52
S00119809,101,55,46
S00119810,68,41,27
S00119811,71,38,33
S00119812,69,30,39
S00119813,69,27,42
S00119814,82,32,50
S00119815,126,103,23
S00119816,124,88,36
S00119817,121,80,41
S00119818,99,59,40
S00119819,69,47,22
S00119820,76,58,18
S00119821,95,56,39
S00119822,97,44,53
S00119823,59,33,26
S00119824,75,40,35
S00119825,52,32,20
S00119826,59,37,22
S00119827,74,31,43
S00119828,53,28,25
S00119829,71,42,29
S00119830,68,44,24
S00119831,103,70,33
S00119832,81,44,37
S00119833,64,45,19
S00119834,60,42,18
S00119835,81,42,39
S00119836,104,64,40
S00119837,84,58,26
S00119838,65,54,11
S00119839,91,72,19
S00119840,69,39,30
S00119841,51,31,20
S00119842,47,28,19
S00119843,67,46,21
S00119844,47,25,22
S00119845,91,40,51
S00119846,65,20,45
S00119847,80,47,33
S00119848,69,46,23
S00119849,50,34,16
S00119850,60,38,22
S00119851,94,60,34
S00119852,58,36,22
S00119853,62,42,20
S00119854,67,49,18
S00119855,96,68,28
S00119856,94,53,41
S00119857,89,60,29
S00119858,112,63,49
S00119859,56,29,27
S00119860,59,31,28
S00119861,61,32,29
S00119862,101,69,32
S00119863,56,13,43
S00119864,69,34,35
S00119865,47,23,24
S00119866,65,41,24
S00119867,35,20,15
S00119868,89,50,39
S00119869,55,28,27
S00119870,52,30,22
S00119871,46,32,14
S00119872,116,77,39
S00119873,95,51,44
S00119874,78,37,41
S00119875,54,28,26
S00119876,67,43,24
S00119877,79,38,41
S00119878,77,36,41
S00119879,81,45,36
S00119880,70,31,39
S00119881,100,55,45
S00119882,38,15,23
S00119883,50,18,32
S00119884,89,48,41
S00119885,60,18,42
S00119886,72,43,29
S00119887,89,66,23
S00119888,54,24,30
S00119889,99,65,34
S00119890,69,35,34
S00119891,62,34,28
S00119892,66,42,24
S00119893,93,50,43
S00119894,95,44,51
S00119895,90,51,39
S00119896,75,48,27
S00119897,85,45,40
S00119898,35,17,18
S00119899,88,58,30
S00119900,40,28,12
S00119901,85,46,39
S00119902,102,61,41
S00119903,108,70,38
S00119904,50,28,22
S00119905,109,70,39
S00119906,77,51,26
S00119907,49,32,17
S00119908,82,54,28
S00119909,117,71,46
S00119910,100,63,37
S00119911,89,59,30
S00119912,96,65,31
S00119913,46,32,14
S00119914,60,39,21
S00119915,71,39,32
S00119916,72,26,46
S00119917,110,66,44
S00119918,73,47,26
S00119919,43,35,8
S00119920,76,50,26
S00119921,79,45,34
S00119922,113,72,41
S00119923,99,50,49
S00119924,69,48,21
S00119925,73,52,21
S00119926,68,39,29
S00119927,71,38,33
S00119928,58,42,16
S00119929,66,34,32
S00119930,107,70,37
S00119931,57,19,38
S00119932,83,37,46
S00119933,109,68,41
S00119934,103,68,35
S00119935,77,47,30
S00119936,95,58,37
S00119937,71,44,27
S00119938,85,57,28
S00119939,99,70,29
S00119940,134,92,42
S00119941,51,34,17
S00119942,82,47,35
S00119943,63,43,20
S00119944,99,48,51
S00119945,112,73,39
S00119946,60,33,27
S00119947,81,54,27
S00119948,60,47,13
S00119949,80,49,31
S00119950,49,29,20
S00119951,69,55,14
S00119952,84,63,21
S00119953,88,65,23
S00119954,95,68,27
S00119955,120,76,44
S00119956,78,47,31
S00119957,109,77,32
S00119958,113,74,39
S00119959,76,47,29
S00119960,79,43,36
S00119961,121,88,33
S00119962,102,82,20
S00119963,89,59,30
S00119964,102,73,29
S00119965,75,52,23
S00119966,90,76,14
S00119967,69,13,56
S00119968,66,38,28
S00119969,105,76,29
S00119970,132,71,61
S00119971,56,35,21
S00119972,39,25,14
S00119973,62,45,17
S00119974,76,46,30
S00119975,138,114,24
S00119976,117,98,19
S00119977,81,62,19
S00119978,85,56,29
S00119979,82,56,26
S00119980,69,53,16
S00119981,126,97,29
S00119982,104,74,30
S00119983,105,74,31
S00119984,99,73,26
S00119985,64,49,15
S00119986,115,83,32
S00119987,78,56,22
S00119988,57,36,21
S00119989,60,41,19
S00119990,71,58,13
S00119991,67,49,18
S00119992,64,49,15
S00119993,74,55,19
S00119994,79,34,45
S00119995,63,51,12
S00119996,70,52,18
S00119997,73,55,18
S00119998,95,52,43
S00119999,62,40,22
S00120000,71,44,27
S00120001,53,37,16
S00120002,67,37,30
S00120003,94,44,50
S00120004,61,22,39
S00120005,100,82,18
S00120006,67,52,15
S00120007,61,41,20
S00120008,86,62,24
S00120009,66,44,22
S00120010,94,60,34
S00120011,85,44,41
S00120012,290,73,217
S00120013,46,26,20
S00120014,76,57,19
S00120015,76,46,30
S00120016,113,75,38
S00120017,62,52,10
S00120018,59,44,15
S00120019,37,18,19
S00120020,60,37,23
S00120021,104,71,33
S00120022,90,55,35
S00120023,74,48,26
S00120024,44,26,18
S00120025,130,100,30
S00120026,80,48,32
S00120027,97,80,17
S00120028,101,64,37
S00120029,74,55,19
S00120030,129,82,47
S00120031,112,81,31
S00120032,79,55,24
S00120033,88,60,28
S00120034,94,52,42
S00120035,138,88,50
S00120036,115,91,24
S00120037,75,51,24
S00120038,91,63,28
S00120039,67,37,30
S00120040,137,89,48
S00120041,94,52,42
S00120042,100,57,43
S00120043,84,42,42
S00120044,128,70,58
S00120045,84,50,34
S00120046,83,64,19
S00120047,107,66,41
S00120048,75,55,20
S00120049,68,43,25
S00120050,101,68,33
S00120051,66,36,30
S00120052,58,34,24
S00120053,101,62,39
S00120054,67,41,26
S00120055,86,50,36
S00120056,90,45,45
S00120057,94,58,36
S00120058,90,56,34
S00120059,75,45,30
S00120060,63,42,21
S00120061,104,64,40
S00120062,82,51,31
S00120063,125,77,48
S00120064,77,51,26
S00120065,104,61,43
S00120066,68,51,17
S00120067,83,58,25
S00120068,54,39,15
S00120069,85,53,32
S00120070,140,98,42
S00120071,65,46,19
S00120072,132,81,51
S00120073,119,70,49
S00120074,69,43,26
S00120075,50,35,15
S00120076,134,109,25
S00120077,144,117,27
S00120078,138,115,23
S00120079,84,50,34
S00120080,98,73,25
S00120081,61,55,6
S00120082,84,53,31
S00120083,70,40,30
S00120084,150,107,43
S00120085,133,103,30
S00120086,141,84,57
S00120087,127,80,47
S00120088,85,61,24
S00120089,93,59,34
S00120090,94,66,28
S00120091,37,9,28
S00120092,49,18,31
S00120093,63,30,33
S00120094,64,21,43
S00120095,52,19,33
S00120096,26,3,23
S00120097,43,33,10
S00120098,44,25,19
S00120099,76,40,36
S00120100,55,30,25
S00120101,129,78,51
S00120102,109,63,46
S00120103,128,63,65
S00120104,119,78,41
S00120105,86,50,36
S00120106,42,19,23
S00120107,38,12,26
S00120108,109,75,34
S00120109,102,75,27
S00120110,119,94,25
S00120111,143,102,41
S00120112,94,69,25
S00120113,103,85,18
S00120114,117,74,43
S00120115,81,43,38
S00120116,136,102,34
S00120117,52,34,18
S00120118,102,72,30
S00120119,80,57,23
S00120120,115,85,30
S00120121,78,51,27
S00120122,151,89,62
S00120123,102,56,46
S00120124,80,49,31
S00120125,67,47,20
S00120126,80,52,28
S00120127,73,49,24
S00120128,97,72,25
S00120129,84,60,24
S00120130,84,39,45
S00120131,76,49,27
S00120132,55,23,32
S00120133,59,14,45
S00120134,85,63,22
S00120135,75,35,40
S00120136,139,76,63
S00120137,142,103,39
S00120138,74,45,29
S00120139,73,33,40
S00120140,107,72,35
S00120141,60,33,27
S00120142,69,42,27
S00120143,72,44,28
S00120144,77,48,29
S00120145,101,47,54
S00120146,89,56,33
S00120147,73,43,30
S00120148,90,58,32
S00120149,99,49,50
S00120150,37,29,8
S00120151,83,55,28
S00120152,86,45,41
S00120153,84,47,37
S00120154,91,54,37
S00120155,79,51,28
S00120156,83,54,29
S00120157,76,53,23
S00120158,67,36,31
S00120159,98,55,43
S00120160,48,27,21
S00120161,88,52,36
S00120162,65,39,26
S00120163,49,17,32
S00120164,85,48,37
S00120165,61,35,26
S00120166,94,53,41
S00120167,75,39,36
S00120168,85,56,29
S00120169,103,61,42
S00120170,78,52,26
S00120171,53,29,24
S00120172,104,64,40
S00120173,116,62,54
S00120174,77,38,39
S00120175,101,58,43
S00120176,90,56,34
S00120177,85,41,44
S00120178,60,27,33
S00120179,102,53,49
S00120180,39,17,22
S00120181,41,18,23
S00120182,40,15,25
S00120183,48,23,25
S00120184,50,21,29
S00120185,119,89,30
S00120186,86,60,26
S00120187,52,18,34
S00120188,100,72,28
S00120189,66,49,17
S00120190,49,36,13
S00120191,40,26,14
S00120192,63,32,31
S00120193,38,16,22
S00120194,110,86,24
S00120195,44,25,19
S00120196,39,16,23
S00120197,104,50,54
S00120198,67,50,17
S00120199,51,47,4
S00120200,128,90,38
S00120201,97,66,31
S00120202,47,24,23
S00120203,111,75,36
S00120204,53,27,26
S00120205,93,39,54
S00120206,86,53,33
S00120207,146,120,26
S00120208,99,55,44
S00120209,45,35,10
S00120210,65,46,19
S00120211,76,55,21
S00120212,52,24,28
S00120213,133,75,58
S00120214,73,42,31
S00120215,88,37,51
S00120216,80,44,36
S00120217,67,21,46
S00120218,43,27,16
S00120219,79,58,21
S00120220,128,85,43
S00120221,78,50,28
S00120222,116,85,31
S00120223,64,47,17
S00120224,77,47,30
S00120225,46,28,18
S00120226,65,59,6
S00120227,91,65,26
S00120228,61,40,21
S00120229,87,58,29
S00120230,56,42,14
S00120231,56,30,26
S00120232,73,50,23
S00120233,120,84,36
S00120234,34,25,9
S00120235,121,76,45
S00120236,66,44,22
S00120237,46,16,30
S00120238,60,32,28
S00120239,79,43,36
S00120240,50,22,28
S00120241,92,63,29
S00120242,72,49,23
S00120243,56,30,26
S00120244,57,38,19
S00120245,73,34,39
S00120246,93,67,26
S00120247,75,57,18
S00120248,112,70,42
S00120249,87,66,21
S00120250,79,57,22
S00120251,87,69,18
S00120252,59,35,24
S00120253,83,25,58
S00120254,54,20,34
S00120255,48,19,29
S00120256,45,16,29
S00120257,39,19,20
S00120258,67,43,24
S00120259,83,54,29
S00120260,63,48,15
S00120261,100,58,42
S00120262,120,89,31
S00120263,54,42,12
S00120264,57,33,24
S00120265,90,49,41
S00120266,39,18,21
S00120267,202,101,101
S00120268,71,49,22
S00120269,63,46,17
S00120270,74,61,13
S00120271,135,97,38
S00120272,84,55,29
S00120273,97,87,10
S00120274,96,82,14
S00120275,66,53,13
S00120276,83,60,23
S00120277,81,71,10
S00120278,115,96,19
S00120279,102,74,28
S00120280,129,96,33
S00120281,82,64,18
S00120282,111,78,33
S00120283,85,69,16
S00120284,127,77,50
S00120285,54,34,20
S00120286,86,52,34
S00120287,48,31,17
S00120288,59,37,22
S00120289,56,39,17
S00120290,94,59,35
S00120291,44,26,18
S00120292,57,38,19
S00120293,87,67,20
S00120294,120,88,32
S00120295,46,27,19
S00120296,75,44,31
S00120297,57,37,20
S00120298,47,29,18
S00120299,27,5,22
S00120300,99,67,32
S00120301,91,47,44
S00120302,65,35,30
S00120303,53,23,30
S00120304,25,2,23
S00120305,27,10,17
S00120306,23,8,15
S00120307,52,39,13
S00120308,33,9,24
S00120309,81,37,44
S00120310,83,45,38
S00120311,115,95,20
S00120312,48,42,6
S00120313,97,67,30
S00120314,120,96,24
S00120315,65,29,36
S00120316,102,63,39
S00120317,69,53,16
S00120318,193,160,33
S00120319,124,108,16
S00120320,133,99,34
S00120321,54,22,32
S00120322,47,27,20
S00120323,39,17,22
S00120324,84,52,32
S00120325,60,51,9
S00120326,99,66,33
S00120327,89,73,16
S00120328,116,66,50
S00120329,33,20,13
S00120330,85,48,37
S00120331,117,88,29
S00120332,64,48,16
S00120333,86,68,18
S00120334,61,40,21
S00120335,116,68,48
S00120336,63,33,30
S00120337,91,58,33
S00120338,144,119,25
S00120339,114,92,22
S00120340,65,31,34
S00120341,112,89,23
S00120342,130,100,30
S00120343,137,105,32
S00120344,63,42,21
S00120345,94,63,31
S00120346,70,53,17
S00120347,79,37,42
S00120348,134,111,23
S00120349,145,125,20
S00120350,112,96,16
S00120351,70,54,16
S00120352,54,33,21
S00120353,65,32,33
S00120354,68,38,30
S00120355,98,49,49
S00120356,48,35,13
S00120357,69,47,22
S00120358,90,38,52
S00120359,102,56,46
S00120360,83,47,36
S00120361,51,31,20
S00120362,84,53,31
S00120363,105,60,45
S00120364,71,43,28
S00120365,106,58,48
S00120366,44,31,13
S00120367,104,63,41
S00120368,63,29,34
S00120369,141,102,39
S00120370,85,44,41
S00120371,68,56,12
S00120372,155,136,19
S00120373,156,132,24
S00120374,139,114,25
S00120375,141,123,18
S00120376,77,63,14
S00120377,75,65,10
S00120378,98,80,18
S00120379,100,89,11
S00120380,95,87,8
S00120381,67,65,2
S00120382,146,116,30
S00120383,105,103,2
S00120384,89,75,14
S00120385,94,75,19
S00120386,74,69,5
S00120387,96,90,6
S00120388,63,58,5
S00120389,92,76,16
S00120390,96,66,30
S00120391,46,29,17
S00120392,109,73,36
S00120393,107,80,27
S00120394,64,55,9
S00120395,106,96,10
S00120396,119,99,20
S00120397,121,96,25
S00120398,65,57,8
S00120399,144,115,29
S00120400,128,105,23
S00120401,123,86,37
S00120402,54,51,3
S00120403,89,84,5
S00120404,88,82,6
S00120405,60,37,23
S00120406,79,53,26
S00120407,54,37,17
S00120408,85,65,20
S00120409,48,32,16
S00120410,50,40,10
S00120411,74,55,19
S00120412,83,66,17
S00120413,132,118,14
S00120414,66,57,9
S00120415,70,54,16
S00120416,47,39,8
S00120417,75,59,16
S00120418,76,50,26
S00120419,98,72,26
S00120420,84,60,24
S00120421,89,55,34
S00120422,53,39,14
S00120423,74,46,28
S00120424,97,76,21
S00120425,71,60,11
S00120426,40,18,22
S00120427,87,73,14
S00120428,105,84,21
S00120429,143,115,28
S00120430,133,86,47
S00120431,115,93,22
S00120432,112,72,40
S00120433,56,32,24
S00120434,59,36,23
S00120435,93,75,18
S00120436,67,42,25
S00120437,80,57,23
S00120438,105,73,32
S00120439,104,81,23
S00120440,121,88,33
S00120441,52,37,15
S00120442,138,105,33
S00120443,85,57,28
S00120444,65,43,22
S00120445,78,56,22
S00120446,119,92,27
S00120447,142,98,44
S00120448,123,88,35
S00120449,77,54,23
S00120450,88,64,24
S00120451,64,52,12
S00120452,64,49,15
S00120453,131,93,38
S00120454,93,61,32
S00120455,121,75,46
S00120456,56,31,25
S00120457,97,74,23
S00120458,59,43,16
S00120459,70,42,28
S00120460,82,43,39
S00120461,74,42,32
S00120462,87,55,32
S00120463,70,43,27
S00120464,78,60,18
S00120465,84,65,19
S00120466,107,78,29
S00120467,96,76,20
S00120468,82,65,17
S00120469,106,68,38
S00120470,125,80,45
S00120471,105,82,23
S00120472,99,69,30
S00120473,91,59,32
S00120474,97,73,24
S00120475,106,61,45
S00120476,67,42,25
S00120477,110,75,35
S00120478,79,58,21
S00120479,62,40,22
S00120480,92,69,23
S00120481,61,42,19
S00120482,68,48,20
S00120483,88,63,25
S00120484,68,43,25
S00120485,71,47,24
S00120486,75,54,21
S00120487,88,64,24
S00120488,84,64,20
S00120489,97,76,21
S00120490,107,77,30
S00120491,81,53,28
S00120492,92,67,25
S00120493,65,47,18
S00120494,74,50,24
S00120495,100,74,26
S00120496,136,108,28
S00120497,119,101,18
S00120498,106,74,32
S00120499,86,63,23
S00120500,101,75,26
S00120501,82,56,26
S00120502,41,32,9
S00120503,94,74,20
S00120504,82,54,28
S00120505,94,79,15
S00120506,59,36,23
S00120507,86,55,31
S00120508,118,94,24
S00120509,72,36,36
S00120510,64,32,32
S00120511,120,92,28
S00120512,116,79,37
S00120513,96,68,28
S00120514,90,61,29
S00120515,167,120,47
S00120516,143,105,38
S00120517,99,66,33
S00120518,66,39,27
S00120519,71,43,28
S00120520,54,34,20
S00120521,72,40,32
S00120522,90,58,32
S00120523,68,43,25
S00120524,74,46,28
S00120525,102,57,45
S00120526,55,35,20
S00120527,92,68,24
S00120528,67,38,29
S00120529,108,86,22
S00120530,39,27,12
S00120531,75,44,31
S00120532,124,91,33
S00120533,119,77,42
S00120534,107,61,46
S00120535,120,77,43
S00120536,90,58,32
S00120537,88,59,29
S00120538,74,63,11
S00120539,86,57,29
S00120540,96,79,17
S00120541,40,23,17
S00120542,86,63,23
S00120543,92,54,38
S00120544,96,62,34
S00120545,80,58,22
S00120546,83,53,30
S00120547,135,96,39
S00120548,120,92,28
S00120549,96,56,40
S00120550,95,68,27
S00120551,67,46,21
S00120552,76,56,20
S00120553,97,70,27
S00120554,91,69,22
S00120555,77,48,29
S00120556,100,74,26
S00120557,108,86,22
S00120558,129,99,30
S00120559,180,134,46
S00120560,118,93,25
S00120561,111,90,21
S00120562,85,65,20
S00120563,122,91,31
S00120564,76,50,26
S00120565,98,61,37
S00120566,70,48,22
S00120567,96,67,29
S00120568,86,63,23
S00120569,103,69,34
S00120570,55,32,23
S00120571,105,80,25
S00120572,66,37,29
S00120573,91,67,24
S00120574,95,66,29
S00120575,63,44,19
S00120576,51,41,10
S00120577,69,57,12
S00120578,105,77,28
S00120579,54,35,19
S00120580,127,88,39
S00120581,47,26,21
S00120582,36,24,12
S00120583,114,86,28
S00120584,80,65,15
S00120585,76,55,21
S00120586,89,68,21
S00120587,158,127,31
S00120588,83,60,23
S00120589,95,68,27
S00120590,119,82,37
S00120591,104,81,23
S00120592,115,88,27
S00120593,110,81,29
S00120594,137,85,52
S00120595,135,88,47
S00120596,123,89,34
S00120597,95,64,31
S00120598,99,69,30
S00120599,71,58,13
S00120600,70,51,19
S00120601,74,47,27
S00120602,68,40,28
S00120603,41,31,10
S00120604,50,39,11
S00120605,91,58,33
S00120606,101,66,35
S00120607,105,75,30
S00120608,76,54,22
S00120609,76,45,31
S00120610,38,29,9
S00120611,76,56,20
S00120612,77,58,19
S00120613,78,64,14
S00120614,60,49,11
S00120615,110,70,40
S00120616,92,63,29
S00120617,99,56,43
S00120618,84,61,23
S00120619,67,50,17
S00120620,58,38,20
S00120621,62,48,14
S00120622,62,39,23
S00120623,87,66,21
S00120624,115,84,31
S00120625,115,74,41
S00120626,94,57,37
S00120627,89,57,32
S00120628,92,59,33
S00120629,96,58,38
S00120630,93,52,41
S00120631,50,28,22
S00120632,135,90,45
S00120633,80,54,26
S00120634,80,47,33
S00120635,80,60,20
S00120636,73,46,27
S00120637,78,64,14
S00120638,84,65,19
S00120639,54,28,26
S00120640,47,26,21
S00120641,50,34,16
S00120642,80,51,29
S00120643,65,53,12
S00120644,70,48,22
S00120645,78,53,25
S00120646,99,71,28
S00120647,112,85,27
S00120648,103,61,42
S00120649,66,46,20
S00120650,104,78,26
S00120651,93,71,22
S00120652,133,107,26
S00120653,144,116,28
S00120654,96,64,32
S00120655,112,71,41
S00120656,90,63,27
S00120657,119,85,34
S00120658,128,92,36
S00120659,76,51,25
S00120660,76,44,32
S00120661,120,76,44
S00120662,79,56,23
S00120663,79,56,23
S00120664,78,53,25
S00120665,102,74,28
S00120666,141,122,19
S00120667,47,36,11
S00120668,130,104,26
S00120669,118,90,28
S00120670,90,64,26
S00120671,111,82,29
S00120672,98,77,21
S00120673,54,40,14
S00120674,116,86,30
S00120675,58,44,14
S00120676,77,49,28
S00120677,40,18,22
S00120678,56,38,18
S00120679,43,34,9
S00120680,64,50,14
S00120681,95,71,24
S00120682,80,50,30
S00120683,107,63,44
S00120684,102,66,36
S00120685,75,49,26
S00120686,84,51,33
S00120687,65,37,28
S00120688,79,49,30
S00120689,62,39,23
S00120690,89,57,32
S00120691,57,42,15
S00120692,70,49,21
S00120693,78,58,20
S00120694,85,60,25
S00120695,62,36,26
S00120696,82,45,37
S00120697,75,58,17
S00120698,98,57,41
S00120699,77,61,16
S00120700,92,62,30
S00120701,72,46,26
S00120702,129,87,42
S00120703,73,43,30
S00120704,59,41,18
S00120705,82,59,23
S00120706,67,39,28
S00120707,89,54,35
S00120708,88,60,28
S00120709,59,37,22
S00120710,75,55,20
S00120711,70,51,19
S00120712,83,62,21
S00120713,101,68,33
S00120714,76,49,27
S00120715,87,51,36
S00120716,94,66,28
S00120717,108,78,30
S00120718,92,65,27
S00120719,103,77,26
S00120720,76,52,24
S00120721,36,25,11
S00120722,107,62,45
S00120723,116,80,36
S00120724,93,56,37
S00120725,156,100,56
S00120726,64,52,12
S00120727,99,91,8
S00120728,75,67,8
S00120729,86,60,26
S00120730,93,73,20
S00120731,77,55,22
S00120732,140,110,30
S00120733,83,51,32
S00120734,73,54,19
S00120735,84,62,22
S00120736,90,53,37
S00120737,80,64,16
S00120738,64,49,15
S00120739,78,52,26
S00120740,74,38,36
S00120741,80,43,37
S00120742,37,18,19
S00120743,73,29,44
S00120744,67,45,22
S00120745,62,33,29
S00120746,61,38,23
S00120747,80,52,28
S00120748,120,86,34
S00120749,78,65,13
S00120750,114,84,30
S00120751,110,87,23
S00120752,48,28,20
S00120753,125,85,40
S00120754,110,69,41
S00120755,94,73,21
S00120756,143,114,29
S00120757,98,72,26
S00120758,76,62,14
S00120759,118,88,30
S00120760,46,21,25
S00120761,66,36,30
S00120762,76,48,28
S00120763,62,32,30
S00120764,66,49,17
S00120765,76,58,18
S00120766,97,65,32
S00120767,61,38,23
S00120768,83,64,19
S00120769,97,81,16
S00120770,73,53,20
S00120771,109,85,24
S00120772,115,83,32
S00120773,74,48,26
S00120774,75,50,25
S00120775,64,41,23
S00120776,67,46,21
S00120777,57,40,17
S00120778,103,71,32
S00120779,76,56,20
S00120780,119,77,42
S00120781,89,69,20
S00120782,109,69,40
S00120783,135,105,30
S00120784,38,24,14
S00120785,92,60,32
S00120786,26,10,16
S00120787,114,84,30
S00120788,88,62,26
S00120789,87,56,31
S00120790,82,45,37
S00120791,74,41,33
S00120792,111,98,13
S00120793,94,60,34
S00120794,75,62,13
S00120795,102,71,31
S00120796,89,54,35
S00120797,77,47,30
S00120798,92,61,31
S00120799,86,66,20
S00120800,75,50,25
S00120801,73,50,23
S00120802,86,52,34
S00120803,76,45,31
S00120804,57,36,21
S00120805,70,43,27
S00120806,94,57,37
S00120807,79,52,27
S00120808,61,43,18
S00120809,77,45,32
S00120810,81,60,21
S00120811,61,56,5
S00120812,74,45,29
S00120813,61,45,16
S00120814,90,66,24
S00120815,88,67,21
S00120816,57,40,17
S00120817,85,57,28
S00120818,91,67,24
S00120819,84,51,33
S00120820,116,76,40
S00120821,125,89,36
S00120822,110,78,32
S00120823,99,73,26
S00120824,73,60,13
S00120825,129,100,29
S00120826,96,60,36
S00120827,79,47,32
S00120828,78,47,31
S00120829,67,55,12
S00120830,66,41,25
S00120831,86,60,26
S00120832,79,57,22
S00120833,50,29,21
S00120834,77,62,15
S00120835,65,42,23
S00120836,85,54,31
S00120837,119,91,28
S00120838,72,51,21
S00120839,112,81,31
S00120840,111,72,39
S00120841,98,75,23
S00120842,98,69,29
S00120843,72,52,20
S00120844,70,44,26
S00120845,76,55,21
S00120846,83,65,18
S00120847,45,26,19
S00120848,50,29,21
S00120849,47,31,16
S00120850,105,48,57
S00120851,95,71,24
S00120852,87,68,19
S00120853,85,57,28
S00120854,137,102,35
S00120855,92,67,25
S00120856,112,79,33
S00120857,102,74,28
S00120858,75,57,18
S00120859,95,67,28
S00120860,121,67,54
S00120861,68,45,23
S00120862,122,87,35
S00120863,91,71,20
S00120864,77,48,29
S00120865,67,33,34
S00120866,67,43,24
S00120867,88,73,15
S00120868,108,56,52
S00120869,74,50,24
S00120870,49,33,16
S00120871,104,70,34
S00120872,55,40,15
S00120873,55,45,10
S00120874,136,91,45
S00120875,72,42,30
S00120876,60,47,13
S00120877,45,32,13
S00120878,67,47,20
S00120879,64,44,20
S00120880,89,63,26
S00120881,105,69,36
S00120882,101,62,39
S00120883,91,66,25
S00120884,84,63,21
S00120885,125,88,37
S00120886,83,55,28
S00120887,66,43,23
S00120888,48,38,10
S00120889,98,71,27
S00120890,67,53,14
S00120891,75,47,28
S00120892,84,61,23
S00120893,123,84,39
S00120894,122,88,34
S00120895,58,35,23
S00120896,89,60,29
S00120897,78,51,27
S00120898,116,93,23
S00120899,88,60,28
S00120900,57,38,19
S00120901,70,62,8
S00120902,72,49,23
S00120903,46,36,10
S00120904,75,49,26
S00120905,85,62,23
S00120906,77,56,21
S00120907,100,84,16
S00120908,88,65,23
S00120909,88,68,20
S00120910,97,64,33
S00120911,127,101,26
S00120912,108,83,25
S00120913,71,55,16
S00120914,106,77,29
S00120915,82,56,26
S00120916,79,46,33
S00120917,68,55,13
S00120918,103,59,44
S00120919,113,79,34
S00120920,126,98,28
S00120921,100,82,18
S00120922,61,49,12
S00120923,89,61,28
S00120924,79,70,9
S00120925,72,52,20
S00120926,99,84,15
S00120927,102,66,36
S00120928,137,95,42
S00120929,124,98,26
S00120930,74,41,33
S00120931,55,40,15
S00120932,69,45,24
S00120933,41,23,18
S00120934,46,39,7
S00120935,81,57,24
S00120936,90,72,18
S00120937,103,72,31
S00120938,84,31,53
S00120939,86,63,23
S00120940,64,48,16
S00120941,81,55,26
S00120942,80,53,27
S00120943,80,58,22
S00120944,55,41,14
S00120945,95,64,31
S00120946,62,44,18
S00120947,77,50,27
S00120948,58,38,20
S00120949,98,63,35
S00120950,49,34,15
S00120951,156,134,22
S00120952,107,69,38
S00120953,51,42,9
S00120954,59,49,10
S00120955,133,110,23
S00120956,106,59,47
S00120957,91,55,36
S00120958,92,56,36
S00120959,104,62,42
S00120960,40,28,12
S00120961,107,73,34
S00120962,71,44,27
S00120963,98,66,32
S00120964,53,36,17
S00120965,61,38,23
S00120966,42,31,11
S00120967,78,55,23
S00120968,62,40,22
S00120969,101,78,23
S00120970,76,49,27
S00120971,125,99,26
S00120972,90,69,21
S00120973,111,38,73
S00120974,99,82,17
S00120975,130,103,27
S00120976,112,83,29
S00120977,123,101,22
S00120978,72,57,15
S00120979,58,36,22
S00120980,113,69,44
S00120981,90,68,22
S00120982,90,64,26
S00120983,135,109,26
S00120984,73,58,15
S00120985,71,50,21
S00120986,93,75,18
S00120987,93,69,24
S00120988,141,121,20
S00120989,56,53,3
S00120990,107,80,27
S00120991,75,52,23
S00120992,137,110,27
S00120993,76,58,18
S00120994,105,87,18
S00120995,75,47,28
S00120996,61,36,25
S00120997,53,39,14
S00120998,82,57,25
S00120999,98,61,37
S00121000,65,44,21
S00121001,63,45,18
S00121002,105,75,30
S00121003,49,34,15
S00121004,147,117,30
S00121005,102,71,31
S00121006,128,110,18
S00121007,112,97,15
S00121008,95,52,43
S00121009,58,39,19
S00121010,35,22,13
S00121011,68,41,27
S00121012,85,55,30
S00121013,83,56,27
S00121014,138,87,51
S00121015,66,35,31
S00121016,87,62,25
S00121017,83,63,20
S00121018,103,76,27
S00121019,62,47,15
S00121020,47,30,17
S00121021,62,43,19
S00121022,77,43,34
S00121023,48,32,16
S00121024,95,79,16
S00121025,127,95,32
S00121026,95,74,21
S00121027,53,41,12
S00121028,107,75,32
S00121029,87,67,20
S00121030,96,78,18
S00121031,120,95,25
S00121032,107,90,17
S00121033,97,83,14
S00121034,119,99,20
S00121035,143,127,16
S00121036,68,49,19
S00121037,63,46,17
S00121038,43,39,4
S00121039,55,45,10
S00121040,45,21,24
S00121041,45,33,12
S00121042,67,25,42
S00121043,42,21,21
S00121044,79,53,26
S00121045,99,61,38
S00121046,56,38,18
S00121047,107,87,20
S00121048,74,59,15
S00121049,50,38,12
S00121050,103,69,34
S00121051,59,51,8
S00121052,91,71,20
S00121053,92,73,19
S00121054,45,32,13
S00121055,61,37,24
S00121056,113,69,44
S00121057,77,61,16
S00121058,135,92,43
S00121059,131,118,13
S00121060,95,75,20
S00121061,90,58,32
S00121062,49,34,15
S00121063,86,52,34
S00121064,47,36,11
S00121065,72,54,18
S00121066,108,83,25
S00121067,68,39,29
S00121068,89,60,29
S00121069,69,50,19
S00121070,59,39,20
S00121071,65,56,9
S00121072,128,111,17
S00121073,111,96,15
S00121074,58,35,23
S00121075,121,87,34
S00121076,63,42,21
S00121077,62,45,17
S00121078,91,58,33
S00121079,103,90,13
S00121080,108,96,12
S00121081,112,81,31
S00121082,72,57,15
S00121083,91,64,27
S00121084,87,58,29
S00121085,63,44,19
S00121086,88,71,17
S00121087,139,103,36
S00121088,122,92,30
S00121089,61,38,23
S00121090,93,59,34
S00121091,120,97,23
S00121092,79,66,13
S00121093,70,42,28
S00121094,84,64,20
S00121095,95,65,30
S00121096,79,41,38
S00121097,107,70,37
S00121098,93,58,35
S00121099,54,37,17
S00121100,97,67,30
S00121101,42,30,12
S00121102,81,62,19
S00121103,121,85,36
S00121104,53,39,14
S00121105,88,69,19
S00121106,98,77,21
S00121107,67,41,26
S00121108,113,66,47
S00121109,64,45,19
S00121110,78,59,19
S00121111,83,56,27
S00121112,105,85,20
S00121113,116,93,23
S00121114,109,83,26
S00121115,117,80,37
S00121116,142,110,32
S00121117,105,70,35
S00121118,89,65,24
S00121119,100,80,20
S00121120,76,55,21
S00121121,92,60,32
S00121122,70,52,18
S00121123,120,79,41
S00121124,102,60,42
S00121125,102,79,23
S00121126,64,45,19
S00121127,133,103,30
S00121128,77,51,26
S00121129,65,43,22
S00121130,87,68,19
S00121131,114,80,34
S00121132,73,49,24
S00121133,87,50,37
S00121134,137,102,35
S00121135,135,95,40
S00121136,79,58,21
S00121137,67,41,26
S00121138,71,55,16
S00121139,121,99,22
S00121140,105,79,26
S00121141,73,57,16
S00121142,132,101,31
S00121143,64,43,21
S00121144,67,49,18
S00121145,104,82,22
S00121146,118,88,30
S00121147,91,62,29
S00121148,64,49,15
S00121149,144,105,39
S00121150,46,33,13
S00121151,74,68,6
S00121152,73,48,25
S00121153,79,56,23
S00121154,86,59,27
S00121155,122,98,24
S00121156,141,112,29
S00121157,130,106,24
S00121158,77,44,33
S00121159,133,117,16
S00121160,124,112,12
S00121161,131,111,20
S00121162,59,46,13
S00121163,74,45,29
S00121164,81,65,16
S00121165,134,112,22
S00121166,107,95,12
S00121167,90,79,11
S00121168,55,34,21
S00121169,47,25,22
S00121170,116,100,16
S00121171,127,104,23
S00121172,112,87,25
S00121173,47,34,13
S00121174,109,79,30
S00121175,71,45,26
S00121176,56,48,8
S00121177,98,80,18
S00121178,66,53,13
S00121179,54,39,15
S00121180,64,41,23
S00121181,101,84,17
S00121182,92,57,35
S00121183,115,76,39
S00121184,83,56,27
S00121185,58,47,11
S00121186,81,54,27
S00121187,108,79,29
S00121188,100,59,41
S00121189,126,89,37
S00121190,92,57,35
S00121191,69,57,12
S00121192,84,60,24
S00121193,118,80,38
S00121194,107,82,25
S00121195,88,60,28
S00121196,89,66,23
S00121197,93,57,36
S00121198,58,45,13
S00121199,50,36,14
S00121200,110,86,24
S00121201,100,71,29
S00121202,65,46,19
S00121203,65,57,8
S00121204,71,47,24
S00121205,97,57,40
S00121206,80,58,22
S00121207,72,50,22
S00121208,83,56,27
S00121209,64,46,18
S00121210,139,110,29
S00121211,105,81,24
S00121212,47,37,10
S00121213,47,33,14
S00121214,86,57,29
S00121215,82,40,42
S00121216,340,303,37
S00121217,113,85,28
S00121218,84,53,31
S00121219,115,84,31
S00121220,56,39,17
S00121221,61,40,21
S00121222,85,58,27
S00121223,69,52,17
S00121224,84,59,25
S00121225,67,52,15
S00121226,135,97,38
S00121227,123,96,27
S00121228,105,69,36
S00121229,74,52,22
S00121230,105,65,40
S00121231,79,50,29
S00121232,60,43,17
S00121233,122,89,33
S00121234,67,45,22
S00121235,84,56,28
S00121236,108,73,35
S00121237,103,73,30
S00121238,71,52,19
S00121239,71,51,20
S00121240,61,42,19
S00121241,100,78,22
S00121242,47,37,10
S00121243,74,54,20
S00121244,78,56,22
S00121245,94,60,34
S00121246,66,45,21
S00121247,102,78,24
S00121248,50,28,22
S00121249,100,60,40
S00121250,83,61,22
S00121251,77,46,31
S00121252,84,48,36
S00121253,113,78,35
S00121254,86,65,21
S00121255,92,66,26
S00121256,87,63,24
S00121257,89,44,45
S00121258,105,79,26
S00121259,99,84,15
S00121260,110,83,27
S00121261,109,87,22
S00121262,69,51,18
S00121263,134,105,29
S00121264,78,44,34
S00121265,105,62,43
S00121266,96,68,28
S00121267,88,70,18
S00121268,59,47,12
S00121269,62,47,15
S00121270,94,54,40
S00121271,84,60,24
S00121272,70,48,22
S00121273,117,93,24
S00121274,126,90,36
S00121275,86,68,18
S00121276,53,44,9
S00121277,91,70,21
S00121278,49,43,6
S00121279,54,42,12
S00121280,76,55,21
S00121281,59,36,23
S00121282,108,71,37
S00121283,134,100,34
S00121284,82,55,27
S00121285,115,81,34
S00121286,89,69,20
S00121287,90,77,13
S00121288,109,62,47
S00121289,128,92,36
S00121290,66,44,22
S00121291,64,38,26
S00121292,82,58,24
S00121293,112,84,28
S00121294,108,92,16
S00121295,101,75,26
S00121296,37,20,17
S00121297,64,52,12
S00121298,58,40,18
S00121299,85,66,19
S00121300,66,34,32
S00121301,55,41,14
S00121302,53,22,31
S00121303,69,36,33
S00121304,82,48,34
S00121305,75,47,28
S00121306,50,31,19
S00121307,70,44,26
S00121308,36,16,20
S00121309,79,62,17
S00121310,37,19,18
S00121311,65,43,22
S00121312,50,37,13
S00121313,45,27,18
S00121314,95,68,27
S00121315,45,35,10
S00121316,68,45,23
S00121317,96,71,25
S00121318,81,61,20
S00121319,121,76,45
S00121320,133,98,35
S00121321,104,79,25
S00121322,93,58,35
S00121323,107,93,14
S00121324,138,96,42
S00121325,88,56,32
S00121326,105,73,32
S00121327,126,91,35
S00121328,90,73,17
S00121329,65,47,18
S00121330,89,70,19
S00121331,82,55,27
S00121332,75,57,18
S00121333,65,39,26
S00121334,83,55,28
S00121335,83,49,34
S00121336,74,54,20
S00121337,94,69,25
S00121338,134,95,39
S00121339,46,25,21
S00121340,96,66,30
S00121341,57,43,14
S00121342,71,38,33
S00121343,123,84,39
S00121344,82,54,28
S00121345,103,72,31
S00121346,81,51,30
S00121347,81,58,23
S00121348,37,22,15
S00121349,66,51,15
S00121350,51,41,10
S00121351,50,38,12
S00121352,45,36,9
S00121353,100,77,23
S00121354,85,62,23
S00121355,58,41,17
S00121356,43,38,5
S00121357,45,39,6
S00121358,80,55,25
S00121359,83,60,23
S00121360,65,47,18
S00121361,100,58,42
S00121362,103,74,29
S00121363,78,48,30
S00121364,66,47,19
S00121365,37,13,24
S00121366,47,24,23
S00121367,84,53,31
S00121368,101,71,30
S00121369,69,48,21
S00121370,56,39,17
S00121371,123,112,11
S00121372,49,37,12
S00121373,84,57,27
S00121374,49,33,16
S00121375,75,55,20
S00121376,84,58,26
S00121377,100,88,12
S00121378,82,58,24
S00121379,92,63,29
S00121380,85,49,36
S00121381,136,83,53
S00121382,63,44,19
S00121383,63,49,14
S00121384,43,26,17
S00121385,41,18,23
S00121386,84,61,23
S00121387,66,44,22
S00121388,50,28,22
S00121389,79,54,25
S00121390,55,33,22
S00121391,106,68,38
S00121392,66,35,31
S00121393,96,55,41
S00121394,90,54,36
S00121395,69,38,31
S00121396,67,33,34
S00121397,63,43,20
S00121398,123,82,41
S00121399,92,77,15
S00121400,91,56,35
S00121401,75,43,32
S00121402,87,64,23
S00121403,128,84,44
S00121404,73,51,22
S00121405,77,45,32
S00121406,79,48,31
S00121407,56,46,10
S00121408,71,50,21
S00121409,68,54,14
S00121410,53,40,13
S00121411,80,56,24
S00121412,74,56,18
S00121413,78,54,24
S00121414,69,49,20
S00121415,105,82,23
S00121416,91,70,21
S00121417,115,73,42
S00121418,69,47,22
S00121419,55,40,15
S00121420,71,53,18
S00121421,93,73,20
S00121422,73,50,23
S00121423,147,121,26
S00121424,93,81,12
S00121425,58,42,16
S00121426,73,53,20
S00121427,122,82,40
S00121428,68,55,13
S00121429,109,70,39
S00121430,71,39,32
S00121431,89,59,30
S00121432,82,45,37
S00121433,79,53,26
S00121434,113,80,33
S00121435,108,74,34
S00121436,54,36,18
S00121437,68,50,18
S00121438,66,39,27
S00121439,138,101,37
S00121440,95,62,33
S00121441,103,73,30
S00121442,84,60,24
S00121443,121,96,25
S00121444,76,60,16
S00121445,74,50,24
S00121446,95,59,36
S00121447,84,66,18
S00121448,117,95,22
S00121449,98,69,29
S00121450,74,57,17
S00121451,52,43,9
S00121452,55,42,13
S00121453,61,42,19
S00121454,65,40,25
S00121455,96,65,31
S00121456,53,36,17
S00121457,116,93,23
S00121458,81,60,21
S00121459,89,64,25
S00121460,75,53,22
S00121461,94,58,36
S00121462,88,64,24
S00121463,111,76,35
S00121464,117,80,37
S00121465,60,48,12
S00121466,77,49,28
S00121467,98,66,32
S00121468,68,55,13
S00121469,92,59,33
S00121470,57,36,21
S00121471,125,98,27
S00121472,84,61,23
S00121473,113,70,43
S00121474,113,75,38
S00121475,47,38,9
S00121476,113,89,24
S00121477,75,47,28
S00121478,56,44,12
S00121479,86,71,15
S00121480,94,63,31
S00121481,58,37,21
S00121482,187,151,36
S00121483,92,69,23
S00121484,99,66,33
S00121485,72,50,22
S00121486,114,74,40
S00121487,106,78,28
S00121488,133,107,26
S00121489,110,88,22
S00121490,70,44,26
S00121491,51,38,13
S00121492,91,62,29
S00121493,59,36,23
S00121494,70,46,24
S00121495,117,82,35
S00121496,67,52,15
S00121497,79,48,31
S00121498,102,76,26
S00121499,77,59,18
S00121500,71,48,23
S00121501,109,72,37
S00121502,54,36,18
S00121503,78,61,17
S00121504,113,80,33
S00121505,101,68,33
S00121506,96,68,28
S00121507,86,54,32
S00121508,102,75,27
S00121509,100,66,34
S00121510,67,50,17
S00121511,67,43,24
S00121512,67,51,16
S00121513,62,46,16
S00121514,76,42,34
S00121515,105,74,31
S00121516,99,70,29
S00121517,51,32,19
S00121518,95,65,30
S00121519,68,56,12
S00121520,98,70,28
S00121521,67,57,10
S00121522,77,50,27
S00121523,66,58,8
S00121524,78,48,30
S00121525,78,59,19
S00121526,57,43,14
S00121527,112,58,54
S00121528,56,39,17
S00121529,77,47,30
S00121530,56,43,13
S00121531,80,56,24
S00121532,63,29,34
S00121533,118,76,42
S00121534,109,85,24
S00121535,111,81,30
S00121536,84,52,32
S00121537,111,82,29
S00121538,101,72,29
S00121539,45,31,14
S00121540,39,29,10
S00121541,74,50,24
S00121542,81,53,28
S00121543,83,57,26
S00121544,71,42,29
S00121545,67,40,27
S00121546,121,84,37
S00121547,62,44,18
S00121548,83,71,12
S00121549,69,52,17
S00121550,73,53,20
S00121551,88,64,24
S00121552,76,57,19
S00121553,100,72,28
S00121554,109,70,39
S00121555,82,51,31
S00121556,49,29,20
S00121557,66,51,15
S00121558,71,49,22
S00121559,67,47,20
S00121560,65,53,12
S00121561,60,42,18
S00121562,97,56,41
S00121563,126,85,41
S00121564,76,53,23
S00121565,111,67,44
S00121566,72,45,27
S00121567,115,79,36
S00121568,88,57,31
S00121569,77,55,22
S00121570,65,53,12
S00121571,67,50,17
S00121572,107,70,37
S00121573,87,54,33
S00121574,55,30,25
S00121575,68,46,22
S00121576,86,54,32
S00121577,107,73,34
S00121578,42,24,18
S00121579,58,45,13
S00121580,73,57,16
S00121581,125,100,25
S00121582,100,73,27
S00121583,69,50,19
S00121584,59,45,14
S00121585,117,72,45
S00121586,63,40,23
S00121587,85,63,22
S00121588,86,53,33
S00121589,72,50,22
S00121590,86,64,22
S00121591,87,54,33
S00121592,65,43,22
S00121593,104,75,29
S00121594,61,33,28
S00121595,87,70,17
S00121596,55,41,14
S00121597,89,65,24
S00121598,91,64,27
S00121599,88,63,25
S00121600,124,83,41
S00121601,105,70,35
S00121602,111,73,38
S00121603,90,69,21
S00121604,104,83,21
S00121605,73,53,20
S00121606,65,57,8
S00121607,81,57,24
S00121608,64,55,9
S00121609,104,80,24
S00121610,81,62,19
S00121611,85,68,17
S00121612,114,92,22
S00121613,70,59,11
S00121614,100,83,17
S00121615,115,89,26
S00121616,109,89,20
S00121617,104,68,36
S00121618,109,72,37
S00121619,90,73,17
S00121620,82,59,23
S00121621,77,55,22
S00121622,56,37,19
S00121623,124,92,32
S00121624,109,74,35
S00121625,55,39,16
S00121626,77,52,25
S00121627,114,87,27
S00121628,70,56,14
S00121629,92,60,32
S00121630,83,50,33
S00121631,146,105,41
S00121632,69,45,24
S00121633,96,79,17
S00121634,76,52,24
S00121635,70,41,29
S00121636,87,66,21
S00121637,73,40,33
S00121638,85,58,27
S00121639,62,47,15
S00121640,50,36,14
S00121641,50,39,11
S00121642,106,79,27
S00121643,106,76,30
S00121644,49,36,13
S00121645,108,77,31
S00121646,79,62,17
S00121647,63,46,17
S00121648,103,72,31
S00121649,76,60,16
S00121650,88,59,29
S00121651,70,45,25
S00121652,301,65,236
S00121653,87,69,18
S00121654,74,55,19
S00121655,84,72,12
S00121656,151,123,28
S00121657,94,77,17
S00121658,123,91,32
S00121659,92,77,15
S00121660,59,43,16
S00121661,88,68,20
S00121662,66,40,26
S00121663,106,69,37
S00121664,86,67,19
S00121665,73,37,36
S00121666,97,74,23
S00121667,69,46,23
S00121668,100,62,38
S00121669,65,39,26
S00121670,69,43,26
S00121671,69,46,23
S00121672,104,80,24
S00121673,45,25,20
S00121674,67,44,23
S00121675,94,65,29
S00121676,79,60,19
S00121677,45,25,20
S00121678,101,59,42
S00121679,81,56,25
S00121680,90,71,19
S00121681,61,41,20
S00121682,59,43,16
S00121683,59,35,24
S00121684,118,78,40
S00121685,101,65,36
S00121686,67,49,18
S00121687,40,27,13
S00121688,38,33,5
S00121689,60,40,20
S00121690,99,73,26
S00121691,80,55,25
S00121692,61,49,12
S00121693,109,67,42
S00121694,81,57,24
S00121695,100,58,42
S00121696,90,70,20
S00121697,67,45,22
S00121698,85,56,29
S00121699,47,36,11
S00121700,78,59,19
S00121701,62,48,14
S00121702,55,34,21
S00121703,85,65,20
S00121704,101,70,31
S00121705,58,38,20
S00121706,62,46,16
S00121707,112,84,28
S00121708,87,74,13
S00121709,103,78,25
S00121710,45,26,19
S00121711,54,40,14
S00121712,72,50,22
S00121713,60,39,21
S00121714,103,78,25
S00121715,67,50,17
S00121716,81,50,31
S00121717,41,23,18
S00121718,100,68,32
S00121719,71,58,13
S00121720,37,28,9
S00121721,83,64,19
S00121722,51,38,13
S00121723,70,60,10
S00121724,68,49,19
S00121725,49,33,16
S00121726,65,45,20
S00121727,62,33,29
S00121728,75,48,27
S00121729,75,52,23
S00121730,50,38,12
S00121731,105,72,33
S00121732,48,35,13
S00121733,78,57,21
S00121734,68,55,13
S00121735,62,43,19
S00121736,112,91,21
S00121737,111,75,36
S00121738,47,40,7
S00121739,50,35,15
S00121740,105,80,25
S00121741,74,59,15
S00121742,117,99,18
S00121743,72,54,18
S00121744,98,65,33
S00121745,116,91,25
S00121746,103,76,27
S00121747,53,40,13
S00121748,135,92,43
S00121749,102,73,29
S00121750,97,83,14
S00121751,103,67,36
S00121752,97,59,38
S00121753,50,34,16
S00121754,95,68,27
S00121755,56,43,13
S00121756,52,33,19
S00121757,60,42,18
S00121758,87,60,27
S00121759,142,105,37
S00121760,45,34,11
S00121761,101,64,37
S00121762,174,139,35
S00121763,75,62,13
S00121764,75,60,15
S00121765,169,136,33
S00121766,189,153,36
S00121767,68,54,14
S00121768,67,45,22
S00121769,63,45,18
S00121770,53,40,13
S00121771,70,47,23
S00121772,93,57,36
S00121773,102,75,27
S00121774,92,74,18
S00121775,75,56,19
S00121776,60,35,25
S00121777,51,27,24
S00121778,77,60,17
S00121779,77,68,9
S00121780,70,49,21
S00121781,111,76,35
S00121782,73,52,21
S00121783,98,74,24
S00121784,140,101,39
S00121785,87,62,25
S00121786,75,47,28
S00121787,86,56,30
S00121788,88,48,40
S00121789,68,38,30
S00121790,109,76,33
S00121791,60,38,22
S00121792,82,64,18
S00121793,40,24,16
S00121794,59,21,38
S00121795,105,52,53
S00121796,39,19,20
S00121797,60,52,8
S00121798,47,42,5
S00121799,65,51,14
S00121800,112,96,16
S00121801,68,52,16
S00121802,73,50,23
S00121803,58,38,20
S00121804,44,30,14
S00121805,56,37,19
S00121806,38,30,8
S00121807,56,35,21
S00121808,76,53,23
S00121809,121,105,16
S00121810,52,35,17
S00121811,88,79,9
S00121812,84,70,14
S00121813,89,74,15
S00121814,146,103,43
S00121815,100,83,17
S00121816,107,83,24
S00121817,73,56,17
S00121818,115,92,23
S00121819,130,95,35
S00121820,50,40,10
S00121821,79,64,15
S00121822,76,57,19
S00121823,117,91,26
S00121824,61,50,11
S00121825,108,85,23
S00121826,59,44,15
S00121827,80,64,16
S00121828,60,44,16
S00121829,86,58,28
S00121830,65,53,12
S00121831,56,37,19
S00121832,84,53,31
S00121833,118,82,36
S00121834,71,50,21
S00121835,51,40,11
S00121836,97,71,26
S00121837,112,83,29
S00121838,51,45,6
S00121839,40,33,7
S00121840,58,43,15
S00121841,134,113,21
S00121842,101,81,20
S00121843,101,76,25
S00121844,108,83,25
S00121845,96,74,22
S00121846,122,89,33
S00121847,49,30,19
S00121848,87,68,19
S00121849,95,61,34
S00121850,116,94,22
S00121851,75,41,34
S00121852,55,38,17
S00121853,61,33,28
S00121854,51,26,25
S00121855,93,72,21
S00121856,93,66,27
S00121857,55,31,24
S00121858,89,59,30
S00121859,101,66,35
S00121860,97,62,35
S00121861,50,33,17
S00121862,117,72,45
S00121863,113,75,38
S00121864,91,59,32
S00121865,111,79,32
S00121866,86,68,18
S00121867,111,94,17
S00121868,117,92,25
S00121869,98,74,24
S00121870,126,93,33
S00121871,133,98,35
S00121872,65,51,14
S00121873,124,90,34
S00121874,97,68,29
S00121875,119,85,34
S00121876,48,30,18
S00121877,132,100,32
S00121878,90,68,22
S00121879,98,80,18
S00121880,69,49,20
S00121881,75,48,27
S00121882,64,50,14
S00121883,70,57,13
S00121884,122,105,17
S00121885,110,86,24
S00121886,631,622,9
S00121887,103,80,23
S00121888,132,110,22
S00121889,74,58,16
S00121890,149,133,16
S00121891,140,118,22
S00121892,118,70,48
S00121893,97,71,26
S00121894,72,44,28
S00121895,137,104,33
S00121896,161,115,46
S00121897,57,49,8
S00121898,60,44,16
S00121899,82,70,12
S00121900,114,81,33
S00121901,74,44,30
S00121902,109,83,26
S00121903,46,29,17
S00121904,128,91,37
S00121905,130,105,25
S00121906,50,39,11
S00121907,69,51,18
S00121908,81,43,38
S00121909,139,108,31
S00121910,53,39,14
S00121911,112,86,26
S00121912,97,67,30
S00121913,88,61,27
S00121914,64,34,30
S00121915,46,37,9
S00121916,34,19,15
S00121917,55,36,19
S00121918,81,40,41
S00121919,122,73,49
S00121920,84,46,38
S00121921,50,29,21
S00121922,89,64,25
S00121923,58,39,19
S00121924,42,22,20
S00121925,77,51,26
S00121926,67,40,27
S00121927,87,66,21
S00121928,65,40,25
S00121929,63,36,27
S00121930,121,77,44
S00121931,107,85,22
S00121932,97,74,23
S00121933,46,24,22
S00121934,89,56,33
S00121935,143,89,54
S00121936,109,75,34
S00121937,120,81,39
S00121938,86,61,25
S00121939,44,26,18
S00121940,132,105,27
S00121941,125,92,33
S00121942,128,89,39
S00121943,93,55,38
S00121944,69,48,21
S00121945,82,49,33
S00121946,84,51,33
S00121947,66,46,20
S00121948,108,65,43
S00121949,64,39,25
S00121950,148,103,45
S00121951,106,73,33
S00121952,52,31,21
S00121953,56,32,24
S00121954,91,63,28
S00121955,110,68,42
S00121956,150,97,53
S00121957,120,73,47
S00121958,125,91,34
S00121959,106,70,36
S00121960,158,119,39
S00121961,96,66,30
S00121962,96,70,26
S00121963,138,109,29
S00121964,85,61,24
S00121965,117,69,48
S00121966,84,50,34
S00121967,73,59,14
S00121968,108,80,28
S00121969,74,53,21
S00121970,67,43,24
S00121971,129,92,37
S00121972,129,85,44
S00121973,146,87,59
S00121974,110,65,45
S00121975,134,84,50
S00121976,98,67,31
S00121977,96,60,36
S00121978,62,41,21
S00121979,93,61,32
S00121980,87,50,37
S00121981,87,67,20
S00121982,50,40,10
S00121983,57,41,16
S00121984,129,84,45
S00121985,125,84,41
S00121986,130,77,53
S00121987,62,42,20
S00121988,47,30,17
S00121989,95,72,23
S00121990,131,95,36
S00121991,146,81,65
S00121992,132,82,50
S00121993,124,61,63
S00121994,97,52,45
S00121995,101,69,32
S00121996,99,54,45
S00121997,96,67,29
S00121998,190,160,30
S00121999,107,94,13
S00122000,79,32,47
S00122001,142,115,27
S00122002,77,53,24
S00122003,121,78,43
S00122004,142,107,35
S00122005,52,29,23
S00122006,104,66,38
S00122007,126,92,34
S00122008,88,53,35
S00122009,106,81,25
S00122010,65,45,20
S00122011,94,70,24
S00122012,95,63,32
S00122013,122,74,48
S00122014,59,45,14
S00122015,127,84,43
S00122016,107,77,30
S00122017,96,57,39
S00122018,65,39,26
S00122019,121,96,25
S00122020,142,126,16
S00122021,78,62,16
S00122022,70,51,19
S00122023,71,40,31
S00122024,101,61,40
S00122025,75,50,25
S00122026,74,48,26
S00122027,94,64,30
S00122028,43,33,10
S00122029,101,61,40
S00122030,71,55,16
S00122031,105,84,21
S00122032,48,30,18
S00122033,68,45,23
S00122034,135,91,44
S00122035,79,49,30
S00122036,61,30,31
S00122037,108,66,42
S00122038,96,44,52
S00122039,129,66,63
S00122040,74,42,32
S00122041,54,27,27
S00122042,61,34,27
S00122043,74,39,35
S00122044,54,25,29
S00122045,51,25,26
S00122046,72,49,23
S00122047,63,34,29
S00122048,59,41,18
S00122049,64,32,32
S00122050,71,36,35
S00122051,60,28,32
S00122052,83,51,32
S00122053,110,77,33
S00122054,81,55,26
S00122055,111,84,27
S00122056,55,20,35
S00122057,95,59,36
S00122058,67,43,24
S00122059,115,81,34
S00122060,68,54,14
S00122061,85,52,33
S00122062,55,34,21
S00122063,75,55,20
S00122064,77,57,20
S00122065,92,59,33
S00122066,62,40,22
S00122067,82,67,15
S00122068,65,34,31
S00122069,82,53,29
S00122070,77,50,27
S00122071,76,47,29
S00122072,75,40,35
S00122073,81,47,34
S00122074,77,43,34
S00122075,47,34,13
S00122076,42,28,14
S00122077,74,38,36
S00122078,94,64,30
S00122079,87,56,31
S00122080,76,49,27
S00122081,85,44,41
S00122082,70,36,34
S00122083,49,32,17
S00122084,78,57,21
S00122085,87,61,26
S00122086,68,49,19
S00122087,87,48,39
S00122088,67,41,26
S00122089,85,54,31
S00122090,80,57,23
S00122091,71,52,19
S00122092,61,36,25
S00122093,50,33,17
S00122094,93,61,32
S00122095,61,39,22
S00122096,48,38,10
S00122097,68,47,21
S00122098,75,45,30
S00122099,75,46,29
S00122100,82,50,32
S00122101,75,46,29
S00122102,75,43,32
S00122103,132,77,55
S00122104,120,78,42
S00122105,80,51,29
S00122106,100,61,39
S00122107,146,95,51
S00122108,95,53,42
S00122109,124,82,42
S00122110,97,74,23
S00122111,131,85,46
S00122112,97,48,49
S00122113,66,40,26
S00122114,84,33,51
S00122115,65,34,31
S00122116,50,29,21
S00122117,91,61,30
S00122118,60,41,19
S00122119,46,27,19
S00122120,39,18,21
S00122121,74,37,37
S00122122,62,36,26
S00122123,57,49,8
S00122124,84,45,39
S00122125,120,86,34
S00122126,69,46,23
S00122127,71,40,31
S00122128,106,67,39
S00122129,57,37,20
S00122130,141,99,42
S00122131,77,48,29
S00122132,69,39,30
S00122133,75,52,23
S00122134,104,74,30
S00122135,52,28,24
S00122136,62,37,25
S00122137,112,71,41
S00122138,36,16,20
S00122139,33,11,22
S00122140,53,32,21
S00122141,77,39,38
S00122142,124,78,46
S00122143,72,52,20
S00122144,63,42,21
S00122145,123,93,30
S00122146,82,62,20
S00122147,46,29,17
S00122148,71,51,20
S00122149,118,80,38
S00122150,73,48,25
S00122151,78,52,26
S00122152,67,53,14
S00122153,44,25,19
S00122154,114,69,45
S00122155,62,48,14
S00122156,46,29,17
S00122157,97,61,36
S00122158,79,46,33
S00122159,66,45,21
S00122160,87,56,31
S00122161,56,34,22
S00122162,79,46,33
S00122163,84,40,44
S00122164,69,42,27
S00122165,42,26,16
S00122166,102,59,43
S00122167,93,50,43
S00122168,78,48,30
S00122169,51,24,27
S00122170,88,54,34
S00122171,108,60,48
S00122172,57,41,16
S00122173,97,62,35
S00122174,93,42,51
S00122175,86,59,27
S00122176,69,38,31
S00122177,92,50,42
S00122178,84,41,43
S00122179,92,66,26
S00122180,81,51,30
S00122181,61,41,20
S00122182,80,52,28
S00122183,55,29,26
S00122184,64,43,21
S00122185,109,67,42
S00122186,130,76,54
S00122187,77,33,44
S00122188,97,52,45
S00122189,58,24,34
S00122190,152,118,34
S00122191,148,112,36
S00122192,87,58,29
S00122193,116,78,38
S00122194,109,64,45
S00122195,88,56,32
S00122196,90,47,43
S00122197,95,67,28
S00122198,80,49,31
S00122199,83,51,32
S00122200,86,51,35
S00122201,66,49,17
S00122202,86,56,30
S00122203,84,49,35
S00122204,126,88,38
S00122205,144,96,48
S00122206,54,29,25
S00122207,85,60,25
S00122208,80,49,31
S00122209,89,63,26
S00122210,63,50,13
S00122211,69,49,20
S00122212,119,79,40
S00122213,99,64,35
S00122214,120,72,48
S00122215,103,64,39
S00122216,88,54,34
S00122217,90,52,38
S00122218,100,60,40
S00122219,91,57,34
S00122220,71,35,36
S00122221,104,75,29
S00122222,119,96,23
S00122223,87,66,21
S00122224,108,85,23
S00122225,64,34,30
S00122226,45,31,14
S00122227,60,27,33
S00122228,94,52,42
S00122229,80,49,31
S00122230,51,30,21
S00122231,60,39,21
S00122232,62,41,21
S00122233,127,75,52
S00122234,64,40,24
S00122235,107,71,36
S00122236,65,29,36
S00122237,88,51,37
S00122238,104,73,31
S00122239,75,37,38
S00122240,126,75,51
S00122241,76,50,26
S00122242,98,65,33
S00122243,58,35,23
S00122244,124,90,34
S00122245,72,44,28
S00122246,81,52,29
S00122247,96,70,26
S00122248,96,53,43
S00122249,50,23,27
S00122250,70,43,27
S00122251,60,39,21
S00122252,119,82,37
S00122253,122,85,37
S00122254,94,57,37
S00122255,53,23,30
S00122256,34,6,28
S00122257,61,39,22
S00122258,109,81,28
S00122259,65,51,14
S00122260,106,76,30
S00122261,87,51,36
S00122262,92,62,30
S00122263,95,59,36
S00122264,50,30,20
S00122265,62,38,24
S00122266,62,40,22
S00122267,106,55,51
S00122268,61,41,20
S00122269,81,52,29
S00122270,57,39,18
S00122271,83,47,36
S00122272,60,44,16
S00122273,99,60,39
S00122274,51,30,21
S00122275,47,16,31
S00122276,89,57,32
S00122277,78,50,28
S00122278,54,33,21
S00122279,58,34,24
S00122280,60,22,38
S00122281,50,26,24
S00122282,74,50,24
S00122283,49,30,19
S00122284,61,42,19
S00122285,57,20,37
S00122286,46,35,11
S00122287,61,36,25
S00122288,78,38,40
S00122289,61,36,25
S00122290,49,29,20
S00122291,57,41,16
S00122292,90,53,37
S00122293,69,42,27
S00122294,87,53,34
S00122295,50,28,22
S00122296,54,37,17
S00122297,89,41,48
S00122298,82,61,21
S00122299,83,48,35
S00122300,60,40,20
S00122301,62,43,19
S00122302,69,38,31
S00122303,79,52,27
S00122304,89,56,33
S00122305,98,56,42
S00122306,94,64,30
S00122307,82,47,35
S00122308,85,44,41
S00122309,89,63,26
S00122310,101,64,37
S00122311,67,45,22
S00122312,67,47,20
S00122313,111,67,44
S00122314,67,46,21
S00122315,114,72,42
S00122316,84,50,34
S00122317,107,72,35
S00122318,83,52,31
S00122319,116,61,55
S00122320,95,61,34
S00122321,82,55,27
S00122322,111,75,36
S00122323,112,61,51
S00122324,66,46,20
S00122325,81,50,31
S00122326,115,68,47
S00122327,92,53,39
S00122328,74,50,24
S00122329,40,24,16
S00122330,108,70,38
S00122331,96,70,26
S00122332,99,69,30
S00122333,78,46,32
S00122334,112,60,52
S00122335,75,63,12
S00122336,78,58,20
S00122337,69,43,26
S00122338,62,49,13
S00122339,72,36,36
S00122340,74,54,20
S00122341,91,32,59
S00122342,128,70,58
S00122343,94,44,50
S00122344,71,39,32
S00122345,40,18,22
S00122346,80,45,35
S00122347,90,70,20
S00122348,102,74,28
S00122349,104,56,48
S00122350,71,36,35
S00122351,70,33,37
S00122352,67,29,38
S00122353,89,53,36
S00122354,111,76,35
S00122355,119,70,49
S00122356,100,62,38
S00122357,89,52,37
S00122358,118,87,31
S00122359,61,34,27
S00122360,58,32,26
S00122361,79,47,32
S00122362,122,81,41
S00122363,84,59,25
S00122364,64,35,29
S00122365,49,29,20
S00122366,70,29,41
S00122367,109,69,40
S00122368,61,38,23
S00122369,65,33,32
S00122370,128,72,56
S00122371,79,51,28
S00122372,149,84,65
S00122373,81,47,34
S00122374,155,104,51
S00122375,114,59,55
S00122376,101,63,38
S00122377,94,60,34
S00122378,105,66,39
S00122379,50,33,17
S00122380,81,50,31
S00122381,92,64,28
S00122382,42,31,11
S00122383,76,44,32
S00122384,80,63,17
S00122385,71,41,30
S00122386,59,35,24
S00122387,66,38,28
S00122388,84,53,31
S00122389,108,86,22
S00122390,107,50,57
S00122391,119,78,41
S00122392,99,65,34
S00122393,92,53,39
S00122394,104,54,50
S00122395,119,75,44
S00122396,97,50,47
S00122397,84,55,29
S00122398,80,51,29
S00122399,83,59,24
S00122400,56,31,25
S00122401,115,83,32
S00122402,92,60,32
S00122403,78,47,31
S00122404,108,79,29
S00122405,49,32,17
S00122406,81,44,37
S00122407,98,69,29
S00122408,112,72,40
S00122409,123,84,39
S00122410,77,40,37
S00122411,109,88,21
S00122412,107,57,50
S00122413,118,83,35
S00122414,97,61,36
S00122415,82,59,23
S00122416,91,69,22
S00122417,88,58,30
S00122418,99,65,34
S00122419,77,46,31
S00122420,138,106,32
S00122421,89,57,32
S00122422,47,35,12
S00122423,138,88,50
S00122424,80,48,32
S00122425,146,84,62
S00122426,52,41,11
S00122427,65,42,23
S00122428,70,42,28
S00122429,69,32,37
S00122430,117,75,42
S00122431,112,73,39
S00122432,137,99,38
S00122433,55,42,13
S00122434,56,37,19
S00122435,45,28,17
S00122436,57,13,44
S00122437,86,55,31
S00122438,60,36,24
S00122439,72,51,21
S00122440,72,48,24
S00122441,69,49,20
S00122442,60,39,21
S00122443,83,56,27
S00122444,80,54,26
S00122445,62,35,27
S00122446,82,54,28
S00122447,81,45,36
S00122448,109,70,39
S00122449,59,45,14
S00122450,39,17,22
S00122451,112,74,38
S00122452,103,58,45
S00122453,82,48,34
S00122454,48,32,16
S00122455,55,35,20
S00122456,83,57,26
S00122457,70,37,33
S00122458,48,22,26
S00122459,58,37,21
S00122460,71,49,22
S00122461,95,56,39
S00122462,105,72,33
S00122463,97,63,34
S00122464,81,42,39
S00122465,112,73,39
S00122466,77,48,29
S00122467,88,54,34
S00122468,102,58,44
S00122469,90,53,37
S00122470,99,78,21
S00122471,86,60,26
S00122472,80,50,30
S00122473,56,36,20
S00122474,105,71,34
S00122475,104,65,39
S00122476,86,65,21
S00122477,49,28,21
S00122478,133,80,53
S00122479,89,60,29
S00122480,96,58,38
S00122481,72,54,18
S00122482,61,48,13
S00122483,84,38,46
S00122484,69,48,21
S00122485,91,61,30
S00122486,92,68,24
S00122487,86,55,31
S00122488,101,71,30
S00122489,80,54,26
S00122490,87,53,34
S00122491,83,46,37
S00122492,89,62,27
S00122493,97,69,28
S00122494,85,58,27
S00122495,52,17,35
S00122496,112,83,29
S00122497,94,44,50
S00122498,79,40,39
S00122499,116,69,47
S00122500,125,83,42
S00122501,72,42,30
S00122502,97,83,14
S00122503,56,33,23
S00122504,51,37,14
S00122505,68,35,33
S00122506,62,43,19
S00122507,137,83,54
S00122508,114,83,31
S00122509,102,67,35
S00122510,97,54,43
S00122511,84,51,33
S00122512,111,61,50
S00122513,58,29,29
S00122514,81,47,34
S00122515,47,35,12
S00122516,87,69,18
S00122517,81,59,22
S00122518,50,37,13
S00122519,49,34,15
S00122520,56,39,17
S00122521,91,54,37
S00122522,59,32,27
S00122523,98,61,37
S00122524,52,37,15
S00122525,84,54,30
S00122526,73,54,19
S00122527,63,48,15
S00122528,101,74,27
S00122529,87,65,22
S00122530,62,43,19
S00122531,86,46,40
S00122532,89,59,30
S00122533,65,39,26
S00122534,110,73,37
S00122535,58,30,28
S00122536,74,54,20
S00122537,82,50,32
S00122538,71,48,23
S00122539,71,51,20
S00122540,56,31,25
S00122541,70,42,28
S00122542,60,46,14
S00122543,92,63,29
S00122544,148,126,22
S00122545,93,58,35
S00122546,70,47,23
S00122547,82,57,25
S00122548,66,40,26
S00122549,70,53,17
S00122550,98,59,39
S00122551,82,47,35
S00122552,72,43,29
S00122553,52,29,23
S00122554,73,52,21
S00122555,82,48,34
S00122556,105,61,44
S00122557,61,39,22
S00122558,136,86,50
S00122559,92,58,34
S00122560,108,67,41
S00122561,124,71,53
S00122562,121,70,51
S00122563,109,74,35
S00122564,124,69,55
S00122565,143,108,35
S00122566,85,59,26
S00122567,115,79,36
S00122568,62,33,29
S00122569,48,38,10
S00122570,86,58,28
S00122571,87,56,31
S00122572,80,39,41
S00122573,123,80,43
S00122574,84,50,34
S00122575,60,31,29
S00122576,95,66,29
S00122577,63,36,27
S00122578,59,45,14
S00122579,63,42,21
S00122580,72,53,19
S00122581,85,62,23
S00122582,82,59,23
S00122583,60,38,22
S00122584,76,50,26
S00122585,60,35,25
S00122586,71,45,26
S00122587,121,78,43
S00122588,124,93,31
S00122589,34,12,22
S00122590,40,24,16
S00122591,38,16,22
S00122592,93,65,28
S00122593,96,52,44
S00122594,65,34,31
S00122595,79,50,29
S00122596,62,40,22
S00122597,57,41,16
S00122598,62,43,19
S00122599,72,52,20
S00122600,91,58,33
S00122601,86,53,33
S00122602,122,88,34
S00122603,93,58,35
S00122604,85,50,35
S00122605,52,30,22
S00122606,93,61,32
S00122607,65,36,29
S00122608,62,34,28
S00122609,56,25,31
S00122610,89,61,28
S00122611,82,50,32
S00122612,84,61,23
S00122613,93,57,36
S00122614,61,42,19
S00122615,66,50,16
S00122616,77,44,33
S00122617,84,64,20
S00122618,93,74,19
S00122619,78,54,24
S00122620,61,49,12
S00122621,92,57,35
S00122622,122,73,49
S00122623,69,32,37
S00122624,96,58,38
S00122625,66,49,17
S00122626,94,55,39
S00122627,91,51,40
S00122628,75,47,28
S00122629,69,51,18
S00122630,86,55,31
S00122631,150,110,40
S00122632,164,106,58
S00122633,132,107,25
S00122634,70,44,26
S00122635,112,91,21
S00122636,82,66,16
S00122637,81,70,11
S00122638,40,36,4
S00122639,142,115,27
S00122640,97,74,23
S00122641,63,39,24
S00122642,74,48,26
S00122643,78,52,26
S00122644,63,43,20
S00122645,93,68,25
S00122646,77,50,27
S00122647,68,43,25
S00122648,91,49,42
S00122649,44,18,26
S00122650,60,53,7
S00122651,82,53,29
S00122652,74,51,23
S00122653,85,57,28
S00122654,112,74,38
S00122655,127,78,49
S00122656,94,45,49
S00122657,108,70,38
S00122658,81,47,34
S00122659,89,60,29
S00122660,64,51,13
S00122661,97,68,29
S00122662,121,86,35
S00122663,104,77,27
S00122664,98,72,26
S00122665,139,92,47
S00122666,116,75,41
S00122667,124,73,51
S00122668,126,95,31
S00122669,98,63,35
S00122670,71,49,22
S00122671,92,62,30
S00122672,72,48,24
S00122673,49,21,28
S00122674,55,20,35
S00122675,75,49,26
S00122676,39,22,17
S00122677,46,26,20
S00122678,92,47,45
S00122679,114,58,56
S00122680,39,22,17
S00122681,69,41,28
S00122682,79,45,34
S00122683,73,46,27
S00122684,50,28,22
S00122685,94,53,41
S00122686,75,36,39
S00122687,52,36,16
S00122688,103,66,37
S00122689,63,45,18
S00122690,109,72,37
S00122691,92,55,37
S00122692,79,55,24
S00122693,110,73,37
S00122694,49,27,22
S00122695,57,30,27
S00122696,67,42,25
S00122697,64,37,27
S00122698,108,61,47
S00122699,97,60,37
S00122700,78,28,50
S00122701,51,29,22
S00122702,34,16,18
S00122703,74,47,27
S00122704,107,71,36
S00122705,21,1,20
S00122706,60,30,30
S00122707,79,46,33
S00122708,69,47,22
S00122709,46,30,16
S00122710,36,18,18
S00122711,59,41,18
S00122712,80,47,33
S00122713,28,16,12
S00122714,37,21,16
S00122715,99,70,29
S00122716,75,43,32
S00122717,50,31,19
S00122718,47,24,23
S00122719,60,39,21
S00122720,91,49,42
S00122721,146,97,49
S00122722,128,84,44
S00122723,125,74,51
S00122724,82,49,33
S00122725,75,28,47
S00122726,82,39,43
S00122727,75,30,45
S00122728,98,51,47
S00122729,85,40,45
S00122730,76,31,45
S00122731,54,25,29
S00122732,121,70,51
S00122733,86,61,25
S00122734,103,76,27
S00122735,56,35,21
S00122736,70,42,28
S00122737,72,40,32
S00122738,113,60,53
S00122739,49,35,14
S00122740,47,31,16
S00122741,85,55,30
S00122742,81,52,29
S00122743,40,25,15
S00122744,93,53,40
S00122745,78,50,28
S00122746,45,31,14
S00122747,94,63,31
S00122748,63,48,15
S00122749,72,40,32
S00122750,96,49,47
S00122751,57,32,25
S00122752,71,48,23
S00122753,45,30,15
S00122754,94,65,29
S00122755,45,25,20
S00122756,58,37,21
S00122757,106,71,35
S00122758,63,32,31
S00122759,72,52,20
S00122760,95,73,22
S00122761,140,84,56
S00122762,145,109,36
S00122763,127,93,34
S00122764,115,81,34
S00122765,146,106,40
S00122766,134,100,34
S00122767,122,77,45
S00122768,133,89,44
S00122769,65,35,30
S00122770,74,45,29
S00122771,71,49,22
S00122772,117,70,47
S00122773,81,54,27
S00122774,107,76,31
S00122775,74,40,34
S00122776,69,40,29
S00122777,63,37,26
S00122778,99,55,44
S00122779,92,61,31
S00122780,51,28,23
S00122781,92,53,39
S00122782,77,63,14
S00122783,93,57,36
S00122784,90,62,28
S00122785,85,51,34
S00122786,86,57,29
S00122787,43,22,21
S00122788,117,86,31
S00122789,56,44,12
S00122790,70,46,24
S00122791,45,23,22
S00122792,108,84,24
S00122793,95,73,22
S00122794,90,58,32
S00122795,59,37,22
S00122796,76,49,27
S00122797,110,75,35
S00122798,93,57,36
S00122799,69,45,24
S00122800,46,20,26
S00122801,72,38,34
S00122802,51,31,20
S00122803,88,58,30
S00122804,59,43,16
S00122805,41,31,10
S00122806,64,43,21
S00122807,60,41,19
S00122808,76,47,29
S00122809,51,28,23
S00122810,80,55,25
S00122811,38,25,13
S00122812,73,52,21
S00122813,70,33,37
S00122814,43,24,19
S00122815,119,68,51
S00122816,123,90,33
S00122817,80,47,33
S00122818,48,35,13
S00122819,84,48,36
S00122820,99,61,38
S00122821,68,45,23
S00122822,70,50,20
S00122823,61,40,21
S00122824,123,81,42
S00122825,112,73,39
S00122826,47,33,14
S00122827,52,21,31
S00122828,83,59,24
S00122829,51,28,23
S00122830,160,112,48
S00122831,89,61,28
S00122832,81,56,25
S00122833,100,56,44
S00122834,66,43,23
S00122835,82,56,26
S00122836,69,53,16
S00122837,48,32,16
S00122838,70,51,19
S00122839,83,51,32
S00122840,68,46,22
S00122841,180,129,51
S00122842,72,44,28
S00122843,58,24,34
S00122844,58,42,16
S00122845,62,23,39
S00122846,94,83,11
S00122847,172,157,15
S00122848,88,55,33
S00122849,70,44,26
S00122850,140,120,20
S00122851,83,57,26
S00122852,58,34,24
S00122853,90,59,31
S00122854,65,41,24
S00122855,44,35,9
S00122856,88,66,22
S00122857,76,59,17
S00122858,83,58,25
S00122859,81,46,35
S00122860,75,44,31
S00122861,76,43,33
S00122862,51,38,13
S00122863,45,28,17
S00122864,62,38,24
S00122865,60,38,22
S00122866,78,51,27
S00122867,41,23,18
S00122868,45,35,10
S00122869,52,33,19
S00122870,43,19,24
S00122871,52,35,17
S00122872,122,81,41
S00122873,105,79,26
S00122874,53,40,13
S00122875,88,47,41
S00122876,62,41,21
S00122877,58,46,12
S00122878,82,54,28
S00122879,51,40,11
S00122880,61,31,30
S00122881,118,83,35
S00122882,92,38,54
S00122883,121,76,45
S00122884,60,29,31
S00122885,47,31,16
S00122886,123,79,44
S00122887,91,58,33
S00122888,89,54,35
S00122889,115,76,39
S00122890,44,28,16
S00122891,114,74,40
S00122892,54,39,15
S00122893,75,63,12
S00122894,93,72,21
S00122895,46,32,14
S00122896,73,49,24
S00122897,115,67,48
S00122898,54,39,15
S00122899,57,33,24
S00122900,126,80,46
S00122901,53,36,17
S00122902,108,83,25
S00122903,45,37,8
S00122904,101,93,8
S00122905,72,48,24
S00122906,43,29,14
S00122907,57,36,21
S00122908,124,87,37
S00122909,145,73,72
S00122910,66,51,15
S00122911,68,57,11
S00122912,172,127,45
S00122913,109,76,33
S00122914,111,85,26
S00122915,104,87,17
S00122916,112,94,18
S00122917,132,109,23
S00122918,130,83,47
S00122919,91,81,10
S00122920,102,84,18
S00122921,109,70,39
S00122922,102,93,9
S00122923,70,51,19
S00122924,88,46,42
S00122925,32,24,8
S00122926,52,38,14
S00122927,59,35,24
S00122928,42,16,26
S00122929,51,34,17
S00122930,93,64,29
S00122931,58,44,14
S00122932,148,111,37
S00122933,55,47,8
S00122934,125,100,25
S00122935,139,127,12
S00122936,67,42,25
S00122937,84,51,33
S00122938,54,42,12
S00122939,77,53,24
S00122940,72,34,38
S00122941,53,36,17
S00122942,112,63,49
S00122943,156,121,35
S00122944,110,95,15
S00122945,120,105,15
S00122946,113,93,20
S00122947,42,12,30
S00122948,89,48,41
S00122949,107,82,25
S00122950,88,53,35
S00122951,93,65,28
S00122952,113,103,10
S00122953,91,62,29
S00122954,89,65,24
S00122955,75,41,34
S00122956,69,52,17
S00122957,54,38,16
S00122958,49,21,28
S00122959,70,46,24
S00122960,58,34,24
S00122961,56,43,13
S00122962,96,44,52
S00122963,69,41,28
S00122964,68,41,27
S00122965,116,79,37
S00122966,39,30,9
S00122967,100,63,37
S00122968,55,28,27
S00122969,102,68,34
S00122970,78,50,28
S00122971,85,62,23
S00122972,123,90,33
S00122973,129,101,28
S00122974,57,34,23
S00122975,93,65,28
S00122976,100,78,22
S00122977,99,65,34
S00122978,99,82,17
S00122979,83,54,29
S00122980,64,35,29
S00122981,48,28,20
S00122982,79,50,29
S00122983,92,62,30
S00122984,82,70,12
S00122985,59,31,28
S00122986,57,38,19
S00122987,91,50,41
S00122988,69,36,33
S00122989,64,39,25
S00122990,51,39,12
S00122991,60,31,29
S00122992,71,48,23
S00122993,49,33,16
S00122994,62,46,16
S00122995,82,52,30
S00122996,105,57,48
S00122997,93,56,37
S00122998,99,63,36
S00122999,43,26,17
S00123000,66,31,35
S00123001,115,57,58
S00123002,94,73,21
S00123003,98,78,20
S00123004,139,111,28
S00123005,113,84,29
S00123006,68,50,18
S00123007,49,38,11
S00123008,65,50,15
S00123009,83,53,30
S00123010,134,77,57
S00123011,114,66,48
S00123012,47,27,20
S00123013,138,97,41
S00123014,73,54,19
S00123015,75,44,31
S00123016,70,44,26
S00123017,113,68,45
S00123018,90,51,39
S00123019,59,39,20
S00123020,113,83,30
S00123021,49,31,18
S00123022,105,81,24
S00123023,53,38,15
S00123024,93,75,18
S00123025,67,58,9
S00123026,90,47,43
S00123027,108,60,48
S00123028,132,86,46
S00123029,86,63,23
S00123030,104,71,33
S00123031,83,42,41
S00123032,50,35,15
S00123033,73,30,43
S00123034,95,55,40
S00123035,112,91,21
S00123036,90,69,21
S00123037,75,46,29
S00123038,96,72,24
S00123039,73,58,15
S00123040,108,71,37
S00123041,96,57,39
S00123042,110,84,26
S00123043,51,31,20
S00123044,163,133,30
S00123045,130,93,37
S00123046,80,58,22
S00123047,37,27,10
S00123048,42,29,13
S00123049,59,33,26
S00123050,36,18,18
S00123051,44,17,27
S00123052,88,43,45
S00123053,96,62,34
S00123054,59,43,16
S00123055,50,21,29
S00123056,58,36,22
S00123057,64,29,35
S00123058,90,62,28
S00123059,70,34,36
S00123060,65,41,24
S00123061,77,37,40
S00123062,58,33,25
S00123063,43,22,21
S00123064,50,38,12
S00123065,80,55,25
S00123066,59,25,34
S00123067,59,23,36
S00123068,61,22,39
S00123069,89,63,26
S00123070,104,76,28
S00123071,66,49,17
S00123072,28,11,17
S00123073,102,51,51
S00123074,71,46,25
S00123075,119,95,24
S00123076,137,100,37
S00123077,82,31,51
S00123078,80,57,23
S00123079,107,82,25
S00123080,107,55,52
S00123081,52,35,17
S00123082,110,91,19
S00123083,136,119,17
S00123084,94,62,32
S00123085,128,82,46
S00123086,99,58,41
S00123087,124,109,15
S00123088,77,62,15
S00123089,119,102,17
S00123090,119,92,27
S00123091,144,112,32
S00123092,121,96,25
S00123093,131,87,44
S00123094,99,72,27
S00123095,131,113,18
S00123096,149,133,16
S00123097,118,103,15
S00123098,130,104,26
S00123099,114,83,31
S00123100,53,39,14
S00123101,91,84,7
S00123102,103,93,10
S00123103,121,101,20
S00123104,115,96,19
S00123105,39,25,14
S00123106,72,38,34
S00123107,64,43,21
S00123108,54,32,22
S00123109,90,67,23
S00123110,85,58,27
S00123111,101,68,33
S00123112,144,121,23
S00123113,112,76,36
S00123114,116,80,36
S00123115,49,36,13
S00123116,61,36,25
S00123117,87,61,26
S00123118,87,61,26
S00123119,124,101,23
S00123120,51,28,23
S00123121,109,70,39
S00123122,89,61,28
S00123123,83,52,31
S00123124,109,88,21
S00123125,130,112,18
S00123126,75,49,26
S00123127,116,104,12
S00123128,121,108,13
S00123129,89,54,35
S00123130,100,77,23
S00123131,104,74,30
S00123132,135,105,30
S00123133,87,68,19
S00123134,84,61,23
S00123135,78,62,16
S00123136,93,68,25
S00123137,83,58,25
S00123138,64,43,21
S00123139,118,73,45
S00123140,60,46,14
S00123141,114,81,33
S00123142,93,65,28
S00123143,100,55,45
S00123144,81,47,34
S00123145,94,72,22
S00123146,117,83,34
S00123147,109,56,53
S00123148,106,64,42
S00123149,83,53,30
S00123150,71,45,26
S00123151,90,57,33
S00123152,92,51,41
S00123153,93,67,26
S00123154,74,43,31
S00123155,136,96,40
S00123156,71,45,26
S00123157,89,68,21
S00123158,70,47,23
S00123159,55,34,21
S00123160,73,51,22
S00123161,77,52,25
S00123162,80,52,28
S00123163,90,60,30
S00123164,83,50,33
S00123165,119,90,29
S00123166,61,52,9
S00123167,105,89,16
S00123168,90,73,17
S00123169,92,82,10
S00123170,59,47,12
S00123171,52,34,18
S00123172,145,104,41
S00123173,71,45,26
S00123174,66,58,8
S00123175,72,47,25
S00123176,79,55,24
S00123177,53,25,28
S00123178,88,65,23
S00123179,103,52,51
S00123180,87,62,25
S00123181,100,59,41
S00123182,104,82,22
S00123183,147,104,43
S00123184,127,100,27
S00123185,76,48,28
S00123186,62,53,9
S00123187,154,113,41
S00123188,98,67,31
S00123189,38,28,10
S00123190,95,58,37
S00123191,69,40,29
S00123192,91,61,30
S00123193,69,38,31
S00123194,77,47,30
S00123195,64,43,21
S00123196,65,40,25
S00123197,82,53,29
S00123198,82,59,23
S00123199,62,39,23
S00123200,73,42,31
S00123201,100,63,37
S00123202,74,45,29
S00123203,49,27,22
S00123204,96,73,23
S00123205,129,90,39
S00123206,111,77,34
S00123207,93,62,31
S00123208,110,76,34
S00123209,113,79,34
S00123210,121,72,49
S00123211,64,49,15
S00123212,72,53,19
S00123213,134,95,39
S00123214,108,93,15
S00123215,95,68,27
S00123216,67,59,8
S00123217,109,97,12
S00123218,86,82,4
S00123219,57,50,7
S00123220,102,95,7
S00123221,80,70,10
S00123222,109,82,27
S00123223,86,62,24
S00123224,100,75,25
S00123225,83,65,18
S00123226,70,62,8
S00123227,144,125,19
S00123228,150,137,13
S00123229,86,74,12
S00123230,148,125,23
S00123231,52,39,13
S00123232,66,46,20
S00123233,75,53,22
S00123234,104,84,20
S00123235,135,115,20
S00123236,101,78,23
S00123237,74,70,4
S00123238,90,80,10
S00123239,77,53,24
S00123240,74,48,26
S00123241,106,94,12
S00123242,166,141,25
S00123243,93,68,25
S00123244,106,76,30
S00123245,61,49,12
S00123246,66,55,11
S00123247,68,31,37
S00123248,73,49,24
S00123249,81,48,33
S00123250,85,53,32
S00123251,58,34,24
S00123252,73,69,4
S00123253,121,96,25
S00123254,78,61,17
S00123255,45,31,14
S00123256,138,118,20
S00123257,79,65,14
S00123258,115,100,15
S00123259,110,79,31
S00123260,52,26,26
S00123261,85,47,38
S00123262,83,53,30
S00123263,51,41,10
S00123264,66,44,22
S00123265,137,111,26
S00123266,47,43,4
S00123267,115,98,17
S00123268,124,114,10
S00123269,47,43,4
S00123270,113,74,39
S00123271,115,74,41
S00123272,85,59,26
S00123273,104,74,30
S00123274,76,60,16
S00123275,71,40,31
S00123276,88,68,20
S00123277,161,130,31
S00123278,42,29,13
S00123279,44,34,10
S00123280,64,37,27
S00123281,76,54,22
S00123282,101,58,43
S00123283,186,152,34
S00123284,107,89,18
S00123285,149,130,19
S00123286,113,102,11
S00123287,139,105,34
S00123288,98,89,9
S00123289,152,135,17
S00123290,107,72,35
S00123291,133,105,28
S00123292,76,58,18
S00123293,136,117,19
S00123294,119,99,20
S00123295,151,127,24
S00123296,103,87,16
S00123297,122,97,25
S00123298,100,74,26
S00123299,98,77,21
S00123300,64,56,8
S00123301,117,104,13
S00123302,113,103,10
S00123303,74,62,12
S00123304,73,50,23
S00123305,64,45,19
S00123306,122,108,14
S00123307,61,41,20
S00123308,77,56,21
S00123309,92,64,28
S00123310,81,66,15
S00123311,102,89,13
S00123312,99,69,30
S00123313,36,15,21
S00123314,119,102,17
S00123315,80,52,28
S00123316,131,82,49
S00123317,157,102,55
S00123318,74,56,18
S00123319,88,66,22
S00123320,80,55,25
S00123321,103,77,26
S00123322,76,54,22
S00123323,79,61,18
S00123324,52,38,14
S00123325,116,63,53
S00123326,81,55,26
S00123327,77,49,28
S00123328,81,66,15
S00123329,47,34,13
S00123330,57,23,34
S00123331,84,54,30
S00123332,78,48,30
S00123333,80,36,44
S00123334,82,41,41
S00123335,128,74,54
S00123336,90,53,37
S00123337,108,79,29
S00123338,88,62,26
S00123339,139,93,46
S00123340,70,58,12
S00123341,110,72,38
S00123342,33,17,16
S00123343,54,39,15
S00123344,161,119,42
S00123345,66,39,27
S00123346,60,36,24
S00123347,60,37,23
S00123348,58,31,27
S00123349,81,46,35
S00123350,81,53,28
S00123351,103,72,31
S00123352,58,38,20
S00123353,77,43,34
S00123354,112,76,36
S00123355,81,41,40
S00123356,70,44,26
S00123357,97,70,27
S00123358,130,92,38
S00123359,91,59,32
S00123360,100,58,42
S00123361,110,59,51
S00123362,100,62,38
S00123363,92,54,38
S00123364,91,41,50
S00123365,67,46,21
S00123366,86,59,27
S00123367,101,64,37
S00123368,51,41,10
S00123369,101,70,31
S00123370,147,66,81
S00123371,45,36,9
S00123372,72,56,16
S00123373,91,58,33
S00123374,78,66,12
S00123375,146,97,49
S00123376,105,62,43
S00123377,93,64,29
S00123378,41,27,14
S00123379,84,52,32
S00123380,93,39,54
S00123381,79,47,32
S00123382,108,72,36
S00123383,57,32,25
S00123384,93,62,31
S00123385,140,93,47
S00123386,111,76,35
S00123387,67,47,20
S00123388,64,43,21
S00123389,88,49,39
S00123390,67,40,27
S00123391,55,32,23
S00123392,53,34,19
S00123393,44,17,27
S00123394,50,13,37
S00123395,55,26,29
S00123396,106,68,38
S00123397,79,50,29
S00123398,84,54,30
S00123399,80,59,21
S00123400,118,78,40
S00123401,114,84,30
S00123402,135,84,51
S00123403,104,70,34
S00123404,74,55,19
S00123405,68,45,23
S00123406,97,66,31
S00123407,82,56,26
S00123408,64,34,30
S00123409,76,44,32
S00123410,100,77,23
S00123411,70,50,20
S00123412,58,36,22
S00123413,76,50,26
S00123414,109,79,30
S00123415,57,40,17
S00123416,76,47,29
S00123417,80,55,25
S00123418,115,69,46
S00123419,129,75,54
S00123420,80,41,39
S00123421,100,59,41
S00123422,114,69,45
S00123423,93,78,15
S00123424,133,106,27
S00123425,79,43,36
S00123426,83,51,32
S00123427,114,59,55
S00123428,95,47,48
S00123429,58,28,30
S00123430,97,63,34
S00123431,99,69,30
S00123432,78,58,20
S00123433,92,59,33
S00123434,78,52,26
S00123435,112,79,33
S00123436,105,63,42
S00123437,78,50,28
S00123438,85,50,35
S00123439,77,47,30
S00123440,154,111,43
S00123441,122,77,45
S00123442,136,95,41
S00123443,78,45,33
S00123444,124,93,31
S00123445,101,67,34
S00123446,124,80,44
S00123447,104,73,31
S00123448,138,114,24
S00123449,114,78,36
S00123450,104,56,48
S00123451,126,92,34
S00123452,114,69,45
S00123453,153,107,46
S00123454,168,120,48
S00123455,110,72,38
S00123456,101,66,35
S00123457,73,40,33
S00123458,102,63,39
S00123459,71,41,30
S00123460,110,74,36
S00123461,72,54,18
S00123462,144,96,48
S00123463,102,64,38
S00123464,95,58,37
S00123465,103,62,41
S00123466,84,58,26
S00123467,83,49,34
S00123468,95,64,31
S00123469,85,52,33
S00123470,107,59,48
S00123471,82,53,29
S00123472,90,65,25
S00123473,81,66,15
S00123474,57,19,38
S00123475,46,38,8
S00123476,76,53,23
S00123477,61,43,18
S00123478,57,34,23
S00123479,62,34,28
S00123480,73,52,21
S00123481,73,43,30
S00123482,60,39,21
S00123483,66,41,25
S00123484,42,27,15
S00123485,123,90,33
S00123486,82,64,18
S00123487,86,53,33
S00123488,118,82,36
S00123489,87,54,33
S00123490,134,99,35
S00123491,83,54,29
S00123492,75,52,23
S00123493,74,44,30
S00123494,74,47,27
S00123495,99,74,25
S00123496,76,42,34
S00123497,111,76,35
S00123498,117,78,39
S00123499,17,0,17
S00123500,107,79,28
S00123501,119,93,26
S00123502,87,68,19
S00123503,96,55,41
S00123504,86,55,31
S00123505,73,49,24
S00123506,57,38,19
S00123507,97,60,37
S00123508,77,63,14
S00123509,95,75,20
S00123510,62,38,24
S00123511,75,49,26
S00123512,87,61,26
S00123513,89,63,26
S00123514,151,117,34
S00123515,78,65,13
S00123516,104,64,40
S00123517,92,55,37
S00123518,93,65,28
S00123519,115,75,40
S00123520,65,37,28
S00123521,86,59,27
S00123522,48,31,17
S00123523,50,34,16
S00123524,48,32,16
S00123525,75,65,10
S00123526,62,31,31
S00123527,84,61,23
S00123528,103,72,31
S00123529,84,48,36
S00123530,65,43,22
S00123531,68,45,23
S00123532,67,37,30
S00123533,70,43,27
S00123534,59,31,28
S00123535,86,62,24
S00123536,52,33,19
S00123537,59,41,18
S00123538,82,53,29
S00123539,142,110,32
S00123540,99,61,38
S00123541,69,45,24
S00123542,112,70,42
S00123543,116,82,34
S00123544,121,79,42
S00123545,95,56,39
S00123546,103,67,36
S00123547,86,57,29
S00123548,73,53,20
S00123549,94,66,28
S00123550,84,53,31
S00123551,81,61,20
S00123552,79,57,22
S00123553,68,45,23
S00123554,75,52,23
S00123555,79,51,28
S00123556,67,29,38
S00123557,96,69,27
S00123558,71,41,30
S00123559,131,85,46
S00123560,95,70,25
S00123561,76,55,21
S00123562,80,48,32
S00123563,58,35,23
S00123564,46,36,10
S00123565,91,65,26
S00123566,42,27,15
S00123567,54,33,21
S00123568,83,56,27
S00123569,108,70,38
S00123570,88,62,26
S00123571,78,58,20
S00123572,71,48,23
S00123573,71,54,17
S00123574,125,78,47
S00123575,145,106,39
S00123576,100,78,22
S00123577,75,53,22
S00123578,156,104,52
S00123579,95,66,29
S00123580,140,86,54
S00123581,94,49,45
S00123582,105,79,26
S00123583,41,31,10
S00123584,95,62,33
S00123585,78,58,20
S00123586,104,68,36
S00123587,73,48,25
S00123588,79,45,34
S00123589,115,68,47
S00123590,115,71,44
S00123591,51,29,22
S00123592,46,30,16
S00123593,106,85,21
S00123594,62,50,12
S00123595,82,49,33
S00123596,88,66,22
S00123597,49,30,19
S00123598,107,69,38
S00123599,62,48,14
S00123600,114,74,40
S00123601,158,102,56
S00123602,112,76,36
S00123603,94,70,24
S00123604,63,41,22
S00123605,111,82,29
S00123606,62,41,21
S00123607,110,77,33
S00123608,57,25,32
S00123609,59,48,11
S00123610,73,58,15
S00123611,135,105,30
S00123612,120,80,40
S00123613,147,123,24
S00123614,110,65,45
S00123615,79,53,26
S00123616,68,46,22
S00123617,89,68,21
S00123618,77,33,44
S00123619,110,76,34
S00123620,90,53,37
S00123621,64,49,15
S00123622,52,25,27
S00123623,89,47,42
S00123624,87,52,35
S00123625,77,48,29
S00123626,139,101,38
S00123627,90,59,31
S00123628,114,84,30
S00123629,89,52,37
S00123630,111,77,34
S00123631,98,66,32
S00123632,111,75,36
S00123633,68,43,25
S00123634,75,49,26
S00123635,102,66,36
S00123636,95,57,38
S00123637,62,38,24
S00123638,107,63,44
S00123639,64,46,18
S00123640,69,46,23
S00123641,131,88,43
S00123642,131,86,45
S00123643,114,64,50
S00123644,79,56,23
S00123645,72,47,25
S00123646,54,36,18
S00123647,116,70,46
S00123648,73,58,15
S00123649,133,95,38
S00123650,131,93,38
S00123651,131,85,46
S00123652,51,30,21
S00123653,88,76,12
S00123654,82,55,27
S00123655,72,49,23
S00123656,98,60,38
S00123657,73,52,21
S00123658,83,53,30
S00123659,122,95,27
S00123660,67,42,25
S00123661,120,84,36
S00123662,102,67,35
S00123663,89,60,29
S00123664,96,62,34
S00123665,58,34,24
S00123666,111,82,29
S00123667,62,39,23
S00123668,107,78,29
S00123669,80,58,22
S00123670,144,105,39
S00123671,98,62,36
S00123672,83,58,25
S00123673,105,69,36
S00123674,83,47,36
S00123675,118,81,37
S00123676,93,67,26
S00123677,88,61,27
S00123678,62,33,29
S00123679,116,85,31
S00123680,85,56,29
S00123681,130,78,52
S00123682,78,70,8
S00123683,76,56,20
S00123684,91,50,41
S00123685,61,34,27
S00123686,77,54,23
S00123687,81,47,34
S00123688,98,56,42
S00123689,81,51,30
S00123690,75,54,21
S00123691,95,65,30
S00123692,150,125,25
S00123693,125,102,23
S00123694,87,70,17
S00123695,139,83,56
S00123696,83,59,24
S00123697,58,28,30
S00123698,115,73,42
S00123699,70,43,27
S00123700,87,67,20
S00123701,90,63,27
S00123702,72,37,35
S00123703,78,50,28
S00123704,46,29,17
S00123705,98,88,10
S00123706,66,56,10
S00123707,70,40,30
S00123708,77,52,25
S00123709,122,73,49
S00123710,82,45,37
S00123711,63,48,15
S00123712,57,32,25
S00123713,65,41,24
S00123714,120,87,33
S00123715,94,62,32
S00123716,97,74,23
S00123717,58,37,21
S00123718,64,45,19
S00123719,82,61,21
S00123720,122,93,29
S00123721,111,65,46
S00123722,81,43,38
S00123723,50,33,17
S00123724,88,57,31
S00123725,65,46,19
S00123726,67,47,20
S00123727,132,76,56
S00123728,112,80,32
S00123729,73,40,33
S00123730,88,62,26
S00123731,62,46,16
S00123732,111,69,42
S00123733,99,60,39
S00123734,128,96,32
S00123735,106,81,25
S00123736,100,74,26
S00123737,100,72,28
S00123738,100,77,23
S00123739,50,33,17
S00123740,115,83,32
S00123741,128,100,28
S00123742,105,56,49
S00123743,73,62,11
S00123744,122,81,41
S00123745,90,64,26
S00123746,99,69,30
S00123747,94,68,26
S00123748,109,84,25
S00123749,91,75,16
S00123750,59,44,15
S00123751,58,32,26
S00123752,52,33,19
S00123753,48,23,25
S00123754,84,52,32
S00123755,63,37,26
S00123756,80,48,32
S00123757,115,88,27
S00123758,107,74,33
S00123759,128,103,25
S00123760,49,25,24
S00123761,116,71,45
S00123762,118,91,27
S00123763,83,39,44
S00123764,56,35,21
S00123765,61,37,24
S00123766,30,0,30
S00123767,101,83,18
S00123768,119,77,42
S00123769,77,50,27
S00123770,133,101,32
S00123771,113,88,25
S00123772,95,64,31
S00123773,96,78,18
S00123774,117,77,40
S00123775,117,70,47
S00123776,107,76,31
S00123777,118,79,39
S00123778,101,65,36
S00123779,97,70,27
S00123780,41,28,13
S00123781,81,44,37
S00123782,45,28,17
S00123783,96,71,25
S00123784,47,30,17
S00123785,95,62,33
S00123786,81,58,23
S00123787,79,53,26
S00123788,67,38,29
S00123789,130,86,44
S00123790,132,86,46
S00123791,102,79,23
S00123792,74,48,26
S00123793,97,69,28
S00123794,89,53,36
S00123795,83,46,37
S00123796,71,46,25
S00123797,51,30,21
S00123798,45,26,19
S00123799,124,72,52
S00123800,125,79,46
S00123801,71,51,20
S00123802,86,57,29
S00123803,91,63,28
S00123804,109,70,39
S00123805,131,87,44
S00123806,132,99,33
S00123807,105,72,33
S00123808,107,73,34
S00123809,105,74,31
S00123810,56,32,24
S00123811,107,74,33
S00123812,102,69,33
S00123813,74,50,24
S00123814,47,29,18
S00123815,53,30,23
S00123816,51,26,25
S00123817,115,94,21
S00123818,83,49,34
S00123819,79,56,23
S00123820,38,15,23
S00123821,84,55,29
S00123822,134,80,54
S00123823,72,35,37
S00123824,118,83,35
S00123825,129,119,10
S00123826,73,48,25
S00123827,64,45,19
S00123828,62,46,16
S00123829,65,45,20
S00123830,90,55,35
S00123831,92,65,27
S00123832,83,67,16
S00123833,108,76,32
S00123834,72,52,20
S00123835,99,66,33
S00123836,46,37,9
S00123837,65,51,14
S00123838,65,40,25
S00123839,70,39,31
S00123840,76,47,29
S00123841,75,41,34
S00123842,98,68,30
S00123843,87,58,29
S00123844,95,61,34
S00123845,80,50,30
S00123846,61,37,24
S00123847,61,37,24
S00123848,96,68,28
S00123849,51,36,15
S00123850,54,48,6
S00123851,95,75,20
S00123852,129,82,47
S00123853,75,42,33
S00123854,36,20,16
S00123855,69,52,17
S00123856,102,74,28
S00123857,74,42,32
S00123858,58,41,17
S00123859,46,21,25
S00123860,84,59,25
S00123861,123,83,40
S00123862,106,81,25
S00123863,93,79,14
S00123864,120,83,37
S00123865,81,52,29
S00123866,131,97,34
S00123867,57,39,18
S00123868,81,53,28
S00123869,72,48,24
S00123870,76,54,22
S00123871,68,45,23
S00123872,76,55,21
S00123873,111,97,14
S00123874,53,46,7
S00123875,121,105,16
S00123876,123,90,33
S00123877,85,68,17
S00123878,58,22,36
S00123879,121,95,26
S00123880,52,35,17
S00123881,118,82,36
S00123882,95,50,45
S00123883,65,30,35
S00123884,52,29,23
S00123885,135,91,44
S00123886,87,54,33
S00123887,95,57,38
S00123888,103,64,39
S00123889,69,54,15
S00123890,44,34,10
S00123891,68,40,28
S00123892,114,79,35
S00123893,155,104,51
S00123894,109,62,47
S00123895,97,72,25
S00123896,65,40,25
S00123897,80,64,16
S00123898,70,52,18
S00123899,104,73,31
S00123900,93,57,36
S00123901,65,40,25
S00123902,39,18,21
S00123903,54,25,29
S00123904,36,21,15
S00123905,69,41,28
S00123906,41,15,26
S00123907,81,70,11
S00123908,87,66,21
S00123909,108,62,46
S00123910,77,64,13
S00123911,78,47,31
S00123912,65,44,21
S00123913,64,40,24
S00123914,91,59,32
S00123915,90,51,39
S00123916,47,25,22
S00123917,83,51,32
S00123918,46,32,14
S00123919,82,52,30
S00123920,75,46,29
S00123921,46,20,26
S00123922,46,35,11
S00123923,22,7,15
S00123924,103,66,37
S00123925,51,20,31
S00123926,114,93,21
S00123927,97,81,16
S00123928,61,57,4
S00123929,121,114,7
S00123930,98,65,33
S00123931,120,73,47
S00123932,95,63,32
S00123933,47,24,23
S00123934,103,78,25
S00123935,59,40,19
S00123936,84,65,19
S00123937,92,61,31
S00123938,75,47,28
S00123939,125,85,40
S00123940,101,68,33
S00123941,144,103,41
S00123942,124,90,34
S00123943,60,31,29
S00123944,77,59,18
S00123945,84,58,26
S00123946,95,66,29
S00123947,115,80,35
S00123948,130,86,44
S00123949,114,70,44
S00123950,64,50,14
S00123951,82,61,21
S00123952,89,58,31
S00123953,103,53,50
S00123954,94,78,16
S00123955,96,65,31
S00123956,42,32,10
S00123957,99,63,36
S00123958,96,66,30
S00123959,100,60,40
S00123960,141,84,57
S00123961,104,74,30
S00123962,91,71,20
S00123963,98,64,34
S00123964,95,59,36
S00123965,56,44,12
S00123966,70,45,25
S00123967,74,43,31
S00123968,84,46,38
S00123969,68,41,27
S00123970,131,96,35
S00123971,107,73,34
S00123972,56,36,20
S00123973,132,84,48
S00123974,95,54,41
S00123975,83,67,16
S00123976,67,42,25
S00123977,80,58,22
S00123978,122,65,57
S00123979,115,75,40
S00123980,95,65,30
S00123981,91,65,26
S00123982,79,40,39
S00123983,127,93,34
S00123984,102,81,21
S00123985,147,109,38
S00123986,95,59,36
S00123987,144,91,53
S00123988,78,55,23
S00123989,89,59,30
S00123990,76,56,20
S00123991,105,70,35
S00123992,95,57,38
S00123993,44,27,17
S00123994,48,17,31
S00123995,98,67,31
S00123996,52,19,33
S00123997,47,27,20
S00123998,96,78,18
S00123999,107,77,30
S00124000,89,71,18
S00124001,96,62,34
S00124002,99,73,26
S00124003,68,50,18
S00124004,111,91,20
S00124005,185,160,25
S00124006,59,38,21
S00124007,98,80,18
S00124008,48,37,11
S00124009,63,36,27
S00124010,106,68,38
S00124011,63,36,27
S00124012,78,51,27
S00124013,83,57,26
S00124014,52,35,17
S00124015,79,55,24
S00124016,104,71,33
S00124017,78,59,19
S00124018,106,71,35
S00124019,83,68,15
S00124020,129,95,34
S00124021,78,55,23
S00124022,96,52,44
S00124023,88,60,28
S00124024,116,73,43
S00124025,100,69,31
S00124026,90,58,32
S00124027,114,69,45
S00124028,130,89,41
S00124029,64,60,4
S00124030,72,60,12
S00124031,73,40,33
S00124032,50,22,28
S00124033,44,20,24
S00124034,55,21,34
S00124035,105,78,27
S00124036,84,44,40
S00124037,108,66,42
S00124038,67,31,36
S00124039,65,39,26
S00124040,60,33,27
S00124041,75,48,27
S00124042,66,44,22
S00124043,49,32,17
S00124044,103,70,33
S00124045,76,43,33
S00124046,72,46,26
S00124047,63,33,30
S00124048,80,48,32
S00124049,42,29,13
S00124050,78,51,27
S00124051,78,50,28
S00124052,81,52,29
S00124053,76,47,29
S00124054,65,47,18
S00124055,84,66,18
S00124056,66,42,24
S00124057,71,44,27
S00124058,70,37,33
S00124059,79,48,31
S00124060,99,75,24
S00124061,78,38,40
S00124062,68,51,17
S00124063,63,44,19
S00124064,112,63,49
S00124065,75,49,26
S00124066,43,25,18
S00124067,69,42,27
S00124068,41,28,13
S00124069,123,92,31
S00124070,44,30,14
S00124071,97,64,33
S00124072,114,92,22
S00124073,100,60,40
S00124074,88,56,32
S00124075,110,71,39
S00124076,112,86,26
S00124077,72,50,22
S00124078,128,88,40
S00124079,46,27,19
S00124080,40,22,18
S00124081,51,26,25
S00124082,108,87,21
S00124083,89,53,36
S00124084,64,45,19
S00124085,50,35,15
S00124086,103,82,21
S00124087,108,90,18
S00124088,55,34,21
S00124089,80,56,24
S00124090,62,48,14
S00124091,54,38,16
S00124092,122,90,32
S00124093,53,29,24
S00124094,51,29,22
S00124095,57,37,20
S00124096,69,47,22
S00124097,58,25,33
S00124098,63,44,19
S00124099,89,67,22
S00124100,48,26,22
S00124101,89,60,29
S00124102,137,93,44
S00124103,96,69,27
S00124104,39,22,17
S00124105,72,49,23
S00124106,122,104,18
S00124107,75,48,27
S00124108,52,37,15
S00124109,86,49,37
S00124110,101,73,28
S00124111,89,60,29
S00124112,90,70,20
S00124113,83,58,25
S00124114,100,71,29
S00124115,114,65,49
S00124116,75,46,29
S00124117,136,93,43
S00124118,79,55,24
S00124119,83,48,35
S00124120,84,55,29
S00124121,84,55,29
S00124122,75,56,19
S00124123,101,69,32
S00124124,118,84,34
S00124125,72,61,11
S00124126,90,73,17
S00124127,107,74,33
S00124128,75,56,19
S00124129,115,88,27
S00124130,86,64,22
S00124131,70,47,23
S00124132,84,56,28
S00124133,91,54,37
S00124134,79,55,24
S00124135,93,62,31
S00124136,52,39,13
S00124137,38,27,11
S00124138,70,42,28
S00124139,80,61,19
S00124140,68,42,26
S00124141,61,35,26
S00124142,85,41,44
S00124143,64,49,15
S00124144,95,53,42
S00124145,70,49,21
S00124146,90,73,17
S00124147,125,76,49
S00124148,96,64,32
S00124149,125,67,58
S00124150,125,70,55
S00124151,101,54,47
S00124152,94,57,37
S00124153,95,64,31
S00124154,137,84,53
S00124155,95,54,41
S00124156,91,58,33
S00124157,84,56,28
S00124158,87,59,28
S00124159,116,74,42
S00124160,74,38,36
S00124161,83,59,24
S00124162,104,96,8
S00124163,98,88,10
S00124164,121,83,38
S00124165,31,13,18
S00124166,68,52,16
S00124167,158,133,25
S00124168,108,60,48
S00124169,87,57,30
S00124170,78,48,30
S00124171,93,59,34
S00124172,48,25,23
S00124173,74,36,38
S00124174,82,44,38
S00124175,126,72,54
S00124176,101,63,38
S00124177,75,45,30
S00124178,92,47,45
S00124179,74,47,27
S00124180,72,48,24
S00124181,135,91,44
S00124182,108,96,12
S00124183,83,51,32
S00124184,120,89,31
S00124185,78,58,20
S00124186,61,37,24
S00124187,63,45,18
S00124188,59,33,26
S00124189,81,53,28
S00124190,86,45,41
S00124191,69,43,26
S00124192,61,40,21
S00124193,51,25,26
S00124194,54,29,25
S00124195,120,98,22
S00124196,80,47,33
S00124197,95,54,41
S00124198,105,71,34
S00124199,101,81,20
S00124200,150,112,38
S00124201,106,67,39
S00124202,69,37,32
S00124203,85,62,23
S00124204,97,67,30
S00124205,75,56,19
S00124206,92,48,44
S00124207,152,97,55
S00124208,118,65,53
S00124209,141,81,60
S00124210,137,77,60
S00124211,126,85,41
S00124212,115,87,28
S00124213,73,44,29
S00124214,120,69,51
S00124215,73,39,34
S00124216,74,46,28
S00124217,71,40,31
S00124218,68,36,32
S00124219,63,48,15
S00124220,67,40,27
S00124221,73,47,26
S00124222,61,34,27
S00124223,92,62,30
S00124224,118,86,32
S00124225,96,51,45
S00124226,62,54,8
S00124227,105,71,34
S00124228,105,75,30
S00124229,97,66,31
S00124230,111,84,27
S00124231,105,71,34
S00124232,103,89,14
S00124233,140,120,20
S00124234,83,69,14
S00124235,66,39,27
S00124236,84,48,36
S00124237,65,42,23
S00124238,90,59,31
S00124239,95,62,33
S00124240,103,61,42
S00124241,80,57,23
S00124242,111,75,36
S00124243,111,83,28
S00124244,146,93,53
S00124245,111,73,38
S00124246,76,47,29
S00124247,104,66,38
S00124248,90,61,29
S00124249,115,77,38
S00124250,72,45,27
S00124251,80,40,40
S00124252,84,54,30
S00124253,84,51,33
S00124254,37,21,16
S00124255,115,75,40
S00124256,129,97,32
S00124257,118,69,49
S00124258,116,76,40
S00124259,87,64,23
S00124260,82,56,26
S00124261,70,55,15
S00124262,93,57,36
S00124263,135,94,41
S00124264,103,64,39
S00124265,123,80,43
S00124266,118,96,22
S00124267,102,81,21
S00124268,127,77,50
S00124269,42,23,19
S00124270,48,38,10
S00124271,116,78,38
S00124272,84,53,31
S00124273,101,61,40
S00124274,91,50,41
S00124275,106,73,33
S00124276,62,29,33
S00124277,74,49,25
S00124278,84,56,28
S00124279,86,56,30
S00124280,63,43,20
S00124281,98,57,41
S00124282,55,31,24
S00124283,48,33,15
S00124284,69,38,31
S00124285,64,44,20
S00124286,41,26,15
S00124287,100,73,27
S00124288,63,39,24
S00124289,88,58,30
S00124290,106,64,42
S00124291,110,69,41
S00124292,95,66,29
S00124293,102,71,31
S00124294,88,41,47
S00124295,109,58,51
S00124296,71,48,23
S00124297,87,62,25
S00124298,109,73,36
S00124299,73,47,26
S00124300,82,57,25
S00124301,94,61,33
S00124302,60,38,22
S00124303,66,32,34
S00124304,128,78,50
S00124305,90,53,37
S00124306,86,64,22
S00124307,74,48,26
S00124308,120,73,47
S00124309,103,65,38
S00124310,64,36,28
S00124311,71,44,27
S00124312,37,21,16
S00124313,202,168,34
S00124314,56,30,26
S00124315,107,67,40
S00124316,89,68,21
S00124317,85,59,26
S00124318,96,60,36
S00124319,93,68,25
S00124320,89,58,31
S00124321,115,92,23
S00124322,96,58,38
S00124323,97,64,33
S00124324,67,39,28
S00124325,89,58,31
S00124326,80,52,28
S00124327,86,45,41
S00124328,86,54,32
S00124329,87,63,24
S00124330,86,53,33
S00124331,90,66,24
S00124332,79,51,28
S00124333,87,58,29
S00124334,92,57,35
S00124335,94,66,28
S00124336,87,69,18
S00124337,77,49,28
S00124338,70,38,32
S00124339,101,74,27
S00124340,95,60,35
S00124341,78,57,21
S00124342,136,81,55
S00124343,114,64,50
S00124344,93,63,30
S00124345,96,70,26
S00124346,97,69,28
S00124347,56,31,25
S00124348,117,78,39
S00124349,162,126,36
S00124350,140,97,43
S00124351,102,76,26
S00124352,93,65,28
S00124353,132,101,31
S00124354,97,60,37
S00124355,103,81,22
S00124356,77,49,28
S00124357,105,77,28
S00124358,91,66,25
S00124359,64,41,23
S00124360,41,29,12
S00124361,69,52,17
S00124362,86,57,29
S00124363,80,52,28
S00124364,67,56,11
S00124365,58,39,19
S00124366,79,53,26
S00124367,89,67,22
S00124368,79,56,23
S00124369,86,59,27
S00124370,162,109,53
S00124371,49,30,19
S00124372,69,43,26
S00124373,127,88,39
S00124374,117,94,23
S00124375,130,100,30
S00124376,109,78,31
S00124377,92,72,20
S00124378,97,72,25
S00124379,82,32,50
S00124380,95,53,42
S00124381,62,42,20
S00124382,100,63,37
S00124383,92,67,25
S00124384,63,40,23
S00124385,54,29,25
S00124386,86,59,27
S00124387,53,25,28
S00124388,54,36,18
S00124389,70,43,27
S00124390,59,35,24
S00124391,103,75,28
S00124392,117,90,27
S00124393,134,109,25
S00124394,50,33,17
S00124395,79,32,47
S00124396,37,25,12
S00124397,61,25,36
S00124398,109,57,52
S00124399,97,56,41
S00124400,116,93,23
S00124401,102,68,34
S00124402,59,29,30
S00124403,55,26,29
S00124404,62,35,27
S00124405,133,82,51
S00124406,66,42,24
S00124407,74,45,29
S00124408,64,34,30
S00124409,78,43,35
S00124410,130,89,41
S00124411,107,65,42
S00124412,72,60,12
S00124413,74,41,33
S00124414,89,52,37
S00124415,70,42,28
S00124416,75,41,34
S00124417,96,68,28
S00124418,66,41,25
S00124419,123,78,45
S00124420,118,82,36
S00124421,90,66,24
S00124422,82,53,29
S00124423,68,39,29
S00124424,53,29,24
S00124425,82,47,35
S00124426,99,56,43
S00124427,90,54,36
S00124428,108,75,33
S00124429,65,39,26
S00124430,130,104,26
S00124431,55,37,18
S00124432,61,42,19
S00124433,58,35,23
S00124434,89,57,32
S00124435,64,36,28
S00124436,64,48,16
S00124437,68,43,25
S00124438,64,42,22
S00124439,104,64,40
S00124440,80,46,34
S00124441,71,50,21
S00124442,58,44,14
S00124443,78,65,13
S00124444,61,44,17
S00124445,66,42,24
S00124446,85,56,29
S00124447,66,40,26
S00124448,71,48,23
S00124449,106,75,31
S00124450,63,49,14
S00124451,74,50,24
S00124452,59,34,25
S00124453,67,29,38
S00124454,116,78,38
S00124455,82,62,20
S00124456,63,42,21
S00124457,76,53,23
S00124458,66,44,22
S00124459,104,77,27
S00124460,65,48,17
S00124461,54,44,10
S00124462,75,54,21
S00124463,93,69,24
S00124464,91,67,24
S00124465,102,77,25
S00124466,65,37,28
S00124467,62,36,26
S00124468,76,50,26
S00124469,50,36,14
S00124470,120,84,36
S00124471,82,50,32
S00124472,48,26,22
S00124473,76,53,23
S00124474,74,44,30
S00124475,68,46,22
S00124476,36,22,14
S00124477,56,37,19
S00124478,75,49,26
S00124479,141,87,54
S00124480,89,56,33
S00124481,65,40,25
S00124482,59,47,12
S00124483,65,37,28
S00124484,80,55,25
S00124485,126,80,46
S00124486,106,59,47
S00124487,80,49,31
S00124488,96,71,25
S00124489,79,43,36
S00124490,47,35,12
S00124491,101,72,29
S00124492,84,52,32
S00124493,75,50,25
S00124494,69,47,22
S00124495,105,76,29
S00124496,86,52,34
S00124497,101,80,21
S00124498,95,55,40
S00124499,52,34,18
S00124500,79,48,31
S00124501,96,67,29
S00124502,86,35,51
S00124503,115,74,41
S00124504,61,48,13
S00124505,76,48,28
S00124506,110,57,53
S00124507,83,50,33
S00124508,57,26,31
S00124509,103,66,37
S00124510,87,53,34
S00124511,90,67,23
S00124512,161,120,41
S00124513,77,52,25
S00124514,120,100,20
S00124515,76,52,24
S00124516,50,34,16
S00124517,57,45,12
S00124518,134,103,31
S00124519,110,74,36
S00124520,99,71,28
S00124521,75,50,25
S00124522,77,48,29
S00124523,54,35,19
S00124524,98,78,20
S00124525,94,67,27
S00124526,79,60,19
S00124527,66,43,23
S00124528,67,40,27
S00124529,68,44,24
S00124530,52,37,15
S00124531,103,69,34
S00124532,83,59,24
S00124533,78,61,17
S00124534,139,102,37
S00124535,100,64,36
S00124536,96,61,35
S00124537,83,55,28
S00124538,70,52,18
S00124539,104,68,36
S00124540,82,54,28
S00124541,90,64,26
S00124542,63,41,22
S00124543,101,69,32
S00124544,79,44,35
S00124545,77,48,29
S00124546,87,52,35
S00124547,55,35,20
S00124548,84,59,25
S00124549,78,45,33
S00124550,63,33,30
S00124551,107,71,36
S00124552,94,55,39
S00124553,111,76,35
S00124554,85,52,33
S00124555,100,84,16
S00124556,112,43,69
S00124557,86,54,32
S00124558,80,45,35
S00124559,131,85,46
S00124560,119,110,9
S00124561,77,54,23
S00124562,116,100,16
S00124563,64,44,20
S00124564,59,48,11
S00124565,45,28,17
S00124566,63,48,15
S00124567,61,39,22
S00124568,81,54,27
S00124569,94,60,34
S00124570,68,44,24
S00124571,121,72,49
S00124572,112,70,42
S00124573,76,47,29
S00124574,119,80,39
S00124575,83,61,22
S00124576,114,76,38
S00124577,132,79,53
S00124578,107,76,31
S00124579,76,44,32
S00124580,79,38,41
S00124581,86,52,34
S00124582,45,29,16
S00124583,44,24,20
S00124584,101,69,32
S00124585,126,83,43
S00124586,92,62,30
S00124587,51,35,16
S00124588,95,63,32
S00124589,108,76,32
S00124590,69,42,27
S00124591,65,53,12
S00124592,102,71,31
S00124593,63,43,20
S00124594,99,84,15
S00124595,101,70,31
S00124596,99,65,34
S00124597,89,58,31
S00124598,66,45,21
S00124599,66,36,30
S00124600,93,63,30
S00124601,85,60,25
S00124602,85,56,29
S00124603,65,36,29
S00124604,64,43,21
S00124605,84,68,16
S00124606,119,83,36
S00124607,98,67,31
S00124608,47,29,18
S00124609,72,42,30
S00124610,137,95,42
S00124611,114,71,43
S00124612,49,24,25
S00124613,79,56,23
S00124614,127,97,30
S00124615,120,75,45
S00124616,76,57,19
S00124617,60,39,21
S00124618,143,102,41
S00124619,91,69,22
S00124620,93,67,26
S00124621,90,71,19
S00124622,74,45,29
S00124623,80,56,24
S00124624,114,90,24
S00124625,90,49,41
S00124626,67,36,31
S00124627,73,53,20
S00124628,99,65,34
S00124629,80,56,24
S00124630,63,41,22
S00124631,133,90,43
S00124632,70,56,14
S00124633,99,72,27
S00124634,79,46,33
S00124635,86,48,38
S00124636,72,33,39
S00124637,57,47,10
S00124638,161,118,43
S00124639,87,57,30
S00124640,90,62,28
S00124641,70,51,19
S00124642,49,40,9
S00124643,59,43,16
S00124644,72,48,24
S00124645,115,74,41
S00124646,72,48,24
S00124647,93,64,29
S00124648,100,62,38
S00124649,108,64,44
S00124650,65,41,24
S00124651,76,56,20
S00124652,55,29,26
S00124653,61,45,16
S00124654,66,41,25
S00124655,66,42,24
S00124656,59,39,20
S00124657,81,59,22
S00124658,128,98,30
S00124659,71,53,18
S00124660,113,88,25
S00124661,93,75,18
S00124662,70,47,23
S00124663,93,47,46
S00124664,110,70,40
S00124665,113,73,40
S00124666,146,87,59
S00124667,124,74,50
S00124668,68,39,29
S00124669,95,60,35
S00124670,70,34,36
S00124671,103,77,26
S00124672,140,105,35
S00124673,70,49,21
S00124674,130,87,43
S00124675,108,71,37
S00124676,114,72,42
S00124677,87,65,22
S00124678,55,38,17
S00124679,85,42,43
S00124680,70,37,33
S00124681,67,28,39
S00124682,107,67,40
S00124683,64,40,24
S00124684,121,80,41
S00124685,76,48,28
S00124686,80,53,27
S00124687,104,69,35
S00124688,84,55,29
S00124689,53,32,21
S00124690,79,49,30
S00124691,125,75,50
S00124692,111,61,50
S00124693,109,79,30
S00124694,42,28,14
S00124695,54,40,14
S00124696,77,58,19
S00124697,88,49,39
S00124698,96,62,34
S00124699,116,75,41
S00124700,104,62,42
S00124701,92,52,40
S00124702,110,71,39
S00124703,108,75,33
S00124704,109,59,50
S00124705,106,57,49
S00124706,75,49,26
S00124707,69,38,31
S00124708,102,77,25
S00124709,108,60,48
S00124710,55,44,11
S00124711,136,86,50
S00124712,119,79,40
S00124713,134,101,33
S00124714,107,83,24
S00124715,91,65,26
S00124716,127,98,29
S00124717,91,66,25
S00124718,134,88,46
S00124719,94,85,9
S00124720,113,71,42
S00124721,113,53,60
S00124722,126,83,43
S00124723,97,56,41
S00124724,75,60,15
S00124725,60,44,16
S00124726,165,131,34
S00124727,76,45,31
S00124728,85,54,31
S00124729,119,78,41
S00124730,110,74,36
S00124731,150,91,59
S00124732,121,71,50
S00124733,60,35,25
S00124734,131,77,54
S00124735,105,61,44
S00124736,96,56,40
S00124737,74,43,31
S00124738,62,39,23
S00124739,75,45,30
S00124740,89,60,29
S00124741,141,90,51
S00124742,91,47,44
S00124743,122,84,38
S00124744,120,87,33
S00124745,106,67,39
S00124746,96,80,16
S00124747,96,70,26
S00124748,65,49,16
S00124749,118,89,29
S00124750,90,61,29
S00124751,106,82,24
S00124752,75,48,27
S00124753,56,39,17
S00124754,54,39,15
S00124755,72,47,25
S00124756,88,70,18
S00124757,77,51,26
S00124758,96,68,28
S00124759,98,65,33
S00124760,81,59,22
S00124761,72,45,27
S00124762,51,21,30
S00124763,64,46,18
S00124764,47,35,12
S00124765,50,28,22
S00124766,73,51,22
S00124767,57,37,20
S00124768,76,48,28
S00124769,69,47,22
S00124770,117,80,37
S00124771,63,44,19
S00124772,63,41,22
S00124773,94,72,22
S00124774,46,25,21
S00124775,48,34,14
S00124776,60,40,20
S00124777,44,25,19
S00124778,43,24,19
S00124779,56,36,20
S00124780,135,94,41
S00124781,48,20,28
S00124782,99,67,32
S00124783,40,18,22
S00124784,82,53,29
S00124785,105,67,38
S00124786,78,61,17
S00124787,111,65,46
S00124788,86,58,28
S00124789,48,33,15
S00124790,73,51,22
S00124791,116,67,49
S00124792,93,62,31
S00124793,82,55,27
S00124794,74,43,31
S00124795,100,77,23
S00124796,75,48,27
S00124797,138,108,30
S00124798,118,84,34
S00124799,44,34,10
S00124800,68,42,26
S00124801,63,54,9
S00124802,56,43,13
S00124803,114,89,25
S00124804,73,58,15
S00124805,85,72,13
S00124806,88,55,33
S00124807,45,23,22
S00124808,123,68,55
S00124809,137,87,50
S00124810,121,83,38
S00124811,100,60,40
S00124812,72,54,18
S00124813,74,52,22
S00124814,78,52,26
S00124815,73,49,24
S00124816,75,44,31
S00124817,116,73,43
S00124818,39,30,9
S00124819,74,56,18
S00124820,85,54,31
S00124821,95,65,30
S00124822,57,41,16
S00124823,98,62,36
S00124824,54,43,11
S00124825,54,37,17
S00124826,111,93,18
S00124827,88,70,18
S00124828,53,37,16
S00124829,94,76,18
S00124830,108,95,13
S00124831,84,62,22
S00124832,72,51,21
S00124833,62,43,19
S00124834,76,51,25
S00124835,64,39,25
S00124836,64,48,16
S00124837,119,75,44
S00124838,119,81,38
S00124839,43,27,16
S00124840,64,44,20
S00124841,107,72,35
S00124842,67,49,18
S00124843,113,70,43
S00124844,61,26,35
S00124845,80,49,31
S00124846,78,53,25
S00124847,73,61,12
S00124848,95,77,18
S00124849,85,54,31
S00124850,116,82,34
S00124851,54,37,17
S00124852,68,45,23
S00124853,114,80,34
S00124854,107,81,26
S00124855,55,41,14
S00124856,98,69,29
S00124857,116,89,27
S00124858,141,90,51
S00124859,68,48,20
S00124860,71,48,23
S00124861,81,55,26
S00124862,66,44,22
S00124863,58,43,15
S00124864,98,72,26
S00124865,65,51,14
S00124866,128,89,39
S00124867,60,49,11
S00124868,145,99,46
S00124869,147,101,46
S00124870,106,80,26
S00124871,100,68,32
S00124872,85,60,25
S00124873,78,50,28
S00124874,65,44,21
S00124875,74,51,23
S00124876,119,95,24
S00124877,124,75,49
S00124878,79,60,19
S00124879,34,14,20
S00124880,148,114,34
S00124881,100,58,42
S00124882,149,104,45
S00124883,138,100,38
S00124884,144,101,43
S00124885,72,46,26
S00124886,104,81,23
S00124887,117,91,26
S00124888,117,75,42
S00124889,161,112,49
S00124890,117,76,41
S00124891,112,96,16
S00124892,115,77,38
S00124893,69,49,20
S00124894,79,49,30
S00124895,101,63,38
S00124896,79,56,23
S00124897,93,75,18
S00124898,124,108,16
S00124899,127,96,31
S00124900,110,81,29
S00124901,81,64,17
S00124902,77,58,19
S00124903,122,77,45
S00124904,143,111,32
S00124905,86,53,33
S00124906,56,46,10
S00124907,100,73,27
S00124908,122,84,38
S00124909,109,68,41
S00124910,130,77,53
S00124911,102,60,42
S00124912,129,96,33
S00124913,60,43,17
S00124914,106,68,38
S00124915,50,39,11
S00124916,88,55,33
S00124917,96,65,31
S00124918,93,56,37
S00124919,137,102,35
S00124920,93,67,26
S00124921,95,66,29
S00124922,65,39,26
S00124923,111,95,16
S00124924,181,114,67
S00124925,85,64,21
S00124926,123,95,28
S00124927,115,75,40
S00124928,125,85,40
S00124929,108,69,39
S00124930,82,67,15
S00124931,95,62,33
S00124932,92,59,33
S00124933,96,60,36
S00124934,103,67,36
S00124935,86,60,26
S00124936,92,63,29
S00124937,54,37,17
S00124938,122,90,32
S00124939,105,63,42
S00124940,77,46,31
S00124941,81,48,33
S00124942,82,55,27
S00124943,105,87,18
S00124944,120,77,43
S00124945,92,48,44
S00124946,103,74,29
S00124947,86,54,32
S00124948,38,26,12
S00124949,56,41,15
S00124950,118,79,39
S00124951,104,78,26
S00124952,115,77,38
S00124953,91,62,29
S00124954,137,114,23
S00124955,110,70,40
S00124956,101,74,27
S00124957,108,74,34
S00124958,98,65,33
S00124959,67,61,6
S00124960,76,56,20
S00124961,119,87,32
S00124962,121,89,32
S00124963,87,46,41
S00124964,151,100,51
S00124965,120,73,47
S00124966,117,91,26
S00124967,117,76,41
S00124968,83,62,21
S00124969,105,81,24
S00124970,115,74,41
S00124971,110,75,35
S00124972,102,65,37
S00124973,96,63,33
S00124974,74,48,26
S00124975,65,40,25
S00124976,67,48,19
S00124977,158,98,60
S00124978,87,56,31
S00124979,110,79,31
S00124980,85,54,31
S00124981,108,72,36
S00124982,75,43,32
S00124983,70,44,26
S00124984,62,37,25
S00124985,98,58,40
S00124986,96,65,31
S00124987,74,50,24
S00124988,121,82,39
S00124989,88,55,33
S00124990,125,75,50
S00124991,121,83,38
S00124992,88,52,36
S00124993,141,88,53
S00124994,122,85,37
S00124995,74,58,16
S00124996,131,87,44
S00124997,147,97,50
S00124998,78,64,14
S00124999,82,57,25
S00125000,83,58,25
S00125001,113,81,32
S00125002,164,133,31
S00125003,81,34,47
S00125004,77,33,44
S00125005,126,108,18
S00125006,100,74,26
S00125007,72,52,20
S00125008,99,84,15
S00125009,86,51,35
S00125010,88,71,17
S00125011,113,83,30
S00125012,146,109,37
S00125013,179,125,54
S00125014,106,65,41
S00125015,105,62,43
S00125016,92,72,20
S00125017,63,37,26
S00125018,84,61,23
S00125019,88,52,36
S00125020,146,99,47
S00125021,100,72,28
S00125022,102,76,26
S00125023,111,66,45
S00125024,72,40,32
S00125025,101,63,38
S00125026,105,70,35
S00125027,149,108,41
S00125028,90,65,25
S00125029,74,56,18
S00125030,51,36,15
S00125031,96,65,31
S00125032,86,56,30
S00125033,101,52,49
S00125034,142,93,49
S00125035,84,51,33
S00125036,100,75,25
S00125037,60,42,18
S00125038,90,51,39
S00125039,126,84,42
S00125040,123,78,45
S00125041,150,107,43
S00125042,146,96,50
S00125043,74,51,23
S00125044,120,82,38
S00125045,121,80,41
S00125046,59,36,23
S00125047,111,71,40
S00125048,84,56,28
S00125049,75,51,24
S00125050,131,101,30
S00125051,63,35,28
S00125052,95,56,39
S00125053,80,45,35
S00125054,67,45,22
S00125055,64,43,21
S00125056,92,65,27
S00125057,62,44,18
S00125058,87,61,26
S00125059,81,55,26
S00125060,84,57,27
S00125061,82,53,29
S00125062,84,59,25
S00125063,35,13,22
S00125064,60,34,26
S00125065,40,25,15
S00125066,54,30,24
S00125067,64,34,30
S00125068,46,28,18
S00125069,41,29,12
S00125070,73,48,25
S00125071,77,53,24
S00125072,58,39,19
S00125073,85,61,24
S00125074,86,46,40
S00125075,103,74,29
S00125076,65,39,26
S00125077,89,48,41
S00125078,79,55,24
S00125079,145,97,48
S00125080,101,64,37
S00125081,75,59,16
S00125082,48,36,12
S00125083,80,43,37
S00125084,34,9,25
S00125085,130,88,42
S00125086,102,77,25
S00125087,64,41,23
S00125088,82,43,39
S00125089,56,33,23
S00125090,113,83,30
S00125091,61,34,27
S00125092,47,34,13
S00125093,61,41,20
S00125094,142,100,42
S00125095,61,40,21
S00125096,80,59,21
S00125097,50,29,21
S00125098,61,46,15
S00125099,138,115,23
S00125100,146,110,36
S00125101,77,70,7
S00125102,63,57,6
S00125103,45,13,32
S00125104,38,19,19
S00125105,55,35,20
S00125106,56,41,15
S00125107,107,85,22
S00125108,67,43,24
S00125109,121,88,33
S00125110,96,76,20
S00125111,72,38,34
S00125112,172,136,36
S00125113,47,40,7
S00125114,74,62,12
S00125115,57,41,16
S00125116,39,27,12
S00125117,89,57,32
S00125118,75,53,22
S00125119,68,51,17
S00125120,54,35,19
S00125121,44,34,10
S00125122,78,59,19
S00125123,55,31,24
S00125124,44,24,20
S00125125,36,25,11
S00125126,88,67,21
S00125127,59,42,17
S00125128,617,188,429
S00125129,157,124,33
S00125130,74,55,19
S00125131,47,22,25
S00125132,112,88,24
S00125133,50,33,17
S00125134,83,56,27
S00125135,97,75,22
S00125136,81,64,17
S00125137,62,45,17
S00125138,74,53,21
S00125139,83,61,22
S00125140,71,42,29
S00125141,70,45,25
S00125142,103,71,32
S00125143,92,74,18
S00125144,50,20,30
S00125145,108,90,18
S00125146,71,58,13
S00125147,150,118,32
S00125148,57,33,24
S00125149,41,30,11
S00125150,44,27,17
S00125151,88,60,28
S00125152,58,45,13
S00125153,62,44,18
S00125154,115,47,68
S00125155,57,29,28
S00125156,67,55,12
S00125157,144,132,12
S00125158,83,56,27
S00125159,84,55,29
S00125160,70,41,29
S00125161,31,17,14
S00125162,105,88,17
S00125163,105,85,20
S00125164,95,78,17
S00125165,106,78,28
S00125166,59,32,27
S00125167,77,40,37
S00125168,61,45,16
S00125169,81,60,21
S00125170,46,34,12
S00125171,95,60,35
S00125172,108,85,23
S00125173,148,117,31
S00125174,148,108,40
S00125175,71,55,16
S00125176,64,37,27
S00125177,59,41,18
S00125178,68,47,21
S00125179,96,60,36
S00125180,81,48,33
S00125181,60,45,15
S00125182,59,34,25
S00125183,83,64,19
S00125184,53,36,17
S00125185,53,46,7
S00125186,45,31,14
S00125187,112,79,33
S00125188,91,71,20
S00125189,151,124,27
S00125190,50,33,17
S00125191,73,50,23
S00125192,95,73,22
S00125193,80,59,21
S00125194,87,66,21
S00125195,49,36,13
S00125196,54,32,22
S00125197,58,39,19
S00125198,79,38,41
S00125199,61,47,14
S00125200,87,62,25
S00125201,52,35,17
S00125202,52,44,8
S00125203,81,52,29
S00125204,55,29,26
S00125205,47,30,17
S00125206,53,38,15
S00125207,110,70,40
S00125208,85,65,20
S00125209,108,95,13
S00125210,116,96,20
S00125211,85,73,12
S00125212,70,51,19
S00125213,62,37,25
S00125214,63,42,21
S00125215,124,106,18
S00125216,86,80,6
S00125217,122,117,5
S00125218,115,93,22
S00125219,112,99,13
S00125220,132,121,11
S00125221,50,40,10
S00125222,61,26,35
S00125223,70,43,27
S00125224,68,56,12
S00125225,56,49,7
S00125226,86,57,29
S00125227,87,55,32
S00125228,130,114,16
S00125229,125,107,18
S00125230,72,56,16
S00125231,119,98,21
S00125232,89,65,24
S00125233,108,94,14
S00125234,113,88,25
S00125235,41,23,18
S00125236,41,29,12
S00125237,47,22,25
S00125238,65,51,14
S00125239,57,39,18
S00125240,57,37,20
S00125241,146,106,40
S00125242,78,54,24
S00125243,86,58,28
S00125244,61,49,12
S00125245,65,38,27
S00125246,177,142,35
S00125247,62,39,23
S00125248,84,62,22
S00125249,57,41,16
S00125250,136,104,32
S00125251,59,49,10
S00125252,93,54,39
S00125253,128,97,31
S00125254,101,86,15
S00125255,73,61,12
S00125256,72,54,18
S00125257,93,61,32
S00125258,207,93,114
S00125259,102,84,18
S00125260,137,113,24
S00125261,148,115,33
S00125262,89,84,5
S00125263,73,37,36
S00125264,79,51,28
S00125265,64,35,29
S00125266,55,36,19
S00125267,76,61,15
S00125268,98,59,39
S00125269,85,52,33
S00125270,66,39,27
S00125271,67,58,9
S00125272,49,33,16
S00125273,85,62,23
S00125274,74,35,39
S00125275,48,33,15
S00125276,52,37,15
S00125277,117,73,44
S00125278,73,51,22
S00125279,121,74,47
S00125280,83,44,39
S00125281,48,30,18
S00125282,51,28,23
S00125283,84,59,25
S00125284,34,13,21
S00125285,58,35,23
S00125286,51,32,19
S00125287,116,86,30
S00125288,69,46,23
S00125289,107,71,36
S00125290,76,56,20
S00125291,114,76,38
S00125292,82,65,17
S00125293,108,91,17
S00125294,80,45,35
S00125295,47,22,25
S00125296,37,23,14
S00125297,81,53,28
S00125298,46,32,14
S00125299,77,43,34
S00125300,69,50,19
S00125301,56,39,17
S00125302,99,72,27
S00125303,40,24,16
S00125304,49,23,26
S00125305,54,32,22
S00125306,70,36,34
S00125307,57,33,24
S00125308,63,46,17
S00125309,58,28,30
S00125310,55,33,22
S00125311,86,62,24
S00125312,55,37,18
S00125313,57,34,23
S00125314,49,33,16
S00125315,58,42,16
S00125316,56,41,15
S00125317,65,41,24
S00125318,53,38,15
S00125319,51,36,15
S00125320,62,39,23
S00125321,64,48,16
S00125322,53,34,19
S00125323,56,38,18
S00125324,57,43,14
S00125325,67,51,16
S00125326,46,29,17
S00125327,70,41,29
S00125328,43,32,11
S00125329,105,49,56
S00125330,75,41,34
S00125331,30,13,17
S00125332,77,50,27
S00125333,46,25,21
S00125334,106,65,41
S00125335,101,77,24
S00125336,36,30,6
S00125337,75,44,31
S00125338,55,36,19
S00125339,54,45,9
S00125340,125,92,33
S00125341,63,44,19
S00125342,98,51,47
S00125343,77,57,20
S00125344,101,75,26
S00125345,90,61,29
S00125346,50,32,18
S00125347,80,62,18
S00125348,46,37,9
S00125349,36,23,13
S00125350,71,55,16
S00125351,79,64,15
S00125352,51,40,11
S00125353,44,25,19
S00125354,97,60,37
S00125355,118,95,23
S00125356,69,55,14
S00125357,99,71,28
S00125358,74,53,21
S00125359,111,76,35
S00125360,48,29,19
S00125361,59,45,14
S00125362,82,62,20
S00125363,57,43,14
S00125364,161,129,32
S00125365,121,91,30
S00125366,41,29,12
S00125367,89,53,36
S00125368,58,40,18
S00125369,91,55,36
S00125370,109,74,35
S00125371,113,91,22
S00125372,83,55,28
S00125373,66,62,4
S00125374,150,129,21
S00125375,173,158,15
S00125376,61,57,4
S00125377,136,98,38
S00125378,111,88,23
S00125379,130,116,14
S00125380,98,74,24
S00125381,167,147,20
S00125382,166,134,32
S00125383,140,112,28
S00125384,72,53,19
S00125385,116,84,32
S00125386,122,86,36
S00125387,180,129,51
S00125388,279,226,53
S00125389,60,50,10
S00125390,87,77,10
S00125391,84,75,9
S00125392,91,74,17
S00125393,135,118,17
S00125394,94,68,26
S00125395,69,44,25
S00125396,78,51,27
S00125397,130,96,34
S00125398,80,44,36
S00125399,88,55,33
S00125400,88,50,38
S00125401,65,44,21
S00125402,89,46,43
S00125403,78,42,36
S00125404,75,31,44
S00125405,76,56,20
S00125406,58,35,23
S00125407,89,51,38
S00125408,70,41,29
S00125409,49,36,13
S00125410,77,43,34
S00125411,82,51,31
S00125412,74,59,15
S00125413,86,58,28
S00125414,56,36,20
S00125415,142,121,21
S00125416,172,155,17
S00125417,56,45,11
S00125418,88,67,21
S00125419,95,86,9
S00125420,69,45,24
S00125421,171,138,33
S00125422,59,33,26
S00125423,110,91,19
S00125424,55,34,21
S00125425,143,118,25
S00125426,120,66,54
S00125427,151,113,38
S00125428,93,85,8
S00125429,125,98,27
S00125430,139,116,23
S00125431,53,42,11
S00125432,129,85,44
S00125433,95,86,9
S00125434,92,87,5
S00125435,92,88,4
S00125436,95,60,35
S00125437,85,78,7
S00125438,94,75,19
S00125439,111,75,36
S00125440,105,77,28
S00125441,78,54,24
S00125442,57,35,22
S00125443,73,47,26
S00125444,73,39,34
S00125445,35,19,16
S00125446,51,24,27
S00125447,79,54,25
S00125448,80,50,30
S00125449,99,73,26
S00125450,65,45,20
S00125451,51,34,17
S00125452,50,24,26
S00125453,62,36,26
S00125454,62,40,22
S00125455,111,71,40
S00125456,136,110,26
S00125457,50,21,29
S00125458,34,12,22
S00125459,64,31,33
S00125460,91,65,26
S00125461,76,63,13
S00125462,124,101,23
S00125463,108,85,23
S00125464,67,38,29
S00125465,63,40,23
S00125466,127,109,18
S00125467,44,30,14
S00125468,111,100,11
S00125469,68,44,24
S00125470,77,49,28
S00125471,53,29,24
S00125472,56,37,19
S00125473,118,77,41
S00125474,134,115,19
S00125475,83,44,39
S00125476,86,63,23
S00125477,89,67,22
S00125478,68,42,26
S00125479,57,36,21
S00125480,93,54,39
S00125481,68,47,21
S00125482,67,48,19
S00125483,78,70,8
S00125484,93,70,23
S00125485,59,45,14
S00125486,86,54,32
S00125487,63,42,21
S00125488,59,40,19
S00125489,138,100,38
S00125490,46,23,23
S00125491,49,28,21
S00125492,107,86,21
S00125493,65,48,17
S00125494,98,73,25
S00125495,94,81,13
S00125496,58,50,8
S00125497,86,62,24
S00125498,94,68,26
S00125499,58,52,6
S00125500,71,45,26
S00125501,75,49,26
S00125502,68,46,22
S00125503,76,52,24
S00125504,61,39,22
S00125505,109,80,29
S00125506,57,51,6
S00125507,138,113,25
S00125508,122,106,16
S00125509,88,79,9
S00125510,133,117,16
S00125511,144,134,10
S00125512,174,157,17
S00125513,92,74,18
S00125514,147,120,27
S00125515,120,86,34
S00125516,72,59,13
S00125517,118,110,8
S00125518,56,47,9
S00125519,180,156,24
S00125520,91,68,23
S00125521,101,65,36
S00125522,97,83,14
S00125523,53,20,33
S00125524,59,32,27
S00125525,66,54,12
S00125526,57,41,16
S00125527,66,46,20
S00125528,77,40,37
S00125529,56,49,7
S00125530,152,119,33
S00125531,134,116,18
S00125532,137,121,16
S00125533,82,61,21
S00125534,78,26,52
S00125535,60,37,23
S00125536,96,56,40
S00125537,88,40,48
S00125538,110,65,45
S00125539,85,74,11
S00125540,109,79,30
S00125541,120,67,53
S00125542,140,126,14
S00125543,75,43,32
S00125544,124,112,12
S00125545,62,32,30
S00125546,94,76,18
S00125547,116,83,33
S00125548,73,38,35
S00125549,121,102,19
S00125550,77,66,11
S00125551,125,103,22
S00125552,70,54,16
S00125553,38,22,16
S00125554,171,130,41
S00125555,56,28,28
S00125556,79,36,43
S00125557,81,56,25
S00125558,69,41,28
S00125559,88,63,25
S00125560,61,42,19
S00125561,71,61,10
S00125562,72,29,43
S00125563,83,56,27
S00125564,38,16,22
S00125565,62,20,42
S00125566,93,80,13
S00125567,163,145,18
S00125568,116,102,14
S00125569,115,96,19
S00125570,203,161,42
S00125571,60,42,18
S00125572,199,167,32
S00125573,56,40,16
S00125574,146,122,24
S00125575,112,71,41
S00125576,44,29,15
S00125577,81,45,36
S00125578,96,82,14
S00125579,104,81,23
S00125580,109,86,23
S00125581,111,89,22
S00125582,86,75,11
S00125583,123,98,25
S00125584,133,122,11
S00125585,151,140,11
S00125586,139,127,12
S00125587,141,118,23
S00125588,157,140,17
S00125589,114,99,15
S00125590,150,123,27
S00125591,82,50,32
S00125592,113,85,28
S00125593,87,67,20
S00125594,139,128,11
S00125595,95,86,9
S00125596,59,55,4
S00125597,127,106,21
S00125598,82,56,26
S00125599,108,64,44
S00125600,66,50,16
S00125601,56,35,21
S00125602,102,69,33
S00125603,50,24,26
S00125604,58,39,19
S00125605,75,50,25
S00125606,85,58,27
S00125607,66,50,16
S00125608,111,73,38
S00125609,37,29,8
S00125610,156,130,26
S00125611,53,46,7
S00125612,141,116,25
S00125613,106,89,17
S00125614,116,94,22
S00125615,112,102,10
S00125616,112,93,19
S00125617,107,96,11
S00125618,142,134,8
S00125619,108,70,38
S00125620,98,85,13
S00125621,135,109,26
S00125622,93,77,16
S00125623,110,94,16
S00125624,86,60,26
S00125625,70,41,29
S00125626,83,51,32
S00125627,81,59,22
S00125628,111,73,38
S00125629,60,34,26
S00125630,97,88,9
S00125631,102,87,15
S00125632,134,117,17
S00125633,79,52,27
S00125634,60,45,15
S00125635,111,92,19
S00125636,78,70,8
S00125637,70,45,25
S00125638,83,62,21
S00125639,134,110,24
S00125640,140,119,21
S00125641,96,56,40
S00125642,50,27,23
S00125643,117,71,46
S00125644,153,130,23
S00125645,62,55,7
S00125646,146,109,37
S00125647,80,55,25
S00125648,91,60,31
S00125649,116,70,46
S00125650,77,47,30
S00125651,89,75,14
S00125652,61,46,15
S00125653,120,63,57
S00125654,103,64,39
S00125655,107,79,28
S00125656,138,102,36
S00125657,105,86,19
S00125658,146,121,25
S00125659,102,91,11
S00125660,142,117,25
S00125661,120,110,10
S00125662,83,66,17
S00125663,65,39,26
S00125664,72,48,24
S00125665,63,53,10
S00125666,83,60,23
S00125667,76,44,32
S00125668,144,120,24
S00125669,52,19,33
S00125670,44,29,15
S00125671,111,90,21
S00125672,118,95,23
S00125673,108,74,34
S00125674,79,58,21
S00125675,62,37,25
S00125676,96,70,26
S00125677,71,55,16
S00125678,77,49,28
S00125679,83,46,37
S00125680,54,35,19
S00125681,71,63,8
S00125682,213,173,40
S00125683,82,60,22
S00125684,186,160,26
S00125685,79,43,36
S00125686,70,42,28
S00125687,51,23,28
S00125688,97,64,33
S00125689,91,66,25
S00125690,65,45,20
S00125691,84,53,31
S00125692,92,62,30
S00125693,118,91,27
S00125694,52,35,17
S00125695,83,56,27
S00125696,76,52,24
S00125697,52,32,20
S00125698,154,114,40
S00125699,53,37,16
S00125700,155,100,55
S00125701,98,87,11
S00125702,68,61,7
S00125703,121,116,5
S00125704,103,75,28
S00125705,71,43,28
S00125706,48,27,21
S00125707,143,122,21
S00125708,54,46,8
S00125709,62,52,10
S00125710,102,83,19
S00125711,122,107,15
S00125712,87,47,40
S00125713,56,46,10
S00125714,147,110,37
S00125715,95,70,25
S00125716,74,54,20
S00125717,70,47,23
S00125718,102,74,28
S00125719,124,79,45
S00125720,84,46,38
S00125721,60,41,19
S00125722,126,92,34
S00125723,67,46,21
S00125724,127,103,24
S00125725,136,107,29
S00125726,55,36,19
S00125727,104,73,31
S00125728,83,57,26
S00125729,51,35,16
S00125730,96,66,30
S00125731,45,27,18
S00125732,79,58,21
S00125733,46,38,8
S00125734,118,84,34
S00125735,119,88,31
S00125736,48,25,23
S00125737,97,60,37
S00125738,66,40,26
S00125739,123,87,36
S00125740,66,51,15
S00125741,35,7,28
S00125742,123,63,60
S00125743,80,56,24
S00125744,73,49,24
S00125745,66,45,21
S00125746,85,60,25
S00125747,104,68,36
S00125748,88,58,30
S00125749,52,40,12
S00125750,91,57,34
S00125751,106,59,47
S00125752,58,28,30
S00125753,48,25,23
S00125754,76,45,31
S00125755,64,46,18
S00125756,89,81,8
S00125757,40,25,15
S00125758,64,34,30
S00125759,76,46,30
S00125760,52,39,13
S00125761,120,87,33
S00125762,102,68,34
S00125763,129,97,32
S00125764,69,44,25
S00125765,58,31,27
S00125766,89,54,35
S00125767,84,62,22
S00125768,97,79,18
S00125769,95,76,19
S00125770,116,69,47
S00125771,109,94,15
S00125772,52,43,9
S00125773,111,68,43
S00125774,95,82,13
S00125775,54,25,29
S00125776,148,112,36
S00125777,96,83,13
S00125778,72,63,9
S00125779,87,70,17
S00125780,135,122,13
S00125781,117,101,16
S00125782,93,74,19
S00125783,164,145,19
S00125784,199,176,23
S00125785,48,36,12
S00125786,99,89,10
S00125787,48,43,5
S00125788,69,55,14
S00125789,199,166,33
S00125790,76,68,8
S00125791,120,98,22
S00125792,93,72,21
S00125793,155,136,19
S00125794,139,126,13
S00125795,140,110,30
S00125796,55,47,8
S00125797,129,100,29
S00125798,95,82,13
S00125799,136,98,38
S00125800,75,45,30
S00125801,97,89,8
S00125802,116,107,9
S00125803,138,98,40
S00125804,101,73,28
S00125805,56,33,23
S00125806,63,47,16
S00125807,63,48,15
S00125808,99,76,23
S00125809,71,40,31
S00125810,100,71,29
S00125811,73,38,35
S00125812,113,65,48
S00125813,58,42,16
S00125814,132,70,62
S00125815,89,45,44
S00125816,117,78,39
S00125817,50,37,13
S00125818,71,58,13
S00125819,167,139,28
S00125820,108,68,40
S00125821,77,44,33
S00125822,114,91,23
S00125823,85,73,12
S00125824,128,105,23
S00125825,80,50,30
S00125826,51,30,21
S00125827,69,42,27
S00125828,111,96,15
S00125829,49,44,5
S00125830,139,101,38
S00125831,70,49,21
S00125832,102,87,15
S00125833,104,92,12
S00125834,147,126,21
S00125835,90,73,17
S00125836,124,104,20
S00125837,138,116,22
S00125838,87,79,8
S00125839,83,66,17
S00125840,125,106,19
S00125841,88,74,14
S00125842,114,99,15
S00125843,90,81,9
S00125844,98,85,13
S00125845,51,47,4
S00125846,143,117,26
S00125847,59,46,13
S00125848,81,58,23
S00125849,66,35,31
S00125850,113,90,23
S00125851,59,17,42
S00125852,111,96,15
S00125853,161,140,21
S00125854,58,49,9
S00125855,132,110,22
S00125856,129,94,35
S00125857,165,134,31
S00125858,138,116,22
S00125859,116,86,30
S00125860,195,131,64
S00125861,61,41,20
S00125862,149,130,19
S00125863,78,69,9
S00125864,137,121,16
S00125865,148,126,22
S00125866,167,146,21
S00125867,47,27,20
S00125868,147,94,53
S00125869,68,50,18
S00125870,88,79,9
S00125871,63,53,10
S00125872,76,67,9
S00125873,98,76,22
S00125874,51,43,8
S00125875,106,92,14
S00125876,131,105,26
S00125877,96,58,38
S00125878,130,114,16
S00125879,83,60,23
S00125880,116,91,25
S00125881,80,65,15
S00125882,110,84,26
S00125883,139,123,16
S00125884,117,94,23
S00125885,96,75,21
S00125886,121,88,33
S00125887,57,46,11
S00125888,70,50,20
S00125889,175,113,62
S00125890,149,129,20
S00125891,56,37,19
S00125892,101,53,48
S00125893,89,76,13
S00125894,60,56,4
S00125895,155,136,19
S00125896,126,116,10
S00125897,179,148,31
S00125898,126,110,16
S00125899,84,68,16
S00125900,109,89,20
S00125901,133,107,26
S00125902,148,126,22
S00125903,128,101,27
S00125904,162,137,25
S00125905,100,85,15
S00125906,82,64,18
S00125907,51,41,10
S00125908,121,98,23
S00125909,106,65,41
S00125910,49,37,12
S00125911,59,50,9
S00125912,132,102,30
S00125913,106,84,22
S00125914,76,63,13
S00125915,106,91,15
S00125916,107,85,22
S00125917,63,48,15
S00125918,53,41,12
S00125919,69,45,24
S00125920,104,87,17
S00125921,105,80,25
S00125922,56,27,29
S00125923,78,38,40
S00125924,60,34,26
S00125925,70,34,36
S00125926,119,85,34
S00125927,120,92,28
S00125928,98,80,18
S00125929,82,64,18
S00125930,89,67,22
S00125931,82,64,18
S00125932,52,33,19
S00125933,78,63,15
S00125934,126,99,27
S00125935,120,70,50
S00125936,64,43,21
S00125937,61,38,23
S00125938,111,71,40
S00125939,55,35,20
S00125940,101,67,34
S00125941,112,79,33
S00125942,66,41,25
S00125943,95,71,24
S00125944,123,92,31
S00125945,87,66,21
S00125946,108,88,20
S00125947,171,141,30
S00125948,99,68,31
S00125949,51,39,12
S00125950,136,103,33
S00125951,95,67,28
S00125952,87,65,22
S00125953,73,61,12
S00125954,147,115,32
S00125955,71,58,13
S00125956,83,65,18
S00125957,126,101,25
S00125958,96,68,28
S00125959,109,82,27
S00125960,43,36,7
S00125961,97,68,29
S00125962,75,55,20
S00125963,106,83,23
S00125964,43,30,13
S00125965,65,50,15
S00125966,80,60,20
S00125967,95,68,27
S00125968,64,50,14
S00125969,107,70,37
S00125970,138,105,33
S00125971,45,31,14
S00125972,54,41,13
S00125973,86,73,13
S00125974,88,67,21
S00125975,87,59,28
S00125976,73,49,24
S00125977,72,57,15
S00125978,69,45,24
S00125979,81,58,23
S00125980,92,76,16
S00125981,108,69,39
S00125982,73,52,21
S00125983,108,80,28
S00125984,47,30,17
S00125985,97,67,30
S00125986,105,87,18
S00125987,108,74,34
S00125988,70,53,17
S00125989,78,55,23
S00125990,45,34,11
S00125991,135,101,34
S00125992,66,52,14
S00125993,68,46,22
S00125994,58,35,23
S00125995,66,35,31
S00125996,111,80,31
S00125997,83,60,23
S00125998,52,32,20
S00125999,79,62,17
S00126000,67,54,13
S00126001,66,52,14
S00126002,76,47,29
S00126003,50,29,21
S00126004,60,37,23
S00126005,79,66,13
S00126006,118,83,35
S00126007,72,45,27
S00126008,59,29,30
S00126009,59,35,24
S00126010,142,104,38
S00126011,88,65,23
S00126012,42,36,6
S00126013,78,58,20
S00126014,42,33,9
S00126015,81,71,10
S00126016,63,54,9
S00126017,69,51,18
S00126018,97,67,30
S00126019,95,74,21
S00126020,50,37,13
S00126021,71,59,12
S00126022,38,27,11
S00126023,43,39,4
S00126024,58,48,10
S00126025,49,46,3
S00126026,55,42,13
S00126027,87,69,18
S00126028,77,56,21
S00126029,100,78,22
S00126030,41,24,17
S00126031,73,54,19
S00126032,64,54,10
S00126033,94,74,20
S00126034,93,65,28
S00126035,115,90,25
S00126036,68,41,27
S00126037,65,50,15
S00126038,93,78,15
S00126039,74,57,17
S00126040,96,68,28
S00126041,109,88,21
S00126042,83,62,21
S00126043,112,91,21
S00126044,50,37,13
S00126045,101,68,33
S00126046,100,62,38
S00126047,70,54,16
S00126048,90,74,16
S00126049,58,40,18
S00126050,54,40,14
S00126051,69,62,7
S00126052,77,60,17
S00126053,67,49,18
S00126054,57,42,15
S00126055,47,36,11
S00126056,85,46,39
S00126057,75,49,26
S00126058,49,35,14
S00126059,56,35,21
S00126060,57,41,16
S00126061,81,60,21
S00126062,90,58,32
S00126063,97,64,33
S00126064,90,63,27
S00126065,66,55,11
S00126066,71,52,19
S00126067,110,82,28
S00126068,118,77,41
S00126069,90,64,26
S00126070,116,90,26
S00126071,107,78,29
S00126072,80,66,14
S00126073,86,57,29
S00126074,124,101,23
S00126075,116,85,31
S00126076,101,88,13
S00126077,113,97,16
S00126078,48,36,12
S00126079,87,58,29
S00126080,70,51,19
S00126081,117,78,39
S00126082,209,153,56
S00126083,119,89,30
S00126084,133,101,32
S00126085,108,77,31
S00126086,58,32,26
S00126087,77,60,17
S00126088,82,54,28
S00126089,117,99,18
S00126090,47,35,12
S00126091,94,73,21
S00126092,93,72,21
S00126093,44,32,12
S00126094,106,84,22
S00126095,98,70,28
S00126096,42,25,17
S00126097,94,72,22
S00126098,61,48,13
S00126099,73,50,23
S00126100,82,59,23
S00126101,119,92,27
S00126102,108,85,23
S00126103,96,67,29
S00126104,48,33,15
S00126105,105,71,34
S00126106,100,64,36
S00126107,88,59,29
S00126108,122,94,28
S00126109,117,86,31
S00126110,70,58,12
S00126111,82,66,16
S00126112,68,54,14
S00126113,123,94,29
S00126114,97,64,33
S00126115,90,58,32
S00126116,130,103,27
S00126117,145,111,34
S00126118,116,81,35
S00126119,126,94,32
S00126120,81,53,28
S00126121,64,31,33
S00126122,99,59,40
S00126123,73,52,21
S00126124,82,59,23
S00126125,68,53,15
S00126126,55,41,14
S00126127,55,40,15
S00126128,50,38,12
S00126129,150,118,32
S00126130,108,80,28
S00126131,83,59,24
S00126132,60,36,24
S00126133,47,28,19
S00126134,322,131,191
S00126135,61,49,12
S00126136,67,53,14
S00126137,110,76,34
S00126138,84,70,14
S00126139,69,49,20
S00126140,98,74,24
S00126141,83,65,18
S00126142,139,109,30
S00126143,83,60,23
S00126144,92,72,20
S00126145,53,40,13
S00126146,66,46,20
S00126147,129,102,27
S00126148,87,74,13
S00126149,82,63,19
S00126150,53,38,15
S00126151,118,91,27
S00126152,74,63,11
S00126153,113,86,27
S00126154,47,32,15
S00126155,51,35,16
S00126156,74,46,28
S00126157,70,51,19
S00126158,101,72,29
S00126159,100,77,23
S00126160,123,97,26
S00126161,153,91,62
S00126162,79,57,22
S00126163,54,39,15
S00126164,93,56,37
S00126165,97,65,32
S00126166,78,58,20
S00126167,117,86,31
S00126168,100,78,22
S00126169,92,64,28
S00126170,51,32,19
S00126171,104,70,34
S00126172,93,77,16
S00126173,62,45,17
S00126174,81,57,24
S00126175,139,77,62
S00126176,124,91,33
S00126177,104,90,14
S00126178,107,87,20
S00126179,57,31,26
S00126180,80,63,17
S00126181,50,36,14
S00126182,96,71,25
S00126183,73,56,17
S00126184,78,49,29
S00126185,79,52,27
S00126186,107,80,27
S00126187,124,96,28
S00126188,90,59,31
S00126189,130,106,24
S00126190,113,82,31
S00126191,74,52,22
S00126192,56,43,13
S00126193,83,61,22
S00126194,83,44,39
S00126195,91,60,31
S00126196,99,73,26
S00126197,116,83,33
S00126198,105,88,17
S00126199,68,58,10
S00126200,141,100,41
S00126201,68,46,22
S00126202,80,59,21
S00126203,103,77,26
S00126204,71,51,20
S00126205,53,40,13
S00126206,92,75,17
S00126207,95,72,23
S00126208,86,50,36
S00126209,116,82,34
S00126210,65,55,10
S00126211,75,43,32
S00126212,147,121,26
S00126213,60,44,16
S00126214,129,95,34
S00126215,45,36,9
S00126216,91,62,29
S00126217,66,49,17
S00126218,123,97,26
S00126219,75,42,33
S00126220,128,92,36
S00126221,52,35,17
S00126222,76,56,20
S00126223,44,29,15
S00126224,48,38,10
S00126225,134,96,38
S00126226,68,54,14
S00126227,61,43,18
S00126228,87,63,24
S00126229,106,89,17
S00126230,54,40,14
S00126231,44,31,13
S00126232,84,69,15
S00126233,78,53,25
S00126234,59,46,13
S00126235,49,41,8
S00126236,166,104,62
S00126237,96,73,23
S00126238,73,55,18
S00126239,66,51,15
S00126240,57,38,19
S00126241,69,63,6
S00126242,97,76,21
S00126243,62,42,20
S00126244,49,36,13
S00126245,93,58,35
S00126246,103,78,25
S00126247,58,36,22
S00126248,82,72,10
S00126249,65,39,26
S00126250,138,101,37
S00126251,44,26,18
S00126252,126,102,24
S00126253,73,58,15
S00126254,107,87,20
S00126255,74,53,21
S00126256,86,62,24
S00126257,37,28,9
S00126258,88,78,10
S00126259,97,68,29
S00126260,100,72,28
S00126261,66,44,22
S00126262,73,52,21
S00126263,79,50,29
S00126264,114,80,34
S00126265,130,89,41
S00126266,123,95,28
S00126267,92,70,22
S00126268,130,96,34
S00126269,94,73,21
S00126270,56,41,15
S00126271,57,42,15
S00126272,83,57,26
S00126273,81,56,25
S00126274,146,108,38
S00126275,74,55,19
S00126276,95,67,28
S00126277,75,54,21
S00126278,83,61,22
S00126279,99,65,34
S00126280,51,35,16
S00126281,54,35,19
S00126282,87,55,32
S00126283,69,43,26
S00126284,66,51,15
S00126285,105,75,30
S00126286,76,68,8
S00126287,133,120,13
S00126288,50,30,20
S00126289,44,28,16
S00126290,78,53,25
S00126291,42,18,24
S00126292,125,104,21
S00126293,66,50,16
S00126294,58,41,17
S00126295,137,103,34
S00126296,89,57,32
S00126297,113,83,30
S00126298,77,60,17
S00126299,94,71,23
S00126300,102,76,26
S00126301,127,99,28
S00126302,54,44,10
S00126303,67,50,17
S00126304,58,39,19
S00126305,86,66,20
S00126306,90,58,32
S00126307,93,54,39
S00126308,84,63,21
S00126309,123,90,33
S00126310,70,58,12
S00126311,81,54,27
S00126312,93,58,35
S00126313,61,48,13
S00126314,70,48,22
S00126315,41,31,10
S00126316,47,34,13
S00126317,90,75,15
S00126318,98,59,39
S00126319,65,44,21
S00126320,67,40,27
S00126321,81,58,23
S00126322,85,56,29
S00126323,68,48,20
S00126324,63,51,12
S00126325,91,67,24
S00126326,81,60,21
S00126327,36,24,12
S00126328,93,68,25
S00126329,101,70,31
S00126330,93,67,26
S00126331,95,70,25
S00126332,124,94,30
S00126333,119,91,28
S00126334,108,79,29
S00126335,64,41,23
S00126336,95,64,31
S00126337,55,40,15
S00126338,49,26,23
S00126339,94,66,28
S00126340,93,68,25
S00126341,91,59,32
S00126342,82,62,20
S00126343,94,73,21
S00126344,44,27,17
S00126345,56,35,21
S00126346,99,73,26
S00126347,85,60,25
S00126348,80,51,29
S00126349,95,68,27
S00126350,77,58,19
S00126351,54,35,19
S00126352,108,68,40
S00126353,98,75,23
S00126354,65,48,17
S00126355,92,72,20
S00126356,94,78,16
S00126357,119,96,23
S00126358,53,42,11
S00126359,56,36,20
S00126360,99,80,19
S00126361,93,64,29
S00126362,95,65,30
S00126363,94,62,32
S00126364,46,34,12
S00126365,117,73,44
S00126366,45,22,23
S00126367,43,26,17
S00126368,34,14,20
S00126369,129,96,33
S00126370,41,27,14
S00126371,42,31,11
S00126372,129,100,29
S00126373,55,37,18
S00126374,100,69,31
S00126375,101,89,12
S00126376,29,10,19
S00126377,78,64,14
S00126378,112,77,35
S00126379,76,53,23
S00126380,95,82,13
S00126381,134,100,34
S00126382,69,46,23
S00126383,107,85,22
S00126384,64,54,10
S00126385,49,40,9
S00126386,104,79,25
S00126387,119,87,32
S00126388,119,89,30
S00126389,64,46,18
S00126390,71,51,20
S00126391,90,44,46
S00126392,75,53,22
S00126393,105,78,27
S00126394,57,46,11
S00126395,82,60,22
S00126396,91,66,25
S00126397,105,84,21
S00126398,84,57,27
S00126399,48,41,7
S00126400,93,68,25
S00126401,95,67,28
S00126402,91,66,25
S00126403,112,82,30
S00126404,75,61,14
S00126405,84,64,20
S00126406,128,101,27
S00126407,72,48,24
S00126408,112,73,39
S00126409,74,56,18
S00126410,54,49,5
S00126411,102,87,15
S00126412,75,66,9
S00126413,49,30,19
S00126414,8,2,6
S00126415,160,57,103
S00126416,106,64,42
S00126417,85,50,35
S00126418,53,38,15
S00126419,78,46,32
S00126420,94,77,17
S00126421,101,77,24
S00126422,80,51,29
S00126423,119,90,29
S00126424,41,27,14
S00126425,128,99,29
S00126426,75,60,15
S00126427,53,37,16
S00126428,83,61,22
S00126429,76,55,21
S00126430,71,55,16
S00126431,76,56,20
S00126432,79,55,24
S00126433,108,69,39
S00126434,66,48,18
S00126435,74,48,26
S00126436,64,55,9
S00126437,119,80,39
S00126438,80,58,22
S00126439,62,39,23
S00126440,92,59,33
S00126441,64,47,17
S00126442,96,76,20
S00126443,78,56,22
S00126444,88,65,23
S00126445,84,68,16
S00126446,57,32,25
S00126447,63,44,19
S00126448,94,68,26
S00126449,59,52,7
S00126450,84,64,20
S00126451,95,84,11
S00126452,60,23,37
S00126453,76,61,15
S00126454,49,36,13
S00126455,62,35,27
S00126456,51,30,21
S00126457,103,75,28
S00126458,110,81,29
S00126459,64,51,13
S00126460,58,42,16
S00126461,69,53,16
S00126462,96,60,36
S00126463,65,36,29
S00126464,83,47,36
S00126465,67,48,19
S00126466,75,39,36
S00126467,76,25,51
S00126468,132,83,49
S00126469,115,78,37
S00126470,147,106,41
S00126471,95,58,37
S00126472,101,68,33
S00126473,75,54,21
S00126474,125,73,52
S00126475,96,62,34
S00126476,87,54,33
S00126477,87,64,23
S00126478,72,54,18
S00126479,64,39,25
S00126480,76,45,31
S00126481,88,65,23
S00126482,59,38,21
S00126483,72,41,31
S00126484,111,75,36
S00126485,77,46,31
S00126486,78,54,24
S00126487,90,62,28
S00126488,122,91,31
S00126489,58,30,28
S00126490,72,39,33
S00126491,105,70,35
S00126492,146,117,29
S00126493,79,57,22
S00126494,42,26,16
S00126495,90,64,26
S00126496,114,72,42
S00126497,71,43,28
S00126498,66,36,30
S00126499,89,67,22
S00126500,53,25,28
S00126501,71,56,15
S00126502,62,38,24
S00126503,54,42,12
S00126504,130,105,25
S00126505,74,53,21
S00126506,81,66,15
S00126507,86,77,9
S00126508,72,53,19
S00126509,70,53,17
S00126510,92,73,19
S00126511,128,97,31
S00126512,124,98,26
S00126513,144,93,51
S00126514,70,45,25
S00126515,87,44,43
S00126516,86,54,32
S00126517,78,48,30
S00126518,64,44,20
S00126519,51,31,20
S00126520,107,73,34
S00126521,95,65,30
S00126522,93,67,26
S00126523,40,25,15
S00126524,73,50,23
S00126525,71,55,16
S00126526,62,45,17
S00126527,82,67,15
S00126528,70,50,20
S00126529,85,56,29
S00126530,83,53,30
S00126531,88,71,17
S00126532,110,89,21
S00126533,46,34,12
S00126534,78,46,32
S00126535,77,54,23
S00126536,51,47,4
S00126537,51,36,15
S00126538,69,49,20
S00126539,87,72,15
S00126540,58,35,23
S00126541,55,32,23
S00126542,81,59,22
S00126543,95,74,21
S00126544,109,78,31
S00126545,82,59,23
S00126546,56,41,15
S00126547,72,49,23
S00126548,97,69,28
S00126549,69,56,13
S00126550,43,29,14
S00126551,106,88,18
S00126552,67,50,17
S00126553,89,59,30
S00126554,86,74,12
S00126555,73,57,16
S00126556,89,55,34
S00126557,64,48,16
S00126558,90,69,21
S00126559,114,77,37
S00126560,107,85,22
S00126561,108,73,35
S00126562,94,70,24
S00126563,63,45,18
S00126564,95,60,35
S00126565,78,50,28
S00126566,66,49,17
S00126567,136,121,15
S00126568,185,132,53
S00126569,127,85,42
S00126570,98,71,27
S00126571,118,86,32
S00126572,113,87,26
S00126573,56,49,7
S00126574,50,41,9
S00126575,96,61,35
S00126576,93,63,30
S00126577,98,75,23
S00126578,148,106,42
S00126579,133,91,42
S00126580,83,53,30
S00126581,107,88,19
S00126582,88,58,30
S00126583,103,75,28
S00126584,39,24,15
S00126585,105,81,24
S00126586,91,63,28
S00126587,64,50,14
S00126588,61,47,14
S00126589,92,61,31
S00126590,64,48,16
S00126591,90,71,19
S00126592,73,48,25
S00126593,76,59,17
S00126594,122,88,34
S00126595,83,62,21
S00126596,74,46,28
S00126597,127,94,33
S00126598,110,74,36
S00126599,84,47,37
S00126600,123,94,29
S00126601,73,57,16
S00126602,135,93,42
S00126603,90,60,30
S00126604,75,57,18
S00126605,53,37,16
S00126606,86,60,26
S00126607,121,90,31
S00126608,72,48,24
S00126609,102,75,27
S00126610,68,39,29
S00126611,89,67,22
S00126612,66,41,25
S00126613,46,23,23
S00126614,99,68,31
S00126615,100,71,29
S00126616,40,32,8
S00126617,64,47,17
S00126618,112,74,38
S00126619,113,80,33
S00126620,110,88,22
S00126621,62,46,16
S00126622,68,54,14
S00126623,88,56,32
S00126624,81,67,14
S00126625,79,53,26
S00126626,87,47,40
S00126627,42,29,13
S00126628,101,84,17
S00126629,94,63,31
S00126630,54,43,11
S00126631,63,48,15
S00126632,79,64,15
S00126633,111,94,17
S00126634,62,54,8
S00126635,92,75,17
S00126636,73,63,10
S00126637,107,90,17
S00126638,90,74,16
S00126639,63,50,13
S00126640,102,82,20
S00126641,118,105,13
S00126642,134,113,21
S00126643,70,59,11
S00126644,107,91,16
S00126645,69,61,8
S00126646,83,68,15
S00126647,104,73,31
S00126648,102,68,34
S00126649,103,78,25
S00126650,97,86,11
S00126651,85,72,13
S00126652,77,62,15
S00126653,66,56,10
S00126654,88,75,13
S00126655,90,64,26
S00126656,88,75,13
S00126657,96,73,23
S00126658,79,45,34
S00126659,65,56,9
S00126660,84,79,5
S00126661,71,63,8
S00126662,60,40,20
S00126663,75,62,13
S00126664,64,47,17
S00126665,118,80,38
S00126666,120,70,50
S00126667,54,37,17
S00126668,78,45,33
S00126669,93,80,13
S00126670,51,33,18
S00126671,95,73,22
S00126672,56,41,15
S00126673,127,84,43
S00126674,54,38,16
S00126675,38,12,26
S00126676,80,52,28
S00126677,101,68,33
S00126678,100,74,26
S00126679,88,51,37
S00126680,85,53,32
S00126681,83,50,33
S00126682,87,52,35
S00126683,187,104,83
S00126684,87,55,32
S00126685,95,72,23
S00126686,62,43,19
S00126687,145,104,41
S00126688,60,54,6
S00126689,63,42,21
S00126690,100,62,38
S00126691,54,24,30
S00126692,81,63,18
S00126693,83,56,27
S00126694,103,72,31
S00126695,69,56,13
S00126696,47,44,3
S00126697,78,62,16
S00126698,46,32,14
S00126699,136,89,47
S00126700,48,36,12
S00126701,91,57,34
S00126702,79,48,31
S00126703,90,77,13
S00126704,59,46,13
S00126705,49,19,30
S00126706,69,49,20
S00126707,74,59,15
S00126708,106,85,21
S00126709,66,51,15
S00126710,101,61,40
S00126711,56,44,12
S00126712,89,74,15
S00126713,102,69,33
S00126714,110,86,24
S00126715,78,52,26
S00126716,78,53,25
S00126717,73,52,21
S00126718,81,65,16
S00126719,106,80,26
S00126720,64,43,21
S00126721,92,76,16
S00126722,100,77,23
S00126723,89,69,20
S00126724,71,56,15
S00126725,86,63,23
S00126726,111,79,32
S00126727,126,86,40
S00126728,51,35,16
S00126729,90,59,31
S00126730,110,76,34
S00126731,89,60,29
S00126732,66,50,16
S00126733,93,77,16
S00126734,86,71,15
S00126735,73,63,10
S00126736,81,67,14
S00126737,61,56,5
S00126738,84,67,17
S00126739,87,72,15
S00126740,93,66,27
S00126741,75,56,19
S00126742,74,53,21
S00126743,68,53,15
S00126744,65,41,24
S00126745,93,75,18
S00126746,61,50,11
S00126747,76,56,20
S00126748,66,47,19
S00126749,112,74,38
S00126750,92,67,25
S00126751,63,48,15
S00126752,69,50,19
S00126753,80,67,13
S00126754,78,54,24
S00126755,59,41,18
S00126756,101,63,38
S00126757,73,62,11
S00126758,76,49,27
S00126759,71,53,18
S00126760,66,54,12
S00126761,52,38,14
S00126762,63,41,22
S00126763,79,41,38
S00126764,92,51,41
S00126765,64,30,34
S00126766,93,69,24
S00126767,72,49,23
S00126768,43,28,15
S00126769,101,60,41
S00126770,81,51,30
S00126771,67,41,26
S00126772,99,69,30
S00126773,85,54,31
S00126774,109,83,26
S00126775,69,43,26
S00126776,51,38,13
S00126777,55,39,16
S00126778,56,39,17
S00126779,72,56,16
S00126780,77,48,29
S00126781,122,92,30
S00126782,121,82,39
S00126783,96,85,11
S00126784,58,39,19
S00126785,114,80,34
S00126786,87,52,35
S00126787,78,58,20
S00126788,64,45,19
S00126789,90,61,29
S00126790,69,44,25
S00126791,46,31,15
S00126792,60,46,14
S00126793,89,70,19
S00126794,107,63,44
S00126795,110,81,29
S00126796,59,39,20
S00126797,62,47,15
S00126798,119,79,40
S00126799,73,49,24
S00126800,65,44,21
S00126801,93,65,28
S00126802,49,37,12
S00126803,78,54,24
S00126804,54,39,15
S00126805,122,90,32
S00126806,63,54,9
S00126807,79,39,40
S00126808,60,43,17
S00126809,74,53,21
S00126810,74,59,15
S00126811,112,80,32
S00126812,65,40,25
S00126813,101,58,43
S00126814,83,64,19
S00126815,37,25,12
S00126816,82,63,19
S00126817,61,37,24
S00126818,101,68,33
S00126819,33,16,17
S00126820,51,26,25
S00126821,77,48,29
S00126822,65,32,33
S00126823,52,28,24
S00126824,51,28,23
S00126825,71,39,32
S00126826,67,42,25
S00126827,111,71,40
S00126828,101,62,39
S00126829,89,69,20
S00126830,61,49,12
S00126831,59,39,20
S00126832,48,35,13
S00126833,111,78,33
S00126834,73,52,21
S00126835,73,43,30
S00126836,69,50,19
S00126837,82,50,32
S00126838,45,38,7
S00126839,113,82,31
S00126840,127,100,27
S00126841,98,80,18
S00126842,94,78,16
S00126843,117,96,21
S00126844,101,77,24
S00126845,88,70,18
S00126846,51,28,23
S00126847,53,31,22
S00126848,68,42,26
S00126849,99,67,32
S00126850,82,53,29
S00126851,66,39,27
S00126852,79,59,20
S00126853,87,65,22
S00126854,63,44,19
S00126855,51,44,7
S00126856,93,80,13
S00126857,94,65,29
S00126858,50,25,25
S00126859,91,68,23
S00126860,83,54,29
S00126861,57,28,29
S00126862,86,53,33
S00126863,71,46,25
S00126864,130,91,39
S00126865,60,41,19
S00126866,56,41,15
S00126867,100,71,29
S00126868,80,58,22
S00126869,74,59,15
S00126870,87,63,24
S00126871,87,72,15
S00126872,94,74,20
S00126873,92,71,21
S00126874,86,56,30
S00126875,103,60,43
S00126876,60,45,15
S00126877,47,39,8
S00126878,100,74,26
S00126879,84,53,31
S00126880,94,74,20
S00126881,85,61,24
S00126882,94,72,22
S00126883,77,62,15
S00126884,74,48,26
S00126885,54,33,21
S00126886,61,40,21
S00126887,74,56,18
S00126888,59,46,13
S00126889,74,65,9
S00126890,72,46,26
S00126891,64,46,18
S00126892,93,71,22
S00126893,86,74,12
S00126894,72,42,30
S00126895,78,51,27
S00126896,110,80,30
S00126897,78,53,25
S00126898,110,71,39
S00126899,91,59,32
S00126900,75,49,26
S00126901,79,61,18
S00126902,68,41,27
S00126903,71,53,18
S00126904,96,66,30
S00126905,67,51,16
S00126906,122,89,33
S00126907,95,63,32
S00126908,102,75,27
S00126909,75,60,15
S00126910,97,66,31
S00126911,62,48,14
S00126912,98,69,29
S00126913,103,75,28
S00126914,52,34,18
S00126915,43,27,16
S00126916,59,50,9
S00126917,61,48,13
S00126918,65,46,19
S00126919,128,49,79
S00126920,60,39,21
S00126921,73,40,33
S00126922,94,44,50
S00126923,102,48,54
S00126924,55,40,15
S00126925,123,106,17
S00126926,45,22,23
S00126927,50,23,27
S00126928,61,42,19
S00126929,67,46,21
S00126930,102,66,36
S00126931,85,53,32
S00126932,110,73,37
S00126933,108,87,21
S00126934,53,33,20
S00126935,95,60,35
S00126936,94,71,23
S00126937,75,56,19
S00126938,72,54,18
S00126939,65,42,23
S00126940,67,40,27
S00126941,57,38,19
S00126942,69,43,26
S00126943,52,36,16
S00126944,70,47,23
S00126945,85,67,18
S00126946,100,81,19
S00126947,76,60,16
S00126948,75,58,17
S00126949,89,67,22
S00126950,64,51,13
S00126951,94,62,32
S00126952,97,61,36
S00126953,72,48,24
S00126954,99,69,30
S00126955,87,60,27
S00126956,65,45,20
S00126957,70,41,29
S00126958,90,68,22
S00126959,65,36,29
S00126960,125,95,30
S00126961,111,84,27
S00126962,65,35,30
S00126963,106,72,34
S00126964,104,73,31
S00126965,64,36,28
S00126966,87,61,26
S00126967,104,65,39
S00126968,62,43,19
S00126969,81,46,35
S00126970,72,42,30
S00126971,102,70,32
S00126972,67,48,19
S00126973,108,79,29
S00126974,76,59,17
S00126975,41,27,14
S00126976,106,82,24
S00126977,114,93,21
S00126978,98,78,20
S00126979,89,69,20
S00126980,96,61,35
S00126981,73,44,29
S00126982,86,55,31
S00126983,106,73,33
S00126984,79,52,27
S00126985,100,62,38
S00126986,52,37,15
S00126987,83,56,27
S00126988,87,48,39
S00126989,143,83,60
S00126990,58,38,20
S00126991,82,60,22
S00126992,119,74,45
S00126993,65,39,26
S00126994,61,35,26
S00126995,97,61,36
S00126996,93,71,22
S00126997,110,81,29
S00126998,148,128,20
S00126999,97,67,30
S00127000,90,73,17
S00127001,114,93,21
S00127002,99,84,15
S00127003,79,51,28
S00127004,127,95,32
S00127005,86,61,25
S00127006,101,65,36
S00127007,55,35,20
S00127008,134,105,29
S00127009,89,67,22
S00127010,47,38,9
S00127011,102,57,45
S00127012,45,35,10
S00127013,118,94,24
S00127014,58,40,18
S00127015,49,40,9
S00127016,86,69,17
S00127017,35,29,6
S00127018,77,52,25
S00127019,122,89,33
S00127020,61,43,18
S00127021,75,56,19
S00127022,64,42,22
S00127023,50,32,18
S00127024,70,48,22
S00127025,29,9,20
S00127026,89,60,29
S00127027,42,27,15
S00127028,58,39,19
S00127029,74,53,21
S00127030,63,44,19
S00127031,83,65,18
S00127032,51,41,10
S00127033,84,63,21
S00127034,68,37,31
S00127035,95,72,23
S00127036,145,105,40
S00127037,79,49,30
S00127038,106,60,46
S00127039,242,224,18
S00127040,78,58,20
S00127041,92,67,25
S00127042,304,104,200
S00127043,135,107,28
S00127044,81,65,16
S00127045,89,63,26
S00127046,67,54,13
S00127047,69,55,14
S00127048,44,27,17
S00127049,48,44,4
S00127050,119,98,21
S00127051,72,52,20
S00127052,86,64,22
S00127053,61,43,18
S00127054,68,40,28
S00127055,89,67,22
S00127056,196,184,12
S00127057,141,124,17
S00127058,76,60,16
S00127059,49,26,23
S00127060,88,64,24
S00127061,148,112,36
S00127062,75,50,25
S00127063,112,79,33
S00127064,89,51,38
S00127065,67,51,16
S00127066,96,77,19
S00127067,85,64,21
S00127068,48,39,9
S00127069,39,33,6
S00127070,84,62,22
S00127071,76,52,24
S00127072,102,79,23
S00127073,57,34,23
S00127074,51,32,19
S00127075,70,52,18
S00127076,67,40,27
S00127077,49,36,13
S00127078,47,36,11
S00127079,78,57,21
S00127080,81,55,26
S00127081,70,41,29
S00127082,114,66,48
S00127083,34,24,10
S00127084,48,35,13
S00127085,75,60,15
S00127086,67,47,20
S00127087,51,45,6
S00127088,57,38,19
S00127089,41,25,16
S00127090,103,91,12
S00127091,85,69,16
S00127092,129,93,36
S00127093,63,48,15
S00127094,41,30,11
S00127095,86,69,17
S00127096,57,38,19
S00127097,63,51,12
S00127098,79,50,29
S00127099,85,53,32
S00127100,31,16,15
S00127101,47,22,25
S00127102,66,48,18
S00127103,66,57,9
S00127104,80,61,19
S00127105,102,88,14
S00127106,50,29,21
S00127107,136,95,41
S00127108,99,89,10
S00127109,59,36,23
S00127110,64,46,18
S00127111,50,37,13
S00127112,61,41,20
S00127113,87,67,20
S00127114,112,105,7
S00127115,88,64,24
S00127116,140,112,28
S00127117,87,78,9
S00127118,117,103,14
S00127119,63,41,22
S00127120,35,17,18
S00127121,78,67,11
S00127122,99,83,16
S00127123,62,53,9
S00127124,58,50,8
S00127125,101,89,12
S00127126,92,59,33
S00127127,66,40,26
S00127128,81,61,20
S00127129,88,59,29
S00127130,69,47,22
S00127131,60,42,18
S00127132,68,30,38
S00127133,109,66,43
S00127134,69,53,16
S00127135,16,3,13
S00127136,76,48,28
S00127137,134,98,36
S00127138,107,89,18
S00127139,80,65,15
S00127140,59,45,14
S00127141,87,60,27
S00127142,83,61,22
S00127143,55,34,21
S00127144,59,35,24
S00127145,130,70,60
S00127146,55,36,19
S00127147,74,64,10
S00127148,47,33,14
S00127149,128,103,25
S00127150,90,57,33
S00127151,112,87,25
S00127152,255,103,152
S00127153,107,71,36
S00127154,83,54,29
S00127155,100,74,26
S00127156,139,93,46
S00127157,152,112,40
S00127158,110,73,37
S00127159,103,71,32
S00127160,67,41,26
S00127161,108,74,34
S00127162,106,73,33
S00127163,121,89,32
S00127164,108,64,44
S00127165,149,117,32
S00127166,120,89,31
S00127167,78,55,23
S00127168,96,57,39
S00127169,86,64,22
S00127170,39,28,11
S00127171,89,75,14
S00127172,54,41,13
S00127173,74,59,15
S00127174,66,50,16
S00127175,85,67,18
S00127176,123,73,50
S00127177,120,88,32
S00127178,93,67,26
S00127179,46,27,19
S00127180,92,63,29
S00127181,42,29,13
S00127182,93,62,31
S00127183,135,69,66
S00127184,97,72,25
S00127185,133,97,36
S00127186,80,57,23
S00127187,58,45,13
S00127188,56,36,20
S00127189,70,46,24
S00127190,74,54,20
S00127191,92,68,24
S00127192,90,59,31
S00127193,98,77,21
S00127194,110,87,23
S00127195,75,61,14
S00127196,79,48,31
S00127197,107,73,34
S00127198,94,63,31
S00127199,96,61,35
S00127200,101,75,26
S00127201,75,42,33
S00127202,106,76,30
S00127203,63,39,24
S00127204,39,31,8
S00127205,77,54,23
S00127206,74,54,20
S00127207,129,102,27
S00127208,72,41,31
S00127209,87,65,22
S00127210,104,82,22
S00127211,44,33,11
S00127212,78,63,15
S00127213,51,38,13
S00127214,112,80,32
S00127215,116,80,36
S00127216,104,60,44
S00127217,51,39,12
S00127218,93,70,23
S00127219,87,60,27
S00127220,42,29,13
S00127221,116,80,36
S00127222,67,47,20
S00127223,50,36,14
S00127224,115,83,32
S00127225,51,25,26
S00127226,96,75,21
S00127227,56,38,18
S00127228,35,27,8
S00127229,72,46,26
S00127230,117,73,44
S00127231,56,41,15
S00127232,88,65,23
S00127233,48,29,19
S00127234,68,53,15
S00127235,30,13,17
S00127236,55,50,5
S00127237,94,86,8
S00127238,102,73,29
S00127239,105,72,33
S00127240,134,103,31
S00127241,73,40,33
S00127242,81,67,14
S00127243,97,81,16
S00127244,82,65,17
S00127245,95,77,18
S00127246,70,62,8
S00127247,100,73,27
S00127248,56,40,16
S00127249,126,97,29
S00127250,113,83,30
S00127251,122,104,18
S00127252,47,34,13
S00127253,72,48,24
S00127254,88,72,16
S00127255,38,29,9
S00127256,154,144,10
S00127257,129,116,13
S00127258,101,87,14
S00127259,144,133,11
S00127260,96,86,10
S00127261,102,90,12
S00127262,49,46,3
S00127263,53,45,8
S00127264,104,76,28
S00127265,81,62,19
S00127266,108,73,35
S00127267,133,88,45
S00127268,83,62,21
S00127269,77,51,26
S00127270,55,31,24
S00127271,80,39,41
S00127272,35,28,7
S00127273,101,73,28
S00127274,54,36,18
S00127275,70,48,22
S00127276,74,48,26
S00127277,70,34,36
S00127278,96,77,19
S00127279,52,42,10
S00127280,44,36,8
S00127281,24,14,10
S00127282,37,20,17
S00127283,65,46,19
S00127284,129,99,30
S00127285,75,60,15
S00127286,76,36,40
S00127287,83,65,18
S00127288,93,82,11
S00127289,78,47,31
S00127290,82,49,33
S00127291,60,37,23
S00127292,67,38,29
S00127293,61,48,13
S00127294,70,42,28
S00127295,133,47,86
S00127296,94,51,43
S00127297,44,24,20
S00127298,70,53,17
S00127299,51,34,17
S00127300,86,69,17
S00127301,569,81,488
S00127302,53,40,13
S00127303,53,45,8
S00127304,18,9,9
S00127305,102,80,22
S00127306,57,45,12
S00127307,46,27,19
S00127308,87,65,22
S00127309,97,72,25
S00127310,90,75,15
S00127311,57,53,4
S00127312,60,44,16
S00127313,76,68,8
S00127314,78,59,19
S00127315,124,85,39
S00127316,83,67,16
S00127317,18,2,16
S00127318,108,91,17
S00127319,56,53,3
S00127320,56,39,17
S00127321,85,76,9
S00127322,137,90,47
S00127323,47,32,15
S00127324,120,94,26
S00127325,73,53,20
S00127326,61,44,17
S00127327,118,84,34
S00127328,60,45,15
S00127329,62,37,25
S00127330,73,44,29
S00127331,108,80,28
S00127332,66,57,9
S00127333,81,59,22
S00127334,98,58,40
S00127335,77,40,37
S00127336,70,33,37
S00127337,106,53,53
S00127338,100,64,36
S00127339,70,51,19
S00127340,76,60,16
S00127341,95,65,30
S00127342,78,48,30
S00127343,108,77,31
S00127344,42,26,16
S00127345,66,52,14
S00127346,88,65,23
S00127347,96,86,10
S00127348,73,46,27
S00127349,53,35,18
S00127350,96,62,34
S00127351,62,38,24
S00127352,120,91,29
S00127353,40,16,24
S00127354,32,6,26
S00127355,52,25,27
S00127356,118,82,36
S00127357,36,18,18
S00127358,108,77,31
S00127359,57,42,15
S00127360,98,73,25
S00127361,64,45,19
S00127362,33,20,13
S00127363,88,59,29
S00127364,64,46,18
S00127365,98,75,23
S00127366,138,104,34
S00127367,113,74,39
S00127368,107,67,40
S00127369,48,39,9
S00127370,113,78,35
S00127371,113,92,21
S00127372,261,176,85
S00127373,84,57,27
S00127374,41,22,19
S00127375,60,30,30
S00127376,66,33,33
S00127377,38,22,16
S00127378,107,77,30
S00127379,75,53,22
S00127380,75,54,21
S00127381,111,93,18
S00127382,132,115,17
S00127383,116,90,26
S00127384,103,81,22
S00127385,123,98,25
S00127386,136,116,20
S00127387,107,87,20
S00127388,81,40,41
S00127389,87,61,26
S00127390,87,72,15
S00127391,59,47,12
S00127392,50,46,4
S00127393,50,41,9
S00127394,46,25,21
S00127395,108,77,31
S00127396,122,91,31
S00127397,82,54,28
S00127398,93,74,19
S00127399,57,36,21
S00127400,39,30,9
S00127401,126,84,42
S00127402,88,63,25
S00127403,60,37,23
S00127404,92,59,33
S00127405,69,43,26
S00127406,88,57,31
S00127407,89,46,43
S00127408,116,79,37
S00127409,98,86,12
S00127410,90,64,26
S00127411,102,76,26
S00127412,78,36,42
S00127413,81,46,35
S00127414,58,42,16
S00127415,82,58,24
S00127416,96,64,32
S00127417,112,73,39
S00127418,21,8,13
S00127419,54,36,18
S00127420,71,42,29
S00127421,101,63,38
S00127422,61,46,15
S00127423,60,30,30
S00127424,64,35,29
S00127425,57,42,15
S00127426,84,66,18
S00127427,42,28,14
S00127428,73,50,23
S00127429,117,88,29
S00127430,86,55,31
S00127431,142,85,57
S00127432,103,59,44
S00127433,118,77,41
S00127434,75,45,30
S00127435,45,26,19
S00127436,48,27,21
S00127437,48,25,23
S00127438,43,24,19
S00127439,67,34,33
S00127440,94,45,49
S00127441,62,37,25
S00127442,69,42,27
S00127443,57,29,28
S00127444,57,31,26
S00127445,52,26,26
S00127446,45,21,24
S00127447,49,24,25
S00127448,64,28,36
S00127449,90,50,40
S00127450,66,47,19
S00127451,98,63,35
S00127452,51,32,19
S00127453,45,39,6
S00127454,66,34,32
S00127455,66,54,12
S00127456,61,48,13
S00127457,74,46,28
S00127458,153,124,29
S00127459,125,72,53
S00127460,87,78,9
S00127461,45,17,28
S00127462,76,59,17
S00127463,99,78,21
S00127464,89,50,39
S00127465,56,42,14
S00127466,66,29,37
S00127467,61,55,6
S00127468,92,52,40
S00127469,67,42,25
S00127470,84,51,33
S00127471,38,10,28
S00127472,67,40,27
S00127473,68,55,13
S00127474,91,50,41
S00127475,94,57,37
S00127476,45,27,18
S00127477,79,32,47
S00127478,107,98,9
S00127479,74,51,23
S00127480,83,36,47
S00127481,53,32,21
S00127482,56,27,29
S00127483,81,45,36
S00127484,73,55,18
S00127485,132,84,48
S00127486,64,33,31
S00127487,62,46,16
S00127488,95,56,39
S00127489,57,44,13
S00127490,64,50,14
S00127491,77,53,24
S00127492,56,45,11
S00127493,73,51,22
S00127494,86,44,42
S00127495,90,58,32
S00127496,68,48,20
S00127497,70,36,34
S00127498,79,50,29
S00127499,57,39,18
S00127500,66,38,28
S00127501,53,34,19
S00127502,62,41,21
S00127503,81,49,32
S00127504,45,33,12
S00127505,57,37,20
S00127506,129,103,26
S00127507,105,53,52
S00127508,60,42,18
S00127509,80,64,16
S00127510,114,75,39
S00127511,111,67,44
S00127512,83,56,27
S00127513,119,78,41
S00127514,45,22,23
S00127515,94,65,29
S00127516,105,72,33
S00127517,116,67,49
S00127518,107,73,34
S00127519,142,93,49
S00127520,62,34,28
S00127521,99,66,33
S00127522,79,52,27
S00127523,93,46,47
S00127524,52,34,18
S00127525,77,46,31
S00127526,72,50,22
S00127527,138,81,57
S00127528,44,27,17
S00127529,129,71,58
S00127530,70,48,22
S00127531,68,46,22
S00127532,117,85,32
S00127533,118,83,35
S00127534,65,47,18
S00127535,59,31,28
S00127536,62,41,21
S00127537,74,50,24
S00127538,61,39,22
S00127539,53,32,21
S00127540,107,72,35
S00127541,79,54,25
S00127542,115,76,39
S00127543,73,44,29
S00127544,123,80,43
S00127545,92,69,23
S00127546,103,72,31
S00127547,111,75,36
S00127548,52,31,21
S00127549,150,94,56
S00127550,110,64,46
S00127551,137,99,38
S00127552,100,61,39
S00127553,91,68,23
S00127554,114,85,29
S00127555,123,77,46
S00127556,106,73,33
S00127557,85,53,32
S00127558,99,75,24
S00127559,78,46,32
S00127560,88,59,29
S00127561,95,73,22
S00127562,75,58,17
S00127563,94,64,30
S00127564,55,37,18
S00127565,118,72,46
S00127566,69,54,15
S00127567,101,74,27
S00127568,100,65,35
S00127569,98,69,29
S00127570,78,55,23
S00127571,50,36,14
S00127572,86,60,26
S00127573,90,52,38
S00127574,151,95,56
S00127575,59,34,25
S00127576,73,54,19
S00127577,127,80,47
S00127578,105,63,42
S00127579,84,71,13
S00127580,59,46,13
S00127581,116,67,49
S00127582,69,50,19
S00127583,103,66,37
S00127584,81,52,29
S00127585,69,60,9
S00127586,98,64,34
S00127587,103,72,31
S00127588,103,75,28
S00127589,100,78,22
S00127590,133,96,37
S00127591,138,98,40
S00127592,110,82,28
S00127593,106,74,32
S00127594,39,28,11
S00127595,118,79,39
S00127596,127,87,40
S00127597,48,26,22
S00127598,107,63,44
S00127599,121,79,42
S00127600,49,36,13
S00127601,83,57,26
S00127602,73,41,32
S00127603,66,50,16
S00127604,43,30,13
S00127605,122,64,58
S00127606,75,46,29
S00127607,86,52,34
S00127608,60,34,26
S00127609,33,24,9
S00127610,78,53,25
S00127611,70,42,28
S00127612,57,33,24
S00127613,69,40,29
S00127614,120,75,45
S00127615,97,66,31
S00127616,100,54,46
S00127617,53,31,22
S00127618,48,28,20
S00127619,58,35,23
S00127620,83,53,30
S00127621,104,65,39
S00127622,98,60,38
S00127623,125,87,38
S00127624,57,36,21
S00127625,83,55,28
S00127626,73,59,14
S00127627,55,45,10
S00127628,70,40,30
S00127629,62,46,16
S00127630,59,44,15
S00127631,97,68,29
S00127632,66,46,20
S00127633,77,52,25
S00127634,47,32,15
S00127635,80,60,20
S00127636,44,31,13
S00127637,116,77,39
S00127638,72,45,27
S00127639,75,60,15
S00127640,62,34,28
S00127641,51,26,25
S00127642,58,32,26
S00127643,93,62,31
S00127644,86,55,31
S00127645,85,50,35
S00127646,125,92,33
S00127647,76,43,33
S00127648,68,41,27
S00127649,62,42,20
S00127650,53,37,16
S00127651,112,73,39
S00127652,58,34,24
S00127653,48,29,19
S00127654,94,84,10
S00127655,67,43,24
S00127656,45,25,20
S00127657,49,28,21
S00127658,39,12,27
S00127659,108,88,20
S00127660,72,51,21
S00127661,69,42,27
S00127662,70,52,18
S00127663,103,73,30
S00127664,74,45,29
S00127665,75,59,16
S00127666,55,41,14
S00127667,93,57,36
S00127668,60,30,30
S00127669,110,80,30
S00127670,43,40,3
S00127671,78,57,21
S00127672,95,75,20
S00127673,89,70,19
S00127674,85,54,31
S00127675,81,41,40
S00127676,62,41,21
S00127677,86,53,33
S00127678,89,68,21
S00127679,75,36,39
S00127680,54,28,26
S00127681,61,38,23
S00127682,74,26,48
S00127683,81,50,31
S00127684,67,47,20
S00127685,68,46,22
S00127686,82,52,30
S00127687,106,81,25
S00127688,96,60,36
S00127689,59,44,15
S00127690,53,38,15
S00127691,52,34,18
S00127692,77,39,38
S00127693,47,34,13
S00127694,60,35,25
S00127695,79,60,19
S00127696,68,55,13
S00127697,58,20,38
S00127698,65,35,30
S00127699,117,67,50
S00127700,55,37,18
S00127701,63,40,23
S00127702,64,35,29
S00127703,70,35,35
S00127704,48,37,11
S00127705,38,25,13
S00127706,62,48,14
S00127707,81,60,21
S00127708,55,36,19
S00127709,98,63,35
S00127710,76,56,20
S00127711,107,52,55
S00127712,83,53,30
S00127713,92,81,11
S00127714,77,63,14
S00127715,91,63,28
S00127716,87,52,35
S00127717,82,39,43
S00127718,50,30,20
S00127719,67,32,35
S00127720,110,77,33
S00127721,60,38,22
S00127722,83,51,32
S00127723,95,72,23
S00127724,87,60,27
S00127725,99,74,25
S00127726,77,45,32
S00127727,69,48,21
S00127728,119,92,27
S00127729,83,77,6
S00127730,58,26,32
S00127731,82,54,28
S00127732,93,67,26
S00127733,48,35,13
S00127734,56,42,14
S00127735,89,58,31
S00127736,56,37,19
S00127737,68,47,21
S00127738,66,45,21
S00127739,107,74,33
S00127740,87,62,25
S00127741,70,48,22
S00127742,51,33,18
S00127743,50,41,9
S00127744,103,78,25
S00127745,124,98,26
S00127746,95,76,19
S00127747,81,55,26
S00127748,79,55,24
S00127749,110,71,39
S00127750,69,49,20
S00127751,81,55,26
S00127752,88,55,33
S00127753,40,30,10
S00127754,60,44,16
S00127755,91,53,38
S00127756,85,52,33
S00127757,120,75,45
S00127758,94,71,23
S00127759,92,69,23
S00127760,88,75,13
S00127761,80,58,22
S00127762,73,49,24
S00127763,66,38,28
S00127764,105,75,30
S00127765,124,76,48
S00127766,124,90,34
S00127767,90,68,22
S00127768,110,76,34
S00127769,59,47,12
S00127770,124,95,29
S00127771,119,78,41
S00127772,55,27,28
S00127773,62,40,22
S00127774,71,51,20
S00127775,94,74,20
S00127776,82,59,23
S00127777,78,49,29
S00127778,151,96,55
S00127779,140,99,41
S00127780,92,58,34
S00127781,82,54,28
S00127782,88,70,18
S00127783,79,45,34
S00127784,79,45,34
S00127785,76,42,34
S00127786,101,75,26
S00127787,61,40,21
S00127788,76,52,24
S00127789,112,88,24
S00127790,51,32,19
S00127791,124,95,29
S00127792,97,70,27
S00127793,86,60,26
S00127794,83,56,27
S00127795,89,60,29
S00127796,86,80,6
S00127797,96,68,28
S00127798,105,68,37
S00127799,95,82,13
S00127800,56,25,31
S00127801,44,29,15
S00127802,43,12,31
S00127803,44,12,32
S00127804,52,17,35
S00127805,38,16,22
S00127806,62,33,29
S00127807,58,43,15
S00127808,104,83,21
S00127809,117,93,24
S00127810,57,46,11
S00127811,81,57,24
S00127812,128,96,32
S00127813,99,80,19
S00127814,69,47,22
S00127815,82,61,21
S00127816,68,55,13
S00127817,87,54,33
S00127818,49,20,29
S00127819,82,49,33
S00127820,78,45,33
S00127821,68,41,27
S00127822,62,33,29
S00127823,80,38,42
S00127824,58,28,30
S00127825,45,28,17
S00127826,64,36,28
S00127827,40,18,22
S00127828,58,40,18
S00127829,100,81,19
S00127830,83,48,35
S00127831,97,68,29
S00127832,62,36,26
S00127833,154,101,53
S00127834,141,102,39
S00127835,59,39,20
S00127836,75,55,20
S00127837,57,37,20
S00127838,65,41,24
S00127839,135,102,33
S00127840,86,47,39
S00127841,93,60,33
S00127842,82,68,14
S00127843,52,36,16
S00127844,62,41,21
S00127845,108,79,29
S00127846,101,70,31
S00127847,74,61,13
S00127848,86,64,22
S00127849,50,38,12
S00127850,38,23,15
S00127851,115,73,42
S00127852,59,38,21
S00127853,50,32,18
S00127854,109,68,41
S00127855,79,45,34
S00127856,111,61,50
S00127857,46,37,9
S00127858,130,90,40
S00127859,80,52,28
S00127860,111,81,30
S00127861,267,111,156
S00127862,46,36,10
S00127863,94,51,43
S00127864,77,54,23
S00127865,49,32,17
S00127866,92,51,41
S00127867,85,58,27
S00127868,95,66,29
S00127869,66,42,24
S00127870,86,57,29
S00127871,64,43,21
S00127872,70,48,22
S00127873,86,68,18
S00127874,110,83,27
S00127875,75,40,35
S00127876,92,64,28
S00127877,53,33,20
S00127878,89,58,31
S00127879,72,52,20
S00127880,63,39,24
S00127881,72,47,25
S00127882,91,53,38
S00127883,112,81,31
S00127884,84,62,22
S00127885,74,53,21
S00127886,73,47,26
S00127887,61,45,16
S00127888,70,58,12
S00127889,79,51,28
S00127890,90,66,24
S00127891,85,53,32
S00127892,137,94,43
S00127893,110,68,42
S00127894,88,62,26
S00127895,58,30,28
S00127896,83,45,38
S00127897,108,74,34
S00127898,105,59,46
S00127899,71,47,24
S00127900,77,51,26
S00127901,76,48,28
S00127902,75,48,27
S00127903,85,59,26
S00127904,84,48,36
S00127905,77,54,23
S00127906,80,67,13
S00127907,98,67,31
S00127908,71,53,18
S00127909,89,45,44
S00127910,81,59,22
S00127911,117,80,37
S00127912,114,72,42
S00127913,89,68,21
S00127914,59,38,21
S00127915,75,49,26
S00127916,72,56,16
S00127917,93,71,22
S00127918,93,58,35
S00127919,103,76,27
S00127920,78,49,29
S00127921,43,30,13
S00127922,59,38,21
S00127923,84,51,33
S00127924,71,43,28
S00127925,93,65,28
S00127926,96,72,24
S00127927,147,114,33
S00127928,120,95,25
S00127929,75,55,20
S00127930,56,36,20
S00127931,56,38,18
S00127932,72,57,15
S00127933,103,83,20
S00127934,109,79,30
S00127935,94,58,36
S00127936,66,42,24
S00127937,80,52,28
S00127938,93,57,36
S00127939,71,62,9
S00127940,101,70,31
S00127941,82,65,17
S00127942,53,40,13
S00127943,37,9,28
S00127944,68,62,6
S00127945,87,51,36
S00127946,80,57,23
S00127947,86,37,49
S00127948,80,47,33
S00127949,59,35,24
S00127950,56,47,9
S00127951,54,35,19
S00127952,49,26,23
S00127953,88,64,24
S00127954,83,60,23
S00127955,41,20,21
S00127956,110,73,37
S00127957,71,51,20
S00127958,91,63,28
S00127959,55,42,13
S00127960,45,37,8
S00127961,63,47,16
S00127962,64,42,22
S00127963,43,30,13
S00127964,43,30,13
S00127965,52,24,28
S00127966,50,32,18
S00127967,88,63,25
S00127968,102,65,37
S00127969,81,53,28
S00127970,52,38,14
S00127971,72,53,19
S00127972,81,56,25
S00127973,98,73,25
S00127974,75,53,22
S00127975,110,83,27
S00127976,69,53,16
S00127977,100,62,38
S00127978,104,79,25
S00127979,83,54,29
S00127980,110,77,33
S00127981,101,68,33
S00127982,89,57,32
S00127983,76,63,13
S00127984,73,56,17
S00127985,106,81,25
S00127986,79,59,20
S00127987,69,56,13
S00127988,101,65,36
S00127989,98,75,23
S00127990,112,76,36
S00127991,71,54,17
S00127992,57,37,20
S00127993,118,75,43
S00127994,92,69,23
S00127995,87,59,28
S00127996,79,54,25
S00127997,70,57,13
S00127998,57,38,19
S00127999,35,22,13
S00128000,99,64,35
S00128001,74,56,18
S00128002,76,59,17
S00128003,50,31,19
S00128004,96,66,30
S00128005,67,53,14
S00128006,79,58,21
S00128007,56,35,21
S00128008,50,31,19
S00128009,74,41,33
S00128010,71,52,19
S00128011,85,67,18
S00128012,78,60,18
S00128013,54,35,19
S00128014,88,51,37
S00128015,121,70,51
S00128016,75,47,28
S00128017,59,33,26
S00128018,79,42,37
S00128019,56,38,18
S00128020,69,42,27
S00128021,52,39,13
S00128022,57,42,15
S00128023,58,40,18
S00128024,68,43,25
S00128025,83,56,27
S00128026,99,67,32
S00128027,100,48,52
S00128028,48,29,19
S00128029,97,75,22
S00128030,58,34,24
S00128031,93,47,46
S00128032,84,38,46
S00128033,42,19,23
S00128034,87,67,20
S00128035,110,93,17
S00128036,79,57,22
S00128037,54,43,11
S00128038,52,27,25
S00128039,122,80,42
S00128040,41,15,26
S00128041,41,28,13
S00128042,72,47,25
S00128043,57,29,28
S00128044,99,59,40
S00128045,82,58,24
S00128046,103,70,33
S00128047,74,43,31
S00128048,64,44,20
S00128049,62,47,15
S00128050,72,48,24
S00128051,61,48,13
S00128052,77,52,25
S00128053,98,68,30
S00128054,73,66,7
S00128055,127,80,47
S00128056,51,42,9
S00128057,118,103,15
S00128058,146,135,11
S00128059,93,87,6
S00128060,66,40,26
S00128061,63,38,25
S00128062,72,55,17
S00128063,62,33,29
S00128064,80,62,18
S00128065,59,34,25
S00128066,93,55,38
S00128067,66,37,29
S00128068,72,48,24
S00128069,46,26,20
S00128070,58,27,31
S00128071,58,44,14
S00128072,127,85,42
S00128073,50,32,18
S00128074,71,52,19
S00128075,47,36,11
S00128076,72,46,26
S00128077,90,53,37
S00128078,44,20,24
S00128079,52,28,24
S00128080,82,51,31
S00128081,48,21,27
S00128082,66,33,33
S00128083,70,48,22
S00128084,98,54,44
S00128085,64,38,26
S00128086,49,25,24
S00128087,99,59,40
S00128088,78,45,33
S00128089,64,31,33
S00128090,71,39,32
S00128091,71,40,31
S00128092,70,48,22
S00128093,76,53,23
S00128094,69,36,33
S00128095,72,48,24
S00128096,68,36,32
S00128097,94,52,42
S00128098,86,56,30
S00128099,61,34,27
S00128100,88,52,36
S00128101,91,54,37
S00128102,66,36,30
S00128103,62,38,24
S00128104,79,44,35
S00128105,52,33,19
S00128106,55,33,22
S00128107,57,35,22
S00128108,111,69,42
S00128109,84,48,36
S00128110,88,48,40
S00128111,102,57,45
S00128112,148,98,50
S00128113,102,47,55
S00128114,78,48,30
S00128115,77,56,21
S00128116,66,37,29
S00128117,61,37,24
S00128118,115,77,38
S00128119,77,61,16
S00128120,92,64,28
S00128121,92,68,24
S00128122,91,56,35
S00128123,95,66,29
S00128124,92,65,27
S00128125,132,87,45
S00128126,58,30,28
S00128127,89,80,9
S00128128,78,68,10
S00128129,97,42,55
S00128130,42,33,9
S00128131,75,43,32
S00128132,81,71,10
S00128133,92,54,38
S00128134,68,33,35
S00128135,77,56,21
S00128136,84,49,35
S00128137,118,81,37
S00128138,35,24,11
S00128139,86,56,30
S00128140,71,54,17
S00128141,80,49,31
S00128142,34,21,13
S00128143,25,16,9
S00128144,150,124,26
S00128145,83,67,16
S00128146,105,62,43
S00128147,75,60,15
S00128148,73,44,29
S00128149,63,49,14
S00128150,102,83,19
S00128151,118,97,21
S00128152,106,88,18
S00128153,109,92,17
S00128154,109,92,17
S00128155,94,67,27
S00128156,118,85,33
S00128157,93,65,28
S00128158,61,34,27
S00128159,52,34,18
S00128160,57,32,25
S00128161,98,56,42
S00128162,84,54,30
S00128163,90,53,37
S00128164,67,56,11
S00128165,68,60,8
S00128166,50,35,15
S00128167,67,42,25
S00128168,99,63,36
S00128169,59,41,18
S00128170,106,72,34
S00128171,85,56,29
S00128172,66,40,26
S00128173,88,58,30
S00128174,74,48,26
S00128175,63,37,26
S00128176,106,88,18
S00128177,104,75,29
S00128178,79,48,31
S00128179,69,55,14
S00128180,76,48,28
S00128181,91,55,36
S00128182,68,50,18
S00128183,68,44,24
S00128184,51,28,23
S00128185,133,87,46
S00128186,55,33,22
S00128187,82,46,36
S00128188,78,51,27
S00128189,69,40,29
S00128190,95,59,36
S00128191,65,40,25
S00128192,76,59,17
S00128193,68,43,25
S00128194,86,46,40
S00128195,99,61,38
S00128196,87,57,30
S00128197,119,76,43
S00128198,101,59,42
S00128199,66,48,18
S00128200,60,40,20
S00128201,97,61,36
S00128202,73,48,25
S00128203,87,54,33
S00128204,62,35,27
S00128205,119,85,34
S00128206,123,83,40
S00128207,45,23,22
S00128208,50,24,26
S00128209,49,41,8
S00128210,97,65,32
S00128211,76,59,17
S00128212,67,57,10
S00128213,68,52,16
S00128214,58,36,22
S00128215,41,26,15
S00128216,69,57,12
S00128217,63,40,23
S00128218,70,49,21
S00128219,54,34,20
S00128220,77,36,41
S00128221,72,49,23
S00128222,52,37,15
S00128223,37,24,13
S00128224,85,69,16
S00128225,96,69,27
S00128226,92,55,37
S00128227,81,41,40
S00128228,126,97,29
S00128229,106,75,31
S00128230,75,48,27
S00128231,58,30,28
S00128232,75,48,27
S00128233,86,62,24
S00128234,69,42,27
S00128235,70,39,31
S00128236,106,65,41
S00128237,88,49,39
S00128238,94,46,48
S00128239,118,79,39
S00128240,102,71,31
S00128241,101,73,28
S00128242,151,119,32
S00128243,95,75,20
S00128244,100,61,39
S00128245,77,57,20
S00128246,105,71,34
S00128247,80,45,35
S00128248,64,51,13
S00128249,56,49,7
S00128250,88,70,18
S00128251,134,107,27
S00128252,147,107,40
S00128253,113,78,35
S00128254,133,85,48
S00128255,157,100,57
S00128256,103,60,43
S00128257,121,87,34
S00128258,79,63,16
S00128259,80,57,23
S00128260,66,45,21
S00128261,130,103,27
S00128262,87,61,26
S00128263,77,50,27
S00128264,116,81,35
S00128265,126,85,41
S00128266,132,95,37
S00128267,106,73,33
S00128268,96,62,34
S00128269,67,40,27
S00128270,96,65,31
S00128271,100,65,35
S00128272,104,68,36
S00128273,101,66,35
S00128274,103,68,35
S00128275,111,77,34
S00128276,90,65,25
S00128277,106,74,32
S00128278,88,60,28
S00128279,104,68,36
S00128280,144,101,43
S00128281,94,60,34
S00128282,51,34,17
S00128283,77,57,20
S00128284,71,32,39
S00128285,82,54,28
S00128286,69,41,28
S00128287,70,49,21
S00128288,79,48,31
S00128289,84,55,29
S00128290,61,42,19
S00128291,93,53,40
S00128292,101,66,35
S00128293,90,63,27
S00128294,64,40,24
S00128295,120,77,43
S00128296,100,66,34
S00128297,69,38,31
S00128298,116,79,37
S00128299,66,39,27
S00128300,87,58,29
S00128301,77,49,28
S00128302,107,79,28
S00128303,94,58,36
S00128304,54,35,19
S00128305,125,84,41
S00128306,83,53,30
S00128307,62,43,19
S00128308,105,75,30
S00128309,141,111,30
S00128310,128,96,32
S00128311,98,78,20
S00128312,78,42,36
S00128313,116,92,24
S00128314,106,84,22
S00128315,50,42,8
S00128316,76,53,23
S00128317,103,74,29
S00128318,94,82,12
S00128319,123,103,20
S00128320,124,83,41
S00128321,81,60,21
S00128322,137,111,26
S00128323,131,89,42
S00128324,118,88,30
S00128325,113,56,57
S00128326,134,101,33
S00128327,101,55,46
S00128328,84,46,38
S00128329,78,57,21
S00128330,55,34,21
S00128331,89,65,24
S00128332,91,59,32
S00128333,78,49,29
S00128334,96,73,23
S00128335,55,32,23
S00128336,152,107,45
S00128337,114,82,32
S00128338,94,69,25
S00128339,133,83,50
S00128340,122,94,28
S00128341,83,67,16
S00128342,99,88,11
S00128343,119,101,18
S00128344,93,66,27
S00128345,74,57,17
S00128346,95,62,33
S00128347,66,45,21
S00128348,66,39,27
S00128349,86,67,19
S00128350,109,64,45
S00128351,65,39,26
S00128352,70,53,17
S00128353,66,46,20
S00128354,118,83,35
S00128355,105,76,29
S00128356,106,61,45
S00128357,122,97,25
S00128358,111,85,26
S00128359,119,90,29
S00128360,132,109,23
S00128361,130,101,29
S00128362,110,72,38
S00128363,72,46,26
S00128364,58,28,30
S00128365,80,57,23
S00128366,108,68,40
S00128367,89,71,18
S00128368,59,39,20
S00128369,114,84,30
S00128370,134,106,28
S00128371,90,55,35
S00128372,101,66,35
S00128373,55,20,35
S00128374,69,44,25
S00128375,139,101,38
S00128376,115,75,40
S00128377,83,61,22
S00128378,141,97,44
S00128379,90,59,31
S00128380,74,48,26
S00128381,121,75,46
S00128382,123,71,52
S00128383,113,84,29
S00128384,124,99,25
S00128385,94,71,23
S00128386,83,54,29
S00128387,84,59,25
S00128388,66,48,18
S00128389,75,52,23
S00128390,92,75,17
S00128391,122,74,48
S00128392,130,86,44
S00128393,147,114,33
S00128394,47,34,13
S00128395,71,59,12
S00128396,80,66,14
S00128397,69,47,22
S00128398,101,65,36
S00128399,103,75,28
S00128400,94,56,38
S00128401,97,76,21
S00128402,54,39,15
S00128403,123,110,13
S00128404,117,101,16
S00128405,87,67,20
S00128406,131,108,23
S00128407,147,100,47
S00128408,73,47,26
S00128409,66,51,15
S00128410,53,35,18
S00128411,122,92,30
S00128412,64,41,23
S00128413,85,73,12
S00128414,68,49,19
S00128415,115,82,33
S00128416,84,56,28
S00128417,72,50,22
S00128418,71,55,16
S00128419,75,45,30
S00128420,109,82,27
S00128421,112,80,32
S00128422,149,98,51
S00128423,151,110,41
S00128424,122,83,39
S00128425,171,125,46
S00128426,123,100,23
S00128427,117,71,46
S00128428,93,68,25
S00128429,134,99,35
S00128430,116,81,35
S00128431,87,59,28
S00128432,70,50,20
S00128433,49,34,15
S00128434,71,47,24
S00128435,99,80,19
S00128436,92,58,34
S00128437,64,40,24
S00128438,88,67,21
S00128439,73,48,25
S00128440,111,66,45
S00128441,113,73,40
S00128442,66,43,23
S00128443,88,59,29
S00128444,153,109,44
S00128445,116,80,36
S00128446,108,69,39
S00128447,163,133,30
S00128448,142,102,40
S00128449,94,61,33
S00128450,132,82,50
S00128451,132,98,34
S00128452,109,74,35
S00128453,75,46,29
S00128454,96,61,35
S00128455,78,51,27
S00128456,140,122,18
S00128457,55,36,19
S00128458,100,72,28
S00128459,45,32,13
S00128460,65,48,17
S00128461,54,40,14
S00128462,68,43,25
S00128463,95,59,36
S00128464,62,46,16
S00128465,67,47,20
S00128466,75,50,25
S00128467,51,41,10
S00128468,93,64,29
S00128469,74,59,15
S00128470,89,76,13
S00128471,62,51,11
S00128472,50,42,8
S00128473,117,67,50
S00128474,98,63,35
S00128475,39,31,8
S00128476,105,67,38
S00128477,96,70,26
S00128478,51,30,21
S00128479,57,41,16
S00128480,126,102,24
S00128481,64,44,20
S00128482,57,33,24
S00128483,72,44,28
S00128484,52,28,24
S00128485,49,41,8
S00128486,94,73,21
S00128487,116,85,31
S00128488,151,123,28
S00128489,90,55,35
S00128490,73,52,21
S00128491,110,80,30
S00128492,47,21,26
S00128493,60,36,24
S00128494,66,47,19
S00128495,102,72,30
S00128496,111,67,44
S00128497,98,72,26
S00128498,139,109,30
S00128499,110,80,30
S00128500,93,64,29
S00128501,42,22,20
S00128502,109,67,42
S00128503,77,50,27
S00128504,65,39,26
S00128505,44,29,15
S00128506,71,52,19
S00128507,49,26,23
S00128508,49,34,15
S00128509,64,37,27
S00128510,121,76,45
S00128511,66,46,20
S00128512,56,34,22
S00128513,81,51,30
S00128514,64,35,29
S00128515,98,61,37
S00128516,90,70,20
S00128517,47,28,19
S00128518,42,28,14
S00128519,80,43,37
S00128520,66,38,28
S00128521,92,53,39
S00128522,46,25,21
S00128523,47,33,14
S00128524,83,44,39
S00128525,61,36,25
S00128526,52,39,13
S00128527,80,39,41
S00128528,78,59,19
S00128529,260,137,123
S00128530,120,92,28
S00128531,73,46,27
S00128532,58,46,12
S00128533,122,97,25
S00128534,76,63,13
S00128535,39,28,11
S00128536,70,50,20
S00128537,136,89,47
S00128538,87,64,23
S00128539,133,104,29
S00128540,49,25,24
S00128541,121,68,53
S00128542,35,14,21
S00128543,139,105,34
S00128544,105,76,29
S00128545,47,42,5
S00128546,55,38,17
S00128547,42,27,15
S00128548,90,61,29
S00128549,98,59,39
S00128550,64,40,24
S00128551,71,52,19
S00128552,66,50,16
S00128553,61,31,30
S00128554,122,87,35
S00128555,71,51,20
S00128556,81,59,22
S00128557,63,33,30
S00128558,55,36,19
S00128559,81,56,25
S00128560,60,37,23
S00128561,62,43,19
S00128562,83,67,16
S00128563,112,92,20
S00128564,98,81,17
S00128565,125,91,34
S00128566,63,37,26
S00128567,54,36,18
S00128568,62,44,18
S00128569,41,36,5
S00128570,59,40,19
S00128571,89,45,44
S00128572,96,54,42
S00128573,72,58,14
S00128574,68,40,28
S00128575,45,13,32
S00128576,115,88,27
S00128577,67,33,34
S00128578,74,29,45
S00128579,55,21,34
S00128580,61,34,27
S00128581,59,40,19
S00128582,130,95,35
S00128583,73,40,33
S00128584,67,38,29
S00128585,80,55,25
S00128586,105,73,32
S00128587,104,73,31
S00128588,69,47,22
S00128589,47,23,24
S00128590,52,26,26
S00128591,53,33,20
S00128592,51,31,20
S00128593,50,32,18
S00128594,58,29,29
S00128595,31,13,18
S00128596,31,9,22
S00128597,26,4,22
S00128598,33,8,25
S00128599,64,51,13
S00128600,102,89,13
S00128601,67,33,34
S00128602,32,17,15
S00128603,61,34,27
S00128604,46,29,17
S00128605,63,31,32
S00128606,50,27,23
S00128607,74,55,19
S00128608,62,50,12
S00128609,102,89,13
S00128610,83,42,41
S00128611,53,29,24
S00128612,42,22,20
S00128613,83,56,27
S00128614,49,29,20
S00128615,68,46,22
S00128616,83,60,23
S00128617,110,86,24
S00128618,58,44,14
S00128619,36,22,14
S00128620,44,17,27
S00128621,124,101,23
S00128622,59,46,13
S00128623,88,69,19
S00128624,65,31,34
S00128625,89,61,28
S00128626,109,85,24
S00128627,67,46,21
S00128628,127,106,21
S00128629,92,54,38
S00128630,58,35,23
S00128631,61,43,18
S00128632,79,50,29
S00128633,133,122,11
S00128634,95,81,14
S00128635,120,62,58
S00128636,125,51,74
S00128637,110,93,17
S00128638,102,74,28
S00128639,108,102,6
S00128640,84,53,31
S00128641,89,55,34
S00128642,88,59,29
S00128643,89,62,27
S00128644,53,43,10
S00128645,73,55,18
S00128646,85,62,23
S00128647,54,35,19
S00128648,75,44,31
S00128649,66,40,26
S00128650,86,51,35
S00128651,70,47,23
S00128652,84,48,36
S00128653,93,59,34
S00128654,113,83,30
S00128655,126,92,34
S00128656,58,51,7
S00128657,109,91,18
S00128658,117,85,32
S00128659,128,101,27
S00128660,91,78,13
S00128661,86,60,26
S00128662,68,50,18
S00128663,94,76,18
S00128664,123,88,35
S00128665,67,51,16
S00128666,101,81,20
S00128667,93,58,35
S00128668,116,85,31
S00128669,70,51,19
S00128670,87,65,22
S00128671,70,40,30
S00128672,48,24,24
S00128673,52,36,16
S00128674,14,3,11
S00128675,137,109,28
S00128676,134,108,26
S00128677,96,56,40
S00128678,53,31,22
S00128679,104,56,48
S00128680,130,91,39
S00128681,39,33,6
S00128682,39,25,14
S00128683,101,65,36
S00128684,66,38,28
S00128685,86,68,18
S00128686,98,81,17
S00128687,61,39,22
S00128688,75,43,32
S00128689,36,14,22
S00128690,78,43,35
S00128691,48,30,18
S00128692,81,45,36
S00128693,74,43,31
S00128694,59,46,13
S00128695,43,29,14
S00128696,52,36,16
S00128697,84,47,37
S00128698,97,75,22
S00128699,68,38,30
S00128700,50,38,12
S00128701,48,28,20
S00128702,86,40,46
S00128703,82,54,28
S00128704,83,71,12
S00128705,66,53,13
S00128706,98,89,9
S00128707,97,87,10
S00128708,76,63,13
S00128709,217,71,146
S00128710,67,42,25
S00128711,80,56,24
S00128712,73,58,15
S00128713,60,25,35
S00128714,52,44,8
S00128715,115,96,19
S00128716,56,42,14
S00128717,46,33,13
S00128718,79,61,18
S00128719,53,38,15
S00128720,88,69,19
S00128721,104,82,22
S00128722,94,60,34
S00128723,90,71,19
S00128724,52,47,5
S00128725,61,52,9
S00128726,51,43,8
S00128727,49,36,13
S00128728,71,58,13
S00128729,155,107,48
S00128730,79,57,22
S00128731,103,86,17
S00128732,37,18,19
S00128733,10,1,9
S00128734,17,2,15
S00128735,93,68,25
S00128736,65,52,13
S00128737,110,89,21
S00128738,122,87,35
S00128739,146,111,35
S00128740,166,139,27
S00128741,134,109,25
S00128742,83,55,28
S00128743,48,37,11
S00128744,91,65,26
S00128745,114,83,31
S00128746,59,40,19
S00128747,55,47,8
S00128748,54,36,18
S00128749,30,17,13
S00128750,37,17,20
S00128751,79,63,16
S00128752,46,42,4
S00128753,74,54,20
S00128754,147,121,26
S00128755,53,38,15
S00128756,59,44,15
S00128757,163,123,40
S00128758,72,45,27
S00128759,77,54,23
S00128760,76,55,21
S00128761,64,57,7
S00128762,150,129,21
S00128763,70,62,8
S00128764,182,158,24
S00128765,129,101,28
S00128766,127,106,21
S00128767,134,118,16
S00128768,59,45,14
S00128769,46,39,7
S00128770,75,62,13
S00128771,71,57,14
S00128772,46,19,27
S00128773,118,84,34
S00128774,123,105,18
S00128775,90,77,13
S00128776,81,67,14
S00128777,92,58,34
S00128778,109,83,26
S00128779,66,55,11
S00128780,55,49,6
S00128781,120,91,29
S00128782,159,141,18
S00128783,111,87,24
S00128784,82,69,13
S00128785,139,96,43
S00128786,86,52,34
S00128787,115,77,38
S00128788,121,98,23
S00128789,129,113,16
S00128790,84,67,17
S00128791,126,104,22
S00128792,62,47,15
S00128793,36,20,16
S00128794,69,40,29
S00128795,42,26,16
S00128796,60,38,22
S00128797,55,37,18
S00128798,85,67,18
S00128799,120,93,27
S00128800,99,76,23
S00128801,102,78,24
S00128802,95,51,44
S00128803,81,38,43
S00128804,121,73,48
S00128805,45,25,20
S00128806,88,45,43
S00128807,69,43,26
S00128808,88,56,32
S00128809,67,28,39
S00128810,107,58,49
S00128811,86,59,27
S00128812,118,82,36
S00128813,58,37,21
S00128814,77,64,13
S00128815,53,26,27
S00128816,71,43,28
S00128817,73,55,18
S00128818,117,104,13
S00128819,102,80,22
S00128820,77,64,13
S00128821,111,85,26
S00128822,82,55,27
S00128823,50,26,24
S00128824,178,123,55
S00128825,127,100,27
S00128826,52,40,12
S00128827,73,53,20
S00128828,71,45,26
S00128829,78,62,16
S00128830,53,34,19
S00128831,85,65,20
S00128832,55,31,24
S00128833,91,57,34
S00128834,61,37,24
S00128835,80,54,26
S00128836,105,69,36
S00128837,140,115,25
S00128838,94,82,12
S00128839,102,84,18
S00128840,88,77,11
S00128841,153,124,29
S00128842,68,46,22
S00128843,109,81,28
S00128844,76,64,12
S00128845,63,47,16
S00128846,93,61,32
S00128847,55,33,22
S00128848,73,34,39
S00128849,93,62,31
S00128850,125,109,16
S00128851,124,105,19
S00128852,122,100,22
S00128853,79,72,7
S00128854,134,113,21
S00128855,150,122,28
S00128856,60,57,3
S00128857,66,42,24
S00128858,42,36,6
S00128859,67,48,19
S00128860,102,59,43
S00128861,81,58,23
S00128862,52,31,21
S00128863,185,154,31
S00128864,73,59,14
S00128865,110,92,18
S00128866,58,37,21
S00128867,49,47,2
S00128868,162,132,30
S00128869,78,70,8
S00128870,40,23,17
S00128871,50,36,14
S00128872,65,50,15
S00128873,110,79,31
S00128874,63,48,15
S00128875,73,36,37
S00128876,48,23,25
S00128877,76,45,31
S00128878,57,46,11
S00128879,67,47,20
S00128880,62,38,24
S00128881,144,111,33
S00128882,57,44,13
S00128883,90,70,20
S00128884,163,134,29
S00128885,118,88,30
S00128886,143,116,27
S00128887,50,38,12
S00128888,44,35,9
S00128889,81,54,27
S00128890,80,65,15
S00128891,116,108,8
S00128892,51,33,18
S00128893,86,58,28
S00128894,61,43,18
S00128895,76,51,25
S00128896,66,52,14
S00128897,232,189,43
S00128898,110,88,22
S00128899,88,76,12
S00128900,140,99,41
S00128901,80,69,11
S00128902,125,113,12
S00128903,96,83,13
S00128904,121,106,15
S00128905,81,70,11
S00128906,117,81,36
S00128907,79,59,20
S00128908,112,78,34
S00128909,41,29,12
S00128910,125,85,40
S00128911,41,31,10
S00128912,79,42,37
S00128913,73,51,22
S00128914,91,50,41
S00128915,84,62,22
S00128916,75,51,24
S00128917,87,65,22
S00128918,124,100,24
S00128919,91,67,24
S00128920,141,94,47
S00128921,105,91,14
S00128922,64,42,22
S00128923,120,99,21
S00128924,80,68,12
S00128925,119,100,19
S00128926,147,128,19
S00128927,81,68,13
S00128928,137,98,39
S00128929,69,44,25
S00128930,105,62,43
S00128931,79,63,16
S00128932,132,106,26
S00128933,70,55,15
S00128934,132,112,20
S00128935,63,52,11
S00128936,128,103,25
S00128937,89,64,25
S00128938,84,48,36
S00128939,116,86,30
S00128940,97,66,31
S00128941,67,37,30
S00128942,105,91,14
S00128943,125,107,18
S00128944,71,46,25
S00128945,68,50,18
S00128946,51,34,17
S00128947,128,97,31
S00128948,87,68,19
S00128949,114,95,19
S00128950,124,90,34
S00128951,118,95,23
S00128952,91,71,20
S00128953,144,118,26
S00128954,74,56,18
S00128955,83,65,18
S00128956,45,31,14
S00128957,135,115,20
S00128958,55,44,11
S00128959,109,85,24
S00128960,77,63,14
S00128961,65,49,16
S00128962,186,147,39
S00128963,69,49,20
S00128964,60,53,7
S00128965,98,84,14
S00128966,98,82,16
S00128967,55,39,16
S00128968,132,105,27
S00128969,102,85,17
S00128970,98,76,22
S00128971,124,97,27
S00128972,111,94,17
S00128973,80,62,18
S00128974,116,101,15
S00128975,111,100,11
S00128976,77,52,25
S00128977,55,45,10
S00128978,73,58,15
S00128979,81,58,23
S00128980,67,52,15
S00128981,60,46,14
S00128982,114,80,34
S00128983,74,58,16
S00128984,65,53,12
S00128985,92,70,22
S00128986,53,40,13
S00128987,94,80,14
S00128988,47,38,9
S00128989,117,89,28
S00128990,90,75,15
S00128991,116,87,29
S00128992,120,96,24
S00128993,77,58,19
S00128994,49,36,13
S00128995,110,85,25
S00128996,131,99,32
S00128997,43,33,10
S00128998,121,98,23
S00128999,93,71,22
S00129000,75,58,17
S00129001,49,33,16
S00129002,46,35,11
S00129003,106,71,35
S00129004,164,111,53
S00129005,120,86,34
S00129006,52,32,20
S00129007,124,94,30
S00129008,95,64,31
S00129009,102,67,35
S00129010,60,49,11
S00129011,85,65,20
S00129012,80,53,27
S00129013,141,93,48
S00129014,45,31,14
S00129015,64,51,13
S00129016,88,65,23
S00129017,63,40,23
S00129018,72,46,26
S00129019,51,34,17
S00129020,89,70,19
S00129021,52,40,12
S00129022,73,54,19
S00129023,97,80,17
S00129024,88,73,15
S00129025,77,62,15
S00129026,103,77,26
S00129027,68,54,14
S00129028,86,75,11
S00129029,62,42,20
S00129030,118,98,20
S00129031,64,49,15
S00129032,40,27,13
S00129033,103,85,18
S00129034,121,88,33
S00129035,59,45,14
S00129036,131,100,31
S00129037,86,68,18
S00129038,70,58,12
S00129039,76,55,21
S00129040,81,58,23
S00129041,101,72,29
S00129042,59,47,12
S00129043,116,92,24
S00129044,83,63,20
S00129045,125,91,34
S00129046,84,65,19
S00129047,60,39,21
S00129048,67,49,18
S00129049,70,57,13
S00129050,62,50,12
S00129051,80,48,32
S00129052,100,69,31
S00129053,52,48,4
S00129054,59,49,10
S00129055,66,54,12
S00129056,55,47,8
S00129057,51,46,5
S00129058,83,74,9
S00129059,47,38,9
S00129060,64,56,8
S00129061,67,55,12
S00129062,134,107,27
S00129063,82,67,15
S00129064,54,39,15
S00129065,55,45,10
S00129066,80,73,7
S00129067,86,64,22
S00129068,66,46,20
S00129069,103,82,21
S00129070,126,105,21
S00129071,70,52,18
S00129072,74,61,13
S00129073,86,66,20
S00129074,57,42,15
S00129075,124,107,17
S00129076,84,74,10
S00129077,36,26,10
S00129078,104,89,15
S00129079,77,58,19
S00129080,52,46,6
S00129081,60,48,12
S00129082,55,42,13
S00129083,63,54,9
S00129084,64,51,13
S00129085,107,86,21
S00129086,61,48,13
S00129087,85,71,14
S00129088,61,52,9
S00129089,113,94,19
S00129090,107,89,18
S00129091,114,87,27
S00129092,47,35,12
S00129093,46,33,13
S00129094,58,42,16
S00129095,62,48,14
S00129096,106,87,19
S00129097,49,44,5
S00129098,52,47,5
S00129099,76,69,7
S00129100,145,112,33
S00129101,99,79,20
S00129102,66,54,12
S00129103,121,88,33
S00129104,131,113,18
S00129105,69,43,26
S00129106,48,43,5
S00129107,177,135,42
S00129108,47,38,9
S00129109,107,82,25
S00129110,42,34,8
S00129111,133,95,38
S00129112,72,61,11
S00129113,151,125,26
S00129114,112,97,15
S00129115,87,74,13
S00129116,88,69,19
S00129117,48,32,16
S00129118,121,103,18
S00129119,76,58,18
S00129120,62,47,15
S00129121,121,90,31
S00129122,107,86,21
S00129123,76,54,22
S00129124,72,56,16
S00129125,114,77,37
S00129126,41,29,12
S00129127,92,69,23
S00129128,54,44,10
S00129129,86,72,14
S00129130,45,35,10
S00129131,113,91,22
S00129132,89,79,10
S00129133,53,44,9
S00129134,72,40,32
S00129135,114,98,16
S00129136,72,56,16
S00129137,75,58,17
S00129138,67,44,23
S00129139,63,53,10
S00129140,79,67,12
S00129141,214,178,36
S00129142,89,67,22
S00129143,101,27,74
S00129144,97,71,26
S00129145,52,34,18
S00129146,120,85,35
S00129147,122,96,26
S00129148,99,64,35
S00129149,91,68,23
S00129150,46,29,17
S00129151,84,53,31
S00129152,116,78,38
S00129153,92,48,44
S00129154,77,64,13
S00129155,140,61,79
S00129156,79,44,35
S00129157,127,82,45
S00129158,147,108,39
S00129159,91,56,35
S00129160,103,59,44
S00129161,54,24,30
S00129162,75,58,17
S00129163,87,64,23
S00129164,97,72,25
S00129165,65,48,17
S00129166,88,57,31
S00129167,50,39,11
S00129168,48,37,11
S00129169,91,67,24
S00129170,123,104,19
S00129171,46,34,12
S00129172,109,59,50
S00129173,60,44,16
S00129174,155,136,19
S00129175,94,76,18
S00129176,110,66,44
S00129177,72,48,24
S00129178,95,58,37
S00129179,54,31,23
S00129180,68,44,24
S00129181,73,51,22
S00129182,105,86,19
S00129183,41,34,7
S00129184,112,80,32
S00129185,74,55,19
S00129186,83,50,33
S00129187,81,47,34
S00129188,118,94,24
S00129189,61,42,19
S00129190,66,53,13
S00129191,107,70,37
S00129192,55,35,20
S00129193,61,40,21
S00129194,106,81,25
S00129195,58,43,15
S00129196,108,74,34
S00129197,80,50,30
S00129198,66,43,23
S00129199,71,46,25
S00129200,83,57,26
S00129201,74,48,26
S00129202,63,44,19
S00129203,77,41,36
S00129204,129,86,43
S00129205,87,60,27
S00129206,81,50,31
S00129207,49,35,14
S00129208,107,79,28
S00129209,93,62,31
S00129210,88,45,43
S00129211,80,49,31
S00129212,70,41,29
S00129213,105,73,32
S00129214,65,41,24
S00129215,63,41,22
S00129216,67,25,42
S00129217,75,54,21
S00129218,58,32,26
S00129219,50,28,22
S00129220,80,59,21
S00129221,60,34,26
S00129222,95,48,47
S00129223,104,55,49
S00129224,89,56,33
S00129225,127,91,36
S00129226,62,44,18
S00129227,68,46,22
S00129228,55,40,15
S00129229,52,36,16
S00129230,78,46,32
S00129231,84,54,30
S00129232,65,41,24
S00129233,61,31,30
S00129234,87,47,40
S00129235,116,61,55
S00129236,102,73,29
S00129237,79,48,31
S00129238,95,66,29
S00129239,77,49,28
S00129240,126,74,52
S00129241,126,84,42
S00129242,119,70,49
S00129243,105,53,52
S00129244,58,30,28
S00129245,63,40,23
S00129246,54,33,21
S00129247,80,39,41
S00129248,72,61,11
S00129249,127,92,35
S00129250,96,70,26
S00129251,90,57,33
S00129252,101,60,41
S00129253,96,80,16
S00129254,67,46,21
S00129255,63,38,25
S00129256,93,49,44
S00129257,64,35,29
S00129258,64,31,33
S00129259,60,29,31
S00129260,36,16,20
S00129261,91,37,54
S00129262,95,59,36
S00129263,132,104,28
S00129264,90,44,46
S00129265,123,80,43
S00129266,78,51,27
S00129267,123,91,32
S00129268,68,39,29
S00129269,102,60,42
S00129270,106,76,30
S00129271,51,37,14
S00129272,72,49,23
S00129273,48,28,20
S00129274,75,56,19
S00129275,76,51,25
S00129276,68,47,21
S00129277,47,38,9
S00129278,43,31,12
S00129279,66,45,21
S00129280,96,59,37
S00129281,51,41,10
S00129282,100,71,29
S00129283,84,56,28
S00129284,65,40,25
S00129285,80,55,25
S00129286,95,67,28
S00129287,47,21,26
S00129288,60,43,17
S00129289,115,77,38
S00129290,111,72,39
S00129291,81,55,26
S00129292,85,38,47
S00129293,71,44,27
S00129294,70,43,27
S00129295,150,87,63
S00129296,129,92,37
S00129297,49,33,16
S00129298,86,45,41
S00129299,76,55,21
S00129300,83,51,32
S00129301,122,72,50
S00129302,129,86,43
S00129303,110,75,35
S00129304,52,35,17
S00129305,57,47,10
S00129306,66,51,15
S00129307,81,62,19
S00129308,45,22,23
S00129309,88,48,40
S00129310,62,41,21
S00129311,83,38,45
S00129312,52,36,16
S00129313,47,27,20
S00129314,97,70,27
S00129315,63,39,24
S00129316,133,82,51
S00129317,126,78,48
S00129318,80,40,40
S00129319,69,54,15
S00129320,65,41,24
S00129321,88,63,25
S00129322,65,27,38
S00129323,95,56,39
S00129324,69,52,17
S00129325,115,78,37
S00129326,40,16,24
S00129327,73,49,24
S00129328,84,55,29
S00129329,72,49,23
S00129330,84,42,42
S00129331,51,33,18
S00129332,45,24,21
S00129333,69,47,22
S00129334,71,47,24
S00129335,111,72,39
S00129336,68,54,14
S00129337,104,69,35
S00129338,95,56,39
S00129339,84,62,22
S00129340,74,46,28
S00129341,58,32,26
S00129342,140,106,34
S00129343,67,47,20
S00129344,71,42,29
S00129345,91,65,26
S00129346,78,57,21
S00129347,101,66,35
S00129348,75,37,38
S00129349,87,50,37
S00129350,96,63,33
S00129351,84,51,33
S00129352,75,54,21
S00129353,68,40,28
S00129354,65,38,27
S00129355,151,106,45
S00129356,113,69,44
S00129357,148,104,44
S00129358,114,88,26
S00129359,104,70,34
S00129360,86,51,35
S00129361,78,49,29
S00129362,98,42,56
S00129363,85,59,26
S00129364,124,89,35
S00129365,112,83,29
S00129366,102,70,32
S00129367,66,45,21
S00129368,108,78,30
S00129369,77,53,24
S00129370,83,58,25
S00129371,43,26,17
S00129372,87,66,21
S00129373,48,31,17
S00129374,57,35,22
S00129375,62,36,26
S00129376,96,85,11
S00129377,59,43,16
S00129378,42,22,20
S00129379,64,36,28
S00129380,102,79,23
S00129381,65,43,22
S00129382,59,42,17
S00129383,43,34,9
S00129384,92,55,37
S00129385,134,89,45
S00129386,103,75,28
S00129387,133,101,32
S00129388,152,111,41
S00129389,118,86,32
S00129390,113,89,24
S00129391,95,75,20
S00129392,90,64,26
S00129393,70,46,24
S00129394,77,55,22
S00129395,94,71,23
S00129396,63,44,19
S00129397,98,62,36
S00129398,61,41,20
S00129399,68,32,36
S00129400,100,71,29
S00129401,120,91,29
S00129402,63,36,27
S00129403,78,57,21
S00129404,88,57,31
S00129405,65,41,24
S00129406,67,46,21
S00129407,102,70,32
S00129408,71,43,28
S00129409,89,63,26
S00129410,67,38,29
S00129411,94,65,29
S00129412,63,35,28
S00129413,80,44,36
S00129414,57,26,31
S00129415,98,55,43
S00129416,72,49,23
S00129417,79,67,12
S00129418,69,55,14
S00129419,66,40,26
S00129420,92,44,48
S00129421,90,57,33
S00129422,68,39,29
S00129423,101,60,41
S00129424,120,60,60
S00129425,84,25,59
S00129426,73,34,39
S00129427,93,62,31
S00129428,128,91,37
S00129429,97,59,38
S00129430,95,59,36
S00129431,77,40,37
S00129432,108,62,46
S00129433,97,66,31
S00129434,110,62,48
S00129435,95,64,31
S00129436,89,57,32
S00129437,97,58,39
S00129438,82,48,34
S00129439,83,51,32
S00129440,64,39,25
S00129441,78,47,31
S00129442,96,58,38
S00129443,101,68,33
S00129444,66,48,18
S00129445,60,41,19
S00129446,70,41,29
S00129447,59,27,32
S00129448,105,64,41
S00129449,61,39,22
S00129450,108,60,48
S00129451,63,27,36
S00129452,85,53,32
S00129453,86,50,36
S00129454,85,41,44
S00129455,72,37,35
S00129456,60,42,18
S00129457,78,49,29
S00129458,60,29,31
S00129459,55,31,24
S00129460,86,55,31
S00129461,96,56,40
S00129462,51,33,18
S00129463,109,79,30
S00129464,70,47,23
S00129465,108,69,39
S00129466,75,52,23
S00129467,88,42,46
S00129468,79,36,43
S00129469,71,32,39
S00129470,74,44,30
S00129471,52,28,24
S00129472,61,25,36
S00129473,77,34,43
S00129474,82,44,38
S00129475,92,58,34
S00129476,64,37,27
S00129477,54,31,23
S00129478,79,52,27
S00129479,61,33,28
S00129480,109,75,34
S00129481,58,32,26
S00129482,72,51,21
S00129483,81,53,28
S00129484,49,39,10
S00129485,82,52,30
S00129486,59,26,33
S00129487,83,49,34
S00129488,65,46,19
S00129489,81,67,14
S00129490,62,45,17
S00129491,59,37,22
S00129492,94,75,19
S00129493,101,65,36
S00129494,91,69,22
S00129495,110,88,22
S00129496,62,47,15
S00129497,82,53,29
S00129498,84,62,22
S00129499,74,48,26
S00129500,95,56,39
S00129501,57,35,22
S00129502,98,52,46
S00129503,65,43,22
S00129504,53,31,22
S00129505,58,33,25
S00129506,113,82,31
S00129507,93,59,34
S00129508,52,27,25
S00129509,76,48,28
S00129510,89,63,26
S00129511,111,60,51
S00129512,96,58,38
S00129513,86,44,42
S00129514,87,56,31
S00129515,68,43,25
S00129516,65,38,27
S00129517,72,51,21
S00129518,79,47,32
S00129519,84,55,29
S00129520,47,28,19
S00129521,72,44,28
S00129522,72,55,17
S00129523,48,29,19
S00129524,124,85,39
S00129525,98,64,34
S00129526,97,60,37
S00129527,132,68,64
S00129528,83,50,33
S00129529,85,46,39
S00129530,81,46,35
S00129531,85,55,30
S00129532,134,105,29
S00129533,91,61,30
S00129534,124,96,28
S00129535,50,27,23
S00129536,124,85,39
S00129537,123,86,37
S00129538,106,61,45
S00129539,93,71,22
S00129540,94,60,34
S00129541,69,44,25
S00129542,74,54,20
S00129543,54,39,15
S00129544,51,39,12
S00129545,58,40,18
S00129546,75,58,17
S00129547,57,30,27
S00129548,65,39,26
S00129549,58,50,8
S00129550,36,12,24
S00129551,54,33,21
S00129552,55,33,22
S00129553,43,28,15
S00129554,62,41,21
S00129555,82,58,24
S00129556,89,71,18
S00129557,80,53,27
S00129558,145,123,22
S00129559,89,66,23
S00129560,64,48,16
S00129561,58,8,50
S00129562,55,7,48
S00129563,80,32,48
S00129564,70,36,34
S00129565,56,31,25
S00129566,84,49,35
S00129567,88,45,43
S00129568,69,43,26
S00129569,98,71,27
S00129570,61,35,26
S00129571,197,115,82
S00129572,72,42,30
S00129573,77,45,32
S00129574,67,51,16
S00129575,72,46,26
S00129576,69,44,25
S00129577,77,57,20
S00129578,66,39,27
S00129579,135,96,39
S00129580,103,68,35
S00129581,151,94,57
S00129582,68,39,29
S00129583,139,99,40
S00129584,111,80,31
S00129585,73,44,29
S00129586,121,88,33
S00129587,71,37,34
S00129588,108,62,46
S00129589,109,71,38
S00129590,97,58,39
S00129591,99,68,31
S00129592,45,26,19
S00129593,42,17,25
S00129594,100,70,30
S00129595,67,47,20
S00129596,64,41,23
S00129597,79,45,34
S00129598,63,43,20
S00129599,84,51,33
S00129600,57,30,27
S00129601,68,36,32
S00129602,48,27,21
S00129603,80,54,26
S00129604,106,54,52
S00129605,78,45,33
S00129606,86,53,33
S00129607,76,55,21
S00129608,178,132,46
S00129609,78,51,27
S00129610,65,45,20
S00129611,77,48,29
S00129612,67,36,31
S00129613,76,49,27
S00129614,87,59,28
S00129615,58,42,16
S00129616,119,74,45
S00129617,90,46,44
S00129618,81,51,30
S00129619,115,84,31
S00129620,56,34,22
S00129621,45,32,13
S00129622,109,76,33
S00129623,81,62,19
S00129624,109,63,46
S00129625,65,39,26
S00129626,83,56,27
S00129627,84,52,32
S00129628,65,41,24
S00129629,63,43,20
S00129630,82,49,33
S00129631,66,51,15
S00129632,117,76,41
S00129633,80,55,25
S00129634,54,27,27
S00129635,77,44,33
S00129636,58,35,23
S00129637,75,42,33
S00129638,130,91,39
S00129639,99,70,29
S00129640,60,48,12
S00129641,76,55,21
S00129642,101,78,23
S00129643,115,61,54
S00129644,58,41,17
S00129645,116,82,34
S00129646,124,83,41
S00129647,96,71,25
S00129648,82,55,27
S00129649,89,65,24
S00129650,71,42,29
S00129651,64,51,13
S00129652,69,55,14
S00129653,81,55,26
S00129654,84,61,23
S00129655,77,57,20
S00129656,94,63,31
S00129657,96,60,36
S00129658,69,44,25
S00129659,94,68,26
S00129660,85,61,24
S00129661,94,71,23
S00129662,104,58,46
S00129663,105,83,22
S00129664,91,68,23
S00129665,136,79,57
S00129666,53,35,18
S00129667,80,52,28
S00129668,64,45,19
S00129669,98,64,34
S00129670,66,41,25
S00129671,99,79,20
S00129672,85,69,16
S00129673,130,89,41
S00129674,121,87,34
S00129675,74,53,21
S00129676,70,46,24
S00129677,64,40,24
S00129678,52,32,20
S00129679,77,55,22
S00129680,89,71,18
S00129681,83,53,30
S00129682,108,66,42
S00129683,94,70,24
S00129684,81,56,25
S00129685,65,35,30
S00129686,69,44,25
S00129687,69,44,25
S00129688,75,46,29
S00129689,131,96,35
S00129690,154,106,48
S00129691,67,41,26
S00129692,45,35,10
S00129693,95,58,37
S00129694,69,37,32
S00129695,80,54,26
S00129696,40,24,16
S00129697,51,38,13
S00129698,111,63,48
S00129699,101,57,44
S00129700,48,27,21
S00129701,72,51,21
S00129702,62,42,20
S00129703,87,59,28
S00129704,67,48,19
S00129705,76,54,22
S00129706,87,59,28
S00129707,49,33,16
S00129708,110,93,17
S00129709,137,93,44
S00129710,81,64,17
S00129711,71,47,24
S00129712,147,115,32
S00129713,81,70,11
S00129714,157,120,37
S00129715,69,54,15
S00129716,53,32,21
S00129717,61,45,16
S00129718,81,50,31
S00129719,84,56,28
S00129720,74,55,19
S00129721,91,75,16
S00129722,139,91,48
S00129723,112,73,39
S00129724,122,88,34
S00129725,132,87,45
S00129726,121,81,40
S00129727,94,71,23
S00129728,78,57,21
S00129729,128,74,54
S00129730,102,74,28
S00129731,84,44,40
S00129732,104,74,30
S00129733,61,39,22
S00129734,116,76,40
S00129735,71,45,26
S00129736,50,27,23
S00129737,49,36,13
S00129738,94,60,34
S00129739,75,50,25
S00129740,57,35,22
S00129741,99,67,32
S00129742,90,54,36
S00129743,100,70,30
S00129744,74,41,33
S00129745,67,43,24
S00129746,88,58,30
S00129747,107,58,49
S00129748,80,59,21
S00129749,58,46,12
S00129750,60,39,21
S00129751,74,54,20
S00129752,69,46,23
S00129753,92,60,32
S00129754,104,69,35
S00129755,101,63,38
S00129756,122,75,47
S00129757,126,71,55
S00129758,112,61,51
S00129759,107,69,38
S00129760,54,23,31
S00129761,72,47,25
S00129762,109,64,45
S00129763,81,50,31
S00129764,76,33,43
S00129765,49,30,19
S00129766,82,56,26
S00129767,95,64,31
S00129768,88,55,33
S00129769,101,58,43
S00129770,89,53,36
S00129771,96,62,34
S00129772,75,46,29
S00129773,60,48,12
S00129774,49,32,17
S00129775,78,46,32
S00129776,51,45,6
S00129777,33,20,13
S00129778,44,23,21
S00129779,40,27,13
S00129780,80,58,22
S00129781,55,25,30
S00129782,52,41,11
S00129783,103,68,35
S00129784,64,30,34
S00129785,93,62,31
S00129786,129,86,43
S00129787,78,65,13
S00129788,97,60,37
S00129789,67,32,35
S00129790,78,50,28
S00129791,92,65,27
S00129792,78,45,33
S00129793,92,58,34
S00129794,42,20,22
S00129795,88,67,21
S00129796,98,57,41
S00129797,92,60,32
S00129798,46,21,25
S00129799,93,57,36
S00129800,125,88,37
S00129801,53,33,20
S00129802,87,40,47
S00129803,98,54,44
S00129804,125,86,39
S00129805,91,62,29
S00129806,111,86,25
S00129807,58,40,18
S00129808,116,84,32
S00129809,96,51,45
S00129810,82,49,33
S00129811,77,43,34
S00129812,142,94,48
S00129813,60,38,22
S00129814,76,59,17
S00129815,125,92,33
S00129816,110,70,40
S00129817,107,72,35
S00129818,91,67,24
S00129819,121,83,38
S00129820,97,63,34
S00129821,91,64,27
S00129822,112,86,26
S00129823,69,50,19
S00129824,123,65,58
S00129825,108,58,50
S00129826,91,47,44
S00129827,99,53,46
S00129828,54,35,19
S00129829,39,21,18
S00129830,83,55,28
S00129831,100,71,29
S00129832,92,59,33
S00129833,94,61,33
S00129834,103,72,31
S00129835,90,64,26
S00129836,119,93,26
S00129837,99,67,32
S00129838,69,50,19
S00129839,62,37,25
S00129840,82,56,26
S00129841,91,49,42
S00129842,112,70,42
S00129843,121,72,49
S00129844,120,81,39
S00129845,105,78,27
S00129846,83,57,26
S00129847,81,62,19
S00129848,52,39,13
S00129849,116,75,41
S00129850,123,89,34
S00129851,85,51,34
S00129852,76,57,19
S00129853,112,74,38
S00129854,107,56,51
S00129855,118,88,30
S00129856,103,74,29
S00129857,67,37,30
S00129858,100,62,38
S00129859,51,42,9
S00129860,101,76,25
S00129861,54,37,17
S00129862,52,37,15
S00129863,49,32,17
S00129864,73,60,13
S00129865,61,42,19
S00129866,74,58,16
S00129867,137,101,36
S00129868,70,51,19
S00129869,40,26,14
S00129870,109,63,46
S00129871,71,39,32
S00129872,84,55,29
S00129873,85,54,31
S00129874,57,30,27
S00129875,62,41,21
S00129876,63,46,17
S00129877,70,26,44
S00129878,78,52,26
S00129879,64,37,27
S00129880,52,31,21
S00129881,80,51,29
S00129882,88,53,35
S00129883,66,52,14
S00129884,47,33,14
S00129885,60,37,23
S00129886,93,60,33
S00129887,67,39,28
S00129888,38,20,18
S00129889,71,43,28
S00129890,78,59,19
S00129891,58,42,16
S00129892,127,93,34
S00129893,148,116,32
S00129894,86,54,32
S00129895,54,35,19
S00129896,64,57,7
S00129897,56,40,16
S00129898,124,87,37
S00129899,87,61,26
S00129900,43,25,18
S00129901,91,54,37
S00129902,75,51,24
S00129903,69,58,11
S00129904,44,34,10
S00129905,93,75,18
S00129906,61,47,14
S00129907,35,25,10
S00129908,42,29,13
S00129909,83,47,36
S00129910,64,38,26
S00129911,52,32,20
S00129912,69,51,18
S00129913,64,40,24
S00129914,88,68,20
S00129915,64,41,23
S00129916,79,47,32
S00129917,100,49,51
S00129918,69,51,18
S00129919,91,66,25
S00129920,48,38,10
S00129921,95,64,31
S00129922,83,61,22
S00129923,85,45,40
S00129924,69,50,19
S00129925,45,26,19
S00129926,89,61,28
S00129927,48,36,12
S00129928,103,64,39
S00129929,83,56,27
S00129930,95,60,35
S00129931,148,93,55
S00129932,76,40,36
S00129933,48,23,25
S00129934,41,20,21
S00129935,126,84,42
S00129936,75,50,25
S00129937,49,28,21
S00129938,85,40,45
S00129939,45,33,12
S00129940,80,53,27
S00129941,58,39,19
S00129942,52,39,13
S00129943,56,40,16
S00129944,102,68,34
S00129945,44,28,16
S00129946,35,25,10
S00129947,90,60,30
S00129948,60,35,25
S00129949,74,36,38
S00129950,49,37,12
S00129951,119,87,32
S00129952,92,67,25
S00129953,102,62,40
S00129954,101,77,24
S00129955,111,90,21
S00129956,42,36,6
S00129957,84,63,21
S00129958,134,81,53
S00129959,71,53,18
S00129960,141,103,38
S00129961,91,76,15
S00129962,72,50,22
S00129963,136,73,63
S00129964,78,58,20
S00129965,95,75,20
S00129966,49,28,21
S00129967,52,30,22
S00129968,103,74,29
S00129969,133,79,54
S00129970,71,43,28
S00129971,87,60,27
S00129972,98,69,29
S00129973,53,41,12
S00129974,112,57,55
S00129975,52,32,20
S00129976,102,54,48
S00129977,39,24,15
S00129978,74,45,29
S00129979,78,43,35
S00129980,61,44,17
S00129981,65,46,19
S00129982,131,100,31
S00129983,136,81,55
S00129984,59,30,29
S00129985,63,55,8
S00129986,96,79,17
S00129987,63,55,8
S00129988,68,51,17
S00129989,62,48,14
S00129990,54,42,12
S00129991,63,44,19
S00129992,78,21,57
S00129993,62,45,17
S00129994,55,43,12
S00129995,80,47,33
S00129996,48,36,12
S00129997,44,23,21
S00129998,142,101,41
S00129999,78,38,40
S00130000,62,36,26
S00130001,63,38,25
S00130002,62,25,37
S00130003,74,44,30
S00130004,106,80,26
S00130005,159,138,21
S00130006,56,42,14
S00130007,91,70,21
S00130008,91,56,35
S00130009,130,111,19
S00130010,80,46,34
S00130011,113,76,37
S00130012,102,69,33
S00130013,67,54,13
S00130014,58,26,32
S00130015,92,69,23
S00130016,40,22,18
S00130017,122,87,35
S00130018,19,2,17
S00130019,130,94,36
S00130020,92,63,29
S00130021,79,51,28
S00130022,151,77,74
S00130023,58,30,28
S00130024,81,44,37
S00130025,87,59,28
S00130026,59,39,20
S00130027,89,62,27
S00130028,77,49,28
S00130029,41,22,19
S00130030,75,51,24
S00130031,65,64,1
S00130032,54,34,20
S00130033,71,50,21
S00130034,166,104,62
S00130035,63,46,17
S00130036,65,32,33
S00130037,53,33,20
S00130038,71,40,31
S00130039,105,71,34
S00130040,81,59,22
S00130041,117,86,31
S00130042,69,40,29
S00130043,47,30,17
S00130044,82,42,40
S00130045,53,33,20
S00130046,53,23,30
S00130047,96,65,31
S00130048,87,63,24
S00130049,80,66,14
S00130050,111,89,22
S00130051,134,105,29
S00130052,71,40,31
S00130053,59,38,21
S00130054,58,26,32
S00130055,57,10,47
S00130056,73,44,29
S00130057,65,34,31
S00130058,108,59,49
S00130059,99,77,22
S00130060,64,48,16
S00130061,89,50,39
S00130062,45,28,17
S00130063,178,137,41
S00130064,22,6,16
S00130065,97,67,30
S00130066,45,30,15
S00130067,73,56,17
S00130068,35,25,10
S00130069,24,12,12
S00130070,94,64,30
S00130071,124,102,22
S00130072,36,17,19
S00130073,117,69,48
S00130074,105,90,15
S00130075,78,64,14
S00130076,91,54,37
S00130077,84,60,24
S00130078,105,69,36
S00130079,78,63,15
S00130080,75,52,23
S00130081,104,83,21
S00130082,51,35,16
S00130083,107,69,38
S00130084,99,67,32
S00130085,57,35,22
S00130086,125,81,44
S00130087,84,56,28
S00130088,103,77,26
S00130089,139,114,25
S00130090,91,52,39
S00130091,73,39,34
S00130092,121,70,51
S00130093,117,86,31
S00130094,70,37,33
S00130095,58,38,20
S00130096,46,27,19
S00130097,117,85,32
S00130098,45,23,22
S00130099,127,85,42
S00130100,94,60,34
S00130101,120,73,47
S00130102,58,33,25
S00130103,88,67,21
S00130104,92,65,27
S00130105,80,64,16
S00130106,84,55,29
S00130107,84,60,24
S00130108,71,41,30
S00130109,141,107,34
S00130110,74,54,20
S00130111,57,20,37
S00130112,71,43,28
S00130113,85,48,37
S00130114,81,60,21
S00130115,89,56,33
S00130116,107,57,50
S00130117,68,36,32
S00130118,68,41,27
S00130119,89,58,31
S00130120,43,20,23
S00130121,107,74,33
S00130122,121,88,33
S00130123,26,13,13
S00130124,50,21,29
S00130125,54,42,12
S00130126,53,39,14
S00130127,117,102,15
S00130128,104,92,12
S00130129,105,91,14
S00130130,110,95,15
S00130131,94,79,15
S00130132,58,28,30
S00130133,118,92,26
S00130134,49,24,25
S00130135,43,34,9
S00130136,141,106,35
S00130137,132,99,33
S00130138,83,64,19
S00130139,60,44,16
S00130140,82,56,26
S00130141,111,88,23
S00130142,104,82,22
S00130143,127,91,36
S00130144,79,46,33
S00130145,40,29,11
S00130146,70,38,32
S00130147,42,21,21
S00130148,83,57,26
S00130149,61,35,26
S00130150,105,57,48
S00130151,87,62,25
S00130152,53,45,8
S00130153,43,24,19
S00130154,81,63,18
S00130155,87,63,24
S00130156,62,56,6
S00130157,88,52,36
S00130158,82,59,23
S00130159,94,68,26
S00130160,88,70,18
S00130161,76,27,49
S00130162,48,38,10
S00130163,71,16,55
S00130164,68,18,50
S00130165,79,64,15
S00130166,95,61,34
S00130167,54,29,25
S00130168,114,95,19
S00130169,144,106,38
S00130170,76,49,27
S00130171,53,29,24
S00130172,69,37,32
S00130173,55,31,24
S00130174,86,61,25
S00130175,65,47,18
S00130176,99,81,18
S00130177,47,22,25
S00130178,71,38,33
S00130179,70,45,25
S00130180,87,57,30
S00130181,85,53,32
S00130182,80,60,20
S00130183,96,67,29
S00130184,71,54,17
S00130185,104,86,18
S00130186,88,63,25
S00130187,102,86,16
S00130188,60,49,11
S00130189,43,38,5
S00130190,110,81,29
S00130191,114,81,33
S00130192,119,77,42
S00130193,98,55,43
S00130194,70,37,33
S00130195,73,49,24
S00130196,43,27,16
S00130197,52,28,24
S00130198,46,29,17
S00130199,62,28,34
S00130200,60,35,25
S00130201,69,35,34
S00130202,41,22,19
S00130203,101,93,8
S00130204,83,61,22
S00130205,93,70,23
S00130206,90,59,31
S00130207,93,51,42
S00130208,42,21,21
S00130209,68,46,22
S00130210,73,41,32
S00130211,34,23,11
S00130212,83,51,32
S00130213,93,62,31
S00130214,47,34,13
S00130215,60,40,20
S00130216,48,28,20
S00130217,59,38,21
S00130218,90,78,12
S00130219,63,49,14
S00130220,51,35,16
S00130221,69,39,30
S00130222,66,43,23
S00130223,98,72,26
S00130224,99,72,27
S00130225,122,98,24
S00130226,79,55,24
S00130227,110,88,22
S00130228,77,50,27
S00130229,65,56,9
S00130230,111,89,22
S00130231,151,117,34
S00130232,76,63,13
S00130233,114,72,42
S00130234,100,75,25
S00130235,105,72,33
S00130236,99,71,28
S00130237,83,64,19
S00130238,109,81,28
S00130239,79,57,22
S00130240,101,82,19
S00130241,98,60,38
S00130242,140,130,10
S00130243,106,82,24
S00130244,93,71,22
S00130245,81,66,15
S00130246,124,89,35
S00130247,91,67,24
S00130248,113,91,22
S00130249,86,59,27
S00130250,62,37,25
S00130251,91,71,20
S00130252,96,61,35
S00130253,107,78,29
S00130254,99,68,31
S00130255,43,35,8
S00130256,107,31,76
S00130257,62,44,18
S00130258,77,59,18
S00130259,50,45,5
S00130260,68,30,38
S00130261,103,83,20
S00130262,72,51,21
S00130263,144,101,43
S00130264,125,65,60
S00130265,91,60,31
S00130266,67,46,21
S00130267,46,41,5
S00130268,107,71,36
S00130269,87,53,34
S00130270,119,82,37
S00130271,64,40,24
S00130272,78,51,27
S00130273,53,24,29
S00130274,102,57,45
S00130275,116,70,46
S00130276,43,21,22
S00130277,70,51,19
S00130278,71,43,28
S00130279,82,43,39
S00130280,104,65,39
S00130281,90,49,41
S00130282,58,12,46
S00130283,112,79,33
S00130284,63,32,31
S00130285,49,20,29
S00130286,124,93,31
S00130287,67,45,22
S00130288,83,42,41
S00130289,63,28,35
S00130290,84,62,22
S00130291,63,35,28
S00130292,104,67,37
S00130293,64,36,28
S00130294,82,59,23
S00130295,113,68,45
S00130296,92,62,30
S00130297,101,65,36
S00130298,85,48,37
S00130299,79,62,17
S00130300,65,45,20
S00130301,75,35,40
S00130302,80,62,18
S00130303,83,61,22
S00130304,99,72,27
S00130305,46,37,9
S00130306,70,59,11
S00130307,79,43,36
S00130308,157,131,26
S00130309,75,43,32
S00130310,76,37,39
S00130311,74,49,25
S00130312,83,48,35
S00130313,75,43,32
S00130314,74,53,21
S00130315,87,71,16
S00130316,71,57,14
S00130317,121,90,31
S00130318,63,42,21
S00130319,114,89,25
S00130320,146,113,33
S00130321,49,24,25
S00130322,99,74,25
S00130323,44,27,17
S00130324,72,40,32
S00130325,90,46,44
S00130326,113,88,25
S00130327,91,68,23
S00130328,87,64,23
S00130329,73,51,22
S00130330,77,62,15
S00130331,109,68,41
S00130332,126,85,41
S00130333,89,53,36
S00130334,121,91,30
S00130335,76,47,29
S00130336,75,61,14
S00130337,100,71,29
S00130338,75,40,35
S00130339,21,3,18
S00130340,62,41,21
S00130341,85,40,45
S00130342,58,32,26
S00130343,124,76,48
S00130344,83,58,25
S00130345,104,72,32
S00130346,40,32,8
S00130347,62,34,28
S00130348,80,53,27
S00130349,62,35,27
S00130350,38,23,15
S00130351,100,59,41
S00130352,70,39,31
S00130353,52,28,24
S00130354,74,42,32
S00130355,63,46,17
S00130356,46,24,22
S00130357,80,58,22
S00130358,56,35,21
S00130359,89,54,35
S00130360,56,36,20
S00130361,70,46,24
S00130362,80,57,23
S00130363,42,31,11
S00130364,73,63,10
S00130365,90,66,24
S00130366,91,73,18
S00130367,64,45,19
S00130368,99,65,34
S00130369,132,94,38
S00130370,72,54,18
S00130371,92,64,28
S00130372,112,78,34
S00130373,69,49,20
S00130374,156,118,38
S00130375,58,36,22
S00130376,122,71,51
S00130377,92,72,20
S00130378,105,66,39
S00130379,77,56,21
S00130380,65,36,29
S00130381,99,59,40
S00130382,104,71,33
S00130383,98,52,46
S00130384,107,77,30
S00130385,118,79,39
S00130386,76,53,23
S00130387,77,54,23
S00130388,73,44,29
S00130389,67,38,29
S00130390,104,72,32
S00130391,79,59,20
S00130392,86,66,20
S00130393,100,62,38
S00130394,74,41,33
S00130395,87,61,26
S00130396,77,58,19
S00130397,84,65,19
S00130398,91,59,32
S00130399,68,55,13
S00130400,69,50,19
S00130401,110,75,35
S00130402,104,88,16
S00130403,82,66,16
S00130404,82,50,32
S00130405,65,36,29
S00130406,74,53,21
S00130407,73,46,27
S00130408,118,94,24
S00130409,82,64,18
S00130410,142,115,27
S00130411,93,74,19
S00130412,61,50,11
S00130413,78,67,11
S00130414,105,85,20
S00130415,60,52,8
S00130416,70,57,13
S00130417,82,68,14
S00130418,77,43,34
S00130419,41,19,22
S00130420,40,30,10
S00130421,67,41,26
S00130422,79,47,32
S00130423,62,25,37
S00130424,63,25,38
S00130425,55,27,28
S00130426,56,35,21
S00130427,80,43,37
S00130428,72,39,33
S00130429,54,26,28
S00130430,45,25,20
S00130431,112,70,42
S00130432,117,74,43
S00130433,86,56,30
S00130434,79,54,25
S00130435,126,79,47
S00130436,100,65,35
S00130437,118,76,42
S00130438,91,51,40
S00130439,72,48,24
S00130440,60,40,20
S00130441,47,30,17
S00130442,53,33,20
S00130443,67,38,29
S00130444,44,16,28
S00130445,35,27,8
S00130446,74,40,34
S00130447,83,47,36
S00130448,83,53,30
S00130449,101,65,36
S00130450,90,51,39
S00130451,62,36,26
S00130452,52,22,30
S00130453,75,42,33
S00130454,71,39,32
S00130455,112,83,29
S00130456,52,35,17
S00130457,76,52,24
S00130458,85,56,29
S00130459,49,40,9
S00130460,82,59,23
S00130461,118,89,29
S00130462,100,72,28
S00130463,103,72,31
S00130464,78,58,20
S00130465,67,49,18
S00130466,101,69,32
S00130467,60,35,25
S00130468,87,52,35
S00130469,97,67,30
S00130470,90,58,32
S00130471,56,28,28
S00130472,122,78,44
S00130473,101,65,36
S00130474,133,94,39
S00130475,102,71,31
S00130476,105,72,33
S00130477,80,53,27
S00130478,53,37,16
S00130479,102,68,34
S00130480,89,60,29
S00130481,73,46,27
S00130482,120,97,23
S00130483,82,50,32
S00130484,49,30,19
S00130485,34,19,15
S00130486,97,60,37
S00130487,79,57,22
S00130488,77,40,37
S00130489,73,45,28
S00130490,88,64,24
S00130491,48,15,33
S00130492,79,42,37
S00130493,82,34,48
S00130494,74,46,28
S00130495,49,20,29
S00130496,67,40,27
S00130497,67,40,27
S00130498,56,41,15
S00130499,69,50,19
S00130500,70,48,22
S00130501,67,51,16
S00130502,50,24,26
S00130503,52,31,21
S00130504,50,37,13
S00130505,51,39,12
S00130506,60,38,22
S00130507,97,77,20
S00130508,69,41,28
S00130509,89,53,36
S00130510,81,62,19
S00130511,68,53,15
S00130512,78,46,32
S00130513,40,28,12
S00130514,46,29,17
S00130515,83,49,34
S00130516,48,26,22
S00130517,106,74,32
S00130518,49,30,19
S00130519,84,69,15
S00130520,43,31,12
S00130521,73,50,23
S00130522,101,67,34
S00130523,111,76,35
S00130524,121,95,26
S00130525,36,24,12
S00130526,53,41,12
S00130527,58,37,21
S00130528,95,60,35
S00130529,53,43,10
S00130530,61,43,18
S00130531,65,35,30
S00130532,171,62,109
S00130533,78,69,9
S00130534,142,128,14
S00130535,136,121,15
S00130536,141,115,26
S00130537,129,98,31
S00130538,196,163,33
S00130539,101,84,17
S00130540,82,71,11
S00130541,88,76,12
S00130542,49,38,11
S00130543,58,46,12
S00130544,45,34,11
S00130545,76,41,35
S00130546,103,77,26
S00130547,42,23,19
S00130548,70,45,25
S00130549,65,47,18
S00130550,53,44,9
S00130551,63,54,9
S00130552,106,62,44
S00130553,51,27,24
S00130554,130,121,9
S00130555,177,145,32
S00130556,105,76,29
S00130557,96,66,30
S00130558,69,54,15
S00130559,98,69,29
S00130560,42,33,9
S00130561,113,62,51
S00130562,92,58,34
S00130563,75,67,8
S00130564,43,39,4
S00130565,92,73,19
S00130566,111,99,12
S00130567,123,111,12
S00130568,54,40,14
S00130569,54,29,25
S00130570,52,23,29
S00130571,96,58,38
S00130572,45,35,10
S00130573,111,89,22
S00130574,107,64,43
S00130575,148,123,25
S00130576,69,36,33
S00130577,96,71,25
S00130578,113,86,27
S00130579,141,117,24
S00130580,161,140,21
S00130581,155,134,21
S00130582,106,77,29
S00130583,56,48,8
S00130584,50,27,23
S00130585,123,77,46
S00130586,151,119,32
S00130587,75,56,19
S00130588,65,53,12
S00130589,104,82,22
S00130590,124,107,17
S00130591,136,114,22
S00130592,100,72,28
S00130593,220,183,37
S00130594,67,58,9
S00130595,86,68,18
S00130596,72,47,25
S00130597,91,64,27
S00130598,85,56,29
S00130599,65,33,32
S00130600,66,35,31
S00130601,86,57,29
S00130602,54,33,21
S00130603,81,41,40
S00130604,51,27,24
S00130605,104,76,28
S00130606,108,65,43
S00130607,102,69,33
S00130608,109,80,29
S00130609,45,29,16
S00130610,101,76,25
S00130611,60,35,25
S00130612,51,35,16
S00130613,50,36,14
S00130614,116,95,21
S00130615,104,86,18
S00130616,75,40,35
S00130617,42,24,18
S00130618,91,60,31
S00130619,50,27,23
S00130620,66,48,18
S00130621,66,52,14
S00130622,70,55,15
S00130623,45,27,18
S00130624,92,62,30
S00130625,55,34,21
S00130626,103,68,35
S00130627,84,52,32
S00130628,54,25,29
S00130629,52,25,27
S00130630,56,40,16
S00130631,58,48,10
S00130632,98,74,24
S00130633,94,76,18
S00130634,104,89,15
S00130635,79,72,7
S00130636,92,67,25
S00130637,110,74,36
S00130638,127,88,39
S00130639,30,9,21
S00130640,71,48,23
S00130641,25,5,20
S00130642,48,37,11
S00130643,69,41,28
S00130644,117,91,26
S00130645,80,61,19
S00130646,130,116,14
S00130647,130,105,25
S00130648,125,100,25
S00130649,124,107,17
S00130650,66,53,13
S00130651,59,45,14
S00130652,72,66,6
S00130653,83,65,18
S00130654,148,134,14
S00130655,99,87,12
S00130656,148,132,16
S00130657,51,47,4
S00130658,86,65,21
S00130659,93,71,22
S00130660,77,59,18
S00130661,117,94,23
S00130662,85,71,14
S00130663,86,71,15
S00130664,69,62,7
S00130665,128,114,14
S00130666,65,52,13
S00130667,114,96,18
S00130668,191,146,45
S00130669,50,23,27
S00130670,102,70,32
S00130671,105,89,16
S00130672,120,75,45
S00130673,66,57,9
S00130674,131,107,24
S00130675,81,68,13
S00130676,84,68,16
S00130677,103,80,23
S00130678,291,107,184
S00130679,77,64,13
S00130680,110,81,29
S00130681,51,39,12
S00130682,116,86,30
S00130683,43,32,11
S00130684,114,84,30
S00130685,55,36,19
S00130686,82,73,9
S00130687,91,70,21
S00130688,77,66,11
S00130689,88,68,20
S00130690,105,82,23
S00130691,81,58,23
S00130692,55,48,7
S00130693,93,78,15
S00130694,106,96,10
S00130695,81,72,9
S00130696,88,70,18
S00130697,86,65,21
S00130698,117,97,20
S00130699,93,74,19
S00130700,99,89,10
S00130701,113,102,11
S00130702,100,88,12
S00130703,153,120,33
S00130704,121,109,12
S00130705,140,127,13
S00130706,123,90,33
S00130707,65,55,10
S00130708,104,89,15
S00130709,135,123,12
S00130710,84,76,8
S00130711,102,85,17
S00130712,85,78,7
S00130713,141,119,22
S00130714,126,114,12
S00130715,83,73,10
S00130716,84,51,33
S00130717,58,47,11
S00130718,49,39,10
S00130719,102,71,31
S00130720,105,75,30
S00130721,99,78,21
S00130722,82,72,10
S00130723,97,67,30
S00130724,101,75,26
S00130725,105,73,32
S00130726,53,31,22
S00130727,116,93,23
S00130728,69,44,25
S00130729,90,63,27
S00130730,80,58,22
S00130731,133,86,47
S00130732,165,133,32
S00130733,114,92,22
S00130734,98,62,36
S00130735,87,68,19
S00130736,135,85,50
S00130737,92,70,22
S00130738,37,27,10
S00130739,89,68,21
S00130740,110,83,27
S00130741,199,51,148
S00130742,143,105,38
S00130743,105,80,25
S00130744,39,36,3
S00130745,109,86,23
S00130746,109,84,25
S00130747,106,80,26
S00130748,98,67,31
S00130749,67,43,24
S00130750,65,51,14
S00130751,143,109,34
S00130752,105,71,34
S00130753,122,78,44
S00130754,155,125,30
S00130755,65,48,17
S00130756,120,76,44
S00130757,45,28,17
S00130758,109,79,30
S00130759,48,40,8
S00130760,87,68,19
S00130761,50,40,10
S00130762,43,35,8
S00130763,119,92,27
S00130764,68,59,9
S00130765,70,61,9
S00130766,127,117,10
S00130767,125,87,38
S00130768,138,94,44
S00130769,124,89,35
S00130770,119,93,26
S00130771,138,102,36
S00130772,47,38,9
S00130773,131,99,32
S00130774,69,50,19
S00130775,71,44,27
S00130776,78,69,9
S00130777,91,67,24
S00130778,36,19,17
S00130779,165,114,51
S00130780,43,35,8
S00130781,103,71,32
S00130782,74,46,28
S00130783,70,48,22
S00130784,38,32,6
S00130785,75,43,32
S00130786,68,52,16
S00130787,42,31,11
S00130788,66,44,22
S00130789,42,30,12
S00130790,61,37,24
S00130791,81,57,24
S00130792,90,69,21
S00130793,61,46,15
S00130794,110,77,33
S00130795,117,81,36
S00130796,94,70,24
S00130797,76,62,14
S00130798,55,40,15
S00130799,79,64,15
S00130800,108,81,27
S00130801,81,61,20
S00130802,87,71,16
S00130803,59,40,19
S00130804,104,84,20
S00130805,55,40,15
S00130806,103,64,39
S00130807,65,49,16
S00130808,93,61,32
S00130809,83,50,33
S00130810,59,27,32
S00130811,100,62,38
S00130812,66,48,18
S00130813,48,29,19
S00130814,61,40,21
S00130815,74,47,27
S00130816,77,46,31
S00130817,101,72,29
S00130818,80,56,24
S00130819,139,92,47
S00130820,93,52,41
S00130821,121,104,17
S00130822,109,74,35
S00130823,78,48,30
S00130824,82,65,17
S00130825,88,47,41
S00130826,90,58,32
S00130827,51,26,25
S00130828,76,45,31
S00130829,79,44,35
S00130830,44,20,24
S00130831,102,66,36
S00130832,124,93,31
S00130833,76,52,24
S00130834,94,69,25
S00130835,101,72,29
S00130836,102,67,35
S00130837,75,57,18
S00130838,74,55,19
S00130839,74,50,24
S00130840,94,72,22
S00130841,78,50,28
S00130842,83,50,33
S00130843,71,38,33
S00130844,62,36,26
S00130845,96,55,41
S00130846,125,75,50
S00130847,61,39,22
S00130848,74,56,18
S00130849,74,49,25
S00130850,116,77,39
S00130851,99,60,39
S00130852,101,88,13
S00130853,86,47,39
S00130854,75,49,26
S00130855,74,49,25
S00130856,78,50,28
S00130857,130,102,28
S00130858,96,75,21
S00130859,81,51,30
S00130860,90,69,21
S00130861,100,65,35
S00130862,74,49,25
S00130863,92,64,28
S00130864,63,36,27
S00130865,38,28,10
S00130866,91,59,32
S00130867,116,89,27
S00130868,84,58,26
S00130869,89,63,26
S00130870,54,38,16
S00130871,125,91,34
S00130872,50,38,12
S00130873,103,77,26
S00130874,83,43,40
S00130875,88,60,28
S00130876,68,46,22
S00130877,79,46,33
S00130878,136,94,42
S00130879,72,53,19
S00130880,80,51,29
S00130881,90,38,52
S00130882,65,44,21
S00130883,85,59,26
S00130884,64,36,28
S00130885,55,34,21
S00130886,78,54,24
S00130887,49,35,14
S00130888,84,53,31
S00130889,97,62,35
S00130890,60,46,14
S00130891,85,65,20
S00130892,94,69,25
S00130893,102,69,33
S00130894,103,69,34
S00130895,105,78,27
S00130896,63,42,21
S00130897,83,67,16
S00130898,149,104,45
S00130899,78,63,15
S00130900,94,82,12
S00130901,74,61,13
S00130902,77,53,24
S00130903,77,48,29
S00130904,36,31,5
S00130905,75,40,35
S00130906,51,29,22
S00130907,18,2,16
S00130908,79,61,18
S00130909,82,56,26
S00130910,50,31,19
S00130911,72,36,36
S00130912,60,45,15
S00130913,74,45,29
S00130914,131,84,47
S00130915,71,48,23
S00130916,67,45,22
S00130917,64,42,22
S00130918,64,45,19
S00130919,46,25,21
S00130920,123,77,46
S00130921,95,66,29
S00130922,81,54,27
S00130923,81,58,23
S00130924,57,44,13
S00130925,64,42,22
S00130926,62,36,26
S00130927,82,64,18
S00130928,55,33,22
S00130929,87,65,22
S00130930,91,58,33
S00130931,101,75,26
S00130932,140,93,47
S00130933,107,66,41
S00130934,85,62,23
S00130935,110,73,37
S00130936,79,59,20
S00130937,82,37,45
S00130938,82,58,24
S00130939,78,56,22
S00130940,64,47,17
S00130941,74,50,24
S00130942,142,99,43
S00130943,107,69,38
S00130944,100,49,51
S00130945,84,58,26
S00130946,75,45,30
S00130947,144,90,54
S00130948,57,27,30
S00130949,87,65,22
S00130950,68,38,30
S00130951,120,88,32
S00130952,48,30,18
S00130953,77,63,14
S00130954,68,56,12
S00130955,62,55,7
S00130956,125,90,35
S00130957,74,43,31
S00130958,48,34,14
S00130959,97,67,30
S00130960,65,52,13
S00130961,108,76,32
S00130962,50,42,8
S00130963,98,60,38
S00130964,88,66,22
S00130965,72,45,27
S00130966,99,65,34
S00130967,101,61,40
S00130968,99,65,34
S00130969,136,85,51
S00130970,92,60,32
S00130971,114,76,38
S00130972,53,35,18
S00130973,108,63,45
S00130974,115,88,27
S00130975,40,25,15
S00130976,104,76,28
S00130977,62,43,19
S00130978,76,53,23
S00130979,122,88,34
S00130980,85,60,25
S00130981,108,71,37
S00130982,110,88,22
S00130983,48,33,15
S00130984,104,71,33
S00130985,101,63,38
S00130986,99,69,30
S00130987,81,37,44
S00130988,106,83,23
S00130989,113,67,46
S00130990,108,84,24
S00130991,69,52,17
S00130992,66,48,18
S00130993,115,101,14
S00130994,108,82,26
S00130995,150,118,32
S00130996,86,69,17
S00130997,86,55,31
S00130998,126,114,12
S00130999,121,109,12
S00131000,73,41,32
S00131001,154,112,42
S00131002,127,99,28
S00131003,93,71,22
S00131004,97,66,31
S00131005,98,61,37
S00131006,124,100,24
S00131007,91,54,37
S00131008,76,43,33
S00131009,77,55,22
S00131010,73,49,24
S00131011,97,66,31
S00131012,79,50,29
S00131013,82,61,21
S00131014,82,49,33
S00131015,69,49,20
S00131016,84,58,26
S00131017,84,58,26
S00131018,50,35,15
S00131019,71,55,16
S00131020,101,80,21
S00131021,96,64,32
S00131022,69,49,20
S00131023,116,77,39
S00131024,65,35,30
S00131025,90,74,16
S00131026,59,44,15
S00131027,84,61,23
S00131028,91,65,26
S00131029,113,76,37
S00131030,80,65,15
S00131031,116,92,24
S00131032,104,71,33
S00131033,74,43,31
S00131034,80,59,21
S00131035,83,44,39
S00131036,65,52,13
S00131037,62,36,26
S00131038,99,72,27
S00131039,68,43,25
S00131040,72,61,11
S00131041,116,76,40
S00131042,114,67,47
S00131043,114,84,30
S00131044,78,61,17
S00131045,91,73,18
S00131046,52,28,24
S00131047,106,72,34
S00131048,163,109,54
S00131049,75,54,21
S00131050,42,29,13
S00131051,127,89,38
S00131052,90,71,19
S00131053,98,57,41
S00131054,110,70,40
S00131055,37,26,11
S00131056,117,78,39
S00131057,69,51,18
S00131058,65,45,20
S00131059,74,60,14
S00131060,90,62,28
S00131061,60,23,37
S00131062,73,34,39
S00131063,72,47,25
S00131064,115,74,41
S00131065,74,43,31
S00131066,71,55,16
S00131067,103,56,47
S00131068,69,50,19
S00131069,50,26,24
S00131070,67,36,31
S00131071,146,100,46
S00131072,86,43,43
S00131073,77,47,30
S00131074,54,31,23
S00131075,64,44,20
S00131076,139,78,61
S00131077,41,18,23
S00131078,54,34,20
S00131079,121,81,40
S00131080,78,50,28
S00131081,67,45,22
S00131082,115,64,51
S00131083,128,84,44
S00131084,108,65,43
S00131085,113,71,42
S00131086,48,38,10
S00131087,67,35,32
S00131088,95,72,23
S00131089,138,99,39
S00131090,102,77,25
S00131091,85,63,22
S00131092,103,68,35
S00131093,80,50,30
S00131094,60,30,30
S00131095,107,77,30
S00131096,99,49,50
S00131097,114,83,31
S00131098,77,47,30
S00131099,98,80,18
S00131100,43,30,13
S00131101,75,40,35
S00131102,71,40,31
S00131103,70,46,24
S00131104,71,38,33
S00131105,58,36,22
S00131106,79,55,24
S00131107,69,44,25
S00131108,75,39,36
S00131109,73,43,30
S00131110,66,46,20
S00131111,49,20,29
S00131112,78,45,33
S00131113,81,45,36
S00131114,66,32,34
S00131115,81,61,20
S00131116,73,54,19
S00131117,47,35,12
S00131118,39,25,14
S00131119,75,48,27
S00131120,108,73,35
S00131121,52,23,29
S00131122,88,57,31
S00131123,66,35,31
S00131124,56,28,28
S00131125,69,40,29
S00131126,94,53,41
S00131127,56,36,20
S00131128,74,59,15
S00131129,63,41,22
S00131130,79,39,40
S00131131,76,49,27
S00131132,86,52,34
S00131133,98,70,28
S00131134,61,46,15
S00131135,90,53,37
S00131136,99,57,42
S00131137,91,63,28
S00131138,87,65,22
S00131139,98,61,37
S00131140,63,44,19
S00131141,116,74,42
S00131142,132,89,43
S00131143,70,46,24
S00131144,58,41,17
S00131145,112,68,44
S00131146,104,68,36
S00131147,82,57,25
S00131148,89,64,25
S00131149,89,56,33
S00131150,112,75,37
S00131151,115,78,37
S00131152,51,35,16
S00131153,60,48,12
S00131154,67,40,27
S00131155,72,42,30
S00131156,69,39,30
S00131157,75,44,31
S00131158,110,84,26
S00131159,112,83,29
S00131160,94,75,19
S00131161,104,80,24
S00131162,105,78,27
S00131163,88,55,33
S00131164,130,100,30
S00131165,116,70,46
S00131166,124,67,57
S00131167,132,76,56
S00131168,166,120,46
S00131169,86,60,26
S00131170,96,52,44
S00131171,66,37,29
S00131172,118,75,43
S00131173,81,55,26
S00131174,83,48,35
S00131175,81,47,34
S00131176,68,41,27
S00131177,76,49,27
S00131178,74,50,24
S00131179,89,63,26
S00131180,64,41,23
S00131181,77,51,26
S00131182,89,57,32
S00131183,127,93,34
S00131184,100,67,33
S00131185,103,72,31
S00131186,88,60,28
S00131187,91,61,30
S00131188,75,59,16
S00131189,96,63,33
S00131190,144,100,44
S00131191,97,58,39
S00131192,95,71,24
S00131193,70,50,20
S00131194,46,32,14
S00131195,77,51,26
S00131196,98,67,31
S00131197,104,61,43
S00131198,67,46,21
S00131199,55,36,19
S00131200,89,61,28
S00131201,128,73,55
S00131202,63,38,25
S00131203,86,54,32
S00131204,99,68,31
S00131205,99,69,30
S00131206,114,64,50
S00131207,70,33,37
S00131208,75,46,29
S00131209,67,51,16
S00131210,60,43,17
S00131211,109,70,39
S00131212,88,56,32
S00131213,94,48,46
S00131214,72,46,26
S00131215,111,67,44
S00131216,115,78,37
S00131217,59,47,12
S00131218,102,73,29
S00131219,107,83,24
S00131220,63,41,22
S00131221,119,90,29
S00131222,58,40,18
S00131223,126,91,35
S00131224,132,81,51
S00131225,74,57,17
S00131226,60,40,20
S00131227,107,62,45
S00131228,150,97,53
S00131229,60,48,12
S00131230,103,79,24
S00131231,52,36,16
S00131232,61,43,18
S00131233,54,36,18
S00131234,87,45,42
S00131235,129,75,54
S00131236,87,60,27
S00131237,67,41,26
S00131238,115,72,43
S00131239,81,58,23
S00131240,74,41,33
S00131241,85,47,38
S00131242,69,50,19
S00131243,82,45,37
S00131244,108,84,24
S00131245,45,38,7
S00131246,103,77,26
S00131247,119,85,34
S00131248,101,78,23
S00131249,87,58,29
S00131250,107,85,22
S00131251,43,25,18
S00131252,86,70,16
S00131253,46,26,20
S00131254,37,21,16
S00131255,49,30,19
S00131256,80,53,27
S00131257,66,36,30
S00131258,87,55,32
S00131259,77,64,13
S00131260,63,50,13
S00131261,93,61,32
S00131262,83,65,18
S00131263,69,50,19
S00131264,82,57,25
S00131265,66,46,20
S00131266,72,60,12
S00131267,87,67,20
S00131268,53,28,25
S00131269,53,37,16
S00131270,73,61,12
S00131271,83,60,23
S00131272,128,94,34
S00131273,80,63,17
S00131274,64,58,6
S00131275,93,66,27
S00131276,114,75,39
S00131277,87,66,21
S00131278,87,66,21
S00131279,80,53,27
S00131280,84,54,30
S00131281,115,79,36
S00131282,74,53,21
S00131283,90,62,28
S00131284,100,73,27
S00131285,61,47,14
S00131286,52,34,18
S00131287,80,62,18
S00131288,168,123,45
S00131289,52,40,12
S00131290,55,43,12
S00131291,106,74,32
S00131292,101,68,33
S00131293,59,47,12
S00131294,112,80,32
S00131295,69,49,20
S00131296,79,63,16
S00131297,116,90,26
S00131298,89,59,30
S00131299,86,62,24
S00131300,53,25,28
S00131301,108,69,39
S00131302,96,79,17
S00131303,116,74,42
S00131304,106,80,26
S00131305,62,36,26
S00131306,50,37,13
S00131307,129,94,35
S00131308,127,95,32
S00131309,129,88,41
S00131310,97,70,27
S00131311,80,50,30
S00131312,59,47,12
S00131313,114,78,36
S00131314,50,39,11
S00131315,54,48,6
S00131316,73,47,26
S00131317,43,31,12
S00131318,46,30,16
S00131319,61,37,24
S00131320,94,70,24
S00131321,54,45,9
S00131322,89,56,33
S00131323,97,49,48
S00131324,69,49,20
S00131325,80,38,42
S00131326,127,96,31
S00131327,121,75,46
S00131328,130,101,29
S00131329,103,69,34
S00131330,81,58,23
S00131331,80,51,29
S00131332,98,77,21
S00131333,102,77,25
S00131334,78,39,39
S00131335,62,42,20
S00131336,75,63,12
S00131337,71,51,20
S00131338,113,77,36
S00131339,80,61,19
S00131340,58,41,17
S00131341,60,44,16
S00131342,72,50,22
S00131343,97,87,10
S00131344,97,75,22
S00131345,76,57,19
S00131346,91,58,33
S00131347,75,45,30
S00131348,75,55,20
S00131349,97,63,34
S00131350,72,44,28
S00131351,75,48,27
S00131352,128,94,34
S00131353,54,43,11
S00131354,50,38,12
S00131355,55,36,19
S00131356,80,55,25
S00131357,57,37,20
S00131358,90,55,35
S00131359,73,42,31
S00131360,71,54,17
S00131361,71,47,24
S00131362,75,54,21
S00131363,61,39,22
S00131364,68,39,29
S00131365,79,47,32
S00131366,70,43,27
S00131367,82,58,24
S00131368,94,67,27
S00131369,94,72,22
S00131370,78,61,17
S00131371,109,90,19
S00131372,53,45,8
S00131373,83,60,23
S00131374,49,35,14
S00131375,60,46,14
S00131376,81,67,14
S00131377,50,38,12
S00131378,32,12,20
S00131379,81,55,26
S00131380,77,62,15
S00131381,86,64,22
S00131382,66,49,17
S00131383,78,62,16
S00131384,97,70,27
S00131385,59,35,24
S00131386,60,43,17
S00131387,53,29,24
S00131388,35,30,5
S00131389,51,28,23
S00131390,58,37,21
S00131391,58,43,15
S00131392,57,56,1
S00131393,43,32,11
S00131394,102,54,48
S00131395,49,23,26
S00131396,44,26,18
S00131397,97,71,26
S00131398,52,39,13
S00131399,50,28,22
S00131400,95,61,34
S00131401,62,44,18
S00131402,55,45,10
S00131403,107,69,38
S00131404,107,78,29
S00131405,105,77,28
S00131406,75,57,18
S00131407,134,102,32
S00131408,139,110,29
S00131409,49,26,23
S00131410,50,33,17
S00131411,55,39,16
S00131412,92,67,25
S00131413,120,93,27
S00131414,115,77,38
S00131415,87,53,34
S00131416,77,54,23
S00131417,95,62,33
S00131418,52,45,7
S00131419,86,65,21
S00131420,64,46,18
S00131421,77,54,23
S00131422,67,55,12
S00131423,95,54,41
S00131424,50,38,12
S00131425,49,43,6
S00131426,117,86,31
S00131427,95,58,37
S00131428,76,53,23
S00131429,59,46,13
S00131430,108,76,32
S00131431,58,32,26
S00131432,96,67,29
S00131433,80,62,18
S00131434,49,39,10
S00131435,70,34,36
S00131436,67,43,24
S00131437,50,37,13
S00131438,58,38,20
S00131439,91,68,23
S00131440,76,54,22
S00131441,79,55,24
S00131442,76,56,20
S00131443,94,88,6
S00131444,98,86,12
S00131445,168,153,15
S00131446,90,64,26
S00131447,153,120,33
S00131448,95,54,41
S00131449,92,61,31
S00131450,66,44,22
S00131451,48,28,20
S00131452,63,44,19
S00131453,84,54,30
S00131454,58,41,17
S00131455,92,64,28
S00131456,85,63,22
S00131457,63,45,18
S00131458,114,80,34
S00131459,59,38,21
S00131460,61,42,19
S00131461,79,63,16
S00131462,97,74,23
S00131463,119,85,34
S00131464,67,45,22
S00131465,82,69,13
S00131466,110,82,28
S00131467,60,51,9
S00131468,107,83,24
S00131469,75,58,17
S00131470,64,51,13
S00131471,176,135,41
S00131472,133,105,28
S00131473,124,89,35
S00131474,47,20,27
S00131475,42,17,25
S00131476,111,80,31
S00131477,39,23,16
S00131478,68,38,30
S00131479,74,40,34
S00131480,46,22,24
S00131481,102,80,22
S00131482,84,70,14
S00131483,134,101,33
S00131484,108,82,26
S00131485,134,94,40
S00131486,145,96,49
S00131487,107,82,25
S00131488,99,81,18
S00131489,105,88,17
S00131490,70,50,20
S00131491,80,58,22
S00131492,85,65,20
S00131493,150,130,20
S00131494,115,92,23
S00131495,101,74,27
S00131496,95,77,18
S00131497,77,63,14
S00131498,139,106,33
S00131499,130,105,25
S00131500,103,77,26
S00131501,120,87,33
S00131502,82,61,21
S00131503,84,60,24
S00131504,134,98,36
S00131505,105,72,33
S00131506,114,76,38
S00131507,105,75,30
S00131508,51,23,28
S00131509,127,84,43
S00131510,136,103,33
S00131511,135,103,32
S00131512,99,76,23
S00131513,84,58,26
S00131514,79,41,38
S00131515,59,37,22
S00131516,110,81,29
S00131517,54,26,28
S00131518,106,79,27
S00131519,82,61,21
S00131520,105,76,29
S00131521,74,46,28
S00131522,65,45,20
S00131523,72,47,25
S00131524,61,42,19
S00131525,51,42,9
S00131526,65,56,9
S00131527,100,78,22
S00131528,83,59,24
S00131529,97,71,26
S00131530,70,53,17
S00131531,56,43,13
S00131532,62,25,37
S00131533,59,47,12
S00131534,77,57,20
S00131535,57,51,6
S00131536,91,67,24
S00131537,66,48,18
S00131538,70,46,24
S00131539,55,39,16
S00131540,62,45,17
S00131541,77,58,19
S00131542,70,45,25
S00131543,76,58,18
S00131544,63,47,16
S00131545,99,69,30
S00131546,75,52,23
S00131547,66,42,24
S00131548,67,45,22
S00131549,69,48,21
S00131550,46,30,16
S00131551,67,45,22
S00131552,75,56,19
S00131553,66,48,18
S00131554,88,56,32
S00131555,82,68,14
S00131556,118,80,38
S00131557,70,53,17
S00131558,84,72,12
S00131559,86,51,35
S00131560,75,60,15
S00131561,78,60,18
S00131562,58,42,16
S00131563,94,74,20
S00131564,55,43,12
S00131565,47,35,12
S00131566,134,97,37
S00131567,55,36,19
S00131568,92,66,26
S00131569,119,79,40
S00131570,123,79,44
S00131571,98,55,43
S00131572,65,39,26
S00131573,97,62,35
S00131574,65,43,22
S00131575,133,102,31
S00131576,123,79,44
S00131577,85,74,11
S00131578,166,139,27
S00131579,80,59,21
S00131580,115,94,21
S00131581,99,74,25
S00131582,101,76,25
S00131583,151,128,23
S00131584,82,64,18
S00131585,71,54,17
S00131586,143,103,40
S00131587,148,111,37
S00131588,65,39,26
S00131589,64,48,16
S00131590,112,80,32
S00131591,103,84,19
S00131592,124,95,29
S00131593,112,86,26
S00131594,87,72,15
S00131595,150,122,28
S00131596,118,84,34
S00131597,111,74,37
S00131598,91,64,27
S00131599,107,76,31
S00131600,135,94,41
S00131601,57,39,18
S00131602,87,61,26
S00131603,126,85,41
S00131604,40,13,27
S00131605,88,49,39
S00131606,71,51,20
S00131607,100,82,18
S00131608,120,77,43
S00131609,110,90,20
S00131610,98,49,49
S00131611,124,94,30
S00131612,113,80,33
S00131613,62,43,19
S00131614,83,66,17
S00131615,138,91,47
S00131616,93,73,20
S00131617,107,83,24
S00131618,98,67,31
S00131619,105,74,31
S00131620,73,52,21
S00131621,46,38,8
S00131622,87,60,27
S00131623,151,95,56
S00131624,109,83,26
S00131625,105,81,24
S00131626,83,67,16
S00131627,66,51,15
S00131628,87,66,21
S00131629,94,62,32
S00131630,59,45,14
S00131631,110,91,19
S00131632,102,67,35
S00131633,80,54,26
S00131634,56,46,10
S00131635,81,68,13
S00131636,100,80,20
S00131637,74,53,21
S00131638,94,83,11
S00131639,87,66,21
S00131640,68,46,22
S00131641,103,74,29
S00131642,91,59,32
S00131643,61,40,21
S00131644,83,65,18
S00131645,134,104,30
S00131646,88,71,17
S00131647,66,45,21
S00131648,85,58,27
S00131649,81,50,31
S00131650,74,60,14
S00131651,95,72,23
S00131652,68,50,18
S00131653,94,60,34
S00131654,83,63,20
S00131655,68,57,11
S00131656,83,55,28
S00131657,76,59,17
S00131658,51,25,26
S00131659,62,42,20
S00131660,113,97,16
S00131661,96,81,15
S00131662,81,60,21
S00131663,80,64,16
S00131664,53,38,15
S00131665,95,63,32
S00131666,91,74,17
S00131667,96,61,35
S00131668,87,59,28
S00131669,78,48,30
S00131670,76,58,18
S00131671,83,66,17
S00131672,70,47,23
S00131673,42,20,22
S00131674,94,68,26
S00131675,45,28,17
S00131676,46,27,19
S00131677,74,58,16
S00131678,73,47,26
S00131679,84,66,18
S00131680,84,67,17
S00131681,98,74,24
S00131682,61,44,17
S00131683,54,32,22
S00131684,40,20,20
S00131685,96,67,29
S00131686,49,25,24
S00131687,95,74,21
S00131688,66,47,19
S00131689,93,75,18
S00131690,86,66,20
S00131691,75,61,14
S00131692,103,62,41
S00131693,94,78,16
S00131694,104,94,10
S00131695,100,84,16
S00131696,83,59,24
S00131697,71,54,17
S00131698,94,66,28
S00131699,124,83,41
S00131700,129,97,32
S00131701,79,65,14
S00131702,52,42,10
S00131703,131,96,35
S00131704,90,71,19
S00131705,118,70,48
S00131706,96,71,25
S00131707,106,97,9
S00131708,60,36,24
S00131709,85,60,25
S00131710,81,46,35
S00131711,105,82,23
S00131712,78,68,10
S00131713,77,57,20
S00131714,91,58,33
S00131715,58,37,21
S00131716,94,70,24
S00131717,76,54,22
S00131718,70,55,15
S00131719,71,42,29
S00131720,113,72,41
S00131721,95,71,24
S00131722,104,75,29
S00131723,78,44,34
S00131724,61,33,28
S00131725,132,104,28
S00131726,105,78,27
S00131727,94,82,12
S00131728,88,53,35
S00131729,107,91,16
S00131730,61,36,25
S00131731,82,49,33
S00131732,85,50,35
S00131733,100,63,37
S00131734,69,41,28
S00131735,116,74,42
S00131736,84,61,23
S00131737,125,90,35
S00131738,67,35,32
S00131739,75,43,32
S00131740,80,48,32
S00131741,104,53,51
S00131742,93,62,31
S00131743,77,54,23
S00131744,100,56,44
S00131745,84,49,35
S00131746,65,51,14
S00131747,64,44,20
S00131748,116,83,33
S00131749,50,29,21
S00131750,50,32,18
S00131751,112,80,32
S00131752,146,103,43
S00131753,135,107,28
S00131754,109,79,30
S00131755,100,68,32
S00131756,112,76,36
S00131757,94,51,43
S00131758,101,78,23
S00131759,90,66,24
S00131760,97,82,15
S00131761,35,21,14
S00131762,46,33,13
S00131763,113,81,32
S00131764,87,53,34
S00131765,97,65,32
S00131766,116,70,46
S00131767,75,46,29
S00131768,73,49,24
S00131769,59,38,21
S00131770,73,45,28
S00131771,100,58,42
S00131772,100,59,41
S00131773,62,46,16
S00131774,65,49,16
S00131775,74,44,30
S00131776,110,79,31
S00131777,90,71,19
S00131778,75,43,32
S00131779,91,58,33
S00131780,96,65,31
S00131781,102,67,35
S00131782,87,64,23
S00131783,47,26,21
S00131784,64,43,21
S00131785,87,48,39
S00131786,82,54,28
S00131787,57,30,27
S00131788,103,67,36
S00131789,52,44,8
S00131790,70,49,21
S00131791,112,77,35
S00131792,71,51,20
S00131793,110,70,40
S00131794,81,50,31
S00131795,51,29,22
S00131796,87,45,42
S00131797,43,27,16
S00131798,109,69,40
S00131799,114,66,48
S00131800,117,69,48
S00131801,121,86,35
S00131802,58,39,19
S00131803,80,52,28
S00131804,72,67,5
S00131805,104,83,21
S00131806,79,43,36
S00131807,66,45,21
S00131808,88,53,35
S00131809,61,40,21
S00131810,51,25,26
S00131811,61,34,27
S00131812,90,53,37
S00131813,68,64,4
S00131814,98,72,26
S00131815,65,32,33
S00131816,109,80,29
S00131817,44,24,20
S00131818,63,36,27
S00131819,103,77,26
S00131820,92,42,50
S00131821,93,61,32
S00131822,89,54,35
S00131823,66,42,24
S00131824,85,58,27
S00131825,85,61,24
S00131826,122,71,51
S00131827,90,72,18
S00131828,83,55,28
S00131829,88,47,41
S00131830,65,35,30
S00131831,66,45,21
S00131832,76,50,26
S00131833,66,49,17
S00131834,98,69,29
S00131835,85,49,36
S00131836,76,43,33
S00131837,77,51,26
S00131838,72,48,24
S00131839,79,52,27
S00131840,66,37,29
S00131841,106,59,47
S00131842,85,46,39
S00131843,69,33,36
S00131844,83,64,19
S00131845,55,39,16
S00131846,67,45,22
S00131847,68,43,25
S00131848,92,58,34
S00131849,79,46,33
S00131850,74,43,31
S00131851,90,65,25
S00131852,89,78,11
S00131853,61,34,27
S00131854,62,43,19
S00131855,52,32,20
S00131856,44,24,20
S00131857,71,33,38
S00131858,109,66,43
S00131859,86,52,34
S00131860,67,51,16
S00131861,48,31,17
S00131862,65,36,29
S00131863,94,54,40
S00131864,107,59,48
S00131865,70,45,25
S00131866,51,33,18
S00131867,113,76,37
S00131868,70,41,29
S00131869,59,43,16
S00131870,81,52,29
S00131871,110,64,46
S00131872,73,47,26
S00131873,86,68,18
S00131874,71,43,28
S00131875,139,109,30
S00131876,77,49,28
S00131877,57,39,18
S00131878,127,85,42
S00131879,64,37,27
S00131880,52,31,21
S00131881,50,39,11
S00131882,29,21,8
S00131883,88,71,17
S00131884,68,42,26
S00131885,64,42,22
S00131886,83,57,26
S00131887,95,61,34
S00131888,80,62,18
S00131889,90,70,20
S00131890,98,70,28
S00131891,104,66,38
S00131892,82,48,34
S00131893,105,81,24
S00131894,91,47,44
S00131895,68,48,20
S00131896,72,52,20
S00131897,103,66,37
S00131898,91,52,39
S00131899,100,68,32
S00131900,54,41,13
S00131901,85,54,31
S00131902,114,78,36
S00131903,134,100,34
S00131904,147,109,38
S00131905,77,41,36
S00131906,99,58,41
S00131907,74,52,22
S00131908,110,65,45
S00131909,49,30,19
S00131910,85,63,22
S00131911,85,55,30
S00131912,101,68,33
S00131913,89,59,30
S00131914,89,57,32
S00131915,71,45,26
S00131916,91,61,30
S00131917,83,60,23
S00131918,126,105,21
S00131919,99,71,28
S00131920,197,144,53
S00131921,121,87,34
S00131922,117,77,40
S00131923,81,58,23
S00131924,49,22,27
S00131925,59,37,22
S00131926,73,44,29
S00131927,122,89,33
S00131928,112,66,46
S00131929,101,52,49
S00131930,79,56,23
S00131931,67,41,26
S00131932,103,68,35
S00131933,43,30,13
S00131934,122,84,38
S00131935,91,47,44
S00131936,85,56,29
S00131937,79,48,31
S00131938,122,86,36
S00131939,78,34,44
S00131940,33,19,14
S00131941,84,62,22
S00131942,69,29,40
S00131943,94,63,31
S00131944,89,72,17
S00131945,56,45,11
S00131946,97,54,43
S00131947,39,27,12
S00131948,77,48,29
S00131949,105,74,31
S00131950,73,46,27
S00131951,70,53,17
S00131952,97,64,33
S00131953,135,85,50
S00131954,128,77,51
S00131955,48,30,18
S00131956,153,102,51
S00131957,94,66,28
S00131958,99,65,34
S00131959,123,102,21
S00131960,113,95,18
S00131961,123,76,47
S00131962,78,41,37
S00131963,85,45,40
S00131964,56,31,25
S00131965,91,68,23
S00131966,70,43,27
S00131967,59,40,19
S00131968,57,31,26
S00131969,88,59,29
S00131970,121,79,42
S00131971,138,99,39
S00131972,86,63,23
S00131973,76,37,39
S00131974,101,82,19
S00131975,74,50,24
S00131976,114,74,40
S00131977,74,49,25
S00131978,71,45,26
S00131979,91,65,26
S00131980,78,49,29
S00131981,148,102,46
S00131982,87,55,32
S00131983,87,59,28
S00131984,84,60,24
S00131985,69,36,33
S00131986,96,62,34
S00131987,82,62,20
S00131988,98,71,27
S00131989,63,51,12
S00131990,82,66,16
S00131991,75,54,21
S00131992,111,57,54
S00131993,114,75,39
S00131994,115,81,34
S00131995,92,54,38
S00131996,38,18,20
S00131997,60,30,30
S00131998,75,45,30
S00131999,63,38,25
S00132000,100,65,35
S00132001,92,59,33
S00132002,111,61,50
S00132003,76,48,28
S00132004,99,62,37
S00132005,109,67,42
S00132006,64,44,20
S00132007,40,24,16
S00132008,62,47,15
S00132009,73,46,27
S00132010,75,42,33
S00132011,67,37,30
S00132012,70,42,28
S00132013,49,27,22
S00132014,89,56,33
S00132015,152,110,42
S00132016,77,39,38
S00132017,96,61,35
S00132018,62,40,22
S00132019,101,58,43
S00132020,151,130,21
S00132021,143,97,46
S00132022,70,45,25
S00132023,145,105,40
S00132024,119,86,33
S00132025,92,66,26
S00132026,89,54,35
S00132027,96,72,24
S00132028,105,79,26
S00132029,75,53,22
S00132030,126,72,54
S00132031,92,65,27
S00132032,149,127,22
S00132033,124,95,29
S00132034,61,48,13
S00132035,130,88,42
S00132036,126,102,24
S00132037,68,61,7
S00132038,74,63,11
S00132039,89,60,29
S00132040,82,66,16
S00132041,160,127,33
S00132042,105,87,18
S00132043,124,96,28
S00132044,141,119,22
S00132045,72,49,23
S00132046,94,61,33
S00132047,80,53,27
S00132048,82,49,33
S00132049,65,58,7
S00132050,51,32,19
S00132051,120,79,41
S00132052,66,42,24
S00132053,72,55,17
S00132054,87,67,20
S00132055,60,38,22
S00132056,81,55,26
S00132057,104,72,32
S00132058,90,58,32
S00132059,63,42,21
S00132060,60,40,20
S00132061,76,54,22
S00132062,116,68,48
S00132063,55,38,17
S00132064,78,57,21
S00132065,74,38,36
S00132066,60,39,21
S00132067,66,39,27
S00132068,41,18,23
S00132069,62,30,32
S00132070,123,88,35
S00132071,92,67,25
S00132072,81,52,29
S00132073,95,66,29
S00132074,134,94,40
S00132075,82,49,33
S00132076,79,56,23
S00132077,43,26,17
S00132078,117,85,32
S00132079,113,66,47
S00132080,57,40,17
S00132081,57,35,22
S00132082,63,45,18
S00132083,84,52,32
S00132084,66,39,27
S00132085,113,72,41
S00132086,122,82,40
S00132087,86,60,26
S00132088,74,54,20
S00132089,89,53,36
S00132090,84,57,27
S00132091,72,51,21
S00132092,84,61,23
S00132093,70,38,32
S00132094,130,85,45
S00132095,52,30,22
S00132096,78,56,22
S00132097,65,42,23
S00132098,94,56,38
S00132099,78,55,23
S00132100,70,49,21
S00132101,116,94,22
S00132102,49,28,21
S00132103,64,40,24
S00132104,100,71,29
S00132105,75,50,25
S00132106,59,35,24
S00132107,103,77,26
S00132108,74,64,10
S00132109,66,50,16
S00132110,98,67,31
S00132111,114,99,15
S00132112,63,44,19
S00132113,91,62,29
S00132114,96,62,34
S00132115,94,55,39
S00132116,87,59,28
S00132117,74,50,24
S00132118,71,44,27
S00132119,117,74,43
S00132120,108,67,41
S00132121,98,70,28
S00132122,84,52,32
S00132123,77,53,24
S00132124,57,37,20
S00132125,76,61,15
S00132126,45,28,17
S00132127,61,35,26
S00132128,105,86,19
S00132129,81,70,11
S00132130,88,77,11
S00132131,88,68,20
S00132132,82,59,23
S00132133,170,84,86
S00132134,76,63,13
S00132135,84,73,11
S00132136,50,38,12
S00132137,48,37,11
S00132138,76,64,12
S00132139,97,39,58
S00132140,81,55,26
S00132141,66,44,22
S00132142,99,62,37
S00132143,62,37,25
S00132144,54,34,20
S00132145,72,45,27
S00132146,108,62,46
S00132147,107,74,33
S00132148,105,64,41
S00132149,79,49,30
S00132150,94,50,44
S00132151,103,67,36
S00132152,91,61,30
S00132153,103,89,14
S00132154,79,62,17
S00132155,116,95,21
S00132156,114,85,29
S00132157,69,33,36
S00132158,107,87,20
S00132159,134,94,40
S00132160,82,44,38
S00132161,77,52,25
S00132162,115,80,35
S00132163,65,51,14
S00132164,64,38,26
S00132165,96,63,33
S00132166,83,45,38
S00132167,59,37,22
S00132168,69,48,21
S00132169,100,67,33
S00132170,65,44,21
S00132171,99,70,29
S00132172,84,59,25
S00132173,82,54,28
S00132174,58,40,18
S00132175,91,47,44
S00132176,51,38,13
S00132177,78,43,35
S00132178,108,76,32
S00132179,124,93,31
S00132180,50,26,24
S00132181,103,52,51
S00132182,121,78,43
S00132183,116,61,55
S00132184,118,63,55
S00132185,76,56,20
S00132186,56,41,15
S00132187,102,69,33
S00132188,35,21,14
S00132189,89,60,29
S00132190,84,65,19
S00132191,52,43,9
S00132192,96,69,27
S00132193,86,62,24
S00132194,70,40,30
S00132195,23,10,13
S00132196,106,71,35
S00132197,41,27,14
S00132198,108,73,35
S00132199,95,60,35
S00132200,101,77,24
S00132201,102,72,30
S00132202,31,4,27
S00132203,48,33,15
S00132204,47,41,6
S00132205,107,73,34
S00132206,55,35,20
S00132207,114,78,36
S00132208,113,77,36
S00132209,121,100,21
S00132210,97,68,29
S00132211,116,70,46
S00132212,97,68,29
S00132213,71,51,20
S00132214,91,64,27
S00132215,62,45,17
S00132216,56,43,13
S00132217,72,54,18
S00132218,64,46,18
S00132219,52,33,19
S00132220,66,43,23
S00132221,91,72,19
S00132222,141,104,37
S00132223,110,84,26
S00132224,59,40,19
S00132225,71,52,19
S00132226,70,52,18
S00132227,101,71,30
S00132228,88,54,34
S00132229,91,58,33
S00132230,64,38,26
S00132231,56,39,17
S00132232,85,43,42
S00132233,110,75,35
S00132234,115,94,21
S00132235,127,109,18
S00132236,87,65,22
S00132237,109,65,44
S00132238,76,48,28
S00132239,101,76,25
S00132240,75,52,23
S00132241,130,112,18
S00132242,73,49,24
S00132243,78,65,13
S00132244,101,56,45
S00132245,74,61,13
S00132246,121,81,40
S00132247,68,41,27
S00132248,71,64,7
S00132249,72,43,29
S00132250,88,50,38
S00132251,87,55,32
S00132252,72,42,30
S00132253,94,64,30
S00132254,90,69,21
S00132255,82,60,22
S00132256,84,66,18
S00132257,84,64,20
S00132258,78,57,21
S00132259,93,66,27
S00132260,107,56,51
S00132261,144,93,51
S00132262,108,78,30
S00132263,84,52,32
S00132264,93,61,32
S00132265,75,51,24
S00132266,64,32,32
S00132267,115,82,33
S00132268,115,89,26
S00132269,42,31,11
S00132270,111,84,27
S00132271,105,87,18
S00132272,103,76,27
S00132273,46,31,15
S00132274,161,151,10
S00132275,43,42,1
S00132276,87,71,16
S00132277,93,88,5
S00132278,104,73,31
S00132279,48,38,10
S00132280,104,64,40
S00132281,119,92,27
S00132282,83,55,28
S00132283,73,58,15
S00132284,100,93,7
S00132285,93,85,8
S00132286,65,46,19
S00132287,72,47,25
S00132288,84,66,18
S00132289,107,92,15
S00132290,83,50,33
S00132291,120,77,43
S00132292,58,45,13
S00132293,64,49,15
S00132294,42,28,14
S00132295,28,16,12
S00132296,77,51,26
S00132297,135,99,36
S00132298,75,46,29
S00132299,110,89,21
S00132300,132,94,38
S00132301,183,149,34
S00132302,115,104,11
S00132303,67,48,19
S00132304,81,60,21
S00132305,45,33,12
S00132306,179,134,45
S00132307,73,43,30
S00132308,51,39,12
S00132309,56,38,18
S00132310,99,65,34
S00132311,98,76,22
S00132312,77,60,17
S00132313,72,61,11
S00132314,66,49,17
S00132315,83,49,34
S00132316,54,35,19
S00132317,73,55,18
S00132318,81,65,16
S00132319,141,97,44
S00132320,105,67,38
S00132321,100,82,18
S00132322,56,41,15
S00132323,92,64,28
S00132324,54,34,20
S00132325,92,73,19
S00132326,107,69,38
S00132327,94,60,34
S00132328,88,78,10
S00132329,53,39,14
S00132330,102,81,21
S00132331,116,86,30
S00132332,142,121,21
S00132333,73,44,29
S00132334,60,37,23
S00132335,56,39,17
S00132336,66,47,19
S00132337,67,40,27
S00132338,67,49,18
S00132339,88,53,35
S00132340,122,83,39
S00132341,63,49,14
S00132342,67,52,15
S00132343,53,36,17
S00132344,44,28,16
S00132345,43,38,5
S00132346,103,87,16
S00132347,115,107,8
S00132348,38,7,31
S00132349,38,19,19
S00132350,86,55,31
S00132351,93,74,19
S00132352,69,31,38
S00132353,75,50,25
S00132354,91,64,27
S00132355,84,62,22
S00132356,89,57,32
S00132357,77,49,28
S00132358,135,103,32
S00132359,100,71,29
S00132360,186,148,38
S00132361,80,53,27
S00132362,76,62,14
S00132363,113,81,32
S00132364,85,68,17
S00132365,66,54,12
S00132366,80,56,24
S00132367,51,39,12
S00132368,92,76,16
S00132369,139,125,14
S00132370,80,59,21
S00132371,98,51,47
S00132372,61,45,16
S00132373,121,109,12
S00132374,69,54,15
S00132375,72,50,22
S00132376,92,72,20
S00132377,63,52,11
S00132378,132,90,42
S00132379,57,32,25
S00132380,63,49,14
S00132381,57,37,20
S00132382,88,59,29
S00132383,72,53,19
S00132384,115,70,45
S00132385,53,37,16
S00132386,73,59,14
S00132387,61,40,21
S00132388,107,67,40
S00132389,64,32,32
S00132390,50,34,16
S00132391,65,43,22
S00132392,81,50,31
S00132393,88,64,24
S00132394,67,54,13
S00132395,109,56,53
S00132396,72,54,18
S00132397,113,93,20
S00132398,78,56,22
S00132399,56,30,26
S00132400,65,48,17
S00132401,73,49,24
S00132402,59,46,13
S00132403,64,41,23
S00132404,144,97,47
S00132405,96,71,25
S00132406,36,16,20
S00132407,51,36,15
S00132408,109,84,25
S00132409,74,55,19
S00132410,50,34,16
S00132411,82,67,15
S00132412,119,106,13
S00132413,113,84,29
S00132414,127,108,19
S00132415,151,131,20
S00132416,156,134,22
S00132417,78,55,23
S00132418,46,36,10
S00132419,68,41,27
S00132420,63,51,12
S00132421,84,53,31
S00132422,68,50,18
S00132423,102,68,34
S00132424,101,66,35
S00132425,51,40,11
S00132426,99,68,31
S00132427,63,40,23
S00132428,118,94,24
S00132429,42,27,15
S00132430,56,34,22
S00132431,76,57,19
S00132432,76,59,17
S00132433,69,41,28
S00132434,65,50,15
S00132435,61,41,20
S00132436,106,78,28
S00132437,85,57,28
S00132438,60,38,22
S00132439,52,24,28
S00132440,114,67,47
S00132441,47,20,27
S00132442,78,53,25
S00132443,61,41,20
S00132444,52,40,12
S00132445,75,44,31
S00132446,61,35,26
S00132447,125,69,56
S00132448,65,34,31
S00132449,53,18,35
S00132450,63,36,27
S00132451,47,25,22
S00132452,82,62,20
S00132453,51,35,16
S00132454,68,51,17
S00132455,79,60,19
S00132456,64,38,26
S00132457,78,56,22
S00132458,60,47,13
S00132459,68,57,11
S00132460,80,55,25
S00132461,44,33,11
S00132462,47,21,26
S00132463,52,27,25
S00132464,76,60,16
S00132465,37,26,11
S00132466,75,49,26
S00132467,60,43,17
S00132468,43,35,8
S00132469,85,69,16
S00132470,60,39,21
S00132471,97,72,25
S00132472,68,42,26
S00132473,65,47,18
S00132474,40,19,21
S00132475,34,14,20
S00132476,46,34,12
S00132477,92,57,35
S00132478,73,54,19
S00132479,123,89,34
S00132480,45,34,11
S00132481,94,58,36
S00132482,96,68,28
S00132483,59,28,31
S00132484,142,111,31
S00132485,45,32,13
S00132486,87,49,38
S00132487,56,33,23
S00132488,62,42,20
S00132489,41,32,9
S00132490,47,33,14
S00132491,108,59,49
S00132492,144,99,45
S00132493,173,146,27
S00132494,43,40,3
S00132495,57,53,4
S00132496,108,95,13
S00132497,47,26,21
S00132498,94,83,11
S00132499,103,83,20
S00132500,101,73,28
S00132501,109,69,40
S00132502,98,66,32
S00132503,68,58,10
S00132504,124,90,34
S00132505,95,68,27
S00132506,117,87,30
S00132507,92,65,27
S00132508,115,82,33
S00132509,110,80,30
S00132510,72,61,11
S00132511,98,78,20
S00132512,114,71,43
S00132513,54,34,20
S00132514,83,63,20
S00132515,94,60,34
S00132516,101,77,24
S00132517,67,52,15
S00132518,80,52,28
S00132519,79,54,25
S00132520,122,91,31
S00132521,94,69,25
S00132522,84,60,24
S00132523,43,32,11
S00132524,81,50,31
S00132525,87,55,32
S00132526,151,108,43
S00132527,79,53,26
S00132528,137,92,45
S00132529,86,59,27
S00132530,89,57,32
S00132531,56,28,28
S00132532,56,43,13
S00132533,73,56,17
S00132534,13,3,10
S00132535,59,33,26
S00132536,42,25,17
S00132537,90,56,34
S00132538,34,10,24
S00132539,69,41,28
S00132540,69,53,16
S00132541,106,76,30
S00132542,100,68,32
S00132543,62,36,26
S00132544,145,92,53
S00132545,100,54,46
S00132546,89,67,22
S00132547,89,64,25
S00132548,139,118,21
S00132549,102,84,18
S00132550,110,75,35
S00132551,62,35,27
S00132552,79,46,33
S00132553,80,52,28
S00132554,66,51,15
S00132555,123,100,23
S00132556,105,81,24
S00132557,73,61,12
S00132558,106,83,23
S00132559,80,64,16
S00132560,81,65,16
S00132561,69,51,18
S00132562,97,71,26
S00132563,98,83,15
S00132564,116,106,10
S00132565,135,115,20
S00132566,128,94,34
S00132567,77,54,23
S00132568,102,69,33
S00132569,65,43,22
S00132570,94,70,24
S00132571,56,24,32
S00132572,37,24,13
S00132573,119,77,42
S00132574,112,90,22
S00132575,94,59,35
S00132576,91,55,36
S00132577,76,53,23
S00132578,59,36,23
S00132579,103,81,22
S00132580,50,35,15
S00132581,116,81,35
S00132582,90,70,20
S00132583,103,76,27
S00132584,47,31,16
S00132585,55,41,14
S00132586,85,59,26
S00132587,58,35,23
S00132588,69,44,25
S00132589,87,67,20
S00132590,76,63,13
S00132591,75,48,27
S00132592,42,8,34
S00132593,79,66,13
S00132594,46,33,13
S00132595,80,56,24
S00132596,61,27,34
S00132597,75,52,23
S00132598,84,50,34
S00132599,51,38,13
S00132600,67,47,20
S00132601,79,61,18
S00132602,119,91,28
S00132603,97,79,18
S00132604,161,127,34
S00132605,152,125,27
S00132606,61,50,11
S00132607,83,71,12
S00132608,73,65,8
S00132609,108,77,31
S00132610,75,56,19
S00132611,54,50,4
S00132612,64,39,25
S00132613,79,52,27
S00132614,103,82,21
S00132615,113,88,25
S00132616,62,36,26
S00132617,90,61,29
S00132618,102,91,11
S00132619,148,126,22
S00132620,114,86,28
S00132621,115,88,27
S00132622,150,119,31
S00132623,121,92,29
S00132624,54,41,13
S00132625,141,125,16
S00132626,131,110,21
S00132627,75,57,18
S00132628,113,74,39
S00132629,95,62,33
S00132630,92,67,25
S00132631,114,76,38
S00132632,32,22,10
S00132633,52,33,19
S00132634,94,74,20
S00132635,98,83,15
S00132636,121,89,32
S00132637,90,68,22
S00132638,61,47,14
S00132639,55,46,9
S00132640,75,45,30
S00132641,63,31,32
S00132642,60,40,20
S00132643,99,74,25
S00132644,77,38,39
S00132645,75,40,35
S00132646,95,50,45
S00132647,35,25,10
S00132648,44,33,11
S00132649,100,79,21
S00132650,158,128,30
S00132651,54,36,18
S00132652,76,58,18
S00132653,90,50,40
S00132654,41,34,7
S00132655,63,47,16
S00132656,39,25,14
S00132657,38,24,14
S00132658,72,50,22
S00132659,75,56,19
S00132660,87,47,40
S00132661,94,77,17
S00132662,98,79,19
S00132663,27,12,15
S00132664,80,61,19
S00132665,132,110,22
S00132666,124,76,48
S00132667,113,85,28
S00132668,44,30,14
S00132669,138,114,24
S00132670,128,111,17
S00132671,126,105,21
S00132672,83,67,16
S00132673,121,98,23
S00132674,106,75,31
S00132675,69,50,19
S00132676,102,84,18
S00132677,102,78,24
S00132678,177,137,40
S00132679,49,31,18
S00132680,105,93,12
S00132681,60,43,17
S00132682,100,73,27
S00132683,147,117,30
S00132684,91,57,34
S00132685,73,62,11
S00132686,157,119,38
S00132687,83,62,21
S00132688,55,37,18
S00132689,86,59,27
S00132690,38,23,15
S00132691,105,80,25
S00132692,129,102,27
S00132693,103,50,53
S00132694,149,124,25
S00132695,93,82,11
S00132696,118,88,30
S00132697,130,106,24
S00132698,48,35,13
S00132699,189,152,37
S00132700,120,102,18
S00132701,185,147,38
S00132702,110,83,27
S00132703,109,89,20
S00132704,105,90,15
S00132705,106,89,17
S00132706,94,59,35
S00132707,132,99,33
S00132708,126,103,23
S00132709,132,97,35
S00132710,125,81,44
S00132711,65,44,21
S00132712,103,76,27
S00132713,79,50,29
S00132714,78,52,26
S00132715,78,58,20
S00132716,118,87,31
S00132717,99,71,28
S00132718,48,27,21
S00132719,109,95,14
S00132720,118,99,19
S00132721,59,47,12
S00132722,101,95,6
S00132723,132,106,26
S00132724,99,89,10
S00132725,106,89,17
S00132726,91,75,16
S00132727,151,132,19
S00132728,44,38,6
S00132729,43,32,11
S00132730,70,53,17
S00132731,55,33,22
S00132732,82,54,28
S00132733,62,50,12
S00132734,144,100,44
S00132735,60,49,11
S00132736,170,143,27
S00132737,99,64,35
S00132738,72,50,22
S00132739,53,25,28
S00132740,117,72,45
S00132741,51,43,8
S00132742,89,57,32
S00132743,110,79,31
S00132744,48,15,33
S00132745,39,20,19
S00132746,81,49,32
S00132747,105,77,28
S00132748,132,111,21
S00132749,72,59,13
S00132750,54,36,18
S00132751,94,48,46
S00132752,82,53,29
S00132753,86,66,20
S00132754,70,50,20
S00132755,113,97,16
S00132756,81,55,26
S00132757,98,82,16
S00132758,61,34,27
S00132759,71,48,23
S00132760,88,56,32
S00132761,95,66,29
S00132762,48,35,13
S00132763,73,51,22
S00132764,78,62,16
S00132765,78,51,27
S00132766,58,46,12
S00132767,85,65,20
S00132768,82,68,14
S00132769,90,61,29
S00132770,51,32,19
S00132771,70,49,21
S00132772,57,38,19
S00132773,77,66,11
S00132774,41,28,13
S00132775,80,45,35
S00132776,77,36,41
S00132777,137,89,48
S00132778,80,48,32
S00132779,94,69,25
S00132780,72,41,31
S00132781,22,6,16
S00132782,105,73,32
S00132783,39,19,20
S00132784,107,70,37
S00132785,121,91,30
S00132786,109,67,42
S00132787,47,40,7
S00132788,111,84,27
S00132789,82,75,7
S00132790,42,36,6
S00132791,47,42,5
S00132792,111,88,23
S00132793,81,51,30
S00132794,103,79,24
S00132795,56,50,6
S00132796,68,42,26
S00132797,125,107,18
S00132798,154,140,14
S00132799,91,79,12
S00132800,44,38,6
S00132801,99,65,34
S00132802,71,67,4
S00132803,69,59,10
S00132804,71,59,12
S00132805,120,76,44
S00132806,80,47,33
S00132807,43,32,11
S00132808,71,45,26
S00132809,54,41,13
S00132810,47,29,18
S00132811,57,38,19
S00132812,50,36,14
S00132813,78,33,45
S00132814,69,44,25
S00132815,82,58,24
S00132816,55,32,23
S00132817,45,36,9
S00132818,85,56,29
S00132819,82,72,10
S00132820,111,91,20
S00132821,40,14,26
S00132822,67,52,15
S00132823,114,105,9
S00132824,92,80,12
S00132825,94,77,17
S00132826,44,38,6
S00132827,78,72,6
S00132828,73,58,15
S00132829,92,53,39
S00132830,52,49,3
S00132831,104,89,15
S00132832,127,67,60
S00132833,86,53,33
S00132834,136,94,42
S00132835,83,69,14
S00132836,71,43,28
S00132837,51,31,20
S00132838,66,50,16
S00132839,175,133,42
S00132840,76,52,24
S00132841,67,47,20
S00132842,70,48,22
S00132843,20,7,13
S00132844,59,36,23
S00132845,126,94,32
S00132846,60,33,27
S00132847,182,115,67
S00132848,179,100,79
S00132849,103,68,35
S00132850,46,29,17
S00132851,125,89,36
S00132852,115,89,26
S00132853,109,70,39
S00132854,141,114,27
S00132855,92,72,20
S00132856,101,75,26
S00132857,87,71,16
S00132858,136,107,29
S00132859,133,110,23
S00132860,47,38,9
S00132861,82,59,23
S00132862,70,42,28
S00132863,100,59,41
S00132864,78,67,11
S00132865,101,74,27
S00132866,155,123,32
S00132867,138,124,14
S00132868,131,113,18
S00132869,97,88,9
S00132870,114,103,11
S00132871,97,61,36
S00132872,78,43,35
S00132873,108,90,18
S00132874,115,85,30
S00132875,134,106,28
S00132876,156,128,28
S00132877,65,43,22
S00132878,125,102,23
S00132879,96,75,21
S00132880,37,11,26
S00132881,131,112,19
S00132882,58,41,17
S00132883,69,52,17
S00132884,43,33,10
S00132885,76,69,7
S00132886,42,30,12
S00132887,76,57,19
S00132888,89,66,23
S00132889,52,37,15
S00132890,69,44,25
S00132891,76,52,24
S00132892,46,37,9
S00132893,49,26,23
S00132894,71,55,16
S00132895,87,67,20
S00132896,118,84,34
S00132897,112,86,26
S00132898,78,55,23
S00132899,54,37,17
S00132900,48,36,12
S00132901,90,73,17
S00132902,81,63,18
S00132903,105,56,49
S00132904,63,40,23
S00132905,39,31,8
S00132906,109,66,43
S00132907,83,52,31
S00132908,63,47,16
S00132909,102,71,31
S00132910,76,57,19
S00132911,80,61,19
S00132912,111,70,41
S00132913,58,40,18
S00132914,88,51,37
S00132915,146,114,32
S00132916,90,67,23
S00132917,95,68,27
S00132918,126,87,39
S00132919,100,60,40
S00132920,108,70,38
S00132921,74,54,20
S00132922,52,35,17
S00132923,47,32,15
S00132924,53,44,9
S00132925,90,66,24
S00132926,103,75,28
S00132927,42,31,11
S00132928,115,55,60
S00132929,121,88,33
S00132930,57,36,21
S00132931,97,70,27
S00132932,71,48,23
S00132933,147,122,25
S00132934,89,63,26
S00132935,63,49,14
S00132936,68,40,28
S00132937,72,59,13
S00132938,87,77,10
S00132939,44,31,13
S00132940,44,41,3
S00132941,66,43,23
S00132942,73,61,12
S00132943,65,53,12
S00132944,72,58,14
S00132945,105,77,28
S00132946,114,74,40
S00132947,88,64,24
S00132948,106,75,31
S00132949,68,44,24
S00132950,135,86,49
S00132951,82,55,27
S00132952,90,56,34
S00132953,55,29,26
S00132954,155,110,45
S00132955,106,69,37
S00132956,151,113,38
S00132957,87,43,44
S00132958,107,63,44
S00132959,70,46,24
S00132960,118,86,32
S00132961,89,59,30
S00132962,89,52,37
S00132963,96,64,32
S00132964,119,64,55
S00132965,105,79,26
S00132966,65,53,12
S00132967,48,31,17
S00132968,88,52,36
S00132969,97,67,30
S00132970,100,57,43
S00132971,76,51,25
S00132972,90,55,35
S00132973,139,69,70
S00132974,123,84,39
S00132975,109,87,22
S00132976,62,38,24
S00132977,62,32,30
S00132978,39,27,12
S00132979,77,50,27
S00132980,128,97,31
S00132981,88,56,32
S00132982,112,88,24
S00132983,88,53,35
S00132984,51,37,14
S00132985,100,79,21
S00132986,71,53,18
S00132987,57,35,22
S00132988,101,76,25
S00132989,116,85,31
S00132990,110,64,46
S00132991,64,37,27
S00132992,89,72,17
S00132993,89,62,27
S00132994,78,50,28
S00132995,112,78,34
S00132996,106,69,37
S00132997,76,56,20
S00132998,88,63,25
S00132999,83,58,25
S00133000,83,53,30
S00133001,111,68,43
S00133002,66,35,31
S00133003,119,76,43
S00133004,97,68,29
S00133005,120,108,12
S00133006,109,87,22
S00133007,147,113,34
S00133008,73,59,14
S00133009,59,45,14
S00133010,107,83,24
S00133011,77,53,24
S00133012,118,85,33
S00133013,149,100,49
S00133014,84,63,21
S00133015,71,44,27
S00133016,81,52,29
S00133017,139,98,41
S00133018,106,72,34
S00133019,147,119,28
S00133020,69,56,13
S00133021,53,24,29
S00133022,114,84,30
S00133023,83,48,35
S00133024,99,70,29
S00133025,92,67,25
S00133026,63,46,17
S00133027,75,49,26
S00133028,83,59,24
S00133029,62,41,21
S00133030,71,49,22
S00133031,106,63,43
S00133032,90,57,33
S00133033,136,117,19
S00133034,45,31,14
S00133035,62,42,20
S00133036,74,48,26
S00133037,86,53,33
S00133038,89,59,30
S00133039,98,63,35
S00133040,82,55,27
S00133041,84,52,32
S00133042,101,66,35
S00133043,148,84,64
S00133044,104,86,18
S00133045,49,34,15
S00133046,126,105,21
S00133047,124,76,48
S00133048,56,44,12
S00133049,79,53,26
S00133050,87,62,25
S00133051,125,85,40
S00133052,85,62,23
S00133053,82,53,29
S00133054,75,50,25
S00133055,76,55,21
S00133056,16,1,15
S00133057,80,51,29
S00133058,54,35,19
S00133059,56,39,17
S00133060,82,51,31
S00133061,65,40,25
S00133062,84,45,39
S00133063,93,60,33
S00133064,65,45,20
S00133065,99,52,47
S00133066,87,63,24
S00133067,105,66,39
S00133068,125,82,43
S00133069,91,51,40
S00133070,107,79,28
S00133071,102,54,48
S00133072,122,86,36
S00133073,74,49,25
S00133074,43,33,10
S00133075,74,58,16
S00133076,74,54,20
S00133077,67,42,25
S00133078,133,92,41
S00133079,122,84,38
S00133080,69,53,16
S00133081,113,61,52
S00133082,84,59,25
S00133083,85,71,14
S00133084,67,37,30
S00133085,77,64,13
S00133086,96,73,23
S00133087,68,43,25
S00133088,50,44,6
S00133089,76,49,27
S00133090,95,52,43
S00133091,87,53,34
S00133092,68,51,17
S00133093,101,75,26
S00133094,75,55,20
S00133095,67,39,28
S00133096,70,35,35
S00133097,69,51,18
S00133098,86,62,24
S00133099,93,59,34
S00133100,82,69,13
S00133101,116,96,20
S00133102,50,38,12
S00133103,59,47,12
S00133104,55,42,13
S00133105,65,48,17
S00133106,63,47,16
S00133107,126,89,37
S00133108,81,10,71
S00133109,66,51,15
S00133110,43,32,11
S00133111,49,32,17
S00133112,75,43,32
S00133113,56,29,27
S00133114,83,55,28
S00133115,128,90,38
S00133116,49,37,12
S00133117,67,46,21
S00133118,38,21,17
S00133119,44,28,16
S00133120,87,55,32
S00133121,77,53,24
S00133122,89,69,20
S00133123,77,56,21
S00133124,86,50,36
S00133125,55,34,21
S00133126,37,26,11
S00133127,69,54,15
S00133128,47,26,21
S00133129,82,55,27
S00133130,66,37,29
S00133131,71,56,15
S00133132,68,48,20
S00133133,41,35,6
S00133134,68,52,16
S00133135,78,60,18
S00133136,128,93,35
S00133137,83,68,15
S00133138,68,52,16
S00133139,62,41,21
S00133140,63,49,14
S00133141,57,42,15
S00133142,88,58,30
S00133143,66,35,31
S00133144,89,65,24
S00133145,94,70,24
S00133146,61,46,15
S00133147,68,50,18
S00133148,63,44,19
S00133149,60,40,20
S00133150,69,33,36
S00133151,116,76,40
S00133152,84,44,40
S00133153,150,127,23
S00133154,130,84,46
S00133155,117,79,38
S00133156,74,61,13
S00133157,81,57,24
S00133158,75,47,28
S00133159,51,32,19
S00133160,42,27,15
S00133161,82,50,32
S00133162,40,28,12
S00133163,82,52,30
S00133164,85,53,32
S00133165,79,51,28
S00133166,98,59,39
S00133167,63,45,18
S00133168,72,57,15
S00133169,102,76,26
S00133170,49,27,22
S00133171,65,47,18
S00133172,69,47,22
S00133173,73,38,35
S00133174,104,76,28
S00133175,53,34,19
S00133176,85,48,37
S00133177,76,45,31
S00133178,81,45,36
S00133179,68,44,24
S00133180,82,48,34
S00133181,65,36,29
S00133182,81,58,23
S00133183,109,71,38
S00133184,127,74,53
S00133185,82,57,25
S00133186,93,57,36
S00133187,151,80,71
S00133188,73,51,22
S00133189,53,31,22
S00133190,76,45,31
S00133191,88,55,33
S00133192,75,44,31
S00133193,69,44,25
S00133194,139,99,40
S00133195,89,62,27
S00133196,95,53,42
S00133197,99,67,32
S00133198,165,114,51
S00133199,95,45,50
S00133200,115,76,39
S00133201,173,83,90
S00133202,97,50,47
S00133203,152,100,52
S00133204,97,61,36
S00133205,86,56,30
S00133206,102,57,45
S00133207,69,39,30
S00133208,54,24,30
S00133209,89,62,27
S00133210,97,82,15
S00133211,100,61,39
S00133212,117,89,28
S00133213,117,71,46
S00133214,110,76,34
S00133215,88,49,39
S00133216,44,32,12
S00133217,62,44,18
S00133218,63,35,28
S00133219,75,41,34
S00133220,68,34,34
S00133221,63,35,28
S00133222,64,31,33
S00133223,106,60,46
S00133224,100,64,36
S00133225,101,85,16
S00133226,80,57,23
S00133227,80,54,26
S00133228,92,61,31
S00133229,82,55,27
S00133230,97,69,28
S00133231,83,67,16
S00133232,79,45,34
S00133233,124,73,51
S00133234,91,51,40
S00133235,71,42,29
S00133236,65,44,21
S00133237,74,44,30
S00133238,75,55,20
S00133239,37,21,16
S00133240,70,41,29
S00133241,54,49,5
S00133242,61,35,26
S00133243,60,41,19
S00133244,109,82,27
S00133245,109,72,37
S00133246,104,62,42
S00133247,80,57,23
S00133248,92,59,33
S00133249,69,43,26
S00133250,38,22,16
S00133251,97,66,31
S00133252,90,60,30
S00133253,78,49,29
S00133254,153,91,62
S00133255,137,92,45
S00133256,80,57,23
S00133257,66,43,23
S00133258,42,29,13
S00133259,40,26,14
S00133260,132,106,26
S00133261,111,65,46
S00133262,45,26,19
S00133263,49,36,13
S00133264,76,50,26
S00133265,119,68,51
S00133266,104,60,44
S00133267,86,57,29
S00133268,108,68,40
S00133269,92,57,35
S00133270,65,33,32
S00133271,99,63,36
S00133272,83,60,23
S00133273,123,84,39
S00133274,116,83,33
S00133275,119,81,38
S00133276,126,76,50
S00133277,52,36,16
S00133278,111,87,24
S00133279,142,105,37
S00133280,95,56,39
S00133281,68,48,20
S00133282,63,33,30
S00133283,58,29,29
S00133284,123,87,36
S00133285,80,44,36
S00133286,123,93,30
S00133287,118,80,38
S00133288,86,61,25
S00133289,99,78,21
S00133290,138,104,34
S00133291,144,89,55
S00133292,66,47,19
S00133293,78,51,27
S00133294,73,39,34
S00133295,107,56,51
S00133296,107,71,36
S00133297,96,78,18
S00133298,95,62,33
S00133299,86,65,21
S00133300,78,50,28
S00133301,85,62,23
S00133302,91,61,30
S00133303,49,34,15
S00133304,104,76,28
S00133305,69,52,17
S00133306,96,63,33
S00133307,39,25,14
S00133308,104,75,29
S00133309,125,84,41
S00133310,70,39,31
S00133311,98,65,33
S00133312,110,86,24
S00133313,104,67,37
S00133314,124,86,38
S00133315,97,75,22
S00133316,47,32,15
S00133317,65,46,19
S00133318,71,44,27
S00133319,137,96,41
S00133320,131,84,47
S00133321,108,83,25
S00133322,80,61,19
S00133323,141,104,37
S00133324,82,56,26
S00133325,90,63,27
S00133326,63,47,16
S00133327,122,78,44
S00133328,91,62,29
S00133329,78,47,31
S00133330,72,43,29
S00133331,65,46,19
S00133332,76,54,22
S00133333,98,59,39
S00133334,52,35,17
S00133335,36,23,13
S00133336,64,48,16
S00133337,92,54,38
S00133338,63,46,17
S00133339,94,63,31
S00133340,66,47,19
S00133341,108,64,44
S00133342,98,77,21
S00133343,88,51,37
S00133344,86,59,27
S00133345,101,72,29
S00133346,75,41,34
S00133347,179,152,27
S00133348,135,97,38
S00133349,99,56,43
S00133350,135,67,68
S00133351,58,48,10
S00133352,99,66,33
S00133353,53,29,24
S00133354,121,84,37
S00133355,100,65,35
S00133356,96,58,38
S00133357,105,58,47
S00133358,86,61,25
S00133359,96,58,38
S00133360,40,29,11
S00133361,86,68,18
S00133362,133,56,77
S00133363,121,92,29
S00133364,50,36,14
S00133365,79,62,17
S00133366,113,74,39
S00133367,93,72,21
S00133368,114,73,41
S00133369,85,49,36
S00133370,93,64,29
S00133371,128,100,28
S00133372,68,58,10
S00133373,119,74,45
S00133374,107,54,53
S00133375,109,76,33
S00133376,109,76,33
S00133377,56,47,9
S00133378,92,51,41
S00133379,107,60,47
S00133380,128,96,32
S00133381,106,73,33
S00133382,55,41,14
S00133383,57,50,7
S00133384,119,83,36
S00133385,123,77,46
S00133386,78,48,30
S00133387,70,45,25
S00133388,114,77,37
S00133389,120,80,40
S00133390,58,42,16
S00133391,91,77,14
S00133392,71,53,18
S00133393,127,106,21
S00133394,64,55,9
S00133395,77,67,10
S00133396,60,49,11
S00133397,74,49,25
S00133398,61,47,14
S00133399,47,24,23
S00133400,71,48,23
S00133401,65,55,10
S00133402,69,58,11
S00133403,48,33,15
S00133404,108,82,26
S00133405,132,98,34
S00133406,85,66,19
S00133407,124,89,35
S00133408,38,25,13
S00133409,60,45,15
S00133410,44,36,8
S00133411,115,80,35
S00133412,67,43,24
S00133413,71,53,18
S00133414,99,66,33
S00133415,84,69,15
S00133416,69,64,5
S00133417,56,39,17
S00133418,67,47,20
S00133419,44,21,23
S00133420,95,63,32
S00133421,94,76,18
S00133422,54,40,14
S00133423,66,56,10
S00133424,100,77,23
S00133425,132,95,37
S00133426,120,104,16
S00133427,55,42,13
S00133428,63,51,12
S00133429,49,26,23
S00133430,67,50,17
S00133431,58,31,27
S00133432,82,51,31
S00133433,102,72,30
S00133434,72,47,25
S00133435,81,53,28
S00133436,136,80,56
S00133437,72,60,12
S00133438,102,73,29
S00133439,95,58,37
S00133440,49,29,20
S00133441,104,89,15
S00133442,54,36,18
S00133443,87,53,34
S00133444,127,80,47
S00133445,49,32,17
S00133446,65,33,32
S00133447,74,47,27
S00133448,68,37,31
S00133449,47,21,26
S00133450,67,48,19
S00133451,77,55,22
S00133452,118,87,31
S00133453,41,26,15
S00133454,48,34,14
S00133455,53,37,16
S00133456,104,75,29
S00133457,51,33,18
S00133458,68,42,26
S00133459,187,122,65
S00133460,58,40,18
S00133461,75,43,32
S00133462,59,50,9
S00133463,99,73,26
S00133464,58,45,13
S00133465,122,94,28
S00133466,59,48,11
S00133467,80,58,22
S00133468,74,53,21
S00133469,102,60,42
S00133470,51,36,15
S00133471,99,78,21
S00133472,110,66,44
S00133473,72,51,21
S00133474,103,74,29
S00133475,66,50,16
S00133476,130,87,43
S00133477,67,38,29
S00133478,66,41,25
S00133479,96,69,27
S00133480,106,72,34
S00133481,45,30,15
S00133482,88,65,23
S00133483,67,48,19
S00133484,73,59,14
S00133485,132,93,39
S00133486,132,110,22
S00133487,96,75,21
S00133488,48,37,11
S00133489,81,70,11
S00133490,91,64,27
S00133491,130,100,30
S00133492,61,42,19
S00133493,51,38,13
S00133494,125,98,27
S00133495,98,82,16
S00133496,80,63,17
S00133497,57,49,8
S00133498,77,53,24
S00133499,69,53,16
S00133500,107,91,16
S00133501,86,70,16
S00133502,106,69,37
S00133503,72,52,20
S00133504,69,54,15
S00133505,119,105,14
S00133506,50,39,11
S00133507,68,44,24
S00133508,85,59,26
S00133509,96,74,22
S00133510,76,57,19
S00133511,41,17,24
S00133512,50,37,13
S00133513,124,95,29
S00133514,66,56,10
S00133515,50,30,20
S00133516,36,23,13
S00133517,129,110,19
S00133518,98,64,34
S00133519,127,106,21
S00133520,42,31,11
S00133521,98,78,20
S00133522,94,88,6
S00133523,107,93,14
S00133524,154,128,26
S00133525,48,28,20
S00133526,206,52,154
S00133527,45,35,10
S00133528,74,48,26
S00133529,84,27,57
S00133530,93,73,20
S00133531,51,41,10
S00133532,64,47,17
S00133533,83,72,11
S00133534,70,62,8
S00133535,80,51,29
S00133536,92,64,28
S00133537,69,42,27
S00133538,78,41,37
S00133539,19,11,8
S00133540,63,48,15
S00133541,105,90,15
S00133542,126,113,13
S00133543,100,69,31
S00133544,44,28,16
S00133545,52,44,8
S00133546,79,48,31
S00133547,115,91,24
S00133548,101,83,18
S00133549,72,62,10
S00133550,105,88,17
S00133551,99,82,17
S00133552,62,41,21
S00133553,122,86,36
S00133554,111,64,47
S00133555,49,31,18
S00133556,98,68,30
S00133557,126,75,51
S00133558,120,89,31
S00133559,255,139,116
S00133560,54,40,14
S00133561,74,50,24
S00133562,110,73,37
S00133563,80,58,22
S00133564,85,44,41
S00133565,54,33,21
S00133566,113,80,33
S00133567,49,38,11
S00133568,75,53,22
S00133569,118,90,28
S00133570,88,68,20
S00133571,66,44,22
S00133572,63,29,34
S00133573,82,52,30
S00133574,97,52,45
S00133575,98,75,23
S00133576,62,37,25
S00133577,55,40,15
S00133578,110,76,34
S00133579,93,66,27
S00133580,379,186,193
S00133581,147,114,33
S00133582,115,81,34
S00133583,65,47,18
S00133584,66,47,19
S00133585,120,94,26
S00133586,90,79,11
S00133587,86,55,31
S00133588,126,90,36
S00133589,331,94,237
S00133590,128,104,24
S00133591,133,112,21
S00133592,128,110,18
S00133593,48,35,13
S00133594,69,40,29
S00133595,81,59,22
S00133596,100,86,14
S00133597,78,62,16
S00133598,161,134,27
S00133599,88,73,15
S00133600,111,69,42
S00133601,89,65,24
S00133602,53,36,17
S00133603,25,2,23
S00133604,73,56,17
S00133605,98,84,14
S00133606,48,36,12
S00133607,50,37,13
S00133608,166,107,59
S00133609,66,41,25
S00133610,127,84,43
S00133611,109,80,29
S00133612,93,61,32
S00133613,67,58,9
S00133614,79,66,13
S00133615,70,57,13
S00133616,62,31,31
S00133617,99,76,23
S00133618,51,28,23
S00133619,69,51,18
S00133620,68,32,36
S00133621,89,55,34
S00133622,43,26,17
S00133623,96,55,41
S00133624,113,78,35
S00133625,87,69,18
S00133626,54,39,15
S00133627,69,47,22
S00133628,80,59,21
S00133629,53,33,20
S00133630,96,80,16
S00133631,127,109,18
S00133632,137,116,21
S00133633,49,34,15
S00133634,88,58,30
S00133635,1871,887,984
S00133636,116,76,40
S00133637,70,63,7
S00133638,52,42,10
S00133639,51,41,10
S00133640,85,72,13
S00133641,117,92,25
S00133642,88,67,21
S00133643,47,43,4
S00133644,125,83,42
S00133645,100,74,26
S00133646,77,49,28
S00133647,51,42,9
S00133648,57,36,21
S00133649,65,46,19
S00133650,77,57,20
S00133651,58,45,13
S00133652,73,51,22
S00133653,112,70,42
S00133654,79,58,21
S00133655,70,53,17
S00133656,74,57,17
S00133657,49,31,18
S00133658,81,65,16
S00133659,67,50,17
S00133660,144,122,22
S00133661,60,55,5
S00133662,87,75,12
S00133663,131,120,11
S00133664,39,31,8
S00133665,58,37,21
S00133666,79,68,11
S00133667,83,61,22
S00133668,128,98,30
S00133669,299,146,153
S00133670,51,40,11
S00133671,52,31,21
S00133672,124,78,46
S00133673,78,48,30
S00133674,59,31,28
S00133675,63,52,11
S00133676,137,112,25
S00133677,165,138,27
S00133678,45,28,17
S00133679,60,51,9
S00133680,90,72,18
S00133681,80,47,33
S00133682,79,67,12
S00133683,50,34,16
S00133684,33,21,12
S00133685,73,51,22
S00133686,95,51,44
S00133687,82,57,25
S00133688,119,80,39
S00133689,92,60,32
S00133690,99,62,37
S00133691,69,41,28
S00133692,127,99,28
S00133693,85,51,34
S00133694,121,72,49
S00133695,94,63,31
S00133696,73,36,37
S00133697,63,29,34
S00133698,57,33,24
S00133699,91,56,35
S00133700,75,51,24
S00133701,73,41,32
S00133702,74,49,25
S00133703,77,52,25
S00133704,85,71,14
S00133705,122,86,36
S00133706,86,57,29
S00133707,91,61,30
S00133708,99,68,31
S00133709,67,36,31
S00133710,54,36,18
S00133711,94,63,31
S00133712,81,44,37
S00133713,136,94,42
S00133714,80,60,20
S00133715,92,63,29
S00133716,81,50,31
S00133717,88,52,36
S00133718,43,26,17
S00133719,57,39,18
S00133720,122,101,21
S00133721,103,62,41
S00133722,111,78,33
S00133723,99,69,30
S00133724,128,87,41
S00133725,127,95,32
S00133726,582,101,481
S00133727,112,67,45
S00133728,132,93,39
S00133729,109,80,29
S00133730,121,82,39
S00133731,56,26,30
S00133732,87,54,33
S00133733,88,66,22
S00133734,67,43,24
S00133735,93,62,31
S00133736,90,56,34
S00133737,63,45,18
S00133738,91,66,25
S00133739,112,53,59
S00133740,122,82,40
S00133741,87,51,36
S00133742,87,58,29
S00133743,111,80,31
S00133744,49,43,6
S00133745,63,42,21
S00133746,114,77,37
S00133747,65,43,22
S00133748,106,69,37
S00133749,126,94,32
S00133750,48,33,15
S00133751,121,83,38
S00133752,105,71,34
S00133753,92,66,26
S00133754,58,38,20
S00133755,70,47,23
S00133756,105,80,25
S00133757,116,81,35
S00133758,119,86,33
S00133759,125,89,36
S00133760,125,88,37
S00133761,54,33,21
S00133762,54,36,18
S00133763,67,36,31
S00133764,115,84,31
S00133765,117,81,36
S00133766,75,42,33
S00133767,78,30,48
S00133768,100,65,35
S00133769,68,31,37
S00133770,64,43,21
S00133771,82,57,25
S00133772,76,33,43
S00133773,86,54,32
S00133774,117,81,36
S00133775,100,79,21
S00133776,78,50,28
S00133777,78,51,27
S00133778,125,102,23
S00133779,52,38,14
S00133780,76,55,21
S00133781,95,68,27
S00133782,128,100,28
S00133783,105,70,35
S00133784,121,97,24
S00133785,68,58,10
S00133786,65,58,7
S00133787,80,44,36
S00133788,63,39,24
S00133789,57,37,20
S00133790,82,59,23
S00133791,57,41,16
S00133792,58,36,22
S00133793,77,34,43
S00133794,71,50,21
S00133795,54,31,23
S00133796,96,58,38
S00133797,98,82,16
S00133798,107,78,29
S00133799,108,83,25
S00133800,86,50,36
S00133801,51,31,20
S00133802,78,48,30
S00133803,81,58,23
S00133804,49,30,19
S00133805,72,47,25
S00133806,100,57,43
S00133807,86,53,33
S00133808,78,53,25
S00133809,77,46,31
S00133810,75,46,29
S00133811,83,60,23
S00133812,87,56,31
S00133813,51,27,24
S00133814,55,35,20
S00133815,83,46,37
S00133816,83,39,44
S00133817,126,88,38
S00133818,93,63,30
S00133819,100,61,39
S00133820,131,91,40
S00133821,47,24,23
S00133822,59,29,30
S00133823,75,48,27
S00133824,76,47,29
S00133825,104,63,41
S00133826,58,36,22
S00133827,79,56,23
S00133828,58,34,24
S00133829,67,50,17
S00133830,87,56,31
S00133831,87,51,36
S00133832,97,61,36
S00133833,107,67,40
S00133834,88,62,26
S00133835,68,45,23
S00133836,107,69,38
S00133837,74,50,24
S00133838,73,60,13
S00133839,83,61,22
S00133840,122,83,39
S00133841,111,70,41
S00133842,122,87,35
S00133843,112,74,38
S00133844,86,52,34
S00133845,67,53,14
S00133846,107,67,40
S00133847,103,64,39
S00133848,74,58,16
S00133849,118,93,25
S00133850,89,61,28
S00133851,101,72,29
S00133852,80,54,26
S00133853,70,45,25
S00133854,111,72,39
S00133855,80,46,34
S00133856,79,54,25
S00133857,75,54,21
S00133858,94,69,25
S00133859,110,80,30
S00133860,100,89,11
S00133861,54,38,16
S00133862,87,67,20
S00133863,106,84,22
S00133864,82,60,22
S00133865,89,78,11
S00133866,100,74,26
S00133867,109,87,22
S00133868,86,70,16
S00133869,100,78,22
S00133870,106,86,20
S00133871,61,54,7
S00133872,88,70,18
S00133873,117,97,20
S00133874,77,61,16
S00133875,121,94,27
S00133876,79,69,10
S00133877,147,123,24
S00133878,107,84,23
S00133879,53,37,16
S00133880,146,106,40
S00133881,117,92,25
S00133882,85,55,30
S00133883,72,47,25
S00133884,73,43,30
S00133885,123,71,52
S00133886,58,30,28
S00133887,73,47,26
S00133888,121,91,30
S00133889,54,31,23
S00133890,71,56,15
S00133891,68,58,10
S00133892,112,78,34
S00133893,87,47,40
S00133894,88,59,29
S00133895,91,74,17
S00133896,100,65,35
S00133897,72,54,18
S00133898,83,39,44
S00133899,65,50,15
S00133900,51,32,19
S00133901,55,36,19
S00133902,108,74,34
S00133903,116,88,28
S00133904,89,50,39
S00133905,87,50,37
S00133906,100,65,35
S00133907,142,109,33
S00133908,85,47,38
S00133909,90,66,24
S00133910,123,90,33
S00133911,80,60,20
S00133912,54,42,12
S00133913,74,43,31
S00133914,120,82,38
S00133915,93,74,19
S00133916,109,67,42
S00133917,116,76,40
S00133918,41,33,8
S00133919,112,80,32
S00133920,130,74,56
S00133921,75,44,31
S00133922,110,68,42
S00133923,48,34,14
S00133924,84,71,13
S00133925,113,105,8
S00133926,127,89,38
S00133927,73,49,24
S00133928,77,54,23
S00133929,121,78,43
S00133930,51,39,12
S00133931,79,60,19
S00133932,127,82,45
S00133933,114,87,27
S00133934,81,55,26
S00133935,103,79,24
S00133936,53,36,17
S00133937,72,51,21
S00133938,93,73,20
S00133939,62,49,13
S00133940,131,102,29
S00133941,58,49,9
S00133942,102,83,19
S00133943,89,48,41
S00133944,115,82,33
S00133945,79,62,17
S00133946,79,66,13
S00133947,92,66,26
S00133948,92,71,21
S00133949,124,98,26
S00133950,118,89,29
S00133951,100,50,50
S00133952,143,105,38
S00133953,83,49,34
S00133954,64,41,23
S00133955,146,101,45
S00133956,122,90,32
S00133957,105,71,34
S00133958,108,70,38
S00133959,158,103,55
S00133960,77,46,31
S00133961,121,84,37
S00133962,132,91,41
S00133963,155,110,45
S00133964,121,96,25
S00133965,130,86,44
S00133966,96,61,35
S00133967,90,63,27
S00133968,109,74,35
S00133969,67,46,21
S00133970,100,68,32
S00133971,101,79,22
S00133972,101,64,37
S00133973,112,91,21
S00133974,115,84,31
S00133975,116,95,21
S00133976,95,75,20
S00133977,97,71,26
S00133978,145,104,41
S00133979,99,75,24
S00133980,118,83,35
S00133981,59,40,19
S00133982,93,69,24
S00133983,65,43,22
S00133984,124,87,37
S00133985,91,56,35
S00133986,83,54,29
S00133987,136,102,34
S00133988,121,76,45
S00133989,120,78,42
S00133990,94,67,27
S00133991,71,52,19
S00133992,102,75,27
S00133993,118,80,38
S00133994,87,51,36
S00133995,84,66,18
S00133996,124,92,32
S00133997,144,103,41
S00133998,115,69,46
S00133999,70,46,24
S00134000,123,86,37
S00134001,68,55,13
S00134002,98,72,26
S00134003,124,90,34
S00134004,80,59,21
S00134005,109,70,39
S00134006,82,61,21
S00134007,77,59,18
S00134008,70,48,22
S00134009,104,71,33
S00134010,106,84,22
S00134011,90,53,37
S00134012,52,45,7
S00134013,86,78,8
S00134014,123,90,33
S00134015,108,99,9
S00134016,110,76,34
S00134017,87,57,30
S00134018,81,56,25
S00134019,96,68,28
S00134020,88,61,27
S00134021,125,86,39
S00134022,102,80,22
S00134023,108,72,36
S00134024,118,82,36
S00134025,147,90,57
S00134026,111,80,31
S00134027,131,82,49
S00134028,106,76,30
S00134029,79,39,40
S00134030,101,71,30
S00134031,92,70,22
S00134032,74,50,24
S00134033,95,78,17
S00134034,129,75,54
S00134035,130,95,35
S00134036,111,70,41
S00134037,66,47,19
S00134038,100,68,32
S00134039,62,36,26
S00134040,127,92,35
S00134041,100,51,49
S00134042,58,31,27
S00134043,176,151,25
S00134044,96,81,15
S00134045,109,81,28
S00134046,158,115,43
S00134047,128,101,27
S00134048,114,93,21
S00134049,104,55,49
S00134050,130,85,45
S00134051,142,74,68
S00134052,74,53,21
S00134053,72,50,22
S00134054,80,50,30
S00134055,61,45,16
S00134056,114,92,22
S00134057,100,73,27
S00134058,61,43,18
S00134059,79,57,22
S00134060,147,104,43
S00134061,122,89,33
S00134062,71,43,28
S00134063,107,93,14
S00134064,68,40,28
S00134065,104,88,16
S00134066,62,58,4
S00134067,110,82,28
S00134068,88,58,30
S00134069,102,76,26
S00134070,132,99,33
S00134071,93,57,36
S00134072,95,85,10
S00134073,74,54,20
S00134074,163,131,32
S00134075,155,118,37
S00134076,140,86,54
S00134077,111,82,29
S00134078,115,86,29
S00134079,157,96,61
S00134080,105,77,28
S00134081,123,79,44
S00134082,129,97,32
S00134083,131,92,39
S00134084,136,107,29
S00134085,47,42,5
S00134086,108,78,30
S00134087,130,97,33
S00134088,86,60,26
S00134089,118,77,41
S00134090,94,64,30
S00134091,159,116,43
S00134092,67,43,24
S00134093,91,60,31
S00134094,102,70,32
S00134095,97,58,39
S00134096,145,108,37
S00134097,125,86,39
S00134098,124,99,25
S00134099,70,48,22
S00134100,60,47,13
S00134101,92,64,28
S00134102,135,90,45
S00134103,130,98,32
S00134104,85,64,21
S00134105,85,68,17
S00134106,104,68,36
S00134107,74,50,24
S00134108,119,77,42
S00134109,119,93,26
S00134110,106,70,36
S00134111,110,79,31
S00134112,104,81,23
S00134113,76,53,23
S00134114,129,115,14
S00134115,118,97,21
S00134116,107,73,34
S00134117,128,97,31
S00134118,75,59,16
S00134119,104,77,27
S00134120,106,80,26
S00134121,71,57,14
S00134122,118,89,29
S00134123,118,78,40
S00134124,103,87,16
S00134125,130,104,26
S00134126,99,66,33
S00134127,48,33,15
S00134128,56,39,17
S00134129,124,93,31
S00134130,79,50,29
S00134131,86,68,18
S00134132,63,52,11
S00134133,133,102,31
S00134134,119,97,22
S00134135,75,50,25
S00134136,92,62,30
S00134137,93,69,24
S00134138,90,53,37
S00134139,108,71,37
S00134140,116,99,17
S00134141,72,53,19
S00134142,117,87,30
S00134143,109,75,34
S00134144,143,98,45
S00134145,25,15,10
S00134146,114,87,27
S00134147,76,49,27
S00134148,78,58,20
S00134149,52,33,19
S00134150,96,68,28
S00134151,99,70,29
S00134152,120,93,27
S00134153,133,100,33
S00134154,67,41,26
S00134155,137,106,31
S00134156,78,59,19
S00134157,91,72,19
S00134158,109,89,20
S00134159,130,90,40
S00134160,92,71,21
S00134161,162,136,26
S00134162,143,116,27
S00134163,75,63,12
S00134164,92,56,36
S00134165,100,68,32
S00134166,69,48,21
S00134167,48,29,19
S00134168,83,57,26
S00134169,73,50,23
S00134170,87,52,35
S00134171,112,75,37
S00134172,96,56,40
S00134173,76,45,31
S00134174,76,55,21
S00134175,62,33,29
S00134176,68,38,30
S00134177,56,36,20
S00134178,108,71,37
S00134179,90,60,30
S00134180,70,43,27
S00134181,70,48,22
S00134182,72,45,27
S00134183,98,61,37
S00134184,71,39,32
S00134185,60,31,29
S00134186,100,93,7
S00134187,65,51,14
S00134188,57,34,23
S00134189,51,31,20
S00134190,54,47,7
S00134191,100,65,35
S00134192,46,37,9
S00134193,60,43,17
S00134194,79,50,29
S00134195,51,45,6
S00134196,76,56,20
S00134197,143,115,28
S00134198,72,57,15
S00134199,128,95,33
S00134200,93,69,24
S00134201,99,60,39
S00134202,64,45,19
S00134203,62,39,23
S00134204,51,33,18
S00134205,107,72,35
S00134206,48,31,17
S00134207,104,86,18
S00134208,55,48,7
S00134209,89,67,22
S00134210,63,41,22
S00134211,92,67,25
S00134212,106,66,40
S00134213,104,66,38
S00134214,74,52,22
S00134215,44,28,16
S00134216,85,60,25
S00134217,107,75,32
S00134218,59,29,30
S00134219,121,102,19
S00134220,70,56,14
S00134221,107,92,15
S00134222,110,100,10
S00134223,95,90,5
S00134224,154,144,10
S00134225,137,121,16
S00134226,80,49,31
S00134227,94,62,32
S00134228,82,54,28
S00134229,67,43,24
S00134230,61,39,22
S00134231,101,69,32
S00134232,102,65,37
S00134233,65,44,21
S00134234,48,28,20
S00134235,83,51,32
S00134236,100,67,33
S00134237,81,56,25
S00134238,70,41,29
S00134239,149,121,28
S00134240,134,120,14
S00134241,182,164,18
S00134242,93,55,38
S00134243,62,38,24
S00134244,112,81,31
S00134245,112,83,29
S00134246,67,39,28
S00134247,80,46,34
S00134248,95,55,40
S00134249,99,69,30
S00134250,43,30,13
S00134251,56,37,19
S00134252,89,59,30
S00134253,110,60,50
S00134254,41,26,15
S00134255,118,87,31
S00134256,77,60,17
S00134257,108,67,41
S00134258,81,56,25
S00134259,95,63,32
S00134260,87,53,34
S00134261,47,24,23
S00134262,98,59,39
S00134263,86,51,35
S00134264,76,51,25
S00134265,58,36,22
S00134266,78,54,24
S00134267,95,63,32
S00134268,52,41,11
S00134269,80,53,27
S00134270,69,45,24
S00134271,75,49,26
S00134272,51,39,12
S00134273,90,71,19
S00134274,103,72,31
S00134275,74,55,19
S00134276,69,52,17
S00134277,94,63,31
S00134278,77,60,17
S00134279,66,44,22
S00134280,79,58,21
S00134281,67,56,11
S00134282,47,24,23
S00134283,38,25,13
S00134284,66,54,12
S00134285,68,47,21
S00134286,90,58,32
S00134287,101,73,28
S00134288,138,120,18
S00134289,110,71,39
S00134290,64,46,18
S00134291,92,69,23
S00134292,64,53,11
S00134293,38,7,31
S00134294,76,53,23
S00134295,68,51,17
S00134296,61,43,18
S00134297,47,29,18
S00134298,128,114,14
S00134299,74,61,13
S00134300,57,39,18
S00134301,89,68,21
S00134302,86,57,29
S00134303,59,39,20
S00134304,53,39,14
S00134305,68,38,30
S00134306,67,42,25
S00134307,93,74,19
S00134308,87,64,23
S00134309,73,59,14
S00134310,148,111,37
S00134311,75,49,26
S00134312,120,91,29
S00134313,97,75,22
S00134314,73,51,22
S00134315,86,64,22
S00134316,78,70,8
S00134317,103,75,28
S00134318,68,51,17
S00134319,111,83,28
S00134320,99,68,31
S00134321,72,49,23
S00134322,86,62,24
S00134323,85,56,29
S00134324,56,31,25
S00134325,81,59,22
S00134326,59,35,24
S00134327,70,53,17
S00134328,119,82,37
S00134329,100,67,33
S00134330,91,61,30
S00134331,99,83,16
S00134332,78,55,23
S00134333,104,58,46
S00134334,74,43,31
S00134335,56,35,21
S00134336,106,77,29
S00134337,125,90,35
S00134338,91,77,14
S00134339,87,64,23
S00134340,95,68,27
S00134341,106,83,23
S00134342,47,37,10
S00134343,116,74,42
S00134344,109,80,29
S00134345,132,93,39
S00134346,128,90,38
S00134347,84,47,37
S00134348,46,23,23
S00134349,83,53,30
S00134350,74,57,17
S00134351,78,49,29
S00134352,103,70,33
S00134353,79,53,26
S00134354,101,67,34
S00134355,91,72,19
S00134356,88,67,21
S00134357,115,87,28
S00134358,66,47,19
S00134359,65,49,16
S00134360,95,44,51
S00134361,111,69,42
S00134362,56,39,17
S00134363,64,40,24
S00134364,39,26,13
S00134365,145,104,41
S00134366,112,76,36
S00134367,100,67,33
S00134368,131,95,36
S00134369,109,67,42
S00134370,23,14,9
S00134371,81,49,32
S00134372,79,35,44
S00134373,90,68,22
S00134374,55,32,23
S00134375,64,56,8
S00134376,107,84,23
S00134377,102,66,36
S00134378,102,72,30
S00134379,109,70,39
S00134380,87,60,27
S00134381,87,52,35
S00134382,114,84,30
S00134383,136,102,34
S00134384,112,76,36
S00134385,115,92,23
S00134386,82,69,13
S00134387,106,67,39
S00134388,119,76,43
S00134389,73,52,21
S00134390,88,64,24
S00134391,132,105,27
S00134392,75,60,15
S00134393,90,76,14
S00134394,72,62,10
S00134395,72,65,7
S00134396,64,42,22
S00134397,139,93,46
S00134398,120,93,27
S00134399,70,49,21
S00134400,67,44,23
S00134401,111,72,39
S00134402,76,50,26
S00134403,107,78,29
S00134404,113,73,40
S00134405,64,32,32
S00134406,43,28,15
S00134407,92,57,35
S00134408,127,88,39
S00134409,48,19,29
S00134410,74,45,29
S00134411,62,26,36
S00134412,80,64,16
S00134413,60,53,7
S00134414,65,42,23
S00134415,61,32,29
S00134416,80,61,19
S00134417,63,45,18
S00134418,53,39,14
S00134419,87,69,18
S00134420,52,41,11
S00134421,103,71,32
S00134422,64,42,22
S00134423,99,63,36
S00134424,41,32,9
S00134425,87,54,33
S00134426,116,75,41
S00134427,140,113,27
S00134428,72,44,28
S00134429,71,49,22
S00134430,138,119,19
S00134431,69,46,23
S00134432,60,46,14
S00134433,26,5,21
S00134434,66,40,26
S00134435,74,47,27
S00134436,65,40,25
S00134437,72,57,15
S00134438,49,29,20
S00134439,49,31,18
S00134440,43,35,8
S00134441,94,59,35
S00134442,112,75,37
S00134443,101,59,42
S00134444,76,50,26
S00134445,86,61,25
S00134446,103,70,33
S00134447,105,80,25
S00134448,117,82,35
S00134449,58,29,29
S00134450,76,53,23
S00134451,102,67,35
S00134452,74,47,27
S00134453,92,64,28
S00134454,95,67,28
S00134455,53,36,17
S00134456,96,63,33
S00134457,103,64,39
S00134458,137,94,43
S00134459,128,84,44
S00134460,150,108,42
S00134461,139,117,22
S00134462,70,52,18
S00134463,79,53,26
S00134464,81,54,27
S00134465,67,48,19
S00134466,121,83,38
S00134467,54,35,19
S00134468,58,38,20
S00134469,69,51,18
S00134470,103,78,25
S00134471,120,100,20
S00134472,106,79,27
S00134473,92,76,16
S00134474,62,44,18
S00134475,78,58,20
S00134476,50,37,13
S00134477,77,49,28
S00134478,69,48,21
S00134479,119,92,27
S00134480,58,46,12
S00134481,76,52,24
S00134482,85,60,25
S00134483,72,49,23
S00134484,99,61,38
S00134485,111,80,31
S00134486,108,83,25
S00134487,129,104,25
S00134488,81,66,15
S00134489,92,74,18
S00134490,58,29,29
S00134491,79,60,19
S00134492,96,74,22
S00134493,90,55,35
S00134494,78,50,28
S00134495,72,41,31
S00134496,92,68,24
S00134497,79,53,26
S00134498,122,85,37
S00134499,137,110,27
S00134500,129,101,28
S00134501,116,86,30
S00134502,101,84,17
S00134503,96,78,18
S00134504,91,70,21
S00134505,97,74,23
S00134506,92,66,26
S00134507,78,54,24
S00134508,82,63,19
S00134509,117,93,24
S00134510,67,51,16
S00134511,82,56,26
S00134512,77,52,25
S00134513,90,63,27
S00134514,89,58,31
S00134515,82,50,32
S00134516,96,84,12
S00134517,70,50,20
S00134518,94,62,32
S00134519,103,74,29
S00134520,58,43,15
S00134521,107,77,30
S00134522,108,64,44
S00134523,119,79,40
S00134524,114,67,47
S00134525,108,62,46
S00134526,57,39,18
S00134527,52,42,10
S00134528,92,65,27
S00134529,82,48,34
S00134530,60,36,24
S00134531,143,93,50
S00134532,142,84,58
S00134533,77,37,40
S00134534,139,104,35
S00134535,115,76,39
S00134536,76,50,26
S00134537,177,139,38
S00134538,100,79,21
S00134539,92,63,29
S00134540,80,57,23
S00134541,99,78,21
S00134542,93,62,31
S00134543,69,40,29
S00134544,118,89,29
S00134545,115,81,34
S00134546,64,50,14
S00134547,74,55,19
S00134548,84,62,22
S00134549,95,66,29
S00134550,116,86,30
S00134551,99,63,36
S00134552,91,59,32
S00134553,75,53,22
S00134554,56,41,15
S00134555,41,22,19
S00134556,66,41,25
S00134557,67,55,12
S00134558,94,73,21
S00134559,75,53,22
S00134560,71,63,8
S00134561,83,53,30
S00134562,85,65,20
S00134563,17,2,15
S00134564,99,60,39
S00134565,102,74,28
S00134566,107,76,31
S00134567,90,61,29
S00134568,115,102,13
S00134569,78,56,22
S00134570,114,87,27
S00134571,142,108,34
S00134572,128,98,30
S00134573,148,115,33
S00134574,103,90,13
S00134575,109,87,22
S00134576,66,54,12
S00134577,176,150,26
S00134578,121,90,31
S00134579,149,105,44
S00134580,60,41,19
S00134581,105,65,40
S00134582,64,40,24
S00134583,39,26,13
S00134584,83,60,23
S00134585,67,44,23
S00134586,53,39,14
S00134587,76,52,24
S00134588,83,73,10
S00134589,76,52,24
S00134590,121,90,31
S00134591,75,52,23
S00134592,72,49,23
S00134593,102,84,18
S00134594,40,27,13
S00134595,48,36,12
S00134596,61,53,8
S00134597,80,60,20
S00134598,68,46,22
S00134599,56,35,21
S00134600,85,68,17
S00134601,114,80,34
S00134602,55,42,13
S00134603,136,120,16
S00134604,100,66,34
S00134605,107,91,16
S00134606,76,63,13
S00134607,82,68,14
S00134608,77,56,21
S00134609,43,38,5
S00134610,75,55,20
S00134611,115,96,19
S00134612,108,77,31
S00134613,65,37,28
S00134614,64,54,10
S00134615,67,36,31
S00134616,56,41,15
S00134617,103,90,13
S00134618,137,108,29
S00134619,124,90,34
S00134620,45,35,10
S00134621,46,36,10
S00134622,60,49,11
S00134623,99,77,22
S00134624,60,53,7
S00134625,95,66,29
S00134626,61,40,21
S00134627,77,56,21
S00134628,100,81,19
S00134629,48,36,12
S00134630,69,51,18
S00134631,119,101,18
S00134632,81,38,43
S00134633,80,60,20
S00134634,106,83,23
S00134635,78,44,34
S00134636,76,45,31
S00134637,138,112,26
S00134638,103,86,17
S00134639,77,52,25
S00134640,107,96,11
S00134641,121,90,31
S00134642,121,66,55
S00134643,74,54,20
S00134644,96,60,36
S00134645,127,112,15
S00134646,90,54,36
S00134647,113,94,19
S00134648,59,35,24
S00134649,65,43,22
S00134650,48,22,26
S00134651,47,33,14
S00134652,59,40,19
S00134653,60,45,15
S00134654,58,45,13
S00134655,51,35,16
S00134656,65,51,14
S00134657,69,40,29
S00134658,49,38,11
S00134659,103,67,36
S00134660,98,84,14
S00134661,125,102,23
S00134662,114,100,14
S00134663,105,88,17
S00134664,116,109,7
S00134665,83,70,13
S00134666,80,74,6
S00134667,92,60,32
S00134668,107,93,14
S00134669,62,57,5
S00134670,95,83,12
S00134671,68,60,8
S00134672,119,104,15
S00134673,80,66,14
S00134674,150,128,22
S00134675,177,154,23
S00134676,81,77,4
S00134677,78,75,3
S00134678,117,106,11
S00134679,95,78,17
S00134680,154,145,9
S00134681,60,49,11
S00134682,106,88,18
S00134683,101,95,6
S00134684,121,98,23
S00134685,68,53,15
S00134686,99,69,30
S00134687,78,64,14
S00134688,69,58,11
S00134689,108,93,15
S00134690,92,49,43
S00134691,94,83,11
S00134692,84,61,23
S00134693,44,19,25
S00134694,97,73,24
S00134695,96,57,39
S00134696,66,45,21
S00134697,108,80,28
S00134698,157,136,21
S00134699,38,32,6
S00134700,93,70,23
S00134701,105,83,22
S00134702,69,36,33
S00134703,100,77,23
S00134704,69,51,18
S00134705,95,52,43
S00134706,68,39,29
S00134707,54,42,12
S00134708,81,62,19
S00134709,45,40,5
S00134710,47,33,14
S00134711,87,62,25
S00134712,98,64,34
S00134713,141,98,43
S00134714,90,57,33
S00134715,79,53,26
S00134716,77,57,20
S00134717,102,88,14
S00134718,51,21,30
S00134719,94,59,35
S00134720,75,47,28
S00134721,101,72,29
S00134722,75,62,13
S00134723,58,44,14
S00134724,103,63,40
S00134725,62,41,21
S00134726,73,45,28
S00134727,124,107,17
S00134728,178,151,27
S00134729,107,72,35
S00134730,57,37,20
S00134731,46,32,14
S00134732,97,62,35
S00134733,61,44,17
S00134734,106,83,23
S00134735,59,43,16
S00134736,109,84,25
S00134737,134,101,33
S00134738,43,23,20
S00134739,105,72,33
S00134740,80,58,22
S00134741,62,49,13
S00134742,78,52,26
S00134743,46,23,23
S00134744,111,86,25
S00134745,52,39,13
S00134746,74,36,38
S00134747,53,34,19
S00134748,99,68,31
S00134749,63,47,16
S00134750,43,32,11
S00134751,134,105,29
S00134752,73,45,28
S00134753,69,51,18
S00134754,51,30,21
S00134755,70,48,22
S00134756,84,71,13
S00134757,72,62,10
S00134758,71,50,21
S00134759,98,69,29
S00134760,84,53,31
S00134761,83,51,32
S00134762,125,102,23
S00134763,58,50,8
S00134764,93,83,10
S00134765,122,102,20
S00134766,127,106,21
S00134767,156,134,22
S00134768,172,146,26
S00134769,114,103,11
S00134770,108,84,24
S00134771,146,110,36
S00134772,132,109,23
S00134773,171,151,20
S00134774,149,136,13
S00134775,76,67,9
S00134776,153,136,17
S00134777,40,27,13
S00134778,113,95,18
S00134779,66,52,14
S00134780,96,67,29
S00134781,54,46,8
S00134782,70,62,8
S00134783,108,93,15
S00134784,104,92,12
S00134785,70,57,13
S00134786,140,111,29
S00134787,49,38,11
S00134788,73,47,26
S00134789,72,49,23
S00134790,111,89,22
S00134791,119,109,10
S00134792,88,34,54
S00134793,56,36,20
S00134794,71,45,26
S00134795,64,42,22
S00134796,63,37,26
S00134797,112,80,32
S00134798,63,39,24
S00134799,112,65,47
S00134800,86,59,27
S00134801,65,46,19
S00134802,105,85,20
S00134803,84,56,28
S00134804,67,47,20
S00134805,67,47,20
S00134806,115,83,32
S00134807,107,82,25
S00134808,73,51,22
S00134809,127,99,28
S00134810,46,32,14
S00134811,131,103,28
S00134812,167,135,32
S00134813,56,50,6
S00134814,136,114,22
S00134815,80,71,9
S00134816,48,31,17
S00134817,68,43,25
S00134818,69,46,23
S00134819,56,31,25
S00134820,134,103,31
S00134821,110,78,32
S00134822,60,27,33
S00134823,131,87,44
S00134824,123,82,41
S00134825,77,47,30
S00134826,76,58,18
S00134827,131,106,25
S00134828,103,71,32
S00134829,53,39,14
S00134830,81,70,11
S00134831,67,52,15
S00134832,159,132,27
S00134833,71,62,9
S00134834,149,128,21
S00134835,115,98,17
S00134836,80,66,14
S00134837,141,124,17
S00134838,82,69,13
S00134839,115,71,44
S00134840,48,45,3
S00134841,107,90,17
S00134842,155,138,17
S00134843,156,134,22
S00134844,133,112,21
S00134845,112,96,16
S00134846,99,88,11
S00134847,135,110,25
S00134848,113,91,22
S00134849,66,50,16
S00134850,62,56,6
S00134851,99,60,39
S00134852,79,61,18
S00134853,129,87,42
S00134854,85,51,34
S00134855,72,49,23
S00134856,73,48,25
S00134857,93,62,31
S00134858,74,62,12
S00134859,130,75,55
S00134860,187,161,26
S00134861,159,132,27
S00134862,56,33,23
S00134863,90,69,21
S00134864,58,47,11
S00134865,110,87,23
S00134866,92,61,31
S00134867,130,90,40
S00134868,61,46,15
S00134869,77,57,20
S00134870,111,87,24
S00134871,100,84,16
S00134872,156,128,28
S00134873,46,30,16
S00134874,105,89,16
S00134875,97,85,12
S00134876,107,93,14
S00134877,70,46,24
S00134878,137,113,24
S00134879,58,51,7
S00134880,108,85,23
S00134881,145,122,23
S00134882,101,80,21
S00134883,128,114,14
S00134884,115,92,23
S00134885,131,109,22
S00134886,147,118,29
S00134887,118,88,30
S00134888,117,95,22
S00134889,152,129,23
S00134890,173,158,15
S00134891,44,39,5
S00134892,98,69,29
S00134893,117,87,30
S00134894,94,75,19
S00134895,132,105,27
S00134896,50,39,11
S00134897,132,98,34
S00134898,95,56,39
S00134899,127,97,30
S00134900,84,63,21
S00134901,112,66,46
S00134902,54,27,27
S00134903,54,37,17
S00134904,99,58,41
S00134905,68,46,22
S00134906,60,37,23
S00134907,126,109,17
S00134908,158,131,27
S00134909,116,78,38
S00134910,67,51,16
S00134911,86,61,25
S00134912,98,82,16
S00134913,89,53,36
S00134914,51,36,15
S00134915,43,32,11
S00134916,93,47,46
S00134917,51,26,25
S00134918,56,33,23
S00134919,87,70,17
S00134920,57,39,18
S00134921,105,92,13
S00134922,170,148,22
S00134923,92,52,40
S00134924,68,48,20
S00134925,133,109,24
S00134926,55,46,9
S00134927,82,62,20
S00134928,63,47,16
S00134929,77,55,22
S00134930,76,51,25
S00134931,84,59,25
S00134932,30,17,13
S00134933,93,73,20
S00134934,117,108,9
S00134935,141,119,22
S00134936,94,83,11
S00134937,42,40,2
S00134938,163,142,21
S00134939,105,92,13
S00134940,93,61,32
S00134941,48,15,33
S00134942,44,21,23
S00134943,71,59,12
S00134944,83,68,15
S00134945,62,29,33
S00134946,120,94,26
S00134947,93,69,24
S00134948,94,72,22
S00134949,92,55,37
S00134950,50,38,12
S00134951,68,48,20
S00134952,78,59,19
S00134953,93,83,10
S00134954,92,75,17
S00134955,156,131,25
S00134956,46,34,12
S00134957,106,83,23
S00134958,40,22,18
S00134959,139,103,36
S00134960,90,48,42
S00134961,84,57,27
S00134962,74,63,11
S00134963,87,50,37
S00134964,83,73,10
S00134965,148,124,24
S00134966,142,129,13
S00134967,106,84,22
S00134968,144,109,35
S00134969,103,86,17
S00134970,96,76,20
S00134971,86,71,15
S00134972,105,90,15
S00134973,69,61,8
S00134974,166,137,29
S00134975,52,37,15
S00134976,65,42,23
S00134977,115,81,34
S00134978,60,46,14
S00134979,105,79,26
S00134980,77,53,24
S00134981,43,30,13
S00134982,91,58,33
S00134983,65,43,22
S00134984,124,104,20
S00134985,115,89,26
S00134986,68,59,9
S00134987,72,64,8
S00134988,108,95,13
S00134989,100,74,26
S00134990,80,67,13
S00134991,90,77,13
S00134992,154,133,21
S00134993,58,52,6
S00134994,65,46,19
S00134995,80,59,21
S00134996,84,54,30
S00134997,52,35,17
S00134998,79,59,20
S00134999,88,57,31
S00135000,81,56,25
S00135001,70,44,26
S00135002,94,68,26
S00135003,115,97,18
S00135004,83,51,32
S00135005,118,100,18
S00135006,44,32,12
S00135007,135,117,18
S00135008,134,99,35
S00135009,108,80,28
S00135010,122,102,20
S00135011,54,37,17
S00135012,63,44,19
S00135013,90,64,26
S00135014,96,66,30
S00135015,19,6,13
S00135016,100,69,31
S00135017,117,106,11
S00135018,94,76,18
S00135019,125,63,62
S00135020,57,33,24
S00135021,95,54,41
S00135022,112,104,8
S00135023,128,79,49
S00135024,106,96,10
S00135025,95,78,17
S00135026,122,95,27
S00135027,136,116,20
S00135028,88,81,7
S00135029,128,104,24
S00135030,124,65,59
S00135031,67,62,5
S00135032,65,55,10
S00135033,100,76,24
S00135034,105,83,22
S00135035,106,87,19
S00135036,129,110,19
S00135037,85,71,14
S00135038,115,98,17
S00135039,106,88,18
S00135040,117,99,18
S00135041,60,53,7
S00135042,103,89,14
S00135043,89,74,15
S00135044,68,55,13
S00135045,130,99,31
S00135046,53,36,17
S00135047,72,61,11
S00135048,153,103,50
S00135049,113,80,33
S00135050,81,51,30
S00135051,94,82,12
S00135052,165,130,35
S00135053,50,24,26
S00135054,90,63,27
S00135055,73,46,27
S00135056,90,71,19
S00135057,66,44,22
S00135058,98,69,29
S00135059,84,55,29
S00135060,70,48,22
S00135061,44,21,23
S00135062,122,85,37
S00135063,102,68,34
S00135064,60,39,21
S00135065,75,50,25
S00135066,73,50,23
S00135067,57,41,16
S00135068,47,31,16
S00135069,81,52,29
S00135070,98,74,24
S00135071,65,46,19
S00135072,62,45,17
S00135073,53,37,16
S00135074,51,27,24
S00135075,70,60,10
S00135076,99,80,19
S00135077,78,59,19
S00135078,69,51,18
S00135079,65,45,20
S00135080,77,48,29
S00135081,49,38,11
S00135082,114,79,35
S00135083,85,62,23
S00135084,58,36,22
S00135085,81,59,22
S00135086,65,40,25
S00135087,78,54,24
S00135088,43,37,6
S00135089,57,44,13
S00135090,68,50,18
S00135091,82,47,35
S00135092,84,55,29
S00135093,68,51,17
S00135094,56,31,25
S00135095,54,30,24
S00135096,57,31,26
S00135097,49,32,17
S00135098,68,48,20
S00135099,76,49,27
S00135100,128,90,38
S00135101,79,44,35
S00135102,72,45,27
S00135103,100,78,22
S00135104,71,39,32
S00135105,38,25,13
S00135106,51,35,16
S00135107,65,44,21
S00135108,70,53,17
S00135109,100,79,21
S00135110,98,66,32
S00135111,84,56,28
S00135112,85,65,20
S00135113,78,62,16
S00135114,128,90,38
S00135115,63,47,16
S00135116,61,40,21
S00135117,92,61,31
S00135118,99,65,34
S00135119,46,29,17
S00135120,92,55,37
S00135121,72,43,29
S00135122,69,53,16
S00135123,109,73,36
S00135124,78,39,39
S00135125,78,52,26
S00135126,88,59,29
S00135127,93,60,33
S00135128,87,58,29
S00135129,63,47,16
S00135130,104,72,32
S00135131,73,50,23
S00135132,117,79,38
S00135133,61,47,14
S00135134,55,35,20
S00135135,78,56,22
S00135136,73,58,15
S00135137,105,78,27
S00135138,79,55,24
S00135139,72,46,26
S00135140,92,64,28
S00135141,98,69,29
S00135142,47,31,16
S00135143,142,96,46
S00135144,66,48,18
S00135145,95,70,25
S00135146,116,87,29
S00135147,64,48,16
S00135148,85,59,26
S00135149,86,73,13
S00135150,156,114,42
S00135151,132,84,48
S00135152,93,70,23
S00135153,50,30,20
S00135154,102,79,23
S00135155,63,48,15
S00135156,69,55,14
S00135157,107,83,24
S00135158,90,73,17
S00135159,40,33,7
S00135160,85,72,13
S00135161,98,85,13
S00135162,131,90,41
S00135163,62,50,12
S00135164,127,104,23
S00135165,87,56,31
S00135166,67,53,14
S00135167,118,87,31
S00135168,87,58,29
S00135169,83,54,29
S00135170,83,60,23
S00135171,121,88,33
S00135172,103,85,18
S00135173,135,107,28
S00135174,117,86,31
S00135175,57,43,14
S00135176,80,59,21
S00135177,51,31,20
S00135178,79,58,21
S00135179,90,67,23
S00135180,87,67,20
S00135181,61,53,8
S00135182,98,86,12
S00135183,64,31,33
S00135184,57,44,13
S00135185,46,29,17
S00135186,44,33,11
S00135187,93,73,20
S00135188,109,80,29
S00135189,56,41,15
S00135190,43,30,13
S00135191,44,32,12
S00135192,68,48,20
S00135193,101,74,27
S00135194,108,63,45
S00135195,81,57,24
S00135196,69,51,18
S00135197,57,40,17
S00135198,43,36,7
S00135199,87,52,35
S00135200,116,74,42
S00135201,76,51,25
S00135202,85,58,27
S00135203,123,94,29
S00135204,98,71,27
S00135205,45,35,10
S00135206,41,24,17
S00135207,56,41,15
S00135208,47,35,12
S00135209,66,46,20
S00135210,82,53,29
S00135211,82,49,33
S00135212,82,52,30
S00135213,43,26,17
S00135214,111,90,21
S00135215,78,59,19
S00135216,97,70,27
S00135217,82,63,19
S00135218,105,79,26
S00135219,104,74,30
S00135220,95,70,25
S00135221,72,52,20
S00135222,76,57,19
S00135223,137,87,50
S00135224,95,69,26
S00135225,40,33,7
S00135226,180,139,41
S00135227,108,86,22
S00135228,102,68,34
S00135229,89,57,32
S00135230,42,36,6
S00135231,163,120,43
S00135232,80,57,23
S00135233,82,62,20
S00135234,100,59,41
S00135235,61,45,16
S00135236,101,60,41
S00135237,97,73,24
S00135238,109,68,41
S00135239,69,50,19
S00135240,69,48,21
S00135241,79,48,31
S00135242,50,34,16
S00135243,64,43,21
S00135244,73,44,29
S00135245,51,35,16
S00135246,83,49,34
S00135247,63,36,27
S00135248,121,98,23
S00135249,78,62,16
S00135250,104,66,38
S00135251,76,48,28
S00135252,116,88,28
S00135253,50,40,10
S00135254,51,41,10
S00135255,82,47,35
S00135256,47,36,11
S00135257,63,48,15
S00135258,69,51,18
S00135259,76,47,29
S00135260,53,37,16
S00135261,38,26,12
S00135262,85,54,31
S00135263,105,83,22
S00135264,57,32,25
S00135265,107,66,41
S00135266,114,79,35
S00135267,50,41,9
S00135268,56,34,22
S00135269,74,47,27
S00135270,52,34,18
S00135271,79,56,23
S00135272,63,53,10
S00135273,110,74,36
S00135274,39,30,9
S00135275,45,26,19
S00135276,108,79,29
S00135277,118,63,55
S00135278,36,24,12
S00135279,92,71,21
S00135280,89,62,27
S00135281,104,70,34
S00135282,38,17,21
S00135283,71,49,22
S00135284,113,87,26
S00135285,46,34,12
S00135286,148,90,58
S00135287,39,35,4
S00135288,125,89,36
S00135289,138,111,27
S00135290,104,79,25
S00135291,75,54,21
S00135292,78,59,19
S00135293,46,37,9
S00135294,80,65,15
S00135295,46,33,13
S00135296,89,81,8
S00135297,71,57,14
S00135298,76,52,24
S00135299,37,25,12
S00135300,127,84,43
S00135301,34,19,15
S00135302,108,75,33
S00135303,61,45,16
S00135304,66,41,25
S00135305,62,41,21
S00135306,65,49,16
