"output_area","total","good","not_good"
"S00088956",230,217,13
"S00088957",66,60,6
"S00088958",90,89,1
"S00088959",83,77,6
"S00088960",68,65,3
"S00088961",217,180,37
"S00088962",86,81,5
"S00088963",89,79,10
"S00088964",88,83,5
"S00088965",144,123,21
"S00088966",120,108,12
"S00088967",52,47,5
"S00088968",56,51,5
"S00088969",154,142,12
"S00088970",105,100,5
"S00088971",78,71,7
"S00088972",129,125,4
"S00088973",144,114,30
"S00088974",120,97,23
"S00088975",77,68,9
"S00088976",69,63,6
"S00088977",60,59,1
"S00088978",60,56,4
"S00088979",85,77,8
"S00088980",66,55,11
"S00088981",57,40,17
"S00088982",66,58,8
"S00088983",65,41,24
"S00088984",55,34,21
"S00088985",80,68,12
"S00088986",131,125,6
"S00088987",63,57,6
"S00088988",67,48,19
"S00088989",95,89,6
"S00088990",107,96,11
"S00088991",127,112,15
"S00088992",541,468,73
"S00088993",123,114,9
"S00088994",57,52,5
"S00088995",62,61,1
"S00088996",102,82,20
"S00088997",152,140,12
"S00088998",126,123,3
"S00088999",123,116,7
"S00089000",120,113,7
"S00089001",115,98,17
"S00089002",135,124,11
"S00089003",118,85,33
"S00089004",97,91,6
"S00089005",133,121,12
"S00089006",104,98,6
"S00089007",122,117,5
"S00089008",73,72,1
"S00089009",106,101,5
"S00089010",129,122,7
"S00089011",155,141,14
"S00089012",117,108,9
"S00089013",69,65,4
"S00089014",117,113,4
"S00089015",93,93,0
"S00089016",90,79,11
"S00089017",83,78,5
"S00089018",148,132,16
"S00089019",134,121,13
"S00089020",79,75,4
"S00089021",83,74,9
"S00089022",96,81,15
"S00089023",99,90,9
"S00089024",65,57,8
"S00089025",63,53,10
"S00089026",67,66,1
"S00089027",107,98,9
"S00089028",78,76,2
"S00089029",82,73,9
"S00089030",66,65,1
"S00089031",143,137,6
"S00089032",84,74,10
"S00089033",95,80,15
"S00089034",58,52,6
"S00089035",106,94,12
"S00089036",67,61,6
"S00089037",87,81,6
"S00089038",58,50,8
"S00089039",80,67,13
"S00089040",91,80,11
"S00089041",225,121,104
"S00089042",68,51,17
"S00089043",148,123,25
"S00089044",71,60,11
"S00089045",73,53,20
"S00089046",248,192,56
"S00089047",110,95,15
"S00089048",91,76,15
"S00089049",130,106,24
"S00089050",108,84,24
"S00089051",146,127,19
"S00089052",148,125,23
"S00089053",114,87,27
"S00089054",76,71,5
"S00089055",86,68,18
"S00089056",71,66,5
"S00089057",85,65,20
"S00089058",96,77,19
"S00089059",55,40,15
"S00089060",61,51,10
"S00089061",75,69,6
"S00089062",53,44,9
"S00089063",83,80,3
"S00089064",84,66,18
"S00089065",95,75,20
"S00089066",64,50,14
"S00089067",108,87,21
"S00089068",73,66,7
"S00089069",60,50,10
"S00089070",127,114,13
"S00089071",88,60,28
"S00089072",113,96,17
"S00089073",94,78,16
"S00089074",145,130,15
"S00089075",87,77,10
"S00089076",113,85,28
"S00089077",90,76,14
"S00089078",52,35,17
"S00089079",61,50,11
"S00089080",100,81,19
"S00089081",74,50,24
"S00089082",82,57,25
"S00089083",120,92,28
"S00089084",100,82,18
"S00089085",121,96,25
"S00089086",100,77,23
"S00089087",141,119,22
"S00089088",93,73,20
"S00089089",110,96,14
"S00089090",126,109,17
"S00089091",150,132,18
"S00089092",171,148,23
"S00089093",166,131,35
"S00089094",90,67,23
"S00089095",119,102,17
"S00089096",97,82,15
"S00089097",83,61,22
"S00089098",82,69,13
"S00089099",120,104,16
"S00089100",101,80,21
"S00089101",75,61,14
"S00089102",86,76,10
"S00089103",89,67,22
"S00089104",67,54,13
"S00089105",96,81,15
"S00089106",89,65,24
"S00089107",82,74,8
"S00089108",92,82,10
"S00089109",60,52,8
"S00089110",109,81,28
"S00089111",147,127,20
"S00089112",151,109,42
"S00089113",64,18,46
"S00089114",117,92,25
"S00089115",154,118,36
"S00089116",206,185,21
"S00089117",125,96,29
"S00089118",145,131,14
"S00089119",87,73,14
"S00089120",77,66,11
"S00089121",173,124,49
"S00089122",65,41,24
"S00089123",151,114,37
"S00089124",105,81,24
"S00089125",164,136,28
"S00089126",116,95,21
"S00089127",93,63,30
"S00089128",97,82,15
"S00089129",197,186,11
"S00089130",93,76,17
"S00089131",102,84,18
"S00089132",87,78,9
"S00089133",87,69,18
"S00089134",129,95,34
"S00089135",144,129,15
"S00089136",112,93,19
"S00089137",109,87,22
"S00089138",55,16,39
"S00089139",86,70,16
"S00089140",100,84,16
"S00089141",120,108,12
"S00089142",137,114,23
"S00089143",105,89,16
"S00089144",91,68,23
"S00089145",127,98,29
"S00089146",117,98,19
"S00089147",96,74,22
"S00089148",123,104,19
"S00089149",124,104,20
"S00089150",151,115,36
"S00089151",61,42,19
"S00089152",54,33,21
"S00089153",63,43,20
"S00089154",72,54,18
"S00089155",84,63,21
"S00089156",129,88,41
"S00089157",105,80,25
"S00089158",136,117,19
"S00089159",90,68,22
"S00089160",112,90,22
"S00089161",95,71,24
"S00089162",77,60,17
"S00089163",115,97,18
"S00089164",78,53,25
"S00089165",105,87,18
"S00089166",150,123,27
"S00089167",107,90,17
"S00089168",64,19,45
"S00089169",117,100,17
"S00089170",90,72,18
"S00089171",74,55,19
"S00089172",64,50,14
"S00089173",139,111,28
"S00089174",161,123,38
"S00089175",124,103,21
"S00089176",102,91,11
"S00089177",129,107,22
"S00089178",149,124,25
"S00089179",172,143,29
"S00089180",134,111,23
"S00089181",101,81,20
"S00089182",114,98,16
"S00089183",98,81,17
"S00089184",137,128,9
"S00089185",136,127,9
"S00089186",114,107,7
"S00089187",67,61,6
"S00089188",146,134,12
"S00089189",152,138,14
"S00089190",113,105,8
"S00089191",137,121,16
"S00089192",111,110,1
"S00089193",132,126,6
"S00089194",153,121,32
"S00089195",135,127,8
"S00089196",119,112,7
"S00089197",116,110,6
"S00089198",83,73,10
"S00089199",100,92,8
"S00089200",69,62,7
"S00089201",98,90,8
"S00089202",152,142,10
"S00089203",214,192,22
"S00089204",149,139,10
"S00089205",117,103,14
"S00089206",122,107,15
"S00089207",100,85,15
"S00089208",76,70,6
"S00089209",73,67,6
"S00089210",76,69,7
"S00089211",71,62,9
"S00089212",106,100,6
"S00089213",68,60,8
"S00089214",61,55,6
"S00089215",67,60,7
"S00089216",97,89,8
"S00089217",79,72,7
"S00089218",126,114,12
"S00089219",84,74,10
"S00089220",60,60,0
"S00089221",146,132,14
"S00089222",89,84,5
"S00089223",70,57,13
"S00089224",191,154,37
"S00089225",58,53,5
"S00089226",57,55,2
"S00089227",128,110,18
"S00089228",95,92,3
"S00089229",97,93,4
"S00089230",100,84,16
"S00089231",87,80,7
"S00089232",93,90,3
"S00089233",80,78,2
"S00089234",97,91,6
"S00089235",104,96,8
"S00089236",81,78,3
"S00089237",117,107,10
"S00089238",135,123,12
"S00089239",98,92,6
"S00089240",179,169,10
"S00089241",65,56,9
"S00089242",123,113,10
"S00089243",115,108,7
"S00089244",117,109,8
"S00089245",84,70,14
"S00089246",95,90,5
"S00089247",166,145,21
"S00089248",205,195,10
"S00089249",105,100,5
"S00089250",88,84,4
"S00089251",106,102,4
"S00089252",118,113,5
"S00089253",129,113,16
"S00089254",137,128,9
"S00089255",119,113,6
"S00089256",109,98,11
"S00089257",97,91,6
"S00089258",100,91,9
"S00089259",84,77,7
"S00089260",136,123,13
"S00089261",158,153,5
"S00089262",108,93,15
"S00089263",92,83,9
"S00089264",139,132,7
"S00089265",84,76,8
"S00089266",100,91,9
"S00089267",79,75,4
"S00089268",113,111,2
"S00089269",101,97,4
"S00089270",120,112,8
"S00089271",90,85,5
"S00089272",69,64,5
"S00089273",101,93,8
"S00089274",129,122,7
"S00089275",64,21,43
"S00089276",59,49,10
"S00089277",177,150,27
"S00089278",66,28,38
"S00089279",67,67,0
"S00089280",59,49,10
"S00089281",75,70,5
"S00089282",69,63,6
"S00089283",54,45,9
"S00089284",105,86,19
"S00089285",128,120,8
"S00089286",106,98,8
"S00089287",87,58,29
"S00089288",151,128,23
"S00089289",124,91,33
"S00089290",69,55,14
"S00089291",99,85,14
"S00089292",90,81,9
"S00089293",153,129,24
"S00089294",148,137,11
"S00089295",190,157,33
"S00089296",161,138,23
"S00089297",93,78,15
"S00089298",98,77,21
"S00089299",64,43,21
"S00089300",99,84,15
"S00089301",116,99,17
"S00089302",104,94,10
"S00089303",167,135,32
"S00089304",159,140,19
"S00089305",71,43,28
"S00089306",141,93,48
"S00089307",88,66,22
"S00089308",77,67,10
"S00089309",148,127,21
"S00089310",171,141,30
"S00089311",101,75,26
"S00089312",164,149,15
"S00089313",150,126,24
"S00089314",125,115,10
"S00089315",108,92,16
"S00089316",106,94,12
"S00089317",94,88,6
"S00089318",107,94,13
"S00089319",134,123,11
"S00089320",125,116,9
"S00089321",85,74,11
"S00089322",124,107,17
"S00089323",83,70,13
"S00089324",94,84,10
"S00089325",102,96,6
"S00089326",130,116,14
"S00089327",108,97,11
"S00089328",111,98,13
"S00089329",95,84,11
"S00089330",151,139,12
"S00089331",168,151,17
"S00089332",172,157,15
"S00089333",176,161,15
"S00089334",150,130,20
"S00089335",144,134,10
"S00089336",93,87,6
"S00089337",57,48,9
"S00089338",156,131,25
"S00089339",150,139,11
"S00089340",125,98,27
"S00089341",77,64,13
"S00089342",75,39,36
"S00089343",71,64,7
"S00089344",70,56,14
"S00089345",98,89,9
"S00089346",145,132,13
"S00089347",108,97,11
"S00089348",92,83,9
"S00089349",97,87,10
"S00089350",123,111,12
"S00089351",175,162,13
"S00089352",158,137,21
"S00089353",111,97,14
"S00089354",89,83,6
"S00089355",165,153,12
"S00089356",61,50,11
"S00089357",118,89,29
"S00089358",85,68,17
"S00089359",129,108,21
"S00089360",113,86,27
"S00089361",151,109,42
"S00089362",134,83,51
"S00089363",60,54,6
"S00089364",96,91,5
"S00089365",132,125,7
"S00089366",105,92,13
"S00089367",102,80,22
"S00089368",58,52,6
"S00089369",120,109,11
"S00089370",107,63,44
"S00089371",123,99,24
"S00089372",63,54,9
"S00089373",97,86,11
"S00089374",97,64,33
"S00089375",137,116,21
"S00089376",135,119,16
"S00089377",82,72,10
"S00089378",103,96,7
"S00089379",169,156,13
"S00089380",156,149,7
"S00089381",108,102,6
"S00089382",126,113,13
"S00089383",108,95,13
"S00089384",106,99,7
"S00089385",189,121,68
"S00089386",208,174,34
"S00089387",158,130,28
"S00089388",159,151,8
"S00089389",98,86,12
"S00089390",93,81,12
"S00089391",101,76,25
"S00089392",85,59,26
"S00089393",86,69,17
"S00089394",68,44,24
"S00089395",111,96,15
"S00089396",72,45,27
"S00089397",101,86,15
"S00089398",96,82,14
"S00089399",51,20,31
"S00089400",98,90,8
"S00089401",73,51,22
"S00089402",84,59,25
"S00089403",98,94,4
"S00089404",95,82,13
"S00089405",112,104,8
"S00089406",145,135,10
"S00089407",128,114,14
"S00089408",104,94,10
"S00089409",117,107,10
"S00089410",121,116,5
"S00089411",98,93,5
"S00089412",190,165,25
"S00089413",188,178,10
"S00089414",63,48,15
"S00089415",97,79,18
"S00089416",151,143,8
"S00089417",133,117,16
"S00089418",149,129,20
"S00089419",118,104,14
"S00089420",142,134,8
"S00089421",171,164,7
"S00089422",88,71,17
"S00089423",163,151,12
"S00089424",144,134,10
"S00089425",183,176,7
"S00089426",189,188,1
"S00089427",79,75,4
"S00089428",83,73,10
"S00089429",135,119,16
"S00089430",126,96,30
"S00089431",138,94,44
"S00089432",61,50,11
"S00089433",74,63,11
"S00089434",80,74,6
"S00089435",120,112,8
"S00089436",117,112,5
"S00089437",142,136,6
"S00089438",154,141,13
"S00089439",112,104,8
"S00089440",59,55,4
"S00089441",83,67,16
"S00089442",106,87,19
"S00089443",63,57,6
"S00089444",132,128,4
"S00089445",145,142,3
"S00089446",109,103,6
"S00089447",92,88,4
"S00089448",104,100,4
"S00089449",141,123,18
"S00089450",94,72,22
"S00089451",91,51,40
"S00089452",99,57,42
"S00089453",110,93,17
"S00089454",76,54,22
"S00089455",93,63,30
"S00089456",128,90,38
"S00089457",85,77,8
"S00089458",79,72,7
"S00089459",61,58,3
"S00089460",84,26,58
"S00089461",104,75,29
"S00089462",87,72,15
"S00089463",132,116,16
"S00089464",133,119,14
"S00089465",84,76,8
"S00089466",98,58,40
"S00089467",82,73,9
"S00089468",68,59,9
"S00089469",114,107,7
"S00089470",72,68,4
"S00089471",73,68,5
"S00089472",83,66,17
"S00089473",94,83,11
"S00089474",129,99,30
"S00089475",70,65,5
"S00089476",59,47,12
"S00089477",104,101,3
"S00089478",100,95,5
"S00089479",71,66,5
"S00089480",68,60,8
"S00089481",123,120,3
"S00089482",72,64,8
"S00089483",87,80,7
"S00089484",109,69,40
"S00089485",68,64,4
"S00089486",101,52,49
"S00089487",80,56,24
"S00089488",122,103,19
"S00089489",131,126,5
"S00089490",250,232,18
"S00089491",109,103,6
"S00089492",71,47,24
"S00089493",74,57,17
"S00089494",74,32,42
"S00089495",69,49,20
"S00089496",68,36,32
"S00089497",213,198,15
"S00089498",124,103,21
"S00089499",71,56,15
"S00089500",91,78,13
"S00089501",146,111,35
"S00089502",135,114,21
"S00089503",62,17,45
"S00089504",59,19,40
"S00089505",64,31,33
"S00089506",88,68,20
"S00089507",93,72,21
"S00089508",107,87,20
"S00089509",51,45,6
"S00089510",128,109,19
"S00089511",88,62,26
"S00089512",58,47,11
"S00089513",126,98,28
"S00089514",103,83,20
"S00089515",268,248,20
"S00089516",107,87,20
"S00089517",73,46,27
"S00089518",171,116,55
"S00089519",118,92,26
"S00089520",91,80,11
"S00089521",131,110,21
"S00089522",116,105,11
"S00089523",101,81,20
"S00089524",99,71,28
"S00089525",78,66,12
"S00089526",109,66,43
"S00089527",107,51,56
"S00089528",91,64,27
"S00089529",118,90,28
"S00089530",67,55,12
"S00089531",82,62,20
"S00089532",110,89,21
"S00089533",79,65,14
"S00089534",120,97,23
"S00089535",86,73,13
"S00089536",114,83,31
"S00089537",76,58,18
"S00089538",88,63,25
"S00089539",79,62,17
"S00089540",97,83,14
"S00089541",96,73,23
"S00089542",124,113,11
"S00089543",80,52,28
"S00089544",102,91,11
"S00089545",62,19,43
"S00089546",107,97,10
"S00089547",143,111,32
"S00089548",161,139,22
"S00089549",98,71,27
"S00089550",101,87,14
"S00089551",76,45,31
"S00089552",77,69,8
"S00089553",101,54,47
"S00089554",69,57,12
"S00089555",141,117,24
"S00089556",80,73,7
"S00089557",138,112,26
"S00089558",125,112,13
"S00089559",154,135,19
"S00089560",78,64,14
"S00089561",101,86,15
"S00089562",111,88,23
"S00089563",76,59,17
"S00089564",98,84,14
"S00089565",147,121,26
"S00089566",140,121,19
"S00089567",174,153,21
"S00089568",177,153,24
"S00089569",111,70,41
"S00089570",137,118,19
"S00089571",150,138,12
"S00089572",76,61,15
"S00089573",103,91,12
"S00089574",80,75,5
"S00089575",72,66,6
"S00089576",126,116,10
"S00089577",89,73,16
"S00089578",109,90,19
"S00089579",88,79,9
"S00089580",109,100,9
"S00089581",89,74,15
"S00089582",120,109,11
"S00089583",134,94,40
"S00089584",66,45,21
"S00089585",131,113,18
"S00089586",108,95,13
"S00089587",69,53,16
"S00089588",88,68,20
"S00089589",87,72,15
"S00089590",107,89,18
"S00089591",120,94,26
"S00089592",95,77,18
"S00089593",120,95,25
"S00089594",82,72,10
"S00089595",143,121,22
"S00089596",100,84,16
"S00089597",128,103,25
"S00089598",58,46,12
"S00089599",130,109,21
"S00089600",53,40,13
"S00089601",71,59,12
"S00089602",123,101,22
"S00089603",91,68,23
"S00089604",75,59,16
"S00089605",139,116,23
"S00089606",125,99,26
"S00089607",148,143,5
"S00089608",61,31,30
"S00089609",105,95,10
"S00089610",134,102,32
"S00089611",85,55,30
"S00089612",93,74,19
"S00089613",62,44,18
"S00089614",175,148,27
"S00089615",122,87,35
"S00089616",125,104,21
"S00089617",156,137,19
"S00089618",118,109,9
"S00089619",132,120,12
"S00089620",153,132,21
"S00089621",51,22,29
"S00089622",84,66,18
"S00089623",104,82,22
"S00089624",75,70,5
"S00089625",112,105,7
"S00089626",157,149,8
"S00089627",70,62,8
"S00089628",112,101,11
"S00089629",169,154,15
"S00089630",107,91,16
"S00089631",115,94,21
"S00089632",111,101,10
"S00089633",409,381,28
"S00089634",105,92,13
"S00089635",60,58,2
"S00089636",124,109,15
"S00089637",60,56,4
"S00089638",101,86,15
"S00089639",94,89,5
"S00089640",122,110,12
"S00089641",61,51,10
"S00089642",68,63,5
"S00089643",132,123,9
"S00089644",181,158,23
"S00089645",160,135,25
"S00089646",131,88,43
"S00089647",148,141,7
"S00089648",66,63,3
"S00089649",107,83,24
"S00089650",134,119,15
"S00089651",400,381,19
"S00089652",145,134,11
"S00089653",114,105,9
"S00089654",103,99,4
"S00089655",84,79,5
"S00089656",85,82,3
"S00089657",73,64,9
"S00089658",121,109,12
"S00089659",218,202,16
"S00089660",129,119,10
"S00089661",126,98,28
"S00089662",95,80,15
"S00089663",117,104,13
"S00089664",68,58,10
"S00089665",102,97,5
"S00089666",90,85,5
"S00089667",60,50,10
"S00089668",89,68,21
"S00089669",134,127,7
"S00089670",74,71,3
"S00089671",316,297,19
"S00089672",116,71,45
"S00089673",100,57,43
"S00089674",138,127,11
"S00089675",136,133,3
"S00089676",70,60,10
"S00089677",120,112,8
"S00089678",69,61,8
"S00089679",138,123,15
"S00089680",118,100,18
"S00089681",145,134,11
"S00089682",64,59,5
"S00089683",78,74,4
"S00089684",77,69,8
"S00089685",120,104,16
"S00089686",63,59,4
"S00089687",80,75,5
"S00089688",99,88,11
"S00089689",58,41,17
"S00089690",151,138,13
"S00089691",135,111,24
"S00089692",59,54,5
"S00089693",65,59,6
"S00089694",116,114,2
"S00089695",118,109,9
"S00089696",138,128,10
"S00089697",86,83,3
"S00089698",103,97,6
"S00089699",74,70,4
"S00089700",120,110,10
"S00089701",85,74,11
"S00089702",73,70,3
"S00089703",145,137,8
"S00089704",115,108,7
"S00089705",112,105,7
"S00089706",136,129,7
"S00089707",97,54,43
"S00089708",57,42,15
"S00089709",93,85,8
"S00089710",132,100,32
"S00089711",139,113,26
"S00089712",113,103,10
"S00089713",105,95,10
"S00089714",154,145,9
"S00089715",103,100,3
"S00089716",128,68,60
"S00089717",128,118,10
"S00089718",168,156,12
"S00089719",189,175,14
"S00089720",167,160,7
"S00089721",179,170,9
"S00089722",95,86,9
"S00089723",58,57,1
"S00089724",86,82,4
"S00089725",96,93,3
"S00089726",121,107,14
"S00089727",100,87,13
"S00089728",92,80,12
"S00089729",148,138,10
"S00089730",78,71,7
"S00089731",113,107,6
"S00089732",158,126,32
"S00089733",100,92,8
"S00089734",94,79,15
"S00089735",75,68,7
"S00089736",84,81,3
"S00089737",86,76,10
"S00089738",71,67,4
"S00089739",91,81,10
"S00089740",124,118,6
"S00089741",109,99,10
"S00089742",172,164,8
"S00089743",164,156,8
"S00089744",81,73,8
"S00089745",130,119,11
"S00089746",121,119,2
"S00089747",100,93,7
"S00089748",115,110,5
"S00089749",62,60,2
"S00089750",103,101,2
"S00089751",110,104,6
"S00089752",108,102,6
"S00089753",136,127,9
"S00089754",124,118,6
"S00089755",65,58,7
"S00089756",77,74,3
"S00089757",122,113,9
"S00089758",112,102,10
"S00089759",172,150,22
"S00089760",80,71,9
"S00089761",59,57,2
"S00089762",119,109,10
"S00089763",108,101,7
"S00089764",131,118,13
"S00089765",141,127,14
"S00089766",104,92,12
"S00089767",64,63,1
"S00089768",62,61,1
"S00089769",57,53,4
"S00089770",102,99,3
"S00089771",94,88,6
"S00089772",93,84,9
"S00089773",108,98,10
"S00089774",82,77,5
"S00089775",73,66,7
"S00089776",94,87,7
"S00089777",91,83,8
"S00089778",139,128,11
"S00089779",92,71,21
"S00089780",70,65,5
"S00089781",89,81,8
"S00089782",71,67,4
"S00089783",79,40,39
"S00089784",59,52,7
"S00089785",153,128,25
"S00089786",102,85,17
"S00089787",81,73,8
"S00089788",68,63,5
"S00089789",115,104,11
"S00089790",282,251,31
"S00089791",66,48,18
"S00089792",73,59,14
"S00089793",77,69,8
"S00089794",71,64,7
"S00089795",152,132,20
"S00089796",121,116,5
"S00089797",90,87,3
"S00089798",97,91,6
"S00089799",141,129,12
"S00089800",107,105,2
"S00089801",83,41,42
"S00089802",182,146,36
"S00089803",83,68,15
"S00089804",124,96,28
"S00089805",73,60,13
"S00089806",113,99,14
"S00089807",81,57,24
"S00089808",82,68,14
"S00089809",92,71,21
"S00089810",66,59,7
"S00089811",77,65,12
"S00089812",98,79,19
"S00089813",168,143,25
"S00089814",69,38,31
"S00089815",94,72,22
"S00089816",124,103,21
"S00089817",124,97,27
"S00089818",93,83,10
"S00089819",174,146,28
"S00089820",124,107,17
"S00089821",114,94,20
"S00089822",105,89,16
"S00089823",104,90,14
"S00089824",166,128,38
"S00089825",147,103,44
"S00089826",114,100,14
"S00089827",126,110,16
"S00089828",73,19,54
"S00089829",93,73,20
"S00089830",124,99,25
"S00089831",114,92,22
"S00089832",87,60,27
"S00089833",145,121,24
"S00089834",92,75,17
"S00089835",90,68,22
"S00089836",166,125,41
"S00089837",154,119,35
"S00089838",142,95,47
"S00089839",87,68,19
"S00089840",85,62,23
"S00089841",131,115,16
"S00089842",82,69,13
"S00089843",141,115,26
"S00089844",113,92,21
"S00089845",137,110,27
"S00089846",86,67,19
"S00089847",82,64,18
"S00089848",123,113,10
"S00089849",134,118,16
"S00089850",149,116,33
"S00089851",82,67,15
"S00089852",97,47,50
"S00089853",130,99,31
"S00089854",95,37,58
"S00089855",132,99,33
"S00089856",152,121,31
"S00089857",116,95,21
"S00089858",87,73,14
"S00089859",116,104,12
"S00089860",102,94,8
"S00089861",85,72,13
"S00089862",121,93,28
"S00089863",158,135,23
"S00089864",170,142,28
"S00089865",137,124,13
"S00089866",81,59,22
"S00089867",116,101,15
"S00089868",60,42,18
"S00089869",159,149,10
"S00089870",127,111,16
"S00089871",126,87,39
"S00089872",147,123,24
"S00089873",180,154,26
"S00089874",130,113,17
"S00089875",133,93,40
"S00089876",109,98,11
"S00089877",106,89,17
"S00089878",93,67,26
"S00089879",131,119,12
"S00089880",151,127,24
"S00089881",170,144,26
"S00089882",113,96,17
"S00089883",91,78,13
"S00089884",111,104,7
"S00089885",120,93,27
"S00089886",98,72,26
"S00089887",100,84,16
"S00089888",75,66,9
"S00089889",58,30,28
"S00089890",111,102,9
"S00089891",236,159,77
"S00089892",130,127,3
"S00089893",128,89,39
"S00089894",148,132,16
"S00089895",82,78,4
"S00089896",81,64,17
"S00089897",109,83,26
"S00089898",129,107,22
"S00089899",116,101,15
"S00089900",101,93,8
"S00089901",93,85,8
"S00089902",157,141,16
"S00089903",136,115,21
"S00089904",99,84,15
"S00089905",104,86,18
"S00089906",93,73,20
"S00089907",109,87,22
"S00089908",116,95,21
"S00089909",57,43,14
"S00089910",116,101,15
"S00089911",159,128,31
"S00089912",112,86,26
"S00089913",85,73,12
"S00089914",83,63,20
"S00089915",96,75,21
"S00089916",113,75,38
"S00089917",110,101,9
"S00089918",98,85,13
"S00089919",100,88,12
"S00089920",126,102,24
"S00089921",94,73,21
"S00089922",87,70,17
"S00089923",99,75,24
"S00089924",85,77,8
"S00089925",93,65,28
"S00089926",120,98,22
"S00089927",98,85,13
"S00089928",142,124,18
"S00089929",132,114,18
"S00089930",81,67,14
"S00089931",101,74,27
"S00089932",114,94,20
"S00089933",86,68,18
"S00089934",93,81,12
"S00089935",128,108,20
"S00089936",69,47,22
"S00089937",82,69,13
"S00089938",114,86,28
"S00089939",136,105,31
"S00089940",104,78,26
"S00089941",116,100,16
"S00089942",65,48,17
"S00089943",97,63,34
"S00089944",58,23,35
"S00089945",170,135,35
"S00089946",113,97,16
"S00089947",101,81,20
"S00089948",145,133,12
"S00089949",115,80,35
"S00089950",108,88,20
"S00089951",97,79,18
"S00089952",125,96,29
"S00089953",64,41,23
"S00089954",132,91,41
"S00089955",173,144,29
"S00089956",55,16,39
"S00089957",107,85,22
"S00089958",102,91,11
"S00089959",114,83,31
"S00089960",86,70,16
"S00089961",84,63,21
"S00089962",73,46,27
"S00089963",91,64,27
"S00089964",87,27,60
"S00089965",162,127,35
"S00089966",165,130,35
"S00089967",115,89,26
"S00089968",92,74,18
"S00089969",97,71,26
"S00089970",93,76,17
"S00089971",171,140,31
"S00089972",110,90,20
"S00089973",108,90,18
"S00089974",100,78,22
"S00089975",121,98,23
"S00089976",107,90,17
"S00089977",103,87,16
"S00089978",131,93,38
"S00089979",104,81,23
"S00089980",104,75,29
"S00089981",56,20,36
"S00089982",94,69,25
"S00089983",79,64,15
"S00089984",104,90,14
"S00089985",114,89,25
"S00089986",80,59,21
"S00089987",88,65,23
"S00089988",113,84,29
"S00089989",106,85,21
"S00089990",91,58,33
"S00089991",105,89,16
"S00089992",135,111,24
"S00089993",107,100,7
"S00089994",107,102,5
"S00089995",98,89,9
"S00089996",58,49,9
"S00089997",136,122,14
"S00089998",155,138,17
"S00089999",110,102,8
"S00090000",105,100,5
"S00090001",85,76,9
"S00090002",161,123,38
"S00090003",130,104,26
"S00090004",83,55,28
"S00090005",56,38,18
"S00090006",99,54,45
"S00090007",204,167,37
"S00090008",79,45,34
"S00090009",108,90,18
"S00090010",103,81,22
"S00090011",115,98,17
"S00090012",138,112,26
"S00090013",106,82,24
"S00090014",136,119,17
"S00090015",106,90,16
"S00090016",100,79,21
"S00090017",128,112,16
"S00090018",136,111,25
"S00090019",54,46,8
"S00090020",53,42,11
"S00090021",117,92,25
"S00090022",114,91,23
"S00090023",73,58,15
"S00090024",137,97,40
"S00090025",158,131,27
"S00090026",69,48,21
"S00090027",145,114,31
"S00090028",141,131,10
"S00090029",117,98,19
"S00090030",102,80,22
"S00090031",184,152,32
"S00090032",122,101,21
"S00090033",161,133,28
"S00090034",128,100,28
"S00090035",93,74,19
"S00090036",156,132,24
"S00090037",126,100,26
"S00090038",105,86,19
"S00090039",141,124,17
"S00090040",171,139,32
"S00090041",69,56,13
"S00090042",118,90,28
"S00090043",143,121,22
"S00090044",155,128,27
"S00090045",201,178,23
"S00090046",54,39,15
"S00090047",102,82,20
"S00090048",130,106,24
"S00090049",157,130,27
"S00090050",110,93,17
"S00090051",151,114,37
"S00090052",131,111,20
"S00090053",121,93,28
"S00090054",188,154,34
"S00090055",175,97,78
"S00090056",99,86,13
"S00090057",104,95,9
"S00090058",56,22,34
"S00090059",149,122,27
"S00090060",119,106,13
"S00090061",125,111,14
"S00090062",84,59,25
"S00090063",106,93,13
"S00090064",171,147,24
"S00090065",62,49,13
"S00090066",81,65,16
"S00090067",101,86,15
"S00090068",108,90,18
"S00090069",154,128,26
"S00090070",214,177,37
"S00090071",117,104,13
"S00090072",130,119,11
"S00090073",130,115,15
"S00090074",121,101,20
"S00090075",133,119,14
"S00090076",142,122,20
"S00090077",114,111,3
"S00090078",155,137,18
"S00090079",142,123,19
"S00090080",100,91,9
"S00090081",118,108,10
"S00090082",80,67,13
"S00090083",111,87,24
"S00090084",148,120,28
"S00090085",132,120,12
"S00090086",140,125,15
"S00090087",107,85,22
"S00090088",99,80,19
"S00090089",109,85,24
"S00090090",63,51,12
"S00090091",163,152,11
"S00090092",69,50,19
"S00090093",55,37,18
"S00090094",142,128,14
"S00090095",142,120,22
"S00090096",103,83,20
"S00090097",73,67,6
"S00090098",89,60,29
"S00090099",189,143,46
"S00090100",131,116,15
"S00090101",131,113,18
"S00090102",113,108,5
"S00090103",148,128,20
"S00090104",125,109,16
"S00090105",93,77,16
"S00090106",173,151,22
"S00090107",156,132,24
"S00090108",125,120,5
"S00090109",115,103,12
"S00090110",138,124,14
"S00090111",76,62,14
"S00090112",170,156,14
"S00090113",107,94,13
"S00090114",129,122,7
"S00090115",105,87,18
"S00090116",150,137,13
"S00090117",140,128,12
"S00090118",151,131,20
"S00090119",216,202,14
"S00090120",141,129,12
"S00090121",241,220,21
"S00090122",117,107,10
"S00090123",99,96,3
"S00090124",105,55,50
"S00090125",75,25,50
"S00090126",134,97,37
"S00090127",136,110,26
"S00090128",107,96,11
"S00090129",135,111,24
"S00090130",125,107,18
"S00090131",140,128,12
"S00090132",150,130,20
"S00090133",184,168,16
"S00090134",143,129,14
"S00090135",143,131,12
"S00090136",134,128,6
"S00090137",119,109,10
"S00090138",111,103,8
"S00090139",124,115,9
"S00090140",106,99,7
"S00090141",94,92,2
"S00090142",119,96,23
"S00090143",84,72,12
"S00090144",87,68,19
"S00090145",110,94,16
"S00090146",84,56,28
"S00090147",85,67,18
"S00090148",85,68,17
"S00090149",162,134,28
"S00090150",82,59,23
"S00090151",88,62,26
"S00090152",93,65,28
"S00090153",119,90,29
"S00090154",121,103,18
"S00090155",109,96,13
"S00090156",140,100,40
"S00090157",165,134,31
"S00090158",104,99,5
"S00090159",135,108,27
"S00090160",128,102,26
"S00090161",112,91,21
"S00090162",138,123,15
"S00090163",97,80,17
"S00090164",133,121,12
"S00090165",128,104,24
"S00090166",122,107,15
"S00090167",91,83,8
"S00090168",97,85,12
"S00090169",91,62,29
"S00090170",113,98,15
"S00090171",58,52,6
"S00090172",120,94,26
"S00090173",131,110,21
"S00090174",144,133,11
"S00090175",134,123,11
"S00090176",70,59,11
"S00090177",118,91,27
"S00090178",134,107,27
"S00090179",155,125,30
"S00090180",132,97,35
"S00090181",145,121,24
"S00090182",127,115,12
"S00090183",158,146,12
"S00090184",83,67,16
"S00090185",83,68,15
"S00090186",114,90,24
"S00090187",112,98,14
"S00090188",105,85,20
"S00090189",68,55,13
"S00090190",160,107,53
"S00090191",132,116,16
"S00090192",99,80,19
"S00090193",122,98,24
"S00090194",98,78,20
"S00090195",109,100,9
"S00090196",101,90,11
"S00090197",98,86,12
"S00090198",104,87,17
"S00090199",77,71,6
"S00090200",104,85,19
"S00090201",123,112,11
"S00090202",105,92,13
"S00090203",109,95,14
"S00090204",128,98,30
"S00090205",117,102,15
"S00090206",93,81,12
"S00090207",96,84,12
"S00090208",97,82,15
"S00090209",99,83,16
"S00090210",84,76,8
"S00090211",60,53,7
"S00090212",64,53,11
"S00090213",71,59,12
"S00090214",99,83,16
"S00090215",144,132,12
"S00090216",110,98,12
"S00090217",97,86,11
"S00090218",112,103,9
"S00090219",119,107,12
"S00090220",96,85,11
"S00090221",143,127,16
"S00090222",211,188,23
"S00090223",159,115,44
"S00090224",146,127,19
"S00090225",78,75,3
"S00090226",160,150,10
"S00090227",217,191,26
"S00090228",164,143,21
"S00090229",175,150,25
"S00090230",93,87,6
"S00090231",112,107,5
"S00090232",86,72,14
"S00090233",87,81,6
"S00090234",106,92,14
"S00090235",130,117,13
"S00090236",100,82,18
"S00090237",97,75,22
"S00090238",71,64,7
"S00090239",120,102,18
"S00090240",146,126,20
"S00090241",148,126,22
"S00090242",129,107,22
"S00090243",90,65,25
"S00090244",90,71,19
"S00090245",168,138,30
"S00090246",59,49,10
"S00090247",118,110,8
"S00090248",53,38,15
"S00090249",172,159,13
"S00090250",139,122,17
"S00090251",143,131,12
"S00090252",175,167,8
"S00090253",176,157,19
"S00090254",126,111,15
"S00090255",150,124,26
"S00090256",161,141,20
"S00090257",143,122,21
"S00090258",154,141,13
"S00090259",95,85,10
"S00090260",131,118,13
"S00090261",93,71,22
"S00090262",70,49,21
"S00090263",151,141,10
"S00090264",136,116,20
"S00090265",125,98,27
"S00090266",108,95,13
"S00090267",80,71,9
"S00090268",98,79,19
"S00090269",139,136,3
"S00090270",127,117,10
"S00090271",175,163,12
"S00090272",100,83,17
"S00090273",62,28,34
"S00090274",87,81,6
"S00090275",55,48,7
"S00090276",105,88,17
"S00090277",125,99,26
"S00090278",135,107,28
"S00090279",152,118,34
"S00090280",91,70,21
"S00090281",128,115,13
"S00090282",107,97,10
"S00090283",92,66,26
"S00090284",92,68,24
"S00090285",83,69,14
"S00090286",92,77,15
"S00090287",110,104,6
"S00090288",152,125,27
"S00090289",68,60,8
"S00090290",82,66,16
"S00090291",100,80,20
"S00090292",124,94,30
"S00090293",110,89,21
"S00090294",113,93,20
"S00090295",137,122,15
"S00090296",104,84,20
"S00090297",151,133,18
"S00090298",87,75,12
"S00090299",124,110,14
"S00090300",115,95,20
"S00090301",82,72,10
"S00090302",101,91,10
"S00090303",221,162,59
"S00090304",150,137,13
"S00090305",196,193,3
"S00090306",185,175,10
"S00090307",170,164,6
"S00090308",127,109,18
"S00090309",154,148,6
"S00090310",132,125,7
"S00090311",178,168,10
"S00090312",85,77,8
"S00090313",183,172,11
"S00090314",253,181,72
"S00090315",91,87,4
"S00090316",175,158,17
"S00090317",184,176,8
"S00090318",172,159,13
"S00090319",80,64,16
"S00090320",68,66,2
"S00090321",103,96,7
"S00090322",99,94,5
"S00090323",92,87,5
"S00090324",75,66,9
"S00090325",95,85,10
"S00090326",84,67,17
"S00090327",72,66,6
"S00090328",55,49,6
"S00090329",73,55,18
"S00090330",55,43,12
"S00090331",171,152,19
"S00090332",108,90,18
"S00090333",126,103,23
"S00090334",50,44,6
"S00090335",70,65,5
"S00090336",133,102,31
"S00090337",138,118,20
"S00090338",59,50,9
"S00090339",52,44,8
"S00090340",96,83,13
"S00090341",69,60,9
"S00090342",73,57,16
"S00090343",96,76,20
"S00090344",59,48,11
"S00090345",120,114,6
"S00090346",97,77,20
"S00090347",157,132,25
"S00090348",178,149,29
"S00090349",108,90,18
"S00090350",107,95,12
"S00090351",69,49,20
"S00090352",89,74,15
"S00090353",64,55,9
"S00090354",194,180,14
"S00090355",65,52,13
"S00090356",94,87,7
"S00090357",224,212,12
"S00090358",158,146,12
"S00090359",119,96,23
"S00090360",92,83,9
"S00090361",80,69,11
"S00090362",138,124,14
"S00090363",55,25,30
"S00090364",71,57,14
"S00090365",112,98,14
"S00090366",78,68,10
"S00090367",54,44,10
"S00090368",52,37,15
"S00090369",149,125,24
"S00090370",125,112,13
"S00090371",117,96,21
"S00090372",98,91,7
"S00090373",60,54,6
"S00090374",120,109,11
"S00090375",63,61,2
"S00090376",129,118,11
"S00090377",96,86,10
"S00090378",78,72,6
"S00090379",82,68,14
"S00090380",117,98,19
"S00090381",117,102,15
"S00090382",55,51,4
"S00090383",88,83,5
"S00090384",69,65,4
"S00090385",158,134,24
"S00090386",77,74,3
"S00090387",76,71,5
"S00090388",122,103,19
"S00090389",130,117,13
"S00090390",93,88,5
"S00090391",96,82,14
"S00090392",98,79,19
"S00090393",129,108,21
"S00090394",90,87,3
"S00090395",107,104,3
"S00090396",80,66,14
"S00090397",74,72,2
"S00090398",60,57,3
"S00090399",215,199,16
"S00090400",128,116,12
"S00090401",100,91,9
"S00090402",113,97,16
"S00090403",166,162,4
"S00090404",190,171,19
"S00090405",170,163,7
"S00090406",131,122,9
"S00090407",212,200,12
"S00090408",67,63,4
"S00090409",112,99,13
"S00090410",112,90,22
"S00090411",78,78,0
"S00090412",59,53,6
"S00090413",93,80,13
"S00090414",114,97,17
"S00090415",169,124,45
"S00090416",115,101,14
"S00090417",68,56,12
"S00090418",50,44,6
"S00090419",95,86,9
"S00090420",94,79,15
"S00090421",149,143,6
"S00090422",75,67,8
"S00090423",250,214,36
"S00090424",69,65,4
"S00090425",108,97,11
"S00090426",102,94,8
"S00090427",83,80,3
"S00090428",240,233,7
"S00090429",96,89,7
"S00090430",98,86,12
"S00090431",118,113,5
"S00090432",63,56,7
"S00090433",107,103,4
"S00090434",113,110,3
"S00090435",58,42,16
"S00090436",139,125,14
"S00090437",109,90,19
"S00090438",59,55,4
"S00090439",69,60,9
"S00090440",135,125,10
"S00090441",162,133,29
"S00090442",97,69,28
"S00090443",61,34,27
"S00090444",224,201,23
"S00090445",111,103,8
"S00090446",75,75,0
"S00090447",135,112,23
"S00090448",62,55,7
"S00090449",76,71,5
"S00090450",73,58,15
"S00090451",62,57,5
"S00090452",73,61,12
"S00090453",61,58,3
"S00090454",148,136,12
"S00090455",80,68,12
"S00090456",55,42,13
"S00090457",59,47,12
"S00090458",117,100,17
"S00090459",87,66,21
"S00090460",128,88,40
"S00090461",69,61,8
"S00090462",114,87,27
"S00090463",86,72,14
"S00090464",74,66,8
"S00090465",134,112,22
"S00090466",78,66,12
"S00090467",102,73,29
"S00090468",111,101,10
"S00090469",89,81,8
"S00090470",74,49,25
"S00090471",88,63,25
"S00090472",102,81,21
"S00090473",89,83,6
"S00090474",110,97,13
"S00090475",93,78,15
"S00090476",94,78,16
"S00090477",92,68,24
"S00090478",127,107,20
"S00090479",115,48,67
"S00090480",67,19,48
"S00090481",69,54,15
"S00090482",64,39,25
"S00090483",86,74,12
"S00090484",85,82,3
"S00090485",75,64,11
"S00090486",77,54,23
"S00090487",64,46,18
"S00090488",115,97,18
"S00090489",73,64,9
"S00090490",118,84,34
"S00090491",58,52,6
"S00090492",62,39,23
"S00090493",75,51,24
"S00090494",78,64,14
"S00090495",90,68,22
"S00090496",241,224,17
"S00090497",93,83,10
"S00090498",87,78,9
"S00090499",181,169,12
"S00090500",113,109,4
"S00090501",107,103,4
"S00090502",88,84,4
"S00090503",67,54,13
"S00090504",162,132,30
"S00090505",132,121,11
"S00090506",100,96,4
"S00090507",159,154,5
"S00090508",84,79,5
"S00090509",156,139,17
"S00090510",139,134,5
"S00090511",64,61,3
"S00090512",70,63,7
"S00090513",101,72,29
"S00090514",90,74,16
"S00090515",100,90,10
"S00090516",95,75,20
"S00090517",109,83,26
"S00090518",93,84,9
"S00090519",78,44,34
"S00090520",115,76,39
"S00090521",63,60,3
"S00090522",70,57,13
"S00090523",836,793,43
"S00090524",112,99,13
"S00090525",76,73,3
"S00090526",89,76,13
"S00090527",125,112,13
"S00090528",132,101,31
"S00090529",102,89,13
"S00090530",86,64,22
"S00090531",122,101,21
"S00090532",85,65,20
"S00090533",52,40,12
"S00090534",93,83,10
"S00090535",85,72,13
"S00090536",76,62,14
"S00090537",106,85,21
"S00090538",127,120,7
"S00090539",129,119,10
"S00090540",93,87,6
"S00090541",117,114,3
"S00090542",74,70,4
"S00090543",146,132,14
"S00090544",90,85,5
"S00090545",75,71,4
"S00090546",97,52,45
"S00090547",104,77,27
"S00090548",86,79,7
"S00090549",66,60,6
"S00090550",89,87,2
"S00090551",95,91,4
"S00090552",82,74,8
"S00090553",195,185,10
"S00090554",96,90,6
"S00090555",51,50,1
"S00090556",148,119,29
"S00090557",73,68,5
"S00090558",92,86,6
"S00090559",102,94,8
"S00090560",107,99,8
"S00090561",133,128,5
"S00090562",137,134,3
"S00090563",84,74,10
"S00090564",111,108,3
"S00090565",84,79,5
"S00090566",68,64,4
"S00090567",109,108,1
"S00090568",107,94,13
"S00090569",100,98,2
"S00090570",97,95,2
"S00090571",88,79,9
"S00090572",120,102,18
"S00090573",90,76,14
"S00090574",70,63,7
"S00090575",173,151,22
"S00090576",90,83,7
"S00090577",116,113,3
"S00090578",60,58,2
"S00090579",92,86,6
"S00090580",140,134,6
"S00090581",85,67,18
"S00090582",140,134,6
"S00090583",52,51,1
"S00090584",84,77,7
"S00090585",95,89,6
"S00090586",116,111,5
"S00090587",72,71,1
"S00090588",67,65,2
"S00090589",84,73,11
"S00090590",131,113,18
"S00090591",87,73,14
"S00090592",84,62,22
"S00090593",77,59,18
"S00090594",141,83,58
"S00090595",82,63,19
"S00090596",184,167,17
"S00090597",111,100,11
"S00090598",91,69,22
"S00090599",130,115,15
"S00090600",77,61,16
"S00090601",113,83,30
"S00090602",80,66,14
"S00090603",92,70,22
"S00090604",100,75,25
"S00090605",94,78,16
"S00090606",88,55,33
"S00090607",156,136,20
"S00090608",62,48,14
"S00090609",146,105,41
"S00090610",67,51,16
"S00090611",105,86,19
"S00090612",97,83,14
"S00090613",87,67,20
"S00090614",119,103,16
"S00090615",156,145,11
"S00090616",88,84,4
"S00090617",55,53,2
"S00090618",77,72,5
"S00090619",75,71,4
"S00090620",120,113,7
"S00090621",92,86,6
"S00090622",109,93,16
"S00090623",62,54,8
"S00090624",77,67,10
"S00090625",63,54,9
"S00090626",117,114,3
"S00090627",64,60,4
"S00090628",83,76,7
"S00090629",111,100,11
"S00090630",63,53,10
"S00090631",79,71,8
"S00090632",114,110,4
"S00090633",115,102,13
"S00090634",95,87,8
"S00090635",125,109,16
"S00090636",87,63,24
"S00090637",63,50,13
"S00090638",122,115,7
"S00090639",56,48,8
"S00090640",53,45,8
"S00090641",129,98,31
"S00090642",176,159,17
"S00090643",94,45,49
"S00090644",109,93,16
"S00090645",95,88,7
"S00090646",76,58,18
"S00090647",82,47,35
"S00090648",92,86,6
"S00090649",101,87,14
"S00090650",140,105,35
"S00090651",113,67,46
"S00090652",114,100,14
"S00090653",92,73,19
"S00090654",143,129,14
"S00090655",119,100,19
"S00090656",85,73,12
"S00090657",108,72,36
"S00090658",151,114,37
"S00090659",91,87,4
"S00090660",54,49,5
"S00090661",92,81,11
"S00090662",64,57,7
"S00090663",167,159,8
"S00090664",182,167,15
"S00090665",125,113,12
"S00090666",179,152,27
"S00090667",184,174,10
"S00090668",192,182,10
"S00090669",95,81,14
"S00090670",129,100,29
"S00090671",106,84,22
"S00090672",104,84,20
"S00090673",114,106,8
"S00090674",95,92,3
"S00090675",95,93,2
"S00090676",105,96,9
"S00090677",93,87,6
"S00090678",125,120,5
"S00090679",153,138,15
"S00090680",56,50,6
"S00090681",117,53,64
"S00090682",89,80,9
"S00090683",91,83,8
"S00090684",132,116,16
"S00090685",83,69,14
"S00090686",52,51,1
"S00090687",73,65,8
"S00090688",96,94,2
"S00090689",172,167,5
"S00090690",488,472,16
"S00090691",56,34,22
"S00090692",136,127,9
"S00090693",146,127,19
"S00090694",150,145,5
"S00090695",178,160,18
"S00090696",115,87,28
"S00090697",80,65,15
"S00090698",96,76,20
"S00090699",103,89,14
"S00090700",72,54,18
"S00090701",2081,2001,80
"S00090702",102,83,19
"S00090703",68,62,6
"S00090704",103,86,17
"S00090705",128,117,11
"S00090706",61,50,11
"S00090707",100,77,23
"S00090708",95,89,6
"S00090709",135,93,42
"S00090710",120,111,9
"S00090711",90,79,11
"S00090712",150,104,46
"S00090713",95,85,10
"S00090714",71,67,4
"S00090715",75,67,8
"S00090716",181,173,8
"S00090717",370,351,19
"S00090718",99,94,5
"S00090719",109,99,10
"S00090720",50,38,12
"S00090721",127,122,5
"S00090722",75,70,5
"S00090723",82,70,12
"S00090724",65,58,7
"S00090725",94,86,8
"S00090726",69,62,7
"S00090727",52,44,8
"S00090728",98,89,9
"S00090729",107,82,25
"S00090730",116,90,26
"S00090731",102,92,10
"S00090732",112,89,23
"S00090733",76,72,4
"S00090734",95,80,15
"S00090735",66,59,7
"S00090736",75,65,10
"S00090737",95,84,11
"S00090738",91,80,11
"S00090739",109,105,4
"S00090740",85,72,13
"S00090741",63,59,4
"S00090742",116,111,5
"S00090743",87,77,10
"S00090744",93,79,14
"S00090745",90,77,13
"S00090746",150,115,35
"S00090747",97,88,9
"S00090748",100,97,3
"S00090749",93,89,4
"S00090750",82,80,2
"S00090751",156,141,15
"S00090752",65,58,7
"S00090753",125,116,9
"S00090754",135,129,6
"S00090755",94,84,10
"S00090756",61,58,3
"S00090757",108,99,9
"S00090758",85,77,8
"S00090759",57,55,2
"S00090760",128,124,4
"S00090761",97,63,34
"S00090762",66,58,8
"S00090763",62,57,5
"S00090764",64,60,4
"S00090765",63,56,7
"S00090766",84,74,10
"S00090767",92,88,4
"S00090768",78,66,12
"S00090769",123,117,6
"S00090770",59,34,25
"S00090771",67,24,43
"S00090772",97,83,14
"S00090773",75,54,21
"S00090774",115,98,17
"S00090775",89,68,21
"S00090776",96,67,29
"S00090777",78,57,21
"S00090778",84,72,12
"S00090779",105,97,8
"S00090780",93,38,55
"S00090781",118,110,8
"S00090782",194,170,24
"S00090783",140,120,20
"S00090784",128,108,20
"S00090785",63,45,18
"S00090786",86,56,30
"S00090787",115,92,23
"S00090788",73,53,20
"S00090789",111,92,19
"S00090790",89,68,21
"S00090791",93,79,14
"S00090792",167,132,35
"S00090793",117,103,14
"S00090794",170,144,26
"S00090795",54,33,21
"S00090796",74,47,27
"S00090797",141,117,24
"S00090798",59,45,14
"S00090799",100,96,4
"S00090800",94,90,4
"S00090801",121,116,5
"S00090802",173,165,8
"S00090803",230,183,47
"S00090804",131,114,17
"S00090805",105,102,3
"S00090806",110,101,9
"S00090807",228,143,85
"S00090808",134,123,11
"S00090809",57,55,2
"S00090810",116,105,11
"S00090811",147,135,12
"S00090812",172,150,22
"S00090813",55,46,9
"S00090814",91,68,23
"S00090815",60,23,37
"S00090816",229,213,16
"S00090817",95,83,12
"S00090818",134,120,14
"S00090819",77,60,17
"S00090820",176,161,15
"S00090821",154,143,11
"S00090822",122,109,13
"S00090823",153,145,8
"S00090824",133,120,13
"S00090825",244,233,11
"S00090826",90,84,6
"S00090827",118,94,24
"S00090828",81,77,4
"S00090829",210,155,55
"S00090830",81,77,4
"S00090831",122,97,25
"S00090832",53,44,9
"S00090833",67,57,10
"S00090834",75,68,7
"S00090835",107,97,10
"S00090836",70,62,8
"S00090837",155,142,13
"S00090838",101,83,18
"S00090839",83,77,6
"S00090840",200,192,8
"S00090841",128,103,25
"S00090842",58,54,4
"S00090843",156,152,4
"S00090844",174,130,44
"S00090845",137,130,7
"S00090846",173,163,10
"S00090847",122,117,5
"S00090848",139,135,4
"S00090849",145,132,13
"S00090850",114,106,8
"S00090851",123,112,11
"S00090852",102,95,7
"S00090853",109,90,19
"S00090854",113,102,11
"S00090855",203,186,17
"S00090856",127,108,19
"S00090857",82,65,17
"S00090858",101,92,9
"S00090859",129,122,7
"S00090860",55,48,7
"S00090861",66,59,7
"S00090862",147,130,17
"S00090863",161,151,10
"S00090864",136,133,3
"S00090865",144,138,6
"S00090866",189,180,9
"S00090867",145,132,13
"S00090868",83,81,2
"S00090869",134,130,4
"S00090870",131,122,9
"S00090871",119,110,9
"S00090872",58,53,5
"S00090873",117,108,9
"S00090874",78,67,11
"S00090875",76,73,3
"S00090876",237,223,14
"S00090877",83,68,15
"S00090878",109,83,26
"S00090879",106,86,20
"S00090880",89,80,9
"S00090881",66,53,13
"S00090882",137,116,21
"S00090883",181,142,39
"S00090884",165,144,21
"S00090885",111,90,21
"S00090886",234,185,49
"S00090887",118,97,21
"S00090888",95,71,24
"S00090889",134,119,15
"S00090890",124,115,9
"S00090891",172,140,32
"S00090892",74,57,17
"S00090893",104,87,17
"S00090894",121,99,22
"S00090895",91,74,17
"S00090896",154,145,9
"S00090897",72,65,7
"S00090898",88,84,4
"S00090899",172,159,13
"S00090900",131,116,15
"S00090901",81,72,9
"S00090902",67,60,7
"S00090903",53,52,1
"S00090904",214,195,19
"S00090905",91,79,12
"S00090906",90,76,14
"S00090907",65,62,3
"S00090908",97,88,9
"S00090909",152,138,14
"S00090910",147,132,15
"S00090911",126,123,3
"S00090912",133,130,3
"S00090913",86,79,7
"S00090914",180,174,6
"S00090915",112,110,2
"S00090916",195,182,13
"S00090917",100,92,8
"S00090918",73,71,2
"S00090919",114,101,13
"S00090920",100,93,7
"S00090921",116,105,11
"S00090922",114,110,4
"S00090923",136,113,23
"S00090924",223,213,10
"S00090925",166,99,67
"S00090926",99,96,3
"S00090927",105,93,12
"S00090928",136,128,8
"S00090929",183,177,6
"S00090930",147,139,8
"S00090931",204,197,7
"S00090932",106,101,5
"S00090933",160,152,8
"S00090934",175,162,13
"S00090935",122,119,3
"S00090936",140,128,12
"S00090937",165,156,9
"S00090938",143,128,15
"S00090939",105,100,5
"S00090940",76,71,5
"S00090941",162,156,6
"S00090942",136,130,6
"S00090943",127,110,17
"S00090944",82,74,8
"S00090945",106,93,13
"S00090946",156,141,15
"S00090947",82,79,3
"S00090948",102,99,3
"S00090949",124,111,13
"S00090950",155,128,27
"S00090951",161,136,25
"S00090952",134,113,21
"S00090953",181,150,31
"S00090954",129,105,24
"S00090955",136,109,27
"S00090956",94,83,11
"S00090957",113,101,12
"S00090958",161,148,13
"S00090959",212,176,36
"S00090960",113,98,15
"S00090961",83,76,7
"S00090962",185,157,28
"S00090963",110,97,13
"S00090964",100,84,16
"S00090965",158,126,32
"S00090966",63,56,7
"S00090967",81,64,17
"S00090968",94,81,13
"S00090969",127,97,30
"S00090970",135,105,30
"S00090971",121,90,31
"S00090972",68,51,17
"S00090973",85,65,20
"S00090974",105,89,16
"S00090975",187,158,29
"S00090976",105,93,12
"S00090977",167,150,17
"S00090978",189,162,27
"S00090979",172,148,24
"S00090980",199,153,46
"S00090981",81,74,7
"S00090982",144,120,24
"S00090983",114,96,18
"S00090984",206,199,7
"S00090985",120,100,20
"S00090986",75,49,26
"S00090987",103,90,13
"S00090988",198,193,5
"S00090989",174,140,34
"S00090990",69,58,11
"S00090991",183,152,31
"S00090992",180,162,18
"S00090993",135,107,28
"S00090994",168,145,23
"S00090995",141,125,16
"S00090996",185,160,25
"S00090997",199,175,24
"S00090998",102,90,12
"S00090999",187,171,16
"S00091000",193,171,22
"S00091001",151,117,34
"S00091002",191,183,8
"S00091003",175,171,4
"S00091004",150,143,7
"S00091005",194,183,11
"S00091006",143,131,12
"S00091007",185,177,8
"S00091008",64,54,10
"S00091009",115,93,22
"S00091010",89,76,13
"S00091011",91,76,15
"S00091012",83,66,17
"S00091013",101,91,10
"S00091014",107,92,15
"S00091015",132,112,20
"S00091016",72,54,18
"S00091017",111,102,9
"S00091018",74,66,8
"S00091019",96,80,16
"S00091020",113,109,4
"S00091021",117,114,3
"S00091022",60,54,6
"S00091023",86,70,16
"S00091024",171,150,21
"S00091025",79,69,10
"S00091026",148,120,28
"S00091027",144,124,20
"S00091028",175,152,23
"S00091029",126,108,18
"S00091030",107,87,20
"S00091031",133,121,12
"S00091032",154,125,29
"S00091033",107,101,6
"S00091034",94,82,12
"S00091035",67,57,10
"S00091036",121,104,17
"S00091037",152,127,25
"S00091038",138,122,16
"S00091039",190,164,26
"S00091040",190,166,24
"S00091041",120,106,14
"S00091042",97,79,18
"S00091043",152,139,13
"S00091044",124,108,16
"S00091045",206,181,25
"S00091046",136,125,11
"S00091047",162,144,18
"S00091048",92,89,3
"S00091049",155,147,8
"S00091050",133,116,17
"S00091051",63,56,7
"S00091052",130,112,18
"S00091053",143,119,24
"S00091054",176,142,34
"S00091055",102,83,19
"S00091056",121,107,14
"S00091057",186,172,14
"S00091058",150,140,10
"S00091059",200,178,22
"S00091060",70,68,2
"S00091061",174,158,16
"S00091062",133,119,14
"S00091063",126,114,12
"S00091064",124,108,16
"S00091065",124,115,9
"S00091066",103,84,19
"S00091067",144,116,28
"S00091068",159,142,17
"S00091069",109,95,14
"S00091070",114,94,20
"S00091071",66,59,7
"S00091072",86,80,6
"S00091073",147,130,17
"S00091074",182,157,25
"S00091075",69,60,9
"S00091076",72,62,10
"S00091077",179,157,22
"S00091078",81,68,13
"S00091079",81,72,9
"S00091080",114,99,15
"S00091081",197,179,18
"S00091082",166,150,16
"S00091083",139,131,8
"S00091084",60,54,6
"S00091085",93,87,6
"S00091086",58,50,8
"S00091087",116,102,14
"S00091088",131,116,15
"S00091089",153,141,12
"S00091090",158,142,16
"S00091091",131,127,4
"S00091092",199,172,27
"S00091093",132,121,11
"S00091094",135,103,32
"S00091095",88,79,9
"S00091096",157,142,15
"S00091097",73,63,10
"S00091098",66,56,10
"S00091099",90,82,8
"S00091100",150,139,11
"S00091101",102,91,11
"S00091102",83,75,8
"S00091103",110,96,14
"S00091104",92,85,7
"S00091105",143,126,17
"S00091106",127,117,10
"S00091107",157,146,11
"S00091108",164,149,15
"S00091109",158,139,19
"S00091110",148,131,17
"S00091111",122,117,5
"S00091112",107,105,2
"S00091113",180,167,13
"S00091114",139,122,17
"S00091115",122,112,10
"S00091116",108,92,16
"S00091117",128,112,16
"S00091118",167,157,10
"S00091119",134,121,13
"S00091120",149,135,14
"S00091121",145,139,6
"S00091122",123,117,6
"S00091123",168,163,5
"S00091124",136,121,15
"S00091125",113,110,3
"S00091126",265,260,5
"S00091127",111,103,8
"S00091128",136,126,10
"S00091129",102,96,6
"S00091130",127,120,7
"S00091131",169,161,8
"S00091132",137,133,4
"S00091133",118,105,13
"S00091134",87,78,9
"S00091135",116,103,13
"S00091136",167,157,10
"S00091137",176,164,12
"S00091138",79,74,5
"S00091139",76,67,9
"S00091140",149,142,7
"S00091141",71,66,5
"S00091142",131,117,14
"S00091143",126,109,17
"S00091144",138,124,14
"S00091145",183,155,28
"S00091146",136,122,14
"S00091147",116,94,22
"S00091148",142,130,12
"S00091149",166,149,17
"S00091150",121,109,12
"S00091151",170,150,20
"S00091152",183,179,4
"S00091153",113,105,8
"S00091154",130,121,9
"S00091155",126,94,32
"S00091156",98,85,13
"S00091157",148,133,15
"S00091158",138,121,17
"S00091159",87,83,4
"S00091160",158,143,15
"S00091161",157,149,8
"S00091162",163,142,21
"S00091163",140,136,4
"S00091164",85,68,17
"S00091165",181,164,17
"S00091166",143,132,11
"S00091167",88,76,12
"S00091168",132,118,14
"S00091169",61,51,10
"S00091170",169,146,23
"S00091171",117,92,25
"S00091172",54,45,9
"S00091173",148,137,11
"S00091174",106,89,17
"S00091175",131,124,7
"S00091176",123,113,10
"S00091177",101,88,13
"S00091178",183,171,12
"S00091179",65,59,6
"S00091180",68,63,5
"S00091181",164,151,13
"S00091182",133,120,13
"S00091183",89,73,16
"S00091184",104,74,30
"S00091185",117,102,15
"S00091186",132,117,15
"S00091187",132,109,23
"S00091188",152,124,28
"S00091189",118,92,26
"S00091190",103,89,14
"S00091191",155,146,9
"S00091192",156,133,23
"S00091193",122,107,15
"S00091194",102,82,20
"S00091195",111,105,6
"S00091196",127,108,19
"S00091197",144,136,8
"S00091198",177,169,8
"S00091199",155,139,16
"S00091200",153,124,29
"S00091201",118,103,15
"S00091202",161,149,12
"S00091203",120,100,20
"S00091204",131,118,13
"S00091205",105,89,16
"S00091206",80,71,9
"S00091207",123,114,9
"S00091208",114,100,14
"S00091209",182,157,25
"S00091210",154,146,8
"S00091211",174,162,12
"S00091212",148,139,9
"S00091213",174,145,29
"S00091214",95,88,7
"S00091215",121,113,8
"S00091216",136,118,18
"S00091217",164,150,14
"S00091218",173,167,6
"S00091219",100,90,10
"S00091220",128,119,9
"S00091221",66,64,2
"S00091222",140,135,5
"S00091223",169,158,11
"S00091224",125,112,13
"S00091225",93,87,6
"S00091226",99,89,10
"S00091227",218,209,9
"S00091228",194,174,20
"S00091229",158,149,9
"S00091230",162,149,13
"S00091231",171,155,16
"S00091232",121,114,7
"S00091233",240,229,11
"S00091234",178,175,3
"S00091235",156,155,1
"S00091236",171,168,3
"S00091237",226,222,4
"S00091238",92,84,8
"S00091239",144,130,14
"S00091240",130,125,5
"S00091241",159,154,5
"S00091242",160,157,3
"S00091243",102,87,15
"S00091244",182,168,14
"S00091245",136,128,8
"S00091246",96,84,12
"S00091247",128,117,11
"S00091248",165,162,3
"S00091249",197,188,9
"S00091250",155,136,19
"S00091251",126,113,13
"S00091252",166,147,19
"S00091253",186,176,10
"S00091254",98,84,14
"S00091255",166,158,8
"S00091256",63,59,4
"S00091257",141,127,14
"S00091258",149,143,6
"S00091259",125,113,12
"S00091260",155,147,8
"S00091261",154,149,5
"S00091262",118,117,1
"S00091263",228,222,6
"S00091264",141,138,3
"S00091265",138,135,3
"S00091266",100,93,7
"S00091267",213,204,9
"S00091268",193,188,5
"S00091269",75,70,5
"S00091270",72,65,7
"S00091271",204,188,16
"S00091272",123,113,10
"S00091273",119,117,2
"S00091274",209,192,17
"S00091275",200,188,12
"S00091276",139,134,5
"S00091277",175,163,12
"S00091278",156,152,4
"S00091279",135,130,5
"S00091280",126,110,16
"S00091281",177,172,5
"S00091282",161,138,23
"S00091283",156,139,17
"S00091284",170,158,12
"S00091285",181,166,15
"S00091286",160,149,11
"S00091287",182,173,9
"S00091288",153,135,18
"S00091289",88,78,10
"S00091290",141,118,23
"S00091291",181,162,19
"S00091292",61,54,7
"S00091293",123,114,9
"S00091294",136,121,15
"S00091295",129,118,11
"S00091296",142,131,11
"S00091297",217,201,16
"S00091298",65,56,9
"S00091299",112,103,9
"S00091300",160,146,14
"S00091301",77,75,2
"S00091302",190,171,19
"S00091303",106,91,15
"S00091304",109,97,12
"S00091305",124,113,11
"S00091306",134,118,16
"S00091307",113,100,13
"S00091308",119,114,5
"S00091309",95,80,15
"S00091310",132,127,5
"S00091311",189,180,9
"S00091312",178,161,17
"S00091313",167,158,9
"S00091314",83,74,9
"S00091315",76,72,4
"S00091316",69,61,8
"S00091317",123,111,12
"S00091318",96,87,9
"S00091319",283,270,13
"S00091320",133,125,8
"S00091321",126,123,3
"S00091322",165,153,12
"S00091323",139,128,11
"S00091324",163,158,5
"S00091325",156,150,6
"S00091326",128,114,14
"S00091327",162,145,17
"S00091328",107,82,25
"S00091329",148,123,25
"S00091330",130,111,19
"S00091331",130,118,12
"S00091332",87,82,5
"S00091333",79,72,7
"S00091334",108,92,16
"S00091335",132,120,12
"S00091336",133,115,18
"S00091337",88,70,18
"S00091338",60,53,7
"S00091339",67,58,9
"S00091340",89,79,10
"S00091341",190,173,17
"S00091342",116,101,15
"S00091343",176,165,11
"S00091344",85,74,11
"S00091345",163,144,19
"S00091346",106,97,9
"S00091347",129,115,14
"S00091348",136,121,15
"S00091349",125,112,13
"S00091350",135,125,10
"S00091351",169,161,8
"S00091352",105,99,6
"S00091353",95,86,9
"S00091354",104,94,10
"S00091355",153,142,11
"S00091356",141,133,8
"S00091357",92,81,11
"S00091358",155,142,13
"S00091359",119,109,10
"S00091360",76,66,10
"S00091361",129,123,6
"S00091362",120,109,11
"S00091363",91,81,10
"S00091364",104,99,5
"S00091365",191,181,10
"S00091366",166,148,18
"S00091367",87,77,10
"S00091368",162,150,12
"S00091369",200,182,18
"S00091370",165,156,9
"S00091371",183,163,20
"S00091372",115,113,2
"S00091373",148,143,5
"S00091374",105,94,11
"S00091375",107,97,10
"S00091376",64,56,8
"S00091377",108,100,8
"S00091378",118,114,4
"S00091379",179,176,3
"S00091380",96,87,9
"S00091381",161,145,16
"S00091382",172,162,10
"S00091383",137,127,10
"S00091384",107,95,12
"S00091385",88,82,6
"S00091386",192,172,20
"S00091387",138,121,17
"S00091388",161,150,11
"S00091389",55,49,6
"S00091390",143,134,9
"S00091391",140,129,11
"S00091392",143,133,10
"S00091393",218,201,17
"S00091394",125,108,17
"S00091395",144,132,12
"S00091396",86,76,10
"S00091397",103,90,13
"S00091398",153,145,8
"S00091399",95,88,7
"S00091400",63,54,9
"S00091401",196,188,8
"S00091402",77,75,2
"S00091403",216,196,20
"S00091404",154,147,7
"S00091405",92,88,4
"S00091406",54,47,7
"S00091407",99,93,6
"S00091408",129,113,16
"S00091409",108,90,18
"S00091410",117,111,6
"S00091411",101,85,16
"S00091412",194,171,23
"S00091413",143,127,16
"S00091414",163,145,18
"S00091415",128,109,19
"S00091416",146,130,16
"S00091417",80,67,13
"S00091418",121,109,12
"S00091419",63,56,7
"S00091420",84,75,9
"S00091421",147,136,11
"S00091422",132,122,10
"S00091423",118,110,8
"S00091424",115,107,8
"S00091425",150,140,10
"S00091426",70,60,10
"S00091427",142,134,8
"S00091428",127,111,16
"S00091429",223,183,40
"S00091430",99,87,12
"S00091431",126,107,19
"S00091432",146,131,15
"S00091433",68,58,10
"S00091434",123,108,15
"S00091435",170,152,18
"S00091436",145,134,11
"S00091437",193,167,26
"S00091438",182,143,39
"S00091439",62,48,14
"S00091440",109,99,10
"S00091441",90,75,15
"S00091442",65,56,9
"S00091443",149,129,20
"S00091444",93,82,11
"S00091445",153,138,15
"S00091446",159,141,18
"S00091447",148,132,16
"S00091448",101,82,19
"S00091449",131,102,29
"S00091450",151,136,15
"S00091451",109,92,17
"S00091452",109,96,13
"S00091453",168,142,26
"S00091454",132,107,25
"S00091455",154,124,30
"S00091456",134,123,11
"S00091457",95,85,10
"S00091458",132,123,9
"S00091459",82,63,19
"S00091460",131,122,9
"S00091461",150,139,11
"S00091462",123,111,12
"S00091463",170,159,11
"S00091464",95,81,14
"S00091465",114,94,20
"S00091466",147,122,25
"S00091467",103,81,22
"S00091468",117,97,20
"S00091469",110,95,15
"S00091470",123,107,16
"S00091471",136,102,34
"S00091472",124,91,33
"S00091473",155,136,19
"S00091474",122,111,11
"S00091475",154,137,17
"S00091476",134,121,13
"S00091477",115,97,18
"S00091478",115,91,24
"S00091479",80,69,11
"S00091480",151,122,29
"S00091481",57,41,16
"S00091482",167,136,31
"S00091483",121,115,6
"S00091484",108,101,7
"S00091485",162,154,8
"S00091486",163,148,15
"S00091487",105,83,22
"S00091488",96,88,8
"S00091489",119,105,14
"S00091490",106,87,19
"S00091491",142,128,14
"S00091492",150,128,22
"S00091493",194,179,15
"S00091494",207,189,18
"S00091495",181,168,13
"S00091496",112,95,17
"S00091497",193,163,30
"S00091498",105,94,11
"S00091499",110,96,14
"S00091500",128,100,28
"S00091501",117,100,17
"S00091502",51,43,8
"S00091503",119,101,18
"S00091504",136,116,20
"S00091505",106,96,10
"S00091506",153,132,21
"S00091507",60,51,9
"S00091508",111,81,30
"S00091509",104,90,14
"S00091510",139,124,15
"S00091511",100,85,15
"S00091512",162,138,24
"S00091513",120,100,20
"S00091514",72,41,31
"S00091515",96,84,12
"S00091516",115,74,41
"S00091517",68,44,24
"S00091518",92,85,7
"S00091519",58,55,3
"S00091520",84,62,22
"S00091521",130,118,12
"S00091522",80,61,19
"S00091523",89,77,12
"S00091524",119,102,17
"S00091525",108,95,13
"S00091526",97,81,16
"S00091527",100,94,6
"S00091528",76,63,13
"S00091529",85,68,17
"S00091530",234,218,16
"S00091531",117,108,9
"S00091532",119,116,3
"S00091533",187,158,29
"S00091534",153,139,14
"S00091535",119,113,6
"S00091536",130,119,11
"S00091537",140,127,13
"S00091538",82,72,10
"S00091539",87,72,15
"S00091540",78,67,11
"S00091541",142,119,23
"S00091542",68,56,12
"S00091543",140,116,24
"S00091544",93,81,12
"S00091545",89,71,18
"S00091546",65,54,11
"S00091547",75,70,5
"S00091548",74,69,5
"S00091549",168,148,20
"S00091550",170,160,10
"S00091551",93,81,12
"S00091552",87,76,11
"S00091553",124,92,32
"S00091554",126,108,18
"S00091555",132,124,8
"S00091556",105,90,15
"S00091557",148,137,11
"S00091558",122,105,17
"S00091559",124,107,17
"S00091560",118,100,18
"S00091561",92,81,11
"S00091562",74,45,29
"S00091563",67,60,7
"S00091564",92,84,8
"S00091565",100,88,12
"S00091566",109,102,7
"S00091567",113,109,4
"S00091568",124,92,32
"S00091569",95,86,9
"S00091570",132,118,14
"S00091571",114,94,20
"S00091572",148,125,23
"S00091573",133,120,13
"S00091574",145,130,15
"S00091575",107,97,10
"S00091576",141,136,5
"S00091577",101,89,12
"S00091578",59,49,10
"S00091579",106,97,9
"S00091580",135,111,24
"S00091581",180,165,15
"S00091582",162,148,14
"S00091583",120,101,19
"S00091584",116,100,16
"S00091585",76,68,8
"S00091586",74,67,7
"S00091587",226,219,7
"S00091588",161,152,9
"S00091589",87,73,14
"S00091590",193,164,29
"S00091591",222,203,19
"S00091592",189,183,6
"S00091593",227,206,21
"S00091594",128,118,10
"S00091595",84,75,9
"S00091596",93,80,13
"S00091597",67,59,8
"S00091598",232,213,19
"S00091599",95,83,12
"S00091600",116,85,31
"S00091601",124,109,15
"S00091602",111,97,14
"S00091603",62,45,17
"S00091604",115,88,27
"S00091605",137,129,8
"S00091606",76,58,18
"S00091607",114,103,11
"S00091608",100,83,17
"S00091609",96,83,13
"S00091610",92,79,13
"S00091611",56,41,15
"S00091612",133,123,10
"S00091613",216,187,29
"S00091614",105,91,14
"S00091615",162,137,25
"S00091616",56,48,8
"S00091617",163,145,18
"S00091618",86,74,12
"S00091619",181,161,20
"S00091620",140,127,13
"S00091621",181,159,22
"S00091622",97,88,9
"S00091623",220,207,13
"S00091624",147,141,6
"S00091625",71,60,11
"S00091626",150,125,25
"S00091627",158,139,19
"S00091628",169,155,14
"S00091629",107,95,12
"S00091630",174,159,15
"S00091631",50,47,3
"S00091632",164,153,11
"S00091633",180,174,6
"S00091634",94,81,13
"S00091635",105,92,13
"S00091636",114,105,9
"S00091637",131,129,2
"S00091638",166,152,14
"S00091639",125,121,4
"S00091640",112,105,7
"S00091641",143,130,13
"S00091642",98,93,5
"S00091643",107,96,11
"S00091644",141,129,12
"S00091645",117,111,6
"S00091646",76,70,6
"S00091647",98,81,17
"S00091648",150,136,14
"S00091649",141,134,7
"S00091650",95,83,12
"S00091651",148,135,13
"S00091652",124,115,9
"S00091653",57,56,1
"S00091654",138,119,19
"S00091655",75,67,8
"S00091656",127,115,12
"S00091657",94,80,14
"S00091658",94,86,8
"S00091659",205,186,19
"S00091660",200,185,15
"S00091661",164,157,7
"S00091662",127,112,15
"S00091663",162,153,9
"S00091664",169,155,14
"S00091665",148,135,13
"S00091666",128,89,39
"S00091667",161,145,16
"S00091668",152,134,18
"S00091669",156,144,12
"S00091670",115,108,7
"S00091671",183,164,19
"S00091672",125,104,21
"S00091673",112,86,26
"S00091674",58,28,30
"S00091675",120,100,20
"S00091676",127,112,15
"S00091677",154,126,28
"S00091678",175,151,24
"S00091679",84,58,26
"S00091680",136,88,48
"S00091681",91,71,20
"S00091682",105,91,14
"S00091683",78,59,19
"S00091684",183,154,29
"S00091685",124,109,15
"S00091686",113,97,16
"S00091687",132,119,13
"S00091688",206,175,31
"S00091689",114,96,18
"S00091690",118,108,10
"S00091691",128,123,5
"S00091692",190,171,19
"S00091693",191,176,15
"S00091694",101,75,26
"S00091695",141,135,6
"S00091696",164,152,12
"S00091697",112,106,6
"S00091698",167,160,7
"S00091699",147,141,6
"S00091700",140,124,16
"S00091701",178,134,44
"S00091702",109,84,25
"S00091703",95,87,8
"S00091704",89,82,7
"S00091705",146,131,15
"S00091706",93,77,16
"S00091707",112,96,16
"S00091708",108,95,13
"S00091709",158,142,16
"S00091710",89,68,21
"S00091711",79,73,6
"S00091712",140,112,28
"S00091713",83,72,11
"S00091714",95,75,20
"S00091715",54,28,26
"S00091716",105,92,13
"S00091717",73,65,8
"S00091718",112,95,17
"S00091719",112,98,14
"S00091720",134,121,13
"S00091721",94,61,33
"S00091722",108,83,25
"S00091723",180,165,15
"S00091724",84,59,25
"S00091725",52,25,27
"S00091726",190,173,17
"S00091727",181,166,15
"S00091728",146,105,41
"S00091729",74,40,34
"S00091730",70,49,21
"S00091731",72,68,4
"S00091732",79,55,24
"S00091733",72,60,12
"S00091734",116,92,24
"S00091735",86,75,11
"S00091736",65,46,19
"S00091737",106,76,30
"S00091738",138,121,17
"S00091739",105,99,6
"S00091740",120,107,13
"S00091741",154,148,6
"S00091742",69,61,8
"S00091743",95,86,9
"S00091744",74,69,5
"S00091745",99,82,17
"S00091746",126,110,16
"S00091747",126,111,15
"S00091748",136,111,25
"S00091749",91,77,14
"S00091750",102,81,21
"S00091751",95,84,11
"S00091752",141,132,9
"S00091753",137,123,14
"S00091754",188,174,14
"S00091755",104,95,9
"S00091756",88,77,11
"S00091757",126,112,14
"S00091758",171,146,25
"S00091759",109,83,26
"S00091760",116,109,7
"S00091761",183,175,8
"S00091762",165,155,10
"S00091763",125,116,9
"S00091764",92,81,11
"S00091765",118,113,5
"S00091766",103,90,13
"S00091767",123,104,19
"S00091768",150,137,13
"S00091769",148,134,14
"S00091770",183,159,24
"S00091771",130,121,9
"S00091772",161,144,17
"S00091773",126,110,16
"S00091774",97,91,6
"S00091775",107,90,17
"S00091776",91,78,13
"S00091777",95,87,8
"S00091778",115,102,13
"S00091779",191,150,41
"S00091780",126,104,22
"S00091781",106,80,26
"S00091782",108,88,20
"S00091783",112,94,18
"S00091784",122,108,14
"S00091785",169,158,11
"S00091786",93,87,6
"S00091787",113,102,11
"S00091788",106,98,8
"S00091789",127,110,17
"S00091790",139,122,17
"S00091791",95,69,26
"S00091792",87,75,12
"S00091793",126,118,8
"S00091794",132,117,15
"S00091795",134,112,22
"S00091796",129,104,25
"S00091797",120,105,15
"S00091798",130,111,19
"S00091799",100,86,14
"S00091800",160,145,15
"S00091801",108,87,21
"S00091802",50,33,17
"S00091803",132,88,44
"S00091804",127,111,16
"S00091805",108,91,17
"S00091806",149,130,19
"S00091807",217,190,27
"S00091808",113,100,13
"S00091809",120,100,20
"S00091810",176,158,18
"S00091811",122,106,16
"S00091812",144,115,29
"S00091813",120,111,9
"S00091814",95,72,23
"S00091815",128,107,21
"S00091816",115,103,12
"S00091817",148,132,16
"S00091818",152,118,34
"S00091819",108,67,41
"S00091820",76,70,6
"S00091821",163,136,27
"S00091822",73,63,10
"S00091823",139,132,7
"S00091824",120,65,55
"S00091825",116,99,17
"S00091826",145,126,19
"S00091827",76,66,10
"S00091828",130,98,32
"S00091829",107,96,11
"S00091830",61,54,7
"S00091831",143,122,21
"S00091832",99,88,11
"S00091833",103,68,35
"S00091834",116,90,26
"S00091835",175,159,16
"S00091836",113,85,28
"S00091837",124,108,16
"S00091838",155,117,38
"S00091839",140,103,37
"S00091840",148,129,19
"S00091841",127,94,33
"S00091842",109,94,15
"S00091843",95,76,19
"S00091844",164,122,42
"S00091845",148,119,29
"S00091846",117,105,12
"S00091847",124,106,18
"S00091848",137,118,19
"S00091849",63,45,18
"S00091850",184,158,26
"S00091851",61,49,12
"S00091852",126,101,25
"S00091853",102,77,25
"S00091854",85,78,7
"S00091855",92,66,26
"S00091856",113,98,15
"S00091857",121,106,15
"S00091858",116,98,18
"S00091859",199,137,62
"S00091860",147,135,12
"S00091861",103,77,26
"S00091862",92,84,8
"S00091863",133,118,15
"S00091864",183,164,19
"S00091865",53,44,9
"S00091866",114,100,14
"S00091867",93,72,21
"S00091868",104,84,20
"S00091869",98,80,18
"S00091870",172,137,35
"S00091871",119,96,23
"S00091872",154,125,29
"S00091873",157,135,22
"S00091874",172,161,11
"S00091875",128,106,22
"S00091876",95,86,9
"S00091877",63,57,6
"S00091878",110,98,12
"S00091879",162,124,38
"S00091880",72,55,17
"S00091881",180,150,30
"S00091882",66,49,17
"S00091883",128,109,19
"S00091884",150,132,18
"S00091885",173,143,30
"S00091886",113,99,14
"S00091887",151,126,25
"S00091888",174,155,19
"S00091889",63,48,15
"S00091890",55,48,7
"S00091891",175,158,17
"S00091892",92,72,20
"S00091893",85,61,24
"S00091894",89,69,20
"S00091895",85,63,22
"S00091896",146,102,44
"S00091897",157,133,24
"S00091898",91,61,30
"S00091899",117,91,26
"S00091900",146,120,26
"S00091901",66,45,21
"S00091902",117,93,24
"S00091903",84,61,23
"S00091904",71,53,18
"S00091905",235,181,54
"S00091906",153,132,21
"S00091907",137,114,23
"S00091908",115,92,23
"S00091909",91,74,17
"S00091910",58,46,12
"S00091911",99,72,27
"S00091912",107,76,31
"S00091913",175,101,74
"S00091914",125,106,19
"S00091915",142,104,38
"S00091916",119,89,30
"S00091917",117,92,25
"S00091918",83,62,21
"S00091919",90,70,20
"S00091920",113,93,20
"S00091921",129,107,22
"S00091922",117,108,9
"S00091923",133,121,12
"S00091924",122,102,20
"S00091925",136,118,18
"S00091926",81,56,25
"S00091927",207,168,39
"S00091928",148,125,23
"S00091929",130,102,28
"S00091930",97,78,19
"S00091931",99,75,24
"S00091932",117,86,31
"S00091933",87,57,30
"S00091934",89,60,29
"S00091935",146,114,32
"S00091936",112,103,9
"S00091937",113,85,28
"S00091938",197,158,39
"S00091939",125,108,17
"S00091940",119,88,31
"S00091941",176,138,38
"S00091942",91,72,19
"S00091943",121,92,29
"S00091944",79,57,22
"S00091945",91,73,18
"S00091946",111,98,13
"S00091947",77,58,19
"S00091948",103,65,38
"S00091949",88,63,25
"S00091950",202,179,23
"S00091951",59,47,12
"S00091952",102,82,20
"S00091953",143,131,12
"S00091954",131,116,15
"S00091955",81,67,14
"S00091956",105,93,12
"S00091957",116,102,14
"S00091958",68,52,16
"S00091959",86,79,7
"S00091960",89,65,24
"S00091961",104,82,22
"S00091962",83,66,17
"S00091963",71,56,15
"S00091964",88,63,25
"S00091965",83,62,21
"S00091966",78,65,13
"S00091967",76,68,8
"S00091968",81,75,6
"S00091969",51,39,12
"S00091970",113,107,6
"S00091971",123,113,10
"S00091972",119,92,27
"S00091973",94,79,15
"S00091974",78,74,4
"S00091975",127,104,23
"S00091976",169,154,15
"S00091977",64,56,8
"S00091978",299,218,81
"S00091979",63,59,4
"S00091980",71,58,13
"S00091981",128,104,24
"S00091982",128,110,18
"S00091983",92,82,10
"S00091984",128,100,28
"S00091985",105,83,22
"S00091986",101,92,9
"S00091987",99,81,18
"S00091988",57,51,6
"S00091989",76,57,19
"S00091990",101,82,19
"S00091991",84,63,21
"S00091992",118,101,17
"S00091993",148,123,25
"S00091994",183,150,33
"S00091995",109,93,16
"S00091996",166,148,18
"S00091997",75,44,31
"S00091998",107,87,20
"S00091999",173,149,24
"S00092000",108,85,23
"S00092001",85,74,11
"S00092002",90,82,8
"S00092003",139,124,15
"S00092004",177,159,18
"S00092005",191,169,22
"S00092006",137,121,16
"S00092007",83,62,21
"S00092008",142,118,24
"S00092009",134,106,28
"S00092010",75,60,15
"S00092011",77,61,16
"S00092012",175,154,21
"S00092013",152,132,20
"S00092014",100,84,16
"S00092015",173,161,12
"S00092016",156,136,20
"S00092017",140,112,28
"S00092018",130,101,29
"S00092019",96,71,25
"S00092020",134,116,18
"S00092021",76,67,9
"S00092022",129,110,19
"S00092023",67,51,16
"S00092024",124,112,12
"S00092025",136,119,17
"S00092026",132,111,21
"S00092027",116,99,17
"S00092028",61,46,15
"S00092029",86,77,9
"S00092030",69,55,14
"S00092031",117,96,21
"S00092032",148,119,29
"S00092033",59,50,9
"S00092034",112,85,27
"S00092035",87,59,28
"S00092036",87,80,7
"S00092037",161,136,25
"S00092038",188,172,16
"S00092039",152,126,26
"S00092040",108,84,24
"S00092041",103,89,14
"S00092042",148,125,23
"S00092043",141,107,34
"S00092044",116,82,34
"S00092045",156,131,25
"S00092046",155,125,30
"S00092047",113,89,24
"S00092048",250,190,60
"S00092049",168,145,23
"S00092050",165,129,36
"S00092051",157,125,32
"S00092052",138,106,32
"S00092053",99,78,21
"S00092054",82,56,26
"S00092055",124,85,39
"S00092056",107,96,11
"S00092057",99,90,9
"S00092058",155,134,21
"S00092059",136,114,22
"S00092060",121,95,26
"S00092061",88,64,24
"S00092062",162,130,32
"S00092063",115,89,26
"S00092064",98,83,15
"S00092065",71,56,15
"S00092066",131,108,23
"S00092067",162,132,30
"S00092068",118,84,34
"S00092069",91,77,14
"S00092070",85,68,17
"S00092071",117,105,12
"S00092072",102,73,29
"S00092073",111,98,13
"S00092074",100,78,22
"S00092075",61,48,13
"S00092076",117,95,22
"S00092077",141,114,27
"S00092078",88,73,15
"S00092079",66,26,40
"S00092080",92,78,14
"S00092081",104,77,27
"S00092082",142,119,23
"S00092083",63,38,25
"S00092084",88,71,17
"S00092085",99,84,15
"S00092086",91,78,13
"S00092087",145,124,21
"S00092088",104,90,14
"S00092089",99,91,8
"S00092090",156,129,27
"S00092091",145,123,22
"S00092092",115,92,23
"S00092093",101,90,11
"S00092094",134,117,17
"S00092095",87,67,20
"S00092096",115,94,21
"S00092097",168,125,43
"S00092098",128,106,22
"S00092099",198,188,10
"S00092100",164,144,20
"S00092101",108,86,22
"S00092102",103,86,17
"S00092103",107,92,15
"S00092104",111,83,28
"S00092105",112,93,19
"S00092106",131,118,13
"S00092107",107,84,23
"S00092108",108,91,17
"S00092109",96,76,20
"S00092110",125,95,30
"S00092111",126,94,32
"S00092112",107,91,16
"S00092113",84,59,25
"S00092114",55,44,11
"S00092115",137,104,33
"S00092116",184,147,37
"S00092117",76,57,19
"S00092118",108,89,19
"S00092119",110,87,23
"S00092120",78,66,12
"S00092121",94,76,18
"S00092122",74,55,19
"S00092123",113,95,18
"S00092124",69,54,15
"S00092125",112,92,20
"S00092126",85,72,13
"S00092127",79,66,13
"S00092128",91,78,13
"S00092129",140,94,46
"S00092130",126,108,18
"S00092131",151,117,34
"S00092132",103,96,7
"S00092133",156,128,28
"S00092134",108,88,20
"S00092135",175,146,29
"S00092136",125,107,18
"S00092137",83,70,13
"S00092138",152,130,22
"S00092139",93,73,20
"S00092140",155,120,35
"S00092141",52,38,14
"S00092142",82,68,14
"S00092143",96,80,16
"S00092144",155,124,31
"S00092145",75,57,18
"S00092146",109,98,11
"S00092147",157,137,20
"S00092148",182,161,21
"S00092149",118,100,18
"S00092150",82,69,13
"S00092151",140,121,19
"S00092152",74,62,12
"S00092153",157,138,19
"S00092154",96,82,14
"S00092155",90,60,30
"S00092156",66,54,12
"S00092157",137,98,39
"S00092158",138,104,34
"S00092159",114,92,22
"S00092160",101,76,25
"S00092161",152,118,34
"S00092162",128,112,16
"S00092163",195,148,47
"S00092164",77,72,5
"S00092165",144,101,43
"S00092166",68,54,14
"S00092167",91,48,43
"S00092168",132,104,28
"S00092169",85,69,16
"S00092170",132,107,25
"S00092171",113,76,37
"S00092172",161,130,31
"S00092173",193,164,29
"S00092174",167,131,36
"S00092175",132,99,33
"S00092176",129,101,28
"S00092177",164,132,32
"S00092178",99,87,12
"S00092179",148,130,18
"S00092180",160,126,34
"S00092181",59,18,41
"S00092182",122,102,20
"S00092183",144,116,28
"S00092184",170,139,31
"S00092185",145,120,25
"S00092186",72,55,17
"S00092187",153,130,23
"S00092188",51,18,33
"S00092189",78,56,22
"S00092190",157,123,34
"S00092191",160,142,18
"S00092192",75,44,31
"S00092193",153,136,17
"S00092194",190,157,33
"S00092195",161,131,30
"S00092196",136,111,25
"S00092197",163,132,31
"S00092198",131,108,23
"S00092199",75,63,12
"S00092200",65,62,3
"S00092201",98,84,14
"S00092202",168,142,26
"S00092203",153,138,15
"S00092204",143,125,18
"S00092205",112,91,21
"S00092206",120,96,24
"S00092207",156,138,18
"S00092208",86,85,1
"S00092209",184,147,37
"S00092210",117,97,20
"S00092211",108,84,24
"S00092212",93,80,13
"S00092213",159,134,25
"S00092214",156,130,26
"S00092215",115,103,12
"S00092216",124,95,29
"S00092217",97,79,18
"S00092218",134,100,34
"S00092219",97,92,5
"S00092220",64,47,17
"S00092221",110,102,8
"S00092222",105,89,16
"S00092223",149,141,8
"S00092224",71,48,23
"S00092225",101,68,33
"S00092226",187,176,11
"S00092227",153,132,21
"S00092228",141,97,44
"S00092229",122,113,9
"S00092230",109,98,11
"S00092231",134,120,14
"S00092232",83,69,14
"S00092233",132,120,12
"S00092234",61,52,9
"S00092235",110,103,7
"S00092236",109,98,11
"S00092237",128,115,13
"S00092238",83,77,6
"S00092239",212,199,13
"S00092240",132,120,12
"S00092241",102,90,12
"S00092242",128,113,15
"S00092243",60,53,7
"S00092244",61,58,3
"S00092245",109,97,12
"S00092246",116,99,17
"S00092247",86,82,4
"S00092248",94,78,16
"S00092249",95,72,23
"S00092250",76,72,4
"S00092251",66,55,11
"S00092252",177,161,16
"S00092253",157,145,12
"S00092254",79,63,16
"S00092255",120,99,21
"S00092256",161,144,17
"S00092257",60,41,19
"S00092258",142,115,27
"S00092259",130,115,15
"S00092260",102,98,4
"S00092261",97,90,7
"S00092262",165,153,12
"S00092263",97,85,12
"S00092264",101,82,19
"S00092265",116,103,13
"S00092266",161,141,20
"S00092267",135,124,11
"S00092268",123,105,18
"S00092269",78,47,31
"S00092270",55,44,11
"S00092271",108,86,22
"S00092272",107,81,26
"S00092273",62,57,5
"S00092274",186,173,13
"S00092275",99,87,12
"S00092276",63,58,5
"S00092277",116,103,13
"S00092278",111,92,19
"S00092279",74,66,8
"S00092280",87,74,13
"S00092281",75,57,18
"S00092282",63,47,16
"S00092283",161,125,36
"S00092284",102,89,13
"S00092285",71,58,13
"S00092286",84,71,13
"S00092287",57,49,8
"S00092288",88,76,12
"S00092289",130,101,29
"S00092290",74,64,10
"S00092291",121,98,23
"S00092292",90,79,11
"S00092293",70,57,13
"S00092294",50,31,19
"S00092295",96,57,39
"S00092296",81,66,15
"S00092297",112,94,18
"S00092298",133,117,16
"S00092299",70,62,8
"S00092300",102,85,17
"S00092301",65,61,4
"S00092302",110,99,11
"S00092303",94,79,15
"S00092304",115,95,20
"S00092305",123,113,10
"S00092306",96,86,10
"S00092307",165,148,17
"S00092308",56,42,14
"S00092309",66,53,13
"S00092310",75,66,9
"S00092311",135,118,17
"S00092312",136,128,8
"S00092313",116,93,23
"S00092314",102,86,16
"S00092315",59,49,10
"S00092316",135,122,13
"S00092317",154,141,13
"S00092318",170,150,20
"S00092319",111,97,14
"S00092320",56,46,10
"S00092321",78,54,24
"S00092322",90,74,16
"S00092323",180,140,40
"S00092324",145,124,21
"S00092325",84,73,11
"S00092326",112,102,10
"S00092327",103,95,8
"S00092328",79,70,9
"S00092329",185,155,30
"S00092330",151,144,7
"S00092331",159,146,13
"S00092332",183,162,21
"S00092333",191,180,11
"S00092334",166,157,9
"S00092335",188,175,13
"S00092336",162,155,7
"S00092337",131,128,3
"S00092338",140,132,8
"S00092339",132,125,7
"S00092340",162,161,1
"S00092341",220,209,11
"S00092342",137,126,11
"S00092343",94,61,33
"S00092344",243,231,12
"S00092345",169,165,4
"S00092346",194,193,1
"S00092347",217,216,1
"S00092348",155,147,8
"S00092349",151,147,4
"S00092350",128,116,12
"S00092351",113,101,12
"S00092352",94,88,6
"S00092353",201,189,12
"S00092354",118,115,3
"S00092355",69,64,5
"S00092356",164,141,23
"S00092357",90,76,14
"S00092358",127,118,9
"S00092359",78,60,18
"S00092360",126,109,17
"S00092361",121,116,5
"S00092362",158,135,23
"S00092363",150,122,28
"S00092364",76,69,7
"S00092365",127,115,12
"S00092366",184,175,9
"S00092367",135,123,12
"S00092368",117,108,9
"S00092369",127,109,18
"S00092370",167,148,19
"S00092371",123,113,10
"S00092372",153,148,5
"S00092373",107,89,18
"S00092374",121,106,15
"S00092375",185,164,21
"S00092376",117,112,5
"S00092377",75,67,8
"S00092378",111,95,16
"S00092379",91,83,8
"S00092380",58,51,7
"S00092381",69,64,5
"S00092382",100,96,4
"S00092383",182,164,18
"S00092384",165,132,33
"S00092385",176,170,6
"S00092386",149,136,13
"S00092387",201,188,13
"S00092388",101,90,11
"S00092389",235,223,12
"S00092390",112,98,14
"S00092391",62,46,16
"S00092392",173,156,17
"S00092393",107,99,8
"S00092394",175,162,13
"S00092395",130,122,8
"S00092396",115,103,12
"S00092397",162,147,15
"S00092398",191,164,27
"S00092399",149,132,17
"S00092400",195,178,17
"S00092401",160,149,11
"S00092402",143,130,13
"S00092403",183,179,4
"S00092404",76,66,10
"S00092405",106,94,12
"S00092406",149,146,3
"S00092407",213,209,4
"S00092408",134,119,15
"S00092409",140,129,11
"S00092410",170,147,23
"S00092411",77,64,13
"S00092412",113,105,8
"S00092413",128,120,8
"S00092414",84,77,7
"S00092415",125,114,11
"S00092416",104,95,9
"S00092417",79,71,8
"S00092418",130,121,9
"S00092419",76,68,8
"S00092420",142,125,17
"S00092421",65,62,3
"S00092422",111,104,7
"S00092423",142,129,13
"S00092424",63,58,5
"S00092425",158,127,31
"S00092426",129,113,16
"S00092427",137,126,11
"S00092428",81,67,14
"S00092429",105,86,19
"S00092430",112,87,25
"S00092431",133,117,16
"S00092432",117,110,7
"S00092433",121,103,18
"S00092434",217,199,18
"S00092435",65,51,14
"S00092436",158,127,31
"S00092437",179,163,16
"S00092438",65,57,8
"S00092439",128,103,25
"S00092440",72,64,8
"S00092441",222,211,11
"S00092442",146,123,23
"S00092443",108,92,16
"S00092444",106,92,14
"S00092445",57,53,4
"S00092446",112,99,13
"S00092447",73,58,15
"S00092448",161,147,14
"S00092449",91,84,7
"S00092450",192,186,6
"S00092451",128,99,29
"S00092452",116,107,9
"S00092453",124,110,14
"S00092454",86,79,7
"S00092455",123,99,24
"S00092456",86,75,11
"S00092457",92,87,5
"S00092458",180,153,27
"S00092459",179,163,16
"S00092460",96,86,10
"S00092461",65,58,7
"S00092462",150,140,10
"S00092463",91,76,15
"S00092464",135,113,22
"S00092465",81,67,14
"S00092466",178,160,18
"S00092467",165,159,6
"S00092468",85,77,8
"S00092469",68,53,15
"S00092470",159,131,28
"S00092471",210,162,48
"S00092472",73,61,12
"S00092473",95,82,13
"S00092474",167,153,14
"S00092475",144,113,31
"S00092476",90,63,27
"S00092477",131,120,11
"S00092478",84,78,6
"S00092479",156,131,25
"S00092480",100,81,19
"S00092481",91,78,13
"S00092482",89,74,15
"S00092483",167,116,51
"S00092484",97,80,17
"S00092485",131,105,26
"S00092486",68,59,9
"S00092487",177,153,24
"S00092488",76,63,13
"S00092489",131,123,8
"S00092490",112,92,20
"S00092491",127,107,20
"S00092492",107,104,3
"S00092493",171,148,23
"S00092494",144,132,12
"S00092495",129,115,14
"S00092496",144,128,16
"S00092497",101,87,14
"S00092498",117,106,11
"S00092499",101,88,13
"S00092500",119,94,25
"S00092501",117,95,22
"S00092502",121,103,18
"S00092503",142,128,14
"S00092504",126,111,15
"S00092505",100,82,18
"S00092506",149,136,13
"S00092507",163,152,11
"S00092508",179,166,13
"S00092509",110,101,9
"S00092510",134,129,5
"S00092511",140,129,11
"S00092512",210,200,10
"S00092513",211,146,65
"S00092514",132,116,16
"S00092515",51,40,11
"S00092516",109,82,27
"S00092517",132,121,11
"S00092518",132,121,11
"S00092519",187,174,13
"S00092520",137,130,7
"S00092521",137,124,13
"S00092522",178,157,21
"S00092523",70,65,5
"S00092524",199,186,13
"S00092525",69,65,4
"S00092526",107,101,6
"S00092527",110,105,5
"S00092528",143,130,13
"S00092529",142,126,16
"S00092530",109,96,13
"S00092531",98,87,11
"S00092532",139,127,12
"S00092533",112,106,6
"S00092534",168,157,11
"S00092535",75,72,3
"S00092536",96,87,9
"S00092537",62,59,3
"S00092538",188,174,14
"S00092539",83,75,8
"S00092540",137,130,7
"S00092541",130,117,13
"S00092542",114,98,16
"S00092543",198,179,19
"S00092544",88,78,10
"S00092545",110,100,10
"S00092546",64,55,9
"S00092547",115,107,8
"S00092548",65,51,14
"S00092549",125,105,20
"S00092550",253,247,6
"S00092551",211,205,6
"S00092552",222,216,6
"S00092553",165,158,7
"S00092554",189,181,8
"S00092555",192,187,5
"S00092556",122,115,7
"S00092557",181,175,6
"S00092558",230,218,12
"S00092559",178,173,5
"S00092560",145,126,19
"S00092561",93,82,11
"S00092562",184,172,12
"S00092563",164,151,13
"S00092564",91,84,7
"S00092565",167,158,9
"S00092566",106,89,17
"S00092567",166,162,4
"S00092568",125,115,10
"S00092569",201,197,4
"S00092570",153,139,14
"S00092571",95,84,11
"S00092572",81,74,7
"S00092573",196,186,10
"S00092574",137,116,21
"S00092575",163,146,17
"S00092576",102,87,15
"S00092577",110,93,17
"S00092578",124,115,9
"S00092579",108,95,13
"S00092580",147,128,19
"S00092581",140,119,21
"S00092582",56,33,23
"S00092583",166,90,76
"S00092584",71,65,6
"S00092585",172,158,14
"S00092586",164,150,14
"S00092587",129,111,18
"S00092588",133,115,18
"S00092589",137,114,23
"S00092590",96,86,10
"S00092591",93,88,5
"S00092592",177,141,36
"S00092593",113,95,18
"S00092594",121,108,13
"S00092595",103,95,8
"S00092596",252,188,64
"S00092597",109,90,19
"S00092598",115,97,18
"S00092599",129,104,25
"S00092600",109,97,12
"S00092601",106,95,11
"S00092602",131,121,10
"S00092603",152,139,13
"S00092604",176,159,17
"S00092605",106,92,14
"S00092606",107,97,10
"S00092607",93,75,18
"S00092608",106,94,12
"S00092609",171,155,16
"S00092610",199,188,11
"S00092611",130,104,26
"S00092612",167,159,8
"S00092613",83,67,16
"S00092614",93,76,17
"S00092615",72,56,16
"S00092616",141,123,18
"S00092617",95,90,5
"S00092618",159,147,12
"S00092619",177,166,11
"S00092620",156,79,77
"S00092621",218,201,17
"S00092622",70,47,23
"S00092623",95,84,11
"S00092624",155,151,4
"S00092625",170,160,10
"S00092626",80,65,15
"S00092627",107,86,21
"S00092628",67,62,5
"S00092629",205,185,20
"S00092630",66,60,6
"S00092631",191,175,16
"S00092632",111,103,8
"S00092633",99,75,24
"S00092634",120,96,24
"S00092635",159,120,39
"S00092636",119,92,27
"S00092637",156,152,4
"S00092638",146,142,4
"S00092639",135,130,5
"S00092640",167,161,6
"S00092641",138,127,11
"S00092642",176,164,12
"S00092643",62,61,1
"S00092644",104,91,13
"S00092645",83,64,19
"S00092646",116,105,11
"S00092647",199,187,12
"S00092648",141,134,7
"S00092649",150,138,12
"S00092650",206,191,15
"S00092651",120,108,12
"S00092652",69,66,3
"S00092653",130,115,15
"S00092654",124,110,14
"S00092655",134,119,15
"S00092656",112,107,5
"S00092657",185,150,35
"S00092658",89,85,4
"S00092659",182,167,15
"S00092660",101,88,13
"S00092661",117,102,15
"S00092662",78,69,9
"S00092663",112,102,10
"S00092664",144,129,15
"S00092665",71,58,13
"S00092666",135,109,26
"S00092667",90,78,12
"S00092668",99,91,8
"S00092669",174,157,17
"S00092670",81,74,7
"S00092671",120,111,9
"S00092672",132,107,25
"S00092673",81,63,18
"S00092674",146,137,9
"S00092675",168,151,17
"S00092676",89,80,9
"S00092677",98,82,16
"S00092678",136,124,12
"S00092679",84,77,7
"S00092680",194,173,21
"S00092681",97,81,16
"S00092682",103,83,20
"S00092683",138,128,10
"S00092684",85,81,4
"S00092685",87,71,16
"S00092686",128,109,19
"S00092687",156,130,26
"S00092688",83,75,8
"S00092689",250,240,10
"S00092690",244,230,14
"S00092691",132,123,9
"S00092692",57,35,22
"S00092693",119,107,12
"S00092694",153,122,31
"S00092695",59,44,15
"S00092696",127,122,5
"S00092697",120,104,16
"S00092698",147,132,15
"S00092699",136,128,8
"S00092700",88,81,7
"S00092701",118,103,15
"S00092702",108,101,7
"S00092703",160,135,25
"S00092704",158,144,14
"S00092705",110,97,13
"S00092706",160,139,21
"S00092707",63,45,18
"S00092708",104,90,14
"S00092709",93,81,12
"S00092710",133,114,19
"S00092711",128,118,10
"S00092712",123,108,15
"S00092713",118,108,10
"S00092714",69,61,8
"S00092715",101,94,7
"S00092716",132,111,21
"S00092717",205,191,14
"S00092718",110,91,19
"S00092719",86,74,12
"S00092720",186,173,13
"S00092721",86,75,11
"S00092722",82,73,9
"S00092723",167,144,23
"S00092724",146,106,40
"S00092725",57,29,28
"S00092726",116,107,9
"S00092727",93,77,16
"S00092728",109,98,11
"S00092729",146,131,15
"S00092730",111,91,20
"S00092731",175,158,17
"S00092732",128,106,22
"S00092733",177,169,8
"S00092734",154,149,5
"S00092735",62,53,9
"S00092736",57,46,11
"S00092737",104,79,25
"S00092738",131,112,19
"S00092739",80,65,15
"S00092740",60,50,10
"S00092741",98,82,16
"S00092742",109,90,19
"S00092743",82,69,13
"S00092744",126,112,14
"S00092745",173,154,19
"S00092746",63,54,9
"S00092747",117,112,5
"S00092748",138,106,32
"S00092749",124,104,20
"S00092750",103,79,24
"S00092751",132,124,8
"S00092752",155,141,14
"S00092753",133,123,10
"S00092754",90,87,3
"S00092755",75,74,1
"S00092756",170,157,13
"S00092757",178,163,15
"S00092758",70,41,29
"S00092759",95,75,20
"S00092760",151,138,13
"S00092761",64,50,14
"S00092762",84,72,12
"S00092763",145,137,8
"S00092764",119,113,6
"S00092765",219,199,20
"S00092766",94,92,2
"S00092767",159,150,9
"S00092768",169,158,11
"S00092769",163,147,16
"S00092770",71,60,11
"S00092771",168,155,13
"S00092772",121,103,18
"S00092773",81,78,3
"S00092774",115,98,17
"S00092775",92,79,13
"S00092776",138,114,24
"S00092777",109,94,15
"S00092778",141,124,17
"S00092779",189,183,6
"S00092780",108,100,8
"S00092781",153,131,22
"S00092782",114,89,25
"S00092783",119,110,9
"S00092784",140,125,15
"S00092785",168,148,20
"S00092786",111,90,21
"S00092787",127,109,18
"S00092788",161,140,21
"S00092789",161,151,10
"S00092790",191,172,19
"S00092791",82,74,8
"S00092792",124,106,18
"S00092793",128,106,22
"S00092794",99,89,10
"S00092795",69,58,11
"S00092796",93,75,18
"S00092797",136,126,10
"S00092798",91,72,19
"S00092799",118,101,17
"S00092800",140,115,25
"S00092801",58,54,4
"S00092802",95,69,26
"S00092803",57,51,6
"S00092804",227,148,79
"S00092805",87,81,6
"S00092806",116,114,2
"S00092807",155,140,15
"S00092808",121,103,18
"S00092809",105,89,16
"S00092810",170,156,14
"S00092811",81,55,26
"S00092812",131,114,17
"S00092813",142,128,14
"S00092814",166,144,22
"S00092815",155,136,19
"S00092816",188,178,10
"S00092817",84,63,21
"S00092818",132,114,18
"S00092819",85,66,19
"S00092820",121,108,13
"S00092821",72,55,17
"S00092822",66,59,7
"S00092823",198,170,28
"S00092824",147,136,11
"S00092825",84,62,22
"S00092826",85,64,21
"S00092827",57,32,25
"S00092828",83,64,19
"S00092829",105,87,18
"S00092830",183,160,23
"S00092831",96,69,27
"S00092832",106,87,19
"S00092833",73,54,19
"S00092834",82,74,8
"S00092835",119,104,15
"S00092836",81,75,6
"S00092837",135,118,17
"S00092838",128,116,12
"S00092839",67,53,14
"S00092840",85,54,31
"S00092841",126,101,25
"S00092842",96,82,14
"S00092843",86,58,28
"S00092844",120,101,19
"S00092845",90,79,11
"S00092846",102,82,20
"S00092847",76,51,25
"S00092848",89,40,49
"S00092849",126,99,27
"S00092850",71,67,4
"S00092851",162,148,14
"S00092852",166,145,21
"S00092853",126,109,17
"S00092854",63,51,12
"S00092855",93,76,17
"S00092856",89,62,27
"S00092857",112,92,20
"S00092858",155,125,30
"S00092859",56,37,19
"S00092860",82,69,13
"S00092861",105,82,23
"S00092862",76,67,9
"S00092863",85,68,17
"S00092864",140,129,11
"S00092865",135,122,13
"S00092866",52,47,5
"S00092867",108,88,20
"S00092868",127,111,16
"S00092869",92,71,21
"S00092870",58,34,24
"S00092871",122,87,35
"S00092872",77,64,13
"S00092873",121,84,37
"S00092874",126,106,20
"S00092875",191,164,27
"S00092876",84,66,18
"S00092877",159,133,26
"S00092878",118,107,11
"S00092879",99,85,14
"S00092880",120,89,31
"S00092881",122,91,31
"S00092882",107,83,24
"S00092883",118,88,30
"S00092884",52,40,12
"S00092885",155,128,27
"S00092886",101,79,22
"S00092887",141,117,24
"S00092888",60,48,12
"S00092889",94,85,9
"S00092890",70,53,17
"S00092891",144,128,16
"S00092892",149,121,28
"S00092893",116,95,21
"S00092894",119,105,14
"S00092895",104,93,11
"S00092896",137,88,49
"S00092897",87,68,19
"S00092898",114,97,17
"S00092899",53,43,10
"S00092900",108,90,18
"S00092901",246,213,33
"S00092902",114,106,8
"S00092903",210,193,17
"S00092904",192,133,59
"S00092905",165,137,28
"S00092906",109,74,35
"S00092907",172,138,34
"S00092908",70,54,16
"S00092909",93,66,27
"S00092910",132,108,24
"S00092911",124,104,20
"S00092912",145,131,14
"S00092913",89,72,17
"S00092914",95,81,14
"S00092915",155,135,20
"S00092916",164,132,32
"S00092917",144,111,33
"S00092918",121,100,21
"S00092919",135,106,29
"S00092920",106,101,5
"S00092921",181,162,19
"S00092922",82,60,22
"S00092923",101,85,16
"S00092924",115,98,17
"S00092925",149,127,22
"S00092926",62,50,12
"S00092927",140,129,11
"S00092928",127,110,17
"S00092929",58,45,13
"S00092930",139,120,19
"S00092931",146,111,35
"S00092932",145,114,31
"S00092933",146,124,22
"S00092934",143,128,15
"S00092935",111,91,20
"S00092936",79,60,19
"S00092937",107,70,37
"S00092938",115,84,31
"S00092939",165,125,40
"S00092940",123,112,11
"S00092941",160,142,18
"S00092942",141,123,18
"S00092943",69,57,12
"S00092944",119,104,15
"S00092945",116,99,17
"S00092946",105,93,12
"S00092947",173,112,61
"S00092948",202,200,2
"S00092949",82,77,5
"S00092950",107,102,5
"S00092951",152,139,13
"S00092952",159,147,12
"S00092953",70,50,20
"S00092954",103,89,14
"S00092955",111,99,12
"S00092956",138,118,20
"S00092957",103,97,6
"S00092958",154,139,15
"S00092959",84,79,5
"S00092960",151,134,17
"S00092961",102,88,14
"S00092962",127,118,9
"S00092963",132,118,14
"S00092964",99,86,13
"S00092965",191,172,19
"S00092966",133,121,12
"S00092967",99,90,9
"S00092968",128,110,18
"S00092969",91,79,12
"S00092970",65,56,9
"S00092971",188,160,28
"S00092972",143,113,30
"S00092973",143,122,21
"S00092974",87,65,22
"S00092975",134,123,11
"S00092976",129,113,16
"S00092977",109,99,10
"S00092978",110,92,18
"S00092979",73,57,16
"S00092980",140,103,37
"S00092981",64,51,13
"S00092982",105,97,8
"S00092983",182,160,22
"S00092984",163,140,23
"S00092985",148,134,14
"S00092986",180,174,6
"S00092987",140,136,4
"S00092988",165,158,7
"S00092989",192,172,20
"S00092990",186,174,12
"S00092991",191,170,21
"S00092992",154,141,13
"S00092993",106,94,12
"S00092994",151,135,16
"S00092995",84,75,9
"S00092996",97,83,14
"S00092997",93,71,22
"S00092998",143,131,12
"S00092999",159,137,22
"S00093000",95,83,12
"S00093001",139,111,28
"S00093002",176,138,38
"S00093003",93,83,10
"S00093004",201,161,40
"S00093005",170,152,18
"S00093006",160,151,9
"S00093007",160,147,13
"S00093008",132,117,15
"S00093009",55,42,13
"S00093010",96,83,13
"S00093011",96,76,20
"S00093012",112,96,16
"S00093013",138,124,14
"S00093014",82,68,14
"S00093015",65,57,8
"S00093016",118,105,13
"S00093017",129,116,13
"S00093018",113,107,6
"S00093019",159,143,16
"S00093020",78,63,15
"S00093021",95,86,9
"S00093022",96,78,18
"S00093023",107,95,12
"S00093024",61,45,16
"S00093025",109,93,16
"S00093026",118,98,20
"S00093027",118,103,15
"S00093028",120,108,12
"S00093029",171,147,24
"S00093030",118,104,14
"S00093031",84,71,13
"S00093032",151,139,12
"S00093033",224,201,23
"S00093034",103,91,12
"S00093035",106,100,6
"S00093036",105,92,13
"S00093037",91,75,16
"S00093038",63,58,5
"S00093039",163,138,25
"S00093040",139,124,15
"S00093041",61,50,11
"S00093042",176,153,23
"S00093043",125,98,27
"S00093044",68,54,14
"S00093045",172,137,35
"S00093046",159,143,16
"S00093047",128,105,23
"S00093048",80,69,11
"S00093049",80,69,11
"S00093050",71,64,7
"S00093051",79,73,6
"S00093052",90,80,10
"S00093053",115,107,8
"S00093054",78,67,11
"S00093055",106,95,11
"S00093056",66,60,6
"S00093057",91,84,7
"S00093058",137,116,21
"S00093059",147,121,26
"S00093060",122,101,21
"S00093061",99,84,15
"S00093062",127,105,22
"S00093063",126,119,7
"S00093064",147,130,17
"S00093065",189,171,18
"S00093066",125,105,20
"S00093067",67,64,3
"S00093068",127,115,12
"S00093069",80,75,5
"S00093070",131,115,16
"S00093071",121,114,7
"S00093072",109,98,11
"S00093073",123,109,14
"S00093074",116,105,11
"S00093075",99,94,5
"S00093076",145,129,16
"S00093077",151,137,14
"S00093078",87,68,19
"S00093079",61,48,13
"S00093080",182,169,13
"S00093081",145,133,12
"S00093082",176,169,7
"S00093083",199,179,20
"S00093084",98,85,13
"S00093085",118,110,8
"S00093086",55,49,6
"S00093087",119,100,19
"S00093088",176,136,40
"S00093089",122,96,26
"S00093090",91,62,29
"S00093091",115,96,19
"S00093092",156,137,19
"S00093093",114,101,13
"S00093094",92,61,31
"S00093095",155,134,21
"S00093096",57,52,5
"S00093097",60,52,8
"S00093098",79,67,12
"S00093099",144,131,13
"S00093100",157,151,6
"S00093101",183,170,13
"S00093102",193,173,20
"S00093103",142,117,25
"S00093104",114,104,10
"S00093105",198,172,26
"S00093106",117,108,9
"S00093107",125,110,15
"S00093108",92,76,16
"S00093109",121,102,19
"S00093110",115,106,9
"S00093111",104,91,13
"S00093112",88,80,8
"S00093113",100,96,4
"S00093114",172,165,7
"S00093115",91,76,15
"S00093116",207,200,7
"S00093117",184,177,7
"S00093118",135,97,38
"S00093119",132,116,16
"S00093120",110,94,16
"S00093121",117,103,14
"S00093122",81,54,27
"S00093123",116,98,18
"S00093124",88,70,18
"S00093125",100,86,14
"S00093126",108,89,19
"S00093127",99,85,14
"S00093128",121,101,20
"S00093129",185,171,14
"S00093130",122,99,23
"S00093131",115,95,20
"S00093132",84,67,17
"S00093133",116,99,17
"S00093134",138,119,19
"S00093135",146,124,22
"S00093136",88,74,14
"S00093137",92,76,16
"S00093138",111,94,17
"S00093139",109,88,21
"S00093140",138,121,17
"S00093141",107,88,19
"S00093142",162,142,20
"S00093143",118,105,13
"S00093144",111,100,11
"S00093145",169,130,39
"S00093146",186,170,16
"S00093147",108,89,19
"S00093148",68,47,21
"S00093149",109,91,18
"S00093150",80,71,9
"S00093151",110,77,33
"S00093152",61,30,31
"S00093153",149,137,12
"S00093154",111,88,23
"S00093155",101,93,8
"S00093156",177,156,21
"S00093157",117,91,26
"S00093158",124,99,25
"S00093159",80,42,38
"S00093160",97,84,13
"S00093161",137,127,10
"S00093162",161,147,14
"S00093163",103,72,31
"S00093164",144,123,21
"S00093165",104,95,9
"S00093166",142,119,23
"S00093167",119,88,31
"S00093168",80,63,17
"S00093169",80,68,12
"S00093170",75,58,17
"S00093171",76,39,37
"S00093172",136,121,15
"S00093173",106,89,17
"S00093174",169,158,11
"S00093175",82,78,4
"S00093176",102,86,16
"S00093177",88,69,19
"S00093178",155,143,12
"S00093179",125,98,27
"S00093180",167,112,55
"S00093181",146,134,12
"S00093182",195,184,11
"S00093183",110,98,12
"S00093184",169,149,20
"S00093185",99,84,15
"S00093186",154,139,15
"S00093187",161,148,13
"S00093188",111,96,15
"S00093189",106,91,15
"S00093190",161,145,16
"S00093191",91,79,12
"S00093192",123,117,6
"S00093193",141,116,25
"S00093194",137,112,25
"S00093195",96,85,11
"S00093196",133,107,26
"S00093197",76,64,12
"S00093198",141,121,20
"S00093199",147,128,19
"S00093200",57,46,11
"S00093201",117,103,14
"S00093202",122,109,13
"S00093203",85,65,20
"S00093204",121,113,8
"S00093205",95,77,18
"S00093206",94,70,24
"S00093207",93,73,20
"S00093208",109,95,14
"S00093209",114,111,3
"S00093210",166,157,9
"S00093211",104,93,11
"S00093212",86,73,13
"S00093213",88,71,17
"S00093214",107,95,12
"S00093215",97,82,15
"S00093216",79,62,17
"S00093217",68,58,10
"S00093218",117,92,25
"S00093219",98,67,31
"S00093220",88,59,29
"S00093221",69,51,18
"S00093222",97,70,27
"S00093223",112,98,14
"S00093224",124,101,23
"S00093225",103,91,12
"S00093226",148,126,22
"S00093227",84,63,21
"S00093228",104,87,17
"S00093229",170,146,24
"S00093230",144,125,19
"S00093231",88,69,19
"S00093232",85,70,15
"S00093233",116,101,15
"S00093234",101,81,20
"S00093235",109,96,13
"S00093236",151,138,13
"S00093237",145,120,25
"S00093238",95,77,18
"S00093239",135,109,26
"S00093240",85,71,14
"S00093241",78,50,28
"S00093242",93,75,18
"S00093243",104,92,12
"S00093244",116,104,12
"S00093245",101,84,17
"S00093246",121,101,20
"S00093247",128,111,17
"S00093248",82,68,14
"S00093249",120,107,13
"S00093250",113,95,18
"S00093251",176,157,19
"S00093252",114,89,25
"S00093253",99,82,17
"S00093254",108,69,39
"S00093255",109,96,13
"S00093256",113,87,26
"S00093257",106,83,23
"S00093258",95,88,7
"S00093259",105,71,34
"S00093260",89,56,33
"S00093261",57,47,10
"S00093262",117,96,21
"S00093263",67,48,19
"S00093264",81,59,22
"S00093265",136,115,21
"S00093266",97,86,11
"S00093267",77,69,8
"S00093268",93,75,18
"S00093269",74,58,16
"S00093270",104,82,22
"S00093271",53,38,15
"S00093272",97,82,15
"S00093273",104,79,25
"S00093274",104,78,26
"S00093275",79,57,22
"S00093276",125,115,10
"S00093277",68,44,24
"S00093278",54,28,26
"S00093279",118,85,33
"S00093280",64,30,34
"S00093281",110,92,18
"S00093282",100,71,29
"S00093283",100,64,36
"S00093284",89,73,16
"S00093285",104,90,14
"S00093286",94,80,14
"S00093287",94,68,26
"S00093288",77,68,9
"S00093289",89,74,15
"S00093290",127,110,17
"S00093291",99,86,13
"S00093292",108,93,15
"S00093293",107,90,17
"S00093294",93,74,19
"S00093295",154,131,23
"S00093296",99,79,20
"S00093297",130,111,19
"S00093298",166,123,43
"S00093299",148,123,25
"S00093300",126,106,20
"S00093301",106,90,16
"S00093302",143,119,24
"S00093303",183,156,27
"S00093304",72,60,12
"S00093305",97,82,15
"S00093306",142,115,27
"S00093307",126,94,32
"S00093308",119,109,10
"S00093309",97,85,12
"S00093310",151,139,12
"S00093311",124,104,20
"S00093312",105,91,14
"S00093313",107,79,28
"S00093314",128,125,3
"S00093315",120,103,17
"S00093316",109,97,12
"S00093317",98,85,13
"S00093318",86,68,18
"S00093319",85,59,26
"S00093320",123,105,18
"S00093321",95,76,19
"S00093322",121,109,12
"S00093323",131,111,20
"S00093324",109,86,23
"S00093325",94,63,31
"S00093326",115,101,14
"S00093327",106,86,20
"S00093328",132,113,19
"S00093329",125,104,21
"S00093330",111,97,14
"S00093331",93,82,11
"S00093332",156,124,32
"S00093333",125,110,15
"S00093334",221,189,32
"S00093335",164,144,20
"S00093336",121,101,20
"S00093337",98,83,15
"S00093338",77,59,18
"S00093339",152,131,21
"S00093340",80,59,21
"S00093341",59,50,9
"S00093342",157,129,28
"S00093343",65,43,22
"S00093344",158,138,20
"S00093345",104,91,13
"S00093346",94,80,14
"S00093347",58,44,14
"S00093348",73,56,17
"S00093349",158,123,35
"S00093350",121,84,37
"S00093351",100,71,29
"S00093352",84,75,9
"S00093353",121,96,25
"S00093354",89,63,26
"S00093355",134,109,25
"S00093356",83,70,13
"S00093357",109,92,17
"S00093358",103,95,8
"S00093359",89,72,17
"S00093360",93,77,16
"S00093361",103,73,30
"S00093362",138,113,25
"S00093363",92,77,15
"S00093364",65,50,15
"S00093365",100,81,19
"S00093366",150,123,27
"S00093367",57,49,8
"S00093368",107,93,14
"S00093369",63,46,17
"S00093370",118,93,25
"S00093371",90,69,21
"S00093372",112,97,15
"S00093373",53,46,7
"S00093374",200,192,8
"S00093375",142,121,21
"S00093376",215,184,31
"S00093377",184,151,33
"S00093378",85,67,18
"S00093379",70,53,17
"S00093380",101,89,12
"S00093381",110,77,33
"S00093382",104,91,13
"S00093383",77,63,14
"S00093384",117,99,18
"S00093385",118,86,32
"S00093386",104,86,18
"S00093387",78,69,9
"S00093388",135,110,25
"S00093389",84,66,18
"S00093390",88,83,5
"S00093391",157,134,23
"S00093392",153,104,49
"S00093393",111,82,29
"S00093394",108,86,22
"S00093395",133,116,17
"S00093396",96,81,15
"S00093397",157,136,21
"S00093398",109,90,19
"S00093399",110,91,19
"S00093400",87,67,20
"S00093401",61,48,13
"S00093402",119,100,19
"S00093403",177,136,41
"S00093404",136,108,28
"S00093405",149,127,22
"S00093406",127,104,23
"S00093407",87,68,19
"S00093408",57,49,8
"S00093409",124,104,20
"S00093410",185,147,38
"S00093411",79,69,10
"S00093412",95,67,28
"S00093413",90,74,16
"S00093414",83,65,18
"S00093415",129,103,26
"S00093416",121,97,24
"S00093417",70,57,13
"S00093418",53,44,9
"S00093419",108,89,19
"S00093420",221,197,24
"S00093421",151,129,22
"S00093422",121,108,13
"S00093423",109,92,17
"S00093424",118,94,24
"S00093425",100,59,41
"S00093426",137,111,26
"S00093427",149,110,39
"S00093428",124,104,20
"S00093429",114,99,15
"S00093430",154,131,23
"S00093431",159,134,25
"S00093432",70,66,4
"S00093433",145,119,26
"S00093434",110,91,19
"S00093435",100,90,10
"S00093436",120,97,23
"S00093437",53,46,7
"S00093438",99,87,12
"S00093439",129,95,34
"S00093440",124,98,26
"S00093441",77,67,10
"S00093442",100,79,21
"S00093443",134,110,24
"S00093444",85,72,13
"S00093445",146,128,18
"S00093446",71,64,7
"S00093447",106,97,9
"S00093448",65,56,9
"S00093449",184,156,28
"S00093450",69,55,14
"S00093451",162,137,25
"S00093452",178,129,49
"S00093453",138,110,28
"S00093454",138,111,27
"S00093455",165,99,66
"S00093456",107,70,37
"S00093457",63,42,21
"S00093458",158,124,34
"S00093459",154,129,25
"S00093460",150,121,29
"S00093461",126,104,22
"S00093462",104,82,22
"S00093463",113,82,31
"S00093464",65,53,12
"S00093465",97,79,18
"S00093466",154,122,32
"S00093467",120,104,16
"S00093468",81,70,11
"S00093469",125,102,23
"S00093470",104,79,25
"S00093471",198,173,25
"S00093472",75,56,19
"S00093473",95,85,10
"S00093474",190,155,35
"S00093475",139,111,28
"S00093476",105,91,14
"S00093477",94,84,10
"S00093478",67,58,9
"S00093479",57,45,12
"S00093480",74,64,10
"S00093481",123,89,34
"S00093482",67,48,19
"S00093483",138,120,18
"S00093484",105,90,15
"S00093485",104,91,13
"S00093486",95,87,8
"S00093487",75,69,6
"S00093488",98,60,38
"S00093489",136,110,26
"S00093490",117,96,21
"S00093491",132,107,25
"S00093492",129,105,24
"S00093493",128,93,35
"S00093494",119,72,47
"S00093495",115,96,19
"S00093496",80,63,17
"S00093497",105,81,24
"S00093498",121,101,20
"S00093499",158,114,44
"S00093500",164,140,24
"S00093501",91,67,24
"S00093502",110,92,18
"S00093503",168,150,18
"S00093504",114,98,16
"S00093505",121,108,13
"S00093506",93,80,13
"S00093507",138,116,22
"S00093508",110,94,16
"S00093509",202,149,53
"S00093510",86,64,22
"S00093511",94,81,13
"S00093512",87,80,7
"S00093513",91,66,25
"S00093514",54,39,15
"S00093515",110,91,19
"S00093516",77,64,13
"S00093517",84,64,20
"S00093518",94,82,12
"S00093519",55,45,10
"S00093520",137,107,30
"S00093521",113,95,18
"S00093522",89,74,15
"S00093523",119,113,6
"S00093524",114,82,32
"S00093525",100,90,10
"S00093526",118,91,27
"S00093527",137,115,22
"S00093528",101,74,27
"S00093529",156,141,15
"S00093530",113,97,16
"S00093531",108,80,28
"S00093532",96,73,23
"S00093533",147,124,23
"S00093534",107,88,19
"S00093535",80,64,16
"S00093536",87,73,14
"S00093537",89,77,12
"S00093538",177,116,61
"S00093539",66,52,14
"S00093540",115,100,15
"S00093541",124,109,15
"S00093542",60,39,21
"S00093543",106,90,16
"S00093544",103,84,19
"S00093545",147,123,24
"S00093546",102,93,9
"S00093547",160,140,20
"S00093548",124,95,29
"S00093549",120,107,13
"S00093550",113,98,15
"S00093551",107,93,14
"S00093552",172,152,20
"S00093553",136,119,17
"S00093554",137,120,17
"S00093555",65,56,9
"S00093556",106,87,19
"S00093557",83,79,4
"S00093558",112,79,33
"S00093559",99,77,22
"S00093560",136,111,25
"S00093561",85,73,12
"S00093562",161,137,24
"S00093563",159,138,21
"S00093564",121,100,21
"S00093565",110,93,17
"S00093566",86,66,20
"S00093567",167,147,20
"S00093568",99,74,25
"S00093569",122,97,25
"S00093570",105,94,11
"S00093571",98,81,17
"S00093572",143,122,21
"S00093573",82,48,34
"S00093574",94,78,16
"S00093575",121,98,23
"S00093576",81,71,10
"S00093577",99,85,14
"S00093578",72,66,6
"S00093579",81,69,12
"S00093580",135,117,18
"S00093581",88,80,8
"S00093582",126,107,19
"S00093583",86,76,10
"S00093584",59,53,6
"S00093585",75,66,9
"S00093586",108,89,19
"S00093587",122,103,19
"S00093588",94,70,24
"S00093589",74,64,10
"S00093590",108,90,18
"S00093591",133,103,30
"S00093592",104,89,15
"S00093593",74,44,30
"S00093594",148,132,16
"S00093595",147,131,16
"S00093596",118,95,23
"S00093597",125,107,18
"S00093598",139,119,20
"S00093599",104,54,50
"S00093600",65,59,6
"S00093601",80,73,7
"S00093602",100,80,20
"S00093603",68,59,9
"S00093604",85,62,23
"S00093605",98,86,12
"S00093606",63,49,14
"S00093607",113,106,7
"S00093608",189,141,48
"S00093609",78,63,15
"S00093610",106,91,15
"S00093611",148,121,27
"S00093612",111,94,17
"S00093613",123,105,18
"S00093614",108,93,15
"S00093615",109,76,33
"S00093616",106,91,15
"S00093617",84,69,15
"S00093618",102,89,13
"S00093619",95,82,13
"S00093620",104,83,21
"S00093621",129,106,23
"S00093622",72,49,23
"S00093623",86,56,30
"S00093624",67,46,21
"S00093625",84,62,22
"S00093626",110,81,29
"S00093627",83,63,20
"S00093628",73,56,17
"S00093629",94,77,17
"S00093630",143,122,21
"S00093631",85,75,10
"S00093632",157,118,39
"S00093633",164,137,27
"S00093634",144,119,25
"S00093635",101,87,14
"S00093636",128,105,23
"S00093637",87,55,32
"S00093638",129,118,11
"S00093639",115,97,18
"S00093640",108,91,17
"S00093641",95,80,15
"S00093642",104,75,29
"S00093643",90,82,8
"S00093644",116,102,14
"S00093645",153,146,7
"S00093646",66,55,11
"S00093647",123,91,32
"S00093648",133,126,7
"S00093649",158,130,28
"S00093650",133,118,15
"S00093651",156,137,19
"S00093652",113,97,16
"S00093653",96,85,11
"S00093654",126,94,32
"S00093655",127,101,26
"S00093656",97,76,21
"S00093657",170,157,13
"S00093658",72,53,19
"S00093659",68,56,12
"S00093660",86,71,15
"S00093661",114,95,19
"S00093662",91,84,7
"S00093663",200,168,32
"S00093664",89,68,21
"S00093665",122,108,14
"S00093666",106,90,16
"S00093667",61,48,13
"S00093668",68,54,14
"S00093669",84,67,17
"S00093670",135,116,19
"S00093671",126,110,16
"S00093672",116,92,24
"S00093673",153,134,19
"S00093674",93,82,11
"S00093675",99,79,20
"S00093676",112,91,21
"S00093677",119,101,18
"S00093678",134,105,29
"S00093679",68,40,28
"S00093680",128,112,16
"S00093681",139,107,32
"S00093682",122,90,32
"S00093683",105,96,9
"S00093684",127,104,23
"S00093685",124,102,22
"S00093686",88,77,11
"S00093687",105,89,16
"S00093688",60,35,25
"S00093689",98,85,13
"S00093690",139,128,11
"S00093691",205,182,23
"S00093692",137,111,26
"S00093693",92,78,14
"S00093694",130,112,18
"S00093695",87,75,12
"S00093696",147,136,11
"S00093697",107,94,13
"S00093698",117,88,29
"S00093699",108,84,24
"S00093700",126,111,15
"S00093701",73,61,12
"S00093702",76,62,14
"S00093703",91,74,17
"S00093704",67,59,8
"S00093705",183,146,37
"S00093706",101,80,21
"S00093707",56,44,12
"S00093708",95,67,28
"S00093709",67,48,19
"S00093710",158,142,16
"S00093711",100,86,14
"S00093712",75,53,22
"S00093713",111,100,11
"S00093714",174,159,15
"S00093715",146,118,28
"S00093716",129,107,22
"S00093717",93,75,18
"S00093718",115,82,33
"S00093719",50,41,9
"S00093720",82,64,18
"S00093721",114,102,12
"S00093722",143,123,20
"S00093723",95,70,25
"S00093724",88,78,10
"S00093725",125,97,28
"S00093726",103,71,32
"S00093727",109,79,30
"S00093728",172,119,53
"S00093729",124,106,18
"S00093730",109,95,14
"S00093731",109,98,11
"S00093732",97,82,15
"S00093733",93,75,18
"S00093734",85,69,16
"S00093735",100,83,17
"S00093736",123,99,24
"S00093737",112,99,13
"S00093738",54,43,11
"S00093739",128,111,17
"S00093740",146,134,12
"S00093741",177,160,17
"S00093742",151,126,25
"S00093743",76,72,4
"S00093744",130,115,15
"S00093745",109,90,19
"S00093746",61,50,11
"S00093747",157,126,31
"S00093748",128,117,11
"S00093749",62,57,5
"S00093750",52,45,7
"S00093751",110,106,4
"S00093752",99,81,18
"S00093753",151,134,17
"S00093754",99,93,6
"S00093755",133,122,11
"S00093756",143,131,12
"S00093757",163,148,15
"S00093758",280,220,60
"S00093759",134,129,5
"S00093760",233,225,8
"S00093761",123,100,23
"S00093762",104,80,24
"S00093763",175,142,33
"S00093764",101,86,15
"S00093765",148,137,11
"S00093766",80,69,11
"S00093767",110,84,26
"S00093768",121,106,15
"S00093769",179,168,11
"S00093770",169,142,27
"S00093771",130,104,26
"S00093772",110,82,28
"S00093773",62,50,12
"S00093774",157,140,17
"S00093775",101,79,22
"S00093776",56,44,12
"S00093777",79,62,17
"S00093778",78,72,6
"S00093779",102,85,17
"S00093780",85,65,20
"S00093781",56,46,10
"S00093782",123,109,14
"S00093783",110,85,25
"S00093784",114,96,18
"S00093785",97,80,17
"S00093786",116,95,21
"S00093787",190,173,17
"S00093788",99,86,13
"S00093789",87,72,15
"S00093790",133,113,20
"S00093791",75,61,14
"S00093792",87,63,24
"S00093793",104,85,19
"S00093794",155,130,25
"S00093795",89,74,15
"S00093796",87,80,7
"S00093797",69,64,5
"S00093798",58,52,6
"S00093799",73,54,19
"S00093800",108,92,16
"S00093801",98,83,15
"S00093802",110,97,13
"S00093803",95,81,14
"S00093804",155,127,28
"S00093805",75,52,23
"S00093806",108,95,13
"S00093807",106,97,9
"S00093808",72,65,7
"S00093809",65,51,14
"S00093810",69,62,7
"S00093811",109,94,15
"S00093812",79,66,13
"S00093813",66,56,10
"S00093814",105,90,15
"S00093815",83,71,12
"S00093816",176,159,17
"S00093817",75,64,11
"S00093818",134,109,25
"S00093819",95,68,27
"S00093820",154,131,23
"S00093821",76,61,15
"S00093822",242,216,26
"S00093823",127,103,24
"S00093824",82,68,14
"S00093825",89,76,13
"S00093826",192,178,14
"S00093827",84,69,15
"S00093828",123,107,16
"S00093829",99,80,19
"S00093830",71,52,19
"S00093831",121,100,21
"S00093832",98,89,9
"S00093833",163,150,13
"S00093834",115,99,16
"S00093835",113,99,14
"S00093836",110,97,13
"S00093837",53,44,9
"S00093838",71,64,7
"S00093839",176,159,17
"S00093840",141,130,11
"S00093841",77,60,17
"S00093842",184,180,4
"S00093843",71,63,8
"S00093844",150,140,10
"S00093845",154,116,38
"S00093846",68,58,10
"S00093847",109,98,11
"S00093848",149,131,18
"S00093849",103,86,17
"S00093850",122,109,13
"S00093851",151,135,16
"S00093852",140,128,12
"S00093853",95,88,7
"S00093854",99,87,12
"S00093855",127,111,16
"S00093856",72,67,5
"S00093857",73,60,13
"S00093858",158,142,16
"S00093859",215,210,5
"S00093860",64,60,4
"S00093861",154,141,13
"S00093862",127,115,12
"S00093863",63,55,8
"S00093864",182,163,19
"S00093865",164,141,23
"S00093866",123,110,13
"S00093867",88,82,6
"S00093868",197,179,18
"S00093869",80,72,8
"S00093870",133,116,17
"S00093871",138,127,11
"S00093872",121,109,12
"S00093873",146,134,12
"S00093874",75,57,18
"S00093875",114,99,15
"S00093876",124,106,18
"S00093877",131,108,23
"S00093878",95,79,16
"S00093879",117,108,9
"S00093880",120,102,18
"S00093881",73,66,7
"S00093882",51,46,5
"S00093883",189,168,21
"S00093884",68,57,11
"S00093885",173,157,16
"S00093886",143,108,35
"S00093887",125,121,4
"S00093888",151,134,17
"S00093889",104,89,15
"S00093890",57,51,6
"S00093891",140,120,20
"S00093892",102,87,15
"S00093893",81,69,12
"S00093894",119,84,35
"S00093895",99,79,20
"S00093896",68,51,17
"S00093897",119,96,23
"S00093898",232,158,74
"S00093899",129,105,24
"S00093900",87,74,13
"S00093901",127,108,19
"S00093902",59,46,13
"S00093903",257,206,51
"S00093904",188,181,7
"S00093905",126,109,17
"S00093906",77,70,7
"S00093907",78,54,24
"S00093908",83,63,20
"S00093909",131,113,18
"S00093910",172,157,15
"S00093911",74,60,14
"S00093912",126,113,13
"S00093913",111,97,14
"S00093914",57,32,25
"S00093915",112,103,9
"S00093916",63,32,31
"S00093917",167,146,21
"S00093918",83,76,7
"S00093919",144,127,17
"S00093920",140,117,23
"S00093921",138,112,26
"S00093922",125,104,21
"S00093923",52,44,8
"S00093924",167,152,15
"S00093925",86,67,19
"S00093926",91,78,13
"S00093927",65,35,30
"S00093928",65,53,12
"S00093929",126,103,23
"S00093930",107,84,23
"S00093931",87,76,11
"S00093932",82,69,13
"S00093933",129,120,9
"S00093934",157,142,15
"S00093935",190,170,20
"S00093936",80,73,7
"S00093937",69,36,33
"S00093938",78,71,7
"S00093939",116,105,11
"S00093940",91,80,11
"S00093941",180,153,27
"S00093942",108,91,17
"S00093943",99,90,9
"S00093944",102,93,9
"S00093945",61,50,11
"S00093946",70,55,15
"S00093947",133,96,37
"S00093948",113,78,35
"S00093949",74,59,15
"S00093950",101,75,26
"S00093951",83,68,15
"S00093952",154,94,60
"S00093953",86,80,6
"S00093954",82,67,15
"S00093955",171,143,28
"S00093956",143,126,17
"S00093957",127,114,13
"S00093958",64,42,22
"S00093959",108,84,24
"S00093960",57,46,11
"S00093961",136,122,14
"S00093962",133,104,29
"S00093963",180,141,39
"S00093964",59,45,14
"S00093965",185,160,25
"S00093966",83,72,11
"S00093967",92,82,10
"S00093968",191,120,71
"S00093969",113,92,21
"S00093970",119,101,18
"S00093971",98,68,30
"S00093972",168,133,35
"S00093973",127,108,19
"S00093974",132,115,17
"S00093975",66,59,7
"S00093976",74,58,16
"S00093977",113,103,10
"S00093978",156,151,5
"S00093979",137,124,13
"S00093980",74,70,4
"S00093981",138,125,13
"S00093982",102,92,10
"S00093983",168,155,13
"S00093984",143,130,13
"S00093985",227,165,62
"S00093986",148,141,7
"S00093987",119,104,15
"S00093988",169,159,10
"S00093989",86,83,3
"S00093990",87,83,4
"S00093991",229,219,10
"S00093992",93,81,12
"S00093993",93,79,14
"S00093994",106,86,20
"S00093995",52,43,9
"S00093996",116,102,14
"S00093997",68,55,13
"S00093998",136,121,15
"S00093999",104,75,29
"S00094000",72,59,13
"S00094001",50,33,17
"S00094002",55,37,18
"S00094003",64,48,16
"S00094004",87,68,19
"S00094005",96,68,28
"S00094006",130,110,20
"S00094007",119,100,19
"S00094008",177,140,37
"S00094009",59,47,12
"S00094010",51,41,10
"S00094011",149,116,33
"S00094012",102,84,18
"S00094013",163,127,36
"S00094014",167,134,33
"S00094015",125,79,46
"S00094016",124,98,26
"S00094017",62,50,12
"S00094018",157,131,26
"S00094019",58,50,8
"S00094020",128,107,21
"S00094021",75,67,8
"S00094022",136,104,32
"S00094023",90,75,15
"S00094024",78,64,14
"S00094025",143,129,14
"S00094026",92,79,13
"S00094027",141,110,31
"S00094028",54,45,9
"S00094029",116,100,16
"S00094030",145,110,35
"S00094031",126,105,21
"S00094032",107,87,20
"S00094033",117,100,17
"S00094034",116,95,21
"S00094035",96,83,13
"S00094036",67,56,11
"S00094037",107,87,20
"S00094038",104,64,40
"S00094039",84,65,19
"S00094040",76,62,14
"S00094041",111,96,15
"S00094042",92,71,21
"S00094043",97,85,12
"S00094044",148,120,28
"S00094045",100,77,23
"S00094046",172,142,30
"S00094047",69,59,10
"S00094048",106,90,16
"S00094049",141,124,17
"S00094050",119,110,9
"S00094051",113,100,13
"S00094052",141,123,18
"S00094053",204,178,26
"S00094054",74,65,9
"S00094055",96,87,9
"S00094056",134,113,21
"S00094057",62,45,17
"S00094058",121,110,11
"S00094059",130,109,21
"S00094060",162,134,28
"S00094061",218,187,31
"S00094062",87,71,16
"S00094063",114,102,12
"S00094064",83,61,22
"S00094065",116,102,14
"S00094066",91,71,20
"S00094067",86,70,16
"S00094068",86,69,17
"S00094069",79,69,10
"S00094070",164,135,29
"S00094071",121,98,23
"S00094072",79,66,13
"S00094073",109,90,19
"S00094074",72,61,11
"S00094075",88,79,9
"S00094076",109,88,21
"S00094077",117,104,13
"S00094078",167,147,20
"S00094079",129,115,14
"S00094080",84,73,11
"S00094081",103,80,23
"S00094082",147,126,21
"S00094083",104,93,11
"S00094084",76,64,12
"S00094085",136,120,16
"S00094086",125,118,7
"S00094087",89,78,11
"S00094088",120,86,34
"S00094089",109,99,10
"S00094090",167,144,23
"S00094091",129,117,12
"S00094092",164,145,19
"S00094093",108,97,11
"S00094094",99,84,15
"S00094095",142,130,12
"S00094096",131,104,27
"S00094097",120,103,17
"S00094098",59,51,8
"S00094099",128,116,12
"S00094100",163,124,39
"S00094101",150,133,17
"S00094102",102,73,29
"S00094103",75,66,9
"S00094104",73,63,10
"S00094105",127,107,20
"S00094106",51,45,6
"S00094107",71,59,12
"S00094108",88,79,9
"S00094109",95,78,17
"S00094110",88,70,18
"S00094111",89,73,16
"S00094112",150,117,33
"S00094113",62,52,10
"S00094114",134,114,20
"S00094115",82,60,22
"S00094116",96,86,10
"S00094117",113,96,17
"S00094118",88,74,14
"S00094119",133,119,14
"S00094120",78,66,12
"S00094121",100,95,5
"S00094122",136,120,16
"S00094123",177,164,13
"S00094124",62,52,10
"S00094125",50,42,8
"S00094126",56,50,6
"S00094127",56,41,15
"S00094128",101,86,15
"S00094129",128,110,18
"S00094130",120,92,28
"S00094131",80,68,12
"S00094132",101,79,22
"S00094133",94,85,9
"S00094134",71,66,5
"S00094135",145,135,10
"S00094136",162,155,7
"S00094137",79,66,13
"S00094138",118,103,15
"S00094139",53,43,10
"S00094140",110,88,22
"S00094141",64,50,14
"S00094142",109,100,9
"S00094143",78,66,12
"S00094144",126,109,17
"S00094145",95,83,12
"S00094146",75,67,8
"S00094147",117,91,26
"S00094148",150,134,16
"S00094149",61,54,7
"S00094150",60,51,9
"S00094151",83,68,15
"S00094152",114,95,19
"S00094153",68,53,15
"S00094154",117,93,24
"S00094155",128,115,13
"S00094156",143,121,22
"S00094157",205,169,36
"S00094158",157,130,27
"S00094159",78,53,25
"S00094160",71,52,19
"S00094161",62,41,21
"S00094162",99,77,22
"S00094163",161,134,27
"S00094164",106,78,28
"S00094165",99,77,22
"S00094166",126,105,21
"S00094167",101,78,23
"S00094168",129,104,25
"S00094169",51,38,13
"S00094170",102,86,16
"S00094171",77,59,18
"S00094172",198,172,26
"S00094173",56,42,14
"S00094174",102,77,25
"S00094175",143,105,38
"S00094176",136,112,24
"S00094177",160,118,42
"S00094178",102,82,20
"S00094179",75,61,14
"S00094180",165,146,19
"S00094181",82,61,21
"S00094182",97,63,34
"S00094183",88,64,24
"S00094184",105,92,13
"S00094185",102,70,32
"S00094186",90,75,15
"S00094187",72,34,38
"S00094188",54,35,19
"S00094189",100,79,21
"S00094190",52,39,13
"S00094191",86,75,11
"S00094192",98,76,22
"S00094193",162,146,16
"S00094194",147,124,23
"S00094195",91,69,22
"S00094196",114,82,32
"S00094197",89,67,22
"S00094198",126,97,29
"S00094199",71,48,23
"S00094200",173,132,41
"S00094201",111,95,16
"S00094202",149,124,25
"S00094203",60,32,28
"S00094204",101,84,17
"S00094205",115,85,30
"S00094206",108,82,26
"S00094207",146,125,21
"S00094208",80,64,16
"S00094209",130,104,26
"S00094210",135,112,23
"S00094211",82,70,12
"S00094212",110,90,20
"S00094213",52,15,37
"S00094214",128,108,20
"S00094215",67,45,22
"S00094216",133,107,26
"S00094217",84,68,16
"S00094218",99,86,13
"S00094219",108,96,12
"S00094220",106,95,11
"S00094221",125,99,26
"S00094222",113,92,21
"S00094223",126,92,34
"S00094224",90,73,17
"S00094225",126,88,38
"S00094226",93,70,23
"S00094227",65,41,24
"S00094228",94,60,34
"S00094229",83,59,24
"S00094230",88,71,17
"S00094231",82,64,18
"S00094232",54,36,18
"S00094233",59,33,26
"S00094234",214,176,38
"S00094235",120,94,26
"S00094236",114,74,40
"S00094237",136,102,34
"S00094238",82,57,25
"S00094239",127,110,17
"S00094240",105,74,31
"S00094241",76,57,19
"S00094242",101,80,21
"S00094243",60,35,25
"S00094244",113,103,10
"S00094245",69,42,27
"S00094246",103,85,18
"S00094247",161,137,24
"S00094248",96,77,19
"S00094249",111,88,23
"S00094250",100,85,15
"S00094251",82,65,17
"S00094252",111,91,20
"S00094253",78,64,14
"S00094254",97,82,15
"S00094255",128,95,33
"S00094256",93,60,33
"S00094257",130,99,31
"S00094258",109,85,24
"S00094259",130,83,47
"S00094260",87,77,10
"S00094261",59,50,9
"S00094262",246,175,71
"S00094263",110,92,18
"S00094264",82,67,15
"S00094265",127,110,17
"S00094266",155,131,24
"S00094267",105,87,18
"S00094268",99,77,22
"S00094269",110,92,18
"S00094270",98,83,15
"S00094271",91,67,24
"S00094272",82,69,13
"S00094273",64,45,19
"S00094274",69,47,22
"S00094275",86,72,14
"S00094276",66,52,14
"S00094277",68,58,10
"S00094278",111,91,20
"S00094279",158,132,26
"S00094280",131,115,16
"S00094281",132,102,30
"S00094282",114,94,20
"S00094283",93,68,25
"S00094284",129,103,26
"S00094285",120,96,24
"S00094286",148,119,29
"S00094287",114,97,17
"S00094288",127,100,27
"S00094289",88,61,27
"S00094290",111,88,23
"S00094291",57,48,9
"S00094292",113,94,19
"S00094293",111,101,10
"S00094294",80,55,25
"S00094295",163,137,26
"S00094296",89,78,11
"S00094297",81,58,23
"S00094298",80,59,21
"S00094299",166,139,27
"S00094300",94,79,15
"S00094301",151,119,32
"S00094302",84,55,29
"S00094303",113,87,26
"S00094304",86,63,23
"S00094305",67,42,25
"S00094306",58,30,28
"S00094307",80,51,29
"S00094308",133,103,30
"S00094309",105,68,37
"S00094310",85,66,19
"S00094311",101,82,19
"S00094312",82,39,43
"S00094313",77,53,24
"S00094314",101,64,37
"S00094315",141,111,30
"S00094316",114,95,19
"S00094317",91,72,19
"S00094318",103,75,28
"S00094319",82,64,18
"S00094320",155,117,38
"S00094321",90,60,30
"S00094322",88,67,21
"S00094323",147,121,26
"S00094324",90,71,19
"S00094325",115,94,21
"S00094326",65,55,10
"S00094327",111,86,25
"S00094328",197,172,25
"S00094329",176,105,71
"S00094330",65,45,20
"S00094331",137,102,35
"S00094332",110,75,35
"S00094333",162,126,36
"S00094334",124,97,27
"S00094335",179,160,19
"S00094336",60,51,9
"S00094337",131,118,13
"S00094338",95,84,11
"S00094339",88,72,16
"S00094340",103,88,15
"S00094341",106,94,12
"S00094342",169,143,26
"S00094343",101,87,14
"S00094344",98,79,19
"S00094345",118,100,18
"S00094346",106,97,9
"S00094347",132,112,20
"S00094348",81,67,14
"S00094349",98,86,12
"S00094350",101,86,15
"S00094351",112,101,11
"S00094352",100,86,14
"S00094353",128,115,13
"S00094354",93,80,13
"S00094355",73,64,9
"S00094356",93,81,12
"S00094357",144,119,25
"S00094358",71,59,12
"S00094359",158,143,15
"S00094360",143,121,22
"S00094361",154,144,10
"S00094362",165,161,4
"S00094363",113,110,3
"S00094364",148,138,10
"S00094365",124,111,13
"S00094366",121,118,3
"S00094367",185,167,18
"S00094368",102,92,10
"S00094369",72,62,10
"S00094370",76,56,20
"S00094371",100,84,16
"S00094372",69,52,17
"S00094373",108,81,27
"S00094374",114,84,30
"S00094375",112,87,25
"S00094376",97,88,9
"S00094377",115,92,23
"S00094378",140,117,23
"S00094379",111,95,16
"S00094380",63,35,28
"S00094381",77,49,28
"S00094382",97,74,23
"S00094383",76,50,26
"S00094384",79,59,20
"S00094385",83,72,11
"S00094386",166,126,40
"S00094387",174,138,36
"S00094388",147,130,17
"S00094389",95,73,22
"S00094390",108,82,26
"S00094391",118,96,22
"S00094392",104,89,15
"S00094393",126,105,21
"S00094394",130,115,15
"S00094395",163,147,16
"S00094396",57,50,7
"S00094397",92,84,8
"S00094398",102,79,23
"S00094399",63,44,19
"S00094400",93,77,16
"S00094401",87,69,18
"S00094402",81,68,13
"S00094403",121,96,25
"S00094404",104,76,28
"S00094405",81,62,19
"S00094406",124,109,15
"S00094407",79,64,15
"S00094408",69,54,15
"S00094409",53,47,6
"S00094410",59,48,11
"S00094411",82,63,19
"S00094412",93,75,18
"S00094413",80,60,20
"S00094414",85,66,19
"S00094415",98,77,21
"S00094416",129,100,29
"S00094417",62,45,17
"S00094418",116,101,15
"S00094419",119,89,30
"S00094420",90,63,27
"S00094421",110,96,14
"S00094422",124,92,32
"S00094423",137,115,22
"S00094424",126,118,8
"S00094425",105,92,13
"S00094426",108,85,23
"S00094427",110,89,21
"S00094428",93,72,21
"S00094429",64,59,5
"S00094430",88,69,19
"S00094431",72,64,8
"S00094432",94,82,12
"S00094433",125,113,12
"S00094434",160,135,25
"S00094435",147,138,9
"S00094436",114,110,4
"S00094437",156,148,8
"S00094438",60,54,6
"S00094439",108,103,5
"S00094440",157,134,23
"S00094441",156,127,29
"S00094442",142,131,11
"S00094443",129,114,15
"S00094444",216,197,19
"S00094445",121,105,16
"S00094446",119,108,11
"S00094447",166,142,24
"S00094448",111,92,19
"S00094449",113,103,10
"S00094450",116,103,13
"S00094451",179,165,14
"S00094452",82,61,21
"S00094453",69,55,14
"S00094454",161,143,18
"S00094455",146,136,10
"S00094456",166,133,33
"S00094457",182,144,38
"S00094458",224,210,14
"S00094459",60,40,20
"S00094460",142,129,13
"S00094461",112,102,10
"S00094462",154,138,16
"S00094463",110,97,13
"S00094464",195,178,17
"S00094465",128,108,20
"S00094466",97,82,15
"S00094467",121,110,11
"S00094468",115,96,19
"S00094469",135,110,25
"S00094470",53,49,4
"S00094471",72,72,0
"S00094472",123,103,20
"S00094473",98,79,19
"S00094474",114,90,24
"S00094475",85,68,17
"S00094476",94,73,21
"S00094477",57,46,11
"S00094478",143,106,37
"S00094479",160,144,16
"S00094480",81,75,6
"S00094481",112,82,30
"S00094482",202,177,25
"S00094483",124,101,23
"S00094484",145,113,32
"S00094485",95,78,17
"S00094486",147,122,25
"S00094487",142,121,21
"S00094488",129,100,29
"S00094489",132,105,27
"S00094490",85,71,14
"S00094491",63,50,13
"S00094492",116,86,30
"S00094493",79,62,17
"S00094494",107,75,32
"S00094495",138,128,10
"S00094496",146,116,30
"S00094497",106,71,35
"S00094498",106,89,17
"S00094499",136,124,12
"S00094500",118,92,26
"S00094501",139,115,24
"S00094502",66,53,13
"S00094503",161,113,48
"S00094504",132,102,30
"S00094505",138,114,24
"S00094506",100,85,15
"S00094507",132,118,14
"S00094508",148,141,7
"S00094509",128,116,12
"S00094510",115,101,14
"S00094511",55,45,10
"S00094512",127,114,13
"S00094513",113,85,28
"S00094514",143,131,12
"S00094515",88,76,12
"S00094516",128,102,26
"S00094517",90,66,24
"S00094518",65,39,26
"S00094519",99,79,20
"S00094520",157,124,33
"S00094521",73,66,7
"S00094522",104,67,37
"S00094523",94,76,18
"S00094524",129,103,26
"S00094525",87,73,14
"S00094526",78,49,29
"S00094527",80,75,5
"S00094528",172,157,15
"S00094529",111,90,21
"S00094530",113,98,15
"S00094531",103,86,17
"S00094532",121,102,19
"S00094533",108,87,21
"S00094534",126,105,21
"S00094535",140,125,15
"S00094536",134,111,23
"S00094537",156,137,19
"S00094538",144,123,21
"S00094539",107,80,27
"S00094540",124,105,19
"S00094541",105,94,11
"S00094542",92,87,5
"S00094543",83,69,14
"S00094544",137,123,14
"S00094545",108,99,9
"S00094546",83,72,11
"S00094547",125,107,18
"S00094548",72,44,28
"S00094549",135,114,21
"S00094550",52,33,19
"S00094551",106,81,25
"S00094552",175,137,38
"S00094553",129,107,22
"S00094554",139,113,26
"S00094555",112,91,21
"S00094556",153,132,21
"S00094557",50,32,18
"S00094558",116,92,24
"S00094559",121,103,18
"S00094560",111,91,20
"S00094561",159,138,21
"S00094562",64,58,6
"S00094563",71,60,11
"S00094564",109,102,7
"S00094565",78,56,22
"S00094566",61,49,12
"S00094567",118,108,10
"S00094568",114,99,15
"S00094569",145,103,42
"S00094570",137,120,17
"S00094571",106,88,18
"S00094572",192,171,21
"S00094573",70,55,15
"S00094574",128,99,29
"S00094575",94,81,13
"S00094576",59,58,1
"S00094577",108,92,16
"S00094578",113,99,14
"S00094579",57,48,9
"S00094580",135,118,17
"S00094581",171,143,28
"S00094582",87,67,20
"S00094583",105,85,20
"S00094584",108,90,18
"S00094585",136,120,16
"S00094586",122,103,19
"S00094587",116,103,13
"S00094588",81,63,18
"S00094589",87,74,13
"S00094590",103,91,12
"S00094591",132,109,23
"S00094592",95,82,13
"S00094593",92,74,18
"S00094594",129,106,23
"S00094595",119,105,14
"S00094596",90,74,16
"S00094597",80,66,14
"S00094598",121,103,18
"S00094599",1037,1011,26
"S00094600",107,92,15
"S00094601",117,99,18
"S00094602",132,107,25
"S00094603",166,146,20
"S00094604",75,61,14
"S00094605",101,91,10
"S00094606",168,146,22
"S00094607",65,30,35
"S00094608",148,127,21
"S00094609",65,40,25
"S00094610",105,77,28
"S00094611",86,70,16
"S00094612",78,63,15
"S00094613",56,35,21
"S00094614",76,70,6
"S00094615",155,147,8
"S00094616",62,54,8
"S00094617",51,43,8
"S00094618",118,90,28
"S00094619",113,81,32
"S00094620",97,76,21
"S00094621",60,51,9
"S00094622",83,62,21
"S00094623",56,40,16
"S00094624",122,104,18
"S00094625",77,57,20
"S00094626",117,96,21
"S00094627",87,67,20
"S00094628",65,44,21
"S00094629",99,72,27
"S00094630",80,62,18
"S00094631",58,46,12
"S00094632",60,49,11
"S00094633",66,55,11
"S00094634",62,47,15
"S00094635",80,66,14
"S00094636",113,92,21
"S00094637",112,87,25
"S00094638",140,126,14
"S00094639",57,51,6
"S00094640",65,59,6
"S00094641",99,88,11
"S00094642",104,101,3
"S00094643",116,110,6
"S00094644",153,148,5
"S00094645",148,138,10
"S00094646",64,60,4
"S00094647",127,106,21
"S00094648",107,94,13
"S00094649",68,63,5
"S00094650",82,75,7
"S00094651",116,76,40
"S00094652",112,83,29
"S00094653",77,67,10
"S00094654",80,69,11
"S00094655",111,96,15
"S00094656",53,50,3
"S00094657",83,65,18
"S00094658",99,79,20
"S00094659",70,53,17
"S00094660",79,65,14
"S00094661",82,71,11
"S00094662",73,64,9
"S00094663",108,94,14
"S00094664",165,140,25
"S00094665",124,110,14
"S00094666",64,57,7
"S00094667",139,119,20
"S00094668",67,61,6
"S00094669",154,142,12
"S00094670",70,49,21
"S00094671",84,64,20
"S00094672",88,74,14
"S00094673",109,102,7
"S00094674",153,132,21
"S00094675",118,99,19
"S00094676",80,64,16
"S00094677",72,63,9
"S00094678",54,35,19
"S00094679",137,108,29
"S00094680",65,53,12
"S00094681",161,147,14
"S00094682",128,106,22
"S00094683",164,127,37
"S00094684",82,55,27
"S00094685",116,86,30
"S00094686",108,78,30
"S00094687",110,61,49
"S00094688",120,92,28
"S00094689",56,37,19
"S00094690",72,58,14
"S00094691",113,103,10
"S00094692",57,43,14
"S00094693",87,69,18
"S00094694",113,91,22
"S00094695",128,116,12
"S00094696",87,74,13
"S00094697",52,42,10
"S00094698",63,51,12
"S00094699",84,73,11
"S00094700",104,90,14
"S00094701",81,71,10
"S00094702",127,110,17
"S00094703",114,99,15
"S00094704",80,70,10
"S00094705",69,63,6
"S00094706",194,173,21
"S00094707",85,62,23
"S00094708",71,56,15
"S00094709",72,58,14
"S00094710",126,100,26
"S00094711",138,121,17
"S00094712",108,95,13
"S00094713",143,128,15
"S00094714",143,121,22
"S00094715",157,87,70
"S00094716",158,128,30
"S00094717",170,155,15
"S00094718",110,100,10
"S00094719",150,133,17
"S00094720",58,47,11
"S00094721",62,45,17
"S00094722",136,113,23
"S00094723",168,139,29
"S00094724",134,121,13
"S00094725",87,65,22
"S00094726",113,84,29
"S00094727",106,89,17
"S00094728",146,127,19
"S00094729",95,76,19
"S00094730",102,75,27
"S00094731",120,95,25
"S00094732",89,53,36
"S00094733",52,43,9
"S00094734",143,120,23
"S00094735",151,103,48
"S00094736",128,93,35
"S00094737",110,73,37
"S00094738",50,42,8
"S00094739",132,98,34
"S00094740",77,60,17
"S00094741",52,38,14
"S00094742",96,68,28
"S00094743",120,104,16
"S00094744",77,49,28
"S00094745",73,36,37
"S00094746",89,71,18
"S00094747",61,39,22
"S00094748",78,51,27
"S00094749",87,73,14
"S00094750",74,63,11
"S00094751",74,52,22
"S00094752",84,75,9
"S00094753",114,80,34
"S00094754",110,83,27
"S00094755",83,69,14
"S00094756",55,42,13
"S00094757",117,97,20
"S00094758",141,123,18
"S00094759",121,103,18
"S00094760",76,68,8
"S00094761",75,44,31
"S00094762",89,75,14
"S00094763",118,58,60
"S00094764",90,78,12
"S00094765",52,36,16
"S00094766",171,143,28
"S00094767",138,132,6
"S00094768",96,80,16
"S00094769",136,102,34
"S00094770",142,118,24
"S00094771",65,53,12
"S00094772",86,78,8
"S00094773",107,99,8
"S00094774",130,108,22
"S00094775",114,98,16
"S00094776",170,133,37
"S00094777",70,63,7
"S00094778",96,77,19
"S00094779",65,54,11
"S00094780",112,87,25
"S00094781",79,67,12
"S00094782",105,87,18
"S00094783",152,119,33
"S00094784",182,153,29
"S00094785",80,60,20
"S00094786",173,143,30
"S00094787",128,113,15
"S00094788",190,167,23
"S00094789",73,69,4
"S00094790",100,79,21
"S00094791",127,118,9
"S00094792",212,197,15
"S00094793",166,121,45
"S00094794",206,185,21
"S00094795",112,89,23
"S00094796",114,104,10
"S00094797",78,62,16
"S00094798",85,63,22
"S00094799",89,61,28
"S00094800",103,87,16
"S00094801",61,53,8
"S00094802",97,77,20
"S00094803",119,107,12
"S00094804",110,101,9
"S00094805",85,78,7
"S00094806",115,87,28
"S00094807",156,126,30
"S00094808",183,158,25
"S00094809",120,108,12
"S00094810",109,93,16
"S00094811",126,111,15
"S00094812",95,84,11
"S00094813",98,90,8
"S00094814",166,144,22
"S00094815",109,81,28
"S00094816",83,73,10
"S00094817",95,76,19
"S00094818",106,97,9
"S00094819",64,53,11
"S00094820",99,86,13
"S00094821",129,108,21
"S00094822",165,144,21
"S00094823",104,91,13
"S00094824",79,77,2
"S00094825",121,105,16
"S00094826",51,45,6
"S00094827",140,116,24
"S00094828",100,96,4
"S00094829",169,156,13
"S00094830",72,64,8
"S00094831",148,123,25
"S00094832",161,135,26
"S00094833",128,113,15
"S00094834",62,55,7
"S00094835",102,86,16
"S00094836",173,156,17
"S00094837",111,102,9
"S00094838",114,98,16
"S00094839",58,52,6
"S00094840",119,95,24
"S00094841",98,81,17
"S00094842",175,150,25
"S00094843",142,111,31
"S00094844",135,114,21
"S00094845",132,119,13
"S00094846",153,121,32
"S00094847",141,129,12
"S00094848",91,80,11
"S00094849",154,136,18
"S00094850",160,119,41
"S00094851",88,71,17
"S00094852",96,83,13
"S00094853",65,48,17
"S00094854",119,101,18
"S00094855",154,130,24
"S00094856",111,90,21
"S00094857",64,51,13
"S00094858",128,110,18
"S00094859",92,81,11
"S00094860",100,84,16
"S00094861",100,76,24
"S00094862",99,81,18
"S00094863",168,133,35
"S00094864",84,57,27
"S00094865",143,126,17
"S00094866",192,184,8
"S00094867",104,91,13
"S00094868",135,106,29
"S00094869",94,74,20
"S00094870",112,95,17
"S00094871",59,48,11
"S00094872",136,108,28
"S00094873",127,100,27
"S00094874",126,106,20
"S00094875",173,164,9
"S00094876",148,133,15
"S00094877",85,81,4
"S00094878",135,122,13
"S00094879",190,167,23
"S00094880",114,97,17
"S00094881",75,63,12
"S00094882",114,104,10
"S00094883",99,89,10
"S00094884",96,90,6
"S00094885",86,76,10
"S00094886",138,130,8
"S00094887",90,76,14
"S00094888",156,133,23
"S00094889",114,93,21
"S00094890",68,62,6
"S00094891",134,124,10
"S00094892",103,90,13
"S00094893",77,63,14
"S00094894",99,95,4
"S00094895",74,62,12
"S00094896",180,174,6
"S00094897",72,65,7
"S00094898",121,113,8
"S00094899",173,163,10
"S00094900",155,137,18
"S00094901",141,122,19
"S00094902",129,115,14
"S00094903",129,116,13
"S00094904",110,96,14
"S00094905",87,74,13
"S00094906",132,112,20
"S00094907",121,110,11
"S00094908",100,84,16
"S00094909",58,41,17
"S00094910",154,129,25
"S00094911",159,137,22
"S00094912",72,58,14
"S00094913",83,71,12
"S00094914",105,88,17
"S00094915",119,106,13
"S00094916",170,136,34
"S00094917",117,93,24
"S00094918",168,146,22
"S00094919",92,89,3
"S00094920",213,157,56
"S00094921",85,74,11
"S00094922",84,74,10
"S00094923",107,96,11
"S00094924",103,82,21
"S00094925",85,79,6
"S00094926",158,138,20
"S00094927",139,119,20
"S00094928",132,110,22
"S00094929",166,152,14
"S00094930",122,108,14
"S00094931",83,63,20
"S00094932",65,58,7
"S00094933",112,101,11
"S00094934",104,94,10
"S00094935",139,119,20
"S00094936",110,100,10
"S00094937",114,107,7
"S00094938",167,138,29
"S00094939",96,88,8
"S00094940",140,123,17
"S00094941",168,153,15
"S00094942",97,91,6
"S00094943",106,92,14
"S00094944",157,139,18
"S00094945",159,145,14
"S00094946",72,64,8
"S00094947",142,124,18
"S00094948",135,125,10
"S00094949",117,107,10
"S00094950",98,67,31
"S00094951",84,62,22
"S00094952",122,103,19
"S00094953",154,137,17
"S00094954",98,85,13
"S00094955",162,151,11
"S00094956",139,110,29
"S00094957",115,95,20
"S00094958",141,118,23
"S00094959",74,63,11
"S00094960",142,120,22
"S00094961",108,101,7
"S00094962",100,93,7
"S00094963",99,85,14
"S00094964",92,75,17
"S00094965",91,80,11
"S00094966",74,68,6
"S00094967",102,90,12
"S00094968",62,52,10
"S00094969",102,91,11
"S00094970",138,124,14
"S00094971",106,89,17
"S00094972",140,121,19
"S00094973",70,54,16
"S00094974",150,134,16
"S00094975",106,97,9
"S00094976",104,95,9
"S00094977",88,67,21
"S00094978",130,119,11
"S00094979",121,111,10
"S00094980",94,81,13
"S00094981",105,84,21
"S00094982",161,120,41
"S00094983",156,134,22
"S00094984",118,96,22
"S00094985",89,79,10
"S00094986",55,47,8
"S00094987",107,92,15
"S00094988",60,53,7
"S00094989",120,114,6
"S00094990",92,81,11
"S00094991",110,90,20
"S00094992",65,61,4
"S00094993",95,78,17
"S00094994",98,82,16
"S00094995",104,95,9
"S00094996",59,51,8
"S00094997",92,81,11
"S00094998",139,99,40
"S00094999",69,61,8
"S00095000",71,58,13
"S00095001",122,106,16
"S00095002",96,86,10
"S00095003",62,47,15
"S00095004",81,63,18
"S00095005",81,76,5
"S00095006",150,140,10
"S00095007",109,87,22
"S00095008",59,48,11
"S00095009",156,144,12
"S00095010",66,58,8
"S00095011",120,105,15
"S00095012",118,109,9
"S00095013",212,207,5
"S00095014",82,70,12
"S00095015",113,103,10
"S00095016",90,83,7
"S00095017",93,83,10
"S00095018",123,112,11
"S00095019",106,99,7
"S00095020",102,90,12
"S00095021",114,95,19
"S00095022",149,135,14
"S00095023",145,133,12
"S00095024",88,80,8
"S00095025",145,125,20
"S00095026",184,172,12
"S00095027",103,97,6
"S00095028",117,109,8
"S00095029",146,135,11
"S00095030",170,148,22
"S00095031",127,114,13
"S00095032",114,95,19
"S00095033",125,112,13
"S00095034",79,71,8
"S00095035",121,110,11
"S00095036",123,100,23
"S00095037",124,105,19
"S00095038",81,64,17
"S00095039",85,61,24
"S00095040",90,76,14
"S00095041",102,83,19
"S00095042",68,54,14
"S00095043",109,89,20
"S00095044",101,75,26
"S00095045",132,102,30
"S00095046",131,115,16
"S00095047",75,69,6
"S00095048",124,107,17
"S00095049",70,35,35
"S00095050",70,55,15
"S00095051",93,73,20
"S00095052",110,96,14
"S00095053",95,63,32
"S00095054",84,70,14
"S00095055",150,122,28
"S00095056",109,90,19
"S00095057",113,97,16
"S00095058",153,133,20
"S00095059",158,123,35
"S00095060",82,72,10
"S00095061",142,115,27
"S00095062",108,91,17
"S00095063",88,75,13
"S00095064",146,127,19
"S00095065",148,121,27
"S00095066",159,124,35
"S00095067",103,85,18
"S00095068",101,79,22
"S00095069",145,126,19
"S00095070",102,84,18
"S00095071",123,103,20
"S00095072",96,83,13
"S00095073",104,94,10
"S00095074",53,38,15
"S00095075",95,76,19
"S00095076",61,48,13
"S00095077",116,96,20
"S00095078",126,101,25
"S00095079",116,93,23
"S00095080",107,78,29
"S00095081",132,100,32
"S00095082",97,65,32
"S00095083",148,104,44
"S00095084",98,78,20
"S00095085",121,109,12
"S00095086",207,177,30
"S00095087",97,85,12
"S00095088",89,67,22
"S00095089",122,106,16
"S00095090",109,93,16
"S00095091",168,122,46
"S00095092",121,100,21
"S00095093",185,156,29
"S00095094",143,103,40
"S00095095",109,94,15
"S00095096",139,109,30
"S00095097",54,45,9
"S00095098",61,35,26
"S00095099",71,59,12
"S00095100",161,148,13
"S00095101",109,95,14
"S00095102",119,104,15
"S00095103",139,115,24
"S00095104",71,65,6
"S00095105",107,91,16
"S00095106",139,122,17
"S00095107",72,61,11
"S00095108",100,78,22
"S00095109",85,65,20
"S00095110",81,60,21
"S00095111",136,105,31
"S00095112",52,40,12
"S00095113",142,110,32
"S00095114",73,65,8
"S00095115",77,63,14
"S00095116",90,76,14
"S00095117",134,118,16
"S00095118",95,86,9
"S00095119",72,66,6
"S00095120",92,74,18
"S00095121",134,109,25
"S00095122",100,79,21
"S00095123",165,139,26
"S00095124",106,90,16
"S00095125",62,54,8
"S00095126",99,88,11
"S00095127",121,105,16
"S00095128",178,150,28
"S00095129",79,64,15
"S00095130",154,121,33
"S00095131",110,91,19
"S00095132",166,113,53
"S00095133",135,97,38
"S00095134",167,142,25
"S00095135",114,64,50
"S00095136",59,54,5
"S00095137",88,78,10
"S00095138",72,53,19
"S00095139",109,84,25
"S00095140",89,71,18
"S00095141",80,56,24
"S00095142",92,66,26
"S00095143",73,59,14
"S00095144",103,61,42
"S00095145",77,48,29
"S00095146",64,54,10
"S00095147",71,57,14
"S00095148",76,65,11
"S00095149",59,47,12
"S00095150",95,60,35
"S00095151",83,72,11
"S00095152",119,93,26
"S00095153",83,71,12
"S00095154",137,125,12
"S00095155",97,73,24
"S00095156",66,43,23
"S00095157",87,75,12
"S00095158",89,60,29
"S00095159",106,88,18
"S00095160",140,112,28
"S00095161",84,62,22
"S00095162",98,81,17
"S00095163",121,108,13
"S00095164",74,61,13
"S00095165",95,78,17
"S00095166",171,148,23
"S00095167",120,106,14
"S00095168",114,94,20
"S00095169",155,125,30
"S00095170",56,53,3
"S00095171",101,87,14
"S00095172",125,100,25
"S00095173",141,110,31
"S00095174",159,130,29
"S00095175",146,118,28
"S00095176",80,66,14
"S00095177",140,118,22
"S00095178",82,74,8
"S00095179",111,93,18
"S00095180",125,111,14
"S00095181",123,111,12
"S00095182",172,146,26
"S00095183",123,101,22
"S00095184",80,58,22
"S00095185",79,72,7
"S00095186",90,65,25
"S00095187",98,77,21
"S00095188",85,64,21
"S00095189",115,100,15
"S00095190",115,100,15
"S00095191",144,123,21
"S00095192",95,91,4
"S00095193",93,80,13
"S00095194",62,58,4
"S00095195",112,97,15
"S00095196",95,81,14
"S00095197",150,128,22
"S00095198",103,94,9
"S00095199",74,41,33
"S00095200",84,71,13
"S00095201",129,108,21
"S00095202",137,112,25
"S00095203",90,65,25
"S00095204",108,92,16
"S00095205",102,77,25
"S00095206",73,62,11
"S00095207",109,87,22
"S00095208",68,56,12
"S00095209",136,111,25
"S00095210",69,55,14
"S00095211",115,79,36
"S00095212",95,84,11
"S00095213",88,75,13
"S00095214",136,119,17
"S00095215",111,92,19
"S00095216",113,102,11
"S00095217",142,128,14
"S00095218",96,78,18
"S00095219",156,130,26
"S00095220",57,47,10
"S00095221",78,74,4
"S00095222",98,94,4
"S00095223",87,71,16
"S00095224",100,82,18
"S00095225",82,71,11
"S00095226",116,104,12
"S00095227",66,59,7
"S00095228",79,58,21
"S00095229",79,61,18
"S00095230",71,59,12
"S00095231",69,60,9
"S00095232",50,39,11
"S00095233",115,104,11
"S00095234",115,95,20
"S00095235",177,118,59
"S00095236",109,86,23
"S00095237",98,77,21
"S00095238",105,85,20
"S00095239",94,74,20
"S00095240",66,48,18
"S00095241",129,107,22
"S00095242",89,66,23
"S00095243",114,94,20
"S00095244",157,131,26
"S00095245",146,130,16
"S00095246",133,119,14
"S00095247",122,104,18
"S00095248",158,132,26
"S00095249",87,71,16
"S00095250",63,49,14
"S00095251",101,79,22
"S00095252",83,70,13
"S00095253",108,97,11
"S00095254",116,97,19
"S00095255",111,89,22
"S00095256",65,53,12
"S00095257",108,93,15
"S00095258",95,92,3
"S00095259",208,198,10
"S00095260",106,89,17
"S00095261",62,60,2
"S00095262",139,106,33
"S00095263",146,130,16
"S00095264",100,83,17
"S00095265",70,51,19
"S00095266",104,84,20
"S00095267",69,60,9
"S00095268",99,84,15
"S00095269",65,34,31
"S00095270",125,108,17
"S00095271",88,70,18
"S00095272",86,75,11
"S00095273",109,90,19
"S00095274",120,104,16
"S00095275",152,133,19
"S00095276",146,124,22
"S00095277",120,105,15
"S00095278",118,99,19
"S00095279",112,87,25
"S00095280",71,61,10
"S00095281",120,91,29
"S00095282",135,112,23
"S00095283",124,109,15
"S00095284",102,81,21
"S00095285",71,61,10
"S00095286",121,103,18
"S00095287",94,84,10
"S00095288",118,101,17
"S00095289",143,121,22
"S00095290",77,65,12
"S00095291",124,96,28
"S00095292",131,106,25
"S00095293",65,61,4
"S00095294",52,42,10
"S00095295",107,103,4
"S00095296",95,73,22
"S00095297",53,46,7
"S00095298",76,65,11
"S00095299",110,80,30
"S00095300",120,81,39
"S00095301",154,141,13
"S00095302",143,124,19
"S00095303",74,66,8
"S00095304",70,57,13
"S00095305",133,112,21
"S00095306",86,65,21
"S00095307",113,103,10
"S00095308",120,97,23
"S00095309",123,103,20
"S00095310",90,78,12
"S00095311",110,100,10
"S00095312",127,114,13
"S00095313",127,101,26
"S00095314",130,111,19
"S00095315",104,95,9
"S00095316",141,126,15
"S00095317",112,89,23
"S00095318",94,79,15
"S00095319",56,50,6
"S00095320",94,82,12
"S00095321",97,92,5
"S00095322",86,68,18
"S00095323",104,90,14
"S00095324",116,97,19
"S00095325",106,83,23
"S00095326",111,88,23
"S00095327",95,65,30
"S00095328",80,64,16
"S00095329",106,86,20
"S00095330",140,112,28
"S00095331",154,126,28
"S00095332",98,83,15
"S00095333",100,89,11
"S00095334",140,120,20
"S00095335",132,94,38
"S00095336",104,84,20
"S00095337",157,136,21
"S00095338",121,95,26
"S00095339",88,73,15
"S00095340",109,90,19
"S00095341",191,159,32
"S00095342",108,98,10
"S00095343",107,88,19
"S00095344",80,58,22
"S00095345",127,89,38
"S00095346",141,100,41
"S00095347",93,74,19
"S00095348",94,86,8
"S00095349",114,86,28
"S00095350",80,45,35
"S00095351",133,113,20
"S00095352",190,169,21
"S00095353",123,104,19
"S00095354",75,61,14
"S00095355",169,146,23
"S00095356",115,100,15
"S00095357",70,57,13
"S00095358",262,248,14
"S00095359",89,71,18
"S00095360",58,47,11
"S00095361",92,73,19
"S00095362",128,115,13
"S00095363",119,93,26
"S00095364",117,91,26
"S00095365",87,71,16
"S00095366",150,128,22
"S00095367",127,113,14
"S00095368",91,70,21
"S00095369",192,170,22
"S00095370",116,84,32
"S00095371",151,130,21
"S00095372",86,64,22
"S00095373",160,132,28
"S00095374",99,77,22
"S00095375",110,87,23
"S00095376",98,86,12
"S00095377",128,105,23
"S00095378",110,92,18
"S00095379",132,106,26
"S00095380",160,113,47
"S00095381",127,103,24
"S00095382",100,83,17
"S00095383",124,109,15
"S00095384",132,109,23
"S00095385",112,88,24
"S00095386",100,89,11
"S00095387",178,154,24
"S00095388",106,82,24
"S00095389",142,126,16
"S00095390",141,125,16
"S00095391",64,30,34
"S00095392",114,89,25
"S00095393",130,112,18
"S00095394",68,53,15
"S00095395",77,69,8
"S00095396",109,59,50
"S00095397",152,125,27
"S00095398",93,62,31
"S00095399",164,123,41
"S00095400",175,158,17
"S00095401",58,49,9
"S00095402",128,108,20
"S00095403",125,101,24
"S00095404",97,51,46
"S00095405",179,166,13
"S00095406",118,99,19
"S00095407",110,89,21
"S00095408",152,139,13
"S00095409",157,137,20
"S00095410",141,107,34
"S00095411",136,115,21
"S00095412",71,66,5
"S00095413",109,89,20
"S00095414",146,117,29
"S00095415",90,75,15
"S00095416",101,90,11
"S00095417",112,101,11
"S00095418",154,134,20
"S00095419",133,106,27
"S00095420",121,101,20
"S00095421",77,69,8
"S00095422",66,52,14
"S00095423",149,129,20
"S00095424",125,107,18
"S00095425",104,96,8
"S00095426",148,132,16
"S00095427",155,135,20
"S00095428",91,74,17
"S00095429",62,36,26
"S00095430",124,111,13
"S00095431",109,89,20
"S00095432",117,93,24
"S00095433",161,132,29
"S00095434",143,118,25
"S00095435",64,54,10
"S00095436",89,70,19
"S00095437",104,85,19
"S00095438",76,56,20
"S00095439",61,58,3
"S00095440",86,76,10
"S00095441",91,55,36
"S00095442",176,130,46
"S00095443",156,138,18
"S00095444",84,70,14
"S00095445",92,80,12
"S00095446",100,83,17
"S00095447",55,52,3
"S00095448",134,123,11
"S00095449",130,96,34
"S00095450",66,57,9
"S00095451",84,60,24
"S00095452",97,79,18
"S00095453",56,45,11
"S00095454",53,38,15
"S00095455",71,64,7
"S00095456",135,121,14
"S00095457",113,107,6
"S00095458",85,78,7
"S00095459",153,139,14
"S00095460",74,66,8
"S00095461",128,111,17
"S00095462",118,91,27
"S00095463",147,125,22
"S00095464",128,104,24
"S00095465",83,59,24
"S00095466",156,143,13
"S00095467",170,148,22
"S00095468",145,130,15
"S00095469",74,66,8
"S00095470",91,65,26
"S00095471",120,102,18
"S00095472",82,76,6
"S00095473",165,144,21
"S00095474",56,51,5
"S00095475",88,80,8
"S00095476",109,97,12
"S00095477",106,94,12
"S00095478",148,109,39
"S00095479",115,98,17
"S00095480",107,96,11
"S00095481",127,97,30
"S00095482",137,112,25
"S00095483",114,99,15
"S00095484",133,119,14
"S00095485",83,69,14
"S00095486",115,99,16
"S00095487",147,124,23
"S00095488",125,114,11
"S00095489",157,139,18
"S00095490",118,97,21
"S00095491",147,132,15
"S00095492",126,96,30
"S00095493",101,69,32
"S00095494",153,123,30
"S00095495",82,52,30
"S00095496",199,174,25
"S00095497",209,187,22
"S00095498",63,56,7
"S00095499",92,62,30
"S00095500",114,90,24
"S00095501",67,54,13
"S00095502",99,90,9
"S00095503",79,58,21
"S00095504",90,64,26
"S00095505",108,90,18
"S00095506",125,104,21
"S00095507",130,110,20
"S00095508",183,156,27
"S00095509",96,80,16
"S00095510",114,82,32
"S00095511",174,143,31
"S00095512",97,78,19
"S00095513",84,72,12
"S00095514",125,105,20
"S00095515",93,87,6
"S00095516",150,135,15
"S00095517",138,129,9
"S00095518",141,110,31
"S00095519",95,76,19
"S00095520",144,129,15
"S00095521",141,128,13
"S00095522",64,34,30
"S00095523",114,94,20
"S00095524",144,119,25
"S00095525",131,121,10
"S00095526",197,180,17
"S00095527",128,106,22
"S00095528",107,76,31
"S00095529",50,22,28
"S00095530",141,128,13
"S00095531",118,85,33
"S00095532",111,97,14
"S00095533",97,80,17
"S00095534",96,82,14
"S00095535",149,111,38
"S00095536",88,70,18
"S00095537",94,79,15
"S00095538",105,75,30
"S00095539",138,115,23
"S00095540",57,54,3
"S00095541",67,61,6
"S00095542",110,93,17
"S00095543",156,140,16
"S00095544",102,90,12
"S00095545",127,110,17
"S00095546",156,130,26
"S00095547",163,136,27
"S00095548",68,59,9
"S00095549",124,94,30
"S00095550",149,129,20
"S00095551",135,113,22
"S00095552",123,106,17
"S00095553",87,68,19
"S00095554",118,96,22
"S00095555",87,76,11
"S00095556",125,95,30
"S00095557",121,90,31
"S00095558",80,70,10
"S00095559",100,83,17
"S00095560",109,89,20
"S00095561",53,40,13
"S00095562",81,58,23
"S00095563",132,102,30
"S00095564",181,155,26
"S00095565",184,147,37
"S00095566",179,150,29
"S00095567",151,122,29
"S00095568",145,123,22
"S00095569",136,108,28
"S00095570",117,98,19
"S00095571",108,83,25
"S00095572",121,95,26
"S00095573",86,62,24
"S00095574",94,70,24
"S00095575",111,98,13
"S00095576",102,74,28
"S00095577",88,46,42
"S00095578",91,52,39
"S00095579",106,92,14
"S00095580",106,84,22
"S00095581",122,106,16
"S00095582",68,47,21
"S00095583",132,105,27
"S00095584",83,67,16
"S00095585",147,117,30
"S00095586",193,162,31
"S00095587",86,69,17
"S00095588",76,67,9
"S00095589",129,94,35
"S00095590",87,59,28
"S00095591",87,69,18
"S00095592",101,83,18
"S00095593",144,138,6
"S00095594",84,73,11
"S00095595",123,118,5
"S00095596",105,100,5
"S00095597",90,74,16
"S00095598",85,62,23
"S00095599",107,83,24
"S00095600",106,90,16
"S00095601",76,54,22
"S00095602",133,108,25
"S00095603",98,79,19
"S00095604",116,105,11
"S00095605",133,122,11
"S00095606",69,63,6
"S00095607",99,89,10
"S00095608",150,142,8
"S00095609",85,77,8
"S00095610",176,147,29
"S00095611",159,143,16
"S00095612",110,104,6
"S00095613",96,84,12
"S00095614",107,96,11
"S00095615",168,145,23
"S00095616",119,99,20
"S00095617",82,76,6
"S00095618",94,83,11
"S00095619",122,110,12
"S00095620",77,68,9
"S00095621",94,86,8
"S00095622",96,77,19
"S00095623",84,73,11
"S00095624",100,95,5
"S00095625",82,69,13
"S00095626",94,91,3
"S00095627",87,60,27
"S00095628",77,64,13
"S00095629",132,96,36
"S00095630",109,90,19
"S00095631",52,42,10
"S00095632",96,86,10
"S00095633",59,49,10
"S00095634",62,55,7
"S00095635",90,78,12
"S00095636",92,70,22
"S00095637",67,51,16
"S00095638",169,161,8
"S00095639",91,80,11
"S00095640",71,55,16
"S00095641",111,98,13
"S00095642",91,76,15
"S00095643",77,61,16
"S00095644",65,57,8
"S00095645",98,84,14
"S00095646",66,53,13
"S00095647",174,158,16
"S00095648",129,110,19
"S00095649",81,65,16
"S00095650",65,57,8
"S00095651",141,131,10
"S00095652",81,65,16
"S00095653",97,85,12
"S00095654",129,115,14
"S00095655",98,88,10
"S00095656",84,57,27
"S00095657",94,84,10
"S00095658",51,41,10
"S00095659",83,62,21
"S00095660",115,63,52
"S00095661",122,108,14
"S00095662",110,96,14
"S00095663",115,90,25
"S00095664",96,65,31
"S00095665",57,51,6
"S00095666",78,66,12
"S00095667",63,53,10
"S00095668",124,112,12
"S00095669",89,84,5
"S00095670",118,99,19
"S00095671",90,79,11
"S00095672",118,95,23
"S00095673",121,112,9
"S00095674",104,82,22
"S00095675",97,83,14
"S00095676",72,50,22
"S00095677",69,46,23
"S00095678",167,165,2
"S00095679",138,127,11
"S00095680",113,94,19
"S00095681",72,49,23
"S00095682",76,66,10
"S00095683",88,72,16
"S00095684",92,61,31
"S00095685",66,50,16
"S00095686",111,81,30
"S00095687",72,48,24
"S00095688",108,101,7
"S00095689",55,38,17
"S00095690",96,74,22
"S00095691",122,84,38
"S00095692",86,73,13
"S00095693",172,150,22
"S00095694",111,99,12
"S00095695",83,64,19
"S00095696",57,46,11
"S00095697",120,108,12
"S00095698",153,142,11
"S00095699",102,82,20
"S00095700",87,80,7
"S00095701",143,117,26
"S00095702",96,82,14
"S00095703",85,81,4
"S00095704",147,127,20
"S00095705",60,44,16
"S00095706",132,102,30
"S00095707",145,115,30
"S00095708",188,170,18
"S00095709",163,148,15
"S00095710",77,67,10
"S00095711",136,130,6
"S00095712",163,150,13
"S00095713",113,97,16
"S00095714",100,89,11
"S00095715",205,194,11
"S00095716",101,90,11
"S00095717",82,79,3
"S00095718",101,92,9
"S00095719",125,118,7
"S00095720",114,108,6
"S00095721",76,63,13
"S00095722",128,86,42
"S00095723",169,154,15
"S00095724",67,61,6
"S00095725",163,157,6
"S00095726",202,194,8
"S00095727",134,124,10
"S00095728",104,101,3
"S00095729",96,86,10
"S00095730",125,110,15
"S00095731",157,139,18
"S00095732",187,170,17
"S00095733",75,74,1
"S00095734",180,169,11
"S00095735",73,68,5
"S00095736",109,96,13
"S00095737",85,74,11
"S00095738",76,67,9
"S00095739",101,90,11
"S00095740",78,62,16
"S00095741",58,43,15
"S00095742",102,83,19
"S00095743",89,82,7
"S00095744",102,91,11
"S00095745",83,67,16
"S00095746",65,53,12
"S00095747",116,95,21
"S00095748",131,113,18
"S00095749",91,78,13
"S00095750",115,85,30
"S00095751",69,57,12
"S00095752",80,50,30
"S00095753",73,63,10
"S00095754",61,49,12
"S00095755",84,67,17
"S00095756",97,82,15
"S00095757",97,78,19
"S00095758",117,97,20
"S00095759",58,26,32
"S00095760",141,102,39
"S00095761",58,33,25
"S00095762",83,71,12
"S00095763",58,49,9
"S00095764",87,67,20
"S00095765",119,99,20
"S00095766",109,92,17
"S00095767",54,40,14
"S00095768",91,58,33
"S00095769",65,51,14
"S00095770",96,77,19
"S00095771",133,103,30
"S00095772",122,119,3
"S00095773",97,88,9
"S00095774",96,76,20
"S00095775",100,83,17
"S00095776",98,86,12
"S00095777",56,30,26
"S00095778",92,77,15
"S00095779",85,67,18
"S00095780",92,77,15
"S00095781",102,89,13
"S00095782",151,137,14
"S00095783",71,63,8
"S00095784",122,99,23
"S00095785",88,79,9
"S00095786",145,130,15
"S00095787",100,92,8
"S00095788",188,161,27
"S00095789",190,182,8
"S00095790",143,133,10
"S00095791",171,150,21
"S00095792",78,63,15
"S00095793",133,108,25
"S00095794",99,81,18
"S00095795",100,70,30
"S00095796",55,44,11
"S00095797",80,67,13
"S00095798",92,68,24
"S00095799",56,34,22
"S00095800",147,126,21
"S00095801",159,141,18
"S00095802",171,149,22
"S00095803",79,76,3
"S00095804",119,109,10
"S00095805",143,117,26
"S00095806",87,73,14
"S00095807",92,83,9
"S00095808",142,114,28
"S00095809",65,49,16
"S00095810",78,58,20
"S00095811",105,73,32
"S00095812",162,134,28
"S00095813",100,91,9
"S00095814",69,69,0
"S00095815",108,100,8
"S00095816",116,104,12
"S00095817",111,91,20
"S00095818",92,86,6
"S00095819",58,44,14
"S00095820",123,97,26
"S00095821",106,89,17
"S00095822",65,62,3
"S00095823",146,128,18
"S00095824",160,148,12
"S00095825",93,89,4
"S00095826",60,57,3
"S00095827",82,62,20
"S00095828",152,125,27
"S00095829",89,74,15
"S00095830",59,42,17
"S00095831",186,169,17
"S00095832",178,164,14
"S00095833",64,52,12
"S00095834",102,94,8
"S00095835",59,44,15
"S00095836",146,139,7
"S00095837",125,118,7
"S00095838",111,103,8
"S00095839",151,142,9
"S00095840",135,124,11
"S00095841",161,151,10
"S00095842",136,125,11
"S00095843",164,149,15
"S00095844",166,149,17
"S00095845",104,98,6
"S00095846",145,124,21
"S00095847",140,97,43
"S00095848",91,78,13
"S00095849",121,105,16
"S00095850",76,55,21
"S00095851",106,65,41
"S00095852",96,82,14
"S00095853",111,91,20
"S00095854",70,49,21
"S00095855",121,88,33
"S00095856",127,96,31
"S00095857",103,83,20
"S00095858",111,97,14
"S00095859",70,48,22
"S00095860",96,76,20
"S00095861",149,115,34
"S00095862",197,164,33
"S00095863",126,106,20
"S00095864",108,89,19
"S00095865",110,82,28
"S00095866",92,83,9
"S00095867",113,101,12
"S00095868",126,102,24
"S00095869",155,97,58
"S00095870",141,97,44
"S00095871",170,152,18
"S00095872",109,84,25
"S00095873",155,130,25
"S00095874",143,122,21
"S00095875",127,96,31
"S00095876",151,136,15
"S00095877",86,71,15
"S00095878",220,204,16
"S00095879",143,104,39
"S00095880",104,80,24
"S00095881",64,49,15
"S00095882",157,131,26
"S00095883",122,83,39
"S00095884",142,107,35
"S00095885",131,97,34
"S00095886",140,110,30
"S00095887",159,115,44
"S00095888",87,63,24
"S00095889",79,62,17
"S00095890",95,65,30
"S00095891",111,98,13
"S00095892",101,95,6
"S00095893",103,92,11
"S00095894",127,99,28
"S00095895",224,184,40
"S00095896",118,84,34
"S00095897",126,105,21
"S00095898",99,66,33
"S00095899",64,48,16
"S00095900",68,48,20
"S00095901",86,57,29
"S00095902",96,72,24
"S00095903",77,56,21
"S00095904",85,60,25
"S00095905",97,75,22
"S00095906",124,112,12
"S00095907",185,165,20
"S00095908",71,39,32
"S00095909",82,47,35
"S00095910",56,44,12
"S00095911",123,106,17
"S00095912",161,147,14
"S00095913",85,60,25
"S00095914",89,69,20
"S00095915",89,67,22
"S00095916",140,105,35
"S00095917",123,105,18
"S00095918",130,89,41
"S00095919",68,57,11
"S00095920",133,98,35
"S00095921",86,66,20
"S00095922",84,60,24
"S00095923",146,118,28
"S00095924",145,104,41
"S00095925",118,93,25
"S00095926",121,107,14
"S00095927",129,98,31
"S00095928",154,139,15
"S00095929",142,129,13
"S00095930",131,114,17
"S00095931",137,100,37
"S00095932",109,83,26
"S00095933",144,115,29
"S00095934",89,82,7
"S00095935",90,60,30
"S00095936",141,116,25
"S00095937",138,105,33
"S00095938",151,105,46
"S00095939",144,106,38
"S00095940",147,121,26
"S00095941",149,116,33
"S00095942",114,85,29
"S00095943",127,103,24
"S00095944",65,56,9
"S00095945",129,103,26
"S00095946",132,100,32
"S00095947",187,148,39
"S00095948",52,47,5
"S00095949",119,94,25
"S00095950",156,124,32
"S00095951",174,124,50
"S00095952",113,88,25
"S00095953",85,72,13
"S00095954",52,39,13
"S00095955",134,104,30
"S00095956",138,98,40
"S00095957",122,81,41
"S00095958",147,117,30
"S00095959",131,122,9
"S00095960",87,73,14
"S00095961",121,92,29
"S00095962",82,61,21
"S00095963",107,84,23
"S00095964",122,112,10
"S00095965",142,104,38
"S00095966",84,60,24
"S00095967",111,82,29
"S00095968",185,146,39
"S00095969",128,87,41
"S00095970",136,101,35
"S00095971",86,62,24
"S00095972",117,96,21
"S00095973",101,81,20
"S00095974",112,91,21
"S00095975",136,96,40
"S00095976",143,111,32
"S00095977",70,47,23
"S00095978",113,89,24
"S00095979",192,163,29
"S00095980",174,141,33
"S00095981",161,114,47
"S00095982",78,71,7
"S00095983",123,87,36
"S00095984",166,148,18
"S00095985",126,99,27
"S00095986",116,104,12
"S00095987",112,88,24
"S00095988",108,78,30
"S00095989",114,85,29
"S00095990",99,77,22
"S00095991",92,50,42
"S00095992",109,92,17
"S00095993",175,145,30
"S00095994",91,69,22
"S00095995",182,150,32
"S00095996",129,95,34
"S00095997",162,119,43
"S00095998",105,90,15
"S00095999",115,97,18
"S00096000",115,97,18
"S00096001",213,187,26
"S00096002",124,96,28
"S00096003",131,104,27
"S00096004",129,92,37
"S00096005",118,84,34
"S00096006",142,99,43
"S00096007",101,77,24
"S00096008",101,79,22
"S00096009",161,140,21
"S00096010",182,134,48
"S00096011",128,102,26
"S00096012",92,70,22
"S00096013",86,66,20
"S00096014",106,92,14
"S00096015",106,87,19
"S00096016",165,142,23
"S00096017",93,73,20
"S00096018",121,96,25
"S00096019",126,114,12
"S00096020",82,72,10
"S00096021",132,84,48
"S00096022",107,75,32
"S00096023",92,71,21
"S00096024",55,37,18
"S00096025",93,64,29
"S00096026",114,101,13
"S00096027",71,55,16
"S00096028",107,83,24
"S00096029",77,62,15
"S00096030",149,114,35
"S00096031",173,132,41
"S00096032",109,87,22
"S00096033",116,96,20
"S00096034",89,70,19
"S00096035",71,51,20
"S00096036",141,120,21
"S00096037",129,109,20
"S00096038",161,130,31
"S00096039",107,88,19
"S00096040",100,82,18
"S00096041",117,88,29
"S00096042",103,85,18
"S00096043",158,135,23
"S00096044",107,92,15
"S00096045",116,93,23
"S00096046",106,94,12
"S00096047",88,72,16
"S00096048",102,72,30
"S00096049",118,101,17
"S00096050",106,96,10
"S00096051",89,78,11
"S00096052",117,104,13
"S00096053",121,109,12
"S00096054",162,151,11
"S00096055",93,72,21
"S00096056",118,102,16
"S00096057",104,71,33
"S00096058",161,126,35
"S00096059",121,95,26
"S00096060",107,95,12
"S00096061",149,130,19
"S00096062",145,131,14
"S00096063",75,61,14
"S00096064",126,99,27
"S00096065",139,105,34
"S00096066",89,61,28
"S00096067",87,63,24
"S00096068",109,89,20
"S00096069",110,105,5
"S00096070",92,79,13
"S00096071",93,81,12
"S00096072",151,117,34
"S00096073",117,99,18
"S00096074",78,62,16
"S00096075",74,57,17
"S00096076",82,67,15
"S00096077",155,131,24
"S00096078",154,118,36
"S00096079",109,93,16
"S00096080",84,73,11
"S00096081",109,80,29
"S00096082",98,81,17
"S00096083",139,127,12
"S00096084",112,97,15
"S00096085",117,93,24
"S00096086",62,50,12
"S00096087",100,84,16
"S00096088",77,55,22
"S00096089",165,153,12
"S00096090",104,83,21
"S00096091",151,136,15
"S00096092",98,78,20
"S00096093",83,64,19
"S00096094",118,95,23
"S00096095",89,72,17
"S00096096",99,81,18
"S00096097",106,85,21
"S00096098",129,108,21
"S00096099",106,95,11
"S00096100",103,94,9
"S00096101",147,111,36
"S00096102",55,52,3
"S00096103",131,103,28
"S00096104",111,103,8
"S00096105",162,148,14
"S00096106",100,81,19
"S00096107",91,81,10
"S00096108",73,44,29
"S00096109",115,79,36
"S00096110",120,103,17
"S00096111",122,109,13
"S00096112",194,182,12
"S00096113",97,78,19
"S00096114",145,129,16
"S00096115",168,153,15
"S00096116",69,53,16
"S00096117",156,114,42
"S00096118",185,161,24
"S00096119",104,90,14
"S00096120",113,95,18
"S00096121",103,85,18
"S00096122",146,113,33
"S00096123",87,68,19
"S00096124",100,79,21
"S00096125",131,104,27
"S00096126",80,51,29
"S00096127",110,93,17
"S00096128",114,95,19
"S00096129",138,124,14
"S00096130",78,58,20
"S00096131",89,69,20
"S00096132",130,119,11
"S00096133",59,46,13
"S00096134",102,76,26
"S00096135",62,57,5
"S00096136",66,51,15
"S00096137",61,49,12
"S00096138",90,77,13
"S00096139",126,112,14
"S00096140",80,69,11
"S00096141",99,97,2
"S00096142",169,163,6
"S00096143",97,84,13
"S00096144",207,200,7
"S00096145",157,153,4
"S00096146",106,78,28
"S00096147",53,44,9
"S00096148",56,48,8
"S00096149",62,51,11
"S00096150",92,82,10
"S00096151",114,102,12
"S00096152",65,55,10
"S00096153",101,90,11
"S00096154",83,66,17
"S00096155",166,141,25
"S00096156",95,85,10
"S00096157",113,96,17
"S00096158",137,124,13
"S00096159",190,175,15
"S00096160",193,179,14
"S00096161",122,122,0
"S00096162",831,619,212
"S00096163",84,66,18
"S00096164",87,57,30
"S00096165",190,168,22
"S00096166",123,112,11
"S00096167",196,179,17
"S00096168",124,117,7
"S00096169",205,196,9
"S00096170",140,117,23
"S00096171",115,102,13
"S00096172",150,143,7
"S00096173",128,97,31
"S00096174",76,70,6
"S00096175",82,77,5
"S00096176",179,170,9
"S00096177",153,134,19
"S00096178",71,65,6
"S00096179",87,48,39
"S00096180",136,99,37
"S00096181",63,53,10
"S00096182",93,61,32
"S00096183",99,72,27
"S00096184",108,69,39
"S00096185",80,51,29
"S00096186",85,65,20
"S00096187",55,41,14
"S00096188",86,69,17
"S00096189",161,116,45
"S00096190",136,100,36
"S00096191",52,31,21
"S00096192",93,70,23
"S00096193",124,98,26
"S00096194",200,184,16
"S00096195",139,115,24
"S00096196",157,141,16
"S00096197",120,113,7
"S00096198",156,130,26
"S00096199",131,103,28
"S00096200",70,59,11
"S00096201",117,99,18
"S00096202",84,55,29
"S00096203",142,116,26
"S00096204",186,165,21
"S00096205",96,64,32
"S00096206",61,50,11
"S00096207",139,105,34
"S00096208",141,128,13
"S00096209",161,143,18
"S00096210",147,134,13
"S00096211",114,102,12
"S00096212",131,121,10
"S00096213",132,111,21
"S00096214",91,82,9
"S00096215",160,145,15
"S00096216",180,162,18
"S00096217",88,84,4
"S00096218",163,145,18
"S00096219",128,114,14
"S00096220",50,17,33
"S00096221",142,90,52
"S00096222",152,101,51
"S00096223",95,74,21
"S00096224",140,121,19
"S00096225",128,105,23
"S00096226",164,138,26
"S00096227",53,36,17
"S00096228",133,117,16
"S00096229",92,78,14
"S00096230",139,103,36
"S00096231",74,68,6
"S00096232",148,112,36
"S00096233",65,54,11
"S00096234",133,99,34
"S00096235",123,109,14
"S00096236",92,72,20
"S00096237",69,63,6
"S00096238",102,85,17
"S00096239",67,56,11
"S00096240",75,59,16
"S00096241",105,86,19
"S00096242",175,168,7
"S00096243",136,78,58
"S00096244",61,46,15
"S00096245",187,173,14
"S00096246",193,177,16
"S00096247",95,85,10
"S00096248",116,105,11
"S00096249",99,95,4
"S00096250",144,106,38
"S00096251",182,144,38
"S00096252",106,91,15
"S00096253",179,144,35
"S00096254",104,97,7
"S00096255",204,179,25
"S00096256",109,91,18
"S00096257",100,89,11
"S00096258",104,92,12
"S00096259",164,136,28
"S00096260",97,83,14
"S00096261",61,49,12
"S00096262",126,93,33
"S00096263",66,63,3
"S00096264",172,162,10
"S00096265",93,89,4
"S00096266",94,70,24
"S00096267",90,80,10
"S00096268",142,128,14
"S00096269",58,48,10
"S00096270",121,104,17
"S00096271",107,84,23
"S00096272",142,115,27
"S00096273",61,47,14
"S00096274",91,68,23
"S00096275",104,78,26
"S00096276",103,88,15
"S00096277",129,118,11
"S00096278",132,90,42
"S00096279",103,72,31
"S00096280",89,74,15
"S00096281",104,84,20
"S00096282",89,60,29
"S00096283",127,91,36
"S00096284",98,70,28
"S00096285",99,77,22
"S00096286",67,48,19
"S00096287",68,56,12
"S00096288",85,67,18
"S00096289",94,64,30
"S00096290",85,60,25
"S00096291",110,93,17
"S00096292",82,59,23
"S00096293",52,43,9
"S00096294",106,64,42
"S00096295",197,153,44
"S00096296",56,37,19
"S00096297",77,57,20
"S00096298",99,85,14
"S00096299",61,52,9
"S00096300",110,75,35
"S00096301",58,38,20
"S00096302",120,84,36
"S00096303",70,59,11
"S00096304",117,88,29
"S00096305",64,53,11
"S00096306",117,102,15
"S00096307",132,110,22
"S00096308",131,110,21
"S00096309",127,113,14
"S00096310",138,122,16
"S00096311",107,99,8
"S00096312",101,81,20
"S00096313",117,103,14
"S00096314",101,81,20
"S00096315",119,99,20
"S00096316",62,52,10
"S00096317",100,88,12
"S00096318",115,97,18
"S00096319",86,72,14
"S00096320",118,83,35
"S00096321",199,167,32
"S00096322",83,49,34
"S00096323",78,44,34
"S00096324",112,68,44
"S00096325",118,94,24
"S00096326",119,90,29
"S00096327",103,89,14
"S00096328",99,49,50
"S00096329",85,71,14
"S00096330",60,17,43
"S00096331",111,84,27
"S00096332",120,99,21
"S00096333",118,100,18
"S00096334",102,82,20
"S00096335",134,115,19
"S00096336",135,106,29
"S00096337",69,27,42
"S00096338",101,51,50
"S00096339",104,80,24
"S00096340",94,57,37
"S00096341",79,55,24
"S00096342",125,98,27
"S00096343",86,59,27
"S00096344",127,110,17
"S00096345",94,82,12
"S00096346",113,73,40
"S00096347",117,100,17
"S00096348",93,47,46
"S00096349",89,64,25
"S00096350",65,45,20
"S00096351",196,146,50
"S00096352",140,97,43
"S00096353",64,45,19
"S00096354",91,67,24
"S00096355",173,145,28
"S00096356",135,91,44
"S00096357",150,107,43
"S00096358",84,65,19
"S00096359",63,39,24
"S00096360",85,56,29
"S00096361",82,56,26
"S00096362",78,52,26
"S00096363",80,63,17
"S00096364",86,55,31
"S00096365",96,84,12
"S00096366",126,91,35
"S00096367",155,134,21
"S00096368",94,69,25
"S00096369",228,208,20
"S00096370",90,82,8
"S00096371",96,77,19
"S00096372",109,78,31
"S00096373",127,103,24
"S00096374",162,133,29
"S00096375",149,118,31
"S00096376",108,90,18
"S00096377",154,124,30
"S00096378",87,72,15
"S00096379",106,82,24
"S00096380",148,131,17
"S00096381",107,84,23
"S00096382",76,60,16
"S00096383",112,86,26
"S00096384",126,95,31
"S00096385",105,78,27
"S00096386",170,143,27
"S00096387",167,125,42
"S00096388",167,131,36
"S00096389",105,76,29
"S00096390",187,154,33
"S00096391",176,133,43
"S00096392",59,43,16
"S00096393",90,70,20
"S00096394",84,62,22
"S00096395",136,97,39
"S00096396",150,121,29
"S00096397",134,93,41
"S00096398",134,109,25
"S00096399",82,58,24
"S00096400",84,66,18
"S00096401",102,83,19
"S00096402",107,76,31
"S00096403",77,71,6
"S00096404",56,48,8
"S00096405",84,66,18
"S00096406",73,57,16
"S00096407",135,108,27
"S00096408",110,85,25
"S00096409",128,98,30
"S00096410",68,50,18
"S00096411",148,119,29
"S00096412",53,29,24
"S00096413",123,97,26
"S00096414",172,136,36
"S00096415",140,115,25
"S00096416",103,82,21
"S00096417",71,51,20
"S00096418",111,81,30
"S00096419",109,85,24
"S00096420",84,67,17
"S00096421",125,88,37
"S00096422",169,134,35
"S00096423",161,149,12
"S00096424",124,99,25
"S00096425",171,134,37
"S00096426",87,77,10
"S00096427",131,108,23
"S00096428",122,110,12
"S00096429",89,73,16
"S00096430",117,104,13
"S00096431",72,59,13
"S00096432",65,50,15
"S00096433",52,35,17
"S00096434",71,52,19
"S00096435",66,62,4
"S00096436",198,182,16
"S00096437",54,13,41
"S00096438",66,33,33
"S00096439",69,56,13
"S00096440",66,36,30
"S00096441",55,37,18
"S00096442",68,36,32
"S00096443",85,68,17
"S00096444",122,111,11
"S00096445",110,76,34
"S00096446",87,55,32
"S00096447",105,90,15
"S00096448",73,55,18
"S00096449",133,114,19
"S00096450",94,70,24
"S00096451",148,131,17
"S00096452",124,105,19
"S00096453",74,50,24
"S00096454",133,118,15
"S00096455",112,95,17
"S00096456",105,96,9
"S00096457",76,58,18
"S00096458",106,85,21
"S00096459",115,103,12
"S00096460",107,67,40
"S00096461",110,74,36
"S00096462",105,84,21
"S00096463",119,87,32
"S00096464",123,90,33
"S00096465",138,92,46
"S00096466",75,48,27
"S00096467",94,47,47
"S00096468",74,50,24
"S00096469",148,120,28
"S00096470",108,97,11
"S00096471",57,47,10
"S00096472",144,121,23
"S00096473",95,45,50
"S00096474",135,120,15
"S00096475",109,103,6
"S00096476",119,94,25
"S00096477",128,99,29
"S00096478",91,75,16
"S00096479",143,97,46
"S00096480",112,100,12
"S00096481",132,57,75
"S00096482",133,105,28
"S00096483",127,97,30
"S00096484",102,86,16
"S00096485",66,59,7
"S00096486",192,176,16
"S00096487",108,94,14
"S00096488",90,65,25
"S00096489",92,80,12
"S00096490",71,38,33
"S00096491",58,48,10
"S00096492",150,128,22
"S00096493",165,148,17
"S00096494",177,158,19
"S00096495",157,136,21
"S00096496",125,109,16
"S00096497",114,105,9
"S00096498",106,91,15
"S00096499",56,52,4
"S00096500",61,46,15
"S00096501",119,105,14
"S00096502",82,62,20
"S00096503",80,71,9
"S00096504",126,103,23
"S00096505",109,94,15
"S00096506",131,105,26
"S00096507",136,113,23
"S00096508",86,66,20
"S00096509",106,89,17
"S00096510",91,71,20
"S00096511",105,72,33
"S00096512",102,68,34
"S00096513",170,148,22
"S00096514",94,72,22
"S00096515",91,69,22
"S00096516",126,88,38
"S00096517",189,161,28
"S00096518",111,88,23
"S00096519",145,111,34
"S00096520",110,77,33
"S00096521",147,118,29
"S00096522",90,87,3
"S00096523",151,121,30
"S00096524",117,91,26
"S00096525",65,53,12
"S00096526",167,147,20
"S00096527",106,89,17
"S00096528",70,57,13
"S00096529",101,94,7
"S00096530",142,136,6
"S00096531",78,22,56
"S00096532",84,76,8
"S00096533",86,54,32
"S00096534",75,31,44
"S00096535",82,33,49
"S00096536",195,128,67
"S00096537",96,69,27
"S00096538",85,77,8
"S00096539",76,50,26
"S00096540",146,103,43
"S00096541",100,84,16
"S00096542",113,68,45
"S00096543",101,75,26
"S00096544",120,83,37
"S00096545",87,45,42
"S00096546",60,40,20
"S00096547",85,58,27
"S00096548",121,101,20
"S00096549",118,83,35
"S00096550",147,122,25
"S00096551",88,73,15
"S00096552",88,61,27
"S00096553",137,102,35
"S00096554",77,50,27
"S00096555",227,183,44
"S00096556",142,104,38
"S00096557",60,42,18
"S00096558",168,137,31
"S00096559",106,83,23
"S00096560",92,67,25
"S00096561",77,63,14
"S00096562",95,70,25
"S00096563",168,126,42
"S00096564",105,81,24
"S00096565",62,47,15
"S00096566",118,91,27
"S00096567",120,109,11
"S00096568",134,129,5
"S00096569",89,73,16
"S00096570",117,100,17
"S00096571",184,146,38
"S00096572",86,62,24
"S00096573",99,89,10
"S00096574",112,81,31
"S00096575",65,58,7
"S00096576",112,89,23
"S00096577",93,77,16
"S00096578",83,54,29
"S00096579",143,135,8
"S00096580",93,73,20
"S00096581",101,85,16
"S00096582",93,81,12
"S00096583",92,81,11
"S00096584",99,82,17
"S00096585",61,52,9
"S00096586",83,72,11
"S00096587",176,171,5
"S00096588",82,65,17
"S00096589",90,69,21
"S00096590",97,84,13
"S00096591",70,61,9
"S00096592",83,76,7
"S00096593",54,34,20
"S00096594",75,64,11
"S00096595",88,71,17
"S00096596",67,48,19
"S00096597",94,73,21
"S00096598",54,44,10
"S00096599",93,76,17
"S00096600",80,52,28
"S00096601",110,87,23
"S00096602",94,85,9
"S00096603",117,68,49
"S00096604",122,100,22
"S00096605",87,46,41
"S00096606",71,55,16
"S00096607",95,61,34
"S00096608",118,97,21
"S00096609",149,137,12
"S00096610",87,63,24
"S00096611",232,214,18
"S00096612",94,88,6
"S00096613",57,47,10
"S00096614",67,58,9
"S00096615",78,65,13
"S00096616",121,91,30
"S00096617",98,72,26
"S00096618",109,88,21
"S00096619",73,60,13
"S00096620",90,75,15
"S00096621",89,69,20
"S00096622",77,55,22
"S00096623",116,88,28
"S00096624",83,69,14
"S00096625",146,138,8
"S00096626",111,88,23
"S00096627",75,63,12
"S00096628",131,105,26
"S00096629",84,63,21
"S00096630",115,92,23
"S00096631",103,92,11
"S00096632",106,83,23
"S00096633",100,68,32
"S00096634",77,44,33
"S00096635",113,94,19
"S00096636",88,61,27
"S00096637",89,50,39
"S00096638",77,50,27
"S00096639",69,61,8
"S00096640",87,59,28
"S00096641",92,82,10
"S00096642",138,128,10
"S00096643",166,149,17
"S00096644",116,97,19
"S00096645",82,64,18
"S00096646",88,76,12
"S00096647",137,118,19
"S00096648",60,48,12
"S00096649",117,101,16
"S00096650",94,79,15
"S00096651",227,203,24
"S00096652",170,149,21
"S00096653",73,65,8
"S00096654",168,157,11
"S00096655",209,174,35
"S00096656",85,78,7
"S00096657",79,66,13
"S00096658",52,42,10
"S00096659",96,74,22
"S00096660",97,82,15
"S00096661",143,117,26
"S00096662",119,106,13
"S00096663",128,113,15
"S00096664",217,137,80
"S00096665",168,122,46
"S00096666",87,68,19
"S00096667",56,46,10
"S00096668",80,67,13
"S00096669",168,151,17
"S00096670",97,76,21
"S00096671",96,91,5
"S00096672",109,83,26
"S00096673",176,147,29
"S00096674",136,115,21
"S00096675",109,81,28
"S00096676",88,62,26
"S00096677",53,34,19
"S00096678",69,39,30
"S00096679",87,60,27
"S00096680",88,54,34
"S00096681",97,64,33
"S00096682",112,82,30
"S00096683",166,146,20
"S00096684",84,55,29
"S00096685",113,83,30
"S00096686",181,148,33
"S00096687",174,141,33
"S00096688",117,97,20
"S00096689",97,75,22
"S00096690",76,65,11
"S00096691",96,86,10
"S00096692",206,183,23
"S00096693",156,147,9
"S00096694",157,92,65
"S00096695",80,63,17
"S00096696",131,94,37
"S00096697",102,71,31
"S00096698",67,57,10
"S00096699",77,64,13
"S00096700",85,53,32
"S00096701",94,74,20
"S00096702",106,95,11
"S00096703",128,100,28
"S00096704",98,69,29
"S00096705",163,137,26
"S00096706",86,71,15
"S00096707",85,80,5
"S00096708",52,35,17
"S00096709",87,77,10
"S00096710",83,57,26
"S00096711",90,67,23
"S00096712",127,80,47
"S00096713",121,71,50
"S00096714",70,42,28
"S00096715",170,142,28
"S00096716",63,46,17
"S00096717",97,70,27
"S00096718",100,84,16
"S00096719",153,114,39
"S00096720",65,53,12
"S00096721",71,45,26
"S00096722",78,49,29
"S00096723",129,95,34
"S00096724",80,64,16
"S00096725",110,84,26
"S00096726",84,60,24
"S00096727",153,116,37
"S00096728",155,119,36
"S00096729",121,82,39
"S00096730",115,90,25
"S00096731",70,50,20
"S00096732",155,121,34
"S00096733",149,101,48
"S00096734",77,58,19
"S00096735",120,90,30
"S00096736",73,44,29
"S00096737",59,42,17
"S00096738",117,89,28
"S00096739",137,125,12
"S00096740",121,95,26
"S00096741",181,68,113
"S00096742",132,92,40
"S00096743",133,127,6
"S00096744",120,97,23
"S00096745",98,73,25
"S00096746",96,57,39
"S00096747",184,143,41
"S00096748",154,110,44
"S00096749",169,124,45
"S00096750",167,112,55
"S00096751",107,80,27
"S00096752",115,84,31
"S00096753",94,71,23
"S00096754",106,76,30
"S00096755",136,98,38
"S00096756",109,87,22
"S00096757",69,46,23
"S00096758",137,105,32
"S00096759",85,70,15
"S00096760",128,99,29
"S00096761",92,73,19
"S00096762",82,71,11
"S00096763",86,64,22
"S00096764",55,38,17
"S00096765",98,60,38
"S00096766",134,111,23
"S00096767",128,103,25
"S00096768",100,78,22
"S00096769",74,55,19
"S00096770",70,53,17
"S00096771",110,76,34
"S00096772",104,82,22
"S00096773",115,88,27
"S00096774",117,78,39
"S00096775",68,38,30
"S00096776",65,33,32
"S00096777",66,40,26
"S00096778",62,40,22
"S00096779",68,57,11
"S00096780",56,33,23
"S00096781",109,94,15
"S00096782",122,90,32
"S00096783",68,44,24
"S00096784",110,81,29
"S00096785",134,98,36
"S00096786",128,101,27
"S00096787",152,122,30
"S00096788",92,69,23
"S00096789",73,49,24
"S00096790",96,76,20
"S00096791",76,36,40
"S00096792",85,53,32
"S00096793",77,36,41
"S00096794",185,139,46
"S00096795",106,57,49
"S00096796",76,42,34
"S00096797",77,32,45
"S00096798",86,48,38
"S00096799",71,43,28
"S00096800",82,57,25
"S00096801",105,78,27
"S00096802",97,73,24
"S00096803",162,115,47
"S00096804",114,83,31
"S00096805",60,41,19
"S00096806",160,129,31
"S00096807",77,67,10
"S00096808",136,112,24
"S00096809",108,82,26
"S00096810",81,59,22
"S00096811",80,55,25
"S00096812",139,110,29
"S00096813",112,78,34
"S00096814",119,81,38
"S00096815",156,115,41
"S00096816",152,114,38
"S00096817",106,91,15
"S00096818",99,70,29
"S00096819",117,97,20
"S00096820",123,100,23
"S00096821",82,45,37
"S00096822",99,72,27
"S00096823",77,54,23
"S00096824",118,84,34
"S00096825",112,77,35
"S00096826",103,74,29
"S00096827",96,74,22
"S00096828",109,85,24
"S00096829",81,53,28
"S00096830",119,100,19
"S00096831",146,98,48
"S00096832",85,65,20
"S00096833",122,92,30
"S00096834",128,92,36
"S00096835",132,93,39
"S00096836",87,63,24
"S00096837",100,80,20
"S00096838",154,112,42
"S00096839",151,101,50
"S00096840",145,106,39
"S00096841",141,96,45
"S00096842",131,92,39
"S00096843",85,67,18
"S00096844",123,109,14
"S00096845",97,65,32
"S00096846",99,65,34
"S00096847",55,36,19
"S00096848",90,56,34
"S00096849",104,85,19
"S00096850",91,57,34
"S00096851",83,63,20
"S00096852",72,52,20
"S00096853",134,95,39
"S00096854",93,65,28
"S00096855",173,158,15
"S00096856",166,138,28
"S00096857",68,26,42
"S00096858",75,51,24
"S00096859",160,129,31
"S00096860",95,63,32
"S00096861",78,49,29
"S00096862",106,91,15
"S00096863",130,103,27
"S00096864",92,73,19
"S00096865",58,26,32
"S00096866",96,56,40
"S00096867",86,75,11
"S00096868",56,36,20
"S00096869",75,51,24
"S00096870",53,34,19
"S00096871",118,82,36
"S00096872",275,126,149
"S00096873",141,132,9
"S00096874",56,21,35
"S00096875",84,67,17
"S00096876",111,79,32
"S00096877",96,77,19
"S00096878",141,97,44
"S00096879",109,88,21
"S00096880",116,84,32
"S00096881",123,98,25
"S00096882",104,79,25
"S00096883",90,86,4
"S00096884",87,62,25
"S00096885",136,121,15
"S00096886",97,77,20
"S00096887",94,75,19
"S00096888",104,81,23
"S00096889",179,151,28
"S00096890",155,111,44
"S00096891",132,99,33
"S00096892",82,57,25
"S00096893",61,37,24
"S00096894",87,55,32
"S00096895",100,67,33
"S00096896",129,85,44
"S00096897",97,84,13
"S00096898",98,96,2
"S00096899",107,101,6
"S00096900",107,84,23
"S00096901",119,104,15
"S00096902",82,65,17
"S00096903",69,47,22
"S00096904",129,106,23
"S00096905",114,96,18
"S00096906",123,102,21
"S00096907",98,69,29
"S00096908",169,137,32
"S00096909",119,100,19
"S00096910",131,113,18
"S00096911",118,106,12
"S00096912",155,143,12
"S00096913",146,133,13
"S00096914",121,107,14
"S00096915",105,93,12
"S00096916",157,140,17
"S00096917",65,55,10
"S00096918",85,79,6
"S00096919",129,122,7
"S00096920",122,105,17
"S00096921",91,75,16
"S00096922",107,91,16
"S00096923",78,71,7
"S00096924",62,51,11
"S00096925",165,152,13
"S00096926",114,99,15
"S00096927",112,86,26
"S00096928",100,80,20
"S00096929",108,83,25
"S00096930",80,68,12
"S00096931",94,79,15
"S00096932",173,130,43
"S00096933",138,113,25
"S00096934",124,101,23
"S00096935",89,66,23
"S00096936",122,108,14
"S00096937",127,95,32
"S00096938",131,96,35
"S00096939",59,43,16
"S00096940",87,65,22
"S00096941",137,113,24
"S00096942",180,155,25
"S00096943",130,108,22
"S00096944",112,90,22
"S00096945",114,95,19
"S00096946",80,73,7
"S00096947",114,93,21
"S00096948",108,89,19
"S00096949",87,68,19
"S00096950",109,85,24
"S00096951",94,59,35
"S00096952",148,116,32
"S00096953",79,58,21
"S00096954",69,53,16
"S00096955",137,92,45
"S00096956",123,91,32
"S00096957",177,144,33
"S00096958",142,96,46
"S00096959",63,46,17
"S00096960",100,83,17
"S00096961",91,71,20
"S00096962",115,89,26
"S00096963",118,103,15
"S00096964",156,122,34
"S00096965",86,68,18
"S00096966",55,44,11
"S00096967",122,93,29
"S00096968",135,114,21
"S00096969",112,84,28
"S00096970",137,102,35
"S00096971",53,40,13
"S00096972",122,89,33
"S00096973",133,104,29
"S00096974",94,75,19
"S00096975",156,138,18
"S00096976",85,60,25
"S00096977",70,45,25
"S00096978",111,71,40
"S00096979",76,55,21
"S00096980",119,76,43
"S00096981",152,125,27
"S00096982",121,111,10
"S00096983",97,87,10
"S00096984",116,94,22
"S00096985",79,64,15
"S00096986",103,77,26
"S00096987",68,37,31
"S00096988",75,55,20
"S00096989",149,111,38
"S00096990",85,64,21
"S00096991",58,41,17
"S00096992",59,39,20
"S00096993",103,74,29
"S00096994",52,35,17
"S00096995",102,81,21
"S00096996",61,53,8
"S00096997",52,38,14
"S00096998",93,71,22
"S00096999",119,101,18
"S00097000",99,83,16
"S00097001",93,68,25
"S00097002",58,49,9
"S00097003",66,54,12
"S00097004",109,79,30
"S00097005",127,96,31
"S00097006",75,58,17
"S00097007",133,106,27
"S00097008",78,74,4
"S00097009",120,100,20
"S00097010",82,64,18
"S00097011",95,80,15
"S00097012",85,65,20
"S00097013",120,77,43
"S00097014",95,71,24
"S00097015",63,39,24
"S00097016",63,33,30
"S00097017",71,44,27
"S00097018",67,47,20
"S00097019",77,44,33
"S00097020",62,38,24
"S00097021",87,45,42
"S00097022",103,71,32
"S00097023",131,115,16
"S00097024",79,78,1
"S00097025",261,235,26
"S00097026",107,100,7
"S00097027",103,91,12
"S00097028",97,80,17
"S00097029",141,130,11
"S00097030",104,89,15
"S00097031",96,87,9
"S00097032",183,171,12
"S00097033",73,59,14
"S00097034",73,62,11
"S00097035",52,37,15
"S00097036",52,31,21
"S00097037",97,63,34
"S00097038",165,153,12
"S00097039",85,51,34
"S00097040",62,38,24
"S00097041",55,36,19
"S00097042",92,65,27
"S00097043",82,61,21
"S00097044",181,137,44
"S00097045",156,114,42
"S00097046",75,62,13
"S00097047",129,103,26
"S00097048",137,95,42
"S00097049",74,58,16
"S00097050",78,62,16
"S00097051",109,87,22
"S00097052",142,120,22
"S00097053",146,127,19
"S00097054",161,130,31
"S00097055",63,46,17
"S00097056",152,112,40
"S00097057",85,65,20
"S00097058",101,79,22
"S00097059",54,35,19
"S00097060",58,46,12
"S00097061",93,77,16
"S00097062",142,109,33
"S00097063",87,62,25
"S00097064",56,37,19
"S00097065",87,69,18
"S00097066",88,61,27
"S00097067",88,65,23
"S00097068",102,59,43
"S00097069",187,164,23
"S00097070",83,74,9
"S00097071",169,162,7
"S00097072",57,38,19
"S00097073",89,72,17
"S00097074",121,95,26
"S00097075",64,52,12
"S00097076",86,59,27
"S00097077",55,33,22
"S00097078",97,90,7
"S00097079",121,108,13
"S00097080",99,89,10
"S00097081",102,90,12
"S00097082",77,67,10
"S00097083",68,46,22
"S00097084",94,64,30
"S00097085",112,83,29
"S00097086",68,48,20
"S00097087",105,71,34
"S00097088",93,77,16
"S00097089",73,66,7
"S00097090",139,111,28
"S00097091",106,91,15
"S00097092",90,80,10
"S00097093",98,88,10
"S00097094",69,42,27
"S00097095",206,185,21
"S00097096",130,122,8
"S00097097",103,91,12
"S00097098",83,62,21
"S00097099",97,74,23
"S00097100",84,56,28
"S00097101",66,52,14
"S00097102",68,47,21
"S00097103",81,66,15
"S00097104",172,154,18
"S00097105",60,49,11
"S00097106",161,145,16
"S00097107",112,102,10
"S00097108",73,61,12
"S00097109",154,142,12
"S00097110",102,92,10
"S00097111",73,57,16
"S00097112",135,124,11
"S00097113",102,74,28
"S00097114",107,86,21
"S00097115",114,95,19
"S00097116",144,130,14
"S00097117",78,71,7
"S00097118",174,153,21
"S00097119",114,95,19
"S00097120",116,98,18
"S00097121",146,129,17
"S00097122",116,104,12
"S00097123",127,109,18
"S00097124",93,81,12
"S00097125",111,95,16
"S00097126",93,85,8
"S00097127",90,78,12
"S00097128",157,139,18
"S00097129",57,50,7
"S00097130",72,61,11
"S00097131",100,76,24
"S00097132",98,87,11
"S00097133",136,111,25
"S00097134",175,145,30
"S00097135",106,83,23
"S00097136",165,124,41
"S00097137",85,79,6
"S00097138",88,68,20
"S00097139",144,123,21
"S00097140",113,97,16
"S00097141",179,157,22
"S00097142",195,173,22
"S00097143",87,74,13
"S00097144",110,101,9
"S00097145",170,143,27
"S00097146",117,98,19
"S00097147",147,123,24
"S00097148",174,156,18
"S00097149",123,101,22
"S00097150",180,148,32
"S00097151",97,85,12
"S00097152",141,115,26
"S00097153",184,160,24
"S00097154",152,110,42
"S00097155",94,76,18
"S00097156",146,124,22
"S00097157",176,139,37
"S00097158",108,98,10
"S00097159",192,125,67
"S00097160",91,88,3
"S00097161",195,154,41
"S00097162",142,123,19
"S00097163",128,104,24
"S00097164",144,118,26
"S00097165",60,45,15
"S00097166",121,95,26
"S00097167",177,130,47
"S00097168",124,109,15
"S00097169",51,38,13
"S00097170",230,200,30
"S00097171",135,114,21
"S00097172",137,107,30
"S00097173",154,131,23
"S00097174",119,98,21
"S00097175",97,76,21
"S00097176",118,108,10
"S00097177",110,92,18
"S00097178",118,97,21
"S00097179",78,64,14
"S00097180",123,88,35
"S00097181",176,136,40
"S00097182",97,78,19
"S00097183",130,103,27
"S00097184",118,96,22
"S00097185",121,91,30
"S00097186",86,75,11
"S00097187",114,100,14
"S00097188",104,82,22
"S00097189",124,111,13
"S00097190",82,75,7
"S00097191",55,45,10
"S00097192",90,72,18
"S00097193",162,112,50
"S00097194",208,185,23
"S00097195",106,99,7
"S00097196",130,111,19
"S00097197",101,77,24
"S00097198",136,107,29
"S00097199",105,71,34
"S00097200",141,122,19
"S00097201",90,73,17
"S00097202",79,60,19
"S00097203",114,102,12
"S00097204",100,89,11
"S00097205",122,109,13
"S00097206",143,134,9
"S00097207",143,117,26
"S00097208",152,124,28
"S00097209",150,130,20
"S00097210",136,124,12
"S00097211",199,163,36
"S00097212",183,164,19
"S00097213",139,121,18
"S00097214",159,138,21
"S00097215",140,114,26
"S00097216",136,121,15
"S00097217",186,167,19
"S00097218",182,147,35
"S00097219",144,122,22
"S00097220",106,89,17
"S00097221",83,71,12
"S00097222",87,74,13
"S00097223",161,137,24
"S00097224",185,166,19
"S00097225",82,72,10
"S00097226",88,77,11
"S00097227",107,81,26
"S00097228",163,133,30
"S00097229",77,58,19
"S00097230",137,111,26
"S00097231",83,53,30
"S00097232",167,144,23
"S00097233",105,49,56
"S00097234",163,133,30
"S00097235",173,133,40
"S00097236",157,141,16
"S00097237",148,116,32
"S00097238",126,113,13
"S00097239",134,108,26
"S00097240",95,75,20
"S00097241",76,59,17
"S00097242",125,102,23
"S00097243",197,185,12
"S00097244",128,114,14
"S00097245",163,157,6
"S00097246",66,60,6
"S00097247",117,103,14
"S00097248",142,126,16
"S00097249",125,117,8
"S00097250",165,152,13
"S00097251",182,150,32
"S00097252",202,172,30
"S00097253",163,126,37
"S00097254",133,107,26
"S00097255",131,115,16
"S00097256",99,72,27
"S00097257",78,62,16
"S00097258",89,49,40
"S00097259",165,139,26
"S00097260",77,65,12
"S00097261",78,72,6
"S00097262",101,66,35
"S00097263",101,69,32
"S00097264",95,78,17
"S00097265",88,69,19
"S00097266",76,65,11
"S00097267",60,39,21
"S00097268",150,130,20
"S00097269",143,101,42
"S00097270",59,52,7
"S00097271",94,79,15
"S00097272",79,57,22
"S00097273",70,58,12
"S00097274",101,92,9
"S00097275",87,67,20
"S00097276",107,100,7
"S00097277",135,114,21
"S00097278",114,100,14
"S00097279",117,105,12
"S00097280",92,78,14
"S00097281",119,92,27
"S00097282",126,95,31
"S00097283",70,56,14
"S00097284",129,115,14
"S00097285",86,73,13
"S00097286",81,75,6
"S00097287",166,145,21
"S00097288",159,125,34
"S00097289",113,98,15
"S00097290",109,82,27
"S00097291",73,63,10
"S00097292",75,51,24
"S00097293",122,109,13
"S00097294",136,123,13
"S00097295",81,70,11
"S00097296",105,88,17
"S00097297",52,24,28
"S00097298",127,107,20
"S00097299",92,82,10
"S00097300",187,169,18
"S00097301",65,44,21
"S00097302",85,61,24
"S00097303",164,151,13
"S00097304",98,83,15
"S00097305",101,87,14
"S00097306",139,133,6
"S00097307",174,149,25
"S00097308",83,59,24
"S00097309",138,113,25
"S00097310",170,153,17
"S00097311",171,150,21
"S00097312",56,43,13
"S00097313",72,61,11
"S00097314",75,63,12
"S00097315",140,106,34
"S00097316",58,45,13
"S00097317",89,72,17
"S00097318",52,42,10
"S00097319",71,58,13
"S00097320",79,74,5
"S00097321",98,85,13
"S00097322",67,60,7
"S00097323",127,101,26
"S00097324",122,97,25
"S00097325",120,93,27
"S00097326",100,77,23
"S00097327",105,94,11
"S00097328",131,113,18
"S00097329",167,142,25
"S00097330",109,93,16
"S00097331",137,119,18
"S00097332",80,76,4
"S00097333",139,120,19
"S00097334",102,72,30
"S00097335",132,113,19
"S00097336",75,61,14
"S00097337",89,72,17
"S00097338",97,88,9
"S00097339",186,160,26
"S00097340",172,152,20
"S00097341",119,94,25
"S00097342",136,118,18
"S00097343",119,105,14
"S00097344",190,163,27
"S00097345",77,56,21
"S00097346",140,116,24
"S00097347",61,46,15
"S00097348",169,153,16
"S00097349",118,87,31
"S00097350",131,111,20
"S00097351",88,70,18
"S00097352",87,61,26
"S00097353",135,114,21
"S00097354",148,113,35
"S00097355",69,61,8
"S00097356",121,89,32
"S00097357",85,63,22
"S00097358",81,76,5
"S00097359",96,82,14
"S00097360",178,161,17
"S00097361",69,62,7
"S00097362",64,53,11
"S00097363",137,111,26
"S00097364",144,117,27
"S00097365",100,87,13
"S00097366",114,97,17
"S00097367",145,106,39
"S00097368",129,101,28
"S00097369",146,129,17
"S00097370",68,50,18
"S00097371",112,90,22
"S00097372",57,45,12
"S00097373",78,72,6
"S00097374",119,97,22
"S00097375",121,101,20
"S00097376",93,64,29
"S00097377",125,102,23
"S00097378",137,112,25
"S00097379",114,85,29
"S00097380",105,83,22
"S00097381",112,78,34
"S00097382",120,97,23
"S00097383",120,103,17
"S00097384",70,62,8
"S00097385",102,84,18
"S00097386",114,83,31
"S00097387",97,71,26
"S00097388",118,91,27
"S00097389",102,80,22
"S00097390",135,108,27
"S00097391",109,96,13
"S00097392",151,121,30
"S00097393",94,78,16
"S00097394",64,55,9
"S00097395",134,118,16
"S00097396",70,55,15
"S00097397",98,71,27
"S00097398",88,67,21
"S00097399",86,70,16
"S00097400",143,110,33
"S00097401",61,41,20
"S00097402",104,80,24
"S00097403",83,56,27
"S00097404",135,117,18
"S00097405",101,75,26
"S00097406",77,48,29
"S00097407",56,39,17
"S00097408",72,68,4
"S00097409",72,53,19
"S00097410",87,62,25
"S00097411",103,79,24
"S00097412",99,83,16
"S00097413",132,92,40
"S00097414",121,102,19
"S00097415",127,97,30
"S00097416",111,91,20
"S00097417",155,124,31
"S00097418",180,153,27
"S00097419",93,77,16
"S00097420",116,98,18
"S00097421",103,89,14
"S00097422",144,116,28
"S00097423",56,43,13
"S00097424",127,103,24
"S00097425",134,110,24
"S00097426",87,64,23
"S00097427",76,56,20
"S00097428",112,88,24
"S00097429",126,90,36
"S00097430",74,58,16
"S00097431",138,92,46
"S00097432",80,62,18
"S00097433",129,113,16
"S00097434",152,126,26
"S00097435",111,92,19
"S00097436",174,143,31
"S00097437",104,82,22
"S00097438",162,125,37
"S00097439",146,128,18
"S00097440",69,59,10
"S00097441",92,59,33
"S00097442",130,100,30
"S00097443",146,114,32
"S00097444",121,85,36
"S00097445",63,49,14
"S00097446",158,110,48
"S00097447",111,76,35
"S00097448",118,84,34
"S00097449",108,89,19
"S00097450",121,94,27
"S00097451",100,71,29
"S00097452",63,51,12
"S00097453",168,124,44
"S00097454",107,87,20
"S00097455",97,63,34
"S00097456",180,156,24
"S00097457",96,75,21
"S00097458",118,94,24
"S00097459",138,95,43
"S00097460",184,137,47
"S00097461",54,41,13
"S00097462",158,136,22
"S00097463",69,53,16
"S00097464",121,85,36
"S00097465",203,178,25
"S00097466",158,127,31
"S00097467",100,78,22
"S00097468",85,67,18
"S00097469",122,92,30
"S00097470",156,129,27
"S00097471",135,111,24
"S00097472",92,63,29
"S00097473",96,68,28
"S00097474",93,71,22
"S00097475",92,66,26
"S00097476",108,92,16
"S00097477",124,96,28
"S00097478",90,63,27
"S00097479",134,92,42
"S00097480",60,44,16
"S00097481",104,68,36
"S00097482",70,46,24
"S00097483",92,66,26
"S00097484",71,53,18
"S00097485",126,90,36
"S00097486",114,98,16
"S00097487",111,95,16
"S00097488",86,66,20
"S00097489",92,74,18
"S00097490",168,134,34
"S00097491",65,52,13
"S00097492",139,113,26
"S00097493",95,74,21
"S00097494",84,74,10
"S00097495",86,74,12
"S00097496",99,82,17
"S00097497",110,88,22
"S00097498",96,80,16
"S00097499",116,89,27
"S00097500",134,117,17
"S00097501",74,52,22
"S00097502",138,108,30
"S00097503",109,88,21
"S00097504",129,109,20
"S00097505",115,98,17
"S00097506",120,96,24
"S00097507",78,62,16
"S00097508",115,93,22
"S00097509",83,78,5
"S00097510",133,102,31
"S00097511",189,149,40
"S00097512",92,68,24
"S00097513",74,59,15
"S00097514",75,61,14
"S00097515",146,130,16
"S00097516",133,89,44
"S00097517",69,60,9
"S00097518",85,69,16
"S00097519",123,92,31
"S00097520",99,77,22
"S00097521",138,101,37
"S00097522",60,48,12
"S00097523",68,46,22
"S00097524",132,105,27
"S00097525",100,78,22
"S00097526",138,121,17
"S00097527",119,99,20
"S00097528",152,117,35
"S00097529",160,129,31
"S00097530",118,93,25
"S00097531",140,115,25
"S00097532",115,96,19
"S00097533",123,95,28
"S00097534",108,89,19
"S00097535",172,134,38
"S00097536",88,69,19
"S00097537",132,92,40
"S00097538",140,98,42
"S00097539",209,158,51
"S00097540",143,104,39
"S00097541",61,37,24
"S00097542",65,43,22
"S00097543",98,74,24
"S00097544",102,81,21
"S00097545",119,75,44
"S00097546",73,43,30
"S00097547",104,87,17
"S00097548",116,96,20
"S00097549",159,130,29
"S00097550",93,78,15
"S00097551",67,55,12
"S00097552",72,60,12
"S00097553",106,84,22
"S00097554",118,93,25
"S00097555",69,54,15
"S00097556",145,123,22
"S00097557",61,30,31
"S00097558",174,145,29
"S00097559",113,96,17
"S00097560",90,71,19
"S00097561",150,123,27
"S00097562",155,110,45
"S00097563",71,49,22
"S00097564",101,73,28
"S00097565",112,68,44
"S00097566",138,101,37
"S00097567",133,95,38
"S00097568",128,90,38
"S00097569",85,67,18
"S00097570",178,153,25
"S00097571",144,119,25
"S00097572",73,49,24
"S00097573",72,52,20
"S00097574",97,75,22
"S00097575",138,115,23
"S00097576",151,119,32
"S00097577",99,80,19
"S00097578",89,68,21
"S00097579",101,83,18
"S00097580",117,80,37
"S00097581",100,72,28
"S00097582",111,77,34
"S00097583",158,131,27
"S00097584",97,66,31
"S00097585",107,90,17
"S00097586",146,122,24
"S00097587",118,106,12
"S00097588",121,100,21
"S00097589",96,77,19
"S00097590",71,50,21
"S00097591",101,81,20
"S00097592",67,50,17
"S00097593",84,61,23
"S00097594",65,53,12
"S00097595",105,78,27
"S00097596",88,61,27
"S00097597",106,83,23
"S00097598",86,67,19
"S00097599",72,43,29
"S00097600",92,68,24
"S00097601",131,116,15
"S00097602",127,106,21
"S00097603",118,110,8
"S00097604",148,108,40
"S00097605",127,87,40
"S00097606",152,124,28
"S00097607",130,106,24
"S00097608",122,102,20
"S00097609",133,95,38
"S00097610",141,123,18
"S00097611",158,129,29
"S00097612",141,116,25
"S00097613",113,87,26
"S00097614",73,62,11
"S00097615",101,79,22
"S00097616",114,89,25
"S00097617",104,74,30
"S00097618",99,65,34
"S00097619",125,104,21
"S00097620",159,125,34
"S00097621",130,113,17
"S00097622",118,100,18
"S00097623",129,110,19
"S00097624",114,79,35
"S00097625",89,68,21
"S00097626",97,91,6
"S00097627",114,98,16
"S00097628",83,62,21
"S00097629",62,49,13
"S00097630",130,106,24
"S00097631",108,70,38
"S00097632",123,98,25
"S00097633",113,89,24
"S00097634",155,130,25
"S00097635",104,78,26
"S00097636",186,138,48
"S00097637",163,142,21
"S00097638",70,56,14
"S00097639",70,57,13
"S00097640",130,117,13
"S00097641",143,110,33
"S00097642",173,126,47
"S00097643",161,122,39
"S00097644",163,142,21
"S00097645",149,124,25
"S00097646",103,80,23
"S00097647",136,109,27
"S00097648",71,66,5
"S00097649",77,61,16
"S00097650",60,46,14
"S00097651",78,63,15
"S00097652",96,81,15
"S00097653",96,79,17
"S00097654",64,43,21
"S00097655",100,84,16
"S00097656",130,104,26
"S00097657",152,123,29
"S00097658",127,116,11
"S00097659",106,73,33
"S00097660",93,76,17
"S00097661",131,116,15
"S00097662",98,69,29
"S00097663",156,123,33
"S00097664",85,66,19
"S00097665",89,73,16
"S00097666",112,87,25
"S00097667",78,52,26
"S00097668",103,83,20
"S00097669",81,59,22
"S00097670",145,118,27
"S00097671",108,93,15
"S00097672",89,68,21
"S00097673",111,89,22
"S00097674",112,90,22
"S00097675",86,71,15
"S00097676",117,91,26
"S00097677",88,67,21
"S00097678",127,106,21
"S00097679",99,79,20
"S00097680",120,107,13
"S00097681",83,72,11
"S00097682",158,128,30
"S00097683",73,56,17
"S00097684",139,107,32
"S00097685",76,52,24
"S00097686",136,113,23
"S00097687",100,74,26
"S00097688",82,62,20
"S00097689",104,78,26
"S00097690",159,143,16
"S00097691",112,87,25
"S00097692",98,84,14
"S00097693",105,89,16
"S00097694",193,161,32
"S00097695",136,124,12
"S00097696",122,102,20
"S00097697",82,51,31
"S00097698",77,62,15
"S00097699",101,87,14
"S00097700",87,74,13
"S00097701",86,59,27
"S00097702",85,56,29
"S00097703",94,71,23
"S00097704",89,66,23
"S00097705",107,82,25
"S00097706",91,71,20
"S00097707",67,35,32
"S00097708",109,90,19
"S00097709",85,56,29
"S00097710",109,90,19
"S00097711",141,120,21
"S00097712",192,174,18
"S00097713",127,108,19
"S00097714",118,79,39
"S00097715",111,95,16
"S00097716",98,79,19
"S00097717",162,131,31
"S00097718",162,121,41
"S00097719",97,72,25
"S00097720",99,83,16
"S00097721",103,88,15
"S00097722",91,73,18
"S00097723",91,74,17
"S00097724",107,86,21
"S00097725",90,65,25
"S00097726",103,74,29
"S00097727",112,90,22
"S00097728",169,135,34
"S00097729",120,85,35
"S00097730",120,93,27
"S00097731",148,118,30
"S00097732",148,119,29
"S00097733",107,80,27
"S00097734",127,105,22
"S00097735",77,58,19
"S00097736",144,123,21
"S00097737",129,103,26
"S00097738",91,72,19
"S00097739",104,82,22
"S00097740",58,49,9
"S00097741",84,58,26
"S00097742",79,68,11
"S00097743",115,81,34
"S00097744",128,111,17
"S00097745",78,66,12
"S00097746",108,93,15
"S00097747",106,95,11
"S00097748",111,99,12
"S00097749",132,95,37
"S00097750",88,70,18
"S00097751",147,121,26
"S00097752",90,76,14
"S00097753",153,127,26
"S00097754",183,154,29
"S00097755",92,79,13
"S00097756",174,147,27
"S00097757",182,131,51
"S00097758",132,114,18
"S00097759",159,130,29
"S00097760",99,77,22
"S00097761",163,141,22
"S00097762",116,100,16
"S00097763",94,82,12
"S00097764",96,67,29
"S00097765",80,62,18
"S00097766",121,93,28
"S00097767",159,128,31
"S00097768",116,84,32
"S00097769",131,94,37
"S00097770",183,152,31
"S00097771",128,105,23
"S00097772",118,88,30
"S00097773",162,126,36
"S00097774",116,78,38
"S00097775",108,66,42
"S00097776",101,69,32
"S00097777",98,80,18
"S00097778",87,59,28
"S00097779",69,59,10
"S00097780",168,141,27
"S00097781",202,182,20
"S00097782",165,146,19
"S00097783",136,109,27
"S00097784",110,97,13
"S00097785",83,67,16
"S00097786",97,67,30
"S00097787",103,85,18
"S00097788",117,99,18
"S00097789",119,97,22
"S00097790",91,84,7
"S00097791",99,84,15
"S00097792",63,47,16
"S00097793",171,145,26
"S00097794",82,63,19
"S00097795",95,74,21
"S00097796",175,146,29
"S00097797",187,166,21
"S00097798",138,119,19
"S00097799",127,112,15
"S00097800",78,61,17
"S00097801",104,83,21
"S00097802",64,36,28
"S00097803",137,105,32
"S00097804",78,57,21
"S00097805",91,63,28
"S00097806",68,55,13
"S00097807",107,84,23
"S00097808",55,34,21
"S00097809",111,90,21
"S00097810",117,86,31
"S00097811",136,108,28
"S00097812",117,79,38
"S00097813",118,90,28
"S00097814",69,56,13
"S00097815",114,97,17
"S00097816",121,54,67
"S00097817",111,93,18
"S00097818",79,70,9
"S00097819",101,90,11
"S00097820",129,110,19
"S00097821",88,72,16
"S00097822",133,119,14
"S00097823",168,134,34
"S00097824",103,95,8
"S00097825",157,130,27
"S00097826",75,56,19
"S00097827",103,89,14
"S00097828",161,139,22
"S00097829",130,107,23
"S00097830",93,85,8
"S00097831",130,109,21
"S00097832",117,79,38
"S00097833",150,117,33
"S00097834",76,48,28
"S00097835",136,131,5
"S00097836",149,132,17
"S00097837",129,121,8
"S00097838",132,120,12
"S00097839",109,98,11
"S00097840",98,86,12
"S00097841",123,88,35
"S00097842",74,62,12
"S00097843",107,92,15
"S00097844",126,100,26
"S00097845",86,70,16
"S00097846",112,86,26
"S00097847",114,91,23
"S00097848",133,121,12
"S00097849",91,73,18
"S00097850",118,90,28
"S00097851",129,96,33
"S00097852",104,88,16
"S00097853",110,90,20
"S00097854",116,103,13
"S00097855",164,140,24
"S00097856",151,134,17
"S00097857",116,97,19
"S00097858",113,99,14
"S00097859",153,136,17
"S00097860",109,86,23
"S00097861",145,134,11
"S00097862",128,118,10
"S00097863",135,116,19
"S00097864",119,104,15
"S00097865",137,115,22
"S00097866",124,104,20
"S00097867",115,96,19
"S00097868",154,143,11
"S00097869",110,98,12
"S00097870",126,107,19
"S00097871",92,86,6
"S00097872",166,137,29
"S00097873",82,70,12
"S00097874",118,90,28
"S00097875",154,143,11
"S00097876",150,135,15
"S00097877",129,115,14
"S00097878",89,81,8
"S00097879",122,106,16
"S00097880",86,77,9
"S00097881",126,116,10
"S00097882",103,88,15
"S00097883",68,63,5
"S00097884",114,94,20
"S00097885",124,94,30
"S00097886",85,64,21
"S00097887",119,106,13
"S00097888",123,97,26
"S00097889",161,143,18
"S00097890",106,83,23
"S00097891",174,161,13
"S00097892",117,88,29
"S00097893",73,55,18
"S00097894",111,93,18
"S00097895",65,50,15
"S00097896",94,70,24
"S00097897",117,92,25
"S00097898",91,59,32
"S00097899",107,87,20
"S00097900",105,74,31
"S00097901",141,110,31
"S00097902",84,77,7
"S00097903",84,70,14
"S00097904",78,61,17
"S00097905",116,102,14
"S00097906",93,79,14
"S00097907",106,91,15
"S00097908",99,82,17
"S00097909",86,76,10
"S00097910",132,122,10
"S00097911",87,53,34
"S00097912",72,57,15
"S00097913",71,58,13
"S00097914",105,83,22
"S00097915",129,101,28
"S00097916",156,119,37
"S00097917",173,150,23
"S00097918",149,131,18
"S00097919",129,115,14
"S00097920",125,116,9
"S00097921",73,53,20
"S00097922",73,66,7
"S00097923",162,145,17
"S00097924",152,112,40
"S00097925",135,115,20
"S00097926",142,121,21
"S00097927",160,131,29
"S00097928",248,185,63
"S00097929",115,92,23
"S00097930",166,136,30
"S00097931",135,101,34
"S00097932",113,90,23
"S00097933",76,58,18
"S00097934",83,65,18
"S00097935",179,143,36
"S00097936",173,147,26
"S00097937",78,66,12
"S00097938",79,62,17
"S00097939",111,91,20
"S00097940",146,125,21
"S00097941",143,119,24
"S00097942",181,143,38
"S00097943",97,82,15
"S00097944",92,75,17
"S00097945",71,53,18
"S00097946",66,46,20
"S00097947",77,56,21
"S00097948",51,35,16
"S00097949",68,58,10
"S00097950",65,42,23
"S00097951",146,116,30
"S00097952",144,93,51
"S00097953",92,70,22
"S00097954",122,103,19
"S00097955",109,73,36
"S00097956",90,68,22
"S00097957",122,101,21
"S00097958",117,89,28
"S00097959",164,138,26
"S00097960",167,128,39
"S00097961",92,62,30
"S00097962",62,41,21
"S00097963",128,104,24
"S00097964",93,66,27
"S00097965",59,46,13
"S00097966",158,130,28
"S00097967",167,132,35
"S00097968",109,90,19
"S00097969",102,80,22
"S00097970",95,74,21
"S00097971",86,72,14
"S00097972",105,79,26
"S00097973",56,47,9
"S00097974",120,93,27
"S00097975",103,74,29
"S00097976",78,43,35
"S00097977",93,70,23
"S00097978",72,50,22
"S00097979",113,86,27
"S00097980",100,70,30
"S00097981",100,80,20
"S00097982",97,72,25
"S00097983",98,66,32
"S00097984",72,53,19
"S00097985",64,47,17
"S00097986",59,45,14
"S00097987",150,131,19
"S00097988",114,94,20
"S00097989",84,60,24
"S00097990",114,96,18
"S00097991",177,157,20
"S00097992",122,102,20
"S00097993",142,123,19
"S00097994",155,121,34
"S00097995",148,84,64
"S00097996",102,88,14
"S00097997",172,129,43
"S00097998",160,121,39
"S00097999",120,95,25
"S00098000",155,134,21
"S00098001",90,66,24
"S00098002",163,133,30
"S00098003",144,115,29
"S00098004",105,91,14
"S00098005",132,119,13
"S00098006",112,95,17
"S00098007",125,94,31
"S00098008",101,97,4
"S00098009",148,115,33
"S00098010",79,66,13
"S00098011",110,85,25
"S00098012",149,116,33
"S00098013",188,161,27
"S00098014",99,85,14
"S00098015",105,83,22
"S00098016",170,143,27
"S00098017",139,112,27
"S00098018",101,85,16
"S00098019",105,91,14
"S00098020",93,51,42
"S00098021",149,122,27
"S00098022",141,101,40
"S00098023",172,142,30
"S00098024",152,123,29
"S00098025",187,152,35
"S00098026",88,56,32
"S00098027",90,73,17
"S00098028",99,78,21
"S00098029",112,81,31
"S00098030",141,114,27
"S00098031",143,127,16
"S00098032",148,134,14
"S00098033",132,112,20
"S00098034",170,155,15
"S00098035",140,118,22
"S00098036",121,97,24
"S00098037",114,90,24
"S00098038",131,112,19
"S00098039",106,85,21
"S00098040",164,153,11
"S00098041",162,134,28
"S00098042",104,84,20
"S00098043",145,121,24
"S00098044",158,108,50
"S00098045",70,60,10
"S00098046",94,70,24
"S00098047",146,119,27
"S00098048",119,97,22
"S00098049",115,91,24
"S00098050",75,50,25
"S00098051",144,96,48
"S00098052",137,107,30
"S00098053",136,111,25
"S00098054",109,74,35
"S00098055",56,46,10
"S00098056",71,43,28
"S00098057",103,79,24
"S00098058",88,64,24
"S00098059",142,113,29
"S00098060",98,85,13
"S00098061",132,103,29
"S00098062",166,132,34
"S00098063",146,117,29
"S00098064",71,53,18
"S00098065",169,149,20
"S00098066",135,110,25
"S00098067",86,59,27
"S00098068",85,71,14
"S00098069",139,106,33
"S00098070",163,133,30
"S00098071",196,174,22
"S00098072",102,96,6
"S00098073",199,170,29
"S00098074",100,86,14
"S00098075",107,90,17
"S00098076",158,135,23
"S00098077",88,72,16
"S00098078",105,93,12
"S00098079",132,106,26
"S00098080",166,136,30
"S00098081",152,124,28
"S00098082",98,75,23
"S00098083",132,101,31
"S00098084",101,88,13
"S00098085",127,106,21
"S00098086",83,70,13
"S00098087",57,33,24
"S00098088",117,103,14
"S00098089",145,129,16
"S00098090",144,126,18
"S00098091",103,80,23
"S00098092",91,66,25
"S00098093",94,79,15
"S00098094",132,110,22
"S00098095",124,105,19
"S00098096",181,138,43
"S00098097",77,53,24
"S00098098",63,50,13
"S00098099",136,114,22
"S00098100",108,89,19
"S00098101",68,57,11
"S00098102",65,57,8
"S00098103",169,108,61
"S00098104",104,85,19
"S00098105",103,83,20
"S00098106",85,62,23
"S00098107",104,70,34
"S00098108",161,117,44
"S00098109",163,142,21
"S00098110",51,28,23
"S00098111",136,97,39
"S00098112",62,43,19
"S00098113",92,68,24
"S00098114",181,146,35
"S00098115",112,84,28
"S00098116",168,146,22
"S00098117",141,107,34
"S00098118",127,101,26
"S00098119",88,64,24
"S00098120",121,97,24
"S00098121",127,103,24
"S00098122",94,71,23
"S00098123",134,120,14
"S00098124",147,115,32
"S00098125",127,98,29
"S00098126",112,77,35
"S00098127",149,120,29
"S00098128",175,119,56
"S00098129",127,108,19
"S00098130",78,48,30
"S00098131",97,81,16
"S00098132",99,81,18
"S00098133",145,121,24
"S00098134",105,77,28
"S00098135",112,73,39
"S00098136",129,99,30
"S00098137",166,125,41
"S00098138",149,119,30
"S00098139",149,108,41
"S00098140",60,46,14
"S00098141",90,64,26
"S00098142",114,80,34
"S00098143",99,69,30
"S00098144",101,76,25
"S00098145",92,66,26
"S00098146",102,91,11
"S00098147",126,93,33
"S00098148",125,108,17
"S00098149",109,73,36
"S00098150",87,65,22
"S00098151",72,47,25
"S00098152",129,102,27
"S00098153",115,90,25
"S00098154",53,36,17
"S00098155",68,24,44
"S00098156",62,39,23
"S00098157",71,42,29
"S00098158",97,66,31
"S00098159",109,72,37
"S00098160",96,72,24
"S00098161",111,83,28
"S00098162",151,125,26
"S00098163",78,62,16
"S00098164",108,92,16
"S00098165",105,84,21
"S00098166",50,45,5
"S00098167",73,60,13
"S00098168",103,83,20
"S00098169",92,61,31
"S00098170",75,63,12
"S00098171",111,93,18
"S00098172",147,113,34
"S00098173",60,52,8
"S00098174",91,69,22
"S00098175",81,62,19
"S00098176",124,97,27
"S00098177",110,94,16
"S00098178",77,62,15
"S00098179",89,79,10
"S00098180",153,127,26
"S00098181",103,84,19
"S00098182",99,79,20
"S00098183",91,68,23
"S00098184",114,91,23
"S00098185",62,55,7
"S00098186",103,86,17
"S00098187",56,48,8
"S00098188",144,116,28
"S00098189",145,125,20
"S00098190",64,50,14
"S00098191",76,57,19
"S00098192",96,69,27
"S00098193",79,66,13
"S00098194",74,56,18
"S00098195",108,95,13
"S00098196",56,28,28
"S00098197",132,115,17
"S00098198",86,73,13
"S00098199",76,66,10
"S00098200",169,157,12
"S00098201",143,136,7
"S00098202",102,97,5
"S00098203",170,149,21
"S00098204",83,74,9
"S00098205",80,63,17
"S00098206",120,110,10
"S00098207",98,83,15
"S00098208",92,67,25
"S00098209",71,58,13
"S00098210",127,111,16
"S00098211",151,119,32
"S00098212",128,110,18
"S00098213",126,110,16
"S00098214",128,112,16
"S00098215",113,88,25
"S00098216",168,145,23
"S00098217",107,82,25
"S00098218",109,93,16
"S00098219",88,69,19
"S00098220",87,80,7
"S00098221",92,81,11
"S00098222",156,138,18
"S00098223",102,86,16
"S00098224",149,102,47
"S00098225",74,66,8
"S00098226",169,137,32
"S00098227",107,92,15
"S00098228",105,87,18
"S00098229",62,58,4
"S00098230",81,63,18
"S00098231",59,49,10
"S00098232",78,62,16
"S00098233",101,82,19
"S00098234",103,83,20
"S00098235",92,67,25
"S00098236",89,71,18
"S00098237",99,76,23
"S00098238",64,46,18
"S00098239",70,54,16
"S00098240",116,103,13
"S00098241",71,52,19
"S00098242",91,47,44
"S00098243",96,85,11
"S00098244",139,124,15
"S00098245",106,71,35
"S00098246",113,63,50
"S00098247",119,99,20
"S00098248",51,43,8
"S00098249",68,51,17
"S00098250",90,76,14
"S00098251",109,91,18
"S00098252",110,73,37
"S00098253",177,118,59
"S00098254",193,167,26
"S00098255",104,93,11
"S00098256",101,82,19
"S00098257",66,50,16
"S00098258",75,58,17
"S00098259",95,85,10
"S00098260",140,112,28
"S00098261",172,147,25
"S00098262",90,72,18
"S00098263",119,100,19
"S00098264",126,73,53
"S00098265",118,94,24
"S00098266",152,113,39
"S00098267",91,79,12
"S00098268",107,80,27
"S00098269",100,58,42
"S00098270",159,121,38
"S00098271",129,115,14
"S00098272",60,54,6
"S00098273",212,169,43
"S00098274",135,117,18
"S00098275",70,54,16
"S00098276",137,79,58
"S00098277",61,40,21
"S00098278",136,115,21
"S00098279",106,76,30
"S00098280",68,61,7
"S00098281",77,58,19
"S00098282",67,51,16
"S00098283",62,44,18
"S00098284",75,58,17
"S00098285",64,52,12
"S00098286",75,59,16
"S00098287",151,126,25
"S00098288",104,86,18
"S00098289",149,131,18
"S00098290",98,79,19
"S00098291",80,62,18
"S00098292",172,143,29
"S00098293",95,69,26
"S00098294",95,74,21
"S00098295",108,98,10
"S00098296",166,146,20
"S00098297",120,94,26
"S00098298",135,118,17
"S00098299",160,137,23
"S00098300",146,118,28
"S00098301",84,75,9
"S00098302",150,107,43
"S00098303",124,80,44
"S00098304",98,89,9
"S00098305",174,157,17
"S00098306",113,92,21
"S00098307",76,60,16
"S00098308",63,52,11
"S00098309",151,119,32
"S00098310",88,69,19
"S00098311",73,65,8
"S00098312",131,112,19
"S00098313",50,36,14
"S00098314",78,58,20
"S00098315",127,100,27
"S00098316",101,75,26
"S00098317",52,47,5
"S00098318",61,42,19
"S00098319",163,139,24
"S00098320",115,101,14
"S00098321",80,64,16
"S00098322",117,87,30
"S00098323",163,119,44
"S00098324",67,43,24
"S00098325",109,87,22
"S00098326",67,45,22
"S00098327",108,75,33
"S00098328",97,64,33
"S00098329",72,59,13
"S00098330",115,92,23
"S00098331",102,79,23
"S00098332",88,60,28
"S00098333",65,53,12
"S00098334",112,92,20
"S00098335",165,134,31
"S00098336",61,40,21
"S00098337",57,41,16
"S00098338",111,87,24
"S00098339",107,94,13
"S00098340",131,92,39
"S00098341",88,68,20
"S00098342",148,122,26
"S00098343",69,33,36
"S00098344",86,75,11
"S00098345",78,44,34
"S00098346",96,63,33
"S00098347",144,111,33
"S00098348",62,47,15
"S00098349",125,88,37
"S00098350",126,108,18
"S00098351",155,128,27
"S00098352",189,160,29
"S00098353",120,80,40
"S00098354",84,72,12
"S00098355",112,96,16
"S00098356",69,54,15
"S00098357",78,57,21
"S00098358",85,66,19
"S00098359",81,73,8
"S00098360",149,111,38
"S00098361",54,45,9
"S00098362",149,133,16
"S00098363",136,115,21
"S00098364",90,79,11
"S00098365",56,23,33
"S00098366",96,69,27
"S00098367",118,72,46
"S00098368",74,50,24
"S00098369",98,75,23
"S00098370",146,113,33
"S00098371",85,70,15
"S00098372",111,68,43
"S00098373",62,53,9
"S00098374",67,56,11
"S00098375",98,79,19
"S00098376",104,55,49
"S00098377",131,93,38
"S00098378",199,175,24
"S00098379",102,69,33
"S00098380",176,151,25
"S00098381",170,160,10
"S00098382",130,118,12
"S00098383",168,144,24
"S00098384",130,115,15
"S00098385",95,77,18
"S00098386",119,102,17
"S00098387",88,60,28
"S00098388",109,90,19
"S00098389",85,69,16
"S00098390",164,135,29
"S00098391",61,46,15
"S00098392",67,57,10
"S00098393",129,111,18
"S00098394",112,101,11
"S00098395",115,93,22
"S00098396",106,84,22
"S00098397",86,78,8
"S00098398",128,104,24
"S00098399",70,51,19
"S00098400",139,100,39
"S00098401",89,58,31
"S00098402",190,169,21
"S00098403",88,62,26
"S00098404",65,58,7
"S00098405",109,78,31
"S00098406",159,133,26
"S00098407",98,81,17
"S00098408",107,91,16
"S00098409",134,122,12
"S00098410",138,126,12
"S00098411",72,59,13
"S00098412",154,118,36
"S00098413",77,63,14
"S00098414",130,90,40
"S00098415",88,78,10
"S00098416",111,91,20
"S00098417",137,123,14
"S00098418",101,95,6
"S00098419",118,101,17
"S00098420",130,114,16
"S00098421",122,110,12
"S00098422",144,113,31
"S00098423",111,97,14
"S00098424",74,58,16
"S00098425",111,98,13
"S00098426",99,82,17
"S00098427",136,115,21
"S00098428",93,76,17
"S00098429",71,59,12
"S00098430",70,56,14
"S00098431",122,109,13
"S00098432",104,80,24
"S00098433",141,119,22
"S00098434",148,127,21
"S00098435",68,56,12
"S00098436",84,66,18
"S00098437",242,151,91
"S00098438",106,84,22
"S00098439",87,79,8
"S00098440",196,185,11
"S00098441",165,155,10
"S00098442",79,65,14
"S00098443",172,157,15
"S00098444",131,106,25
"S00098445",139,97,42
"S00098446",110,101,9
"S00098447",161,106,55
"S00098448",104,81,23
"S00098449",103,82,21
"S00098450",163,142,21
"S00098451",123,116,7
"S00098452",95,84,11
"S00098453",107,99,8
"S00098454",137,131,6
"S00098455",91,83,8
"S00098456",74,68,6
"S00098457",155,139,16
"S00098458",107,99,8
"S00098459",105,93,12
"S00098460",93,86,7
"S00098461",168,159,9
"S00098462",106,77,29
"S00098463",145,140,5
"S00098464",86,79,7
"S00098465",65,59,6
"S00098466",64,58,6
"S00098467",72,56,16
"S00098468",86,77,9
"S00098469",61,55,6
"S00098470",124,114,10
"S00098471",56,49,7
"S00098472",112,94,18
"S00098473",121,110,11
"S00098474",158,150,8
"S00098475",86,65,21
"S00098476",155,129,26
"S00098477",84,75,9
"S00098478",63,56,7
"S00098479",108,78,30
"S00098480",206,187,19
"S00098481",65,52,13
"S00098482",238,222,16
"S00098483",88,76,12
"S00098484",138,121,17
"S00098485",525,496,29
"S00098486",59,34,25
"S00098487",67,39,28
"S00098488",137,112,25
"S00098489",114,89,25
"S00098490",132,116,16
"S00098491",113,101,12
"S00098492",89,84,5
"S00098493",93,86,7
"S00098494",124,112,12
"S00098495",150,132,18
"S00098496",99,86,13
"S00098497",132,121,11
"S00098498",56,50,6
"S00098499",125,113,12
"S00098500",155,143,12
"S00098501",148,118,30
"S00098502",117,98,19
"S00098503",80,77,3
"S00098504",146,129,17
"S00098505",380,358,22
"S00098506",158,145,13
"S00098507",103,91,12
"S00098508",144,134,10
"S00098509",134,120,14
"S00098510",63,55,8
"S00098511",74,68,6
"S00098512",91,69,22
"S00098513",56,54,2
"S00098514",82,60,22
"S00098515",68,53,15
"S00098516",60,44,16
"S00098517",60,39,21
"S00098518",66,66,0
"S00098519",86,66,20
"S00098520",105,91,14
"S00098521",91,60,31
"S00098522",121,100,21
"S00098523",139,127,12
"S00098524",133,127,6
"S00098525",108,96,12
"S00098526",136,114,22
"S00098527",72,64,8
"S00098528",51,45,6
"S00098529",60,52,8
"S00098530",92,91,1
"S00098531",77,74,3
"S00098532",168,149,19
"S00098533",116,105,11
"S00098534",120,114,6
"S00098535",86,79,7
"S00098536",100,81,19
"S00098537",116,100,16
"S00098538",125,115,10
"S00098539",132,126,6
"S00098540",115,101,14
"S00098541",100,87,13
"S00098542",67,62,5
"S00098543",117,105,12
"S00098544",56,24,32
"S00098545",72,38,34
"S00098546",113,101,12
"S00098547",149,127,22
"S00098548",130,103,27
"S00098549",227,208,19
"S00098550",52,44,8
"S00098551",105,88,17
"S00098552",187,142,45
"S00098553",141,91,50
"S00098554",119,100,19
"S00098555",86,64,22
"S00098556",136,113,23
"S00098557",63,35,28
"S00098558",92,65,27
"S00098559",104,82,22
"S00098560",141,125,16
"S00098561",136,116,20
"S00098562",94,77,17
"S00098563",95,87,8
"S00098564",111,89,22
"S00098565",118,95,23
"S00098566",69,55,14
"S00098567",123,108,15
"S00098568",126,109,17
"S00098569",90,73,17
"S00098570",95,83,12
"S00098571",122,108,14
"S00098572",113,107,6
"S00098573",95,84,11
"S00098574",110,92,18
"S00098575",89,76,13
"S00098576",82,39,43
"S00098577",107,96,11
"S00098578",80,42,38
"S00098579",123,109,14
"S00098580",159,109,50
"S00098581",60,52,8
"S00098582",92,77,15
"S00098583",109,82,27
"S00098584",100,82,18
"S00098585",90,68,22
"S00098586",66,57,9
"S00098587",122,102,20
"S00098588",75,48,27
"S00098589",76,43,33
"S00098590",96,69,27
"S00098591",73,48,25
"S00098592",116,89,27
"S00098593",117,98,19
"S00098594",103,93,10
"S00098595",50,44,6
"S00098596",117,96,21
"S00098597",65,63,2
"S00098598",64,59,5
"S00098599",115,107,8
"S00098600",102,89,13
"S00098601",95,89,6
"S00098602",117,103,14
"S00098603",146,130,16
"S00098604",120,97,23
"S00098605",198,179,19
"S00098606",102,82,20
"S00098607",95,70,25
"S00098608",178,160,18
"S00098609",159,123,36
"S00098610",83,67,16
"S00098611",106,87,19
"S00098612",105,80,25
"S00098613",81,36,45
"S00098614",58,48,10
"S00098615",205,176,29
"S00098616",145,117,28
"S00098617",76,44,32
"S00098618",69,49,20
"S00098619",78,56,22
"S00098620",135,95,40
"S00098621",114,90,24
"S00098622",52,42,10
"S00098623",82,68,14
"S00098624",98,78,20
"S00098625",64,53,11
"S00098626",121,91,30
"S00098627",133,106,27
"S00098628",106,97,9
"S00098629",50,29,21
"S00098630",76,36,40
"S00098631",96,77,19
"S00098632",122,99,23
"S00098633",141,120,21
"S00098634",150,112,38
"S00098635",158,131,27
"S00098636",137,72,65
"S00098637",52,48,4
"S00098638",123,99,24
"S00098639",124,93,31
"S00098640",162,111,51
"S00098641",139,94,45
"S00098642",138,121,17
"S00098643",67,42,25
"S00098644",111,90,21
"S00098645",91,66,25
"S00098646",110,91,19
"S00098647",86,64,22
"S00098648",76,54,22
"S00098649",83,61,22
"S00098650",166,146,20
"S00098651",136,128,8
"S00098652",114,105,9
"S00098653",64,60,4
"S00098654",143,129,14
"S00098655",81,73,8
"S00098656",157,139,18
"S00098657",95,80,15
"S00098658",91,82,9
"S00098659",55,38,17
"S00098660",72,58,14
"S00098661",143,116,27
"S00098662",130,107,23
"S00098663",122,108,14
"S00098664",66,49,17
"S00098665",87,73,14
"S00098666",74,55,19
"S00098667",147,128,19
"S00098668",128,102,26
"S00098669",96,78,18
"S00098670",88,65,23
"S00098671",85,61,24
"S00098672",110,84,26
"S00098673",100,90,10
"S00098674",79,60,19
"S00098675",87,77,10
"S00098676",56,40,16
"S00098677",143,120,23
"S00098678",148,128,20
"S00098679",91,73,18
"S00098680",103,74,29
"S00098681",103,87,16
"S00098682",294,228,66
"S00098683",103,75,28
"S00098684",119,84,35
"S00098685",129,92,37
"S00098686",101,83,18
"S00098687",61,48,13
"S00098688",90,71,19
"S00098689",62,46,16
"S00098690",92,77,15
"S00098691",105,92,13
"S00098692",55,40,15
"S00098693",140,106,34
"S00098694",111,91,20
"S00098695",141,116,25
"S00098696",150,129,21
"S00098697",152,121,31
"S00098698",72,61,11
"S00098699",97,82,15
"S00098700",129,107,22
"S00098701",161,132,29
"S00098702",126,103,23
"S00098703",103,84,19
"S00098704",93,82,11
"S00098705",80,63,17
"S00098706",116,94,22
"S00098707",60,34,26
"S00098708",184,145,39
"S00098709",108,86,22
"S00098710",65,45,20
"S00098711",113,82,31
"S00098712",105,90,15
"S00098713",153,121,32
"S00098714",190,158,32
"S00098715",169,144,25
"S00098716",98,86,12
"S00098717",63,57,6
"S00098718",137,102,35
"S00098719",137,107,30
"S00098720",67,39,28
"S00098721",77,50,27
"S00098722",141,95,46
"S00098723",50,27,23
"S00098724",92,71,21
"S00098725",108,88,20
"S00098726",123,97,26
"S00098727",53,33,20
"S00098728",143,116,27
"S00098729",145,120,25
"S00098730",96,71,25
"S00098731",80,67,13
"S00098732",99,72,27
"S00098733",90,66,24
"S00098734",116,93,23
"S00098735",84,75,9
"S00098736",248,206,42
"S00098737",184,161,23
"S00098738",101,76,25
"S00098739",132,107,25
"S00098740",85,66,19
"S00098741",59,48,11
"S00098742",70,54,16
"S00098743",117,86,31
"S00098744",65,52,13
"S00098745",88,39,49
"S00098746",77,53,24
"S00098747",61,30,31
"S00098748",52,21,31
"S00098749",75,50,25
"S00098750",72,50,22
"S00098751",75,54,21
"S00098752",104,73,31
"S00098753",88,64,24
"S00098754",69,40,29
"S00098755",77,68,9
"S00098756",88,59,29
"S00098757",133,103,30
"S00098758",77,57,20
"S00098759",131,117,14
"S00098760",180,156,24
"S00098761",103,85,18
"S00098762",145,130,15
"S00098763",106,82,24
"S00098764",95,91,4
"S00098765",74,57,17
"S00098766",92,80,12
"S00098767",99,80,19
"S00098768",75,65,10
"S00098769",108,93,15
"S00098770",92,72,20
"S00098771",61,37,24
"S00098772",77,52,25
"S00098773",106,79,27
"S00098774",109,89,20
"S00098775",88,61,27
"S00098776",99,72,27
"S00098777",63,34,29
"S00098778",70,61,9
"S00098779",99,96,3
"S00098780",118,115,3
"S00098781",138,126,12
"S00098782",146,138,8
"S00098783",151,130,21
"S00098784",75,71,4
"S00098785",104,85,19
"S00098786",93,83,10
"S00098787",87,62,25
"S00098788",68,41,27
"S00098789",59,34,25
"S00098790",118,77,41
"S00098791",124,96,28
"S00098792",118,76,42
"S00098793",157,131,26
"S00098794",147,122,25
"S00098795",84,80,4
"S00098796",80,65,15
"S00098797",132,78,54
"S00098798",73,62,11
"S00098799",81,59,22
"S00098800",79,45,34
"S00098801",97,86,11
"S00098802",82,65,17
"S00098803",105,68,37
"S00098804",111,95,16
"S00098805",68,55,13
"S00098806",79,64,15
"S00098807",54,37,17
"S00098808",72,41,31
"S00098809",74,61,13
"S00098810",58,37,21
"S00098811",106,81,25
"S00098812",89,47,42
"S00098813",67,39,28
"S00098814",122,96,26
"S00098815",100,68,32
"S00098816",100,86,14
"S00098817",91,54,37
"S00098818",145,112,33
"S00098819",59,52,7
"S00098820",68,54,14
"S00098821",65,59,6
"S00098822",91,51,40
"S00098823",92,58,34
"S00098824",62,32,30
"S00098825",91,67,24
"S00098826",115,87,28
"S00098827",134,91,43
"S00098828",168,145,23
"S00098829",75,37,38
"S00098830",72,59,13
"S00098831",108,84,24
"S00098832",84,76,8
"S00098833",64,46,18
"S00098834",55,28,27
"S00098835",58,45,13
"S00098836",64,40,24
"S00098837",66,57,9
"S00098838",105,87,18
"S00098839",71,45,26
"S00098840",91,61,30
"S00098841",97,71,26
"S00098842",118,106,12
"S00098843",127,107,20
"S00098844",164,147,17
"S00098845",71,52,19
"S00098846",75,41,34
"S00098847",103,58,45
"S00098848",99,73,26
"S00098849",98,69,29
"S00098850",81,51,30
"S00098851",76,67,9
"S00098852",52,44,8
"S00098853",118,94,24
"S00098854",76,49,27
"S00098855",87,68,19
"S00098856",54,33,21
"S00098857",112,79,33
"S00098858",80,70,10
"S00098859",114,87,27
"S00098860",92,42,50
"S00098861",123,99,24
"S00098862",103,91,12
"S00098863",118,96,22
"S00098864",102,86,16
"S00098865",81,65,16
"S00098866",100,78,22
"S00098867",146,121,25
"S00098868",166,147,19
"S00098869",119,105,14
"S00098870",55,43,12
"S00098871",59,51,8
"S00098872",114,98,16
"S00098873",105,87,18
"S00098874",109,97,12
"S00098875",134,125,9
"S00098876",93,74,19
"S00098877",89,74,15
"S00098878",128,111,17
"S00098879",126,103,23
"S00098880",111,98,13
"S00098881",111,89,22
"S00098882",109,92,17
"S00098883",91,80,11
"S00098884",122,112,10
"S00098885",116,88,28
"S00098886",88,54,34
"S00098887",88,36,52
"S00098888",115,101,14
"S00098889",122,102,20
"S00098890",112,91,21
"S00098891",128,106,22
"S00098892",95,72,23
"S00098893",164,153,11
"S00098894",107,83,24
"S00098895",143,110,33
"S00098896",128,102,26
"S00098897",95,78,17
"S00098898",84,68,16
"S00098899",166,136,30
"S00098900",125,95,30
"S00098901",65,48,17
"S00098902",99,77,22
"S00098903",111,80,31
"S00098904",106,81,25
"S00098905",89,78,11
"S00098906",136,114,22
"S00098907",92,64,28
"S00098908",123,100,23
"S00098909",158,133,25
"S00098910",123,100,23
"S00098911",118,94,24
"S00098912",86,74,12
"S00098913",155,112,43
"S00098914",109,84,25
"S00098915",140,130,10
"S00098916",134,112,22
"S00098917",53,43,10
"S00098918",83,71,12
"S00098919",84,70,14
"S00098920",149,117,32
"S00098921",69,39,30
"S00098922",89,80,9
"S00098923",126,96,30
"S00098924",108,82,26
"S00098925",91,73,18
"S00098926",107,97,10
"S00098927",68,59,9
"S00098928",120,100,20
"S00098929",84,73,11
"S00098930",101,74,27
"S00098931",115,83,32
"S00098932",89,72,17
"S00098933",144,119,25
"S00098934",121,101,20
"S00098935",88,75,13
"S00098936",117,102,15
"S00098937",128,118,10
"S00098938",103,85,18
"S00098939",112,92,20
"S00098940",116,88,28
"S00098941",115,93,22
"S00098942",85,70,15
"S00098943",168,147,21
"S00098944",167,135,32
"S00098945",151,128,23
"S00098946",82,71,11
"S00098947",139,118,21
"S00098948",101,78,23
"S00098949",131,83,48
"S00098950",64,45,19
"S00098951",141,122,19
"S00098952",92,74,18
"S00098953",104,78,26
"S00098954",146,111,35
"S00098955",101,85,16
"S00098956",119,106,13
"S00098957",103,80,23
"S00098958",277,230,47
"S00098959",120,91,29
"S00098960",99,69,30
"S00098961",139,111,28
"S00098962",131,106,25
"S00098963",164,134,30
"S00098964",128,99,29
"S00098965",105,85,20
"S00098966",105,88,17
"S00098967",163,147,16
"S00098968",123,102,21
"S00098969",122,100,22
"S00098970",125,95,30
"S00098971",118,89,29
"S00098972",140,110,30
"S00098973",102,84,18
"S00098974",174,144,30
"S00098975",197,165,32
"S00098976",94,70,24
"S00098977",171,136,35
"S00098978",75,58,17
"S00098979",135,102,33
"S00098980",85,55,30
"S00098981",74,52,22
"S00098982",60,41,19
"S00098983",96,57,39
"S00098984",118,99,19
"S00098985",125,88,37
"S00098986",63,52,11
"S00098987",96,69,27
"S00098988",129,100,29
"S00098989",110,92,18
"S00098990",196,180,16
"S00098991",90,57,33
"S00098992",168,128,40
"S00098993",67,57,10
"S00098994",73,61,12
"S00098995",56,50,6
"S00098996",90,73,17
"S00098997",73,60,13
"S00098998",97,76,21
"S00098999",102,90,12
"S00099000",115,97,18
"S00099001",122,110,12
"S00099002",71,54,17
"S00099003",66,55,11
"S00099004",62,52,10
"S00099005",97,81,16
"S00099006",106,79,27
"S00099007",104,85,19
"S00099008",136,125,11
"S00099009",90,75,15
"S00099010",75,65,10
"S00099011",82,65,17
"S00099012",61,45,16
"S00099013",62,41,21
"S00099014",81,64,17
"S00099015",72,62,10
"S00099016",74,50,24
"S00099017",170,151,19
"S00099018",147,120,27
"S00099019",77,62,15
"S00099020",50,35,15
"S00099021",136,113,23
"S00099022",65,53,12
"S00099023",102,94,8
"S00099024",77,65,12
"S00099025",106,69,37
"S00099026",95,83,12
"S00099027",95,80,15
"S00099028",96,72,24
"S00099029",78,56,22
"S00099030",89,65,24
"S00099031",83,67,16
"S00099032",238,215,23
"S00099033",72,67,5
"S00099034",100,87,13
"S00099035",99,90,9
"S00099036",127,117,10
"S00099037",172,158,14
"S00099038",99,82,17
"S00099039",148,132,16
"S00099040",159,148,11
"S00099041",94,86,8
"S00099042",173,151,22
"S00099043",143,123,20
"S00099044",106,93,13
"S00099045",136,112,24
"S00099046",121,106,15
"S00099047",124,109,15
"S00099048",139,113,26
"S00099049",97,86,11
"S00099050",115,94,21
"S00099051",146,131,15
"S00099052",112,87,25
"S00099053",107,101,6
"S00099054",123,106,17
"S00099055",128,103,25
"S00099056",73,61,12
"S00099057",80,49,31
"S00099058",85,45,40
"S00099059",112,66,46
"S00099060",85,66,19
"S00099061",70,49,21
"S00099062",92,65,27
"S00099063",81,63,18
"S00099064",59,38,21
"S00099065",118,93,25
"S00099066",61,36,25
"S00099067",91,65,26
"S00099068",105,98,7
"S00099069",106,79,27
"S00099070",91,74,17
"S00099071",84,43,41
"S00099072",107,59,48
"S00099073",105,92,13
"S00099074",134,101,33
"S00099075",70,63,7
"S00099076",111,94,17
"S00099077",155,123,32
"S00099078",103,89,14
"S00099079",141,111,30
"S00099080",113,96,17
"S00099081",88,67,21
"S00099082",77,63,14
"S00099083",100,80,20
"S00099084",65,48,17
"S00099085",89,66,23
"S00099086",73,50,23
"S00099087",66,48,18
"S00099088",105,82,23
"S00099089",86,45,41
"S00099090",114,86,28
"S00099091",71,47,24
"S00099092",146,116,30
"S00099093",81,57,24
"S00099094",109,53,56
"S00099095",113,98,15
"S00099096",56,44,12
"S00099097",99,79,20
"S00099098",61,18,43
"S00099099",75,42,33
"S00099100",159,132,27
"S00099101",75,61,14
"S00099102",169,105,64
"S00099103",92,63,29
"S00099104",125,105,20
"S00099105",107,71,36
"S00099106",98,63,35
"S00099107",96,83,13
"S00099108",174,121,53
"S00099109",170,118,52
"S00099110",135,88,47
"S00099111",156,145,11
"S00099112",100,77,23
"S00099113",146,119,27
"S00099114",133,101,32
"S00099115",136,114,22
"S00099116",130,97,33
"S00099117",240,189,51
"S00099118",136,101,35
"S00099119",113,101,12
"S00099120",117,89,28
"S00099121",78,62,16
"S00099122",87,70,17
"S00099123",83,50,33
"S00099124",91,53,38
"S00099125",103,83,20
"S00099126",60,43,17
"S00099127",105,79,26
"S00099128",64,54,10
"S00099129",111,92,19
"S00099130",161,81,80
"S00099131",92,60,32
"S00099132",67,54,13
"S00099133",109,89,20
"S00099134",85,49,36
"S00099135",109,95,14
"S00099136",57,44,13
"S00099137",114,97,17
"S00099138",87,62,25
"S00099139",93,68,25
"S00099140",80,66,14
"S00099141",138,101,37
"S00099142",85,66,19
"S00099143",90,67,23
"S00099144",123,102,21
"S00099145",158,122,36
"S00099146",119,87,32
"S00099147",95,58,37
"S00099148",87,70,17
"S00099149",110,87,23
"S00099150",161,125,36
"S00099151",70,55,15
"S00099152",102,79,23
"S00099153",158,117,41
"S00099154",88,73,15
"S00099155",106,62,44
"S00099156",154,115,39
"S00099157",139,103,36
"S00099158",134,111,23
"S00099159",92,75,17
"S00099160",66,47,19
"S00099161",120,99,21
"S00099162",99,79,20
"S00099163",100,73,27
"S00099164",182,148,34
"S00099165",115,78,37
"S00099166",161,125,36
"S00099167",161,121,40
"S00099168",185,153,32
"S00099169",108,88,20
"S00099170",113,58,55
"S00099171",72,30,42
"S00099172",53,33,20
"S00099173",140,106,34
"S00099174",54,29,25
"S00099175",86,67,19
"S00099176",123,90,33
"S00099177",120,104,16
"S00099178",103,81,22
"S00099179",108,86,22
"S00099180",89,59,30
"S00099181",150,121,29
"S00099182",79,56,23
"S00099183",58,40,18
"S00099184",121,81,40
"S00099185",71,45,26
"S00099186",91,70,21
"S00099187",75,48,27
"S00099188",122,80,42
"S00099189",80,60,20
"S00099190",79,69,10
"S00099191",64,50,14
"S00099192",137,108,29
"S00099193",66,54,12
"S00099194",75,57,18
"S00099195",67,58,9
"S00099196",66,37,29
"S00099197",113,94,19
"S00099198",74,63,11
"S00099199",87,60,27
"S00099200",69,44,25
"S00099201",92,61,31
"S00099202",86,76,10
"S00099203",94,81,13
"S00099204",102,88,14
"S00099205",121,84,37
"S00099206",102,83,19
"S00099207",97,72,25
"S00099208",130,117,13
"S00099209",128,77,51
"S00099210",149,115,34
"S00099211",79,63,16
"S00099212",56,31,25
"S00099213",99,77,22
"S00099214",168,150,18
"S00099215",90,78,12
"S00099216",116,88,28
"S00099217",145,115,30
"S00099218",129,100,29
"S00099219",85,67,18
"S00099220",102,87,15
"S00099221",88,53,35
"S00099222",156,134,22
"S00099223",78,41,37
"S00099224",98,79,19
"S00099225",128,106,22
"S00099226",87,52,35
"S00099227",182,147,35
"S00099228",135,108,27
"S00099229",171,136,35
"S00099230",144,111,33
"S00099231",154,121,33
"S00099232",173,138,35
"S00099233",84,68,16
"S00099234",154,114,40
"S00099235",83,68,15
"S00099236",137,109,28
"S00099237",103,89,14
"S00099238",113,86,27
"S00099239",114,95,19
"S00099240",109,97,12
"S00099241",100,82,18
"S00099242",197,163,34
"S00099243",140,105,35
"S00099244",115,95,20
"S00099245",115,95,20
"S00099246",128,109,19
"S00099247",221,189,32
"S00099248",119,100,19
"S00099249",146,124,22
"S00099250",91,60,31
"S00099251",92,76,16
"S00099252",80,60,20
"S00099253",105,83,22
"S00099254",123,65,58
"S00099255",83,42,41
"S00099256",163,115,48
"S00099257",175,156,19
"S00099258",141,113,28
"S00099259",105,89,16
"S00099260",135,117,18
"S00099261",96,77,19
"S00099262",141,106,35
"S00099263",128,115,13
"S00099264",93,78,15
"S00099265",132,122,10
"S00099266",88,79,9
"S00099267",143,130,13
"S00099268",151,122,29
"S00099269",139,120,19
"S00099270",130,111,19
"S00099271",83,74,9
"S00099272",157,140,17
"S00099273",78,63,15
"S00099274",133,118,15
"S00099275",78,71,7
"S00099276",98,93,5
"S00099277",182,158,24
"S00099278",120,99,21
"S00099279",115,97,18
"S00099280",157,124,33
"S00099281",189,167,22
"S00099282",138,117,21
"S00099283",181,161,20
"S00099284",133,108,25
"S00099285",94,47,47
"S00099286",135,116,19
"S00099287",153,143,10
"S00099288",73,43,30
"S00099289",116,103,13
"S00099290",77,58,19
"S00099291",56,43,13
"S00099292",120,95,25
"S00099293",68,48,20
"S00099294",102,62,40
"S00099295",56,42,14
"S00099296",95,82,13
"S00099297",57,46,11
"S00099298",91,60,31
"S00099299",67,55,12
"S00099300",106,90,16
"S00099301",80,74,6
"S00099302",128,107,21
"S00099303",77,60,17
"S00099304",79,62,17
"S00099305",129,89,40
"S00099306",68,59,9
"S00099307",89,67,22
"S00099308",86,73,13
"S00099309",74,60,14
"S00099310",105,86,19
"S00099311",79,65,14
"S00099312",124,107,17
"S00099313",156,136,20
"S00099314",124,114,10
"S00099315",147,123,24
"S00099316",114,106,8
"S00099317",116,102,14
"S00099318",105,88,17
"S00099319",114,91,23
"S00099320",148,133,15
"S00099321",173,159,14
"S00099322",138,125,13
"S00099323",124,112,12
"S00099324",125,116,9
"S00099325",99,79,20
"S00099326",75,60,15
"S00099327",54,30,24
"S00099328",88,66,22
"S00099329",134,104,30
"S00099330",84,62,22
"S00099331",61,43,18
"S00099332",85,77,8
"S00099333",77,70,7
"S00099334",97,82,15
"S00099335",85,69,16
"S00099336",83,80,3
"S00099337",84,67,17
"S00099338",117,98,19
"S00099339",140,126,14
"S00099340",128,123,5
"S00099341",103,83,20
"S00099342",98,89,9
"S00099343",93,77,16
"S00099344",95,83,12
"S00099345",154,127,27
"S00099346",56,48,8
"S00099347",134,119,15
"S00099348",114,101,13
"S00099349",116,104,12
"S00099350",117,99,18
"S00099351",125,110,15
"S00099352",111,89,22
"S00099353",102,87,15
"S00099354",87,75,12
"S00099355",171,152,19
"S00099356",156,132,24
"S00099357",102,84,18
"S00099358",59,47,12
"S00099359",130,120,10
"S00099360",116,99,17
"S00099361",69,60,9
"S00099362",150,128,22
"S00099363",114,97,17
"S00099364",70,49,21
"S00099365",99,76,23
"S00099366",64,45,19
"S00099367",61,28,33
"S00099368",119,107,12
"S00099369",154,133,21
"S00099370",118,106,12
"S00099371",100,90,10
"S00099372",131,114,17
"S00099373",203,184,19
"S00099374",139,117,22
"S00099375",110,98,12
"S00099376",159,137,22
"S00099377",94,88,6
"S00099378",116,100,16
"S00099379",120,102,18
"S00099380",135,122,13
"S00099381",114,97,17
"S00099382",127,109,18
"S00099383",110,95,15
"S00099384",99,88,11
"S00099385",113,98,15
"S00099386",147,129,18
"S00099387",138,125,13
"S00099388",131,116,15
"S00099389",76,54,22
"S00099390",147,132,15
"S00099391",70,58,12
"S00099392",105,73,32
"S00099393",66,46,20
"S00099394",106,89,17
"S00099395",102,65,37
"S00099396",85,66,19
"S00099397",116,104,12
"S00099398",221,200,21
"S00099399",76,71,5
"S00099400",145,100,45
"S00099401",90,72,18
"S00099402",96,65,31
"S00099403",55,37,18
"S00099404",108,77,31
"S00099405",107,92,15
"S00099406",127,112,15
"S00099407",91,68,23
"S00099408",103,82,21
"S00099409",166,148,18
"S00099410",70,63,7
"S00099411",105,101,4
"S00099412",71,58,13
"S00099413",100,83,17
"S00099414",56,50,6
"S00099415",96,87,9
"S00099416",79,74,5
"S00099417",76,64,12
"S00099418",169,158,11
"S00099419",218,192,26
"S00099420",77,67,10
"S00099421",208,194,14
"S00099422",156,144,12
"S00099423",176,164,12
"S00099424",94,62,32
"S00099425",201,188,13
"S00099426",68,54,14
"S00099427",94,75,19
"S00099428",88,73,15
"S00099429",65,57,8
"S00099430",89,80,9
"S00099431",90,86,4
"S00099432",52,45,7
"S00099433",139,111,28
"S00099434",82,56,26
"S00099435",90,73,17
"S00099436",78,49,29
"S00099437",53,48,5
"S00099438",69,64,5
"S00099439",75,60,15
"S00099440",115,100,15
"S00099441",65,46,19
"S00099442",94,75,19
"S00099443",103,73,30
"S00099444",137,111,26
"S00099445",105,92,13
"S00099446",61,48,13
"S00099447",101,73,28
"S00099448",61,52,9
"S00099449",165,138,27
"S00099450",73,61,12
"S00099451",68,62,6
"S00099452",91,66,25
"S00099453",56,43,13
"S00099454",64,52,12
"S00099455",92,73,19
"S00099456",50,27,23
"S00099457",77,70,7
"S00099458",175,128,47
"S00099459",96,85,11
"S00099460",64,25,39
"S00099461",146,81,65
"S00099462",55,50,5
"S00099463",52,39,13
"S00099464",89,69,20
"S00099465",111,82,29
"S00099466",65,54,11
"S00099467",184,132,52
"S00099468",212,201,11
"S00099469",104,101,3
"S00099470",59,51,8
"S00099471",59,57,2
"S00099472",179,168,11
"S00099473",198,187,11
"S00099474",144,134,10
"S00099475",117,97,20
"S00099476",56,45,11
"S00099477",90,68,22
"S00099478",91,60,31
"S00099479",99,82,17
"S00099480",98,71,27
"S00099481",56,49,7
"S00099482",81,62,19
"S00099483",83,68,15
"S00099484",98,76,22
"S00099485",82,70,12
"S00099486",131,87,44
"S00099487",135,109,26
"S00099488",99,82,17
"S00099489",151,137,14
"S00099490",163,142,21
"S00099491",50,26,24
"S00099492",88,72,16
"S00099493",96,77,19
"S00099494",81,60,21
"S00099495",66,55,11
"S00099496",92,79,13
"S00099497",159,148,11
"S00099498",125,120,5
"S00099499",125,101,24
"S00099500",63,46,17
"S00099501",72,63,9
"S00099502",127,117,10
"S00099503",120,108,12
"S00099504",130,98,32
"S00099505",496,469,27
"S00099506",69,58,11
"S00099507",115,89,26
"S00099508",54,41,13
"S00099509",205,176,29
"S00099510",82,62,20
"S00099511",101,76,25
"S00099512",59,42,17
"S00099513",112,61,51
"S00099514",80,52,28
"S00099515",58,51,7
"S00099516",117,103,14
"S00099517",56,34,22
"S00099518",59,33,26
"S00099519",100,87,13
"S00099520",56,33,23
"S00099521",89,72,17
"S00099522",89,77,12
"S00099523",73,64,9
"S00099524",116,101,15
"S00099525",103,88,15
"S00099526",88,73,15
"S00099527",96,93,3
"S00099528",227,221,6
"S00099529",151,136,15
"S00099530",170,161,9
"S00099531",218,205,13
"S00099532",207,195,12
"S00099533",161,156,5
"S00099534",145,139,6
"S00099535",70,64,6
"S00099536",107,58,49
"S00099537",223,209,14
"S00099538",92,67,25
"S00099539",117,110,7
"S00099540",62,43,19
"S00099541",100,85,15
"S00099542",143,135,8
"S00099543",117,106,11
"S00099544",92,84,8
"S00099545",96,93,3
"S00099546",147,106,41
"S00099547",141,136,5
"S00099548",115,96,19
"S00099549",95,79,16
"S00099550",145,130,15
"S00099551",157,135,22
"S00099552",121,116,5
"S00099553",125,121,4
"S00099554",98,96,2
"S00099555",137,131,6
"S00099556",86,82,4
"S00099557",69,65,4
"S00099558",127,118,9
"S00099559",111,102,9
"S00099560",109,101,8
"S00099561",68,45,23
"S00099562",75,64,11
"S00099563",104,100,4
"S00099564",91,78,13
"S00099565",82,72,10
"S00099566",63,58,5
"S00099567",487,461,26
"S00099568",136,132,4
"S00099569",549,528,21
"S00099570",100,95,5
"S00099571",109,100,9
"S00099572",152,145,7
"S00099573",84,79,5
"S00099574",74,56,18
"S00099575",143,133,10
"S00099576",130,124,6
"S00099577",64,60,4
"S00099578",114,101,13
"S00099579",112,107,5
"S00099580",120,104,16
"S00099581",126,116,10
"S00099582",75,72,3
"S00099583",54,43,11
"S00099584",80,58,22
"S00099585",137,129,8
"S00099586",117,110,7
"S00099587",145,137,8
"S00099588",185,174,11
"S00099589",140,61,79
"S00099590",109,68,41
"S00099591",59,50,9
"S00099592",91,71,20
"S00099593",143,112,31
"S00099594",80,72,8
"S00099595",68,36,32
"S00099596",64,17,47
"S00099597",72,39,33
"S00099598",115,79,36
"S00099599",78,52,26
"S00099600",67,52,15
"S00099601",112,88,24
"S00099602",79,60,19
"S00099603",86,73,13
"S00099604",56,24,32
"S00099605",75,58,17
"S00099606",85,46,39
"S00099607",67,55,12
"S00099608",150,121,29
"S00099609",125,88,37
"S00099610",88,77,11
"S00099611",76,51,25
"S00099612",65,34,31
"S00099613",121,94,27
"S00099614",82,57,25
"S00099615",51,35,16
"S00099616",67,41,26
"S00099617",86,70,16
"S00099618",61,37,24
"S00099619",163,128,35
"S00099620",120,73,47
"S00099621",79,63,16
"S00099622",133,114,19
"S00099623",91,86,5
"S00099624",59,46,13
"S00099625",91,79,12
"S00099626",70,60,10
"S00099627",59,54,5
"S00099628",166,145,21
"S00099629",110,79,31
"S00099630",59,39,20
"S00099631",80,60,20
"S00099632",52,48,4
"S00099633",80,66,14
"S00099634",112,79,33
"S00099635",56,40,16
"S00099636",91,76,15
"S00099637",59,37,22
"S00099638",66,43,23
"S00099639",66,51,15
"S00099640",98,54,44
"S00099641",119,67,52
"S00099642",141,118,23
"S00099643",55,48,7
"S00099644",108,95,13
"S00099645",105,92,13
"S00099646",94,81,13
"S00099647",87,75,12
"S00099648",74,70,4
"S00099649",133,112,21
"S00099650",123,107,16
"S00099651",136,116,20
"S00099652",92,65,27
"S00099653",83,71,12
"S00099654",130,99,31
"S00099655",85,64,21
"S00099656",114,92,22
"S00099657",78,73,5
"S00099658",78,68,10
"S00099659",101,91,10
"S00099660",115,96,19
"S00099661",97,88,9
"S00099662",98,86,12
"S00099663",83,76,7
"S00099664",94,84,10
"S00099665",114,90,24
"S00099666",58,38,20
"S00099667",79,53,26
"S00099668",87,68,19
"S00099669",139,130,9
"S00099670",127,111,16
"S00099671",125,114,11
"S00099672",82,72,10
"S00099673",102,75,27
"S00099674",113,94,19
"S00099675",127,120,7
"S00099676",131,120,11
"S00099677",71,58,13
"S00099678",54,41,13
"S00099679",105,86,19
"S00099680",70,58,12
"S00099681",137,124,13
"S00099682",169,148,21
"S00099683",111,104,7
"S00099684",166,155,11
"S00099685",82,74,8
"S00099686",106,90,16
"S00099687",148,128,20
"S00099688",75,69,6
"S00099689",206,176,30
"S00099690",166,156,10
"S00099691",123,87,36
"S00099692",120,100,20
"S00099693",119,99,20
"S00099694",74,47,27
"S00099695",180,152,28
"S00099696",102,78,24
"S00099697",103,76,27
"S00099698",157,136,21
"S00099699",147,127,20
"S00099700",141,133,8
"S00099701",93,76,17
"S00099702",126,111,15
"S00099703",149,138,11
"S00099704",95,83,12
"S00099705",91,75,16
"S00099706",159,140,19
"S00099707",62,47,15
"S00099708",130,105,25
"S00099709",129,100,29
"S00099710",70,45,25
"S00099711",108,89,19
"S00099712",100,87,13
"S00099713",53,42,11
"S00099714",92,73,19
"S00099715",60,51,9
"S00099716",79,74,5
"S00099717",88,80,8
"S00099718",71,51,20
"S00099719",100,87,13
"S00099720",73,62,11
"S00099721",74,42,32
"S00099722",151,138,13
"S00099723",64,56,8
"S00099724",113,104,9
"S00099725",92,82,10
"S00099726",60,46,14
"S00099727",116,86,30
"S00099728",155,138,17
"S00099729",80,67,13
"S00099730",67,60,7
"S00099731",109,102,7
"S00099732",161,142,19
"S00099733",69,60,9
"S00099734",120,103,17
"S00099735",62,50,12
"S00099736",190,171,19
"S00099737",120,101,19
"S00099738",80,65,15
"S00099739",126,109,17
"S00099740",129,77,52
"S00099741",122,108,14
"S00099742",128,125,3
"S00099743",185,182,3
"S00099744",152,147,5
"S00099745",152,147,5
"S00099746",165,146,19
"S00099747",177,84,93
"S00099748",122,113,9
"S00099749",163,160,3
"S00099750",133,123,10
"S00099751",136,126,10
"S00099752",108,98,10
"S00099753",91,82,9
"S00099754",73,70,3
"S00099755",213,184,29
"S00099756",95,86,9
"S00099757",214,169,45
"S00099758",59,40,19
"S00099759",179,132,47
"S00099760",119,75,44
"S00099761",69,50,19
"S00099762",64,54,10
"S00099763",118,98,20
"S00099764",137,99,38
"S00099765",126,95,31
"S00099766",97,69,28
"S00099767",126,110,16
"S00099768",123,114,9
"S00099769",139,128,11
"S00099770",134,116,18
"S00099771",99,74,25
"S00099772",67,33,34
"S00099773",94,52,42
"S00099774",57,52,5
"S00099775",115,99,16
"S00099776",84,77,7
"S00099777",130,109,21
"S00099778",155,116,39
"S00099779",221,212,9
"S00099780",93,77,16
"S00099781",201,187,14
"S00099782",1124,1060,64
"S00099783",79,68,11
"S00099784",69,63,6
"S00099785",147,123,24
"S00099786",221,182,39
"S00099787",138,106,32
"S00099788",143,126,17
"S00099789",135,115,20
"S00099790",180,148,32
"S00099791",109,98,11
"S00099792",89,79,10
"S00099793",93,80,13
"S00099794",114,74,40
"S00099795",75,53,22
"S00099796",132,93,39
"S00099797",86,72,14
"S00099798",90,78,12
"S00099799",209,134,75
"S00099800",117,92,25
"S00099801",165,145,20
"S00099802",111,93,18
"S00099803",198,184,14
"S00099804",148,123,25
"S00099805",142,130,12
"S00099806",154,135,19
"S00099807",90,76,14
"S00099808",61,49,12
"S00099809",140,123,17
"S00099810",81,61,20
"S00099811",135,118,17
"S00099812",81,73,8
"S00099813",142,116,26
"S00099814",95,79,16
"S00099815",161,127,34
"S00099816",90,81,9
"S00099817",82,58,24
"S00099818",103,80,23
"S00099819",94,88,6
"S00099820",115,101,14
"S00099821",191,180,11
"S00099822",64,49,15
"S00099823",150,115,35
"S00099824",191,111,80
"S00099825",56,47,9
"S00099826",144,136,8
"S00099827",170,158,12
"S00099828",139,128,11
"S00099829",104,101,3
"S00099830",231,214,17
"S00099831",150,137,13
"S00099832",193,181,12
"S00099833",85,81,4
"S00099834",100,95,5
"S00099835",129,120,9
"S00099836",108,94,14
"S00099837",194,187,7
"S00099838",148,141,7
"S00099839",127,118,9
"S00099840",103,97,6
"S00099841",234,224,10
"S00099842",111,87,24
"S00099843",132,123,9
"S00099844",144,135,9
"S00099845",195,170,25
"S00099846",82,75,7
"S00099847",130,115,15
"S00099848",118,106,12
"S00099849",95,91,4
"S00099850",79,65,14
"S00099851",89,82,7
"S00099852",104,84,20
"S00099853",215,170,45
"S00099854",63,53,10
"S00099855",107,94,13
"S00099856",60,51,9
"S00099857",74,67,7
"S00099858",101,85,16
"S00099859",128,114,14
"S00099860",121,96,25
"S00099861",108,93,15
"S00099862",89,80,9
"S00099863",123,108,15
"S00099864",52,36,16
"S00099865",177,129,48
"S00099866",136,84,52
"S00099867",66,49,17
"S00099868",151,121,30
"S00099869",82,62,20
"S00099870",94,69,25
"S00099871",118,72,46
"S00099872",99,70,29
"S00099873",90,59,31
"S00099874",132,102,30
"S00099875",172,133,39
"S00099876",148,102,46
"S00099877",120,86,34
"S00099878",116,81,35
"S00099879",128,78,50
"S00099880",128,81,47
"S00099881",102,70,32
"S00099882",129,98,31
"S00099883",139,104,35
"S00099884",140,100,40
"S00099885",95,75,20
"S00099886",82,66,16
"S00099887",136,97,39
"S00099888",119,75,44
"S00099889",110,85,25
"S00099890",111,77,34
"S00099891",146,106,40
"S00099892",110,83,27
"S00099893",77,56,21
"S00099894",77,51,26
"S00099895",57,34,23
"S00099896",99,69,30
"S00099897",114,85,29
"S00099898",119,88,31
"S00099899",70,54,16
"S00099900",113,79,34
"S00099901",134,98,36
"S00099902",92,61,31
"S00099903",93,72,21
"S00099904",68,45,23
"S00099905",87,65,22
"S00099906",94,69,25
"S00099907",108,86,22
"S00099908",71,40,31
"S00099909",54,38,16
"S00099910",91,58,33
"S00099911",77,46,31
"S00099912",92,52,40
"S00099913",70,32,38
"S00099914",105,69,36
"S00099915",141,112,29
"S00099916",100,65,35
"S00099917",101,57,44
"S00099918",129,93,36
"S00099919",94,80,14
"S00099920",100,87,13
"S00099921",91,78,13
"S00099922",103,74,29
"S00099923",138,109,29
"S00099924",74,51,23
"S00099925",212,189,23
"S00099926",136,110,26
"S00099927",154,119,35
"S00099928",84,61,23
"S00099929",146,124,22
"S00099930",203,172,31
"S00099931",107,83,24
"S00099932",139,105,34
"S00099933",96,71,25
"S00099934",170,123,47
"S00099935",165,118,47
"S00099936",86,47,39
"S00099937",70,49,21
"S00099938",134,105,29
"S00099939",112,88,24
"S00099940",122,93,29
"S00099941",161,132,29
"S00099942",115,92,23
"S00099943",116,92,24
"S00099944",118,97,21
"S00099945",105,87,18
"S00099946",132,96,36
"S00099947",94,69,25
"S00099948",107,75,32
"S00099949",83,49,34
"S00099950",138,101,37
"S00099951",108,90,18
"S00099952",135,89,46
"S00099953",161,105,56
"S00099954",108,79,29
"S00099955",89,82,7
"S00099956",55,38,17
"S00099957",83,61,22
"S00099958",135,118,17
"S00099959",126,95,31
"S00099960",90,69,21
"S00099961",139,116,23
"S00099962",153,110,43
"S00099963",113,86,27
"S00099964",126,105,21
"S00099965",79,53,26
"S00099966",107,94,13
"S00099967",115,86,29
"S00099968",136,100,36
"S00099969",112,92,20
"S00099970",183,119,64
"S00099971",142,99,43
"S00099972",147,105,42
"S00099973",97,82,15
"S00099974",73,54,19
"S00099975",106,80,26
"S00099976",105,81,24
"S00099977",109,82,27
"S00099978",87,65,22
"S00099979",102,76,26
"S00099980",119,101,18
"S00099981",84,51,33
"S00099982",77,42,35
"S00099983",71,39,32
"S00099984",83,51,32
"S00099985",83,60,23
"S00099986",109,80,29
"S00099987",81,55,26
"S00099988",94,50,44
"S00099989",124,113,11
"S00099990",97,88,9
"S00099991",117,91,26
"S00099992",80,62,18
"S00099993",208,186,22
"S00099994",72,58,14
"S00099995",162,141,21
"S00099996",93,73,20
"S00099997",180,141,39
"S00099998",157,120,37
"S00099999",121,100,21
"S00100000",99,80,19
"S00100001",135,101,34
"S00100002",109,85,24
"S00100003",126,88,38
"S00100004",165,128,37
"S00100005",102,74,28
"S00100006",81,58,23
"S00100007",170,139,31
"S00100008",119,92,27
"S00100009",132,108,24
"S00100010",135,101,34
"S00100011",83,57,26
"S00100012",103,76,27
"S00100013",103,64,39
"S00100014",87,73,14
"S00100015",60,46,14
"S00100016",108,80,28
"S00100017",74,63,11
"S00100018",153,121,32
"S00100019",103,81,22
"S00100020",136,97,39
"S00100021",133,118,15
"S00100022",117,93,24
"S00100023",154,138,16
"S00100024",118,107,11
"S00100025",130,109,21
"S00100026",122,96,26
"S00100027",113,78,35
"S00100028",120,88,32
"S00100029",93,65,28
"S00100030",117,91,26
"S00100031",100,66,34
"S00100032",130,101,29
"S00100033",128,97,31
"S00100034",109,68,41
"S00100035",106,73,33
"S00100036",89,68,21
"S00100037",163,139,24
"S00100038",60,42,18
"S00100039",104,71,33
"S00100040",109,71,38
"S00100041",168,130,38
"S00100042",69,52,17
"S00100043",95,64,31
"S00100044",121,97,24
"S00100045",106,83,23
"S00100046",94,71,23
"S00100047",75,49,26
"S00100048",87,56,31
"S00100049",107,74,33
"S00100050",59,32,27
"S00100051",142,103,39
"S00100052",128,68,60
"S00100053",72,55,17
"S00100054",100,72,28
"S00100055",115,95,20
"S00100056",80,54,26
"S00100057",66,51,15
"S00100058",123,107,16
"S00100059",151,112,39
"S00100060",92,75,17
"S00100061",111,95,16
"S00100062",118,96,22
"S00100063",106,75,31
"S00100064",104,79,25
"S00100065",167,143,24
"S00100066",99,69,30
"S00100067",84,60,24
"S00100068",87,58,29
"S00100069",138,100,38
"S00100070",87,66,21
"S00100071",112,76,36
"S00100072",125,80,45
"S00100073",126,90,36
"S00100074",160,139,21
"S00100075",83,57,26
"S00100076",81,67,14
"S00100077",125,110,15
"S00100078",128,111,17
"S00100079",84,61,23
"S00100080",84,70,14
"S00100081",139,105,34
"S00100082",131,93,38
"S00100083",137,108,29
"S00100084",156,133,23
"S00100085",134,113,21
"S00100086",140,116,24
"S00100087",152,117,35
"S00100088",122,114,8
"S00100089",122,97,25
"S00100090",105,74,31
"S00100091",92,72,20
"S00100092",167,138,29
"S00100093",96,77,19
"S00100094",124,79,45
"S00100095",115,79,36
"S00100096",116,91,25
"S00100097",98,65,33
"S00100098",104,74,30
"S00100099",143,98,45
"S00100100",93,64,29
"S00100101",90,59,31
"S00100102",89,56,33
"S00100103",61,35,26
"S00100104",124,100,24
"S00100105",122,86,36
"S00100106",137,89,48
"S00100107",202,188,14
"S00100108",136,112,24
"S00100109",187,179,8
"S00100110",104,85,19
"S00100111",99,79,20
"S00100112",129,104,25
"S00100113",116,100,16
"S00100114",93,86,7
"S00100115",93,77,16
"S00100116",101,85,16
"S00100117",134,125,9
"S00100118",102,92,10
"S00100119",103,84,19
"S00100120",126,103,23
"S00100121",116,106,10
"S00100122",92,84,8
"S00100123",69,58,11
"S00100124",121,104,17
"S00100125",129,114,15
"S00100126",66,49,17
"S00100127",53,45,8
"S00100128",109,88,21
"S00100129",130,115,15
"S00100130",87,72,15
"S00100131",113,98,15
"S00100132",72,61,11
"S00100133",57,55,2
"S00100134",93,83,10
"S00100135",75,64,11
"S00100136",83,57,26
"S00100137",120,101,19
"S00100138",165,138,27
"S00100139",118,81,37
"S00100140",131,94,37
"S00100141",78,65,13
"S00100142",96,72,24
"S00100143",71,52,19
"S00100144",110,81,29
"S00100145",101,81,20
"S00100146",76,54,22
"S00100147",118,100,18
"S00100148",62,51,11
"S00100149",105,86,19
"S00100150",133,89,44
"S00100151",146,125,21
"S00100152",74,65,9
"S00100153",105,75,30
"S00100154",81,47,34
"S00100155",118,100,18
"S00100156",88,74,14
"S00100157",65,48,17
"S00100158",101,86,15
"S00100159",124,90,34
"S00100160",117,98,19
"S00100161",61,51,10
"S00100162",167,126,41
"S00100163",180,137,43
"S00100164",119,108,11
"S00100165",123,106,17
"S00100166",75,68,7
"S00100167",100,37,63
"S00100168",106,68,38
"S00100169",105,80,25
"S00100170",83,68,15
"S00100171",72,44,28
"S00100172",55,29,26
"S00100173",69,44,25
"S00100174",89,59,30
"S00100175",55,36,19
"S00100176",73,48,25
"S00100177",95,87,8
"S00100178",96,82,14
"S00100179",68,50,18
"S00100180",79,67,12
"S00100181",65,57,8
"S00100182",160,144,16
"S00100183",107,93,14
"S00100184",103,69,34
"S00100185",110,86,24
"S00100186",99,67,32
"S00100187",108,86,22
"S00100188",124,95,29
"S00100189",152,117,35
"S00100190",86,72,14
"S00100191",87,61,26
"S00100192",123,85,38
"S00100193",132,104,28
"S00100194",93,75,18
"S00100195",149,97,52
"S00100196",169,133,36
"S00100197",97,74,23
"S00100198",116,89,27
"S00100199",109,84,25
"S00100200",136,113,23
"S00100201",99,81,18
"S00100202",96,64,32
"S00100203",115,76,39
"S00100204",132,105,27
"S00100205",109,83,26
"S00100206",111,76,35
"S00100207",92,69,23
"S00100208",99,79,20
"S00100209",174,144,30
"S00100210",150,106,44
"S00100211",147,115,32
"S00100212",112,96,16
"S00100213",101,75,26
"S00100214",115,103,12
"S00100215",100,77,23
"S00100216",124,91,33
"S00100217",103,77,26
"S00100218",109,87,22
"S00100219",63,57,6
"S00100220",116,95,21
"S00100221",150,126,24
"S00100222",105,57,48
"S00100223",139,124,15
"S00100224",142,106,36
"S00100225",130,108,22
"S00100226",110,88,22
"S00100227",108,85,23
"S00100228",93,71,22
"S00100229",193,172,21
"S00100230",88,64,24
"S00100231",98,71,27
"S00100232",84,64,20
"S00100233",102,68,34
"S00100234",124,99,25
"S00100235",123,94,29
"S00100236",137,120,17
"S00100237",117,92,25
"S00100238",141,120,21
"S00100239",122,93,29
"S00100240",106,81,25
"S00100241",176,136,40
"S00100242",153,127,26
"S00100243",111,79,32
"S00100244",87,59,28
"S00100245",98,61,37
"S00100246",122,98,24
"S00100247",89,58,31
"S00100248",113,92,21
"S00100249",140,111,29
"S00100250",109,83,26
"S00100251",113,92,21
"S00100252",140,106,34
"S00100253",114,94,20
"S00100254",92,70,22
"S00100255",125,95,30
"S00100256",57,47,10
"S00100257",117,83,34
"S00100258",66,50,16
"S00100259",121,109,12
"S00100260",73,46,27
"S00100261",71,56,15
"S00100262",173,147,26
"S00100263",116,97,19
"S00100264",102,87,15
"S00100265",78,74,4
"S00100266",141,130,11
"S00100267",51,43,8
"S00100268",119,77,42
"S00100269",122,82,40
"S00100270",81,57,24
"S00100271",94,72,22
"S00100272",100,69,31
"S00100273",73,58,15
"S00100274",122,101,21
"S00100275",80,58,22
"S00100276",103,83,20
"S00100277",52,39,13
"S00100278",86,62,24
"S00100279",68,40,28
"S00100280",67,41,26
"S00100281",101,69,32
"S00100282",82,56,26
"S00100283",114,77,37
"S00100284",140,113,27
"S00100285",51,32,19
"S00100286",76,61,15
"S00100287",64,32,32
"S00100288",115,98,17
"S00100289",97,78,19
"S00100290",61,40,21
"S00100291",73,65,8
"S00100292",82,69,13
"S00100293",67,43,24
"S00100294",56,44,12
"S00100295",176,130,46
"S00100296",207,184,23
"S00100297",169,125,44
"S00100298",140,113,27
"S00100299",78,53,25
"S00100300",206,177,29
"S00100301",151,123,28
"S00100302",84,60,24
"S00100303",126,103,23
"S00100304",178,160,18
"S00100305",106,93,13
"S00100306",147,129,18
"S00100307",131,108,23
"S00100308",142,118,24
"S00100309",102,81,21
"S00100310",111,97,14
"S00100311",120,107,13
"S00100312",114,98,16
"S00100313",156,134,22
"S00100314",136,113,23
"S00100315",178,154,24
"S00100316",107,92,15
"S00100317",63,44,19
"S00100318",109,87,22
"S00100319",108,80,28
"S00100320",96,73,23
"S00100321",137,109,28
"S00100322",157,116,41
"S00100323",107,81,26
"S00100324",179,133,46
"S00100325",116,86,30
"S00100326",121,85,36
"S00100327",94,77,17
"S00100328",103,48,55
"S00100329",106,89,17
"S00100330",84,65,19
"S00100331",119,94,25
"S00100332",125,83,42
"S00100333",99,80,19
"S00100334",165,136,29
"S00100335",84,70,14
"S00100336",131,110,21
"S00100337",62,44,18
"S00100338",69,61,8
"S00100339",77,54,23
"S00100340",114,93,21
"S00100341",91,66,25
"S00100342",145,121,24
"S00100343",97,78,19
"S00100344",119,107,12
"S00100345",105,90,15
"S00100346",113,110,3
"S00100347",131,119,12
"S00100348",97,81,16
"S00100349",115,97,18
"S00100350",53,51,2
"S00100351",112,92,20
"S00100352",99,86,13
"S00100353",111,88,23
"S00100354",84,63,21
"S00100355",103,82,21
"S00100356",88,68,20
"S00100357",96,78,18
"S00100358",145,124,21
"S00100359",98,78,20
"S00100360",133,109,24
"S00100361",74,63,11
"S00100362",56,47,9
"S00100363",61,42,19
"S00100364",80,61,19
"S00100365",87,71,16
"S00100366",115,90,25
"S00100367",94,72,22
"S00100368",91,68,23
"S00100369",121,98,23
"S00100370",106,90,16
"S00100371",102,66,36
"S00100372",79,62,17
"S00100373",94,62,32
"S00100374",147,122,25
"S00100375",129,98,31
"S00100376",101,79,22
"S00100377",129,113,16
"S00100378",99,80,19
"S00100379",100,66,34
"S00100380",86,71,15
"S00100381",128,100,28
"S00100382",124,99,25
"S00100383",149,143,6
"S00100384",117,87,30
"S00100385",144,115,29
"S00100386",99,78,21
"S00100387",104,79,25
"S00100388",117,93,24
"S00100389",91,63,28
"S00100390",100,78,22
"S00100391",129,108,21
"S00100392",89,62,27
"S00100393",88,71,17
"S00100394",135,108,27
"S00100395",53,41,12
"S00100396",138,118,20
"S00100397",65,55,10
"S00100398",178,151,27
"S00100399",100,85,15
"S00100400",142,125,17
"S00100401",161,120,41
"S00100402",122,97,25
"S00100403",111,91,20
"S00100404",109,82,27
"S00100405",132,103,29
"S00100406",121,105,16
"S00100407",77,64,13
"S00100408",75,58,17
"S00100409",195,162,33
"S00100410",143,116,27
"S00100411",98,80,18
"S00100412",108,86,22
"S00100413",93,74,19
"S00100414",142,118,24
"S00100415",123,100,23
"S00100416",111,99,12
"S00100417",134,108,26
"S00100418",191,168,23
"S00100419",120,101,19
"S00100420",50,32,18
"S00100421",141,117,24
"S00100422",149,125,24
"S00100423",92,85,7
"S00100424",63,29,34
"S00100425",117,90,27
"S00100426",84,60,24
"S00100427",121,108,13
"S00100428",130,102,28
"S00100429",95,77,18
"S00100430",59,30,29
"S00100431",136,93,43
"S00100432",112,90,22
"S00100433",55,47,8
"S00100434",66,43,23
"S00100435",117,85,32
"S00100436",66,46,20
"S00100437",132,95,37
"S00100438",95,74,21
"S00100439",87,55,32
"S00100440",153,84,69
"S00100441",156,133,23
"S00100442",131,90,41
"S00100443",89,71,18
"S00100444",131,99,32
"S00100445",101,77,24
"S00100446",91,70,21
"S00100447",79,56,23
"S00100448",116,95,21
"S00100449",77,55,22
"S00100450",152,121,31
"S00100451",84,67,17
"S00100452",60,42,18
"S00100453",94,67,27
"S00100454",76,52,24
"S00100455",115,90,25
"S00100456",155,128,27
"S00100457",91,77,14
"S00100458",122,100,22
"S00100459",97,80,17
"S00100460",126,108,18
"S00100461",75,45,30
"S00100462",135,105,30
"S00100463",137,98,39
"S00100464",72,54,18
"S00100465",90,56,34
"S00100466",104,91,13
"S00100467",110,73,37
"S00100468",78,48,30
"S00100469",126,97,29
"S00100470",139,119,20
"S00100471",112,104,8
"S00100472",67,47,20
"S00100473",55,46,9
"S00100474",108,87,21
"S00100475",135,117,18
"S00100476",94,66,28
"S00100477",105,88,17
"S00100478",142,117,25
"S00100479",194,173,21
"S00100480",97,87,10
"S00100481",161,150,11
"S00100482",106,72,34
"S00100483",183,167,16
"S00100484",149,134,15
"S00100485",80,70,10
"S00100486",110,90,20
"S00100487",95,72,23
"S00100488",100,64,36
"S00100489",98,76,22
"S00100490",79,57,22
"S00100491",75,46,29
"S00100492",103,77,26
"S00100493",100,77,23
"S00100494",82,67,15
"S00100495",87,71,16
"S00100496",89,63,26
"S00100497",174,144,30
"S00100498",98,84,14
"S00100499",90,69,21
"S00100500",105,78,27
"S00100501",73,59,14
"S00100502",119,95,24
"S00100503",68,49,19
"S00100504",72,52,20
"S00100505",62,26,36
"S00100506",143,101,42
"S00100507",90,59,31
"S00100508",103,81,22
"S00100509",68,44,24
"S00100510",90,80,10
"S00100511",94,68,26
"S00100512",94,86,8
"S00100513",69,50,19
"S00100514",106,75,31
"S00100515",83,64,19
"S00100516",108,89,19
"S00100517",113,91,22
"S00100518",179,150,29
"S00100519",177,140,37
"S00100520",89,61,28
"S00100521",84,60,24
"S00100522",154,123,31
"S00100523",83,50,33
"S00100524",110,89,21
"S00100525",146,114,32
"S00100526",149,130,19
"S00100527",101,77,24
"S00100528",119,85,34
"S00100529",122,91,31
"S00100530",69,57,12
"S00100531",77,57,20
"S00100532",111,91,20
"S00100533",78,54,24
"S00100534",114,83,31
"S00100535",145,115,30
"S00100536",94,74,20
"S00100537",125,93,32
"S00100538",164,144,20
"S00100539",113,93,20
"S00100540",73,64,9
"S00100541",98,85,13
"S00100542",134,118,16
"S00100543",95,66,29
"S00100544",86,71,15
"S00100545",155,112,43
"S00100546",201,168,33
"S00100547",152,143,9
"S00100548",54,43,11
"S00100549",67,34,33
"S00100550",170,150,20
"S00100551",149,122,27
"S00100552",171,130,41
"S00100553",91,72,19
"S00100554",55,52,3
"S00100555",154,128,26
"S00100556",67,49,18
"S00100557",163,132,31
"S00100558",115,85,30
"S00100559",60,45,15
"S00100560",67,54,13
"S00100561",64,58,6
"S00100562",147,125,22
"S00100563",66,44,22
"S00100564",128,94,34
"S00100565",142,106,36
"S00100566",126,105,21
"S00100567",100,87,13
"S00100568",87,57,30
"S00100569",119,98,21
"S00100570",107,78,29
"S00100571",111,99,12
"S00100572",94,67,27
"S00100573",107,93,14
"S00100574",82,53,29
"S00100575",132,116,16
"S00100576",126,86,40
"S00100577",115,83,32
"S00100578",156,140,16
"S00100579",195,166,29
"S00100580",129,119,10
"S00100581",114,95,19
"S00100582",167,150,17
"S00100583",104,79,25
"S00100584",157,130,27
"S00100585",152,128,24
"S00100586",107,86,21
"S00100587",118,100,18
"S00100588",129,98,31
"S00100589",119,96,23
"S00100590",106,84,22
"S00100591",102,80,22
"S00100592",96,72,24
"S00100593",119,96,23
"S00100594",114,89,25
"S00100595",120,91,29
"S00100596",84,65,19
"S00100597",89,62,27
"S00100598",98,87,11
"S00100599",112,104,8
"S00100600",128,108,20
"S00100601",119,103,16
"S00100602",69,57,12
"S00100603",94,76,18
"S00100604",84,71,13
"S00100605",72,58,14
"S00100606",96,81,15
"S00100607",97,79,18
"S00100608",71,54,17
"S00100609",95,89,6
"S00100610",158,149,9
"S00100611",144,129,15
"S00100612",92,71,21
"S00100613",72,59,13
"S00100614",86,61,25
"S00100615",82,69,13
"S00100616",98,90,8
"S00100617",143,127,16
"S00100618",89,78,11
"S00100619",92,74,18
"S00100620",166,144,22
"S00100621",134,108,26
"S00100622",144,120,24
"S00100623",193,167,26
"S00100624",169,158,11
"S00100625",126,107,19
"S00100626",83,53,30
"S00100627",108,94,14
"S00100628",99,86,13
"S00100629",88,65,23
"S00100630",83,76,7
"S00100631",133,115,18
"S00100632",87,76,11
"S00100633",132,79,53
"S00100634",136,124,12
"S00100635",124,107,17
"S00100636",190,174,16
"S00100637",119,100,19
"S00100638",155,140,15
"S00100639",94,84,10
"S00100640",110,86,24
"S00100641",74,67,7
"S00100642",65,47,18
"S00100643",127,99,28
"S00100644",82,69,13
"S00100645",124,106,18
"S00100646",147,132,15
"S00100647",179,171,8
"S00100648",144,133,11
"S00100649",106,98,8
"S00100650",126,118,8
"S00100651",164,142,22
"S00100652",118,105,13
"S00100653",122,104,18
"S00100654",110,103,7
"S00100655",137,119,18
"S00100656",189,165,24
"S00100657",111,92,19
"S00100658",101,86,15
"S00100659",118,104,14
"S00100660",123,117,6
"S00100661",81,38,43
"S00100662",61,46,15
"S00100663",122,106,16
"S00100664",181,98,83
"S00100665",100,88,12
"S00100666",122,97,25
"S00100667",100,73,27
"S00100668",93,63,30
"S00100669",209,182,27
"S00100670",59,48,11
"S00100671",109,83,26
"S00100672",78,61,17
"S00100673",92,86,6
"S00100674",78,61,17
"S00100675",64,54,10
"S00100676",67,58,9
"S00100677",113,84,29
"S00100678",97,63,34
"S00100679",129,109,20
"S00100680",145,115,30
"S00100681",170,127,43
"S00100682",112,71,41
"S00100683",67,62,5
"S00100684",99,83,16
"S00100685",119,102,17
"S00100686",73,56,17
"S00100687",98,93,5
"S00100688",143,129,14
"S00100689",84,66,18
"S00100690",107,79,28
"S00100691",62,55,7
"S00100692",54,42,12
"S00100693",115,96,19
"S00100694",80,75,5
"S00100695",113,80,33
"S00100696",63,55,8
"S00100697",51,48,3
"S00100698",51,43,8
"S00100699",93,84,9
"S00100700",129,81,48
"S00100701",69,55,14
"S00100702",113,86,27
"S00100703",114,100,14
"S00100704",74,69,5
"S00100705",59,54,5
"S00100706",102,79,23
"S00100707",110,95,15
"S00100708",51,44,7
"S00100709",99,82,17
"S00100710",145,117,28
"S00100711",85,77,8
"S00100712",51,40,11
"S00100713",97,77,20
"S00100714",74,60,14
"S00100715",76,70,6
"S00100716",67,52,15
"S00100717",95,83,12
"S00100718",91,65,26
"S00100719",128,109,19
"S00100720",64,50,14
"S00100721",126,107,19
"S00100722",188,154,34
"S00100723",93,84,9
"S00100724",50,22,28
"S00100725",53,30,23
"S00100726",81,65,16
"S00100727",116,87,29
"S00100728",76,67,9
"S00100729",118,106,12
"S00100730",85,68,17
"S00100731",165,95,70
"S00100732",122,96,26
"S00100733",71,45,26
"S00100734",51,40,11
"S00100735",51,37,14
"S00100736",109,76,33
"S00100737",87,64,23
"S00100738",101,81,20
"S00100739",147,129,18
"S00100740",98,82,16
"S00100741",60,49,11
"S00100742",55,29,26
"S00100743",687,502,185
"S00100744",124,100,24
"S00100745",129,103,26
"S00100746",133,114,19
"S00100747",168,146,22
"S00100748",136,107,29
"S00100749",82,59,23
"S00100750",146,107,39
"S00100751",177,114,63
"S00100752",59,45,14
"S00100753",92,67,25
"S00100754",123,95,28
"S00100755",68,30,38
"S00100756",53,26,27
"S00100757",126,111,15
"S00100758",98,58,40
"S00100759",93,79,14
"S00100760",86,54,32
"S00100761",129,102,27
"S00100762",82,53,29
"S00100763",59,35,24
"S00100764",58,24,34
"S00100765",58,46,12
"S00100766",104,86,18
"S00100767",114,100,14
"S00100768",63,60,3
"S00100769",199,177,22
"S00100770",65,38,27
"S00100771",132,100,32
"S00100772",142,107,35
"S00100773",135,103,32
"S00100774",64,43,21
"S00100775",127,99,28
"S00100776",153,137,16
"S00100777",91,75,16
"S00100778",132,112,20
"S00100779",189,165,24
"S00100780",173,162,11
"S00100781",55,44,11
"S00100782",154,129,25
"S00100783",105,76,29
"S00100784",85,71,14
"S00100785",69,58,11
"S00100786",101,87,14
"S00100787",125,96,29
"S00100788",54,48,6
"S00100789",104,83,21
"S00100790",76,69,7
"S00100791",89,58,31
"S00100792",88,83,5
"S00100793",113,79,34
"S00100794",93,81,12
"S00100795",68,61,7
"S00100796",67,22,45
"S00100797",104,66,38
"S00100798",104,95,9
"S00100799",94,71,23
"S00100800",165,144,21
"S00100801",130,113,17
"S00100802",128,101,27
"S00100803",105,85,20
"S00100804",91,70,21
"S00100805",123,105,18
"S00100806",104,80,24
"S00100807",58,44,14
"S00100808",118,100,18
"S00100809",145,90,55
"S00100810",205,177,28
"S00100811",152,136,16
"S00100812",90,75,15
"S00100813",144,132,12
"S00100814",135,127,8
"S00100815",170,162,8
"S00100816",113,106,7
"S00100817",262,255,7
"S00100818",202,188,14
"S00100819",133,118,15
"S00100820",138,127,11
"S00100821",130,123,7
"S00100822",92,88,4
"S00100823",193,180,13
"S00100824",122,112,10
"S00100825",98,88,10
"S00100826",87,84,3
"S00100827",140,131,9
"S00100828",110,84,26
"S00100829",138,113,25
"S00100830",111,84,27
"S00100831",110,88,22
"S00100832",79,73,6
"S00100833",165,142,23
"S00100834",135,114,21
"S00100835",88,77,11
"S00100836",194,157,37
"S00100837",100,74,26
"S00100838",122,93,29
"S00100839",191,148,43
"S00100840",126,103,23
"S00100841",110,93,17
"S00100842",147,116,31
"S00100843",106,90,16
"S00100844",129,115,14
"S00100845",104,92,12
"S00100846",72,49,23
"S00100847",144,129,15
"S00100848",69,58,11
"S00100849",123,103,20
"S00100850",219,209,10
"S00100851",177,166,11
"S00100852",162,148,14
"S00100853",121,106,15
"S00100854",85,66,19
"S00100855",98,66,32
"S00100856",99,79,20
"S00100857",149,109,40
"S00100858",124,100,24
"S00100859",75,63,12
"S00100860",57,28,29
"S00100861",163,149,14
"S00100862",104,78,26
"S00100863",72,58,14
"S00100864",79,73,6
"S00100865",118,89,29
"S00100866",240,225,15
"S00100867",139,129,10
"S00100868",150,148,2
"S00100869",133,131,2
"S00100870",222,209,13
"S00100871",184,176,8
"S00100872",188,175,13
"S00100873",78,72,6
"S00100874",89,85,4
"S00100875",173,163,10
"S00100876",128,117,11
"S00100877",180,166,14
"S00100878",89,74,15
"S00100879",164,149,15
"S00100880",161,142,19
"S00100881",99,87,12
"S00100882",81,72,9
"S00100883",166,143,23
"S00100884",81,75,6
"S00100885",72,60,12
"S00100886",74,66,8
"S00100887",159,144,15
"S00100888",114,97,17
"S00100889",126,115,11
"S00100890",111,96,15
"S00100891",123,115,8
"S00100892",131,115,16
"S00100893",104,99,5
"S00100894",104,90,14
"S00100895",148,133,15
"S00100896",127,109,18
"S00100897",97,84,13
"S00100898",130,118,12
"S00100899",116,104,12
"S00100900",120,112,8
"S00100901",95,76,19
"S00100902",117,96,21
"S00100903",213,185,28
"S00100904",155,130,25
"S00100905",142,125,17
"S00100906",160,139,21
"S00100907",103,86,17
"S00100908",63,55,8
"S00100909",140,120,20
"S00100910",97,84,13
"S00100911",110,97,13
"S00100912",125,101,24
"S00100913",138,116,22
"S00100914",100,87,13
"S00100915",76,65,11
"S00100916",108,94,14
"S00100917",158,136,22
"S00100918",100,88,12
"S00100919",112,102,10
"S00100920",162,142,20
"S00100921",151,116,35
"S00100922",134,115,19
"S00100923",93,76,17
"S00100924",127,118,9
"S00100925",58,51,7
"S00100926",138,128,10
"S00100927",110,95,15
"S00100928",124,115,9
"S00100929",78,70,8
"S00100930",141,129,12
"S00100931",132,119,13
"S00100932",107,99,8
"S00100933",149,137,12
"S00100934",88,74,14
"S00100935",131,116,15
"S00100936",124,108,16
"S00100937",155,147,8
"S00100938",176,156,20
"S00100939",119,104,15
"S00100940",99,84,15
"S00100941",137,118,19
"S00100942",139,127,12
"S00100943",141,128,13
"S00100944",105,87,18
"S00100945",112,99,13
"S00100946",184,177,7
"S00100947",120,106,14
"S00100948",124,111,13
"S00100949",122,110,12
"S00100950",111,79,32
"S00100951",127,111,16
"S00100952",87,81,6
"S00100953",175,158,17
"S00100954",120,106,14
"S00100955",111,99,12
"S00100956",113,92,21
"S00100957",109,97,12
"S00100958",150,131,19
"S00100959",202,178,24
"S00100960",153,136,17
"S00100961",125,108,17
"S00100962",56,47,9
"S00100963",70,60,10
"S00100964",130,124,6
"S00100965",67,58,9
"S00100966",61,52,9
"S00100967",90,71,19
"S00100968",106,92,14
"S00100969",86,64,22
"S00100970",99,58,41
"S00100971",100,68,32
"S00100972",155,142,13
"S00100973",103,95,8
"S00100974",161,143,18
"S00100975",133,121,12
"S00100976",97,91,6
"S00100977",82,75,7
"S00100978",137,117,20
"S00100979",71,57,14
"S00100980",102,94,8
"S00100981",77,56,21
"S00100982",85,50,35
"S00100983",129,118,11
"S00100984",177,160,17
"S00100985",156,144,12
"S00100986",145,132,13
"S00100987",136,107,29
"S00100988",101,89,12
"S00100989",104,87,17
"S00100990",119,104,15
"S00100991",114,101,13
"S00100992",135,123,12
"S00100993",188,163,25
"S00100994",169,155,14
"S00100995",55,43,12
"S00100996",85,68,17
"S00100997",160,142,18
"S00100998",65,56,9
"S00100999",141,125,16
"S00101000",99,86,13
"S00101001",123,116,7
"S00101002",125,115,10
"S00101003",123,117,6
"S00101004",132,124,8
"S00101005",123,112,11
"S00101006",172,162,10
"S00101007",122,110,12
"S00101008",114,106,8
"S00101009",108,83,25
"S00101010",146,128,18
"S00101011",100,94,6
"S00101012",125,111,14
"S00101013",142,116,26
"S00101014",93,89,4
"S00101015",94,87,7
"S00101016",125,106,19
"S00101017",120,110,10
"S00101018",106,92,14
"S00101019",100,89,11
"S00101020",127,112,15
"S00101021",82,75,7
"S00101022",165,150,15
"S00101023",170,159,11
"S00101024",169,165,4
"S00101025",141,126,15
"S00101026",107,93,14
"S00101027",172,163,9
"S00101028",55,49,6
"S00101029",91,86,5
"S00101030",141,131,10
"S00101031",119,110,9
"S00101032",120,114,6
"S00101033",212,189,23
"S00101034",164,145,19
"S00101035",139,130,9
"S00101036",131,123,8
"S00101037",182,172,10
"S00101038",165,149,16
"S00101039",145,136,9
"S00101040",147,135,12
"S00101041",73,63,10
"S00101042",166,148,18
"S00101043",128,104,24
"S00101044",93,80,13
"S00101045",103,88,15
"S00101046",124,108,16
"S00101047",103,92,11
"S00101048",117,100,17
"S00101049",95,85,10
"S00101050",100,88,12
"S00101051",103,86,17
"S00101052",139,127,12
"S00101053",108,90,18
"S00101054",131,108,23
"S00101055",115,99,16
"S00101056",146,132,14
"S00101057",167,151,16
"S00101058",177,161,16
"S00101059",128,115,13
"S00101060",130,117,13
"S00101061",169,155,14
"S00101062",159,148,11
"S00101063",162,135,27
"S00101064",164,121,43
"S00101065",74,40,34
"S00101066",178,156,22
"S00101067",98,60,38
"S00101068",102,80,22
"S00101069",60,49,11
"S00101070",166,137,29
"S00101071",96,65,31
"S00101072",73,56,17
"S00101073",68,53,15
"S00101074",141,126,15
"S00101075",110,98,12
"S00101076",134,118,16
"S00101077",152,124,28
"S00101078",96,57,39
"S00101079",133,116,17
"S00101080",175,143,32
"S00101081",72,57,15
"S00101082",124,94,30
"S00101083",103,78,25
"S00101084",96,68,28
"S00101085",137,117,20
"S00101086",92,67,25
"S00101087",118,78,40
"S00101088",144,110,34
"S00101089",102,76,26
"S00101090",104,76,28
"S00101091",110,87,23
"S00101092",99,67,32
"S00101093",79,60,19
"S00101094",117,73,44
"S00101095",100,76,24
"S00101096",155,126,29
"S00101097",112,98,14
"S00101098",227,217,10
"S00101099",260,237,23
"S00101100",98,74,24
"S00101101",177,159,18
"S00101102",133,119,14
"S00101103",168,146,22
"S00101104",160,135,25
"S00101105",183,154,29
"S00101106",163,140,23
"S00101107",186,170,16
"S00101108",156,132,24
"S00101109",108,87,21
"S00101110",216,197,19
"S00101111",137,114,23
"S00101112",144,119,25
"S00101113",94,83,11
"S00101114",113,99,14
"S00101115",137,121,16
"S00101116",154,141,13
"S00101117",106,87,19
"S00101118",134,118,16
"S00101119",111,99,12
"S00101120",101,91,10
"S00101121",156,134,22
"S00101122",105,88,17
"S00101123",103,81,22
"S00101124",127,105,22
"S00101125",106,93,13
"S00101126",131,117,14
"S00101127",140,120,20
"S00101128",91,78,13
"S00101129",120,101,19
"S00101130",124,97,27
"S00101131",96,82,14
"S00101132",134,121,13
"S00101133",117,96,21
"S00101134",108,90,18
"S00101135",135,114,21
"S00101136",138,120,18
"S00101137",149,129,20
"S00101138",220,192,28
"S00101139",115,100,15
"S00101140",123,107,16
"S00101141",204,186,18
"S00101142",194,172,22
"S00101143",130,116,14
"S00101144",122,105,17
"S00101145",153,124,29
"S00101146",125,84,41
"S00101147",181,164,17
"S00101148",167,136,31
"S00101149",194,170,24
"S00101150",153,133,20
"S00101151",179,164,15
"S00101152",174,151,23
"S00101153",151,138,13
"S00101154",134,125,9
"S00101155",112,100,12
"S00101156",174,142,32
"S00101157",157,133,24
"S00101158",167,139,28
"S00101159",173,152,21
"S00101160",96,57,39
"S00101161",126,91,35
"S00101162",161,149,12
"S00101163",146,127,19
"S00101164",111,97,14
"S00101165",125,99,26
"S00101166",144,124,20
"S00101167",119,94,25
"S00101168",127,113,14
"S00101169",125,96,29
"S00101170",78,62,16
"S00101171",82,60,22
"S00101172",140,114,26
"S00101173",107,92,15
"S00101174",179,157,22
"S00101175",147,119,28
"S00101176",59,51,8
"S00101177",124,107,17
"S00101178",117,102,15
"S00101179",128,105,23
"S00101180",107,92,15
"S00101181",101,81,20
"S00101182",125,108,17
"S00101183",134,119,15
"S00101184",207,184,23
"S00101185",178,143,35
"S00101186",122,99,23
"S00101187",134,116,18
"S00101188",100,95,5
"S00101189",127,99,28
"S00101190",108,86,22
"S00101191",99,79,20
"S00101192",127,108,19
"S00101193",80,70,10
"S00101194",56,50,6
"S00101195",100,82,18
"S00101196",126,102,24
"S00101197",130,119,11
"S00101198",112,87,25
"S00101199",145,133,12
"S00101200",91,74,17
"S00101201",101,83,18
"S00101202",118,100,18
"S00101203",136,107,29
"S00101204",199,185,14
"S00101205",125,107,18
"S00101206",112,94,18
"S00101207",107,86,21
"S00101208",133,102,31
"S00101209",124,112,12
"S00101210",167,131,36
"S00101211",168,132,36
"S00101212",144,131,13
"S00101213",148,125,23
"S00101214",157,148,9
"S00101215",139,120,19
"S00101216",137,119,18
"S00101217",94,73,21
"S00101218",106,94,12
"S00101219",166,163,3
"S00101220",96,86,10
"S00101221",153,130,23
"S00101222",129,118,11
"S00101223",118,105,13
"S00101224",69,43,26
"S00101225",124,103,21
"S00101226",142,133,9
"S00101227",133,106,27
"S00101228",66,53,13
"S00101229",81,37,44
"S00101230",114,78,36
"S00101231",181,166,15
"S00101232",114,99,15
"S00101233",104,91,13
"S00101234",131,116,15
"S00101235",84,70,14
"S00101236",138,129,9
"S00101237",87,71,16
"S00101238",85,80,5
"S00101239",87,46,41
"S00101240",79,38,41
"S00101241",149,122,27
"S00101242",93,72,21
"S00101243",137,102,35
"S00101244",92,70,22
"S00101245",99,76,23
"S00101246",63,59,4
"S00101247",98,74,24
"S00101248",127,83,44
"S00101249",57,45,12
"S00101250",138,96,42
"S00101251",139,112,27
"S00101252",168,131,37
"S00101253",127,105,22
"S00101254",144,126,18
"S00101255",120,112,8
"S00101256",167,148,19
"S00101257",147,127,20
"S00101258",91,80,11
"S00101259",131,104,27
"S00101260",109,91,18
"S00101261",112,98,14
"S00101262",124,95,29
"S00101263",123,103,20
"S00101264",124,98,26
"S00101265",121,104,17
"S00101266",120,94,26
"S00101267",116,106,10
"S00101268",75,67,8
"S00101269",132,107,25
"S00101270",179,154,25
"S00101271",93,73,20
"S00101272",139,112,27
"S00101273",113,97,16
"S00101274",140,125,15
"S00101275",162,143,19
"S00101276",68,57,11
"S00101277",163,144,19
"S00101278",169,145,24
"S00101279",170,151,19
"S00101280",130,99,31
"S00101281",145,109,36
"S00101282",85,67,18
"S00101283",60,39,21
"S00101284",146,123,23
"S00101285",104,83,21
"S00101286",131,121,10
"S00101287",160,143,17
"S00101288",95,84,11
"S00101289",101,89,12
"S00101290",119,112,7
"S00101291",147,138,9
"S00101292",126,106,20
"S00101293",104,99,5
"S00101294",75,58,17
"S00101295",101,80,21
"S00101296",154,148,6
"S00101297",85,53,32
"S00101298",131,100,31
"S00101299",119,105,14
"S00101300",94,80,14
"S00101301",115,95,20
"S00101302",93,83,10
"S00101303",79,66,13
"S00101304",96,74,22
"S00101305",160,137,23
"S00101306",158,136,22
"S00101307",115,71,44
"S00101308",101,55,46
"S00101309",83,61,22
"S00101310",153,125,28
"S00101311",106,87,19
"S00101312",128,104,24
"S00101313",157,142,15
"S00101314",114,96,18
"S00101315",130,120,10
"S00101316",156,129,27
"S00101317",85,58,27
"S00101318",103,85,18
"S00101319",154,123,31
"S00101320",101,76,25
"S00101321",85,70,15
"S00101322",106,87,19
"S00101323",97,81,16
"S00101324",92,64,28
"S00101325",55,45,10
"S00101326",144,109,35
"S00101327",103,68,35
"S00101328",87,68,19
"S00101329",113,97,16
"S00101330",110,74,36
"S00101331",101,65,36
"S00101332",139,97,42
"S00101333",84,70,14
"S00101334",73,61,12
"S00101335",127,81,46
"S00101336",106,80,26
"S00101337",109,90,19
"S00101338",98,72,26
"S00101339",51,39,12
"S00101340",78,61,17
"S00101341",135,117,18
"S00101342",122,97,25
"S00101343",81,61,20
"S00101344",118,81,37
"S00101345",142,104,38
"S00101346",113,94,19
"S00101347",148,119,29
"S00101348",98,75,23
"S00101349",109,92,17
"S00101350",146,114,32
"S00101351",85,59,26
"S00101352",80,60,20
"S00101353",143,128,15
"S00101354",168,151,17
"S00101355",81,63,18
"S00101356",94,74,20
"S00101357",78,64,14
"S00101358",97,82,15
"S00101359",85,72,13
"S00101360",97,80,17
"S00101361",129,102,27
"S00101362",84,71,13
"S00101363",111,91,20
"S00101364",73,56,17
"S00101365",135,106,29
"S00101366",60,35,25
"S00101367",125,98,27
"S00101368",110,67,43
"S00101369",106,75,31
"S00101370",193,165,28
"S00101371",87,58,29
"S00101372",72,48,24
"S00101373",92,64,28
"S00101374",101,69,32
"S00101375",114,69,45
"S00101376",55,40,15
"S00101377",61,40,21
"S00101378",117,100,17
"S00101379",128,101,27
"S00101380",78,56,22
"S00101381",128,97,31
"S00101382",105,84,21
"S00101383",83,65,18
"S00101384",108,79,29
"S00101385",106,79,27
"S00101386",94,74,20
"S00101387",65,55,10
"S00101388",89,66,23
"S00101389",88,77,11
"S00101390",140,117,23
"S00101391",79,56,23
"S00101392",140,109,31
"S00101393",67,54,13
"S00101394",131,104,27
"S00101395",164,137,27
"S00101396",129,109,20
"S00101397",89,77,12
"S00101398",131,117,14
"S00101399",206,183,23
"S00101400",143,128,15
"S00101401",153,137,16
"S00101402",175,140,35
"S00101403",151,124,27
"S00101404",172,157,15
"S00101405",111,84,27
"S00101406",67,46,21
"S00101407",98,84,14
"S00101408",109,81,28
"S00101409",124,100,24
"S00101410",131,90,41
"S00101411",143,129,14
"S00101412",209,191,18
"S00101413",204,185,19
"S00101414",127,110,17
"S00101415",174,152,22
"S00101416",198,180,18
"S00101417",145,127,18
"S00101418",138,119,19
"S00101419",146,103,43
"S00101420",137,124,13
"S00101421",103,88,15
"S00101422",124,107,17
"S00101423",104,81,23
"S00101424",97,76,21
"S00101425",73,54,19
"S00101426",91,64,27
"S00101427",154,116,38
"S00101428",182,144,38
"S00101429",199,156,43
"S00101430",105,86,19
"S00101431",172,161,11
"S00101432",124,109,15
"S00101433",131,118,13
"S00101434",111,103,8
"S00101435",136,122,14
"S00101436",140,121,19
"S00101437",118,99,19
"S00101438",161,148,13
"S00101439",63,50,13
"S00101440",100,85,15
"S00101441",119,91,28
"S00101442",111,85,26
"S00101443",129,104,25
"S00101444",111,81,30
"S00101445",98,82,16
"S00101446",147,122,25
"S00101447",118,93,25
"S00101448",96,78,18
"S00101449",136,122,14
"S00101450",72,63,9
"S00101451",159,136,23
"S00101452",181,157,24
"S00101453",119,110,9
"S00101454",189,172,17
"S00101455",209,199,10
"S00101456",185,162,23
"S00101457",112,94,18
"S00101458",155,141,14
"S00101459",115,93,22
"S00101460",190,171,19
"S00101461",173,158,15
"S00101462",152,131,21
"S00101463",193,177,16
"S00101464",55,44,11
"S00101465",172,145,27
"S00101466",169,152,17
"S00101467",163,145,18
"S00101468",109,93,16
"S00101469",50,39,11
"S00101470",166,156,10
"S00101471",94,86,8
"S00101472",149,136,13
"S00101473",165,147,18
"S00101474",142,122,20
"S00101475",115,103,12
"S00101476",168,153,15
"S00101477",122,109,13
"S00101478",169,164,5
"S00101479",123,120,3
"S00101480",143,129,14
"S00101481",120,110,10
"S00101482",179,158,21
"S00101483",161,150,11
"S00101484",75,68,7
"S00101485",163,149,14
"S00101486",165,156,9
"S00101487",149,136,13
"S00101488",134,123,11
"S00101489",144,122,22
"S00101490",102,82,20
"S00101491",161,145,16
"S00101492",129,108,21
"S00101493",84,65,19
"S00101494",105,94,11
"S00101495",93,83,10
"S00101496",133,123,10
"S00101497",131,119,12
"S00101498",131,117,14
"S00101499",128,101,27
"S00101500",106,72,34
"S00101501",110,79,31
"S00101502",129,96,33
"S00101503",77,55,22
"S00101504",64,48,16
"S00101505",73,51,22
"S00101506",203,185,18
"S00101507",173,142,31
"S00101508",84,75,9
"S00101509",113,91,22
"S00101510",90,80,10
"S00101511",319,224,95
"S00101512",125,117,8
"S00101513",147,130,17
"S00101514",143,130,13
"S00101515",69,56,13
"S00101516",130,107,23
"S00101517",162,148,14
"S00101518",107,88,19
"S00101519",113,93,20
"S00101520",70,39,31
"S00101521",141,119,22
"S00101522",123,92,31
"S00101523",94,75,19
"S00101524",96,84,12
"S00101525",98,80,18
"S00101526",109,92,17
"S00101527",166,142,24
"S00101528",66,54,12
"S00101529",139,106,33
"S00101530",142,113,29
"S00101531",101,77,24
"S00101532",174,143,31
"S00101533",181,162,19
"S00101534",228,159,69
"S00101535",119,99,20
"S00101536",114,94,20
"S00101537",135,116,19
"S00101538",82,58,24
"S00101539",120,87,33
"S00101540",123,101,22
"S00101541",116,92,24
"S00101542",171,139,32
"S00101543",72,29,43
"S00101544",62,44,18
"S00101545",191,145,46
"S00101546",166,123,43
"S00101547",140,122,18
"S00101548",77,74,3
"S00101549",145,120,25
"S00101550",126,121,5
"S00101551",191,179,12
"S00101552",142,127,15
"S00101553",104,95,9
"S00101554",56,42,14
"S00101555",122,98,24
"S00101556",81,71,10
"S00101557",108,99,9
"S00101558",116,105,11
"S00101559",153,135,18
"S00101560",64,57,7
"S00101561",81,75,6
"S00101562",133,112,21
"S00101563",62,61,1
"S00101564",72,64,8
"S00101565",125,114,11
"S00101566",201,177,24
"S00101567",107,101,6
"S00101568",89,68,21
"S00101569",60,35,25
"S00101570",109,93,16
"S00101571",92,80,12
"S00101572",71,60,11
"S00101573",81,38,43
"S00101574",50,40,10
"S00101575",83,77,6
"S00101576",68,62,6
"S00101577",146,120,26
"S00101578",127,113,14
"S00101579",116,90,26
"S00101580",190,170,20
"S00101581",70,60,10
"S00101582",97,81,16
"S00101583",103,86,17
"S00101584",123,104,19
"S00101585",76,61,15
"S00101586",109,104,5
"S00101587",127,118,9
"S00101588",97,86,11
"S00101589",121,108,13
"S00101590",63,49,14
"S00101591",112,88,24
"S00101592",157,139,18
"S00101593",81,68,13
"S00101594",215,194,21
"S00101595",112,97,15
"S00101596",77,60,17
"S00101597",146,120,26
"S00101598",60,44,16
"S00101599",64,52,12
"S00101600",81,56,25
"S00101601",108,87,21
"S00101602",86,76,10
"S00101603",90,79,11
"S00101604",151,123,28
"S00101605",105,88,17
"S00101606",117,105,12
"S00101607",130,88,42
"S00101608",87,78,9
"S00101609",97,85,12
"S00101610",92,84,8
"S00101611",89,85,4
"S00101612",120,102,18
"S00101613",83,74,9
"S00101614",60,54,6
"S00101615",101,84,17
"S00101616",83,60,23
"S00101617",105,89,16
"S00101618",108,100,8
"S00101619",77,56,21
"S00101620",52,36,16
"S00101621",55,39,16
"S00101622",74,61,13
"S00101623",58,53,5
"S00101624",142,123,19
"S00101625",89,77,12
"S00101626",124,115,9
"S00101627",174,161,13
"S00101628",82,76,6
"S00101629",144,116,28
"S00101630",81,66,15
"S00101631",68,60,8
"S00101632",142,134,8
"S00101633",233,222,11
"S00101634",233,165,68
"S00101635",76,67,9
"S00101636",109,98,11
"S00101637",117,102,15
"S00101638",82,76,6
"S00101639",94,82,12
"S00101640",102,91,11
"S00101641",181,148,33
"S00101642",115,99,16
"S00101643",74,60,14
"S00101644",62,49,13
"S00101645",120,110,10
"S00101646",137,130,7
"S00101647",102,95,7
"S00101648",53,47,6
"S00101649",165,142,23
"S00101650",127,98,29
"S00101651",126,107,19
"S00101652",160,90,70
"S00101653",150,144,6
"S00101654",267,254,13
"S00101655",162,138,24
"S00101656",73,65,8
"S00101657",172,156,16
"S00101658",76,71,5
"S00101659",195,183,12
"S00101660",224,215,9
"S00101661",151,133,18
"S00101662",100,94,6
"S00101663",141,126,15
"S00101664",84,83,1
"S00101665",56,42,14
"S00101666",65,53,12
"S00101667",78,53,25
"S00101668",158,143,15
"S00101669",55,34,21
"S00101670",105,89,16
"S00101671",77,56,21
"S00101672",151,134,17
"S00101673",239,217,22
"S00101674",140,123,17
"S00101675",117,111,6
"S00101676",80,73,7
"S00101677",164,154,10
"S00101678",116,100,16
"S00101679",90,72,18
"S00101680",61,34,27
"S00101681",101,78,23
"S00101682",125,109,16
"S00101683",271,256,15
"S00101684",207,197,10
"S00101685",62,57,5
"S00101686",287,262,25
"S00101687",81,72,9
"S00101688",143,131,12
"S00101689",179,174,5
"S00101690",217,208,9
"S00101691",62,56,6
"S00101692",52,39,13
"S00101693",73,58,15
"S00101694",104,83,21
"S00101695",74,58,16
"S00101696",73,61,12
"S00101697",75,57,18
"S00101698",121,106,15
"S00101699",72,64,8
"S00101700",156,97,59
"S00101701",61,43,18
"S00101702",116,93,23
"S00101703",68,57,11
"S00101704",98,81,17
"S00101705",112,89,23
"S00101706",53,30,23
"S00101707",104,97,7
"S00101708",171,135,36
"S00101709",94,75,19
"S00101710",138,111,27
"S00101711",61,50,11
"S00101712",119,103,16
"S00101713",92,77,15
"S00101714",78,62,16
"S00101715",123,102,21
"S00101716",147,132,15
"S00101717",123,110,13
"S00101718",102,83,19
"S00101719",139,120,19
"S00101720",64,49,15
"S00101721",86,59,27
"S00101722",134,122,12
"S00101723",98,88,10
"S00101724",123,99,24
"S00101725",100,91,9
"S00101726",143,128,15
"S00101727",122,106,16
"S00101728",63,56,7
"S00101729",171,161,10
"S00101730",90,81,9
"S00101731",153,133,20
"S00101732",54,48,6
"S00101733",140,124,16
"S00101734",59,51,8
"S00101735",126,111,15
"S00101736",150,140,10
"S00101737",95,87,8
"S00101738",117,109,8
"S00101739",65,58,7
"S00101740",190,178,12
"S00101741",230,219,11
"S00101742",151,126,25
"S00101743",217,205,12
"S00101744",77,59,18
"S00101745",53,48,5
"S00101746",163,148,15
"S00101747",53,49,4
"S00101748",58,52,6
"S00101749",152,144,8
"S00101750",136,129,7
"S00101751",189,160,29
"S00101752",132,114,18
"S00101753",169,155,14
"S00101754",112,101,11
"S00101755",125,118,7
"S00101756",217,205,12
"S00101757",155,143,12
"S00101758",162,149,13
"S00101759",287,271,16
"S00101760",70,67,3
"S00101761",164,146,18
"S00101762",58,49,9
"S00101763",66,56,10
"S00101764",87,80,7
"S00101765",161,122,39
"S00101766",114,100,14
"S00101767",154,143,11
"S00101768",138,119,19
"S00101769",81,77,4
"S00101770",109,100,9
"S00101771",142,128,14
"S00101772",90,83,7
"S00101773",128,103,25
"S00101774",165,151,14
"S00101775",198,190,8
"S00101776",97,73,24
"S00101777",107,90,17
"S00101778",139,130,9
"S00101779",200,176,24
"S00101780",60,52,8
"S00101781",108,93,15
"S00101782",82,79,3
"S00101783",96,75,21
"S00101784",95,86,9
"S00101785",98,88,10
"S00101786",131,115,16
"S00101787",121,110,11
"S00101788",98,85,13
"S00101789",69,55,14
"S00101790",104,89,15
"S00101791",124,109,15
"S00101792",78,73,5
"S00101793",190,179,11
"S00101794",128,118,10
"S00101795",62,55,7
"S00101796",148,143,5
"S00101797",66,45,21
"S00101798",132,116,16
"S00101799",126,116,10
"S00101800",184,176,8
"S00101801",155,131,24
"S00101802",124,112,12
"S00101803",74,67,7
"S00101804",117,110,7
"S00101805",52,44,8
"S00101806",110,99,11
"S00101807",75,69,6
"S00101808",199,186,13
"S00101809",152,139,13
"S00101810",62,58,4
"S00101811",107,97,10
"S00101812",101,83,18
"S00101813",104,95,9
"S00101814",101,96,5
"S00101815",70,68,2
"S00101816",91,81,10
"S00101817",238,224,14
"S00101818",103,95,8
"S00101819",58,37,21
"S00101820",122,104,18
"S00101821",179,153,26
"S00101822",72,61,11
"S00101823",99,89,10
"S00101824",117,90,27
"S00101825",107,92,15
"S00101826",132,119,13
"S00101827",112,85,27
"S00101828",151,111,40
"S00101829",114,91,23
"S00101830",127,97,30
"S00101831",100,88,12
"S00101832",163,126,37
"S00101833",135,110,25
"S00101834",94,76,18
"S00101835",89,77,12
"S00101836",77,49,28
"S00101837",109,83,26
"S00101838",127,109,18
"S00101839",129,112,17
"S00101840",74,60,14
"S00101841",99,63,36
"S00101842",170,155,15
"S00101843",116,107,9
"S00101844",136,124,12
"S00101845",120,110,10
"S00101846",119,112,7
"S00101847",127,114,13
"S00101848",182,170,12
"S00101849",82,71,11
"S00101850",106,88,18
"S00101851",190,172,18
"S00101852",112,91,21
"S00101853",88,75,13
"S00101854",96,87,9
"S00101855",73,54,19
"S00101856",92,72,20
"S00101857",144,111,33
"S00101858",154,135,19
"S00101859",130,109,21
"S00101860",157,138,19
"S00101861",97,77,20
"S00101862",56,50,6
"S00101863",80,72,8
"S00101864",83,76,7
"S00101865",64,56,8
"S00101866",138,117,21
"S00101867",80,63,17
"S00101868",96,78,18
"S00101869",133,114,19
"S00101870",148,125,23
"S00101871",105,86,19
"S00101872",77,69,8
"S00101873",100,85,15
"S00101874",57,52,5
"S00101875",62,46,16
"S00101876",81,52,29
"S00101877",171,154,17
"S00101878",93,77,16
"S00101879",128,116,12
"S00101880",90,68,22
"S00101881",122,93,29
"S00101882",104,86,18
"S00101883",110,97,13
"S00101884",89,79,10
"S00101885",88,78,10
"S00101886",81,68,13
"S00101887",85,64,21
"S00101888",116,88,28
"S00101889",70,54,16
"S00101890",112,83,29
"S00101891",57,35,22
"S00101892",105,63,42
"S00101893",161,144,17
"S00101894",140,100,40
"S00101895",83,77,6
"S00101896",103,95,8
"S00101897",148,123,25
"S00101898",83,36,47
"S00101899",124,95,29
"S00101900",69,57,12
"S00101901",103,78,25
"S00101902",114,87,27
"S00101903",134,118,16
"S00101904",128,85,43
"S00101905",85,78,7
"S00101906",105,85,20
"S00101907",84,68,16
"S00101908",131,111,20
"S00101909",140,112,28
"S00101910",83,55,28
"S00101911",102,80,22
"S00101912",110,94,16
"S00101913",73,56,17
"S00101914",60,47,13
"S00101915",133,110,23
"S00101916",143,123,20
"S00101917",133,102,31
"S00101918",186,167,19
"S00101919",103,88,15
"S00101920",113,87,26
"S00101921",107,90,17
"S00101922",113,87,26
"S00101923",76,64,12
"S00101924",170,131,39
"S00101925",208,159,49
"S00101926",125,94,31
"S00101927",158,136,22
"S00101928",97,88,9
"S00101929",152,112,40
"S00101930",120,93,27
"S00101931",146,112,34
"S00101932",156,134,22
"S00101933",82,68,14
"S00101934",112,93,19
"S00101935",117,107,10
"S00101936",118,81,37
"S00101937",129,93,36
"S00101938",88,76,12
"S00101939",154,142,12
"S00101940",73,71,2
"S00101941",131,111,20
"S00101942",129,106,23
"S00101943",122,95,27
"S00101944",179,142,37
"S00101945",116,86,30
"S00101946",98,76,22
"S00101947",112,101,11
"S00101948",123,102,21
"S00101949",88,69,19
"S00101950",97,77,20
"S00101951",163,133,30
"S00101952",180,155,25
"S00101953",144,126,18
"S00101954",103,87,16
"S00101955",98,76,22
"S00101956",114,89,25
"S00101957",99,67,32
"S00101958",99,79,20
"S00101959",202,177,25
"S00101960",140,118,22
"S00101961",105,82,23
"S00101962",84,62,22
"S00101963",148,127,21
"S00101964",115,89,26
"S00101965",124,92,32
"S00101966",92,71,21
"S00101967",117,93,24
"S00101968",119,87,32
"S00101969",107,94,13
"S00101970",163,140,23
"S00101971",125,91,34
"S00101972",162,131,31
"S00101973",75,53,22
"S00101974",97,75,22
"S00101975",140,131,9
"S00101976",247,229,18
"S00101977",145,133,12
"S00101978",102,84,18
"S00101979",127,111,16
"S00101980",130,113,17
"S00101981",168,116,52
"S00101982",114,82,32
"S00101983",179,161,18
"S00101984",132,114,18
"S00101985",133,101,32
"S00101986",144,116,28
"S00101987",157,134,23
"S00101988",123,97,26
"S00101989",100,77,23
"S00101990",155,129,26
"S00101991",109,91,18
"S00101992",88,75,13
"S00101993",131,101,30
"S00101994",136,114,22
"S00101995",148,106,42
"S00101996",91,69,22
"S00101997",165,119,46
"S00101998",154,118,36
"S00101999",123,90,33
"S00102000",144,111,33
"S00102001",118,95,23
"S00102002",92,66,26
"S00102003",86,60,26
"S00102004",117,99,18
"S00102005",90,73,17
"S00102006",140,116,24
"S00102007",152,127,25
"S00102008",142,130,12
"S00102009",151,128,23
"S00102010",147,117,30
"S00102011",121,111,10
"S00102012",156,129,27
"S00102013",120,98,22
"S00102014",60,48,12
"S00102015",173,152,21
"S00102016",162,137,25
"S00102017",168,134,34
"S00102018",141,115,26
"S00102019",156,129,27
"S00102020",168,143,25
"S00102021",84,69,15
"S00102022",85,64,21
"S00102023",141,123,18
"S00102024",115,95,20
"S00102025",142,126,16
"S00102026",264,254,10
"S00102027",144,129,15
"S00102028",90,76,14
"S00102029",97,77,20
"S00102030",98,75,23
"S00102031",89,69,20
"S00102032",99,72,27
"S00102033",167,126,41
"S00102034",133,102,31
"S00102035",89,74,15
"S00102036",102,80,22
"S00102037",67,46,21
"S00102038",84,62,22
"S00102039",144,123,21
"S00102040",102,82,20
"S00102041",86,70,16
"S00102042",113,92,21
"S00102043",72,54,18
"S00102044",126,113,13
"S00102045",88,73,15
"S00102046",119,107,12
"S00102047",143,107,36
"S00102048",128,95,33
"S00102049",81,60,21
"S00102050",87,62,25
"S00102051",116,84,32
"S00102052",121,100,21
"S00102053",125,104,21
"S00102054",174,159,15
"S00102055",125,114,11
"S00102056",115,95,20
"S00102057",125,110,15
"S00102058",109,89,20
"S00102059",142,88,54
"S00102060",125,100,25
"S00102061",127,109,18
"S00102062",114,97,17
"S00102063",117,98,19
"S00102064",110,72,38
"S00102065",113,107,6
"S00102066",125,99,26
"S00102067",118,105,13
"S00102068",111,85,26
"S00102069",141,124,17
"S00102070",84,71,13
"S00102071",174,140,34
"S00102072",97,76,21
"S00102073",83,59,24
"S00102074",89,75,14
"S00102075",117,87,30
"S00102076",132,97,35
"S00102077",67,54,13
"S00102078",113,83,30
"S00102079",81,46,35
"S00102080",118,95,23
"S00102081",169,122,47
"S00102082",112,85,27
"S00102083",147,115,32
"S00102084",140,105,35
"S00102085",179,146,33
"S00102086",141,109,32
"S00102087",103,71,32
"S00102088",120,98,22
"S00102089",98,85,13
"S00102090",132,101,31
"S00102091",103,87,16
"S00102092",128,112,16
"S00102093",106,86,20
"S00102094",115,88,27
"S00102095",112,84,28
"S00102096",134,104,30
"S00102097",87,66,21
"S00102098",92,57,35
"S00102099",123,87,36
"S00102100",87,47,40
"S00102101",68,27,41
"S00102102",71,47,24
"S00102103",113,85,28
"S00102104",88,70,18
"S00102105",100,91,9
"S00102106",67,28,39
"S00102107",105,81,24
"S00102108",119,98,21
"S00102109",110,81,29
"S00102110",104,78,26
"S00102111",89,68,21
"S00102112",153,131,22
"S00102113",91,71,20
"S00102114",114,83,31
"S00102115",146,118,28
"S00102116",95,78,17
"S00102117",92,67,25
"S00102118",156,142,14
"S00102119",130,107,23
"S00102120",107,79,28
"S00102121",124,116,8
"S00102122",132,124,8
"S00102123",110,88,22
"S00102124",195,172,23
"S00102125",109,100,9
"S00102126",70,63,7
"S00102127",105,84,21
"S00102128",97,68,29
"S00102129",93,68,25
"S00102130",87,61,26
"S00102131",118,89,29
"S00102132",123,99,24
"S00102133",129,117,12
"S00102134",113,99,14
"S00102135",113,76,37
"S00102136",89,75,14
"S00102137",104,88,16
"S00102138",104,87,17
"S00102139",102,84,18
"S00102140",147,104,43
"S00102141",102,81,21
"S00102142",120,88,32
"S00102143",78,42,36
"S00102144",132,116,16
"S00102145",101,86,15
"S00102146",115,92,23
"S00102147",95,73,22
"S00102148",119,96,23
"S00102149",115,101,14
"S00102150",99,83,16
"S00102151",64,23,41
"S00102152",78,47,31
"S00102153",75,58,17
"S00102154",122,104,18
"S00102155",134,109,25
"S00102156",84,72,12
"S00102157",143,127,16
"S00102158",111,92,19
"S00102159",188,156,32
"S00102160",148,117,31
"S00102161",122,111,11
"S00102162",129,111,18
"S00102163",89,66,23
"S00102164",86,75,11
"S00102165",164,147,17
"S00102166",191,156,35
"S00102167",169,151,18
"S00102168",86,74,12
"S00102169",175,156,19
"S00102170",108,95,13
"S00102171",139,130,9
"S00102172",128,117,11
"S00102173",112,96,16
"S00102174",108,99,9
"S00102175",110,82,28
"S00102176",64,50,14
"S00102177",129,116,13
"S00102178",93,77,16
"S00102179",60,51,9
"S00102180",123,88,35
"S00102181",116,96,20
"S00102182",114,95,19
"S00102183",152,110,42
"S00102184",156,129,27
"S00102185",171,154,17
"S00102186",134,108,26
"S00102187",132,115,17
"S00102188",115,81,34
"S00102189",165,156,9
"S00102190",109,84,25
"S00102191",89,66,23
"S00102192",163,135,28
"S00102193",162,128,34
"S00102194",124,100,24
"S00102195",175,139,36
"S00102196",83,61,22
"S00102197",102,88,14
"S00102198",65,46,19
"S00102199",75,55,20
"S00102200",88,68,20
"S00102201",50,20,30
"S00102202",112,90,22
"S00102203",160,131,29
"S00102204",56,49,7
"S00102205",143,127,16
"S00102206",97,80,17
"S00102207",142,114,28
"S00102208",127,103,24
"S00102209",104,84,20
"S00102210",157,125,32
"S00102211",113,79,34
"S00102212",142,117,25
"S00102213",156,129,27
"S00102214",92,73,19
"S00102215",89,83,6
"S00102216",80,74,6
"S00102217",112,103,9
"S00102218",98,83,15
"S00102219",193,178,15
"S00102220",130,105,25
"S00102221",83,55,28
"S00102222",109,81,28
"S00102223",157,137,20
"S00102224",113,107,6
"S00102225",97,79,18
"S00102226",130,115,15
"S00102227",134,121,13
"S00102228",109,101,8
"S00102229",164,140,24
"S00102230",157,137,20
"S00102231",108,99,9
"S00102232",108,96,12
"S00102233",105,78,27
"S00102234",122,79,43
"S00102235",76,50,26
"S00102236",90,58,32
"S00102237",169,154,15
"S00102238",159,147,12
"S00102239",73,65,8
"S00102240",110,102,8
"S00102241",144,134,10
"S00102242",121,95,26
"S00102243",61,55,6
"S00102244",84,73,11
"S00102245",111,96,15
"S00102246",125,107,18
"S00102247",112,94,18
"S00102248",73,53,20
"S00102249",83,68,15
"S00102250",116,94,22
"S00102251",107,88,19
"S00102252",103,91,12
"S00102253",128,102,26
"S00102254",139,100,39
"S00102255",138,112,26
"S00102256",153,134,19
"S00102257",56,41,15
"S00102258",106,75,31
"S00102259",117,89,28
"S00102260",67,47,20
"S00102261",109,90,19
"S00102262",141,127,14
"S00102263",186,156,30
"S00102264",119,102,17
"S00102265",75,64,11
"S00102266",146,117,29
"S00102267",94,81,13
"S00102268",115,103,12
"S00102269",132,126,6
"S00102270",150,116,34
"S00102271",136,104,32
"S00102272",101,86,15
"S00102273",140,107,33
"S00102274",72,58,14
"S00102275",63,40,23
"S00102276",113,82,31
"S00102277",90,75,15
"S00102278",100,85,15
"S00102279",72,59,13
"S00102280",97,73,24
"S00102281",109,94,15
"S00102282",80,66,14
"S00102283",118,106,12
"S00102284",114,99,15
"S00102285",123,91,32
"S00102286",78,61,17
"S00102287",73,48,25
"S00102288",157,131,26
"S00102289",94,79,15
"S00102290",124,82,42
"S00102291",146,134,12
"S00102292",81,76,5
"S00102293",138,85,53
"S00102294",93,69,24
"S00102295",90,73,17
"S00102296",109,88,21
"S00102297",80,62,18
"S00102298",118,90,28
"S00102299",157,132,25
"S00102300",76,60,16
"S00102301",105,84,21
"S00102302",90,67,23
"S00102303",138,122,16
"S00102304",125,117,8
"S00102305",68,66,2
"S00102306",73,64,9
"S00102307",102,96,6
"S00102308",80,68,12
"S00102309",95,90,5
"S00102310",194,130,64
"S00102311",144,111,33
"S00102312",131,107,24
"S00102313",89,78,11
"S00102314",79,70,9
"S00102315",84,58,26
"S00102316",107,96,11
"S00102317",126,116,10
"S00102318",76,65,11
"S00102319",166,143,23
"S00102320",131,118,13
"S00102321",106,86,20
"S00102322",161,92,69
"S00102323",68,56,12
"S00102324",83,67,16
"S00102325",93,79,14
"S00102326",114,109,5
"S00102327",132,126,6
"S00102328",108,88,20
"S00102329",159,141,18
"S00102330",162,140,22
"S00102331",103,90,13
"S00102332",107,97,10
"S00102333",120,102,18
"S00102334",85,74,11
"S00102335",164,138,26
"S00102336",186,174,12
"S00102337",128,118,10
"S00102338",126,112,14
"S00102339",114,93,21
"S00102340",54,49,5
"S00102341",148,129,19
"S00102342",76,61,15
"S00102343",69,52,17
"S00102344",92,72,20
"S00102345",102,75,27
"S00102346",57,44,13
"S00102347",121,97,24
"S00102348",137,119,18
"S00102349",70,61,9
"S00102350",90,69,21
"S00102351",156,138,18
"S00102352",80,62,18
"S00102353",133,118,15
"S00102354",102,83,19
"S00102355",99,70,29
"S00102356",86,63,23
"S00102357",97,83,14
"S00102358",91,72,19
"S00102359",119,97,22
"S00102360",119,96,23
"S00102361",158,131,27
"S00102362",109,93,16
"S00102363",92,82,10
"S00102364",119,109,10
"S00102365",106,98,8
"S00102366",150,132,18
"S00102367",170,156,14
"S00102368",144,125,19
"S00102369",107,99,8
"S00102370",181,166,15
"S00102371",149,135,14
"S00102372",225,211,14
"S00102373",189,178,11
"S00102374",109,100,9
"S00102375",98,83,15
"S00102376",53,44,9
"S00102377",120,107,13
"S00102378",63,54,9
"S00102379",282,257,25
"S00102380",87,78,9
"S00102381",82,65,17
"S00102382",106,94,12
"S00102383",52,42,10
"S00102384",78,64,14
"S00102385",56,49,7
"S00102386",96,92,4
"S00102387",87,71,16
"S00102388",200,192,8
"S00102389",152,127,25
"S00102390",134,66,68
"S00102391",102,95,7
"S00102392",91,79,12
"S00102393",106,96,10
"S00102394",91,61,30
"S00102395",167,90,77
"S00102396",192,183,9
"S00102397",173,146,27
"S00102398",94,54,40
"S00102399",76,75,1
"S00102400",158,154,4
"S00102401",170,161,9
"S00102402",111,110,1
"S00102403",129,125,4
"S00102404",121,118,3
"S00102405",65,62,3
"S00102406",187,172,15
"S00102407",133,113,20
"S00102408",163,152,11
"S00102409",228,214,14
"S00102410",131,85,46
"S00102411",124,103,21
"S00102412",97,60,37
"S00102413",120,102,18
"S00102414",57,54,3
"S00102415",95,75,20
"S00102416",93,81,12
"S00102417",71,66,5
"S00102418",106,93,13
"S00102419",129,100,29
"S00102420",83,76,7
"S00102421",106,97,9
"S00102422",104,86,18
"S00102423",222,212,10
"S00102424",65,49,16
"S00102425",136,115,21
"S00102426",89,71,18
"S00102427",93,69,24
"S00102428",102,90,12
"S00102429",111,91,20
"S00102430",64,59,5
"S00102431",102,100,2
"S00102432",113,106,7
"S00102433",184,179,5
"S00102434",933,884,49
"S00102435",95,83,12
"S00102436",66,51,15
"S00102437",83,61,22
"S00102438",56,43,13
"S00102439",110,88,22
"S00102440",100,83,17
"S00102441",153,112,41
"S00102442",84,74,10
"S00102443",130,114,16
"S00102444",89,70,19
"S00102445",132,120,12
"S00102446",97,88,9
"S00102447",115,104,11
"S00102448",136,120,16
"S00102449",65,54,11
"S00102450",93,83,10
"S00102451",137,123,14
"S00102452",68,63,5
"S00102453",239,231,8
"S00102454",205,196,9
"S00102455",129,120,9
"S00102456",197,186,11
"S00102457",164,159,5
"S00102458",170,155,15
"S00102459",140,109,31
"S00102460",125,117,8
"S00102461",108,79,29
"S00102462",101,85,16
"S00102463",75,59,16
"S00102464",92,61,31
"S00102465",84,54,30
"S00102466",69,56,13
"S00102467",106,84,22
"S00102468",90,74,16
"S00102469",83,69,14
"S00102470",97,78,19
"S00102471",145,110,35
"S00102472",74,57,17
"S00102473",101,84,17
"S00102474",70,67,3
"S00102475",83,70,13
"S00102476",87,76,11
"S00102477",142,129,13
"S00102478",121,116,5
"S00102479",126,119,7
"S00102480",123,116,7
"S00102481",121,113,8
"S00102482",119,111,8
"S00102483",116,84,32
"S00102484",52,40,12
"S00102485",116,95,21
"S00102486",77,54,23
"S00102487",59,41,18
"S00102488",138,107,31
"S00102489",132,101,31
"S00102490",206,183,23
"S00102491",75,51,24
"S00102492",120,100,20
"S00102493",65,50,15
"S00102494",92,79,13
"S00102495",173,143,30
"S00102496",55,41,14
"S00102497",141,133,8
"S00102498",188,172,16
"S00102499",54,39,15
"S00102500",129,118,11
"S00102501",145,118,27
"S00102502",93,63,30
"S00102503",89,80,9
"S00102504",103,94,9
"S00102505",266,246,20
"S00102506",125,120,5
"S00102507",123,96,27
"S00102508",89,57,32
"S00102509",90,74,16
"S00102510",120,99,21
"S00102511",69,27,42
"S00102512",88,69,19
"S00102513",79,61,18
"S00102514",124,99,25
"S00102515",159,130,29
"S00102516",158,143,15
"S00102517",149,109,40
"S00102518",162,154,8
"S00102519",107,89,18
"S00102520",139,105,34
"S00102521",66,41,25
"S00102522",76,64,12
"S00102523",58,53,5
"S00102524",159,152,7
"S00102525",113,103,10
"S00102526",213,204,9
"S00102527",127,106,21
"S00102528",119,103,16
"S00102529",110,69,41
"S00102530",96,55,41
"S00102531",95,79,16
"S00102532",105,95,10
"S00102533",154,141,13
"S00102534",94,82,12
"S00102535",87,86,1
"S00102536",72,60,12
"S00102537",81,72,9
"S00102538",62,53,9
"S00102539",123,99,24
"S00102540",52,42,10
"S00102541",81,68,13
"S00102542",93,81,12
"S00102543",125,106,19
"S00102544",92,78,14
"S00102545",124,91,33
"S00102546",197,169,28
"S00102547",233,226,7
"S00102548",266,248,18
"S00102549",128,107,21
"S00102550",220,209,11
"S00102551",162,160,2
"S00102552",59,50,9
"S00102553",161,127,34
"S00102554",137,118,19
"S00102555",169,166,3
"S00102556",193,146,47
"S00102557",131,103,28
"S00102558",70,46,24
"S00102559",118,103,15
"S00102560",73,64,9
"S00102561",168,149,19
"S00102562",266,253,13
"S00102563",123,98,25
"S00102564",144,136,8
"S00102565",115,104,11
"S00102566",121,112,9
"S00102567",154,145,9
"S00102568",160,140,20
"S00102569",148,141,7
"S00102570",118,108,10
"S00102571",129,117,12
"S00102572",239,227,12
"S00102573",172,161,11
"S00102574",115,113,2
"S00102575",127,119,8
"S00102576",66,61,5
"S00102577",102,91,11
"S00102578",91,79,12
"S00102579",211,153,58
"S00102580",136,120,16
"S00102581",149,114,35
"S00102582",89,74,15
"S00102583",132,105,27
"S00102584",125,111,14
"S00102585",143,114,29
"S00102586",92,67,25
"S00102587",64,38,26
"S00102588",54,43,11
"S00102589",72,55,17
"S00102590",76,64,12
"S00102591",57,42,15
"S00102592",105,86,19
"S00102593",107,90,17
"S00102594",135,124,11
"S00102595",154,138,16
"S00102596",132,112,20
"S00102597",140,128,12
"S00102598",136,110,26
"S00102599",165,136,29
"S00102600",173,151,22
"S00102601",106,92,14
"S00102602",184,135,49
"S00102603",63,48,15
"S00102604",61,50,11
"S00102605",88,66,22
"S00102606",129,101,28
"S00102607",103,75,28
"S00102608",71,59,12
"S00102609",99,87,12
"S00102610",148,85,63
"S00102611",76,53,23
"S00102612",124,81,43
"S00102613",52,42,10
"S00102614",77,58,19
"S00102615",117,91,26
"S00102616",136,95,41
"S00102617",126,74,52
"S00102618",157,126,31
"S00102619",120,94,26
"S00102620",115,84,31
"S00102621",164,142,22
"S00102622",135,107,28
"S00102623",89,65,24
"S00102624",87,64,23
"S00102625",160,138,22
"S00102626",99,81,18
"S00102627",69,43,26
"S00102628",95,68,27
"S00102629",141,105,36
"S00102630",125,86,39
"S00102631",87,57,30
"S00102632",90,64,26
"S00102633",86,57,29
"S00102634",117,99,18
"S00102635",103,89,14
"S00102636",83,73,10
"S00102637",101,90,11
"S00102638",55,46,9
"S00102639",160,149,11
"S00102640",118,94,24
"S00102641",88,66,22
"S00102642",91,85,6
"S00102643",108,87,21
"S00102644",108,89,19
"S00102645",97,73,24
"S00102646",124,87,37
"S00102647",145,93,52
"S00102648",176,157,19
"S00102649",101,73,28
"S00102650",61,37,24
"S00102651",77,62,15
"S00102652",107,79,28
"S00102653",66,49,17
"S00102654",155,133,22
"S00102655",123,102,21
"S00102656",160,135,25
"S00102657",170,135,35
"S00102658",147,123,24
"S00102659",103,80,23
"S00102660",100,84,16
"S00102661",150,134,16
"S00102662",128,105,23
"S00102663",108,88,20
"S00102664",50,31,19
"S00102665",182,134,48
"S00102666",131,103,28
"S00102667",82,60,22
"S00102668",83,57,26
"S00102669",87,58,29
"S00102670",68,49,19
"S00102671",53,47,6
"S00102672",50,40,10
"S00102673",94,72,22
"S00102674",80,50,30
"S00102675",109,91,18
"S00102676",129,103,26
"S00102677",93,76,17
"S00102678",133,106,27
"S00102679",132,103,29
"S00102680",125,104,21
"S00102681",118,91,27
"S00102682",110,91,19
"S00102683",105,87,18
"S00102684",173,144,29
"S00102685",174,138,36
"S00102686",124,103,21
"S00102687",82,60,22
"S00102688",110,85,25
"S00102689",102,91,11
"S00102690",109,93,16
"S00102691",114,106,8
"S00102692",191,164,27
"S00102693",98,85,13
"S00102694",157,142,15
"S00102695",96,89,7
"S00102696",150,131,19
"S00102697",72,66,6
"S00102698",147,124,23
"S00102699",156,132,24
"S00102700",183,162,21
"S00102701",131,111,20
"S00102702",115,80,35
"S00102703",150,138,12
"S00102704",105,73,32
"S00102705",135,109,26
"S00102706",131,107,24
"S00102707",80,58,22
"S00102708",133,117,16
"S00102709",89,57,32
"S00102710",137,122,15
"S00102711",124,100,24
"S00102712",119,104,15
"S00102713",114,92,22
"S00102714",121,89,32
"S00102715",100,81,19
"S00102716",101,80,21
"S00102717",83,64,19
"S00102718",250,215,35
"S00102719",146,115,31
"S00102720",71,45,26
"S00102721",121,85,36
"S00102722",89,71,18
"S00102723",125,113,12
"S00102724",82,74,8
"S00102725",83,59,24
"S00102726",85,77,8
"S00102727",91,57,34
"S00102728",116,104,12
"S00102729",87,62,25
"S00102730",172,140,32
"S00102731",122,108,14
"S00102732",52,39,13
"S00102733",59,43,16
"S00102734",195,175,20
"S00102735",58,36,22
"S00102736",86,75,11
"S00102737",63,42,21
"S00102738",94,84,10
"S00102739",129,119,10
"S00102740",191,178,13
"S00102741",85,76,9
"S00102742",123,95,28
"S00102743",68,54,14
"S00102744",120,112,8
"S00102745",66,40,26
"S00102746",76,59,17
"S00102747",144,127,17
"S00102748",128,118,10
"S00102749",94,71,23
"S00102750",66,59,7
"S00102751",245,230,15
"S00102752",70,48,22
"S00102753",75,42,33
"S00102754",70,58,12
"S00102755",55,37,18
"S00102756",99,90,9
"S00102757",75,67,8
"S00102758",116,85,31
"S00102759",58,44,14
"S00102760",87,77,10
"S00102761",76,62,14
"S00102762",138,114,24
"S00102763",74,62,12
"S00102764",108,82,26
"S00102765",160,147,13
"S00102766",72,58,14
"S00102767",213,134,79
"S00102768",181,167,14
"S00102769",73,72,1
"S00102770",90,77,13
"S00102771",115,85,30
"S00102772",149,126,23
"S00102773",105,78,27
"S00102774",55,46,9
"S00102775",305,276,29
"S00102776",114,102,12
"S00102777",81,64,17
"S00102778",103,90,13
"S00102779",111,99,12
"S00102780",146,131,15
"S00102781",66,53,13
"S00102782",68,32,36
"S00102783",123,100,23
"S00102784",153,150,3
"S00102785",109,96,13
"S00102786",186,172,14
"S00102787",140,124,16
"S00102788",173,151,22
"S00102789",137,126,11
"S00102790",75,58,17
"S00102791",72,66,6
"S00102792",137,103,34
"S00102793",126,108,18
"S00102794",103,83,20
"S00102795",80,53,27
"S00102796",69,47,22
"S00102797",59,43,16
"S00102798",92,74,18
"S00102799",157,140,17
"S00102800",91,67,24
"S00102801",102,86,16
"S00102802",81,72,9
"S00102803",133,119,14
"S00102804",126,116,10
"S00102805",116,97,19
"S00102806",103,93,10
"S00102807",138,115,23
"S00102808",207,180,27
"S00102809",163,139,24
"S00102810",145,124,21
"S00102811",86,79,7
"S00102812",65,61,4
"S00102813",148,133,15
"S00102814",106,97,9
"S00102815",180,166,14
"S00102816",155,139,16
"S00102817",103,92,11
"S00102818",150,141,9
"S00102819",168,155,13
"S00102820",113,92,21
"S00102821",97,88,9
"S00102822",88,65,23
"S00102823",57,39,18
"S00102824",112,72,40
"S00102825",71,55,16
"S00102826",156,144,12
"S00102827",85,67,18
"S00102828",104,95,9
"S00102829",126,99,27
"S00102830",114,103,11
"S00102831",119,110,9
"S00102832",136,117,19
"S00102833",113,103,10
"S00102834",190,179,11
"S00102835",77,26,51
"S00102836",109,78,31
"S00102837",168,152,16
"S00102838",175,165,10
"S00102839",110,91,19
"S00102840",177,167,10
"S00102841",133,121,12
"S00102842",219,208,11
"S00102843",133,105,28
"S00102844",93,74,19
"S00102845",87,76,11
"S00102846",83,77,6
"S00102847",67,56,11
"S00102848",132,109,23
"S00102849",170,148,22
"S00102850",161,139,22
"S00102851",195,174,21
"S00102852",213,197,16
"S00102853",145,135,10
"S00102854",137,131,6
"S00102855",105,95,10
"S00102856",128,113,15
"S00102857",210,190,20
"S00102858",215,193,22
"S00102859",187,167,20
"S00102860",153,140,13
"S00102861",109,99,10
"S00102862",107,96,11
"S00102863",176,166,10
"S00102864",97,88,9
"S00102865",67,59,8
"S00102866",88,76,12
"S00102867",140,122,18
"S00102868",148,138,10
"S00102869",125,115,10
"S00102870",172,162,10
"S00102871",97,84,13
"S00102872",136,127,9
"S00102873",118,106,12
"S00102874",133,121,12
"S00102875",132,115,17
"S00102876",217,205,12
"S00102877",148,139,9
"S00102878",117,91,26
"S00102879",151,137,14
"S00102880",139,123,16
"S00102881",107,96,11
"S00102882",133,125,8
"S00102883",138,130,8
"S00102884",134,121,13
"S00102885",219,205,14
"S00102886",182,169,13
"S00102887",143,125,18
"S00102888",133,126,7
"S00102889",131,118,13
"S00102890",135,128,7
"S00102891",156,136,20
"S00102892",114,103,11
"S00102893",109,95,14
"S00102894",130,117,13
"S00102895",113,93,20
"S00102896",145,131,14
"S00102897",146,120,26
"S00102898",97,83,14
"S00102899",155,144,11
"S00102900",61,56,5
"S00102901",176,159,17
"S00102902",141,120,21
"S00102903",153,138,15
"S00102904",107,96,11
"S00102905",149,132,17
"S00102906",109,100,9
"S00102907",88,75,13
"S00102908",106,83,23
"S00102909",122,113,9
"S00102910",117,83,34
"S00102911",173,149,24
"S00102912",93,77,16
"S00102913",122,87,35
"S00102914",100,86,14
"S00102915",96,74,22
"S00102916",110,81,29
"S00102917",117,93,24
"S00102918",81,60,21
"S00102919",92,84,8
"S00102920",118,108,10
"S00102921",120,96,24
"S00102922",124,112,12
"S00102923",105,90,15
"S00102924",148,137,11
"S00102925",131,104,27
"S00102926",116,106,10
"S00102927",186,170,16
"S00102928",125,113,12
"S00102929",116,99,17
"S00102930",120,107,13
"S00102931",135,116,19
"S00102932",131,117,14
"S00102933",126,111,15
"S00102934",136,115,21
"S00102935",133,118,15
"S00102936",119,107,12
"S00102937",122,107,15
"S00102938",91,82,9
"S00102939",105,87,18
"S00102940",160,141,19
"S00102941",124,116,8
"S00102942",117,109,8
"S00102943",145,136,9
"S00102944",108,95,13
"S00102945",144,127,17
"S00102946",118,101,17
"S00102947",164,134,30
"S00102948",182,158,24
"S00102949",147,139,8
"S00102950",217,199,18
"S00102951",155,141,14
"S00102952",128,115,13
"S00102953",108,97,11
"S00102954",172,158,14
"S00102955",202,186,16
"S00102956",137,90,47
"S00102957",204,162,42
"S00102958",174,149,25
"S00102959",194,185,9
"S00102960",140,118,22
"S00102961",120,117,3
"S00102962",118,104,14
"S00102963",189,178,11
"S00102964",60,38,22
"S00102965",198,178,20
"S00102966",93,67,26
"S00102967",128,97,31
"S00102968",169,147,22
"S00102969",183,152,31
"S00102970",189,161,28
"S00102971",106,93,13
"S00102972",104,88,16
"S00102973",140,127,13
"S00102974",140,119,21
"S00102975",138,122,16
"S00102976",103,95,8
"S00102977",127,115,12
"S00102978",182,159,23
"S00102979",181,165,16
"S00102980",131,110,21
"S00102981",139,117,22
"S00102982",207,188,19
"S00102983",77,50,27
"S00102984",87,59,28
"S00102985",88,78,10
"S00102986",135,112,23
"S00102987",148,122,26
"S00102988",137,115,22
"S00102989",119,104,15
"S00102990",89,71,18
"S00102991",89,76,13
"S00102992",69,48,21
"S00102993",81,78,3
"S00102994",135,130,5
"S00102995",138,124,14
"S00102996",89,84,5
"S00102997",112,93,19
"S00102998",136,127,9
"S00102999",126,114,12
"S00103000",139,124,15
"S00103001",117,105,12
"S00103002",146,129,17
"S00103003",153,142,11
"S00103004",163,135,28
"S00103005",104,77,27
"S00103006",199,184,15
"S00103007",139,107,32
"S00103008",222,206,16
"S00103009",137,126,11
"S00103010",96,44,52
"S00103011",64,33,31
"S00103012",135,125,10
"S00103013",113,89,24
"S00103014",95,75,20
"S00103015",133,94,39
"S00103016",121,102,19
"S00103017",123,108,15
"S00103018",137,127,10
"S00103019",88,84,4
"S00103020",114,104,10
"S00103021",85,79,6
"S00103022",79,71,8
"S00103023",156,148,8
"S00103024",78,68,10
"S00103025",79,75,4
"S00103026",80,70,10
"S00103027",86,78,8
"S00103028",145,129,16
"S00103029",81,70,11
"S00103030",91,81,10
"S00103031",151,129,22
"S00103032",175,154,21
"S00103033",93,78,15
"S00103034",123,107,16
"S00103035",193,175,18
"S00103036",126,95,31
"S00103037",108,82,26
"S00103038",85,60,25
"S00103039",103,87,16
"S00103040",184,163,21
"S00103041",172,149,23
"S00103042",139,117,22
"S00103043",155,123,32
"S00103044",132,109,23
"S00103045",162,133,29
"S00103046",133,105,28
"S00103047",78,56,22
"S00103048",116,106,10
"S00103049",120,101,19
"S00103050",88,61,27
"S00103051",92,68,24
"S00103052",104,73,31
"S00103053",87,65,22
"S00103054",79,38,41
"S00103055",119,92,27
"S00103056",128,119,9
"S00103057",189,183,6
"S00103058",157,146,11
"S00103059",199,188,11
"S00103060",114,102,12
"S00103061",102,90,12
"S00103062",114,95,19
"S00103063",73,51,22
"S00103064",127,116,11
"S00103065",108,94,14
"S00103066",131,118,13
"S00103067",136,118,18
"S00103068",126,116,10
"S00103069",136,120,16
"S00103070",210,197,13
"S00103071",153,134,19
"S00103072",197,178,19
"S00103073",167,151,16
"S00103074",119,104,15
"S00103075",109,98,11
"S00103076",128,109,19
"S00103077",142,127,15
"S00103078",138,126,12
"S00103079",128,106,22
"S00103080",150,137,13
"S00103081",136,116,20
"S00103082",138,123,15
"S00103083",109,105,4
"S00103084",116,106,10
"S00103085",193,173,20
"S00103086",146,134,12
"S00103087",144,128,16
"S00103088",143,136,7
"S00103089",128,117,11
"S00103090",149,137,12
"S00103091",111,105,6
"S00103092",113,92,21
"S00103093",130,103,27
"S00103094",56,50,6
"S00103095",124,112,12
"S00103096",150,133,17
"S00103097",135,117,18
"S00103098",155,131,24
"S00103099",136,119,17
"S00103100",112,95,17
"S00103101",73,65,8
"S00103102",90,77,13
"S00103103",82,67,15
"S00103104",154,136,18
"S00103105",156,142,14
"S00103106",98,83,15
"S00103107",186,173,13
"S00103108",89,74,15
"S00103109",59,32,27
"S00103110",96,69,27
"S00103111",125,105,20
"S00103112",128,111,17
"S00103113",109,89,20
"S00103114",180,169,11
"S00103115",128,116,12
"S00103116",112,101,11
"S00103117",106,77,29
"S00103118",84,81,3
"S00103119",206,188,18
"S00103120",102,77,25
"S00103121",106,72,34
"S00103122",119,87,32
"S00103123",152,123,29
"S00103124",125,97,28
"S00103125",103,69,34
"S00103126",108,75,33
"S00103127",138,111,27
"S00103128",127,87,40
"S00103129",120,96,24
"S00103130",101,68,33
"S00103131",141,128,13
"S00103132",121,108,13
"S00103133",175,159,16
"S00103134",139,129,10
"S00103135",140,132,8
"S00103136",188,169,19
"S00103137",72,50,22
"S00103138",181,158,23
"S00103139",133,110,23
"S00103140",171,154,17
"S00103141",111,88,23
"S00103142",139,125,14
"S00103143",129,111,18
"S00103144",136,118,18
"S00103145",237,155,82
"S00103146",155,134,21
"S00103147",114,95,19
"S00103148",184,173,11
"S00103149",197,177,20
"S00103150",198,182,16
"S00103151",178,173,5
"S00103152",174,155,19
"S00103153",133,124,9
"S00103154",120,114,6
"S00103155",126,113,13
"S00103156",204,193,11
"S00103157",276,263,13
"S00103158",113,107,6
"S00103159",202,183,19
"S00103160",165,152,13
"S00103161",144,132,12
"S00103162",236,225,11
"S00103163",107,102,5
"S00103164",127,111,16
"S00103165",130,120,10
"S00103166",157,140,17
"S00103167",100,90,10
"S00103168",195,170,25
"S00103169",155,145,10
"S00103170",122,110,12
"S00103171",101,89,12
"S00103172",143,130,13
"S00103173",217,190,27
"S00103174",132,121,11
"S00103175",57,37,20
"S00103176",55,50,5
"S00103177",129,118,11
"S00103178",111,99,12
"S00103179",127,105,22
"S00103180",86,72,14
"S00103181",140,119,21
"S00103182",166,147,19
"S00103183",132,113,19
"S00103184",100,92,8
"S00103185",85,74,11
"S00103186",71,35,36
"S00103187",79,69,10
"S00103188",112,104,8
"S00103189",97,90,7
"S00103190",154,126,28
"S00103191",62,58,4
"S00103192",124,109,15
"S00103193",59,55,4
"S00103194",58,41,17
"S00103195",97,84,13
"S00103196",134,129,5
"S00103197",152,139,13
"S00103198",82,79,3
"S00103199",87,63,24
"S00103200",61,50,11
"S00103201",103,92,11
"S00103202",102,84,18
"S00103203",162,145,17
"S00103204",130,121,9
"S00103205",79,77,2
"S00103206",123,112,11
"S00103207",143,115,28
"S00103208",116,109,7
"S00103209",160,151,9
"S00103210",160,151,9
"S00103211",95,84,11
"S00103212",133,125,8
"S00103213",76,72,4
"S00103214",177,163,14
"S00103215",80,75,5
"S00103216",112,103,9
"S00103217",62,56,6
"S00103218",58,53,5
"S00103219",193,176,17
"S00103220",118,89,29
"S00103221",79,60,19
"S00103222",154,138,16
"S00103223",136,118,18
"S00103224",152,144,8
"S00103225",117,106,11
"S00103226",101,69,32
"S00103227",101,82,19
"S00103228",158,145,13
"S00103229",168,152,16
"S00103230",85,69,16
"S00103231",68,64,4
"S00103232",131,120,11
"S00103233",52,38,14
"S00103234",96,78,18
"S00103235",126,115,11
"S00103236",114,100,14
"S00103237",76,62,14
"S00103238",109,89,20
"S00103239",66,26,40
"S00103240",70,51,19
"S00103241",189,178,11
"S00103242",104,89,15
"S00103243",131,68,63
"S00103244",112,65,47
"S00103245",139,129,10
"S00103246",159,141,18
"S00103247",141,119,22
"S00103248",79,71,8
"S00103249",144,132,12
"S00103250",186,177,9
"S00103251",202,183,19
"S00103252",151,128,23
"S00103253",164,148,16
"S00103254",110,94,16
"S00103255",141,131,10
"S00103256",117,100,17
"S00103257",94,78,16
"S00103258",53,30,23
"S00103259",143,135,8
"S00103260",92,76,16
"S00103261",412,397,15
"S00103262",154,151,3
"S00103263",188,181,7
"S00103264",172,160,12
"S00103265",138,127,11
"S00103266",155,147,8
"S00103267",125,114,11
"S00103268",223,177,46
"S00103269",191,182,9
"S00103270",163,151,12
"S00103271",141,132,9
"S00103272",160,131,29
"S00103273",123,110,13
"S00103274",55,35,20
"S00103275",126,43,83
"S00103276",118,105,13
"S00103277",59,55,4
"S00103278",148,139,9
"S00103279",150,142,8
"S00103280",164,150,14
"S00103281",156,138,18
"S00103282",163,151,12
"S00103283",228,174,54
"S00103284",112,99,13
"S00103285",58,46,12
"S00103286",148,142,6
"S00103287",89,74,15
"S00103288",73,68,5
"S00103289",226,208,18
"S00103290",149,127,22
"S00103291",156,138,18
"S00103292",132,119,13
"S00103293",69,57,12
"S00103294",83,75,8
"S00103295",67,60,7
"S00103296",122,106,16
"S00103297",118,97,21
"S00103298",66,60,6
"S00103299",124,97,27
"S00103300",68,65,3
"S00103301",97,87,10
"S00103302",127,106,21
"S00103303",61,48,13
"S00103304",153,130,23
"S00103305",73,66,7
"S00103306",86,78,8
"S00103307",86,73,13
"S00103308",78,63,15
"S00103309",174,155,19
"S00103310",57,54,3
"S00103311",190,175,15
"S00103312",122,119,3
"S00103313",166,152,14
"S00103314",90,83,7
"S00103315",242,198,44
"S00103316",246,224,22
"S00103317",66,50,16
"S00103318",125,108,17
"S00103319",86,83,3
"S00103320",117,109,8
"S00103321",64,56,8
"S00103322",68,59,9
"S00103323",106,101,5
"S00103324",67,63,4
"S00103325",130,125,5
"S00103326",106,98,8
"S00103327",111,106,5
"S00103328",69,55,14
"S00103329",103,76,27
"S00103330",53,49,4
"S00103331",91,68,23
"S00103332",251,232,19
"S00103333",75,71,4
"S00103334",60,56,4
"S00103335",104,93,11
"S00103336",87,61,26
"S00103337",55,43,12
"S00103338",158,155,3
"S00103339",76,67,9
"S00103340",81,73,8
"S00103341",98,88,10
"S00103342",127,121,6
"S00103343",88,84,4
"S00103344",159,146,13
"S00103345",67,65,2
"S00103346",94,84,10
"S00103347",159,145,14
"S00103348",109,105,4
"S00103349",92,89,3
"S00103350",98,93,5
"S00103351",81,77,4
"S00103352",73,66,7
"S00103353",154,140,14
"S00103354",110,97,13
"S00103355",104,87,17
"S00103356",80,53,27
"S00103357",85,79,6
"S00103358",99,90,9
"S00103359",90,78,12
"S00103360",134,128,6
"S00103361",96,87,9
"S00103362",95,87,8
"S00103363",89,80,9
"S00103364",121,112,9
"S00103365",115,109,6
"S00103366",119,104,15
"S00103367",68,56,12
"S00103368",139,129,10
"S00103369",157,129,28
"S00103370",103,91,12
"S00103371",81,69,12
"S00103372",88,80,8
"S00103373",133,123,10
"S00103374",76,71,5
"S00103375",117,111,6
"S00103376",58,54,4
"S00103377",98,89,9
"S00103378",134,128,6
"S00103379",95,89,6
"S00103380",96,88,8
"S00103381",104,95,9
"S00103382",108,97,11
"S00103383",107,96,11
"S00103384",129,119,10
"S00103385",80,73,7
"S00103386",89,81,8
"S00103387",70,69,1
"S00103388",79,76,3
"S00103389",104,98,6
"S00103390",137,123,14
"S00103391",65,56,9
"S00103392",125,116,9
"S00103393",109,95,14
"S00103394",102,93,9
"S00103395",65,51,14
"S00103396",70,63,7
"S00103397",84,72,12
"S00103398",84,73,11
"S00103399",82,75,7
"S00103400",90,84,6
"S00103401",69,59,10
"S00103402",84,43,41
"S00103403",76,71,5
"S00103404",84,74,10
"S00103405",134,126,8
"S00103406",125,101,24
"S00103407",70,68,2
"S00103408",104,96,8
"S00103409",99,92,7
"S00103410",97,85,12
"S00103411",77,76,1
"S00103412",77,66,11
"S00103413",108,91,17
"S00103414",85,81,4
"S00103415",128,120,8
"S00103416",116,106,10
"S00103417",69,67,2
"S00103418",91,63,28
"S00103419",84,69,15
"S00103420",99,93,6
"S00103421",88,86,2
"S00103422",174,164,10
"S00103423",117,107,10
"S00103424",134,124,10
"S00103425",71,63,8
"S00103426",96,86,10
"S00103427",87,80,7
"S00103428",103,91,12
"S00103429",95,84,11
"S00103430",98,94,4
"S00103431",79,75,4
"S00103432",104,97,7
"S00103433",89,85,4
"S00103434",80,77,3
"S00103435",58,54,4
"S00103436",106,99,7
"S00103437",102,92,10
"S00103438",74,66,8
"S00103439",84,78,6
"S00103440",82,74,8
"S00103441",94,88,6
"S00103442",62,59,3
"S00103443",144,131,13
"S00103444",65,61,4
"S00103445",135,113,22
"S00103446",91,89,2
"S00103447",70,65,5
"S00103448",186,179,7
"S00103449",94,86,8
"S00103450",98,89,9
"S00103451",138,130,8
"S00103452",86,82,4
"S00103453",134,123,11
"S00103454",148,140,8
"S00103455",73,69,4
"S00103456",135,131,4
"S00103457",86,78,8
"S00103458",74,56,18
"S00103459",112,104,8
"S00103460",108,105,3
"S00103461",67,63,4
"S00103462",91,75,16
"S00103463",84,77,7
"S00103464",116,111,5
"S00103465",57,54,3
"S00103466",51,49,2
"S00103467",60,57,3
"S00103468",116,103,13
"S00103469",71,58,13
"S00103470",71,66,5
"S00103471",108,106,2
"S00103472",87,75,12
"S00103473",63,52,11
"S00103474",437,414,23
"S00103475",75,60,15
"S00103476",76,65,11
"S00103477",55,31,24
"S00103478",112,101,11
"S00103479",90,78,12
"S00103480",109,100,9
"S00103481",106,101,5
"S00103482",141,130,11
"S00103483",70,59,11
"S00103484",98,89,9
"S00103485",131,119,12
"S00103486",238,183,55
"S00103487",126,113,13
"S00103488",72,68,4
"S00103489",161,136,25
"S00103490",103,84,19
"S00103491",80,70,10
"S00103492",53,49,4
"S00103493",69,64,5
"S00103494",176,166,10
"S00103495",74,65,9
"S00103496",77,59,18
"S00103497",99,87,12
"S00103498",115,100,15
"S00103499",154,138,16
"S00103500",131,129,2
"S00103501",115,99,16
"S00103502",105,98,7
"S00103503",102,83,19
"S00103504",165,152,13
"S00103505",140,131,9
"S00103506",119,104,15
"S00103507",96,91,5
"S00103508",80,67,13
"S00103509",89,88,1
"S00103510",131,131,0
"S00103511",97,70,27
"S00103512",163,134,29
"S00103513",123,119,4
"S00103514",50,49,1
"S00103515",131,121,10
"S00103516",92,84,8
"S00103517",69,66,3
"S00103518",89,84,5
"S00103519",172,157,15
"S00103520",68,58,10
"S00103521",81,71,10
"S00103522",81,72,9
"S00103523",133,121,12
"S00103524",480,467,13
"S00103525",183,170,13
"S00103526",142,130,12
"S00103527",160,148,12
"S00103528",66,58,8
"S00103529",59,56,3
"S00103530",95,86,9
"S00103531",70,64,6
"S00103532",59,55,4
"S00103533",80,71,9
"S00103534",121,115,6
"S00103535",97,90,7
"S00103536",93,82,11
"S00103537",102,94,8
"S00103538",96,94,2
"S00103539",94,88,6
"S00103540",89,83,6
"S00103541",118,108,10
"S00103542",117,102,15
"S00103543",83,75,8
"S00103544",114,109,5
"S00103545",83,80,3
"S00103546",96,89,7
"S00103547",87,80,7
"S00103548",111,103,8
"S00103549",96,83,13
"S00103550",112,104,8
"S00103551",106,98,8
"S00103552",94,88,6
"S00103553",59,56,3
"S00103554",58,55,3
"S00103555",95,90,5
"S00103556",89,78,11
"S00103557",139,132,7
"S00103558",124,110,14
"S00103559",85,79,6
"S00103560",85,78,7
"S00103561",62,61,1
"S00103562",69,66,3
"S00103563",87,78,9
"S00103564",80,70,10
"S00103565",87,67,20
"S00103566",69,64,5
"S00103567",84,76,8
"S00103568",69,61,8
"S00103569",63,56,7
"S00103570",86,51,35
"S00103571",76,68,8
"S00103572",167,146,21
"S00103573",68,41,27
"S00103574",161,146,15
"S00103575",113,104,9
"S00103576",117,108,9
"S00103577",107,93,14
"S00103578",100,88,12
"S00103579",131,123,8
"S00103580",94,86,8
"S00103581",120,110,10
"S00103582",190,159,31
"S00103583",139,111,28
"S00103584",162,123,39
"S00103585",151,120,31
"S00103586",150,130,20
"S00103587",154,111,43
"S00103588",123,106,17
"S00103589",132,103,29
"S00103590",128,102,26
"S00103591",91,75,16
"S00103592",108,83,25
"S00103593",100,85,15
"S00103594",118,99,19
"S00103595",120,101,19
"S00103596",114,82,32
"S00103597",116,81,35
"S00103598",100,81,19
"S00103599",82,66,16
"S00103600",115,85,30
"S00103601",99,74,25
"S00103602",104,79,25
"S00103603",103,71,32
"S00103604",67,40,27
"S00103605",91,70,21
"S00103606",92,78,14
"S00103607",103,89,14
"S00103608",106,99,7
"S00103609",149,128,21
"S00103610",70,59,11
"S00103611",95,82,13
"S00103612",110,96,14
"S00103613",92,79,13
"S00103614",80,70,10
"S00103615",157,127,30
"S00103616",86,65,21
"S00103617",106,81,25
"S00103618",123,91,32
"S00103619",105,94,11
"S00103620",118,99,19
"S00103621",133,105,28
"S00103622",55,46,9
"S00103623",159,126,33
"S00103624",109,92,17
"S00103625",119,111,8
"S00103626",85,79,6
"S00103627",135,119,16
"S00103628",64,61,3
"S00103629",99,85,14
"S00103630",116,104,12
"S00103631",103,86,17
"S00103632",124,102,22
"S00103633",148,136,12
"S00103634",91,79,12
"S00103635",93,79,14
"S00103636",119,112,7
"S00103637",83,73,10
"S00103638",79,66,13
"S00103639",114,103,11
"S00103640",81,70,11
"S00103641",158,143,15
"S00103642",80,75,5
"S00103643",109,92,17
"S00103644",88,76,12
"S00103645",141,124,17
"S00103646",130,119,11
"S00103647",87,77,10
"S00103648",62,59,3
"S00103649",208,131,77
"S00103650",132,124,8
"S00103651",98,93,5
"S00103652",117,105,12
"S00103653",114,99,15
"S00103654",105,98,7
"S00103655",164,146,18
"S00103656",155,144,11
"S00103657",151,135,16
"S00103658",82,75,7
"S00103659",122,112,10
"S00103660",111,95,16
"S00103661",135,122,13
"S00103662",93,83,10
"S00103663",130,117,13
"S00103664",118,105,13
"S00103665",113,102,11
"S00103666",87,72,15
"S00103667",109,101,8
"S00103668",119,102,17
"S00103669",143,128,15
"S00103670",108,100,8
"S00103671",135,126,9
"S00103672",117,111,6
"S00103673",124,118,6
"S00103674",114,103,11
"S00103675",171,162,9
"S00103676",60,48,12
"S00103677",108,81,27
"S00103678",138,124,14
"S00103679",120,107,13
"S00103680",121,114,7
"S00103681",58,54,4
"S00103682",70,66,4
"S00103683",69,59,10
"S00103684",80,71,9
"S00103685",82,73,9
"S00103686",62,61,1
"S00103687",88,83,5
"S00103688",96,89,7
"S00103689",79,74,5
"S00103690",82,73,9
"S00103691",108,101,7
"S00103692",200,173,27
"S00103693",96,70,26
"S00103694",235,223,12
"S00103695",100,94,6
"S00103696",168,156,12
"S00103697",108,91,17
"S00103698",115,94,21
"S00103699",183,144,39
"S00103700",118,107,11
"S00103701",141,109,32
"S00103702",77,62,15
"S00103703",264,245,19
"S00103704",162,128,34
"S00103705",107,80,27
"S00103706",120,81,39
"S00103707",108,70,38
"S00103708",76,63,13
"S00103709",61,46,15
"S00103710",90,72,18
"S00103711",87,48,39
"S00103712",91,54,37
"S00103713",74,52,22
"S00103714",53,33,20
"S00103715",121,92,29
"S00103716",100,73,27
"S00103717",101,81,20
"S00103718",77,56,21
"S00103719",59,42,17
"S00103720",53,37,16
"S00103721",92,71,21
"S00103722",91,69,22
"S00103723",103,86,17
"S00103724",120,117,3
"S00103725",96,88,8
"S00103726",98,92,6
"S00103727",83,74,9
"S00103728",107,85,22
"S00103729",151,140,11
"S00103730",141,108,33
"S00103731",170,153,17
"S00103732",105,97,8
"S00103733",128,114,14
"S00103734",104,94,10
"S00103735",140,118,22
"S00103736",68,56,12
"S00103737",82,68,14
"S00103738",97,82,15
"S00103739",136,120,16
"S00103740",126,98,28
"S00103741",94,66,28
"S00103742",118,91,27
"S00103743",61,47,14
"S00103744",132,98,34
"S00103745",111,88,23
"S00103746",109,71,38
"S00103747",87,58,29
"S00103748",121,101,20
"S00103749",78,67,11
"S00103750",175,143,32
"S00103751",143,120,23
"S00103752",87,76,11
"S00103753",76,59,17
"S00103754",182,155,27
"S00103755",190,161,29
"S00103756",136,95,41
"S00103757",181,159,22
"S00103758",136,113,23
"S00103759",111,74,37
"S00103760",112,82,30
"S00103761",149,128,21
"S00103762",154,127,27
"S00103763",127,104,23
"S00103764",72,51,21
"S00103765",112,87,25
"S00103766",164,142,22
"S00103767",94,78,16
"S00103768",52,47,5
"S00103769",149,134,15
"S00103770",98,89,9
"S00103771",124,86,38
"S00103772",87,75,12
"S00103773",106,97,9
"S00103774",131,116,15
"S00103775",130,116,14
"S00103776",145,133,12
"S00103777",127,119,8
"S00103778",147,119,28
"S00103779",90,81,9
"S00103780",86,78,8
"S00103781",121,106,15
"S00103782",125,108,17
"S00103783",95,79,16
"S00103784",130,108,22
"S00103785",121,112,9
"S00103786",137,122,15
"S00103787",111,101,10
"S00103788",146,121,25
"S00103789",109,102,7
"S00103790",142,127,15
"S00103791",151,131,20
"S00103792",131,114,17
"S00103793",136,123,13
"S00103794",93,81,12
"S00103795",177,151,26
"S00103796",176,149,27
"S00103797",101,55,46
"S00103798",124,68,56
"S00103799",129,94,35
"S00103800",119,105,14
"S00103801",114,98,16
"S00103802",85,80,5
"S00103803",122,112,10
"S00103804",143,132,11
"S00103805",159,144,15
"S00103806",72,63,9
"S00103807",140,122,18
"S00103808",140,119,21
"S00103809",177,164,13
"S00103810",163,155,8
"S00103811",154,142,12
"S00103812",59,53,6
"S00103813",61,59,2
"S00103814",140,123,17
"S00103815",86,78,8
"S00103816",110,100,10
"S00103817",127,113,14
"S00103818",91,79,12
"S00103819",173,161,12
"S00103820",139,126,13
"S00103821",136,130,6
"S00103822",158,154,4
"S00103823",97,79,18
"S00103824",117,107,10
"S00103825",133,121,12
"S00103826",140,122,18
"S00103827",149,137,12
"S00103828",188,167,21
"S00103829",163,143,20
"S00103830",103,95,8
"S00103831",170,153,17
"S00103832",155,136,19
"S00103833",118,106,12
"S00103834",61,49,12
"S00103835",104,86,18
"S00103836",67,55,12
"S00103837",148,131,17
"S00103838",143,116,27
"S00103839",222,205,17
"S00103840",99,83,16
"S00103841",91,61,30
"S00103842",69,51,18
"S00103843",136,115,21
"S00103844",87,72,15
"S00103845",129,95,34
"S00103846",131,107,24
"S00103847",69,58,11
"S00103848",103,78,25
"S00103849",71,57,14
"S00103850",104,84,20
"S00103851",98,75,23
"S00103852",67,62,5
"S00103853",108,85,23
"S00103854",112,88,24
"S00103855",104,90,14
"S00103856",107,93,14
"S00103857",130,115,15
"S00103858",94,65,29
"S00103859",173,141,32
"S00103860",129,101,28
"S00103861",109,82,27
"S00103862",128,110,18
"S00103863",102,92,10
"S00103864",119,110,9
"S00103865",118,95,23
"S00103866",108,83,25
"S00103867",80,58,22
"S00103868",134,119,15
"S00103869",101,76,25
"S00103870",92,68,24
"S00103871",94,65,29
"S00103872",120,89,31
"S00103873",87,71,16
"S00103874",85,71,14
"S00103875",108,88,20
"S00103876",142,108,34
"S00103877",84,64,20
"S00103878",169,135,34
"S00103879",102,79,23
"S00103880",97,79,18
"S00103881",98,79,19
"S00103882",115,99,16
"S00103883",132,96,36
"S00103884",107,88,19
"S00103885",116,101,15
"S00103886",59,50,9
"S00103887",67,56,11
"S00103888",115,87,28
"S00103889",113,97,16
"S00103890",78,73,5
"S00103891",93,72,21
"S00103892",165,150,15
"S00103893",144,137,7
"S00103894",112,109,3
"S00103895",235,223,12
"S00103896",104,97,7
"S00103897",70,61,9
"S00103898",88,85,3
"S00103899",85,75,10
"S00103900",89,82,7
"S00103901",88,78,10
"S00103902",134,121,13
"S00103903",148,130,18
"S00103904",109,98,11
"S00103905",169,140,29
"S00103906",127,120,7
"S00103907",131,115,16
"S00103908",111,102,9
"S00103909",95,82,13
"S00103910",86,76,10
"S00103911",90,85,5
"S00103912",117,103,14
"S00103913",80,70,10
"S00103914",106,98,8
"S00103915",146,136,10
"S00103916",95,83,12
"S00103917",73,61,12
"S00103918",133,120,13
"S00103919",139,121,18
"S00103920",67,65,2
"S00103921",88,78,10
"S00103922",100,91,9
"S00103923",88,71,17
"S00103924",116,81,35
"S00103925",115,91,24
"S00103926",95,71,24
"S00103927",92,74,18
"S00103928",101,78,23
"S00103929",109,75,34
"S00103930",94,69,25
"S00103931",107,90,17
"S00103932",84,66,18
"S00103933",89,72,17
"S00103934",103,79,24
"S00103935",101,73,28
"S00103936",109,82,27
"S00103937",100,78,22
"S00103938",82,68,14
"S00103939",71,53,18
"S00103940",81,55,26
"S00103941",124,91,33
"S00103942",133,110,23
"S00103943",146,95,51
"S00103944",95,65,30
"S00103945",84,71,13
"S00103946",67,50,17
"S00103947",147,132,15
"S00103948",64,44,20
"S00103949",71,49,22
"S00103950",78,55,23
"S00103951",105,84,21
"S00103952",84,62,22
"S00103953",113,76,37
"S00103954",106,87,19
"S00103955",77,51,26
"S00103956",55,39,16
"S00103957",134,110,24
"S00103958",136,93,43
"S00103959",76,53,23
"S00103960",93,61,32
"S00103961",114,100,14
"S00103962",82,63,19
"S00103963",96,94,2
"S00103964",124,113,11
"S00103965",104,95,9
"S00103966",89,78,11
"S00103967",118,107,11
"S00103968",61,58,3
"S00103969",121,108,13
"S00103970",116,108,8
"S00103971",60,53,7
"S00103972",130,112,18
"S00103973",69,64,5
"S00103974",156,144,12
"S00103975",104,94,10
"S00103976",84,72,12
"S00103977",180,149,31
"S00103978",153,138,15
"S00103979",166,134,32
"S00103980",94,58,36
"S00103981",137,110,27
"S00103982",136,116,20
"S00103983",144,123,21
"S00103984",93,55,38
"S00103985",131,108,23
"S00103986",133,114,19
"S00103987",112,102,10
"S00103988",117,107,10
"S00103989",96,80,16
"S00103990",108,85,23
"S00103991",96,79,17
"S00103992",80,72,8
"S00103993",101,76,25
"S00103994",93,81,12
"S00103995",117,106,11
"S00103996",151,147,4
"S00103997",89,86,3
"S00103998",89,83,6
"S00103999",94,88,6
"S00104000",92,86,6
"S00104001",58,53,5
"S00104002",124,119,5
"S00104003",177,167,10
"S00104004",86,73,13
"S00104005",139,133,6
"S00104006",89,78,11
"S00104007",105,84,21
"S00104008",92,79,13
"S00104009",81,47,34
"S00104010",164,142,22
"S00104011",159,145,14
"S00104012",104,88,16
"S00104013",98,88,10
"S00104014",98,72,26
"S00104015",84,59,25
"S00104016",97,73,24
"S00104017",181,162,19
"S00104018",186,164,22
"S00104019",128,102,26
"S00104020",149,129,20
"S00104021",111,91,20
"S00104022",110,94,16
"S00104023",118,94,24
"S00104024",122,108,14
"S00104025",168,104,64
"S00104026",168,154,14
"S00104027",139,120,19
"S00104028",59,51,8
"S00104029",176,157,19
"S00104030",128,105,23
"S00104031",102,94,8
"S00104032",56,51,5
"S00104033",55,50,5
"S00104034",144,127,17
"S00104035",86,78,8
"S00104036",115,106,9
"S00104037",106,88,18
"S00104038",118,104,14
"S00104039",121,104,17
"S00104040",117,107,10
"S00104041",73,66,7
"S00104042",97,77,20
"S00104043",64,40,24
"S00104044",66,49,17
"S00104045",68,62,6
"S00104046",167,132,35
"S00104047",135,128,7
"S00104048",74,67,7
"S00104049",114,100,14
"S00104050",98,85,13
"S00104051",138,131,7
"S00104052",104,100,4
"S00104053",99,89,10
"S00104054",86,73,13
"S00104055",140,137,3
"S00104056",97,87,10
"S00104057",143,137,6
"S00104058",60,41,19
"S00104059",96,80,16
"S00104060",114,100,14
"S00104061",137,124,13
"S00104062",113,99,14
"S00104063",103,90,13
"S00104064",101,82,19
"S00104065",114,109,5
"S00104066",112,87,25
"S00104067",156,139,17
"S00104068",64,60,4
"S00104069",85,72,13
"S00104070",117,111,6
"S00104071",110,101,9
"S00104072",115,90,25
"S00104073",131,118,13
"S00104074",80,68,12
"S00104075",90,80,10
"S00104076",109,99,10
"S00104077",123,111,12
"S00104078",94,92,2
"S00104079",81,74,7
"S00104080",87,81,6
"S00104081",86,82,4
"S00104082",69,54,15
"S00104083",107,91,16
"S00104084",91,81,10
"S00104085",125,109,16
"S00104086",118,105,13
"S00104087",159,101,58
"S00104088",116,106,10
"S00104089",132,123,9
"S00104090",87,62,25
"S00104091",110,103,7
"S00104092",147,126,21
"S00104093",201,186,15
"S00104094",180,161,19
"S00104095",123,113,10
"S00104096",111,91,20
"S00104097",74,71,3
"S00104098",56,55,1
"S00104099",112,100,12
"S00104100",128,106,22
"S00104101",125,114,11
"S00104102",140,130,10
"S00104103",139,116,23
"S00104104",87,61,26
"S00104105",64,53,11
"S00104106",83,67,16
"S00104107",138,119,19
"S00104108",85,62,23
"S00104109",65,46,19
"S00104110",95,86,9
"S00104111",74,66,8
"S00104112",103,96,7
"S00104113",115,93,22
"S00104114",111,103,8
"S00104115",76,70,6
"S00104116",163,155,8
"S00104117",99,90,9
"S00104118",96,89,7
"S00104119",119,112,7
"S00104120",152,146,6
"S00104121",88,67,21
"S00104122",98,85,13
"S00104123",127,94,33
"S00104124",166,150,16
"S00104125",95,81,14
"S00104126",85,71,14
"S00104127",74,68,6
"S00104128",75,62,13
"S00104129",109,102,7
"S00104130",60,57,3
"S00104131",75,50,25
"S00104132",73,64,9
"S00104133",80,63,17
"S00104134",102,82,20
"S00104135",62,46,16
"S00104136",96,86,10
"S00104137",78,57,21
"S00104138",68,62,6
"S00104139",88,81,7
"S00104140",76,62,14
"S00104141",149,135,14
"S00104142",60,51,9
"S00104143",144,127,17
"S00104144",161,140,21
"S00104145",121,109,12
"S00104146",126,118,8
"S00104147",56,39,17
"S00104148",102,95,7
"S00104149",72,57,15
"S00104150",93,85,8
"S00104151",147,134,13
"S00104152",91,72,19
"S00104153",158,141,17
"S00104154",113,84,29
"S00104155",126,112,14
"S00104156",61,57,4
"S00104157",83,74,9
"S00104158",114,100,14
"S00104159",78,63,15
"S00104160",128,108,20
"S00104161",102,82,20
"S00104162",125,111,14
"S00104163",92,80,12
"S00104164",88,78,10
"S00104165",75,60,15
"S00104166",149,144,5
"S00104167",153,137,16
"S00104168",79,71,8
"S00104169",112,102,10
"S00104170",88,81,7
"S00104171",107,68,39
"S00104172",61,58,3
"S00104173",104,74,30
"S00104174",89,82,7
"S00104175",54,32,22
"S00104176",114,102,12
"S00104177",125,115,10
"S00104178",112,104,8
"S00104179",126,119,7
"S00104180",114,101,13
"S00104181",98,87,11
"S00104182",138,92,46
"S00104183",106,80,26
"S00104184",108,85,23
"S00104185",135,120,15
"S00104186",97,75,22
"S00104187",68,65,3
"S00104188",71,61,10
"S00104189",115,92,23
"S00104190",116,88,28
"S00104191",79,63,16
"S00104192",93,71,22
"S00104193",98,93,5
"S00104194",75,65,10
"S00104195",113,108,5
"S00104196",82,62,20
"S00104197",111,79,32
"S00104198",60,53,7
"S00104199",98,80,18
"S00104200",98,47,51
"S00104201",96,49,47
"S00104202",82,60,22
"S00104203",131,69,62
"S00104204",109,79,30
"S00104205",101,49,52
"S00104206",129,115,14
"S00104207",116,105,11
"S00104208",78,52,26
"S00104209",66,58,8
"S00104210",64,59,5
"S00104211",161,124,37
"S00104212",127,109,18
"S00104213",121,110,11
"S00104214",118,91,27
"S00104215",116,108,8
"S00104216",118,95,23
"S00104217",61,48,13
"S00104218",157,107,50
"S00104219",77,56,21
"S00104220",113,95,18
"S00104221",135,110,25
"S00104222",82,63,19
"S00104223",116,109,7
"S00104224",113,100,13
"S00104225",96,82,14
"S00104226",124,108,16
"S00104227",116,105,11
"S00104228",122,106,16
"S00104229",117,109,8
"S00104230",103,87,16
"S00104231",121,83,38
"S00104232",172,157,15
"S00104233",174,160,14
"S00104234",120,99,21
"S00104235",96,68,28
"S00104236",89,77,12
"S00104237",67,60,7
"S00104238",97,82,15
"S00104239",81,56,25
"S00104240",65,60,5
"S00104241",80,76,4
"S00104242",122,107,15
"S00104243",101,88,13
"S00104244",58,41,17
"S00104245",92,80,12
"S00104246",102,87,15
"S00104247",57,45,12
"S00104248",107,95,12
"S00104249",73,61,12
"S00104250",86,80,6
"S00104251",57,47,10
"S00104252",58,52,6
"S00104253",80,64,16
"S00104254",62,51,11
"S00104255",118,90,28
"S00104256",88,80,8
"S00104257",92,78,14
"S00104258",100,69,31
"S00104259",66,50,16
"S00104260",114,97,17
"S00104261",71,61,10
"S00104262",116,109,7
"S00104263",79,67,12
"S00104264",100,79,21
"S00104265",131,116,15
"S00104266",61,48,13
"S00104267",151,118,33
"S00104268",114,90,24
"S00104269",59,27,32
"S00104270",139,124,15
"S00104271",84,73,11
"S00104272",146,116,30
"S00104273",90,63,27
"S00104274",84,76,8
"S00104275",65,58,7
"S00104276",54,39,15
"S00104277",128,101,27
"S00104278",106,90,16
"S00104279",131,116,15
"S00104280",128,116,12
"S00104281",148,133,15
"S00104282",131,127,4
"S00104283",132,82,50
"S00104284",80,66,14
"S00104285",67,20,47
"S00104286",138,109,29
"S00104287",100,78,22
"S00104288",105,97,8
"S00104289",65,56,9
"S00104290",80,66,14
"S00104291",79,73,6
"S00104292",77,67,10
"S00104293",108,102,6
"S00104294",177,157,20
"S00104295",109,100,9
"S00104296",102,93,9
"S00104297",125,115,10
"S00104298",113,84,29
"S00104299",65,61,4
"S00104300",116,111,5
"S00104301",123,112,11
"S00104302",85,77,8
"S00104303",131,122,9
"S00104304",106,94,12
"S00104305",107,92,15
"S00104306",120,110,10
"S00104307",86,72,14
"S00104308",100,91,9
"S00104309",103,86,17
"S00104310",123,108,15
"S00104311",114,104,10
"S00104312",80,76,4
"S00104313",75,63,12
"S00104314",130,120,10
"S00104315",88,61,27
"S00104316",125,94,31
"S00104317",110,80,30
"S00104318",89,78,11
"S00104319",58,53,5
"S00104320",66,54,12
"S00104321",109,99,10
"S00104322",79,73,6
"S00104323",97,91,6
"S00104324",121,113,8
"S00104325",135,118,17
"S00104326",170,154,16
"S00104327",74,68,6
"S00104328",71,67,4
"S00104329",87,76,11
"S00104330",86,78,8
"S00104331",102,92,10
"S00104332",141,130,11
"S00104333",125,119,6
"S00104334",115,109,6
"S00104335",103,86,17
"S00104336",149,135,14
"S00104337",169,148,21
"S00104338",179,157,22
"S00104339",132,120,12
"S00104340",69,53,16
"S00104341",62,47,15
"S00104342",64,59,5
"S00104343",100,93,7
"S00104344",92,83,9
"S00104345",70,48,22
"S00104346",75,67,8
"S00104347",129,111,18
"S00104348",124,97,27
"S00104349",106,96,10
"S00104350",90,79,11
"S00104351",84,75,9
"S00104352",75,53,22
"S00104353",96,86,10
"S00104354",83,71,12
"S00104355",155,147,8
"S00104356",64,55,9
"S00104357",132,120,12
"S00104358",74,63,11
"S00104359",149,142,7
"S00104360",100,91,9
"S00104361",83,77,6
"S00104362",108,92,16
"S00104363",63,56,7
"S00104364",87,81,6
"S00104365",170,161,9
"S00104366",115,88,27
"S00104367",73,52,21
"S00104368",89,64,25
"S00104369",116,107,9
"S00104370",94,63,31
"S00104371",65,52,13
"S00104372",62,60,2
"S00104373",85,79,6
"S00104374",115,109,6
"S00104375",106,94,12
"S00104376",103,94,9
"S00104377",108,103,5
"S00104378",74,67,7
"S00104379",111,101,10
"S00104380",91,88,3
"S00104381",104,99,5
"S00104382",69,61,8
"S00104383",107,93,14
"S00104384",74,71,3
"S00104385",67,63,4
"S00104386",99,84,15
"S00104387",115,98,17
"S00104388",95,88,7
"S00104389",91,86,5
"S00104390",118,113,5
"S00104391",93,86,7
"S00104392",88,85,3
"S00104393",107,103,4
"S00104394",63,57,6
"S00104395",78,72,6
"S00104396",92,80,12
"S00104397",104,99,5
"S00104398",99,90,9
"S00104399",82,64,18
"S00104400",71,60,11
"S00104401",83,75,8
"S00104402",63,34,29
"S00104403",118,93,25
"S00104404",111,86,25
"S00104405",78,69,9
"S00104406",122,116,6
"S00104407",65,58,7
"S00104408",80,71,9
"S00104409",81,69,12
"S00104410",139,119,20
"S00104411",115,91,24
"S00104412",78,69,9
"S00104413",103,94,9
"S00104414",61,52,9
"S00104415",52,46,6
"S00104416",103,90,13
"S00104417",74,58,16
"S00104418",85,78,7
"S00104419",126,119,7
"S00104420",75,70,5
"S00104421",93,81,12
"S00104422",131,119,12
"S00104423",84,72,12
"S00104424",88,48,40
"S00104425",116,95,21
"S00104426",55,47,8
"S00104427",58,54,4
"S00104428",80,71,9
"S00104429",76,50,26
"S00104430",78,69,9
"S00104431",87,71,16
"S00104432",59,52,7
"S00104433",90,86,4
"S00104434",105,101,4
"S00104435",63,50,13
"S00104436",106,105,1
"S00104437",120,117,3
"S00104438",97,86,11
"S00104439",63,51,12
"S00104440",112,94,18
"S00104441",100,91,9
"S00104442",70,61,9
"S00104443",60,52,8
"S00104444",83,80,3
"S00104445",114,112,2
"S00104446",85,83,2
"S00104447",108,103,5
"S00104448",80,71,9
"S00104449",85,78,7
"S00104450",59,57,2
"S00104451",135,123,12
"S00104452",108,94,14
"S00104453",66,61,5
"S00104454",83,73,10
"S00104455",143,133,10
"S00104456",123,111,12
"S00104457",91,69,22
"S00104458",100,85,15
"S00104459",179,70,109
"S00104460",57,51,6
"S00104461",70,54,16
"S00104462",147,124,23
"S00104463",103,80,23
"S00104464",105,90,15
"S00104465",56,51,5
"S00104466",83,73,10
"S00104467",63,28,35
"S00104468",124,108,16
"S00104469",90,62,28
"S00104470",126,72,54
"S00104471",119,72,47
"S00104472",100,80,20
"S00104473",140,93,47
"S00104474",131,97,34
"S00104475",127,88,39
"S00104476",114,84,30
"S00104477",101,84,17
"S00104478",118,97,21
"S00104479",83,72,11
"S00104480",90,78,12
"S00104481",66,45,21
"S00104482",104,87,17
"S00104483",70,60,10
"S00104484",111,92,19
"S00104485",95,71,24
"S00104486",112,83,29
"S00104487",129,123,6
"S00104488",103,55,48
"S00104489",113,80,33
"S00104490",113,95,18
"S00104491",112,81,31
"S00104492",63,49,14
"S00104493",100,53,47
"S00104494",102,72,30
"S00104495",212,195,17
"S00104496",114,75,39
"S00104497",117,93,24
"S00104498",81,50,31
"S00104499",89,70,19
"S00104500",80,49,31
"S00104501",71,43,28
"S00104502",98,81,17
"S00104503",86,63,23
"S00104504",118,92,26
"S00104505",164,147,17
"S00104506",136,118,18
"S00104507",114,102,12
"S00104508",125,117,8
"S00104509",106,92,14
"S00104510",111,100,11
"S00104511",94,80,14
"S00104512",101,80,21
"S00104513",102,90,12
"S00104514",134,109,25
"S00104515",115,100,15
"S00104516",136,124,12
"S00104517",145,122,23
"S00104518",112,94,18
"S00104519",112,96,16
"S00104520",111,103,8
"S00104521",62,25,37
"S00104522",116,89,27
"S00104523",55,35,20
"S00104524",59,42,17
"S00104525",57,33,24
"S00104526",74,52,22
"S00104527",120,88,32
"S00104528",66,48,18
"S00104529",72,48,24
"S00104530",79,52,27
"S00104531",90,63,27
"S00104532",83,64,19
"S00104533",78,50,28
"S00104534",101,73,28
"S00104535",89,71,18
"S00104536",97,71,26
"S00104537",68,48,20
"S00104538",164,141,23
"S00104539",97,75,22
"S00104540",148,110,38
"S00104541",99,75,24
"S00104542",127,108,19
"S00104543",79,60,19
"S00104544",101,86,15
"S00104545",120,98,22
"S00104546",118,109,9
"S00104547",121,103,18
"S00104548",134,119,15
"S00104549",91,88,3
"S00104550",114,108,6
"S00104551",89,63,26
"S00104552",131,124,7
"S00104553",106,92,14
"S00104554",112,98,14
"S00104555",108,93,15
"S00104556",95,79,16
"S00104557",66,30,36
"S00104558",79,66,13
"S00104559",110,91,19
"S00104560",96,77,19
"S00104561",102,84,18
"S00104562",89,74,15
"S00104563",77,61,16
"S00104564",70,56,14
"S00104565",188,169,19
"S00104566",119,106,13
"S00104567",114,101,13
"S00104568",102,90,12
"S00104569",123,102,21
"S00104570",104,96,8
"S00104571",102,87,15
"S00104572",107,95,12
"S00104573",126,116,10
"S00104574",69,61,8
"S00104575",116,100,16
"S00104576",95,84,11
"S00104577",110,102,8
"S00104578",100,91,9
"S00104579",111,100,11
"S00104580",129,117,12
"S00104581",148,128,20
"S00104582",81,70,11
"S00104583",155,142,13
"S00104584",73,65,8
"S00104585",143,129,14
"S00104586",98,84,14
"S00104587",107,99,8
"S00104588",64,59,5
"S00104589",118,110,8
"S00104590",106,96,10
"S00104591",83,69,14
"S00104592",165,154,11
"S00104593",98,94,4
"S00104594",90,79,11
"S00104595",86,81,5
"S00104596",97,85,12
"S00104597",106,96,10
"S00104598",67,50,17
"S00104599",114,87,27
"S00104600",115,91,24
"S00104601",149,125,24
"S00104602",77,55,22
"S00104603",78,65,13
"S00104604",79,71,8
"S00104605",92,82,10
"S00104606",96,90,6
"S00104607",101,74,27
"S00104608",107,96,11
"S00104609",125,111,14
"S00104610",122,107,15
"S00104611",141,119,22
"S00104612",73,64,9
"S00104613",119,107,12
"S00104614",156,135,21
"S00104615",151,141,10
"S00104616",98,89,9
"S00104617",98,87,11
"S00104618",92,70,22
"S00104619",121,107,14
"S00104620",111,97,14
"S00104621",69,57,12
"S00104622",90,75,15
"S00104623",144,123,21
"S00104624",96,82,14
"S00104625",98,79,19
"S00104626",63,27,36
"S00104627",88,77,11
"S00104628",93,75,18
"S00104629",72,63,9
"S00104630",93,82,11
"S00104631",91,79,12
"S00104632",123,109,14
"S00104633",130,114,16
"S00104634",124,95,29
"S00104635",128,104,24
"S00104636",111,97,14
"S00104637",66,40,26
"S00104638",128,112,16
"S00104639",143,124,19
"S00104640",72,59,13
"S00104641",121,93,28
"S00104642",78,55,23
"S00104643",70,54,16
"S00104644",73,52,21
"S00104645",73,53,20
"S00104646",105,89,16
"S00104647",56,37,19
"S00104648",62,50,12
"S00104649",67,52,15
"S00104650",60,50,10
"S00104651",87,69,18
"S00104652",72,32,40
"S00104653",86,76,10
"S00104654",74,68,6
"S00104655",96,80,16
"S00104656",87,70,17
"S00104657",110,100,10
"S00104658",139,129,10
"S00104659",120,115,5
"S00104660",106,102,4
"S00104661",217,156,61
"S00104662",126,109,17
"S00104663",113,111,2
"S00104664",136,125,11
"S00104665",146,124,22
"S00104666",154,149,5
"S00104667",99,89,10
"S00104668",184,176,8
"S00104669",191,185,6
"S00104670",105,91,14
"S00104671",128,116,12
"S00104672",197,185,12
"S00104673",117,100,17
"S00104674",83,77,6
"S00104675",164,153,11
"S00104676",133,123,10
"S00104677",129,117,12
"S00104678",85,77,8
"S00104679",121,113,8
"S00104680",124,115,9
"S00104681",116,102,14
"S00104682",151,142,9
"S00104683",131,122,9
"S00104684",92,80,12
"S00104685",123,107,16
"S00104686",86,72,14
"S00104687",94,86,8
"S00104688",110,93,17
"S00104689",105,78,27
"S00104690",100,93,7
"S00104691",104,91,13
"S00104692",82,68,14
"S00104693",111,82,29
"S00104694",115,91,24
"S00104695",117,91,26
"S00104696",112,85,27
"S00104697",108,101,7
"S00104698",98,83,15
"S00104699",88,54,34
"S00104700",384,330,54
"S00104701",97,77,20
"S00104702",86,57,29
"S00104703",147,113,34
"S00104704",57,53,4
"S00104705",73,67,6
"S00104706",88,80,8
"S00104707",151,126,25
"S00104708",126,101,25
"S00104709",97,84,13
"S00104710",200,187,13
"S00104711",166,157,9
"S00104712",170,161,9
"S00104713",223,208,15
"S00104714",165,163,2
"S00104715",130,124,6
"S00104716",164,158,6
"S00104717",156,147,9
"S00104718",105,100,5
"S00104719",155,152,3
"S00104720",221,214,7
"S00104721",133,129,4
"S00104722",130,119,11
"S00104723",111,106,5
"S00104724",149,137,12
"S00104725",175,171,4
"S00104726",221,216,5
"S00104727",182,168,14
"S00104728",137,118,19
"S00104729",213,197,16
"S00104730",170,160,10
"S00104731",97,94,3
"S00104732",116,112,4
"S00104733",138,130,8
"S00104734",95,89,6
"S00104735",157,154,3
"S00104736",198,186,12
"S00104737",131,125,6
"S00104738",189,180,9
"S00104739",108,99,9
"S00104740",155,144,11
"S00104741",82,52,30
"S00104742",139,109,30
"S00104743",165,159,6
"S00104744",143,139,4
"S00104745",95,86,9
"S00104746",145,139,6
"S00104747",109,105,4
"S00104748",117,116,1
"S00104749",100,93,7
"S00104750",144,130,14
"S00104751",79,75,4
"S00104752",125,121,4
"S00104753",101,86,15
"S00104754",127,119,8
"S00104755",86,80,6
"S00104756",122,113,9
"S00104757",122,119,3
"S00104758",66,65,1
"S00104759",97,91,6
"S00104760",118,109,9
"S00104761",123,115,8
"S00104762",75,69,6
"S00104763",115,111,4
"S00104764",176,163,13
"S00104765",123,111,12
"S00104766",121,104,17
"S00104767",164,153,11
"S00104768",152,120,32
"S00104769",366,341,25
"S00104770",94,87,7
"S00104771",112,106,6
"S00104772",113,107,6
"S00104773",60,57,3
"S00104774",56,50,6
"S00104775",126,113,13
"S00104776",121,111,10
"S00104777",98,91,7
"S00104778",100,91,9
"S00104779",67,62,5
"S00104780",105,97,8
"S00104781",85,80,5
"S00104782",131,126,5
"S00104783",112,102,10
"S00104784",109,91,18
"S00104785",148,143,5
"S00104786",114,94,20
"S00104787",94,85,9
"S00104788",73,65,8
"S00104789",147,136,11
"S00104790",177,168,9
"S00104791",130,68,62
"S00104792",157,69,88
"S00104793",59,52,7
"S00104794",65,54,11
"S00104795",75,73,2
"S00104796",107,64,43
"S00104797",148,138,10
"S00104798",185,181,4
"S00104799",196,189,7
"S00104800",85,53,32
"S00104801",112,100,12
"S00104802",179,158,21
"S00104803",140,121,19
"S00104804",110,96,14
"S00104805",124,114,10
"S00104806",120,90,30
"S00104807",128,121,7
"S00104808",124,113,11
"S00104809",134,126,8
"S00104810",136,127,9
"S00104811",138,106,32
"S00104812",99,90,9
"S00104813",99,91,8
"S00104814",59,40,19
"S00104815",111,106,5
"S00104816",140,127,13
"S00104817",76,73,3
"S00104818",150,133,17
"S00104819",154,149,5
"S00104820",203,183,20
"S00104821",100,96,4
"S00104822",116,109,7
"S00104823",154,143,11
"S00104824",142,135,7
"S00104825",152,143,9
"S00104826",163,152,11
"S00104827",112,95,17
"S00104828",131,119,12
"S00104829",196,191,5
"S00104830",133,123,10
"S00104831",126,113,13
"S00104832",107,91,16
"S00104833",135,124,11
"S00104834",109,108,1
"S00104835",124,116,8
"S00104836",162,148,14
"S00104837",139,116,23
"S00104838",126,119,7
"S00104839",136,127,9
"S00104840",135,121,14
"S00104841",102,97,5
"S00104842",175,146,29
"S00104843",161,145,16
"S00104844",127,116,11
"S00104845",73,60,13
"S00104846",92,79,13
"S00104847",108,91,17
"S00104848",68,60,8
"S00104849",79,60,19
"S00104850",114,97,17
"S00104851",205,188,17
"S00104852",180,170,10
"S00104853",91,82,9
"S00104854",119,112,7
"S00104855",94,70,24
"S00104856",134,127,7
"S00104857",170,160,10
"S00104858",141,136,5
"S00104859",152,147,5
"S00104860",126,121,5
"S00104861",95,87,8
"S00104862",107,103,4
"S00104863",88,81,7
"S00104864",83,77,6
"S00104865",88,82,6
"S00104866",70,60,10
"S00104867",79,71,8
"S00104868",105,96,9
"S00104869",79,71,8
"S00104870",176,164,12
"S00104871",127,117,10
"S00104872",69,60,9
"S00104873",146,93,53
"S00104874",101,87,14
"S00104875",126,115,11
"S00104876",124,117,7
"S00104877",78,68,10
"S00104878",75,59,16
"S00104879",93,83,10
"S00104880",105,95,10
"S00104881",89,69,20
"S00104882",149,115,34
"S00104883",78,75,3
"S00104884",94,67,27
"S00104885",70,67,3
"S00104886",156,154,2
"S00104887",143,135,8
"S00104888",119,108,11
"S00104889",210,192,18
"S00104890",138,127,11
"S00104891",201,190,11
"S00104892",157,150,7
"S00104893",118,110,8
"S00104894",87,81,6
"S00104895",98,92,6
"S00104896",82,75,7
"S00104897",136,129,7
"S00104898",110,109,1
"S00104899",149,141,8
"S00104900",107,100,7
"S00104901",84,80,4
"S00104902",346,329,17
"S00104903",155,136,19
"S00104904",73,32,41
"S00104905",92,84,8
"S00104906",181,164,17
"S00104907",130,121,9
"S00104908",153,139,14
"S00104909",106,102,4
"S00104910",87,79,8
"S00104911",99,92,7
"S00104912",131,127,4
"S00104913",71,67,4
"S00104914",183,170,13
"S00104915",123,116,7
"S00104916",127,117,10
"S00104917",58,47,11
"S00104918",115,109,6
"S00104919",155,146,9
"S00104920",159,148,11
"S00104921",133,126,7
"S00104922",113,106,7
"S00104923",110,95,15
"S00104924",52,44,8
"S00104925",176,159,17
"S00104926",132,121,11
"S00104927",152,143,9
"S00104928",62,55,7
"S00104929",145,138,7
"S00104930",74,68,6
"S00104931",111,104,7
"S00104932",175,164,11
"S00104933",99,88,11
"S00104934",145,138,7
"S00104935",95,88,7
"S00104936",123,117,6
"S00104937",147,138,9
"S00104938",135,127,8
"S00104939",141,133,8
"S00104940",121,113,8
"S00104941",117,100,17
"S00104942",55,47,8
"S00104943",171,158,13
"S00104944",113,106,7
"S00104945",166,150,16
"S00104946",157,146,11
"S00104947",147,134,13
"S00104948",129,121,8
"S00104949",96,90,6
"S00104950",97,92,5
"S00104951",135,127,8
"S00104952",124,116,8
"S00104953",157,147,10
"S00104954",124,121,3
"S00104955",77,67,10
"S00104956",97,89,8
"S00104957",115,102,13
"S00104958",116,101,15
"S00104959",141,131,10
"S00104960",155,145,10
"S00104961",154,90,64
"S00104962",73,66,7
"S00104963",86,74,12
"S00104964",66,58,8
"S00104965",79,70,9
"S00104966",76,68,8
"S00104967",77,69,8
"S00104968",79,71,8
"S00104969",71,60,11
"S00104970",106,99,7
"S00104971",75,70,5
"S00104972",150,142,8
"S00104973",104,101,3
"S00104974",78,71,7
"S00104975",87,81,6
"S00104976",124,94,30
"S00104977",96,92,4
"S00104978",107,99,8
"S00104979",146,130,16
"S00104980",146,133,13
"S00104981",68,65,3
"S00104982",122,94,28
"S00104983",142,135,7
"S00104984",56,45,11
"S00104985",93,75,18
"S00104986",89,66,23
"S00104987",91,83,8
"S00104988",135,115,20
"S00104989",103,56,47
"S00104990",55,44,11
"S00104991",65,58,7
"S00104992",80,69,11
"S00104993",173,167,6
"S00104994",163,152,11
"S00104995",118,110,8
"S00104996",121,111,10
"S00104997",111,103,8
"S00104998",98,91,7
"S00104999",153,142,11
"S00105000",114,101,13
"S00105001",108,95,13
"S00105002",105,97,8
"S00105003",85,76,9
"S00105004",105,92,13
"S00105005",105,91,14
"S00105006",109,102,7
"S00105007",108,95,13
"S00105008",97,95,2
"S00105009",125,113,12
"S00105010",142,134,8
"S00105011",106,95,11
"S00105012",135,125,10
"S00105013",141,127,14
"S00105014",117,112,5
"S00105015",183,170,13
"S00105016",165,160,5
"S00105017",126,117,9
"S00105018",118,112,6
"S00105019",191,165,26
"S00105020",151,147,4
"S00105021",129,119,10
"S00105022",139,130,9
"S00105023",122,113,9
"S00105024",123,113,10
"S00105025",118,114,4
"S00105026",128,119,9
"S00105027",154,140,14
"S00105028",154,125,29
"S00105029",142,123,19
"S00105030",92,74,18
"S00105031",131,119,12
"S00105032",92,76,16
"S00105033",113,103,10
"S00105034",121,111,10
"S00105035",137,119,18
"S00105036",186,170,16
"S00105037",172,163,9
"S00105038",128,121,7
"S00105039",142,133,9
"S00105040",130,119,11
"S00105041",116,112,4
"S00105042",119,116,3
"S00105043",81,74,7
"S00105044",123,115,8
"S00105045",107,100,7
"S00105046",69,66,3
"S00105047",130,115,15
"S00105048",204,193,11
"S00105049",107,99,8
"S00105050",188,146,42
"S00105051",166,155,11
"S00105052",111,104,7
"S00105053",83,68,15
"S00105054",115,106,9
"S00105055",130,117,13
"S00105056",129,121,8
"S00105057",120,105,15
"S00105058",95,82,13
"S00105059",181,173,8
"S00105060",134,121,13
"S00105061",127,112,15
"S00105062",72,60,12
"S00105063",155,144,11
"S00105064",167,147,20
"S00105065",158,148,10
"S00105066",194,179,15
"S00105067",125,115,10
"S00105068",137,127,10
"S00105069",108,107,1
"S00105070",99,89,10
"S00105071",107,95,12
"S00105072",127,118,9
"S00105073",136,119,17
"S00105074",103,95,8
"S00105075",95,77,18
"S00105076",92,80,12
"S00105077",102,86,16
"S00105078",124,109,15
"S00105079",142,132,10
"S00105080",99,84,15
"S00105081",100,92,8
"S00105082",108,93,15
"S00105083",84,75,9
"S00105084",79,76,3
"S00105085",58,53,5
"S00105086",114,90,24
"S00105087",110,98,12
"S00105088",76,73,3
"S00105089",94,88,6
"S00105090",150,143,7
"S00105091",75,70,5
"S00105092",158,139,19
"S00105093",164,151,13
"S00105094",142,128,14
"S00105095",95,89,6
"S00105096",89,80,9
"S00105097",151,130,21
"S00105098",88,82,6
"S00105099",122,116,6
"S00105100",138,133,5
"S00105101",134,128,6
"S00105102",107,100,7
"S00105103",96,87,9
"S00105104",140,130,10
"S00105105",60,57,3
"S00105106",54,44,10
"S00105107",56,47,9
"S00105108",65,56,9
"S00105109",70,63,7
"S00105110",57,52,5
"S00105111",134,123,11
"S00105112",62,50,12
"S00105113",78,67,11
"S00105114",64,58,6
"S00105115",65,60,5
"S00105116",58,50,8
"S00105117",63,58,5
"S00105118",92,80,12
"S00105119",102,88,14
"S00105120",84,75,9
"S00105121",92,79,13
"S00105122",92,72,20
"S00105123",97,87,10
"S00105124",95,86,9
"S00105125",97,90,7
"S00105126",86,78,8
"S00105127",85,78,7
"S00105128",96,84,12
"S00105129",131,126,5
"S00105130",115,112,3
"S00105131",199,181,18
"S00105132",73,68,5
"S00105133",95,88,7
"S00105134",88,81,7
"S00105135",67,57,10
"S00105136",60,48,12
"S00105137",77,69,8
"S00105138",78,74,4
"S00105139",56,49,7
"S00105140",75,69,6
"S00105141",51,40,11
"S00105142",95,87,8
"S00105143",111,101,10
"S00105144",129,124,5
"S00105145",144,95,49
"S00105146",56,49,7
"S00105147",106,90,16
"S00105148",95,88,7
"S00105149",110,101,9
"S00105150",92,79,13
"S00105151",166,160,6
"S00105152",136,126,10
"S00105153",171,164,7
"S00105154",119,102,17
"S00105155",119,107,12
"S00105156",168,155,13
"S00105157",130,123,7
"S00105158",115,113,2
"S00105159",75,67,8
"S00105160",58,49,9
"S00105161",88,81,7
"S00105162",126,107,19
"S00105163",68,46,22
"S00105164",53,39,14
"S00105165",66,55,11
"S00105166",96,86,10
"S00105167",72,56,16
"S00105168",85,74,11
"S00105169",85,79,6
"S00105170",87,65,22
"S00105171",78,67,11
"S00105172",93,61,32
"S00105173",108,95,13
"S00105174",91,67,24
"S00105175",101,81,20
"S00105176",95,79,16
"S00105177",58,48,10
"S00105178",87,74,13
"S00105179",62,52,10
"S00105180",69,61,8
"S00105181",67,61,6
"S00105182",77,72,5
"S00105183",72,60,12
"S00105184",80,66,14
"S00105185",51,46,5
"S00105186",92,80,12
"S00105187",76,60,16
"S00105188",95,90,5
"S00105189",61,50,11
"S00105190",67,58,9
"S00105191",63,55,8
"S00105192",68,65,3
"S00105193",67,57,10
"S00105194",112,106,6
"S00105195",62,52,10
"S00105196",68,63,5
"S00105197",56,48,8
"S00105198",82,75,7
"S00105199",77,66,11
"S00105200",81,75,6
"S00105201",76,72,4
"S00105202",106,103,3
"S00105203",109,92,17
"S00105204",79,66,13
"S00105205",93,78,15
"S00105206",110,104,6
"S00105207",127,118,9
"S00105208",72,69,3
"S00105209",135,128,7
"S00105210",53,46,7
"S00105211",91,83,8
"S00105212",121,109,12
"S00105213",86,80,6
"S00105214",66,57,9
"S00105215",76,72,4
"S00105216",91,79,12
"S00105217",72,66,6
"S00105218",130,115,15
"S00105219",108,84,24
"S00105220",119,85,34
"S00105221",113,100,13
"S00105222",108,77,31
"S00105223",110,96,14
"S00105224",118,102,16
"S00105225",122,105,17
"S00105226",80,56,24
"S00105227",121,114,7
"S00105228",51,31,20
"S00105229",103,87,16
"S00105230",82,70,12
"S00105231",56,42,14
"S00105232",89,77,12
"S00105233",79,57,22
"S00105234",84,61,23
"S00105235",155,142,13
"S00105236",137,126,11
"S00105237",120,112,8
"S00105238",75,68,7
"S00105239",87,73,14
"S00105240",124,110,14
"S00105241",170,158,12
"S00105242",126,107,19
"S00105243",120,98,22
"S00105244",76,59,17
"S00105245",134,80,54
"S00105246",137,105,32
"S00105247",134,105,29
"S00105248",93,67,26
"S00105249",130,114,16
"S00105250",112,84,28
"S00105251",140,105,35
"S00105252",112,94,18
"S00105253",126,110,16
"S00105254",77,57,20
"S00105255",141,107,34
"S00105256",173,147,26
"S00105257",110,91,19
"S00105258",102,80,22
"S00105259",97,83,14
"S00105260",100,77,23
"S00105261",193,157,36
"S00105262",141,113,28
"S00105263",142,115,27
"S00105264",167,132,35
"S00105265",127,97,30
"S00105266",114,84,30
"S00105267",122,95,27
"S00105268",142,125,17
"S00105269",77,58,19
"S00105270",154,117,37
"S00105271",129,95,34
"S00105272",109,84,25
"S00105273",53,43,10
"S00105274",93,75,18
"S00105275",87,66,21
"S00105276",79,59,20
"S00105277",65,52,13
"S00105278",121,93,28
"S00105279",87,46,41
"S00105280",80,63,17
"S00105281",100,81,19
"S00105282",93,75,18
"S00105283",94,71,23
"S00105284",87,61,26
"S00105285",100,80,20
"S00105286",104,85,19
"S00105287",81,71,10
"S00105288",107,78,29
"S00105289",68,59,9
"S00105290",85,65,20
"S00105291",721,510,211
"S00105292",67,46,21
"S00105293",93,78,15
"S00105294",85,64,21
"S00105295",104,77,27
"S00105296",74,52,22
"S00105297",86,69,17
"S00105298",88,64,24
"S00105299",114,85,29
"S00105300",147,92,55
"S00105301",64,55,9
"S00105302",141,117,24
"S00105303",91,73,18
"S00105304",72,48,24
"S00105305",96,72,24
"S00105306",97,68,29
"S00105307",73,51,22
"S00105308",68,46,22
"S00105309",115,94,21
"S00105310",81,59,22
"S00105311",89,64,25
"S00105312",144,107,37
"S00105313",120,91,29
"S00105314",59,43,16
"S00105315",101,81,20
"S00105316",122,98,24
"S00105317",141,122,19
"S00105318",97,82,15
"S00105319",133,101,32
"S00105320",162,145,17
"S00105321",174,142,32
"S00105322",62,42,20
"S00105323",148,113,35
"S00105324",124,99,25
"S00105325",142,114,28
"S00105326",96,75,21
"S00105327",79,64,15
"S00105328",83,53,30
"S00105329",104,82,22
"S00105330",75,47,28
"S00105331",151,124,27
"S00105332",101,89,12
"S00105333",124,105,19
"S00105334",102,90,12
"S00105335",113,93,20
"S00105336",54,41,13
"S00105337",82,70,12
"S00105338",107,92,15
"S00105339",106,91,15
"S00105340",120,104,16
"S00105341",126,107,19
"S00105342",139,120,19
"S00105343",192,110,82
"S00105344",96,78,18
"S00105345",131,107,24
"S00105346",99,90,9
"S00105347",112,103,9
"S00105348",109,90,19
"S00105349",107,87,20
"S00105350",123,109,14
"S00105351",96,80,16
"S00105352",99,80,19
"S00105353",115,104,11
"S00105354",107,94,13
"S00105355",114,99,15
"S00105356",139,126,13
"S00105357",71,58,13
"S00105358",93,82,11
"S00105359",81,66,15
"S00105360",144,116,28
"S00105361",141,117,24
"S00105362",62,46,16
"S00105363",113,102,11
"S00105364",80,62,18
"S00105365",98,80,18
"S00105366",88,85,3
"S00105367",82,68,14
"S00105368",124,116,8
"S00105369",98,85,13
"S00105370",72,60,12
"S00105371",138,130,8
"S00105372",83,71,12
"S00105373",76,69,7
"S00105374",64,50,14
"S00105375",166,123,43
"S00105376",149,140,9
"S00105377",106,89,17
"S00105378",91,62,29
"S00105379",70,53,17
"S00105380",67,43,24
"S00105381",151,134,17
"S00105382",104,88,16
"S00105383",99,75,24
"S00105384",102,86,16
"S00105385",131,122,9
"S00105386",132,117,15
"S00105387",67,60,7
"S00105388",115,103,12
"S00105389",70,47,23
"S00105390",115,107,8
"S00105391",121,107,14
"S00105392",128,115,13
"S00105393",91,84,7
"S00105394",86,78,8
"S00105395",86,80,6
"S00105396",140,136,4
"S00105397",70,69,1
"S00105398",71,60,11
"S00105399",94,89,5
"S00105400",82,80,2
"S00105401",71,67,4
"S00105402",122,110,12
"S00105403",123,115,8
"S00105404",85,80,5
"S00105405",100,89,11
"S00105406",85,77,8
"S00105407",89,80,9
"S00105408",100,96,4
"S00105409",104,96,8
"S00105410",112,105,7
"S00105411",113,100,13
"S00105412",126,120,6
"S00105413",170,164,6
"S00105414",153,125,28
"S00105415",109,104,5
"S00105416",108,106,2
"S00105417",133,124,9
"S00105418",123,111,12
"S00105419",106,99,7
"S00105420",192,180,12
"S00105421",169,155,14
"S00105422",159,142,17
"S00105423",175,159,16
"S00105424",171,159,12
"S00105425",149,135,14
"S00105426",87,76,11
"S00105427",149,136,13
"S00105428",234,124,110
"S00105429",106,94,12
"S00105430",128,124,4
"S00105431",114,69,45
"S00105432",116,101,15
"S00105433",156,143,13
"S00105434",90,80,10
"S00105435",178,176,2
"S00105436",225,192,33
"S00105437",89,71,18
"S00105438",132,125,7
"S00105439",91,79,12
"S00105440",76,73,3
"S00105441",214,143,71
"S00105442",117,109,8
"S00105443",181,158,23
"S00105444",165,157,8
"S00105445",97,90,7
"S00105446",72,67,5
"S00105447",157,153,4
"S00105448",99,90,9
"S00105449",89,80,9
"S00105450",87,81,6
"S00105451",147,132,15
"S00105452",128,117,11
"S00105453",71,61,10
"S00105454",143,125,18
"S00105455",87,80,7
"S00105456",81,69,12
"S00105457",132,119,13
"S00105458",101,84,17
"S00105459",85,77,8
"S00105460",146,123,23
"S00105461",157,136,21
"S00105462",115,102,13
"S00105463",86,74,12
"S00105464",151,128,23
"S00105465",92,81,11
"S00105466",107,99,8
"S00105467",96,77,19
"S00105468",117,105,12
"S00105469",100,86,14
"S00105470",164,145,19
"S00105471",105,90,15
"S00105472",111,102,9
"S00105473",92,73,19
"S00105474",94,79,15
"S00105475",82,57,25
"S00105476",117,106,11
"S00105477",108,96,12
"S00105478",113,111,2
"S00105479",137,126,11
"S00105480",122,109,13
"S00105481",105,85,20
"S00105482",118,89,29
"S00105483",108,93,15
"S00105484",133,113,20
"S00105485",66,50,16
"S00105486",70,59,11
"S00105487",84,73,11
"S00105488",95,80,15
"S00105489",73,63,10
"S00105490",192,173,19
"S00105491",108,91,17
"S00105492",133,109,24
"S00105493",149,124,25
"S00105494",81,66,15
"S00105495",150,134,16
"S00105496",158,145,13
"S00105497",104,89,15
"S00105498",184,168,16
"S00105499",122,100,22
"S00105500",132,115,17
"S00105501",89,75,14
"S00105502",67,64,3
"S00105503",119,105,14
"S00105504",139,96,43
"S00105505",72,28,44
"S00105506",149,128,21
"S00105507",118,114,4
"S00105508",138,126,12
"S00105509",104,98,6
"S00105510",166,148,18
"S00105511",184,161,23
"S00105512",145,134,11
"S00105513",139,123,16
"S00105514",88,76,12
"S00105515",131,122,9
"S00105516",91,79,12
"S00105517",162,149,13
"S00105518",125,114,11
"S00105519",106,97,9
"S00105520",120,105,15
"S00105521",58,55,3
"S00105522",133,117,16
"S00105523",111,95,16
"S00105524",63,54,9
"S00105525",93,85,8
"S00105526",72,61,11
"S00105527",100,91,9
"S00105528",113,97,16
"S00105529",103,91,12
"S00105530",181,164,17
"S00105531",96,84,12
"S00105532",93,80,13
"S00105533",125,116,9
"S00105534",130,111,19
"S00105535",117,101,16
"S00105536",99,88,11
"S00105537",104,88,16
"S00105538",114,94,20
"S00105539",116,108,8
"S00105540",164,143,21
"S00105541",131,108,23
"S00105542",116,98,18
"S00105543",118,101,17
"S00105544",103,94,9
"S00105545",85,74,11
"S00105546",114,94,20
"S00105547",94,83,11
"S00105548",161,138,23
"S00105549",148,129,19
"S00105550",95,84,11
"S00105551",105,92,13
"S00105552",96,88,8
"S00105553",113,101,12
"S00105554",163,148,15
"S00105555",92,78,14
"S00105556",127,114,13
"S00105557",66,60,6
"S00105558",183,156,27
"S00105559",161,130,31
"S00105560",130,105,25
"S00105561",126,120,6
"S00105562",92,85,7
"S00105563",202,170,32
"S00105564",116,82,34
"S00105565",116,103,13
"S00105566",120,110,10
"S00105567",106,98,8
"S00105568",85,73,12
"S00105569",162,145,17
"S00105570",61,53,8
"S00105571",156,147,9
"S00105572",80,42,38
"S00105573",127,109,18
"S00105574",108,73,35
"S00105575",164,150,14
"S00105576",121,110,11
"S00105577",132,119,13
"S00105578",96,80,16
"S00105579",90,73,17
"S00105580",109,92,17
"S00105581",131,112,19
"S00105582",114,96,18
"S00105583",100,90,10
"S00105584",117,110,7
"S00105585",110,96,14
"S00105586",113,100,13
"S00105587",121,112,9
"S00105588",95,87,8
"S00105589",110,102,8
"S00105590",104,93,11
"S00105591",120,109,11
"S00105592",119,111,8
"S00105593",130,128,2
"S00105594",139,128,11
"S00105595",97,87,10
"S00105596",110,95,15
"S00105597",129,119,10
"S00105598",120,108,12
"S00105599",101,94,7
"S00105600",84,75,9
"S00105601",132,118,14
"S00105602",132,121,11
"S00105603",124,102,22
"S00105604",138,119,19
"S00105605",136,121,15
"S00105606",146,135,11
"S00105607",102,93,9
"S00105608",73,69,4
"S00105609",67,58,9
"S00105610",81,75,6
"S00105611",59,50,9
"S00105612",129,119,10
"S00105613",112,108,4
"S00105614",51,50,1
"S00105615",103,91,12
"S00105616",90,82,8
"S00105617",149,141,8
"S00105618",139,125,14
"S00105619",67,58,9
"S00105620",89,78,11
"S00105621",96,86,10
"S00105622",94,86,8
"S00105623",83,78,5
"S00105624",133,126,7
"S00105625",82,76,6
"S00105626",84,73,11
"S00105627",73,63,10
"S00105628",129,117,12
"S00105629",155,143,12
"S00105630",105,93,12
"S00105631",60,49,11
"S00105632",52,44,8
"S00105633",150,134,16
"S00105634",136,124,12
"S00105635",107,85,22
"S00105636",101,79,22
"S00105637",110,84,26
"S00105638",96,76,20
"S00105639",151,128,23
"S00105640",137,133,4
"S00105641",135,94,41
"S00105642",127,107,20
"S00105643",144,118,26
"S00105644",91,74,17
"S00105645",71,56,15
"S00105646",104,89,15
"S00105647",127,105,22
"S00105648",116,99,17
"S00105649",168,135,33
"S00105650",141,115,26
"S00105651",110,93,17
"S00105652",108,86,22
"S00105653",90,67,23
"S00105654",96,84,12
"S00105655",65,40,25
"S00105656",84,73,11
"S00105657",77,28,49
"S00105658",133,109,24
"S00105659",88,73,15
"S00105660",75,56,19
"S00105661",107,88,19
"S00105662",61,52,9
"S00105663",124,96,28
"S00105664",81,65,16
"S00105665",130,109,21
"S00105666",77,64,13
"S00105667",64,33,31
"S00105668",71,53,18
"S00105669",141,126,15
"S00105670",111,103,8
"S00105671",78,58,20
"S00105672",123,107,16
"S00105673",106,92,14
"S00105674",124,106,18
"S00105675",117,102,15
"S00105676",106,97,9
"S00105677",91,71,20
"S00105678",115,100,15
"S00105679",126,111,15
"S00105680",89,80,9
"S00105681",74,65,9
"S00105682",137,123,14
"S00105683",178,157,21
"S00105684",101,75,26
"S00105685",80,54,26
"S00105686",70,55,15
"S00105687",109,97,12
"S00105688",100,71,29
"S00105689",95,80,15
"S00105690",138,127,11
"S00105691",111,103,8
"S00105692",117,104,13
"S00105693",124,120,4
"S00105694",194,183,11
"S00105695",86,79,7
"S00105696",65,61,4
"S00105697",136,131,5
"S00105698",125,114,11
"S00105699",104,98,6
"S00105700",105,96,9
"S00105701",107,92,15
"S00105702",76,70,6
"S00105703",128,117,11
"S00105704",84,75,9
"S00105705",105,97,8
"S00105706",77,72,5
"S00105707",101,94,7
"S00105708",125,109,16
"S00105709",484,464,20
"S00105710",116,101,15
"S00105711",157,149,8
"S00105712",100,55,45
"S00105713",154,133,21
"S00105714",110,102,8
"S00105715",130,119,11
"S00105716",113,105,8
"S00105717",109,103,6
"S00105718",133,124,9
"S00105719",159,142,17
"S00105720",136,126,10
"S00105721",157,145,12
"S00105722",113,99,14
"S00105723",151,131,20
"S00105724",88,77,11
"S00105725",119,113,6
"S00105726",108,96,12
"S00105727",88,74,14
"S00105728",144,134,10
"S00105729",58,48,10
"S00105730",82,74,8
"S00105731",115,107,8
"S00105732",120,108,12
"S00105733",146,140,6
"S00105734",112,101,11
"S00105735",108,96,12
"S00105736",129,104,25
"S00105737",109,100,9
"S00105738",127,118,9
"S00105739",101,92,9
"S00105740",104,93,11
"S00105741",140,129,11
"S00105742",127,118,9
"S00105743",94,82,12
"S00105744",175,155,20
"S00105745",155,145,10
"S00105746",122,110,12
"S00105747",117,100,17
"S00105748",155,139,16
"S00105749",154,140,14
"S00105750",127,123,4
"S00105751",124,105,19
"S00105752",93,87,6
"S00105753",106,96,10
"S00105754",88,77,11
"S00105755",172,158,14
"S00105756",119,109,10
"S00105757",94,85,9
"S00105758",138,127,11
"S00105759",96,90,6
"S00105760",119,108,11
"S00105761",157,149,8
"S00105762",93,81,12
"S00105763",124,108,16
"S00105764",120,102,18
"S00105765",55,24,31
"S00105766",79,70,9
"S00105767",87,71,16
"S00105768",71,63,8
"S00105769",115,91,24
"S00105770",106,88,18
"S00105771",110,102,8
"S00105772",90,84,6
"S00105773",136,131,5
"S00105774",95,69,26
"S00105775",137,116,21
"S00105776",115,83,32
"S00105777",87,66,21
"S00105778",106,88,18
"S00105779",133,117,16
"S00105780",69,67,2
"S00105781",94,77,17
"S00105782",102,75,27
"S00105783",102,78,24
"S00105784",85,75,10
"S00105785",110,89,21
"S00105786",113,106,7
"S00105787",51,43,8
"S00105788",128,109,19
"S00105789",94,76,18
"S00105790",172,156,16
"S00105791",144,105,39
"S00105792",110,84,26
"S00105793",88,80,8
"S00105794",57,50,7
"S00105795",59,55,4
"S00105796",129,120,9
"S00105797",104,87,17
"S00105798",122,109,13
"S00105799",89,67,22
"S00105800",56,45,11
"S00105801",112,101,11
"S00105802",151,132,19
"S00105803",96,79,17
"S00105804",177,137,40
"S00105805",57,36,21
"S00105806",114,96,18
"S00105807",113,88,25
"S00105808",145,114,31
"S00105809",101,65,36
"S00105810",155,115,40
"S00105811",112,88,24
"S00105812",65,45,20
"S00105813",105,86,19
"S00105814",143,126,17
"S00105815",92,72,20
"S00105816",77,53,24
"S00105817",102,72,30
"S00105818",81,65,16
"S00105819",121,75,46
"S00105820",153,118,35
"S00105821",105,78,27
"S00105822",118,97,21
"S00105823",121,94,27
"S00105824",106,94,12
"S00105825",128,107,21
"S00105826",106,85,21
"S00105827",76,59,17
"S00105828",76,62,14
"S00105829",82,57,25
"S00105830",126,95,31
"S00105831",108,93,15
"S00105832",207,177,30
"S00105833",163,147,16
"S00105834",150,126,24
"S00105835",127,108,19
"S00105836",198,160,38
"S00105837",98,80,18
"S00105838",131,104,27
"S00105839",103,70,33
"S00105840",124,117,7
"S00105841",68,23,45
"S00105842",76,61,15
"S00105843",114,101,13
"S00105844",66,56,10
"S00105845",97,86,11
"S00105846",130,108,22
"S00105847",120,103,17
"S00105848",104,86,18
"S00105849",124,114,10
"S00105850",104,87,17
"S00105851",96,74,22
"S00105852",67,54,13
"S00105853",125,100,25
"S00105854",134,114,20
"S00105855",115,91,24
"S00105856",112,92,20
"S00105857",68,38,30
"S00105858",76,45,31
"S00105859",67,56,11
"S00105860",123,107,16
"S00105861",116,99,17
"S00105862",84,76,8
"S00105863",94,81,13
"S00105864",153,138,15
"S00105865",164,150,14
"S00105866",101,91,10
"S00105867",140,125,15
"S00105868",126,117,9
"S00105869",114,101,13
"S00105870",114,95,19
"S00105871",120,107,13
"S00105872",128,115,13
"S00105873",112,97,15
"S00105874",106,95,11
"S00105875",129,107,22
"S00105876",113,99,14
"S00105877",124,121,3
"S00105878",195,178,17
"S00105879",90,80,10
"S00105880",86,82,4
"S00105881",102,76,26
"S00105882",182,141,41
"S00105883",121,107,14
"S00105884",104,90,14
"S00105885",77,66,11
"S00105886",82,63,19
"S00105887",153,110,43
"S00105888",144,122,22
"S00105889",138,111,27
"S00105890",127,97,30
"S00105891",109,96,13
"S00105892",109,94,15
"S00105893",72,65,7
"S00105894",92,78,14
"S00105895",68,62,6
"S00105896",169,135,34
"S00105897",104,80,24
"S00105898",141,120,21
"S00105899",134,121,13
"S00105900",191,164,27
"S00105901",98,84,14
"S00105902",120,113,7
"S00105903",115,108,7
"S00105904",96,81,15
"S00105905",133,105,28
"S00105906",94,74,20
"S00105907",64,45,19
"S00105908",86,62,24
"S00105909",104,85,19
"S00105910",100,81,19
"S00105911",110,101,9
"S00105912",104,82,22
"S00105913",95,77,18
"S00105914",125,116,9
"S00105915",117,113,4
"S00105916",111,108,3
"S00105917",90,83,7
"S00105918",99,88,11
"S00105919",124,104,20
"S00105920",92,73,19
"S00105921",113,90,23
"S00105922",143,110,33
"S00105923",164,139,25
"S00105924",112,104,8
"S00105925",107,89,18
"S00105926",118,102,16
"S00105927",105,95,10
"S00105928",109,94,15
"S00105929",125,111,14
"S00105930",101,89,12
"S00105931",141,119,22
"S00105932",110,91,19
"S00105933",120,104,16
"S00105934",187,166,21
"S00105935",1633,1567,66
"S00105936",135,121,14
"S00105937",72,55,17
"S00105938",178,156,22
"S00105939",173,164,9
"S00105940",107,95,12
"S00105941",85,78,7
"S00105942",92,88,4
"S00105943",100,78,22
"S00105944",138,125,13
"S00105945",106,95,11
"S00105946",102,88,14
"S00105947",122,107,15
"S00105948",102,89,13
"S00105949",114,108,6
"S00105950",80,73,7
"S00105951",70,61,9
"S00105952",138,115,23
"S00105953",182,166,16
"S00105954",130,106,24
"S00105955",71,47,24
"S00105956",78,68,10
"S00105957",174,159,15
"S00105958",146,122,24
"S00105959",185,149,36
"S00105960",107,100,7
"S00105961",118,107,11
"S00105962",105,100,5
"S00105963",169,151,18
"S00105964",125,123,2
"S00105965",139,128,11
"S00105966",99,89,10
"S00105967",94,83,11
"S00105968",87,70,17
"S00105969",107,95,12
"S00105970",204,183,21
"S00105971",171,150,21
"S00105972",150,140,10
"S00105973",142,124,18
"S00105974",93,79,14
"S00105975",101,80,21
"S00105976",115,98,17
"S00105977",73,65,8
"S00105978",124,105,19
"S00105979",126,106,20
"S00105980",152,136,16
"S00105981",149,141,8
"S00105982",200,184,16
"S00105983",130,101,29
"S00105984",111,101,10
"S00105985",73,57,16
"S00105986",179,165,14
"S00105987",123,117,6
"S00105988",120,113,7
"S00105989",112,102,10
"S00105990",114,111,3
"S00105991",59,43,16
"S00105992",139,117,22
"S00105993",60,52,8
"S00105994",142,126,16
"S00105995",131,112,19
"S00105996",158,118,40
"S00105997",141,125,16
"S00105998",106,96,10
"S00105999",191,173,18
"S00106000",186,169,17
"S00106001",130,116,14
"S00106002",108,88,20
"S00106003",91,74,17
"S00106004",101,87,14
"S00106005",95,87,8
"S00106006",103,81,22
"S00106007",132,110,22
"S00106008",109,103,6
"S00106009",97,87,10
"S00106010",57,49,8
"S00106011",219,197,22
"S00106012",157,140,17
"S00106013",143,129,14
"S00106014",105,94,11
"S00106015",162,146,16
"S00106016",105,88,17
"S00106017",116,107,9
"S00106018",162,144,18
"S00106019",82,70,12
"S00106020",99,82,17
"S00106021",118,92,26
"S00106022",63,55,8
"S00106023",82,64,18
"S00106024",111,99,12
"S00106025",108,93,15
"S00106026",109,95,14
"S00106027",84,77,7
"S00106028",102,73,29
"S00106029",104,69,35
"S00106030",104,85,19
"S00106031",84,74,10
"S00106032",87,75,12
"S00106033",75,67,8
"S00106034",136,94,42
"S00106035",105,99,6
"S00106036",113,92,21
"S00106037",126,112,14
"S00106038",76,72,4
"S00106039",129,122,7
"S00106040",112,96,16
"S00106041",112,102,10
"S00106042",65,59,6
"S00106043",77,65,12
"S00106044",142,127,15
"S00106045",91,82,9
"S00106046",131,124,7
"S00106047",102,98,4
"S00106048",72,63,9
"S00106049",86,76,10
"S00106050",193,175,18
"S00106051",114,97,17
"S00106052",74,64,10
"S00106053",167,146,21
"S00106054",194,117,77
"S00106055",149,126,23
"S00106056",140,115,25
"S00106057",137,125,12
"S00106058",99,94,5
"S00106059",95,86,9
"S00106060",111,99,12
"S00106061",99,87,12
"S00106062",136,124,12
"S00106063",153,145,8
"S00106064",100,72,28
"S00106065",145,116,29
"S00106066",99,76,23
"S00106067",104,95,9
"S00106068",100,84,16
"S00106069",156,136,20
"S00106070",138,101,37
"S00106071",115,105,10
"S00106072",93,83,10
"S00106073",90,76,14
"S00106074",91,74,17
"S00106075",69,53,16
"S00106076",146,122,24
"S00106077",89,71,18
"S00106078",113,102,11
"S00106079",139,130,9
"S00106080",96,91,5
"S00106081",142,114,28
"S00106082",123,104,19
"S00106083",129,106,23
"S00106084",87,52,35
"S00106085",97,82,15
"S00106086",124,93,31
"S00106087",124,101,23
"S00106088",134,101,33
"S00106089",92,76,16
"S00106090",81,68,13
"S00106091",110,92,18
"S00106092",128,113,15
"S00106093",99,75,24
"S00106094",89,79,10
"S00106095",140,106,34
"S00106096",115,68,47
"S00106097",122,110,12
"S00106098",145,102,43
"S00106099",157,116,41
"S00106100",127,89,38
"S00106101",130,79,51
"S00106102",113,59,54
"S00106103",84,61,23
"S00106104",81,57,24
"S00106105",114,78,36
"S00106106",112,94,18
"S00106107",129,108,21
"S00106108",69,65,4
"S00106109",164,150,14
"S00106110",168,147,21
"S00106111",77,54,23
"S00106112",110,89,21
"S00106113",115,99,16
"S00106114",131,115,16
"S00106115",102,80,22
"S00106116",87,67,20
"S00106117",71,55,16
"S00106118",119,91,28
"S00106119",86,68,18
"S00106120",63,44,19
"S00106121",88,71,17
"S00106122",84,72,12
"S00106123",118,88,30
"S00106124",66,51,15
"S00106125",123,102,21
"S00106126",66,46,20
"S00106127",90,70,20
"S00106128",142,106,36
"S00106129",115,89,26
"S00106130",133,85,48
"S00106131",146,111,35
"S00106132",61,29,32
"S00106133",133,110,23
"S00106134",115,92,23
"S00106135",108,70,38
"S00106136",112,90,22
"S00106137",105,82,23
"S00106138",121,79,42
"S00106139",99,76,23
"S00106140",60,49,11
"S00106141",96,79,17
"S00106142",104,81,23
"S00106143",98,86,12
"S00106144",145,136,9
"S00106145",110,88,22
"S00106146",79,61,18
"S00106147",71,65,6
"S00106148",81,78,3
"S00106149",148,112,36
"S00106150",115,79,36
"S00106151",116,95,21
"S00106152",53,43,10
"S00106153",90,38,52
"S00106154",138,101,37
"S00106155",166,123,43
"S00106156",134,99,35
"S00106157",97,53,44
"S00106158",112,57,55
"S00106159",139,96,43
"S00106160",133,109,24
"S00106161",133,106,27
"S00106162",137,99,38
"S00106163",107,77,30
"S00106164",112,91,21
"S00106165",65,50,15
"S00106166",112,84,28
"S00106167",146,125,21
"S00106168",82,69,13
"S00106169",110,83,27
"S00106170",174,152,22
"S00106171",105,67,38
"S00106172",111,99,12
"S00106173",91,79,12
"S00106174",90,84,6
"S00106175",85,64,21
"S00106176",93,70,23
"S00106177",138,100,38
"S00106178",187,147,40
"S00106179",98,78,20
"S00106180",91,68,23
"S00106181",89,64,25
"S00106182",161,124,37
"S00106183",66,39,27
"S00106184",127,90,37
"S00106185",116,84,32
"S00106186",113,97,16
"S00106187",96,75,21
"S00106188",124,97,27
"S00106189",100,86,14
"S00106190",132,118,14
"S00106191",203,180,23
"S00106192",67,66,1
"S00106193",105,99,6
"S00106194",95,75,20
"S00106195",153,142,11
"S00106196",133,112,21
"S00106197",117,106,11
"S00106198",123,109,14
"S00106199",163,154,9
"S00106200",205,183,22
"S00106201",166,161,5
"S00106202",101,95,6
"S00106203",90,81,9
"S00106204",158,134,24
"S00106205",161,150,11
"S00106206",142,119,23
"S00106207",112,89,23
"S00106208",82,46,36
"S00106209",104,65,39
"S00106210",59,39,20
"S00106211",79,43,36
"S00106212",70,49,21
"S00106213",61,41,20
"S00106214",68,41,27
"S00106215",128,89,39
"S00106216",123,106,17
"S00106217",100,83,17
"S00106218",97,89,8
"S00106219",107,81,26
"S00106220",55,45,10
"S00106221",129,122,7
"S00106222",129,103,26
"S00106223",119,98,21
"S00106224",112,104,8
"S00106225",103,88,15
"S00106226",166,156,10
"S00106227",132,123,9
"S00106228",102,85,17
"S00106229",1863,1813,50
"S00106230",138,112,26
"S00106231",97,84,13
"S00106232",142,130,12
"S00106233",87,85,2
"S00106234",103,97,6
"S00106235",109,100,9
"S00106236",94,86,8
"S00106237",92,77,15
"S00106238",110,88,22
"S00106239",84,71,13
"S00106240",76,66,10
"S00106241",161,135,26
"S00106242",67,56,11
"S00106243",80,62,18
"S00106244",127,118,9
"S00106245",149,130,19
"S00106246",115,104,11
"S00106247",86,73,13
"S00106248",79,69,10
"S00106249",63,51,12
"S00106250",154,112,42
"S00106251",145,118,27
"S00106252",59,34,25
"S00106253",69,34,35
"S00106254",109,84,25
"S00106255",106,78,28
"S00106256",146,122,24
"S00106257",104,88,16
"S00106258",123,100,23
"S00106259",66,44,22
"S00106260",126,105,21
"S00106261",65,56,9
"S00106262",118,101,17
"S00106263",106,82,24
"S00106264",101,74,27
"S00106265",71,52,19
"S00106266",135,118,17
"S00106267",100,66,34
"S00106268",127,109,18
"S00106269",68,42,26
"S00106270",73,64,9
"S00106271",122,101,21
"S00106272",115,104,11
"S00106273",84,65,19
"S00106274",91,71,20
"S00106275",126,105,21
"S00106276",101,86,15
"S00106277",143,129,14
"S00106278",135,131,4
"S00106279",97,93,4
"S00106280",140,128,12
"S00106281",128,119,9
"S00106282",96,88,8
"S00106283",109,84,25
"S00106284",247,145,102
"S00106285",85,79,6
"S00106286",130,111,19
"S00106287",199,131,68
"S00106288",101,90,11
"S00106289",101,90,11
"S00106290",103,93,10
"S00106291",101,89,12
"S00106292",120,86,34
"S00106293",97,89,8
"S00106294",108,98,10
"S00106295",95,60,35
"S00106296",116,101,15
"S00106297",78,59,19
"S00106298",118,91,27
"S00106299",104,80,24
"S00106300",58,43,15
"S00106301",121,98,23
"S00106302",94,76,18
"S00106303",109,88,21
"S00106304",78,71,7
"S00106305",134,100,34
"S00106306",149,104,45
"S00106307",69,52,17
"S00106308",101,85,16
"S00106309",90,78,12
"S00106310",111,93,18
"S00106311",84,68,16
"S00106312",95,73,22
"S00106313",113,86,27
"S00106314",113,87,26
"S00106315",159,134,25
"S00106316",98,77,21
"S00106317",159,140,19
"S00106318",133,64,69
"S00106319",167,144,23
"S00106320",130,104,26
"S00106321",55,51,4
"S00106322",99,85,14
"S00106323",81,74,7
"S00106324",104,80,24
"S00106325",179,94,85
"S00106326",127,121,6
"S00106327",108,78,30
"S00106328",184,154,30
"S00106329",107,85,22
"S00106330",63,47,16
"S00106331",93,72,21
"S00106332",92,79,13
"S00106333",65,47,18
"S00106334",98,88,10
"S00106335",74,53,21
"S00106336",76,64,12
"S00106337",64,52,12
"S00106338",61,49,12
"S00106339",78,56,22
"S00106340",63,50,13
"S00106341",159,145,14
"S00106342",97,84,13
"S00106343",99,81,18
"S00106344",142,110,32
"S00106345",177,157,20
"S00106346",145,116,29
"S00106347",144,116,28
"S00106348",137,119,18
"S00106349",119,71,48
"S00106350",62,54,8
"S00106351",108,83,25
"S00106352",180,161,19
"S00106353",131,103,28
"S00106354",140,116,24
"S00106355",130,106,24
"S00106356",125,101,24
"S00106357",106,69,37
"S00106358",87,70,17
"S00106359",192,157,35
"S00106360",108,90,18
"S00106361",87,70,17
"S00106362",144,116,28
"S00106363",57,42,15
"S00106364",93,70,23
"S00106365",107,88,19
"S00106366",88,59,29
"S00106367",71,63,8
"S00106368",88,71,17
"S00106369",82,49,33
"S00106370",103,72,31
"S00106371",78,32,46
"S00106372",91,68,23
"S00106373",222,177,45
"S00106374",143,118,25
"S00106375",117,98,19
"S00106376",137,121,16
"S00106377",113,104,9
"S00106378",98,91,7
"S00106379",116,104,12
"S00106380",113,98,15
"S00106381",95,81,14
"S00106382",138,107,31
"S00106383",147,116,31
"S00106384",62,44,18
"S00106385",180,151,29
"S00106386",77,60,17
"S00106387",162,127,35
"S00106388",106,91,15
"S00106389",70,52,18
"S00106390",130,116,14
"S00106391",59,37,22
"S00106392",128,113,15
"S00106393",81,64,17
"S00106394",89,67,22
"S00106395",131,104,27
"S00106396",78,60,18
"S00106397",152,123,29
"S00106398",79,62,17
"S00106399",109,86,23
"S00106400",100,74,26
"S00106401",96,77,19
"S00106402",99,66,33
"S00106403",59,20,39
"S00106404",69,46,23
"S00106405",78,63,15
"S00106406",88,73,15
"S00106407",129,110,19
"S00106408",129,107,22
"S00106409",97,72,25
"S00106410",157,138,19
"S00106411",52,45,7
"S00106412",68,51,17
"S00106413",91,62,29
"S00106414",105,75,30
"S00106415",131,109,22
"S00106416",66,48,18
"S00106417",69,49,20
"S00106418",120,117,3
"S00106419",78,48,30
"S00106420",149,122,27
"S00106421",141,107,34
"S00106422",132,105,27
"S00106423",147,120,27
"S00106424",114,76,38
"S00106425",155,120,35
"S00106426",127,93,34
"S00106427",130,99,31
"S00106428",95,74,21
"S00106429",149,106,43
"S00106430",142,108,34
"S00106431",128,117,11
"S00106432",142,133,9
"S00106433",84,61,23
"S00106434",107,89,18
"S00106435",109,90,19
"S00106436",165,147,18
"S00106437",146,127,19
"S00106438",151,118,33
"S00106439",90,69,21
"S00106440",81,70,11
"S00106441",141,111,30
"S00106442",165,130,35
"S00106443",149,120,29
"S00106444",144,106,38
"S00106445",156,133,23
"S00106446",104,78,26
"S00106447",87,78,9
"S00106448",126,105,21
"S00106449",143,122,21
"S00106450",123,98,25
"S00106451",116,100,16
"S00106452",82,59,23
"S00106453",131,102,29
"S00106454",139,117,22
"S00106455",86,72,14
"S00106456",101,87,14
"S00106457",180,161,19
"S00106458",163,144,19
"S00106459",99,89,10
"S00106460",124,117,7
"S00106461",102,88,14
"S00106462",64,56,8
"S00106463",107,92,15
"S00106464",144,120,24
"S00106465",95,83,12
"S00106466",104,96,8
"S00106467",153,137,16
"S00106468",54,40,14
"S00106469",156,135,21
"S00106470",136,110,26
"S00106471",121,107,14
"S00106472",104,97,7
"S00106473",156,134,22
"S00106474",178,162,16
"S00106475",138,129,9
"S00106476",134,125,9
"S00106477",157,146,11
"S00106478",221,209,12
"S00106479",179,163,16
"S00106480",130,125,5
"S00106481",99,86,13
"S00106482",167,155,12
"S00106483",92,84,8
"S00106484",108,101,7
"S00106485",123,107,16
"S00106486",123,108,15
"S00106487",143,131,12
"S00106488",164,152,12
"S00106489",164,141,23
"S00106490",148,138,10
"S00106491",101,88,13
"S00106492",103,73,30
"S00106493",108,82,26
"S00106494",144,123,21
"S00106495",124,93,31
"S00106496",172,141,31
"S00106497",159,133,26
"S00106498",152,132,20
"S00106499",50,44,6
"S00106500",125,111,14
"S00106501",152,117,35
"S00106502",150,129,21
"S00106503",173,154,19
"S00106504",124,114,10
"S00106505",173,156,17
"S00106506",141,116,25
"S00106507",121,111,10
"S00106508",130,107,23
"S00106509",125,98,27
"S00106510",128,116,12
"S00106511",137,123,14
"S00106512",125,117,8
"S00106513",105,88,17
"S00106514",59,48,11
"S00106515",95,88,7
"S00106516",88,83,5
"S00106517",78,69,9
"S00106518",126,95,31
"S00106519",88,78,10
"S00106520",82,73,9
"S00106521",60,55,5
"S00106522",67,59,8
"S00106523",81,79,2
"S00106524",98,77,21
"S00106525",117,94,23
"S00106526",115,107,8
"S00106527",85,75,10
"S00106528",133,125,8
"S00106529",76,71,5
"S00106530",94,75,19
"S00106531",101,85,16
"S00106532",102,87,15
"S00106533",159,141,18
"S00106534",92,69,23
"S00106535",84,79,5
"S00106536",72,68,4
"S00106537",53,48,5
"S00106538",100,84,16
"S00106539",62,51,11
"S00106540",89,84,5
"S00106541",76,70,6
"S00106542",133,124,9
"S00106543",110,104,6
"S00106544",62,52,10
"S00106545",87,62,25
"S00106546",60,56,4
"S00106547",125,120,5
"S00106548",74,73,1
"S00106549",124,116,8
"S00106550",103,96,7
"S00106551",90,84,6
"S00106552",92,87,5
"S00106553",68,63,5
"S00106554",55,50,5
"S00106555",94,85,9
"S00106556",87,83,4
"S00106557",99,85,14
"S00106558",97,90,7
"S00106559",101,90,11
"S00106560",88,70,18
"S00106561",109,101,8
"S00106562",94,84,10
"S00106563",58,51,7
"S00106564",84,77,7
"S00106565",103,82,21
"S00106566",69,67,2
"S00106567",79,68,11
"S00106568",142,129,13
"S00106569",170,155,15
"S00106570",97,90,7
"S00106571",69,53,16
"S00106572",99,97,2
"S00106573",138,131,7
"S00106574",100,89,11
"S00106575",70,65,5
"S00106576",51,47,4
"S00106577",69,64,5
"S00106578",69,58,11
"S00106579",60,51,9
"S00106580",134,111,23
"S00106581",86,67,19
"S00106582",60,51,9
"S00106583",117,105,12
"S00106584",135,127,8
"S00106585",119,111,8
"S00106586",100,80,20
"S00106587",85,60,25
"S00106588",80,51,29
"S00106589",102,92,10
"S00106590",106,89,17
"S00106591",121,110,11
"S00106592",52,42,10
"S00106593",85,78,7
"S00106594",121,106,15
"S00106595",61,58,3
"S00106596",91,78,13
"S00106597",93,85,8
"S00106598",54,49,5
"S00106599",72,42,30
"S00106600",85,74,11
"S00106601",80,76,4
"S00106602",57,53,4
"S00106603",90,74,16
"S00106604",69,64,5
"S00106605",79,69,10
"S00106606",130,123,7
"S00106607",56,50,6
"S00106608",70,66,4
"S00106609",66,60,6
"S00106610",151,144,7
"S00106611",173,162,11
"S00106612",74,63,11
"S00106613",107,79,28
"S00106614",70,58,12
"S00106615",140,129,11
"S00106616",60,50,10
"S00106617",50,40,10
"S00106618",105,93,12
"S00106619",127,95,32
"S00106620",157,135,22
"S00106621",104,96,8
"S00106622",94,82,12
"S00106623",119,110,9
"S00106624",99,86,13
"S00106625",65,60,5
"S00106626",125,119,6
"S00106627",55,53,2
"S00106628",82,72,10
"S00106629",105,81,24
"S00106630",56,44,12
"S00106631",157,136,21
"S00106632",93,87,6
"S00106633",105,95,10
"S00106634",76,66,10
"S00106635",106,89,17
"S00106636",68,53,15
"S00106637",144,127,17
"S00106638",65,56,9
"S00106639",100,77,23
"S00106640",92,68,24
"S00106641",93,69,24
"S00106642",145,115,30
"S00106643",189,150,39
"S00106644",104,81,23
"S00106645",73,50,23
"S00106646",103,97,6
"S00106647",102,89,13
"S00106648",103,72,31
"S00106649",115,104,11
"S00106650",119,84,35
"S00106651",90,83,7
"S00106652",80,74,6
"S00106653",124,101,23
"S00106654",73,69,4
"S00106655",56,45,11
"S00106656",85,72,13
"S00106657",168,137,31
"S00106658",116,106,10
"S00106659",70,65,5
"S00106660",71,63,8
"S00106661",205,91,114
"S00106662",160,141,19
"S00106663",123,99,24
"S00106664",146,136,10
"S00106665",114,85,29
"S00106666",138,107,31
"S00106667",90,73,17
"S00106668",115,89,26
"S00106669",86,80,6
"S00106670",120,108,12
"S00106671",64,44,20
"S00106672",79,72,7
"S00106673",94,79,15
"S00106674",75,65,10
"S00106675",90,79,11
"S00106676",110,105,5
"S00106677",88,74,14
"S00106678",93,83,10
"S00106679",105,93,12
"S00106680",57,47,10
"S00106681",103,92,11
"S00106682",69,37,32
"S00106683",113,83,30
"S00106684",73,70,3
"S00106685",58,52,6
"S00106686",80,48,32
"S00106687",66,51,15
"S00106688",68,55,13
"S00106689",70,59,11
"S00106690",64,49,15
"S00106691",91,84,7
"S00106692",144,132,12
"S00106693",86,59,27
"S00106694",114,97,17
"S00106695",107,79,28
"S00106696",126,107,19
"S00106697",101,83,18
"S00106698",91,65,26
"S00106699",107,80,27
"S00106700",110,90,20
"S00106701",89,69,20
"S00106702",99,64,35
"S00106703",128,111,17
"S00106704",114,110,4
"S00106705",57,47,10
"S00106706",111,103,8
"S00106707",60,52,8
"S00106708",95,79,16
"S00106709",71,65,6
"S00106710",86,61,25
"S00106711",157,139,18
"S00106712",91,80,11
"S00106713",95,89,6
"S00106714",155,146,9
"S00106715",65,64,1
"S00106716",55,50,5
"S00106717",99,88,11
"S00106718",83,76,7
"S00106719",95,78,17
"S00106720",132,112,20
"S00106721",174,132,42
"S00106722",102,92,10
"S00106723",71,65,6
"S00106724",63,56,7
"S00106725",127,112,15
"S00106726",93,86,7
"S00106727",82,74,8
"S00106728",84,76,8
"S00106729",62,60,2
"S00106730",142,104,38
"S00106731",73,69,4
"S00106732",57,48,9
"S00106733",70,53,17
"S00106734",106,87,19
"S00106735",85,57,28
"S00106736",134,119,15
"S00106737",108,101,7
"S00106738",118,110,8
"S00106739",149,122,27
"S00106740",54,46,8
"S00106741",67,60,7
"S00106742",52,34,18
"S00106743",135,89,46
"S00106744",100,94,6
"S00106745",68,60,8
"S00106746",101,70,31
"S00106747",75,66,9
"S00106748",145,133,12
"S00106749",78,71,7
"S00106750",71,61,10
"S00106751",85,71,14
"S00106752",92,53,39
"S00106753",116,91,25
"S00106754",113,94,19
"S00106755",82,70,12
"S00106756",76,68,8
"S00106757",61,55,6
"S00106758",73,67,6
"S00106759",71,64,7
"S00106760",106,100,6
"S00106761",60,52,8
"S00106762",93,88,5
"S00106763",87,77,10
"S00106764",57,52,5
"S00106765",60,57,3
"S00106766",72,67,5
"S00106767",79,63,16
"S00106768",56,49,7
"S00106769",91,51,40
"S00106770",88,79,9
"S00106771",111,100,11
"S00106772",69,64,5
"S00106773",80,66,14
"S00106774",104,71,33
"S00106775",67,54,13
"S00106776",71,55,16
"S00106777",75,50,25
"S00106778",57,41,16
"S00106779",92,70,22
"S00106780",117,105,12
"S00106781",56,54,2
"S00106782",58,49,9
"S00106783",103,91,12
"S00106784",52,47,5
"S00106785",56,47,9
"S00106786",97,88,9
"S00106787",114,102,12
"S00106788",108,101,7
"S00106789",75,71,4
"S00106790",50,45,5
"S00106791",110,103,7
"S00106792",91,88,3
"S00106793",65,18,47
"S00106794",103,94,9
"S00106795",95,86,9
"S00106796",114,102,12
"S00106797",59,53,6
"S00106798",77,61,16
"S00106799",63,52,11
"S00106800",68,53,15
"S00106801",70,52,18
"S00106802",121,101,20
"S00106803",89,75,14
"S00106804",62,49,13
"S00106805",80,69,11
"S00106806",55,37,18
"S00106807",83,58,25
"S00106808",68,61,7
"S00106809",72,63,9
"S00106810",67,54,13
"S00106811",50,46,4
"S00106812",99,84,15
"S00106813",59,49,10
"S00106814",78,67,11
"S00106815",69,62,7
"S00106816",61,52,9
"S00106817",73,58,15
"S00106818",53,31,22
"S00106819",108,95,13
"S00106820",51,22,29
"S00106821",100,77,23
"S00106822",79,67,12
"S00106823",99,92,7
"S00106824",127,115,12
"S00106825",123,117,6
"S00106826",61,54,7
"S00106827",76,67,9
"S00106828",63,52,11
"S00106829",111,92,19
"S00106830",52,35,17
"S00106831",99,67,32
"S00106832",99,79,20
"S00106833",91,69,22
"S00106834",114,97,17
"S00106835",55,48,7
"S00106836",119,106,13
"S00106837",70,60,10
"S00106838",99,74,25
"S00106839",118,87,31
"S00106840",149,137,12
"S00106841",142,126,16
"S00106842",95,87,8
"S00106843",72,63,9
"S00106844",56,41,15
"S00106845",69,50,19
"S00106846",124,116,8
"S00106847",85,79,6
"S00106848",81,76,5
"S00106849",140,125,15
"S00106850",95,81,14
"S00106851",126,115,11
"S00106852",53,43,10
"S00106853",146,130,16
"S00106854",99,95,4
"S00106855",86,74,12
"S00106856",115,108,7
"S00106857",96,90,6
"S00106858",107,99,8
"S00106859",60,55,5
"S00106860",109,78,31
"S00106861",115,82,33
"S00106862",96,90,6
"S00106863",124,110,14
"S00106864",101,87,14
"S00106865",133,116,17
"S00106866",104,100,4
"S00106867",142,134,8
"S00106868",180,178,2
"S00106869",84,72,12
"S00106870",115,101,14
"S00106871",478,451,27
"S00106872",84,69,15
"S00106873",268,226,42
"S00106874",103,59,44
"S00106875",68,64,4
"S00106876",51,49,2
"S00106877",105,80,25
"S00106878",77,69,8
"S00106879",181,171,10
"S00106880",100,94,6
"S00106881",89,86,3
"S00106882",120,109,11
"S00106883",169,163,6
"S00106884",109,102,7
"S00106885",96,92,4
"S00106886",108,96,12
"S00106887",61,57,4
"S00106888",76,73,3
"S00106889",51,46,5
"S00106890",100,94,6
"S00106891",106,86,20
"S00106892",101,98,3
"S00106893",129,121,8
"S00106894",131,124,7
"S00106895",82,77,5
"S00106896",84,77,7
"S00106897",97,92,5
"S00106898",92,72,20
"S00106899",60,53,7
"S00106900",92,76,16
"S00106901",66,61,5
"S00106902",134,128,6
"S00106903",78,74,4
"S00106904",115,101,14
"S00106905",86,82,4
"S00106906",82,77,5
"S00106907",103,96,7
"S00106908",149,135,14
"S00106909",118,113,5
"S00106910",123,96,27
"S00106911",132,104,28
"S00106912",108,100,8
"S00106913",106,98,8
"S00106914",82,77,5
"S00106915",83,75,8
"S00106916",106,85,21
"S00106917",304,283,21
"S00106918",110,106,4
"S00106919",318,299,19
"S00106920",100,88,12
"S00106921",138,123,15
"S00106922",99,93,6
"S00106923",95,90,5
"S00106924",428,402,26
"S00106925",139,130,9
"S00106926",283,271,12
"S00106927",101,78,23
"S00106928",111,92,19
"S00106929",58,52,6
"S00106930",78,65,13
"S00106931",177,171,6
"S00106932",355,341,14
"S00106933",80,73,7
"S00106934",83,72,11
"S00106935",96,92,4
"S00106936",77,74,3
"S00106937",78,49,29
"S00106938",61,59,2
"S00106939",68,62,6
"S00106940",80,77,3
"S00106941",58,56,2
"S00106942",111,75,36
"S00106943",61,53,8
"S00106944",101,86,15
"S00106945",86,82,4
"S00106946",94,88,6
"S00106947",103,95,8
"S00106948",92,91,1
"S00106949",115,110,5
"S00106950",52,48,4
"S00106951",91,82,9
"S00106952",96,90,6
"S00106953",79,70,9
"S00106954",116,98,18
"S00106955",54,47,7
"S00106956",92,82,10
"S00106957",137,125,12
"S00106958",71,68,3
"S00106959",138,131,7
"S00106960",108,93,15
"S00106961",108,100,8
"S00106962",111,96,15
"S00106963",135,121,14
"S00106964",82,56,26
"S00106965",122,104,18
"S00106966",116,87,29
"S00106967",82,59,23
"S00106968",174,147,27
"S00106969",142,126,16
"S00106970",191,176,15
"S00106971",132,107,25
"S00106972",123,109,14
"S00106973",152,131,21
"S00106974",131,116,15
"S00106975",133,114,19
"S00106976",121,101,20
"S00106977",121,108,13
"S00106978",101,91,10
"S00106979",65,37,28
"S00106980",120,102,18
"S00106981",104,92,12
"S00106982",58,28,30
"S00106983",79,60,19
"S00106984",103,91,12
"S00106985",122,75,47
"S00106986",80,37,43
"S00106987",91,70,21
"S00106988",91,68,23
"S00106989",52,34,18
"S00106990",54,18,36
"S00106991",87,65,22
"S00106992",132,105,27
"S00106993",77,68,9
"S00106994",90,67,23
"S00106995",141,93,48
"S00106996",136,115,21
"S00106997",67,59,8
"S00106998",64,54,10
"S00106999",118,79,39
"S00107000",64,59,5
"S00107001",90,62,28
"S00107002",87,66,21
"S00107003",84,59,25
"S00107004",100,82,18
"S00107005",130,105,25
"S00107006",100,92,8
"S00107007",62,54,8
"S00107008",162,109,53
"S00107009",54,46,8
"S00107010",95,85,10
"S00107011",72,53,19
"S00107012",58,46,12
"S00107013",148,122,26
"S00107014",150,138,12
"S00107015",136,117,19
"S00107016",89,84,5
"S00107017",66,59,7
"S00107018",144,132,12
"S00107019",110,97,13
"S00107020",59,56,3
"S00107021",80,75,5
"S00107022",67,48,19
"S00107023",69,68,1
"S00107024",52,46,6
"S00107025",87,80,7
"S00107026",63,61,2
"S00107027",121,107,14
"S00107028",90,85,5
"S00107029",75,73,2
"S00107030",88,84,4
"S00107031",99,90,9
"S00107032",162,157,5
"S00107033",88,83,5
"S00107034",136,124,12
"S00107035",91,87,4
"S00107036",74,73,1
"S00107037",140,128,12
"S00107038",83,63,20
"S00107039",84,76,8
"S00107040",66,62,4
"S00107041",91,86,5
"S00107042",78,68,10
"S00107043",113,71,42
"S00107044",69,65,4
"S00107045",95,92,3
"S00107046",56,52,4
"S00107047",130,121,9
"S00107048",134,122,12
"S00107049",91,81,10
"S00107050",118,92,26
"S00107051",132,110,22
"S00107052",124,101,23
"S00107053",134,108,26
"S00107054",60,43,17
"S00107055",125,113,12
"S00107056",134,116,18
"S00107057",69,63,6
"S00107058",93,84,9
"S00107059",86,81,5
"S00107060",72,63,9
"S00107061",136,114,22
"S00107062",84,81,3
"S00107063",86,61,25
"S00107064",60,52,8
"S00107065",121,116,5
"S00107066",154,144,10
"S00107067",65,44,21
"S00107068",62,58,4
"S00107069",108,102,6
"S00107070",93,81,12
"S00107071",92,84,8
"S00107072",122,98,24
"S00107073",53,38,15
"S00107074",138,130,8
"S00107075",183,138,45
"S00107076",134,125,9
"S00107077",114,86,28
"S00107078",157,146,11
"S00107079",66,59,7
"S00107080",104,95,9
"S00107081",103,97,6
"S00107082",137,100,37
"S00107083",126,115,11
"S00107084",122,116,6
"S00107085",88,82,6
"S00107086",103,95,8
"S00107087",111,107,4
"S00107088",121,113,8
"S00107089",108,75,33
"S00107090",138,123,15
"S00107091",66,62,4
"S00107092",101,95,6
"S00107093",85,78,7
"S00107094",97,59,38
"S00107095",88,80,8
"S00107096",211,183,28
"S00107097",107,94,13
"S00107098",106,87,19
"S00107099",107,89,18
"S00107100",111,98,13
"S00107101",74,65,9
"S00107102",137,112,25
"S00107103",133,118,15
"S00107104",129,118,11
"S00107105",102,81,21
"S00107106",80,70,10
"S00107107",204,193,11
"S00107108",73,67,6
"S00107109",68,65,3
"S00107110",111,89,22
"S00107111",111,101,10
"S00107112",114,106,8
"S00107113",66,57,9
"S00107114",94,88,6
"S00107115",74,71,3
"S00107116",135,124,11
"S00107117",88,86,2
"S00107118",85,82,3
"S00107119",109,105,4
"S00107120",98,93,5
"S00107121",54,47,7
"S00107122",132,122,10
"S00107123",59,56,3
"S00107124",83,77,6
"S00107125",70,68,2
"S00107126",70,59,11
"S00107127",123,111,12
"S00107128",95,93,2
"S00107129",176,171,5
"S00107130",111,107,4
"S00107131",81,78,3
"S00107132",158,152,6
"S00107133",75,68,7
"S00107134",112,100,12
"S00107135",121,113,8
"S00107136",78,75,3
"S00107137",51,46,5
"S00107138",107,103,4
"S00107139",132,122,10
"S00107140",85,80,5
"S00107141",74,70,4
"S00107142",72,59,13
"S00107143",79,72,7
"S00107144",90,79,11
"S00107145",74,67,7
"S00107146",67,59,8
"S00107147",56,53,3
"S00107148",158,146,12
"S00107149",77,70,7
"S00107150",67,45,22
"S00107151",54,42,12
"S00107152",77,66,11
"S00107153",73,64,9
"S00107154",61,53,8
"S00107155",89,72,17
"S00107156",121,102,19
"S00107157",111,101,10
"S00107158",82,67,15
"S00107159",86,78,8
"S00107160",105,88,17
"S00107161",103,66,37
"S00107162",148,95,53
"S00107163",103,85,18
"S00107164",61,50,11
"S00107165",162,146,16
"S00107166",61,56,5
"S00107167",56,46,10
"S00107168",60,57,3
"S00107169",89,66,23
"S00107170",58,39,19
"S00107171",117,85,32
"S00107172",74,62,12
"S00107173",94,71,23
"S00107174",107,73,34
"S00107175",140,104,36
"S00107176",90,87,3
"S00107177",76,63,13
"S00107178",61,53,8
"S00107179",88,68,20
"S00107180",119,96,23
"S00107181",63,48,15
"S00107182",139,127,12
"S00107183",54,36,18
"S00107184",161,147,14
"S00107185",134,123,11
"S00107186",135,115,20
"S00107187",185,157,28
"S00107188",169,121,48
"S00107189",75,64,11
"S00107190",126,108,18
"S00107191",93,71,22
"S00107192",105,84,21
"S00107193",65,53,12
"S00107194",142,128,14
"S00107195",57,36,21
"S00107196",57,47,10
"S00107197",59,47,12
"S00107198",79,67,12
"S00107199",139,129,10
"S00107200",85,79,6
"S00107201",89,64,25
"S00107202",70,56,14
"S00107203",155,99,56
"S00107204",89,82,7
"S00107205",65,48,17
"S00107206",84,82,2
"S00107207",84,59,25
"S00107208",152,102,50
"S00107209",104,93,11
"S00107210",112,111,1
"S00107211",89,84,5
"S00107212",81,80,1
"S00107213",98,85,13
"S00107214",139,115,24
"S00107215",200,187,13
"S00107216",88,85,3
"S00107217",122,117,5
"S00107218",234,222,12
"S00107219",148,141,7
"S00107220",115,97,18
"S00107221",76,66,10
"S00107222",108,95,13
"S00107223",131,97,34
"S00107224",81,68,13
"S00107225",66,26,40
"S00107226",73,62,11
"S00107227",104,79,25
"S00107228",257,232,25
"S00107229",58,49,9
"S00107230",113,95,18
"S00107231",194,166,28
"S00107232",88,79,9
"S00107233",134,101,33
"S00107234",99,84,15
"S00107235",82,76,6
"S00107236",91,76,15
"S00107237",149,140,9
"S00107238",150,144,6
"S00107239",100,94,6
"S00107240",94,91,3
"S00107241",154,152,2
"S00107242",115,107,8
"S00107243",98,91,7
"S00107244",83,78,5
"S00107245",136,129,7
"S00107246",138,127,11
"S00107247",155,140,15
"S00107248",155,141,14
"S00107249",133,118,15
"S00107250",98,88,10
"S00107251",97,68,29
"S00107252",82,81,1
"S00107253",175,124,51
"S00107254",97,83,14
"S00107255",62,58,4
"S00107256",165,149,16
"S00107257",83,73,10
"S00107258",60,45,15
"S00107259",101,88,13
"S00107260",54,36,18
"S00107261",109,84,25
"S00107262",63,55,8
"S00107263",56,52,4
"S00107264",105,96,9
"S00107265",97,85,12
"S00107266",86,75,11
"S00107267",111,105,6
"S00107268",138,128,10
"S00107269",80,77,3
"S00107270",149,146,3
"S00107271",137,118,19
"S00107272",99,88,11
"S00107273",69,58,11
"S00107274",60,37,23
"S00107275",84,73,11
"S00107276",125,112,13
"S00107277",81,78,3
"S00107278",139,126,13
"S00107279",77,69,8
"S00107280",128,115,13
"S00107281",351,227,124
"S00107282",138,129,9
"S00107283",63,57,6
"S00107284",143,137,6
"S00107285",121,116,5
"S00107286",162,147,15
"S00107287",82,78,4
"S00107288",129,112,17
"S00107289",115,108,7
"S00107290",78,71,7
"S00107291",115,103,12
"S00107292",110,104,6
"S00107293",95,89,6
"S00107294",192,180,12
"S00107295",164,162,2
"S00107296",178,167,11
"S00107297",185,178,7
"S00107298",92,86,6
"S00107299",112,111,1
"S00107300",92,84,8
"S00107301",153,147,6
"S00107302",91,88,3
"S00107303",76,69,7
"S00107304",87,80,7
"S00107305",104,100,4
"S00107306",56,55,1
"S00107307",79,75,4
"S00107308",197,187,10
"S00107309",126,121,5
"S00107310",121,114,7
"S00107311",108,93,15
"S00107312",75,68,7
"S00107313",149,138,11
"S00107314",57,53,4
"S00107315",88,55,33
"S00107316",71,65,6
"S00107317",91,86,5
"S00107318",124,85,39
"S00107319",78,65,13
"S00107320",94,74,20
"S00107321",75,61,14
"S00107322",127,95,32
"S00107323",66,62,4
"S00107324",127,103,24
"S00107325",124,111,13
"S00107326",131,123,8
"S00107327",134,115,19
"S00107328",97,94,3
"S00107329",64,58,6
"S00107330",108,91,17
"S00107331",77,67,10
"S00107332",98,91,7
"S00107333",99,97,2
"S00107334",139,128,11
"S00107335",71,67,4
"S00107336",68,59,9
"S00107337",113,107,6
"S00107338",105,85,20
"S00107339",67,64,3
"S00107340",98,94,4
"S00107341",118,113,5
"S00107342",69,66,3
"S00107343",106,80,26
"S00107344",167,144,23
"S00107345",85,57,28
"S00107346",62,45,17
"S00107347",87,63,24
"S00107348",74,70,4
"S00107349",108,46,62
"S00107350",132,94,38
"S00107351",57,41,16
"S00107352",50,28,22
"S00107353",86,59,27
"S00107354",123,98,25
"S00107355",101,73,28
"S00107356",107,77,30
"S00107357",125,104,21
"S00107358",60,50,10
"S00107359",55,45,10
"S00107360",107,88,19
"S00107361",99,89,10
"S00107362",92,80,12
"S00107363",99,91,8
"S00107364",97,90,7
"S00107365",97,94,3
"S00107366",115,105,10
"S00107367",76,49,27
"S00107368",80,44,36
"S00107369",78,73,5
"S00107370",117,110,7
"S00107371",72,64,8
"S00107372",113,107,6
"S00107373",134,125,9
"S00107374",126,111,15
"S00107375",93,87,6
"S00107376",107,101,6
"S00107377",71,70,1
"S00107378",58,54,4
"S00107379",79,69,10
"S00107380",59,55,4
"S00107381",117,103,14
"S00107382",121,103,18
"S00107383",65,57,8
"S00107384",194,112,82
"S00107385",104,93,11
"S00107386",110,104,6
"S00107387",55,47,8
"S00107388",107,94,13
"S00107389",63,52,11
"S00107390",87,79,8
"S00107391",119,105,14
"S00107392",82,71,11
"S00107393",110,101,9
"S00107394",133,121,12
"S00107395",92,85,7
"S00107396",145,130,15
"S00107397",54,49,5
"S00107398",113,101,12
"S00107399",56,50,6
"S00107400",92,85,7
"S00107401",73,68,5
"S00107402",183,168,15
"S00107403",126,117,9
"S00107404",82,71,11
"S00107405",117,109,8
"S00107406",111,106,5
"S00107407",156,141,15
"S00107408",122,102,20
"S00107409",169,160,9
"S00107410",115,95,20
"S00107411",146,142,4
"S00107412",83,61,22
"S00107413",98,77,21
"S00107414",64,54,10
"S00107415",92,71,21
"S00107416",84,66,18
"S00107417",145,126,19
"S00107418",83,37,46
"S00107419",265,262,3
"S00107420",202,180,22
"S00107421",124,115,9
"S00107422",267,257,10
"S00107423",125,115,10
"S00107424",74,67,7
"S00107425",66,61,5
"S00107426",88,84,4
"S00107427",145,138,7
"S00107428",85,77,8
"S00107429",72,53,19
"S00107430",106,90,16
"S00107431",121,96,25
"S00107432",122,92,30
"S00107433",104,84,20
"S00107434",54,50,4
"S00107435",160,155,5
"S00107436",125,120,5
"S00107437",101,95,6
"S00107438",211,174,37
"S00107439",82,51,31
"S00107440",165,125,40
"S00107441",190,161,29
"S00107442",57,38,19
"S00107443",105,77,28
"S00107444",279,251,28
"S00107445",66,57,9
"S00107446",68,64,4
"S00107447",60,49,11
"S00107448",181,147,34
"S00107449",122,103,19
"S00107450",150,135,15
"S00107451",113,102,11
"S00107452",110,101,9
"S00107453",150,138,12
"S00107454",223,209,14
"S00107455",82,64,18
"S00107456",80,71,9
"S00107457",115,106,9
"S00107458",140,130,10
"S00107459",125,98,27
"S00107460",95,89,6
"S00107461",85,70,15
"S00107462",88,77,11
"S00107463",179,163,16
"S00107464",132,117,15
"S00107465",143,135,8
"S00107466",164,145,19
"S00107467",84,79,5
"S00107468",64,51,13
"S00107469",91,76,15
"S00107470",82,68,14
"S00107471",114,111,3
"S00107472",93,82,11
"S00107473",99,88,11
"S00107474",92,85,7
"S00107475",119,111,8
"S00107476",92,71,21
"S00107477",54,22,32
"S00107478",96,89,7
"S00107479",123,111,12
"S00107480",94,80,14
"S00107481",111,104,7
"S00107482",145,124,21
"S00107483",150,139,11
"S00107484",79,68,11
"S00107485",114,62,52
"S00107486",68,27,41
"S00107487",139,119,20
"S00107488",256,164,92
"S00107489",122,104,18
"S00107490",88,67,21
"S00107491",143,120,23
"S00107492",93,80,13
"S00107493",148,123,25
"S00107494",70,49,21
"S00107495",93,75,18
"S00107496",189,145,44
"S00107497",106,75,31
"S00107498",66,50,16
"S00107499",114,79,35
"S00107500",109,96,13
"S00107501",160,127,33
"S00107502",54,36,18
"S00107503",127,101,26
"S00107504",80,59,21
"S00107505",166,137,29
"S00107506",109,86,23
"S00107507",162,136,26
"S00107508",153,140,13
"S00107509",130,121,9
"S00107510",69,59,10
"S00107511",102,90,12
"S00107512",141,93,48
"S00107513",90,69,21
"S00107514",144,111,33
"S00107515",69,65,4
"S00107516",85,77,8
"S00107517",92,59,33
"S00107518",187,169,18
"S00107519",100,90,10
"S00107520",197,181,16
"S00107521",136,121,15
"S00107522",126,115,11
"S00107523",187,176,11
"S00107524",173,146,27
"S00107525",160,146,14
"S00107526",111,93,18
"S00107527",61,41,20
"S00107528",79,72,7
"S00107529",100,91,9
"S00107530",200,187,13
"S00107531",109,100,9
"S00107532",117,108,9
"S00107533",126,111,15
"S00107534",179,172,7
"S00107535",148,122,26
"S00107536",89,78,11
"S00107537",117,87,30
"S00107538",67,42,25
"S00107539",82,70,12
"S00107540",119,110,9
"S00107541",127,105,22
"S00107542",157,143,14
"S00107543",154,138,16
"S00107544",141,127,14
"S00107545",103,93,10
"S00107546",147,139,8
"S00107547",155,144,11
"S00107548",86,53,33
"S00107549",68,60,8
"S00107550",164,149,15
"S00107551",57,51,6
"S00107552",170,142,28
"S00107553",66,61,5
"S00107554",153,142,11
"S00107555",146,118,28
"S00107556",95,71,24
"S00107557",112,102,10
"S00107558",121,108,13
"S00107559",151,126,25
"S00107560",116,93,23
"S00107561",148,125,23
"S00107562",89,73,16
"S00107563",150,128,22
"S00107564",68,63,5
"S00107565",136,125,11
"S00107566",142,119,23
"S00107567",63,58,5
"S00107568",123,111,12
"S00107569",156,123,33
"S00107570",247,241,6
"S00107571",181,172,9
"S00107572",87,78,9
"S00107573",176,169,7
"S00107574",166,144,22
"S00107575",108,100,8
"S00107576",133,115,18
"S00107577",109,98,11
"S00107578",164,159,5
"S00107579",144,139,5
"S00107580",85,71,14
"S00107581",73,63,10
"S00107582",156,143,13
"S00107583",118,105,13
"S00107584",74,69,5
"S00107585",87,78,9
"S00107586",151,116,35
"S00107587",65,51,14
"S00107588",94,82,12
"S00107589",117,100,17
"S00107590",122,113,9
"S00107591",80,67,13
"S00107592",98,87,11
"S00107593",140,120,20
"S00107594",128,120,8
"S00107595",86,81,5
"S00107596",82,75,7
"S00107597",108,103,5
"S00107598",73,56,17
"S00107599",125,114,11
"S00107600",93,82,11
"S00107601",125,109,16
"S00107602",102,91,11
"S00107603",145,143,2
"S00107604",263,249,14
"S00107605",261,249,12
"S00107606",145,141,4
"S00107607",104,54,50
"S00107608",104,42,62
"S00107609",100,53,47
"S00107610",145,113,32
"S00107611",111,86,25
"S00107612",88,81,7
"S00107613",176,159,17
"S00107614",84,75,9
"S00107615",92,77,15
"S00107616",94,88,6
"S00107617",199,184,15
"S00107618",98,87,11
"S00107619",190,176,14
"S00107620",105,97,8
"S00107621",89,77,12
"S00107622",87,62,25
"S00107623",79,77,2
"S00107624",103,90,13
"S00107625",121,105,16
"S00107626",112,101,11
"S00107627",101,92,9
"S00107628",153,144,9
"S00107629",76,65,11
"S00107630",113,79,34
"S00107631",130,119,11
"S00107632",117,99,18
"S00107633",123,104,19
"S00107634",85,75,10
"S00107635",132,115,17
"S00107636",98,92,6
"S00107637",147,137,10
"S00107638",102,96,6
"S00107639",70,57,13
"S00107640",89,77,12
"S00107641",159,128,31
"S00107642",124,114,10
"S00107643",145,115,30
"S00107644",253,243,10
"S00107645",224,218,6
"S00107646",86,78,8
"S00107647",99,84,15
"S00107648",87,79,8
"S00107649",111,75,36
"S00107650",137,128,9
"S00107651",221,211,10
"S00107652",137,124,13
"S00107653",124,103,21
"S00107654",110,76,34
"S00107655",61,54,7
"S00107656",107,101,6
"S00107657",199,189,10
"S00107658",132,126,6
"S00107659",77,70,7
"S00107660",72,58,14
"S00107661",126,98,28
"S00107662",223,206,17
"S00107663",213,174,39
"S00107664",207,201,6
"S00107665",180,176,4
"S00107666",140,130,10
"S00107667",175,165,10
"S00107668",211,205,6
"S00107669",173,164,9
"S00107670",130,124,6
"S00107671",151,143,8
"S00107672",84,79,5
"S00107673",121,109,12
"S00107674",130,107,23
"S00107675",113,74,39
"S00107676",169,132,37
"S00107677",112,94,18
"S00107678",79,58,21
"S00107679",127,96,31
"S00107680",118,98,20
"S00107681",145,109,36
"S00107682",88,70,18
"S00107683",67,60,7
"S00107684",140,119,21
"S00107685",128,85,43
"S00107686",87,63,24
"S00107687",157,114,43
"S00107688",117,89,28
"S00107689",157,126,31
"S00107690",98,71,27
"S00107691",111,74,37
"S00107692",124,97,27
"S00107693",81,56,25
"S00107694",172,141,31
"S00107695",172,142,30
"S00107696",114,89,25
"S00107697",85,67,18
"S00107698",123,106,17
"S00107699",144,124,20
"S00107700",169,124,45
"S00107701",171,129,42
"S00107702",103,96,7
"S00107703",59,45,14
"S00107704",92,81,11
"S00107705",54,33,21
"S00107706",103,84,19
"S00107707",89,77,12
"S00107708",116,94,22
"S00107709",116,97,19
"S00107710",92,66,26
"S00107711",84,75,9
"S00107712",83,75,8
"S00107713",156,133,23
"S00107714",185,153,32
"S00107715",128,99,29
"S00107716",165,123,42
"S00107717",209,198,11
"S00107718",122,104,18
"S00107719",133,102,31
"S00107720",96,76,20
"S00107721",120,92,28
"S00107722",97,64,33
"S00107723",94,73,21
"S00107724",129,102,27
"S00107725",124,93,31
"S00107726",91,65,26
"S00107727",114,97,17
"S00107728",113,108,5
"S00107729",202,182,20
"S00107730",105,84,21
"S00107731",141,119,22
"S00107732",103,84,19
"S00107733",74,59,15
"S00107734",78,62,16
"S00107735",165,150,15
"S00107736",68,59,9
"S00107737",102,90,12
"S00107738",56,22,34
"S00107739",56,26,30
"S00107740",51,20,31
"S00107741",50,32,18
"S00107742",53,26,27
"S00107743",51,32,19
"S00107744",54,28,26
"S00107745",53,25,28
"S00107746",57,28,29
"S00107747",53,25,28
"S00107748",53,24,29
"S00107749",56,26,30
"S00107750",53,25,28
"S00107751",51,22,29
"S00107752",70,48,22
"S00107753",53,42,11
"S00107754",151,129,22
"S00107755",55,44,11
"S00107756",106,82,24
"S00107757",154,114,40
"S00107758",136,107,29
"S00107759",70,49,21
"S00107760",98,91,7
"S00107761",150,123,27
"S00107762",102,91,11
"S00107763",145,121,24
"S00107764",107,88,19
"S00107765",129,105,24
"S00107766",148,116,32
"S00107767",227,173,54
"S00107768",173,138,35
"S00107769",129,110,19
"S00107770",95,65,30
"S00107771",97,73,24
"S00107772",130,105,25
"S00107773",177,148,29
"S00107774",141,117,24
"S00107775",120,96,24
"S00107776",85,66,19
"S00107777",178,141,37
"S00107778",127,105,22
"S00107779",160,98,62
"S00107780",143,105,38
"S00107781",71,35,36
"S00107782",82,58,24
"S00107783",73,49,24
"S00107784",61,43,18
"S00107785",113,86,27
"S00107786",153,95,58
"S00107787",124,86,38
"S00107788",120,100,20
"S00107789",114,83,31
"S00107790",146,97,49
"S00107791",115,75,40
"S00107792",95,63,32
"S00107793",128,102,26
"S00107794",122,94,28
"S00107795",120,98,22
"S00107796",88,74,14
"S00107797",79,67,12
"S00107798",100,81,19
"S00107799",59,23,36
"S00107800",117,81,36
"S00107801",93,87,6
"S00107802",63,45,18
"S00107803",50,18,32
"S00107804",111,96,15
"S00107805",162,124,38
"S00107806",128,101,27
"S00107807",55,46,9
"S00107808",61,50,11
"S00107809",83,64,19
"S00107810",96,79,17
"S00107811",160,125,35
"S00107812",159,132,27
"S00107813",120,95,25
"S00107814",94,79,15
"S00107815",93,75,18
"S00107816",121,112,9
"S00107817",91,79,12
"S00107818",117,100,17
"S00107819",84,65,19
"S00107820",84,73,11
"S00107821",114,93,21
"S00107822",91,67,24
"S00107823",98,73,25
"S00107824",115,98,17
"S00107825",91,82,9
"S00107826",111,97,14
"S00107827",99,85,14
"S00107828",131,121,10
"S00107829",102,92,10
"S00107830",98,86,12
"S00107831",125,108,17
"S00107832",98,80,18
"S00107833",151,126,25
"S00107834",79,47,32
"S00107835",66,55,11
"S00107836",132,93,39
"S00107837",97,85,12
"S00107838",140,115,25
"S00107839",142,111,31
"S00107840",178,163,15
"S00107841",106,93,13
"S00107842",110,102,8
"S00107843",128,106,22
"S00107844",83,75,8
"S00107845",70,60,10
"S00107846",95,85,10
"S00107847",102,84,18
"S00107848",109,103,6
"S00107849",155,131,24
"S00107850",102,90,12
"S00107851",106,84,22
"S00107852",115,97,18
"S00107853",107,85,22
"S00107854",136,117,19
"S00107855",77,64,13
"S00107856",124,112,12
"S00107857",99,86,13
"S00107858",81,64,17
"S00107859",93,68,25
"S00107860",88,66,22
"S00107861",86,56,30
"S00107862",80,56,24
"S00107863",121,108,13
"S00107864",114,98,16
"S00107865",119,101,18
"S00107866",96,79,17
"S00107867",140,99,41
"S00107868",56,33,23
"S00107869",135,99,36
"S00107870",141,112,29
"S00107871",92,73,19
"S00107872",99,74,25
"S00107873",85,73,12
"S00107874",111,85,26
"S00107875",86,60,26
"S00107876",59,41,18
"S00107877",116,99,17
"S00107878",58,34,24
"S00107879",67,58,9
"S00107880",148,125,23
"S00107881",71,55,16
"S00107882",61,44,17
"S00107883",92,71,21
"S00107884",125,106,19
"S00107885",123,97,26
"S00107886",154,124,30
"S00107887",140,134,6
"S00107888",148,142,6
"S00107889",163,133,30
"S00107890",83,35,48
"S00107891",91,63,28
"S00107892",85,60,25
"S00107893",97,72,25
"S00107894",70,62,8
"S00107895",74,54,20
"S00107896",60,41,19
"S00107897",98,78,20
"S00107898",50,35,15
"S00107899",72,61,11
"S00107900",64,44,20
"S00107901",88,59,29
"S00107902",72,53,19
"S00107903",108,87,21
"S00107904",93,72,21
"S00107905",127,94,33
"S00107906",80,69,11
"S00107907",85,78,7
"S00107908",65,59,6
"S00107909",144,128,16
"S00107910",122,111,11
"S00107911",90,71,19
"S00107912",129,113,16
"S00107913",76,62,14
"S00107914",132,97,35
"S00107915",76,57,19
"S00107916",110,84,26
"S00107917",74,49,25
"S00107918",131,114,17
"S00107919",109,84,25
"S00107920",67,47,20
"S00107921",51,47,4
"S00107922",127,112,15
"S00107923",140,114,26
"S00107924",102,85,17
"S00107925",107,77,30
"S00107926",114,86,28
"S00107927",101,80,21
"S00107928",184,150,34
"S00107929",178,145,33
"S00107930",172,143,29
"S00107931",123,94,29
"S00107932",99,78,21
"S00107933",120,94,26
"S00107934",129,91,38
"S00107935",106,75,31
"S00107936",99,70,29
"S00107937",135,126,9
"S00107938",100,72,28
"S00107939",179,134,45
"S00107940",108,73,35
"S00107941",100,58,42
"S00107942",168,156,12
"S00107943",123,115,8
"S00107944",129,118,11
"S00107945",78,71,7
"S00107946",68,66,2
"S00107947",107,107,0
"S00107948",139,110,29
"S00107949",88,78,10
"S00107950",75,72,3
"S00107951",148,116,32
"S00107952",108,78,30
"S00107953",91,71,20
"S00107954",118,80,38
"S00107955",93,83,10
"S00107956",70,61,9
"S00107957",96,81,15
"S00107958",79,44,35
"S00107959",127,93,34
"S00107960",175,141,34
"S00107961",88,63,25
"S00107962",94,71,23
"S00107963",113,97,16
"S00107964",124,91,33
"S00107965",109,83,26
"S00107966",83,66,17
"S00107967",134,110,24
"S00107968",121,91,30
"S00107969",149,117,32
"S00107970",84,68,16
"S00107971",109,87,22
"S00107972",119,91,28
"S00107973",94,78,16
"S00107974",99,71,28
"S00107975",74,57,17
"S00107976",60,49,11
"S00107977",97,59,38
"S00107978",56,35,21
"S00107979",91,66,25
"S00107980",76,52,24
"S00107981",96,72,24
"S00107982",92,61,31
"S00107983",117,85,32
"S00107984",125,95,30
"S00107985",96,67,29
"S00107986",106,73,33
"S00107987",76,52,24
"S00107988",83,53,30
"S00107989",94,72,22
"S00107990",101,74,27
"S00107991",127,97,30
"S00107992",109,88,21
"S00107993",101,86,15
"S00107994",102,74,28
"S00107995",96,86,10
"S00107996",107,78,29
"S00107997",100,80,20
"S00107998",104,83,21
"S00107999",102,75,27
"S00108000",60,44,16
"S00108001",164,125,39
"S00108002",89,72,17
"S00108003",124,92,32
"S00108004",168,132,36
"S00108005",116,100,16
"S00108006",101,79,22
"S00108007",107,79,28
"S00108008",60,46,14
"S00108009",118,97,21
"S00108010",120,90,30
"S00108011",126,98,28
"S00108012",120,104,16
"S00108013",104,85,19
"S00108014",104,78,26
"S00108015",109,89,20
"S00108016",87,67,20
"S00108017",125,97,28
"S00108018",127,94,33
"S00108019",146,109,37
"S00108020",134,95,39
"S00108021",107,77,30
"S00108022",78,57,21
"S00108023",132,110,22
"S00108024",116,92,24
"S00108025",105,72,33
"S00108026",170,144,26
"S00108027",81,56,25
"S00108028",111,100,11
"S00108029",101,66,35
"S00108030",182,166,16
"S00108031",119,95,24
"S00108032",78,68,10
"S00108033",96,82,14
"S00108034",91,74,17
"S00108035",137,121,16
"S00108036",62,46,16
"S00108037",132,107,25
"S00108038",101,69,32
"S00108039",102,74,28
"S00108040",181,148,33
"S00108041",84,65,19
"S00108042",116,91,25
"S00108043",158,125,33
"S00108044",57,32,25
"S00108045",104,76,28
"S00108046",117,96,21
"S00108047",140,112,28
"S00108048",144,121,23
"S00108049",95,63,32
"S00108050",100,72,28
"S00108051",70,50,20
"S00108052",147,119,28
"S00108053",143,126,17
"S00108054",120,96,24
"S00108055",91,75,16
"S00108056",132,100,32
"S00108057",177,136,41
"S00108058",80,46,34
"S00108059",115,88,27
"S00108060",103,84,19
"S00108061",130,99,31
"S00108062",116,94,22
"S00108063",54,32,22
"S00108064",93,59,34
"S00108065",51,31,20
"S00108066",136,108,28
"S00108067",92,78,14
"S00108068",79,58,21
"S00108069",74,55,19
"S00108070",64,45,19
"S00108071",64,53,11
"S00108072",78,65,13
"S00108073",84,61,23
"S00108074",113,85,28
"S00108075",94,68,26
"S00108076",92,71,21
"S00108077",128,108,20
"S00108078",124,95,29
"S00108079",117,71,46
"S00108080",128,91,37
"S00108081",103,84,19
"S00108082",167,140,27
"S00108083",102,86,16
"S00108084",91,80,11
"S00108085",116,97,19
"S00108086",118,95,23
"S00108087",132,104,28
"S00108088",146,134,12
"S00108089",56,39,17
"S00108090",117,103,14
"S00108091",109,87,22
"S00108092",163,132,31
"S00108093",91,74,17
"S00108094",96,81,15
"S00108095",60,42,18
"S00108096",145,119,26
"S00108097",95,63,32
"S00108098",92,69,23
"S00108099",68,45,23
"S00108100",109,91,18
"S00108101",117,90,27
"S00108102",102,86,16
"S00108103",95,66,29
"S00108104",126,101,25
"S00108105",122,105,17
"S00108106",108,86,22
"S00108107",96,73,23
"S00108108",113,100,13
"S00108109",60,47,13
"S00108110",117,93,24
"S00108111",90,76,14
"S00108112",111,85,26
"S00108113",83,69,14
"S00108114",142,112,30
"S00108115",104,88,16
"S00108116",165,132,33
"S00108117",134,97,37
"S00108118",135,90,45
"S00108119",66,57,9
"S00108120",88,66,22
"S00108121",85,69,16
"S00108122",127,109,18
"S00108123",126,101,25
"S00108124",68,59,9
"S00108125",62,56,6
"S00108126",79,67,12
"S00108127",121,92,29
"S00108128",105,78,27
"S00108129",126,109,17
"S00108130",116,91,25
"S00108131",105,81,24
"S00108132",102,75,27
"S00108133",165,160,5
"S00108134",67,44,23
"S00108135",89,72,17
"S00108136",103,88,15
"S00108137",63,49,14
"S00108138",178,162,16
"S00108139",148,97,51
"S00108140",96,77,19
"S00108141",115,97,18
"S00108142",120,102,18
"S00108143",190,174,16
"S00108144",101,83,18
"S00108145",130,113,17
"S00108146",152,141,11
"S00108147",187,175,12
"S00108148",154,150,4
"S00108149",264,259,5
"S00108150",141,133,8
"S00108151",95,79,16
"S00108152",108,94,14
"S00108153",126,103,23
"S00108154",194,160,34
"S00108155",163,133,30
"S00108156",129,99,30
"S00108157",118,111,7
"S00108158",100,81,19
"S00108159",157,141,16
"S00108160",142,123,19
"S00108161",94,81,13
"S00108162",130,119,11
"S00108163",110,95,15
"S00108164",169,143,26
"S00108165",91,84,7
"S00108166",118,108,10
"S00108167",133,83,50
"S00108168",170,142,28
"S00108169",106,93,13
"S00108170",147,99,48
"S00108171",74,60,14
"S00108172",99,68,31
"S00108173",93,71,22
"S00108174",83,72,11
"S00108175",123,119,4
"S00108176",81,76,5
"S00108177",132,109,23
"S00108178",152,118,34
"S00108179",127,111,16
"S00108180",126,97,29
"S00108181",184,159,25
"S00108182",127,120,7
"S00108183",115,108,7
"S00108184",106,99,7
"S00108185",136,123,13
"S00108186",148,136,12
"S00108187",145,127,18
"S00108188",142,125,17
"S00108189",53,45,8
"S00108190",95,64,31
"S00108191",116,101,15
"S00108192",117,90,27
"S00108193",64,59,5
"S00108194",199,183,16
"S00108195",78,66,12
"S00108196",84,70,14
"S00108197",132,115,17
"S00108198",110,94,16
"S00108199",112,110,2
"S00108200",55,24,31
"S00108201",113,88,25
"S00108202",103,88,15
"S00108203",123,99,24
"S00108204",120,95,25
"S00108205",110,91,19
"S00108206",145,107,38
"S00108207",148,112,36
"S00108208",63,39,24
"S00108209",56,49,7
"S00108210",116,74,42
"S00108211",109,81,28
"S00108212",102,70,32
"S00108213",93,78,15
"S00108214",71,61,10
"S00108215",68,56,12
"S00108216",104,94,10
"S00108217",190,166,24
"S00108218",91,75,16
"S00108219",105,93,12
"S00108220",154,124,30
"S00108221",175,150,25
"S00108222",64,40,24
"S00108223",55,35,20
"S00108224",91,74,17
"S00108225",151,136,15
"S00108226",96,80,16
"S00108227",112,100,12
"S00108228",112,105,7
"S00108229",120,105,15
"S00108230",157,136,21
"S00108231",96,86,10
"S00108232",91,69,22
"S00108233",154,101,53
"S00108234",123,99,24
"S00108235",110,89,21
"S00108236",108,84,24
"S00108237",190,146,44
"S00108238",217,170,47
"S00108239",143,134,9
"S00108240",119,93,26
"S00108241",128,99,29
"S00108242",136,104,32
"S00108243",148,113,35
"S00108244",153,118,35
"S00108245",188,155,33
"S00108246",100,70,30
"S00108247",179,144,35
"S00108248",124,100,24
"S00108249",152,138,14
"S00108250",106,79,27
"S00108251",175,143,32
"S00108252",93,66,27
"S00108253",133,125,8
"S00108254",177,171,6
"S00108255",135,128,7
"S00108256",112,87,25
"S00108257",178,167,11
"S00108258",186,95,91
"S00108259",89,60,29
"S00108260",122,104,18
"S00108261",117,97,20
"S00108262",125,120,5
"S00108263",113,77,36
"S00108264",131,104,27
"S00108265",89,65,24
"S00108266",113,94,19
"S00108267",56,48,8
"S00108268",52,45,7
"S00108269",102,62,40
"S00108270",122,109,13
"S00108271",125,112,13
"S00108272",137,107,30
"S00108273",144,124,20
"S00108274",121,100,21
"S00108275",139,118,21
"S00108276",89,69,20
"S00108277",131,94,37
"S00108278",141,106,35
"S00108279",123,94,29
"S00108280",143,127,16
"S00108281",134,97,37
"S00108282",108,80,28
"S00108283",84,68,16
"S00108284",141,100,41
"S00108285",156,132,24
"S00108286",142,124,18
"S00108287",149,139,10
"S00108288",141,117,24
"S00108289",61,45,16
"S00108290",86,61,25
"S00108291",82,77,5
"S00108292",102,98,4
"S00108293",108,89,19
"S00108294",131,114,17
"S00108295",100,74,26
"S00108296",118,105,13
"S00108297",108,92,16
"S00108298",70,50,20
"S00108299",95,76,19
"S00108300",192,176,16
"S00108301",127,97,30
"S00108302",86,72,14
"S00108303",87,77,10
"S00108304",132,122,10
"S00108305",198,181,17
"S00108306",101,87,14
"S00108307",131,120,11
"S00108308",102,93,9
"S00108309",130,116,14
"S00108310",88,78,10
"S00108311",91,80,11
"S00108312",106,97,9
"S00108313",119,96,23
"S00108314",148,105,43
"S00108315",176,135,41
"S00108316",99,70,29
"S00108317",112,89,23
"S00108318",131,95,36
"S00108319",137,100,37
"S00108320",115,94,21
"S00108321",103,80,23
"S00108322",124,91,33
"S00108323",155,129,26
"S00108324",145,103,42
"S00108325",77,64,13
"S00108326",186,155,31
"S00108327",114,95,19
"S00108328",78,62,16
"S00108329",123,105,18
"S00108330",136,112,24
"S00108331",147,112,35
"S00108332",140,112,28
"S00108333",161,138,23
"S00108334",69,48,21
"S00108335",117,85,32
"S00108336",132,114,18
"S00108337",89,56,33
"S00108338",172,147,25
"S00108339",218,209,9
"S00108340",103,92,11
"S00108341",102,90,12
"S00108342",129,113,16
"S00108343",144,91,53
"S00108344",62,42,20
"S00108345",83,64,19
"S00108346",165,122,43
"S00108347",149,105,44
"S00108348",167,129,38
"S00108349",147,124,23
"S00108350",118,101,17
"S00108351",108,99,9
"S00108352",113,95,18
"S00108353",67,41,26
"S00108354",104,69,35
"S00108355",58,43,15
"S00108356",70,45,25
"S00108357",111,89,22
"S00108358",103,81,22
"S00108359",162,131,31
"S00108360",147,123,24
"S00108361",121,91,30
"S00108362",119,99,20
"S00108363",172,121,51
"S00108364",144,110,34
"S00108365",161,121,40
"S00108366",173,133,40
"S00108367",158,117,41
"S00108368",99,79,20
"S00108369",130,96,34
"S00108370",103,78,25
"S00108371",142,122,20
"S00108372",93,85,8
"S00108373",129,119,10
"S00108374",61,47,14
"S00108375",102,81,21
"S00108376",63,57,6
"S00108377",148,137,11
"S00108378",155,137,18
"S00108379",174,162,12
"S00108380",135,109,26
"S00108381",128,115,13
"S00108382",127,111,16
"S00108383",119,85,34
"S00108384",105,94,11
"S00108385",131,94,37
"S00108386",110,82,28
"S00108387",104,86,18
"S00108388",191,162,29
"S00108389",108,95,13
"S00108390",77,55,22
"S00108391",120,110,10
"S00108392",106,84,22
"S00108393",104,84,20
"S00108394",89,78,11
"S00108395",99,75,24
"S00108396",165,158,7
"S00108397",122,112,10
"S00108398",172,144,28
"S00108399",135,111,24
"S00108400",140,113,27
"S00108401",140,111,29
"S00108402",118,100,18
"S00108403",126,123,3
"S00108404",106,91,15
"S00108405",68,47,21
"S00108406",134,107,27
"S00108407",81,59,22
"S00108408",81,61,20
"S00108409",162,126,36
"S00108410",145,126,19
"S00108411",98,82,16
"S00108412",200,146,54
"S00108413",198,161,37
"S00108414",156,117,39
"S00108415",98,70,28
"S00108416",152,130,22
"S00108417",87,65,22
"S00108418",86,54,32
"S00108419",109,85,24
"S00108420",150,119,31
"S00108421",122,96,26
"S00108422",70,53,17
"S00108423",50,46,4
"S00108424",50,35,15
"S00108425",94,76,18
"S00108426",99,75,24
"S00108427",61,51,10
"S00108428",69,54,15
"S00108429",174,146,28
"S00108430",117,90,27
"S00108431",160,127,33
"S00108432",130,108,22
"S00108433",116,85,31
"S00108434",112,92,20
"S00108435",120,102,18
"S00108436",151,117,34
"S00108437",108,82,26
"S00108438",150,128,22
"S00108439",65,48,17
"S00108440",82,57,25
"S00108441",116,103,13
"S00108442",144,123,21
"S00108443",132,101,31
"S00108444",86,70,16
"S00108445",70,63,7
"S00108446",102,77,25
"S00108447",158,145,13
"S00108448",175,147,28
"S00108449",188,159,29
"S00108450",157,129,28
"S00108451",170,145,25
"S00108452",100,81,19
"S00108453",113,88,25
"S00108454",116,95,21
"S00108455",116,85,31
"S00108456",107,92,15
"S00108457",169,129,40
"S00108458",159,133,26
"S00108459",119,97,22
"S00108460",160,128,32
"S00108461",139,113,26
"S00108462",130,111,19
"S00108463",157,140,17
"S00108464",157,141,16
"S00108465",106,88,18
"S00108466",186,154,32
"S00108467",96,66,30
"S00108468",131,109,22
"S00108469",165,142,23
"S00108470",132,105,27
"S00108471",112,76,36
"S00108472",152,120,32
"S00108473",79,54,25
"S00108474",118,97,21
"S00108475",97,77,20
"S00108476",156,120,36
"S00108477",81,56,25
"S00108478",50,42,8
"S00108479",89,68,21
"S00108480",84,62,22
"S00108481",121,109,12
"S00108482",120,104,16
"S00108483",104,86,18
"S00108484",94,79,15
"S00108485",72,51,21
"S00108486",120,98,22
"S00108487",97,79,18
"S00108488",117,93,24
"S00108489",86,73,13
"S00108490",169,160,9
"S00108491",148,142,6
"S00108492",86,67,19
"S00108493",138,126,12
"S00108494",115,82,33
"S00108495",70,63,7
"S00108496",107,78,29
"S00108497",140,105,35
"S00108498",87,69,18
"S00108499",155,116,39
"S00108500",90,76,14
"S00108501",174,164,10
"S00108502",177,158,19
"S00108503",147,126,21
"S00108504",114,72,42
"S00108505",61,54,7
"S00108506",111,100,11
"S00108507",57,43,14
"S00108508",80,49,31
"S00108509",128,114,14
"S00108510",91,78,13
"S00108511",76,56,20
"S00108512",84,62,22
"S00108513",92,77,15
"S00108514",118,84,34
"S00108515",59,34,25
"S00108516",141,111,30
"S00108517",117,99,18
"S00108518",139,129,10
"S00108519",108,92,16
"S00108520",104,90,14
"S00108521",138,119,19
"S00108522",132,113,19
"S00108523",125,110,15
"S00108524",96,76,20
"S00108525",130,113,17
"S00108526",120,102,18
"S00108527",113,81,32
"S00108528",74,45,29
"S00108529",89,60,29
"S00108530",61,29,32
"S00108531",111,89,22
"S00108532",100,67,33
"S00108533",87,70,17
"S00108534",149,116,33
"S00108535",180,149,31
"S00108536",165,140,25
"S00108537",164,137,27
"S00108538",187,155,32
"S00108539",156,133,23
"S00108540",102,82,20
"S00108541",125,103,22
"S00108542",98,83,15
"S00108543",105,75,30
"S00108544",92,76,16
"S00108545",115,91,24
"S00108546",133,107,26
"S00108547",99,88,11
"S00108548",99,68,31
"S00108549",106,79,27
"S00108550",77,61,16
"S00108551",146,114,32
"S00108552",75,51,24
"S00108553",123,82,41
"S00108554",161,125,36
"S00108555",106,91,15
"S00108556",68,58,10
"S00108557",149,95,54
"S00108558",78,65,13
"S00108559",147,133,14
"S00108560",136,109,27
"S00108561",69,50,19
"S00108562",97,76,21
"S00108563",83,63,20
"S00108564",156,124,32
"S00108565",128,84,44
"S00108566",141,108,33
"S00108567",108,77,31
"S00108568",113,82,31
"S00108569",116,81,35
"S00108570",110,88,22
"S00108571",102,74,28
"S00108572",146,98,48
"S00108573",122,103,19
"S00108574",142,135,7
"S00108575",58,52,6
"S00108576",102,93,9
"S00108577",134,58,76
"S00108578",79,62,17
"S00108579",105,82,23
"S00108580",150,123,27
"S00108581",98,79,19
"S00108582",101,83,18
"S00108583",80,52,28
"S00108584",54,42,12
"S00108585",96,80,16
"S00108586",64,57,7
"S00108587",90,79,11
"S00108588",72,58,14
"S00108589",89,71,18
"S00108590",149,118,31
"S00108591",92,66,26
"S00108592",91,65,26
"S00108593",112,91,21
"S00108594",52,37,15
"S00108595",178,155,23
"S00108596",104,80,24
"S00108597",253,242,11
"S00108598",81,68,13
"S00108599",72,55,17
"S00108600",107,102,5
"S00108601",96,73,23
"S00108602",122,94,28
"S00108603",187,171,16
"S00108604",146,114,32
"S00108605",108,98,10
"S00108606",169,145,24
"S00108607",196,165,31
"S00108608",97,57,40
"S00108609",67,51,16
"S00108610",135,115,20
"S00108611",144,128,16
"S00108612",62,58,4
"S00108613",60,44,16
"S00108614",237,153,84
"S00108615",127,125,2
"S00108616",139,132,7
"S00108617",126,123,3
"S00108618",196,186,10
"S00108619",122,115,7
"S00108620",69,60,9
"S00108621",60,45,15
"S00108622",112,68,44
"S00108623",81,68,13
"S00108624",68,52,16
"S00108625",141,103,38
"S00108626",81,60,21
"S00108627",117,101,16
"S00108628",121,98,23
"S00108629",103,84,19
"S00108630",59,45,14
"S00108631",125,95,30
"S00108632",60,48,12
"S00108633",61,46,15
"S00108634",113,59,54
"S00108635",55,50,5
"S00108636",196,186,10
"S00108637",190,180,10
"S00108638",110,99,11
"S00108639",55,48,7
"S00108640",70,58,12
"S00108641",119,109,10
"S00108642",66,55,11
"S00108643",74,67,7
"S00108644",174,166,8
"S00108645",191,181,10
"S00108646",206,200,6
"S00108647",94,74,20
"S00108648",62,53,9
"S00108649",100,89,11
"S00108650",97,78,19
"S00108651",202,187,15
"S00108652",75,62,13
"S00108653",57,52,5
"S00108654",105,72,33
"S00108655",129,111,18
"S00108656",170,152,18
"S00108657",117,95,22
"S00108658",147,133,14
"S00108659",88,63,25
"S00108660",115,93,22
"S00108661",85,71,14
"S00108662",200,179,21
"S00108663",105,84,21
"S00108664",131,96,35
"S00108665",122,91,31
"S00108666",72,64,8
"S00108667",111,89,22
"S00108668",79,70,9
"S00108669",87,76,11
"S00108670",146,139,7
"S00108671",107,90,17
"S00108672",99,96,3
"S00108673",89,67,22
"S00108674",208,196,12
"S00108675",84,46,38
"S00108676",92,79,13
"S00108677",122,106,16
"S00108678",63,53,10
"S00108679",87,62,25
"S00108680",80,57,23
"S00108681",163,141,22
"S00108682",114,96,18
"S00108683",122,96,26
"S00108684",65,48,17
"S00108685",71,58,13
"S00108686",118,94,24
"S00108687",102,87,15
"S00108688",153,128,25
"S00108689",195,162,33
"S00108690",103,34,69
"S00108691",59,20,39
"S00108692",53,29,24
"S00108693",57,25,32
"S00108694",54,25,29
"S00108695",99,34,65
"S00108696",68,49,19
"S00108697",130,111,19
"S00108698",95,68,27
"S00108699",69,58,11
"S00108700",67,49,18
"S00108701",99,86,13
"S00108702",69,56,13
"S00108703",84,71,13
"S00108704",107,76,31
"S00108705",133,113,20
"S00108706",81,66,15
"S00108707",175,138,37
"S00108708",88,64,24
"S00108709",85,69,16
"S00108710",123,104,19
"S00108711",135,106,29
"S00108712",85,70,15
"S00108713",88,79,9
"S00108714",64,50,14
"S00108715",84,61,23
"S00108716",79,59,20
"S00108717",138,101,37
"S00108718",83,61,22
"S00108719",106,84,22
"S00108720",66,49,17
"S00108721",132,91,41
"S00108722",71,61,10
"S00108723",145,136,9
"S00108724",71,58,13
"S00108725",164,153,11
"S00108726",282,271,11
"S00108727",182,176,6
"S00108728",106,96,10
"S00108729",166,161,5
"S00108730",238,225,13
"S00108731",193,188,5
"S00108732",210,190,20
"S00108733",210,195,15
"S00108734",193,185,8
"S00108735",169,128,41
"S00108736",67,57,10
"S00108737",167,155,12
"S00108738",152,136,16
"S00108739",93,85,8
"S00108740",170,156,14
"S00108741",211,197,14
"S00108742",206,197,9
"S00108743",174,153,21
"S00108744",87,69,18
"S00108745",112,98,14
"S00108746",119,100,19
"S00108747",210,188,22
"S00108748",193,174,19
"S00108749",121,99,22
"S00108750",179,158,21
"S00108751",84,74,10
"S00108752",87,62,25
"S00108753",108,99,9
"S00108754",74,63,11
"S00108755",117,107,10
"S00108756",187,172,15
"S00108757",76,57,19
"S00108758",59,51,8
"S00108759",157,142,15
"S00108760",142,121,21
"S00108761",92,82,10
"S00108762",162,153,9
"S00108763",127,118,9
"S00108764",136,126,10
"S00108765",58,47,11
"S00108766",104,81,23
"S00108767",82,68,14
"S00108768",100,89,11
"S00108769",60,23,37
"S00108770",55,37,18
"S00108771",53,26,27
"S00108772",77,63,14
"S00108773",59,54,5
"S00108774",114,97,17
"S00108775",54,38,16
"S00108776",182,140,42
"S00108777",61,49,12
"S00108778",146,110,36
"S00108779",133,89,44
"S00108780",84,68,16
"S00108781",117,91,26
"S00108782",54,37,17
"S00108783",121,92,29
"S00108784",120,79,41
"S00108785",163,129,34
"S00108786",82,61,21
"S00108787",91,74,17
"S00108788",94,81,13
"S00108789",137,84,53
"S00108790",64,52,12
"S00108791",85,58,27
"S00108792",54,43,11
"S00108793",110,94,16
"S00108794",149,140,9
"S00108795",204,193,11
"S00108796",115,108,7
"S00108797",121,96,25
"S00108798",107,102,5
"S00108799",139,127,12
"S00108800",150,137,13
"S00108801",119,113,6
"S00108802",165,139,26
"S00108803",136,127,9
"S00108804",107,96,11
"S00108805",84,79,5
"S00108806",208,181,27
"S00108807",162,148,14
"S00108808",125,100,25
"S00108809",58,54,4
"S00108810",52,40,12
"S00108811",108,84,24
"S00108812",78,70,8
"S00108813",52,47,5
"S00108814",127,69,58
"S00108815",64,40,24
"S00108816",108,77,31
"S00108817",104,94,10
"S00108818",120,106,14
"S00108819",70,41,29
"S00108820",80,61,19
"S00108821",76,50,26
"S00108822",107,73,34
"S00108823",108,55,53
"S00108824",74,52,22
"S00108825",111,92,19
"S00108826",76,59,17
"S00108827",123,79,44
"S00108828",127,110,17
"S00108829",98,78,20
"S00108830",111,98,13
"S00108831",122,106,16
"S00108832",113,101,12
"S00108833",137,123,14
"S00108834",122,105,17
"S00108835",70,55,15
"S00108836",106,93,13
"S00108837",95,74,21
"S00108838",85,81,4
"S00108839",126,87,39
"S00108840",81,67,14
"S00108841",92,82,10
"S00108842",133,111,22
"S00108843",84,71,13
"S00108844",161,120,41
"S00108845",154,131,23
"S00108846",77,69,8
"S00108847",124,89,35
"S00108848",84,66,18
"S00108849",62,42,20
"S00108850",168,144,24
"S00108851",634,561,73
"S00108852",113,104,9
"S00108853",124,120,4
"S00108854",125,115,10
"S00108855",149,141,8
"S00108856",79,58,21
"S00108857",156,149,7
"S00108858",81,69,12
"S00108859",50,29,21
"S00108860",89,73,16
"S00108861",124,114,10
"S00108862",143,112,31
"S00108863",77,69,8
"S00108864",139,113,26
"S00108865",224,209,15
"S00108866",124,97,27
"S00108867",61,55,6
"S00108868",167,160,7
"S00108869",85,68,17
"S00108870",74,66,8
"S00108871",118,109,9
"S00108872",134,131,3
"S00108873",95,92,3
"S00108874",178,153,25
"S00108875",104,90,14
"S00108876",109,92,17
"S00108877",103,86,17
"S00108878",102,95,7
"S00108879",200,174,26
"S00108880",127,97,30
"S00108881",143,127,16
"S00108882",115,65,50
"S00108883",128,97,31
"S00108884",96,77,19
"S00108885",133,121,12
"S00108886",163,151,12
"S00108887",108,97,11
"S00108888",209,205,4
"S00108889",63,49,14
"S00108890",154,135,19
"S00108891",98,82,16
"S00108892",100,87,13
"S00108893",96,62,34
"S00108894",159,149,10
"S00108895",110,106,4
"S00108896",73,70,3
"S00108897",120,115,5
"S00108898",93,85,8
"S00108899",67,63,4
"S00108900",91,65,26
"S00108901",135,118,17
"S00108902",147,131,16
"S00108903",67,64,3
"S00108904",128,114,14
"S00108905",90,74,16
"S00108906",178,155,23
"S00108907",118,100,18
"S00108908",97,77,20
"S00108909",75,64,11
"S00108910",99,82,17
"S00108911",59,47,12
"S00108912",112,86,26
"S00108913",102,86,16
"S00108914",181,150,31
"S00108915",69,60,9
"S00108916",99,78,21
"S00108917",95,75,20
"S00108918",239,224,15
"S00108919",119,112,7
"S00108920",192,166,26
"S00108921",56,42,14
"S00108922",80,54,26
"S00108923",55,34,21
"S00108924",258,221,37
"S00108925",142,127,15
"S00108926",88,76,12
"S00108927",61,49,12
"S00108928",132,117,15
"S00108929",86,78,8
"S00108930",164,140,24
"S00108931",75,70,5
"S00108932",164,149,15
"S00108933",199,186,13
"S00108934",112,94,18
"S00108935",125,98,27
"S00108936",78,65,13
"S00108937",129,82,47
"S00108938",85,61,24
"S00108939",96,84,12
"S00108940",117,93,24
"S00108941",143,129,14
"S00108942",91,73,18
"S00108943",132,88,44
"S00108944",124,91,33
"S00108945",81,54,27
"S00108946",127,106,21
"S00108947",103,85,18
"S00108948",77,62,15
"S00108949",175,169,6
"S00108950",153,145,8
"S00108951",150,143,7
"S00108952",167,147,20
"S00108953",94,75,19
"S00108954",75,58,17
"S00108955",125,89,36
"S00108956",108,94,14
"S00108957",194,179,15
"S00108958",147,129,18
"S00108959",177,159,18
"S00108960",131,121,10
"S00108961",137,121,16
"S00108962",295,210,85
"S00108963",149,132,17
"S00108964",91,83,8
"S00108965",151,145,6
"S00108966",205,197,8
"S00108967",56,53,3
"S00108968",88,76,12
"S00108969",195,185,10
"S00108970",93,88,5
"S00108971",52,18,34
"S00108972",72,52,20
"S00108973",102,83,19
"S00108974",139,109,30
"S00108975",87,79,8
"S00108976",156,141,15
"S00108977",75,65,10
"S00108978",167,147,20
"S00108979",161,146,15
"S00108980",122,105,17
"S00108981",75,70,5
"S00108982",182,160,22
"S00108983",255,232,23
"S00108984",163,155,8
"S00108985",141,135,6
"S00108986",137,129,8
"S00108987",140,123,17
"S00108988",95,77,18
"S00108989",111,83,28
"S00108990",84,59,25
"S00108991",83,69,14
"S00108992",50,41,9
"S00108993",82,67,15
"S00108994",117,104,13
"S00108995",134,119,15
"S00108996",112,93,19
"S00108997",111,106,5
"S00108998",91,75,16
"S00108999",148,116,32
"S00109000",110,81,29
"S00109001",188,118,70
"S00109002",145,127,18
"S00109003",80,70,10
"S00109004",120,97,23
"S00109005",206,201,5
"S00109006",55,53,2
"S00109007",162,140,22
"S00109008",97,82,15
"S00109009",132,85,47
"S00109010",67,56,11
"S00109011",117,91,26
"S00109012",189,126,63
"S00109013",66,52,14
"S00109014",52,45,7
"S00109015",58,38,20
"S00109016",164,148,16
"S00109017",164,149,15
"S00109018",124,112,12
"S00109019",194,131,63
"S00109020",188,179,9
"S00109021",124,116,8
"S00109022",153,140,13
"S00109023",82,68,14
"S00109024",97,88,9
"S00109025",111,90,21
"S00109026",76,61,15
"S00109027",99,79,20
"S00109028",156,124,32
"S00109029",137,110,27
"S00109030",118,97,21
"S00109031",66,39,27
"S00109032",146,115,31
"S00109033",84,72,12
"S00109034",122,105,17
"S00109035",133,120,13
"S00109036",177,157,20
"S00109037",141,128,13
"S00109038",153,132,21
"S00109039",115,109,6
"S00109040",131,110,21
"S00109041",150,138,12
"S00109042",140,105,35
"S00109043",139,123,16
"S00109044",99,88,11
"S00109045",109,99,10
"S00109046",147,128,19
"S00109047",67,62,5
"S00109048",72,69,3
"S00109049",89,76,13
"S00109050",63,54,9
"S00109051",134,117,17
"S00109052",90,81,9
"S00109053",97,81,16
"S00109054",136,121,15
"S00109055",82,70,12
"S00109056",79,67,12
"S00109057",71,64,7
"S00109058",141,116,25
"S00109059",117,93,24
"S00109060",149,117,32
"S00109061",94,71,23
"S00109062",110,84,26
"S00109063",143,120,23
"S00109064",97,82,15
"S00109065",82,65,17
"S00109066",97,82,15
"S00109067",149,127,22
"S00109068",58,46,12
"S00109069",130,109,21
"S00109070",92,74,18
"S00109071",115,99,16
"S00109072",108,90,18
"S00109073",97,88,9
"S00109074",93,72,21
"S00109075",83,71,12
"S00109076",93,77,16
"S00109077",90,78,12
"S00109078",78,61,17
"S00109079",121,97,24
"S00109080",136,111,25
"S00109081",133,119,14
"S00109082",108,99,9
"S00109083",115,101,14
"S00109084",142,123,19
"S00109085",163,149,14
"S00109086",92,76,16
"S00109087",69,66,3
"S00109088",72,57,15
"S00109089",94,83,11
"S00109090",213,204,9
"S00109091",184,163,21
"S00109092",120,112,8
"S00109093",120,106,14
"S00109094",117,103,14
"S00109095",112,92,20
"S00109096",78,68,10
"S00109097",117,102,15
"S00109098",101,89,12
"S00109099",123,110,13
"S00109100",96,84,12
"S00109101",79,71,8
"S00109102",142,116,26
"S00109103",88,68,20
"S00109104",133,118,15
"S00109105",70,62,8
"S00109106",172,159,13
"S00109107",70,55,15
"S00109108",97,82,15
"S00109109",66,58,8
"S00109110",120,109,11
"S00109111",80,72,8
"S00109112",98,89,9
"S00109113",75,62,13
"S00109114",150,135,15
"S00109115",110,92,18
"S00109116",182,156,26
"S00109117",125,107,18
"S00109118",152,133,19
"S00109119",239,217,22
"S00109120",171,115,56
"S00109121",66,65,1
"S00109122",156,143,13
"S00109123",113,95,18
"S00109124",138,121,17
"S00109125",134,115,19
"S00109126",145,131,14
"S00109127",109,93,16
"S00109128",116,101,15
"S00109129",95,80,15
"S00109130",89,82,7
"S00109131",117,100,17
"S00109132",82,60,22
"S00109133",136,111,25
"S00109134",94,77,17
"S00109135",179,162,17
"S00109136",105,98,7
"S00109137",83,74,9
"S00109138",165,152,13
"S00109139",156,141,15
"S00109140",122,109,13
"S00109141",128,120,8
"S00109142",174,122,52
"S00109143",144,134,10
"S00109144",145,131,14
"S00109145",176,154,22
"S00109146",149,141,8
"S00109147",125,92,33
"S00109148",133,108,25
"S00109149",134,121,13
"S00109150",112,89,23
"S00109151",135,123,12
"S00109152",99,86,13
"S00109153",156,131,25
"S00109154",154,123,31
"S00109155",131,111,20
"S00109156",160,141,19
"S00109157",169,148,21
"S00109158",103,85,18
"S00109159",165,134,31
"S00109160",137,120,17
"S00109161",110,98,12
"S00109162",105,93,12
"S00109163",76,65,11
"S00109164",71,54,17
"S00109165",145,114,31
"S00109166",140,115,25
"S00109167",123,106,17
"S00109168",117,106,11
"S00109169",109,96,13
"S00109170",143,114,29
"S00109171",138,119,19
"S00109172",135,124,11
"S00109173",101,88,13
"S00109174",71,61,10
"S00109175",113,94,19
"S00109176",71,53,18
"S00109177",172,150,22
"S00109178",74,54,20
"S00109179",191,166,25
"S00109180",134,116,18
"S00109181",141,129,12
"S00109182",105,99,6
"S00109183",112,101,11
"S00109184",161,124,37
"S00109185",125,114,11
"S00109186",114,98,16
"S00109187",368,358,10
"S00109188",70,61,9
"S00109189",138,119,19
"S00109190",194,157,37
"S00109191",183,168,15
"S00109192",82,72,10
"S00109193",76,70,6
"S00109194",148,132,16
"S00109195",219,190,29
"S00109196",174,165,9
"S00109197",183,144,39
"S00109198",108,95,13
"S00109199",117,112,5
"S00109200",129,121,8
"S00109201",270,256,14
"S00109202",157,122,35
"S00109203",133,108,25
"S00109204",124,83,41
"S00109205",167,140,27
"S00109206",93,61,32
"S00109207",105,85,20
"S00109208",88,64,24
"S00109209",98,43,55
"S00109210",112,92,20
"S00109211",75,65,10
"S00109212",87,68,19
"S00109213",87,69,18
"S00109214",138,101,37
"S00109215",131,89,42
"S00109216",88,72,16
"S00109217",91,73,18
"S00109218",101,85,16
"S00109219",137,113,24
"S00109220",121,94,27
"S00109221",121,91,30
"S00109222",104,81,23
"S00109223",132,99,33
"S00109224",114,98,16
"S00109225",142,110,32
"S00109226",140,110,30
"S00109227",128,105,23
"S00109228",99,84,15
"S00109229",117,82,35
"S00109230",118,87,31
"S00109231",103,86,17
"S00109232",106,80,26
"S00109233",107,82,25
"S00109234",115,93,22
"S00109235",82,69,13
"S00109236",121,94,27
"S00109237",121,105,16
"S00109238",111,95,16
"S00109239",102,80,22
"S00109240",106,81,25
"S00109241",88,71,17
"S00109242",115,86,29
"S00109243",150,115,35
"S00109244",139,120,19
"S00109245",72,53,19
"S00109246",100,84,16
"S00109247",152,119,33
"S00109248",116,93,23
"S00109249",152,123,29
"S00109250",103,85,18
"S00109251",96,80,16
"S00109252",102,81,21
"S00109253",82,68,14
"S00109254",150,122,28
"S00109255",73,57,16
"S00109256",77,64,13
"S00109257",158,116,42
"S00109258",138,108,30
"S00109259",99,77,22
"S00109260",140,104,36
"S00109261",135,94,41
"S00109262",101,76,25
"S00109263",90,78,12
"S00109264",129,105,24
"S00109265",145,123,22
"S00109266",92,75,17
"S00109267",147,110,37
"S00109268",103,84,19
"S00109269",134,108,26
"S00109270",69,55,14
"S00109271",64,46,18
"S00109272",64,57,7
"S00109273",99,81,18
"S00109274",76,58,18
"S00109275",143,110,33
"S00109276",164,134,30
"S00109277",114,88,26
"S00109278",95,73,22
"S00109279",61,48,13
"S00109280",139,110,29
"S00109281",101,77,24
"S00109282",115,84,31
"S00109283",84,48,36
"S00109284",145,138,7
"S00109285",82,61,21
"S00109286",96,87,9
"S00109287",119,96,23
"S00109288",125,98,27
"S00109289",92,67,25
"S00109290",74,63,11
"S00109291",105,81,24
"S00109292",78,60,18
"S00109293",51,15,36
"S00109294",84,68,16
"S00109295",78,70,8
"S00109296",147,125,22
"S00109297",53,46,7
"S00109298",147,131,16
"S00109299",94,71,23
"S00109300",112,89,23
"S00109301",139,124,15
"S00109302",92,81,11
"S00109303",122,92,30
"S00109304",118,100,18
"S00109305",99,89,10
"S00109306",75,63,12
"S00109307",195,152,43
"S00109308",119,98,21
"S00109309",75,63,12
"S00109310",86,69,17
"S00109311",103,72,31
"S00109312",138,109,29
"S00109313",82,72,10
"S00109314",71,56,15
"S00109315",88,82,6
"S00109316",62,54,8
"S00109317",150,136,14
"S00109318",161,136,25
"S00109319",140,119,21
"S00109320",83,70,13
"S00109321",89,71,18
"S00109322",143,123,20
"S00109323",100,94,6
"S00109324",117,100,17
"S00109325",102,91,11
"S00109326",100,88,12
"S00109327",99,80,19
"S00109328",133,114,19
"S00109329",133,119,14
"S00109330",117,102,15
"S00109331",61,54,7
"S00109332",87,72,15
"S00109333",105,80,25
"S00109334",161,133,28
"S00109335",93,76,17
"S00109336",108,88,20
"S00109337",114,81,33
"S00109338",158,136,22
"S00109339",123,97,26
"S00109340",89,50,39
"S00109341",147,117,30
"S00109342",121,91,30
"S00109343",83,62,21
"S00109344",90,60,30
"S00109345",97,78,19
"S00109346",120,77,43
"S00109347",120,95,25
"S00109348",87,67,20
"S00109349",157,109,48
"S00109350",73,51,22
"S00109351",107,81,26
"S00109352",81,66,15
"S00109353",120,99,21
"S00109354",107,92,15
"S00109355",108,91,17
"S00109356",110,98,12
"S00109357",67,54,13
"S00109358",100,86,14
"S00109359",123,108,15
"S00109360",92,75,17
"S00109361",112,100,12
"S00109362",158,141,17
"S00109363",171,156,15
"S00109364",135,116,19
"S00109365",129,112,17
"S00109366",175,141,34
"S00109367",99,67,32
"S00109368",157,115,42
"S00109369",135,127,8
"S00109370",173,145,28
"S00109371",155,117,38
"S00109372",67,48,19
"S00109373",89,68,21
"S00109374",117,91,26
"S00109375",77,62,15
"S00109376",102,84,18
"S00109377",95,84,11
"S00109378",172,125,47
"S00109379",156,130,26
"S00109380",122,99,23
"S00109381",114,86,28
"S00109382",178,157,21
"S00109383",97,78,19
"S00109384",109,95,14
"S00109385",97,84,13
"S00109386",77,71,6
"S00109387",70,62,8
"S00109388",95,82,13
"S00109389",84,78,6
"S00109390",166,139,27
"S00109391",119,100,19
"S00109392",127,118,9
"S00109393",120,101,19
"S00109394",109,80,29
"S00109395",61,55,6
"S00109396",63,47,16
"S00109397",160,139,21
"S00109398",99,69,30
"S00109399",108,90,18
"S00109400",113,86,27
"S00109401",83,63,20
"S00109402",93,63,30
"S00109403",119,91,28
"S00109404",109,89,20
"S00109405",107,87,20
"S00109406",147,120,27
"S00109407",57,27,30
"S00109408",149,128,21
"S00109409",75,66,9
"S00109410",131,118,13
"S00109411",84,72,12
"S00109412",126,108,18
"S00109413",98,80,18
"S00109414",108,97,11
"S00109415",105,84,21
"S00109416",111,89,22
"S00109417",98,79,19
"S00109418",100,81,19
"S00109419",150,124,26
"S00109420",160,117,43
"S00109421",78,54,24
"S00109422",140,104,36
"S00109423",75,55,20
"S00109424",84,62,22
"S00109425",150,125,25
"S00109426",193,172,21
"S00109427",164,148,16
"S00109428",177,154,23
"S00109429",123,91,32
"S00109430",104,78,26
"S00109431",127,97,30
"S00109432",78,52,26
"S00109433",102,69,33
"S00109434",95,73,22
"S00109435",116,101,15
"S00109436",97,68,29
"S00109437",74,34,40
"S00109438",56,43,13
"S00109439",94,68,26
"S00109440",84,49,35
"S00109441",55,40,15
"S00109442",157,120,37
"S00109443",81,77,4
"S00109444",76,57,19
"S00109445",62,50,12
"S00109446",146,106,40
"S00109447",75,66,9
"S00109448",76,55,21
"S00109449",91,63,28
"S00109450",87,69,18
"S00109451",85,63,22
"S00109452",93,68,25
"S00109453",110,73,37
"S00109454",192,147,45
"S00109455",109,83,26
"S00109456",93,71,22
"S00109457",95,70,25
"S00109458",113,86,27
"S00109459",83,52,31
"S00109460",75,61,14
"S00109461",117,90,27
"S00109462",71,57,14
"S00109463",109,79,30
"S00109464",172,140,32
"S00109465",113,100,13
"S00109466",156,138,18
"S00109467",61,48,13
"S00109468",120,98,22
"S00109469",98,85,13
"S00109470",110,92,18
"S00109471",139,123,16
"S00109472",73,67,6
"S00109473",170,156,14
"S00109474",181,162,19
"S00109475",169,149,20
"S00109476",117,106,11
"S00109477",145,130,15
"S00109478",120,106,14
"S00109479",113,100,13
"S00109480",170,145,25
"S00109481",60,54,6
"S00109482",152,130,22
"S00109483",100,90,10
"S00109484",104,85,19
"S00109485",155,132,23
"S00109486",162,144,18
"S00109487",103,88,15
"S00109488",159,139,20
"S00109489",108,91,17
"S00109490",206,189,17
"S00109491",69,60,9
"S00109492",90,66,24
"S00109493",121,112,9
"S00109494",176,157,19
"S00109495",94,83,11
"S00109496",132,113,19
"S00109497",136,125,11
"S00109498",86,77,9
"S00109499",81,70,11
"S00109500",109,81,28
"S00109501",81,79,2
"S00109502",81,74,7
"S00109503",55,31,24
"S00109504",86,71,15
"S00109505",105,73,32
"S00109506",99,93,6
"S00109507",134,110,24
"S00109508",159,138,21
"S00109509",72,61,11
"S00109510",174,156,18
"S00109511",186,172,14
"S00109512",134,108,26
"S00109513",98,92,6
"S00109514",182,166,16
"S00109515",191,181,10
"S00109516",197,187,10
"S00109517",150,133,17
"S00109518",120,115,5
"S00109519",113,100,13
"S00109520",152,123,29
"S00109521",123,102,21
"S00109522",140,122,18
"S00109523",130,115,15
"S00109524",158,137,21
"S00109525",80,60,20
"S00109526",95,82,13
"S00109527",115,102,13
"S00109528",52,45,7
"S00109529",55,51,4
"S00109530",117,102,15
"S00109531",85,59,26
"S00109532",136,107,29
"S00109533",102,88,14
"S00109534",145,134,11
"S00109535",160,146,14
"S00109536",137,113,24
"S00109537",129,99,30
"S00109538",107,90,17
"S00109539",117,95,22
"S00109540",137,119,18
"S00109541",138,97,41
"S00109542",84,61,23
"S00109543",106,95,11
"S00109544",111,85,26
"S00109545",90,80,10
"S00109546",95,71,24
"S00109547",70,56,14
"S00109548",131,97,34
"S00109549",94,68,26
"S00109550",147,107,40
"S00109551",55,43,12
"S00109552",111,82,29
"S00109553",95,61,34
"S00109554",88,61,27
"S00109555",75,43,32
"S00109556",52,43,9
"S00109557",101,82,19
"S00109558",167,147,20
"S00109559",133,126,7
"S00109560",96,85,11
"S00109561",86,80,6
"S00109562",119,111,8
"S00109563",135,125,10
"S00109564",186,159,27
"S00109565",99,87,12
"S00109566",99,59,40
"S00109567",150,132,18
"S00109568",74,57,17
"S00109569",143,113,30
"S00109570",141,129,12
"S00109571",181,108,73
"S00109572",104,82,22
"S00109573",67,59,8
"S00109574",92,81,11
"S00109575",68,55,13
"S00109576",101,78,23
"S00109577",122,100,22
"S00109578",98,92,6
"S00109579",87,74,13
"S00109580",103,93,10
"S00109581",75,73,2
"S00109582",147,132,15
"S00109583",97,87,10
"S00109584",180,141,39
"S00109585",126,111,15
"S00109586",76,66,10
"S00109587",115,86,29
"S00109588",173,131,42
"S00109589",132,80,52
"S00109590",143,128,15
"S00109591",204,192,12
"S00109592",75,67,8
"S00109593",114,83,31
"S00109594",128,105,23
"S00109595",65,44,21
"S00109596",118,98,20
"S00109597",86,62,24
"S00109598",126,110,16
"S00109599",129,103,26
"S00109600",63,56,7
"S00109601",111,87,24
"S00109602",107,86,21
"S00109603",126,101,25
"S00109604",63,45,18
"S00109605",58,36,22
"S00109606",127,100,27
"S00109607",107,92,15
"S00109608",71,59,12
"S00109609",90,73,17
"S00109610",68,48,20
"S00109611",88,60,28
"S00109612",168,146,22
"S00109613",136,110,26
"S00109614",139,126,13
"S00109615",115,101,14
"S00109616",54,52,2
"S00109617",151,119,32
"S00109618",115,101,14
"S00109619",122,101,21
"S00109620",122,109,13
"S00109621",119,105,14
"S00109622",122,107,15
"S00109623",68,58,10
"S00109624",111,100,11
"S00109625",128,104,24
"S00109626",200,171,29
"S00109627",106,91,15
"S00109628",92,81,11
"S00109629",116,106,10
"S00109630",138,116,22
"S00109631",101,94,7
"S00109632",91,85,6
"S00109633",152,136,16
"S00109634",108,94,14
"S00109635",107,87,20
"S00109636",66,51,15
"S00109637",174,147,27
"S00109638",97,76,21
"S00109639",106,92,14
"S00109640",90,76,14
"S00109641",85,49,36
"S00109642",130,97,33
"S00109643",91,61,30
"S00109644",91,73,18
"S00109645",115,87,28
"S00109646",138,112,26
"S00109647",132,116,16
"S00109648",141,126,15
"S00109649",162,132,30
"S00109650",133,109,24
"S00109651",87,71,16
"S00109652",142,124,18
"S00109653",134,109,25
"S00109654",81,64,17
"S00109655",145,111,34
"S00109656",84,71,13
"S00109657",139,126,13
"S00109658",118,99,19
"S00109659",129,115,14
"S00109660",116,97,19
"S00109661",194,164,30
"S00109662",135,112,23
"S00109663",146,111,35
"S00109664",144,124,20
"S00109665",108,79,29
"S00109666",81,64,17
"S00109667",100,93,7
"S00109668",119,85,34
"S00109669",96,76,20
"S00109670",163,144,19
"S00109671",113,86,27
"S00109672",92,77,15
"S00109673",88,76,12
"S00109674",132,113,19
"S00109675",135,115,20
"S00109676",115,90,25
"S00109677",105,88,17
"S00109678",137,107,30
"S00109679",156,130,26
"S00109680",82,52,30
"S00109681",110,96,14
"S00109682",135,104,31
"S00109683",77,62,15
"S00109684",86,69,17
"S00109685",88,71,17
"S00109686",151,136,15
"S00109687",99,94,5
"S00109688",102,78,24
"S00109689",149,124,25
"S00109690",128,118,10
"S00109691",131,114,17
"S00109692",128,100,28
"S00109693",78,70,8
"S00109694",129,115,14
"S00109695",110,92,18
"S00109696",89,79,10
"S00109697",112,106,6
"S00109698",102,97,5
"S00109699",172,147,25
"S00109700",158,147,11
"S00109701",150,121,29
"S00109702",107,87,20
"S00109703",104,90,14
"S00109704",123,116,7
"S00109705",70,55,15
"S00109706",78,60,18
"S00109707",116,88,28
"S00109708",81,51,30
"S00109709",160,129,31
"S00109710",104,91,13
"S00109711",92,76,16
"S00109712",79,65,14
"S00109713",95,74,21
"S00109714",123,106,17
"S00109715",98,87,11
"S00109716",128,109,19
"S00109717",109,96,13
"S00109718",106,88,18
"S00109719",102,86,16
"S00109720",136,124,12
"S00109721",71,57,14
"S00109722",72,56,16
"S00109723",146,125,21
"S00109724",116,89,27
"S00109725",108,82,26
"S00109726",129,108,21
"S00109727",95,75,20
"S00109728",177,120,57
"S00109729",102,83,19
"S00109730",128,120,8
"S00109731",121,115,6
"S00109732",161,130,31
"S00109733",91,76,15
"S00109734",168,139,29
"S00109735",152,129,23
"S00109736",71,62,9
"S00109737",234,216,18
"S00109738",141,107,34
"S00109739",181,139,42
"S00109740",74,66,8
"S00109741",132,109,23
"S00109742",236,221,15
"S00109743",102,84,18
"S00109744",127,114,13
"S00109745",119,106,13
"S00109746",95,84,11
"S00109747",134,100,34
"S00109748",152,123,29
"S00109749",64,37,27
"S00109750",179,148,31
"S00109751",94,54,40
"S00109752",168,133,35
"S00109753",124,87,37
"S00109754",113,90,23
"S00109755",91,61,30
"S00109756",200,153,47
"S00109757",164,129,35
"S00109758",140,109,31
"S00109759",109,86,23
"S00109760",91,72,19
"S00109761",79,63,16
"S00109762",177,154,23
"S00109763",135,115,20
"S00109764",138,111,27
"S00109765",123,101,22
"S00109766",144,118,26
"S00109767",107,95,12
"S00109768",127,92,35
"S00109769",96,79,17
"S00109770",158,130,28
"S00109771",84,68,16
"S00109772",87,75,12
"S00109773",114,89,25
"S00109774",113,95,18
"S00109775",62,46,16
"S00109776",141,100,41
"S00109777",119,97,22
"S00109778",165,137,28
"S00109779",102,76,26
"S00109780",94,76,18
"S00109781",112,87,25
"S00109782",85,61,24
"S00109783",85,57,28
"S00109784",61,46,15
"S00109785",146,98,48
"S00109786",70,60,10
"S00109787",117,97,20
"S00109788",158,124,34
"S00109789",128,83,45
"S00109790",133,94,39
"S00109791",93,68,25
"S00109792",89,63,26
"S00109793",150,117,33
"S00109794",143,103,40
"S00109795",161,125,36
"S00109796",104,80,24
"S00109797",122,102,20
"S00109798",90,57,33
"S00109799",103,66,37
"S00109800",104,78,26
"S00109801",87,55,32
"S00109802",114,89,25
"S00109803",126,90,36
"S00109804",109,82,27
"S00109805",122,86,36
"S00109806",110,87,23
"S00109807",106,47,59
"S00109808",88,74,14
"S00109809",132,101,31
"S00109810",151,108,43
"S00109811",99,84,15
"S00109812",191,146,45
"S00109813",149,99,50
"S00109814",107,73,34
"S00109815",68,32,36
"S00109816",116,91,25
"S00109817",139,112,27
"S00109818",158,121,37
"S00109819",90,70,20
"S00109820",106,85,21
"S00109821",117,94,23
"S00109822",94,69,25
"S00109823",160,122,38
"S00109824",129,88,41
"S00109825",111,85,26
"S00109826",108,87,21
"S00109827",87,67,20
"S00109828",101,75,26
"S00109829",63,36,27
"S00109830",154,116,38
"S00109831",92,78,14
"S00109832",107,82,25
"S00109833",88,61,27
"S00109834",144,101,43
"S00109835",117,90,27
"S00109836",121,83,38
"S00109837",107,70,37
"S00109838",70,48,22
"S00109839",73,57,16
"S00109840",106,86,20
"S00109841",102,78,24
"S00109842",101,77,24
"S00109843",84,68,16
"S00109844",97,70,27
"S00109845",79,51,28
"S00109846",61,47,14
"S00109847",69,48,21
"S00109848",110,72,38
"S00109849",87,49,38
"S00109850",121,99,22
"S00109851",166,123,43
"S00109852",97,80,17
"S00109853",185,150,35
"S00109854",167,137,30
"S00109855",200,157,43
"S00109856",151,112,39
"S00109857",175,133,42
"S00109858",167,125,42
"S00109859",197,159,38
"S00109860",86,65,21
"S00109861",62,49,13
"S00109862",109,80,29
"S00109863",77,60,17
"S00109864",89,62,27
"S00109865",159,130,29
"S00109866",148,111,37
"S00109867",85,58,27
"S00109868",114,90,24
"S00109869",98,62,36
"S00109870",141,78,63
"S00109871",95,73,22
"S00109872",78,54,24
"S00109873",115,96,19
"S00109874",89,70,19
"S00109875",111,83,28
"S00109876",105,80,25
"S00109877",98,84,14
"S00109878",158,131,27
"S00109879",164,131,33
"S00109880",71,53,18
"S00109881",110,84,26
"S00109882",116,73,43
"S00109883",92,72,20
"S00109884",114,91,23
"S00109885",119,98,21
"S00109886",108,84,24
"S00109887",84,67,17
"S00109888",114,87,27
"S00109889",143,96,47
"S00109890",128,93,35
"S00109891",134,91,43
"S00109892",137,114,23
"S00109893",120,113,7
"S00109894",83,65,18
"S00109895",93,66,27
"S00109896",111,77,34
"S00109897",126,96,30
"S00109898",123,105,18
"S00109899",92,60,32
"S00109900",97,80,17
"S00109901",150,123,27
"S00109902",115,77,38
"S00109903",116,80,36
"S00109904",75,54,21
"S00109905",115,83,32
"S00109906",86,65,21
"S00109907",109,82,27
"S00109908",117,88,29
"S00109909",119,96,23
"S00109910",92,78,14
"S00109911",76,57,19
"S00109912",135,91,44
"S00109913",82,69,13
"S00109914",55,47,8
"S00109915",173,160,13
"S00109916",90,81,9
"S00109917",93,67,26
"S00109918",57,22,35
"S00109919",123,88,35
"S00109920",82,64,18
"S00109921",85,58,27
"S00109922",55,39,16
"S00109923",102,84,18
"S00109924",85,63,22
"S00109925",121,87,34
"S00109926",106,67,39
"S00109927",65,49,16
"S00109928",74,57,17
"S00109929",56,21,35
"S00109930",55,23,32
"S00109931",61,34,27
"S00109932",148,126,22
"S00109933",99,86,13
"S00109934",127,105,22
"S00109935",138,124,14
"S00109936",151,132,19
"S00109937",66,43,23
"S00109938",72,53,19
"S00109939",98,63,35
"S00109940",106,88,18
"S00109941",84,77,7
"S00109942",79,72,7
"S00109943",128,108,20
"S00109944",92,86,6
"S00109945",109,91,18
"S00109946",106,100,6
"S00109947",66,44,22
"S00109948",50,28,22
"S00109949",96,78,18
"S00109950",92,75,17
"S00109951",167,123,44
"S00109952",150,103,47
"S00109953",80,72,8
"S00109954",59,45,14
"S00109955",61,56,5
"S00109956",99,91,8
"S00109957",64,38,26
"S00109958",54,42,12
"S00109959",120,99,21
"S00109960",73,50,23
"S00109961",56,51,5
"S00109962",85,58,27
"S00109963",144,128,16
"S00109964",80,70,10
"S00109965",111,94,17
"S00109966",51,23,28
"S00109967",53,22,31
"S00109968",185,156,29
"S00109969",134,101,33
"S00109970",140,129,11
"S00109971",164,134,30
"S00109972",189,147,42
"S00109973",159,110,49
"S00109974",175,134,41
"S00109975",102,86,16
"S00109976",166,128,38
"S00109977",89,63,26
"S00109978",140,93,47
"S00109979",101,72,29
"S00109980",88,65,23
"S00109981",61,41,20
"S00109982",70,57,13
"S00109983",77,55,22
"S00109984",145,112,33
"S00109985",132,112,20
"S00109986",85,60,25
"S00109987",87,76,11
"S00109988",67,49,18
"S00109989",91,74,17
"S00109990",149,136,13
"S00109991",101,77,24
"S00109992",87,70,17
"S00109993",86,71,15
"S00109994",70,62,8
"S00109995",69,44,25
"S00109996",122,107,15
"S00109997",89,52,37
"S00109998",126,85,41
"S00109999",64,51,13
"S00110000",125,104,21
"S00110001",82,59,23
"S00110002",88,69,19
"S00110003",112,84,28
"S00110004",66,43,23
"S00110005",111,96,15
"S00110006",101,75,26
"S00110007",116,100,16
"S00110008",83,62,21
"S00110009",67,54,13
"S00110010",124,105,19
"S00110011",136,111,25
"S00110012",53,32,21
"S00110013",50,38,12
"S00110014",72,47,25
"S00110015",226,174,52
"S00110016",118,85,33
"S00110017",160,120,40
"S00110018",108,78,30
"S00110019",86,73,13
"S00110020",141,125,16
"S00110021",68,37,31
"S00110022",77,52,25
"S00110023",106,87,19
"S00110024",114,86,28
"S00110025",82,47,35
"S00110026",76,45,31
"S00110027",77,61,16
"S00110028",55,45,10
"S00110029",134,102,32
"S00110030",106,88,18
"S00110031",58,28,30
"S00110032",117,89,28
"S00110033",118,96,22
"S00110034",78,62,16
"S00110035",59,49,10
"S00110036",95,69,26
"S00110037",93,61,32
"S00110038",106,83,23
"S00110039",99,70,29
"S00110040",119,91,28
"S00110041",125,102,23
"S00110042",100,65,35
"S00110043",96,84,12
"S00110044",86,47,39
"S00110045",87,68,19
"S00110046",111,76,35
"S00110047",54,38,16
"S00110048",106,92,14
"S00110049",120,104,16
"S00110050",126,113,13
"S00110051",152,127,25
"S00110052",124,97,27
"S00110053",110,98,12
"S00110054",63,45,18
"S00110055",87,65,22
"S00110056",73,52,21
"S00110057",106,77,29
"S00110058",81,52,29
"S00110059",151,104,47
"S00110060",149,123,26
"S00110061",160,114,46
"S00110062",129,96,33
"S00110063",136,107,29
"S00110064",120,99,21
"S00110065",92,74,18
"S00110066",102,88,14
"S00110067",110,103,7
"S00110068",97,89,8
"S00110069",106,85,21
"S00110070",100,88,12
"S00110071",140,125,15
"S00110072",88,75,13
"S00110073",144,126,18
"S00110074",146,134,12
"S00110075",122,82,40
"S00110076",76,50,26
"S00110077",110,92,18
"S00110078",61,51,10
"S00110079",60,50,10
"S00110080",83,60,23
"S00110081",67,48,19
"S00110082",120,96,24
"S00110083",149,125,24
"S00110084",55,42,13
"S00110085",91,57,34
"S00110086",121,93,28
"S00110087",74,50,24
"S00110088",85,60,25
"S00110089",101,76,25
"S00110090",112,82,30
"S00110091",143,116,27
"S00110092",133,112,21
"S00110093",89,72,17
"S00110094",88,65,23
"S00110095",115,82,33
"S00110096",88,70,18
"S00110097",85,76,9
"S00110098",69,61,8
"S00110099",89,74,15
"S00110100",61,50,11
"S00110101",92,77,15
"S00110102",81,54,27
"S00110103",128,95,33
"S00110104",107,91,16
"S00110105",54,38,16
"S00110106",124,99,25
"S00110107",126,112,14
"S00110108",74,55,19
"S00110109",124,81,43
"S00110110",155,126,29
"S00110111",134,115,19
"S00110112",124,88,36
"S00110113",166,137,29
"S00110114",146,131,15
"S00110115",130,112,18
"S00110116",149,128,21
"S00110117",176,165,11
"S00110118",143,124,19
"S00110119",102,82,20
"S00110120",75,63,12
"S00110121",149,129,20
"S00110122",82,66,16
"S00110123",102,89,13
"S00110124",167,146,21
"S00110125",90,81,9
"S00110126",145,118,27
"S00110127",86,59,27
"S00110128",82,64,18
"S00110129",211,186,25
"S00110130",213,183,30
"S00110131",102,78,24
"S00110132",115,99,16
"S00110133",183,147,36
"S00110134",107,79,28
"S00110135",106,83,23
"S00110136",97,78,19
"S00110137",98,79,19
"S00110138",120,96,24
"S00110139",97,74,23
"S00110140",110,87,23
"S00110141",139,104,35
"S00110142",112,88,24
"S00110143",86,72,14
"S00110144",126,93,33
"S00110145",168,127,41
"S00110146",108,90,18
"S00110147",134,113,21
"S00110148",130,107,23
"S00110149",143,93,50
"S00110150",144,110,34
"S00110151",121,90,31
"S00110152",120,102,18
"S00110153",83,50,33
"S00110154",120,86,34
"S00110155",101,78,23
"S00110156",102,80,22
"S00110157",89,69,20
"S00110158",131,119,12
"S00110159",177,137,40
"S00110160",119,100,19
"S00110161",117,96,21
"S00110162",101,85,16
"S00110163",100,84,16
"S00110164",138,122,16
"S00110165",123,106,17
"S00110166",109,99,10
"S00110167",159,140,19
"S00110168",153,127,26
"S00110169",140,121,19
"S00110170",116,105,11
"S00110171",111,96,15
"S00110172",112,100,12
"S00110173",155,138,17
"S00110174",98,82,16
"S00110175",132,113,19
"S00110176",120,103,17
"S00110177",118,107,11
"S00110178",126,121,5
"S00110179",92,75,17
"S00110180",111,105,6
"S00110181",120,109,11
"S00110182",94,83,11
"S00110183",108,93,15
"S00110184",152,130,22
"S00110185",167,144,23
"S00110186",109,92,17
"S00110187",94,66,28
"S00110188",95,75,20
"S00110189",114,101,13
"S00110190",171,141,30
"S00110191",85,65,20
"S00110192",78,60,18
"S00110193",120,90,30
"S00110194",103,73,30
"S00110195",81,62,19
"S00110196",79,65,14
"S00110197",111,78,33
"S00110198",96,75,21
"S00110199",88,56,32
"S00110200",69,44,25
"S00110201",101,70,31
"S00110202",135,112,23
"S00110203",116,95,21
"S00110204",135,109,26
"S00110205",148,111,37
"S00110206",147,114,33
"S00110207",123,91,32
"S00110208",173,140,33
"S00110209",156,126,30
"S00110210",111,94,17
"S00110211",112,87,25
"S00110212",98,79,19
"S00110213",94,81,13
"S00110214",143,126,17
"S00110215",81,56,25
"S00110216",161,137,24
"S00110217",107,92,15
"S00110218",77,58,19
"S00110219",91,73,18
"S00110220",142,108,34
"S00110221",128,106,22
"S00110222",149,123,26
"S00110223",133,112,21
"S00110224",85,71,14
"S00110225",116,84,32
"S00110226",112,75,37
"S00110227",106,78,28
"S00110228",90,69,21
"S00110229",95,75,20
"S00110230",137,106,31
"S00110231",113,91,22
"S00110232",133,105,28
"S00110233",78,56,22
"S00110234",94,72,22
"S00110235",91,73,18
"S00110236",111,94,17
"S00110237",82,62,20
"S00110238",183,143,40
"S00110239",114,90,24
"S00110240",107,50,57
"S00110241",62,30,32
"S00110242",134,119,15
"S00110243",144,123,21
"S00110244",99,79,20
"S00110245",242,210,32
"S00110246",82,64,18
"S00110247",167,135,32
"S00110248",168,147,21
"S00110249",103,82,21
"S00110250",62,24,38
"S00110251",168,130,38
"S00110252",97,83,14
"S00110253",88,73,15
"S00110254",134,117,17
"S00110255",131,97,34
"S00110256",189,156,33
"S00110257",134,111,23
"S00110258",95,66,29
"S00110259",94,77,17
"S00110260",91,74,17
"S00110261",128,90,38
"S00110262",115,90,25
"S00110263",125,84,41
"S00110264",105,70,35
"S00110265",101,83,18
"S00110266",121,99,22
"S00110267",124,87,37
"S00110268",92,69,23
"S00110269",74,53,21
"S00110270",132,92,40
"S00110271",116,94,22
"S00110272",86,50,36
"S00110273",138,101,37
"S00110274",94,68,26
"S00110275",63,42,21
"S00110276",181,141,40
"S00110277",131,105,26
"S00110278",119,85,34
"S00110279",86,62,24
"S00110280",93,75,18
"S00110281",99,66,33
"S00110282",68,57,11
"S00110283",113,91,22
"S00110284",102,69,33
"S00110285",91,71,20
"S00110286",124,87,37
"S00110287",99,74,25
"S00110288",181,156,25
"S00110289",177,144,33
"S00110290",120,90,30
"S00110291",123,106,17
"S00110292",146,109,37
"S00110293",156,113,43
"S00110294",133,86,47
"S00110295",132,95,37
"S00110296",122,93,29
"S00110297",97,72,25
"S00110298",167,127,40
"S00110299",138,105,33
"S00110300",148,104,44
"S00110301",120,74,46
"S00110302",125,81,44
"S00110303",98,73,25
"S00110304",102,76,26
"S00110305",126,70,56
"S00110306",148,111,37
"S00110307",88,69,19
"S00110308",141,121,20
"S00110309",124,98,26
"S00110310",91,70,21
"S00110311",68,47,21
"S00110312",128,102,26
"S00110313",150,96,54
"S00110314",152,117,35
"S00110315",75,51,24
"S00110316",148,109,39
"S00110317",137,103,34
"S00110318",128,88,40
"S00110319",96,70,26
"S00110320",171,139,32
"S00110321",92,70,22
"S00110322",101,67,34
"S00110323",128,75,53
"S00110324",140,105,35
"S00110325",119,89,30
"S00110326",123,93,30
"S00110327",110,74,36
"S00110328",55,33,22
"S00110329",62,39,23
"S00110330",121,99,22
"S00110331",204,163,41
"S00110332",202,108,94
"S00110333",119,86,33
"S00110334",89,61,28
"S00110335",84,63,21
"S00110336",177,133,44
"S00110337",140,92,48
"S00110338",143,121,22
"S00110339",102,72,30
"S00110340",121,98,23
"S00110341",133,103,30
"S00110342",92,74,18
"S00110343",89,72,17
"S00110344",134,94,40
"S00110345",155,126,29
"S00110346",168,134,34
"S00110347",92,63,29
"S00110348",168,119,49
"S00110349",125,94,31
"S00110350",57,35,22
"S00110351",145,109,36
"S00110352",138,126,12
"S00110353",93,66,27
"S00110354",61,31,30
"S00110355",98,75,23
"S00110356",136,100,36
"S00110357",113,92,21
"S00110358",119,93,26
"S00110359",118,77,41
"S00110360",95,64,31
"S00110361",134,99,35
"S00110362",74,49,25
"S00110363",105,77,28
"S00110364",102,83,19
"S00110365",128,98,30
"S00110366",91,82,9
"S00110367",91,75,16
"S00110368",90,65,25
"S00110369",70,46,24
"S00110370",72,47,25
"S00110371",108,80,28
"S00110372",151,116,35
"S00110373",64,54,10
"S00110374",96,78,18
"S00110375",93,61,32
"S00110376",74,60,14
"S00110377",87,71,16
"S00110378",103,77,26
"S00110379",116,96,20
"S00110380",110,90,20
"S00110381",151,131,20
"S00110382",101,84,17
"S00110383",82,73,9
"S00110384",95,74,21
"S00110385",128,111,17
"S00110386",120,103,17
"S00110387",98,73,25
"S00110388",100,78,22
"S00110389",82,59,23
"S00110390",132,97,35
"S00110391",86,63,23
"S00110392",145,120,25
"S00110393",118,92,26
"S00110394",134,94,40
"S00110395",151,119,32
"S00110396",126,97,29
"S00110397",73,50,23
"S00110398",102,64,38
"S00110399",131,104,27
"S00110400",81,61,20
"S00110401",93,79,14
"S00110402",104,63,41
"S00110403",59,50,9
"S00110404",107,78,29
"S00110405",79,64,15
"S00110406",110,84,26
"S00110407",61,42,19
"S00110408",176,130,46
"S00110409",110,73,37
"S00110410",144,116,28
"S00110411",79,59,20
"S00110412",86,70,16
"S00110413",79,45,34
"S00110414",76,54,22
"S00110415",119,86,33
"S00110416",81,62,19
"S00110417",111,81,30
"S00110418",101,70,31
"S00110419",84,59,25
"S00110420",91,61,30
"S00110421",94,76,18
"S00110422",128,110,18
"S00110423",82,58,24
"S00110424",94,60,34
"S00110425",128,85,43
"S00110426",129,103,26
"S00110427",115,83,32
"S00110428",114,92,22
"S00110429",96,65,31
"S00110430",92,67,25
"S00110431",123,73,50
"S00110432",80,48,32
"S00110433",98,74,24
"S00110434",109,77,32
"S00110435",89,66,23
"S00110436",106,71,35
"S00110437",120,90,30
"S00110438",197,164,33
"S00110439",110,83,27
"S00110440",132,99,33
"S00110441",103,77,26
"S00110442",108,91,17
"S00110443",145,117,28
"S00110444",89,66,23
"S00110445",151,128,23
"S00110446",109,82,27
"S00110447",112,81,31
"S00110448",160,121,39
"S00110449",179,144,35
"S00110450",131,108,23
"S00110451",138,101,37
"S00110452",134,91,43
"S00110453",106,64,42
"S00110454",165,120,45
"S00110455",165,127,38
"S00110456",183,128,55
"S00110457",152,104,48
"S00110458",113,90,23
"S00110459",119,92,27
"S00110460",126,99,27
"S00110461",91,65,26
"S00110462",102,79,23
"S00110463",102,70,32
"S00110464",81,69,12
"S00110465",84,54,30
"S00110466",84,44,40
"S00110467",165,141,24
"S00110468",122,74,48
"S00110469",100,88,12
"S00110470",132,100,32
"S00110471",104,79,25
"S00110472",122,83,39
"S00110473",105,82,23
"S00110474",76,47,29
"S00110475",88,58,30
"S00110476",140,107,33
"S00110477",97,58,39
"S00110478",114,85,29
"S00110479",77,61,16
"S00110480",143,110,33
"S00110481",139,109,30
"S00110482",118,84,34
"S00110483",128,92,36
"S00110484",80,46,34
"S00110485",97,82,15
"S00110486",107,94,13
"S00110487",109,83,26
"S00110488",82,65,17
"S00110489",101,87,14
"S00110490",65,45,20
"S00110491",82,60,22
"S00110492",66,53,13
"S00110493",127,103,24
"S00110494",111,94,17
"S00110495",115,84,31
"S00110496",57,36,21
"S00110497",64,48,16
"S00110498",109,78,31
"S00110499",80,63,17
"S00110500",117,89,28
"S00110501",63,48,15
"S00110502",78,56,22
"S00110503",145,123,22
"S00110504",163,119,44
"S00110505",97,63,34
"S00110506",101,85,16
"S00110507",147,65,82
"S00110508",114,82,32
"S00110509",113,77,36
"S00110510",97,62,35
"S00110511",107,72,35
"S00110512",89,75,14
"S00110513",179,140,39
"S00110514",133,105,28
"S00110515",116,79,37
"S00110516",134,94,40
"S00110517",80,70,10
"S00110518",167,136,31
"S00110519",82,60,22
"S00110520",185,135,50
"S00110521",134,112,22
"S00110522",91,67,24
"S00110523",115,78,37
"S00110524",82,65,17
"S00110525",95,71,24
"S00110526",59,40,19
"S00110527",132,118,14
"S00110528",57,42,15
"S00110529",89,64,25
"S00110530",127,102,25
"S00110531",92,72,20
"S00110532",81,55,26
"S00110533",87,72,15
"S00110534",93,58,35
"S00110535",104,76,28
"S00110536",97,81,16
"S00110537",113,74,39
"S00110538",101,76,25
"S00110539",97,65,32
"S00110540",90,60,30
"S00110541",61,46,15
"S00110542",75,56,19
"S00110543",81,51,30
"S00110544",57,43,14
"S00110545",91,74,17
"S00110546",79,72,7
"S00110547",93,81,12
"S00110548",107,90,17
"S00110549",102,81,21
"S00110550",144,118,26
"S00110551",85,68,17
"S00110552",73,60,13
"S00110553",56,12,44
"S00110554",116,79,37
"S00110555",96,63,33
"S00110556",122,94,28
"S00110557",81,57,24
"S00110558",93,76,17
"S00110559",92,56,36
"S00110560",113,93,20
"S00110561",168,139,29
"S00110562",89,72,17
"S00110563",101,89,12
"S00110564",78,52,26
"S00110565",106,85,21
"S00110566",103,80,23
"S00110567",130,107,23
"S00110568",149,107,42
"S00110569",96,80,16
"S00110570",124,109,15
"S00110571",98,84,14
"S00110572",180,162,18
"S00110573",153,138,15
"S00110574",129,111,18
"S00110575",99,69,30
"S00110576",124,103,21
"S00110577",102,77,25
"S00110578",157,120,37
"S00110579",137,107,30
"S00110580",156,126,30
"S00110581",155,127,28
"S00110582",157,122,35
"S00110583",124,96,28
"S00110584",60,45,15
"S00110585",159,126,33
"S00110586",145,123,22
"S00110587",109,93,16
"S00110588",109,91,18
"S00110589",136,109,27
"S00110590",69,29,40
"S00110591",119,99,20
"S00110592",110,90,20
"S00110593",136,111,25
"S00110594",112,94,18
"S00110595",108,80,28
"S00110596",154,122,32
"S00110597",107,83,24
"S00110598",114,91,23
"S00110599",85,63,22
"S00110600",114,101,13
"S00110601",115,89,26
"S00110602",120,97,23
"S00110603",146,113,33
"S00110604",118,96,22
"S00110605",111,79,32
"S00110606",139,113,26
"S00110607",142,127,15
"S00110608",121,102,19
"S00110609",103,87,16
"S00110610",151,125,26
"S00110611",158,132,26
"S00110612",133,98,35
"S00110613",94,75,19
"S00110614",69,51,18
"S00110615",101,85,16
"S00110616",109,92,17
"S00110617",106,95,11
"S00110618",72,49,23
"S00110619",155,132,23
"S00110620",87,76,11
"S00110621",127,107,20
"S00110622",85,67,18
"S00110623",74,59,15
"S00110624",148,112,36
"S00110625",77,58,19
"S00110626",65,46,19
"S00110627",98,80,18
"S00110628",154,126,28
"S00110629",77,64,13
"S00110630",66,47,19
"S00110631",110,102,8
"S00110632",91,81,10
"S00110633",124,107,17
"S00110634",122,100,22
"S00110635",95,77,18
"S00110636",72,54,18
"S00110637",109,89,20
"S00110638",111,98,13
"S00110639",93,73,20
"S00110640",94,67,27
"S00110641",121,101,20
"S00110642",113,100,13
"S00110643",79,71,8
"S00110644",149,129,20
"S00110645",122,109,13
"S00110646",130,90,40
"S00110647",138,117,21
"S00110648",75,51,24
"S00110649",111,85,26
"S00110650",92,69,23
"S00110651",120,87,33
"S00110652",83,50,33
"S00110653",83,69,14
"S00110654",173,142,31
"S00110655",146,119,27
"S00110656",92,63,29
"S00110657",123,103,20
"S00110658",104,82,22
"S00110659",106,84,22
"S00110660",135,112,23
"S00110661",104,83,21
"S00110662",140,113,27
"S00110663",138,115,23
"S00110664",110,88,22
"S00110665",128,95,33
"S00110666",102,84,18
"S00110667",125,88,37
"S00110668",88,71,17
"S00110669",163,140,23
"S00110670",195,178,17
"S00110671",99,89,10
"S00110672",102,92,10
"S00110673",84,66,18
"S00110674",167,151,16
"S00110675",170,150,20
"S00110676",201,191,10
"S00110677",99,80,19
"S00110678",85,75,10
"S00110679",101,86,15
"S00110680",105,85,20
"S00110681",123,105,18
"S00110682",77,58,19
"S00110683",152,134,18
"S00110684",164,148,16
"S00110685",103,89,14
"S00110686",159,127,32
"S00110687",195,158,37
"S00110688",87,67,20
"S00110689",171,135,36
"S00110690",92,75,17
"S00110691",226,184,42
"S00110692",142,118,24
"S00110693",115,95,20
"S00110694",99,83,16
"S00110695",116,97,19
"S00110696",148,116,32
"S00110697",170,142,28
"S00110698",107,89,18
"S00110699",126,103,23
"S00110700",57,11,46
"S00110701",99,80,19
"S00110702",55,38,17
"S00110703",132,92,40
"S00110704",106,94,12
"S00110705",116,101,15
"S00110706",96,79,17
"S00110707",141,120,21
"S00110708",148,126,22
"S00110709",102,75,27
"S00110710",127,112,15
"S00110711",103,91,12
"S00110712",119,90,29
"S00110713",130,106,24
"S00110714",64,46,18
"S00110715",132,109,23
"S00110716",129,101,28
"S00110717",108,97,11
"S00110718",162,140,22
"S00110719",95,73,22
"S00110720",100,85,15
"S00110721",129,114,15
"S00110722",86,67,19
"S00110723",153,131,22
"S00110724",128,103,25
"S00110725",92,68,24
"S00110726",115,91,24
"S00110727",115,91,24
"S00110728",103,67,36
"S00110729",83,72,11
"S00110730",136,96,40
"S00110731",106,86,20
"S00110732",139,119,20
"S00110733",59,50,9
"S00110734",102,79,23
"S00110735",144,104,40
"S00110736",135,88,47
"S00110737",148,108,40
"S00110738",106,81,25
"S00110739",120,86,34
"S00110740",160,118,42
"S00110741",97,78,19
"S00110742",108,87,21
"S00110743",103,75,28
"S00110744",119,95,24
"S00110745",101,88,13
"S00110746",84,70,14
"S00110747",83,63,20
"S00110748",113,80,33
"S00110749",107,94,13
"S00110750",92,73,19
"S00110751",217,201,16
"S00110752",85,68,17
"S00110753",79,40,39
"S00110754",95,78,17
"S00110755",80,59,21
"S00110756",80,64,16
"S00110757",89,71,18
"S00110758",117,72,45
"S00110759",120,96,24
"S00110760",112,78,34
"S00110761",170,90,80
"S00110762",128,93,35
"S00110763",126,93,33
"S00110764",151,120,31
"S00110765",126,105,21
"S00110766",206,191,15
"S00110767",173,160,13
"S00110768",213,96,117
"S00110769",136,104,32
"S00110770",141,130,11
"S00110771",100,89,11
"S00110772",90,76,14
"S00110773",67,47,20
"S00110774",108,86,22
"S00110775",122,103,19
"S00110776",105,75,30
"S00110777",118,91,27
"S00110778",191,158,33
"S00110779",97,84,13
"S00110780",113,99,14
"S00110781",165,129,36
"S00110782",109,83,26
"S00110783",119,93,26
"S00110784",84,63,21
"S00110785",98,82,16
"S00110786",88,64,24
"S00110787",83,62,21
"S00110788",127,112,15
"S00110789",150,131,19
"S00110790",116,100,16
"S00110791",158,127,31
"S00110792",92,66,26
"S00110793",127,104,23
"S00110794",162,135,27
"S00110795",129,108,21
"S00110796",76,52,24
"S00110797",99,77,22
"S00110798",130,95,35
"S00110799",77,57,20
"S00110800",123,92,31
"S00110801",104,83,21
"S00110802",113,91,22
"S00110803",105,90,15
"S00110804",142,108,34
"S00110805",135,110,25
"S00110806",174,148,26
"S00110807",156,123,33
"S00110808",112,93,19
"S00110809",106,78,28
"S00110810",119,105,14
"S00110811",75,39,36
"S00110812",116,90,26
"S00110813",94,70,24
"S00110814",64,26,38
"S00110815",99,82,17
"S00110816",133,109,24
"S00110817",80,63,17
"S00110818",98,74,24
"S00110819",105,85,20
"S00110820",114,99,15
"S00110821",98,82,16
"S00110822",136,124,12
"S00110823",148,114,34
"S00110824",118,100,18
"S00110825",137,111,26
"S00110826",100,74,26
"S00110827",76,65,11
"S00110828",140,111,29
"S00110829",98,78,20
"S00110830",118,92,26
"S00110831",235,183,52
"S00110832",74,53,21
"S00110833",93,75,18
"S00110834",110,80,30
"S00110835",122,87,35
"S00110836",107,71,36
"S00110837",96,77,19
"S00110838",77,58,19
"S00110839",198,152,46
"S00110840",143,120,23
"S00110841",140,115,25
"S00110842",97,82,15
"S00110843",86,69,17
"S00110844",114,92,22
"S00110845",107,90,17
"S00110846",100,85,15
"S00110847",94,77,17
"S00110848",101,83,18
"S00110849",97,68,29
"S00110850",104,70,34
"S00110851",67,45,22
"S00110852",88,74,14
"S00110853",86,66,20
"S00110854",82,63,19
"S00110855",92,79,13
"S00110856",132,109,23
"S00110857",84,72,12
"S00110858",91,82,9
"S00110859",132,103,29
"S00110860",101,77,24
"S00110861",160,131,29
"S00110862",126,103,23
"S00110863",80,54,26
"S00110864",50,43,7
"S00110865",68,47,21
"S00110866",66,57,9
"S00110867",93,76,17
"S00110868",85,62,23
"S00110869",99,76,23
"S00110870",140,108,32
"S00110871",164,131,33
"S00110872",139,108,31
"S00110873",136,92,44
"S00110874",155,127,28
"S00110875",83,42,41
"S00110876",118,96,22
"S00110877",98,76,22
"S00110878",105,66,39
"S00110879",116,85,31
"S00110880",87,56,31
"S00110881",157,113,44
"S00110882",72,57,15
"S00110883",65,46,19
"S00110884",77,52,25
"S00110885",62,49,13
"S00110886",73,52,21
"S00110887",75,59,16
"S00110888",79,58,21
"S00110889",131,105,26
"S00110890",68,61,7
"S00110891",158,115,43
"S00110892",89,69,20
"S00110893",128,104,24
"S00110894",153,116,37
"S00110895",50,40,10
"S00110896",132,96,36
"S00110897",137,106,31
"S00110898",78,55,23
"S00110899",94,66,28
"S00110900",156,126,30
"S00110901",102,86,16
"S00110902",132,113,19
"S00110903",137,108,29
"S00110904",159,118,41
"S00110905",94,80,14
"S00110906",135,112,23
"S00110907",129,98,31
"S00110908",115,83,32
"S00110909",98,80,18
"S00110910",83,61,22
"S00110911",101,79,22
"S00110912",89,75,14
"S00110913",80,67,13
"S00110914",71,53,18
"S00110915",90,76,14
"S00110916",114,95,19
"S00110917",97,81,16
"S00110918",63,52,11
"S00110919",105,72,33
"S00110920",115,102,13
"S00110921",78,63,15
"S00110922",65,49,16
"S00110923",64,47,17
"S00110924",124,100,24
"S00110925",96,82,14
"S00110926",108,92,16
"S00110927",91,80,11
"S00110928",77,63,14
"S00110929",84,59,25
"S00110930",74,55,19
"S00110931",61,53,8
"S00110932",88,67,21
"S00110933",144,119,25
"S00110934",94,76,18
"S00110935",121,107,14
"S00110936",55,46,9
"S00110937",100,77,23
"S00110938",59,43,16
"S00110939",93,83,10
"S00110940",87,74,13
"S00110941",140,119,21
"S00110942",140,95,45
"S00110943",84,62,22
"S00110944",85,77,8
"S00110945",173,138,35
"S00110946",70,59,11
"S00110947",91,61,30
"S00110948",101,87,14
"S00110949",143,124,19
"S00110950",73,66,7
"S00110951",86,73,13
"S00110952",132,113,19
"S00110953",57,45,12
"S00110954",84,69,15
"S00110955",58,51,7
"S00110956",110,100,10
"S00110957",90,74,16
"S00110958",70,62,8
"S00110959",87,58,29
"S00110960",54,44,10
"S00110961",60,44,16
"S00110962",114,83,31
"S00110963",139,117,22
"S00110964",115,88,27
"S00110965",51,46,5
"S00110966",150,107,43
"S00110967",86,78,8
"S00110968",156,146,10
"S00110969",116,103,13
"S00110970",76,66,10
"S00110971",91,73,18
"S00110972",86,77,9
"S00110973",60,53,7
"S00110974",188,161,27
"S00110975",174,151,23
"S00110976",105,82,23
"S00110977",88,78,10
"S00110978",149,135,14
"S00110979",153,139,14
"S00110980",124,89,35
"S00110981",143,122,21
"S00110982",154,141,13
"S00110983",148,118,30
"S00110984",120,101,19
"S00110985",110,91,19
"S00110986",74,57,17
"S00110987",87,65,22
"S00110988",139,118,21
"S00110989",56,40,16
"S00110990",87,66,21
"S00110991",142,117,25
"S00110992",105,92,13
"S00110993",96,82,14
"S00110994",121,97,24
"S00110995",114,97,17
"S00110996",99,86,13
"S00110997",133,93,40
"S00110998",83,67,16
"S00110999",115,101,14
"S00111000",108,85,23
"S00111001",104,85,19
"S00111002",108,93,15
"S00111003",175,154,21
"S00111004",115,95,20
"S00111005",176,148,28
"S00111006",110,100,10
"S00111007",151,126,25
"S00111008",123,107,16
"S00111009",151,128,23
"S00111010",160,130,30
"S00111011",145,117,28
"S00111012",115,87,28
"S00111013",138,100,38
"S00111014",117,105,12
"S00111015",72,58,14
"S00111016",97,77,20
"S00111017",156,133,23
"S00111018",87,76,11
"S00111019",130,112,18
"S00111020",61,52,9
"S00111021",90,65,25
"S00111022",147,121,26
"S00111023",150,116,34
"S00111024",76,65,11
"S00111025",173,125,48
"S00111026",157,138,19
"S00111027",125,102,23
"S00111028",111,94,17
"S00111029",125,110,15
"S00111030",54,47,7
"S00111031",159,142,17
"S00111032",114,86,28
"S00111033",235,181,54
"S00111034",65,41,24
"S00111035",98,80,18
"S00111036",79,67,12
"S00111037",152,128,24
"S00111038",175,149,26
"S00111039",65,46,19
"S00111040",82,71,11
"S00111041",111,85,26
"S00111042",59,38,21
"S00111043",164,144,20
"S00111044",69,56,13
"S00111045",85,79,6
"S00111046",152,109,43
"S00111047",148,132,16
"S00111048",70,53,17
"S00111049",111,97,14
"S00111050",80,48,32
"S00111051",119,109,10
"S00111052",84,73,11
"S00111053",173,146,27
"S00111054",138,114,24
"S00111055",100,83,17
"S00111056",113,92,21
"S00111057",65,54,11
"S00111058",130,110,20
"S00111059",145,125,20
"S00111060",167,156,11
"S00111061",84,71,13
"S00111062",123,106,17
"S00111063",68,60,8
"S00111064",96,88,8
"S00111065",92,72,20
"S00111066",135,125,10
"S00111067",99,85,14
"S00111068",100,87,13
"S00111069",98,71,27
"S00111070",138,123,15
"S00111071",120,102,18
"S00111072",120,94,26
"S00111073",123,104,19
"S00111074",195,177,18
"S00111075",88,77,11
"S00111076",114,106,8
"S00111077",163,147,16
"S00111078",133,108,25
"S00111079",76,53,23
"S00111080",76,64,12
"S00111081",98,64,34
"S00111082",84,75,9
"S00111083",173,140,33
"S00111084",139,108,31
"S00111085",93,79,14
"S00111086",116,98,18
"S00111087",144,124,20
"S00111088",146,137,9
"S00111089",108,94,14
"S00111090",98,90,8
"S00111091",89,71,18
"S00111092",132,117,15
"S00111093",112,101,11
"S00111094",162,140,22
"S00111095",91,76,15
"S00111096",86,80,6
"S00111097",109,100,9
"S00111098",82,61,21
"S00111099",77,65,12
"S00111100",119,105,14
"S00111101",119,99,20
"S00111102",125,117,8
"S00111103",103,92,11
"S00111104",161,153,8
"S00111105",132,111,21
"S00111106",142,134,8
"S00111107",122,115,7
"S00111108",111,93,18
"S00111109",91,77,14
"S00111110",162,135,27
"S00111111",142,123,19
"S00111112",145,130,15
"S00111113",106,86,20
"S00111114",126,105,21
"S00111115",75,57,18
"S00111116",98,80,18
"S00111117",86,71,15
"S00111118",73,59,14
"S00111119",51,42,9
"S00111120",108,73,35
"S00111121",86,66,20
"S00111122",120,95,25
"S00111123",76,60,16
"S00111124",98,76,22
"S00111125",123,91,32
"S00111126",145,108,37
"S00111127",112,99,13
"S00111128",103,84,19
"S00111129",102,84,18
"S00111130",134,105,29
"S00111131",126,102,24
"S00111132",139,117,22
"S00111133",93,79,14
"S00111134",144,135,9
"S00111135",105,83,22
"S00111136",136,122,14
"S00111137",134,115,19
"S00111138",124,106,18
"S00111139",113,91,22
"S00111140",65,56,9
"S00111141",104,87,17
"S00111142",127,103,24
"S00111143",433,403,30
"S00111144",179,146,33
"S00111145",522,503,19
"S00111146",56,48,8
"S00111147",72,65,7
"S00111148",119,110,9
"S00111149",159,142,17
"S00111150",79,55,24
"S00111151",149,138,11
"S00111152",169,151,18
"S00111153",1908,1829,79
"S00111154",187,183,4
"S00111155",213,201,12
"S00111156",285,261,24
"S00111157",132,124,8
"S00111158",180,167,13
"S00111159",407,390,17
"S00111160",142,132,10
"S00111161",214,186,28
"S00111162",71,50,21
"S00111163",117,110,7
"S00111164",68,54,14
"S00111165",345,324,21
"S00111166",102,93,9
"S00111167",136,130,6
"S00111168",146,131,15
"S00111169",77,67,10
"S00111170",158,149,9
"S00111171",50,41,9
"S00111172",247,230,17
"S00111173",113,106,7
"S00111174",121,111,10
"S00111175",103,90,13
"S00111176",121,102,19
"S00111177",182,162,20
"S00111178",115,101,14
"S00111179",115,99,16
"S00111180",135,119,16
"S00111181",137,110,27
"S00111182",139,120,19
"S00111183",132,107,25
"S00111184",105,95,10
"S00111185",73,60,13
"S00111186",70,59,11
"S00111187",116,82,34
"S00111188",144,120,24
"S00111189",123,104,19
"S00111190",97,79,18
"S00111191",158,130,28
"S00111192",79,65,14
"S00111193",93,79,14
"S00111194",84,67,17
"S00111195",86,78,8
"S00111196",112,96,16
"S00111197",129,126,3
"S00111198",126,119,7
"S00111199",102,100,2
"S00111200",83,55,28
"S00111201",139,117,22
"S00111202",146,116,30
"S00111203",140,121,19
"S00111204",156,151,5
"S00111205",179,174,5
"S00111206",436,407,29
"S00111207",153,150,3
"S00111208",109,105,4
"S00111209",101,71,30
"S00111210",161,130,31
"S00111211",96,87,9
"S00111212",156,132,24
"S00111213",103,88,15
"S00111214",86,65,21
"S00111215",139,120,19
"S00111216",96,83,13
"S00111217",131,118,13
"S00111218",162,148,14
"S00111219",153,133,20
"S00111220",121,102,19
"S00111221",58,46,12
"S00111222",120,111,9
"S00111223",104,95,9
"S00111224",140,125,15
"S00111225",130,127,3
"S00111226",132,123,9
"S00111227",109,95,14
"S00111228",176,159,17
"S00111229",149,127,22
"S00111230",85,71,14
"S00111231",117,106,11
"S00111232",113,96,17
"S00111233",107,93,14
"S00111234",154,107,47
"S00111235",107,98,9
"S00111236",150,124,26
"S00111237",121,106,15
"S00111238",121,107,14
"S00111239",173,113,60
"S00111240",86,76,10
"S00111241",126,107,19
"S00111242",90,77,13
"S00111243",63,57,6
"S00111244",128,113,15
"S00111245",109,94,15
"S00111246",134,113,21
"S00111247",68,60,8
"S00111248",79,64,15
"S00111249",98,86,12
"S00111250",69,43,26
"S00111251",116,100,16
"S00111252",164,148,16
"S00111253",96,68,28
"S00111254",85,70,15
"S00111255",147,123,24
"S00111256",130,109,21
"S00111257",112,93,19
"S00111258",103,82,21
"S00111259",98,81,17
"S00111260",93,69,24
"S00111261",80,65,15
"S00111262",117,94,23
"S00111263",89,73,16
"S00111264",73,59,14
"S00111265",173,142,31
"S00111266",218,180,38
"S00111267",92,75,17
"S00111268",77,68,9
"S00111269",85,77,8
"S00111270",96,78,18
"S00111271",72,59,13
"S00111272",87,74,13
"S00111273",92,88,4
"S00111274",64,48,16
"S00111275",80,61,19
"S00111276",96,83,13
"S00111277",135,121,14
"S00111278",118,95,23
"S00111279",88,62,26
"S00111280",82,66,16
"S00111281",62,56,6
"S00111282",70,64,6
"S00111283",113,89,24
"S00111284",106,77,29
"S00111285",60,46,14
"S00111286",94,82,12
"S00111287",130,107,23
"S00111288",103,94,9
"S00111289",147,136,11
"S00111290",126,106,20
"S00111291",162,147,15
"S00111292",114,103,11
"S00111293",141,133,8
"S00111294",137,124,13
"S00111295",103,86,17
"S00111296",78,62,16
"S00111297",55,29,26
"S00111298",90,61,29
"S00111299",77,55,22
"S00111300",84,59,25
"S00111301",122,97,25
"S00111302",93,69,24
"S00111303",58,39,19
"S00111304",107,91,16
"S00111305",74,62,12
"S00111306",55,44,11
"S00111307",105,92,13
"S00111308",108,74,34
"S00111309",172,148,24
"S00111310",124,104,20
"S00111311",106,85,21
"S00111312",113,100,13
"S00111313",99,77,22
"S00111314",83,27,56
"S00111315",64,50,14
"S00111316",127,97,30
"S00111317",113,89,24
"S00111318",68,47,21
"S00111319",185,172,13
"S00111320",249,243,6
"S00111321",203,193,10
"S00111322",166,159,7
"S00111323",122,113,9
"S00111324",153,136,17
"S00111325",119,110,9
"S00111326",127,121,6
"S00111327",185,171,14
"S00111328",176,165,11
"S00111329",82,75,7
"S00111330",177,123,54
"S00111331",151,144,7
"S00111332",62,51,11
"S00111333",93,83,10
"S00111334",97,79,18
"S00111335",159,134,25
"S00111336",89,74,15
"S00111337",92,79,13
"S00111338",73,57,16
"S00111339",107,71,36
"S00111340",106,76,30
"S00111341",125,104,21
"S00111342",69,59,10
"S00111343",153,142,11
"S00111344",99,81,18
"S00111345",53,42,11
"S00111346",181,162,19
"S00111347",151,140,11
"S00111348",62,58,4
"S00111349",140,127,13
"S00111350",189,180,9
"S00111351",90,82,8
"S00111352",136,124,12
"S00111353",54,45,9
"S00111354",84,71,13
"S00111355",163,146,17
"S00111356",140,110,30
"S00111357",77,69,8
"S00111358",118,101,17
"S00111359",101,81,20
"S00111360",67,50,17
"S00111361",127,95,32
"S00111362",79,66,13
"S00111363",106,69,37
"S00111364",105,83,22
"S00111365",59,50,9
"S00111366",89,75,14
"S00111367",87,80,7
"S00111368",63,54,9
"S00111369",107,82,25
"S00111370",102,73,29
"S00111371",90,62,28
"S00111372",74,51,23
"S00111373",103,85,18
"S00111374",69,42,27
"S00111375",121,107,14
"S00111376",67,65,2
"S00111377",95,67,28
"S00111378",98,81,17
"S00111379",72,51,21
"S00111380",66,48,18
"S00111381",148,133,15
"S00111382",101,81,20
"S00111383",69,28,41
"S00111384",96,80,16
"S00111385",104,70,34
"S00111386",99,77,22
"S00111387",138,128,10
"S00111388",128,112,16
"S00111389",128,119,9
"S00111390",190,180,10
"S00111391",82,64,18
"S00111392",104,52,52
"S00111393",106,86,20
"S00111394",139,132,7
"S00111395",130,114,16
"S00111396",100,84,16
"S00111397",149,122,27
"S00111398",101,92,9
"S00111399",126,63,63
"S00111400",145,124,21
"S00111401",108,94,14
"S00111402",76,62,14
"S00111403",94,70,24
"S00111404",63,58,5
"S00111405",139,125,14
"S00111406",126,107,19
"S00111407",223,207,16
"S00111408",130,128,2
"S00111409",65,57,8
"S00111410",86,74,12
"S00111411",76,70,6
"S00111412",166,149,17
"S00111413",67,60,7
"S00111414",106,62,44
"S00111415",173,153,20
"S00111416",74,52,22
"S00111417",59,50,9
"S00111418",106,82,24
"S00111419",62,51,11
"S00111420",135,119,16
"S00111421",71,62,9
"S00111422",88,81,7
"S00111423",82,72,10
"S00111424",131,112,19
"S00111425",115,89,26
"S00111426",99,65,34
"S00111427",94,74,20
"S00111428",84,69,15
"S00111429",82,61,21
"S00111430",151,132,19
"S00111431",98,92,6
"S00111432",64,59,5
"S00111433",101,85,16
"S00111434",70,56,14
"S00111435",108,84,24
"S00111436",131,111,20
"S00111437",196,170,26
"S00111438",121,86,35
"S00111439",91,85,6
"S00111440",70,55,15
"S00111441",65,53,12
"S00111442",72,63,9
"S00111443",106,89,17
"S00111444",128,108,20
"S00111445",79,67,12
"S00111446",78,58,20
"S00111447",71,54,17
"S00111448",149,129,20
"S00111449",146,132,14
"S00111450",53,46,7
"S00111451",78,61,17
"S00111452",128,112,16
"S00111453",97,82,15
"S00111454",103,87,16
"S00111455",148,113,35
"S00111456",158,134,24
"S00111457",60,50,10
"S00111458",82,64,18
"S00111459",80,64,16
"S00111460",85,68,17
"S00111461",109,92,17
"S00111462",163,149,14
"S00111463",51,45,6
"S00111464",125,106,19
"S00111465",90,80,10
"S00111466",140,114,26
"S00111467",94,77,17
"S00111468",102,88,14
"S00111469",79,69,10
"S00111470",73,49,24
"S00111471",84,69,15
"S00111472",122,96,26
"S00111473",169,155,14
"S00111474",71,63,8
"S00111475",76,59,17
"S00111476",56,44,12
"S00111477",72,61,11
"S00111478",175,173,2
"S00111479",56,45,11
"S00111480",138,123,15
"S00111481",113,105,8
"S00111482",53,37,16
"S00111483",53,28,25
"S00111484",114,105,9
"S00111485",51,47,4
"S00111486",88,74,14
"S00111487",61,55,6
"S00111488",64,55,9
"S00111489",74,61,13
"S00111490",121,110,11
"S00111491",179,144,35
"S00111492",115,85,30
"S00111493",116,98,18
"S00111494",80,69,11
"S00111495",54,50,4
"S00111496",92,80,12
"S00111497",92,72,20
"S00111498",104,84,20
"S00111499",254,154,100
"S00111500",147,139,8
"S00111501",98,89,9
"S00111502",131,117,14
"S00111503",86,72,14
"S00111504",113,95,18
"S00111505",119,101,18
"S00111506",90,75,15
"S00111507",118,108,10
"S00111508",159,137,22
"S00111509",105,89,16
"S00111510",93,71,22
"S00111511",158,131,27
"S00111512",96,89,7
"S00111513",106,64,42
"S00111514",129,126,3
"S00111515",209,203,6
"S00111516",209,196,13
"S00111517",244,231,13
"S00111518",101,96,5
"S00111519",223,200,23
"S00111520",141,135,6
"S00111521",144,110,34
"S00111522",87,67,20
"S00111523",92,83,9
"S00111524",141,91,50
"S00111525",84,63,21
"S00111526",161,128,33
"S00111527",96,90,6
"S00111528",116,101,15
"S00111529",110,95,15
"S00111530",138,126,12
"S00111531",138,121,17
"S00111532",57,42,15
"S00111533",71,49,22
"S00111534",101,87,14
"S00111535",111,96,15
"S00111536",87,76,11
"S00111537",88,79,9
"S00111538",84,77,7
"S00111539",50,44,6
"S00111540",72,67,5
"S00111541",191,140,51
"S00111542",59,51,8
"S00111543",78,65,13
"S00111544",108,96,12
"S00111545",114,97,17
"S00111546",51,39,12
"S00111547",134,111,23
"S00111548",81,52,29
"S00111549",128,122,6
"S00111550",149,134,15
"S00111551",126,105,21
"S00111552",79,55,24
"S00111553",76,52,24
"S00111554",69,60,9
"S00111555",99,86,13
"S00111556",130,118,12
"S00111557",173,127,46
"S00111558",92,68,24
"S00111559",73,62,11
"S00111560",69,61,8
"S00111561",107,93,14
"S00111562",103,90,13
"S00111563",72,55,17
"S00111564",136,110,26
"S00111565",111,100,11
"S00111566",107,88,19
"S00111567",68,55,13
"S00111568",81,76,5
"S00111569",144,124,20
"S00111570",73,59,14
"S00111571",115,86,29
"S00111572",121,102,19
"S00111573",76,65,11
"S00111574",121,104,17
"S00111575",63,53,10
"S00111576",82,67,15
"S00111577",86,72,14
"S00111578",127,111,16
"S00111579",79,62,17
"S00111580",127,101,26
"S00111581",76,63,13
"S00111582",187,156,31
"S00111583",90,73,17
"S00111584",76,61,15
"S00111585",89,66,23
"S00111586",84,71,13
"S00111587",61,48,13
"S00111588",97,74,23
"S00111589",124,111,13
"S00111590",124,106,18
"S00111591",57,37,20
"S00111592",82,57,25
"S00111593",59,35,24
"S00111594",60,29,31
"S00111595",54,30,24
"S00111596",51,24,27
"S00111597",53,28,25
"S00111598",84,72,12
"S00111599",141,122,19
"S00111600",59,55,4
"S00111601",66,59,7
"S00111602",58,38,20
"S00111603",127,108,19
"S00111604",79,64,15
"S00111605",134,104,30
"S00111606",63,51,12
"S00111607",133,112,21
"S00111608",79,61,18
"S00111609",79,59,20
"S00111610",129,111,18
"S00111611",79,63,16
"S00111612",135,112,23
"S00111613",52,42,10
"S00111614",97,75,22
"S00111615",81,75,6
"S00111616",177,129,48
"S00111617",78,66,12
"S00111618",78,63,15
"S00111619",119,89,30
"S00111620",63,44,19
"S00111621",140,101,39
"S00111622",55,44,11
"S00111623",84,58,26
"S00111624",100,86,14
"S00111625",163,135,28
"S00111626",59,47,12
"S00111627",122,88,34
"S00111628",139,104,35
"S00111629",100,85,15
"S00111630",73,66,7
"S00111631",71,61,10
"S00111632",109,84,25
"S00111633",82,67,15
"S00111634",117,96,21
"S00111635",50,30,20
"S00111636",141,113,28
"S00111637",117,94,23
"S00111638",80,58,22
"S00111639",71,52,19
"S00111640",98,81,17
"S00111641",69,59,10
"S00111642",152,135,17
"S00111643",75,68,7
"S00111644",190,171,19
"S00111645",163,149,14
"S00111646",179,168,11
"S00111647",143,135,8
"S00111648",167,159,8
"S00111649",95,83,12
"S00111650",153,145,8
"S00111651",197,187,10
"S00111652",216,210,6
"S00111653",82,79,3
"S00111654",190,177,13
"S00111655",199,191,8
"S00111656",125,115,10
"S00111657",275,268,7
"S00111658",72,68,4
"S00111659",94,88,6
"S00111660",110,101,9
"S00111661",150,141,9
"S00111662",181,167,14
"S00111663",119,113,6
"S00111664",181,170,11
"S00111665",154,141,13
"S00111666",235,220,15
"S00111667",183,175,8
"S00111668",206,192,14
"S00111669",126,116,10
"S00111670",150,144,6
"S00111671",188,173,15
"S00111672",228,217,11
"S00111673",173,170,3
"S00111674",169,148,21
"S00111675",215,204,11
"S00111676",122,116,6
"S00111677",175,164,11
"S00111678",184,175,9
"S00111679",184,178,6
"S00111680",135,129,6
"S00111681",130,111,19
"S00111682",164,161,3
"S00111683",202,195,7
"S00111684",179,168,11
"S00111685",224,210,14
"S00111686",93,92,1
"S00111687",283,267,16
"S00111688",147,146,1
"S00111689",70,59,11
"S00111690",223,218,5
"S00111691",233,222,11
"S00111692",166,159,7
"S00111693",252,244,8
"S00111694",195,185,10
"S00111695",193,169,24
"S00111696",75,67,8
"S00111697",128,109,19
"S00111698",140,127,13
"S00111699",63,57,6
"S00111700",90,75,15
"S00111701",98,81,17
"S00111702",155,131,24
"S00111703",98,78,20
"S00111704",132,111,21
"S00111705",110,88,22
"S00111706",106,85,21
"S00111707",96,88,8
"S00111708",56,44,12
"S00111709",121,107,14
"S00111710",147,140,7
"S00111711",145,129,16
"S00111712",233,224,9
"S00111713",107,102,5
"S00111714",240,223,17
"S00111715",77,70,7
"S00111716",209,166,43
"S00111717",173,144,29
"S00111718",90,74,16
"S00111719",99,85,14
"S00111720",114,100,14
"S00111721",86,81,5
"S00111722",106,93,13
"S00111723",88,67,21
"S00111724",90,79,11
"S00111725",97,77,20
"S00111726",76,59,17
"S00111727",131,119,12
"S00111728",102,100,2
"S00111729",123,115,8
"S00111730",162,151,11
"S00111731",86,83,3
"S00111732",167,159,8
"S00111733",104,95,9
"S00111734",109,89,20
"S00111735",89,83,6
"S00111736",147,128,19
"S00111737",165,155,10
"S00111738",197,190,7
"S00111739",203,187,16
"S00111740",82,73,9
"S00111741",127,113,14
"S00111742",115,112,3
"S00111743",67,53,14
"S00111744",204,189,15
"S00111745",191,169,22
"S00111746",62,56,6
"S00111747",85,79,6
"S00111748",107,85,22
"S00111749",96,93,3
"S00111750",153,118,35
"S00111751",126,115,11
"S00111752",73,69,4
"S00111753",73,68,5
"S00111754",108,86,22
"S00111755",87,77,10
"S00111756",173,153,20
"S00111757",119,109,10
"S00111758",119,89,30
"S00111759",88,76,12
"S00111760",128,106,22
"S00111761",117,102,15
"S00111762",52,42,10
"S00111763",142,120,22
"S00111764",94,83,11
"S00111765",110,74,36
"S00111766",51,36,15
"S00111767",108,94,14
"S00111768",121,103,18
"S00111769",116,109,7
"S00111770",91,77,14
"S00111771",54,36,18
"S00111772",196,156,40
"S00111773",124,99,25
"S00111774",117,87,30
"S00111775",76,54,22
"S00111776",71,66,5
"S00111777",132,83,49
"S00111778",57,47,10
"S00111779",80,61,19
"S00111780",133,116,17
"S00111781",96,84,12
"S00111782",147,129,18
"S00111783",94,85,9
"S00111784",106,87,19
"S00111785",75,60,15
"S00111786",164,118,46
"S00111787",138,102,36
"S00111788",98,94,4
"S00111789",65,63,2
"S00111790",120,111,9
"S00111791",129,115,14
"S00111792",108,95,13
"S00111793",70,65,5
"S00111794",131,114,17
"S00111795",83,78,5
"S00111796",127,106,21
"S00111797",149,129,20
"S00111798",89,83,6
"S00111799",79,64,15
"S00111800",78,70,8
"S00111801",148,141,7
"S00111802",94,87,7
"S00111803",131,97,34
"S00111804",78,70,8
"S00111805",71,48,23
"S00111806",67,58,9
"S00111807",97,76,21
"S00111808",77,42,35
"S00111809",100,93,7
"S00111810",239,213,26
"S00111811",91,77,14
"S00111812",225,208,17
"S00111813",192,180,12
"S00111814",76,21,55
"S00111815",107,78,29
"S00111816",58,49,9
"S00111817",58,51,7
"S00111818",162,146,16
"S00111819",187,106,81
"S00111820",195,161,34
"S00111821",193,156,37
"S00111822",65,56,9
"S00111823",135,118,17
"S00111824",128,105,23
"S00111825",191,170,21
"S00111826",252,239,13
"S00111827",89,73,16
"S00111828",144,123,21
"S00111829",149,93,56
"S00111830",91,78,13
"S00111831",89,68,21
"S00111832",141,116,25
"S00111833",142,129,13
"S00111834",53,39,14
"S00111835",160,128,32
"S00111836",158,135,23
"S00111837",146,116,30
"S00111838",153,132,21
"S00111839",119,112,7
"S00111840",121,112,9
"S00111841",179,163,16
"S00111842",139,118,21
"S00111843",113,99,14
"S00111844",151,120,31
"S00111845",88,79,9
"S00111846",66,37,29
"S00111847",71,54,17
"S00111848",156,133,23
"S00111849",100,78,22
"S00111850",73,66,7
"S00111851",137,111,26
"S00111852",106,79,27
"S00111853",73,69,4
"S00111854",79,62,17
"S00111855",151,116,35
"S00111856",59,44,15
"S00111857",85,67,18
"S00111858",87,67,20
"S00111859",65,55,10
"S00111860",132,115,17
"S00111861",119,93,26
"S00111862",78,49,29
"S00111863",63,41,22
"S00111864",87,35,52
"S00111865",138,120,18
"S00111866",281,258,23
"S00111867",74,62,12
"S00111868",145,119,26
"S00111869",91,82,9
"S00111870",158,111,47
"S00111871",82,66,16
"S00111872",148,124,24
"S00111873",178,160,18
"S00111874",98,93,5
"S00111875",84,78,6
"S00111876",155,136,19
"S00111877",83,60,23
"S00111878",115,96,19
"S00111879",125,97,28
"S00111880",63,53,10
"S00111881",139,123,16
"S00111882",110,99,11
"S00111883",95,86,9
"S00111884",85,82,3
"S00111885",77,68,9
"S00111886",75,61,14
"S00111887",89,73,16
"S00111888",134,125,9
"S00111889",90,74,16
"S00111890",75,70,5
"S00111891",85,60,25
"S00111892",135,120,15
"S00111893",75,63,12
"S00111894",75,42,33
"S00111895",132,58,74
"S00111896",65,44,21
"S00111897",60,38,22
"S00111898",107,88,19
"S00111899",181,159,22
"S00111900",74,51,23
"S00111901",69,58,11
"S00111902",148,120,28
"S00111903",52,38,14
"S00111904",102,65,37
"S00111905",129,79,50
"S00111906",167,149,18
"S00111907",77,60,17
"S00111908",126,95,31
"S00111909",55,42,13
"S00111910",147,115,32
"S00111911",161,152,9
"S00111912",115,104,11
"S00111913",102,96,6
"S00111914",192,176,16
"S00111915",85,77,8
"S00111916",111,94,17
"S00111917",84,61,23
"S00111918",177,154,23
"S00111919",211,192,19
"S00111920",70,60,10
"S00111921",89,78,11
"S00111922",52,38,14
"S00111923",105,80,25
"S00111924",69,48,21
"S00111925",77,67,10
"S00111926",137,121,16
"S00111927",148,129,19
"S00111928",157,141,16
"S00111929",104,97,7
"S00111930",52,32,20
"S00111931",114,80,34
"S00111932",68,53,15
"S00111933",126,102,24
"S00111934",76,60,16
"S00111935",122,86,36
"S00111936",151,104,47
"S00111937",140,110,30
"S00111938",65,48,17
"S00111939",104,93,11
"S00111940",86,67,19
"S00111941",97,71,26
"S00111942",156,109,47
"S00111943",97,80,17
"S00111944",109,88,21
"S00111945",139,110,29
"S00111946",119,81,38
"S00111947",179,155,24
"S00111948",165,124,41
"S00111949",84,65,19
"S00111950",126,120,6
"S00111951",96,81,15
"S00111952",73,55,18
"S00111953",79,60,19
"S00111954",161,122,39
"S00111955",113,100,13
"S00111956",76,57,19
"S00111957",120,87,33
"S00111958",65,50,15
"S00111959",86,67,19
"S00111960",85,37,48
"S00111961",98,68,30
"S00111962",66,54,12
"S00111963",146,98,48
"S00111964",129,100,29
"S00111965",104,82,22
"S00111966",193,114,79
"S00111967",179,139,40
"S00111968",95,65,30
"S00111969",68,44,24
"S00111970",163,125,38
"S00111971",99,79,20
"S00111972",120,90,30
"S00111973",178,167,11
"S00111974",134,124,10
"S00111975",77,59,18
"S00111976",123,99,24
"S00111977",101,93,8
"S00111978",114,82,32
"S00111979",82,65,17
"S00111980",119,102,17
"S00111981",125,98,27
"S00111982",154,126,28
"S00111983",158,137,21
"S00111984",76,70,6
"S00111985",156,129,27
"S00111986",76,70,6
"S00111987",125,106,19
"S00111988",219,198,21
"S00111989",157,149,8
"S00111990",111,106,5
"S00111991",176,158,18
"S00111992",86,71,15
"S00111993",74,69,5
"S00111994",65,52,13
"S00111995",164,144,20
"S00111996",111,79,32
"S00111997",129,105,24
"S00111998",98,69,29
"S00111999",85,28,57
"S00112000",67,51,16
"S00112001",136,93,43
"S00112002",172,134,38
"S00112003",129,116,13
"S00112004",126,107,19
"S00112005",107,94,13
"S00112006",68,50,18
"S00112007",110,88,22
"S00112008",116,89,27
"S00112009",115,99,16
"S00112010",72,54,18
"S00112011",97,71,26
"S00112012",166,153,13
"S00112013",95,80,15
"S00112014",136,125,11
"S00112015",92,81,11
"S00112016",163,151,12
"S00112017",83,74,9
"S00112018",127,82,45
"S00112019",73,53,20
"S00112020",122,89,33
"S00112021",143,134,9
"S00112022",86,68,18
"S00112023",90,80,10
"S00112024",97,81,16
"S00112025",104,80,24
"S00112026",111,98,13
"S00112027",72,53,19
"S00112028",108,99,9
"S00112029",116,96,20
"S00112030",73,67,6
"S00112031",118,100,18
"S00112032",95,76,19
"S00112033",83,76,7
"S00112034",96,78,18
"S00112035",88,74,14
"S00112036",77,44,33
"S00112037",156,107,49
"S00112038",144,107,37
"S00112039",117,96,21
"S00112040",104,79,25
"S00112041",108,94,14
"S00112042",85,73,12
"S00112043",156,140,16
"S00112044",80,64,16
"S00112045",106,78,28
"S00112046",100,78,22
"S00112047",116,103,13
"S00112048",138,123,15
"S00112049",127,100,27
"S00112050",107,101,6
"S00112051",84,68,16
"S00112052",107,87,20
"S00112053",115,94,21
"S00112054",182,150,32
"S00112055",72,63,9
"S00112056",115,96,19
"S00112057",100,87,13
"S00112058",87,77,10
"S00112059",105,81,24
"S00112060",53,41,12
"S00112061",145,127,18
"S00112062",60,47,13
"S00112063",60,54,6
"S00112064",169,132,37
"S00112065",98,67,31
"S00112066",76,68,8
"S00112067",74,62,12
"S00112068",158,151,7
"S00112069",116,95,21
"S00112070",96,91,5
"S00112071",60,31,29
"S00112072",140,123,17
"S00112073",59,40,19
"S00112074",116,91,25
"S00112075",208,146,62
"S00112076",88,81,7
"S00112077",76,66,10
"S00112078",97,82,15
"S00112079",103,92,11
"S00112080",81,70,11
"S00112081",105,85,20
"S00112082",141,134,7
"S00112083",71,68,3
"S00112084",121,94,27
"S00112085",56,46,10
"S00112086",124,86,38
"S00112087",55,44,11
"S00112088",99,85,14
"S00112089",103,72,31
"S00112090",85,73,12
"S00112091",77,67,10
"S00112092",122,107,15
"S00112093",167,161,6
"S00112094",51,48,3
"S00112095",102,100,2
"S00112096",162,155,7
"S00112097",132,121,11
"S00112098",88,85,3
"S00112099",152,109,43
"S00112100",136,117,19
"S00112101",97,88,9
"S00112102",100,85,15
"S00112103",66,48,18
"S00112104",161,151,10
"S00112105",100,83,17
"S00112106",82,68,14
"S00112107",94,86,8
"S00112108",109,94,15
"S00112109",72,64,8
"S00112110",73,66,7
"S00112111",81,70,11
"S00112112",125,82,43
"S00112113",144,112,32
"S00112114",122,103,19
"S00112115",77,64,13
"S00112116",87,68,19
"S00112117",144,118,26
"S00112118",70,61,9
"S00112119",123,108,15
"S00112120",158,139,19
"S00112121",118,93,25
"S00112122",90,83,7
"S00112123",93,79,14
"S00112124",133,119,14
"S00112125",70,63,7
"S00112126",129,98,31
"S00112127",164,121,43
"S00112128",111,73,38
"S00112129",132,90,42
"S00112130",96,68,28
"S00112131",76,66,10
"S00112132",124,84,40
"S00112133",89,76,13
"S00112134",135,128,7
"S00112135",113,103,10
"S00112136",75,71,4
"S00112137",186,168,18
"S00112138",172,162,10
"S00112139",76,67,9
"S00112140",189,180,9
"S00112141",122,112,10
"S00112142",126,124,2
"S00112143",177,164,13
"S00112144",194,177,17
"S00112145",178,168,10
"S00112146",214,202,12
"S00112147",190,182,8
"S00112148",92,84,8
"S00112149",99,94,5
"S00112150",119,108,11
"S00112151",55,45,10
"S00112152",221,208,13
"S00112153",213,196,17
"S00112154",57,36,21
"S00112155",172,154,18
"S00112156",136,121,15
"S00112157",141,134,7
"S00112158",193,177,16
"S00112159",115,100,15
"S00112160",253,237,16
"S00112161",91,88,3
"S00112162",67,64,3
"S00112163",103,101,2
"S00112164",99,97,2
"S00112165",80,76,4
"S00112166",165,161,4
"S00112167",66,58,8
"S00112168",97,93,4
"S00112169",101,91,10
"S00112170",114,104,10
"S00112171",133,128,5
"S00112172",91,59,32
"S00112173",94,66,28
"S00112174",100,69,31
"S00112175",108,102,6
"S00112176",101,97,4
"S00112177",55,51,4
"S00112178",54,51,3
"S00112179",77,77,0
"S00112180",143,137,6
"S00112181",73,69,4
"S00112182",101,88,13
"S00112183",130,116,14
"S00112184",138,136,2
"S00112185",62,32,30
"S00112186",64,35,29
"S00112187",70,62,8
"S00112188",89,80,9
"S00112189",135,130,5
"S00112190",121,119,2
"S00112191",130,122,8
"S00112192",150,140,10
"S00112193",118,94,24
"S00112194",88,63,25
"S00112195",84,79,5
"S00112196",130,113,17
"S00112197",80,74,6
"S00112198",96,75,21
"S00112199",113,86,27
"S00112200",125,106,19
"S00112201",114,103,11
"S00112202",55,12,43
"S00112203",119,84,35
"S00112204",166,158,8
"S00112205",98,81,17
"S00112206",79,71,8
"S00112207",71,64,7
"S00112208",127,95,32
"S00112209",76,70,6
"S00112210",82,77,5
"S00112211",106,94,12
"S00112212",73,39,34
"S00112213",159,153,6
"S00112214",115,104,11
"S00112215",110,103,7
"S00112216",127,122,5
"S00112217",131,121,10
"S00112218",96,87,9
"S00112219",101,92,9
"S00112220",106,97,9
"S00112221",106,100,6
"S00112222",50,47,3
"S00112223",99,90,9
"S00112224",143,136,7
"S00112225",133,114,19
"S00112226",141,133,8
"S00112227",92,86,6
"S00112228",60,43,17
"S00112229",64,60,4
"S00112230",51,47,4
"S00112231",91,74,17
"S00112232",87,75,12
"S00112233",58,47,11
"S00112234",95,83,12
"S00112235",78,70,8
"S00112236",68,59,9
"S00112237",105,75,30
"S00112238",76,71,5
"S00112239",101,93,8
"S00112240",104,97,7
"S00112241",69,46,23
"S00112242",80,68,12
"S00112243",120,109,11
"S00112244",111,93,18
"S00112245",113,84,29
"S00112246",85,71,14
"S00112247",155,135,20
"S00112248",102,83,19
"S00112249",63,51,12
"S00112250",67,50,17
"S00112251",54,42,12
"S00112252",65,47,18
"S00112253",118,100,18
"S00112254",143,134,9
"S00112255",77,71,6
"S00112256",110,91,19
"S00112257",115,105,10
"S00112258",138,132,6
"S00112259",92,88,4
"S00112260",110,104,6
"S00112261",126,99,27
"S00112262",55,45,10
"S00112263",97,65,32
"S00112264",56,34,22
"S00112265",118,93,25
"S00112266",105,90,15
"S00112267",63,62,1
"S00112268",89,78,11
"S00112269",123,82,41
"S00112270",151,147,4
"S00112271",141,132,9
"S00112272",129,115,14
"S00112273",174,168,6
"S00112274",194,146,48
"S00112275",76,51,25
"S00112276",87,51,36
"S00112277",86,54,32
"S00112278",111,91,20
"S00112279",126,83,43
"S00112280",125,107,18
"S00112281",73,68,5
"S00112282",69,44,25
"S00112283",72,64,8
"S00112284",121,101,20
"S00112285",104,101,3
"S00112286",132,117,15
"S00112287",82,77,5
"S00112288",84,79,5
"S00112289",130,116,14
"S00112290",113,109,4
"S00112291",94,86,8
"S00112292",165,140,25
"S00112293",149,123,26
"S00112294",86,79,7
"S00112295",116,106,10
"S00112296",147,141,6
"S00112297",125,118,7
"S00112298",120,110,10
"S00112299",176,165,11
"S00112300",124,110,14
"S00112301",110,92,18
"S00112302",121,89,32
"S00112303",97,68,29
"S00112304",97,61,36
"S00112305",84,78,6
"S00112306",123,108,15
"S00112307",61,41,20
"S00112308",84,59,25
"S00112309",64,31,33
"S00112310",104,30,74
"S00112311",87,81,6
"S00112312",75,69,6
"S00112313",75,73,2
"S00112314",96,47,49
"S00112315",54,26,28
"S00112316",62,25,37
"S00112317",70,42,28
"S00112318",102,43,59
"S00112319",85,62,23
"S00112320",104,94,10
"S00112321",72,57,15
"S00112322",121,92,29
"S00112323",201,177,24
"S00112324",645,596,49
"S00112325",131,103,28
"S00112326",103,71,32
"S00112327",98,66,32
"S00112328",79,47,32
"S00112329",76,35,41
"S00112330",67,39,28
"S00112331",80,38,42
"S00112332",62,27,35
"S00112333",69,34,35
"S00112334",87,29,58
"S00112335",135,62,73
"S00112336",85,38,47
"S00112337",87,51,36
"S00112338",94,67,27
"S00112339",114,63,51
"S00112340",91,79,12
"S00112341",94,56,38
"S00112342",103,64,39
"S00112343",68,39,29
"S00112344",118,112,6
"S00112345",84,27,57
"S00112346",73,66,7
"S00112347",86,58,28
"S00112348",124,72,52
"S00112349",67,36,31
"S00112350",58,24,34
"S00112351",155,100,55
"S00112352",138,91,47
"S00112353",116,83,33
"S00112354",120,88,32
"S00112355",88,47,41
"S00112356",124,80,44
"S00112357",114,74,40
"S00112358",121,63,58
"S00112359",134,96,38
"S00112360",52,38,14
"S00112361",100,74,26
"S00112362",168,158,10
"S00112363",125,119,6
"S00112364",108,98,10
"S00112365",78,73,5
"S00112366",58,57,1
"S00112367",161,150,11
"S00112368",76,55,21
"S00112369",59,55,4
"S00112370",136,116,20
"S00112371",70,55,15
"S00112372",120,103,17
"S00112373",58,44,14
"S00112374",75,67,8
"S00112375",58,53,5
"S00112376",114,108,6
"S00112377",57,41,16
"S00112378",87,57,30
"S00112379",83,61,22
"S00112380",121,89,32
"S00112381",73,70,3
"S00112382",60,34,26
"S00112383",78,68,10
"S00112384",89,77,12
"S00112385",85,81,4
"S00112386",73,69,4
"S00112387",108,97,11
"S00112388",87,83,4
"S00112389",103,96,7
"S00112390",105,97,8
"S00112391",54,46,8
"S00112392",52,45,7
"S00112393",129,119,10
"S00112394",73,66,7
"S00112395",151,141,10
"S00112396",95,78,17
"S00112397",98,75,23
"S00112398",103,74,29
"S00112399",99,84,15
"S00112400",91,63,28
"S00112401",79,69,10
"S00112402",104,94,10
"S00112403",73,62,11
"S00112404",83,78,5
"S00112405",70,53,17
"S00112406",72,58,14
"S00112407",66,51,15
"S00112408",122,83,39
"S00112409",97,76,21
"S00112410",101,93,8
"S00112411",111,92,19
"S00112412",84,74,10
"S00112413",88,82,6
"S00112414",73,67,6
"S00112415",89,74,15
"S00112416",89,84,5
"S00112417",60,50,10
"S00112418",128,112,16
"S00112419",88,85,3
"S00112420",54,52,2
"S00112421",134,124,10
"S00112422",69,66,3
"S00112423",99,96,3
"S00112424",50,47,3
"S00112425",73,70,3
"S00112426",93,88,5
"S00112427",85,80,5
"S00112428",80,77,3
"S00112429",78,74,4
"S00112430",60,57,3
"S00112431",66,64,2
"S00112432",78,76,2
"S00112433",110,108,2
"S00112434",156,146,10
"S00112435",127,116,11
"S00112436",75,62,13
"S00112437",56,41,15
"S00112438",100,66,34
"S00112439",123,98,25
"S00112440",119,78,41
"S00112441",62,43,19
"S00112442",75,47,28
"S00112443",79,60,19
"S00112444",106,88,18
"S00112445",77,71,6
"S00112446",118,79,39
"S00112447",144,129,15
"S00112448",78,71,7
"S00112449",57,52,5
"S00112450",81,76,5
"S00112451",73,66,7
"S00112452",56,52,4
"S00112453",153,142,11
"S00112454",100,88,12
"S00112455",100,90,10
"S00112456",91,77,14
"S00112457",93,72,21
"S00112458",77,67,10
"S00112459",79,73,6
"S00112460",122,112,10
"S00112461",83,77,6
"S00112462",54,53,1
"S00112463",72,58,14
"S00112464",74,64,10
"S00112465",61,51,10
"S00112466",91,85,6
"S00112467",70,64,6
"S00112468",66,59,7
"S00112469",104,93,11
"S00112470",71,66,5
"S00112471",88,75,13
"S00112472",80,76,4
"S00112473",92,47,45
"S00112474",92,83,9
"S00112475",88,84,4
"S00112476",144,109,35
"S00112477",135,111,24
"S00112478",73,37,36
"S00112479",89,47,42
"S00112480",159,125,34
"S00112481",133,122,11
"S00112482",56,55,1
"S00112483",82,43,39
"S00112484",71,42,29
"S00112485",116,108,8
"S00112486",65,45,20
"S00112487",100,73,27
"S00112488",66,60,6
"S00112489",80,73,7
"S00112490",120,90,30
"S00112491",82,75,7
"S00112492",81,67,14
"S00112493",112,96,16
"S00112494",115,105,10
"S00112495",110,89,21
"S00112496",98,91,7
"S00112497",151,126,25
"S00112498",71,61,10
"S00112499",142,110,32
"S00112500",117,96,21
"S00112501",154,132,22
"S00112502",120,116,4
"S00112503",109,98,11
"S00112504",90,84,6
"S00112505",167,157,10
"S00112506",71,67,4
"S00112507",51,47,4
"S00112508",97,90,7
"S00112509",158,137,21
"S00112510",102,88,14
"S00112511",145,135,10
"S00112512",104,89,15
"S00112513",130,119,11
"S00112514",112,101,11
"S00112515",166,141,25
"S00112516",173,165,8
"S00112517",119,109,10
"S00112518",114,106,8
"S00112519",132,123,9
"S00112520",99,75,24
"S00112521",111,85,26
"S00112522",74,72,2
"S00112523",236,220,16
"S00112524",74,69,5
"S00112525",116,105,11
"S00112526",59,53,6
"S00112527",112,100,12
"S00112528",97,84,13
"S00112529",133,120,13
"S00112530",135,128,7
"S00112531",162,150,12
"S00112532",118,116,2
"S00112533",130,120,10
"S00112534",64,59,5
"S00112535",94,88,6
"S00112536",117,107,10
"S00112537",86,78,8
"S00112538",95,82,13
"S00112539",72,66,6
"S00112540",85,80,5
"S00112541",53,52,1
"S00112542",151,143,8
"S00112543",102,92,10
"S00112544",124,116,8
"S00112545",135,131,4
"S00112546",270,255,15
"S00112547",146,131,15
"S00112548",168,144,24
"S00112549",99,92,7
"S00112550",77,71,6
"S00112551",95,88,7
"S00112552",94,89,5
"S00112553",118,109,9
"S00112554",121,113,8
"S00112555",85,76,9
"S00112556",150,147,3
"S00112557",105,101,4
"S00112558",109,103,6
"S00112559",99,96,3
"S00112560",122,116,6
"S00112561",102,92,10
"S00112562",156,142,14
"S00112563",127,108,19
"S00112564",211,204,7
"S00112565",99,94,5
"S00112566",80,67,13
"S00112567",65,59,6
"S00112568",124,103,21
"S00112569",94,92,2
"S00112570",81,75,6
"S00112571",104,93,11
"S00112572",114,100,14
"S00112573",112,105,7
"S00112574",99,95,4
"S00112575",89,84,5
"S00112576",164,158,6
"S00112577",53,49,4
"S00112578",95,88,7
"S00112579",174,162,12
"S00112580",137,127,10
"S00112581",128,119,9
"S00112582",69,65,4
"S00112583",101,93,8
"S00112584",161,141,20
"S00112585",106,97,9
"S00112586",69,61,8
"S00112587",117,101,16
"S00112588",112,90,22
"S00112589",57,51,6
"S00112590",63,55,8
"S00112591",78,72,6
"S00112592",103,93,10
"S00112593",129,116,13
"S00112594",130,128,2
"S00112595",121,95,26
"S00112596",84,75,9
"S00112597",84,76,8
"S00112598",93,88,5
"S00112599",100,93,7
"S00112600",66,62,4
"S00112601",108,92,16
"S00112602",99,66,33
"S00112603",99,93,6
"S00112604",75,73,2
"S00112605",104,97,7
"S00112606",108,93,15
"S00112607",122,117,5
"S00112608",123,119,4
"S00112609",128,120,8
"S00112610",81,75,6
"S00112611",164,147,17
"S00112612",157,142,15
"S00112613",124,95,29
"S00112614",151,140,11
"S00112615",122,113,9
"S00112616",142,122,20
"S00112617",123,115,8
"S00112618",76,66,10
"S00112619",99,96,3
"S00112620",129,120,9
"S00112621",83,77,6
"S00112622",57,50,7
"S00112623",82,79,3
"S00112624",114,107,7
"S00112625",82,72,10
"S00112626",65,61,4
"S00112627",78,72,6
"S00112628",91,83,8
"S00112629",64,58,6
"S00112630",53,48,5
"S00112631",100,95,5
"S00112632",55,49,6
"S00112633",90,86,4
"S00112634",85,82,3
"S00112635",230,147,83
"S00112636",115,92,23
"S00112637",165,146,19
"S00112638",119,95,24
"S00112639",96,72,24
"S00112640",113,107,6
"S00112641",64,49,15
"S00112642",99,84,15
"S00112643",54,46,8
"S00112644",119,106,13
"S00112645",140,108,32
"S00112646",97,86,11
"S00112647",118,106,12
"S00112648",98,90,8
"S00112649",120,109,11
"S00112650",131,117,14
"S00112651",165,151,14
"S00112652",153,124,29
"S00112653",85,71,14
"S00112654",88,62,26
"S00112655",103,94,9
"S00112656",133,112,21
"S00112657",112,92,20
"S00112658",109,99,10
"S00112659",100,90,10
"S00112660",118,110,8
"S00112661",114,101,13
"S00112662",100,82,18
"S00112663",84,80,4
"S00112664",129,110,19
"S00112665",98,89,9
"S00112666",68,57,11
"S00112667",86,72,14
"S00112668",81,74,7
"S00112669",123,112,11
"S00112670",78,73,5
"S00112671",123,116,7
"S00112672",88,82,6
"S00112673",101,93,8
"S00112674",77,70,7
"S00112675",117,106,11
"S00112676",94,87,7
"S00112677",124,116,8
"S00112678",89,84,5
"S00112679",90,81,9
"S00112680",74,63,11
"S00112681",100,66,34
"S00112682",71,71,0
"S00112683",162,121,41
"S00112684",122,114,8
"S00112685",121,109,12
"S00112686",118,108,10
"S00112687",65,56,9
"S00112688",50,46,4
"S00112689",120,108,12
"S00112690",98,86,12
"S00112691",115,91,24
"S00112692",145,135,10
"S00112693",70,60,10
"S00112694",117,94,23
"S00112695",96,78,18
"S00112696",154,143,11
"S00112697",102,91,11
"S00112698",130,111,19
"S00112699",127,106,21
"S00112700",109,94,15
"S00112701",116,106,10
"S00112702",93,53,40
"S00112703",119,103,16
"S00112704",181,158,23
"S00112705",105,90,15
"S00112706",148,135,13
"S00112707",103,84,19
"S00112708",175,169,6
"S00112709",91,79,12
"S00112710",179,171,8
"S00112711",154,148,6
"S00112712",139,130,9
"S00112713",142,133,9
"S00112714",92,86,6
"S00112715",115,104,11
"S00112716",101,85,16
"S00112717",100,85,15
"S00112718",85,70,15
"S00112719",81,53,28
"S00112720",97,69,28
"S00112721",91,67,24
"S00112722",98,80,18
"S00112723",130,107,23
"S00112724",77,54,23
"S00112725",79,62,17
"S00112726",81,58,23
"S00112727",91,77,14
"S00112728",93,83,10
"S00112729",136,116,20
"S00112730",103,79,24
"S00112731",119,92,27
"S00112732",122,99,23
"S00112733",61,53,8
"S00112734",108,94,14
"S00112735",86,75,11
"S00112736",112,93,19
"S00112737",62,48,14
"S00112738",60,53,7
"S00112739",79,72,7
"S00112740",56,50,6
"S00112741",51,45,6
"S00112742",138,108,30
"S00112743",80,66,14
"S00112744",110,92,18
"S00112745",56,41,15
"S00112746",146,123,23
"S00112747",96,70,26
"S00112748",78,48,30
"S00112749",84,60,24
"S00112750",123,96,27
"S00112751",100,54,46
"S00112752",154,137,17
"S00112753",148,135,13
"S00112754",124,97,27
"S00112755",126,102,24
"S00112756",92,71,21
"S00112757",61,49,12
"S00112758",82,62,20
"S00112759",111,90,21
"S00112760",88,64,24
"S00112761",177,139,38
"S00112762",155,124,31
"S00112763",77,61,16
"S00112764",53,29,24
"S00112765",68,54,14
"S00112766",186,152,34
"S00112767",101,74,27
"S00112768",108,79,29
"S00112769",89,63,26
"S00112770",100,74,26
"S00112771",103,80,23
"S00112772",100,74,26
"S00112773",125,89,36
"S00112774",104,71,33
"S00112775",75,46,29
"S00112776",94,63,31
"S00112777",98,63,35
"S00112778",84,60,24
"S00112779",53,37,16
"S00112780",87,55,32
"S00112781",55,25,30
"S00112782",56,34,22
"S00112783",74,51,23
"S00112784",115,90,25
"S00112785",88,60,28
"S00112786",89,69,20
"S00112787",70,50,20
"S00112788",150,120,30
"S00112789",154,111,43
"S00112790",114,81,33
"S00112791",95,63,32
"S00112792",133,84,49
"S00112793",83,64,19
"S00112794",77,46,31
"S00112795",67,42,25
"S00112796",181,101,80
"S00112797",153,119,34
"S00112798",91,60,31
"S00112799",103,81,22
"S00112800",91,69,22
"S00112801",98,67,31
"S00112802",94,71,23
"S00112803",121,88,33
"S00112804",117,94,23
"S00112805",111,79,32
"S00112806",116,81,35
"S00112807",119,90,29
"S00112808",101,80,21
"S00112809",106,75,31
"S00112810",100,69,31
"S00112811",135,102,33
"S00112812",90,69,21
"S00112813",71,53,18
"S00112814",142,97,45
"S00112815",157,65,92
"S00112816",155,116,39
"S00112817",75,51,24
"S00112818",89,67,22
"S00112819",104,76,28
"S00112820",113,91,22
"S00112821",83,59,24
"S00112822",105,66,39
"S00112823",81,56,25
"S00112824",156,126,30
"S00112825",50,34,16
"S00112826",79,55,24
"S00112827",90,64,26
"S00112828",99,62,37
"S00112829",81,45,36
"S00112830",121,76,45
"S00112831",123,86,37
"S00112832",121,91,30
"S00112833",75,57,18
"S00112834",73,53,20
"S00112835",127,90,37
"S00112836",139,105,34
"S00112837",100,75,25
"S00112838",87,63,24
"S00112839",75,41,34
"S00112840",114,94,20
"S00112841",100,78,22
"S00112842",95,49,46
"S00112843",128,101,27
"S00112844",95,75,20
"S00112845",104,90,14
"S00112846",150,121,29
"S00112847",85,65,20
"S00112848",146,107,39
"S00112849",152,110,42
"S00112850",78,62,16
"S00112851",69,49,20
"S00112852",69,49,20
"S00112853",129,94,35
"S00112854",68,49,19
"S00112855",92,70,22
"S00112856",106,85,21
"S00112857",98,72,26
"S00112858",110,79,31
"S00112859",115,99,16
"S00112860",149,110,39
"S00112861",98,67,31
"S00112862",163,118,45
"S00112863",142,116,26
"S00112864",130,92,38
"S00112865",91,62,29
"S00112866",112,68,44
"S00112867",106,79,27
"S00112868",83,58,25
"S00112869",96,79,17
"S00112870",142,101,41
"S00112871",167,116,51
"S00112872",147,108,39
"S00112873",74,45,29
"S00112874",78,59,19
"S00112875",146,110,36
"S00112876",119,85,34
"S00112877",163,121,42
"S00112878",168,126,42
"S00112879",139,95,44
"S00112880",104,78,26
"S00112881",87,63,24
"S00112882",139,104,35
"S00112883",147,110,37
"S00112884",116,91,25
"S00112885",105,76,29
"S00112886",100,64,36
"S00112887",125,103,22
"S00112888",94,65,29
"S00112889",104,82,22
"S00112890",92,80,12
"S00112891",63,45,18
"S00112892",51,40,11
"S00112893",154,110,44
"S00112894",168,132,36
"S00112895",286,116,170
"S00112896",91,84,7
"S00112897",106,75,31
"S00112898",85,60,25
"S00112899",92,69,23
"S00112900",64,46,18
"S00112901",66,42,24
"S00112902",195,125,70
"S00112903",58,38,20
"S00112904",98,69,29
"S00112905",98,74,24
"S00112906",106,74,32
"S00112907",100,66,34
"S00112908",78,49,29
"S00112909",94,54,40
"S00112910",81,51,30
"S00112911",88,65,23
"S00112912",78,47,31
"S00112913",53,40,13
"S00112914",60,47,13
"S00112915",106,52,54
"S00112916",117,76,41
"S00112917",120,70,50
"S00112918",111,81,30
"S00112919",110,68,42
"S00112920",104,78,26
"S00112921",123,90,33
"S00112922",123,80,43
"S00112923",147,105,42
"S00112924",103,80,23
"S00112925",112,96,16
"S00112926",115,91,24
"S00112927",104,88,16
"S00112928",133,96,37
"S00112929",84,64,20
"S00112930",102,81,21
"S00112931",176,152,24
"S00112932",91,76,15
"S00112933",97,72,25
"S00112934",147,97,50
"S00112935",125,104,21
"S00112936",61,49,12
"S00112937",96,68,28
"S00112938",94,69,25
"S00112939",153,128,25
"S00112940",128,105,23
"S00112941",112,88,24
"S00112942",107,69,38
"S00112943",94,66,28
"S00112944",69,46,23
"S00112945",90,69,21
"S00112946",124,81,43
"S00112947",170,138,32
"S00112948",66,38,28
"S00112949",62,42,20
"S00112950",154,134,20
"S00112951",86,64,22
"S00112952",218,201,17
"S00112953",133,125,8
"S00112954",132,116,16
"S00112955",107,96,11
"S00112956",100,93,7
"S00112957",127,112,15
"S00112958",138,120,18
"S00112959",149,135,14
"S00112960",113,97,16
"S00112961",111,103,8
"S00112962",124,93,31
"S00112963",173,151,22
"S00112964",152,130,22
"S00112965",206,190,16
"S00112966",126,117,9
"S00112967",110,89,21
"S00112968",118,105,13
"S00112969",141,132,9
"S00112970",148,138,10
"S00112971",146,117,29
"S00112972",153,136,17
"S00112973",139,129,10
"S00112974",140,127,13
"S00112975",165,157,8
"S00112976",97,91,6
"S00112977",91,65,26
"S00112978",72,35,37
"S00112979",87,67,20
"S00112980",57,49,8
"S00112981",102,81,21
"S00112982",86,72,14
"S00112983",97,78,19
"S00112984",58,27,31
"S00112985",63,58,5
"S00112986",91,76,15
"S00112987",122,98,24
"S00112988",62,53,9
"S00112989",94,84,10
"S00112990",119,80,39
"S00112991",95,54,41
"S00112992",76,51,25
"S00112993",109,82,27
"S00112994",110,68,42
"S00112995",114,90,24
"S00112996",99,76,23
"S00112997",91,69,22
"S00112998",131,97,34
"S00112999",68,55,13
"S00113000",73,48,25
"S00113001",94,73,21
"S00113002",146,122,24
"S00113003",133,101,32
"S00113004",102,77,25
"S00113005",85,66,19
"S00113006",65,42,23
"S00113007",99,81,18
"S00113008",106,81,25
"S00113009",76,59,17
"S00113010",87,72,15
"S00113011",53,44,9
"S00113012",119,92,27
"S00113013",102,76,26
"S00113014",95,88,7
"S00113015",209,167,42
"S00113016",109,94,15
"S00113017",65,53,12
"S00113018",77,65,12
"S00113019",63,55,8
"S00113020",95,75,20
"S00113021",116,94,22
"S00113022",125,104,21
"S00113023",145,114,31
"S00113024",95,75,20
"S00113025",199,160,39
"S00113026",65,48,17
"S00113027",99,71,28
"S00113028",75,50,25
"S00113029",104,66,38
"S00113030",151,110,41
"S00113031",133,104,29
"S00113032",114,84,30
"S00113033",114,84,30
"S00113034",134,109,25
"S00113035",138,122,16
"S00113036",117,102,15
"S00113037",129,103,26
"S00113038",73,59,14
"S00113039",182,164,18
"S00113040",88,54,34
"S00113041",121,78,43
"S00113042",113,74,39
"S00113043",95,53,42
"S00113044",108,72,36
"S00113045",99,72,27
"S00113046",68,46,22
"S00113047",115,88,27
"S00113048",156,107,49
"S00113049",113,88,25
"S00113050",129,95,34
"S00113051",133,106,27
"S00113052",102,73,29
"S00113053",117,103,14
"S00113054",154,118,36
"S00113055",76,60,16
"S00113056",86,66,20
"S00113057",108,87,21
"S00113058",150,120,30
"S00113059",114,105,9
"S00113060",95,72,23
"S00113061",114,94,20
"S00113062",190,50,140
"S00113063",83,56,27
"S00113064",112,89,23
"S00113065",132,112,20
"S00113066",124,80,44
"S00113067",144,115,29
"S00113068",162,120,42
"S00113069",194,162,32
"S00113070",180,145,35
"S00113071",161,114,47
"S00113072",109,81,28
"S00113073",131,100,31
"S00113074",108,82,26
"S00113075",130,90,40
"S00113076",79,27,52
"S00113077",126,82,44
"S00113078",148,109,39
"S00113079",135,96,39
"S00113080",159,128,31
"S00113081",88,62,26
"S00113082",105,74,31
"S00113083",96,56,40
"S00113084",50,37,13
"S00113085",120,95,25
"S00113086",57,37,20
"S00113087",99,64,35
"S00113088",144,110,34
"S00113089",160,124,36
"S00113090",52,37,15
"S00113091",56,41,15
"S00113092",94,70,24
"S00113093",156,117,39
"S00113094",126,86,40
"S00113095",86,70,16
"S00113096",84,58,26
"S00113097",146,107,39
"S00113098",57,48,9
"S00113099",107,83,24
"S00113100",68,58,10
"S00113101",104,74,30
"S00113102",151,116,35
"S00113103",78,56,22
"S00113104",91,37,54
"S00113105",98,67,31
"S00113106",82,55,27
"S00113107",88,57,31
"S00113108",95,75,20
"S00113109",134,98,36
"S00113110",61,40,21
"S00113111",136,112,24
"S00113112",159,105,54
"S00113113",119,87,32
"S00113114",57,12,45
"S00113115",123,82,41
"S00113116",72,49,23
"S00113117",112,102,10
"S00113118",109,90,19
"S00113119",133,99,34
"S00113120",58,46,12
"S00113121",50,37,13
"S00113122",59,40,19
"S00113123",52,40,12
"S00113124",153,111,42
"S00113125",65,47,18
"S00113126",109,81,28
"S00113127",59,43,16
"S00113128",79,47,32
"S00113129",75,64,11
"S00113130",121,110,11
"S00113131",129,122,7
"S00113132",65,58,7
"S00113133",66,59,7
"S00113134",92,81,11
"S00113135",140,133,7
"S00113136",77,63,14
"S00113137",150,143,7
"S00113138",100,91,9
"S00113139",53,49,4
"S00113140",108,93,15
"S00113141",102,99,3
"S00113142",80,77,3
"S00113143",71,57,14
"S00113144",113,101,12
"S00113145",80,59,21
"S00113146",78,53,25
"S00113147",73,59,14
"S00113148",107,100,7
"S00113149",87,78,9
"S00113150",79,47,32
"S00113151",68,54,14
"S00113152",108,99,9
"S00113153",85,72,13
"S00113154",52,27,25
"S00113155",90,75,15
"S00113156",86,67,19
"S00113157",115,100,15
"S00113158",85,76,9
"S00113159",80,69,11
"S00113160",99,94,5
"S00113161",135,125,10
"S00113162",157,138,19
"S00113163",175,159,16
"S00113164",123,120,3
"S00113165",115,107,8
"S00113166",90,80,10
"S00113167",98,93,5
"S00113168",122,106,16
"S00113169",103,74,29
"S00113170",143,128,15
"S00113171",108,103,5
"S00113172",128,117,11
"S00113173",107,95,12
"S00113174",52,47,5
"S00113175",113,64,49
"S00113176",156,115,41
"S00113177",119,99,20
"S00113178",149,119,30
"S00113179",72,59,13
"S00113180",121,107,14
"S00113181",58,38,20
"S00113182",101,67,34
"S00113183",69,46,23
"S00113184",54,41,13
"S00113185",79,49,30
"S00113186",60,42,18
"S00113187",88,50,38
"S00113188",80,40,40
"S00113189",104,75,29
"S00113190",114,76,38
"S00113191",54,32,22
"S00113192",122,67,55
"S00113193",332,299,33
"S00113194",106,84,22
"S00113195",62,52,10
"S00113196",79,50,29
"S00113197",68,53,15
"S00113198",1161,1116,45
"S00113199",114,94,20
"S00113200",107,80,27
"S00113201",58,41,17
"S00113202",72,50,22
"S00113203",61,46,15
"S00113204",95,79,16
"S00113205",121,111,10
"S00113206",119,108,11
"S00113207",80,75,5
"S00113208",99,92,7
"S00113209",85,80,5
"S00113210",124,112,12
"S00113211",96,88,8
"S00113212",61,61,0
"S00113213",71,64,7
"S00113214",139,130,9
"S00113215",119,113,6
"S00113216",97,95,2
"S00113217",108,86,22
"S00113218",79,41,38
"S00113219",108,82,26
"S00113220",91,83,8
"S00113221",79,66,13
"S00113222",117,112,5
"S00113223",62,44,18
"S00113224",100,68,32
"S00113225",73,49,24
"S00113226",62,51,11
"S00113227",82,58,24
"S00113228",67,57,10
"S00113229",89,70,19
"S00113230",113,104,9
"S00113231",125,116,9
"S00113232",76,38,38
"S00113233",91,49,42
"S00113234",90,51,39
"S00113235",116,68,48
"S00113236",106,66,40
"S00113237",50,38,12
"S00113238",57,35,22
"S00113239",100,66,34
"S00113240",98,71,27
"S00113241",83,61,22
"S00113242",134,108,26
"S00113243",92,63,29
"S00113244",113,75,38
"S00113245",93,69,24
"S00113246",95,63,32
"S00113247",71,49,22
"S00113248",109,78,31
"S00113249",123,92,31
"S00113250",83,48,35
"S00113251",132,107,25
"S00113252",103,64,39
"S00113253",78,66,12
"S00113254",72,52,20
"S00113255",68,44,24
"S00113256",153,144,9
"S00113257",97,89,8
"S00113258",103,90,13
"S00113259",57,27,30
"S00113260",70,61,9
"S00113261",123,97,26
"S00113262",58,42,16
"S00113263",80,49,31
"S00113264",57,36,21
"S00113265",77,49,28
"S00113266",87,60,27
"S00113267",89,57,32
"S00113268",133,91,42
"S00113269",128,89,39
"S00113270",99,53,46
"S00113271",147,114,33
"S00113272",172,159,13
"S00113273",104,88,16
"S00113274",202,74,128
"S00113275",136,89,47
"S00113276",124,108,16
"S00113277",63,42,21
"S00113278",78,66,12
"S00113279",168,142,26
"S00113280",182,160,22
"S00113281",179,144,35
"S00113282",81,70,11
"S00113283",139,120,19
"S00113284",108,82,26
"S00113285",139,117,22
"S00113286",79,67,12
"S00113287",128,101,27
"S00113288",235,71,164
"S00113289",102,68,34
"S00113290",106,55,51
"S00113291",90,66,24
"S00113292",133,117,16
"S00113293",150,133,17
"S00113294",138,126,12
"S00113295",78,68,10
"S00113296",104,93,11
"S00113297",127,104,23
"S00113298",111,85,26
"S00113299",131,99,32
"S00113300",92,67,25
"S00113301",114,107,7
"S00113302",129,112,17
"S00113303",114,96,18
"S00113304",63,50,13
"S00113305",52,38,14
"S00113306",104,86,18
"S00113307",156,119,37
"S00113308",128,94,34
"S00113309",97,67,30
"S00113310",111,96,15
"S00113311",152,101,51
"S00113312",121,91,30
"S00113313",95,57,38
"S00113314",72,45,27
"S00113315",87,67,20
"S00113316",82,47,35
"S00113317",141,96,45
"S00113318",114,78,36
"S00113319",85,40,45
"S00113320",117,52,65
"S00113321",93,62,31
"S00113322",106,64,42
"S00113323",77,42,35
"S00113324",94,65,29
"S00113325",109,83,26
"S00113326",142,109,33
"S00113327",86,59,27
"S00113328",155,142,13
"S00113329",109,97,12
"S00113330",151,116,35
"S00113331",96,73,23
"S00113332",67,49,18
"S00113333",130,82,48
"S00113334",88,62,26
"S00113335",108,70,38
"S00113336",151,104,47
"S00113337",123,85,38
"S00113338",98,56,42
"S00113339",78,55,23
"S00113340",112,66,46
"S00113341",63,53,10
"S00113342",69,58,11
"S00113343",68,51,17
"S00113344",93,82,11
"S00113345",123,95,28
"S00113346",115,97,18
"S00113347",83,68,15
"S00113348",89,57,32
"S00113349",117,103,14
"S00113350",109,78,31
"S00113351",99,78,21
"S00113352",66,44,22
"S00113353",128,92,36
"S00113354",144,135,9
"S00113355",55,39,16
"S00113356",72,44,28
"S00113357",131,110,21
"S00113358",101,64,37
"S00113359",146,120,26
"S00113360",161,124,37
"S00113361",142,104,38
"S00113362",93,84,9
"S00113363",81,41,40
"S00113364",67,41,26
"S00113365",86,59,27
"S00113366",111,64,47
"S00113367",140,115,25
"S00113368",171,129,42
"S00113369",118,96,22
"S00113370",113,93,20
"S00113371",131,84,47
"S00113372",169,132,37
"S00113373",65,45,20
"S00113374",76,43,33
"S00113375",119,77,42
"S00113376",73,53,20
"S00113377",63,21,42
"S00113378",103,92,11
"S00113379",80,69,11
"S00113380",82,76,6
"S00113381",102,54,48
"S00113382",59,32,27
"S00113383",55,24,31
"S00113384",113,58,55
"S00113385",147,120,27
"S00113386",178,147,31
"S00113387",172,133,39
"S00113388",124,85,39
"S00113389",129,89,40
"S00113390",78,57,21
"S00113391",131,94,37
"S00113392",152,112,40
"S00113393",154,98,56
"S00113394",107,83,24
"S00113395",106,54,52
"S00113396",100,58,42
"S00113397",93,69,24
"S00113398",120,85,35
"S00113399",96,66,30
"S00113400",115,88,27
"S00113401",122,97,25
"S00113402",81,39,42
"S00113403",70,35,35
"S00113404",158,126,32
"S00113405",197,147,50
"S00113406",140,112,28
"S00113407",90,67,23
"S00113408",209,113,96
"S00113409",184,128,56
"S00113410",115,73,42
"S00113411",111,86,25
"S00113412",86,76,10
"S00113413",145,99,46
"S00113414",93,60,33
"S00113415",97,63,34
"S00113416",104,60,44
"S00113417",156,103,53
"S00113418",130,85,45
"S00113419",76,53,23
"S00113420",129,85,44
"S00113421",122,88,34
"S00113422",66,42,24
"S00113423",143,99,44
"S00113424",155,93,62
"S00113425",242,142,100
"S00113426",104,83,21
"S00113427",61,25,36
"S00113428",104,73,31
"S00113429",128,93,35
"S00113430",111,73,38
"S00113431",153,104,49
"S00113432",132,104,28
"S00113433",128,93,35
"S00113434",99,71,28
"S00113435",119,91,28
"S00113436",72,42,30
"S00113437",105,75,30
"S00113438",163,100,63
"S00113439",109,81,28
"S00113440",125,90,35
"S00113441",74,52,22
"S00113442",174,123,51
"S00113443",159,113,46
"S00113444",112,87,25
"S00113445",82,52,30
"S00113446",57,43,14
"S00113447",137,94,43
"S00113448",104,72,32
"S00113449",84,61,23
"S00113450",114,101,13
"S00113451",102,72,30
"S00113452",60,39,21
"S00113453",122,79,43
"S00113454",66,55,11
"S00113455",81,63,18
"S00113456",110,77,33
"S00113457",84,60,24
"S00113458",75,40,35
"S00113459",86,55,31
"S00113460",145,121,24
"S00113461",102,74,28
"S00113462",115,67,48
"S00113463",119,82,37
"S00113464",95,73,22
"S00113465",107,68,39
"S00113466",126,85,41
"S00113467",115,80,35
"S00113468",55,40,15
"S00113469",127,87,40
"S00113470",165,112,53
"S00113471",129,91,38
"S00113472",81,51,30
"S00113473",57,36,21
"S00113474",121,74,47
"S00113475",86,59,27
"S00113476",102,69,33
"S00113477",90,49,41
"S00113478",111,70,41
"S00113479",92,75,17
"S00113480",83,71,12
"S00113481",127,94,33
"S00113482",63,35,28
"S00113483",145,111,34
"S00113484",102,71,31
"S00113485",72,40,32
"S00113486",90,71,19
"S00113487",104,65,39
"S00113488",132,101,31
"S00113489",103,65,38
"S00113490",76,58,18
"S00113491",92,51,41
"S00113492",71,38,33
"S00113493",109,59,50
"S00113494",108,73,35
"S00113495",109,68,41
"S00113496",80,57,23
"S00113497",99,57,42
"S00113498",120,73,47
"S00113499",103,54,49
"S00113500",57,31,26
"S00113501",70,36,34
"S00113502",67,42,25
"S00113503",105,73,32
"S00113504",116,77,39
"S00113505",125,76,49
"S00113506",76,55,21
"S00113507",195,116,79
"S00113508",165,133,32
"S00113509",97,82,15
"S00113510",140,99,41
"S00113511",133,102,31
"S00113512",154,111,43
"S00113513",107,78,29
"S00113514",63,42,21
"S00113515",69,40,29
"S00113516",91,48,43
"S00113517",167,121,46
"S00113518",142,98,44
"S00113519",68,43,25
"S00113520",71,40,31
"S00113521",73,48,25
"S00113522",158,140,18
"S00113523",121,75,46
"S00113524",144,125,19
"S00113525",108,63,45
"S00113526",99,53,46
"S00113527",92,61,31
"S00113528",111,77,34
"S00113529",127,97,30
"S00113530",86,59,27
"S00113531",112,73,39
"S00113532",93,71,22
"S00113533",113,77,36
"S00113534",76,40,36
"S00113535",85,53,32
"S00113536",84,51,33
"S00113537",85,60,25
"S00113538",79,28,51
"S00113539",114,53,61
"S00113540",79,53,26
"S00113541",82,55,27
"S00113542",168,97,71
"S00113543",91,48,43
"S00113544",79,45,34
"S00113545",113,84,29
"S00113546",110,70,40
"S00113547",142,111,31
"S00113548",147,94,53
"S00113549",135,77,58
"S00113550",77,34,43
"S00113551",61,34,27
"S00113552",83,51,32
"S00113553",112,65,47
"S00113554",82,66,16
"S00113555",145,89,56
"S00113556",61,43,18
"S00113557",79,50,29
"S00113558",79,54,25
"S00113559",140,101,39
"S00113560",169,121,48
"S00113561",63,47,16
"S00113562",80,58,22
"S00113563",60,9,51
"S00113564",147,94,53
"S00113565",72,49,23
"S00113566",109,86,23
"S00113567",152,88,64
"S00113568",186,138,48
"S00113569",179,132,47
"S00113570",138,97,41
"S00113571",164,109,55
"S00113572",149,117,32
"S00113573",141,132,9
"S00113574",169,146,23
"S00113575",136,111,25
"S00113576",90,69,21
"S00113577",72,41,31
"S00113578",59,37,22
"S00113579",133,94,39
"S00113580",176,122,54
"S00113581",93,72,21
"S00113582",123,98,25
"S00113583",104,78,26
"S00113584",78,58,20
"S00113585",83,57,26
"S00113586",128,74,54
"S00113587",129,71,58
"S00113588",175,121,54
"S00113589",152,112,40
"S00113590",133,92,41
"S00113591",112,62,50
"S00113592",126,81,45
"S00113593",157,108,49
"S00113594",134,79,55
"S00113595",113,70,43
"S00113596",65,44,21
"S00113597",77,51,26
"S00113598",115,79,36
"S00113599",132,94,38
"S00113600",65,35,30
"S00113601",91,58,33
"S00113602",61,39,22
"S00113603",182,124,58
"S00113604",93,64,29
"S00113605",178,116,62
"S00113606",151,109,42
"S00113607",83,60,23
"S00113608",75,54,21
"S00113609",159,96,63
"S00113610",85,54,31
"S00113611",89,71,18
"S00113612",107,75,32
"S00113613",91,71,20
"S00113614",103,78,25
"S00113615",101,69,32
"S00113616",90,81,9
"S00113617",115,87,28
"S00113618",108,74,34
"S00113619",87,67,20
"S00113620",102,74,28
"S00113621",96,44,52
"S00113622",158,117,41
"S00113623",119,94,25
"S00113624",81,63,18
"S00113625",101,77,24
"S00113626",92,69,23
"S00113627",123,95,28
"S00113628",96,75,21
"S00113629",122,91,31
"S00113630",69,44,25
"S00113631",103,69,34
"S00113632",96,68,28
"S00113633",140,102,38
"S00113634",75,52,23
"S00113635",122,91,31
"S00113636",118,89,29
"S00113637",100,72,28
"S00113638",82,55,27
"S00113639",200,152,48
"S00113640",116,99,17
"S00113641",113,100,13
"S00113642",104,89,15
"S00113643",106,89,17
"S00113644",167,147,20
"S00113645",117,109,8
"S00113646",92,75,17
"S00113647",176,152,24
"S00113648",110,91,19
"S00113649",142,118,24
"S00113650",100,86,14
"S00113651",72,59,13
"S00113652",105,74,31
"S00113653",131,106,25
"S00113654",119,82,37
"S00113655",121,82,39
"S00113656",137,84,53
"S00113657",62,47,15
"S00113658",52,32,20
"S00113659",94,59,35
"S00113660",99,69,30
"S00113661",115,71,44
"S00113662",84,58,26
"S00113663",79,69,10
"S00113664",113,97,16
"S00113665",71,43,28
"S00113666",94,66,28
"S00113667",86,71,15
"S00113668",60,34,26
"S00113669",106,76,30
"S00113670",85,54,31
"S00113671",150,116,34
"S00113672",102,64,38
"S00113673",122,87,35
"S00113674",58,41,17
"S00113675",105,70,35
"S00113676",114,86,28
"S00113677",85,64,21
"S00113678",94,71,23
"S00113679",77,35,42
"S00113680",74,51,23
"S00113681",80,58,22
"S00113682",84,68,16
"S00113683",129,93,36
"S00113684",93,61,32
"S00113685",128,109,19
"S00113686",120,111,9
"S00113687",55,51,4
"S00113688",65,52,13
"S00113689",129,99,30
"S00113690",71,59,12
"S00113691",102,90,12
"S00113692",122,107,15
"S00113693",115,106,9
"S00113694",128,119,9
"S00113695",86,74,12
"S00113696",66,60,6
"S00113697",109,94,15
"S00113698",104,89,15
"S00113699",77,61,16
"S00113700",74,61,13
"S00113701",99,85,14
"S00113702",100,82,18
"S00113703",125,110,15
"S00113704",83,59,24
"S00113705",81,76,5
"S00113706",90,76,14
"S00113707",79,72,7
"S00113708",95,87,8
"S00113709",111,103,8
"S00113710",99,82,17
"S00113711",114,102,12
"S00113712",72,63,9
"S00113713",152,136,16
"S00113714",73,67,6
"S00113715",71,60,11
"S00113716",103,69,34
"S00113717",93,77,16
"S00113718",60,44,16
"S00113719",130,101,29
"S00113720",89,73,16
"S00113721",105,92,13
"S00113722",74,62,12
"S00113723",100,86,14
"S00113724",80,69,11
"S00113725",108,77,31
"S00113726",98,71,27
"S00113727",148,116,32
"S00113728",122,86,36
"S00113729",115,76,39
"S00113730",130,94,36
"S00113731",61,44,17
"S00113732",107,77,30
"S00113733",89,74,15
"S00113734",139,112,27
"S00113735",81,64,17
"S00113736",113,86,27
"S00113737",105,78,27
"S00113738",83,69,14
"S00113739",57,50,7
"S00113740",106,83,23
"S00113741",96,80,16
"S00113742",69,56,13
"S00113743",123,101,22
"S00113744",136,106,30
"S00113745",112,89,23
"S00113746",121,95,26
"S00113747",78,63,15
"S00113748",125,105,20
"S00113749",109,91,18
"S00113750",106,83,23
"S00113751",53,43,10
"S00113752",149,110,39
"S00113753",106,72,34
"S00113754",93,76,17
"S00113755",55,45,10
"S00113756",120,87,33
"S00113757",71,63,8
"S00113758",76,60,16
"S00113759",127,59,68
"S00113760",93,78,15
"S00113761",78,47,31
"S00113762",105,69,36
"S00113763",75,45,30
"S00113764",143,92,51
"S00113765",110,99,11
"S00113766",107,86,21
"S00113767",105,93,12
"S00113768",67,45,22
"S00113769",139,131,8
"S00113770",178,170,8
"S00113771",97,63,34
"S00113772",64,32,32
"S00113773",63,38,25
"S00113774",135,94,41
"S00113775",82,69,13
"S00113776",74,40,34
"S00113777",50,32,18
"S00113778",72,39,33
"S00113779",81,44,37
"S00113780",110,76,34
"S00113781",64,43,21
"S00113782",86,60,26
"S00113783",137,100,37
"S00113784",54,43,11
"S00113785",85,43,42
"S00113786",93,74,19
"S00113787",121,87,34
"S00113788",83,32,51
"S00113789",55,31,24
"S00113790",114,63,51
"S00113791",75,28,47
"S00113792",74,49,25
"S00113793",130,96,34
"S00113794",84,48,36
"S00113795",103,67,36
"S00113796",90,49,41
"S00113797",87,51,36
"S00113798",105,64,41
"S00113799",67,31,36
"S00113800",60,38,22
"S00113801",50,38,12
"S00113802",60,29,31
"S00113803",76,44,32
"S00113804",76,56,20
"S00113805",78,48,30
"S00113806",149,117,32
"S00113807",163,136,27
"S00113808",106,77,29
"S00113809",160,113,47
"S00113810",74,59,15
"S00113811",71,44,27
"S00113812",146,110,36
"S00113813",114,90,24
"S00113814",79,50,29
"S00113815",126,91,35
"S00113816",110,55,55
"S00113817",132,92,40
"S00113818",141,101,40
"S00113819",76,48,28
"S00113820",55,31,24
"S00113821",79,58,21
"S00113822",170,121,49
"S00113823",237,126,111
"S00113824",160,150,10
"S00113825",133,117,16
"S00113826",156,133,23
"S00113827",98,85,13
"S00113828",113,94,19
"S00113829",79,54,25
"S00113830",113,90,23
"S00113831",120,81,39
"S00113832",127,92,35
"S00113833",107,82,25
"S00113834",107,68,39
"S00113835",63,46,17
"S00113836",77,43,34
"S00113837",65,45,20
"S00113838",106,46,60
"S00113839",86,42,44
"S00113840",60,29,31
"S00113841",123,65,58
"S00113842",77,39,38
"S00113843",119,74,45
"S00113844",113,60,53
"S00113845",79,30,49
"S00113846",112,50,62
"S00113847",96,60,36
"S00113848",117,78,39
"S00113849",98,57,41
"S00113850",80,52,28
"S00113851",57,35,22
"S00113852",111,76,35
"S00113853",72,46,26
"S00113854",133,77,56
"S00113855",93,58,35
"S00113856",90,66,24
"S00113857",65,41,24
"S00113858",88,57,31
"S00113859",137,86,51
"S00113860",71,33,38
"S00113861",52,32,20
"S00113862",193,136,57
"S00113863",153,101,52
"S00113864",83,52,31
"S00113865",89,48,41
"S00113866",119,62,57
"S00113867",95,58,37
"S00113868",112,65,47
"S00113869",148,94,54
"S00113870",108,67,41
"S00113871",124,87,37
"S00113872",123,96,27
"S00113873",67,56,11
"S00113874",68,43,25
"S00113875",108,75,33
"S00113876",107,63,44
"S00113877",58,40,18
"S00113878",157,125,32
"S00113879",115,70,45
"S00113880",128,93,35
"S00113881",102,68,34
"S00113882",95,50,45
"S00113883",84,65,19
"S00113884",95,63,32
"S00113885",85,58,27
"S00113886",89,65,24
"S00113887",84,40,44
"S00113888",84,55,29
"S00113889",105,56,49
"S00113890",102,65,37
"S00113891",90,49,41
"S00113892",60,35,25
"S00113893",100,52,48
"S00113894",86,73,13
"S00113895",148,100,48
"S00113896",70,42,28
"S00113897",122,77,45
"S00113898",83,62,21
"S00113899",70,52,18
"S00113900",68,60,8
"S00113901",107,68,39
"S00113902",64,44,20
"S00113903",98,63,35
"S00113904",82,50,32
"S00113905",84,70,14
"S00113906",102,65,37
"S00113907",61,46,15
"S00113908",109,93,16
"S00113909",57,45,12
"S00113910",87,67,20
"S00113911",86,72,14
"S00113912",77,56,21
"S00113913",114,95,19
"S00113914",103,73,30
"S00113915",122,94,28
"S00113916",100,73,27
"S00113917",140,104,36
"S00113918",138,107,31
"S00113919",85,68,17
"S00113920",128,94,34
"S00113921",55,45,10
"S00113922",72,57,15
"S00113923",101,76,25
"S00113924",103,70,33
"S00113925",90,60,30
"S00113926",135,96,39
"S00113927",92,73,19
"S00113928",176,156,20
"S00113929",110,77,33
"S00113930",117,96,21
"S00113931",135,95,40
"S00113932",107,67,40
"S00113933",115,88,27
"S00113934",75,46,29
"S00113935",80,45,35
"S00113936",140,109,31
"S00113937",121,97,24
"S00113938",109,89,20
"S00113939",77,51,26
"S00113940",170,111,59
"S00113941",160,103,57
"S00113942",115,86,29
"S00113943",79,52,27
"S00113944",90,68,22
"S00113945",82,72,10
"S00113946",83,66,17
"S00113947",69,52,17
"S00113948",73,56,17
"S00113949",114,73,41
"S00113950",112,57,55
"S00113951",129,81,48
"S00113952",94,72,22
"S00113953",107,76,31
"S00113954",58,33,25
"S00113955",70,45,25
"S00113956",101,69,32
"S00113957",104,78,26
"S00113958",127,85,42
"S00113959",83,61,22
"S00113960",91,79,12
"S00113961",111,63,48
"S00113962",156,95,61
"S00113963",109,91,18
"S00113964",122,101,21
"S00113965",177,162,15
"S00113966",142,111,31
"S00113967",209,179,30
"S00113968",175,144,31
"S00113969",110,79,31
"S00113970",163,135,28
"S00113971",172,141,31
"S00113972",124,104,20
"S00113973",168,144,24
"S00113974",120,71,49
"S00113975",119,80,39
"S00113976",105,66,39
"S00113977",116,87,29
"S00113978",157,106,51
"S00113979",102,66,36
"S00113980",154,90,64
"S00113981",102,49,53
"S00113982",128,110,18
"S00113983",108,79,29
"S00113984",151,104,47
"S00113985",109,56,53
"S00113986",104,77,27
"S00113987",121,88,33
"S00113988",112,77,35
"S00113989",116,88,28
"S00113990",62,24,38
"S00113991",111,87,24
"S00113992",72,48,24
"S00113993",78,49,29
"S00113994",195,164,31
"S00113995",92,71,21
"S00113996",71,45,26
"S00113997",95,69,26
"S00113998",111,90,21
"S00113999",111,84,27
"S00114000",124,91,33
"S00114001",85,48,37
"S00114002",63,31,32
"S00114003",85,50,35
"S00114004",90,60,30
"S00114005",129,78,51
"S00114006",119,84,35
"S00114007",85,59,26
"S00114008",81,47,34
"S00114009",139,97,42
"S00114010",67,46,21
"S00114011",127,81,46
"S00114012",86,42,44
"S00114013",88,72,16
"S00114014",56,41,15
"S00114015",88,52,36
"S00114016",158,109,49
"S00114017",122,81,41
"S00114018",70,53,17
"S00114019",61,53,8
"S00114020",82,35,47
"S00114021",115,91,24
"S00114022",80,61,19
"S00114023",56,46,10
"S00114024",140,82,58
"S00114025",107,77,30
"S00114026",152,121,31
"S00114027",127,112,15
"S00114028",169,148,21
"S00114029",111,86,25
"S00114030",123,98,25
"S00114031",95,81,14
"S00114032",81,61,20
"S00114033",109,90,19
"S00114034",76,61,15
"S00114035",143,132,11
"S00114036",118,108,10
"S00114037",98,84,14
"S00114038",147,119,28
"S00114039",126,113,13
"S00114040",99,74,25
"S00114041",133,122,11
"S00114042",180,150,30
"S00114043",107,87,20
"S00114044",88,76,12
"S00114045",106,67,39
"S00114046",153,129,24
"S00114047",54,34,20
"S00114048",82,46,36
"S00114049",55,23,32
"S00114050",140,82,58
"S00114051",97,57,40
"S00114052",107,74,33
"S00114053",103,64,39
"S00114054",102,63,39
"S00114055",135,91,44
"S00114056",102,68,34
"S00114057",76,48,28
"S00114058",185,126,59
"S00114059",100,67,33
"S00114060",82,57,25
"S00114061",97,64,33
"S00114062",89,69,20
"S00114063",177,95,82
"S00114064",94,49,45
"S00114065",137,99,38
"S00114066",158,119,39
"S00114067",78,42,36
"S00114068",109,77,32
"S00114069",103,64,39
"S00114070",79,46,33
"S00114071",190,142,48
"S00114072",140,106,34
"S00114073",175,143,32
"S00114074",120,101,19
"S00114075",178,146,32
"S00114076",77,68,9
"S00114077",147,118,29
"S00114078",138,110,28
"S00114079",118,98,20
"S00114080",105,77,28
"S00114081",152,126,26
"S00114082",113,81,32
"S00114083",141,82,59
"S00114084",111,64,47
"S00114085",120,80,40
"S00114086",133,95,38
"S00114087",68,54,14
"S00114088",117,99,18
"S00114089",145,113,32
"S00114090",145,124,21
"S00114091",116,85,31
"S00114092",144,130,14
"S00114093",191,165,26
"S00114094",123,82,41
"S00114095",80,57,23
"S00114096",128,87,41
"S00114097",97,70,27
"S00114098",57,36,21
"S00114099",139,94,45
"S00114100",86,62,24
"S00114101",90,57,33
"S00114102",103,72,31
"S00114103",100,63,37
"S00114104",89,55,34
"S00114105",85,60,25
"S00114106",120,106,14
"S00114107",123,104,19
"S00114108",145,126,19
"S00114109",114,62,52
"S00114110",80,68,12
"S00114111",101,80,21
"S00114112",103,85,18
"S00114113",160,144,16
"S00114114",163,141,22
"S00114115",123,94,29
"S00114116",145,118,27
"S00114117",156,90,66
"S00114118",100,72,28
"S00114119",70,50,20
"S00114120",97,64,33
"S00114121",93,64,29
"S00114122",86,52,34
"S00114123",73,51,22
"S00114124",59,39,20
"S00114125",51,31,20
"S00114126",103,54,49
"S00114127",88,51,37
"S00114128",86,54,32
"S00114129",116,75,41
"S00114130",121,79,42
"S00114131",124,77,47
"S00114132",120,79,41
"S00114133",107,71,36
"S00114134",150,117,33
"S00114135",83,57,26
"S00114136",121,86,35
"S00114137",199,150,49
"S00114138",108,73,35
"S00114139",100,62,38
"S00114140",132,103,29
"S00114141",962,660,302
"S00114142",88,54,34
"S00114143",122,98,24
"S00114144",67,50,17
"S00114145",148,114,34
"S00114146",133,112,21
"S00114147",120,75,45
"S00114148",139,102,37
"S00114149",103,75,28
"S00114150",92,70,22
"S00114151",93,67,26
"S00114152",148,98,50
"S00114153",116,67,49
"S00114154",68,43,25
"S00114155",106,70,36
"S00114156",90,61,29
"S00114157",101,85,16
"S00114158",79,48,31
"S00114159",102,70,32
"S00114160",93,69,24
"S00114161",87,66,21
"S00114162",106,76,30
"S00114163",67,34,33
"S00114164",95,54,41
"S00114165",91,63,28
"S00114166",87,63,24
"S00114167",99,60,39
"S00114168",139,105,34
"S00114169",87,53,34
"S00114170",91,65,26
"S00114171",88,43,45
"S00114172",57,21,36
"S00114173",77,39,38
"S00114174",69,39,30
"S00114175",86,60,26
"S00114176",181,136,45
"S00114177",71,50,21
"S00114178",127,88,39
"S00114179",231,173,58
"S00114180",107,73,34
"S00114181",188,120,68
"S00114182",51,25,26
"S00114183",210,160,50
"S00114184",147,119,28
"S00114185",137,115,22
"S00114186",78,63,15
"S00114187",99,70,29
"S00114188",118,90,28
"S00114189",109,90,19
"S00114190",113,72,41
"S00114191",53,40,13
"S00114192",81,62,19
"S00114193",58,46,12
"S00114194",163,139,24
"S00114195",156,141,15
"S00114196",98,61,37
"S00114197",160,131,29
"S00114198",108,93,15
"S00114199",72,52,20
"S00114200",67,49,18
"S00114201",72,60,12
"S00114202",59,54,5
"S00114203",137,96,41
"S00114204",95,67,28
"S00114205",126,91,35
"S00114206",50,38,12
"S00114207",99,65,34
"S00114208",104,74,30
"S00114209",148,103,45
"S00114210",77,56,21
"S00114211",115,100,15
"S00114212",60,46,14
"S00114213",115,98,17
"S00114214",104,79,25
"S00114215",105,84,21
"S00114216",83,61,22
"S00114217",65,41,24
"S00114218",153,97,56
"S00114219",168,127,41
"S00114220",65,42,23
"S00114221",101,73,28
"S00114222",108,72,36
"S00114223",90,65,25
"S00114224",172,129,43
"S00114225",148,95,53
"S00114226",152,118,34
"S00114227",138,90,48
"S00114228",164,141,23
"S00114229",175,134,41
"S00114230",74,50,24
"S00114231",152,98,54
"S00114232",79,62,17
"S00114233",160,128,32
"S00114234",106,76,30
"S00114235",75,40,35
"S00114236",118,90,28
"S00114237",213,155,58
"S00114238",120,94,26
"S00114239",78,51,27
"S00114240",171,122,49
"S00114241",70,48,22
"S00114242",165,129,36
"S00114243",81,56,25
"S00114244",209,122,87
"S00114245",52,25,27
"S00114246",163,114,49
"S00114247",131,96,35
"S00114248",122,102,20
"S00114249",144,136,8
"S00114250",168,147,21
"S00114251",159,149,10
"S00114252",104,80,24
"S00114253",132,107,25
"S00114254",62,40,22
"S00114255",102,69,33
"S00114256",169,121,48
"S00114257",114,76,38
"S00114258",165,107,58
"S00114259",151,106,45
"S00114260",121,76,45
"S00114261",111,95,16
"S00114262",70,53,17
"S00114263",87,36,51
"S00114264",81,60,21
"S00114265",119,86,33
"S00114266",110,74,36
"S00114267",118,84,34
"S00114268",116,76,40
"S00114269",90,59,31
"S00114270",115,59,56
"S00114271",75,45,30
"S00114272",78,46,32
"S00114273",116,104,12
"S00114274",114,66,48
"S00114275",73,55,18
"S00114276",121,86,35
"S00114277",176,142,34
"S00114278",95,52,43
"S00114279",127,98,29
"S00114280",132,53,79
"S00114281",83,63,20
"S00114282",75,47,28
"S00114283",55,32,23
"S00114284",71,49,22
"S00114285",137,107,30
"S00114286",72,50,22
"S00114287",100,64,36
"S00114288",104,67,37
"S00114289",117,90,27
"S00114290",193,144,49
"S00114291",121,76,45
"S00114292",101,60,41
"S00114293",53,34,19
"S00114294",68,43,25
"S00114295",89,48,41
"S00114296",73,49,24
"S00114297",67,46,21
"S00114298",106,78,28
"S00114299",166,135,31
"S00114300",116,82,34
"S00114301",96,63,33
"S00114302",87,65,22
"S00114303",112,84,28
"S00114304",63,43,20
"S00114305",131,87,44
"S00114306",104,59,45
"S00114307",112,75,37
"S00114308",58,29,29
"S00114309",147,117,30
"S00114310",99,78,21
"S00114311",125,80,45
"S00114312",127,88,39
"S00114313",108,83,25
"S00114314",63,39,24
"S00114315",124,77,47
"S00114316",124,92,32
"S00114317",131,80,51
"S00114318",88,48,40
"S00114319",131,86,45
"S00114320",117,82,35
"S00114321",78,14,64
"S00114322",205,91,114
"S00114323",106,81,25
"S00114324",106,88,18
"S00114325",123,100,23
"S00114326",103,87,16
"S00114327",128,93,35
"S00114328",92,54,38
"S00114329",91,52,39
"S00114330",89,63,26
"S00114331",86,61,25
"S00114332",89,38,51
"S00114333",87,57,30
"S00114334",55,32,23
"S00114335",78,48,30
"S00114336",132,106,26
"S00114337",52,28,24
"S00114338",118,83,35
"S00114339",122,84,38
"S00114340",93,87,6
"S00114341",92,66,26
"S00114342",75,37,38
"S00114343",134,64,70
"S00114344",141,99,42
"S00114345",61,55,6
"S00114346",79,32,47
"S00114347",74,63,11
"S00114348",88,83,5
"S00114349",116,101,15
"S00114350",76,57,19
"S00114351",58,50,8
"S00114352",65,52,13
"S00114353",87,55,32
"S00114354",127,114,13
"S00114355",95,55,40
"S00114356",143,113,30
"S00114357",69,53,16
"S00114358",76,67,9
"S00114359",111,91,20
"S00114360",113,68,45
"S00114361",243,127,116
"S00114362",114,81,33
"S00114363",102,70,32
"S00114364",123,74,49
"S00114365",79,52,27
"S00114366",109,75,34
"S00114367",136,103,33
"S00114368",83,36,47
"S00114369",103,63,40
"S00114370",92,47,45
"S00114371",72,35,37
"S00114372",80,62,18
"S00114373",63,38,25
"S00114374",71,40,31
"S00114375",93,55,38
"S00114376",127,94,33
"S00114377",125,82,43
"S00114378",106,65,41
"S00114379",114,84,30
"S00114380",72,37,35
"S00114381",56,32,24
"S00114382",126,88,38
"S00114383",52,38,14
"S00114384",83,74,9
"S00114385",115,100,15
"S00114386",90,81,9
"S00114387",149,102,47
"S00114388",184,119,65
"S00114389",109,56,53
"S00114390",85,64,21
"S00114391",146,75,71
"S00114392",112,62,50
"S00114393",73,48,25
"S00114394",62,50,12
"S00114395",109,90,19
"S00114396",132,124,8
"S00114397",56,49,7
"S00114398",86,78,8
"S00114399",87,78,9
"S00114400",134,107,27
"S00114401",190,157,33
"S00114402",58,54,4
"S00114403",103,86,17
"S00114404",91,84,7
"S00114405",82,70,12
"S00114406",84,73,11
"S00114407",61,54,7
"S00114408",61,54,7
"S00114409",120,103,17
"S00114410",95,88,7
"S00114411",142,124,18
"S00114412",91,83,8
"S00114413",61,52,9
"S00114414",91,84,7
"S00114415",63,52,11
"S00114416",86,80,6
"S00114417",76,62,14
"S00114418",76,65,11
"S00114419",108,68,40
"S00114420",148,125,23
"S00114421",76,67,9
"S00114422",115,105,10
"S00114423",92,78,14
"S00114424",104,90,14
"S00114425",156,125,31
"S00114426",122,111,11
"S00114427",71,60,11
"S00114428",61,53,8
"S00114429",90,77,13
"S00114430",143,101,42
"S00114431",125,113,12
"S00114432",75,72,3
"S00114433",162,131,31
"S00114434",170,156,14
"S00114435",117,103,14
"S00114436",169,155,14
"S00114437",112,91,21
"S00114438",51,31,20
"S00114439",76,46,30
"S00114440",62,56,6
"S00114441",79,60,19
"S00114442",118,99,19
"S00114443",157,127,30
"S00114444",199,160,39
"S00114445",152,130,22
"S00114446",147,127,20
"S00114447",103,87,16
"S00114448",226,196,30
"S00114449",238,204,34
"S00114450",137,123,14
"S00114451",191,154,37
"S00114452",156,137,19
"S00114453",134,112,22
"S00114454",109,93,16
"S00114455",336,248,88
"S00114456",269,235,34
"S00114457",121,112,9
"S00114458",124,108,16
"S00114459",125,104,21
"S00114460",118,110,8
"S00114461",68,50,18
"S00114462",80,68,12
"S00114463",76,50,26
"S00114464",70,54,16
"S00114465",87,69,18
"S00114466",69,64,5
"S00114467",93,81,12
"S00114468",76,73,3
"S00114469",81,69,12
"S00114470",110,95,15
"S00114471",75,67,8
"S00114472",56,50,6
"S00114473",116,91,25
"S00114474",60,51,9
"S00114475",76,71,5
"S00114476",67,60,7
"S00114477",103,89,14
"S00114478",111,102,9
"S00114479",70,62,8
"S00114480",50,38,12
"S00114481",152,141,11
"S00114482",70,58,12
"S00114483",99,90,9
"S00114484",178,125,53
"S00114485",114,107,7
"S00114486",91,84,7
"S00114487",100,94,6
"S00114488",91,82,9
"S00114489",99,76,23
"S00114490",105,83,22
"S00114491",74,62,12
"S00114492",102,79,23
"S00114493",91,73,18
"S00114494",57,42,15
"S00114495",133,118,15
"S00114496",75,64,11
"S00114497",116,98,18
"S00114498",81,67,14
"S00114499",81,71,10
"S00114500",89,81,8
"S00114501",98,77,21
"S00114502",118,106,12
"S00114503",88,77,11
"S00114504",149,116,33
"S00114505",119,108,11
"S00114506",107,101,6
"S00114507",83,76,7
"S00114508",77,65,12
"S00114509",92,80,12
"S00114510",109,92,17
"S00114511",105,89,16
"S00114512",95,82,13
"S00114513",122,84,38
"S00114514",71,57,14
"S00114515",192,168,24
"S00114516",91,84,7
"S00114517",144,123,21
"S00114518",150,138,12
"S00114519",112,94,18
"S00114520",67,59,8
"S00114521",120,109,11
"S00114522",116,89,27
"S00114523",129,118,11
"S00114524",80,74,6
"S00114525",97,83,14
"S00114526",110,90,20
"S00114527",108,95,13
"S00114528",71,57,14
"S00114529",60,47,13
"S00114530",111,95,16
"S00114531",125,109,16
"S00114532",89,80,9
"S00114533",68,60,8
"S00114534",74,60,14
"S00114535",144,105,39
"S00114536",122,90,32
"S00114537",135,123,12
"S00114538",105,81,24
"S00114539",62,57,5
"S00114540",127,112,15
"S00114541",100,86,14
"S00114542",102,91,11
"S00114543",177,149,28
"S00114544",176,151,25
"S00114545",165,140,25
"S00114546",59,48,11
"S00114547",89,58,31
"S00114548",132,113,19
"S00114549",81,58,23
"S00114550",173,157,16
"S00114551",204,172,32
"S00114552",84,74,10
"S00114553",172,142,30
"S00114554",149,119,30
"S00114555",158,131,27
"S00114556",148,114,34
"S00114557",63,49,14
"S00114558",162,136,26
"S00114559",171,139,32
"S00114560",115,105,10
"S00114561",104,90,14
"S00114562",108,99,9
"S00114563",105,96,9
"S00114564",103,94,9
"S00114565",119,101,18
"S00114566",147,136,11
"S00114567",111,98,13
"S00114568",190,168,22
"S00114569",134,120,14
"S00114570",121,96,25
"S00114571",131,121,10
"S00114572",236,168,68
"S00114573",102,96,6
"S00114574",246,214,32
"S00114575",126,117,9
"S00114576",146,133,13
"S00114577",115,96,19
"S00114578",185,160,25
"S00114579",153,140,13
"S00114580",147,139,8
"S00114581",120,108,12
"S00114582",124,112,12
"S00114583",103,66,37
"S00114584",74,47,27
"S00114585",78,56,22
"S00114586",76,58,18
"S00114587",151,132,19
"S00114588",119,101,18
"S00114589",108,85,23
"S00114590",115,100,15
"S00114591",88,65,23
"S00114592",136,118,18
"S00114593",170,149,21
"S00114594",120,94,26
"S00114595",95,83,12
"S00114596",179,152,27
"S00114597",89,77,12
"S00114598",187,162,25
"S00114599",219,176,43
"S00114600",120,109,11
"S00114601",146,102,44
"S00114602",109,95,14
"S00114603",116,103,13
"S00114604",58,39,19
"S00114605",62,36,26
"S00114606",65,44,21
"S00114607",83,46,37
"S00114608",52,24,28
"S00114609",62,48,14
"S00114610",102,74,28
"S00114611",142,112,30
"S00114612",154,113,41
"S00114613",101,74,27
"S00114614",72,53,19
"S00114615",96,83,13
"S00114616",79,67,12
"S00114617",141,119,22
"S00114618",115,100,15
"S00114619",68,50,18
"S00114620",126,107,19
"S00114621",168,134,34
"S00114622",134,100,34
"S00114623",199,165,34
"S00114624",113,101,12
"S00114625",56,48,8
"S00114626",61,50,11
"S00114627",96,78,18
"S00114628",77,59,18
"S00114629",71,63,8
"S00114630",53,46,7
"S00114631",73,56,17
"S00114632",113,72,41
"S00114633",109,76,33
"S00114634",109,82,27
"S00114635",145,111,34
"S00114636",126,91,35
"S00114637",73,52,21
"S00114638",70,49,21
"S00114639",75,51,24
"S00114640",90,66,24
"S00114641",52,40,12
"S00114642",66,38,28
"S00114643",146,107,39
"S00114644",128,90,38
"S00114645",73,55,18
"S00114646",132,104,28
"S00114647",121,86,35
"S00114648",110,72,38
"S00114649",74,59,15
"S00114650",192,146,46
"S00114651",119,87,32
"S00114652",97,61,36
"S00114653",92,56,36
"S00114654",84,58,26
"S00114655",120,70,50
"S00114656",143,112,31
"S00114657",118,78,40
"S00114658",82,54,28
"S00114659",56,39,17
"S00114660",56,47,9
"S00114661",153,107,46
"S00114662",95,70,25
"S00114663",68,52,16
"S00114664",106,87,19
"S00114665",108,82,26
"S00114666",93,72,21
"S00114667",116,75,41
"S00114668",78,45,33
"S00114669",125,106,19
"S00114670",194,156,38
"S00114671",102,70,32
"S00114672",108,85,23
"S00114673",100,65,35
"S00114674",65,41,24
"S00114675",145,94,51
"S00114676",59,37,22
"S00114677",90,57,33
"S00114678",65,37,28
"S00114679",82,59,23
"S00114680",104,88,16
"S00114681",78,65,13
"S00114682",84,68,16
"S00114683",55,49,6
"S00114684",186,161,25
"S00114685",173,147,26
"S00114686",132,98,34
"S00114687",60,58,2
"S00114688",123,109,14
"S00114689",83,72,11
"S00114690",81,65,16
"S00114691",70,62,8
"S00114692",211,174,37
"S00114693",126,99,27
"S00114694",84,70,14
"S00114695",72,49,23
"S00114696",115,87,28
"S00114697",123,91,32
"S00114698",123,90,33
"S00114699",84,40,44
"S00114700",71,52,19
"S00114701",122,89,33
"S00114702",134,105,29
"S00114703",86,61,25
"S00114704",121,84,37
"S00114705",163,135,28
"S00114706",174,141,33
"S00114707",97,83,14
"S00114708",98,82,16
"S00114709",101,84,17
"S00114710",147,116,31
"S00114711",191,152,39
"S00114712",76,58,18
"S00114713",99,84,15
"S00114714",154,118,36
"S00114715",139,123,16
"S00114716",130,111,19
"S00114717",135,120,15
"S00114718",125,106,19
"S00114719",102,85,17
"S00114720",90,80,10
"S00114721",91,80,11
"S00114722",117,93,24
"S00114723",104,83,21
"S00114724",112,97,15
"S00114725",101,78,23
"S00114726",77,63,14
"S00114727",53,43,10
"S00114728",89,78,11
"S00114729",116,95,21
"S00114730",62,44,18
"S00114731",72,54,18
"S00114732",61,51,10
"S00114733",100,87,13
"S00114734",79,69,10
"S00114735",89,83,6
"S00114736",61,48,13
"S00114737",58,51,7
"S00114738",51,44,7
"S00114739",151,131,20
"S00114740",136,116,20
"S00114741",104,101,3
"S00114742",111,104,7
"S00114743",81,68,13
"S00114744",144,124,20
"S00114745",122,97,25
"S00114746",114,90,24
"S00114747",92,79,13
"S00114748",151,136,15
"S00114749",66,49,17
"S00114750",71,57,14
"S00114751",80,72,8
"S00114752",138,104,34
"S00114753",118,102,16
"S00114754",74,66,8
"S00114755",115,88,27
"S00114756",83,70,13
"S00114757",93,83,10
"S00114758",70,57,13
"S00114759",101,94,7
"S00114760",74,67,7
"S00114761",54,44,10
"S00114762",139,133,6
"S00114763",90,85,5
"S00114764",105,90,15
"S00114765",148,135,13
"S00114766",142,135,7
"S00114767",63,59,4
"S00114768",85,62,23
"S00114769",92,69,23
"S00114770",75,62,13
"S00114771",74,59,15
"S00114772",95,85,10
"S00114773",51,39,12
"S00114774",110,98,12
"S00114775",127,105,22
"S00114776",71,66,5
"S00114777",92,77,15
"S00114778",51,18,33
"S00114779",179,150,29
"S00114780",153,136,17
"S00114781",111,98,13
"S00114782",97,88,9
"S00114783",181,169,12
"S00114784",106,82,24
"S00114785",85,69,16
"S00114786",108,92,16
"S00114787",70,61,9
"S00114788",56,48,8
"S00114789",75,58,17
"S00114790",74,63,11
"S00114791",122,104,18
"S00114792",93,77,16
"S00114793",62,53,9
"S00114794",147,139,8
"S00114795",147,134,13
"S00114796",149,128,21
"S00114797",161,138,23
"S00114798",71,55,16
"S00114799",139,121,18
"S00114800",103,88,15
"S00114801",77,62,15
"S00114802",110,92,18
"S00114803",92,81,11
"S00114804",109,77,32
"S00114805",98,83,15
"S00114806",72,63,9
"S00114807",105,56,49
"S00114808",65,29,36
"S00114809",65,61,4
"S00114810",104,70,34
"S00114811",67,45,22
"S00114812",118,82,36
"S00114813",135,98,37
"S00114814",72,57,15
"S00114815",140,111,29
"S00114816",160,105,55
"S00114817",151,118,33
"S00114818",160,115,45
"S00114819",136,94,42
"S00114820",89,63,26
"S00114821",118,87,31
"S00114822",172,133,39
"S00114823",106,74,32
"S00114824",71,50,21
"S00114825",81,54,27
"S00114826",96,75,21
"S00114827",177,147,30
"S00114828",65,55,10
"S00114829",56,32,24
"S00114830",66,38,28
"S00114831",144,101,43
"S00114832",126,79,47
"S00114833",114,82,32
"S00114834",121,85,36
"S00114835",91,43,48
"S00114836",72,38,34
"S00114837",128,100,28
"S00114838",82,50,32
"S00114839",60,25,35
"S00114840",61,26,35
"S00114841",65,29,36
"S00114842",95,70,25
"S00114843",96,59,37
"S00114844",129,101,28
"S00114845",100,88,12
"S00114846",102,71,31
"S00114847",82,60,22
"S00114848",93,79,14
"S00114849",59,53,6
"S00114850",187,164,23
"S00114851",178,132,46
"S00114852",155,118,37
"S00114853",75,52,23
"S00114854",90,65,25
"S00114855",109,80,29
"S00114856",104,82,22
"S00114857",66,45,21
"S00114858",140,98,42
"S00114859",172,125,47
"S00114860",119,85,34
"S00114861",83,69,14
"S00114862",105,89,16
"S00114863",82,58,24
"S00114864",107,73,34
"S00114865",133,101,32
"S00114866",109,83,26
"S00114867",92,51,41
"S00114868",65,19,46
"S00114869",82,70,12
"S00114870",122,93,29
"S00114871",111,71,40
"S00114872",81,56,25
"S00114873",77,36,41
"S00114874",114,71,43
"S00114875",72,39,33
"S00114876",60,32,28
"S00114877",80,42,38
"S00114878",150,125,25
"S00114879",141,108,33
"S00114880",97,85,12
"S00114881",107,95,12
"S00114882",112,96,16
"S00114883",55,47,8
"S00114884",63,54,9
"S00114885",84,67,17
"S00114886",107,81,26
"S00114887",89,65,24
"S00114888",76,50,26
"S00114889",70,62,8
"S00114890",146,118,28
"S00114891",154,119,35
"S00114892",132,105,27
"S00114893",61,44,17
"S00114894",107,92,15
"S00114895",118,85,33
"S00114896",127,104,23
"S00114897",67,31,36
"S00114898",156,122,34
"S00114899",126,98,28
"S00114900",64,48,16
"S00114901",132,104,28
"S00114902",113,106,7
"S00114903",109,90,19
"S00114904",190,169,21
"S00114905",155,146,9
"S00114906",169,145,24
"S00114907",131,114,17
"S00114908",92,70,22
"S00114909",105,74,31
"S00114910",74,53,21
"S00114911",167,138,29
"S00114912",93,82,11
"S00114913",142,124,18
"S00114914",121,105,16
"S00114915",89,73,16
"S00114916",100,99,1
"S00114917",112,80,32
"S00114918",101,91,10
"S00114919",160,144,16
"S00114920",166,145,21
"S00114921",121,107,14
"S00114922",99,90,9
"S00114923",126,117,9
"S00114924",141,124,17
"S00114925",132,123,9
"S00114926",150,129,21
"S00114927",112,95,17
"S00114928",118,106,12
"S00114929",140,129,11
"S00114930",95,76,19
"S00114931",159,129,30
"S00114932",86,67,19
"S00114933",132,107,25
"S00114934",77,58,19
"S00114935",145,111,34
"S00114936",84,57,27
"S00114937",76,63,13
"S00114938",105,81,24
"S00114939",112,73,39
"S00114940",80,66,14
"S00114941",128,108,20
"S00114942",116,88,28
"S00114943",89,69,20
"S00114944",138,126,12
"S00114945",145,130,15
"S00114946",142,131,11
"S00114947",200,191,9
"S00114948",100,94,6
"S00114949",125,114,11
"S00114950",155,142,13
"S00114951",114,92,22
"S00114952",135,113,22
"S00114953",147,129,18
"S00114954",165,145,20
"S00114955",191,175,16
"S00114956",141,125,16
"S00114957",164,149,15
"S00114958",82,75,7
"S00114959",138,130,8
"S00114960",108,100,8
"S00114961",131,103,28
"S00114962",82,69,13
"S00114963",130,112,18
"S00114964",81,66,15
"S00114965",93,76,17
"S00114966",58,46,12
"S00114967",86,77,9
"S00114968",101,78,23
"S00114969",198,165,33
"S00114970",135,109,26
"S00114971",124,115,9
"S00114972",120,109,11
"S00114973",154,138,16
"S00114974",130,113,17
"S00114975",126,106,20
"S00114976",94,78,16
"S00114977",156,137,19
"S00114978",219,196,23
"S00114979",104,60,44
"S00114980",116,99,17
"S00114981",130,116,14
"S00114982",178,156,22
"S00114983",92,63,29
"S00114984",111,95,16
"S00114985",84,72,12
"S00114986",72,61,11
"S00114987",64,53,11
"S00114988",53,43,10
"S00114989",80,69,11
"S00114990",81,67,14
"S00114991",72,60,12
"S00114992",64,54,10
"S00114993",53,43,10
"S00114994",89,59,30
"S00114995",89,75,14
"S00114996",89,61,28
"S00114997",55,52,3
"S00114998",59,49,10
"S00114999",87,69,18
"S00115000",85,52,33
"S00115001",94,66,28
"S00115002",57,50,7
"S00115003",81,60,21
"S00115004",52,48,4
"S00115005",55,44,11
"S00115006",87,65,22
"S00115007",94,75,19
"S00115008",113,90,23
"S00115009",126,98,28
"S00115010",66,58,8
"S00115011",82,77,5
"S00115012",108,90,18
"S00115013",65,52,13
"S00115014",113,96,17
"S00115015",174,143,31
"S00115016",145,120,25
"S00115017",178,151,27
"S00115018",198,180,18
"S00115019",177,158,19
"S00115020",123,109,14
"S00115021",128,108,20
"S00115022",125,104,21
"S00115023",90,70,20
"S00115024",94,80,14
"S00115025",127,111,16
"S00115026",115,90,25
"S00115027",132,119,13
"S00115028",117,106,11
"S00115029",129,99,30
"S00115030",56,48,8
"S00115031",78,71,7
"S00115032",123,98,25
"S00115033",112,93,19
"S00115034",200,174,26
"S00115035",175,140,35
"S00115036",122,109,13
"S00115037",92,69,23
"S00115038",144,125,19
"S00115039",150,135,15
"S00115040",98,91,7
"S00115041",114,101,13
"S00115042",139,119,20
"S00115043",99,80,19
"S00115044",96,77,19
"S00115045",135,118,17
"S00115046",110,97,13
"S00115047",83,61,22
"S00115048",152,128,24
"S00115049",91,70,21
"S00115050",74,66,8
"S00115051",138,116,22
"S00115052",101,86,15
"S00115053",86,69,17
"S00115054",110,92,18
"S00115055",108,89,19
"S00115056",121,102,19
"S00115057",52,37,15
"S00115058",142,131,11
"S00115059",103,91,12
"S00115060",105,89,16
"S00115061",157,135,22
"S00115062",94,83,11
"S00115063",110,87,23
"S00115064",117,69,48
"S00115065",205,176,29
"S00115066",191,167,24
"S00115067",125,100,25
"S00115068",157,145,12
"S00115069",142,123,19
"S00115070",88,72,16
"S00115071",104,90,14
"S00115072",140,130,10
"S00115073",93,84,9
"S00115074",125,93,32
"S00115075",121,106,15
"S00115076",104,92,12
"S00115077",126,97,29
"S00115078",68,55,13
"S00115079",147,134,13
"S00115080",149,131,18
"S00115081",58,53,5
"S00115082",58,50,8
"S00115083",98,76,22
"S00115084",109,93,16
"S00115085",137,115,22
"S00115086",124,107,17
"S00115087",77,57,20
"S00115088",110,89,21
"S00115089",163,136,27
"S00115090",124,103,21
"S00115091",92,78,14
"S00115092",79,65,14
"S00115093",153,124,29
"S00115094",88,73,15
"S00115095",104,85,19
"S00115096",152,127,25
"S00115097",92,74,18
"S00115098",110,92,18
"S00115099",111,96,15
"S00115100",109,98,11
"S00115101",129,120,9
"S00115102",111,95,16
"S00115103",143,128,15
"S00115104",99,88,11
"S00115105",95,70,25
"S00115106",103,81,22
"S00115107",133,112,21
"S00115108",75,56,19
"S00115109",117,79,38
"S00115110",174,147,27
"S00115111",103,87,16
"S00115112",119,99,20
"S00115113",111,96,15
"S00115114",101,86,15
"S00115115",116,99,17
"S00115116",80,61,19
"S00115117",141,119,22
"S00115118",92,72,20
"S00115119",153,137,16
"S00115120",91,83,8
"S00115121",155,137,18
"S00115122",120,105,15
"S00115123",98,85,13
"S00115124",152,132,20
"S00115125",100,85,15
"S00115126",153,137,16
"S00115127",174,151,23
"S00115128",145,127,18
"S00115129",159,130,29
"S00115130",144,129,15
"S00115131",117,110,7
"S00115132",98,87,11
"S00115133",134,108,26
"S00115134",131,81,50
"S00115135",111,58,53
"S00115136",137,100,37
"S00115137",71,51,20
"S00115138",85,59,26
"S00115139",107,69,38
"S00115140",150,111,39
"S00115141",179,143,36
"S00115142",168,159,9
"S00115143",74,60,14
"S00115144",101,67,34
"S00115145",152,113,39
"S00115146",142,102,40
"S00115147",106,71,35
"S00115148",195,176,19
"S00115149",117,56,61
"S00115150",139,128,11
"S00115151",121,90,31
"S00115152",78,40,38
"S00115153",94,35,59
"S00115154",102,82,20
"S00115155",104,48,56
"S00115156",173,101,72
"S00115157",138,78,60
"S00115158",90,63,27
"S00115159",60,40,20
"S00115160",92,55,37
"S00115161",144,88,56
"S00115162",82,54,28
"S00115163",79,61,18
"S00115164",84,69,15
"S00115165",233,128,105
"S00115166",98,49,49
"S00115167",153,140,13
"S00115168",118,80,38
"S00115169",133,80,53
"S00115170",112,52,60
"S00115171",118,82,36
"S00115172",61,48,13
"S00115173",59,27,32
"S00115174",72,49,23
"S00115175",92,51,41
"S00115176",110,75,35
"S00115177",86,62,24
"S00115178",169,101,68
"S00115179",63,40,23
"S00115180",87,54,33
"S00115181",92,56,36
"S00115182",90,61,29
"S00115183",72,45,27
"S00115184",119,77,42
"S00115185",116,73,43
"S00115186",205,102,103
"S00115187",97,53,44
"S00115188",100,68,32
"S00115189",122,92,30
"S00115190",140,95,45
"S00115191",77,65,12
"S00115192",125,85,40
"S00115193",129,106,23
"S00115194",162,118,44
"S00115195",116,82,34
"S00115196",103,66,37
"S00115197",95,76,19
"S00115198",110,84,26
"S00115199",157,141,16
"S00115200",192,172,20
"S00115201",138,94,44
"S00115202",109,58,51
"S00115203",82,62,20
"S00115204",138,97,41
"S00115205",87,69,18
"S00115206",139,101,38
"S00115207",79,51,28
"S00115208",54,43,11
"S00115209",135,116,19
"S00115210",150,130,20
"S00115211",115,69,46
"S00115212",80,63,17
"S00115213",95,68,27
"S00115214",142,127,15
"S00115215",118,100,18
"S00115216",149,125,24
"S00115217",162,118,44
"S00115218",132,102,30
"S00115219",92,66,26
"S00115220",123,106,17
"S00115221",94,65,29
"S00115222",137,95,42
"S00115223",115,87,28
"S00115224",82,57,25
"S00115225",72,61,11
"S00115226",106,85,21
"S00115227",114,91,23
"S00115228",83,55,28
"S00115229",171,142,29
"S00115230",78,61,17
"S00115231",54,43,11
"S00115232",53,41,12
"S00115233",117,90,27
"S00115234",102,79,23
"S00115235",85,62,23
"S00115236",158,132,26
"S00115237",85,73,12
"S00115238",104,85,19
"S00115239",94,69,25
"S00115240",86,57,29
"S00115241",111,85,26
"S00115242",108,73,35
"S00115243",90,59,31
"S00115244",101,54,47
"S00115245",151,110,41
"S00115246",102,71,31
"S00115247",95,51,44
"S00115248",79,49,30
"S00115249",107,81,26
"S00115250",67,41,26
"S00115251",97,65,32
"S00115252",86,60,26
"S00115253",89,57,32
"S00115254",89,48,41
"S00115255",77,62,15
"S00115256",108,85,23
"S00115257",114,77,37
"S00115258",91,71,20
"S00115259",118,84,34
"S00115260",117,80,37
"S00115261",77,44,33
"S00115262",78,67,11
"S00115263",60,43,17
"S00115264",86,46,40
"S00115265",113,99,14
"S00115266",94,79,15
"S00115267",100,88,12
"S00115268",130,103,27
"S00115269",80,67,13
"S00115270",110,92,18
"S00115271",68,62,6
"S00115272",72,61,11
"S00115273",78,67,11
"S00115274",94,76,18
"S00115275",166,144,22
"S00115276",57,42,15
"S00115277",142,129,13
"S00115278",165,142,23
"S00115279",81,73,8
"S00115280",88,80,8
"S00115281",168,135,33
"S00115282",151,86,65
"S00115283",87,56,31
"S00115284",90,51,39
"S00115285",144,133,11
"S00115286",121,83,38
"S00115287",100,71,29
"S00115288",77,69,8
"S00115289",117,99,18
"S00115290",109,93,16
"S00115291",81,64,17
"S00115292",99,78,21
"S00115293",140,110,30
"S00115294",58,51,7
"S00115295",121,106,15
"S00115296",122,99,23
"S00115297",62,44,18
"S00115298",129,103,26
"S00115299",104,59,45
"S00115300",72,37,35
"S00115301",129,113,16
"S00115302",122,103,19
"S00115303",100,78,22
"S00115304",80,72,8
"S00115305",93,73,20
"S00115306",90,64,26
"S00115307",77,56,21
"S00115308",159,112,47
"S00115309",107,87,20
"S00115310",68,53,15
"S00115311",69,45,24
"S00115312",134,88,46
"S00115313",121,89,32
"S00115314",84,59,25
"S00115315",136,109,27
"S00115316",77,62,15
"S00115317",55,36,19
"S00115318",71,55,16
"S00115319",115,81,34
"S00115320",92,49,43
"S00115321",103,73,30
"S00115322",68,48,20
"S00115323",148,103,45
"S00115324",114,80,34
"S00115325",87,66,21
"S00115326",114,91,23
"S00115327",145,99,46
"S00115328",107,61,46
"S00115329",68,36,32
"S00115330",57,25,32
"S00115331",88,66,22
"S00115332",79,46,33
"S00115333",91,50,41
"S00115334",165,125,40
"S00115335",107,70,37
"S00115336",99,62,37
"S00115337",111,64,47
"S00115338",108,84,24
"S00115339",85,50,35
"S00115340",95,73,22
"S00115341",174,84,90
"S00115342",90,80,10
"S00115343",120,104,16
"S00115344",145,87,58
"S00115345",118,87,31
"S00115346",84,71,13
"S00115347",119,96,23
"S00115348",87,80,7
"S00115349",141,125,16
"S00115350",90,64,26
"S00115351",121,97,24
"S00115352",115,90,25
"S00115353",105,60,45
"S00115354",148,95,53
"S00115355",85,72,13
"S00115356",54,43,11
"S00115357",63,43,20
"S00115358",76,43,33
"S00115359",55,35,20
"S00115360",99,68,31
"S00115361",76,59,17
"S00115362",128,102,26
"S00115363",107,83,24
"S00115364",126,101,25
"S00115365",113,81,32
"S00115366",147,114,33
"S00115367",99,70,29
"S00115368",102,72,30
"S00115369",97,87,10
"S00115370",144,136,8
"S00115371",164,150,14
"S00115372",104,71,33
"S00115373",82,49,33
"S00115374",136,108,28
"S00115375",135,93,42
"S00115376",96,59,37
"S00115377",123,99,24
"S00115378",86,56,30
"S00115379",136,87,49
"S00115380",111,78,33
"S00115381",84,53,31
"S00115382",95,66,29
"S00115383",132,87,45
"S00115384",86,59,27
"S00115385",146,102,44
"S00115386",126,90,36
"S00115387",107,81,26
"S00115388",113,64,49
"S00115389",72,46,26
"S00115390",116,87,29
"S00115391",76,39,37
"S00115392",75,37,38
"S00115393",118,64,54
"S00115394",106,80,26
"S00115395",220,155,65
"S00115396",152,135,17
"S00115397",135,101,34
"S00115398",88,73,15
"S00115399",90,58,32
"S00115400",109,91,18
"S00115401",95,64,31
"S00115402",86,62,24
"S00115403",91,73,18
"S00115404",58,42,16
"S00115405",64,49,15
"S00115406",78,66,12
"S00115407",88,75,13
"S00115408",121,89,32
"S00115409",69,54,15
"S00115410",51,44,7
"S00115411",104,86,18
"S00115412",53,47,6
"S00115413",56,41,15
"S00115414",67,51,16
"S00115415",125,83,42
"S00115416",66,51,15
"S00115417",62,47,15
"S00115418",63,31,32
"S00115419",76,36,40
"S00115420",84,69,15
"S00115421",91,72,19
"S00115422",71,56,15
"S00115423",262,245,17
"S00115424",143,96,47
"S00115425",106,101,5
"S00115426",135,112,23
"S00115427",95,59,36
"S00115428",86,61,25
"S00115429",125,86,39
"S00115430",119,95,24
"S00115431",120,99,21
"S00115432",94,65,29
"S00115433",181,141,40
"S00115434",182,137,45
"S00115435",135,108,27
"S00115436",93,67,26
"S00115437",145,111,34
"S00115438",109,84,25
"S00115439",110,81,29
"S00115440",147,121,26
"S00115441",154,120,34
"S00115442",92,75,17
"S00115443",172,138,34
"S00115444",89,74,15
"S00115445",103,71,32
"S00115446",111,75,36
"S00115447",111,83,28
"S00115448",99,81,18
"S00115449",82,64,18
"S00115450",140,102,38
"S00115451",103,80,23
"S00115452",122,92,30
"S00115453",101,76,25
"S00115454",139,99,40
"S00115455",94,74,20
"S00115456",107,77,30
"S00115457",105,68,37
"S00115458",88,63,25
"S00115459",73,44,29
"S00115460",126,91,35
"S00115461",98,57,41
"S00115462",120,80,40
"S00115463",93,53,40
"S00115464",108,91,17
"S00115465",67,41,26
"S00115466",84,50,34
"S00115467",82,54,28
"S00115468",53,36,17
"S00115469",87,50,37
"S00115470",82,37,45
"S00115471",112,87,25
"S00115472",117,71,46
"S00115473",96,67,29
"S00115474",128,88,40
"S00115475",100,66,34
"S00115476",103,74,29
"S00115477",73,42,31
"S00115478",91,75,16
"S00115479",113,79,34
"S00115480",134,109,25
"S00115481",71,58,13
"S00115482",84,57,27
"S00115483",95,75,20
"S00115484",91,48,43
"S00115485",88,48,40
"S00115486",220,155,65
"S00115487",194,132,62
"S00115488",188,138,50
"S00115489",198,151,47
"S00115490",84,62,22
"S00115491",116,91,25
"S00115492",112,82,30
"S00115493",82,52,30
"S00115494",59,37,22
"S00115495",70,41,29
"S00115496",82,41,41
"S00115497",102,53,49
"S00115498",181,156,25
"S00115499",105,88,17
"S00115500",141,107,34
"S00115501",108,95,13
"S00115502",143,131,12
"S00115503",126,114,12
"S00115504",94,74,20
"S00115505",115,101,14
"S00115506",68,54,14
"S00115507",108,102,6
"S00115508",108,94,14
"S00115509",123,107,16
"S00115510",78,67,11
"S00115511",104,89,15
"S00115512",95,70,25
"S00115513",77,58,19
"S00115514",64,32,32
"S00115515",87,50,37
"S00115516",124,103,21
"S00115517",109,86,23
"S00115518",121,90,31
"S00115519",87,64,23
"S00115520",122,93,29
"S00115521",86,66,20
"S00115522",133,95,38
"S00115523",106,85,21
"S00115524",79,47,32
"S00115525",128,105,23
"S00115526",115,91,24
"S00115527",142,116,26
"S00115528",62,55,7
"S00115529",184,154,30
"S00115530",175,152,23
"S00115531",94,74,20
"S00115532",129,107,22
"S00115533",84,73,11
"S00115534",89,46,43
"S00115535",132,109,23
"S00115536",111,90,21
"S00115537",126,108,18
"S00115538",123,105,18
"S00115539",140,108,32
"S00115540",94,77,17
"S00115541",152,127,25
"S00115542",135,111,24
"S00115543",58,46,12
"S00115544",157,132,25
"S00115545",99,83,16
"S00115546",105,83,22
"S00115547",152,115,37
"S00115548",81,49,32
"S00115549",100,81,19
"S00115550",91,59,32
"S00115551",107,81,26
"S00115552",106,85,21
"S00115553",148,108,40
"S00115554",144,97,47
"S00115555",86,56,30
"S00115556",112,84,28
"S00115557",94,53,41
"S00115558",73,41,32
"S00115559",70,56,14
"S00115560",114,90,24
"S00115561",67,43,24
"S00115562",72,47,25
"S00115563",186,154,32
"S00115564",183,146,37
"S00115565",99,61,38
"S00115566",127,112,15
"S00115567",95,39,56
"S00115568",62,46,16
"S00115569",85,70,15
"S00115570",157,127,30
"S00115571",165,139,26
"S00115572",168,127,41
"S00115573",136,119,17
"S00115574",80,66,14
"S00115575",129,95,34
"S00115576",65,35,30
"S00115577",110,84,26
"S00115578",178,154,24
"S00115579",97,74,23
"S00115580",121,91,30
"S00115581",165,136,29
"S00115582",154,105,49
"S00115583",72,46,26
"S00115584",93,80,13
"S00115585",134,116,18
"S00115586",113,85,28
"S00115587",114,86,28
"S00115588",160,142,18
"S00115589",169,144,25
"S00115590",93,78,15
"S00115591",142,113,29
"S00115592",149,123,26
"S00115593",77,57,20
"S00115594",122,111,11
"S00115595",88,76,12
"S00115596",125,102,23
"S00115597",124,95,29
"S00115598",87,72,15
"S00115599",135,120,15
"S00115600",121,81,40
"S00115601",73,40,33
"S00115602",166,67,99
"S00115603",90,72,18
"S00115604",90,76,14
"S00115605",93,74,19
"S00115606",102,84,18
"S00115607",55,43,12
"S00115608",147,122,25
"S00115609",72,55,17
"S00115610",102,60,42
"S00115611",128,104,24
"S00115612",192,166,26
"S00115613",153,132,21
"S00115614",97,77,20
"S00115615",82,60,22
"S00115616",126,105,21
"S00115617",94,76,18
"S00115618",99,81,18
"S00115619",86,53,33
"S00115620",75,51,24
"S00115621",129,117,12
"S00115622",103,77,26
"S00115623",117,87,30
"S00115624",120,90,30
"S00115625",154,106,48
"S00115626",142,111,31
"S00115627",127,92,35
"S00115628",127,97,30
"S00115629",91,69,22
"S00115630",136,93,43
"S00115631",167,127,40
"S00115632",147,105,42
"S00115633",122,97,25
"S00115634",178,111,67
"S00115635",135,110,25
"S00115636",102,73,29
"S00115637",98,64,34
"S00115638",127,89,38
"S00115639",164,151,13
"S00115640",160,149,11
"S00115641",108,93,15
"S00115642",131,88,43
"S00115643",117,77,40
"S00115644",111,71,40
"S00115645",72,55,17
"S00115646",99,87,12
"S00115647",114,81,33
"S00115648",128,98,30
"S00115649",108,87,21
"S00115650",59,40,19
"S00115651",124,84,40
"S00115652",85,64,21
"S00115653",133,112,21
"S00115654",75,56,19
"S00115655",129,93,36
"S00115656",121,96,25
"S00115657",166,119,47
"S00115658",161,129,32
"S00115659",111,91,20
"S00115660",134,101,33
"S00115661",118,88,30
"S00115662",118,85,33
"S00115663",89,70,19
"S00115664",137,92,45
"S00115665",163,120,43
"S00115666",106,89,17
"S00115667",66,45,21
"S00115668",60,22,38
"S00115669",101,83,18
"S00115670",164,138,26
"S00115671",141,104,37
"S00115672",232,186,46
"S00115673",164,110,54
"S00115674",143,119,24
"S00115675",74,70,4
"S00115676",137,124,13
"S00115677",143,116,27
"S00115678",116,88,28
"S00115679",181,153,28
"S00115680",118,81,37
"S00115681",148,127,21
"S00115682",162,124,38
"S00115683",145,116,29
"S00115684",138,119,19
"S00115685",90,66,24
"S00115686",166,119,47
"S00115687",124,102,22
"S00115688",94,64,30
"S00115689",137,98,39
"S00115690",111,85,26
"S00115691",105,48,57
"S00115692",206,167,39
"S00115693",168,135,33
"S00115694",142,113,29
"S00115695",127,88,39
"S00115696",102,72,30
"S00115697",119,80,39
"S00115698",124,87,37
"S00115699",91,61,30
"S00115700",159,114,45
"S00115701",148,110,38
"S00115702",117,81,36
"S00115703",107,72,35
"S00115704",102,77,25
"S00115705",64,45,19
"S00115706",87,52,35
"S00115707",96,59,37
"S00115708",107,75,32
"S00115709",132,97,35
"S00115710",131,104,27
"S00115711",117,76,41
"S00115712",98,69,29
"S00115713",120,89,31
"S00115714",78,52,26
"S00115715",122,88,34
"S00115716",65,43,22
"S00115717",88,42,46
"S00115718",149,88,61
"S00115719",108,74,34
"S00115720",68,46,22
"S00115721",99,65,34
"S00115722",70,37,33
"S00115723",67,50,17
"S00115724",102,77,25
"S00115725",101,74,27
"S00115726",82,65,17
"S00115727",102,71,31
"S00115728",94,52,42
"S00115729",196,134,62
"S00115730",172,116,56
"S00115731",125,101,24
"S00115732",195,134,61
"S00115733",151,100,51
"S00115734",138,105,33
"S00115735",153,95,58
"S00115736",93,50,43
"S00115737",104,71,33
"S00115738",80,46,34
"S00115739",106,68,38
"S00115740",161,113,48
"S00115741",72,44,28
"S00115742",109,65,44
"S00115743",114,95,19
"S00115744",124,80,44
"S00115745",67,50,17
"S00115746",63,43,20
"S00115747",91,70,21
"S00115748",108,78,30
"S00115749",163,117,46
"S00115750",99,73,26
"S00115751",54,31,23
"S00115752",123,103,20
"S00115753",160,139,21
"S00115754",177,138,39
"S00115755",100,68,32
"S00115756",202,163,39
"S00115757",194,174,20
"S00115758",209,155,54
"S00115759",60,47,13
"S00115760",240,222,18
"S00115761",176,158,18
"S00115762",135,86,49
"S00115763",111,84,27
"S00115764",103,91,12
"S00115765",156,139,17
"S00115766",161,135,26
"S00115767",221,138,83
"S00115768",138,128,10
"S00115769",98,88,10
"S00115770",118,100,18
"S00115771",67,37,30
"S00115772",113,82,31
"S00115773",187,164,23
"S00115774",110,87,23
"S00115775",90,59,31
"S00115776",177,131,46
"S00115777",164,147,17
"S00115778",106,88,18
"S00115779",133,107,26
"S00115780",103,82,21
"S00115781",130,98,32
"S00115782",101,81,20
"S00115783",133,87,46
"S00115784",139,108,31
"S00115785",132,98,34
"S00115786",132,93,39
"S00115787",140,111,29
"S00115788",123,108,15
"S00115789",99,73,26
"S00115790",113,91,22
"S00115791",123,94,29
"S00115792",128,117,11
"S00115793",246,218,28
"S00115794",109,71,38
"S00115795",108,90,18
"S00115796",89,62,27
"S00115797",213,177,36
"S00115798",58,53,5
"S00115799",147,125,22
"S00115800",180,149,31
"S00115801",169,147,22
"S00115802",193,174,19
"S00115803",91,75,16
"S00115804",146,118,28
"S00115805",114,102,12
"S00115806",100,84,16
"S00115807",85,63,22
"S00115808",126,118,8
"S00115809",110,90,20
"S00115810",125,103,22
"S00115811",116,85,31
"S00115812",109,91,18
"S00115813",140,123,17
"S00115814",104,81,23
"S00115815",142,112,30
"S00115816",123,101,22
"S00115817",101,81,20
"S00115818",105,85,20
"S00115819",126,109,17
"S00115820",102,86,16
"S00115821",101,89,12
"S00115822",106,80,26
"S00115823",153,124,29
"S00115824",152,128,24
"S00115825",101,76,25
"S00115826",138,114,24
"S00115827",111,98,13
"S00115828",134,117,17
"S00115829",111,86,25
"S00115830",161,133,28
"S00115831",89,73,16
"S00115832",124,107,17
"S00115833",135,110,25
"S00115834",118,96,22
"S00115835",153,129,24
"S00115836",108,93,15
"S00115837",104,88,16
"S00115838",99,64,35
"S00115839",104,73,31
"S00115840",139,122,17
"S00115841",70,53,17
"S00115842",137,80,57
"S00115843",99,82,17
"S00115844",115,93,22
"S00115845",133,88,45
"S00115846",149,105,44
"S00115847",161,109,52
"S00115848",94,65,29
"S00115849",172,149,23
"S00115850",115,90,25
"S00115851",113,98,15
"S00115852",109,74,35
"S00115853",122,111,11
"S00115854",143,111,32
"S00115855",128,110,18
"S00115856",139,111,28
"S00115857",88,67,21
"S00115858",113,84,29
"S00115859",190,167,23
"S00115860",90,76,14
"S00115861",131,88,43
"S00115862",138,99,39
"S00115863",92,64,28
"S00115864",109,83,26
"S00115865",88,58,30
"S00115866",119,80,39
"S00115867",79,51,28
"S00115868",94,56,38
"S00115869",79,57,22
"S00115870",129,80,49
"S00115871",83,56,27
"S00115872",127,105,22
"S00115873",117,95,22
"S00115874",115,96,19
"S00115875",147,92,55
"S00115876",86,61,25
"S00115877",79,47,32
"S00115878",115,76,39
"S00115879",123,83,40
"S00115880",83,64,19
"S00115881",103,73,30
"S00115882",97,65,32
"S00115883",86,63,23
"S00115884",93,66,27
"S00115885",101,62,39
"S00115886",118,75,43
"S00115887",115,86,29
"S00115888",96,52,44
"S00115889",99,65,34
"S00115890",112,71,41
"S00115891",145,91,54
"S00115892",78,40,38
"S00115893",163,141,22
"S00115894",92,66,26
"S00115895",76,55,21
"S00115896",184,162,22
"S00115897",83,60,23
"S00115898",98,83,15
"S00115899",65,53,12
"S00115900",228,190,38
"S00115901",80,44,36
"S00115902",175,139,36
"S00115903",169,147,22
"S00115904",91,59,32
"S00115905",70,44,26
"S00115906",82,62,20
"S00115907",68,50,18
"S00115908",148,101,47
"S00115909",110,85,25
"S00115910",107,88,19
"S00115911",103,85,18
"S00115912",185,159,26
"S00115913",130,110,20
"S00115914",140,122,18
"S00115915",154,136,18
"S00115916",218,200,18
"S00115917",139,128,11
"S00115918",97,74,23
"S00115919",147,135,12
"S00115920",81,42,39
"S00115921",109,83,26
"S00115922",131,104,27
"S00115923",160,148,12
"S00115924",86,77,9
"S00115925",55,53,2
"S00115926",156,151,5
"S00115927",88,80,8
"S00115928",60,53,7
"S00115929",76,75,1
"S00115930",96,70,26
"S00115931",127,87,40
"S00115932",89,56,33
"S00115933",111,72,39
"S00115934",129,106,23
"S00115935",113,97,16
"S00115936",149,104,45
"S00115937",111,89,22
"S00115938",98,87,11
"S00115939",59,47,12
"S00115940",87,76,11
"S00115941",105,38,67
"S00115942",114,88,26
"S00115943",85,55,30
"S00115944",84,54,30
"S00115945",159,105,54
"S00115946",117,84,33
"S00115947",145,120,25
"S00115948",125,92,33
"S00115949",107,74,33
"S00115950",93,69,24
"S00115951",99,83,16
"S00115952",76,55,21
"S00115953",83,54,29
"S00115954",72,60,12
"S00115955",70,26,44
"S00115956",142,116,26
"S00115957",54,36,18
"S00115958",141,100,41
"S00115959",79,59,20
"S00115960",94,69,25
"S00115961",177,132,45
"S00115962",196,176,20
"S00115963",93,77,16
"S00115964",91,72,19
"S00115965",122,103,19
"S00115966",145,103,42
"S00115967",110,99,11
"S00115968",187,141,46
"S00115969",78,59,19
"S00115970",150,105,45
"S00115971",184,130,54
"S00115972",58,56,2
"S00115973",98,88,10
"S00115974",68,46,22
"S00115975",114,89,25
"S00115976",76,62,14
"S00115977",115,107,8
"S00115978",70,68,2
"S00115979",78,76,2
"S00115980",56,38,18
"S00115981",198,186,12
"S00115982",197,183,14
"S00115983",165,156,9
"S00115984",137,94,43
"S00115985",180,166,14
"S00115986",55,46,9
"S00115987",89,58,31
"S00115988",129,123,6
"S00115989",96,66,30
"S00115990",85,53,32
"S00115991",119,73,46
"S00115992",158,131,27
"S00115993",60,36,24
"S00115994",120,56,64
"S00115995",146,121,25
"S00115996",60,47,13
"S00115997",58,46,12
"S00115998",75,58,17
"S00115999",70,51,19
"S00116000",91,77,14
"S00116001",80,59,21
"S00116002",77,57,20
"S00116003",82,60,22
"S00116004",68,42,26
"S00116005",133,85,48
"S00116006",78,44,34
"S00116007",113,74,39
"S00116008",64,52,12
"S00116009",103,71,32
"S00116010",132,89,43
"S00116011",57,48,9
"S00116012",131,62,69
"S00116013",62,40,22
"S00116014",100,54,46
"S00116015",86,73,13
"S00116016",138,93,45
"S00116017",69,51,18
"S00116018",63,39,24
"S00116019",97,65,32
"S00116020",62,53,9
"S00116021",105,77,28
"S00116022",81,53,28
"S00116023",88,59,29
"S00116024",83,54,29
"S00116025",66,49,17
"S00116026",74,48,26
"S00116027",99,62,37
"S00116028",77,72,5
"S00116029",119,96,23
"S00116030",60,38,22
"S00116031",103,85,18
"S00116032",112,102,10
"S00116033",64,54,10
"S00116034",83,56,27
"S00116035",131,125,6
"S00116036",224,144,80
"S00116037",125,121,4
"S00116038",134,125,9
"S00116039",137,128,9
"S00116040",133,129,4
"S00116041",92,81,11
"S00116042",68,63,5
"S00116043",51,25,26
"S00116044",74,53,21
"S00116045",139,126,13
"S00116046",96,65,31
"S00116047",95,56,39
"S00116048",78,62,16
"S00116049",64,42,22
"S00116050",54,41,13
"S00116051",106,69,37
"S00116052",156,121,35
"S00116053",118,101,17
"S00116054",142,75,67
"S00116055",101,42,59
"S00116056",59,27,32
"S00116057",153,125,28
"S00116058",118,85,33
"S00116059",162,145,17
"S00116060",77,25,52
"S00116061",57,43,14
"S00116062",124,96,28
"S00116063",144,113,31
"S00116064",87,52,35
"S00116065",75,63,12
"S00116066",88,51,37
"S00116067",128,70,58
"S00116068",78,45,33
"S00116069",59,36,23
"S00116070",91,81,10
"S00116071",88,59,29
"S00116072",78,67,11
"S00116073",105,65,40
"S00116074",71,58,13
"S00116075",87,69,18
"S00116076",106,93,13
"S00116077",929,876,53
"S00116078",106,73,33
"S00116079",99,63,36
"S00116080",72,45,27
"S00116081",122,105,17
"S00116082",70,51,19
"S00116083",86,39,47
"S00116084",139,95,44
"S00116085",87,70,17
"S00116086",78,36,42
"S00116087",104,70,34
"S00116088",62,46,16
"S00116089",81,48,33
"S00116090",134,92,42
"S00116091",83,58,25
"S00116092",87,65,22
"S00116093",175,85,90
"S00116094",165,128,37
"S00116095",111,62,49
"S00116096",115,74,41
"S00116097",70,62,8
"S00116098",95,68,27
"S00116099",155,121,34
"S00116100",105,70,35
"S00116101",83,49,34
"S00116102",105,74,31
"S00116103",93,69,24
"S00116104",98,67,31
"S00116105",120,57,63
"S00116106",75,42,33
"S00116107",75,56,19
"S00116108",102,77,25
"S00116109",113,64,49
"S00116110",166,152,14
"S00116111",124,115,9
"S00116112",174,159,15
"S00116113",119,101,18
"S00116114",126,117,9
"S00116115",213,194,19
"S00116116",237,220,17
"S00116117",205,184,21
"S00116118",81,75,6
"S00116119",87,82,5
"S00116120",73,55,18
"S00116121",107,93,14
"S00116122",64,45,19
"S00116123",97,75,22
"S00116124",122,84,38
"S00116125",73,40,33
"S00116126",115,88,27
"S00116127",73,54,19
"S00116128",79,63,16
"S00116129",79,73,6
"S00116130",64,40,24
"S00116131",111,71,40
"S00116132",118,77,41
"S00116133",83,52,31
"S00116134",77,58,19
"S00116135",89,57,32
"S00116136",72,49,23
"S00116137",177,131,46
"S00116138",119,65,54
"S00116139",56,47,9
"S00116140",88,80,8
"S00116141",135,122,13
"S00116142",103,99,4
"S00116143",98,52,46
"S00116144",66,35,31
"S00116145",80,47,33
"S00116146",83,67,16
"S00116147",84,46,38
"S00116148",104,83,21
"S00116149",71,47,24
"S00116150",98,65,33
"S00116151",127,66,61
"S00116152",63,39,24
"S00116153",53,29,24
"S00116154",180,125,55
"S00116155",67,32,35
"S00116156",95,63,32
"S00116157",126,88,38
"S00116158",99,58,41
"S00116159",73,52,21
"S00116160",94,58,36
"S00116161",189,140,49
"S00116162",87,84,3
"S00116163",76,64,12
"S00116164",63,61,2
"S00116165",75,65,10
"S00116166",104,95,9
"S00116167",55,43,12
"S00116168",59,56,3
"S00116169",58,55,3
"S00116170",78,66,12
"S00116171",116,65,51
"S00116172",150,105,45
"S00116173",109,62,47
"S00116174",138,100,38
"S00116175",87,72,15
"S00116176",79,52,27
"S00116177",71,46,25
"S00116178",103,65,38
"S00116179",74,53,21
"S00116180",151,129,22
"S00116181",180,142,38
"S00116182",191,182,9
"S00116183",138,128,10
"S00116184",137,126,11
"S00116185",155,143,12
"S00116186",124,110,14
"S00116187",280,257,23
"S00116188",132,108,24
"S00116189",66,40,26
"S00116190",53,37,16
"S00116191",54,37,17
"S00116192",86,44,42
"S00116193",101,61,40
"S00116194",75,48,27
"S00116195",145,128,17
"S00116196",73,61,12
"S00116197",65,56,9
"S00116198",93,88,5
"S00116199",60,32,28
"S00116200",79,74,5
"S00116201",138,87,51
"S00116202",137,115,22
"S00116203",95,84,11
"S00116204",86,75,11
"S00116205",60,54,6
"S00116206",104,96,8
"S00116207",77,58,19
"S00116208",61,29,32
"S00116209",106,73,33
"S00116210",91,57,34
"S00116211",66,62,4
"S00116212",159,131,28
"S00116213",118,109,9
"S00116214",68,58,10
"S00116215",67,62,5
"S00116216",65,58,7
"S00116217",103,81,22
"S00116218",123,100,23
"S00116219",58,51,7
"S00116220",63,28,35
"S00116221",88,72,16
"S00116222",86,54,32
"S00116223",160,141,19
"S00116224",175,149,26
"S00116225",90,57,33
"S00116226",85,48,37
"S00116227",67,62,5
"S00116228",97,58,39
"S00116229",61,39,22
"S00116230",59,36,23
"S00116231",103,69,34
"S00116232",97,35,62
"S00116233",59,49,10
"S00116234",147,107,40
"S00116235",143,102,41
"S00116236",101,64,37
"S00116237",68,51,17
"S00116238",117,87,30
"S00116239",89,57,32
"S00116240",183,154,29
"S00116241",70,45,25
"S00116242",164,114,50
"S00116243",94,80,14
"S00116244",114,98,16
"S00116245",86,64,22
"S00116246",95,68,27
"S00116247",175,152,23
"S00116248",69,65,4
"S00116249",71,55,16
"S00116250",52,37,15
"S00116251",77,57,20
"S00116252",120,64,56
"S00116253",155,138,17
"S00116254",116,91,25
"S00116255",63,53,10
"S00116256",114,72,42
"S00116257",56,46,10
"S00116258",117,93,24
"S00116259",119,66,53
"S00116260",109,80,29
"S00116261",80,65,15
"S00116262",62,48,14
"S00116263",135,105,30
"S00116264",83,57,26
"S00116265",148,100,48
"S00116266",75,57,18
"S00116267",115,83,32
"S00116268",102,66,36
"S00116269",60,50,10
"S00116270",58,43,15
"S00116271",50,37,13
"S00116272",103,82,21
"S00116273",101,79,22
"S00116274",63,51,12
"S00116275",81,59,22
"S00116276",94,65,29
"S00116277",142,114,28
"S00116278",68,63,5
"S00116279",87,68,19
"S00116280",78,41,37
"S00116281",77,70,7
"S00116282",91,72,19
"S00116283",107,77,30
"S00116284",88,76,12
"S00116285",57,34,23
"S00116286",113,68,45
"S00116287",83,57,26
"S00116288",98,69,29
"S00116289",90,64,26
"S00116290",96,64,32
"S00116291",121,86,35
"S00116292",121,83,38
"S00116293",122,95,27
"S00116294",126,77,49
"S00116295",64,44,20
"S00116296",96,91,5
"S00116297",102,92,10
"S00116298",55,51,4
"S00116299",75,71,4
"S00116300",99,93,6
"S00116301",97,91,6
"S00116302",119,108,11
"S00116303",72,67,5
"S00116304",160,146,14
"S00116305",90,76,14
"S00116306",111,98,13
"S00116307",83,72,11
"S00116308",104,68,36
"S00116309",110,72,38
"S00116310",147,83,64
"S00116311",66,52,14
"S00116312",122,93,29
"S00116313",90,72,18
"S00116314",113,95,18
"S00116315",197,181,16
"S00116316",61,53,8
"S00116317",215,193,22
"S00116318",218,205,13
"S00116319",205,106,99
"S00116320",114,105,9
"S00116321",50,46,4
"S00116322",133,127,6
"S00116323",124,117,7
"S00116324",285,267,18
"S00116325",62,57,5
"S00116326",111,91,20
"S00116327",223,201,22
"S00116328",107,77,30
"S00116329",107,68,39
"S00116330",151,126,25
"S00116331",126,108,18
"S00116332",123,107,16
"S00116333",73,63,10
"S00116334",134,117,17
"S00116335",180,157,23
"S00116336",136,115,21
"S00116337",59,51,8
"S00116338",68,40,28
"S00116339",102,86,16
"S00116340",64,51,13
"S00116341",155,123,32
"S00116342",115,79,36
"S00116343",69,49,20
"S00116344",89,84,5
"S00116345",92,83,9
"S00116346",61,38,23
"S00116347",73,69,4
"S00116348",95,90,5
"S00116349",886,843,43
"S00116350",114,108,6
"S00116351",108,99,9
"S00116352",102,90,12
"S00116353",54,49,5
"S00116354",78,74,4
"S00116355",66,52,14
"S00116356",50,48,2
"S00116357",59,54,5
"S00116358",76,63,13
"S00116359",52,44,8
"S00116360",93,86,7
"S00116361",61,46,15
"S00116362",57,45,12
"S00116363",84,83,1
"S00116364",112,101,11
"S00116365",111,93,18
"S00116366",82,79,3
"S00116367",110,108,2
"S00116368",64,61,3
"S00116369",107,96,11
"S00116370",103,96,7
"S00116371",91,86,5
"S00116372",95,81,14
"S00116373",142,120,22
"S00116374",154,133,21
"S00116375",199,185,14
"S00116376",117,105,12
"S00116377",189,180,9
"S00116378",75,69,6
"S00116379",109,87,22
"S00116380",78,73,5
"S00116381",109,101,8
"S00116382",104,93,11
"S00116383",66,62,4
"S00116384",79,75,4
"S00116385",102,92,10
"S00116386",62,54,8
"S00116387",66,49,17
"S00116388",158,149,9
"S00116389",101,99,2
"S00116390",74,72,2
"S00116391",83,65,18
"S00116392",138,115,23
"S00116393",86,82,4
"S00116394",129,99,30
"S00116395",93,88,5
"S00116396",92,68,24
"S00116397",103,64,39
"S00116398",123,78,45
"S00116399",130,96,34
"S00116400",90,56,34
"S00116401",88,78,10
"S00116402",79,69,10
"S00116403",81,61,20
"S00116404",55,44,11
"S00116405",68,39,29
"S00116406",83,49,34
"S00116407",95,84,11
"S00116408",66,53,13
"S00116409",83,71,12
"S00116410",79,72,7
"S00116411",83,62,21
"S00116412",64,52,12
"S00116413",80,62,18
"S00116414",77,58,19
"S00116415",55,24,31
"S00116416",59,38,21
"S00116417",87,51,36
"S00116418",105,69,36
"S00116419",63,46,17
"S00116420",101,91,10
"S00116421",158,148,10
"S00116422",104,75,29
"S00116423",132,101,31
"S00116424",87,59,28
"S00116425",126,80,46
"S00116426",75,47,28
"S00116427",101,71,30
"S00116428",96,60,36
"S00116429",82,52,30
"S00116430",78,51,27
"S00116431",76,50,26
"S00116432",107,77,30
"S00116433",91,69,22
"S00116434",82,75,7
"S00116435",92,82,10
"S00116436",102,76,26
"S00116437",88,68,20
"S00116438",103,78,25
"S00116439",78,61,17
"S00116440",108,74,34
"S00116441",105,87,18
"S00116442",58,38,20
"S00116443",118,91,27
"S00116444",102,73,29
"S00116445",111,81,30
"S00116446",102,86,16
"S00116447",84,59,25
"S00116448",96,69,27
"S00116449",68,56,12
"S00116450",78,59,19
"S00116451",67,35,32
"S00116452",60,26,34
"S00116453",64,29,35
"S00116454",69,43,26
"S00116455",68,26,42
"S00116456",74,39,35
"S00116457",91,39,52
"S00116458",58,23,35
"S00116459",112,83,29
"S00116460",156,138,18
"S00116461",100,81,19
"S00116462",86,61,25
"S00116463",74,56,18
"S00116464",80,66,14
"S00116465",106,67,39
"S00116466",77,40,37
"S00116467",79,28,51
"S00116468",59,38,21
"S00116469",63,41,22
"S00116470",122,78,44
"S00116471",76,46,30
"S00116472",62,38,24
"S00116473",63,39,24
"S00116474",81,50,31
"S00116475",81,57,24
"S00116476",63,35,28
"S00116477",68,39,29
"S00116478",81,55,26
"S00116479",74,60,14
"S00116480",92,64,28
"S00116481",92,84,8
"S00116482",63,55,8
"S00116483",111,95,16
"S00116484",146,131,15
"S00116485",94,64,30
"S00116486",73,39,34
"S00116487",58,31,27
"S00116488",62,36,26
"S00116489",85,51,34
"S00116490",79,57,22
"S00116491",92,52,40
"S00116492",112,67,45
"S00116493",73,35,38
"S00116494",80,41,39
"S00116495",74,20,54
"S00116496",68,23,45
"S00116497",101,63,38
"S00116498",80,39,41
"S00116499",84,70,14
"S00116500",120,107,13
"S00116501",98,84,14
"S00116502",141,114,27
"S00116503",88,72,16
"S00116504",88,63,25
"S00116505",93,64,29
"S00116506",96,63,33
"S00116507",126,97,29
"S00116508",95,74,21
"S00116509",54,43,11
"S00116510",117,90,27
"S00116511",57,28,29
"S00116512",53,30,23
"S00116513",83,69,14
"S00116514",78,69,9
"S00116515",119,87,32
"S00116516",72,44,28
"S00116517",73,48,25
"S00116518",61,41,20
"S00116519",117,101,16
"S00116520",119,105,14
"S00116521",95,84,11
"S00116522",94,87,7
"S00116523",79,46,33
"S00116524",67,50,17
"S00116525",77,26,51
"S00116526",77,25,52
"S00116527",93,65,28
"S00116528",67,45,22
"S00116529",109,75,34
"S00116530",105,72,33
"S00116531",91,82,9
"S00116532",83,69,14
"S00116533",98,64,34
"S00116534",60,45,15
"S00116535",69,53,16
"S00116536",65,39,26
"S00116537",68,42,26
"S00116538",66,45,21
"S00116539",96,63,33
"S00116540",76,44,32
"S00116541",79,63,16
"S00116542",51,34,17
"S00116543",79,58,21
"S00116544",95,67,28
"S00116545",78,37,41
"S00116546",78,32,46
"S00116547",97,63,34
"S00116548",104,76,28
"S00116549",97,68,29
"S00116550",92,59,33
"S00116551",77,50,27
"S00116552",88,68,20
"S00116553",79,28,51
"S00116554",69,40,29
"S00116555",86,59,27
"S00116556",115,95,20
"S00116557",107,91,16
"S00116558",84,79,5
"S00116559",218,196,22
"S00116560",60,18,42
"S00116561",73,39,34
"S00116562",71,46,25
"S00116563",66,40,26
"S00116564",77,35,42
"S00116565",77,46,31
"S00116566",65,63,2
"S00116567",60,56,4
"S00116568",101,95,6
"S00116569",86,80,6
"S00116570",111,106,5
"S00116571",141,88,53
"S00116572",74,52,22
"S00116573",106,65,41
"S00116574",106,73,33
"S00116575",89,79,10
"S00116576",89,62,27
"S00116577",76,72,4
"S00116578",86,85,1
"S00116579",63,41,22
"S00116580",98,95,3
"S00116581",88,79,9
"S00116582",125,119,6
"S00116583",115,113,2
"S00116584",92,85,7
"S00116585",56,34,22
"S00116586",96,49,47
"S00116587",85,74,11
"S00116588",96,93,3
"S00116589",86,83,3
"S00116590",94,81,13
"S00116591",129,122,7
"S00116592",108,101,7
"S00116593",152,142,10
"S00116594",87,76,11
"S00116595",125,118,7
"S00116596",144,121,23
"S00116597",134,100,34
"S00116598",80,75,5
"S00116599",124,110,14
"S00116600",106,92,14
"S00116601",124,109,15
"S00116602",147,107,40
"S00116603",106,64,42
"S00116604",121,85,36
"S00116605",91,86,5
"S00116606",100,93,7
"S00116607",114,106,8
"S00116608",82,79,3
"S00116609",90,74,16
"S00116610",71,52,19
"S00116611",145,139,6
"S00116612",121,113,8
"S00116613",89,84,5
"S00116614",87,76,11
"S00116615",92,90,2
"S00116616",81,76,5
"S00116617",135,122,13
"S00116618",86,78,8
"S00116619",82,76,6
"S00116620",119,108,11
"S00116621",72,63,9
"S00116622",88,84,4
"S00116623",73,64,9
"S00116624",82,77,5
"S00116625",83,77,6
"S00116626",477,446,31
"S00116627",134,118,16
"S00116628",90,76,14
"S00116629",152,142,10
"S00116630",290,278,12
"S00116631",126,118,8
"S00116632",432,404,28
"S00116633",168,153,15
"S00116634",115,102,13
"S00116635",148,141,7
"S00116636",124,93,31
"S00116637",95,52,43
"S00116638",134,118,16
"S00116639",93,83,10
"S00116640",60,51,9
"S00116641",68,59,9
"S00116642",71,69,2
"S00116643",134,125,9
"S00116644",92,60,32
"S00116645",87,60,27
"S00116646",146,136,10
"S00116647",67,57,10
"S00116648",110,103,7
"S00116649",81,77,4
"S00116650",72,68,4
"S00116651",1748,1681,67
"S00116652",104,76,28
"S00116653",102,68,34
"S00116654",117,77,40
"S00116655",87,60,27
"S00116656",103,53,50
"S00116657",111,83,28
"S00116658",104,78,26
"S00116659",122,83,39
"S00116660",128,118,10
"S00116661",134,125,9
"S00116662",106,61,45
"S00116663",85,41,44
"S00116664",101,41,60
"S00116665",92,36,56
"S00116666",92,85,7
"S00116667",50,47,3
"S00116668",107,99,8
"S00116669",126,121,5
"S00116670",89,84,5
"S00116671",92,89,3
"S00116672",82,80,2
"S00116673",86,82,4
"S00116674",149,125,24
"S00116675",144,142,2
"S00116676",94,91,3
"S00116677",118,104,14
"S00116678",157,149,8
"S00116679",202,159,43
"S00116680",81,79,2
"S00116681",137,91,46
"S00116682",88,83,5
"S00116683",95,91,4
"S00116684",142,75,67
"S00116685",126,92,34
"S00116686",103,61,42
"S00116687",266,249,17
"S00116688",70,41,29
"S00116689",117,110,7
"S00116690",102,88,14
"S00116691",286,260,26
"S00116692",78,39,39
"S00116693",71,37,34
"S00116694",74,46,28
"S00116695",69,57,12
"S00116696",85,27,58
"S00116697",121,68,53
"S00116698",112,106,6
"S00116699",60,36,24
"S00116700",124,117,7
"S00116701",129,123,6
"S00116702",105,65,40
"S00116703",108,83,25
"S00116704",68,41,27
"S00116705",143,97,46
"S00116706",109,73,36
"S00116707",119,101,18
"S00116708",68,58,10
"S00116709",123,105,18
"S00116710",82,56,26
"S00116711",112,75,37
"S00116712",105,71,34
"S00116713",139,99,40
"S00116714",126,112,14
"S00116715",75,37,38
"S00116716",110,87,23
"S00116717",84,58,26
"S00116718",90,83,7
"S00116719",163,144,19
"S00116720",115,100,15
"S00116721",79,56,23
"S00116722",64,49,15
"S00116723",79,57,22
"S00116724",108,98,10
"S00116725",78,69,9
"S00116726",108,82,26
"S00116727",91,72,19
"S00116728",80,59,21
"S00116729",143,100,43
"S00116730",116,94,22
"S00116731",87,73,14
"S00116732",108,90,18
"S00116733",124,101,23
"S00116734",68,59,9
"S00116735",140,127,13
"S00116736",80,66,14
"S00116737",97,84,13
"S00116738",104,73,31
"S00116739",86,52,34
"S00116740",93,91,2
"S00116741",138,110,28
"S00116742",118,101,17
"S00116743",83,50,33
"S00116744",78,37,41
"S00116745",114,83,31
"S00116746",67,50,17
"S00116747",139,116,23
"S00116748",53,49,4
"S00116749",86,52,34
"S00116750",123,116,7
"S00116751",94,85,9
"S00116752",65,58,7
"S00116753",53,48,5
"S00116754",191,184,7
"S00116755",65,54,11
"S00116756",122,100,22
"S00116757",123,110,13
"S00116758",81,79,2
"S00116759",129,110,19
"S00116760",118,115,3
"S00116761",74,70,4
"S00116762",97,72,25
"S00116763",61,55,6
"S00116764",85,80,5
"S00116765",87,83,4
"S00116766",91,88,3
"S00116767",186,170,16
"S00116768",74,52,22
"S00116769",65,56,9
"S00116770",79,72,7
"S00116771",105,92,13
"S00116772",90,78,12
"S00116773",161,112,49
"S00116774",118,103,15
"S00116775",65,59,6
"S00116776",91,87,4
"S00116777",61,48,13
"S00116778",683,649,34
"S00116779",96,88,8
"S00116780",73,63,10
"S00116781",105,100,5
"S00116782",125,120,5
"S00116783",63,62,1
"S00116784",112,97,15
"S00116785",87,78,9
"S00116786",108,79,29
"S00116787",71,65,6
"S00116788",83,68,15
"S00116789",185,168,17
"S00116790",229,221,8
"S00116791",157,137,20
"S00116792",167,155,12
"S00116793",106,94,12
"S00116794",104,49,55
"S00116795",99,61,38
"S00116796",72,68,4
"S00116797",104,93,11
"S00116798",116,90,26
"S00116799",52,52,0
"S00116800",54,50,4
"S00116801",87,76,11
"S00116802",86,80,6
"S00116803",97,90,7
"S00116804",127,121,6
"S00116805",166,111,55
"S00116806",137,122,15
"S00116807",126,108,18
"S00116808",57,51,6
"S00116809",95,39,56
"S00116810",113,68,45
"S00116811",72,49,23
"S00116812",79,47,32
"S00116813",106,81,25
"S00116814",72,62,10
"S00116815",106,72,34
"S00116816",93,69,24
"S00116817",78,63,15
"S00116818",63,36,27
"S00116819",61,45,16
"S00116820",137,107,30
"S00116821",63,47,16
"S00116822",86,66,20
"S00116823",128,90,38
"S00116824",114,75,39
"S00116825",77,59,18
"S00116826",55,37,18
"S00116827",136,104,32
"S00116828",74,55,19
"S00116829",64,40,24
"S00116830",74,47,27
"S00116831",72,57,15
"S00116832",75,48,27
"S00116833",73,47,26
"S00116834",81,58,23
"S00116835",71,52,19
"S00116836",76,53,23
"S00116837",78,55,23
"S00116838",76,53,23
"S00116839",87,62,25
"S00116840",98,66,32
"S00116841",62,54,8
"S00116842",111,72,39
"S00116843",77,54,23
"S00116844",82,58,24
"S00116845",115,101,14
"S00116846",90,61,29
"S00116847",116,73,43
"S00116848",162,140,22
"S00116849",126,92,34
"S00116850",65,45,20
"S00116851",94,50,44
"S00116852",72,46,26
"S00116853",97,65,32
"S00116854",98,61,37
"S00116855",275,253,22
"S00116856",112,103,9
"S00116857",195,175,20
"S00116858",118,72,46
"S00116859",130,102,28
"S00116860",116,99,17
"S00116861",80,67,13
"S00116862",210,165,45
"S00116863",57,42,15
"S00116864",161,129,32
"S00116865",164,122,42
"S00116866",144,103,41
"S00116867",127,95,32
"S00116868",76,58,18
"S00116869",88,55,33
"S00116870",104,91,13
"S00116871",95,74,21
"S00116872",89,65,24
"S00116873",92,75,17
"S00116874",138,106,32
"S00116875",137,121,16
"S00116876",131,92,39
"S00116877",74,48,26
"S00116878",79,61,18
"S00116879",101,75,26
"S00116880",89,70,19
"S00116881",117,89,28
"S00116882",108,79,29
"S00116883",55,39,16
"S00116884",91,78,13
"S00116885",102,82,20
"S00116886",109,86,23
"S00116887",76,63,13
"S00116888",93,87,6
"S00116889",106,100,6
"S00116890",51,40,11
"S00116891",152,128,24
"S00116892",93,69,24
"S00116893",74,67,7
"S00116894",120,106,14
"S00116895",96,85,11
"S00116896",69,64,5
"S00116897",62,53,9
"S00116898",62,57,5
"S00116899",211,170,41
"S00116900",129,119,10
"S00116901",111,98,13
"S00116902",70,54,16
"S00116903",67,40,27
"S00116904",57,32,25
"S00116905",142,134,8
"S00116906",153,133,20
"S00116907",114,64,50
"S00116908",62,44,18
"S00116909",143,123,20
"S00116910",71,50,21
"S00116911",116,94,22
"S00116912",83,66,17
"S00116913",72,55,17
"S00116914",120,86,34
"S00116915",88,59,29
"S00116916",85,62,23
"S00116917",143,90,53
"S00116918",99,79,20
"S00116919",81,50,31
"S00116920",86,59,27
"S00116921",124,103,21
"S00116922",151,108,43
"S00116923",67,39,28
"S00116924",107,88,19
"S00116925",134,104,30
"S00116926",66,43,23
"S00116927",100,89,11
"S00116928",95,67,28
"S00116929",63,33,30
"S00116930",94,67,27
"S00116931",86,57,29
"S00116932",84,78,6
"S00116933",69,63,6
"S00116934",131,88,43
"S00116935",95,84,11
"S00116936",114,105,9
"S00116937",150,126,24
"S00116938",89,74,15
"S00116939",150,112,38
"S00116940",211,196,15
"S00116941",153,131,22
"S00116942",64,57,7
"S00116943",94,86,8
"S00116944",98,68,30
"S00116945",121,79,42
"S00116946",96,68,28
"S00116947",106,72,34
"S00116948",77,38,39
"S00116949",141,92,49
"S00116950",54,45,9
"S00116951",120,109,11
"S00116952",138,129,9
"S00116953",60,41,19
"S00116954",97,62,35
"S00116955",64,38,26
"S00116956",60,34,26
"S00116957",50,32,18
"S00116958",56,37,19
"S00116959",51,36,15
"S00116960",53,33,20
"S00116961",50,33,17
"S00116962",61,44,17
"S00116963",106,77,29
"S00116964",62,47,15
"S00116965",100,63,37
"S00116966",57,33,24
"S00116967",85,63,22
"S00116968",86,64,22
"S00116969",59,43,16
"S00116970",133,103,30
"S00116971",128,101,27
"S00116972",294,259,35
"S00116973",202,151,51
"S00116974",103,92,11
"S00116975",51,35,16
"S00116976",104,81,23
"S00116977",93,67,26
"S00116978",74,44,30
"S00116979",121,109,12
"S00116980",176,146,30
"S00116981",66,50,16
"S00116982",97,77,20
"S00116983",69,58,11
"S00116984",99,85,14
"S00116985",100,76,24
"S00116986",127,106,21
"S00116987",101,73,28
"S00116988",88,75,13
"S00116989",106,91,15
"S00116990",83,61,22
"S00116991",65,62,3
"S00116992",134,102,32
"S00116993",82,57,25
"S00116994",63,28,35
"S00116995",104,86,18
"S00116996",180,136,44
"S00116997",98,64,34
"S00116998",108,83,25
"S00116999",140,111,29
"S00117000",83,53,30
"S00117001",136,100,36
"S00117002",70,58,12
"S00117003",135,118,17
"S00117004",132,106,26
"S00117005",104,75,29
"S00117006",83,56,27
"S00117007",109,76,33
"S00117008",86,67,19
"S00117009",68,36,32
"S00117010",105,80,25
"S00117011",87,62,25
"S00117012",136,103,33
"S00117013",90,55,35
"S00117014",155,114,41
"S00117015",118,91,27
"S00117016",91,74,17
"S00117017",110,90,20
"S00117018",79,62,17
"S00117019",115,95,20
"S00117020",84,62,22
"S00117021",122,98,24
"S00117022",61,34,27
"S00117023",113,80,33
"S00117024",62,44,18
"S00117025",71,45,26
"S00117026",59,38,21
"S00117027",146,135,11
"S00117028",109,81,28
"S00117029",110,74,36
"S00117030",74,44,30
"S00117031",60,27,33
"S00117032",106,87,19
"S00117033",65,52,13
"S00117034",145,95,50
"S00117035",81,58,23
"S00117036",104,87,17
"S00117037",67,64,3
"S00117038",202,182,20
"S00117039",129,116,13
"S00117040",107,95,12
"S00117041",213,189,24
"S00117042",151,135,16
"S00117043",144,120,24
"S00117044",161,127,34
"S00117045",131,90,41
"S00117046",113,67,46
"S00117047",130,110,20
"S00117048",69,50,19
"S00117049",76,46,30
"S00117050",119,95,24
"S00117051",83,67,16
"S00117052",75,64,11
"S00117053",124,106,18
"S00117054",99,82,17
"S00117055",166,150,16
"S00117056",163,146,17
"S00117057",146,86,60
"S00117058",245,202,43
"S00117059",75,63,12
"S00117060",82,68,14
"S00117061",124,101,23
"S00117062",90,72,18
"S00117063",66,43,23
"S00117064",83,62,21
"S00117065",87,78,9
"S00117066",88,48,40
"S00117067",68,42,26
"S00117068",73,33,40
"S00117069",136,90,46
"S00117070",54,40,14
"S00117071",90,73,17
"S00117072",164,86,78
"S00117073",86,45,41
"S00117074",68,35,33
"S00117075",125,80,45
"S00117076",75,69,6
"S00117077",70,42,28
"S00117078",93,31,62
"S00117079",220,167,53
"S00117080",140,99,41
"S00117081",104,86,18
"S00117082",72,54,18
"S00117083",58,37,21
"S00117084",118,87,31
"S00117085",86,55,31
"S00117086",100,87,13
"S00117087",91,50,41
"S00117088",62,38,24
"S00117089",176,116,60
"S00117090",105,73,32
"S00117091",55,34,21
"S00117092",106,87,19
"S00117093",139,104,35
"S00117094",112,65,47
"S00117095",157,115,42
"S00117096",166,136,30
"S00117097",139,113,26
"S00117098",114,94,20
"S00117099",105,92,13
"S00117100",77,62,15
"S00117101",84,74,10
"S00117102",133,123,10
"S00117103",107,99,8
"S00117104",154,151,3
"S00117105",143,130,13
"S00117106",58,52,6
"S00117107",89,70,19
"S00117108",59,56,3
"S00117109",85,67,18
"S00117110",75,64,11
"S00117111",83,68,15
"S00117112",181,141,40
"S00117113",92,55,37
"S00117114",74,42,32
"S00117115",73,56,17
"S00117116",130,96,34
"S00117117",64,39,25
"S00117118",148,102,46
"S00117119",133,84,49
"S00117120",113,79,34
"S00117121",152,109,43
"S00117122",79,53,26
"S00117123",93,64,29
"S00117124",65,40,25
"S00117125",124,105,19
"S00117126",99,75,24
"S00117127",101,61,40
"S00117128",103,69,34
"S00117129",69,39,30
"S00117130",108,52,56
"S00117131",135,58,77
"S00117132",88,67,21
"S00117133",78,50,28
"S00117134",91,55,36
"S00117135",57,46,11
"S00117136",107,81,26
"S00117137",101,67,34
"S00117138",150,113,37
"S00117139",75,55,20
"S00117140",84,44,40
"S00117141",93,60,33
"S00117142",80,47,33
"S00117143",85,72,13
"S00117144",67,56,11
"S00117145",106,92,14
"S00117146",86,62,24
"S00117147",106,77,29
"S00117148",85,62,23
"S00117149",109,75,34
"S00117150",97,60,37
"S00117151",80,65,15
"S00117152",66,40,26
"S00117153",141,102,39
"S00117154",108,95,13
"S00117155",95,73,22
"S00117156",115,84,31
"S00117157",110,80,30
"S00117158",98,72,26
"S00117159",171,153,18
"S00117160",143,114,29
"S00117161",88,62,26
"S00117162",127,95,32
"S00117163",80,53,27
"S00117164",82,65,17
"S00117165",72,55,17
"S00117166",88,57,31
"S00117167",60,31,29
"S00117168",53,38,15
"S00117169",97,59,38
"S00117170",88,49,39
"S00117171",104,89,15
"S00117172",82,51,31
"S00117173",53,38,15
"S00117174",61,47,14
"S00117175",121,69,52
"S00117176",70,55,15
"S00117177",78,45,33
"S00117178",102,83,19
"S00117179",179,144,35
"S00117180",173,102,71
"S00117181",150,134,16
"S00117182",146,128,18
"S00117183",116,84,32
"S00117184",121,96,25
"S00117185",107,55,52
"S00117186",70,52,18
"S00117187",112,91,21
"S00117188",99,80,19
"S00117189",107,67,40
"S00117190",81,70,11
"S00117191",131,83,48
"S00117192",118,70,48
"S00117193",67,34,33
"S00117194",56,30,26
"S00117195",72,43,29
"S00117196",109,69,40
"S00117197",194,176,18
"S00117198",79,50,29
"S00117199",146,129,17
"S00117200",173,123,50
"S00117201",99,89,10
"S00117202",50,35,15
"S00117203",62,51,11
"S00117204",66,48,18
"S00117205",94,60,34
"S00117206",63,44,19
"S00117207",143,113,30
"S00117208",107,88,19
"S00117209",71,48,23
"S00117210",94,58,36
"S00117211",139,123,16
"S00117212",155,142,13
"S00117213",104,66,38
"S00117214",61,40,21
"S00117215",73,43,30
"S00117216",106,97,9
"S00117217",109,96,13
"S00117218",98,82,16
"S00117219",98,78,20
"S00117220",141,117,24
"S00117221",104,82,22
"S00117222",103,90,13
"S00117223",120,96,24
"S00117224",127,105,22
"S00117225",60,49,11
"S00117226",132,112,20
"S00117227",142,92,50
"S00117228",175,118,57
"S00117229",75,64,11
"S00117230",86,61,25
"S00117231",102,76,26
"S00117232",123,97,26
"S00117233",114,97,17
"S00117234",132,124,8
"S00117235",95,81,14
"S00117236",129,116,13
"S00117237",82,68,14
"S00117238",134,113,21
"S00117239",83,58,25
"S00117240",102,50,52
"S00117241",145,74,71
"S00117242",119,95,24
"S00117243",105,61,44
"S00117244",137,91,46
"S00117245",109,70,39
"S00117246",74,48,26
"S00117247",77,56,21
"S00117248",102,64,38
"S00117249",102,66,36
"S00117250",59,36,23
"S00117251",135,97,38
"S00117252",72,39,33
"S00117253",62,24,38
"S00117254",118,76,42
"S00117255",52,26,26
"S00117256",50,36,14
"S00117257",97,81,16
"S00117258",144,74,70
"S00117259",138,113,25
"S00117260",123,114,9
"S00117261",63,54,9
"S00117262",88,76,12
"S00117263",128,115,13
"S00117264",139,124,15
"S00117265",126,105,21
"S00117266",99,68,31
"S00117267",150,131,19
"S00117268",111,98,13
"S00117269",155,112,43
"S00117270",93,70,23
"S00117271",101,94,7
"S00117272",111,93,18
"S00117273",119,100,19
"S00117274",78,68,10
"S00117275",53,48,5
"S00117276",50,44,6
"S00117277",52,45,7
"S00117278",85,76,9
"S00117279",60,52,8
"S00117280",63,50,13
"S00117281",93,80,13
"S00117282",134,102,32
"S00117283",114,101,13
"S00117284",96,83,13
"S00117285",93,74,19
"S00117286",133,117,16
"S00117287",61,45,16
"S00117288",81,43,38
"S00117289",129,106,23
"S00117290",79,71,8
"S00117291",62,48,14
"S00117292",87,56,31
"S00117293",72,53,19
"S00117294",111,87,24
"S00117295",52,39,13
"S00117296",95,72,23
"S00117297",92,81,11
"S00117298",103,90,13
"S00117299",58,55,3
"S00117300",115,105,10
"S00117301",157,117,40
"S00117302",50,47,3
"S00117303",108,93,15
"S00117304",132,122,10
"S00117305",64,59,5
"S00117306",101,97,4
"S00117307",79,70,9
"S00117308",131,112,19
"S00117309",58,34,24
"S00117310",61,50,11
"S00117311",51,16,35
"S00117312",116,70,46
"S00117313",143,101,42
"S00117314",64,48,16
"S00117315",98,75,23
"S00117316",71,47,24
"S00117317",128,67,61
"S00117318",103,72,31
"S00117319",70,52,18
"S00117320",68,55,13
"S00117321",107,84,23
"S00117322",50,28,22
"S00117323",92,57,35
"S00117324",71,53,18
"S00117325",139,111,28
"S00117326",99,85,14
"S00117327",79,60,19
"S00117328",50,34,16
"S00117329",122,94,28
"S00117330",153,109,44
"S00117331",80,47,33
"S00117332",61,23,38
"S00117333",106,67,39
"S00117334",116,103,13
"S00117335",88,61,27
"S00117336",140,104,36
"S00117337",81,51,30
"S00117338",124,113,11
"S00117339",166,143,23
"S00117340",69,49,20
"S00117341",126,102,24
"S00117342",101,41,60
"S00117343",86,74,12
"S00117344",100,89,11
"S00117345",103,89,14
"S00117346",122,113,9
"S00117347",107,98,9
"S00117348",106,99,7
"S00117349",151,140,11
"S00117350",56,27,29
"S00117351",165,149,16
"S00117352",131,103,28
"S00117353",56,43,13
"S00117354",71,58,13
"S00117355",107,89,18
"S00117356",160,135,25
"S00117357",90,68,22
"S00117358",109,86,23
"S00117359",108,95,13
"S00117360",65,53,12
"S00117361",62,54,8
"S00117362",56,47,9
"S00117363",78,67,11
"S00117364",139,108,31
"S00117365",112,99,13
"S00117366",65,55,10
"S00117367",181,162,19
"S00117368",93,85,8
"S00117369",113,96,17
"S00117370",83,73,10
"S00117371",65,61,4
"S00117372",134,111,23
"S00117373",186,146,40
"S00117374",69,62,7
"S00117375",66,58,8
"S00117376",139,118,21
"S00117377",129,104,25
"S00117378",73,63,10
"S00117379",139,104,35
"S00117380",216,180,36
"S00117381",135,85,50
"S00117382",79,62,17
"S00117383",147,112,35
"S00117384",53,39,14
"S00117385",69,38,31
"S00117386",125,102,23
"S00117387",70,24,46
"S00117388",84,56,28
"S00117389",64,40,24
"S00117390",105,67,38
"S00117391",86,63,23
"S00117392",127,76,51
"S00117393",55,34,21
"S00117394",143,128,15
"S00117395",141,104,37
"S00117396",84,47,37
"S00117397",153,118,35
"S00117398",76,65,11
"S00117399",71,56,15
"S00117400",131,94,37
"S00117401",81,58,23
"S00117402",187,151,36
"S00117403",119,93,26
"S00117404",58,46,12
"S00117405",150,141,9
"S00117406",107,100,7
"S00117407",203,136,67
"S00117408",61,53,8
"S00117409",110,87,23
"S00117410",76,64,12
"S00117411",188,157,31
"S00117412",110,79,31
"S00117413",84,41,43
"S00117414",153,135,18
"S00117415",208,178,30
"S00117416",238,209,29
"S00117417",126,115,11
"S00117418",224,197,27
"S00117419",84,72,12
"S00117420",139,103,36
"S00117421",78,52,26
"S00117422",86,62,24
"S00117423",66,35,31
"S00117424",77,55,22
"S00117425",139,103,36
"S00117426",140,99,41
"S00117427",76,60,16
"S00117428",66,42,24
"S00117429",69,45,24
"S00117430",140,63,77
"S00117431",91,75,16
"S00117432",127,109,18
"S00117433",125,113,12
"S00117434",90,75,15
"S00117435",104,68,36
"S00117436",117,80,37
"S00117437",150,108,42
"S00117438",202,139,63
"S00117439",111,78,33
"S00117440",232,200,32
"S00117441",93,58,35
"S00117442",75,23,52
"S00117443",59,42,17
"S00117444",145,100,45
"S00117445",94,83,11
"S00117446",92,49,43
"S00117447",73,62,11
"S00117448",103,72,31
"S00117449",72,52,20
"S00117450",81,52,29
"S00117451",108,71,37
"S00117452",65,52,13
"S00117453",97,62,35
"S00117454",97,79,18
"S00117455",69,60,9
"S00117456",115,87,28
"S00117457",57,38,19
"S00117458",93,54,39
"S00117459",94,74,20
"S00117460",78,70,8
"S00117461",73,61,12
"S00117462",81,35,46
"S00117463",86,76,10
"S00117464",121,102,19
"S00117465",94,60,34
"S00117466",65,47,18
"S00117467",108,67,41
"S00117468",107,83,24
"S00117469",92,67,25
"S00117470",135,112,23
"S00117471",68,57,11
"S00117472",119,101,18
"S00117473",102,88,14
"S00117474",111,89,22
"S00117475",69,53,16
"S00117476",69,42,27
"S00117477",68,48,20
"S00117478",107,97,10
"S00117479",84,77,7
"S00117480",109,80,29
"S00117481",87,61,26
"S00117482",108,95,13
"S00117483",178,167,11
"S00117484",149,109,40
"S00117485",79,61,18
"S00117486",124,93,31
"S00117487",101,74,27
"S00117488",142,90,52
"S00117489",105,72,33
"S00117490",59,38,21
"S00117491",90,62,28
"S00117492",116,80,36
"S00117493",178,155,23
"S00117494",124,94,30
"S00117495",52,45,7
"S00117496",139,132,7
"S00117497",112,81,31
"S00117498",197,103,94
"S00117499",109,70,39
"S00117500",164,150,14
"S00117501",96,65,31
"S00117502",149,128,21
"S00117503",162,139,23
"S00117504",71,33,38
"S00117505",82,42,40
"S00117506",137,123,14
"S00117507",152,134,18
"S00117508",220,205,15
"S00117509",112,105,7
"S00117510",144,129,15
"S00117511",213,206,7
"S00117512",127,118,9
"S00117513",133,119,14
"S00117514",61,59,2
"S00117515",129,117,12
"S00117516",169,160,9
"S00117517",260,230,30
"S00117518",139,121,18
"S00117519",197,177,20
"S00117520",154,135,19
"S00117521",138,120,18
"S00117522",154,139,15
"S00117523",129,123,6
"S00117524",125,90,35
"S00117525",76,64,12
"S00117526",149,124,25
"S00117527",69,49,20
"S00117528",60,35,25
"S00117529",147,130,17
"S00117530",168,151,17
"S00117531",197,178,19
"S00117532",82,71,11
"S00117533",139,134,5
"S00117534",91,87,4
"S00117535",97,77,20
"S00117536",97,77,20
"S00117537",75,60,15
"S00117538",82,50,32
"S00117539",54,28,26
"S00117540",127,91,36
"S00117541",97,91,6
"S00117542",92,86,6
"S00117543",128,121,7
"S00117544",178,130,48
"S00117545",52,38,14
"S00117546",69,38,31
"S00117547",108,68,40
"S00117548",61,38,23
"S00117549",152,104,48
"S00117550",136,109,27
"S00117551",67,38,29
"S00117552",64,38,26
"S00117553",80,76,4
"S00117554",129,87,42
"S00117555",196,186,10
"S00117556",108,93,15
"S00117557",119,103,16
"S00117558",139,124,15
"S00117559",67,60,7
"S00117560",121,109,12
"S00117561",60,55,5
"S00117562",176,167,9
"S00117563",76,69,7
"S00117564",143,118,25
"S00117565",172,153,19
"S00117566",121,100,21
"S00117567",124,117,7
"S00117568",71,67,4
"S00117569",124,119,5
"S00117570",140,127,13
"S00117571",97,83,14
"S00117572",80,71,9
"S00117573",98,88,10
"S00117574",152,142,10
"S00117575",201,182,19
"S00117576",72,65,7
"S00117577",200,133,67
"S00117578",116,107,9
"S00117579",89,82,7
"S00117580",137,126,11
"S00117581",167,155,12
"S00117582",158,143,15
"S00117583",137,122,15
"S00117584",151,142,9
"S00117585",131,114,17
"S00117586",95,88,7
"S00117587",52,49,3
"S00117588",106,87,19
"S00117589",109,86,23
"S00117590",63,51,12
"S00117591",76,68,8
"S00117592",64,56,8
"S00117593",62,42,20
"S00117594",70,58,12
"S00117595",83,69,14
"S00117596",101,74,27
"S00117597",157,144,13
"S00117598",83,75,8
"S00117599",172,142,30
"S00117600",128,117,11
"S00117601",119,116,3
"S00117602",84,77,7
"S00117603",128,59,69
"S00117604",62,11,51
"S00117605",100,87,13
"S00117606",124,113,11
"S00117607",145,134,11
"S00117608",99,84,15
"S00117609",110,101,9
"S00117610",119,110,9
"S00117611",115,100,15
"S00117612",168,65,103
"S00117613",87,70,17
"S00117614",75,49,26
"S00117615",211,181,30
"S00117616",333,292,41
"S00117617",159,138,21
"S00117618",105,92,13
"S00117619",104,69,35
"S00117620",73,69,4
"S00117621",52,47,5
"S00117622",164,154,10
"S00117623",172,159,13
"S00117624",209,185,24
"S00117625",158,147,11
"S00117626",380,350,30
"S00117627",66,65,1
"S00117628",125,75,50
"S00117629",70,60,10
"S00117630",63,46,17
"S00117631",76,75,1
"S00117632",107,101,6
"S00117633",106,99,7
"S00117634",68,60,8
"S00117635",117,99,18
"S00117636",86,77,9
"S00117637",151,138,13
"S00117638",178,158,20
"S00117639",95,79,16
"S00117640",88,83,5
"S00117641",107,98,9
"S00117642",73,70,3
"S00117643",70,62,8
"S00117644",102,87,15
"S00117645",148,136,12
"S00117646",138,133,5
"S00117647",129,116,13
"S00117648",130,109,21
"S00117649",88,75,13
"S00117650",107,96,11
"S00117651",129,114,15
"S00117652",192,176,16
"S00117653",158,139,19
"S00117654",166,148,18
"S00117655",77,61,16
"S00117656",103,84,19
"S00117657",81,72,9
"S00117658",125,115,10
"S00117659",136,127,9
"S00117660",205,176,29
"S00117661",127,99,28
"S00117662",154,138,16
"S00117663",120,113,7
"S00117664",82,75,7
"S00117665",173,152,21
"S00117666",131,117,14
"S00117667",129,106,23
"S00117668",164,144,20
"S00117669",134,111,23
"S00117670",71,62,9
"S00117671",175,152,23
"S00117672",164,141,23
"S00117673",121,104,17
"S00117674",158,137,21
"S00117675",170,146,24
"S00117676",159,105,54
"S00117677",156,130,26
"S00117678",145,107,38
"S00117679",112,92,20
"S00117680",104,87,17
"S00117681",129,107,22
"S00117682",93,72,21
"S00117683",121,114,7
"S00117684",149,123,26
"S00117685",130,109,21
"S00117686",91,84,7
"S00117687",132,110,22
"S00117688",113,93,20
"S00117689",146,120,26
"S00117690",110,93,17
"S00117691",79,70,9
"S00117692",134,116,18
"S00117693",97,78,19
"S00117694",74,64,10
"S00117695",107,89,18
"S00117696",123,92,31
"S00117697",99,61,38
"S00117698",143,106,37
"S00117699",131,103,28
"S00117700",93,68,25
"S00117701",98,69,29
"S00117702",168,115,53
"S00117703",142,110,32
"S00117704",129,85,44
"S00117705",110,79,31
"S00117706",58,46,12
"S00117707",96,66,30
"S00117708",190,168,22
"S00117709",165,151,14
"S00117710",168,146,22
"S00117711",161,138,23
"S00117712",96,84,12
"S00117713",106,89,17
"S00117714",128,114,14
"S00117715",128,106,22
"S00117716",170,153,17
"S00117717",76,69,7
"S00117718",100,72,28
"S00117719",80,67,13
"S00117720",128,114,14
"S00117721",131,113,18
"S00117722",64,54,10
"S00117723",123,110,13
"S00117724",127,106,21
"S00117725",121,103,18
"S00117726",145,131,14
"S00117727",155,136,19
"S00117728",72,59,13
"S00117729",75,59,16
"S00117730",94,73,21
"S00117731",73,56,17
"S00117732",103,82,21
"S00117733",101,93,8
"S00117734",101,83,18
"S00117735",127,109,18
"S00117736",163,149,14
"S00117737",74,70,4
"S00117738",85,76,9
"S00117739",152,139,13
"S00117740",125,110,15
"S00117741",126,117,9
"S00117742",74,68,6
"S00117743",81,70,11
"S00117744",246,181,65
"S00117745",131,113,18
"S00117746",116,106,10
"S00117747",141,132,9
"S00117748",164,159,5
"S00117749",124,111,13
"S00117750",164,154,10
"S00117751",197,187,10
"S00117752",174,160,14
"S00117753",188,172,16
"S00117754",131,128,3
"S00117755",127,122,5
"S00117756",120,114,6
"S00117757",157,143,14
"S00117758",163,153,10
"S00117759",101,95,6
"S00117760",205,197,8
"S00117761",85,74,11
"S00117762",65,56,9
"S00117763",118,107,11
"S00117764",173,166,7
"S00117765",128,124,4
"S00117766",141,127,14
"S00117767",107,101,6
"S00117768",154,150,4
"S00117769",99,95,4
"S00117770",164,148,16
"S00117771",159,151,8
"S00117772",88,81,7
"S00117773",94,93,1
"S00117774",136,123,13
"S00117775",108,91,17
"S00117776",104,102,2
"S00117777",197,176,21
"S00117778",120,111,9
"S00117779",141,121,20
"S00117780",65,65,0
"S00117781",118,111,7
"S00117782",128,105,23
"S00117783",77,62,15
"S00117784",169,157,12
"S00117785",68,65,3
"S00117786",184,166,18
"S00117787",126,104,22
"S00117788",114,89,25
"S00117789",75,67,8
"S00117790",158,129,29
"S00117791",139,124,15
"S00117792",234,217,17
"S00117793",124,108,16
"S00117794",94,80,14
"S00117795",77,68,9
"S00117796",59,51,8
"S00117797",132,116,16
"S00117798",137,112,25
"S00117799",59,51,8
"S00117800",147,137,10
"S00117801",92,81,11
"S00117802",143,128,15
"S00117803",74,69,5
"S00117804",208,191,17
"S00117805",124,111,13
"S00117806",83,73,10
"S00117807",136,118,18
"S00117808",134,113,21
"S00117809",88,76,12
"S00117810",159,145,14
"S00117811",143,127,16
"S00117812",124,111,13
"S00117813",106,92,14
"S00117814",85,76,9
"S00117815",85,67,18
"S00117816",181,159,22
"S00117817",121,103,18
"S00117818",96,84,12
"S00117819",86,80,6
"S00117820",126,110,16
"S00117821",126,113,13
"S00117822",164,143,21
"S00117823",108,97,11
"S00117824",113,95,18
"S00117825",105,96,9
"S00117826",178,155,23
"S00117827",172,161,11
"S00117828",73,61,12
"S00117829",103,87,16
"S00117830",63,56,7
"S00117831",126,104,22
"S00117832",76,63,13
"S00117833",60,51,9
"S00117834",133,120,13
"S00117835",148,114,34
"S00117836",176,157,19
"S00117837",127,107,20
"S00117838",178,163,15
"S00117839",94,87,7
"S00117840",150,121,29
"S00117841",116,97,19
"S00117842",70,65,5
"S00117843",175,159,16
"S00117844",162,144,18
"S00117845",130,108,22
"S00117846",54,49,5
"S00117847",113,99,14
"S00117848",80,70,10
"S00117849",143,121,22
"S00117850",199,176,23
"S00117851",131,103,28
"S00117852",103,90,13
"S00117853",108,100,8
"S00117854",167,150,17
"S00117855",140,121,19
"S00117856",141,108,33
"S00117857",174,149,25
"S00117858",113,92,21
"S00117859",101,88,13
"S00117860",86,75,11
"S00117861",161,137,24
"S00117862",52,44,8
"S00117863",69,60,9
"S00117864",98,89,9
"S00117865",124,109,15
"S00117866",91,82,9
"S00117867",129,108,21
"S00117868",157,134,23
"S00117869",170,146,24
"S00117870",130,121,9
"S00117871",70,55,15
"S00117872",189,169,20
"S00117873",67,58,9
"S00117874",74,66,8
"S00117875",72,53,19
"S00117876",86,81,5
"S00117877",107,90,17
"S00117878",122,114,8
"S00117879",100,81,19
"S00117880",91,72,19
"S00117881",170,149,21
"S00117882",138,122,16
"S00117883",125,113,12
"S00117884",87,77,10
"S00117885",164,148,16
"S00117886",218,205,13
"S00117887",129,116,13
"S00117888",85,77,8
"S00117889",140,121,19
"S00117890",155,142,13
"S00117891",174,159,15
"S00117892",103,85,18
"S00117893",151,131,20
"S00117894",164,146,18
"S00117895",124,69,55
"S00117896",95,82,13
"S00117897",74,63,11
"S00117898",75,61,14
"S00117899",89,75,14
"S00117900",86,74,12
"S00117901",77,71,6
"S00117902",144,116,28
"S00117903",184,151,33
"S00117904",76,67,9
"S00117905",98,90,8
"S00117906",149,123,26
"S00117907",86,73,13
"S00117908",88,75,13
"S00117909",139,126,13
"S00117910",130,118,12
"S00117911",50,45,5
"S00117912",114,94,20
"S00117913",106,95,11
"S00117914",140,123,17
"S00117915",136,111,25
"S00117916",94,85,9
"S00117917",106,96,10
"S00117918",156,140,16
"S00117919",185,179,6
"S00117920",118,103,15
"S00117921",60,56,4
"S00117922",111,91,20
"S00117923",69,54,15
"S00117924",152,121,31
"S00117925",195,181,14
"S00117926",176,151,25
"S00117927",155,135,20
"S00117928",62,54,8
"S00117929",133,119,14
"S00117930",87,76,11
"S00117931",121,103,18
"S00117932",152,131,21
"S00117933",143,126,17
"S00117934",84,80,4
"S00117935",112,100,12
"S00117936",81,68,13
"S00117937",78,71,7
"S00117938",156,140,16
"S00117939",133,107,26
"S00117940",118,105,13
"S00117941",90,78,12
"S00117942",158,139,19
"S00117943",94,83,11
"S00117944",144,119,25
"S00117945",164,136,28
"S00117946",174,142,32
"S00117947",139,115,24
"S00117948",101,82,19
"S00117949",122,103,19
"S00117950",156,123,33
"S00117951",148,131,17
"S00117952",130,116,14
"S00117953",127,111,16
"S00117954",122,109,13
"S00117955",140,116,24
"S00117956",86,78,8
"S00117957",123,98,25
"S00117958",122,104,18
"S00117959",62,56,6
"S00117960",141,123,18
"S00117961",116,94,22
"S00117962",144,113,31
"S00117963",168,138,30
"S00117964",144,106,38
"S00117965",91,71,20
"S00117966",52,42,10
"S00117967",126,91,35
"S00117968",103,93,10
"S00117969",123,107,16
"S00117970",56,46,10
"S00117971",98,85,13
"S00117972",90,69,21
"S00117973",91,74,17
"S00117974",137,104,33
"S00117975",152,120,32
"S00117976",132,115,17
"S00117977",104,88,16
"S00117978",73,64,9
"S00117979",170,134,36
"S00117980",107,81,26
"S00117981",85,67,18
"S00117982",92,80,12
"S00117983",92,68,24
"S00117984",173,154,19
"S00117985",108,95,13
"S00117986",149,121,28
"S00117987",111,94,17
"S00117988",157,140,17
"S00117989",115,99,16
"S00117990",136,124,12
"S00117991",103,87,16
"S00117992",112,84,28
"S00117993",110,91,19
"S00117994",119,97,22
"S00117995",133,109,24
"S00117996",98,87,11
"S00117997",104,86,18
"S00117998",111,99,12
"S00117999",108,94,14
"S00118000",128,114,14
"S00118001",114,94,20
"S00118002",91,81,10
"S00118003",114,97,17
"S00118004",127,108,19
"S00118005",73,66,7
"S00118006",136,108,28
"S00118007",132,119,13
"S00118008",129,108,21
"S00118009",97,89,8
"S00118010",94,80,14
"S00118011",126,115,11
"S00118012",76,62,14
"S00118013",164,129,35
"S00118014",125,113,12
"S00118015",168,141,27
"S00118016",81,68,13
"S00118017",187,166,21
"S00118018",135,131,4
"S00118019",97,83,14
"S00118020",101,90,11
"S00118021",130,117,13
"S00118022",89,74,15
"S00118023",140,125,15
"S00118024",155,132,23
"S00118025",148,133,15
"S00118026",108,98,10
"S00118027",167,138,29
"S00118028",100,91,9
"S00118029",150,140,10
"S00118030",84,54,30
"S00118031",77,64,13
"S00118032",130,98,32
"S00118033",68,60,8
"S00118034",117,91,26
"S00118035",125,103,22
"S00118036",102,75,27
"S00118037",103,84,19
"S00118038",93,85,8
"S00118039",160,131,29
"S00118040",74,60,14
"S00118041",106,92,14
"S00118042",95,83,12
"S00118043",103,95,8
"S00118044",78,70,8
"S00118045",153,134,19
"S00118046",97,79,18
"S00118047",60,49,11
"S00118048",111,84,27
"S00118049",130,103,27
"S00118050",153,128,25
"S00118051",95,85,10
"S00118052",89,80,9
"S00118053",87,69,18
"S00118054",149,128,21
"S00118055",171,142,29
"S00118056",97,82,15
"S00118057",86,69,17
"S00118058",135,110,25
"S00118059",143,122,21
"S00118060",147,121,26
"S00118061",92,77,15
"S00118062",103,90,13
"S00118063",117,101,16
"S00118064",118,96,22
"S00118065",140,100,40
"S00118066",114,98,16
"S00118067",104,81,23
"S00118068",112,75,37
"S00118069",53,44,9
"S00118070",147,114,33
"S00118071",83,65,18
"S00118072",118,93,25
"S00118073",155,128,27
"S00118074",129,112,17
"S00118075",93,71,22
"S00118076",118,97,21
"S00118077",113,94,19
"S00118078",131,108,23
"S00118079",84,63,21
"S00118080",111,96,15
"S00118081",63,59,4
"S00118082",141,125,16
"S00118083",86,68,18
"S00118084",55,52,3
"S00118085",106,87,19
"S00118086",132,112,20
"S00118087",109,92,17
"S00118088",113,97,16
"S00118089",63,54,9
"S00118090",80,58,22
"S00118091",85,61,24
"S00118092",154,135,19
"S00118093",54,46,8
"S00118094",121,84,37
"S00118095",150,127,23
"S00118096",116,97,19
"S00118097",127,113,14
"S00118098",107,85,22
"S00118099",98,83,15
"S00118100",126,101,25
"S00118101",76,56,20
"S00118102",127,104,23
"S00118103",117,88,29
"S00118104",133,112,21
"S00118105",82,58,24
"S00118106",131,97,34
"S00118107",63,46,17
"S00118108",161,137,24
"S00118109",112,101,11
"S00118110",72,61,11
"S00118111",182,163,19
"S00118112",59,49,10
"S00118113",69,52,17
"S00118114",91,80,11
"S00118115",123,100,23
"S00118116",101,80,21
"S00118117",174,143,31
"S00118118",131,109,22
"S00118119",137,102,35
"S00118120",153,134,19
"S00118121",106,86,20
"S00118122",108,96,12
"S00118123",59,49,10
"S00118124",98,83,15
"S00118125",109,80,29
"S00118126",78,45,33
"S00118127",66,47,19
"S00118128",124,114,10
"S00118129",106,96,10
"S00118130",113,88,25
"S00118131",113,93,20
"S00118132",104,82,22
"S00118133",89,70,19
"S00118134",122,106,16
"S00118135",143,124,19
"S00118136",96,82,14
"S00118137",209,180,29
"S00118138",161,140,21
"S00118139",111,97,14
"S00118140",123,101,22
"S00118141",133,123,10
"S00118142",112,98,14
"S00118143",122,103,19
"S00118144",154,134,20
"S00118145",119,103,16
"S00118146",74,50,24
"S00118147",144,122,22
"S00118148",126,105,21
"S00118149",85,74,11
"S00118150",133,109,24
"S00118151",113,97,16
"S00118152",104,90,14
"S00118153",83,62,21
"S00118154",100,79,21
"S00118155",86,71,15
"S00118156",165,148,17
"S00118157",94,67,27
"S00118158",106,88,18
"S00118159",127,114,13
"S00118160",89,76,13
"S00118161",126,104,22
"S00118162",71,48,23
"S00118163",111,95,16
"S00118164",134,115,19
"S00118165",96,83,13
"S00118166",195,173,22
"S00118167",128,95,33
"S00118168",123,111,12
"S00118169",107,99,8
"S00118170",112,94,18
"S00118171",132,101,31
"S00118172",94,76,18
"S00118173",140,103,37
"S00118174",189,157,32
"S00118175",109,87,22
"S00118176",136,107,29
"S00118177",119,100,19
"S00118178",129,115,14
"S00118179",99,79,20
"S00118180",138,118,20
"S00118181",140,121,19
"S00118182",121,100,21
"S00118183",120,99,21
"S00118184",90,72,18
"S00118185",117,100,17
"S00118186",136,119,17
"S00118187",125,103,22
"S00118188",96,70,26
"S00118189",177,140,37
"S00118190",100,87,13
"S00118191",161,133,28
"S00118192",75,58,17
"S00118193",121,106,15
"S00118194",116,86,30
"S00118195",143,120,23
"S00118196",83,73,10
"S00118197",67,39,28
"S00118198",119,92,27
"S00118199",168,135,33
"S00118200",70,54,16
"S00118201",95,84,11
"S00118202",121,105,16
"S00118203",144,120,24
"S00118204",107,101,6
"S00118205",101,87,14
"S00118206",52,32,20
"S00118207",99,84,15
"S00118208",150,138,12
"S00118209",135,119,16
"S00118210",160,142,18
"S00118211",86,77,9
"S00118212",120,99,21
"S00118213",158,139,19
"S00118214",130,103,27
"S00118215",123,108,15
"S00118216",138,108,30
"S00118217",112,101,11
"S00118218",84,69,15
"S00118219",125,99,26
"S00118220",180,143,37
"S00118221",125,105,20
"S00118222",95,78,17
"S00118223",72,61,11
"S00118224",157,122,35
"S00118225",124,84,40
"S00118226",98,86,12
"S00118227",84,72,12
"S00118228",80,61,19
"S00118229",90,75,15
"S00118230",86,72,14
"S00118231",95,86,9
"S00118232",104,94,10
"S00118233",90,71,19
"S00118234",143,129,14
"S00118235",74,61,13
"S00118236",108,94,14
"S00118237",145,121,24
"S00118238",118,107,11
"S00118239",87,72,15
"S00118240",101,71,30
"S00118241",119,104,15
"S00118242",110,86,24
"S00118243",139,111,28
"S00118244",186,169,17
"S00118245",109,94,15
"S00118246",116,101,15
"S00118247",69,54,15
"S00118248",136,121,15
"S00118249",144,136,8
"S00118250",53,44,9
"S00118251",95,81,14
"S00118252",125,113,12
"S00118253",71,64,7
"S00118254",135,75,60
"S00118255",85,74,11
"S00118256",128,112,16
"S00118257",58,53,5
"S00118258",122,108,14
"S00118259",93,70,23
"S00118260",155,132,23
"S00118261",100,97,3
"S00118262",113,89,24
"S00118263",126,113,13
"S00118264",93,69,24
"S00118265",91,84,7
"S00118266",88,73,15
"S00118267",131,113,18
"S00118268",178,156,22
"S00118269",61,52,9
"S00118270",117,103,14
"S00118271",168,144,24
"S00118272",110,95,15
"S00118273",69,29,40
"S00118274",121,111,10
"S00118275",85,75,10
"S00118276",96,79,17
"S00118277",77,70,7
"S00118278",76,49,27
"S00118279",117,86,31
"S00118280",176,164,12
"S00118281",149,132,17
"S00118282",85,75,10
"S00118283",113,84,29
"S00118284",83,54,29
"S00118285",101,75,26
"S00118286",231,144,87
"S00118287",101,90,11
"S00118288",125,104,21
"S00118289",137,108,29
"S00118290",77,76,1
"S00118291",212,178,34
"S00118292",78,67,11
"S00118293",97,85,12
"S00118294",69,62,7
"S00118295",115,103,12
"S00118296",52,50,2
"S00118297",137,128,9
"S00118298",118,108,10
"S00118299",60,52,8
"S00118300",93,85,8
"S00118301",84,73,11
"S00118302",96,80,16
"S00118303",132,126,6
"S00118304",93,85,8
"S00118305",131,109,22
"S00118306",121,101,20
"S00118307",124,113,11
"S00118308",69,54,15
"S00118309",108,94,14
"S00118310",91,85,6
"S00118311",152,141,11
"S00118312",117,89,28
"S00118313",144,111,33
"S00118314",154,114,40
"S00118315",120,95,25
"S00118316",89,70,19
"S00118317",168,126,42
"S00118318",68,49,19
"S00118319",64,62,2
"S00118320",157,153,4
"S00118321",110,104,6
"S00118322",105,102,3
"S00118323",167,158,9
"S00118324",156,137,19
"S00118325",172,155,17
"S00118326",101,90,11
"S00118327",89,79,10
"S00118328",222,200,22
"S00118329",97,90,7
"S00118330",122,100,22
"S00118331",108,97,11
"S00118332",128,106,22
"S00118333",108,99,9
"S00118334",103,90,13
"S00118335",165,149,16
"S00118336",165,144,21
"S00118337",56,50,6
"S00118338",116,95,21
"S00118339",95,88,7
"S00118340",73,65,8
"S00118341",123,119,4
"S00118342",111,101,10
"S00118343",137,118,19
"S00118344",68,62,6
"S00118345",131,121,10
"S00118346",131,118,13
"S00118347",177,158,19
"S00118348",112,105,7
"S00118349",148,132,16
"S00118350",148,132,16
"S00118351",112,95,17
"S00118352",109,95,14
"S00118353",130,117,13
"S00118354",127,110,17
"S00118355",79,66,13
"S00118356",108,92,16
"S00118357",60,53,7
"S00118358",165,137,28
"S00118359",98,85,13
"S00118360",114,97,17
"S00118361",69,55,14
"S00118362",63,51,12
"S00118363",92,83,9
"S00118364",103,97,6
"S00118365",120,105,15
"S00118366",119,94,25
"S00118367",136,118,18
"S00118368",99,73,26
"S00118369",110,98,12
"S00118370",91,75,16
"S00118371",107,88,19
"S00118372",110,97,13
"S00118373",100,86,14
"S00118374",107,97,10
"S00118375",108,99,9
"S00118376",173,155,18
"S00118377",146,126,20
"S00118378",137,111,26
"S00118379",111,91,20
"S00118380",73,58,15
"S00118381",103,93,10
"S00118382",168,133,35
"S00118383",85,61,24
"S00118384",62,50,12
"S00118385",101,64,37
"S00118386",106,93,13
"S00118387",109,93,16
"S00118388",112,90,22
"S00118389",85,58,27
"S00118390",90,70,20
"S00118391",88,66,22
"S00118392",155,131,24
"S00118393",164,137,27
"S00118394",146,122,24
"S00118395",172,144,28
"S00118396",95,84,11
"S00118397",87,74,13
"S00118398",112,94,18
"S00118399",96,74,22
"S00118400",139,114,25
"S00118401",110,89,21
"S00118402",134,116,18
"S00118403",82,67,15
"S00118404",169,147,22
"S00118405",66,58,8
"S00118406",93,82,11
"S00118407",119,106,13
"S00118408",151,133,18
"S00118409",133,102,31
"S00118410",58,51,7
"S00118411",108,91,17
"S00118412",108,96,12
"S00118413",106,91,15
"S00118414",121,112,9
"S00118415",87,85,2
"S00118416",91,73,18
"S00118417",77,64,13
"S00118418",80,68,12
"S00118419",79,67,12
"S00118420",50,30,20
"S00118421",87,76,11
"S00118422",95,81,14
"S00118423",54,46,8
"S00118424",176,130,46
"S00118425",122,96,26
"S00118426",169,135,34
"S00118427",95,75,20
"S00118428",75,54,21
"S00118429",100,69,31
"S00118430",111,97,14
"S00118431",91,73,18
"S00118432",154,139,15
"S00118433",170,137,33
"S00118434",108,94,14
"S00118435",143,114,29
"S00118436",114,78,36
"S00118437",107,70,37
"S00118438",122,98,24
"S00118439",127,109,18
"S00118440",82,64,18
"S00118441",77,64,13
"S00118442",132,122,10
"S00118443",78,63,15
"S00118444",128,93,35
"S00118445",122,95,27
"S00118446",102,55,47
"S00118447",95,73,22
"S00118448",92,70,22
"S00118449",120,100,20
"S00118450",96,77,19
"S00118451",110,92,18
"S00118452",112,99,13
"S00118453",103,73,30
"S00118454",100,82,18
"S00118455",149,120,29
"S00118456",157,132,25
"S00118457",75,49,26
"S00118458",66,45,21
"S00118459",184,146,38
"S00118460",125,89,36
"S00118461",159,132,27
"S00118462",135,90,45
"S00118463",121,88,33
"S00118464",95,80,15
"S00118465",115,74,41
"S00118466",117,90,27
"S00118467",133,114,19
"S00118468",111,86,25
"S00118469",74,67,7
"S00118470",98,86,12
"S00118471",80,67,13
"S00118472",170,148,22
"S00118473",89,83,6
"S00118474",116,101,15
"S00118475",82,69,13
"S00118476",89,67,22
"S00118477",83,62,21
"S00118478",125,96,29
"S00118479",112,86,26
"S00118480",118,96,22
"S00118481",129,112,17
"S00118482",179,155,24
"S00118483",75,68,7
"S00118484",100,84,16
"S00118485",127,92,35
"S00118486",57,34,23
"S00118487",77,72,5
"S00118488",188,146,42
"S00118489",121,80,41
"S00118490",147,125,22
"S00118491",142,112,30
"S00118492",79,70,9
"S00118493",121,114,7
"S00118494",136,107,29
"S00118495",134,109,25
"S00118496",155,127,28
"S00118497",146,127,19
"S00118498",156,130,26
"S00118499",157,110,47
"S00118500",148,134,14
"S00118501",133,109,24
"S00118502",127,109,18
"S00118503",62,27,35
"S00118504",51,45,6
"S00118505",80,55,25
"S00118506",140,129,11
"S00118507",152,142,10
"S00118508",51,44,7
"S00118509",155,107,48
"S00118510",72,61,11
"S00118511",205,171,34
"S00118512",121,106,15
"S00118513",120,89,31
"S00118514",163,141,22
"S00118515",161,136,25
"S00118516",192,154,38
"S00118517",121,89,32
"S00118518",103,84,19
"S00118519",112,91,21
"S00118520",70,44,26
"S00118521",74,42,32
"S00118522",62,43,19
"S00118523",104,75,29
"S00118524",58,42,16
"S00118525",117,95,22
"S00118526",79,65,14
"S00118527",149,108,41
"S00118528",117,97,20
"S00118529",164,128,36
"S00118530",132,111,21
"S00118531",127,98,29
"S00118532",123,99,24
"S00118533",156,125,31
"S00118534",107,68,39
"S00118535",122,76,46
"S00118536",62,37,25
"S00118537",103,66,37
"S00118538",54,39,15
"S00118539",100,71,29
"S00118540",73,55,18
"S00118541",87,60,27
"S00118542",77,58,19
"S00118543",105,81,24
"S00118544",63,48,15
"S00118545",74,64,10
"S00118546",131,115,16
"S00118547",66,56,10
"S00118548",92,76,16
"S00118549",132,117,15
"S00118550",55,52,3
"S00118551",67,60,7
"S00118552",77,65,12
"S00118553",183,157,26
"S00118554",130,118,12
"S00118555",107,104,3
"S00118556",108,97,11
"S00118557",101,92,9
"S00118558",90,71,19
"S00118559",118,103,15
"S00118560",102,86,16
"S00118561",181,164,17
"S00118562",120,107,13
"S00118563",190,173,17
"S00118564",86,81,5
"S00118565",78,70,8
"S00118566",85,68,17
"S00118567",93,82,11
"S00118568",97,90,7
"S00118569",179,152,27
"S00118570",50,36,14
"S00118571",125,102,23
"S00118572",107,84,23
"S00118573",54,47,7
"S00118574",59,53,6
"S00118575",110,79,31
"S00118576",118,94,24
"S00118577",63,46,17
"S00118578",59,53,6
"S00118579",132,95,37
"S00118580",109,101,8
"S00118581",95,77,18
"S00118582",102,89,13
"S00118583",123,113,10
"S00118584",101,82,19
"S00118585",124,98,26
"S00118586",60,51,9
"S00118587",107,87,20
"S00118588",84,65,19
"S00118589",74,54,20
"S00118590",65,55,10
"S00118591",71,60,11
"S00118592",57,51,6
"S00118593",115,81,34
"S00118594",96,82,14
"S00118595",59,45,14
"S00118596",132,117,15
"S00118597",119,96,23
"S00118598",142,120,22
"S00118599",143,131,12
"S00118600",110,94,16
"S00118601",128,94,34
"S00118602",144,127,17
"S00118603",98,93,5
"S00118604",86,67,19
"S00118605",224,193,31
"S00118606",85,82,3
"S00118607",96,88,8
"S00118608",61,55,6
"S00118609",126,105,21
"S00118610",56,48,8
"S00118611",116,107,9
"S00118612",180,166,14
"S00118613",113,96,17
"S00118614",104,85,19
"S00118615",186,163,23
"S00118616",157,118,39
"S00118617",178,143,35
"S00118618",138,120,18
"S00118619",115,92,23
"S00118620",120,99,21
"S00118621",195,164,31
"S00118622",161,139,22
"S00118623",126,103,23
"S00118624",141,115,26
"S00118625",127,108,19
"S00118626",169,146,23
"S00118627",172,145,27
"S00118628",117,89,28
"S00118629",166,131,35
"S00118630",157,134,23
"S00118631",191,170,21
"S00118632",79,62,17
"S00118633",131,115,16
"S00118634",137,110,27
"S00118635",160,136,24
"S00118636",128,106,22
"S00118637",81,70,11
"S00118638",90,75,15
"S00118639",120,110,10
"S00118640",134,98,36
"S00118641",143,110,33
"S00118642",75,64,11
"S00118643",133,100,33
"S00118644",74,52,22
"S00118645",126,106,20
"S00118646",167,137,30
"S00118647",108,84,24
"S00118648",59,50,9
"S00118649",140,124,16
"S00118650",174,149,25
"S00118651",89,81,8
"S00118652",108,91,17
"S00118653",105,93,12
"S00118654",84,57,27
"S00118655",112,99,13
"S00118656",145,127,18
"S00118657",106,92,14
"S00118658",127,111,16
"S00118659",65,63,2
"S00118660",100,93,7
"S00118661",190,142,48
"S00118662",122,108,14
"S00118663",106,80,26
"S00118664",117,108,9
"S00118665",105,90,15
"S00118666",97,79,18
"S00118667",121,114,7
"S00118668",215,193,22
"S00118669",97,81,16
"S00118670",142,122,20
"S00118671",75,57,18
"S00118672",92,64,28
"S00118673",153,136,17
"S00118674",107,93,14
"S00118675",158,127,31
"S00118676",148,117,31
"S00118677",159,137,22
"S00118678",55,48,7
"S00118679",163,136,27
"S00118680",61,55,6
"S00118681",125,111,14
"S00118682",85,65,20
"S00118683",85,72,13
"S00118684",110,92,18
"S00118685",117,88,29
"S00118686",98,83,15
"S00118687",151,130,21
"S00118688",114,93,21
"S00118689",166,142,24
"S00118690",169,150,19
"S00118691",170,143,27
"S00118692",122,108,14
"S00118693",112,98,14
"S00118694",113,100,13
"S00118695",131,119,12
"S00118696",101,80,21
"S00118697",70,55,15
"S00118698",178,146,32
"S00118699",125,105,20
"S00118700",178,124,54
"S00118701",89,67,22
"S00118702",89,77,12
"S00118703",105,97,8
"S00118704",122,86,36
"S00118705",124,90,34
"S00118706",107,93,14
"S00118707",110,94,16
"S00118708",59,52,7
"S00118709",85,71,14
"S00118710",110,95,15
"S00118711",66,57,9
"S00118712",72,63,9
"S00118713",132,110,22
"S00118714",100,81,19
"S00118715",107,89,18
"S00118716",119,95,24
"S00118717",76,69,7
"S00118718",105,87,18
"S00118719",123,102,21
"S00118720",138,115,23
"S00118721",87,46,41
"S00118722",83,62,21
"S00118723",127,97,30
"S00118724",94,81,13
"S00118725",72,61,11
"S00118726",102,78,24
"S00118727",92,74,18
"S00118728",146,116,30
"S00118729",140,121,19
"S00118730",119,105,14
"S00118731",89,78,11
"S00118732",106,85,21
"S00118733",96,78,18
"S00118734",57,48,9
"S00118735",109,93,16
"S00118736",155,132,23
"S00118737",108,92,16
"S00118738",125,90,35
"S00118739",141,95,46
"S00118740",162,83,79
"S00118741",69,62,7
"S00118742",101,89,12
"S00118743",91,74,17
"S00118744",135,118,17
"S00118745",146,125,21
"S00118746",139,126,13
"S00118747",93,79,14
"S00118748",157,139,18
"S00118749",160,144,16
"S00118750",147,129,18
"S00118751",126,112,14
"S00118752",114,93,21
"S00118753",180,158,22
"S00118754",110,86,24
"S00118755",85,77,8
"S00118756",127,98,29
"S00118757",200,164,36
"S00118758",168,135,33
"S00118759",171,148,23
"S00118760",138,126,12
"S00118761",116,95,21
"S00118762",157,142,15
"S00118763",162,101,61
"S00118764",77,70,7
"S00118765",96,76,20
"S00118766",89,77,12
"S00118767",107,86,21
"S00118768",54,30,24
"S00118769",119,86,33
"S00118770",107,87,20
"S00118771",102,89,13
"S00118772",99,79,20
"S00118773",150,134,16
"S00118774",61,55,6
"S00118775",140,117,23
"S00118776",128,107,21
"S00118777",91,68,23
"S00118778",199,168,31
"S00118779",75,43,32
"S00118780",154,141,13
"S00118781",94,66,28
"S00118782",162,136,26
"S00118783",146,128,18
"S00118784",156,147,9
"S00118785",167,155,12
"S00118786",163,141,22
"S00118787",200,180,20
"S00118788",118,88,30
"S00118789",98,82,16
"S00118790",187,174,13
"S00118791",196,165,31
"S00118792",108,90,18
"S00118793",59,58,1
"S00118794",159,140,19
"S00118795",129,109,20
"S00118796",134,97,37
"S00118797",114,89,25
"S00118798",136,110,26
"S00118799",114,92,22
"S00118800",149,101,48
"S00118801",128,113,15
"S00118802",102,82,20
"S00118803",135,110,25
"S00118804",176,130,46
"S00118805",150,123,27
"S00118806",89,78,11
"S00118807",92,69,23
"S00118808",113,92,21
"S00118809",121,89,32
"S00118810",135,110,25
"S00118811",186,165,21
"S00118812",134,105,29
"S00118813",128,100,28
"S00118814",142,107,35
"S00118815",121,93,28
"S00118816",147,117,30
"S00118817",146,106,40
"S00118818",143,112,31
"S00118819",135,101,34
"S00118820",138,110,28
"S00118821",144,119,25
"S00118822",133,127,6
"S00118823",122,101,21
"S00118824",163,131,32
"S00118825",61,45,16
"S00118826",115,102,13
"S00118827",122,108,14
"S00118828",179,147,32
"S00118829",91,57,34
"S00118830",160,127,33
"S00118831",101,87,14
"S00118832",153,133,20
"S00118833",94,79,15
"S00118834",105,89,16
"S00118835",129,96,33
"S00118836",122,102,20
"S00118837",141,89,52
"S00118838",106,82,24
"S00118839",86,49,37
"S00118840",96,81,15
"S00118841",136,109,27
"S00118842",182,144,38
"S00118843",118,96,22
"S00118844",230,204,26
"S00118845",115,86,29
"S00118846",188,157,31
"S00118847",138,116,22
"S00118848",98,84,14
"S00118849",108,76,32
"S00118850",74,53,21
"S00118851",101,72,29
"S00118852",94,85,9
"S00118853",76,57,19
"S00118854",90,71,19
"S00118855",97,77,20
"S00118856",111,92,19
"S00118857",146,131,15
"S00118858",117,98,19
"S00118859",95,82,13
"S00118860",118,89,29
"S00118861",136,107,29
"S00118862",93,80,13
"S00118863",112,79,33
"S00118864",155,117,38
"S00118865",123,91,32
"S00118866",87,58,29
"S00118867",107,78,29
"S00118868",158,128,30
"S00118869",95,65,30
"S00118870",164,134,30
"S00118871",76,58,18
"S00118872",144,106,38
"S00118873",99,84,15
"S00118874",128,108,20
"S00118875",138,120,18
"S00118876",79,44,35
"S00118877",59,43,16
"S00118878",88,81,7
"S00118879",97,80,17
"S00118880",136,108,28
"S00118881",105,72,33
"S00118882",166,134,32
"S00118883",107,80,27
"S00118884",123,107,16
"S00118885",107,89,18
"S00118886",131,115,16
"S00118887",89,74,15
"S00118888",129,111,18
"S00118889",84,58,26
"S00118890",85,66,19
"S00118891",112,104,8
"S00118892",56,48,8
"S00118893",52,36,16
"S00118894",93,68,25
"S00118895",112,95,17
"S00118896",110,93,17
"S00118897",104,85,19
"S00118898",80,66,14
"S00118899",113,83,30
"S00118900",179,123,56
"S00118901",76,46,30
"S00118902",147,128,19
"S00118903",118,94,24
"S00118904",118,102,16
"S00118905",157,122,35
"S00118906",133,113,20
"S00118907",120,88,32
"S00118908",140,127,13
"S00118909",68,54,14
"S00118910",122,104,18
"S00118911",120,98,22
"S00118912",128,102,26
"S00118913",139,102,37
"S00118914",63,47,16
"S00118915",178,150,28
"S00118916",125,106,19
"S00118917",107,78,29
"S00118918",80,60,20
"S00118919",75,55,20
"S00118920",142,114,28
"S00118921",87,58,29
"S00118922",103,88,15
"S00118923",146,126,20
"S00118924",112,85,27
"S00118925",96,83,13
"S00118926",85,63,22
"S00118927",115,95,20
"S00118928",96,84,12
"S00118929",135,104,31
"S00118930",110,92,18
"S00118931",176,150,26
"S00118932",143,118,25
"S00118933",77,70,7
"S00118934",135,113,22
"S00118935",124,91,33
"S00118936",122,98,24
"S00118937",91,63,28
"S00118938",104,82,22
"S00118939",110,93,17
"S00118940",144,117,27
"S00118941",149,128,21
"S00118942",184,173,11
"S00118943",80,65,15
"S00118944",153,136,17
"S00118945",92,76,16
"S00118946",93,83,10
"S00118947",63,58,5
"S00118948",113,85,28
"S00118949",98,83,15
"S00118950",77,65,12
"S00118951",91,77,14
"S00118952",114,81,33
"S00118953",116,100,16
"S00118954",140,124,16
"S00118955",156,142,14
"S00118956",145,129,16
"S00118957",161,133,28
"S00118958",111,72,39
"S00118959",108,68,40
"S00118960",122,93,29
"S00118961",106,78,28
"S00118962",78,56,22
"S00118963",113,95,18
"S00118964",118,90,28
"S00118965",122,106,16
"S00118966",140,114,26
"S00118967",108,86,22
"S00118968",83,68,15
"S00118969",91,76,15
"S00118970",85,75,10
"S00118971",54,46,8
"S00118972",99,72,27
"S00118973",136,108,28
"S00118974",107,85,22
"S00118975",126,110,16
"S00118976",124,112,12
"S00118977",122,110,12
"S00118978",106,87,19
"S00118979",88,74,14
"S00118980",112,102,10
"S00118981",111,91,20
"S00118982",147,123,24
"S00118983",126,110,16
"S00118984",89,75,14
"S00118985",150,132,18
"S00118986",115,97,18
"S00118987",97,83,14
"S00118988",93,80,13
"S00118989",124,111,13
"S00118990",159,138,21
"S00118991",126,107,19
"S00118992",102,89,13
"S00118993",103,90,13
"S00118994",61,50,11
"S00118995",103,88,15
"S00118996",75,62,13
"S00118997",87,68,19
"S00118998",148,122,26
"S00118999",86,60,26
"S00119000",125,111,14
"S00119001",165,136,29
"S00119002",126,73,53
"S00119003",104,98,6
"S00119004",117,100,17
"S00119005",175,150,25
"S00119006",102,75,27
"S00119007",109,100,9
"S00119008",108,89,19
"S00119009",89,81,8
"S00119010",67,59,8
"S00119011",79,70,9
"S00119012",113,108,5
"S00119013",92,76,16
"S00119014",95,83,12
"S00119015",86,71,15
"S00119016",84,57,27
"S00119017",116,88,28
"S00119018",90,80,10
"S00119019",105,90,15
"S00119020",94,65,29
"S00119021",66,50,16
"S00119022",54,47,7
"S00119023",121,100,21
"S00119024",105,75,30
"S00119025",70,47,23
"S00119026",67,44,23
"S00119027",78,56,22
"S00119028",81,47,34
"S00119029",66,55,11
"S00119030",75,54,21
"S00119031",96,73,23
"S00119032",96,65,31
"S00119033",149,126,23
"S00119034",80,68,12
"S00119035",121,105,16
"S00119036",150,134,16
"S00119037",95,83,12
"S00119038",76,63,13
"S00119039",90,78,12
"S00119040",75,66,9
"S00119041",52,29,23
"S00119042",92,77,15
"S00119043",89,76,13
"S00119044",115,103,12
"S00119045",50,43,7
"S00119046",103,89,14
"S00119047",60,49,11
"S00119048",106,86,20
"S00119049",60,46,14
"S00119050",171,90,81
"S00119051",155,142,13
"S00119052",66,58,8
"S00119053",190,175,15
"S00119054",105,94,11
"S00119055",64,41,23
"S00119056",50,37,13
"S00119057",110,102,8
"S00119058",122,105,17
"S00119059",122,104,18
"S00119060",88,67,21
"S00119061",126,111,15
"S00119062",182,166,16
"S00119063",148,100,48
"S00119064",127,114,13
"S00119065",91,83,8
"S00119066",150,145,5
"S00119067",148,127,21
"S00119068",208,178,30
"S00119069",150,130,20
"S00119070",123,114,9
"S00119071",56,52,4
"S00119072",63,53,10
"S00119073",81,71,10
"S00119074",84,74,10
"S00119075",51,43,8
"S00119076",108,85,23
"S00119077",94,84,10
"S00119078",158,142,16
"S00119079",167,156,11
"S00119080",183,177,6
"S00119081",86,83,3
"S00119082",105,96,9
"S00119083",195,185,10
"S00119084",187,183,4
"S00119085",93,90,3
"S00119086",200,191,9
"S00119087",228,217,11
"S00119088",80,72,8
"S00119089",148,137,11
"S00119090",86,75,11
"S00119091",130,123,7
"S00119092",108,108,0
"S00119093",96,83,13
"S00119094",76,73,3
"S00119095",77,69,8
"S00119096",131,115,16
"S00119097",55,44,11
"S00119098",67,59,8
"S00119099",152,130,22
"S00119100",165,137,28
"S00119101",92,82,10
"S00119102",109,92,17
"S00119103",167,153,14
"S00119104",110,75,35
"S00119105",82,65,17
"S00119106",106,83,23
"S00119107",65,45,20
"S00119108",101,82,19
"S00119109",107,105,2
"S00119110",125,114,11
"S00119111",204,161,43
"S00119112",113,93,20
"S00119113",85,68,17
"S00119114",82,68,14
"S00119115",117,103,14
"S00119116",58,52,6
"S00119117",150,124,26
"S00119118",65,57,8
"S00119119",121,99,22
"S00119120",107,89,18
"S00119121",106,97,9
"S00119122",149,123,26
"S00119123",123,100,23
"S00119124",161,141,20
"S00119125",134,117,17
"S00119126",128,97,31
"S00119127",121,85,36
"S00119128",69,55,14
"S00119129",103,75,28
"S00119130",135,100,35
"S00119131",110,93,17
"S00119132",125,103,22
"S00119133",84,64,20
"S00119134",85,64,21
"S00119135",73,57,16
"S00119136",80,61,19
"S00119137",105,83,22
"S00119138",92,75,17
"S00119139",71,60,11
"S00119140",61,53,8
"S00119141",71,42,29
"S00119142",120,94,26
"S00119143",143,132,11
"S00119144",137,115,22
"S00119145",88,76,12
"S00119146",71,50,21
"S00119147",116,100,16
"S00119148",63,53,10
"S00119149",130,114,16
"S00119150",136,123,13
"S00119151",61,56,5
"S00119152",113,100,13
"S00119153",105,94,11
"S00119154",128,104,24
"S00119155",113,98,15
"S00119156",226,194,32
"S00119157",128,107,21
"S00119158",108,96,12
"S00119159",153,142,11
"S00119160",93,82,11
"S00119161",98,81,17
"S00119162",103,92,11
"S00119163",83,66,17
"S00119164",64,51,13
"S00119165",126,115,11
"S00119166",137,112,25
"S00119167",120,107,13
"S00119168",175,164,11
"S00119169",110,96,14
"S00119170",89,76,13
"S00119171",111,67,44
"S00119172",78,68,10
"S00119173",131,120,11
"S00119174",113,98,15
"S00119175",76,72,4
"S00119176",59,52,7
"S00119177",109,87,22
"S00119178",55,48,7
"S00119179",192,161,31
"S00119180",131,116,15
"S00119181",109,96,13
"S00119182",74,65,9
"S00119183",124,114,10
"S00119184",126,108,18
"S00119185",149,125,24
"S00119186",109,88,21
"S00119187",58,48,10
"S00119188",52,41,11
"S00119189",140,121,19
"S00119190",92,76,16
"S00119191",103,84,19
"S00119192",90,76,14
"S00119193",66,50,16
"S00119194",113,93,20
"S00119195",97,81,16
"S00119196",84,58,26
"S00119197",108,67,41
"S00119198",86,67,19
"S00119199",118,82,36
"S00119200",68,47,21
"S00119201",79,72,7
"S00119202",75,70,5
"S00119203",70,61,9
"S00119204",138,111,27
"S00119205",89,82,7
"S00119206",87,75,12
"S00119207",133,114,19
"S00119208",112,101,11
"S00119209",107,86,21
"S00119210",69,52,17
"S00119211",53,44,9
"S00119212",69,54,15
"S00119213",149,128,21
"S00119214",66,53,13
"S00119215",168,149,19
"S00119216",65,57,8
"S00119217",145,122,23
"S00119218",198,174,24
"S00119219",116,86,30
"S00119220",83,79,4
"S00119221",93,79,14
"S00119222",117,106,11
"S00119223",61,60,1
"S00119224",129,94,35
"S00119225",91,70,21
"S00119226",62,53,9
"S00119227",91,84,7
"S00119228",59,50,9
"S00119229",91,86,5
"S00119230",72,64,8
"S00119231",156,142,14
"S00119232",82,66,16
"S00119233",155,138,17
"S00119234",51,37,14
"S00119235",132,111,21
"S00119236",66,51,15
"S00119237",124,106,18
"S00119238",86,74,12
"S00119239",81,67,14
"S00119240",124,108,16
"S00119241",196,159,37
"S00119242",95,88,7
"S00119243",146,115,31
"S00119244",56,38,18
"S00119245",115,95,20
"S00119246",92,60,32
"S00119247",140,126,14
"S00119248",99,88,11
"S00119249",99,87,12
"S00119250",106,94,12
"S00119251",153,138,15
"S00119252",122,108,14
"S00119253",63,48,15
"S00119254",187,162,25
"S00119255",113,93,20
"S00119256",67,57,10
"S00119257",163,133,30
"S00119258",82,74,8
"S00119259",139,110,29
"S00119260",102,90,12
"S00119261",110,97,13
"S00119262",162,134,28
"S00119263",128,113,15
"S00119264",121,92,29
"S00119265",165,146,19
"S00119266",71,65,6
"S00119267",92,81,11
"S00119268",138,122,16
"S00119269",108,92,16
"S00119270",93,81,12
"S00119271",145,125,20
"S00119272",179,147,32
"S00119273",117,106,11
"S00119274",155,129,26
"S00119275",100,72,28
"S00119276",74,48,26
"S00119277",136,116,20
"S00119278",97,86,11
"S00119279",134,114,20
"S00119280",201,192,9
"S00119281",65,54,11
"S00119282",57,51,6
"S00119283",175,159,16
"S00119284",165,159,6
"S00119285",179,154,25
"S00119286",61,55,6
"S00119287",96,80,16
"S00119288",102,96,6
"S00119289",132,115,17
"S00119290",85,68,17
"S00119291",136,117,19
"S00119292",127,111,16
"S00119293",131,109,22
"S00119294",114,102,12
"S00119295",200,179,21
"S00119296",140,128,12
"S00119297",145,120,25
"S00119298",70,66,4
"S00119299",144,133,11
"S00119300",210,180,30
"S00119301",55,44,11
"S00119302",58,43,15
"S00119303",97,84,13
"S00119304",156,131,25
"S00119305",140,113,27
"S00119306",73,62,11
"S00119307",130,106,24
"S00119308",66,57,9
"S00119309",102,83,19
"S00119310",150,125,25
"S00119311",55,49,6
"S00119312",61,43,18
"S00119313",139,113,26
"S00119314",93,85,8
"S00119315",76,61,15
"S00119316",137,116,21
"S00119317",77,72,5
"S00119318",86,80,6
"S00119319",178,148,30
"S00119320",95,84,11
"S00119321",153,139,14
"S00119322",108,103,5
"S00119323",73,65,8
"S00119324",132,121,11
"S00119325",170,149,21
"S00119326",124,104,20
"S00119327",99,88,11
"S00119328",90,79,11
"S00119329",184,156,28
"S00119330",60,54,6
"S00119331",77,62,15
"S00119332",183,152,31
"S00119333",120,108,12
"S00119334",154,136,18
"S00119335",103,87,16
"S00119336",154,127,27
"S00119337",168,144,24
"S00119338",66,56,10
"S00119339",108,99,9
"S00119340",169,151,18
"S00119341",107,94,13
"S00119342",162,141,21
"S00119343",119,107,12
"S00119344",183,167,16
"S00119345",131,121,10
"S00119346",77,65,12
"S00119347",120,110,10
"S00119348",180,167,13
"S00119349",182,150,32
"S00119350",73,62,11
"S00119351",114,102,12
"S00119352",166,147,19
"S00119353",125,96,29
"S00119354",136,110,26
"S00119355",187,127,60
"S00119356",152,135,17
"S00119357",126,105,21
"S00119358",93,78,15
"S00119359",117,95,22
"S00119360",73,58,15
"S00119361",116,99,17
"S00119362",115,96,19
"S00119363",145,132,13
"S00119364",75,66,9
"S00119365",105,85,20
"S00119366",145,128,17
"S00119367",128,112,16
"S00119368",121,95,26
"S00119369",138,123,15
"S00119370",95,84,11
"S00119371",139,113,26
"S00119372",88,70,18
"S00119373",61,33,28
"S00119374",173,161,12
"S00119375",82,72,10
"S00119376",124,106,18
"S00119377",88,74,14
"S00119378",87,66,21
"S00119379",93,81,12
"S00119380",105,85,20
"S00119381",91,70,21
"S00119382",86,70,16
"S00119383",76,60,16
"S00119384",107,85,22
"S00119385",116,80,36
"S00119386",106,95,11
"S00119387",136,120,16
"S00119388",68,52,16
"S00119389",156,137,19
"S00119390",85,68,17
"S00119391",89,74,15
"S00119392",131,107,24
"S00119393",62,56,6
"S00119394",59,41,18
"S00119395",119,97,22
"S00119396",74,62,12
"S00119397",112,84,28
"S00119398",124,100,24
"S00119399",95,77,18
"S00119400",80,43,37
"S00119401",147,120,27
"S00119402",107,89,18
"S00119403",71,68,3
"S00119404",288,263,25
"S00119405",181,114,67
"S00119406",111,102,9
"S00119407",77,58,19
"S00119408",69,64,5
"S00119409",130,112,18
"S00119410",63,48,15
"S00119411",159,132,27
"S00119412",160,148,12
"S00119413",118,103,15
"S00119414",85,77,8
"S00119415",174,152,22
"S00119416",104,92,12
"S00119417",112,97,15
"S00119418",67,53,14
"S00119419",105,88,17
"S00119420",109,93,16
"S00119421",59,52,7
"S00119422",123,114,9
"S00119423",194,168,26
"S00119424",111,91,20
"S00119425",119,106,13
"S00119426",108,88,20
"S00119427",104,86,18
"S00119428",68,62,6
"S00119429",89,69,20
"S00119430",62,53,9
"S00119431",61,50,11
"S00119432",59,46,13
"S00119433",96,74,22
"S00119434",152,137,15
"S00119435",75,70,5
"S00119436",64,58,6
"S00119437",75,58,17
"S00119438",118,106,12
"S00119439",78,76,2
"S00119440",143,118,25
"S00119441",223,197,26
"S00119442",159,143,16
"S00119443",175,165,10
"S00119444",88,76,12
"S00119445",140,129,11
"S00119446",177,158,19
"S00119447",82,68,14
"S00119448",126,104,22
"S00119449",93,74,19
"S00119450",122,107,15
"S00119451",63,48,15
"S00119452",105,94,11
"S00119453",133,121,12
"S00119454",153,147,6
"S00119455",159,114,45
"S00119456",66,58,8
"S00119457",121,116,5
"S00119458",128,103,25
"S00119459",90,79,11
"S00119460",118,114,4
"S00119461",91,75,16
"S00119462",97,78,19
"S00119463",114,103,11
"S00119464",109,84,25
"S00119465",81,71,10
"S00119466",148,127,21
"S00119467",53,35,18
"S00119468",134,108,26
"S00119469",100,83,17
"S00119470",121,100,21
"S00119471",134,81,53
"S00119472",79,68,11
"S00119473",101,81,20
"S00119474",113,101,12
"S00119475",109,96,13
"S00119476",69,54,15
"S00119477",73,64,9
"S00119478",114,100,14
"S00119479",75,57,18
"S00119480",180,135,45
"S00119481",78,63,15
"S00119482",140,115,25
"S00119483",104,93,11
"S00119484",64,41,23
"S00119485",114,71,43
"S00119486",79,62,17
"S00119487",81,56,25
"S00119488",96,72,24
"S00119489",247,225,22
"S00119490",143,119,24
"S00119491",83,76,7
"S00119492",132,107,25
"S00119493",153,127,26
"S00119494",130,111,19
"S00119495",60,57,3
"S00119496",85,65,20
"S00119497",135,122,13
"S00119498",95,88,7
"S00119499",185,136,49
"S00119500",66,56,10
"S00119501",108,76,32
"S00119502",113,99,14
"S00119503",118,102,16
"S00119504",136,124,12
"S00119505",118,71,47
"S00119506",76,67,9
"S00119507",69,54,15
"S00119508",197,173,24
"S00119509",105,92,13
"S00119510",127,106,21
"S00119511",127,113,14
"S00119512",101,86,15
"S00119513",72,58,14
"S00119514",87,75,12
"S00119515",107,86,21
"S00119516",154,133,21
"S00119517",81,65,16
"S00119518",190,159,31
"S00119519",146,122,24
"S00119520",106,91,15
"S00119521",134,107,27
"S00119522",79,69,10
"S00119523",130,113,17
"S00119524",99,92,7
"S00119525",104,85,19
"S00119526",122,99,23
"S00119527",59,46,13
"S00119528",129,99,30
"S00119529",163,135,28
"S00119530",96,87,9
"S00119531",128,116,12
"S00119532",80,63,17
"S00119533",124,108,16
"S00119534",96,85,11
"S00119535",95,73,22
"S00119536",108,82,26
"S00119537",100,72,28
"S00119538",132,110,22
"S00119539",129,110,19
"S00119540",73,64,9
"S00119541",161,143,18
"S00119542",73,63,10
"S00119543",111,98,13
"S00119544",123,101,22
"S00119545",78,62,16
"S00119546",127,70,57
"S00119547",57,52,5
"S00119548",148,115,33
"S00119549",105,72,33
"S00119550",61,44,17
"S00119551",61,52,9
"S00119552",149,135,14
"S00119553",105,86,19
"S00119554",88,73,15
"S00119555",228,204,24
"S00119556",113,90,23
"S00119557",170,154,16
"S00119558",133,102,31
"S00119559",75,65,10
"S00119560",130,102,28
"S00119561",98,77,21
"S00119562",72,59,13
"S00119563",113,104,9
"S00119564",144,93,51
"S00119565",143,115,28
"S00119566",86,66,20
"S00119567",103,95,8
"S00119568",89,76,13
"S00119569",95,80,15
"S00119570",141,113,28
"S00119571",66,53,13
"S00119572",136,120,16
"S00119573",68,45,23
"S00119574",135,107,28
"S00119575",136,111,25
"S00119576",173,150,23
"S00119577",59,51,8
"S00119578",109,88,21
"S00119579",86,72,14
"S00119580",138,102,36
"S00119581",154,145,9
"S00119582",127,106,21
"S00119583",79,70,9
"S00119584",159,122,37
"S00119585",52,43,9
"S00119586",180,145,35
"S00119587",116,105,11
"S00119588",75,59,16
"S00119589",80,52,28
"S00119590",84,66,18
"S00119591",130,100,30
"S00119592",185,172,13
"S00119593",162,111,51
"S00119594",77,65,12
"S00119595",145,122,23
"S00119596",191,158,33
"S00119597",160,140,20
"S00119598",134,109,25
"S00119599",135,118,17
"S00119600",223,185,38
"S00119601",65,49,16
"S00119602",69,58,11
"S00119603",99,69,30
"S00119604",138,126,12
"S00119605",56,50,6
"S00119606",140,119,21
"S00119607",110,94,16
"S00119608",146,102,44
"S00119609",228,194,34
"S00119610",90,69,21
"S00119611",132,117,15
"S00119612",148,138,10
"S00119613",99,87,12
"S00119614",199,186,13
"S00119615",158,137,21
"S00119616",59,48,11
"S00119617",95,81,14
"S00119618",143,120,23
"S00119619",137,115,22
"S00119620",91,74,17
"S00119621",144,124,20
"S00119622",113,98,15
"S00119623",128,110,18
"S00119624",97,83,14
"S00119625",150,129,21
"S00119626",112,103,9
"S00119627",115,96,19
"S00119628",150,128,22
"S00119629",87,75,12
"S00119630",69,50,19
"S00119631",103,86,17
"S00119632",71,61,10
"S00119633",191,175,16
"S00119634",101,91,10
"S00119635",97,82,15
"S00119636",188,176,12
"S00119637",138,125,13
"S00119638",74,63,11
"S00119639",186,179,7
"S00119640",172,156,16
"S00119641",65,55,10
"S00119642",84,58,26
"S00119643",57,46,11
"S00119644",102,97,5
"S00119645",257,235,22
"S00119646",61,60,1
"S00119647",175,113,62
"S00119648",53,35,18
"S00119649",249,238,11
"S00119650",137,121,16
"S00119651",101,91,10
"S00119652",64,56,8
"S00119653",85,72,13
"S00119654",109,98,11
"S00119655",92,81,11
"S00119656",205,184,21
"S00119657",127,101,26
"S00119658",160,141,19
"S00119659",207,191,16
"S00119660",133,113,20
"S00119661",172,153,19
"S00119662",124,110,14
"S00119663",123,107,16
"S00119664",154,134,20
"S00119665",167,155,12
"S00119666",113,96,17
"S00119667",59,49,10
"S00119668",81,55,26
"S00119669",194,180,14
"S00119670",139,121,18
"S00119671",55,35,20
"S00119672",95,78,17
"S00119673",148,109,39
"S00119674",137,108,29
"S00119675",99,77,22
"S00119676",163,150,13
"S00119677",82,58,24
"S00119678",161,148,13
"S00119679",62,52,10
"S00119680",83,75,8
"S00119681",155,146,9
"S00119682",93,86,7
"S00119683",86,78,8
"S00119684",116,99,17
"S00119685",160,151,9
"S00119686",119,110,9
"S00119687",69,61,8
"S00119688",101,71,30
"S00119689",62,52,10
"S00119690",52,39,13
"S00119691",143,123,20
"S00119692",185,159,26
"S00119693",131,122,9
"S00119694",68,55,13
"S00119695",92,80,12
"S00119696",121,114,7
"S00119697",148,129,19
"S00119698",66,53,13
"S00119699",139,136,3
"S00119700",127,101,26
"S00119701",91,69,22
"S00119702",173,144,29
"S00119703",178,155,23
"S00119704",94,86,8
"S00119705",145,128,17
"S00119706",103,94,9
"S00119707",138,111,27
"S00119708",143,110,33
"S00119709",151,128,23
"S00119710",102,76,26
"S00119711",132,103,29
"S00119712",127,109,18
"S00119713",104,97,7
"S00119714",160,150,10
"S00119715",110,96,14
"S00119716",102,81,21
"S00119717",103,93,10
"S00119718",92,77,15
"S00119719",100,90,10
"S00119720",106,90,16
"S00119721",119,100,19
"S00119722",110,77,33
"S00119723",79,56,23
"S00119724",115,108,7
"S00119725",82,75,7
"S00119726",70,59,11
"S00119727",122,97,25
"S00119728",92,71,21
"S00119729",83,61,22
"S00119730",90,73,17
"S00119731",64,46,18
"S00119732",79,53,26
"S00119733",76,59,17
"S00119734",68,59,9
"S00119735",152,131,21
"S00119736",118,94,24
"S00119737",117,109,8
"S00119738",117,101,16
"S00119739",117,105,12
"S00119740",141,113,28
"S00119741",94,64,30
"S00119742",50,39,11
"S00119743",66,48,18
"S00119744",106,77,29
"S00119745",99,71,28
"S00119746",111,87,24
"S00119747",98,87,11
"S00119748",114,87,27
"S00119749",52,33,19
"S00119750",60,49,11
"S00119751",141,131,10
"S00119752",115,95,20
"S00119753",100,90,10
"S00119754",84,64,20
"S00119755",113,48,65
"S00119756",118,103,15
"S00119757",77,72,5
"S00119758",106,87,19
"S00119759",142,123,19
"S00119760",170,132,38
"S00119761",171,144,27
"S00119762",204,186,18
"S00119763",135,103,32
"S00119764",119,112,7
"S00119765",114,98,16
"S00119766",152,120,32
"S00119767",147,127,20
"S00119768",107,100,7
"S00119769",81,80,1
"S00119770",79,71,8
"S00119771",83,76,7
"S00119772",62,55,7
"S00119773",103,88,15
"S00119774",95,87,8
"S00119775",140,103,37
"S00119776",69,37,32
"S00119777",57,33,24
"S00119778",71,53,18
"S00119779",101,70,31
"S00119780",113,69,44
"S00119781",118,46,72
"S00119782",108,57,51
"S00119783",82,53,29
"S00119784",71,36,35
"S00119785",103,57,46
"S00119786",100,64,36
"S00119787",81,55,26
"S00119788",71,48,23
"S00119789",77,70,7
"S00119790",181,98,83
"S00119791",116,103,13
"S00119792",119,75,44
"S00119793",146,117,29
"S00119794",114,98,16
"S00119795",98,68,30
"S00119796",96,75,21
"S00119797",160,127,33
"S00119798",157,130,27
"S00119799",115,84,31
"S00119800",130,108,22
"S00119801",75,44,31
"S00119802",109,89,20
"S00119803",98,72,26
"S00119804",62,41,21
"S00119805",64,50,14
"S00119806",86,59,27
"S00119807",123,95,28
"S00119808",134,80,54
"S00119809",132,91,41
"S00119810",93,63,30
"S00119811",98,67,31
"S00119812",82,49,33
"S00119813",80,47,33
"S00119814",108,68,40
"S00119815",168,151,17
"S00119816",165,124,41
"S00119817",155,130,25
"S00119818",123,86,37
"S00119819",91,69,22
"S00119820",100,84,16
"S00119821",145,111,34
"S00119822",140,102,38
"S00119823",71,45,26
"S00119824",108,68,40
"S00119825",66,49,17
"S00119826",80,56,24
"S00119827",109,76,33
"S00119828",96,81,15
"S00119829",96,67,29
"S00119830",84,65,19
"S00119831",155,140,15
"S00119832",105,82,23
"S00119833",90,80,10
"S00119834",80,73,7
"S00119835",128,98,30
"S00119836",130,94,36
"S00119837",117,93,24
"S00119838",87,80,7
"S00119839",105,86,19
"S00119840",93,68,25
"S00119841",66,41,25
"S00119842",59,41,18
"S00119843",81,60,21
"S00119844",63,37,26
"S00119845",107,75,32
"S00119846",88,53,35
"S00119847",95,74,21
"S00119848",90,57,33
"S00119849",60,45,15
"S00119850",74,63,11
"S00119851",109,76,33
"S00119852",74,46,28
"S00119853",75,59,16
"S00119854",73,55,18
"S00119855",114,89,25
"S00119856",109,73,36
"S00119857",108,86,22
"S00119858",142,101,41
"S00119859",83,56,27
"S00119860",90,70,20
"S00119861",92,71,21
"S00119862",128,92,36
"S00119863",84,32,52
"S00119864",100,59,41
"S00119865",65,36,29
"S00119866",79,55,24
"S00119867",56,43,13
"S00119868",115,86,29
"S00119869",76,51,25
"S00119870",75,56,19
"S00119871",57,51,6
"S00119872",128,107,21
"S00119873",119,81,38
"S00119874",91,60,31
"S00119875",66,49,17
"S00119876",104,86,18
"S00119877",118,89,29
"S00119878",96,59,37
"S00119879",100,71,29
"S00119880",103,58,45
"S00119881",137,105,32
"S00119882",67,35,32
"S00119883",66,46,20
"S00119884",106,68,38
"S00119885",76,33,43
"S00119886",84,58,26
"S00119887",110,93,17
"S00119888",62,42,20
"S00119889",137,104,33
"S00119890",105,67,38
"S00119891",82,54,28
"S00119892",85,63,22
"S00119893",129,94,35
"S00119894",115,72,43
"S00119895",111,92,19
"S00119896",99,74,25
"S00119897",110,82,28
"S00119898",51,36,15
"S00119899",111,92,19
"S00119900",54,44,10
"S00119901",103,75,28
"S00119902",134,99,35
"S00119903",143,112,31
"S00119904",80,64,16
"S00119905",145,123,22
"S00119906",120,98,22
"S00119907",72,58,14
"S00119908",148,99,49
"S00119909",170,130,40
"S00119910",135,98,37
"S00119911",128,92,36
"S00119912",148,117,31
"S00119913",55,40,15
"S00119914",72,53,19
"S00119915",98,80,18
"S00119916",110,66,44
"S00119917",147,106,41
"S00119918",103,82,21
"S00119919",54,40,14
"S00119920",102,80,22
"S00119921",104,79,25
"S00119922",164,139,25
"S00119923",167,103,64
"S00119924",100,86,14
"S00119925",99,83,16
"S00119926",83,71,12
"S00119927",103,82,21
"S00119928",75,68,7
"S00119929",93,83,10
"S00119930",149,133,16
"S00119931",76,57,19
"S00119932",138,97,41
"S00119933",127,116,11
"S00119934",138,124,14
"S00119935",114,89,25
"S00119936",175,106,69
"S00119937",89,72,17
"S00119938",101,84,17
"S00119939",132,117,15
"S00119940",182,157,25
"S00119941",68,56,12
"S00119942",98,73,25
"S00119943",80,57,23
"S00119944",138,101,37
"S00119945",139,113,26
"S00119946",80,54,26
"S00119947",107,79,28
"S00119948",85,71,14
"S00119949",111,86,25
"S00119950",66,48,18
"S00119951",91,76,15
"S00119952",117,103,14
"S00119953",113,98,15
"S00119954",130,117,13
"S00119955",166,145,21
"S00119956",90,64,26
"S00119957",132,113,19
"S00119958",150,134,16
"S00119959",107,95,12
"S00119960",107,89,18
"S00119961",157,147,10
"S00119962",143,126,17
"S00119963",112,100,12
"S00119964",130,114,16
"S00119965",105,83,22
"S00119966",143,114,29
"S00119967",91,48,43
"S00119968",91,74,17
"S00119969",154,139,15
"S00119970",223,158,65
"S00119971",79,54,25
"S00119972",66,38,28
"S00119973",89,70,19
"S00119974",102,77,25
"S00119975",170,156,14
"S00119976",158,142,16
"S00119977",109,91,18
"S00119978",166,105,61
"S00119979",108,92,16
"S00119980",88,80,8
"S00119981",158,141,17
"S00119982",124,109,15
"S00119983",134,117,17
"S00119984",155,142,13
"S00119985",74,62,12
"S00119986",149,130,19
"S00119987",113,91,22
"S00119988",68,46,22
"S00119989",73,63,10
"S00119990",92,85,7
"S00119991",83,73,10
"S00119992",80,73,7
"S00119993",98,75,23
"S00119994",94,65,29
"S00119995",72,58,14
"S00119996",95,77,18
"S00119997",96,80,16
"S00119998",119,86,33
"S00119999",87,66,21
"S00120000",99,71,28
"S00120001",70,58,12
"S00120002",101,73,28
"S00120003",110,59,51
"S00120004",68,32,36
"S00120005",117,104,13
"S00120006",84,72,12
"S00120007",80,62,18
"S00120008",110,90,20
"S00120009",85,69,16
"S00120010",120,97,23
"S00120011",123,73,50
"S00120012",332,245,87
"S00120013",53,37,16
"S00120014",96,82,14
"S00120015",114,85,29
"S00120016",169,134,35
"S00120017",100,88,12
"S00120018",82,65,17
"S00120019",64,44,20
"S00120020",90,77,13
"S00120021",155,120,35
"S00120022",117,84,33
"S00120023",94,69,25
"S00120024",56,33,23
"S00120025",155,136,19
"S00120026",117,88,29
"S00120027",117,105,12
"S00120028",130,96,34
"S00120029",100,86,14
"S00120030",161,129,32
"S00120031",134,113,21
"S00120032",108,82,26
"S00120033",106,85,21
"S00120034",117,87,30
"S00120035",190,150,40
"S00120036",151,120,31
"S00120037",111,77,34
"S00120038",108,85,23
"S00120039",88,60,28
"S00120040",171,128,43
"S00120041",121,82,39
"S00120042",139,102,37
"S00120043",125,87,38
"S00120044",221,126,95
"S00120045",129,107,22
"S00120046",115,98,17
"S00120047",154,123,31
"S00120048",110,89,21
"S00120049",91,71,20
"S00120050",138,105,33
"S00120051",95,71,24
"S00120052",78,54,24
"S00120053",133,106,27
"S00120054",88,63,25
"S00120055",122,102,20
"S00120056",133,96,37
"S00120057",131,101,30
"S00120058",128,96,32
"S00120059",113,90,23
"S00120060",95,83,12
"S00120061",136,113,23
"S00120062",100,82,18
"S00120063",153,121,32
"S00120064",98,82,16
"S00120065",142,113,29
"S00120066",103,84,19
"S00120067",115,97,18
"S00120068",68,52,16
"S00120069",102,73,29
"S00120070",186,147,39
"S00120071",112,100,12
"S00120072",200,171,29
"S00120073",156,117,39
"S00120074",94,69,25
"S00120075",73,57,16
"S00120076",163,147,16
"S00120077",173,151,22
"S00120078",179,158,21
"S00120079",124,93,31
"S00120080",127,107,20
"S00120081",75,66,9
"S00120082",112,85,27
"S00120083",84,62,22
"S00120084",189,168,21
"S00120085",158,141,17
"S00120086",178,151,27
"S00120087",189,137,52
"S00120088",119,96,23
"S00120089",141,114,27
"S00120090",121,103,18
"S00120091",74,29,45
"S00120092",57,22,35
"S00120093",76,55,21
"S00120094",85,38,47
"S00120095",89,38,51
"S00120096",74,20,54
"S00120097",53,40,13
"S00120098",60,43,17
"S00120099",95,62,33
"S00120100",74,58,16
"S00120101",162,116,46
"S00120102",133,93,40
"S00120103",163,111,52
"S00120104",154,127,27
"S00120105",115,85,30
"S00120106",50,32,18
"S00120107",76,35,41
"S00120108",145,128,17
"S00120109",130,113,17
"S00120110",150,126,24
"S00120111",193,161,32
"S00120112",112,96,16
"S00120113",130,119,11
"S00120114",151,127,24
"S00120115",101,71,30
"S00120116",174,148,26
"S00120117",57,46,11
"S00120118",117,110,7
"S00120119",129,93,36
"S00120120",132,110,22
"S00120121",87,64,23
"S00120122",177,125,52
"S00120123",149,117,32
"S00120124",109,83,26
"S00120125",98,81,17
"S00120126",107,77,30
"S00120127",99,76,23
"S00120128",122,98,24
"S00120129",126,100,26
"S00120130",109,71,38
"S00120131",99,82,17
"S00120132",70,53,17
"S00120133",71,45,26
"S00120134",101,81,20
"S00120135",83,46,37
"S00120136",173,118,55
"S00120137",180,144,36
"S00120138",105,87,18
"S00120139",110,80,30
"S00120140",134,107,27
"S00120141",92,68,24
"S00120142",89,74,15
"S00120143",101,81,20
"S00120144",113,89,24
"S00120145",124,88,36
"S00120146",115,89,26
"S00120147",101,79,22
"S00120148",111,90,21
"S00120149",123,85,38
"S00120150",51,44,7
"S00120151",105,83,22
"S00120152",127,96,31
"S00120153",140,96,44
"S00120154",124,96,28
"S00120155",103,76,27
"S00120156",115,92,23
"S00120157",111,87,24
"S00120158",103,83,20
"S00120159",141,112,29
"S00120160",67,49,18
"S00120161",118,97,21
"S00120162",91,64,27
"S00120163",74,54,20
"S00120164",112,81,31
"S00120165",84,65,19
"S00120166",122,83,39
"S00120167",108,75,33
"S00120168",109,79,30
"S00120169",125,86,39
"S00120170",96,77,19
"S00120171",69,52,17
"S00120172",137,105,32
"S00120173",163,122,41
"S00120174",93,70,23
"S00120175",142,119,23
"S00120176",115,87,28
"S00120177",111,82,29
"S00120178",78,56,22
"S00120179",135,102,33
"S00120180",62,33,29
"S00120181",60,37,23
"S00120182",67,48,19
"S00120183",63,39,24
"S00120184",62,51,11
"S00120185",147,133,14
"S00120186",110,92,18
"S00120187",68,43,25
"S00120188",128,108,20
"S00120189",95,79,16
"S00120190",62,57,5
"S00120191",51,38,13
"S00120192",93,50,43
"S00120193",57,30,27
"S00120194",146,128,18
"S00120195",57,40,17
"S00120196",58,43,15
"S00120197",154,123,31
"S00120198",89,81,8
"S00120199",54,54,0
"S00120200",149,124,25
"S00120201",134,107,27
"S00120202",55,46,9
"S00120203",162,140,22
"S00120204",63,43,20
"S00120205",115,82,33
"S00120206",110,78,32
"S00120207",182,165,17
"S00120208",115,83,32
"S00120209",53,46,7
"S00120210",81,62,19
"S00120211",95,73,22
"S00120212",74,43,31
"S00120213",154,104,50
"S00120214",99,93,6
"S00120215",121,78,43
"S00120216",108,73,35
"S00120217",81,33,48
"S00120218",58,42,16
"S00120219",109,86,23
"S00120220",168,129,39
"S00120221",96,84,12
"S00120222",159,141,18
"S00120223",87,81,6
"S00120224",126,96,30
"S00120225",56,50,6
"S00120226",105,99,6
"S00120227",126,109,17
"S00120228",79,60,19
"S00120229",115,88,27
"S00120230",82,73,9
"S00120231",72,66,6
"S00120232",103,96,7
"S00120233",158,141,17
"S00120234",53,49,4
"S00120235",164,138,26
"S00120236",107,97,10
"S00120237",59,20,39
"S00120238",81,64,17
"S00120239",98,71,27
"S00120240",69,37,32
"S00120241",128,93,35
"S00120242",106,87,19
"S00120243",71,53,18
"S00120244",80,66,14
"S00120245",103,74,29
"S00120246",135,126,9
"S00120247",91,79,12
"S00120248",140,119,21
"S00120249",121,95,26
"S00120250",106,86,20
"S00120251",107,93,14
"S00120252",66,59,7
"S00120253",112,61,51
"S00120254",66,28,38
"S00120255",56,26,30
"S00120256",66,38,28
"S00120257",61,42,19
"S00120258",88,79,9
"S00120259",104,85,19
"S00120260",81,63,18
"S00120261",136,107,29
"S00120262",153,134,19
"S00120263",71,64,7
"S00120264",84,66,18
"S00120265",112,73,39
"S00120266",54,48,6
"S00120267",292,194,98
"S00120268",82,73,9
"S00120269",88,79,9
"S00120270",97,92,5
"S00120271",185,159,26
"S00120272",111,93,18
"S00120273",147,138,9
"S00120274",148,140,8
"S00120275",98,93,5
"S00120276",116,97,19
"S00120277",113,105,8
"S00120278",177,173,4
"S00120279",137,126,11
"S00120280",184,162,22
"S00120281",105,90,15
"S00120282",151,138,13
"S00120283",104,92,12
"S00120284",172,161,11
"S00120285",74,65,9
"S00120286",115,88,27
"S00120287",66,48,18
"S00120288",82,63,19
"S00120289",74,56,18
"S00120290",116,104,12
"S00120291",79,54,25
"S00120292",71,67,4
"S00120293",112,96,16
"S00120294",139,114,25
"S00120295",61,42,19
"S00120296",92,69,23
"S00120297",85,66,19
"S00120298",60,46,14
"S00120299",64,25,39
"S00120300",130,117,13
"S00120301",110,53,57
"S00120302",87,59,28
"S00120303",64,42,22
"S00120304",50,16,34
"S00120305",57,23,34
"S00120306",75,26,49
"S00120307",70,53,17
"S00120308",75,30,45
"S00120309",117,59,58
"S00120310",108,67,41
"S00120311",148,135,13
"S00120312",65,58,7
"S00120313",129,106,23
"S00120314",164,147,17
"S00120315",78,50,28
"S00120316",130,103,27
"S00120317",79,67,12
"S00120318",240,226,14
"S00120319",158,147,11
"S00120320",206,159,47
"S00120321",78,40,38
"S00120322",75,52,23
"S00120323",60,32,28
"S00120324",99,75,24
"S00120325",76,72,4
"S00120326",121,92,29
"S00120327",106,88,18
"S00120328",167,133,34
"S00120329",50,26,24
"S00120330",107,80,27
"S00120331",131,117,14
"S00120332",74,61,13
"S00120333",108,97,11
"S00120334",85,63,22
"S00120335",164,125,39
"S00120336",140,71,69
"S00120337",119,98,21
"S00120338",191,175,16
"S00120339",145,136,9
"S00120340",108,74,34
"S00120341",146,138,8
"S00120342",164,153,11
"S00120343",182,160,22
"S00120344",88,77,11
"S00120345",127,97,30
"S00120346",81,64,17
"S00120347",104,75,29
"S00120348",194,186,8
"S00120349",192,172,20
"S00120350",140,126,14
"S00120351",80,69,11
"S00120352",94,59,35
"S00120353",89,53,36
"S00120354",89,67,22
"S00120355",135,98,37
"S00120356",61,54,7
"S00120357",94,81,13
"S00120358",111,75,36
"S00120359",139,96,43
"S00120360",102,79,23
"S00120361",67,51,16
"S00120362",115,81,34
"S00120363",126,92,34
"S00120364",89,57,32
"S00120365",148,90,58
"S00120366",58,48,10
"S00120367",146,103,43
"S00120368",88,55,33
"S00120369",174,154,20
"S00120370",118,90,28
"S00120371",83,75,8
"S00120372",204,192,12
"S00120373",232,215,17
"S00120374",189,181,8
"S00120375",194,186,8
"S00120376",106,96,10
"S00120377",109,104,5
"S00120378",120,109,11
"S00120379",117,108,9
"S00120380",123,115,8
"S00120381",81,81,0
"S00120382",233,223,10
"S00120383",132,125,7
"S00120384",129,125,4
"S00120385",122,105,17
"S00120386",99,95,4
"S00120387",144,141,3
"S00120388",92,90,2
"S00120389",131,124,7
"S00120390",135,124,11
"S00120391",61,49,12
"S00120392",150,122,28
"S00120393",136,119,17
"S00120394",79,69,10
"S00120395",138,129,9
"S00120396",173,167,6
"S00120397",153,132,21
"S00120398",82,79,3
"S00120399",209,198,11
"S00120400",165,145,20
"S00120401",169,140,29
"S00120402",73,67,6
"S00120403",100,93,7
"S00120404",109,101,8
"S00120405",92,81,11
"S00120406",110,79,31
"S00120407",69,57,12
"S00120408",111,92,19
"S00120409",63,51,12
"S00120410",70,61,9
"S00120411",105,83,22
"S00120412",111,98,13
"S00120413",176,163,13
"S00120414",103,93,10
"S00120415",105,86,19
"S00120416",65,61,4
"S00120417",100,94,6
"S00120418",97,90,7
"S00120419",119,103,16
"S00120420",122,107,15
"S00120421",122,97,25
"S00120422",63,56,7
"S00120423",103,88,15
"S00120424",133,117,16
"S00120425",75,65,10
"S00120426",69,36,33
"S00120427",106,97,9
"S00120428",129,115,14
"S00120429",165,146,19
"S00120430",166,149,17
"S00120431",142,105,37
"S00120432",154,124,30
"S00120433",80,62,18
"S00120434",89,69,20
"S00120435",129,108,21
"S00120436",106,86,20
"S00120437",104,87,17
"S00120438",147,102,45
"S00120439",132,115,17
"S00120440",156,138,18
"S00120441",83,64,19
"S00120442",169,143,26
"S00120443",113,93,20
"S00120444",85,70,15
"S00120445",100,83,17
"S00120446",155,127,28
"S00120447",189,158,31
"S00120448",161,134,27
"S00120449",126,89,37
"S00120450",124,110,14
"S00120451",91,69,22
"S00120452",100,78,22
"S00120453",178,144,34
"S00120454",128,107,21
"S00120455",151,125,26
"S00120456",64,59,5
"S00120457",136,116,20
"S00120458",79,63,16
"S00120459",107,71,36
"S00120460",111,89,22
"S00120461",112,90,22
"S00120462",116,106,10
"S00120463",94,79,15
"S00120464",95,87,8
"S00120465",116,106,10
"S00120466",150,131,19
"S00120467",127,111,16
"S00120468",98,85,13
"S00120469",133,121,12
"S00120470",155,133,22
"S00120471",133,129,4
"S00120472",125,116,9
"S00120473",124,109,15
"S00120474",120,108,12
"S00120475",125,103,22
"S00120476",85,70,15
"S00120477",133,121,12
"S00120478",99,87,12
"S00120479",79,72,7
"S00120480",121,96,25
"S00120481",82,66,16
"S00120482",95,77,18
"S00120483",115,92,23
"S00120484",88,67,21
"S00120485",149,96,53
"S00120486",104,79,25
"S00120487",110,87,23
"S00120488",102,77,25
"S00120489",116,98,18
"S00120490",145,126,19
"S00120491",113,102,11
"S00120492",119,106,13
"S00120493",81,72,9
"S00120494",103,73,30
"S00120495",147,126,21
"S00120496",194,182,12
"S00120497",148,128,20
"S00120498",128,110,18
"S00120499",120,100,20
"S00120500",136,119,17
"S00120501",109,89,20
"S00120502",65,57,8
"S00120503",134,113,21
"S00120504",108,92,16
"S00120505",134,117,17
"S00120506",75,57,18
"S00120507",119,92,27
"S00120508",161,128,33
"S00120509",87,69,18
"S00120510",96,86,10
"S00120511",154,139,15
"S00120512",204,142,62
"S00120513",139,129,10
"S00120514",106,100,6
"S00120515",216,194,22
"S00120516",176,157,19
"S00120517",124,99,25
"S00120518",88,67,21
"S00120519",97,71,26
"S00120520",71,57,14
"S00120521",107,83,24
"S00120522",112,94,18
"S00120523",87,70,17
"S00120524",106,87,19
"S00120525",136,108,28
"S00120526",80,63,17
"S00120527",117,94,23
"S00120528",111,89,22
"S00120529",142,123,19
"S00120530",66,56,10
"S00120531",111,91,20
"S00120532",192,157,35
"S00120533",153,118,35
"S00120534",167,138,29
"S00120535",184,153,31
"S00120536",132,111,21
"S00120537",120,95,25
"S00120538",92,77,15
"S00120539",125,99,26
"S00120540",117,102,15
"S00120541",69,49,20
"S00120542",109,95,14
"S00120543",125,107,18
"S00120544",144,118,26
"S00120545",109,96,13
"S00120546",115,98,17
"S00120547",199,163,36
"S00120548",168,127,41
"S00120549",127,88,39
"S00120550",123,98,25
"S00120551",94,66,28
"S00120552",105,87,18
"S00120553",128,112,16
"S00120554",139,120,19
"S00120555",110,89,21
"S00120556",122,113,9
"S00120557",131,112,19
"S00120558",172,151,21
"S00120559",197,187,10
"S00120560",150,139,11
"S00120561",131,109,22
"S00120562",108,102,6
"S00120563",141,117,24
"S00120564",100,75,25
"S00120565",131,105,26
"S00120566",102,72,30
"S00120567",127,110,17
"S00120568",114,97,17
"S00120569",127,111,16
"S00120570",85,59,26
"S00120571",140,125,15
"S00120572",90,64,26
"S00120573",109,94,15
"S00120574",131,120,11
"S00120575",82,66,16
"S00120576",64,56,8
"S00120577",84,77,7
"S00120578",137,118,19
"S00120579",78,55,23
"S00120580",164,133,31
"S00120581",58,52,6
"S00120582",52,48,4
"S00120583",150,139,11
"S00120584",123,110,13
"S00120585",103,88,15
"S00120586",130,115,15
"S00120587",205,188,17
"S00120588",114,104,10
"S00120589",131,106,25
"S00120590",171,153,18
"S00120591",131,111,20
"S00120592",144,127,17
"S00120593",148,134,14
"S00120594",170,129,41
"S00120595",176,138,38
"S00120596",167,144,23
"S00120597",116,96,20
"S00120598",125,80,45
"S00120599",107,83,24
"S00120600",106,86,20
"S00120601",95,73,22
"S00120602",97,68,29
"S00120603",55,46,9
"S00120604",70,58,12
"S00120605",117,83,34
"S00120606",144,118,26
"S00120607",153,130,23
"S00120608",91,70,21
"S00120609",105,77,28
"S00120610",50,38,12
"S00120611",109,92,17
"S00120612",100,87,13
"S00120613",107,99,8
"S00120614",75,62,13
"S00120615",167,130,37
"S00120616",127,102,25
"S00120617",127,95,32
"S00120618",106,94,12
"S00120619",103,82,21
"S00120620",73,53,20
"S00120621",82,67,15
"S00120622",88,62,26
"S00120623",118,106,12
"S00120624",143,118,25
"S00120625",174,135,39
"S00120626",115,98,17
"S00120627",119,91,28
"S00120628",122,95,27
"S00120629",123,101,22
"S00120630",132,110,22
"S00120631",68,52,16
"S00120632",192,149,43
"S00120633",101,83,18
"S00120634",152,105,47
"S00120635",116,96,20
"S00120636",102,73,29
"S00120637",103,90,13
"S00120638",126,98,28
"S00120639",79,55,24
"S00120640",71,44,27
"S00120641",60,46,14
"S00120642",131,108,23
"S00120643",94,76,18
"S00120644",94,79,15
"S00120645",121,93,28
"S00120646",120,92,28
"S00120647",152,131,21
"S00120648",139,115,24
"S00120649",88,74,14
"S00120650",133,111,22
"S00120651",143,119,24
"S00120652",183,163,20
"S00120653",187,170,17
"S00120654",113,99,14
"S00120655",131,117,14
"S00120656",105,93,12
"S00120657",165,137,28
"S00120658",197,169,28
"S00120659",101,83,18
"S00120660",103,81,22
"S00120661",166,129,37
"S00120662",103,83,20
"S00120663",119,103,16
"S00120664",93,77,16
"S00120665",132,111,21
"S00120666",224,218,6
"S00120667",66,57,9
"S00120668",158,148,10
"S00120669",145,118,27
"S00120670",111,90,21
"S00120671",145,136,9
"S00120672",173,117,56
"S00120673",68,56,12
"S00120674",164,152,12
"S00120675",70,57,13
"S00120676",122,91,31
"S00120677",82,40,42
"S00120678",71,56,15
"S00120679",56,39,17
"S00120680",71,51,20
"S00120681",125,100,25
"S00120682",96,77,19
"S00120683",139,96,43
"S00120684",117,87,30
"S00120685",87,61,26
"S00120686",111,84,27
"S00120687",79,57,22
"S00120688",98,74,24
"S00120689",94,61,33
"S00120690",108,84,24
"S00120691",76,62,14
"S00120692",113,90,23
"S00120693",95,74,21
"S00120694",96,74,22
"S00120695",87,67,20
"S00120696",115,83,32
"S00120697",100,89,11
"S00120698",140,100,40
"S00120699",116,97,19
"S00120700",119,92,27
"S00120701",94,71,23
"S00120702",185,147,38
"S00120703",105,76,29
"S00120704",92,65,27
"S00120705",130,95,35
"S00120706",89,68,21
"S00120707",121,89,32
"S00120708",115,90,25
"S00120709",91,66,25
"S00120710",98,75,23
"S00120711",99,81,18
"S00120712",112,92,20
"S00120713",120,91,29
"S00120714",97,72,25
"S00120715",115,98,17
"S00120716",119,105,14
"S00120717",144,119,25
"S00120718",122,99,23
"S00120719",131,104,27
"S00120720",88,69,19
"S00120721",66,35,31
"S00120722",145,127,18
"S00120723",133,112,21
"S00120724",127,115,12
"S00120725",212,198,14
"S00120726",82,79,3
"S00120727",131,126,5
"S00120728",97,94,3
"S00120729",194,132,62
"S00120730",111,95,16
"S00120731",101,85,16
"S00120732",195,185,10
"S00120733",114,97,17
"S00120734",106,93,13
"S00120735",115,104,11
"S00120736",126,117,9
"S00120737",105,90,15
"S00120738",113,87,26
"S00120739",101,97,4
"S00120740",99,81,18
"S00120741",111,77,34
"S00120742",55,50,5
"S00120743",90,80,10
"S00120744",103,85,18
"S00120745",81,72,9
"S00120746",99,80,19
"S00120747",107,90,17
"S00120748",147,121,26
"S00120749",95,81,14
"S00120750",144,122,22
"S00120751",133,116,17
"S00120752",65,46,19
"S00120753",162,127,35
"S00120754",164,130,34
"S00120755",133,108,25
"S00120756",185,157,28
"S00120757",131,109,22
"S00120758",93,84,9
"S00120759",154,122,32
"S00120760",73,40,33
"S00120761",106,67,39
"S00120762",101,77,24
"S00120763",85,51,34
"S00120764",86,63,23
"S00120765",102,71,31
"S00120766",122,92,30
"S00120767",83,62,21
"S00120768",114,95,19
"S00120769",127,107,20
"S00120770",104,88,16
"S00120771",153,120,33
"S00120772",146,108,38
"S00120773",109,82,27
"S00120774",105,75,30
"S00120775",97,82,15
"S00120776",80,63,17
"S00120777",79,65,14
"S00120778",144,121,23
"S00120779",105,85,20
"S00120780",161,125,36
"S00120781",112,81,31
"S00120782",161,116,45
"S00120783",188,171,17
"S00120784",71,61,10
"S00120785",160,143,17
"S00120786",60,25,35
"S00120787",147,106,41
"S00120788",107,77,30
"S00120789",124,97,27
"S00120790",120,98,22
"S00120791",111,86,25
"S00120792",124,111,13
"S00120793",130,106,24
"S00120794",100,81,19
"S00120795",123,100,23
"S00120796",120,103,17
"S00120797",95,72,23
"S00120798",122,99,23
"S00120799",115,94,21
"S00120800",98,78,20
"S00120801",90,78,12
"S00120802",116,97,19
"S00120803",94,70,24
"S00120804",105,90,15
"S00120805",98,77,21
"S00120806",127,104,23
"S00120807",109,83,26
"S00120808",80,62,18
"S00120809",95,68,27
"S00120810",116,85,31
"S00120811",92,76,16
"S00120812",119,98,21
"S00120813",88,68,20
"S00120814",122,98,24
"S00120815",115,87,28
"S00120816",97,68,29
"S00120817",101,83,18
"S00120818",112,99,13
"S00120819",132,109,23
"S00120820",134,95,39
"S00120821",152,130,22
"S00120822",132,107,25
"S00120823",133,110,23
"S00120824",97,78,19
"S00120825",166,132,34
"S00120826",132,105,27
"S00120827",122,95,27
"S00120828",106,85,21
"S00120829",90,83,7
"S00120830",90,65,25
"S00120831",123,105,18
"S00120832",106,90,16
"S00120833",66,46,20
"S00120834",98,77,21
"S00120835",83,67,16
"S00120836",123,99,24
"S00120837",161,126,35
"S00120838",100,84,16
"S00120839",162,136,26
"S00120840",158,123,35
"S00120841",130,108,22
"S00120842",124,98,26
"S00120843",101,81,20
"S00120844",96,81,15
"S00120845",109,89,20
"S00120846",109,95,14
"S00120847",50,38,12
"S00120848",60,43,17
"S00120849",52,34,18
"S00120850",113,78,35
"S00120851",131,102,29
"S00120852",109,89,20
"S00120853",109,91,18
"S00120854",166,139,27
"S00120855",122,107,15
"S00120856",145,113,32
"S00120857",132,99,33
"S00120858",98,75,23
"S00120859",118,93,25
"S00120860",152,123,29
"S00120861",85,66,19
"S00120862",168,145,23
"S00120863",125,111,14
"S00120864",99,88,11
"S00120865",91,79,12
"S00120866",78,72,6
"S00120867",104,99,5
"S00120868",189,108,81
"S00120869",102,78,24
"S00120870",57,39,18
"S00120871",141,119,22
"S00120872",77,60,17
"S00120873",83,65,18
"S00120874",205,158,47
"S00120875",91,66,25
"S00120876",87,70,17
"S00120877",71,59,12
"S00120878",95,81,14
"S00120879",83,63,20
"S00120880",117,94,23
"S00120881",131,103,28
"S00120882",136,105,31
"S00120883",127,109,18
"S00120884",114,91,23
"S00120885",156,137,19
"S00120886",108,84,24
"S00120887",80,64,16
"S00120888",70,57,13
"S00120889",142,113,29
"S00120890",95,65,30
"S00120891",106,75,31
"S00120892",116,94,22
"S00120893",148,115,33
"S00120894",177,155,22
"S00120895",91,75,16
"S00120896",125,97,28
"S00120897",101,81,20
"S00120898",168,139,29
"S00120899",124,90,34
"S00120900",84,58,26
"S00120901",92,76,16
"S00120902",102,77,25
"S00120903",68,56,12
"S00120904",96,71,25
"S00120905",119,90,29
"S00120906",98,88,10
"S00120907",135,130,5
"S00120908",108,96,12
"S00120909",108,100,8
"S00120910",142,131,11
"S00120911",214,211,3
"S00120912",195,189,6
"S00120913",95,81,14
"S00120914",137,119,18
"S00120915",112,97,15
"S00120916",93,68,25
"S00120917",88,83,5
"S00120918",129,117,12
"S00120919",140,128,12
"S00120920",177,161,16
"S00120921",150,145,5
"S00120922",82,68,14
"S00120923",108,93,15
"S00120924",99,89,10
"S00120925",85,72,13
"S00120926",158,139,19
"S00120927",155,136,19
"S00120928",185,133,52
"S00120929",171,149,22
"S00120930",113,78,35
"S00120931",74,59,15
"S00120932",95,84,11
"S00120933",64,48,16
"S00120934",64,52,12
"S00120935",107,82,25
"S00120936",121,104,17
"S00120937",141,116,25
"S00120938",111,89,22
"S00120939",99,86,13
"S00120940",85,67,18
"S00120941",128,113,15
"S00120942",93,70,23
"S00120943",112,94,18
"S00120944",74,60,14
"S00120945",120,104,16
"S00120946",82,71,11
"S00120947",108,86,22
"S00120948",73,54,19
"S00120949",134,100,34
"S00120950",63,54,9
"S00120951",219,206,13
"S00120952",157,110,47
"S00120953",61,57,4
"S00120954",76,67,9
"S00120955",174,163,11
"S00120956",128,105,23
"S00120957",119,81,38
"S00120958",126,105,21
"S00120959",113,76,37
"S00120960",53,42,11
"S00120961",167,145,22
"S00120962",96,70,26
"S00120963",128,111,17
"S00120964",77,64,13
"S00120965",79,66,13
"S00120966",63,51,12
"S00120967",105,84,21
"S00120968",81,61,20
"S00120969",124,113,11
"S00120970",96,71,25
"S00120971",172,159,13
"S00120972",117,108,9
"S00120973",172,96,76
"S00120974",116,92,24
"S00120975",196,188,8
"S00120976",143,133,10
"S00120977",168,148,20
"S00120978",96,86,10
"S00120979",66,52,14
"S00120980",141,116,25
"S00120981",125,102,23
"S00120982",135,111,24
"S00120983",158,139,19
"S00120984",87,80,7
"S00120985",89,75,14
"S00120986",123,110,13
"S00120987",126,106,20
"S00120988",196,176,20
"S00120989",83,81,2
"S00120990",177,154,23
"S00120991",89,73,16
"S00120992",199,183,16
"S00120993",95,87,8
"S00120994",150,142,8
"S00120995",102,90,12
"S00120996",71,52,19
"S00120997",76,57,19
"S00120998",118,95,23
"S00120999",116,104,12
"S00121000",79,67,12
"S00121001",90,84,6
"S00121002",143,125,18
"S00121003",59,51,8
"S00121004",198,184,14
"S00121005",114,100,14
"S00121006",177,150,27
"S00121007",150,142,8
"S00121008",195,110,85
"S00121009",78,65,13
"S00121010",78,59,19
"S00121011",87,58,29
"S00121012",118,89,29
"S00121013",107,85,22
"S00121014",181,145,36
"S00121015",82,59,23
"S00121016",121,97,24
"S00121017",106,88,18
"S00121018",137,115,22
"S00121019",87,71,16
"S00121020",65,41,24
"S00121021",84,67,17
"S00121022",98,79,19
"S00121023",71,51,20
"S00121024",125,113,12
"S00121025",165,148,17
"S00121026",132,113,19
"S00121027",75,61,14
"S00121028",138,114,24
"S00121029",125,116,9
"S00121030",125,114,11
"S00121031",169,161,8
"S00121032",161,154,7
"S00121033",160,147,13
"S00121034",172,161,11
"S00121035",213,209,4
"S00121036",89,87,2
"S00121037",91,76,15
"S00121038",69,64,5
"S00121039",59,50,9
"S00121040",75,48,27
"S00121041",58,44,14
"S00121042",91,63,28
"S00121043",64,36,28
"S00121044",101,74,27
"S00121045",153,122,31
"S00121046",86,69,17
"S00121047",145,122,23
"S00121048",99,91,8
"S00121049",74,64,10
"S00121050",138,114,24
"S00121051",69,62,7
"S00121052",115,88,27
"S00121053",120,100,20
"S00121054",60,50,10
"S00121055",80,65,15
"S00121056",137,125,12
"S00121057",114,104,10
"S00121058",165,138,27
"S00121059",182,174,8
"S00121060",116,88,28
"S00121061",114,75,39
"S00121062",66,51,15
"S00121063",116,89,27
"S00121064",56,50,6
"S00121065",93,71,22
"S00121066",127,113,14
"S00121067",81,64,17
"S00121068",112,89,23
"S00121069",96,84,12
"S00121070",95,78,17
"S00121071",101,95,6
"S00121072",176,165,11
"S00121073",167,158,9
"S00121074",88,72,16
"S00121075",152,110,42
"S00121076",74,63,11
"S00121077",80,65,15
"S00121078",133,101,32
"S00121079",143,128,15
"S00121080",133,122,11
"S00121081",172,142,30
"S00121082",92,80,12
"S00121083",124,98,26
"S00121084",112,75,37
"S00121085",80,65,15
"S00121086",106,93,13
"S00121087",197,164,33
"S00121088",175,151,24
"S00121089",82,69,13
"S00121090",117,100,17
"S00121091",152,129,23
"S00121092",111,104,7
"S00121093",101,78,23
"S00121094",105,89,16
"S00121095",130,107,23
"S00121096",94,83,11
"S00121097",136,116,20
"S00121098",122,106,16
"S00121099",61,53,8
"S00121100",117,102,15
"S00121101",57,45,12
"S00121102",112,100,12
"S00121103",159,126,33
"S00121104",77,66,11
"S00121105",112,94,18
"S00121106",128,118,10
"S00121107",86,77,9
"S00121108",153,126,27
"S00121109",92,80,12
"S00121110",97,83,14
"S00121111",110,90,20
"S00121112",145,130,15
"S00121113",153,134,19
"S00121114",138,119,19
"S00121115",152,126,26
"S00121116",183,164,19
"S00121117",147,122,25
"S00121118",111,89,22
"S00121119",124,107,17
"S00121120",108,87,21
"S00121121",123,112,11
"S00121122",109,96,13
"S00121123",154,132,22
"S00121124",138,120,18
"S00121125",136,123,13
"S00121126",88,73,15
"S00121127",185,166,19
"S00121128",106,86,20
"S00121129",81,67,14
"S00121130",112,95,17
"S00121131",151,134,17
"S00121132",97,90,7
"S00121133",116,101,15
"S00121134",180,159,21
"S00121135",187,164,23
"S00121136",105,94,11
"S00121137",92,75,17
"S00121138",99,84,15
"S00121139",158,144,14
"S00121140",136,112,24
"S00121141",114,88,26
"S00121142",180,168,12
"S00121143",82,72,10
"S00121144",83,61,22
"S00121145",132,114,18
"S00121146",140,117,23
"S00121147",127,100,27
"S00121148",82,71,11
"S00121149",186,172,14
"S00121150",66,61,5
"S00121151",107,101,6
"S00121152",103,91,12
"S00121153",110,106,4
"S00121154",162,100,62
"S00121155",168,151,17
"S00121156",183,173,10
"S00121157",196,180,16
"S00121158",102,92,10
"S00121159",194,188,6
"S00121160",186,182,4
"S00121161",189,176,13
"S00121162",76,71,5
"S00121163",109,92,17
"S00121164",115,91,24
"S00121165",181,168,13
"S00121166",128,119,9
"S00121167",131,126,5
"S00121168",87,74,13
"S00121169",78,59,19
"S00121170",169,159,10
"S00121171",190,170,20
"S00121172",166,145,21
"S00121173",67,63,4
"S00121174",161,139,22
"S00121175",93,75,18
"S00121176",86,82,4
"S00121177",134,117,17
"S00121178",87,76,11
"S00121179",82,71,11
"S00121180",90,80,10
"S00121181",132,113,19
"S00121182",126,114,12
"S00121183",154,135,19
"S00121184",111,98,13
"S00121185",79,69,10
"S00121186",100,86,14
"S00121187",138,115,23
"S00121188",135,117,18
"S00121189",167,151,16
"S00121190",113,95,18
"S00121191",90,74,16
"S00121192",112,90,22
"S00121193",171,142,29
"S00121194",136,117,19
"S00121195",120,112,8
"S00121196",129,110,19
"S00121197",124,103,21
"S00121198",80,68,12
"S00121199",68,60,8
"S00121200",145,132,13
"S00121201",140,121,19
"S00121202",88,75,13
"S00121203",92,88,4
"S00121204",103,87,16
"S00121205",120,94,26
"S00121206",110,100,10
"S00121207",94,86,8
"S00121208",93,72,21
"S00121209",79,59,20
"S00121210",176,158,18
"S00121211",138,117,21
"S00121212",65,60,5
"S00121213",69,60,9
"S00121214",97,86,11
"S00121215",124,86,38
"S00121216",459,439,20
"S00121217",152,134,18
"S00121218",106,94,12
"S00121219",140,133,7
"S00121220",76,72,4
"S00121221",81,73,8
"S00121222",112,98,14
"S00121223",90,81,9
"S00121224",114,97,17
"S00121225",86,74,12
"S00121226",170,151,19
"S00121227",171,149,22
"S00121228",137,119,18
"S00121229",98,83,15
"S00121230",125,116,9
"S00121231",112,91,21
"S00121232",82,71,11
"S00121233",162,137,25
"S00121234",89,78,11
"S00121235",109,90,19
"S00121236",163,136,27
"S00121237",134,111,23
"S00121238",97,77,20
"S00121239",106,91,15
"S00121240",97,67,30
"S00121241",139,120,19
"S00121242",67,61,6
"S00121243",116,97,19
"S00121244",109,97,12
"S00121245",128,110,18
"S00121246",92,76,16
"S00121247",143,126,17
"S00121248",74,57,17
"S00121249",155,125,30
"S00121250",104,85,19
"S00121251",106,89,17
"S00121252",108,95,13
"S00121253",151,134,17
"S00121254",120,98,22
"S00121255",123,105,18
"S00121256",125,110,15
"S00121257",145,113,32
"S00121258",150,128,22
"S00121259",129,111,18
"S00121260",139,114,25
"S00121261",166,142,24
"S00121262",96,84,12
"S00121263",167,148,19
"S00121264",164,96,68
"S00121265",163,112,51
"S00121266",138,109,29
"S00121267",120,101,19
"S00121268",82,73,9
"S00121269",78,70,8
"S00121270",129,98,31
"S00121271",110,88,22
"S00121272",107,84,23
"S00121273",151,126,25
"S00121274",165,143,22
"S00121275",113,96,17
"S00121276",63,54,9
"S00121277",141,126,15
"S00121278",65,61,4
"S00121279",69,52,17
"S00121280",111,92,19
"S00121281",93,70,23
"S00121282",139,105,34
"S00121283",192,167,25
"S00121284",139,127,12
"S00121285",170,152,18
"S00121286",123,109,14
"S00121287",137,130,7
"S00121288",132,109,23
"S00121289",158,133,25
"S00121290",93,76,17
"S00121291",88,56,32
"S00121292",106,91,15
"S00121293",150,125,25
"S00121294",163,148,15
"S00121295",134,114,20
"S00121296",61,45,16
"S00121297",86,66,20
"S00121298",74,58,16
"S00121299",122,100,22
"S00121300",98,75,23
"S00121301",75,56,19
"S00121302",70,46,24
"S00121303",92,65,27
"S00121304",113,100,13
"S00121305",102,86,16
"S00121306",69,46,23
"S00121307",99,84,15
"S00121308",63,32,31
"S00121309",89,74,15
"S00121310",64,30,34
"S00121311",87,69,18
"S00121312",76,61,15
"S00121313",66,51,15
"S00121314",127,112,15
"S00121315",63,42,21
"S00121316",95,69,26
"S00121317",141,126,15
"S00121318",91,80,11
"S00121319",152,119,33
"S00121320",175,156,19
"S00121321",145,132,13
"S00121322",169,148,21
"S00121323",135,128,7
"S00121324",172,160,12
"S00121325",100,83,17
"S00121326",139,112,27
"S00121327",161,140,21
"S00121328",112,103,9
"S00121329",80,67,13
"S00121330",111,95,16
"S00121331",121,103,18
"S00121332",115,98,17
"S00121333",85,67,18
"S00121334",125,96,29
"S00121335",116,90,26
"S00121336",93,71,22
"S00121337",145,131,14
"S00121338",165,143,22
"S00121339",75,66,9
"S00121340",131,111,20
"S00121341",74,66,8
"S00121342",119,96,23
"S00121343",183,154,29
"S00121344",121,91,30
"S00121345",147,123,24
"S00121346",104,84,20
"S00121347",96,69,27
"S00121348",60,46,14
"S00121349",96,81,15
"S00121350",68,55,13
"S00121351",84,83,1
"S00121352",62,60,2
"S00121353",123,112,11
"S00121354",132,123,9
"S00121355",99,96,3
"S00121356",65,59,6
"S00121357",69,68,1
"S00121358",127,106,21
"S00121359",116,99,17
"S00121360",90,82,8
"S00121361",135,126,9
"S00121362",135,121,14
"S00121363",109,95,14
"S00121364",79,73,6
"S00121365",67,30,37
"S00121366",64,48,16
"S00121367",127,114,13
"S00121368",147,131,16
"S00121369",104,79,25
"S00121370",62,44,18
"S00121371",144,128,16
"S00121372",65,56,9
"S00121373",107,90,17
"S00121374",63,52,11
"S00121375",102,91,11
"S00121376",124,98,26
"S00121377",133,121,12
"S00121378",124,103,21
"S00121379",159,92,67
"S00121380",183,117,66
"S00121381",180,162,18
"S00121382",81,64,17
"S00121383",89,66,23
"S00121384",53,36,17
"S00121385",62,37,25
"S00121386",109,93,16
"S00121387",87,65,22
"S00121388",65,36,29
"S00121389",103,92,11
"S00121390",72,59,13
"S00121391",154,131,23
"S00121392",84,55,29
"S00121393",120,107,13
"S00121394",112,96,16
"S00121395",94,79,15
"S00121396",96,78,18
"S00121397",89,74,15
"S00121398",216,160,56
"S00121399",138,130,8
"S00121400",113,91,22
"S00121401",99,80,19
"S00121402",113,106,7
"S00121403",166,135,31
"S00121404",107,86,21
"S00121405",104,70,34
"S00121406",107,69,38
"S00121407",74,65,9
"S00121408",90,77,13
"S00121409",100,93,7
"S00121410",69,62,7
"S00121411",115,86,29
"S00121412",102,89,13
"S00121413",97,82,15
"S00121414",103,85,18
"S00121415",140,119,21
"S00121416",123,96,27
"S00121417",153,130,23
"S00121418",91,66,25
"S00121419",76,61,15
"S00121420",101,86,15
"S00121421",130,112,18
"S00121422",106,95,11
"S00121423",224,203,21
"S00121424",121,114,7
"S00121425",95,79,16
"S00121426",95,68,27
"S00121427",169,143,26
"S00121428",87,68,19
"S00121429",163,136,27
"S00121430",89,64,25
"S00121431",118,100,18
"S00121432",104,83,21
"S00121433",103,90,13
"S00121434",152,122,30
"S00121435",137,115,22
"S00121436",74,60,14
"S00121437",92,86,6
"S00121438",86,72,14
"S00121439",172,157,15
"S00121440",115,86,29
"S00121441",133,107,26
"S00121442",98,74,24
"S00121443",158,135,23
"S00121444",101,76,25
"S00121445",98,73,25
"S00121446",129,98,31
"S00121447",118,88,30
"S00121448",162,140,22
"S00121449",128,112,16
"S00121450",104,82,22
"S00121451",71,47,24
"S00121452",67,47,20
"S00121453",92,75,17
"S00121454",79,59,20
"S00121455",121,103,18
"S00121456",79,67,12
"S00121457",151,141,10
"S00121458",114,98,16
"S00121459",121,103,18
"S00121460",106,80,26
"S00121461",122,96,26
"S00121462",108,97,11
"S00121463",154,136,18
"S00121464",159,129,30
"S00121465",74,62,12
"S00121466",96,72,24
"S00121467",137,110,27
"S00121468",108,79,29
"S00121469",125,93,32
"S00121470",72,52,20
"S00121471",166,146,20
"S00121472",106,91,15
"S00121473",159,141,18
"S00121474",136,117,19
"S00121475",60,54,6
"S00121476",133,115,18
"S00121477",112,98,14
"S00121478",80,62,18
"S00121479",103,80,23
"S00121480",122,102,20
"S00121481",65,54,11
"S00121482",243,226,17
"S00121483",106,86,20
"S00121484",136,112,24
"S00121485",120,91,29
"S00121486",169,138,31
"S00121487",161,146,15
"S00121488",154,135,19
"S00121489",137,117,20
"S00121490",106,92,14
"S00121491",72,66,6
"S00121492",114,102,12
"S00121493",92,76,16
"S00121494",99,86,13
"S00121495",128,114,14
"S00121496",73,65,8
"S00121497",107,87,20
"S00121498",137,112,25
"S00121499",99,80,19
"S00121500",102,80,22
"S00121501",142,110,32
"S00121502",92,76,16
"S00121503",108,91,17
"S00121504",159,144,15
"S00121505",126,104,22
"S00121506",131,107,24
"S00121507",105,80,25
"S00121508",144,118,26
"S00121509",159,142,17
"S00121510",101,89,12
"S00121511",86,69,17
"S00121512",94,79,15
"S00121513",86,76,10
"S00121514",106,79,27
"S00121515",141,117,24
"S00121516",122,102,20
"S00121517",63,51,12
"S00121518",138,122,16
"S00121519",107,93,14
"S00121520",128,108,20
"S00121521",96,86,10
"S00121522",98,77,21
"S00121523",87,80,7
"S00121524",103,81,22
"S00121525",103,84,19
"S00121526",80,69,11
"S00121527",175,145,30
"S00121528",80,67,13
"S00121529",99,87,12
"S00121530",72,58,14
"S00121531",127,117,10
"S00121532",86,68,18
"S00121533",185,159,26
"S00121534",140,130,10
"S00121535",162,127,35
"S00121536",113,91,22
"S00121537",161,137,24
"S00121538",135,108,27
"S00121539",72,62,10
"S00121540",53,45,8
"S00121541",111,91,20
"S00121542",104,97,7
"S00121543",108,92,16
"S00121544",99,78,21
"S00121545",97,75,22
"S00121546",165,142,23
"S00121547",107,80,27
"S00121548",110,103,7
"S00121549",104,94,10
"S00121550",96,82,14
"S00121551",108,98,10
"S00121552",107,95,12
"S00121553",118,97,21
"S00121554",139,123,16
"S00121555",113,85,28
"S00121556",80,56,24
"S00121557",82,74,8
"S00121558",101,80,21
"S00121559",95,73,22
"S00121560",90,74,16
"S00121561",85,69,16
"S00121562",139,119,20
"S00121563",196,157,39
"S00121564",105,91,14
"S00121565",162,139,23
"S00121566",105,81,24
"S00121567",153,132,21
"S00121568",126,101,25
"S00121569",124,101,23
"S00121570",87,80,7
"S00121571",92,83,9
"S00121572",143,118,25
"S00121573",104,84,20
"S00121574",71,57,14
"S00121575",102,83,19
"S00121576",131,109,22
"S00121577",150,128,22
"S00121578",57,45,12
"S00121579",85,70,15
"S00121580",96,76,20
"S00121581",160,133,27
"S00121582",130,103,27
"S00121583",105,76,29
"S00121584",77,65,12
"S00121585",184,166,18
"S00121586",97,74,23
"S00121587",107,87,20
"S00121588",114,99,15
"S00121589",99,86,13
"S00121590",105,96,9
"S00121591",105,92,13
"S00121592",108,95,13
"S00121593",144,129,15
"S00121594",81,68,13
"S00121595",118,104,14
"S00121596",77,65,12
"S00121597",133,115,18
"S00121598",135,112,23
"S00121599",120,106,14
"S00121600",186,155,31
"S00121601",150,116,34
"S00121602",137,120,17
"S00121603",137,123,14
"S00121604",145,127,18
"S00121605",87,65,22
"S00121606",79,67,12
"S00121607",124,114,10
"S00121608",82,76,6
"S00121609",130,116,14
"S00121610",111,87,24
"S00121611",118,97,21
"S00121612",164,157,7
"S00121613",96,78,18
"S00121614",152,132,20
"S00121615",191,174,17
"S00121616",152,143,9
"S00121617",138,116,22
"S00121618",140,119,21
"S00121619",114,93,21
"S00121620",102,79,23
"S00121621",102,92,10
"S00121622",72,59,13
"S00121623",166,134,32
"S00121624",134,117,17
"S00121625",72,56,16
"S00121626",104,78,26
"S00121627",144,126,18
"S00121628",82,75,7
"S00121629",125,104,21
"S00121630",115,107,8
"S00121631",179,145,34
"S00121632",99,69,30
"S00121633",119,110,9
"S00121634",91,74,17
"S00121635",83,68,15
"S00121636",112,91,21
"S00121637",111,73,38
"S00121638",126,109,17
"S00121639",88,74,14
"S00121640",88,77,11
"S00121641",64,54,10
"S00121642",127,111,16
"S00121643",125,107,18
"S00121644",56,46,10
"S00121645",140,112,28
"S00121646",105,88,17
"S00121647",84,56,28
"S00121648",133,110,23
"S00121649",92,81,11
"S00121650",116,107,9
"S00121651",91,68,23
"S00121652",517,502,15
"S00121653",119,110,9
"S00121654",95,80,15
"S00121655",116,104,12
"S00121656",184,161,23
"S00121657",116,101,15
"S00121658",153,134,19
"S00121659",121,110,11
"S00121660",74,64,10
"S00121661",119,106,13
"S00121662",81,69,12
"S00121663",149,117,32
"S00121664",111,99,12
"S00121665",86,77,9
"S00121666",122,111,11
"S00121667",89,80,9
"S00121668",132,111,21
"S00121669",82,69,13
"S00121670",96,76,20
"S00121671",90,72,18
"S00121672",140,121,19
"S00121673",68,57,11
"S00121674",90,73,17
"S00121675",164,143,21
"S00121676",106,94,12
"S00121677",62,56,6
"S00121678",126,111,15
"S00121679",96,80,16
"S00121680",109,105,4
"S00121681",88,68,20
"S00121682",79,58,21
"S00121683",85,75,10
"S00121684",153,129,24
"S00121685",130,114,16
"S00121686",81,77,4
"S00121687",56,52,4
"S00121688",56,52,4
"S00121689",88,82,6
"S00121690",132,120,12
"S00121691",113,89,24
"S00121692",81,65,16
"S00121693",134,103,31
"S00121694",109,97,12
"S00121695",111,91,20
"S00121696",125,114,11
"S00121697",103,90,13
"S00121698",121,103,18
"S00121699",61,52,9
"S00121700",99,81,18
"S00121701",85,79,6
"S00121702",74,65,9
"S00121703",98,84,14
"S00121704",135,115,20
"S00121705",80,67,13
"S00121706",119,75,44
"S00121707",156,135,21
"S00121708",115,107,8
"S00121709",133,111,22
"S00121710",63,52,11
"S00121711",83,71,12
"S00121712",94,77,17
"S00121713",110,74,36
"S00121714",138,116,22
"S00121715",102,91,11
"S00121716",113,94,19
"S00121717",57,43,14
"S00121718",125,99,26
"S00121719",101,93,8
"S00121720",51,45,6
"S00121721",105,92,13
"S00121722",66,60,6
"S00121723",79,74,5
"S00121724",84,67,17
"S00121725",64,49,15
"S00121726",89,84,5
"S00121727",89,58,31
"S00121728",103,88,15
"S00121729",109,94,15
"S00121730",74,65,9
"S00121731",130,112,18
"S00121732",59,49,10
"S00121733",98,86,12
"S00121734",97,87,10
"S00121735",77,67,10
"S00121736",135,125,10
"S00121737",148,124,24
"S00121738",64,54,10
"S00121739",68,54,14
"S00121740",129,111,18
"S00121741",123,121,2
"S00121742",177,169,8
"S00121743",89,79,10
"S00121744",136,112,24
"S00121745",149,133,16
"S00121746",134,118,16
"S00121747",63,56,7
"S00121748",159,147,12
"S00121749",128,116,12
"S00121750",145,139,6
"S00121751",146,129,17
"S00121752",128,112,16
"S00121753",65,60,5
"S00121754",144,117,27
"S00121755",77,71,6
"S00121756",59,44,15
"S00121757",69,63,6
"S00121758",120,106,14
"S00121759",194,177,17
"S00121760",63,47,16
"S00121761",137,108,29
"S00121762",256,234,22
"S00121763",108,98,10
"S00121764",115,111,4
"S00121765",224,205,19
"S00121766",260,241,19
"S00121767",90,77,13
"S00121768",82,67,15
"S00121769",78,72,6
"S00121770",61,53,8
"S00121771",115,90,25
"S00121772",173,120,53
"S00121773",131,116,15
"S00121774",120,110,10
"S00121775",104,89,15
"S00121776",98,80,18
"S00121777",76,57,19
"S00121778",128,110,18
"S00121779",96,88,8
"S00121780",101,92,9
"S00121781",144,118,26
"S00121782",108,88,20
"S00121783",128,109,19
"S00121784",224,181,43
"S00121785",117,97,20
"S00121786",99,84,15
"S00121787",119,100,19
"S00121788",131,94,37
"S00121789",80,56,24
"S00121790",135,112,23
"S00121791",87,71,16
"S00121792",102,89,13
"S00121793",59,44,15
"S00121794",87,58,29
"S00121795",137,114,23
"S00121796",58,45,13
"S00121797",82,79,3
"S00121798",62,57,5
"S00121799",97,88,9
"S00121800",157,147,10
"S00121801",112,83,29
"S00121802",95,68,27
"S00121803",80,71,9
"S00121804",62,51,11
"S00121805",72,51,21
"S00121806",50,36,14
"S00121807",80,64,16
"S00121808",90,80,10
"S00121809",151,140,11
"S00121810",69,54,15
"S00121811",101,91,10
"S00121812",110,99,11
"S00121813",108,102,6
"S00121814",184,172,12
"S00121815",163,154,9
"S00121816",175,172,3
"S00121817",91,81,10
"S00121818",183,179,4
"S00121819",214,196,18
"S00121820",63,56,7
"S00121821",139,135,4
"S00121822",122,86,36
"S00121823",160,140,20
"S00121824",107,95,12
"S00121825",135,117,18
"S00121826",74,68,6
"S00121827",120,85,35
"S00121828",82,69,13
"S00121829",131,104,27
"S00121830",72,64,8
"S00121831",74,58,16
"S00121832",96,72,24
"S00121833",163,148,15
"S00121834",96,90,6
"S00121835",63,55,8
"S00121836",136,106,30
"S00121837",144,120,24
"S00121838",63,51,12
"S00121839",58,49,9
"S00121840",101,92,9
"S00121841",205,192,13
"S00121842",165,154,11
"S00121843",137,108,29
"S00121844",141,128,13
"S00121845",136,113,23
"S00121846",156,124,32
"S00121847",70,54,16
"S00121848",102,84,18
"S00121849",127,101,26
"S00121850",159,142,17
"S00121851",142,92,50
"S00121852",85,71,14
"S00121853",92,67,25
"S00121854",59,45,14
"S00121855",132,114,18
"S00121856",125,111,14
"S00121857",69,55,14
"S00121858",120,102,18
"S00121859",139,114,25
"S00121860",127,101,26
"S00121861",73,61,12
"S00121862",152,129,23
"S00121863",154,136,18
"S00121864",128,108,20
"S00121865",173,138,35
"S00121866",105,89,16
"S00121867",129,116,13
"S00121868",159,125,34
"S00121869",150,129,21
"S00121870",169,138,31
"S00121871",168,140,28
"S00121872",96,89,7
"S00121873",158,132,26
"S00121874",124,97,27
"S00121875",161,138,23
"S00121876",58,55,3
"S00121877",160,145,15
"S00121878",121,91,30
"S00121879",133,118,15
"S00121880",78,65,13
"S00121881",95,71,24
"S00121882",86,76,10
"S00121883",109,100,9
"S00121884",190,178,12
"S00121885",155,142,13
"S00121886",672,659,13
"S00121887",129,113,16
"S00121888",183,174,9
"S00121889",113,106,7
"S00121890",218,211,7
"S00121891",202,188,14
"S00121892",168,129,39
"S00121893",112,94,18
"S00121894",88,65,23
"S00121895",170,144,26
"S00121896",198,164,34
"S00121897",74,72,2
"S00121898",78,76,2
"S00121899",111,105,6
"S00121900",153,132,21
"S00121901",88,61,27
"S00121902",137,114,23
"S00121903",64,60,4
"S00121904",157,139,18
"S00121905",161,143,18
"S00121906",75,65,10
"S00121907",101,89,12
"S00121908",94,83,11
"S00121909",186,164,22
"S00121910",71,62,9
"S00121911",149,132,17
"S00121912",128,107,21
"S00121913",108,90,18
"S00121914",87,68,19
"S00121915",60,54,6
"S00121916",51,44,7
"S00121917",99,74,25
"S00121918",114,92,22
"S00121919",159,131,28
"S00121920",126,103,23
"S00121921",81,57,24
"S00121922",117,98,19
"S00121923",70,62,8
"S00121924",65,54,11
"S00121925",101,80,21
"S00121926",97,81,16
"S00121927",120,99,21
"S00121928",85,74,11
"S00121929",97,82,15
"S00121930",157,116,41
"S00121931",151,124,27
"S00121932",131,116,15
"S00121933",66,53,13
"S00121934",111,91,20
"S00121935",168,140,28
"S00121936",139,105,34
"S00121937",138,116,22
"S00121938",100,82,18
"S00121939",58,40,18
"S00121940",191,176,15
"S00121941",194,122,72
"S00121942",162,135,27
"S00121943",123,89,34
"S00121944",96,75,21
"S00121945",123,96,27
"S00121946",118,93,25
"S00121947",97,88,9
"S00121948",146,109,37
"S00121949",88,57,31
"S00121950",196,176,20
"S00121951",143,120,23
"S00121952",75,54,21
"S00121953",72,49,23
"S00121954",109,77,32
"S00121955",143,124,19
"S00121956",176,153,23
"S00121957",142,119,23
"S00121958",158,129,29
"S00121959",150,126,24
"S00121960",184,164,20
"S00121961",125,90,35
"S00121962",124,105,19
"S00121963",167,146,21
"S00121964",119,109,10
"S00121965",164,114,50
"S00121966",128,104,24
"S00121967",97,84,13
"S00121968",161,134,27
"S00121969",87,75,12
"S00121970",95,73,22
"S00121971",184,148,36
"S00121972",182,145,37
"S00121973",191,152,39
"S00121974",144,113,31
"S00121975",167,128,39
"S00121976",122,98,24
"S00121977",133,110,23
"S00121978",84,65,19
"S00121979",128,107,21
"S00121980",102,80,22
"S00121981",116,102,14
"S00121982",62,53,9
"S00121983",77,69,8
"S00121984",168,135,33
"S00121985",160,139,21
"S00121986",178,131,47
"S00121987",94,77,17
"S00121988",67,56,11
"S00121989",117,101,16
"S00121990",184,156,28
"S00121991",196,137,59
"S00121992",181,145,36
"S00121993",163,120,43
"S00121994",147,101,46
"S00121995",132,114,18
"S00121996",130,88,42
"S00121997",125,95,30
"S00121998",250,234,16
"S00121999",134,122,12
"S00122000",103,58,45
"S00122001",191,173,18
"S00122002",103,87,16
"S00122003",167,128,39
"S00122004",165,138,27
"S00122005",85,55,30
"S00122006",139,96,43
"S00122007",177,152,25
"S00122008",118,87,31
"S00122009",136,117,19
"S00122010",93,75,18
"S00122011",122,100,22
"S00122012",105,82,23
"S00122013",142,102,40
"S00122014",75,70,5
"S00122015",157,123,34
"S00122016",125,111,14
"S00122017",125,96,29
"S00122018",89,74,15
"S00122019",161,140,21
"S00122020",180,166,14
"S00122021",121,96,25
"S00122022",85,66,19
"S00122023",97,67,30
"S00122024",134,103,31
"S00122025",100,81,19
"S00122026",112,86,26
"S00122027",138,113,25
"S00122028",62,49,13
"S00122029",140,118,22
"S00122030",87,62,25
"S00122031",154,141,13
"S00122032",67,59,8
"S00122033",93,71,22
"S00122034",160,139,21
"S00122035",115,85,30
"S00122036",87,56,31
"S00122037",162,133,29
"S00122038",212,113,99
"S00122039",165,112,53
"S00122040",97,67,30
"S00122041",81,57,24
"S00122042",81,46,35
"S00122043",102,70,32
"S00122044",73,42,31
"S00122045",68,46,22
"S00122046",102,73,29
"S00122047",74,41,33
"S00122048",65,43,22
"S00122049",72,32,40
"S00122050",93,53,40
"S00122051",72,39,33
"S00122052",93,76,17
"S00122053",161,141,20
"S00122054",105,80,25
"S00122055",155,132,23
"S00122056",78,51,27
"S00122057",128,109,19
"S00122058",89,74,15
"S00122059",161,132,29
"S00122060",97,80,17
"S00122061",134,105,29
"S00122062",66,49,17
"S00122063",94,73,21
"S00122064",99,79,20
"S00122065",118,88,30
"S00122066",79,63,16
"S00122067",98,78,20
"S00122068",89,56,33
"S00122069",116,94,22
"S00122070",95,74,21
"S00122071",115,87,28
"S00122072",98,72,26
"S00122073",103,70,33
"S00122074",96,66,30
"S00122075",65,53,12
"S00122076",59,46,13
"S00122077",100,67,33
"S00122078",115,78,37
"S00122079",115,88,27
"S00122080",99,75,24
"S00122081",107,63,44
"S00122082",97,67,30
"S00122083",72,52,20
"S00122084",109,85,24
"S00122085",130,101,29
"S00122086",94,77,17
"S00122087",109,73,36
"S00122088",94,76,18
"S00122089",109,80,29
"S00122090",108,82,26
"S00122091",97,76,21
"S00122092",97,68,29
"S00122093",69,58,11
"S00122094",131,108,23
"S00122095",86,73,13
"S00122096",67,53,14
"S00122097",90,71,19
"S00122098",102,73,29
"S00122099",109,89,20
"S00122100",116,92,24
"S00122101",104,72,32
"S00122102",109,92,17
"S00122103",187,145,42
"S00122104",175,145,30
"S00122105",111,89,22
"S00122106",133,111,22
"S00122107",196,151,45
"S00122108",144,112,32
"S00122109",180,144,36
"S00122110",129,107,22
"S00122111",154,137,17
"S00122112",131,108,23
"S00122113",100,73,27
"S00122114",119,70,49
"S00122115",93,63,30
"S00122116",64,48,16
"S00122117",128,104,24
"S00122118",78,53,25
"S00122119",54,39,15
"S00122120",51,23,28
"S00122121",99,73,26
"S00122122",87,73,14
"S00122123",68,56,12
"S00122124",110,88,22
"S00122125",151,129,22
"S00122126",101,87,14
"S00122127",97,72,25
"S00122128",120,103,17
"S00122129",65,55,10
"S00122130",167,152,15
"S00122131",116,86,30
"S00122132",89,50,39
"S00122133",95,84,11
"S00122134",124,114,10
"S00122135",74,55,19
"S00122136",99,76,23
"S00122137",150,112,38
"S00122138",61,30,31
"S00122139",52,22,30
"S00122140",64,36,28
"S00122141",106,50,56
"S00122142",162,121,41
"S00122143",104,90,14
"S00122144",83,60,23
"S00122145",158,136,22
"S00122146",109,84,25
"S00122147",61,44,17
"S00122148",99,75,24
"S00122149",172,135,37
"S00122150",103,71,32
"S00122151",107,84,23
"S00122152",99,84,15
"S00122153",58,42,16
"S00122154",164,130,34
"S00122155",89,73,16
"S00122156",62,48,14
"S00122157",135,108,27
"S00122158",101,87,14
"S00122159",89,61,28
"S00122160",127,99,28
"S00122161",82,55,27
"S00122162",121,85,36
"S00122163",122,86,36
"S00122164",113,90,23
"S00122165",61,57,4
"S00122166",125,92,33
"S00122167",109,80,29
"S00122168",104,73,31
"S00122169",71,62,9
"S00122170",134,93,41
"S00122171",157,120,37
"S00122172",82,75,7
"S00122173",128,119,9
"S00122174",124,84,40
"S00122175",113,92,21
"S00122176",92,72,20
"S00122177",118,82,36
"S00122178",107,76,31
"S00122179",111,84,27
"S00122180",109,79,30
"S00122181",77,54,23
"S00122182",109,79,30
"S00122183",67,44,23
"S00122184",84,60,24
"S00122185",140,107,33
"S00122186",167,121,46
"S00122187",127,82,45
"S00122188",124,83,41
"S00122189",76,42,34
"S00122190",177,152,25
"S00122191",187,173,14
"S00122192",123,105,18
"S00122193",143,122,21
"S00122194",137,102,35
"S00122195",122,93,29
"S00122196",117,90,27
"S00122197",122,98,24
"S00122198",125,103,22
"S00122199",100,73,27
"S00122200",117,91,26
"S00122201",81,71,10
"S00122202",113,83,30
"S00122203",106,73,33
"S00122204",173,135,38
"S00122205",179,151,28
"S00122206",83,56,27
"S00122207",113,95,18
"S00122208",104,94,10
"S00122209",120,95,25
"S00122210",84,74,10
"S00122211",106,86,20
"S00122212",165,137,28
"S00122213",136,102,34
"S00122214",164,130,34
"S00122215",141,111,30
"S00122216",98,70,28
"S00122217",123,91,32
"S00122218",127,95,32
"S00122219",115,89,26
"S00122220",94,67,27
"S00122221",132,111,21
"S00122222",148,128,20
"S00122223",111,102,9
"S00122224",136,123,13
"S00122225",77,46,31
"S00122226",50,38,12
"S00122227",77,43,34
"S00122228",121,85,36
"S00122229",110,85,25
"S00122230",81,55,26
"S00122231",67,40,27
"S00122232",80,56,24
"S00122233",157,119,38
"S00122234",81,58,23
"S00122235",135,117,18
"S00122236",87,58,29
"S00122237",110,80,30
"S00122238",131,109,22
"S00122239",105,71,34
"S00122240",152,112,40
"S00122241",93,72,21
"S00122242",119,102,17
"S00122243",69,38,31
"S00122244",147,116,31
"S00122245",101,83,18
"S00122246",105,85,20
"S00122247",141,122,19
"S00122248",108,70,38
"S00122249",68,36,32
"S00122250",135,76,59
"S00122251",81,73,8
"S00122252",155,119,36
"S00122253",168,149,19
"S00122254",111,90,21
"S00122255",87,54,33
"S00122256",61,21,40
"S00122257",72,54,18
"S00122258",132,114,18
"S00122259",75,64,11
"S00122260",132,114,18
"S00122261",135,101,34
"S00122262",119,88,31
"S00122263",117,93,24
"S00122264",57,40,17
"S00122265",76,57,19
"S00122266",81,61,20
"S00122267",139,113,26
"S00122268",82,64,18
"S00122269",97,84,13
"S00122270",95,74,21
"S00122271",106,92,14
"S00122272",89,75,14
"S00122273",110,71,39
"S00122274",54,27,27
"S00122275",73,31,42
"S00122276",110,83,27
"S00122277",91,73,18
"S00122278",66,39,27
"S00122279",68,44,24
"S00122280",82,42,40
"S00122281",58,39,19
"S00122282",88,66,22
"S00122283",82,36,46
"S00122284",80,58,22
"S00122285",75,31,44
"S00122286",52,41,11
"S00122287",75,52,23
"S00122288",94,69,25
"S00122289",76,52,24
"S00122290",66,49,17
"S00122291",80,64,16
"S00122292",110,78,32
"S00122293",81,54,27
"S00122294",121,93,28
"S00122295",74,54,20
"S00122296",59,36,23
"S00122297",128,87,41
"S00122298",105,74,31
"S00122299",119,91,28
"S00122300",66,47,19
"S00122301",93,73,20
"S00122302",102,80,22
"S00122303",122,96,26
"S00122304",125,95,30
"S00122305",122,86,36
"S00122306",136,111,25
"S00122307",113,86,27
"S00122308",117,91,26
"S00122309",119,99,20
"S00122310",137,105,32
"S00122311",99,81,18
"S00122312",89,72,17
"S00122313",144,112,32
"S00122314",95,76,19
"S00122315",168,138,30
"S00122316",142,122,20
"S00122317",152,127,25
"S00122318",100,77,23
"S00122319",146,103,43
"S00122320",139,108,31
"S00122321",116,92,24
"S00122322",156,117,39
"S00122323",144,115,29
"S00122324",86,64,22
"S00122325",114,84,30
"S00122326",153,106,47
"S00122327",137,98,39
"S00122328",98,70,28
"S00122329",57,46,11
"S00122330",152,116,36
"S00122331",134,119,15
"S00122332",129,109,20
"S00122333",108,85,23
"S00122334",221,116,105
"S00122335",101,95,6
"S00122336",106,91,15
"S00122337",89,70,19
"S00122338",87,68,19
"S00122339",111,79,32
"S00122340",88,69,19
"S00122341",131,86,45
"S00122342",184,138,46
"S00122343",139,106,33
"S00122344",104,77,27
"S00122345",52,30,22
"S00122346",108,81,27
"S00122347",119,102,17
"S00122348",126,107,19
"S00122349",134,103,31
"S00122350",81,58,23
"S00122351",91,67,24
"S00122352",92,59,33
"S00122353",120,94,26
"S00122354",141,115,26
"S00122355",175,128,47
"S00122356",122,83,39
"S00122357",127,93,34
"S00122358",144,113,31
"S00122359",76,49,27
"S00122360",69,52,17
"S00122361",106,88,18
"S00122362",150,141,9
"S00122363",102,84,18
"S00122364",88,64,24
"S00122365",61,40,21
"S00122366",97,65,32
"S00122367",126,98,28
"S00122368",79,62,17
"S00122369",86,63,23
"S00122370",177,147,30
"S00122371",98,80,18
"S00122372",191,143,48
"S00122373",99,65,34
"S00122374",204,173,31
"S00122375",156,124,32
"S00122376",125,93,32
"S00122377",131,101,30
"S00122378",134,107,27
"S00122379",65,46,19
"S00122380",105,81,24
"S00122381",120,99,21
"S00122382",60,49,11
"S00122383",87,52,35
"S00122384",127,120,7
"S00122385",84,56,28
"S00122386",87,67,20
"S00122387",98,65,33
"S00122388",117,99,18
"S00122389",174,147,27
"S00122390",169,134,35
"S00122391",172,136,36
"S00122392",121,105,16
"S00122393",116,86,30
"S00122394",139,106,33
"S00122395",156,134,22
"S00122396",164,135,29
"S00122397",136,112,24
"S00122398",119,87,32
"S00122399",112,81,31
"S00122400",77,53,24
"S00122401",155,125,30
"S00122402",128,104,24
"S00122403",126,90,36
"S00122404",159,126,33
"S00122405",58,46,12
"S00122406",102,66,36
"S00122407",135,120,15
"S00122408",134,107,27
"S00122409",154,122,32
"S00122410",98,64,34
"S00122411",157,144,13
"S00122412",154,120,34
"S00122413",140,114,26
"S00122414",109,95,14
"S00122415",98,89,9
"S00122416",108,90,18
"S00122417",109,89,20
"S00122418",116,99,17
"S00122419",118,83,35
"S00122420",179,166,13
"S00122421",108,85,23
"S00122422",62,46,16
"S00122423",175,149,26
"S00122424",100,88,12
"S00122425",171,136,35
"S00122426",65,57,8
"S00122427",75,58,17
"S00122428",93,65,28
"S00122429",105,75,30
"S00122430",166,130,36
"S00122431",158,119,39
"S00122432",198,174,24
"S00122433",75,63,12
"S00122434",77,60,17
"S00122435",53,36,17
"S00122436",95,42,53
"S00122437",114,71,43
"S00122438",78,55,23
"S00122439",98,83,15
"S00122440",99,85,14
"S00122441",94,72,22
"S00122442",90,50,40
"S00122443",114,88,26
"S00122444",101,75,26
"S00122445",82,58,24
"S00122446",107,80,27
"S00122447",110,80,30
"S00122448",139,104,35
"S00122449",99,72,27
"S00122450",59,33,26
"S00122451",158,112,46
"S00122452",135,87,48
"S00122453",115,81,34
"S00122454",62,49,13
"S00122455",71,40,31
"S00122456",113,92,21
"S00122457",95,63,32
"S00122458",73,41,32
"S00122459",83,55,28
"S00122460",93,71,22
"S00122461",131,103,28
"S00122462",130,111,19
"S00122463",126,100,26
"S00122464",109,69,40
"S00122465",137,108,29
"S00122466",98,71,27
"S00122467",110,90,20
"S00122468",133,92,41
"S00122469",120,83,37
"S00122470",128,100,28
"S00122471",121,97,24
"S00122472",102,68,34
"S00122473",79,60,19
"S00122474",145,122,23
"S00122475",147,110,37
"S00122476",107,87,20
"S00122477",81,65,16
"S00122478",179,141,38
"S00122479",113,93,20
"S00122480",113,71,42
"S00122481",94,79,15
"S00122482",83,67,16
"S00122483",97,68,29
"S00122484",93,73,20
"S00122485",104,70,34
"S00122486",134,108,26
"S00122487",139,111,28
"S00122488",133,112,21
"S00122489",116,94,22
"S00122490",97,74,23
"S00122491",121,104,17
"S00122492",112,92,20
"S00122493",123,100,23
"S00122494",116,90,26
"S00122495",76,47,29
"S00122496",163,140,23
"S00122497",113,94,19
"S00122498",123,95,28
"S00122499",145,120,25
"S00122500",149,134,15
"S00122501",92,83,9
"S00122502",134,129,5
"S00122503",85,68,17
"S00122504",59,43,16
"S00122505",85,50,35
"S00122506",84,64,20
"S00122507",168,146,22
"S00122508",157,129,28
"S00122509",129,113,16
"S00122510",128,106,22
"S00122511",110,92,18
"S00122512",157,141,16
"S00122513",71,59,12
"S00122514",100,82,18
"S00122515",60,47,13
"S00122516",117,98,19
"S00122517",110,100,10
"S00122518",81,74,7
"S00122519",79,57,22
"S00122520",89,73,16
"S00122521",127,106,21
"S00122522",80,59,21
"S00122523",127,114,13
"S00122524",69,55,14
"S00122525",103,85,18
"S00122526",97,85,12
"S00122527",93,87,6
"S00122528",161,137,24
"S00122529",135,117,18
"S00122530",79,64,15
"S00122531",108,87,21
"S00122532",119,103,16
"S00122533",105,71,34
"S00122534",133,120,13
"S00122535",88,55,33
"S00122536",106,91,15
"S00122537",111,85,26
"S00122538",94,73,21
"S00122539",101,89,12
"S00122540",75,56,19
"S00122541",108,89,19
"S00122542",89,83,6
"S00122543",130,100,30
"S00122544",206,190,16
"S00122545",112,84,28
"S00122546",93,69,24
"S00122547",126,105,21
"S00122548",92,60,32
"S00122549",93,68,25
"S00122550",133,91,42
"S00122551",106,79,27
"S00122552",89,71,18
"S00122553",71,41,30
"S00122554",89,76,13
"S00122555",111,86,25
"S00122556",149,115,34
"S00122557",81,60,21
"S00122558",165,119,46
"S00122559",129,96,33
"S00122560",147,107,40
"S00122561",162,133,29
"S00122562",205,168,37
"S00122563",141,111,30
"S00122564",166,113,53
"S00122565",196,162,34
"S00122566",127,94,33
"S00122567",153,128,25
"S00122568",92,55,37
"S00122569",61,48,13
"S00122570",113,104,9
"S00122571",106,91,15
"S00122572",103,89,14
"S00122573",169,151,18
"S00122574",112,73,39
"S00122575",82,57,25
"S00122576",126,93,33
"S00122577",85,61,24
"S00122578",81,65,16
"S00122579",81,59,22
"S00122580",88,75,13
"S00122581",111,93,18
"S00122582",129,110,19
"S00122583",89,69,20
"S00122584",107,82,25
"S00122585",90,70,20
"S00122586",107,79,28
"S00122587",164,140,24
"S00122588",154,128,26
"S00122589",65,39,26
"S00122590",60,32,28
"S00122591",60,24,36
"S00122592",120,98,22
"S00122593",116,77,39
"S00122594",80,56,24
"S00122595",107,84,23
"S00122596",82,63,19
"S00122597",83,59,24
"S00122598",84,71,13
"S00122599",102,78,24
"S00122600",147,116,31
"S00122601",105,70,35
"S00122602",176,140,36
"S00122603",139,115,24
"S00122604",110,74,36
"S00122605",65,45,20
"S00122606",118,82,36
"S00122607",93,61,32
"S00122608",101,86,15
"S00122609",79,47,32
"S00122610",120,110,10
"S00122611",93,83,10
"S00122612",100,85,15
"S00122613",135,92,43
"S00122614",73,58,15
"S00122615",80,70,10
"S00122616",95,69,26
"S00122617",96,81,15
"S00122618",129,114,15
"S00122619",113,90,23
"S00122620",90,81,9
"S00122621",136,107,29
"S00122622",155,123,32
"S00122623",107,73,34
"S00122624",137,102,35
"S00122625",87,69,18
"S00122626",119,82,37
"S00122627",133,105,28
"S00122628",107,81,26
"S00122629",104,90,14
"S00122630",129,101,28
"S00122631",182,155,27
"S00122632",203,175,28
"S00122633",164,154,10
"S00122634",93,62,31
"S00122635",155,139,16
"S00122636",104,94,10
"S00122637",109,98,11
"S00122638",51,48,3
"S00122639",203,185,18
"S00122640",116,104,12
"S00122641",77,54,23
"S00122642",111,87,24
"S00122643",116,85,31
"S00122644",91,74,17
"S00122645",131,106,25
"S00122646",100,84,16
"S00122647",103,80,23
"S00122648",116,85,31
"S00122649",66,35,31
"S00122650",68,62,6
"S00122651",112,85,27
"S00122652",92,70,22
"S00122653",108,84,24
"S00122654",172,133,39
"S00122655",165,137,28
"S00122656",119,73,46
"S00122657",158,124,34
"S00122658",93,59,34
"S00122659",125,100,25
"S00122660",87,74,13
"S00122661",130,105,25
"S00122662",159,131,28
"S00122663",142,110,32
"S00122664",128,107,21
"S00122665",167,125,42
"S00122666",155,116,39
"S00122667",181,120,61
"S00122668",166,134,32
"S00122669",136,102,34
"S00122670",91,76,15
"S00122671",118,100,18
"S00122672",96,79,17
"S00122673",71,52,19
"S00122674",77,46,31
"S00122675",108,83,25
"S00122676",52,27,25
"S00122677",57,32,25
"S00122678",114,75,39
"S00122679",138,96,42
"S00122680",53,40,13
"S00122681",89,67,22
"S00122682",102,83,19
"S00122683",111,90,21
"S00122684",85,61,24
"S00122685",143,125,18
"S00122686",100,83,17
"S00122687",70,60,10
"S00122688",133,117,16
"S00122689",84,67,17
"S00122690",151,147,4
"S00122691",128,112,16
"S00122692",105,77,28
"S00122693",154,122,32
"S00122694",84,56,28
"S00122695",88,76,12
"S00122696",98,78,20
"S00122697",92,76,16
"S00122698",177,135,42
"S00122699",131,112,19
"S00122700",169,85,84
"S00122701",72,54,18
"S00122702",61,50,11
"S00122703",97,80,17
"S00122704",154,133,21
"S00122705",95,51,44
"S00122706",102,70,32
"S00122707",136,92,44
"S00122708",80,67,13
"S00122709",65,50,15
"S00122710",50,38,12
"S00122711",66,53,13
"S00122712",108,85,23
"S00122713",58,40,18
"S00122714",56,44,12
"S00122715",112,97,15
"S00122716",112,94,18
"S00122717",93,48,45
"S00122718",72,54,18
"S00122719",81,72,9
"S00122720",137,107,30
"S00122721",210,170,40
"S00122722",168,149,19
"S00122723",165,146,19
"S00122724",111,93,18
"S00122725",120,92,28
"S00122726",112,87,25
"S00122727",105,81,24
"S00122728",127,103,24
"S00122729",137,112,25
"S00122730",118,91,27
"S00122731",75,51,24
"S00122732",148,130,18
"S00122733",122,110,12
"S00122734",127,107,20
"S00122735",101,77,24
"S00122736",99,90,9
"S00122737",97,85,12
"S00122738",153,128,25
"S00122739",65,55,10
"S00122740",70,62,8
"S00122741",111,100,11
"S00122742",104,76,28
"S00122743",62,49,13
"S00122744",115,75,40
"S00122745",94,67,27
"S00122746",60,43,17
"S00122747",121,82,39
"S00122748",76,64,12
"S00122749",84,58,26
"S00122750",140,104,36
"S00122751",76,51,25
"S00122752",111,84,27
"S00122753",60,42,18
"S00122754",173,127,46
"S00122755",67,58,9
"S00122756",74,66,8
"S00122757",142,116,26
"S00122758",81,49,32
"S00122759",102,87,15
"S00122760",123,112,11
"S00122761",183,159,24
"S00122762",190,161,29
"S00122763",179,148,31
"S00122764",150,133,17
"S00122765",191,168,23
"S00122766",182,153,29
"S00122767",178,153,25
"S00122768",167,141,26
"S00122769",88,64,24
"S00122770",104,88,16
"S00122771",113,94,19
"S00122772",166,144,22
"S00122773",121,100,21
"S00122774",163,144,19
"S00122775",102,90,12
"S00122776",89,79,10
"S00122777",81,71,10
"S00122778",127,115,12
"S00122779",113,90,23
"S00122780",63,53,10
"S00122781",116,91,25
"S00122782",113,97,16
"S00122783",150,119,31
"S00122784",124,106,18
"S00122785",114,92,22
"S00122786",102,87,15
"S00122787",64,56,8
"S00122788",139,117,22
"S00122789",69,60,9
"S00122790",109,88,21
"S00122791",59,42,17
"S00122792",138,130,8
"S00122793",128,118,10
"S00122794",116,99,17
"S00122795",79,61,18
"S00122796",96,80,16
"S00122797",135,114,21
"S00122798",142,117,25
"S00122799",89,73,16
"S00122800",61,42,19
"S00122801",92,68,24
"S00122802",83,71,12
"S00122803",116,109,7
"S00122804",73,59,14
"S00122805",68,47,21
"S00122806",87,74,13
"S00122807",82,72,10
"S00122808",102,82,20
"S00122809",76,64,12
"S00122810",114,96,18
"S00122811",58,47,11
"S00122812",102,94,8
"S00122813",91,57,34
"S00122814",63,48,15
"S00122815",154,128,26
"S00122816",165,147,18
"S00122817",95,90,5
"S00122818",67,55,12
"S00122819",113,103,10
"S00122820",138,116,22
"S00122821",84,74,10
"S00122822",95,71,24
"S00122823",87,84,3
"S00122824",184,175,9
"S00122825",139,118,21
"S00122826",55,44,11
"S00122827",64,49,15
"S00122828",115,99,16
"S00122829",68,60,8
"S00122830",179,156,23
"S00122831",115,92,23
"S00122832",115,95,20
"S00122833",112,99,13
"S00122834",79,73,6
"S00122835",109,88,21
"S00122836",85,73,12
"S00122837",61,48,13
"S00122838",99,85,14
"S00122839",104,75,29
"S00122840",85,70,15
"S00122841",218,203,15
"S00122842",89,76,13
"S00122843",71,49,22
"S00122844",83,69,14
"S00122845",132,50,82
"S00122846",128,123,5
"S00122847",264,255,9
"S00122848",129,105,24
"S00122849",88,71,17
"S00122850",223,215,8
"S00122851",110,83,27
"S00122852",81,67,14
"S00122853",113,86,27
"S00122854",79,52,27
"S00122855",64,52,12
"S00122856",113,96,17
"S00122857",97,80,17
"S00122858",102,82,20
"S00122859",108,73,35
"S00122860",101,71,30
"S00122861",97,70,27
"S00122862",67,56,11
"S00122863",65,49,16
"S00122864",83,59,24
"S00122865",91,65,26
"S00122866",104,81,23
"S00122867",54,38,16
"S00122868",59,46,13
"S00122869",70,56,14
"S00122870",60,37,23
"S00122871",80,55,25
"S00122872",158,128,30
"S00122873",167,154,13
"S00122874",68,66,2
"S00122875",99,82,17
"S00122876",77,64,13
"S00122877",80,74,6
"S00122878",110,100,10
"S00122879",74,64,10
"S00122880",71,52,19
"S00122881",141,122,19
"S00122882",217,99,118
"S00122883",140,116,24
"S00122884",83,51,32
"S00122885",67,61,6
"S00122886",167,141,26
"S00122887",122,94,28
"S00122888",114,94,20
"S00122889",150,116,34
"S00122890",50,39,11
"S00122891",145,115,30
"S00122892",66,51,15
"S00122893",102,93,9
"S00122894",110,97,13
"S00122895",64,52,12
"S00122896",114,86,28
"S00122897",157,129,28
"S00122898",71,58,13
"S00122899",76,55,21
"S00122900",172,143,29
"S00122901",68,54,14
"S00122902",128,106,22
"S00122903",62,58,4
"S00122904",122,103,19
"S00122905",94,66,28
"S00122906",57,44,13
"S00122907",82,70,12
"S00122908",178,149,29
"S00122909",165,124,41
"S00122910",80,69,11
"S00122911",81,74,7
"S00122912",231,215,16
"S00122913",149,127,22
"S00122914",149,133,16
"S00122915",159,155,4
"S00122916",170,157,13
"S00122917",182,173,9
"S00122918",171,153,18
"S00122919",123,114,9
"S00122920",134,124,10
"S00122921",177,152,25
"S00122922",125,118,7
"S00122923",97,81,16
"S00122924",109,81,28
"S00122925",53,44,9
"S00122926",97,71,26
"S00122927",89,71,18
"S00122928",68,38,30
"S00122929",69,47,22
"S00122930",124,93,31
"S00122931",84,75,9
"S00122932",203,181,22
"S00122933",88,81,7
"S00122934",165,154,11
"S00122935",198,187,11
"S00122936",92,72,20
"S00122937",121,96,25
"S00122938",71,60,11
"S00122939",109,92,17
"S00122940",95,58,37
"S00122941",71,56,15
"S00122942",165,126,39
"S00122943",217,191,26
"S00122944",136,127,9
"S00122945",182,176,6
"S00122946",160,149,11
"S00122947",50,21,29
"S00122948",98,59,39
"S00122949",128,103,25
"S00122950",99,73,26
"S00122951",113,95,18
"S00122952",130,121,9
"S00122953",111,88,23
"S00122954",149,97,52
"S00122955",97,75,22
"S00122956",95,77,18
"S00122957",61,48,13
"S00122958",69,43,26
"S00122959",84,72,12
"S00122960",83,68,15
"S00122961",63,47,16
"S00122962",135,82,53
"S00122963",99,83,16
"S00122964",86,66,20
"S00122965",138,113,25
"S00122966",53,37,16
"S00122967",141,103,38
"S00122968",68,50,18
"S00122969",122,97,25
"S00122970",116,98,18
"S00122971",102,83,19
"S00122972",158,141,17
"S00122973",177,156,21
"S00122974",76,60,16
"S00122975",126,102,24
"S00122976",124,119,5
"S00122977",132,116,16
"S00122978",122,104,18
"S00122979",122,104,18
"S00122980",87,65,22
"S00122981",78,44,34
"S00122982",131,105,26
"S00122983",109,86,23
"S00122984",113,106,7
"S00122985",82,57,25
"S00122986",66,55,11
"S00122987",114,80,34
"S00122988",77,41,36
"S00122989",91,73,18
"S00122990",69,55,14
"S00122991",68,34,34
"S00122992",84,62,22
"S00122993",57,39,18
"S00122994",80,60,20
"S00122995",105,85,20
"S00122996",176,109,67
"S00122997",111,95,16
"S00122998",150,123,27
"S00122999",60,51,9
"S00123000",86,69,17
"S00123001",133,108,25
"S00123002",140,131,9
"S00123003",145,135,10
"S00123004",212,201,11
"S00123005",172,157,15
"S00123006",105,83,22
"S00123007",69,60,9
"S00123008",94,75,19
"S00123009",124,97,27
"S00123010",153,103,50
"S00123011",198,92,106
"S00123012",58,43,15
"S00123013",186,153,33
"S00123014",96,80,16
"S00123015",100,58,42
"S00123016",92,72,20
"S00123017",172,131,41
"S00123018",117,87,30
"S00123019",99,88,11
"S00123020",156,134,22
"S00123021",75,64,11
"S00123022",139,116,23
"S00123023",68,54,14
"S00123024",114,103,11
"S00123025",83,71,12
"S00123026",138,76,62
"S00123027",136,117,19
"S00123028",166,143,23
"S00123029",134,97,37
"S00123030",135,107,28
"S00123031",136,116,20
"S00123032",67,54,13
"S00123033",96,53,43
"S00123034",132,103,29
"S00123035",148,133,15
"S00123036",118,103,15
"S00123037",100,89,11
"S00123038",141,130,11
"S00123039",100,91,9
"S00123040",138,117,21
"S00123041",129,90,39
"S00123042",140,118,22
"S00123043",64,47,17
"S00123044",185,158,27
"S00123045",184,164,20
"S00123046",112,103,9
"S00123047",62,36,26
"S00123048",71,49,22
"S00123049",90,68,22
"S00123050",58,36,22
"S00123051",95,70,25
"S00123052",131,108,23
"S00123053",129,113,16
"S00123054",76,69,7
"S00123055",79,46,33
"S00123056",78,53,25
"S00123057",89,54,35
"S00123058",119,99,20
"S00123059",98,84,14
"S00123060",94,78,16
"S00123061",130,95,35
"S00123062",85,53,32
"S00123063",66,38,28
"S00123064",54,45,9
"S00123065",109,88,21
"S00123066",71,57,14
"S00123067",78,59,19
"S00123068",113,70,43
"S00123069",122,96,26
"S00123070",139,126,13
"S00123071",89,64,25
"S00123072",56,26,30
"S00123073",120,75,45
"S00123074",102,88,14
"S00123075",188,167,21
"S00123076",171,132,39
"S00123077",113,57,56
"S00123078",103,77,26
"S00123079",143,126,17
"S00123080",133,93,40
"S00123081",62,54,8
"S00123082",144,137,7
"S00123083",187,175,12
"S00123084",125,98,27
"S00123085",153,122,31
"S00123086",120,75,45
"S00123087",194,176,18
"S00123088",106,99,7
"S00123089",165,154,11
"S00123090",159,142,17
"S00123091",180,167,13
"S00123092",151,141,10
"S00123093",174,134,40
"S00123094",128,93,35
"S00123095",183,172,11
"S00123096",215,205,10
"S00123097",153,145,8
"S00123098",170,154,16
"S00123099",155,134,21
"S00123100",67,61,6
"S00123101",129,119,10
"S00123102",154,145,9
"S00123103",175,168,7
"S00123104",159,154,5
"S00123105",54,40,14
"S00123106",84,49,35
"S00123107",91,70,21
"S00123108",74,53,21
"S00123109",130,114,16
"S00123110",110,84,26
"S00123111",123,101,22
"S00123112",183,158,25
"S00123113",147,124,23
"S00123114",144,127,17
"S00123115",70,59,11
"S00123116",88,73,15
"S00123117",113,93,20
"S00123118",115,85,30
"S00123119",180,162,18
"S00123120",67,49,18
"S00123121",133,104,29
"S00123122",120,91,29
"S00123123",114,81,33
"S00123124",155,145,10
"S00123125",196,185,11
"S00123126",85,62,23
"S00123127",170,163,7
"S00123128",170,165,5
"S00123129",139,101,38
"S00123130",119,103,16
"S00123131",142,123,19
"S00123132",181,165,16
"S00123133",113,99,14
"S00123134",122,106,16
"S00123135",116,103,13
"S00123136",123,108,15
"S00123137",119,105,14
"S00123138",77,61,16
"S00123139",158,116,42
"S00123140",83,73,10
"S00123141",142,122,20
"S00123142",115,99,16
"S00123143",130,107,23
"S00123144",98,75,23
"S00123145",137,118,19
"S00123146",155,124,31
"S00123147",192,128,64
"S00123148",130,96,34
"S00123149",110,83,27
"S00123150",83,65,18
"S00123151",113,73,40
"S00123152",112,82,30
"S00123153",120,92,28
"S00123154",96,70,26
"S00123155",175,140,35
"S00123156",95,75,20
"S00123157",114,94,20
"S00123158",92,68,24
"S00123159",71,46,25
"S00123160",99,71,28
"S00123161",100,82,18
"S00123162",115,93,22
"S00123163",118,103,15
"S00123164",102,63,39
"S00123165",171,153,18
"S00123166",103,89,14
"S00123167",146,127,19
"S00123168",123,107,16
"S00123169",126,120,6
"S00123170",78,66,12
"S00123171",73,55,18
"S00123172",181,143,38
"S00123173",101,67,34
"S00123174",70,59,11
"S00123175",85,53,32
"S00123176",120,100,20
"S00123177",83,57,26
"S00123178",115,95,20
"S00123179",132,82,50
"S00123180",109,95,14
"S00123181",119,88,31
"S00123182",139,119,20
"S00123183",176,142,34
"S00123184",141,123,18
"S00123185",92,60,32
"S00123186",81,72,9
"S00123187",180,144,36
"S00123188",114,93,21
"S00123189",56,48,8
"S00123190",118,78,40
"S00123191",92,60,32
"S00123192",126,101,25
"S00123193",87,65,22
"S00123194",115,91,24
"S00123195",94,60,34
"S00123196",94,67,27
"S00123197",108,83,25
"S00123198",107,78,29
"S00123199",79,59,20
"S00123200",98,67,31
"S00123201",126,96,30
"S00123202",95,66,29
"S00123203",64,45,19
"S00123204",141,123,18
"S00123205",180,135,45
"S00123206",156,117,39
"S00123207",143,109,34
"S00123208",136,101,35
"S00123209",145,120,25
"S00123210",153,140,13
"S00123211",96,86,10
"S00123212",84,66,18
"S00123213",167,124,43
"S00123214",161,149,12
"S00123215",119,89,30
"S00123216",101,91,10
"S00123217",164,159,5
"S00123218",115,109,6
"S00123219",81,74,7
"S00123220",140,134,6
"S00123221",109,97,12
"S00123222",128,104,24
"S00123223",116,105,11
"S00123224",128,113,15
"S00123225",111,97,14
"S00123226",92,81,11
"S00123227",228,217,11
"S00123228",232,222,10
"S00123229",123,119,4
"S00123230",223,213,10
"S00123231",78,74,4
"S00123232",91,76,15
"S00123233",116,96,20
"S00123234",131,119,12
"S00123235",193,177,16
"S00123236",124,103,21
"S00123237",106,98,8
"S00123238",126,120,6
"S00123239",110,85,25
"S00123240",83,69,14
"S00123241",173,165,8
"S00123242",243,223,20
"S00123243",109,97,12
"S00123244",137,120,17
"S00123245",80,66,14
"S00123246",83,74,9
"S00123247",79,47,32
"S00123248",94,68,26
"S00123249",107,70,37
"S00123250",102,70,32
"S00123251",79,57,22
"S00123252",88,81,7
"S00123253",177,157,20
"S00123254",97,83,14
"S00123255",54,46,8
"S00123256",188,172,16
"S00123257",106,96,10
"S00123258",154,142,12
"S00123259",141,120,21
"S00123260",84,46,38
"S00123261",106,70,36
"S00123262",124,101,23
"S00123263",76,66,10
"S00123264",81,57,24
"S00123265",187,168,19
"S00123266",67,58,9
"S00123267",163,150,13
"S00123268",179,169,10
"S00123269",76,69,7
"S00123270",159,113,46
"S00123271",145,115,30
"S00123272",123,83,40
"S00123273",151,114,37
"S00123274",107,99,8
"S00123275",87,73,14
"S00123276",118,112,6
"S00123277",219,205,14
"S00123278",55,45,10
"S00123279",55,46,9
"S00123280",96,68,28
"S00123281",100,77,23
"S00123282",121,88,33
"S00123283",265,250,15
"S00123284",166,153,13
"S00123285",216,209,7
"S00123286",165,157,8
"S00123287",193,172,21
"S00123288",142,135,7
"S00123289",200,186,14
"S00123290",146,109,37
"S00123291",177,163,14
"S00123292",103,98,5
"S00123293",186,175,11
"S00123294",176,149,27
"S00123295",215,205,10
"S00123296",150,137,13
"S00123297",165,158,7
"S00123298",137,120,17
"S00123299",121,102,19
"S00123300",94,83,11
"S00123301",145,131,14
"S00123302",153,144,9
"S00123303",99,88,11
"S00123304",106,79,27
"S00123305",78,65,13
"S00123306",164,155,9
"S00123307",69,53,16
"S00123308",103,85,18
"S00123309",124,103,21
"S00123310",124,106,18
"S00123311",153,143,10
"S00123312",125,93,32
"S00123313",59,30,29
"S00123314",169,158,11
"S00123315",127,113,14
"S00123316",193,155,38
"S00123317",206,183,23
"S00123318",122,111,11
"S00123319",117,100,17
"S00123320",102,84,18
"S00123321",143,122,21
"S00123322",93,75,18
"S00123323",104,90,14
"S00123324",63,56,7
"S00123325",149,109,40
"S00123326",96,68,28
"S00123327",102,78,24
"S00123328",107,90,17
"S00123329",53,40,13
"S00123330",86,30,56
"S00123331",93,60,33
"S00123332",102,71,31
"S00123333",94,51,43
"S00123334",112,73,39
"S00123335",168,124,44
"S00123336",119,76,43
"S00123337",147,111,36
"S00123338",114,81,33
"S00123339",183,154,29
"S00123340",88,78,10
"S00123341",163,141,22
"S00123342",63,32,31
"S00123343",64,42,22
"S00123344",193,174,19
"S00123345",83,55,28
"S00123346",77,49,28
"S00123347",78,63,15
"S00123348",82,59,23
"S00123349",104,83,21
"S00123350",105,77,28
"S00123351",133,104,29
"S00123352",87,62,25
"S00123353",107,78,29
"S00123354",159,117,42
"S00123355",103,65,38
"S00123356",102,83,19
"S00123357",119,107,12
"S00123358",171,150,21
"S00123359",134,110,24
"S00123360",125,84,41
"S00123361",138,104,34
"S00123362",128,96,32
"S00123363",134,102,32
"S00123364",121,78,43
"S00123365",84,61,23
"S00123366",117,93,24
"S00123367",127,90,37
"S00123368",71,64,7
"S00123369",140,110,30
"S00123370",190,116,74
"S00123371",54,37,17
"S00123372",111,102,9
"S00123373",117,93,24
"S00123374",108,98,10
"S00123375",195,160,35
"S00123376",142,110,32
"S00123377",120,92,28
"S00123378",53,39,14
"S00123379",107,77,30
"S00123380",124,76,48
"S00123381",121,88,33
"S00123382",143,114,29
"S00123383",83,62,21
"S00123384",124,92,32
"S00123385",179,140,39
"S00123386",147,121,26
"S00123387",87,68,19
"S00123388",89,59,30
"S00123389",116,85,31
"S00123390",85,64,21
"S00123391",85,59,26
"S00123392",64,48,16
"S00123393",66,36,30
"S00123394",68,30,38
"S00123395",73,53,20
"S00123396",128,113,15
"S00123397",106,80,26
"S00123398",100,83,17
"S00123399",106,87,19
"S00123400",162,119,43
"S00123401",156,120,36
"S00123402",180,132,48
"S00123403",144,114,30
"S00123404",116,95,21
"S00123405",86,63,23
"S00123406",165,78,87
"S00123407",113,86,27
"S00123408",91,61,30
"S00123409",102,63,39
"S00123410",136,106,30
"S00123411",101,75,26
"S00123412",80,57,23
"S00123413",102,81,21
"S00123414",134,110,24
"S00123415",76,55,21
"S00123416",99,80,19
"S00123417",106,87,19
"S00123418",163,126,37
"S00123419",163,105,58
"S00123420",105,80,25
"S00123421",126,97,29
"S00123422",149,104,45
"S00123423",128,116,12
"S00123424",202,178,24
"S00123425",101,74,27
"S00123426",112,83,29
"S00123427",160,122,38
"S00123428",119,84,35
"S00123429",80,55,25
"S00123430",120,76,44
"S00123431",134,99,35
"S00123432",118,91,27
"S00123433",126,106,20
"S00123434",103,69,34
"S00123435",151,111,40
"S00123436",161,115,46
"S00123437",124,105,19
"S00123438",111,77,34
"S00123439",106,77,29
"S00123440",202,161,41
"S00123441",158,121,37
"S00123442",180,139,41
"S00123443",111,81,30
"S00123444",167,134,33
"S00123445",143,122,21
"S00123446",162,131,31
"S00123447",128,100,28
"S00123448",185,168,17
"S00123449",165,133,32
"S00123450",151,108,43
"S00123451",154,129,25
"S00123452",141,116,25
"S00123453",188,153,35
"S00123454",208,181,27
"S00123455",128,116,12
"S00123456",121,97,24
"S00123457",92,72,20
"S00123458",152,126,26
"S00123459",98,76,22
"S00123460",153,121,32
"S00123461",96,81,15
"S00123462",190,139,51
"S00123463",133,103,30
"S00123464",140,110,30
"S00123465",134,99,35
"S00123466",110,89,21
"S00123467",110,74,36
"S00123468",142,112,30
"S00123469",110,85,25
"S00123470",147,107,40
"S00123471",104,87,17
"S00123472",115,87,28
"S00123473",104,92,12
"S00123474",72,27,45
"S00123475",61,48,13
"S00123476",103,77,26
"S00123477",76,58,18
"S00123478",75,49,26
"S00123479",89,68,21
"S00123480",111,89,22
"S00123481",95,64,31
"S00123482",90,66,24
"S00123483",85,74,11
"S00123484",57,45,12
"S00123485",158,144,14
"S00123486",100,90,10
"S00123487",101,80,21
"S00123488",147,127,20
"S00123489",107,85,22
"S00123490",176,155,21
"S00123491",113,88,25
"S00123492",99,83,16
"S00123493",104,80,24
"S00123494",113,74,39
"S00123495",128,107,21
"S00123496",98,63,35
"S00123497",160,127,33
"S00123498",147,117,30
"S00123499",75,17,58
"S00123500",135,119,16
"S00123501",163,139,24
"S00123502",116,104,12
"S00123503",140,106,34
"S00123504",110,95,15
"S00123505",92,66,26
"S00123506",94,80,14
"S00123507",146,118,28
"S00123508",98,74,24
"S00123509",127,109,18
"S00123510",74,51,23
"S00123511",89,68,21
"S00123512",117,88,29
"S00123513",107,92,15
"S00123514",177,155,22
"S00123515",104,93,11
"S00123516",146,107,39
"S00123517",125,85,40
"S00123518",127,103,24
"S00123519",151,116,35
"S00123520",81,54,27
"S00123521",111,89,22
"S00123522",68,52,16
"S00123523",65,44,21
"S00123524",71,47,24
"S00123525",91,84,7
"S00123526",102,53,49
"S00123527",122,101,21
"S00123528",137,99,38
"S00123529",108,70,38
"S00123530",73,58,15
"S00123531",95,64,31
"S00123532",95,66,29
"S00123533",88,56,32
"S00123534",70,47,23
"S00123535",108,85,23
"S00123536",62,44,18
"S00123537",77,56,21
"S00123538",100,72,28
"S00123539",186,153,33
"S00123540",135,104,31
"S00123541",90,61,29
"S00123542",136,105,31
"S00123543",153,115,38
"S00123544",161,123,38
"S00123545",112,89,23
"S00123546",143,107,36
"S00123547",119,81,38
"S00123548",91,72,19
"S00123549",135,109,26
"S00123550",104,84,20
"S00123551",100,80,20
"S00123552",96,72,24
"S00123553",95,66,29
"S00123554",94,73,21
"S00123555",104,77,27
"S00123556",84,54,30
"S00123557",120,93,27
"S00123558",87,55,32
"S00123559",178,144,34
"S00123560",110,92,18
"S00123561",95,71,24
"S00123562",102,81,21
"S00123563",81,59,22
"S00123564",72,52,20
"S00123565",129,97,32
"S00123566",64,45,19
"S00123567",93,78,15
"S00123568",99,66,33
"S00123569",155,108,47
"S00123570",112,83,29
"S00123571",103,75,28
"S00123572",94,70,24
"S00123573",86,59,27
"S00123574",166,114,52
"S00123575",169,133,36
"S00123576",141,119,22
"S00123577",104,91,13
"S00123578",213,173,40
"S00123579",117,82,35
"S00123580",174,131,43
"S00123581",106,64,42
"S00123582",139,120,19
"S00123583",62,49,13
"S00123584",121,94,27
"S00123585",95,78,17
"S00123586",132,96,36
"S00123587",101,80,21
"S00123588",102,79,23
"S00123589",138,110,28
"S00123590",149,107,42
"S00123591",67,50,17
"S00123592",63,39,24
"S00123593",143,114,29
"S00123594",81,66,15
"S00123595",93,57,36
"S00123596",122,95,27
"S00123597",65,51,14
"S00123598",141,106,35
"S00123599",85,66,19
"S00123600",142,109,33
"S00123601",219,163,56
"S00123602",165,112,53
"S00123603",126,103,23
"S00123604",91,58,33
"S00123605",146,115,31
"S00123606",94,65,29
"S00123607",135,112,23
"S00123608",68,37,31
"S00123609",73,59,14
"S00123610",91,81,10
"S00123611",165,145,20
"S00123612",163,120,43
"S00123613",199,179,20
"S00123614",132,96,36
"S00123615",104,88,16
"S00123616",105,82,23
"S00123617",98,72,26
"S00123618",124,88,36
"S00123619",156,119,37
"S00123620",125,98,27
"S00123621",98,86,12
"S00123622",90,79,11
"S00123623",104,61,43
"S00123624",129,90,39
"S00123625",104,74,30
"S00123626",185,155,30
"S00123627",131,107,24
"S00123628",146,116,30
"S00123629",139,112,27
"S00123630",158,127,31
"S00123631",136,94,42
"S00123632",159,120,39
"S00123633",88,63,25
"S00123634",86,58,28
"S00123635",159,124,35
"S00123636",133,101,32
"S00123637",92,67,25
"S00123638",163,123,40
"S00123639",94,62,32
"S00123640",99,74,25
"S00123641",173,132,41
"S00123642",185,144,41
"S00123643",198,173,25
"S00123644",102,72,30
"S00123645",88,65,23
"S00123646",85,68,17
"S00123647",159,114,45
"S00123648",90,68,22
"S00123649",159,127,32
"S00123650",174,146,28
"S00123651",171,130,41
"S00123652",75,56,19
"S00123653",128,120,8
"S00123654",107,84,23
"S00123655",104,82,22
"S00123656",132,99,33
"S00123657",98,71,27
"S00123658",111,80,31
"S00123659",154,117,37
"S00123660",97,72,25
"S00123661",164,133,31
"S00123662",140,95,45
"S00123663",110,72,38
"S00123664",122,90,32
"S00123665",81,57,24
"S00123666",143,118,25
"S00123667",75,63,12
"S00123668",126,110,16
"S00123669",111,85,26
"S00123670",187,151,36
"S00123671",126,99,27
"S00123672",111,86,25
"S00123673",141,106,35
"S00123674",105,79,26
"S00123675",160,118,42
"S00123676",123,92,31
"S00123677",104,78,26
"S00123678",104,63,41
"S00123679",149,121,28
"S00123680",115,82,33
"S00123681",184,145,39
"S00123682",96,87,9
"S00123683",88,61,27
"S00123684",108,68,40
"S00123685",95,50,45
"S00123686",107,79,28
"S00123687",107,82,25
"S00123688",133,86,47
"S00123689",109,69,40
"S00123690",103,75,28
"S00123691",145,98,47
"S00123692",198,182,16
"S00123693",154,122,32
"S00123694",109,97,12
"S00123695",196,153,43
"S00123696",129,108,21
"S00123697",84,63,21
"S00123698",142,103,39
"S00123699",88,57,31
"S00123700",114,87,27
"S00123701",123,97,26
"S00123702",91,62,29
"S00123703",123,94,29
"S00123704",66,48,18
"S00123705",156,150,6
"S00123706",91,84,7
"S00123707",89,67,22
"S00123708",105,82,23
"S00123709",168,135,33
"S00123710",97,62,35
"S00123711",86,73,13
"S00123712",64,39,25
"S00123713",81,63,18
"S00123714",140,112,28
"S00123715",136,107,29
"S00123716",112,102,10
"S00123717",96,69,27
"S00123718",93,79,14
"S00123719",111,92,19
"S00123720",168,134,34
"S00123721",148,103,45
"S00123722",105,72,33
"S00123723",62,46,16
"S00123724",127,91,36
"S00123725",96,80,16
"S00123726",84,56,28
"S00123727",172,126,46
"S00123728",147,112,35
"S00123729",84,51,33
"S00123730",117,91,26
"S00123731",88,66,22
"S00123732",153,114,39
"S00123733",141,106,35
"S00123734",179,155,24
"S00123735",129,107,22
"S00123736",136,110,26
"S00123737",129,109,20
"S00123738",123,110,13
"S00123739",67,57,10
"S00123740",147,125,22
"S00123741",165,149,16
"S00123742",157,123,34
"S00123743",93,76,17
"S00123744",143,119,24
"S00123745",117,92,25
"S00123746",155,121,34
"S00123747",128,105,23
"S00123748",141,128,13
"S00123749",98,86,12
"S00123750",71,57,14
"S00123751",72,50,22
"S00123752",74,50,24
"S00123753",62,50,12
"S00123754",110,89,21
"S00123755",93,68,25
"S00123756",111,80,31
"S00123757",150,115,35
"S00123758",159,113,46
"S00123759",200,188,12
"S00123760",70,50,20
"S00123761",162,112,50
"S00123762",167,145,22
"S00123763",105,65,40
"S00123764",68,37,31
"S00123765",79,59,20
"S00123766",80,17,63
"S00123767",140,120,20
"S00123768",164,125,39
"S00123769",93,60,33
"S00123770",160,141,19
"S00123771",218,108,110
"S00123772",147,121,26
"S00123773",127,109,18
"S00123774",151,111,40
"S00123775",164,122,42
"S00123776",141,105,36
"S00123777",146,106,40
"S00123778",140,103,37
"S00123779",148,106,42
"S00123780",54,46,8
"S00123781",107,69,38
"S00123782",65,42,23
"S00123783",136,110,26
"S00123784",63,50,13
"S00123785",132,109,23
"S00123786",124,95,29
"S00123787",99,72,27
"S00123788",95,63,32
"S00123789",160,119,41
"S00123790",178,144,34
"S00123791",135,109,26
"S00123792",103,70,33
"S00123793",120,82,38
"S00123794",116,90,26
"S00123795",103,67,36
"S00123796",83,51,32
"S00123797",65,36,29
"S00123798",60,44,16
"S00123799",183,137,46
"S00123800",172,128,44
"S00123801",108,91,17
"S00123802",130,101,29
"S00123803",129,106,23
"S00123804",147,117,30
"S00123805",169,129,40
"S00123806",163,118,45
"S00123807",135,101,34
"S00123808",165,114,51
"S00123809",139,104,35
"S00123810",71,48,23
"S00123811",148,111,37
"S00123812",160,123,37
"S00123813",125,99,26
"S00123814",55,38,17
"S00123815",75,55,20
"S00123816",74,52,22
"S00123817",140,110,30
"S00123818",114,81,33
"S00123819",100,75,25
"S00123820",60,31,29
"S00123821",104,82,22
"S00123822",184,129,55
"S00123823",96,58,38
"S00123824",158,134,24
"S00123825",165,157,8
"S00123826",95,76,19
"S00123827",90,72,18
"S00123828",71,64,7
"S00123829",82,67,15
"S00123830",111,79,32
"S00123831",116,85,31
"S00123832",105,88,17
"S00123833",145,117,28
"S00123834",99,69,30
"S00123835",146,130,16
"S00123836",51,47,4
"S00123837",75,57,18
"S00123838",81,53,28
"S00123839",83,57,26
"S00123840",88,61,27
"S00123841",92,56,36
"S00123842",135,108,27
"S00123843",118,88,30
"S00123844",118,85,33
"S00123845",116,82,34
"S00123846",87,54,33
"S00123847",80,57,23
"S00123848",128,96,32
"S00123849",58,43,15
"S00123850",66,60,6
"S00123851",120,109,11
"S00123852",161,117,44
"S00123853",106,73,33
"S00123854",52,39,13
"S00123855",105,91,14
"S00123856",131,113,18
"S00123857",97,78,19
"S00123858",68,50,18
"S00123859",54,34,20
"S00123860",115,86,29
"S00123861",167,124,43
"S00123862",134,119,15
"S00123863",110,99,11
"S00123864",161,114,47
"S00123865",113,81,32
"S00123866",179,131,48
"S00123867",89,65,24
"S00123868",104,80,24
"S00123869",98,64,34
"S00123870",128,100,28
"S00123871",106,96,10
"S00123872",124,110,14
"S00123873",161,154,7
"S00123874",83,75,8
"S00123875",153,134,19
"S00123876",141,113,28
"S00123877",105,93,12
"S00123878",122,47,75
"S00123879",139,117,22
"S00123880",69,43,26
"S00123881",154,120,34
"S00123882",136,86,50
"S00123883",106,79,27
"S00123884",70,54,16
"S00123885",192,139,53
"S00123886",117,79,38
"S00123887",124,82,42
"S00123888",142,107,35
"S00123889",90,76,14
"S00123890",57,41,16
"S00123891",94,61,33
"S00123892",166,128,38
"S00123893",194,146,48
"S00123894",160,108,52
"S00123895",130,88,42
"S00123896",93,66,27
"S00123897",113,82,31
"S00123898",94,70,24
"S00123899",144,119,25
"S00123900",115,81,34
"S00123901",99,72,27
"S00123902",58,33,25
"S00123903",69,32,37
"S00123904",55,33,22
"S00123905",95,66,29
"S00123906",63,28,35
"S00123907",83,64,19
"S00123908",112,83,29
"S00123909",142,104,38
"S00123910",96,71,25
"S00123911",104,72,32
"S00123912",90,63,27
"S00123913",93,67,26
"S00123914",125,88,37
"S00123915",119,85,34
"S00123916",55,31,24
"S00123917",108,81,27
"S00123918",67,50,17
"S00123919",110,84,26
"S00123920",93,64,29
"S00123921",63,39,24
"S00123922",51,42,9
"S00123923",52,14,38
"S00123924",116,79,37
"S00123925",69,29,40
"S00123926",154,141,13
"S00123927",141,124,17
"S00123928",87,83,4
"S00123929",171,159,12
"S00123930",138,103,35
"S00123931",167,136,31
"S00123932",116,76,40
"S00123933",73,53,20
"S00123934",130,99,31
"S00123935",84,54,30
"S00123936",111,82,29
"S00123937",127,94,33
"S00123938",105,77,28
"S00123939",178,138,40
"S00123940",135,88,47
"S00123941",183,134,49
"S00123942",161,135,26
"S00123943",81,50,31
"S00123944",99,80,19
"S00123945",112,84,28
"S00123946",129,94,35
"S00123947",149,113,36
"S00123948",178,134,44
"S00123949",159,123,36
"S00123950",98,86,12
"S00123951",108,86,22
"S00123952",115,80,35
"S00123953",132,96,36
"S00123954",140,127,13
"S00123955",123,94,29
"S00123956",69,56,13
"S00123957",117,90,27
"S00123958",137,109,28
"S00123959",127,99,28
"S00123960",174,123,51
"S00123961",157,118,39
"S00123962",131,106,25
"S00123963",115,91,24
"S00123964",134,103,31
"S00123965",79,69,10
"S00123966",101,70,31
"S00123967",95,61,34
"S00123968",119,79,40
"S00123969",106,70,36
"S00123970",151,110,41
"S00123971",141,107,34
"S00123972",73,54,19
"S00123973",171,127,44
"S00123974",126,85,41
"S00123975",108,87,21
"S00123976",96,67,29
"S00123977",105,89,16
"S00123978",273,122,151
"S00123979",161,119,42
"S00123980",114,82,32
"S00123981",127,102,25
"S00123982",115,82,33
"S00123983",167,137,30
"S00123984",145,112,33
"S00123985",189,149,40
"S00123986",134,100,34
"S00123987",190,147,43
"S00123988",103,83,20
"S00123989",137,109,28
"S00123990",108,80,28
"S00123991",139,98,41
"S00123992",125,80,45
"S00123993",60,30,30
"S00123994",67,36,31
"S00123995",136,106,30
"S00123996",69,40,29
"S00123997",66,40,26
"S00123998",137,126,11
"S00123999",130,97,33
"S00124000",116,100,16
"S00124001",128,106,22
"S00124002",138,97,41
"S00124003",89,65,24
"S00124004",143,131,12
"S00124005",232,211,21
"S00124006",88,56,32
"S00124007",108,89,19
"S00124008",67,50,17
"S00124009",85,65,20
"S00124010",138,91,47
"S00124011",80,52,28
"S00124012",109,75,34
"S00124013",100,71,29
"S00124014",84,75,9
"S00124015",104,78,26
"S00124016",138,105,33
"S00124017",116,101,15
"S00124018",131,102,29
"S00124019",117,98,19
"S00124020",182,154,28
"S00124021",115,95,20
"S00124022",127,93,34
"S00124023",105,72,33
"S00124024",144,113,31
"S00124025",126,94,32
"S00124026",114,79,35
"S00124027",163,130,33
"S00124028",175,137,38
"S00124029",85,78,7
"S00124030",88,76,12
"S00124031",102,64,38
"S00124032",74,50,24
"S00124033",70,38,32
"S00124034",80,36,44
"S00124035",130,97,33
"S00124036",120,82,38
"S00124037",132,82,50
"S00124038",93,51,42
"S00124039",113,64,49
"S00124040",85,72,13
"S00124041",97,69,28
"S00124042",79,63,16
"S00124043",65,39,26
"S00124044",129,102,27
"S00124045",96,65,31
"S00124046",90,62,28
"S00124047",84,57,27
"S00124048",103,73,30
"S00124049",72,44,28
"S00124050",115,89,26
"S00124051",116,85,31
"S00124052",117,94,23
"S00124053",99,75,24
"S00124054",80,70,10
"S00124055",105,88,17
"S00124056",88,64,24
"S00124057",93,72,21
"S00124058",89,63,26
"S00124059",105,72,33
"S00124060",113,100,13
"S00124061",97,70,27
"S00124062",84,79,5
"S00124063",80,60,20
"S00124064",158,115,43
"S00124065",91,70,21
"S00124066",61,46,15
"S00124067",90,67,23
"S00124068",55,39,16
"S00124069",168,142,26
"S00124070",58,38,20
"S00124071",149,116,33
"S00124072",155,138,17
"S00124073",151,108,43
"S00124074",114,93,21
"S00124075",142,114,28
"S00124076",143,117,26
"S00124077",91,73,18
"S00124078",165,143,22
"S00124079",69,44,25
"S00124080",62,34,28
"S00124081",98,42,56
"S00124082",136,112,24
"S00124083",118,83,35
"S00124084",83,64,19
"S00124085",67,54,13
"S00124086",126,113,13
"S00124087",149,136,13
"S00124088",77,66,11
"S00124089",107,84,23
"S00124090",80,58,22
"S00124091",81,68,13
"S00124092",161,134,27
"S00124093",75,51,24
"S00124094",76,44,32
"S00124095",79,58,21
"S00124096",89,74,15
"S00124097",68,47,21
"S00124098",101,89,12
"S00124099",121,101,20
"S00124100",71,49,22
"S00124101",108,83,25
"S00124102",174,142,32
"S00124103",117,91,26
"S00124104",57,45,12
"S00124105",105,78,27
"S00124106",165,149,16
"S00124107",106,79,27
"S00124108",66,57,9
"S00124109",118,87,31
"S00124110",129,104,25
"S00124111",125,103,22
"S00124112",109,96,13
"S00124113",98,88,10
"S00124114",130,118,12
"S00124115",142,129,13
"S00124116",105,86,19
"S00124117",171,155,16
"S00124118",100,87,13
"S00124119",105,94,11
"S00124120",104,84,20
"S00124121",117,101,16
"S00124122",111,94,17
"S00124123",133,109,24
"S00124124",169,145,24
"S00124125",87,78,9
"S00124126",122,110,12
"S00124127",154,129,25
"S00124128",104,90,14
"S00124129",152,146,6
"S00124130",115,99,16
"S00124131",103,86,17
"S00124132",119,103,16
"S00124133",114,91,23
"S00124134",111,95,16
"S00124135",116,103,13
"S00124136",68,60,8
"S00124137",50,40,10
"S00124138",89,69,20
"S00124139",98,83,15
"S00124140",88,66,22
"S00124141",85,59,26
"S00124142",119,60,59
"S00124143",83,74,9
"S00124144",128,94,34
"S00124145",103,81,22
"S00124146",122,98,24
"S00124147",170,132,38
"S00124148",117,91,26
"S00124149",200,142,58
"S00124150",165,114,51
"S00124151",121,83,38
"S00124152",127,96,31
"S00124153",113,80,33
"S00124154",182,129,53
"S00124155",123,91,32
"S00124156",120,94,26
"S00124157",111,86,25
"S00124158",113,99,14
"S00124159",147,104,43
"S00124160",95,61,34
"S00124161",102,86,16
"S00124162",146,142,4
"S00124163",135,128,7
"S00124164",165,112,53
"S00124165",72,32,40
"S00124166",88,68,20
"S00124167",219,198,21
"S00124168",153,118,35
"S00124169",118,95,23
"S00124170",121,94,27
"S00124171",128,103,25
"S00124172",90,50,40
"S00124173",96,63,33
"S00124174",128,103,25
"S00124175",182,129,53
"S00124176",149,125,24
"S00124177",118,83,35
"S00124178",127,103,24
"S00124179",95,67,28
"S00124180",94,76,18
"S00124181",189,160,29
"S00124182",152,135,17
"S00124183",108,80,28
"S00124184",149,130,19
"S00124185",94,70,24
"S00124186",75,44,31
"S00124187",85,72,13
"S00124188",87,67,20
"S00124189",114,89,25
"S00124190",108,75,33
"S00124191",106,83,23
"S00124192",78,52,26
"S00124193",68,37,31
"S00124194",68,46,22
"S00124195",139,119,20
"S00124196",106,82,24
"S00124197",122,85,37
"S00124198",160,125,35
"S00124199",127,109,18
"S00124200",193,170,23
"S00124201",128,107,21
"S00124202",84,56,28
"S00124203",102,80,22
"S00124204",133,111,22
"S00124205",78,58,20
"S00124206",111,78,33
"S00124207",219,171,48
"S00124208",177,132,45
"S00124209",183,118,65
"S00124210",176,128,48
"S00124211",175,150,25
"S00124212",164,138,26
"S00124213",87,65,22
"S00124214",156,103,53
"S00124215",108,76,32
"S00124216",93,57,36
"S00124217",91,62,29
"S00124218",104,85,19
"S00124219",84,70,14
"S00124220",86,62,24
"S00124221",91,63,28
"S00124222",98,60,38
"S00124223",116,82,34
"S00124224",138,111,27
"S00124225",122,84,38
"S00124226",81,70,11
"S00124227",146,122,24
"S00124228",151,117,34
"S00124229",151,119,32
"S00124230",159,131,28
"S00124231",144,117,27
"S00124232",149,139,10
"S00124233",168,157,11
"S00124234",96,88,8
"S00124235",92,67,25
"S00124236",117,85,32
"S00124237",81,60,21
"S00124238",113,83,30
"S00124239",115,91,24
"S00124240",148,119,29
"S00124241",109,84,25
"S00124242",143,110,33
"S00124243",144,123,21
"S00124244",189,151,38
"S00124245",137,103,34
"S00124246",105,79,26
"S00124247",132,100,32
"S00124248",122,97,25
"S00124249",141,102,39
"S00124250",100,69,31
"S00124251",101,73,28
"S00124252",123,90,33
"S00124253",116,84,32
"S00124254",68,37,31
"S00124255",158,129,29
"S00124256",174,142,32
"S00124257",173,124,49
"S00124258",157,124,33
"S00124259",110,87,23
"S00124260",115,98,17
"S00124261",82,67,15
"S00124262",134,93,41
"S00124263",191,150,41
"S00124264",139,118,21
"S00124265",161,118,43
"S00124266",146,129,17
"S00124267",125,111,14
"S00124268",177,121,56
"S00124269",54,40,14
"S00124270",66,50,16
"S00124271",143,104,39
"S00124272",125,93,32
"S00124273",147,110,37
"S00124274",127,81,46
"S00124275",145,117,28
"S00124276",78,48,30
"S00124277",87,64,23
"S00124278",102,72,30
"S00124279",112,67,45
"S00124280",82,65,17
"S00124281",135,105,30
"S00124282",69,51,18
"S00124283",59,49,10
"S00124284",89,65,24
"S00124285",87,58,29
"S00124286",61,36,25
"S00124287",137,121,16
"S00124288",81,64,17
"S00124289",112,80,32
"S00124290",127,82,45
"S00124291",171,141,30
"S00124292",119,87,32
"S00124293",151,121,30
"S00124294",131,97,34
"S00124295",145,101,44
"S00124296",98,85,13
"S00124297",112,88,24
"S00124298",142,115,27
"S00124299",102,73,29
"S00124300",102,79,23
"S00124301",128,101,27
"S00124302",75,54,21
"S00124303",89,54,35
"S00124304",171,121,50
"S00124305",120,86,34
"S00124306",112,86,26
"S00124307",103,78,25
"S00124308",145,103,42
"S00124309",125,93,32
"S00124310",77,57,20
"S00124311",102,63,39
"S00124312",55,42,13
"S00124313",271,233,38
"S00124314",64,46,18
"S00124315",147,112,35
"S00124316",123,106,17
"S00124317",116,81,35
"S00124318",124,90,34
"S00124319",130,100,30
"S00124320",114,94,20
"S00124321",165,133,32
"S00124322",119,81,38
"S00124323",126,95,31
"S00124324",85,58,27
"S00124325",118,83,35
"S00124326",108,78,30
"S00124327",117,86,31
"S00124328",110,86,24
"S00124329",116,93,23
"S00124330",112,85,27
"S00124331",119,95,24
"S00124332",100,78,22
"S00124333",117,88,29
"S00124334",128,104,24
"S00124335",126,97,29
"S00124336",136,120,16
"S00124337",123,96,27
"S00124338",98,74,24
"S00124339",142,120,22
"S00124340",120,88,32
"S00124341",110,91,19
"S00124342",179,147,32
"S00124343",159,106,53
"S00124344",118,99,19
"S00124345",115,94,21
"S00124346",132,117,15
"S00124347",78,57,21
"S00124348",163,123,40
"S00124349",193,163,30
"S00124350",162,129,33
"S00124351",119,96,23
"S00124352",127,100,27
"S00124353",182,162,20
"S00124354",127,114,13
"S00124355",121,111,10
"S00124356",93,70,23
"S00124357",131,114,17
"S00124358",128,112,16
"S00124359",101,87,14
"S00124360",53,36,17
"S00124361",91,75,16
"S00124362",110,74,36
"S00124363",114,84,30
"S00124364",88,77,11
"S00124365",82,59,23
"S00124366",111,87,24
"S00124367",125,95,30
"S00124368",94,68,26
"S00124369",113,93,20
"S00124370",183,162,21
"S00124371",67,50,17
"S00124372",86,69,17
"S00124373",152,134,18
"S00124374",149,134,15
"S00124375",173,152,21
"S00124376",138,115,23
"S00124377",116,101,15
"S00124378",121,108,13
"S00124379",123,68,55
"S00124380",122,82,40
"S00124381",79,54,25
"S00124382",144,118,26
"S00124383",136,106,30
"S00124384",99,75,24
"S00124385",70,37,33
"S00124386",104,73,31
"S00124387",70,46,24
"S00124388",81,58,23
"S00124389",109,76,33
"S00124390",79,50,29
"S00124391",120,111,9
"S00124392",138,121,17
"S00124393",162,139,23
"S00124394",60,56,4
"S00124395",103,58,45
"S00124396",52,32,20
"S00124397",89,49,40
"S00124398",153,110,43
"S00124399",118,70,48
"S00124400",153,131,22
"S00124401",125,99,26
"S00124402",72,37,35
"S00124403",69,38,31
"S00124404",75,44,31
"S00124405",184,140,44
"S00124406",71,46,25
"S00124407",105,77,28
"S00124408",93,63,30
"S00124409",125,93,32
"S00124410",176,137,39
"S00124411",153,110,43
"S00124412",95,84,11
"S00124413",97,69,28
"S00124414",134,103,31
"S00124415",98,73,25
"S00124416",98,68,30
"S00124417",154,124,30
"S00124418",87,64,23
"S00124419",193,156,37
"S00124420",214,137,77
"S00124421",112,86,26
"S00124422",136,110,26
"S00124423",88,58,30
"S00124424",71,45,26
"S00124425",118,94,24
"S00124426",147,105,42
"S00124427",113,86,27
"S00124428",144,107,37
"S00124429",89,63,26
"S00124430",159,129,30
"S00124431",66,54,12
"S00124432",72,58,14
"S00124433",77,58,19
"S00124434",118,80,38
"S00124435",93,69,24
"S00124436",90,65,25
"S00124437",101,70,31
"S00124438",100,75,25
"S00124439",135,104,31
"S00124440",112,76,36
"S00124441",84,73,11
"S00124442",80,69,11
"S00124443",114,97,17
"S00124444",74,56,18
"S00124445",99,83,16
"S00124446",99,79,20
"S00124447",96,72,24
"S00124448",94,73,21
"S00124449",157,123,34
"S00124450",100,75,25
"S00124451",106,81,25
"S00124452",79,53,26
"S00124453",113,59,54
"S00124454",147,114,33
"S00124455",109,82,27
"S00124456",90,78,12
"S00124457",101,75,26
"S00124458",98,72,26
"S00124459",140,104,36
"S00124460",105,80,25
"S00124461",85,61,24
"S00124462",99,79,20
"S00124463",120,86,34
"S00124464",131,100,31
"S00124465",156,129,27
"S00124466",96,71,25
"S00124467",77,53,24
"S00124468",132,101,31
"S00124469",67,51,16
"S00124470",174,140,34
"S00124471",128,71,57
"S00124472",66,34,32
"S00124473",107,80,27
"S00124474",100,59,41
"S00124475",87,58,29
"S00124476",56,40,16
"S00124477",69,53,16
"S00124478",113,88,25
"S00124479",198,146,52
"S00124480",134,116,18
"S00124481",109,87,22
"S00124482",84,73,11
"S00124483",93,68,25
"S00124484",105,84,21
"S00124485",158,121,37
"S00124486",152,92,60
"S00124487",108,75,33
"S00124488",123,87,36
"S00124489",104,64,40
"S00124490",58,47,11
"S00124491",134,116,18
"S00124492",102,67,35
"S00124493",95,83,12
"S00124494",109,98,11
"S00124495",139,114,25
"S00124496",122,100,22
"S00124497",137,110,27
"S00124498",126,82,44
"S00124499",63,43,20
"S00124500",104,71,33
"S00124501",149,123,26
"S00124502",124,74,50
"S00124503",140,107,33
"S00124504",78,73,5
"S00124505",92,62,30
"S00124506",141,105,36
"S00124507",113,100,13
"S00124508",75,43,32
"S00124509",131,113,18
"S00124510",106,88,18
"S00124511",117,107,10
"S00124512",193,169,24
"S00124513",105,80,25
"S00124514",145,130,15
"S00124515",109,78,31
"S00124516",68,50,18
"S00124517",88,65,23
"S00124518",171,142,29
"S00124519",165,123,42
"S00124520",130,107,23
"S00124521",111,83,28
"S00124522",107,72,35
"S00124523",72,51,21
"S00124524",138,121,17
"S00124525",143,106,37
"S00124526",118,87,31
"S00124527",87,64,23
"S00124528",93,68,25
"S00124529",91,62,29
"S00124530",79,61,18
"S00124531",161,131,30
"S00124532",109,86,23
"S00124533",110,85,25
"S00124534",176,142,34
"S00124535",128,109,19
"S00124536",124,94,30
"S00124537",116,94,22
"S00124538",95,84,11
"S00124539",138,112,26
"S00124540",117,81,36
"S00124541",129,107,22
"S00124542",87,62,25
"S00124543",124,103,21
"S00124544",107,82,25
"S00124545",103,80,23
"S00124546",114,89,25
"S00124547",68,52,16
"S00124548",120,90,30
"S00124549",110,77,33
"S00124550",72,44,28
"S00124551",140,105,35
"S00124552",176,83,93
"S00124553",142,114,28
"S00124554",124,84,40
"S00124555",143,131,12
"S00124556",136,83,53
"S00124557",111,74,37
"S00124558",119,85,34
"S00124559",175,133,42
"S00124560",177,168,9
"S00124561",106,82,24
"S00124562",159,144,15
"S00124563",87,65,22
"S00124564",81,62,19
"S00124565",60,30,30
"S00124566",79,62,17
"S00124567",86,44,42
"S00124568",108,80,28
"S00124569",124,93,31
"S00124570",100,68,32
"S00124571",151,111,40
"S00124572",151,129,22
"S00124573",101,78,23
"S00124574",144,118,26
"S00124575",132,103,29
"S00124576",159,126,33
"S00124577",174,127,47
"S00124578",143,94,49
"S00124579",94,64,30
"S00124580",108,79,29
"S00124581",115,88,27
"S00124582",58,36,22
"S00124583",52,30,22
"S00124584",135,91,44
"S00124585",160,118,42
"S00124586",116,87,29
"S00124587",67,55,12
"S00124588",127,103,24
"S00124589",140,116,24
"S00124590",87,61,26
"S00124591",79,64,15
"S00124592",131,104,27
"S00124593",82,70,12
"S00124594",109,97,12
"S00124595",124,91,33
"S00124596",139,110,29
"S00124597",126,101,25
"S00124598",87,68,19
"S00124599",117,91,26
"S00124600",131,104,27
"S00124601",119,91,28
"S00124602",129,98,31
"S00124603",99,74,25
"S00124604",125,79,46
"S00124605",108,101,7
"S00124606",160,117,43
"S00124607",132,98,34
"S00124608",59,40,19
"S00124609",105,66,39
"S00124610",179,147,32
"S00124611",144,96,48
"S00124612",65,38,27
"S00124613",89,70,19
"S00124614",163,127,36
"S00124615",149,123,26
"S00124616",102,89,13
"S00124617",68,53,15
"S00124618",177,150,27
"S00124619",115,92,23
"S00124620",132,98,34
"S00124621",116,97,19
"S00124622",86,64,22
"S00124623",104,74,30
"S00124624",152,133,19
"S00124625",111,70,41
"S00124626",83,50,33
"S00124627",103,73,30
"S00124628",139,91,48
"S00124629",119,89,30
"S00124630",91,80,11
"S00124631",182,150,32
"S00124632",96,63,33
"S00124633",142,126,16
"S00124634",122,100,22
"S00124635",121,80,41
"S00124636",101,75,26
"S00124637",63,57,6
"S00124638",201,166,35
"S00124639",107,76,31
"S00124640",113,90,23
"S00124641",85,64,21
"S00124642",62,45,17
"S00124643",76,52,24
"S00124644",89,55,34
"S00124645",137,92,45
"S00124646",90,70,20
"S00124647",117,90,27
"S00124648",150,117,33
"S00124649",150,107,43
"S00124650",80,50,30
"S00124651",107,86,21
"S00124652",69,42,27
"S00124653",78,60,18
"S00124654",104,78,26
"S00124655",107,75,32
"S00124656",78,65,13
"S00124657",111,89,22
"S00124658",172,145,27
"S00124659",88,69,19
"S00124660",154,133,21
"S00124661",139,119,20
"S00124662",92,64,28
"S00124663",120,86,34
"S00124664",140,101,39
"S00124665",162,111,51
"S00124666",206,159,47
"S00124667",158,114,44
"S00124668",94,65,29
"S00124669",123,77,46
"S00124670",90,59,31
"S00124671",130,102,28
"S00124672",200,173,27
"S00124673",90,63,27
"S00124674",156,115,41
"S00124675",138,93,45
"S00124676",154,105,49
"S00124677",108,86,22
"S00124678",78,60,18
"S00124679",118,85,33
"S00124680",87,53,34
"S00124681",93,62,31
"S00124682",149,102,47
"S00124683",85,52,33
"S00124684",160,116,44
"S00124685",104,70,34
"S00124686",115,80,35
"S00124687",150,107,43
"S00124688",121,99,22
"S00124689",67,51,16
"S00124690",109,77,32
"S00124691",171,123,48
"S00124692",128,83,45
"S00124693",146,119,27
"S00124694",51,44,7
"S00124695",79,56,23
"S00124696",109,90,19
"S00124697",118,83,35
"S00124698",122,95,27
"S00124699",156,117,39
"S00124700",139,104,35
"S00124701",142,102,40
"S00124702",155,126,29
"S00124703",140,109,31
"S00124704",138,79,59
"S00124705",138,97,41
"S00124706",95,68,27
"S00124707",93,68,25
"S00124708",128,103,25
"S00124709",158,114,44
"S00124710",71,62,9
"S00124711",179,141,38
"S00124712",154,114,40
"S00124713",175,143,32
"S00124714",139,122,17
"S00124715",123,105,18
"S00124716",147,117,30
"S00124717",110,94,16
"S00124718",176,140,36
"S00124719",147,137,10
"S00124720",151,125,26
"S00124721",140,88,52
"S00124722",159,120,39
"S00124723",145,113,32
"S00124724",112,90,22
"S00124725",81,59,22
"S00124726",234,204,30
"S00124727",108,75,33
"S00124728",115,85,30
"S00124729",165,116,49
"S00124730",144,106,38
"S00124731",215,165,50
"S00124732",159,115,44
"S00124733",94,50,44
"S00124734",198,152,46
"S00124735",141,95,46
"S00124736",152,120,32
"S00124737",92,75,17
"S00124738",84,55,29
"S00124739",104,79,25
"S00124740",126,106,20
"S00124741",184,133,51
"S00124742",118,86,32
"S00124743",159,125,34
"S00124744",153,122,31
"S00124745",140,116,24
"S00124746",136,122,14
"S00124747",118,94,24
"S00124748",91,71,20
"S00124749",147,124,23
"S00124750",119,99,20
"S00124751",144,128,16
"S00124752",106,88,18
"S00124753",83,61,22
"S00124754",66,52,14
"S00124755",98,83,15
"S00124756",129,102,27
"S00124757",103,72,31
"S00124758",142,110,32
"S00124759",131,99,32
"S00124760",97,83,14
"S00124761",94,70,24
"S00124762",83,43,40
"S00124763",91,61,30
"S00124764",59,33,26
"S00124765",63,39,24
"S00124766",92,72,20
"S00124767",89,56,33
"S00124768",108,75,33
"S00124769",82,59,23
"S00124770",177,147,30
"S00124771",84,65,19
"S00124772",79,53,26
"S00124773",131,113,18
"S00124774",60,39,21
"S00124775",63,38,25
"S00124776",79,59,20
"S00124777",53,40,13
"S00124778",64,43,21
"S00124779",70,52,18
"S00124780",195,127,68
"S00124781",58,30,28
"S00124782",122,87,35
"S00124783",54,48,6
"S00124784",116,89,27
"S00124785",145,116,29
"S00124786",105,88,17
"S00124787",144,112,32
"S00124788",122,96,26
"S00124789",61,38,23
"S00124790",101,73,28
"S00124791",149,112,37
"S00124792",128,99,29
"S00124793",119,90,29
"S00124794",98,60,38
"S00124795",133,107,26
"S00124796",101,78,23
"S00124797",191,150,41
"S00124798",152,117,35
"S00124799",55,43,12
"S00124800",97,72,25
"S00124801",72,63,9
"S00124802",74,56,18
"S00124803",158,143,15
"S00124804",93,76,17
"S00124805",102,82,20
"S00124806",122,86,36
"S00124807",68,60,8
"S00124808",211,175,36
"S00124809",202,160,42
"S00124810",185,156,29
"S00124811",143,115,28
"S00124812",98,79,19
"S00124813",105,83,22
"S00124814",122,100,22
"S00124815",102,73,29
"S00124816",91,68,23
"S00124817",160,120,40
"S00124818",59,48,11
"S00124819",108,95,13
"S00124820",120,102,18
"S00124821",127,101,26
"S00124822",99,90,9
"S00124823",135,105,30
"S00124824",78,63,15
"S00124825",69,55,14
"S00124826",143,126,17
"S00124827",118,99,19
"S00124828",74,48,26
"S00124829",125,99,26
"S00124830",130,115,15
"S00124831",108,84,24
"S00124832",99,83,16
"S00124833",92,71,21
"S00124834",104,73,31
"S00124835",95,71,24
"S00124836",91,79,12
"S00124837",144,104,40
"S00124838",169,143,26
"S00124839",62,44,18
"S00124840",97,65,32
"S00124841",141,114,27
"S00124842",84,61,23
"S00124843",157,134,23
"S00124844",86,61,25
"S00124845",104,92,12
"S00124846",111,94,17
"S00124847",82,66,16
"S00124848",126,100,26
"S00124849",129,99,30
"S00124850",155,128,27
"S00124851",68,52,16
"S00124852",81,50,31
"S00124853",176,107,69
"S00124854",141,123,18
"S00124855",82,72,10
"S00124856",126,95,31
"S00124857",156,129,27
"S00124858",170,131,39
"S00124859",83,61,22
"S00124860",88,65,23
"S00124861",99,70,29
"S00124862",86,67,19
"S00124863",68,52,16
"S00124864",126,104,22
"S00124865",96,80,16
"S00124866",164,128,36
"S00124867",82,71,11
"S00124868",192,158,34
"S00124869",194,153,41
"S00124870",123,101,22
"S00124871",135,113,22
"S00124872",116,91,25
"S00124873",111,91,20
"S00124874",91,79,12
"S00124875",87,69,18
"S00124876",158,127,31
"S00124877",181,136,45
"S00124878",100,84,16
"S00124879",69,30,39
"S00124880",198,183,15
"S00124881",142,108,34
"S00124882",192,155,37
"S00124883",178,136,42
"S00124884",205,163,42
"S00124885",104,65,39
"S00124886",124,96,28
"S00124887",146,119,27
"S00124888",140,101,39
"S00124889",238,198,40
"S00124890",159,129,30
"S00124891",163,152,11
"S00124892",151,120,31
"S00124893",125,104,21
"S00124894",122,99,23
"S00124895",128,91,37
"S00124896",134,112,22
"S00124897",114,105,9
"S00124898",152,134,18
"S00124899",154,136,18
"S00124900",137,122,15
"S00124901",94,81,13
"S00124902",86,69,17
"S00124903",152,123,29
"S00124904",182,162,20
"S00124905",107,83,24
"S00124906",68,55,13
"S00124907",128,105,23
"S00124908",159,122,37
"S00124909",131,101,30
"S00124910",164,123,41
"S00124911",146,113,33
"S00124912",160,137,23
"S00124913",76,57,19
"S00124914",137,99,38
"S00124915",61,50,11
"S00124916",108,84,24
"S00124917",126,111,15
"S00124918",109,87,22
"S00124919",168,137,31
"S00124920",114,87,27
"S00124921",112,78,34
"S00124922",84,59,25
"S00124923",129,120,9
"S00124924",211,181,30
"S00124925",104,90,14
"S00124926",146,122,24
"S00124927",133,101,32
"S00124928",146,119,27
"S00124929",122,86,36
"S00124930",90,72,18
"S00124931",113,90,23
"S00124932",110,92,18
"S00124933",130,85,45
"S00124934",141,116,25
"S00124935",107,80,27
"S00124936",122,102,20
"S00124937",75,54,21
"S00124938",196,123,73
"S00124939",138,102,36
"S00124940",101,68,33
"S00124941",127,92,35
"S00124942",111,86,25
"S00124943",132,113,19
"S00124944",166,122,44
"S00124945",126,82,44
"S00124946",121,102,19
"S00124947",112,86,26
"S00124948",65,59,6
"S00124949",71,59,12
"S00124950",144,115,29
"S00124951",126,115,11
"S00124952",130,112,18
"S00124953",105,76,29
"S00124954",158,144,14
"S00124955",140,115,25
"S00124956",126,109,17
"S00124957",143,117,26
"S00124958",130,105,25
"S00124959",91,81,10
"S00124960",104,94,10
"S00124961",165,143,22
"S00124962",165,146,19
"S00124963",114,64,50
"S00124964",175,131,44
"S00124965",150,132,18
"S00124966",177,152,25
"S00124967",148,122,26
"S00124968",119,99,20
"S00124969",144,124,20
"S00124970",159,130,29
"S00124971",159,126,33
"S00124972",148,111,37
"S00124973",110,86,24
"S00124974",103,85,18
"S00124975",87,64,23
"S00124976",107,103,4
"S00124977",239,172,67
"S00124978",123,101,22
"S00124979",147,117,30
"S00124980",115,87,28
"S00124981",151,117,34
"S00124982",98,70,28
"S00124983",98,77,21
"S00124984",85,66,19
"S00124985",142,108,34
"S00124986",127,92,35
"S00124987",94,70,24
"S00124988",150,121,29
"S00124989",112,75,37
"S00124990",164,112,52
"S00124991",161,130,31
"S00124992",118,85,33
"S00124993",197,156,41
"S00124994",152,116,36
"S00124995",97,80,17
"S00124996",165,132,33
"S00124997",182,135,47
"S00124998",106,85,21
"S00124999",108,81,27
"S00125000",119,96,23
"S00125001",142,108,34
"S00125002",217,198,19
"S00125003",102,62,40
"S00125004",103,74,29
"S00125005",179,172,7
"S00125006",119,103,16
"S00125007",86,72,14
"S00125008",135,126,9
"S00125009",101,78,23
"S00125010",103,85,18
"S00125011",149,130,19
"S00125012",187,158,29
"S00125013",208,181,27
"S00125014",128,112,16
"S00125015",135,115,20
"S00125016",111,88,23
"S00125017",78,51,27
"S00125018",115,98,17
"S00125019",109,84,25
"S00125020",174,157,17
"S00125021",128,108,20
"S00125022",141,129,12
"S00125023",160,129,31
"S00125024",110,84,26
"S00125025",135,95,40
"S00125026",140,105,35
"S00125027",170,143,27
"S00125028",108,95,13
"S00125029",94,83,11
"S00125030",73,58,15
"S00125031",156,121,35
"S00125032",129,98,31
"S00125033",126,103,23
"S00125034",193,145,48
"S00125035",117,101,16
"S00125036",129,114,15
"S00125037",85,66,19
"S00125038",119,86,33
"S00125039",181,153,28
"S00125040",158,121,37
"S00125041",184,149,35
"S00125042",182,161,21
"S00125043",99,81,18
"S00125044",162,123,39
"S00125045",166,126,40
"S00125046",75,50,25
"S00125047",147,98,49
"S00125048",105,92,13
"S00125049",108,92,16
"S00125050",168,144,24
"S00125051",82,46,36
"S00125052",137,88,49
"S00125053",98,59,39
"S00125054",88,65,23
"S00125055",89,70,19
"S00125056",141,121,20
"S00125057",76,60,16
"S00125058",117,94,23
"S00125059",112,90,22
"S00125060",110,87,23
"S00125061",94,61,33
"S00125062",116,88,28
"S00125063",69,28,41
"S00125064",87,52,35
"S00125065",54,36,18
"S00125066",75,56,19
"S00125067",102,66,36
"S00125068",71,43,28
"S00125069",63,48,15
"S00125070",95,72,23
"S00125071",112,84,28
"S00125072",79,62,17
"S00125073",121,95,26
"S00125074",121,88,33
"S00125075",132,109,23
"S00125076",97,74,23
"S00125077",122,82,40
"S00125078",101,72,29
"S00125079",202,147,55
"S00125080",137,102,35
"S00125081",99,75,24
"S00125082",64,59,5
"S00125083",96,65,31
"S00125084",51,22,29
"S00125085",159,128,31
"S00125086",138,111,27
"S00125087",86,63,23
"S00125088",96,71,25
"S00125089",83,49,34
"S00125090",156,114,42
"S00125091",80,56,24
"S00125092",72,57,15
"S00125093",72,60,12
"S00125094",196,167,29
"S00125095",73,50,23
"S00125096",111,86,25
"S00125097",79,48,31
"S00125098",83,61,22
"S00125099",185,170,15
"S00125100",179,152,27
"S00125101",103,95,8
"S00125102",87,82,5
"S00125103",96,37,59
"S00125104",54,37,17
"S00125105",70,53,17
"S00125106",81,70,11
"S00125107",135,114,21
"S00125108",87,75,12
"S00125109",153,125,28
"S00125110",119,105,14
"S00125111",99,69,30
"S00125112",195,176,19
"S00125113",59,56,3
"S00125114",98,90,8
"S00125115",83,73,10
"S00125116",74,58,16
"S00125117",109,83,26
"S00125118",103,70,33
"S00125119",99,83,16
"S00125120",69,50,19
"S00125121",57,50,7
"S00125122",101,75,26
"S00125123",68,47,21
"S00125124",57,35,22
"S00125125",50,39,11
"S00125126",104,81,23
"S00125127",77,55,22
"S00125128",642,477,165
"S00125129",207,177,30
"S00125130",92,72,20
"S00125131",57,36,21
"S00125132",144,115,29
"S00125133",57,44,13
"S00125134",106,74,32
"S00125135",131,104,27
"S00125136",122,102,20
"S00125137",74,61,13
"S00125138",89,79,10
"S00125139",105,96,9
"S00125140",98,70,28
"S00125141",87,67,20
"S00125142",173,98,75
"S00125143",119,99,20
"S00125144",67,41,26
"S00125145",135,110,25
"S00125146",102,91,11
"S00125147",189,179,10
"S00125148",76,62,14
"S00125149",70,51,19
"S00125150",62,53,9
"S00125151",113,91,22
"S00125152",89,79,10
"S00125153",77,67,10
"S00125154",151,83,68
"S00125155",90,70,20
"S00125156",83,73,10
"S00125157",216,206,10
"S00125158",96,73,23
"S00125159",121,102,19
"S00125160",96,63,33
"S00125161",62,27,35
"S00125162",158,143,15
"S00125163",153,142,11
"S00125164",119,103,16
"S00125165",127,106,21
"S00125166",89,54,35
"S00125167",98,69,29
"S00125168",77,56,21
"S00125169",105,79,26
"S00125170",61,49,12
"S00125171",122,94,28
"S00125172",141,127,14
"S00125173",205,177,28
"S00125174",175,143,32
"S00125175",94,84,10
"S00125176",85,56,29
"S00125177",72,61,11
"S00125178",78,58,20
"S00125179",144,108,36
"S00125180",108,80,28
"S00125181",78,56,22
"S00125182",67,49,18
"S00125183",88,78,10
"S00125184",68,55,13
"S00125185",67,57,10
"S00125186",59,47,12
"S00125187",144,117,27
"S00125188",124,111,13
"S00125189",206,182,24
"S00125190",62,38,24
"S00125191",104,77,27
"S00125192",128,110,18
"S00125193",116,89,27
"S00125194",120,102,18
"S00125195",76,66,10
"S00125196",78,57,21
"S00125197",83,66,17
"S00125198",122,98,24
"S00125199",80,73,7
"S00125200",102,90,12
"S00125201",78,59,19
"S00125202",66,57,9
"S00125203",107,79,28
"S00125204",75,48,27
"S00125205",68,56,12
"S00125206",67,49,18
"S00125207",153,119,34
"S00125208",109,94,15
"S00125209",143,134,9
"S00125210",139,124,15
"S00125211",133,127,6
"S00125212",110,92,18
"S00125213",87,58,29
"S00125214",76,53,23
"S00125215",183,172,11
"S00125216",112,103,9
"S00125217",163,156,7
"S00125218",158,131,27
"S00125219",158,147,11
"S00125220",194,184,10
"S00125221",69,63,6
"S00125222",85,40,45
"S00125223",97,76,21
"S00125224",81,65,16
"S00125225",73,66,7
"S00125226",111,92,19
"S00125227",102,75,27
"S00125228",191,171,20
"S00125229",166,156,10
"S00125230",103,83,20
"S00125231",163,149,14
"S00125232",126,100,26
"S00125233",119,102,17
"S00125234",137,110,27
"S00125235",55,42,13
"S00125236",54,42,12
"S00125237",72,43,29
"S00125238",82,73,9
"S00125239",73,61,12
"S00125240",74,59,15
"S00125241",179,147,32
"S00125242",103,75,28
"S00125243",106,73,33
"S00125244",69,52,17
"S00125245",88,64,24
"S00125246",224,193,31
"S00125247",81,63,18
"S00125248",128,104,24
"S00125249",84,63,21
"S00125250",182,150,32
"S00125251",78,64,14
"S00125252",124,66,58
"S00125253",150,133,17
"S00125254",140,129,11
"S00125255",87,83,4
"S00125256",93,77,16
"S00125257",116,86,30
"S00125258",257,166,91
"S00125259",123,98,25
"S00125260",194,179,15
"S00125261",224,199,25
"S00125262",120,111,9
"S00125263",103,64,39
"S00125264",130,107,23
"S00125265",87,57,30
"S00125266",74,61,13
"S00125267",102,88,14
"S00125268",134,94,40
"S00125269",96,74,22
"S00125270",105,74,31
"S00125271",94,86,8
"S00125272",64,43,21
"S00125273",112,97,15
"S00125274",98,66,32
"S00125275",57,46,11
"S00125276",66,60,6
"S00125277",153,112,41
"S00125278",92,69,23
"S00125279",166,137,29
"S00125280",113,78,35
"S00125281",65,48,17
"S00125282",63,47,16
"S00125283",116,91,25
"S00125284",66,13,53
"S00125285",68,54,14
"S00125286",56,42,14
"S00125287",144,126,18
"S00125288",87,73,14
"S00125289",146,119,27
"S00125290",107,91,16
"S00125291",156,122,34
"S00125292",101,84,17
"S00125293",130,105,25
"S00125294",114,69,45
"S00125295",60,30,30
"S00125296",61,44,17
"S00125297",111,81,30
"S00125298",57,48,9
"S00125299",88,52,36
"S00125300",85,63,22
"S00125301",80,60,20
"S00125302",125,100,25
"S00125303",60,34,26
"S00125304",64,38,26
"S00125305",76,51,25
"S00125306",80,55,25
"S00125307",71,45,26
"S00125308",72,55,17
"S00125309",63,37,26
"S00125310",70,43,27
"S00125311",103,77,26
"S00125312",68,48,20
"S00125313",72,41,31
"S00125314",65,43,22
"S00125315",85,60,25
"S00125316",65,50,15
"S00125317",77,63,14
"S00125318",64,49,15
"S00125319",65,44,21
"S00125320",78,56,22
"S00125321",80,59,21
"S00125322",70,52,18
"S00125323",85,60,25
"S00125324",80,58,22
"S00125325",81,51,30
"S00125326",63,45,18
"S00125327",83,48,35
"S00125328",55,36,19
"S00125329",166,115,51
"S00125330",96,64,32
"S00125331",50,32,18
"S00125332",110,81,29
"S00125333",54,38,16
"S00125334",144,117,27
"S00125335",132,110,22
"S00125336",53,37,16
"S00125337",102,68,34
"S00125338",81,64,17
"S00125339",74,68,6
"S00125340",176,151,25
"S00125341",84,70,14
"S00125342",127,88,39
"S00125343",102,91,11
"S00125344",127,116,11
"S00125345",125,95,30
"S00125346",74,58,16
"S00125347",96,76,20
"S00125348",50,38,12
"S00125349",67,50,17
"S00125350",89,68,21
"S00125351",97,84,13
"S00125352",56,47,9
"S00125353",56,39,17
"S00125354",119,97,22
"S00125355",152,138,14
"S00125356",85,75,10
"S00125357",129,101,28
"S00125358",96,79,17
"S00125359",146,116,30
"S00125360",63,49,14
"S00125361",79,65,14
"S00125362",99,76,23
"S00125363",65,60,5
"S00125364",202,184,18
"S00125365",166,140,26
"S00125366",54,35,19
"S00125367",149,127,22
"S00125368",77,64,13
"S00125369",114,92,22
"S00125370",138,105,33
"S00125371",139,113,26
"S00125372",96,70,26
"S00125373",104,99,5
"S00125374",212,195,17
"S00125375",251,238,13
"S00125376",77,71,6
"S00125377",189,164,25
"S00125378",151,135,16
"S00125379",188,170,18
"S00125380",128,115,13
"S00125381",247,229,18
"S00125382",236,225,11
"S00125383",197,178,19
"S00125384",87,63,24
"S00125385",147,119,28
"S00125386",185,152,33
"S00125387",214,182,32
"S00125388",357,311,46
"S00125389",76,67,9
"S00125390",114,106,8
"S00125391",115,104,11
"S00125392",121,111,10
"S00125393",205,194,11
"S00125394",114,91,23
"S00125395",87,67,20
"S00125396",101,84,17
"S00125397",152,130,22
"S00125398",126,97,29
"S00125399",119,95,24
"S00125400",104,62,42
"S00125401",89,70,19
"S00125402",117,73,44
"S00125403",92,56,36
"S00125404",111,55,56
"S00125405",91,65,26
"S00125406",73,50,23
"S00125407",123,112,11
"S00125408",101,83,18
"S00125409",70,58,12
"S00125410",113,76,37
"S00125411",111,74,37
"S00125412",99,77,22
"S00125413",121,94,27
"S00125414",94,61,33
"S00125415",202,184,18
"S00125416",244,226,18
"S00125417",70,64,6
"S00125418",110,96,14
"S00125419",141,134,7
"S00125420",89,78,11
"S00125421",233,200,33
"S00125422",80,60,20
"S00125423",150,134,16
"S00125424",68,51,17
"S00125425",170,141,29
"S00125426",158,118,40
"S00125427",184,172,12
"S00125428",123,110,13
"S00125429",164,144,20
"S00125430",186,177,9
"S00125431",74,69,5
"S00125432",155,137,18
"S00125433",127,116,11
"S00125434",119,117,2
"S00125435",144,136,8
"S00125436",137,102,35
"S00125437",116,106,10
"S00125438",139,117,22
"S00125439",154,120,34
"S00125440",125,99,26
"S00125441",93,78,15
"S00125442",64,48,16
"S00125443",88,64,24
"S00125444",107,73,34
"S00125445",60,40,20
"S00125446",66,42,24
"S00125447",101,78,23
"S00125448",105,72,33
"S00125449",136,113,23
"S00125450",93,72,21
"S00125451",64,43,21
"S00125452",71,43,28
"S00125453",74,54,20
"S00125454",87,65,22
"S00125455",133,99,34
"S00125456",196,169,27
"S00125457",69,41,28
"S00125458",55,24,31
"S00125459",84,50,34
"S00125460",102,79,23
"S00125461",91,78,13
"S00125462",140,112,28
"S00125463",133,117,16
"S00125464",85,54,31
"S00125465",94,70,24
"S00125466",173,148,25
"S00125467",51,40,11
"S00125468",159,145,14
"S00125469",92,68,24
"S00125470",101,65,36
"S00125471",80,49,31
"S00125472",76,48,28
"S00125473",151,106,45
"S00125474",182,155,27
"S00125475",98,61,37
"S00125476",105,87,18
"S00125477",124,104,20
"S00125478",106,81,25
"S00125479",85,73,12
"S00125480",130,88,42
"S00125481",84,65,19
"S00125482",79,57,22
"S00125483",85,77,8
"S00125484",117,83,34
"S00125485",81,59,22
"S00125486",127,90,37
"S00125487",82,63,19
"S00125488",79,64,15
"S00125489",170,132,38
"S00125490",71,43,28
"S00125491",70,45,25
"S00125492",148,137,11
"S00125493",82,65,17
"S00125494",127,101,26
"S00125495",106,88,18
"S00125496",71,58,13
"S00125497",102,83,19
"S00125498",113,94,19
"S00125499",67,57,10
"S00125500",88,60,28
"S00125501",96,71,25
"S00125502",84,60,24
"S00125503",109,79,30
"S00125504",80,46,34
"S00125505",142,116,26
"S00125506",69,58,11
"S00125507",188,170,18
"S00125508",161,149,12
"S00125509",133,122,11
"S00125510",181,167,14
"S00125511",208,195,13
"S00125512",239,227,12
"S00125513",122,107,15
"S00125514",172,153,19
"S00125515",136,106,30
"S00125516",96,81,15
"S00125517",163,148,15
"S00125518",70,60,10
"S00125519",270,244,26
"S00125520",113,96,17
"S00125521",138,105,33
"S00125522",144,132,12
"S00125523",74,35,39
"S00125524",73,49,24
"S00125525",86,66,20
"S00125526",75,54,21
"S00125527",79,61,18
"S00125528",110,77,33
"S00125529",60,45,15
"S00125530",205,189,16
"S00125531",214,206,8
"S00125532",203,187,16
"S00125533",114,105,9
"S00125534",106,50,56
"S00125535",80,55,25
"S00125536",129,88,41
"S00125537",121,90,31
"S00125538",145,101,44
"S00125539",133,120,13
"S00125540",144,110,34
"S00125541",146,91,55
"S00125542",210,200,10
"S00125543",104,72,32
"S00125544",201,182,19
"S00125545",82,54,28
"S00125546",123,102,21
"S00125547",165,145,20
"S00125548",99,67,32
"S00125549",151,133,18
"S00125550",90,85,5
"S00125551",171,160,11
"S00125552",92,84,8
"S00125553",57,46,11
"S00125554",202,179,23
"S00125555",74,41,33
"S00125556",111,71,40
"S00125557",104,81,23
"S00125558",91,60,31
"S00125559",107,89,18
"S00125560",77,55,22
"S00125561",93,81,12
"S00125562",85,52,33
"S00125563",105,95,10
"S00125564",61,33,28
"S00125565",82,32,50
"S00125566",124,111,13
"S00125567",231,219,12
"S00125568",161,152,9
"S00125569",153,147,6
"S00125570",254,232,22
"S00125571",77,74,3
"S00125572",286,262,24
"S00125573",68,55,13
"S00125574",196,182,14
"S00125575",146,110,36
"S00125576",53,47,6
"S00125577",110,66,44
"S00125578",133,126,7
"S00125579",141,121,20
"S00125580",135,115,20
"S00125581",164,155,9
"S00125582",107,98,9
"S00125583",171,144,27
"S00125584",180,174,6
"S00125585",220,210,10
"S00125586",195,187,8
"S00125587",191,177,14
"S00125588",201,193,8
"S00125589",145,133,12
"S00125590",208,196,12
"S00125591",103,89,14
"S00125592",137,119,18
"S00125593",108,86,22
"S00125594",205,195,10
"S00125595",134,124,10
"S00125596",84,71,13
"S00125597",178,163,15
"S00125598",116,88,28
"S00125599",191,156,35
"S00125600",82,74,8
"S00125601",68,47,21
"S00125602",184,142,42
"S00125603",82,46,36
"S00125604",76,63,13
"S00125605",94,76,18
"S00125606",109,94,15
"S00125607",99,78,21
"S00125608",147,115,32
"S00125609",52,42,10
"S00125610",229,211,18
"S00125611",63,56,7
"S00125612",203,188,15
"S00125613",145,138,7
"S00125614",134,117,17
"S00125615",177,169,8
"S00125616",156,140,16
"S00125617",153,144,9
"S00125618",226,219,7
"S00125619",160,128,32
"S00125620",141,133,8
"S00125621",190,173,17
"S00125622",133,121,12
"S00125623",128,118,10
"S00125624",130,100,30
"S00125625",98,65,33
"S00125626",96,66,30
"S00125627",98,77,21
"S00125628",142,105,37
"S00125629",93,70,23
"S00125630",130,121,9
"S00125631",135,125,10
"S00125632",193,180,13
"S00125633",103,76,27
"S00125634",74,60,14
"S00125635",161,147,14
"S00125636",101,94,7
"S00125637",88,69,19
"S00125638",104,91,13
"S00125639",175,157,18
"S00125640",174,158,16
"S00125641",115,78,37
"S00125642",59,41,18
"S00125643",147,111,36
"S00125644",218,195,23
"S00125645",91,81,10
"S00125646",197,166,31
"S00125647",109,85,24
"S00125648",137,106,31
"S00125649",148,109,39
"S00125650",111,82,29
"S00125651",100,89,11
"S00125652",69,58,11
"S00125653",206,145,61
"S00125654",152,116,36
"S00125655",140,125,15
"S00125656",168,138,30
"S00125657",167,153,14
"S00125658",214,195,19
"S00125659",147,136,11
"S00125660",203,178,25
"S00125661",134,121,13
"S00125662",114,100,14
"S00125663",97,62,35
"S00125664",90,69,21
"S00125665",75,60,15
"S00125666",99,77,22
"S00125667",110,69,41
"S00125668",168,139,29
"S00125669",85,47,38
"S00125670",69,59,10
"S00125671",153,136,17
"S00125672",156,135,21
"S00125673",155,136,19
"S00125674",98,85,13
"S00125675",80,53,27
"S00125676",122,103,19
"S00125677",99,77,22
"S00125678",99,72,27
"S00125679",178,78,100
"S00125680",66,53,13
"S00125681",95,87,8
"S00125682",337,292,45
"S00125683",97,73,24
"S00125684",276,264,12
"S00125685",110,70,40
"S00125686",92,59,33
"S00125687",72,35,37
"S00125688",145,101,44
"S00125689",120,82,38
"S00125690",87,68,19
"S00125691",102,75,27
"S00125692",112,77,35
"S00125693",147,120,27
"S00125694",69,52,17
"S00125695",106,81,25
"S00125696",108,88,20
"S00125697",67,41,26
"S00125698",184,159,25
"S00125699",60,52,8
"S00125700",206,168,38
"S00125701",147,135,12
"S00125702",113,107,6
"S00125703",182,177,5
"S00125704",140,122,18
"S00125705",105,80,25
"S00125706",53,35,18
"S00125707",205,196,9
"S00125708",67,60,7
"S00125709",86,75,11
"S00125710",149,137,12
"S00125711",165,154,11
"S00125712",120,79,41
"S00125713",72,63,9
"S00125714",207,164,43
"S00125715",131,116,15
"S00125716",94,75,19
"S00125717",84,67,17
"S00125718",139,112,27
"S00125719",158,112,46
"S00125720",114,83,31
"S00125721",81,64,17
"S00125722",168,140,28
"S00125723",92,72,20
"S00125724",167,148,19
"S00125725",172,148,24
"S00125726",76,59,17
"S00125727",138,108,30
"S00125728",109,88,21
"S00125729",69,53,16
"S00125730",124,95,29
"S00125731",62,43,19
"S00125732",105,81,24
"S00125733",54,45,9
"S00125734",153,128,25
"S00125735",153,115,38
"S00125736",60,41,19
"S00125737",134,100,34
"S00125738",91,70,21
"S00125739",170,142,28
"S00125740",90,78,12
"S00125741",82,21,61
"S00125742",162,105,57
"S00125743",115,87,28
"S00125744",92,62,30
"S00125745",94,74,20
"S00125746",107,78,29
"S00125747",159,144,15
"S00125748",116,85,31
"S00125749",84,76,8
"S00125750",117,91,26
"S00125751",131,92,39
"S00125752",83,64,19
"S00125753",57,34,23
"S00125754",93,60,33
"S00125755",78,67,11
"S00125756",101,84,17
"S00125757",58,45,13
"S00125758",103,59,44
"S00125759",97,67,30
"S00125760",79,68,11
"S00125761",154,134,20
"S00125762",125,99,26
"S00125763",171,144,27
"S00125764",98,81,17
"S00125765",74,58,16
"S00125766",131,102,29
"S00125767",111,105,6
"S00125768",128,121,7
"S00125769",137,129,8
"S00125770",178,105,73
"S00125771",156,146,10
"S00125772",72,63,9
"S00125773",145,116,29
"S00125774",148,141,7
"S00125775",82,42,40
"S00125776",208,191,17
"S00125777",137,132,5
"S00125778",83,78,5
"S00125779",122,114,8
"S00125780",182,174,8
"S00125781",165,153,12
"S00125782",124,110,14
"S00125783",237,221,16
"S00125784",286,270,16
"S00125785",66,61,5
"S00125786",143,133,10
"S00125787",64,63,1
"S00125788",108,102,6
"S00125789",295,275,20
"S00125790",108,99,9
"S00125791",153,140,13
"S00125792",120,107,13
"S00125793",198,183,15
"S00125794",174,152,22
"S00125795",184,166,18
"S00125796",78,73,5
"S00125797",171,153,18
"S00125798",131,123,8
"S00125799",198,161,37
"S00125800",113,87,26
"S00125801",134,125,9
"S00125802",157,153,4
"S00125803",195,161,34
"S00125804",119,104,15
"S00125805",87,64,23
"S00125806",92,76,16
"S00125807",84,66,18
"S00125808",143,123,20
"S00125809",101,72,29
"S00125810",114,92,22
"S00125811",100,85,15
"S00125812",141,100,41
"S00125813",70,54,16
"S00125814",166,115,51
"S00125815",102,68,34
"S00125816",167,123,44
"S00125817",60,45,15
"S00125818",91,87,4
"S00125819",213,202,11
"S00125820",143,116,27
"S00125821",107,72,35
"S00125822",150,134,16
"S00125823",120,115,5
"S00125824",171,157,14
"S00125825",112,81,31
"S00125826",69,50,19
"S00125827",93,64,29
"S00125828",152,137,15
"S00125829",68,61,7
"S00125830",193,159,34
"S00125831",94,76,18
"S00125832",140,131,9
"S00125833",155,149,6
"S00125834",265,230,35
"S00125835",125,116,9
"S00125836",172,158,14
"S00125837",186,177,9
"S00125838",134,130,4
"S00125839",120,110,10
"S00125840",177,161,16
"S00125841",117,109,8
"S00125842",152,134,18
"S00125843",121,108,13
"S00125844",119,110,9
"S00125845",66,59,7
"S00125846",184,167,17
"S00125847",78,66,12
"S00125848",115,93,22
"S00125849",77,48,29
"S00125850",154,132,22
"S00125851",96,46,50
"S00125852",141,131,10
"S00125853",204,191,13
"S00125854",72,66,6
"S00125855",158,141,17
"S00125856",155,142,13
"S00125857",220,207,13
"S00125858",194,185,9
"S00125859",164,153,11
"S00125860",241,217,24
"S00125861",81,70,11
"S00125862",205,193,12
"S00125863",99,97,2
"S00125864",195,188,7
"S00125865",197,185,12
"S00125866",249,235,14
"S00125867",59,35,24
"S00125868",196,164,32
"S00125869",90,83,7
"S00125870",136,132,4
"S00125871",84,77,7
"S00125872",105,96,9
"S00125873",127,101,26
"S00125874",68,66,2
"S00125875",157,139,18
"S00125876",178,156,22
"S00125877",122,98,24
"S00125878",189,180,9
"S00125879",110,102,8
"S00125880",154,146,8
"S00125881",117,116,1
"S00125882",216,155,61
"S00125883",214,206,8
"S00125884",191,181,10
"S00125885",136,122,14
"S00125886",180,170,10
"S00125887",74,51,23
"S00125888",88,65,23
"S00125889",295,193,102
"S00125890",228,216,12
"S00125891",73,53,20
"S00125892",143,96,47
"S00125893",130,111,19
"S00125894",87,78,9
"S00125895",206,192,14
"S00125896",167,152,15
"S00125897",241,224,17
"S00125898",162,150,12
"S00125899",132,127,5
"S00125900",163,147,16
"S00125901",180,163,17
"S00125902",199,179,20
"S00125903",158,134,24
"S00125904",214,197,17
"S00125905",123,111,12
"S00125906",123,112,11
"S00125907",66,56,10
"S00125908",169,153,16
"S00125909",141,102,39
"S00125910",64,50,14
"S00125911",76,65,11
"S00125912",172,151,21
"S00125913",141,127,14
"S00125914",105,102,3
"S00125915",141,132,9
"S00125916",134,123,11
"S00125917",86,74,12
"S00125918",64,58,6
"S00125919",120,109,11
"S00125920",147,138,9
"S00125921",139,127,12
"S00125922",70,50,20
"S00125923",101,65,36
"S00125924",88,68,20
"S00125925",80,47,33
"S00125926",149,138,11
"S00125927",160,140,20
"S00125928",119,106,13
"S00125929",108,98,10
"S00125930",117,109,8
"S00125931",114,100,14
"S00125932",67,58,9
"S00125933",111,102,9
"S00125934",165,145,20
"S00125935",156,124,32
"S00125936",86,72,14
"S00125937",94,81,13
"S00125938",158,119,39
"S00125939",72,62,10
"S00125940",146,116,30
"S00125941",138,119,19
"S00125942",86,73,13
"S00125943",124,109,15
"S00125944",163,141,22
"S00125945",120,101,19
"S00125946",132,124,8
"S00125947",222,195,27
"S00125948",119,104,15
"S00125949",68,59,9
"S00125950",199,180,19
"S00125951",125,106,19
"S00125952",116,106,10
"S00125953",103,96,7
"S00125954",196,174,22
"S00125955",83,74,9
"S00125956",127,114,13
"S00125957",170,151,19
"S00125958",129,114,15
"S00125959",141,120,21
"S00125960",64,53,11
"S00125961",130,116,14
"S00125962",101,85,16
"S00125963",131,118,13
"S00125964",55,48,7
"S00125965",90,82,8
"S00125966",91,83,8
"S00125967",123,105,18
"S00125968",98,86,12
"S00125969",156,120,36
"S00125970",182,167,15
"S00125971",65,61,4
"S00125972",86,57,29
"S00125973",111,106,5
"S00125974",130,112,18
"S00125975",117,101,16
"S00125976",101,82,19
"S00125977",104,93,11
"S00125978",88,78,10
"S00125979",104,86,18
"S00125980",114,99,15
"S00125981",156,138,18
"S00125982",110,90,20
"S00125983",148,134,14
"S00125984",60,46,14
"S00125985",122,103,19
"S00125986",132,121,11
"S00125987",130,115,15
"S00125988",89,68,21
"S00125989",127,99,28
"S00125990",65,54,11
"S00125991",177,159,18
"S00125992",90,81,9
"S00125993",88,65,23
"S00125994",72,41,31
"S00125995",87,65,22
"S00125996",138,124,14
"S00125997",130,108,22
"S00125998",76,66,10
"S00125999",100,91,9
"S00126000",96,86,10
"S00126001",99,91,8
"S00126002",95,83,12
"S00126003",58,51,7
"S00126004",76,70,6
"S00126005",98,96,2
"S00126006",165,149,16
"S00126007",98,91,7
"S00126008",88,62,26
"S00126009",81,70,11
"S00126010",204,182,22
"S00126011",122,103,19
"S00126012",59,52,7
"S00126013",109,98,11
"S00126014",59,50,9
"S00126015",108,98,10
"S00126016",75,74,1
"S00126017",134,85,49
"S00126018",128,108,20
"S00126019",108,92,16
"S00126020",56,53,3
"S00126021",102,90,12
"S00126022",56,45,11
"S00126023",54,50,4
"S00126024",70,59,11
"S00126025",54,45,9
"S00126026",67,47,20
"S00126027",105,90,15
"S00126028",108,85,23
"S00126029",133,110,23
"S00126030",52,39,13
"S00126031",94,82,12
"S00126032",87,81,6
"S00126033",120,104,16
"S00126034",105,87,18
"S00126035",150,128,22
"S00126036",83,67,16
"S00126037",94,65,29
"S00126038",132,120,12
"S00126039",94,80,14
"S00126040",111,99,12
"S00126041",145,130,15
"S00126042",127,110,17
"S00126043",154,141,13
"S00126044",75,61,14
"S00126045",128,106,22
"S00126046",139,115,24
"S00126047",87,78,9
"S00126048",118,111,7
"S00126049",92,76,16
"S00126050",75,70,5
"S00126051",98,94,4
"S00126052",114,102,12
"S00126053",90,79,11
"S00126054",81,71,10
"S00126055",69,55,14
"S00126056",116,95,21
"S00126057",98,82,16
"S00126058",58,48,10
"S00126059",73,60,13
"S00126060",69,62,7
"S00126061",111,102,9
"S00126062",110,98,12
"S00126063",115,92,23
"S00126064",129,115,14
"S00126065",97,85,12
"S00126066",93,80,13
"S00126067",141,118,23
"S00126068",149,122,27
"S00126069",122,99,23
"S00126070",150,140,10
"S00126071",148,130,18
"S00126072",91,82,9
"S00126073",102,91,11
"S00126074",181,165,16
"S00126075",160,133,27
"S00126076",142,131,11
"S00126077",144,138,6
"S00126078",62,57,5
"S00126079",116,89,27
"S00126080",89,77,12
"S00126081",152,137,15
"S00126082",296,266,30
"S00126083",175,161,14
"S00126084",177,151,26
"S00126085",146,120,26
"S00126086",95,59,36
"S00126087",109,90,19
"S00126088",125,102,23
"S00126089",169,159,10
"S00126090",65,62,3
"S00126091",116,100,16
"S00126092",114,105,9
"S00126093",57,40,17
"S00126094",137,122,15
"S00126095",124,108,16
"S00126096",52,45,7
"S00126097",115,100,15
"S00126098",86,78,8
"S00126099",90,72,18
"S00126100",119,103,16
"S00126101",163,141,22
"S00126102",128,113,15
"S00126103",116,101,15
"S00126104",58,55,3
"S00126105",152,130,22
"S00126106",132,106,26
"S00126107",115,102,13
"S00126108",155,134,21
"S00126109",145,135,10
"S00126110",99,92,7
"S00126111",110,96,14
"S00126112",91,84,7
"S00126113",167,151,16
"S00126114",123,111,12
"S00126115",123,109,14
"S00126116",169,151,18
"S00126117",183,172,11
"S00126118",145,124,21
"S00126119",153,135,18
"S00126120",99,89,10
"S00126121",78,62,16
"S00126122",121,106,15
"S00126123",92,78,14
"S00126124",112,102,10
"S00126125",105,96,9
"S00126126",81,74,7
"S00126127",98,76,22
"S00126128",71,64,7
"S00126129",217,204,13
"S00126130",139,113,26
"S00126131",99,87,12
"S00126132",105,89,16
"S00126133",65,49,16
"S00126134",504,487,17
"S00126135",73,68,5
"S00126136",89,83,6
"S00126137",143,128,15
"S00126138",123,117,6
"S00126139",83,70,13
"S00126140",130,120,10
"S00126141",116,108,8
"S00126142",191,178,13
"S00126143",107,99,8
"S00126144",108,97,11
"S00126145",62,56,6
"S00126146",81,79,2
"S00126147",158,134,24
"S00126148",117,93,24
"S00126149",111,94,17
"S00126150",73,70,3
"S00126151",168,153,15
"S00126152",107,103,4
"S00126153",150,134,16
"S00126154",63,59,4
"S00126155",59,50,9
"S00126156",103,93,10
"S00126157",85,78,7
"S00126158",138,131,7
"S00126159",133,124,9
"S00126160",147,138,9
"S00126161",227,201,26
"S00126162",111,89,22
"S00126163",73,63,10
"S00126164",116,84,32
"S00126165",136,114,22
"S00126166",108,91,17
"S00126167",153,137,16
"S00126168",133,118,15
"S00126169",134,108,26
"S00126170",60,48,12
"S00126171",119,99,20
"S00126172",110,92,18
"S00126173",75,67,8
"S00126174",112,100,12
"S00126175",184,159,25
"S00126176",171,150,21
"S00126177",159,150,9
"S00126178",177,159,18
"S00126179",75,64,11
"S00126180",103,94,9
"S00126181",63,54,9
"S00126182",131,122,9
"S00126183",91,81,10
"S00126184",99,80,19
"S00126185",96,75,21
"S00126186",137,131,6
"S00126187",172,163,9
"S00126188",111,91,20
"S00126189",194,190,4
"S00126190",169,156,13
"S00126191",110,101,9
"S00126192",73,64,9
"S00126193",125,111,14
"S00126194",115,96,19
"S00126195",118,107,11
"S00126196",128,117,11
"S00126197",152,133,19
"S00126198",163,150,13
"S00126199",90,83,7
"S00126200",172,153,19
"S00126201",93,88,5
"S00126202",108,100,8
"S00126203",126,116,10
"S00126204",106,83,23
"S00126205",69,61,8
"S00126206",120,104,16
"S00126207",128,122,6
"S00126208",110,100,10
"S00126209",160,140,20
"S00126210",76,68,8
"S00126211",104,89,15
"S00126212",171,157,14
"S00126213",90,86,4
"S00126214",182,169,13
"S00126215",59,57,2
"S00126216",137,132,5
"S00126217",86,71,15
"S00126218",151,141,10
"S00126219",89,73,16
"S00126220",170,157,13
"S00126221",66,60,6
"S00126222",104,99,5
"S00126223",56,47,9
"S00126224",56,52,4
"S00126225",168,146,22
"S00126226",98,86,12
"S00126227",87,79,8
"S00126228",132,101,31
"S00126229",151,135,16
"S00126230",74,58,16
"S00126231",66,54,12
"S00126232",117,104,13
"S00126233",94,84,10
"S00126234",95,83,12
"S00126235",64,63,1
"S00126236",201,184,17
"S00126237",127,116,11
"S00126238",109,94,15
"S00126239",83,72,11
"S00126240",75,62,13
"S00126241",91,78,13
"S00126242",127,109,18
"S00126243",95,83,12
"S00126244",67,53,14
"S00126245",128,110,18
"S00126246",115,107,8
"S00126247",91,73,18
"S00126248",120,111,9
"S00126249",98,81,17
"S00126250",193,183,10
"S00126251",60,52,8
"S00126252",189,155,34
"S00126253",107,98,9
"S00126254",148,126,22
"S00126255",98,86,12
"S00126256",113,96,17
"S00126257",52,49,3
"S00126258",114,103,11
"S00126259",130,113,17
"S00126260",124,104,20
"S00126261",89,73,16
"S00126262",93,79,14
"S00126263",97,80,17
"S00126264",156,131,25
"S00126265",161,135,26
"S00126266",144,131,13
"S00126267",132,99,33
"S00126268",169,153,16
"S00126269",115,102,13
"S00126270",89,59,30
"S00126271",101,91,10
"S00126272",104,95,9
"S00126273",115,92,23
"S00126274",170,150,20
"S00126275",88,77,11
"S00126276",120,104,16
"S00126277",89,80,9
"S00126278",102,88,14
"S00126279",132,121,11
"S00126280",67,59,8
"S00126281",66,52,14
"S00126282",116,104,12
"S00126283",93,77,16
"S00126284",85,81,4
"S00126285",134,123,11
"S00126286",116,113,3
"S00126287",190,184,6
"S00126288",66,58,8
"S00126289",59,53,6
"S00126290",97,79,18
"S00126291",55,46,9
"S00126292",162,142,20
"S00126293",78,68,10
"S00126294",79,69,10
"S00126295",187,166,21
"S00126296",104,93,11
"S00126297",148,131,17
"S00126298",110,100,10
"S00126299",121,101,20
"S00126300",130,105,25
"S00126301",150,133,17
"S00126302",73,66,7
"S00126303",86,77,9
"S00126304",71,65,6
"S00126305",105,95,10
"S00126306",109,103,6
"S00126307",117,102,15
"S00126308",107,93,14
"S00126309",157,133,24
"S00126310",87,77,10
"S00126311",106,90,16
"S00126312",118,95,23
"S00126313",86,74,12
"S00126314",97,81,16
"S00126315",60,52,8
"S00126316",56,41,15
"S00126317",134,118,16
"S00126318",129,111,18
"S00126319",86,67,19
"S00126320",120,86,34
"S00126321",108,89,19
"S00126322",104,77,27
"S00126323",101,85,16
"S00126324",93,71,22
"S00126325",117,100,17
"S00126326",107,97,10
"S00126327",72,46,26
"S00126328",117,90,27
"S00126329",138,118,20
"S00126330",126,103,23
"S00126331",122,96,26
"S00126332",154,143,11
"S00126333",155,139,16
"S00126334",177,167,10
"S00126335",75,69,6
"S00126336",122,105,17
"S00126337",75,66,9
"S00126338",57,52,5
"S00126339",126,109,17
"S00126340",123,105,18
"S00126341",117,99,18
"S00126342",108,93,15
"S00126343",123,113,10
"S00126344",52,44,8
"S00126345",69,59,10
"S00126346",134,127,7
"S00126347",120,110,10
"S00126348",104,82,22
"S00126349",136,111,25
"S00126350",106,92,14
"S00126351",85,72,13
"S00126352",200,161,39
"S00126353",134,115,19
"S00126354",83,73,10
"S00126355",122,109,13
"S00126356",131,111,20
"S00126357",159,132,27
"S00126358",77,73,4
"S00126359",72,59,13
"S00126360",154,138,16
"S00126361",119,108,11
"S00126362",130,115,15
"S00126363",127,109,18
"S00126364",55,46,9
"S00126365",135,114,21
"S00126366",71,57,14
"S00126367",61,52,9
"S00126368",55,51,4
"S00126369",186,169,17
"S00126370",53,46,7
"S00126371",53,48,5
"S00126372",164,132,32
"S00126373",84,72,12
"S00126374",142,114,28
"S00126375",149,133,16
"S00126376",65,39,26
"S00126377",115,107,8
"S00126378",189,145,44
"S00126379",121,105,16
"S00126380",116,104,12
"S00126381",160,139,21
"S00126382",101,93,8
"S00126383",147,131,16
"S00126384",93,82,11
"S00126385",67,56,11
"S00126386",149,140,9
"S00126387",177,160,17
"S00126388",176,145,31
"S00126389",83,74,9
"S00126390",83,66,17
"S00126391",129,104,25
"S00126392",98,76,22
"S00126393",152,139,13
"S00126394",77,67,10
"S00126395",115,88,27
"S00126396",140,112,28
"S00126397",164,142,22
"S00126398",114,95,19
"S00126399",66,57,9
"S00126400",134,110,24
"S00126401",143,110,33
"S00126402",126,108,18
"S00126403",171,157,14
"S00126404",104,97,7
"S00126405",120,96,24
"S00126406",180,152,28
"S00126407",111,88,23
"S00126408",150,126,24
"S00126409",94,84,10
"S00126410",72,67,5
"S00126411",136,125,11
"S00126412",94,82,12
"S00126413",65,58,7
"S00126414",60,30,30
"S00126415",249,238,11
"S00126416",147,124,23
"S00126417",117,95,22
"S00126418",74,64,10
"S00126419",111,85,26
"S00126420",113,101,12
"S00126421",111,98,13
"S00126422",101,72,29
"S00126423",159,116,43
"S00126424",81,52,29
"S00126425",193,172,21
"S00126426",113,97,16
"S00126427",65,50,15
"S00126428",127,106,21
"S00126429",111,83,28
"S00126430",108,93,15
"S00126431",97,86,11
"S00126432",95,77,18
"S00126433",168,145,23
"S00126434",105,96,9
"S00126435",101,82,19
"S00126436",91,85,6
"S00126437",155,143,12
"S00126438",117,96,21
"S00126439",78,73,5
"S00126440",130,121,9
"S00126441",87,79,8
"S00126442",156,137,19
"S00126443",127,110,17
"S00126444",126,110,16
"S00126445",117,94,23
"S00126446",95,86,9
"S00126447",82,53,29
"S00126448",138,108,30
"S00126449",70,64,6
"S00126450",102,86,16
"S00126451",118,109,9
"S00126452",113,77,36
"S00126453",96,81,15
"S00126454",75,56,19
"S00126455",102,69,33
"S00126456",68,56,12
"S00126457",133,113,20
"S00126458",153,141,12
"S00126459",77,63,14
"S00126460",78,65,13
"S00126461",93,75,18
"S00126462",142,125,17
"S00126463",114,98,16
"S00126464",129,103,26
"S00126465",173,164,9
"S00126466",153,86,67
"S00126467",92,72,20
"S00126468",175,154,21
"S00126469",147,136,11
"S00126470",185,166,19
"S00126471",127,110,17
"S00126472",125,117,8
"S00126473",98,96,2
"S00126474",162,136,26
"S00126475",119,111,8
"S00126476",127,112,15
"S00126477",122,113,9
"S00126478",104,98,6
"S00126479",96,81,15
"S00126480",92,73,19
"S00126481",149,113,36
"S00126482",82,73,9
"S00126483",117,97,20
"S00126484",145,124,21
"S00126485",109,93,16
"S00126486",116,107,9
"S00126487",121,108,13
"S00126488",151,140,11
"S00126489",77,71,6
"S00126490",100,81,19
"S00126491",136,121,15
"S00126492",218,205,13
"S00126493",103,87,16
"S00126494",58,52,6
"S00126495",122,105,17
"S00126496",158,148,10
"S00126497",104,95,9
"S00126498",86,71,15
"S00126499",130,120,10
"S00126500",80,63,17
"S00126501",98,88,10
"S00126502",132,102,30
"S00126503",67,59,8
"S00126504",166,153,13
"S00126505",113,102,11
"S00126506",106,93,13
"S00126507",121,107,14
"S00126508",97,84,13
"S00126509",106,92,14
"S00126510",121,118,3
"S00126511",199,194,5
"S00126512",165,153,12
"S00126513",191,176,15
"S00126514",82,75,7
"S00126515",119,107,12
"S00126516",110,96,14
"S00126517",108,90,18
"S00126518",83,72,11
"S00126519",73,55,18
"S00126520",150,121,29
"S00126521",165,145,20
"S00126522",118,95,23
"S00126523",50,36,14
"S00126524",89,76,13
"S00126525",106,89,17
"S00126526",77,62,15
"S00126527",122,110,12
"S00126528",97,74,23
"S00126529",127,91,36
"S00126530",129,102,27
"S00126531",126,97,29
"S00126532",136,109,27
"S00126533",61,49,12
"S00126534",115,82,33
"S00126535",106,84,22
"S00126536",65,60,5
"S00126537",58,51,7
"S00126538",90,74,16
"S00126539",123,105,18
"S00126540",72,49,23
"S00126541",74,54,20
"S00126542",114,93,21
"S00126543",129,107,22
"S00126544",150,126,24
"S00126545",105,84,21
"S00126546",89,69,20
"S00126547",110,95,15
"S00126548",127,97,30
"S00126549",101,89,12
"S00126550",62,47,15
"S00126551",140,120,20
"S00126552",86,68,18
"S00126553",118,86,32
"S00126554",114,93,21
"S00126555",98,78,20
"S00126556",110,90,20
"S00126557",90,77,13
"S00126558",118,101,17
"S00126559",163,140,23
"S00126560",147,124,23
"S00126561",144,115,29
"S00126562",125,105,20
"S00126563",84,64,20
"S00126564",129,95,34
"S00126565",102,85,17
"S00126566",84,69,15
"S00126567",151,138,13
"S00126568",210,191,19
"S00126569",164,132,32
"S00126570",130,102,28
"S00126571",160,136,24
"S00126572",146,124,22
"S00126573",71,70,1
"S00126574",64,53,11
"S00126575",118,99,19
"S00126576",126,110,16
"S00126577",126,106,20
"S00126578",203,162,41
"S00126579",173,134,39
"S00126580",130,98,32
"S00126581",156,138,18
"S00126582",110,85,25
"S00126583",142,122,20
"S00126584",54,40,14
"S00126585",148,119,29
"S00126586",114,87,27
"S00126587",95,82,13
"S00126588",91,82,9
"S00126589",121,99,22
"S00126590",89,71,18
"S00126591",135,115,20
"S00126592",115,91,24
"S00126593",109,99,10
"S00126594",186,161,25
"S00126595",113,90,23
"S00126596",103,84,19
"S00126597",185,157,28
"S00126598",169,147,22
"S00126599",99,67,32
"S00126600",162,143,19
"S00126601",116,98,18
"S00126602",170,136,34
"S00126603",120,95,25
"S00126604",105,79,26
"S00126605",71,56,15
"S00126606",116,98,18
"S00126607",154,133,21
"S00126608",90,62,28
"S00126609",129,108,21
"S00126610",88,77,11
"S00126611",121,102,19
"S00126612",72,54,18
"S00126613",62,40,22
"S00126614",129,99,30
"S00126615",122,102,20
"S00126616",58,49,9
"S00126617",84,72,12
"S00126618",142,122,20
"S00126619",146,118,28
"S00126620",147,120,27
"S00126621",95,77,18
"S00126622",84,68,16
"S00126623",130,102,28
"S00126624",108,95,13
"S00126625",107,86,21
"S00126626",105,76,29
"S00126627",54,41,13
"S00126628",110,94,16
"S00126629",111,91,20
"S00126630",66,58,8
"S00126631",74,57,17
"S00126632",92,72,20
"S00126633",119,93,26
"S00126634",66,60,6
"S00126635",110,99,11
"S00126636",81,69,12
"S00126637",121,106,15
"S00126638",102,88,14
"S00126639",69,57,12
"S00126640",119,102,17
"S00126641",131,119,12
"S00126642",163,141,22
"S00126643",78,73,5
"S00126644",117,101,16
"S00126645",94,82,12
"S00126646",98,80,18
"S00126647",143,130,13
"S00126648",218,138,80
"S00126649",137,125,12
"S00126650",114,103,11
"S00126651",99,93,6
"S00126652",88,79,9
"S00126653",75,68,7
"S00126654",97,86,11
"S00126655",110,92,18
"S00126656",98,88,10
"S00126657",125,112,13
"S00126658",93,68,25
"S00126659",82,76,6
"S00126660",92,87,5
"S00126661",103,86,17
"S00126662",85,61,24
"S00126663",103,97,6
"S00126664",98,75,23
"S00126665",142,125,17
"S00126666",189,156,33
"S00126667",77,61,16
"S00126668",110,84,26
"S00126669",123,113,10
"S00126670",67,53,14
"S00126671",131,118,13
"S00126672",79,70,9
"S00126673",185,150,35
"S00126674",63,45,18
"S00126675",76,27,49
"S00126676",100,75,25
"S00126677",130,116,14
"S00126678",130,118,12
"S00126679",124,103,21
"S00126680",162,133,29
"S00126681",109,93,16
"S00126682",123,113,10
"S00126683",250,205,45
"S00126684",110,90,20
"S00126685",131,97,34
"S00126686",113,79,34
"S00126687",184,170,14
"S00126688",97,89,8
"S00126689",92,82,10
"S00126690",126,116,10
"S00126691",79,63,16
"S00126692",111,98,13
"S00126693",99,84,15
"S00126694",134,114,20
"S00126695",77,61,16
"S00126696",59,53,6
"S00126697",88,71,17
"S00126698",67,48,19
"S00126699",145,105,40
"S00126700",75,53,22
"S00126701",119,87,32
"S00126702",104,79,25
"S00126703",110,88,22
"S00126704",78,62,16
"S00126705",59,33,26
"S00126706",84,74,10
"S00126707",92,79,13
"S00126708",128,114,14
"S00126709",79,62,17
"S00126710",123,88,35
"S00126711",83,66,17
"S00126712",118,107,11
"S00126713",156,120,36
"S00126714",163,143,20
"S00126715",96,76,20
"S00126716",117,97,20
"S00126717",101,85,16
"S00126718",120,109,11
"S00126719",151,131,20
"S00126720",97,81,16
"S00126721",128,115,13
"S00126722",136,127,9
"S00126723",128,117,11
"S00126724",101,89,12
"S00126725",120,101,19
"S00126726",160,146,14
"S00126727",164,147,17
"S00126728",77,60,17
"S00126729",146,111,35
"S00126730",151,128,23
"S00126731",131,111,20
"S00126732",84,76,8
"S00126733",126,117,9
"S00126734",114,106,8
"S00126735",89,81,8
"S00126736",92,79,13
"S00126737",75,69,6
"S00126738",113,109,4
"S00126739",110,102,8
"S00126740",138,115,23
"S00126741",113,101,12
"S00126742",108,90,18
"S00126743",100,85,15
"S00126744",92,84,8
"S00126745",136,118,18
"S00126746",73,69,4
"S00126747",123,113,10
"S00126748",89,83,6
"S00126749",163,140,23
"S00126750",125,117,8
"S00126751",105,89,16
"S00126752",98,88,10
"S00126753",103,92,11
"S00126754",106,95,11
"S00126755",79,68,11
"S00126756",135,121,14
"S00126757",98,87,11
"S00126758",96,85,11
"S00126759",99,90,9
"S00126760",88,75,13
"S00126761",76,63,13
"S00126762",77,68,9
"S00126763",119,94,25
"S00126764",151,116,35
"S00126765",112,87,25
"S00126766",139,129,10
"S00126767",134,98,36
"S00126768",60,53,7
"S00126769",156,117,39
"S00126770",111,83,28
"S00126771",94,73,21
"S00126772",139,116,23
"S00126773",127,112,15
"S00126774",139,125,14
"S00126775",96,81,15
"S00126776",71,66,5
"S00126777",76,59,17
"S00126778",73,58,15
"S00126779",97,89,8
"S00126780",99,92,7
"S00126781",181,170,11
"S00126782",148,131,17
"S00126783",119,104,15
"S00126784",69,48,21
"S00126785",157,140,17
"S00126786",124,99,25
"S00126787",113,87,26
"S00126788",91,70,21
"S00126789",127,108,19
"S00126790",120,100,20
"S00126791",60,53,7
"S00126792",75,64,11
"S00126793",117,103,14
"S00126794",154,109,45
"S00126795",150,122,28
"S00126796",77,60,17
"S00126797",83,68,15
"S00126798",147,121,26
"S00126799",99,82,17
"S00126800",94,82,12
"S00126801",132,105,27
"S00126802",76,62,14
"S00126803",109,94,15
"S00126804",68,47,21
"S00126805",163,148,15
"S00126806",81,67,14
"S00126807",110,81,29
"S00126808",98,74,24
"S00126809",103,85,18
"S00126810",100,89,11
"S00126811",167,140,27
"S00126812",98,70,28
"S00126813",174,110,64
"S00126814",119,105,14
"S00126815",53,43,10
"S00126816",122,101,21
"S00126817",91,77,14
"S00126818",141,126,15
"S00126819",60,43,17
"S00126820",68,62,6
"S00126821",99,86,13
"S00126822",94,84,10
"S00126823",88,72,16
"S00126824",85,64,21
"S00126825",110,89,21
"S00126826",103,91,12
"S00126827",146,122,24
"S00126828",155,127,28
"S00126829",123,112,11
"S00126830",81,74,7
"S00126831",89,80,9
"S00126832",70,62,8
"S00126833",165,150,15
"S00126834",100,76,24
"S00126835",101,77,24
"S00126836",96,73,23
"S00126837",131,120,11
"S00126838",70,63,7
"S00126839",153,145,8
"S00126840",176,153,23
"S00126841",120,114,6
"S00126842",115,103,12
"S00126843",164,145,19
"S00126844",155,141,14
"S00126845",119,103,16
"S00126846",86,66,20
"S00126847",82,70,12
"S00126848",88,80,8
"S00126849",133,118,15
"S00126850",114,99,15
"S00126851",102,88,14
"S00126852",103,97,6
"S00126853",116,105,11
"S00126854",71,56,15
"S00126855",64,57,7
"S00126856",127,120,7
"S00126857",124,114,10
"S00126858",56,46,10
"S00126859",126,101,25
"S00126860",136,106,30
"S00126861",81,55,26
"S00126862",118,86,32
"S00126863",107,98,9
"S00126864",188,168,20
"S00126865",85,72,13
"S00126866",82,72,10
"S00126867",126,104,22
"S00126868",113,103,10
"S00126869",91,78,13
"S00126870",121,99,22
"S00126871",110,98,12
"S00126872",127,109,18
"S00126873",125,108,17
"S00126874",111,92,19
"S00126875",147,122,25
"S00126876",87,68,19
"S00126877",64,59,5
"S00126878",133,109,24
"S00126879",118,94,24
"S00126880",128,115,13
"S00126881",120,98,22
"S00126882",132,116,16
"S00126883",108,97,11
"S00126884",124,111,13
"S00126885",80,61,19
"S00126886",78,68,10
"S00126887",113,99,14
"S00126888",80,69,11
"S00126889",103,93,10
"S00126890",93,75,18
"S00126891",82,71,11
"S00126892",162,140,22
"S00126893",115,102,13
"S00126894",90,69,21
"S00126895",99,75,24
"S00126896",156,132,24
"S00126897",102,78,24
"S00126898",157,108,49
"S00126899",118,103,15
"S00126900",110,89,21
"S00126901",112,99,13
"S00126902",93,82,11
"S00126903",94,79,15
"S00126904",124,96,28
"S00126905",83,71,12
"S00126906",170,157,13
"S00126907",128,100,28
"S00126908",136,116,20
"S00126909",93,86,7
"S00126910",130,105,25
"S00126911",94,83,11
"S00126912",146,109,37
"S00126913",160,134,26
"S00126914",66,55,11
"S00126915",77,60,17
"S00126916",80,66,14
"S00126917",101,86,15
"S00126918",97,83,14
"S00126919",165,105,60
"S00126920",79,58,21
"S00126921",93,82,11
"S00126922",149,98,51
"S00126923",146,123,23
"S00126924",79,73,6
"S00126925",169,153,16
"S00126926",64,56,8
"S00126927",96,71,25
"S00126928",84,69,15
"S00126929",93,78,15
"S00126930",133,118,15
"S00126931",110,81,29
"S00126932",156,127,29
"S00126933",140,129,11
"S00126934",66,48,18
"S00126935",116,99,17
"S00126936",128,112,16
"S00126937",105,91,14
"S00126938",100,84,16
"S00126939",105,84,21
"S00126940",100,72,28
"S00126941",82,65,17
"S00126942",108,97,11
"S00126943",66,59,7
"S00126944",78,62,16
"S00126945",115,85,30
"S00126946",122,110,12
"S00126947",95,86,9
"S00126948",105,93,12
"S00126949",115,91,24
"S00126950",81,67,14
"S00126951",139,115,24
"S00126952",166,122,44
"S00126953",99,89,10
"S00126954",130,106,24
"S00126955",143,120,23
"S00126956",97,80,17
"S00126957",115,74,41
"S00126958",123,107,16
"S00126959",80,60,20
"S00126960",146,123,23
"S00126961",151,133,18
"S00126962",90,75,15
"S00126963",128,107,21
"S00126964",139,118,21
"S00126965",89,71,18
"S00126966",124,105,19
"S00126967",139,110,29
"S00126968",88,73,15
"S00126969",99,69,30
"S00126970",120,97,23
"S00126971",136,106,30
"S00126972",98,82,16
"S00126973",147,124,23
"S00126974",131,97,34
"S00126975",53,48,5
"S00126976",148,122,26
"S00126977",164,143,21
"S00126978",135,120,15
"S00126979",134,122,12
"S00126980",148,128,20
"S00126981",125,96,29
"S00126982",106,93,13
"S00126983",148,122,26
"S00126984",113,90,23
"S00126985",136,113,23
"S00126986",63,54,9
"S00126987",108,90,18
"S00126988",121,96,25
"S00126989",191,159,32
"S00126990",85,71,14
"S00126991",107,87,20
"S00126992",139,124,15
"S00126993",86,69,17
"S00126994",90,70,20
"S00126995",127,104,23
"S00126996",131,121,10
"S00126997",129,105,24
"S00126998",170,147,23
"S00126999",131,111,20
"S00127000",129,118,11
"S00127001",162,139,23
"S00127002",137,125,12
"S00127003",116,93,23
"S00127004",166,146,20
"S00127005",123,106,17
"S00127006",140,117,23
"S00127007",85,74,11
"S00127008",173,160,13
"S00127009",111,99,12
"S00127010",62,55,7
"S00127011",136,118,18
"S00127012",63,51,12
"S00127013",162,154,8
"S00127014",90,79,11
"S00127015",53,48,5
"S00127016",122,105,17
"S00127017",54,45,9
"S00127018",97,80,17
"S00127019",155,144,11
"S00127020",81,67,14
"S00127021",105,91,14
"S00127022",87,78,9
"S00127023",71,55,16
"S00127024",95,74,21
"S00127025",63,42,21
"S00127026",136,121,15
"S00127027",59,48,11
"S00127028",83,68,15
"S00127029",103,89,14
"S00127030",86,68,18
"S00127031",123,109,14
"S00127032",69,60,9
"S00127033",104,91,13
"S00127034",104,74,30
"S00127035",154,95,59
"S00127036",197,167,30
"S00127037",121,100,21
"S00127038",133,116,17
"S00127039",270,253,17
"S00127040",99,89,10
"S00127041",118,102,16
"S00127042",512,500,12
"S00127043",175,157,18
"S00127044",109,101,8
"S00127045",119,109,10
"S00127046",86,76,10
"S00127047",86,72,14
"S00127048",55,46,9
"S00127049",67,61,6
"S00127050",176,151,25
"S00127051",119,103,16
"S00127052",117,103,14
"S00127053",68,62,6
"S00127054",80,66,14
"S00127055",117,101,16
"S00127056",219,204,15
"S00127057",165,152,13
"S00127058",103,96,7
"S00127059",71,55,16
"S00127060",113,100,13
"S00127061",187,170,17
"S00127062",103,84,19
"S00127063",143,124,19
"S00127064",117,95,22
"S00127065",90,80,10
"S00127066",130,114,16
"S00127067",104,89,15
"S00127068",68,64,4
"S00127069",64,59,5
"S00127070",117,96,21
"S00127071",99,86,13
"S00127072",148,133,15
"S00127073",73,60,13
"S00127074",69,61,8
"S00127075",95,79,16
"S00127076",89,76,13
"S00127077",68,63,5
"S00127078",58,54,4
"S00127079",110,88,22
"S00127080",110,100,10
"S00127081",89,74,15
"S00127082",152,129,23
"S00127083",63,58,5
"S00127084",63,51,12
"S00127085",92,82,10
"S00127086",92,87,5
"S00127087",67,60,7
"S00127088",77,63,14
"S00127089",52,43,9
"S00127090",140,121,19
"S00127091",121,107,14
"S00127092",160,143,17
"S00127093",75,67,8
"S00127094",60,46,14
"S00127095",140,105,35
"S00127096",77,60,17
"S00127097",78,64,14
"S00127098",116,98,18
"S00127099",114,101,13
"S00127100",51,44,7
"S00127101",65,55,10
"S00127102",83,80,3
"S00127103",85,76,9
"S00127104",103,92,11
"S00127105",147,138,9
"S00127106",74,69,5
"S00127107",182,166,16
"S00127108",121,115,6
"S00127109",71,50,21
"S00127110",74,61,13
"S00127111",65,55,10
"S00127112",76,52,24
"S00127113",127,112,15
"S00127114",147,139,8
"S00127115",115,96,19
"S00127116",198,186,12
"S00127117",128,123,5
"S00127118",170,165,5
"S00127119",91,62,29
"S00127120",53,33,20
"S00127121",94,82,12
"S00127122",103,90,13
"S00127123",66,57,9
"S00127124",75,67,8
"S00127125",124,95,29
"S00127126",123,113,10
"S00127127",92,80,12
"S00127128",103,93,10
"S00127129",132,108,24
"S00127130",94,86,8
"S00127131",82,68,14
"S00127132",99,84,15
"S00127133",149,128,21
"S00127134",91,79,12
"S00127135",55,22,33
"S00127136",95,77,18
"S00127137",169,149,20
"S00127138",139,113,26
"S00127139",116,103,13
"S00127140",82,65,17
"S00127141",125,108,17
"S00127142",105,89,16
"S00127143",70,51,19
"S00127144",85,59,26
"S00127145",168,135,33
"S00127146",80,65,15
"S00127147",104,86,18
"S00127148",62,46,16
"S00127149",196,182,14
"S00127150",120,109,11
"S00127151",164,157,7
"S00127152",282,227,55
"S00127153",147,124,23
"S00127154",113,99,14
"S00127155",134,125,9
"S00127156",180,165,15
"S00127157",227,211,16
"S00127158",147,134,13
"S00127159",141,128,13
"S00127160",91,67,24
"S00127161",133,116,17
"S00127162",132,114,18
"S00127163",154,139,15
"S00127164",168,123,45
"S00127165",206,188,18
"S00127166",193,173,20
"S00127167",104,92,12
"S00127168",124,108,16
"S00127169",106,88,18
"S00127170",58,46,12
"S00127171",121,111,10
"S00127172",65,56,9
"S00127173",99,92,7
"S00127174",85,76,9
"S00127175",118,111,7
"S00127176",174,162,12
"S00127177",178,164,14
"S00127178",131,117,14
"S00127179",62,50,12
"S00127180",142,123,19
"S00127181",56,52,4
"S00127182",125,113,12
"S00127183",177,138,39
"S00127184",138,124,14
"S00127185",188,171,17
"S00127186",108,93,15
"S00127187",74,66,8
"S00127188",75,62,13
"S00127189",103,89,14
"S00127190",102,86,16
"S00127191",120,108,12
"S00127192",118,109,9
"S00127193",130,113,17
"S00127194",141,114,27
"S00127195",108,101,7
"S00127196",92,76,16
"S00127197",126,112,14
"S00127198",130,115,15
"S00127199",116,98,18
"S00127200",136,115,21
"S00127201",91,83,8
"S00127202",132,113,19
"S00127203",91,73,18
"S00127204",57,53,4
"S00127205",102,86,16
"S00127206",98,90,8
"S00127207",192,173,19
"S00127208",96,82,14
"S00127209",126,104,22
"S00127210",150,127,23
"S00127211",62,49,13
"S00127212",114,104,10
"S00127213",71,63,8
"S00127214",145,117,28
"S00127215",158,135,23
"S00127216",156,128,28
"S00127217",65,52,13
"S00127218",127,118,9
"S00127219",107,90,17
"S00127220",64,56,8
"S00127221",159,140,19
"S00127222",90,73,17
"S00127223",68,56,12
"S00127224",143,116,27
"S00127225",79,46,33
"S00127226",140,122,18
"S00127227",82,64,18
"S00127228",57,44,13
"S00127229",106,92,14
"S00127230",163,144,19
"S00127231",86,77,9
"S00127232",110,93,17
"S00127233",71,58,13
"S00127234",83,69,14
"S00127235",53,29,24
"S00127236",76,72,4
"S00127237",119,112,7
"S00127238",142,125,17
"S00127239",204,128,76
"S00127240",171,152,19
"S00127241",97,86,11
"S00127242",101,99,2
"S00127243",150,139,11
"S00127244",105,99,6
"S00127245",137,128,9
"S00127246",96,92,4
"S00127247",128,113,15
"S00127248",64,56,8
"S00127249",168,150,18
"S00127250",143,128,15
"S00127251",168,153,15
"S00127252",61,47,14
"S00127253",103,83,20
"S00127254",119,99,20
"S00127255",54,46,8
"S00127256",215,202,13
"S00127257",169,162,7
"S00127258",136,126,10
"S00127259",197,187,10
"S00127260",115,103,12
"S00127261",140,135,5
"S00127262",64,59,5
"S00127263",84,71,13
"S00127264",132,107,25
"S00127265",106,89,17
"S00127266",158,130,28
"S00127267",248,165,83
"S00127268",115,102,13
"S00127269",97,72,25
"S00127270",94,81,13
"S00127271",123,92,31
"S00127272",51,48,3
"S00127273",131,115,16
"S00127274",67,60,7
"S00127275",94,73,21
"S00127276",81,61,20
"S00127277",97,63,34
"S00127278",119,109,10
"S00127279",64,60,4
"S00127280",52,43,9
"S00127281",61,26,35
"S00127282",99,66,33
"S00127283",79,61,18
"S00127284",154,142,12
"S00127285",82,71,11
"S00127286",105,73,32
"S00127287",108,93,15
"S00127288",109,101,8
"S00127289",115,107,8
"S00127290",106,99,7
"S00127291",84,63,21
"S00127292",95,75,20
"S00127293",84,76,8
"S00127294",125,87,38
"S00127295",207,148,59
"S00127296",126,107,19
"S00127297",71,57,14
"S00127298",103,86,17
"S00127299",60,49,11
"S00127300",120,109,11
"S00127301",591,476,115
"S00127302",65,54,11
"S00127303",70,56,14
"S00127304",53,22,31
"S00127305",118,89,29
"S00127306",65,55,10
"S00127307",83,44,39
"S00127308",116,98,18
"S00127309",102,83,19
"S00127310",105,97,8
"S00127311",59,53,6
"S00127312",90,77,13
"S00127313",80,70,10
"S00127314",90,73,17
"S00127315",141,114,27
"S00127316",99,81,18
"S00127317",53,22,31
"S00127318",137,128,9
"S00127319",64,56,8
"S00127320",78,68,10
"S00127321",104,91,13
"S00127322",220,161,59
"S00127323",64,49,15
"S00127324",161,137,24
"S00127325",111,98,13
"S00127326",73,69,4
"S00127327",154,123,31
"S00127328",79,68,11
"S00127329",92,74,18
"S00127330",101,78,23
"S00127331",133,125,8
"S00127332",95,87,8
"S00127333",131,106,25
"S00127334",139,117,22
"S00127335",105,88,17
"S00127336",88,82,6
"S00127337",138,123,15
"S00127338",152,111,41
"S00127339",92,83,9
"S00127340",118,81,37
"S00127341",127,101,26
"S00127342",118,101,17
"S00127343",168,142,26
"S00127344",76,53,23
"S00127345",74,67,7
"S00127346",121,97,24
"S00127347",121,102,19
"S00127348",94,75,19
"S00127349",79,68,11
"S00127350",151,124,27
"S00127351",85,66,19
"S00127352",170,160,10
"S00127353",63,47,16
"S00127354",58,28,30
"S00127355",95,80,15
"S00127356",164,140,24
"S00127357",66,46,20
"S00127358",158,124,34
"S00127359",81,62,19
"S00127360",128,102,26
"S00127361",93,74,19
"S00127362",50,36,14
"S00127363",124,103,21
"S00127364",71,61,10
"S00127365",137,130,7
"S00127366",194,177,17
"S00127367",161,139,22
"S00127368",151,130,21
"S00127369",68,55,13
"S00127370",148,127,21
"S00127371",182,165,17
"S00127372",337,312,25
"S00127373",116,98,18
"S00127374",57,47,10
"S00127375",89,81,8
"S00127376",94,80,14
"S00127377",60,45,15
"S00127378",145,127,18
"S00127379",96,88,8
"S00127380",92,80,12
"S00127381",172,158,14
"S00127382",184,167,17
"S00127383",133,107,26
"S00127384",135,123,12
"S00127385",157,147,10
"S00127386",204,196,8
"S00127387",171,169,2
"S00127388",209,121,88
"S00127389",113,105,8
"S00127390",123,116,7
"S00127391",71,60,11
"S00127392",57,53,4
"S00127393",56,42,14
"S00127394",64,52,12
"S00127395",137,116,21
"S00127396",156,136,20
"S00127397",107,93,14
"S00127398",119,103,16
"S00127399",97,78,19
"S00127400",56,51,5
"S00127401",155,127,28
"S00127402",116,97,19
"S00127403",95,62,33
"S00127404",127,108,19
"S00127405",93,81,12
"S00127406",112,88,24
"S00127407",123,89,34
"S00127408",144,119,25
"S00127409",124,113,11
"S00127410",143,114,29
"S00127411",138,106,32
"S00127412",133,100,33
"S00127413",108,87,21
"S00127414",74,58,16
"S00127415",109,81,28
"S00127416",116,88,28
"S00127417",147,123,24
"S00127418",65,26,39
"S00127419",78,64,14
"S00127420",97,67,30
"S00127421",124,107,17
"S00127422",79,66,13
"S00127423",86,51,35
"S00127424",109,71,38
"S00127425",70,57,13
"S00127426",103,92,11
"S00127427",61,47,14
"S00127428",97,71,26
"S00127429",150,120,30
"S00127430",109,81,28
"S00127431",207,155,52
"S00127432",150,106,44
"S00127433",168,130,38
"S00127434",108,85,23
"S00127435",68,45,23
"S00127436",58,35,23
"S00127437",65,39,26
"S00127438",58,43,15
"S00127439",84,57,27
"S00127440",124,90,34
"S00127441",79,60,19
"S00127442",91,72,19
"S00127443",90,47,43
"S00127444",83,50,33
"S00127445",74,54,20
"S00127446",56,34,22
"S00127447",68,45,23
"S00127448",97,58,39
"S00127449",113,94,19
"S00127450",84,65,19
"S00127451",145,117,28
"S00127452",63,36,27
"S00127453",51,45,6
"S00127454",77,50,27
"S00127455",96,80,16
"S00127456",72,64,8
"S00127457",90,72,18
"S00127458",195,174,21
"S00127459",159,107,52
"S00127460",120,110,10
"S00127461",56,31,25
"S00127462",96,81,15
"S00127463",118,101,17
"S00127464",117,83,34
"S00127465",83,64,19
"S00127466",102,66,36
"S00127467",92,84,8
"S00127468",114,81,33
"S00127469",79,57,22
"S00127470",117,95,22
"S00127471",88,31,57
"S00127472",95,77,18
"S00127473",86,73,13
"S00127474",127,90,37
"S00127475",151,122,29
"S00127476",59,43,16
"S00127477",96,55,41
"S00127478",124,119,5
"S00127479",91,73,18
"S00127480",119,72,47
"S00127481",68,47,21
"S00127482",76,54,22
"S00127483",115,74,41
"S00127484",97,74,23
"S00127485",171,135,36
"S00127486",92,65,27
"S00127487",80,72,8
"S00127488",114,65,49
"S00127489",72,58,14
"S00127490",81,58,23
"S00127491",107,86,21
"S00127492",81,68,13
"S00127493",104,96,8
"S00127494",111,78,33
"S00127495",121,91,30
"S00127496",91,69,22
"S00127497",95,68,27
"S00127498",112,90,22
"S00127499",74,62,12
"S00127500",93,76,17
"S00127501",77,66,11
"S00127502",87,59,28
"S00127503",107,66,41
"S00127504",67,57,10
"S00127505",81,57,24
"S00127506",171,147,24
"S00127507",135,101,34
"S00127508",89,74,15
"S00127509",109,93,16
"S00127510",166,126,40
"S00127511",145,104,41
"S00127512",113,95,18
"S00127513",157,121,36
"S00127514",69,52,17
"S00127515",132,97,35
"S00127516",155,132,23
"S00127517",187,145,42
"S00127518",151,118,33
"S00127519",187,150,37
"S00127520",115,100,15
"S00127521",157,132,25
"S00127522",113,90,23
"S00127523",161,129,32
"S00127524",65,49,16
"S00127525",106,75,31
"S00127526",98,82,16
"S00127527",191,158,33
"S00127528",58,42,16
"S00127529",166,118,48
"S00127530",96,74,22
"S00127531",99,76,23
"S00127532",151,115,36
"S00127533",165,134,31
"S00127534",93,78,15
"S00127535",85,51,34
"S00127536",88,60,28
"S00127537",100,73,27
"S00127538",82,64,18
"S00127539",71,45,26
"S00127540",149,113,36
"S00127541",102,87,15
"S00127542",161,122,39
"S00127543",115,87,28
"S00127544",171,134,37
"S00127545",133,106,27
"S00127546",138,119,19
"S00127547",152,108,44
"S00127548",65,51,14
"S00127549",199,181,18
"S00127550",134,113,21
"S00127551",180,162,18
"S00127552",125,89,36
"S00127553",109,88,21
"S00127554",154,138,16
"S00127555",155,132,23
"S00127556",136,121,15
"S00127557",113,96,17
"S00127558",136,120,16
"S00127559",103,93,10
"S00127560",117,98,19
"S00127561",132,116,16
"S00127562",96,79,17
"S00127563",122,88,34
"S00127564",91,78,13
"S00127565",168,139,29
"S00127566",89,82,7
"S00127567",142,123,19
"S00127568",123,93,30
"S00127569",122,99,23
"S00127570",100,74,26
"S00127571",71,61,10
"S00127572",107,86,21
"S00127573",117,82,35
"S00127574",186,164,22
"S00127575",91,62,29
"S00127576",97,78,19
"S00127577",171,137,34
"S00127578",148,115,33
"S00127579",117,104,13
"S00127580",83,76,7
"S00127581",163,125,38
"S00127582",102,77,25
"S00127583",147,121,26
"S00127584",101,66,35
"S00127585",109,95,14
"S00127586",129,104,25
"S00127587",131,104,27
"S00127588",142,132,10
"S00127589",134,106,28
"S00127590",180,145,35
"S00127591",170,138,32
"S00127592",148,126,22
"S00127593",147,124,23
"S00127594",59,45,14
"S00127595",169,132,37
"S00127596",171,139,32
"S00127597",83,58,25
"S00127598",133,106,27
"S00127599",182,150,32
"S00127600",62,48,14
"S00127601",121,90,31
"S00127602",112,95,17
"S00127603",98,77,21
"S00127604",62,51,11
"S00127605",166,121,45
"S00127606",106,85,21
"S00127607",124,86,38
"S00127608",85,49,36
"S00127609",50,38,12
"S00127610",107,81,26
"S00127611",103,74,29
"S00127612",79,59,20
"S00127613",88,62,26
"S00127614",148,98,50
"S00127615",138,96,42
"S00127616",139,106,33
"S00127617",71,58,13
"S00127618",51,29,22
"S00127619",80,59,21
"S00127620",110,76,34
"S00127621",149,113,36
"S00127622",128,88,40
"S00127623",175,138,37
"S00127624",86,72,14
"S00127625",121,98,23
"S00127626",81,66,15
"S00127627",67,60,7
"S00127628",92,67,25
"S00127629",74,53,21
"S00127630",67,55,12
"S00127631",110,89,21
"S00127632",67,42,25
"S00127633",83,73,10
"S00127634",51,38,13
"S00127635",89,75,14
"S00127636",58,46,12
"S00127637",133,105,28
"S00127638",93,63,30
"S00127639",95,82,13
"S00127640",85,54,31
"S00127641",64,40,24
"S00127642",75,45,30
"S00127643",116,93,23
"S00127644",120,99,21
"S00127645",97,60,37
"S00127646",153,143,10
"S00127647",85,67,18
"S00127648",78,55,23
"S00127649",81,58,23
"S00127650",61,43,18
"S00127651",134,105,29
"S00127652",73,54,19
"S00127653",59,39,20
"S00127654",104,91,13
"S00127655",88,72,16
"S00127656",52,32,20
"S00127657",62,43,19
"S00127658",60,30,30
"S00127659",125,110,15
"S00127660",100,71,29
"S00127661",83,62,21
"S00127662",83,65,18
"S00127663",117,91,26
"S00127664",92,72,20
"S00127665",86,71,15
"S00127666",73,60,13
"S00127667",109,79,30
"S00127668",73,51,22
"S00127669",129,119,10
"S00127670",57,56,1
"S00127671",99,84,15
"S00127672",114,99,15
"S00127673",108,89,19
"S00127674",122,63,59
"S00127675",108,56,52
"S00127676",82,61,21
"S00127677",107,71,36
"S00127678",114,96,18
"S00127679",92,55,37
"S00127680",86,41,45
"S00127681",82,62,20
"S00127682",103,53,50
"S00127683",104,83,21
"S00127684",105,78,27
"S00127685",77,51,26
"S00127686",92,62,30
"S00127687",126,110,16
"S00127688",113,92,21
"S00127689",76,63,13
"S00127690",65,57,8
"S00127691",61,39,22
"S00127692",99,63,36
"S00127693",57,46,11
"S00127694",68,52,16
"S00127695",110,90,20
"S00127696",69,57,12
"S00127697",100,52,48
"S00127698",81,51,30
"S00127699",154,108,46
"S00127700",74,49,25
"S00127701",76,46,30
"S00127702",87,52,35
"S00127703",98,73,25
"S00127704",61,54,7
"S00127705",51,37,14
"S00127706",68,55,13
"S00127707",96,76,20
"S00127708",66,53,13
"S00127709",112,86,26
"S00127710",92,71,21
"S00127711",138,94,44
"S00127712",100,65,35
"S00127713",126,114,12
"S00127714",119,110,9
"S00127715",113,99,14
"S00127716",113,79,34
"S00127717",102,62,40
"S00127718",60,37,23
"S00127719",85,77,8
"S00127720",130,96,34
"S00127721",79,50,29
"S00127722",111,85,26
"S00127723",121,105,16
"S00127724",119,100,19
"S00127725",162,120,42
"S00127726",96,68,28
"S00127727",91,73,18
"S00127728",165,152,13
"S00127729",125,118,7
"S00127730",83,55,28
"S00127731",121,110,11
"S00127732",116,106,10
"S00127733",62,51,11
"S00127734",77,52,25
"S00127735",126,93,33
"S00127736",76,43,33
"S00127737",92,59,33
"S00127738",85,59,26
"S00127739",151,110,41
"S00127740",126,98,28
"S00127741",77,61,16
"S00127742",66,46,20
"S00127743",56,49,7
"S00127744",136,120,16
"S00127745",163,146,17
"S00127746",125,111,14
"S00127747",99,83,16
"S00127748",95,86,9
"S00127749",152,131,21
"S00127750",104,94,10
"S00127751",112,100,12
"S00127752",128,106,22
"S00127753",61,51,10
"S00127754",83,75,8
"S00127755",121,107,14
"S00127756",117,94,23
"S00127757",150,126,24
"S00127758",133,122,11
"S00127759",129,111,18
"S00127760",136,121,15
"S00127761",124,112,12
"S00127762",102,90,12
"S00127763",82,71,11
"S00127764",149,130,19
"S00127765",163,131,32
"S00127766",186,164,22
"S00127767",125,109,16
"S00127768",156,133,23
"S00127769",79,72,7
"S00127770",162,143,19
"S00127771",157,132,25
"S00127772",83,42,41
"S00127773",98,89,9
"S00127774",95,83,12
"S00127775",144,132,12
"S00127776",108,95,13
"S00127777",106,86,20
"S00127778",198,173,25
"S00127779",179,160,19
"S00127780",122,102,20
"S00127781",104,84,20
"S00127782",126,108,18
"S00127783",114,96,18
"S00127784",105,93,12
"S00127785",103,87,16
"S00127786",118,103,15
"S00127787",121,82,39
"S00127788",87,77,10
"S00127789",143,122,21
"S00127790",72,59,13
"S00127791",165,146,19
"S00127792",128,107,21
"S00127793",106,101,5
"S00127794",117,107,10
"S00127795",121,101,20
"S00127796",103,98,5
"S00127797",118,82,36
"S00127798",137,108,29
"S00127799",115,108,7
"S00127800",156,61,95
"S00127801",53,28,25
"S00127802",62,23,39
"S00127803",59,35,24
"S00127804",64,36,28
"S00127805",65,29,36
"S00127806",82,50,32
"S00127807",77,59,18
"S00127808",121,106,15
"S00127809",137,118,19
"S00127810",82,77,5
"S00127811",105,86,19
"S00127812",187,157,30
"S00127813",146,139,7
"S00127814",92,69,23
"S00127815",95,73,22
"S00127816",97,82,15
"S00127817",115,75,40
"S00127818",65,37,28
"S00127819",105,62,43
"S00127820",102,62,40
"S00127821",81,56,25
"S00127822",80,52,28
"S00127823",98,61,37
"S00127824",77,45,32
"S00127825",65,40,25
"S00127826",83,62,21
"S00127827",63,33,30
"S00127828",71,50,21
"S00127829",140,122,18
"S00127830",107,78,29
"S00127831",119,92,27
"S00127832",80,59,21
"S00127833",183,149,34
"S00127834",182,131,51
"S00127835",80,53,27
"S00127836",106,90,16
"S00127837",78,61,17
"S00127838",105,69,36
"S00127839",183,166,17
"S00127840",112,69,43
"S00127841",112,82,30
"S00127842",93,77,16
"S00127843",74,61,13
"S00127844",77,54,23
"S00127845",142,121,21
"S00127846",133,110,23
"S00127847",88,72,16
"S00127848",111,86,25
"S00127849",75,57,18
"S00127850",55,30,25
"S00127851",160,126,34
"S00127852",82,67,15
"S00127853",64,52,12
"S00127854",214,134,80
"S00127855",102,81,21
"S00127856",151,100,51
"S00127857",64,54,10
"S00127858",179,152,27
"S00127859",91,72,19
"S00127860",145,127,18
"S00127861",302,283,19
"S00127862",58,49,9
"S00127863",126,103,23
"S00127864",119,99,20
"S00127865",70,58,12
"S00127866",123,111,12
"S00127867",108,93,15
"S00127868",125,93,32
"S00127869",98,60,38
"S00127870",121,90,31
"S00127871",90,68,22
"S00127872",94,72,22
"S00127873",116,94,22
"S00127874",158,147,11
"S00127875",100,77,23
"S00127876",128,97,31
"S00127877",71,50,21
"S00127878",124,103,21
"S00127879",99,79,20
"S00127880",72,51,21
"S00127881",98,74,24
"S00127882",123,101,22
"S00127883",150,119,31
"S00127884",121,100,21
"S00127885",99,78,21
"S00127886",88,60,28
"S00127887",79,67,12
"S00127888",96,82,14
"S00127889",93,70,23
"S00127890",123,102,21
"S00127891",113,88,25
"S00127892",184,134,50
"S00127893",170,138,32
"S00127894",116,94,22
"S00127895",66,39,27
"S00127896",106,73,33
"S00127897",148,105,43
"S00127898",126,100,26
"S00127899",94,71,23
"S00127900",109,77,32
"S00127901",108,80,28
"S00127902",113,93,20
"S00127903",116,95,21
"S00127904",118,76,42
"S00127905",106,88,18
"S00127906",111,95,16
"S00127907",127,108,19
"S00127908",96,75,21
"S00127909",209,93,116
"S00127910",97,75,22
"S00127911",172,132,40
"S00127912",145,113,32
"S00127913",129,107,22
"S00127914",83,68,15
"S00127915",127,109,18
"S00127916",102,76,26
"S00127917",122,96,26
"S00127918",151,119,32
"S00127919",136,104,32
"S00127920",107,78,29
"S00127921",61,48,13
"S00127922",74,53,21
"S00127923",116,86,30
"S00127924",101,89,12
"S00127925",125,103,22
"S00127926",134,109,25
"S00127927",182,163,19
"S00127928",150,130,20
"S00127929",104,93,11
"S00127930",81,62,19
"S00127931",86,68,18
"S00127932",96,84,12
"S00127933",138,125,13
"S00127934",139,124,15
"S00127935",119,101,18
"S00127936",90,67,23
"S00127937",114,88,26
"S00127938",122,100,22
"S00127939",83,74,9
"S00127940",132,122,10
"S00127941",111,92,19
"S00127942",65,52,13
"S00127943",82,52,30
"S00127944",79,75,4
"S00127945",149,120,29
"S00127946",108,86,22
"S00127947",199,75,124
"S00127948",97,74,23
"S00127949",82,61,21
"S00127950",65,59,6
"S00127951",67,45,22
"S00127952",72,49,23
"S00127953",106,85,21
"S00127954",115,98,17
"S00127955",58,40,18
"S00127956",150,116,34
"S00127957",86,69,17
"S00127958",106,87,19
"S00127959",64,55,9
"S00127960",64,50,14
"S00127961",71,59,12
"S00127962",76,51,25
"S00127963",59,43,16
"S00127964",57,53,4
"S00127965",76,60,16
"S00127966",83,42,41
"S00127967",120,109,11
"S00127968",123,103,20
"S00127969",106,90,16
"S00127970",64,53,11
"S00127971",90,84,6
"S00127972",104,91,13
"S00127973",128,115,13
"S00127974",97,89,8
"S00127975",131,114,17
"S00127976",86,71,15
"S00127977",129,108,21
"S00127978",120,101,19
"S00127979",100,92,8
"S00127980",139,119,20
"S00127981",143,127,16
"S00127982",120,107,13
"S00127983",100,93,7
"S00127984",100,87,13
"S00127985",136,117,19
"S00127986",94,89,5
"S00127987",87,72,15
"S00127988",122,106,16
"S00127989",118,106,12
"S00127990",149,119,30
"S00127991",97,72,25
"S00127992",75,53,22
"S00127993",137,111,26
"S00127994",110,95,15
"S00127995",107,84,23
"S00127996",119,98,21
"S00127997",104,84,20
"S00127998",91,74,17
"S00127999",52,34,18
"S00128000",150,129,21
"S00128001",113,93,20
"S00128002",107,83,24
"S00128003",74,57,17
"S00128004",129,110,19
"S00128005",84,74,10
"S00128006",100,80,20
"S00128007",68,44,24
"S00128008",69,45,24
"S00128009",104,74,30
"S00128010",108,90,18
"S00128011",115,90,25
"S00128012",102,76,26
"S00128013",68,54,14
"S00128014",175,99,76
"S00128015",156,117,39
"S00128016",101,71,30
"S00128017",83,59,24
"S00128018",105,74,31
"S00128019",81,54,27
"S00128020",94,65,29
"S00128021",71,62,9
"S00128022",80,57,23
"S00128023",63,42,21
"S00128024",89,66,23
"S00128025",115,84,31
"S00128026",171,137,34
"S00128027",151,111,40
"S00128028",74,56,18
"S00128029",134,116,18
"S00128030",92,72,20
"S00128031",142,100,42
"S00128032",108,71,37
"S00128033",71,40,31
"S00128034",123,107,16
"S00128035",127,119,8
"S00128036",99,80,19
"S00128037",63,56,7
"S00128038",65,42,23
"S00128039",168,129,39
"S00128040",62,40,22
"S00128041",52,37,15
"S00128042",75,54,21
"S00128043",75,48,27
"S00128044",136,114,22
"S00128045",102,83,19
"S00128046",142,105,37
"S00128047",89,56,33
"S00128048",66,45,21
"S00128049",67,36,31
"S00128050",81,56,25
"S00128051",75,57,18
"S00128052",95,64,31
"S00128053",114,88,26
"S00128054",82,74,8
"S00128055",157,123,34
"S00128056",59,54,5
"S00128057",139,116,23
"S00128058",203,191,12
"S00128059",131,125,6
"S00128060",148,129,19
"S00128061",95,71,24
"S00128062",103,82,21
"S00128063",80,48,32
"S00128064",99,76,23
"S00128065",81,55,26
"S00128066",111,80,31
"S00128067",78,41,37
"S00128068",89,68,21
"S00128069",73,41,32
"S00128070",75,47,28
"S00128071",79,69,10
"S00128072",154,139,15
"S00128073",80,58,22
"S00128074",98,86,12
"S00128075",82,54,28
"S00128076",86,56,30
"S00128077",124,96,28
"S00128078",79,38,41
"S00128079",62,43,19
"S00128080",115,85,30
"S00128081",62,40,22
"S00128082",99,66,33
"S00128083",97,71,26
"S00128084",121,80,41
"S00128085",98,76,22
"S00128086",84,71,13
"S00128087",131,99,32
"S00128088",103,82,21
"S00128089",81,52,29
"S00128090",105,76,29
"S00128091",93,67,26
"S00128092",92,67,25
"S00128093",101,77,24
"S00128094",89,64,25
"S00128095",97,79,18
"S00128096",98,69,29
"S00128097",130,101,29
"S00128098",131,91,40
"S00128099",74,55,19
"S00128100",108,65,43
"S00128101",130,91,39
"S00128102",95,73,22
"S00128103",87,61,26
"S00128104",102,70,32
"S00128105",84,56,28
"S00128106",82,73,9
"S00128107",65,57,8
"S00128108",151,102,49
"S00128109",118,90,28
"S00128110",127,104,23
"S00128111",144,118,26
"S00128112",215,171,44
"S00128113",109,65,44
"S00128114",103,82,21
"S00128115",96,86,10
"S00128116",77,58,19
"S00128117",84,67,17
"S00128118",134,111,23
"S00128119",101,93,8
"S00128120",112,87,25
"S00128121",106,87,19
"S00128122",115,101,14
"S00128123",121,97,24
"S00128124",112,98,14
"S00128125",186,148,38
"S00128126",87,59,28
"S00128127",128,119,9
"S00128128",106,103,3
"S00128129",174,79,95
"S00128130",51,47,4
"S00128131",119,93,26
"S00128132",89,78,11
"S00128133",124,103,21
"S00128134",92,68,24
"S00128135",90,64,26
"S00128136",99,64,35
"S00128137",158,117,41
"S00128138",52,36,16
"S00128139",100,72,28
"S00128140",96,80,16
"S00128141",113,84,29
"S00128142",60,36,24
"S00128143",57,24,33
"S00128144",210,186,24
"S00128145",101,90,11
"S00128146",139,110,29
"S00128147",94,78,16
"S00128148",86,49,37
"S00128149",71,53,18
"S00128150",117,95,22
"S00128151",134,110,24
"S00128152",115,109,6
"S00128153",128,112,16
"S00128154",136,124,12
"S00128155",104,78,26
"S00128156",130,105,25
"S00128157",127,95,32
"S00128158",76,49,27
"S00128159",68,48,20
"S00128160",87,54,33
"S00128161",123,95,28
"S00128162",105,85,20
"S00128163",112,82,30
"S00128164",72,55,17
"S00128165",73,53,20
"S00128166",58,44,14
"S00128167",74,51,23
"S00128168",137,106,31
"S00128169",82,64,18
"S00128170",143,112,31
"S00128171",107,77,30
"S00128172",103,73,30
"S00128173",108,84,24
"S00128174",115,99,16
"S00128175",103,89,14
"S00128176",118,102,16
"S00128177",127,111,16
"S00128178",100,65,35
"S00128179",81,69,12
"S00128180",112,91,21
"S00128181",125,95,30
"S00128182",91,74,17
"S00128183",90,70,20
"S00128184",83,56,27
"S00128185",225,164,61
"S00128186",88,67,21
"S00128187",109,98,11
"S00128188",92,67,25
"S00128189",98,80,18
"S00128190",134,95,39
"S00128191",87,60,27
"S00128192",103,83,20
"S00128193",101,84,17
"S00128194",106,76,30
"S00128195",115,92,23
"S00128196",120,90,30
"S00128197",154,115,39
"S00128198",135,94,41
"S00128199",80,67,13
"S00128200",93,79,14
"S00128201",143,106,37
"S00128202",96,84,12
"S00128203",103,83,20
"S00128204",76,56,20
"S00128205",150,112,38
"S00128206",165,132,33
"S00128207",63,54,9
"S00128208",60,44,16
"S00128209",62,57,5
"S00128210",119,98,21
"S00128211",100,80,20
"S00128212",78,69,9
"S00128213",92,82,10
"S00128214",73,55,18
"S00128215",57,47,10
"S00128216",86,72,14
"S00128217",102,74,28
"S00128218",94,71,23
"S00128219",77,50,27
"S00128220",114,63,51
"S00128221",111,82,29
"S00128222",59,45,14
"S00128223",52,41,11
"S00128224",109,93,16
"S00128225",135,109,26
"S00128226",118,79,39
"S00128227",112,94,18
"S00128228",158,128,30
"S00128229",159,132,27
"S00128230",109,76,33
"S00128231",87,59,28
"S00128232",92,72,20
"S00128233",134,106,28
"S00128234",95,71,24
"S00128235",103,70,33
"S00128236",148,126,22
"S00128237",119,75,44
"S00128238",122,89,33
"S00128239",154,136,18
"S00128240",117,106,11
"S00128241",122,111,11
"S00128242",186,164,22
"S00128243",124,108,16
"S00128244",118,99,19
"S00128245",91,78,13
"S00128246",126,110,16
"S00128247",96,69,27
"S00128248",77,74,3
"S00128249",66,54,12
"S00128250",109,94,15
"S00128251",158,133,25
"S00128252",180,149,31
"S00128253",133,115,18
"S00128254",166,137,29
"S00128255",192,169,23
"S00128256",134,116,18
"S00128257",149,127,22
"S00128258",101,92,9
"S00128259",111,95,16
"S00128260",84,66,18
"S00128261",181,167,14
"S00128262",126,102,24
"S00128263",93,76,17
"S00128264",160,134,26
"S00128265",167,155,12
"S00128266",163,151,12
"S00128267",141,111,30
"S00128268",135,98,37
"S00128269",92,64,28
"S00128270",125,110,15
"S00128271",122,104,18
"S00128272",131,113,18
"S00128273",128,107,21
"S00128274",140,119,21
"S00128275",144,120,24
"S00128276",110,96,14
"S00128277",148,128,20
"S00128278",122,114,8
"S00128279",132,123,9
"S00128280",187,170,17
"S00128281",128,118,10
"S00128282",83,74,9
"S00128283",96,90,6
"S00128284",98,91,7
"S00128285",120,113,7
"S00128286",97,72,25
"S00128287",105,80,25
"S00128288",105,85,20
"S00128289",101,85,16
"S00128290",76,66,10
"S00128291",130,83,47
"S00128292",134,109,25
"S00128293",124,94,30
"S00128294",86,69,17
"S00128295",145,106,39
"S00128296",135,101,34
"S00128297",94,66,28
"S00128298",171,146,25
"S00128299",84,60,24
"S00128300",116,107,9
"S00128301",111,91,20
"S00128302",155,135,20
"S00128303",130,116,14
"S00128304",75,68,7
"S00128305",180,159,21
"S00128306",106,99,7
"S00128307",84,78,6
"S00128308",143,131,12
"S00128309",199,184,15
"S00128310",161,144,17
"S00128311",133,128,5
"S00128312",99,74,25
"S00128313",162,145,17
"S00128314",133,124,9
"S00128315",60,50,10
"S00128316",97,83,14
"S00128317",136,117,19
"S00128318",118,111,7
"S00128319",158,144,14
"S00128320",165,149,16
"S00128321",99,81,18
"S00128322",188,169,19
"S00128323",166,155,11
"S00128324",152,127,25
"S00128325",149,120,29
"S00128326",172,157,15
"S00128327",135,126,9
"S00128328",105,97,8
"S00128329",106,92,14
"S00128330",79,63,16
"S00128331",115,99,16
"S00128332",120,96,24
"S00128333",114,94,20
"S00128334",120,110,10
"S00128335",76,63,13
"S00128336",201,185,16
"S00128337",149,144,5
"S00128338",116,109,7
"S00128339",173,156,17
"S00128340",146,123,23
"S00128341",107,88,19
"S00128342",119,107,12
"S00128343",149,130,19
"S00128344",117,95,22
"S00128345",102,89,13
"S00128346",132,109,23
"S00128347",98,75,23
"S00128348",96,71,25
"S00128349",148,113,35
"S00128350",156,126,30
"S00128351",102,73,29
"S00128352",100,84,16
"S00128353",92,78,14
"S00128354",180,156,24
"S00128355",155,125,30
"S00128356",142,106,36
"S00128357",149,136,13
"S00128358",130,117,13
"S00128359",155,138,17
"S00128360",157,145,12
"S00128361",156,146,10
"S00128362",176,140,36
"S00128363",109,81,28
"S00128364",86,52,34
"S00128365",108,95,13
"S00128366",153,127,26
"S00128367",122,108,14
"S00128368",84,72,12
"S00128369",150,117,33
"S00128370",198,172,26
"S00128371",121,94,27
"S00128372",138,109,29
"S00128373",120,35,85
"S00128374",95,68,27
"S00128375",174,139,35
"S00128376",149,112,37
"S00128377",124,109,15
"S00128378",187,150,37
"S00128379",120,92,28
"S00128380",96,77,19
"S00128381",146,106,40
"S00128382",166,129,37
"S00128383",152,133,19
"S00128384",160,147,13
"S00128385",135,115,20
"S00128386",122,101,21
"S00128387",101,76,25
"S00128388",91,74,17
"S00128389",95,74,21
"S00128390",120,107,13
"S00128391",149,115,34
"S00128392",168,146,22
"S00128393",198,185,13
"S00128394",65,54,11
"S00128395",85,76,9
"S00128396",100,96,4
"S00128397",91,71,20
"S00128398",132,100,32
"S00128399",135,109,26
"S00128400",130,93,37
"S00128401",133,107,26
"S00128402",65,51,14
"S00128403",182,167,15
"S00128404",168,157,11
"S00128405",122,110,12
"S00128406",178,163,15
"S00128407",197,163,34
"S00128408",96,72,24
"S00128409",84,74,10
"S00128410",67,56,11
"S00128411",192,146,46
"S00128412",88,64,24
"S00128413",109,95,14
"S00128414",95,70,25
"S00128415",148,127,21
"S00128416",107,86,21
"S00128417",97,67,30
"S00128418",106,87,19
"S00128419",94,77,17
"S00128420",142,127,15
"S00128421",154,137,17
"S00128422",188,174,14
"S00128423",186,165,21
"S00128424",143,134,9
"S00128425",200,181,19
"S00128426",150,138,12
"S00128427",158,144,14
"S00128428",119,106,13
"S00128429",162,143,19
"S00128430",150,129,21
"S00128431",125,97,28
"S00128432",94,83,11
"S00128433",67,58,9
"S00128434",85,65,20
"S00128435",135,123,12
"S00128436",130,114,16
"S00128437",92,70,22
"S00128438",113,94,19
"S00128439",105,71,34
"S00128440",141,128,13
"S00128441",143,118,25
"S00128442",80,63,17
"S00128443",106,93,13
"S00128444",189,172,17
"S00128445",141,125,16
"S00128446",128,110,18
"S00128447",218,203,15
"S00128448",187,168,19
"S00128449",132,112,20
"S00128450",162,142,20
"S00128451",186,163,23
"S00128452",136,125,11
"S00128453",92,74,18
"S00128454",119,96,23
"S00128455",109,86,23
"S00128456",190,181,9
"S00128457",85,64,21
"S00128458",127,111,16
"S00128459",57,43,14
"S00128460",98,79,19
"S00128461",75,63,12
"S00128462",87,65,22
"S00128463",122,91,31
"S00128464",72,49,23
"S00128465",88,64,24
"S00128466",98,76,22
"S00128467",60,56,4
"S00128468",125,103,22
"S00128469",116,111,5
"S00128470",148,139,9
"S00128471",81,70,11
"S00128472",75,66,9
"S00128473",150,130,20
"S00128474",132,119,13
"S00128475",64,60,4
"S00128476",150,126,24
"S00128477",125,100,25
"S00128478",59,44,15
"S00128479",83,74,9
"S00128480",150,140,10
"S00128481",98,76,22
"S00128482",85,71,14
"S00128483",86,77,9
"S00128484",61,50,11
"S00128485",68,63,5
"S00128486",104,94,10
"S00128487",162,123,39
"S00128488",199,167,32
"S00128489",137,105,32
"S00128490",111,79,32
"S00128491",131,115,16
"S00128492",60,53,7
"S00128493",74,63,11
"S00128494",79,65,14
"S00128495",129,119,10
"S00128496",150,116,34
"S00128497",119,108,11
"S00128498",194,175,19
"S00128499",135,102,33
"S00128500",109,90,19
"S00128501",82,39,43
"S00128502",163,113,50
"S00128503",110,89,21
"S00128504",89,62,27
"S00128505",61,48,13
"S00128506",93,79,14
"S00128507",78,54,24
"S00128508",70,60,10
"S00128509",96,67,29
"S00128510",143,110,33
"S00128511",84,74,10
"S00128512",75,61,14
"S00128513",115,99,16
"S00128514",81,67,14
"S00128515",128,119,9
"S00128516",121,101,20
"S00128517",57,33,24
"S00128518",50,28,22
"S00128519",91,54,37
"S00128520",81,62,19
"S00128521",131,94,37
"S00128522",64,36,28
"S00128523",67,57,10
"S00128524",117,84,33
"S00128525",71,48,23
"S00128526",59,46,13
"S00128527",103,68,35
"S00128528",91,67,24
"S00128529",279,238,41
"S00128530",153,125,28
"S00128531",86,56,30
"S00128532",64,53,11
"S00128533",149,125,24
"S00128534",101,85,16
"S00128535",51,36,15
"S00128536",85,69,16
"S00128537",179,149,30
"S00128538",114,99,15
"S00128539",177,155,22
"S00128540",101,36,65
"S00128541",317,139,178
"S00128542",56,30,26
"S00128543",186,162,24
"S00128544",114,92,22
"S00128545",51,41,10
"S00128546",76,64,12
"S00128547",51,40,11
"S00128548",108,87,21
"S00128549",105,69,36
"S00128550",89,77,12
"S00128551",94,83,11
"S00128552",94,80,14
"S00128553",97,58,39
"S00128554",153,139,14
"S00128555",106,88,18
"S00128556",124,106,18
"S00128557",78,52,26
"S00128558",74,61,13
"S00128559",100,79,21
"S00128560",75,66,9
"S00128561",91,82,9
"S00128562",101,93,8
"S00128563",137,126,11
"S00128564",129,121,8
"S00128565",166,152,14
"S00128566",75,58,17
"S00128567",70,47,23
"S00128568",93,77,16
"S00128569",52,47,5
"S00128570",81,64,17
"S00128571",112,81,31
"S00128572",122,86,36
"S00128573",84,73,11
"S00128574",90,65,25
"S00128575",59,34,25
"S00128576",140,121,19
"S00128577",90,47,43
"S00128578",87,41,46
"S00128579",75,43,32
"S00128580",81,52,29
"S00128581",80,64,16
"S00128582",157,125,32
"S00128583",90,64,26
"S00128584",91,68,23
"S00128585",98,81,17
"S00128586",144,108,36
"S00128587",157,125,32
"S00128588",102,85,17
"S00128589",62,39,23
"S00128590",63,42,21
"S00128591",67,48,19
"S00128592",68,36,32
"S00128593",75,62,13
"S00128594",87,55,32
"S00128595",59,35,24
"S00128596",56,25,31
"S00128597",58,17,41
"S00128598",53,22,31
"S00128599",77,72,5
"S00128600",123,114,9
"S00128601",86,56,30
"S00128602",55,26,29
"S00128603",79,50,29
"S00128604",70,53,17
"S00128605",68,28,40
"S00128606",65,45,20
"S00128607",108,86,22
"S00128608",86,81,5
"S00128609",129,121,8
"S00128610",100,54,46
"S00128611",66,42,24
"S00128612",54,37,17
"S00128613",104,85,19
"S00128614",62,48,14
"S00128615",98,81,17
"S00128616",125,108,17
"S00128617",137,120,17
"S00128618",76,69,7
"S00128619",50,31,19
"S00128620",82,44,38
"S00128621",163,145,18
"S00128622",111,80,31
"S00128623",125,110,15
"S00128624",103,69,34
"S00128625",122,101,21
"S00128626",128,112,16
"S00128627",93,83,10
"S00128628",157,145,12
"S00128629",115,91,24
"S00128630",76,63,13
"S00128631",75,62,13
"S00128632",107,74,33
"S00128633",170,157,13
"S00128634",114,106,8
"S00128635",157,115,42
"S00128636",183,91,92
"S00128637",157,148,9
"S00128638",136,122,14
"S00128639",152,143,9
"S00128640",116,106,10
"S00128641",110,93,17
"S00128642",118,101,17
"S00128643",111,90,21
"S00128644",69,63,6
"S00128645",101,87,14
"S00128646",106,93,13
"S00128647",70,58,12
"S00128648",101,81,20
"S00128649",82,58,24
"S00128650",106,83,23
"S00128651",96,85,11
"S00128652",105,79,26
"S00128653",123,106,17
"S00128654",140,122,18
"S00128655",153,139,14
"S00128656",79,72,7
"S00128657",151,134,17
"S00128658",155,133,22
"S00128659",170,148,22
"S00128660",123,118,5
"S00128661",106,91,15
"S00128662",89,70,19
"S00128663",139,130,9
"S00128664",149,136,13
"S00128665",85,74,11
"S00128666",128,113,15
"S00128667",105,85,20
"S00128668",147,118,29
"S00128669",101,87,14
"S00128670",112,88,24
"S00128671",89,67,22
"S00128672",69,43,26
"S00128673",62,51,11
"S00128674",53,13,40
"S00128675",180,166,14
"S00128676",177,164,13
"S00128677",137,99,38
"S00128678",65,48,17
"S00128679",133,101,32
"S00128680",177,138,39
"S00128681",52,46,6
"S00128682",54,41,13
"S00128683",142,111,31
"S00128684",98,71,27
"S00128685",111,95,16
"S00128686",124,116,8
"S00128687",85,68,17
"S00128688",103,60,43
"S00128689",50,30,20
"S00128690",121,88,33
"S00128691",70,46,24
"S00128692",110,87,23
"S00128693",121,76,45
"S00128694",83,64,19
"S00128695",51,44,7
"S00128696",65,49,16
"S00128697",105,69,36
"S00128698",111,83,28
"S00128699",85,62,23
"S00128700",58,48,10
"S00128701",57,34,23
"S00128702",118,74,44
"S00128703",98,75,23
"S00128704",97,88,9
"S00128705",74,64,10
"S00128706",126,119,7
"S00128707",136,127,9
"S00128708",96,85,11
"S00128709",232,203,29
"S00128710",71,53,18
"S00128711",102,87,15
"S00128712",102,92,10
"S00128713",80,53,27
"S00128714",59,55,4
"S00128715",134,120,14
"S00128716",58,51,7
"S00128717",54,41,13
"S00128718",96,79,17
"S00128719",61,45,16
"S00128720",122,109,13
"S00128721",137,122,15
"S00128722",122,83,39
"S00128723",113,87,26
"S00128724",64,60,4
"S00128725",90,87,3
"S00128726",76,65,11
"S00128727",56,38,18
"S00128728",79,74,5
"S00128729",171,150,21
"S00128730",102,76,26
"S00128731",126,115,11
"S00128732",95,61,34
"S00128733",51,28,23
"S00128734",59,19,40
"S00128735",127,111,16
"S00128736",82,73,9
"S00128737",162,154,8
"S00128738",158,145,13
"S00128739",187,166,21
"S00128740",237,222,15
"S00128741",176,162,14
"S00128742",107,89,18
"S00128743",70,60,10
"S00128744",124,97,27
"S00128745",153,131,22
"S00128746",92,75,17
"S00128747",63,58,5
"S00128748",65,51,14
"S00128749",55,29,26
"S00128750",77,36,41
"S00128751",96,83,13
"S00128752",53,45,8
"S00128753",99,87,12
"S00128754",183,173,10
"S00128755",55,37,18
"S00128756",71,56,15
"S00128757",219,173,46
"S00128758",106,83,23
"S00128759",113,89,24
"S00128760",99,83,16
"S00128761",83,73,10
"S00128762",214,199,15
"S00128763",115,112,3
"S00128764",253,243,10
"S00128765",177,157,20
"S00128766",171,147,24
"S00128767",172,160,12
"S00128768",79,68,11
"S00128769",53,51,2
"S00128770",93,86,7
"S00128771",96,90,6
"S00128772",80,46,34
"S00128773",162,132,30
"S00128774",184,176,8
"S00128775",128,122,6
"S00128776",102,83,19
"S00128777",129,108,21
"S00128778",129,116,13
"S00128779",82,74,8
"S00128780",67,55,12
"S00128781",157,127,30
"S00128782",216,204,12
"S00128783",133,114,19
"S00128784",110,103,7
"S00128785",169,149,20
"S00128786",102,88,14
"S00128787",167,138,29
"S00128788",178,156,22
"S00128789",179,173,6
"S00128790",128,123,5
"S00128791",171,152,19
"S00128792",95,85,10
"S00128793",55,39,16
"S00128794",86,59,27
"S00128795",55,41,14
"S00128796",99,74,25
"S00128797",66,48,18
"S00128798",121,109,12
"S00128799",191,175,16
"S00128800",119,100,19
"S00128801",134,114,20
"S00128802",119,77,42
"S00128803",103,70,33
"S00128804",164,119,45
"S00128805",61,47,14
"S00128806",126,94,32
"S00128807",96,72,24
"S00128808",134,114,20
"S00128809",125,104,21
"S00128810",151,108,43
"S00128811",124,99,25
"S00128812",166,137,29
"S00128813",72,54,18
"S00128814",90,82,8
"S00128815",69,43,26
"S00128816",91,65,26
"S00128817",94,79,15
"S00128818",178,172,6
"S00128819",130,118,12
"S00128820",103,93,10
"S00128821",134,116,18
"S00128822",120,93,27
"S00128823",67,47,20
"S00128824",274,194,80
"S00128825",160,143,17
"S00128826",61,54,7
"S00128827",89,75,14
"S00128828",112,89,23
"S00128829",107,92,15
"S00128830",99,80,19
"S00128831",116,88,28
"S00128832",76,56,20
"S00128833",122,96,26
"S00128834",79,59,20
"S00128835",114,92,22
"S00128836",144,113,31
"S00128837",193,176,17
"S00128838",107,100,7
"S00128839",127,114,13
"S00128840",93,89,4
"S00128841",195,175,20
"S00128842",100,84,16
"S00128843",136,114,22
"S00128844",90,83,7
"S00128845",87,77,10
"S00128846",128,102,26
"S00128847",79,54,25
"S00128848",106,64,42
"S00128849",106,76,30
"S00128850",175,164,11
"S00128851",176,169,7
"S00128852",161,144,17
"S00128853",110,99,11
"S00128854",190,177,13
"S00128855",201,182,19
"S00128856",85,81,4
"S00128857",96,77,19
"S00128858",51,44,7
"S00128859",89,76,13
"S00128860",136,108,28
"S00128861",113,90,23
"S00128862",68,49,19
"S00128863",247,225,22
"S00128864",107,95,12
"S00128865",144,140,4
"S00128866",80,61,19
"S00128867",64,58,6
"S00128868",210,194,16
"S00128869",122,115,7
"S00128870",70,45,25
"S00128871",70,46,24
"S00128872",79,71,8
"S00128873",126,105,21
"S00128874",75,66,9
"S00128875",105,67,38
"S00128876",73,49,24
"S00128877",102,76,26
"S00128878",73,59,14
"S00128879",93,69,24
"S00128880",80,65,15
"S00128881",202,184,18
"S00128882",72,66,6
"S00128883",107,95,12
"S00128884",254,241,13
"S00128885",166,159,7
"S00128886",197,188,9
"S00128887",68,68,0
"S00128888",59,56,3
"S00128889",107,86,21
"S00128890",107,101,6
"S00128891",158,148,10
"S00128892",60,49,11
"S00128893",123,103,20
"S00128894",78,58,20
"S00128895",109,82,27
"S00128896",84,74,10
"S00128897",308,290,18
"S00128898",139,122,17
"S00128899",124,121,3
"S00128900",167,156,11
"S00128901",110,100,10
"S00128902",167,160,7
"S00128903",117,102,15
"S00128904",168,165,3
"S00128905",116,109,7
"S00128906",157,130,27
"S00128907",99,89,10
"S00128908",145,138,7
"S00128909",51,44,7
"S00128910",151,134,17
"S00128911",55,40,15
"S00128912",94,87,7
"S00128913",92,81,11
"S00128914",125,87,38
"S00128915",112,89,23
"S00128916",111,84,27
"S00128917",121,98,23
"S00128918",172,165,7
"S00128919",131,124,7
"S00128920",171,149,22
"S00128921",147,144,3
"S00128922",91,64,27
"S00128923",167,157,10
"S00128924",108,95,13
"S00128925",150,138,12
"S00128926",212,203,9
"S00128927",95,88,7
"S00128928",160,141,19
"S00128929",86,74,12
"S00128930",138,113,25
"S00128931",104,101,3
"S00128932",195,172,23
"S00128933",84,79,5
"S00128934",169,153,16
"S00128935",80,68,12
"S00128936",166,151,15
"S00128937",124,106,18
"S00128938",114,88,26
"S00128939",165,143,22
"S00128940",122,98,24
"S00128941",83,54,29
"S00128942",162,153,9
"S00128943",148,133,15
"S00128944",117,98,19
"S00128945",85,71,14
"S00128946",68,61,7
"S00128947",197,180,17
"S00128948",118,100,18
"S00128949",165,142,23
"S00128950",170,147,23
"S00128951",168,134,34
"S00128952",121,107,14
"S00128953",208,181,27
"S00128954",111,99,12
"S00128955",101,91,10
"S00128956",54,42,12
"S00128957",177,166,11
"S00128958",81,65,16
"S00128959",148,128,20
"S00128960",100,83,17
"S00128961",83,72,11
"S00128962",238,204,34
"S00128963",91,81,10
"S00128964",76,65,11
"S00128965",131,113,18
"S00128966",134,119,15
"S00128967",76,54,22
"S00128968",198,179,19
"S00128969",135,114,21
"S00128970",126,116,10
"S00128971",164,151,13
"S00128972",147,134,13
"S00128973",117,109,8
"S00128974",172,158,14
"S00128975",158,147,11
"S00128976",97,84,13
"S00128977",85,79,6
"S00128978",96,73,23
"S00128979",108,89,19
"S00128980",81,73,8
"S00128981",82,74,8
"S00128982",161,143,18
"S00128983",106,89,17
"S00128984",103,91,12
"S00128985",132,107,25
"S00128986",85,80,5
"S00128987",115,104,11
"S00128988",67,56,11
"S00128989",154,129,25
"S00128990",130,116,14
"S00128991",148,125,23
"S00128992",162,132,30
"S00128993",98,80,18
"S00128994",67,56,11
"S00128995",144,120,24
"S00128996",175,147,28
"S00128997",59,52,7
"S00128998",170,150,20
"S00128999",114,91,23
"S00129000",108,86,22
"S00129001",74,68,6
"S00129002",61,51,10
"S00129003",165,147,18
"S00129004",234,216,18
"S00129005",169,141,28
"S00129006",59,54,5
"S00129007",183,162,21
"S00129008",136,107,29
"S00129009",153,126,27
"S00129010",74,60,14
"S00129011",114,95,19
"S00129012",111,82,29
"S00129013",195,157,38
"S00129014",61,53,8
"S00129015",88,75,13
"S00129016",138,111,27
"S00129017",85,68,17
"S00129018",85,71,14
"S00129019",60,47,13
"S00129020",117,99,18
"S00129021",69,61,8
"S00129022",94,77,17
"S00129023",128,112,16
"S00129024",111,98,13
"S00129025",99,85,14
"S00129026",148,115,33
"S00129027",94,75,19
"S00129028",114,97,17
"S00129029",85,62,23
"S00129030",154,132,22
"S00129031",96,86,10
"S00129032",58,45,13
"S00129033",139,116,23
"S00129034",150,119,31
"S00129035",73,66,7
"S00129036",179,161,18
"S00129037",113,99,14
"S00129038",99,83,16
"S00129039",107,84,23
"S00129040",121,102,19
"S00129041",145,99,46
"S00129042",88,71,17
"S00129043",161,131,30
"S00129044",122,104,18
"S00129045",180,159,21
"S00129046",121,107,14
"S00129047",93,79,14
"S00129048",94,75,19
"S00129049",94,75,19
"S00129050",76,62,14
"S00129051",104,86,18
"S00129052",136,116,20
"S00129053",62,51,11
"S00129054",69,56,13
"S00129055",87,66,21
"S00129056",79,69,10
"S00129057",69,63,6
"S00129058",94,81,13
"S00129059",65,57,8
"S00129060",85,71,14
"S00129061",80,70,10
"S00129062",194,156,38
"S00129063",122,87,35
"S00129064",65,55,10
"S00129065",67,53,14
"S00129066",96,83,13
"S00129067",119,100,19
"S00129068",89,73,16
"S00129069",144,121,23
"S00129070",160,134,26
"S00129071",87,72,15
"S00129072",102,93,9
"S00129073",113,87,26
"S00129074",78,69,9
"S00129075",167,157,10
"S00129076",112,93,19
"S00129077",50,45,5
"S00129078",146,127,19
"S00129079",82,70,12
"S00129080",62,52,10
"S00129081",77,71,6
"S00129082",69,56,13
"S00129083",73,59,14
"S00129084",91,76,15
"S00129085",156,148,8
"S00129086",85,69,16
"S00129087",101,89,12
"S00129088",81,75,6
"S00129089",135,123,12
"S00129090",163,140,23
"S00129091",167,138,29
"S00129092",66,50,16
"S00129093",61,51,10
"S00129094",74,60,14
"S00129095",79,65,14
"S00129096",139,119,20
"S00129097",64,59,5
"S00129098",88,81,7
"S00129099",130,125,5
"S00129100",202,170,32
"S00129101",137,129,8
"S00129102",79,71,8
"S00129103",153,141,12
"S00129104",199,184,15
"S00129105",99,89,10
"S00129106",61,57,4
"S00129107",251,228,23
"S00129108",75,68,7
"S00129109",134,105,29
"S00129110",58,53,5
"S00129111",175,142,33
"S00129112",98,80,18
"S00129113",215,194,21
"S00129114",147,134,13
"S00129115",119,104,15
"S00129116",117,98,19
"S00129117",60,46,14
"S00129118",154,134,20
"S00129119",106,92,14
"S00129120",76,69,7
"S00129121",161,137,24
"S00129122",146,130,16
"S00129123",106,93,13
"S00129124",97,84,13
"S00129125",154,128,26
"S00129126",54,49,5
"S00129127",129,102,27
"S00129128",72,56,16
"S00129129",114,111,3
"S00129130",63,55,8
"S00129131",164,141,23
"S00129132",110,97,13
"S00129133",76,55,21
"S00129134",109,71,38
"S00129135",138,121,17
"S00129136",95,72,23
"S00129137",95,80,15
"S00129138",77,62,15
"S00129139",85,72,13
"S00129140",94,79,15
"S00129141",270,240,30
"S00129142",120,108,12
"S00129143",136,94,42
"S00129144",117,112,5
"S00129145",73,62,11
"S00129146",150,131,19
"S00129147",150,127,23
"S00129148",124,104,20
"S00129149",112,97,15
"S00129150",60,59,1
"S00129151",109,94,15
"S00129152",137,112,25
"S00129153",168,112,56
"S00129154",114,98,16
"S00129155",171,102,69
"S00129156",101,73,28
"S00129157",178,156,22
"S00129158",196,177,19
"S00129159",113,97,16
"S00129160",137,104,33
"S00129161",75,63,12
"S00129162",98,85,13
"S00129163",105,89,16
"S00129164",127,112,15
"S00129165",82,77,5
"S00129166",102,88,14
"S00129167",67,60,7
"S00129168",68,56,12
"S00129169",119,106,13
"S00129170",176,167,9
"S00129171",62,54,8
"S00129172",170,127,43
"S00129173",72,56,16
"S00129174",228,221,7
"S00129175",117,102,15
"S00129176",147,120,27
"S00129177",94,80,14
"S00129178",133,107,26
"S00129179",64,43,21
"S00129180",81,72,9
"S00129181",107,90,17
"S00129182",134,120,14
"S00129183",54,50,4
"S00129184",152,133,19
"S00129185",101,81,20
"S00129186",112,89,23
"S00129187",102,88,14
"S00129188",167,154,13
"S00129189",86,74,12
"S00129190",100,91,9
"S00129191",136,110,26
"S00129192",70,56,14
"S00129193",85,69,16
"S00129194",134,113,21
"S00129195",68,55,13
"S00129196",166,114,52
"S00129197",101,79,22
"S00129198",77,62,15
"S00129199",87,66,21
"S00129200",100,89,11
"S00129201",106,92,14
"S00129202",83,67,16
"S00129203",96,75,21
"S00129204",164,131,33
"S00129205",102,71,31
"S00129206",105,87,18
"S00129207",62,50,12
"S00129208",149,120,29
"S00129209",127,103,24
"S00129210",120,91,29
"S00129211",109,84,25
"S00129212",90,63,27
"S00129213",134,111,23
"S00129214",90,70,20
"S00129215",82,67,15
"S00129216",121,49,72
"S00129217",93,83,10
"S00129218",79,56,23
"S00129219",61,36,25
"S00129220",98,67,31
"S00129221",95,55,40
"S00129222",154,120,34
"S00129223",131,93,38
"S00129224",112,87,25
"S00129225",176,144,32
"S00129226",89,79,10
"S00129227",91,73,18
"S00129228",72,55,17
"S00129229",70,57,13
"S00129230",113,85,28
"S00129231",123,100,23
"S00129232",89,58,31
"S00129233",86,70,16
"S00129234",112,88,24
"S00129235",158,121,37
"S00129236",146,129,17
"S00129237",115,100,15
"S00129238",117,93,24
"S00129239",107,84,23
"S00129240",161,123,38
"S00129241",167,138,29
"S00129242",169,128,41
"S00129243",156,117,39
"S00129244",75,50,25
"S00129245",87,71,16
"S00129246",75,56,19
"S00129247",111,74,37
"S00129248",96,79,17
"S00129249",182,154,28
"S00129250",145,126,19
"S00129251",124,91,33
"S00129252",153,125,28
"S00129253",151,126,25
"S00129254",92,63,29
"S00129255",85,62,23
"S00129256",132,93,39
"S00129257",100,67,33
"S00129258",85,57,28
"S00129259",75,52,23
"S00129260",53,32,21
"S00129261",133,85,48
"S00129262",130,87,43
"S00129263",182,145,37
"S00129264",109,73,36
"S00129265",165,133,32
"S00129266",113,85,28
"S00129267",169,144,25
"S00129268",82,60,22
"S00129269",145,117,28
"S00129270",147,123,24
"S00129271",73,48,25
"S00129272",93,71,22
"S00129273",74,57,17
"S00129274",99,74,25
"S00129275",101,88,13
"S00129276",81,58,23
"S00129277",66,59,7
"S00129278",60,49,11
"S00129279",84,65,19
"S00129280",114,82,32
"S00129281",78,67,11
"S00129282",129,106,23
"S00129283",109,94,15
"S00129284",95,66,29
"S00129285",112,93,19
"S00129286",132,110,22
"S00129287",76,46,30
"S00129288",75,61,14
"S00129289",155,129,26
"S00129290",150,125,25
"S00129291",106,82,24
"S00129292",109,96,13
"S00129293",106,101,5
"S00129294",108,101,7
"S00129295",212,178,34
"S00129296",158,136,22
"S00129297",57,41,16
"S00129298",137,91,46
"S00129299",98,88,10
"S00129300",100,90,10
"S00129301",151,120,31
"S00129302",150,127,23
"S00129303",125,104,21
"S00129304",60,42,18
"S00129305",60,57,3
"S00129306",87,80,7
"S00129307",97,78,19
"S00129308",101,56,45
"S00129309",96,67,29
"S00129310",66,45,21
"S00129311",122,74,48
"S00129312",61,43,18
"S00129313",59,33,26
"S00129314",104,83,21
"S00129315",85,76,9
"S00129316",199,161,38
"S00129317",163,138,25
"S00129318",107,92,15
"S00129319",108,103,5
"S00129320",92,80,12
"S00129321",103,97,6
"S00129322",114,80,34
"S00129323",131,112,19
"S00129324",131,117,14
"S00129325",165,151,14
"S00129326",100,66,34
"S00129327",106,95,11
"S00129328",117,97,20
"S00129329",108,98,10
"S00129330",149,109,40
"S00129331",73,65,8
"S00129332",88,60,28
"S00129333",96,85,11
"S00129334",99,86,13
"S00129335",183,146,37
"S00129336",95,85,10
"S00129337",135,115,20
"S00129338",130,97,33
"S00129339",108,102,6
"S00129340",85,82,3
"S00129341",80,65,15
"S00129342",195,156,39
"S00129343",107,83,24
"S00129344",87,67,20
"S00129345",125,106,19
"S00129346",109,96,13
"S00129347",135,105,30
"S00129348",115,88,27
"S00129349",112,89,23
"S00129350",127,103,24
"S00129351",122,107,15
"S00129352",104,83,21
"S00129353",89,72,17
"S00129354",87,74,13
"S00129355",198,163,35
"S00129356",143,110,33
"S00129357",195,154,41
"S00129358",145,123,22
"S00129359",126,97,29
"S00129360",108,85,23
"S00129361",106,83,23
"S00129362",118,82,36
"S00129363",113,86,27
"S00129364",163,133,30
"S00129365",141,108,33
"S00129366",144,118,26
"S00129367",101,75,26
"S00129368",148,120,28
"S00129369",111,78,33
"S00129370",123,94,29
"S00129371",57,46,11
"S00129372",111,86,25
"S00129373",74,58,16
"S00129374",82,58,24
"S00129375",98,67,31
"S00129376",124,120,4
"S00129377",96,76,20
"S00129378",51,39,12
"S00129379",74,49,25
"S00129380",145,114,31
"S00129381",96,78,18
"S00129382",91,66,25
"S00129383",62,50,12
"S00129384",136,113,23
"S00129385",175,157,18
"S00129386",150,134,16
"S00129387",177,164,13
"S00129388",179,163,16
"S00129389",149,133,16
"S00129390",142,132,10
"S00129391",123,107,16
"S00129392",107,88,19
"S00129393",95,81,14
"S00129394",95,84,11
"S00129395",124,102,22
"S00129396",103,87,16
"S00129397",133,107,26
"S00129398",94,70,24
"S00129399",91,66,25
"S00129400",136,107,29
"S00129401",166,138,28
"S00129402",96,70,26
"S00129403",105,89,16
"S00129404",114,101,13
"S00129405",90,66,24
"S00129406",100,83,17
"S00129407",138,105,33
"S00129408",107,83,24
"S00129409",130,104,26
"S00129410",85,60,25
"S00129411",134,110,24
"S00129412",83,64,19
"S00129413",112,82,30
"S00129414",74,57,17
"S00129415",122,103,19
"S00129416",102,85,17
"S00129417",104,88,16
"S00129418",98,85,13
"S00129419",82,71,11
"S00129420",132,111,21
"S00129421",120,96,24
"S00129422",95,82,13
"S00129423",127,108,19
"S00129424",148,133,15
"S00129425",104,86,18
"S00129426",110,96,14
"S00129427",131,119,12
"S00129428",170,156,14
"S00129429",165,144,21
"S00129430",135,121,14
"S00129431",110,90,20
"S00129432",141,128,13
"S00129433",138,124,14
"S00129434",152,135,17
"S00129435",131,119,12
"S00129436",110,90,20
"S00129437",128,108,20
"S00129438",105,88,17
"S00129439",131,116,15
"S00129440",89,66,23
"S00129441",105,91,14
"S00129442",127,105,22
"S00129443",151,138,13
"S00129444",87,73,14
"S00129445",92,76,16
"S00129446",109,92,17
"S00129447",91,74,17
"S00129448",154,136,18
"S00129449",79,72,7
"S00129450",148,126,22
"S00129451",92,81,11
"S00129452",125,106,19
"S00129453",124,112,12
"S00129454",144,95,49
"S00129455",104,92,12
"S00129456",102,86,16
"S00129457",111,102,9
"S00129458",93,65,28
"S00129459",60,55,5
"S00129460",149,109,40
"S00129461",136,128,8
"S00129462",78,58,20
"S00129463",160,146,14
"S00129464",93,76,17
"S00129465",154,144,10
"S00129466",106,92,14
"S00129467",121,105,16
"S00129468",104,85,19
"S00129469",92,75,17
"S00129470",105,89,16
"S00129471",114,68,46
"S00129472",74,67,7
"S00129473",85,58,27
"S00129474",93,57,36
"S00129475",112,79,33
"S00129476",85,58,27
"S00129477",71,57,14
"S00129478",95,61,34
"S00129479",85,62,23
"S00129480",123,85,38
"S00129481",63,39,24
"S00129482",97,83,14
"S00129483",129,106,23
"S00129484",74,61,13
"S00129485",125,99,26
"S00129486",79,54,25
"S00129487",116,94,22
"S00129488",79,54,25
"S00129489",88,74,14
"S00129490",82,69,13
"S00129491",75,60,15
"S00129492",118,102,16
"S00129493",147,122,25
"S00129494",119,101,18
"S00129495",144,127,17
"S00129496",84,69,15
"S00129497",114,107,7
"S00129498",110,82,28
"S00129499",93,71,22
"S00129500",129,90,39
"S00129501",70,54,16
"S00129502",118,83,35
"S00129503",84,71,13
"S00129504",72,50,22
"S00129505",67,41,26
"S00129506",143,123,20
"S00129507",121,88,33
"S00129508",63,37,26
"S00129509",94,69,25
"S00129510",113,89,24
"S00129511",157,114,43
"S00129512",143,117,26
"S00129513",132,73,59
"S00129514",133,116,17
"S00129515",96,75,21
"S00129516",82,61,21
"S00129517",107,91,16
"S00129518",125,99,26
"S00129519",131,97,34
"S00129520",80,65,15
"S00129521",116,94,22
"S00129522",81,68,13
"S00129523",76,53,23
"S00129524",155,124,31
"S00129525",143,106,37
"S00129526",112,75,37
"S00129527",186,147,39
"S00129528",122,94,28
"S00129529",123,94,29
"S00129530",132,97,35
"S00129531",111,84,27
"S00129532",172,154,18
"S00129533",137,120,17
"S00129534",152,121,31
"S00129535",61,26,35
"S00129536",162,129,33
"S00129537",159,123,36
"S00129538",127,99,28
"S00129539",116,98,18
"S00129540",116,100,16
"S00129541",92,69,23
"S00129542",94,80,14
"S00129543",63,51,12
"S00129544",83,55,28
"S00129545",81,58,23
"S00129546",113,85,28
"S00129547",79,61,18
"S00129548",94,75,19
"S00129549",84,67,17
"S00129550",59,46,13
"S00129551",70,45,25
"S00129552",62,41,21
"S00129553",65,54,11
"S00129554",75,45,30
"S00129555",102,73,29
"S00129556",125,107,18
"S00129557",114,83,31
"S00129558",193,169,24
"S00129559",129,115,14
"S00129560",78,53,25
"S00129561",92,31,61
"S00129562",93,28,65
"S00129563",111,64,47
"S00129564",85,56,29
"S00129565",73,54,19
"S00129566",103,71,32
"S00129567",110,85,25
"S00129568",88,64,24
"S00129569",130,113,17
"S00129570",71,61,10
"S00129571",229,199,30
"S00129572",122,86,36
"S00129573",83,49,34
"S00129574",94,68,26
"S00129575",106,89,17
"S00129576",97,70,27
"S00129577",115,98,17
"S00129578",96,72,24
"S00129579",180,142,38
"S00129580",135,109,26
"S00129581",183,144,39
"S00129582",102,78,24
"S00129583",186,150,36
"S00129584",148,125,23
"S00129585",97,81,16
"S00129586",162,131,31
"S00129587",86,56,30
"S00129588",134,97,37
"S00129589",148,119,29
"S00129590",119,86,33
"S00129591",123,95,28
"S00129592",67,42,25
"S00129593",50,29,21
"S00129594",138,104,34
"S00129595",85,52,33
"S00129596",92,71,21
"S00129597",105,75,30
"S00129598",90,67,23
"S00129599",142,117,25
"S00129600",82,56,26
"S00129601",90,61,29
"S00129602",76,66,10
"S00129603",116,81,35
"S00129604",147,112,35
"S00129605",104,78,26
"S00129606",114,86,28
"S00129607",100,79,21
"S00129608",263,235,28
"S00129609",111,85,26
"S00129610",82,58,24
"S00129611",112,94,18
"S00129612",86,58,28
"S00129613",104,87,17
"S00129614",118,106,12
"S00129615",80,70,10
"S00129616",151,129,22
"S00129617",121,100,21
"S00129618",103,88,15
"S00129619",155,133,22
"S00129620",73,61,12
"S00129621",59,55,4
"S00129622",150,137,13
"S00129623",110,96,14
"S00129624",188,139,49
"S00129625",98,90,8
"S00129626",110,90,20
"S00129627",110,94,16
"S00129628",102,75,27
"S00129629",99,86,13
"S00129630",113,97,16
"S00129631",82,69,13
"S00129632",160,128,32
"S00129633",112,97,15
"S00129634",79,48,31
"S00129635",118,83,35
"S00129636",88,69,19
"S00129637",98,91,7
"S00129638",157,138,19
"S00129639",119,100,19
"S00129640",78,72,6
"S00129641",95,81,14
"S00129642",126,114,12
"S00129643",160,126,34
"S00129644",72,55,17
"S00129645",166,150,16
"S00129646",159,134,25
"S00129647",122,97,25
"S00129648",169,118,51
"S00129649",111,86,25
"S00129650",89,66,23
"S00129651",90,78,12
"S00129652",90,78,12
"S00129653",117,90,27
"S00129654",121,101,20
"S00129655",110,83,27
"S00129656",126,101,25
"S00129657",125,99,26
"S00129658",102,85,17
"S00129659",118,99,19
"S00129660",105,84,21
"S00129661",126,101,25
"S00129662",137,114,23
"S00129663",143,118,25
"S00129664",124,98,26
"S00129665",191,133,58
"S00129666",72,43,29
"S00129667",124,99,25
"S00129668",89,80,9
"S00129669",127,95,32
"S00129670",99,88,11
"S00129671",135,130,5
"S00129672",117,109,8
"S00129673",176,155,21
"S00129674",165,142,23
"S00129675",101,81,20
"S00129676",112,93,19
"S00129677",90,74,16
"S00129678",67,53,14
"S00129679",113,87,26
"S00129680",122,97,25
"S00129681",110,91,19
"S00129682",165,125,40
"S00129683",128,112,16
"S00129684",121,100,21
"S00129685",83,65,18
"S00129686",109,88,21
"S00129687",99,75,24
"S00129688",105,82,23
"S00129689",165,144,21
"S00129690",191,171,20
"S00129691",90,73,17
"S00129692",57,52,5
"S00129693",124,106,18
"S00129694",93,82,11
"S00129695",106,91,15
"S00129696",62,54,8
"S00129697",65,54,11
"S00129698",138,109,29
"S00129699",130,93,37
"S00129700",85,65,20
"S00129701",89,74,15
"S00129702",79,67,12
"S00129703",123,94,29
"S00129704",91,82,9
"S00129705",97,77,20
"S00129706",108,94,14
"S00129707",65,49,16
"S00129708",133,125,8
"S00129709",192,156,36
"S00129710",105,85,20
"S00129711",101,79,22
"S00129712",186,163,23
"S00129713",110,98,12
"S00129714",207,179,28
"S00129715",85,67,18
"S00129716",67,48,19
"S00129717",82,63,19
"S00129718",116,86,30
"S00129719",117,88,29
"S00129720",109,100,9
"S00129721",139,127,12
"S00129722",177,135,42
"S00129723",143,113,30
"S00129724",163,128,35
"S00129725",157,126,31
"S00129726",158,125,33
"S00129727",136,116,20
"S00129728",113,97,16
"S00129729",175,125,50
"S00129730",139,108,31
"S00129731",107,73,34
"S00129732",145,107,38
"S00129733",77,58,19
"S00129734",146,114,32
"S00129735",89,63,26
"S00129736",66,37,29
"S00129737",77,60,17
"S00129738",127,97,30
"S00129739",104,85,19
"S00129740",70,55,15
"S00129741",142,117,25
"S00129742",126,97,29
"S00129743",151,121,30
"S00129744",103,75,28
"S00129745",96,74,22
"S00129746",112,88,24
"S00129747",125,97,28
"S00129748",101,75,26
"S00129749",79,65,14
"S00129750",83,64,19
"S00129751",99,87,12
"S00129752",104,75,29
"S00129753",123,94,29
"S00129754",147,132,15
"S00129755",164,124,40
"S00129756",164,150,14
"S00129757",167,151,16
"S00129758",145,123,22
"S00129759",158,145,13
"S00129760",87,57,30
"S00129761",103,87,16
"S00129762",150,129,21
"S00129763",109,100,9
"S00129764",113,73,40
"S00129765",78,70,8
"S00129766",125,113,12
"S00129767",123,99,24
"S00129768",130,91,39
"S00129769",152,119,33
"S00129770",119,91,28
"S00129771",123,105,18
"S00129772",102,71,31
"S00129773",64,50,14
"S00129774",53,38,15
"S00129775",92,65,27
"S00129776",59,51,8
"S00129777",55,29,26
"S00129778",61,48,13
"S00129779",64,53,11
"S00129780",106,85,21
"S00129781",105,66,39
"S00129782",59,44,15
"S00129783",135,117,18
"S00129784",82,52,30
"S00129785",118,100,18
"S00129786",183,165,18
"S00129787",89,76,13
"S00129788",134,108,26
"S00129789",81,52,29
"S00129790",110,92,18
"S00129791",126,89,37
"S00129792",112,88,24
"S00129793",113,93,20
"S00129794",57,42,15
"S00129795",112,92,20
"S00129796",138,101,37
"S00129797",128,100,28
"S00129798",73,47,26
"S00129799",143,120,23
"S00129800",160,131,29
"S00129801",68,56,12
"S00129802",127,79,48
"S00129803",123,93,30
"S00129804",146,117,29
"S00129805",139,127,12
"S00129806",148,117,31
"S00129807",84,67,17
"S00129808",169,151,18
"S00129809",127,113,14
"S00129810",118,104,14
"S00129811",108,94,14
"S00129812",176,145,31
"S00129813",85,74,11
"S00129814",114,103,11
"S00129815",147,134,13
"S00129816",137,123,14
"S00129817",133,120,13
"S00129818",128,115,13
"S00129819",152,137,15
"S00129820",128,117,11
"S00129821",113,103,10
"S00129822",148,132,16
"S00129823",95,83,12
"S00129824",166,151,15
"S00129825",148,134,14
"S00129826",121,102,19
"S00129827",130,109,21
"S00129828",65,59,6
"S00129829",59,36,23
"S00129830",118,90,28
"S00129831",138,106,32
"S00129832",123,101,22
"S00129833",126,98,28
"S00129834",136,122,14
"S00129835",116,103,13
"S00129836",149,140,9
"S00129837",114,105,9
"S00129838",102,93,9
"S00129839",84,65,19
"S00129840",111,89,22
"S00129841",117,90,27
"S00129842",147,134,13
"S00129843",174,143,31
"S00129844",157,127,30
"S00129845",135,109,26
"S00129846",114,92,22
"S00129847",114,108,6
"S00129848",75,69,6
"S00129849",149,114,35
"S00129850",172,142,30
"S00129851",123,95,28
"S00129852",115,86,29
"S00129853",141,107,34
"S00129854",134,92,42
"S00129855",157,133,24
"S00129856",134,118,16
"S00129857",92,81,11
"S00129858",142,117,25
"S00129859",63,56,7
"S00129860",128,109,19
"S00129861",77,62,15
"S00129862",67,63,4
"S00129863",73,62,11
"S00129864",106,89,17
"S00129865",94,80,14
"S00129866",110,106,4
"S00129867",178,156,22
"S00129868",84,72,12
"S00129869",51,42,9
"S00129870",139,110,29
"S00129871",137,72,65
"S00129872",104,84,20
"S00129873",118,94,24
"S00129874",89,66,23
"S00129875",78,68,10
"S00129876",69,56,13
"S00129877",199,83,116
"S00129878",98,84,14
"S00129879",93,82,11
"S00129880",68,59,9
"S00129881",108,86,22
"S00129882",126,112,14
"S00129883",78,69,9
"S00129884",64,54,10
"S00129885",84,75,9
"S00129886",131,118,13
"S00129887",89,74,15
"S00129888",59,48,11
"S00129889",95,85,10
"S00129890",99,88,11
"S00129891",75,60,15
"S00129892",164,152,12
"S00129893",178,157,21
"S00129894",136,115,21
"S00129895",67,49,18
"S00129896",77,71,6
"S00129897",70,59,11
"S00129898",156,108,48
"S00129899",102,73,29
"S00129900",66,41,25
"S00129901",132,85,47
"S00129902",109,94,15
"S00129903",86,78,8
"S00129904",57,49,8
"S00129905",124,114,10
"S00129906",87,75,12
"S00129907",54,44,10
"S00129908",57,46,11
"S00129909",113,98,15
"S00129910",77,54,23
"S00129911",66,58,8
"S00129912",87,74,13
"S00129913",80,62,18
"S00129914",122,103,19
"S00129915",82,62,20
"S00129916",94,66,28
"S00129917",137,105,32
"S00129918",100,85,15
"S00129919",108,97,11
"S00129920",58,52,6
"S00129921",123,99,24
"S00129922",103,93,10
"S00129923",102,93,9
"S00129924",93,78,15
"S00129925",50,33,17
"S00129926",129,107,22
"S00129927",58,54,4
"S00129928",134,105,29
"S00129929",111,87,24
"S00129930",121,100,21
"S00129931",199,175,24
"S00129932",97,85,12
"S00129933",61,51,10
"S00129934",57,43,14
"S00129935",163,140,23
"S00129936",99,73,26
"S00129937",68,49,19
"S00129938",123,83,40
"S00129939",67,61,6
"S00129940",105,85,20
"S00129941",84,74,10
"S00129942",66,40,26
"S00129943",70,62,8
"S00129944",135,123,12
"S00129945",61,51,10
"S00129946",59,45,14
"S00129947",123,98,25
"S00129948",86,72,14
"S00129949",95,80,15
"S00129950",70,59,11
"S00129951",155,124,31
"S00129952",138,122,16
"S00129953",139,118,21
"S00129954",131,121,10
"S00129955",138,129,9
"S00129956",58,53,5
"S00129957",119,105,14
"S00129958",152,142,10
"S00129959",92,80,12
"S00129960",210,192,18
"S00129961",132,115,17
"S00129962",106,95,11
"S00129963",172,136,36
"S00129964",110,100,10
"S00129965",135,128,7
"S00129966",70,54,16
"S00129967",72,60,12
"S00129968",124,112,12
"S00129969",194,145,49
"S00129970",104,92,12
"S00129971",136,118,18
"S00129972",138,115,23
"S00129973",61,45,16
"S00129974",148,95,53
"S00129975",70,46,24
"S00129976",139,100,39
"S00129977",60,44,16
"S00129978",96,80,16
"S00129979",98,79,19
"S00129980",81,68,13
"S00129981",96,84,12
"S00129982",179,138,41
"S00129983",172,122,50
"S00129984",66,40,26
"S00129985",84,77,7
"S00129986",127,113,14
"S00129987",67,62,5
"S00129988",78,67,11
"S00129989",72,59,13
"S00129990",68,54,14
"S00129991",67,56,11
"S00129992",90,38,52
"S00129993",73,62,11
"S00129994",58,46,12
"S00129995",111,90,21
"S00129996",60,48,12
"S00129997",52,41,11
"S00129998",196,181,15
"S00129999",91,52,39
"S00130000",76,51,25
"S00130001",87,65,22
"S00130002",69,58,11
"S00130003",93,80,13
"S00130004",142,130,12
"S00130005",229,217,12
"S00130006",76,68,8
"S00130007",126,116,10
"S00130008",122,107,15
"S00130009",183,172,11
"S00130010",106,92,14
"S00130011",142,117,25
"S00130012",135,110,25
"S00130013",96,79,17
"S00130014",81,53,28
"S00130015",116,91,25
"S00130016",63,30,33
"S00130017",158,130,28
"S00130018",59,29,30
"S00130019",175,161,14
"S00130020",133,107,26
"S00130021",104,87,17
"S00130022",185,159,26
"S00130023",86,74,12
"S00130024",119,109,10
"S00130025",137,110,27
"S00130026",75,62,13
"S00130027",114,103,11
"S00130028",112,89,23
"S00130029",73,61,12
"S00130030",86,67,19
"S00130031",74,70,4
"S00130032",76,47,29
"S00130033",91,80,11
"S00130034",214,152,62
"S00130035",80,58,22
"S00130036",94,64,30
"S00130037",77,52,25
"S00130038",90,61,29
"S00130039",154,129,25
"S00130040",95,85,10
"S00130041",129,100,29
"S00130042",110,60,50
"S00130043",62,46,16
"S00130044",119,94,25
"S00130045",68,56,12
"S00130046",62,33,29
"S00130047",128,106,22
"S00130048",111,89,22
"S00130049",100,93,7
"S00130050",148,128,20
"S00130051",170,159,11
"S00130052",105,86,19
"S00130053",72,46,26
"S00130054",63,30,33
"S00130055",90,34,56
"S00130056",98,78,20
"S00130057",103,51,52
"S00130058",125,75,50
"S00130059",130,120,10
"S00130060",72,66,6
"S00130061",197,137,60
"S00130062",67,49,18
"S00130063",218,200,18
"S00130064",62,35,27
"S00130065",118,102,16
"S00130066",56,53,3
"S00130067",110,97,13
"S00130068",51,45,6
"S00130069",54,26,28
"S00130070",117,95,22
"S00130071",176,169,7
"S00130072",69,42,27
"S00130073",160,133,27
"S00130074",141,127,14
"S00130075",95,86,9
"S00130076",126,97,29
"S00130077",95,76,19
"S00130078",147,134,13
"S00130079",108,100,8
"S00130080",101,76,25
"S00130081",145,125,20
"S00130082",67,54,13
"S00130083",151,121,30
"S00130084",128,108,20
"S00130085",73,60,13
"S00130086",161,121,40
"S00130087",110,85,25
"S00130088",129,110,19
"S00130089",203,183,20
"S00130090",124,101,23
"S00130091",96,88,8
"S00130092",157,143,14
"S00130093",142,108,34
"S00130094",99,54,45
"S00130095",106,59,47
"S00130096",70,45,25
"S00130097",159,132,27
"S00130098",60,50,10
"S00130099",179,156,23
"S00130100",137,103,34
"S00130101",164,137,27
"S00130102",70,54,16
"S00130103",117,94,23
"S00130104",122,103,19
"S00130105",102,95,7
"S00130106",112,91,21
"S00130107",102,89,13
"S00130108",87,71,16
"S00130109",185,167,18
"S00130110",95,80,15
"S00130111",82,53,29
"S00130112",95,63,32
"S00130113",162,112,50
"S00130114",111,95,16
"S00130115",140,115,25
"S00130116",139,108,31
"S00130117",97,75,22
"S00130118",97,75,22
"S00130119",124,105,19
"S00130120",77,37,40
"S00130121",147,126,21
"S00130122",164,133,31
"S00130123",58,31,27
"S00130124",65,43,22
"S00130125",72,62,10
"S00130126",67,56,11
"S00130127",163,155,8
"S00130128",150,139,11
"S00130129",139,133,6
"S00130130",157,147,10
"S00130131",128,117,11
"S00130132",73,57,16
"S00130133",141,128,13
"S00130134",65,50,15
"S00130135",61,56,5
"S00130136",188,166,22
"S00130137",176,164,12
"S00130138",108,100,8
"S00130139",82,70,12
"S00130140",101,81,20
"S00130141",144,127,17
"S00130142",123,101,22
"S00130143",172,148,24
"S00130144",109,78,31
"S00130145",51,43,8
"S00130146",100,60,40
"S00130147",66,48,18
"S00130148",110,80,30
"S00130149",80,46,34
"S00130150",144,93,51
"S00130151",118,95,23
"S00130152",60,50,10
"S00130153",61,34,27
"S00130154",98,89,9
"S00130155",109,81,28
"S00130156",80,75,5
"S00130157",133,77,56
"S00130158",101,75,26
"S00130159",112,89,23
"S00130160",99,74,25
"S00130161",110,34,76
"S00130162",56,46,10
"S00130163",95,31,64
"S00130164",101,39,62
"S00130165",99,87,12
"S00130166",127,94,33
"S00130167",77,66,11
"S00130168",161,149,12
"S00130169",179,157,22
"S00130170",114,76,38
"S00130171",80,52,28
"S00130172",93,58,35
"S00130173",76,59,17
"S00130174",112,77,35
"S00130175",77,65,12
"S00130176",142,135,7
"S00130177",61,35,26
"S00130178",118,92,26
"S00130179",90,61,29
"S00130180",112,76,36
"S00130181",117,85,32
"S00130182",116,80,36
"S00130183",130,104,26
"S00130184",121,102,19
"S00130185",124,115,9
"S00130186",114,90,24
"S00130187",124,105,19
"S00130188",76,62,14
"S00130189",72,67,5
"S00130190",163,135,28
"S00130191",157,133,24
"S00130192",146,116,30
"S00130193",129,97,32
"S00130194",88,55,33
"S00130195",88,64,24
"S00130196",62,49,13
"S00130197",77,50,27
"S00130198",64,49,15
"S00130199",82,47,35
"S00130200",74,46,28
"S00130201",94,54,40
"S00130202",61,37,24
"S00130203",133,122,11
"S00130204",104,87,17
"S00130205",126,107,19
"S00130206",114,75,39
"S00130207",120,79,41
"S00130208",56,34,22
"S00130209",90,65,25
"S00130210",95,59,36
"S00130211",51,39,12
"S00130212",102,64,38
"S00130213",111,68,43
"S00130214",63,51,12
"S00130215",75,54,21
"S00130216",66,45,21
"S00130217",74,63,11
"S00130218",117,96,21
"S00130219",84,66,18
"S00130220",76,56,20
"S00130221",93,61,32
"S00130222",80,57,23
"S00130223",114,92,22
"S00130224",107,88,19
"S00130225",143,128,15
"S00130226",101,79,22
"S00130227",153,134,19
"S00130228",97,87,10
"S00130229",80,75,5
"S00130230",121,107,14
"S00130231",207,198,9
"S00130232",90,72,18
"S00130233",172,151,21
"S00130234",138,127,11
"S00130235",132,116,16
"S00130236",122,103,19
"S00130237",107,76,31
"S00130238",167,145,22
"S00130239",101,83,18
"S00130240",147,137,10
"S00130241",135,111,24
"S00130242",221,214,7
"S00130243",143,133,10
"S00130244",122,107,15
"S00130245",103,94,9
"S00130246",162,153,9
"S00130247",118,98,20
"S00130248",149,128,21
"S00130249",107,88,19
"S00130250",78,60,18
"S00130251",118,98,20
"S00130252",128,115,13
"S00130253",152,142,10
"S00130254",125,102,23
"S00130255",61,58,3
"S00130256",144,71,73
"S00130257",84,53,31
"S00130258",102,83,19
"S00130259",57,51,6
"S00130260",100,66,34
"S00130261",157,133,24
"S00130262",93,67,26
"S00130263",174,141,33
"S00130264",190,104,86
"S00130265",118,92,26
"S00130266",92,73,19
"S00130267",62,56,6
"S00130268",144,109,35
"S00130269",121,99,22
"S00130270",143,100,43
"S00130271",117,102,15
"S00130272",103,73,30
"S00130273",64,35,29
"S00130274",143,106,37
"S00130275",148,98,50
"S00130276",64,47,17
"S00130277",92,68,24
"S00130278",107,72,35
"S00130279",109,75,34
"S00130280",136,88,48
"S00130281",126,82,44
"S00130282",90,32,58
"S00130283",135,94,41
"S00130284",78,43,35
"S00130285",66,44,22
"S00130286",157,136,21
"S00130287",81,62,19
"S00130288",99,70,29
"S00130289",79,37,42
"S00130290",102,79,23
"S00130291",78,51,27
"S00130292",128,82,46
"S00130293",101,73,28
"S00130294",101,76,25
"S00130295",158,125,33
"S00130296",120,85,35
"S00130297",121,88,33
"S00130298",103,74,29
"S00130299",88,67,21
"S00130300",77,52,25
"S00130301",97,64,33
"S00130302",102,83,19
"S00130303",99,85,14
"S00130304",117,101,16
"S00130305",50,42,8
"S00130306",79,64,15
"S00130307",106,61,45
"S00130308",194,183,11
"S00130309",76,54,22
"S00130310",104,52,52
"S00130311",94,72,22
"S00130312",110,86,24
"S00130313",100,78,22
"S00130314",95,80,15
"S00130315",118,109,9
"S00130316",93,79,14
"S00130317",157,129,28
"S00130318",84,71,13
"S00130319",159,139,20
"S00130320",176,143,33
"S00130321",76,44,32
"S00130322",120,89,31
"S00130323",60,42,18
"S00130324",91,69,22
"S00130325",122,72,50
"S00130326",146,117,29
"S00130327",111,84,27
"S00130328",108,87,21
"S00130329",99,83,16
"S00130330",97,77,20
"S00130331",144,113,31
"S00130332",153,131,22
"S00130333",101,79,22
"S00130334",142,128,14
"S00130335",114,85,29
"S00130336",100,97,3
"S00130337",130,111,19
"S00130338",128,93,35
"S00130339",74,40,34
"S00130340",84,70,14
"S00130341",123,81,42
"S00130342",88,58,30
"S00130343",178,145,33
"S00130344",107,84,23
"S00130345",120,94,26
"S00130346",56,46,10
"S00130347",103,57,46
"S00130348",87,59,28
"S00130349",85,45,40
"S00130350",57,30,27
"S00130351",127,96,31
"S00130352",98,59,39
"S00130353",64,40,24
"S00130354",91,59,32
"S00130355",71,48,23
"S00130356",54,30,24
"S00130357",85,57,28
"S00130358",59,39,20
"S00130359",104,72,32
"S00130360",79,59,20
"S00130361",98,68,30
"S00130362",98,81,17
"S00130363",52,46,6
"S00130364",97,86,11
"S00130365",120,103,17
"S00130366",112,101,11
"S00130367",80,58,22
"S00130368",128,103,25
"S00130369",180,160,20
"S00130370",121,92,29
"S00130371",121,109,12
"S00130372",142,119,23
"S00130373",91,78,13
"S00130374",238,205,33
"S00130375",78,70,8
"S00130376",164,129,35
"S00130377",122,111,11
"S00130378",141,119,22
"S00130379",96,84,12
"S00130380",92,65,27
"S00130381",138,102,36
"S00130382",141,120,21
"S00130383",134,96,38
"S00130384",141,95,46
"S00130385",147,101,46
"S00130386",101,75,26
"S00130387",105,71,34
"S00130388",84,56,28
"S00130389",90,64,26
"S00130390",134,115,19
"S00130391",107,77,30
"S00130392",115,91,24
"S00130393",120,93,27
"S00130394",101,76,25
"S00130395",123,100,23
"S00130396",105,88,17
"S00130397",125,104,21
"S00130398",115,101,14
"S00130399",83,76,7
"S00130400",97,86,11
"S00130401",129,109,20
"S00130402",127,108,19
"S00130403",99,84,15
"S00130404",99,86,13
"S00130405",102,72,30
"S00130406",100,80,20
"S00130407",90,70,20
"S00130408",145,135,10
"S00130409",99,84,15
"S00130410",185,166,19
"S00130411",124,106,18
"S00130412",80,64,16
"S00130413",93,79,14
"S00130414",129,104,25
"S00130415",67,56,11
"S00130416",90,82,8
"S00130417",94,80,14
"S00130418",122,78,44
"S00130419",58,33,25
"S00130420",53,36,17
"S00130421",147,67,80
"S00130422",99,54,45
"S00130423",84,38,46
"S00130424",81,47,34
"S00130425",73,43,30
"S00130426",69,57,12
"S00130427",108,77,31
"S00130428",87,49,38
"S00130429",85,49,36
"S00130430",62,43,19
"S00130431",152,116,36
"S00130432",157,119,38
"S00130433",119,80,39
"S00130434",119,92,27
"S00130435",164,123,41
"S00130436",132,96,36
"S00130437",152,106,46
"S00130438",121,81,40
"S00130439",90,59,31
"S00130440",79,56,23
"S00130441",61,41,20
"S00130442",73,63,10
"S00130443",79,52,27
"S00130444",58,26,32
"S00130445",53,47,6
"S00130446",95,66,29
"S00130447",110,88,22
"S00130448",108,70,38
"S00130449",139,107,32
"S00130450",121,86,35
"S00130451",78,52,26
"S00130452",73,48,25
"S00130453",103,75,28
"S00130454",109,83,26
"S00130455",150,106,44
"S00130456",66,52,14
"S00130457",110,80,30
"S00130458",113,95,18
"S00130459",64,58,6
"S00130460",113,103,10
"S00130461",173,151,22
"S00130462",116,102,14
"S00130463",146,129,17
"S00130464",104,93,11
"S00130465",106,82,24
"S00130466",153,126,27
"S00130467",80,67,13
"S00130468",112,90,22
"S00130469",129,103,26
"S00130470",105,82,23
"S00130471",75,48,27
"S00130472",172,139,33
"S00130473",140,115,25
"S00130474",187,156,31
"S00130475",147,133,14
"S00130476",147,117,30
"S00130477",93,69,24
"S00130478",60,47,13
"S00130479",125,95,30
"S00130480",107,71,36
"S00130481",92,64,28
"S00130482",161,144,17
"S00130483",102,68,34
"S00130484",69,52,17
"S00130485",52,39,13
"S00130486",123,94,29
"S00130487",104,73,31
"S00130488",105,67,38
"S00130489",100,75,25
"S00130490",108,92,16
"S00130491",73,39,34
"S00130492",101,64,37
"S00130493",116,49,67
"S00130494",114,90,24
"S00130495",58,26,32
"S00130496",93,74,19
"S00130497",89,65,24
"S00130498",75,53,22
"S00130499",91,68,23
"S00130500",93,56,37
"S00130501",95,78,17
"S00130502",56,34,22
"S00130503",73,52,21
"S00130504",64,39,25
"S00130505",69,54,15
"S00130506",76,55,21
"S00130507",126,113,13
"S00130508",86,56,30
"S00130509",121,101,20
"S00130510",106,89,17
"S00130511",95,83,12
"S00130512",111,94,17
"S00130513",57,48,9
"S00130514",65,51,14
"S00130515",110,92,18
"S00130516",72,55,17
"S00130517",139,126,13
"S00130518",62,56,6
"S00130519",104,95,9
"S00130520",60,52,8
"S00130521",98,84,14
"S00130522",132,110,22
"S00130523",150,131,19
"S00130524",153,134,19
"S00130525",55,48,7
"S00130526",67,58,9
"S00130527",69,39,30
"S00130528",106,79,27
"S00130529",63,55,8
"S00130530",76,55,21
"S00130531",84,49,35
"S00130532",352,127,225
"S00130533",105,100,5
"S00130534",187,176,11
"S00130535",181,168,13
"S00130536",194,174,20
"S00130537",198,184,14
"S00130538",268,245,23
"S00130539",145,140,5
"S00130540",115,114,1
"S00130541",128,118,10
"S00130542",65,60,5
"S00130543",77,71,6
"S00130544",57,45,12
"S00130545",102,63,39
"S00130546",122,84,38
"S00130547",62,46,16
"S00130548",91,68,23
"S00130549",83,68,15
"S00130550",79,64,15
"S00130551",82,79,3
"S00130552",162,114,48
"S00130553",61,45,16
"S00130554",192,180,12
"S00130555",262,239,23
"S00130556",160,132,28
"S00130557",135,109,26
"S00130558",106,92,14
"S00130559",125,102,23
"S00130560",55,44,11
"S00130561",161,115,46
"S00130562",113,91,22
"S00130563",98,89,9
"S00130564",52,46,6
"S00130565",108,88,20
"S00130566",146,135,11
"S00130567",163,155,8
"S00130568",86,70,16
"S00130569",63,31,32
"S00130570",60,27,33
"S00130571",119,81,38
"S00130572",60,53,7
"S00130573",142,124,18
"S00130574",179,156,23
"S00130575",214,200,14
"S00130576",100,75,25
"S00130577",122,97,25
"S00130578",170,147,23
"S00130579",180,165,15
"S00130580",217,202,15
"S00130581",207,189,18
"S00130582",142,113,29
"S00130583",86,77,9
"S00130584",70,53,17
"S00130585",176,142,34
"S00130586",175,141,34
"S00130587",85,70,15
"S00130588",79,64,15
"S00130589",128,113,15
"S00130590",150,138,12
"S00130591",209,195,14
"S00130592",111,102,9
"S00130593",316,301,15
"S00130594",85,77,8
"S00130595",112,97,15
"S00130596",88,66,22
"S00130597",136,120,16
"S00130598",118,101,17
"S00130599",75,45,30
"S00130600",86,50,36
"S00130601",109,77,32
"S00130602",66,48,18
"S00130603",114,64,50
"S00130604",62,46,16
"S00130605",109,88,21
"S00130606",142,108,34
"S00130607",127,104,23
"S00130608",134,109,25
"S00130609",54,38,16
"S00130610",132,120,12
"S00130611",75,57,18
"S00130612",68,55,13
"S00130613",66,58,8
"S00130614",148,136,12
"S00130615",118,107,11
"S00130616",100,65,35
"S00130617",53,39,14
"S00130618",108,72,36
"S00130619",60,42,18
"S00130620",81,63,18
"S00130621",90,85,5
"S00130622",106,83,23
"S00130623",72,57,15
"S00130624",126,102,24
"S00130625",73,50,23
"S00130626",130,83,47
"S00130627",108,76,32
"S00130628",67,48,19
"S00130629",85,57,28
"S00130630",87,70,17
"S00130631",72,58,14
"S00130632",123,97,26
"S00130633",117,106,11
"S00130634",166,152,14
"S00130635",103,97,6
"S00130636",129,119,10
"S00130637",148,132,16
"S00130638",173,126,47
"S00130639",59,24,35
"S00130640",90,79,11
"S00130641",61,22,39
"S00130642",58,48,10
"S00130643",88,62,26
"S00130644",177,148,29
"S00130645",101,92,9
"S00130646",176,165,11
"S00130647",173,146,27
"S00130648",177,159,18
"S00130649",184,168,16
"S00130650",92,86,6
"S00130651",77,68,9
"S00130652",107,103,4
"S00130653",119,107,12
"S00130654",203,193,10
"S00130655",147,132,15
"S00130656",233,217,16
"S00130657",70,66,4
"S00130658",117,111,6
"S00130659",130,103,27
"S00130660",104,91,13
"S00130661",166,151,15
"S00130662",101,87,14
"S00130663",118,99,19
"S00130664",98,91,7
"S00130665",168,151,17
"S00130666",90,79,11
"S00130667",160,142,18
"S00130668",267,235,32
"S00130669",66,54,12
"S00130670",139,126,13
"S00130671",148,140,8
"S00130672",162,148,14
"S00130673",105,105,0
"S00130674",181,175,6
"S00130675",104,95,9
"S00130676",121,105,16
"S00130677",125,108,17
"S00130678",331,286,45
"S00130679",100,87,13
"S00130680",145,130,15
"S00130681",64,57,7
"S00130682",149,133,16
"S00130683",54,46,8
"S00130684",170,155,15
"S00130685",66,57,9
"S00130686",98,90,8
"S00130687",123,115,8
"S00130688",105,96,9
"S00130689",110,91,19
"S00130690",135,120,15
"S00130691",96,79,17
"S00130692",80,75,5
"S00130693",125,115,10
"S00130694",168,159,9
"S00130695",116,108,8
"S00130696",126,110,16
"S00130697",103,82,21
"S00130698",160,154,6
"S00130699",126,118,8
"S00130700",158,154,4
"S00130701",168,153,15
"S00130702",146,139,7
"S00130703",213,200,13
"S00130704",188,182,6
"S00130705",196,187,9
"S00130706",182,157,25
"S00130707",75,72,3
"S00130708",157,152,5
"S00130709",189,179,10
"S00130710",142,138,4
"S00130711",135,125,10
"S00130712",129,124,5
"S00130713",215,202,13
"S00130714",161,148,13
"S00130715",90,87,3
"S00130716",104,84,20
"S00130717",72,66,6
"S00130718",68,55,13
"S00130719",149,123,26
"S00130720",134,122,12
"S00130721",121,114,7
"S00130722",102,84,18
"S00130723",122,101,21
"S00130724",129,99,30
"S00130725",148,122,26
"S00130726",64,54,10
"S00130727",165,150,15
"S00130728",123,81,42
"S00130729",114,101,13
"S00130730",104,87,17
"S00130731",164,135,29
"S00130732",236,221,15
"S00130733",157,143,14
"S00130734",120,102,18
"S00130735",114,100,14
"S00130736",170,149,21
"S00130737",116,103,13
"S00130738",52,44,8
"S00130739",126,111,15
"S00130740",149,125,24
"S00130741",217,155,62
"S00130742",188,174,14
"S00130743",158,131,27
"S00130744",67,63,4
"S00130745",134,111,23
"S00130746",142,123,19
"S00130747",136,111,25
"S00130748",134,119,15
"S00130749",88,60,28
"S00130750",78,67,11
"S00130751",185,162,23
"S00130752",136,107,29
"S00130753",150,112,38
"S00130754",205,184,21
"S00130755",81,68,13
"S00130756",154,109,45
"S00130757",68,53,15
"S00130758",147,124,23
"S00130759",75,70,5
"S00130760",116,108,8
"S00130761",71,63,8
"S00130762",65,61,4
"S00130763",167,149,18
"S00130764",97,90,7
"S00130765",93,90,3
"S00130766",165,153,12
"S00130767",153,130,23
"S00130768",179,159,20
"S00130769",175,142,33
"S00130770",164,151,13
"S00130771",201,184,17
"S00130772",59,49,10
"S00130773",215,178,37
"S00130774",86,71,15
"S00130775",94,72,22
"S00130776",97,91,6
"S00130777",127,108,19
"S00130778",56,38,18
"S00130779",207,182,25
"S00130780",59,53,6
"S00130781",143,117,26
"S00130782",86,73,13
"S00130783",87,71,16
"S00130784",53,42,11
"S00130785",100,75,25
"S00130786",87,70,17
"S00130787",59,50,9
"S00130788",76,60,16
"S00130789",52,41,11
"S00130790",75,59,16
"S00130791",100,84,16
"S00130792",117,107,10
"S00130793",82,68,14
"S00130794",133,117,16
"S00130795",164,141,23
"S00130796",129,124,5
"S00130797",100,86,14
"S00130798",60,58,2
"S00130799",106,100,6
"S00130800",151,135,16
"S00130801",121,106,15
"S00130802",121,111,10
"S00130803",80,68,12
"S00130804",141,125,16
"S00130805",76,65,11
"S00130806",148,114,34
"S00130807",96,79,17
"S00130808",121,93,28
"S00130809",114,85,29
"S00130810",80,51,29
"S00130811",133,104,29
"S00130812",101,82,19
"S00130813",70,52,18
"S00130814",83,70,13
"S00130815",116,87,29
"S00130816",110,79,31
"S00130817",126,98,28
"S00130818",108,87,21
"S00130819",173,140,33
"S00130820",114,67,47
"S00130821",165,146,19
"S00130822",165,126,39
"S00130823",119,92,27
"S00130824",110,93,17
"S00130825",110,72,38
"S00130826",118,81,37
"S00130827",71,50,21
"S00130828",105,78,27
"S00130829",111,81,30
"S00130830",59,32,27
"S00130831",147,128,19
"S00130832",170,154,16
"S00130833",118,101,17
"S00130834",123,107,16
"S00130835",129,114,15
"S00130836",130,107,23
"S00130837",99,78,21
"S00130838",101,84,17
"S00130839",116,91,25
"S00130840",143,116,27
"S00130841",97,77,20
"S00130842",116,91,25
"S00130843",86,74,12
"S00130844",74,48,26
"S00130845",139,105,34
"S00130846",162,111,51
"S00130847",80,61,19
"S00130848",111,88,23
"S00130849",103,77,26
"S00130850",168,128,40
"S00130851",152,124,28
"S00130852",152,134,18
"S00130853",120,92,28
"S00130854",116,89,27
"S00130855",107,72,35
"S00130856",99,78,21
"S00130857",186,166,20
"S00130858",133,108,25
"S00130859",102,73,29
"S00130860",121,108,13
"S00130861",145,111,34
"S00130862",97,74,23
"S00130863",113,81,32
"S00130864",95,77,18
"S00130865",55,42,13
"S00130866",130,95,35
"S00130867",151,117,34
"S00130868",125,92,33
"S00130869",117,91,26
"S00130870",74,57,17
"S00130871",161,127,34
"S00130872",61,51,10
"S00130873",124,96,28
"S00130874",113,75,38
"S00130875",107,90,17
"S00130876",90,69,21
"S00130877",105,81,24
"S00130878",170,135,35
"S00130879",105,89,16
"S00130880",111,99,12
"S00130881",114,95,19
"S00130882",91,81,10
"S00130883",100,92,8
"S00130884",83,68,15
"S00130885",72,47,25
"S00130886",96,78,18
"S00130887",62,53,9
"S00130888",112,90,22
"S00130889",133,114,19
"S00130890",85,66,19
"S00130891",112,91,21
"S00130892",123,101,22
"S00130893",144,110,34
"S00130894",126,94,32
"S00130895",140,123,17
"S00130896",83,60,23
"S00130897",118,100,18
"S00130898",181,155,26
"S00130899",99,90,9
"S00130900",113,100,13
"S00130901",99,87,12
"S00130902",96,72,24
"S00130903",113,81,32
"S00130904",51,44,7
"S00130905",100,71,29
"S00130906",84,46,38
"S00130907",51,27,24
"S00130908",92,73,19
"S00130909",117,78,39
"S00130910",83,62,21
"S00130911",89,57,32
"S00130912",74,60,14
"S00130913",94,68,26
"S00130914",170,145,25
"S00130915",101,74,27
"S00130916",90,78,12
"S00130917",91,64,27
"S00130918",94,78,16
"S00130919",69,55,14
"S00130920",154,138,16
"S00130921",122,105,17
"S00130922",104,93,11
"S00130923",111,86,25
"S00130924",80,69,11
"S00130925",84,64,20
"S00130926",81,69,12
"S00130927",103,87,16
"S00130928",70,51,19
"S00130929",117,100,17
"S00130930",118,86,32
"S00130931",133,113,20
"S00130932",177,139,38
"S00130933",135,112,23
"S00130934",123,115,8
"S00130935",136,98,38
"S00130936",112,98,14
"S00130937",123,72,51
"S00130938",112,95,17
"S00130939",97,82,15
"S00130940",96,73,23
"S00130941",103,83,20
"S00130942",186,153,33
"S00130943",150,135,15
"S00130944",135,124,11
"S00130945",104,89,15
"S00130946",111,92,19
"S00130947",180,161,19
"S00130948",94,73,21
"S00130949",116,100,16
"S00130950",94,84,10
"S00130951",166,154,12
"S00130952",71,53,18
"S00130953",98,83,15
"S00130954",87,74,13
"S00130955",75,67,8
"S00130956",162,139,23
"S00130957",105,68,37
"S00130958",58,51,7
"S00130959",139,131,8
"S00130960",89,81,8
"S00130961",152,137,15
"S00130962",76,70,6
"S00130963",135,111,24
"S00130964",119,102,17
"S00130965",97,82,15
"S00130966",122,112,10
"S00130967",139,102,37
"S00130968",135,111,24
"S00130969",163,121,42
"S00130970",126,94,32
"S00130971",152,125,27
"S00130972",79,60,19
"S00130973",139,114,25
"S00130974",163,132,31
"S00130975",73,57,16
"S00130976",152,127,25
"S00130977",100,94,6
"S00130978",106,79,27
"S00130979",161,147,14
"S00130980",115,103,12
"S00130981",150,117,33
"S00130982",157,137,20
"S00130983",55,52,3
"S00130984",134,102,32
"S00130985",147,118,29
"S00130986",129,104,25
"S00130987",92,65,27
"S00130988",150,129,21
"S00130989",165,132,33
"S00130990",161,134,27
"S00130991",86,64,22
"S00130992",97,73,24
"S00130993",158,135,23
"S00130994",137,120,17
"S00130995",195,171,24
"S00130996",116,103,13
"S00130997",119,94,25
"S00130998",167,155,12
"S00130999",173,163,10
"S00131000",98,61,37
"S00131001",208,177,31
"S00131002",189,146,43
"S00131003",130,105,25
"S00131004",136,103,33
"S00131005",141,103,38
"S00131006",172,146,26
"S00131007",123,95,28
"S00131008",89,56,33
"S00131009",103,81,22
"S00131010",93,65,28
"S00131011",127,91,36
"S00131012",106,86,20
"S00131013",118,95,23
"S00131014",125,96,29
"S00131015",101,86,15
"S00131016",138,88,50
"S00131017",110,89,21
"S00131018",66,53,13
"S00131019",93,82,11
"S00131020",126,108,18
"S00131021",123,98,25
"S00131022",93,72,21
"S00131023",168,132,36
"S00131024",84,58,26
"S00131025",116,100,16
"S00131026",81,64,17
"S00131027",112,92,20
"S00131028",116,95,21
"S00131029",149,122,27
"S00131030",119,104,15
"S00131031",154,131,23
"S00131032",140,105,35
"S00131033",108,74,34
"S00131034",108,89,19
"S00131035",115,83,32
"S00131036",84,75,9
"S00131037",85,58,27
"S00131038",125,106,19
"S00131039",100,82,18
"S00131040",101,91,10
"S00131041",164,118,46
"S00131042",145,116,29
"S00131043",142,110,32
"S00131044",102,92,10
"S00131045",113,100,13
"S00131046",77,50,27
"S00131047",136,112,24
"S00131048",198,174,24
"S00131049",92,71,21
"S00131050",57,42,15
"S00131051",160,130,30
"S00131052",113,91,22
"S00131053",121,86,35
"S00131054",142,109,33
"S00131055",50,40,10
"S00131056",142,116,26
"S00131057",95,75,20
"S00131058",92,57,35
"S00131059",110,88,22
"S00131060",126,88,38
"S00131061",72,37,35
"S00131062",91,53,38
"S00131063",94,56,38
"S00131064",149,110,39
"S00131065",90,60,30
"S00131066",103,95,8
"S00131067",136,99,37
"S00131068",93,70,23
"S00131069",65,42,23
"S00131070",87,62,25
"S00131071",207,161,46
"S00131072",111,65,46
"S00131073",105,79,26
"S00131074",78,58,20
"S00131075",83,59,24
"S00131076",182,126,56
"S00131077",59,40,19
"S00131078",69,51,18
"S00131079",148,115,33
"S00131080",100,72,28
"S00131081",93,66,27
"S00131082",171,116,55
"S00131083",166,134,32
"S00131084",142,96,46
"S00131085",148,101,47
"S00131086",69,55,14
"S00131087",84,56,28
"S00131088",117,101,16
"S00131089",161,127,34
"S00131090",129,102,27
"S00131091",116,92,24
"S00131092",132,102,30
"S00131093",102,69,33
"S00131094",80,48,32
"S00131095",142,109,33
"S00131096",126,93,33
"S00131097",140,120,20
"S00131098",113,80,33
"S00131099",145,123,22
"S00131100",86,54,32
"S00131101",100,57,43
"S00131102",90,63,27
"S00131103",87,61,26
"S00131104",104,78,26
"S00131105",88,74,14
"S00131106",112,76,36
"S00131107",94,62,32
"S00131108",105,68,37
"S00131109",113,84,29
"S00131110",93,67,26
"S00131111",67,44,23
"S00131112",95,69,26
"S00131113",109,71,38
"S00131114",79,52,27
"S00131115",100,77,23
"S00131116",103,75,28
"S00131117",59,45,14
"S00131118",53,44,9
"S00131119",91,62,29
"S00131120",134,116,18
"S00131121",69,39,30
"S00131122",115,97,18
"S00131123",95,62,33
"S00131124",65,44,21
"S00131125",89,62,27
"S00131126",128,95,33
"S00131127",80,53,27
"S00131128",106,82,24
"S00131129",92,64,28
"S00131130",115,84,31
"S00131131",95,64,31
"S00131132",121,96,25
"S00131133",129,103,26
"S00131134",84,65,19
"S00131135",124,90,34
"S00131136",123,97,26
"S00131137",125,106,19
"S00131138",105,88,17
"S00131139",123,108,15
"S00131140",77,65,12
"S00131141",142,116,26
"S00131142",165,131,34
"S00131143",84,67,17
"S00131144",68,56,12
"S00131145",134,113,21
"S00131146",141,106,35
"S00131147",111,93,18
"S00131148",123,97,26
"S00131149",113,81,32
"S00131150",142,105,37
"S00131151",154,121,33
"S00131152",83,58,25
"S00131153",82,65,17
"S00131154",92,62,30
"S00131155",95,61,34
"S00131156",94,61,33
"S00131157",100,65,35
"S00131158",140,117,23
"S00131159",131,105,26
"S00131160",109,89,20
"S00131161",139,119,20
"S00131162",136,111,25
"S00131163",110,80,30
"S00131164",168,150,18
"S00131165",138,106,32
"S00131166",148,119,29
"S00131167",163,126,37
"S00131168",295,171,124
"S00131169",120,95,25
"S00131170",117,100,17
"S00131171",85,68,17
"S00131172",138,128,10
"S00131173",112,85,27
"S00131174",100,74,26
"S00131175",100,86,14
"S00131176",86,60,26
"S00131177",108,69,39
"S00131178",97,80,17
"S00131179",125,91,34
"S00131180",94,63,31
"S00131181",107,85,22
"S00131182",107,72,35
"S00131183",157,128,29
"S00131184",126,92,34
"S00131185",117,99,18
"S00131186",112,87,25
"S00131187",112,96,16
"S00131188",98,78,20
"S00131189",129,94,35
"S00131190",173,137,36
"S00131191",140,103,37
"S00131192",134,113,21
"S00131193",115,65,50
"S00131194",73,48,25
"S00131195",101,73,28
"S00131196",120,104,16
"S00131197",143,113,30
"S00131198",92,75,17
"S00131199",67,50,17
"S00131200",115,79,36
"S00131201",189,144,45
"S00131202",83,53,30
"S00131203",120,83,37
"S00131204",133,100,33
"S00131205",140,108,32
"S00131206",144,120,24
"S00131207",95,75,20
"S00131208",104,73,31
"S00131209",89,75,14
"S00131210",81,67,14
"S00131211",126,104,22
"S00131212",106,90,16
"S00131213",122,93,29
"S00131214",87,62,25
"S00131215",136,114,22
"S00131216",147,117,30
"S00131217",90,69,21
"S00131218",126,114,12
"S00131219",131,117,14
"S00131220",89,67,22
"S00131221",162,148,14
"S00131222",74,54,20
"S00131223",173,151,22
"S00131224",176,144,32
"S00131225",113,94,19
"S00131226",86,66,20
"S00131227",137,110,27
"S00131228",188,154,34
"S00131229",80,67,13
"S00131230",125,116,9
"S00131231",61,57,4
"S00131232",80,53,27
"S00131233",63,46,17
"S00131234",122,75,47
"S00131235",167,133,34
"S00131236",109,85,24
"S00131237",77,58,19
"S00131238",145,109,36
"S00131239",116,89,27
"S00131240",87,59,28
"S00131241",115,72,43
"S00131242",112,63,49
"S00131243",96,67,29
"S00131244",129,113,16
"S00131245",57,50,7
"S00131246",128,109,19
"S00131247",149,127,22
"S00131248",125,108,17
"S00131249",128,105,23
"S00131250",151,143,8
"S00131251",57,37,20
"S00131252",113,94,19
"S00131253",58,44,14
"S00131254",58,41,17
"S00131255",65,46,19
"S00131256",104,81,23
"S00131257",91,55,36
"S00131258",122,89,33
"S00131259",115,89,26
"S00131260",85,68,17
"S00131261",113,85,28
"S00131262",105,88,17
"S00131263",100,87,13
"S00131264",117,86,31
"S00131265",110,86,24
"S00131266",106,87,19
"S00131267",122,101,21
"S00131268",81,55,26
"S00131269",73,53,20
"S00131270",119,100,19
"S00131271",115,87,28
"S00131272",161,131,30
"S00131273",114,96,18
"S00131274",87,74,13
"S00131275",126,94,32
"S00131276",177,143,34
"S00131277",121,100,21
"S00131278",117,96,21
"S00131279",130,93,37
"S00131280",105,86,19
"S00131281",158,125,33
"S00131282",103,92,11
"S00131283",114,96,18
"S00131284",131,116,15
"S00131285",84,71,13
"S00131286",67,62,5
"S00131287",101,89,12
"S00131288",197,181,16
"S00131289",85,74,11
"S00131290",66,54,12
"S00131291",133,115,18
"S00131292",122,112,10
"S00131293",68,55,13
"S00131294",143,124,19
"S00131295",97,91,6
"S00131296",116,96,20
"S00131297",157,134,23
"S00131298",125,105,20
"S00131299",107,82,25
"S00131300",79,57,22
"S00131301",139,113,26
"S00131302",120,98,22
"S00131303",169,150,19
"S00131304",141,124,17
"S00131305",70,56,14
"S00131306",75,64,11
"S00131307",188,156,32
"S00131308",160,140,20
"S00131309",177,158,19
"S00131310",121,105,16
"S00131311",115,93,22
"S00131312",74,66,8
"S00131313",134,110,24
"S00131314",52,38,14
"S00131315",78,65,13
"S00131316",93,75,18
"S00131317",61,48,13
"S00131318",60,50,10
"S00131319",75,54,21
"S00131320",111,90,21
"S00131321",61,46,15
"S00131322",122,100,22
"S00131323",129,101,28
"S00131324",78,67,11
"S00131325",110,74,36
"S00131326",160,143,17
"S00131327",156,135,21
"S00131328",181,160,21
"S00131329",138,125,13
"S00131330",104,92,12
"S00131331",113,93,20
"S00131332",123,112,11
"S00131333",141,119,22
"S00131334",117,82,35
"S00131335",97,76,21
"S00131336",94,80,14
"S00131337",88,72,16
"S00131338",159,144,15
"S00131339",125,99,26
"S00131340",81,58,23
"S00131341",80,59,21
"S00131342",106,81,25
"S00131343",149,137,12
"S00131344",139,122,17
"S00131345",106,90,16
"S00131346",129,95,34
"S00131347",106,76,30
"S00131348",110,81,29
"S00131349",130,100,30
"S00131350",107,79,28
"S00131351",109,80,29
"S00131352",149,117,32
"S00131353",84,67,17
"S00131354",76,57,19
"S00131355",78,54,24
"S00131356",103,82,21
"S00131357",96,73,23
"S00131358",138,88,50
"S00131359",102,66,36
"S00131360",91,75,16
"S00131361",91,68,23
"S00131362",104,82,22
"S00131363",75,58,17
"S00131364",102,75,27
"S00131365",106,73,33
"S00131366",101,64,37
"S00131367",125,93,32
"S00131368",142,101,41
"S00131369",137,113,24
"S00131370",115,97,18
"S00131371",128,120,8
"S00131372",62,49,13
"S00131373",118,98,20
"S00131374",63,49,14
"S00131375",75,68,7
"S00131376",105,91,14
"S00131377",60,54,6
"S00131378",61,36,25
"S00131379",102,76,26
"S00131380",94,82,12
"S00131381",105,90,15
"S00131382",87,73,14
"S00131383",102,79,23
"S00131384",119,95,24
"S00131385",115,64,51
"S00131386",92,69,23
"S00131387",55,37,18
"S00131388",56,43,13
"S00131389",56,31,25
"S00131390",85,64,21
"S00131391",82,72,10
"S00131392",74,68,6
"S00131393",62,52,10
"S00131394",177,111,66
"S00131395",57,30,27
"S00131396",54,36,18
"S00131397",132,115,17
"S00131398",55,40,15
"S00131399",64,40,24
"S00131400",143,122,21
"S00131401",79,65,14
"S00131402",81,69,12
"S00131403",151,125,26
"S00131404",146,127,19
"S00131405",165,137,28
"S00131406",104,87,17
"S00131407",172,138,34
"S00131408",183,165,18
"S00131409",59,37,22
"S00131410",59,38,21
"S00131411",63,38,25
"S00131412",119,95,24
"S00131413",161,128,33
"S00131414",151,113,38
"S00131415",133,99,34
"S00131416",108,89,19
"S00131417",105,80,25
"S00131418",73,65,8
"S00131419",113,92,21
"S00131420",75,59,16
"S00131421",108,95,13
"S00131422",83,67,16
"S00131423",123,97,26
"S00131424",58,52,6
"S00131425",58,41,17
"S00131426",167,140,27
"S00131427",117,91,26
"S00131428",90,66,24
"S00131429",76,62,14
"S00131430",149,118,31
"S00131431",82,62,20
"S00131432",145,127,18
"S00131433",134,112,22
"S00131434",66,50,16
"S00131435",103,76,27
"S00131436",82,51,31
"S00131437",62,49,13
"S00131438",69,47,22
"S00131439",130,108,22
"S00131440",111,94,17
"S00131441",113,99,14
"S00131442",119,98,21
"S00131443",140,135,5
"S00131444",120,109,11
"S00131445",257,250,7
"S00131446",119,100,19
"S00131447",184,161,23
"S00131448",147,118,29
"S00131449",129,107,22
"S00131450",94,72,22
"S00131451",71,46,25
"S00131452",79,65,14
"S00131453",114,99,15
"S00131454",84,64,20
"S00131455",125,103,22
"S00131456",116,96,20
"S00131457",84,72,12
"S00131458",158,136,22
"S00131459",85,62,23
"S00131460",86,67,19
"S00131461",114,91,23
"S00131462",130,108,22
"S00131463",153,118,35
"S00131464",90,72,18
"S00131465",120,115,5
"S00131466",145,134,11
"S00131467",75,68,7
"S00131468",144,136,8
"S00131469",92,83,9
"S00131470",74,59,15
"S00131471",229,212,17
"S00131472",159,145,14
"S00131473",173,156,17
"S00131474",68,54,14
"S00131475",55,46,9
"S00131476",145,122,23
"S00131477",53,40,13
"S00131478",92,83,9
"S00131479",98,73,25
"S00131480",82,45,37
"S00131481",121,106,15
"S00131482",120,111,9
"S00131483",175,143,32
"S00131484",148,121,27
"S00131485",169,135,34
"S00131486",189,161,28
"S00131487",143,128,15
"S00131488",128,116,12
"S00131489",131,125,6
"S00131490",91,78,13
"S00131491",111,91,20
"S00131492",103,84,19
"S00131493",180,158,22
"S00131494",146,118,28
"S00131495",130,118,12
"S00131496",111,99,12
"S00131497",102,92,10
"S00131498",169,142,27
"S00131499",170,150,20
"S00131500",140,123,17
"S00131501",155,129,26
"S00131502",131,113,18
"S00131503",108,83,25
"S00131504",174,148,26
"S00131505",133,112,21
"S00131506",143,126,17
"S00131507",133,108,25
"S00131508",79,62,17
"S00131509",156,128,28
"S00131510",173,145,28
"S00131511",182,165,17
"S00131512",121,107,14
"S00131513",104,96,8
"S00131514",102,80,22
"S00131515",82,61,21
"S00131516",154,125,29
"S00131517",86,52,34
"S00131518",150,125,25
"S00131519",118,99,19
"S00131520",143,122,21
"S00131521",102,84,18
"S00131522",89,70,19
"S00131523",104,89,15
"S00131524",73,59,14
"S00131525",67,49,18
"S00131526",98,80,18
"S00131527",132,113,19
"S00131528",119,98,21
"S00131529",124,97,27
"S00131530",87,72,15
"S00131531",59,45,14
"S00131532",72,46,26
"S00131533",87,72,15
"S00131534",97,82,15
"S00131535",68,54,14
"S00131536",131,110,21
"S00131537",94,71,23
"S00131538",106,85,21
"S00131539",77,56,21
"S00131540",83,67,16
"S00131541",96,83,13
"S00131542",102,83,19
"S00131543",96,73,23
"S00131544",94,76,18
"S00131545",136,99,37
"S00131546",92,70,22
"S00131547",104,77,27
"S00131548",97,82,15
"S00131549",90,57,33
"S00131550",71,52,19
"S00131551",79,59,20
"S00131552",94,80,14
"S00131553",94,73,21
"S00131554",118,88,30
"S00131555",103,88,15
"S00131556",166,127,39
"S00131557",93,74,19
"S00131558",112,90,22
"S00131559",169,100,69
"S00131560",108,87,21
"S00131561",102,85,17
"S00131562",91,72,19
"S00131563",121,97,24
"S00131564",66,55,11
"S00131565",59,44,15
"S00131566",166,136,30
"S00131567",76,57,19
"S00131568",129,105,24
"S00131569",158,121,37
"S00131570",165,132,33
"S00131571",187,121,66
"S00131572",109,83,26
"S00131573",124,100,24
"S00131574",84,75,9
"S00131575",166,151,15
"S00131576",154,137,17
"S00131577",119,111,8
"S00131578",206,187,19
"S00131579",106,101,5
"S00131580",149,136,13
"S00131581",130,117,13
"S00131582",128,110,18
"S00131583",169,164,5
"S00131584",102,87,15
"S00131585",92,78,14
"S00131586",161,144,17
"S00131587",182,161,21
"S00131588",82,65,17
"S00131589",75,58,17
"S00131590",124,113,11
"S00131591",121,110,11
"S00131592",156,140,16
"S00131593",151,137,14
"S00131594",113,90,23
"S00131595",166,143,23
"S00131596",228,145,83
"S00131597",147,128,19
"S00131598",139,118,21
"S00131599",136,115,21
"S00131600",193,162,31
"S00131601",69,57,12
"S00131602",110,90,20
"S00131603",168,123,45
"S00131604",68,34,34
"S00131605",135,90,45
"S00131606",89,71,18
"S00131607",154,135,19
"S00131608",154,116,38
"S00131609",143,117,26
"S00131610",217,116,101
"S00131611",163,138,25
"S00131612",153,113,40
"S00131613",87,70,17
"S00131614",108,89,19
"S00131615",185,144,41
"S00131616",127,112,15
"S00131617",175,138,37
"S00131618",126,102,24
"S00131619",153,122,31
"S00131620",88,70,18
"S00131621",55,44,11
"S00131622",124,96,28
"S00131623",196,153,43
"S00131624",144,120,24
"S00131625",134,111,23
"S00131626",115,105,10
"S00131627",80,62,18
"S00131628",122,104,18
"S00131629",129,105,24
"S00131630",88,72,16
"S00131631",138,117,21
"S00131632",138,107,31
"S00131633",104,89,15
"S00131634",67,57,10
"S00131635",107,95,12
"S00131636",126,106,20
"S00131637",103,87,16
"S00131638",133,117,16
"S00131639",107,89,18
"S00131640",80,61,19
"S00131641",132,115,17
"S00131642",119,75,44
"S00131643",92,71,21
"S00131644",118,88,30
"S00131645",187,165,22
"S00131646",117,98,19
"S00131647",97,84,13
"S00131648",113,83,30
"S00131649",102,73,29
"S00131650",93,74,19
"S00131651",118,100,18
"S00131652",91,65,26
"S00131653",122,99,23
"S00131654",108,90,18
"S00131655",94,76,18
"S00131656",124,95,29
"S00131657",98,88,10
"S00131658",88,56,32
"S00131659",85,49,36
"S00131660",168,164,4
"S00131661",130,114,16
"S00131662",102,86,16
"S00131663",103,87,16
"S00131664",66,52,14
"S00131665",145,108,37
"S00131666",122,86,36
"S00131667",146,93,53
"S00131668",121,96,25
"S00131669",132,95,37
"S00131670",115,93,22
"S00131671",116,99,17
"S00131672",100,77,23
"S00131673",55,34,21
"S00131674",120,103,17
"S00131675",66,39,27
"S00131676",57,41,16
"S00131677",99,80,19
"S00131678",97,77,20
"S00131679",132,117,15
"S00131680",113,96,17
"S00131681",121,94,27
"S00131682",85,68,17
"S00131683",74,63,11
"S00131684",75,49,26
"S00131685",134,106,28
"S00131686",87,58,29
"S00131687",128,111,17
"S00131688",83,62,21
"S00131689",133,117,16
"S00131690",121,100,21
"S00131691",111,94,17
"S00131692",139,110,29
"S00131693",126,114,12
"S00131694",128,116,12
"S00131695",118,90,28
"S00131696",112,95,17
"S00131697",93,81,12
"S00131698",132,97,35
"S00131699",154,115,39
"S00131700",151,113,38
"S00131701",97,79,18
"S00131702",75,55,20
"S00131703",164,151,13
"S00131704",115,98,17
"S00131705",136,116,20
"S00131706",118,96,22
"S00131707",143,126,17
"S00131708",100,85,15
"S00131709",107,97,10
"S00131710",98,77,21
"S00131711",157,142,15
"S00131712",111,103,8
"S00131713",98,83,15
"S00131714",109,81,28
"S00131715",89,62,27
"S00131716",141,125,16
"S00131717",101,77,24
"S00131718",98,81,17
"S00131719",103,86,17
"S00131720",156,121,35
"S00131721",134,106,28
"S00131722",141,115,26
"S00131723",98,80,18
"S00131724",84,55,29
"S00131725",168,152,16
"S00131726",128,100,28
"S00131727",129,112,17
"S00131728",114,94,20
"S00131729",130,117,13
"S00131730",66,44,22
"S00131731",103,81,22
"S00131732",124,87,37
"S00131733",130,103,27
"S00131734",89,68,21
"S00131735",140,93,47
"S00131736",114,92,22
"S00131737",152,124,28
"S00131738",92,57,35
"S00131739",92,75,17
"S00131740",96,62,34
"S00131741",139,94,45
"S00131742",120,93,27
"S00131743",101,78,23
"S00131744",113,75,38
"S00131745",108,83,25
"S00131746",80,63,17
"S00131747",77,52,25
"S00131748",151,129,22
"S00131749",63,48,15
"S00131750",83,52,31
"S00131751",140,114,26
"S00131752",181,159,22
"S00131753",168,141,27
"S00131754",134,107,27
"S00131755",105,85,20
"S00131756",132,106,26
"S00131757",114,97,17
"S00131758",118,102,16
"S00131759",111,95,16
"S00131760",122,106,16
"S00131761",51,35,16
"S00131762",66,54,12
"S00131763",150,114,36
"S00131764",104,67,37
"S00131765",141,99,42
"S00131766",155,109,46
"S00131767",104,78,26
"S00131768",95,62,33
"S00131769",98,71,27
"S00131770",103,81,22
"S00131771",132,98,34
"S00131772",127,87,40
"S00131773",78,62,16
"S00131774",94,76,18
"S00131775",100,68,32
"S00131776",150,129,21
"S00131777",120,107,13
"S00131778",111,77,34
"S00131779",112,82,30
"S00131780",135,98,37
"S00131781",139,98,41
"S00131782",108,80,28
"S00131783",72,49,23
"S00131784",86,62,24
"S00131785",106,82,24
"S00131786",118,81,37
"S00131787",86,55,31
"S00131788",133,96,37
"S00131789",67,58,9
"S00131790",82,62,20
"S00131791",146,116,30
"S00131792",87,67,20
"S00131793",130,100,30
"S00131794",100,73,27
"S00131795",56,39,17
"S00131796",110,75,35
"S00131797",56,40,16
"S00131798",135,97,38
"S00131799",143,100,43
"S00131800",144,102,42
"S00131801",155,126,29
"S00131802",77,56,21
"S00131803",116,93,23
"S00131804",104,96,8
"S00131805",149,135,14
"S00131806",110,78,32
"S00131807",93,79,14
"S00131808",125,92,33
"S00131809",90,66,24
"S00131810",64,38,26
"S00131811",97,78,19
"S00131812",116,72,44
"S00131813",94,82,12
"S00131814",125,102,23
"S00131815",87,49,38
"S00131816",144,120,24
"S00131817",54,43,11
"S00131818",78,44,34
"S00131819",119,101,18
"S00131820",132,65,67
"S00131821",116,77,39
"S00131822",113,76,37
"S00131823",80,50,30
"S00131824",124,98,26
"S00131825",111,82,29
"S00131826",164,126,38
"S00131827",125,111,14
"S00131828",99,77,22
"S00131829",113,70,43
"S00131830",86,71,15
"S00131831",90,71,19
"S00131832",95,71,24
"S00131833",90,69,21
"S00131834",125,101,24
"S00131835",121,82,39
"S00131836",99,69,30
"S00131837",101,79,22
"S00131838",107,68,39
"S00131839",91,51,40
"S00131840",74,50,24
"S00131841",141,100,41
"S00131842",116,77,39
"S00131843",102,69,33
"S00131844",110,87,23
"S00131845",79,56,23
"S00131846",97,75,22
"S00131847",87,57,30
"S00131848",108,73,35
"S00131849",112,86,26
"S00131850",87,58,29
"S00131851",133,103,30
"S00131852",123,106,17
"S00131853",91,52,39
"S00131854",72,51,21
"S00131855",73,55,18
"S00131856",64,46,18
"S00131857",83,54,29
"S00131858",143,91,52
"S00131859",109,73,36
"S00131860",94,70,24
"S00131861",52,39,13
"S00131862",93,62,31
"S00131863",134,92,42
"S00131864",139,101,38
"S00131865",92,66,26
"S00131866",72,51,21
"S00131867",144,117,27
"S00131868",92,61,31
"S00131869",83,64,19
"S00131870",118,89,29
"S00131871",138,99,39
"S00131872",99,69,30
"S00131873",102,91,11
"S00131874",88,58,30
"S00131875",187,156,31
"S00131876",89,71,18
"S00131877",75,57,18
"S00131878",172,147,25
"S00131879",97,67,30
"S00131880",69,44,25
"S00131881",61,52,9
"S00131882",57,50,7
"S00131883",111,94,17
"S00131884",97,73,24
"S00131885",90,66,24
"S00131886",110,103,7
"S00131887",137,106,31
"S00131888",96,84,12
"S00131889",114,103,11
"S00131890",125,97,28
"S00131891",144,114,30
"S00131892",91,68,23
"S00131893",123,98,25
"S00131894",105,64,41
"S00131895",73,54,19
"S00131896",83,69,14
"S00131897",183,120,63
"S00131898",122,88,34
"S00131899",132,101,31
"S00131900",81,68,13
"S00131901",117,88,29
"S00131902",140,112,28
"S00131903",187,156,31
"S00131904",195,160,35
"S00131905",96,59,37
"S00131906",128,82,46
"S00131907",93,65,28
"S00131908",132,83,49
"S00131909",66,54,12
"S00131910",120,92,28
"S00131911",107,65,42
"S00131912",144,112,32
"S00131913",111,88,23
"S00131914",114,90,24
"S00131915",96,62,34
"S00131916",133,97,36
"S00131917",93,74,19
"S00131918",159,142,17
"S00131919",131,115,16
"S00131920",237,211,26
"S00131921",172,149,23
"S00131922",145,117,28
"S00131923",105,90,15
"S00131924",77,39,38
"S00131925",81,61,20
"S00131926",98,69,29
"S00131927",189,159,30
"S00131928",164,141,23
"S00131929",135,117,18
"S00131930",103,92,11
"S00131931",84,68,16
"S00131932",133,128,5
"S00131933",59,51,8
"S00131934",166,145,21
"S00131935",120,99,21
"S00131936",107,93,14
"S00131937",121,105,16
"S00131938",152,135,17
"S00131939",109,92,17
"S00131940",97,47,50
"S00131941",102,74,28
"S00131942",102,48,54
"S00131943",106,80,26
"S00131944",118,107,11
"S00131945",64,51,13
"S00131946",132,106,26
"S00131947",55,49,6
"S00131948",113,92,21
"S00131949",129,109,20
"S00131950",102,69,33
"S00131951",79,54,25
"S00131952",153,126,27
"S00131953",175,155,20
"S00131954",159,103,56
"S00131955",58,36,22
"S00131956",199,171,28
"S00131957",111,88,23
"S00131958",131,93,38
"S00131959",160,140,20
"S00131960",151,137,14
"S00131961",163,126,37
"S00131962",94,67,27
"S00131963",111,83,28
"S00131964",72,52,20
"S00131965",113,84,29
"S00131966",91,71,20
"S00131967",75,54,21
"S00131968",74,55,19
"S00131969",111,78,33
"S00131970",158,123,35
"S00131971",173,140,33
"S00131972",113,91,22
"S00131973",93,64,29
"S00131974",134,111,23
"S00131975",99,79,20
"S00131976",156,115,41
"S00131977",100,86,14
"S00131978",98,72,26
"S00131979",123,94,29
"S00131980",105,81,24
"S00131981",179,140,39
"S00131982",117,85,32
"S00131983",107,87,20
"S00131984",122,100,22
"S00131985",110,88,22
"S00131986",151,112,39
"S00131987",125,99,26
"S00131988",133,103,30
"S00131989",79,71,8
"S00131990",118,107,11
"S00131991",106,82,24
"S00131992",170,133,37
"S00131993",170,124,46
"S00131994",169,125,44
"S00131995",120,78,42
"S00131996",51,36,15
"S00131997",83,52,31
"S00131998",115,87,28
"S00131999",93,71,22
"S00132000",133,97,36
"S00132001",134,106,28
"S00132002",152,99,53
"S00132003",102,75,27
"S00132004",113,83,30
"S00132005",137,98,39
"S00132006",90,68,22
"S00132007",50,32,18
"S00132008",78,66,12
"S00132009",93,68,25
"S00132010",92,68,24
"S00132011",78,54,24
"S00132012",101,90,11
"S00132013",77,53,24
"S00132014",118,110,8
"S00132015",201,177,24
"S00132016",101,69,32
"S00132017",127,94,33
"S00132018",79,64,15
"S00132019",132,94,38
"S00132020",220,211,9
"S00132021",190,142,48
"S00132022",95,80,15
"S00132023",194,140,54
"S00132024",148,116,32
"S00132025",126,100,26
"S00132026",115,88,27
"S00132027",126,108,18
"S00132028",152,127,25
"S00132029",91,72,19
"S00132030",164,137,27
"S00132031",131,106,25
"S00132032",198,182,16
"S00132033",163,139,24
"S00132034",75,64,11
"S00132035",146,132,14
"S00132036",158,144,14
"S00132037",77,70,7
"S00132038",87,79,8
"S00132039",105,84,21
"S00132040",106,89,17
"S00132041",186,172,14
"S00132042",128,109,19
"S00132043",156,128,28
"S00132044",168,160,8
"S00132045",110,95,15
"S00132046",108,85,23
"S00132047",103,90,13
"S00132048",112,87,25
"S00132049",84,78,6
"S00132050",61,41,20
"S00132051",177,136,41
"S00132052",81,67,14
"S00132053",93,77,16
"S00132054",128,121,7
"S00132055",89,64,25
"S00132056",111,89,22
"S00132057",144,115,29
"S00132058",123,96,27
"S00132059",82,67,15
"S00132060",85,61,24
"S00132061",90,72,18
"S00132062",156,122,34
"S00132063",85,74,11
"S00132064",107,82,25
"S00132065",110,76,34
"S00132066",92,62,30
"S00132067",94,61,33
"S00132068",59,37,22
"S00132069",78,41,37
"S00132070",162,122,40
"S00132071",115,87,28
"S00132072",115,89,26
"S00132073",147,125,22
"S00132074",156,115,41
"S00132075",121,95,26
"S00132076",96,76,20
"S00132077",62,43,19
"S00132078",153,113,40
"S00132079",145,101,44
"S00132080",78,57,21
"S00132081",76,60,16
"S00132082",95,72,23
"S00132083",119,82,37
"S00132084",100,63,37
"S00132085",165,126,39
"S00132086",166,125,41
"S00132087",113,102,11
"S00132088",96,83,13
"S00132089",111,98,13
"S00132090",100,78,22
"S00132091",97,84,13
"S00132092",102,88,14
"S00132093",106,82,24
"S00132094",157,122,35
"S00132095",75,53,22
"S00132096",97,77,20
"S00132097",81,59,22
"S00132098",125,100,25
"S00132099",132,71,61
"S00132100",92,81,11
"S00132101",145,122,23
"S00132102",62,27,35
"S00132103",76,45,31
"S00132104",134,106,28
"S00132105",101,78,23
"S00132106",83,55,28
"S00132107",147,93,54
"S00132108",82,72,10
"S00132109",90,69,21
"S00132110",124,95,29
"S00132111",139,126,13
"S00132112",84,56,28
"S00132113",113,88,25
"S00132114",126,92,34
"S00132115",141,81,60
"S00132116",117,86,31
"S00132117",99,75,24
"S00132118",93,57,36
"S00132119",149,111,38
"S00132120",139,98,41
"S00132121",132,97,35
"S00132122",115,80,35
"S00132123",108,83,25
"S00132124",79,63,16
"S00132125",94,65,29
"S00132126",55,33,22
"S00132127",83,59,24
"S00132128",125,108,17
"S00132129",97,84,13
"S00132130",100,88,12
"S00132131",105,87,18
"S00132132",104,91,13
"S00132133",189,146,43
"S00132134",92,74,18
"S00132135",97,81,16
"S00132136",52,42,10
"S00132137",72,60,12
"S00132138",94,78,16
"S00132139",120,73,47
"S00132140",96,70,26
"S00132141",92,62,30
"S00132142",134,98,36
"S00132143",87,59,28
"S00132144",78,59,19
"S00132145",89,68,21
"S00132146",136,97,39
"S00132147",157,134,23
"S00132148",131,93,38
"S00132149",94,62,32
"S00132150",118,71,47
"S00132151",133,92,41
"S00132152",138,92,46
"S00132153",132,113,19
"S00132154",101,74,27
"S00132155",160,138,22
"S00132156",159,123,36
"S00132157",94,55,39
"S00132158",134,116,18
"S00132159",181,148,33
"S00132160",108,81,27
"S00132161",107,80,27
"S00132162",140,105,35
"S00132163",83,61,22
"S00132164",83,61,22
"S00132165",129,99,30
"S00132166",108,82,26
"S00132167",74,53,21
"S00132168",88,67,21
"S00132169",125,88,37
"S00132170",91,65,26
"S00132171",139,107,32
"S00132172",121,92,29
"S00132173",108,84,24
"S00132174",71,51,20
"S00132175",117,79,38
"S00132176",83,59,24
"S00132177",113,78,35
"S00132178",125,93,32
"S00132179",160,123,37
"S00132180",75,51,24
"S00132181",141,98,43
"S00132182",188,141,47
"S00132183",136,96,40
"S00132184",163,120,43
"S00132185",102,91,11
"S00132186",62,45,17
"S00132187",143,131,12
"S00132188",51,33,18
"S00132189",137,124,13
"S00132190",96,79,17
"S00132191",58,51,7
"S00132192",135,120,15
"S00132193",117,103,14
"S00132194",86,70,16
"S00132195",51,27,24
"S00132196",140,127,13
"S00132197",78,47,31
"S00132198",134,122,12
"S00132199",121,107,14
"S00132200",141,135,6
"S00132201",144,130,14
"S00132202",87,48,39
"S00132203",59,50,9
"S00132204",57,51,6
"S00132205",137,112,25
"S00132206",98,76,22
"S00132207",165,154,11
"S00132208",146,124,22
"S00132209",152,138,14
"S00132210",108,101,7
"S00132211",142,119,23
"S00132212",127,117,10
"S00132213",101,81,20
"S00132214",114,101,13
"S00132215",80,69,11
"S00132216",75,56,19
"S00132217",94,76,18
"S00132218",86,81,5
"S00132219",85,64,21
"S00132220",88,67,21
"S00132221",115,91,24
"S00132222",200,161,39
"S00132223",154,131,23
"S00132224",70,49,21
"S00132225",108,86,22
"S00132226",95,83,12
"S00132227",124,102,22
"S00132228",108,87,21
"S00132229",127,90,37
"S00132230",93,76,17
"S00132231",75,56,19
"S00132232",110,72,38
"S00132233",143,120,23
"S00132234",170,155,15
"S00132235",202,194,8
"S00132236",112,83,29
"S00132237",133,92,41
"S00132238",98,65,33
"S00132239",126,97,29
"S00132240",89,63,26
"S00132241",167,151,16
"S00132242",95,77,18
"S00132243",80,68,12
"S00132244",186,101,85
"S00132245",82,73,9
"S00132246",163,144,19
"S00132247",83,72,11
"S00132248",92,86,6
"S00132249",96,62,34
"S00132250",107,67,40
"S00132251",114,92,22
"S00132252",95,73,22
"S00132253",132,112,20
"S00132254",117,104,13
"S00132255",112,97,15
"S00132256",103,85,18
"S00132257",109,90,19
"S00132258",107,95,12
"S00132259",108,92,16
"S00132260",137,115,22
"S00132261",169,145,24
"S00132262",141,127,14
"S00132263",109,102,7
"S00132264",124,111,13
"S00132265",92,76,16
"S00132266",94,71,23
"S00132267",157,146,11
"S00132268",159,149,10
"S00132269",57,55,2
"S00132270",152,130,22
"S00132271",156,147,9
"S00132272",130,115,15
"S00132273",62,57,5
"S00132274",236,228,8
"S00132275",64,63,1
"S00132276",112,97,15
"S00132277",130,128,2
"S00132278",124,108,16
"S00132279",53,43,10
"S00132280",141,114,27
"S00132281",163,136,27
"S00132282",117,99,18
"S00132283",100,91,9
"S00132284",144,127,17
"S00132285",127,120,7
"S00132286",92,75,17
"S00132287",93,81,12
"S00132288",140,97,43
"S00132289",157,152,5
"S00132290",133,92,41
"S00132291",256,157,99
"S00132292",77,64,13
"S00132293",93,74,19
"S00132294",52,45,7
"S00132295",50,21,29
"S00132296",91,74,17
"S00132297",149,133,16
"S00132298",91,61,30
"S00132299",164,153,11
"S00132300",201,167,34
"S00132301",248,223,25
"S00132302",173,161,12
"S00132303",83,65,18
"S00132304",112,70,42
"S00132305",58,48,10
"S00132306",227,193,34
"S00132307",83,64,19
"S00132308",58,47,11
"S00132309",73,67,6
"S00132310",135,108,27
"S00132311",129,114,15
"S00132312",99,90,9
"S00132313",85,75,10
"S00132314",84,71,13
"S00132315",151,80,71
"S00132316",65,49,16
"S00132317",91,76,15
"S00132318",93,80,13
"S00132319",187,150,37
"S00132320",127,102,25
"S00132321",126,105,21
"S00132322",73,65,8
"S00132323",113,89,24
"S00132324",69,58,11
"S00132325",117,99,18
"S00132326",129,112,17
"S00132327",122,112,10
"S00132328",91,74,17
"S00132329",68,57,11
"S00132330",150,138,12
"S00132331",154,135,19
"S00132332",192,187,5
"S00132333",87,73,14
"S00132334",80,61,19
"S00132335",67,51,16
"S00132336",88,68,20
"S00132337",87,71,16
"S00132338",83,68,15
"S00132339",109,84,25
"S00132340",148,136,12
"S00132341",86,79,7
"S00132342",80,58,22
"S00132343",67,49,18
"S00132344",55,42,13
"S00132345",68,67,1
"S00132346",115,104,11
"S00132347",148,140,8
"S00132348",243,98,145
"S00132349",51,37,14
"S00132350",126,100,26
"S00132351",124,102,22
"S00132352",89,50,39
"S00132353",100,77,23
"S00132354",116,100,16
"S00132355",123,101,22
"S00132356",119,100,19
"S00132357",108,87,21
"S00132358",183,156,27
"S00132359",151,125,26
"S00132360",244,234,10
"S00132361",115,89,26
"S00132362",103,90,13
"S00132363",142,121,21
"S00132364",114,97,17
"S00132365",91,84,7
"S00132366",113,104,9
"S00132367",102,62,40
"S00132368",116,105,11
"S00132369",200,189,11
"S00132370",108,94,14
"S00132371",146,96,50
"S00132372",85,72,13
"S00132373",179,168,11
"S00132374",96,84,12
"S00132375",90,80,10
"S00132376",129,107,22
"S00132377",88,77,11
"S00132378",169,137,32
"S00132379",92,65,27
"S00132380",87,74,13
"S00132381",97,83,14
"S00132382",113,87,26
"S00132383",89,73,16
"S00132384",165,132,33
"S00132385",66,59,7
"S00132386",97,89,8
"S00132387",85,77,8
"S00132388",136,115,21
"S00132389",80,61,19
"S00132390",76,50,26
"S00132391",80,62,18
"S00132392",106,83,23
"S00132393",116,93,23
"S00132394",80,71,9
"S00132395",144,120,24
"S00132396",109,101,8
"S00132397",152,134,18
"S00132398",143,103,40
"S00132399",61,46,15
"S00132400",90,82,8
"S00132401",94,69,25
"S00132402",88,66,22
"S00132403",77,58,19
"S00132404",191,156,35
"S00132405",118,102,16
"S00132406",71,39,32
"S00132407",88,56,32
"S00132408",149,133,16
"S00132409",101,83,18
"S00132410",65,46,19
"S00132411",99,85,14
"S00132412",176,167,9
"S00132413",147,122,25
"S00132414",176,166,10
"S00132415",215,199,16
"S00132416",217,203,14
"S00132417",100,84,16
"S00132418",61,52,9
"S00132419",91,71,20
"S00132420",74,62,12
"S00132421",109,77,32
"S00132422",100,80,20
"S00132423",127,109,18
"S00132424",130,110,20
"S00132425",58,46,12
"S00132426",137,108,29
"S00132427",86,71,15
"S00132428",164,144,20
"S00132429",52,38,14
"S00132430",67,53,14
"S00132431",106,94,12
"S00132432",101,84,17
"S00132433",76,60,16
"S00132434",87,68,19
"S00132435",92,80,12
"S00132436",142,121,21
"S00132437",102,78,24
"S00132438",89,59,30
"S00132439",55,36,19
"S00132440",142,94,48
"S00132441",73,41,32
"S00132442",106,77,29
"S00132443",78,64,14
"S00132444",73,64,9
"S00132445",99,74,25
"S00132446",77,58,19
"S00132447",185,142,43
"S00132448",80,52,28
"S00132449",62,32,30
"S00132450",72,49,23
"S00132451",56,36,20
"S00132452",120,94,26
"S00132453",68,57,11
"S00132454",81,66,15
"S00132455",97,74,23
"S00132456",73,60,13
"S00132457",95,78,17
"S00132458",80,68,12
"S00132459",93,82,11
"S00132460",113,94,19
"S00132461",56,46,10
"S00132462",56,30,26
"S00132463",54,36,18
"S00132464",85,65,20
"S00132465",53,40,13
"S00132466",94,78,16
"S00132467",94,84,10
"S00132468",58,51,7
"S00132469",108,84,24
"S00132470",73,59,14
"S00132471",130,108,22
"S00132472",90,74,16
"S00132473",80,64,16
"S00132474",64,37,27
"S00132475",50,23,27
"S00132476",60,44,16
"S00132477",135,94,41
"S00132478",95,75,20
"S00132479",153,130,23
"S00132480",67,57,10
"S00132481",112,76,36
"S00132482",123,101,22
"S00132483",71,50,21
"S00132484",175,153,22
"S00132485",65,57,8
"S00132486",110,67,43
"S00132487",74,48,26
"S00132488",87,59,28
"S00132489",61,43,18
"S00132490",59,50,9
"S00132491",165,105,60
"S00132492",211,192,19
"S00132493",230,214,16
"S00132494",56,56,0
"S00132495",92,92,0
"S00132496",147,138,9
"S00132497",62,54,8
"S00132498",136,133,3
"S00132499",145,131,14
"S00132500",125,100,25
"S00132501",130,99,31
"S00132502",124,101,23
"S00132503",102,90,12
"S00132504",166,145,21
"S00132505",119,101,18
"S00132506",162,138,24
"S00132507",121,102,19
"S00132508",142,109,33
"S00132509",139,127,12
"S00132510",91,76,15
"S00132511",144,114,30
"S00132512",145,116,29
"S00132513",65,52,13
"S00132514",99,78,21
"S00132515",134,106,28
"S00132516",135,115,20
"S00132517",89,76,13
"S00132518",106,93,13
"S00132519",105,96,9
"S00132520",160,140,20
"S00132521",130,112,18
"S00132522",108,85,23
"S00132523",76,66,10
"S00132524",110,89,21
"S00132525",115,99,16
"S00132526",189,165,24
"S00132527",107,86,21
"S00132528",180,160,20
"S00132529",126,101,25
"S00132530",116,104,12
"S00132531",77,52,25
"S00132532",77,67,10
"S00132533",111,89,22
"S00132534",65,26,39
"S00132535",82,69,13
"S00132536",59,47,12
"S00132537",124,90,34
"S00132538",64,32,32
"S00132539",116,53,63
"S00132540",92,74,18
"S00132541",146,119,27
"S00132542",136,111,25
"S00132543",84,65,19
"S00132544",173,152,21
"S00132545",134,90,44
"S00132546",112,98,14
"S00132547",110,100,10
"S00132548",174,156,18
"S00132549",121,109,12
"S00132550",148,104,44
"S00132551",109,62,47
"S00132552",95,61,34
"S00132553",120,94,26
"S00132554",89,73,16
"S00132555",171,157,14
"S00132556",149,133,16
"S00132557",92,85,7
"S00132558",145,113,32
"S00132559",115,109,6
"S00132560",91,72,19
"S00132561",87,74,13
"S00132562",143,129,14
"S00132563",140,130,10
"S00132564",167,164,3
"S00132565",211,198,13
"S00132566",184,173,11
"S00132567",112,100,12
"S00132568",133,108,25
"S00132569",85,61,24
"S00132570",121,93,28
"S00132571",88,35,53
"S00132572",51,46,5
"S00132573",159,126,33
"S00132574",138,117,21
"S00132575",113,92,21
"S00132576",122,102,20
"S00132577",94,82,12
"S00132578",90,72,18
"S00132579",142,118,24
"S00132580",61,43,18
"S00132581",159,120,39
"S00132582",121,105,16
"S00132583",133,98,35
"S00132584",64,47,17
"S00132585",78,59,19
"S00132586",120,104,16
"S00132587",75,55,20
"S00132588",82,50,32
"S00132589",117,99,18
"S00132590",114,106,8
"S00132591",105,72,33
"S00132592",62,25,37
"S00132593",110,97,13
"S00132594",61,51,10
"S00132595",99,79,20
"S00132596",79,60,19
"S00132597",101,75,26
"S00132598",119,90,29
"S00132599",79,55,24
"S00132600",97,70,27
"S00132601",106,86,20
"S00132602",151,141,10
"S00132603",141,133,8
"S00132604",245,215,30
"S00132605",215,192,23
"S00132606",82,78,4
"S00132607",125,119,6
"S00132608",107,103,4
"S00132609",122,112,10
"S00132610",95,88,7
"S00132611",67,63,4
"S00132612",86,65,21
"S00132613",109,84,25
"S00132614",135,122,13
"S00132615",132,118,14
"S00132616",79,53,26
"S00132617",113,84,29
"S00132618",141,131,10
"S00132619",211,201,10
"S00132620",141,124,17
"S00132621",167,124,43
"S00132622",183,164,19
"S00132623",148,120,28
"S00132624",69,56,13
"S00132625",201,190,11
"S00132626",165,144,21
"S00132627",88,71,17
"S00132628",133,102,31
"S00132629",104,88,16
"S00132630",102,88,14
"S00132631",145,99,46
"S00132632",59,40,19
"S00132633",70,56,14
"S00132634",121,103,18
"S00132635",141,131,10
"S00132636",175,165,10
"S00132637",113,100,13
"S00132638",79,68,11
"S00132639",70,59,11
"S00132640",83,50,33
"S00132641",75,46,29
"S00132642",84,67,17
"S00132643",136,128,8
"S00132644",101,85,16
"S00132645",88,73,15
"S00132646",146,112,34
"S00132647",50,38,12
"S00132648",70,58,12
"S00132649",122,90,32
"S00132650",202,181,21
"S00132651",70,53,17
"S00132652",105,88,17
"S00132653",110,74,36
"S00132654",50,41,9
"S00132655",93,75,18
"S00132656",94,48,46
"S00132657",50,36,14
"S00132658",88,64,24
"S00132659",106,88,18
"S00132660",127,95,32
"S00132661",109,103,6
"S00132662",118,96,22
"S00132663",61,21,40
"S00132664",104,88,16
"S00132665",180,171,9
"S00132666",158,137,21
"S00132667",148,133,15
"S00132668",54,45,9
"S00132669",192,185,7
"S00132670",178,166,12
"S00132671",177,159,18
"S00132672",100,88,12
"S00132673",158,151,7
"S00132674",132,120,12
"S00132675",97,89,8
"S00132676",137,122,15
"S00132677",140,135,5
"S00132678",219,193,26
"S00132679",70,61,9
"S00132680",145,140,5
"S00132681",82,72,10
"S00132682",124,112,12
"S00132683",172,165,7
"S00132684",108,80,28
"S00132685",107,91,16
"S00132686",201,176,25
"S00132687",116,94,22
"S00132688",78,64,14
"S00132689",116,79,37
"S00132690",61,46,15
"S00132691",159,118,41
"S00132692",171,155,16
"S00132693",137,105,32
"S00132694",215,200,15
"S00132695",105,95,10
"S00132696",154,133,21
"S00132697",163,154,9
"S00132698",81,76,5
"S00132699",239,221,18
"S00132700",142,129,13
"S00132701",240,233,7
"S00132702",138,124,14
"S00132703",132,125,7
"S00132704",136,124,12
"S00132705",166,153,13
"S00132706",147,115,32
"S00132707",260,156,104
"S00132708",169,152,17
"S00132709",165,142,23
"S00132710",195,131,64
"S00132711",94,84,10
"S00132712",134,117,17
"S00132713",101,86,15
"S00132714",106,88,18
"S00132715",102,84,18
"S00132716",150,121,29
"S00132717",128,98,30
"S00132718",62,49,13
"S00132719",149,138,11
"S00132720",159,144,15
"S00132721",86,80,6
"S00132722",138,132,6
"S00132723",185,176,9
"S00132724",142,140,2
"S00132725",152,130,22
"S00132726",120,113,7
"S00132727",235,224,11
"S00132728",74,68,6
"S00132729",56,44,12
"S00132730",99,72,27
"S00132731",81,56,25
"S00132732",122,102,20
"S00132733",80,67,13
"S00132734",187,144,43
"S00132735",76,56,20
"S00132736",200,182,18
"S00132737",119,90,29
"S00132738",93,69,24
"S00132739",61,48,13
"S00132740",171,127,44
"S00132741",66,61,5
"S00132742",118,88,30
"S00132743",130,104,26
"S00132744",88,38,50
"S00132745",52,31,21
"S00132746",104,57,47
"S00132747",137,120,17
"S00132748",168,150,18
"S00132749",79,63,16
"S00132750",80,64,16
"S00132751",116,62,54
"S00132752",98,72,26
"S00132753",114,93,21
"S00132754",87,71,16
"S00132755",149,125,24
"S00132756",116,91,25
"S00132757",127,109,18
"S00132758",95,81,14
"S00132759",88,66,22
"S00132760",124,96,28
"S00132761",129,94,35
"S00132762",52,33,19
"S00132763",100,78,22
"S00132764",91,75,16
"S00132765",99,71,28
"S00132766",68,55,13
"S00132767",104,91,13
"S00132768",104,86,18
"S00132769",122,101,21
"S00132770",61,47,14
"S00132771",86,80,6
"S00132772",64,41,23
"S00132773",86,69,17
"S00132774",64,48,16
"S00132775",114,81,33
"S00132776",109,95,14
"S00132777",170,158,12
"S00132778",110,90,20
"S00132779",118,97,21
"S00132780",114,67,47
"S00132781",50,18,32
"S00132782",165,133,32
"S00132783",58,42,16
"S00132784",138,113,25
"S00132785",173,132,41
"S00132786",149,116,33
"S00132787",61,56,5
"S00132788",149,139,10
"S00132789",106,100,6
"S00132790",62,57,5
"S00132791",53,51,2
"S00132792",144,131,13
"S00132793",105,82,23
"S00132794",122,112,10
"S00132795",67,59,8
"S00132796",119,80,39
"S00132797",172,142,30
"S00132798",204,191,13
"S00132799",114,106,8
"S00132800",63,54,9
"S00132801",129,103,26
"S00132802",85,75,10
"S00132803",86,75,11
"S00132804",90,77,13
"S00132805",141,111,30
"S00132806",104,70,34
"S00132807",54,37,17
"S00132808",95,61,34
"S00132809",75,55,20
"S00132810",61,48,13
"S00132811",72,45,27
"S00132812",57,47,10
"S00132813",106,56,50
"S00132814",77,66,11
"S00132815",94,84,10
"S00132816",78,47,31
"S00132817",53,50,3
"S00132818",103,81,22
"S00132819",105,94,11
"S00132820",152,140,12
"S00132821",50,26,24
"S00132822",82,69,13
"S00132823",175,167,8
"S00132824",133,126,7
"S00132825",125,114,11
"S00132826",60,50,10
"S00132827",119,113,6
"S00132828",94,76,18
"S00132829",105,84,21
"S00132830",57,51,6
"S00132831",135,125,10
"S00132832",148,83,65
"S00132833",110,73,37
"S00132834",168,153,15
"S00132835",95,86,9
"S00132836",98,72,26
"S00132837",72,49,23
"S00132838",88,83,5
"S00132839",246,212,34
"S00132840",90,79,11
"S00132841",85,71,14
"S00132842",90,75,15
"S00132843",57,22,35
"S00132844",78,59,19
"S00132845",178,147,31
"S00132846",88,56,32
"S00132847",249,193,56
"S00132848",224,175,49
"S00132849",130,100,30
"S00132850",57,45,12
"S00132851",174,144,30
"S00132852",147,139,8
"S00132853",138,123,15
"S00132854",168,157,11
"S00132855",111,88,23
"S00132856",124,103,21
"S00132857",121,116,5
"S00132858",202,188,14
"S00132859",188,177,11
"S00132860",71,68,3
"S00132861",112,97,15
"S00132862",86,67,19
"S00132863",163,84,79
"S00132864",108,100,8
"S00132865",137,121,16
"S00132866",202,191,11
"S00132867",183,169,14
"S00132868",170,155,15
"S00132869",144,139,5
"S00132870",152,143,9
"S00132871",152,132,20
"S00132872",104,74,30
"S00132873",144,129,15
"S00132874",164,146,18
"S00132875",197,168,29
"S00132876",189,171,18
"S00132877",79,57,22
"S00132878",152,143,9
"S00132879",132,110,22
"S00132880",75,43,32
"S00132881",190,182,8
"S00132882",72,52,20
"S00132883",79,67,12
"S00132884",59,53,6
"S00132885",86,76,10
"S00132886",65,55,10
"S00132887",109,93,16
"S00132888",119,103,16
"S00132889",65,54,11
"S00132890",98,91,7
"S00132891",93,74,19
"S00132892",57,46,11
"S00132893",77,58,19
"S00132894",96,91,5
"S00132895",127,118,9
"S00132896",157,137,20
"S00132897",141,129,12
"S00132898",111,97,14
"S00132899",84,62,22
"S00132900",63,57,6
"S00132901",106,99,7
"S00132902",108,94,14
"S00132903",126,116,10
"S00132904",90,77,13
"S00132905",55,44,11
"S00132906",136,115,21
"S00132907",113,94,19
"S00132908",78,71,7
"S00132909",139,130,9
"S00132910",103,99,4
"S00132911",95,75,20
"S00132912",155,144,11
"S00132913",74,67,7
"S00132914",111,91,20
"S00132915",180,155,25
"S00132916",115,102,13
"S00132917",123,115,8
"S00132918",160,136,24
"S00132919",122,104,18
"S00132920",144,114,30
"S00132921",99,79,20
"S00132922",67,54,13
"S00132923",58,48,10
"S00132924",66,57,9
"S00132925",117,98,19
"S00132926",138,126,12
"S00132927",71,67,4
"S00132928",132,117,15
"S00132929",162,144,18
"S00132930",80,72,8
"S00132931",127,109,18
"S00132932",91,85,6
"S00132933",191,168,23
"S00132934",112,106,6
"S00132935",100,90,10
"S00132936",90,84,6
"S00132937",97,89,8
"S00132938",151,145,6
"S00132939",61,57,4
"S00132940",87,86,1
"S00132941",91,79,12
"S00132942",110,99,11
"S00132943",90,80,10
"S00132944",123,106,17
"S00132945",154,133,21
"S00132946",153,127,26
"S00132947",132,114,18
"S00132948",157,128,29
"S00132949",89,82,7
"S00132950",187,167,20
"S00132951",113,98,15
"S00132952",126,103,23
"S00132953",89,71,18
"S00132954",235,177,58
"S00132955",143,134,9
"S00132956",207,190,17
"S00132957",129,112,17
"S00132958",151,136,15
"S00132959",113,88,25
"S00132960",169,159,10
"S00132961",126,112,14
"S00132962",123,113,10
"S00132963",133,120,13
"S00132964",145,85,60
"S00132965",151,126,25
"S00132966",75,66,9
"S00132967",73,57,16
"S00132968",134,96,38
"S00132969",146,123,23
"S00132970",143,103,40
"S00132971",107,82,25
"S00132972",130,87,43
"S00132973",166,121,45
"S00132974",162,128,34
"S00132975",155,142,13
"S00132976",111,93,18
"S00132977",92,76,16
"S00132978",58,47,11
"S00132979",114,99,15
"S00132980",175,157,18
"S00132981",128,107,21
"S00132982",155,137,18
"S00132983",119,84,35
"S00132984",86,80,6
"S00132985",147,136,11
"S00132986",111,98,13
"S00132987",86,75,11
"S00132988",145,131,14
"S00132989",156,147,9
"S00132990",150,101,49
"S00132991",98,75,23
"S00132992",115,94,21
"S00132993",120,99,21
"S00132994",99,78,21
"S00132995",146,111,35
"S00132996",140,104,36
"S00132997",99,63,36
"S00132998",115,85,30
"S00132999",127,112,15
"S00133000",134,108,26
"S00133001",136,97,39
"S00133002",85,52,33
"S00133003",145,105,40
"S00133004",129,119,10
"S00133005",160,152,8
"S00133006",137,119,18
"S00133007",196,183,13
"S00133008",92,76,16
"S00133009",84,61,23
"S00133010",131,102,29
"S00133011",96,72,24
"S00133012",145,126,19
"S00133013",176,152,24
"S00133014",119,83,36
"S00133015",98,73,25
"S00133016",113,76,37
"S00133017",244,158,86
"S00133018",136,109,27
"S00133019",186,165,21
"S00133020",86,77,9
"S00133021",62,42,20
"S00133022",160,137,23
"S00133023",103,81,22
"S00133024",128,102,26
"S00133025",116,89,27
"S00133026",81,70,11
"S00133027",103,74,29
"S00133028",114,93,21
"S00133029",72,44,28
"S00133030",85,69,16
"S00133031",137,109,28
"S00133032",112,85,27
"S00133033",194,193,1
"S00133034",58,40,18
"S00133035",111,87,24
"S00133036",97,63,34
"S00133037",121,87,34
"S00133038",136,92,44
"S00133039",135,100,35
"S00133040",105,76,29
"S00133041",108,83,25
"S00133042",141,121,20
"S00133043",203,155,48
"S00133044",135,113,22
"S00133045",75,62,13
"S00133046",169,157,12
"S00133047",173,145,28
"S00133048",59,56,3
"S00133049",105,75,30
"S00133050",127,107,20
"S00133051",155,133,22
"S00133052",116,107,9
"S00133053",116,99,17
"S00133054",122,103,19
"S00133055",123,110,13
"S00133056",53,22,31
"S00133057",134,105,29
"S00133058",81,74,7
"S00133059",89,76,13
"S00133060",99,78,21
"S00133061",72,64,8
"S00133062",111,92,19
"S00133063",125,96,29
"S00133064",75,63,12
"S00133065",127,109,18
"S00133066",147,128,19
"S00133067",135,128,7
"S00133068",162,145,17
"S00133069",126,112,14
"S00133070",118,102,16
"S00133071",138,128,10
"S00133072",183,169,14
"S00133073",87,80,7
"S00133074",61,51,10
"S00133075",93,77,16
"S00133076",119,84,35
"S00133077",98,82,16
"S00133078",203,184,19
"S00133079",167,161,6
"S00133080",87,80,7
"S00133081",140,125,15
"S00133082",121,117,4
"S00133083",93,81,12
"S00133084",94,64,30
"S00133085",87,77,10
"S00133086",108,100,8
"S00133087",95,67,28
"S00133088",72,61,11
"S00133089",94,75,19
"S00133090",140,102,38
"S00133091",111,90,21
"S00133092",83,60,23
"S00133093",140,110,30
"S00133094",101,79,22
"S00133095",99,65,34
"S00133096",103,75,28
"S00133097",85,79,6
"S00133098",96,73,23
"S00133099",102,92,10
"S00133100",105,87,18
"S00133101",132,110,22
"S00133102",58,51,7
"S00133103",77,66,11
"S00133104",71,63,8
"S00133105",82,64,18
"S00133106",76,58,18
"S00133107",150,119,31
"S00133108",91,32,59
"S00133109",97,78,19
"S00133110",60,48,12
"S00133111",66,45,21
"S00133112",117,90,27
"S00133113",76,49,27
"S00133114",117,87,30
"S00133115",168,131,37
"S00133116",64,49,15
"S00133117",97,84,13
"S00133118",62,49,13
"S00133119",79,66,13
"S00133120",134,108,26
"S00133121",97,82,15
"S00133122",118,99,19
"S00133123",112,103,9
"S00133124",108,81,27
"S00133125",66,52,14
"S00133126",51,44,7
"S00133127",90,73,17
"S00133128",65,45,20
"S00133129",112,102,10
"S00133130",94,60,34
"S00133131",99,71,28
"S00133132",93,65,28
"S00133133",57,45,12
"S00133134",87,76,11
"S00133135",112,100,12
"S00133136",178,148,30
"S00133137",117,98,19
"S00133138",87,68,19
"S00133139",86,59,27
"S00133140",87,72,15
"S00133141",72,56,16
"S00133142",127,116,11
"S00133143",93,84,9
"S00133144",124,108,16
"S00133145",130,118,12
"S00133146",98,85,13
"S00133147",104,82,22
"S00133148",92,77,15
"S00133149",93,83,10
"S00133150",91,80,11
"S00133151",136,116,20
"S00133152",95,85,10
"S00133153",253,245,8
"S00133154",175,159,16
"S00133155",161,150,11
"S00133156",109,98,11
"S00133157",105,78,27
"S00133158",100,77,23
"S00133159",57,42,15
"S00133160",65,42,23
"S00133161",122,89,33
"S00133162",51,41,10
"S00133163",104,89,15
"S00133164",113,81,32
"S00133165",100,85,15
"S00133166",145,109,36
"S00133167",96,73,23
"S00133168",96,78,18
"S00133169",144,103,41
"S00133170",80,48,32
"S00133171",101,83,18
"S00133172",86,75,11
"S00133173",100,51,49
"S00133174",147,120,27
"S00133175",78,51,27
"S00133176",110,77,33
"S00133177",96,71,25
"S00133178",115,86,29
"S00133179",91,58,33
"S00133180",101,79,22
"S00133181",92,69,23
"S00133182",112,84,28
"S00133183",137,100,37
"S00133184",166,141,25
"S00133185",89,86,3
"S00133186",96,87,9
"S00133187",160,147,13
"S00133188",80,68,12
"S00133189",79,67,12
"S00133190",95,87,8
"S00133191",116,93,23
"S00133192",91,62,29
"S00133193",99,80,19
"S00133194",171,140,31
"S00133195",103,95,8
"S00133196",109,95,14
"S00133197",101,92,9
"S00133198",179,164,15
"S00133199",123,102,21
"S00133200",120,107,13
"S00133201",181,159,22
"S00133202",103,93,10
"S00133203",166,148,18
"S00133204",115,82,33
"S00133205",110,79,31
"S00133206",129,89,40
"S00133207",86,57,29
"S00133208",77,51,26
"S00133209",115,99,16
"S00133210",106,101,5
"S00133211",127,99,28
"S00133212",157,135,22
"S00133213",170,126,44
"S00133214",161,127,34
"S00133215",129,87,42
"S00133216",55,39,16
"S00133217",91,72,19
"S00133218",84,50,34
"S00133219",87,56,31
"S00133220",87,43,44
"S00133221",91,69,22
"S00133222",78,38,40
"S00133223",149,123,26
"S00133224",107,102,5
"S00133225",139,127,12
"S00133226",102,92,10
"S00133227",104,86,18
"S00133228",133,119,14
"S00133229",127,100,27
"S00133230",132,109,23
"S00133231",103,97,6
"S00133232",96,89,7
"S00133233",168,147,21
"S00133234",130,114,16
"S00133235",110,97,13
"S00133236",101,88,13
"S00133237",117,95,22
"S00133238",111,106,5
"S00133239",79,56,23
"S00133240",102,93,9
"S00133241",73,68,5
"S00133242",88,69,19
"S00133243",76,69,7
"S00133244",141,124,17
"S00133245",149,126,23
"S00133246",153,103,50
"S00133247",110,92,18
"S00133248",129,123,6
"S00133249",91,82,9
"S00133250",51,45,6
"S00133251",137,128,9
"S00133252",132,115,17
"S00133253",117,102,15
"S00133254",165,154,11
"S00133255",143,137,6
"S00133256",113,107,6
"S00133257",90,85,5
"S00133258",50,45,5
"S00133259",50,41,9
"S00133260",176,166,10
"S00133261",169,127,42
"S00133262",65,46,19
"S00133263",70,61,9
"S00133264",120,101,19
"S00133265",154,113,41
"S00133266",139,90,49
"S00133267",136,105,31
"S00133268",151,117,34
"S00133269",109,82,27
"S00133270",93,68,25
"S00133271",123,96,27
"S00133272",107,90,17
"S00133273",156,130,26
"S00133274",144,114,30
"S00133275",140,124,16
"S00133276",161,137,24
"S00133277",66,55,11
"S00133278",134,126,8
"S00133279",191,178,13
"S00133280",121,105,16
"S00133281",96,82,14
"S00133282",102,72,30
"S00133283",98,62,36
"S00133284",151,131,20
"S00133285",99,88,11
"S00133286",151,118,33
"S00133287",153,119,34
"S00133288",109,86,23
"S00133289",129,108,21
"S00133290",202,154,48
"S00133291",177,137,40
"S00133292",95,78,17
"S00133293",109,89,20
"S00133294",95,72,23
"S00133295",141,95,46
"S00133296",138,104,34
"S00133297",125,103,22
"S00133298",128,100,28
"S00133299",111,89,22
"S00133300",96,69,27
"S00133301",119,90,29
"S00133302",131,96,35
"S00133303",70,63,7
"S00133304",144,123,21
"S00133305",102,88,14
"S00133306",144,109,35
"S00133307",51,43,8
"S00133308",147,127,20
"S00133309",175,155,20
"S00133310",95,78,17
"S00133311",129,116,13
"S00133312",148,136,12
"S00133313",154,136,18
"S00133314",172,150,22
"S00133315",137,117,20
"S00133316",71,63,8
"S00133317",97,78,19
"S00133318",86,62,24
"S00133319",178,164,14
"S00133320",181,167,14
"S00133321",151,129,22
"S00133322",118,99,19
"S00133323",202,190,12
"S00133324",111,99,12
"S00133325",137,115,22
"S00133326",102,89,13
"S00133327",164,139,25
"S00133328",121,102,19
"S00133329",133,90,43
"S00133330",88,62,26
"S00133331",78,60,18
"S00133332",109,101,8
"S00133333",116,108,8
"S00133334",79,73,6
"S00133335",54,42,12
"S00133336",80,66,14
"S00133337",118,106,12
"S00133338",87,72,15
"S00133339",129,123,6
"S00133340",94,85,9
"S00133341",152,129,23
"S00133342",149,144,5
"S00133343",114,105,9
"S00133344",117,104,13
"S00133345",134,107,27
"S00133346",108,101,7
"S00133347",281,274,7
"S00133348",183,162,21
"S00133349",155,138,17
"S00133350",194,182,12
"S00133351",78,67,11
"S00133352",131,112,19
"S00133353",87,76,11
"S00133354",158,149,9
"S00133355",168,105,63
"S00133356",146,136,10
"S00133357",138,122,16
"S00133358",135,118,17
"S00133359",127,115,12
"S00133360",59,49,10
"S00133361",122,106,16
"S00133362",341,335,6
"S00133363",164,138,26
"S00133364",62,58,4
"S00133365",105,91,14
"S00133366",160,115,45
"S00133367",130,115,15
"S00133368",142,130,12
"S00133369",105,88,17
"S00133370",131,111,20
"S00133371",174,157,17
"S00133372",94,79,15
"S00133373",166,141,25
"S00133374",135,114,21
"S00133375",150,126,24
"S00133376",156,133,23
"S00133377",90,81,9
"S00133378",116,98,18
"S00133379",139,120,19
"S00133380",170,140,30
"S00133381",145,130,15
"S00133382",92,59,33
"S00133383",70,59,11
"S00133384",152,128,24
"S00133385",182,119,63
"S00133386",111,91,20
"S00133387",102,82,20
"S00133388",157,121,36
"S00133389",169,142,27
"S00133390",102,86,16
"S00133391",130,116,14
"S00133392",84,76,8
"S00133393",173,162,11
"S00133394",81,74,7
"S00133395",122,110,12
"S00133396",72,62,10
"S00133397",95,85,10
"S00133398",81,69,12
"S00133399",64,62,2
"S00133400",93,87,6
"S00133401",82,68,14
"S00133402",96,82,14
"S00133403",58,47,11
"S00133404",148,128,20
"S00133405",180,167,13
"S00133406",116,101,15
"S00133407",167,140,27
"S00133408",52,46,6
"S00133409",77,68,9
"S00133410",70,62,8
"S00133411",154,139,15
"S00133412",95,88,7
"S00133413",102,98,4
"S00133414",121,91,30
"S00133415",110,87,23
"S00133416",91,79,12
"S00133417",86,82,4
"S00133418",100,91,9
"S00133419",56,52,4
"S00133420",127,110,17
"S00133421",130,107,23
"S00133422",84,79,5
"S00133423",98,91,7
"S00133424",139,130,9
"S00133425",162,150,12
"S00133426",169,156,13
"S00133427",78,59,19
"S00133428",80,75,5
"S00133429",70,55,15
"S00133430",91,72,19
"S00133431",81,50,31
"S00133432",112,86,26
"S00133433",127,109,18
"S00133434",105,91,14
"S00133435",101,83,18
"S00133436",185,161,24
"S00133437",107,83,24
"S00133438",134,118,16
"S00133439",126,101,25
"S00133440",64,53,11
"S00133441",122,110,12
"S00133442",75,59,16
"S00133443",107,96,11
"S00133444",188,123,65
"S00133445",69,59,10
"S00133446",120,75,45
"S00133447",100,80,20
"S00133448",119,101,18
"S00133449",60,32,28
"S00133450",78,63,15
"S00133451",106,90,16
"S00133452",149,132,17
"S00133453",59,51,8
"S00133454",59,41,18
"S00133455",70,60,10
"S00133456",138,127,11
"S00133457",59,47,12
"S00133458",94,74,20
"S00133459",267,262,5
"S00133460",71,60,11
"S00133461",108,85,23
"S00133462",68,56,12
"S00133463",138,125,13
"S00133464",88,78,10
"S00133465",153,137,16
"S00133466",78,73,5
"S00133467",101,88,13
"S00133468",101,83,18
"S00133469",144,102,42
"S00133470",64,45,19
"S00133471",148,140,8
"S00133472",148,115,33
"S00133473",77,70,7
"S00133474",119,87,32
"S00133475",72,71,1
"S00133476",137,118,19
"S00133477",89,57,32
"S00133478",88,72,16
"S00133479",112,103,9
"S00133480",149,124,25
"S00133481",63,57,6
"S00133482",124,114,10
"S00133483",97,89,8
"S00133484",99,89,10
"S00133485",177,154,23
"S00133486",161,153,8
"S00133487",117,110,7
"S00133488",63,49,14
"S00133489",149,146,3
"S00133490",134,126,8
"S00133491",213,211,2
"S00133492",92,88,4
"S00133493",84,81,3
"S00133494",206,204,2
"S00133495",177,170,7
"S00133496",111,104,7
"S00133497",83,78,5
"S00133498",118,98,20
"S00133499",88,78,10
"S00133500",156,152,4
"S00133501",125,115,10
"S00133502",143,128,15
"S00133503",93,79,14
"S00133504",92,79,13
"S00133505",144,127,17
"S00133506",66,64,2
"S00133507",102,89,13
"S00133508",103,85,18
"S00133509",123,118,5
"S00133510",100,95,5
"S00133511",66,49,17
"S00133512",69,62,7
"S00133513",179,153,26
"S00133514",97,85,12
"S00133515",83,47,36
"S00133516",53,43,10
"S00133517",184,164,20
"S00133518",122,95,27
"S00133519",161,152,9
"S00133520",60,51,9
"S00133521",116,103,13
"S00133522",121,116,5
"S00133523",154,144,10
"S00133524",228,196,32
"S00133525",65,39,26
"S00133526",228,206,22
"S00133527",54,49,5
"S00133528",104,93,11
"S00133529",106,98,8
"S00133530",110,94,16
"S00133531",63,56,7
"S00133532",74,70,4
"S00133533",91,82,9
"S00133534",94,87,7
"S00133535",103,80,23
"S00133536",126,92,34
"S00133537",90,74,16
"S00133538",102,85,17
"S00133539",62,36,26
"S00133540",98,89,9
"S00133541",161,156,5
"S00133542",197,191,6
"S00133543",133,109,24
"S00133544",72,57,15
"S00133545",70,60,10
"S00133546",125,110,15
"S00133547",152,138,14
"S00133548",139,125,14
"S00133549",92,87,5
"S00133550",150,142,8
"S00133551",143,125,18
"S00133552",80,74,6
"S00133553",130,119,11
"S00133554",118,100,18
"S00133555",55,52,3
"S00133556",107,89,18
"S00133557",148,120,28
"S00133558",132,111,21
"S00133559",263,245,18
"S00133560",65,57,8
"S00133561",82,76,6
"S00133562",129,125,4
"S00133563",85,76,9
"S00133564",115,66,49
"S00133565",75,50,25
"S00133566",147,132,15
"S00133567",65,58,7
"S00133568",92,86,6
"S00133569",124,118,6
"S00133570",93,82,11
"S00133571",84,70,14
"S00133572",102,74,28
"S00133573",115,105,10
"S00133574",141,110,31
"S00133575",184,130,54
"S00133576",78,73,5
"S00133577",80,51,29
"S00133578",122,107,15
"S00133579",105,96,9
"S00133580",390,375,15
"S00133581",205,193,12
"S00133582",159,136,23
"S00133583",89,78,11
"S00133584",83,69,14
"S00133585",170,153,17
"S00133586",129,126,3
"S00133587",112,87,25
"S00133588",184,166,18
"S00133589",349,243,106
"S00133590",173,166,7
"S00133591",241,190,51
"S00133592",166,151,15
"S00133593",66,62,4
"S00133594",91,71,20
"S00133595",105,92,13
"S00133596",138,127,11
"S00133597",93,75,18
"S00133598",229,207,22
"S00133599",118,99,19
"S00133600",163,146,17
"S00133601",130,111,19
"S00133602",66,58,8
"S00133603",76,39,37
"S00133604",91,79,12
"S00133605",138,129,9
"S00133606",59,52,7
"S00133607",90,67,23
"S00133608",226,205,21
"S00133609",87,86,1
"S00133610",179,169,10
"S00133611",151,138,13
"S00133612",114,88,26
"S00133613",103,95,8
"S00133614",98,89,9
"S00133615",95,86,9
"S00133616",67,46,21
"S00133617",122,110,12
"S00133618",83,67,16
"S00133619",91,83,8
"S00133620",101,82,19
"S00133621",117,85,32
"S00133622",57,42,15
"S00133623",142,123,19
"S00133624",147,118,29
"S00133625",122,100,22
"S00133626",77,59,18
"S00133627",88,69,19
"S00133628",111,103,8
"S00133629",72,67,5
"S00133630",143,129,14
"S00133631",181,169,12
"S00133632",191,167,24
"S00133633",64,57,7
"S00133634",127,118,9
"S00133635",1893,1819,74
"S00133636",151,133,18
"S00133637",94,84,10
"S00133638",66,65,1
"S00133639",63,54,9
"S00133640",115,107,8
"S00133641",198,144,54
"S00133642",113,104,9
"S00133643",63,51,12
"S00133644",168,127,41
"S00133645",130,105,25
"S00133646",93,86,7
"S00133647",55,46,9
"S00133648",77,70,7
"S00133649",94,91,3
"S00133650",93,86,7
"S00133651",77,74,3
"S00133652",98,87,11
"S00133653",140,117,23
"S00133654",101,94,7
"S00133655",99,96,3
"S00133656",96,89,7
"S00133657",62,55,7
"S00133658",112,99,13
"S00133659",102,72,30
"S00133660",229,216,13
"S00133661",87,87,0
"S00133662",125,118,7
"S00133663",203,189,14
"S00133664",55,44,11
"S00133665",79,71,8
"S00133666",95,76,19
"S00133667",113,99,14
"S00133668",175,146,29
"S00133669",349,323,26
"S00133670",63,55,8
"S00133671",81,69,12
"S00133672",147,130,17
"S00133673",94,83,11
"S00133674",75,61,14
"S00133675",98,93,5
"S00133676",187,181,6
"S00133677",222,214,8
"S00133678",60,45,15
"S00133679",85,70,15
"S00133680",113,107,6
"S00133681",102,74,28
"S00133682",100,88,12
"S00133683",65,51,14
"S00133684",51,44,7
"S00133685",118,84,34
"S00133686",119,85,34
"S00133687",109,91,18
"S00133688",140,109,31
"S00133689",129,99,30
"S00133690",136,102,34
"S00133691",93,73,20
"S00133692",183,160,23
"S00133693",104,70,34
"S00133694",158,125,33
"S00133695",126,97,29
"S00133696",107,67,40
"S00133697",90,50,40
"S00133698",81,55,26
"S00133699",116,77,39
"S00133700",101,82,19
"S00133701",97,65,32
"S00133702",102,70,32
"S00133703",104,85,19
"S00133704",104,83,21
"S00133705",160,118,42
"S00133706",126,88,38
"S00133707",121,92,29
"S00133708",129,99,30
"S00133709",136,78,58
"S00133710",74,54,20
"S00133711",133,97,36
"S00133712",111,84,27
"S00133713",171,135,36
"S00133714",102,87,15
"S00133715",116,81,35
"S00133716",111,77,34
"S00133717",145,116,29
"S00133718",51,38,13
"S00133719",75,59,16
"S00133720",161,137,24
"S00133721",135,94,41
"S00133722",144,118,26
"S00133723",147,118,29
"S00133724",167,130,37
"S00133725",165,135,30
"S00133726",603,448,155
"S00133727",153,117,36
"S00133728",166,136,30
"S00133729",144,116,28
"S00133730",165,130,35
"S00133731",85,62,23
"S00133732",108,77,31
"S00133733",126,96,30
"S00133734",83,55,28
"S00133735",118,89,29
"S00133736",122,95,27
"S00133737",83,69,14
"S00133738",116,106,10
"S00133739",145,95,50
"S00133740",150,126,24
"S00133741",120,82,38
"S00133742",131,90,41
"S00133743",148,123,25
"S00133744",60,50,10
"S00133745",94,68,26
"S00133746",163,132,31
"S00133747",79,65,14
"S00133748",136,113,23
"S00133749",182,167,15
"S00133750",56,41,15
"S00133751",145,129,16
"S00133752",138,123,15
"S00133753",119,87,32
"S00133754",83,65,18
"S00133755",100,75,25
"S00133756",141,111,30
"S00133757",140,119,21
"S00133758",150,116,34
"S00133759",147,128,19
"S00133760",164,136,28
"S00133761",78,65,13
"S00133762",79,60,19
"S00133763",87,61,26
"S00133764",156,118,38
"S00133765",157,127,30
"S00133766",127,89,38
"S00133767",121,84,37
"S00133768",148,115,33
"S00133769",88,55,33
"S00133770",110,60,50
"S00133771",114,88,26
"S00133772",99,76,23
"S00133773",113,79,34
"S00133774",150,118,32
"S00133775",128,112,16
"S00133776",98,77,21
"S00133777",108,80,28
"S00133778",139,104,35
"S00133779",63,51,12
"S00133780",94,82,12
"S00133781",121,96,25
"S00133782",167,147,20
"S00133783",121,108,13
"S00133784",155,147,8
"S00133785",100,90,10
"S00133786",93,87,6
"S00133787",113,81,32
"S00133788",89,59,30
"S00133789",82,59,23
"S00133790",98,69,29
"S00133791",91,62,29
"S00133792",81,56,25
"S00133793",112,76,36
"S00133794",92,77,15
"S00133795",67,47,20
"S00133796",124,86,38
"S00133797",129,99,30
"S00133798",139,110,29
"S00133799",139,109,30
"S00133800",113,86,27
"S00133801",68,47,21
"S00133802",99,77,22
"S00133803",113,91,22
"S00133804",76,56,20
"S00133805",115,95,20
"S00133806",146,103,43
"S00133807",116,94,22
"S00133808",113,93,20
"S00133809",102,65,37
"S00133810",106,76,30
"S00133811",115,86,29
"S00133812",114,81,33
"S00133813",67,41,26
"S00133814",83,65,18
"S00133815",128,96,32
"S00133816",140,88,52
"S00133817",183,140,43
"S00133818",126,95,31
"S00133819",138,95,43
"S00133820",177,144,33
"S00133821",70,52,18
"S00133822",79,43,36
"S00133823",90,68,22
"S00133824",96,78,18
"S00133825",151,118,33
"S00133826",74,59,15
"S00133827",102,80,22
"S00133828",90,65,25
"S00133829",101,70,31
"S00133830",108,69,39
"S00133831",124,92,32
"S00133832",129,88,41
"S00133833",153,136,17
"S00133834",124,102,22
"S00133835",92,79,13
"S00133836",147,107,40
"S00133837",99,82,17
"S00133838",103,86,17
"S00133839",108,89,19
"S00133840",182,141,41
"S00133841",153,114,39
"S00133842",182,150,32
"S00133843",167,126,41
"S00133844",106,78,28
"S00133845",85,70,15
"S00133846",141,95,46
"S00133847",128,85,43
"S00133848",110,80,30
"S00133849",156,143,13
"S00133850",122,94,28
"S00133851",139,105,34
"S00133852",104,86,18
"S00133853",98,84,14
"S00133854",143,104,39
"S00133855",108,72,36
"S00133856",105,81,24
"S00133857",102,82,20
"S00133858",114,88,26
"S00133859",132,109,23
"S00133860",127,109,18
"S00133861",72,62,10
"S00133862",102,89,13
"S00133863",127,119,8
"S00133864",94,83,11
"S00133865",116,108,8
"S00133866",125,106,19
"S00133867",134,119,15
"S00133868",108,101,7
"S00133869",135,120,15
"S00133870",128,114,14
"S00133871",80,72,8
"S00133872",106,95,11
"S00133873",144,126,18
"S00133874",107,97,10
"S00133875",155,142,13
"S00133876",111,108,3
"S00133877",196,183,13
"S00133878",134,116,18
"S00133879",65,55,10
"S00133880",185,153,32
"S00133881",151,133,18
"S00133882",119,95,24
"S00133883",105,66,39
"S00133884",88,62,26
"S00133885",149,111,38
"S00133886",68,40,28
"S00133887",104,85,19
"S00133888",156,130,26
"S00133889",68,48,20
"S00133890",87,74,13
"S00133891",79,68,11
"S00133892",149,120,29
"S00133893",107,71,36
"S00133894",116,92,24
"S00133895",110,94,16
"S00133896",138,107,31
"S00133897",92,72,20
"S00133898",107,79,28
"S00133899",67,47,20
"S00133900",55,37,18
"S00133901",60,45,15
"S00133902",141,109,32
"S00133903",166,137,29
"S00133904",116,91,25
"S00133905",125,64,61
"S00133906",127,105,22
"S00133907",199,173,26
"S00133908",116,91,25
"S00133909",116,98,18
"S00133910",161,126,35
"S00133911",95,74,21
"S00133912",58,49,9
"S00133913",92,63,29
"S00133914",145,116,29
"S00133915",131,107,24
"S00133916",183,104,79
"S00133917",180,149,31
"S00133918",51,43,8
"S00133919",146,120,26
"S00133920",161,117,44
"S00133921",106,81,25
"S00133922",152,122,30
"S00133923",66,57,9
"S00133924",119,111,8
"S00133925",148,139,9
"S00133926",196,165,31
"S00133927",93,77,16
"S00133928",118,107,11
"S00133929",155,121,34
"S00133930",57,49,8
"S00133931",99,86,13
"S00133932",163,124,39
"S00133933",161,126,35
"S00133934",105,82,23
"S00133935",137,123,14
"S00133936",67,60,7
"S00133937",96,73,23
"S00133938",117,99,18
"S00133939",71,58,13
"S00133940",164,147,17
"S00133941",62,57,5
"S00133942",112,98,14
"S00133943",177,109,68
"S00133944",165,134,31
"S00133945",111,94,17
"S00133946",126,114,12
"S00133947",116,93,23
"S00133948",110,98,12
"S00133949",148,126,22
"S00133950",162,127,35
"S00133951",126,95,31
"S00133952",176,145,31
"S00133953",105,71,34
"S00133954",89,68,21
"S00133955",201,167,34
"S00133956",160,129,31
"S00133957",134,97,37
"S00133958",154,131,23
"S00133959",208,168,40
"S00133960",108,87,21
"S00133961",166,138,28
"S00133962",173,142,31
"S00133963",208,173,35
"S00133964",150,123,27
"S00133965",171,137,34
"S00133966",127,99,28
"S00133967",128,99,29
"S00133968",150,123,27
"S00133969",90,65,25
"S00133970",136,111,25
"S00133971",144,130,14
"S00133972",146,116,30
"S00133973",137,112,25
"S00133974",157,145,12
"S00133975",168,160,8
"S00133976",130,111,19
"S00133977",129,104,25
"S00133978",181,158,23
"S00133979",133,105,28
"S00133980",151,119,32
"S00133981",84,65,19
"S00133982",121,103,18
"S00133983",77,61,16
"S00133984",156,122,34
"S00133985",117,92,25
"S00133986",121,98,23
"S00133987",171,146,25
"S00133988",157,119,38
"S00133989",164,125,39
"S00133990",135,118,17
"S00133991",98,77,21
"S00133992",135,95,40
"S00133993",179,144,35
"S00133994",128,103,25
"S00133995",107,86,21
"S00133996",182,152,30
"S00133997",201,169,32
"S00133998",167,127,40
"S00133999",105,60,45
"S00134000",171,149,22
"S00134001",91,73,18
"S00134002",138,118,20
"S00134003",181,149,32
"S00134004",109,95,14
"S00134005",178,149,29
"S00134006",104,80,24
"S00134007",97,76,21
"S00134008",88,70,18
"S00134009",131,111,20
"S00134010",142,124,18
"S00134011",127,82,45
"S00134012",63,63,0
"S00134013",96,91,5
"S00134014",153,121,32
"S00134015",118,112,6
"S00134016",151,120,31
"S00134017",120,90,30
"S00134018",114,96,18
"S00134019",120,102,18
"S00134020",121,96,25
"S00134021",164,137,27
"S00134022",132,113,19
"S00134023",146,124,22
"S00134024",161,136,25
"S00134025",204,169,35
"S00134026",140,117,23
"S00134027",172,135,37
"S00134028",156,131,25
"S00134029",107,66,41
"S00134030",139,118,21
"S00134031",124,105,19
"S00134032",96,73,23
"S00134033",137,116,21
"S00134034",196,164,32
"S00134035",152,131,21
"S00134036",131,101,30
"S00134037",91,73,18
"S00134038",126,104,22
"S00134039",95,65,30
"S00134040",144,128,16
"S00134041",129,97,32
"S00134042",88,59,29
"S00134043",264,249,15
"S00134044",139,133,6
"S00134045",185,180,5
"S00134046",202,164,38
"S00134047",161,136,25
"S00134048",159,142,17
"S00134049",139,109,30
"S00134050",174,135,39
"S00134051",188,140,48
"S00134052",98,73,25
"S00134053",99,77,22
"S00134054",112,86,26
"S00134055",84,72,12
"S00134056",150,132,18
"S00134057",137,115,22
"S00134058",85,67,18
"S00134059",93,79,14
"S00134060",187,159,28
"S00134061",172,151,21
"S00134062",98,78,20
"S00134063",144,123,21
"S00134064",88,70,18
"S00134065",128,113,15
"S00134066",80,78,2
"S00134067",154,131,23
"S00134068",105,91,14
"S00134069",126,115,11
"S00134070",174,151,23
"S00134071",118,92,26
"S00134072",127,119,8
"S00134073",97,78,19
"S00134074",205,182,23
"S00134075",195,157,38
"S00134076",186,159,27
"S00134077",158,122,36
"S00134078",152,125,27
"S00134079",215,153,62
"S00134080",144,118,26
"S00134081",165,143,22
"S00134082",170,141,29
"S00134083",167,133,34
"S00134084",182,161,21
"S00134085",62,57,5
"S00134086",151,127,24
"S00134087",168,145,23
"S00134088",118,102,16
"S00134089",171,139,32
"S00134090",132,97,35
"S00134091",193,158,35
"S00134092",90,70,20
"S00134093",143,117,26
"S00134094",154,122,32
"S00134095",143,113,30
"S00134096",222,186,36
"S00134097",163,142,21
"S00134098",167,145,22
"S00134099",98,79,19
"S00134100",80,72,8
"S00134101",121,97,24
"S00134102",197,155,42
"S00134103",181,153,28
"S00134104",116,91,25
"S00134105",106,91,15
"S00134106",152,125,27
"S00134107",104,92,12
"S00134108",152,113,39
"S00134109",157,129,28
"S00134110",142,111,31
"S00134111",157,128,29
"S00134112",132,113,19
"S00134113",106,84,22
"S00134114",163,142,21
"S00134115",143,129,14
"S00134116",126,105,21
"S00134117",162,141,21
"S00134118",93,86,7
"S00134119",134,126,8
"S00134120",145,137,8
"S00134121",83,71,12
"S00134122",161,144,17
"S00134123",139,122,17
"S00134124",136,128,8
"S00134125",177,158,19
"S00134126",137,116,21
"S00134127",54,48,6
"S00134128",75,67,8
"S00134129",159,130,29
"S00134130",109,77,32
"S00134131",103,94,9
"S00134132",82,72,10
"S00134133",166,147,19
"S00134134",143,128,15
"S00134135",91,82,9
"S00134136",116,89,27
"S00134137",124,105,19
"S00134138",123,95,28
"S00134139",142,107,35
"S00134140",139,125,14
"S00134141",98,79,19
"S00134142",155,122,33
"S00134143",133,110,23
"S00134144",179,156,23
"S00134145",55,29,26
"S00134146",146,125,21
"S00134147",112,80,32
"S00134148",100,76,24
"S00134149",77,59,18
"S00134150",121,98,23
"S00134151",115,104,11
"S00134152",161,144,17
"S00134153",175,149,26
"S00134154",93,71,22
"S00134155",181,166,15
"S00134156",93,88,5
"S00134157",116,106,10
"S00134158",137,121,16
"S00134159",161,141,20
"S00134160",119,111,8
"S00134161",189,169,20
"S00134162",168,153,15
"S00134163",91,76,15
"S00134164",136,104,32
"S00134165",134,100,34
"S00134166",83,67,16
"S00134167",62,43,19
"S00134168",109,85,24
"S00134169",89,63,26
"S00134170",124,84,40
"S00134171",166,127,39
"S00134172",128,90,38
"S00134173",116,80,36
"S00134174",100,81,19
"S00134175",81,49,32
"S00134176",109,85,24
"S00134177",70,47,23
"S00134178",134,115,19
"S00134179",129,98,31
"S00134180",93,76,17
"S00134181",104,79,25
"S00134182",100,80,20
"S00134183",127,95,32
"S00134184",98,69,29
"S00134185",77,55,22
"S00134186",107,104,3
"S00134187",87,74,13
"S00134188",76,61,15
"S00134189",65,43,22
"S00134190",77,65,12
"S00134191",145,113,32
"S00134192",57,51,6
"S00134193",67,54,13
"S00134194",105,79,26
"S00134195",74,69,5
"S00134196",115,104,11
"S00134197",185,169,16
"S00134198",87,72,15
"S00134199",196,169,27
"S00134200",127,100,27
"S00134201",135,112,23
"S00134202",101,81,20
"S00134203",73,50,23
"S00134204",56,39,17
"S00134205",143,123,20
"S00134206",62,43,19
"S00134207",139,123,16
"S00134208",77,71,6
"S00134209",111,89,22
"S00134210",96,76,20
"S00134211",119,86,33
"S00134212",129,92,37
"S00134213",146,119,27
"S00134214",110,88,22
"S00134215",56,40,16
"S00134216",116,89,27
"S00134217",153,114,39
"S00134218",77,50,27
"S00134219",176,162,14
"S00134220",96,81,15
"S00134221",152,140,12
"S00134222",148,132,16
"S00134223",122,115,7
"S00134224",214,206,8
"S00134225",205,195,10
"S00134226",119,94,25
"S00134227",141,108,33
"S00134228",115,91,24
"S00134229",87,54,33
"S00134230",85,57,28
"S00134231",128,89,39
"S00134232",144,109,35
"S00134233",96,71,25
"S00134234",66,48,18
"S00134235",108,74,34
"S00134236",126,93,33
"S00134237",107,88,19
"S00134238",91,63,28
"S00134239",263,198,65
"S00134240",196,186,10
"S00134241",254,241,13
"S00134242",115,78,37
"S00134243",77,57,20
"S00134244",141,106,35
"S00134245",153,123,30
"S00134246",87,62,25
"S00134247",118,84,34
"S00134248",120,81,39
"S00134249",135,106,29
"S00134250",62,44,18
"S00134251",80,67,13
"S00134252",121,93,28
"S00134253",169,132,37
"S00134254",51,36,15
"S00134255",145,122,23
"S00134256",104,84,20
"S00134257",141,118,23
"S00134258",109,80,29
"S00134259",131,103,28
"S00134260",128,95,33
"S00134261",81,42,39
"S00134262",131,92,39
"S00134263",130,105,25
"S00134264",118,97,21
"S00134265",86,62,24
"S00134266",114,86,28
"S00134267",125,99,26
"S00134268",89,71,18
"S00134269",106,86,20
"S00134270",98,75,23
"S00134271",132,79,53
"S00134272",65,49,16
"S00134273",131,99,32
"S00134274",130,103,27
"S00134275",116,96,20
"S00134276",91,77,14
"S00134277",118,87,31
"S00134278",97,74,23
"S00134279",80,60,20
"S00134280",95,73,22
"S00134281",95,79,16
"S00134282",57,45,12
"S00134283",68,53,15
"S00134284",82,68,14
"S00134285",90,77,13
"S00134286",106,92,14
"S00134287",131,113,18
"S00134288",175,160,15
"S00134289",148,114,34
"S00134290",76,61,15
"S00134291",103,79,24
"S00134292",85,73,12
"S00134293",76,32,44
"S00134294",106,79,27
"S00134295",91,77,14
"S00134296",72,60,12
"S00134297",71,59,12
"S00134298",172,166,6
"S00134299",98,88,10
"S00134300",84,61,23
"S00134301",123,97,26
"S00134302",105,81,24
"S00134303",81,65,16
"S00134304",65,55,10
"S00134305",89,71,18
"S00134306",96,77,19
"S00134307",121,110,11
"S00134308",127,93,34
"S00134309",101,94,7
"S00134310",198,185,13
"S00134311",97,83,14
"S00134312",169,146,23
"S00134313",130,111,19
"S00134314",95,74,21
"S00134315",130,96,34
"S00134316",98,89,9
"S00134317",146,122,24
"S00134318",88,71,17
"S00134319",168,136,32
"S00134320",142,119,23
"S00134321",102,79,23
"S00134322",113,99,14
"S00134323",119,92,27
"S00134324",73,48,25
"S00134325",106,82,24
"S00134326",82,70,12
"S00134327",103,81,22
"S00134328",154,108,46
"S00134329",135,97,38
"S00134330",121,92,29
"S00134331",130,106,24
"S00134332",96,80,16
"S00134333",127,99,28
"S00134334",106,91,15
"S00134335",77,60,17
"S00134336",129,101,28
"S00134337",151,122,29
"S00134338",113,100,13
"S00134339",119,93,26
"S00134340",125,98,27
"S00134341",122,94,28
"S00134342",65,57,8
"S00134343",165,134,31
"S00134344",145,100,45
"S00134345",171,137,34
"S00134346",174,137,37
"S00134347",117,96,21
"S00134348",58,36,22
"S00134349",108,93,15
"S00134350",87,77,10
"S00134351",103,79,24
"S00134352",143,119,24
"S00134353",101,83,18
"S00134354",129,109,20
"S00134355",125,102,23
"S00134356",121,104,17
"S00134357",151,125,26
"S00134358",94,74,20
"S00134359",85,66,19
"S00134360",131,85,46
"S00134361",156,114,42
"S00134362",66,50,16
"S00134363",84,68,16
"S00134364",58,44,14
"S00134365",183,151,32
"S00134366",138,100,38
"S00134367",128,98,30
"S00134368",171,146,25
"S00134369",139,98,41
"S00134370",53,27,26
"S00134371",103,76,27
"S00134372",100,71,29
"S00134373",124,102,22
"S00134374",68,48,20
"S00134375",68,60,8
"S00134376",128,106,22
"S00134377",118,84,34
"S00134378",142,110,32
"S00134379",160,124,36
"S00134380",116,94,22
"S00134381",118,91,27
"S00134382",149,128,21
"S00134383",174,152,22
"S00134384",144,126,18
"S00134385",150,140,10
"S00134386",108,102,6
"S00134387",129,118,11
"S00134388",169,142,27
"S00134389",99,88,11
"S00134390",121,105,16
"S00134391",179,155,24
"S00134392",98,73,25
"S00134393",118,109,9
"S00134394",105,100,5
"S00134395",101,92,9
"S00134396",90,70,20
"S00134397",181,142,39
"S00134398",166,139,27
"S00134399",86,77,9
"S00134400",92,81,11
"S00134401",134,115,19
"S00134402",93,80,13
"S00134403",124,109,15
"S00134404",159,126,33
"S00134405",104,72,32
"S00134406",55,42,13
"S00134407",116,83,33
"S00134408",201,143,58
"S00134409",75,36,39
"S00134410",96,72,24
"S00134411",86,53,33
"S00134412",99,76,23
"S00134413",82,73,9
"S00134414",88,63,25
"S00134415",80,51,29
"S00134416",94,82,12
"S00134417",103,71,32
"S00134418",72,66,6
"S00134419",117,100,17
"S00134420",64,52,12
"S00134421",136,114,22
"S00134422",81,72,9
"S00134423",112,99,13
"S00134424",51,40,11
"S00134425",120,92,28
"S00134426",142,113,29
"S00134427",164,145,19
"S00134428",93,75,18
"S00134429",86,70,16
"S00134430",174,155,19
"S00134431",92,70,22
"S00134432",69,60,9
"S00134433",63,21,42
"S00134434",86,53,33
"S00134435",98,79,19
"S00134436",86,72,14
"S00134437",92,78,14
"S00134438",63,47,16
"S00134439",70,51,19
"S00134440",62,53,9
"S00134441",125,95,30
"S00134442",153,109,44
"S00134443",132,101,31
"S00134444",95,76,19
"S00134445",97,85,12
"S00134446",139,106,33
"S00134447",133,114,19
"S00134448",148,122,26
"S00134449",90,53,37
"S00134450",95,77,18
"S00134451",119,105,14
"S00134452",92,77,15
"S00134453",121,99,22
"S00134454",125,106,19
"S00134455",65,53,12
"S00134456",124,103,21
"S00134457",131,103,28
"S00134458",191,146,45
"S00134459",168,125,43
"S00134460",201,169,32
"S00134461",190,170,20
"S00134462",102,78,24
"S00134463",131,108,23
"S00134464",119,93,26
"S00134465",83,71,12
"S00134466",186,160,26
"S00134467",64,50,14
"S00134468",83,66,17
"S00134469",100,81,19
"S00134470",154,133,21
"S00134471",179,166,13
"S00134472",153,122,31
"S00134473",127,106,21
"S00134474",90,71,19
"S00134475",109,80,29
"S00134476",64,54,10
"S00134477",101,85,16
"S00134478",107,89,18
"S00134479",148,124,24
"S00134480",77,60,17
"S00134481",104,82,22
"S00134482",121,99,22
"S00134483",101,79,22
"S00134484",136,108,28
"S00134485",170,144,26
"S00134486",118,102,16
"S00134487",150,129,21
"S00134488",94,82,12
"S00134489",130,112,18
"S00134490",84,61,23
"S00134491",102,89,13
"S00134492",129,105,24
"S00134493",112,88,24
"S00134494",101,80,21
"S00134495",97,60,37
"S00134496",118,94,24
"S00134497",97,75,22
"S00134498",150,128,22
"S00134499",162,146,16
"S00134500",165,147,18
"S00134501",152,140,12
"S00134502",119,109,10
"S00134503",122,113,9
"S00134504",127,117,10
"S00134505",126,104,22
"S00134506",128,109,19
"S00134507",112,93,19
"S00134508",138,129,9
"S00134509",167,143,24
"S00134510",105,82,23
"S00134511",108,85,23
"S00134512",104,80,24
"S00134513",123,98,25
"S00134514",115,96,19
"S00134515",115,90,25
"S00134516",103,91,12
"S00134517",81,56,25
"S00134518",128,88,40
"S00134519",129,118,11
"S00134520",71,61,10
"S00134521",148,138,10
"S00134522",188,144,44
"S00134523",167,151,16
"S00134524",147,128,19
"S00134525",133,119,14
"S00134526",72,65,7
"S00134527",67,60,7
"S00134528",123,113,10
"S00134529",116,109,7
"S00134530",83,71,12
"S00134531",199,188,11
"S00134532",180,162,18
"S00134533",93,78,15
"S00134534",177,172,5
"S00134535",142,120,22
"S00134536",107,101,6
"S00134537",263,258,5
"S00134538",121,111,10
"S00134539",129,118,11
"S00134540",115,102,13
"S00134541",137,102,35
"S00134542",147,115,32
"S00134543",93,69,24
"S00134544",165,135,30
"S00134545",157,128,29
"S00134546",84,71,13
"S00134547",95,81,14
"S00134548",124,116,8
"S00134549",147,137,10
"S00134550",159,146,13
"S00134551",134,110,24
"S00134552",108,74,34
"S00134553",116,108,8
"S00134554",62,54,8
"S00134555",76,42,34
"S00134556",89,66,23
"S00134557",83,75,8
"S00134558",121,96,25
"S00134559",105,97,8
"S00134560",94,86,8
"S00134561",113,97,16
"S00134562",105,95,10
"S00134563",75,50,25
"S00134564",131,118,13
"S00134565",127,118,9
"S00134566",142,126,16
"S00134567",125,113,12
"S00134568",149,135,14
"S00134569",102,93,9
"S00134570",137,123,14
"S00134571",187,170,17
"S00134572",171,157,14
"S00134573",186,170,16
"S00134574",144,125,19
"S00134575",140,131,9
"S00134576",84,74,10
"S00134577",247,228,19
"S00134578",162,152,10
"S00134579",187,175,12
"S00134580",105,86,19
"S00134581",137,112,25
"S00134582",102,86,16
"S00134583",54,37,17
"S00134584",125,101,24
"S00134585",82,61,21
"S00134586",59,49,10
"S00134587",108,91,17
"S00134588",115,103,12
"S00134589",91,70,21
"S00134590",150,132,18
"S00134591",105,75,30
"S00134592",97,82,15
"S00134593",161,151,10
"S00134594",57,39,18
"S00134595",63,51,12
"S00134596",74,67,7
"S00134597",102,96,6
"S00134598",102,74,28
"S00134599",79,56,23
"S00134600",124,120,4
"S00134601",172,140,32
"S00134602",72,65,7
"S00134603",203,195,8
"S00134604",151,122,29
"S00134605",170,159,11
"S00134606",127,121,6
"S00134607",113,108,5
"S00134608",110,96,14
"S00134609",56,49,7
"S00134610",112,106,6
"S00134611",146,139,7
"S00134612",148,141,7
"S00134613",86,77,9
"S00134614",74,66,8
"S00134615",78,58,20
"S00134616",75,55,20
"S00134617",117,110,7
"S00134618",184,169,15
"S00134619",164,155,9
"S00134620",65,53,12
"S00134621",52,42,10
"S00134622",96,85,11
"S00134623",122,110,12
"S00134624",77,68,9
"S00134625",108,94,14
"S00134626",80,65,15
"S00134627",101,96,5
"S00134628",137,125,12
"S00134629",59,40,19
"S00134630",99,85,14
"S00134631",161,140,21
"S00134632",131,101,30
"S00134633",102,86,16
"S00134634",133,101,32
"S00134635",113,88,25
"S00134636",107,79,28
"S00134637",198,178,20
"S00134638",141,129,12
"S00134639",104,89,15
"S00134640",143,134,9
"S00134641",142,122,20
"S00134642",159,125,34
"S00134643",99,77,22
"S00134644",119,99,20
"S00134645",172,156,16
"S00134646",147,97,50
"S00134647",136,120,16
"S00134648",86,67,19
"S00134649",80,67,13
"S00134650",102,63,39
"S00134651",72,64,8
"S00134652",70,52,18
"S00134653",74,53,21
"S00134654",76,58,18
"S00134655",60,50,10
"S00134656",90,71,19
"S00134657",90,68,22
"S00134658",72,62,10
"S00134659",139,123,16
"S00134660",137,129,8
"S00134661",191,173,18
"S00134662",155,146,9
"S00134663",157,148,9
"S00134664",147,140,7
"S00134665",126,123,3
"S00134666",120,117,3
"S00134667",145,120,25
"S00134668",171,167,4
"S00134669",71,63,8
"S00134670",141,135,6
"S00134671",87,82,5
"S00134672",151,144,7
"S00134673",99,89,10
"S00134674",217,209,8
"S00134675",247,234,13
"S00134676",110,102,8
"S00134677",110,108,2
"S00134678",156,142,14
"S00134679",145,139,6
"S00134680",189,179,10
"S00134681",78,70,8
"S00134682",165,152,13
"S00134683",154,148,6
"S00134684",158,144,14
"S00134685",103,94,9
"S00134686",121,96,25
"S00134687",93,80,13
"S00134688",97,87,10
"S00134689",145,141,4
"S00134690",112,76,36
"S00134691",129,119,10
"S00134692",104,84,20
"S00134693",62,45,17
"S00134694",136,125,11
"S00134695",112,95,17
"S00134696",90,76,14
"S00134697",154,136,18
"S00134698",196,184,12
"S00134699",51,45,6
"S00134700",122,111,11
"S00134701",132,104,28
"S00134702",85,62,23
"S00134703",148,142,6
"S00134704",106,90,16
"S00134705",115,72,43
"S00134706",86,66,20
"S00134707",55,44,11
"S00134708",101,79,22
"S00134709",64,62,2
"S00134710",73,62,11
"S00134711",123,103,20
"S00134712",120,98,22
"S00134713",179,153,26
"S00134714",110,104,6
"S00134715",104,77,27
"S00134716",94,84,10
"S00134717",119,101,18
"S00134718",67,47,20
"S00134719",145,121,24
"S00134720",113,96,17
"S00134721",169,141,28
"S00134722",110,93,17
"S00134723",82,70,12
"S00134724",137,87,50
"S00134725",88,72,16
"S00134726",98,78,20
"S00134727",164,150,14
"S00134728",257,241,16
"S00134729",159,128,31
"S00134730",76,62,14
"S00134731",62,53,9
"S00134732",141,115,26
"S00134733",76,64,12
"S00134734",142,123,19
"S00134735",84,75,9
"S00134736",148,126,22
"S00134737",152,133,19
"S00134738",59,38,21
"S00134739",142,117,25
"S00134740",120,98,22
"S00134741",78,64,14
"S00134742",93,74,19
"S00134743",66,43,23
"S00134744",128,108,20
"S00134745",125,68,57
"S00134746",101,68,33
"S00134747",64,52,12
"S00134748",127,104,23
"S00134749",80,62,18
"S00134750",50,40,10
"S00134751",179,161,18
"S00134752",108,90,18
"S00134753",95,75,20
"S00134754",61,43,18
"S00134755",77,60,17
"S00134756",120,105,15
"S00134757",101,81,20
"S00134758",95,81,14
"S00134759",127,106,21
"S00134760",121,111,10
"S00134761",103,94,9
"S00134762",178,164,14
"S00134763",73,66,7
"S00134764",122,113,9
"S00134765",170,160,10
"S00134766",186,173,13
"S00134767",212,195,17
"S00134768",231,217,14
"S00134769",167,159,8
"S00134770",141,131,10
"S00134771",208,198,10
"S00134772",181,152,29
"S00134773",231,213,18
"S00134774",214,208,6
"S00134775",100,90,10
"S00134776",216,207,9
"S00134777",53,44,9
"S00134778",143,128,15
"S00134779",82,72,10
"S00134780",128,115,13
"S00134781",77,70,7
"S00134782",89,75,14
"S00134783",136,127,9
"S00134784",157,151,6
"S00134785",94,84,10
"S00134786",190,176,14
"S00134787",64,56,8
"S00134788",100,83,17
"S00134789",83,77,6
"S00134790",150,137,13
"S00134791",185,177,8
"S00134792",116,83,33
"S00134793",78,58,20
"S00134794",100,59,41
"S00134795",82,68,14
"S00134796",91,67,24
"S00134797",148,124,24
"S00134798",85,57,28
"S00134799",176,108,68
"S00134800",119,90,29
"S00134801",86,70,16
"S00134802",151,133,18
"S00134803",101,74,27
"S00134804",81,69,12
"S00134805",79,66,13
"S00134806",137,125,12
"S00134807",156,132,24
"S00134808",106,91,15
"S00134809",156,130,26
"S00134810",61,40,21
"S00134811",169,149,20
"S00134812",219,204,15
"S00134813",69,63,6
"S00134814",161,145,16
"S00134815",106,103,3
"S00134816",58,55,3
"S00134817",103,89,14
"S00134818",88,69,19
"S00134819",71,49,22
"S00134820",169,137,32
"S00134821",141,114,27
"S00134822",81,52,29
"S00134823",182,141,41
"S00134824",159,136,23
"S00134825",98,70,28
"S00134826",85,70,15
"S00134827",160,145,15
"S00134828",128,104,24
"S00134829",77,61,16
"S00134830",101,86,15
"S00134831",83,71,12
"S00134832",238,223,15
"S00134833",110,104,6
"S00134834",209,193,16
"S00134835",175,163,12
"S00134836",114,106,8
"S00134837",188,179,9
"S00134838",115,107,8
"S00134839",139,118,21
"S00134840",56,49,7
"S00134841",142,130,12
"S00134842",252,239,13
"S00134843",218,204,14
"S00134844",191,178,13
"S00134845",157,147,10
"S00134846",126,114,12
"S00134847",196,187,9
"S00134848",150,144,6
"S00134849",94,84,10
"S00134850",84,78,6
"S00134851",146,109,37
"S00134852",104,87,17
"S00134853",230,138,92
"S00134854",145,91,54
"S00134855",98,80,18
"S00134856",94,76,18
"S00134857",129,94,35
"S00134858",101,79,22
"S00134859",185,143,42
"S00134860",249,231,18
"S00134861",202,180,22
"S00134862",73,54,19
"S00134863",126,99,27
"S00134864",77,56,21
"S00134865",141,125,16
"S00134866",112,93,19
"S00134867",172,155,17
"S00134868",68,60,8
"S00134869",122,86,36
"S00134870",140,117,23
"S00134871",146,139,7
"S00134872",206,188,18
"S00134873",54,44,10
"S00134874",128,123,5
"S00134875",115,107,8
"S00134876",136,129,7
"S00134877",110,94,16
"S00134878",185,173,12
"S00134879",77,73,4
"S00134880",138,124,14
"S00134881",211,201,10
"S00134882",152,143,9
"S00134883",193,180,13
"S00134884",151,133,18
"S00134885",169,156,13
"S00134886",215,201,14
"S00134887",164,154,10
"S00134888",178,175,3
"S00134889",234,221,13
"S00134890",283,273,10
"S00134891",70,63,7
"S00134892",122,102,20
"S00134893",154,141,13
"S00134894",135,127,8
"S00134895",188,170,18
"S00134896",68,59,9
"S00134897",162,144,18
"S00134898",135,95,40
"S00134899",157,129,28
"S00134900",99,90,9
"S00134901",146,116,30
"S00134902",84,47,37
"S00134903",73,53,20
"S00134904",112,77,35
"S00134905",86,64,22
"S00134906",77,49,28
"S00134907",168,144,24
"S00134908",204,187,17
"S00134909",144,114,30
"S00134910",79,69,10
"S00134911",113,90,23
"S00134912",121,109,12
"S00134913",137,101,36
"S00134914",79,65,14
"S00134915",59,45,14
"S00134916",131,91,40
"S00134917",66,41,25
"S00134918",70,47,23
"S00134919",103,84,19
"S00134920",76,62,14
"S00134921",131,114,17
"S00134922",238,222,16
"S00134923",108,81,27
"S00134924",86,73,13
"S00134925",183,171,12
"S00134926",60,54,6
"S00134927",106,85,21
"S00134928",73,59,14
"S00134929",98,83,15
"S00134930",108,90,18
"S00134931",120,96,24
"S00134932",60,35,25
"S00134933",128,113,15
"S00134934",182,179,3
"S00134935",195,189,6
"S00134936",128,115,13
"S00134937",61,60,1
"S00134938",238,223,15
"S00134939",141,125,16
"S00134940",157,93,64
"S00134941",71,29,42
"S00134942",85,45,40
"S00134943",99,88,11
"S00134944",112,100,12
"S00134945",76,59,17
"S00134946",143,126,17
"S00134947",126,119,7
"S00134948",121,105,16
"S00134949",99,74,25
"S00134950",75,67,8
"S00134951",102,80,22
"S00134952",112,98,14
"S00134953",121,112,9
"S00134954",141,122,19
"S00134955",219,196,23
"S00134956",58,51,7
"S00134957",139,122,17
"S00134958",56,47,9
"S00134959",167,144,23
"S00134960",117,81,36
"S00134961",123,102,21
"S00134962",85,75,10
"S00134963",115,86,29
"S00134964",108,99,9
"S00134965",223,215,8
"S00134966",209,200,9
"S00134967",144,131,13
"S00134968",208,188,20
"S00134969",174,164,10
"S00134970",121,102,19
"S00134971",123,114,9
"S00134972",149,138,11
"S00134973",97,97,0
"S00134974",231,217,14
"S00134975",65,47,18
"S00134976",90,67,23
"S00134977",156,136,20
"S00134978",74,64,10
"S00134979",157,135,22
"S00134980",103,77,26
"S00134981",58,45,13
"S00134982",144,107,37
"S00134983",82,57,25
"S00134984",159,141,18
"S00134985",151,126,25
"S00134986",89,74,15
"S00134987",108,95,13
"S00134988",134,111,23
"S00134989",120,108,12
"S00134990",114,104,10
"S00134991",116,106,10
"S00134992",198,181,17
"S00134993",78,76,2
"S00134994",91,79,12
"S00134995",99,85,14
"S00134996",105,68,37
"S00134997",86,57,29
"S00134998",99,87,12
"S00134999",111,86,25
"S00135000",99,74,25
"S00135001",104,86,18
"S00135002",112,103,9
"S00135003",145,129,16
"S00135004",107,93,14
"S00135005",174,168,6
"S00135006",51,45,6
"S00135007",222,217,5
"S00135008",261,183,78
"S00135009",150,133,17
"S00135010",198,192,6
"S00135011",78,69,9
"S00135012",138,90,48
"S00135013",121,101,20
"S00135014",111,92,19
"S00135015",76,39,37
"S00135016",121,102,19
"S00135017",158,145,13
"S00135018",138,131,7
"S00135019",184,135,49
"S00135020",76,57,19
"S00135021",132,95,37
"S00135022",163,154,9
"S00135023",182,134,48
"S00135024",130,122,8
"S00135025",125,117,8
"S00135026",172,150,22
"S00135027",185,180,5
"S00135028",102,98,4
"S00135029",162,137,25
"S00135030",178,128,50
"S00135031",101,93,8
"S00135032",78,70,8
"S00135033",128,110,18
"S00135034",133,119,14
"S00135035",135,121,14
"S00135036",156,145,11
"S00135037",131,124,7
"S00135038",153,140,13
"S00135039",153,143,10
"S00135040",154,143,11
"S00135041",88,84,4
"S00135042",137,128,9
"S00135043",115,104,11
"S00135044",90,78,12
"S00135045",171,154,17
"S00135046",60,49,11
"S00135047",96,82,14
"S00135048",178,149,29
"S00135049",145,125,20
"S00135050",111,69,42
"S00135051",117,104,13
"S00135052",222,201,21
"S00135053",68,49,19
"S00135054",124,116,8
"S00135055",96,86,10
"S00135056",136,113,23
"S00135057",95,77,18
"S00135058",137,111,26
"S00135059",120,102,18
"S00135060",108,93,15
"S00135061",58,48,10
"S00135062",157,139,18
"S00135063",143,120,23
"S00135064",83,63,20
"S00135065",111,94,17
"S00135066",106,91,15
"S00135067",87,79,8
"S00135068",54,31,23
"S00135069",99,78,21
"S00135070",147,126,21
"S00135071",96,77,19
"S00135072",93,78,15
"S00135073",69,54,15
"S00135074",66,58,8
"S00135075",92,80,12
"S00135076",127,110,17
"S00135077",103,83,20
"S00135078",81,66,15
"S00135079",88,71,17
"S00135080",109,81,28
"S00135081",66,56,10
"S00135082",144,114,30
"S00135083",122,104,18
"S00135084",77,64,13
"S00135085",105,95,10
"S00135086",78,64,14
"S00135087",108,88,20
"S00135088",56,50,6
"S00135089",72,59,13
"S00135090",89,80,9
"S00135091",115,86,29
"S00135092",111,87,24
"S00135093",94,83,11
"S00135094",72,60,12
"S00135095",59,48,11
"S00135096",75,54,21
"S00135097",62,51,11
"S00135098",85,71,14
"S00135099",101,88,13
"S00135100",181,155,26
"S00135101",103,82,21
"S00135102",102,80,22
"S00135103",140,111,29
"S00135104",91,71,20
"S00135105",50,39,11
"S00135106",69,60,9
"S00135107",89,62,27
"S00135108",105,78,27
"S00135109",141,120,21
"S00135110",137,116,21
"S00135111",111,93,18
"S00135112",106,94,12
"S00135113",110,85,25
"S00135114",159,126,33
"S00135115",93,72,21
"S00135116",76,58,18
"S00135117",111,91,20
"S00135118",124,96,28
"S00135119",66,51,15
"S00135120",124,103,21
"S00135121",113,96,17
"S00135122",94,77,17
"S00135123",152,117,35
"S00135124",100,68,32
"S00135125",109,89,20
"S00135126",125,100,25
"S00135127",138,110,28
"S00135128",125,95,30
"S00135129",81,64,17
"S00135130",139,110,29
"S00135131",106,88,18
"S00135132",154,115,39
"S00135133",77,61,16
"S00135134",74,63,11
"S00135135",94,79,15
"S00135136",94,81,13
"S00135137",142,123,19
"S00135138",109,85,24
"S00135139",82,65,17
"S00135140",127,88,39
"S00135141",127,113,14
"S00135142",72,60,12
"S00135143",187,145,42
"S00135144",90,76,14
"S00135145",123,108,15
"S00135146",176,157,19
"S00135147",96,82,14
"S00135148",117,99,18
"S00135149",132,119,13
"S00135150",208,188,20
"S00135151",164,132,32
"S00135152",130,119,11
"S00135153",70,57,13
"S00135154",144,124,20
"S00135155",83,67,16
"S00135156",89,73,16
"S00135157",133,112,21
"S00135158",118,98,20
"S00135159",51,43,8
"S00135160",126,105,21
"S00135161",134,113,21
"S00135162",185,156,29
"S00135163",82,63,19
"S00135164",170,144,26
"S00135165",110,85,25
"S00135166",97,83,14
"S00135167",164,139,25
"S00135168",124,87,37
"S00135169",111,92,19
"S00135170",109,90,19
"S00135171",156,138,18
"S00135172",149,132,17
"S00135173",177,165,12
"S00135174",165,138,27
"S00135175",78,69,9
"S00135176",109,95,14
"S00135177",69,54,15
"S00135178",100,86,14
"S00135179",120,94,26
"S00135180",113,94,19
"S00135181",80,72,8
"S00135182",111,96,15
"S00135183",88,52,36
"S00135184",79,56,23
"S00135185",91,58,33
"S00135186",58,48,10
"S00135187",122,99,23
"S00135188",128,103,25
"S00135189",69,56,13
"S00135190",53,44,9
"S00135191",52,45,7
"S00135192",105,95,10
"S00135193",134,111,23
"S00135194",139,107,32
"S00135195",95,76,19
"S00135196",92,75,17
"S00135197",74,62,12
"S00135198",64,52,12
"S00135199",139,91,48
"S00135200",180,124,56
"S00135201",102,81,21
"S00135202",113,91,22
"S00135203",168,140,28
"S00135204",147,116,31
"S00135205",76,57,19
"S00135206",56,45,11
"S00135207",86,69,17
"S00135208",71,62,9
"S00135209",101,81,20
"S00135210",151,101,50
"S00135211",122,77,45
"S00135212",90,66,24
"S00135213",55,36,19
"S00135214",149,122,27
"S00135215",96,83,13
"S00135216",123,106,17
"S00135217",111,88,23
"S00135218",173,135,38
"S00135219",137,106,31
"S00135220",116,98,18
"S00135221",97,77,20
"S00135222",106,90,16
"S00135223",167,134,33
"S00135224",138,117,21
"S00135225",63,54,9
"S00135226",256,218,38
"S00135227",168,151,17
"S00135228",143,131,12
"S00135229",121,101,20
"S00135230",54,42,12
"S00135231",234,191,43
"S00135232",107,90,17
"S00135233",115,99,16
"S00135234",140,115,25
"S00135235",75,63,12
"S00135236",134,98,36
"S00135237",137,115,22
"S00135238",152,120,32
"S00135239",99,85,14
"S00135240",104,87,17
"S00135241",102,77,25
"S00135242",76,61,15
"S00135243",93,74,19
"S00135244",91,71,20
"S00135245",70,50,20
"S00135246",131,105,26
"S00135247",97,72,25
"S00135248",159,135,24
"S00135249",110,95,15
"S00135250",141,126,15
"S00135251",96,79,17
"S00135252",161,128,33
"S00135253",67,55,12
"S00135254",70,62,8
"S00135255",119,89,30
"S00135256",86,56,30
"S00135257",90,75,15
"S00135258",103,82,21
"S00135259",100,79,21
"S00135260",74,67,7
"S00135261",60,53,7
"S00135262",116,93,23
"S00135263",143,115,28
"S00135264",67,47,20
"S00135265",132,107,25
"S00135266",160,132,28
"S00135267",69,58,11
"S00135268",73,62,11
"S00135269",105,86,19
"S00135270",71,60,11
"S00135271",122,99,23
"S00135272",90,77,13
"S00135273",147,108,39
"S00135274",54,48,6
"S00135275",71,58,13
"S00135276",140,109,31
"S00135277",153,113,40
"S00135278",56,44,12
"S00135279",125,103,22
"S00135280",118,89,29
"S00135281",147,119,28
"S00135282",53,41,12
"S00135283",98,83,15
"S00135284",154,129,25
"S00135285",67,62,5
"S00135286",206,158,48
"S00135287",55,51,4
"S00135288",168,133,35
"S00135289",181,165,16
"S00135290",149,122,27
"S00135291",108,101,7
"S00135292",119,105,14
"S00135293",67,51,16
"S00135294",101,83,18
"S00135295",59,52,7
"S00135296",105,91,14
"S00135297",104,88,16
"S00135298",110,79,31
"S00135299",57,36,21
"S00135300",178,146,32
"S00135301",52,37,15
"S00135302",128,109,19
"S00135303",81,66,15
"S00135304",81,66,15
"S00135305",98,77,21
"S00135306",87,73,14
