output_area,total,llti,no_llti
S00088956,230,20,210
S00088957,66,10,56
S00088958,90,3,87
S00088959,83,10,73
S00088960,68,3,65
S00088961,217,85,132
S00088962,86,7,79
S00088963,89,10,79
S00088964,88,10,78
S00088965,144,23,121
S00088966,120,17,103
S00088967,52,5,47
S00088968,56,8,48
S00088969,154,13,141
S00088970,105,7,98
S00088971,78,5,73
S00088972,129,3,126
S00088973,144,29,115
S00088974,120,20,100
S00088975,77,6,71
S00088976,69,4,65
S00088977,60,0,60
S00088978,60,4,56
S00088979,85,3,82
S00088980,66,7,59
S00088981,57,15,42
S00088982,66,5,61
S00088983,65,22,43
S00088984,55,23,32
S00088985,80,7,73
S00088986,131,9,122
S00088987,63,5,58
S00088988,67,23,44
S00088989,95,5,90
S00088990,107,12,95
S00088991,127,9,118
S00088992,541,81,460
S00088993,123,5,118
S00088994,57,5,52
S00088995,62,2,60
S00088996,102,18,84
S00088997,152,11,141
S00088998,126,3,123
S00088999,123,7,116
S00089000,120,7,113
S00089001,115,20,95
S00089002,135,15,120
S00089003,118,34,84
S00089004,97,8,89
S00089005,133,21,112
S00089006,104,7,97
S00089007,122,5,117
S00089008,73,0,73
S00089009,106,2,104
S00089010,129,11,118
S00089011,155,15,140
S00089012,117,9,108
S00089013,69,3,66
S00089014,117,10,107
S00089015,93,1,92
S00089016,90,10,80
S00089017,83,0,83
S00089018,148,11,137
S00089019,134,14,120
S00089020,79,4,75
S00089021,83,12,71
S00089022,96,21,75
S00089023,99,11,88
S00089024,65,3,62
S00089025,63,4,59
S00089026,67,2,65
S00089027,107,8,99
S00089028,78,3,75
S00089029,82,10,72
S00089030,66,1,65
S00089031,143,6,137
S00089032,84,10,74
S00089033,95,13,82
S00089034,58,8,50
S00089035,106,13,93
S00089036,67,4,63
S00089037,87,5,82
S00089038,58,3,55
S00089039,80,14,66
S00089040,91,10,81
S00089041,225,100,125
S00089042,68,16,52
S00089043,148,20,128
S00089044,71,13,58
S00089045,73,19,54
S00089046,248,55,193
S00089047,110,16,94
S00089048,91,21,70
S00089049,130,23,107
S00089050,108,20,88
S00089051,146,24,122
S00089052,148,26,122
S00089053,114,16,98
S00089054,76,4,72
S00089055,86,15,71
S00089056,71,1,70
S00089057,85,22,63
S00089058,96,18,78
S00089059,55,9,46
S00089060,61,6,55
S00089061,75,4,71
S00089062,53,8,45
S00089063,83,5,78
S00089064,84,14,70
S00089065,95,14,81
S00089066,64,14,50
S00089067,108,12,96
S00089068,73,5,68
S00089069,60,5,55
S00089070,127,14,113
S00089071,88,25,63
S00089072,113,10,103
S00089073,94,19,75
S00089074,145,12,133
S00089075,87,4,83
S00089076,113,24,89
S00089077,90,15,75
S00089078,52,16,36
S00089079,61,15,46
S00089080,100,14,86
S00089081,74,21,53
S00089082,82,28,54
S00089083,120,24,96
S00089084,100,20,80
S00089085,121,21,100
S00089086,100,23,77
S00089087,141,26,115
S00089088,93,22,71
S00089089,110,21,89
S00089090,126,20,106
S00089091,150,19,131
S00089092,171,22,149
S00089093,166,31,135
S00089094,90,20,70
S00089095,119,18,101
S00089096,97,8,89
S00089097,83,14,69
S00089098,82,9,73
S00089099,120,13,107
S00089100,101,26,75
S00089101,75,10,65
S00089102,86,10,76
S00089103,89,9,80
S00089104,67,14,53
S00089105,96,15,81
S00089106,89,15,74
S00089107,82,11,71
S00089108,92,14,78
S00089109,60,7,53
S00089110,109,25,84
S00089111,147,17,130
S00089112,151,36,115
S00089113,64,46,18
S00089114,117,27,90
S00089115,154,29,125
S00089116,206,17,189
S00089117,125,27,98
S00089118,145,24,121
S00089119,87,13,74
S00089120,77,14,63
S00089121,173,83,90
S00089122,65,19,46
S00089123,151,40,111
S00089124,105,28,77
S00089125,164,30,134
S00089126,116,23,93
S00089127,93,26,67
S00089128,97,19,78
S00089129,197,8,189
S00089130,93,21,72
S00089131,102,23,79
S00089132,87,8,79
S00089133,87,22,65
S00089134,129,41,88
S00089135,144,18,126
S00089136,112,24,88
S00089137,109,28,81
S00089138,55,43,12
S00089139,86,21,65
S00089140,100,16,84
S00089141,120,18,102
S00089142,137,24,113
S00089143,105,27,78
S00089144,91,27,64
S00089145,127,26,101
S00089146,117,17,100
S00089147,96,20,76
S00089148,123,17,106
S00089149,124,14,110
S00089150,151,40,111
S00089151,61,17,44
S00089152,54,24,30
S00089153,63,22,41
S00089154,72,20,52
S00089155,84,24,60
S00089156,129,45,84
S00089157,105,26,79
S00089158,136,25,111
S00089159,90,21,69
S00089160,112,25,87
S00089161,95,26,69
S00089162,77,14,63
S00089163,115,26,89
S00089164,78,32,46
S00089165,105,18,87
S00089166,150,31,119
S00089167,107,17,90
S00089168,64,50,14
S00089169,117,21,96
S00089170,90,24,66
S00089171,74,24,50
S00089172,64,13,51
S00089173,139,28,111
S00089174,161,43,118
S00089175,124,22,102
S00089176,102,10,92
S00089177,129,30,99
S00089178,149,24,125
S00089179,172,32,140
S00089180,134,24,110
S00089181,101,25,76
S00089182,114,13,101
S00089183,98,20,78
S00089184,137,14,123
S00089185,136,15,121
S00089186,114,6,108
S00089187,67,9,58
S00089188,146,16,130
S00089189,152,19,133
S00089190,113,7,106
S00089191,137,9,128
S00089192,111,2,109
S00089193,132,7,125
S00089194,153,41,112
S00089195,135,15,120
S00089196,119,15,104
S00089197,116,14,102
S00089198,83,14,69
S00089199,100,15,85
S00089200,69,9,60
S00089201,98,12,86
S00089202,152,17,135
S00089203,214,21,193
S00089204,149,14,135
S00089205,117,11,106
S00089206,122,19,103
S00089207,100,11,89
S00089208,76,11,65
S00089209,73,4,69
S00089210,76,9,67
S00089211,71,9,62
S00089212,106,5,101
S00089213,68,2,66
S00089214,61,4,57
S00089215,67,7,60
S00089216,97,10,87
S00089217,79,8,71
S00089218,126,15,111
S00089219,84,5,79
S00089220,60,2,58
S00089221,146,22,124
S00089222,89,3,86
S00089223,70,18,52
S00089224,191,58,133
S00089225,58,3,55
S00089226,57,1,56
S00089227,128,19,109
S00089228,95,4,91
S00089229,97,7,90
S00089230,100,18,82
S00089231,87,7,80
S00089232,93,3,90
S00089233,80,4,76
S00089234,97,8,89
S00089235,104,6,98
S00089236,81,3,78
S00089237,117,14,103
S00089238,135,16,119
S00089239,98,9,89
S00089240,179,15,164
S00089241,65,17,48
S00089242,123,15,108
S00089243,115,12,103
S00089244,117,20,97
S00089245,84,18,66
S00089246,95,14,81
S00089247,166,23,143
S00089248,205,25,180
S00089249,105,9,96
S00089250,88,9,79
S00089251,106,9,97
S00089252,118,6,112
S00089253,129,19,110
S00089254,137,13,124
S00089255,119,9,110
S00089256,109,11,98
S00089257,97,6,91
S00089258,100,9,91
S00089259,84,8,76
S00089260,136,15,121
S00089261,158,15,143
S00089262,108,14,94
S00089263,92,8,84
S00089264,139,8,131
S00089265,84,9,75
S00089266,100,8,92
S00089267,79,3,76
S00089268,113,3,110
S00089269,101,6,95
S00089270,120,11,109
S00089271,90,8,82
S00089272,69,8,61
S00089273,101,5,96
S00089274,129,4,125
S00089275,64,45,19
S00089276,59,13,46
S00089277,177,29,148
S00089278,66,47,19
S00089279,67,1,66
S00089280,59,8,51
S00089281,75,5,70
S00089282,69,6,63
S00089283,54,9,45
S00089284,105,28,77
S00089285,128,6,122
S00089286,106,5,101
S00089287,87,41,46
S00089288,151,28,123
S00089289,124,30,94
S00089290,69,15,54
S00089291,99,13,86
S00089292,90,13,77
S00089293,153,20,133
S00089294,148,18,130
S00089295,190,42,148
S00089296,161,38,123
S00089297,93,17,76
S00089298,98,24,74
S00089299,64,24,40
S00089300,99,17,82
S00089301,116,18,98
S00089302,104,15,89
S00089303,167,36,131
S00089304,159,32,127
S00089305,71,30,41
S00089306,141,56,85
S00089307,88,23,65
S00089308,77,10,67
S00089309,148,26,122
S00089310,171,31,140
S00089311,101,26,75
S00089312,164,21,143
S00089313,150,27,123
S00089314,125,12,113
S00089315,108,20,88
S00089316,106,14,92
S00089317,94,8,86
S00089318,107,16,91
S00089319,134,20,114
S00089320,125,13,112
S00089321,85,13,72
S00089322,124,24,100
S00089323,83,20,63
S00089324,94,18,76
S00089325,102,14,88
S00089326,130,19,111
S00089327,108,20,88
S00089328,111,21,90
S00089329,95,17,78
S00089330,151,16,135
S00089331,168,21,147
S00089332,172,21,151
S00089333,176,21,155
S00089334,150,23,127
S00089335,144,15,129
S00089336,93,11,82
S00089337,57,11,46
S00089338,156,33,123
S00089339,150,20,130
S00089340,125,31,94
S00089341,77,17,60
S00089342,75,43,32
S00089343,71,6,65
S00089344,70,16,54
S00089345,98,12,86
S00089346,145,14,131
S00089347,108,15,93
S00089348,92,14,78
S00089349,97,14,83
S00089350,123,20,103
S00089351,175,21,154
S00089352,158,34,124
S00089353,111,20,91
S00089354,89,12,77
S00089355,165,19,146
S00089356,61,9,52
S00089357,118,27,91
S00089358,85,16,69
S00089359,129,23,106
S00089360,113,30,83
S00089361,151,52,99
S00089362,134,76,58
S00089363,60,5,55
S00089364,96,3,93
S00089365,132,6,126
S00089366,105,7,98
S00089367,102,20,82
S00089368,58,5,53
S00089369,120,10,110
S00089370,107,44,63
S00089371,123,32,91
S00089372,63,14,49
S00089373,97,11,86
S00089374,97,45,52
S00089375,137,32,105
S00089376,135,18,117
S00089377,82,11,71
S00089378,103,17,86
S00089379,169,21,148
S00089380,156,14,142
S00089381,108,18,90
S00089382,126,24,102
S00089383,108,15,93
S00089384,106,13,93
S00089385,189,78,111
S00089386,208,62,146
S00089387,158,32,126
S00089388,159,17,142
S00089389,98,18,80
S00089390,93,16,77
S00089391,101,32,69
S00089392,85,23,62
S00089393,86,20,66
S00089394,68,26,42
S00089395,111,24,87
S00089396,72,31,41
S00089397,101,22,79
S00089398,96,15,81
S00089399,51,37,14
S00089400,98,12,86
S00089401,73,20,53
S00089402,84,22,62
S00089403,98,15,83
S00089404,95,17,78
S00089405,112,10,102
S00089406,145,14,131
S00089407,128,18,110
S00089408,104,13,91
S00089409,117,17,100
S00089410,121,10,111
S00089411,98,7,91
S00089412,190,32,158
S00089413,188,22,166
S00089414,63,17,46
S00089415,97,16,81
S00089416,151,13,138
S00089417,133,19,114
S00089418,149,25,124
S00089419,118,17,101
S00089420,142,17,125
S00089421,171,13,158
S00089422,88,20,68
S00089423,163,14,149
S00089424,144,9,135
S00089425,183,9,174
S00089426,189,3,186
S00089427,79,10,69
S00089428,83,7,76
S00089429,135,23,112
S00089430,126,38,88
S00089431,138,68,70
S00089432,61,9,52
S00089433,74,13,61
S00089434,80,9,71
S00089435,120,13,107
S00089436,117,9,108
S00089437,142,11,131
S00089438,154,23,131
S00089439,112,13,99
S00089440,59,7,52
S00089441,83,15,68
S00089442,106,23,83
S00089443,63,8,55
S00089444,132,4,128
S00089445,145,5,140
S00089446,109,3,106
S00089447,92,3,89
S00089448,104,7,97
S00089449,141,11,130
S00089450,94,13,81
S00089451,91,40,51
S00089452,99,39,60
S00089453,110,19,91
S00089454,76,23,53
S00089455,93,36,57
S00089456,128,31,97
S00089457,85,10,75
S00089458,79,4,75
S00089459,61,9,52
S00089460,84,57,27
S00089461,104,27,77
S00089462,87,16,71
S00089463,132,16,116
S00089464,133,11,122
S00089465,84,5,79
S00089466,98,44,54
S00089467,82,8,74
S00089468,68,7,61
S00089469,114,7,107
S00089470,72,5,67
S00089471,73,6,67
S00089472,83,20,63
S00089473,94,15,79
S00089474,129,18,111
S00089475,70,5,65
S00089476,59,9,50
S00089477,104,9,95
S00089478,100,7,93
S00089479,71,3,68
S00089480,68,5,63
S00089481,123,2,121
S00089482,72,6,66
S00089483,87,8,79
S00089484,109,47,62
S00089485,68,4,64
S00089486,101,48,53
S00089487,80,30,50
S00089488,122,22,100
S00089489,131,8,123
S00089490,250,15,235
S00089491,109,9,100
S00089492,71,25,46
S00089493,74,16,58
S00089494,74,37,37
S00089495,69,17,52
S00089496,68,26,42
S00089497,213,17,196
S00089498,124,20,104
S00089499,71,14,57
S00089500,91,15,76
S00089501,146,24,122
S00089502,135,19,116
S00089503,62,51,11
S00089504,59,38,21
S00089505,64,38,26
S00089506,88,15,73
S00089507,93,18,75
S00089508,107,24,83
S00089509,51,6,45
S00089510,128,17,111
S00089511,88,20,68
S00089512,58,11,47
S00089513,126,23,103
S00089514,103,21,82
S00089515,268,26,242
S00089516,107,21,86
S00089517,73,27,46
S00089518,171,50,121
S00089519,118,37,81
S00089520,91,14,77
S00089521,131,32,99
S00089522,116,14,102
S00089523,101,28,73
S00089524,99,28,71
S00089525,78,19,59
S00089526,109,47,62
S00089527,107,65,42
S00089528,91,28,63
S00089529,118,33,85
S00089530,67,8,59
S00089531,82,20,62
S00089532,110,22,88
S00089533,79,18,61
S00089534,120,21,99
S00089535,86,16,70
S00089536,114,28,86
S00089537,76,18,58
S00089538,88,28,60
S00089539,79,19,60
S00089540,97,15,82
S00089541,96,22,74
S00089542,124,5,119
S00089543,80,28,52
S00089544,102,12,90
S00089545,62,45,17
S00089546,107,14,93
S00089547,143,33,110
S00089548,161,21,140
S00089549,98,25,73
S00089550,101,17,84
S00089551,76,29,47
S00089552,77,5,72
S00089553,101,51,50
S00089554,69,12,57
S00089555,141,27,114
S00089556,80,8,72
S00089557,138,20,118
S00089558,125,14,111
S00089559,154,23,131
S00089560,78,17,61
S00089561,101,17,84
S00089562,111,24,87
S00089563,76,16,60
S00089564,98,12,86
S00089565,147,31,116
S00089566,140,21,119
S00089567,174,27,147
S00089568,177,27,150
S00089569,111,42,69
S00089570,137,20,117
S00089571,150,16,134
S00089572,76,11,65
S00089573,103,16,87
S00089574,80,7,73
S00089575,72,6,66
S00089576,126,13,113
S00089577,89,16,73
S00089578,109,21,88
S00089579,88,10,78
S00089580,109,17,92
S00089581,89,13,76
S00089582,120,10,110
S00089583,134,39,95
S00089584,66,26,40
S00089585,131,19,112
S00089586,108,10,98
S00089587,69,18,51
S00089588,88,20,68
S00089589,87,16,71
S00089590,107,20,87
S00089591,120,22,98
S00089592,95,18,77
S00089593,120,26,94
S00089594,82,5,77
S00089595,143,24,119
S00089596,100,18,82
S00089597,128,18,110
S00089598,58,12,46
S00089599,130,22,108
S00089600,53,9,44
S00089601,71,10,61
S00089602,123,24,99
S00089603,91,21,70
S00089604,75,10,65
S00089605,139,28,111
S00089606,125,24,101
S00089607,148,6,142
S00089608,61,29,32
S00089609,105,11,94
S00089610,134,31,103
S00089611,85,25,60
S00089612,93,16,77
S00089613,62,17,45
S00089614,175,22,153
S00089615,122,26,96
S00089616,125,20,105
S00089617,156,12,144
S00089618,118,12,106
S00089619,132,9,123
S00089620,153,17,136
S00089621,51,31,20
S00089622,84,20,64
S00089623,104,23,81
S00089624,75,7,68
S00089625,112,9,103
S00089626,157,11,146
S00089627,70,8,62
S00089628,112,10,102
S00089629,169,18,151
S00089630,107,21,86
S00089631,115,24,91
S00089632,111,12,99
S00089633,409,44,365
S00089634,105,15,90
S00089635,60,2,58
S00089636,124,19,105
S00089637,60,6,54
S00089638,101,7,94
S00089639,94,4,90
S00089640,122,13,109
S00089641,61,9,52
S00089642,68,6,62
S00089643,132,13,119
S00089644,181,20,161
S00089645,160,21,139
S00089646,131,38,93
S00089647,148,7,141
S00089648,66,4,62
S00089649,107,33,74
S00089650,134,14,120
S00089651,400,26,374
S00089652,145,12,133
S00089653,114,11,103
S00089654,103,8,95
S00089655,84,5,79
S00089656,85,2,83
S00089657,73,7,66
S00089658,121,8,113
S00089659,218,11,207
S00089660,129,8,121
S00089661,126,19,107
S00089662,95,20,75
S00089663,117,8,109
S00089664,68,8,60
S00089665,102,4,98
S00089666,90,3,87
S00089667,60,6,54
S00089668,89,21,68
S00089669,134,9,125
S00089670,74,2,72
S00089671,316,19,297
S00089672,116,40,76
S00089673,100,50,50
S00089674,138,13,125
S00089675,136,5,131
S00089676,70,8,62
S00089677,120,13,107
S00089678,69,7,62
S00089679,138,21,117
S00089680,118,13,105
S00089681,145,15,130
S00089682,64,6,58
S00089683,78,7,71
S00089684,77,12,65
S00089685,120,13,107
S00089686,63,2,61
S00089687,80,4,76
S00089688,99,14,85
S00089689,58,18,40
S00089690,151,19,132
S00089691,135,31,104
S00089692,59,7,52
S00089693,65,2,63
S00089694,116,1,115
S00089695,118,7,111
S00089696,138,11,127
S00089697,86,4,82
S00089698,103,9,94
S00089699,74,3,71
S00089700,120,10,110
S00089701,85,14,71
S00089702,73,4,69
S00089703,145,14,131
S00089704,115,11,104
S00089705,112,14,98
S00089706,136,15,121
S00089707,97,51,46
S00089708,57,15,42
S00089709,93,11,82
S00089710,132,34,98
S00089711,139,35,104
S00089712,113,17,96
S00089713,105,20,85
S00089714,154,13,141
S00089715,103,10,93
S00089716,128,91,37
S00089717,128,19,109
S00089718,168,13,155
S00089719,189,19,170
S00089720,167,14,153
S00089721,179,9,170
S00089722,95,11,84
S00089723,58,2,56
S00089724,86,5,81
S00089725,96,6,90
S00089726,121,16,105
S00089727,100,13,87
S00089728,92,16,76
S00089729,148,15,133
S00089730,78,6,72
S00089731,113,10,103
S00089732,158,40,118
S00089733,100,12,88
S00089734,94,19,75
S00089735,75,4,71
S00089736,84,5,79
S00089737,86,10,76
S00089738,71,11,60
S00089739,91,18,73
S00089740,124,14,110
S00089741,109,13,96
S00089742,172,9,163
S00089743,164,14,150
S00089744,81,7,74
S00089745,130,12,118
S00089746,121,6,115
S00089747,100,8,92
S00089748,115,10,105
S00089749,62,5,57
S00089750,103,3,100
S00089751,110,7,103
S00089752,108,5,103
S00089753,136,12,124
S00089754,124,6,118
S00089755,65,5,60
S00089756,77,9,68
S00089757,122,9,113
S00089758,112,14,98
S00089759,172,29,143
S00089760,80,11,69
S00089761,59,7,52
S00089762,119,8,111
S00089763,108,8,100
S00089764,131,17,114
S00089765,141,16,125
S00089766,104,18,86
S00089767,64,3,61
S00089768,62,3,59
S00089769,57,1,56
S00089770,102,5,97
S00089771,94,5,89
S00089772,93,6,87
S00089773,108,11,97
S00089774,82,3,79
S00089775,73,4,69
S00089776,94,6,88
S00089777,91,6,85
S00089778,139,11,128
S00089779,92,23,69
S00089780,70,7,63
S00089781,89,3,86
S00089782,71,6,65
S00089783,79,42,37
S00089784,59,7,52
S00089785,153,24,129
S00089786,102,13,89
S00089787,81,14,67
S00089788,68,8,60
S00089789,115,10,105
S00089790,282,33,249
S00089791,66,17,49
S00089792,73,10,63
S00089793,77,9,68
S00089794,71,8,63
S00089795,152,26,126
S00089796,121,3,118
S00089797,90,5,85
S00089798,97,7,90
S00089799,141,20,121
S00089800,107,5,102
S00089801,83,50,33
S00089802,182,36,146
S00089803,83,14,69
S00089804,124,30,94
S00089805,73,20,53
S00089806,113,12,101
S00089807,81,24,57
S00089808,82,12,70
S00089809,92,22,70
S00089810,66,15,51
S00089811,77,12,65
S00089812,98,21,77
S00089813,168,37,131
S00089814,69,36,33
S00089815,94,21,73
S00089816,124,29,95
S00089817,124,27,97
S00089818,93,11,82
S00089819,174,25,149
S00089820,124,18,106
S00089821,114,22,92
S00089822,105,18,87
S00089823,104,19,85
S00089824,166,40,126
S00089825,147,41,106
S00089826,114,11,103
S00089827,126,24,102
S00089828,73,57,16
S00089829,93,22,71
S00089830,124,23,101
S00089831,114,23,91
S00089832,87,25,62
S00089833,145,22,123
S00089834,92,20,72
S00089835,90,19,71
S00089836,166,39,127
S00089837,154,37,117
S00089838,142,38,104
S00089839,87,20,67
S00089840,85,22,63
S00089841,131,14,117
S00089842,82,16,66
S00089843,141,23,118
S00089844,113,28,85
S00089845,137,26,111
S00089846,86,20,66
S00089847,82,11,71
S00089848,123,11,112
S00089849,134,20,114
S00089850,149,32,117
S00089851,82,20,62
S00089852,97,63,34
S00089853,130,30,100
S00089854,95,64,31
S00089855,132,34,98
S00089856,152,29,123
S00089857,116,26,90
S00089858,87,18,69
S00089859,116,13,103
S00089860,102,12,90
S00089861,85,13,72
S00089862,121,31,90
S00089863,158,31,127
S00089864,170,27,143
S00089865,137,15,122
S00089866,81,20,61
S00089867,116,14,102
S00089868,60,20,40
S00089869,159,15,144
S00089870,127,21,106
S00089871,126,42,84
S00089872,147,32,115
S00089873,180,22,158
S00089874,130,17,113
S00089875,133,45,88
S00089876,109,13,96
S00089877,106,21,85
S00089878,93,35,58
S00089879,131,15,116
S00089880,151,30,121
S00089881,170,35,135
S00089882,113,21,92
S00089883,91,16,75
S00089884,111,13,98
S00089885,120,33,87
S00089886,98,33,65
S00089887,100,17,83
S00089888,75,7,68
S00089889,58,26,32
S00089890,111,7,104
S00089891,236,108,128
S00089892,130,3,127
S00089893,128,37,91
S00089894,148,14,134
S00089895,82,5,77
S00089896,81,16,65
S00089897,109,33,76
S00089898,129,25,104
S00089899,116,21,95
S00089900,101,10,91
S00089901,93,13,80
S00089902,157,28,129
S00089903,136,26,110
S00089904,99,15,84
S00089905,104,19,85
S00089906,93,22,71
S00089907,109,23,86
S00089908,116,31,85
S00089909,57,16,41
S00089910,116,20,96
S00089911,159,43,116
S00089912,112,24,88
S00089913,85,11,74
S00089914,83,21,62
S00089915,96,44,52
S00089916,113,39,74
S00089917,110,15,95
S00089918,98,6,92
S00089919,100,19,81
S00089920,126,21,105
S00089921,94,27,67
S00089922,87,25,62
S00089923,99,19,80
S00089924,85,16,69
S00089925,93,30,63
S00089926,120,19,101
S00089927,98,19,79
S00089928,142,18,124
S00089929,132,16,116
S00089930,81,19,62
S00089931,101,23,78
S00089932,114,31,83
S00089933,86,21,65
S00089934,93,13,80
S00089935,128,18,110
S00089936,69,22,47
S00089937,82,17,65
S00089938,114,25,89
S00089939,136,44,92
S00089940,104,24,80
S00089941,116,16,100
S00089942,65,27,38
S00089943,97,27,70
S00089944,58,45,13
S00089945,170,40,130
S00089946,113,18,95
S00089947,101,21,80
S00089948,145,12,133
S00089949,115,32,83
S00089950,108,26,82
S00089951,97,23,74
S00089952,125,34,91
S00089953,64,31,33
S00089954,132,44,88
S00089955,173,35,138
S00089956,55,39,16
S00089957,107,19,88
S00089958,102,13,89
S00089959,114,44,70
S00089960,86,17,69
S00089961,84,26,58
S00089962,73,27,46
S00089963,91,25,66
S00089964,87,60,27
S00089965,162,34,128
S00089966,165,30,135
S00089967,115,31,84
S00089968,92,24,68
S00089969,97,32,65
S00089970,93,21,72
S00089971,171,32,139
S00089972,110,23,87
S00089973,108,18,90
S00089974,100,28,72
S00089975,121,28,93
S00089976,107,22,85
S00089977,103,18,85
S00089978,131,49,82
S00089979,104,31,73
S00089980,104,34,70
S00089981,56,43,13
S00089982,94,28,66
S00089983,79,18,61
S00089984,104,14,90
S00089985,114,24,90
S00089986,80,22,58
S00089987,88,28,60
S00089988,113,29,84
S00089989,106,24,82
S00089990,91,28,63
S00089991,105,14,91
S00089992,135,26,109
S00089993,107,14,93
S00089994,107,10,97
S00089995,98,13,85
S00089996,58,12,46
S00089997,136,19,117
S00089998,155,29,126
S00089999,110,15,95
S00090000,105,11,94
S00090001,85,13,72
S00090002,161,36,125
S00090003,130,29,101
S00090004,83,25,58
S00090005,56,16,40
S00090006,99,48,51
S00090007,204,34,170
S00090008,79,35,44
S00090009,108,27,81
S00090010,103,16,87
S00090011,115,16,99
S00090012,138,26,112
S00090013,106,26,80
S00090014,136,21,115
S00090015,106,15,91
S00090016,100,22,78
S00090017,128,19,109
S00090018,136,25,111
S00090019,54,11,43
S00090020,53,11,42
S00090021,117,26,91
S00090022,114,21,93
S00090023,73,16,57
S00090024,137,32,105
S00090025,158,36,122
S00090026,69,22,47
S00090027,145,21,124
S00090028,141,9,132
S00090029,117,21,96
S00090030,102,19,83
S00090031,184,36,148
S00090032,122,19,103
S00090033,161,27,134
S00090034,128,22,106
S00090035,93,17,76
S00090036,156,24,132
S00090037,126,31,95
S00090038,105,26,79
S00090039,141,26,115
S00090040,171,36,135
S00090041,69,19,50
S00090042,118,33,85
S00090043,143,19,124
S00090044,155,25,130
S00090045,201,22,179
S00090046,54,25,29
S00090047,102,18,84
S00090048,130,22,108
S00090049,157,31,126
S00090050,110,24,86
S00090051,151,39,112
S00090052,131,20,111
S00090053,121,26,95
S00090054,188,36,152
S00090055,175,77,98
S00090056,99,9,90
S00090057,104,20,84
S00090058,56,34,22
S00090059,149,36,113
S00090060,119,11,108
S00090061,125,13,112
S00090062,84,29,55
S00090063,106,14,92
S00090064,171,26,145
S00090065,62,11,51
S00090066,81,15,66
S00090067,101,17,84
S00090068,108,12,96
S00090069,154,23,131
S00090070,214,52,162
S00090071,117,9,108
S00090072,130,11,119
S00090073,130,16,114
S00090074,121,19,102
S00090075,133,15,118
S00090076,142,15,127
S00090077,114,12,102
S00090078,155,23,132
S00090079,142,18,124
S00090080,100,16,84
S00090081,118,16,102
S00090082,80,15,65
S00090083,111,33,78
S00090084,148,30,118
S00090085,132,11,121
S00090086,140,8,132
S00090087,107,24,83
S00090088,99,17,82
S00090089,109,25,84
S00090090,63,3,60
S00090091,163,22,141
S00090092,69,17,52
S00090093,55,21,34
S00090094,142,18,124
S00090095,142,21,121
S00090096,103,18,85
S00090097,73,9,64
S00090098,89,31,58
S00090099,189,50,139
S00090100,131,12,119
S00090101,131,15,116
S00090102,113,8,105
S00090103,148,25,123
S00090104,125,10,115
S00090105,93,16,77
S00090106,173,25,148
S00090107,156,22,134
S00090108,125,8,117
S00090109,115,11,104
S00090110,138,12,126
S00090111,76,16,60
S00090112,170,19,151
S00090113,107,21,86
S00090114,129,10,119
S00090115,105,15,90
S00090116,150,11,139
S00090117,140,21,119
S00090118,151,18,133
S00090119,216,14,202
S00090120,141,17,124
S00090121,241,26,215
S00090122,117,16,101
S00090123,99,13,86
S00090124,105,54,51
S00090125,75,51,24
S00090126,134,43,91
S00090127,136,32,104
S00090128,107,13,94
S00090129,135,28,107
S00090130,125,29,96
S00090131,140,12,128
S00090132,150,22,128
S00090133,184,13,171
S00090134,143,14,129
S00090135,143,15,128
S00090136,134,10,124
S00090137,119,7,112
S00090138,111,15,96
S00090139,124,10,114
S00090140,106,6,100
S00090141,94,4,90
S00090142,119,27,92
S00090143,84,11,73
S00090144,87,24,63
S00090145,110,24,86
S00090146,84,34,50
S00090147,85,30,55
S00090148,85,23,62
S00090149,162,39,123
S00090150,82,24,58
S00090151,88,27,61
S00090152,93,25,68
S00090153,119,29,90
S00090154,121,26,95
S00090155,109,17,92
S00090156,140,49,91
S00090157,165,33,132
S00090158,104,12,92
S00090159,135,40,95
S00090160,128,28,100
S00090161,112,25,87
S00090162,138,15,123
S00090163,97,21,76
S00090164,133,11,122
S00090165,128,15,113
S00090166,122,12,110
S00090167,91,4,87
S00090168,97,24,73
S00090169,91,31,60
S00090170,113,18,95
S00090171,58,11,47
S00090172,120,34,86
S00090173,131,26,105
S00090174,144,19,125
S00090175,134,18,116
S00090176,70,15,55
S00090177,118,26,92
S00090178,134,27,107
S00090179,155,34,121
S00090180,132,37,95
S00090181,145,27,118
S00090182,127,22,105
S00090183,158,14,144
S00090184,83,12,71
S00090185,83,18,65
S00090186,114,29,85
S00090187,112,14,98
S00090188,105,16,89
S00090189,68,5,63
S00090190,160,51,109
S00090191,132,20,112
S00090192,99,28,71
S00090193,122,21,101
S00090194,98,15,83
S00090195,109,11,98
S00090196,101,16,85
S00090197,98,11,87
S00090198,104,18,86
S00090199,77,11,66
S00090200,104,19,85
S00090201,123,10,113
S00090202,105,15,90
S00090203,109,15,94
S00090204,128,29,99
S00090205,117,19,98
S00090206,93,16,77
S00090207,96,21,75
S00090208,97,15,82
S00090209,99,12,87
S00090210,84,14,70
S00090211,60,4,56
S00090212,64,14,50
S00090213,71,13,58
S00090214,99,22,77
S00090215,144,27,117
S00090216,110,17,93
S00090217,97,12,85
S00090218,112,9,103
S00090219,119,20,99
S00090220,96,15,81
S00090221,143,14,129
S00090222,211,29,182
S00090223,159,45,114
S00090224,146,15,131
S00090225,78,6,72
S00090226,160,14,146
S00090227,217,26,191
S00090228,164,28,136
S00090229,175,25,150
S00090230,93,4,89
S00090231,112,9,103
S00090232,86,18,68
S00090233,87,14,73
S00090234,106,15,91
S00090235,130,16,114
S00090236,100,19,81
S00090237,97,27,70
S00090238,71,7,64
S00090239,120,13,107
S00090240,146,22,124
S00090241,148,23,125
S00090242,129,23,106
S00090243,90,25,65
S00090244,90,9,81
S00090245,168,31,137
S00090246,59,11,48
S00090247,118,5,113
S00090248,53,14,39
S00090249,172,18,154
S00090250,139,16,123
S00090251,143,11,132
S00090252,175,11,164
S00090253,176,17,159
S00090254,126,21,105
S00090255,150,26,124
S00090256,161,28,133
S00090257,143,27,116
S00090258,154,13,141
S00090259,95,13,82
S00090260,131,16,115
S00090261,93,19,74
S00090262,70,22,48
S00090263,151,18,133
S00090264,136,21,115
S00090265,125,32,93
S00090266,108,14,94
S00090267,80,10,70
S00090268,98,14,84
S00090269,139,5,134
S00090270,127,11,116
S00090271,175,15,160
S00090272,100,13,87
S00090273,62,46,16
S00090274,87,9,78
S00090275,55,6,49
S00090276,105,20,85
S00090277,125,27,98
S00090278,135,37,98
S00090279,152,38,114
S00090280,91,24,67
S00090281,128,15,113
S00090282,107,18,89
S00090283,92,35,57
S00090284,92,25,67
S00090285,83,16,67
S00090286,92,19,73
S00090287,110,12,98
S00090288,152,27,125
S00090289,68,4,64
S00090290,82,17,65
S00090291,100,31,69
S00090292,124,40,84
S00090293,110,22,88
S00090294,113,13,100
S00090295,137,18,119
S00090296,104,21,83
S00090297,151,24,127
S00090298,87,18,69
S00090299,124,15,109
S00090300,115,21,94
S00090301,82,18,64
S00090302,101,20,81
S00090303,221,60,161
S00090304,150,22,128
S00090305,196,5,191
S00090306,185,10,175
S00090307,170,6,164
S00090308,127,22,105
S00090309,154,8,146
S00090310,132,13,119
S00090311,178,12,166
S00090312,85,9,76
S00090313,183,18,165
S00090314,253,79,174
S00090315,91,6,85
S00090316,175,32,143
S00090317,184,19,165
S00090318,172,15,157
S00090319,80,9,71
S00090320,68,4,64
S00090321,103,2,101
S00090322,99,5,94
S00090323,92,5,87
S00090324,75,14,61
S00090325,95,19,76
S00090326,84,20,64
S00090327,72,3,69
S00090328,55,11,44
S00090329,73,18,55
S00090330,55,9,46
S00090331,171,21,150
S00090332,108,20,88
S00090333,126,25,101
S00090334,50,11,39
S00090335,70,8,62
S00090336,133,39,94
S00090337,138,24,114
S00090338,59,12,47
S00090339,52,7,45
S00090340,96,17,79
S00090341,69,8,61
S00090342,73,17,56
S00090343,96,21,75
S00090344,59,9,50
S00090345,120,8,112
S00090346,97,26,71
S00090347,157,17,140
S00090348,178,28,150
S00090349,108,19,89
S00090350,107,6,101
S00090351,69,16,53
S00090352,89,21,68
S00090353,64,8,56
S00090354,194,19,175
S00090355,65,19,46
S00090356,94,9,85
S00090357,224,11,213
S00090358,158,16,142
S00090359,119,22,97
S00090360,92,10,82
S00090361,80,13,67
S00090362,138,33,105
S00090363,55,32,23
S00090364,71,19,52
S00090365,112,24,88
S00090366,78,11,67
S00090367,54,8,46
S00090368,52,18,34
S00090369,149,22,127
S00090370,125,9,116
S00090371,117,29,88
S00090372,98,9,89
S00090373,60,10,50
S00090374,120,18,102
S00090375,63,7,56
S00090376,129,10,119
S00090377,96,14,82
S00090378,78,9,69
S00090379,82,22,60
S00090380,117,29,88
S00090381,117,19,98
S00090382,55,5,50
S00090383,88,4,84
S00090384,69,6,63
S00090385,158,29,129
S00090386,77,5,72
S00090387,76,9,67
S00090388,122,18,104
S00090389,130,14,116
S00090390,93,6,87
S00090391,96,12,84
S00090392,98,19,79
S00090393,129,33,96
S00090394,90,8,82
S00090395,107,4,103
S00090396,80,14,66
S00090397,74,8,66
S00090398,60,2,58
S00090399,215,35,180
S00090400,128,20,108
S00090401,100,13,87
S00090402,113,17,96
S00090403,166,6,160
S00090404,190,25,165
S00090405,170,5,165
S00090406,131,7,124
S00090407,212,19,193
S00090408,67,6,61
S00090409,112,18,94
S00090410,112,31,81
S00090411,78,9,69
S00090412,59,5,54
S00090413,93,14,79
S00090414,114,20,94
S00090415,169,46,123
S00090416,115,17,98
S00090417,68,18,50
S00090418,50,8,42
S00090419,95,17,78
S00090420,94,15,79
S00090421,149,12,137
S00090422,75,11,64
S00090423,250,52,198
S00090424,69,8,61
S00090425,108,15,93
S00090426,102,8,94
S00090427,83,8,75
S00090428,240,9,231
S00090429,96,13,83
S00090430,98,17,81
S00090431,118,10,108
S00090432,63,8,55
S00090433,107,7,100
S00090434,113,4,109
S00090435,58,14,44
S00090436,139,14,125
S00090437,109,28,81
S00090438,59,7,52
S00090439,69,6,63
S00090440,135,14,121
S00090441,162,30,132
S00090442,97,35,62
S00090443,61,22,39
S00090444,224,24,200
S00090445,111,10,101
S00090446,75,1,74
S00090447,135,19,116
S00090448,62,11,51
S00090449,76,8,68
S00090450,73,17,56
S00090451,62,3,59
S00090452,73,15,58
S00090453,61,5,56
S00090454,148,4,144
S00090455,80,11,69
S00090456,55,8,47
S00090457,59,5,54
S00090458,117,10,107
S00090459,87,17,70
S00090460,128,39,89
S00090461,69,8,61
S00090462,114,23,91
S00090463,86,9,77
S00090464,74,9,65
S00090465,134,22,112
S00090466,78,13,65
S00090467,102,23,79
S00090468,111,9,102
S00090469,89,12,77
S00090470,74,26,48
S00090471,88,18,70
S00090472,102,17,85
S00090473,89,17,72
S00090474,110,16,94
S00090475,93,18,75
S00090476,94,16,78
S00090477,92,21,71
S00090478,127,20,107
S00090479,115,79,36
S00090480,67,44,23
S00090481,69,12,57
S00090482,64,25,39
S00090483,86,10,76
S00090484,85,3,82
S00090485,75,8,67
S00090486,77,25,52
S00090487,64,18,46
S00090488,115,23,92
S00090489,73,11,62
S00090490,118,31,87
S00090491,58,7,51
S00090492,62,25,37
S00090493,75,25,50
S00090494,78,14,64
S00090495,90,27,63
S00090496,241,21,220
S00090497,93,11,82
S00090498,87,9,78
S00090499,181,15,166
S00090500,113,8,105
S00090501,107,7,100
S00090502,88,9,79
S00090503,67,15,52
S00090504,162,29,133
S00090505,132,16,116
S00090506,100,9,91
S00090507,159,5,154
S00090508,84,4,80
S00090509,156,20,136
S00090510,139,29,110
S00090511,64,2,62
S00090512,70,10,60
S00090513,101,32,69
S00090514,90,15,75
S00090515,100,14,86
S00090516,95,14,81
S00090517,109,36,73
S00090518,93,13,80
S00090519,78,34,44
S00090520,115,43,72
S00090521,63,7,56
S00090522,70,13,57
S00090523,836,43,793
S00090524,112,10,102
S00090525,76,1,75
S00090526,89,16,73
S00090527,125,8,117
S00090528,132,37,95
S00090529,102,20,82
S00090530,86,22,64
S00090531,122,21,101
S00090532,85,17,68
S00090533,52,17,35
S00090534,93,9,84
S00090535,85,18,67
S00090536,76,20,56
S00090537,106,22,84
S00090538,127,6,121
S00090539,129,5,124
S00090540,93,9,84
S00090541,117,4,113
S00090542,74,3,71
S00090543,146,16,130
S00090544,90,5,85
S00090545,75,3,72
S00090546,97,53,44
S00090547,104,32,72
S00090548,86,10,76
S00090549,66,6,60
S00090550,89,2,87
S00090551,95,5,90
S00090552,82,6,76
S00090553,195,8,187
S00090554,96,7,89
S00090555,51,2,49
S00090556,148,38,110
S00090557,73,2,71
S00090558,92,4,88
S00090559,102,7,95
S00090560,107,10,97
S00090561,133,4,129
S00090562,137,4,133
S00090563,84,6,78
S00090564,111,6,105
S00090565,84,4,80
S00090566,68,2,66
S00090567,109,3,106
S00090568,107,12,95
S00090569,100,4,96
S00090570,97,1,96
S00090571,88,18,70
S00090572,120,14,106
S00090573,90,10,80
S00090574,70,5,65
S00090575,173,22,151
S00090576,90,6,84
S00090577,116,1,115
S00090578,60,1,59
S00090579,92,3,89
S00090580,140,2,138
S00090581,85,20,65
S00090582,140,5,135
S00090583,52,2,50
S00090584,84,9,75
S00090585,95,5,90
S00090586,116,9,107
S00090587,72,2,70
S00090588,67,2,65
S00090589,84,14,70
S00090590,131,14,117
S00090591,87,14,73
S00090592,84,25,59
S00090593,77,17,60
S00090594,141,82,59
S00090595,82,12,70
S00090596,184,21,163
S00090597,111,10,101
S00090598,91,21,70
S00090599,130,18,112
S00090600,77,21,56
S00090601,113,27,86
S00090602,80,17,63
S00090603,92,17,75
S00090604,100,26,74
S00090605,94,18,76
S00090606,88,35,53
S00090607,156,19,137
S00090608,62,15,47
S00090609,146,38,108
S00090610,67,21,46
S00090611,105,24,81
S00090612,97,20,77
S00090613,87,15,72
S00090614,119,20,99
S00090615,156,19,137
S00090616,88,6,82
S00090617,55,1,54
S00090618,77,6,71
S00090619,75,3,72
S00090620,120,5,115
S00090621,92,8,84
S00090622,109,9,100
S00090623,62,6,56
S00090624,77,7,70
S00090625,63,7,56
S00090626,117,8,109
S00090627,64,6,58
S00090628,83,6,77
S00090629,111,14,97
S00090630,63,8,55
S00090631,79,5,74
S00090632,114,6,108
S00090633,115,10,105
S00090634,95,5,90
S00090635,125,20,105
S00090636,87,19,68
S00090637,63,12,51
S00090638,122,8,114
S00090639,56,9,47
S00090640,53,7,46
S00090641,129,28,101
S00090642,176,16,160
S00090643,94,55,39
S00090644,109,15,94
S00090645,95,10,85
S00090646,76,21,55
S00090647,82,36,46
S00090648,92,8,84
S00090649,101,18,83
S00090650,140,37,103
S00090651,113,57,56
S00090652,114,23,91
S00090653,92,23,69
S00090654,143,17,126
S00090655,119,20,99
S00090656,85,19,66
S00090657,108,42,66
S00090658,151,44,107
S00090659,91,3,88
S00090660,54,3,51
S00090661,92,12,80
S00090662,64,6,58
S00090663,167,14,153
S00090664,182,22,160
S00090665,125,11,114
S00090666,179,37,142
S00090667,184,10,174
S00090668,192,16,176
S00090669,95,17,78
S00090670,129,36,93
S00090671,106,19,87
S00090672,104,24,80
S00090673,114,8,106
S00090674,95,6,89
S00090675,95,1,94
S00090676,105,6,99
S00090677,93,6,87
S00090678,125,7,118
S00090679,153,17,136
S00090680,56,3,53
S00090681,117,62,55
S00090682,89,11,78
S00090683,91,5,86
S00090684,132,13,119
S00090685,83,13,70
S00090686,52,1,51
S00090687,73,12,61
S00090688,96,2,94
S00090689,172,6,166
S00090690,488,17,471
S00090691,56,23,33
S00090692,136,15,121
S00090693,146,16,130
S00090694,150,8,142
S00090695,178,22,156
S00090696,115,26,89
S00090697,80,19,61
S00090698,96,25,71
S00090699,103,12,91
S00090700,72,13,59
S00090701,2081,76,2005
S00090702,102,20,82
S00090703,68,8,60
S00090704,103,20,83
S00090705,128,19,109
S00090706,61,8,53
S00090707,100,34,66
S00090708,95,13,82
S00090709,135,53,82
S00090710,120,16,104
S00090711,90,7,83
S00090712,150,40,110
S00090713,95,13,82
S00090714,71,6,65
S00090715,75,6,69
S00090716,181,10,171
S00090717,370,19,351
S00090718,99,5,94
S00090719,109,10,99
S00090720,50,13,37
S00090721,127,14,113
S00090722,75,2,73
S00090723,82,9,73
S00090724,65,6,59
S00090725,94,12,82
S00090726,69,6,63
S00090727,52,4,48
S00090728,98,8,90
S00090729,107,29,78
S00090730,116,26,90
S00090731,102,9,93
S00090732,112,23,89
S00090733,76,5,71
S00090734,95,14,81
S00090735,66,8,58
S00090736,75,7,68
S00090737,95,12,83
S00090738,91,10,81
S00090739,109,9,100
S00090740,85,15,70
S00090741,63,8,55
S00090742,116,13,103
S00090743,87,15,72
S00090744,93,12,81
S00090745,90,8,82
S00090746,150,48,102
S00090747,97,10,87
S00090748,100,7,93
S00090749,93,4,89
S00090750,82,3,79
S00090751,156,14,142
S00090752,65,7,58
S00090753,125,14,111
S00090754,135,10,125
S00090755,94,11,83
S00090756,61,2,59
S00090757,108,10,98
S00090758,85,10,75
S00090759,57,1,56
S00090760,128,6,122
S00090761,97,42,55
S00090762,66,5,61
S00090763,62,9,53
S00090764,64,7,57
S00090765,63,7,56
S00090766,84,13,71
S00090767,92,4,88
S00090768,78,12,66
S00090769,123,12,111
S00090770,59,26,33
S00090771,67,55,12
S00090772,97,17,80
S00090773,75,28,47
S00090774,115,24,91
S00090775,89,18,71
S00090776,96,30,66
S00090777,78,26,52
S00090778,84,10,74
S00090779,105,11,94
S00090780,93,64,29
S00090781,118,13,105
S00090782,194,30,164
S00090783,140,16,124
S00090784,128,20,108
S00090785,63,16,47
S00090786,86,26,60
S00090787,115,25,90
S00090788,73,23,50
S00090789,111,21,90
S00090790,89,16,73
S00090791,93,16,77
S00090792,167,34,133
S00090793,117,12,105
S00090794,170,31,139
S00090795,54,20,34
S00090796,74,24,50
S00090797,141,21,120
S00090798,59,16,43
S00090799,100,9,91
S00090800,94,6,88
S00090801,121,6,115
S00090802,173,7,166
S00090803,230,89,141
S00090804,131,20,111
S00090805,105,1,104
S00090806,110,10,100
S00090807,228,109,119
S00090808,134,14,120
S00090809,57,2,55
S00090810,116,17,99
S00090811,147,17,130
S00090812,172,25,147
S00090813,55,7,48
S00090814,91,20,71
S00090815,60,44,16
S00090816,229,18,211
S00090817,95,10,85
S00090818,134,14,120
S00090819,77,12,65
S00090820,176,13,163
S00090821,154,8,146
S00090822,122,17,105
S00090823,153,12,141
S00090824,133,9,124
S00090825,244,12,232
S00090826,90,18,72
S00090827,118,26,92
S00090828,81,6,75
S00090829,210,63,147
S00090830,81,8,73
S00090831,122,27,95
S00090832,53,19,34
S00090833,67,8,59
S00090834,75,7,68
S00090835,107,6,101
S00090836,70,10,60
S00090837,155,11,144
S00090838,101,17,84
S00090839,83,8,75
S00090840,200,12,188
S00090841,128,26,102
S00090842,58,5,53
S00090843,156,6,150
S00090844,174,75,99
S00090845,137,5,132
S00090846,173,13,160
S00090847,122,9,113
S00090848,139,6,133
S00090849,145,11,134
S00090850,114,12,102
S00090851,123,13,110
S00090852,102,8,94
S00090853,109,17,92
S00090854,113,15,98
S00090855,203,21,182
S00090856,127,22,105
S00090857,82,16,66
S00090858,101,8,93
S00090859,129,12,117
S00090860,55,6,49
S00090861,66,4,62
S00090862,147,10,137
S00090863,161,13,148
S00090864,136,5,131
S00090865,144,5,139
S00090866,189,13,176
S00090867,145,15,130
S00090868,83,2,81
S00090869,134,9,125
S00090870,131,9,122
S00090871,119,13,106
S00090872,58,6,52
S00090873,117,10,107
S00090874,78,12,66
S00090875,76,3,73
S00090876,237,17,220
S00090877,83,19,64
S00090878,109,24,85
S00090879,106,15,91
S00090880,89,9,80
S00090881,66,11,55
S00090882,137,23,114
S00090883,181,36,145
S00090884,165,26,139
S00090885,111,19,92
S00090886,234,70,164
S00090887,118,19,99
S00090888,95,22,73
S00090889,134,14,120
S00090890,124,9,115
S00090891,172,38,134
S00090892,74,21,53
S00090893,104,20,84
S00090894,121,25,96
S00090895,91,18,73
S00090896,154,15,139
S00090897,72,9,63
S00090898,88,4,84
S00090899,172,16,156
S00090900,131,16,115
S00090901,81,11,70
S00090902,67,6,61
S00090903,53,4,49
S00090904,214,16,198
S00090905,91,12,79
S00090906,90,19,71
S00090907,65,7,58
S00090908,97,9,88
S00090909,152,13,139
S00090910,147,14,133
S00090911,126,3,123
S00090912,133,6,127
S00090913,86,7,79
S00090914,180,12,168
S00090915,112,4,108
S00090916,195,23,172
S00090917,100,11,89
S00090918,73,4,69
S00090919,114,12,102
S00090920,100,7,93
S00090921,116,7,109
S00090922,114,7,107
S00090923,136,28,108
S00090924,223,13,210
S00090925,166,72,94
S00090926,99,8,91
S00090927,105,8,97
S00090928,136,11,125
S00090929,183,13,170
S00090930,147,11,136
S00090931,204,9,195
S00090932,106,4,102
S00090933,160,5,155
S00090934,175,12,163
S00090935,122,4,118
S00090936,140,18,122
S00090937,165,8,157
S00090938,143,15,128
S00090939,105,8,97
S00090940,76,6,70
S00090941,162,5,157
S00090942,136,7,129
S00090943,127,24,103
S00090944,82,7,75
S00090945,106,17,89
S00090946,156,19,137
S00090947,82,5,77
S00090948,102,6,96
S00090949,124,16,108
S00090950,155,25,130
S00090951,161,33,128
S00090952,134,29,105
S00090953,181,36,145
S00090954,129,27,102
S00090955,136,29,107
S00090956,94,15,79
S00090957,113,19,94
S00090958,161,22,139
S00090959,212,47,165
S00090960,113,19,94
S00090961,83,9,74
S00090962,185,32,153
S00090963,110,13,97
S00090964,100,19,81
S00090965,158,32,126
S00090966,63,6,57
S00090967,81,19,62
S00090968,94,13,81
S00090969,127,37,90
S00090970,135,33,102
S00090971,121,28,93
S00090972,68,20,48
S00090973,85,22,63
S00090974,105,13,92
S00090975,187,38,149
S00090976,105,15,90
S00090977,167,17,150
S00090978,189,31,158
S00090979,172,28,144
S00090980,199,51,148
S00090981,81,5,76
S00090982,144,25,119
S00090983,114,22,92
S00090984,206,18,188
S00090985,120,25,95
S00090986,75,31,44
S00090987,103,22,81
S00090988,198,10,188
S00090989,174,32,142
S00090990,69,18,51
S00090991,183,37,146
S00090992,180,28,152
S00090993,135,29,106
S00090994,168,27,141
S00090995,141,26,115
S00090996,185,23,162
S00090997,199,20,179
S00090998,102,15,87
S00090999,187,13,174
S00091000,193,29,164
S00091001,151,34,117
S00091002,191,17,174
S00091003,175,7,168
S00091004,150,10,140
S00091005,194,11,183
S00091006,143,14,129
S00091007,185,9,176
S00091008,64,10,54
S00091009,115,31,84
S00091010,89,17,72
S00091011,91,18,73
S00091012,83,15,68
S00091013,101,17,84
S00091014,107,21,86
S00091015,132,23,109
S00091016,72,17,55
S00091017,111,12,99
S00091018,74,16,58
S00091019,96,18,78
S00091020,113,6,107
S00091021,117,5,112
S00091022,60,8,52
S00091023,86,15,71
S00091024,171,26,145
S00091025,79,20,59
S00091026,148,45,103
S00091027,144,19,125
S00091028,175,31,144
S00091029,126,22,104
S00091030,107,20,87
S00091031,133,21,112
S00091032,154,35,119
S00091033,107,13,94
S00091034,94,14,80
S00091035,67,8,59
S00091036,121,20,101
S00091037,152,24,128
S00091038,138,18,120
S00091039,190,26,164
S00091040,190,34,156
S00091041,120,18,102
S00091042,97,19,78
S00091043,152,11,141
S00091044,124,10,114
S00091045,206,25,181
S00091046,136,21,115
S00091047,162,15,147
S00091048,92,4,88
S00091049,155,13,142
S00091050,133,19,114
S00091051,63,10,53
S00091052,130,22,108
S00091053,143,26,117
S00091054,176,41,135
S00091055,102,26,76
S00091056,121,19,102
S00091057,186,9,177
S00091058,150,13,137
S00091059,200,35,165
S00091060,70,4,66
S00091061,174,26,148
S00091062,133,16,117
S00091063,126,19,107
S00091064,124,15,109
S00091065,124,15,109
S00091066,103,19,84
S00091067,144,29,115
S00091068,159,19,140
S00091069,109,21,88
S00091070,114,19,95
S00091071,66,13,53
S00091072,86,8,78
S00091073,147,27,120
S00091074,182,33,149
S00091075,69,14,55
S00091076,72,14,58
S00091077,179,26,153
S00091078,81,13,68
S00091079,81,16,65
S00091080,114,34,80
S00091081,197,22,175
S00091082,166,20,146
S00091083,139,14,125
S00091084,60,5,55
S00091085,93,15,78
S00091086,58,15,43
S00091087,116,16,100
S00091088,131,19,112
S00091089,153,13,140
S00091090,158,22,136
S00091091,131,6,125
S00091092,199,36,163
S00091093,132,13,119
S00091094,135,32,103
S00091095,88,12,76
S00091096,157,21,136
S00091097,73,15,58
S00091098,66,12,54
S00091099,90,10,80
S00091100,150,17,133
S00091101,102,21,81
S00091102,83,8,75
S00091103,110,16,94
S00091104,92,9,83
S00091105,143,20,123
S00091106,127,15,112
S00091107,157,19,138
S00091108,164,15,149
S00091109,158,23,135
S00091110,148,24,124
S00091111,122,2,120
S00091112,107,1,106
S00091113,180,23,157
S00091114,139,17,122
S00091115,122,11,111
S00091116,108,19,89
S00091117,128,15,113
S00091118,167,11,156
S00091119,134,20,114
S00091120,149,18,131
S00091121,145,8,137
S00091122,123,3,120
S00091123,168,7,161
S00091124,136,17,119
S00091125,113,13,100
S00091126,265,10,255
S00091127,111,14,97
S00091128,136,10,126
S00091129,102,4,98
S00091130,127,17,110
S00091131,169,21,148
S00091132,137,8,129
S00091133,118,14,104
S00091134,87,16,71
S00091135,116,17,99
S00091136,167,17,150
S00091137,176,19,157
S00091138,79,5,74
S00091139,76,7,69
S00091140,149,12,137
S00091141,71,8,63
S00091142,131,11,120
S00091143,126,21,105
S00091144,138,16,122
S00091145,183,23,160
S00091146,136,14,122
S00091147,116,19,97
S00091148,142,13,129
S00091149,166,19,147
S00091150,121,16,105
S00091151,170,28,142
S00091152,183,7,176
S00091153,113,10,103
S00091154,130,11,119
S00091155,126,36,90
S00091156,98,12,86
S00091157,148,22,126
S00091158,138,17,121
S00091159,87,10,77
S00091160,158,17,141
S00091161,157,14,143
S00091162,163,20,143
S00091163,140,6,134
S00091164,85,14,71
S00091165,181,18,163
S00091166,143,15,128
S00091167,88,14,74
S00091168,132,16,116
S00091169,61,12,49
S00091170,169,35,134
S00091171,117,27,90
S00091172,54,9,45
S00091173,148,13,135
S00091174,106,22,84
S00091175,131,10,121
S00091176,123,7,116
S00091177,101,18,83
S00091178,183,19,164
S00091179,65,8,57
S00091180,68,4,64
S00091181,164,20,144
S00091182,133,17,116
S00091183,89,17,72
S00091184,104,30,74
S00091185,117,20,97
S00091186,132,26,106
S00091187,132,26,106
S00091188,152,26,126
S00091189,118,26,92
S00091190,103,20,83
S00091191,155,15,140
S00091192,156,27,129
S00091193,122,20,102
S00091194,102,21,81
S00091195,111,8,103
S00091196,127,20,107
S00091197,144,10,134
S00091198,177,12,165
S00091199,155,23,132
S00091200,153,37,116
S00091201,118,20,98
S00091202,161,20,141
S00091203,120,20,100
S00091204,131,23,108
S00091205,105,20,85
S00091206,80,13,67
S00091207,123,17,106
S00091208,114,13,101
S00091209,182,30,152
S00091210,154,16,138
S00091211,174,19,155
S00091212,148,12,136
S00091213,174,34,140
S00091214,95,12,83
S00091215,121,7,114
S00091216,136,19,117
S00091217,164,15,149
S00091218,173,12,161
S00091219,100,14,86
S00091220,128,12,116
S00091221,66,5,61
S00091222,140,7,133
S00091223,169,16,153
S00091224,125,15,110
S00091225,93,13,80
S00091226,99,14,85
S00091227,218,19,199
S00091228,194,18,176
S00091229,158,17,141
S00091230,162,22,140
S00091231,171,17,154
S00091232,121,12,109
S00091233,240,19,221
S00091234,178,10,168
S00091235,156,3,153
S00091236,171,1,170
S00091237,226,9,217
S00091238,92,11,81
S00091239,144,11,133
S00091240,130,5,125
S00091241,159,12,147
S00091242,160,5,155
S00091243,102,17,85
S00091244,182,20,162
S00091245,136,10,126
S00091246,96,11,85
S00091247,128,13,115
S00091248,165,9,156
S00091249,197,8,189
S00091250,155,16,139
S00091251,126,25,101
S00091252,166,19,147
S00091253,186,18,168
S00091254,98,19,79
S00091255,166,12,154
S00091256,63,5,58
S00091257,141,14,127
S00091258,149,7,142
S00091259,125,18,107
S00091260,155,7,148
S00091261,154,9,145
S00091262,118,3,115
S00091263,228,6,222
S00091264,141,11,130
S00091265,138,3,135
S00091266,100,6,94
S00091267,213,13,200
S00091268,193,5,188
S00091269,75,8,67
S00091270,72,9,63
S00091271,204,20,184
S00091272,123,14,109
S00091273,119,5,114
S00091274,209,24,185
S00091275,200,17,183
S00091276,139,4,135
S00091277,175,12,163
S00091278,156,2,154
S00091279,135,7,128
S00091280,126,16,110
S00091281,177,12,165
S00091282,161,26,135
S00091283,156,20,136
S00091284,170,14,156
S00091285,181,12,169
S00091286,160,10,150
S00091287,182,18,164
S00091288,153,20,133
S00091289,88,13,75
S00091290,141,36,105
S00091291,181,35,146
S00091292,61,7,54
S00091293,123,14,109
S00091294,136,20,116
S00091295,129,10,119
S00091296,142,18,124
S00091297,217,17,200
S00091298,65,9,56
S00091299,112,13,99
S00091300,160,25,135
S00091301,77,4,73
S00091302,190,22,168
S00091303,106,16,90
S00091304,109,21,88
S00091305,124,19,105
S00091306,134,24,110
S00091307,113,16,97
S00091308,119,12,107
S00091309,95,12,83
S00091310,132,5,127
S00091311,189,13,176
S00091312,178,20,158
S00091313,167,2,165
S00091314,83,6,77
S00091315,76,4,72
S00091316,69,7,62
S00091317,123,12,111
S00091318,96,9,87
S00091319,283,44,239
S00091320,133,12,121
S00091321,126,7,119
S00091322,165,10,155
S00091323,139,11,128
S00091324,163,10,153
S00091325,156,6,150
S00091326,128,12,116
S00091327,162,22,140
S00091328,107,20,87
S00091329,148,22,126
S00091330,130,16,114
S00091331,130,13,117
S00091332,87,9,78
S00091333,79,11,68
S00091334,108,19,89
S00091335,132,26,106
S00091336,133,21,112
S00091337,88,22,66
S00091338,60,9,51
S00091339,67,8,59
S00091340,89,10,79
S00091341,190,21,169
S00091342,116,16,100
S00091343,176,12,164
S00091344,85,9,76
S00091345,163,19,144
S00091346,106,13,93
S00091347,129,17,112
S00091348,136,18,118
S00091349,125,18,107
S00091350,135,12,123
S00091351,169,11,158
S00091352,105,14,91
S00091353,95,14,81
S00091354,104,21,83
S00091355,153,10,143
S00091356,141,12,129
S00091357,92,15,77
S00091358,155,15,140
S00091359,119,12,107
S00091360,76,9,67
S00091361,129,6,123
S00091362,120,18,102
S00091363,91,12,79
S00091364,104,9,95
S00091365,191,13,178
S00091366,166,17,149
S00091367,87,12,75
S00091368,162,16,146
S00091369,200,22,178
S00091370,165,11,154
S00091371,183,26,157
S00091372,115,3,112
S00091373,148,4,144
S00091374,105,11,94
S00091375,107,16,91
S00091376,64,11,53
S00091377,108,11,97
S00091378,118,7,111
S00091379,179,9,170
S00091380,96,17,79
S00091381,161,18,143
S00091382,172,24,148
S00091383,137,19,118
S00091384,107,13,94
S00091385,88,11,77
S00091386,192,22,170
S00091387,138,20,118
S00091388,161,17,144
S00091389,55,8,47
S00091390,143,17,126
S00091391,140,21,119
S00091392,143,17,126
S00091393,218,19,199
S00091394,125,22,103
S00091395,144,13,131
S00091396,86,9,77
S00091397,103,9,94
S00091398,153,9,144
S00091399,95,7,88
S00091400,63,11,52
S00091401,196,11,185
S00091402,77,4,73
S00091403,216,23,193
S00091404,154,13,141
S00091405,92,5,87
S00091406,54,5,49
S00091407,99,11,88
S00091408,129,16,113
S00091409,108,23,85
S00091410,117,11,106
S00091411,101,19,82
S00091412,194,31,163
S00091413,143,20,123
S00091414,163,24,139
S00091415,128,29,99
S00091416,146,20,126
S00091417,80,10,70
S00091418,121,17,104
S00091419,63,9,54
S00091420,84,14,70
S00091421,147,13,134
S00091422,132,17,115
S00091423,118,15,103
S00091424,115,11,104
S00091425,150,13,137
S00091426,70,15,55
S00091427,142,16,126
S00091428,127,21,106
S00091429,223,37,186
S00091430,99,21,78
S00091431,126,24,102
S00091432,146,17,129
S00091433,68,7,61
S00091434,123,20,103
S00091435,170,22,148
S00091436,145,17,128
S00091437,193,35,158
S00091438,182,54,128
S00091439,62,18,44
S00091440,109,12,97
S00091441,90,23,67
S00091442,65,12,53
S00091443,149,30,119
S00091444,93,16,77
S00091445,153,20,133
S00091446,159,25,134
S00091447,148,30,118
S00091448,101,22,79
S00091449,131,34,97
S00091450,151,30,121
S00091451,109,17,92
S00091452,109,15,94
S00091453,168,36,132
S00091454,132,31,101
S00091455,154,30,124
S00091456,134,19,115
S00091457,95,13,82
S00091458,132,18,114
S00091459,82,29,53
S00091460,131,16,115
S00091461,150,10,140
S00091462,123,19,104
S00091463,170,11,159
S00091464,95,14,81
S00091465,114,20,94
S00091466,147,24,123
S00091467,103,13,90
S00091468,117,20,97
S00091469,110,18,92
S00091470,123,16,107
S00091471,136,41,95
S00091472,124,42,82
S00091473,155,21,134
S00091474,122,14,108
S00091475,154,13,141
S00091476,134,14,120
S00091477,115,23,92
S00091478,115,25,90
S00091479,80,15,65
S00091480,151,31,120
S00091481,57,15,42
S00091482,167,36,131
S00091483,121,14,107
S00091484,108,9,99
S00091485,162,7,155
S00091486,163,15,148
S00091487,105,29,76
S00091488,96,14,82
S00091489,119,13,106
S00091490,106,23,83
S00091491,142,15,127
S00091492,150,26,124
S00091493,194,16,178
S00091494,207,31,176
S00091495,181,19,162
S00091496,112,16,96
S00091497,193,44,149
S00091498,105,19,86
S00091499,110,18,92
S00091500,128,29,99
S00091501,117,14,103
S00091502,51,14,37
S00091503,119,19,100
S00091504,136,27,109
S00091505,106,16,90
S00091506,153,24,129
S00091507,60,5,55
S00091508,111,31,80
S00091509,104,16,88
S00091510,139,15,124
S00091511,100,23,77
S00091512,162,36,126
S00091513,120,25,95
S00091514,72,38,34
S00091515,96,14,82
S00091516,115,55,60
S00091517,68,33,35
S00091518,92,10,82
S00091519,58,3,55
S00091520,84,24,60
S00091521,130,18,112
S00091522,80,19,61
S00091523,89,19,70
S00091524,119,15,104
S00091525,108,17,91
S00091526,97,18,79
S00091527,100,12,88
S00091528,76,16,60
S00091529,85,21,64
S00091530,234,19,215
S00091531,117,13,104
S00091532,119,7,112
S00091533,187,35,152
S00091534,153,19,134
S00091535,119,6,113
S00091536,130,17,113
S00091537,140,19,121
S00091538,82,11,71
S00091539,87,16,71
S00091540,78,14,64
S00091541,142,28,114
S00091542,68,13,55
S00091543,140,36,104
S00091544,93,24,69
S00091545,89,13,76
S00091546,65,3,62
S00091547,75,14,61
S00091548,74,6,68
S00091549,168,30,138
S00091550,170,16,154
S00091551,93,17,76
S00091552,87,10,77
S00091553,124,36,88
S00091554,126,24,102
S00091555,132,15,117
S00091556,105,16,89
S00091557,148,15,133
S00091558,122,17,105
S00091559,124,21,103
S00091560,118,19,99
S00091561,92,14,78
S00091562,74,30,44
S00091563,67,8,59
S00091564,92,19,73
S00091565,100,14,86
S00091566,109,11,98
S00091567,113,12,101
S00091568,124,40,84
S00091569,95,15,80
S00091570,132,14,118
S00091571,114,30,84
S00091572,148,22,126
S00091573,133,25,108
S00091574,145,24,121
S00091575,107,14,93
S00091576,141,9,132
S00091577,101,8,93
S00091578,59,12,47
S00091579,106,6,100
S00091580,135,36,99
S00091581,180,20,160
S00091582,162,17,145
S00091583,120,18,102
S00091584,116,19,97
S00091585,76,10,66
S00091586,74,9,65
S00091587,226,12,214
S00091588,161,8,153
S00091589,87,9,78
S00091590,193,38,155
S00091591,222,21,201
S00091592,189,8,181
S00091593,227,32,195
S00091594,128,11,117
S00091595,84,11,73
S00091596,93,11,82
S00091597,67,7,60
S00091598,232,22,210
S00091599,95,20,75
S00091600,116,32,84
S00091601,124,21,103
S00091602,111,21,90
S00091603,62,26,36
S00091604,115,37,78
S00091605,137,12,125
S00091606,76,21,55
S00091607,114,8,106
S00091608,100,23,77
S00091609,96,18,78
S00091610,92,17,75
S00091611,56,18,38
S00091612,133,14,119
S00091613,216,35,181
S00091614,105,18,87
S00091615,162,29,133
S00091616,56,8,48
S00091617,163,25,138
S00091618,86,13,73
S00091619,181,30,151
S00091620,140,27,113
S00091621,181,29,152
S00091622,97,10,87
S00091623,220,17,203
S00091624,147,9,138
S00091625,71,12,59
S00091626,150,31,119
S00091627,158,19,139
S00091628,169,24,145
S00091629,107,15,92
S00091630,174,20,154
S00091631,50,5,45
S00091632,164,14,150
S00091633,180,11,169
S00091634,94,13,81
S00091635,105,11,94
S00091636,114,7,107
S00091637,131,9,122
S00091638,166,13,153
S00091639,125,8,117
S00091640,112,7,105
S00091641,143,21,122
S00091642,98,9,89
S00091643,107,14,93
S00091644,141,18,123
S00091645,117,8,109
S00091646,76,5,71
S00091647,98,12,86
S00091648,150,19,131
S00091649,141,13,128
S00091650,95,11,84
S00091651,148,17,131
S00091652,124,14,110
S00091653,57,2,55
S00091654,138,24,114
S00091655,75,9,66
S00091656,127,22,105
S00091657,94,10,84
S00091658,94,9,85
S00091659,205,17,188
S00091660,200,18,182
S00091661,164,8,156
S00091662,127,17,110
S00091663,162,9,153
S00091664,169,16,153
S00091665,148,14,134
S00091666,128,56,72
S00091667,161,19,142
S00091668,152,23,129
S00091669,156,13,143
S00091670,115,13,102
S00091671,183,24,159
S00091672,125,18,107
S00091673,112,20,92
S00091674,58,38,20
S00091675,120,20,100
S00091676,127,23,104
S00091677,154,31,123
S00091678,175,32,143
S00091679,84,35,49
S00091680,136,46,90
S00091681,91,21,70
S00091682,105,12,93
S00091683,78,22,56
S00091684,183,29,154
S00091685,124,21,103
S00091686,113,24,89
S00091687,132,14,118
S00091688,206,27,179
S00091689,114,22,92
S00091690,118,11,107
S00091691,128,7,121
S00091692,190,22,168
S00091693,191,20,171
S00091694,101,38,63
S00091695,141,5,136
S00091696,164,14,150
S00091697,112,6,106
S00091698,167,10,157
S00091699,147,8,139
S00091700,140,15,125
S00091701,178,53,125
S00091702,109,33,76
S00091703,95,15,80
S00091704,89,9,80
S00091705,146,20,126
S00091706,93,13,80
S00091707,112,15,97
S00091708,108,14,94
S00091709,158,19,139
S00091710,89,27,62
S00091711,79,6,73
S00091712,140,34,106
S00091713,83,21,62
S00091714,95,17,78
S00091715,54,26,28
S00091716,105,13,92
S00091717,73,9,64
S00091718,112,13,99
S00091719,112,14,98
S00091720,134,20,114
S00091721,94,41,53
S00091722,108,29,79
S00091723,180,27,153
S00091724,84,23,61
S00091725,52,32,20
S00091726,190,24,166
S00091727,181,35,146
S00091728,146,41,105
S00091729,74,46,28
S00091730,70,26,44
S00091731,72,6,66
S00091732,79,26,53
S00091733,72,16,56
S00091734,116,24,92
S00091735,86,12,74
S00091736,65,23,42
S00091737,106,25,81
S00091738,138,20,118
S00091739,105,6,99
S00091740,120,20,100
S00091741,154,14,140
S00091742,69,9,60
S00091743,95,7,88
S00091744,74,7,67
S00091745,99,16,83
S00091746,126,21,105
S00091747,126,19,107
S00091748,136,23,113
S00091749,91,14,77
S00091750,102,22,80
S00091751,95,12,83
S00091752,141,10,131
S00091753,137,23,114
S00091754,188,23,165
S00091755,104,8,96
S00091756,88,12,76
S00091757,126,12,114
S00091758,171,31,140
S00091759,109,30,79
S00091760,116,8,108
S00091761,183,12,171
S00091762,165,12,153
S00091763,125,13,112
S00091764,92,11,81
S00091765,118,6,112
S00091766,103,15,88
S00091767,123,23,100
S00091768,150,19,131
S00091769,148,19,129
S00091770,183,23,160
S00091771,130,21,109
S00091772,161,14,147
S00091773,126,24,102
S00091774,97,11,86
S00091775,107,19,88
S00091776,91,14,77
S00091777,95,12,83
S00091778,115,18,97
S00091779,191,53,138
S00091780,126,24,102
S00091781,106,28,78
S00091782,108,22,86
S00091783,112,23,89
S00091784,122,19,103
S00091785,169,20,149
S00091786,93,7,86
S00091787,113,13,100
S00091788,106,6,100
S00091789,127,14,113
S00091790,139,27,112
S00091791,95,25,70
S00091792,87,26,61
S00091793,126,12,114
S00091794,132,14,118
S00091795,134,37,97
S00091796,129,31,98
S00091797,120,21,99
S00091798,130,22,108
S00091799,100,19,81
S00091800,160,27,133
S00091801,108,31,77
S00091802,50,18,32
S00091803,132,52,80
S00091804,127,17,110
S00091805,108,24,84
S00091806,149,24,125
S00091807,217,24,193
S00091808,113,16,97
S00091809,120,32,88
S00091810,176,16,160
S00091811,122,23,99
S00091812,144,25,119
S00091813,120,10,110
S00091814,95,22,73
S00091815,128,23,105
S00091816,115,17,98
S00091817,148,31,117
S00091818,152,36,116
S00091819,108,42,66
S00091820,76,13,63
S00091821,163,28,135
S00091822,73,13,60
S00091823,139,13,126
S00091824,120,54,66
S00091825,116,17,99
S00091826,145,19,126
S00091827,76,17,59
S00091828,130,31,99
S00091829,107,8,99
S00091830,61,6,55
S00091831,143,35,108
S00091832,99,20,79
S00091833,103,40,63
S00091834,116,32,84
S00091835,175,21,154
S00091836,113,22,91
S00091837,124,18,106
S00091838,155,25,130
S00091839,140,33,107
S00091840,148,20,128
S00091841,127,38,89
S00091842,109,13,96
S00091843,95,21,74
S00091844,164,56,108
S00091845,148,29,119
S00091846,117,21,96
S00091847,124,17,107
S00091848,137,26,111
S00091849,63,23,40
S00091850,184,34,150
S00091851,61,9,52
S00091852,126,34,92
S00091853,102,27,75
S00091854,85,9,76
S00091855,92,26,66
S00091856,113,18,95
S00091857,121,19,102
S00091858,116,22,94
S00091859,199,72,127
S00091860,147,22,125
S00091861,103,19,84
S00091862,92,16,76
S00091863,133,16,117
S00091864,183,26,157
S00091865,53,8,45
S00091866,114,21,93
S00091867,93,21,72
S00091868,104,18,86
S00091869,98,17,81
S00091870,172,41,131
S00091871,119,17,102
S00091872,154,31,123
S00091873,157,26,131
S00091874,172,17,155
S00091875,128,20,108
S00091876,95,6,89
S00091877,63,11,52
S00091878,110,14,96
S00091879,162,34,128
S00091880,72,17,55
S00091881,180,27,153
S00091882,66,11,55
S00091883,128,27,101
S00091884,150,20,130
S00091885,173,25,148
S00091886,113,13,100
S00091887,151,31,120
S00091888,174,23,151
S00091889,63,19,44
S00091890,55,9,46
S00091891,175,25,150
S00091892,92,21,71
S00091893,85,27,58
S00091894,89,22,67
S00091895,85,27,58
S00091896,146,50,96
S00091897,157,36,121
S00091898,91,25,66
S00091899,117,27,90
S00091900,146,30,116
S00091901,66,22,44
S00091902,117,30,87
S00091903,84,27,57
S00091904,71,15,56
S00091905,235,60,175
S00091906,153,28,125
S00091907,137,35,102
S00091908,115,32,83
S00091909,91,19,72
S00091910,58,7,51
S00091911,99,36,63
S00091912,107,36,71
S00091913,175,86,89
S00091914,125,21,104
S00091915,142,40,102
S00091916,119,33,86
S00091917,117,29,88
S00091918,83,24,59
S00091919,90,17,73
S00091920,113,17,96
S00091921,129,19,110
S00091922,117,10,107
S00091923,133,11,122
S00091924,122,16,106
S00091925,136,18,118
S00091926,81,29,52
S00091927,207,45,162
S00091928,148,26,122
S00091929,130,23,107
S00091930,97,19,78
S00091931,99,23,76
S00091932,117,33,84
S00091933,87,32,55
S00091934,89,25,64
S00091935,146,30,116
S00091936,112,12,100
S00091937,113,35,78
S00091938,197,32,165
S00091939,125,18,107
S00091940,119,33,86
S00091941,176,63,113
S00091942,91,19,72
S00091943,121,25,96
S00091944,79,19,60
S00091945,91,19,72
S00091946,111,14,97
S00091947,77,15,62
S00091948,103,39,64
S00091949,88,26,62
S00091950,202,23,179
S00091951,59,16,43
S00091952,102,16,86
S00091953,143,17,126
S00091954,131,18,113
S00091955,81,10,71
S00091956,105,10,95
S00091957,116,18,98
S00091958,68,10,58
S00091959,86,11,75
S00091960,89,27,62
S00091961,104,14,90
S00091962,83,13,70
S00091963,71,15,56
S00091964,88,18,70
S00091965,83,18,65
S00091966,78,8,70
S00091967,76,10,66
S00091968,81,5,76
S00091969,51,14,37
S00091970,113,4,109
S00091971,123,13,110
S00091972,119,32,87
S00091973,94,9,85
S00091974,78,6,72
S00091975,127,26,101
S00091976,169,22,147
S00091977,64,5,59
S00091978,299,65,234
S00091979,63,8,55
S00091980,71,14,57
S00091981,128,25,103
S00091982,128,22,106
S00091983,92,22,70
S00091984,128,28,100
S00091985,105,24,81
S00091986,101,11,90
S00091987,99,22,77
S00091988,57,7,50
S00091989,76,20,56
S00091990,101,20,81
S00091991,84,23,61
S00091992,118,17,101
S00091993,148,22,126
S00091994,183,41,142
S00091995,109,18,91
S00091996,166,28,138
S00091997,75,42,33
S00091998,107,27,80
S00091999,173,32,141
S00092000,108,34,74
S00092001,85,14,71
S00092002,90,7,83
S00092003,139,21,118
S00092004,177,17,160
S00092005,191,28,163
S00092006,137,16,121
S00092007,83,29,54
S00092008,142,26,116
S00092009,134,37,97
S00092010,75,11,64
S00092011,77,9,68
S00092012,175,26,149
S00092013,152,21,131
S00092014,100,18,82
S00092015,173,13,160
S00092016,156,17,139
S00092017,140,31,109
S00092018,130,30,100
S00092019,96,25,71
S00092020,134,21,113
S00092021,76,11,65
S00092022,129,22,107
S00092023,67,22,45
S00092024,124,23,101
S00092025,136,16,120
S00092026,132,34,98
S00092027,116,18,98
S00092028,61,21,40
S00092029,86,7,79
S00092030,69,22,47
S00092031,117,25,92
S00092032,148,29,119
S00092033,59,12,47
S00092034,112,31,81
S00092035,87,25,62
S00092036,87,18,69
S00092037,161,30,131
S00092038,188,23,165
S00092039,152,29,123
S00092040,108,22,86
S00092041,103,16,87
S00092042,148,18,130
S00092043,141,36,105
S00092044,116,38,78
S00092045,156,27,129
S00092046,155,27,128
S00092047,113,24,89
S00092048,250,71,179
S00092049,168,37,131
S00092050,165,37,128
S00092051,157,31,126
S00092052,138,30,108
S00092053,99,25,74
S00092054,82,29,53
S00092055,124,48,76
S00092056,107,13,94
S00092057,99,18,81
S00092058,155,30,125
S00092059,136,26,110
S00092060,121,34,87
S00092061,88,22,66
S00092062,162,31,131
S00092063,115,30,85
S00092064,98,13,85
S00092065,71,15,56
S00092066,131,18,113
S00092067,162,34,128
S00092068,118,33,85
S00092069,91,20,71
S00092070,85,21,64
S00092071,117,19,98
S00092072,102,23,79
S00092073,111,18,93
S00092074,100,29,71
S00092075,61,13,48
S00092076,117,22,95
S00092077,141,27,114
S00092078,88,19,69
S00092079,66,49,17
S00092080,92,12,80
S00092081,104,22,82
S00092082,142,25,117
S00092083,63,32,31
S00092084,88,22,66
S00092085,99,17,82
S00092086,91,16,75
S00092087,145,20,125
S00092088,104,15,89
S00092089,99,17,82
S00092090,156,20,136
S00092091,145,30,115
S00092092,115,23,92
S00092093,101,16,85
S00092094,134,25,109
S00092095,87,23,64
S00092096,115,23,92
S00092097,168,37,131
S00092098,128,25,103
S00092099,198,6,192
S00092100,164,26,138
S00092101,108,26,82
S00092102,103,27,76
S00092103,107,16,91
S00092104,111,26,85
S00092105,112,25,87
S00092106,131,19,112
S00092107,107,28,79
S00092108,108,23,85
S00092109,96,23,73
S00092110,125,31,94
S00092111,126,34,92
S00092112,107,18,89
S00092113,84,24,60
S00092114,55,15,40
S00092115,137,35,102
S00092116,184,30,154
S00092117,76,24,52
S00092118,108,24,84
S00092119,110,25,85
S00092120,78,10,68
S00092121,94,25,69
S00092122,74,28,46
S00092123,113,30,83
S00092124,69,23,46
S00092125,112,19,93
S00092126,85,18,67
S00092127,79,14,65
S00092128,91,12,79
S00092129,140,53,87
S00092130,126,25,101
S00092131,151,43,108
S00092132,103,13,90
S00092133,156,38,118
S00092134,108,22,86
S00092135,175,33,142
S00092136,125,17,108
S00092137,83,14,69
S00092138,152,31,121
S00092139,93,18,75
S00092140,155,32,123
S00092141,52,14,38
S00092142,82,13,69
S00092143,96,18,78
S00092144,155,28,127
S00092145,75,19,56
S00092146,109,18,91
S00092147,157,24,133
S00092148,182,29,153
S00092149,118,26,92
S00092150,82,15,67
S00092151,140,23,117
S00092152,74,14,60
S00092153,157,29,128
S00092154,96,17,79
S00092155,90,35,55
S00092156,66,19,47
S00092157,137,31,106
S00092158,138,33,105
S00092159,114,22,92
S00092160,101,24,77
S00092161,152,41,111
S00092162,128,22,106
S00092163,195,48,147
S00092164,77,8,69
S00092165,144,47,97
S00092166,68,13,55
S00092167,91,38,53
S00092168,132,30,102
S00092169,85,15,70
S00092170,132,28,104
S00092171,113,32,81
S00092172,161,37,124
S00092173,193,35,158
S00092174,167,33,134
S00092175,132,28,104
S00092176,129,29,100
S00092177,164,36,128
S00092178,99,7,92
S00092179,148,29,119
S00092180,160,38,122
S00092181,59,38,21
S00092182,122,17,105
S00092183,144,29,115
S00092184,170,26,144
S00092185,145,25,120
S00092186,72,19,53
S00092187,153,25,128
S00092188,51,41,10
S00092189,78,17,61
S00092190,157,62,95
S00092191,160,25,135
S00092192,75,29,46
S00092193,153,22,131
S00092194,190,33,157
S00092195,161,30,131
S00092196,136,27,109
S00092197,163,37,126
S00092198,131,24,107
S00092199,75,16,59
S00092200,65,4,61
S00092201,98,13,85
S00092202,168,35,133
S00092203,153,25,128
S00092204,143,24,119
S00092205,112,28,84
S00092206,120,23,97
S00092207,156,23,133
S00092208,86,0,86
S00092209,184,38,146
S00092210,117,25,92
S00092211,108,28,80
S00092212,93,16,77
S00092213,159,23,136
S00092214,156,28,128
S00092215,115,14,101
S00092216,124,30,94
S00092217,97,24,73
S00092218,134,37,97
S00092219,97,13,84
S00092220,64,13,51
S00092221,110,11,99
S00092222,105,23,82
S00092223,149,9,140
S00092224,71,26,45
S00092225,101,42,59
S00092226,187,10,177
S00092227,153,16,137
S00092228,141,68,73
S00092229,122,9,113
S00092230,109,10,99
S00092231,134,17,117
S00092232,83,10,73
S00092233,132,16,116
S00092234,61,11,50
S00092235,110,14,96
S00092236,109,12,97
S00092237,128,27,101
S00092238,83,2,81
S00092239,212,15,197
S00092240,132,14,118
S00092241,102,16,86
S00092242,128,17,111
S00092243,60,9,51
S00092244,61,4,57
S00092245,109,15,94
S00092246,116,17,99
S00092247,86,9,77
S00092248,94,13,81
S00092249,95,22,73
S00092250,76,4,72
S00092251,66,11,55
S00092252,177,17,160
S00092253,157,12,145
S00092254,79,21,58
S00092255,120,21,99
S00092256,161,13,148
S00092257,60,13,47
S00092258,142,23,119
S00092259,130,18,112
S00092260,102,6,96
S00092261,97,12,85
S00092262,165,17,148
S00092263,97,13,84
S00092264,101,23,78
S00092265,116,22,94
S00092266,161,17,144
S00092267,135,14,121
S00092268,123,19,104
S00092269,78,40,38
S00092270,55,12,43
S00092271,108,21,87
S00092272,107,27,80
S00092273,62,4,58
S00092274,186,24,162
S00092275,99,15,84
S00092276,63,8,55
S00092277,116,16,100
S00092278,111,25,86
S00092279,74,9,65
S00092280,87,15,72
S00092281,75,14,61
S00092282,63,19,44
S00092283,161,44,117
S00092284,102,17,85
S00092285,71,12,59
S00092286,84,15,69
S00092287,57,10,47
S00092288,88,16,72
S00092289,130,31,99
S00092290,74,13,61
S00092291,121,22,99
S00092292,90,13,77
S00092293,70,11,59
S00092294,50,10,40
S00092295,96,43,53
S00092296,81,18,63
S00092297,112,17,95
S00092298,133,18,115
S00092299,70,12,58
S00092300,102,20,82
S00092301,65,5,60
S00092302,110,15,95
S00092303,94,18,76
S00092304,115,17,98
S00092305,123,19,104
S00092306,96,10,86
S00092307,165,30,135
S00092308,56,18,38
S00092309,66,13,53
S00092310,75,7,68
S00092311,135,14,121
S00092312,136,11,125
S00092313,116,20,96
S00092314,102,23,79
S00092315,59,13,46
S00092316,135,17,118
S00092317,154,13,141
S00092318,170,11,159
S00092319,111,16,95
S00092320,56,10,46
S00092321,78,22,56
S00092322,90,18,72
S00092323,180,46,134
S00092324,145,28,117
S00092325,84,10,74
S00092326,112,15,97
S00092327,103,11,92
S00092328,79,8,71
S00092329,185,34,151
S00092330,151,11,140
S00092331,159,20,139
S00092332,183,19,164
S00092333,191,11,180
S00092334,166,9,157
S00092335,188,16,172
S00092336,162,7,155
S00092337,131,12,119
S00092338,140,10,130
S00092339,132,5,127
S00092340,162,1,161
S00092341,220,8,212
S00092342,137,25,112
S00092343,94,39,55
S00092344,243,17,226
S00092345,169,6,163
S00092346,194,3,191
S00092347,217,5,212
S00092348,155,5,150
S00092349,151,9,142
S00092350,128,16,112
S00092351,113,17,96
S00092352,94,8,86
S00092353,201,17,184
S00092354,118,6,112
S00092355,69,6,63
S00092356,164,28,136
S00092357,90,13,77
S00092358,127,12,115
S00092359,78,18,60
S00092360,126,24,102
S00092361,121,6,115
S00092362,158,32,126
S00092363,150,28,122
S00092364,76,9,67
S00092365,127,9,118
S00092366,184,10,174
S00092367,135,14,121
S00092368,117,11,106
S00092369,127,23,104
S00092370,167,21,146
S00092371,123,11,112
S00092372,153,11,142
S00092373,107,18,89
S00092374,121,11,110
S00092375,185,26,159
S00092376,117,9,108
S00092377,75,9,66
S00092378,111,18,93
S00092379,91,12,79
S00092380,58,12,46
S00092381,69,4,65
S00092382,100,6,94
S00092383,182,38,144
S00092384,165,34,131
S00092385,176,7,169
S00092386,149,12,137
S00092387,201,27,174
S00092388,101,8,93
S00092389,235,17,218
S00092390,112,16,96
S00092391,62,17,45
S00092392,173,22,151
S00092393,107,12,95
S00092394,175,16,159
S00092395,130,15,115
S00092396,115,15,100
S00092397,162,14,148
S00092398,191,27,164
S00092399,149,20,129
S00092400,195,23,172
S00092401,160,15,145
S00092402,143,14,129
S00092403,183,9,174
S00092404,76,12,64
S00092405,106,16,90
S00092406,149,4,145
S00092407,213,12,201
S00092408,134,20,114
S00092409,140,17,123
S00092410,170,27,143
S00092411,77,10,67
S00092412,113,11,102
S00092413,128,13,115
S00092414,84,9,75
S00092415,125,15,110
S00092416,104,14,90
S00092417,79,6,73
S00092418,130,14,116
S00092419,76,10,66
S00092420,142,22,120
S00092421,65,7,58
S00092422,111,10,101
S00092423,142,14,128
S00092424,63,5,58
S00092425,158,37,121
S00092426,129,18,111
S00092427,137,16,121
S00092428,81,25,56
S00092429,105,23,82
S00092430,112,22,90
S00092431,133,21,112
S00092432,117,14,103
S00092433,121,19,102
S00092434,217,28,189
S00092435,65,16,49
S00092436,158,33,125
S00092437,179,19,160
S00092438,65,11,54
S00092439,128,23,105
S00092440,72,18,54
S00092441,222,18,204
S00092442,146,20,126
S00092443,108,20,88
S00092444,106,9,97
S00092445,57,4,53
S00092446,112,25,87
S00092447,73,13,60
S00092448,161,22,139
S00092449,91,7,84
S00092450,192,10,182
S00092451,128,30,98
S00092452,116,16,100
S00092453,124,19,105
S00092454,86,10,76
S00092455,123,23,100
S00092456,86,14,72
S00092457,92,6,86
S00092458,180,30,150
S00092459,179,18,161
S00092460,96,15,81
S00092461,65,9,56
S00092462,150,17,133
S00092463,91,20,71
S00092464,135,22,113
S00092465,81,16,65
S00092466,178,19,159
S00092467,165,9,156
S00092468,85,12,73
S00092469,68,13,55
S00092470,159,26,133
S00092471,210,38,172
S00092472,73,24,49
S00092473,95,12,83
S00092474,167,14,153
S00092475,144,34,110
S00092476,90,24,66
S00092477,131,15,116
S00092478,84,5,79
S00092479,156,31,125
S00092480,100,31,69
S00092481,91,19,72
S00092482,89,19,70
S00092483,167,54,113
S00092484,97,26,71
S00092485,131,30,101
S00092486,68,12,56
S00092487,177,34,143
S00092488,76,16,60
S00092489,131,14,117
S00092490,112,34,78
S00092491,127,22,105
S00092492,107,4,103
S00092493,171,25,146
S00092494,144,19,125
S00092495,129,17,112
S00092496,144,21,123
S00092497,101,16,85
S00092498,117,14,103
S00092499,101,14,87
S00092500,119,23,96
S00092501,117,26,91
S00092502,121,16,105
S00092503,142,21,121
S00092504,126,20,106
S00092505,100,19,81
S00092506,149,13,136
S00092507,163,8,155
S00092508,179,18,161
S00092509,110,14,96
S00092510,134,10,124
S00092511,140,10,130
S00092512,210,9,201
S00092513,211,88,123
S00092514,132,21,111
S00092515,51,14,37
S00092516,109,28,81
S00092517,132,18,114
S00092518,132,10,122
S00092519,187,24,163
S00092520,137,15,122
S00092521,137,19,118
S00092522,178,21,157
S00092523,70,5,65
S00092524,199,17,182
S00092525,69,11,58
S00092526,107,6,101
S00092527,110,7,103
S00092528,143,18,125
S00092529,142,15,127
S00092530,109,20,89
S00092531,98,16,82
S00092532,139,15,124
S00092533,112,14,98
S00092534,168,24,144
S00092535,75,10,65
S00092536,96,14,82
S00092537,62,7,55
S00092538,188,18,170
S00092539,83,12,71
S00092540,137,7,130
S00092541,130,19,111
S00092542,114,19,95
S00092543,198,20,178
S00092544,88,14,74
S00092545,110,14,96
S00092546,64,10,54
S00092547,115,14,101
S00092548,65,12,53
S00092549,125,24,101
S00092550,253,8,245
S00092551,211,8,203
S00092552,222,8,214
S00092553,165,11,154
S00092554,189,13,176
S00092555,192,8,184
S00092556,122,7,115
S00092557,181,11,170
S00092558,230,16,214
S00092559,178,13,165
S00092560,145,23,122
S00092561,93,11,82
S00092562,184,20,164
S00092563,164,14,150
S00092564,91,7,84
S00092565,167,12,155
S00092566,106,22,84
S00092567,166,6,160
S00092568,125,15,110
S00092569,201,10,191
S00092570,153,17,136
S00092571,95,10,85
S00092572,81,13,68
S00092573,196,16,180
S00092574,137,25,112
S00092575,163,14,149
S00092576,102,17,85
S00092577,110,24,86
S00092578,124,16,108
S00092579,108,13,95
S00092580,147,25,122
S00092581,140,38,102
S00092582,56,37,19
S00092583,166,93,73
S00092584,71,8,63
S00092585,172,18,154
S00092586,164,20,144
S00092587,129,24,105
S00092588,133,22,111
S00092589,137,26,111
S00092590,96,14,82
S00092591,93,6,87
S00092592,177,31,146
S00092593,113,22,91
S00092594,121,24,97
S00092595,103,12,91
S00092596,252,111,141
S00092597,109,21,88
S00092598,115,22,93
S00092599,129,23,106
S00092600,109,11,98
S00092601,106,7,99
S00092602,131,11,120
S00092603,152,15,137
S00092604,176,24,152
S00092605,106,18,88
S00092606,107,12,95
S00092607,93,19,74
S00092608,106,13,93
S00092609,171,16,155
S00092610,199,15,184
S00092611,130,47,83
S00092612,167,18,149
S00092613,83,16,67
S00092614,93,10,83
S00092615,72,14,58
S00092616,141,22,119
S00092617,95,7,88
S00092618,159,17,142
S00092619,177,13,164
S00092620,156,94,62
S00092621,218,15,203
S00092622,70,23,47
S00092623,95,8,87
S00092624,155,6,149
S00092625,170,14,156
S00092626,80,16,64
S00092627,107,22,85
S00092628,67,5,62
S00092629,205,21,184
S00092630,66,9,57
S00092631,191,20,171
S00092632,111,12,99
S00092633,99,29,70
S00092634,120,39,81
S00092635,159,45,114
S00092636,119,33,86
S00092637,156,8,148
S00092638,146,3,143
S00092639,135,7,128
S00092640,167,6,161
S00092641,138,17,121
S00092642,176,22,154
S00092643,62,3,59
S00092644,104,16,88
S00092645,83,21,62
S00092646,116,15,101
S00092647,199,13,186
S00092648,141,10,131
S00092649,150,18,132
S00092650,206,21,185
S00092651,120,17,103
S00092652,69,3,66
S00092653,130,23,107
S00092654,124,20,104
S00092655,134,24,110
S00092656,112,5,107
S00092657,185,42,143
S00092658,89,10,79
S00092659,182,19,163
S00092660,101,13,88
S00092661,117,15,102
S00092662,78,10,68
S00092663,112,11,101
S00092664,144,24,120
S00092665,71,15,56
S00092666,135,25,110
S00092667,90,17,73
S00092668,99,13,86
S00092669,174,17,157
S00092670,81,11,70
S00092671,120,15,105
S00092672,132,40,92
S00092673,81,21,60
S00092674,146,14,132
S00092675,168,20,148
S00092676,89,12,77
S00092677,98,14,84
S00092678,136,15,121
S00092679,84,15,69
S00092680,194,32,162
S00092681,97,16,81
S00092682,103,29,74
S00092683,138,17,121
S00092684,85,11,74
S00092685,87,19,68
S00092686,128,25,103
S00092687,156,39,117
S00092688,83,9,74
S00092689,250,13,237
S00092690,244,17,227
S00092691,132,10,122
S00092692,57,28,29
S00092693,119,8,111
S00092694,153,46,107
S00092695,59,19,40
S00092696,127,8,119
S00092697,120,15,105
S00092698,147,14,133
S00092699,136,13,123
S00092700,88,14,74
S00092701,118,17,101
S00092702,108,9,99
S00092703,160,17,143
S00092704,158,21,137
S00092705,110,20,90
S00092706,160,30,130
S00092707,63,14,49
S00092708,104,20,84
S00092709,93,14,79
S00092710,133,18,115
S00092711,128,11,117
S00092712,123,16,107
S00092713,118,17,101
S00092714,69,11,58
S00092715,101,12,89
S00092716,132,24,108
S00092717,205,18,187
S00092718,110,25,85
S00092719,86,15,71
S00092720,186,16,170
S00092721,86,9,77
S00092722,82,16,66
S00092723,167,22,145
S00092724,146,46,100
S00092725,57,32,25
S00092726,116,14,102
S00092727,93,19,74
S00092728,109,18,91
S00092729,146,16,130
S00092730,111,26,85
S00092731,175,14,161
S00092732,128,28,100
S00092733,177,8,169
S00092734,154,8,146
S00092735,62,19,43
S00092736,57,8,49
S00092737,104,23,81
S00092738,131,20,111
S00092739,80,9,71
S00092740,60,8,52
S00092741,98,21,77
S00092742,109,22,87
S00092743,82,19,63
S00092744,126,13,113
S00092745,173,18,155
S00092746,63,8,55
S00092747,117,13,104
S00092748,138,29,109
S00092749,124,22,102
S00092750,103,29,74
S00092751,132,5,127
S00092752,155,19,136
S00092753,133,8,125
S00092754,90,5,85
S00092755,75,1,74
S00092756,170,21,149
S00092757,178,16,162
S00092758,70,30,40
S00092759,95,24,71
S00092760,151,16,135
S00092761,64,15,49
S00092762,84,16,68
S00092763,145,7,138
S00092764,119,8,111
S00092765,219,25,194
S00092766,94,10,84
S00092767,159,9,150
S00092768,169,14,155
S00092769,163,25,138
S00092770,71,13,58
S00092771,168,14,154
S00092772,121,23,98
S00092773,81,7,74
S00092774,115,14,101
S00092775,92,21,71
S00092776,138,37,101
S00092777,109,16,93
S00092778,141,20,121
S00092779,189,13,176
S00092780,108,12,96
S00092781,153,25,128
S00092782,114,18,96
S00092783,119,7,112
S00092784,140,17,123
S00092785,168,19,149
S00092786,111,22,89
S00092787,127,21,106
S00092788,161,22,139
S00092789,161,13,148
S00092790,191,28,163
S00092791,82,11,71
S00092792,124,13,111
S00092793,128,21,107
S00092794,99,13,86
S00092795,69,14,55
S00092796,93,17,76
S00092797,136,14,122
S00092798,91,24,67
S00092799,118,19,99
S00092800,140,35,105
S00092801,58,8,50
S00092802,95,35,60
S00092803,57,5,52
S00092804,227,88,139
S00092805,87,8,79
S00092806,116,12,104
S00092807,155,22,133
S00092808,121,27,94
S00092809,105,11,94
S00092810,170,16,154
S00092811,81,28,53
S00092812,131,23,108
S00092813,142,8,134
S00092814,166,27,139
S00092815,155,20,135
S00092816,188,12,176
S00092817,84,16,68
S00092818,132,12,120
S00092819,85,25,60
S00092820,121,22,99
S00092821,72,18,54
S00092822,66,14,52
S00092823,198,36,162
S00092824,147,15,132
S00092825,84,14,70
S00092826,85,17,68
S00092827,57,28,29
S00092828,83,22,61
S00092829,105,19,86
S00092830,183,31,152
S00092831,96,30,66
S00092832,106,22,84
S00092833,73,13,60
S00092834,82,8,74
S00092835,119,12,107
S00092836,81,16,65
S00092837,135,30,105
S00092838,128,14,114
S00092839,67,16,51
S00092840,85,41,44
S00092841,126,27,99
S00092842,96,12,84
S00092843,86,31,55
S00092844,120,24,96
S00092845,90,10,80
S00092846,102,27,75
S00092847,76,27,49
S00092848,89,52,37
S00092849,126,27,99
S00092850,71,3,68
S00092851,162,16,146
S00092852,166,21,145
S00092853,126,25,101
S00092854,63,13,50
S00092855,93,19,74
S00092856,89,31,58
S00092857,112,21,91
S00092858,155,26,129
S00092859,56,20,36
S00092860,82,20,62
S00092861,105,18,87
S00092862,76,14,62
S00092863,85,18,67
S00092864,140,12,128
S00092865,135,10,125
S00092866,52,5,47
S00092867,108,20,88
S00092868,127,17,110
S00092869,92,24,68
S00092870,58,32,26
S00092871,122,38,84
S00092872,77,11,66
S00092873,121,53,68
S00092874,126,26,100
S00092875,191,29,162
S00092876,84,28,56
S00092877,159,26,133
S00092878,118,20,98
S00092879,99,16,83
S00092880,120,33,87
S00092881,122,33,89
S00092882,107,24,83
S00092883,118,33,85
S00092884,52,14,38
S00092885,155,29,126
S00092886,101,28,73
S00092887,141,33,108
S00092888,60,13,47
S00092889,94,11,83
S00092890,70,21,49
S00092891,144,22,122
S00092892,149,30,119
S00092893,116,31,85
S00092894,119,23,96
S00092895,104,17,87
S00092896,137,56,81
S00092897,87,18,69
S00092898,114,16,98
S00092899,53,10,43
S00092900,108,22,86
S00092901,246,36,210
S00092902,114,13,101
S00092903,210,17,193
S00092904,192,64,128
S00092905,165,25,140
S00092906,109,37,72
S00092907,172,29,143
S00092908,70,22,48
S00092909,93,26,67
S00092910,132,28,104
S00092911,124,17,107
S00092912,145,18,127
S00092913,89,24,65
S00092914,95,15,80
S00092915,155,20,135
S00092916,164,28,136
S00092917,144,26,118
S00092918,121,18,103
S00092919,135,31,104
S00092920,106,5,101
S00092921,181,23,158
S00092922,82,26,56
S00092923,101,21,80
S00092924,115,19,96
S00092925,149,30,119
S00092926,62,17,45
S00092927,140,14,126
S00092928,127,15,112
S00092929,58,10,48
S00092930,139,21,118
S00092931,146,37,109
S00092932,145,27,118
S00092933,146,27,119
S00092934,143,20,123
S00092935,111,32,79
S00092936,79,16,63
S00092937,107,36,71
S00092938,115,21,94
S00092939,165,38,127
S00092940,123,17,106
S00092941,160,23,137
S00092942,141,16,125
S00092943,69,14,55
S00092944,119,20,99
S00092945,116,24,92
S00092946,105,22,83
S00092947,173,71,102
S00092948,202,9,193
S00092949,82,5,77
S00092950,107,11,96
S00092951,152,19,133
S00092952,159,15,144
S00092953,70,24,46
S00092954,103,21,82
S00092955,111,13,98
S00092956,138,23,115
S00092957,103,7,96
S00092958,154,16,138
S00092959,84,10,74
S00092960,151,24,127
S00092961,102,14,88
S00092962,127,8,119
S00092963,132,17,115
S00092964,99,10,89
S00092965,191,19,172
S00092966,133,11,122
S00092967,99,16,83
S00092968,128,18,110
S00092969,91,17,74
S00092970,65,9,56
S00092971,188,39,149
S00092972,143,31,112
S00092973,143,29,114
S00092974,87,24,63
S00092975,134,13,121
S00092976,129,24,105
S00092977,109,13,96
S00092978,110,21,89
S00092979,73,12,61
S00092980,140,33,107
S00092981,64,12,52
S00092982,105,14,91
S00092983,182,30,152
S00092984,163,26,137
S00092985,148,28,120
S00092986,180,14,166
S00092987,140,4,136
S00092988,165,7,158
S00092989,192,26,166
S00092990,186,19,167
S00092991,191,25,166
S00092992,154,20,134
S00092993,106,13,93
S00092994,151,18,133
S00092995,84,15,69
S00092996,97,20,77
S00092997,93,26,67
S00092998,143,20,123
S00092999,159,29,130
S00093000,95,24,71
S00093001,139,36,103
S00093002,176,44,132
S00093003,93,11,82
S00093004,201,45,156
S00093005,170,21,149
S00093006,160,8,152
S00093007,160,19,141
S00093008,132,15,117
S00093009,55,9,46
S00093010,96,23,73
S00093011,96,24,72
S00093012,112,18,94
S00093013,138,22,116
S00093014,82,21,61
S00093015,65,12,53
S00093016,118,21,97
S00093017,129,13,116
S00093018,113,11,102
S00093019,159,20,139
S00093020,78,13,65
S00093021,95,17,78
S00093022,96,24,72
S00093023,107,19,88
S00093024,61,18,43
S00093025,109,20,89
S00093026,118,23,95
S00093027,118,16,102
S00093028,120,15,105
S00093029,171,29,142
S00093030,118,18,100
S00093031,84,17,67
S00093032,151,20,131
S00093033,224,21,203
S00093034,103,13,90
S00093035,106,15,91
S00093036,105,22,83
S00093037,91,17,74
S00093038,63,6,57
S00093039,163,35,128
S00093040,139,17,122
S00093041,61,15,46
S00093042,176,34,142
S00093043,125,28,97
S00093044,68,15,53
S00093045,172,32,140
S00093046,159,23,136
S00093047,128,25,103
S00093048,80,16,64
S00093049,80,14,66
S00093050,71,3,68
S00093051,79,8,71
S00093052,90,7,83
S00093053,115,16,99
S00093054,78,15,63
S00093055,106,12,94
S00093056,66,8,58
S00093057,91,10,81
S00093058,137,19,118
S00093059,147,20,127
S00093060,122,21,101
S00093061,99,17,82
S00093062,127,20,107
S00093063,126,13,113
S00093064,147,18,129
S00093065,189,25,164
S00093066,125,26,99
S00093067,67,6,61
S00093068,127,19,108
S00093069,80,7,73
S00093070,131,23,108
S00093071,121,15,106
S00093072,109,13,96
S00093073,123,20,103
S00093074,116,16,100
S00093075,99,15,84
S00093076,145,22,123
S00093077,151,22,129
S00093078,87,15,72
S00093079,61,15,46
S00093080,182,16,166
S00093081,145,20,125
S00093082,176,10,166
S00093083,199,22,177
S00093084,98,12,86
S00093085,118,13,105
S00093086,55,9,46
S00093087,119,19,100
S00093088,176,43,133
S00093089,122,26,96
S00093090,91,26,65
S00093091,115,23,92
S00093092,156,19,137
S00093093,114,14,100
S00093094,92,32,60
S00093095,155,25,130
S00093096,57,6,51
S00093097,60,13,47
S00093098,79,21,58
S00093099,144,16,128
S00093100,157,7,150
S00093101,183,15,168
S00093102,193,26,167
S00093103,142,29,113
S00093104,114,16,98
S00093105,198,30,168
S00093106,117,6,111
S00093107,125,19,106
S00093108,92,24,68
S00093109,121,26,95
S00093110,115,15,100
S00093111,104,23,81
S00093112,88,7,81
S00093113,100,7,93
S00093114,172,13,159
S00093115,91,17,74
S00093116,207,15,192
S00093117,184,3,181
S00093118,135,44,91
S00093119,132,20,112
S00093120,110,14,96
S00093121,117,21,96
S00093122,81,32,49
S00093123,116,24,92
S00093124,88,30,58
S00093125,100,17,83
S00093126,108,32,76
S00093127,99,18,81
S00093128,121,27,94
S00093129,185,14,171
S00093130,122,28,94
S00093131,115,23,92
S00093132,84,16,68
S00093133,116,19,97
S00093134,138,29,109
S00093135,146,35,111
S00093136,88,17,71
S00093137,92,19,73
S00093138,111,29,82
S00093139,109,24,85
S00093140,138,17,121
S00093141,107,16,91
S00093142,162,27,135
S00093143,118,15,103
S00093144,111,12,99
S00093145,169,49,120
S00093146,186,15,171
S00093147,108,15,93
S00093148,68,29,39
S00093149,109,26,83
S00093150,80,15,65
S00093151,110,37,73
S00093152,61,37,24
S00093153,149,12,137
S00093154,111,23,88
S00093155,101,18,83
S00093156,177,24,153
S00093157,117,27,90
S00093158,124,36,88
S00093159,80,42,38
S00093160,97,16,81
S00093161,137,17,120
S00093162,161,21,140
S00093163,103,41,62
S00093164,144,25,119
S00093165,104,17,87
S00093166,142,29,113
S00093167,119,31,88
S00093168,80,23,57
S00093169,80,21,59
S00093170,75,16,59
S00093171,76,41,35
S00093172,136,18,118
S00093173,106,26,80
S00093174,169,16,153
S00093175,82,8,74
S00093176,102,22,80
S00093177,88,24,64
S00093178,155,21,134
S00093179,125,33,92
S00093180,167,70,97
S00093181,146,20,126
S00093182,195,15,180
S00093183,110,18,92
S00093184,169,30,139
S00093185,99,16,83
S00093186,154,22,132
S00093187,161,22,139
S00093188,111,19,92
S00093189,106,17,89
S00093190,161,19,142
S00093191,91,19,72
S00093192,123,15,108
S00093193,141,33,108
S00093194,137,28,109
S00093195,96,17,79
S00093196,133,38,95
S00093197,76,15,61
S00093198,141,30,111
S00093199,147,40,107
S00093200,57,11,46
S00093201,117,23,94
S00093202,122,11,111
S00093203,85,20,65
S00093204,121,12,109
S00093205,95,17,78
S00093206,94,18,76
S00093207,93,27,66
S00093208,109,19,90
S00093209,114,8,106
S00093210,166,8,158
S00093211,104,20,84
S00093212,86,13,73
S00093213,88,17,71
S00093214,107,11,96
S00093215,97,12,85
S00093216,79,18,61
S00093217,68,11,57
S00093218,117,24,93
S00093219,98,24,74
S00093220,88,31,57
S00093221,69,17,52
S00093222,97,31,66
S00093223,112,22,90
S00093224,124,26,98
S00093225,103,13,90
S00093226,148,23,125
S00093227,84,21,63
S00093228,104,19,85
S00093229,170,26,144
S00093230,144,26,118
S00093231,88,24,64
S00093232,85,12,73
S00093233,116,18,98
S00093234,101,22,79
S00093235,109,11,98
S00093236,151,21,130
S00093237,145,32,113
S00093238,95,23,72
S00093239,135,24,111
S00093240,85,15,70
S00093241,78,28,50
S00093242,93,21,72
S00093243,104,21,83
S00093244,116,16,100
S00093245,101,20,81
S00093246,121,23,98
S00093247,128,15,113
S00093248,82,17,65
S00093249,120,19,101
S00093250,113,28,85
S00093251,176,19,157
S00093252,114,34,80
S00093253,99,15,84
S00093254,108,61,47
S00093255,109,21,88
S00093256,113,23,90
S00093257,106,23,83
S00093258,95,12,83
S00093259,105,36,69
S00093260,89,38,51
S00093261,57,7,50
S00093262,117,14,103
S00093263,67,18,49
S00093264,81,30,51
S00093265,136,17,119
S00093266,97,13,84
S00093267,77,12,65
S00093268,93,18,75
S00093269,74,16,58
S00093270,104,24,80
S00093271,53,15,38
S00093272,97,16,81
S00093273,104,27,77
S00093274,104,30,74
S00093275,79,21,58
S00093276,125,12,113
S00093277,68,25,43
S00093278,54,26,28
S00093279,118,29,89
S00093280,64,38,26
S00093281,110,23,87
S00093282,100,31,69
S00093283,100,39,61
S00093284,89,16,73
S00093285,104,15,89
S00093286,94,10,84
S00093287,94,26,68
S00093288,77,6,71
S00093289,89,20,69
S00093290,127,18,109
S00093291,99,20,79
S00093292,108,17,91
S00093293,107,22,85
S00093294,93,17,76
S00093295,154,22,132
S00093296,99,24,75
S00093297,130,25,105
S00093298,166,49,117
S00093299,148,24,124
S00093300,126,16,110
S00093301,106,18,88
S00093302,143,32,111
S00093303,183,25,158
S00093304,72,8,64
S00093305,97,13,84
S00093306,142,30,112
S00093307,126,47,79
S00093308,119,19,100
S00093309,97,13,84
S00093310,151,18,133
S00093311,124,22,102
S00093312,105,18,87
S00093313,107,29,78
S00093314,128,13,115
S00093315,120,22,98
S00093316,109,19,90
S00093317,98,18,80
S00093318,86,24,62
S00093319,85,30,55
S00093320,123,22,101
S00093321,95,16,79
S00093322,121,18,103
S00093323,131,26,105
S00093324,109,25,84
S00093325,94,26,68
S00093326,115,22,93
S00093327,106,24,82
S00093328,132,31,101
S00093329,125,22,103
S00093330,111,17,94
S00093331,93,15,78
S00093332,156,36,120
S00093333,125,20,105
S00093334,221,41,180
S00093335,164,28,136
S00093336,121,26,95
S00093337,98,20,78
S00093338,77,25,52
S00093339,152,29,123
S00093340,80,23,57
S00093341,59,15,44
S00093342,157,33,124
S00093343,65,21,44
S00093344,158,26,132
S00093345,104,14,90
S00093346,94,21,73
S00093347,58,19,39
S00093348,73,19,54
S00093349,158,48,110
S00093350,121,45,76
S00093351,100,38,62
S00093352,84,11,73
S00093353,121,26,95
S00093354,89,29,60
S00093355,134,28,106
S00093356,83,16,67
S00093357,109,19,90
S00093358,103,11,92
S00093359,89,15,74
S00093360,93,22,71
S00093361,103,28,75
S00093362,138,30,108
S00093363,92,18,74
S00093364,65,16,49
S00093365,100,26,74
S00093366,150,35,115
S00093367,57,12,45
S00093368,107,12,95
S00093369,63,20,43
S00093370,118,32,86
S00093371,90,18,72
S00093372,112,19,93
S00093373,53,12,41
S00093374,200,14,186
S00093375,142,25,117
S00093376,215,31,184
S00093377,184,33,151
S00093378,85,19,66
S00093379,70,11,59
S00093380,101,18,83
S00093381,110,36,74
S00093382,104,18,86
S00093383,77,11,66
S00093384,117,21,96
S00093385,118,38,80
S00093386,104,15,89
S00093387,78,10,68
S00093388,135,29,106
S00093389,84,20,64
S00093390,88,13,75
S00093391,157,31,126
S00093392,153,62,91
S00093393,111,29,82
S00093394,108,25,83
S00093395,133,22,111
S00093396,96,20,76
S00093397,157,29,128
S00093398,109,24,85
S00093399,110,23,87
S00093400,87,20,67
S00093401,61,14,47
S00093402,119,27,92
S00093403,177,48,129
S00093404,136,27,109
S00093405,149,22,127
S00093406,127,22,105
S00093407,87,22,65
S00093408,57,10,47
S00093409,124,19,105
S00093410,185,36,149
S00093411,79,12,67
S00093412,95,29,66
S00093413,90,21,69
S00093414,83,17,66
S00093415,129,24,105
S00093416,121,17,104
S00093417,70,10,60
S00093418,53,12,41
S00093419,108,19,89
S00093420,221,25,196
S00093421,151,20,131
S00093422,121,12,109
S00093423,109,22,87
S00093424,118,26,92
S00093425,100,45,55
S00093426,137,38,99
S00093427,149,43,106
S00093428,124,25,99
S00093429,114,17,97
S00093430,154,25,129
S00093431,159,29,130
S00093432,70,8,62
S00093433,145,28,117
S00093434,110,24,86
S00093435,100,14,86
S00093436,120,23,97
S00093437,53,8,45
S00093438,99,20,79
S00093439,129,30,99
S00093440,124,30,94
S00093441,77,16,61
S00093442,100,22,78
S00093443,134,29,105
S00093444,85,15,70
S00093445,146,20,126
S00093446,71,7,64
S00093447,106,17,89
S00093448,65,9,56
S00093449,184,29,155
S00093450,69,18,51
S00093451,162,41,121
S00093452,178,55,123
S00093453,138,33,105
S00093454,138,26,112
S00093455,165,75,90
S00093456,107,43,64
S00093457,63,16,47
S00093458,158,40,118
S00093459,154,26,128
S00093460,150,31,119
S00093461,126,25,101
S00093462,104,23,81
S00093463,113,37,76
S00093464,65,12,53
S00093465,97,20,77
S00093466,154,32,122
S00093467,120,17,103
S00093468,81,15,66
S00093469,125,24,101
S00093470,104,26,78
S00093471,198,30,168
S00093472,75,17,58
S00093473,95,17,78
S00093474,190,36,154
S00093475,139,35,104
S00093476,105,16,89
S00093477,94,11,83
S00093478,67,14,53
S00093479,57,9,48
S00093480,74,9,65
S00093481,123,43,80
S00093482,67,26,41
S00093483,138,24,114
S00093484,105,12,93
S00093485,104,16,88
S00093486,95,8,87
S00093487,75,6,69
S00093488,98,37,61
S00093489,136,29,107
S00093490,117,22,95
S00093491,132,30,102
S00093492,129,21,108
S00093493,128,42,86
S00093494,119,58,61
S00093495,115,27,88
S00093496,80,22,58
S00093497,105,45,60
S00093498,121,18,103
S00093499,158,46,112
S00093500,164,27,137
S00093501,91,26,65
S00093502,110,20,90
S00093503,168,32,136
S00093504,114,21,93
S00093505,121,20,101
S00093506,93,16,77
S00093507,138,25,113
S00093508,110,17,93
S00093509,202,72,130
S00093510,86,20,66
S00093511,94,14,80
S00093512,87,9,78
S00093513,91,20,71
S00093514,54,18,36
S00093515,110,9,101
S00093516,77,15,62
S00093517,84,16,68
S00093518,94,10,84
S00093519,55,12,43
S00093520,137,33,104
S00093521,113,17,96
S00093522,89,18,71
S00093523,119,10,109
S00093524,114,28,86
S00093525,100,13,87
S00093526,118,27,91
S00093527,137,30,107
S00093528,101,33,68
S00093529,156,22,134
S00093530,113,28,85
S00093531,108,27,81
S00093532,96,30,66
S00093533,147,25,122
S00093534,107,17,90
S00093535,80,19,61
S00093536,87,18,69
S00093537,89,13,76
S00093538,177,66,111
S00093539,66,14,52
S00093540,115,22,93
S00093541,124,16,108
S00093542,60,30,30
S00093543,106,25,81
S00093544,103,20,83
S00093545,147,26,121
S00093546,102,11,91
S00093547,160,19,141
S00093548,124,32,92
S00093549,120,16,104
S00093550,113,18,95
S00093551,107,13,94
S00093552,172,32,140
S00093553,136,25,111
S00093554,137,27,110
S00093555,65,14,51
S00093556,106,18,88
S00093557,83,7,76
S00093558,112,44,68
S00093559,99,26,73
S00093560,136,26,110
S00093561,85,13,72
S00093562,161,26,135
S00093563,159,27,132
S00093564,121,28,93
S00093565,110,17,93
S00093566,86,27,59
S00093567,167,24,143
S00093568,99,26,73
S00093569,122,27,95
S00093570,105,12,93
S00093571,98,20,78
S00093572,143,16,127
S00093573,82,33,49
S00093574,94,16,78
S00093575,121,26,95
S00093576,81,11,70
S00093577,99,16,83
S00093578,72,8,64
S00093579,81,13,68
S00093580,135,20,115
S00093581,88,10,78
S00093582,126,17,109
S00093583,86,13,73
S00093584,59,5,54
S00093585,75,11,64
S00093586,108,19,89
S00093587,122,15,107
S00093588,94,22,72
S00093589,74,11,63
S00093590,108,16,92
S00093591,133,36,97
S00093592,104,16,88
S00093593,74,42,32
S00093594,148,18,130
S00093595,147,18,129
S00093596,118,26,92
S00093597,125,21,104
S00093598,139,17,122
S00093599,104,54,50
S00093600,65,8,57
S00093601,80,10,70
S00093602,100,21,79
S00093603,68,10,58
S00093604,85,28,57
S00093605,98,16,82
S00093606,63,13,50
S00093607,113,11,102
S00093608,189,66,123
S00093609,78,15,63
S00093610,106,19,87
S00093611,148,26,122
S00093612,111,24,87
S00093613,123,16,107
S00093614,108,15,93
S00093615,109,32,77
S00093616,106,27,79
S00093617,84,16,68
S00093618,102,15,87
S00093619,95,17,78
S00093620,104,23,81
S00093621,129,23,106
S00093622,72,23,49
S00093623,86,34,52
S00093624,67,26,41
S00093625,84,28,56
S00093626,110,30,80
S00093627,83,23,60
S00093628,73,16,57
S00093629,94,18,76
S00093630,143,22,121
S00093631,85,15,70
S00093632,157,49,108
S00093633,164,31,133
S00093634,144,24,120
S00093635,101,17,84
S00093636,128,18,110
S00093637,87,26,61
S00093638,129,19,110
S00093639,115,16,99
S00093640,108,16,92
S00093641,95,19,76
S00093642,104,25,79
S00093643,90,16,74
S00093644,116,12,104
S00093645,153,15,138
S00093646,66,17,49
S00093647,123,40,83
S00093648,133,12,121
S00093649,158,37,121
S00093650,133,24,109
S00093651,156,20,136
S00093652,113,18,95
S00093653,96,11,85
S00093654,126,42,84
S00093655,127,24,103
S00093656,97,29,68
S00093657,170,13,157
S00093658,72,29,43
S00093659,68,18,50
S00093660,86,16,70
S00093661,114,23,91
S00093662,91,11,80
S00093663,200,36,164
S00093664,89,20,69
S00093665,122,16,106
S00093666,106,17,89
S00093667,61,16,45
S00093668,68,19,49
S00093669,84,18,66
S00093670,135,19,116
S00093671,126,19,107
S00093672,116,26,90
S00093673,153,20,133
S00093674,93,11,82
S00093675,99,16,83
S00093676,112,22,90
S00093677,119,22,97
S00093678,134,34,100
S00093679,68,38,30
S00093680,128,23,105
S00093681,139,50,89
S00093682,122,53,69
S00093683,105,14,91
S00093684,127,17,110
S00093685,124,23,101
S00093686,88,13,75
S00093687,105,18,87
S00093688,60,26,34
S00093689,98,12,86
S00093690,139,22,117
S00093691,205,32,173
S00093692,137,33,104
S00093693,92,19,73
S00093694,130,21,109
S00093695,87,21,66
S00093696,147,22,125
S00093697,107,22,85
S00093698,117,40,77
S00093699,108,25,83
S00093700,126,20,106
S00093701,73,13,60
S00093702,76,19,57
S00093703,91,19,72
S00093704,67,10,57
S00093705,183,41,142
S00093706,101,29,72
S00093707,56,14,42
S00093708,95,30,65
S00093709,67,19,48
S00093710,158,14,144
S00093711,100,19,81
S00093712,75,27,48
S00093713,111,16,95
S00093714,174,16,158
S00093715,146,27,119
S00093716,129,17,112
S00093717,93,15,78
S00093718,115,36,79
S00093719,50,7,43
S00093720,82,21,61
S00093721,114,21,93
S00093722,143,25,118
S00093723,95,17,78
S00093724,88,8,80
S00093725,125,31,94
S00093726,103,39,64
S00093727,109,37,72
S00093728,172,61,111
S00093729,124,31,93
S00093730,109,15,94
S00093731,109,9,100
S00093732,97,16,81
S00093733,93,22,71
S00093734,85,19,66
S00093735,100,20,80
S00093736,123,35,88
S00093737,112,18,94
S00093738,54,15,39
S00093739,128,13,115
S00093740,146,17,129
S00093741,177,18,159
S00093742,151,22,129
S00093743,76,7,69
S00093744,130,21,109
S00093745,109,19,90
S00093746,61,13,48
S00093747,157,21,136
S00093748,128,22,106
S00093749,62,7,55
S00093750,52,8,44
S00093751,110,7,103
S00093752,99,28,71
S00093753,151,21,130
S00093754,99,9,90
S00093755,133,13,120
S00093756,143,21,122
S00093757,163,27,136
S00093758,280,80,200
S00093759,134,4,130
S00093760,233,16,217
S00093761,123,29,94
S00093762,104,34,70
S00093763,175,44,131
S00093764,101,18,83
S00093765,148,21,127
S00093766,80,12,68
S00093767,110,23,87
S00093768,121,23,98
S00093769,179,18,161
S00093770,169,28,141
S00093771,130,35,95
S00093772,110,38,72
S00093773,62,12,50
S00093774,157,23,134
S00093775,101,44,57
S00093776,56,9,47
S00093777,79,22,57
S00093778,78,7,71
S00093779,102,21,81
S00093780,85,21,64
S00093781,56,11,45
S00093782,123,22,101
S00093783,110,28,82
S00093784,114,19,95
S00093785,97,18,79
S00093786,116,26,90
S00093787,190,24,166
S00093788,99,18,81
S00093789,87,26,61
S00093790,133,23,110
S00093791,75,8,67
S00093792,87,20,67
S00093793,104,26,78
S00093794,155,27,128
S00093795,89,22,67
S00093796,87,10,77
S00093797,69,7,62
S00093798,58,7,51
S00093799,73,21,52
S00093800,108,18,90
S00093801,98,22,76
S00093802,110,13,97
S00093803,95,18,77
S00093804,155,29,126
S00093805,75,26,49
S00093806,108,16,92
S00093807,106,9,97
S00093808,72,8,64
S00093809,65,18,47
S00093810,69,12,57
S00093811,109,16,93
S00093812,79,21,58
S00093813,66,13,53
S00093814,105,20,85
S00093815,83,12,71
S00093816,176,25,151
S00093817,75,19,56
S00093818,134,27,107
S00093819,95,37,58
S00093820,154,21,133
S00093821,76,19,57
S00093822,242,33,209
S00093823,127,22,105
S00093824,82,9,73
S00093825,89,18,71
S00093826,192,33,159
S00093827,84,14,70
S00093828,123,15,108
S00093829,99,25,74
S00093830,71,19,52
S00093831,121,23,98
S00093832,98,12,86
S00093833,163,24,139
S00093834,115,24,91
S00093835,113,23,90
S00093836,110,17,93
S00093837,53,10,43
S00093838,71,11,60
S00093839,176,22,154
S00093840,141,19,122
S00093841,77,19,58
S00093842,184,6,178
S00093843,71,8,63
S00093844,150,14,136
S00093845,154,49,105
S00093846,68,14,54
S00093847,109,10,99
S00093848,149,23,126
S00093849,103,19,84
S00093850,122,13,109
S00093851,151,24,127
S00093852,140,14,126
S00093853,95,9,86
S00093854,99,17,82
S00093855,127,18,109
S00093856,72,6,66
S00093857,73,13,60
S00093858,158,23,135
S00093859,215,15,200
S00093860,64,6,58
S00093861,154,15,139
S00093862,127,21,106
S00093863,63,8,55
S00093864,182,32,150
S00093865,164,27,137
S00093866,123,17,106
S00093867,88,9,79
S00093868,197,22,175
S00093869,80,8,72
S00093870,133,18,115
S00093871,138,18,120
S00093872,121,15,106
S00093873,146,14,132
S00093874,75,17,58
S00093875,114,19,95
S00093876,124,20,104
S00093877,131,27,104
S00093878,95,24,71
S00093879,117,7,110
S00093880,120,23,97
S00093881,73,14,59
S00093882,51,9,42
S00093883,189,33,156
S00093884,68,18,50
S00093885,173,27,146
S00093886,143,39,104
S00093887,125,10,115
S00093888,151,18,133
S00093889,104,22,82
S00093890,57,6,51
S00093891,140,18,122
S00093892,102,17,85
S00093893,81,10,71
S00093894,119,44,75
S00093895,99,18,81
S00093896,68,17,51
S00093897,119,24,95
S00093898,232,89,143
S00093899,129,28,101
S00093900,87,18,69
S00093901,127,27,100
S00093902,59,14,45
S00093903,257,85,172
S00093904,188,11,177
S00093905,126,18,108
S00093906,77,11,66
S00093907,78,34,44
S00093908,83,30,53
S00093909,131,16,115
S00093910,172,17,155
S00093911,74,14,60
S00093912,126,24,102
S00093913,111,19,92
S00093914,57,30,27
S00093915,112,15,97
S00093916,63,41,22
S00093917,167,17,150
S00093918,83,5,78
S00093919,144,22,122
S00093920,140,23,117
S00093921,138,26,112
S00093922,125,22,103
S00093923,52,8,44
S00093924,167,15,152
S00093925,86,17,69
S00093926,91,17,74
S00093927,65,35,30
S00093928,65,14,51
S00093929,126,18,108
S00093930,107,21,86
S00093931,87,9,78
S00093932,82,17,65
S00093933,129,13,116
S00093934,157,20,137
S00093935,190,27,163
S00093936,80,11,69
S00093937,69,48,21
S00093938,78,20,58
S00093939,116,14,102
S00093940,91,12,79
S00093941,180,29,151
S00093942,108,18,90
S00093943,99,12,87
S00093944,102,18,84
S00093945,61,12,49
S00093946,70,17,53
S00093947,133,39,94
S00093948,113,35,78
S00093949,74,23,51
S00093950,101,24,77
S00093951,83,14,69
S00093952,154,79,75
S00093953,86,8,78
S00093954,82,18,64
S00093955,171,33,138
S00093956,143,22,121
S00093957,127,10,117
S00093958,64,24,40
S00093959,108,23,85
S00093960,57,11,46
S00093961,136,15,121
S00093962,133,25,108
S00093963,180,35,145
S00093964,59,15,44
S00093965,185,24,161
S00093966,83,13,70
S00093967,92,18,74
S00093968,191,81,110
S00093969,113,25,88
S00093970,119,19,100
S00093971,98,38,60
S00093972,168,41,127
S00093973,127,29,98
S00093974,132,22,110
S00093975,66,6,60
S00093976,74,14,60
S00093977,113,20,93
S00093978,156,10,146
S00093979,137,19,118
S00093980,74,2,72
S00093981,138,19,119
S00093982,102,14,88
S00093983,168,18,150
S00093984,143,19,124
S00093985,227,61,166
S00093986,148,14,134
S00093987,119,17,102
S00093988,169,13,156
S00093989,86,3,83
S00093990,87,12,75
S00093991,229,17,212
S00093992,93,16,77
S00093993,93,22,71
S00093994,106,26,80
S00093995,52,13,39
S00093996,116,20,96
S00093997,68,15,53
S00093998,136,18,118
S00093999,104,33,71
S00094000,72,13,59
S00094001,50,21,29
S00094002,55,18,37
S00094003,64,20,44
S00094004,87,27,60
S00094005,96,39,57
S00094006,130,30,100
S00094007,119,20,99
S00094008,177,43,134
S00094009,59,18,41
S00094010,51,14,37
S00094011,149,37,112
S00094012,102,22,80
S00094013,163,38,125
S00094014,167,40,127
S00094015,125,46,79
S00094016,124,31,93
S00094017,62,20,42
S00094018,157,32,125
S00094019,58,6,52
S00094020,128,35,93
S00094021,75,11,64
S00094022,136,29,107
S00094023,90,16,74
S00094024,78,17,61
S00094025,143,22,121
S00094026,92,17,75
S00094027,141,41,100
S00094028,54,15,39
S00094029,116,18,98
S00094030,145,41,104
S00094031,126,29,97
S00094032,107,11,96
S00094033,117,21,96
S00094034,116,21,95
S00094035,96,21,75
S00094036,67,20,47
S00094037,107,25,82
S00094038,104,40,64
S00094039,84,25,59
S00094040,76,19,57
S00094041,111,17,94
S00094042,92,21,71
S00094043,97,19,78
S00094044,148,33,115
S00094045,100,26,74
S00094046,172,35,137
S00094047,69,11,58
S00094048,106,25,81
S00094049,141,26,115
S00094050,119,20,99
S00094051,113,16,97
S00094052,141,28,113
S00094053,204,24,180
S00094054,74,15,59
S00094055,96,22,74
S00094056,134,23,111
S00094057,62,9,53
S00094058,121,16,105
S00094059,130,28,102
S00094060,162,37,125
S00094061,218,43,175
S00094062,87,18,69
S00094063,114,17,97
S00094064,83,26,57
S00094065,116,13,103
S00094066,91,20,71
S00094067,86,15,71
S00094068,86,19,67
S00094069,79,15,64
S00094070,164,32,132
S00094071,121,25,96
S00094072,79,15,64
S00094073,109,20,89
S00094074,72,13,59
S00094075,88,20,68
S00094076,109,19,90
S00094077,117,18,99
S00094078,167,23,144
S00094079,129,15,114
S00094080,84,16,68
S00094081,103,28,75
S00094082,147,27,120
S00094083,104,14,90
S00094084,76,16,60
S00094085,136,22,114
S00094086,125,8,117
S00094087,89,14,75
S00094088,120,26,94
S00094089,109,18,91
S00094090,167,38,129
S00094091,129,19,110
S00094092,164,19,145
S00094093,108,12,96
S00094094,99,15,84
S00094095,142,19,123
S00094096,131,27,104
S00094097,120,23,97
S00094098,59,9,50
S00094099,128,16,112
S00094100,163,39,124
S00094101,150,28,122
S00094102,102,26,76
S00094103,75,14,61
S00094104,73,11,62
S00094105,127,27,100
S00094106,51,8,43
S00094107,71,9,62
S00094108,88,17,71
S00094109,95,14,81
S00094110,88,26,62
S00094111,89,21,68
S00094112,150,34,116
S00094113,62,14,48
S00094114,134,27,107
S00094115,82,26,56
S00094116,96,14,82
S00094117,113,19,94
S00094118,88,16,72
S00094119,133,13,120
S00094120,78,16,62
S00094121,100,11,89
S00094122,136,15,121
S00094123,177,14,163
S00094124,62,8,54
S00094125,50,11,39
S00094126,56,14,42
S00094127,56,15,41
S00094128,101,25,76
S00094129,128,28,100
S00094130,120,29,91
S00094131,80,21,59
S00094132,101,23,78
S00094133,94,14,80
S00094134,71,6,65
S00094135,145,14,131
S00094136,162,10,152
S00094137,79,14,65
S00094138,118,22,96
S00094139,53,12,41
S00094140,110,17,93
S00094141,64,15,49
S00094142,109,7,102
S00094143,78,15,63
S00094144,126,17,109
S00094145,95,12,83
S00094146,75,13,62
S00094147,117,31,86
S00094148,150,17,133
S00094149,61,6,55
S00094150,60,12,48
S00094151,83,15,68
S00094152,114,23,91
S00094153,68,17,51
S00094154,117,23,94
S00094155,128,15,113
S00094156,143,22,121
S00094157,205,45,160
S00094158,157,38,119
S00094159,78,26,52
S00094160,71,19,52
S00094161,62,24,38
S00094162,99,27,72
S00094163,161,34,127
S00094164,106,24,82
S00094165,99,18,81
S00094166,126,26,100
S00094167,101,26,75
S00094168,129,24,105
S00094169,51,15,36
S00094170,102,19,83
S00094171,77,26,51
S00094172,198,35,163
S00094173,56,18,38
S00094174,102,25,77
S00094175,143,37,106
S00094176,136,24,112
S00094177,160,54,106
S00094178,102,23,79
S00094179,75,16,59
S00094180,165,27,138
S00094181,82,22,60
S00094182,97,37,60
S00094183,88,19,69
S00094184,105,13,92
S00094185,102,26,76
S00094186,90,15,75
S00094187,72,43,29
S00094188,54,18,36
S00094189,100,23,77
S00094190,52,8,44
S00094191,86,11,75
S00094192,98,22,76
S00094193,162,27,135
S00094194,147,34,113
S00094195,91,20,71
S00094196,114,33,81
S00094197,89,22,67
S00094198,126,32,94
S00094199,71,26,45
S00094200,173,49,124
S00094201,111,17,94
S00094202,149,27,122
S00094203,60,29,31
S00094204,101,18,83
S00094205,115,34,81
S00094206,108,21,87
S00094207,146,25,121
S00094208,80,11,69
S00094209,130,26,104
S00094210,135,25,110
S00094211,82,12,70
S00094212,110,22,88
S00094213,52,38,14
S00094214,128,30,98
S00094215,67,18,49
S00094216,133,29,104
S00094217,84,15,69
S00094218,99,13,86
S00094219,108,17,91
S00094220,106,14,92
S00094221,125,28,97
S00094222,113,23,90
S00094223,126,37,89
S00094224,90,22,68
S00094225,126,34,92
S00094226,93,25,68
S00094227,65,25,40
S00094228,94,28,66
S00094229,83,19,64
S00094230,88,19,69
S00094231,82,24,58
S00094232,54,15,39
S00094233,59,20,39
S00094234,214,39,175
S00094235,120,38,82
S00094236,114,41,73
S00094237,136,36,100
S00094238,82,36,46
S00094239,127,19,108
S00094240,105,27,78
S00094241,76,21,55
S00094242,101,26,75
S00094243,60,28,32
S00094244,113,16,97
S00094245,69,27,42
S00094246,103,16,87
S00094247,161,24,137
S00094248,96,14,82
S00094249,111,28,83
S00094250,100,21,79
S00094251,82,21,61
S00094252,111,15,96
S00094253,78,22,56
S00094254,97,12,85
S00094255,128,37,91
S00094256,93,35,58
S00094257,130,43,87
S00094258,109,34,75
S00094259,130,40,90
S00094260,87,13,74
S00094261,59,10,49
S00094262,246,95,151
S00094263,110,25,85
S00094264,82,23,59
S00094265,127,27,100
S00094266,155,22,133
S00094267,105,19,86
S00094268,99,19,80
S00094269,110,19,91
S00094270,98,7,91
S00094271,91,29,62
S00094272,82,9,73
S00094273,64,18,46
S00094274,69,24,45
S00094275,86,13,73
S00094276,66,10,56
S00094277,68,8,60
S00094278,111,22,89
S00094279,158,29,129
S00094280,131,23,108
S00094281,132,29,103
S00094282,114,25,89
S00094283,93,26,67
S00094284,129,28,101
S00094285,120,27,93
S00094286,148,32,116
S00094287,114,23,91
S00094288,127,24,103
S00094289,88,21,67
S00094290,111,28,83
S00094291,57,11,46
S00094292,113,22,91
S00094293,111,8,103
S00094294,80,33,47
S00094295,163,34,129
S00094296,89,15,74
S00094297,81,25,56
S00094298,80,26,54
S00094299,166,28,138
S00094300,94,22,72
S00094301,151,44,107
S00094302,84,29,55
S00094303,113,29,84
S00094304,86,26,60
S00094305,67,19,48
S00094306,58,25,33
S00094307,80,32,48
S00094308,133,35,98
S00094309,105,40,65
S00094310,85,18,67
S00094311,101,28,73
S00094312,82,44,38
S00094313,77,30,47
S00094314,101,35,66
S00094315,141,31,110
S00094316,114,23,91
S00094317,91,21,70
S00094318,103,30,73
S00094319,82,28,54
S00094320,155,43,112
S00094321,90,26,64
S00094322,88,29,59
S00094323,147,34,113
S00094324,90,21,69
S00094325,115,25,90
S00094326,65,14,51
S00094327,111,29,82
S00094328,197,35,162
S00094329,176,68,108
S00094330,65,16,49
S00094331,137,33,104
S00094332,110,40,70
S00094333,162,38,124
S00094334,124,33,91
S00094335,179,25,154
S00094336,60,13,47
S00094337,131,11,120
S00094338,95,15,80
S00094339,88,26,62
S00094340,103,18,85
S00094341,106,8,98
S00094342,169,24,145
S00094343,101,22,79
S00094344,98,19,79
S00094345,118,19,99
S00094346,106,14,92
S00094347,132,22,110
S00094348,81,15,66
S00094349,98,15,83
S00094350,101,18,83
S00094351,112,16,96
S00094352,100,15,85
S00094353,128,14,114
S00094354,93,14,79
S00094355,73,12,61
S00094356,93,13,80
S00094357,144,29,115
S00094358,71,15,56
S00094359,158,20,138
S00094360,143,22,121
S00094361,154,8,146
S00094362,165,5,160
S00094363,113,3,110
S00094364,148,10,138
S00094365,124,12,112
S00094366,121,9,112
S00094367,185,16,169
S00094368,102,15,87
S00094369,72,13,59
S00094370,76,21,55
S00094371,100,17,83
S00094372,69,19,50
S00094373,108,33,75
S00094374,114,27,87
S00094375,112,24,88
S00094376,97,14,83
S00094377,115,25,90
S00094378,140,29,111
S00094379,111,20,91
S00094380,63,13,50
S00094381,77,30,47
S00094382,97,21,76
S00094383,76,21,55
S00094384,79,16,63
S00094385,83,19,64
S00094386,166,43,123
S00094387,174,30,144
S00094388,147,9,138
S00094389,95,16,79
S00094390,108,28,80
S00094391,118,16,102
S00094392,104,17,87
S00094393,126,20,106
S00094394,130,21,109
S00094395,163,17,146
S00094396,57,9,48
S00094397,92,7,85
S00094398,102,24,78
S00094399,63,22,41
S00094400,93,21,72
S00094401,87,25,62
S00094402,81,13,68
S00094403,121,30,91
S00094404,104,25,79
S00094405,81,16,65
S00094406,124,26,98
S00094407,79,15,64
S00094408,69,25,44
S00094409,53,6,47
S00094410,59,12,47
S00094411,82,25,57
S00094412,93,24,69
S00094413,80,30,50
S00094414,85,22,63
S00094415,98,27,71
S00094416,129,25,104
S00094417,62,17,45
S00094418,116,21,95
S00094419,119,34,85
S00094420,90,33,57
S00094421,110,16,94
S00094422,124,33,91
S00094423,137,29,108
S00094424,126,9,117
S00094425,105,22,83
S00094426,108,18,90
S00094427,110,20,90
S00094428,93,26,67
S00094429,64,6,58
S00094430,88,29,59
S00094431,72,9,63
S00094432,94,18,76
S00094433,125,13,112
S00094434,160,28,132
S00094435,147,17,130
S00094436,114,9,105
S00094437,156,6,150
S00094438,60,10,50
S00094439,108,4,104
S00094440,157,27,130
S00094441,156,29,127
S00094442,142,14,128
S00094443,129,15,114
S00094444,216,30,186
S00094445,121,18,103
S00094446,119,13,106
S00094447,166,21,145
S00094448,111,17,94
S00094449,113,18,95
S00094450,116,17,99
S00094451,179,23,156
S00094452,82,31,51
S00094453,69,12,57
S00094454,161,26,135
S00094455,146,19,127
S00094456,166,48,118
S00094457,182,44,138
S00094458,224,17,207
S00094459,60,20,40
S00094460,142,13,129
S00094461,112,18,94
S00094462,154,26,128
S00094463,110,16,94
S00094464,195,22,173
S00094465,128,20,108
S00094466,97,23,74
S00094467,121,22,99
S00094468,115,21,94
S00094469,135,26,109
S00094470,53,11,42
S00094471,72,0,72
S00094472,123,21,102
S00094473,98,24,74
S00094474,114,25,89
S00094475,85,18,67
S00094476,94,19,75
S00094477,57,12,45
S00094478,143,47,96
S00094479,160,20,140
S00094480,81,12,69
S00094481,112,35,77
S00094482,202,25,177
S00094483,124,19,105
S00094484,145,34,111
S00094485,95,17,78
S00094486,147,28,119
S00094487,142,22,120
S00094488,129,26,103
S00094489,132,26,106
S00094490,85,14,71
S00094491,63,9,54
S00094492,116,28,88
S00094493,79,18,61
S00094494,107,34,73
S00094495,138,8,130
S00094496,146,36,110
S00094497,106,42,64
S00094498,106,12,94
S00094499,136,13,123
S00094500,118,32,86
S00094501,139,20,119
S00094502,66,13,53
S00094503,161,52,109
S00094504,132,22,110
S00094505,138,20,118
S00094506,100,17,83
S00094507,132,16,116
S00094508,148,14,134
S00094509,128,21,107
S00094510,115,14,101
S00094511,55,14,41
S00094512,127,20,107
S00094513,113,25,88
S00094514,143,14,129
S00094515,88,10,78
S00094516,128,26,102
S00094517,90,25,65
S00094518,65,33,32
S00094519,99,26,73
S00094520,157,35,122
S00094521,73,14,59
S00094522,104,43,61
S00094523,94,16,78
S00094524,129,22,107
S00094525,87,15,72
S00094526,78,29,49
S00094527,80,6,74
S00094528,172,18,154
S00094529,111,19,92
S00094530,113,11,102
S00094531,103,13,90
S00094532,121,17,104
S00094533,108,16,92
S00094534,126,23,103
S00094535,140,19,121
S00094536,134,28,106
S00094537,156,25,131
S00094538,144,28,116
S00094539,107,38,69
S00094540,124,18,106
S00094541,105,14,91
S00094542,92,8,84
S00094543,83,9,74
S00094544,137,10,127
S00094545,108,10,98
S00094546,83,13,70
S00094547,125,23,102
S00094548,72,27,45
S00094549,135,22,113
S00094550,52,16,36
S00094551,106,23,83
S00094552,175,39,136
S00094553,129,22,107
S00094554,139,27,112
S00094555,112,18,94
S00094556,153,28,125
S00094557,50,24,26
S00094558,116,22,94
S00094559,121,13,108
S00094560,111,20,91
S00094561,159,25,134
S00094562,64,12,52
S00094563,71,8,63
S00094564,109,12,97
S00094565,78,28,50
S00094566,61,19,42
S00094567,118,15,103
S00094568,114,18,96
S00094569,145,49,96
S00094570,137,20,117
S00094571,106,18,88
S00094572,192,25,167
S00094573,70,15,55
S00094574,128,35,93
S00094575,94,15,79
S00094576,59,3,56
S00094577,108,21,87
S00094578,113,17,96
S00094579,57,12,45
S00094580,135,29,106
S00094581,171,35,136
S00094582,87,21,66
S00094583,105,26,79
S00094584,108,22,86
S00094585,136,28,108
S00094586,122,25,97
S00094587,116,19,97
S00094588,81,18,63
S00094589,87,14,73
S00094590,103,15,88
S00094591,132,35,97
S00094592,95,17,78
S00094593,92,20,72
S00094594,129,21,108
S00094595,119,18,101
S00094596,90,22,68
S00094597,80,18,62
S00094598,121,27,94
S00094599,1037,29,1008
S00094600,107,20,87
S00094601,117,26,91
S00094602,132,30,102
S00094603,166,22,144
S00094604,75,15,60
S00094605,101,13,88
S00094606,168,25,143
S00094607,65,38,27
S00094608,148,24,124
S00094609,65,20,45
S00094610,105,30,75
S00094611,86,18,68
S00094612,78,14,64
S00094613,56,18,38
S00094614,76,9,67
S00094615,155,27,128
S00094616,62,15,47
S00094617,51,7,44
S00094618,118,36,82
S00094619,113,38,75
S00094620,97,21,76
S00094621,60,11,49
S00094622,83,15,68
S00094623,56,18,38
S00094624,122,28,94
S00094625,77,21,56
S00094626,117,31,86
S00094627,87,22,65
S00094628,65,21,44
S00094629,99,29,70
S00094630,80,16,64
S00094631,58,16,42
S00094632,60,16,44
S00094633,66,17,49
S00094634,62,17,45
S00094635,80,18,62
S00094636,113,19,94
S00094637,112,22,90
S00094638,140,19,121
S00094639,57,7,50
S00094640,65,6,59
S00094641,99,15,84
S00094642,104,5,99
S00094643,116,10,106
S00094644,153,5,148
S00094645,148,18,130
S00094646,64,4,60
S00094647,127,20,107
S00094648,107,15,92
S00094649,68,7,61
S00094650,82,7,75
S00094651,116,43,73
S00094652,112,28,84
S00094653,77,11,66
S00094654,80,12,68
S00094655,111,15,96
S00094656,53,3,50
S00094657,83,17,66
S00094658,99,20,79
S00094659,70,21,49
S00094660,79,18,61
S00094661,82,14,68
S00094662,73,14,59
S00094663,108,19,89
S00094664,165,26,139
S00094665,124,17,107
S00094666,64,9,55
S00094667,139,23,116
S00094668,67,7,60
S00094669,154,23,131
S00094670,70,23,47
S00094671,84,20,64
S00094672,88,20,68
S00094673,109,9,100
S00094674,153,21,132
S00094675,118,23,95
S00094676,80,15,65
S00094677,72,13,59
S00094678,54,17,37
S00094679,137,34,103
S00094680,65,11,54
S00094681,161,17,144
S00094682,128,26,102
S00094683,164,40,124
S00094684,82,31,51
S00094685,116,34,82
S00094686,108,36,72
S00094687,110,52,58
S00094688,120,36,84
S00094689,56,21,35
S00094690,72,21,51
S00094691,113,19,94
S00094692,57,16,41
S00094693,87,20,67
S00094694,113,23,90
S00094695,128,17,111
S00094696,87,14,73
S00094697,52,9,43
S00094698,63,14,49
S00094699,84,11,73
S00094700,104,17,87
S00094701,81,15,66
S00094702,127,25,102
S00094703,114,20,94
S00094704,80,11,69
S00094705,69,11,58
S00094706,194,26,168
S00094707,85,27,58
S00094708,71,18,53
S00094709,72,15,57
S00094710,126,26,100
S00094711,138,23,115
S00094712,108,20,88
S00094713,143,16,127
S00094714,143,24,119
S00094715,157,76,81
S00094716,158,35,123
S00094717,170,25,145
S00094718,110,12,98
S00094719,150,29,121
S00094720,58,10,48
S00094721,62,21,41
S00094722,136,28,108
S00094723,168,39,129
S00094724,134,20,114
S00094725,87,29,58
S00094726,113,30,83
S00094727,106,23,83
S00094728,146,20,126
S00094729,95,21,74
S00094730,102,26,76
S00094731,120,27,93
S00094732,89,42,47
S00094733,52,14,38
S00094734,143,22,121
S00094735,151,60,91
S00094736,128,38,90
S00094737,110,37,73
S00094738,50,10,40
S00094739,132,41,91
S00094740,77,19,58
S00094741,52,12,40
S00094742,96,34,62
S00094743,120,19,101
S00094744,77,23,54
S00094745,73,40,33
S00094746,89,25,64
S00094747,61,19,42
S00094748,78,30,48
S00094749,87,21,66
S00094750,74,11,63
S00094751,74,24,50
S00094752,84,15,69
S00094753,114,32,82
S00094754,110,31,79
S00094755,83,21,62
S00094756,55,15,40
S00094757,117,36,81
S00094758,141,21,120
S00094759,121,18,103
S00094760,76,10,66
S00094761,75,38,37
S00094762,89,16,73
S00094763,118,80,38
S00094764,90,21,69
S00094765,52,23,29
S00094766,171,28,143
S00094767,138,11,127
S00094768,96,20,76
S00094769,136,44,92
S00094770,142,24,118
S00094771,65,14,51
S00094772,86,10,76
S00094773,107,9,98
S00094774,130,30,100
S00094775,114,19,95
S00094776,170,33,137
S00094777,70,9,61
S00094778,96,22,74
S00094779,65,14,51
S00094780,112,22,90
S00094781,79,13,66
S00094782,105,23,82
S00094783,152,30,122
S00094784,182,32,150
S00094785,80,18,62
S00094786,173,27,146
S00094787,128,21,107
S00094788,190,24,166
S00094789,73,7,66
S00094790,100,26,74
S00094791,127,10,117
S00094792,212,23,189
S00094793,166,42,124
S00094794,206,27,179
S00094795,112,21,91
S00094796,114,11,103
S00094797,78,9,69
S00094798,85,29,56
S00094799,89,24,65
S00094800,103,20,83
S00094801,61,13,48
S00094802,97,19,78
S00094803,119,21,98
S00094804,110,16,94
S00094805,85,9,76
S00094806,115,26,89
S00094807,156,37,119
S00094808,183,26,157
S00094809,120,17,103
S00094810,109,17,92
S00094811,126,24,102
S00094812,95,12,83
S00094813,98,6,92
S00094814,166,28,138
S00094815,109,40,69
S00094816,83,16,67
S00094817,95,20,75
S00094818,106,11,95
S00094819,64,13,51
S00094820,99,13,86
S00094821,129,32,97
S00094822,165,25,140
S00094823,104,13,91
S00094824,79,9,70
S00094825,121,19,102
S00094826,51,7,44
S00094827,140,26,114
S00094828,100,10,90
S00094829,169,13,156
S00094830,72,11,61
S00094831,148,29,119
S00094832,161,34,127
S00094833,128,20,108
S00094834,62,11,51
S00094835,102,10,92
S00094836,173,25,148
S00094837,111,17,94
S00094838,114,18,96
S00094839,58,10,48
S00094840,119,20,99
S00094841,98,26,72
S00094842,175,36,139
S00094843,142,27,115
S00094844,135,28,107
S00094845,132,22,110
S00094846,153,37,116
S00094847,141,14,127
S00094848,91,24,67
S00094849,154,24,130
S00094850,160,47,113
S00094851,88,20,68
S00094852,96,17,79
S00094853,65,12,53
S00094854,119,18,101
S00094855,154,26,128
S00094856,111,28,83
S00094857,64,15,49
S00094858,128,24,104
S00094859,92,15,77
S00094860,100,17,83
S00094861,100,23,77
S00094862,99,18,81
S00094863,168,37,131
S00094864,84,26,58
S00094865,143,15,128
S00094866,192,13,179
S00094867,104,16,88
S00094868,135,34,101
S00094869,94,24,70
S00094870,112,17,95
S00094871,59,17,42
S00094872,136,34,102
S00094873,127,24,103
S00094874,126,25,101
S00094875,173,13,160
S00094876,148,29,119
S00094877,85,15,70
S00094878,135,16,119
S00094879,190,34,156
S00094880,114,21,93
S00094881,75,12,63
S00094882,114,14,100
S00094883,99,13,86
S00094884,96,8,88
S00094885,86,12,74
S00094886,138,20,118
S00094887,90,20,70
S00094888,156,34,122
S00094889,114,21,93
S00094890,68,13,55
S00094891,134,10,124
S00094892,103,23,80
S00094893,77,13,64
S00094894,99,8,91
S00094895,74,9,65
S00094896,180,11,169
S00094897,72,10,62
S00094898,121,10,111
S00094899,173,15,158
S00094900,155,20,135
S00094901,141,25,116
S00094902,129,14,115
S00094903,129,19,110
S00094904,110,18,92
S00094905,87,13,74
S00094906,132,26,106
S00094907,121,11,110
S00094908,100,18,82
S00094909,58,21,37
S00094910,154,33,121
S00094911,159,29,130
S00094912,72,12,60
S00094913,83,13,70
S00094914,105,24,81
S00094915,119,20,99
S00094916,170,36,134
S00094917,117,26,91
S00094918,168,23,145
S00094919,92,6,86
S00094920,213,63,150
S00094921,85,13,72
S00094922,84,14,70
S00094923,107,18,89
S00094924,103,25,78
S00094925,85,6,79
S00094926,158,22,136
S00094927,139,22,117
S00094928,132,20,112
S00094929,166,20,146
S00094930,122,17,105
S00094931,83,14,69
S00094932,65,10,55
S00094933,112,13,99
S00094934,104,14,90
S00094935,139,26,113
S00094936,110,15,95
S00094937,114,15,99
S00094938,167,35,132
S00094939,96,18,78
S00094940,140,17,123
S00094941,168,14,154
S00094942,97,12,85
S00094943,106,15,91
S00094944,157,24,133
S00094945,159,17,142
S00094946,72,6,66
S00094947,142,19,123
S00094948,135,11,124
S00094949,117,10,107
S00094950,98,38,60
S00094951,84,27,57
S00094952,122,21,101
S00094953,154,22,132
S00094954,98,17,81
S00094955,162,12,150
S00094956,139,30,109
S00094957,115,30,85
S00094958,141,27,114
S00094959,74,11,63
S00094960,142,30,112
S00094961,108,11,97
S00094962,100,9,91
S00094963,99,19,80
S00094964,92,20,72
S00094965,91,12,79
S00094966,74,5,69
S00094967,102,16,86
S00094968,62,13,49
S00094969,102,16,86
S00094970,138,14,124
S00094971,106,22,84
S00094972,140,20,120
S00094973,70,15,55
S00094974,150,20,130
S00094975,106,17,89
S00094976,104,12,92
S00094977,88,28,60
S00094978,130,19,111
S00094979,121,15,106
S00094980,94,9,85
S00094981,105,20,85
S00094982,161,53,108
S00094983,156,24,132
S00094984,118,29,89
S00094985,89,14,75
S00094986,55,8,47
S00094987,107,13,94
S00094988,60,6,54
S00094989,120,13,107
S00094990,92,16,76
S00094991,110,16,94
S00094992,65,0,65
S00094993,95,15,80
S00094994,98,12,86
S00094995,104,13,91
S00094996,59,9,50
S00094997,92,12,80
S00094998,139,40,99
S00094999,69,11,58
S00095000,71,15,56
S00095001,122,25,97
S00095002,96,10,86
S00095003,62,15,47
S00095004,81,17,64
S00095005,81,5,76
S00095006,150,17,133
S00095007,109,30,79
S00095008,59,13,46
S00095009,156,16,140
S00095010,66,11,55
S00095011,120,15,105
S00095012,118,9,109
S00095013,212,4,208
S00095014,82,11,71
S00095015,113,12,101
S00095016,90,13,77
S00095017,93,12,81
S00095018,123,19,104
S00095019,106,8,98
S00095020,102,13,89
S00095021,114,21,93
S00095022,149,22,127
S00095023,145,21,124
S00095024,88,10,78
S00095025,145,20,125
S00095026,184,11,173
S00095027,103,8,95
S00095028,117,12,105
S00095029,146,20,126
S00095030,170,39,131
S00095031,127,12,115
S00095032,114,21,93
S00095033,125,14,111
S00095034,79,10,69
S00095035,121,14,107
S00095036,123,29,94
S00095037,124,17,107
S00095038,81,24,57
S00095039,85,24,61
S00095040,90,22,68
S00095041,102,17,85
S00095042,68,13,55
S00095043,109,25,84
S00095044,101,39,62
S00095045,132,33,99
S00095046,131,19,112
S00095047,75,6,69
S00095048,124,17,107
S00095049,70,39,31
S00095050,70,15,55
S00095051,93,19,74
S00095052,110,23,87
S00095053,95,37,58
S00095054,84,19,65
S00095055,150,23,127
S00095056,109,17,92
S00095057,113,12,101
S00095058,153,23,130
S00095059,158,42,116
S00095060,82,9,73
S00095061,142,31,111
S00095062,108,24,84
S00095063,88,12,76
S00095064,146,22,124
S00095065,148,28,120
S00095066,159,42,117
S00095067,103,19,84
S00095068,101,17,84
S00095069,145,16,129
S00095070,102,21,81
S00095071,123,18,105
S00095072,96,9,87
S00095073,104,12,92
S00095074,53,8,45
S00095075,95,19,76
S00095076,61,13,48
S00095077,116,21,95
S00095078,126,24,102
S00095079,116,17,99
S00095080,107,28,79
S00095081,132,29,103
S00095082,97,24,73
S00095083,148,41,107
S00095084,98,25,73
S00095085,121,14,107
S00095086,207,32,175
S00095087,97,13,84
S00095088,89,23,66
S00095089,122,25,97
S00095090,109,22,87
S00095091,168,38,130
S00095092,121,24,97
S00095093,185,35,150
S00095094,143,35,108
S00095095,109,22,87
S00095096,139,34,105
S00095097,54,10,44
S00095098,61,27,34
S00095099,71,10,61
S00095100,161,19,142
S00095101,109,15,94
S00095102,119,16,103
S00095103,139,23,116
S00095104,71,4,67
S00095105,107,18,89
S00095106,139,10,129
S00095107,72,17,55
S00095108,100,24,76
S00095109,85,18,67
S00095110,81,20,61
S00095111,136,34,102
S00095112,52,9,43
S00095113,142,40,102
S00095114,73,11,62
S00095115,77,10,67
S00095116,90,14,76
S00095117,134,21,113
S00095118,95,11,84
S00095119,72,9,63
S00095120,92,16,76
S00095121,134,26,108
S00095122,100,23,77
S00095123,165,28,137
S00095124,106,17,89
S00095125,62,9,53
S00095126,99,13,86
S00095127,121,14,107
S00095128,178,32,146
S00095129,79,11,68
S00095130,154,33,121
S00095131,110,21,89
S00095132,166,66,100
S00095133,135,37,98
S00095134,167,28,139
S00095135,114,43,71
S00095136,59,5,54
S00095137,88,12,76
S00095138,72,19,53
S00095139,109,27,82
S00095140,89,14,75
S00095141,80,22,58
S00095142,92,23,69
S00095143,73,19,54
S00095144,103,38,65
S00095145,77,28,49
S00095146,64,15,49
S00095147,71,14,57
S00095148,76,13,63
S00095149,59,16,43
S00095150,95,45,50
S00095151,83,13,70
S00095152,119,20,99
S00095153,83,12,71
S00095154,137,19,118
S00095155,97,21,76
S00095156,66,32,34
S00095157,87,12,75
S00095158,89,21,68
S00095159,106,21,85
S00095160,140,35,105
S00095161,84,23,61
S00095162,98,18,80
S00095163,121,22,99
S00095164,74,17,57
S00095165,95,17,78
S00095166,171,20,151
S00095167,120,22,98
S00095168,114,18,96
S00095169,155,35,120
S00095170,56,4,52
S00095171,101,17,84
S00095172,125,27,98
S00095173,141,29,112
S00095174,159,32,127
S00095175,146,34,112
S00095176,80,11,69
S00095177,140,30,110
S00095178,82,8,74
S00095179,111,22,89
S00095180,125,19,106
S00095181,123,19,104
S00095182,172,25,147
S00095183,123,21,102
S00095184,80,21,59
S00095185,79,9,70
S00095186,90,33,57
S00095187,98,20,78
S00095188,85,19,66
S00095189,115,21,94
S00095190,115,20,95
S00095191,144,21,123
S00095192,95,7,88
S00095193,93,12,81
S00095194,62,8,54
S00095195,112,20,92
S00095196,95,14,81
S00095197,150,32,118
S00095198,103,12,91
S00095199,74,41,33
S00095200,84,7,77
S00095201,129,29,100
S00095202,137,24,113
S00095203,90,26,64
S00095204,108,19,89
S00095205,102,28,74
S00095206,73,17,56
S00095207,109,19,90
S00095208,68,17,51
S00095209,136,24,112
S00095210,69,16,53
S00095211,115,36,79
S00095212,95,14,81
S00095213,88,12,76
S00095214,136,20,116
S00095215,111,20,91
S00095216,113,13,100
S00095217,142,15,127
S00095218,96,20,76
S00095219,156,31,125
S00095220,57,8,49
S00095221,78,7,71
S00095222,98,11,87
S00095223,87,15,72
S00095224,100,14,86
S00095225,82,16,66
S00095226,116,13,103
S00095227,66,11,55
S00095228,79,19,60
S00095229,79,13,66
S00095230,71,15,56
S00095231,69,7,62
S00095232,50,8,42
S00095233,115,10,105
S00095234,115,19,96
S00095235,177,75,102
S00095236,109,26,83
S00095237,98,19,79
S00095238,105,22,83
S00095239,94,16,78
S00095240,66,22,44
S00095241,129,32,97
S00095242,89,29,60
S00095243,114,22,92
S00095244,157,28,129
S00095245,146,23,123
S00095246,133,14,119
S00095247,122,27,95
S00095248,158,26,132
S00095249,87,16,71
S00095250,63,19,44
S00095251,101,22,79
S00095252,83,20,63
S00095253,108,12,96
S00095254,116,24,92
S00095255,111,22,89
S00095256,65,14,51
S00095257,108,15,93
S00095258,95,3,92
S00095259,208,16,192
S00095260,106,22,84
S00095261,62,11,51
S00095262,139,37,102
S00095263,146,22,124
S00095264,100,24,76
S00095265,70,24,46
S00095266,104,23,81
S00095267,69,12,57
S00095268,99,20,79
S00095269,65,31,34
S00095270,125,23,102
S00095271,88,25,63
S00095272,86,13,73
S00095273,109,21,88
S00095274,120,19,101
S00095275,152,20,132
S00095276,146,25,121
S00095277,120,16,104
S00095278,118,23,95
S00095279,112,29,83
S00095280,71,12,59
S00095281,120,34,86
S00095282,135,29,106
S00095283,124,11,113
S00095284,102,22,80
S00095285,71,12,59
S00095286,121,16,105
S00095287,94,13,81
S00095288,118,23,95
S00095289,143,23,120
S00095290,77,14,63
S00095291,124,32,92
S00095292,131,27,104
S00095293,65,7,58
S00095294,52,9,43
S00095295,107,10,97
S00095296,95,20,75
S00095297,53,6,47
S00095298,76,14,62
S00095299,110,37,73
S00095300,120,55,65
S00095301,154,27,127
S00095302,143,22,121
S00095303,74,10,64
S00095304,70,15,55
S00095305,133,19,114
S00095306,86,18,68
S00095307,113,17,96
S00095308,120,21,99
S00095309,123,29,94
S00095310,90,13,77
S00095311,110,11,99
S00095312,127,18,109
S00095313,127,27,100
S00095314,130,29,101
S00095315,104,10,94
S00095316,141,20,121
S00095317,112,31,81
S00095318,94,21,73
S00095319,56,6,50
S00095320,94,16,78
S00095321,97,13,84
S00095322,86,16,70
S00095323,104,17,87
S00095324,116,20,96
S00095325,106,29,77
S00095326,111,29,82
S00095327,95,27,68
S00095328,80,16,64
S00095329,106,25,81
S00095330,140,35,105
S00095331,154,34,120
S00095332,98,14,84
S00095333,100,15,85
S00095334,140,21,119
S00095335,132,40,92
S00095336,104,16,88
S00095337,157,17,140
S00095338,121,19,102
S00095339,88,16,72
S00095340,109,23,86
S00095341,191,35,156
S00095342,108,12,96
S00095343,107,19,88
S00095344,80,23,57
S00095345,127,50,77
S00095346,141,54,87
S00095347,93,17,76
S00095348,94,17,77
S00095349,114,29,85
S00095350,80,40,40
S00095351,133,36,97
S00095352,190,25,165
S00095353,123,26,97
S00095354,75,15,60
S00095355,169,30,139
S00095356,115,13,102
S00095357,70,16,54
S00095358,262,15,247
S00095359,89,18,71
S00095360,58,13,45
S00095361,92,24,68
S00095362,128,21,107
S00095363,119,30,89
S00095364,117,29,88
S00095365,87,25,62
S00095366,150,30,120
S00095367,127,20,107
S00095368,91,20,71
S00095369,192,31,161
S00095370,116,34,82
S00095371,151,16,135
S00095372,86,25,61
S00095373,160,38,122
S00095374,99,25,74
S00095375,110,31,79
S00095376,98,18,80
S00095377,128,33,95
S00095378,110,20,90
S00095379,132,29,103
S00095380,160,59,101
S00095381,127,21,106
S00095382,100,19,81
S00095383,124,11,113
S00095384,132,26,106
S00095385,112,28,84
S00095386,100,15,85
S00095387,178,32,146
S00095388,106,37,69
S00095389,142,19,123
S00095390,141,16,125
S00095391,64,44,20
S00095392,114,23,91
S00095393,130,25,105
S00095394,68,16,52
S00095395,77,9,68
S00095396,109,46,63
S00095397,152,40,112
S00095398,93,34,59
S00095399,164,43,121
S00095400,175,22,153
S00095401,58,11,47
S00095402,128,18,110
S00095403,125,20,105
S00095404,97,63,34
S00095405,179,24,155
S00095406,118,25,93
S00095407,110,20,90
S00095408,152,16,136
S00095409,157,24,133
S00095410,141,33,108
S00095411,136,27,109
S00095412,71,8,63
S00095413,109,22,87
S00095414,146,36,110
S00095415,90,20,70
S00095416,101,13,88
S00095417,112,12,100
S00095418,154,21,133
S00095419,133,25,108
S00095420,121,21,100
S00095421,77,10,67
S00095422,66,18,48
S00095423,149,32,117
S00095424,125,22,103
S00095425,104,10,94
S00095426,148,18,130
S00095427,155,22,133
S00095428,91,27,64
S00095429,62,25,37
S00095430,124,13,111
S00095431,109,25,84
S00095432,117,21,96
S00095433,161,29,132
S00095434,143,30,113
S00095435,64,16,48
S00095436,89,15,74
S00095437,104,21,83
S00095438,76,26,50
S00095439,61,5,56
S00095440,86,21,65
S00095441,91,50,41
S00095442,176,49,127
S00095443,156,15,141
S00095444,84,15,69
S00095445,92,12,80
S00095446,100,17,83
S00095447,55,5,50
S00095448,134,14,120
S00095449,130,28,102
S00095450,66,9,57
S00095451,84,25,59
S00095452,97,16,81
S00095453,56,6,50
S00095454,53,15,38
S00095455,71,9,62
S00095456,135,22,113
S00095457,113,9,104
S00095458,85,7,78
S00095459,153,20,133
S00095460,74,12,62
S00095461,128,14,114
S00095462,118,33,85
S00095463,147,24,123
S00095464,128,29,99
S00095465,83,26,57
S00095466,156,24,132
S00095467,170,23,147
S00095468,145,25,120
S00095469,74,13,61
S00095470,91,25,66
S00095471,120,20,100
S00095472,82,20,62
S00095473,165,31,134
S00095474,56,8,48
S00095475,88,11,77
S00095476,109,11,98
S00095477,106,16,90
S00095478,148,55,93
S00095479,115,26,89
S00095480,107,17,90
S00095481,127,34,93
S00095482,137,30,107
S00095483,114,15,99
S00095484,133,20,113
S00095485,83,14,69
S00095486,115,19,96
S00095487,147,24,123
S00095488,125,15,110
S00095489,157,25,132
S00095490,118,26,92
S00095491,147,25,122
S00095492,126,37,89
S00095493,101,30,71
S00095494,153,32,121
S00095495,82,29,53
S00095496,199,23,176
S00095497,209,22,187
S00095498,63,11,52
S00095499,92,30,62
S00095500,114,30,84
S00095501,67,21,46
S00095502,99,18,81
S00095503,79,21,58
S00095504,90,27,63
S00095505,108,26,82
S00095506,125,19,106
S00095507,130,21,109
S00095508,183,28,155
S00095509,96,16,80
S00095510,114,38,76
S00095511,174,30,144
S00095512,97,24,73
S00095513,84,18,66
S00095514,125,23,102
S00095515,93,12,81
S00095516,150,21,129
S00095517,138,10,128
S00095518,141,34,107
S00095519,95,11,84
S00095520,144,14,130
S00095521,141,19,122
S00095522,64,37,27
S00095523,114,21,93
S00095524,144,24,120
S00095525,131,15,116
S00095526,197,23,174
S00095527,128,26,102
S00095528,107,31,76
S00095529,50,34,16
S00095530,141,12,129
S00095531,118,52,66
S00095532,111,18,93
S00095533,97,20,77
S00095534,96,10,86
S00095535,149,38,111
S00095536,88,23,65
S00095537,94,16,78
S00095538,105,35,70
S00095539,138,27,111
S00095540,57,3,54
S00095541,67,9,58
S00095542,110,25,85
S00095543,156,18,138
S00095544,102,21,81
S00095545,127,21,106
S00095546,156,32,124
S00095547,163,25,138
S00095548,68,10,58
S00095549,124,24,100
S00095550,149,23,126
S00095551,135,22,113
S00095552,123,24,99
S00095553,87,23,64
S00095554,118,25,93
S00095555,87,18,69
S00095556,125,32,93
S00095557,121,32,89
S00095558,80,15,65
S00095559,100,26,74
S00095560,109,25,84
S00095561,53,16,37
S00095562,81,28,53
S00095563,132,37,95
S00095564,181,27,154
S00095565,184,38,146
S00095566,179,32,147
S00095567,151,32,119
S00095568,145,22,123
S00095569,136,30,106
S00095570,117,24,93
S00095571,108,26,82
S00095572,121,38,83
S00095573,86,21,65
S00095574,94,28,66
S00095575,111,14,97
S00095576,102,25,77
S00095577,88,51,37
S00095578,91,50,41
S00095579,106,11,95
S00095580,106,24,82
S00095581,122,26,96
S00095582,68,17,51
S00095583,132,25,107
S00095584,83,17,66
S00095585,147,38,109
S00095586,193,33,160
S00095587,86,18,68
S00095588,76,18,58
S00095589,129,37,92
S00095590,87,29,58
S00095591,87,24,63
S00095592,101,21,80
S00095593,144,12,132
S00095594,84,19,65
S00095595,123,8,115
S00095596,105,7,98
S00095597,90,9,81
S00095598,85,25,60
S00095599,107,28,79
S00095600,106,18,88
S00095601,76,27,49
S00095602,133,20,113
S00095603,98,35,63
S00095604,116,13,103
S00095605,133,11,122
S00095606,69,10,59
S00095607,99,13,86
S00095608,150,12,138
S00095609,85,10,75
S00095610,176,47,129
S00095611,159,19,140
S00095612,110,10,100
S00095613,96,13,83
S00095614,107,20,87
S00095615,168,27,141
S00095616,119,21,98
S00095617,82,11,71
S00095618,94,12,82
S00095619,122,18,104
S00095620,77,11,66
S00095621,94,12,82
S00095622,96,17,79
S00095623,84,15,69
S00095624,100,6,94
S00095625,82,15,67
S00095626,94,6,88
S00095627,87,38,49
S00095628,77,15,62
S00095629,132,41,91
S00095630,109,18,91
S00095631,52,12,40
S00095632,96,8,88
S00095633,59,10,49
S00095634,62,9,53
S00095635,90,16,74
S00095636,92,31,61
S00095637,67,20,47
S00095638,169,15,154
S00095639,91,22,69
S00095640,71,18,53
S00095641,111,18,93
S00095642,91,14,77
S00095643,77,17,60
S00095644,65,9,56
S00095645,98,17,81
S00095646,66,15,51
S00095647,174,22,152
S00095648,129,26,103
S00095649,81,13,68
S00095650,65,11,54
S00095651,141,11,130
S00095652,81,14,67
S00095653,97,14,83
S00095654,129,24,105
S00095655,98,12,86
S00095656,84,33,51
S00095657,94,14,80
S00095658,51,10,41
S00095659,83,24,59
S00095660,115,65,50
S00095661,122,21,101
S00095662,110,12,98
S00095663,115,20,95
S00095664,96,28,68
S00095665,57,8,49
S00095666,78,15,63
S00095667,63,6,57
S00095668,124,22,102
S00095669,89,8,81
S00095670,118,20,98
S00095671,90,11,79
S00095672,118,23,95
S00095673,121,10,111
S00095674,104,20,84
S00095675,97,17,80
S00095676,72,24,48
S00095677,69,29,40
S00095678,167,7,160
S00095679,138,12,126
S00095680,113,20,93
S00095681,72,32,40
S00095682,76,13,63
S00095683,88,13,75
S00095684,92,34,58
S00095685,66,12,54
S00095686,111,27,84
S00095687,72,21,51
S00095688,108,11,97
S00095689,55,17,38
S00095690,96,25,71
S00095691,122,37,85
S00095692,86,13,73
S00095693,172,22,150
S00095694,111,17,94
S00095695,83,21,62
S00095696,57,14,43
S00095697,120,16,104
S00095698,153,16,137
S00095699,102,23,79
S00095700,87,11,76
S00095701,143,30,113
S00095702,96,20,76
S00095703,85,11,74
S00095704,147,26,121
S00095705,60,11,49
S00095706,132,31,101
S00095707,145,32,113
S00095708,188,29,159
S00095709,163,20,143
S00095710,77,12,65
S00095711,136,11,125
S00095712,163,11,152
S00095713,113,25,88
S00095714,100,16,84
S00095715,205,17,188
S00095716,101,11,90
S00095717,82,6,76
S00095718,101,13,88
S00095719,125,12,113
S00095720,114,12,102
S00095721,76,12,64
S00095722,128,57,71
S00095723,169,25,144
S00095724,67,9,58
S00095725,163,13,150
S00095726,202,11,191
S00095727,134,10,124
S00095728,104,3,101
S00095729,96,14,82
S00095730,125,13,112
S00095731,157,22,135
S00095732,187,19,168
S00095733,75,3,72
S00095734,180,39,141
S00095735,73,6,67
S00095736,109,20,89
S00095737,85,12,73
S00095738,76,12,64
S00095739,101,14,87
S00095740,78,12,66
S00095741,58,16,42
S00095742,102,19,83
S00095743,89,8,81
S00095744,102,17,85
S00095745,83,17,66
S00095746,65,13,52
S00095747,116,29,87
S00095748,131,17,114
S00095749,91,15,76
S00095750,115,35,80
S00095751,69,13,56
S00095752,80,32,48
S00095753,73,10,63
S00095754,61,11,50
S00095755,84,16,68
S00095756,97,14,83
S00095757,97,22,75
S00095758,117,23,94
S00095759,58,44,14
S00095760,141,45,96
S00095761,58,32,26
S00095762,83,16,67
S00095763,58,12,46
S00095764,87,21,66
S00095765,119,26,93
S00095766,109,25,84
S00095767,54,14,40
S00095768,91,33,58
S00095769,65,16,49
S00095770,96,25,71
S00095771,133,29,104
S00095772,122,8,114
S00095773,97,16,81
S00095774,96,24,72
S00095775,100,23,77
S00095776,98,16,82
S00095777,56,25,31
S00095778,92,21,71
S00095779,85,17,68
S00095780,92,13,79
S00095781,102,15,87
S00095782,151,18,133
S00095783,71,7,64
S00095784,122,28,94
S00095785,88,10,78
S00095786,145,22,123
S00095787,100,7,93
S00095788,188,31,157
S00095789,190,9,181
S00095790,143,12,131
S00095791,171,22,149
S00095792,78,17,61
S00095793,133,43,90
S00095794,99,24,75
S00095795,100,32,68
S00095796,55,10,45
S00095797,80,18,62
S00095798,92,25,67
S00095799,56,20,36
S00095800,147,26,121
S00095801,159,17,142
S00095802,171,23,148
S00095803,79,5,74
S00095804,119,13,106
S00095805,143,42,101
S00095806,87,19,68
S00095807,92,22,70
S00095808,142,31,111
S00095809,65,17,48
S00095810,78,19,59
S00095811,105,33,72
S00095812,162,33,129
S00095813,100,15,85
S00095814,69,5,64
S00095815,108,15,93
S00095816,116,11,105
S00095817,111,22,89
S00095818,92,15,77
S00095819,58,11,47
S00095820,123,32,91
S00095821,106,16,90
S00095822,65,5,60
S00095823,146,25,121
S00095824,160,11,149
S00095825,93,6,87
S00095826,60,8,52
S00095827,82,22,60
S00095828,152,35,117
S00095829,89,12,77
S00095830,59,14,45
S00095831,186,18,168
S00095832,178,20,158
S00095833,64,15,49
S00095834,102,13,89
S00095835,59,13,46
S00095836,146,8,138
S00095837,125,8,117
S00095838,111,8,103
S00095839,151,15,136
S00095840,135,13,122
S00095841,161,18,143
S00095842,136,12,124
S00095843,164,16,148
S00095844,166,33,133
S00095845,104,9,95
S00095846,145,26,119
S00095847,140,50,90
S00095848,91,18,73
S00095849,121,19,102
S00095850,76,26,50
S00095851,106,41,65
S00095852,96,10,86
S00095853,111,19,92
S00095854,70,27,43
S00095855,121,36,85
S00095856,127,24,103
S00095857,103,19,84
S00095858,111,18,93
S00095859,70,22,48
S00095860,96,24,72
S00095861,149,39,110
S00095862,197,40,157
S00095863,126,18,108
S00095864,108,25,83
S00095865,110,30,80
S00095866,92,7,85
S00095867,113,14,99
S00095868,126,30,96
S00095869,155,52,103
S00095870,141,42,99
S00095871,170,26,144
S00095872,109,30,79
S00095873,155,20,135
S00095874,143,14,129
S00095875,127,34,93
S00095876,151,14,137
S00095877,86,20,66
S00095878,220,14,206
S00095879,143,42,101
S00095880,104,21,83
S00095881,64,20,44
S00095882,157,31,126
S00095883,122,36,86
S00095884,142,38,104
S00095885,131,42,89
S00095886,140,28,112
S00095887,159,46,113
S00095888,87,23,64
S00095889,79,14,65
S00095890,95,35,60
S00095891,111,25,86
S00095892,101,10,91
S00095893,103,8,95
S00095894,127,27,100
S00095895,224,39,185
S00095896,118,45,73
S00095897,126,27,99
S00095898,99,30,69
S00095899,64,18,46
S00095900,68,27,41
S00095901,86,28,58
S00095902,96,23,73
S00095903,77,23,54
S00095904,85,22,63
S00095905,97,21,76
S00095906,124,18,106
S00095907,185,29,156
S00095908,71,35,36
S00095909,82,43,39
S00095910,56,13,43
S00095911,123,20,103
S00095912,161,20,141
S00095913,85,21,64
S00095914,89,14,75
S00095915,89,28,61
S00095916,140,36,104
S00095917,123,24,99
S00095918,130,36,94
S00095919,68,11,57
S00095920,133,39,94
S00095921,86,18,68
S00095922,84,23,61
S00095923,146,39,107
S00095924,145,39,106
S00095925,118,25,93
S00095926,121,21,100
S00095927,129,38,91
S00095928,154,23,131
S00095929,142,16,126
S00095930,131,25,106
S00095931,137,33,104
S00095932,109,31,78
S00095933,144,33,111
S00095934,89,6,83
S00095935,90,33,57
S00095936,141,35,106
S00095937,138,35,103
S00095938,151,53,98
S00095939,144,35,109
S00095940,147,21,126
S00095941,149,29,120
S00095942,114,19,95
S00095943,127,27,100
S00095944,65,7,58
S00095945,129,30,99
S00095946,132,37,95
S00095947,187,47,140
S00095948,52,6,46
S00095949,119,28,91
S00095950,156,28,128
S00095951,174,55,119
S00095952,113,27,86
S00095953,85,19,66
S00095954,52,13,39
S00095955,134,30,104
S00095956,138,41,97
S00095957,122,40,82
S00095958,147,28,119
S00095959,131,11,120
S00095960,87,17,70
S00095961,121,31,90
S00095962,82,22,60
S00095963,107,21,86
S00095964,122,10,112
S00095965,142,36,106
S00095966,84,26,58
S00095967,111,31,80
S00095968,185,46,139
S00095969,128,43,85
S00095970,136,35,101
S00095971,86,29,57
S00095972,117,19,98
S00095973,101,20,81
S00095974,112,24,88
S00095975,136,47,89
S00095976,143,30,113
S00095977,70,28,42
S00095978,113,28,85
S00095979,192,28,164
S00095980,174,29,145
S00095981,161,52,109
S00095982,78,8,70
S00095983,123,29,94
S00095984,166,21,145
S00095985,126,30,96
S00095986,116,16,100
S00095987,112,24,88
S00095988,108,29,79
S00095989,114,32,82
S00095990,99,22,77
S00095991,92,41,51
S00095992,109,18,91
S00095993,175,32,143
S00095994,91,25,66
S00095995,182,36,146
S00095996,129,36,93
S00095997,162,44,118
S00095998,105,27,78
S00095999,115,20,95
S00096000,115,11,104
S00096001,213,35,178
S00096002,124,41,83
S00096003,131,28,103
S00096004,129,45,84
S00096005,118,35,83
S00096006,142,44,98
S00096007,101,26,75
S00096008,101,20,81
S00096009,161,22,139
S00096010,182,45,137
S00096011,128,27,101
S00096012,92,26,66
S00096013,86,19,67
S00096014,106,14,92
S00096015,106,20,86
S00096016,165,31,134
S00096017,93,22,71
S00096018,121,29,92
S00096019,126,15,111
S00096020,82,21,61
S00096021,132,46,86
S00096022,107,31,76
S00096023,92,22,70
S00096024,55,18,37
S00096025,93,30,63
S00096026,114,11,103
S00096027,71,16,55
S00096028,107,21,86
S00096029,77,15,62
S00096030,149,33,116
S00096031,173,37,136
S00096032,109,21,88
S00096033,116,27,89
S00096034,89,23,66
S00096035,71,19,52
S00096036,141,23,118
S00096037,129,30,99
S00096038,161,36,125
S00096039,107,18,89
S00096040,100,19,81
S00096041,117,28,89
S00096042,103,19,84
S00096043,158,26,132
S00096044,107,23,84
S00096045,116,28,88
S00096046,106,14,92
S00096047,88,21,67
S00096048,102,39,63
S00096049,118,24,94
S00096050,106,9,97
S00096051,89,10,79
S00096052,117,20,97
S00096053,121,13,108
S00096054,162,17,145
S00096055,93,24,69
S00096056,118,20,98
S00096057,104,36,68
S00096058,161,34,127
S00096059,121,23,98
S00096060,107,12,95
S00096061,149,18,131
S00096062,145,18,127
S00096063,75,16,59
S00096064,126,28,98
S00096065,139,34,105
S00096066,89,23,66
S00096067,87,30,57
S00096068,109,30,79
S00096069,110,10,100
S00096070,92,19,73
S00096071,93,14,79
S00096072,151,37,114
S00096073,117,24,93
S00096074,78,18,60
S00096075,74,18,56
S00096076,82,18,64
S00096077,155,22,133
S00096078,154,34,120
S00096079,109,16,93
S00096080,84,11,73
S00096081,109,27,82
S00096082,98,12,86
S00096083,139,22,117
S00096084,112,13,99
S00096085,117,24,93
S00096086,62,14,48
S00096087,100,20,80
S00096088,77,23,54
S00096089,165,18,147
S00096090,104,24,80
S00096091,151,19,132
S00096092,98,25,73
S00096093,83,15,68
S00096094,118,29,89
S00096095,89,21,68
S00096096,99,16,83
S00096097,106,19,87
S00096098,129,24,105
S00096099,106,19,87
S00096100,103,10,93
S00096101,147,37,110
S00096102,55,7,48
S00096103,131,28,103
S00096104,111,13,98
S00096105,162,26,136
S00096106,100,27,73
S00096107,91,12,79
S00096108,73,38,35
S00096109,115,35,80
S00096110,120,20,100
S00096111,122,17,105
S00096112,194,20,174
S00096113,97,18,79
S00096114,145,20,125
S00096115,168,18,150
S00096116,69,16,53
S00096117,156,51,105
S00096118,185,30,155
S00096119,104,20,84
S00096120,113,26,87
S00096121,103,20,83
S00096122,146,36,110
S00096123,87,20,67
S00096124,100,21,79
S00096125,131,31,100
S00096126,80,33,47
S00096127,110,24,86
S00096128,114,15,99
S00096129,138,15,123
S00096130,78,26,52
S00096131,89,12,77
S00096132,130,9,121
S00096133,59,13,46
S00096134,102,33,69
S00096135,62,9,53
S00096136,66,21,45
S00096137,61,12,49
S00096138,90,13,77
S00096139,126,16,110
S00096140,80,12,68
S00096141,99,4,95
S00096142,169,13,156
S00096143,97,10,87
S00096144,207,13,194
S00096145,157,8,149
S00096146,106,31,75
S00096147,53,10,43
S00096148,56,14,42
S00096149,62,17,45
S00096150,92,13,79
S00096151,114,15,99
S00096152,65,11,54
S00096153,101,13,88
S00096154,83,18,65
S00096155,166,29,137
S00096156,95,11,84
S00096157,113,20,93
S00096158,137,12,125
S00096159,190,11,179
S00096160,193,13,180
S00096161,122,5,117
S00096162,831,214,617
S00096163,84,24,60
S00096164,87,35,52
S00096165,190,18,172
S00096166,123,14,109
S00096167,196,15,181
S00096168,124,9,115
S00096169,205,14,191
S00096170,140,25,115
S00096171,115,14,101
S00096172,150,8,142
S00096173,128,32,96
S00096174,76,12,64
S00096175,82,4,78
S00096176,179,18,161
S00096177,153,18,135
S00096178,71,11,60
S00096179,87,40,47
S00096180,136,41,95
S00096181,63,14,49
S00096182,93,32,61
S00096183,99,26,73
S00096184,108,40,68
S00096185,80,22,58
S00096186,85,17,68
S00096187,55,14,41
S00096188,86,17,69
S00096189,161,49,112
S00096190,136,48,88
S00096191,52,19,33
S00096192,93,26,67
S00096193,124,22,102
S00096194,200,19,181
S00096195,139,25,114
S00096196,157,23,134
S00096197,120,6,114
S00096198,156,32,124
S00096199,131,32,99
S00096200,70,14,56
S00096201,117,23,94
S00096202,84,35,49
S00096203,142,36,106
S00096204,186,27,159
S00096205,96,38,58
S00096206,61,12,49
S00096207,139,33,106
S00096208,141,13,128
S00096209,161,24,137
S00096210,147,12,135
S00096211,114,11,103
S00096212,131,12,119
S00096213,132,21,111
S00096214,91,9,82
S00096215,160,15,145
S00096216,180,26,154
S00096217,88,10,78
S00096218,163,30,133
S00096219,128,14,114
S00096220,50,30,20
S00096221,142,61,81
S00096222,152,55,97
S00096223,95,27,68
S00096224,140,20,120
S00096225,128,28,100
S00096226,164,28,136
S00096227,53,15,38
S00096228,133,19,114
S00096229,92,16,76
S00096230,139,33,106
S00096231,74,9,65
S00096232,148,28,120
S00096233,65,9,56
S00096234,133,36,97
S00096235,123,16,107
S00096236,92,23,69
S00096237,69,12,57
S00096238,102,26,76
S00096239,67,11,56
S00096240,75,14,61
S00096241,105,23,82
S00096242,175,18,157
S00096243,136,56,80
S00096244,61,16,45
S00096245,187,17,170
S00096246,193,25,168
S00096247,95,14,81
S00096248,116,10,106
S00096249,99,5,94
S00096250,144,31,113
S00096251,182,41,141
S00096252,106,19,87
S00096253,179,58,121
S00096254,104,6,98
S00096255,204,19,185
S00096256,109,25,84
S00096257,100,11,89
S00096258,104,15,89
S00096259,164,33,131
S00096260,97,17,80
S00096261,61,5,56
S00096262,126,42,84
S00096263,66,1,65
S00096264,172,21,151
S00096265,93,3,90
S00096266,94,38,56
S00096267,90,14,76
S00096268,142,17,125
S00096269,58,11,47
S00096270,121,18,103
S00096271,107,28,79
S00096272,142,33,109
S00096273,61,21,40
S00096274,91,20,71
S00096275,104,25,79
S00096276,103,18,85
S00096277,129,13,116
S00096278,132,47,85
S00096279,103,41,62
S00096280,89,16,73
S00096281,104,23,81
S00096282,89,34,55
S00096283,127,33,94
S00096284,98,24,74
S00096285,99,19,80
S00096286,67,18,49
S00096287,68,13,55
S00096288,85,25,60
S00096289,94,29,65
S00096290,85,20,65
S00096291,110,17,93
S00096292,82,19,63
S00096293,52,6,46
S00096294,106,40,66
S00096295,197,45,152
S00096296,56,18,38
S00096297,77,22,55
S00096298,99,15,84
S00096299,61,11,50
S00096300,110,37,73
S00096301,58,24,34
S00096302,120,32,88
S00096303,70,14,56
S00096304,117,28,89
S00096305,64,9,55
S00096306,117,10,107
S00096307,132,22,110
S00096308,131,24,107
S00096309,127,16,111
S00096310,138,21,117
S00096311,107,11,96
S00096312,101,23,78
S00096313,117,19,98
S00096314,101,23,78
S00096315,119,20,99
S00096316,62,9,53
S00096317,100,16,84
S00096318,115,16,99
S00096319,86,18,68
S00096320,118,47,71
S00096321,199,41,158
S00096322,83,35,48
S00096323,78,32,46
S00096324,112,44,68
S00096325,118,31,87
S00096326,119,29,90
S00096327,103,14,89
S00096328,99,58,41
S00096329,85,15,70
S00096330,60,45,15
S00096331,111,22,89
S00096332,120,17,103
S00096333,118,22,96
S00096334,102,17,85
S00096335,134,17,117
S00096336,135,24,111
S00096337,69,41,28
S00096338,101,43,58
S00096339,104,28,76
S00096340,94,32,62
S00096341,79,22,57
S00096342,125,21,104
S00096343,86,28,58
S00096344,127,15,112
S00096345,94,9,85
S00096346,113,43,70
S00096347,117,18,99
S00096348,93,36,57
S00096349,89,29,60
S00096350,65,23,42
S00096351,196,48,148
S00096352,140,45,95
S00096353,64,22,42
S00096354,91,27,64
S00096355,173,26,147
S00096356,135,35,100
S00096357,150,39,111
S00096358,84,20,64
S00096359,63,26,37
S00096360,85,31,54
S00096361,82,25,57
S00096362,78,26,52
S00096363,80,23,57
S00096364,86,35,51
S00096365,96,14,82
S00096366,126,30,96
S00096367,155,24,131
S00096368,94,29,65
S00096369,228,16,212
S00096370,90,11,79
S00096371,96,18,78
S00096372,109,31,78
S00096373,127,29,98
S00096374,162,38,124
S00096375,149,35,114
S00096376,108,17,91
S00096377,154,35,119
S00096378,87,18,69
S00096379,106,25,81
S00096380,148,22,126
S00096381,107,18,89
S00096382,76,13,63
S00096383,112,20,92
S00096384,126,33,93
S00096385,105,19,86
S00096386,170,27,143
S00096387,167,43,124
S00096388,167,28,139
S00096389,105,32,73
S00096390,187,41,146
S00096391,176,36,140
S00096392,59,18,41
S00096393,90,16,74
S00096394,84,20,64
S00096395,136,37,99
S00096396,150,37,113
S00096397,134,39,95
S00096398,134,25,109
S00096399,82,27,55
S00096400,84,16,68
S00096401,102,23,79
S00096402,107,32,75
S00096403,77,7,70
S00096404,56,8,48
S00096405,84,14,70
S00096406,73,13,60
S00096407,135,31,104
S00096408,110,27,83
S00096409,128,29,99
S00096410,68,18,50
S00096411,148,31,117
S00096412,53,23,30
S00096413,123,25,98
S00096414,172,31,141
S00096415,140,23,117
S00096416,103,26,77
S00096417,71,17,54
S00096418,111,33,78
S00096419,109,28,81
S00096420,84,27,57
S00096421,125,42,83
S00096422,169,33,136
S00096423,161,9,152
S00096424,124,24,100
S00096425,171,35,136
S00096426,87,9,78
S00096427,131,21,110
S00096428,122,12,110
S00096429,89,14,75
S00096430,117,14,103
S00096431,72,13,59
S00096432,65,10,55
S00096433,52,10,42
S00096434,71,18,53
S00096435,66,7,59
S00096436,198,20,178
S00096437,54,42,12
S00096438,66,32,34
S00096439,69,5,64
S00096440,66,38,28
S00096441,55,18,37
S00096442,68,29,39
S00096443,85,18,67
S00096444,122,17,105
S00096445,110,38,72
S00096446,87,34,53
S00096447,105,18,87
S00096448,73,17,56
S00096449,133,17,116
S00096450,94,22,72
S00096451,148,21,127
S00096452,124,19,105
S00096453,74,24,50
S00096454,133,22,111
S00096455,112,21,91
S00096456,105,14,91
S00096457,76,22,54
S00096458,106,15,91
S00096459,115,13,102
S00096460,107,39,68
S00096461,110,43,67
S00096462,105,26,79
S00096463,119,36,83
S00096464,123,32,91
S00096465,138,42,96
S00096466,75,25,50
S00096467,94,46,48
S00096468,74,24,50
S00096469,148,31,117
S00096470,108,17,91
S00096471,57,10,47
S00096472,144,22,122
S00096473,95,59,36
S00096474,135,24,111
S00096475,109,12,97
S00096476,119,25,94
S00096477,128,30,98
S00096478,91,25,66
S00096479,143,44,99
S00096480,112,15,97
S00096481,132,77,55
S00096482,133,28,105
S00096483,127,35,92
S00096484,102,19,83
S00096485,66,3,63
S00096486,192,21,171
S00096487,108,6,102
S00096488,90,27,63
S00096489,92,15,77
S00096490,71,31,40
S00096491,58,17,41
S00096492,150,18,132
S00096493,165,29,136
S00096494,177,20,157
S00096495,157,17,140
S00096496,125,23,102
S00096497,114,15,99
S00096498,106,21,85
S00096499,56,8,48
S00096500,61,15,46
S00096501,119,14,105
S00096502,82,16,66
S00096503,80,8,72
S00096504,126,29,97
S00096505,109,18,91
S00096506,131,19,112
S00096507,136,24,112
S00096508,86,20,66
S00096509,106,19,87
S00096510,91,17,74
S00096511,105,27,78
S00096512,102,32,70
S00096513,170,23,147
S00096514,94,22,72
S00096515,91,20,71
S00096516,126,37,89
S00096517,189,31,158
S00096518,111,21,90
S00096519,145,38,107
S00096520,110,32,78
S00096521,147,34,113
S00096522,90,5,85
S00096523,151,32,119
S00096524,117,25,92
S00096525,65,12,53
S00096526,167,20,147
S00096527,106,20,86
S00096528,70,17,53
S00096529,101,12,89
S00096530,142,11,131
S00096531,78,55,23
S00096532,84,8,76
S00096533,86,24,62
S00096534,75,48,27
S00096535,82,53,29
S00096536,195,66,129
S00096537,96,22,74
S00096538,85,17,68
S00096539,76,24,52
S00096540,146,34,112
S00096541,100,17,83
S00096542,113,41,72
S00096543,101,30,71
S00096544,120,39,81
S00096545,87,43,44
S00096546,60,20,40
S00096547,85,31,54
S00096548,121,24,97
S00096549,118,39,79
S00096550,147,26,121
S00096551,88,15,73
S00096552,88,24,64
S00096553,137,32,105
S00096554,77,23,54
S00096555,227,43,184
S00096556,142,38,104
S00096557,60,18,42
S00096558,168,30,138
S00096559,106,29,77
S00096560,92,21,71
S00096561,77,14,63
S00096562,95,25,70
S00096563,168,42,126
S00096564,105,25,80
S00096565,62,11,51
S00096566,118,24,94
S00096567,120,7,113
S00096568,134,7,127
S00096569,89,19,70
S00096570,117,14,103
S00096571,184,46,138
S00096572,86,22,64
S00096573,99,17,82
S00096574,112,31,81
S00096575,65,10,55
S00096576,112,25,87
S00096577,93,20,73
S00096578,83,32,51
S00096579,143,11,132
S00096580,93,27,66
S00096581,101,17,84
S00096582,93,16,77
S00096583,92,11,81
S00096584,99,20,79
S00096585,61,13,48
S00096586,83,14,69
S00096587,176,7,169
S00096588,82,14,68
S00096589,90,24,66
S00096590,97,10,87
S00096591,70,13,57
S00096592,83,8,75
S00096593,54,21,33
S00096594,75,11,64
S00096595,88,15,73
S00096596,67,15,52
S00096597,94,23,71
S00096598,54,9,45
S00096599,93,24,69
S00096600,80,24,56
S00096601,110,23,87
S00096602,94,13,81
S00096603,117,54,63
S00096604,122,22,100
S00096605,87,42,45
S00096606,71,19,52
S00096607,95,28,67
S00096608,118,24,94
S00096609,149,13,136
S00096610,87,25,62
S00096611,232,19,213
S00096612,94,9,85
S00096613,57,12,45
S00096614,67,7,60
S00096615,78,11,67
S00096616,121,31,90
S00096617,98,27,71
S00096618,109,22,87
S00096619,73,13,60
S00096620,90,20,70
S00096621,89,23,66
S00096622,77,17,60
S00096623,116,28,88
S00096624,83,14,69
S00096625,146,17,129
S00096626,111,21,90
S00096627,75,15,60
S00096628,131,26,105
S00096629,84,18,66
S00096630,115,21,94
S00096631,103,17,86
S00096632,106,33,73
S00096633,100,38,62
S00096634,77,30,47
S00096635,113,26,87
S00096636,88,25,63
S00096637,89,35,54
S00096638,77,26,51
S00096639,69,8,61
S00096640,87,27,60
S00096641,92,11,81
S00096642,138,20,118
S00096643,166,21,145
S00096644,116,16,100
S00096645,82,13,69
S00096646,88,12,76
S00096647,137,13,124
S00096648,60,10,50
S00096649,117,21,96
S00096650,94,11,83
S00096651,227,26,201
S00096652,170,27,143
S00096653,73,6,67
S00096654,168,12,156
S00096655,209,48,161
S00096656,85,11,74
S00096657,79,11,68
S00096658,52,6,46
S00096659,96,27,69
S00096660,97,13,84
S00096661,143,32,111
S00096662,119,16,103
S00096663,128,20,108
S00096664,217,80,137
S00096665,168,41,127
S00096666,87,20,67
S00096667,56,10,46
S00096668,80,15,65
S00096669,168,24,144
S00096670,97,23,74
S00096671,96,8,88
S00096672,109,30,79
S00096673,176,25,151
S00096674,136,18,118
S00096675,109,28,81
S00096676,88,22,66
S00096677,53,22,31
S00096678,69,33,36
S00096679,87,30,57
S00096680,88,33,55
S00096681,97,29,68
S00096682,112,28,84
S00096683,166,21,145
S00096684,84,30,54
S00096685,113,24,89
S00096686,181,45,136
S00096687,174,40,134
S00096688,117,22,95
S00096689,97,29,68
S00096690,76,12,64
S00096691,96,10,86
S00096692,206,18,188
S00096693,156,13,143
S00096694,157,73,84
S00096695,80,19,61
S00096696,131,30,101
S00096697,102,23,79
S00096698,67,13,54
S00096699,77,17,60
S00096700,85,35,50
S00096701,94,20,74
S00096702,106,18,88
S00096703,128,28,100
S00096704,98,33,65
S00096705,163,32,131
S00096706,86,18,68
S00096707,85,7,78
S00096708,52,11,41
S00096709,87,21,66
S00096710,83,28,55
S00096711,90,21,69
S00096712,127,50,77
S00096713,121,49,72
S00096714,70,31,39
S00096715,170,34,136
S00096716,63,23,40
S00096717,97,23,74
S00096718,100,15,85
S00096719,153,41,112
S00096720,65,5,60
S00096721,71,25,46
S00096722,78,27,51
S00096723,129,30,99
S00096724,80,14,66
S00096725,110,20,90
S00096726,84,27,57
S00096727,153,39,114
S00096728,155,42,113
S00096729,121,39,82
S00096730,115,34,81
S00096731,70,25,45
S00096732,155,38,117
S00096733,149,48,101
S00096734,77,17,60
S00096735,120,33,87
S00096736,73,29,44
S00096737,59,14,45
S00096738,117,28,89
S00096739,137,12,125
S00096740,121,28,93
S00096741,181,121,60
S00096742,132,42,90
S00096743,133,10,123
S00096744,120,31,89
S00096745,98,24,74
S00096746,96,40,56
S00096747,184,38,146
S00096748,154,50,104
S00096749,169,47,122
S00096750,167,56,111
S00096751,107,22,85
S00096752,115,36,79
S00096753,94,24,70
S00096754,106,35,71
S00096755,136,46,90
S00096756,109,24,85
S00096757,69,26,43
S00096758,137,32,105
S00096759,85,17,68
S00096760,128,25,103
S00096761,92,19,73
S00096762,82,6,76
S00096763,86,24,62
S00096764,55,17,38
S00096765,98,41,57
S00096766,134,25,109
S00096767,128,20,108
S00096768,100,24,76
S00096769,74,19,55
S00096770,70,21,49
S00096771,110,25,85
S00096772,104,23,81
S00096773,115,25,90
S00096774,117,36,81
S00096775,68,32,36
S00096776,65,34,31
S00096777,66,22,44
S00096778,62,25,37
S00096779,68,13,55
S00096780,56,24,32
S00096781,109,17,92
S00096782,122,39,83
S00096783,68,30,38
S00096784,110,41,69
S00096785,134,43,91
S00096786,128,31,97
S00096787,152,38,114
S00096788,92,27,65
S00096789,73,30,43
S00096790,96,25,71
S00096791,76,41,35
S00096792,85,37,48
S00096793,77,43,34
S00096794,185,47,138
S00096795,106,47,59
S00096796,76,33,43
S00096797,77,48,29
S00096798,86,38,48
S00096799,71,39,32
S00096800,82,27,55
S00096801,105,34,71
S00096802,97,26,71
S00096803,162,50,112
S00096804,114,31,83
S00096805,60,12,48
S00096806,160,32,128
S00096807,77,9,68
S00096808,136,24,112
S00096809,108,24,84
S00096810,81,32,49
S00096811,80,18,62
S00096812,139,39,100
S00096813,112,33,79
S00096814,119,35,84
S00096815,156,42,114
S00096816,152,38,114
S00096817,106,19,87
S00096818,99,34,65
S00096819,117,24,93
S00096820,123,27,96
S00096821,82,34,48
S00096822,99,27,72
S00096823,77,25,52
S00096824,118,29,89
S00096825,112,35,77
S00096826,103,28,75
S00096827,96,25,71
S00096828,109,20,89
S00096829,81,25,56
S00096830,119,23,96
S00096831,146,50,96
S00096832,85,28,57
S00096833,122,24,98
S00096834,128,38,90
S00096835,132,39,93
S00096836,87,28,59
S00096837,100,20,80
S00096838,154,50,104
S00096839,151,51,100
S00096840,145,41,104
S00096841,141,49,92
S00096842,131,40,91
S00096843,85,21,64
S00096844,123,14,109
S00096845,97,32,65
S00096846,99,31,68
S00096847,55,16,39
S00096848,90,32,58
S00096849,104,19,85
S00096850,91,33,58
S00096851,83,22,61
S00096852,72,23,49
S00096853,134,36,98
S00096854,93,24,69
S00096855,173,22,151
S00096856,166,35,131
S00096857,68,42,26
S00096858,75,24,51
S00096859,160,29,131
S00096860,95,33,62
S00096861,78,34,44
S00096862,106,13,93
S00096863,130,21,109
S00096864,92,20,72
S00096865,58,31,27
S00096866,96,40,56
S00096867,86,15,71
S00096868,56,18,38
S00096869,75,25,50
S00096870,53,18,35
S00096871,118,39,79
S00096872,275,150,125
S00096873,141,13,128
S00096874,56,38,18
S00096875,84,20,64
S00096876,111,32,79
S00096877,96,19,77
S00096878,141,46,95
S00096879,109,17,92
S00096880,116,31,85
S00096881,123,22,101
S00096882,104,19,85
S00096883,90,11,79
S00096884,87,29,58
S00096885,136,16,120
S00096886,97,23,74
S00096887,94,19,75
S00096888,104,30,74
S00096889,179,24,155
S00096890,155,47,108
S00096891,132,38,94
S00096892,82,21,61
S00096893,61,21,40
S00096894,87,24,63
S00096895,100,38,62
S00096896,129,49,80
S00096897,97,15,82
S00096898,98,4,94
S00096899,107,15,92
S00096900,107,20,87
S00096901,119,17,102
S00096902,82,19,63
S00096903,69,20,49
S00096904,129,21,108
S00096905,114,19,95
S00096906,123,23,100
S00096907,98,28,70
S00096908,169,42,127
S00096909,119,24,95
S00096910,131,14,117
S00096911,118,13,105
S00096912,155,12,143
S00096913,146,13,133
S00096914,121,12,109
S00096915,105,15,90
S00096916,157,19,138
S00096917,65,11,54
S00096918,85,8,77
S00096919,129,12,117
S00096920,122,19,103
S00096921,91,13,78
S00096922,107,10,97
S00096923,78,8,70
S00096924,62,10,52
S00096925,165,13,152
S00096926,114,19,95
S00096927,112,25,87
S00096928,100,26,74
S00096929,108,24,84
S00096930,80,6,74
S00096931,94,13,81
S00096932,173,45,128
S00096933,138,28,110
S00096934,124,22,102
S00096935,89,21,68
S00096936,122,17,105
S00096937,127,34,93
S00096938,131,34,97
S00096939,59,19,40
S00096940,87,13,74
S00096941,137,22,115
S00096942,180,26,154
S00096943,130,26,104
S00096944,112,25,87
S00096945,114,21,93
S00096946,80,7,73
S00096947,114,23,91
S00096948,108,25,83
S00096949,87,24,63
S00096950,109,24,85
S00096951,94,36,58
S00096952,148,26,122
S00096953,79,16,63
S00096954,69,13,56
S00096955,137,46,91
S00096956,123,36,87
S00096957,177,31,146
S00096958,142,47,95
S00096959,63,14,49
S00096960,100,20,80
S00096961,91,23,68
S00096962,115,19,96
S00096963,118,17,101
S00096964,156,34,122
S00096965,86,11,75
S00096966,55,9,46
S00096967,122,41,81
S00096968,135,16,119
S00096969,112,33,79
S00096970,137,36,101
S00096971,53,12,41
S00096972,122,34,88
S00096973,133,35,98
S00096974,94,17,77
S00096975,156,22,134
S00096976,85,27,58
S00096977,70,28,42
S00096978,111,39,72
S00096979,76,22,54
S00096980,119,44,75
S00096981,152,25,127
S00096982,121,11,110
S00096983,97,12,85
S00096984,116,26,90
S00096985,79,19,60
S00096986,103,26,77
S00096987,68,29,39
S00096988,75,20,55
S00096989,149,34,115
S00096990,85,18,67
S00096991,58,15,43
S00096992,59,19,40
S00096993,103,33,70
S00096994,52,18,34
S00096995,102,17,85
S00096996,61,8,53
S00096997,52,16,36
S00096998,93,28,65
S00096999,119,23,96
S00097000,99,16,83
S00097001,93,21,72
S00097002,58,14,44
S00097003,66,11,55
S00097004,109,34,75
S00097005,127,32,95
S00097006,75,20,55
S00097007,133,26,107
S00097008,78,6,72
S00097009,120,25,95
S00097010,82,12,70
S00097011,95,20,75
S00097012,85,25,60
S00097013,120,43,77
S00097014,95,28,67
S00097015,63,18,45
S00097016,63,31,32
S00097017,71,30,41
S00097018,67,17,50
S00097019,77,19,58
S00097020,62,25,37
S00097021,87,31,56
S00097022,103,31,72
S00097023,131,21,110
S00097024,79,2,77
S00097025,261,28,233
S00097026,107,10,97
S00097027,103,8,95
S00097028,97,15,82
S00097029,141,9,132
S00097030,104,10,94
S00097031,96,16,80
S00097032,183,16,167
S00097033,73,14,59
S00097034,73,11,62
S00097035,52,16,36
S00097036,52,21,31
S00097037,97,41,56
S00097038,165,9,156
S00097039,85,31,54
S00097040,62,25,37
S00097041,55,17,38
S00097042,92,29,63
S00097043,82,19,63
S00097044,181,40,141
S00097045,156,55,101
S00097046,75,16,59
S00097047,129,22,107
S00097048,137,40,97
S00097049,74,16,58
S00097050,78,12,66
S00097051,109,23,86
S00097052,142,26,116
S00097053,146,17,129
S00097054,161,32,129
S00097055,63,15,48
S00097056,152,46,106
S00097057,85,20,65
S00097058,101,20,81
S00097059,54,24,30
S00097060,58,12,46
S00097061,93,18,75
S00097062,142,31,111
S00097063,87,32,55
S00097064,56,19,37
S00097065,87,25,62
S00097066,88,29,59
S00097067,88,19,69
S00097068,102,48,54
S00097069,187,26,161
S00097070,83,8,75
S00097071,169,15,154
S00097072,57,23,34
S00097073,89,19,70
S00097074,121,34,87
S00097075,64,15,49
S00097076,86,26,60
S00097077,55,21,34
S00097078,97,10,87
S00097079,121,16,105
S00097080,99,7,92
S00097081,102,16,86
S00097082,77,8,69
S00097083,68,24,44
S00097084,94,28,66
S00097085,112,26,86
S00097086,68,17,51
S00097087,105,28,77
S00097088,93,13,80
S00097089,73,10,63
S00097090,139,35,104
S00097091,106,19,87
S00097092,90,18,72
S00097093,98,13,85
S00097094,69,34,35
S00097095,206,23,183
S00097096,130,10,120
S00097097,103,12,91
S00097098,83,21,62
S00097099,97,19,78
S00097100,84,29,55
S00097101,66,14,52
S00097102,68,22,46
S00097103,81,15,66
S00097104,172,16,156
S00097105,60,10,50
S00097106,161,16,145
S00097107,112,11,101
S00097108,73,9,64
S00097109,154,19,135
S00097110,102,13,89
S00097111,73,20,53
S00097112,135,13,122
S00097113,102,30,72
S00097114,107,22,85
S00097115,114,28,86
S00097116,144,16,128
S00097117,78,15,63
S00097118,174,21,153
S00097119,114,20,94
S00097120,116,20,96
S00097121,146,22,124
S00097122,116,15,101
S00097123,127,20,107
S00097124,93,8,85
S00097125,111,15,96
S00097126,93,12,81
S00097127,90,16,74
S00097128,157,27,130
S00097129,57,8,49
S00097130,72,14,58
S00097131,100,18,82
S00097132,98,13,85
S00097133,136,30,106
S00097134,175,39,136
S00097135,106,22,84
S00097136,165,45,120
S00097137,85,12,73
S00097138,88,22,66
S00097139,144,36,108
S00097140,113,22,91
S00097141,179,30,149
S00097142,195,36,159
S00097143,87,15,72
S00097144,110,12,98
S00097145,170,34,136
S00097146,117,29,88
S00097147,147,27,120
S00097148,174,23,151
S00097149,123,25,98
S00097150,180,38,142
S00097151,97,17,80
S00097152,141,32,109
S00097153,184,26,158
S00097154,152,40,112
S00097155,94,21,73
S00097156,146,27,119
S00097157,176,40,136
S00097158,108,14,94
S00097159,192,70,122
S00097160,91,5,86
S00097161,195,46,149
S00097162,142,27,115
S00097163,128,30,98
S00097164,144,25,119
S00097165,60,9,51
S00097166,121,31,90
S00097167,177,59,118
S00097168,124,20,104
S00097169,51,14,37
S00097170,230,34,196
S00097171,135,30,105
S00097172,137,34,103
S00097173,154,22,132
S00097174,119,22,97
S00097175,97,22,75
S00097176,118,13,105
S00097177,110,22,88
S00097178,118,34,84
S00097179,78,12,66
S00097180,123,39,84
S00097181,176,41,135
S00097182,97,18,79
S00097183,130,28,102
S00097184,118,30,88
S00097185,121,28,93
S00097186,86,14,72
S00097187,114,18,96
S00097188,104,20,84
S00097189,124,14,110
S00097190,82,9,73
S00097191,55,11,44
S00097192,90,19,71
S00097193,162,36,126
S00097194,208,28,180
S00097195,106,12,94
S00097196,130,15,115
S00097197,101,21,80
S00097198,136,26,110
S00097199,105,34,71
S00097200,141,19,122
S00097201,90,21,69
S00097202,79,23,56
S00097203,114,14,100
S00097204,100,10,90
S00097205,122,18,104
S00097206,143,7,136
S00097207,143,28,115
S00097208,152,32,120
S00097209,150,28,122
S00097210,136,22,114
S00097211,199,28,171
S00097212,183,26,157
S00097213,139,20,119
S00097214,159,28,131
S00097215,140,25,115
S00097216,136,24,112
S00097217,186,32,154
S00097218,182,42,140
S00097219,144,22,122
S00097220,106,19,87
S00097221,83,27,56
S00097222,87,12,75
S00097223,161,22,139
S00097224,185,28,157
S00097225,82,13,69
S00097226,88,14,74
S00097227,107,28,79
S00097228,163,26,137
S00097229,77,23,54
S00097230,137,29,108
S00097231,83,33,50
S00097232,167,25,142
S00097233,105,60,45
S00097234,163,34,129
S00097235,173,69,104
S00097236,157,18,139
S00097237,148,38,110
S00097238,126,13,113
S00097239,134,26,108
S00097240,95,20,75
S00097241,76,18,58
S00097242,125,28,97
S00097243,197,9,188
S00097244,128,16,112
S00097245,163,8,155
S00097246,66,7,59
S00097247,117,11,106
S00097248,142,24,118
S00097249,125,11,114
S00097250,165,9,156
S00097251,182,39,143
S00097252,202,45,157
S00097253,163,39,124
S00097254,133,32,101
S00097255,131,17,114
S00097256,99,26,73
S00097257,78,18,60
S00097258,89,46,43
S00097259,165,27,138
S00097260,77,23,54
S00097261,78,7,71
S00097262,101,37,64
S00097263,101,33,68
S00097264,95,19,76
S00097265,88,19,69
S00097266,76,9,67
S00097267,60,17,43
S00097268,150,17,133
S00097269,143,47,96
S00097270,59,5,54
S00097271,94,22,72
S00097272,79,25,54
S00097273,70,16,54
S00097274,101,13,88
S00097275,87,28,59
S00097276,107,11,96
S00097277,135,28,107
S00097278,114,17,97
S00097279,117,14,103
S00097280,92,16,76
S00097281,119,31,88
S00097282,126,24,102
S00097283,70,14,56
S00097284,129,17,112
S00097285,86,13,73
S00097286,81,9,72
S00097287,166,25,141
S00097288,159,38,121
S00097289,113,22,91
S00097290,109,24,85
S00097291,73,11,62
S00097292,75,24,51
S00097293,122,19,103
S00097294,136,22,114
S00097295,81,9,72
S00097296,105,18,87
S00097297,52,27,25
S00097298,127,26,101
S00097299,92,14,78
S00097300,187,24,163
S00097301,65,21,44
S00097302,85,20,65
S00097303,164,19,145
S00097304,98,21,77
S00097305,101,22,79
S00097306,139,9,130
S00097307,174,33,141
S00097308,83,21,62
S00097309,138,24,114
S00097310,170,17,153
S00097311,171,30,141
S00097312,56,14,42
S00097313,72,15,57
S00097314,75,22,53
S00097315,140,41,99
S00097316,58,15,43
S00097317,89,24,65
S00097318,52,11,41
S00097319,71,16,55
S00097320,79,9,70
S00097321,98,16,82
S00097322,67,7,60
S00097323,127,27,100
S00097324,122,35,87
S00097325,120,26,94
S00097326,100,23,77
S00097327,105,15,90
S00097328,131,22,109
S00097329,167,39,128
S00097330,109,19,90
S00097331,137,23,114
S00097332,80,13,67
S00097333,139,32,107
S00097334,102,32,70
S00097335,132,30,102
S00097336,75,15,60
S00097337,89,17,72
S00097338,97,20,77
S00097339,186,26,160
S00097340,172,31,141
S00097341,119,29,90
S00097342,136,18,118
S00097343,119,20,99
S00097344,190,32,158
S00097345,77,20,57
S00097346,140,29,111
S00097347,61,16,45
S00097348,169,30,139
S00097349,118,31,87
S00097350,131,22,109
S00097351,88,18,70
S00097352,87,29,58
S00097353,135,23,112
S00097354,148,48,100
S00097355,69,6,63
S00097356,121,33,88
S00097357,85,25,60
S00097358,81,7,74
S00097359,96,13,83
S00097360,178,21,157
S00097361,69,11,58
S00097362,64,10,54
S00097363,137,33,104
S00097364,144,28,116
S00097365,100,16,84
S00097366,114,18,96
S00097367,145,46,99
S00097368,129,36,93
S00097369,146,18,128
S00097370,68,16,52
S00097371,112,15,97
S00097372,57,10,47
S00097373,78,10,68
S00097374,119,20,99
S00097375,121,28,93
S00097376,93,25,68
S00097377,125,41,84
S00097378,137,30,107
S00097379,114,44,70
S00097380,105,26,79
S00097381,112,36,76
S00097382,120,16,104
S00097383,120,23,97
S00097384,70,9,61
S00097385,102,22,80
S00097386,114,31,83
S00097387,97,28,69
S00097388,118,28,90
S00097389,102,32,70
S00097390,135,21,114
S00097391,109,19,90
S00097392,151,37,114
S00097393,94,24,70
S00097394,64,9,55
S00097395,134,25,109
S00097396,70,17,53
S00097397,98,33,65
S00097398,88,27,61
S00097399,86,15,71
S00097400,143,37,106
S00097401,61,21,40
S00097402,104,26,78
S00097403,83,30,53
S00097404,135,28,107
S00097405,101,25,76
S00097406,77,26,51
S00097407,56,20,36
S00097408,72,6,66
S00097409,72,20,52
S00097410,87,23,64
S00097411,103,28,75
S00097412,99,18,81
S00097413,132,53,79
S00097414,121,14,107
S00097415,127,29,98
S00097416,111,26,85
S00097417,155,35,120
S00097418,180,33,147
S00097419,93,23,70
S00097420,116,23,93
S00097421,103,22,81
S00097422,144,31,113
S00097423,56,13,43
S00097424,127,26,101
S00097425,134,28,106
S00097426,87,22,65
S00097427,76,19,57
S00097428,112,26,86
S00097429,126,34,92
S00097430,74,19,55
S00097431,138,47,91
S00097432,80,18,62
S00097433,129,25,104
S00097434,152,32,120
S00097435,111,27,84
S00097436,174,34,140
S00097437,104,26,78
S00097438,162,35,127
S00097439,146,22,124
S00097440,69,14,55
S00097441,92,34,58
S00097442,130,36,94
S00097443,146,35,111
S00097444,121,35,86
S00097445,63,14,49
S00097446,158,51,107
S00097447,111,36,75
S00097448,118,36,82
S00097449,108,23,85
S00097450,121,26,95
S00097451,100,31,69
S00097452,63,9,54
S00097453,168,54,114
S00097454,107,31,76
S00097455,97,40,57
S00097456,180,29,151
S00097457,96,30,66
S00097458,118,26,92
S00097459,138,44,94
S00097460,184,45,139
S00097461,54,15,39
S00097462,158,20,138
S00097463,69,14,55
S00097464,121,29,92
S00097465,203,29,174
S00097466,158,34,124
S00097467,100,26,74
S00097468,85,22,63
S00097469,122,30,92
S00097470,156,40,116
S00097471,135,22,113
S00097472,92,23,69
S00097473,96,39,57
S00097474,93,19,74
S00097475,92,30,62
S00097476,108,18,90
S00097477,124,30,94
S00097478,90,31,59
S00097479,134,47,87
S00097480,60,16,44
S00097481,104,35,69
S00097482,70,25,45
S00097483,92,30,62
S00097484,71,17,54
S00097485,126,34,92
S00097486,114,20,94
S00097487,111,19,92
S00097488,86,22,64
S00097489,92,22,70
S00097490,168,44,124
S00097491,65,16,49
S00097492,139,34,105
S00097493,95,24,71
S00097494,84,18,66
S00097495,86,8,78
S00097496,99,25,74
S00097497,110,22,88
S00097498,96,18,78
S00097499,116,40,76
S00097500,134,21,113
S00097501,74,21,53
S00097502,138,26,112
S00097503,109,22,87
S00097504,129,26,103
S00097505,115,21,94
S00097506,120,26,94
S00097507,78,20,58
S00097508,115,27,88
S00097509,83,9,74
S00097510,133,29,104
S00097511,189,64,125
S00097512,92,25,67
S00097513,74,15,59
S00097514,75,12,63
S00097515,146,29,117
S00097516,133,43,90
S00097517,69,14,55
S00097518,85,21,64
S00097519,123,35,88
S00097520,99,23,76
S00097521,138,39,99
S00097522,60,12,48
S00097523,68,21,47
S00097524,132,28,104
S00097525,100,27,73
S00097526,138,28,110
S00097527,119,23,96
S00097528,152,34,118
S00097529,160,39,121
S00097530,118,34,84
S00097531,140,29,111
S00097532,115,20,95
S00097533,123,21,102
S00097534,108,28,80
S00097535,172,40,132
S00097536,88,20,68
S00097537,132,33,99
S00097538,140,32,108
S00097539,209,49,160
S00097540,143,39,104
S00097541,61,20,41
S00097542,65,28,37
S00097543,98,19,79
S00097544,102,24,78
S00097545,119,47,72
S00097546,73,30,43
S00097547,104,26,78
S00097548,116,22,94
S00097549,159,35,124
S00097550,93,15,78
S00097551,67,19,48
S00097552,72,15,57
S00097553,106,22,84
S00097554,118,21,97
S00097555,69,16,53
S00097556,145,24,121
S00097557,61,31,30
S00097558,174,35,139
S00097559,113,20,93
S00097560,90,29,61
S00097561,150,29,121
S00097562,155,41,114
S00097563,71,21,50
S00097564,101,34,67
S00097565,112,47,65
S00097566,138,43,95
S00097567,133,39,94
S00097568,128,39,89
S00097569,85,16,69
S00097570,178,35,143
S00097571,144,36,108
S00097572,73,24,49
S00097573,72,21,51
S00097574,97,25,72
S00097575,138,31,107
S00097576,151,31,120
S00097577,99,24,75
S00097578,89,19,70
S00097579,101,21,80
S00097580,117,37,80
S00097581,100,27,73
S00097582,111,34,77
S00097583,158,31,127
S00097584,97,25,72
S00097585,107,12,95
S00097586,146,28,118
S00097587,118,12,106
S00097588,121,24,97
S00097589,96,23,73
S00097590,71,29,42
S00097591,101,20,81
S00097592,67,22,45
S00097593,84,29,55
S00097594,65,17,48
S00097595,105,29,76
S00097596,88,27,61
S00097597,106,27,79
S00097598,86,17,69
S00097599,72,29,43
S00097600,92,31,61
S00097601,131,20,111
S00097602,127,30,97
S00097603,118,15,103
S00097604,148,41,107
S00097605,127,47,80
S00097606,152,37,115
S00097607,130,28,102
S00097608,122,27,95
S00097609,133,42,91
S00097610,141,16,125
S00097611,158,31,127
S00097612,141,25,116
S00097613,113,22,91
S00097614,73,12,61
S00097615,101,23,78
S00097616,114,22,92
S00097617,104,32,72
S00097618,99,34,65
S00097619,125,23,102
S00097620,159,33,126
S00097621,130,21,109
S00097622,118,17,101
S00097623,129,23,106
S00097624,114,38,76
S00097625,89,24,65
S00097626,97,18,79
S00097627,114,15,99
S00097628,83,14,69
S00097629,62,13,49
S00097630,130,24,106
S00097631,108,36,72
S00097632,123,28,95
S00097633,113,22,91
S00097634,155,29,126
S00097635,104,44,60
S00097636,186,64,122
S00097637,163,28,135
S00097638,70,14,56
S00097639,70,21,49
S00097640,130,22,108
S00097641,143,30,113
S00097642,173,66,107
S00097643,161,51,110
S00097644,163,25,138
S00097645,149,34,115
S00097646,103,27,76
S00097647,136,32,104
S00097648,71,13,58
S00097649,77,19,58
S00097650,60,16,44
S00097651,78,14,64
S00097652,96,16,80
S00097653,96,26,70
S00097654,64,28,36
S00097655,100,21,79
S00097656,130,25,105
S00097657,152,31,121
S00097658,127,18,109
S00097659,106,33,73
S00097660,93,26,67
S00097661,131,17,114
S00097662,98,28,70
S00097663,156,32,124
S00097664,85,15,70
S00097665,89,23,66
S00097666,112,24,88
S00097667,78,25,53
S00097668,103,21,82
S00097669,81,16,65
S00097670,145,36,109
S00097671,108,18,90
S00097672,89,19,70
S00097673,111,21,90
S00097674,112,20,92
S00097675,86,19,67
S00097676,117,32,85
S00097677,88,19,69
S00097678,127,23,104
S00097679,99,25,74
S00097680,120,24,96
S00097681,83,12,71
S00097682,158,36,122
S00097683,73,23,50
S00097684,139,40,99
S00097685,76,22,54
S00097686,136,25,111
S00097687,100,27,73
S00097688,82,24,58
S00097689,104,28,76
S00097690,159,19,140
S00097691,112,23,89
S00097692,98,17,81
S00097693,105,23,82
S00097694,193,40,153
S00097695,136,21,115
S00097696,122,25,97
S00097697,82,35,47
S00097698,77,18,59
S00097699,101,20,81
S00097700,87,17,70
S00097701,86,24,62
S00097702,85,28,57
S00097703,94,26,68
S00097704,89,24,65
S00097705,107,26,81
S00097706,91,21,70
S00097707,67,27,40
S00097708,109,18,91
S00097709,85,32,53
S00097710,109,23,86
S00097711,141,26,115
S00097712,192,20,172
S00097713,127,25,102
S00097714,118,37,81
S00097715,111,20,91
S00097716,98,15,83
S00097717,162,26,136
S00097718,162,45,117
S00097719,97,31,66
S00097720,99,17,82
S00097721,103,17,86
S00097722,91,22,69
S00097723,91,20,71
S00097724,107,29,78
S00097725,90,30,60
S00097726,103,27,76
S00097727,112,20,92
S00097728,169,73,96
S00097729,120,42,78
S00097730,120,35,85
S00097731,148,30,118
S00097732,148,22,126
S00097733,107,29,78
S00097734,127,24,103
S00097735,77,27,50
S00097736,144,24,120
S00097737,129,32,97
S00097738,91,21,70
S00097739,104,14,90
S00097740,58,11,47
S00097741,84,18,66
S00097742,79,10,69
S00097743,115,42,73
S00097744,128,24,104
S00097745,78,13,65
S00097746,108,17,91
S00097747,106,12,94
S00097748,111,16,95
S00097749,132,35,97
S00097750,88,19,69
S00097751,147,26,121
S00097752,90,15,75
S00097753,153,27,126
S00097754,183,31,152
S00097755,92,15,77
S00097756,174,27,147
S00097757,182,56,126
S00097758,132,22,110
S00097759,159,31,128
S00097760,99,24,75
S00097761,163,24,139
S00097762,116,16,100
S00097763,94,13,81
S00097764,96,27,69
S00097765,80,22,58
S00097766,121,29,92
S00097767,159,28,131
S00097768,116,24,92
S00097769,131,37,94
S00097770,183,32,151
S00097771,128,25,103
S00097772,118,29,89
S00097773,162,44,118
S00097774,116,38,78
S00097775,108,48,60
S00097776,101,35,66
S00097777,98,21,77
S00097778,87,24,63
S00097779,69,17,52
S00097780,168,25,143
S00097781,202,25,177
S00097782,165,26,139
S00097783,136,24,112
S00097784,110,15,95
S00097785,83,21,62
S00097786,97,31,66
S00097787,103,23,80
S00097788,117,15,102
S00097789,119,33,86
S00097790,91,8,83
S00097791,99,17,82
S00097792,63,19,44
S00097793,171,30,141
S00097794,82,21,61
S00097795,95,23,72
S00097796,175,28,147
S00097797,187,29,158
S00097798,138,20,118
S00097799,127,16,111
S00097800,78,15,63
S00097801,104,22,82
S00097802,64,27,37
S00097803,137,36,101
S00097804,78,18,60
S00097805,91,31,60
S00097806,68,16,52
S00097807,107,31,76
S00097808,55,36,19
S00097809,111,29,82
S00097810,117,30,87
S00097811,136,18,118
S00097812,117,29,88
S00097813,118,24,94
S00097814,69,13,56
S00097815,114,20,94
S00097816,121,75,46
S00097817,111,22,89
S00097818,79,7,72
S00097819,101,18,83
S00097820,129,25,104
S00097821,88,26,62
S00097822,133,23,110
S00097823,168,36,132
S00097824,103,14,89
S00097825,157,27,130
S00097826,75,21,54
S00097827,103,15,88
S00097828,161,20,141
S00097829,130,20,110
S00097830,93,8,85
S00097831,130,25,105
S00097832,117,40,77
S00097833,150,29,121
S00097834,76,23,53
S00097835,136,9,127
S00097836,149,21,128
S00097837,129,9,120
S00097838,132,11,121
S00097839,109,16,93
S00097840,98,11,87
S00097841,123,41,82
S00097842,74,12,62
S00097843,107,14,93
S00097844,126,27,99
S00097845,86,13,73
S00097846,112,28,84
S00097847,114,23,91
S00097848,133,17,116
S00097849,91,22,69
S00097850,118,28,90
S00097851,129,38,91
S00097852,104,26,78
S00097853,110,31,79
S00097854,116,16,100
S00097855,164,25,139
S00097856,151,24,127
S00097857,116,27,89
S00097858,113,22,91
S00097859,153,23,130
S00097860,109,30,79
S00097861,145,14,131
S00097862,128,16,112
S00097863,135,21,114
S00097864,119,12,107
S00097865,137,28,109
S00097866,124,18,106
S00097867,115,19,96
S00097868,154,12,142
S00097869,110,13,97
S00097870,126,20,106
S00097871,92,10,82
S00097872,166,34,132
S00097873,82,17,65
S00097874,118,28,90
S00097875,154,11,143
S00097876,150,17,133
S00097877,129,17,112
S00097878,89,5,84
S00097879,122,17,105
S00097880,86,12,74
S00097881,126,13,113
S00097882,103,17,86
S00097883,68,6,62
S00097884,114,28,86
S00097885,124,34,90
S00097886,85,24,61
S00097887,119,18,101
S00097888,123,28,95
S00097889,161,22,139
S00097890,106,25,81
S00097891,174,17,157
S00097892,117,36,81
S00097893,73,17,56
S00097894,111,25,86
S00097895,65,14,51
S00097896,94,30,64
S00097897,117,22,95
S00097898,91,31,60
S00097899,107,22,85
S00097900,105,35,70
S00097901,141,33,108
S00097902,84,5,79
S00097903,84,18,66
S00097904,78,19,59
S00097905,116,16,100
S00097906,93,26,67
S00097907,106,18,88
S00097908,99,22,77
S00097909,86,14,72
S00097910,132,15,117
S00097911,87,35,52
S00097912,72,15,57
S00097913,71,22,49
S00097914,105,21,84
S00097915,129,33,96
S00097916,156,35,121
S00097917,173,27,146
S00097918,149,20,129
S00097919,129,12,117
S00097920,125,22,103
S00097921,73,23,50
S00097922,73,13,60
S00097923,162,20,142
S00097924,152,30,122
S00097925,135,24,111
S00097926,142,32,110
S00097927,160,29,131
S00097928,248,67,181
S00097929,115,21,94
S00097930,166,32,134
S00097931,135,33,102
S00097932,113,25,88
S00097933,76,17,59
S00097934,83,17,66
S00097935,179,35,144
S00097936,173,32,141
S00097937,78,21,57
S00097938,79,23,56
S00097939,111,28,83
S00097940,146,24,122
S00097941,143,36,107
S00097942,181,41,140
S00097943,97,17,80
S00097944,92,20,72
S00097945,71,22,49
S00097946,66,16,50
S00097947,77,21,56
S00097948,51,14,37
S00097949,68,13,55
S00097950,65,21,44
S00097951,146,23,123
S00097952,144,43,101
S00097953,92,21,71
S00097954,122,21,101
S00097955,109,31,78
S00097956,90,21,69
S00097957,122,27,95
S00097958,117,31,86
S00097959,164,22,142
S00097960,167,34,133
S00097961,92,25,67
S00097962,62,21,41
S00097963,128,23,105
S00097964,93,29,64
S00097965,59,14,45
S00097966,158,31,127
S00097967,167,39,128
S00097968,109,21,88
S00097969,102,22,80
S00097970,95,19,76
S00097971,86,12,74
S00097972,105,26,79
S00097973,56,11,45
S00097974,120,25,95
S00097975,103,24,79
S00097976,78,29,49
S00097977,93,22,71
S00097978,72,21,51
S00097979,113,29,84
S00097980,100,29,71
S00097981,100,25,75
S00097982,97,35,62
S00097983,98,24,74
S00097984,72,19,53
S00097985,64,16,48
S00097986,59,18,41
S00097987,150,17,133
S00097988,114,16,98
S00097989,84,29,55
S00097990,114,19,95
S00097991,177,23,154
S00097992,122,17,105
S00097993,142,24,118
S00097994,155,39,116
S00097995,148,65,83
S00097996,102,16,86
S00097997,172,39,133
S00097998,160,38,122
S00097999,120,28,92
S00098000,155,23,132
S00098001,90,24,66
S00098002,163,32,131
S00098003,144,38,106
S00098004,105,16,89
S00098005,132,9,123
S00098006,112,26,86
S00098007,125,37,88
S00098008,101,6,95
S00098009,148,47,101
S00098010,79,18,61
S00098011,110,33,77
S00098012,149,30,119
S00098013,188,25,163
S00098014,99,16,83
S00098015,105,24,81
S00098016,170,28,142
S00098017,139,25,114
S00098018,101,21,80
S00098019,105,17,88
S00098020,93,49,44
S00098021,149,33,116
S00098022,141,44,97
S00098023,172,31,141
S00098024,152,26,126
S00098025,187,32,155
S00098026,88,34,54
S00098027,90,20,70
S00098028,99,22,77
S00098029,112,27,85
S00098030,141,26,115
S00098031,143,23,120
S00098032,148,13,135
S00098033,132,19,113
S00098034,170,26,144
S00098035,140,24,116
S00098036,121,30,91
S00098037,114,21,93
S00098038,131,24,107
S00098039,106,20,86
S00098040,164,12,152
S00098041,162,26,136
S00098042,104,21,83
S00098043,145,39,106
S00098044,158,68,90
S00098045,70,19,51
S00098046,94,22,72
S00098047,146,37,109
S00098048,119,30,89
S00098049,115,26,89
S00098050,75,35,40
S00098051,144,56,88
S00098052,137,34,103
S00098053,136,28,108
S00098054,109,27,82
S00098055,56,13,43
S00098056,71,29,42
S00098057,103,29,74
S00098058,88,23,65
S00098059,142,28,114
S00098060,98,19,79
S00098061,132,23,109
S00098062,166,36,130
S00098063,146,32,114
S00098064,71,16,55
S00098065,169,21,148
S00098066,135,28,107
S00098067,86,30,56
S00098068,85,14,71
S00098069,139,33,106
S00098070,163,28,135
S00098071,196,26,170
S00098072,102,9,93
S00098073,199,35,164
S00098074,100,13,87
S00098075,107,21,86
S00098076,158,29,129
S00098077,88,19,69
S00098078,105,11,94
S00098079,132,26,106
S00098080,166,38,128
S00098081,152,30,122
S00098082,98,16,82
S00098083,132,34,98
S00098084,101,18,83
S00098085,127,26,101
S00098086,83,15,68
S00098087,57,29,28
S00098088,117,14,103
S00098089,145,23,122
S00098090,144,24,120
S00098091,103,21,82
S00098092,91,23,68
S00098093,94,15,79
S00098094,132,24,108
S00098095,124,19,105
S00098096,181,41,140
S00098097,77,24,53
S00098098,63,15,48
S00098099,136,21,115
S00098100,108,20,88
S00098101,68,10,58
S00098102,65,10,55
S00098103,169,67,102
S00098104,104,28,76
S00098105,103,25,78
S00098106,85,19,66
S00098107,104,38,66
S00098108,161,59,102
S00098109,163,29,134
S00098110,51,31,20
S00098111,136,35,101
S00098112,62,24,38
S00098113,92,30,62
S00098114,181,37,144
S00098115,112,32,80
S00098116,168,22,146
S00098117,141,31,110
S00098118,127,24,103
S00098119,88,30,58
S00098120,121,22,99
S00098121,127,24,103
S00098122,94,26,68
S00098123,134,16,118
S00098124,147,40,107
S00098125,127,29,98
S00098126,112,40,72
S00098127,149,31,118
S00098128,175,67,108
S00098129,127,27,100
S00098130,78,33,45
S00098131,97,15,82
S00098132,99,18,81
S00098133,145,29,116
S00098134,105,25,80
S00098135,112,39,73
S00098136,129,37,92
S00098137,166,41,125
S00098138,149,36,113
S00098139,149,46,103
S00098140,60,13,47
S00098141,90,26,64
S00098142,114,27,87
S00098143,99,32,67
S00098144,101,26,75
S00098145,92,27,65
S00098146,102,8,94
S00098147,126,36,90
S00098148,125,19,106
S00098149,109,41,68
S00098150,87,22,65
S00098151,72,27,45
S00098152,129,29,100
S00098153,115,22,93
S00098154,53,19,34
S00098155,68,43,25
S00098156,62,24,38
S00098157,71,32,39
S00098158,97,31,66
S00098159,109,39,70
S00098160,96,28,68
S00098161,111,31,80
S00098162,151,30,121
S00098163,78,16,62
S00098164,108,13,95
S00098165,105,23,82
S00098166,50,4,46
S00098167,73,12,61
S00098168,103,18,85
S00098169,92,28,64
S00098170,75,16,59
S00098171,111,18,93
S00098172,147,43,104
S00098173,60,9,51
S00098174,91,20,71
S00098175,81,12,69
S00098176,124,30,94
S00098177,110,24,86
S00098178,77,16,61
S00098179,89,8,81
S00098180,153,39,114
S00098181,103,21,82
S00098182,99,23,76
S00098183,91,27,64
S00098184,114,28,86
S00098185,62,6,56
S00098186,103,19,84
S00098187,56,9,47
S00098188,144,35,109
S00098189,145,25,120
S00098190,64,12,52
S00098191,76,22,54
S00098192,96,34,62
S00098193,79,15,64
S00098194,74,19,55
S00098195,108,14,94
S00098196,56,34,22
S00098197,132,15,117
S00098198,86,13,73
S00098199,76,8,68
S00098200,169,12,157
S00098201,143,7,136
S00098202,102,10,92
S00098203,170,20,150
S00098204,83,7,76
S00098205,80,20,60
S00098206,120,9,111
S00098207,98,17,81
S00098208,92,31,61
S00098209,71,11,60
S00098210,127,20,107
S00098211,151,38,113
S00098212,128,19,109
S00098213,126,19,107
S00098214,128,18,110
S00098215,113,27,86
S00098216,168,30,138
S00098217,107,15,92
S00098218,109,25,84
S00098219,88,21,67
S00098220,87,12,75
S00098221,92,18,74
S00098222,156,25,131
S00098223,102,27,75
S00098224,149,64,85
S00098225,74,11,63
S00098226,169,34,135
S00098227,107,20,87
S00098228,105,21,84
S00098229,62,4,58
S00098230,81,17,64
S00098231,59,15,44
S00098232,78,23,55
S00098233,101,24,77
S00098234,103,20,83
S00098235,92,25,67
S00098236,89,22,67
S00098237,99,28,71
S00098238,64,21,43
S00098239,70,19,51
S00098240,116,22,94
S00098241,71,19,52
S00098242,91,46,45
S00098243,96,16,80
S00098244,139,29,110
S00098245,106,26,80
S00098246,113,55,58
S00098247,119,19,100
S00098248,51,9,42
S00098249,68,18,50
S00098250,90,17,73
S00098251,109,20,89
S00098252,110,36,74
S00098253,177,67,110
S00098254,193,24,169
S00098255,104,13,91
S00098256,101,32,69
S00098257,66,19,47
S00098258,75,17,58
S00098259,95,18,77
S00098260,140,24,116
S00098261,172,36,136
S00098262,90,20,70
S00098263,119,22,97
S00098264,126,57,69
S00098265,118,26,92
S00098266,152,38,114
S00098267,91,14,77
S00098268,107,28,79
S00098269,100,40,60
S00098270,159,38,121
S00098271,129,21,108
S00098272,60,7,53
S00098273,212,45,167
S00098274,135,16,119
S00098275,70,15,55
S00098276,137,51,86
S00098277,61,22,39
S00098278,136,25,111
S00098279,106,30,76
S00098280,68,10,58
S00098281,77,27,50
S00098282,67,18,49
S00098283,62,16,46
S00098284,75,18,57
S00098285,64,15,49
S00098286,75,17,58
S00098287,151,31,120
S00098288,104,28,76
S00098289,149,25,124
S00098290,98,22,76
S00098291,80,22,58
S00098292,172,34,138
S00098293,95,28,67
S00098294,95,23,72
S00098295,108,16,92
S00098296,166,23,143
S00098297,120,29,91
S00098298,135,17,118
S00098299,160,27,133
S00098300,146,32,114
S00098301,84,11,73
S00098302,150,56,94
S00098303,124,50,74
S00098304,98,10,88
S00098305,174,43,131
S00098306,113,22,91
S00098307,76,14,62
S00098308,63,17,46
S00098309,151,45,106
S00098310,88,22,66
S00098311,73,8,65
S00098312,131,28,103
S00098313,50,17,33
S00098314,78,22,56
S00098315,127,33,94
S00098316,101,30,71
S00098317,52,11,41
S00098318,61,14,47
S00098319,163,25,138
S00098320,115,14,101
S00098321,80,16,64
S00098322,117,26,91
S00098323,163,44,119
S00098324,67,27,40
S00098325,109,31,78
S00098326,67,23,44
S00098327,108,36,72
S00098328,97,33,64
S00098329,72,13,59
S00098330,115,27,88
S00098331,102,28,74
S00098332,88,30,58
S00098333,65,12,53
S00098334,112,14,98
S00098335,165,27,138
S00098336,61,26,35
S00098337,57,14,43
S00098338,111,27,84
S00098339,107,16,91
S00098340,131,55,76
S00098341,88,18,70
S00098342,148,27,121
S00098343,69,35,34
S00098344,86,14,72
S00098345,78,35,43
S00098346,96,27,69
S00098347,144,73,71
S00098348,62,16,46
S00098349,125,42,83
S00098350,126,26,100
S00098351,155,26,129
S00098352,189,40,149
S00098353,120,41,79
S00098354,84,12,72
S00098355,112,23,89
S00098356,69,20,49
S00098357,78,17,61
S00098358,85,18,67
S00098359,81,10,71
S00098360,149,37,112
S00098361,54,10,44
S00098362,149,18,131
S00098363,136,22,114
S00098364,90,11,79
S00098365,56,43,13
S00098366,96,23,73
S00098367,118,50,68
S00098368,74,29,45
S00098369,98,22,76
S00098370,146,34,112
S00098371,85,20,65
S00098372,111,47,64
S00098373,62,11,51
S00098374,67,13,54
S00098375,98,21,77
S00098376,104,46,58
S00098377,131,41,90
S00098378,199,27,172
S00098379,102,40,62
S00098380,176,20,156
S00098381,170,13,157
S00098382,130,16,114
S00098383,168,33,135
S00098384,130,18,112
S00098385,95,17,78
S00098386,119,23,96
S00098387,88,32,56
S00098388,109,18,91
S00098389,85,18,67
S00098390,164,29,135
S00098391,61,18,43
S00098392,67,12,55
S00098393,129,18,111
S00098394,112,16,96
S00098395,115,28,87
S00098396,106,27,79
S00098397,86,13,73
S00098398,128,18,110
S00098399,70,25,45
S00098400,139,45,94
S00098401,89,26,63
S00098402,190,15,175
S00098403,88,29,59
S00098404,65,5,60
S00098405,109,28,81
S00098406,159,32,127
S00098407,98,17,81
S00098408,107,18,89
S00098409,134,16,118
S00098410,138,11,127
S00098411,72,17,55
S00098412,154,36,118
S00098413,77,18,59
S00098414,130,44,86
S00098415,88,12,76
S00098416,111,21,90
S00098417,137,14,123
S00098418,101,7,94
S00098419,118,13,105
S00098420,130,10,120
S00098421,122,18,104
S00098422,144,34,110
S00098423,111,16,95
S00098424,74,21,53
S00098425,111,14,97
S00098426,99,16,83
S00098427,136,23,113
S00098428,93,22,71
S00098429,71,14,57
S00098430,70,14,56
S00098431,122,17,105
S00098432,104,30,74
S00098433,141,24,117
S00098434,148,29,119
S00098435,68,12,56
S00098436,84,21,63
S00098437,242,99,143
S00098438,106,27,79
S00098439,87,4,83
S00098440,196,9,187
S00098441,165,9,156
S00098442,79,10,69
S00098443,172,10,162
S00098444,131,28,103
S00098445,139,48,91
S00098446,110,11,99
S00098447,161,60,101
S00098448,104,20,84
S00098449,103,12,91
S00098450,163,35,128
S00098451,123,9,114
S00098452,95,9,86
S00098453,107,7,100
S00098454,137,4,133
S00098455,91,8,83
S00098456,74,10,64
S00098457,155,45,110
S00098458,107,18,89
S00098459,105,14,91
S00098460,93,7,86
S00098461,168,9,159
S00098462,106,27,79
S00098463,145,3,142
S00098464,86,8,78
S00098465,65,5,60
S00098466,64,6,58
S00098467,72,16,56
S00098468,86,10,76
S00098469,61,5,56
S00098470,124,12,112
S00098471,56,14,42
S00098472,112,19,93
S00098473,121,12,109
S00098474,158,12,146
S00098475,86,22,64
S00098476,155,24,131
S00098477,84,8,76
S00098478,63,9,54
S00098479,108,47,61
S00098480,206,18,188
S00098481,65,21,44
S00098482,238,32,206
S00098483,88,13,75
S00098484,138,20,118
S00098485,525,29,496
S00098486,59,20,39
S00098487,67,24,43
S00098488,137,24,113
S00098489,114,39,75
S00098490,132,24,108
S00098491,113,17,96
S00098492,89,1,88
S00098493,93,13,80
S00098494,124,9,115
S00098495,150,20,130
S00098496,99,16,83
S00098497,132,20,112
S00098498,56,7,49
S00098499,125,25,100
S00098500,155,22,133
S00098501,148,45,103
S00098502,117,23,94
S00098503,80,9,71
S00098504,146,21,125
S00098505,380,33,347
S00098506,158,24,134
S00098507,103,12,91
S00098508,144,16,128
S00098509,134,19,115
S00098510,63,6,57
S00098511,74,6,68
S00098512,91,26,65
S00098513,56,4,52
S00098514,82,23,59
S00098515,68,15,53
S00098516,60,21,39
S00098517,60,27,33
S00098518,66,3,63
S00098519,86,21,65
S00098520,105,20,85
S00098521,91,29,62
S00098522,121,17,104
S00098523,139,14,125
S00098524,133,8,125
S00098525,108,15,93
S00098526,136,25,111
S00098527,72,5,67
S00098528,51,8,43
S00098529,60,8,52
S00098530,92,1,91
S00098531,77,4,73
S00098532,168,20,148
S00098533,116,14,102
S00098534,120,8,112
S00098535,86,8,78
S00098536,100,21,79
S00098537,116,13,103
S00098538,125,12,113
S00098539,132,14,118
S00098540,115,22,93
S00098541,100,9,91
S00098542,67,6,61
S00098543,117,13,104
S00098544,56,34,22
S00098545,72,35,37
S00098546,113,19,94
S00098547,149,25,124
S00098548,130,33,97
S00098549,227,24,203
S00098550,52,12,40
S00098551,105,22,83
S00098552,187,55,132
S00098553,141,48,93
S00098554,119,34,85
S00098555,86,27,59
S00098556,136,24,112
S00098557,63,31,32
S00098558,92,27,65
S00098559,104,37,67
S00098560,141,24,117
S00098561,136,22,114
S00098562,94,21,73
S00098563,95,18,77
S00098564,111,29,82
S00098565,118,32,86
S00098566,69,17,52
S00098567,123,19,104
S00098568,126,30,96
S00098569,90,19,71
S00098570,95,23,72
S00098571,122,18,104
S00098572,113,17,96
S00098573,95,15,80
S00098574,110,17,93
S00098575,89,22,67
S00098576,82,53,29
S00098577,107,16,91
S00098578,80,44,36
S00098579,123,21,102
S00098580,159,63,96
S00098581,60,10,50
S00098582,92,21,71
S00098583,109,22,87
S00098584,100,22,78
S00098585,90,30,60
S00098586,66,11,55
S00098587,122,20,102
S00098588,75,28,47
S00098589,76,38,38
S00098590,96,34,62
S00098591,73,28,45
S00098592,116,35,81
S00098593,117,20,97
S00098594,103,12,91
S00098595,50,7,43
S00098596,117,18,99
S00098597,65,3,62
S00098598,64,7,57
S00098599,115,16,99
S00098600,102,14,88
S00098601,95,6,89
S00098602,117,13,104
S00098603,146,30,116
S00098604,120,23,97
S00098605,198,11,187
S00098606,102,20,82
S00098607,95,18,77
S00098608,178,14,164
S00098609,159,33,126
S00098610,83,18,65
S00098611,106,22,84
S00098612,105,26,79
S00098613,81,52,29
S00098614,58,12,46
S00098615,205,29,176
S00098616,145,29,116
S00098617,76,31,45
S00098618,69,26,43
S00098619,78,21,57
S00098620,135,41,94
S00098621,114,28,86
S00098622,52,9,43
S00098623,82,16,66
S00098624,98,23,75
S00098625,64,16,48
S00098626,121,26,95
S00098627,133,31,102
S00098628,106,21,85
S00098629,50,27,23
S00098630,76,49,27
S00098631,96,25,71
S00098632,122,30,92
S00098633,141,22,119
S00098634,150,39,111
S00098635,158,35,123
S00098636,137,67,70
S00098637,52,6,46
S00098638,123,27,96
S00098639,124,40,84
S00098640,162,62,100
S00098641,139,54,85
S00098642,138,17,121
S00098643,67,33,34
S00098644,111,19,92
S00098645,91,22,69
S00098646,110,21,89
S00098647,86,21,65
S00098648,76,27,49
S00098649,83,26,57
S00098650,166,23,143
S00098651,136,13,123
S00098652,114,13,101
S00098653,64,10,54
S00098654,143,20,123
S00098655,81,10,71
S00098656,157,33,124
S00098657,95,17,78
S00098658,91,13,78
S00098659,55,17,38
S00098660,72,12,60
S00098661,143,26,117
S00098662,130,30,100
S00098663,122,15,107
S00098664,66,21,45
S00098665,87,16,71
S00098666,74,16,58
S00098667,147,24,123
S00098668,128,25,103
S00098669,96,19,77
S00098670,88,23,65
S00098671,85,23,62
S00098672,110,26,84
S00098673,100,11,89
S00098674,79,21,58
S00098675,87,9,78
S00098676,56,15,41
S00098677,143,23,120
S00098678,148,29,119
S00098679,91,12,79
S00098680,103,33,70
S00098681,103,21,82
S00098682,294,84,210
S00098683,103,35,68
S00098684,119,41,78
S00098685,129,35,94
S00098686,101,20,81
S00098687,61,15,46
S00098688,90,21,69
S00098689,62,18,44
S00098690,92,14,78
S00098691,105,22,83
S00098692,55,16,39
S00098693,140,27,113
S00098694,111,21,90
S00098695,141,31,110
S00098696,150,20,130
S00098697,152,32,120
S00098698,72,10,62
S00098699,97,20,77
S00098700,129,24,105
S00098701,161,35,126
S00098702,126,30,96
S00098703,103,23,80
S00098704,93,16,77
S00098705,80,10,70
S00098706,116,30,86
S00098707,60,31,29
S00098708,184,35,149
S00098709,108,23,85
S00098710,65,20,45
S00098711,113,33,80
S00098712,105,15,90
S00098713,153,27,126
S00098714,190,31,159
S00098715,169,28,141
S00098716,98,15,83
S00098717,63,4,59
S00098718,137,40,97
S00098719,137,33,104
S00098720,67,30,37
S00098721,77,32,45
S00098722,141,45,96
S00098723,50,26,24
S00098724,92,22,70
S00098725,108,21,87
S00098726,123,29,94
S00098727,53,19,34
S00098728,143,30,113
S00098729,145,34,111
S00098730,96,24,72
S00098731,80,14,66
S00098732,99,27,72
S00098733,90,26,64
S00098734,116,25,91
S00098735,84,11,73
S00098736,248,65,183
S00098737,184,33,151
S00098738,101,29,72
S00098739,132,27,105
S00098740,85,16,69
S00098741,59,10,49
S00098742,70,24,46
S00098743,117,26,91
S00098744,65,12,53
S00098745,88,55,33
S00098746,77,26,51
S00098747,61,37,24
S00098748,52,33,19
S00098749,75,31,44
S00098750,72,26,46
S00098751,75,24,51
S00098752,104,46,58
S00098753,88,28,60
S00098754,69,36,33
S00098755,77,10,67
S00098756,88,39,49
S00098757,133,31,102
S00098758,77,30,47
S00098759,131,18,113
S00098760,180,37,143
S00098761,103,20,83
S00098762,145,18,127
S00098763,106,32,74
S00098764,95,6,89
S00098765,74,22,52
S00098766,92,11,81
S00098767,99,25,74
S00098768,75,14,61
S00098769,108,25,83
S00098770,92,17,75
S00098771,61,23,38
S00098772,77,27,50
S00098773,106,36,70
S00098774,109,22,87
S00098775,88,29,59
S00098776,99,29,70
S00098777,63,26,37
S00098778,70,10,60
S00098779,99,4,95
S00098780,118,6,112
S00098781,138,17,121
S00098782,146,12,134
S00098783,151,21,130
S00098784,75,6,69
S00098785,104,34,70
S00098786,93,15,78
S00098787,87,34,53
S00098788,68,27,41
S00098789,59,22,37
S00098790,118,34,84
S00098791,124,25,99
S00098792,118,33,85
S00098793,157,21,136
S00098794,147,31,116
S00098795,84,1,83
S00098796,80,13,67
S00098797,132,62,70
S00098798,73,10,63
S00098799,81,23,58
S00098800,79,44,35
S00098801,97,6,91
S00098802,82,16,66
S00098803,105,37,68
S00098804,111,16,95
S00098805,68,13,55
S00098806,79,16,63
S00098807,54,15,39
S00098808,72,29,43
S00098809,74,17,57
S00098810,58,17,41
S00098811,106,33,73
S00098812,89,32,57
S00098813,67,29,38
S00098814,122,21,101
S00098815,100,29,71
S00098816,100,14,86
S00098817,91,37,54
S00098818,145,36,109
S00098819,59,8,51
S00098820,68,12,56
S00098821,65,7,58
S00098822,91,36,55
S00098823,92,33,59
S00098824,62,31,31
S00098825,91,28,63
S00098826,115,18,97
S00098827,134,45,89
S00098828,168,21,147
S00098829,75,42,33
S00098830,72,15,57
S00098831,108,21,87
S00098832,84,7,77
S00098833,64,21,43
S00098834,55,30,25
S00098835,58,17,41
S00098836,64,26,38
S00098837,66,13,53
S00098838,105,22,83
S00098839,71,28,43
S00098840,91,35,56
S00098841,97,30,67
S00098842,118,15,103
S00098843,127,18,109
S00098844,164,21,143
S00098845,71,20,51
S00098846,75,27,48
S00098847,103,45,58
S00098848,99,27,72
S00098849,98,36,62
S00098850,81,31,50
S00098851,76,14,62
S00098852,52,9,43
S00098853,118,14,104
S00098854,76,29,47
S00098855,87,27,60
S00098856,54,22,32
S00098857,112,34,78
S00098858,80,14,66
S00098859,114,31,83
S00098860,92,54,38
S00098861,123,13,110
S00098862,103,15,88
S00098863,118,24,94
S00098864,102,12,90
S00098865,81,24,57
S00098866,100,22,78
S00098867,146,30,116
S00098868,166,33,133
S00098869,119,22,97
S00098870,55,22,33
S00098871,59,9,50
S00098872,114,11,103
S00098873,105,23,82
S00098874,109,16,93
S00098875,134,10,124
S00098876,93,22,71
S00098877,89,20,69
S00098878,128,25,103
S00098879,126,26,100
S00098880,111,22,89
S00098881,111,28,83
S00098882,109,24,85
S00098883,91,14,77
S00098884,122,15,107
S00098885,116,26,90
S00098886,88,38,50
S00098887,88,72,16
S00098888,115,22,93
S00098889,122,24,98
S00098890,112,24,88
S00098891,128,22,106
S00098892,95,31,64
S00098893,164,13,151
S00098894,107,27,80
S00098895,143,30,113
S00098896,128,22,106
S00098897,95,19,76
S00098898,84,19,65
S00098899,166,31,135
S00098900,125,29,96
S00098901,65,20,45
S00098902,99,24,75
S00098903,111,32,79
S00098904,106,27,79
S00098905,89,14,75
S00098906,136,23,113
S00098907,92,32,60
S00098908,123,25,98
S00098909,158,26,132
S00098910,123,24,99
S00098911,118,26,92
S00098912,86,20,66
S00098913,155,47,108
S00098914,109,32,77
S00098915,140,14,126
S00098916,134,51,83
S00098917,53,16,37
S00098918,83,13,70
S00098919,84,13,71
S00098920,149,30,119
S00098921,69,36,33
S00098922,89,10,79
S00098923,126,40,86
S00098924,108,32,76
S00098925,91,21,70
S00098926,107,10,97
S00098927,68,12,56
S00098928,120,21,99
S00098929,84,14,70
S00098930,101,33,68
S00098931,115,37,78
S00098932,89,22,67
S00098933,144,29,115
S00098934,121,23,98
S00098935,88,12,76
S00098936,117,22,95
S00098937,128,11,117
S00098938,103,27,76
S00098939,112,26,86
S00098940,116,32,84
S00098941,115,24,91
S00098942,85,22,63
S00098943,168,29,139
S00098944,167,33,134
S00098945,151,30,121
S00098946,82,14,68
S00098947,139,29,110
S00098948,101,25,76
S00098949,131,53,78
S00098950,64,23,41
S00098951,141,29,112
S00098952,92,16,76
S00098953,104,29,75
S00098954,146,33,113
S00098955,101,18,83
S00098956,119,17,102
S00098957,103,24,79
S00098958,277,80,197
S00098959,120,38,82
S00098960,99,30,69
S00098961,139,33,106
S00098962,131,18,113
S00098963,164,36,128
S00098964,128,31,97
S00098965,105,21,84
S00098966,105,15,90
S00098967,163,23,140
S00098968,123,18,105
S00098969,122,31,91
S00098970,125,32,93
S00098971,118,34,84
S00098972,140,36,104
S00098973,102,19,83
S00098974,174,39,135
S00098975,197,29,168
S00098976,94,28,66
S00098977,171,35,136
S00098978,75,12,63
S00098979,135,29,106
S00098980,85,27,58
S00098981,74,25,49
S00098982,60,18,42
S00098983,96,41,55
S00098984,118,20,98
S00098985,125,44,81
S00098986,63,14,49
S00098987,96,25,71
S00098988,129,29,100
S00098989,110,16,94
S00098990,196,18,178
S00098991,90,38,52
S00098992,168,52,116
S00098993,67,9,58
S00098994,73,14,59
S00098995,56,5,51
S00098996,90,14,76
S00098997,73,13,60
S00098998,97,17,80
S00098999,102,14,88
S00099000,115,19,96
S00099001,122,10,112
S00099002,71,14,57
S00099003,66,10,56
S00099004,62,9,53
S00099005,97,18,79
S00099006,106,23,83
S00099007,104,16,88
S00099008,136,14,122
S00099009,90,10,80
S00099010,75,7,68
S00099011,82,10,72
S00099012,61,11,50
S00099013,62,26,36
S00099014,81,14,67
S00099015,72,9,63
S00099016,74,21,53
S00099017,170,18,152
S00099018,147,29,118
S00099019,77,18,59
S00099020,50,16,34
S00099021,136,33,103
S00099022,65,3,62
S00099023,102,9,93
S00099024,77,9,68
S00099025,106,40,66
S00099026,95,14,81
S00099027,95,14,81
S00099028,96,27,69
S00099029,78,25,53
S00099030,89,27,62
S00099031,83,18,65
S00099032,238,21,217
S00099033,72,10,62
S00099034,100,20,80
S00099035,99,19,80
S00099036,127,16,111
S00099037,172,24,148
S00099038,99,18,81
S00099039,148,20,128
S00099040,159,22,137
S00099041,94,9,85
S00099042,173,30,143
S00099043,143,28,115
S00099044,106,20,86
S00099045,136,31,105
S00099046,121,18,103
S00099047,124,22,102
S00099048,139,28,111
S00099049,97,18,79
S00099050,115,19,96
S00099051,146,18,128
S00099052,112,26,86
S00099053,107,8,99
S00099054,123,20,103
S00099055,128,28,100
S00099056,73,18,55
S00099057,80,37,43
S00099058,85,50,35
S00099059,112,53,59
S00099060,85,19,66
S00099061,70,23,47
S00099062,92,28,64
S00099063,81,20,61
S00099064,59,23,36
S00099065,118,26,92
S00099066,61,27,34
S00099067,91,25,66
S00099068,105,14,91
S00099069,106,27,79
S00099070,91,18,73
S00099071,84,41,43
S00099072,107,51,56
S00099073,105,18,87
S00099074,134,48,86
S00099075,70,9,61
S00099076,111,24,87
S00099077,155,40,115
S00099078,103,15,88
S00099079,141,28,113
S00099080,113,22,91
S00099081,88,24,64
S00099082,77,18,59
S00099083,100,22,78
S00099084,65,17,48
S00099085,89,22,67
S00099086,73,22,51
S00099087,66,17,49
S00099088,105,20,85
S00099089,86,36,50
S00099090,114,29,85
S00099091,71,29,42
S00099092,146,31,115
S00099093,81,22,59
S00099094,109,56,53
S00099095,113,21,92
S00099096,56,16,40
S00099097,99,24,75
S00099098,61,49,12
S00099099,75,36,39
S00099100,159,35,124
S00099101,75,17,58
S00099102,169,77,92
S00099103,92,33,59
S00099104,125,25,100
S00099105,107,33,74
S00099106,98,37,61
S00099107,96,17,79
S00099108,174,54,120
S00099109,170,55,115
S00099110,135,46,89
S00099111,156,17,139
S00099112,100,22,78
S00099113,146,29,117
S00099114,133,29,104
S00099115,136,21,115
S00099116,130,35,95
S00099117,240,60,180
S00099118,136,36,100
S00099119,113,9,104
S00099120,117,26,91
S00099121,78,16,62
S00099122,87,19,68
S00099123,83,35,48
S00099124,91,38,53
S00099125,103,24,79
S00099126,60,17,43
S00099127,105,35,70
S00099128,64,12,52
S00099129,111,20,91
S00099130,161,83,78
S00099131,92,30,62
S00099132,67,12,55
S00099133,109,18,91
S00099134,85,32,53
S00099135,109,19,90
S00099136,57,14,43
S00099137,114,14,100
S00099138,87,24,63
S00099139,93,20,73
S00099140,80,16,64
S00099141,138,36,102
S00099142,85,20,65
S00099143,90,20,70
S00099144,123,19,104
S00099145,158,39,119
S00099146,119,35,84
S00099147,95,36,59
S00099148,87,13,74
S00099149,110,41,69
S00099150,161,38,123
S00099151,70,13,57
S00099152,102,22,80
S00099153,158,45,113
S00099154,88,21,67
S00099155,106,39,67
S00099156,154,47,107
S00099157,139,39,100
S00099158,134,33,101
S00099159,92,13,79
S00099160,66,16,50
S00099161,120,24,96
S00099162,99,26,73
S00099163,100,27,73
S00099164,182,41,141
S00099165,115,39,76
S00099166,161,34,127
S00099167,161,42,119
S00099168,185,28,157
S00099169,108,27,81
S00099170,113,68,45
S00099171,72,40,32
S00099172,53,15,38
S00099173,140,38,102
S00099174,54,29,25
S00099175,86,24,62
S00099176,123,38,85
S00099177,120,21,99
S00099178,103,28,75
S00099179,108,30,78
S00099180,89,28,61
S00099181,150,41,109
S00099182,79,31,48
S00099183,58,22,36
S00099184,121,47,74
S00099185,71,32,39
S00099186,91,18,73
S00099187,75,34,41
S00099188,122,45,77
S00099189,80,21,59
S00099190,79,15,64
S00099191,64,14,50
S00099192,137,35,102
S00099193,66,14,52
S00099194,75,19,56
S00099195,67,14,53
S00099196,66,34,32
S00099197,113,22,91
S00099198,74,9,65
S00099199,87,29,58
S00099200,69,22,47
S00099201,92,29,63
S00099202,86,7,79
S00099203,94,17,77
S00099204,102,12,90
S00099205,121,34,87
S00099206,102,19,83
S00099207,97,21,76
S00099208,130,15,115
S00099209,128,49,79
S00099210,149,39,110
S00099211,79,17,62
S00099212,56,24,32
S00099213,99,25,74
S00099214,168,17,151
S00099215,90,14,76
S00099216,116,25,91
S00099217,145,43,102
S00099218,129,32,97
S00099219,85,17,68
S00099220,102,21,81
S00099221,88,40,48
S00099222,156,20,136
S00099223,78,36,42
S00099224,98,21,77
S00099225,128,25,103
S00099226,87,37,50
S00099227,182,38,144
S00099228,135,31,104
S00099229,171,32,139
S00099230,144,38,106
S00099231,154,36,118
S00099232,173,38,135
S00099233,84,18,66
S00099234,154,39,115
S00099235,83,20,63
S00099236,137,32,105
S00099237,103,15,88
S00099238,113,26,87
S00099239,114,24,90
S00099240,109,13,96
S00099241,100,17,83
S00099242,197,33,164
S00099243,140,37,103
S00099244,115,17,98
S00099245,115,17,98
S00099246,128,25,103
S00099247,221,26,195
S00099248,119,28,91
S00099249,146,21,125
S00099250,91,30,61
S00099251,92,13,79
S00099252,80,25,55
S00099253,105,25,80
S00099254,123,56,67
S00099255,83,40,43
S00099256,163,48,115
S00099257,175,20,155
S00099258,141,27,114
S00099259,105,24,81
S00099260,135,16,119
S00099261,96,15,81
S00099262,141,46,95
S00099263,128,18,110
S00099264,93,14,79
S00099265,132,10,122
S00099266,88,11,77
S00099267,143,21,122
S00099268,151,37,114
S00099269,139,21,118
S00099270,130,24,106
S00099271,83,14,69
S00099272,157,24,133
S00099273,78,16,62
S00099274,133,21,112
S00099275,78,14,64
S00099276,98,9,89
S00099277,182,25,157
S00099278,120,22,98
S00099279,115,24,91
S00099280,157,42,115
S00099281,189,35,154
S00099282,138,31,107
S00099283,181,32,149
S00099284,133,36,97
S00099285,94,52,42
S00099286,135,26,109
S00099287,153,20,133
S00099288,73,36,37
S00099289,116,18,98
S00099290,77,17,60
S00099291,56,16,40
S00099292,120,29,91
S00099293,68,17,51
S00099294,102,43,59
S00099295,56,14,42
S00099296,95,18,77
S00099297,57,12,45
S00099298,91,44,47
S00099299,67,17,50
S00099300,106,26,80
S00099301,80,8,72
S00099302,128,24,104
S00099303,77,27,50
S00099304,79,28,51
S00099305,129,54,75
S00099306,68,9,59
S00099307,89,19,70
S00099308,86,21,65
S00099309,74,13,61
S00099310,105,18,87
S00099311,79,16,63
S00099312,124,23,101
S00099313,156,28,128
S00099314,124,19,105
S00099315,147,44,103
S00099316,114,17,97
S00099317,116,18,98
S00099318,105,21,84
S00099319,114,23,91
S00099320,148,26,122
S00099321,173,24,149
S00099322,138,21,117
S00099323,124,16,108
S00099324,125,19,106
S00099325,99,24,75
S00099326,75,20,55
S00099327,54,25,29
S00099328,88,25,63
S00099329,134,40,94
S00099330,84,26,58
S00099331,61,16,45
S00099332,85,5,80
S00099333,77,9,68
S00099334,97,18,79
S00099335,85,20,65
S00099336,83,5,78
S00099337,84,20,64
S00099338,117,25,92
S00099339,140,21,119
S00099340,128,13,115
S00099341,103,34,69
S00099342,98,19,79
S00099343,93,17,76
S00099344,95,12,83
S00099345,154,46,108
S00099346,56,17,39
S00099347,134,26,108
S00099348,114,22,92
S00099349,116,18,98
S00099350,117,25,92
S00099351,125,22,103
S00099352,111,26,85
S00099353,102,24,78
S00099354,87,19,68
S00099355,171,32,139
S00099356,156,24,132
S00099357,102,14,88
S00099358,59,11,48
S00099359,130,17,113
S00099360,116,20,96
S00099361,69,15,54
S00099362,150,27,123
S00099363,114,22,92
S00099364,70,28,42
S00099365,99,23,76
S00099366,64,26,38
S00099367,61,39,22
S00099368,119,19,100
S00099369,154,23,131
S00099370,118,20,98
S00099371,100,10,90
S00099372,131,28,103
S00099373,203,26,177
S00099374,139,24,115
S00099375,110,25,85
S00099376,159,31,128
S00099377,94,12,82
S00099378,116,15,101
S00099379,120,23,97
S00099380,135,16,119
S00099381,114,22,92
S00099382,127,23,104
S00099383,110,24,86
S00099384,99,17,82
S00099385,113,17,96
S00099386,147,26,121
S00099387,138,18,120
S00099388,131,17,114
S00099389,76,22,54
S00099390,147,24,123
S00099391,70,16,54
S00099392,105,26,79
S00099393,66,22,44
S00099394,106,16,90
S00099395,102,41,61
S00099396,85,19,66
S00099397,116,22,94
S00099398,221,27,194
S00099399,76,6,70
S00099400,145,46,99
S00099401,90,20,70
S00099402,96,32,64
S00099403,55,16,39
S00099404,108,33,75
S00099405,107,17,90
S00099406,127,16,111
S00099407,91,21,70
S00099408,103,23,80
S00099409,166,20,146
S00099410,70,15,55
S00099411,105,10,95
S00099412,71,12,59
S00099413,100,25,75
S00099414,56,7,49
S00099415,96,12,84
S00099416,79,6,73
S00099417,76,15,61
S00099418,169,9,160
S00099419,218,50,168
S00099420,77,16,61
S00099421,208,19,189
S00099422,156,12,144
S00099423,176,14,162
S00099424,94,39,55
S00099425,201,17,184
S00099426,68,18,50
S00099427,94,23,71
S00099428,88,15,73
S00099429,65,10,55
S00099430,89,11,78
S00099431,90,4,86
S00099432,52,7,45
S00099433,139,26,113
S00099434,82,25,57
S00099435,90,18,72
S00099436,78,35,43
S00099437,53,6,47
S00099438,69,8,61
S00099439,75,22,53
S00099440,115,34,81
S00099441,65,29,36
S00099442,94,25,69
S00099443,103,29,74
S00099444,137,34,103
S00099445,105,13,92
S00099446,61,13,48
S00099447,101,31,70
S00099448,61,14,47
S00099449,165,23,142
S00099450,73,13,60
S00099451,68,6,62
S00099452,91,32,59
S00099453,56,11,45
S00099454,64,16,48
S00099455,92,23,69
S00099456,50,30,20
S00099457,77,14,63
S00099458,175,59,116
S00099459,96,16,80
S00099460,64,40,24
S00099461,146,67,79
S00099462,55,5,50
S00099463,52,16,36
S00099464,89,23,66
S00099465,111,33,78
S00099466,65,17,48
S00099467,184,75,109
S00099468,212,12,200
S00099469,104,4,100
S00099470,59,9,50
S00099471,59,6,53
S00099472,179,11,168
S00099473,198,11,187
S00099474,144,14,130
S00099475,117,19,98
S00099476,56,18,38
S00099477,90,33,57
S00099478,91,38,53
S00099479,99,15,84
S00099480,98,36,62
S00099481,56,9,47
S00099482,81,17,64
S00099483,83,15,68
S00099484,98,30,68
S00099485,82,17,65
S00099486,131,60,71
S00099487,135,27,108
S00099488,99,15,84
S00099489,151,17,134
S00099490,163,20,143
S00099491,50,23,27
S00099492,88,18,70
S00099493,96,24,72
S00099494,81,19,62
S00099495,66,10,56
S00099496,92,15,77
S00099497,159,15,144
S00099498,125,7,118
S00099499,125,24,101
S00099500,63,22,41
S00099501,72,14,58
S00099502,127,14,113
S00099503,120,15,105
S00099504,130,35,95
S00099505,496,36,460
S00099506,69,14,55
S00099507,115,23,92
S00099508,54,13,41
S00099509,205,28,177
S00099510,82,20,62
S00099511,101,24,77
S00099512,59,20,39
S00099513,112,50,62
S00099514,80,26,54
S00099515,58,11,47
S00099516,117,22,95
S00099517,56,21,35
S00099518,59,30,29
S00099519,100,16,84
S00099520,56,25,31
S00099521,89,16,73
S00099522,89,15,74
S00099523,73,11,62
S00099524,116,20,96
S00099525,103,26,77
S00099526,88,14,74
S00099527,96,6,90
S00099528,227,9,218
S00099529,151,12,139
S00099530,170,9,161
S00099531,218,14,204
S00099532,207,10,197
S00099533,161,5,156
S00099534,145,9,136
S00099535,70,5,65
S00099536,107,57,50
S00099537,223,15,208
S00099538,92,24,68
S00099539,117,8,109
S00099540,62,20,42
S00099541,100,20,80
S00099542,143,3,140
S00099543,117,8,109
S00099544,92,12,80
S00099545,96,3,93
S00099546,147,41,106
S00099547,141,11,130
S00099548,115,18,97
S00099549,95,21,74
S00099550,145,11,134
S00099551,157,28,129
S00099552,121,7,114
S00099553,125,5,120
S00099554,98,3,95
S00099555,137,4,133
S00099556,86,4,82
S00099557,69,4,65
S00099558,127,13,114
S00099559,111,9,102
S00099560,109,9,100
S00099561,68,21,47
S00099562,75,13,62
S00099563,104,7,97
S00099564,91,14,77
S00099565,82,11,71
S00099566,63,5,58
S00099567,487,25,462
S00099568,136,7,129
S00099569,549,20,529
S00099570,100,5,95
S00099571,109,8,101
S00099572,152,13,139
S00099573,84,5,79
S00099574,74,12,62
S00099575,143,13,130
S00099576,130,8,122
S00099577,64,4,60
S00099578,114,18,96
S00099579,112,9,103
S00099580,120,20,100
S00099581,126,17,109
S00099582,75,5,70
S00099583,54,12,42
S00099584,80,29,51
S00099585,137,18,119
S00099586,117,6,111
S00099587,145,8,137
S00099588,185,12,173
S00099589,140,99,41
S00099590,109,44,65
S00099591,59,11,48
S00099592,91,18,73
S00099593,143,27,116
S00099594,80,6,74
S00099595,68,32,36
S00099596,64,50,14
S00099597,72,29,43
S00099598,115,39,76
S00099599,78,27,51
S00099600,67,12,55
S00099601,112,19,93
S00099602,79,22,57
S00099603,86,11,75
S00099604,56,37,19
S00099605,75,23,52
S00099606,85,36,49
S00099607,67,8,59
S00099608,150,26,124
S00099609,125,35,90
S00099610,88,11,77
S00099611,76,29,47
S00099612,65,36,29
S00099613,121,27,94
S00099614,82,23,59
S00099615,51,16,35
S00099616,67,20,47
S00099617,86,30,56
S00099618,61,22,39
S00099619,163,31,132
S00099620,120,53,67
S00099621,79,18,61
S00099622,133,15,118
S00099623,91,7,84
S00099624,59,15,44
S00099625,91,11,80
S00099626,70,9,61
S00099627,59,5,54
S00099628,166,24,142
S00099629,110,32,78
S00099630,59,14,45
S00099631,80,14,66
S00099632,52,1,51
S00099633,80,13,67
S00099634,112,29,83
S00099635,56,18,38
S00099636,91,19,72
S00099637,59,26,33
S00099638,66,29,37
S00099639,66,8,58
S00099640,98,45,53
S00099641,119,55,64
S00099642,141,28,113
S00099643,55,14,41
S00099644,108,19,89
S00099645,105,18,87
S00099646,94,22,72
S00099647,87,20,67
S00099648,74,3,71
S00099649,133,19,114
S00099650,123,18,105
S00099651,136,26,110
S00099652,92,27,65
S00099653,83,8,75
S00099654,130,32,98
S00099655,85,19,66
S00099656,114,17,97
S00099657,78,6,72
S00099658,78,8,70
S00099659,101,9,92
S00099660,115,19,96
S00099661,97,8,89
S00099662,98,13,85
S00099663,83,10,73
S00099664,94,16,78
S00099665,114,35,79
S00099666,58,19,39
S00099667,79,33,46
S00099668,87,22,65
S00099669,139,9,130
S00099670,127,17,110
S00099671,125,17,108
S00099672,82,11,71
S00099673,102,31,71
S00099674,113,34,79
S00099675,127,9,118
S00099676,131,13,118
S00099677,71,15,56
S00099678,54,15,39
S00099679,105,19,86
S00099680,70,16,54
S00099681,137,15,122
S00099682,169,28,141
S00099683,111,12,99
S00099684,166,15,151
S00099685,82,8,74
S00099686,106,12,94
S00099687,148,29,119
S00099688,75,6,69
S00099689,206,31,175
S00099690,166,19,147
S00099691,123,42,81
S00099692,120,30,90
S00099693,119,24,95
S00099694,74,29,45
S00099695,180,38,142
S00099696,102,26,76
S00099697,103,21,82
S00099698,157,22,135
S00099699,147,13,134
S00099700,141,14,127
S00099701,93,18,75
S00099702,126,19,107
S00099703,149,16,133
S00099704,95,12,83
S00099705,91,19,72
S00099706,159,15,144
S00099707,62,15,47
S00099708,130,54,76
S00099709,129,36,93
S00099710,70,35,35
S00099711,108,34,74
S00099712,100,24,76
S00099713,53,14,39
S00099714,92,34,58
S00099715,60,13,47
S00099716,79,6,73
S00099717,88,11,77
S00099718,71,22,49
S00099719,100,17,83
S00099720,73,14,59
S00099721,74,40,34
S00099722,151,19,132
S00099723,64,14,50
S00099724,113,11,102
S00099725,92,13,79
S00099726,60,22,38
S00099727,116,37,79
S00099728,155,23,132
S00099729,80,12,68
S00099730,67,13,54
S00099731,109,13,96
S00099732,161,16,145
S00099733,69,11,58
S00099734,120,26,94
S00099735,62,11,51
S00099736,190,21,169
S00099737,120,16,104
S00099738,80,20,60
S00099739,126,23,103
S00099740,129,57,72
S00099741,122,19,103
S00099742,128,7,121
S00099743,185,9,176
S00099744,152,7,145
S00099745,152,6,146
S00099746,165,17,148
S00099747,177,106,71
S00099748,122,18,104
S00099749,163,6,157
S00099750,133,11,122
S00099751,136,18,118
S00099752,108,10,98
S00099753,91,6,85
S00099754,73,7,66
S00099755,213,34,179
S00099756,95,11,84
S00099757,214,56,158
S00099758,59,19,40
S00099759,179,59,120
S00099760,119,42,77
S00099761,69,21,48
S00099762,64,8,56
S00099763,118,21,97
S00099764,137,50,87
S00099765,126,37,89
S00099766,97,32,65
S00099767,126,10,116
S00099768,123,10,113
S00099769,139,20,119
S00099770,134,17,117
S00099771,99,25,74
S00099772,67,28,39
S00099773,94,36,58
S00099774,57,3,54
S00099775,115,21,94
S00099776,84,12,72
S00099777,130,21,109
S00099778,155,43,112
S00099779,221,12,209
S00099780,93,15,78
S00099781,201,14,187
S00099782,1124,53,1071
S00099783,79,12,67
S00099784,69,9,60
S00099785,147,26,121
S00099786,221,88,133
S00099787,138,38,100
S00099788,143,18,125
S00099789,135,21,114
S00099790,180,42,138
S00099791,109,13,96
S00099792,89,18,71
S00099793,93,18,75
S00099794,114,40,74
S00099795,75,21,54
S00099796,132,39,93
S00099797,86,17,69
S00099798,90,12,78
S00099799,209,82,127
S00099800,117,32,85
S00099801,165,23,142
S00099802,111,20,91
S00099803,198,16,182
S00099804,148,40,108
S00099805,142,17,125
S00099806,154,28,126
S00099807,90,19,71
S00099808,61,17,44
S00099809,140,21,119
S00099810,81,23,58
S00099811,135,30,105
S00099812,81,12,69
S00099813,142,32,110
S00099814,95,16,79
S00099815,161,30,131
S00099816,90,13,77
S00099817,82,29,53
S00099818,103,24,79
S00099819,94,9,85
S00099820,115,18,97
S00099821,191,12,179
S00099822,64,18,46
S00099823,150,35,115
S00099824,191,106,85
S00099825,56,13,43
S00099826,144,10,134
S00099827,170,5,165
S00099828,139,13,126
S00099829,104,8,96
S00099830,231,17,214
S00099831,150,15,135
S00099832,193,13,180
S00099833,85,4,81
S00099834,100,8,92
S00099835,129,7,122
S00099836,108,16,92
S00099837,194,8,186
S00099838,148,10,138
S00099839,127,8,119
S00099840,103,9,94
S00099841,234,9,225
S00099842,111,19,92
S00099843,132,4,128
S00099844,144,8,136
S00099845,195,27,168
S00099846,82,13,69
S00099847,130,11,119
S00099848,118,13,105
S00099849,95,6,89
S00099850,79,20,59
S00099851,89,6,83
S00099852,104,20,84
S00099853,215,57,158
S00099854,63,7,56
S00099855,107,16,91
S00099856,60,14,46
S00099857,74,9,65
S00099858,101,17,84
S00099859,128,16,112
S00099860,121,20,101
S00099861,108,24,84
S00099862,89,13,76
S00099863,123,13,110
S00099864,52,17,35
S00099865,177,50,127
S00099866,136,56,80
S00099867,66,19,47
S00099868,151,32,119
S00099869,82,17,65
S00099870,94,27,67
S00099871,118,43,75
S00099872,99,34,65
S00099873,90,35,55
S00099874,132,35,97
S00099875,172,40,132
S00099876,148,52,96
S00099877,120,41,79
S00099878,116,38,78
S00099879,128,58,70
S00099880,128,47,81
S00099881,102,39,63
S00099882,129,32,97
S00099883,139,33,106
S00099884,140,43,97
S00099885,95,16,79
S00099886,82,24,58
S00099887,136,40,96
S00099888,119,50,69
S00099889,110,27,83
S00099890,111,36,75
S00099891,146,46,100
S00099892,110,26,84
S00099893,77,25,52
S00099894,77,27,50
S00099895,57,24,33
S00099896,99,31,68
S00099897,114,33,81
S00099898,119,39,80
S00099899,70,10,60
S00099900,113,34,79
S00099901,134,36,98
S00099902,92,23,69
S00099903,93,18,75
S00099904,68,18,50
S00099905,87,19,68
S00099906,94,19,75
S00099907,108,21,87
S00099908,71,27,44
S00099909,54,13,41
S00099910,91,34,57
S00099911,77,38,39
S00099912,92,45,47
S00099913,70,41,29
S00099914,105,34,71
S00099915,141,34,107
S00099916,100,38,62
S00099917,101,36,65
S00099918,129,45,84
S00099919,94,24,70
S00099920,100,21,79
S00099921,91,12,79
S00099922,103,29,74
S00099923,138,31,107
S00099924,74,22,52
S00099925,212,24,188
S00099926,136,29,107
S00099927,154,39,115
S00099928,84,26,58
S00099929,146,27,119
S00099930,203,32,171
S00099931,107,25,82
S00099932,139,36,103
S00099933,96,29,67
S00099934,170,61,109
S00099935,165,50,115
S00099936,86,38,48
S00099937,70,18,52
S00099938,134,37,97
S00099939,112,25,87
S00099940,122,31,91
S00099941,161,25,136
S00099942,115,24,91
S00099943,116,23,93
S00099944,118,24,94
S00099945,105,15,90
S00099946,132,34,98
S00099947,94,21,73
S00099948,107,33,74
S00099949,83,42,41
S00099950,138,35,103
S00099951,108,15,93
S00099952,135,46,89
S00099953,161,49,112
S00099954,108,26,82
S00099955,89,7,82
S00099956,55,15,40
S00099957,83,25,58
S00099958,135,19,116
S00099959,126,38,88
S00099960,90,17,73
S00099961,139,20,119
S00099962,153,46,107
S00099963,113,34,79
S00099964,126,22,104
S00099965,79,24,55
S00099966,107,21,86
S00099967,115,28,87
S00099968,136,38,98
S00099969,112,31,81
S00099970,183,69,114
S00099971,142,46,96
S00099972,147,36,111
S00099973,97,19,78
S00099974,73,22,51
S00099975,106,31,75
S00099976,105,23,82
S00099977,109,40,69
S00099978,87,23,64
S00099979,102,27,75
S00099980,119,21,98
S00099981,84,37,47
S00099982,77,34,43
S00099983,71,38,33
S00099984,83,32,51
S00099985,83,28,55
S00099986,109,28,81
S00099987,81,34,47
S00099988,94,47,47
S00099989,124,18,106
S00099990,97,19,78
S00099991,117,40,77
S00099992,80,18,62
S00099993,208,26,182
S00099994,72,10,62
S00099995,162,19,143
S00099996,93,22,71
S00099997,180,31,149
S00099998,157,34,123
S00099999,121,23,98
S00100000,99,22,77
S00100001,135,32,103
S00100002,109,32,77
S00100003,126,41,85
S00100004,165,44,121
S00100005,102,37,65
S00100006,81,29,52
S00100007,170,36,134
S00100008,119,28,91
S00100009,132,29,103
S00100010,135,33,102
S00100011,83,32,51
S00100012,103,26,77
S00100013,103,35,68
S00100014,87,13,74
S00100015,60,18,42
S00100016,108,26,82
S00100017,74,14,60
S00100018,153,35,118
S00100019,103,27,76
S00100020,136,40,96
S00100021,133,21,112
S00100022,117,21,96
S00100023,154,21,133
S00100024,118,15,103
S00100025,130,24,106
S00100026,122,23,99
S00100027,113,38,75
S00100028,120,36,84
S00100029,93,29,64
S00100030,117,20,97
S00100031,100,38,62
S00100032,130,27,103
S00100033,128,36,92
S00100034,109,36,73
S00100035,106,35,71
S00100036,89,26,63
S00100037,163,28,135
S00100038,60,26,34
S00100039,104,32,72
S00100040,109,37,72
S00100041,168,41,127
S00100042,69,18,51
S00100043,95,30,65
S00100044,121,26,95
S00100045,106,23,83
S00100046,94,19,75
S00100047,75,31,44
S00100048,87,33,54
S00100049,107,35,72
S00100050,59,25,34
S00100051,142,45,97
S00100052,128,78,50
S00100053,72,16,56
S00100054,100,25,75
S00100055,115,27,88
S00100056,80,28,52
S00100057,66,18,48
S00100058,123,18,105
S00100059,151,36,115
S00100060,92,16,76
S00100061,111,16,95
S00100062,118,30,88
S00100063,106,32,74
S00100064,104,31,73
S00100065,167,30,137
S00100066,99,27,72
S00100067,84,21,63
S00100068,87,26,61
S00100069,138,38,100
S00100070,87,27,60
S00100071,112,41,71
S00100072,125,44,81
S00100073,126,38,88
S00100074,160,25,135
S00100075,83,29,54
S00100076,81,14,67
S00100077,125,17,108
S00100078,128,23,105
S00100079,84,23,61
S00100080,84,19,65
S00100081,139,42,97
S00100082,131,36,95
S00100083,137,23,114
S00100084,156,31,125
S00100085,134,23,111
S00100086,140,35,105
S00100087,152,37,115
S00100088,122,17,105
S00100089,122,28,94
S00100090,105,28,77
S00100091,92,20,72
S00100092,167,36,131
S00100093,96,16,80
S00100094,124,46,78
S00100095,115,44,71
S00100096,116,23,93
S00100097,98,33,65
S00100098,104,27,77
S00100099,143,50,93
S00100100,93,26,67
S00100101,90,41,49
S00100102,89,30,59
S00100103,61,26,35
S00100104,124,34,90
S00100105,122,40,82
S00100106,137,53,84
S00100107,202,22,180
S00100108,136,24,112
S00100109,187,19,168
S00100110,104,22,82
S00100111,99,19,80
S00100112,129,31,98
S00100113,116,19,97
S00100114,93,8,85
S00100115,93,20,73
S00100116,101,20,81
S00100117,134,14,120
S00100118,102,14,88
S00100119,103,23,80
S00100120,126,26,100
S00100121,116,15,101
S00100122,92,11,81
S00100123,69,9,60
S00100124,121,21,100
S00100125,129,11,118
S00100126,66,16,50
S00100127,53,8,45
S00100128,109,22,87
S00100129,130,18,112
S00100130,87,20,67
S00100131,113,21,92
S00100132,72,14,58
S00100133,57,7,50
S00100134,93,16,77
S00100135,75,16,59
S00100136,83,32,51
S00100137,120,25,95
S00100138,165,25,140
S00100139,118,42,76
S00100140,131,35,96
S00100141,78,11,67
S00100142,96,22,74
S00100143,71,24,47
S00100144,110,32,78
S00100145,101,26,75
S00100146,76,22,54
S00100147,118,23,95
S00100148,62,11,51
S00100149,105,21,84
S00100150,133,51,82
S00100151,146,15,131
S00100152,74,14,60
S00100153,105,33,72
S00100154,81,30,51
S00100155,118,16,102
S00100156,88,14,74
S00100157,65,18,47
S00100158,101,21,80
S00100159,124,44,80
S00100160,117,25,92
S00100161,61,11,50
S00100162,167,64,103
S00100163,180,45,135
S00100164,119,22,97
S00100165,123,23,100
S00100166,75,4,71
S00100167,100,66,34
S00100168,106,36,70
S00100169,105,29,76
S00100170,83,9,74
S00100171,72,29,43
S00100172,55,21,34
S00100173,69,25,44
S00100174,89,37,52
S00100175,55,25,30
S00100176,73,27,46
S00100177,95,6,89
S00100178,96,11,85
S00100179,68,12,56
S00100180,79,15,64
S00100181,65,9,56
S00100182,160,19,141
S00100183,107,22,85
S00100184,103,32,71
S00100185,110,30,80
S00100186,99,33,66
S00100187,108,26,82
S00100188,124,30,94
S00100189,152,32,120
S00100190,86,20,66
S00100191,87,24,63
S00100192,123,36,87
S00100193,132,28,104
S00100194,93,22,71
S00100195,149,49,100
S00100196,169,28,141
S00100197,97,30,67
S00100198,116,30,86
S00100199,109,26,83
S00100200,136,23,113
S00100201,99,18,81
S00100202,96,32,64
S00100203,115,38,77
S00100204,132,27,105
S00100205,109,23,86
S00100206,111,31,80
S00100207,92,26,66
S00100208,99,25,74
S00100209,174,36,138
S00100210,150,46,104
S00100211,147,41,106
S00100212,112,21,91
S00100213,101,21,80
S00100214,115,17,98
S00100215,100,21,79
S00100216,124,37,87
S00100217,103,30,73
S00100218,109,18,91
S00100219,63,11,52
S00100220,116,20,96
S00100221,150,26,124
S00100222,105,49,56
S00100223,139,20,119
S00100224,142,37,105
S00100225,130,23,107
S00100226,110,18,92
S00100227,108,29,79
S00100228,93,24,69
S00100229,193,30,163
S00100230,88,25,63
S00100231,98,26,72
S00100232,84,21,63
S00100233,102,35,67
S00100234,124,31,93
S00100235,123,24,99
S00100236,137,20,117
S00100237,117,19,98
S00100238,141,19,122
S00100239,122,34,88
S00100240,106,20,86
S00100241,176,37,139
S00100242,153,32,121
S00100243,111,38,73
S00100244,87,33,54
S00100245,98,38,60
S00100246,122,23,99
S00100247,89,30,59
S00100248,113,27,86
S00100249,140,24,116
S00100250,109,31,78
S00100251,113,25,88
S00100252,140,33,107
S00100253,114,26,88
S00100254,92,21,71
S00100255,125,28,97
S00100256,57,13,44
S00100257,117,31,86
S00100258,66,15,51
S00100259,121,23,98
S00100260,73,27,46
S00100261,71,18,53
S00100262,173,35,138
S00100263,116,24,92
S00100264,102,16,86
S00100265,78,6,72
S00100266,141,20,121
S00100267,51,11,40
S00100268,119,44,75
S00100269,122,39,83
S00100270,81,31,50
S00100271,94,29,65
S00100272,100,31,69
S00100273,73,14,59
S00100274,122,25,97
S00100275,80,25,55
S00100276,103,25,78
S00100277,52,11,41
S00100278,86,24,62
S00100279,68,24,44
S00100280,67,24,43
S00100281,101,35,66
S00100282,82,24,58
S00100283,114,36,78
S00100284,140,31,109
S00100285,51,21,30
S00100286,76,15,61
S00100287,64,28,36
S00100288,115,23,92
S00100289,97,19,78
S00100290,61,17,44
S00100291,73,8,65
S00100292,82,16,66
S00100293,67,27,40
S00100294,56,15,41
S00100295,176,58,118
S00100296,207,22,185
S00100297,169,44,125
S00100298,140,34,106
S00100299,78,25,53
S00100300,206,30,176
S00100301,151,23,128
S00100302,84,21,63
S00100303,126,25,101
S00100304,178,30,148
S00100305,106,13,93
S00100306,147,27,120
S00100307,131,27,104
S00100308,142,32,110
S00100309,102,19,83
S00100310,111,18,93
S00100311,120,18,102
S00100312,114,18,96
S00100313,156,26,130
S00100314,136,22,114
S00100315,178,26,152
S00100316,107,23,84
S00100317,63,15,48
S00100318,109,19,90
S00100319,108,28,80
S00100320,96,25,71
S00100321,137,30,107
S00100322,157,42,115
S00100323,107,24,83
S00100324,179,39,140
S00100325,116,25,91
S00100326,121,36,85
S00100327,94,22,72
S00100328,103,64,39
S00100329,106,23,83
S00100330,84,26,58
S00100331,119,29,90
S00100332,125,40,85
S00100333,99,18,81
S00100334,165,31,134
S00100335,84,17,67
S00100336,131,22,109
S00100337,62,17,45
S00100338,69,11,58
S00100339,77,21,56
S00100340,114,21,93
S00100341,91,25,66
S00100342,145,27,118
S00100343,97,21,76
S00100344,119,18,101
S00100345,105,14,91
S00100346,113,10,103
S00100347,131,12,119
S00100348,97,25,72
S00100349,115,22,93
S00100350,53,5,48
S00100351,112,19,93
S00100352,99,12,87
S00100353,111,21,90
S00100354,84,22,62
S00100355,103,26,77
S00100356,88,21,67
S00100357,96,21,75
S00100358,145,29,116
S00100359,98,21,77
S00100360,133,30,103
S00100361,74,12,62
S00100362,56,11,45
S00100363,61,15,46
S00100364,80,21,59
S00100365,87,17,70
S00100366,115,26,89
S00100367,94,28,66
S00100368,91,21,70
S00100369,121,23,98
S00100370,106,14,92
S00100371,102,30,72
S00100372,79,24,55
S00100373,94,37,57
S00100374,147,29,118
S00100375,129,30,99
S00100376,101,26,75
S00100377,129,25,104
S00100378,99,15,84
S00100379,100,34,66
S00100380,86,16,70
S00100381,128,28,100
S00100382,124,25,99
S00100383,149,8,141
S00100384,117,31,86
S00100385,144,28,116
S00100386,99,18,81
S00100387,104,24,80
S00100388,117,29,88
S00100389,91,24,67
S00100390,100,27,73
S00100391,129,21,108
S00100392,89,26,63
S00100393,88,17,71
S00100394,135,33,102
S00100395,53,9,44
S00100396,138,18,120
S00100397,65,9,56
S00100398,178,26,152
S00100399,100,16,84
S00100400,142,19,123
S00100401,161,43,118
S00100402,122,24,98
S00100403,111,19,92
S00100404,109,30,79
S00100405,132,26,106
S00100406,121,18,103
S00100407,77,16,61
S00100408,75,26,49
S00100409,195,33,162
S00100410,143,26,117
S00100411,98,19,79
S00100412,108,22,86
S00100413,93,24,69
S00100414,142,22,120
S00100415,123,22,101
S00100416,111,16,95
S00100417,134,24,110
S00100418,191,33,158
S00100419,120,30,90
S00100420,50,24,26
S00100421,141,26,115
S00100422,149,24,125
S00100423,92,9,83
S00100424,63,34,29
S00100425,117,27,90
S00100426,84,26,58
S00100427,121,17,104
S00100428,130,30,100
S00100429,95,28,67
S00100430,59,25,34
S00100431,136,51,85
S00100432,112,26,86
S00100433,55,10,45
S00100434,66,26,40
S00100435,117,26,91
S00100436,66,14,52
S00100437,132,29,103
S00100438,95,21,74
S00100439,87,30,57
S00100440,153,77,76
S00100441,156,31,125
S00100442,131,40,91
S00100443,89,19,70
S00100444,131,34,97
S00100445,101,25,76
S00100446,91,23,68
S00100447,79,22,57
S00100448,116,20,96
S00100449,77,21,56
S00100450,152,29,123
S00100451,84,21,63
S00100452,60,20,40
S00100453,94,32,62
S00100454,76,25,51
S00100455,115,24,91
S00100456,155,28,127
S00100457,91,17,74
S00100458,122,24,98
S00100459,97,17,80
S00100460,126,22,104
S00100461,75,29,46
S00100462,135,27,108
S00100463,137,41,96
S00100464,72,20,52
S00100465,90,34,56
S00100466,104,14,90
S00100467,110,40,70
S00100468,78,37,41
S00100469,126,29,97
S00100470,139,20,119
S00100471,112,14,98
S00100472,67,22,45
S00100473,55,13,42
S00100474,108,24,84
S00100475,135,18,117
S00100476,94,24,70
S00100477,105,26,79
S00100478,142,31,111
S00100479,194,25,169
S00100480,97,12,85
S00100481,161,24,137
S00100482,106,39,67
S00100483,183,22,161
S00100484,149,8,141
S00100485,80,14,66
S00100486,110,25,85
S00100487,95,25,70
S00100488,100,29,71
S00100489,98,19,79
S00100490,79,21,58
S00100491,75,29,46
S00100492,103,25,78
S00100493,100,20,80
S00100494,82,21,61
S00100495,87,18,69
S00100496,89,21,68
S00100497,174,27,147
S00100498,98,18,80
S00100499,90,25,65
S00100500,105,29,76
S00100501,73,19,54
S00100502,119,27,92
S00100503,68,19,49
S00100504,72,25,47
S00100505,62,34,28
S00100506,143,44,99
S00100507,90,36,54
S00100508,103,24,79
S00100509,68,24,44
S00100510,90,9,81
S00100511,94,28,66
S00100512,94,10,84
S00100513,69,12,57
S00100514,106,29,77
S00100515,83,15,68
S00100516,108,21,87
S00100517,113,28,85
S00100518,179,26,153
S00100519,177,39,138
S00100520,89,19,70
S00100521,84,20,64
S00100522,154,37,117
S00100523,83,33,50
S00100524,110,23,87
S00100525,146,28,118
S00100526,149,23,126
S00100527,101,23,78
S00100528,119,33,86
S00100529,122,26,96
S00100530,69,11,58
S00100531,77,15,62
S00100532,111,21,90
S00100533,78,22,56
S00100534,114,28,86
S00100535,145,34,111
S00100536,94,22,72
S00100537,125,30,95
S00100538,164,21,143
S00100539,113,22,91
S00100540,73,12,61
S00100541,98,16,82
S00100542,134,16,118
S00100543,95,33,62
S00100544,86,20,66
S00100545,155,35,120
S00100546,201,28,173
S00100547,152,21,131
S00100548,54,20,34
S00100549,67,36,31
S00100550,170,26,144
S00100551,149,38,111
S00100552,171,37,134
S00100553,91,24,67
S00100554,55,6,49
S00100555,154,27,127
S00100556,67,21,46
S00100557,163,38,125
S00100558,115,38,77
S00100559,60,12,48
S00100560,67,13,54
S00100561,64,9,55
S00100562,147,37,110
S00100563,66,22,44
S00100564,128,26,102
S00100565,142,39,103
S00100566,126,33,93
S00100567,100,26,74
S00100568,87,34,53
S00100569,119,23,96
S00100570,107,32,75
S00100571,111,19,92
S00100572,94,23,71
S00100573,107,17,90
S00100574,82,29,53
S00100575,132,16,116
S00100576,126,47,79
S00100577,115,36,79
S00100578,156,10,146
S00100579,195,29,166
S00100580,129,17,112
S00100581,114,17,97
S00100582,167,21,146
S00100583,104,24,80
S00100584,157,36,121
S00100585,152,29,123
S00100586,107,28,79
S00100587,118,23,95
S00100588,129,32,97
S00100589,119,16,103
S00100590,106,21,85
S00100591,102,25,77
S00100592,96,29,67
S00100593,119,25,94
S00100594,114,25,89
S00100595,120,28,92
S00100596,84,22,62
S00100597,89,25,64
S00100598,98,17,81
S00100599,112,5,107
S00100600,128,18,110
S00100601,119,20,99
S00100602,69,15,54
S00100603,94,17,77
S00100604,84,19,65
S00100605,72,14,58
S00100606,96,12,84
S00100607,97,21,76
S00100608,71,19,52
S00100609,95,6,89
S00100610,158,6,152
S00100611,144,17,127
S00100612,92,22,70
S00100613,72,16,56
S00100614,86,27,59
S00100615,82,15,67
S00100616,98,11,87
S00100617,143,23,120
S00100618,89,13,76
S00100619,92,24,68
S00100620,166,21,145
S00100621,134,28,106
S00100622,144,23,121
S00100623,193,26,167
S00100624,169,18,151
S00100625,126,16,110
S00100626,83,38,45
S00100627,108,23,85
S00100628,99,15,84
S00100629,88,27,61
S00100630,83,15,68
S00100631,133,26,107
S00100632,87,11,76
S00100633,132,61,71
S00100634,136,13,123
S00100635,124,23,101
S00100636,190,16,174
S00100637,119,21,98
S00100638,155,22,133
S00100639,94,8,86
S00100640,110,28,82
S00100641,74,7,67
S00100642,65,18,47
S00100643,127,30,97
S00100644,82,11,71
S00100645,124,27,97
S00100646,147,19,128
S00100647,179,12,167
S00100648,144,14,130
S00100649,106,8,98
S00100650,126,8,118
S00100651,164,18,146
S00100652,118,17,101
S00100653,122,17,105
S00100654,110,9,101
S00100655,137,14,123
S00100656,189,26,163
S00100657,111,20,91
S00100658,101,13,88
S00100659,118,17,101
S00100660,123,7,116
S00100661,81,38,43
S00100662,61,19,42
S00100663,122,19,103
S00100664,181,100,81
S00100665,100,19,81
S00100666,122,26,96
S00100667,100,24,76
S00100668,93,29,64
S00100669,209,27,182
S00100670,59,15,44
S00100671,109,31,78
S00100672,78,20,58
S00100673,92,8,84
S00100674,78,19,59
S00100675,64,12,52
S00100676,67,11,56
S00100677,113,30,83
S00100678,97,30,67
S00100679,129,24,105
S00100680,145,28,117
S00100681,170,44,126
S00100682,112,45,67
S00100683,67,11,56
S00100684,99,18,81
S00100685,119,19,100
S00100686,73,20,53
S00100687,98,7,91
S00100688,143,23,120
S00100689,84,17,67
S00100690,107,26,81
S00100691,62,13,49
S00100692,54,12,42
S00100693,115,19,96
S00100694,80,6,74
S00100695,113,35,78
S00100696,63,13,50
S00100697,51,4,47
S00100698,51,11,40
S00100699,93,14,79
S00100700,129,50,79
S00100701,69,8,61
S00100702,113,28,85
S00100703,114,16,98
S00100704,74,5,69
S00100705,59,4,55
S00100706,102,32,70
S00100707,110,18,92
S00100708,51,6,45
S00100709,99,16,83
S00100710,145,33,112
S00100711,85,15,70
S00100712,51,12,39
S00100713,97,21,76
S00100714,74,20,54
S00100715,76,7,69
S00100716,67,11,56
S00100717,95,12,83
S00100718,91,24,67
S00100719,128,25,103
S00100720,64,14,50
S00100721,126,20,106
S00100722,188,43,145
S00100723,93,13,80
S00100724,50,27,23
S00100725,53,24,29
S00100726,81,19,62
S00100727,116,27,89
S00100728,76,13,63
S00100729,118,11,107
S00100730,85,22,63
S00100731,165,89,76
S00100732,122,22,100
S00100733,71,27,44
S00100734,51,12,39
S00100735,51,13,38
S00100736,109,42,67
S00100737,87,20,67
S00100738,101,17,84
S00100739,147,25,122
S00100740,98,13,85
S00100741,60,15,45
S00100742,55,26,29
S00100743,687,190,497
S00100744,124,41,83
S00100745,129,22,107
S00100746,133,23,110
S00100747,168,24,144
S00100748,136,24,112
S00100749,82,22,60
S00100750,146,37,109
S00100751,177,79,98
S00100752,59,16,43
S00100753,92,30,62
S00100754,123,29,94
S00100755,68,37,31
S00100756,53,34,19
S00100757,126,19,107
S00100758,98,42,56
S00100759,93,21,72
S00100760,86,35,51
S00100761,129,28,101
S00100762,82,28,54
S00100763,59,23,36
S00100764,58,33,25
S00100765,58,16,42
S00100766,104,19,85
S00100767,114,21,93
S00100768,63,6,57
S00100769,199,23,176
S00100770,65,25,40
S00100771,132,36,96
S00100772,142,37,105
S00100773,135,37,98
S00100774,64,20,44
S00100775,127,36,91
S00100776,153,26,127
S00100777,91,22,69
S00100778,132,22,110
S00100779,189,27,162
S00100780,173,12,161
S00100781,55,11,44
S00100782,154,36,118
S00100783,105,33,72
S00100784,85,12,73
S00100785,69,15,54
S00100786,101,21,80
S00100787,125,29,96
S00100788,54,11,43
S00100789,104,29,75
S00100790,76,9,67
S00100791,89,26,63
S00100792,88,7,81
S00100793,113,34,79
S00100794,93,15,78
S00100795,68,6,62
S00100796,67,45,22
S00100797,104,46,58
S00100798,104,10,94
S00100799,94,29,65
S00100800,165,17,148
S00100801,130,11,119
S00100802,128,27,101
S00100803,105,20,85
S00100804,91,21,70
S00100805,123,21,102
S00100806,104,21,83
S00100807,58,18,40
S00100808,118,17,101
S00100809,145,57,88
S00100810,205,29,176
S00100811,152,14,138
S00100812,90,15,75
S00100813,144,13,131
S00100814,135,10,125
S00100815,170,12,158
S00100816,113,7,106
S00100817,262,5,257
S00100818,202,19,183
S00100819,133,19,114
S00100820,138,10,128
S00100821,130,7,123
S00100822,92,2,90
S00100823,193,13,180
S00100824,122,9,113
S00100825,98,8,90
S00100826,87,4,83
S00100827,140,16,124
S00100828,110,27,83
S00100829,138,27,111
S00100830,111,23,88
S00100831,110,17,93
S00100832,79,7,72
S00100833,165,26,139
S00100834,135,27,108
S00100835,88,5,83
S00100836,194,36,158
S00100837,100,28,72
S00100838,122,24,98
S00100839,191,41,150
S00100840,126,26,100
S00100841,110,25,85
S00100842,147,33,114
S00100843,106,22,84
S00100844,129,17,112
S00100845,104,19,85
S00100846,72,30,42
S00100847,144,12,132
S00100848,69,17,52
S00100849,123,21,102
S00100850,219,13,206
S00100851,177,23,154
S00100852,162,13,149
S00100853,121,18,103
S00100854,85,24,61
S00100855,98,28,70
S00100856,99,23,76
S00100857,149,42,107
S00100858,124,29,95
S00100859,75,17,58
S00100860,57,32,25
S00100861,163,18,145
S00100862,104,25,79
S00100863,72,17,55
S00100864,79,11,68
S00100865,118,35,83
S00100866,240,17,223
S00100867,139,17,122
S00100868,150,5,145
S00100869,133,6,127
S00100870,222,18,204
S00100871,184,17,167
S00100872,188,11,177
S00100873,78,7,71
S00100874,89,4,85
S00100875,173,19,154
S00100876,128,14,114
S00100877,180,21,159
S00100878,89,18,71
S00100879,164,12,152
S00100880,161,20,141
S00100881,99,12,87
S00100882,81,8,73
S00100883,166,37,129
S00100884,81,11,70
S00100885,72,10,62
S00100886,74,10,64
S00100887,159,18,141
S00100888,114,14,100
S00100889,126,17,109
S00100890,111,22,89
S00100891,123,11,112
S00100892,131,16,115
S00100893,104,18,86
S00100894,104,18,86
S00100895,148,17,131
S00100896,127,26,101
S00100897,97,13,84
S00100898,130,21,109
S00100899,116,18,98
S00100900,120,15,105
S00100901,95,19,76
S00100902,117,28,89
S00100903,213,32,181
S00100904,155,24,131
S00100905,142,17,125
S00100906,160,27,133
S00100907,103,21,82
S00100908,63,14,49
S00100909,140,28,112
S00100910,97,15,82
S00100911,110,14,96
S00100912,125,23,102
S00100913,138,19,119
S00100914,100,16,84
S00100915,76,16,60
S00100916,108,20,88
S00100917,158,22,136
S00100918,100,14,86
S00100919,112,13,99
S00100920,162,26,136
S00100921,151,34,117
S00100922,134,20,114
S00100923,93,17,76
S00100924,127,10,117
S00100925,58,9,49
S00100926,138,13,125
S00100927,110,27,83
S00100928,124,13,111
S00100929,78,15,63
S00100930,141,18,123
S00100931,132,12,120
S00100932,107,8,99
S00100933,149,18,131
S00100934,88,21,67
S00100935,131,16,115
S00100936,124,14,110
S00100937,155,17,138
S00100938,176,27,149
S00100939,119,19,100
S00100940,99,17,82
S00100941,137,20,117
S00100942,139,12,127
S00100943,141,16,125
S00100944,105,23,82
S00100945,112,17,95
S00100946,184,9,175
S00100947,120,18,102
S00100948,124,17,107
S00100949,122,13,109
S00100950,111,41,70
S00100951,127,18,109
S00100952,87,12,75
S00100953,175,26,149
S00100954,120,13,107
S00100955,111,17,94
S00100956,113,24,89
S00100957,109,14,95
S00100958,150,16,134
S00100959,202,20,182
S00100960,153,29,124
S00100961,125,17,108
S00100962,56,15,41
S00100963,70,15,55
S00100964,130,13,117
S00100965,67,14,53
S00100966,61,10,51
S00100967,90,22,68
S00100968,106,25,81
S00100969,86,30,56
S00100970,99,51,48
S00100971,100,36,64
S00100972,155,24,131
S00100973,103,10,93
S00100974,161,28,133
S00100975,133,16,117
S00100976,97,7,90
S00100977,82,10,72
S00100978,137,22,115
S00100979,71,20,51
S00100980,102,10,92
S00100981,77,20,57
S00100982,85,38,47
S00100983,129,16,113
S00100984,177,27,150
S00100985,156,22,134
S00100986,145,21,124
S00100987,136,37,99
S00100988,101,13,88
S00100989,104,24,80
S00100990,119,22,97
S00100991,114,18,96
S00100992,135,14,121
S00100993,188,27,161
S00100994,169,25,144
S00100995,55,18,37
S00100996,85,18,67
S00100997,160,21,139
S00100998,65,18,47
S00100999,141,22,119
S00101000,99,17,82
S00101001,123,17,106
S00101002,125,14,111
S00101003,123,7,116
S00101004,132,12,120
S00101005,123,18,105
S00101006,172,17,155
S00101007,122,14,108
S00101008,114,13,101
S00101009,108,23,85
S00101010,146,19,127
S00101011,100,10,90
S00101012,125,17,108
S00101013,142,32,110
S00101014,93,6,87
S00101015,94,8,86
S00101016,125,18,107
S00101017,120,13,107
S00101018,106,21,85
S00101019,100,12,88
S00101020,127,14,113
S00101021,82,7,75
S00101022,165,18,147
S00101023,170,11,159
S00101024,169,11,158
S00101025,141,30,111
S00101026,107,20,87
S00101027,172,18,154
S00101028,55,7,48
S00101029,91,12,79
S00101030,141,17,124
S00101031,119,22,97
S00101032,120,11,109
S00101033,212,23,189
S00101034,164,22,142
S00101035,139,17,122
S00101036,131,9,122
S00101037,182,9,173
S00101038,165,14,151
S00101039,145,18,127
S00101040,147,18,129
S00101041,73,18,55
S00101042,166,12,154
S00101043,128,24,104
S00101044,93,14,79
S00101045,103,16,87
S00101046,124,22,102
S00101047,103,18,85
S00101048,117,20,97
S00101049,95,15,80
S00101050,100,15,85
S00101051,103,16,87
S00101052,139,16,123
S00101053,108,20,88
S00101054,131,24,107
S00101055,115,21,94
S00101056,146,18,128
S00101057,167,24,143
S00101058,177,23,154
S00101059,128,13,115
S00101060,130,11,119
S00101061,169,23,146
S00101062,159,14,145
S00101063,162,36,126
S00101064,164,55,109
S00101065,74,41,33
S00101066,178,27,151
S00101067,98,44,54
S00101068,102,22,80
S00101069,60,8,52
S00101070,166,33,133
S00101071,96,30,66
S00101072,73,22,51
S00101073,68,14,54
S00101074,141,21,120
S00101075,110,17,93
S00101076,134,15,119
S00101077,152,25,127
S00101078,96,47,49
S00101079,133,16,117
S00101080,175,36,139
S00101081,72,14,58
S00101082,124,22,102
S00101083,103,28,75
S00101084,96,25,71
S00101085,137,20,117
S00101086,92,23,69
S00101087,118,43,75
S00101088,144,39,105
S00101089,102,25,77
S00101090,104,24,80
S00101091,110,28,82
S00101092,99,33,66
S00101093,79,18,61
S00101094,117,39,78
S00101095,100,29,71
S00101096,155,33,122
S00101097,112,11,101
S00101098,227,14,213
S00101099,260,23,237
S00101100,98,19,79
S00101101,177,19,158
S00101102,133,10,123
S00101103,168,21,147
S00101104,160,20,140
S00101105,183,30,153
S00101106,163,20,143
S00101107,186,16,170
S00101108,156,21,135
S00101109,108,21,87
S00101110,216,23,193
S00101111,137,28,109
S00101112,144,23,121
S00101113,94,13,81
S00101114,113,11,102
S00101115,137,20,117
S00101116,154,17,137
S00101117,106,24,82
S00101118,134,17,117
S00101119,111,19,92
S00101120,101,17,84
S00101121,156,28,128
S00101122,105,17,88
S00101123,103,30,73
S00101124,127,29,98
S00101125,106,17,89
S00101126,131,14,117
S00101127,140,27,113
S00101128,91,14,77
S00101129,120,22,98
S00101130,124,25,99
S00101131,96,18,78
S00101132,134,16,118
S00101133,117,25,92
S00101134,108,22,86
S00101135,135,21,114
S00101136,138,16,122
S00101137,149,19,130
S00101138,220,32,188
S00101139,115,19,96
S00101140,123,23,100
S00101141,204,29,175
S00101142,194,26,168
S00101143,130,18,112
S00101144,122,22,100
S00101145,153,30,123
S00101146,125,50,75
S00101147,181,21,160
S00101148,167,42,125
S00101149,194,31,163
S00101150,153,23,130
S00101151,179,20,159
S00101152,174,30,144
S00101153,151,14,137
S00101154,134,23,111
S00101155,112,18,94
S00101156,174,30,144
S00101157,157,28,129
S00101158,167,36,131
S00101159,173,23,150
S00101160,96,37,59
S00101161,126,44,82
S00101162,161,21,140
S00101163,146,25,121
S00101164,111,20,91
S00101165,125,25,100
S00101166,144,24,120
S00101167,119,28,91
S00101168,127,15,112
S00101169,125,31,94
S00101170,78,17,61
S00101171,82,23,59
S00101172,140,26,114
S00101173,107,24,83
S00101174,179,29,150
S00101175,147,28,119
S00101176,59,13,46
S00101177,124,30,94
S00101178,117,21,96
S00101179,128,22,106
S00101180,107,20,87
S00101181,101,23,78
S00101182,125,22,103
S00101183,134,17,117
S00101184,207,28,179
S00101185,178,42,136
S00101186,122,31,91
S00101187,134,25,109
S00101188,100,12,88
S00101189,127,28,99
S00101190,108,16,92
S00101191,99,25,74
S00101192,127,23,104
S00101193,80,18,62
S00101194,56,14,42
S00101195,100,18,82
S00101196,126,28,98
S00101197,130,19,111
S00101198,112,30,82
S00101199,145,13,132
S00101200,91,16,75
S00101201,101,15,86
S00101202,118,19,99
S00101203,136,28,108
S00101204,199,16,183
S00101205,125,22,103
S00101206,112,21,91
S00101207,107,19,88
S00101208,133,32,101
S00101209,124,14,110
S00101210,167,40,127
S00101211,168,35,133
S00101212,144,19,125
S00101213,148,29,119
S00101214,157,16,141
S00101215,139,16,123
S00101216,137,24,113
S00101217,94,22,72
S00101218,106,19,87
S00101219,166,13,153
S00101220,96,12,84
S00101221,153,18,135
S00101222,129,16,113
S00101223,118,20,98
S00101224,69,32,37
S00101225,124,22,102
S00101226,142,16,126
S00101227,133,30,103
S00101228,66,13,53
S00101229,81,53,28
S00101230,114,33,81
S00101231,181,26,155
S00101232,114,17,97
S00101233,104,18,86
S00101234,131,36,95
S00101235,84,16,68
S00101236,138,14,124
S00101237,87,14,73
S00101238,85,12,73
S00101239,87,40,47
S00101240,79,42,37
S00101241,149,23,126
S00101242,93,26,67
S00101243,137,37,100
S00101244,92,28,64
S00101245,99,29,70
S00101246,63,5,58
S00101247,98,43,55
S00101248,127,51,76
S00101249,57,14,43
S00101250,138,34,104
S00101251,139,27,112
S00101252,168,40,128
S00101253,127,25,102
S00101254,144,24,120
S00101255,120,12,108
S00101256,167,20,147
S00101257,147,20,127
S00101258,91,11,80
S00101259,131,26,105
S00101260,109,13,96
S00101261,112,13,99
S00101262,124,24,100
S00101263,123,17,106
S00101264,124,24,100
S00101265,121,16,105
S00101266,120,26,94
S00101267,116,14,102
S00101268,75,10,65
S00101269,132,33,99
S00101270,179,26,153
S00101271,93,25,68
S00101272,139,17,122
S00101273,113,18,95
S00101274,140,20,120
S00101275,162,21,141
S00101276,68,12,56
S00101277,163,24,139
S00101278,169,21,148
S00101279,170,23,147
S00101280,130,41,89
S00101281,145,34,111
S00101282,85,25,60
S00101283,60,25,35
S00101284,146,23,123
S00101285,104,18,86
S00101286,131,12,119
S00101287,160,22,138
S00101288,95,14,81
S00101289,101,14,87
S00101290,119,12,107
S00101291,147,10,137
S00101292,126,22,104
S00101293,104,15,89
S00101294,75,22,53
S00101295,101,18,83
S00101296,154,12,142
S00101297,85,40,45
S00101298,131,32,99
S00101299,119,18,101
S00101300,94,14,80
S00101301,115,28,87
S00101302,93,10,83
S00101303,79,18,61
S00101304,96,19,77
S00101305,160,29,131
S00101306,158,29,129
S00101307,115,44,71
S00101308,101,48,53
S00101309,83,23,60
S00101310,153,30,123
S00101311,106,26,80
S00101312,128,24,104
S00101313,157,33,124
S00101314,114,28,86
S00101315,130,10,120
S00101316,156,32,124
S00101317,85,30,55
S00101318,103,20,83
S00101319,154,39,115
S00101320,101,22,79
S00101321,85,25,60
S00101322,106,16,90
S00101323,97,25,72
S00101324,92,18,74
S00101325,55,7,48
S00101326,144,37,107
S00101327,103,35,68
S00101328,87,21,66
S00101329,113,15,98
S00101330,110,35,75
S00101331,101,31,70
S00101332,139,42,97
S00101333,84,14,70
S00101334,73,12,61
S00101335,127,52,75
S00101336,106,28,78
S00101337,109,18,91
S00101338,98,32,66
S00101339,51,16,35
S00101340,78,18,60
S00101341,135,14,121
S00101342,122,29,93
S00101343,81,26,55
S00101344,118,36,82
S00101345,142,37,105
S00101346,113,24,89
S00101347,148,24,124
S00101348,98,22,76
S00101349,109,18,91
S00101350,146,28,118
S00101351,85,27,58
S00101352,80,23,57
S00101353,143,13,130
S00101354,168,16,152
S00101355,81,19,62
S00101356,94,22,72
S00101357,78,12,66
S00101358,97,10,87
S00101359,85,17,68
S00101360,97,16,81
S00101361,129,25,104
S00101362,84,16,68
S00101363,111,22,89
S00101364,73,20,53
S00101365,135,37,98
S00101366,60,23,37
S00101367,125,36,89
S00101368,110,42,68
S00101369,106,28,78
S00101370,193,37,156
S00101371,87,22,65
S00101372,72,23,49
S00101373,92,27,65
S00101374,101,26,75
S00101375,114,46,68
S00101376,55,20,35
S00101377,61,18,43
S00101378,117,18,99
S00101379,128,32,96
S00101380,78,19,59
S00101381,128,30,98
S00101382,105,25,80
S00101383,83,22,61
S00101384,108,26,82
S00101385,106,29,77
S00101386,94,26,68
S00101387,65,9,56
S00101388,89,25,64
S00101389,88,11,77
S00101390,140,17,123
S00101391,79,18,61
S00101392,140,30,110
S00101393,67,13,54
S00101394,131,30,101
S00101395,164,24,140
S00101396,129,27,102
S00101397,89,16,73
S00101398,131,16,115
S00101399,206,28,178
S00101400,143,18,125
S00101401,153,25,128
S00101402,175,38,137
S00101403,151,32,119
S00101404,172,20,152
S00101405,111,28,83
S00101406,67,22,45
S00101407,98,15,83
S00101408,109,32,77
S00101409,124,25,99
S00101410,131,36,95
S00101411,143,10,133
S00101412,209,26,183
S00101413,204,17,187
S00101414,127,14,113
S00101415,174,32,142
S00101416,198,26,172
S00101417,145,22,123
S00101418,138,18,120
S00101419,146,43,103
S00101420,137,16,121
S00101421,103,21,82
S00101422,124,19,105
S00101423,104,24,80
S00101424,97,26,71
S00101425,73,18,55
S00101426,91,22,69
S00101427,154,36,118
S00101428,182,40,142
S00101429,199,43,156
S00101430,105,25,80
S00101431,172,13,159
S00101432,124,19,105
S00101433,131,17,114
S00101434,111,9,102
S00101435,136,14,122
S00101436,140,18,122
S00101437,118,22,96
S00101438,161,18,143
S00101439,63,16,47
S00101440,100,14,86
S00101441,119,34,85
S00101442,111,34,77
S00101443,129,29,100
S00101444,111,30,81
S00101445,98,21,77
S00101446,147,26,121
S00101447,118,27,91
S00101448,96,22,74
S00101449,136,18,118
S00101450,72,15,57
S00101451,159,31,128
S00101452,181,30,151
S00101453,119,11,108
S00101454,189,16,173
S00101455,209,23,186
S00101456,185,25,160
S00101457,112,26,86
S00101458,155,23,132
S00101459,115,22,93
S00101460,190,18,172
S00101461,173,18,155
S00101462,152,29,123
S00101463,193,13,180
S00101464,55,17,38
S00101465,172,29,143
S00101466,169,23,146
S00101467,163,24,139
S00101468,109,20,89
S00101469,50,14,36
S00101470,166,14,152
S00101471,94,17,77
S00101472,149,18,131
S00101473,165,25,140
S00101474,142,24,118
S00101475,115,15,100
S00101476,168,15,153
S00101477,122,10,112
S00101478,169,12,157
S00101479,123,7,116
S00101480,143,14,129
S00101481,120,7,113
S00101482,179,23,156
S00101483,161,12,149
S00101484,75,7,68
S00101485,163,14,149
S00101486,165,15,150
S00101487,149,16,133
S00101488,134,11,123
S00101489,144,32,112
S00101490,102,20,82
S00101491,161,22,139
S00101492,129,23,106
S00101493,84,20,64
S00101494,105,13,92
S00101495,93,6,87
S00101496,133,13,120
S00101497,131,18,113
S00101498,131,17,114
S00101499,128,21,107
S00101500,106,40,66
S00101501,110,30,80
S00101502,129,35,94
S00101503,77,21,56
S00101504,64,17,47
S00101505,73,20,53
S00101506,203,21,182
S00101507,173,36,137
S00101508,84,9,75
S00101509,113,26,87
S00101510,90,13,77
S00101511,319,115,204
S00101512,125,12,113
S00101513,147,22,125
S00101514,143,21,122
S00101515,69,20,49
S00101516,130,27,103
S00101517,162,21,141
S00101518,107,21,86
S00101519,113,22,91
S00101520,70,34,36
S00101521,141,29,112
S00101522,123,32,91
S00101523,94,21,73
S00101524,96,15,81
S00101525,98,18,80
S00101526,109,16,93
S00101527,166,24,142
S00101528,66,15,51
S00101529,139,33,106
S00101530,142,36,106
S00101531,101,24,77
S00101532,174,33,141
S00101533,181,22,159
S00101534,228,79,149
S00101535,119,15,104
S00101536,114,21,93
S00101537,135,22,113
S00101538,82,18,64
S00101539,120,28,92
S00101540,123,28,95
S00101541,116,25,91
S00101542,171,30,141
S00101543,72,46,26
S00101544,62,16,46
S00101545,191,43,148
S00101546,166,43,123
S00101547,140,23,117
S00101548,77,5,72
S00101549,145,22,123
S00101550,126,9,117
S00101551,191,17,174
S00101552,142,19,123
S00101553,104,17,87
S00101554,56,9,47
S00101555,122,28,94
S00101556,81,8,73
S00101557,108,13,95
S00101558,116,16,100
S00101559,153,19,134
S00101560,64,13,51
S00101561,81,7,74
S00101562,133,26,107
S00101563,62,1,61
S00101564,72,11,61
S00101565,125,21,104
S00101566,201,27,174
S00101567,107,8,99
S00101568,89,27,62
S00101569,60,28,32
S00101570,109,20,89
S00101571,92,13,79
S00101572,71,9,62
S00101573,81,43,38
S00101574,50,11,39
S00101575,83,12,71
S00101576,68,8,60
S00101577,146,26,120
S00101578,127,13,114
S00101579,116,26,90
S00101580,190,25,165
S00101581,70,15,55
S00101582,97,16,81
S00101583,103,16,87
S00101584,123,26,97
S00101585,76,17,59
S00101586,109,4,105
S00101587,127,22,105
S00101588,97,16,81
S00101589,121,19,102
S00101590,63,14,49
S00101591,112,22,90
S00101592,157,25,132
S00101593,81,16,65
S00101594,215,20,195
S00101595,112,13,99
S00101596,77,11,66
S00101597,146,32,114
S00101598,60,12,48
S00101599,64,11,53
S00101600,81,27,54
S00101601,108,27,81
S00101602,86,13,73
S00101603,90,16,74
S00101604,151,33,118
S00101605,105,23,82
S00101606,117,13,104
S00101607,130,44,86
S00101608,87,16,71
S00101609,97,15,82
S00101610,92,11,81
S00101611,89,7,82
S00101612,120,23,97
S00101613,83,15,68
S00101614,60,8,52
S00101615,101,19,82
S00101616,83,21,62
S00101617,105,12,93
S00101618,108,13,95
S00101619,77,26,51
S00101620,52,13,39
S00101621,55,17,38
S00101622,74,15,59
S00101623,58,9,49
S00101624,142,22,120
S00101625,89,12,77
S00101626,124,12,112
S00101627,174,20,154
S00101628,82,8,74
S00101629,144,30,114
S00101630,81,13,68
S00101631,68,10,58
S00101632,142,14,128
S00101633,233,15,218
S00101634,233,87,146
S00101635,76,12,64
S00101636,109,16,93
S00101637,117,19,98
S00101638,82,12,70
S00101639,94,15,79
S00101640,102,14,88
S00101641,181,35,146
S00101642,115,21,94
S00101643,74,16,58
S00101644,62,15,47
S00101645,120,10,110
S00101646,137,11,126
S00101647,102,10,92
S00101648,53,8,45
S00101649,165,31,134
S00101650,127,28,99
S00101651,126,19,107
S00101652,160,84,76
S00101653,150,12,138
S00101654,267,13,254
S00101655,162,27,135
S00101656,73,11,62
S00101657,172,21,151
S00101658,76,10,66
S00101659,195,16,179
S00101660,224,16,208
S00101661,151,21,130
S00101662,100,4,96
S00101663,141,14,127
S00101664,84,3,81
S00101665,56,17,39
S00101666,65,17,48
S00101667,78,28,50
S00101668,158,17,141
S00101669,55,18,37
S00101670,105,19,86
S00101671,77,20,57
S00101672,151,15,136
S00101673,239,24,215
S00101674,140,15,125
S00101675,117,9,108
S00101676,80,5,75
S00101677,164,17,147
S00101678,116,25,91
S00101679,90,15,75
S00101680,61,28,33
S00101681,101,21,80
S00101682,125,24,101
S00101683,271,18,253
S00101684,207,15,192
S00101685,62,4,58
S00101686,287,22,265
S00101687,81,10,71
S00101688,143,9,134
S00101689,179,14,165
S00101690,217,11,206
S00101691,62,9,53
S00101692,52,16,36
S00101693,73,17,56
S00101694,104,20,84
S00101695,74,16,58
S00101696,73,12,61
S00101697,75,17,58
S00101698,121,17,104
S00101699,72,7,65
S00101700,156,58,98
S00101701,61,22,39
S00101702,116,23,93
S00101703,68,12,56
S00101704,98,18,80
S00101705,112,20,92
S00101706,53,26,27
S00101707,104,14,90
S00101708,171,33,138
S00101709,94,25,69
S00101710,138,29,109
S00101711,61,14,47
S00101712,119,21,98
S00101713,92,17,75
S00101714,78,19,59
S00101715,123,26,97
S00101716,147,18,129
S00101717,123,17,106
S00101718,102,22,80
S00101719,139,17,122
S00101720,64,19,45
S00101721,86,27,59
S00101722,134,22,112
S00101723,98,11,87
S00101724,123,25,98
S00101725,100,11,89
S00101726,143,15,128
S00101727,122,15,107
S00101728,63,5,58
S00101729,171,16,155
S00101730,90,12,78
S00101731,153,21,132
S00101732,54,9,45
S00101733,140,19,121
S00101734,59,4,55
S00101735,126,17,109
S00101736,150,9,141
S00101737,95,8,87
S00101738,117,15,102
S00101739,65,9,56
S00101740,190,14,176
S00101741,230,11,219
S00101742,151,35,116
S00101743,217,17,200
S00101744,77,24,53
S00101745,53,4,49
S00101746,163,22,141
S00101747,53,11,42
S00101748,58,9,49
S00101749,152,7,145
S00101750,136,8,128
S00101751,189,27,162
S00101752,132,22,110
S00101753,169,8,161
S00101754,112,10,102
S00101755,125,9,116
S00101756,217,15,202
S00101757,155,23,132
S00101758,162,15,147
S00101759,287,19,268
S00101760,70,6,64
S00101761,164,25,139
S00101762,58,10,48
S00101763,66,12,54
S00101764,87,6,81
S00101765,161,62,99
S00101766,114,17,97
S00101767,154,18,136
S00101768,138,26,112
S00101769,81,7,74
S00101770,109,15,94
S00101771,142,21,121
S00101772,90,13,77
S00101773,128,27,101
S00101774,165,21,144
S00101775,198,12,186
S00101776,97,26,71
S00101777,107,18,89
S00101778,139,17,122
S00101779,200,20,180
S00101780,60,8,52
S00101781,108,19,89
S00101782,82,8,74
S00101783,96,16,80
S00101784,95,13,82
S00101785,98,18,80
S00101786,131,18,113
S00101787,121,15,106
S00101788,98,21,77
S00101789,69,16,53
S00101790,104,17,87
S00101791,124,18,106
S00101792,78,6,72
S00101793,190,16,174
S00101794,128,16,112
S00101795,62,4,58
S00101796,148,13,135
S00101797,66,29,37
S00101798,132,19,113
S00101799,126,18,108
S00101800,184,13,171
S00101801,155,22,133
S00101802,124,16,108
S00101803,74,7,67
S00101804,117,7,110
S00101805,52,9,43
S00101806,110,13,97
S00101807,75,10,65
S00101808,199,22,177
S00101809,152,18,134
S00101810,62,6,56
S00101811,107,19,88
S00101812,101,20,81
S00101813,104,8,96
S00101814,101,9,92
S00101815,70,4,66
S00101816,91,16,75
S00101817,238,15,223
S00101818,103,15,88
S00101819,58,20,38
S00101820,122,27,95
S00101821,179,30,149
S00101822,72,12,60
S00101823,99,12,87
S00101824,117,33,84
S00101825,107,17,90
S00101826,132,11,121
S00101827,112,24,88
S00101828,151,46,105
S00101829,114,24,90
S00101830,127,40,87
S00101831,100,11,89
S00101832,163,40,123
S00101833,135,26,109
S00101834,94,17,77
S00101835,89,16,73
S00101836,77,27,50
S00101837,109,29,80
S00101838,127,18,109
S00101839,129,20,109
S00101840,74,10,64
S00101841,99,34,65
S00101842,170,15,155
S00101843,116,13,103
S00101844,136,19,117
S00101845,120,17,103
S00101846,119,15,104
S00101847,127,14,113
S00101848,182,18,164
S00101849,82,9,73
S00101850,106,19,87
S00101851,190,18,172
S00101852,112,21,91
S00101853,88,15,73
S00101854,96,15,81
S00101855,73,24,49
S00101856,92,23,69
S00101857,144,37,107
S00101858,154,27,127
S00101859,130,24,106
S00101860,157,20,137
S00101861,97,19,78
S00101862,56,12,44
S00101863,80,10,70
S00101864,83,9,74
S00101865,64,9,55
S00101866,138,17,121
S00101867,80,20,60
S00101868,96,24,72
S00101869,133,23,110
S00101870,148,26,122
S00101871,105,21,84
S00101872,77,11,66
S00101873,100,15,85
S00101874,57,7,50
S00101875,62,9,53
S00101876,81,33,48
S00101877,171,19,152
S00101878,93,17,76
S00101879,128,15,113
S00101880,90,20,70
S00101881,122,34,88
S00101882,104,21,83
S00101883,110,13,97
S00101884,89,12,77
S00101885,88,18,70
S00101886,81,13,68
S00101887,85,23,62
S00101888,116,25,91
S00101889,70,20,50
S00101890,112,27,85
S00101891,57,23,34
S00101892,105,48,57
S00101893,161,20,141
S00101894,140,45,95
S00101895,83,7,76
S00101896,103,15,88
S00101897,148,26,122
S00101898,83,50,33
S00101899,124,31,93
S00101900,69,16,53
S00101901,103,28,75
S00101902,114,31,83
S00101903,134,22,112
S00101904,128,55,73
S00101905,85,10,75
S00101906,105,19,86
S00101907,84,16,68
S00101908,131,25,106
S00101909,140,35,105
S00101910,83,31,52
S00101911,102,22,80
S00101912,110,23,87
S00101913,73,17,56
S00101914,60,14,46
S00101915,133,28,105
S00101916,143,28,115
S00101917,133,34,99
S00101918,186,18,168
S00101919,103,20,83
S00101920,113,32,81
S00101921,107,25,82
S00101922,113,25,88
S00101923,76,16,60
S00101924,170,36,134
S00101925,208,45,163
S00101926,125,30,95
S00101927,158,31,127
S00101928,97,18,79
S00101929,152,57,95
S00101930,120,33,87
S00101931,146,35,111
S00101932,156,21,135
S00101933,82,14,68
S00101934,112,18,94
S00101935,117,12,105
S00101936,118,39,79
S00101937,129,36,93
S00101938,88,12,76
S00101939,154,15,139
S00101940,73,4,69
S00101941,131,27,104
S00101942,129,23,106
S00101943,122,30,92
S00101944,179,34,145
S00101945,116,28,88
S00101946,98,27,71
S00101947,112,16,96
S00101948,123,23,100
S00101949,88,16,72
S00101950,97,20,77
S00101951,163,27,136
S00101952,180,28,152
S00101953,144,20,124
S00101954,103,17,86
S00101955,98,19,79
S00101956,114,26,88
S00101957,99,29,70
S00101958,99,25,74
S00101959,202,23,179
S00101960,140,19,121
S00101961,105,27,78
S00101962,84,23,61
S00101963,148,24,124
S00101964,115,28,87
S00101965,124,27,97
S00101966,92,22,70
S00101967,117,23,94
S00101968,119,37,82
S00101969,107,15,92
S00101970,163,29,134
S00101971,125,28,97
S00101972,162,41,121
S00101973,75,24,51
S00101974,97,21,76
S00101975,140,11,129
S00101976,247,24,223
S00101977,145,13,132
S00101978,102,24,78
S00101979,127,17,110
S00101980,130,22,108
S00101981,168,54,114
S00101982,114,38,76
S00101983,179,29,150
S00101984,132,17,115
S00101985,133,31,102
S00101986,144,32,112
S00101987,157,21,136
S00101988,123,36,87
S00101989,100,23,77
S00101990,155,31,124
S00101991,109,25,84
S00101992,88,15,73
S00101993,131,39,92
S00101994,136,23,113
S00101995,148,40,108
S00101996,91,18,73
S00101997,165,46,119
S00101998,154,33,121
S00101999,123,34,89
S00102000,144,30,114
S00102001,118,29,89
S00102002,92,23,69
S00102003,86,36,50
S00102004,117,22,95
S00102005,90,25,65
S00102006,140,25,115
S00102007,152,35,117
S00102008,142,19,123
S00102009,151,22,129
S00102010,147,23,124
S00102011,121,15,106
S00102012,156,25,131
S00102013,120,22,98
S00102014,60,14,46
S00102015,173,27,146
S00102016,162,31,131
S00102017,168,39,129
S00102018,141,28,113
S00102019,156,19,137
S00102020,168,21,147
S00102021,84,19,65
S00102022,85,24,61
S00102023,141,11,130
S00102024,115,25,90
S00102025,142,22,120
S00102026,264,16,248
S00102027,144,18,126
S00102028,90,19,71
S00102029,97,19,78
S00102030,98,29,69
S00102031,89,27,62
S00102032,99,27,72
S00102033,167,39,128
S00102034,133,30,103
S00102035,89,19,70
S00102036,102,26,76
S00102037,67,25,42
S00102038,84,17,67
S00102039,144,27,117
S00102040,102,22,80
S00102041,86,20,66
S00102042,113,24,89
S00102043,72,22,50
S00102044,126,21,105
S00102045,88,18,70
S00102046,119,17,102
S00102047,143,35,108
S00102048,128,39,89
S00102049,81,22,59
S00102050,87,33,54
S00102051,116,34,82
S00102052,121,31,90
S00102053,125,28,97
S00102054,174,19,155
S00102055,125,9,116
S00102056,115,21,94
S00102057,125,14,111
S00102058,109,29,80
S00102059,142,58,84
S00102060,125,32,93
S00102061,127,13,114
S00102062,114,21,93
S00102063,117,17,100
S00102064,110,50,60
S00102065,113,11,102
S00102066,125,24,101
S00102067,118,20,98
S00102068,111,25,86
S00102069,141,23,118
S00102070,84,12,72
S00102071,174,31,143
S00102072,97,22,75
S00102073,83,29,54
S00102074,89,20,69
S00102075,117,32,85
S00102076,132,40,92
S00102077,67,12,55
S00102078,113,31,82
S00102079,81,36,45
S00102080,118,24,94
S00102081,169,50,119
S00102082,112,29,83
S00102083,147,35,112
S00102084,140,40,100
S00102085,179,25,154
S00102086,141,35,106
S00102087,103,23,80
S00102088,120,28,92
S00102089,98,19,79
S00102090,132,26,106
S00102091,103,24,79
S00102092,128,18,110
S00102093,106,15,91
S00102094,115,27,88
S00102095,112,22,90
S00102096,134,30,104
S00102097,87,24,63
S00102098,92,36,56
S00102099,123,38,85
S00102100,87,38,49
S00102101,68,43,25
S00102102,71,26,45
S00102103,113,30,83
S00102104,88,19,69
S00102105,100,11,89
S00102106,67,36,31
S00102107,105,23,82
S00102108,119,20,99
S00102109,110,32,78
S00102110,104,28,76
S00102111,89,29,60
S00102112,153,17,136
S00102113,91,18,73
S00102114,114,29,85
S00102115,146,28,118
S00102116,95,21,74
S00102117,92,30,62
S00102118,156,14,142
S00102119,130,25,105
S00102120,107,32,75
S00102121,124,6,118
S00102122,132,15,117
S00102123,110,25,85
S00102124,195,28,167
S00102125,109,11,98
S00102126,70,9,61
S00102127,105,22,83
S00102128,97,32,65
S00102129,93,32,61
S00102130,87,20,67
S00102131,118,33,85
S00102132,123,24,99
S00102133,129,17,112
S00102134,113,16,97
S00102135,113,43,70
S00102136,89,22,67
S00102137,104,20,84
S00102138,104,23,81
S00102139,102,21,81
S00102140,147,44,103
S00102141,102,26,76
S00102142,120,30,90
S00102143,78,38,40
S00102144,132,18,114
S00102145,101,20,81
S00102146,115,29,86
S00102147,95,22,73
S00102148,119,26,93
S00102149,115,17,98
S00102150,99,20,79
S00102151,64,49,15
S00102152,78,33,45
S00102153,75,22,53
S00102154,122,21,101
S00102155,134,25,109
S00102156,84,8,76
S00102157,143,15,128
S00102158,111,24,87
S00102159,188,42,146
S00102160,148,33,115
S00102161,122,13,109
S00102162,129,17,112
S00102163,89,25,64
S00102164,86,17,69
S00102165,164,20,144
S00102166,191,40,151
S00102167,169,27,142
S00102168,86,17,69
S00102169,175,33,142
S00102170,108,14,94
S00102171,139,20,119
S00102172,128,19,109
S00102173,112,21,91
S00102174,108,7,101
S00102175,110,34,76
S00102176,64,13,51
S00102177,129,15,114
S00102178,93,17,76
S00102179,60,9,51
S00102180,123,36,87
S00102181,116,24,92
S00102182,114,25,89
S00102183,152,44,108
S00102184,156,39,117
S00102185,171,21,150
S00102186,134,24,110
S00102187,132,23,109
S00102188,115,38,77
S00102189,165,11,154
S00102190,109,25,84
S00102191,89,20,69
S00102192,163,32,131
S00102193,162,40,122
S00102194,124,21,103
S00102195,175,34,141
S00102196,83,26,57
S00102197,102,14,88
S00102198,65,21,44
S00102199,75,23,52
S00102200,88,22,66
S00102201,50,31,19
S00102202,112,23,89
S00102203,160,38,122
S00102204,56,8,48
S00102205,143,22,121
S00102206,97,16,81
S00102207,142,25,117
S00102208,127,28,99
S00102209,104,23,81
S00102210,157,38,119
S00102211,113,40,73
S00102212,142,36,106
S00102213,156,32,124
S00102214,92,23,69
S00102215,89,9,80
S00102216,80,14,66
S00102217,112,19,93
S00102218,98,17,81
S00102219,193,22,171
S00102220,130,25,105
S00102221,83,27,56
S00102222,109,24,85
S00102223,157,21,136
S00102224,113,8,105
S00102225,97,19,78
S00102226,130,27,103
S00102227,134,20,114
S00102228,109,12,97
S00102229,164,21,143
S00102230,157,29,128
S00102231,108,13,95
S00102232,108,20,88
S00102233,105,37,68
S00102234,122,53,69
S00102235,76,30,46
S00102236,90,33,57
S00102237,169,22,147
S00102238,159,23,136
S00102239,73,11,62
S00102240,110,12,98
S00102241,144,14,130
S00102242,121,25,96
S00102243,61,8,53
S00102244,84,11,73
S00102245,111,16,95
S00102246,125,30,95
S00102247,112,24,88
S00102248,73,27,46
S00102249,83,11,72
S00102250,116,23,93
S00102251,107,23,84
S00102252,103,15,88
S00102253,128,36,92
S00102254,139,45,94
S00102255,138,22,116
S00102256,153,25,128
S00102257,56,13,43
S00102258,106,28,78
S00102259,117,33,84
S00102260,67,32,35
S00102261,109,18,91
S00102262,141,20,121
S00102263,186,31,155
S00102264,119,15,104
S00102265,75,11,64
S00102266,146,25,121
S00102267,94,15,79
S00102268,115,15,100
S00102269,132,16,116
S00102270,150,45,105
S00102271,136,46,90
S00102272,101,22,79
S00102273,140,35,105
S00102274,72,14,58
S00102275,63,35,28
S00102276,113,40,73
S00102277,90,22,68
S00102278,100,21,79
S00102279,72,18,54
S00102280,97,26,71
S00102281,109,19,90
S00102282,80,20,60
S00102283,118,16,102
S00102284,114,16,98
S00102285,123,33,90
S00102286,78,19,59
S00102287,73,22,51
S00102288,157,33,124
S00102289,94,22,72
S00102290,124,36,88
S00102291,146,20,126
S00102292,81,8,73
S00102293,138,60,78
S00102294,93,23,70
S00102295,90,20,70
S00102296,109,20,89
S00102297,80,15,65
S00102298,118,24,94
S00102299,157,34,123
S00102300,76,16,60
S00102301,105,32,73
S00102302,90,25,65
S00102303,138,22,116
S00102304,125,14,111
S00102305,68,3,65
S00102306,73,11,62
S00102307,102,13,89
S00102308,80,17,63
S00102309,95,13,82
S00102310,194,75,119
S00102311,144,35,109
S00102312,131,27,104
S00102313,89,21,68
S00102314,79,15,64
S00102315,84,31,53
S00102316,107,13,94
S00102317,126,21,105
S00102318,76,17,59
S00102319,166,29,137
S00102320,131,23,108
S00102321,106,30,76
S00102322,161,94,67
S00102323,68,19,49
S00102324,83,16,67
S00102325,93,13,80
S00102326,114,8,106
S00102327,132,14,118
S00102328,108,32,76
S00102329,159,23,136
S00102330,162,29,133
S00102331,103,16,87
S00102332,107,19,88
S00102333,120,19,101
S00102334,85,18,67
S00102335,164,31,133
S00102336,186,13,173
S00102337,128,19,109
S00102338,126,16,110
S00102339,114,33,81
S00102340,54,8,46
S00102341,148,21,127
S00102342,76,23,53
S00102343,69,28,41
S00102344,92,15,77
S00102345,102,31,71
S00102346,57,14,43
S00102347,121,35,86
S00102348,137,19,118
S00102349,70,12,58
S00102350,90,16,74
S00102351,156,19,137
S00102352,80,21,59
S00102353,133,23,110
S00102354,102,23,79
S00102355,99,34,65
S00102356,86,22,64
S00102357,97,17,80
S00102358,91,22,69
S00102359,119,19,100
S00102360,119,20,99
S00102361,158,30,128
S00102362,109,19,90
S00102363,92,8,84
S00102364,119,12,107
S00102365,106,13,93
S00102366,150,18,132
S00102367,170,20,150
S00102368,144,26,118
S00102369,107,16,91
S00102370,181,15,166
S00102371,149,11,138
S00102372,225,21,204
S00102373,189,17,172
S00102374,109,8,101
S00102375,98,16,82
S00102376,53,9,44
S00102377,120,18,102
S00102378,63,13,50
S00102379,282,29,253
S00102380,87,11,76
S00102381,82,15,67
S00102382,106,22,84
S00102383,52,12,40
S00102384,78,17,61
S00102385,56,12,44
S00102386,96,6,90
S00102387,87,12,75
S00102388,200,14,186
S00102389,152,28,124
S00102390,134,65,69
S00102391,102,12,90
S00102392,91,20,71
S00102393,106,10,96
S00102394,91,26,65
S00102395,167,101,66
S00102396,192,13,179
S00102397,173,27,146
S00102398,94,42,52
S00102399,76,1,75
S00102400,158,8,150
S00102401,170,15,155
S00102402,111,7,104
S00102403,129,5,124
S00102404,121,4,117
S00102405,65,9,56
S00102406,187,9,178
S00102407,133,31,102
S00102408,163,10,153
S00102409,228,18,210
S00102410,131,52,79
S00102411,124,31,93
S00102412,97,42,55
S00102413,120,14,106
S00102414,57,6,51
S00102415,95,24,71
S00102416,93,15,78
S00102417,71,9,62
S00102418,106,9,97
S00102419,129,38,91
S00102420,83,11,72
S00102421,106,13,93
S00102422,104,18,86
S00102423,222,10,212
S00102424,65,16,49
S00102425,136,28,108
S00102426,89,20,69
S00102427,93,19,74
S00102428,102,12,90
S00102429,111,26,85
S00102430,64,11,53
S00102431,102,9,93
S00102432,113,19,94
S00102433,184,10,174
S00102434,933,63,870
S00102435,95,11,84
S00102436,66,19,47
S00102437,83,26,57
S00102438,56,9,47
S00102439,110,33,77
S00102440,100,18,82
S00102441,153,40,113
S00102442,84,9,75
S00102443,130,18,112
S00102444,89,24,65
S00102445,132,13,119
S00102446,97,5,92
S00102447,115,19,96
S00102448,136,18,118
S00102449,65,12,53
S00102450,93,10,83
S00102451,137,17,120
S00102452,68,5,63
S00102453,239,10,229
S00102454,205,12,193
S00102455,129,18,111
S00102456,197,15,182
S00102457,164,10,154
S00102458,170,26,144
S00102459,140,35,105
S00102460,125,10,115
S00102461,108,26,82
S00102462,101,17,84
S00102463,75,20,55
S00102464,92,28,64
S00102465,84,33,51
S00102466,69,17,52
S00102467,106,18,88
S00102468,90,15,75
S00102469,83,17,66
S00102470,97,25,72
S00102471,145,35,110
S00102472,74,16,58
S00102473,101,22,79
S00102474,70,6,64
S00102475,83,18,65
S00102476,87,11,76
S00102477,142,16,126
S00102478,121,8,113
S00102479,126,13,113
S00102480,123,14,109
S00102481,121,8,113
S00102482,119,15,104
S00102483,116,25,91
S00102484,52,12,40
S00102485,116,29,87
S00102486,77,29,48
S00102487,59,20,39
S00102488,138,30,108
S00102489,132,34,98
S00102490,206,30,176
S00102491,75,28,47
S00102492,120,22,98
S00102493,65,11,54
S00102494,92,19,73
S00102495,173,33,140
S00102496,55,15,40
S00102497,141,11,130
S00102498,188,14,174
S00102499,54,13,41
S00102500,129,11,118
S00102501,145,22,123
S00102502,93,34,59
S00102503,89,10,79
S00102504,103,11,92
S00102505,266,24,242
S00102506,125,7,118
S00102507,123,36,87
S00102508,89,41,48
S00102509,90,22,68
S00102510,120,28,92
S00102511,69,42,27
S00102512,88,20,68
S00102513,79,17,62
S00102514,124,25,99
S00102515,159,33,126
S00102516,158,16,142
S00102517,149,40,109
S00102518,162,14,148
S00102519,107,19,88
S00102520,139,40,99
S00102521,66,25,41
S00102522,76,8,68
S00102523,58,8,50
S00102524,159,10,149
S00102525,113,8,105
S00102526,213,9,204
S00102527,127,21,106
S00102528,119,16,103
S00102529,110,42,68
S00102530,96,42,54
S00102531,95,13,82
S00102532,105,13,92
S00102533,154,16,138
S00102534,94,15,79
S00102535,87,7,80
S00102536,72,13,59
S00102537,81,10,71
S00102538,62,16,46
S00102539,123,31,92
S00102540,52,9,43
S00102541,81,13,68
S00102542,93,9,84
S00102543,125,29,96
S00102544,92,14,78
S00102545,124,36,88
S00102546,197,26,171
S00102547,233,13,220
S00102548,266,31,235
S00102549,128,18,110
S00102550,220,18,202
S00102551,162,7,155
S00102552,59,9,50
S00102553,161,42,119
S00102554,137,23,114
S00102555,169,8,161
S00102556,193,64,129
S00102557,131,27,104
S00102558,70,18,52
S00102559,118,20,98
S00102560,73,12,61
S00102561,168,21,147
S00102562,266,16,250
S00102563,123,27,96
S00102564,144,11,133
S00102565,115,14,101
S00102566,121,7,114
S00102567,154,16,138
S00102568,160,23,137
S00102569,148,11,137
S00102570,118,11,107
S00102571,129,16,113
S00102572,239,11,228
S00102573,172,14,158
S00102574,115,4,111
S00102575,127,16,111
S00102576,66,11,55
S00102577,102,11,91
S00102578,91,15,76
S00102579,211,67,144
S00102580,136,18,118
S00102581,149,39,110
S00102582,89,13,76
S00102583,132,35,97
S00102584,125,11,114
S00102585,143,24,119
S00102586,92,23,69
S00102587,64,28,36
S00102588,54,15,39
S00102589,72,16,56
S00102590,76,17,59
S00102591,57,15,42
S00102592,105,16,89
S00102593,107,23,84
S00102594,135,13,122
S00102595,154,23,131
S00102596,132,21,111
S00102597,140,20,120
S00102598,136,24,112
S00102599,165,39,126
S00102600,173,20,153
S00102601,106,18,88
S00102602,184,53,131
S00102603,63,18,45
S00102604,61,16,45
S00102605,88,16,72
S00102606,129,30,99
S00102607,103,24,79
S00102608,71,21,50
S00102609,99,11,88
S00102610,148,77,71
S00102611,76,22,54
S00102612,124,40,84
S00102613,52,11,41
S00102614,77,21,56
S00102615,117,39,78
S00102616,136,38,98
S00102617,126,51,75
S00102618,157,32,125
S00102619,120,27,93
S00102620,115,34,81
S00102621,164,22,142
S00102622,135,29,106
S00102623,89,23,66
S00102624,87,23,64
S00102625,160,35,125
S00102626,99,24,75
S00102627,69,27,42
S00102628,95,26,69
S00102629,141,43,98
S00102630,125,37,88
S00102631,87,37,50
S00102632,90,25,65
S00102633,86,40,46
S00102634,117,26,91
S00102635,103,13,90
S00102636,83,11,72
S00102637,101,15,86
S00102638,55,6,49
S00102639,160,12,148
S00102640,118,23,95
S00102641,88,19,69
S00102642,91,13,78
S00102643,108,24,84
S00102644,108,22,86
S00102645,97,23,74
S00102646,124,33,91
S00102647,145,63,82
S00102648,176,21,155
S00102649,101,29,72
S00102650,61,23,38
S00102651,77,21,56
S00102652,107,33,74
S00102653,66,17,49
S00102654,155,26,129
S00102655,123,20,103
S00102656,160,27,133
S00102657,170,45,125
S00102658,147,38,109
S00102659,103,31,72
S00102660,100,17,83
S00102661,150,20,130
S00102662,128,33,95
S00102663,108,24,84
S00102664,50,20,30
S00102665,182,45,137
S00102666,131,29,102
S00102667,82,20,62
S00102668,83,27,56
S00102669,87,29,58
S00102670,68,17,51
S00102671,53,8,45
S00102672,50,9,41
S00102673,94,24,70
S00102674,80,29,51
S00102675,109,25,84
S00102676,129,26,103
S00102677,93,22,71
S00102678,133,28,105
S00102679,132,30,102
S00102680,125,25,100
S00102681,118,23,95
S00102682,110,21,89
S00102683,105,21,84
S00102684,173,40,133
S00102685,174,37,137
S00102686,124,30,94
S00102687,82,23,59
S00102688,110,25,85
S00102689,102,15,87
S00102690,109,18,91
S00102691,114,9,105
S00102692,191,18,173
S00102693,98,16,82
S00102694,157,20,137
S00102695,96,6,90
S00102696,150,18,132
S00102697,72,7,65
S00102698,147,33,114
S00102699,156,25,131
S00102700,183,30,153
S00102701,131,21,110
S00102702,115,32,83
S00102703,150,20,130
S00102704,105,30,75
S00102705,135,32,103
S00102706,131,26,105
S00102707,80,25,55
S00102708,133,20,113
S00102709,89,34,55
S00102710,137,15,122
S00102711,124,33,91
S00102712,119,20,99
S00102713,114,24,90
S00102714,121,27,94
S00102715,100,23,77
S00102716,101,22,79
S00102717,83,14,69
S00102718,250,39,211
S00102719,146,38,108
S00102720,71,30,41
S00102721,121,36,85
S00102722,89,23,66
S00102723,125,16,109
S00102724,82,6,76
S00102725,83,24,59
S00102726,85,7,78
S00102727,91,37,54
S00102728,116,12,104
S00102729,87,27,60
S00102730,172,34,138
S00102731,122,16,106
S00102732,52,13,39
S00102733,59,18,41
S00102734,195,23,172
S00102735,58,29,29
S00102736,86,15,71
S00102737,63,24,39
S00102738,94,7,87
S00102739,129,16,113
S00102740,191,20,171
S00102741,85,16,69
S00102742,123,32,91
S00102743,68,13,55
S00102744,120,10,110
S00102745,66,30,36
S00102746,76,18,58
S00102747,144,18,126
S00102748,128,18,110
S00102749,94,20,74
S00102750,66,12,54
S00102751,245,20,225
S00102752,70,26,44
S00102753,75,38,37
S00102754,70,10,60
S00102755,55,17,38
S00102756,99,8,91
S00102757,75,10,65
S00102758,116,29,87
S00102759,58,13,45
S00102760,87,17,70
S00102761,76,19,57
S00102762,138,25,113
S00102763,74,18,56
S00102764,108,29,79
S00102765,160,15,145
S00102766,72,17,55
S00102767,213,79,134
S00102768,181,16,165
S00102769,73,4,69
S00102770,90,12,78
S00102771,115,30,85
S00102772,149,27,122
S00102773,105,26,79
S00102774,55,8,47
S00102775,305,30,275
S00102776,114,18,96
S00102777,81,15,66
S00102778,103,13,90
S00102779,111,16,95
S00102780,146,16,130
S00102781,66,14,52
S00102782,68,43,25
S00102783,123,21,102
S00102784,153,12,141
S00102785,109,13,96
S00102786,186,18,168
S00102787,140,18,122
S00102788,173,26,147
S00102789,137,18,119
S00102790,75,20,55
S00102791,72,4,68
S00102792,137,39,98
S00102793,126,20,106
S00102794,103,25,78
S00102795,80,34,46
S00102796,69,29,40
S00102797,59,20,39
S00102798,92,22,70
S00102799,157,24,133
S00102800,91,24,67
S00102801,102,18,84
S00102802,81,10,71
S00102803,133,13,120
S00102804,126,15,111
S00102805,116,21,95
S00102806,103,12,91
S00102807,138,28,110
S00102808,207,28,179
S00102809,163,28,135
S00102810,145,18,127
S00102811,86,10,76
S00102812,65,4,61
S00102813,148,16,132
S00102814,106,11,95
S00102815,180,17,163
S00102816,155,21,134
S00102817,103,14,89
S00102818,150,9,141
S00102819,168,13,155
S00102820,113,28,85
S00102821,97,21,76
S00102822,88,30,58
S00102823,57,23,34
S00102824,112,61,51
S00102825,71,26,45
S00102826,156,17,139
S00102827,85,18,67
S00102828,104,12,92
S00102829,126,30,96
S00102830,114,10,104
S00102831,119,17,102
S00102832,136,16,120
S00102833,113,12,101
S00102834,190,24,166
S00102835,77,55,22
S00102836,109,37,72
S00102837,168,20,148
S00102838,175,16,159
S00102839,110,20,90
S00102840,177,11,166
S00102841,133,16,117
S00102842,219,15,204
S00102843,133,37,96
S00102844,93,31,62
S00102845,87,13,74
S00102846,83,10,73
S00102847,67,12,55
S00102848,132,27,105
S00102849,170,23,147
S00102850,161,28,133
S00102851,195,26,169
S00102852,213,23,190
S00102853,145,8,137
S00102854,137,9,128
S00102855,105,9,96
S00102856,128,18,110
S00102857,210,19,191
S00102858,215,28,187
S00102859,187,32,155
S00102860,153,15,138
S00102861,109,11,98
S00102862,107,12,95
S00102863,176,13,163
S00102864,97,12,85
S00102865,67,8,59
S00102866,88,11,77
S00102867,140,27,113
S00102868,148,12,136
S00102869,125,16,109
S00102870,172,12,160
S00102871,97,18,79
S00102872,136,10,126
S00102873,118,18,100
S00102874,133,13,120
S00102875,132,17,115
S00102876,217,15,202
S00102877,148,14,134
S00102878,117,43,74
S00102879,151,16,135
S00102880,139,17,122
S00102881,107,19,88
S00102882,133,9,124
S00102883,138,12,126
S00102884,134,15,119
S00102885,219,27,192
S00102886,182,11,171
S00102887,143,16,127
S00102888,133,11,122
S00102889,131,19,112
S00102890,135,6,129
S00102891,156,26,130
S00102892,114,13,101
S00102893,109,16,93
S00102894,130,24,106
S00102895,113,17,96
S00102896,145,19,126
S00102897,146,28,118
S00102898,97,18,79
S00102899,155,17,138
S00102900,61,5,56
S00102901,176,24,152
S00102902,141,23,118
S00102903,153,19,134
S00102904,107,14,93
S00102905,149,18,131
S00102906,109,16,93
S00102907,88,15,73
S00102908,106,34,72
S00102909,122,16,106
S00102910,117,42,75
S00102911,173,30,143
S00102912,93,22,71
S00102913,122,30,92
S00102914,100,19,81
S00102915,96,20,76
S00102916,110,34,76
S00102917,117,30,87
S00102918,81,25,56
S00102919,92,13,79
S00102920,118,9,109
S00102921,120,23,97
S00102922,124,11,113
S00102923,105,18,87
S00102924,148,10,138
S00102925,131,26,105
S00102926,116,11,105
S00102927,186,17,169
S00102928,125,20,105
S00102929,116,26,90
S00102930,120,13,107
S00102931,135,18,117
S00102932,131,23,108
S00102933,126,15,111
S00102934,136,20,116
S00102935,133,14,119
S00102936,119,10,109
S00102937,122,16,106
S00102938,91,11,80
S00102939,105,13,92
S00102940,160,26,134
S00102941,124,11,113
S00102942,117,10,107
S00102943,145,16,129
S00102944,108,9,99
S00102945,144,15,129
S00102946,118,20,98
S00102947,164,31,133
S00102948,182,26,156
S00102949,147,10,137
S00102950,217,25,192
S00102951,155,16,139
S00102952,128,17,111
S00102953,108,13,95
S00102954,172,20,152
S00102955,202,21,181
S00102956,137,58,79
S00102957,204,54,150
S00102958,174,26,148
S00102959,194,11,183
S00102960,140,18,122
S00102961,120,3,117
S00102962,118,16,102
S00102963,189,12,177
S00102964,60,27,33
S00102965,198,23,175
S00102966,93,32,61
S00102967,128,31,97
S00102968,169,26,143
S00102969,183,31,152
S00102970,189,32,157
S00102971,106,17,89
S00102972,104,17,87
S00102973,140,17,123
S00102974,140,23,117
S00102975,138,15,123
S00102976,103,11,92
S00102977,127,17,110
S00102978,182,32,150
S00102979,181,17,164
S00102980,131,21,110
S00102981,139,23,116
S00102982,207,27,180
S00102983,77,26,51
S00102984,87,36,51
S00102985,88,12,76
S00102986,135,21,114
S00102987,148,31,117
S00102988,137,27,110
S00102989,119,14,105
S00102990,89,18,71
S00102991,89,16,73
S00102992,69,29,40
S00102993,81,5,76
S00102994,135,4,131
S00102995,138,19,119
S00102996,89,6,83
S00102997,112,23,89
S00102998,136,9,127
S00102999,126,14,112
S00103000,139,12,127
S00103001,117,14,103
S00103002,146,9,137
S00103003,153,20,133
S00103004,163,29,134
S00103005,104,30,74
S00103006,199,17,182
S00103007,139,35,104
S00103008,222,13,209
S00103009,137,12,125
S00103010,96,56,40
S00103011,64,42,22
S00103012,135,14,121
S00103013,113,36,77
S00103014,95,24,71
S00103015,133,48,85
S00103016,121,28,93
S00103017,123,14,109
S00103018,137,11,126
S00103019,88,4,84
S00103020,114,13,101
S00103021,85,16,69
S00103022,79,5,74
S00103023,156,18,138
S00103024,78,11,67
S00103025,79,10,69
S00103026,80,10,70
S00103027,86,9,77
S00103028,145,20,125
S00103029,81,16,65
S00103030,91,15,76
S00103031,151,24,127
S00103032,175,25,150
S00103033,93,21,72
S00103034,123,11,112
S00103035,193,36,157
S00103036,126,29,97
S00103037,108,29,79
S00103038,85,29,56
S00103039,103,18,85
S00103040,184,36,148
S00103041,172,22,150
S00103042,139,27,112
S00103043,155,33,122
S00103044,132,24,108
S00103045,162,33,129
S00103046,133,28,105
S00103047,78,23,55
S00103048,116,16,100
S00103049,120,16,104
S00103050,88,23,65
S00103051,92,27,65
S00103052,104,37,67
S00103053,87,19,68
S00103054,79,39,40
S00103055,119,25,94
S00103056,128,10,118
S00103057,189,12,177
S00103058,157,17,140
S00103059,199,10,189
S00103060,114,13,101
S00103061,102,16,86
S00103062,114,21,93
S00103063,73,28,45
S00103064,127,17,110
S00103065,108,14,94
S00103066,131,16,115
S00103067,136,26,110
S00103068,126,14,112
S00103069,136,16,120
S00103070,210,22,188
S00103071,153,26,127
S00103072,197,24,173
S00103073,167,20,147
S00103074,119,19,100
S00103075,109,13,96
S00103076,128,23,105
S00103077,142,13,129
S00103078,138,13,125
S00103079,128,31,97
S00103080,150,14,136
S00103081,136,18,118
S00103082,138,18,120
S00103083,109,7,102
S00103084,116,17,99
S00103085,193,25,168
S00103086,146,17,129
S00103087,144,16,128
S00103088,143,13,130
S00103089,128,14,114
S00103090,149,16,133
S00103091,111,12,99
S00103092,113,25,88
S00103093,130,20,110
S00103094,56,7,49
S00103095,124,10,114
S00103096,150,26,124
S00103097,135,23,112
S00103098,155,28,127
S00103099,136,21,115
S00103100,112,16,96
S00103101,73,10,63
S00103102,90,11,79
S00103103,82,18,64
S00103104,154,19,135
S00103105,156,15,141
S00103106,98,15,83
S00103107,186,19,167
S00103108,89,18,71
S00103109,59,45,14
S00103110,96,24,72
S00103111,125,22,103
S00103112,128,25,103
S00103113,109,23,86
S00103114,180,13,167
S00103115,128,15,113
S00103116,112,15,97
S00103117,106,32,74
S00103118,84,5,79
S00103119,206,26,180
S00103120,102,31,71
S00103121,106,38,68
S00103122,119,39,80
S00103123,152,35,117
S00103124,125,23,102
S00103125,103,45,58
S00103126,108,32,76
S00103127,138,32,106
S00103128,127,35,92
S00103129,120,26,94
S00103130,101,38,63
S00103131,141,10,131
S00103132,121,19,102
S00103133,175,24,151
S00103134,139,16,123
S00103135,140,18,122
S00103136,188,20,168
S00103137,72,23,49
S00103138,181,22,159
S00103139,133,28,105
S00103140,171,16,155
S00103141,111,20,91
S00103142,139,15,124
S00103143,129,17,112
S00103144,136,24,112
S00103145,237,97,140
S00103146,155,24,131
S00103147,114,26,88
S00103148,184,17,167
S00103149,197,22,175
S00103150,198,24,174
S00103151,178,18,160
S00103152,174,15,159
S00103153,133,15,118
S00103154,120,10,110
S00103155,126,17,109
S00103156,204,13,191
S00103157,276,16,260
S00103158,113,12,101
S00103159,202,17,185
S00103160,165,17,148
S00103161,144,17,127
S00103162,236,20,216
S00103163,107,7,100
S00103164,127,18,109
S00103165,130,14,116
S00103166,157,16,141
S00103167,100,9,91
S00103168,195,31,164
S00103169,155,14,141
S00103170,122,19,103
S00103171,101,13,88
S00103172,143,21,122
S00103173,217,29,188
S00103174,132,18,114
S00103175,57,17,40
S00103176,55,6,49
S00103177,129,4,125
S00103178,111,14,97
S00103179,127,31,96
S00103180,86,14,72
S00103181,140,27,113
S00103182,166,23,143
S00103183,132,29,103
S00103184,100,9,91
S00103185,85,11,74
S00103186,71,37,34
S00103187,79,12,67
S00103188,112,18,94
S00103189,97,14,83
S00103190,154,29,125
S00103191,62,7,55
S00103192,124,17,107
S00103193,59,3,56
S00103194,58,14,44
S00103195,97,10,87
S00103196,134,12,122
S00103197,152,15,137
S00103198,82,6,76
S00103199,87,27,60
S00103200,61,16,45
S00103201,103,16,87
S00103202,102,27,75
S00103203,162,17,145
S00103204,130,16,114
S00103205,79,7,72
S00103206,123,15,108
S00103207,143,32,111
S00103208,116,9,107
S00103209,160,12,148
S00103210,160,11,149
S00103211,95,15,80
S00103212,133,10,123
S00103213,76,7,69
S00103214,177,18,159
S00103215,80,3,77
S00103216,112,14,98
S00103217,62,9,53
S00103218,58,6,52
S00103219,193,21,172
S00103220,118,27,91
S00103221,79,20,59
S00103222,154,21,133
S00103223,136,18,118
S00103224,152,9,143
S00103225,117,13,104
S00103226,101,36,65
S00103227,101,22,79
S00103228,158,11,147
S00103229,168,22,146
S00103230,85,16,69
S00103231,68,4,64
S00103232,131,13,118
S00103233,52,19,33
S00103234,96,23,73
S00103235,126,11,115
S00103236,114,19,95
S00103237,76,19,57
S00103238,109,22,87
S00103239,66,44,22
S00103240,70,21,49
S00103241,189,11,178
S00103242,104,16,88
S00103243,131,69,62
S00103244,112,59,53
S00103245,139,12,127
S00103246,159,19,140
S00103247,141,28,113
S00103248,79,12,67
S00103249,144,18,126
S00103250,186,9,177
S00103251,202,25,177
S00103252,151,15,136
S00103253,164,20,144
S00103254,110,16,94
S00103255,141,19,122
S00103256,117,21,96
S00103257,94,18,76
S00103258,53,23,30
S00103259,143,14,129
S00103260,92,16,76
S00103261,412,18,394
S00103262,154,7,147
S00103263,188,9,179
S00103264,172,13,159
S00103265,138,12,126
S00103266,155,14,141
S00103267,125,16,109
S00103268,223,52,171
S00103269,191,11,180
S00103270,163,9,154
S00103271,141,8,133
S00103272,160,32,128
S00103273,123,17,106
S00103274,55,23,32
S00103275,126,105,21
S00103276,118,18,100
S00103277,59,5,54
S00103278,148,11,137
S00103279,150,9,141
S00103280,164,12,152
S00103281,156,25,131
S00103282,163,13,150
S00103283,228,58,170
S00103284,112,14,98
S00103285,58,17,41
S00103286,148,12,136
S00103287,89,18,71
S00103288,73,5,68
S00103289,226,19,207
S00103290,149,20,129
S00103291,156,20,136
S00103292,132,24,108
S00103293,69,11,58
S00103294,83,10,73
S00103295,67,11,56
S00103296,122,18,104
S00103297,118,17,101
S00103298,66,7,59
S00103299,124,33,91
S00103300,68,5,63
S00103301,97,12,85
S00103302,127,24,103
S00103303,61,15,46
S00103304,153,21,132
S00103305,73,8,65
S00103306,86,14,72
S00103307,86,20,66
S00103308,78,14,64
S00103309,174,28,146
S00103310,57,12,45
S00103311,190,24,166
S00103312,122,9,113
S00103313,166,14,152
S00103314,90,17,73
S00103315,242,43,199
S00103316,246,18,228
S00103317,66,9,57
S00103318,125,22,103
S00103319,86,2,84
S00103320,117,8,109
S00103321,64,6,58
S00103322,68,14,54
S00103323,106,4,102
S00103324,67,6,61
S00103325,130,7,123
S00103326,106,11,95
S00103327,111,5,106
S00103328,69,15,54
S00103329,103,31,72
S00103330,53,12,41
S00103331,91,20,71
S00103332,251,18,233
S00103333,75,7,68
S00103334,60,4,56
S00103335,104,12,92
S00103336,87,31,56
S00103337,55,9,46
S00103338,158,4,154
S00103339,76,10,66
S00103340,81,12,69
S00103341,98,11,87
S00103342,127,8,119
S00103343,88,5,83
S00103344,159,11,148
S00103345,67,2,65
S00103346,94,9,85
S00103347,159,15,144
S00103348,109,2,107
S00103349,92,7,85
S00103350,98,4,94
S00103351,81,3,78
S00103352,73,6,67
S00103353,154,8,146
S00103354,110,9,101
S00103355,104,16,88
S00103356,80,33,47
S00103357,85,8,77
S00103358,99,10,89
S00103359,90,11,79
S00103360,134,8,126
S00103361,96,13,83
S00103362,95,8,87
S00103363,89,6,83
S00103364,121,14,107
S00103365,115,17,98
S00103366,119,18,101
S00103367,68,16,52
S00103368,139,21,118
S00103369,157,33,124
S00103370,103,11,92
S00103371,81,14,67
S00103372,88,10,78
S00103373,133,12,121
S00103374,76,4,72
S00103375,117,9,108
S00103376,58,4,54
S00103377,98,14,84
S00103378,134,14,120
S00103379,95,6,89
S00103380,96,8,88
S00103381,104,14,90
S00103382,108,11,97
S00103383,107,11,96
S00103384,129,13,116
S00103385,80,8,72
S00103386,89,11,78
S00103387,70,5,65
S00103388,79,3,76
S00103389,104,7,97
S00103390,137,20,117
S00103391,65,10,55
S00103392,125,11,114
S00103393,109,19,90
S00103394,102,20,82
S00103395,65,16,49
S00103396,70,9,61
S00103397,84,14,70
S00103398,84,10,74
S00103399,82,18,64
S00103400,90,10,80
S00103401,69,16,53
S00103402,84,53,31
S00103403,76,4,72
S00103404,84,10,74
S00103405,134,8,126
S00103406,125,42,83
S00103407,70,4,66
S00103408,104,13,91
S00103409,99,7,92
S00103410,97,19,78
S00103411,77,0,77
S00103412,77,15,62
S00103413,108,28,80
S00103414,85,7,78
S00103415,128,14,114
S00103416,116,14,102
S00103417,69,3,66
S00103418,91,34,57
S00103419,84,17,67
S00103420,99,7,92
S00103421,88,4,84
S00103422,174,11,163
S00103423,117,11,106
S00103424,134,14,120
S00103425,71,9,62
S00103426,96,15,81
S00103427,87,6,81
S00103428,103,11,92
S00103429,95,16,79
S00103430,98,8,90
S00103431,79,8,71
S00103432,104,9,95
S00103433,89,1,88
S00103434,80,3,77
S00103435,58,4,54
S00103436,106,11,95
S00103437,102,8,94
S00103438,74,9,65
S00103439,84,4,80
S00103440,82,3,79
S00103441,94,6,88
S00103442,62,3,59
S00103443,144,13,131
S00103444,65,5,60
S00103445,135,22,113
S00103446,91,3,88
S00103447,70,6,64
S00103448,186,10,176
S00103449,94,8,86
S00103450,98,8,90
S00103451,138,9,129
S00103452,86,3,83
S00103453,134,10,124
S00103454,148,10,138
S00103455,73,3,70
S00103456,135,5,130
S00103457,86,7,79
S00103458,74,23,51
S00103459,112,14,98
S00103460,108,3,105
S00103461,67,7,60
S00103462,91,16,75
S00103463,84,7,77
S00103464,116,5,111
S00103465,57,4,53
S00103466,51,1,50
S00103467,60,3,57
S00103468,116,11,105
S00103469,71,9,62
S00103470,71,2,69
S00103471,108,4,104
S00103472,87,15,72
S00103473,63,10,53
S00103474,437,25,412
S00103475,75,14,61
S00103476,76,12,64
S00103477,55,19,36
S00103478,112,9,103
S00103479,90,13,77
S00103480,109,11,98
S00103481,106,8,98
S00103482,141,10,131
S00103483,70,13,57
S00103484,98,14,84
S00103485,131,11,120
S00103486,238,66,172
S00103487,126,15,111
S00103488,72,2,70
S00103489,161,22,139
S00103490,103,22,81
S00103491,80,13,67
S00103492,53,4,49
S00103493,69,5,64
S00103494,176,10,166
S00103495,74,9,65
S00103496,77,15,62
S00103497,99,14,85
S00103498,115,19,96
S00103499,154,17,137
S00103500,131,6,125
S00103501,115,13,102
S00103502,105,11,94
S00103503,102,15,87
S00103504,165,12,153
S00103505,140,12,128
S00103506,119,13,106
S00103507,96,5,91
S00103508,80,15,65
S00103509,89,2,87
S00103510,131,2,129
S00103511,97,32,65
S00103512,163,42,121
S00103513,123,5,118
S00103514,50,6,44
S00103515,131,7,124
S00103516,92,8,84
S00103517,69,7,62
S00103518,89,5,84
S00103519,172,13,159
S00103520,68,7,61
S00103521,81,14,67
S00103522,81,14,67
S00103523,133,16,117
S00103524,480,18,462
S00103525,183,18,165
S00103526,142,19,123
S00103527,160,18,142
S00103528,66,8,58
S00103529,59,2,57
S00103530,95,8,87
S00103531,70,8,62
S00103532,59,7,52
S00103533,80,7,73
S00103534,121,10,111
S00103535,97,8,89
S00103536,93,10,83
S00103537,102,8,94
S00103538,96,7,89
S00103539,94,6,88
S00103540,89,11,78
S00103541,118,12,106
S00103542,117,17,100
S00103543,83,8,75
S00103544,114,9,105
S00103545,83,6,77
S00103546,96,11,85
S00103547,87,15,72
S00103548,111,10,101
S00103549,96,16,80
S00103550,112,13,99
S00103551,106,7,99
S00103552,94,10,84
S00103553,59,3,56
S00103554,58,2,56
S00103555,95,8,87
S00103556,89,11,78
S00103557,139,10,129
S00103558,124,15,109
S00103559,85,11,74
S00103560,85,7,78
S00103561,62,3,59
S00103562,69,5,64
S00103563,87,10,77
S00103564,80,7,73
S00103565,87,23,64
S00103566,69,3,66
S00103567,84,7,77
S00103568,69,8,61
S00103569,63,5,58
S00103570,86,45,41
S00103571,76,9,67
S00103572,167,18,149
S00103573,68,30,38
S00103574,161,18,143
S00103575,113,10,103
S00103576,117,8,109
S00103577,107,15,92
S00103578,100,16,84
S00103579,131,14,117
S00103580,94,13,81
S00103581,120,14,106
S00103582,190,39,151
S00103583,139,38,101
S00103584,162,38,124
S00103585,151,31,120
S00103586,150,21,129
S00103587,154,42,112
S00103588,123,20,103
S00103589,132,32,100
S00103590,128,22,106
S00103591,91,15,76
S00103592,108,26,82
S00103593,100,14,86
S00103594,118,29,89
S00103595,120,23,97
S00103596,114,30,84
S00103597,116,34,82
S00103598,100,21,79
S00103599,82,18,64
S00103600,115,35,80
S00103601,99,23,76
S00103602,104,31,73
S00103603,103,29,74
S00103604,67,26,41
S00103605,91,27,64
S00103606,92,11,81
S00103607,103,20,83
S00103608,106,9,97
S00103609,149,21,128
S00103610,70,8,62
S00103611,95,7,88
S00103612,110,17,93
S00103613,92,13,79
S00103614,80,16,64
S00103615,157,35,122
S00103616,86,21,65
S00103617,106,25,81
S00103618,123,40,83
S00103619,105,16,89
S00103620,118,26,92
S00103621,133,30,103
S00103622,55,15,40
S00103623,159,34,125
S00103624,109,18,91
S00103625,119,12,107
S00103626,85,9,76
S00103627,135,34,101
S00103628,64,7,57
S00103629,99,13,86
S00103630,116,15,101
S00103631,103,21,82
S00103632,124,30,94
S00103633,148,19,129
S00103634,91,14,77
S00103635,93,19,74
S00103636,119,13,106
S00103637,83,15,68
S00103638,79,16,63
S00103639,114,17,97
S00103640,81,16,65
S00103641,158,22,136
S00103642,80,13,67
S00103643,109,25,84
S00103644,88,11,77
S00103645,141,20,121
S00103646,130,10,120
S00103647,87,8,79
S00103648,62,2,60
S00103649,208,96,112
S00103650,132,14,118
S00103651,98,13,85
S00103652,117,10,107
S00103653,114,17,97
S00103654,105,15,90
S00103655,164,30,134
S00103656,155,18,137
S00103657,151,20,131
S00103658,82,12,70
S00103659,122,17,105
S00103660,111,25,86
S00103661,135,16,119
S00103662,93,8,85
S00103663,130,18,112
S00103664,118,18,100
S00103665,113,12,101
S00103666,87,15,72
S00103667,109,15,94
S00103668,119,25,94
S00103669,143,31,112
S00103670,108,15,93
S00103671,135,12,123
S00103672,117,12,105
S00103673,124,9,115
S00103674,114,15,99
S00103675,171,19,152
S00103676,60,14,46
S00103677,108,30,78
S00103678,138,11,127
S00103679,120,12,108
S00103680,121,10,111
S00103681,58,4,54
S00103682,70,7,63
S00103683,69,15,54
S00103684,80,9,71
S00103685,82,11,71
S00103686,62,2,60
S00103687,88,9,79
S00103688,96,6,90
S00103689,79,6,73
S00103690,82,11,71
S00103691,108,9,99
S00103692,200,17,183
S00103693,96,25,71
S00103694,235,8,227
S00103695,100,9,91
S00103696,168,14,154
S00103697,108,23,85
S00103698,115,26,89
S00103699,183,42,141
S00103700,118,15,103
S00103701,141,36,105
S00103702,77,12,65
S00103703,264,19,245
S00103704,162,33,129
S00103705,107,22,85
S00103706,120,34,86
S00103707,108,31,77
S00103708,76,13,63
S00103709,61,12,49
S00103710,90,20,70
S00103711,87,31,56
S00103712,91,40,51
S00103713,74,28,46
S00103714,53,22,31
S00103715,121,31,90
S00103716,100,23,77
S00103717,101,20,81
S00103718,77,23,54
S00103719,59,18,41
S00103720,53,15,38
S00103721,92,28,64
S00103722,91,19,72
S00103723,103,18,85
S00103724,120,3,117
S00103725,96,6,90
S00103726,98,7,91
S00103727,83,14,69
S00103728,107,24,83
S00103729,151,16,135
S00103730,141,33,108
S00103731,170,22,148
S00103732,105,11,94
S00103733,128,14,114
S00103734,104,8,96
S00103735,140,23,117
S00103736,68,11,57
S00103737,82,12,70
S00103738,97,16,81
S00103739,136,14,122
S00103740,126,24,102
S00103741,94,28,66
S00103742,118,19,99
S00103743,61,18,43
S00103744,132,46,86
S00103745,111,27,84
S00103746,109,36,73
S00103747,87,31,56
S00103748,121,14,107
S00103749,78,10,68
S00103750,175,30,145
S00103751,143,21,122
S00103752,87,17,70
S00103753,76,16,60
S00103754,182,26,156
S00103755,190,29,161
S00103756,136,48,88
S00103757,181,28,153
S00103758,136,12,124
S00103759,111,40,71
S00103760,112,32,80
S00103761,149,26,123
S00103762,154,24,130
S00103763,127,33,94
S00103764,72,26,46
S00103765,112,19,93
S00103766,164,17,147
S00103767,94,20,74
S00103768,52,7,45
S00103769,149,20,129
S00103770,98,19,79
S00103771,124,43,81
S00103772,87,16,71
S00103773,106,10,96
S00103774,131,24,107
S00103775,130,15,115
S00103776,145,19,126
S00103777,127,15,112
S00103778,147,17,130
S00103779,90,13,77
S00103780,86,9,77
S00103781,121,27,94
S00103782,125,18,107
S00103783,95,19,76
S00103784,130,28,102
S00103785,121,18,103
S00103786,137,21,116
S00103787,111,13,98
S00103788,146,26,120
S00103789,109,18,91
S00103790,142,25,117
S00103791,151,27,124
S00103792,131,18,113
S00103793,136,23,113
S00103794,93,19,74
S00103795,177,28,149
S00103796,176,35,141
S00103797,101,61,40
S00103798,124,65,59
S00103799,129,40,89
S00103800,119,18,101
S00103801,114,21,93
S00103802,85,7,78
S00103803,122,14,108
S00103804,143,19,124
S00103805,159,18,141
S00103806,72,13,59
S00103807,140,19,121
S00103808,140,30,110
S00103809,177,21,156
S00103810,163,12,151
S00103811,154,12,142
S00103812,59,6,53
S00103813,61,7,54
S00103814,140,24,116
S00103815,86,16,70
S00103816,110,15,95
S00103817,127,13,114
S00103818,91,19,72
S00103819,173,14,159
S00103820,139,20,119
S00103821,136,12,124
S00103822,158,10,148
S00103823,97,30,67
S00103824,117,12,105
S00103825,133,15,118
S00103826,140,23,117
S00103827,149,15,134
S00103828,188,22,166
S00103829,163,24,139
S00103830,103,21,82
S00103831,170,29,141
S00103832,155,20,135
S00103833,118,15,103
S00103834,61,20,41
S00103835,104,25,79
S00103836,67,10,57
S00103837,148,20,128
S00103838,143,39,104
S00103839,222,21,201
S00103840,99,21,78
S00103841,91,28,63
S00103842,69,20,49
S00103843,136,24,112
S00103844,87,12,75
S00103845,129,24,105
S00103846,131,28,103
S00103847,69,10,59
S00103848,103,22,81
S00103849,71,19,52
S00103850,104,24,80
S00103851,98,27,71
S00103852,67,9,58
S00103853,108,25,83
S00103854,112,25,87
S00103855,104,18,86
S00103856,107,22,85
S00103857,130,21,109
S00103858,94,32,62
S00103859,173,48,125
S00103860,129,34,95
S00103861,109,30,79
S00103862,128,15,113
S00103863,102,14,88
S00103864,119,11,108
S00103865,118,27,91
S00103866,108,32,76
S00103867,80,20,60
S00103868,134,26,108
S00103869,101,23,78
S00103870,92,29,63
S00103871,94,34,60
S00103872,120,25,95
S00103873,87,16,71
S00103874,85,22,63
S00103875,108,24,84
S00103876,142,40,102
S00103877,84,23,61
S00103878,169,28,141
S00103879,102,32,70
S00103880,97,26,71
S00103881,98,28,70
S00103882,115,26,89
S00103883,132,39,93
S00103884,107,22,85
S00103885,116,16,100
S00103886,59,9,50
S00103887,67,14,53
S00103888,115,36,79
S00103889,113,20,93
S00103890,78,11,67
S00103891,93,17,76
S00103892,165,20,145
S00103893,144,17,127
S00103894,112,12,100
S00103895,235,13,222
S00103896,104,9,95
S00103897,70,16,54
S00103898,88,5,83
S00103899,85,16,69
S00103900,89,20,69
S00103901,88,17,71
S00103902,134,22,112
S00103903,148,21,127
S00103904,109,14,95
S00103905,169,33,136
S00103906,127,13,114
S00103907,131,22,109
S00103908,111,14,97
S00103909,95,14,81
S00103910,86,12,74
S00103911,90,13,77
S00103912,117,21,96
S00103913,80,13,67
S00103914,106,10,96
S00103915,146,19,127
S00103916,95,19,76
S00103917,73,16,57
S00103918,133,14,119
S00103919,139,34,105
S00103920,67,3,64
S00103921,88,12,76
S00103922,100,5,95
S00103923,88,24,64
S00103924,116,23,93
S00103925,115,29,86
S00103926,95,22,73
S00103927,92,15,77
S00103928,101,12,89
S00103929,109,36,73
S00103930,94,19,75
S00103931,107,15,92
S00103932,84,15,69
S00103933,89,16,73
S00103934,103,22,81
S00103935,101,31,70
S00103936,109,26,83
S00103937,100,27,73
S00103938,82,14,68
S00103939,71,16,55
S00103940,81,27,54
S00103941,124,19,105
S00103942,133,27,106
S00103943,146,48,98
S00103944,95,28,67
S00103945,84,22,62
S00103946,67,17,50
S00103947,147,17,130
S00103948,64,27,37
S00103949,71,20,51
S00103950,78,28,50
S00103951,105,32,73
S00103952,84,27,57
S00103953,113,32,81
S00103954,106,18,88
S00103955,77,29,48
S00103956,55,17,38
S00103957,134,28,106
S00103958,136,32,104
S00103959,76,23,53
S00103960,93,40,53
S00103961,114,17,97
S00103962,82,17,65
S00103963,96,4,92
S00103964,124,15,109
S00103965,104,11,93
S00103966,89,11,78
S00103967,118,12,106
S00103968,61,6,55
S00103969,121,13,108
S00103970,116,12,104
S00103971,60,10,50
S00103972,130,15,115
S00103973,69,2,67
S00103974,156,11,145
S00103975,104,8,96
S00103976,84,18,66
S00103977,180,34,146
S00103978,153,16,137
S00103979,166,34,132
S00103980,94,33,61
S00103981,137,27,110
S00103982,136,20,116
S00103983,144,25,119
S00103984,93,34,59
S00103985,131,22,109
S00103986,133,25,108
S00103987,112,13,99
S00103988,117,12,105
S00103989,96,19,77
S00103990,108,22,86
S00103991,96,14,82
S00103992,80,11,69
S00103993,101,23,78
S00103994,93,18,75
S00103995,117,12,105
S00103996,151,6,145
S00103997,89,1,88
S00103998,89,7,82
S00103999,94,5,89
S00104000,92,9,83
S00104001,58,3,55
S00104002,124,6,118
S00104003,177,10,167
S00104004,86,9,77
S00104005,139,5,134
S00104006,89,8,81
S00104007,105,20,85
S00104008,92,15,77
S00104009,81,29,52
S00104010,164,23,141
S00104011,159,21,138
S00104012,104,12,92
S00104013,98,11,87
S00104014,98,32,66
S00104015,84,29,55
S00104016,97,26,71
S00104017,181,36,145
S00104018,186,30,156
S00104019,128,29,99
S00104020,149,27,122
S00104021,111,23,88
S00104022,110,19,91
S00104023,118,27,91
S00104024,122,24,98
S00104025,168,71,97
S00104026,168,16,152
S00104027,139,23,116
S00104028,59,8,51
S00104029,176,23,153
S00104030,128,28,100
S00104031,102,7,95
S00104032,56,9,47
S00104033,55,5,50
S00104034,144,18,126
S00104035,86,16,70
S00104036,115,13,102
S00104037,106,29,77
S00104038,118,14,104
S00104039,121,27,94
S00104040,117,22,95
S00104041,73,11,62
S00104042,97,16,81
S00104043,64,22,42
S00104044,66,18,48
S00104045,68,11,57
S00104046,167,45,122
S00104047,135,12,123
S00104048,74,8,66
S00104049,114,15,99
S00104050,98,17,81
S00104051,138,17,121
S00104052,104,8,96
S00104053,99,11,88
S00104054,86,20,66
S00104055,140,8,132
S00104056,97,14,83
S00104057,143,11,132
S00104058,60,28,32
S00104059,96,19,77
S00104060,114,24,90
S00104061,137,19,118
S00104062,113,23,90
S00104063,103,16,87
S00104064,101,20,81
S00104065,114,12,102
S00104066,112,36,76
S00104067,156,17,139
S00104068,64,10,54
S00104069,85,12,73
S00104070,117,5,112
S00104071,110,9,101
S00104072,115,29,86
S00104073,131,12,119
S00104074,80,17,63
S00104075,90,12,78
S00104076,109,10,99
S00104077,123,12,111
S00104078,94,9,85
S00104079,81,10,71
S00104080,87,11,76
S00104081,86,8,78
S00104082,69,13,56
S00104083,107,19,88
S00104084,91,14,77
S00104085,125,13,112
S00104086,118,21,97
S00104087,159,65,94
S00104088,116,17,99
S00104089,132,14,118
S00104090,87,20,67
S00104091,110,9,101
S00104092,147,26,121
S00104093,201,23,178
S00104094,180,15,165
S00104095,123,15,108
S00104096,111,33,78
S00104097,74,10,64
S00104098,56,5,51
S00104099,112,10,102
S00104100,128,20,108
S00104101,125,12,113
S00104102,140,19,121
S00104103,139,26,113
S00104104,87,28,59
S00104105,64,12,52
S00104106,83,18,65
S00104107,138,12,126
S00104108,85,29,56
S00104109,65,20,45
S00104110,95,9,86
S00104111,74,17,57
S00104112,103,9,94
S00104113,115,20,95
S00104114,111,8,103
S00104115,76,8,68
S00104116,163,13,150
S00104117,99,15,84
S00104118,96,14,82
S00104119,119,11,108
S00104120,152,10,142
S00104121,88,25,63
S00104122,98,14,84
S00104123,127,22,105
S00104124,166,18,148
S00104125,95,8,87
S00104126,85,19,66
S00104127,74,6,68
S00104128,75,14,61
S00104129,109,8,101
S00104130,60,8,52
S00104131,75,30,45
S00104132,73,11,62
S00104133,80,20,60
S00104134,102,14,88
S00104135,62,17,45
S00104136,96,12,84
S00104137,78,17,61
S00104138,68,7,61
S00104139,88,14,74
S00104140,76,19,57
S00104141,149,17,132
S00104142,60,10,50
S00104143,144,21,123
S00104144,161,23,138
S00104145,121,15,106
S00104146,126,9,117
S00104147,56,19,37
S00104148,102,11,91
S00104149,72,14,58
S00104150,93,9,84
S00104151,147,16,131
S00104152,91,20,71
S00104153,158,22,136
S00104154,113,21,92
S00104155,126,15,111
S00104156,61,6,55
S00104157,83,11,72
S00104158,114,10,104
S00104159,78,15,63
S00104160,128,24,104
S00104161,102,21,81
S00104162,125,13,112
S00104163,92,12,80
S00104164,88,12,76
S00104165,75,16,59
S00104166,149,5,144
S00104167,153,20,133
S00104168,79,7,72
S00104169,112,10,102
S00104170,88,3,85
S00104171,107,60,47
S00104172,61,2,59
S00104173,104,25,79
S00104174,89,8,81
S00104175,54,28,26
S00104176,114,7,107
S00104177,125,12,113
S00104178,112,10,102
S00104179,126,10,116
S00104180,114,20,94
S00104181,98,11,87
S00104182,138,53,85
S00104183,106,27,79
S00104184,108,26,82
S00104185,135,14,121
S00104186,97,23,74
S00104187,68,3,65
S00104188,71,10,61
S00104189,115,27,88
S00104190,116,29,87
S00104191,79,11,68
S00104192,93,24,69
S00104193,98,9,89
S00104194,75,10,65
S00104195,113,3,110
S00104196,82,22,60
S00104197,111,31,80
S00104198,60,13,47
S00104199,98,20,78
S00104200,98,53,45
S00104201,96,45,51
S00104202,82,21,61
S00104203,131,64,67
S00104204,109,33,76
S00104205,101,41,60
S00104206,129,14,115
S00104207,116,13,103
S00104208,78,25,53
S00104209,66,7,59
S00104210,64,6,58
S00104211,161,33,128
S00104212,127,10,117
S00104213,121,10,111
S00104214,118,24,94
S00104215,116,12,104
S00104216,118,24,94
S00104217,61,8,53
S00104218,157,70,87
S00104219,77,29,48
S00104220,113,19,94
S00104221,135,28,107
S00104222,82,25,57
S00104223,116,12,104
S00104224,113,16,97
S00104225,96,19,77
S00104226,124,16,108
S00104227,116,20,96
S00104228,122,21,101
S00104229,117,10,107
S00104230,103,18,85
S00104231,121,41,80
S00104232,172,26,146
S00104233,174,25,149
S00104234,120,25,95
S00104235,96,28,68
S00104236,89,8,81
S00104237,67,9,58
S00104238,97,12,85
S00104239,81,20,61
S00104240,65,5,60
S00104241,80,5,75
S00104242,122,11,111
S00104243,101,11,90
S00104244,58,14,44
S00104245,92,9,83
S00104246,102,19,83
S00104247,57,9,48
S00104248,107,14,93
S00104249,73,15,58
S00104250,86,11,75
S00104251,57,6,51
S00104252,58,7,51
S00104253,80,12,68
S00104254,62,10,52
S00104255,118,25,93
S00104256,88,8,80
S00104257,92,17,75
S00104258,100,37,63
S00104259,66,20,46
S00104260,114,18,96
S00104261,71,11,60
S00104262,116,16,100
S00104263,79,8,71
S00104264,100,13,87
S00104265,131,17,114
S00104266,61,10,51
S00104267,151,38,113
S00104268,114,20,94
S00104269,59,36,23
S00104270,139,19,120
S00104271,84,10,74
S00104272,146,32,114
S00104273,90,30,60
S00104274,84,11,73
S00104275,65,11,54
S00104276,54,12,42
S00104277,128,29,99
S00104278,106,21,85
S00104279,131,9,122
S00104280,128,18,110
S00104281,148,15,133
S00104282,131,10,121
S00104283,132,61,71
S00104284,80,15,65
S00104285,67,56,11
S00104286,138,27,111
S00104287,100,23,77
S00104288,105,13,92
S00104289,65,11,54
S00104290,80,15,65
S00104291,79,14,65
S00104292,77,7,70
S00104293,108,10,98
S00104294,177,28,149
S00104295,109,10,99
S00104296,102,12,90
S00104297,125,13,112
S00104298,113,33,80
S00104299,65,3,62
S00104300,116,7,109
S00104301,123,15,108
S00104302,85,10,75
S00104303,131,10,121
S00104304,106,12,94
S00104305,107,18,89
S00104306,120,14,106
S00104307,86,21,65
S00104308,100,14,86
S00104309,103,15,88
S00104310,123,12,111
S00104311,114,5,109
S00104312,80,2,78
S00104313,75,10,65
S00104314,130,9,121
S00104315,88,32,56
S00104316,125,36,89
S00104317,110,32,78
S00104318,89,11,78
S00104319,58,5,53
S00104320,66,13,53
S00104321,109,8,101
S00104322,79,6,73
S00104323,97,5,92
S00104324,121,4,117
S00104325,135,20,115
S00104326,170,26,144
S00104327,74,7,67
S00104328,71,4,67
S00104329,87,11,76
S00104330,86,7,79
S00104331,102,9,93
S00104332,141,10,131
S00104333,125,8,117
S00104334,115,9,106
S00104335,103,22,81
S00104336,149,14,135
S00104337,169,31,138
S00104338,179,21,158
S00104339,132,15,117
S00104340,69,15,54
S00104341,62,13,49
S00104342,64,7,57
S00104343,100,13,87
S00104344,92,9,83
S00104345,70,22,48
S00104346,75,9,66
S00104347,129,20,109
S00104348,124,26,98
S00104349,106,14,92
S00104350,90,8,82
S00104351,84,10,74
S00104352,75,25,50
S00104353,96,9,87
S00104354,83,11,72
S00104355,155,9,146
S00104356,64,9,55
S00104357,132,10,122
S00104358,74,10,64
S00104359,149,10,139
S00104360,100,7,93
S00104361,83,7,76
S00104362,108,15,93
S00104363,63,7,56
S00104364,87,9,78
S00104365,170,7,163
S00104366,115,29,86
S00104367,73,22,51
S00104368,89,21,68
S00104369,116,8,108
S00104370,94,32,62
S00104371,65,14,51
S00104372,62,1,61
S00104373,85,8,77
S00104374,115,13,102
S00104375,106,14,92
S00104376,103,11,92
S00104377,108,10,98
S00104378,74,10,64
S00104379,111,9,102
S00104380,91,4,87
S00104381,104,7,97
S00104382,69,6,63
S00104383,107,12,95
S00104384,74,6,68
S00104385,67,6,61
S00104386,99,16,83
S00104387,115,13,102
S00104388,95,9,86
S00104389,91,5,86
S00104390,118,6,112
S00104391,93,11,82
S00104392,88,9,79
S00104393,107,3,104
S00104394,63,4,59
S00104395,78,8,70
S00104396,92,14,78
S00104397,104,5,99
S00104398,99,11,88
S00104399,82,11,71
S00104400,71,10,61
S00104401,83,9,74
S00104402,63,40,23
S00104403,118,25,93
S00104404,111,34,77
S00104405,78,8,70
S00104406,122,10,112
S00104407,65,4,61
S00104408,80,10,70
S00104409,81,11,70
S00104410,139,22,117
S00104411,115,28,87
S00104412,78,10,68
S00104413,103,10,93
S00104414,61,10,51
S00104415,52,9,43
S00104416,103,15,88
S00104417,74,15,59
S00104418,85,8,77
S00104419,126,9,117
S00104420,75,12,63
S00104421,93,12,81
S00104422,131,15,116
S00104423,84,14,70
S00104424,88,49,39
S00104425,116,20,96
S00104426,55,7,48
S00104427,58,2,56
S00104428,80,8,72
S00104429,76,30,46
S00104430,78,11,67
S00104431,87,15,72
S00104432,59,8,51
S00104433,90,7,83
S00104434,105,9,96
S00104435,63,9,54
S00104436,106,3,103
S00104437,120,5,115
S00104438,97,17,80
S00104439,63,15,48
S00104440,112,16,96
S00104441,100,12,88
S00104442,70,10,60
S00104443,60,9,51
S00104444,83,3,80
S00104445,114,2,112
S00104446,85,3,82
S00104447,108,4,104
S00104448,80,9,71
S00104449,85,15,70
S00104450,59,4,55
S00104451,135,11,124
S00104452,108,15,93
S00104453,66,8,58
S00104454,83,11,72
S00104455,143,11,132
S00104456,123,14,109
S00104457,91,19,72
S00104458,100,11,89
S00104459,179,123,56
S00104460,57,5,52
S00104461,70,14,56
S00104462,147,29,118
S00104463,103,22,81
S00104464,105,15,90
S00104465,56,5,51
S00104466,83,10,73
S00104467,63,31,32
S00104468,124,26,98
S00104469,90,25,65
S00104470,126,48,78
S00104471,119,52,67
S00104472,100,24,76
S00104473,140,46,94
S00104474,131,29,102
S00104475,127,40,87
S00104476,114,25,89
S00104477,101,22,79
S00104478,118,26,92
S00104479,83,18,65
S00104480,90,8,82
S00104481,66,21,45
S00104482,104,13,91
S00104483,70,7,63
S00104484,111,22,89
S00104485,95,22,73
S00104486,112,32,80
S00104487,129,8,121
S00104488,103,45,58
S00104489,113,39,74
S00104490,113,26,87
S00104491,112,35,77
S00104492,63,16,47
S00104493,100,48,52
S00104494,102,41,61
S00104495,212,29,183
S00104496,114,46,68
S00104497,117,28,89
S00104498,81,33,48
S00104499,89,22,67
S00104500,80,33,47
S00104501,71,21,50
S00104502,98,29,69
S00104503,86,27,59
S00104504,118,30,88
S00104505,164,24,140
S00104506,136,25,111
S00104507,114,18,96
S00104508,125,13,112
S00104509,106,21,85
S00104510,111,17,94
S00104511,94,12,82
S00104512,101,20,81
S00104513,102,22,80
S00104514,134,29,105
S00104515,115,16,99
S00104516,136,19,117
S00104517,145,34,111
S00104518,112,27,85
S00104519,112,24,88
S00104520,111,18,93
S00104521,62,47,15
S00104522,116,34,82
S00104523,55,24,31
S00104524,59,21,38
S00104525,57,17,40
S00104526,74,18,56
S00104527,120,36,84
S00104528,66,20,46
S00104529,72,29,43
S00104530,79,26,53
S00104531,90,31,59
S00104532,83,21,62
S00104533,78,25,53
S00104534,101,36,65
S00104535,89,20,69
S00104536,97,29,68
S00104537,68,18,50
S00104538,164,35,129
S00104539,97,26,71
S00104540,148,31,117
S00104541,99,20,79
S00104542,127,26,101
S00104543,79,25,54
S00104544,101,25,76
S00104545,120,22,98
S00104546,118,15,103
S00104547,121,20,101
S00104548,134,20,114
S00104549,91,6,85
S00104550,114,7,107
S00104551,89,24,65
S00104552,131,7,124
S00104553,106,11,95
S00104554,112,21,91
S00104555,108,26,82
S00104556,95,18,77
S00104557,66,33,33
S00104558,79,15,64
S00104559,110,23,87
S00104560,96,20,76
S00104561,102,17,85
S00104562,89,26,63
S00104563,77,17,60
S00104564,70,15,55
S00104565,188,24,164
S00104566,119,21,98
S00104567,114,12,102
S00104568,102,18,84
S00104569,123,28,95
S00104570,104,16,88
S00104571,102,16,86
S00104572,107,17,90
S00104573,126,13,113
S00104574,69,9,60
S00104575,116,14,102
S00104576,95,23,72
S00104577,110,10,100
S00104578,100,15,85
S00104579,111,11,100
S00104580,129,15,114
S00104581,148,26,122
S00104582,81,11,70
S00104583,155,13,142
S00104584,73,11,62
S00104585,143,12,131
S00104586,98,15,83
S00104587,107,14,93
S00104588,64,8,56
S00104589,118,10,108
S00104590,106,10,96
S00104591,83,12,71
S00104592,165,19,146
S00104593,98,8,90
S00104594,90,13,77
S00104595,86,4,82
S00104596,97,13,84
S00104597,106,6,100
S00104598,67,16,51
S00104599,114,32,82
S00104600,115,27,88
S00104601,149,30,119
S00104602,77,24,53
S00104603,78,13,65
S00104604,79,9,70
S00104605,92,15,77
S00104606,96,10,86
S00104607,101,30,71
S00104608,107,29,78
S00104609,125,18,107
S00104610,122,19,103
S00104611,141,27,114
S00104612,73,11,62
S00104613,119,17,102
S00104614,156,22,134
S00104615,151,9,142
S00104616,98,13,85
S00104617,98,18,80
S00104618,92,18,74
S00104619,121,16,105
S00104620,111,14,97
S00104621,69,17,52
S00104622,90,20,70
S00104623,144,22,122
S00104624,96,7,89
S00104625,98,25,73
S00104626,63,33,30
S00104627,88,17,71
S00104628,93,19,74
S00104629,72,12,60
S00104630,93,13,80
S00104631,91,16,75
S00104632,123,22,101
S00104633,130,24,106
S00104634,124,27,97
S00104635,128,27,101
S00104636,111,19,92
S00104637,66,24,42
S00104638,128,27,101
S00104639,143,26,117
S00104640,72,21,51
S00104641,121,29,92
S00104642,78,17,61
S00104643,70,22,48
S00104644,73,19,54
S00104645,73,21,52
S00104646,105,16,89
S00104647,56,18,38
S00104648,62,16,46
S00104649,67,10,57
S00104650,60,8,52
S00104651,87,19,68
S00104652,72,42,30
S00104653,86,11,75
S00104654,74,7,67
S00104655,96,16,80
S00104656,87,16,71
S00104657,110,11,99
S00104658,139,10,129
S00104659,120,7,113
S00104660,106,8,98
S00104661,217,80,137
S00104662,126,19,107
S00104663,113,8,105
S00104664,136,10,126
S00104665,146,20,126
S00104666,154,7,147
S00104667,99,7,92
S00104668,184,7,177
S00104669,191,8,183
S00104670,105,17,88
S00104671,128,10,118
S00104672,197,12,185
S00104673,117,13,104
S00104674,83,7,76
S00104675,164,16,148
S00104676,133,11,122
S00104677,129,10,119
S00104678,85,11,74
S00104679,121,12,109
S00104680,124,13,111
S00104681,116,15,101
S00104682,151,9,142
S00104683,131,10,121
S00104684,92,13,79
S00104685,123,15,108
S00104686,86,10,76
S00104687,94,8,86
S00104688,110,20,90
S00104689,105,30,75
S00104690,100,12,88
S00104691,104,12,92
S00104692,82,9,73
S00104693,111,28,83
S00104694,115,31,84
S00104695,117,20,97
S00104696,112,29,83
S00104697,108,6,102
S00104698,98,15,83
S00104699,88,28,60
S00104700,384,42,342
S00104701,97,25,72
S00104702,86,31,55
S00104703,147,30,117
S00104704,57,4,53
S00104705,73,6,67
S00104706,88,12,76
S00104707,151,25,126
S00104708,126,32,94
S00104709,97,16,81
S00104710,200,14,186
S00104711,166,7,159
S00104712,170,9,161
S00104713,223,16,207
S00104714,165,5,160
S00104715,130,6,124
S00104716,164,8,156
S00104717,156,9,147
S00104718,105,6,99
S00104719,155,7,148
S00104720,221,9,212
S00104721,133,6,127
S00104722,130,9,121
S00104723,111,2,109
S00104724,149,16,133
S00104725,175,5,170
S00104726,221,7,214
S00104727,182,14,168
S00104728,137,12,125
S00104729,213,14,199
S00104730,170,15,155
S00104731,97,6,91
S00104732,116,4,112
S00104733,138,11,127
S00104734,95,7,88
S00104735,157,3,154
S00104736,198,13,185
S00104737,131,10,121
S00104738,189,10,179
S00104739,108,12,96
S00104740,155,23,132
S00104741,82,34,48
S00104742,139,37,102
S00104743,165,13,152
S00104744,143,5,138
S00104745,95,8,87
S00104746,145,11,134
S00104747,109,6,103
S00104748,117,4,113
S00104749,100,5,95
S00104750,144,14,130
S00104751,79,6,73
S00104752,125,7,118
S00104753,101,20,81
S00104754,127,6,121
S00104755,86,5,81
S00104756,122,7,115
S00104757,122,8,114
S00104758,66,3,63
S00104759,97,9,88
S00104760,118,11,107
S00104761,123,12,111
S00104762,75,3,72
S00104763,115,6,109
S00104764,176,15,161
S00104765,123,16,107
S00104766,121,12,109
S00104767,164,5,159
S00104768,152,35,117
S00104769,366,22,344
S00104770,94,7,87
S00104771,112,7,105
S00104772,113,9,104
S00104773,60,5,55
S00104774,56,3,53
S00104775,126,8,118
S00104776,121,11,110
S00104777,98,7,91
S00104778,100,6,94
S00104779,67,5,62
S00104780,105,12,93
S00104781,85,6,79
S00104782,131,10,121
S00104783,112,10,102
S00104784,109,24,85
S00104785,148,4,144
S00104786,114,35,79
S00104787,94,12,82
S00104788,73,8,65
S00104789,147,9,138
S00104790,177,16,161
S00104791,130,69,61
S00104792,157,107,50
S00104793,59,13,46
S00104794,65,10,55
S00104795,75,5,70
S00104796,107,54,53
S00104797,148,10,138
S00104798,185,5,180
S00104799,196,8,188
S00104800,85,55,30
S00104801,112,17,95
S00104802,179,25,154
S00104803,140,30,110
S00104804,110,20,90
S00104805,124,19,105
S00104806,120,46,74
S00104807,128,11,117
S00104808,124,13,111
S00104809,134,19,115
S00104810,136,19,117
S00104811,138,41,97
S00104812,99,11,88
S00104813,99,9,90
S00104814,59,23,36
S00104815,111,7,104
S00104816,140,14,126
S00104817,76,5,71
S00104818,150,14,136
S00104819,154,15,139
S00104820,203,21,182
S00104821,100,2,98
S00104822,116,8,108
S00104823,154,15,139
S00104824,142,10,132
S00104825,152,15,137
S00104826,163,17,146
S00104827,112,17,95
S00104828,131,15,116
S00104829,196,18,178
S00104830,133,18,115
S00104831,126,21,105
S00104832,107,20,87
S00104833,135,21,114
S00104834,109,6,103
S00104835,124,13,111
S00104836,162,15,147
S00104837,139,25,114
S00104838,126,11,115
S00104839,136,9,127
S00104840,135,15,120
S00104841,102,11,91
S00104842,175,27,148
S00104843,161,24,137
S00104844,127,17,110
S00104845,73,13,60
S00104846,92,15,77
S00104847,108,21,87
S00104848,68,13,55
S00104849,79,20,59
S00104850,114,21,93
S00104851,205,15,190
S00104852,180,14,166
S00104853,91,17,74
S00104854,119,9,110
S00104855,94,30,64
S00104856,134,11,123
S00104857,170,14,156
S00104858,141,14,127
S00104859,152,7,145
S00104860,126,8,118
S00104861,95,5,90
S00104862,107,6,101
S00104863,88,4,84
S00104864,83,7,76
S00104865,88,7,81
S00104866,70,11,59
S00104867,79,8,71
S00104868,105,12,93
S00104869,79,11,68
S00104870,176,15,161
S00104871,127,9,118
S00104872,69,17,52
S00104873,146,63,83
S00104874,101,12,89
S00104875,126,24,102
S00104876,124,9,115
S00104877,78,11,67
S00104878,75,28,47
S00104879,93,13,80
S00104880,105,12,93
S00104881,89,27,62
S00104882,149,43,106
S00104883,78,10,68
S00104884,94,38,56
S00104885,70,8,62
S00104886,156,4,152
S00104887,143,14,129
S00104888,119,15,104
S00104889,210,12,198
S00104890,138,12,126
S00104891,201,10,191
S00104892,157,10,147
S00104893,118,7,111
S00104894,87,8,79
S00104895,98,4,94
S00104896,82,5,77
S00104897,136,8,128
S00104898,110,4,106
S00104899,149,8,141
S00104900,107,7,100
S00104901,84,4,80
S00104902,346,13,333
S00104903,155,21,134
S00104904,73,48,25
S00104905,92,4,88
S00104906,181,14,167
S00104907,130,14,116
S00104908,153,14,139
S00104909,106,3,103
S00104910,87,10,77
S00104911,99,13,86
S00104912,131,4,127
S00104913,71,2,69
S00104914,183,20,163
S00104915,123,8,115
S00104916,127,12,115
S00104917,58,11,47
S00104918,115,10,105
S00104919,155,11,144
S00104920,159,16,143
S00104921,133,10,123
S00104922,113,11,102
S00104923,110,19,91
S00104924,52,7,45
S00104925,176,17,159
S00104926,132,17,115
S00104927,152,15,137
S00104928,62,4,58
S00104929,145,9,136
S00104930,74,10,64
S00104931,111,16,95
S00104932,175,17,158
S00104933,99,15,84
S00104934,145,12,133
S00104935,95,6,89
S00104936,123,2,121
S00104937,147,17,130
S00104938,135,7,128
S00104939,141,19,122
S00104940,121,11,110
S00104941,117,17,100
S00104942,55,15,40
S00104943,171,15,156
S00104944,113,8,105
S00104945,166,18,148
S00104946,157,17,140
S00104947,147,18,129
S00104948,129,15,114
S00104949,96,13,83
S00104950,97,8,89
S00104951,135,12,123
S00104952,124,14,110
S00104953,157,12,145
S00104954,124,9,115
S00104955,77,9,68
S00104956,97,12,85
S00104957,115,14,101
S00104958,116,24,92
S00104959,141,15,126
S00104960,155,15,140
S00104961,154,66,88
S00104962,73,7,66
S00104963,86,12,74
S00104964,66,5,61
S00104965,79,14,65
S00104966,76,14,62
S00104967,77,5,72
S00104968,79,10,69
S00104969,71,16,55
S00104970,106,5,101
S00104971,75,13,62
S00104972,150,18,132
S00104973,104,7,97
S00104974,78,7,71
S00104975,87,6,81
S00104976,124,40,84
S00104977,96,8,88
S00104978,107,6,101
S00104979,146,22,124
S00104980,146,32,114
S00104981,68,6,62
S00104982,122,40,82
S00104983,142,8,134
S00104984,56,15,41
S00104985,93,32,61
S00104986,89,21,68
S00104987,91,13,78
S00104988,135,31,104
S00104989,103,55,48
S00104990,55,11,44
S00104991,65,11,54
S00104992,80,16,64
S00104993,173,10,163
S00104994,163,18,145
S00104995,118,13,105
S00104996,121,15,106
S00104997,111,13,98
S00104998,98,11,87
S00104999,153,7,146
S00105000,114,18,96
S00105001,108,17,91
S00105002,105,14,91
S00105003,85,20,65
S00105004,105,20,85
S00105005,105,16,89
S00105006,109,14,95
S00105007,108,12,96
S00105008,97,13,84
S00105009,125,19,106
S00105010,142,17,125
S00105011,106,20,86
S00105012,135,13,122
S00105013,141,16,125
S00105014,117,4,113
S00105015,183,17,166
S00105016,165,8,157
S00105017,126,11,115
S00105018,118,6,112
S00105019,191,27,164
S00105020,151,6,145
S00105021,129,10,119
S00105022,139,14,125
S00105023,122,7,115
S00105024,123,16,107
S00105025,118,7,111
S00105026,128,13,115
S00105027,154,12,142
S00105028,154,31,123
S00105029,142,22,120
S00105030,92,17,75
S00105031,131,13,118
S00105032,92,20,72
S00105033,113,12,101
S00105034,121,23,98
S00105035,137,25,112
S00105036,186,27,159
S00105037,172,14,158
S00105038,128,11,117
S00105039,142,12,130
S00105040,130,16,114
S00105041,116,9,107
S00105042,119,4,115
S00105043,81,18,63
S00105044,123,13,110
S00105045,107,11,96
S00105046,69,5,64
S00105047,130,17,113
S00105048,204,11,193
S00105049,107,10,97
S00105050,188,76,112
S00105051,166,15,151
S00105052,111,12,99
S00105053,83,18,65
S00105054,115,16,99
S00105055,130,25,105
S00105056,129,14,115
S00105057,120,23,97
S00105058,95,19,76
S00105059,181,12,169
S00105060,134,18,116
S00105061,127,17,110
S00105062,72,12,60
S00105063,155,15,140
S00105064,167,27,140
S00105065,158,10,148
S00105066,194,26,168
S00105067,125,11,114
S00105068,137,12,125
S00105069,108,8,100
S00105070,99,18,81
S00105071,107,16,91
S00105072,127,17,110
S00105073,136,28,108
S00105074,103,14,89
S00105075,95,24,71
S00105076,92,18,74
S00105077,102,27,75
S00105078,124,18,106
S00105079,142,14,128
S00105080,99,19,80
S00105081,100,7,93
S00105082,108,19,89
S00105083,84,12,72
S00105084,79,6,73
S00105085,58,9,49
S00105086,114,32,82
S00105087,110,11,99
S00105088,76,5,71
S00105089,94,4,90
S00105090,150,10,140
S00105091,75,6,69
S00105092,158,19,139
S00105093,164,15,149
S00105094,142,19,123
S00105095,95,12,83
S00105096,89,9,80
S00105097,151,16,135
S00105098,88,9,79
S00105099,122,13,109
S00105100,138,7,131
S00105101,134,8,126
S00105102,107,11,96
S00105103,96,8,88
S00105104,140,7,133
S00105105,60,3,57
S00105106,54,9,45
S00105107,56,4,52
S00105108,65,8,57
S00105109,70,7,63
S00105110,57,8,49
S00105111,134,9,125
S00105112,62,7,55
S00105113,78,8,70
S00105114,64,8,56
S00105115,65,6,59
S00105116,58,8,50
S00105117,63,5,58
S00105118,92,13,79
S00105119,102,16,86
S00105120,84,9,75
S00105121,92,14,78
S00105122,92,15,77
S00105123,97,14,83
S00105124,95,7,88
S00105125,97,13,84
S00105126,86,5,81
S00105127,85,6,79
S00105128,96,10,86
S00105129,131,6,125
S00105130,115,9,106
S00105131,199,14,185
S00105132,73,4,69
S00105133,95,4,91
S00105134,88,6,82
S00105135,67,10,57
S00105136,60,8,52
S00105137,77,11,66
S00105138,78,4,74
S00105139,56,7,49
S00105140,75,5,70
S00105141,51,10,41
S00105142,95,11,84
S00105143,111,11,100
S00105144,129,5,124
S00105145,144,62,82
S00105146,56,8,48
S00105147,106,15,91
S00105148,95,10,85
S00105149,110,10,100
S00105150,92,11,81
S00105151,166,7,159
S00105152,136,17,119
S00105153,171,7,164
S00105154,119,24,95
S00105155,119,8,111
S00105156,168,10,158
S00105157,130,8,122
S00105158,115,3,112
S00105159,75,16,59
S00105160,58,9,49
S00105161,88,11,77
S00105162,126,23,103
S00105163,68,22,46
S00105164,53,16,37
S00105165,66,17,49
S00105166,96,14,82
S00105167,72,15,57
S00105168,85,11,74
S00105169,85,7,78
S00105170,87,26,61
S00105171,78,14,64
S00105172,93,30,63
S00105173,108,10,98
S00105174,91,28,63
S00105175,101,22,79
S00105176,95,22,73
S00105177,58,12,46
S00105178,87,17,70
S00105179,62,12,50
S00105180,69,5,64
S00105181,67,7,60
S00105182,77,8,69
S00105183,72,9,63
S00105184,80,10,70
S00105185,51,6,45
S00105186,92,10,82
S00105187,76,12,64
S00105188,95,7,88
S00105189,61,14,47
S00105190,67,8,59
S00105191,63,6,57
S00105192,68,2,66
S00105193,67,4,63
S00105194,112,3,109
S00105195,62,8,54
S00105196,68,7,61
S00105197,56,13,43
S00105198,82,6,76
S00105199,77,17,60
S00105200,81,7,74
S00105201,76,7,69
S00105202,106,6,100
S00105203,109,16,93
S00105204,79,10,69
S00105205,93,12,81
S00105206,110,4,106
S00105207,127,8,119
S00105208,72,3,69
S00105209,135,8,127
S00105210,53,7,46
S00105211,91,8,83
S00105212,121,10,111
S00105213,86,3,83
S00105214,66,6,60
S00105215,76,7,69
S00105216,91,9,82
S00105217,72,10,62
S00105218,130,14,116
S00105219,108,21,87
S00105220,119,32,87
S00105221,113,10,103
S00105222,108,35,73
S00105223,110,13,97
S00105224,118,8,110
S00105225,122,22,100
S00105226,80,24,56
S00105227,121,6,115
S00105228,51,19,32
S00105229,103,10,93
S00105230,82,11,71
S00105231,56,8,48
S00105232,89,9,80
S00105233,79,10,69
S00105234,84,21,63
S00105235,155,9,146
S00105236,137,15,122
S00105237,120,12,108
S00105238,75,8,67
S00105239,87,20,67
S00105240,124,15,109
S00105241,170,12,158
S00105242,126,21,105
S00105243,120,20,100
S00105244,76,14,62
S00105245,134,47,87
S00105246,137,34,103
S00105247,134,23,111
S00105248,93,22,71
S00105249,130,16,114
S00105250,112,28,84
S00105251,140,37,103
S00105252,112,23,89
S00105253,126,12,114
S00105254,77,24,53
S00105255,141,39,102
S00105256,173,30,143
S00105257,110,31,79
S00105258,102,25,77
S00105259,97,15,82
S00105260,100,30,70
S00105261,193,38,155
S00105262,141,45,96
S00105263,142,32,110
S00105264,167,40,127
S00105265,127,28,99
S00105266,114,36,78
S00105267,122,29,93
S00105268,142,23,119
S00105269,77,20,57
S00105270,154,42,112
S00105271,129,29,100
S00105272,109,32,77
S00105273,53,13,40
S00105274,93,20,73
S00105275,87,15,72
S00105276,79,22,57
S00105277,65,13,52
S00105278,121,27,94
S00105279,87,46,41
S00105280,80,21,59
S00105281,100,22,78
S00105282,93,22,71
S00105283,94,23,71
S00105284,87,24,63
S00105285,100,17,83
S00105286,104,23,81
S00105287,81,12,69
S00105288,107,35,72
S00105289,68,14,54
S00105290,85,19,66
S00105291,721,188,533
S00105292,67,31,36
S00105293,93,23,70
S00105294,85,23,62
S00105295,104,32,72
S00105296,74,22,52
S00105297,86,18,68
S00105298,88,23,65
S00105299,114,29,85
S00105300,147,63,84
S00105301,64,16,48
S00105302,141,36,105
S00105303,91,15,76
S00105304,72,28,44
S00105305,96,30,66
S00105306,97,31,66
S00105307,73,20,53
S00105308,68,24,44
S00105309,115,20,95
S00105310,81,23,58
S00105311,89,29,60
S00105312,144,40,104
S00105313,120,30,90
S00105314,59,17,42
S00105315,101,16,85
S00105316,122,22,100
S00105317,141,22,119
S00105318,97,15,82
S00105319,133,22,111
S00105320,162,20,142
S00105321,174,33,141
S00105322,62,24,38
S00105323,148,32,116
S00105324,124,21,103
S00105325,142,30,112
S00105326,96,22,74
S00105327,79,16,63
S00105328,83,27,56
S00105329,104,32,72
S00105330,75,26,49
S00105331,151,26,125
S00105332,101,11,90
S00105333,124,18,106
S00105334,102,16,86
S00105335,113,18,95
S00105336,54,13,41
S00105337,82,13,69
S00105338,107,32,75
S00105339,106,17,89
S00105340,120,13,107
S00105341,126,26,100
S00105342,139,21,118
S00105343,192,90,102
S00105344,96,10,86
S00105345,131,23,108
S00105346,99,16,83
S00105347,112,13,99
S00105348,109,18,91
S00105349,107,16,91
S00105350,123,14,109
S00105351,96,16,80
S00105352,99,15,84
S00105353,115,11,104
S00105354,107,16,91
S00105355,114,18,96
S00105356,139,9,130
S00105357,71,22,49
S00105358,93,18,75
S00105359,81,24,57
S00105360,144,34,110
S00105361,141,24,117
S00105362,62,22,40
S00105363,113,20,93
S00105364,80,20,60
S00105365,98,20,78
S00105366,88,8,80
S00105367,82,17,65
S00105368,124,16,108
S00105369,98,15,83
S00105370,72,12,60
S00105371,138,19,119
S00105372,83,17,66
S00105373,76,9,67
S00105374,64,15,49
S00105375,166,49,117
S00105376,149,17,132
S00105377,106,14,92
S00105378,91,32,59
S00105379,70,23,47
S00105380,67,30,37
S00105381,151,31,120
S00105382,104,22,82
S00105383,99,34,65
S00105384,102,12,90
S00105385,131,19,112
S00105386,132,23,109
S00105387,67,7,60
S00105388,115,14,101
S00105389,70,29,41
S00105390,115,11,104
S00105391,121,3,118
S00105392,128,11,117
S00105393,91,7,84
S00105394,86,9,77
S00105395,86,15,71
S00105396,140,5,135
S00105397,70,9,61
S00105398,71,10,61
S00105399,94,8,86
S00105400,82,4,78
S00105401,71,5,66
S00105402,122,19,103
S00105403,123,9,114
S00105404,85,4,81
S00105405,100,9,91
S00105406,85,13,72
S00105407,89,10,79
S00105408,100,3,97
S00105409,104,11,93
S00105410,112,12,100
S00105411,113,14,99
S00105412,126,6,120
S00105413,170,10,160
S00105414,153,44,109
S00105415,109,14,95
S00105416,108,5,103
S00105417,133,15,118
S00105418,123,19,104
S00105419,106,17,89
S00105420,192,13,179
S00105421,169,20,149
S00105422,159,27,132
S00105423,175,14,161
S00105424,171,16,155
S00105425,149,24,125
S00105426,87,15,72
S00105427,149,23,126
S00105428,234,127,107
S00105429,106,19,87
S00105430,128,6,122
S00105431,114,59,55
S00105432,116,11,105
S00105433,156,12,144
S00105434,90,11,79
S00105435,178,6,172
S00105436,225,46,179
S00105437,89,32,57
S00105438,132,11,121
S00105439,91,18,73
S00105440,76,7,69
S00105441,214,102,112
S00105442,117,11,106
S00105443,181,23,158
S00105444,165,16,149
S00105445,97,12,85
S00105446,72,9,63
S00105447,157,8,149
S00105448,99,10,89
S00105449,89,10,79
S00105450,87,6,81
S00105451,147,20,127
S00105452,128,13,115
S00105453,71,15,56
S00105454,143,15,128
S00105455,87,8,79
S00105456,81,13,68
S00105457,132,13,119
S00105458,101,14,87
S00105459,85,8,77
S00105460,146,22,124
S00105461,157,26,131
S00105462,115,20,95
S00105463,86,17,69
S00105464,151,30,121
S00105465,92,18,74
S00105466,107,9,98
S00105467,96,26,70
S00105468,117,24,93
S00105469,100,23,77
S00105470,164,22,142
S00105471,105,24,81
S00105472,111,8,103
S00105473,92,23,69
S00105474,94,18,76
S00105475,82,21,61
S00105476,117,15,102
S00105477,108,16,92
S00105478,113,11,102
S00105479,137,19,118
S00105480,122,20,102
S00105481,105,26,79
S00105482,118,38,80
S00105483,108,14,94
S00105484,133,28,105
S00105485,66,18,48
S00105486,70,16,54
S00105487,84,12,72
S00105488,95,25,70
S00105489,73,12,61
S00105490,192,17,175
S00105491,108,14,94
S00105492,133,31,102
S00105493,149,31,118
S00105494,81,19,62
S00105495,150,27,123
S00105496,158,24,134
S00105497,104,16,88
S00105498,184,22,162
S00105499,122,29,93
S00105500,132,17,115
S00105501,89,17,72
S00105502,67,7,60
S00105503,119,21,98
S00105504,139,58,81
S00105505,72,41,31
S00105506,149,24,125
S00105507,118,7,111
S00105508,138,16,122
S00105509,104,9,95
S00105510,166,19,147
S00105511,184,26,158
S00105512,145,12,133
S00105513,139,9,130
S00105514,88,13,75
S00105515,131,10,121
S00105516,91,18,73
S00105517,162,16,146
S00105518,125,11,114
S00105519,106,10,96
S00105520,120,17,103
S00105521,58,4,54
S00105522,133,20,113
S00105523,111,22,89
S00105524,63,18,45
S00105525,93,11,82
S00105526,72,16,56
S00105527,100,18,82
S00105528,113,21,92
S00105529,103,22,81
S00105530,181,12,169
S00105531,96,10,86
S00105532,93,12,81
S00105533,125,12,113
S00105534,130,24,106
S00105535,117,26,91
S00105536,99,16,83
S00105537,104,22,82
S00105538,114,23,91
S00105539,116,9,107
S00105540,164,27,137
S00105541,131,24,107
S00105542,116,22,94
S00105543,118,19,99
S00105544,103,18,85
S00105545,85,16,69
S00105546,114,22,92
S00105547,94,17,77
S00105548,161,26,135
S00105549,148,20,128
S00105550,95,12,83
S00105551,105,16,89
S00105552,96,19,77
S00105553,113,12,101
S00105554,163,21,142
S00105555,92,16,76
S00105556,127,28,99
S00105557,66,9,57
S00105558,183,29,154
S00105559,161,31,130
S00105560,130,34,96
S00105561,126,9,117
S00105562,92,6,86
S00105563,202,41,161
S00105564,116,41,75
S00105565,116,14,102
S00105566,120,12,108
S00105567,106,15,91
S00105568,85,20,65
S00105569,162,18,144
S00105570,61,14,47
S00105571,156,7,149
S00105572,80,45,35
S00105573,127,19,108
S00105574,108,47,61
S00105575,164,28,136
S00105576,121,13,108
S00105577,132,17,115
S00105578,96,18,78
S00105579,90,24,66
S00105580,109,28,81
S00105581,131,20,111
S00105582,114,23,91
S00105583,100,19,81
S00105584,117,14,103
S00105585,110,17,93
S00105586,113,22,91
S00105587,121,16,105
S00105588,95,10,85
S00105589,110,10,100
S00105590,104,20,84
S00105591,120,13,107
S00105592,119,14,105
S00105593,130,14,116
S00105594,139,19,120
S00105595,97,11,86
S00105596,110,19,91
S00105597,129,17,112
S00105598,120,10,110
S00105599,101,11,90
S00105600,84,16,68
S00105601,132,23,109
S00105602,132,11,121
S00105603,124,23,101
S00105604,138,21,117
S00105605,136,16,120
S00105606,146,17,129
S00105607,102,10,92
S00105608,73,8,65
S00105609,67,16,51
S00105610,81,13,68
S00105611,59,9,50
S00105612,129,6,123
S00105613,112,5,107
S00105614,51,4,47
S00105615,103,14,89
S00105616,90,10,80
S00105617,149,15,134
S00105618,139,10,129
S00105619,67,9,58
S00105620,89,11,78
S00105621,96,12,84
S00105622,94,10,84
S00105623,83,3,80
S00105624,133,8,125
S00105625,82,8,74
S00105626,84,13,71
S00105627,73,12,61
S00105628,129,13,116
S00105629,155,15,140
S00105630,105,19,86
S00105631,60,11,49
S00105632,52,13,39
S00105633,150,16,134
S00105634,136,28,108
S00105635,107,25,82
S00105636,101,29,72
S00105637,110,25,85
S00105638,96,18,78
S00105639,151,23,128
S00105640,137,6,131
S00105641,135,51,84
S00105642,127,23,104
S00105643,144,31,113
S00105644,91,18,73
S00105645,71,16,55
S00105646,104,20,84
S00105647,127,23,104
S00105648,116,23,93
S00105649,168,26,142
S00105650,141,35,106
S00105651,110,18,92
S00105652,108,28,80
S00105653,90,25,65
S00105654,96,18,78
S00105655,65,29,36
S00105656,84,17,67
S00105657,77,58,19
S00105658,133,34,99
S00105659,88,14,74
S00105660,75,19,56
S00105661,107,21,86
S00105662,61,7,54
S00105663,124,24,100
S00105664,81,16,65
S00105665,130,28,102
S00105666,77,10,67
S00105667,64,25,39
S00105668,71,21,50
S00105669,141,18,123
S00105670,111,10,101
S00105671,78,26,52
S00105672,123,18,105
S00105673,106,15,91
S00105674,124,22,102
S00105675,117,16,101
S00105676,106,9,97
S00105677,91,19,72
S00105678,115,19,96
S00105679,126,29,97
S00105680,89,12,77
S00105681,74,9,65
S00105682,137,18,119
S00105683,178,26,152
S00105684,101,31,70
S00105685,80,27,53
S00105686,70,22,48
S00105687,109,10,99
S00105688,100,47,53
S00105689,95,16,79
S00105690,138,26,112
S00105691,111,9,102
S00105692,117,19,98
S00105693,124,10,114
S00105694,194,15,179
S00105695,86,11,75
S00105696,65,6,59
S00105697,136,6,130
S00105698,125,14,111
S00105699,104,10,94
S00105700,105,14,91
S00105701,107,22,85
S00105702,76,7,69
S00105703,128,8,120
S00105704,84,9,75
S00105705,105,10,95
S00105706,77,14,63
S00105707,101,11,90
S00105708,125,20,105
S00105709,484,22,462
S00105710,116,18,98
S00105711,157,11,146
S00105712,100,53,47
S00105713,154,26,128
S00105714,110,11,99
S00105715,130,13,117
S00105716,113,16,97
S00105717,109,12,97
S00105718,133,19,114
S00105719,159,19,140
S00105720,136,17,119
S00105721,157,26,131
S00105722,113,16,97
S00105723,151,22,129
S00105724,88,15,73
S00105725,119,10,109
S00105726,108,16,92
S00105727,88,16,72
S00105728,144,16,128
S00105729,58,10,48
S00105730,82,11,71
S00105731,115,11,104
S00105732,120,13,107
S00105733,146,17,129
S00105734,112,18,94
S00105735,108,16,92
S00105736,129,41,88
S00105737,109,14,95
S00105738,127,19,108
S00105739,101,9,92
S00105740,104,14,90
S00105741,140,16,124
S00105742,127,22,105
S00105743,94,14,80
S00105744,175,25,150
S00105745,155,14,141
S00105746,122,15,107
S00105747,117,15,102
S00105748,155,21,134
S00105749,154,14,140
S00105750,127,3,124
S00105751,124,34,90
S00105752,93,12,81
S00105753,106,12,94
S00105754,88,18,70
S00105755,172,20,152
S00105756,119,16,103
S00105757,94,11,83
S00105758,138,17,121
S00105759,96,15,81
S00105760,119,9,110
S00105761,157,8,149
S00105762,93,20,73
S00105763,124,15,109
S00105764,120,23,97
S00105765,55,32,23
S00105766,79,9,70
S00105767,87,17,70
S00105768,71,6,65
S00105769,115,26,89
S00105770,106,14,92
S00105771,110,12,98
S00105772,90,6,84
S00105773,136,13,123
S00105774,95,33,62
S00105775,137,22,115
S00105776,115,34,81
S00105777,87,22,65
S00105778,106,10,96
S00105779,133,20,113
S00105780,69,6,63
S00105781,94,18,76
S00105782,102,24,78
S00105783,102,28,74
S00105784,85,16,69
S00105785,110,24,86
S00105786,113,3,110
S00105787,51,8,43
S00105788,128,24,104
S00105789,94,17,77
S00105790,172,36,136
S00105791,144,39,105
S00105792,110,22,88
S00105793,88,4,84
S00105794,57,3,54
S00105795,59,5,54
S00105796,129,7,122
S00105797,104,14,90
S00105798,122,10,112
S00105799,89,21,68
S00105800,56,15,41
S00105801,112,14,98
S00105802,151,21,130
S00105803,96,15,81
S00105804,177,47,130
S00105805,57,15,42
S00105806,114,18,96
S00105807,113,25,88
S00105808,145,37,108
S00105809,101,26,75
S00105810,155,35,120
S00105811,112,21,91
S00105812,65,21,44
S00105813,105,22,83
S00105814,143,18,125
S00105815,92,22,70
S00105816,77,25,52
S00105817,102,26,76
S00105818,81,22,59
S00105819,121,33,88
S00105820,153,30,123
S00105821,105,22,83
S00105822,118,19,99
S00105823,121,26,95
S00105824,106,13,93
S00105825,128,16,112
S00105826,106,22,84
S00105827,76,15,61
S00105828,76,23,53
S00105829,82,22,60
S00105830,126,31,95
S00105831,108,16,92
S00105832,207,39,168
S00105833,163,18,145
S00105834,150,38,112
S00105835,127,31,96
S00105836,198,39,159
S00105837,98,18,80
S00105838,131,27,104
S00105839,103,32,71
S00105840,124,14,110
S00105841,68,44,24
S00105842,76,22,54
S00105843,114,16,98
S00105844,66,12,54
S00105845,97,20,77
S00105846,130,29,101
S00105847,120,15,105
S00105848,104,17,87
S00105849,124,13,111
S00105850,104,23,81
S00105851,96,26,70
S00105852,67,23,44
S00105853,125,26,99
S00105854,134,22,112
S00105855,115,24,91
S00105856,112,20,92
S00105857,68,36,32
S00105858,76,40,36
S00105859,67,16,51
S00105860,123,24,99
S00105861,116,17,99
S00105862,84,10,74
S00105863,94,19,75
S00105864,153,20,133
S00105865,164,24,140
S00105866,101,12,89
S00105867,140,21,119
S00105868,126,16,110
S00105869,114,24,90
S00105870,114,17,97
S00105871,120,14,106
S00105872,128,17,111
S00105873,112,13,99
S00105874,106,15,91
S00105875,129,25,104
S00105876,113,14,99
S00105877,124,8,116
S00105878,195,24,171
S00105879,90,18,72
S00105880,86,5,81
S00105881,102,21,81
S00105882,182,34,148
S00105883,121,16,105
S00105884,104,15,89
S00105885,77,5,72
S00105886,82,23,59
S00105887,153,43,110
S00105888,144,41,103
S00105889,138,28,110
S00105890,127,27,100
S00105891,109,11,98
S00105892,109,10,99
S00105893,72,6,66
S00105894,92,17,75
S00105895,68,7,61
S00105896,169,33,136
S00105897,104,24,80
S00105898,141,21,120
S00105899,134,8,126
S00105900,191,28,163
S00105901,98,22,76
S00105902,120,7,113
S00105903,115,10,105
S00105904,96,23,73
S00105905,133,32,101
S00105906,94,21,73
S00105907,64,19,45
S00105908,86,23,63
S00105909,104,25,79
S00105910,100,24,76
S00105911,110,21,89
S00105912,104,30,74
S00105913,95,25,70
S00105914,125,14,111
S00105915,117,5,112
S00105916,111,10,101
S00105917,90,11,79
S00105918,99,16,83
S00105919,124,21,103
S00105920,92,21,71
S00105921,113,28,85
S00105922,143,32,111
S00105923,164,25,139
S00105924,112,15,97
S00105925,107,28,79
S00105926,118,17,101
S00105927,105,12,93
S00105928,109,25,84
S00105929,125,19,106
S00105930,101,20,81
S00105931,141,27,114
S00105932,110,25,85
S00105933,120,19,101
S00105934,187,29,158
S00105935,1633,72,1561
S00105936,135,18,117
S00105937,72,22,50
S00105938,178,27,151
S00105939,173,21,152
S00105940,107,15,92
S00105941,85,9,76
S00105942,92,14,78
S00105943,100,21,79
S00105944,138,18,120
S00105945,106,11,95
S00105946,102,17,85
S00105947,122,19,103
S00105948,102,22,80
S00105949,114,16,98
S00105950,80,9,71
S00105951,70,14,56
S00105952,138,35,103
S00105953,182,23,159
S00105954,130,30,100
S00105955,71,35,36
S00105956,78,17,61
S00105957,174,21,153
S00105958,146,31,115
S00105959,185,54,131
S00105960,107,11,96
S00105961,118,20,98
S00105962,105,2,103
S00105963,169,24,145
S00105964,125,6,119
S00105965,139,17,122
S00105966,99,9,90
S00105967,94,16,78
S00105968,87,25,62
S00105969,107,14,93
S00105970,204,30,174
S00105971,171,22,149
S00105972,150,16,134
S00105973,142,25,117
S00105974,93,19,74
S00105975,101,20,81
S00105976,115,23,92
S00105977,73,8,65
S00105978,124,18,106
S00105979,126,22,104
S00105980,152,27,125
S00105981,149,13,136
S00105982,200,19,181
S00105983,130,33,97
S00105984,111,16,95
S00105985,73,20,53
S00105986,179,18,161
S00105987,123,11,112
S00105988,120,19,101
S00105989,112,10,102
S00105990,114,12,102
S00105991,59,17,42
S00105992,139,30,109
S00105993,60,13,47
S00105994,142,19,123
S00105995,131,23,108
S00105996,158,47,111
S00105997,141,24,117
S00105998,106,10,96
S00105999,191,24,167
S00106000,186,29,157
S00106001,130,18,112
S00106002,108,27,81
S00106003,91,25,66
S00106004,101,21,80
S00106005,95,7,88
S00106006,103,24,79
S00106007,132,34,98
S00106008,109,12,97
S00106009,97,15,82
S00106010,57,10,47
S00106011,219,15,204
S00106012,157,27,130
S00106013,143,15,128
S00106014,105,19,86
S00106015,162,22,140
S00106016,105,17,88
S00106017,116,12,104
S00106018,162,14,148
S00106019,82,14,68
S00106020,99,23,76
S00106021,118,30,88
S00106022,63,8,55
S00106023,82,15,67
S00106024,111,11,100
S00106025,108,13,95
S00106026,109,20,89
S00106027,84,14,70
S00106028,102,30,72
S00106029,104,39,65
S00106030,104,19,85
S00106031,84,12,72
S00106032,87,15,72
S00106033,75,6,69
S00106034,136,47,89
S00106035,105,6,99
S00106036,113,26,87
S00106037,126,16,110
S00106038,76,5,71
S00106039,129,7,122
S00106040,112,27,85
S00106041,112,18,94
S00106042,65,7,58
S00106043,77,14,63
S00106044,142,14,128
S00106045,91,10,81
S00106046,131,10,121
S00106047,102,7,95
S00106048,72,9,63
S00106049,86,9,77
S00106050,193,24,169
S00106051,114,19,95
S00106052,74,16,58
S00106053,167,29,138
S00106054,194,88,106
S00106055,149,22,127
S00106056,140,25,115
S00106057,137,17,120
S00106058,99,13,86
S00106059,95,16,79
S00106060,111,15,96
S00106061,99,15,84
S00106062,136,18,118
S00106063,153,18,135
S00106064,100,26,74
S00106065,145,42,103
S00106066,99,22,77
S00106067,104,18,86
S00106068,100,18,82
S00106069,156,30,126
S00106070,138,44,94
S00106071,115,15,100
S00106072,93,10,83
S00106073,90,17,73
S00106074,91,17,74
S00106075,69,19,50
S00106076,146,32,114
S00106077,89,16,73
S00106078,113,16,97
S00106079,139,15,124
S00106080,96,13,83
S00106081,142,32,110
S00106082,123,24,99
S00106083,129,24,105
S00106084,87,37,50
S00106085,97,19,78
S00106086,124,26,98
S00106087,124,31,93
S00106088,134,40,94
S00106089,92,16,76
S00106090,81,10,71
S00106091,110,25,85
S00106092,128,19,109
S00106093,99,27,72
S00106094,89,14,75
S00106095,140,38,102
S00106096,115,60,55
S00106097,122,8,114
S00106098,145,49,96
S00106099,157,44,113
S00106100,127,41,86
S00106101,130,58,72
S00106102,113,64,49
S00106103,84,20,64
S00106104,81,25,56
S00106105,114,40,74
S00106106,112,17,95
S00106107,129,30,99
S00106108,69,10,59
S00106109,164,20,144
S00106110,168,22,146
S00106111,77,23,54
S00106112,110,27,83
S00106113,115,22,93
S00106114,131,24,107
S00106115,102,27,75
S00106116,87,25,62
S00106117,71,22,49
S00106118,119,31,88
S00106119,86,16,70
S00106120,63,17,46
S00106121,88,21,67
S00106122,84,10,74
S00106123,118,31,87
S00106124,66,10,56
S00106125,123,21,102
S00106126,66,21,45
S00106127,90,17,73
S00106128,142,41,101
S00106129,115,36,79
S00106130,133,52,81
S00106131,146,37,109
S00106132,61,33,28
S00106133,133,37,96
S00106134,115,31,84
S00106135,108,45,63
S00106136,112,34,78
S00106137,105,26,79
S00106138,121,43,78
S00106139,99,19,80
S00106140,60,12,48
S00106141,96,16,80
S00106142,104,31,73
S00106143,98,10,88
S00106144,145,8,137
S00106145,110,22,88
S00106146,79,17,62
S00106147,71,6,65
S00106148,81,8,73
S00106149,148,33,115
S00106150,115,37,78
S00106151,116,12,104
S00106152,53,11,42
S00106153,90,53,37
S00106154,138,31,107
S00106155,166,45,121
S00106156,134,45,89
S00106157,97,36,61
S00106158,112,58,54
S00106159,139,34,105
S00106160,133,30,103
S00106161,133,28,105
S00106162,137,38,99
S00106163,107,26,81
S00106164,112,18,94
S00106165,65,18,47
S00106166,112,30,82
S00106167,146,25,121
S00106168,82,13,69
S00106169,110,29,81
S00106170,174,29,145
S00106171,105,38,67
S00106172,111,18,93
S00106173,91,13,78
S00106174,90,2,88
S00106175,85,21,64
S00106176,93,28,65
S00106177,138,46,92
S00106178,187,52,135
S00106179,98,16,82
S00106180,91,28,63
S00106181,89,24,65
S00106182,161,42,119
S00106183,66,27,39
S00106184,127,27,100
S00106185,116,34,82
S00106186,113,13,100
S00106187,96,19,77
S00106188,124,30,94
S00106189,100,20,80
S00106190,132,21,111
S00106191,203,26,177
S00106192,67,6,61
S00106193,105,6,99
S00106194,95,22,73
S00106195,153,16,137
S00106196,133,25,108
S00106197,117,15,102
S00106198,123,22,101
S00106199,163,21,142
S00106200,205,34,171
S00106201,166,8,158
S00106202,101,5,96
S00106203,90,13,77
S00106204,158,20,138
S00106205,161,15,146
S00106206,142,28,114
S00106207,112,33,79
S00106208,82,43,39
S00106209,104,46,58
S00106210,59,22,37
S00106211,79,34,45
S00106212,70,20,50
S00106213,61,22,39
S00106214,68,30,38
S00106215,128,39,89
S00106216,123,23,100
S00106217,100,20,80
S00106218,97,12,85
S00106219,107,29,78
S00106220,55,10,45
S00106221,129,9,120
S00106222,129,29,100
S00106223,119,28,91
S00106224,112,11,101
S00106225,103,23,80
S00106226,166,20,146
S00106227,132,13,119
S00106228,102,17,85
S00106229,1863,65,1798
S00106230,138,32,106
S00106231,97,18,79
S00106232,142,14,128
S00106233,87,1,86
S00106234,103,18,85
S00106235,109,7,102
S00106236,94,12,82
S00106237,92,23,69
S00106238,110,30,80
S00106239,84,12,72
S00106240,76,15,61
S00106241,161,19,142
S00106242,67,14,53
S00106243,80,19,61
S00106244,127,16,111
S00106245,149,23,126
S00106246,115,14,101
S00106247,86,14,72
S00106248,79,10,69
S00106249,63,12,51
S00106250,154,47,107
S00106251,145,32,113
S00106252,59,23,36
S00106253,69,34,35
S00106254,109,21,88
S00106255,106,32,74
S00106256,146,24,122
S00106257,104,21,83
S00106258,123,28,95
S00106259,66,26,40
S00106260,126,25,101
S00106261,65,9,56
S00106262,118,19,99
S00106263,106,32,74
S00106264,101,31,70
S00106265,71,16,55
S00106266,135,16,119
S00106267,100,41,59
S00106268,127,20,107
S00106269,68,30,38
S00106270,73,15,58
S00106271,122,18,104
S00106272,115,17,98
S00106273,84,19,65
S00106274,91,26,65
S00106275,126,32,94
S00106276,101,14,87
S00106277,143,20,123
S00106278,135,14,121
S00106279,97,12,85
S00106280,140,14,126
S00106281,128,14,114
S00106282,96,17,79
S00106283,109,30,79
S00106284,247,125,122
S00106285,85,14,71
S00106286,130,21,109
S00106287,199,94,105
S00106288,101,10,91
S00106289,101,17,84
S00106290,103,18,85
S00106291,101,12,89
S00106292,120,35,85
S00106293,97,10,87
S00106294,108,11,97
S00106295,95,34,61
S00106296,116,23,93
S00106297,78,24,54
S00106298,118,29,89
S00106299,104,28,76
S00106300,58,16,42
S00106301,121,30,91
S00106302,94,20,74
S00106303,109,26,83
S00106304,78,9,69
S00106305,134,31,103
S00106306,149,47,102
S00106307,69,17,52
S00106308,101,17,84
S00106309,90,15,75
S00106310,111,20,91
S00106311,84,16,68
S00106312,95,33,62
S00106313,113,30,83
S00106314,113,27,86
S00106315,159,26,133
S00106316,98,20,78
S00106317,159,23,136
S00106318,133,93,40
S00106319,167,30,137
S00106320,130,25,105
S00106321,55,9,46
S00106322,99,19,80
S00106323,81,11,70
S00106324,104,31,73
S00106325,179,96,83
S00106326,127,8,119
S00106327,108,34,74
S00106328,184,40,144
S00106329,107,24,83
S00106330,63,15,48
S00106331,93,18,75
S00106332,92,16,76
S00106333,65,18,47
S00106334,98,13,85
S00106335,74,24,50
S00106336,76,15,61
S00106337,64,16,48
S00106338,61,11,50
S00106339,78,24,54
S00106340,63,13,50
S00106341,159,9,150
S00106342,97,16,81
S00106343,99,21,78
S00106344,142,31,111
S00106345,177,24,153
S00106346,145,34,111
S00106347,144,29,115
S00106348,137,19,118
S00106349,119,50,69
S00106350,62,10,52
S00106351,108,27,81
S00106352,180,16,164
S00106353,131,31,100
S00106354,140,29,111
S00106355,130,28,102
S00106356,125,30,95
S00106357,106,42,64
S00106358,87,19,68
S00106359,192,41,151
S00106360,108,22,86
S00106361,87,22,65
S00106362,144,31,113
S00106363,57,17,40
S00106364,93,24,69
S00106365,107,22,85
S00106366,88,27,61
S00106367,71,9,62
S00106368,88,18,70
S00106369,82,31,51
S00106370,103,31,72
S00106371,78,44,34
S00106372,91,30,61
S00106373,222,52,170
S00106374,143,29,114
S00106375,117,17,100
S00106376,137,21,116
S00106377,113,13,100
S00106378,98,7,91
S00106379,116,19,97
S00106380,113,19,94
S00106381,95,23,72
S00106382,138,32,106
S00106383,147,33,114
S00106384,62,19,43
S00106385,180,39,141
S00106386,77,17,60
S00106387,162,38,124
S00106388,106,24,82
S00106389,70,16,54
S00106390,130,7,123
S00106391,59,23,36
S00106392,128,12,116
S00106393,81,19,62
S00106394,89,21,68
S00106395,131,37,94
S00106396,78,15,63
S00106397,152,31,121
S00106398,79,19,60
S00106399,109,23,86
S00106400,100,27,73
S00106401,96,29,67
S00106402,99,38,61
S00106403,59,42,17
S00106404,69,24,45
S00106405,78,14,64
S00106406,88,23,65
S00106407,129,25,104
S00106408,129,27,102
S00106409,97,33,64
S00106410,157,19,138
S00106411,52,5,47
S00106412,68,17,51
S00106413,91,29,62
S00106414,105,31,74
S00106415,131,22,109
S00106416,66,17,49
S00106417,69,23,46
S00106418,120,9,111
S00106419,78,22,56
S00106420,149,21,128
S00106421,141,36,105
S00106422,132,22,110
S00106423,147,27,120
S00106424,114,41,73
S00106425,155,37,118
S00106426,127,37,90
S00106427,130,27,103
S00106428,95,26,69
S00106429,149,41,108
S00106430,142,37,105
S00106431,128,9,119
S00106432,142,10,132
S00106433,84,24,60
S00106434,107,26,81
S00106435,109,20,89
S00106436,165,25,140
S00106437,146,22,124
S00106438,151,40,111
S00106439,90,19,71
S00106440,81,11,70
S00106441,141,30,111
S00106442,165,41,124
S00106443,149,33,116
S00106444,144,38,106
S00106445,156,26,130
S00106446,104,33,71
S00106447,87,12,75
S00106448,126,26,100
S00106449,143,30,113
S00106450,123,24,99
S00106451,116,17,99
S00106452,82,26,56
S00106453,131,30,101
S00106454,139,24,115
S00106455,86,19,67
S00106456,101,21,80
S00106457,180,23,157
S00106458,163,25,138
S00106459,99,15,84
S00106460,124,17,107
S00106461,102,20,82
S00106462,64,8,56
S00106463,107,23,84
S00106464,144,33,111
S00106465,95,11,84
S00106466,104,8,96
S00106467,153,23,130
S00106468,54,14,40
S00106469,156,34,122
S00106470,136,32,104
S00106471,121,14,107
S00106472,104,13,91
S00106473,156,27,129
S00106474,178,21,157
S00106475,138,14,124
S00106476,134,9,125
S00106477,157,9,148
S00106478,221,16,205
S00106479,179,18,161
S00106480,130,9,121
S00106481,99,20,79
S00106482,167,15,152
S00106483,92,10,82
S00106484,108,7,101
S00106485,123,17,106
S00106486,123,17,106
S00106487,143,18,125
S00106488,164,11,153
S00106489,164,27,137
S00106490,148,9,139
S00106491,101,15,86
S00106492,103,36,67
S00106493,108,23,85
S00106494,144,27,117
S00106495,124,33,91
S00106496,172,30,142
S00106497,159,31,128
S00106498,152,21,131
S00106499,50,11,39
S00106500,125,17,108
S00106501,152,35,117
S00106502,150,30,120
S00106503,173,19,154
S00106504,124,11,113
S00106505,173,19,154
S00106506,141,24,117
S00106507,121,11,110
S00106508,130,34,96
S00106509,125,32,93
S00106510,128,15,113
S00106511,137,19,118
S00106512,125,10,115
S00106513,105,27,78
S00106514,59,7,52
S00106515,95,5,90
S00106516,88,6,82
S00106517,78,10,68
S00106518,126,33,93
S00106519,88,10,78
S00106520,82,13,69
S00106521,60,11,49
S00106522,67,9,58
S00106523,81,4,77
S00106524,98,23,75
S00106525,117,22,95
S00106526,115,5,110
S00106527,85,8,77
S00106528,133,10,123
S00106529,76,7,69
S00106530,94,15,79
S00106531,101,15,86
S00106532,102,22,80
S00106533,159,21,138
S00106534,92,24,68
S00106535,84,6,78
S00106536,72,5,67
S00106537,53,8,45
S00106538,100,15,85
S00106539,62,13,49
S00106540,89,6,83
S00106541,76,9,67
S00106542,133,16,117
S00106543,110,10,100
S00106544,62,10,52
S00106545,87,23,64
S00106546,60,3,57
S00106547,125,5,120
S00106548,74,3,71
S00106549,124,12,112
S00106550,103,5,98
S00106551,90,9,81
S00106552,92,11,81
S00106553,68,8,60
S00106554,55,6,49
S00106555,94,13,81
S00106556,87,7,80
S00106557,99,20,79
S00106558,97,11,86
S00106559,101,14,87
S00106560,88,26,62
S00106561,109,11,98
S00106562,94,17,77
S00106563,58,10,48
S00106564,84,10,74
S00106565,103,25,78
S00106566,69,4,65
S00106567,79,15,64
S00106568,142,14,128
S00106569,170,16,154
S00106570,97,12,85
S00106571,69,18,51
S00106572,99,2,97
S00106573,138,4,134
S00106574,100,12,88
S00106575,70,7,63
S00106576,51,4,47
S00106577,69,3,66
S00106578,69,11,58
S00106579,60,8,52
S00106580,134,35,99
S00106581,86,17,69
S00106582,60,13,47
S00106583,117,13,104
S00106584,135,6,129
S00106585,119,5,114
S00106586,100,26,74
S00106587,85,30,55
S00106588,80,29,51
S00106589,102,13,89
S00106590,106,17,89
S00106591,121,9,112
S00106592,52,9,43
S00106593,85,6,79
S00106594,121,19,102
S00106595,61,6,55
S00106596,91,16,75
S00106597,93,10,83
S00106598,54,6,48
S00106599,72,46,26
S00106600,85,12,73
S00106601,80,4,76
S00106602,57,7,50
S00106603,90,16,74
S00106604,69,8,61
S00106605,79,14,65
S00106606,130,17,113
S00106607,56,8,48
S00106608,70,12,58
S00106609,66,10,56
S00106610,151,11,140
S00106611,173,11,162
S00106612,74,13,61
S00106613,107,29,78
S00106614,70,10,60
S00106615,140,19,121
S00106616,60,13,47
S00106617,50,15,35
S00106618,105,15,90
S00106619,127,25,102
S00106620,157,22,135
S00106621,104,13,91
S00106622,94,10,84
S00106623,119,14,105
S00106624,99,14,85
S00106625,65,7,58
S00106626,125,16,109
S00106627,55,3,52
S00106628,82,9,73
S00106629,105,35,70
S00106630,56,13,43
S00106631,157,29,128
S00106632,93,12,81
S00106633,105,11,94
S00106634,76,13,63
S00106635,106,16,90
S00106636,68,13,55
S00106637,144,15,129
S00106638,65,10,55
S00106639,100,22,78
S00106640,92,18,74
S00106641,93,20,73
S00106642,145,27,118
S00106643,189,39,150
S00106644,104,26,78
S00106645,73,25,48
S00106646,103,8,95
S00106647,102,12,90
S00106648,103,30,73
S00106649,115,17,98
S00106650,119,39,80
S00106651,90,10,80
S00106652,80,9,71
S00106653,124,29,95
S00106654,73,6,67
S00106655,56,11,45
S00106656,85,10,75
S00106657,168,28,140
S00106658,116,12,104
S00106659,70,9,61
S00106660,71,8,63
S00106661,205,150,55
S00106662,160,24,136
S00106663,123,31,92
S00106664,146,15,131
S00106665,114,28,86
S00106666,138,35,103
S00106667,90,11,79
S00106668,115,27,88
S00106669,86,11,75
S00106670,120,18,102
S00106671,64,22,42
S00106672,79,8,71
S00106673,94,18,76
S00106674,75,14,61
S00106675,90,7,83
S00106676,110,7,103
S00106677,88,20,68
S00106678,93,13,80
S00106679,105,14,91
S00106680,57,10,47
S00106681,103,11,92
S00106682,69,35,34
S00106683,113,28,85
S00106684,73,5,68
S00106685,58,8,50
S00106686,80,45,35
S00106687,66,23,43
S00106688,68,10,58
S00106689,70,13,57
S00106690,64,14,50
S00106691,91,11,80
S00106692,144,18,126
S00106693,86,29,57
S00106694,114,14,100
S00106695,107,21,86
S00106696,126,23,103
S00106697,101,13,88
S00106698,91,24,67
S00106699,107,26,81
S00106700,110,18,92
S00106701,89,20,69
S00106702,99,40,59
S00106703,128,23,105
S00106704,114,7,107
S00106705,57,13,44
S00106706,111,8,103
S00106707,60,8,52
S00106708,95,17,78
S00106709,71,8,63
S00106710,86,29,57
S00106711,157,21,136
S00106712,91,13,78
S00106713,95,8,87
S00106714,155,12,143
S00106715,65,7,58
S00106716,55,5,50
S00106717,99,14,85
S00106718,83,12,71
S00106719,95,23,72
S00106720,132,31,101
S00106721,174,47,127
S00106722,102,7,95
S00106723,71,11,60
S00106724,63,16,47
S00106725,127,15,112
S00106726,93,9,84
S00106727,82,13,69
S00106728,84,9,75
S00106729,62,7,55
S00106730,142,39,103
S00106731,73,11,62
S00106732,57,11,46
S00106733,70,21,49
S00106734,106,19,87
S00106735,85,29,56
S00106736,134,18,116
S00106737,108,6,102
S00106738,118,16,102
S00106739,149,37,112
S00106740,54,17,37
S00106741,67,15,52
S00106742,52,19,33
S00106743,135,50,85
S00106744,100,8,92
S00106745,68,4,64
S00106746,101,21,80
S00106747,75,9,66
S00106748,145,12,133
S00106749,78,9,69
S00106750,71,6,65
S00106751,85,14,71
S00106752,92,43,49
S00106753,116,24,92
S00106754,113,21,92
S00106755,82,12,70
S00106756,76,10,66
S00106757,61,9,52
S00106758,73,7,66
S00106759,71,7,64
S00106760,106,6,100
S00106761,60,9,51
S00106762,93,4,89
S00106763,87,9,78
S00106764,57,10,47
S00106765,60,4,56
S00106766,72,9,63
S00106767,79,17,62
S00106768,56,5,51
S00106769,91,48,43
S00106770,88,10,78
S00106771,111,9,102
S00106772,69,5,64
S00106773,80,12,68
S00106774,104,35,69
S00106775,67,16,51
S00106776,71,15,56
S00106777,75,30,45
S00106778,57,20,37
S00106779,92,27,65
S00106780,117,10,107
S00106781,56,3,53
S00106782,58,10,48
S00106783,103,12,91
S00106784,52,4,48
S00106785,56,3,53
S00106786,97,11,86
S00106787,114,8,106
S00106788,108,4,104
S00106789,75,4,71
S00106790,50,9,41
S00106791,110,14,96
S00106792,91,8,83
S00106793,65,46,19
S00106794,103,13,90
S00106795,95,11,84
S00106796,114,13,101
S00106797,59,7,52
S00106798,77,12,65
S00106799,63,6,57
S00106800,68,13,55
S00106801,70,16,54
S00106802,121,9,112
S00106803,89,11,78
S00106804,62,15,47
S00106805,80,8,72
S00106806,55,17,38
S00106807,83,25,58
S00106808,68,9,59
S00106809,72,8,64
S00106810,67,5,62
S00106811,50,7,43
S00106812,99,16,83
S00106813,59,14,45
S00106814,78,11,67
S00106815,69,7,62
S00106816,61,12,49
S00106817,73,19,54
S00106818,53,36,17
S00106819,108,10,98
S00106820,51,33,18
S00106821,100,20,80
S00106822,79,16,63
S00106823,99,6,93
S00106824,127,9,118
S00106825,123,9,114
S00106826,61,5,56
S00106827,76,7,69
S00106828,63,13,50
S00106829,111,25,86
S00106830,52,23,29
S00106831,99,32,67
S00106832,99,17,82
S00106833,91,28,63
S00106834,114,17,97
S00106835,55,11,44
S00106836,119,12,107
S00106837,70,14,56
S00106838,99,32,67
S00106839,118,30,88
S00106840,149,19,130
S00106841,142,13,129
S00106842,95,14,81
S00106843,72,15,57
S00106844,56,13,43
S00106845,69,20,49
S00106846,124,14,110
S00106847,85,6,79
S00106848,81,4,77
S00106849,140,14,126
S00106850,95,16,79
S00106851,126,13,113
S00106852,53,12,41
S00106853,146,19,127
S00106854,99,3,96
S00106855,86,13,73
S00106856,115,8,107
S00106857,96,8,88
S00106858,107,8,99
S00106859,60,8,52
S00106860,109,31,78
S00106861,115,28,87
S00106862,96,6,90
S00106863,124,20,104
S00106864,101,13,88
S00106865,133,14,119
S00106866,104,11,93
S00106867,142,19,123
S00106868,180,8,172
S00106869,84,13,71
S00106870,115,16,99
S00106871,478,28,450
S00106872,84,19,65
S00106873,268,35,233
S00106874,103,55,48
S00106875,68,4,64
S00106876,51,5,46
S00106877,105,24,81
S00106878,77,9,68
S00106879,181,9,172
S00106880,100,4,96
S00106881,89,4,85
S00106882,120,7,113
S00106883,169,13,156
S00106884,109,8,101
S00106885,96,5,91
S00106886,108,5,103
S00106887,61,2,59
S00106888,76,2,74
S00106889,51,6,45
S00106890,100,10,90
S00106891,106,29,77
S00106892,101,7,94
S00106893,129,8,121
S00106894,131,10,121
S00106895,82,7,75
S00106896,84,10,74
S00106897,97,9,88
S00106898,92,17,75
S00106899,60,13,47
S00106900,92,20,72
S00106901,66,5,61
S00106902,134,9,125
S00106903,78,6,72
S00106904,115,12,103
S00106905,86,6,80
S00106906,82,7,75
S00106907,103,10,93
S00106908,149,19,130
S00106909,118,6,112
S00106910,123,31,92
S00106911,132,44,88
S00106912,108,10,98
S00106913,106,9,97
S00106914,82,6,76
S00106915,83,12,71
S00106916,106,25,81
S00106917,304,18,286
S00106918,110,1,109
S00106919,318,12,306
S00106920,100,10,90
S00106921,138,24,114
S00106922,99,5,94
S00106923,95,11,84
S00106924,428,23,405
S00106925,139,15,124
S00106926,283,19,264
S00106927,101,22,79
S00106928,111,17,94
S00106929,58,7,51
S00106930,78,11,67
S00106931,177,6,171
S00106932,355,5,350
S00106933,80,11,69
S00106934,83,14,69
S00106935,96,7,89
S00106936,77,7,70
S00106937,78,43,35
S00106938,61,4,57
S00106939,68,6,62
S00106940,80,3,77
S00106941,58,4,54
S00106942,111,41,70
S00106943,61,9,52
S00106944,101,17,84
S00106945,86,8,78
S00106946,94,10,84
S00106947,103,8,95
S00106948,92,3,89
S00106949,115,8,107
S00106950,52,7,45
S00106951,91,12,79
S00106952,96,7,89
S00106953,79,10,69
S00106954,116,17,99
S00106955,54,13,41
S00106956,92,13,79
S00106957,137,14,123
S00106958,71,12,59
S00106959,138,19,119
S00106960,108,18,90
S00106961,108,13,95
S00106962,111,17,94
S00106963,135,11,124
S00106964,82,24,58
S00106965,122,22,100
S00106966,116,26,90
S00106967,82,22,60
S00106968,174,34,140
S00106969,142,16,126
S00106970,191,15,176
S00106971,132,35,97
S00106972,123,15,108
S00106973,152,30,122
S00106974,131,18,113
S00106975,133,21,112
S00106976,121,20,101
S00106977,121,12,109
S00106978,101,9,92
S00106979,65,41,24
S00106980,120,28,92
S00106981,104,17,87
S00106982,58,31,27
S00106983,79,24,55
S00106984,103,17,86
S00106985,122,58,64
S00106986,80,43,37
S00106987,91,28,63
S00106988,91,19,72
S00106989,52,14,38
S00106990,54,37,17
S00106991,87,14,73
S00106992,132,26,106
S00106993,77,12,65
S00106994,90,18,72
S00106995,141,37,104
S00106996,136,34,102
S00106997,67,11,56
S00106998,64,12,52
S00106999,118,45,73
S00107000,64,5,59
S00107001,90,26,64
S00107002,87,25,62
S00107003,84,32,52
S00107004,100,15,85
S00107005,130,25,105
S00107006,100,8,92
S00107007,62,8,54
S00107008,162,54,108
S00107009,54,7,47
S00107010,95,10,85
S00107011,72,17,55
S00107012,58,18,40
S00107013,148,27,121
S00107014,150,12,138
S00107015,136,17,119
S00107016,89,10,79
S00107017,66,14,52
S00107018,144,23,121
S00107019,110,13,97
S00107020,59,4,55
S00107021,80,8,72
S00107022,67,16,51
S00107023,69,6,63
S00107024,52,5,47
S00107025,87,6,81
S00107026,63,8,55
S00107027,121,12,109
S00107028,90,7,83
S00107029,75,7,68
S00107030,88,3,85
S00107031,99,8,91
S00107032,162,10,152
S00107033,88,2,86
S00107034,136,9,127
S00107035,91,3,88
S00107036,74,3,71
S00107037,140,3,137
S00107038,83,18,65
S00107039,84,11,73
S00107040,66,5,61
S00107041,91,6,85
S00107042,78,11,67
S00107043,113,33,80
S00107044,69,5,64
S00107045,95,2,93
S00107046,56,2,54
S00107047,130,9,121
S00107048,134,7,127
S00107049,91,11,80
S00107050,118,26,92
S00107051,132,23,109
S00107052,124,23,101
S00107053,134,31,103
S00107054,60,16,44
S00107055,125,16,109
S00107056,134,13,121
S00107057,69,7,62
S00107058,93,5,88
S00107059,86,10,76
S00107060,72,1,71
S00107061,136,17,119
S00107062,84,0,84
S00107063,86,28,58
S00107064,60,9,51
S00107065,121,7,114
S00107066,154,8,146
S00107067,65,24,41
S00107068,62,4,58
S00107069,108,4,104
S00107070,93,5,88
S00107071,92,4,88
S00107072,122,23,99
S00107073,53,24,29
S00107074,138,12,126
S00107075,183,61,122
S00107076,134,9,125
S00107077,114,39,75
S00107078,157,14,143
S00107079,66,6,60
S00107080,104,9,95
S00107081,103,7,96
S00107082,137,35,102
S00107083,126,11,115
S00107084,122,6,116
S00107085,88,6,82
S00107086,103,11,92
S00107087,111,8,103
S00107088,121,5,116
S00107089,108,39,69
S00107090,138,17,121
S00107091,66,7,59
S00107092,101,6,95
S00107093,85,8,77
S00107094,97,39,58
S00107095,88,7,81
S00107096,211,22,189
S00107097,107,9,98
S00107098,106,25,81
S00107099,107,5,102
S00107100,111,22,89
S00107101,74,13,61
S00107102,137,23,114
S00107103,133,16,117
S00107104,129,12,117
S00107105,102,23,79
S00107106,80,10,70
S00107107,204,12,192
S00107108,73,6,67
S00107109,68,6,62
S00107110,111,27,84
S00107111,111,9,102
S00107112,114,10,104
S00107113,66,7,59
S00107114,94,7,87
S00107115,74,7,67
S00107116,135,12,123
S00107117,88,3,85
S00107118,85,4,81
S00107119,109,7,102
S00107120,98,4,94
S00107121,54,7,47
S00107122,132,3,129
S00107123,59,4,55
S00107124,83,4,79
S00107125,70,4,66
S00107126,70,7,63
S00107127,123,8,115
S00107128,95,4,91
S00107129,176,6,170
S00107130,111,3,108
S00107131,81,4,77
S00107132,158,11,147
S00107133,75,6,69
S00107134,112,11,101
S00107135,121,8,113
S00107136,78,5,73
S00107137,51,6,45
S00107138,107,9,98
S00107139,132,8,124
S00107140,85,6,79
S00107141,74,4,70
S00107142,72,18,54
S00107143,79,6,73
S00107144,90,9,81
S00107145,74,5,69
S00107146,67,8,59
S00107147,56,3,53
S00107148,158,17,141
S00107149,77,11,66
S00107150,67,28,39
S00107151,54,15,39
S00107152,77,7,70
S00107153,73,6,67
S00107154,61,7,54
S00107155,89,14,75
S00107156,121,13,108
S00107157,111,5,106
S00107158,82,10,72
S00107159,86,17,69
S00107160,105,22,83
S00107161,103,40,63
S00107162,148,69,79
S00107163,103,23,80
S00107164,61,15,46
S00107165,162,23,139
S00107166,61,2,59
S00107167,56,8,48
S00107168,60,7,53
S00107169,89,24,65
S00107170,58,15,43
S00107171,117,36,81
S00107172,74,13,61
S00107173,94,25,69
S00107174,107,35,72
S00107175,140,43,97
S00107176,90,6,84
S00107177,76,14,62
S00107178,61,8,53
S00107179,88,13,75
S00107180,119,30,89
S00107181,63,15,48
S00107182,139,18,121
S00107183,54,20,34
S00107184,161,11,150
S00107185,134,11,123
S00107186,135,19,116
S00107187,185,33,152
S00107188,169,52,117
S00107189,75,14,61
S00107190,126,19,107
S00107191,93,20,73
S00107192,105,26,79
S00107193,65,12,53
S00107194,142,17,125
S00107195,57,25,32
S00107196,57,10,47
S00107197,59,11,48
S00107198,79,11,68
S00107199,139,7,132
S00107200,85,5,80
S00107201,89,29,60
S00107202,70,18,52
S00107203,155,58,97
S00107204,89,8,81
S00107205,65,20,45
S00107206,84,3,81
S00107207,84,34,50
S00107208,152,50,102
S00107209,104,10,94
S00107210,112,3,109
S00107211,89,6,83
S00107212,81,1,80
S00107213,98,14,84
S00107214,139,31,108
S00107215,200,14,186
S00107216,88,4,84
S00107217,122,6,116
S00107218,234,6,228
S00107219,148,8,140
S00107220,115,12,103
S00107221,76,15,61
S00107222,108,9,99
S00107223,131,29,102
S00107224,81,11,70
S00107225,66,42,24
S00107226,73,9,64
S00107227,104,19,85
S00107228,257,33,224
S00107229,58,6,52
S00107230,113,22,91
S00107231,194,41,153
S00107232,88,11,77
S00107233,134,31,103
S00107234,99,9,90
S00107235,82,4,78
S00107236,91,26,65
S00107237,149,12,137
S00107238,150,12,138
S00107239,100,7,93
S00107240,94,7,87
S00107241,154,5,149
S00107242,115,17,98
S00107243,98,10,88
S00107244,83,8,75
S00107245,136,5,131
S00107246,138,11,127
S00107247,155,15,140
S00107248,155,10,145
S00107249,133,25,108
S00107250,98,14,84
S00107251,97,42,55
S00107252,82,5,77
S00107253,175,54,121
S00107254,97,20,77
S00107255,62,10,52
S00107256,165,21,144
S00107257,83,12,71
S00107258,60,29,31
S00107259,101,15,86
S00107260,54,29,25
S00107261,109,36,73
S00107262,63,13,50
S00107263,56,6,50
S00107264,105,15,90
S00107265,97,14,83
S00107266,86,12,74
S00107267,111,10,101
S00107268,138,16,122
S00107269,80,5,75
S00107270,149,11,138
S00107271,137,11,126
S00107272,99,6,93
S00107273,69,12,57
S00107274,60,37,23
S00107275,84,17,67
S00107276,125,12,113
S00107277,81,8,73
S00107278,139,15,124
S00107279,77,10,67
S00107280,128,16,112
S00107281,351,202,149
S00107282,138,11,127
S00107283,63,5,58
S00107284,143,9,134
S00107285,121,7,114
S00107286,162,20,142
S00107287,82,9,73
S00107288,129,23,106
S00107289,115,9,106
S00107290,78,11,67
S00107291,115,19,96
S00107292,110,8,102
S00107293,95,6,89
S00107294,192,11,181
S00107295,164,4,160
S00107296,178,14,164
S00107297,185,8,177
S00107298,92,7,85
S00107299,112,2,110
S00107300,92,7,85
S00107301,153,10,143
S00107302,91,4,87
S00107303,76,1,75
S00107304,87,10,77
S00107305,104,4,100
S00107306,56,2,54
S00107307,79,8,71
S00107308,197,8,189
S00107309,126,6,120
S00107310,121,9,112
S00107311,108,16,92
S00107312,75,6,69
S00107313,149,11,138
S00107314,57,6,51
S00107315,88,33,55
S00107316,71,10,61
S00107317,91,5,86
S00107318,124,31,93
S00107319,78,15,63
S00107320,94,19,75
S00107321,75,13,62
S00107322,127,30,97
S00107323,66,2,64
S00107324,127,23,104
S00107325,124,13,111
S00107326,131,3,128
S00107327,134,23,111
S00107328,97,8,89
S00107329,64,3,61
S00107330,108,16,92
S00107331,77,7,70
S00107332,98,3,95
S00107333,99,2,97
S00107334,139,5,134
S00107335,71,6,65
S00107336,68,10,58
S00107337,113,9,104
S00107338,105,23,82
S00107339,67,1,66
S00107340,98,4,94
S00107341,118,6,112
S00107342,69,1,68
S00107343,106,32,74
S00107344,167,26,141
S00107345,85,28,57
S00107346,62,19,43
S00107347,87,25,62
S00107348,74,3,71
S00107349,108,68,40
S00107350,132,37,95
S00107351,57,15,42
S00107352,50,22,28
S00107353,86,32,54
S00107354,123,28,95
S00107355,101,27,74
S00107356,107,29,78
S00107357,125,19,106
S00107358,60,10,50
S00107359,55,14,41
S00107360,107,23,84
S00107361,99,17,82
S00107362,92,13,79
S00107363,99,9,90
S00107364,97,5,92
S00107365,97,13,84
S00107366,115,15,100
S00107367,76,41,35
S00107368,80,52,28
S00107369,78,9,69
S00107370,117,10,107
S00107371,72,11,61
S00107372,113,9,104
S00107373,134,9,125
S00107374,126,15,111
S00107375,93,4,89
S00107376,107,5,102
S00107377,71,0,71
S00107378,58,5,53
S00107379,79,10,69
S00107380,59,7,52
S00107381,117,20,97
S00107382,121,21,100
S00107383,65,9,56
S00107384,194,112,82
S00107385,104,13,91
S00107386,110,6,104
S00107387,55,9,46
S00107388,107,18,89
S00107389,63,11,52
S00107390,87,14,73
S00107391,119,19,100
S00107392,82,10,72
S00107393,110,8,102
S00107394,133,17,116
S00107395,92,5,87
S00107396,145,20,125
S00107397,54,6,48
S00107398,113,15,98
S00107399,56,7,49
S00107400,92,7,85
S00107401,73,5,68
S00107402,183,16,167
S00107403,126,11,115
S00107404,82,14,68
S00107405,117,12,105
S00107406,111,11,100
S00107407,156,17,139
S00107408,122,26,96
S00107409,169,13,156
S00107410,115,19,96
S00107411,146,5,141
S00107412,83,31,52
S00107413,98,23,75
S00107414,64,13,51
S00107415,92,25,67
S00107416,84,13,71
S00107417,145,20,125
S00107418,83,56,27
S00107419,265,8,257
S00107420,202,32,170
S00107421,124,12,112
S00107422,267,11,256
S00107423,125,17,108
S00107424,74,12,62
S00107425,66,9,57
S00107426,88,11,77
S00107427,145,12,133
S00107428,85,10,75
S00107429,72,27,45
S00107430,106,27,79
S00107431,121,28,93
S00107432,122,36,86
S00107433,104,22,82
S00107434,54,5,49
S00107435,160,11,149
S00107436,125,10,115
S00107437,101,5,96
S00107438,211,52,159
S00107439,82,26,56
S00107440,165,37,128
S00107441,190,38,152
S00107442,57,12,45
S00107443,105,28,77
S00107444,279,34,245
S00107445,66,7,59
S00107446,68,6,62
S00107447,60,12,48
S00107448,181,28,153
S00107449,122,21,101
S00107450,150,18,132
S00107451,113,14,99
S00107452,110,13,97
S00107453,150,21,129
S00107454,223,18,205
S00107455,82,20,62
S00107456,80,14,66
S00107457,115,14,101
S00107458,140,14,126
S00107459,125,30,95
S00107460,95,13,82
S00107461,85,11,74
S00107462,88,13,75
S00107463,179,20,159
S00107464,132,18,114
S00107465,143,9,134
S00107466,164,22,142
S00107467,84,6,78
S00107468,64,20,44
S00107469,91,19,72
S00107470,82,16,66
S00107471,114,14,100
S00107472,93,14,79
S00107473,99,14,85
S00107474,92,8,84
S00107475,119,13,106
S00107476,92,30,62
S00107477,54,39,15
S00107478,96,17,79
S00107479,123,10,113
S00107480,94,19,75
S00107481,111,12,99
S00107482,145,29,116
S00107483,150,13,137
S00107484,79,14,65
S00107485,114,51,63
S00107486,68,43,25
S00107487,139,17,122
S00107488,256,103,153
S00107489,122,19,103
S00107490,88,24,64
S00107491,143,29,114
S00107492,93,15,78
S00107493,148,32,116
S00107494,70,22,48
S00107495,93,20,73
S00107496,189,42,147
S00107497,106,29,77
S00107498,66,22,44
S00107499,114,41,73
S00107500,109,18,91
S00107501,160,34,126
S00107502,54,18,36
S00107503,127,23,104
S00107504,80,24,56
S00107505,166,29,137
S00107506,109,27,82
S00107507,162,22,140
S00107508,153,15,138
S00107509,130,17,113
S00107510,69,18,51
S00107511,102,16,86
S00107512,141,65,76
S00107513,90,23,67
S00107514,144,36,108
S00107515,69,3,66
S00107516,85,9,76
S00107517,92,37,55
S00107518,187,22,165
S00107519,100,13,87
S00107520,197,13,184
S00107521,136,12,124
S00107522,126,13,113
S00107523,187,15,172
S00107524,173,43,130
S00107525,160,10,150
S00107526,111,13,98
S00107527,61,20,41
S00107528,79,8,71
S00107529,100,11,89
S00107530,200,24,176
S00107531,109,9,100
S00107532,117,11,106
S00107533,126,15,111
S00107534,179,7,172
S00107535,148,25,123
S00107536,89,8,81
S00107537,117,32,85
S00107538,67,27,40
S00107539,82,17,65
S00107540,119,12,107
S00107541,127,17,110
S00107542,157,16,141
S00107543,154,19,135
S00107544,141,18,123
S00107545,103,10,93
S00107546,147,19,128
S00107547,155,16,139
S00107548,86,38,48
S00107549,68,8,60
S00107550,164,16,148
S00107551,57,5,52
S00107552,170,31,139
S00107553,66,3,63
S00107554,153,10,143
S00107555,146,23,123
S00107556,95,21,74
S00107557,112,14,98
S00107558,121,16,105
S00107559,151,18,133
S00107560,116,17,99
S00107561,148,28,120
S00107562,89,21,68
S00107563,150,28,122
S00107564,68,9,59
S00107565,136,13,123
S00107566,142,20,122
S00107567,63,12,51
S00107568,123,20,103
S00107569,156,40,116
S00107570,247,7,240
S00107571,181,17,164
S00107572,87,9,78
S00107573,176,7,169
S00107574,166,25,141
S00107575,108,12,96
S00107576,133,22,111
S00107577,109,14,95
S00107578,164,7,157
S00107579,144,12,132
S00107580,85,23,62
S00107581,73,16,57
S00107582,156,27,129
S00107583,118,19,99
S00107584,74,8,66
S00107585,87,11,76
S00107586,151,36,115
S00107587,65,11,54
S00107588,94,11,83
S00107589,117,23,94
S00107590,122,15,107
S00107591,80,14,66
S00107592,98,11,87
S00107593,140,22,118
S00107594,128,9,119
S00107595,86,5,81
S00107596,82,4,78
S00107597,108,4,104
S00107598,73,27,46
S00107599,125,13,112
S00107600,93,8,85
S00107601,125,21,104
S00107602,102,10,92
S00107603,145,7,138
S00107604,263,22,241
S00107605,261,18,243
S00107606,145,11,134
S00107607,104,51,53
S00107608,104,51,53
S00107609,100,44,56
S00107610,145,41,104
S00107611,111,26,85
S00107612,88,12,76
S00107613,176,19,157
S00107614,84,14,70
S00107615,92,17,75
S00107616,94,7,87
S00107617,199,14,185
S00107618,98,7,91
S00107619,190,18,172
S00107620,105,11,94
S00107621,89,20,69
S00107622,87,28,59
S00107623,79,6,73
S00107624,103,16,87
S00107625,121,20,101
S00107626,112,15,97
S00107627,101,14,87
S00107628,153,16,137
S00107629,76,16,60
S00107630,113,30,83
S00107631,130,16,114
S00107632,117,22,95
S00107633,123,20,103
S00107634,85,11,74
S00107635,132,14,118
S00107636,98,6,92
S00107637,147,10,137
S00107638,102,13,89
S00107639,70,11,59
S00107640,89,16,73
S00107641,159,40,119
S00107642,124,22,102
S00107643,145,36,109
S00107644,253,13,240
S00107645,224,10,214
S00107646,86,12,74
S00107647,99,24,75
S00107648,87,14,73
S00107649,111,40,71
S00107650,137,12,125
S00107651,221,13,208
S00107652,137,13,124
S00107653,124,19,105
S00107654,110,34,76
S00107655,61,8,53
S00107656,107,10,97
S00107657,199,12,187
S00107658,132,8,124
S00107659,77,9,68
S00107660,72,20,52
S00107661,126,34,92
S00107662,223,15,208
S00107663,213,65,148
S00107664,207,6,201
S00107665,180,10,170
S00107666,140,13,127
S00107667,175,10,165
S00107668,211,6,205
S00107669,173,12,161
S00107670,130,6,124
S00107671,151,10,141
S00107672,84,6,78
S00107673,121,15,106
S00107674,130,23,107
S00107675,113,41,72
S00107676,169,49,120
S00107677,112,19,93
S00107678,79,23,56
S00107679,127,31,96
S00107680,118,20,98
S00107681,145,35,110
S00107682,88,16,72
S00107683,67,13,54
S00107684,140,23,117
S00107685,128,45,83
S00107686,87,17,70
S00107687,157,44,113
S00107688,117,26,91
S00107689,157,38,119
S00107690,98,31,67
S00107691,111,37,74
S00107692,124,25,99
S00107693,81,22,59
S00107694,172,23,149
S00107695,172,31,141
S00107696,114,21,93
S00107697,85,23,62
S00107698,123,30,93
S00107699,144,17,127
S00107700,169,42,127
S00107701,171,42,129
S00107702,103,17,86
S00107703,59,12,47
S00107704,92,10,82
S00107705,54,24,30
S00107706,103,20,83
S00107707,89,10,79
S00107708,116,24,92
S00107709,116,22,94
S00107710,92,31,61
S00107711,84,13,71
S00107712,83,8,75
S00107713,156,23,133
S00107714,185,30,155
S00107715,128,32,96
S00107716,165,31,134
S00107717,209,20,189
S00107718,122,16,106
S00107719,133,29,104
S00107720,96,27,69
S00107721,120,33,87
S00107722,97,37,60
S00107723,94,21,73
S00107724,129,28,101
S00107725,124,36,88
S00107726,91,31,60
S00107727,114,21,93
S00107728,113,5,108
S00107729,202,23,179
S00107730,105,33,72
S00107731,141,26,115
S00107732,103,17,86
S00107733,74,11,63
S00107734,78,12,66
S00107735,165,20,145
S00107736,68,9,59
S00107737,102,9,93
S00107738,56,37,19
S00107739,56,29,27
S00107740,51,32,19
S00107741,50,30,20
S00107742,53,32,21
S00107743,51,23,28
S00107744,54,31,23
S00107745,53,25,28
S00107746,57,29,28
S00107747,53,35,18
S00107748,53,30,23
S00107749,56,35,21
S00107750,53,32,21
S00107751,51,25,26
S00107752,70,22,48
S00107753,53,8,45
S00107754,151,29,122
S00107755,55,13,42
S00107756,106,25,81
S00107757,154,39,115
S00107758,136,27,109
S00107759,70,24,46
S00107760,98,11,87
S00107761,150,28,122
S00107762,102,12,90
S00107763,145,28,117
S00107764,107,19,88
S00107765,129,29,100
S00107766,148,38,110
S00107767,227,55,172
S00107768,173,36,137
S00107769,129,23,106
S00107770,95,28,67
S00107771,97,32,65
S00107772,130,31,99
S00107773,177,39,138
S00107774,141,26,115
S00107775,120,26,94
S00107776,85,20,65
S00107777,178,42,136
S00107778,127,23,104
S00107779,160,58,102
S00107780,143,36,107
S00107781,71,30,41
S00107782,82,29,53
S00107783,73,22,51
S00107784,61,20,41
S00107785,113,27,86
S00107786,153,82,71
S00107787,124,43,81
S00107788,120,22,98
S00107789,114,29,85
S00107790,146,46,100
S00107791,115,39,76
S00107792,95,32,63
S00107793,128,32,96
S00107794,122,43,79
S00107795,120,23,97
S00107796,88,27,61
S00107797,79,10,69
S00107798,100,16,84
S00107799,59,41,18
S00107800,117,43,74
S00107801,93,8,85
S00107802,63,20,43
S00107803,50,30,20
S00107804,111,22,89
S00107805,162,46,116
S00107806,128,28,100
S00107807,55,12,43
S00107808,61,9,52
S00107809,83,17,66
S00107810,96,21,75
S00107811,160,28,132
S00107812,159,29,130
S00107813,120,25,95
S00107814,94,14,80
S00107815,93,21,72
S00107816,121,17,104
S00107817,91,16,75
S00107818,117,17,100
S00107819,84,25,59
S00107820,84,14,70
S00107821,114,15,99
S00107822,91,22,69
S00107823,98,23,75
S00107824,115,14,101
S00107825,91,8,83
S00107826,111,24,87
S00107827,99,28,71
S00107828,131,9,122
S00107829,102,20,82
S00107830,98,16,82
S00107831,125,19,106
S00107832,98,17,81
S00107833,151,37,114
S00107834,79,45,34
S00107835,66,7,59
S00107836,132,53,79
S00107837,97,15,82
S00107838,140,35,105
S00107839,142,29,113
S00107840,178,20,158
S00107841,106,15,91
S00107842,110,11,99
S00107843,128,29,99
S00107844,83,13,70
S00107845,70,10,60
S00107846,95,13,82
S00107847,102,28,74
S00107848,109,10,99
S00107849,155,38,117
S00107850,102,15,87
S00107851,106,26,80
S00107852,115,21,94
S00107853,107,23,84
S00107854,136,24,112
S00107855,77,11,66
S00107856,124,18,106
S00107857,99,13,86
S00107858,81,18,63
S00107859,93,30,63
S00107860,88,21,67
S00107861,86,30,56
S00107862,80,25,55
S00107863,121,19,102
S00107864,114,21,93
S00107865,119,18,101
S00107866,96,15,81
S00107867,140,44,96
S00107868,56,19,37
S00107869,135,31,104
S00107870,141,30,111
S00107871,92,25,67
S00107872,99,27,72
S00107873,85,13,72
S00107874,111,27,84
S00107875,86,22,64
S00107876,59,22,37
S00107877,116,30,86
S00107878,58,21,37
S00107879,67,11,56
S00107880,148,23,125
S00107881,71,18,53
S00107882,61,17,44
S00107883,92,19,73
S00107884,125,24,101
S00107885,123,29,94
S00107886,154,43,111
S00107887,140,8,132
S00107888,148,9,139
S00107889,163,32,131
S00107890,83,55,28
S00107891,91,31,60
S00107892,85,29,56
S00107893,97,29,68
S00107894,70,10,60
S00107895,74,22,52
S00107896,60,18,42
S00107897,98,15,83
S00107898,50,14,36
S00107899,72,15,57
S00107900,64,18,46
S00107901,88,33,55
S00107902,72,20,52
S00107903,108,22,86
S00107904,93,19,74
S00107905,127,38,89
S00107906,80,10,70
S00107907,85,11,74
S00107908,65,7,58
S00107909,144,22,122
S00107910,122,11,111
S00107911,90,23,67
S00107912,129,18,111
S00107913,76,19,57
S00107914,132,33,99
S00107915,76,19,57
S00107916,110,25,85
S00107917,74,27,47
S00107918,131,15,116
S00107919,109,16,93
S00107920,67,22,45
S00107921,51,9,42
S00107922,127,13,114
S00107923,140,27,113
S00107924,102,17,85
S00107925,107,22,85
S00107926,114,21,93
S00107927,101,26,75
S00107928,184,25,159
S00107929,178,38,140
S00107930,172,32,140
S00107931,123,35,88
S00107932,99,20,79
S00107933,120,26,94
S00107934,129,40,89
S00107935,106,33,73
S00107936,99,43,56
S00107937,135,12,123
S00107938,100,28,72
S00107939,179,53,126
S00107940,108,35,73
S00107941,100,46,54
S00107942,168,14,154
S00107943,123,6,117
S00107944,129,8,121
S00107945,78,3,75
S00107946,68,2,66
S00107947,107,4,103
S00107948,139,29,110
S00107949,88,10,78
S00107950,75,3,72
S00107951,148,38,110
S00107952,108,27,81
S00107953,91,16,75
S00107954,118,35,83
S00107955,93,16,77
S00107956,70,17,53
S00107957,96,22,74
S00107958,79,31,48
S00107959,127,35,92
S00107960,175,41,134
S00107961,88,30,58
S00107962,94,25,69
S00107963,113,24,89
S00107964,124,43,81
S00107965,109,27,82
S00107966,83,26,57
S00107967,134,27,107
S00107968,121,30,91
S00107969,149,32,117
S00107970,84,17,67
S00107971,109,20,89
S00107972,119,34,85
S00107973,94,18,76
S00107974,99,23,76
S00107975,74,21,53
S00107976,60,11,49
S00107977,97,39,58
S00107978,56,19,37
S00107979,91,24,67
S00107980,76,25,51
S00107981,96,24,72
S00107982,92,34,58
S00107983,117,26,91
S00107984,125,39,86
S00107985,96,35,61
S00107986,106,30,76
S00107987,76,19,57
S00107988,83,29,54
S00107989,94,20,74
S00107990,101,22,79
S00107991,127,29,98
S00107992,109,32,77
S00107993,101,21,80
S00107994,102,31,71
S00107995,96,9,87
S00107996,107,26,81
S00107997,100,22,78
S00107998,104,22,82
S00107999,102,26,76
S00108000,60,12,48
S00108001,164,41,123
S00108002,89,14,75
S00108003,124,41,83
S00108004,168,41,127
S00108005,116,17,99
S00108006,101,19,82
S00108007,107,29,78
S00108008,60,16,44
S00108009,118,21,97
S00108010,120,30,90
S00108011,126,23,103
S00108012,120,22,98
S00108013,104,24,80
S00108014,104,29,75
S00108015,109,24,85
S00108016,87,16,71
S00108017,125,35,90
S00108018,127,37,90
S00108019,146,35,111
S00108020,134,32,102
S00108021,107,29,78
S00108022,78,22,56
S00108023,132,22,110
S00108024,116,30,86
S00108025,105,39,66
S00108026,170,31,139
S00108027,81,32,49
S00108028,111,14,97
S00108029,101,38,63
S00108030,182,17,165
S00108031,119,22,97
S00108032,78,16,62
S00108033,96,15,81
S00108034,91,23,68
S00108035,137,19,118
S00108036,62,16,46
S00108037,132,31,101
S00108038,101,32,69
S00108039,102,28,74
S00108040,181,33,148
S00108041,84,24,60
S00108042,116,31,85
S00108043,158,36,122
S00108044,57,22,35
S00108045,104,31,73
S00108046,117,18,99
S00108047,140,25,115
S00108048,144,17,127
S00108049,95,33,62
S00108050,100,24,76
S00108051,70,22,48
S00108052,147,26,121
S00108053,143,15,128
S00108054,120,34,86
S00108055,91,13,78
S00108056,132,27,105
S00108057,177,33,144
S00108058,80,33,47
S00108059,115,23,92
S00108060,103,21,82
S00108061,130,26,104
S00108062,116,26,90
S00108063,54,22,32
S00108064,93,37,56
S00108065,51,17,34
S00108066,136,35,101
S00108067,92,15,77
S00108068,79,23,56
S00108069,74,25,49
S00108070,64,9,55
S00108071,64,12,52
S00108072,78,12,66
S00108073,84,24,60
S00108074,113,26,87
S00108075,94,30,64
S00108076,92,18,74
S00108077,128,20,108
S00108078,124,32,92
S00108079,117,36,81
S00108080,128,34,94
S00108081,103,19,84
S00108082,167,30,137
S00108083,102,19,83
S00108084,91,18,73
S00108085,116,24,92
S00108086,118,16,102
S00108087,132,33,99
S00108088,146,9,137
S00108089,56,17,39
S00108090,117,18,99
S00108091,109,31,78
S00108092,163,42,121
S00108093,91,19,72
S00108094,96,16,80
S00108095,60,22,38
S00108096,145,28,117
S00108097,95,31,64
S00108098,92,24,68
S00108099,68,24,44
S00108100,109,26,83
S00108101,117,28,89
S00108102,102,19,83
S00108103,95,29,66
S00108104,126,25,101
S00108105,122,20,102
S00108106,108,21,87
S00108107,96,27,69
S00108108,113,13,100
S00108109,60,11,49
S00108110,117,30,87
S00108111,90,14,76
S00108112,111,26,85
S00108113,83,20,63
S00108114,142,31,111
S00108115,104,21,83
S00108116,165,35,130
S00108117,134,35,99
S00108118,135,45,90
S00108119,66,14,52
S00108120,88,21,67
S00108121,85,22,63
S00108122,127,15,112
S00108123,126,21,105
S00108124,68,13,55
S00108125,62,4,58
S00108126,79,14,65
S00108127,121,31,90
S00108128,105,37,68
S00108129,126,23,103
S00108130,116,32,84
S00108131,105,28,77
S00108132,102,30,72
S00108133,165,8,157
S00108134,67,23,44
S00108135,89,17,72
S00108136,103,19,84
S00108137,63,14,49
S00108138,178,21,157
S00108139,148,53,95
S00108140,96,24,72
S00108141,115,20,95
S00108142,120,22,98
S00108143,190,23,167
S00108144,101,16,85
S00108145,130,18,112
S00108146,152,14,138
S00108147,187,9,178
S00108148,154,6,148
S00108149,264,11,253
S00108150,141,11,130
S00108151,95,19,76
S00108152,108,14,94
S00108153,126,39,87
S00108154,194,32,162
S00108155,163,36,127
S00108156,129,40,89
S00108157,118,12,106
S00108158,100,20,80
S00108159,157,30,127
S00108160,142,23,119
S00108161,94,19,75
S00108162,130,17,113
S00108163,110,18,92
S00108164,169,29,140
S00108165,91,14,77
S00108166,118,15,103
S00108167,133,66,67
S00108168,170,35,135
S00108169,106,19,87
S00108170,147,58,89
S00108171,74,18,56
S00108172,99,31,68
S00108173,93,29,64
S00108174,83,12,71
S00108175,123,12,111
S00108176,81,4,77
S00108177,132,32,100
S00108178,152,55,97
S00108179,127,12,115
S00108180,126,27,99
S00108181,184,24,160
S00108182,127,11,116
S00108183,115,17,98
S00108184,106,12,94
S00108185,136,17,119
S00108186,148,28,120
S00108187,145,22,123
S00108188,142,22,120
S00108189,53,8,45
S00108190,95,40,55
S00108191,116,18,98
S00108192,117,26,91
S00108193,64,10,54
S00108194,199,19,180
S00108195,78,10,68
S00108196,84,15,69
S00108197,132,25,107
S00108198,110,15,95
S00108199,112,3,109
S00108200,55,28,27
S00108201,113,26,87
S00108202,103,20,83
S00108203,123,35,88
S00108204,120,26,94
S00108205,110,18,92
S00108206,145,36,109
S00108207,148,41,107
S00108208,63,23,40
S00108209,56,14,42
S00108210,116,38,78
S00108211,109,28,81
S00108212,102,33,69
S00108213,93,13,80
S00108214,71,9,62
S00108215,68,17,51
S00108216,104,10,94
S00108217,190,27,163
S00108218,91,24,67
S00108219,105,12,93
S00108220,154,57,97
S00108221,175,26,149
S00108222,64,28,36
S00108223,55,21,34
S00108224,91,22,69
S00108225,151,19,132
S00108226,96,20,76
S00108227,112,24,88
S00108228,112,12,100
S00108229,120,14,106
S00108230,157,26,131
S00108231,96,19,77
S00108232,91,22,69
S00108233,154,48,106
S00108234,123,25,98
S00108235,110,31,79
S00108236,108,21,87
S00108237,190,46,144
S00108238,217,55,162
S00108239,143,16,127
S00108240,119,21,98
S00108241,128,34,94
S00108242,136,30,106
S00108243,148,36,112
S00108244,153,40,113
S00108245,188,34,154
S00108246,100,31,69
S00108247,179,46,133
S00108248,124,21,103
S00108249,152,22,130
S00108250,106,27,79
S00108251,175,27,148
S00108252,93,29,64
S00108253,133,6,127
S00108254,177,6,171
S00108255,135,7,128
S00108256,112,30,82
S00108257,178,7,171
S00108258,186,104,82
S00108259,89,34,55
S00108260,122,19,103
S00108261,117,26,91
S00108262,125,12,113
S00108263,113,39,74
S00108264,131,24,107
S00108265,89,26,63
S00108266,113,19,94
S00108267,56,10,46
S00108268,52,10,42
S00108269,102,47,55
S00108270,122,15,107
S00108271,125,17,108
S00108272,137,35,102
S00108273,144,15,129
S00108274,121,20,101
S00108275,139,28,111
S00108276,89,23,66
S00108277,131,43,88
S00108278,141,44,97
S00108279,123,27,96
S00108280,143,25,118
S00108281,134,41,93
S00108282,108,34,74
S00108283,84,19,65
S00108284,141,38,103
S00108285,156,27,129
S00108286,142,24,118
S00108287,149,13,136
S00108288,141,21,120
S00108289,61,18,43
S00108290,86,23,63
S00108291,82,7,75
S00108292,102,7,95
S00108293,108,19,89
S00108294,131,21,110
S00108295,100,23,77
S00108296,118,18,100
S00108297,108,25,83
S00108298,70,21,49
S00108299,95,17,78
S00108300,192,25,167
S00108301,127,36,91
S00108302,86,14,72
S00108303,87,15,72
S00108304,132,13,119
S00108305,198,20,178
S00108306,101,10,91
S00108307,131,13,118
S00108308,102,11,91
S00108309,130,11,119
S00108310,88,10,78
S00108311,91,14,77
S00108312,106,10,96
S00108313,119,21,98
S00108314,148,44,104
S00108315,176,39,137
S00108316,99,30,69
S00108317,112,25,87
S00108318,131,28,103
S00108319,137,37,100
S00108320,115,24,91
S00108321,103,28,75
S00108322,124,27,97
S00108323,155,28,127
S00108324,145,44,101
S00108325,77,15,62
S00108326,186,35,151
S00108327,114,23,91
S00108328,78,18,60
S00108329,123,25,98
S00108330,136,23,113
S00108331,147,30,117
S00108332,140,27,113
S00108333,161,38,123
S00108334,69,19,50
S00108335,117,30,87
S00108336,132,24,108
S00108337,89,35,54
S00108338,172,21,151
S00108339,218,13,205
S00108340,103,11,92
S00108341,102,14,88
S00108342,129,20,109
S00108343,144,71,73
S00108344,62,21,41
S00108345,83,20,63
S00108346,165,38,127
S00108347,149,48,101
S00108348,167,33,134
S00108349,147,36,111
S00108350,118,29,89
S00108351,108,13,95
S00108352,113,24,89
S00108353,67,26,41
S00108354,104,35,69
S00108355,58,12,46
S00108356,70,29,41
S00108357,111,22,89
S00108358,103,25,78
S00108359,162,37,125
S00108360,147,22,125
S00108361,121,29,92
S00108362,119,26,93
S00108363,172,54,118
S00108364,144,38,106
S00108365,161,51,110
S00108366,173,43,130
S00108367,158,46,112
S00108368,99,25,74
S00108369,130,37,93
S00108370,103,26,77
S00108371,142,26,116
S00108372,93,10,83
S00108373,129,10,119
S00108374,61,15,46
S00108375,102,24,78
S00108376,63,4,59
S00108377,148,15,133
S00108378,155,30,125
S00108379,174,16,158
S00108380,135,31,104
S00108381,128,12,116
S00108382,127,15,112
S00108383,119,38,81
S00108384,105,10,95
S00108385,131,35,96
S00108386,110,22,88
S00108387,104,16,88
S00108388,191,31,160
S00108389,108,16,92
S00108390,77,24,53
S00108391,120,12,108
S00108392,106,22,84
S00108393,104,24,80
S00108394,89,12,77
S00108395,99,23,76
S00108396,165,9,156
S00108397,122,12,110
S00108398,172,45,127
S00108399,135,29,106
S00108400,140,25,115
S00108401,140,33,107
S00108402,118,21,97
S00108403,126,3,123
S00108404,106,12,94
S00108405,68,19,49
S00108406,134,28,106
S00108407,81,24,57
S00108408,81,24,57
S00108409,162,36,126
S00108410,145,32,113
S00108411,98,18,80
S00108412,200,59,141
S00108413,198,53,145
S00108414,156,41,115
S00108415,98,25,73
S00108416,152,22,130
S00108417,87,24,63
S00108418,86,33,53
S00108419,109,32,77
S00108420,150,33,117
S00108421,122,25,97
S00108422,70,16,54
S00108423,50,6,44
S00108424,50,14,36
S00108425,94,19,75
S00108426,99,22,77
S00108427,61,8,53
S00108428,69,15,54
S00108429,174,30,144
S00108430,117,32,85
S00108431,160,36,124
S00108432,130,21,109
S00108433,116,32,84
S00108434,112,20,92
S00108435,120,17,103
S00108436,151,34,117
S00108437,108,25,83
S00108438,150,28,122
S00108439,65,14,51
S00108440,82,27,55
S00108441,116,17,99
S00108442,144,16,128
S00108443,132,35,97
S00108444,86,15,71
S00108445,70,8,62
S00108446,102,26,76
S00108447,158,19,139
S00108448,175,30,145
S00108449,188,27,161
S00108450,157,27,130
S00108451,170,28,142
S00108452,100,23,77
S00108453,113,25,88
S00108454,116,22,94
S00108455,116,24,92
S00108456,107,16,91
S00108457,169,39,130
S00108458,159,28,131
S00108459,119,30,89
S00108460,160,34,126
S00108461,139,28,111
S00108462,130,23,107
S00108463,157,24,133
S00108464,157,21,136
S00108465,106,20,86
S00108466,186,25,161
S00108467,96,25,71
S00108468,131,18,113
S00108469,165,26,139
S00108470,132,26,106
S00108471,112,37,75
S00108472,152,30,122
S00108473,79,29,50
S00108474,118,19,99
S00108475,97,19,78
S00108476,156,36,120
S00108477,81,24,57
S00108478,50,9,41
S00108479,89,24,65
S00108480,84,25,59
S00108481,121,16,105
S00108482,120,23,97
S00108483,104,19,85
S00108484,94,17,77
S00108485,72,24,48
S00108486,120,17,103
S00108487,97,15,82
S00108488,117,30,87
S00108489,86,14,72
S00108490,169,10,159
S00108491,148,6,142
S00108492,86,23,63
S00108493,138,18,120
S00108494,115,30,85
S00108495,70,9,61
S00108496,107,27,80
S00108497,140,37,103
S00108498,87,20,67
S00108499,155,46,109
S00108500,90,14,76
S00108501,174,12,162
S00108502,177,18,159
S00108503,147,24,123
S00108504,114,47,67
S00108505,61,15,46
S00108506,111,15,96
S00108507,57,9,48
S00108508,80,35,45
S00108509,128,22,106
S00108510,91,15,76
S00108511,76,18,58
S00108512,84,20,64
S00108513,92,17,75
S00108514,118,37,81
S00108515,59,27,32
S00108516,141,38,103
S00108517,117,20,97
S00108518,139,14,125
S00108519,108,17,91
S00108520,104,21,83
S00108521,138,17,121
S00108522,132,32,100
S00108523,125,20,105
S00108524,96,22,74
S00108525,130,20,110
S00108526,120,21,99
S00108527,113,36,77
S00108528,74,28,46
S00108529,89,34,55
S00108530,61,34,27
S00108531,111,20,91
S00108532,100,31,69
S00108533,87,18,69
S00108534,149,31,118
S00108535,180,32,148
S00108536,165,21,144
S00108537,164,30,134
S00108538,187,29,158
S00108539,156,25,131
S00108540,102,27,75
S00108541,125,24,101
S00108542,98,18,80
S00108543,105,27,78
S00108544,92,22,70
S00108545,115,15,100
S00108546,133,25,108
S00108547,99,15,84
S00108548,99,31,68
S00108549,106,35,71
S00108550,77,12,65
S00108551,146,27,119
S00108552,75,24,51
S00108553,123,43,80
S00108554,161,36,125
S00108555,106,19,87
S00108556,68,13,55
S00108557,149,59,90
S00108558,78,13,65
S00108559,147,13,134
S00108560,136,25,111
S00108561,69,21,48
S00108562,97,23,74
S00108563,83,24,59
S00108564,156,21,135
S00108565,128,42,86
S00108566,141,58,83
S00108567,108,37,71
S00108568,113,23,90
S00108569,116,36,80
S00108570,110,19,91
S00108571,102,30,72
S00108572,146,45,101
S00108573,122,23,99
S00108574,142,11,131
S00108575,58,7,51
S00108576,102,9,93
S00108577,134,76,58
S00108578,79,20,59
S00108579,105,28,77
S00108580,150,27,123
S00108581,98,23,75
S00108582,101,24,77
S00108583,80,29,51
S00108584,54,5,49
S00108585,96,20,76
S00108586,64,7,57
S00108587,90,11,79
S00108588,72,15,57
S00108589,89,18,71
S00108590,149,33,116
S00108591,92,25,67
S00108592,91,28,63
S00108593,112,24,88
S00108594,52,14,38
S00108595,178,34,144
S00108596,104,24,80
S00108597,253,15,238
S00108598,81,12,69
S00108599,72,16,56
S00108600,107,7,100
S00108601,96,16,80
S00108602,122,30,92
S00108603,187,20,167
S00108604,146,34,112
S00108605,108,12,96
S00108606,169,35,134
S00108607,196,38,158
S00108608,97,37,60
S00108609,67,20,47
S00108610,135,22,113
S00108611,144,23,121
S00108612,62,6,56
S00108613,60,24,36
S00108614,237,117,120
S00108615,127,7,120
S00108616,139,5,134
S00108617,126,4,122
S00108618,196,21,175
S00108619,122,9,113
S00108620,69,9,60
S00108621,60,11,49
S00108622,112,40,72
S00108623,81,15,66
S00108624,68,22,46
S00108625,141,38,103
S00108626,81,22,59
S00108627,117,17,100
S00108628,121,19,102
S00108629,103,21,82
S00108630,59,15,44
S00108631,125,34,91
S00108632,60,14,46
S00108633,61,7,54
S00108634,113,67,46
S00108635,55,5,50
S00108636,196,16,180
S00108637,190,14,176
S00108638,110,12,98
S00108639,55,7,48
S00108640,70,14,56
S00108641,119,15,104
S00108642,66,10,56
S00108643,74,8,66
S00108644,174,17,157
S00108645,191,7,184
S00108646,206,11,195
S00108647,94,35,59
S00108648,62,13,49
S00108649,100,15,85
S00108650,97,23,74
S00108651,202,16,186
S00108652,75,15,60
S00108653,57,5,52
S00108654,105,37,68
S00108655,129,15,114
S00108656,170,24,146
S00108657,117,27,90
S00108658,147,14,133
S00108659,88,25,63
S00108660,115,22,93
S00108661,85,16,69
S00108662,200,26,174
S00108663,105,22,83
S00108664,131,40,91
S00108665,122,31,91
S00108666,72,9,63
S00108667,111,20,91
S00108668,79,17,62
S00108669,87,18,69
S00108670,146,4,142
S00108671,107,19,88
S00108672,99,4,95
S00108673,89,26,63
S00108674,208,18,190
S00108675,84,42,42
S00108676,92,18,74
S00108677,122,26,96
S00108678,63,19,44
S00108679,87,20,67
S00108680,80,21,59
S00108681,163,29,134
S00108682,114,19,95
S00108683,122,24,98
S00108684,65,17,48
S00108685,71,16,55
S00108686,118,25,93
S00108687,102,18,84
S00108688,153,28,125
S00108689,195,42,153
S00108690,103,82,21
S00108691,59,43,16
S00108692,53,27,26
S00108693,57,36,21
S00108694,54,33,21
S00108695,99,72,27
S00108696,68,14,54
S00108697,130,26,104
S00108698,95,25,70
S00108699,69,14,55
S00108700,67,26,41
S00108701,99,15,84
S00108702,69,11,58
S00108703,84,11,73
S00108704,107,32,75
S00108705,133,21,112
S00108706,81,10,71
S00108707,175,30,145
S00108708,88,36,52
S00108709,85,16,69
S00108710,123,27,96
S00108711,135,32,103
S00108712,85,17,68
S00108713,88,10,78
S00108714,64,17,47
S00108715,84,21,63
S00108716,79,20,59
S00108717,138,28,110
S00108718,83,25,58
S00108719,106,22,84
S00108720,66,21,45
S00108721,132,44,88
S00108722,71,9,62
S00108723,145,5,140
S00108724,71,12,59
S00108725,164,13,151
S00108726,282,12,270
S00108727,182,7,175
S00108728,106,16,90
S00108729,166,8,158
S00108730,238,16,222
S00108731,193,9,184
S00108732,210,26,184
S00108733,210,24,186
S00108734,193,13,180
S00108735,169,48,121
S00108736,67,9,58
S00108737,167,16,151
S00108738,152,12,140
S00108739,93,14,79
S00108740,170,15,155
S00108741,211,21,190
S00108742,206,14,192
S00108743,174,25,149
S00108744,87,17,70
S00108745,112,22,90
S00108746,119,20,99
S00108747,210,31,179
S00108748,193,17,176
S00108749,121,17,104
S00108750,179,20,159
S00108751,84,11,73
S00108752,87,19,68
S00108753,108,10,98
S00108754,74,11,63
S00108755,117,14,103
S00108756,187,19,168
S00108757,76,21,55
S00108758,59,10,49
S00108759,157,14,143
S00108760,142,28,114
S00108761,92,12,80
S00108762,162,14,148
S00108763,127,14,113
S00108764,136,14,122
S00108765,58,11,47
S00108766,104,20,84
S00108767,82,17,65
S00108768,100,12,88
S00108769,60,33,27
S00108770,55,23,32
S00108771,53,28,25
S00108772,77,17,60
S00108773,59,7,52
S00108774,114,24,90
S00108775,54,14,40
S00108776,182,43,139
S00108777,61,14,47
S00108778,146,37,109
S00108779,133,39,94
S00108780,84,18,66
S00108781,117,23,94
S00108782,54,13,41
S00108783,121,24,97
S00108784,120,40,80
S00108785,163,32,131
S00108786,82,26,56
S00108787,91,24,67
S00108788,94,16,78
S00108789,137,68,69
S00108790,64,13,51
S00108791,85,30,55
S00108792,54,12,42
S00108793,110,19,91
S00108794,149,10,139
S00108795,204,11,193
S00108796,115,12,103
S00108797,121,25,96
S00108798,107,8,99
S00108799,139,12,127
S00108800,150,16,134
S00108801,119,15,104
S00108802,165,18,147
S00108803,136,11,125
S00108804,107,11,96
S00108805,84,6,78
S00108806,208,32,176
S00108807,162,14,148
S00108808,125,26,99
S00108809,58,2,56
S00108810,52,12,40
S00108811,108,24,84
S00108812,78,11,67
S00108813,52,3,49
S00108814,127,75,52
S00108815,64,24,40
S00108816,108,29,79
S00108817,104,12,92
S00108818,120,15,105
S00108819,70,23,47
S00108820,80,20,60
S00108821,76,23,53
S00108822,107,30,77
S00108823,108,57,51
S00108824,74,23,51
S00108825,111,20,91
S00108826,76,16,60
S00108827,123,44,79
S00108828,127,21,106
S00108829,98,22,76
S00108830,111,20,91
S00108831,122,23,99
S00108832,113,14,99
S00108833,137,15,122
S00108834,122,19,103
S00108835,70,13,57
S00108836,106,14,92
S00108837,95,18,77
S00108838,85,5,80
S00108839,126,45,81
S00108840,81,16,65
S00108841,92,12,80
S00108842,133,20,113
S00108843,84,14,70
S00108844,161,36,125
S00108845,154,20,134
S00108846,77,10,67
S00108847,124,38,86
S00108848,84,20,64
S00108849,62,18,44
S00108850,168,21,147
S00108851,634,58,576
S00108852,113,10,103
S00108853,124,6,118
S00108854,125,13,112
S00108855,149,11,138
S00108856,79,26,53
S00108857,156,8,148
S00108858,81,10,71
S00108859,50,20,30
S00108860,89,19,70
S00108861,124,6,118
S00108862,143,30,113
S00108863,77,8,69
S00108864,139,31,108
S00108865,224,25,199
S00108866,124,25,99
S00108867,61,6,55
S00108868,167,8,159
S00108869,85,17,68
S00108870,74,9,65
S00108871,118,8,110
S00108872,134,2,132
S00108873,95,6,89
S00108874,178,44,134
S00108875,104,12,92
S00108876,109,18,91
S00108877,103,17,86
S00108878,102,12,90
S00108879,200,31,169
S00108880,127,32,95
S00108881,143,18,125
S00108882,115,55,60
S00108883,128,24,104
S00108884,96,21,75
S00108885,133,16,117
S00108886,163,14,149
S00108887,108,11,97
S00108888,209,9,200
S00108889,63,13,50
S00108890,154,17,137
S00108891,98,20,78
S00108892,100,8,92
S00108893,96,36,60
S00108894,159,15,144
S00108895,110,7,103
S00108896,73,2,71
S00108897,120,9,111
S00108898,93,6,87
S00108899,67,5,62
S00108900,91,26,65
S00108901,135,16,119
S00108902,147,15,132
S00108903,67,6,61
S00108904,128,24,104
S00108905,90,21,69
S00108906,178,29,149
S00108907,118,23,95
S00108908,97,24,73
S00108909,75,19,56
S00108910,99,19,80
S00108911,59,15,44
S00108912,112,32,80
S00108913,102,17,85
S00108914,181,37,144
S00108915,69,15,54
S00108916,99,21,78
S00108917,95,21,74
S00108918,239,25,214
S00108919,119,12,107
S00108920,192,31,161
S00108921,56,12,44
S00108922,80,32,48
S00108923,55,15,40
S00108924,258,32,226
S00108925,142,18,124
S00108926,88,11,77
S00108927,61,12,49
S00108928,132,18,114
S00108929,86,13,73
S00108930,164,20,144
S00108931,75,7,68
S00108932,164,18,146
S00108933,199,18,181
S00108934,112,21,91
S00108935,125,36,89
S00108936,78,14,64
S00108937,129,52,77
S00108938,85,26,59
S00108939,96,17,79
S00108940,117,25,92
S00108941,143,17,126
S00108942,91,19,72
S00108943,132,42,90
S00108944,124,36,88
S00108945,81,27,54
S00108946,127,23,104
S00108947,103,16,87
S00108948,77,12,65
S00108949,175,9,166
S00108950,153,7,146
S00108951,150,13,137
S00108952,167,21,146
S00108953,94,21,73
S00108954,75,20,55
S00108955,125,33,92
S00108956,108,10,98
S00108957,194,26,168
S00108958,147,23,124
S00108959,177,18,159
S00108960,131,13,118
S00108961,137,15,122
S00108962,295,90,205
S00108963,149,15,134
S00108964,91,7,84
S00108965,151,8,143
S00108966,205,12,193
S00108967,56,7,49
S00108968,88,10,78
S00108969,195,15,180
S00108970,93,6,87
S00108971,52,31,21
S00108972,72,20,52
S00108973,102,19,83
S00108974,139,46,93
S00108975,87,11,76
S00108976,156,19,137
S00108977,75,16,59
S00108978,167,20,147
S00108979,161,21,140
S00108980,122,22,100
S00108981,75,7,68
S00108982,182,21,161
S00108983,255,23,232
S00108984,163,9,154
S00108985,141,15,126
S00108986,137,22,115
S00108987,140,21,119
S00108988,95,19,76
S00108989,111,26,85
S00108990,84,27,57
S00108991,83,15,68
S00108992,50,8,42
S00108993,82,14,68
S00108994,117,15,102
S00108995,134,19,115
S00108996,112,25,87
S00108997,111,11,100
S00108998,91,16,75
S00108999,148,34,114
S00109000,110,32,78
S00109001,188,92,96
S00109002,145,20,125
S00109003,80,19,61
S00109004,120,31,89
S00109005,206,8,198
S00109006,55,4,51
S00109007,162,28,134
S00109008,97,24,73
S00109009,132,59,73
S00109010,67,13,54
S00109011,117,27,90
S00109012,189,74,115
S00109013,66,15,51
S00109014,52,8,44
S00109015,58,26,32
S00109016,164,14,150
S00109017,164,18,146
S00109018,124,15,109
S00109019,194,68,126
S00109020,188,13,175
S00109021,124,9,115
S00109022,153,11,142
S00109023,82,13,69
S00109024,97,9,88
S00109025,111,22,89
S00109026,76,20,56
S00109027,99,28,71
S00109028,156,31,125
S00109029,137,34,103
S00109030,118,23,95
S00109031,66,27,39
S00109032,146,32,114
S00109033,84,17,67
S00109034,122,25,97
S00109035,133,14,119
S00109036,177,23,154
S00109037,141,16,125
S00109038,153,25,128
S00109039,115,10,105
S00109040,131,23,108
S00109041,150,15,135
S00109042,140,50,90
S00109043,139,16,123
S00109044,99,11,88
S00109045,109,13,96
S00109046,147,27,120
S00109047,67,6,61
S00109048,72,7,65
S00109049,89,21,68
S00109050,63,11,52
S00109051,134,21,113
S00109052,90,17,73
S00109053,97,18,79
S00109054,136,16,120
S00109055,82,15,67
S00109056,79,13,66
S00109057,71,25,46
S00109058,141,31,110
S00109059,117,30,87
S00109060,149,39,110
S00109061,94,25,69
S00109062,110,22,88
S00109063,143,29,114
S00109064,97,19,78
S00109065,82,23,59
S00109066,97,23,74
S00109067,149,21,128
S00109068,58,12,46
S00109069,130,22,108
S00109070,92,22,70
S00109071,115,23,92
S00109072,108,19,89
S00109073,97,6,91
S00109074,93,21,72
S00109075,83,20,63
S00109076,93,16,77
S00109077,90,14,76
S00109078,78,19,59
S00109079,121,35,86
S00109080,136,20,116
S00109081,133,14,119
S00109082,108,12,96
S00109083,115,21,94
S00109084,142,28,114
S00109085,163,18,145
S00109086,92,18,74
S00109087,69,11,58
S00109088,72,15,57
S00109089,94,16,78
S00109090,213,14,199
S00109091,184,28,156
S00109092,120,10,110
S00109093,120,18,102
S00109094,117,14,103
S00109095,112,30,82
S00109096,78,14,64
S00109097,117,16,101
S00109098,101,19,82
S00109099,123,18,105
S00109100,96,11,85
S00109101,79,13,66
S00109102,142,39,103
S00109103,88,21,67
S00109104,133,28,105
S00109105,70,12,58
S00109106,172,16,156
S00109107,70,12,58
S00109108,97,18,79
S00109109,66,14,52
S00109110,120,20,100
S00109111,80,13,67
S00109112,98,11,87
S00109113,75,9,66
S00109114,150,17,133
S00109115,110,22,88
S00109116,182,31,151
S00109117,125,22,103
S00109118,152,26,126
S00109119,239,21,218
S00109120,171,71,100
S00109121,66,1,65
S00109122,156,14,142
S00109123,113,20,93
S00109124,138,21,117
S00109125,134,23,111
S00109126,145,16,129
S00109127,109,21,88
S00109128,116,21,95
S00109129,95,22,73
S00109130,89,6,83
S00109131,117,16,101
S00109132,82,22,60
S00109133,136,29,107
S00109134,94,18,76
S00109135,179,22,157
S00109136,105,7,98
S00109137,83,10,73
S00109138,165,18,147
S00109139,156,17,139
S00109140,122,20,102
S00109141,128,9,119
S00109142,174,59,115
S00109143,144,17,127
S00109144,145,17,128
S00109145,176,33,143
S00109146,149,14,135
S00109147,125,41,84
S00109148,133,24,109
S00109149,134,19,115
S00109150,112,21,91
S00109151,135,15,120
S00109152,99,16,83
S00109153,156,28,128
S00109154,154,36,118
S00109155,131,29,102
S00109156,160,25,135
S00109157,169,30,139
S00109158,103,16,87
S00109159,165,39,126
S00109160,137,20,117
S00109161,110,12,98
S00109162,105,14,91
S00109163,76,9,67
S00109164,71,19,52
S00109165,145,32,113
S00109166,140,29,111
S00109167,123,19,104
S00109168,117,15,102
S00109169,109,19,90
S00109170,143,36,107
S00109171,138,22,116
S00109172,135,14,121
S00109173,101,15,86
S00109174,71,9,62
S00109175,113,21,92
S00109176,71,20,51
S00109177,172,29,143
S00109178,74,21,53
S00109179,191,29,162
S00109180,134,19,115
S00109181,141,12,129
S00109182,105,8,97
S00109183,112,11,101
S00109184,161,47,114
S00109185,125,9,116
S00109186,114,16,98
S00109187,368,32,336
S00109188,70,6,64
S00109189,138,26,112
S00109190,194,47,147
S00109191,183,17,166
S00109192,82,7,75
S00109193,76,3,73
S00109194,148,17,131
S00109195,219,28,191
S00109196,174,11,163
S00109197,183,39,144
S00109198,108,11,97
S00109199,117,7,110
S00109200,129,7,122
S00109201,270,17,253
S00109202,157,37,120
S00109203,133,24,109
S00109204,124,43,81
S00109205,167,31,136
S00109206,93,37,56
S00109207,105,22,83
S00109208,88,28,60
S00109209,98,57,41
S00109210,112,18,94
S00109211,75,9,66
S00109212,87,19,68
S00109213,87,23,64
S00109214,138,31,107
S00109215,131,50,81
S00109216,88,14,74
S00109217,91,15,76
S00109218,101,18,83
S00109219,137,26,111
S00109220,121,33,88
S00109221,121,30,91
S00109222,104,24,80
S00109223,132,31,101
S00109224,114,21,93
S00109225,142,35,107
S00109226,140,32,108
S00109227,128,22,106
S00109228,99,17,82
S00109229,117,38,79
S00109230,118,29,89
S00109231,103,16,87
S00109232,106,28,78
S00109233,107,27,80
S00109234,115,27,88
S00109235,82,17,65
S00109236,121,28,93
S00109237,121,18,103
S00109238,111,19,92
S00109239,102,17,85
S00109240,106,20,86
S00109241,88,15,73
S00109242,115,27,88
S00109243,150,37,113
S00109244,139,17,122
S00109245,72,17,55
S00109246,100,18,82
S00109247,152,40,112
S00109248,116,27,89
S00109249,152,29,123
S00109250,103,23,80
S00109251,96,18,78
S00109252,102,23,79
S00109253,82,15,67
S00109254,150,36,114
S00109255,73,19,54
S00109256,77,15,62
S00109257,158,34,124
S00109258,138,34,104
S00109259,99,24,75
S00109260,140,29,111
S00109261,135,40,95
S00109262,101,28,73
S00109263,90,12,78
S00109264,129,28,101
S00109265,145,31,114
S00109266,92,16,76
S00109267,147,37,110
S00109268,103,12,91
S00109269,134,18,116
S00109270,69,9,60
S00109271,64,12,52
S00109272,64,10,54
S00109273,99,17,82
S00109274,76,19,57
S00109275,143,39,104
S00109276,164,32,132
S00109277,114,29,85
S00109278,95,24,71
S00109279,61,10,51
S00109280,139,26,113
S00109281,101,20,81
S00109282,115,33,82
S00109283,84,38,46
S00109284,145,15,130
S00109285,82,18,64
S00109286,96,12,84
S00109287,119,26,93
S00109288,125,23,102
S00109289,92,27,65
S00109290,74,11,63
S00109291,105,28,77
S00109292,78,18,60
S00109293,51,38,13
S00109294,84,15,69
S00109295,78,4,74
S00109296,147,27,120
S00109297,53,12,41
S00109298,147,19,128
S00109299,94,17,77
S00109300,112,28,84
S00109301,139,25,114
S00109302,92,10,82
S00109303,122,29,93
S00109304,118,18,100
S00109305,99,12,87
S00109306,75,11,64
S00109307,195,46,149
S00109308,119,26,93
S00109309,75,12,63
S00109310,86,17,69
S00109311,103,32,71
S00109312,138,27,111
S00109313,82,10,72
S00109314,71,15,56
S00109315,88,9,79
S00109316,62,12,50
S00109317,150,21,129
S00109318,161,26,135
S00109319,140,33,107
S00109320,83,13,70
S00109321,89,19,70
S00109322,143,32,111
S00109323,100,13,87
S00109324,117,22,95
S00109325,102,20,82
S00109326,100,21,79
S00109327,99,23,76
S00109328,133,31,102
S00109329,133,24,109
S00109330,117,21,96
S00109331,61,10,51
S00109332,87,21,66
S00109333,105,33,72
S00109334,161,37,124
S00109335,93,19,74
S00109336,108,20,88
S00109337,114,35,79
S00109338,158,30,128
S00109339,123,31,92
S00109340,89,40,49
S00109341,147,36,111
S00109342,121,29,92
S00109343,83,26,57
S00109344,90,26,64
S00109345,97,22,75
S00109346,120,41,79
S00109347,120,31,89
S00109348,87,23,64
S00109349,157,50,107
S00109350,73,20,53
S00109351,107,26,81
S00109352,81,22,59
S00109353,120,18,102
S00109354,107,21,86
S00109355,108,28,80
S00109356,110,18,92
S00109357,67,17,50
S00109358,100,16,84
S00109359,123,20,103
S00109360,92,21,71
S00109361,112,17,95
S00109362,158,24,134
S00109363,171,19,152
S00109364,135,22,113
S00109365,129,23,106
S00109366,175,41,134
S00109367,99,32,67
S00109368,157,52,105
S00109369,135,8,127
S00109370,173,30,143
S00109371,155,40,115
S00109372,67,22,45
S00109373,89,26,63
S00109374,117,30,87
S00109375,77,8,69
S00109376,102,21,81
S00109377,95,19,76
S00109378,172,43,129
S00109379,156,36,120
S00109380,122,25,97
S00109381,114,25,89
S00109382,178,31,147
S00109383,97,19,78
S00109384,109,14,95
S00109385,97,17,80
S00109386,77,2,75
S00109387,70,12,58
S00109388,95,10,85
S00109389,84,9,75
S00109390,166,27,139
S00109391,119,17,102
S00109392,127,12,115
S00109393,120,21,99
S00109394,109,32,77
S00109395,61,8,53
S00109396,63,27,36
S00109397,160,17,143
S00109398,99,27,72
S00109399,108,21,87
S00109400,113,25,88
S00109401,83,28,55
S00109402,93,24,69
S00109403,119,30,89
S00109404,109,19,90
S00109405,107,21,86
S00109406,147,30,117
S00109407,57,40,17
S00109408,149,22,127
S00109409,75,9,66
S00109410,131,16,115
S00109411,84,6,78
S00109412,126,12,114
S00109413,98,19,79
S00109414,108,11,97
S00109415,105,21,84
S00109416,111,22,89
S00109417,98,19,79
S00109418,100,23,77
S00109419,150,25,125
S00109420,160,42,118
S00109421,78,23,55
S00109422,140,34,106
S00109423,75,24,51
S00109424,84,23,61
S00109425,150,23,127
S00109426,193,25,168
S00109427,164,16,148
S00109428,177,22,155
S00109429,123,30,93
S00109430,104,31,73
S00109431,127,31,96
S00109432,78,27,51
S00109433,102,36,66
S00109434,95,28,67
S00109435,116,23,93
S00109436,97,26,71
S00109437,74,42,32
S00109438,56,15,41
S00109439,94,26,68
S00109440,84,38,46
S00109441,55,16,39
S00109442,157,37,120
S00109443,81,9,72
S00109444,76,15,61
S00109445,62,13,49
S00109446,146,40,106
S00109447,75,6,69
S00109448,76,22,54
S00109449,91,28,63
S00109450,87,18,69
S00109451,85,21,64
S00109452,93,23,70
S00109453,110,21,89
S00109454,192,44,148
S00109455,109,23,86
S00109456,93,24,69
S00109457,95,25,70
S00109458,113,31,82
S00109459,83,31,52
S00109460,75,20,55
S00109461,117,27,90
S00109462,71,19,52
S00109463,109,35,74
S00109464,172,36,136
S00109465,113,17,96
S00109466,156,20,136
S00109467,61,12,49
S00109468,120,25,95
S00109469,98,14,84
S00109470,110,24,86
S00109471,139,26,113
S00109472,73,7,66
S00109473,170,23,147
S00109474,181,16,165
S00109475,169,34,135
S00109476,117,16,101
S00109477,145,19,126
S00109478,120,14,106
S00109479,113,10,103
S00109480,170,28,142
S00109481,60,10,50
S00109482,152,25,127
S00109483,100,15,85
S00109484,104,26,78
S00109485,155,30,125
S00109486,162,22,140
S00109487,103,20,83
S00109488,159,26,133
S00109489,108,20,88
S00109490,206,24,182
S00109491,69,9,60
S00109492,90,23,67
S00109493,121,12,109
S00109494,176,26,150
S00109495,94,9,85
S00109496,132,22,110
S00109497,136,10,126
S00109498,86,13,73
S00109499,81,13,68
S00109500,109,28,81
S00109501,81,7,74
S00109502,81,7,74
S00109503,55,31,24
S00109504,86,15,71
S00109505,105,33,72
S00109506,99,8,91
S00109507,134,22,112
S00109508,159,30,129
S00109509,72,11,61
S00109510,174,17,157
S00109511,186,15,171
S00109512,134,21,113
S00109513,98,10,88
S00109514,182,19,163
S00109515,191,15,176
S00109516,197,14,183
S00109517,150,29,121
S00109518,120,10,110
S00109519,113,15,98
S00109520,152,36,116
S00109521,123,28,95
S00109522,140,25,115
S00109523,130,19,111
S00109524,158,30,128
S00109525,80,26,54
S00109526,95,18,77
S00109527,115,15,100
S00109528,52,10,42
S00109529,55,5,50
S00109530,117,19,98
S00109531,85,34,51
S00109532,136,31,105
S00109533,102,13,89
S00109534,145,16,129
S00109535,160,16,144
S00109536,137,19,118
S00109537,129,32,97
S00109538,107,25,82
S00109539,117,18,99
S00109540,137,18,119
S00109541,138,60,78
S00109542,84,20,64
S00109543,106,7,99
S00109544,111,13,98
S00109545,90,9,81
S00109546,95,20,75
S00109547,70,17,53
S00109548,131,36,95
S00109549,94,31,63
S00109550,147,37,110
S00109551,55,14,41
S00109552,111,33,78
S00109553,95,32,63
S00109554,88,26,62
S00109555,75,34,41
S00109556,52,9,43
S00109557,101,21,80
S00109558,167,23,144
S00109559,133,9,124
S00109560,96,14,82
S00109561,86,7,79
S00109562,119,12,107
S00109563,135,14,121
S00109564,186,31,155
S00109565,99,16,83
S00109566,99,49,50
S00109567,150,27,123
S00109568,74,18,56
S00109569,143,34,109
S00109570,141,15,126
S00109571,181,75,106
S00109572,104,28,76
S00109573,67,7,60
S00109574,92,10,82
S00109575,68,9,59
S00109576,101,19,82
S00109577,122,22,100
S00109578,98,7,91
S00109579,87,17,70
S00109580,103,16,87
S00109581,75,1,74
S00109582,147,14,133
S00109583,97,12,85
S00109584,180,51,129
S00109585,126,20,106
S00109586,76,14,62
S00109587,115,31,84
S00109588,173,46,127
S00109589,132,48,84
S00109590,143,22,121
S00109591,204,13,191
S00109592,75,9,66
S00109593,114,28,86
S00109594,128,25,103
S00109595,65,24,41
S00109596,118,23,95
S00109597,86,27,59
S00109598,126,19,107
S00109599,129,27,102
S00109600,63,9,54
S00109601,111,23,88
S00109602,107,25,82
S00109603,126,17,109
S00109604,63,15,48
S00109605,58,22,36
S00109606,127,20,107
S00109607,107,16,91
S00109608,71,14,57
S00109609,90,18,72
S00109610,68,23,45
S00109611,88,25,63
S00109612,168,23,145
S00109613,136,29,107
S00109614,139,22,117
S00109615,115,21,94
S00109616,54,3,51
S00109617,151,45,106
S00109618,115,19,96
S00109619,122,21,101
S00109620,122,18,104
S00109621,119,16,103
S00109622,122,17,105
S00109623,68,9,59
S00109624,111,12,99
S00109625,128,30,98
S00109626,200,36,164
S00109627,106,21,85
S00109628,92,25,67
S00109629,116,20,96
S00109630,138,26,112
S00109631,101,16,85
S00109632,91,10,81
S00109633,152,20,132
S00109634,108,19,89
S00109635,107,27,80
S00109636,66,19,47
S00109637,174,35,139
S00109638,97,13,84
S00109639,106,15,91
S00109640,90,21,69
S00109641,85,33,52
S00109642,130,36,94
S00109643,91,29,62
S00109644,91,27,64
S00109645,115,33,82
S00109646,138,41,97
S00109647,132,18,114
S00109648,141,19,122
S00109649,162,34,128
S00109650,133,31,102
S00109651,87,20,67
S00109652,142,22,120
S00109653,134,28,106
S00109654,81,26,55
S00109655,145,26,119
S00109656,84,13,71
S00109657,139,20,119
S00109658,118,27,91
S00109659,129,20,109
S00109660,116,25,91
S00109661,194,28,166
S00109662,135,28,107
S00109663,146,30,116
S00109664,144,26,118
S00109665,108,30,78
S00109666,81,19,62
S00109667,100,13,87
S00109668,119,33,86
S00109669,96,18,78
S00109670,163,18,145
S00109671,113,23,90
S00109672,92,26,66
S00109673,88,9,79
S00109674,132,22,110
S00109675,135,21,114
S00109676,115,22,93
S00109677,105,12,93
S00109678,137,31,106
S00109679,156,32,124
S00109680,82,36,46
S00109681,110,18,92
S00109682,135,36,99
S00109683,77,17,60
S00109684,86,15,71
S00109685,88,19,69
S00109686,151,31,120
S00109687,99,7,92
S00109688,102,29,73
S00109689,149,30,119
S00109690,128,13,115
S00109691,131,21,110
S00109692,128,33,95
S00109693,78,13,65
S00109694,129,18,111
S00109695,110,20,90
S00109696,89,11,78
S00109697,112,8,104
S00109698,102,5,97
S00109699,172,26,146
S00109700,158,7,151
S00109701,150,24,126
S00109702,107,26,81
S00109703,104,19,85
S00109704,123,9,114
S00109705,70,15,55
S00109706,78,20,58
S00109707,116,30,86
S00109708,81,29,52
S00109709,160,28,132
S00109710,104,18,86
S00109711,92,20,72
S00109712,79,14,65
S00109713,95,29,66
S00109714,123,22,101
S00109715,98,17,81
S00109716,128,27,101
S00109717,109,16,93
S00109718,106,28,78
S00109719,102,19,83
S00109720,136,19,117
S00109721,71,15,56
S00109722,72,13,59
S00109723,146,25,121
S00109724,116,28,88
S00109725,108,29,79
S00109726,129,26,103
S00109727,95,22,73
S00109728,177,90,87
S00109729,102,20,82
S00109730,128,9,119
S00109731,121,11,110
S00109732,161,42,119
S00109733,91,19,72
S00109734,168,31,137
S00109735,152,21,131
S00109736,71,11,60
S00109737,234,27,207
S00109738,141,39,102
S00109739,181,44,137
S00109740,74,10,64
S00109741,132,23,109
S00109742,236,31,205
S00109743,102,17,85
S00109744,127,25,102
S00109745,119,20,99
S00109746,95,11,84
S00109747,134,35,99
S00109748,152,31,121
S00109749,64,31,33
S00109750,179,36,143
S00109751,94,35,59
S00109752,168,41,127
S00109753,124,42,82
S00109754,113,31,82
S00109755,91,28,63
S00109756,200,38,162
S00109757,164,32,132
S00109758,140,26,114
S00109759,109,22,87
S00109760,91,19,72
S00109761,79,15,64
S00109762,177,27,150
S00109763,135,20,115
S00109764,138,33,105
S00109765,123,32,91
S00109766,144,32,112
S00109767,107,19,88
S00109768,127,37,90
S00109769,96,22,74
S00109770,158,32,126
S00109771,84,16,68
S00109772,87,16,71
S00109773,114,34,80
S00109774,113,27,86
S00109775,62,18,44
S00109776,141,43,98
S00109777,119,25,94
S00109778,165,43,122
S00109779,102,35,67
S00109780,94,24,70
S00109781,112,24,88
S00109782,85,25,60
S00109783,85,29,56
S00109784,61,17,44
S00109785,146,44,102
S00109786,70,15,55
S00109787,117,18,99
S00109788,158,30,128
S00109789,128,46,82
S00109790,133,38,95
S00109791,93,25,68
S00109792,89,26,63
S00109793,150,35,115
S00109794,143,38,105
S00109795,161,48,113
S00109796,104,29,75
S00109797,122,17,105
S00109798,90,34,56
S00109799,103,33,70
S00109800,104,30,74
S00109801,87,41,46
S00109802,114,30,84
S00109803,126,42,84
S00109804,109,25,84
S00109805,122,36,86
S00109806,110,33,77
S00109807,106,70,36
S00109808,88,14,74
S00109809,132,32,100
S00109810,151,43,108
S00109811,99,24,75
S00109812,191,44,147
S00109813,149,48,101
S00109814,107,26,81
S00109815,68,36,32
S00109816,116,35,81
S00109817,139,33,106
S00109818,158,42,116
S00109819,90,18,72
S00109820,106,22,84
S00109821,117,21,96
S00109822,94,26,68
S00109823,160,38,122
S00109824,129,47,82
S00109825,111,27,84
S00109826,108,26,82
S00109827,87,16,71
S00109828,101,29,72
S00109829,63,23,40
S00109830,154,37,117
S00109831,92,19,73
S00109832,107,27,80
S00109833,88,31,57
S00109834,144,41,103
S00109835,117,30,87
S00109836,121,40,81
S00109837,107,46,61
S00109838,70,17,53
S00109839,73,18,55
S00109840,106,18,88
S00109841,102,29,73
S00109842,101,25,76
S00109843,84,11,73
S00109844,97,27,70
S00109845,79,30,49
S00109846,61,13,48
S00109847,69,22,47
S00109848,110,28,82
S00109849,87,48,39
S00109850,121,25,96
S00109851,166,35,131
S00109852,97,23,74
S00109853,185,37,148
S00109854,167,31,136
S00109855,200,42,158
S00109856,151,36,115
S00109857,175,44,131
S00109858,167,34,133
S00109859,197,40,157
S00109860,86,19,67
S00109861,62,12,50
S00109862,109,30,79
S00109863,77,17,60
S00109864,89,31,58
S00109865,159,30,129
S00109866,148,46,102
S00109867,85,40,45
S00109868,114,29,85
S00109869,98,36,62
S00109870,141,60,81
S00109871,95,25,70
S00109872,78,27,51
S00109873,115,25,90
S00109874,89,14,75
S00109875,111,26,85
S00109876,105,29,76
S00109877,98,16,82
S00109878,158,25,133
S00109879,164,40,124
S00109880,71,21,50
S00109881,110,24,86
S00109882,116,43,73
S00109883,92,21,71
S00109884,114,26,88
S00109885,119,23,96
S00109886,108,26,82
S00109887,84,15,69
S00109888,114,23,91
S00109889,143,42,101
S00109890,128,47,81
S00109891,134,34,100
S00109892,137,30,107
S00109893,120,8,112
S00109894,83,17,66
S00109895,93,19,74
S00109896,111,31,80
S00109897,126,31,95
S00109898,123,23,100
S00109899,92,28,64
S00109900,97,18,79
S00109901,150,32,118
S00109902,115,42,73
S00109903,116,34,82
S00109904,75,26,49
S00109905,115,26,89
S00109906,86,23,63
S00109907,109,28,81
S00109908,117,28,89
S00109909,119,20,99
S00109910,92,14,78
S00109911,76,19,57
S00109912,135,43,92
S00109913,82,17,65
S00109914,55,9,46
S00109915,173,12,161
S00109916,90,5,85
S00109917,93,19,74
S00109918,57,43,14
S00109919,123,35,88
S00109920,82,16,66
S00109921,85,26,59
S00109922,55,18,37
S00109923,102,28,74
S00109924,85,19,66
S00109925,121,23,98
S00109926,106,33,73
S00109927,65,15,50
S00109928,74,18,56
S00109929,56,36,20
S00109930,55,35,20
S00109931,61,22,39
S00109932,148,23,125
S00109933,99,23,76
S00109934,127,22,105
S00109935,138,16,122
S00109936,151,20,131
S00109937,66,24,42
S00109938,72,16,56
S00109939,98,42,56
S00109940,106,25,81
S00109941,84,11,73
S00109942,79,11,68
S00109943,128,26,102
S00109944,92,13,79
S00109945,109,25,84
S00109946,106,17,89
S00109947,66,25,41
S00109948,50,28,22
S00109949,96,22,74
S00109950,92,16,76
S00109951,167,52,115
S00109952,150,81,69
S00109953,80,14,66
S00109954,59,13,46
S00109955,61,6,55
S00109956,99,15,84
S00109957,64,26,38
S00109958,54,14,40
S00109959,120,20,100
S00109960,73,24,49
S00109961,56,9,47
S00109962,85,26,59
S00109963,144,25,119
S00109964,80,9,71
S00109965,111,20,91
S00109966,51,29,22
S00109967,53,34,19
S00109968,185,30,155
S00109969,134,37,97
S00109970,140,10,130
S00109971,164,34,130
S00109972,189,41,148
S00109973,159,53,106
S00109974,175,34,141
S00109975,102,14,88
S00109976,166,37,129
S00109977,89,23,66
S00109978,140,41,99
S00109979,101,31,70
S00109980,88,26,62
S00109981,61,18,43
S00109982,70,18,52
S00109983,77,24,53
S00109984,145,27,118
S00109985,132,17,115
S00109986,85,20,65
S00109987,87,12,75
S00109988,67,16,51
S00109989,91,18,73
S00109990,149,17,132
S00109991,101,24,77
S00109992,87,25,62
S00109993,86,16,70
S00109994,70,15,55
S00109995,69,29,40
S00109996,122,22,100
S00109997,89,37,52
S00109998,126,40,86
S00109999,64,13,51
S00110000,125,21,104
S00110001,82,20,62
S00110002,88,15,73
S00110003,112,31,81
S00110004,66,25,41
S00110005,111,14,97
S00110006,101,24,77
S00110007,116,25,91
S00110008,83,16,67
S00110009,67,16,51
S00110010,124,21,103
S00110011,136,27,109
S00110012,53,19,34
S00110013,50,14,36
S00110014,72,24,48
S00110015,226,66,160
S00110016,118,30,88
S00110017,160,40,120
S00110018,108,29,79
S00110019,86,16,70
S00110020,141,17,124
S00110021,68,29,39
S00110022,77,28,49
S00110023,106,25,81
S00110024,114,30,84
S00110025,82,40,42
S00110026,76,24,52
S00110027,77,15,62
S00110028,55,11,44
S00110029,134,34,100
S00110030,106,20,86
S00110031,58,30,28
S00110032,117,36,81
S00110033,118,26,92
S00110034,78,18,60
S00110035,59,12,47
S00110036,95,23,72
S00110037,93,36,57
S00110038,106,23,83
S00110039,99,31,68
S00110040,119,25,94
S00110041,125,29,96
S00110042,100,33,67
S00110043,96,14,82
S00110044,86,40,46
S00110045,87,19,68
S00110046,111,38,73
S00110047,54,28,26
S00110048,106,18,88
S00110049,120,25,95
S00110050,126,30,96
S00110051,152,28,124
S00110052,124,27,97
S00110053,110,17,93
S00110054,63,17,46
S00110055,87,22,65
S00110056,73,21,52
S00110057,106,28,78
S00110058,81,28,53
S00110059,151,42,109
S00110060,149,33,116
S00110061,160,43,117
S00110062,129,38,91
S00110063,136,33,103
S00110064,120,34,86
S00110065,92,23,69
S00110066,102,21,81
S00110067,110,11,99
S00110068,97,11,86
S00110069,106,15,91
S00110070,100,8,92
S00110071,140,18,122
S00110072,88,8,80
S00110073,144,14,130
S00110074,146,21,125
S00110075,122,39,83
S00110076,76,32,44
S00110077,110,21,89
S00110078,61,12,49
S00110079,60,8,52
S00110080,83,24,59
S00110081,67,13,54
S00110082,120,26,94
S00110083,149,32,117
S00110084,55,16,39
S00110085,91,30,61
S00110086,121,25,96
S00110087,74,24,50
S00110088,85,20,65
S00110089,101,22,79
S00110090,112,30,82
S00110091,143,20,123
S00110092,133,28,105
S00110093,89,23,66
S00110094,88,23,65
S00110095,115,34,81
S00110096,88,16,72
S00110097,85,6,79
S00110098,69,8,61
S00110099,89,18,71
S00110100,61,12,49
S00110101,92,19,73
S00110102,81,22,59
S00110103,128,46,82
S00110104,107,14,93
S00110105,54,10,44
S00110106,124,30,94
S00110107,126,19,107
S00110108,74,21,53
S00110109,124,39,85
S00110110,155,36,119
S00110111,134,26,108
S00110112,124,39,85
S00110113,166,30,136
S00110114,146,18,128
S00110115,130,24,106
S00110116,149,26,123
S00110117,176,20,156
S00110118,143,20,123
S00110119,102,22,80
S00110120,75,9,66
S00110121,149,20,129
S00110122,82,20,62
S00110123,102,25,77
S00110124,167,22,145
S00110125,90,15,75
S00110126,145,32,113
S00110127,86,25,61
S00110128,82,18,64
S00110129,211,30,181
S00110130,213,30,183
S00110131,102,29,73
S00110132,115,24,91
S00110133,183,42,141
S00110134,107,23,84
S00110135,106,19,87
S00110136,97,21,76
S00110137,98,21,77
S00110138,120,30,90
S00110139,97,30,67
S00110140,110,23,87
S00110141,139,27,112
S00110142,112,20,92
S00110143,86,10,76
S00110144,126,42,84
S00110145,168,34,134
S00110146,108,15,93
S00110147,134,27,107
S00110148,130,20,110
S00110149,143,53,90
S00110150,144,37,107
S00110151,121,27,94
S00110152,120,21,99
S00110153,83,29,54
S00110154,120,39,81
S00110155,101,23,78
S00110156,102,25,77
S00110157,89,24,65
S00110158,131,12,119
S00110159,177,40,137
S00110160,119,23,96
S00110161,117,27,90
S00110162,101,20,81
S00110163,100,24,76
S00110164,138,17,121
S00110165,123,18,105
S00110166,109,18,91
S00110167,159,20,139
S00110168,153,30,123
S00110169,140,25,115
S00110170,116,14,102
S00110171,111,15,96
S00110172,112,9,103
S00110173,155,20,135
S00110174,98,16,82
S00110175,132,20,112
S00110176,120,21,99
S00110177,118,15,103
S00110178,126,11,115
S00110179,92,24,68
S00110180,111,11,100
S00110181,120,14,106
S00110182,94,16,78
S00110183,108,17,91
S00110184,152,19,133
S00110185,167,21,146
S00110186,109,19,90
S00110187,94,29,65
S00110188,95,25,70
S00110189,114,12,102
S00110190,171,35,136
S00110191,85,17,68
S00110192,78,14,64
S00110193,120,30,90
S00110194,103,36,67
S00110195,81,21,60
S00110196,79,9,70
S00110197,111,36,75
S00110198,96,21,75
S00110199,88,39,49
S00110200,69,29,40
S00110201,101,23,78
S00110202,135,26,109
S00110203,116,24,92
S00110204,135,31,104
S00110205,148,39,109
S00110206,147,29,118
S00110207,123,37,86
S00110208,173,36,137
S00110209,156,37,119
S00110210,111,19,92
S00110211,112,25,87
S00110212,98,19,79
S00110213,94,14,80
S00110214,143,22,121
S00110215,81,24,57
S00110216,161,27,134
S00110217,107,11,96
S00110218,77,25,52
S00110219,91,18,73
S00110220,142,35,107
S00110221,128,28,100
S00110222,149,27,122
S00110223,133,17,116
S00110224,85,13,72
S00110225,116,34,82
S00110226,112,38,74
S00110227,106,33,73
S00110228,90,20,70
S00110229,95,26,69
S00110230,137,34,103
S00110231,113,26,87
S00110232,133,32,101
S00110233,78,26,52
S00110234,94,21,73
S00110235,91,14,77
S00110236,111,24,87
S00110237,82,18,64
S00110238,183,33,150
S00110239,114,21,93
S00110240,107,63,44
S00110241,62,33,29
S00110242,134,18,116
S00110243,144,23,121
S00110244,99,20,79
S00110245,242,42,200
S00110246,82,21,61
S00110247,167,41,126
S00110248,168,28,140
S00110249,103,22,81
S00110250,62,42,20
S00110251,168,41,127
S00110252,97,20,77
S00110253,88,15,73
S00110254,134,22,112
S00110255,131,30,101
S00110256,189,40,149
S00110257,134,16,118
S00110258,95,26,69
S00110259,94,18,76
S00110260,91,21,70
S00110261,128,38,90
S00110262,115,24,91
S00110263,125,39,86
S00110264,105,38,67
S00110265,101,19,82
S00110266,121,25,96
S00110267,124,35,89
S00110268,92,30,62
S00110269,74,21,53
S00110270,132,40,92
S00110271,116,32,84
S00110272,86,34,52
S00110273,138,43,95
S00110274,94,25,69
S00110275,63,21,42
S00110276,181,41,140
S00110277,131,22,109
S00110278,119,38,81
S00110279,86,24,62
S00110280,93,23,70
S00110281,99,29,70
S00110282,68,15,53
S00110283,113,33,80
S00110284,102,37,65
S00110285,91,27,64
S00110286,124,39,85
S00110287,99,26,73
S00110288,181,28,153
S00110289,177,33,144
S00110290,120,37,83
S00110291,123,20,103
S00110292,146,42,104
S00110293,156,43,113
S00110294,133,48,85
S00110295,132,31,101
S00110296,122,28,94
S00110297,97,24,73
S00110298,167,43,124
S00110299,138,33,105
S00110300,148,44,104
S00110301,120,52,68
S00110302,125,49,76
S00110303,98,28,70
S00110304,102,32,70
S00110305,126,53,73
S00110306,148,46,102
S00110307,88,19,69
S00110308,141,22,119
S00110309,124,25,99
S00110310,91,24,67
S00110311,68,22,46
S00110312,128,17,111
S00110313,150,64,86
S00110314,152,35,117
S00110315,75,28,47
S00110316,148,33,115
S00110317,137,41,96
S00110318,128,39,89
S00110319,96,31,65
S00110320,171,35,136
S00110321,92,25,67
S00110322,101,41,60
S00110323,128,51,77
S00110324,140,43,97
S00110325,119,38,81
S00110326,123,33,90
S00110327,110,32,78
S00110328,55,19,36
S00110329,62,25,37
S00110330,121,28,93
S00110331,204,45,159
S00110332,202,109,93
S00110333,119,39,80
S00110334,89,29,60
S00110335,84,22,62
S00110336,177,48,129
S00110337,140,53,87
S00110338,143,23,120
S00110339,102,27,75
S00110340,121,24,97
S00110341,133,36,97
S00110342,92,19,73
S00110343,89,19,70
S00110344,134,37,97
S00110345,155,27,128
S00110346,168,43,125
S00110347,92,29,63
S00110348,168,47,121
S00110349,125,33,92
S00110350,57,17,40
S00110351,145,30,115
S00110352,138,18,120
S00110353,93,31,62
S00110354,61,36,25
S00110355,98,29,69
S00110356,136,39,97
S00110357,113,25,88
S00110358,119,25,94
S00110359,118,41,77
S00110360,95,35,60
S00110361,134,35,99
S00110362,74,19,55
S00110363,105,24,81
S00110364,102,21,81
S00110365,128,30,98
S00110366,91,9,82
S00110367,91,20,71
S00110368,90,22,68
S00110369,70,23,47
S00110370,72,21,51
S00110371,108,31,77
S00110372,151,44,107
S00110373,64,12,52
S00110374,96,28,68
S00110375,93,26,67
S00110376,74,11,63
S00110377,87,17,70
S00110378,103,21,82
S00110379,116,23,93
S00110380,110,19,91
S00110381,151,27,124
S00110382,101,22,79
S00110383,82,7,75
S00110384,95,28,67
S00110385,128,22,106
S00110386,120,19,101
S00110387,98,27,71
S00110388,100,21,79
S00110389,82,21,61
S00110390,132,37,95
S00110391,86,23,63
S00110392,145,31,114
S00110393,118,23,95
S00110394,134,40,94
S00110395,151,31,120
S00110396,126,23,103
S00110397,73,28,45
S00110398,102,37,65
S00110399,131,33,98
S00110400,81,21,60
S00110401,93,13,80
S00110402,104,40,64
S00110403,59,10,49
S00110404,107,33,74
S00110405,79,17,62
S00110406,110,29,81
S00110407,61,17,44
S00110408,176,53,123
S00110409,110,38,72
S00110410,144,30,114
S00110411,79,20,59
S00110412,86,13,73
S00110413,79,32,47
S00110414,76,21,55
S00110415,119,38,81
S00110416,81,14,67
S00110417,111,32,79
S00110418,101,35,66
S00110419,84,21,63
S00110420,91,35,56
S00110421,94,17,77
S00110422,128,18,110
S00110423,82,25,57
S00110424,94,31,63
S00110425,128,47,81
S00110426,129,28,101
S00110427,115,37,78
S00110428,114,23,91
S00110429,96,30,66
S00110430,92,28,64
S00110431,123,47,76
S00110432,80,36,44
S00110433,98,27,71
S00110434,109,31,78
S00110435,89,22,67
S00110436,106,41,65
S00110437,120,32,88
S00110438,197,34,163
S00110439,110,24,86
S00110440,132,39,93
S00110441,103,28,75
S00110442,108,15,93
S00110443,145,34,111
S00110444,89,27,62
S00110445,151,33,118
S00110446,109,21,88
S00110447,112,23,89
S00110448,160,36,124
S00110449,179,34,145
S00110450,131,31,100
S00110451,138,32,106
S00110452,134,45,89
S00110453,106,42,64
S00110454,165,38,127
S00110455,165,50,115
S00110456,183,56,127
S00110457,152,48,104
S00110458,113,23,90
S00110459,119,29,90
S00110460,126,32,94
S00110461,91,23,68
S00110462,102,26,76
S00110463,102,34,68
S00110464,81,17,64
S00110465,84,37,47
S00110466,84,44,40
S00110467,165,21,144
S00110468,122,45,77
S00110469,100,16,84
S00110470,132,36,96
S00110471,104,28,76
S00110472,122,47,75
S00110473,105,24,81
S00110474,76,31,45
S00110475,88,25,63
S00110476,140,32,108
S00110477,97,39,58
S00110478,114,24,90
S00110479,77,21,56
S00110480,143,39,104
S00110481,139,33,106
S00110482,118,32,86
S00110483,128,36,92
S00110484,80,33,47
S00110485,97,17,80
S00110486,107,19,88
S00110487,109,30,79
S00110488,82,19,63
S00110489,101,14,87
S00110490,65,19,46
S00110491,82,20,62
S00110492,66,15,51
S00110493,127,25,102
S00110494,111,15,96
S00110495,115,29,86
S00110496,57,21,36
S00110497,64,14,50
S00110498,109,32,77
S00110499,80,17,63
S00110500,117,32,85
S00110501,63,11,52
S00110502,78,19,59
S00110503,145,34,111
S00110504,163,39,124
S00110505,97,34,63
S00110506,101,16,85
S00110507,147,97,50
S00110508,114,30,84
S00110509,113,37,76
S00110510,97,31,66
S00110511,107,38,69
S00110512,89,17,72
S00110513,179,43,136
S00110514,133,27,106
S00110515,116,38,78
S00110516,134,48,86
S00110517,80,14,66
S00110518,167,26,141
S00110519,82,25,57
S00110520,185,52,133
S00110521,134,30,104
S00110522,91,25,66
S00110523,115,39,76
S00110524,82,21,61
S00110525,95,19,76
S00110526,59,20,39
S00110527,132,20,112
S00110528,57,22,35
S00110529,89,28,61
S00110530,127,43,84
S00110531,92,15,77
S00110532,81,26,55
S00110533,87,11,76
S00110534,93,32,61
S00110535,104,35,69
S00110536,97,24,73
S00110537,113,45,68
S00110538,101,25,76
S00110539,97,30,67
S00110540,90,31,59
S00110541,61,15,46
S00110542,75,17,58
S00110543,81,31,50
S00110544,57,14,43
S00110545,91,25,66
S00110546,79,2,77
S00110547,93,13,80
S00110548,107,15,92
S00110549,102,23,79
S00110550,144,28,116
S00110551,85,22,63
S00110552,73,13,60
S00110553,56,41,15
S00110554,116,41,75
S00110555,96,37,59
S00110556,122,30,92
S00110557,81,25,56
S00110558,93,19,74
S00110559,92,43,49
S00110560,113,23,90
S00110561,168,40,128
S00110562,89,25,64
S00110563,101,23,78
S00110564,78,30,48
S00110565,106,31,75
S00110566,103,25,78
S00110567,130,34,96
S00110568,149,48,101
S00110569,96,17,79
S00110570,124,21,103
S00110571,98,15,83
S00110572,180,29,151
S00110573,153,24,129
S00110574,129,31,98
S00110575,99,30,69
S00110576,124,29,95
S00110577,102,25,77
S00110578,157,35,122
S00110579,137,26,111
S00110580,156,35,121
S00110581,155,19,136
S00110582,157,36,121
S00110583,124,29,95
S00110584,60,16,44
S00110585,159,35,124
S00110586,145,22,123
S00110587,109,16,93
S00110588,109,23,86
S00110589,136,29,107
S00110590,69,43,26
S00110591,119,24,95
S00110592,110,23,87
S00110593,136,25,111
S00110594,112,15,97
S00110595,108,37,71
S00110596,154,32,122
S00110597,107,28,79
S00110598,114,22,92
S00110599,85,24,61
S00110600,114,14,100
S00110601,115,29,86
S00110602,120,24,96
S00110603,146,27,119
S00110604,118,31,87
S00110605,111,35,76
S00110606,139,32,107
S00110607,142,26,116
S00110608,121,15,106
S00110609,103,16,87
S00110610,151,27,124
S00110611,158,33,125
S00110612,133,36,97
S00110613,94,21,73
S00110614,69,21,48
S00110615,101,13,88
S00110616,109,22,87
S00110617,106,13,93
S00110618,72,26,46
S00110619,155,29,126
S00110620,87,14,73
S00110621,127,25,102
S00110622,85,20,65
S00110623,74,20,54
S00110624,148,35,113
S00110625,77,17,60
S00110626,65,15,50
S00110627,98,25,73
S00110628,154,28,126
S00110629,77,11,66
S00110630,66,21,45
S00110631,110,17,93
S00110632,91,13,78
S00110633,124,15,109
S00110634,122,25,97
S00110635,95,17,78
S00110636,72,17,55
S00110637,109,29,80
S00110638,111,16,95
S00110639,93,20,73
S00110640,94,29,65
S00110641,121,28,93
S00110642,113,11,102
S00110643,79,10,69
S00110644,149,23,126
S00110645,122,17,105
S00110646,130,33,97
S00110647,138,34,104
S00110648,75,24,51
S00110649,111,27,84
S00110650,92,18,74
S00110651,120,35,85
S00110652,83,27,56
S00110653,83,12,71
S00110654,173,27,146
S00110655,146,32,114
S00110656,92,28,64
S00110657,123,23,100
S00110658,104,22,82
S00110659,106,24,82
S00110660,135,29,106
S00110661,104,21,83
S00110662,140,31,109
S00110663,138,29,109
S00110664,110,27,83
S00110665,128,33,95
S00110666,102,29,73
S00110667,125,36,89
S00110668,88,13,75
S00110669,163,19,144
S00110670,195,18,177
S00110671,99,14,85
S00110672,102,15,87
S00110673,84,28,56
S00110674,167,22,145
S00110675,170,24,146
S00110676,201,22,179
S00110677,99,21,78
S00110678,85,12,73
S00110679,101,8,93
S00110680,105,15,90
S00110681,123,25,98
S00110682,77,20,57
S00110683,152,22,130
S00110684,164,25,139
S00110685,103,12,91
S00110686,159,29,130
S00110687,195,40,155
S00110688,87,22,65
S00110689,171,36,135
S00110690,92,13,79
S00110691,226,69,157
S00110692,142,19,123
S00110693,115,23,92
S00110694,99,17,82
S00110695,116,19,97
S00110696,148,38,110
S00110697,170,31,139
S00110698,107,20,87
S00110699,126,24,102
S00110700,57,48,9
S00110701,99,25,74
S00110702,55,17,38
S00110703,132,36,96
S00110704,106,21,85
S00110705,116,24,92
S00110706,96,16,80
S00110707,141,19,122
S00110708,148,25,123
S00110709,102,30,72
S00110710,127,20,107
S00110711,103,10,93
S00110712,119,32,87
S00110713,130,28,102
S00110714,64,25,39
S00110715,132,22,110
S00110716,129,21,108
S00110717,108,12,96
S00110718,162,30,132
S00110719,95,21,74
S00110720,100,13,87
S00110721,129,15,114
S00110722,86,24,62
S00110723,153,20,133
S00110724,128,29,99
S00110725,92,27,65
S00110726,115,30,85
S00110727,115,24,91
S00110728,103,33,70
S00110729,83,12,71
S00110730,136,39,97
S00110731,106,21,85
S00110732,139,20,119
S00110733,59,12,47
S00110734,102,23,79
S00110735,144,43,101
S00110736,135,46,89
S00110737,148,48,100
S00110738,106,22,84
S00110739,120,33,87
S00110740,160,46,114
S00110741,97,20,77
S00110742,108,26,82
S00110743,103,26,77
S00110744,119,25,94
S00110745,101,18,83
S00110746,84,18,66
S00110747,83,21,62
S00110748,113,36,77
S00110749,107,19,88
S00110750,92,25,67
S00110751,217,21,196
S00110752,85,20,65
S00110753,79,40,39
S00110754,95,18,77
S00110755,80,28,52
S00110756,80,21,59
S00110757,89,25,64
S00110758,117,49,68
S00110759,120,25,95
S00110760,112,36,76
S00110761,170,96,74
S00110762,128,31,97
S00110763,126,35,91
S00110764,151,37,114
S00110765,126,27,99
S00110766,206,19,187
S00110767,173,16,157
S00110768,213,126,87
S00110769,136,31,105
S00110770,141,12,129
S00110771,100,14,86
S00110772,90,17,73
S00110773,67,26,41
S00110774,108,29,79
S00110775,122,20,102
S00110776,105,34,71
S00110777,118,28,90
S00110778,191,43,148
S00110779,97,19,78
S00110780,113,11,102
S00110781,165,33,132
S00110782,109,28,81
S00110783,119,27,92
S00110784,84,19,65
S00110785,98,21,77
S00110786,88,29,59
S00110787,83,27,56
S00110788,127,25,102
S00110789,150,30,120
S00110790,116,26,90
S00110791,158,22,136
S00110792,92,30,62
S00110793,127,23,104
S00110794,162,34,128
S00110795,129,22,107
S00110796,76,20,56
S00110797,99,30,69
S00110798,130,34,96
S00110799,77,17,60
S00110800,123,30,93
S00110801,104,24,80
S00110802,113,19,94
S00110803,105,15,90
S00110804,142,36,106
S00110805,135,26,109
S00110806,174,38,136
S00110807,156,34,122
S00110808,112,22,90
S00110809,106,28,78
S00110810,119,19,100
S00110811,75,39,36
S00110812,116,27,89
S00110813,94,26,68
S00110814,64,48,16
S00110815,99,20,79
S00110816,133,21,112
S00110817,80,26,54
S00110818,98,18,80
S00110819,105,20,85
S00110820,114,21,93
S00110821,98,15,83
S00110822,136,20,116
S00110823,148,35,113
S00110824,118,18,100
S00110825,137,29,108
S00110826,100,25,75
S00110827,76,8,68
S00110828,140,32,108
S00110829,98,19,79
S00110830,118,31,87
S00110831,235,45,190
S00110832,74,26,48
S00110833,93,19,74
S00110834,110,29,81
S00110835,122,35,87
S00110836,107,37,70
S00110837,96,18,78
S00110838,77,17,60
S00110839,198,46,152
S00110840,143,28,115
S00110841,140,25,115
S00110842,97,15,82
S00110843,86,21,65
S00110844,114,26,88
S00110845,107,22,85
S00110846,100,14,86
S00110847,94,15,79
S00110848,101,25,76
S00110849,97,31,66
S00110850,104,30,74
S00110851,67,25,42
S00110852,88,19,69
S00110853,86,21,65
S00110854,82,19,63
S00110855,92,12,80
S00110856,132,26,106
S00110857,84,14,70
S00110858,91,13,78
S00110859,132,28,104
S00110860,101,25,76
S00110861,160,36,124
S00110862,126,21,105
S00110863,80,30,50
S00110864,50,14,36
S00110865,68,31,37
S00110866,66,14,52
S00110867,93,21,72
S00110868,85,22,63
S00110869,99,30,69
S00110870,140,36,104
S00110871,164,34,130
S00110872,139,32,107
S00110873,136,53,83
S00110874,155,27,128
S00110875,83,42,41
S00110876,118,22,96
S00110877,98,26,72
S00110878,105,37,68
S00110879,116,31,85
S00110880,87,36,51
S00110881,157,46,111
S00110882,72,13,59
S00110883,65,20,45
S00110884,77,23,54
S00110885,62,12,50
S00110886,73,22,51
S00110887,75,14,61
S00110888,79,16,63
S00110889,131,29,102
S00110890,68,11,57
S00110891,158,41,117
S00110892,89,13,76
S00110893,128,19,109
S00110894,153,38,115
S00110895,50,13,37
S00110896,132,38,94
S00110897,137,31,106
S00110898,78,27,51
S00110899,94,23,71
S00110900,156,32,124
S00110901,102,17,85
S00110902,132,25,107
S00110903,137,32,105
S00110904,159,45,114
S00110905,94,19,75
S00110906,135,26,109
S00110907,129,37,92
S00110908,115,39,76
S00110909,98,21,77
S00110910,83,24,59
S00110911,101,25,76
S00110912,89,13,76
S00110913,80,12,68
S00110914,71,12,59
S00110915,90,13,77
S00110916,114,17,97
S00110917,97,24,73
S00110918,63,16,47
S00110919,105,40,65
S00110920,115,24,91
S00110921,78,16,62
S00110922,65,21,44
S00110923,64,19,45
S00110924,124,27,97
S00110925,96,19,77
S00110926,108,23,85
S00110927,91,12,79
S00110928,77,15,62
S00110929,84,27,57
S00110930,74,26,48
S00110931,61,12,49
S00110932,88,22,66
S00110933,144,29,115
S00110934,94,17,77
S00110935,121,20,101
S00110936,55,11,44
S00110937,100,28,72
S00110938,59,13,46
S00110939,93,12,81
S00110940,87,13,74
S00110941,140,26,114
S00110942,140,54,86
S00110943,84,22,62
S00110944,85,15,70
S00110945,173,34,139
S00110946,70,16,54
S00110947,91,30,61
S00110948,101,14,87
S00110949,143,20,123
S00110950,73,13,60
S00110951,86,16,70
S00110952,132,24,108
S00110953,57,11,46
S00110954,84,15,69
S00110955,58,13,45
S00110956,110,12,98
S00110957,90,16,74
S00110958,70,10,60
S00110959,87,34,53
S00110960,54,7,47
S00110961,60,14,46
S00110962,114,30,84
S00110963,139,31,108
S00110964,115,32,83
S00110965,51,6,45
S00110966,150,43,107
S00110967,86,14,72
S00110968,156,11,145
S00110969,116,12,104
S00110970,76,13,63
S00110971,91,22,69
S00110972,86,9,77
S00110973,60,11,49
S00110974,188,31,157
S00110975,174,30,144
S00110976,105,25,80
S00110977,88,10,78
S00110978,149,23,126
S00110979,153,20,133
S00110980,124,31,93
S00110981,143,22,121
S00110982,154,25,129
S00110983,148,32,116
S00110984,120,19,101
S00110985,110,23,87
S00110986,74,12,62
S00110987,87,31,56
S00110988,139,31,108
S00110989,56,18,38
S00110990,87,28,59
S00110991,142,24,118
S00110992,105,15,90
S00110993,96,20,76
S00110994,121,44,77
S00110995,114,21,93
S00110996,99,19,80
S00110997,133,46,87
S00110998,83,14,69
S00110999,115,15,100
S00111000,108,24,84
S00111001,104,23,81
S00111002,108,15,93
S00111003,175,35,140
S00111004,115,23,92
S00111005,176,37,139
S00111006,110,18,92
S00111007,151,34,117
S00111008,123,22,101
S00111009,151,28,123
S00111010,160,31,129
S00111011,145,29,116
S00111012,115,25,90
S00111013,138,36,102
S00111014,117,13,104
S00111015,72,8,64
S00111016,97,25,72
S00111017,156,26,130
S00111018,87,11,76
S00111019,130,29,101
S00111020,61,9,52
S00111021,90,31,59
S00111022,147,51,96
S00111023,150,36,114
S00111024,76,17,59
S00111025,173,48,125
S00111026,157,28,129
S00111027,125,25,100
S00111028,111,19,92
S00111029,125,21,104
S00111030,54,8,46
S00111031,159,24,135
S00111032,114,33,81
S00111033,235,67,168
S00111034,65,23,42
S00111035,98,19,79
S00111036,79,19,60
S00111037,152,30,122
S00111038,175,36,139
S00111039,65,23,42
S00111040,82,13,69
S00111041,111,35,76
S00111042,59,26,33
S00111043,164,28,136
S00111044,69,13,56
S00111045,85,11,74
S00111046,152,56,96
S00111047,148,25,123
S00111048,70,19,51
S00111049,111,24,87
S00111050,80,33,47
S00111051,119,16,103
S00111052,84,16,68
S00111053,173,28,145
S00111054,138,27,111
S00111055,100,24,76
S00111056,113,23,90
S00111057,65,10,55
S00111058,130,17,113
S00111059,145,26,119
S00111060,167,17,150
S00111061,84,15,69
S00111062,123,31,92
S00111063,68,11,57
S00111064,96,15,81
S00111065,92,25,67
S00111066,135,10,125
S00111067,99,17,82
S00111068,100,14,86
S00111069,98,28,70
S00111070,138,22,116
S00111071,120,27,93
S00111072,120,26,94
S00111073,123,20,103
S00111074,195,32,163
S00111075,88,8,80
S00111076,114,8,106
S00111077,163,18,145
S00111078,133,24,109
S00111079,76,32,44
S00111080,76,19,57
S00111081,98,28,70
S00111082,84,7,77
S00111083,173,44,129
S00111084,139,32,107
S00111085,93,21,72
S00111086,116,20,96
S00111087,144,23,121
S00111088,146,14,132
S00111089,108,18,90
S00111090,98,10,88
S00111091,89,18,71
S00111092,132,21,111
S00111093,112,22,90
S00111094,162,27,135
S00111095,91,15,76
S00111096,86,13,73
S00111097,109,19,90
S00111098,82,26,56
S00111099,77,17,60
S00111100,119,24,95
S00111101,119,25,94
S00111102,125,11,114
S00111103,103,12,91
S00111104,161,9,152
S00111105,132,23,109
S00111106,142,15,127
S00111107,122,8,114
S00111108,111,30,81
S00111109,91,13,78
S00111110,162,30,132
S00111111,142,23,119
S00111112,145,19,126
S00111113,106,21,85
S00111114,126,18,108
S00111115,75,13,62
S00111116,98,25,73
S00111117,86,18,68
S00111118,73,13,60
S00111119,51,12,39
S00111120,108,26,82
S00111121,86,21,65
S00111122,120,19,101
S00111123,76,16,60
S00111124,98,22,76
S00111125,123,32,91
S00111126,145,38,107
S00111127,112,19,93
S00111128,103,18,85
S00111129,102,14,88
S00111130,134,26,108
S00111131,126,28,98
S00111132,139,21,118
S00111133,93,22,71
S00111134,144,16,128
S00111135,105,31,74
S00111136,136,15,121
S00111137,134,18,116
S00111138,124,20,104
S00111139,113,23,90
S00111140,65,13,52
S00111141,104,13,91
S00111142,127,28,99
S00111143,433,35,398
S00111144,179,52,127
S00111145,522,19,503
S00111146,56,10,46
S00111147,72,9,63
S00111148,119,13,106
S00111149,159,22,137
S00111150,79,41,38
S00111151,149,24,125
S00111152,169,18,151
S00111153,1908,83,1825
S00111154,187,15,172
S00111155,213,16,197
S00111156,285,33,252
S00111157,132,6,126
S00111158,180,18,162
S00111159,407,20,387
S00111160,142,13,129
S00111161,214,44,170
S00111162,71,24,47
S00111163,117,9,108
S00111164,68,15,53
S00111165,345,28,317
S00111166,102,21,81
S00111167,136,6,130
S00111168,146,12,134
S00111169,77,12,65
S00111170,158,12,146
S00111171,50,10,40
S00111172,247,20,227
S00111173,113,10,103
S00111174,121,14,107
S00111175,103,13,90
S00111176,121,26,95
S00111177,182,29,153
S00111178,115,19,96
S00111179,115,14,101
S00111180,135,25,110
S00111181,137,26,111
S00111182,139,26,113
S00111183,132,32,100
S00111184,105,13,92
S00111185,73,10,63
S00111186,70,13,57
S00111187,116,28,88
S00111188,144,22,122
S00111189,123,29,94
S00111190,97,21,76
S00111191,158,26,132
S00111192,79,14,65
S00111193,93,20,73
S00111194,84,17,67
S00111195,86,8,78
S00111196,112,27,85
S00111197,129,6,123
S00111198,126,4,122
S00111199,102,2,100
S00111200,83,28,55
S00111201,139,28,111
S00111202,146,32,114
S00111203,140,24,116
S00111204,156,8,148
S00111205,179,11,168
S00111206,436,40,396
S00111207,153,2,151
S00111208,109,7,102
S00111209,101,22,79
S00111210,161,32,129
S00111211,96,10,86
S00111212,156,36,120
S00111213,103,20,83
S00111214,86,24,62
S00111215,139,18,121
S00111216,96,19,77
S00111217,131,17,114
S00111218,162,21,141
S00111219,153,28,125
S00111220,121,26,95
S00111221,58,11,47
S00111222,120,17,103
S00111223,104,21,83
S00111224,140,24,116
S00111225,130,9,121
S00111226,132,16,116
S00111227,109,16,93
S00111228,176,18,158
S00111229,149,29,120
S00111230,85,15,70
S00111231,117,14,103
S00111232,113,22,91
S00111233,107,10,97
S00111234,154,53,101
S00111235,107,17,90
S00111236,150,31,119
S00111237,121,17,104
S00111238,121,26,95
S00111239,173,66,107
S00111240,86,15,71
S00111241,126,25,101
S00111242,90,20,70
S00111243,63,9,54
S00111244,128,14,114
S00111245,109,20,89
S00111246,134,30,104
S00111247,68,9,59
S00111248,79,16,63
S00111249,98,18,80
S00111250,69,26,43
S00111251,116,22,94
S00111252,164,18,146
S00111253,96,27,69
S00111254,85,17,68
S00111255,147,25,122
S00111256,130,24,106
S00111257,112,29,83
S00111258,103,21,82
S00111259,98,18,80
S00111260,93,24,69
S00111261,80,15,65
S00111262,117,22,95
S00111263,89,19,70
S00111264,73,14,59
S00111265,173,34,139
S00111266,218,46,172
S00111267,92,17,75
S00111268,77,8,69
S00111269,85,16,69
S00111270,96,23,73
S00111271,72,17,55
S00111272,87,21,66
S00111273,92,7,85
S00111274,64,19,45
S00111275,80,21,59
S00111276,96,19,77
S00111277,135,16,119
S00111278,118,24,94
S00111279,88,25,63
S00111280,82,18,64
S00111281,62,12,50
S00111282,70,11,59
S00111283,113,31,82
S00111284,106,25,81
S00111285,60,11,49
S00111286,94,18,76
S00111287,130,27,103
S00111288,103,13,90
S00111289,147,12,135
S00111290,126,17,109
S00111291,162,12,150
S00111292,114,12,102
S00111293,141,7,134
S00111294,137,17,120
S00111295,103,16,87
S00111296,78,24,54
S00111297,55,27,28
S00111298,90,36,54
S00111299,77,21,56
S00111300,84,24,60
S00111301,122,23,99
S00111302,93,21,72
S00111303,58,14,44
S00111304,107,11,96
S00111305,74,11,63
S00111306,55,14,41
S00111307,105,14,91
S00111308,108,61,47
S00111309,172,30,142
S00111310,124,29,95
S00111311,106,23,83
S00111312,113,16,97
S00111313,99,29,70
S00111314,83,58,25
S00111315,64,11,53
S00111316,127,33,94
S00111317,113,26,87
S00111318,68,12,56
S00111319,185,12,173
S00111320,249,14,235
S00111321,203,8,195
S00111322,166,17,149
S00111323,122,13,109
S00111324,153,10,143
S00111325,119,9,110
S00111326,127,5,122
S00111327,185,21,164
S00111328,176,11,165
S00111329,82,6,76
S00111330,177,61,116
S00111331,151,13,138
S00111332,62,11,51
S00111333,93,14,79
S00111334,97,15,82
S00111335,159,22,137
S00111336,89,18,71
S00111337,92,19,73
S00111338,73,18,55
S00111339,107,40,67
S00111340,106,38,68
S00111341,125,19,106
S00111342,69,9,60
S00111343,153,12,141
S00111344,99,20,79
S00111345,53,15,38
S00111346,181,24,157
S00111347,151,17,134
S00111348,62,2,60
S00111349,140,20,120
S00111350,189,8,181
S00111351,90,12,78
S00111352,136,15,121
S00111353,54,7,47
S00111354,84,23,61
S00111355,163,21,142
S00111356,140,35,105
S00111357,77,10,67
S00111358,118,28,90
S00111359,101,30,71
S00111360,67,19,48
S00111361,127,35,92
S00111362,79,20,59
S00111363,106,39,67
S00111364,105,28,77
S00111365,59,7,52
S00111366,89,15,74
S00111367,87,11,76
S00111368,63,12,51
S00111369,107,30,77
S00111370,102,24,78
S00111371,90,31,59
S00111372,74,22,52
S00111373,103,17,86
S00111374,69,27,42
S00111375,121,16,105
S00111376,67,5,62
S00111377,95,30,65
S00111378,98,23,75
S00111379,72,26,46
S00111380,66,12,54
S00111381,148,14,134
S00111382,101,28,73
S00111383,69,40,29
S00111384,96,21,75
S00111385,104,41,63
S00111386,99,23,76
S00111387,138,17,121
S00111388,128,18,110
S00111389,128,14,114
S00111390,190,10,180
S00111391,82,17,65
S00111392,104,57,47
S00111393,106,17,89
S00111394,139,8,131
S00111395,130,20,110
S00111396,100,16,84
S00111397,149,35,114
S00111398,101,17,84
S00111399,126,69,57
S00111400,145,25,120
S00111401,108,20,88
S00111402,76,16,60
S00111403,94,32,62
S00111404,63,8,55
S00111405,139,11,128
S00111406,126,19,107
S00111407,223,25,198
S00111408,130,6,124
S00111409,65,11,54
S00111410,86,10,76
S00111411,76,8,68
S00111412,166,17,149
S00111413,67,10,57
S00111414,106,46,60
S00111415,173,26,147
S00111416,74,19,55
S00111417,59,10,49
S00111418,106,25,81
S00111419,62,11,51
S00111420,135,15,120
S00111421,71,10,61
S00111422,88,9,79
S00111423,82,11,71
S00111424,131,18,113
S00111425,115,30,85
S00111426,99,28,71
S00111427,94,22,72
S00111428,84,18,66
S00111429,82,22,60
S00111430,151,25,126
S00111431,98,6,92
S00111432,64,5,59
S00111433,101,20,81
S00111434,70,16,54
S00111435,108,22,86
S00111436,131,24,107
S00111437,196,27,169
S00111438,121,36,85
S00111439,91,6,85
S00111440,70,17,53
S00111441,65,14,51
S00111442,72,12,60
S00111443,106,23,83
S00111444,128,28,100
S00111445,79,14,65
S00111446,78,19,59
S00111447,71,18,53
S00111448,149,26,123
S00111449,146,17,129
S00111450,53,15,38
S00111451,78,21,57
S00111452,128,23,105
S00111453,97,20,77
S00111454,103,14,89
S00111455,148,38,110
S00111456,158,30,128
S00111457,60,16,44
S00111458,82,23,59
S00111459,80,16,64
S00111460,85,20,65
S00111461,109,18,91
S00111462,163,26,137
S00111463,51,8,43
S00111464,125,28,97
S00111465,90,18,72
S00111466,140,27,113
S00111467,94,30,64
S00111468,102,18,84
S00111469,79,19,60
S00111470,73,25,48
S00111471,84,23,61
S00111472,122,34,88
S00111473,169,21,148
S00111474,71,10,61
S00111475,76,17,59
S00111476,56,19,37
S00111477,72,10,62
S00111478,175,6,169
S00111479,56,14,42
S00111480,138,13,125
S00111481,113,11,102
S00111482,53,21,32
S00111483,53,30,23
S00111484,114,10,104
S00111485,51,4,47
S00111486,88,17,71
S00111487,61,6,55
S00111488,64,10,54
S00111489,74,16,58
S00111490,121,19,102
S00111491,179,32,147
S00111492,115,30,85
S00111493,116,24,92
S00111494,80,11,69
S00111495,54,14,40
S00111496,92,15,77
S00111497,92,26,66
S00111498,104,24,80
S00111499,254,135,119
S00111500,147,14,133
S00111501,98,14,84
S00111502,131,16,115
S00111503,86,15,71
S00111504,113,24,89
S00111505,119,21,98
S00111506,90,12,78
S00111507,118,18,100
S00111508,159,19,140
S00111509,105,16,89
S00111510,93,25,68
S00111511,158,31,127
S00111512,96,12,84
S00111513,106,63,43
S00111514,129,3,126
S00111515,209,4,205
S00111516,209,12,197
S00111517,244,17,227
S00111518,101,3,98
S00111519,223,22,201
S00111520,141,10,131
S00111521,144,41,103
S00111522,87,22,65
S00111523,92,14,78
S00111524,141,57,84
S00111525,84,26,58
S00111526,161,36,125
S00111527,96,10,86
S00111528,116,23,93
S00111529,110,15,95
S00111530,138,16,122
S00111531,138,17,121
S00111532,57,14,43
S00111533,71,23,48
S00111534,101,12,89
S00111535,111,15,96
S00111536,87,10,77
S00111537,88,10,78
S00111538,84,14,70
S00111539,50,7,43
S00111540,72,11,61
S00111541,191,64,127
S00111542,59,11,48
S00111543,78,14,64
S00111544,108,22,86
S00111545,114,16,98
S00111546,51,12,39
S00111547,134,24,110
S00111548,81,31,50
S00111549,128,11,117
S00111550,149,20,129
S00111551,126,20,106
S00111552,79,27,52
S00111553,76,29,47
S00111554,69,7,62
S00111555,99,18,81
S00111556,130,15,115
S00111557,173,56,117
S00111558,92,24,68
S00111559,73,13,60
S00111560,69,12,57
S00111561,107,18,89
S00111562,103,21,82
S00111563,72,18,54
S00111564,136,35,101
S00111565,111,20,91
S00111566,107,12,95
S00111567,68,17,51
S00111568,81,12,69
S00111569,144,22,122
S00111570,73,16,57
S00111571,115,23,92
S00111572,121,16,105
S00111573,76,11,65
S00111574,121,19,102
S00111575,63,11,52
S00111576,82,17,65
S00111577,86,9,77
S00111578,127,21,106
S00111579,79,18,61
S00111580,127,22,105
S00111581,76,17,59
S00111582,187,34,153
S00111583,90,10,80
S00111584,76,15,61
S00111585,89,27,62
S00111586,84,16,68
S00111587,61,11,50
S00111588,97,24,73
S00111589,124,18,106
S00111590,124,28,96
S00111591,57,20,37
S00111592,82,29,53
S00111593,59,23,36
S00111594,60,36,24
S00111595,54,29,25
S00111596,51,26,25
S00111597,53,21,32
S00111598,84,13,71
S00111599,141,27,114
S00111600,59,5,54
S00111601,66,11,55
S00111602,58,18,40
S00111603,127,20,107
S00111604,79,15,64
S00111605,134,33,101
S00111606,63,16,47
S00111607,133,31,102
S00111608,79,18,61
S00111609,79,17,62
S00111610,129,16,113
S00111611,79,16,63
S00111612,135,22,113
S00111613,52,15,37
S00111614,97,25,72
S00111615,81,11,70
S00111616,177,51,126
S00111617,78,12,66
S00111618,78,17,61
S00111619,119,40,79
S00111620,63,20,43
S00111621,140,42,98
S00111622,55,9,46
S00111623,84,24,60
S00111624,100,19,81
S00111625,163,42,121
S00111626,59,9,50
S00111627,122,34,88
S00111628,139,35,104
S00111629,100,15,85
S00111630,73,16,57
S00111631,71,16,55
S00111632,109,23,86
S00111633,82,11,71
S00111634,117,23,94
S00111635,50,16,34
S00111636,141,26,115
S00111637,117,21,96
S00111638,80,25,55
S00111639,71,25,46
S00111640,98,20,78
S00111641,69,6,63
S00111642,152,17,135
S00111643,75,10,65
S00111644,190,20,170
S00111645,163,14,149
S00111646,179,18,161
S00111647,143,8,135
S00111648,167,14,153
S00111649,95,9,86
S00111650,153,4,149
S00111651,197,14,183
S00111652,216,6,210
S00111653,82,4,78
S00111654,190,14,176
S00111655,199,12,187
S00111656,125,10,115
S00111657,275,23,252
S00111658,72,3,69
S00111659,94,6,88
S00111660,110,8,102
S00111661,150,8,142
S00111662,181,9,172
S00111663,119,8,111
S00111664,181,13,168
S00111665,154,8,146
S00111666,235,13,222
S00111667,183,9,174
S00111668,206,17,189
S00111669,126,6,120
S00111670,150,11,139
S00111671,188,22,166
S00111672,228,10,218
S00111673,173,8,165
S00111674,169,27,142
S00111675,215,9,206
S00111676,122,2,120
S00111677,175,9,166
S00111678,184,10,174
S00111679,184,7,177
S00111680,135,11,124
S00111681,130,18,112
S00111682,164,7,157
S00111683,202,8,194
S00111684,179,14,165
S00111685,224,18,206
S00111686,93,4,89
S00111687,283,23,260
S00111688,147,7,140
S00111689,70,13,57
S00111690,223,6,217
S00111691,233,11,222
S00111692,166,9,157
S00111693,252,14,238
S00111694,195,19,176
S00111695,193,28,165
S00111696,75,6,69
S00111697,128,21,107
S00111698,140,25,115
S00111699,63,8,55
S00111700,90,26,64
S00111701,98,17,81
S00111702,155,30,125
S00111703,98,19,79
S00111704,132,25,107
S00111705,110,25,85
S00111706,106,20,86
S00111707,96,7,89
S00111708,56,12,44
S00111709,121,17,104
S00111710,147,11,136
S00111711,145,20,125
S00111712,233,11,222
S00111713,107,6,101
S00111714,240,20,220
S00111715,77,9,68
S00111716,209,62,147
S00111717,173,31,142
S00111718,90,17,73
S00111719,99,17,82
S00111720,114,21,93
S00111721,86,10,76
S00111722,106,13,93
S00111723,88,20,68
S00111724,90,14,76
S00111725,97,25,72
S00111726,76,25,51
S00111727,131,15,116
S00111728,102,12,90
S00111729,123,17,106
S00111730,162,14,148
S00111731,86,5,81
S00111732,167,11,156
S00111733,104,16,88
S00111734,109,23,86
S00111735,89,6,83
S00111736,147,31,116
S00111737,165,15,150
S00111738,197,16,181
S00111739,203,18,185
S00111740,82,12,70
S00111741,127,15,112
S00111742,115,9,106
S00111743,67,18,49
S00111744,204,25,179
S00111745,191,22,169
S00111746,62,13,49
S00111747,85,7,78
S00111748,107,18,89
S00111749,96,6,90
S00111750,153,39,114
S00111751,126,14,112
S00111752,73,4,69
S00111753,73,7,66
S00111754,108,26,82
S00111755,87,14,73
S00111756,173,20,153
S00111757,119,14,105
S00111758,119,34,85
S00111759,88,15,73
S00111760,128,21,107
S00111761,117,18,99
S00111762,52,11,41
S00111763,142,28,114
S00111764,94,18,76
S00111765,110,35,75
S00111766,51,16,35
S00111767,108,25,83
S00111768,121,23,98
S00111769,116,12,104
S00111770,91,15,76
S00111771,54,19,35
S00111772,196,48,148
S00111773,124,23,101
S00111774,117,43,74
S00111775,76,33,43
S00111776,71,10,61
S00111777,132,56,76
S00111778,57,10,47
S00111779,80,19,61
S00111780,133,19,114
S00111781,96,8,88
S00111782,147,20,127
S00111783,94,11,83
S00111784,106,18,88
S00111785,75,15,60
S00111786,164,42,122
S00111787,138,40,98
S00111788,98,5,93
S00111789,65,1,64
S00111790,120,10,110
S00111791,129,17,112
S00111792,108,14,94
S00111793,70,12,58
S00111794,131,16,115
S00111795,83,8,75
S00111796,127,14,113
S00111797,149,31,118
S00111798,89,6,83
S00111799,79,12,67
S00111800,78,7,71
S00111801,148,10,138
S00111802,94,8,86
S00111803,131,44,87
S00111804,78,8,70
S00111805,71,20,51
S00111806,67,10,57
S00111807,97,27,70
S00111808,77,47,30
S00111809,100,7,93
S00111810,239,36,203
S00111811,91,15,76
S00111812,225,24,201
S00111813,192,11,181
S00111814,76,59,17
S00111815,107,27,80
S00111816,58,12,46
S00111817,58,12,46
S00111818,162,20,142
S00111819,187,91,96
S00111820,195,39,156
S00111821,193,40,153
S00111822,65,9,56
S00111823,135,23,112
S00111824,128,23,105
S00111825,191,23,168
S00111826,252,20,232
S00111827,89,15,74
S00111828,144,18,126
S00111829,149,74,75
S00111830,91,15,76
S00111831,89,18,71
S00111832,141,29,112
S00111833,142,19,123
S00111834,53,20,33
S00111835,160,39,121
S00111836,158,26,132
S00111837,146,28,118
S00111838,153,23,130
S00111839,119,5,114
S00111840,121,17,104
S00111841,179,25,154
S00111842,139,27,112
S00111843,113,15,98
S00111844,151,42,109
S00111845,88,12,76
S00111846,66,34,32
S00111847,71,24,47
S00111848,156,30,126
S00111849,100,23,77
S00111850,73,9,64
S00111851,137,20,117
S00111852,106,25,81
S00111853,73,4,69
S00111854,79,13,66
S00111855,151,32,119
S00111856,59,14,45
S00111857,85,19,66
S00111858,87,28,59
S00111859,65,10,55
S00111860,132,23,109
S00111861,119,33,86
S00111862,78,27,51
S00111863,63,21,42
S00111864,87,57,30
S00111865,138,22,116
S00111866,281,37,244
S00111867,74,11,63
S00111868,145,36,109
S00111869,91,10,81
S00111870,158,48,110
S00111871,82,13,69
S00111872,148,27,121
S00111873,178,20,158
S00111874,98,11,87
S00111875,84,7,77
S00111876,155,25,130
S00111877,83,15,68
S00111878,115,14,101
S00111879,125,28,97
S00111880,63,10,53
S00111881,139,13,126
S00111882,110,16,94
S00111883,95,15,80
S00111884,85,2,83
S00111885,77,11,66
S00111886,75,12,63
S00111887,89,15,74
S00111888,134,9,125
S00111889,90,18,72
S00111890,75,9,66
S00111891,85,20,65
S00111892,135,23,112
S00111893,75,9,66
S00111894,75,40,35
S00111895,132,79,53
S00111896,65,24,41
S00111897,60,19,41
S00111898,107,21,86
S00111899,181,30,151
S00111900,74,29,45
S00111901,69,11,58
S00111902,148,33,115
S00111903,52,15,37
S00111904,102,33,69
S00111905,129,70,59
S00111906,167,21,146
S00111907,77,23,54
S00111908,126,33,93
S00111909,55,14,41
S00111910,147,38,109
S00111911,161,13,148
S00111912,115,10,105
S00111913,102,9,93
S00111914,192,19,173
S00111915,85,7,78
S00111916,111,16,95
S00111917,84,20,64
S00111918,177,30,147
S00111919,211,19,192
S00111920,70,9,61
S00111921,89,14,75
S00111922,52,13,39
S00111923,105,31,74
S00111924,69,25,44
S00111925,77,12,65
S00111926,137,17,120
S00111927,148,22,126
S00111928,157,25,132
S00111929,104,6,98
S00111930,52,19,33
S00111931,114,38,76
S00111932,68,19,49
S00111933,126,30,96
S00111934,76,20,56
S00111935,122,39,83
S00111936,151,59,92
S00111937,140,32,108
S00111938,65,19,46
S00111939,104,14,90
S00111940,86,22,64
S00111941,97,26,71
S00111942,156,48,108
S00111943,97,28,69
S00111944,109,21,88
S00111945,139,34,105
S00111946,119,37,82
S00111947,179,27,152
S00111948,165,58,107
S00111949,84,16,68
S00111950,126,11,115
S00111951,96,20,76
S00111952,73,22,51
S00111953,79,21,58
S00111954,161,34,127
S00111955,113,10,103
S00111956,76,16,60
S00111957,120,27,93
S00111958,65,17,48
S00111959,86,21,65
S00111960,85,45,40
S00111961,98,30,68
S00111962,66,11,55
S00111963,146,50,96
S00111964,129,34,95
S00111965,104,21,83
S00111966,193,83,110
S00111967,179,47,132
S00111968,95,34,61
S00111969,68,21,47
S00111970,163,28,135
S00111971,99,19,80
S00111972,120,40,80
S00111973,178,19,159
S00111974,134,14,120
S00111975,77,24,53
S00111976,123,32,91
S00111977,101,15,86
S00111978,114,29,85
S00111979,82,13,69
S00111980,119,17,102
S00111981,125,29,96
S00111982,154,36,118
S00111983,158,23,135
S00111984,76,12,64
S00111985,156,22,134
S00111986,76,9,67
S00111987,125,17,108
S00111988,219,22,197
S00111989,157,13,144
S00111990,111,12,99
S00111991,176,20,156
S00111992,86,18,68
S00111993,74,14,60
S00111994,65,17,48
S00111995,164,35,129
S00111996,111,36,75
S00111997,129,28,101
S00111998,98,29,69
S00111999,85,67,18
S00112000,67,15,52
S00112001,136,53,83
S00112002,172,46,126
S00112003,129,20,109
S00112004,126,20,106
S00112005,107,14,93
S00112006,68,15,53
S00112007,110,20,90
S00112008,116,28,88
S00112009,115,21,94
S00112010,72,19,53
S00112011,97,31,66
S00112012,166,16,150
S00112013,95,23,72
S00112014,136,12,124
S00112015,92,15,77
S00112016,163,19,144
S00112017,83,16,67
S00112018,127,39,88
S00112019,73,20,53
S00112020,122,31,91
S00112021,143,13,130
S00112022,86,17,69
S00112023,90,10,80
S00112024,97,17,80
S00112025,104,31,73
S00112026,111,23,88
S00112027,72,23,49
S00112028,108,13,95
S00112029,116,22,94
S00112030,73,8,65
S00112031,118,23,95
S00112032,95,17,78
S00112033,83,10,73
S00112034,96,21,75
S00112035,88,19,69
S00112036,77,41,36
S00112037,156,59,97
S00112038,144,41,103
S00112039,117,29,88
S00112040,104,25,79
S00112041,108,13,95
S00112042,85,18,67
S00112043,156,16,140
S00112044,80,20,60
S00112045,106,29,77
S00112046,100,26,74
S00112047,116,33,83
S00112048,138,20,118
S00112049,127,28,99
S00112050,107,14,93
S00112051,84,15,69
S00112052,107,22,85
S00112053,115,16,99
S00112054,182,31,151
S00112055,72,12,60
S00112056,115,19,96
S00112057,100,22,78
S00112058,87,19,68
S00112059,105,20,85
S00112060,53,18,35
S00112061,145,24,121
S00112062,60,18,42
S00112063,60,9,51
S00112064,169,32,137
S00112065,98,36,62
S00112066,76,5,71
S00112067,74,23,51
S00112068,158,13,145
S00112069,116,23,93
S00112070,96,3,93
S00112071,60,26,34
S00112072,140,22,118
S00112073,59,13,46
S00112074,116,24,92
S00112075,208,75,133
S00112076,88,15,73
S00112077,76,21,55
S00112078,97,15,82
S00112079,103,16,87
S00112080,81,18,63
S00112081,105,30,75
S00112082,141,12,129
S00112083,71,4,67
S00112084,121,23,98
S00112085,56,12,44
S00112086,124,56,68
S00112087,55,15,40
S00112088,99,14,85
S00112089,103,31,72
S00112090,85,19,66
S00112091,77,12,65
S00112092,122,20,102
S00112093,167,17,150
S00112094,51,7,44
S00112095,102,3,99
S00112096,162,16,146
S00112097,132,18,114
S00112098,88,10,78
S00112099,152,52,100
S00112100,136,22,114
S00112101,97,12,85
S00112102,100,16,84
S00112103,66,17,49
S00112104,161,13,148
S00112105,100,21,79
S00112106,82,17,65
S00112107,94,12,82
S00112108,109,18,91
S00112109,72,11,61
S00112110,73,9,64
S00112111,81,8,73
S00112112,125,44,81
S00112113,144,36,108
S00112114,122,26,96
S00112115,77,14,63
S00112116,87,22,65
S00112117,144,28,116
S00112118,70,14,56
S00112119,123,17,106
S00112120,158,22,136
S00112121,118,28,90
S00112122,90,12,78
S00112123,93,14,79
S00112124,133,20,113
S00112125,70,7,63
S00112126,129,37,92
S00112127,164,44,120
S00112128,111,41,70
S00112129,132,44,88
S00112130,96,30,66
S00112131,76,15,61
S00112132,124,41,83
S00112133,89,14,75
S00112134,135,12,123
S00112135,113,13,100
S00112136,75,7,68
S00112137,186,31,155
S00112138,172,16,156
S00112139,76,6,70
S00112140,189,14,175
S00112141,122,12,110
S00112142,126,3,123
S00112143,177,12,165
S00112144,194,12,182
S00112145,178,11,167
S00112146,214,17,197
S00112147,190,10,180
S00112148,92,15,77
S00112149,99,10,89
S00112150,119,16,103
S00112151,55,10,45
S00112152,221,21,200
S00112153,213,20,193
S00112154,57,21,36
S00112155,172,24,148
S00112156,136,11,125
S00112157,141,8,133
S00112158,193,18,175
S00112159,115,14,101
S00112160,253,11,242
S00112161,91,3,88
S00112162,67,3,64
S00112163,103,3,100
S00112164,99,4,95
S00112165,80,3,77
S00112166,165,3,162
S00112167,66,3,63
S00112168,97,4,93
S00112169,101,6,95
S00112170,114,10,104
S00112171,133,11,122
S00112172,91,31,60
S00112173,94,30,64
S00112174,100,23,77
S00112175,108,5,103
S00112176,101,5,96
S00112177,55,1,54
S00112178,54,1,53
S00112179,77,5,72
S00112180,143,3,140
S00112181,73,3,70
S00112182,101,12,89
S00112183,130,14,116
S00112184,138,2,136
S00112185,62,27,35
S00112186,64,27,37
S00112187,70,11,59
S00112188,89,11,78
S00112189,135,6,129
S00112190,121,4,117
S00112191,130,9,121
S00112192,150,13,137
S00112193,118,27,91
S00112194,88,22,66
S00112195,84,6,78
S00112196,130,15,115
S00112197,80,9,71
S00112198,96,21,75
S00112199,113,22,91
S00112200,125,23,102
S00112201,114,7,107
S00112202,55,47,8
S00112203,119,35,84
S00112204,166,11,155
S00112205,98,28,70
S00112206,79,8,71
S00112207,71,9,62
S00112208,127,29,98
S00112209,76,7,69
S00112210,82,3,79
S00112211,106,12,94
S00112212,73,35,38
S00112213,159,8,151
S00112214,115,9,106
S00112215,110,8,102
S00112216,127,5,122
S00112217,131,9,122
S00112218,96,11,85
S00112219,101,8,93
S00112220,106,11,95
S00112221,106,6,100
S00112222,50,1,49
S00112223,99,14,85
S00112224,143,9,134
S00112225,133,21,112
S00112226,141,5,136
S00112227,92,7,85
S00112228,60,16,44
S00112229,64,5,59
S00112230,51,2,49
S00112231,91,11,80
S00112232,87,7,80
S00112233,58,10,48
S00112234,95,15,80
S00112235,78,8,70
S00112236,68,9,59
S00112237,105,27,78
S00112238,76,5,71
S00112239,101,9,92
S00112240,104,12,92
S00112241,69,17,52
S00112242,80,7,73
S00112243,120,13,107
S00112244,111,17,94
S00112245,113,29,84
S00112246,85,15,70
S00112247,155,18,137
S00112248,102,21,81
S00112249,63,12,51
S00112250,67,16,51
S00112251,54,17,37
S00112252,65,17,48
S00112253,118,16,102
S00112254,143,8,135
S00112255,77,7,70
S00112256,110,18,92
S00112257,115,5,110
S00112258,138,9,129
S00112259,92,5,87
S00112260,110,5,105
S00112261,126,26,100
S00112262,55,7,48
S00112263,97,24,73
S00112264,56,24,32
S00112265,118,24,94
S00112266,105,18,87
S00112267,63,4,59
S00112268,89,7,82
S00112269,123,35,88
S00112270,151,2,149
S00112271,141,9,132
S00112272,129,6,123
S00112273,174,5,169
S00112274,194,38,156
S00112275,76,28,48
S00112276,87,33,54
S00112277,86,29,57
S00112278,111,28,83
S00112279,126,43,83
S00112280,125,16,109
S00112281,73,5,68
S00112282,69,23,46
S00112283,72,10,62
S00112284,121,23,98
S00112285,104,1,103
S00112286,132,11,121
S00112287,82,8,74
S00112288,84,3,81
S00112289,130,12,118
S00112290,113,6,107
S00112291,94,7,87
S00112292,165,22,143
S00112293,149,27,122
S00112294,86,8,78
S00112295,116,2,114
S00112296,147,8,139
S00112297,125,18,107
S00112298,120,7,113
S00112299,176,12,164
S00112300,124,13,111
S00112301,110,15,95
S00112302,121,27,94
S00112303,97,26,71
S00112304,97,28,69
S00112305,84,9,75
S00112306,123,11,112
S00112307,61,13,48
S00112308,84,28,56
S00112309,64,32,32
S00112310,104,69,35
S00112311,87,7,80
S00112312,75,3,72
S00112313,75,6,69
S00112314,96,50,46
S00112315,54,28,26
S00112316,62,34,28
S00112317,70,29,41
S00112318,102,53,49
S00112319,85,21,64
S00112320,104,8,96
S00112321,72,14,58
S00112322,121,30,91
S00112323,201,25,176
S00112324,645,41,604
S00112325,131,27,104
S00112326,103,24,79
S00112327,98,21,77
S00112328,79,32,47
S00112329,76,35,41
S00112330,67,36,31
S00112331,80,43,37
S00112332,62,35,27
S00112333,69,39,30
S00112334,87,61,26
S00112335,135,68,67
S00112336,85,46,39
S00112337,87,42,45
S00112338,94,30,64
S00112339,114,46,68
S00112340,91,14,77
S00112341,94,35,59
S00112342,103,43,60
S00112343,68,34,34
S00112344,118,8,110
S00112345,84,60,24
S00112346,73,9,64
S00112347,86,26,60
S00112348,124,49,75
S00112349,67,31,36
S00112350,58,25,33
S00112351,155,57,98
S00112352,138,51,87
S00112353,116,34,82
S00112354,120,32,88
S00112355,88,34,54
S00112356,124,39,85
S00112357,114,35,79
S00112358,121,57,64
S00112359,134,34,100
S00112360,52,11,41
S00112361,100,33,67
S00112362,168,8,160
S00112363,125,13,112
S00112364,108,10,98
S00112365,78,8,70
S00112366,58,4,54
S00112367,161,13,148
S00112368,76,23,53
S00112369,59,3,56
S00112370,136,24,112
S00112371,70,15,55
S00112372,120,15,105
S00112373,58,13,45
S00112374,75,8,67
S00112375,58,3,55
S00112376,114,12,102
S00112377,57,22,35
S00112378,87,31,56
S00112379,83,18,65
S00112380,121,34,87
S00112381,73,2,71
S00112382,60,21,39
S00112383,78,10,68
S00112384,89,16,73
S00112385,85,4,81
S00112386,73,6,67
S00112387,108,8,100
S00112388,87,5,82
S00112389,103,5,98
S00112390,105,5,100
S00112391,54,9,45
S00112392,52,10,42
S00112393,129,12,117
S00112394,73,16,57
S00112395,151,10,141
S00112396,95,19,76
S00112397,98,24,74
S00112398,103,28,75
S00112399,99,19,80
S00112400,91,24,67
S00112401,79,9,70
S00112402,104,9,95
S00112403,73,15,58
S00112404,83,6,77
S00112405,70,21,49
S00112406,72,19,53
S00112407,66,18,48
S00112408,122,43,79
S00112409,97,20,77
S00112410,101,10,91
S00112411,111,17,94
S00112412,84,12,72
S00112413,88,7,81
S00112414,73,6,67
S00112415,89,16,73
S00112416,89,4,85
S00112417,60,9,51
S00112418,128,19,109
S00112419,88,6,82
S00112420,54,4,50
S00112421,134,8,126
S00112422,69,5,64
S00112423,99,10,89
S00112424,50,2,48
S00112425,73,2,71
S00112426,93,3,90
S00112427,85,6,79
S00112428,80,1,79
S00112429,78,2,76
S00112430,60,3,57
S00112431,66,3,63
S00112432,78,2,76
S00112433,110,4,106
S00112434,156,10,146
S00112435,127,8,119
S00112436,75,14,61
S00112437,56,17,39
S00112438,100,29,71
S00112439,123,26,97
S00112440,119,45,74
S00112441,62,16,46
S00112442,75,21,54
S00112443,79,19,60
S00112444,106,17,89
S00112445,77,6,71
S00112446,118,43,75
S00112447,144,15,129
S00112448,78,6,72
S00112449,57,4,53
S00112450,81,6,75
S00112451,73,5,68
S00112452,56,6,50
S00112453,153,11,142
S00112454,100,19,81
S00112455,100,12,88
S00112456,91,14,77
S00112457,93,21,72
S00112458,77,16,61
S00112459,79,12,67
S00112460,122,13,109
S00112461,83,9,74
S00112462,54,4,50
S00112463,72,18,54
S00112464,74,16,58
S00112465,61,9,52
S00112466,91,6,85
S00112467,70,10,60
S00112468,66,6,60
S00112469,104,12,92
S00112470,71,3,68
S00112471,88,10,78
S00112472,80,4,76
S00112473,92,52,40
S00112474,92,6,86
S00112475,88,6,82
S00112476,144,32,112
S00112477,135,26,109
S00112478,73,34,39
S00112479,89,44,45
S00112480,159,45,114
S00112481,133,22,111
S00112482,56,3,53
S00112483,82,39,43
S00112484,71,31,40
S00112485,116,12,104
S00112486,65,20,45
S00112487,100,30,70
S00112488,66,8,58
S00112489,80,8,72
S00112490,120,36,84
S00112491,82,6,76
S00112492,81,15,66
S00112493,112,21,91
S00112494,115,11,104
S00112495,110,24,86
S00112496,98,7,91
S00112497,151,44,107
S00112498,71,11,60
S00112499,142,36,106
S00112500,117,19,98
S00112501,154,27,127
S00112502,120,9,111
S00112503,109,19,90
S00112504,90,7,83
S00112505,167,13,154
S00112506,71,4,67
S00112507,51,8,43
S00112508,97,10,87
S00112509,158,34,124
S00112510,102,24,78
S00112511,145,11,134
S00112512,104,11,93
S00112513,130,11,119
S00112514,112,19,93
S00112515,166,30,136
S00112516,173,19,154
S00112517,119,12,107
S00112518,114,6,108
S00112519,132,12,120
S00112520,99,32,67
S00112521,111,31,80
S00112522,74,4,70
S00112523,236,18,218
S00112524,74,5,69
S00112525,116,11,105
S00112526,59,4,55
S00112527,112,13,99
S00112528,97,17,80
S00112529,133,16,117
S00112530,135,7,128
S00112531,162,15,147
S00112532,118,3,115
S00112533,130,13,117
S00112534,64,9,55
S00112535,94,6,88
S00112536,117,9,108
S00112537,86,6,80
S00112538,95,10,85
S00112539,72,5,67
S00112540,85,7,78
S00112541,53,2,51
S00112542,151,10,141
S00112543,102,10,92
S00112544,124,5,119
S00112545,135,7,128
S00112546,270,16,254
S00112547,146,10,136
S00112548,168,25,143
S00112549,99,7,92
S00112550,77,5,72
S00112551,95,5,90
S00112552,94,3,91
S00112553,118,7,111
S00112554,121,9,112
S00112555,85,4,81
S00112556,150,5,145
S00112557,105,5,100
S00112558,109,5,104
S00112559,99,2,97
S00112560,122,7,115
S00112561,102,12,90
S00112562,156,13,143
S00112563,127,23,104
S00112564,211,8,203
S00112565,99,8,91
S00112566,80,13,67
S00112567,65,7,58
S00112568,124,28,96
S00112569,94,2,92
S00112570,81,7,74
S00112571,104,18,86
S00112572,114,15,99
S00112573,112,11,101
S00112574,99,7,92
S00112575,89,4,85
S00112576,164,6,158
S00112577,53,3,50
S00112578,95,7,88
S00112579,174,12,162
S00112580,137,10,127
S00112581,128,12,116
S00112582,69,2,67
S00112583,101,7,94
S00112584,161,14,147
S00112585,106,7,99
S00112586,69,12,57
S00112587,117,14,103
S00112588,112,20,92
S00112589,57,9,48
S00112590,63,11,52
S00112591,78,8,70
S00112592,103,11,92
S00112593,129,10,119
S00112594,130,11,119
S00112595,121,31,90
S00112596,84,8,76
S00112597,84,16,68
S00112598,93,8,85
S00112599,100,6,94
S00112600,66,7,59
S00112601,108,21,87
S00112602,99,36,63
S00112603,99,11,88
S00112604,75,7,68
S00112605,104,6,98
S00112606,108,16,92
S00112607,122,6,116
S00112608,123,15,108
S00112609,128,7,121
S00112610,81,8,73
S00112611,164,20,144
S00112612,157,18,139
S00112613,124,31,93
S00112614,151,15,136
S00112615,122,4,118
S00112616,142,21,121
S00112617,123,8,115
S00112618,76,12,64
S00112619,99,2,97
S00112620,129,10,119
S00112621,83,4,79
S00112622,57,2,55
S00112623,82,4,78
S00112624,114,15,99
S00112625,82,8,74
S00112626,65,4,61
S00112627,78,8,70
S00112628,91,10,81
S00112629,64,5,59
S00112630,53,5,48
S00112631,100,6,94
S00112632,55,4,51
S00112633,90,3,87
S00112634,85,2,83
S00112635,230,100,130
S00112636,115,30,85
S00112637,165,25,140
S00112638,119,26,93
S00112639,96,29,67
S00112640,113,6,107
S00112641,64,16,48
S00112642,99,14,85
S00112643,54,6,48
S00112644,119,13,106
S00112645,140,30,110
S00112646,97,16,81
S00112647,118,13,105
S00112648,98,8,90
S00112649,120,17,103
S00112650,131,12,119
S00112651,165,17,148
S00112652,153,30,123
S00112653,85,18,67
S00112654,88,24,64
S00112655,103,17,86
S00112656,133,30,103
S00112657,112,22,90
S00112658,109,12,97
S00112659,100,10,90
S00112660,118,10,108
S00112661,114,13,101
S00112662,100,22,78
S00112663,84,6,78
S00112664,129,10,119
S00112665,98,7,91
S00112666,68,17,51
S00112667,86,16,70
S00112668,81,9,72
S00112669,123,15,108
S00112670,78,11,67
S00112671,123,8,115
S00112672,88,14,74
S00112673,101,15,86
S00112674,77,12,65
S00112675,117,13,104
S00112676,94,11,83
S00112677,124,11,113
S00112678,89,12,77
S00112679,90,11,79
S00112680,74,15,59
S00112681,100,38,62
S00112682,71,2,69
S00112683,162,56,106
S00112684,122,9,113
S00112685,121,14,107
S00112686,118,12,106
S00112687,65,9,56
S00112688,50,5,45
S00112689,120,19,101
S00112690,98,13,85
S00112691,115,23,92
S00112692,145,17,128
S00112693,70,9,61
S00112694,117,27,90
S00112695,96,25,71
S00112696,154,20,134
S00112697,102,16,86
S00112698,130,19,111
S00112699,127,25,102
S00112700,109,17,92
S00112701,116,12,104
S00112702,93,39,54
S00112703,119,15,104
S00112704,181,33,148
S00112705,105,16,89
S00112706,148,17,131
S00112707,103,22,81
S00112708,175,13,162
S00112709,91,16,75
S00112710,179,9,170
S00112711,154,6,148
S00112712,139,8,131
S00112713,142,12,130
S00112714,92,5,87
S00112715,115,10,105
S00112716,101,17,84
S00112717,100,22,78
S00112718,85,16,69
S00112719,81,28,53
S00112720,97,29,68
S00112721,91,23,68
S00112722,98,17,81
S00112723,130,27,103
S00112724,77,26,51
S00112725,79,19,60
S00112726,81,25,56
S00112727,91,14,77
S00112728,93,13,80
S00112729,136,19,117
S00112730,103,24,79
S00112731,119,24,95
S00112732,122,19,103
S00112733,61,7,54
S00112734,108,10,98
S00112735,86,9,77
S00112736,112,12,100
S00112737,62,14,48
S00112738,60,9,51
S00112739,79,5,74
S00112740,56,8,48
S00112741,51,3,48
S00112742,138,27,111
S00112743,80,14,66
S00112744,110,17,93
S00112745,56,16,40
S00112746,146,23,123
S00112747,96,26,70
S00112748,78,30,48
S00112749,84,23,61
S00112750,123,31,92
S00112751,100,51,49
S00112752,154,18,136
S00112753,148,12,136
S00112754,124,29,95
S00112755,126,30,96
S00112756,92,23,69
S00112757,61,14,47
S00112758,82,20,62
S00112759,111,28,83
S00112760,88,29,59
S00112761,177,54,123
S00112762,155,29,126
S00112763,77,14,63
S00112764,53,24,29
S00112765,68,11,57
S00112766,186,39,147
S00112767,101,36,65
S00112768,108,32,76
S00112769,89,32,57
S00112770,100,22,78
S00112771,103,23,80
S00112772,100,32,68
S00112773,125,36,89
S00112774,104,34,70
S00112775,75,31,44
S00112776,94,28,66
S00112777,98,36,62
S00112778,84,30,54
S00112779,53,14,39
S00112780,87,35,52
S00112781,55,28,27
S00112782,56,22,34
S00112783,74,24,50
S00112784,115,28,87
S00112785,88,28,60
S00112786,89,21,68
S00112787,70,24,46
S00112788,150,35,115
S00112789,154,40,114
S00112790,114,44,70
S00112791,95,37,58
S00112792,133,48,85
S00112793,83,16,67
S00112794,77,30,47
S00112795,67,20,47
S00112796,181,86,95
S00112797,153,29,124
S00112798,91,31,60
S00112799,103,25,78
S00112800,91,19,72
S00112801,98,30,68
S00112802,94,23,71
S00112803,121,38,83
S00112804,117,26,91
S00112805,111,36,75
S00112806,116,40,76
S00112807,119,25,94
S00112808,101,26,75
S00112809,106,37,69
S00112810,100,31,69
S00112811,135,29,106
S00112812,90,18,72
S00112813,71,17,54
S00112814,142,45,97
S00112815,157,100,57
S00112816,155,38,117
S00112817,75,26,49
S00112818,89,24,65
S00112819,104,30,74
S00112820,113,26,87
S00112821,83,24,59
S00112822,105,35,70
S00112823,81,31,50
S00112824,156,37,119
S00112825,50,17,33
S00112826,79,26,53
S00112827,90,30,60
S00112828,99,37,62
S00112829,81,36,45
S00112830,121,48,73
S00112831,123,38,85
S00112832,121,35,86
S00112833,75,22,53
S00112834,73,19,54
S00112835,127,39,88
S00112836,139,31,108
S00112837,100,24,76
S00112838,87,25,62
S00112839,75,29,46
S00112840,114,19,95
S00112841,100,27,73
S00112842,95,51,44
S00112843,128,27,101
S00112844,95,26,69
S00112845,104,14,90
S00112846,150,28,122
S00112847,85,16,69
S00112848,146,32,114
S00112849,152,44,108
S00112850,78,17,61
S00112851,69,27,42
S00112852,69,18,51
S00112853,129,31,98
S00112854,68,23,45
S00112855,92,23,69
S00112856,106,26,80
S00112857,98,26,72
S00112858,110,32,78
S00112859,115,21,94
S00112860,149,41,108
S00112861,98,31,67
S00112862,163,45,118
S00112863,142,25,117
S00112864,130,40,90
S00112865,91,37,54
S00112866,112,47,65
S00112867,106,27,79
S00112868,83,24,59
S00112869,96,14,82
S00112870,142,46,96
S00112871,167,57,110
S00112872,147,50,97
S00112873,74,29,45
S00112874,78,27,51
S00112875,146,37,109
S00112876,119,36,83
S00112877,163,43,120
S00112878,168,47,121
S00112879,139,52,87
S00112880,104,30,74
S00112881,87,24,63
S00112882,139,41,98
S00112883,147,40,107
S00112884,116,25,91
S00112885,105,22,83
S00112886,100,32,68
S00112887,125,37,88
S00112888,94,24,70
S00112889,104,25,79
S00112890,92,16,76
S00112891,63,19,44
S00112892,51,16,35
S00112893,154,43,111
S00112894,168,41,127
S00112895,286,181,105
S00112896,91,5,86
S00112897,106,34,72
S00112898,85,22,63
S00112899,92,27,65
S00112900,64,23,41
S00112901,66,25,41
S00112902,195,80,115
S00112903,58,23,35
S00112904,98,23,75
S00112905,98,25,73
S00112906,106,36,70
S00112907,100,30,70
S00112908,78,33,45
S00112909,94,42,52
S00112910,81,23,58
S00112911,88,22,66
S00112912,78,35,43
S00112913,53,17,36
S00112914,60,19,41
S00112915,106,57,49
S00112916,117,42,75
S00112917,120,51,69
S00112918,111,35,76
S00112919,110,42,68
S00112920,104,22,82
S00112921,123,31,92
S00112922,123,43,80
S00112923,147,39,108
S00112924,103,26,77
S00112925,112,22,90
S00112926,115,24,91
S00112927,104,17,87
S00112928,133,38,95
S00112929,84,27,57
S00112930,102,23,79
S00112931,176,27,149
S00112932,91,15,76
S00112933,97,22,75
S00112934,147,50,97
S00112935,125,28,97
S00112936,61,8,53
S00112937,96,31,65
S00112938,94,23,71
S00112939,153,26,127
S00112940,128,28,100
S00112941,112,26,86
S00112942,107,39,68
S00112943,94,33,61
S00112944,69,29,40
S00112945,90,22,68
S00112946,124,46,78
S00112947,170,37,133
S00112948,66,32,34
S00112949,62,33,29
S00112950,154,17,137
S00112951,86,19,67
S00112952,218,23,195
S00112953,133,12,121
S00112954,132,16,116
S00112955,107,9,98
S00112956,100,11,89
S00112957,127,13,114
S00112958,138,19,119
S00112959,149,16,133
S00112960,113,14,99
S00112961,111,12,99
S00112962,124,43,81
S00112963,173,25,148
S00112964,152,23,129
S00112965,206,35,171
S00112966,126,14,112
S00112967,110,23,87
S00112968,118,15,103
S00112969,141,12,129
S00112970,148,10,138
S00112971,146,36,110
S00112972,153,15,138
S00112973,139,17,122
S00112974,140,12,128
S00112975,165,13,152
S00112976,97,7,90
S00112977,91,28,63
S00112978,72,33,39
S00112979,87,21,66
S00112980,57,10,47
S00112981,102,16,86
S00112982,86,9,77
S00112983,97,23,74
S00112984,58,32,26
S00112985,63,6,57
S00112986,91,17,74
S00112987,122,22,100
S00112988,62,8,54
S00112989,94,10,84
S00112990,119,33,86
S00112991,95,42,53
S00112992,76,27,49
S00112993,109,24,85
S00112994,110,42,68
S00112995,114,27,87
S00112996,99,25,74
S00112997,91,22,69
S00112998,131,32,99
S00112999,68,15,53
S00113000,73,29,44
S00113001,94,19,75
S00113002,146,26,120
S00113003,133,30,103
S00113004,102,28,74
S00113005,85,23,62
S00113006,65,23,42
S00113007,99,19,80
S00113008,106,17,89
S00113009,76,13,63
S00113010,87,15,72
S00113011,53,13,40
S00113012,119,23,96
S00113013,102,27,75
S00113014,95,7,88
S00113015,209,39,170
S00113016,109,13,96
S00113017,65,11,54
S00113018,77,12,65
S00113019,63,9,54
S00113020,95,20,75
S00113021,116,32,84
S00113022,125,23,102
S00113023,145,34,111
S00113024,95,20,75
S00113025,199,43,156
S00113026,65,23,42
S00113027,99,27,72
S00113028,75,33,42
S00113029,104,41,63
S00113030,151,36,115
S00113031,133,32,101
S00113032,114,29,85
S00113033,114,28,86
S00113034,134,27,107
S00113035,138,13,125
S00113036,117,21,96
S00113037,129,26,103
S00113038,73,15,58
S00113039,182,26,156
S00113040,88,39,49
S00113041,121,46,75
S00113042,113,43,70
S00113043,95,43,52
S00113044,108,37,71
S00113045,99,27,72
S00113046,68,26,42
S00113047,115,33,82
S00113048,156,48,108
S00113049,113,25,88
S00113050,129,25,104
S00113051,133,29,104
S00113052,102,31,71
S00113053,117,18,99
S00113054,154,37,117
S00113055,76,18,58
S00113056,86,24,62
S00113057,108,19,89
S00113058,150,34,116
S00113059,114,14,100
S00113060,95,21,74
S00113061,114,18,96
S00113062,190,144,46
S00113063,83,25,58
S00113064,112,22,90
S00113065,132,28,104
S00113066,124,44,80
S00113067,144,28,116
S00113068,162,37,125
S00113069,194,33,161
S00113070,180,30,150
S00113071,161,47,114
S00113072,109,35,74
S00113073,131,34,97
S00113074,108,30,78
S00113075,130,45,85
S00113076,79,57,22
S00113077,126,44,82
S00113078,148,31,117
S00113079,135,37,98
S00113080,159,39,120
S00113081,88,24,64
S00113082,105,25,80
S00113083,96,46,50
S00113084,50,14,36
S00113085,120,18,102
S00113086,57,16,41
S00113087,99,32,67
S00113088,144,36,108
S00113089,160,36,124
S00113090,52,14,38
S00113091,56,10,46
S00113092,94,25,69
S00113093,156,38,118
S00113094,126,43,83
S00113095,86,16,70
S00113096,84,28,56
S00113097,146,38,108
S00113098,57,10,47
S00113099,107,18,89
S00113100,68,14,54
S00113101,104,27,77
S00113102,151,38,113
S00113103,78,21,57
S00113104,91,49,42
S00113105,98,32,66
S00113106,82,25,57
S00113107,88,28,60
S00113108,95,19,76
S00113109,134,40,94
S00113110,61,16,45
S00113111,136,31,105
S00113112,159,50,109
S00113113,119,31,88
S00113114,57,48,9
S00113115,123,36,87
S00113116,72,21,51
S00113117,112,12,100
S00113118,109,17,92
S00113119,133,27,106
S00113120,58,13,45
S00113121,50,15,35
S00113122,59,17,42
S00113123,52,12,40
S00113124,153,38,115
S00113125,65,17,48
S00113126,109,27,82
S00113127,59,11,48
S00113128,79,38,41
S00113129,75,16,59
S00113130,121,10,111
S00113131,129,11,118
S00113132,65,2,63
S00113133,66,9,57
S00113134,92,13,79
S00113135,140,6,134
S00113136,77,17,60
S00113137,150,11,139
S00113138,100,14,86
S00113139,53,4,49
S00113140,108,16,92
S00113141,102,1,101
S00113142,80,5,75
S00113143,71,16,55
S00113144,113,10,103
S00113145,80,22,58
S00113146,78,26,52
S00113147,73,20,53
S00113148,107,6,101
S00113149,87,13,74
S00113150,79,31,48
S00113151,68,17,51
S00113152,108,9,99
S00113153,85,13,72
S00113154,52,27,25
S00113155,90,18,72
S00113156,86,14,72
S00113157,115,14,101
S00113158,85,8,77
S00113159,80,14,66
S00113160,99,4,95
S00113161,135,13,122
S00113162,157,15,142
S00113163,175,18,157
S00113164,123,5,118
S00113165,115,10,105
S00113166,90,8,82
S00113167,98,6,92
S00113168,122,23,99
S00113169,103,30,73
S00113170,143,15,128
S00113171,108,4,104
S00113172,128,9,119
S00113173,107,13,94
S00113174,52,7,45
S00113175,113,54,59
S00113176,156,42,114
S00113177,119,15,104
S00113178,149,29,120
S00113179,72,15,57
S00113180,121,15,106
S00113181,58,22,36
S00113182,101,31,70
S00113183,69,29,40
S00113184,54,13,41
S00113185,79,31,48
S00113186,60,21,39
S00113187,88,38,50
S00113188,80,45,35
S00113189,104,31,73
S00113190,114,41,73
S00113191,54,22,32
S00113192,122,67,55
S00113193,332,23,309
S00113194,106,24,82
S00113195,62,8,54
S00113196,79,31,48
S00113197,68,11,57
S00113198,1161,49,1112
S00113199,114,27,87
S00113200,107,25,82
S00113201,58,20,38
S00113202,72,21,51
S00113203,61,16,45
S00113204,95,19,76
S00113205,121,12,109
S00113206,119,9,110
S00113207,80,6,74
S00113208,99,4,95
S00113209,85,6,79
S00113210,124,13,111
S00113211,96,9,87
S00113212,61,1,60
S00113213,71,10,61
S00113214,139,11,128
S00113215,119,9,110
S00113216,97,3,94
S00113217,108,25,83
S00113218,79,42,37
S00113219,108,28,80
S00113220,91,12,79
S00113221,79,11,68
S00113222,117,3,114
S00113223,62,14,48
S00113224,100,34,66
S00113225,73,24,49
S00113226,62,12,50
S00113227,82,18,64
S00113228,67,6,61
S00113229,89,15,74
S00113230,113,12,101
S00113231,125,8,117
S00113232,76,37,39
S00113233,91,41,50
S00113234,90,38,52
S00113235,116,46,70
S00113236,106,43,63
S00113237,50,11,39
S00113238,57,20,37
S00113239,100,39,61
S00113240,98,30,68
S00113241,83,22,61
S00113242,134,22,112
S00113243,92,29,63
S00113244,113,36,77
S00113245,93,25,68
S00113246,95,32,63
S00113247,71,24,47
S00113248,109,29,80
S00113249,123,29,94
S00113250,83,34,49
S00113251,132,26,106
S00113252,103,36,67
S00113253,78,9,69
S00113254,72,21,51
S00113255,68,27,41
S00113256,153,9,144
S00113257,97,10,87
S00113258,103,11,92
S00113259,57,28,29
S00113260,70,9,61
S00113261,123,24,99
S00113262,58,13,45
S00113263,80,30,50
S00113264,57,19,38
S00113265,77,31,46
S00113266,87,28,59
S00113267,89,33,56
S00113268,133,43,90
S00113269,128,39,89
S00113270,99,50,49
S00113271,147,31,116
S00113272,172,8,164
S00113273,104,14,90
S00113274,202,162,40
S00113275,136,46,90
S00113276,124,22,102
S00113277,63,19,44
S00113278,78,13,65
S00113279,168,22,146
S00113280,182,19,163
S00113281,179,37,142
S00113282,81,9,72
S00113283,139,13,126
S00113284,108,22,86
S00113285,139,28,111
S00113286,79,12,67
S00113287,128,30,98
S00113288,235,164,71
S00113289,102,33,69
S00113290,106,46,60
S00113291,90,21,69
S00113292,133,11,122
S00113293,150,16,134
S00113294,138,14,124
S00113295,78,6,72
S00113296,104,13,91
S00113297,127,25,102
S00113298,111,27,84
S00113299,131,30,101
S00113300,92,16,76
S00113301,114,11,103
S00113302,129,22,107
S00113303,114,22,92
S00113304,63,11,52
S00113305,52,12,40
S00113306,104,19,85
S00113307,156,34,122
S00113308,128,28,100
S00113309,97,33,64
S00113310,111,16,95
S00113311,152,52,100
S00113312,121,37,84
S00113313,95,31,64
S00113314,72,23,49
S00113315,87,19,68
S00113316,82,31,51
S00113317,141,47,94
S00113318,114,39,75
S00113319,85,37,48
S00113320,117,62,55
S00113321,93,28,65
S00113322,106,31,75
S00113323,77,35,42
S00113324,94,28,66
S00113325,109,28,81
S00113326,142,40,102
S00113327,86,22,64
S00113328,155,16,139
S00113329,109,9,100
S00113330,151,34,117
S00113331,96,19,77
S00113332,67,11,56
S00113333,130,45,85
S00113334,88,24,64
S00113335,108,43,65
S00113336,151,50,101
S00113337,123,40,83
S00113338,98,45,53
S00113339,78,20,58
S00113340,112,45,67
S00113341,63,12,51
S00113342,69,8,61
S00113343,68,22,46
S00113344,93,10,83
S00113345,123,19,104
S00113346,115,16,99
S00113347,83,12,71
S00113348,89,36,53
S00113349,117,19,98
S00113350,109,25,84
S00113351,99,36,63
S00113352,66,24,42
S00113353,128,26,102
S00113354,144,14,130
S00113355,55,15,40
S00113356,72,21,51
S00113357,131,16,115
S00113358,101,37,64
S00113359,146,30,116
S00113360,161,37,124
S00113361,142,34,108
S00113362,93,8,85
S00113363,81,43,38
S00113364,67,16,51
S00113365,86,25,61
S00113366,111,39,72
S00113367,140,29,111
S00113368,171,43,128
S00113369,118,24,94
S00113370,113,22,91
S00113371,131,56,75
S00113372,169,28,141
S00113373,65,17,48
S00113374,76,26,50
S00113375,119,35,84
S00113376,73,24,49
S00113377,63,40,23
S00113378,103,13,90
S00113379,80,11,69
S00113380,82,9,73
S00113381,102,51,51
S00113382,59,24,35
S00113383,55,30,25
S00113384,113,56,57
S00113385,147,24,123
S00113386,178,34,144
S00113387,172,42,130
S00113388,124,37,87
S00113389,129,34,95
S00113390,78,26,52
S00113391,131,41,90
S00113392,152,39,113
S00113393,154,57,97
S00113394,107,15,92
S00113395,106,58,48
S00113396,100,46,54
S00113397,93,27,66
S00113398,120,32,88
S00113399,96,28,68
S00113400,115,26,89
S00113401,122,31,91
S00113402,81,41,40
S00113403,70,34,36
S00113404,158,30,128
S00113405,197,58,139
S00113406,140,29,111
S00113407,90,25,65
S00113408,209,114,95
S00113409,184,85,99
S00113410,115,39,76
S00113411,111,31,80
S00113412,86,16,70
S00113413,145,44,101
S00113414,93,37,56
S00113415,97,34,63
S00113416,104,36,68
S00113417,156,54,102
S00113418,130,46,84
S00113419,76,26,50
S00113420,129,32,97
S00113421,122,32,90
S00113422,66,22,44
S00113423,143,39,104
S00113424,155,56,99
S00113425,242,102,140
S00113426,104,23,81
S00113427,61,35,26
S00113428,104,37,67
S00113429,128,37,91
S00113430,111,46,65
S00113431,153,43,110
S00113432,132,32,100
S00113433,128,33,95
S00113434,99,28,71
S00113435,119,31,88
S00113436,72,29,43
S00113437,105,28,77
S00113438,163,59,104
S00113439,109,34,75
S00113440,125,36,89
S00113441,74,26,48
S00113442,174,45,129
S00113443,159,45,114
S00113444,112,19,93
S00113445,82,31,51
S00113446,57,16,41
S00113447,137,40,97
S00113448,104,20,84
S00113449,84,18,66
S00113450,114,8,106
S00113451,102,24,78
S00113452,60,21,39
S00113453,122,40,82
S00113454,66,12,54
S00113455,81,18,63
S00113456,110,36,74
S00113457,84,23,61
S00113458,75,32,43
S00113459,86,29,57
S00113460,145,30,115
S00113461,102,23,79
S00113462,115,39,76
S00113463,119,32,87
S00113464,95,27,68
S00113465,107,38,69
S00113466,126,34,92
S00113467,115,37,78
S00113468,55,16,39
S00113469,127,47,80
S00113470,165,45,120
S00113471,129,37,92
S00113472,81,26,55
S00113473,57,21,36
S00113474,121,47,74
S00113475,86,27,59
S00113476,102,33,69
S00113477,90,32,58
S00113478,111,43,68
S00113479,92,24,68
S00113480,83,11,72
S00113481,127,40,87
S00113482,63,26,37
S00113483,145,31,114
S00113484,102,29,73
S00113485,72,29,43
S00113486,90,23,67
S00113487,104,38,66
S00113488,132,32,100
S00113489,103,39,64
S00113490,76,24,52
S00113491,92,37,55
S00113492,71,26,45
S00113493,109,41,68
S00113494,108,36,72
S00113495,109,36,73
S00113496,80,22,58
S00113497,99,36,63
S00113498,120,47,73
S00113499,103,46,57
S00113500,57,22,35
S00113501,70,28,42
S00113502,67,21,46
S00113503,105,28,77
S00113504,116,35,81
S00113505,125,43,82
S00113506,76,17,59
S00113507,195,98,97
S00113508,165,30,135
S00113509,97,11,86
S00113510,140,40,100
S00113511,133,31,102
S00113512,154,41,113
S00113513,107,24,83
S00113514,63,21,42
S00113515,69,28,41
S00113516,91,33,58
S00113517,167,45,122
S00113518,142,46,96
S00113519,68,19,49
S00113520,71,30,41
S00113521,73,23,50
S00113522,158,18,140
S00113523,121,40,81
S00113524,144,17,127
S00113525,108,50,58
S00113526,99,49,50
S00113527,92,38,54
S00113528,111,35,76
S00113529,127,26,101
S00113530,86,22,64
S00113531,112,40,72
S00113532,93,25,68
S00113533,113,36,77
S00113534,76,30,46
S00113535,85,30,55
S00113536,84,34,50
S00113537,85,22,63
S00113538,79,51,28
S00113539,114,54,60
S00113540,79,30,49
S00113541,82,28,54
S00113542,168,69,99
S00113543,91,44,47
S00113544,79,39,40
S00113545,113,34,79
S00113546,110,40,70
S00113547,142,28,114
S00113548,147,59,88
S00113549,135,56,79
S00113550,77,44,33
S00113551,61,28,33
S00113552,83,30,53
S00113553,112,45,67
S00113554,82,21,61
S00113555,145,54,91
S00113556,61,16,45
S00113557,79,30,49
S00113558,79,23,56
S00113559,140,47,93
S00113560,169,49,120
S00113561,63,16,47
S00113562,80,15,65
S00113563,60,52,8
S00113564,147,56,91
S00113565,72,19,53
S00113566,109,26,83
S00113567,152,63,89
S00113568,186,50,136
S00113569,179,42,137
S00113570,138,36,102
S00113571,164,58,106
S00113572,149,29,120
S00113573,141,14,127
S00113574,169,19,150
S00113575,136,29,107
S00113576,90,19,71
S00113577,72,33,39
S00113578,59,24,35
S00113579,133,41,92
S00113580,176,49,127
S00113581,93,22,71
S00113582,123,26,97
S00113583,104,26,78
S00113584,78,23,55
S00113585,83,22,61
S00113586,128,59,69
S00113587,129,56,73
S00113588,175,59,116
S00113589,152,42,110
S00113590,133,38,95
S00113591,112,44,68
S00113592,126,46,80
S00113593,157,41,116
S00113594,134,57,77
S00113595,113,35,78
S00113596,65,17,48
S00113597,77,24,53
S00113598,115,33,82
S00113599,132,35,97
S00113600,65,26,39
S00113601,91,30,61
S00113602,61,21,40
S00113603,182,62,120
S00113604,93,36,57
S00113605,178,56,122
S00113606,151,41,110
S00113607,83,26,57
S00113608,75,27,48
S00113609,159,65,94
S00113610,85,24,61
S00113611,89,17,72
S00113612,107,32,75
S00113613,91,19,72
S00113614,103,22,81
S00113615,101,24,77
S00113616,90,8,82
S00113617,115,28,87
S00113618,108,31,77
S00113619,87,18,69
S00113620,102,30,72
S00113621,96,53,43
S00113622,158,42,116
S00113623,119,21,98
S00113624,81,21,60
S00113625,101,28,73
S00113626,92,20,72
S00113627,123,31,92
S00113628,96,20,76
S00113629,122,35,87
S00113630,69,21,48
S00113631,103,31,72
S00113632,96,26,70
S00113633,140,34,106
S00113634,75,24,51
S00113635,122,29,93
S00113636,118,26,92
S00113637,100,24,76
S00113638,82,29,53
S00113639,200,58,142
S00113640,116,14,102
S00113641,113,12,101
S00113642,104,15,89
S00113643,106,14,92
S00113644,167,19,148
S00113645,117,12,105
S00113646,92,14,78
S00113647,176,24,152
S00113648,110,22,88
S00113649,142,21,121
S00113650,100,16,84
S00113651,72,13,59
S00113652,105,27,78
S00113653,131,22,109
S00113654,119,34,85
S00113655,121,33,88
S00113656,137,52,85
S00113657,62,13,49
S00113658,52,21,31
S00113659,94,32,62
S00113660,99,27,72
S00113661,115,43,72
S00113662,84,18,66
S00113663,79,9,70
S00113664,113,15,98
S00113665,71,28,43
S00113666,94,23,71
S00113667,86,21,65
S00113668,60,25,35
S00113669,106,29,77
S00113670,85,31,54
S00113671,150,33,117
S00113672,102,34,68
S00113673,122,36,86
S00113674,58,14,44
S00113675,105,35,70
S00113676,114,22,92
S00113677,85,26,59
S00113678,94,21,73
S00113679,77,44,33
S00113680,74,18,56
S00113681,80,20,60
S00113682,84,14,70
S00113683,129,44,85
S00113684,93,31,62
S00113685,128,20,108
S00113686,120,17,103
S00113687,55,6,49
S00113688,65,13,52
S00113689,129,29,100
S00113690,71,15,56
S00113691,102,11,91
S00113692,122,12,110
S00113693,115,10,105
S00113694,128,9,119
S00113695,86,5,81
S00113696,66,7,59
S00113697,109,9,100
S00113698,104,17,87
S00113699,77,16,61
S00113700,74,7,67
S00113701,99,10,89
S00113702,100,14,86
S00113703,125,8,117
S00113704,83,20,63
S00113705,81,6,75
S00113706,90,13,77
S00113707,79,8,71
S00113708,95,7,88
S00113709,111,14,97
S00113710,99,13,86
S00113711,114,13,101
S00113712,72,7,65
S00113713,152,19,133
S00113714,73,7,66
S00113715,71,13,58
S00113716,103,38,65
S00113717,93,14,79
S00113718,60,15,45
S00113719,130,30,100
S00113720,89,20,69
S00113721,105,9,96
S00113722,74,13,61
S00113723,100,10,90
S00113724,80,12,68
S00113725,108,33,75
S00113726,98,24,74
S00113727,148,37,111
S00113728,122,29,93
S00113729,115,36,79
S00113730,130,32,98
S00113731,61,18,43
S00113732,107,23,84
S00113733,89,13,76
S00113734,139,19,120
S00113735,81,22,59
S00113736,113,23,90
S00113737,105,29,76
S00113738,83,19,64
S00113739,57,6,51
S00113740,106,23,83
S00113741,96,19,77
S00113742,69,13,56
S00113743,123,18,105
S00113744,136,30,106
S00113745,112,22,90
S00113746,121,21,100
S00113747,78,17,61
S00113748,125,20,105
S00113749,109,20,89
S00113750,106,26,80
S00113751,53,9,44
S00113752,149,41,108
S00113753,106,34,72
S00113754,93,12,81
S00113755,55,14,41
S00113756,120,36,84
S00113757,71,9,62
S00113758,76,19,57
S00113759,127,67,60
S00113760,93,19,74
S00113761,78,33,45
S00113762,105,33,72
S00113763,75,25,50
S00113764,143,48,95
S00113765,110,12,98
S00113766,107,23,84
S00113767,105,13,92
S00113768,67,19,48
S00113769,139,10,129
S00113770,178,13,165
S00113771,97,28,69
S00113772,64,33,31
S00113773,63,33,30
S00113774,135,49,86
S00113775,82,12,70
S00113776,74,29,45
S00113777,50,15,35
S00113778,72,28,44
S00113779,81,40,41
S00113780,110,33,77
S00113781,64,19,45
S00113782,86,25,61
S00113783,137,35,102
S00113784,54,10,44
S00113785,85,34,51
S00113786,93,21,72
S00113787,121,37,84
S00113788,83,41,42
S00113789,55,18,37
S00113790,114,53,61
S00113791,75,52,23
S00113792,74,22,52
S00113793,130,35,95
S00113794,84,35,49
S00113795,103,29,74
S00113796,90,33,57
S00113797,87,39,48
S00113798,105,35,70
S00113799,67,31,36
S00113800,60,19,41
S00113801,50,14,36
S00113802,60,29,31
S00113803,76,26,50
S00113804,76,19,57
S00113805,78,27,51
S00113806,149,32,117
S00113807,163,32,131
S00113808,106,25,81
S00113809,160,45,115
S00113810,74,14,60
S00113811,71,25,46
S00113812,146,33,113
S00113813,114,16,98
S00113814,79,23,56
S00113815,126,26,100
S00113816,110,55,55
S00113817,132,32,100
S00113818,141,44,97
S00113819,76,23,53
S00113820,55,24,31
S00113821,79,20,59
S00113822,170,50,120
S00113823,237,128,109
S00113824,160,9,151
S00113825,133,16,117
S00113826,156,20,136
S00113827,98,12,86
S00113828,113,18,95
S00113829,79,24,55
S00113830,113,21,92
S00113831,120,40,80
S00113832,127,31,96
S00113833,107,23,84
S00113834,107,34,73
S00113835,63,21,42
S00113836,77,34,43
S00113837,65,24,41
S00113838,106,66,40
S00113839,86,47,39
S00113840,60,31,29
S00113841,123,64,59
S00113842,77,39,38
S00113843,119,48,71
S00113844,113,56,57
S00113845,79,48,31
S00113846,112,56,56
S00113847,96,47,49
S00113848,117,35,82
S00113849,98,45,53
S00113850,80,31,49
S00113851,57,26,31
S00113852,111,33,78
S00113853,72,27,45
S00113854,133,51,82
S00113855,93,28,65
S00113856,90,27,63
S00113857,65,22,43
S00113858,88,28,60
S00113859,137,52,85
S00113860,71,37,34
S00113861,52,17,35
S00113862,193,60,133
S00113863,153,61,92
S00113864,83,34,49
S00113865,89,37,52
S00113866,119,57,62
S00113867,95,38,57
S00113868,112,47,65
S00113869,148,59,89
S00113870,108,42,66
S00113871,124,37,87
S00113872,123,23,100
S00113873,67,11,56
S00113874,68,15,53
S00113875,108,23,85
S00113876,107,41,66
S00113877,58,17,41
S00113878,157,34,123
S00113879,115,40,75
S00113880,128,37,91
S00113881,102,38,64
S00113882,95,40,55
S00113883,84,22,62
S00113884,95,32,63
S00113885,85,31,54
S00113886,89,19,70
S00113887,84,39,45
S00113888,84,30,54
S00113889,105,50,55
S00113890,102,35,67
S00113891,90,39,51
S00113892,60,24,36
S00113893,100,41,59
S00113894,86,16,70
S00113895,148,46,102
S00113896,70,24,46
S00113897,122,50,72
S00113898,83,22,61
S00113899,70,22,48
S00113900,68,8,60
S00113901,107,34,73
S00113902,64,24,40
S00113903,98,30,68
S00113904,82,28,54
S00113905,84,12,72
S00113906,102,36,66
S00113907,61,12,49
S00113908,109,15,94
S00113909,57,14,43
S00113910,87,27,60
S00113911,86,12,74
S00113912,77,18,59
S00113913,114,17,97
S00113914,103,44,59
S00113915,122,31,91
S00113916,100,28,72
S00113917,140,37,103
S00113918,138,34,104
S00113919,85,18,67
S00113920,128,33,95
S00113921,55,9,46
S00113922,72,13,59
S00113923,101,23,78
S00113924,103,32,71
S00113925,90,30,60
S00113926,135,27,108
S00113927,92,20,72
S00113928,176,19,157
S00113929,110,36,74
S00113930,117,14,103
S00113931,135,42,93
S00113932,107,41,66
S00113933,115,27,88
S00113934,75,27,48
S00113935,80,35,45
S00113936,140,34,106
S00113937,121,27,94
S00113938,109,25,84
S00113939,77,25,52
S00113940,170,58,112
S00113941,160,56,104
S00113942,115,30,85
S00113943,79,21,58
S00113944,90,16,74
S00113945,82,7,75
S00113946,83,12,71
S00113947,69,13,56
S00113948,73,19,54
S00113949,114,35,79
S00113950,112,53,59
S00113951,129,46,83
S00113952,94,23,71
S00113953,107,33,74
S00113954,58,22,36
S00113955,70,24,46
S00113956,101,34,67
S00113957,104,25,79
S00113958,127,40,87
S00113959,83,20,63
S00113960,91,12,79
S00113961,111,44,67
S00113962,156,80,76
S00113963,109,15,94
S00113964,122,16,106
S00113965,177,21,156
S00113966,142,30,112
S00113967,209,33,176
S00113968,175,37,138
S00113969,110,30,80
S00113970,163,31,132
S00113971,172,25,147
S00113972,124,15,109
S00113973,168,23,145
S00113974,120,56,64
S00113975,119,37,82
S00113976,105,39,66
S00113977,116,26,90
S00113978,157,47,110
S00113979,102,39,63
S00113980,154,67,87
S00113981,102,53,49
S00113982,128,16,112
S00113983,108,24,84
S00113984,151,48,103
S00113985,109,50,59
S00113986,104,27,77
S00113987,121,38,83
S00113988,112,34,78
S00113989,116,26,90
S00113990,62,33,29
S00113991,111,27,84
S00113992,72,32,40
S00113993,78,30,48
S00113994,195,36,159
S00113995,92,25,67
S00113996,71,32,39
S00113997,95,29,66
S00113998,111,23,88
S00113999,111,30,81
S00114000,124,36,88
S00114001,85,32,53
S00114002,63,34,29
S00114003,85,39,46
S00114004,90,36,54
S00114005,129,54,75
S00114006,119,38,81
S00114007,85,32,53
S00114008,81,34,47
S00114009,139,43,96
S00114010,67,20,47
S00114011,127,40,87
S00114012,86,43,43
S00114013,88,17,71
S00114014,56,13,43
S00114015,88,37,51
S00114016,158,47,111
S00114017,122,43,79
S00114018,70,16,54
S00114019,61,9,52
S00114020,82,46,36
S00114021,115,23,92
S00114022,80,20,60
S00114023,56,8,48
S00114024,140,77,63
S00114025,107,24,83
S00114026,152,36,116
S00114027,127,15,112
S00114028,169,35,134
S00114029,111,26,85
S00114030,123,27,96
S00114031,95,18,77
S00114032,81,18,63
S00114033,109,21,88
S00114034,76,15,61
S00114035,143,15,128
S00114036,118,13,105
S00114037,98,16,82
S00114038,147,35,112
S00114039,126,22,104
S00114040,99,24,75
S00114041,133,16,117
S00114042,180,25,155
S00114043,107,17,90
S00114044,88,10,78
S00114045,106,36,70
S00114046,153,21,132
S00114047,54,19,35
S00114048,82,35,47
S00114049,55,27,28
S00114050,140,56,84
S00114051,97,47,50
S00114052,107,35,72
S00114053,103,42,61
S00114054,102,42,60
S00114055,135,47,88
S00114056,102,40,62
S00114057,76,34,42
S00114058,185,63,122
S00114059,100,31,69
S00114060,82,26,56
S00114061,97,28,69
S00114062,89,20,69
S00114063,177,81,96
S00114064,94,42,52
S00114065,137,34,103
S00114066,158,40,118
S00114067,78,42,36
S00114068,109,31,78
S00114069,103,44,59
S00114070,79,33,46
S00114071,190,50,140
S00114072,140,45,95
S00114073,175,43,132
S00114074,120,20,100
S00114075,178,31,147
S00114076,77,9,68
S00114077,147,36,111
S00114078,138,26,112
S00114079,118,26,92
S00114080,105,30,75
S00114081,152,30,122
S00114082,113,30,83
S00114083,141,56,85
S00114084,111,51,60
S00114085,120,36,84
S00114086,133,37,96
S00114087,68,14,54
S00114088,117,18,99
S00114089,145,34,111
S00114090,145,28,117
S00114091,116,37,79
S00114092,144,12,132
S00114093,191,23,168
S00114094,123,46,77
S00114095,80,19,61
S00114096,128,40,88
S00114097,97,28,69
S00114098,57,21,36
S00114099,139,41,98
S00114100,86,26,60
S00114101,90,29,61
S00114102,103,34,69
S00114103,100,32,68
S00114104,89,43,46
S00114105,85,23,62
S00114106,120,20,100
S00114107,123,22,101
S00114108,145,16,129
S00114109,114,51,63
S00114110,80,8,72
S00114111,101,20,81
S00114112,103,17,86
S00114113,160,22,138
S00114114,163,17,146
S00114115,123,31,92
S00114116,145,22,123
S00114117,156,83,73
S00114118,100,36,64
S00114119,70,21,49
S00114120,97,31,66
S00114121,93,31,62
S00114122,86,36,50
S00114123,73,24,49
S00114124,59,25,34
S00114125,51,22,29
S00114126,103,41,62
S00114127,88,38,50
S00114128,86,33,53
S00114129,116,46,70
S00114130,121,40,81
S00114131,124,42,82
S00114132,120,41,79
S00114133,107,41,66
S00114134,150,36,114
S00114135,83,26,57
S00114136,121,38,83
S00114137,199,44,155
S00114138,108,35,73
S00114139,100,44,56
S00114140,132,31,101
S00114141,962,313,649
S00114142,88,32,56
S00114143,122,32,90
S00114144,67,19,48
S00114145,148,29,119
S00114146,133,23,110
S00114147,120,52,68
S00114148,139,27,112
S00114149,103,22,81
S00114150,92,19,73
S00114151,93,25,68
S00114152,148,74,74
S00114153,116,49,67
S00114154,68,23,45
S00114155,106,36,70
S00114156,90,33,57
S00114157,101,20,81
S00114158,79,37,42
S00114159,102,33,69
S00114160,93,28,65
S00114161,87,16,71
S00114162,106,32,74
S00114163,67,36,31
S00114164,95,39,56
S00114165,91,31,60
S00114166,87,24,63
S00114167,99,33,66
S00114168,139,45,94
S00114169,87,30,57
S00114170,91,22,69
S00114171,88,39,49
S00114172,57,44,13
S00114173,77,39,38
S00114174,69,32,37
S00114175,86,28,58
S00114176,181,52,129
S00114177,71,21,50
S00114178,127,43,84
S00114179,231,57,174
S00114180,107,34,73
S00114181,188,71,117
S00114182,51,25,26
S00114183,210,41,169
S00114184,147,26,121
S00114185,137,20,117
S00114186,78,13,65
S00114187,99,26,73
S00114188,118,23,95
S00114189,109,21,88
S00114190,113,40,73
S00114191,53,12,41
S00114192,81,15,66
S00114193,58,15,43
S00114194,163,25,138
S00114195,156,16,140
S00114196,98,31,67
S00114197,160,23,137
S00114198,108,13,95
S00114199,72,19,53
S00114200,67,12,55
S00114201,72,21,51
S00114202,59,7,52
S00114203,137,33,104
S00114204,95,21,74
S00114205,126,28,98
S00114206,50,15,35
S00114207,99,33,66
S00114208,104,28,76
S00114209,148,44,104
S00114210,77,18,59
S00114211,115,16,99
S00114212,60,14,46
S00114213,115,20,95
S00114214,104,17,87
S00114215,105,18,87
S00114216,83,21,62
S00114217,65,24,41
S00114218,153,53,100
S00114219,168,45,123
S00114220,65,26,39
S00114221,101,24,77
S00114222,108,34,74
S00114223,90,30,60
S00114224,172,42,130
S00114225,148,55,93
S00114226,152,31,121
S00114227,138,43,95
S00114228,164,17,147
S00114229,175,48,127
S00114230,74,23,51
S00114231,152,48,104
S00114232,79,10,69
S00114233,160,33,127
S00114234,106,29,77
S00114235,75,35,40
S00114236,118,25,93
S00114237,213,53,160
S00114238,120,34,86
S00114239,78,24,54
S00114240,171,42,129
S00114241,70,27,43
S00114242,165,33,132
S00114243,81,28,53
S00114244,209,88,121
S00114245,52,25,27
S00114246,163,45,118
S00114247,131,30,101
S00114248,122,23,99
S00114249,144,6,138
S00114250,168,18,150
S00114251,159,11,148
S00114252,104,22,82
S00114253,132,23,109
S00114254,62,24,38
S00114255,102,27,75
S00114256,169,53,116
S00114257,114,38,76
S00114258,165,50,115
S00114259,151,39,112
S00114260,121,43,78
S00114261,111,16,95
S00114262,70,17,53
S00114263,87,47,40
S00114264,81,22,59
S00114265,119,29,90
S00114266,110,32,78
S00114267,118,35,83
S00114268,116,35,81
S00114269,90,24,66
S00114270,115,54,61
S00114271,75,26,49
S00114272,78,33,45
S00114273,116,21,95
S00114274,114,42,72
S00114275,73,12,61
S00114276,121,34,87
S00114277,176,39,137
S00114278,95,35,60
S00114279,127,26,101
S00114280,132,75,57
S00114281,83,21,62
S00114282,75,25,50
S00114283,55,23,32
S00114284,71,23,48
S00114285,137,37,100
S00114286,72,22,50
S00114287,100,42,58
S00114288,104,36,68
S00114289,117,34,83
S00114290,193,50,143
S00114291,121,48,73
S00114292,101,42,59
S00114293,53,16,37
S00114294,68,22,46
S00114295,89,41,48
S00114296,73,24,49
S00114297,67,18,49
S00114298,106,25,81
S00114299,166,23,143
S00114300,116,49,67
S00114301,96,34,62
S00114302,87,20,67
S00114303,112,26,86
S00114304,63,21,42
S00114305,131,49,82
S00114306,104,41,63
S00114307,112,44,68
S00114308,58,26,32
S00114309,147,24,123
S00114310,99,13,86
S00114311,125,43,82
S00114312,127,43,84
S00114313,108,21,87
S00114314,63,21,42
S00114315,124,42,82
S00114316,124,27,97
S00114317,131,44,87
S00114318,88,37,51
S00114319,131,43,88
S00114320,117,36,81
S00114321,78,52,26
S00114322,205,115,90
S00114323,106,17,89
S00114324,106,15,91
S00114325,123,20,103
S00114326,103,21,82
S00114327,128,28,100
S00114328,92,33,59
S00114329,91,31,60
S00114330,89,31,58
S00114331,86,21,65
S00114332,89,52,37
S00114333,87,27,60
S00114334,55,21,34
S00114335,78,23,55
S00114336,132,24,108
S00114337,52,27,25
S00114338,118,33,85
S00114339,122,32,90
S00114340,93,8,85
S00114341,92,21,71
S00114342,75,34,41
S00114343,134,65,69
S00114344,141,47,94
S00114345,61,5,56
S00114346,79,43,36
S00114347,74,11,63
S00114348,88,3,85
S00114349,116,14,102
S00114350,76,11,65
S00114351,58,8,50
S00114352,65,14,51
S00114353,87,31,56
S00114354,127,14,113
S00114355,95,32,63
S00114356,143,33,110
S00114357,69,16,53
S00114358,76,12,64
S00114359,111,13,98
S00114360,113,50,63
S00114361,243,107,136
S00114362,114,31,83
S00114363,102,28,74
S00114364,123,45,78
S00114365,79,27,52
S00114366,109,26,83
S00114367,136,35,101
S00114368,83,37,46
S00114369,103,39,64
S00114370,92,45,47
S00114371,72,31,41
S00114372,80,17,63
S00114373,63,25,38
S00114374,71,30,41
S00114375,93,34,59
S00114376,127,31,96
S00114377,125,39,86
S00114378,106,36,70
S00114379,114,28,86
S00114380,72,40,32
S00114381,56,26,30
S00114382,126,38,88
S00114383,52,7,45
S00114384,83,7,76
S00114385,115,6,109
S00114386,90,6,84
S00114387,149,48,101
S00114388,184,69,115
S00114389,109,49,60
S00114390,85,23,62
S00114391,146,65,81
S00114392,112,51,61
S00114393,73,24,49
S00114394,62,10,52
S00114395,109,24,85
S00114396,132,13,119
S00114397,56,4,52
S00114398,86,6,80
S00114399,87,8,79
S00114400,134,19,115
S00114401,190,35,155
S00114402,58,7,51
S00114403,103,18,85
S00114404,91,8,83
S00114405,82,13,69
S00114406,84,11,73
S00114407,61,8,53
S00114408,61,10,51
S00114409,120,20,100
S00114410,95,12,83
S00114411,142,20,122
S00114412,91,8,83
S00114413,61,6,55
S00114414,91,10,81
S00114415,63,8,55
S00114416,86,7,79
S00114417,76,10,66
S00114418,76,9,67
S00114419,108,52,56
S00114420,148,24,124
S00114421,76,8,68
S00114422,115,9,106
S00114423,92,13,79
S00114424,104,12,92
S00114425,156,31,125
S00114426,122,11,111
S00114427,71,13,58
S00114428,61,7,54
S00114429,90,10,80
S00114430,143,43,100
S00114431,125,13,112
S00114432,75,5,70
S00114433,162,30,132
S00114434,170,19,151
S00114435,117,15,102
S00114436,169,19,150
S00114437,112,12,100
S00114438,51,19,32
S00114439,76,26,50
S00114440,62,7,55
S00114441,79,13,66
S00114442,118,29,89
S00114443,157,25,132
S00114444,199,25,174
S00114445,152,19,133
S00114446,147,18,129
S00114447,103,18,85
S00114448,226,41,185
S00114449,238,33,205
S00114450,137,13,124
S00114451,191,27,164
S00114452,156,17,139
S00114453,134,18,116
S00114454,109,15,94
S00114455,336,87,249
S00114456,269,43,226
S00114457,121,14,107
S00114458,124,16,108
S00114459,125,18,107
S00114460,118,13,105
S00114461,68,18,50
S00114462,80,8,72
S00114463,76,27,49
S00114464,70,14,56
S00114465,87,14,73
S00114466,69,4,65
S00114467,93,18,75
S00114468,76,7,69
S00114469,81,13,68
S00114470,110,7,103
S00114471,75,9,66
S00114472,56,5,51
S00114473,116,24,92
S00114474,60,9,51
S00114475,76,4,72
S00114476,67,3,64
S00114477,103,19,84
S00114478,111,11,100
S00114479,70,9,61
S00114480,50,12,38
S00114481,152,14,138
S00114482,70,16,54
S00114483,99,9,90
S00114484,178,65,113
S00114485,114,7,107
S00114486,91,6,85
S00114487,100,8,92
S00114488,91,11,80
S00114489,99,16,83
S00114490,105,15,90
S00114491,74,12,62
S00114492,102,17,85
S00114493,91,22,69
S00114494,57,13,44
S00114495,133,17,116
S00114496,75,13,62
S00114497,116,18,98
S00114498,81,17,64
S00114499,81,6,75
S00114500,89,14,75
S00114501,98,21,77
S00114502,118,13,105
S00114503,88,11,77
S00114504,149,32,117
S00114505,119,14,105
S00114506,107,9,98
S00114507,83,10,73
S00114508,77,13,64
S00114509,92,10,82
S00114510,109,19,90
S00114511,105,19,86
S00114512,95,12,83
S00114513,122,37,85
S00114514,71,17,54
S00114515,192,30,162
S00114516,91,9,82
S00114517,144,25,119
S00114518,150,13,137
S00114519,112,16,96
S00114520,67,12,55
S00114521,120,14,106
S00114522,116,38,78
S00114523,129,12,117
S00114524,80,7,73
S00114525,97,17,80
S00114526,110,16,94
S00114527,108,13,95
S00114528,71,16,55
S00114529,60,11,49
S00114530,111,15,96
S00114531,125,21,104
S00114532,89,13,76
S00114533,68,10,58
S00114534,74,14,60
S00114535,144,43,101
S00114536,122,42,80
S00114537,135,11,124
S00114538,105,22,83
S00114539,62,10,52
S00114540,127,13,114
S00114541,100,21,79
S00114542,102,8,94
S00114543,177,31,146
S00114544,176,23,153
S00114545,165,20,145
S00114546,59,9,50
S00114547,89,32,57
S00114548,132,21,111
S00114549,81,28,53
S00114550,173,18,155
S00114551,204,25,179
S00114552,84,9,75
S00114553,172,31,141
S00114554,149,32,117
S00114555,158,27,131
S00114556,148,35,113
S00114557,63,13,50
S00114558,162,28,134
S00114559,171,31,140
S00114560,115,14,101
S00114561,104,21,83
S00114562,108,9,99
S00114563,105,10,95
S00114564,103,11,92
S00114565,119,16,103
S00114566,147,11,136
S00114567,111,18,93
S00114568,190,24,166
S00114569,134,19,115
S00114570,121,27,94
S00114571,131,13,118
S00114572,236,88,148
S00114573,102,12,90
S00114574,246,28,218
S00114575,126,15,111
S00114576,146,13,133
S00114577,115,19,96
S00114578,185,21,164
S00114579,153,20,133
S00114580,147,9,138
S00114581,120,16,104
S00114582,124,19,105
S00114583,103,33,70
S00114584,74,27,47
S00114585,78,23,55
S00114586,76,17,59
S00114587,151,19,132
S00114588,119,24,95
S00114589,108,30,78
S00114590,115,21,94
S00114591,88,23,65
S00114592,136,20,116
S00114593,170,26,144
S00114594,120,27,93
S00114595,95,9,86
S00114596,179,27,152
S00114597,89,13,76
S00114598,187,24,163
S00114599,219,39,180
S00114600,120,22,98
S00114601,146,48,98
S00114602,109,15,94
S00114603,116,16,100
S00114604,58,25,33
S00114605,62,30,32
S00114606,65,28,37
S00114607,83,35,48
S00114608,52,22,30
S00114609,62,14,48
S00114610,102,31,71
S00114611,142,23,119
S00114612,154,34,120
S00114613,101,21,80
S00114614,72,16,56
S00114615,96,14,82
S00114616,79,15,64
S00114617,141,26,115
S00114618,115,19,96
S00114619,68,23,45
S00114620,126,28,98
S00114621,168,41,127
S00114622,134,31,103
S00114623,199,36,163
S00114624,113,19,94
S00114625,56,5,51
S00114626,61,11,50
S00114627,96,19,77
S00114628,77,19,58
S00114629,71,8,63
S00114630,53,8,45
S00114631,73,14,59
S00114632,113,39,74
S00114633,109,29,80
S00114634,109,22,87
S00114635,145,35,110
S00114636,126,35,91
S00114637,73,22,51
S00114638,70,19,51
S00114639,75,18,57
S00114640,90,22,68
S00114641,52,12,40
S00114642,66,22,44
S00114643,146,35,111
S00114644,128,36,92
S00114645,73,20,53
S00114646,132,31,101
S00114647,121,27,94
S00114648,110,34,76
S00114649,74,16,58
S00114650,192,40,152
S00114651,119,32,87
S00114652,97,32,65
S00114653,92,37,55
S00114654,84,25,59
S00114655,120,42,78
S00114656,143,29,114
S00114657,118,37,81
S00114658,82,31,51
S00114659,56,15,41
S00114660,56,10,46
S00114661,153,45,108
S00114662,95,22,73
S00114663,68,14,54
S00114664,106,18,88
S00114665,108,32,76
S00114666,93,25,68
S00114667,116,40,76
S00114668,78,29,49
S00114669,125,18,107
S00114670,194,40,154
S00114671,102,34,68
S00114672,108,23,85
S00114673,100,37,63
S00114674,65,28,37
S00114675,145,58,87
S00114676,59,23,36
S00114677,90,34,56
S00114678,65,23,42
S00114679,82,31,51
S00114680,104,16,88
S00114681,78,13,65
S00114682,84,14,70
S00114683,55,7,48
S00114684,186,15,171
S00114685,173,30,143
S00114686,132,35,97
S00114687,60,6,54
S00114688,123,10,113
S00114689,83,9,74
S00114690,81,13,68
S00114691,70,12,58
S00114692,211,43,168
S00114693,126,28,98
S00114694,84,11,73
S00114695,72,22,50
S00114696,115,32,83
S00114697,123,34,89
S00114698,123,30,93
S00114699,84,37,47
S00114700,71,14,57
S00114701,122,39,83
S00114702,134,30,104
S00114703,86,21,65
S00114704,121,38,83
S00114705,163,34,129
S00114706,174,23,151
S00114707,97,15,82
S00114708,98,11,87
S00114709,101,9,92
S00114710,147,37,110
S00114711,191,42,149
S00114712,76,15,61
S00114713,99,7,92
S00114714,154,32,122
S00114715,139,17,122
S00114716,130,23,107
S00114717,135,20,115
S00114718,125,13,112
S00114719,102,12,90
S00114720,90,7,83
S00114721,91,4,87
S00114722,117,19,98
S00114723,104,22,82
S00114724,112,14,98
S00114725,101,21,80
S00114726,77,11,66
S00114727,53,7,46
S00114728,89,8,81
S00114729,116,12,104
S00114730,62,16,46
S00114731,72,14,58
S00114732,61,9,52
S00114733,100,17,83
S00114734,79,14,65
S00114735,89,6,83
S00114736,61,13,48
S00114737,58,10,48
S00114738,51,5,46
S00114739,151,17,134
S00114740,136,10,126
S00114741,104,4,100
S00114742,111,7,104
S00114743,81,18,63
S00114744,144,16,128
S00114745,122,18,104
S00114746,114,21,93
S00114747,92,9,83
S00114748,151,16,135
S00114749,66,14,52
S00114750,71,14,57
S00114751,80,11,69
S00114752,138,30,108
S00114753,118,17,101
S00114754,74,14,60
S00114755,115,27,88
S00114756,83,13,70
S00114757,93,15,78
S00114758,70,16,54
S00114759,101,9,92
S00114760,74,6,68
S00114761,54,9,45
S00114762,139,12,127
S00114763,90,5,85
S00114764,105,18,87
S00114765,148,19,129
S00114766,142,10,132
S00114767,63,2,61
S00114768,85,20,65
S00114769,92,24,68
S00114770,75,16,59
S00114771,74,15,59
S00114772,95,9,86
S00114773,51,11,40
S00114774,110,14,96
S00114775,127,22,105
S00114776,71,4,67
S00114777,92,13,79
S00114778,51,33,18
S00114779,179,20,159
S00114780,153,20,133
S00114781,111,12,99
S00114782,97,8,89
S00114783,181,14,167
S00114784,106,20,86
S00114785,85,13,72
S00114786,108,17,91
S00114787,70,8,62
S00114788,56,3,53
S00114789,75,10,65
S00114790,74,9,65
S00114791,122,16,106
S00114792,93,15,78
S00114793,62,5,57
S00114794,147,8,139
S00114795,147,15,132
S00114796,149,19,130
S00114797,161,27,134
S00114798,71,15,56
S00114799,139,17,122
S00114800,103,18,85
S00114801,77,12,65
S00114802,110,21,89
S00114803,92,12,80
S00114804,109,40,69
S00114805,98,17,81
S00114806,72,7,65
S00114807,105,54,51
S00114808,65,34,31
S00114809,65,4,61
S00114810,104,33,71
S00114811,67,26,41
S00114812,118,33,85
S00114813,135,38,97
S00114814,72,17,55
S00114815,140,30,110
S00114816,160,66,94
S00114817,151,40,111
S00114818,160,55,105
S00114819,136,38,98
S00114820,89,30,59
S00114821,118,29,89
S00114822,172,38,134
S00114823,106,32,74
S00114824,71,23,48
S00114825,81,29,52
S00114826,96,10,86
S00114827,177,26,151
S00114828,65,7,58
S00114829,56,22,34
S00114830,66,26,40
S00114831,144,39,105
S00114832,126,49,77
S00114833,114,31,83
S00114834,121,33,88
S00114835,91,51,40
S00114836,72,30,42
S00114837,128,25,103
S00114838,82,32,50
S00114839,60,40,20
S00114840,61,34,27
S00114841,65,40,25
S00114842,95,23,72
S00114843,96,39,57
S00114844,129,29,100
S00114845,100,12,88
S00114846,102,32,70
S00114847,82,25,57
S00114848,93,16,77
S00114849,59,9,50
S00114850,187,27,160
S00114851,178,46,132
S00114852,155,34,121
S00114853,75,24,51
S00114854,90,25,65
S00114855,109,27,82
S00114856,104,21,83
S00114857,66,14,52
S00114858,140,39,101
S00114859,172,53,119
S00114860,119,39,80
S00114861,83,16,67
S00114862,105,16,89
S00114863,82,26,56
S00114864,107,38,69
S00114865,133,34,99
S00114866,109,19,90
S00114867,92,39,53
S00114868,65,48,17
S00114869,82,10,72
S00114870,122,26,96
S00114871,111,40,71
S00114872,81,25,56
S00114873,77,38,39
S00114874,114,39,75
S00114875,72,27,45
S00114876,60,32,28
S00114877,80,36,44
S00114878,150,24,126
S00114879,141,28,113
S00114880,97,16,81
S00114881,107,9,98
S00114882,112,14,98
S00114883,55,7,48
S00114884,63,9,54
S00114885,84,12,72
S00114886,107,29,78
S00114887,89,26,63
S00114888,76,23,53
S00114889,70,11,59
S00114890,146,27,119
S00114891,154,38,116
S00114892,132,36,96
S00114893,61,20,41
S00114894,107,18,89
S00114895,118,31,87
S00114896,127,25,102
S00114897,67,37,30
S00114898,156,42,114
S00114899,126,34,92
S00114900,64,18,46
S00114901,132,30,102
S00114902,113,12,101
S00114903,109,25,84
S00114904,190,28,162
S00114905,155,10,145
S00114906,169,21,148
S00114907,131,23,108
S00114908,92,22,70
S00114909,105,27,78
S00114910,74,23,51
S00114911,167,29,138
S00114912,93,16,77
S00114913,142,22,120
S00114914,121,17,104
S00114915,89,17,72
S00114916,100,3,97
S00114917,112,39,73
S00114918,101,14,87
S00114919,160,15,145
S00114920,166,19,147
S00114921,121,16,105
S00114922,99,9,90
S00114923,126,17,109
S00114924,141,17,124
S00114925,132,11,121
S00114926,150,32,118
S00114927,112,20,92
S00114928,118,12,106
S00114929,140,13,127
S00114930,95,21,74
S00114931,159,49,110
S00114932,86,27,59
S00114933,132,29,103
S00114934,77,21,56
S00114935,145,42,103
S00114936,84,28,56
S00114937,76,13,63
S00114938,105,34,71
S00114939,112,37,75
S00114940,80,18,62
S00114941,128,25,103
S00114942,116,35,81
S00114943,89,17,72
S00114944,138,16,122
S00114945,145,22,123
S00114946,142,11,131
S00114947,200,15,185
S00114948,100,10,90
S00114949,125,12,113
S00114950,155,13,142
S00114951,114,25,89
S00114952,135,22,113
S00114953,147,27,120
S00114954,165,28,137
S00114955,191,25,166
S00114956,141,17,124
S00114957,164,19,145
S00114958,82,8,74
S00114959,138,11,127
S00114960,108,11,97
S00114961,131,32,99
S00114962,82,13,69
S00114963,130,26,104
S00114964,81,12,69
S00114965,93,18,75
S00114966,58,12,46
S00114967,86,12,74
S00114968,101,28,73
S00114969,198,36,162
S00114970,135,23,112
S00114971,124,16,108
S00114972,120,16,104
S00114973,154,19,135
S00114974,130,25,105
S00114975,126,17,109
S00114976,94,15,79
S00114977,156,27,129
S00114978,219,27,192
S00114979,104,54,50
S00114980,116,18,98
S00114981,130,22,108
S00114982,178,29,149
S00114983,92,28,64
S00114984,111,23,88
S00114985,84,11,73
S00114986,72,13,59
S00114987,64,8,56
S00114988,53,12,41
S00114989,80,6,74
S00114990,81,13,68
S00114991,72,11,61
S00114992,64,5,59
S00114993,53,9,44
S00114994,89,36,53
S00114995,89,16,73
S00114996,89,31,58
S00114997,55,2,53
S00114998,59,6,53
S00114999,87,19,68
S00115000,85,25,60
S00115001,94,32,62
S00115002,57,10,47
S00115003,81,16,65
S00115004,52,3,49
S00115005,55,10,45
S00115006,87,23,64
S00115007,94,21,73
S00115008,113,29,84
S00115009,126,30,96
S00115010,66,9,57
S00115011,82,8,74
S00115012,108,25,83
S00115013,65,9,56
S00115014,113,18,95
S00115015,174,24,150
S00115016,145,24,121
S00115017,178,30,148
S00115018,198,19,179
S00115019,177,26,151
S00115020,123,13,110
S00115021,128,21,107
S00115022,125,24,101
S00115023,90,18,72
S00115024,94,12,82
S00115025,127,18,109
S00115026,115,27,88
S00115027,132,16,116
S00115028,117,11,106
S00115029,129,29,100
S00115030,56,7,49
S00115031,78,9,69
S00115032,123,29,94
S00115033,112,20,92
S00115034,200,29,171
S00115035,175,40,135
S00115036,122,20,102
S00115037,92,22,70
S00115038,144,23,121
S00115039,150,19,131
S00115040,98,12,86
S00115041,114,9,105
S00115042,139,24,115
S00115043,99,14,85
S00115044,96,14,82
S00115045,135,18,117
S00115046,110,10,100
S00115047,83,21,62
S00115048,152,26,126
S00115049,91,20,71
S00115050,74,7,67
S00115051,138,23,115
S00115052,101,13,88
S00115053,86,22,64
S00115054,110,19,91
S00115055,108,18,90
S00115056,121,18,103
S00115057,52,13,39
S00115058,142,14,128
S00115059,103,11,92
S00115060,105,16,89
S00115061,157,33,124
S00115062,94,15,79
S00115063,110,26,84
S00115064,117,46,71
S00115065,205,39,166
S00115066,191,28,163
S00115067,125,29,96
S00115068,157,20,137
S00115069,142,29,113
S00115070,88,20,68
S00115071,104,17,87
S00115072,140,16,124
S00115073,93,15,78
S00115074,125,33,92
S00115075,121,20,101
S00115076,104,12,92
S00115077,126,31,95
S00115078,68,10,58
S00115079,147,13,134
S00115080,149,26,123
S00115081,58,8,50
S00115082,58,9,49
S00115083,98,27,71
S00115084,109,16,93
S00115085,137,22,115
S00115086,124,17,107
S00115087,77,20,57
S00115088,110,20,90
S00115089,163,34,129
S00115090,124,18,106
S00115091,92,14,78
S00115092,79,13,66
S00115093,153,26,127
S00115094,88,20,68
S00115095,104,18,86
S00115096,152,27,125
S00115097,92,17,75
S00115098,110,13,97
S00115099,111,15,96
S00115100,109,15,94
S00115101,129,11,118
S00115102,111,22,89
S00115103,143,14,129
S00115104,99,14,85
S00115105,95,20,75
S00115106,103,19,84
S00115107,133,21,112
S00115108,75,22,53
S00115109,117,37,80
S00115110,174,27,147
S00115111,103,15,88
S00115112,119,16,103
S00115113,111,25,86
S00115114,101,20,81
S00115115,116,19,97
S00115116,80,18,62
S00115117,141,21,120
S00115118,92,25,67
S00115119,153,17,136
S00115120,91,13,78
S00115121,155,23,132
S00115122,120,16,104
S00115123,98,12,86
S00115124,152,20,132
S00115125,100,11,89
S00115126,153,15,138
S00115127,174,19,155
S00115128,145,20,125
S00115129,159,32,127
S00115130,144,13,131
S00115131,117,8,109
S00115132,98,9,89
S00115133,134,22,112
S00115134,131,52,79
S00115135,111,43,68
S00115136,137,39,98
S00115137,71,17,54
S00115138,85,23,62
S00115139,107,35,72
S00115140,150,32,118
S00115141,179,39,140
S00115142,168,10,158
S00115143,74,16,58
S00115144,101,29,72
S00115145,152,47,105
S00115146,142,40,102
S00115147,106,34,72
S00115148,195,21,174
S00115149,117,54,63
S00115150,139,16,123
S00115151,121,34,87
S00115152,78,37,41
S00115153,94,57,37
S00115154,102,19,83
S00115155,104,50,54
S00115156,173,71,102
S00115157,138,52,86
S00115158,90,34,56
S00115159,60,20,40
S00115160,92,36,56
S00115161,144,60,84
S00115162,82,25,57
S00115163,79,17,62
S00115164,84,17,67
S00115165,233,136,97
S00115166,98,45,53
S00115167,153,15,138
S00115168,118,44,74
S00115169,133,43,90
S00115170,112,67,45
S00115171,118,41,77
S00115172,61,18,43
S00115173,59,29,30
S00115174,72,17,55
S00115175,92,38,54
S00115176,110,41,69
S00115177,86,25,61
S00115178,169,74,95
S00115179,63,29,34
S00115180,87,30,57
S00115181,92,37,55
S00115182,90,33,57
S00115183,72,31,41
S00115184,119,49,70
S00115185,116,40,76
S00115186,205,130,75
S00115187,97,45,52
S00115188,100,33,67
S00115189,122,35,87
S00115190,140,38,102
S00115191,77,13,64
S00115192,125,39,86
S00115193,129,27,102
S00115194,162,37,125
S00115195,116,29,87
S00115196,103,33,70
S00115197,95,18,77
S00115198,110,24,86
S00115199,157,17,140
S00115200,192,18,174
S00115201,138,38,100
S00115202,109,49,60
S00115203,82,23,59
S00115204,138,40,98
S00115205,87,19,68
S00115206,139,33,106
S00115207,79,29,50
S00115208,54,10,44
S00115209,135,15,120
S00115210,150,23,127
S00115211,115,41,74
S00115212,80,23,57
S00115213,95,24,71
S00115214,142,13,129
S00115215,118,17,101
S00115216,149,22,127
S00115217,162,40,122
S00115218,132,29,103
S00115219,92,25,67
S00115220,123,19,104
S00115221,94,22,72
S00115222,137,43,94
S00115223,115,23,92
S00115224,82,22,60
S00115225,72,16,56
S00115226,106,24,82
S00115227,114,21,93
S00115228,83,27,56
S00115229,171,33,138
S00115230,78,17,61
S00115231,54,12,42
S00115232,53,12,41
S00115233,117,26,91
S00115234,102,15,87
S00115235,85,20,65
S00115236,158,18,140
S00115237,85,7,78
S00115238,104,16,88
S00115239,94,23,71
S00115240,86,23,63
S00115241,111,27,84
S00115242,108,34,74
S00115243,90,33,57
S00115244,101,49,52
S00115245,151,40,111
S00115246,102,34,68
S00115247,95,36,59
S00115248,79,31,48
S00115249,107,19,88
S00115250,67,20,47
S00115251,97,26,71
S00115252,86,23,63
S00115253,89,30,59
S00115254,89,35,54
S00115255,77,18,59
S00115256,108,26,82
S00115257,114,27,87
S00115258,91,22,69
S00115259,118,36,82
S00115260,117,44,73
S00115261,77,19,58
S00115262,78,14,64
S00115263,60,21,39
S00115264,86,45,41
S00115265,113,14,99
S00115266,94,21,73
S00115267,100,16,84
S00115268,130,18,112
S00115269,80,15,65
S00115270,110,10,100
S00115271,68,7,61
S00115272,72,10,62
S00115273,78,8,70
S00115274,94,12,82
S00115275,166,19,147
S00115276,57,11,46
S00115277,142,13,129
S00115278,165,15,150
S00115279,81,9,72
S00115280,88,7,81
S00115281,168,33,135
S00115282,151,59,92
S00115283,87,31,56
S00115284,90,37,53
S00115285,144,11,133
S00115286,121,34,87
S00115287,100,23,77
S00115288,77,6,71
S00115289,117,13,104
S00115290,109,18,91
S00115291,81,11,70
S00115292,99,21,78
S00115293,140,24,116
S00115294,58,9,49
S00115295,121,13,108
S00115296,122,23,99
S00115297,62,12,50
S00115298,129,31,98
S00115299,104,41,63
S00115300,72,38,34
S00115301,129,17,112
S00115302,122,24,98
S00115303,100,27,73
S00115304,80,12,68
S00115305,93,18,75
S00115306,90,26,64
S00115307,77,22,55
S00115308,159,48,111
S00115309,107,12,95
S00115310,68,22,46
S00115311,69,23,46
S00115312,134,46,88
S00115313,121,25,96
S00115314,84,23,61
S00115315,136,21,115
S00115316,77,16,61
S00115317,55,16,39
S00115318,71,19,52
S00115319,115,29,86
S00115320,92,39,53
S00115321,103,29,74
S00115322,68,21,47
S00115323,148,46,102
S00115324,114,36,78
S00115325,87,19,68
S00115326,114,25,89
S00115327,145,45,100
S00115328,107,49,58
S00115329,68,29,39
S00115330,57,27,30
S00115331,88,24,64
S00115332,79,32,47
S00115333,91,41,50
S00115334,165,43,122
S00115335,107,37,70
S00115336,99,35,64
S00115337,111,48,63
S00115338,108,21,87
S00115339,85,40,45
S00115340,95,16,79
S00115341,174,88,86
S00115342,90,10,80
S00115343,120,12,108
S00115344,145,52,93
S00115345,118,33,85
S00115346,84,16,68
S00115347,119,27,92
S00115348,87,8,79
S00115349,141,14,127
S00115350,90,19,71
S00115351,121,23,98
S00115352,115,22,93
S00115353,105,40,65
S00115354,148,49,99
S00115355,85,13,72
S00115356,54,8,46
S00115357,63,22,41
S00115358,76,31,45
S00115359,55,17,38
S00115360,99,27,72
S00115361,76,16,60
S00115362,128,23,105
S00115363,107,25,82
S00115364,126,26,100
S00115365,113,33,80
S00115366,147,34,113
S00115367,99,31,68
S00115368,102,24,78
S00115369,97,7,90
S00115370,144,10,134
S00115371,164,17,147
S00115372,104,32,72
S00115373,82,31,51
S00115374,136,36,100
S00115375,135,37,98
S00115376,96,31,65
S00115377,123,28,95
S00115378,86,31,55
S00115379,136,37,99
S00115380,111,27,84
S00115381,84,34,50
S00115382,95,30,65
S00115383,132,49,83
S00115384,86,22,64
S00115385,146,45,101
S00115386,126,42,84
S00115387,107,19,88
S00115388,113,51,62
S00115389,72,24,48
S00115390,116,29,87
S00115391,76,44,32
S00115392,75,42,33
S00115393,118,63,55
S00115394,106,29,77
S00115395,220,69,151
S00115396,152,26,126
S00115397,135,35,100
S00115398,88,17,71
S00115399,90,34,56
S00115400,109,24,85
S00115401,95,33,62
S00115402,86,23,63
S00115403,91,18,73
S00115404,58,17,41
S00115405,64,14,50
S00115406,78,19,59
S00115407,88,19,69
S00115408,121,39,82
S00115409,69,11,58
S00115410,51,6,45
S00115411,104,12,92
S00115412,53,9,44
S00115413,56,12,44
S00115414,67,16,51
S00115415,125,26,99
S00115416,66,16,50
S00115417,62,21,41
S00115418,63,27,36
S00115419,76,34,42
S00115420,84,11,73
S00115421,91,20,71
S00115422,71,14,57
S00115423,262,19,243
S00115424,143,39,104
S00115425,106,6,100
S00115426,135,22,113
S00115427,95,35,60
S00115428,86,23,63
S00115429,125,37,88
S00115430,119,28,91
S00115431,120,22,98
S00115432,94,31,63
S00115433,181,48,133
S00115434,182,50,132
S00115435,135,30,105
S00115436,93,28,65
S00115437,145,41,104
S00115438,109,27,82
S00115439,110,28,82
S00115440,147,37,110
S00115441,154,42,112
S00115442,92,23,69
S00115443,172,36,136
S00115444,89,16,73
S00115445,103,33,70
S00115446,111,38,73
S00115447,111,30,81
S00115448,99,23,76
S00115449,82,22,60
S00115450,140,38,102
S00115451,103,20,83
S00115452,122,40,82
S00115453,101,28,73
S00115454,139,38,101
S00115455,94,24,70
S00115456,107,37,70
S00115457,105,46,59
S00115458,88,28,60
S00115459,73,29,44
S00115460,126,41,85
S00115461,98,39,59
S00115462,120,48,72
S00115463,93,43,50
S00115464,108,18,90
S00115465,67,24,43
S00115466,84,32,52
S00115467,82,34,48
S00115468,53,17,36
S00115469,87,45,42
S00115470,82,43,39
S00115471,112,30,82
S00115472,117,35,82
S00115473,96,30,66
S00115474,128,36,92
S00115475,100,35,65
S00115476,103,36,67
S00115477,73,34,39
S00115478,91,16,75
S00115479,113,37,76
S00115480,134,33,101
S00115481,71,13,58
S00115482,84,26,58
S00115483,95,15,80
S00115484,91,42,49
S00115485,88,40,48
S00115486,220,64,156
S00115487,194,60,134
S00115488,188,58,130
S00115489,198,49,149
S00115490,84,24,60
S00115491,116,24,92
S00115492,112,28,84
S00115493,82,30,52
S00115494,59,30,29
S00115495,70,26,44
S00115496,82,37,45
S00115497,102,43,59
S00115498,181,29,152
S00115499,105,27,78
S00115500,141,31,110
S00115501,108,12,96
S00115502,143,11,132
S00115503,126,16,110
S00115504,94,25,69
S00115505,115,16,99
S00115506,68,12,56
S00115507,108,9,99
S00115508,108,14,94
S00115509,123,14,109
S00115510,78,11,67
S00115511,104,17,87
S00115512,95,18,77
S00115513,77,26,51
S00115514,64,32,32
S00115515,87,36,51
S00115516,124,23,101
S00115517,109,25,84
S00115518,121,31,90
S00115519,87,20,67
S00115520,122,29,93
S00115521,86,21,65
S00115522,133,35,98
S00115523,106,22,84
S00115524,79,32,47
S00115525,128,31,97
S00115526,115,30,85
S00115527,142,23,119
S00115528,62,11,51
S00115529,184,28,156
S00115530,175,22,153
S00115531,94,15,79
S00115532,129,23,106
S00115533,84,18,66
S00115534,89,44,45
S00115535,132,20,112
S00115536,111,28,83
S00115537,126,21,105
S00115538,123,33,90
S00115539,140,33,107
S00115540,94,15,79
S00115541,152,26,126
S00115542,135,25,110
S00115543,58,10,48
S00115544,157,32,125
S00115545,99,19,80
S00115546,105,22,83
S00115547,152,34,118
S00115548,81,29,52
S00115549,100,24,76
S00115550,91,33,58
S00115551,107,32,75
S00115552,106,29,77
S00115553,148,42,106
S00115554,144,62,82
S00115555,86,34,52
S00115556,112,31,81
S00115557,94,42,52
S00115558,73,32,41
S00115559,70,19,51
S00115560,114,29,85
S00115561,67,20,47
S00115562,72,22,50
S00115563,186,28,158
S00115564,183,41,142
S00115565,99,37,62
S00115566,127,30,97
S00115567,95,60,35
S00115568,62,17,45
S00115569,85,17,68
S00115570,157,37,120
S00115571,165,34,131
S00115572,168,40,128
S00115573,136,22,114
S00115574,80,22,58
S00115575,129,38,91
S00115576,65,30,35
S00115577,110,29,81
S00115578,178,25,153
S00115579,97,24,73
S00115580,121,36,85
S00115581,165,46,119
S00115582,154,59,95
S00115583,72,27,45
S00115584,93,17,76
S00115585,134,21,113
S00115586,113,39,74
S00115587,114,28,86
S00115588,160,14,146
S00115589,169,23,146
S00115590,93,22,71
S00115591,142,28,114
S00115592,149,28,121
S00115593,77,28,49
S00115594,122,17,105
S00115595,88,13,75
S00115596,125,22,103
S00115597,124,31,93
S00115598,87,15,72
S00115599,135,22,113
S00115600,121,42,79
S00115601,73,27,46
S00115602,166,114,52
S00115603,90,14,76
S00115604,90,12,78
S00115605,93,16,77
S00115606,102,16,86
S00115607,55,14,41
S00115608,147,24,123
S00115609,72,14,58
S00115610,102,44,58
S00115611,128,17,111
S00115612,192,24,168
S00115613,153,20,133
S00115614,97,18,79
S00115615,82,25,57
S00115616,126,22,104
S00115617,94,23,71
S00115618,99,16,83
S00115619,86,33,53
S00115620,75,19,56
S00115621,129,14,115
S00115622,103,26,77
S00115623,117,33,84
S00115624,120,28,92
S00115625,154,46,108
S00115626,142,34,108
S00115627,127,40,87
S00115628,127,17,110
S00115629,91,31,60
S00115630,136,41,95
S00115631,167,42,125
S00115632,147,46,101
S00115633,122,22,100
S00115634,178,85,93
S00115635,135,36,99
S00115636,102,29,73
S00115637,98,35,63
S00115638,127,37,90
S00115639,164,7,157
S00115640,160,6,154
S00115641,108,14,94
S00115642,131,47,84
S00115643,117,42,75
S00115644,111,42,69
S00115645,72,17,55
S00115646,99,16,83
S00115647,114,40,74
S00115648,128,32,96
S00115649,108,24,84
S00115650,59,18,41
S00115651,124,43,81
S00115652,85,23,62
S00115653,133,21,112
S00115654,75,20,55
S00115655,129,35,94
S00115656,121,24,97
S00115657,166,52,114
S00115658,161,32,129
S00115659,111,20,91
S00115660,134,31,103
S00115661,118,35,83
S00115662,118,34,84
S00115663,89,19,70
S00115664,137,40,97
S00115665,163,40,123
S00115666,106,13,93
S00115667,66,19,47
S00115668,60,44,16
S00115669,101,14,87
S00115670,164,36,128
S00115671,141,43,98
S00115672,232,49,183
S00115673,164,54,110
S00115674,143,37,106
S00115675,74,3,71
S00115676,137,18,119
S00115677,143,32,111
S00115678,116,28,88
S00115679,181,33,148
S00115680,118,35,83
S00115681,148,20,128
S00115682,162,43,119
S00115683,145,34,111
S00115684,138,23,115
S00115685,90,24,66
S00115686,166,47,119
S00115687,124,24,100
S00115688,94,21,73
S00115689,137,40,97
S00115690,111,26,85
S00115691,105,52,53
S00115692,206,37,169
S00115693,168,37,131
S00115694,142,35,107
S00115695,127,35,92
S00115696,102,31,71
S00115697,119,45,74
S00115698,124,34,90
S00115699,91,28,63
S00115700,159,50,109
S00115701,148,47,101
S00115702,117,35,82
S00115703,107,41,66
S00115704,102,33,69
S00115705,64,19,45
S00115706,87,33,54
S00115707,96,34,62
S00115708,107,36,71
S00115709,132,34,98
S00115710,131,31,100
S00115711,117,36,81
S00115712,98,26,72
S00115713,120,35,85
S00115714,78,32,46
S00115715,122,38,84
S00115716,65,26,39
S00115717,88,40,48
S00115718,149,60,89
S00115719,108,39,69
S00115720,68,20,48
S00115721,99,33,66
S00115722,70,31,39
S00115723,67,17,50
S00115724,102,20,82
S00115725,101,31,70
S00115726,82,19,63
S00115727,102,32,70
S00115728,94,40,54
S00115729,196,56,140
S00115730,172,53,119
S00115731,125,21,104
S00115732,195,64,131
S00115733,151,41,110
S00115734,138,30,108
S00115735,153,57,96
S00115736,93,39,54
S00115737,104,39,65
S00115738,80,30,50
S00115739,106,46,60
S00115740,161,52,109
S00115741,72,32,40
S00115742,109,47,62
S00115743,114,21,93
S00115744,124,42,82
S00115745,67,18,49
S00115746,63,16,47
S00115747,91,17,74
S00115748,108,28,80
S00115749,163,48,115
S00115750,99,24,75
S00115751,54,22,32
S00115752,123,21,102
S00115753,160,25,135
S00115754,177,35,142
S00115755,100,26,74
S00115756,202,37,165
S00115757,194,21,173
S00115758,209,47,162
S00115759,60,12,48
S00115760,240,21,219
S00115761,176,17,159
S00115762,135,36,99
S00115763,111,23,88
S00115764,103,16,87
S00115765,156,20,136
S00115766,161,24,137
S00115767,221,108,113
S00115768,138,13,125
S00115769,98,12,86
S00115770,118,19,99
S00115771,67,28,39
S00115772,113,22,91
S00115773,187,16,171
S00115774,110,19,91
S00115775,90,31,59
S00115776,177,65,112
S00115777,164,17,147
S00115778,106,17,89
S00115779,133,24,109
S00115780,103,17,86
S00115781,130,33,97
S00115782,101,26,75
S00115783,133,43,90
S00115784,139,34,105
S00115785,132,28,104
S00115786,132,44,88
S00115787,140,24,116
S00115788,123,18,105
S00115789,99,23,76
S00115790,113,16,97
S00115791,123,31,92
S00115792,128,5,123
S00115793,246,25,221
S00115794,109,34,75
S00115795,108,21,87
S00115796,89,24,65
S00115797,213,31,182
S00115798,58,7,51
S00115799,147,17,130
S00115800,180,27,153
S00115801,169,21,148
S00115802,193,26,167
S00115803,91,17,74
S00115804,146,27,119
S00115805,114,14,100
S00115806,100,14,86
S00115807,85,25,60
S00115808,126,14,112
S00115809,110,25,85
S00115810,125,25,100
S00115811,116,25,91
S00115812,109,21,88
S00115813,140,22,118
S00115814,104,21,83
S00115815,142,34,108
S00115816,123,19,104
S00115817,101,21,80
S00115818,105,26,79
S00115819,126,21,105
S00115820,102,17,85
S00115821,101,15,86
S00115822,106,33,73
S00115823,153,33,120
S00115824,152,28,124
S00115825,101,31,70
S00115826,138,26,112
S00115827,111,16,95
S00115828,134,19,115
S00115829,111,21,90
S00115830,161,36,125
S00115831,89,17,72
S00115832,124,18,106
S00115833,135,26,109
S00115834,118,25,93
S00115835,153,19,134
S00115836,108,16,92
S00115837,104,17,87
S00115838,99,32,67
S00115839,104,32,72
S00115840,139,19,120
S00115841,70,22,48
S00115842,137,49,88
S00115843,99,15,84
S00115844,115,19,96
S00115845,133,48,85
S00115846,149,39,110
S00115847,161,57,104
S00115848,94,29,65
S00115849,172,26,146
S00115850,115,24,91
S00115851,113,20,93
S00115852,109,27,82
S00115853,122,9,113
S00115854,143,35,108
S00115855,128,20,108
S00115856,139,31,108
S00115857,88,23,65
S00115858,113,26,87
S00115859,190,22,168
S00115860,90,16,74
S00115861,131,50,81
S00115862,138,39,99
S00115863,92,31,61
S00115864,109,19,90
S00115865,88,32,56
S00115866,119,37,82
S00115867,79,28,51
S00115868,94,42,52
S00115869,79,23,56
S00115870,129,58,71
S00115871,83,29,54
S00115872,127,34,93
S00115873,117,22,95
S00115874,115,20,95
S00115875,147,51,96
S00115876,86,24,62
S00115877,79,33,46
S00115878,115,41,74
S00115879,123,43,80
S00115880,83,17,66
S00115881,103,29,74
S00115882,97,42,55
S00115883,86,24,62
S00115884,93,27,66
S00115885,101,41,60
S00115886,118,41,77
S00115887,115,27,88
S00115888,96,45,51
S00115889,99,32,67
S00115890,112,38,74
S00115891,145,60,85
S00115892,78,38,40
S00115893,163,23,140
S00115894,92,31,61
S00115895,76,24,52
S00115896,184,19,165
S00115897,83,24,59
S00115898,98,15,83
S00115899,65,7,58
S00115900,228,43,185
S00115901,80,34,46
S00115902,175,40,135
S00115903,169,22,147
S00115904,91,37,54
S00115905,70,24,46
S00115906,82,26,56
S00115907,68,22,46
S00115908,148,48,100
S00115909,110,25,85
S00115910,107,16,91
S00115911,103,12,91
S00115912,185,28,157
S00115913,130,17,113
S00115914,140,19,121
S00115915,154,22,132
S00115916,218,27,191
S00115917,139,25,114
S00115918,97,24,73
S00115919,147,22,125
S00115920,81,37,44
S00115921,109,27,82
S00115922,131,32,99
S00115923,160,12,148
S00115924,86,4,82
S00115925,55,5,50
S00115926,156,3,153
S00115927,88,9,79
S00115928,60,4,56
S00115929,76,2,74
S00115930,96,22,74
S00115931,127,35,92
S00115932,89,33,56
S00115933,111,39,72
S00115934,129,17,112
S00115935,113,22,91
S00115936,149,46,103
S00115937,111,20,91
S00115938,98,18,80
S00115939,59,12,47
S00115940,87,9,78
S00115941,105,70,35
S00115942,114,29,85
S00115943,85,23,62
S00115944,84,29,55
S00115945,159,43,116
S00115946,117,29,88
S00115947,145,24,121
S00115948,125,40,85
S00115949,107,34,73
S00115950,93,28,65
S00115951,99,13,86
S00115952,76,18,58
S00115953,83,28,55
S00115954,72,12,60
S00115955,70,50,20
S00115956,142,60,82
S00115957,54,18,36
S00115958,141,44,97
S00115959,79,16,63
S00115960,94,26,68
S00115961,177,40,137
S00115962,196,15,181
S00115963,93,16,77
S00115964,91,19,72
S00115965,122,26,96
S00115966,145,37,108
S00115967,110,8,102
S00115968,187,46,141
S00115969,78,27,51
S00115970,150,50,100
S00115971,184,64,120
S00115972,58,7,51
S00115973,98,8,90
S00115974,68,21,47
S00115975,114,19,95
S00115976,76,13,63
S00115977,115,4,111
S00115978,70,3,67
S00115979,78,3,75
S00115980,56,20,36
S00115981,198,12,186
S00115982,197,16,181
S00115983,165,13,152
S00115984,137,44,93
S00115985,180,10,170
S00115986,55,13,42
S00115987,89,35,54
S00115988,129,12,117
S00115989,96,28,68
S00115990,85,35,50
S00115991,119,36,83
S00115992,158,17,141
S00115993,60,23,37
S00115994,120,73,47
S00115995,146,24,122
S00115996,60,14,46
S00115997,58,11,47
S00115998,75,17,58
S00115999,70,21,49
S00116000,91,13,78
S00116001,80,18,62
S00116002,77,23,54
S00116003,82,27,55
S00116004,68,23,45
S00116005,133,45,88
S00116006,78,24,54
S00116007,113,33,80
S00116008,64,12,52
S00116009,103,36,67
S00116010,132,34,98
S00116011,57,14,43
S00116012,131,74,57
S00116013,62,22,40
S00116014,100,38,62
S00116015,86,16,70
S00116016,138,40,98
S00116017,69,14,55
S00116018,63,21,42
S00116019,97,25,72
S00116020,62,12,50
S00116021,105,27,78
S00116022,81,30,51
S00116023,88,22,66
S00116024,83,30,53
S00116025,66,13,53
S00116026,74,20,54
S00116027,99,34,65
S00116028,77,6,71
S00116029,119,23,96
S00116030,60,19,41
S00116031,103,19,84
S00116032,112,9,103
S00116033,64,11,53
S00116034,83,26,57
S00116035,131,7,124
S00116036,224,106,118
S00116037,125,3,122
S00116038,134,12,122
S00116039,137,7,130
S00116040,133,5,128
S00116041,92,14,78
S00116042,68,5,63
S00116043,51,21,30
S00116044,74,22,52
S00116045,139,14,125
S00116046,96,28,68
S00116047,95,34,61
S00116048,78,16,62
S00116049,64,18,46
S00116050,54,11,43
S00116051,106,42,64
S00116052,156,41,115
S00116053,118,21,97
S00116054,142,67,75
S00116055,101,59,42
S00116056,59,30,29
S00116057,153,26,127
S00116058,118,36,82
S00116059,162,14,148
S00116060,77,56,21
S00116061,57,17,40
S00116062,124,25,99
S00116063,144,28,116
S00116064,87,37,50
S00116065,75,9,66
S00116066,88,36,52
S00116067,128,53,75
S00116068,78,34,44
S00116069,59,23,36
S00116070,91,10,81
S00116071,88,21,67
S00116072,78,9,69
S00116073,105,41,64
S00116074,71,10,61
S00116075,87,21,66
S00116076,106,14,92
S00116077,929,41,888
S00116078,106,33,73
S00116079,99,36,63
S00116080,72,26,46
S00116081,122,20,102
S00116082,70,20,50
S00116083,86,47,39
S00116084,139,53,86
S00116085,87,16,71
S00116086,78,41,37
S00116087,104,21,83
S00116088,62,13,49
S00116089,81,37,44
S00116090,134,42,92
S00116091,83,26,57
S00116092,87,22,65
S00116093,175,104,71
S00116094,165,43,122
S00116095,111,37,74
S00116096,115,40,75
S00116097,70,4,66
S00116098,95,26,69
S00116099,155,33,122
S00116100,105,27,78
S00116101,83,35,48
S00116102,105,27,78
S00116103,93,20,73
S00116104,98,37,61
S00116105,120,62,58
S00116106,75,34,41
S00116107,75,15,60
S00116108,102,27,75
S00116109,113,46,67
S00116110,166,7,159
S00116111,124,9,115
S00116112,174,18,156
S00116113,119,14,105
S00116114,126,10,116
S00116115,213,17,196
S00116116,237,14,223
S00116117,205,19,186
S00116118,81,5,76
S00116119,87,7,80
S00116120,73,17,56
S00116121,107,13,94
S00116122,64,20,44
S00116123,97,20,77
S00116124,122,38,84
S00116125,73,37,36
S00116126,115,29,86
S00116127,73,18,55
S00116128,79,23,56
S00116129,79,2,77
S00116130,64,25,39
S00116131,111,32,79
S00116132,118,41,77
S00116133,83,32,51
S00116134,77,17,60
S00116135,89,28,61
S00116136,72,21,51
S00116137,177,53,124
S00116138,119,54,65
S00116139,56,6,50
S00116140,88,7,81
S00116141,135,19,116
S00116142,103,3,100
S00116143,98,43,55
S00116144,66,30,36
S00116145,80,30,50
S00116146,83,15,68
S00116147,84,36,48
S00116148,104,19,85
S00116149,71,23,48
S00116150,98,33,65
S00116151,127,61,66
S00116152,63,25,38
S00116153,53,20,33
S00116154,180,55,125
S00116155,67,33,34
S00116156,95,27,68
S00116157,126,39,87
S00116158,99,39,60
S00116159,73,27,46
S00116160,94,38,56
S00116161,189,58,131
S00116162,87,2,85
S00116163,76,9,67
S00116164,63,3,60
S00116165,75,6,69
S00116166,104,9,95
S00116167,55,11,44
S00116168,59,7,52
S00116169,58,2,56
S00116170,78,16,62
S00116171,116,48,68
S00116172,150,37,113
S00116173,109,40,69
S00116174,138,42,96
S00116175,87,17,70
S00116176,79,26,53
S00116177,71,27,44
S00116178,103,43,60
S00116179,74,13,61
S00116180,151,23,128
S00116181,180,37,143
S00116182,191,14,177
S00116183,138,14,124
S00116184,137,9,128
S00116185,155,17,138
S00116186,124,12,112
S00116187,280,22,258
S00116188,132,17,115
S00116189,66,29,37
S00116190,53,12,41
S00116191,54,15,39
S00116192,86,36,50
S00116193,101,39,62
S00116194,75,32,43
S00116195,145,21,124
S00116196,73,10,63
S00116197,65,12,53
S00116198,93,7,86
S00116199,60,29,31
S00116200,79,7,72
S00116201,138,49,89
S00116202,137,19,118
S00116203,95,12,83
S00116204,86,10,76
S00116205,60,8,52
S00116206,104,7,97
S00116207,77,16,61
S00116208,61,35,26
S00116209,106,29,77
S00116210,91,32,59
S00116211,66,9,57
S00116212,159,34,125
S00116213,118,8,110
S00116214,68,9,59
S00116215,67,6,61
S00116216,65,10,55
S00116217,103,24,79
S00116218,123,23,100
S00116219,58,14,44
S00116220,63,37,26
S00116221,88,20,68
S00116222,86,24,62
S00116223,160,13,147
S00116224,175,28,147
S00116225,90,29,61
S00116226,85,37,48
S00116227,67,7,60
S00116228,97,45,52
S00116229,61,24,37
S00116230,59,25,34
S00116231,103,36,67
S00116232,97,55,42
S00116233,59,11,48
S00116234,147,44,103
S00116235,143,40,103
S00116236,101,37,64
S00116237,68,23,45
S00116238,117,29,88
S00116239,89,31,58
S00116240,183,32,151
S00116241,70,21,49
S00116242,164,46,118
S00116243,94,14,80
S00116244,114,19,95
S00116245,86,18,68
S00116246,95,25,70
S00116247,175,24,151
S00116248,69,5,64
S00116249,71,19,52
S00116250,52,13,39
S00116251,77,18,59
S00116252,120,58,62
S00116253,155,14,141
S00116254,116,25,91
S00116255,63,11,52
S00116256,114,42,72
S00116257,56,13,43
S00116258,117,24,93
S00116259,119,53,66
S00116260,109,33,76
S00116261,80,12,68
S00116262,62,15,47
S00116263,135,17,118
S00116264,83,23,60
S00116265,148,44,104
S00116266,75,18,57
S00116267,115,36,79
S00116268,102,38,64
S00116269,60,10,50
S00116270,58,7,51
S00116271,50,10,40
S00116272,103,19,84
S00116273,101,32,69
S00116274,63,12,51
S00116275,81,23,58
S00116276,94,28,66
S00116277,142,29,113
S00116278,68,6,62
S00116279,87,18,69
S00116280,78,35,43
S00116281,77,4,73
S00116282,91,17,74
S00116283,107,31,76
S00116284,88,11,77
S00116285,57,23,34
S00116286,113,51,62
S00116287,83,25,58
S00116288,98,22,76
S00116289,90,32,58
S00116290,96,26,70
S00116291,121,36,85
S00116292,121,36,85
S00116293,122,30,92
S00116294,126,53,73
S00116295,64,17,47
S00116296,96,9,87
S00116297,102,9,93
S00116298,55,2,53
S00116299,75,7,68
S00116300,99,4,95
S00116301,97,5,92
S00116302,119,14,105
S00116303,72,4,68
S00116304,160,16,144
S00116305,90,18,72
S00116306,111,10,101
S00116307,83,10,73
S00116308,104,39,65
S00116309,110,35,75
S00116310,147,82,65
S00116311,66,10,56
S00116312,122,35,87
S00116313,90,22,68
S00116314,113,26,87
S00116315,197,17,180
S00116316,61,9,52
S00116317,215,20,195
S00116318,218,10,208
S00116319,205,123,82
S00116320,114,10,104
S00116321,50,2,48
S00116322,133,3,130
S00116323,124,9,115
S00116324,285,20,265
S00116325,62,6,56
S00116326,111,22,89
S00116327,223,21,202
S00116328,107,34,73
S00116329,107,38,69
S00116330,151,25,126
S00116331,126,14,112
S00116332,123,19,104
S00116333,73,13,60
S00116334,134,19,115
S00116335,180,27,153
S00116336,136,26,110
S00116337,59,12,47
S00116338,68,31,37
S00116339,102,11,91
S00116340,64,20,44
S00116341,155,35,120
S00116342,115,37,78
S00116343,69,20,49
S00116344,89,2,87
S00116345,92,12,80
S00116346,61,21,40
S00116347,73,2,71
S00116348,95,6,89
S00116349,886,40,846
S00116350,114,5,109
S00116351,108,8,100
S00116352,102,13,89
S00116353,54,7,47
S00116354,78,4,74
S00116355,66,11,55
S00116356,50,3,47
S00116357,59,9,50
S00116358,76,23,53
S00116359,52,8,44
S00116360,93,7,86
S00116361,61,21,40
S00116362,57,16,41
S00116363,84,1,83
S00116364,112,9,103
S00116365,111,21,90
S00116366,82,4,78
S00116367,110,3,107
S00116368,64,2,62
S00116369,107,7,100
S00116370,103,4,99
S00116371,91,6,85
S00116372,95,16,79
S00116373,142,22,120
S00116374,154,19,135
S00116375,199,19,180
S00116376,117,8,109
S00116377,189,8,181
S00116378,75,4,71
S00116379,109,29,80
S00116380,78,4,74
S00116381,109,5,104
S00116382,104,14,90
S00116383,66,2,64
S00116384,79,8,71
S00116385,102,6,96
S00116386,62,7,55
S00116387,66,14,52
S00116388,158,13,145
S00116389,101,2,99
S00116390,74,1,73
S00116391,83,14,69
S00116392,138,31,107
S00116393,86,3,83
S00116394,129,32,97
S00116395,93,3,90
S00116396,92,23,69
S00116397,103,38,65
S00116398,123,48,75
S00116399,130,25,105
S00116400,90,29,61
S00116401,88,7,81
S00116402,79,18,61
S00116403,81,17,64
S00116404,55,14,41
S00116405,68,29,39
S00116406,83,38,45
S00116407,95,11,84
S00116408,66,11,55
S00116409,83,13,70
S00116410,79,5,74
S00116411,83,16,67
S00116412,64,15,49
S00116413,80,21,59
S00116414,77,27,50
S00116415,55,29,26
S00116416,59,20,39
S00116417,87,34,53
S00116418,105,31,74
S00116419,63,15,48
S00116420,101,13,88
S00116421,158,5,153
S00116422,104,23,81
S00116423,132,21,111
S00116424,87,26,61
S00116425,126,41,85
S00116426,75,25,50
S00116427,101,27,74
S00116428,96,31,65
S00116429,82,28,54
S00116430,78,27,51
S00116431,76,21,55
S00116432,107,32,75
S00116433,91,23,68
S00116434,82,7,75
S00116435,92,12,80
S00116436,102,21,81
S00116437,88,21,67
S00116438,103,38,65
S00116439,78,18,60
S00116440,108,30,78
S00116441,105,16,89
S00116442,58,19,39
S00116443,118,25,93
S00116444,102,25,77
S00116445,111,22,89
S00116446,102,9,93
S00116447,84,20,64
S00116448,96,24,72
S00116449,68,8,60
S00116450,78,11,67
S00116451,67,28,39
S00116452,60,33,27
S00116453,64,41,23
S00116454,69,24,45
S00116455,68,39,29
S00116456,74,36,38
S00116457,91,52,39
S00116458,58,26,32
S00116459,112,19,93
S00116460,156,15,141
S00116461,100,10,90
S00116462,86,14,72
S00116463,74,5,69
S00116464,80,17,63
S00116465,106,35,71
S00116466,77,33,44
S00116467,79,43,36
S00116468,59,24,35
S00116469,63,19,44
S00116470,122,41,81
S00116471,76,28,48
S00116472,62,24,38
S00116473,63,20,43
S00116474,81,30,51
S00116475,81,21,60
S00116476,63,25,38
S00116477,68,28,40
S00116478,81,25,56
S00116479,74,12,62
S00116480,92,28,64
S00116481,92,8,84
S00116482,63,6,57
S00116483,111,22,89
S00116484,146,17,129
S00116485,94,25,69
S00116486,73,36,37
S00116487,58,29,29
S00116488,62,26,36
S00116489,85,38,47
S00116490,79,24,55
S00116491,92,43,49
S00116492,112,49,63
S00116493,73,36,37
S00116494,80,43,37
S00116495,74,47,27
S00116496,68,44,24
S00116497,101,37,64
S00116498,80,40,40
S00116499,84,17,67
S00116500,120,15,105
S00116501,98,12,86
S00116502,141,27,114
S00116503,88,17,71
S00116504,88,25,63
S00116505,93,32,61
S00116506,96,33,63
S00116507,126,19,107
S00116508,95,19,76
S00116509,54,18,36
S00116510,117,26,91
S00116511,57,28,29
S00116512,53,19,34
S00116513,83,9,74
S00116514,78,11,67
S00116515,119,35,84
S00116516,72,34,38
S00116517,73,23,50
S00116518,61,17,44
S00116519,117,13,104
S00116520,119,10,109
S00116521,95,9,86
S00116522,94,6,88
S00116523,79,29,50
S00116524,67,11,56
S00116525,77,47,30
S00116526,77,52,25
S00116527,93,25,68
S00116528,67,17,50
S00116529,109,31,78
S00116530,105,28,77
S00116531,91,14,77
S00116532,83,16,67
S00116533,98,28,70
S00116534,60,13,47
S00116535,69,9,60
S00116536,65,20,45
S00116537,68,19,49
S00116538,66,14,52
S00116539,96,35,61
S00116540,76,30,46
S00116541,79,13,66
S00116542,51,16,35
S00116543,79,22,57
S00116544,95,25,70
S00116545,78,46,32
S00116546,78,48,30
S00116547,97,29,68
S00116548,104,29,75
S00116549,97,29,68
S00116550,92,27,65
S00116551,77,26,51
S00116552,88,19,69
S00116553,79,40,39
S00116554,69,28,41
S00116555,86,18,68
S00116556,115,28,87
S00116557,107,19,88
S00116558,84,11,73
S00116559,218,25,193
S00116560,60,36,24
S00116561,73,27,46
S00116562,71,31,40
S00116563,66,24,42
S00116564,77,36,41
S00116565,77,29,48
S00116566,65,2,63
S00116567,60,2,58
S00116568,101,6,95
S00116569,86,4,82
S00116570,111,4,107
S00116571,141,36,105
S00116572,74,18,56
S00116573,106,35,71
S00116574,106,32,74
S00116575,89,12,77
S00116576,89,25,64
S00116577,76,5,71
S00116578,86,1,85
S00116579,63,23,40
S00116580,98,3,95
S00116581,88,7,81
S00116582,125,8,117
S00116583,115,3,112
S00116584,92,2,90
S00116585,56,24,32
S00116586,96,49,47
S00116587,85,9,76
S00116588,96,5,91
S00116589,86,2,84
S00116590,94,8,86
S00116591,129,10,119
S00116592,108,7,101
S00116593,152,4,148
S00116594,87,6,81
S00116595,125,6,119
S00116596,144,17,127
S00116597,134,31,103
S00116598,80,4,76
S00116599,124,16,108
S00116600,106,8,98
S00116601,124,15,109
S00116602,147,27,120
S00116603,106,39,67
S00116604,121,38,83
S00116605,91,4,87
S00116606,100,7,93
S00116607,114,12,102
S00116608,82,4,78
S00116609,90,15,75
S00116610,71,20,51
S00116611,145,6,139
S00116612,121,6,115
S00116613,89,5,84
S00116614,87,9,78
S00116615,92,5,87
S00116616,81,2,79
S00116617,135,11,124
S00116618,86,6,80
S00116619,82,4,78
S00116620,119,6,113
S00116621,72,5,67
S00116622,88,7,81
S00116623,73,8,65
S00116624,82,5,77
S00116625,83,5,78
S00116626,477,15,462
S00116627,134,19,115
S00116628,90,14,76
S00116629,152,12,140
S00116630,290,5,285
S00116631,126,13,113
S00116632,432,11,421
S00116633,168,12,156
S00116634,115,7,108
S00116635,148,6,142
S00116636,124,30,94
S00116637,95,58,37
S00116638,134,19,115
S00116639,93,10,83
S00116640,60,6,54
S00116641,68,4,64
S00116642,71,5,66
S00116643,134,11,123
S00116644,92,31,61
S00116645,87,20,67
S00116646,146,12,134
S00116647,67,12,55
S00116648,110,5,105
S00116649,81,1,80
S00116650,72,4,68
S00116651,1748,38,1710
S00116652,104,32,72
S00116653,102,41,61
S00116654,117,38,79
S00116655,87,27,60
S00116656,103,41,62
S00116657,111,30,81
S00116658,104,25,79
S00116659,122,44,78
S00116660,128,12,116
S00116661,134,4,130
S00116662,106,49,57
S00116663,85,43,42
S00116664,101,58,43
S00116665,92,52,40
S00116666,92,5,87
S00116667,50,2,48
S00116668,107,5,102
S00116669,126,1,125
S00116670,89,6,83
S00116671,92,3,89
S00116672,82,1,81
S00116673,86,2,84
S00116674,149,18,131
S00116675,144,1,143
S00116676,94,1,93
S00116677,118,4,114
S00116678,157,5,152
S00116679,202,43,159
S00116680,81,4,77
S00116681,137,38,99
S00116682,88,8,80
S00116683,95,5,90
S00116684,142,60,82
S00116685,126,39,87
S00116686,103,44,59
S00116687,266,14,252
S00116688,70,33,37
S00116689,117,9,108
S00116690,102,11,91
S00116691,286,26,260
S00116692,78,38,40
S00116693,71,33,38
S00116694,74,27,47
S00116695,69,11,58
S00116696,85,56,29
S00116697,121,47,74
S00116698,112,5,107
S00116699,60,24,36
S00116700,124,7,117
S00116701,129,8,121
S00116702,105,39,66
S00116703,108,29,79
S00116704,68,26,42
S00116705,143,47,96
S00116706,109,43,66
S00116707,119,22,97
S00116708,68,8,60
S00116709,123,19,104
S00116710,82,25,57
S00116711,112,33,79
S00116712,105,29,76
S00116713,139,42,97
S00116714,126,13,113
S00116715,75,32,43
S00116716,110,20,90
S00116717,84,33,51
S00116718,90,7,83
S00116719,163,17,146
S00116720,115,19,96
S00116721,79,22,57
S00116722,64,16,48
S00116723,79,19,60
S00116724,108,13,95
S00116725,78,7,71
S00116726,108,21,87
S00116727,91,15,76
S00116728,80,21,59
S00116729,143,39,104
S00116730,116,17,99
S00116731,87,12,75
S00116732,108,17,91
S00116733,124,23,101
S00116734,68,11,57
S00116735,140,12,128
S00116736,80,14,66
S00116737,97,12,85
S00116738,104,29,75
S00116739,86,31,55
S00116740,93,5,88
S00116741,138,27,111
S00116742,118,7,111
S00116743,83,39,44
S00116744,78,41,37
S00116745,114,30,84
S00116746,67,10,57
S00116747,139,28,111
S00116748,53,4,49
S00116749,86,33,53
S00116750,123,15,108
S00116751,94,12,82
S00116752,65,9,56
S00116753,53,8,45
S00116754,191,9,182
S00116755,65,8,57
S00116756,122,15,107
S00116757,123,12,111
S00116758,81,2,79
S00116759,129,15,114
S00116760,118,7,111
S00116761,74,6,68
S00116762,97,33,64
S00116763,61,9,52
S00116764,85,7,78
S00116765,87,5,82
S00116766,91,3,88
S00116767,186,23,163
S00116768,74,26,48
S00116769,65,10,55
S00116770,79,7,72
S00116771,105,17,88
S00116772,90,14,76
S00116773,161,56,105
S00116774,118,16,102
S00116775,65,8,57
S00116776,91,2,89
S00116777,61,13,48
S00116778,683,28,655
S00116779,96,13,83
S00116780,73,14,59
S00116781,105,10,95
S00116782,125,9,116
S00116783,63,2,61
S00116784,112,23,89
S00116785,87,5,82
S00116786,108,35,73
S00116787,71,7,64
S00116788,83,13,70
S00116789,185,16,169
S00116790,229,9,220
S00116791,157,19,138
S00116792,167,23,144
S00116793,106,13,93
S00116794,104,52,52
S00116795,99,43,56
S00116796,72,5,67
S00116797,104,7,97
S00116798,116,31,85
S00116799,52,0,52
S00116800,54,7,47
S00116801,87,16,71
S00116802,86,8,78
S00116803,97,6,91
S00116804,127,6,121
S00116805,166,52,114
S00116806,137,16,121
S00116807,126,20,106
S00116808,57,8,49
S00116809,95,69,26
S00116810,113,50,63
S00116811,72,25,47
S00116812,79,30,49
S00116813,106,28,78
S00116814,72,12,60
S00116815,106,30,76
S00116816,93,32,61
S00116817,78,16,62
S00116818,63,19,44
S00116819,61,13,48
S00116820,137,32,105
S00116821,63,12,51
S00116822,86,17,69
S00116823,128,29,99
S00116824,114,39,75
S00116825,77,26,51
S00116826,55,17,38
S00116827,136,34,102
S00116828,74,23,51
S00116829,64,21,43
S00116830,74,23,51
S00116831,72,15,57
S00116832,75,28,47
S00116833,73,22,51
S00116834,81,20,61
S00116835,71,12,59
S00116836,76,23,53
S00116837,78,24,54
S00116838,76,26,50
S00116839,87,20,67
S00116840,98,30,68
S00116841,62,11,51
S00116842,111,36,75
S00116843,77,20,57
S00116844,82,23,59
S00116845,115,15,100
S00116846,90,26,64
S00116847,116,48,68
S00116848,162,16,146
S00116849,126,33,93
S00116850,65,24,41
S00116851,94,36,58
S00116852,72,21,51
S00116853,97,37,60
S00116854,98,34,64
S00116855,275,27,248
S00116856,112,14,98
S00116857,195,19,176
S00116858,118,49,69
S00116859,130,29,101
S00116860,116,10,106
S00116861,80,16,64
S00116862,210,35,175
S00116863,57,16,41
S00116864,161,34,127
S00116865,164,34,130
S00116866,144,37,107
S00116867,127,26,101
S00116868,76,28,48
S00116869,88,42,46
S00116870,104,13,91
S00116871,95,31,64
S00116872,89,22,67
S00116873,92,16,76
S00116874,138,38,100
S00116875,137,17,120
S00116876,131,35,96
S00116877,74,29,45
S00116878,79,21,58
S00116879,101,30,71
S00116880,89,20,69
S00116881,117,32,85
S00116882,108,26,82
S00116883,55,17,38
S00116884,91,12,79
S00116885,102,23,79
S00116886,109,24,85
S00116887,76,13,63
S00116888,93,7,86
S00116889,106,10,96
S00116890,51,14,37
S00116891,152,34,118
S00116892,93,28,65
S00116893,74,5,69
S00116894,120,17,103
S00116895,96,10,86
S00116896,69,7,62
S00116897,62,9,53
S00116898,62,6,56
S00116899,211,50,161
S00116900,129,14,115
S00116901,111,12,99
S00116902,70,14,56
S00116903,67,24,43
S00116904,57,26,31
S00116905,142,12,130
S00116906,153,21,132
S00116907,114,48,66
S00116908,62,17,45
S00116909,143,28,115
S00116910,71,17,54
S00116911,116,20,96
S00116912,83,28,55
S00116913,72,17,55
S00116914,120,41,79
S00116915,88,27,61
S00116916,85,22,63
S00116917,143,59,84
S00116918,99,25,74
S00116919,81,27,54
S00116920,86,29,57
S00116921,124,16,108
S00116922,151,43,108
S00116923,67,28,39
S00116924,107,21,86
S00116925,134,35,99
S00116926,66,19,47
S00116927,100,15,85
S00116928,95,34,61
S00116929,63,28,35
S00116930,94,28,66
S00116931,86,41,45
S00116932,84,9,75
S00116933,69,3,66
S00116934,131,45,86
S00116935,95,11,84
S00116936,114,13,101
S00116937,150,33,117
S00116938,89,11,78
S00116939,150,24,126
S00116940,211,10,201
S00116941,153,22,131
S00116942,64,8,56
S00116943,94,5,89
S00116944,98,17,81
S00116945,121,47,74
S00116946,96,28,68
S00116947,106,40,66
S00116948,77,41,36
S00116949,141,57,84
S00116950,54,10,44
S00116951,120,11,109
S00116952,138,15,123
S00116953,60,11,49
S00116954,97,28,69
S00116955,64,32,32
S00116956,60,28,32
S00116957,50,15,35
S00116958,56,19,37
S00116959,51,14,37
S00116960,53,17,36
S00116961,50,19,31
S00116962,61,17,44
S00116963,106,25,81
S00116964,62,15,47
S00116965,100,29,71
S00116966,57,19,38
S00116967,85,24,61
S00116968,86,24,62
S00116969,59,17,42
S00116970,133,35,98
S00116971,128,41,87
S00116972,294,33,261
S00116973,202,71,131
S00116974,103,12,91
S00116975,51,13,38
S00116976,104,29,75
S00116977,93,22,71
S00116978,74,27,47
S00116979,121,10,111
S00116980,176,30,146
S00116981,66,14,52
S00116982,97,14,83
S00116983,69,10,59
S00116984,99,11,88
S00116985,100,20,80
S00116986,127,19,108
S00116987,101,21,80
S00116988,88,13,75
S00116989,106,21,85
S00116990,83,27,56
S00116991,65,5,60
S00116992,134,30,104
S00116993,82,20,62
S00116994,63,34,29
S00116995,104,18,86
S00116996,180,39,141
S00116997,98,31,67
S00116998,108,27,81
S00116999,140,27,113
S00117000,83,30,53
S00117001,136,37,99
S00117002,70,17,53
S00117003,135,19,116
S00117004,132,29,103
S00117005,104,30,74
S00117006,83,25,58
S00117007,109,30,79
S00117008,86,19,67
S00117009,68,31,37
S00117010,105,21,84
S00117011,87,20,67
S00117012,136,29,107
S00117013,90,27,63
S00117014,155,33,122
S00117015,118,18,100
S00117016,91,13,78
S00117017,110,15,95
S00117018,79,17,62
S00117019,115,21,94
S00117020,84,18,66
S00117021,122,22,100
S00117022,61,24,37
S00117023,113,29,84
S00117024,62,15,47
S00117025,71,26,45
S00117026,59,18,41
S00117027,146,15,131
S00117028,109,31,78
S00117029,110,32,78
S00117030,74,24,50
S00117031,60,36,24
S00117032,106,15,91
S00117033,65,14,51
S00117034,145,40,105
S00117035,81,19,62
S00117036,104,16,88
S00117037,67,4,63
S00117038,202,20,182
S00117039,129,11,118
S00117040,107,6,101
S00117041,213,24,189
S00117042,151,14,137
S00117043,144,26,118
S00117044,161,32,129
S00117045,131,37,94
S00117046,113,38,75
S00117047,130,18,112
S00117048,69,20,49
S00117049,76,23,53
S00117050,119,23,96
S00117051,83,18,65
S00117052,75,11,64
S00117053,124,14,110
S00117054,99,12,87
S00117055,166,23,143
S00117056,163,13,150
S00117057,146,46,100
S00117058,245,34,211
S00117059,75,8,67
S00117060,82,9,73
S00117061,124,16,108
S00117062,90,15,75
S00117063,66,18,48
S00117064,83,15,68
S00117065,87,10,77
S00117066,88,40,48
S00117067,68,22,46
S00117068,73,38,35
S00117069,136,46,90
S00117070,54,13,41
S00117071,90,16,74
S00117072,164,85,79
S00117073,86,43,43
S00117074,68,32,36
S00117075,125,46,79
S00117076,75,9,66
S00117077,70,24,46
S00117078,93,68,25
S00117079,220,42,178
S00117080,140,35,105
S00117081,104,26,78
S00117082,72,16,56
S00117083,58,18,40
S00117084,118,25,93
S00117085,86,29,57
S00117086,100,10,90
S00117087,91,36,55
S00117088,62,21,41
S00117089,176,61,115
S00117090,105,30,75
S00117091,55,22,33
S00117092,106,19,87
S00117093,139,33,106
S00117094,112,41,71
S00117095,157,40,117
S00117096,166,34,132
S00117097,139,22,117
S00117098,114,24,90
S00117099,105,13,92
S00117100,77,13,64
S00117101,84,8,76
S00117102,133,12,121
S00117103,107,6,101
S00117104,154,5,149
S00117105,143,12,131
S00117106,58,10,48
S00117107,89,13,76
S00117108,59,6,53
S00117109,85,12,73
S00117110,75,13,62
S00117111,83,15,68
S00117112,181,47,134
S00117113,92,37,55
S00117114,74,31,43
S00117115,73,15,58
S00117116,130,35,95
S00117117,64,25,39
S00117118,148,43,105
S00117119,133,44,89
S00117120,113,35,78
S00117121,152,37,115
S00117122,79,22,57
S00117123,93,30,63
S00117124,65,25,40
S00117125,124,14,110
S00117126,99,24,75
S00117127,101,42,59
S00117128,103,35,68
S00117129,69,30,39
S00117130,108,59,49
S00117131,135,77,58
S00117132,88,25,63
S00117133,78,26,52
S00117134,91,46,45
S00117135,57,10,47
S00117136,107,24,83
S00117137,101,36,65
S00117138,150,42,108
S00117139,75,17,58
S00117140,84,38,46
S00117141,93,35,58
S00117142,80,29,51
S00117143,85,14,71
S00117144,67,9,58
S00117145,106,12,94
S00117146,86,22,64
S00117147,106,31,75
S00117148,85,23,62
S00117149,109,26,83
S00117150,97,41,56
S00117151,80,18,62
S00117152,66,25,41
S00117153,141,48,93
S00117154,108,10,98
S00117155,95,30,65
S00117156,115,27,88
S00117157,110,24,86
S00117158,98,23,75
S00117159,171,21,150
S00117160,143,35,108
S00117161,88,26,62
S00117162,127,24,103
S00117163,80,26,54
S00117164,82,15,67
S00117165,72,20,52
S00117166,88,33,55
S00117167,60,26,34
S00117168,53,13,40
S00117169,97,38,59
S00117170,88,35,53
S00117171,104,18,86
S00117172,82,38,44
S00117173,53,21,32
S00117174,61,15,46
S00117175,121,44,77
S00117176,70,17,53
S00117177,78,34,44
S00117178,102,10,92
S00117179,179,25,154
S00117180,173,82,91
S00117181,150,15,135
S00117182,146,17,129
S00117183,116,36,80
S00117184,121,28,93
S00117185,107,52,55
S00117186,70,20,50
S00117187,112,15,97
S00117188,99,23,76
S00117189,107,38,69
S00117190,81,16,65
S00117191,131,51,80
S00117192,118,37,81
S00117193,67,32,35
S00117194,56,26,30
S00117195,72,33,39
S00117196,109,39,70
S00117197,194,19,175
S00117198,79,26,53
S00117199,146,12,134
S00117200,173,58,115
S00117201,99,13,86
S00117202,50,8,42
S00117203,62,10,52
S00117204,66,15,51
S00117205,94,28,66
S00117206,63,20,43
S00117207,143,26,117
S00117208,107,21,86
S00117209,71,22,49
S00117210,94,36,58
S00117211,139,13,126
S00117212,155,14,141
S00117213,104,27,77
S00117214,61,24,37
S00117215,73,33,40
S00117216,106,8,98
S00117217,109,8,101
S00117218,98,18,80
S00117219,98,22,76
S00117220,141,22,119
S00117221,104,22,82
S00117222,103,17,86
S00117223,120,15,105
S00117224,127,24,103
S00117225,60,11,49
S00117226,132,28,104
S00117227,142,38,104
S00117228,175,52,123
S00117229,75,12,63
S00117230,86,25,61
S00117231,102,33,69
S00117232,123,22,101
S00117233,114,15,99
S00117234,132,12,120
S00117235,95,7,88
S00117236,129,8,121
S00117237,82,10,72
S00117238,134,14,120
S00117239,83,20,63
S00117240,102,56,46
S00117241,145,60,85
S00117242,119,29,90
S00117243,105,44,61
S00117244,137,45,92
S00117245,109,44,65
S00117246,74,28,46
S00117247,77,22,55
S00117248,102,36,66
S00117249,102,33,69
S00117250,59,19,40
S00117251,135,34,101
S00117252,72,36,36
S00117253,62,35,27
S00117254,118,40,78
S00117255,52,30,22
S00117256,50,14,36
S00117257,97,9,88
S00117258,144,79,65
S00117259,138,21,117
S00117260,123,9,114
S00117261,63,5,58
S00117262,88,11,77
S00117263,128,7,121
S00117264,139,10,129
S00117265,126,16,110
S00117266,99,33,66
S00117267,150,19,131
S00117268,111,14,97
S00117269,155,44,111
S00117270,93,27,66
S00117271,101,12,89
S00117272,111,15,96
S00117273,119,15,104
S00117274,78,10,68
S00117275,53,3,50
S00117276,50,7,43
S00117277,52,6,46
S00117278,85,5,80
S00117279,60,8,52
S00117280,63,9,54
S00117281,93,16,77
S00117282,134,39,95
S00117283,114,19,95
S00117284,96,14,82
S00117285,93,27,66
S00117286,133,10,123
S00117287,61,16,45
S00117288,81,46,35
S00117289,129,24,105
S00117290,79,9,70
S00117291,62,8,54
S00117292,87,34,53
S00117293,72,17,55
S00117294,111,27,84
S00117295,52,11,41
S00117296,95,14,81
S00117297,92,11,81
S00117298,103,9,94
S00117299,58,6,52
S00117300,115,8,107
S00117301,157,43,114
S00117302,50,8,42
S00117303,108,20,88
S00117304,132,9,123
S00117305,64,4,60
S00117306,101,3,98
S00117307,79,10,69
S00117308,131,23,108
S00117309,58,29,29
S00117310,61,8,53
S00117311,51,31,20
S00117312,116,53,63
S00117313,143,45,98
S00117314,64,17,47
S00117315,98,18,80
S00117316,71,23,48
S00117317,128,56,72
S00117318,103,26,77
S00117319,70,18,52
S00117320,68,13,55
S00117321,107,25,82
S00117322,50,20,30
S00117323,92,31,61
S00117324,71,12,59
S00117325,139,33,106
S00117326,99,15,84
S00117327,79,18,61
S00117328,50,16,34
S00117329,122,35,87
S00117330,153,50,103
S00117331,80,27,53
S00117332,61,33,28
S00117333,106,36,70
S00117334,116,14,102
S00117335,88,23,65
S00117336,140,34,106
S00117337,81,25,56
S00117338,124,15,109
S00117339,166,21,145
S00117340,69,18,51
S00117341,126,22,104
S00117342,101,52,49
S00117343,86,15,71
S00117344,100,8,92
S00117345,103,14,89
S00117346,122,19,103
S00117347,107,11,96
S00117348,106,9,97
S00117349,151,15,136
S00117350,56,30,26
S00117351,165,24,141
S00117352,131,39,92
S00117353,56,16,40
S00117354,71,12,59
S00117355,107,18,89
S00117356,160,19,141
S00117357,90,19,71
S00117358,109,19,90
S00117359,108,8,100
S00117360,65,12,53
S00117361,62,14,48
S00117362,56,16,40
S00117363,78,7,71
S00117364,139,38,101
S00117365,112,13,99
S00117366,65,9,56
S00117367,181,27,154
S00117368,93,5,88
S00117369,113,18,95
S00117370,83,17,66
S00117371,65,7,58
S00117372,134,20,114
S00117373,186,42,144
S00117374,69,5,64
S00117375,66,11,55
S00117376,139,18,121
S00117377,129,29,100
S00117378,73,14,59
S00117379,139,40,99
S00117380,216,36,180
S00117381,135,45,90
S00117382,79,17,62
S00117383,147,36,111
S00117384,53,23,30
S00117385,69,30,39
S00117386,125,23,102
S00117387,70,51,19
S00117388,84,32,52
S00117389,64,26,38
S00117390,105,36,69
S00117391,86,18,68
S00117392,127,50,77
S00117393,55,22,33
S00117394,143,21,122
S00117395,141,40,101
S00117396,84,41,43
S00117397,153,43,110
S00117398,76,12,64
S00117399,71,13,58
S00117400,131,37,94
S00117401,81,25,56
S00117402,187,35,152
S00117403,119,25,94
S00117404,58,11,47
S00117405,150,10,140
S00117406,107,7,100
S00117407,203,78,125
S00117408,61,8,53
S00117409,110,23,87
S00117410,76,10,66
S00117411,188,33,155
S00117412,110,26,84
S00117413,84,41,43
S00117414,153,19,134
S00117415,208,27,181
S00117416,238,31,207
S00117417,126,14,112
S00117418,224,28,196
S00117419,84,8,76
S00117420,139,39,100
S00117421,78,18,60
S00117422,86,28,58
S00117423,66,26,40
S00117424,77,14,63
S00117425,139,32,107
S00117426,140,41,99
S00117427,76,12,64
S00117428,66,20,46
S00117429,69,17,52
S00117430,140,72,68
S00117431,91,19,72
S00117432,127,16,111
S00117433,125,10,115
S00117434,90,16,74
S00117435,104,40,64
S00117436,117,38,79
S00117437,150,44,106
S00117438,202,76,126
S00117439,111,33,78
S00117440,232,36,196
S00117441,93,38,55
S00117442,75,49,26
S00117443,59,14,45
S00117444,145,45,100
S00117445,94,14,80
S00117446,92,34,58
S00117447,73,14,59
S00117448,103,31,72
S00117449,72,21,51
S00117450,81,25,56
S00117451,108,43,65
S00117452,65,16,49
S00117453,97,39,58
S00117454,97,18,79
S00117455,69,7,62
S00117456,115,27,88
S00117457,57,20,37
S00117458,93,35,58
S00117459,94,21,73
S00117460,78,11,67
S00117461,73,18,55
S00117462,81,40,41
S00117463,86,9,77
S00117464,121,16,105
S00117465,94,37,57
S00117466,65,21,44
S00117467,108,45,63
S00117468,107,19,88
S00117469,92,27,65
S00117470,135,19,116
S00117471,68,10,58
S00117472,119,18,101
S00117473,102,18,84
S00117474,111,19,92
S00117475,69,17,52
S00117476,69,31,38
S00117477,68,24,44
S00117478,107,11,96
S00117479,84,10,74
S00117480,109,31,78
S00117481,87,26,61
S00117482,108,18,90
S00117483,178,14,164
S00117484,149,40,109
S00117485,79,22,57
S00117486,124,24,100
S00117487,101,28,73
S00117488,142,50,92
S00117489,105,35,70
S00117490,59,20,39
S00117491,90,25,65
S00117492,116,36,80
S00117493,178,26,152
S00117494,124,26,98
S00117495,52,8,44
S00117496,139,7,132
S00117497,112,27,85
S00117498,197,102,95
S00117499,109,34,75
S00117500,164,16,148
S00117501,96,27,69
S00117502,149,23,126
S00117503,162,23,139
S00117504,71,41,30
S00117505,82,46,36
S00117506,137,15,122
S00117507,152,25,127
S00117508,220,20,200
S00117509,112,4,108
S00117510,144,19,125
S00117511,213,13,200
S00117512,127,10,117
S00117513,133,16,117
S00117514,61,4,57
S00117515,129,13,116
S00117516,169,13,156
S00117517,260,30,230
S00117518,139,20,119
S00117519,197,24,173
S00117520,154,15,139
S00117521,138,15,123
S00117522,154,15,139
S00117523,129,10,119
S00117524,125,48,77
S00117525,76,12,64
S00117526,149,29,120
S00117527,69,16,53
S00117528,60,23,37
S00117529,147,22,125
S00117530,168,16,152
S00117531,197,25,172
S00117532,82,13,69
S00117533,139,9,130
S00117534,91,4,87
S00117535,97,20,77
S00117536,97,12,85
S00117537,75,20,55
S00117538,82,31,51
S00117539,54,29,25
S00117540,127,33,94
S00117541,97,2,95
S00117542,92,8,84
S00117543,128,11,117
S00117544,178,56,122
S00117545,52,13,39
S00117546,69,28,41
S00117547,108,37,71
S00117548,61,22,39
S00117549,152,43,109
S00117550,136,31,105
S00117551,67,29,38
S00117552,64,24,40
S00117553,80,1,79
S00117554,129,39,90
S00117555,196,8,188
S00117556,108,13,95
S00117557,119,22,97
S00117558,139,16,123
S00117559,67,6,61
S00117560,121,14,107
S00117561,60,5,55
S00117562,176,11,165
S00117563,76,6,70
S00117564,143,24,119
S00117565,172,19,153
S00117566,121,22,99
S00117567,124,5,119
S00117568,71,4,67
S00117569,124,10,114
S00117570,140,15,125
S00117571,97,15,82
S00117572,80,10,70
S00117573,98,10,88
S00117574,152,10,142
S00117575,201,23,178
S00117576,72,8,64
S00117577,200,96,104
S00117578,116,5,111
S00117579,89,9,80
S00117580,137,5,132
S00117581,167,12,155
S00117582,158,14,144
S00117583,137,15,122
S00117584,151,10,141
S00117585,131,16,115
S00117586,95,9,86
S00117587,52,4,48
S00117588,106,18,88
S00117589,109,19,90
S00117590,63,12,51
S00117591,76,4,72
S00117592,64,9,55
S00117593,62,20,42
S00117594,70,11,59
S00117595,83,21,62
S00117596,101,26,75
S00117597,157,13,144
S00117598,83,9,74
S00117599,172,32,140
S00117600,128,16,112
S00117601,119,4,115
S00117602,84,6,78
S00117603,128,58,70
S00117604,62,45,17
S00117605,100,12,88
S00117606,124,10,114
S00117607,145,10,135
S00117608,99,17,82
S00117609,110,7,103
S00117610,119,6,113
S00117611,115,15,100
S00117612,168,117,51
S00117613,87,17,70
S00117614,75,21,54
S00117615,211,31,180
S00117616,333,44,289
S00117617,159,20,139
S00117618,105,23,82
S00117619,104,36,68
S00117620,73,5,68
S00117621,52,4,48
S00117622,164,16,148
S00117623,172,14,158
S00117624,209,22,187
S00117625,158,17,141
S00117626,380,35,345
S00117627,66,3,63
S00117628,125,46,79
S00117629,70,13,57
S00117630,63,13,50
S00117631,76,2,74
S00117632,107,4,103
S00117633,106,7,99
S00117634,68,7,61
S00117635,117,17,100
S00117636,86,9,77
S00117637,151,16,135
S00117638,178,24,154
S00117639,95,20,75
S00117640,88,9,79
S00117641,107,10,97
S00117642,73,6,67
S00117643,70,14,56
S00117644,102,14,88
S00117645,148,14,134
S00117646,138,15,123
S00117647,129,15,114
S00117648,130,15,115
S00117649,88,20,68
S00117650,107,18,89
S00117651,129,18,111
S00117652,192,18,174
S00117653,158,19,139
S00117654,166,23,143
S00117655,77,18,59
S00117656,103,21,82
S00117657,81,10,71
S00117658,125,19,106
S00117659,136,20,116
S00117660,205,38,167
S00117661,127,24,103
S00117662,154,22,132
S00117663,120,13,107
S00117664,82,11,71
S00117665,173,25,148
S00117666,131,19,112
S00117667,129,26,103
S00117668,164,24,140
S00117669,134,30,104
S00117670,71,10,61
S00117671,175,25,150
S00117672,164,26,138
S00117673,121,23,98
S00117674,158,22,136
S00117675,170,24,146
S00117676,159,56,103
S00117677,156,18,138
S00117678,145,35,110
S00117679,112,23,89
S00117680,104,16,88
S00117681,129,25,104
S00117682,93,25,68
S00117683,121,12,109
S00117684,149,30,119
S00117685,130,28,102
S00117686,91,10,81
S00117687,132,29,103
S00117688,113,30,83
S00117689,146,32,114
S00117690,110,20,90
S00117691,79,11,68
S00117692,134,21,113
S00117693,97,16,81
S00117694,74,16,58
S00117695,107,19,88
S00117696,123,30,93
S00117697,99,43,56
S00117698,143,40,103
S00117699,131,30,101
S00117700,93,25,68
S00117701,98,33,65
S00117702,168,61,107
S00117703,142,38,104
S00117704,129,43,86
S00117705,110,37,73
S00117706,58,11,47
S00117707,96,33,63
S00117708,190,35,155
S00117709,165,20,145
S00117710,168,25,143
S00117711,161,24,137
S00117712,96,13,83
S00117713,106,20,86
S00117714,128,19,109
S00117715,128,21,107
S00117716,170,22,148
S00117717,76,6,70
S00117718,100,41,59
S00117719,80,15,65
S00117720,128,14,114
S00117721,131,22,109
S00117722,64,10,54
S00117723,123,15,108
S00117724,127,24,103
S00117725,121,27,94
S00117726,145,15,130
S00117727,155,30,125
S00117728,72,15,57
S00117729,75,17,58
S00117730,94,21,73
S00117731,73,24,49
S00117732,103,24,79
S00117733,101,14,87
S00117734,101,19,82
S00117735,127,25,102
S00117736,163,21,142
S00117737,74,5,69
S00117738,85,11,74
S00117739,152,19,133
S00117740,125,21,104
S00117741,126,9,117
S00117742,74,8,66
S00117743,81,11,70
S00117744,246,105,141
S00117745,131,17,114
S00117746,116,15,101
S00117747,141,7,134
S00117748,164,9,155
S00117749,124,13,111
S00117750,164,9,155
S00117751,197,14,183
S00117752,174,13,161
S00117753,188,15,173
S00117754,131,2,129
S00117755,127,6,121
S00117756,120,8,112
S00117757,157,13,144
S00117758,163,13,150
S00117759,101,7,94
S00117760,205,16,189
S00117761,85,9,76
S00117762,65,9,56
S00117763,118,15,103
S00117764,173,10,163
S00117765,128,5,123
S00117766,141,18,123
S00117767,107,8,99
S00117768,154,11,143
S00117769,99,5,94
S00117770,164,22,142
S00117771,159,18,141
S00117772,88,6,82
S00117773,94,8,86
S00117774,136,9,127
S00117775,108,18,90
S00117776,104,4,100
S00117777,197,26,171
S00117778,120,8,112
S00117779,141,31,110
S00117780,65,5,60
S00117781,118,3,115
S00117782,128,25,103
S00117783,77,14,63
S00117784,169,14,155
S00117785,68,5,63
S00117786,184,35,149
S00117787,126,20,106
S00117788,114,23,91
S00117789,75,9,66
S00117790,158,30,128
S00117791,139,19,120
S00117792,234,21,213
S00117793,124,23,101
S00117794,94,23,71
S00117795,77,13,64
S00117796,59,11,48
S00117797,132,22,110
S00117798,137,24,113
S00117799,59,9,50
S00117800,147,13,134
S00117801,92,17,75
S00117802,143,24,119
S00117803,74,7,67
S00117804,208,24,184
S00117805,124,16,108
S00117806,83,11,72
S00117807,136,26,110
S00117808,134,23,111
S00117809,88,16,72
S00117810,159,21,138
S00117811,143,27,116
S00117812,124,11,113
S00117813,106,20,86
S00117814,85,10,75
S00117815,85,18,67
S00117816,181,25,156
S00117817,121,26,95
S00117818,96,17,79
S00117819,86,8,78
S00117820,126,16,110
S00117821,126,16,110
S00117822,164,25,139
S00117823,108,13,95
S00117824,113,22,91
S00117825,105,10,95
S00117826,178,34,144
S00117827,172,16,156
S00117828,73,12,61
S00117829,103,18,85
S00117830,63,7,56
S00117831,126,20,106
S00117832,76,13,63
S00117833,60,10,50
S00117834,133,14,119
S00117835,148,33,115
S00117836,176,21,155
S00117837,127,32,95
S00117838,178,27,151
S00117839,94,9,85
S00117840,150,31,119
S00117841,116,22,94
S00117842,70,4,66
S00117843,175,22,153
S00117844,162,19,143
S00117845,130,24,106
S00117846,54,7,47
S00117847,113,17,96
S00117848,80,14,66
S00117849,143,22,121
S00117850,199,29,170
S00117851,131,35,96
S00117852,103,18,85
S00117853,108,11,97
S00117854,167,29,138
S00117855,140,25,115
S00117856,141,43,98
S00117857,174,28,146
S00117858,113,21,92
S00117859,101,16,85
S00117860,86,16,70
S00117861,161,27,134
S00117862,52,12,40
S00117863,69,8,61
S00117864,98,19,79
S00117865,124,22,102
S00117866,91,9,82
S00117867,129,21,108
S00117868,157,23,134
S00117869,170,18,152
S00117870,130,14,116
S00117871,70,19,51
S00117872,189,30,159
S00117873,67,12,55
S00117874,74,20,54
S00117875,72,24,48
S00117876,86,6,80
S00117877,107,19,88
S00117878,122,13,109
S00117879,100,18,82
S00117880,91,23,68
S00117881,170,25,145
S00117882,138,22,116
S00117883,125,18,107
S00117884,87,14,73
S00117885,164,23,141
S00117886,218,26,192
S00117887,129,18,111
S00117888,85,7,78
S00117889,140,25,115
S00117890,155,19,136
S00117891,174,28,146
S00117892,103,24,79
S00117893,151,23,128
S00117894,164,21,143
S00117895,124,60,64
S00117896,95,17,78
S00117897,74,16,58
S00117898,75,16,59
S00117899,89,14,75
S00117900,86,10,76
S00117901,77,9,68
S00117902,144,26,118
S00117903,184,39,145
S00117904,76,14,62
S00117905,98,11,87
S00117906,149,31,118
S00117907,86,14,72
S00117908,88,12,76
S00117909,139,21,118
S00117910,130,14,116
S00117911,50,6,44
S00117912,114,22,92
S00117913,106,13,93
S00117914,140,19,121
S00117915,136,26,110
S00117916,94,14,80
S00117917,106,14,92
S00117918,156,19,137
S00117919,185,13,172
S00117920,118,18,100
S00117921,60,6,54
S00117922,111,28,83
S00117923,69,15,54
S00117924,152,34,118
S00117925,195,23,172
S00117926,176,29,147
S00117927,155,27,128
S00117928,62,7,55
S00117929,133,20,113
S00117930,87,11,76
S00117931,121,22,99
S00117932,152,24,128
S00117933,143,15,128
S00117934,84,5,79
S00117935,112,18,94
S00117936,81,17,64
S00117937,78,13,65
S00117938,156,21,135
S00117939,133,26,107
S00117940,118,13,105
S00117941,90,15,75
S00117942,158,18,140
S00117943,94,11,83
S00117944,144,32,112
S00117945,164,40,124
S00117946,174,32,142
S00117947,139,31,108
S00117948,101,13,88
S00117949,122,22,100
S00117950,156,36,120
S00117951,148,23,125
S00117952,130,11,119
S00117953,127,23,104
S00117954,122,15,107
S00117955,140,31,109
S00117956,86,7,79
S00117957,123,26,97
S00117958,122,18,104
S00117959,62,2,60
S00117960,141,23,118
S00117961,116,24,92
S00117962,144,41,103
S00117963,168,37,131
S00117964,144,32,112
S00117965,91,19,72
S00117966,52,13,39
S00117967,126,44,82
S00117968,103,24,79
S00117969,123,24,99
S00117970,56,11,45
S00117971,98,18,80
S00117972,90,23,67
S00117973,91,17,74
S00117974,137,36,101
S00117975,152,36,116
S00117976,132,19,113
S00117977,104,33,71
S00117978,73,13,60
S00117979,170,40,130
S00117980,107,27,80
S00117981,85,23,62
S00117982,92,17,75
S00117983,92,26,66
S00117984,173,20,153
S00117985,108,21,87
S00117986,149,31,118
S00117987,111,18,93
S00117988,157,24,133
S00117989,115,30,85
S00117990,136,17,119
S00117991,103,29,74
S00117992,112,44,68
S00117993,110,26,84
S00117994,119,24,95
S00117995,133,29,104
S00117996,98,11,87
S00117997,104,23,81
S00117998,111,16,95
S00117999,108,20,88
S00118000,128,12,116
S00118001,114,23,91
S00118002,91,12,79
S00118003,114,18,96
S00118004,127,22,105
S00118005,73,10,63
S00118006,136,24,112
S00118007,132,16,116
S00118008,129,27,102
S00118009,97,20,77
S00118010,94,18,76
S00118011,126,16,110
S00118012,76,18,58
S00118013,164,42,122
S00118014,125,17,108
S00118015,168,37,131
S00118016,81,14,67
S00118017,187,27,160
S00118018,135,10,125
S00118019,97,14,83
S00118020,101,8,93
S00118021,130,18,112
S00118022,89,21,68
S00118023,140,25,115
S00118024,155,20,135
S00118025,148,21,127
S00118026,108,16,92
S00118027,167,29,138
S00118028,100,14,86
S00118029,150,23,127
S00118030,84,33,51
S00118031,77,19,58
S00118032,130,39,91
S00118033,68,9,59
S00118034,117,33,84
S00118035,125,26,99
S00118036,102,40,62
S00118037,103,21,82
S00118038,93,18,75
S00118039,160,33,127
S00118040,74,15,59
S00118041,106,20,86
S00118042,95,16,79
S00118043,103,13,90
S00118044,78,9,69
S00118045,153,23,130
S00118046,97,21,76
S00118047,60,16,44
S00118048,111,34,77
S00118049,130,32,98
S00118050,153,24,129
S00118051,95,15,80
S00118052,89,17,72
S00118053,87,22,65
S00118054,149,32,117
S00118055,171,50,121
S00118056,97,20,77
S00118057,86,17,69
S00118058,135,33,102
S00118059,143,25,118
S00118060,147,38,109
S00118061,92,21,71
S00118062,103,18,85
S00118063,117,28,89
S00118064,118,24,94
S00118065,140,41,99
S00118066,114,21,93
S00118067,104,30,74
S00118068,112,38,74
S00118069,53,11,42
S00118070,147,37,110
S00118071,83,25,58
S00118072,118,30,88
S00118073,155,31,124
S00118074,129,23,106
S00118075,93,28,65
S00118076,118,20,98
S00118077,113,23,90
S00118078,131,34,97
S00118079,84,24,60
S00118080,111,18,93
S00118081,63,6,57
S00118082,141,15,126
S00118083,86,17,69
S00118084,55,9,46
S00118085,106,27,79
S00118086,132,24,108
S00118087,109,16,93
S00118088,113,15,98
S00118089,63,11,52
S00118090,80,21,59
S00118091,85,27,58
S00118092,154,21,133
S00118093,54,12,42
S00118094,121,43,78
S00118095,150,27,123
S00118096,116,27,89
S00118097,127,20,107
S00118098,107,27,80
S00118099,98,20,78
S00118100,126,36,90
S00118101,76,23,53
S00118102,127,38,89
S00118103,117,36,81
S00118104,133,24,109
S00118105,82,31,51
S00118106,131,37,94
S00118107,63,19,44
S00118108,161,35,126
S00118109,112,15,97
S00118110,72,11,61
S00118111,182,33,149
S00118112,59,13,46
S00118113,69,19,50
S00118114,91,18,73
S00118115,123,25,98
S00118116,101,20,81
S00118117,174,40,134
S00118118,131,32,99
S00118119,137,34,103
S00118120,153,29,124
S00118121,106,20,86
S00118122,108,22,86
S00118123,59,9,50
S00118124,98,19,79
S00118125,109,25,84
S00118126,78,38,40
S00118127,66,14,52
S00118128,124,13,111
S00118129,106,11,95
S00118130,113,24,89
S00118131,113,26,87
S00118132,104,24,80
S00118133,89,18,71
S00118134,122,22,100
S00118135,143,21,122
S00118136,96,17,79
S00118137,209,27,182
S00118138,161,22,139
S00118139,111,9,102
S00118140,123,19,104
S00118141,133,14,119
S00118142,112,15,97
S00118143,122,18,104
S00118144,154,23,131
S00118145,119,12,107
S00118146,74,20,54
S00118147,144,27,117
S00118148,126,22,104
S00118149,85,15,70
S00118150,133,26,107
S00118151,113,17,96
S00118152,104,13,91
S00118153,83,16,67
S00118154,100,26,74
S00118155,86,21,65
S00118156,165,21,144
S00118157,94,33,61
S00118158,106,18,88
S00118159,127,14,113
S00118160,89,18,71
S00118161,126,22,104
S00118162,71,24,47
S00118163,111,21,90
S00118164,134,22,112
S00118165,96,12,84
S00118166,195,29,166
S00118167,128,33,95
S00118168,123,15,108
S00118169,107,7,100
S00118170,112,18,94
S00118171,132,35,97
S00118172,94,22,72
S00118173,140,45,95
S00118174,189,30,159
S00118175,109,25,84
S00118176,136,29,107
S00118177,119,25,94
S00118178,129,28,101
S00118179,99,20,79
S00118180,138,25,113
S00118181,140,16,124
S00118182,121,18,103
S00118183,120,27,93
S00118184,90,22,68
S00118185,117,22,95
S00118186,136,19,117
S00118187,125,26,99
S00118188,96,22,74
S00118189,177,39,138
S00118190,100,17,83
S00118191,161,30,131
S00118192,75,15,60
S00118193,121,17,104
S00118194,116,29,87
S00118195,143,25,118
S00118196,83,8,75
S00118197,67,33,34
S00118198,119,29,90
S00118199,168,32,136
S00118200,70,17,53
S00118201,95,17,78
S00118202,121,18,103
S00118203,144,26,118
S00118204,107,8,99
S00118205,101,13,88
S00118206,52,26,26
S00118207,99,17,82
S00118208,150,20,130
S00118209,135,13,122
S00118210,160,30,130
S00118211,86,15,71
S00118212,120,26,94
S00118213,158,19,139
S00118214,130,33,97
S00118215,123,18,105
S00118216,138,36,102
S00118217,112,16,96
S00118218,84,13,71
S00118219,125,31,94
S00118220,180,46,134
S00118221,125,18,107
S00118222,95,21,74
S00118223,72,14,58
S00118224,157,40,117
S00118225,124,44,80
S00118226,98,11,87
S00118227,84,13,71
S00118228,80,22,58
S00118229,90,17,73
S00118230,86,11,75
S00118231,95,16,79
S00118232,104,10,94
S00118233,90,12,78
S00118234,143,13,130
S00118235,74,21,53
S00118236,108,17,91
S00118237,145,28,117
S00118238,118,18,100
S00118239,87,17,70
S00118240,101,34,67
S00118241,119,14,105
S00118242,110,17,93
S00118243,139,33,106
S00118244,186,30,156
S00118245,109,11,98
S00118246,116,11,105
S00118247,69,19,50
S00118248,136,18,118
S00118249,144,15,129
S00118250,53,11,42
S00118251,95,21,74
S00118252,125,20,105
S00118253,71,13,58
S00118254,135,79,56
S00118255,85,14,71
S00118256,128,20,108
S00118257,58,12,46
S00118258,122,17,105
S00118259,93,33,60
S00118260,155,27,128
S00118261,100,6,94
S00118262,113,29,84
S00118263,126,10,116
S00118264,93,25,68
S00118265,91,9,82
S00118266,88,11,77
S00118267,131,22,109
S00118268,178,24,154
S00118269,61,9,52
S00118270,117,13,104
S00118271,168,23,145
S00118272,110,17,93
S00118273,69,42,27
S00118274,121,13,108
S00118275,85,15,70
S00118276,96,19,77
S00118277,77,8,69
S00118278,76,24,52
S00118279,117,37,80
S00118280,176,17,159
S00118281,149,27,122
S00118282,85,16,69
S00118283,113,43,70
S00118284,83,32,51
S00118285,101,25,76
S00118286,231,92,139
S00118287,101,15,86
S00118288,125,39,86
S00118289,137,28,109
S00118290,77,4,73
S00118291,212,42,170
S00118292,78,11,67
S00118293,97,17,80
S00118294,69,10,59
S00118295,115,15,100
S00118296,52,8,44
S00118297,137,14,123
S00118298,118,15,103
S00118299,60,8,52
S00118300,93,14,79
S00118301,84,6,78
S00118302,96,17,79
S00118303,132,8,124
S00118304,93,16,77
S00118305,131,29,102
S00118306,121,20,101
S00118307,124,28,96
S00118308,69,16,53
S00118309,108,21,87
S00118310,91,6,85
S00118311,152,13,139
S00118312,117,25,92
S00118313,144,35,109
S00118314,154,40,114
S00118315,120,21,99
S00118316,89,20,69
S00118317,168,37,131
S00118318,68,18,50
S00118319,64,5,59
S00118320,157,9,148
S00118321,110,7,103
S00118322,105,4,101
S00118323,167,13,154
S00118324,156,14,142
S00118325,172,25,147
S00118326,101,11,90
S00118327,89,17,72
S00118328,222,21,201
S00118329,97,18,79
S00118330,122,23,99
S00118331,108,15,93
S00118332,128,25,103
S00118333,108,13,95
S00118334,103,16,87
S00118335,165,19,146
S00118336,165,29,136
S00118337,56,6,50
S00118338,116,21,95
S00118339,95,9,86
S00118340,73,11,62
S00118341,123,7,116
S00118342,111,12,99
S00118343,137,17,120
S00118344,68,11,57
S00118345,131,8,123
S00118346,131,12,119
S00118347,177,16,161
S00118348,112,8,104
S00118349,148,17,131
S00118350,148,29,119
S00118351,112,23,89
S00118352,109,16,93
S00118353,130,16,114
S00118354,127,17,110
S00118355,79,16,63
S00118356,108,21,87
S00118357,60,10,50
S00118358,165,29,136
S00118359,98,19,79
S00118360,114,14,100
S00118361,69,14,55
S00118362,63,17,46
S00118363,92,16,76
S00118364,103,9,94
S00118365,120,26,94
S00118366,119,29,90
S00118367,136,24,112
S00118368,99,25,74
S00118369,110,21,89
S00118370,91,13,78
S00118371,107,29,78
S00118372,110,15,95
S00118373,100,25,75
S00118374,107,12,95
S00118375,108,13,95
S00118376,173,26,147
S00118377,146,27,119
S00118378,137,24,113
S00118379,111,21,90
S00118380,73,16,57
S00118381,103,10,93
S00118382,168,40,128
S00118383,85,22,63
S00118384,62,9,53
S00118385,101,37,64
S00118386,106,18,88
S00118387,109,14,95
S00118388,112,33,79
S00118389,85,30,55
S00118390,90,14,76
S00118391,88,26,62
S00118392,155,30,125
S00118393,164,25,139
S00118394,146,31,115
S00118395,172,27,145
S00118396,95,14,81
S00118397,87,23,64
S00118398,112,23,89
S00118399,96,21,75
S00118400,139,27,112
S00118401,110,26,84
S00118402,134,21,113
S00118403,82,15,67
S00118404,169,24,145
S00118405,66,16,50
S00118406,93,16,77
S00118407,119,25,94
S00118408,151,19,132
S00118409,133,47,86
S00118410,58,7,51
S00118411,108,24,84
S00118412,108,15,93
S00118413,106,16,90
S00118414,121,15,106
S00118415,87,10,77
S00118416,91,27,64
S00118417,77,12,65
S00118418,80,14,66
S00118419,79,16,63
S00118420,50,24,26
S00118421,87,12,75
S00118422,95,18,77
S00118423,54,8,46
S00118424,176,79,97
S00118425,122,34,88
S00118426,169,35,134
S00118427,95,23,72
S00118428,75,19,56
S00118429,100,27,73
S00118430,111,19,92
S00118431,91,24,67
S00118432,154,14,140
S00118433,170,27,143
S00118434,108,18,90
S00118435,143,34,109
S00118436,114,37,77
S00118437,107,36,71
S00118438,122,32,90
S00118439,127,13,114
S00118440,82,22,60
S00118441,77,11,66
S00118442,132,15,117
S00118443,78,24,54
S00118444,128,30,98
S00118445,122,30,92
S00118446,102,43,59
S00118447,95,25,70
S00118448,92,26,66
S00118449,120,24,96
S00118450,96,20,76
S00118451,110,14,96
S00118452,112,17,95
S00118453,103,27,76
S00118454,100,13,87
S00118455,149,36,113
S00118456,157,40,117
S00118457,75,30,45
S00118458,66,26,40
S00118459,184,46,138
S00118460,125,36,89
S00118461,159,27,132
S00118462,135,56,79
S00118463,121,33,88
S00118464,95,22,73
S00118465,115,36,79
S00118466,117,23,94
S00118467,133,21,112
S00118468,111,19,92
S00118469,74,10,64
S00118470,98,11,87
S00118471,80,10,70
S00118472,170,26,144
S00118473,89,8,81
S00118474,116,13,103
S00118475,82,15,67
S00118476,89,23,66
S00118477,83,22,61
S00118478,125,32,93
S00118479,112,33,79
S00118480,118,27,91
S00118481,129,24,105
S00118482,179,45,134
S00118483,75,11,64
S00118484,100,9,91
S00118485,127,43,84
S00118486,57,30,27
S00118487,77,5,72
S00118488,188,44,144
S00118489,121,36,85
S00118490,147,30,117
S00118491,142,30,112
S00118492,79,8,71
S00118493,121,13,108
S00118494,136,40,96
S00118495,134,26,108
S00118496,155,31,124
S00118497,146,28,118
S00118498,156,37,119
S00118499,157,42,115
S00118500,148,23,125
S00118501,133,20,113
S00118502,127,22,105
S00118503,62,40,22
S00118504,51,10,41
S00118505,80,29,51
S00118506,140,16,124
S00118507,152,18,134
S00118508,51,5,46
S00118509,155,56,99
S00118510,72,13,59
S00118511,205,35,170
S00118512,121,17,104
S00118513,120,30,90
S00118514,163,32,131
S00118515,161,26,135
S00118516,192,37,155
S00118517,121,30,91
S00118518,103,19,84
S00118519,112,24,88
S00118520,70,25,45
S00118521,74,32,42
S00118522,62,16,46
S00118523,104,27,77
S00118524,58,22,36
S00118525,117,24,93
S00118526,79,15,64
S00118527,149,45,104
S00118528,117,22,95
S00118529,164,34,130
S00118530,132,16,116
S00118531,127,25,102
S00118532,123,30,93
S00118533,156,38,118
S00118534,107,45,62
S00118535,122,43,79
S00118536,62,25,37
S00118537,103,40,63
S00118538,54,15,39
S00118539,100,27,73
S00118540,73,23,50
S00118541,87,32,55
S00118542,77,18,59
S00118543,105,30,75
S00118544,63,14,49
S00118545,74,12,62
S00118546,131,21,110
S00118547,66,7,59
S00118548,92,14,78
S00118549,132,20,112
S00118550,55,4,51
S00118551,67,13,54
S00118552,77,13,64
S00118553,183,34,149
S00118554,130,11,119
S00118555,107,5,102
S00118556,108,22,86
S00118557,101,16,85
S00118558,90,19,71
S00118559,118,23,95
S00118560,102,18,84
S00118561,181,25,156
S00118562,120,15,105
S00118563,190,29,161
S00118564,86,10,76
S00118565,78,15,63
S00118566,85,17,68
S00118567,93,17,76
S00118568,97,14,83
S00118569,179,41,138
S00118570,50,12,38
S00118571,125,24,101
S00118572,107,23,84
S00118573,54,7,47
S00118574,59,14,45
S00118575,110,29,81
S00118576,118,31,87
S00118577,63,11,52
S00118578,59,9,50
S00118579,132,43,89
S00118580,109,11,98
S00118581,95,17,78
S00118582,102,18,84
S00118583,123,13,110
S00118584,101,22,79
S00118585,124,24,100
S00118586,60,7,53
S00118587,107,26,81
S00118588,84,27,57
S00118589,74,25,49
S00118590,65,9,56
S00118591,71,17,54
S00118592,57,4,53
S00118593,115,30,85
S00118594,96,15,81
S00118595,59,13,46
S00118596,132,21,111
S00118597,119,25,94
S00118598,142,24,118
S00118599,143,22,121
S00118600,110,22,88
S00118601,128,29,99
S00118602,144,21,123
S00118603,98,14,84
S00118604,86,16,70
S00118605,224,33,191
S00118606,85,9,76
S00118607,96,11,85
S00118608,61,5,56
S00118609,126,20,106
S00118610,56,6,50
S00118611,116,11,105
S00118612,180,25,155
S00118613,113,12,101
S00118614,104,19,85
S00118615,186,34,152
S00118616,157,38,119
S00118617,178,37,141
S00118618,138,20,118
S00118619,115,25,90
S00118620,120,25,95
S00118621,195,33,162
S00118622,161,22,139
S00118623,126,25,101
S00118624,141,24,117
S00118625,127,18,109
S00118626,169,28,141
S00118627,172,25,147
S00118628,117,32,85
S00118629,166,38,128
S00118630,157,26,131
S00118631,191,19,172
S00118632,79,15,64
S00118633,131,18,113
S00118634,137,26,111
S00118635,160,23,137
S00118636,128,29,99
S00118637,81,12,69
S00118638,90,21,69
S00118639,120,17,103
S00118640,134,31,103
S00118641,143,31,112
S00118642,75,13,62
S00118643,133,35,98
S00118644,74,26,48
S00118645,126,33,93
S00118646,167,40,127
S00118647,108,22,86
S00118648,59,13,46
S00118649,140,17,123
S00118650,174,29,145
S00118651,89,13,76
S00118652,108,27,81
S00118653,105,20,85
S00118654,84,33,51
S00118655,112,17,95
S00118656,145,23,122
S00118657,106,20,86
S00118658,127,18,109
S00118659,65,5,60
S00118660,100,9,91
S00118661,190,43,147
S00118662,122,16,106
S00118663,106,25,81
S00118664,117,14,103
S00118665,105,17,88
S00118666,97,22,75
S00118667,121,11,110
S00118668,215,28,187
S00118669,97,20,77
S00118670,142,30,112
S00118671,75,24,51
S00118672,92,33,59
S00118673,153,16,137
S00118674,107,17,90
S00118675,158,34,124
S00118676,148,32,116
S00118677,159,30,129
S00118678,55,11,44
S00118679,163,20,143
S00118680,61,5,56
S00118681,125,12,113
S00118682,85,28,57
S00118683,85,11,74
S00118684,110,25,85
S00118685,117,26,91
S00118686,98,20,78
S00118687,151,27,124
S00118688,114,25,89
S00118689,166,33,133
S00118690,169,23,146
S00118691,170,28,142
S00118692,122,15,107
S00118693,112,18,94
S00118694,113,20,93
S00118695,131,13,118
S00118696,101,28,73
S00118697,70,17,53
S00118698,178,44,134
S00118699,125,22,103
S00118700,178,71,107
S00118701,89,29,60
S00118702,89,12,77
S00118703,105,12,93
S00118704,122,43,79
S00118705,124,30,94
S00118706,107,21,86
S00118707,110,17,93
S00118708,59,7,52
S00118709,85,16,69
S00118710,110,12,98
S00118711,66,8,58
S00118712,72,13,59
S00118713,132,20,112
S00118714,100,19,81
S00118715,107,22,85
S00118716,119,22,97
S00118717,76,12,64
S00118718,105,23,82
S00118719,123,26,97
S00118720,138,27,111
S00118721,87,38,49
S00118722,83,22,61
S00118723,127,28,99
S00118724,94,22,72
S00118725,72,14,58
S00118726,102,25,77
S00118727,92,18,74
S00118728,146,34,112
S00118729,140,29,111
S00118730,119,17,102
S00118731,89,13,76
S00118732,106,26,80
S00118733,96,23,73
S00118734,57,9,48
S00118735,109,20,89
S00118736,155,23,132
S00118737,108,21,87
S00118738,125,32,93
S00118739,141,48,93
S00118740,162,93,69
S00118741,69,7,62
S00118742,101,21,80
S00118743,91,19,72
S00118744,135,25,110
S00118745,146,20,126
S00118746,139,19,120
S00118747,93,18,75
S00118748,157,20,137
S00118749,160,17,143
S00118750,147,27,120
S00118751,126,21,105
S00118752,114,31,83
S00118753,180,36,144
S00118754,110,31,79
S00118755,85,16,69
S00118756,127,30,97
S00118757,200,39,161
S00118758,168,33,135
S00118759,171,25,146
S00118760,138,16,122
S00118761,116,33,83
S00118762,157,25,132
S00118763,162,72,90
S00118764,77,13,64
S00118765,96,24,72
S00118766,89,12,77
S00118767,107,23,84
S00118768,54,20,34
S00118769,119,36,83
S00118770,107,23,84
S00118771,102,18,84
S00118772,99,19,80
S00118773,150,21,129
S00118774,61,9,52
S00118775,140,26,114
S00118776,128,29,99
S00118777,91,20,71
S00118778,199,27,172
S00118779,75,36,39
S00118780,154,15,139
S00118781,94,24,70
S00118782,162,27,135
S00118783,146,26,120
S00118784,156,16,140
S00118785,167,16,151
S00118786,163,29,134
S00118787,200,25,175
S00118788,118,35,83
S00118789,98,15,83
S00118790,187,18,169
S00118791,196,33,163
S00118792,108,23,85
S00118793,59,3,56
S00118794,159,31,128
S00118795,129,22,107
S00118796,134,33,101
S00118797,114,21,93
S00118798,136,32,104
S00118799,114,15,99
S00118800,149,48,101
S00118801,128,29,99
S00118802,102,18,84
S00118803,135,29,106
S00118804,176,38,138
S00118805,150,34,116
S00118806,89,19,70
S00118807,92,25,67
S00118808,113,19,94
S00118809,121,30,91
S00118810,135,28,107
S00118811,186,23,163
S00118812,134,30,104
S00118813,128,32,96
S00118814,142,33,109
S00118815,121,32,89
S00118816,147,28,119
S00118817,146,39,107
S00118818,143,26,117
S00118819,135,30,105
S00118820,138,31,107
S00118821,144,30,114
S00118822,133,10,123
S00118823,122,20,102
S00118824,163,25,138
S00118825,61,19,42
S00118826,115,16,99
S00118827,122,11,111
S00118828,179,34,145
S00118829,91,31,60
S00118830,160,33,127
S00118831,101,22,79
S00118832,153,27,126
S00118833,94,18,76
S00118834,105,18,87
S00118835,129,33,96
S00118836,122,16,106
S00118837,141,56,85
S00118838,106,27,79
S00118839,86,35,51
S00118840,96,14,82
S00118841,136,26,110
S00118842,182,42,140
S00118843,118,27,91
S00118844,230,30,200
S00118845,115,27,88
S00118846,188,34,154
S00118847,138,30,108
S00118848,98,15,83
S00118849,108,30,78
S00118850,74,22,52
S00118851,101,34,67
S00118852,94,9,85
S00118853,76,22,54
S00118854,90,18,72
S00118855,97,23,74
S00118856,111,22,89
S00118857,146,16,130
S00118858,117,23,94
S00118859,95,18,77
S00118860,118,29,89
S00118861,136,24,112
S00118862,93,18,75
S00118863,112,25,87
S00118864,155,38,117
S00118865,123,26,97
S00118866,87,32,55
S00118867,107,32,75
S00118868,158,37,121
S00118869,95,32,63
S00118870,164,41,123
S00118871,76,17,59
S00118872,144,43,101
S00118873,99,23,76
S00118874,128,29,99
S00118875,138,16,122
S00118876,79,33,46
S00118877,59,17,42
S00118878,88,6,82
S00118879,97,24,73
S00118880,136,33,103
S00118881,105,32,73
S00118882,166,23,143
S00118883,107,21,86
S00118884,123,18,105
S00118885,107,26,81
S00118886,131,21,110
S00118887,89,17,72
S00118888,129,20,109
S00118889,84,33,51
S00118890,85,27,58
S00118891,112,16,96
S00118892,56,14,42
S00118893,52,19,33
S00118894,93,19,74
S00118895,112,18,94
S00118896,110,17,93
S00118897,104,19,85
S00118898,80,18,62
S00118899,113,32,81
S00118900,179,64,115
S00118901,76,30,46
S00118902,147,17,130
S00118903,118,22,96
S00118904,118,20,98
S00118905,157,35,122
S00118906,133,28,105
S00118907,120,26,94
S00118908,140,27,113
S00118909,68,20,48
S00118910,122,22,100
S00118911,120,29,91
S00118912,128,34,94
S00118913,139,40,99
S00118914,63,18,45
S00118915,178,27,151
S00118916,125,19,106
S00118917,107,22,85
S00118918,80,23,57
S00118919,75,18,57
S00118920,142,31,111
S00118921,87,29,58
S00118922,103,21,82
S00118923,146,20,126
S00118924,112,40,72
S00118925,96,19,77
S00118926,85,24,61
S00118927,115,25,90
S00118928,96,16,80
S00118929,135,34,101
S00118930,110,19,91
S00118931,176,26,150
S00118932,143,26,117
S00118933,77,10,67
S00118934,135,27,108
S00118935,124,36,88
S00118936,122,14,108
S00118937,91,27,64
S00118938,104,22,82
S00118939,110,14,96
S00118940,144,29,115
S00118941,149,28,121
S00118942,184,20,164
S00118943,80,16,64
S00118944,153,27,126
S00118945,92,25,67
S00118946,93,18,75
S00118947,63,8,55
S00118948,113,28,85
S00118949,98,23,75
S00118950,77,12,65
S00118951,91,17,74
S00118952,114,32,82
S00118953,116,19,97
S00118954,140,23,117
S00118955,156,18,138
S00118956,145,22,123
S00118957,161,30,131
S00118958,111,36,75
S00118959,108,42,66
S00118960,122,29,93
S00118961,106,23,83
S00118962,78,26,52
S00118963,113,19,94
S00118964,118,26,92
S00118965,122,20,102
S00118966,140,32,108
S00118967,108,25,83
S00118968,83,16,67
S00118969,91,16,75
S00118970,85,8,77
S00118971,54,9,45
S00118972,99,24,75
S00118973,136,33,103
S00118974,107,21,86
S00118975,126,22,104
S00118976,124,16,108
S00118977,122,15,107
S00118978,106,16,90
S00118979,88,17,71
S00118980,112,14,98
S00118981,111,20,91
S00118982,147,31,116
S00118983,126,23,103
S00118984,89,21,68
S00118985,150,25,125
S00118986,115,22,93
S00118987,97,14,83
S00118988,93,19,74
S00118989,124,14,110
S00118990,159,32,127
S00118991,126,25,101
S00118992,102,18,84
S00118993,103,15,88
S00118994,61,11,50
S00118995,103,15,88
S00118996,75,18,57
S00118997,87,18,69
S00118998,148,27,121
S00118999,86,22,64
S00119000,125,16,109
S00119001,165,42,123
S00119002,126,67,59
S00119003,104,8,96
S00119004,117,20,97
S00119005,175,25,150
S00119006,102,29,73
S00119007,109,18,91
S00119008,108,23,85
S00119009,89,11,78
S00119010,67,5,62
S00119011,79,11,68
S00119012,113,11,102
S00119013,92,12,80
S00119014,95,17,78
S00119015,86,15,71
S00119016,84,23,61
S00119017,116,24,92
S00119018,90,10,80
S00119019,105,16,89
S00119020,94,22,72
S00119021,66,17,49
S00119022,54,9,45
S00119023,121,24,97
S00119024,105,31,74
S00119025,70,24,46
S00119026,67,24,43
S00119027,78,27,51
S00119028,81,38,43
S00119029,66,15,51
S00119030,75,23,52
S00119031,96,25,71
S00119032,96,24,72
S00119033,149,25,124
S00119034,80,16,64
S00119035,121,22,99
S00119036,150,23,127
S00119037,95,15,80
S00119038,76,19,57
S00119039,90,15,75
S00119040,75,11,64
S00119041,52,30,22
S00119042,92,19,73
S00119043,89,10,79
S00119044,115,18,97
S00119045,50,10,40
S00119046,103,17,86
S00119047,60,12,48
S00119048,106,23,83
S00119049,60,14,46
S00119050,171,100,71
S00119051,155,21,134
S00119052,66,12,54
S00119053,190,14,176
S00119054,105,9,96
S00119055,64,24,40
S00119056,50,19,31
S00119057,110,10,100
S00119058,122,20,102
S00119059,122,18,104
S00119060,88,22,66
S00119061,126,16,110
S00119062,182,20,162
S00119063,148,53,95
S00119064,127,18,109
S00119065,91,10,81
S00119066,150,9,141
S00119067,148,22,126
S00119068,208,28,180
S00119069,150,17,133
S00119070,123,15,108
S00119071,56,4,52
S00119072,63,13,50
S00119073,81,16,65
S00119074,84,14,70
S00119075,51,8,43
S00119076,108,22,86
S00119077,94,12,82
S00119078,158,21,137
S00119079,167,17,150
S00119080,183,7,176
S00119081,86,7,79
S00119082,105,9,96
S00119083,195,14,181
S00119084,187,5,182
S00119085,93,8,85
S00119086,200,8,192
S00119087,228,13,215
S00119088,80,10,70
S00119089,148,12,136
S00119090,86,9,77
S00119091,130,5,125
S00119092,108,6,102
S00119093,96,22,74
S00119094,76,8,68
S00119095,77,6,71
S00119096,131,15,116
S00119097,55,7,48
S00119098,67,11,56
S00119099,152,24,128
S00119100,165,33,132
S00119101,92,14,78
S00119102,109,17,92
S00119103,167,20,147
S00119104,110,37,73
S00119105,82,17,65
S00119106,106,27,79
S00119107,65,22,43
S00119108,101,21,80
S00119109,107,4,103
S00119110,125,11,114
S00119111,204,54,150
S00119112,113,22,91
S00119113,85,20,65
S00119114,82,17,65
S00119115,117,21,96
S00119116,58,11,47
S00119117,150,30,120
S00119118,65,9,56
S00119119,121,30,91
S00119120,107,26,81
S00119121,106,11,95
S00119122,149,25,124
S00119123,123,20,103
S00119124,161,19,142
S00119125,134,25,109
S00119126,128,34,94
S00119127,121,39,82
S00119128,69,17,52
S00119129,103,32,71
S00119130,135,41,94
S00119131,110,22,88
S00119132,125,28,97
S00119133,84,15,69
S00119134,85,23,62
S00119135,73,16,57
S00119136,80,15,65
S00119137,105,17,88
S00119138,92,22,70
S00119139,71,10,61
S00119140,61,8,53
S00119141,71,27,44
S00119142,120,24,96
S00119143,143,25,118
S00119144,137,25,112
S00119145,88,14,74
S00119146,71,18,53
S00119147,116,19,97
S00119148,63,7,56
S00119149,130,20,110
S00119150,136,12,124
S00119151,61,7,54
S00119152,113,14,99
S00119153,105,14,91
S00119154,128,32,96
S00119155,113,19,94
S00119156,226,42,184
S00119157,128,27,101
S00119158,108,15,93
S00119159,153,13,140
S00119160,93,16,77
S00119161,98,15,83
S00119162,103,8,95
S00119163,83,13,70
S00119164,64,14,50
S00119165,126,10,116
S00119166,137,28,109
S00119167,120,11,109
S00119168,175,18,157
S00119169,110,10,100
S00119170,89,16,73
S00119171,111,50,61
S00119172,78,14,64
S00119173,131,17,114
S00119174,113,22,91
S00119175,76,6,70
S00119176,59,10,49
S00119177,109,28,81
S00119178,55,11,44
S00119179,192,39,153
S00119180,131,13,118
S00119181,109,19,90
S00119182,74,13,61
S00119183,124,16,108
S00119184,126,22,104
S00119185,149,25,124
S00119186,109,21,88
S00119187,58,12,46
S00119188,52,12,40
S00119189,140,20,120
S00119190,92,22,70
S00119191,103,11,92
S00119192,90,17,73
S00119193,66,17,49
S00119194,113,31,82
S00119195,97,18,79
S00119196,84,32,52
S00119197,108,54,54
S00119198,86,16,70
S00119199,118,33,85
S00119200,68,24,44
S00119201,79,11,68
S00119202,75,9,66
S00119203,70,13,57
S00119204,138,36,102
S00119205,89,15,74
S00119206,87,12,75
S00119207,133,26,107
S00119208,112,15,97
S00119209,107,22,85
S00119210,69,16,53
S00119211,53,12,41
S00119212,69,15,54
S00119213,149,20,129
S00119214,66,11,55
S00119215,168,18,150
S00119216,65,8,57
S00119217,145,24,121
S00119218,198,30,168
S00119219,116,36,80
S00119220,83,11,72
S00119221,93,17,76
S00119222,117,14,103
S00119223,61,4,57
S00119224,129,38,91
S00119225,91,27,64
S00119226,62,13,49
S00119227,91,9,82
S00119228,59,10,49
S00119229,91,9,82
S00119230,72,11,61
S00119231,156,12,144
S00119232,82,14,68
S00119233,155,23,132
S00119234,51,13,38
S00119235,132,22,110
S00119236,66,19,47
S00119237,124,18,106
S00119238,86,13,73
S00119239,81,14,67
S00119240,124,14,110
S00119241,196,42,154
S00119242,95,7,88
S00119243,146,32,114
S00119244,56,22,34
S00119245,115,25,90
S00119246,92,31,61
S00119247,140,16,124
S00119248,99,13,86
S00119249,99,11,88
S00119250,106,11,95
S00119251,153,21,132
S00119252,122,16,106
S00119253,63,16,47
S00119254,187,27,160
S00119255,113,20,93
S00119256,67,9,58
S00119257,163,31,132
S00119258,82,9,73
S00119259,139,35,104
S00119260,102,12,90
S00119261,110,12,98
S00119262,162,30,132
S00119263,128,17,111
S00119264,121,25,96
S00119265,165,20,145
S00119266,71,9,62
S00119267,92,18,74
S00119268,138,17,121
S00119269,108,15,93
S00119270,93,14,79
S00119271,145,26,119
S00119272,179,37,142
S00119273,117,13,104
S00119274,155,33,122
S00119275,100,34,66
S00119276,74,30,44
S00119277,136,31,105
S00119278,97,15,82
S00119279,134,31,103
S00119280,201,9,192
S00119281,65,8,57
S00119282,57,5,52
S00119283,175,19,156
S00119284,165,12,153
S00119285,179,29,150
S00119286,61,6,55
S00119287,96,15,81
S00119288,102,12,90
S00119289,132,16,116
S00119290,85,21,64
S00119291,136,22,114
S00119292,127,22,105
S00119293,131,27,104
S00119294,114,19,95
S00119295,200,30,170
S00119296,140,7,133
S00119297,145,35,110
S00119298,70,10,60
S00119299,144,21,123
S00119300,210,34,176
S00119301,55,12,43
S00119302,58,11,47
S00119303,97,15,82
S00119304,156,30,126
S00119305,140,26,114
S00119306,73,18,55
S00119307,130,23,107
S00119308,66,13,53
S00119309,102,14,88
S00119310,150,24,126
S00119311,55,12,43
S00119312,61,16,45
S00119313,139,39,100
S00119314,93,10,83
S00119315,76,20,56
S00119316,137,29,108
S00119317,77,8,69
S00119318,86,7,79
S00119319,178,31,147
S00119320,95,12,83
S00119321,153,16,137
S00119322,108,12,96
S00119323,73,10,63
S00119324,132,18,114
S00119325,170,26,144
S00119326,124,25,99
S00119327,99,16,83
S00119328,90,14,76
S00119329,184,29,155
S00119330,60,7,53
S00119331,77,12,65
S00119332,183,29,154
S00119333,120,18,102
S00119334,154,21,133
S00119335,103,23,80
S00119336,154,36,118
S00119337,168,25,143
S00119338,66,11,55
S00119339,108,16,92
S00119340,169,24,145
S00119341,107,18,89
S00119342,162,21,141
S00119343,119,16,103
S00119344,183,33,150
S00119345,131,13,118
S00119346,77,10,67
S00119347,120,12,108
S00119348,180,18,162
S00119349,182,32,150
S00119350,73,6,67
S00119351,114,18,96
S00119352,166,23,143
S00119353,125,32,93
S00119354,136,26,110
S00119355,187,75,112
S00119356,152,23,129
S00119357,126,20,106
S00119358,93,18,75
S00119359,117,22,95
S00119360,73,17,56
S00119361,116,23,93
S00119362,115,24,91
S00119363,145,17,128
S00119364,75,15,60
S00119365,105,30,75
S00119366,145,24,121
S00119367,128,23,105
S00119368,121,24,97
S00119369,138,19,119
S00119370,95,11,84
S00119371,139,34,105
S00119372,88,19,69
S00119373,61,35,26
S00119374,173,31,142
S00119375,82,8,74
S00119376,124,24,100
S00119377,88,13,75
S00119378,87,21,66
S00119379,93,15,78
S00119380,105,23,82
S00119381,91,24,67
S00119382,86,18,68
S00119383,76,20,56
S00119384,107,23,84
S00119385,116,38,78
S00119386,106,13,93
S00119387,136,25,111
S00119388,68,18,50
S00119389,156,21,135
S00119390,85,19,66
S00119391,89,21,68
S00119392,131,25,106
S00119393,62,5,57
S00119394,59,18,41
S00119395,119,32,87
S00119396,74,11,63
S00119397,112,19,93
S00119398,124,29,95
S00119399,95,22,73
S00119400,80,42,38
S00119401,147,32,115
S00119402,107,24,83
S00119403,71,5,66
S00119404,288,26,262
S00119405,181,73,108
S00119406,111,11,100
S00119407,77,22,55
S00119408,69,11,58
S00119409,130,25,105
S00119410,63,12,51
S00119411,159,30,129
S00119412,160,20,140
S00119413,118,17,101
S00119414,85,6,79
S00119415,174,15,159
S00119416,104,14,90
S00119417,112,14,98
S00119418,67,15,52
S00119419,105,15,90
S00119420,109,21,88
S00119421,59,11,48
S00119422,123,17,106
S00119423,194,36,158
S00119424,111,24,87
S00119425,119,16,103
S00119426,108,21,87
S00119427,104,25,79
S00119428,68,9,59
S00119429,89,23,66
S00119430,62,10,52
S00119431,61,11,50
S00119432,59,12,47
S00119433,96,22,74
S00119434,152,20,132
S00119435,75,7,68
S00119436,64,8,56
S00119437,75,16,59
S00119438,118,18,100
S00119439,78,7,71
S00119440,143,28,115
S00119441,223,32,191
S00119442,159,16,143
S00119443,175,13,162
S00119444,88,11,77
S00119445,140,19,121
S00119446,177,11,166
S00119447,82,15,67
S00119448,126,25,101
S00119449,93,29,64
S00119450,122,18,104
S00119451,63,12,51
S00119452,105,12,93
S00119453,133,17,116
S00119454,153,7,146
S00119455,159,51,108
S00119456,66,9,57
S00119457,121,9,112
S00119458,128,35,93
S00119459,90,10,80
S00119460,118,9,109
S00119461,91,19,72
S00119462,97,24,73
S00119463,114,14,100
S00119464,109,24,85
S00119465,81,13,68
S00119466,148,27,121
S00119467,53,19,34
S00119468,134,26,108
S00119469,100,20,80
S00119470,121,25,96
S00119471,134,50,84
S00119472,79,12,67
S00119473,101,20,81
S00119474,113,17,96
S00119475,109,17,92
S00119476,69,17,52
S00119477,73,9,64
S00119478,114,25,89
S00119479,75,13,62
S00119480,180,42,138
S00119481,78,19,59
S00119482,140,26,114
S00119483,104,10,94
S00119484,64,29,35
S00119485,114,45,69
S00119486,79,13,66
S00119487,81,27,54
S00119488,96,19,77
S00119489,247,19,228
S00119490,143,21,122
S00119491,83,10,73
S00119492,132,16,116
S00119493,153,32,121
S00119494,130,21,109
S00119495,60,5,55
S00119496,85,25,60
S00119497,135,21,114
S00119498,95,7,88
S00119499,185,69,116
S00119500,66,16,50
S00119501,108,33,75
S00119502,113,13,100
S00119503,118,21,97
S00119504,136,10,126
S00119505,118,51,67
S00119506,76,16,60
S00119507,69,16,53
S00119508,197,28,169
S00119509,105,17,88
S00119510,127,25,102
S00119511,127,18,109
S00119512,101,14,87
S00119513,72,18,54
S00119514,87,13,74
S00119515,107,20,87
S00119516,154,25,129
S00119517,81,8,73
S00119518,190,25,165
S00119519,146,18,128
S00119520,106,25,81
S00119521,134,24,110
S00119522,79,13,66
S00119523,130,23,107
S00119524,99,8,91
S00119525,104,23,81
S00119526,122,21,101
S00119527,59,13,46
S00119528,129,23,106
S00119529,163,28,135
S00119530,96,10,86
S00119531,128,18,110
S00119532,80,23,57
S00119533,124,18,106
S00119534,96,19,77
S00119535,95,30,65
S00119536,108,28,80
S00119537,100,39,61
S00119538,132,23,109
S00119539,129,23,106
S00119540,73,12,61
S00119541,161,22,139
S00119542,73,14,59
S00119543,111,12,99
S00119544,123,23,100
S00119545,78,21,57
S00119546,127,60,67
S00119547,57,5,52
S00119548,148,41,107
S00119549,105,30,75
S00119550,61,11,50
S00119551,61,9,52
S00119552,149,18,131
S00119553,105,20,85
S00119554,88,18,70
S00119555,228,26,202
S00119556,113,27,86
S00119557,170,21,149
S00119558,133,36,97
S00119559,75,15,60
S00119560,130,22,108
S00119561,98,17,81
S00119562,72,16,56
S00119563,113,13,100
S00119564,144,58,86
S00119565,143,33,110
S00119566,86,20,66
S00119567,103,15,88
S00119568,89,14,75
S00119569,95,16,79
S00119570,141,34,107
S00119571,66,12,54
S00119572,136,20,116
S00119573,68,24,44
S00119574,135,34,101
S00119575,136,31,105
S00119576,173,28,145
S00119577,59,10,49
S00119578,109,22,87
S00119579,86,12,74
S00119580,138,44,94
S00119581,154,11,143
S00119582,127,20,107
S00119583,79,13,66
S00119584,159,41,118
S00119585,52,11,41
S00119586,180,39,141
S00119587,116,15,101
S00119588,75,15,60
S00119589,80,30,50
S00119590,84,17,67
S00119591,130,32,98
S00119592,185,19,166
S00119593,162,54,108
S00119594,77,13,64
S00119595,145,23,122
S00119596,191,36,155
S00119597,160,24,136
S00119598,134,27,107
S00119599,135,25,110
S00119600,223,55,168
S00119601,65,19,46
S00119602,69,11,58
S00119603,99,32,67
S00119604,138,14,124
S00119605,56,12,44
S00119606,140,26,114
S00119607,110,14,96
S00119608,146,54,92
S00119609,228,47,181
S00119610,90,24,66
S00119611,132,19,113
S00119612,148,14,134
S00119613,99,12,87
S00119614,199,23,176
S00119615,158,20,138
S00119616,59,17,42
S00119617,95,15,80
S00119618,143,23,120
S00119619,137,27,110
S00119620,91,28,63
S00119621,144,25,119
S00119622,113,15,98
S00119623,128,21,107
S00119624,97,20,77
S00119625,150,24,126
S00119626,112,19,93
S00119627,115,23,92
S00119628,150,32,118
S00119629,87,14,73
S00119630,69,21,48
S00119631,103,24,79
S00119632,71,11,60
S00119633,191,25,166
S00119634,101,12,89
S00119635,97,14,83
S00119636,188,18,170
S00119637,138,14,124
S00119638,74,12,62
S00119639,186,12,174
S00119640,172,18,154
S00119641,65,14,51
S00119642,84,30,54
S00119643,57,9,48
S00119644,102,8,94
S00119645,257,23,234
S00119646,61,7,54
S00119647,175,67,108
S00119648,53,24,29
S00119649,249,11,238
S00119650,137,24,113
S00119651,101,6,95
S00119652,64,13,51
S00119653,85,20,65
S00119654,109,10,99
S00119655,92,12,80
S00119656,205,27,178
S00119657,127,37,90
S00119658,160,20,140
S00119659,207,18,189
S00119660,133,26,107
S00119661,172,18,154
S00119662,124,23,101
S00119663,123,20,103
S00119664,154,30,124
S00119665,167,22,145
S00119666,113,18,95
S00119667,59,8,51
S00119668,81,40,41
S00119669,194,16,178
S00119670,139,21,118
S00119671,55,26,29
S00119672,95,19,76
S00119673,148,44,104
S00119674,137,35,102
S00119675,99,26,73
S00119676,163,22,141
S00119677,82,34,48
S00119678,161,21,140
S00119679,62,10,52
S00119680,83,12,71
S00119681,155,15,140
S00119682,93,7,86
S00119683,86,12,74
S00119684,116,16,100
S00119685,160,16,144
S00119686,119,17,102
S00119687,69,7,62
S00119688,101,32,69
S00119689,62,11,51
S00119690,52,11,41
S00119691,143,29,114
S00119692,185,26,159
S00119693,131,13,118
S00119694,68,9,59
S00119695,92,17,75
S00119696,121,15,106
S00119697,148,15,133
S00119698,66,14,52
S00119699,139,8,131
S00119700,127,33,94
S00119701,91,28,63
S00119702,173,32,141
S00119703,178,25,153
S00119704,94,15,79
S00119705,145,22,123
S00119706,103,13,90
S00119707,138,39,99
S00119708,143,34,109
S00119709,151,23,128
S00119710,102,20,82
S00119711,132,36,96
S00119712,127,19,108
S00119713,104,18,86
S00119714,160,12,148
S00119715,110,16,94
S00119716,102,23,79
S00119717,103,16,87
S00119718,92,14,78
S00119719,100,15,85
S00119720,106,18,88
S00119721,119,22,97
S00119722,110,28,82
S00119723,79,23,56
S00119724,115,11,104
S00119725,82,9,73
S00119726,70,12,58
S00119727,122,30,92
S00119728,92,32,60
S00119729,83,24,59
S00119730,90,20,70
S00119731,64,21,43
S00119732,79,22,57
S00119733,76,19,57
S00119734,68,14,54
S00119735,152,32,120
S00119736,118,25,93
S00119737,117,9,108
S00119738,117,15,102
S00119739,117,15,102
S00119740,141,43,98
S00119741,94,35,59
S00119742,50,12,38
S00119743,66,17,49
S00119744,106,35,71
S00119745,99,27,72
S00119746,111,29,82
S00119747,98,9,89
S00119748,114,26,88
S00119749,52,21,31
S00119750,60,18,42
S00119751,141,14,127
S00119752,115,24,91
S00119753,100,16,84
S00119754,84,25,59
S00119755,113,68,45
S00119756,118,21,97
S00119757,77,8,69
S00119758,106,19,87
S00119759,142,24,118
S00119760,170,40,130
S00119761,171,31,140
S00119762,204,22,182
S00119763,135,29,106
S00119764,119,15,104
S00119765,114,16,98
S00119766,152,31,121
S00119767,147,19,128
S00119768,107,14,93
S00119769,81,5,76
S00119770,79,10,69
S00119771,83,9,74
S00119772,62,13,49
S00119773,103,15,88
S00119774,95,7,88
S00119775,140,38,102
S00119776,69,29,40
S00119777,57,27,30
S00119778,71,22,49
S00119779,101,27,74
S00119780,113,52,61
S00119781,118,78,40
S00119782,108,53,55
S00119783,82,25,57
S00119784,71,35,36
S00119785,103,49,54
S00119786,100,35,65
S00119787,81,27,54
S00119788,71,29,42
S00119789,77,7,70
S00119790,181,104,77
S00119791,116,16,100
S00119792,119,41,78
S00119793,146,32,114
S00119794,114,26,88
S00119795,98,33,65
S00119796,96,22,74
S00119797,160,41,119
S00119798,157,34,123
S00119799,115,32,83
S00119800,130,30,100
S00119801,75,35,40
S00119802,109,27,82
S00119803,98,28,70
S00119804,62,18,44
S00119805,64,13,51
S00119806,86,24,62
S00119807,123,29,94
S00119808,134,50,84
S00119809,132,43,89
S00119810,93,30,63
S00119811,98,34,64
S00119812,82,35,47
S00119813,80,32,48
S00119814,108,56,52
S00119815,168,21,147
S00119816,165,39,126
S00119817,155,34,121
S00119818,123,38,85
S00119819,91,22,69
S00119820,100,16,84
S00119821,145,34,111
S00119822,140,44,96
S00119823,71,23,48
S00119824,108,48,60
S00119825,66,18,48
S00119826,80,25,55
S00119827,109,39,70
S00119828,96,22,74
S00119829,96,35,61
S00119830,84,20,64
S00119831,155,23,132
S00119832,105,25,80
S00119833,90,12,78
S00119834,80,9,71
S00119835,128,35,93
S00119836,130,43,87
S00119837,117,28,89
S00119838,87,10,77
S00119839,105,18,87
S00119840,93,26,67
S00119841,66,26,40
S00119842,59,17,42
S00119843,81,19,62
S00119844,63,22,41
S00119845,107,32,75
S00119846,88,38,50
S00119847,95,28,67
S00119848,90,25,65
S00119849,60,13,47
S00119850,74,9,65
S00119851,109,28,81
S00119852,74,26,48
S00119853,75,17,58
S00119854,73,20,53
S00119855,114,25,89
S00119856,109,39,70
S00119857,108,25,83
S00119858,142,49,93
S00119859,83,31,52
S00119860,90,28,62
S00119861,92,23,69
S00119862,128,38,90
S00119863,84,54,30
S00119864,100,48,52
S00119865,65,31,34
S00119866,79,30,49
S00119867,56,13,43
S00119868,115,31,84
S00119869,76,38,38
S00119870,75,23,52
S00119871,57,10,47
S00119872,128,28,100
S00119873,119,32,87
S00119874,91,32,59
S00119875,66,17,49
S00119876,104,20,84
S00119877,118,25,93
S00119878,96,35,61
S00119879,100,29,71
S00119880,103,49,54
S00119881,137,33,104
S00119882,67,32,35
S00119883,66,24,42
S00119884,106,46,60
S00119885,76,42,34
S00119886,84,21,63
S00119887,110,24,86
S00119888,62,22,40
S00119889,137,34,103
S00119890,105,34,71
S00119891,82,29,53
S00119892,85,19,66
S00119893,129,38,91
S00119894,115,38,77
S00119895,111,26,85
S00119896,99,26,73
S00119897,110,26,84
S00119898,51,14,37
S00119899,111,28,83
S00119900,54,12,42
S00119901,103,30,73
S00119902,134,43,91
S00119903,143,35,108
S00119904,80,16,64
S00119905,145,23,122
S00119906,120,28,92
S00119907,72,19,53
S00119908,148,57,91
S00119909,170,48,122
S00119910,135,38,97
S00119911,128,37,91
S00119912,148,38,110
S00119913,55,15,40
S00119914,72,20,52
S00119915,98,21,77
S00119916,110,52,58
S00119917,147,41,106
S00119918,103,27,76
S00119919,54,8,46
S00119920,102,24,78
S00119921,104,28,76
S00119922,164,25,139
S00119923,167,74,93
S00119924,100,14,86
S00119925,99,16,83
S00119926,83,17,66
S00119927,103,23,80
S00119928,75,12,63
S00119929,93,18,75
S00119930,149,24,125
S00119931,76,17,59
S00119932,138,55,83
S00119933,127,19,108
S00119934,138,24,114
S00119935,114,28,86
S00119936,175,76,99
S00119937,89,22,67
S00119938,101,18,83
S00119939,132,17,115
S00119940,182,37,145
S00119941,68,20,48
S00119942,98,31,67
S00119943,80,20,60
S00119944,138,41,97
S00119945,139,29,110
S00119946,80,31,49
S00119947,107,28,79
S00119948,85,17,68
S00119949,111,32,79
S00119950,66,14,52
S00119951,91,14,77
S00119952,117,15,102
S00119953,113,18,95
S00119954,130,20,110
S00119955,166,30,136
S00119956,90,29,61
S00119957,132,20,112
S00119958,150,17,133
S00119959,107,19,88
S00119960,107,26,81
S00119961,157,20,137
S00119962,143,20,123
S00119963,112,18,94
S00119964,130,22,108
S00119965,105,20,85
S00119966,143,36,107
S00119967,91,56,35
S00119968,91,19,72
S00119969,154,19,135
S00119970,223,106,117
S00119971,79,23,56
S00119972,66,31,35
S00119973,89,19,70
S00119974,102,31,71
S00119975,170,15,155
S00119976,158,25,133
S00119977,109,20,89
S00119978,166,77,89
S00119979,108,20,88
S00119980,88,19,69
S00119981,158,19,139
S00119982,124,15,109
S00119983,134,13,121
S00119984,155,17,138
S00119985,74,8,66
S00119986,149,22,127
S00119987,113,28,85
S00119988,68,22,46
S00119989,73,10,63
S00119990,92,13,79
S00119991,83,15,68
S00119992,80,4,76
S00119993,98,21,77
S00119994,94,37,57
S00119995,72,14,58
S00119996,95,14,81
S00119997,96,12,84
S00119998,119,39,80
S00119999,87,23,64
S00120000,99,29,70
S00120001,70,23,47
S00120002,101,31,70
S00120003,110,53,57
S00120004,68,36,32
S00120005,117,19,98
S00120006,84,18,66
S00120007,80,21,59
S00120008,110,19,91
S00120009,85,19,66
S00120010,120,22,98
S00120011,123,66,57
S00120012,332,111,221
S00120013,53,19,34
S00120014,96,15,81
S00120015,114,38,76
S00120016,169,40,129
S00120017,100,13,87
S00120018,82,15,67
S00120019,64,24,40
S00120020,90,19,71
S00120021,155,40,115
S00120022,117,43,74
S00120023,94,26,68
S00120024,56,19,37
S00120025,155,20,135
S00120026,117,28,89
S00120027,117,15,102
S00120028,130,33,97
S00120029,100,19,81
S00120030,161,42,119
S00120031,134,27,107
S00120032,108,24,84
S00120033,106,26,80
S00120034,117,31,86
S00120035,190,49,141
S00120036,151,30,121
S00120037,111,32,79
S00120038,108,31,77
S00120039,88,26,62
S00120040,171,45,126
S00120041,121,51,70
S00120042,139,35,104
S00120043,125,36,89
S00120044,221,116,105
S00120045,129,17,112
S00120046,115,25,90
S00120047,154,47,107
S00120048,110,21,89
S00120049,91,23,68
S00120050,138,33,105
S00120051,95,25,70
S00120052,78,28,50
S00120053,133,30,103
S00120054,88,29,59
S00120055,122,28,94
S00120056,133,40,93
S00120057,131,38,93
S00120058,128,37,91
S00120059,113,18,95
S00120060,95,14,81
S00120061,136,30,106
S00120062,100,25,75
S00120063,153,39,114
S00120064,98,23,75
S00120065,142,33,109
S00120066,103,27,76
S00120067,115,26,89
S00120068,68,17,51
S00120069,102,33,69
S00120070,186,44,142
S00120071,112,18,94
S00120072,200,41,159
S00120073,156,42,114
S00120074,94,27,67
S00120075,73,16,57
S00120076,163,20,143
S00120077,173,24,149
S00120078,179,21,158
S00120079,124,34,90
S00120080,127,19,108
S00120081,75,10,65
S00120082,112,30,82
S00120083,84,23,61
S00120084,189,27,162
S00120085,158,22,136
S00120086,178,24,154
S00120087,189,70,119
S00120088,119,24,95
S00120089,141,29,112
S00120090,121,22,99
S00120091,74,51,23
S00120092,57,31,26
S00120093,76,20,56
S00120094,85,45,40
S00120095,89,51,38
S00120096,74,58,16
S00120097,53,10,43
S00120098,60,19,41
S00120099,95,30,65
S00120100,74,23,51
S00120101,162,38,124
S00120102,133,35,98
S00120103,163,49,114
S00120104,154,31,123
S00120105,115,24,91
S00120106,50,19,31
S00120107,76,43,33
S00120108,145,23,122
S00120109,130,23,107
S00120110,150,19,131
S00120111,193,28,165
S00120112,112,17,95
S00120113,130,14,116
S00120114,151,38,113
S00120115,101,31,70
S00120116,174,24,150
S00120117,57,11,46
S00120118,117,11,106
S00120119,129,42,87
S00120120,132,23,109
S00120121,87,19,68
S00120122,177,56,121
S00120123,149,29,120
S00120124,109,27,82
S00120125,98,32,66
S00120126,107,28,79
S00120127,99,28,71
S00120128,122,25,97
S00120129,126,34,92
S00120130,109,42,67
S00120131,99,16,83
S00120132,70,25,45
S00120133,71,23,48
S00120134,101,20,81
S00120135,83,44,39
S00120136,173,50,123
S00120137,180,38,142
S00120138,105,20,85
S00120139,110,32,78
S00120140,134,31,103
S00120141,92,30,62
S00120142,89,19,70
S00120143,101,23,78
S00120144,113,22,91
S00120145,124,43,81
S00120146,115,25,90
S00120147,101,24,77
S00120148,111,19,92
S00120149,123,41,82
S00120150,51,9,42
S00120151,105,24,81
S00120152,127,29,98
S00120153,140,69,71
S00120154,124,25,99
S00120155,103,33,70
S00120156,115,18,97
S00120157,111,23,88
S00120158,103,25,78
S00120159,141,32,109
S00120160,67,18,49
S00120161,118,23,95
S00120162,91,27,64
S00120163,74,26,48
S00120164,112,33,79
S00120165,84,18,66
S00120166,122,40,82
S00120167,108,35,73
S00120168,109,31,78
S00120169,125,41,84
S00120170,96,23,73
S00120171,69,18,51
S00120172,137,33,104
S00120173,163,46,117
S00120174,93,27,66
S00120175,142,26,116
S00120176,115,21,94
S00120177,111,28,83
S00120178,78,25,53
S00120179,135,39,96
S00120180,62,30,32
S00120181,60,19,41
S00120182,67,17,50
S00120183,63,26,37
S00120184,62,16,46
S00120185,147,14,133
S00120186,110,18,92
S00120187,68,26,42
S00120188,128,24,104
S00120189,95,17,78
S00120190,62,6,56
S00120191,51,15,36
S00120192,93,38,55
S00120193,57,27,30
S00120194,146,17,129
S00120195,57,22,35
S00120196,58,17,41
S00120197,154,38,116
S00120198,89,14,75
S00120199,54,1,53
S00120200,149,30,119
S00120201,134,27,107
S00120202,55,7,48
S00120203,162,27,135
S00120204,63,18,45
S00120205,115,39,76
S00120206,110,28,82
S00120207,182,15,167
S00120208,115,39,76
S00120209,53,6,47
S00120210,81,16,65
S00120211,95,20,75
S00120212,74,27,47
S00120213,154,57,97
S00120214,99,15,84
S00120215,121,45,76
S00120216,108,48,60
S00120217,81,47,34
S00120218,58,18,40
S00120219,109,28,81
S00120220,168,39,129
S00120221,96,18,78
S00120222,159,14,145
S00120223,87,6,81
S00120224,126,36,90
S00120225,56,7,49
S00120226,105,11,94
S00120227,126,23,103
S00120228,79,25,54
S00120229,115,25,90
S00120230,82,12,70
S00120231,72,11,61
S00120232,103,10,93
S00120233,158,22,136
S00120234,53,4,49
S00120235,164,27,137
S00120236,107,13,94
S00120237,59,37,22
S00120238,81,19,62
S00120239,98,31,67
S00120240,69,29,40
S00120241,128,39,89
S00120242,106,18,88
S00120243,71,20,51
S00120244,80,15,65
S00120245,103,34,69
S00120246,135,11,124
S00120247,91,18,73
S00120248,140,24,116
S00120249,121,23,98
S00120250,106,21,85
S00120251,107,15,92
S00120252,66,8,58
S00120253,112,56,56
S00120254,66,38,28
S00120255,56,26,30
S00120256,66,29,37
S00120257,61,22,39
S00120258,88,15,73
S00120259,104,27,77
S00120260,81,18,63
S00120261,136,24,112
S00120262,153,30,123
S00120263,71,6,65
S00120264,84,22,62
S00120265,112,40,72
S00120266,54,13,41
S00120267,292,140,152
S00120268,82,11,71
S00120269,88,10,78
S00120270,97,4,93
S00120271,185,38,147
S00120272,111,27,84
S00120273,147,8,139
S00120274,148,12,136
S00120275,98,15,83
S00120276,116,18,98
S00120277,113,8,105
S00120278,177,11,166
S00120279,137,13,124
S00120280,184,19,165
S00120281,105,21,84
S00120282,151,14,137
S00120283,104,10,94
S00120284,172,22,150
S00120285,74,16,58
S00120286,115,32,83
S00120287,66,20,46
S00120288,82,22,60
S00120289,74,18,56
S00120290,116,17,99
S00120291,79,21,58
S00120292,71,6,65
S00120293,112,10,102
S00120294,139,25,114
S00120295,61,18,43
S00120296,92,24,68
S00120297,85,25,60
S00120298,60,11,49
S00120299,64,49,15
S00120300,130,15,115
S00120301,110,61,49
S00120302,87,29,58
S00120303,64,27,37
S00120304,50,35,15
S00120305,57,37,20
S00120306,75,62,13
S00120307,70,15,55
S00120308,75,51,24
S00120309,117,59,58
S00120310,108,51,57
S00120311,148,22,126
S00120312,65,6,59
S00120313,129,21,108
S00120314,164,14,150
S00120315,78,32,46
S00120316,130,30,100
S00120317,79,16,63
S00120318,240,26,214
S00120319,158,14,144
S00120320,206,54,152
S00120321,78,44,34
S00120322,75,22,53
S00120323,60,25,35
S00120324,99,24,75
S00120325,76,8,68
S00120326,121,34,87
S00120327,106,22,84
S00120328,167,38,129
S00120329,50,24,26
S00120330,107,28,79
S00120331,131,18,113
S00120332,74,15,59
S00120333,108,11,97
S00120334,85,25,60
S00120335,164,41,123
S00120336,140,82,58
S00120337,119,22,97
S00120338,191,15,176
S00120339,145,15,130
S00120340,108,35,73
S00120341,146,13,133
S00120342,164,22,142
S00120343,182,26,156
S00120344,88,13,75
S00120345,127,30,97
S00120346,81,17,64
S00120347,104,24,80
S00120348,194,14,180
S00120349,192,22,170
S00120350,140,15,125
S00120351,80,10,70
S00120352,94,43,51
S00120353,89,34,55
S00120354,89,22,67
S00120355,135,34,101
S00120356,61,10,51
S00120357,94,12,82
S00120358,111,32,79
S00120359,139,47,92
S00120360,102,23,79
S00120361,67,13,54
S00120362,115,34,81
S00120363,126,31,95
S00120364,89,26,63
S00120365,148,62,86
S00120366,58,13,45
S00120367,146,43,103
S00120368,88,33,55
S00120369,174,27,147
S00120370,118,35,83
S00120371,83,8,75
S00120372,204,13,191
S00120373,232,18,214
S00120374,189,17,172
S00120375,194,7,187
S00120376,106,11,95
S00120377,109,8,101
S00120378,120,13,107
S00120379,117,10,107
S00120380,123,12,111
S00120381,81,3,78
S00120382,233,16,217
S00120383,132,4,128
S00120384,129,6,123
S00120385,122,22,100
S00120386,99,4,95
S00120387,144,5,139
S00120388,92,3,89
S00120389,131,11,120
S00120390,135,14,121
S00120391,61,10,51
S00120392,150,32,118
S00120393,136,27,109
S00120394,79,10,69
S00120395,138,15,123
S00120396,173,8,165
S00120397,153,26,127
S00120398,82,5,77
S00120399,209,16,193
S00120400,165,25,140
S00120401,169,34,135
S00120402,73,4,69
S00120403,100,4,96
S00120404,109,5,104
S00120405,92,12,80
S00120406,110,23,87
S00120407,69,13,56
S00120408,111,22,89
S00120409,63,12,51
S00120410,70,13,57
S00120411,105,32,73
S00120412,111,16,95
S00120413,176,12,164
S00120414,103,13,90
S00120415,105,21,84
S00120416,65,7,58
S00120417,100,10,90
S00120418,97,9,88
S00120419,119,16,103
S00120420,122,17,105
S00120421,122,28,94
S00120422,63,7,56
S00120423,103,22,81
S00120424,133,14,119
S00120425,75,12,63
S00120426,69,37,32
S00120427,106,17,89
S00120428,129,10,119
S00120429,165,24,141
S00120430,166,29,137
S00120431,142,30,112
S00120432,154,38,116
S00120433,80,24,56
S00120434,89,22,67
S00120435,129,27,102
S00120436,106,29,77
S00120437,104,19,85
S00120438,147,36,111
S00120439,132,24,108
S00120440,156,25,131
S00120441,83,24,59
S00120442,169,24,145
S00120443,113,18,95
S00120444,85,16,69
S00120445,100,19,81
S00120446,155,25,130
S00120447,189,45,144
S00120448,161,37,124
S00120449,126,40,86
S00120450,124,20,104
S00120451,91,21,70
S00120452,100,23,77
S00120453,178,36,142
S00120454,128,24,104
S00120455,151,30,121
S00120456,64,13,51
S00120457,136,16,120
S00120458,79,22,57
S00120459,107,47,60
S00120460,111,31,80
S00120461,112,32,80
S00120462,116,17,99
S00120463,94,21,73
S00120464,95,13,82
S00120465,116,9,107
S00120466,150,24,126
S00120467,127,18,109
S00120468,98,15,83
S00120469,133,17,116
S00120470,155,24,131
S00120471,133,17,116
S00120472,125,8,117
S00120473,124,18,106
S00120474,120,15,105
S00120475,125,22,103
S00120476,85,19,66
S00120477,133,12,121
S00120478,99,13,86
S00120479,79,8,71
S00120480,121,28,93
S00120481,82,18,64
S00120482,95,19,76
S00120483,115,22,93
S00120484,88,23,65
S00120485,149,71,78
S00120486,104,22,82
S00120487,110,24,86
S00120488,102,19,83
S00120489,116,19,97
S00120490,145,26,119
S00120491,113,16,97
S00120492,119,16,103
S00120493,81,12,69
S00120494,103,25,78
S00120495,147,27,120
S00120496,194,14,180
S00120497,148,19,129
S00120498,128,17,111
S00120499,120,26,94
S00120500,136,17,119
S00120501,109,24,85
S00120502,65,19,46
S00120503,134,19,115
S00120504,108,19,89
S00120505,134,12,122
S00120506,75,24,51
S00120507,119,32,87
S00120508,161,30,131
S00120509,87,16,71
S00120510,96,12,84
S00120511,154,18,136
S00120512,204,83,121
S00120513,139,17,122
S00120514,106,12,94
S00120515,216,26,190
S00120516,176,25,151
S00120517,124,26,98
S00120518,88,23,65
S00120519,97,28,69
S00120520,71,17,54
S00120521,107,30,77
S00120522,112,21,91
S00120523,87,18,69
S00120524,106,19,87
S00120525,136,28,108
S00120526,80,22,58
S00120527,117,29,88
S00120528,111,28,83
S00120529,142,22,120
S00120530,66,7,59
S00120531,111,21,90
S00120532,192,29,163
S00120533,153,38,115
S00120534,167,34,133
S00120535,184,27,157
S00120536,132,28,104
S00120537,120,22,98
S00120538,92,13,79
S00120539,125,29,96
S00120540,117,17,100
S00120541,69,25,44
S00120542,109,14,95
S00120543,125,28,97
S00120544,144,27,117
S00120545,109,10,99
S00120546,115,17,98
S00120547,199,38,161
S00120548,168,39,129
S00120549,127,44,83
S00120550,123,33,90
S00120551,94,24,70
S00120552,105,22,83
S00120553,128,25,103
S00120554,139,26,113
S00120555,110,19,91
S00120556,122,15,107
S00120557,131,14,117
S00120558,172,28,144
S00120559,197,16,181
S00120560,150,9,141
S00120561,131,18,113
S00120562,108,9,99
S00120563,141,28,113
S00120564,100,30,70
S00120565,131,30,101
S00120566,102,29,73
S00120567,127,21,106
S00120568,114,21,93
S00120569,127,23,104
S00120570,85,31,54
S00120571,140,21,119
S00120572,90,31,59
S00120573,109,26,83
S00120574,131,19,112
S00120575,82,17,65
S00120576,64,8,56
S00120577,84,16,68
S00120578,137,27,110
S00120579,78,21,57
S00120580,164,30,134
S00120581,58,9,49
S00120582,52,8,44
S00120583,150,17,133
S00120584,123,15,108
S00120585,103,16,87
S00120586,130,13,117
S00120587,205,18,187
S00120588,114,13,101
S00120589,131,26,105
S00120590,171,37,134
S00120591,131,23,108
S00120592,144,21,123
S00120593,148,21,127
S00120594,170,40,130
S00120595,176,39,137
S00120596,167,29,138
S00120597,116,27,89
S00120598,125,38,87
S00120599,107,27,80
S00120600,106,26,80
S00120601,95,30,65
S00120602,97,30,67
S00120603,55,14,41
S00120604,70,13,57
S00120605,117,29,88
S00120606,144,36,108
S00120607,153,30,123
S00120608,91,22,69
S00120609,105,29,76
S00120610,50,17,33
S00120611,109,17,92
S00120612,100,16,84
S00120613,107,16,91
S00120614,75,14,61
S00120615,167,31,136
S00120616,127,34,93
S00120617,127,31,96
S00120618,106,16,90
S00120619,103,24,79
S00120620,73,18,55
S00120621,82,18,64
S00120622,88,24,64
S00120623,118,21,97
S00120624,143,29,114
S00120625,174,53,121
S00120626,115,19,96
S00120627,119,24,95
S00120628,122,31,91
S00120629,123,22,101
S00120630,132,29,103
S00120631,68,26,42
S00120632,192,39,153
S00120633,101,21,80
S00120634,152,89,63
S00120635,116,31,85
S00120636,102,37,65
S00120637,103,18,85
S00120638,126,31,95
S00120639,79,23,56
S00120640,71,36,35
S00120641,60,14,46
S00120642,131,34,97
S00120643,94,16,78
S00120644,94,18,76
S00120645,121,36,85
S00120646,120,24,96
S00120647,152,21,131
S00120648,139,24,115
S00120649,88,14,74
S00120650,133,18,115
S00120651,143,26,117
S00120652,183,32,151
S00120653,187,18,169
S00120654,113,15,98
S00120655,131,15,116
S00120656,105,7,98
S00120657,165,31,134
S00120658,197,32,165
S00120659,101,24,77
S00120660,103,26,77
S00120661,166,39,127
S00120662,103,20,83
S00120663,119,22,97
S00120664,93,18,75
S00120665,132,27,105
S00120666,224,10,214
S00120667,66,15,51
S00120668,158,15,143
S00120669,145,27,118
S00120670,111,25,86
S00120671,145,15,130
S00120672,173,57,116
S00120673,68,11,57
S00120674,164,14,150
S00120675,70,16,54
S00120676,122,37,85
S00120677,82,47,35
S00120678,71,17,54
S00120679,56,14,42
S00120680,71,20,51
S00120681,125,29,96
S00120682,96,26,70
S00120683,139,36,103
S00120684,117,30,87
S00120685,87,21,66
S00120686,111,31,80
S00120687,79,29,50
S00120688,98,22,76
S00120689,94,32,62
S00120690,108,21,87
S00120691,76,16,60
S00120692,113,29,84
S00120693,95,25,70
S00120694,96,19,77
S00120695,87,24,63
S00120696,115,39,76
S00120697,100,16,84
S00120698,140,33,107
S00120699,116,22,94
S00120700,119,32,87
S00120701,94,24,70
S00120702,185,38,147
S00120703,105,23,82
S00120704,92,27,65
S00120705,130,35,95
S00120706,89,17,72
S00120707,121,30,91
S00120708,115,25,90
S00120709,91,30,61
S00120710,98,23,75
S00120711,99,17,82
S00120712,112,19,93
S00120713,120,30,90
S00120714,97,26,71
S00120715,115,18,97
S00120716,119,15,104
S00120717,144,26,118
S00120718,122,30,92
S00120719,131,24,107
S00120720,88,15,73
S00120721,66,24,42
S00120722,145,27,118
S00120723,133,26,107
S00120724,127,24,103
S00120725,212,20,192
S00120726,82,7,75
S00120727,131,8,123
S00120728,97,8,89
S00120729,194,83,111
S00120730,111,16,95
S00120731,101,15,86
S00120732,195,17,178
S00120733,114,20,94
S00120734,106,16,90
S00120735,115,13,102
S00120736,126,13,113
S00120737,105,19,86
S00120738,113,36,77
S00120739,101,10,91
S00120740,99,23,76
S00120741,111,44,67
S00120742,55,7,48
S00120743,90,7,83
S00120744,103,21,82
S00120745,81,13,68
S00120746,99,23,76
S00120747,107,18,89
S00120748,147,36,111
S00120749,95,14,81
S00120750,144,24,120
S00120751,133,15,118
S00120752,65,16,49
S00120753,162,30,132
S00120754,164,39,125
S00120755,133,25,108
S00120756,185,25,160
S00120757,131,26,105
S00120758,93,9,84
S00120759,154,34,120
S00120760,73,36,37
S00120761,106,49,57
S00120762,101,31,70
S00120763,85,32,53
S00120764,86,23,63
S00120765,102,24,78
S00120766,122,34,88
S00120767,83,20,63
S00120768,114,23,91
S00120769,127,23,104
S00120770,104,23,81
S00120771,153,34,119
S00120772,146,39,107
S00120773,109,27,82
S00120774,105,27,78
S00120775,97,19,78
S00120776,80,19,61
S00120777,79,11,68
S00120778,144,27,117
S00120779,105,19,86
S00120780,161,34,127
S00120781,112,30,82
S00120782,161,45,116
S00120783,188,19,169
S00120784,71,13,58
S00120785,160,15,145
S00120786,60,41,19
S00120787,147,38,109
S00120788,107,27,80
S00120789,124,29,95
S00120790,120,27,93
S00120791,111,29,82
S00120792,124,15,109
S00120793,130,33,97
S00120794,100,21,79
S00120795,123,32,91
S00120796,120,18,102
S00120797,95,25,70
S00120798,122,31,91
S00120799,115,30,85
S00120800,98,18,80
S00120801,90,18,72
S00120802,116,25,91
S00120803,94,26,68
S00120804,105,18,87
S00120805,98,18,80
S00120806,127,34,93
S00120807,109,30,79
S00120808,80,19,61
S00120809,95,25,70
S00120810,116,34,82
S00120811,92,13,79
S00120812,119,22,97
S00120813,88,20,68
S00120814,122,21,101
S00120815,115,27,88
S00120816,97,24,73
S00120817,101,20,81
S00120818,112,17,95
S00120819,132,28,104
S00120820,134,33,101
S00120821,152,26,126
S00120822,132,23,109
S00120823,133,25,108
S00120824,97,18,79
S00120825,166,37,129
S00120826,132,24,108
S00120827,122,21,101
S00120828,106,24,82
S00120829,90,10,80
S00120830,90,25,65
S00120831,123,21,102
S00120832,106,14,92
S00120833,66,22,44
S00120834,98,18,80
S00120835,83,17,66
S00120836,123,27,96
S00120837,161,30,131
S00120838,100,16,84
S00120839,162,33,129
S00120840,158,46,112
S00120841,130,21,109
S00120842,124,30,94
S00120843,101,22,79
S00120844,96,19,77
S00120845,109,21,88
S00120846,109,20,89
S00120847,50,14,36
S00120848,60,16,44
S00120849,52,20,32
S00120850,113,43,70
S00120851,131,33,98
S00120852,109,19,90
S00120853,109,28,81
S00120854,166,29,137
S00120855,122,23,99
S00120856,145,32,113
S00120857,132,32,100
S00120858,98,28,70
S00120859,118,30,88
S00120860,152,33,119
S00120861,85,24,61
S00120862,168,30,138
S00120863,125,19,106
S00120864,99,19,80
S00120865,91,24,67
S00120866,78,14,64
S00120867,104,10,94
S00120868,189,96,93
S00120869,102,28,74
S00120870,57,17,40
S00120871,141,31,110
S00120872,77,16,61
S00120873,83,18,65
S00120874,205,52,153
S00120875,91,26,65
S00120876,87,18,69
S00120877,71,15,56
S00120878,95,13,82
S00120879,83,21,62
S00120880,117,24,93
S00120881,131,41,90
S00120882,136,44,92
S00120883,127,23,104
S00120884,114,29,85
S00120885,156,17,139
S00120886,108,27,81
S00120887,80,17,63
S00120888,70,14,56
S00120889,142,29,113
S00120890,95,20,75
S00120891,106,38,68
S00120892,116,23,93
S00120893,148,32,116
S00120894,177,28,149
S00120895,91,21,70
S00120896,125,28,97
S00120897,101,29,72
S00120898,168,29,139
S00120899,124,33,91
S00120900,84,29,55
S00120901,92,21,71
S00120902,102,32,70
S00120903,68,18,50
S00120904,96,28,68
S00120905,119,28,91
S00120906,98,15,83
S00120907,135,8,127
S00120908,108,13,95
S00120909,108,14,94
S00120910,142,14,128
S00120911,214,9,205
S00120912,195,13,182
S00120913,95,14,81
S00120914,137,23,114
S00120915,112,23,89
S00120916,93,30,63
S00120917,88,13,75
S00120918,129,15,114
S00120919,140,19,121
S00120920,177,22,155
S00120921,150,5,145
S00120922,82,14,68
S00120923,108,18,90
S00120924,99,6,93
S00120925,85,16,69
S00120926,158,20,138
S00120927,155,20,135
S00120928,185,58,127
S00120929,171,26,145
S00120930,113,38,75
S00120931,74,17,57
S00120932,95,9,86
S00120933,64,17,47
S00120934,64,17,47
S00120935,107,33,74
S00120936,121,16,105
S00120937,141,26,115
S00120938,111,33,78
S00120939,99,17,82
S00120940,85,26,59
S00120941,128,20,108
S00120942,93,26,67
S00120943,112,13,99
S00120944,74,20,54
S00120945,120,20,100
S00120946,82,14,68
S00120947,108,20,88
S00120948,73,16,57
S00120949,134,39,95
S00120950,63,11,52
S00120951,219,14,205
S00120952,157,41,116
S00120953,61,9,52
S00120954,76,10,66
S00120955,174,17,157
S00120956,128,28,100
S00120957,119,47,72
S00120958,126,25,101
S00120959,113,34,79
S00120960,53,16,37
S00120961,167,21,146
S00120962,96,25,71
S00120963,128,20,108
S00120964,77,11,66
S00120965,79,19,60
S00120966,63,16,47
S00120967,105,26,79
S00120968,81,25,56
S00120969,124,13,111
S00120970,96,25,71
S00120971,172,13,159
S00120972,117,13,104
S00120973,172,102,70
S00120974,116,17,99
S00120975,196,11,185
S00120976,143,11,132
S00120977,168,25,143
S00120978,96,16,80
S00120979,66,18,48
S00120980,141,32,109
S00120981,125,24,101
S00120982,135,32,103
S00120983,158,15,143
S00120984,87,16,71
S00120985,89,14,75
S00120986,123,19,104
S00120987,126,25,101
S00120988,196,21,175
S00120989,83,3,80
S00120990,177,24,153
S00120991,89,15,74
S00120992,199,25,174
S00120993,95,9,86
S00120994,150,9,141
S00120995,102,24,78
S00120996,71,17,54
S00120997,76,23,53
S00120998,118,19,99
S00120999,116,19,97
S00121000,79,15,64
S00121001,90,6,84
S00121002,143,19,124
S00121003,59,7,52
S00121004,198,21,177
S00121005,114,12,102
S00121006,177,26,151
S00121007,150,8,142
S00121008,195,98,97
S00121009,78,21,57
S00121010,78,24,54
S00121011,87,31,56
S00121012,118,35,83
S00121013,107,23,84
S00121014,181,49,132
S00121015,82,28,54
S00121016,121,31,90
S00121017,106,20,86
S00121018,137,20,117
S00121019,87,21,66
S00121020,65,25,40
S00121021,84,17,67
S00121022,98,21,77
S00121023,71,23,48
S00121024,125,19,106
S00121025,165,20,145
S00121026,132,21,111
S00121027,75,16,59
S00121028,138,33,105
S00121029,125,13,112
S00121030,125,9,116
S00121031,169,14,155
S00121032,161,13,148
S00121033,160,18,142
S00121034,172,11,161
S00121035,213,9,204
S00121036,89,1,88
S00121037,91,21,70
S00121038,69,5,64
S00121039,59,12,47
S00121040,75,29,46
S00121041,58,15,43
S00121042,91,32,59
S00121043,64,28,36
S00121044,101,24,77
S00121045,153,42,111
S00121046,86,20,66
S00121047,145,20,125
S00121048,99,8,91
S00121049,74,14,60
S00121050,138,26,112
S00121051,69,8,61
S00121052,115,26,89
S00121053,120,20,100
S00121054,60,11,49
S00121055,80,14,66
S00121056,137,17,120
S00121057,114,13,101
S00121058,165,30,135
S00121059,182,14,168
S00121060,116,30,86
S00121061,114,36,78
S00121062,66,17,49
S00121063,116,31,85
S00121064,56,10,46
S00121065,93,24,69
S00121066,127,16,111
S00121067,81,21,60
S00121068,112,24,88
S00121069,96,12,84
S00121070,95,20,75
S00121071,101,4,97
S00121072,176,9,167
S00121073,167,10,157
S00121074,88,19,69
S00121075,152,36,116
S00121076,74,15,59
S00121077,80,15,65
S00121078,133,28,105
S00121079,143,14,129
S00121080,133,10,123
S00121081,172,36,136
S00121082,92,13,79
S00121083,124,25,99
S00121084,112,39,73
S00121085,80,16,64
S00121086,106,23,83
S00121087,197,42,155
S00121088,175,31,144
S00121089,82,18,64
S00121090,117,19,98
S00121091,152,21,131
S00121092,111,8,103
S00121093,101,30,71
S00121094,105,19,86
S00121095,130,22,108
S00121096,94,13,81
S00121097,136,27,109
S00121098,122,27,95
S00121099,61,7,54
S00121100,117,19,98
S00121101,57,12,45
S00121102,112,10,102
S00121103,159,38,121
S00121104,77,16,61
S00121105,112,22,90
S00121106,128,6,122
S00121107,86,12,74
S00121108,153,30,123
S00121109,92,14,78
S00121110,97,16,81
S00121111,110,18,92
S00121112,145,19,126
S00121113,153,23,130
S00121114,138,21,117
S00121115,152,29,123
S00121116,183,22,161
S00121117,147,24,123
S00121118,111,24,87
S00121119,124,24,100
S00121120,108,31,77
S00121121,123,16,107
S00121122,109,16,93
S00121123,154,27,127
S00121124,138,18,120
S00121125,136,20,116
S00121126,88,15,73
S00121127,185,21,164
S00121128,106,25,81
S00121129,81,21,60
S00121130,112,12,100
S00121131,151,22,129
S00121132,97,12,85
S00121133,116,21,95
S00121134,180,29,151
S00121135,187,29,158
S00121136,105,17,88
S00121137,92,15,77
S00121138,99,13,86
S00121139,158,20,138
S00121140,136,26,110
S00121141,114,30,84
S00121142,180,15,165
S00121143,82,14,68
S00121144,83,21,62
S00121145,132,20,112
S00121146,140,26,114
S00121147,127,29,98
S00121148,82,10,72
S00121149,186,20,166
S00121150,66,12,54
S00121151,107,10,97
S00121152,103,12,91
S00121153,110,7,103
S00121154,162,71,91
S00121155,168,18,150
S00121156,183,17,166
S00121157,196,22,174
S00121158,102,16,86
S00121159,194,7,187
S00121160,186,5,181
S00121161,189,15,174
S00121162,76,5,71
S00121163,109,25,84
S00121164,115,20,95
S00121165,181,17,164
S00121166,128,10,118
S00121167,131,8,123
S00121168,87,15,72
S00121169,78,22,56
S00121170,169,7,162
S00121171,190,16,174
S00121172,166,24,142
S00121173,67,5,62
S00121174,161,32,129
S00121175,93,20,73
S00121176,86,3,83
S00121177,134,13,121
S00121178,87,15,72
S00121179,82,12,70
S00121180,90,18,72
S00121181,132,16,116
S00121182,126,16,110
S00121183,154,24,130
S00121184,111,23,88
S00121185,79,14,65
S00121186,100,16,84
S00121187,138,32,106
S00121188,135,27,108
S00121189,167,22,145
S00121190,113,22,91
S00121191,90,17,73
S00121192,112,22,90
S00121193,171,35,136
S00121194,136,18,118
S00121195,120,16,104
S00121196,129,25,104
S00121197,124,29,95
S00121198,80,14,66
S00121199,68,11,57
S00121200,145,16,129
S00121201,140,33,107
S00121202,88,16,72
S00121203,92,8,84
S00121204,103,19,84
S00121205,120,30,90
S00121206,110,10,100
S00121207,94,6,88
S00121208,93,21,72
S00121209,79,18,61
S00121210,176,20,156
S00121211,138,27,111
S00121212,65,4,61
S00121213,69,8,61
S00121214,97,11,86
S00121215,124,49,75
S00121216,459,22,437
S00121217,152,17,135
S00121218,106,14,92
S00121219,140,19,121
S00121220,76,8,68
S00121221,81,18,63
S00121222,112,26,86
S00121223,90,14,76
S00121224,114,14,100
S00121225,86,12,74
S00121226,170,27,143
S00121227,171,34,137
S00121228,137,22,115
S00121229,98,14,84
S00121230,125,13,112
S00121231,112,17,95
S00121232,82,13,69
S00121233,162,30,132
S00121234,89,13,76
S00121235,109,26,83
S00121236,163,30,133
S00121237,134,27,107
S00121238,97,21,76
S00121239,106,19,87
S00121240,97,34,63
S00121241,139,28,111
S00121242,67,9,58
S00121243,116,20,96
S00121244,109,13,96
S00121245,128,16,112
S00121246,92,18,74
S00121247,143,22,121
S00121248,74,15,59
S00121249,155,40,115
S00121250,104,18,86
S00121251,106,18,88
S00121252,108,15,93
S00121253,151,25,126
S00121254,120,28,92
S00121255,123,25,98
S00121256,125,24,101
S00121257,145,32,113
S00121258,150,21,129
S00121259,129,13,116
S00121260,139,25,114
S00121261,166,21,145
S00121262,96,19,77
S00121263,167,20,147
S00121264,164,80,84
S00121265,163,60,103
S00121266,138,31,107
S00121267,120,17,103
S00121268,82,17,65
S00121269,78,7,71
S00121270,129,28,101
S00121271,110,22,88
S00121272,107,30,77
S00121273,151,27,124
S00121274,165,30,135
S00121275,113,21,92
S00121276,63,7,56
S00121277,141,27,114
S00121278,65,3,62
S00121279,69,13,56
S00121280,111,19,92
S00121281,93,24,69
S00121282,139,40,99
S00121283,192,29,163
S00121284,139,13,126
S00121285,170,21,149
S00121286,123,14,109
S00121287,137,13,124
S00121288,132,32,100
S00121289,158,38,120
S00121290,93,18,75
S00121291,88,36,52
S00121292,106,26,80
S00121293,150,22,128
S00121294,163,10,153
S00121295,134,28,106
S00121296,61,19,42
S00121297,86,21,65
S00121298,74,17,57
S00121299,122,30,92
S00121300,98,22,76
S00121301,75,18,57
S00121302,70,26,44
S00121303,92,32,60
S00121304,113,27,86
S00121305,102,19,83
S00121306,69,20,49
S00121307,99,18,81
S00121308,63,34,29
S00121309,89,15,74
S00121310,64,39,25
S00121311,87,25,62
S00121312,76,13,63
S00121313,66,18,48
S00121314,127,20,107
S00121315,63,27,36
S00121316,95,33,62
S00121317,141,26,115
S00121318,91,8,83
S00121319,152,45,107
S00121320,175,30,145
S00121321,145,16,129
S00121322,169,30,139
S00121323,135,11,124
S00121324,172,26,146
S00121325,100,19,81
S00121326,139,31,108
S00121327,161,25,136
S00121328,112,12,100
S00121329,80,18,62
S00121330,111,20,91
S00121331,121,19,102
S00121332,115,21,94
S00121333,85,23,62
S00121334,125,27,98
S00121335,116,21,95
S00121336,93,24,69
S00121337,145,18,127
S00121338,165,26,139
S00121339,75,19,56
S00121340,131,35,96
S00121341,74,8,66
S00121342,119,29,90
S00121343,183,43,140
S00121344,121,28,93
S00121345,147,37,110
S00121346,104,18,86
S00121347,96,24,72
S00121348,60,17,43
S00121349,96,17,79
S00121350,68,9,59
S00121351,84,5,79
S00121352,62,5,57
S00121353,123,11,112
S00121354,132,9,123
S00121355,99,4,95
S00121356,65,4,61
S00121357,69,3,66
S00121358,127,28,99
S00121359,116,22,94
S00121360,90,16,74
S00121361,135,14,121
S00121362,135,18,117
S00121363,109,21,88
S00121364,79,12,67
S00121365,67,34,33
S00121366,64,19,45
S00121367,127,23,104
S00121368,147,27,120
S00121369,104,33,71
S00121370,62,19,43
S00121371,144,11,133
S00121372,65,15,50
S00121373,107,25,82
S00121374,63,13,50
S00121375,102,11,91
S00121376,124,24,100
S00121377,133,15,118
S00121378,124,29,95
S00121379,159,73,86
S00121380,183,87,96
S00121381,180,37,143
S00121382,81,22,59
S00121383,89,20,69
S00121384,53,17,36
S00121385,62,31,31
S00121386,109,15,94
S00121387,87,22,65
S00121388,65,30,35
S00121389,103,13,90
S00121390,72,19,53
S00121391,154,21,133
S00121392,84,25,59
S00121393,120,21,99
S00121394,112,19,93
S00121395,94,22,72
S00121396,96,21,75
S00121397,89,16,73
S00121398,216,72,144
S00121399,138,12,126
S00121400,113,26,87
S00121401,99,25,74
S00121402,113,6,107
S00121403,166,35,131
S00121404,107,22,85
S00121405,104,38,66
S00121406,107,49,58
S00121407,74,8,66
S00121408,90,12,78
S00121409,100,11,89
S00121410,69,11,58
S00121411,115,25,90
S00121412,102,12,90
S00121413,97,18,79
S00121414,103,19,84
S00121415,140,26,114
S00121416,123,19,104
S00121417,153,22,131
S00121418,91,29,62
S00121419,76,16,60
S00121420,101,13,88
S00121421,130,22,108
S00121422,106,17,89
S00121423,224,17,207
S00121424,121,13,108
S00121425,95,19,76
S00121426,95,21,74
S00121427,169,31,138
S00121428,87,19,68
S00121429,163,24,139
S00121430,89,25,64
S00121431,118,20,98
S00121432,104,23,81
S00121433,103,11,92
S00121434,152,27,125
S00121435,137,26,111
S00121436,74,21,53
S00121437,92,14,78
S00121438,86,16,70
S00121439,172,22,150
S00121440,115,30,85
S00121441,133,20,113
S00121442,98,24,74
S00121443,158,22,136
S00121444,101,26,75
S00121445,98,25,73
S00121446,129,34,95
S00121447,118,34,84
S00121448,162,24,138
S00121449,128,24,104
S00121450,104,26,78
S00121451,71,18,53
S00121452,67,17,50
S00121453,92,20,72
S00121454,79,23,56
S00121455,121,19,102
S00121456,79,19,60
S00121457,151,14,137
S00121458,114,19,95
S00121459,121,19,102
S00121460,106,26,80
S00121461,122,32,90
S00121462,108,13,95
S00121463,154,30,124
S00121464,159,30,129
S00121465,74,12,62
S00121466,96,20,76
S00121467,137,22,115
S00121468,108,25,83
S00121469,125,28,97
S00121470,72,17,55
S00121471,166,25,141
S00121472,106,19,87
S00121473,159,24,135
S00121474,136,19,117
S00121475,60,7,53
S00121476,133,16,117
S00121477,112,21,91
S00121478,80,14,66
S00121479,103,19,84
S00121480,122,27,95
S00121481,65,12,53
S00121482,243,27,216
S00121483,106,24,82
S00121484,136,25,111
S00121485,120,38,82
S00121486,169,27,142
S00121487,161,14,147
S00121488,154,15,139
S00121489,137,25,112
S00121490,106,17,89
S00121491,72,10,62
S00121492,114,17,97
S00121493,92,28,64
S00121494,99,18,81
S00121495,128,22,106
S00121496,73,11,62
S00121497,107,26,81
S00121498,137,23,114
S00121499,99,21,78
S00121500,102,30,72
S00121501,142,43,99
S00121502,92,21,71
S00121503,108,17,91
S00121504,159,19,140
S00121505,126,20,106
S00121506,131,21,110
S00121507,105,34,71
S00121508,144,30,114
S00121509,159,22,137
S00121510,101,21,80
S00121511,86,22,64
S00121512,94,19,75
S00121513,86,17,69
S00121514,106,40,66
S00121515,141,32,109
S00121516,122,29,93
S00121517,63,11,52
S00121518,138,18,120
S00121519,107,20,87
S00121520,128,25,103
S00121521,96,16,80
S00121522,98,19,79
S00121523,87,11,76
S00121524,103,28,75
S00121525,103,17,86
S00121526,80,13,67
S00121527,175,39,136
S00121528,80,12,68
S00121529,99,18,81
S00121530,72,15,57
S00121531,127,13,114
S00121532,86,24,62
S00121533,185,30,155
S00121534,140,14,126
S00121535,162,32,130
S00121536,113,20,93
S00121537,161,21,140
S00121538,135,23,112
S00121539,72,10,62
S00121540,53,6,47
S00121541,111,24,87
S00121542,104,12,92
S00121543,108,21,87
S00121544,99,27,72
S00121545,97,25,72
S00121546,165,31,134
S00121547,107,33,74
S00121548,110,13,97
S00121549,104,17,87
S00121550,96,19,77
S00121551,108,15,93
S00121552,107,13,94
S00121553,118,19,99
S00121554,139,20,119
S00121555,113,29,84
S00121556,80,37,43
S00121557,82,7,75
S00121558,101,27,74
S00121559,95,27,68
S00121560,90,21,69
S00121561,85,17,68
S00121562,139,33,106
S00121563,196,47,149
S00121564,105,22,83
S00121565,162,29,133
S00121566,105,27,78
S00121567,153,31,122
S00121568,126,24,102
S00121569,124,30,94
S00121570,87,11,76
S00121571,92,15,77
S00121572,143,35,108
S00121573,104,23,81
S00121574,71,22,49
S00121575,102,24,78
S00121576,131,26,105
S00121577,150,20,130
S00121578,57,18,39
S00121579,85,22,63
S00121580,96,25,71
S00121581,160,26,134
S00121582,130,28,102
S00121583,105,28,77
S00121584,77,11,66
S00121585,184,27,157
S00121586,97,32,65
S00121587,107,25,82
S00121588,114,18,96
S00121589,99,15,84
S00121590,105,13,92
S00121591,105,25,80
S00121592,108,12,96
S00121593,144,19,125
S00121594,81,13,68
S00121595,118,21,97
S00121596,77,17,60
S00121597,133,22,111
S00121598,135,30,105
S00121599,120,16,104
S00121600,186,37,149
S00121601,150,37,113
S00121602,137,21,116
S00121603,137,15,122
S00121604,145,19,126
S00121605,87,22,65
S00121606,79,11,68
S00121607,124,17,107
S00121608,82,11,71
S00121609,130,11,119
S00121610,111,26,85
S00121611,118,28,90
S00121612,164,12,152
S00121613,96,16,80
S00121614,152,21,131
S00121615,191,23,168
S00121616,152,16,136
S00121617,138,21,117
S00121618,140,25,115
S00121619,114,26,88
S00121620,102,25,77
S00121621,102,9,93
S00121622,72,15,57
S00121623,166,34,132
S00121624,134,19,115
S00121625,72,18,54
S00121626,104,24,80
S00121627,144,28,116
S00121628,82,7,75
S00121629,125,27,98
S00121630,115,16,99
S00121631,179,34,145
S00121632,99,32,67
S00121633,119,16,103
S00121634,91,21,70
S00121635,83,19,64
S00121636,112,22,90
S00121637,111,48,63
S00121638,126,24,102
S00121639,88,20,68
S00121640,88,12,76
S00121641,64,12,52
S00121642,127,21,106
S00121643,125,20,105
S00121644,56,10,46
S00121645,140,27,113
S00121646,105,22,83
S00121647,84,21,63
S00121648,133,23,110
S00121649,92,11,81
S00121650,116,14,102
S00121651,91,23,68
S00121652,517,14,503
S00121653,119,9,110
S00121654,95,12,83
S00121655,116,17,99
S00121656,184,21,163
S00121657,116,16,100
S00121658,153,32,121
S00121659,121,11,110
S00121660,74,20,54
S00121661,119,18,101
S00121662,81,14,67
S00121663,149,36,113
S00121664,111,10,101
S00121665,86,15,71
S00121666,122,16,106
S00121667,89,11,78
S00121668,132,28,104
S00121669,82,14,68
S00121670,96,23,73
S00121671,90,18,72
S00121672,140,21,119
S00121673,68,18,50
S00121674,90,25,65
S00121675,164,24,140
S00121676,106,20,86
S00121677,62,8,54
S00121678,126,22,104
S00121679,96,19,77
S00121680,109,7,102
S00121681,88,26,62
S00121682,79,21,58
S00121683,85,18,67
S00121684,153,24,129
S00121685,130,25,105
S00121686,81,6,75
S00121687,56,10,46
S00121688,56,7,49
S00121689,88,11,77
S00121690,132,18,114
S00121691,113,22,91
S00121692,81,17,64
S00121693,134,32,102
S00121694,109,12,97
S00121695,111,25,86
S00121696,125,16,109
S00121697,103,22,81
S00121698,121,18,103
S00121699,61,11,50
S00121700,99,16,83
S00121701,85,7,78
S00121702,74,14,60
S00121703,98,15,83
S00121704,135,19,116
S00121705,80,14,66
S00121706,119,43,76
S00121707,156,31,125
S00121708,115,11,104
S00121709,133,31,102
S00121710,63,10,53
S00121711,83,14,69
S00121712,94,17,77
S00121713,110,41,69
S00121714,138,22,116
S00121715,102,14,88
S00121716,113,20,93
S00121717,57,12,45
S00121718,125,34,91
S00121719,101,11,90
S00121720,51,12,39
S00121721,105,14,91
S00121722,66,9,57
S00121723,79,7,72
S00121724,84,14,70
S00121725,64,14,50
S00121726,89,11,78
S00121727,89,33,56
S00121728,103,12,91
S00121729,109,21,88
S00121730,74,14,60
S00121731,130,23,107
S00121732,59,14,45
S00121733,98,17,81
S00121734,97,11,86
S00121735,77,9,68
S00121736,135,11,124
S00121737,148,35,113
S00121738,64,10,54
S00121739,68,16,52
S00121740,129,29,100
S00121741,123,6,117
S00121742,177,10,167
S00121743,89,10,79
S00121744,136,30,106
S00121745,149,18,131
S00121746,134,21,113
S00121747,63,9,54
S00121748,159,24,135
S00121749,128,16,112
S00121750,145,9,136
S00121751,146,26,120
S00121752,128,21,107
S00121753,65,6,59
S00121754,144,34,110
S00121755,77,3,74
S00121756,59,17,42
S00121757,69,10,59
S00121758,120,22,98
S00121759,194,23,171
S00121760,63,18,45
S00121761,137,32,105
S00121762,256,33,223
S00121763,108,14,94
S00121764,115,10,105
S00121765,224,17,207
S00121766,260,27,233
S00121767,90,13,77
S00121768,82,22,60
S00121769,78,11,67
S00121770,61,10,51
S00121771,115,31,84
S00121772,173,55,118
S00121773,131,22,109
S00121774,120,14,106
S00121775,104,21,83
S00121776,98,22,76
S00121777,76,21,55
S00121778,128,17,111
S00121779,96,18,78
S00121780,101,17,84
S00121781,144,27,117
S00121782,108,20,88
S00121783,128,20,108
S00121784,224,69,155
S00121785,117,30,87
S00121786,99,12,87
S00121787,119,17,102
S00121788,131,50,81
S00121789,80,25,55
S00121790,135,18,117
S00121791,87,16,71
S00121792,102,10,92
S00121793,59,18,41
S00121794,87,36,51
S00121795,137,30,107
S00121796,58,15,43
S00121797,82,4,78
S00121798,62,4,58
S00121799,97,7,90
S00121800,157,17,140
S00121801,112,37,75
S00121802,95,26,69
S00121803,80,16,64
S00121804,62,12,50
S00121805,72,28,44
S00121806,50,13,37
S00121807,80,23,57
S00121808,90,14,76
S00121809,151,18,133
S00121810,69,13,56
S00121811,101,8,93
S00121812,110,12,98
S00121813,108,5,103
S00121814,184,14,170
S00121815,163,7,156
S00121816,175,4,171
S00121817,91,11,80
S00121818,183,4,179
S00121819,214,18,196
S00121820,63,10,53
S00121821,139,6,133
S00121822,122,41,81
S00121823,160,28,132
S00121824,107,9,98
S00121825,135,22,113
S00121826,74,5,69
S00121827,120,33,87
S00121828,82,16,66
S00121829,131,26,105
S00121830,72,8,64
S00121831,74,21,53
S00121832,96,25,71
S00121833,163,20,143
S00121834,96,9,87
S00121835,63,11,52
S00121836,136,28,108
S00121837,144,25,119
S00121838,63,11,52
S00121839,58,7,51
S00121840,101,14,87
S00121841,205,11,194
S00121842,165,12,153
S00121843,137,33,104
S00121844,141,15,126
S00121845,136,30,106
S00121846,156,34,122
S00121847,70,21,49
S00121848,102,21,81
S00121849,127,23,104
S00121850,159,20,139
S00121851,142,61,81
S00121852,85,15,70
S00121853,92,29,63
S00121854,59,15,44
S00121855,132,19,113
S00121856,125,25,100
S00121857,69,19,50
S00121858,120,16,104
S00121859,139,22,117
S00121860,127,23,104
S00121861,73,13,60
S00121862,152,30,122
S00121863,154,24,130
S00121864,128,28,100
S00121865,173,43,130
S00121866,105,14,91
S00121867,129,14,115
S00121868,159,32,127
S00121869,150,21,129
S00121870,169,36,133
S00121871,168,29,139
S00121872,96,11,85
S00121873,158,23,135
S00121874,124,19,105
S00121875,161,31,130
S00121876,58,12,46
S00121877,160,15,145
S00121878,121,27,94
S00121879,133,17,116
S00121880,78,14,64
S00121881,95,22,73
S00121882,86,12,74
S00121883,109,10,99
S00121884,190,15,175
S00121885,155,22,133
S00121886,672,24,648
S00121887,129,20,109
S00121888,183,15,168
S00121889,113,10,103
S00121890,218,13,205
S00121891,202,16,186
S00121892,168,45,123
S00121893,112,22,90
S00121894,88,26,62
S00121895,170,36,134
S00121896,198,41,157
S00121897,74,5,69
S00121898,78,6,72
S00121899,111,4,107
S00121900,153,26,127
S00121901,88,26,62
S00121902,137,22,115
S00121903,64,8,56
S00121904,157,25,132
S00121905,161,20,141
S00121906,75,12,63
S00121907,101,17,84
S00121908,94,14,80
S00121909,186,28,158
S00121910,71,10,61
S00121911,149,18,131
S00121912,128,24,104
S00121913,108,22,86
S00121914,87,26,61
S00121915,60,8,52
S00121916,51,14,37
S00121917,99,35,64
S00121918,114,18,96
S00121919,159,27,132
S00121920,126,29,97
S00121921,81,32,49
S00121922,117,31,86
S00121923,70,14,56
S00121924,65,10,55
S00121925,101,19,82
S00121926,97,19,78
S00121927,120,18,102
S00121928,85,15,70
S00121929,97,27,70
S00121930,157,49,108
S00121931,151,29,122
S00121932,131,16,115
S00121933,66,13,53
S00121934,111,29,82
S00121935,168,28,140
S00121936,139,41,98
S00121937,138,26,112
S00121938,100,19,81
S00121939,58,19,39
S00121940,191,18,173
S00121941,194,79,115
S00121942,162,27,135
S00121943,123,35,88
S00121944,96,15,81
S00121945,123,32,91
S00121946,118,29,89
S00121947,97,17,80
S00121948,146,41,105
S00121949,88,33,55
S00121950,196,24,172
S00121951,143,28,115
S00121952,75,23,52
S00121953,72,23,49
S00121954,109,32,77
S00121955,143,18,125
S00121956,176,30,146
S00121957,142,23,119
S00121958,158,29,129
S00121959,150,19,131
S00121960,184,21,163
S00121961,125,38,87
S00121962,124,24,100
S00121963,167,22,145
S00121964,119,22,97
S00121965,164,53,111
S00121966,128,25,103
S00121967,97,9,88
S00121968,161,25,136
S00121969,87,10,77
S00121970,95,15,80
S00121971,184,34,150
S00121972,182,39,143
S00121973,191,39,152
S00121974,144,34,110
S00121975,167,35,132
S00121976,122,21,101
S00121977,133,27,106
S00121978,84,16,68
S00121979,128,22,106
S00121980,102,30,72
S00121981,116,19,97
S00121982,62,10,52
S00121983,77,11,66
S00121984,168,41,127
S00121985,160,29,131
S00121986,178,53,125
S00121987,94,16,78
S00121988,67,10,57
S00121989,117,18,99
S00121990,184,34,150
S00121991,196,56,140
S00121992,181,35,146
S00121993,163,40,123
S00121994,147,48,99
S00121995,132,19,113
S00121996,130,40,90
S00121997,125,17,108
S00121998,250,20,230
S00121999,134,16,118
S00122000,103,44,59
S00122001,191,16,175
S00122002,103,22,81
S00122003,167,40,127
S00122004,165,33,132
S00122005,85,31,54
S00122006,139,44,95
S00122007,177,26,151
S00122008,118,33,85
S00122009,136,21,115
S00122010,93,16,77
S00122011,122,28,94
S00122012,105,22,83
S00122013,142,37,105
S00122014,75,4,71
S00122015,157,37,120
S00122016,125,16,109
S00122017,125,29,96
S00122018,89,14,75
S00122019,161,23,138
S00122020,180,15,165
S00122021,121,28,93
S00122022,85,18,67
S00122023,97,34,63
S00122024,134,33,101
S00122025,100,24,76
S00122026,112,36,76
S00122027,138,32,106
S00122028,62,17,45
S00122029,140,29,111
S00122030,87,25,62
S00122031,154,20,134
S00122032,67,18,49
S00122033,93,22,71
S00122034,160,31,129
S00122035,115,28,87
S00122036,87,28,59
S00122037,162,29,133
S00122038,212,135,77
S00122039,165,51,114
S00122040,97,29,68
S00122041,81,22,59
S00122042,81,32,49
S00122043,102,32,70
S00122044,73,30,43
S00122045,68,26,42
S00122046,102,24,78
S00122047,74,33,41
S00122048,65,22,43
S00122049,72,38,34
S00122050,93,29,64
S00122051,72,32,40
S00122052,93,22,71
S00122053,161,27,134
S00122054,105,27,78
S00122055,155,28,127
S00122056,78,30,48
S00122057,128,31,97
S00122058,89,17,72
S00122059,161,34,127
S00122060,97,19,78
S00122061,134,31,103
S00122062,66,17,49
S00122063,94,20,74
S00122064,99,24,75
S00122065,118,27,91
S00122066,79,23,56
S00122067,98,18,80
S00122068,89,27,62
S00122069,116,22,94
S00122070,95,24,71
S00122071,115,35,80
S00122072,98,27,71
S00122073,103,31,72
S00122074,96,33,63
S00122075,65,11,54
S00122076,59,14,45
S00122077,100,35,65
S00122078,115,32,83
S00122079,115,34,81
S00122080,99,26,73
S00122081,107,36,71
S00122082,97,24,73
S00122083,72,20,52
S00122084,109,25,84
S00122085,130,34,96
S00122086,94,16,78
S00122087,109,37,72
S00122088,94,23,71
S00122089,109,36,73
S00122090,108,30,78
S00122091,97,18,79
S00122092,97,30,67
S00122093,69,11,58
S00122094,131,21,110
S00122095,86,14,72
S00122096,67,14,53
S00122097,90,24,66
S00122098,102,31,71
S00122099,109,20,89
S00122100,116,18,98
S00122101,104,31,73
S00122102,109,24,85
S00122103,187,42,145
S00122104,175,31,144
S00122105,111,24,87
S00122106,133,25,108
S00122107,196,48,148
S00122108,144,28,116
S00122109,180,34,146
S00122110,129,18,111
S00122111,154,24,130
S00122112,131,29,102
S00122113,100,32,68
S00122114,119,60,59
S00122115,93,28,65
S00122116,64,20,44
S00122117,128,18,110
S00122118,78,22,56
S00122119,54,14,40
S00122120,51,26,25
S00122121,99,39,60
S00122122,87,23,64
S00122123,68,11,57
S00122124,110,24,86
S00122125,151,24,127
S00122126,101,19,82
S00122127,97,31,66
S00122128,120,21,99
S00122129,65,15,50
S00122130,167,23,144
S00122131,116,33,83
S00122132,89,39,50
S00122133,95,14,81
S00122134,124,14,110
S00122135,74,21,53
S00122136,99,26,73
S00122137,150,37,113
S00122138,61,31,30
S00122139,52,25,27
S00122140,64,27,37
S00122141,106,54,52
S00122142,162,41,121
S00122143,104,21,83
S00122144,83,23,60
S00122145,158,25,133
S00122146,109,23,86
S00122147,61,18,43
S00122148,99,26,73
S00122149,172,37,135
S00122150,103,30,73
S00122151,107,28,79
S00122152,99,13,86
S00122153,58,18,40
S00122154,164,33,131
S00122155,89,16,73
S00122156,62,15,47
S00122157,135,35,100
S00122158,101,20,81
S00122159,89,28,61
S00122160,127,33,94
S00122161,82,29,53
S00122162,121,34,87
S00122163,122,42,80
S00122164,113,26,87
S00122165,61,9,52
S00122166,125,33,92
S00122167,109,25,84
S00122168,104,35,69
S00122169,71,12,59
S00122170,134,35,99
S00122171,157,33,124
S00122172,82,7,75
S00122173,128,18,110
S00122174,124,42,82
S00122175,113,24,89
S00122176,92,21,71
S00122177,118,31,87
S00122178,107,33,74
S00122179,111,25,86
S00122180,109,34,75
S00122181,77,25,52
S00122182,109,26,83
S00122183,67,25,42
S00122184,84,23,61
S00122185,140,33,107
S00122186,167,48,119
S00122187,127,50,77
S00122188,124,47,77
S00122189,76,33,43
S00122190,177,26,151
S00122191,187,20,167
S00122192,123,19,104
S00122193,143,27,116
S00122194,137,30,107
S00122195,122,25,97
S00122196,117,33,84
S00122197,122,28,94
S00122198,125,24,101
S00122199,100,28,72
S00122200,117,32,85
S00122201,81,12,69
S00122202,113,31,82
S00122203,106,36,70
S00122204,173,40,133
S00122205,179,35,144
S00122206,83,28,55
S00122207,113,25,88
S00122208,104,11,93
S00122209,120,22,98
S00122210,84,12,72
S00122211,106,20,86
S00122212,165,28,137
S00122213,136,28,108
S00122214,164,38,126
S00122215,141,30,111
S00122216,98,29,69
S00122217,123,35,88
S00122218,127,27,100
S00122219,115,21,94
S00122220,94,29,65
S00122221,132,24,108
S00122222,148,18,130
S00122223,111,11,100
S00122224,136,12,124
S00122225,77,30,47
S00122226,50,15,35
S00122227,77,30,47
S00122228,121,36,85
S00122229,110,24,86
S00122230,81,24,57
S00122231,67,25,42
S00122232,80,31,49
S00122233,157,37,120
S00122234,81,26,55
S00122235,135,17,118
S00122236,87,31,56
S00122237,110,28,82
S00122238,131,26,105
S00122239,105,39,66
S00122240,152,38,114
S00122241,93,24,69
S00122242,119,24,95
S00122243,69,36,33
S00122244,147,33,114
S00122245,101,27,74
S00122246,105,20,85
S00122247,141,28,113
S00122248,108,41,67
S00122249,68,34,34
S00122250,135,66,69
S00122251,81,16,65
S00122252,155,36,119
S00122253,168,33,135
S00122254,111,26,85
S00122255,87,40,47
S00122256,61,38,23
S00122257,72,23,49
S00122258,132,23,109
S00122259,75,12,63
S00122260,132,16,116
S00122261,135,37,98
S00122262,119,26,93
S00122263,117,36,81
S00122264,57,14,43
S00122265,76,21,55
S00122266,81,12,69
S00122267,139,35,104
S00122268,82,14,68
S00122269,97,15,82
S00122270,95,29,66
S00122271,106,24,82
S00122272,89,20,69
S00122273,110,38,72
S00122274,54,26,28
S00122275,73,45,28
S00122276,110,34,76
S00122277,91,18,73
S00122278,66,27,39
S00122279,68,26,42
S00122280,82,37,45
S00122281,58,21,37
S00122282,88,26,62
S00122283,82,45,37
S00122284,80,18,62
S00122285,75,45,30
S00122286,52,12,40
S00122287,75,25,50
S00122288,94,27,67
S00122289,76,24,52
S00122290,66,21,45
S00122291,80,19,61
S00122292,110,29,81
S00122293,81,27,54
S00122294,121,29,92
S00122295,74,20,54
S00122296,59,23,36
S00122297,128,39,89
S00122298,105,30,75
S00122299,119,27,92
S00122300,66,17,49
S00122301,93,17,76
S00122302,102,27,75
S00122303,122,26,96
S00122304,125,29,96
S00122305,122,39,83
S00122306,136,28,108
S00122307,113,30,83
S00122308,117,26,91
S00122309,119,25,94
S00122310,137,37,100
S00122311,99,19,80
S00122312,89,21,68
S00122313,144,43,101
S00122314,95,24,71
S00122315,168,34,134
S00122316,142,21,121
S00122317,152,29,123
S00122318,100,23,77
S00122319,146,39,107
S00122320,139,27,112
S00122321,116,25,91
S00122322,156,44,112
S00122323,144,35,109
S00122324,86,23,63
S00122325,114,26,88
S00122326,153,49,104
S00122327,137,43,94
S00122328,98,23,75
S00122329,57,13,44
S00122330,152,40,112
S00122331,134,17,117
S00122332,129,20,109
S00122333,108,23,85
S00122334,221,128,93
S00122335,101,4,97
S00122336,106,18,88
S00122337,89,17,72
S00122338,87,17,70
S00122339,111,38,73
S00122340,88,14,74
S00122341,131,42,89
S00122342,184,50,134
S00122343,139,40,99
S00122344,104,27,77
S00122345,52,21,31
S00122346,108,24,84
S00122347,119,12,107
S00122348,126,27,99
S00122349,134,32,102
S00122350,81,27,54
S00122351,91,26,65
S00122352,92,30,62
S00122353,120,32,88
S00122354,141,29,112
S00122355,175,50,125
S00122356,122,42,80
S00122357,127,41,86
S00122358,144,28,116
S00122359,76,28,48
S00122360,69,18,51
S00122361,106,20,86
S00122362,150,20,130
S00122363,102,19,83
S00122364,88,26,62
S00122365,61,21,40
S00122366,97,30,67
S00122367,126,37,89
S00122368,79,18,61
S00122369,86,27,59
S00122370,177,33,144
S00122371,98,23,75
S00122372,191,47,144
S00122373,99,32,67
S00122374,204,38,166
S00122375,156,39,117
S00122376,125,29,96
S00122377,131,22,109
S00122378,134,26,108
S00122379,65,23,42
S00122380,105,28,77
S00122381,120,22,98
S00122382,60,16,44
S00122383,87,35,52
S00122384,127,9,118
S00122385,84,27,57
S00122386,87,19,68
S00122387,98,32,66
S00122388,117,19,98
S00122389,174,21,153
S00122390,169,28,141
S00122391,172,31,141
S00122392,121,19,102
S00122393,116,28,88
S00122394,139,42,97
S00122395,156,19,137
S00122396,164,32,132
S00122397,136,22,114
S00122398,119,34,85
S00122399,112,26,86
S00122400,77,23,54
S00122401,155,25,130
S00122402,128,30,98
S00122403,126,35,91
S00122404,159,30,129
S00122405,58,14,44
S00122406,102,37,65
S00122407,135,16,119
S00122408,134,29,105
S00122409,154,33,121
S00122410,98,36,62
S00122411,157,16,141
S00122412,154,31,123
S00122413,140,26,114
S00122414,109,17,92
S00122415,98,13,85
S00122416,108,15,93
S00122417,109,23,86
S00122418,116,17,99
S00122419,118,38,80
S00122420,179,17,162
S00122421,108,30,78
S00122422,62,12,50
S00122423,175,27,148
S00122424,100,16,84
S00122425,171,35,136
S00122426,65,8,57
S00122427,75,12,63
S00122428,93,35,58
S00122429,105,42,63
S00122430,166,32,134
S00122431,158,42,116
S00122432,198,26,172
S00122433,75,14,61
S00122434,77,18,59
S00122435,53,16,37
S00122436,95,60,35
S00122437,114,44,70
S00122438,78,21,57
S00122439,98,15,83
S00122440,99,15,84
S00122441,94,22,72
S00122442,90,41,49
S00122443,114,29,85
S00122444,101,26,75
S00122445,82,26,56
S00122446,107,25,82
S00122447,110,31,79
S00122448,139,40,99
S00122449,99,26,73
S00122450,59,28,31
S00122451,158,48,110
S00122452,135,45,90
S00122453,115,29,86
S00122454,62,12,50
S00122455,71,27,44
S00122456,113,18,95
S00122457,95,31,64
S00122458,73,29,44
S00122459,83,21,62
S00122460,93,25,68
S00122461,131,36,95
S00122462,130,24,106
S00122463,126,24,102
S00122464,109,37,72
S00122465,137,31,106
S00122466,98,24,74
S00122467,110,22,88
S00122468,133,47,86
S00122469,120,39,81
S00122470,128,27,101
S00122471,121,30,91
S00122472,102,34,68
S00122473,79,17,62
S00122474,145,29,116
S00122475,147,38,109
S00122476,107,22,85
S00122477,81,20,61
S00122478,179,42,137
S00122479,113,17,96
S00122480,113,33,80
S00122481,94,14,80
S00122482,83,20,63
S00122483,97,32,65
S00122484,93,28,65
S00122485,104,33,71
S00122486,134,26,108
S00122487,139,30,109
S00122488,133,15,118
S00122489,116,29,87
S00122490,97,27,70
S00122491,121,19,102
S00122492,112,20,92
S00122493,123,23,100
S00122494,116,26,90
S00122495,76,31,45
S00122496,163,27,136
S00122497,113,24,89
S00122498,123,28,95
S00122499,145,23,122
S00122500,149,23,126
S00122501,92,13,79
S00122502,134,8,126
S00122503,85,17,68
S00122504,59,13,46
S00122505,85,32,53
S00122506,84,25,59
S00122507,168,31,137
S00122508,157,41,116
S00122509,129,18,111
S00122510,128,27,101
S00122511,110,24,86
S00122512,157,21,136
S00122513,71,13,58
S00122514,100,22,78
S00122515,60,12,48
S00122516,117,24,93
S00122517,110,13,97
S00122518,81,12,69
S00122519,79,27,52
S00122520,89,14,75
S00122521,127,30,97
S00122522,80,31,49
S00122523,127,22,105
S00122524,69,14,55
S00122525,103,19,84
S00122526,97,14,83
S00122527,93,15,78
S00122528,161,22,139
S00122529,135,21,114
S00122530,79,22,57
S00122531,108,23,85
S00122532,119,19,100
S00122533,105,35,70
S00122534,133,21,112
S00122535,88,31,57
S00122536,106,20,86
S00122537,111,22,89
S00122538,94,25,69
S00122539,101,21,80
S00122540,75,22,53
S00122541,108,22,86
S00122542,89,8,81
S00122543,130,31,99
S00122544,206,16,190
S00122545,112,34,78
S00122546,93,21,72
S00122547,126,21,105
S00122548,92,32,60
S00122549,93,22,71
S00122550,133,52,81
S00122551,106,35,71
S00122552,89,21,68
S00122553,71,30,41
S00122554,89,16,73
S00122555,111,23,88
S00122556,149,32,117
S00122557,81,22,59
S00122558,165,44,121
S00122559,129,34,95
S00122560,147,42,105
S00122561,162,26,136
S00122562,205,32,173
S00122563,141,30,111
S00122564,166,40,126
S00122565,196,28,168
S00122566,127,41,86
S00122567,153,29,124
S00122568,92,34,58
S00122569,61,12,49
S00122570,113,15,98
S00122571,106,23,83
S00122572,103,16,87
S00122573,169,21,148
S00122574,112,32,80
S00122575,82,31,51
S00122576,126,26,100
S00122577,85,25,60
S00122578,81,18,63
S00122579,81,18,63
S00122580,88,14,74
S00122581,111,16,95
S00122582,129,25,104
S00122583,89,13,76
S00122584,107,24,83
S00122585,90,17,73
S00122586,107,31,76
S00122587,164,32,132
S00122588,154,21,133
S00122589,65,33,32
S00122590,60,24,36
S00122591,60,32,28
S00122592,120,23,97
S00122593,116,34,82
S00122594,80,21,59
S00122595,107,21,86
S00122596,82,22,60
S00122597,83,21,62
S00122598,84,20,64
S00122599,102,17,85
S00122600,147,37,110
S00122601,105,37,68
S00122602,176,39,137
S00122603,139,28,111
S00122604,110,31,79
S00122605,65,24,41
S00122606,118,34,84
S00122607,93,33,60
S00122608,101,11,90
S00122609,79,31,48
S00122610,120,16,104
S00122611,93,12,81
S00122612,100,21,79
S00122613,135,44,91
S00122614,73,19,54
S00122615,80,9,71
S00122616,95,34,61
S00122617,96,17,79
S00122618,129,8,121
S00122619,113,19,94
S00122620,90,11,79
S00122621,136,29,107
S00122622,155,41,114
S00122623,107,41,66
S00122624,137,46,91
S00122625,87,16,71
S00122626,119,38,81
S00122627,133,39,94
S00122628,107,26,81
S00122629,104,13,91
S00122630,129,23,106
S00122631,182,23,159
S00122632,203,35,168
S00122633,164,12,152
S00122634,93,33,60
S00122635,155,24,131
S00122636,104,14,90
S00122637,109,10,99
S00122638,51,4,47
S00122639,203,23,180
S00122640,116,15,101
S00122641,77,26,51
S00122642,111,29,82
S00122643,116,26,90
S00122644,91,13,78
S00122645,131,31,100
S00122646,100,23,77
S00122647,103,21,82
S00122648,116,37,79
S00122649,66,29,37
S00122650,68,3,65
S00122651,112,28,84
S00122652,92,21,71
S00122653,108,30,78
S00122654,172,46,126
S00122655,165,35,130
S00122656,119,40,79
S00122657,158,36,122
S00122658,93,33,60
S00122659,125,28,97
S00122660,87,12,75
S00122661,130,27,103
S00122662,159,34,125
S00122663,142,28,114
S00122664,128,18,110
S00122665,167,44,123
S00122666,155,35,120
S00122667,181,64,117
S00122668,166,35,131
S00122669,136,33,103
S00122670,91,20,71
S00122671,118,21,97
S00122672,96,18,78
S00122673,71,19,52
S00122674,77,36,41
S00122675,108,32,76
S00122676,52,23,29
S00122677,57,22,35
S00122678,114,41,73
S00122679,138,59,79
S00122680,53,14,39
S00122681,89,23,66
S00122682,102,23,79
S00122683,111,25,86
S00122684,85,30,55
S00122685,143,30,113
S00122686,100,25,75
S00122687,70,18,52
S00122688,133,16,117
S00122689,84,14,70
S00122690,151,18,133
S00122691,128,26,102
S00122692,105,24,81
S00122693,154,29,125
S00122694,84,28,56
S00122695,88,15,73
S00122696,98,19,79
S00122697,92,22,70
S00122698,177,55,122
S00122699,131,24,107
S00122700,169,89,80
S00122701,72,20,52
S00122702,61,23,38
S00122703,97,20,77
S00122704,154,28,126
S00122705,95,58,37
S00122706,102,33,69
S00122707,136,55,81
S00122708,80,14,66
S00122709,65,24,41
S00122710,50,15,35
S00122711,66,16,50
S00122712,108,27,81
S00122713,58,20,38
S00122714,56,15,41
S00122715,112,18,94
S00122716,112,26,86
S00122717,93,44,49
S00122718,72,22,50
S00122719,81,13,68
S00122720,137,42,95
S00122721,210,50,160
S00122722,168,28,140
S00122723,165,25,140
S00122724,111,21,90
S00122725,120,33,87
S00122726,112,25,87
S00122727,105,31,74
S00122728,127,31,96
S00122729,137,37,100
S00122730,118,38,80
S00122731,75,23,52
S00122732,148,23,125
S00122733,122,7,115
S00122734,127,29,98
S00122735,101,30,71
S00122736,99,17,82
S00122737,97,14,83
S00122738,153,29,124
S00122739,65,14,51
S00122740,70,10,60
S00122741,111,13,98
S00122742,104,38,66
S00122743,62,10,52
S00122744,115,32,83
S00122745,94,26,68
S00122746,60,15,45
S00122747,121,38,83
S00122748,76,16,60
S00122749,84,26,58
S00122750,140,35,105
S00122751,76,27,49
S00122752,111,33,78
S00122753,60,17,43
S00122754,173,61,112
S00122755,67,13,54
S00122756,74,10,64
S00122757,142,26,116
S00122758,81,36,45
S00122759,102,17,85
S00122760,123,10,113
S00122761,183,25,158
S00122762,190,26,164
S00122763,179,34,145
S00122764,150,15,135
S00122765,191,32,159
S00122766,182,30,152
S00122767,178,35,143
S00122768,167,29,138
S00122769,88,27,61
S00122770,104,14,90
S00122771,113,18,95
S00122772,166,34,132
S00122773,121,28,93
S00122774,163,24,139
S00122775,102,22,80
S00122776,89,11,78
S00122777,81,13,68
S00122778,127,20,107
S00122779,113,26,87
S00122780,63,12,51
S00122781,116,27,89
S00122782,113,17,96
S00122783,150,37,113
S00122784,124,20,104
S00122785,114,25,89
S00122786,102,23,79
S00122787,64,15,49
S00122788,139,21,118
S00122789,69,7,62
S00122790,109,16,93
S00122791,59,20,39
S00122792,138,8,130
S00122793,128,5,123
S00122794,116,28,88
S00122795,79,17,62
S00122796,96,18,78
S00122797,135,20,115
S00122798,142,30,112
S00122799,89,23,66
S00122800,61,25,36
S00122801,92,29,63
S00122802,83,19,64
S00122803,116,14,102
S00122804,73,20,53
S00122805,68,26,42
S00122806,87,23,64
S00122807,82,13,69
S00122808,102,24,78
S00122809,76,18,58
S00122810,114,27,87
S00122811,58,9,49
S00122812,102,12,90
S00122813,91,37,54
S00122814,63,16,47
S00122815,154,24,130
S00122816,165,17,148
S00122817,95,12,83
S00122818,67,12,55
S00122819,113,19,94
S00122820,138,25,113
S00122821,84,17,67
S00122822,95,21,74
S00122823,87,12,75
S00122824,184,9,175
S00122825,139,26,113
S00122826,55,11,44
S00122827,64,19,45
S00122828,115,16,99
S00122829,68,14,54
S00122830,179,27,152
S00122831,115,24,91
S00122832,115,23,92
S00122833,112,23,89
S00122834,79,6,73
S00122835,109,28,81
S00122836,85,14,71
S00122837,61,12,49
S00122838,99,17,82
S00122839,104,40,64
S00122840,85,21,64
S00122841,218,23,195
S00122842,89,16,73
S00122843,71,27,44
S00122844,83,13,70
S00122845,132,101,31
S00122846,128,11,117
S00122847,264,14,250
S00122848,129,30,99
S00122849,88,17,71
S00122850,223,11,212
S00122851,110,22,88
S00122852,81,16,65
S00122853,113,24,89
S00122854,79,26,53
S00122855,64,11,53
S00122856,113,11,102
S00122857,97,19,78
S00122858,102,19,83
S00122859,108,28,80
S00122860,101,34,67
S00122861,97,23,74
S00122862,67,18,49
S00122863,65,18,47
S00122864,83,21,62
S00122865,91,29,62
S00122866,104,21,83
S00122867,54,15,39
S00122868,59,12,47
S00122869,70,15,55
S00122870,60,27,33
S00122871,80,32,48
S00122872,158,29,129
S00122873,167,18,149
S00122874,68,5,63
S00122875,99,16,83
S00122876,77,18,59
S00122877,80,8,72
S00122878,110,13,97
S00122879,74,10,64
S00122880,71,19,52
S00122881,141,19,122
S00122882,217,148,69
S00122883,140,29,111
S00122884,83,38,45
S00122885,67,12,55
S00122886,167,30,137
S00122887,122,30,92
S00122888,114,25,89
S00122889,150,37,113
S00122890,50,10,40
S00122891,145,34,111
S00122892,66,17,49
S00122893,102,5,97
S00122894,110,12,98
S00122895,64,17,47
S00122896,114,35,79
S00122897,157,33,124
S00122898,71,13,58
S00122899,76,22,54
S00122900,172,33,139
S00122901,68,9,59
S00122902,128,19,109
S00122903,62,3,59
S00122904,122,15,107
S00122905,94,32,62
S00122906,57,10,47
S00122907,82,15,67
S00122908,178,33,145
S00122909,165,55,110
S00122910,80,18,62
S00122911,81,12,69
S00122912,231,19,212
S00122913,149,26,123
S00122914,149,19,130
S00122915,159,3,156
S00122916,170,12,158
S00122917,182,14,168
S00122918,171,18,153
S00122919,123,15,108
S00122920,134,12,122
S00122921,177,31,146
S00122922,125,6,119
S00122923,97,16,81
S00122924,109,35,74
S00122925,53,13,40
S00122926,97,39,58
S00122927,89,29,60
S00122928,68,40,28
S00122929,69,22,47
S00122930,124,37,87
S00122931,84,9,75
S00122932,203,21,182
S00122933,88,10,78
S00122934,165,19,146
S00122935,198,12,186
S00122936,92,22,70
S00122937,121,25,96
S00122938,71,10,61
S00122939,109,18,91
S00122940,95,44,51
S00122941,71,12,59
S00122942,165,36,129
S00122943,217,31,186
S00122944,136,14,122
S00122945,182,12,170
S00122946,160,15,145
S00122947,50,32,18
S00122948,98,34,64
S00122949,128,25,103
S00122950,99,24,75
S00122951,113,22,91
S00122952,130,10,120
S00122953,111,21,90
S00122954,149,61,88
S00122955,97,23,74
S00122956,95,23,72
S00122957,61,11,50
S00122958,69,25,44
S00122959,84,13,71
S00122960,83,13,70
S00122961,63,15,48
S00122962,135,51,84
S00122963,99,19,80
S00122964,86,19,67
S00122965,138,26,112
S00122966,53,13,40
S00122967,141,43,98
S00122968,68,16,52
S00122969,122,25,97
S00122970,116,21,95
S00122971,102,21,81
S00122972,158,25,133
S00122973,177,17,160
S00122974,76,15,61
S00122975,126,26,100
S00122976,124,8,116
S00122977,132,22,110
S00122978,122,17,105
S00122979,122,19,103
S00122980,87,27,60
S00122981,78,36,42
S00122982,131,54,77
S00122983,109,19,90
S00122984,113,13,100
S00122985,82,29,53
S00122986,66,11,55
S00122987,114,32,82
S00122988,77,32,45
S00122989,91,19,72
S00122990,69,15,54
S00122991,68,30,38
S00122992,84,19,65
S00122993,57,22,35
S00122994,80,19,61
S00122995,105,20,85
S00122996,176,74,102
S00122997,111,20,91
S00122998,150,33,117
S00122999,60,11,49
S00123000,86,17,69
S00123001,133,27,106
S00123002,140,12,128
S00123003,145,15,130
S00123004,212,13,199
S00123005,172,20,152
S00123006,105,27,78
S00123007,69,10,59
S00123008,94,16,78
S00123009,124,33,91
S00123010,153,56,97
S00123011,198,108,90
S00123012,58,15,43
S00123013,186,41,145
S00123014,96,19,77
S00123015,100,44,56
S00123016,92,27,65
S00123017,172,36,136
S00123018,117,32,85
S00123019,99,12,87
S00123020,156,23,133
S00123021,75,19,56
S00123022,139,22,117
S00123023,68,15,53
S00123024,114,11,103
S00123025,83,10,73
S00123026,138,56,82
S00123027,136,23,113
S00123028,166,28,138
S00123029,134,37,97
S00123030,135,30,105
S00123031,136,24,112
S00123032,67,15,52
S00123033,96,44,52
S00123034,132,30,102
S00123035,148,13,135
S00123036,118,23,95
S00123037,100,20,80
S00123038,141,14,127
S00123039,100,10,90
S00123040,138,26,112
S00123041,129,39,90
S00123042,140,19,121
S00123043,64,18,46
S00123044,185,37,148
S00123045,184,25,159
S00123046,112,23,89
S00123047,62,29,33
S00123048,71,29,42
S00123049,90,36,54
S00123050,58,20,38
S00123051,95,31,64
S00123052,131,30,101
S00123053,129,19,110
S00123054,76,10,66
S00123055,79,37,42
S00123056,78,25,53
S00123057,89,30,59
S00123058,119,22,97
S00123059,98,22,76
S00123060,94,19,75
S00123061,130,36,94
S00123062,85,37,48
S00123063,66,29,37
S00123064,54,8,46
S00123065,109,27,82
S00123066,71,19,52
S00123067,78,22,56
S00123068,113,51,62
S00123069,122,28,94
S00123070,139,20,119
S00123071,89,23,66
S00123072,56,32,24
S00123073,120,44,76
S00123074,102,19,83
S00123075,188,24,164
S00123076,171,40,131
S00123077,113,66,47
S00123078,103,26,77
S00123079,143,18,125
S00123080,133,40,93
S00123081,62,9,53
S00123082,144,8,136
S00123083,187,16,171
S00123084,125,33,92
S00123085,153,36,117
S00123086,120,44,76
S00123087,194,15,179
S00123088,106,7,99
S00123089,165,14,151
S00123090,159,15,144
S00123091,180,17,163
S00123092,151,8,143
S00123093,174,39,135
S00123094,128,37,91
S00123095,183,15,168
S00123096,215,17,198
S00123097,153,15,138
S00123098,170,18,152
S00123099,155,25,130
S00123100,67,9,58
S00123101,129,4,125
S00123102,154,9,145
S00123103,175,7,168
S00123104,159,7,152
S00123105,54,13,41
S00123106,84,43,41
S00123107,91,24,67
S00123108,74,21,53
S00123109,130,22,108
S00123110,110,24,86
S00123111,123,23,100
S00123112,183,24,159
S00123113,147,27,120
S00123114,144,24,120
S00123115,70,12,58
S00123116,88,14,74
S00123117,113,21,92
S00123118,115,29,86
S00123119,180,29,151
S00123120,67,22,45
S00123121,133,32,101
S00123122,120,31,89
S00123123,114,29,85
S00123124,155,13,142
S00123125,196,11,185
S00123126,85,25,60
S00123127,170,13,157
S00123128,170,5,165
S00123129,139,40,99
S00123130,119,17,102
S00123131,142,19,123
S00123132,181,17,164
S00123133,113,18,95
S00123134,122,18,104
S00123135,116,12,104
S00123136,123,11,112
S00123137,119,15,104
S00123138,77,22,55
S00123139,158,45,113
S00123140,83,16,67
S00123141,142,21,121
S00123142,115,15,100
S00123143,130,28,102
S00123144,98,19,79
S00123145,137,18,119
S00123146,155,33,122
S00123147,192,74,118
S00123148,130,32,98
S00123149,110,30,80
S00123150,83,16,67
S00123151,113,34,79
S00123152,112,28,84
S00123153,120,31,89
S00123154,96,21,75
S00123155,175,42,133
S00123156,95,28,67
S00123157,114,20,94
S00123158,92,29,63
S00123159,71,29,42
S00123160,99,24,75
S00123161,100,18,82
S00123162,115,20,95
S00123163,118,19,99
S00123164,102,34,68
S00123165,171,26,145
S00123166,103,11,92
S00123167,146,16,130
S00123168,123,18,105
S00123169,126,9,117
S00123170,78,7,71
S00123171,73,26,47
S00123172,181,40,141
S00123173,101,27,74
S00123174,70,9,61
S00123175,85,31,54
S00123176,120,18,102
S00123177,83,26,57
S00123178,115,19,96
S00123179,132,51,81
S00123180,109,19,90
S00123181,119,34,85
S00123182,139,25,114
S00123183,176,32,144
S00123184,141,23,118
S00123185,92,24,68
S00123186,81,10,71
S00123187,180,31,149
S00123188,114,24,90
S00123189,56,17,39
S00123190,118,39,79
S00123191,92,26,66
S00123192,126,28,98
S00123193,87,32,55
S00123194,115,27,88
S00123195,94,31,63
S00123196,94,24,70
S00123197,108,26,82
S00123198,107,26,81
S00123199,79,24,55
S00123200,98,32,66
S00123201,126,31,95
S00123202,95,33,62
S00123203,64,20,44
S00123204,141,19,122
S00123205,180,42,138
S00123206,156,39,117
S00123207,143,37,106
S00123208,136,40,96
S00123209,145,29,116
S00123210,153,26,127
S00123211,96,13,83
S00123212,84,18,66
S00123213,167,42,125
S00123214,161,12,149
S00123215,119,30,89
S00123216,101,13,88
S00123217,164,5,159
S00123218,115,4,111
S00123219,81,10,71
S00123220,140,12,128
S00123221,109,17,92
S00123222,128,27,101
S00123223,116,12,104
S00123224,128,16,112
S00123225,111,17,94
S00123226,92,9,83
S00123227,228,12,216
S00123228,232,9,223
S00123229,123,8,115
S00123230,223,12,211
S00123231,78,13,65
S00123232,91,17,74
S00123233,116,19,97
S00123234,131,13,118
S00123235,193,25,168
S00123236,124,22,102
S00123237,106,10,96
S00123238,126,8,118
S00123239,110,25,85
S00123240,83,13,70
S00123241,173,12,161
S00123242,243,22,221
S00123243,109,9,100
S00123244,137,17,120
S00123245,80,18,62
S00123246,83,15,68
S00123247,79,31,48
S00123248,94,23,71
S00123249,107,37,70
S00123250,102,28,74
S00123251,79,24,55
S00123252,88,9,79
S00123253,177,22,155
S00123254,97,14,83
S00123255,54,9,45
S00123256,188,18,170
S00123257,106,15,91
S00123258,154,15,139
S00123259,141,22,119
S00123260,84,42,42
S00123261,106,36,70
S00123262,124,25,99
S00123263,76,9,67
S00123264,81,23,58
S00123265,187,21,166
S00123266,67,7,60
S00123267,163,15,148
S00123268,179,12,167
S00123269,76,4,72
S00123270,159,52,107
S00123271,145,31,114
S00123272,123,32,91
S00123273,151,33,118
S00123274,107,13,94
S00123275,87,17,70
S00123276,118,8,110
S00123277,219,12,207
S00123278,55,12,43
S00123279,55,10,45
S00123280,96,37,59
S00123281,100,26,74
S00123282,121,38,83
S00123283,265,21,244
S00123284,166,14,152
S00123285,216,13,203
S00123286,165,10,155
S00123287,193,22,171
S00123288,142,4,138
S00123289,200,20,180
S00123290,146,39,107
S00123291,177,20,157
S00123292,103,8,95
S00123293,186,13,173
S00123294,176,24,152
S00123295,215,17,198
S00123296,150,14,136
S00123297,165,8,157
S00123298,137,17,120
S00123299,121,23,98
S00123300,94,17,77
S00123301,145,9,136
S00123302,153,9,144
S00123303,99,9,90
S00123304,106,23,83
S00123305,78,12,66
S00123306,164,10,154
S00123307,69,10,59
S00123308,103,25,78
S00123309,124,22,102
S00123310,124,17,107
S00123311,153,14,139
S00123312,125,34,91
S00123313,59,29,30
S00123314,169,11,158
S00123315,127,18,109
S00123316,193,39,154
S00123317,206,29,177
S00123318,122,8,114
S00123319,117,20,97
S00123320,102,20,82
S00123321,143,19,124
S00123322,93,21,72
S00123323,104,13,91
S00123324,63,11,52
S00123325,149,36,113
S00123326,96,25,71
S00123327,102,20,82
S00123328,107,16,91
S00123329,53,11,42
S00123330,86,52,34
S00123331,93,26,67
S00123332,102,38,64
S00123333,94,42,52
S00123334,112,46,66
S00123335,168,50,118
S00123336,119,42,77
S00123337,147,36,111
S00123338,114,31,83
S00123339,183,30,153
S00123340,88,11,77
S00123341,163,26,137
S00123342,63,34,29
S00123343,64,21,43
S00123344,193,24,169
S00123345,83,26,57
S00123346,77,33,44
S00123347,78,16,62
S00123348,82,23,59
S00123349,104,21,83
S00123350,105,30,75
S00123351,133,31,102
S00123352,87,30,57
S00123353,107,35,72
S00123354,159,37,122
S00123355,103,32,71
S00123356,102,19,83
S00123357,119,11,108
S00123358,171,27,144
S00123359,134,23,111
S00123360,125,42,83
S00123361,138,32,106
S00123362,128,33,95
S00123363,134,36,98
S00123364,121,41,80
S00123365,84,22,62
S00123366,117,24,93
S00123367,127,35,92
S00123368,71,9,62
S00123369,140,32,108
S00123370,190,62,128
S00123371,54,14,40
S00123372,111,10,101
S00123373,117,21,96
S00123374,108,11,97
S00123375,195,31,164
S00123376,142,35,107
S00123377,120,32,88
S00123378,53,13,40
S00123379,107,26,81
S00123380,124,49,75
S00123381,121,26,95
S00123382,143,36,107
S00123383,83,22,61
S00123384,124,28,96
S00123385,179,38,141
S00123386,147,29,118
S00123387,87,16,71
S00123388,89,24,65
S00123389,116,30,86
S00123390,85,25,60
S00123391,85,25,60
S00123392,64,14,50
S00123393,66,30,36
S00123394,68,39,29
S00123395,73,18,55
S00123396,128,25,103
S00123397,106,23,83
S00123398,100,19,81
S00123399,106,21,85
S00123400,162,47,115
S00123401,156,41,115
S00123402,180,50,130
S00123403,144,27,117
S00123404,116,19,97
S00123405,86,24,62
S00123406,165,91,74
S00123407,113,25,88
S00123408,91,29,62
S00123409,102,35,67
S00123410,136,30,106
S00123411,101,20,81
S00123412,80,30,50
S00123413,102,23,79
S00123414,134,24,110
S00123415,76,16,60
S00123416,99,23,76
S00123417,106,20,86
S00123418,163,37,126
S00123419,163,62,101
S00123420,105,32,73
S00123421,126,34,92
S00123422,149,43,106
S00123423,128,15,113
S00123424,202,33,169
S00123425,101,34,67
S00123426,112,24,88
S00123427,160,42,118
S00123428,119,35,84
S00123429,80,24,56
S00123430,120,42,78
S00123431,134,38,96
S00123432,118,20,98
S00123433,126,24,102
S00123434,103,31,72
S00123435,151,38,113
S00123436,161,43,118
S00123437,124,18,106
S00123438,111,33,78
S00123439,106,27,79
S00123440,202,34,168
S00123441,158,37,121
S00123442,180,43,137
S00123443,111,27,84
S00123444,167,37,130
S00123445,143,24,119
S00123446,162,31,131
S00123447,128,26,102
S00123448,185,17,168
S00123449,165,35,130
S00123450,151,44,107
S00123451,154,26,128
S00123452,141,27,114
S00123453,188,28,160
S00123454,208,26,182
S00123455,128,16,112
S00123456,121,24,97
S00123457,92,22,70
S00123458,152,26,126
S00123459,98,23,75
S00123460,153,35,118
S00123461,96,13,83
S00123462,190,47,143
S00123463,133,28,105
S00123464,140,33,107
S00123465,134,35,99
S00123466,110,22,88
S00123467,110,37,73
S00123468,142,36,106
S00123469,110,22,88
S00123470,147,49,98
S00123471,104,24,80
S00123472,115,20,95
S00123473,104,15,89
S00123474,72,44,28
S00123475,61,13,48
S00123476,103,26,77
S00123477,76,16,60
S00123478,75,26,49
S00123479,89,25,64
S00123480,111,24,87
S00123481,95,32,63
S00123482,90,24,66
S00123483,85,14,71
S00123484,57,12,45
S00123485,158,21,137
S00123486,100,7,93
S00123487,101,23,78
S00123488,147,26,121
S00123489,107,25,82
S00123490,176,26,150
S00123491,113,24,89
S00123492,99,15,84
S00123493,104,27,77
S00123494,113,34,79
S00123495,128,18,110
S00123496,98,30,68
S00123497,160,37,123
S00123498,147,30,117
S00123499,75,64,11
S00123500,135,19,116
S00123501,163,25,138
S00123502,116,16,100
S00123503,140,34,106
S00123504,110,17,93
S00123505,92,19,73
S00123506,94,14,80
S00123507,146,33,113
S00123508,98,22,76
S00123509,127,19,108
S00123510,74,24,50
S00123511,89,17,72
S00123512,117,29,88
S00123513,107,15,92
S00123514,177,24,153
S00123515,104,15,89
S00123516,146,38,108
S00123517,125,36,89
S00123518,127,23,104
S00123519,151,35,116
S00123520,81,34,47
S00123521,111,19,92
S00123522,68,14,54
S00123523,65,17,48
S00123524,71,23,48
S00123525,91,3,88
S00123526,102,48,54
S00123527,122,20,102
S00123528,137,32,105
S00123529,108,34,74
S00123530,73,15,58
S00123531,95,23,72
S00123532,95,34,61
S00123533,88,33,55
S00123534,70,24,46
S00123535,108,22,86
S00123536,62,17,45
S00123537,77,21,56
S00123538,100,25,75
S00123539,186,35,151
S00123540,135,29,106
S00123541,90,30,60
S00123542,136,30,106
S00123543,153,41,112
S00123544,161,36,125
S00123545,112,27,85
S00123546,143,36,107
S00123547,119,33,86
S00123548,91,17,74
S00123549,135,28,107
S00123550,104,23,81
S00123551,100,21,79
S00123552,96,18,78
S00123553,95,28,67
S00123554,94,17,77
S00123555,104,29,75
S00123556,84,32,52
S00123557,120,26,94
S00123558,87,34,53
S00123559,178,49,129
S00123560,110,19,91
S00123561,95,20,75
S00123562,102,25,77
S00123563,81,22,59
S00123564,72,23,49
S00123565,129,25,104
S00123566,64,22,42
S00123567,93,14,79
S00123568,99,28,71
S00123569,155,44,111
S00123570,112,26,86
S00123571,103,25,78
S00123572,94,23,71
S00123573,86,26,60
S00123574,166,43,123
S00123575,169,34,135
S00123576,141,18,123
S00123577,104,11,93
S00123578,213,42,171
S00123579,117,30,87
S00123580,174,34,140
S00123581,106,34,72
S00123582,139,20,119
S00123583,62,17,45
S00123584,121,22,99
S00123585,95,18,77
S00123586,132,41,91
S00123587,101,22,79
S00123588,102,29,73
S00123589,138,32,106
S00123590,149,40,109
S00123591,67,19,48
S00123592,63,25,38
S00123593,143,29,114
S00123594,81,10,71
S00123595,93,39,54
S00123596,122,26,96
S00123597,65,13,52
S00123598,141,41,100
S00123599,85,21,64
S00123600,142,36,106
S00123601,219,52,167
S00123602,165,39,126
S00123603,126,22,104
S00123604,91,29,62
S00123605,146,29,117
S00123606,94,29,65
S00123607,135,19,116
S00123608,68,27,41
S00123609,73,12,61
S00123610,91,10,81
S00123611,165,24,141
S00123612,163,40,123
S00123613,199,20,179
S00123614,132,45,87
S00123615,104,18,86
S00123616,105,21,84
S00123617,98,19,79
S00123618,124,35,89
S00123619,156,27,129
S00123620,125,31,94
S00123621,98,10,88
S00123622,90,10,80
S00123623,104,39,65
S00123624,129,45,84
S00123625,104,34,70
S00123626,185,33,152
S00123627,131,18,113
S00123628,146,29,117
S00123629,139,25,114
S00123630,158,24,134
S00123631,136,41,95
S00123632,159,32,127
S00123633,88,24,64
S00123634,86,28,58
S00123635,159,39,120
S00123636,133,34,99
S00123637,92,21,71
S00123638,163,33,130
S00123639,94,32,62
S00123640,99,29,70
S00123641,173,39,134
S00123642,185,47,138
S00123643,198,29,169
S00123644,102,29,73
S00123645,88,21,67
S00123646,85,24,61
S00123647,159,41,118
S00123648,90,16,74
S00123649,159,26,133
S00123650,174,28,146
S00123651,171,42,129
S00123652,75,23,52
S00123653,128,10,118
S00123654,107,20,87
S00123655,104,26,78
S00123656,132,27,105
S00123657,98,31,67
S00123658,111,34,77
S00123659,154,37,117
S00123660,97,28,69
S00123661,164,38,126
S00123662,140,47,93
S00123663,110,30,80
S00123664,122,26,96
S00123665,81,25,56
S00123666,143,24,119
S00123667,75,16,59
S00123668,126,17,109
S00123669,111,26,85
S00123670,187,36,151
S00123671,126,24,102
S00123672,111,26,85
S00123673,141,44,97
S00123674,105,23,82
S00123675,160,40,120
S00123676,123,31,92
S00123677,104,18,86
S00123678,104,43,61
S00123679,149,27,122
S00123680,115,31,84
S00123681,184,47,137
S00123682,96,12,84
S00123683,88,27,61
S00123684,108,41,67
S00123685,95,49,46
S00123686,107,31,76
S00123687,107,24,83
S00123688,133,47,86
S00123689,109,42,67
S00123690,103,24,79
S00123691,145,43,102
S00123692,198,19,179
S00123693,154,31,123
S00123694,109,13,96
S00123695,196,45,151
S00123696,129,21,108
S00123697,84,19,65
S00123698,142,36,106
S00123699,88,27,61
S00123700,114,41,73
S00123701,123,25,98
S00123702,91,37,54
S00123703,123,31,92
S00123704,66,21,45
S00123705,156,6,150
S00123706,91,5,86
S00123707,89,18,71
S00123708,105,23,82
S00123709,168,38,130
S00123710,97,32,65
S00123711,86,12,74
S00123712,64,27,37
S00123713,81,21,60
S00123714,140,26,114
S00123715,136,28,108
S00123716,112,14,98
S00123717,96,26,70
S00123718,93,15,78
S00123719,111,15,96
S00123720,168,31,137
S00123721,148,49,99
S00123722,105,33,72
S00123723,62,14,48
S00123724,127,34,93
S00123725,96,14,82
S00123726,84,22,62
S00123727,172,40,132
S00123728,147,29,118
S00123729,84,33,51
S00123730,117,25,92
S00123731,88,22,66
S00123732,153,38,115
S00123733,141,33,108
S00123734,179,23,156
S00123735,129,23,106
S00123736,136,31,105
S00123737,129,22,107
S00123738,123,14,109
S00123739,67,11,56
S00123740,147,22,125
S00123741,165,21,144
S00123742,157,39,118
S00123743,93,14,79
S00123744,143,32,111
S00123745,117,22,95
S00123746,155,34,121
S00123747,128,30,98
S00123748,141,17,124
S00123749,98,11,87
S00123750,71,14,57
S00123751,72,21,51
S00123752,74,27,47
S00123753,62,14,48
S00123754,110,23,87
S00123755,93,27,66
S00123756,111,35,76
S00123757,150,42,108
S00123758,159,48,111
S00123759,200,19,181
S00123760,70,24,46
S00123761,162,48,114
S00123762,167,24,143
S00123763,105,39,66
S00123764,68,28,40
S00123765,79,20,59
S00123766,80,71,9
S00123767,140,20,120
S00123768,164,37,127
S00123769,93,24,69
S00123770,160,17,143
S00123771,218,112,106
S00123772,147,24,123
S00123773,127,21,106
S00123774,151,36,115
S00123775,164,44,120
S00123776,141,37,104
S00123777,146,36,110
S00123778,140,31,109
S00123779,148,48,100
S00123780,54,10,44
S00123781,107,38,69
S00123782,65,19,46
S00123783,136,26,110
S00123784,63,15,48
S00123785,132,25,107
S00123786,124,27,97
S00123787,99,30,69
S00123788,95,26,69
S00123789,160,47,113
S00123790,178,38,140
S00123791,135,28,107
S00123792,103,36,67
S00123793,120,36,84
S00123794,116,28,88
S00123795,103,32,71
S00123796,83,40,43
S00123797,65,28,37
S00123798,60,19,41
S00123799,183,46,137
S00123800,172,40,132
S00123801,108,17,91
S00123802,130,31,99
S00123803,129,21,108
S00123804,147,32,115
S00123805,169,38,131
S00123806,163,38,125
S00123807,135,37,98
S00123808,165,56,109
S00123809,139,28,111
S00123810,71,21,50
S00123811,148,35,113
S00123812,160,34,126
S00123813,125,24,101
S00123814,55,16,39
S00123815,75,21,54
S00123816,74,23,51
S00123817,140,27,113
S00123818,114,32,82
S00123819,100,25,75
S00123820,60,33,27
S00123821,104,22,82
S00123822,184,46,138
S00123823,96,39,57
S00123824,158,33,125
S00123825,165,10,155
S00123826,95,18,77
S00123827,90,21,69
S00123828,71,7,64
S00123829,82,16,66
S00123830,111,29,82
S00123831,116,27,89
S00123832,105,18,87
S00123833,145,31,114
S00123834,99,28,71
S00123835,146,20,126
S00123836,51,7,44
S00123837,75,19,56
S00123838,81,27,54
S00123839,83,26,57
S00123840,88,23,65
S00123841,92,36,56
S00123842,135,32,103
S00123843,118,28,90
S00123844,118,32,86
S00123845,116,34,82
S00123846,87,28,59
S00123847,80,27,53
S00123848,128,37,91
S00123849,58,16,42
S00123850,66,7,59
S00123851,120,15,105
S00123852,161,44,117
S00123853,106,35,71
S00123854,52,19,33
S00123855,105,17,88
S00123856,131,24,107
S00123857,97,21,76
S00123858,68,12,56
S00123859,54,23,31
S00123860,115,27,88
S00123861,167,37,130
S00123862,134,15,119
S00123863,110,12,98
S00123864,161,40,121
S00123865,113,29,84
S00123866,179,45,134
S00123867,89,18,71
S00123868,104,24,80
S00123869,98,32,66
S00123870,128,18,110
S00123871,106,16,90
S00123872,124,10,114
S00123873,161,9,152
S00123874,83,11,72
S00123875,153,19,134
S00123876,141,26,115
S00123877,105,12,93
S00123878,122,86,36
S00123879,139,26,113
S00123880,69,27,42
S00123881,154,31,123
S00123882,136,52,84
S00123883,106,28,78
S00123884,70,19,51
S00123885,192,56,136
S00123886,117,34,83
S00123887,124,38,86
S00123888,142,34,108
S00123889,90,16,74
S00123890,57,12,45
S00123891,94,28,66
S00123892,166,42,124
S00123893,194,49,145
S00123894,160,52,108
S00123895,130,43,87
S00123896,93,30,63
S00123897,113,28,85
S00123898,94,25,69
S00123899,144,25,119
S00123900,115,37,78
S00123901,99,28,71
S00123902,58,32,26
S00123903,69,35,34
S00123904,55,21,34
S00123905,95,25,70
S00123906,63,39,24
S00123907,83,16,67
S00123908,112,26,86
S00123909,142,40,102
S00123910,96,24,72
S00123911,104,28,76
S00123912,90,26,64
S00123913,93,23,70
S00123914,125,31,94
S00123915,119,41,78
S00123916,55,21,34
S00123917,108,29,79
S00123918,67,17,50
S00123919,110,28,82
S00123920,93,28,65
S00123921,63,25,38
S00123922,51,6,45
S00123923,52,46,6
S00123924,116,39,77
S00123925,69,40,29
S00123926,154,15,139
S00123927,141,17,124
S00123928,87,7,80
S00123929,171,11,160
S00123930,138,33,105
S00123931,167,40,127
S00123932,116,34,82
S00123933,73,22,51
S00123934,130,25,105
S00123935,84,30,54
S00123936,111,25,86
S00123937,127,36,91
S00123938,105,23,82
S00123939,178,35,143
S00123940,135,44,91
S00123941,183,43,140
S00123942,161,27,134
S00123943,81,36,45
S00123944,99,17,82
S00123945,112,25,87
S00123946,129,39,90
S00123947,149,38,111
S00123948,178,37,141
S00123949,159,31,128
S00123950,98,12,86
S00123951,108,21,87
S00123952,115,28,87
S00123953,132,40,92
S00123954,140,13,127
S00123955,123,29,94
S00123956,69,16,53
S00123957,117,27,90
S00123958,137,25,112
S00123959,127,30,97
S00123960,174,55,119
S00123961,157,34,123
S00123962,131,21,110
S00123963,115,27,88
S00123964,134,27,107
S00123965,79,17,62
S00123966,101,26,75
S00123967,95,37,58
S00123968,119,37,82
S00123969,106,32,74
S00123970,151,36,115
S00123971,141,38,103
S00123972,73,17,56
S00123973,171,40,131
S00123974,126,41,85
S00123975,108,20,88
S00123976,96,25,71
S00123977,105,20,85
S00123978,273,160,113
S00123979,161,45,116
S00123980,114,25,89
S00123981,127,23,104
S00123982,115,25,90
S00123983,167,34,133
S00123984,145,33,112
S00123985,189,39,150
S00123986,134,37,97
S00123987,190,46,144
S00123988,103,22,81
S00123989,137,27,110
S00123990,108,23,85
S00123991,139,36,103
S00123992,125,43,82
S00123993,60,23,37
S00123994,67,31,36
S00123995,136,24,112
S00123996,69,29,40
S00123997,66,23,43
S00123998,137,17,120
S00123999,130,33,97
S00124000,116,23,93
S00124001,128,26,102
S00124002,138,37,101
S00124003,89,28,61
S00124004,143,13,130
S00124005,232,23,209
S00124006,88,28,60
S00124007,108,20,88
S00124008,67,21,46
S00124009,85,24,61
S00124010,138,40,98
S00124011,80,31,49
S00124012,109,34,75
S00124013,100,30,70
S00124014,84,11,73
S00124015,104,28,76
S00124016,138,37,101
S00124017,116,15,101
S00124018,131,31,100
S00124019,117,16,101
S00124020,182,26,156
S00124021,115,29,86
S00124022,127,31,96
S00124023,105,31,74
S00124024,144,32,112
S00124025,126,28,98
S00124026,114,33,81
S00124027,163,38,125
S00124028,175,42,133
S00124029,85,4,81
S00124030,88,21,67
S00124031,102,35,67
S00124032,74,24,50
S00124033,70,29,41
S00124034,80,42,38
S00124035,130,35,95
S00124036,120,45,75
S00124037,132,51,81
S00124038,93,44,49
S00124039,113,47,66
S00124040,85,16,69
S00124041,97,36,61
S00124042,79,15,64
S00124043,65,28,37
S00124044,129,27,102
S00124045,96,30,66
S00124046,90,24,66
S00124047,84,32,52
S00124048,103,34,69
S00124049,72,27,45
S00124050,115,28,87
S00124051,116,34,82
S00124052,117,22,95
S00124053,99,19,80
S00124054,80,16,64
S00124055,105,18,87
S00124056,88,27,61
S00124057,93,24,69
S00124058,89,27,62
S00124059,105,29,76
S00124060,113,12,101
S00124061,97,29,68
S00124062,84,8,76
S00124063,80,22,58
S00124064,158,46,112
S00124065,91,21,70
S00124066,61,20,41
S00124067,90,30,60
S00124068,55,12,43
S00124069,168,29,139
S00124070,58,18,40
S00124071,149,35,114
S00124072,155,26,129
S00124073,151,42,109
S00124074,114,27,87
S00124075,142,34,108
S00124076,143,30,113
S00124077,91,19,72
S00124078,165,32,133
S00124079,69,23,46
S00124080,62,28,34
S00124081,98,54,44
S00124082,136,26,110
S00124083,118,34,84
S00124084,83,25,58
S00124085,67,14,53
S00124086,126,11,115
S00124087,149,18,131
S00124088,77,13,64
S00124089,107,31,76
S00124090,80,22,58
S00124091,81,15,66
S00124092,161,32,129
S00124093,75,28,47
S00124094,76,32,44
S00124095,79,19,60
S00124096,89,16,73
S00124097,68,22,46
S00124098,101,12,89
S00124099,121,20,101
S00124100,71,19,52
S00124101,108,30,78
S00124102,174,33,141
S00124103,117,25,92
S00124104,57,15,42
S00124105,105,27,78
S00124106,165,16,149
S00124107,106,27,79
S00124108,66,10,56
S00124109,118,31,87
S00124110,129,25,104
S00124111,125,23,102
S00124112,109,14,95
S00124113,98,12,86
S00124114,130,12,118
S00124115,142,14,128
S00124116,105,18,87
S00124117,171,19,152
S00124118,100,15,85
S00124119,105,12,93
S00124120,104,19,85
S00124121,117,18,99
S00124122,111,22,89
S00124123,133,20,113
S00124124,169,30,139
S00124125,87,13,74
S00124126,122,12,110
S00124127,154,28,126
S00124128,104,19,85
S00124129,152,8,144
S00124130,115,11,104
S00124131,103,19,84
S00124132,119,22,97
S00124133,114,26,88
S00124134,111,22,89
S00124135,116,23,93
S00124136,68,12,56
S00124137,50,11,39
S00124138,89,24,65
S00124139,98,13,85
S00124140,88,20,68
S00124141,85,29,56
S00124142,119,54,65
S00124143,83,10,73
S00124144,128,38,90
S00124145,103,19,84
S00124146,122,22,100
S00124147,170,42,128
S00124148,117,29,88
S00124149,200,56,144
S00124150,165,47,118
S00124151,121,41,80
S00124152,127,35,92
S00124153,113,30,83
S00124154,182,46,136
S00124155,123,31,92
S00124156,120,24,96
S00124157,111,28,83
S00124158,113,16,97
S00124159,147,44,103
S00124160,95,39,56
S00124161,102,12,90
S00124162,146,3,143
S00124163,135,12,123
S00124164,165,51,114
S00124165,72,44,28
S00124166,88,23,65
S00124167,219,24,195
S00124168,153,37,116
S00124169,118,22,96
S00124170,121,28,93
S00124171,128,27,101
S00124172,90,41,49
S00124173,96,33,63
S00124174,128,25,103
S00124175,182,49,133
S00124176,149,28,121
S00124177,118,37,81
S00124178,127,29,98
S00124179,95,31,64
S00124180,94,17,77
S00124181,189,35,154
S00124182,152,21,131
S00124183,108,20,88
S00124184,149,28,121
S00124185,94,22,72
S00124186,75,32,43
S00124187,85,13,72
S00124188,87,24,63
S00124189,114,22,92
S00124190,108,30,78
S00124191,106,21,85
S00124192,78,25,53
S00124193,68,26,42
S00124194,68,24,44
S00124195,139,15,124
S00124196,106,21,85
S00124197,122,39,83
S00124198,160,35,125
S00124199,127,19,108
S00124200,193,23,170
S00124201,128,26,102
S00124202,84,32,52
S00124203,102,19,83
S00124204,133,33,100
S00124205,78,23,55
S00124206,111,34,77
S00124207,219,48,171
S00124208,177,38,139
S00124209,183,62,121
S00124210,176,48,128
S00124211,175,26,149
S00124212,164,30,134
S00124213,87,22,65
S00124214,156,51,105
S00124215,108,33,75
S00124216,93,36,57
S00124217,91,30,61
S00124218,104,19,85
S00124219,84,10,74
S00124220,86,20,66
S00124221,91,28,63
S00124222,98,39,59
S00124223,116,34,82
S00124224,138,28,110
S00124225,122,36,86
S00124226,81,9,72
S00124227,146,28,118
S00124228,151,35,116
S00124229,151,28,123
S00124230,159,29,130
S00124231,144,29,115
S00124232,149,10,139
S00124233,168,9,159
S00124234,96,6,90
S00124235,92,23,69
S00124236,117,28,89
S00124237,81,23,58
S00124238,113,34,79
S00124239,115,25,90
S00124240,148,33,115
S00124241,109,18,91
S00124242,143,30,113
S00124243,144,24,120
S00124244,189,38,151
S00124245,137,43,94
S00124246,105,22,83
S00124247,132,30,102
S00124248,122,25,97
S00124249,141,33,108
S00124250,100,23,77
S00124251,101,25,76
S00124252,123,28,95
S00124253,116,31,85
S00124254,68,33,35
S00124255,158,32,126
S00124256,174,34,140
S00124257,173,52,121
S00124258,157,27,130
S00124259,110,20,90
S00124260,115,22,93
S00124261,82,15,67
S00124262,134,31,103
S00124263,191,44,147
S00124264,139,28,111
S00124265,161,38,123
S00124266,146,14,132
S00124267,125,18,107
S00124268,177,60,117
S00124269,54,17,37
S00124270,66,14,52
S00124271,143,42,101
S00124272,125,33,92
S00124273,147,39,108
S00124274,127,46,81
S00124275,145,28,117
S00124276,78,32,46
S00124277,87,27,60
S00124278,102,33,69
S00124279,112,34,78
S00124280,82,21,61
S00124281,135,36,99
S00124282,69,15,54
S00124283,59,11,48
S00124284,89,30,59
S00124285,87,31,56
S00124286,61,26,35
S00124287,137,20,117
S00124288,81,17,64
S00124289,112,33,79
S00124290,127,47,80
S00124291,171,35,136
S00124292,119,32,87
S00124293,151,32,119
S00124294,131,34,97
S00124295,145,45,100
S00124296,98,20,78
S00124297,112,25,87
S00124298,142,30,112
S00124299,102,26,76
S00124300,102,23,79
S00124301,128,28,100
S00124302,75,24,51
S00124303,89,36,53
S00124304,171,44,127
S00124305,120,35,85
S00124306,112,29,83
S00124307,103,27,76
S00124308,145,41,104
S00124309,125,32,93
S00124310,77,20,57
S00124311,102,37,65
S00124312,55,17,38
S00124313,271,34,237
S00124314,64,17,47
S00124315,147,40,107
S00124316,123,21,102
S00124317,116,30,86
S00124318,124,38,86
S00124319,130,25,105
S00124320,114,22,92
S00124321,165,27,138
S00124322,119,35,84
S00124323,126,29,97
S00124324,85,27,58
S00124325,118,36,82
S00124326,108,31,77
S00124327,117,33,84
S00124328,110,27,83
S00124329,116,23,93
S00124330,112,34,78
S00124331,119,26,93
S00124332,100,26,74
S00124333,117,21,96
S00124334,128,28,100
S00124335,126,26,100
S00124336,136,20,116
S00124337,123,22,101
S00124338,98,22,76
S00124339,142,18,124
S00124340,120,36,84
S00124341,110,18,92
S00124342,179,40,139
S00124343,159,52,107
S00124344,118,26,92
S00124345,115,16,99
S00124346,132,19,113
S00124347,78,23,55
S00124348,163,43,120
S00124349,193,32,161
S00124350,162,29,133
S00124351,119,25,94
S00124352,127,25,102
S00124353,182,22,160
S00124354,127,21,106
S00124355,121,7,114
S00124356,93,21,72
S00124357,131,17,114
S00124358,128,14,114
S00124359,101,16,85
S00124360,53,14,39
S00124361,91,15,76
S00124362,110,29,81
S00124363,114,29,85
S00124364,88,9,79
S00124365,82,21,61
S00124366,111,22,89
S00124367,125,32,93
S00124368,94,22,72
S00124369,113,20,93
S00124370,183,27,156
S00124371,67,17,50
S00124372,86,17,69
S00124373,152,16,136
S00124374,149,15,134
S00124375,173,21,152
S00124376,138,23,115
S00124377,116,18,98
S00124378,121,10,111
S00124379,123,60,63
S00124380,122,39,83
S00124381,79,22,57
S00124382,144,24,120
S00124383,136,30,106
S00124384,99,25,74
S00124385,70,32,38
S00124386,104,29,75
S00124387,70,32,38
S00124388,81,20,61
S00124389,109,31,78
S00124390,79,27,52
S00124391,120,10,110
S00124392,138,18,120
S00124393,162,22,140
S00124394,60,11,49
S00124395,103,47,56
S00124396,52,21,31
S00124397,89,38,51
S00124398,153,54,99
S00124399,118,48,70
S00124400,153,23,130
S00124401,125,26,99
S00124402,72,38,34
S00124403,69,31,38
S00124404,75,27,48
S00124405,184,39,145
S00124406,71,25,46
S00124407,105,31,74
S00124408,93,29,64
S00124409,125,29,96
S00124410,176,47,129
S00124411,153,48,105
S00124412,95,13,82
S00124413,97,30,67
S00124414,134,34,100
S00124415,98,26,72
S00124416,98,30,68
S00124417,154,27,127
S00124418,87,22,65
S00124419,193,38,155
S00124420,214,80,134
S00124421,112,30,82
S00124422,136,24,112
S00124423,88,33,55
S00124424,71,25,46
S00124425,118,21,97
S00124426,147,47,100
S00124427,113,22,91
S00124428,144,36,108
S00124429,89,21,68
S00124430,159,19,140
S00124431,66,17,49
S00124432,72,13,59
S00124433,77,22,55
S00124434,118,43,75
S00124435,93,28,65
S00124436,90,27,63
S00124437,101,32,69
S00124438,100,23,77
S00124439,135,35,100
S00124440,112,40,72
S00124441,84,14,70
S00124442,80,16,64
S00124443,114,20,94
S00124444,74,18,56
S00124445,99,23,76
S00124446,99,23,76
S00124447,96,25,71
S00124448,94,24,70
S00124449,157,36,121
S00124450,100,25,75
S00124451,106,22,84
S00124452,79,28,51
S00124453,113,62,51
S00124454,147,39,108
S00124455,109,26,83
S00124456,90,15,75
S00124457,101,26,75
S00124458,98,28,70
S00124459,140,33,107
S00124460,105,21,84
S00124461,85,25,60
S00124462,99,22,77
S00124463,120,32,88
S00124464,131,33,98
S00124465,156,25,131
S00124466,96,22,74
S00124467,77,26,51
S00124468,132,46,86
S00124469,67,21,46
S00124470,174,41,133
S00124471,128,63,65
S00124472,66,28,38
S00124473,107,25,82
S00124474,100,39,61
S00124475,87,37,50
S00124476,56,13,43
S00124477,69,18,51
S00124478,113,22,91
S00124479,198,57,141
S00124480,134,22,112
S00124481,109,27,82
S00124482,84,18,66
S00124483,93,29,64
S00124484,105,21,84
S00124485,158,34,124
S00124486,152,62,90
S00124487,108,33,75
S00124488,123,31,92
S00124489,104,34,70
S00124490,58,9,49
S00124491,134,28,106
S00124492,102,30,72
S00124493,95,13,82
S00124494,109,14,95
S00124495,139,25,114
S00124496,122,25,97
S00124497,137,22,115
S00124498,126,40,86
S00124499,63,20,43
S00124500,104,31,73
S00124501,149,32,117
S00124502,124,43,81
S00124503,140,32,108
S00124504,78,2,76
S00124505,92,24,68
S00124506,141,38,103
S00124507,113,23,90
S00124508,75,40,35
S00124509,131,13,118
S00124510,106,18,88
S00124511,117,14,103
S00124512,193,18,175
S00124513,105,28,77
S00124514,145,15,130
S00124515,109,26,83
S00124516,68,17,51
S00124517,88,25,63
S00124518,171,25,146
S00124519,165,40,125
S00124520,130,27,103
S00124521,111,28,83
S00124522,107,36,71
S00124523,72,21,51
S00124524,138,12,126
S00124525,143,42,101
S00124526,118,33,85
S00124527,87,29,58
S00124528,93,27,66
S00124529,91,25,66
S00124530,79,20,59
S00124531,161,34,127
S00124532,109,22,87
S00124533,110,22,88
S00124534,176,37,139
S00124535,128,29,99
S00124536,124,25,99
S00124537,116,28,88
S00124538,95,16,79
S00124539,138,36,102
S00124540,117,33,84
S00124541,129,26,103
S00124542,87,31,56
S00124543,124,19,105
S00124544,107,27,80
S00124545,103,26,77
S00124546,114,24,90
S00124547,68,17,51
S00124548,120,34,86
S00124549,110,37,73
S00124550,72,29,43
S00124551,140,37,103
S00124552,176,100,76
S00124553,142,31,111
S00124554,124,38,86
S00124555,143,8,135
S00124556,136,58,78
S00124557,111,36,75
S00124558,119,32,87
S00124559,175,44,131
S00124560,177,18,159
S00124561,106,25,81
S00124562,159,10,149
S00124563,87,23,64
S00124564,81,16,65
S00124565,60,30,30
S00124566,79,13,66
S00124567,86,44,42
S00124568,108,25,83
S00124569,124,35,89
S00124570,100,31,69
S00124571,151,37,114
S00124572,151,26,125
S00124573,101,26,75
S00124574,144,37,107
S00124575,132,24,108
S00124576,159,31,128
S00124577,174,42,132
S00124578,143,41,102
S00124579,94,29,65
S00124580,108,29,79
S00124581,115,24,91
S00124582,58,21,37
S00124583,52,23,29
S00124584,135,43,92
S00124585,160,38,122
S00124586,116,30,86
S00124587,67,16,51
S00124588,127,29,98
S00124589,140,21,119
S00124590,87,32,55
S00124591,79,13,66
S00124592,131,31,100
S00124593,82,16,66
S00124594,109,14,95
S00124595,124,31,93
S00124596,139,34,105
S00124597,126,24,102
S00124598,87,23,64
S00124599,117,27,90
S00124600,131,26,105
S00124601,119,29,90
S00124602,129,30,99
S00124603,99,28,71
S00124604,125,52,73
S00124605,108,12,96
S00124606,160,41,119
S00124607,132,35,97
S00124608,59,22,37
S00124609,105,40,65
S00124610,179,35,144
S00124611,144,41,103
S00124612,65,29,36
S00124613,89,16,73
S00124614,163,33,130
S00124615,149,29,120
S00124616,102,19,83
S00124617,68,11,57
S00124618,177,30,147
S00124619,115,20,95
S00124620,132,34,98
S00124621,116,18,98
S00124622,86,23,63
S00124623,104,32,72
S00124624,152,20,132
S00124625,111,37,74
S00124626,83,32,51
S00124627,103,27,76
S00124628,139,53,86
S00124629,119,25,94
S00124630,91,18,73
S00124631,182,30,152
S00124632,96,27,69
S00124633,142,23,119
S00124634,122,19,103
S00124635,121,36,85
S00124636,101,24,77
S00124637,63,11,52
S00124638,201,31,170
S00124639,107,31,76
S00124640,113,27,86
S00124641,85,19,66
S00124642,62,13,49
S00124643,76,20,56
S00124644,89,28,61
S00124645,137,46,91
S00124646,90,18,72
S00124647,117,27,90
S00124648,150,37,113
S00124649,150,43,107
S00124650,80,21,59
S00124651,107,17,90
S00124652,69,24,45
S00124653,78,20,58
S00124654,104,26,78
S00124655,107,35,72
S00124656,78,14,64
S00124657,111,23,88
S00124658,172,37,135
S00124659,88,19,69
S00124660,154,22,132
S00124661,139,26,113
S00124662,92,24,68
S00124663,120,37,83
S00124664,140,36,104
S00124665,162,45,117
S00124666,206,46,160
S00124667,158,43,115
S00124668,94,30,64
S00124669,123,48,75
S00124670,90,35,55
S00124671,130,23,107
S00124672,200,21,179
S00124673,90,23,67
S00124674,156,45,111
S00124675,138,39,99
S00124676,154,50,104
S00124677,108,19,89
S00124678,78,16,62
S00124679,118,37,81
S00124680,87,34,53
S00124681,93,35,58
S00124682,149,45,104
S00124683,85,33,52
S00124684,160,41,119
S00124685,104,35,69
S00124686,115,36,79
S00124687,150,42,108
S00124688,121,31,90
S00124689,67,20,47
S00124690,109,34,75
S00124691,171,54,117
S00124692,128,39,89
S00124693,146,28,118
S00124694,51,8,43
S00124695,79,23,56
S00124696,109,24,85
S00124697,118,36,82
S00124698,122,28,94
S00124699,156,45,111
S00124700,139,35,104
S00124701,142,45,97
S00124702,155,34,121
S00124703,140,28,112
S00124704,138,50,88
S00124705,138,40,98
S00124706,95,25,70
S00124707,93,29,64
S00124708,128,29,99
S00124709,158,50,108
S00124710,71,9,62
S00124711,179,47,132
S00124712,154,38,116
S00124713,175,27,148
S00124714,139,16,123
S00124715,123,20,103
S00124716,147,34,113
S00124717,110,13,97
S00124718,176,33,143
S00124719,147,14,133
S00124720,151,30,121
S00124721,140,52,88
S00124722,159,36,123
S00124723,145,41,104
S00124724,112,17,95
S00124725,81,23,58
S00124726,234,30,204
S00124727,108,31,77
S00124728,115,40,75
S00124729,165,41,124
S00124730,144,35,109
S00124731,215,52,163
S00124732,159,42,117
S00124733,94,43,51
S00124734,198,44,154
S00124735,141,48,93
S00124736,152,36,116
S00124737,92,18,74
S00124738,84,35,49
S00124739,104,29,75
S00124740,126,25,101
S00124741,184,44,140
S00124742,118,32,86
S00124743,159,38,121
S00124744,153,26,127
S00124745,140,32,108
S00124746,136,13,123
S00124747,118,25,93
S00124748,91,16,75
S00124749,147,24,123
S00124750,119,26,93
S00124751,144,12,132
S00124752,106,18,88
S00124753,83,29,54
S00124754,66,9,57
S00124755,98,17,81
S00124756,129,25,104
S00124757,103,26,77
S00124758,142,35,107
S00124759,131,27,104
S00124760,97,22,75
S00124761,94,24,70
S00124762,83,43,40
S00124763,91,27,64
S00124764,59,24,35
S00124765,63,19,44
S00124766,92,17,75
S00124767,89,28,61
S00124768,108,35,73
S00124769,82,26,56
S00124770,177,33,144
S00124771,84,19,65
S00124772,79,29,50
S00124773,131,23,108
S00124774,60,23,37
S00124775,63,28,35
S00124776,79,23,56
S00124777,53,12,41
S00124778,64,19,45
S00124779,70,22,48
S00124780,195,64,131
S00124781,58,26,32
S00124782,122,35,87
S00124783,54,11,43
S00124784,116,22,94
S00124785,145,30,115
S00124786,105,21,84
S00124787,144,41,103
S00124788,122,24,98
S00124789,61,18,43
S00124790,101,22,79
S00124791,149,37,112
S00124792,128,33,95
S00124793,119,30,89
S00124794,98,30,68
S00124795,133,27,106
S00124796,101,21,80
S00124797,191,35,156
S00124798,152,32,120
S00124799,55,11,44
S00124800,97,19,78
S00124801,72,8,64
S00124802,74,12,62
S00124803,158,15,143
S00124804,93,12,81
S00124805,102,5,97
S00124806,122,37,85
S00124807,68,11,57
S00124808,211,40,171
S00124809,202,36,166
S00124810,185,23,162
S00124811,143,32,111
S00124812,98,17,81
S00124813,105,19,86
S00124814,122,18,104
S00124815,102,24,78
S00124816,91,29,62
S00124817,160,35,125
S00124818,59,16,43
S00124819,108,13,95
S00124820,120,19,101
S00124821,127,30,97
S00124822,99,9,90
S00124823,135,25,110
S00124824,78,12,66
S00124825,69,13,56
S00124826,143,22,121
S00124827,118,23,95
S00124828,74,25,49
S00124829,125,16,109
S00124830,130,14,116
S00124831,108,24,84
S00124832,99,22,77
S00124833,92,25,67
S00124834,104,29,75
S00124835,95,22,73
S00124836,91,17,74
S00124837,144,43,101
S00124838,169,33,136
S00124839,62,17,45
S00124840,97,31,66
S00124841,141,19,122
S00124842,84,20,64
S00124843,157,27,130
S00124844,86,27,59
S00124845,104,17,87
S00124846,111,16,95
S00124847,82,15,67
S00124848,126,27,99
S00124849,129,20,109
S00124850,155,31,124
S00124851,68,18,50
S00124852,81,25,56
S00124853,176,74,102
S00124854,141,17,124
S00124855,82,14,68
S00124856,126,23,103
S00124857,156,25,131
S00124858,170,45,125
S00124859,83,22,61
S00124860,88,24,64
S00124861,99,30,69
S00124862,86,20,66
S00124863,68,14,54
S00124864,126,25,101
S00124865,96,17,79
S00124866,164,40,124
S00124867,82,9,73
S00124868,192,40,152
S00124869,194,41,153
S00124870,123,26,97
S00124871,135,25,110
S00124872,116,25,91
S00124873,111,26,85
S00124874,91,13,78
S00124875,87,17,70
S00124876,158,29,129
S00124877,181,53,128
S00124878,100,17,83
S00124879,69,42,27
S00124880,198,22,176
S00124881,142,38,104
S00124882,192,40,152
S00124883,178,41,137
S00124884,205,36,169
S00124885,104,38,66
S00124886,124,23,101
S00124887,146,35,111
S00124888,140,32,108
S00124889,238,41,197
S00124890,159,33,126
S00124891,163,18,145
S00124892,151,30,121
S00124893,125,16,109
S00124894,122,21,101
S00124895,128,31,97
S00124896,134,27,107
S00124897,114,7,107
S00124898,152,16,136
S00124899,154,19,135
S00124900,137,21,116
S00124901,94,14,80
S00124902,86,17,69
S00124903,152,30,122
S00124904,182,23,159
S00124905,107,18,89
S00124906,68,10,58
S00124907,128,25,103
S00124908,159,43,116
S00124909,131,34,97
S00124910,164,39,125
S00124911,146,32,114
S00124912,160,25,135
S00124913,76,16,60
S00124914,137,32,105
S00124915,61,14,47
S00124916,108,27,81
S00124917,126,17,109
S00124918,109,25,84
S00124919,168,27,141
S00124920,114,27,87
S00124921,112,33,79
S00124922,84,28,56
S00124923,129,8,121
S00124924,211,36,175
S00124925,104,17,87
S00124926,146,28,118
S00124927,133,28,105
S00124928,146,29,117
S00124929,122,30,92
S00124930,90,15,75
S00124931,113,28,85
S00124932,110,17,93
S00124933,130,44,86
S00124934,141,27,114
S00124935,107,22,85
S00124936,122,21,101
S00124937,75,20,55
S00124938,196,71,125
S00124939,138,40,98
S00124940,101,27,74
S00124941,127,33,94
S00124942,111,25,86
S00124943,132,20,112
S00124944,166,46,120
S00124945,126,37,89
S00124946,121,19,102
S00124947,112,32,80
S00124948,65,10,55
S00124949,71,12,59
S00124950,144,40,104
S00124951,126,11,115
S00124952,130,18,112
S00124953,105,26,79
S00124954,158,14,144
S00124955,140,28,112
S00124956,126,13,113
S00124957,143,34,109
S00124958,130,30,100
S00124959,91,7,84
S00124960,104,18,86
S00124961,165,24,141
S00124962,165,24,141
S00124963,114,53,61
S00124964,175,29,146
S00124965,150,30,120
S00124966,177,27,150
S00124967,148,32,116
S00124968,119,20,99
S00124969,144,26,118
S00124970,159,30,129
S00124971,159,35,124
S00124972,148,34,114
S00124973,110,22,88
S00124974,103,21,82
S00124975,87,19,68
S00124976,107,6,101
S00124977,239,83,156
S00124978,123,18,105
S00124979,147,24,123
S00124980,115,30,85
S00124981,151,39,112
S00124982,98,27,71
S00124983,98,24,74
S00124984,85,28,57
S00124985,142,38,104
S00124986,127,32,95
S00124987,94,29,65
S00124988,150,30,120
S00124989,112,37,75
S00124990,164,48,116
S00124991,161,27,134
S00124992,118,36,82
S00124993,197,40,157
S00124994,152,42,110
S00124995,97,15,82
S00124996,165,38,127
S00124997,182,48,134
S00124998,106,20,86
S00124999,108,25,83
S00125000,119,18,101
S00125001,142,40,102
S00125002,217,19,198
S00125003,102,36,66
S00125004,103,33,70
S00125005,179,15,164
S00125006,119,14,105
S00125007,86,11,75
S00125008,135,7,128
S00125009,101,27,74
S00125010,103,17,86
S00125011,149,17,132
S00125012,187,36,151
S00125013,208,39,169
S00125014,128,25,103
S00125015,135,24,111
S00125016,111,26,85
S00125017,78,21,57
S00125018,115,15,100
S00125019,109,24,85
S00125020,174,30,144
S00125021,128,21,107
S00125022,141,13,128
S00125023,160,29,131
S00125024,110,32,78
S00125025,135,38,97
S00125026,140,30,110
S00125027,170,28,142
S00125028,108,13,95
S00125029,94,16,78
S00125030,73,10,63
S00125031,156,43,113
S00125032,129,45,84
S00125033,126,27,99
S00125034,193,47,146
S00125035,117,16,101
S00125036,129,22,107
S00125037,85,14,71
S00125038,119,32,87
S00125039,181,29,152
S00125040,158,37,121
S00125041,184,37,147
S00125042,182,23,159
S00125043,99,18,81
S00125044,162,34,128
S00125045,166,38,128
S00125046,75,21,54
S00125047,147,43,104
S00125048,105,14,91
S00125049,108,18,90
S00125050,168,25,143
S00125051,82,34,48
S00125052,137,42,95
S00125053,98,34,64
S00125054,88,28,60
S00125055,89,17,72
S00125056,141,21,120
S00125057,76,16,60
S00125058,117,26,91
S00125059,112,20,92
S00125060,110,18,92
S00125061,94,32,62
S00125062,116,29,87
S00125063,69,39,30
S00125064,87,37,50
S00125065,54,23,31
S00125066,75,26,49
S00125067,102,36,66
S00125068,71,31,40
S00125069,63,18,45
S00125070,95,28,67
S00125071,112,27,85
S00125072,79,17,62
S00125073,121,29,92
S00125074,121,30,91
S00125075,132,20,112
S00125076,97,20,77
S00125077,122,37,85
S00125078,101,25,76
S00125079,202,51,151
S00125080,137,34,103
S00125081,99,20,79
S00125082,64,7,57
S00125083,96,32,64
S00125084,51,37,14
S00125085,159,31,128
S00125086,138,26,112
S00125087,86,22,64
S00125088,96,25,71
S00125089,83,35,48
S00125090,156,46,110
S00125091,80,24,56
S00125092,72,19,53
S00125093,72,12,60
S00125094,196,37,159
S00125095,73,27,46
S00125096,111,28,83
S00125097,79,26,53
S00125098,83,24,59
S00125099,185,11,174
S00125100,179,26,153
S00125101,103,9,94
S00125102,87,7,80
S00125103,96,53,43
S00125104,54,21,33
S00125105,70,14,56
S00125106,81,10,71
S00125107,135,18,117
S00125108,87,9,78
S00125109,153,31,122
S00125110,119,12,107
S00125111,99,31,68
S00125112,195,26,169
S00125113,59,4,55
S00125114,98,9,89
S00125115,83,13,70
S00125116,74,17,57
S00125117,109,24,85
S00125118,103,27,76
S00125119,99,12,87
S00125120,69,16,53
S00125121,57,7,50
S00125122,101,33,68
S00125123,68,22,46
S00125124,57,19,38
S00125125,50,13,37
S00125126,104,21,83
S00125127,77,22,55
S00125128,642,120,522
S00125129,207,40,167
S00125130,92,20,72
S00125131,57,24,33
S00125132,144,33,111
S00125133,57,11,46
S00125134,106,33,73
S00125135,131,32,99
S00125136,122,10,112
S00125137,74,14,60
S00125138,89,11,78
S00125139,105,11,94
S00125140,98,27,71
S00125141,87,19,68
S00125142,173,85,88
S00125143,119,16,103
S00125144,67,26,41
S00125145,135,22,113
S00125146,102,12,90
S00125147,189,14,175
S00125148,76,18,58
S00125149,70,27,43
S00125150,62,10,52
S00125151,113,30,83
S00125152,89,11,78
S00125153,77,18,59
S00125154,151,72,79
S00125155,90,24,66
S00125156,83,10,73
S00125157,216,14,202
S00125158,96,22,74
S00125159,121,27,94
S00125160,96,34,62
S00125161,62,37,25
S00125162,158,17,141
S00125163,153,14,139
S00125164,119,20,99
S00125165,127,26,101
S00125166,89,34,55
S00125167,98,29,69
S00125168,77,20,57
S00125169,105,22,83
S00125170,61,13,48
S00125171,122,33,89
S00125172,141,25,116
S00125173,205,33,172
S00125174,175,35,140
S00125175,94,11,83
S00125176,85,28,57
S00125177,72,9,63
S00125178,78,23,55
S00125179,144,30,114
S00125180,108,32,76
S00125181,78,19,59
S00125182,67,16,51
S00125183,88,8,80
S00125184,68,13,55
S00125185,67,7,60
S00125186,59,12,47
S00125187,144,24,120
S00125188,124,14,110
S00125189,206,31,175
S00125190,62,21,41
S00125191,104,25,79
S00125192,128,20,108
S00125193,116,26,90
S00125194,120,16,104
S00125195,76,15,61
S00125196,78,21,57
S00125197,83,18,65
S00125198,122,23,99
S00125199,80,9,71
S00125200,102,16,86
S00125201,78,21,57
S00125202,66,12,54
S00125203,107,26,81
S00125204,75,29,46
S00125205,68,15,53
S00125206,67,10,57
S00125207,153,28,125
S00125208,109,21,88
S00125209,143,7,136
S00125210,139,20,119
S00125211,133,10,123
S00125212,110,20,90
S00125213,87,33,54
S00125214,76,22,54
S00125215,183,17,166
S00125216,112,10,102
S00125217,163,11,152
S00125218,158,31,127
S00125219,158,14,144
S00125220,194,6,188
S00125221,69,8,61
S00125222,85,46,39
S00125223,97,21,76
S00125224,81,15,66
S00125225,73,9,64
S00125226,111,16,95
S00125227,102,24,78
S00125228,191,21,170
S00125229,166,6,160
S00125230,103,16,87
S00125231,163,16,147
S00125232,126,21,105
S00125233,119,13,106
S00125234,137,24,113
S00125235,55,13,42
S00125236,54,16,38
S00125237,72,31,41
S00125238,82,12,70
S00125239,73,13,60
S00125240,74,15,59
S00125241,179,29,150
S00125242,103,28,75
S00125243,106,33,73
S00125244,69,13,56
S00125245,88,21,67
S00125246,224,36,188
S00125247,81,19,62
S00125248,128,22,106
S00125249,84,26,58
S00125250,182,43,139
S00125251,78,13,65
S00125252,124,55,69
S00125253,150,22,128
S00125254,140,13,127
S00125255,87,2,85
S00125256,93,17,76
S00125257,116,35,81
S00125258,257,102,155
S00125259,123,18,105
S00125260,194,23,171
S00125261,224,29,195
S00125262,120,10,110
S00125263,103,49,54
S00125264,130,22,108
S00125265,87,23,64
S00125266,74,14,60
S00125267,102,11,91
S00125268,134,44,90
S00125269,96,19,77
S00125270,105,32,73
S00125271,94,12,82
S00125272,64,20,44
S00125273,112,16,96
S00125274,98,36,62
S00125275,57,14,43
S00125276,66,10,56
S00125277,153,34,119
S00125278,92,19,73
S00125279,166,26,140
S00125280,113,35,78
S00125281,65,11,54
S00125282,63,12,51
S00125283,116,31,85
S00125284,66,46,20
S00125285,68,13,55
S00125286,56,12,44
S00125287,144,17,127
S00125288,87,18,69
S00125289,146,28,118
S00125290,107,15,92
S00125291,156,35,121
S00125292,101,20,81
S00125293,130,22,108
S00125294,114,48,66
S00125295,60,30,30
S00125296,61,18,43
S00125297,111,29,82
S00125298,57,12,45
S00125299,88,34,54
S00125300,85,25,60
S00125301,80,13,67
S00125302,125,26,99
S00125303,60,25,35
S00125304,64,30,34
S00125305,76,25,51
S00125306,80,25,55
S00125307,71,22,49
S00125308,72,18,54
S00125309,63,19,44
S00125310,70,18,52
S00125311,103,24,79
S00125312,68,18,50
S00125313,72,30,42
S00125314,65,19,46
S00125315,85,26,59
S00125316,65,14,51
S00125317,77,21,56
S00125318,64,14,50
S00125319,65,18,47
S00125320,78,22,56
S00125321,80,18,62
S00125322,70,20,50
S00125323,85,31,54
S00125324,80,17,63
S00125325,81,28,53
S00125326,63,20,43
S00125327,83,24,59
S00125328,55,13,42
S00125329,166,48,118
S00125330,96,31,65
S00125331,50,18,32
S00125332,110,29,81
S00125333,54,17,37
S00125334,144,35,109
S00125335,132,25,107
S00125336,53,11,42
S00125337,102,29,73
S00125338,81,9,72
S00125339,74,10,64
S00125340,176,28,148
S00125341,84,13,71
S00125342,127,44,83
S00125343,102,12,90
S00125344,127,10,117
S00125345,125,27,98
S00125346,74,20,54
S00125347,96,17,79
S00125348,50,11,39
S00125349,67,16,51
S00125350,89,18,71
S00125351,97,9,88
S00125352,56,7,49
S00125353,56,17,39
S00125354,119,26,93
S00125355,152,18,134
S00125356,85,10,75
S00125357,129,30,99
S00125358,96,14,82
S00125359,146,33,113
S00125360,63,19,44
S00125361,79,12,67
S00125362,99,21,78
S00125363,65,8,57
S00125364,202,29,173
S00125365,166,28,138
S00125366,54,16,38
S00125367,149,27,122
S00125368,77,16,61
S00125369,114,23,91
S00125370,138,39,99
S00125371,139,32,107
S00125372,96,23,73
S00125373,104,3,101
S00125374,212,20,192
S00125375,251,19,232
S00125376,77,6,71
S00125377,189,24,165
S00125378,151,17,134
S00125379,188,16,172
S00125380,128,13,115
S00125381,247,22,225
S00125382,236,13,223
S00125383,197,18,179
S00125384,87,13,74
S00125385,147,29,118
S00125386,185,33,152
S00125387,214,36,178
S00125388,357,50,307
S00125389,76,9,67
S00125390,114,9,105
S00125391,115,8,107
S00125392,121,13,108
S00125393,205,13,192
S00125394,114,27,87
S00125395,87,22,65
S00125396,101,15,86
S00125397,152,23,129
S00125398,126,30,96
S00125399,119,25,94
S00125400,104,45,59
S00125401,89,25,64
S00125402,117,36,81
S00125403,92,36,56
S00125404,111,59,52
S00125405,91,18,73
S00125406,73,20,53
S00125407,123,22,101
S00125408,101,23,78
S00125409,70,14,56
S00125410,113,38,75
S00125411,111,30,81
S00125412,99,28,71
S00125413,121,21,100
S00125414,94,36,58
S00125415,202,23,179
S00125416,244,19,225
S00125417,70,8,62
S00125418,110,14,96
S00125419,141,8,133
S00125420,89,11,78
S00125421,233,36,197
S00125422,80,27,53
S00125423,150,19,131
S00125424,68,19,49
S00125425,170,26,144
S00125426,158,48,110
S00125427,184,12,172
S00125428,123,14,109
S00125429,164,21,143
S00125430,186,7,179
S00125431,74,4,70
S00125432,155,25,130
S00125433,127,10,117
S00125434,119,5,114
S00125435,144,6,138
S00125436,137,31,106
S00125437,116,14,102
S00125438,139,22,117
S00125439,154,42,112
S00125440,125,26,99
S00125441,93,13,80
S00125442,64,17,47
S00125443,88,21,67
S00125444,107,33,74
S00125445,60,25,35
S00125446,66,25,41
S00125447,101,23,78
S00125448,105,31,74
S00125449,136,23,113
S00125450,93,23,70
S00125451,64,24,40
S00125452,71,25,46
S00125453,74,20,54
S00125454,87,19,68
S00125455,133,35,98
S00125456,196,24,172
S00125457,69,26,43
S00125458,55,35,20
S00125459,84,29,55
S00125460,102,22,80
S00125461,91,11,80
S00125462,140,25,115
S00125463,133,13,120
S00125464,85,30,55
S00125465,94,23,71
S00125466,173,16,157
S00125467,51,14,37
S00125468,159,12,147
S00125469,92,16,76
S00125470,101,32,69
S00125471,80,36,44
S00125472,76,32,44
S00125473,151,48,103
S00125474,182,26,156
S00125475,98,43,55
S00125476,105,20,85
S00125477,124,18,106
S00125478,106,22,84
S00125479,85,17,68
S00125480,130,47,83
S00125481,84,17,67
S00125482,79,22,57
S00125483,85,8,77
S00125484,117,29,88
S00125485,81,21,60
S00125486,127,35,92
S00125487,82,18,64
S00125488,79,16,63
S00125489,170,39,131
S00125490,71,28,43
S00125491,70,25,45
S00125492,148,13,135
S00125493,82,15,67
S00125494,127,30,97
S00125495,106,16,90
S00125496,71,9,62
S00125497,102,22,80
S00125498,113,28,85
S00125499,67,9,58
S00125500,88,32,56
S00125501,96,18,78
S00125502,84,28,56
S00125503,109,25,84
S00125504,80,29,51
S00125505,142,18,124
S00125506,69,6,63
S00125507,188,17,171
S00125508,161,10,151
S00125509,133,7,126
S00125510,181,18,163
S00125511,208,10,198
S00125512,239,17,222
S00125513,122,14,108
S00125514,172,21,151
S00125515,136,27,109
S00125516,96,16,80
S00125517,163,15,148
S00125518,70,10,60
S00125519,270,20,250
S00125520,113,24,89
S00125521,138,39,99
S00125522,144,7,137
S00125523,74,41,33
S00125524,73,25,48
S00125525,86,18,68
S00125526,75,19,56
S00125527,79,15,64
S00125528,110,24,86
S00125529,60,14,46
S00125530,205,22,183
S00125531,214,11,203
S00125532,203,12,191
S00125533,114,10,104
S00125534,106,63,43
S00125535,80,27,53
S00125536,129,45,84
S00125537,121,29,92
S00125538,145,44,101
S00125539,133,12,121
S00125540,144,35,109
S00125541,146,50,96
S00125542,210,9,201
S00125543,104,30,74
S00125544,201,16,185
S00125545,82,18,64
S00125546,123,20,103
S00125547,165,27,138
S00125548,99,37,62
S00125549,151,18,133
S00125550,90,8,82
S00125551,171,14,157
S00125552,92,9,83
S00125553,57,10,47
S00125554,202,26,176
S00125555,74,33,41
S00125556,111,35,76
S00125557,104,20,84
S00125558,91,25,66
S00125559,107,20,87
S00125560,77,21,56
S00125561,93,13,80
S00125562,85,36,49
S00125563,105,17,88
S00125564,61,35,26
S00125565,82,47,35
S00125566,124,12,112
S00125567,231,15,216
S00125568,161,14,147
S00125569,153,10,143
S00125570,254,29,225
S00125571,77,8,69
S00125572,286,28,258
S00125573,68,18,50
S00125574,196,19,177
S00125575,146,37,109
S00125576,53,5,48
S00125577,110,41,69
S00125578,133,7,126
S00125579,141,18,123
S00125580,135,20,115
S00125581,164,7,157
S00125582,107,8,99
S00125583,171,29,142
S00125584,180,12,168
S00125585,220,8,212
S00125586,195,8,187
S00125587,191,16,175
S00125588,201,9,192
S00125589,145,15,130
S00125590,208,11,197
S00125591,103,20,83
S00125592,137,23,114
S00125593,108,24,84
S00125594,205,15,190
S00125595,134,13,121
S00125596,84,10,74
S00125597,178,20,158
S00125598,116,34,82
S00125599,191,73,118
S00125600,82,12,70
S00125601,68,17,51
S00125602,184,86,98
S00125603,82,39,43
S00125604,76,11,65
S00125605,94,18,76
S00125606,109,11,98
S00125607,99,26,73
S00125608,147,30,117
S00125609,52,8,44
S00125610,229,20,209
S00125611,63,5,58
S00125612,203,17,186
S00125613,145,6,139
S00125614,134,16,118
S00125615,177,7,170
S00125616,156,12,144
S00125617,153,19,134
S00125618,226,5,221
S00125619,160,32,128
S00125620,141,10,131
S00125621,190,25,165
S00125622,133,14,119
S00125623,128,8,120
S00125624,130,31,99
S00125625,98,33,65
S00125626,96,27,69
S00125627,98,18,80
S00125628,142,37,105
S00125629,93,21,72
S00125630,130,9,121
S00125631,135,10,125
S00125632,193,17,176
S00125633,103,33,70
S00125634,74,17,57
S00125635,161,15,146
S00125636,101,6,95
S00125637,88,17,71
S00125638,104,10,94
S00125639,175,18,157
S00125640,174,19,155
S00125641,115,41,74
S00125642,59,18,41
S00125643,147,38,109
S00125644,218,34,184
S00125645,91,10,81
S00125646,197,30,167
S00125647,109,26,83
S00125648,137,35,102
S00125649,148,43,105
S00125650,111,29,82
S00125651,100,12,88
S00125652,69,7,62
S00125653,206,107,99
S00125654,152,34,118
S00125655,140,23,117
S00125656,168,28,140
S00125657,167,12,155
S00125658,214,19,195
S00125659,147,7,140
S00125660,203,19,184
S00125661,134,9,125
S00125662,114,17,97
S00125663,97,31,66
S00125664,90,21,69
S00125665,75,12,63
S00125666,99,23,76
S00125667,110,37,73
S00125668,168,32,136
S00125669,85,42,43
S00125670,69,14,55
S00125671,153,16,137
S00125672,156,18,138
S00125673,155,28,127
S00125674,98,13,85
S00125675,80,30,50
S00125676,122,16,106
S00125677,99,27,72
S00125678,99,30,69
S00125679,178,101,77
S00125680,66,13,53
S00125681,95,9,86
S00125682,337,49,288
S00125683,97,20,77
S00125684,276,15,261
S00125685,110,45,65
S00125686,92,38,54
S00125687,72,36,36
S00125688,145,45,100
S00125689,120,36,84
S00125690,87,19,68
S00125691,102,31,71
S00125692,112,29,83
S00125693,147,27,120
S00125694,69,16,53
S00125695,106,32,74
S00125696,108,28,80
S00125697,67,26,41
S00125698,184,27,157
S00125699,60,7,53
S00125700,206,32,174
S00125701,147,14,133
S00125702,113,11,102
S00125703,182,6,176
S00125704,140,24,116
S00125705,105,31,74
S00125706,53,19,34
S00125707,205,15,190
S00125708,67,7,60
S00125709,86,6,80
S00125710,149,11,138
S00125711,165,10,155
S00125712,120,42,78
S00125713,72,8,64
S00125714,207,44,163
S00125715,131,19,112
S00125716,94,17,77
S00125717,84,19,65
S00125718,139,28,111
S00125719,158,44,114
S00125720,114,34,80
S00125721,81,22,59
S00125722,168,30,138
S00125723,92,25,67
S00125724,167,19,148
S00125725,172,30,142
S00125726,76,20,56
S00125727,138,27,111
S00125728,109,29,80
S00125729,69,19,50
S00125730,124,27,97
S00125731,62,16,46
S00125732,105,23,82
S00125733,54,12,42
S00125734,153,24,129
S00125735,153,38,115
S00125736,60,17,43
S00125737,134,29,105
S00125738,91,19,72
S00125739,170,24,146
S00125740,90,15,75
S00125741,82,62,20
S00125742,162,52,110
S00125743,115,21,94
S00125744,92,29,63
S00125745,94,20,74
S00125746,107,29,78
S00125747,159,23,136
S00125748,116,31,85
S00125749,84,10,74
S00125750,117,27,90
S00125751,131,46,85
S00125752,83,20,63
S00125753,57,23,34
S00125754,93,28,65
S00125755,78,15,63
S00125756,101,13,88
S00125757,58,16,42
S00125758,103,44,59
S00125759,97,31,66
S00125760,79,14,65
S00125761,154,23,131
S00125762,125,27,98
S00125763,171,22,149
S00125764,98,20,78
S00125765,74,20,54
S00125766,131,31,100
S00125767,111,13,98
S00125768,128,9,119
S00125769,137,10,127
S00125770,178,71,107
S00125771,156,15,141
S00125772,72,10,62
S00125773,145,32,113
S00125774,148,9,139
S00125775,82,43,39
S00125776,208,24,184
S00125777,137,9,128
S00125778,83,11,72
S00125779,122,11,111
S00125780,182,10,172
S00125781,165,13,152
S00125782,124,16,108
S00125783,237,19,218
S00125784,286,21,265
S00125785,66,10,56
S00125786,143,10,133
S00125787,64,4,60
S00125788,108,8,100
S00125789,295,22,273
S00125790,108,11,97
S00125791,153,16,137
S00125792,120,9,111
S00125793,198,11,187
S00125794,174,19,155
S00125795,184,18,166
S00125796,78,8,70
S00125797,171,23,148
S00125798,131,7,124
S00125799,198,41,157
S00125800,113,32,81
S00125801,134,7,127
S00125802,157,11,146
S00125803,195,43,152
S00125804,119,28,91
S00125805,87,28,59
S00125806,92,15,77
S00125807,84,24,60
S00125808,143,22,121
S00125809,101,28,73
S00125810,114,26,88
S00125811,100,15,85
S00125812,141,44,97
S00125813,70,18,52
S00125814,166,53,113
S00125815,102,35,67
S00125816,167,50,117
S00125817,60,20,40
S00125818,91,5,86
S00125819,213,14,199
S00125820,143,31,112
S00125821,107,38,69
S00125822,150,19,131
S00125823,120,8,112
S00125824,171,17,154
S00125825,112,34,78
S00125826,69,21,48
S00125827,93,32,61
S00125828,152,20,132
S00125829,68,10,58
S00125830,193,37,156
S00125831,94,21,73
S00125832,140,13,127
S00125833,155,7,148
S00125834,265,81,184
S00125835,125,15,110
S00125836,172,10,162
S00125837,186,13,173
S00125838,134,4,130
S00125839,120,14,106
S00125840,177,13,164
S00125841,117,9,108
S00125842,152,11,141
S00125843,121,18,103
S00125844,119,11,108
S00125845,66,4,62
S00125846,184,20,164
S00125847,78,10,68
S00125848,115,23,92
S00125849,77,26,51
S00125850,154,23,131
S00125851,96,55,41
S00125852,141,9,132
S00125853,204,13,191
S00125854,72,5,67
S00125855,158,17,141
S00125856,155,16,139
S00125857,220,17,203
S00125858,194,10,184
S00125859,164,17,147
S00125860,241,27,214
S00125861,81,15,66
S00125862,205,20,185
S00125863,99,4,95
S00125864,195,9,186
S00125865,197,19,178
S00125866,249,15,234
S00125867,59,25,34
S00125868,196,41,155
S00125869,90,9,81
S00125870,136,10,126
S00125871,84,10,74
S00125872,105,9,96
S00125873,127,27,100
S00125874,68,5,63
S00125875,157,9,148
S00125876,178,33,145
S00125877,122,23,99
S00125878,189,14,175
S00125879,110,15,95
S00125880,154,15,139
S00125881,117,0,117
S00125882,216,69,147
S00125883,214,9,205
S00125884,191,14,177
S00125885,136,13,123
S00125886,180,15,165
S00125887,74,14,60
S00125888,88,22,66
S00125889,295,118,177
S00125890,228,19,209
S00125891,73,19,54
S00125892,143,46,97
S00125893,130,19,111
S00125894,87,7,80
S00125895,206,16,190
S00125896,167,14,153
S00125897,241,21,220
S00125898,162,13,149
S00125899,132,13,119
S00125900,163,16,147
S00125901,180,21,159
S00125902,199,27,172
S00125903,158,20,138
S00125904,214,11,203
S00125905,123,9,114
S00125906,123,10,113
S00125907,66,11,55
S00125908,169,20,149
S00125909,141,36,105
S00125910,64,21,43
S00125911,76,12,64
S00125912,172,26,146
S00125913,141,21,120
S00125914,105,7,98
S00125915,141,13,128
S00125916,134,14,120
S00125917,86,20,66
S00125918,64,10,54
S00125919,120,12,108
S00125920,147,13,134
S00125921,139,19,120
S00125922,70,25,45
S00125923,101,43,58
S00125924,88,26,62
S00125925,80,30,50
S00125926,149,14,135
S00125927,160,31,129
S00125928,119,17,102
S00125929,108,14,94
S00125930,117,13,104
S00125931,114,17,97
S00125932,67,15,52
S00125933,111,15,96
S00125934,165,33,132
S00125935,156,45,111
S00125936,86,21,65
S00125937,94,21,73
S00125938,158,43,115
S00125939,72,18,54
S00125940,146,41,105
S00125941,138,26,112
S00125942,86,19,67
S00125943,124,22,102
S00125944,163,36,127
S00125945,120,22,98
S00125946,132,19,113
S00125947,222,43,179
S00125948,119,25,94
S00125949,68,14,54
S00125950,199,31,168
S00125951,125,26,99
S00125952,116,20,96
S00125953,103,9,94
S00125954,196,33,163
S00125955,83,13,70
S00125956,127,19,108
S00125957,170,37,133
S00125958,129,23,106
S00125959,141,28,113
S00125960,64,19,45
S00125961,130,24,106
S00125962,101,23,78
S00125963,131,20,111
S00125964,55,10,45
S00125965,90,16,74
S00125966,91,21,70
S00125967,123,25,98
S00125968,98,27,71
S00125969,156,39,117
S00125970,182,20,162
S00125971,65,9,56
S00125972,86,32,54
S00125973,111,8,103
S00125974,130,21,109
S00125975,117,23,94
S00125976,101,25,76
S00125977,104,13,91
S00125978,88,18,70
S00125979,104,23,81
S00125980,114,18,96
S00125981,156,22,134
S00125982,110,28,82
S00125983,148,24,124
S00125984,60,14,46
S00125985,122,33,89
S00125986,132,18,114
S00125987,130,27,103
S00125988,89,25,64
S00125989,127,31,96
S00125990,65,21,44
S00125991,177,30,147
S00125992,90,15,75
S00125993,88,22,66
S00125994,72,25,47
S00125995,87,22,65
S00125996,138,19,119
S00125997,130,50,80
S00125998,76,20,56
S00125999,100,13,87
S00126000,96,12,84
S00126001,99,9,90
S00126002,95,21,74
S00126003,58,14,44
S00126004,76,11,65
S00126005,98,13,85
S00126006,165,29,136
S00126007,98,13,85
S00126008,88,34,54
S00126009,81,22,59
S00126010,204,31,173
S00126011,122,25,97
S00126012,59,8,51
S00126013,109,16,93
S00126014,59,14,45
S00126015,108,15,93
S00126016,75,5,70
S00126017,134,53,81
S00126018,128,27,101
S00126019,108,16,92
S00126020,56,3,53
S00126021,102,17,85
S00126022,56,14,42
S00126023,54,6,48
S00126024,70,9,61
S00126025,54,7,47
S00126026,67,18,49
S00126027,105,17,88
S00126028,108,33,75
S00126029,133,26,107
S00126030,52,18,34
S00126031,94,21,73
S00126032,87,12,75
S00126033,120,19,101
S00126034,105,20,85
S00126035,150,32,118
S00126036,83,23,60
S00126037,94,29,65
S00126038,132,14,118
S00126039,94,18,76
S00126040,111,15,96
S00126041,145,20,125
S00126042,127,17,110
S00126043,154,25,129
S00126044,75,20,55
S00126045,128,40,88
S00126046,139,23,116
S00126047,87,9,78
S00126048,118,11,107
S00126049,92,22,70
S00126050,75,12,63
S00126051,98,14,84
S00126052,114,25,89
S00126053,90,13,77
S00126054,81,18,63
S00126055,69,17,52
S00126056,116,25,91
S00126057,98,25,73
S00126058,58,6,52
S00126059,73,17,56
S00126060,69,12,57
S00126061,111,16,95
S00126062,110,18,92
S00126063,115,24,91
S00126064,129,26,103
S00126065,97,15,82
S00126066,93,16,77
S00126067,141,31,110
S00126068,149,30,119
S00126069,122,28,94
S00126070,150,19,131
S00126071,148,28,120
S00126072,91,17,74
S00126073,102,13,89
S00126074,181,15,166
S00126075,160,31,129
S00126076,142,18,124
S00126077,144,13,131
S00126078,62,7,55
S00126079,116,29,87
S00126080,89,10,79
S00126081,152,25,127
S00126082,296,55,241
S00126083,175,23,152
S00126084,177,34,143
S00126085,146,40,106
S00126086,95,40,55
S00126087,109,21,88
S00126088,125,28,97
S00126089,169,21,148
S00126090,65,6,59
S00126091,116,22,94
S00126092,114,22,92
S00126093,57,16,41
S00126094,137,22,115
S00126095,124,19,105
S00126096,52,16,36
S00126097,115,24,91
S00126098,86,11,75
S00126099,90,22,68
S00126100,119,21,98
S00126101,163,28,135
S00126102,128,16,112
S00126103,116,21,95
S00126104,58,6,52
S00126105,152,23,129
S00126106,132,40,92
S00126107,115,17,98
S00126108,155,23,132
S00126109,145,20,125
S00126110,99,11,88
S00126111,110,15,95
S00126112,91,9,82
S00126113,167,25,142
S00126114,123,12,111
S00126115,123,19,104
S00126116,169,20,149
S00126117,183,18,165
S00126118,145,26,119
S00126119,153,19,134
S00126120,99,18,81
S00126121,78,16,62
S00126122,121,22,99
S00126123,92,13,79
S00126124,112,11,101
S00126125,105,9,96
S00126126,81,8,73
S00126127,98,32,66
S00126128,71,11,60
S00126129,217,19,198
S00126130,139,35,104
S00126131,99,12,87
S00126132,105,18,87
S00126133,65,21,44
S00126134,504,28,476
S00126135,73,10,63
S00126136,89,7,82
S00126137,143,24,119
S00126138,123,11,112
S00126139,83,18,65
S00126140,130,10,120
S00126141,116,13,103
S00126142,191,21,170
S00126143,107,11,96
S00126144,108,18,90
S00126145,62,7,55
S00126146,81,4,77
S00126147,158,23,135
S00126148,117,26,91
S00126149,111,17,94
S00126150,73,6,67
S00126151,168,18,150
S00126152,107,8,99
S00126153,150,18,132
S00126154,63,4,59
S00126155,59,7,52
S00126156,103,18,85
S00126157,85,16,69
S00126158,138,8,130
S00126159,133,12,121
S00126160,147,16,131
S00126161,227,40,187
S00126162,111,31,80
S00126163,73,7,66
S00126164,116,29,87
S00126165,136,28,108
S00126166,108,25,83
S00126167,153,17,136
S00126168,133,22,111
S00126169,134,32,102
S00126170,60,15,45
S00126171,119,29,90
S00126172,110,17,93
S00126173,75,15,60
S00126174,112,14,98
S00126175,184,35,149
S00126176,171,21,150
S00126177,159,12,147
S00126178,177,24,153
S00126179,75,14,61
S00126180,103,11,92
S00126181,63,14,49
S00126182,131,12,119
S00126183,91,13,78
S00126184,99,21,78
S00126185,96,26,70
S00126186,137,7,130
S00126187,172,20,152
S00126188,111,18,93
S00126189,194,13,181
S00126190,169,25,144
S00126191,110,18,92
S00126192,73,15,58
S00126193,125,20,105
S00126194,115,23,92
S00126195,118,16,102
S00126196,128,18,110
S00126197,152,21,131
S00126198,163,18,145
S00126199,90,14,76
S00126200,172,27,145
S00126201,93,11,82
S00126202,108,13,95
S00126203,126,11,115
S00126204,106,21,85
S00126205,69,13,56
S00126206,120,18,102
S00126207,128,8,120
S00126208,110,19,91
S00126209,160,16,144
S00126210,76,6,70
S00126211,104,20,84
S00126212,171,24,147
S00126213,90,9,81
S00126214,182,19,163
S00126215,59,5,54
S00126216,137,12,125
S00126217,86,13,73
S00126218,151,14,137
S00126219,89,18,71
S00126220,170,26,144
S00126221,66,8,58
S00126222,104,10,94
S00126223,56,7,49
S00126224,56,5,51
S00126225,168,40,128
S00126226,98,19,79
S00126227,87,15,72
S00126228,132,32,100
S00126229,151,23,128
S00126230,74,19,55
S00126231,66,15,51
S00126232,117,18,99
S00126233,94,10,84
S00126234,95,15,80
S00126235,64,5,59
S00126236,201,40,161
S00126237,127,12,115
S00126238,109,21,88
S00126239,83,12,71
S00126240,75,15,60
S00126241,91,19,72
S00126242,127,18,109
S00126243,95,14,81
S00126244,67,20,47
S00126245,128,29,99
S00126246,115,7,108
S00126247,91,20,71
S00126248,120,8,112
S00126249,98,20,78
S00126250,193,12,181
S00126251,60,16,44
S00126252,189,57,132
S00126253,107,18,89
S00126254,148,23,125
S00126255,98,18,80
S00126256,113,22,91
S00126257,52,5,47
S00126258,114,12,102
S00126259,130,23,107
S00126260,124,20,104
S00126261,89,24,65
S00126262,93,15,78
S00126263,97,18,79
S00126264,156,30,126
S00126265,161,34,127
S00126266,144,17,127
S00126267,132,39,93
S00126268,169,22,147
S00126269,115,14,101
S00126270,89,25,64
S00126271,101,12,89
S00126272,104,20,84
S00126273,115,23,92
S00126274,170,24,146
S00126275,88,20,68
S00126276,120,17,103
S00126277,89,15,74
S00126278,102,14,88
S00126279,132,18,114
S00126280,67,7,60
S00126281,66,13,53
S00126282,116,19,97
S00126283,93,12,81
S00126284,85,11,74
S00126285,134,13,121
S00126286,116,8,108
S00126287,190,8,182
S00126288,66,12,54
S00126289,59,5,54
S00126290,97,19,78
S00126291,55,18,37
S00126292,162,25,137
S00126293,78,10,68
S00126294,79,8,71
S00126295,187,16,171
S00126296,104,17,87
S00126297,148,19,129
S00126298,110,15,95
S00126299,121,23,98
S00126300,130,28,102
S00126301,150,21,129
S00126302,73,11,62
S00126303,86,12,74
S00126304,71,12,59
S00126305,105,13,92
S00126306,109,14,95
S00126307,117,27,90
S00126308,107,20,87
S00126309,157,28,129
S00126310,87,9,78
S00126311,106,17,89
S00126312,118,26,92
S00126313,86,18,68
S00126314,97,22,75
S00126315,60,15,45
S00126316,56,12,44
S00126317,134,18,116
S00126318,129,17,112
S00126319,86,17,69
S00126320,120,40,80
S00126321,108,21,87
S00126322,104,31,73
S00126323,101,22,79
S00126324,93,24,69
S00126325,117,13,104
S00126326,107,14,93
S00126327,72,26,46
S00126328,117,27,90
S00126329,138,26,112
S00126330,126,27,99
S00126331,122,24,98
S00126332,154,19,135
S00126333,155,14,141
S00126334,177,16,161
S00126335,75,8,67
S00126336,122,22,100
S00126337,75,16,59
S00126338,57,7,50
S00126339,126,18,108
S00126340,123,24,99
S00126341,117,21,96
S00126342,108,18,90
S00126343,123,15,108
S00126344,52,11,41
S00126345,69,14,55
S00126346,134,10,124
S00126347,120,17,103
S00126348,104,25,79
S00126349,136,29,107
S00126350,106,12,94
S00126351,85,20,65
S00126352,200,53,147
S00126353,134,17,117
S00126354,83,10,73
S00126355,122,17,105
S00126356,131,23,108
S00126357,159,29,130
S00126358,77,12,65
S00126359,72,14,58
S00126360,154,30,124
S00126361,119,13,106
S00126362,130,15,115
S00126363,127,21,106
S00126364,55,8,47
S00126365,135,23,112
S00126366,71,22,49
S00126367,61,7,54
S00126368,55,10,45
S00126369,186,24,162
S00126370,53,6,47
S00126371,53,9,44
S00126372,164,28,136
S00126373,84,17,67
S00126374,142,35,107
S00126375,149,39,110
S00126376,65,39,26
S00126377,115,16,99
S00126378,189,47,142
S00126379,121,22,99
S00126380,116,14,102
S00126381,160,27,133
S00126382,101,18,83
S00126383,147,19,128
S00126384,93,14,79
S00126385,67,14,53
S00126386,149,15,134
S00126387,177,33,144
S00126388,176,38,138
S00126389,83,11,72
S00126390,83,18,65
S00126391,129,27,102
S00126392,98,26,72
S00126393,152,21,131
S00126394,77,13,64
S00126395,115,29,86
S00126396,140,28,112
S00126397,164,21,143
S00126398,114,22,92
S00126399,66,8,58
S00126400,134,24,110
S00126401,143,48,95
S00126402,126,28,98
S00126403,171,24,147
S00126404,104,14,90
S00126405,120,28,92
S00126406,180,28,152
S00126407,111,28,83
S00126408,150,38,112
S00126409,94,22,72
S00126410,72,7,65
S00126411,136,11,125
S00126412,94,11,83
S00126413,65,7,58
S00126414,60,41,19
S00126415,249,21,228
S00126416,147,35,112
S00126417,117,28,89
S00126418,74,15,59
S00126419,111,29,82
S00126420,113,10,103
S00126421,111,15,96
S00126422,101,28,73
S00126423,159,38,121
S00126424,81,30,51
S00126425,193,25,168
S00126426,113,12,101
S00126427,65,11,54
S00126428,127,24,103
S00126429,111,28,83
S00126430,108,16,92
S00126431,97,20,77
S00126432,95,15,80
S00126433,168,27,141
S00126434,105,14,91
S00126435,101,26,75
S00126436,91,12,79
S00126437,155,17,138
S00126438,117,22,95
S00126439,78,12,66
S00126440,130,22,108
S00126441,87,10,77
S00126442,156,37,119
S00126443,127,20,107
S00126444,126,21,105
S00126445,117,23,94
S00126446,95,13,82
S00126447,82,19,63
S00126448,138,36,102
S00126449,70,8,62
S00126450,102,16,86
S00126451,118,10,108
S00126452,113,59,54
S00126453,96,10,86
S00126454,75,18,57
S00126455,102,42,60
S00126456,68,15,53
S00126457,133,21,112
S00126458,153,24,129
S00126459,77,13,64
S00126460,78,15,63
S00126461,93,22,71
S00126462,142,24,118
S00126463,114,28,86
S00126464,129,32,97
S00126465,173,13,160
S00126466,153,74,79
S00126467,92,26,66
S00126468,175,36,139
S00126469,147,17,130
S00126470,185,30,155
S00126471,127,20,107
S00126472,125,15,110
S00126473,98,3,95
S00126474,162,28,134
S00126475,119,19,100
S00126476,127,19,108
S00126477,122,12,110
S00126478,104,10,94
S00126479,96,12,84
S00126480,92,22,70
S00126481,149,46,103
S00126482,82,16,66
S00126483,117,28,89
S00126484,145,25,120
S00126485,109,27,82
S00126486,116,21,95
S00126487,121,15,106
S00126488,151,17,134
S00126489,77,17,60
S00126490,100,26,74
S00126491,136,21,115
S00126492,218,13,205
S00126493,103,18,85
S00126494,58,9,49
S00126495,122,17,105
S00126496,158,17,141
S00126497,104,14,90
S00126498,86,14,72
S00126499,130,17,113
S00126500,80,24,56
S00126501,98,15,83
S00126502,132,56,76
S00126503,67,12,55
S00126504,166,17,149
S00126505,113,16,97
S00126506,106,14,92
S00126507,121,17,104
S00126508,97,16,81
S00126509,106,21,85
S00126510,121,8,113
S00126511,199,9,190
S00126512,165,19,146
S00126513,191,20,171
S00126514,82,13,69
S00126515,119,31,88
S00126516,110,19,91
S00126517,108,24,84
S00126518,83,19,64
S00126519,73,21,52
S00126520,150,28,122
S00126521,165,17,148
S00126522,118,25,93
S00126523,50,17,33
S00126524,89,16,73
S00126525,106,20,86
S00126526,77,10,67
S00126527,122,17,105
S00126528,97,19,78
S00126529,127,37,90
S00126530,129,23,106
S00126531,126,28,98
S00126532,136,25,111
S00126533,61,14,47
S00126534,115,37,78
S00126535,106,21,85
S00126536,65,5,60
S00126537,58,10,48
S00126538,90,20,70
S00126539,123,31,92
S00126540,72,21,51
S00126541,74,25,49
S00126542,114,26,88
S00126543,129,29,100
S00126544,150,25,125
S00126545,105,25,80
S00126546,89,21,68
S00126547,110,14,96
S00126548,127,31,96
S00126549,101,10,91
S00126550,62,15,47
S00126551,140,22,118
S00126552,86,16,70
S00126553,118,29,89
S00126554,114,23,91
S00126555,98,19,79
S00126556,110,22,88
S00126557,90,15,75
S00126558,118,20,98
S00126559,163,28,135
S00126560,147,28,119
S00126561,144,27,117
S00126562,125,24,101
S00126563,84,21,63
S00126564,129,29,100
S00126565,102,24,78
S00126566,84,16,68
S00126567,151,11,140
S00126568,210,27,183
S00126569,164,40,124
S00126570,130,35,95
S00126571,160,25,135
S00126572,146,21,125
S00126573,71,6,65
S00126574,64,15,49
S00126575,118,21,97
S00126576,126,20,106
S00126577,126,18,108
S00126578,203,47,156
S00126579,173,37,136
S00126580,130,38,92
S00126581,156,27,129
S00126582,110,22,88
S00126583,142,26,116
S00126584,54,18,36
S00126585,148,27,121
S00126586,114,31,83
S00126587,95,17,78
S00126588,91,26,65
S00126589,121,31,90
S00126590,89,22,67
S00126591,135,32,103
S00126592,115,21,94
S00126593,109,16,93
S00126594,186,32,154
S00126595,113,23,90
S00126596,103,19,84
S00126597,185,28,157
S00126598,169,22,147
S00126599,99,39,60
S00126600,162,28,134
S00126601,116,18,98
S00126602,170,42,128
S00126603,120,29,91
S00126604,105,32,73
S00126605,71,17,54
S00126606,116,17,99
S00126607,154,21,133
S00126608,90,25,65
S00126609,129,19,110
S00126610,88,16,72
S00126611,121,25,96
S00126612,72,21,51
S00126613,62,21,41
S00126614,129,36,93
S00126615,122,21,101
S00126616,58,8,50
S00126617,84,18,66
S00126618,142,32,110
S00126619,146,24,122
S00126620,147,29,118
S00126621,95,14,81
S00126622,84,14,70
S00126623,130,28,102
S00126624,108,9,99
S00126625,107,22,85
S00126626,105,30,75
S00126627,54,14,40
S00126628,110,14,96
S00126629,111,25,86
S00126630,66,9,57
S00126631,74,16,58
S00126632,92,14,78
S00126633,119,31,88
S00126634,66,6,60
S00126635,110,15,95
S00126636,81,10,71
S00126637,121,9,112
S00126638,102,9,93
S00126639,69,14,55
S00126640,119,23,96
S00126641,131,13,118
S00126642,163,25,138
S00126643,78,6,72
S00126644,117,22,95
S00126645,94,12,82
S00126646,98,18,80
S00126647,143,19,124
S00126648,218,104,114
S00126649,137,14,123
S00126650,114,10,104
S00126651,99,5,94
S00126652,88,5,83
S00126653,75,6,69
S00126654,97,8,89
S00126655,110,23,87
S00126656,98,12,86
S00126657,125,16,109
S00126658,93,34,59
S00126659,82,4,78
S00126660,92,4,88
S00126661,103,16,87
S00126662,85,25,60
S00126663,103,11,92
S00126664,98,25,73
S00126665,142,19,123
S00126666,189,66,123
S00126667,77,17,60
S00126668,110,25,85
S00126669,123,16,107
S00126670,67,13,54
S00126671,131,14,117
S00126672,79,11,68
S00126673,185,41,144
S00126674,63,15,48
S00126675,76,50,26
S00126676,100,28,72
S00126677,130,23,107
S00126678,130,13,117
S00126679,124,22,102
S00126680,162,41,121
S00126681,109,15,94
S00126682,123,13,110
S00126683,250,72,178
S00126684,110,27,83
S00126685,131,34,97
S00126686,113,41,72
S00126687,184,22,162
S00126688,97,11,86
S00126689,92,14,78
S00126690,126,13,113
S00126691,79,19,60
S00126692,111,23,88
S00126693,99,22,77
S00126694,134,19,115
S00126695,77,16,61
S00126696,59,7,52
S00126697,88,19,69
S00126698,67,17,50
S00126699,145,35,110
S00126700,75,31,44
S00126701,119,42,77
S00126702,104,30,74
S00126703,110,22,88
S00126704,78,17,61
S00126705,59,24,35
S00126706,84,14,70
S00126707,92,13,79
S00126708,128,13,115
S00126709,79,14,65
S00126710,123,33,90
S00126711,83,16,67
S00126712,118,16,102
S00126713,156,47,109
S00126714,163,23,140
S00126715,96,20,76
S00126716,117,24,93
S00126717,101,21,80
S00126718,120,15,105
S00126719,151,29,122
S00126720,97,27,70
S00126721,128,19,109
S00126722,136,26,110
S00126723,128,20,108
S00126724,101,14,87
S00126725,120,23,97
S00126726,160,26,134
S00126727,164,25,139
S00126728,77,23,54
S00126729,146,49,97
S00126730,151,26,125
S00126731,131,24,107
S00126732,84,9,75
S00126733,126,13,113
S00126734,114,9,105
S00126735,89,13,76
S00126736,92,11,81
S00126737,75,10,65
S00126738,113,11,102
S00126739,110,13,97
S00126740,138,31,107
S00126741,113,19,94
S00126742,108,19,89
S00126743,100,17,83
S00126744,92,10,82
S00126745,136,26,110
S00126746,73,6,67
S00126747,123,11,112
S00126748,89,14,75
S00126749,163,28,135
S00126750,125,15,110
S00126751,105,17,88
S00126752,98,17,81
S00126753,103,14,89
S00126754,106,18,88
S00126755,79,16,63
S00126756,135,30,105
S00126757,98,18,80
S00126758,96,16,80
S00126759,99,21,78
S00126760,88,19,69
S00126761,76,14,62
S00126762,77,13,64
S00126763,119,28,91
S00126764,151,40,111
S00126765,112,30,82
S00126766,139,16,123
S00126767,134,46,88
S00126768,60,10,50
S00126769,156,47,109
S00126770,111,38,73
S00126771,94,25,69
S00126772,139,32,107
S00126773,127,28,99
S00126774,139,17,122
S00126775,96,20,76
S00126776,71,6,65
S00126777,76,21,55
S00126778,73,19,54
S00126779,97,12,85
S00126780,99,13,86
S00126781,181,13,168
S00126782,148,27,121
S00126783,119,18,101
S00126784,69,23,46
S00126785,157,31,126
S00126786,124,35,89
S00126787,113,29,84
S00126788,91,21,70
S00126789,127,22,105
S00126790,120,37,83
S00126791,60,10,50
S00126792,75,14,61
S00126793,117,13,104
S00126794,154,54,100
S00126795,150,41,109
S00126796,77,17,60
S00126797,83,24,59
S00126798,147,31,116
S00126799,99,20,79
S00126800,94,16,78
S00126801,132,30,102
S00126802,76,13,63
S00126803,109,20,89
S00126804,68,19,49
S00126805,163,23,140
S00126806,81,15,66
S00126807,110,35,75
S00126808,98,23,75
S00126809,103,21,82
S00126810,100,15,85
S00126811,167,36,131
S00126812,98,36,62
S00126813,174,74,100
S00126814,119,15,104
S00126815,53,16,37
S00126816,122,26,96
S00126817,91,22,69
S00126818,141,21,120
S00126819,60,24,36
S00126820,68,9,59
S00126821,99,22,77
S00126822,94,20,74
S00126823,88,23,65
S00126824,85,26,59
S00126825,110,32,78
S00126826,103,20,83
S00126827,146,25,121
S00126828,155,33,122
S00126829,123,13,110
S00126830,81,10,71
S00126831,89,11,78
S00126832,70,14,56
S00126833,165,24,141
S00126834,100,32,68
S00126835,101,29,72
S00126836,96,24,72
S00126837,131,14,117
S00126838,70,6,64
S00126839,153,18,135
S00126840,176,29,147
S00126841,120,13,107
S00126842,115,17,98
S00126843,164,23,141
S00126844,155,19,136
S00126845,119,22,97
S00126846,86,23,63
S00126847,82,24,58
S00126848,88,16,72
S00126849,133,20,113
S00126850,114,16,98
S00126851,102,22,80
S00126852,103,10,93
S00126853,116,12,104
S00126854,71,15,56
S00126855,64,6,58
S00126856,127,11,116
S00126857,124,20,104
S00126858,56,14,42
S00126859,126,31,95
S00126860,136,40,96
S00126861,81,29,52
S00126862,118,38,80
S00126863,107,12,95
S00126864,188,23,165
S00126865,85,23,62
S00126866,82,12,70
S00126867,126,30,96
S00126868,113,11,102
S00126869,91,13,78
S00126870,121,27,94
S00126871,110,20,90
S00126872,127,27,100
S00126873,125,19,106
S00126874,111,22,89
S00126875,147,33,114
S00126876,87,17,70
S00126877,64,6,58
S00126878,133,35,98
S00126879,118,29,89
S00126880,128,15,113
S00126881,120,21,99
S00126882,132,21,111
S00126883,108,10,98
S00126884,124,20,104
S00126885,80,20,60
S00126886,78,12,66
S00126887,113,14,99
S00126888,80,15,65
S00126889,103,10,93
S00126890,93,22,71
S00126891,82,16,66
S00126892,162,22,140
S00126893,115,14,101
S00126894,90,21,69
S00126895,99,23,76
S00126896,156,25,131
S00126897,102,24,78
S00126898,157,52,105
S00126899,118,24,94
S00126900,110,32,78
S00126901,112,17,95
S00126902,93,13,80
S00126903,94,20,74
S00126904,124,29,95
S00126905,83,13,70
S00126906,170,19,151
S00126907,128,29,99
S00126908,136,19,117
S00126909,93,13,80
S00126910,130,38,92
S00126911,94,15,79
S00126912,146,45,101
S00126913,160,27,133
S00126914,66,17,49
S00126915,77,25,52
S00126916,80,17,63
S00126917,101,20,81
S00126918,97,28,69
S00126919,165,75,90
S00126920,79,33,46
S00126921,93,22,71
S00126922,149,56,93
S00126923,146,41,105
S00126924,79,21,58
S00126925,169,17,152
S00126926,64,19,45
S00126927,96,31,65
S00126928,84,20,64
S00126929,93,15,78
S00126930,133,23,110
S00126931,110,30,80
S00126932,156,42,114
S00126933,140,13,127
S00126934,66,19,47
S00126935,116,21,95
S00126936,128,29,99
S00126937,105,18,87
S00126938,100,17,83
S00126939,105,27,78
S00126940,100,37,63
S00126941,82,20,62
S00126942,108,23,85
S00126943,66,6,60
S00126944,78,18,60
S00126945,115,25,90
S00126946,122,9,113
S00126947,95,12,83
S00126948,105,15,90
S00126949,115,17,98
S00126950,81,19,62
S00126951,139,35,104
S00126952,166,55,111
S00126953,99,18,81
S00126954,130,32,98
S00126955,143,20,123
S00126956,97,22,75
S00126957,115,44,71
S00126958,123,26,97
S00126959,80,34,46
S00126960,146,30,116
S00126961,151,22,129
S00126962,90,19,71
S00126963,128,25,103
S00126964,139,25,114
S00126965,89,22,67
S00126966,124,24,100
S00126967,139,32,107
S00126968,88,17,71
S00126969,99,29,70
S00126970,120,19,101
S00126971,136,33,103
S00126972,98,20,78
S00126973,147,35,112
S00126974,131,44,87
S00126975,53,13,40
S00126976,148,33,115
S00126977,164,20,144
S00126978,135,18,117
S00126979,134,18,116
S00126980,148,23,125
S00126981,125,36,89
S00126982,106,20,86
S00126983,148,38,110
S00126984,113,36,77
S00126985,136,25,111
S00126986,63,15,48
S00126987,108,29,79
S00126988,121,34,87
S00126989,191,45,146
S00126990,85,23,62
S00126991,107,25,82
S00126992,139,28,111
S00126993,86,25,61
S00126994,90,26,64
S00126995,127,30,97
S00126996,131,16,115
S00126997,129,23,106
S00126998,170,18,152
S00126999,131,24,107
S00127000,129,16,113
S00127001,162,23,139
S00127002,137,21,116
S00127003,116,28,88
S00127004,166,24,142
S00127005,123,23,100
S00127006,140,25,115
S00127007,85,22,63
S00127008,173,25,148
S00127009,111,16,95
S00127010,62,8,54
S00127011,136,22,114
S00127012,63,14,49
S00127013,162,10,152
S00127014,90,17,73
S00127015,53,8,45
S00127016,122,15,107
S00127017,54,11,43
S00127018,97,25,72
S00127019,155,12,143
S00127020,81,14,67
S00127021,105,13,92
S00127022,87,11,76
S00127023,71,14,57
S00127024,95,31,64
S00127025,63,34,29
S00127026,136,22,114
S00127027,59,17,42
S00127028,83,14,69
S00127029,103,14,89
S00127030,86,21,65
S00127031,123,23,100
S00127032,69,11,58
S00127033,104,15,89
S00127034,104,44,60
S00127035,154,63,91
S00127036,197,34,163
S00127037,121,29,92
S00127038,133,30,103
S00127039,270,15,255
S00127040,99,10,89
S00127041,118,14,104
S00127042,512,30,482
S00127043,175,17,158
S00127044,109,10,99
S00127045,119,16,103
S00127046,86,15,71
S00127047,86,15,71
S00127048,55,7,48
S00127049,67,10,57
S00127050,176,26,150
S00127051,119,15,104
S00127052,117,20,97
S00127053,68,8,60
S00127054,80,13,67
S00127055,117,18,99
S00127056,219,20,199
S00127057,165,17,148
S00127058,103,7,96
S00127059,71,20,51
S00127060,113,16,97
S00127061,187,21,166
S00127062,103,19,84
S00127063,143,20,123
S00127064,117,22,95
S00127065,90,10,80
S00127066,130,14,116
S00127067,104,12,92
S00127068,68,13,55
S00127069,64,10,54
S00127070,117,19,98
S00127071,99,18,81
S00127072,148,17,131
S00127073,73,12,61
S00127074,69,10,59
S00127075,95,16,79
S00127076,89,20,69
S00127077,68,8,60
S00127078,58,8,50
S00127079,110,16,94
S00127080,110,17,93
S00127081,89,18,71
S00127082,152,25,127
S00127083,63,10,53
S00127084,63,15,48
S00127085,92,7,85
S00127086,92,11,81
S00127087,67,5,62
S00127088,77,13,64
S00127089,52,9,43
S00127090,140,18,122
S00127091,121,13,108
S00127092,160,25,135
S00127093,75,13,62
S00127094,60,16,44
S00127095,140,39,101
S00127096,77,17,60
S00127097,78,13,65
S00127098,116,21,95
S00127099,114,17,97
S00127100,51,8,43
S00127101,65,14,51
S00127102,83,8,75
S00127103,85,13,72
S00127104,103,13,90
S00127105,147,12,135
S00127106,74,7,67
S00127107,182,24,158
S00127108,121,9,112
S00127109,71,29,42
S00127110,74,16,58
S00127111,65,10,55
S00127112,76,23,53
S00127113,127,16,111
S00127114,147,8,139
S00127115,115,13,102
S00127116,198,13,185
S00127117,128,8,120
S00127118,170,10,160
S00127119,91,29,62
S00127120,53,23,30
S00127121,94,10,84
S00127122,103,10,93
S00127123,66,7,59
S00127124,75,8,67
S00127125,124,31,93
S00127126,123,11,112
S00127127,92,17,75
S00127128,103,13,90
S00127129,132,29,103
S00127130,94,11,83
S00127131,82,13,69
S00127132,99,27,72
S00127133,149,28,121
S00127134,91,17,74
S00127135,55,37,18
S00127136,95,18,77
S00127137,169,23,146
S00127138,139,24,115
S00127139,116,17,99
S00127140,82,19,63
S00127141,125,22,103
S00127142,105,16,89
S00127143,70,21,49
S00127144,85,28,57
S00127145,168,42,126
S00127146,80,23,57
S00127147,104,23,81
S00127148,62,15,47
S00127149,196,16,180
S00127150,120,16,104
S00127151,164,11,153
S00127152,282,55,227
S00127153,147,27,120
S00127154,113,17,96
S00127155,134,16,118
S00127156,180,22,158
S00127157,227,18,209
S00127158,147,13,134
S00127159,141,17,124
S00127160,91,19,72
S00127161,133,20,113
S00127162,132,19,113
S00127163,154,16,138
S00127164,168,65,103
S00127165,206,26,180
S00127166,193,24,169
S00127167,104,17,87
S00127168,124,15,109
S00127169,106,23,83
S00127170,58,11,47
S00127171,121,11,110
S00127172,65,12,53
S00127173,99,9,90
S00127174,85,13,72
S00127175,118,8,110
S00127176,174,18,156
S00127177,178,24,154
S00127178,131,23,108
S00127179,62,15,47
S00127180,142,21,121
S00127181,56,8,48
S00127182,125,20,105
S00127183,177,58,119
S00127184,138,14,124
S00127185,188,24,164
S00127186,108,16,92
S00127187,74,9,65
S00127188,75,19,56
S00127189,103,18,85
S00127190,102,18,84
S00127191,120,15,105
S00127192,118,15,103
S00127193,130,19,111
S00127194,141,25,116
S00127195,108,15,93
S00127196,92,22,70
S00127197,126,20,106
S00127198,130,16,114
S00127199,116,25,91
S00127200,136,31,105
S00127201,91,12,79
S00127202,132,18,114
S00127203,91,28,63
S00127204,57,4,53
S00127205,102,24,78
S00127206,98,7,91
S00127207,192,19,173
S00127208,96,18,78
S00127209,126,21,105
S00127210,150,24,126
S00127211,62,13,49
S00127212,114,18,96
S00127213,71,10,61
S00127214,145,38,107
S00127215,158,31,127
S00127216,156,32,124
S00127217,65,14,51
S00127218,127,15,112
S00127219,107,19,88
S00127220,64,9,55
S00127221,159,25,134
S00127222,90,19,71
S00127223,68,14,54
S00127224,143,28,115
S00127225,79,37,42
S00127226,140,33,107
S00127227,82,23,59
S00127228,57,11,46
S00127229,106,23,83
S00127230,163,19,144
S00127231,86,12,74
S00127232,110,17,93
S00127233,71,18,53
S00127234,83,12,71
S00127235,53,25,28
S00127236,76,6,70
S00127237,119,8,111
S00127238,142,12,130
S00127239,204,95,109
S00127240,171,17,154
S00127241,97,17,80
S00127242,101,6,95
S00127243,150,12,138
S00127244,105,11,94
S00127245,137,8,129
S00127246,96,2,94
S00127247,128,18,110
S00127248,64,11,53
S00127249,168,22,146
S00127250,143,31,112
S00127251,168,10,158
S00127252,61,15,46
S00127253,103,23,80
S00127254,119,21,98
S00127255,54,11,43
S00127256,215,12,203
S00127257,169,14,155
S00127258,136,11,125
S00127259,197,11,186
S00127260,115,10,105
S00127261,140,6,134
S00127262,64,5,59
S00127263,84,10,74
S00127264,132,28,104
S00127265,106,16,90
S00127266,158,24,134
S00127267,248,87,161
S00127268,115,12,103
S00127269,97,27,70
S00127270,94,11,83
S00127271,123,31,92
S00127272,51,6,45
S00127273,131,21,110
S00127274,67,10,57
S00127275,94,20,74
S00127276,81,21,60
S00127277,97,35,62
S00127278,119,11,108
S00127279,64,6,58
S00127280,52,5,47
S00127281,61,45,16
S00127282,99,45,54
S00127283,79,22,57
S00127284,154,12,142
S00127285,82,12,70
S00127286,105,34,71
S00127287,108,18,90
S00127288,109,7,102
S00127289,115,12,103
S00127290,106,11,95
S00127291,84,26,58
S00127292,95,23,72
S00127293,84,10,74
S00127294,125,41,84
S00127295,207,117,90
S00127296,126,30,96
S00127297,71,18,53
S00127298,103,16,87
S00127299,60,13,47
S00127300,120,15,105
S00127301,591,126,465
S00127302,65,13,52
S00127303,70,7,63
S00127304,53,32,21
S00127305,118,27,91
S00127306,65,12,53
S00127307,83,40,43
S00127308,116,19,97
S00127309,102,23,79
S00127310,105,5,100
S00127311,59,1,58
S00127312,90,19,71
S00127313,80,9,71
S00127314,90,12,78
S00127315,141,26,115
S00127316,99,23,76
S00127317,53,31,22
S00127318,137,17,120
S00127319,64,7,57
S00127320,78,11,67
S00127321,104,13,91
S00127322,220,73,147
S00127323,64,12,52
S00127324,161,25,136
S00127325,111,15,96
S00127326,73,10,63
S00127327,154,38,116
S00127328,79,9,70
S00127329,92,23,69
S00127330,101,24,77
S00127331,133,11,122
S00127332,95,8,87
S00127333,131,26,105
S00127334,139,35,104
S00127335,105,21,84
S00127336,88,13,75
S00127337,138,24,114
S00127338,152,52,100
S00127339,92,13,79
S00127340,118,52,66
S00127341,127,33,94
S00127342,118,31,87
S00127343,168,26,142
S00127344,76,32,44
S00127345,74,12,62
S00127346,121,23,98
S00127347,121,13,108
S00127348,94,20,74
S00127349,79,18,61
S00127350,151,32,119
S00127351,85,19,66
S00127352,170,13,157
S00127353,63,21,42
S00127354,58,32,26
S00127355,95,22,73
S00127356,164,29,135
S00127357,66,29,37
S00127358,158,43,115
S00127359,81,22,59
S00127360,128,29,99
S00127361,93,23,70
S00127362,50,13,37
S00127363,124,26,98
S00127364,71,12,59
S00127365,137,16,121
S00127366,194,22,172
S00127367,161,39,122
S00127368,151,36,115
S00127369,68,13,55
S00127370,148,22,126
S00127371,182,25,157
S00127372,337,33,304
S00127373,116,29,87
S00127374,57,13,44
S00127375,89,16,73
S00127376,94,13,81
S00127377,60,21,39
S00127378,145,22,123
S00127379,96,11,85
S00127380,92,16,76
S00127381,172,22,150
S00127382,184,19,165
S00127383,133,21,112
S00127384,135,11,124
S00127385,157,10,147
S00127386,204,16,188
S00127387,171,4,167
S00127388,209,99,110
S00127389,113,11,102
S00127390,123,8,115
S00127391,71,13,58
S00127392,57,9,48
S00127393,56,10,46
S00127394,64,17,47
S00127395,137,22,115
S00127396,156,25,131
S00127397,107,19,88
S00127398,119,20,99
S00127399,97,41,56
S00127400,56,3,53
S00127401,155,29,126
S00127402,116,22,94
S00127403,95,36,59
S00127404,127,23,104
S00127405,93,17,76
S00127406,112,31,81
S00127407,123,37,86
S00127408,144,33,111
S00127409,124,13,111
S00127410,143,34,109
S00127411,138,41,97
S00127412,133,37,96
S00127413,108,27,81
S00127414,74,16,58
S00127415,109,29,80
S00127416,116,30,86
S00127417,147,24,123
S00127418,65,47,18
S00127419,78,23,55
S00127420,97,34,63
S00127421,124,35,89
S00127422,79,14,65
S00127423,86,40,46
S00127424,109,46,63
S00127425,70,13,57
S00127426,103,14,89
S00127427,61,13,48
S00127428,97,28,69
S00127429,150,32,118
S00127430,109,26,83
S00127431,207,53,154
S00127432,150,37,113
S00127433,168,37,131
S00127434,108,20,88
S00127435,68,26,42
S00127436,58,18,40
S00127437,65,23,42
S00127438,58,17,41
S00127439,84,33,51
S00127440,124,41,83
S00127441,79,19,60
S00127442,91,25,66
S00127443,90,46,44
S00127444,83,33,50
S00127445,74,24,50
S00127446,56,26,30
S00127447,68,24,44
S00127448,97,46,51
S00127449,113,24,89
S00127450,84,22,62
S00127451,145,28,117
S00127452,63,24,39
S00127453,51,5,46
S00127454,77,26,51
S00127455,96,18,78
S00127456,72,10,62
S00127457,90,17,73
S00127458,195,25,170
S00127459,159,52,107
S00127460,120,8,112
S00127461,56,27,29
S00127462,96,10,86
S00127463,118,18,100
S00127464,117,40,77
S00127465,83,21,62
S00127466,102,36,66
S00127467,92,7,85
S00127468,114,30,84
S00127469,79,21,58
S00127470,117,24,93
S00127471,88,56,32
S00127472,95,24,71
S00127473,86,12,74
S00127474,127,38,89
S00127475,151,35,116
S00127476,59,16,43
S00127477,96,46,50
S00127478,124,6,118
S00127479,91,25,66
S00127480,119,51,68
S00127481,68,21,47
S00127482,76,19,57
S00127483,115,37,78
S00127484,97,22,75
S00127485,171,42,129
S00127486,92,28,64
S00127487,80,8,72
S00127488,114,43,71
S00127489,72,15,57
S00127490,81,23,58
S00127491,107,23,84
S00127492,81,12,69
S00127493,104,15,89
S00127494,111,34,77
S00127495,121,25,96
S00127496,91,18,73
S00127497,95,25,70
S00127498,112,29,83
S00127499,74,15,59
S00127500,93,20,73
S00127501,77,14,63
S00127502,87,24,63
S00127503,107,42,65
S00127504,67,10,57
S00127505,81,22,59
S00127506,171,22,149
S00127507,135,32,103
S00127508,89,17,72
S00127509,109,16,93
S00127510,166,52,114
S00127511,145,37,108
S00127512,113,19,94
S00127513,157,41,116
S00127514,69,20,49
S00127515,132,28,104
S00127516,155,24,131
S00127517,187,41,146
S00127518,151,37,114
S00127519,187,40,147
S00127520,115,17,98
S00127521,157,28,129
S00127522,113,22,91
S00127523,161,25,136
S00127524,65,12,53
S00127525,106,28,78
S00127526,98,21,77
S00127527,191,35,156
S00127528,58,21,37
S00127529,166,45,121
S00127530,96,21,75
S00127531,99,24,75
S00127532,151,37,114
S00127533,165,37,128
S00127534,93,14,79
S00127535,85,41,44
S00127536,88,34,54
S00127537,100,35,65
S00127538,82,17,65
S00127539,71,34,37
S00127540,149,32,117
S00127541,102,23,79
S00127542,161,37,124
S00127543,115,32,83
S00127544,171,38,133
S00127545,133,30,103
S00127546,138,16,122
S00127547,152,39,113
S00127548,65,16,49
S00127549,199,25,174
S00127550,134,24,110
S00127551,180,25,155
S00127552,125,39,86
S00127553,109,22,87
S00127554,154,20,134
S00127555,155,26,129
S00127556,136,28,108
S00127557,113,24,89
S00127558,136,18,118
S00127559,103,15,88
S00127560,117,20,97
S00127561,132,20,112
S00127562,96,15,81
S00127563,122,25,97
S00127564,91,11,80
S00127565,168,31,137
S00127566,89,8,81
S00127567,142,18,124
S00127568,123,30,93
S00127569,122,30,92
S00127570,100,30,70
S00127571,71,13,58
S00127572,107,27,80
S00127573,117,40,77
S00127574,186,24,162
S00127575,91,35,56
S00127576,97,21,76
S00127577,171,43,128
S00127578,148,36,112
S00127579,117,16,101
S00127580,83,13,70
S00127581,163,38,125
S00127582,102,22,80
S00127583,147,22,125
S00127584,101,32,69
S00127585,109,12,97
S00127586,129,23,106
S00127587,131,22,109
S00127588,142,14,128
S00127589,134,25,109
S00127590,180,38,142
S00127591,170,32,138
S00127592,148,32,116
S00127593,147,26,121
S00127594,59,12,47
S00127595,169,40,129
S00127596,171,34,137
S00127597,83,26,57
S00127598,133,22,111
S00127599,182,39,143
S00127600,62,12,50
S00127601,121,32,89
S00127602,112,17,95
S00127603,98,21,77
S00127604,62,13,49
S00127605,166,45,121
S00127606,106,25,81
S00127607,124,33,91
S00127608,85,34,51
S00127609,50,16,34
S00127610,107,31,76
S00127611,103,28,75
S00127612,79,27,52
S00127613,88,20,68
S00127614,148,52,96
S00127615,138,51,87
S00127616,139,37,102
S00127617,71,22,49
S00127618,51,24,27
S00127619,80,22,58
S00127620,110,26,84
S00127621,149,42,107
S00127622,128,37,91
S00127623,175,42,133
S00127624,86,19,67
S00127625,121,25,96
S00127626,81,11,70
S00127627,67,9,58
S00127628,92,25,67
S00127629,74,19,55
S00127630,67,14,53
S00127631,110,17,93
S00127632,67,20,47
S00127633,83,10,73
S00127634,51,15,36
S00127635,89,12,77
S00127636,58,12,46
S00127637,133,28,105
S00127638,93,25,68
S00127639,95,10,85
S00127640,85,27,58
S00127641,64,23,41
S00127642,75,29,46
S00127643,116,31,85
S00127644,120,14,106
S00127645,97,27,70
S00127646,153,17,136
S00127647,85,22,63
S00127648,78,22,56
S00127649,81,24,57
S00127650,61,15,46
S00127651,134,32,102
S00127652,73,22,51
S00127653,59,19,40
S00127654,104,15,89
S00127655,88,14,74
S00127656,52,15,37
S00127657,62,20,42
S00127658,60,37,23
S00127659,125,14,111
S00127660,100,25,75
S00127661,83,22,61
S00127662,83,12,71
S00127663,117,22,95
S00127664,92,23,69
S00127665,86,12,74
S00127666,73,12,61
S00127667,109,36,73
S00127668,73,25,48
S00127669,129,16,113
S00127670,57,5,52
S00127671,99,17,82
S00127672,114,16,98
S00127673,108,18,90
S00127674,122,62,60
S00127675,108,55,53
S00127676,82,28,54
S00127677,107,34,73
S00127678,114,21,93
S00127679,92,35,57
S00127680,86,38,48
S00127681,82,18,64
S00127682,103,57,46
S00127683,104,17,87
S00127684,105,24,81
S00127685,77,19,58
S00127686,92,29,63
S00127687,126,16,110
S00127688,113,18,95
S00127689,76,13,63
S00127690,65,9,56
S00127691,61,20,41
S00127692,99,38,61
S00127693,57,9,48
S00127694,68,21,47
S00127695,110,15,95
S00127696,69,12,57
S00127697,100,51,49
S00127698,81,29,52
S00127699,154,61,93
S00127700,74,27,47
S00127701,76,30,46
S00127702,87,37,50
S00127703,98,34,64
S00127704,61,10,51
S00127705,51,10,41
S00127706,68,10,58
S00127707,96,20,76
S00127708,66,11,55
S00127709,112,29,83
S00127710,92,15,77
S00127711,138,43,95
S00127712,100,28,72
S00127713,126,12,114
S00127714,119,7,112
S00127715,113,15,98
S00127716,113,27,86
S00127717,102,41,61
S00127718,60,18,42
S00127719,85,7,78
S00127720,130,34,96
S00127721,79,29,50
S00127722,111,33,78
S00127723,121,17,104
S00127724,119,21,98
S00127725,162,44,118
S00127726,96,30,66
S00127727,91,19,72
S00127728,165,17,148
S00127729,125,11,114
S00127730,83,29,54
S00127731,121,13,108
S00127732,116,13,103
S00127733,62,11,51
S00127734,77,31,46
S00127735,126,35,91
S00127736,76,31,45
S00127737,92,31,61
S00127738,85,31,54
S00127739,151,41,110
S00127740,126,33,93
S00127741,77,18,59
S00127742,66,23,43
S00127743,56,7,49
S00127744,136,17,119
S00127745,163,16,147
S00127746,125,15,110
S00127747,99,18,81
S00127748,95,11,84
S00127749,152,24,128
S00127750,104,18,86
S00127751,112,19,93
S00127752,128,28,100
S00127753,61,11,50
S00127754,83,13,70
S00127755,121,12,109
S00127756,117,32,85
S00127757,150,31,119
S00127758,133,9,124
S00127759,129,21,108
S00127760,136,21,115
S00127761,124,15,109
S00127762,102,12,90
S00127763,82,16,66
S00127764,149,22,127
S00127765,163,38,125
S00127766,186,23,163
S00127767,125,21,104
S00127768,156,28,128
S00127769,79,11,68
S00127770,162,27,135
S00127771,157,32,125
S00127772,83,49,34
S00127773,98,11,87
S00127774,95,16,79
S00127775,144,17,127
S00127776,108,19,89
S00127777,106,25,81
S00127778,198,26,172
S00127779,179,26,153
S00127780,122,18,104
S00127781,104,17,87
S00127782,126,31,95
S00127783,114,18,96
S00127784,105,16,89
S00127785,103,20,83
S00127786,118,14,104
S00127787,121,52,69
S00127788,87,11,76
S00127789,143,25,118
S00127790,72,15,57
S00127791,165,24,141
S00127792,128,29,99
S00127793,106,8,98
S00127794,117,16,101
S00127795,121,27,94
S00127796,103,3,100
S00127797,118,33,85
S00127798,137,27,110
S00127799,115,9,106
S00127800,156,105,51
S00127801,53,23,30
S00127802,62,37,25
S00127803,59,27,32
S00127804,64,31,33
S00127805,65,38,27
S00127806,82,20,62
S00127807,77,18,59
S00127808,121,19,102
S00127809,137,14,123
S00127810,82,8,74
S00127811,105,21,84
S00127812,187,37,150
S00127813,146,9,137
S00127814,92,17,75
S00127815,95,20,75
S00127816,97,18,79
S00127817,115,41,74
S00127818,65,25,40
S00127819,105,45,60
S00127820,102,39,63
S00127821,81,24,57
S00127822,80,28,52
S00127823,98,42,56
S00127824,77,35,42
S00127825,65,29,36
S00127826,83,28,55
S00127827,63,35,28
S00127828,71,15,56
S00127829,140,17,123
S00127830,107,38,69
S00127831,119,27,92
S00127832,80,25,55
S00127833,183,36,147
S00127834,182,48,134
S00127835,80,29,51
S00127836,106,24,82
S00127837,78,16,62
S00127838,105,39,66
S00127839,183,17,166
S00127840,112,42,70
S00127841,112,30,82
S00127842,93,10,83
S00127843,74,13,61
S00127844,77,26,51
S00127845,142,29,113
S00127846,133,20,113
S00127847,88,18,70
S00127848,111,21,90
S00127849,75,17,58
S00127850,55,19,36
S00127851,160,34,126
S00127852,82,18,64
S00127853,64,11,53
S00127854,214,83,131
S00127855,102,25,77
S00127856,151,48,103
S00127857,64,11,53
S00127858,179,36,143
S00127859,91,21,70
S00127860,145,18,127
S00127861,302,25,277
S00127862,58,11,47
S00127863,126,24,102
S00127864,119,17,102
S00127865,70,14,56
S00127866,123,17,106
S00127867,108,17,91
S00127868,125,31,94
S00127869,98,38,60
S00127870,121,32,89
S00127871,90,20,70
S00127872,94,26,68
S00127873,116,21,95
S00127874,158,16,142
S00127875,100,28,72
S00127876,128,33,95
S00127877,71,20,51
S00127878,124,25,99
S00127879,99,25,74
S00127880,72,23,49
S00127881,98,22,76
S00127882,123,26,97
S00127883,150,33,117
S00127884,121,31,90
S00127885,99,24,75
S00127886,88,29,59
S00127887,79,7,72
S00127888,96,10,86
S00127889,93,22,71
S00127890,123,16,107
S00127891,113,28,85
S00127892,184,43,141
S00127893,170,37,133
S00127894,116,25,91
S00127895,66,23,43
S00127896,106,36,70
S00127897,148,42,106
S00127898,126,26,100
S00127899,94,28,66
S00127900,109,35,74
S00127901,108,34,74
S00127902,113,17,96
S00127903,116,24,92
S00127904,118,46,72
S00127905,106,21,85
S00127906,111,17,94
S00127907,127,16,111
S00127908,96,20,76
S00127909,209,129,80
S00127910,97,24,73
S00127911,172,35,137
S00127912,145,35,110
S00127913,129,21,108
S00127914,83,15,68
S00127915,127,22,105
S00127916,102,24,78
S00127917,122,27,95
S00127918,151,33,118
S00127919,136,25,111
S00127920,107,30,77
S00127921,61,12,49
S00127922,74,16,58
S00127923,116,27,89
S00127924,101,16,85
S00127925,125,28,97
S00127926,134,26,108
S00127927,182,19,163
S00127928,150,22,128
S00127929,104,15,89
S00127930,81,16,65
S00127931,86,16,70
S00127932,96,9,87
S00127933,138,17,121
S00127934,139,14,125
S00127935,119,23,96
S00127936,90,22,68
S00127937,114,37,77
S00127938,122,25,97
S00127939,83,11,72
S00127940,132,18,114
S00127941,111,16,95
S00127942,65,11,54
S00127943,82,43,39
S00127944,79,5,74
S00127945,149,29,120
S00127946,108,28,80
S00127947,199,124,75
S00127948,97,32,65
S00127949,82,21,61
S00127950,65,10,55
S00127951,67,26,41
S00127952,72,25,47
S00127953,106,25,81
S00127954,115,19,96
S00127955,58,25,33
S00127956,150,38,112
S00127957,86,14,72
S00127958,106,18,88
S00127959,64,9,55
S00127960,64,13,51
S00127961,71,13,58
S00127962,76,25,51
S00127963,59,10,49
S00127964,57,6,51
S00127965,76,19,57
S00127966,83,45,38
S00127967,120,15,105
S00127968,123,23,100
S00127969,106,17,89
S00127970,64,12,52
S00127971,90,9,81
S00127972,104,17,87
S00127973,128,19,109
S00127974,97,8,89
S00127975,131,21,110
S00127976,86,18,68
S00127977,129,20,109
S00127978,120,15,105
S00127979,100,14,86
S00127980,139,23,116
S00127981,143,25,118
S00127982,120,15,105
S00127983,100,12,88
S00127984,100,17,83
S00127985,136,24,112
S00127986,94,10,84
S00127987,87,10,77
S00127988,122,18,104
S00127989,118,16,102
S00127990,149,33,116
S00127991,97,26,71
S00127992,75,19,56
S00127993,137,34,103
S00127994,110,17,93
S00127995,107,25,82
S00127996,119,24,95
S00127997,104,17,87
S00127998,91,17,74
S00127999,52,16,36
S00128000,150,28,122
S00128001,113,22,91
S00128002,107,32,75
S00128003,74,25,49
S00128004,129,23,106
S00128005,84,12,72
S00128006,100,21,79
S00128007,68,24,44
S00128008,69,24,45
S00128009,104,38,66
S00128010,108,22,86
S00128011,115,28,87
S00128012,102,28,74
S00128013,68,14,54
S00128014,175,91,84
S00128015,156,40,116
S00128016,101,32,69
S00128017,83,21,62
S00128018,105,35,70
S00128019,81,31,50
S00128020,94,35,59
S00128021,71,15,56
S00128022,80,25,55
S00128023,63,17,46
S00128024,89,23,66
S00128025,115,24,91
S00128026,171,20,151
S00128027,151,35,116
S00128028,74,21,53
S00128029,134,15,119
S00128030,92,25,67
S00128031,142,40,102
S00128032,108,30,78
S00128033,71,28,43
S00128034,123,18,105
S00128035,127,7,120
S00128036,99,18,81
S00128037,63,7,56
S00128038,65,19,46
S00128039,168,36,132
S00128040,62,19,43
S00128041,52,10,42
S00128042,75,20,55
S00128043,75,33,42
S00128044,136,22,114
S00128045,102,19,83
S00128046,142,33,109
S00128047,89,36,53
S00128048,66,19,47
S00128049,67,28,39
S00128050,81,22,59
S00128051,75,14,61
S00128052,95,31,64
S00128053,114,31,83
S00128054,82,5,77
S00128055,157,35,122
S00128056,59,9,50
S00128057,139,27,112
S00128058,203,12,191
S00128059,131,7,124
S00128060,148,23,125
S00128061,95,37,58
S00128062,103,22,81
S00128063,80,34,46
S00128064,99,23,76
S00128065,81,25,56
S00128066,111,38,73
S00128067,78,32,46
S00128068,89,23,66
S00128069,73,39,34
S00128070,75,28,47
S00128071,79,15,64
S00128072,154,17,137
S00128073,80,32,48
S00128074,98,19,79
S00128075,82,26,56
S00128076,86,28,58
S00128077,124,32,92
S00128078,79,46,33
S00128079,62,22,40
S00128080,115,33,82
S00128081,62,18,44
S00128082,99,26,73
S00128083,97,25,72
S00128084,121,36,85
S00128085,98,24,74
S00128086,84,25,59
S00128087,131,31,100
S00128088,103,25,78
S00128089,81,25,56
S00128090,105,35,70
S00128091,93,26,67
S00128092,92,26,66
S00128093,101,26,75
S00128094,89,25,64
S00128095,97,24,73
S00128096,98,33,65
S00128097,130,39,91
S00128098,131,47,84
S00128099,74,19,55
S00128100,108,38,70
S00128101,130,37,93
S00128102,95,25,70
S00128103,87,27,60
S00128104,102,36,66
S00128105,84,25,59
S00128106,82,11,71
S00128107,65,21,44
S00128108,151,42,109
S00128109,118,42,76
S00128110,127,28,99
S00128111,144,41,103
S00128112,215,51,164
S00128113,109,47,62
S00128114,103,31,72
S00128115,96,11,85
S00128116,77,16,61
S00128117,84,18,66
S00128118,134,23,111
S00128119,101,12,89
S00128120,112,32,80
S00128121,106,24,82
S00128122,115,25,90
S00128123,121,19,102
S00128124,112,20,92
S00128125,186,30,156
S00128126,87,30,57
S00128127,128,10,118
S00128128,106,7,99
S00128129,174,104,70
S00128130,51,8,43
S00128131,119,22,97
S00128132,89,17,72
S00128133,124,33,91
S00128134,92,32,60
S00128135,90,22,68
S00128136,99,41,58
S00128137,158,40,118
S00128138,52,18,34
S00128139,100,30,70
S00128140,96,18,78
S00128141,113,23,90
S00128142,60,20,40
S00128143,57,31,26
S00128144,210,24,186
S00128145,101,15,86
S00128146,139,30,109
S00128147,94,18,76
S00128148,86,31,55
S00128149,71,20,51
S00128150,117,16,101
S00128151,134,30,104
S00128152,115,6,109
S00128153,128,17,111
S00128154,136,11,125
S00128155,104,27,77
S00128156,130,33,97
S00128157,127,34,93
S00128158,76,26,50
S00128159,68,17,51
S00128160,87,38,49
S00128161,123,24,99
S00128162,105,19,86
S00128163,112,23,89
S00128164,72,14,58
S00128165,73,14,59
S00128166,58,8,50
S00128167,74,16,58
S00128168,137,30,107
S00128169,82,23,59
S00128170,143,32,111
S00128171,107,26,81
S00128172,103,27,76
S00128173,108,23,85
S00128174,115,18,97
S00128175,103,18,85
S00128176,118,17,101
S00128177,127,17,110
S00128178,100,26,74
S00128179,81,10,71
S00128180,112,21,91
S00128181,125,34,91
S00128182,91,17,74
S00128183,90,24,66
S00128184,83,29,54
S00128185,225,87,138
S00128186,88,25,63
S00128187,109,14,95
S00128188,92,26,66
S00128189,98,31,67
S00128190,134,37,97
S00128191,87,29,58
S00128192,103,23,80
S00128193,101,25,76
S00128194,106,30,76
S00128195,115,25,90
S00128196,120,37,83
S00128197,154,39,115
S00128198,135,34,101
S00128199,80,11,69
S00128200,93,14,79
S00128201,143,35,108
S00128202,96,20,76
S00128203,103,28,75
S00128204,76,16,60
S00128205,150,37,113
S00128206,165,34,131
S00128207,63,16,47
S00128208,60,19,41
S00128209,62,6,56
S00128210,119,17,102
S00128211,100,22,78
S00128212,78,10,68
S00128213,92,9,83
S00128214,73,22,51
S00128215,57,13,44
S00128216,86,10,76
S00128217,102,35,67
S00128218,94,22,72
S00128219,77,34,43
S00128220,114,62,52
S00128221,111,29,82
S00128222,59,16,43
S00128223,52,13,39
S00128224,109,20,89
S00128225,135,23,112
S00128226,118,41,77
S00128227,112,24,88
S00128228,158,33,125
S00128229,159,27,132
S00128230,109,37,72
S00128231,87,23,64
S00128232,92,27,65
S00128233,134,27,107
S00128234,95,26,69
S00128235,103,37,66
S00128236,148,29,119
S00128237,119,38,81
S00128238,122,39,83
S00128239,154,22,132
S00128240,117,19,98
S00128241,122,13,109
S00128242,186,24,162
S00128243,124,19,105
S00128244,118,19,99
S00128245,91,16,75
S00128246,126,20,106
S00128247,96,27,69
S00128248,77,6,71
S00128249,66,11,55
S00128250,109,17,92
S00128251,158,24,134
S00128252,180,35,145
S00128253,133,17,116
S00128254,166,32,134
S00128255,192,31,161
S00128256,134,26,108
S00128257,149,36,113
S00128258,101,15,86
S00128259,111,27,84
S00128260,84,18,66
S00128261,181,19,162
S00128262,126,25,101
S00128263,93,16,77
S00128264,160,30,130
S00128265,167,21,146
S00128266,163,27,136
S00128267,141,32,109
S00128268,135,39,96
S00128269,92,25,67
S00128270,125,18,107
S00128271,122,22,100
S00128272,131,19,112
S00128273,128,25,103
S00128274,140,21,119
S00128275,144,28,116
S00128276,110,17,93
S00128277,148,22,126
S00128278,122,10,112
S00128279,132,12,120
S00128280,187,20,167
S00128281,128,13,115
S00128282,83,12,71
S00128283,96,9,87
S00128284,98,11,87
S00128285,120,11,109
S00128286,97,25,72
S00128287,105,30,75
S00128288,105,24,81
S00128289,101,18,83
S00128290,76,8,68
S00128291,130,47,83
S00128292,134,25,109
S00128293,124,30,94
S00128294,86,23,63
S00128295,145,44,101
S00128296,135,35,100
S00128297,94,29,65
S00128298,171,25,146
S00128299,84,22,62
S00128300,116,12,104
S00128301,111,27,84
S00128302,155,19,136
S00128303,130,17,113
S00128304,75,6,69
S00128305,180,30,150
S00128306,106,7,99
S00128307,84,4,80
S00128308,143,12,131
S00128309,199,21,178
S00128310,161,16,145
S00128311,133,9,124
S00128312,99,26,73
S00128313,162,19,143
S00128314,133,7,126
S00128315,60,15,45
S00128316,97,21,76
S00128317,136,24,112
S00128318,118,12,106
S00128319,158,13,145
S00128320,165,13,152
S00128321,99,24,75
S00128322,188,15,173
S00128323,166,14,152
S00128324,152,31,121
S00128325,149,25,124
S00128326,172,16,156
S00128327,135,21,114
S00128328,105,12,93
S00128329,106,15,91
S00128330,79,16,63
S00128331,115,19,96
S00128332,120,28,92
S00128333,114,22,92
S00128334,120,16,104
S00128335,76,16,60
S00128336,201,17,184
S00128337,149,10,139
S00128338,116,11,105
S00128339,173,20,153
S00128340,146,21,125
S00128341,107,18,89
S00128342,119,13,106
S00128343,149,21,128
S00128344,117,22,95
S00128345,102,13,89
S00128346,132,28,104
S00128347,98,30,68
S00128348,96,21,75
S00128349,148,35,113
S00128350,156,29,127
S00128351,102,32,70
S00128352,100,20,80
S00128353,92,17,75
S00128354,180,29,151
S00128355,155,35,120
S00128356,142,36,106
S00128357,149,17,132
S00128358,130,19,111
S00128359,155,19,136
S00128360,157,13,144
S00128361,156,10,146
S00128362,176,29,147
S00128363,109,33,76
S00128364,86,39,47
S00128365,108,17,91
S00128366,153,28,125
S00128367,122,17,105
S00128368,84,18,66
S00128369,150,26,124
S00128370,198,30,168
S00128371,121,33,88
S00128372,138,26,112
S00128373,120,97,23
S00128374,95,30,65
S00128375,174,36,138
S00128376,149,33,116
S00128377,124,20,104
S00128378,187,45,142
S00128379,120,29,91
S00128380,96,20,76
S00128381,146,36,110
S00128382,166,41,125
S00128383,152,24,128
S00128384,160,17,143
S00128385,135,19,116
S00128386,122,24,98
S00128387,101,27,74
S00128388,91,21,70
S00128389,95,27,68
S00128390,120,12,108
S00128391,149,37,112
S00128392,168,25,143
S00128393,198,16,182
S00128394,65,16,49
S00128395,85,14,71
S00128396,100,8,92
S00128397,91,19,72
S00128398,132,37,95
S00128399,135,21,114
S00128400,130,42,88
S00128401,133,26,107
S00128402,65,12,53
S00128403,182,16,166
S00128404,168,11,157
S00128405,122,11,111
S00128406,178,22,156
S00128407,197,39,158
S00128408,96,22,74
S00128409,84,10,74
S00128410,67,13,54
S00128411,192,74,118
S00128412,88,22,66
S00128413,109,14,95
S00128414,95,28,67
S00128415,148,19,129
S00128416,107,26,81
S00128417,97,31,66
S00128418,106,18,88
S00128419,94,19,75
S00128420,142,18,124
S00128421,154,23,131
S00128422,188,18,170
S00128423,186,36,150
S00128424,143,17,126
S00128425,200,27,173
S00128426,150,15,135
S00128427,158,18,140
S00128428,119,18,101
S00128429,162,23,139
S00128430,150,29,121
S00128431,125,21,104
S00128432,94,14,80
S00128433,67,13,54
S00128434,85,23,62
S00128435,135,19,116
S00128436,130,23,107
S00128437,92,25,67
S00128438,113,16,97
S00128439,105,33,72
S00128440,141,21,120
S00128441,143,29,114
S00128442,80,18,62
S00128443,106,17,89
S00128444,189,21,168
S00128445,141,18,123
S00128446,128,20,108
S00128447,218,11,207
S00128448,187,24,163
S00128449,132,29,103
S00128450,162,25,137
S00128451,186,25,161
S00128452,136,10,126
S00128453,92,15,77
S00128454,119,19,100
S00128455,109,23,86
S00128456,190,8,182
S00128457,85,17,68
S00128458,127,22,105
S00128459,57,14,43
S00128460,98,20,78
S00128461,75,11,64
S00128462,87,21,66
S00128463,122,34,88
S00128464,72,18,54
S00128465,88,22,66
S00128466,98,27,71
S00128467,60,7,53
S00128468,125,29,96
S00128469,116,7,109
S00128470,148,13,135
S00128471,81,15,66
S00128472,75,9,66
S00128473,150,24,126
S00128474,132,18,114
S00128475,64,7,57
S00128476,150,27,123
S00128477,125,26,99
S00128478,59,15,44
S00128479,83,11,72
S00128480,150,16,134
S00128481,98,25,73
S00128482,85,15,70
S00128483,86,16,70
S00128484,61,10,51
S00128485,68,4,64
S00128486,104,12,92
S00128487,162,40,122
S00128488,199,33,166
S00128489,137,32,105
S00128490,111,39,72
S00128491,131,11,120
S00128492,60,9,51
S00128493,74,15,59
S00128494,79,14,65
S00128495,129,19,110
S00128496,150,36,114
S00128497,119,9,110
S00128498,194,22,172
S00128499,135,34,101
S00128500,109,21,88
S00128501,82,44,38
S00128502,163,57,106
S00128503,110,21,89
S00128504,89,27,62
S00128505,61,13,48
S00128506,93,16,77
S00128507,78,28,50
S00128508,70,14,56
S00128509,96,34,62
S00128510,143,40,103
S00128511,84,13,71
S00128512,75,15,60
S00128513,115,23,92
S00128514,81,23,58
S00128515,128,13,115
S00128516,121,21,100
S00128517,57,23,34
S00128518,50,19,31
S00128519,91,29,62
S00128520,81,23,58
S00128521,131,36,95
S00128522,64,24,40
S00128523,67,8,59
S00128524,117,39,78
S00128525,71,22,49
S00128526,59,15,44
S00128527,103,38,65
S00128528,91,20,71
S00128529,279,37,242
S00128530,153,23,130
S00128531,86,27,59
S00128532,64,11,53
S00128533,149,25,124
S00128534,101,19,82
S00128535,51,15,36
S00128536,85,16,69
S00128537,179,28,151
S00128538,114,17,97
S00128539,177,24,153
S00128540,101,77,24
S00128541,317,221,96
S00128542,56,29,27
S00128543,186,25,161
S00128544,114,26,88
S00128545,51,11,40
S00128546,76,14,62
S00128547,51,17,34
S00128548,108,27,81
S00128549,105,40,65
S00128550,89,24,65
S00128551,94,15,79
S00128552,94,22,72
S00128553,97,46,51
S00128554,153,22,131
S00128555,106,23,83
S00128556,124,20,104
S00128557,78,23,55
S00128558,74,14,60
S00128559,100,24,76
S00128560,75,11,64
S00128561,91,13,78
S00128562,101,10,91
S00128563,137,10,127
S00128564,129,17,112
S00128565,166,22,144
S00128566,75,17,58
S00128567,70,19,51
S00128568,93,16,77
S00128569,52,5,47
S00128570,81,17,64
S00128571,112,36,76
S00128572,122,42,80
S00128573,84,12,72
S00128574,90,26,64
S00128575,59,23,36
S00128576,140,33,107
S00128577,90,37,53
S00128578,87,41,46
S00128579,75,26,49
S00128580,81,28,53
S00128581,80,12,68
S00128582,157,31,126
S00128583,90,28,62
S00128584,91,24,67
S00128585,98,22,76
S00128586,144,43,101
S00128587,157,27,130
S00128588,102,18,84
S00128589,62,28,34
S00128590,63,21,42
S00128591,67,18,49
S00128592,68,33,35
S00128593,75,16,59
S00128594,87,37,50
S00128595,59,30,29
S00128596,56,32,24
S00128597,58,40,18
S00128598,53,33,20
S00128599,77,4,73
S00128600,123,10,113
S00128601,86,36,50
S00128602,55,32,23
S00128603,79,32,47
S00128604,70,22,48
S00128605,68,39,29
S00128606,65,23,42
S00128607,108,21,87
S00128608,86,6,80
S00128609,129,9,120
S00128610,100,40,60
S00128611,66,24,42
S00128612,54,16,38
S00128613,104,21,83
S00128614,62,16,46
S00128615,98,22,76
S00128616,125,19,106
S00128617,137,15,122
S00128618,76,13,63
S00128619,50,17,33
S00128620,82,54,28
S00128621,163,19,144
S00128622,111,38,73
S00128623,125,17,108
S00128624,103,42,61
S00128625,122,25,97
S00128626,128,13,115
S00128627,93,17,76
S00128628,157,16,141
S00128629,115,24,91
S00128630,76,20,56
S00128631,75,15,60
S00128632,107,33,74
S00128633,170,17,153
S00128634,114,11,103
S00128635,157,65,92
S00128636,183,103,80
S00128637,157,10,147
S00128638,136,15,121
S00128639,152,9,143
S00128640,116,11,105
S00128641,110,19,91
S00128642,118,25,93
S00128643,111,18,93
S00128644,69,9,60
S00128645,101,16,85
S00128646,106,17,89
S00128647,70,14,56
S00128648,101,28,73
S00128649,82,22,60
S00128650,106,24,82
S00128651,96,16,80
S00128652,105,33,72
S00128653,123,20,103
S00128654,140,24,116
S00128655,153,19,134
S00128656,79,5,74
S00128657,151,19,132
S00128658,155,21,134
S00128659,170,17,153
S00128660,123,11,112
S00128661,106,18,88
S00128662,89,21,68
S00128663,139,15,124
S00128664,149,23,126
S00128665,85,12,73
S00128666,128,21,107
S00128667,105,21,84
S00128668,147,30,117
S00128669,101,25,76
S00128670,112,27,85
S00128671,89,23,66
S00128672,69,25,44
S00128673,62,10,52
S00128674,53,36,17
S00128675,180,17,163
S00128676,177,21,156
S00128677,137,42,95
S00128678,65,16,49
S00128679,133,37,96
S00128680,177,35,142
S00128681,52,6,46
S00128682,54,13,41
S00128683,142,29,113
S00128684,98,31,67
S00128685,111,18,93
S00128686,124,8,116
S00128687,85,18,67
S00128688,103,42,61
S00128689,50,17,33
S00128690,121,33,88
S00128691,70,31,39
S00128692,110,25,85
S00128693,121,43,78
S00128694,83,16,67
S00128695,51,9,42
S00128696,65,14,51
S00128697,105,29,76
S00128698,111,28,83
S00128699,85,29,56
S00128700,58,8,50
S00128701,57,25,32
S00128702,118,45,73
S00128703,98,30,68
S00128704,97,9,88
S00128705,74,12,62
S00128706,126,11,115
S00128707,136,9,127
S00128708,96,10,86
S00128709,232,25,207
S00128710,71,23,48
S00128711,102,15,87
S00128712,102,8,94
S00128713,80,28,52
S00128714,59,4,55
S00128715,134,11,123
S00128716,58,9,49
S00128717,54,13,41
S00128718,96,13,83
S00128719,61,15,46
S00128720,122,20,102
S00128721,137,13,124
S00128722,122,37,85
S00128723,113,22,91
S00128724,64,9,55
S00128725,90,5,85
S00128726,76,14,62
S00128727,56,19,37
S00128728,79,7,72
S00128729,171,23,148
S00128730,102,24,78
S00128731,126,11,115
S00128732,95,40,55
S00128733,51,25,26
S00128734,59,51,8
S00128735,127,21,106
S00128736,82,7,75
S00128737,162,9,153
S00128738,158,18,140
S00128739,187,24,163
S00128740,237,17,220
S00128741,176,16,160
S00128742,107,21,86
S00128743,70,9,61
S00128744,124,30,94
S00128745,153,22,131
S00128746,92,24,68
S00128747,63,5,58
S00128748,65,24,41
S00128749,55,31,24
S00128750,77,47,30
S00128751,96,12,84
S00128752,53,8,45
S00128753,99,13,86
S00128754,183,21,162
S00128755,55,17,38
S00128756,71,18,53
S00128757,219,39,180
S00128758,106,28,78
S00128759,113,26,87
S00128760,99,18,81
S00128761,83,6,77
S00128762,214,13,201
S00128763,115,6,109
S00128764,253,12,241
S00128765,177,21,156
S00128766,171,22,149
S00128767,172,14,158
S00128768,79,14,65
S00128769,53,2,51
S00128770,93,9,84
S00128771,96,9,87
S00128772,80,36,44
S00128773,162,38,124
S00128774,184,11,173
S00128775,128,9,119
S00128776,102,18,84
S00128777,129,23,106
S00128778,129,13,116
S00128779,82,10,72
S00128780,67,8,59
S00128781,157,38,119
S00128782,216,12,204
S00128783,133,18,115
S00128784,110,5,105
S00128785,169,19,150
S00128786,102,16,86
S00128787,167,34,133
S00128788,178,23,155
S00128789,179,12,167
S00128790,128,9,119
S00128791,171,22,149
S00128792,95,13,82
S00128793,55,15,40
S00128794,86,24,62
S00128795,55,15,40
S00128796,99,20,79
S00128797,66,18,48
S00128798,121,18,103
S00128799,191,28,163
S00128800,119,22,97
S00128801,134,19,115
S00128802,119,40,79
S00128803,103,34,69
S00128804,164,42,122
S00128805,61,18,43
S00128806,126,32,94
S00128807,96,23,73
S00128808,134,25,109
S00128809,125,28,97
S00128810,151,43,108
S00128811,124,26,98
S00128812,166,29,137
S00128813,72,17,55
S00128814,90,5,85
S00128815,69,36,33
S00128816,91,30,61
S00128817,94,14,80
S00128818,178,12,166
S00128819,130,15,115
S00128820,103,12,91
S00128821,134,17,117
S00128822,120,28,92
S00128823,67,26,41
S00128824,274,78,196
S00128825,160,16,144
S00128826,61,9,52
S00128827,89,15,74
S00128828,112,23,89
S00128829,107,12,95
S00128830,99,22,77
S00128831,116,32,84
S00128832,76,20,56
S00128833,122,28,94
S00128834,79,16,63
S00128835,114,18,96
S00128836,144,33,111
S00128837,193,20,173
S00128838,107,9,98
S00128839,127,14,113
S00128840,93,3,90
S00128841,195,24,171
S00128842,100,26,74
S00128843,136,20,116
S00128844,90,9,81
S00128845,87,10,77
S00128846,128,28,100
S00128847,79,30,49
S00128848,106,35,71
S00128849,106,30,76
S00128850,175,11,164
S00128851,176,12,164
S00128852,161,14,147
S00128853,110,10,100
S00128854,190,18,172
S00128855,201,19,182
S00128856,85,3,82
S00128857,96,22,74
S00128858,51,8,43
S00128859,89,14,75
S00128860,136,36,100
S00128861,113,22,91
S00128862,68,18,50
S00128863,247,25,222
S00128864,107,17,90
S00128865,144,9,135
S00128866,80,14,66
S00128867,64,5,59
S00128868,210,22,188
S00128869,122,10,112
S00128870,70,28,42
S00128871,70,21,49
S00128872,79,12,67
S00128873,126,20,106
S00128874,75,10,65
S00128875,105,49,56
S00128876,73,24,49
S00128877,102,27,75
S00128878,73,10,63
S00128879,93,25,68
S00128880,80,16,64
S00128881,202,26,176
S00128882,72,9,63
S00128883,107,17,90
S00128884,254,28,226
S00128885,166,16,150
S00128886,197,12,185
S00128887,68,3,65
S00128888,59,2,57
S00128889,107,20,87
S00128890,107,11,96
S00128891,158,11,147
S00128892,60,12,48
S00128893,123,28,95
S00128894,78,18,60
S00128895,109,26,83
S00128896,84,10,74
S00128897,308,19,289
S00128898,139,15,124
S00128899,124,6,118
S00128900,167,13,154
S00128901,110,13,97
S00128902,167,15,152
S00128903,117,16,101
S00128904,168,5,163
S00128905,116,9,107
S00128906,157,29,128
S00128907,99,11,88
S00128908,145,18,127
S00128909,51,7,44
S00128910,151,22,129
S00128911,55,20,35
S00128912,94,6,88
S00128913,92,16,76
S00128914,125,36,89
S00128915,112,26,86
S00128916,111,30,81
S00128917,121,26,95
S00128918,172,11,161
S00128919,131,6,125
S00128920,171,25,146
S00128921,147,6,141
S00128922,91,31,60
S00128923,167,14,153
S00128924,108,20,88
S00128925,150,11,139
S00128926,212,14,198
S00128927,95,11,84
S00128928,160,25,135
S00128929,86,19,67
S00128930,138,32,106
S00128931,104,5,99
S00128932,195,25,170
S00128933,84,7,77
S00128934,169,12,157
S00128935,80,10,70
S00128936,166,10,156
S00128937,124,19,105
S00128938,114,32,82
S00128939,165,21,144
S00128940,122,22,100
S00128941,83,26,57
S00128942,162,13,149
S00128943,148,17,131
S00128944,117,27,90
S00128945,85,15,70
S00128946,68,12,56
S00128947,197,28,169
S00128948,118,19,99
S00128949,165,32,133
S00128950,170,32,138
S00128951,168,40,128
S00128952,121,16,105
S00128953,208,23,185
S00128954,111,18,93
S00128955,101,10,91
S00128956,54,13,41
S00128957,177,15,162
S00128958,81,12,69
S00128959,148,22,126
S00128960,100,20,80
S00128961,83,11,72
S00128962,238,42,196
S00128963,91,12,79
S00128964,76,15,61
S00128965,131,18,113
S00128966,134,21,113
S00128967,76,27,49
S00128968,198,28,170
S00128969,135,32,103
S00128970,126,19,107
S00128971,164,25,139
S00128972,147,15,132
S00128973,117,10,107
S00128974,172,17,155
S00128975,158,13,145
S00128976,97,18,79
S00128977,85,15,70
S00128978,96,26,70
S00128979,108,23,85
S00128980,81,12,69
S00128981,82,13,69
S00128982,161,29,132
S00128983,106,17,89
S00128984,103,15,88
S00128985,132,31,101
S00128986,85,6,79
S00128987,115,11,104
S00128988,67,13,54
S00128989,154,27,127
S00128990,130,19,111
S00128991,148,32,116
S00128992,162,38,124
S00128993,98,17,81
S00128994,67,13,54
S00128995,144,29,115
S00128996,175,28,147
S00128997,59,6,53
S00128998,170,31,139
S00128999,114,17,97
S00129000,108,22,86
S00129001,74,12,62
S00129002,61,12,49
S00129003,165,24,141
S00129004,234,28,206
S00129005,169,32,137
S00129006,59,4,55
S00129007,183,26,157
S00129008,136,33,103
S00129009,153,44,109
S00129010,74,17,57
S00129011,114,19,95
S00129012,111,34,77
S00129013,195,46,149
S00129014,61,8,53
S00129015,88,21,67
S00129016,138,28,110
S00129017,85,18,67
S00129018,85,18,67
S00129019,60,17,43
S00129020,117,18,99
S00129021,69,11,58
S00129022,94,16,78
S00129023,128,27,101
S00129024,111,16,95
S00129025,99,21,78
S00129026,148,35,113
S00129027,94,22,72
S00129028,114,17,97
S00129029,85,22,63
S00129030,154,21,133
S00129031,96,14,82
S00129032,58,13,45
S00129033,139,27,112
S00129034,150,37,113
S00129035,73,11,62
S00129036,179,22,157
S00129037,113,17,96
S00129038,99,15,84
S00129039,107,23,84
S00129040,121,20,101
S00129041,145,45,100
S00129042,88,19,69
S00129043,161,23,138
S00129044,122,31,91
S00129045,180,33,147
S00129046,121,20,101
S00129047,93,20,73
S00129048,94,25,69
S00129049,94,17,77
S00129050,76,15,61
S00129051,104,17,87
S00129052,136,22,114
S00129053,62,10,52
S00129054,69,14,55
S00129055,87,21,66
S00129056,79,12,67
S00129057,69,11,58
S00129058,94,10,84
S00129059,65,15,50
S00129060,85,16,69
S00129061,80,11,69
S00129062,194,51,143
S00129063,122,37,85
S00129064,65,14,51
S00129065,67,12,55
S00129066,96,17,79
S00129067,119,22,97
S00129068,89,21,68
S00129069,144,24,120
S00129070,160,37,123
S00129071,87,15,72
S00129072,102,12,90
S00129073,113,28,85
S00129074,78,13,65
S00129075,167,14,153
S00129076,112,20,92
S00129077,50,8,42
S00129078,146,30,116
S00129079,82,10,72
S00129080,62,7,55
S00129081,77,13,64
S00129082,69,15,54
S00129083,73,20,53
S00129084,91,14,77
S00129085,156,15,141
S00129086,85,16,69
S00129087,101,17,84
S00129088,81,8,73
S00129089,135,17,118
S00129090,163,23,140
S00129091,167,37,130
S00129092,66,14,52
S00129093,61,9,52
S00129094,74,16,58
S00129095,79,21,58
S00129096,139,20,119
S00129097,64,6,58
S00129098,88,7,81
S00129099,130,8,122
S00129100,202,37,165
S00129101,137,9,128
S00129102,79,12,67
S00129103,153,21,132
S00129104,199,23,176
S00129105,99,12,87
S00129106,61,5,56
S00129107,251,39,212
S00129108,75,5,70
S00129109,134,34,100
S00129110,58,7,51
S00129111,175,31,144
S00129112,98,24,74
S00129113,215,22,193
S00129114,147,15,132
S00129115,119,16,103
S00129116,117,22,95
S00129117,60,15,45
S00129118,154,18,136
S00129119,106,19,87
S00129120,76,10,66
S00129121,161,32,129
S00129122,146,26,120
S00129123,106,15,91
S00129124,97,16,81
S00129125,154,35,119
S00129126,54,10,44
S00129127,129,25,104
S00129128,72,20,52
S00129129,114,9,105
S00129130,63,9,54
S00129131,164,25,139
S00129132,110,13,97
S00129133,76,26,50
S00129134,109,45,64
S00129135,138,23,115
S00129136,95,24,71
S00129137,95,16,79
S00129138,77,14,63
S00129139,85,13,72
S00129140,94,10,84
S00129141,270,51,219
S00129142,120,15,105
S00129143,136,83,53
S00129144,117,5,112
S00129145,73,13,60
S00129146,150,20,130
S00129147,150,24,126
S00129148,124,22,102
S00129149,112,10,102
S00129150,60,4,56
S00129151,109,22,87
S00129152,137,26,111
S00129153,168,84,84
S00129154,114,15,99
S00129155,171,87,84
S00129156,101,25,76
S00129157,178,29,149
S00129158,196,26,170
S00129159,113,25,88
S00129160,137,33,104
S00129161,75,18,57
S00129162,98,10,88
S00129163,105,17,88
S00129164,127,16,111
S00129165,82,5,77
S00129166,102,13,89
S00129167,67,8,59
S00129168,68,21,47
S00129169,119,14,105
S00129170,176,10,166
S00129171,62,7,55
S00129172,170,63,107
S00129173,72,12,60
S00129174,228,7,221
S00129175,117,24,93
S00129176,147,32,115
S00129177,94,18,76
S00129178,133,33,100
S00129179,64,24,40
S00129180,81,12,69
S00129181,107,24,83
S00129182,134,20,114
S00129183,54,6,48
S00129184,152,25,127
S00129185,101,21,80
S00129186,112,31,81
S00129187,102,22,80
S00129188,167,19,148
S00129189,86,17,69
S00129190,100,12,88
S00129191,136,21,115
S00129192,70,12,58
S00129193,85,20,65
S00129194,134,23,111
S00129195,68,10,58
S00129196,166,61,105
S00129197,101,24,77
S00129198,77,18,59
S00129199,87,18,69
S00129200,100,14,86
S00129201,106,17,89
S00129202,83,23,60
S00129203,96,22,74
S00129204,164,36,128
S00129205,102,31,71
S00129206,105,27,78
S00129207,62,10,52
S00129208,149,35,114
S00129209,127,32,95
S00129210,120,38,82
S00129211,109,33,76
S00129212,90,29,61
S00129213,134,24,110
S00129214,90,21,69
S00129215,82,15,67
S00129216,121,80,41
S00129217,93,11,82
S00129218,79,31,48
S00129219,61,27,34
S00129220,98,31,67
S00129221,95,41,54
S00129222,154,48,106
S00129223,131,49,82
S00129224,112,33,79
S00129225,176,40,136
S00129226,89,12,77
S00129227,91,19,72
S00129228,72,14,58
S00129229,70,17,53
S00129230,113,29,84
S00129231,123,30,93
S00129232,89,37,52
S00129233,86,26,60
S00129234,112,29,83
S00129235,158,41,117
S00129236,146,27,119
S00129237,115,19,96
S00129238,117,31,86
S00129239,107,28,79
S00129240,161,37,124
S00129241,167,21,146
S00129242,169,41,128
S00129243,156,39,117
S00129244,75,25,50
S00129245,87,10,77
S00129246,75,19,56
S00129247,111,37,74
S00129248,96,15,81
S00129249,182,29,153
S00129250,145,21,124
S00129251,124,34,90
S00129252,153,38,115
S00129253,151,29,122
S00129254,92,28,64
S00129255,85,23,62
S00129256,132,43,89
S00129257,100,33,67
S00129258,85,30,55
S00129259,75,24,51
S00129260,53,20,33
S00129261,133,51,82
S00129262,130,39,91
S00129263,182,36,146
S00129264,109,36,73
S00129265,165,33,132
S00129266,113,21,92
S00129267,169,31,138
S00129268,82,19,63
S00129269,145,36,109
S00129270,147,34,113
S00129271,73,26,47
S00129272,93,22,71
S00129273,74,19,55
S00129274,99,19,80
S00129275,101,20,81
S00129276,81,20,61
S00129277,66,8,58
S00129278,60,13,47
S00129279,84,19,65
S00129280,114,31,83
S00129281,78,12,66
S00129282,129,22,107
S00129283,109,13,96
S00129284,95,37,58
S00129285,112,20,92
S00129286,132,23,109
S00129287,76,34,42
S00129288,75,19,56
S00129289,155,29,126
S00129290,150,26,124
S00129291,106,24,82
S00129292,109,15,94
S00129293,106,13,93
S00129294,108,13,95
S00129295,212,34,178
S00129296,158,22,136
S00129297,57,17,40
S00129298,137,47,90
S00129299,98,9,89
S00129300,100,13,87
S00129301,151,37,114
S00129302,150,29,121
S00129303,125,20,105
S00129304,60,22,38
S00129305,60,2,58
S00129306,87,13,74
S00129307,97,23,74
S00129308,101,52,49
S00129309,96,33,63
S00129310,66,21,45
S00129311,122,62,60
S00129312,61,18,43
S00129313,59,21,38
S00129314,104,19,85
S00129315,85,15,70
S00129316,199,50,149
S00129317,163,24,139
S00129318,107,25,82
S00129319,108,12,96
S00129320,92,13,79
S00129321,103,17,86
S00129322,114,54,60
S00129323,131,30,101
S00129324,131,46,85
S00129325,165,16,149
S00129326,100,52,48
S00129327,106,13,93
S00129328,117,27,90
S00129329,108,17,91
S00129330,149,51,98
S00129331,73,11,62
S00129332,88,37,51
S00129333,96,12,84
S00129334,99,19,80
S00129335,183,53,130
S00129336,95,13,82
S00129337,135,28,107
S00129338,130,37,93
S00129339,108,12,96
S00129340,85,9,76
S00129341,80,16,64
S00129342,195,34,161
S00129343,107,28,79
S00129344,87,20,67
S00129345,125,28,97
S00129346,109,21,88
S00129347,135,34,101
S00129348,115,30,85
S00129349,112,26,86
S00129350,127,32,95
S00129351,122,16,106
S00129352,104,25,79
S00129353,89,20,69
S00129354,87,15,72
S00129355,198,28,170
S00129356,143,29,114
S00129357,195,36,159
S00129358,145,25,120
S00129359,126,34,92
S00129360,108,27,81
S00129361,106,27,79
S00129362,118,31,87
S00129363,113,35,78
S00129364,163,33,130
S00129365,141,36,105
S00129366,144,27,117
S00129367,101,31,70
S00129368,148,34,114
S00129369,111,40,71
S00129370,123,24,99
S00129371,57,15,42
S00129372,111,24,87
S00129373,74,14,60
S00129374,82,24,58
S00129375,98,26,72
S00129376,124,10,114
S00129377,96,25,71
S00129378,51,18,33
S00129379,74,25,49
S00129380,145,32,113
S00129381,96,21,75
S00129382,91,23,68
S00129383,62,10,52
S00129384,136,26,110
S00129385,175,34,141
S00129386,150,23,127
S00129387,177,23,154
S00129388,179,28,151
S00129389,149,22,127
S00129390,142,18,124
S00129391,123,16,107
S00129392,107,22,85
S00129393,95,17,78
S00129394,95,13,82
S00129395,124,24,100
S00129396,103,25,78
S00129397,133,28,105
S00129398,94,30,64
S00129399,91,26,65
S00129400,136,34,102
S00129401,166,32,134
S00129402,96,24,72
S00129403,105,15,90
S00129404,114,21,93
S00129405,90,27,63
S00129406,100,16,84
S00129407,138,41,97
S00129408,107,26,81
S00129409,130,28,102
S00129410,85,28,57
S00129411,134,25,109
S00129412,83,22,61
S00129413,112,26,86
S00129414,74,23,51
S00129415,122,24,98
S00129416,102,19,83
S00129417,104,15,89
S00129418,98,22,76
S00129419,82,15,67
S00129420,132,32,100
S00129421,120,29,91
S00129422,95,15,80
S00129423,127,19,108
S00129424,148,24,124
S00129425,104,22,82
S00129426,110,19,91
S00129427,131,12,119
S00129428,170,18,152
S00129429,165,28,137
S00129430,135,14,121
S00129431,110,25,85
S00129432,141,23,118
S00129433,138,21,117
S00129434,152,20,132
S00129435,131,15,116
S00129436,110,20,90
S00129437,128,27,101
S00129438,105,20,85
S00129439,131,18,113
S00129440,89,29,60
S00129441,105,18,87
S00129442,127,29,98
S00129443,151,27,124
S00129444,87,21,66
S00129445,92,21,71
S00129446,109,22,87
S00129447,91,24,67
S00129448,154,26,128
S00129449,79,13,66
S00129450,148,30,118
S00129451,92,21,71
S00129452,125,29,96
S00129453,124,16,108
S00129454,144,60,84
S00129455,104,13,91
S00129456,102,22,80
S00129457,111,12,99
S00129458,93,32,61
S00129459,60,11,49
S00129460,149,50,99
S00129461,136,10,126
S00129462,78,22,56
S00129463,160,14,146
S00129464,93,20,73
S00129465,154,10,144
S00129466,106,16,90
S00129467,121,30,91
S00129468,104,20,84
S00129469,92,25,67
S00129470,105,24,81
S00129471,114,51,63
S00129472,74,11,63
S00129473,85,31,54
S00129474,93,35,58
S00129475,112,30,82
S00129476,85,28,57
S00129477,71,18,53
S00129478,95,27,68
S00129479,85,20,65
S00129480,123,34,89
S00129481,63,23,40
S00129482,97,17,80
S00129483,129,24,105
S00129484,74,11,63
S00129485,125,24,101
S00129486,79,28,51
S00129487,116,23,93
S00129488,79,21,58
S00129489,88,12,76
S00129490,82,13,69
S00129491,75,23,52
S00129492,118,26,92
S00129493,147,30,117
S00129494,119,19,100
S00129495,144,20,124
S00129496,84,19,65
S00129497,114,7,107
S00129498,110,33,77
S00129499,93,22,71
S00129500,129,47,82
S00129501,70,22,48
S00129502,118,35,83
S00129503,84,15,69
S00129504,72,24,48
S00129505,67,27,40
S00129506,143,20,123
S00129507,121,31,90
S00129508,63,26,37
S00129509,94,33,61
S00129510,113,21,92
S00129511,157,46,111
S00129512,143,26,117
S00129513,132,61,71
S00129514,133,23,110
S00129515,96,23,73
S00129516,82,20,62
S00129517,107,20,87
S00129518,125,28,97
S00129519,131,33,98
S00129520,80,15,65
S00129521,116,19,97
S00129522,81,13,68
S00129523,76,20,56
S00129524,155,38,117
S00129525,143,35,108
S00129526,112,40,72
S00129527,186,41,145
S00129528,122,28,94
S00129529,123,34,89
S00129530,132,30,102
S00129531,111,23,88
S00129532,172,19,153
S00129533,137,21,116
S00129534,152,27,125
S00129535,61,30,31
S00129536,162,31,131
S00129537,159,47,112
S00129538,127,25,102
S00129539,116,19,97
S00129540,116,21,95
S00129541,92,24,68
S00129542,94,20,74
S00129543,63,13,50
S00129544,83,31,52
S00129545,81,26,55
S00129546,113,42,71
S00129547,79,21,58
S00129548,94,23,71
S00129549,84,19,65
S00129550,59,13,46
S00129551,70,29,41
S00129552,62,24,38
S00129553,65,17,48
S00129554,75,31,44
S00129555,102,33,69
S00129556,125,19,106
S00129557,114,24,90
S00129558,193,25,168
S00129559,129,20,109
S00129560,78,17,61
S00129561,92,64,28
S00129562,93,70,23
S00129563,111,56,55
S00129564,85,26,59
S00129565,73,22,51
S00129566,103,26,77
S00129567,110,24,86
S00129568,88,23,65
S00129569,130,29,101
S00129570,71,14,57
S00129571,229,29,200
S00129572,122,39,83
S00129573,83,34,49
S00129574,94,27,67
S00129575,106,24,82
S00129576,97,30,67
S00129577,115,17,98
S00129578,96,22,74
S00129579,180,45,135
S00129580,135,33,102
S00129581,183,43,140
S00129582,102,27,75
S00129583,186,48,138
S00129584,148,24,124
S00129585,97,24,73
S00129586,162,38,124
S00129587,86,30,56
S00129588,134,44,90
S00129589,148,28,120
S00129590,119,37,82
S00129591,123,26,97
S00129592,67,25,42
S00129593,50,22,28
S00129594,138,39,99
S00129595,85,27,58
S00129596,92,24,68
S00129597,105,34,71
S00129598,90,21,69
S00129599,142,26,116
S00129600,82,25,57
S00129601,90,34,56
S00129602,76,12,64
S00129603,116,30,86
S00129604,147,40,107
S00129605,104,30,74
S00129606,114,33,81
S00129607,100,20,80
S00129608,263,29,234
S00129609,111,31,80
S00129610,82,29,53
S00129611,112,23,89
S00129612,86,29,57
S00129613,104,22,82
S00129614,118,19,99
S00129615,80,12,68
S00129616,151,26,125
S00129617,121,23,98
S00129618,103,17,86
S00129619,155,30,125
S00129620,73,14,59
S00129621,59,10,49
S00129622,150,18,132
S00129623,110,22,88
S00129624,188,72,116
S00129625,98,17,81
S00129626,110,16,94
S00129627,110,23,87
S00129628,102,33,69
S00129629,99,18,81
S00129630,113,22,91
S00129631,82,15,67
S00129632,160,40,120
S00129633,112,27,85
S00129634,79,33,46
S00129635,118,29,89
S00129636,88,19,69
S00129637,98,15,83
S00129638,157,19,138
S00129639,119,20,99
S00129640,78,9,69
S00129641,95,18,77
S00129642,126,18,108
S00129643,160,38,122
S00129644,72,14,58
S00129645,166,23,143
S00129646,159,31,128
S00129647,122,21,101
S00129648,169,73,96
S00129649,111,26,85
S00129650,89,29,60
S00129651,90,12,78
S00129652,90,15,75
S00129653,117,35,82
S00129654,121,30,91
S00129655,110,22,88
S00129656,126,26,100
S00129657,125,28,97
S00129658,102,22,80
S00129659,118,24,94
S00129660,105,22,83
S00129661,126,22,104
S00129662,137,29,108
S00129663,143,27,116
S00129664,124,20,104
S00129665,191,61,130
S00129666,72,34,38
S00129667,124,20,104
S00129668,89,11,78
S00129669,127,34,93
S00129670,99,15,84
S00129671,135,10,125
S00129672,117,4,113
S00129673,176,30,146
S00129674,165,29,136
S00129675,101,24,77
S00129676,112,24,88
S00129677,90,22,68
S00129678,67,19,48
S00129679,113,27,86
S00129680,122,22,100
S00129681,110,21,89
S00129682,165,50,115
S00129683,128,15,113
S00129684,121,26,95
S00129685,83,22,61
S00129686,109,23,86
S00129687,99,22,77
S00129688,105,25,80
S00129689,165,23,142
S00129690,191,19,172
S00129691,90,17,73
S00129692,57,10,47
S00129693,124,24,100
S00129694,93,13,80
S00129695,106,17,89
S00129696,62,17,45
S00129697,65,12,53
S00129698,138,35,103
S00129699,130,47,83
S00129700,85,27,58
S00129701,89,20,69
S00129702,79,16,63
S00129703,123,36,87
S00129704,91,18,73
S00129705,97,12,85
S00129706,108,20,88
S00129707,65,15,50
S00129708,133,14,119
S00129709,192,39,153
S00129710,105,26,79
S00129711,101,19,82
S00129712,186,24,162
S00129713,110,15,95
S00129714,207,28,179
S00129715,85,11,74
S00129716,67,21,46
S00129717,82,18,64
S00129718,116,35,81
S00129719,117,33,84
S00129720,109,17,92
S00129721,139,15,124
S00129722,177,42,135
S00129723,143,31,112
S00129724,163,38,125
S00129725,157,32,125
S00129726,158,28,130
S00129727,136,18,118
S00129728,113,18,95
S00129729,175,49,126
S00129730,139,31,108
S00129731,107,37,70
S00129732,145,36,109
S00129733,77,18,59
S00129734,146,32,114
S00129735,89,27,62
S00129736,66,32,34
S00129737,77,21,56
S00129738,127,28,99
S00129739,104,20,84
S00129740,70,21,49
S00129741,142,29,113
S00129742,126,32,94
S00129743,151,35,116
S00129744,103,29,74
S00129745,96,22,74
S00129746,112,24,88
S00129747,125,30,95
S00129748,101,23,78
S00129749,79,12,67
S00129750,83,21,62
S00129751,99,17,82
S00129752,104,27,77
S00129753,123,36,87
S00129754,147,29,118
S00129755,164,51,113
S00129756,164,25,139
S00129757,167,25,142
S00129758,145,31,114
S00129759,158,12,146
S00129760,87,22,65
S00129761,103,17,86
S00129762,150,27,123
S00129763,109,15,94
S00129764,113,50,63
S00129765,78,9,69
S00129766,125,17,108
S00129767,123,23,100
S00129768,130,44,86
S00129769,152,35,117
S00129770,119,31,88
S00129771,123,26,97
S00129772,102,32,70
S00129773,64,16,48
S00129774,53,15,38
S00129775,92,31,61
S00129776,59,6,53
S00129777,55,26,29
S00129778,61,17,44
S00129779,64,13,51
S00129780,106,24,82
S00129781,105,48,57
S00129782,59,18,41
S00129783,135,18,117
S00129784,82,33,49
S00129785,118,23,95
S00129786,183,31,152
S00129787,89,14,75
S00129788,134,27,107
S00129789,81,33,48
S00129790,110,31,79
S00129791,126,41,85
S00129792,112,26,86
S00129793,113,24,89
S00129794,57,22,35
S00129795,112,21,91
S00129796,138,34,104
S00129797,128,29,99
S00129798,73,28,45
S00129799,143,26,117
S00129800,160,35,125
S00129801,68,14,54
S00129802,127,46,81
S00129803,123,38,85
S00129804,146,32,114
S00129805,139,12,127
S00129806,148,35,113
S00129807,84,19,65
S00129808,169,18,151
S00129809,127,22,105
S00129810,118,25,93
S00129811,108,20,88
S00129812,176,37,139
S00129813,85,15,70
S00129814,114,18,96
S00129815,147,16,131
S00129816,137,23,114
S00129817,133,17,116
S00129818,128,10,118
S00129819,152,18,134
S00129820,128,10,118
S00129821,113,12,101
S00129822,148,16,132
S00129823,95,9,86
S00129824,166,28,138
S00129825,148,18,130
S00129826,121,24,97
S00129827,130,24,106
S00129828,65,9,56
S00129829,59,25,34
S00129830,118,26,92
S00129831,138,33,105
S00129832,123,19,104
S00129833,126,32,94
S00129834,136,17,119
S00129835,116,12,104
S00129836,149,10,139
S00129837,114,11,103
S00129838,102,11,91
S00129839,84,17,67
S00129840,111,24,87
S00129841,117,32,85
S00129842,147,23,124
S00129843,174,33,141
S00129844,157,23,134
S00129845,135,28,107
S00129846,114,29,85
S00129847,114,11,103
S00129848,75,6,69
S00129849,149,36,113
S00129850,172,28,144
S00129851,123,39,84
S00129852,115,27,88
S00129853,141,33,108
S00129854,134,40,94
S00129855,157,25,132
S00129856,134,15,119
S00129857,92,13,79
S00129858,142,28,114
S00129859,63,9,54
S00129860,128,21,107
S00129861,77,12,65
S00129862,67,9,58
S00129863,73,10,63
S00129864,106,14,92
S00129865,94,20,74
S00129866,110,6,104
S00129867,178,30,148
S00129868,84,13,71
S00129869,51,12,39
S00129870,139,34,105
S00129871,137,72,65
S00129872,104,30,74
S00129873,118,23,95
S00129874,89,28,61
S00129875,78,14,64
S00129876,69,12,57
S00129877,199,143,56
S00129878,98,19,79
S00129879,93,18,75
S00129880,68,10,58
S00129881,108,24,84
S00129882,126,23,103
S00129883,78,10,68
S00129884,64,8,56
S00129885,84,11,73
S00129886,131,16,115
S00129887,89,19,70
S00129888,59,11,48
S00129889,95,12,83
S00129890,99,11,88
S00129891,75,14,61
S00129892,164,15,149
S00129893,178,34,144
S00129894,136,19,117
S00129895,67,17,50
S00129896,77,5,72
S00129897,70,10,60
S00129898,156,51,105
S00129899,102,21,81
S00129900,66,31,35
S00129901,132,46,86
S00129902,109,34,75
S00129903,86,11,75
S00129904,57,8,49
S00129905,124,15,109
S00129906,87,12,75
S00129907,54,18,36
S00129908,57,13,44
S00129909,113,25,88
S00129910,77,27,50
S00129911,66,12,54
S00129912,87,20,67
S00129913,80,19,61
S00129914,122,23,99
S00129915,82,21,61
S00129916,94,29,65
S00129917,137,36,101
S00129918,100,13,87
S00129919,108,8,100
S00129920,58,5,53
S00129921,123,26,97
S00129922,103,18,85
S00129923,102,13,89
S00129924,93,15,78
S00129925,50,12,38
S00129926,129,21,108
S00129927,58,6,52
S00129928,134,32,102
S00129929,111,23,88
S00129930,121,23,98
S00129931,199,25,174
S00129932,97,17,80
S00129933,61,11,50
S00129934,57,20,37
S00129935,163,34,129
S00129936,99,30,69
S00129937,68,25,43
S00129938,123,38,85
S00129939,67,10,57
S00129940,105,17,88
S00129941,84,19,65
S00129942,66,28,38
S00129943,70,9,61
S00129944,135,12,123
S00129945,61,11,50
S00129946,59,14,45
S00129947,123,29,94
S00129948,86,20,66
S00129949,95,19,76
S00129950,70,12,58
S00129951,155,24,131
S00129952,138,19,119
S00129953,139,29,110
S00129954,131,16,115
S00129955,138,13,125
S00129956,58,5,53
S00129957,119,15,104
S00129958,152,10,142
S00129959,92,16,76
S00129960,210,19,191
S00129961,132,10,122
S00129962,106,14,92
S00129963,172,48,124
S00129964,110,14,96
S00129965,135,9,126
S00129966,70,17,53
S00129967,72,19,53
S00129968,124,19,105
S00129969,194,54,140
S00129970,104,23,81
S00129971,136,22,114
S00129972,138,28,110
S00129973,61,13,48
S00129974,148,45,103
S00129975,70,25,45
S00129976,139,37,102
S00129977,60,17,43
S00129978,96,21,75
S00129979,98,19,79
S00129980,81,18,63
S00129981,96,16,80
S00129982,179,43,136
S00129983,172,47,125
S00129984,66,21,45
S00129985,84,7,77
S00129986,127,13,114
S00129987,67,9,58
S00129988,78,10,68
S00129989,72,18,54
S00129990,68,14,54
S00129991,67,10,57
S00129992,90,58,32
S00129993,73,13,60
S00129994,58,12,46
S00129995,111,26,85
S00129996,60,11,49
S00129997,52,15,37
S00129998,196,25,171
S00129999,91,42,49
S00130000,76,28,48
S00130001,87,26,61
S00130002,69,12,57
S00130003,93,20,73
S00130004,142,11,131
S00130005,229,18,211
S00130006,76,7,69
S00130007,126,11,115
S00130008,122,23,99
S00130009,183,14,169
S00130010,106,16,90
S00130011,142,31,111
S00130012,135,27,108
S00130013,96,22,74
S00130014,81,40,41
S00130015,116,31,85
S00130016,63,36,27
S00130017,158,26,132
S00130018,59,38,21
S00130019,175,13,162
S00130020,133,37,96
S00130021,104,20,84
S00130022,185,36,149
S00130023,86,16,70
S00130024,119,12,107
S00130025,137,28,109
S00130026,75,10,65
S00130027,114,11,103
S00130028,112,32,80
S00130029,73,16,57
S00130030,86,24,62
S00130031,74,3,71
S00130032,76,28,48
S00130033,91,15,76
S00130034,214,56,158
S00130035,80,18,62
S00130036,94,31,63
S00130037,77,29,48
S00130038,90,32,58
S00130039,154,25,129
S00130040,95,17,78
S00130041,129,31,98
S00130042,110,54,56
S00130043,62,13,49
S00130044,119,29,90
S00130045,68,19,49
S00130046,62,29,33
S00130047,128,23,105
S00130048,111,23,88
S00130049,100,7,93
S00130050,148,18,130
S00130051,170,12,158
S00130052,105,24,81
S00130053,72,21,51
S00130054,63,31,32
S00130055,90,58,32
S00130056,98,22,76
S00130057,103,48,55
S00130058,125,45,80
S00130059,130,12,118
S00130060,72,8,64
S00130061,197,100,97
S00130062,67,24,43
S00130063,218,29,189
S00130064,62,36,26
S00130065,118,21,97
S00130066,56,6,50
S00130067,110,12,98
S00130068,51,12,39
S00130069,54,33,21
S00130070,117,23,94
S00130071,176,12,164
S00130072,69,35,34
S00130073,160,24,136
S00130074,141,10,131
S00130075,95,12,83
S00130076,126,32,94
S00130077,95,20,75
S00130078,147,21,126
S00130079,108,13,95
S00130080,101,26,75
S00130081,145,28,117
S00130082,67,16,51
S00130083,151,35,116
S00130084,128,20,108
S00130085,73,13,60
S00130086,161,40,121
S00130087,110,23,87
S00130088,129,25,104
S00130089,203,20,183
S00130090,124,25,99
S00130091,96,13,83
S00130092,157,24,133
S00130093,142,29,113
S00130094,99,47,52
S00130095,106,54,52
S00130096,70,27,43
S00130097,159,29,130
S00130098,60,13,47
S00130099,179,27,152
S00130100,137,37,100
S00130101,164,30,134
S00130102,70,22,48
S00130103,117,29,88
S00130104,122,21,101
S00130105,102,15,87
S00130106,112,17,95
S00130107,102,17,85
S00130108,87,19,68
S00130109,185,25,160
S00130110,95,14,81
S00130111,82,36,46
S00130112,95,27,68
S00130113,162,75,87
S00130114,111,18,93
S00130115,140,23,117
S00130116,139,37,102
S00130117,97,29,68
S00130118,97,30,67
S00130119,124,20,104
S00130120,77,50,27
S00130121,147,22,125
S00130122,164,36,128
S00130123,58,30,28
S00130124,65,24,41
S00130125,72,12,60
S00130126,67,14,53
S00130127,163,11,152
S00130128,150,12,138
S00130129,139,10,129
S00130130,157,8,149
S00130131,128,11,117
S00130132,73,20,53
S00130133,141,17,124
S00130134,65,16,49
S00130135,61,11,50
S00130136,188,26,162
S00130137,176,17,159
S00130138,108,8,100
S00130139,82,17,65
S00130140,101,19,82
S00130141,144,20,124
S00130142,123,20,103
S00130143,172,27,145
S00130144,109,31,78
S00130145,51,5,46
S00130146,100,35,65
S00130147,66,24,42
S00130148,110,29,81
S00130149,80,34,46
S00130150,144,54,90
S00130151,118,22,96
S00130152,60,8,52
S00130153,61,25,36
S00130154,98,11,87
S00130155,109,29,80
S00130156,80,6,74
S00130157,133,51,82
S00130158,101,19,82
S00130159,112,31,81
S00130160,99,18,81
S00130161,110,63,47
S00130162,56,10,46
S00130163,95,57,38
S00130164,101,59,42
S00130165,99,13,86
S00130166,127,32,95
S00130167,77,19,58
S00130168,161,15,146
S00130169,179,20,159
S00130170,114,40,74
S00130171,80,28,52
S00130172,93,30,63
S00130173,76,18,58
S00130174,112,31,81
S00130175,77,15,62
S00130176,142,11,131
S00130177,61,28,33
S00130178,118,26,92
S00130179,90,21,69
S00130180,112,30,82
S00130181,117,32,85
S00130182,116,28,88
S00130183,130,37,93
S00130184,121,18,103
S00130185,124,12,112
S00130186,114,33,81
S00130187,124,20,104
S00130188,76,7,69
S00130189,72,4,68
S00130190,163,31,132
S00130191,157,31,126
S00130192,146,32,114
S00130193,129,33,96
S00130194,88,35,53
S00130195,88,20,68
S00130196,62,12,50
S00130197,77,25,52
S00130198,64,19,45
S00130199,82,35,47
S00130200,74,28,46
S00130201,94,33,61
S00130202,61,24,37
S00130203,133,14,119
S00130204,104,14,90
S00130205,126,20,106
S00130206,114,37,77
S00130207,120,47,73
S00130208,56,19,37
S00130209,90,24,66
S00130210,95,31,64
S00130211,51,12,39
S00130212,102,26,76
S00130213,111,31,80
S00130214,63,16,47
S00130215,75,20,55
S00130216,66,18,48
S00130217,74,16,58
S00130218,117,18,99
S00130219,84,14,70
S00130220,76,15,61
S00130221,93,28,65
S00130222,80,25,55
S00130223,114,24,90
S00130224,107,23,84
S00130225,143,18,125
S00130226,101,19,82
S00130227,153,20,133
S00130228,97,13,84
S00130229,80,6,74
S00130230,121,11,110
S00130231,207,14,193
S00130232,90,17,73
S00130233,172,30,142
S00130234,138,16,122
S00130235,132,21,111
S00130236,122,20,102
S00130237,107,29,78
S00130238,167,22,145
S00130239,101,18,83
S00130240,147,14,133
S00130241,135,24,111
S00130242,221,11,210
S00130243,143,17,126
S00130244,122,20,102
S00130245,103,6,97
S00130246,162,18,144
S00130247,118,25,93
S00130248,149,20,129
S00130249,107,23,84
S00130250,78,22,56
S00130251,118,21,97
S00130252,128,25,103
S00130253,152,12,140
S00130254,125,27,98
S00130255,61,8,53
S00130256,144,98,46
S00130257,84,32,52
S00130258,102,23,79
S00130259,57,5,52
S00130260,100,37,63
S00130261,157,20,137
S00130262,93,21,72
S00130263,174,32,142
S00130264,190,95,95
S00130265,118,23,95
S00130266,92,18,74
S00130267,62,8,54
S00130268,144,41,103
S00130269,121,26,95
S00130270,143,40,103
S00130271,117,14,103
S00130272,103,22,81
S00130273,64,26,38
S00130274,143,42,101
S00130275,148,45,103
S00130276,64,16,48
S00130277,92,26,66
S00130278,107,41,66
S00130279,109,35,74
S00130280,136,47,89
S00130281,126,38,88
S00130282,90,64,26
S00130283,135,40,95
S00130284,78,28,50
S00130285,66,23,43
S00130286,157,19,138
S00130287,81,22,59
S00130288,99,35,64
S00130289,79,36,43
S00130290,102,21,81
S00130291,78,23,55
S00130292,128,50,78
S00130293,101,32,69
S00130294,101,24,77
S00130295,158,28,130
S00130296,120,27,93
S00130297,121,32,89
S00130298,103,34,69
S00130299,88,16,72
S00130300,77,25,52
S00130301,97,36,61
S00130302,102,18,84
S00130303,99,16,83
S00130304,117,16,101
S00130305,50,13,37
S00130306,79,15,64
S00130307,106,44,62
S00130308,194,7,187
S00130309,76,18,58
S00130310,104,56,48
S00130311,94,33,61
S00130312,110,27,83
S00130313,100,25,75
S00130314,95,18,77
S00130315,118,9,109
S00130316,93,12,81
S00130317,157,33,124
S00130318,84,11,73
S00130319,159,24,135
S00130320,176,35,141
S00130321,76,33,43
S00130322,120,29,91
S00130323,60,17,43
S00130324,91,20,71
S00130325,122,47,75
S00130326,146,31,115
S00130327,111,27,84
S00130328,108,23,85
S00130329,99,16,83
S00130330,97,13,84
S00130331,144,33,111
S00130332,153,27,126
S00130333,101,27,74
S00130334,142,16,126
S00130335,114,32,82
S00130336,100,4,96
S00130337,130,20,110
S00130338,128,39,89
S00130339,74,50,24
S00130340,84,16,68
S00130341,123,50,73
S00130342,88,30,58
S00130343,178,37,141
S00130344,107,21,86
S00130345,120,20,100
S00130346,56,15,41
S00130347,103,44,59
S00130348,87,28,59
S00130349,85,37,48
S00130350,57,25,32
S00130351,127,36,91
S00130352,98,32,66
S00130353,64,24,40
S00130354,91,40,51
S00130355,71,21,50
S00130356,54,18,36
S00130357,85,26,59
S00130358,59,19,40
S00130359,104,40,64
S00130360,79,20,59
S00130361,98,29,69
S00130362,98,18,80
S00130363,52,10,42
S00130364,97,12,85
S00130365,120,23,97
S00130366,112,18,94
S00130367,80,21,59
S00130368,128,30,98
S00130369,180,27,153
S00130370,121,35,86
S00130371,121,24,97
S00130372,142,27,115
S00130373,91,17,74
S00130374,238,44,194
S00130375,78,7,71
S00130376,164,47,117
S00130377,122,11,111
S00130378,141,20,121
S00130379,96,11,85
S00130380,92,31,61
S00130381,138,44,94
S00130382,141,28,113
S00130383,134,45,89
S00130384,141,47,94
S00130385,147,50,97
S00130386,101,28,73
S00130387,105,27,78
S00130388,84,25,59
S00130389,90,28,62
S00130390,134,21,113
S00130391,107,28,79
S00130392,115,23,92
S00130393,120,30,90
S00130394,101,28,73
S00130395,123,23,100
S00130396,105,23,82
S00130397,125,24,101
S00130398,115,15,100
S00130399,83,8,75
S00130400,97,14,83
S00130401,129,28,101
S00130402,127,15,112
S00130403,99,17,82
S00130404,99,10,89
S00130405,102,35,67
S00130406,100,16,84
S00130407,90,19,71
S00130408,145,15,130
S00130409,99,15,84
S00130410,185,26,159
S00130411,124,24,100
S00130412,80,12,68
S00130413,93,16,77
S00130414,129,19,110
S00130415,67,11,56
S00130416,90,9,81
S00130417,94,13,81
S00130418,122,51,71
S00130419,58,33,25
S00130420,53,20,33
S00130421,147,75,72
S00130422,99,48,51
S00130423,84,46,38
S00130424,81,35,46
S00130425,73,31,42
S00130426,69,13,56
S00130427,108,33,75
S00130428,87,40,47
S00130429,85,38,47
S00130430,62,18,44
S00130431,152,30,122
S00130432,157,34,123
S00130433,119,38,81
S00130434,119,29,90
S00130435,164,47,117
S00130436,132,37,95
S00130437,152,46,106
S00130438,121,45,76
S00130439,90,30,60
S00130440,79,22,57
S00130441,61,20,41
S00130442,73,15,58
S00130443,79,26,53
S00130444,58,28,30
S00130445,53,8,45
S00130446,95,30,65
S00130447,110,31,79
S00130448,108,35,73
S00130449,139,29,110
S00130450,121,41,80
S00130451,78,28,50
S00130452,73,21,52
S00130453,103,27,76
S00130454,109,28,81
S00130455,150,46,104
S00130456,66,12,54
S00130457,110,33,77
S00130458,113,20,93
S00130459,64,5,59
S00130460,113,22,91
S00130461,173,29,144
S00130462,116,13,103
S00130463,146,26,120
S00130464,104,10,94
S00130465,106,24,82
S00130466,153,30,123
S00130467,80,16,64
S00130468,112,21,91
S00130469,129,34,95
S00130470,105,25,80
S00130471,75,35,40
S00130472,172,42,130
S00130473,140,28,112
S00130474,187,31,156
S00130475,147,19,128
S00130476,147,39,108
S00130477,93,23,70
S00130478,60,14,46
S00130479,125,26,99
S00130480,107,35,72
S00130481,92,28,64
S00130482,161,23,138
S00130483,102,28,74
S00130484,69,19,50
S00130485,52,12,40
S00130486,123,29,94
S00130487,104,27,77
S00130488,105,33,72
S00130489,100,26,74
S00130490,108,19,89
S00130491,73,41,32
S00130492,101,30,71
S00130493,116,72,44
S00130494,114,21,93
S00130495,58,29,29
S00130496,93,27,66
S00130497,89,25,64
S00130498,75,18,57
S00130499,91,22,69
S00130500,93,34,59
S00130501,95,18,77
S00130502,56,20,36
S00130503,73,14,59
S00130504,64,25,39
S00130505,69,14,55
S00130506,76,23,53
S00130507,126,14,112
S00130508,86,32,54
S00130509,121,23,98
S00130510,106,16,90
S00130511,95,10,85
S00130512,111,20,91
S00130513,57,14,43
S00130514,65,20,45
S00130515,110,20,90
S00130516,72,17,55
S00130517,139,17,122
S00130518,62,11,51
S00130519,104,13,91
S00130520,60,9,51
S00130521,98,14,84
S00130522,132,19,113
S00130523,150,30,120
S00130524,153,22,131
S00130525,55,10,45
S00130526,67,9,58
S00130527,69,29,40
S00130528,106,31,75
S00130529,63,5,58
S00130530,76,19,57
S00130531,84,34,50
S00130532,352,251,101
S00130533,105,4,101
S00130534,187,10,177
S00130535,181,10,171
S00130536,194,20,174
S00130537,198,17,181
S00130538,268,23,245
S00130539,145,6,139
S00130540,115,4,111
S00130541,128,10,118
S00130542,65,3,62
S00130543,77,13,64
S00130544,57,12,45
S00130545,102,38,64
S00130546,122,31,91
S00130547,62,19,43
S00130548,91,22,69
S00130549,83,18,65
S00130550,79,12,67
S00130551,82,3,79
S00130552,162,44,118
S00130553,61,16,45
S00130554,192,17,175
S00130555,262,26,236
S00130556,160,29,131
S00130557,135,26,109
S00130558,106,14,92
S00130559,125,20,105
S00130560,55,13,42
S00130561,161,49,112
S00130562,113,24,89
S00130563,98,7,91
S00130564,52,7,45
S00130565,108,20,88
S00130566,146,10,136
S00130567,163,9,154
S00130568,86,15,71
S00130569,63,30,33
S00130570,60,25,35
S00130571,119,30,89
S00130572,60,6,54
S00130573,142,20,122
S00130574,179,28,151
S00130575,214,15,199
S00130576,100,33,67
S00130577,122,19,103
S00130578,170,20,150
S00130579,180,17,163
S00130580,217,11,206
S00130581,207,21,186
S00130582,142,30,112
S00130583,86,14,72
S00130584,70,20,50
S00130585,176,36,140
S00130586,175,34,141
S00130587,85,14,71
S00130588,79,16,63
S00130589,128,15,113
S00130590,150,10,140
S00130591,209,18,191
S00130592,111,9,102
S00130593,316,18,298
S00130594,85,7,78
S00130595,112,20,92
S00130596,88,19,69
S00130597,136,24,112
S00130598,118,19,99
S00130599,75,31,44
S00130600,86,37,49
S00130601,109,30,79
S00130602,66,22,44
S00130603,114,46,68
S00130604,62,22,40
S00130605,109,17,92
S00130606,142,37,105
S00130607,127,25,102
S00130608,134,24,110
S00130609,54,12,42
S00130610,132,15,117
S00130611,75,15,60
S00130612,68,13,55
S00130613,66,10,56
S00130614,148,9,139
S00130615,118,13,105
S00130616,100,41,59
S00130617,53,16,37
S00130618,108,33,75
S00130619,60,21,39
S00130620,81,17,64
S00130621,90,7,83
S00130622,106,26,80
S00130623,72,20,52
S00130624,126,28,98
S00130625,73,28,45
S00130626,130,43,87
S00130627,108,31,77
S00130628,67,28,39
S00130629,85,30,55
S00130630,87,19,68
S00130631,72,17,55
S00130632,123,28,95
S00130633,117,12,105
S00130634,166,15,151
S00130635,103,6,97
S00130636,129,8,121
S00130637,148,18,130
S00130638,173,53,120
S00130639,59,40,19
S00130640,90,12,78
S00130641,61,38,23
S00130642,58,9,49
S00130643,88,34,54
S00130644,177,33,144
S00130645,101,8,93
S00130646,176,14,162
S00130647,173,24,149
S00130648,177,21,156
S00130649,184,14,170
S00130650,92,5,87
S00130651,77,10,67
S00130652,107,5,102
S00130653,119,11,108
S00130654,203,12,191
S00130655,147,20,127
S00130656,233,15,218
S00130657,70,7,63
S00130658,117,9,108
S00130659,130,26,104
S00130660,104,14,90
S00130661,166,17,149
S00130662,101,17,84
S00130663,118,15,103
S00130664,98,7,91
S00130665,168,14,154
S00130666,90,16,74
S00130667,160,18,142
S00130668,267,34,233
S00130669,66,19,47
S00130670,139,15,124
S00130671,148,8,140
S00130672,162,24,138
S00130673,105,2,103
S00130674,181,14,167
S00130675,104,14,90
S00130676,121,18,103
S00130677,125,15,110
S00130678,331,72,259
S00130679,100,13,87
S00130680,145,19,126
S00130681,64,12,52
S00130682,149,17,132
S00130683,54,7,47
S00130684,170,20,150
S00130685,66,11,55
S00130686,98,13,85
S00130687,123,10,113
S00130688,105,15,90
S00130689,110,29,81
S00130690,135,13,122
S00130691,96,18,78
S00130692,80,3,77
S00130693,125,10,115
S00130694,168,8,160
S00130695,116,4,112
S00130696,126,15,111
S00130697,103,21,82
S00130698,160,6,154
S00130699,126,9,117
S00130700,158,3,155
S00130701,168,11,157
S00130702,146,7,139
S00130703,213,18,195
S00130704,188,5,183
S00130705,196,17,179
S00130706,182,27,155
S00130707,75,6,69
S00130708,157,2,155
S00130709,189,14,175
S00130710,142,9,133
S00130711,135,9,126
S00130712,129,8,121
S00130713,215,18,197
S00130714,161,14,147
S00130715,90,6,84
S00130716,104,22,82
S00130717,72,9,63
S00130718,68,11,57
S00130719,149,35,114
S00130720,134,21,113
S00130721,121,10,111
S00130722,102,19,83
S00130723,122,26,96
S00130724,129,29,100
S00130725,148,32,116
S00130726,64,12,52
S00130727,165,20,145
S00130728,123,50,73
S00130729,114,13,101
S00130730,104,18,86
S00130731,164,33,131
S00130732,236,20,216
S00130733,157,21,136
S00130734,120,26,94
S00130735,114,13,101
S00130736,170,29,141
S00130737,116,12,104
S00130738,52,8,44
S00130739,126,17,109
S00130740,149,24,125
S00130741,217,96,121
S00130742,188,19,169
S00130743,158,23,135
S00130744,67,6,61
S00130745,134,27,107
S00130746,142,23,119
S00130747,136,22,114
S00130748,134,19,115
S00130749,88,32,56
S00130750,78,7,71
S00130751,185,31,154
S00130752,136,28,108
S00130753,150,34,116
S00130754,205,21,184
S00130755,81,15,66
S00130756,154,41,113
S00130757,68,19,49
S00130758,147,28,119
S00130759,75,6,69
S00130760,116,8,108
S00130761,71,8,63
S00130762,65,6,59
S00130763,167,24,143
S00130764,97,7,90
S00130765,93,3,90
S00130766,165,12,153
S00130767,153,32,121
S00130768,179,24,155
S00130769,175,37,138
S00130770,164,19,145
S00130771,201,17,184
S00130772,59,11,48
S00130773,215,61,154
S00130774,86,16,70
S00130775,94,23,71
S00130776,97,4,93
S00130777,127,18,109
S00130778,56,20,36
S00130779,207,32,175
S00130780,59,10,49
S00130781,143,26,117
S00130782,86,9,77
S00130783,87,20,67
S00130784,53,9,44
S00130785,100,26,74
S00130786,87,19,68
S00130787,59,11,48
S00130788,76,20,56
S00130789,52,10,42
S00130790,75,15,60
S00130791,100,18,82
S00130792,117,19,98
S00130793,82,13,69
S00130794,133,23,110
S00130795,164,25,139
S00130796,129,15,114
S00130797,100,14,86
S00130798,60,4,56
S00130799,106,12,94
S00130800,151,24,127
S00130801,121,18,103
S00130802,121,12,109
S00130803,80,18,62
S00130804,141,25,116
S00130805,76,15,61
S00130806,148,28,120
S00130807,96,18,78
S00130808,121,25,96
S00130809,114,28,86
S00130810,80,32,48
S00130811,133,27,106
S00130812,101,26,75
S00130813,70,19,51
S00130814,83,14,69
S00130815,116,39,77
S00130816,110,33,77
S00130817,126,22,104
S00130818,108,15,93
S00130819,173,37,136
S00130820,114,46,68
S00130821,165,16,149
S00130822,165,40,125
S00130823,119,34,85
S00130824,110,19,91
S00130825,110,39,71
S00130826,118,38,80
S00130827,71,18,53
S00130828,105,23,82
S00130829,111,31,80
S00130830,59,26,33
S00130831,147,30,117
S00130832,170,18,152
S00130833,118,27,91
S00130834,123,20,103
S00130835,129,23,106
S00130836,130,26,104
S00130837,99,27,72
S00130838,101,25,76
S00130839,116,29,87
S00130840,143,27,116
S00130841,97,20,77
S00130842,116,28,88
S00130843,86,16,70
S00130844,74,22,52
S00130845,139,35,104
S00130846,162,46,116
S00130847,80,21,59
S00130848,111,21,90
S00130849,103,25,78
S00130850,168,43,125
S00130851,152,29,123
S00130852,152,13,139
S00130853,120,37,83
S00130854,116,28,88
S00130855,107,33,74
S00130856,99,17,82
S00130857,186,22,164
S00130858,133,29,104
S00130859,102,26,76
S00130860,121,16,105
S00130861,145,36,109
S00130862,97,25,72
S00130863,113,28,85
S00130864,95,17,78
S00130865,55,13,42
S00130866,130,30,100
S00130867,151,31,120
S00130868,125,29,96
S00130869,117,25,92
S00130870,74,21,53
S00130871,161,41,120
S00130872,61,12,49
S00130873,124,28,96
S00130874,113,36,77
S00130875,107,19,88
S00130876,90,21,69
S00130877,105,23,82
S00130878,170,38,132
S00130879,105,14,91
S00130880,111,16,95
S00130881,114,40,74
S00130882,91,14,77
S00130883,100,11,89
S00130884,83,17,66
S00130885,72,25,47
S00130886,96,21,75
S00130887,62,13,49
S00130888,112,27,85
S00130889,133,25,108
S00130890,85,18,67
S00130891,112,30,82
S00130892,123,25,98
S00130893,144,35,109
S00130894,126,36,90
S00130895,140,12,128
S00130896,83,22,61
S00130897,118,18,100
S00130898,181,32,149
S00130899,99,10,89
S00130900,113,15,98
S00130901,99,10,89
S00130902,96,22,74
S00130903,113,35,78
S00130904,51,6,45
S00130905,100,33,67
S00130906,84,44,40
S00130907,51,34,17
S00130908,92,23,69
S00130909,117,33,84
S00130910,83,27,56
S00130911,89,30,59
S00130912,74,12,62
S00130913,94,28,66
S00130914,170,35,135
S00130915,101,25,76
S00130916,90,19,71
S00130917,91,23,68
S00130918,94,16,78
S00130919,69,12,57
S00130920,154,20,134
S00130921,122,18,104
S00130922,104,9,95
S00130923,111,22,89
S00130924,80,11,69
S00130925,84,24,60
S00130926,81,20,61
S00130927,103,12,91
S00130928,70,24,46
S00130929,117,25,92
S00130930,118,33,85
S00130931,133,25,108
S00130932,177,38,139
S00130933,135,15,120
S00130934,123,14,109
S00130935,136,36,100
S00130936,112,18,94
S00130937,123,63,60
S00130938,112,25,87
S00130939,97,18,79
S00130940,96,20,76
S00130941,103,22,81
S00130942,186,36,150
S00130943,150,24,126
S00130944,135,14,121
S00130945,104,20,84
S00130946,111,21,90
S00130947,180,22,158
S00130948,94,23,71
S00130949,116,15,101
S00130950,94,12,82
S00130951,166,24,142
S00130952,71,17,54
S00130953,98,10,88
S00130954,87,18,69
S00130955,75,6,69
S00130956,162,28,134
S00130957,105,34,71
S00130958,58,12,46
S00130959,139,14,125
S00130960,89,7,82
S00130961,152,20,132
S00130962,76,5,71
S00130963,135,39,96
S00130964,119,19,100
S00130965,97,16,81
S00130966,122,17,105
S00130967,139,29,110
S00130968,135,18,117
S00130969,163,45,118
S00130970,126,35,91
S00130971,152,31,121
S00130972,79,20,59
S00130973,139,26,113
S00130974,163,37,126
S00130975,73,24,49
S00130976,152,27,125
S00130977,100,13,87
S00130978,106,31,75
S00130979,161,22,139
S00130980,115,17,98
S00130981,150,34,116
S00130982,157,19,138
S00130983,55,2,53
S00130984,134,31,103
S00130985,147,29,118
S00130986,129,22,107
S00130987,92,27,65
S00130988,150,18,132
S00130989,165,34,131
S00130990,161,31,130
S00130991,86,23,63
S00130992,97,24,73
S00130993,158,25,133
S00130994,137,18,119
S00130995,195,25,170
S00130996,116,13,103
S00130997,119,30,89
S00130998,167,16,151
S00130999,173,14,159
S00131000,98,39,59
S00131001,208,35,173
S00131002,189,41,148
S00131003,130,21,109
S00131004,136,35,101
S00131005,141,39,102
S00131006,172,30,142
S00131007,123,31,92
S00131008,89,34,55
S00131009,103,18,85
S00131010,93,25,68
S00131011,127,30,97
S00131012,106,21,85
S00131013,118,25,93
S00131014,125,23,102
S00131015,101,23,78
S00131016,138,62,76
S00131017,110,26,84
S00131018,66,15,51
S00131019,93,16,77
S00131020,126,23,103
S00131021,123,28,95
S00131022,93,25,68
S00131023,168,30,138
S00131024,84,24,60
S00131025,116,14,102
S00131026,81,16,65
S00131027,112,19,93
S00131028,116,20,96
S00131029,149,28,121
S00131030,119,15,104
S00131031,154,26,128
S00131032,140,33,107
S00131033,108,32,76
S00131034,108,20,88
S00131035,115,31,84
S00131036,84,13,71
S00131037,85,25,60
S00131038,125,22,103
S00131039,100,17,83
S00131040,101,7,94
S00131041,164,49,115
S00131042,145,30,115
S00131043,142,26,116
S00131044,102,16,86
S00131045,113,14,99
S00131046,77,30,47
S00131047,136,35,101
S00131048,198,28,170
S00131049,92,16,76
S00131050,57,16,41
S00131051,160,34,126
S00131052,113,20,93
S00131053,121,39,82
S00131054,142,37,105
S00131055,50,13,37
S00131056,142,27,115
S00131057,95,23,72
S00131058,92,26,66
S00131059,110,19,91
S00131060,126,32,94
S00131061,72,29,43
S00131062,91,46,45
S00131063,94,37,57
S00131064,149,46,103
S00131065,90,35,55
S00131066,103,12,91
S00131067,136,35,101
S00131068,93,20,73
S00131069,65,23,42
S00131070,87,29,58
S00131071,207,43,164
S00131072,111,43,68
S00131073,105,27,78
S00131074,78,20,58
S00131075,83,23,60
S00131076,182,51,131
S00131077,59,21,38
S00131078,69,15,54
S00131079,148,30,118
S00131080,100,27,73
S00131081,93,17,76
S00131082,171,53,118
S00131083,166,34,132
S00131084,142,45,97
S00131085,148,41,107
S00131086,69,9,60
S00131087,84,28,56
S00131088,117,19,98
S00131089,161,32,129
S00131090,129,29,100
S00131091,116,22,94
S00131092,132,33,99
S00131093,102,39,63
S00131094,80,29,51
S00131095,142,38,104
S00131096,126,35,91
S00131097,140,28,112
S00131098,113,29,84
S00131099,145,30,115
S00131100,86,43,43
S00131101,100,40,60
S00131102,90,24,66
S00131103,87,24,63
S00131104,104,33,71
S00131105,88,15,73
S00131106,112,32,80
S00131107,94,29,65
S00131108,105,31,74
S00131109,113,30,83
S00131110,93,25,68
S00131111,67,26,41
S00131112,95,29,66
S00131113,109,48,61
S00131114,79,29,50
S00131115,100,23,77
S00131116,103,20,83
S00131117,59,13,46
S00131118,53,9,44
S00131119,91,27,64
S00131120,134,25,109
S00131121,69,27,42
S00131122,115,23,92
S00131123,95,30,65
S00131124,65,18,47
S00131125,89,27,62
S00131126,128,33,95
S00131127,80,24,56
S00131128,106,21,85
S00131129,92,26,66
S00131130,115,32,83
S00131131,95,28,67
S00131132,121,30,91
S00131133,129,23,106
S00131134,84,21,63
S00131135,124,27,97
S00131136,123,25,98
S00131137,125,18,107
S00131138,105,20,85
S00131139,123,15,108
S00131140,77,12,65
S00131141,142,22,120
S00131142,165,34,131
S00131143,84,17,67
S00131144,68,7,61
S00131145,134,25,109
S00131146,141,41,100
S00131147,111,21,90
S00131148,123,26,97
S00131149,113,26,87
S00131150,142,31,111
S00131151,154,32,122
S00131152,83,29,54
S00131153,82,13,69
S00131154,92,32,60
S00131155,95,33,62
S00131156,94,34,60
S00131157,100,41,59
S00131158,140,27,113
S00131159,131,24,107
S00131160,109,20,89
S00131161,139,24,115
S00131162,136,28,108
S00131163,110,34,76
S00131164,168,19,149
S00131165,138,40,98
S00131166,148,31,117
S00131167,163,47,116
S00131168,295,121,174
S00131169,120,25,95
S00131170,117,20,97
S00131171,85,19,66
S00131172,138,16,122
S00131173,112,26,86
S00131174,100,33,67
S00131175,100,20,80
S00131176,86,28,58
S00131177,108,31,77
S00131178,97,20,77
S00131179,125,33,92
S00131180,94,27,67
S00131181,107,22,85
S00131182,107,36,71
S00131183,157,35,122
S00131184,126,35,91
S00131185,117,25,92
S00131186,112,21,91
S00131187,112,22,90
S00131188,98,16,82
S00131189,129,36,93
S00131190,173,40,133
S00131191,140,43,97
S00131192,134,22,112
S00131193,115,49,66
S00131194,73,30,43
S00131195,101,33,68
S00131196,120,24,96
S00131197,143,39,104
S00131198,92,20,72
S00131199,67,16,51
S00131200,115,41,74
S00131201,189,47,142
S00131202,83,27,56
S00131203,120,41,79
S00131204,133,37,96
S00131205,140,37,103
S00131206,144,31,113
S00131207,95,19,76
S00131208,104,38,66
S00131209,89,11,78
S00131210,81,14,67
S00131211,126,19,107
S00131212,106,16,90
S00131213,122,26,96
S00131214,87,25,62
S00131215,136,26,110
S00131216,147,28,119
S00131217,90,23,67
S00131218,126,16,110
S00131219,131,16,115
S00131220,89,25,64
S00131221,162,24,138
S00131222,74,17,57
S00131223,173,22,151
S00131224,176,37,139
S00131225,113,25,88
S00131226,86,18,68
S00131227,137,34,103
S00131228,188,35,153
S00131229,80,15,65
S00131230,125,17,108
S00131231,61,9,52
S00131232,80,27,53
S00131233,63,16,47
S00131234,122,45,77
S00131235,167,36,131
S00131236,109,26,83
S00131237,77,17,60
S00131238,145,34,111
S00131239,116,32,84
S00131240,87,24,63
S00131241,115,43,72
S00131242,112,51,61
S00131243,96,28,68
S00131244,129,14,115
S00131245,57,9,48
S00131246,128,14,114
S00131247,149,24,125
S00131248,125,16,109
S00131249,128,33,95
S00131250,151,9,142
S00131251,57,20,37
S00131252,113,21,92
S00131253,58,15,43
S00131254,58,23,35
S00131255,65,21,44
S00131256,104,28,76
S00131257,91,28,63
S00131258,122,30,92
S00131259,115,35,80
S00131260,85,18,67
S00131261,113,26,87
S00131262,105,18,87
S00131263,100,20,80
S00131264,117,31,86
S00131265,110,27,83
S00131266,106,16,90
S00131267,122,21,101
S00131268,81,24,57
S00131269,73,19,54
S00131270,119,24,95
S00131271,115,28,87
S00131272,161,30,131
S00131273,114,19,95
S00131274,87,16,71
S00131275,126,36,90
S00131276,177,29,148
S00131277,121,22,99
S00131278,117,21,96
S00131279,130,38,92
S00131280,105,18,87
S00131281,158,40,118
S00131282,103,13,90
S00131283,114,26,88
S00131284,131,18,113
S00131285,84,13,71
S00131286,67,5,62
S00131287,101,11,90
S00131288,197,24,173
S00131289,85,13,72
S00131290,66,10,56
S00131291,133,17,116
S00131292,122,10,112
S00131293,68,11,57
S00131294,143,27,116
S00131295,97,11,86
S00131296,116,22,94
S00131297,157,26,131
S00131298,125,25,100
S00131299,107,19,88
S00131300,79,31,48
S00131301,139,24,115
S00131302,120,22,98
S00131303,169,21,148
S00131304,141,20,121
S00131305,70,17,53
S00131306,75,13,62
S00131307,188,35,153
S00131308,160,20,140
S00131309,177,24,153
S00131310,121,13,108
S00131311,115,20,95
S00131312,74,5,69
S00131313,134,27,107
S00131314,52,10,42
S00131315,78,11,67
S00131316,93,17,76
S00131317,61,8,53
S00131318,60,11,49
S00131319,75,17,58
S00131320,111,21,90
S00131321,61,14,47
S00131322,122,26,96
S00131323,129,30,99
S00131324,78,13,65
S00131325,110,41,69
S00131326,160,20,140
S00131327,156,24,132
S00131328,181,17,164
S00131329,138,17,121
S00131330,104,15,89
S00131331,113,24,89
S00131332,123,16,107
S00131333,141,37,104
S00131334,117,47,70
S00131335,97,25,72
S00131336,94,11,83
S00131337,88,20,68
S00131338,159,23,136
S00131339,125,21,104
S00131340,81,20,61
S00131341,80,19,61
S00131342,106,23,83
S00131343,149,11,138
S00131344,139,21,118
S00131345,106,23,83
S00131346,129,38,91
S00131347,106,28,78
S00131348,110,34,76
S00131349,130,30,100
S00131350,107,23,84
S00131351,109,25,84
S00131352,149,31,118
S00131353,84,19,65
S00131354,76,15,61
S00131355,78,29,49
S00131356,103,28,75
S00131357,96,28,68
S00131358,138,50,88
S00131359,102,33,69
S00131360,91,11,80
S00131361,91,21,70
S00131362,104,23,81
S00131363,75,15,60
S00131364,102,27,75
S00131365,106,35,71
S00131366,101,38,63
S00131367,125,34,91
S00131368,142,46,96
S00131369,137,29,108
S00131370,115,22,93
S00131371,128,14,114
S00131372,62,11,51
S00131373,118,23,95
S00131374,63,17,46
S00131375,75,9,66
S00131376,105,15,90
S00131377,60,8,52
S00131378,61,30,31
S00131379,102,24,78
S00131380,94,8,86
S00131381,105,16,89
S00131382,87,17,70
S00131383,102,20,82
S00131384,119,31,88
S00131385,115,54,61
S00131386,92,24,68
S00131387,55,17,38
S00131388,56,8,48
S00131389,56,27,29
S00131390,85,23,62
S00131391,82,14,68
S00131392,74,6,68
S00131393,62,13,49
S00131394,177,77,100
S00131395,57,27,30
S00131396,54,19,35
S00131397,132,23,109
S00131398,55,17,38
S00131399,64,24,40
S00131400,143,29,114
S00131401,79,13,66
S00131402,81,10,71
S00131403,151,32,119
S00131404,146,22,124
S00131405,165,29,136
S00131406,104,19,85
S00131407,172,35,137
S00131408,183,23,160
S00131409,59,23,36
S00131410,59,22,37
S00131411,63,22,41
S00131412,119,26,93
S00131413,161,23,138
S00131414,151,38,113
S00131415,133,30,103
S00131416,108,20,88
S00131417,105,27,78
S00131418,73,6,67
S00131419,113,18,95
S00131420,75,18,57
S00131421,108,19,89
S00131422,83,18,65
S00131423,123,25,98
S00131424,58,5,53
S00131425,58,11,47
S00131426,167,23,144
S00131427,117,24,93
S00131428,90,21,69
S00131429,76,19,57
S00131430,149,34,115
S00131431,82,23,59
S00131432,145,24,121
S00131433,134,25,109
S00131434,66,16,50
S00131435,103,34,69
S00131436,82,25,57
S00131437,62,14,48
S00131438,69,16,53
S00131439,130,26,104
S00131440,111,23,88
S00131441,113,19,94
S00131442,119,32,87
S00131443,140,6,134
S00131444,120,8,112
S00131445,257,7,250
S00131446,119,18,101
S00131447,184,29,155
S00131448,147,32,115
S00131449,129,32,97
S00131450,94,27,67
S00131451,71,23,48
S00131452,79,11,68
S00131453,114,15,99
S00131454,84,18,66
S00131455,125,20,105
S00131456,116,18,98
S00131457,84,15,69
S00131458,158,25,133
S00131459,85,25,60
S00131460,86,16,70
S00131461,114,17,97
S00131462,130,24,106
S00131463,153,32,121
S00131464,90,23,67
S00131465,120,9,111
S00131466,145,13,132
S00131467,75,6,69
S00131468,144,9,135
S00131469,92,12,80
S00131470,74,11,63
S00131471,229,20,209
S00131472,159,17,142
S00131473,173,23,150
S00131474,68,18,50
S00131475,55,13,42
S00131476,145,21,124
S00131477,53,13,40
S00131478,92,10,82
S00131479,98,28,70
S00131480,82,39,43
S00131481,121,16,105
S00131482,120,21,99
S00131483,175,31,144
S00131484,148,26,122
S00131485,169,30,139
S00131486,189,34,155
S00131487,143,16,127
S00131488,128,11,117
S00131489,131,11,120
S00131490,91,15,76
S00131491,111,24,87
S00131492,103,16,87
S00131493,180,28,152
S00131494,146,22,124
S00131495,130,14,116
S00131496,111,17,94
S00131497,102,10,92
S00131498,169,40,129
S00131499,170,20,150
S00131500,140,15,125
S00131501,155,28,127
S00131502,131,22,109
S00131503,108,20,88
S00131504,174,24,150
S00131505,133,22,111
S00131506,143,23,120
S00131507,133,30,103
S00131508,79,18,61
S00131509,156,31,125
S00131510,173,23,150
S00131511,182,24,158
S00131512,121,18,103
S00131513,104,16,88
S00131514,102,17,85
S00131515,82,22,60
S00131516,154,31,123
S00131517,86,35,51
S00131518,150,27,123
S00131519,118,21,97
S00131520,143,23,120
S00131521,102,20,82
S00131522,89,18,71
S00131523,104,21,83
S00131524,73,16,57
S00131525,67,14,53
S00131526,98,17,81
S00131527,132,18,114
S00131528,119,24,95
S00131529,124,20,104
S00131530,87,17,70
S00131531,59,10,49
S00131532,72,32,40
S00131533,87,18,69
S00131534,97,22,75
S00131535,68,15,53
S00131536,131,25,106
S00131537,94,23,71
S00131538,106,25,81
S00131539,77,21,56
S00131540,83,18,65
S00131541,96,12,84
S00131542,102,20,82
S00131543,96,17,79
S00131544,94,22,72
S00131545,136,37,99
S00131546,92,21,71
S00131547,104,32,72
S00131548,97,12,85
S00131549,90,28,62
S00131550,71,16,55
S00131551,79,23,56
S00131552,94,15,79
S00131553,94,18,76
S00131554,118,32,86
S00131555,103,13,90
S00131556,166,36,130
S00131557,93,17,76
S00131558,112,23,89
S00131559,169,78,91
S00131560,108,23,85
S00131561,102,16,86
S00131562,91,21,70
S00131563,121,26,95
S00131564,66,15,51
S00131565,59,13,46
S00131566,166,29,137
S00131567,76,16,60
S00131568,129,20,109
S00131569,158,28,130
S00131570,165,33,132
S00131571,187,77,110
S00131572,109,36,73
S00131573,124,23,101
S00131574,84,14,70
S00131575,166,16,150
S00131576,154,28,126
S00131577,119,14,105
S00131578,206,21,185
S00131579,106,12,94
S00131580,149,12,137
S00131581,130,21,109
S00131582,128,19,109
S00131583,169,12,157
S00131584,102,13,89
S00131585,92,16,76
S00131586,161,18,143
S00131587,182,29,153
S00131588,82,15,67
S00131589,75,17,58
S00131590,124,17,107
S00131591,121,10,111
S00131592,156,18,138
S00131593,151,12,139
S00131594,113,21,92
S00131595,166,23,143
S00131596,228,88,140
S00131597,147,26,121
S00131598,139,18,121
S00131599,136,21,115
S00131600,193,33,160
S00131601,69,17,52
S00131602,110,20,90
S00131603,168,36,132
S00131604,68,36,32
S00131605,135,44,91
S00131606,89,16,73
S00131607,154,16,138
S00131608,154,37,117
S00131609,143,28,115
S00131610,217,125,92
S00131611,163,24,139
S00131612,153,43,110
S00131613,87,21,66
S00131614,108,25,83
S00131615,185,41,144
S00131616,127,15,112
S00131617,175,45,130
S00131618,126,29,97
S00131619,153,30,123
S00131620,88,15,73
S00131621,55,11,44
S00131622,124,28,96
S00131623,196,50,146
S00131624,144,26,118
S00131625,134,23,111
S00131626,115,12,103
S00131627,80,18,62
S00131628,122,16,106
S00131629,129,24,105
S00131630,88,16,72
S00131631,138,23,115
S00131632,138,28,110
S00131633,104,14,90
S00131634,67,6,61
S00131635,107,5,102
S00131636,126,22,104
S00131637,103,16,87
S00131638,133,18,115
S00131639,107,22,85
S00131640,80,17,63
S00131641,132,20,112
S00131642,119,39,80
S00131643,92,17,75
S00131644,118,31,87
S00131645,187,25,162
S00131646,117,19,98
S00131647,97,16,81
S00131648,113,29,84
S00131649,102,31,71
S00131650,93,17,76
S00131651,118,19,99
S00131652,91,23,68
S00131653,122,27,95
S00131654,108,14,94
S00131655,94,14,80
S00131656,124,36,88
S00131657,98,7,91
S00131658,88,30,58
S00131659,85,32,53
S00131660,168,7,161
S00131661,130,13,117
S00131662,102,17,85
S00131663,103,24,79
S00131664,66,12,54
S00131665,145,38,107
S00131666,122,29,93
S00131667,146,52,94
S00131668,121,29,92
S00131669,132,33,99
S00131670,115,26,89
S00131671,116,19,97
S00131672,100,22,78
S00131673,55,24,31
S00131674,120,22,98
S00131675,66,26,40
S00131676,57,15,42
S00131677,99,15,84
S00131678,97,21,76
S00131679,132,19,113
S00131680,113,20,93
S00131681,121,33,88
S00131682,85,17,68
S00131683,74,18,56
S00131684,75,31,44
S00131685,134,33,101
S00131686,87,38,49
S00131687,128,18,110
S00131688,83,25,58
S00131689,133,17,116
S00131690,121,30,91
S00131691,111,17,94
S00131692,139,40,99
S00131693,126,11,115
S00131694,128,13,115
S00131695,118,27,91
S00131696,112,15,97
S00131697,93,21,72
S00131698,132,31,101
S00131699,154,46,108
S00131700,151,39,112
S00131701,97,18,79
S00131702,75,22,53
S00131703,164,16,148
S00131704,115,19,96
S00131705,136,27,109
S00131706,118,19,99
S00131707,143,23,120
S00131708,100,21,79
S00131709,107,15,92
S00131710,98,18,80
S00131711,157,18,139
S00131712,111,7,104
S00131713,98,16,82
S00131714,109,27,82
S00131715,89,20,69
S00131716,141,18,123
S00131717,101,18,83
S00131718,98,16,82
S00131719,103,21,82
S00131720,156,35,121
S00131721,134,31,103
S00131722,141,31,110
S00131723,98,26,72
S00131724,84,31,53
S00131725,168,17,151
S00131726,128,26,102
S00131727,129,16,113
S00131728,114,20,94
S00131729,130,19,111
S00131730,66,20,46
S00131731,103,21,82
S00131732,124,38,86
S00131733,130,24,106
S00131734,89,19,70
S00131735,140,42,98
S00131736,114,22,92
S00131737,152,28,124
S00131738,92,34,58
S00131739,92,17,75
S00131740,96,35,61
S00131741,139,50,89
S00131742,120,30,90
S00131743,101,25,76
S00131744,113,30,83
S00131745,108,27,81
S00131746,80,16,64
S00131747,77,20,57
S00131748,151,18,133
S00131749,63,16,47
S00131750,83,29,54
S00131751,140,20,120
S00131752,181,34,147
S00131753,168,21,147
S00131754,134,22,112
S00131755,105,16,89
S00131756,132,29,103
S00131757,114,25,89
S00131758,118,13,105
S00131759,111,21,90
S00131760,122,22,100
S00131761,51,13,38
S00131762,66,11,55
S00131763,150,36,114
S00131764,104,36,68
S00131765,141,36,105
S00131766,155,45,110
S00131767,104,28,76
S00131768,95,31,64
S00131769,98,29,69
S00131770,103,23,80
S00131771,132,36,96
S00131772,127,41,86
S00131773,78,15,63
S00131774,94,18,76
S00131775,100,29,71
S00131776,150,25,125
S00131777,120,10,110
S00131778,111,34,77
S00131779,112,28,84
S00131780,135,34,101
S00131781,139,34,105
S00131782,108,22,86
S00131783,72,23,49
S00131784,86,25,61
S00131785,106,33,73
S00131786,118,37,81
S00131787,86,34,52
S00131788,133,39,94
S00131789,67,7,60
S00131790,82,14,68
S00131791,146,27,119
S00131792,87,16,71
S00131793,130,26,104
S00131794,100,28,72
S00131795,56,22,34
S00131796,110,41,69
S00131797,56,20,36
S00131798,135,33,102
S00131799,143,51,92
S00131800,144,44,100
S00131801,155,30,125
S00131802,77,21,56
S00131803,116,24,92
S00131804,104,6,98
S00131805,149,16,133
S00131806,110,25,85
S00131807,93,16,77
S00131808,125,34,91
S00131809,90,19,71
S00131810,64,23,41
S00131811,97,19,78
S00131812,116,41,75
S00131813,94,11,83
S00131814,125,27,98
S00131815,87,33,54
S00131816,144,20,124
S00131817,54,15,39
S00131818,78,26,52
S00131819,119,19,100
S00131820,132,67,65
S00131821,116,40,76
S00131822,113,34,79
S00131823,80,31,49
S00131824,124,27,97
S00131825,111,29,82
S00131826,164,38,126
S00131827,125,15,110
S00131828,99,28,71
S00131829,113,39,74
S00131830,86,31,55
S00131831,90,21,69
S00131832,95,27,68
S00131833,90,20,70
S00131834,125,20,105
S00131835,121,38,83
S00131836,99,26,73
S00131837,101,21,80
S00131838,107,36,71
S00131839,91,35,56
S00131840,74,24,50
S00131841,141,40,101
S00131842,116,42,74
S00131843,102,28,74
S00131844,110,18,92
S00131845,79,24,55
S00131846,97,26,71
S00131847,87,23,64
S00131848,108,32,76
S00131849,112,33,79
S00131850,87,22,65
S00131851,133,33,100
S00131852,123,15,108
S00131853,91,48,43
S00131854,72,20,52
S00131855,73,19,54
S00131856,64,19,45
S00131857,83,31,52
S00131858,143,50,93
S00131859,109,42,67
S00131860,94,23,71
S00131861,52,16,36
S00131862,93,26,67
S00131863,134,40,94
S00131864,139,41,98
S00131865,92,27,65
S00131866,72,18,54
S00131867,144,25,119
S00131868,92,31,61
S00131869,83,19,64
S00131870,118,30,88
S00131871,138,42,96
S00131872,99,28,71
S00131873,102,11,91
S00131874,88,29,59
S00131875,187,31,156
S00131876,89,20,69
S00131877,75,18,57
S00131878,172,35,137
S00131879,97,36,61
S00131880,69,26,43
S00131881,61,12,49
S00131882,57,12,45
S00131883,111,20,91
S00131884,97,24,73
S00131885,90,30,60
S00131886,110,11,99
S00131887,137,34,103
S00131888,96,9,87
S00131889,114,11,103
S00131890,125,32,93
S00131891,144,34,110
S00131892,91,23,68
S00131893,123,32,91
S00131894,105,34,71
S00131895,73,19,54
S00131896,83,21,62
S00131897,183,72,111
S00131898,122,31,91
S00131899,132,34,98
S00131900,81,21,60
S00131901,117,36,81
S00131902,140,28,112
S00131903,187,32,155
S00131904,195,37,158
S00131905,96,35,61
S00131906,128,46,82
S00131907,93,31,62
S00131908,132,41,91
S00131909,66,15,51
S00131910,120,17,103
S00131911,107,41,66
S00131912,144,33,111
S00131913,111,27,84
S00131914,114,26,88
S00131915,96,29,67
S00131916,133,37,96
S00131917,93,21,72
S00131918,159,13,146
S00131919,131,17,114
S00131920,237,29,208
S00131921,172,26,146
S00131922,145,29,116
S00131923,105,15,90
S00131924,77,46,31
S00131925,81,24,57
S00131926,98,24,74
S00131927,189,34,155
S00131928,164,32,132
S00131929,135,23,112
S00131930,103,14,89
S00131931,84,22,62
S00131932,133,11,122
S00131933,59,13,46
S00131934,166,19,147
S00131935,120,31,89
S00131936,107,22,85
S00131937,121,32,89
S00131938,152,19,133
S00131939,109,21,88
S00131940,97,63,34
S00131941,102,30,72
S00131942,102,57,45
S00131943,106,29,77
S00131944,118,19,99
S00131945,64,15,49
S00131946,132,25,107
S00131947,55,7,48
S00131948,113,32,81
S00131949,129,24,105
S00131950,102,34,68
S00131951,79,21,58
S00131952,153,27,126
S00131953,175,29,146
S00131954,159,47,112
S00131955,58,22,36
S00131956,199,37,162
S00131957,111,31,80
S00131958,131,40,91
S00131959,160,19,141
S00131960,151,14,137
S00131961,163,36,127
S00131962,94,28,66
S00131963,111,35,76
S00131964,72,19,53
S00131965,113,32,81
S00131966,91,19,72
S00131967,75,19,56
S00131968,74,19,55
S00131969,111,29,82
S00131970,158,33,125
S00131971,173,30,143
S00131972,113,21,92
S00131973,93,27,66
S00131974,134,26,108
S00131975,99,18,81
S00131976,156,40,116
S00131977,100,15,85
S00131978,98,26,72
S00131979,123,34,89
S00131980,105,24,81
S00131981,179,36,143
S00131982,117,25,92
S00131983,107,22,85
S00131984,122,23,99
S00131985,110,29,81
S00131986,151,46,105
S00131987,125,27,98
S00131988,133,33,100
S00131989,79,6,73
S00131990,118,12,106
S00131991,106,28,78
S00131992,170,37,133
S00131993,170,48,122
S00131994,169,46,123
S00131995,120,44,76
S00131996,51,19,32
S00131997,83,26,57
S00131998,115,28,87
S00131999,93,22,71
S00132000,133,32,101
S00132001,134,34,100
S00132002,152,49,103
S00132003,102,24,78
S00132004,113,30,83
S00132005,137,35,102
S00132006,90,21,69
S00132007,50,13,37
S00132008,78,16,62
S00132009,93,26,67
S00132010,92,28,64
S00132011,78,21,57
S00132012,101,12,89
S00132013,77,29,48
S00132014,118,14,104
S00132015,201,28,173
S00132016,101,34,67
S00132017,127,29,98
S00132018,79,16,63
S00132019,132,36,96
S00132020,220,14,206
S00132021,190,48,142
S00132022,95,20,75
S00132023,194,42,152
S00132024,148,30,118
S00132025,126,20,106
S00132026,115,25,90
S00132027,126,23,103
S00132028,152,27,125
S00132029,91,23,68
S00132030,164,34,130
S00132031,131,28,103
S00132032,198,21,177
S00132033,163,29,134
S00132034,75,13,62
S00132035,146,15,131
S00132036,158,17,141
S00132037,77,7,70
S00132038,87,5,82
S00132039,105,17,88
S00132040,106,16,90
S00132041,186,18,168
S00132042,128,16,112
S00132043,156,29,127
S00132044,168,13,155
S00132045,110,19,91
S00132046,108,23,85
S00132047,103,16,87
S00132048,112,29,83
S00132049,84,5,79
S00132050,61,18,43
S00132051,177,38,139
S00132052,81,17,64
S00132053,93,21,72
S00132054,128,12,116
S00132055,89,21,68
S00132056,111,23,88
S00132057,144,30,114
S00132058,123,33,90
S00132059,82,15,67
S00132060,85,22,63
S00132061,90,20,70
S00132062,156,43,113
S00132063,85,12,73
S00132064,107,31,76
S00132065,110,36,74
S00132066,92,31,61
S00132067,94,29,65
S00132068,59,24,35
S00132069,78,37,41
S00132070,162,47,115
S00132071,115,25,90
S00132072,115,20,95
S00132073,147,22,125
S00132074,156,46,110
S00132075,121,29,92
S00132076,96,22,74
S00132077,62,19,43
S00132078,153,41,112
S00132079,145,45,100
S00132080,78,17,61
S00132081,76,19,57
S00132082,95,25,70
S00132083,119,40,79
S00132084,100,33,67
S00132085,165,41,124
S00132086,166,41,125
S00132087,113,16,97
S00132088,96,15,81
S00132089,111,21,90
S00132090,100,21,79
S00132091,97,19,78
S00132092,102,19,83
S00132093,106,31,75
S00132094,157,28,129
S00132095,75,26,49
S00132096,97,17,80
S00132097,81,25,56
S00132098,125,30,95
S00132099,132,51,81
S00132100,92,14,78
S00132101,145,26,119
S00132102,62,30,32
S00132103,76,21,55
S00132104,134,29,105
S00132105,101,23,78
S00132106,83,31,52
S00132107,147,62,85
S00132108,82,9,73
S00132109,90,16,74
S00132110,124,32,92
S00132111,139,14,125
S00132112,84,24,60
S00132113,113,26,87
S00132114,126,40,86
S00132115,141,59,82
S00132116,117,24,93
S00132117,99,24,75
S00132118,93,30,63
S00132119,149,35,114
S00132120,139,41,98
S00132121,132,31,101
S00132122,115,36,79
S00132123,108,23,85
S00132124,79,19,60
S00132125,94,25,69
S00132126,55,25,30
S00132127,83,27,56
S00132128,125,17,108
S00132129,97,10,87
S00132130,100,9,91
S00132131,105,15,90
S00132132,104,15,89
S00132133,189,41,148
S00132134,92,19,73
S00132135,97,12,85
S00132136,52,10,42
S00132137,72,14,58
S00132138,94,14,80
S00132139,120,60,60
S00132140,96,22,74
S00132141,92,35,57
S00132142,134,34,100
S00132143,87,26,61
S00132144,78,19,59
S00132145,89,19,70
S00132146,136,35,101
S00132147,157,33,124
S00132148,131,41,90
S00132149,94,31,63
S00132150,118,41,77
S00132151,133,34,99
S00132152,138,51,87
S00132153,132,21,111
S00132154,101,23,78
S00132155,160,21,139
S00132156,159,31,128
S00132157,94,33,61
S00132158,134,14,120
S00132159,181,32,149
S00132160,108,26,82
S00132161,107,27,80
S00132162,140,33,107
S00132163,83,23,60
S00132164,83,24,59
S00132165,129,31,98
S00132166,108,24,84
S00132167,74,21,53
S00132168,88,20,68
S00132169,125,32,93
S00132170,91,29,62
S00132171,139,33,106
S00132172,121,32,89
S00132173,108,23,85
S00132174,71,11,60
S00132175,117,37,80
S00132176,83,24,59
S00132177,113,38,75
S00132178,125,35,90
S00132179,160,41,119
S00132180,75,21,54
S00132181,141,38,103
S00132182,188,52,136
S00132183,136,42,94
S00132184,163,46,117
S00132185,102,12,90
S00132186,62,18,44
S00132187,143,13,130
S00132188,51,16,35
S00132189,137,19,118
S00132190,96,18,78
S00132191,58,10,48
S00132192,135,18,117
S00132193,117,16,101
S00132194,86,17,69
S00132195,51,33,18
S00132196,140,16,124
S00132197,78,34,44
S00132198,134,22,112
S00132199,121,17,104
S00132200,141,10,131
S00132201,144,15,129
S00132202,87,49,38
S00132203,59,13,46
S00132204,57,8,49
S00132205,137,27,110
S00132206,98,23,75
S00132207,165,12,153
S00132208,146,23,123
S00132209,152,16,136
S00132210,108,10,98
S00132211,142,25,117
S00132212,127,13,114
S00132213,101,20,81
S00132214,114,12,102
S00132215,80,11,69
S00132216,75,18,57
S00132217,94,15,79
S00132218,86,10,76
S00132219,85,27,58
S00132220,88,19,69
S00132221,115,24,91
S00132222,200,49,151
S00132223,154,23,131
S00132224,70,23,47
S00132225,108,21,87
S00132226,95,14,81
S00132227,124,25,99
S00132228,108,22,86
S00132229,127,43,84
S00132230,93,16,77
S00132231,75,21,54
S00132232,110,36,74
S00132233,143,27,116
S00132234,170,15,155
S00132235,202,16,186
S00132236,112,26,86
S00132237,133,38,95
S00132238,98,32,66
S00132239,126,24,102
S00132240,89,20,69
S00132241,167,18,149
S00132242,95,23,72
S00132243,80,11,69
S00132244,186,102,84
S00132245,82,12,70
S00132246,163,21,142
S00132247,83,11,72
S00132248,92,8,84
S00132249,96,29,67
S00132250,107,43,64
S00132251,114,32,82
S00132252,95,29,66
S00132253,132,25,107
S00132254,117,10,107
S00132255,112,19,93
S00132256,103,17,86
S00132257,109,12,97
S00132258,107,13,94
S00132259,108,12,96
S00132260,137,21,116
S00132261,169,25,144
S00132262,141,19,122
S00132263,109,10,99
S00132264,124,19,105
S00132265,92,18,74
S00132266,94,29,65
S00132267,157,15,142
S00132268,159,12,147
S00132269,57,2,55
S00132270,152,24,128
S00132271,156,9,147
S00132272,130,13,117
S00132273,62,8,54
S00132274,236,14,222
S00132275,64,0,64
S00132276,112,18,94
S00132277,130,5,125
S00132278,124,21,103
S00132279,53,9,44
S00132280,141,35,106
S00132281,163,25,138
S00132282,117,18,99
S00132283,100,11,89
S00132284,144,12,132
S00132285,127,3,124
S00132286,92,17,75
S00132287,93,13,80
S00132288,140,47,93
S00132289,157,3,154
S00132290,133,60,73
S00132291,256,119,137
S00132292,77,15,62
S00132293,93,16,77
S00132294,52,11,41
S00132295,50,26,24
S00132296,91,22,69
S00132297,149,25,124
S00132298,91,23,68
S00132299,164,10,154
S00132300,201,39,162
S00132301,248,22,226
S00132302,173,17,156
S00132303,83,20,63
S00132304,112,33,79
S00132305,58,9,49
S00132306,227,34,193
S00132307,83,22,61
S00132308,58,5,53
S00132309,73,10,63
S00132310,135,26,109
S00132311,129,16,113
S00132312,99,11,88
S00132313,85,9,76
S00132314,84,14,70
S00132315,151,75,76
S00132316,65,20,45
S00132317,91,19,72
S00132318,93,11,82
S00132319,187,37,150
S00132320,127,26,101
S00132321,126,18,108
S00132322,73,9,64
S00132323,113,25,88
S00132324,69,17,52
S00132325,117,15,102
S00132326,129,25,104
S00132327,122,17,105
S00132328,91,14,77
S00132329,68,11,57
S00132330,150,13,137
S00132331,154,18,136
S00132332,192,4,188
S00132333,87,21,66
S00132334,80,18,62
S00132335,67,17,50
S00132336,88,18,70
S00132337,87,14,73
S00132338,83,13,70
S00132339,109,26,83
S00132340,148,17,131
S00132341,86,8,78
S00132342,80,14,66
S00132343,67,20,47
S00132344,55,16,39
S00132345,68,6,62
S00132346,115,16,99
S00132347,148,11,137
S00132348,243,200,43
S00132349,51,14,37
S00132350,126,35,91
S00132351,124,26,98
S00132352,89,31,58
S00132353,100,24,76
S00132354,116,17,99
S00132355,123,24,99
S00132356,119,24,95
S00132357,108,20,88
S00132358,183,31,152
S00132359,151,22,129
S00132360,244,16,228
S00132361,115,26,89
S00132362,103,14,89
S00132363,142,25,117
S00132364,114,17,97
S00132365,91,10,81
S00132366,113,10,103
S00132367,102,52,50
S00132368,116,18,98
S00132369,200,12,188
S00132370,108,15,93
S00132371,146,60,86
S00132372,85,17,68
S00132373,179,18,161
S00132374,96,12,84
S00132375,90,13,77
S00132376,129,28,101
S00132377,88,13,75
S00132378,169,25,144
S00132379,92,32,60
S00132380,87,18,69
S00132381,97,19,78
S00132382,113,33,80
S00132383,89,14,75
S00132384,165,36,129
S00132385,66,10,56
S00132386,97,8,89
S00132387,85,12,73
S00132388,136,23,113
S00132389,80,27,53
S00132390,76,23,53
S00132391,80,18,62
S00132392,106,21,85
S00132393,116,26,90
S00132394,80,12,68
S00132395,144,29,115
S00132396,109,6,103
S00132397,152,14,138
S00132398,143,47,96
S00132399,61,20,41
S00132400,90,10,80
S00132401,94,29,65
S00132402,88,21,67
S00132403,77,22,55
S00132404,191,42,149
S00132405,118,18,100
S00132406,71,37,34
S00132407,88,30,58
S00132408,149,16,133
S00132409,101,22,79
S00132410,65,19,46
S00132411,99,19,80
S00132412,176,9,167
S00132413,147,24,123
S00132414,176,11,165
S00132415,215,16,199
S00132416,217,11,206
S00132417,100,15,85
S00132418,61,12,49
S00132419,91,22,69
S00132420,74,9,65
S00132421,109,33,76
S00132422,100,18,82
S00132423,127,23,104
S00132424,130,32,98
S00132425,58,11,47
S00132426,137,26,111
S00132427,86,17,69
S00132428,164,19,145
S00132429,52,13,39
S00132430,67,9,58
S00132431,106,20,86
S00132432,101,20,81
S00132433,76,20,56
S00132434,87,16,71
S00132435,92,15,77
S00132436,142,25,117
S00132437,102,25,77
S00132438,89,25,64
S00132439,55,18,37
S00132440,142,47,95
S00132441,73,35,38
S00132442,106,36,70
S00132443,78,20,58
S00132444,73,9,64
S00132445,99,25,74
S00132446,77,21,56
S00132447,185,49,136
S00132448,80,39,41
S00132449,62,29,33
S00132450,72,30,42
S00132451,56,25,31
S00132452,120,25,95
S00132453,68,13,55
S00132454,81,16,65
S00132455,97,22,75
S00132456,73,15,58
S00132457,95,17,78
S00132458,80,14,66
S00132459,93,20,73
S00132460,113,16,97
S00132461,56,11,45
S00132462,56,22,34
S00132463,54,20,34
S00132464,85,16,69
S00132465,53,14,39
S00132466,94,13,81
S00132467,94,9,85
S00132468,58,9,49
S00132469,108,25,83
S00132470,73,18,55
S00132471,130,20,110
S00132472,90,25,65
S00132473,80,14,66
S00132474,64,32,32
S00132475,50,32,18
S00132476,60,11,49
S00132477,135,40,95
S00132478,95,14,81
S00132479,153,37,116
S00132480,67,10,57
S00132481,112,39,73
S00132482,123,23,100
S00132483,71,25,46
S00132484,175,28,147
S00132485,65,8,57
S00132486,110,39,71
S00132487,74,26,48
S00132488,87,35,52
S00132489,61,15,46
S00132490,59,8,51
S00132491,165,101,64
S00132492,211,18,193
S00132493,230,21,209
S00132494,56,3,53
S00132495,92,0,92
S00132496,147,5,142
S00132497,62,7,55
S00132498,136,4,132
S00132499,145,26,119
S00132500,125,28,97
S00132501,130,32,98
S00132502,124,24,100
S00132503,102,20,82
S00132504,166,13,153
S00132505,119,21,98
S00132506,162,26,136
S00132507,121,23,98
S00132508,142,36,106
S00132509,139,25,114
S00132510,91,12,79
S00132511,144,21,123
S00132512,145,36,109
S00132513,65,11,54
S00132514,99,20,79
S00132515,134,28,106
S00132516,135,17,118
S00132517,89,14,75
S00132518,106,16,90
S00132519,105,14,91
S00132520,160,24,136
S00132521,130,20,110
S00132522,108,23,85
S00132523,76,13,63
S00132524,110,22,88
S00132525,115,24,91
S00132526,189,30,159
S00132527,107,27,80
S00132528,180,22,158
S00132529,126,33,93
S00132530,116,16,100
S00132531,77,24,53
S00132532,77,9,68
S00132533,111,16,95
S00132534,65,47,18
S00132535,82,14,68
S00132536,59,12,47
S00132537,124,38,86
S00132538,64,32,32
S00132539,116,65,51
S00132540,92,23,69
S00132541,146,26,120
S00132542,136,31,105
S00132543,84,26,58
S00132544,173,32,141
S00132545,134,49,85
S00132546,112,18,94
S00132547,110,14,96
S00132548,174,25,149
S00132549,121,10,111
S00132550,148,47,101
S00132551,109,58,51
S00132552,95,36,59
S00132553,120,32,88
S00132554,89,18,71
S00132555,171,24,147
S00132556,149,22,127
S00132557,92,9,83
S00132558,145,31,114
S00132559,115,6,109
S00132560,91,18,73
S00132561,87,10,77
S00132562,143,18,125
S00132563,140,8,132
S00132564,167,8,159
S00132565,211,19,192
S00132566,184,20,164
S00132567,112,18,94
S00132568,133,29,104
S00132569,85,27,58
S00132570,121,33,88
S00132571,88,56,32
S00132572,51,7,44
S00132573,159,39,120
S00132574,138,19,119
S00132575,113,29,84
S00132576,122,25,97
S00132577,94,16,78
S00132578,90,20,70
S00132579,142,28,114
S00132580,61,19,42
S00132581,159,38,121
S00132582,121,22,99
S00132583,133,36,97
S00132584,64,17,47
S00132585,78,22,56
S00132586,120,15,105
S00132587,75,23,52
S00132588,82,26,56
S00132589,117,22,95
S00132590,114,9,105
S00132591,105,37,68
S00132592,62,39,23
S00132593,110,14,96
S00132594,61,16,45
S00132595,99,24,75
S00132596,79,24,55
S00132597,101,28,73
S00132598,119,35,84
S00132599,79,29,50
S00132600,97,29,68
S00132601,106,21,85
S00132602,151,13,138
S00132603,141,18,123
S00132604,245,30,215
S00132605,215,19,196
S00132606,82,4,78
S00132607,125,4,121
S00132608,107,6,101
S00132609,122,17,105
S00132610,95,8,87
S00132611,67,4,63
S00132612,86,24,62
S00132613,109,27,82
S00132614,135,19,116
S00132615,132,19,113
S00132616,79,24,55
S00132617,113,32,81
S00132618,141,13,128
S00132619,211,17,194
S00132620,141,20,121
S00132621,167,39,128
S00132622,183,17,166
S00132623,148,27,121
S00132624,69,21,48
S00132625,201,14,187
S00132626,165,21,144
S00132627,88,19,69
S00132628,133,31,102
S00132629,104,18,86
S00132630,102,16,86
S00132631,145,45,100
S00132632,59,25,34
S00132633,70,15,55
S00132634,121,17,104
S00132635,141,16,125
S00132636,175,11,164
S00132637,113,17,96
S00132638,79,10,69
S00132639,70,13,57
S00132640,83,32,51
S00132641,75,34,41
S00132642,84,17,67
S00132643,136,12,124
S00132644,101,19,82
S00132645,88,22,66
S00132646,146,47,99
S00132647,50,12,38
S00132648,70,14,56
S00132649,122,34,88
S00132650,202,23,179
S00132651,70,17,53
S00132652,105,21,84
S00132653,110,35,75
S00132654,50,6,44
S00132655,93,21,72
S00132656,94,61,33
S00132657,50,12,38
S00132658,88,24,64
S00132659,106,14,92
S00132660,127,34,93
S00132661,109,14,95
S00132662,118,27,91
S00132663,61,37,24
S00132664,104,16,88
S00132665,180,8,172
S00132666,158,24,134
S00132667,148,12,136
S00132668,54,10,44
S00132669,192,8,184
S00132670,178,17,161
S00132671,177,19,158
S00132672,100,14,86
S00132673,158,9,149
S00132674,132,15,117
S00132675,97,7,90
S00132676,137,19,118
S00132677,140,12,128
S00132678,219,34,185
S00132679,70,11,59
S00132680,145,3,142
S00132681,82,12,70
S00132682,124,7,117
S00132683,172,8,164
S00132684,108,30,78
S00132685,107,12,95
S00132686,201,23,178
S00132687,116,22,94
S00132688,78,15,63
S00132689,116,33,83
S00132690,61,23,38
S00132691,159,46,113
S00132692,171,25,146
S00132693,137,36,101
S00132694,215,19,196
S00132695,105,10,95
S00132696,154,24,130
S00132697,163,11,152
S00132698,81,6,75
S00132699,239,19,220
S00132700,142,15,127
S00132701,240,16,224
S00132702,138,12,126
S00132703,132,9,123
S00132704,136,13,123
S00132705,166,19,147
S00132706,147,37,110
S00132707,260,108,152
S00132708,169,24,145
S00132709,165,23,142
S00132710,195,67,128
S00132711,94,11,83
S00132712,134,25,109
S00132713,101,17,84
S00132714,106,19,87
S00132715,102,23,79
S00132716,150,27,123
S00132717,128,31,97
S00132718,62,16,46
S00132719,149,13,136
S00132720,159,16,143
S00132721,86,6,80
S00132722,138,3,135
S00132723,185,17,168
S00132724,142,8,134
S00132725,152,20,132
S00132726,120,11,109
S00132727,235,9,226
S00132728,74,7,67
S00132729,56,15,41
S00132730,99,26,73
S00132731,81,26,55
S00132732,122,28,94
S00132733,80,9,71
S00132734,187,52,135
S00132735,76,17,59
S00132736,200,17,183
S00132737,119,30,89
S00132738,93,19,74
S00132739,61,14,47
S00132740,171,52,119
S00132741,66,5,61
S00132742,118,30,88
S00132743,130,28,102
S00132744,88,62,26
S00132745,52,22,30
S00132746,104,43,61
S00132747,137,18,119
S00132748,168,28,140
S00132749,79,11,68
S00132750,80,19,61
S00132751,116,52,64
S00132752,98,27,71
S00132753,114,23,91
S00132754,87,22,65
S00132755,149,28,121
S00132756,116,22,94
S00132757,127,18,109
S00132758,95,15,80
S00132759,88,16,72
S00132760,124,26,98
S00132761,129,36,93
S00132762,52,11,41
S00132763,100,17,83
S00132764,91,14,77
S00132765,99,30,69
S00132766,68,15,53
S00132767,104,15,89
S00132768,104,15,89
S00132769,122,18,104
S00132770,61,14,47
S00132771,86,6,80
S00132772,64,20,44
S00132773,86,13,73
S00132774,64,16,48
S00132775,114,35,79
S00132776,109,20,89
S00132777,170,16,154
S00132778,110,25,85
S00132779,118,18,100
S00132780,114,50,64
S00132781,50,30,20
S00132782,165,30,135
S00132783,58,13,45
S00132784,138,29,109
S00132785,173,41,132
S00132786,149,34,115
S00132787,61,6,55
S00132788,149,16,133
S00132789,106,8,98
S00132790,62,4,58
S00132791,53,4,49
S00132792,144,12,132
S00132793,105,30,75
S00132794,122,7,115
S00132795,67,8,59
S00132796,119,48,71
S00132797,172,32,140
S00132798,204,16,188
S00132799,114,12,102
S00132800,63,9,54
S00132801,129,24,105
S00132802,85,12,73
S00132803,86,10,76
S00132804,90,13,77
S00132805,141,32,109
S00132806,104,40,64
S00132807,54,16,38
S00132808,95,22,73
S00132809,75,22,53
S00132810,61,16,45
S00132811,72,24,48
S00132812,57,11,46
S00132813,106,52,54
S00132814,77,11,66
S00132815,94,12,82
S00132816,78,32,46
S00132817,53,3,50
S00132818,103,24,79
S00132819,105,8,97
S00132820,152,11,141
S00132821,50,25,25
S00132822,82,15,67
S00132823,175,15,160
S00132824,133,9,124
S00132825,125,15,110
S00132826,60,6,54
S00132827,119,9,110
S00132828,94,16,78
S00132829,105,35,70
S00132830,57,3,54
S00132831,135,9,126
S00132832,148,63,85
S00132833,110,40,70
S00132834,168,14,154
S00132835,95,10,85
S00132836,98,34,64
S00132837,72,21,51
S00132838,88,6,82
S00132839,246,40,206
S00132840,90,13,77
S00132841,85,13,72
S00132842,90,19,71
S00132843,57,40,17
S00132844,78,18,60
S00132845,178,33,145
S00132846,88,36,52
S00132847,249,52,197
S00132848,224,51,173
S00132849,130,35,95
S00132850,57,11,46
S00132851,174,39,135
S00132852,147,9,138
S00132853,138,20,118
S00132854,168,12,156
S00132855,111,26,85
S00132856,124,17,107
S00132857,121,3,118
S00132858,202,20,182
S00132859,188,15,173
S00132860,71,3,68
S00132861,112,18,94
S00132862,86,11,75
S00132863,163,87,76
S00132864,108,8,100
S00132865,137,14,123
S00132866,202,15,187
S00132867,183,20,163
S00132868,170,19,151
S00132869,144,6,138
S00132870,152,6,146
S00132871,152,26,126
S00132872,104,35,69
S00132873,144,13,131
S00132874,164,19,145
S00132875,197,22,175
S00132876,189,23,166
S00132877,79,20,59
S00132878,152,9,143
S00132879,132,17,115
S00132880,75,39,36
S00132881,190,10,180
S00132882,72,24,48
S00132883,79,13,66
S00132884,59,10,49
S00132885,86,12,74
S00132886,65,12,53
S00132887,109,18,91
S00132888,119,19,100
S00132889,65,13,52
S00132890,98,17,81
S00132891,93,21,72
S00132892,57,11,46
S00132893,77,26,51
S00132894,96,12,84
S00132895,127,14,113
S00132896,157,26,131
S00132897,141,18,123
S00132898,111,18,93
S00132899,84,19,65
S00132900,63,13,50
S00132901,106,12,94
S00132902,108,14,94
S00132903,126,34,92
S00132904,90,19,71
S00132905,55,10,45
S00132906,136,21,115
S00132907,113,21,92
S00132908,78,8,70
S00132909,139,15,124
S00132910,103,8,95
S00132911,95,19,76
S00132912,155,19,136
S00132913,74,8,66
S00132914,111,18,93
S00132915,180,32,148
S00132916,115,17,98
S00132917,123,17,106
S00132918,160,34,126
S00132919,122,27,95
S00132920,144,33,111
S00132921,99,17,82
S00132922,67,15,52
S00132923,58,12,46
S00132924,66,9,57
S00132925,117,19,98
S00132926,138,14,124
S00132927,71,6,65
S00132928,132,23,109
S00132929,162,16,146
S00132930,80,11,69
S00132931,127,21,106
S00132932,91,10,81
S00132933,191,26,165
S00132934,112,10,102
S00132935,100,16,84
S00132936,90,9,81
S00132937,97,13,84
S00132938,151,8,143
S00132939,61,5,56
S00132940,87,2,85
S00132941,91,10,81
S00132942,110,10,100
S00132943,90,15,75
S00132944,123,15,108
S00132945,154,30,124
S00132946,153,32,121
S00132947,132,23,109
S00132948,157,35,122
S00132949,89,9,80
S00132950,187,32,155
S00132951,113,18,95
S00132952,126,23,103
S00132953,89,24,65
S00132954,235,70,165
S00132955,143,12,131
S00132956,207,22,185
S00132957,129,27,102
S00132958,151,27,124
S00132959,113,30,83
S00132960,169,14,155
S00132961,126,14,112
S00132962,123,14,109
S00132963,133,18,115
S00132964,145,52,93
S00132965,151,30,121
S00132966,75,6,69
S00132967,73,17,56
S00132968,134,42,92
S00132969,146,24,122
S00132970,143,49,94
S00132971,107,20,87
S00132972,130,44,86
S00132973,166,53,113
S00132974,162,41,121
S00132975,155,24,131
S00132976,111,29,82
S00132977,92,18,74
S00132978,58,17,41
S00132979,114,18,96
S00132980,175,29,146
S00132981,128,22,106
S00132982,155,25,130
S00132983,119,39,80
S00132984,86,8,78
S00132985,147,15,132
S00132986,111,16,95
S00132987,86,12,74
S00132988,145,17,128
S00132989,156,19,137
S00132990,150,40,110
S00132991,98,23,75
S00132992,115,20,95
S00132993,120,18,102
S00132994,99,25,74
S00132995,146,34,112
S00132996,140,31,109
S00132997,99,31,68
S00132998,115,28,87
S00132999,127,14,113
S00133000,134,23,111
S00133001,136,39,97
S00133002,85,27,58
S00133003,145,35,110
S00133004,129,17,112
S00133005,160,9,151
S00133006,137,18,119
S00133007,196,11,185
S00133008,92,18,74
S00133009,84,20,64
S00133010,131,24,107
S00133011,96,22,74
S00133012,145,25,120
S00133013,176,31,145
S00133014,119,45,74
S00133015,98,29,69
S00133016,113,41,72
S00133017,244,88,156
S00133018,136,33,103
S00133019,186,19,167
S00133020,86,12,74
S00133021,62,18,44
S00133022,160,22,138
S00133023,103,27,76
S00133024,128,24,104
S00133025,116,28,88
S00133026,81,19,62
S00133027,103,28,75
S00133028,114,27,87
S00133029,72,30,42
S00133030,85,16,69
S00133031,137,33,104
S00133032,112,23,89
S00133033,194,12,182
S00133034,58,17,41
S00133035,111,24,87
S00133036,97,32,65
S00133037,121,35,86
S00133038,136,42,94
S00133039,135,43,92
S00133040,105,29,76
S00133041,108,19,89
S00133042,141,22,119
S00133043,203,45,158
S00133044,135,21,114
S00133045,75,9,66
S00133046,169,13,156
S00133047,173,35,138
S00133048,59,3,56
S00133049,105,27,78
S00133050,127,22,105
S00133051,155,23,132
S00133052,116,11,105
S00133053,116,21,95
S00133054,122,17,105
S00133055,123,25,98
S00133056,53,36,17
S00133057,134,42,92
S00133058,81,14,67
S00133059,89,14,75
S00133060,99,22,77
S00133061,72,16,56
S00133062,111,27,84
S00133063,125,29,96
S00133064,75,11,64
S00133065,127,26,101
S00133066,147,30,117
S00133067,135,9,126
S00133068,162,23,139
S00133069,126,19,107
S00133070,118,21,97
S00133071,138,18,120
S00133072,183,17,166
S00133073,87,11,76
S00133074,61,7,54
S00133075,93,20,73
S00133076,119,32,87
S00133077,98,17,81
S00133078,203,41,162
S00133079,167,13,154
S00133080,87,13,74
S00133081,140,18,122
S00133082,121,9,112
S00133083,93,12,81
S00133084,94,29,65
S00133085,87,16,71
S00133086,108,10,98
S00133087,95,33,62
S00133088,72,12,60
S00133089,94,17,77
S00133090,140,46,94
S00133091,111,19,92
S00133092,83,24,59
S00133093,140,30,110
S00133094,101,20,81
S00133095,99,30,69
S00133096,103,29,74
S00133097,85,11,74
S00133098,96,17,79
S00133099,102,13,89
S00133100,105,22,83
S00133101,132,19,113
S00133102,58,7,51
S00133103,77,10,67
S00133104,71,13,58
S00133105,82,17,65
S00133106,76,19,57
S00133107,150,32,118
S00133108,91,69,22
S00133109,97,20,77
S00133110,60,19,41
S00133111,66,15,51
S00133112,117,33,84
S00133113,76,25,51
S00133114,117,39,78
S00133115,168,43,125
S00133116,64,21,43
S00133117,97,15,82
S00133118,62,14,48
S00133119,79,12,67
S00133120,134,28,106
S00133121,97,18,79
S00133122,118,21,97
S00133123,112,22,90
S00133124,108,27,81
S00133125,66,15,51
S00133126,51,7,44
S00133127,90,20,70
S00133128,65,19,46
S00133129,112,14,98
S00133130,94,36,58
S00133131,99,6,93
S00133132,93,22,71
S00133133,57,9,48
S00133134,87,17,70
S00133135,112,17,95
S00133136,178,31,147
S00133137,117,25,92
S00133138,87,22,65
S00133139,86,32,54
S00133140,87,21,66
S00133141,72,22,50
S00133142,127,16,111
S00133143,93,15,78
S00133144,124,23,101
S00133145,130,16,114
S00133146,98,19,79
S00133147,104,20,84
S00133148,92,15,77
S00133149,93,6,87
S00133150,91,14,77
S00133151,136,21,115
S00133152,95,15,80
S00133153,253,9,244
S00133154,175,15,160
S00133155,161,15,146
S00133156,109,10,99
S00133157,105,28,77
S00133158,100,25,75
S00133159,57,16,41
S00133160,65,22,43
S00133161,122,36,86
S00133162,51,10,41
S00133163,104,24,80
S00133164,113,30,83
S00133165,100,22,78
S00133166,145,42,103
S00133167,96,24,72
S00133168,96,20,76
S00133169,144,31,113
S00133170,80,37,43
S00133171,101,22,79
S00133172,86,9,77
S00133173,100,50,50
S00133174,147,31,116
S00133175,78,31,47
S00133176,110,34,76
S00133177,96,22,74
S00133178,115,37,78
S00133179,91,31,60
S00133180,101,29,72
S00133181,92,29,63
S00133182,112,29,83
S00133183,137,45,92
S00133184,166,27,139
S00133185,89,2,87
S00133186,96,12,84
S00133187,160,9,151
S00133188,80,17,63
S00133189,79,14,65
S00133190,95,9,86
S00133191,116,24,92
S00133192,91,38,53
S00133193,99,18,81
S00133194,171,32,139
S00133195,103,9,94
S00133196,109,16,93
S00133197,101,10,91
S00133198,179,22,157
S00133199,123,11,112
S00133200,120,9,111
S00133201,181,16,165
S00133202,103,4,99
S00133203,166,18,148
S00133204,115,27,88
S00133205,110,32,78
S00133206,129,37,92
S00133207,86,32,54
S00133208,77,24,53
S00133209,115,19,96
S00133210,106,7,99
S00133211,127,27,100
S00133212,157,22,135
S00133213,170,44,126
S00133214,161,26,135
S00133215,129,42,87
S00133216,55,17,38
S00133217,91,23,68
S00133218,84,37,47
S00133219,87,28,59
S00133220,87,39,48
S00133221,91,25,66
S00133222,78,39,39
S00133223,149,30,119
S00133224,107,6,101
S00133225,139,14,125
S00133226,102,15,87
S00133227,104,24,80
S00133228,133,22,111
S00133229,127,28,99
S00133230,132,28,104
S00133231,103,9,94
S00133232,96,9,87
S00133233,168,30,138
S00133234,130,25,105
S00133235,110,23,87
S00133236,101,20,81
S00133237,117,30,87
S00133238,111,10,101
S00133239,79,26,53
S00133240,102,15,87
S00133241,73,5,68
S00133242,88,27,61
S00133243,76,9,67
S00133244,141,20,121
S00133245,149,26,123
S00133246,153,65,88
S00133247,110,21,89
S00133248,129,16,113
S00133249,91,12,79
S00133250,51,8,43
S00133251,137,18,119
S00133252,132,21,111
S00133253,117,20,97
S00133254,165,12,153
S00133255,143,5,138
S00133256,113,13,100
S00133257,90,11,79
S00133258,50,7,43
S00133259,50,6,44
S00133260,176,9,167
S00133261,169,42,127
S00133262,65,17,48
S00133263,70,13,57
S00133264,120,21,99
S00133265,154,45,109
S00133266,139,50,89
S00133267,136,30,106
S00133268,151,37,114
S00133269,109,30,79
S00133270,93,24,69
S00133271,123,26,97
S00133272,107,21,86
S00133273,156,32,124
S00133274,144,35,109
S00133275,140,19,121
S00133276,161,27,134
S00133277,66,10,56
S00133278,134,7,127
S00133279,191,8,183
S00133280,121,17,104
S00133281,96,26,70
S00133282,102,34,68
S00133283,98,45,53
S00133284,151,26,125
S00133285,99,14,85
S00133286,151,40,111
S00133287,153,34,119
S00133288,109,24,85
S00133289,129,19,110
S00133290,202,40,162
S00133291,177,40,137
S00133292,95,21,74
S00133293,109,14,95
S00133294,95,23,72
S00133295,141,47,94
S00133296,138,39,99
S00133297,125,24,101
S00133298,128,35,93
S00133299,111,20,91
S00133300,96,26,70
S00133301,119,25,94
S00133302,131,34,97
S00133303,70,9,61
S00133304,144,26,118
S00133305,102,18,84
S00133306,144,43,101
S00133307,51,14,37
S00133308,147,23,124
S00133309,175,27,148
S00133310,95,22,73
S00133311,129,14,115
S00133312,148,18,130
S00133313,154,30,124
S00133314,172,25,147
S00133315,137,19,118
S00133316,71,6,65
S00133317,97,22,75
S00133318,86,27,59
S00133319,178,19,159
S00133320,181,21,160
S00133321,151,28,123
S00133322,118,17,101
S00133323,202,17,185
S00133324,111,15,96
S00133325,137,23,114
S00133326,102,14,88
S00133327,164,34,130
S00133328,121,21,100
S00133329,133,54,79
S00133330,88,27,61
S00133331,78,16,62
S00133332,109,13,96
S00133333,116,18,98
S00133334,79,11,68
S00133335,54,14,40
S00133336,80,16,64
S00133337,118,21,97
S00133338,87,11,76
S00133339,129,15,114
S00133340,94,17,77
S00133341,152,35,117
S00133342,149,5,144
S00133343,114,10,104
S00133344,117,16,101
S00133345,134,33,101
S00133346,108,16,92
S00133347,281,7,274
S00133348,183,27,156
S00133349,155,21,134
S00133350,194,29,165
S00133351,78,10,68
S00133352,131,19,112
S00133353,87,20,67
S00133354,158,17,141
S00133355,168,73,95
S00133356,146,18,128
S00133357,138,20,118
S00133358,135,22,113
S00133359,127,19,108
S00133360,59,12,47
S00133361,122,19,103
S00133362,341,28,313
S00133363,164,29,135
S00133364,62,8,54
S00133365,105,16,89
S00133366,160,44,116
S00133367,130,19,111
S00133368,142,23,119
S00133369,105,22,83
S00133370,131,20,111
S00133371,174,26,148
S00133372,94,20,74
S00133373,166,28,138
S00133374,135,25,110
S00133375,150,22,128
S00133376,156,24,132
S00133377,90,6,84
S00133378,116,21,95
S00133379,139,25,114
S00133380,170,37,133
S00133381,145,29,116
S00133382,92,33,59
S00133383,70,14,56
S00133384,152,23,129
S00133385,182,73,109
S00133386,111,22,89
S00133387,102,21,81
S00133388,157,36,121
S00133389,169,32,137
S00133390,102,24,78
S00133391,130,19,111
S00133392,84,12,72
S00133393,173,15,158
S00133394,81,5,76
S00133395,122,10,112
S00133396,72,10,62
S00133397,95,12,83
S00133398,81,14,67
S00133399,64,2,62
S00133400,93,6,87
S00133401,82,13,69
S00133402,96,17,79
S00133403,58,10,48
S00133404,148,20,128
S00133405,180,20,160
S00133406,116,21,95
S00133407,167,38,129
S00133408,52,8,44
S00133409,77,14,63
S00133410,70,8,62
S00133411,154,21,133
S00133412,95,11,84
S00133413,102,6,96
S00133414,121,27,94
S00133415,110,19,91
S00133416,91,12,79
S00133417,86,11,75
S00133418,100,15,85
S00133419,56,6,50
S00133420,127,19,108
S00133421,130,20,110
S00133422,84,6,78
S00133423,98,5,93
S00133424,139,15,124
S00133425,162,22,140
S00133426,169,13,156
S00133427,78,14,64
S00133428,80,6,74
S00133429,70,13,57
S00133430,91,15,76
S00133431,81,26,55
S00133432,112,21,91
S00133433,127,21,106
S00133434,105,21,84
S00133435,101,21,80
S00133436,185,36,149
S00133437,107,26,81
S00133438,134,12,122
S00133439,126,29,97
S00133440,64,12,52
S00133441,122,24,98
S00133442,75,16,59
S00133443,107,16,91
S00133444,188,72,116
S00133445,69,13,56
S00133446,120,68,52
S00133447,100,16,84
S00133448,119,18,101
S00133449,60,33,27
S00133450,78,16,62
S00133451,106,18,88
S00133452,149,16,133
S00133453,59,11,48
S00133454,59,17,42
S00133455,70,10,60
S00133456,138,21,117
S00133457,59,15,44
S00133458,94,24,70
S00133459,267,7,260
S00133460,71,16,55
S00133461,108,31,77
S00133462,68,10,58
S00133463,138,23,115
S00133464,88,11,77
S00133465,153,19,134
S00133466,78,8,70
S00133467,101,14,87
S00133468,101,20,81
S00133469,144,41,103
S00133470,64,23,41
S00133471,148,8,140
S00133472,148,38,110
S00133473,77,10,67
S00133474,119,28,91
S00133475,72,2,70
S00133476,137,14,123
S00133477,89,30,59
S00133478,88,26,62
S00133479,112,8,104
S00133480,149,32,117
S00133481,63,4,59
S00133482,124,14,110
S00133483,97,9,88
S00133484,99,10,89
S00133485,177,35,142
S00133486,161,9,152
S00133487,117,10,107
S00133488,63,14,49
S00133489,149,5,144
S00133490,134,18,116
S00133491,213,7,206
S00133492,92,7,85
S00133493,84,3,81
S00133494,206,5,201
S00133495,177,7,170
S00133496,111,12,99
S00133497,83,9,74
S00133498,118,23,95
S00133499,88,14,74
S00133500,156,4,152
S00133501,125,11,114
S00133502,143,21,122
S00133503,93,17,76
S00133504,92,16,76
S00133505,144,12,132
S00133506,66,4,62
S00133507,102,15,87
S00133508,103,17,86
S00133509,123,9,114
S00133510,100,11,89
S00133511,66,23,43
S00133512,69,10,59
S00133513,179,34,145
S00133514,97,15,82
S00133515,83,38,45
S00133516,53,11,42
S00133517,184,29,155
S00133518,122,30,92
S00133519,161,12,149
S00133520,60,9,51
S00133521,116,14,102
S00133522,121,6,115
S00133523,154,14,140
S00133524,228,32,196
S00133525,65,23,42
S00133526,228,19,209
S00133527,54,3,51
S00133528,104,14,90
S00133529,106,6,100
S00133530,110,20,90
S00133531,63,10,53
S00133532,74,7,67
S00133533,91,9,82
S00133534,94,6,88
S00133535,103,29,74
S00133536,126,36,90
S00133537,90,17,73
S00133538,102,21,81
S00133539,62,37,25
S00133540,98,11,87
S00133541,161,10,151
S00133542,197,13,184
S00133543,133,26,107
S00133544,72,19,53
S00133545,70,7,63
S00133546,125,12,113
S00133547,152,21,131
S00133548,139,14,125
S00133549,92,8,84
S00133550,150,14,136
S00133551,143,16,127
S00133552,80,6,74
S00133553,130,13,117
S00133554,118,14,104
S00133555,55,5,50
S00133556,107,20,87
S00133557,148,30,118
S00133558,132,22,110
S00133559,263,16,247
S00133560,65,9,56
S00133561,82,5,77
S00133562,129,11,118
S00133563,85,5,80
S00133564,115,49,66
S00133565,75,28,47
S00133566,147,22,125
S00133567,65,11,54
S00133568,92,10,82
S00133569,124,6,118
S00133570,93,14,79
S00133571,84,13,71
S00133572,102,40,62
S00133573,115,11,104
S00133574,141,42,99
S00133575,184,76,108
S00133576,78,6,72
S00133577,80,29,51
S00133578,122,8,114
S00133579,105,7,98
S00133580,390,18,372
S00133581,205,13,192
S00133582,159,23,136
S00133583,89,9,80
S00133584,83,13,70
S00133585,170,17,153
S00133586,129,4,125
S00133587,112,24,88
S00133588,184,21,163
S00133589,349,95,254
S00133590,173,9,164
S00133591,241,64,177
S00133592,166,11,155
S00133593,66,3,63
S00133594,91,21,70
S00133595,105,18,87
S00133596,138,14,124
S00133597,93,21,72
S00133598,229,19,210
S00133599,118,18,100
S00133600,163,23,140
S00133601,130,21,109
S00133602,66,11,55
S00133603,76,48,28
S00133604,91,14,77
S00133605,138,16,122
S00133606,59,9,50
S00133607,90,35,55
S00133608,226,29,197
S00133609,87,5,82
S00133610,179,15,164
S00133611,151,27,124
S00133612,114,24,90
S00133613,103,11,92
S00133614,98,9,89
S00133615,95,12,83
S00133616,67,21,46
S00133617,122,21,101
S00133618,83,21,62
S00133619,91,13,78
S00133620,101,27,74
S00133621,117,33,84
S00133622,57,14,43
S00133623,142,31,111
S00133624,147,37,110
S00133625,122,22,100
S00133626,77,19,58
S00133627,88,24,64
S00133628,111,18,93
S00133629,72,12,60
S00133630,143,14,129
S00133631,181,15,166
S00133632,191,25,166
S00133633,64,8,56
S00133634,127,12,115
S00133635,1893,77,1816
S00133636,151,34,117
S00133637,94,14,80
S00133638,66,2,64
S00133639,63,9,54
S00133640,115,12,103
S00133641,198,57,141
S00133642,113,16,97
S00133643,63,15,48
S00133644,168,36,132
S00133645,130,23,107
S00133646,93,12,81
S00133647,55,11,44
S00133648,77,9,68
S00133649,94,7,87
S00133650,93,11,82
S00133651,77,5,72
S00133652,98,16,82
S00133653,140,29,111
S00133654,101,10,91
S00133655,99,6,93
S00133656,96,11,85
S00133657,62,6,56
S00133658,112,13,99
S00133659,102,36,66
S00133660,229,12,217
S00133661,87,0,87
S00133662,125,15,110
S00133663,203,16,187
S00133664,55,10,45
S00133665,79,10,69
S00133666,95,21,74
S00133667,113,23,90
S00133668,175,33,142
S00133669,349,31,318
S00133670,63,8,55
S00133671,81,13,68
S00133672,147,17,130
S00133673,94,19,75
S00133674,75,19,56
S00133675,98,9,89
S00133676,187,8,179
S00133677,222,14,208
S00133678,60,15,45
S00133679,85,15,70
S00133680,113,10,103
S00133681,102,31,71
S00133682,100,8,92
S00133683,65,15,50
S00133684,51,9,42
S00133685,118,41,77
S00133686,119,34,85
S00133687,109,27,82
S00133688,140,24,116
S00133689,129,31,98
S00133690,136,42,94
S00133691,93,24,69
S00133692,183,28,155
S00133693,104,31,73
S00133694,158,36,122
S00133695,126,21,105
S00133696,107,42,65
S00133697,90,46,44
S00133698,81,21,60
S00133699,116,40,76
S00133700,101,23,78
S00133701,97,32,65
S00133702,102,24,78
S00133703,104,26,78
S00133704,104,15,89
S00133705,160,48,112
S00133706,126,39,87
S00133707,121,31,90
S00133708,129,32,97
S00133709,136,74,62
S00133710,74,17,57
S00133711,133,35,98
S00133712,111,35,76
S00133713,171,31,140
S00133714,102,20,82
S00133715,116,30,86
S00133716,111,27,84
S00133717,145,33,112
S00133718,51,10,41
S00133719,75,17,58
S00133720,161,26,135
S00133721,135,47,88
S00133722,144,28,116
S00133723,147,30,117
S00133724,167,36,131
S00133725,165,30,135
S00133726,603,146,457
S00133727,153,36,117
S00133728,166,35,131
S00133729,144,31,113
S00133730,165,37,128
S00133731,85,25,60
S00133732,108,34,74
S00133733,126,23,103
S00133734,83,24,59
S00133735,118,35,83
S00133736,122,38,84
S00133737,83,14,69
S00133738,116,15,101
S00133739,145,48,97
S00133740,150,30,120
S00133741,120,43,77
S00133742,131,39,92
S00133743,148,25,123
S00133744,60,12,48
S00133745,94,24,70
S00133746,163,37,126
S00133747,79,17,62
S00133748,136,23,113
S00133749,182,27,155
S00133750,56,14,42
S00133751,145,26,119
S00133752,138,23,115
S00133753,119,26,93
S00133754,83,22,61
S00133755,100,30,70
S00133756,141,27,114
S00133757,140,30,110
S00133758,150,27,123
S00133759,147,12,135
S00133760,164,33,131
S00133761,78,11,67
S00133762,79,16,63
S00133763,87,25,62
S00133764,156,32,124
S00133765,157,37,120
S00133766,127,44,83
S00133767,121,36,85
S00133768,148,33,115
S00133769,88,33,55
S00133770,110,49,61
S00133771,114,28,86
S00133772,99,26,73
S00133773,113,28,85
S00133774,150,34,116
S00133775,128,20,108
S00133776,98,23,75
S00133777,108,30,78
S00133778,139,28,111
S00133779,63,11,52
S00133780,94,14,80
S00133781,121,28,93
S00133782,167,21,146
S00133783,121,17,104
S00133784,155,14,141
S00133785,100,7,93
S00133786,93,5,88
S00133787,113,30,83
S00133788,89,27,62
S00133789,82,26,56
S00133790,98,20,78
S00133791,91,30,61
S00133792,81,21,60
S00133793,112,37,75
S00133794,92,18,74
S00133795,67,21,46
S00133796,124,39,85
S00133797,129,32,97
S00133798,139,32,107
S00133799,139,35,104
S00133800,113,29,84
S00133801,68,15,53
S00133802,99,24,75
S00133803,113,27,86
S00133804,76,21,55
S00133805,115,21,94
S00133806,146,42,104
S00133807,116,30,86
S00133808,113,19,94
S00133809,102,31,71
S00133810,106,34,72
S00133811,115,29,86
S00133812,114,26,88
S00133813,67,24,43
S00133814,83,17,66
S00133815,128,31,97
S00133816,140,57,83
S00133817,183,40,143
S00133818,126,38,88
S00133819,138,48,90
S00133820,177,31,146
S00133821,70,16,54
S00133822,79,33,46
S00133823,90,17,73
S00133824,96,23,73
S00133825,151,33,118
S00133826,74,14,60
S00133827,102,24,78
S00133828,90,30,60
S00133829,101,31,70
S00133830,108,34,74
S00133831,124,37,87
S00133832,129,45,84
S00133833,153,19,134
S00133834,124,23,101
S00133835,92,15,77
S00133836,147,43,104
S00133837,99,22,77
S00133838,103,22,81
S00133839,108,25,83
S00133840,182,45,137
S00133841,153,41,112
S00133842,182,34,148
S00133843,167,43,124
S00133844,106,36,70
S00133845,85,17,68
S00133846,141,34,107
S00133847,128,39,89
S00133848,110,29,81
S00133849,156,22,134
S00133850,122,22,100
S00133851,139,34,105
S00133852,104,15,89
S00133853,98,17,81
S00133854,143,37,106
S00133855,108,37,71
S00133856,105,24,81
S00133857,102,21,81
S00133858,114,30,84
S00133859,132,29,103
S00133860,127,18,109
S00133861,72,13,59
S00133862,102,19,83
S00133863,127,11,116
S00133864,94,13,81
S00133865,116,6,110
S00133866,125,23,102
S00133867,134,12,122
S00133868,108,10,98
S00133869,135,22,113
S00133870,128,12,116
S00133871,80,6,74
S00133872,106,9,97
S00133873,144,24,120
S00133874,107,13,94
S00133875,155,14,141
S00133876,111,5,106
S00133877,196,19,177
S00133878,134,15,119
S00133879,65,10,55
S00133880,185,37,148
S00133881,151,21,130
S00133882,119,30,89
S00133883,105,38,67
S00133884,88,19,69
S00133885,149,41,108
S00133886,68,26,42
S00133887,104,28,76
S00133888,156,29,127
S00133889,68,23,45
S00133890,87,14,73
S00133891,79,10,69
S00133892,149,34,115
S00133893,107,32,75
S00133894,116,31,85
S00133895,110,14,96
S00133896,138,35,103
S00133897,92,20,72
S00133898,107,30,77
S00133899,67,16,51
S00133900,55,12,43
S00133901,60,12,48
S00133902,141,33,108
S00133903,166,26,140
S00133904,116,30,86
S00133905,125,66,59
S00133906,127,29,98
S00133907,199,22,177
S00133908,116,31,85
S00133909,116,21,95
S00133910,161,41,120
S00133911,95,19,76
S00133912,58,7,51
S00133913,92,27,65
S00133914,145,31,114
S00133915,131,16,115
S00133916,183,81,102
S00133917,180,38,142
S00133918,51,8,43
S00133919,146,27,119
S00133920,161,49,112
S00133921,106,23,83
S00133922,152,38,114
S00133923,66,13,53
S00133924,119,9,110
S00133925,148,9,139
S00133926,196,37,159
S00133927,93,16,77
S00133928,118,13,105
S00133929,155,29,126
S00133930,57,15,42
S00133931,99,16,83
S00133932,163,40,123
S00133933,161,36,125
S00133934,105,24,81
S00133935,137,19,118
S00133936,67,7,60
S00133937,96,19,77
S00133938,117,15,102
S00133939,71,15,56
S00133940,164,21,143
S00133941,62,5,57
S00133942,112,17,95
S00133943,177,92,85
S00133944,165,37,128
S00133945,111,21,90
S00133946,126,14,112
S00133947,116,32,84
S00133948,110,25,85
S00133949,148,25,123
S00133950,162,34,128
S00133951,126,40,86
S00133952,176,34,142
S00133953,105,42,63
S00133954,89,21,68
S00133955,201,41,160
S00133956,160,32,128
S00133957,134,38,96
S00133958,154,27,127
S00133959,208,50,158
S00133960,108,22,86
S00133961,166,30,136
S00133962,173,27,146
S00133963,208,38,170
S00133964,150,35,115
S00133965,171,38,133
S00133966,127,31,96
S00133967,128,31,97
S00133968,150,36,114
S00133969,90,25,65
S00133970,136,29,107
S00133971,144,27,117
S00133972,146,22,124
S00133973,137,17,120
S00133974,157,12,145
S00133975,168,11,157
S00133976,130,21,109
S00133977,129,23,106
S00133978,181,24,157
S00133979,133,29,104
S00133980,151,31,120
S00133981,84,20,64
S00133982,121,21,100
S00133983,77,20,57
S00133984,156,35,121
S00133985,117,33,84
S00133986,121,27,94
S00133987,171,33,138
S00133988,157,46,111
S00133989,164,43,121
S00133990,135,23,112
S00133991,98,24,74
S00133992,135,34,101
S00133993,179,31,148
S00133994,128,26,102
S00133995,107,18,89
S00133996,182,39,143
S00133997,201,45,156
S00133998,167,35,132
S00133999,105,48,57
S00134000,171,29,142
S00134001,91,22,69
S00134002,138,25,113
S00134003,181,36,145
S00134004,109,16,93
S00134005,178,36,142
S00134006,104,21,83
S00134007,97,21,76
S00134008,88,20,68
S00134009,131,21,110
S00134010,142,19,123
S00134011,127,35,92
S00134012,63,2,61
S00134013,96,6,90
S00134014,153,36,117
S00134015,118,5,113
S00134016,151,32,119
S00134017,120,29,91
S00134018,114,23,91
S00134019,120,19,101
S00134020,121,27,94
S00134021,164,29,135
S00134022,132,22,110
S00134023,146,26,120
S00134024,161,18,143
S00134025,204,45,159
S00134026,140,29,111
S00134027,172,37,135
S00134028,156,21,135
S00134029,107,38,69
S00134030,139,24,115
S00134031,124,25,99
S00134032,96,29,67
S00134033,137,21,116
S00134034,196,42,154
S00134035,152,22,130
S00134036,131,34,97
S00134037,91,16,75
S00134038,126,18,108
S00134039,95,34,61
S00134040,144,18,126
S00134041,129,39,90
S00134042,88,36,52
S00134043,264,18,246
S00134044,139,7,132
S00134045,185,8,177
S00134046,202,38,164
S00134047,161,28,133
S00134048,159,21,138
S00134049,139,31,108
S00134050,174,48,126
S00134051,188,67,121
S00134052,98,27,71
S00134053,99,25,74
S00134054,112,30,82
S00134055,84,13,71
S00134056,150,20,130
S00134057,137,19,118
S00134058,85,18,67
S00134059,93,11,82
S00134060,187,32,155
S00134061,172,25,147
S00134062,98,26,72
S00134063,144,23,121
S00134064,88,28,60
S00134065,128,22,106
S00134066,80,4,76
S00134067,154,28,126
S00134068,105,23,82
S00134069,126,13,113
S00134070,174,29,145
S00134071,118,22,96
S00134072,127,8,119
S00134073,97,30,67
S00134074,205,23,182
S00134075,195,33,162
S00134076,186,41,145
S00134077,158,36,122
S00134078,152,29,123
S00134079,215,56,159
S00134080,144,31,113
S00134081,165,31,134
S00134082,170,30,140
S00134083,167,35,132
S00134084,182,27,155
S00134085,62,5,57
S00134086,151,19,132
S00134087,168,33,135
S00134088,118,22,96
S00134089,171,34,137
S00134090,132,26,106
S00134091,193,40,153
S00134092,90,19,71
S00134093,143,30,113
S00134094,154,34,120
S00134095,143,27,116
S00134096,222,33,189
S00134097,163,26,137
S00134098,167,19,148
S00134099,98,21,77
S00134100,80,10,70
S00134101,121,25,96
S00134102,197,43,154
S00134103,181,32,149
S00134104,116,27,89
S00134105,106,16,90
S00134106,152,38,114
S00134107,104,15,89
S00134108,152,37,115
S00134109,157,30,127
S00134110,142,34,108
S00134111,157,24,133
S00134112,132,19,113
S00134113,106,29,77
S00134114,163,13,150
S00134115,143,17,126
S00134116,126,24,102
S00134117,162,24,138
S00134118,93,7,86
S00134119,134,12,122
S00134120,145,18,127
S00134121,83,14,69
S00134122,161,18,143
S00134123,139,23,116
S00134124,136,9,127
S00134125,177,21,156
S00134126,137,23,114
S00134127,54,6,48
S00134128,75,10,65
S00134129,159,32,127
S00134130,109,40,69
S00134131,103,9,94
S00134132,82,10,72
S00134133,166,20,146
S00134134,143,20,123
S00134135,91,14,77
S00134136,116,24,92
S00134137,124,24,100
S00134138,123,29,94
S00134139,142,33,109
S00134140,139,11,128
S00134141,98,19,79
S00134142,155,33,122
S00134143,133,23,110
S00134144,179,27,152
S00134145,55,34,21
S00134146,146,27,119
S00134147,112,29,83
S00134148,100,20,80
S00134149,77,22,55
S00134150,121,31,90
S00134151,115,15,100
S00134152,161,26,135
S00134153,175,38,137
S00134154,93,27,66
S00134155,181,19,162
S00134156,93,9,84
S00134157,116,14,102
S00134158,137,15,122
S00134159,161,26,135
S00134160,119,11,108
S00134161,189,19,170
S00134162,168,20,148
S00134163,91,17,74
S00134164,136,34,102
S00134165,134,40,94
S00134166,83,17,66
S00134167,62,24,38
S00134168,109,27,82
S00134169,89,22,67
S00134170,124,44,80
S00134171,166,35,131
S00134172,128,41,87
S00134173,116,35,81
S00134174,100,24,76
S00134175,81,30,51
S00134176,109,31,78
S00134177,70,29,41
S00134178,134,24,110
S00134179,129,29,100
S00134180,93,14,79
S00134181,104,22,82
S00134182,100,21,79
S00134183,127,28,99
S00134184,98,22,76
S00134185,77,24,53
S00134186,107,2,105
S00134187,87,11,76
S00134188,76,18,58
S00134189,65,22,43
S00134190,77,15,62
S00134191,145,32,113
S00134192,57,3,54
S00134193,67,14,53
S00134194,105,28,77
S00134195,74,8,66
S00134196,115,17,98
S00134197,185,24,161
S00134198,87,20,67
S00134199,196,39,157
S00134200,127,32,95
S00134201,135,26,109
S00134202,101,19,82
S00134203,73,19,54
S00134204,56,18,38
S00134205,143,19,124
S00134206,62,19,43
S00134207,139,19,120
S00134208,77,14,63
S00134209,111,22,89
S00134210,96,26,70
S00134211,119,32,87
S00134212,129,35,94
S00134213,146,26,120
S00134214,110,21,89
S00134215,56,17,39
S00134216,116,27,89
S00134217,153,31,122
S00134218,77,24,53
S00134219,176,11,165
S00134220,96,16,80
S00134221,152,13,139
S00134222,148,15,133
S00134223,122,8,114
S00134224,214,10,204
S00134225,205,11,194
S00134226,119,21,98
S00134227,141,34,107
S00134228,115,29,86
S00134229,87,37,50
S00134230,85,27,58
S00134231,128,39,89
S00134232,144,40,104
S00134233,96,29,67
S00134234,66,18,48
S00134235,108,31,77
S00134236,126,33,93
S00134237,107,14,93
S00134238,91,32,59
S00134239,263,77,186
S00134240,196,9,187
S00134241,254,24,230
S00134242,115,36,79
S00134243,77,16,61
S00134244,141,42,99
S00134245,153,28,125
S00134246,87,21,66
S00134247,118,38,80
S00134248,120,34,86
S00134249,135,27,108
S00134250,62,14,48
S00134251,80,18,62
S00134252,121,27,94
S00134253,169,36,133
S00134254,51,15,36
S00134255,145,26,119
S00134256,104,24,80
S00134257,141,27,114
S00134258,109,27,82
S00134259,131,32,99
S00134260,128,41,87
S00134261,81,45,36
S00134262,131,38,93
S00134263,130,26,104
S00134264,118,17,101
S00134265,86,19,67
S00134266,114,35,79
S00134267,125,30,95
S00134268,89,20,69
S00134269,106,14,92
S00134270,98,27,71
S00134271,132,59,73
S00134272,65,14,51
S00134273,131,32,99
S00134274,130,25,105
S00134275,116,20,96
S00134276,91,12,79
S00134277,118,35,83
S00134278,97,16,81
S00134279,80,18,62
S00134280,95,22,73
S00134281,95,14,81
S00134282,57,15,42
S00134283,68,14,54
S00134284,82,13,69
S00134285,90,16,74
S00134286,106,14,92
S00134287,131,21,110
S00134288,175,14,161
S00134289,148,30,118
S00134290,76,17,59
S00134291,103,20,83
S00134292,85,10,75
S00134293,76,51,25
S00134294,106,41,65
S00134295,91,16,75
S00134296,72,16,56
S00134297,71,20,51
S00134298,172,6,166
S00134299,98,15,83
S00134300,84,25,59
S00134301,123,25,98
S00134302,105,32,73
S00134303,81,21,60
S00134304,65,13,52
S00134305,89,22,67
S00134306,96,22,74
S00134307,121,17,104
S00134308,127,29,98
S00134309,101,8,93
S00134310,198,18,180
S00134311,97,13,84
S00134312,169,25,144
S00134313,130,17,113
S00134314,95,25,70
S00134315,130,26,104
S00134316,98,5,93
S00134317,146,23,123
S00134318,88,18,70
S00134319,168,34,134
S00134320,142,21,121
S00134321,102,29,73
S00134322,113,12,101
S00134323,119,29,90
S00134324,73,22,51
S00134325,106,27,79
S00134326,82,21,61
S00134327,103,26,77
S00134328,154,49,105
S00134329,135,44,91
S00134330,121,25,96
S00134331,130,22,108
S00134332,96,19,77
S00134333,127,27,100
S00134334,106,20,86
S00134335,77,24,53
S00134336,129,25,104
S00134337,151,37,114
S00134338,113,10,103
S00134339,119,20,99
S00134340,125,25,100
S00134341,122,29,93
S00134342,65,10,55
S00134343,165,38,127
S00134344,145,39,106
S00134345,171,43,128
S00134346,174,35,139
S00134347,117,21,96
S00134348,58,16,42
S00134349,108,25,83
S00134350,87,9,78
S00134351,103,33,70
S00134352,143,25,118
S00134353,101,18,83
S00134354,129,20,109
S00134355,125,22,103
S00134356,121,20,101
S00134357,151,31,120
S00134358,94,29,65
S00134359,85,18,67
S00134360,131,59,72
S00134361,156,41,115
S00134362,66,19,47
S00134363,84,19,65
S00134364,58,12,46
S00134365,183,37,146
S00134366,138,36,102
S00134367,128,28,100
S00134368,171,31,140
S00134369,139,45,94
S00134370,53,31,22
S00134371,103,28,75
S00134372,100,32,68
S00134373,124,21,103
S00134374,68,17,51
S00134375,68,4,64
S00134376,128,24,104
S00134377,118,35,83
S00134378,142,39,103
S00134379,160,42,118
S00134380,116,24,92
S00134381,118,31,87
S00134382,149,22,127
S00134383,174,29,145
S00134384,144,20,124
S00134385,150,13,137
S00134386,108,6,102
S00134387,129,22,107
S00134388,169,31,138
S00134389,99,15,84
S00134390,121,27,94
S00134391,179,21,158
S00134392,98,25,73
S00134393,118,10,108
S00134394,105,8,97
S00134395,101,9,92
S00134396,90,23,67
S00134397,181,40,141
S00134398,166,34,132
S00134399,86,13,73
S00134400,92,17,75
S00134401,134,24,110
S00134402,93,16,77
S00134403,124,16,108
S00134404,159,40,119
S00134405,104,40,64
S00134406,55,15,40
S00134407,116,31,85
S00134408,201,66,135
S00134409,75,44,31
S00134410,96,22,74
S00134411,86,38,48
S00134412,99,21,78
S00134413,82,12,70
S00134414,88,27,61
S00134415,80,31,49
S00134416,94,17,77
S00134417,103,41,62
S00134418,72,10,62
S00134419,117,16,101
S00134420,64,10,54
S00134421,136,27,109
S00134422,81,15,66
S00134423,112,15,97
S00134424,51,9,42
S00134425,120,29,91
S00134426,142,32,110
S00134427,164,23,141
S00134428,93,15,78
S00134429,86,20,66
S00134430,174,20,154
S00134431,92,16,76
S00134432,69,11,58
S00134433,63,47,16
S00134434,86,27,59
S00134435,98,15,83
S00134436,86,20,66
S00134437,92,19,73
S00134438,63,19,44
S00134439,70,17,53
S00134440,62,11,51
S00134441,125,31,94
S00134442,153,41,112
S00134443,132,30,102
S00134444,95,25,70
S00134445,97,17,80
S00134446,139,27,112
S00134447,133,18,115
S00134448,148,24,124
S00134449,90,41,49
S00134450,95,21,74
S00134451,119,13,106
S00134452,92,18,74
S00134453,121,25,96
S00134454,125,25,100
S00134455,65,11,54
S00134456,124,20,104
S00134457,131,27,104
S00134458,191,49,142
S00134459,168,42,126
S00134460,201,33,168
S00134461,190,24,166
S00134462,102,15,87
S00134463,131,25,106
S00134464,119,26,93
S00134465,83,14,69
S00134466,186,34,152
S00134467,64,17,47
S00134468,83,21,62
S00134469,100,20,80
S00134470,154,18,136
S00134471,179,10,169
S00134472,153,36,117
S00134473,127,19,108
S00134474,90,19,71
S00134475,109,26,83
S00134476,64,9,55
S00134477,101,20,81
S00134478,107,20,87
S00134479,148,34,114
S00134480,77,14,63
S00134481,104,23,81
S00134482,121,29,92
S00134483,101,20,81
S00134484,136,28,108
S00134485,170,20,150
S00134486,118,19,99
S00134487,150,19,131
S00134488,94,13,81
S00134489,130,17,113
S00134490,84,26,58
S00134491,102,25,77
S00134492,129,28,101
S00134493,112,29,83
S00134494,101,25,76
S00134495,97,34,63
S00134496,118,28,90
S00134497,97,26,71
S00134498,150,25,125
S00134499,162,15,147
S00134500,165,19,146
S00134501,152,13,139
S00134502,119,8,111
S00134503,122,15,107
S00134504,127,11,116
S00134505,126,14,112
S00134506,128,25,103
S00134507,112,27,85
S00134508,138,7,131
S00134509,167,23,144
S00134510,105,26,79
S00134511,108,24,84
S00134512,104,24,80
S00134513,123,27,96
S00134514,115,22,93
S00134515,115,30,85
S00134516,103,6,97
S00134517,81,25,56
S00134518,128,42,86
S00134519,129,13,116
S00134520,71,15,56
S00134521,148,17,131
S00134522,188,53,135
S00134523,167,21,146
S00134524,147,26,121
S00134525,133,23,110
S00134526,72,6,66
S00134527,67,7,60
S00134528,123,7,116
S00134529,116,12,104
S00134530,83,21,62
S00134531,199,18,181
S00134532,180,22,158
S00134533,93,16,77
S00134534,177,12,165
S00134535,142,17,125
S00134536,107,15,92
S00134537,263,10,253
S00134538,121,15,106
S00134539,129,15,114
S00134540,115,15,100
S00134541,137,26,111
S00134542,147,30,117
S00134543,93,31,62
S00134544,165,32,133
S00134545,157,30,127
S00134546,84,12,72
S00134547,95,11,84
S00134548,124,16,108
S00134549,147,16,131
S00134550,159,24,135
S00134551,134,27,107
S00134552,108,33,75
S00134553,116,11,105
S00134554,62,12,50
S00134555,76,36,40
S00134556,89,26,63
S00134557,83,10,73
S00134558,121,22,99
S00134559,105,13,92
S00134560,94,9,85
S00134561,113,24,89
S00134562,105,11,94
S00134563,75,41,34
S00134564,131,16,115
S00134565,127,7,120
S00134566,142,23,119
S00134567,125,12,113
S00134568,149,15,134
S00134569,102,15,87
S00134570,137,18,119
S00134571,187,16,171
S00134572,171,14,157
S00134573,186,20,166
S00134574,144,20,124
S00134575,140,9,131
S00134576,84,9,75
S00134577,247,21,226
S00134578,162,14,148
S00134579,187,28,159
S00134580,105,20,85
S00134581,137,33,104
S00134582,102,23,79
S00134583,54,14,40
S00134584,125,22,103
S00134585,82,19,63
S00134586,59,10,49
S00134587,108,22,86
S00134588,115,13,102
S00134589,91,27,64
S00134590,150,25,125
S00134591,105,32,73
S00134592,97,23,74
S00134593,161,7,154
S00134594,57,14,43
S00134595,63,12,51
S00134596,74,7,67
S00134597,102,11,91
S00134598,102,29,73
S00134599,79,23,56
S00134600,124,4,120
S00134601,172,27,145
S00134602,72,11,61
S00134603,203,6,197
S00134604,151,30,121
S00134605,170,14,156
S00134606,127,9,118
S00134607,113,8,105
S00134608,110,16,94
S00134609,56,7,49
S00134610,112,10,102
S00134611,146,11,135
S00134612,148,10,138
S00134613,86,13,73
S00134614,74,6,68
S00134615,78,29,49
S00134616,75,25,50
S00134617,117,10,107
S00134618,184,24,160
S00134619,164,15,149
S00134620,65,11,54
S00134621,52,8,44
S00134622,96,20,76
S00134623,122,22,100
S00134624,77,12,65
S00134625,108,21,87
S00134626,80,17,63
S00134627,101,13,88
S00134628,137,16,121
S00134629,59,17,42
S00134630,99,16,83
S00134631,161,24,137
S00134632,131,29,102
S00134633,102,23,79
S00134634,133,29,104
S00134635,113,26,87
S00134636,107,36,71
S00134637,198,31,167
S00134638,141,14,127
S00134639,104,11,93
S00134640,143,12,131
S00134641,142,20,122
S00134642,159,38,121
S00134643,99,17,82
S00134644,119,25,94
S00134645,172,18,154
S00134646,147,51,96
S00134647,136,21,115
S00134648,86,18,68
S00134649,80,16,64
S00134650,102,52,50
S00134651,72,10,62
S00134652,70,18,52
S00134653,74,21,53
S00134654,76,12,64
S00134655,60,13,47
S00134656,90,20,70
S00134657,90,26,64
S00134658,72,10,62
S00134659,139,34,105
S00134660,137,9,128
S00134661,191,22,169
S00134662,155,10,145
S00134663,157,12,145
S00134664,147,5,142
S00134665,126,10,116
S00134666,120,3,117
S00134667,145,27,118
S00134668,171,11,160
S00134669,71,6,65
S00134670,141,6,135
S00134671,87,8,79
S00134672,151,12,139
S00134673,99,13,86
S00134674,217,13,204
S00134675,247,15,232
S00134676,110,6,104
S00134677,110,4,106
S00134678,156,17,139
S00134679,145,13,132
S00134680,189,10,179
S00134681,78,5,73
S00134682,165,18,147
S00134683,154,7,147
S00134684,158,21,137
S00134685,103,10,93
S00134686,121,25,96
S00134687,93,12,81
S00134688,97,9,88
S00134689,145,9,136
S00134690,112,35,77
S00134691,129,10,119
S00134692,104,21,83
S00134693,62,24,38
S00134694,136,18,118
S00134695,112,23,89
S00134696,90,12,78
S00134697,154,22,132
S00134698,196,17,179
S00134699,51,8,43
S00134700,122,15,107
S00134701,132,31,101
S00134702,85,23,62
S00134703,148,14,134
S00134704,106,18,88
S00134705,115,41,74
S00134706,86,21,65
S00134707,55,15,40
S00134708,101,17,84
S00134709,64,3,61
S00134710,73,16,57
S00134711,123,24,99
S00134712,120,30,90
S00134713,179,30,149
S00134714,110,10,100
S00134715,104,26,78
S00134716,94,11,83
S00134717,119,16,103
S00134718,67,25,42
S00134719,145,28,117
S00134720,113,19,94
S00134721,169,33,136
S00134722,110,21,89
S00134723,82,13,69
S00134724,137,48,89
S00134725,88,21,67
S00134726,98,21,77
S00134727,164,9,155
S00134728,257,19,238
S00134729,159,37,122
S00134730,76,17,59
S00134731,62,12,50
S00134732,141,28,113
S00134733,76,15,61
S00134734,142,17,125
S00134735,84,11,73
S00134736,148,36,112
S00134737,152,20,132
S00134738,59,20,39
S00134739,142,30,112
S00134740,120,22,98
S00134741,78,10,68
S00134742,93,19,74
S00134743,66,19,47
S00134744,128,23,105
S00134745,125,61,64
S00134746,101,32,69
S00134747,64,19,45
S00134748,127,27,100
S00134749,80,16,64
S00134750,50,13,37
S00134751,179,18,161
S00134752,108,22,86
S00134753,95,23,72
S00134754,61,22,39
S00134755,77,17,60
S00134756,120,15,105
S00134757,101,13,88
S00134758,95,17,78
S00134759,127,25,102
S00134760,121,13,108
S00134761,103,10,93
S00134762,178,15,163
S00134763,73,11,62
S00134764,122,13,109
S00134765,170,11,159
S00134766,186,17,169
S00134767,212,17,195
S00134768,231,18,213
S00134769,167,13,154
S00134770,141,19,122
S00134771,208,9,199
S00134772,181,35,146
S00134773,231,24,207
S00134774,214,12,202
S00134775,100,9,91
S00134776,216,13,203
S00134777,53,9,44
S00134778,143,16,127
S00134779,82,13,69
S00134780,128,24,104
S00134781,77,8,69
S00134782,89,13,76
S00134783,136,7,129
S00134784,157,13,144
S00134785,94,15,79
S00134786,190,24,166
S00134787,64,7,57
S00134788,100,24,76
S00134789,83,19,64
S00134790,150,25,125
S00134791,185,7,178
S00134792,116,37,79
S00134793,78,18,60
S00134794,100,29,71
S00134795,82,11,71
S00134796,91,26,65
S00134797,148,20,128
S00134798,85,28,57
S00134799,176,71,105
S00134800,119,31,88
S00134801,86,19,67
S00134802,151,22,129
S00134803,101,22,79
S00134804,81,18,63
S00134805,79,13,66
S00134806,137,18,119
S00134807,156,34,122
S00134808,106,18,88
S00134809,156,19,137
S00134810,61,16,45
S00134811,169,28,141
S00134812,219,16,203
S00134813,69,4,65
S00134814,161,19,142
S00134815,106,8,98
S00134816,58,8,50
S00134817,103,20,83
S00134818,88,24,64
S00134819,71,19,52
S00134820,169,35,134
S00134821,141,19,122
S00134822,81,34,47
S00134823,182,52,130
S00134824,159,26,133
S00134825,98,26,72
S00134826,85,11,74
S00134827,160,18,142
S00134828,128,31,97
S00134829,77,18,59
S00134830,101,18,83
S00134831,83,17,66
S00134832,238,16,222
S00134833,110,7,103
S00134834,209,14,195
S00134835,175,15,160
S00134836,114,6,108
S00134837,188,12,176
S00134838,115,13,102
S00134839,139,28,111
S00134840,56,10,46
S00134841,142,12,130
S00134842,252,19,233
S00134843,218,12,206
S00134844,191,11,180
S00134845,157,14,143
S00134846,126,8,118
S00134847,196,11,185
S00134848,150,16,134
S00134849,94,8,86
S00134850,84,6,78
S00134851,146,44,102
S00134852,104,20,84
S00134853,230,111,119
S00134854,145,66,79
S00134855,98,18,80
S00134856,94,23,71
S00134857,129,36,93
S00134858,101,15,86
S00134859,185,43,142
S00134860,249,21,228
S00134861,202,20,182
S00134862,73,22,51
S00134863,126,23,103
S00134864,77,20,57
S00134865,141,11,130
S00134866,112,18,94
S00134867,172,25,147
S00134868,68,10,58
S00134869,122,39,83
S00134870,140,24,116
S00134871,146,6,140
S00134872,206,24,182
S00134873,54,13,41
S00134874,128,7,121
S00134875,115,7,108
S00134876,136,7,129
S00134877,110,23,87
S00134878,185,13,172
S00134879,77,5,72
S00134880,138,14,124
S00134881,211,10,201
S00134882,152,10,142
S00134883,193,7,186
S00134884,151,21,130
S00134885,169,9,160
S00134886,215,15,200
S00134887,164,11,153
S00134888,178,9,169
S00134889,234,23,211
S00134890,283,12,271
S00134891,70,5,65
S00134892,122,22,100
S00134893,154,25,129
S00134894,135,10,125
S00134895,188,21,167
S00134896,68,8,60
S00134897,162,16,146
S00134898,135,47,88
S00134899,157,28,129
S00134900,99,15,84
S00134901,146,34,112
S00134902,84,43,41
S00134903,73,25,48
S00134904,112,37,75
S00134905,86,21,65
S00134906,77,28,49
S00134907,168,23,145
S00134908,204,25,179
S00134909,144,27,117
S00134910,79,12,67
S00134911,113,21,92
S00134912,121,16,105
S00134913,137,38,99
S00134914,79,15,64
S00134915,59,14,45
S00134916,131,37,94
S00134917,66,30,36
S00134918,70,31,39
S00134919,103,15,88
S00134920,76,15,61
S00134921,131,15,116
S00134922,238,20,218
S00134923,108,32,76
S00134924,86,14,72
S00134925,183,10,173
S00134926,60,6,54
S00134927,106,24,82
S00134928,73,13,60
S00134929,98,17,81
S00134930,108,19,89
S00134931,120,24,96
S00134932,60,23,37
S00134933,128,19,109
S00134934,182,12,170
S00134935,195,11,184
S00134936,128,21,107
S00134937,61,4,57
S00134938,238,17,221
S00134939,141,15,126
S00134940,157,71,86
S00134941,71,51,20
S00134942,85,50,35
S00134943,99,15,84
S00134944,112,15,97
S00134945,76,22,54
S00134946,143,18,125
S00134947,126,11,115
S00134948,121,20,101
S00134949,99,25,74
S00134950,75,7,68
S00134951,102,24,78
S00134952,112,13,99
S00134953,121,10,111
S00134954,141,16,125
S00134955,219,25,194
S00134956,58,10,48
S00134957,139,16,123
S00134958,56,9,47
S00134959,167,26,141
S00134960,117,36,81
S00134961,123,30,93
S00134962,85,10,75
S00134963,115,25,90
S00134964,108,7,101
S00134965,223,9,214
S00134966,209,16,193
S00134967,144,9,135
S00134968,208,26,182
S00134969,174,14,160
S00134970,121,16,105
S00134971,123,10,113
S00134972,149,15,134
S00134973,97,6,91
S00134974,231,14,217
S00134975,65,20,45
S00134976,90,27,63
S00134977,156,20,136
S00134978,74,13,61
S00134979,157,24,133
S00134980,103,31,72
S00134981,58,17,41
S00134982,144,51,93
S00134983,82,22,60
S00134984,159,14,145
S00134985,151,32,119
S00134986,89,14,75
S00134987,108,13,95
S00134988,134,20,114
S00134989,120,15,105
S00134990,114,14,100
S00134991,116,10,106
S00134992,198,17,181
S00134993,78,5,73
S00134994,91,16,75
S00134995,99,12,87
S00134996,105,31,74
S00134997,86,33,53
S00134998,99,14,85
S00134999,111,26,85
S00135000,99,27,72
S00135001,104,16,88
S00135002,112,11,101
S00135003,145,19,126
S00135004,107,19,88
S00135005,174,7,167
S00135006,51,5,46
S00135007,222,11,211
S00135008,261,80,181
S00135009,150,23,127
S00135010,198,8,190
S00135011,78,12,66
S00135012,138,58,80
S00135013,121,23,98
S00135014,111,26,85
S00135015,76,51,25
S00135016,121,24,97
S00135017,158,14,144
S00135018,138,12,126
S00135019,184,60,124
S00135020,76,21,55
S00135021,132,44,88
S00135022,163,15,148
S00135023,182,44,138
S00135024,130,6,124
S00135025,125,7,118
S00135026,172,28,144
S00135027,185,10,175
S00135028,102,8,94
S00135029,162,21,141
S00135030,178,52,126
S00135031,101,10,91
S00135032,78,6,72
S00135033,128,18,110
S00135034,133,21,112
S00135035,135,14,121
S00135036,156,13,143
S00135037,131,13,118
S00135038,153,8,145
S00135039,153,10,143
S00135040,154,20,134
S00135041,88,6,82
S00135042,137,10,127
S00135043,115,17,98
S00135044,90,13,77
S00135045,171,21,150
S00135046,60,12,48
S00135047,96,16,80
S00135048,178,29,149
S00135049,145,31,114
S00135050,111,42,69
S00135051,117,11,106
S00135052,222,29,193
S00135053,68,25,43
S00135054,124,16,108
S00135055,96,11,85
S00135056,136,21,115
S00135057,95,22,73
S00135058,137,25,112
S00135059,120,17,103
S00135060,108,17,91
S00135061,58,18,40
S00135062,157,26,131
S00135063,143,30,113
S00135064,83,29,54
S00135065,111,19,92
S00135066,106,23,83
S00135067,87,13,74
S00135068,54,20,34
S00135069,99,17,82
S00135070,147,19,128
S00135071,96,15,81
S00135072,93,17,76
S00135073,69,16,53
S00135074,66,9,57
S00135075,92,13,79
S00135076,127,20,107
S00135077,103,17,86
S00135078,81,17,64
S00135079,88,16,72
S00135080,109,34,75
S00135081,66,9,57
S00135082,144,38,106
S00135083,122,25,97
S00135084,77,19,58
S00135085,105,14,91
S00135086,78,15,63
S00135087,108,24,84
S00135088,56,7,49
S00135089,72,12,60
S00135090,89,11,78
S00135091,115,32,83
S00135092,111,25,86
S00135093,94,15,79
S00135094,72,12,60
S00135095,59,14,45
S00135096,75,23,52
S00135097,62,12,50
S00135098,85,16,69
S00135099,101,18,83
S00135100,181,43,138
S00135101,103,24,79
S00135102,102,24,78
S00135103,140,31,109
S00135104,91,23,68
S00135105,50,9,41
S00135106,69,15,54
S00135107,89,32,57
S00135108,105,18,87
S00135109,141,27,114
S00135110,137,28,109
S00135111,111,24,87
S00135112,106,18,88
S00135113,110,26,84
S00135114,159,41,118
S00135115,93,18,75
S00135116,76,18,58
S00135117,111,20,91
S00135118,124,33,91
S00135119,66,18,48
S00135120,124,23,101
S00135121,113,22,91
S00135122,94,19,75
S00135123,152,37,115
S00135124,100,25,75
S00135125,109,24,85
S00135126,125,30,95
S00135127,138,39,99
S00135128,125,27,98
S00135129,81,12,69
S00135130,139,27,112
S00135131,106,25,81
S00135132,154,46,108
S00135133,77,20,57
S00135134,74,18,56
S00135135,94,26,68
S00135136,94,13,81
S00135137,142,26,116
S00135138,109,23,86
S00135139,82,16,66
S00135140,127,37,90
S00135141,127,21,106
S00135142,72,17,55
S00135143,187,34,153
S00135144,90,17,73
S00135145,123,21,102
S00135146,176,22,154
S00135147,96,17,79
S00135148,117,17,100
S00135149,132,11,121
S00135150,208,28,180
S00135151,164,37,127
S00135152,130,12,118
S00135153,70,17,53
S00135154,144,22,122
S00135155,83,19,64
S00135156,89,18,71
S00135157,133,31,102
S00135158,118,20,98
S00135159,51,10,41
S00135160,126,20,106
S00135161,134,23,111
S00135162,185,38,147
S00135163,82,19,63
S00135164,170,24,146
S00135165,110,28,82
S00135166,97,16,81
S00135167,164,20,144
S00135168,124,38,86
S00135169,111,31,80
S00135170,109,16,93
S00135171,156,24,132
S00135172,149,22,127
S00135173,177,20,157
S00135174,165,23,142
S00135175,78,9,69
S00135176,109,16,93
S00135177,69,19,50
S00135178,100,17,83
S00135179,120,25,95
S00135180,113,23,90
S00135181,80,7,73
S00135182,111,15,96
S00135183,88,43,45
S00135184,79,23,56
S00135185,91,35,56
S00135186,58,13,45
S00135187,122,30,92
S00135188,128,23,105
S00135189,69,16,53
S00135190,53,10,43
S00135191,52,6,46
S00135192,105,16,89
S00135193,134,22,112
S00135194,139,33,106
S00135195,95,21,74
S00135196,92,16,76
S00135197,74,12,62
S00135198,64,7,57
S00135199,139,50,89
S00135200,180,66,114
S00135201,102,24,78
S00135202,113,31,82
S00135203,168,32,136
S00135204,147,30,117
S00135205,76,21,55
S00135206,56,13,43
S00135207,86,21,65
S00135208,71,12,59
S00135209,101,23,78
S00135210,151,60,91
S00135211,122,47,75
S00135212,90,20,70
S00135213,55,15,40
S00135214,149,29,120
S00135215,96,10,86
S00135216,123,19,104
S00135217,111,16,95
S00135218,173,66,107
S00135219,137,25,112
S00135220,116,16,100
S00135221,97,20,77
S00135222,106,17,89
S00135223,167,39,128
S00135224,138,23,115
S00135225,63,11,52
S00135226,256,45,211
S00135227,168,18,150
S00135228,143,23,120
S00135229,121,24,97
S00135230,54,14,40
S00135231,234,53,181
S00135232,107,19,88
S00135233,115,19,96
S00135234,140,30,110
S00135235,75,12,63
S00135236,134,46,88
S00135237,137,21,116
S00135238,152,41,111
S00135239,99,19,80
S00135240,104,20,84
S00135241,102,31,71
S00135242,76,22,54
S00135243,93,21,72
S00135244,91,26,65
S00135245,70,24,46
S00135246,131,36,95
S00135247,97,23,74
S00135248,159,23,136
S00135249,110,19,91
S00135250,141,24,117
S00135251,96,17,79
S00135252,161,26,135
S00135253,67,15,52
S00135254,70,11,59
S00135255,119,36,83
S00135256,86,36,50
S00135257,90,10,80
S00135258,103,24,79
S00135259,100,17,83
S00135260,74,7,67
S00135261,60,9,51
S00135262,116,23,93
S00135263,143,23,120
S00135264,67,21,46
S00135265,132,31,101
S00135266,160,18,142
S00135267,69,15,54
S00135268,73,13,60
S00135269,105,23,82
S00135270,71,17,54
S00135271,122,36,86
S00135272,90,14,76
S00135273,147,35,112
S00135274,54,10,44
S00135275,71,15,56
S00135276,140,31,109
S00135277,153,44,109
S00135278,56,10,46
S00135279,125,24,101
S00135280,118,28,90
S00135281,147,31,116
S00135282,53,13,40
S00135283,98,15,83
S00135284,154,26,128
S00135285,67,6,61
S00135286,206,59,147
S00135287,55,6,49
S00135288,168,32,136
S00135289,181,24,157
S00135290,149,27,122
S00135291,108,7,101
S00135292,119,16,103
S00135293,67,20,47
S00135294,101,19,82
S00135295,59,7,52
S00135296,105,12,93
S00135297,104,15,89
S00135298,110,29,81
S00135299,57,20,37
S00135300,178,31,147
S00135301,52,17,35
S00135302,128,24,104
S00135303,81,22,59
S00135304,81,13,68
S00135305,98,39,59
S00135306,87,12,75
