"output_area","total","single","married"
"S00088956",159,54,105
"S00088957",58,27,31
"S00088958",60,18,42
"S00088959",63,16,47
"S00088960",55,11,44
"S00088961",184,129,55
"S00088962",59,21,38
"S00088963",68,28,40
"S00088964",74,24,50
"S00088965",119,50,69
"S00088966",93,46,47
"S00088967",48,24,24
"S00088968",48,12,36
"S00088969",126,53,73
"S00088970",94,46,48
"S00088971",65,39,26
"S00088972",119,92,27
"S00088973",124,64,60
"S00088974",104,80,24
"S00088975",67,51,16
"S00088976",67,56,11
"S00088977",60,57,3
"S00088978",55,43,12
"S00088979",81,67,14
"S00088980",65,56,9
"S00088981",55,51,4
"S00088982",65,46,19
"S00088983",62,49,13
"S00088984",55,44,11
"S00088985",76,62,14
"S00088986",130,116,14
"S00088987",63,56,7
"S00088988",63,57,6
"S00088989",87,67,20
"S00088990",103,91,12
"S00088991",120,102,18
"S00088992",538,512,26
"S00088993",101,72,29
"S00088994",53,46,7
"S00088995",60,46,14
"S00088996",88,64,24
"S00088997",127,56,71
"S00088998",99,38,61
"S00088999",102,41,61
"S00089000",118,103,15
"S00089001",103,49,54
"S00089002",103,51,52
"S00089003",106,66,40
"S00089004",80,45,35
"S00089005",108,34,74
"S00089006",82,41,41
"S00089007",107,80,27
"S00089008",72,62,10
"S00089009",98,71,27
"S00089010",112,76,36
"S00089011",145,123,22
"S00089012",106,84,22
"S00089013",65,55,10
"S00089014",110,85,25
"S00089015",88,70,18
"S00089016",86,68,18
"S00089017",81,58,23
"S00089018",123,57,66
"S00089019",121,87,34
"S00089020",73,46,27
"S00089021",72,39,33
"S00089022",92,70,22
"S00089023",87,51,36
"S00089024",64,58,6
"S00089025",63,59,4
"S00089026",66,54,12
"S00089027",104,98,6
"S00089028",78,70,8
"S00089029",79,70,9
"S00089030",64,60,4
"S00089031",127,112,15
"S00089032",73,58,15
"S00089033",89,65,24
"S00089034",55,39,16
"S00089035",96,77,19
"S00089036",61,48,13
"S00089037",80,70,10
"S00089038",56,52,4
"S00089039",73,56,17
"S00089040",69,48,21
"S00089041",203,136,67
"S00089042",51,37,14
"S00089043",106,77,29
"S00089044",58,46,12
"S00089045",61,35,26
"S00089046",237,175,62
"S00089047",97,48,49
"S00089048",81,43,38
"S00089049",115,60,55
"S00089050",85,41,44
"S00089051",131,81,50
"S00089052",135,73,62
"S00089053",96,65,31
"S00089054",71,50,21
"S00089055",85,74,11
"S00089056",69,62,7
"S00089057",82,69,13
"S00089058",93,74,19
"S00089059",54,41,13
"S00089060",52,43,9
"S00089061",64,41,23
"S00089062",49,40,9
"S00089063",73,44,29
"S00089064",79,59,20
"S00089065",87,71,16
"S00089066",61,48,13
"S00089067",92,70,22
"S00089068",66,49,17
"S00089069",52,39,13
"S00089070",115,89,26
"S00089071",81,62,19
"S00089072",100,73,27
"S00089073",90,71,19
"S00089074",123,82,41
"S00089075",77,54,23
"S00089076",102,82,20
"S00089077",79,59,20
"S00089078",47,33,14
"S00089079",52,31,21
"S00089080",68,52,16
"S00089081",71,48,23
"S00089082",66,38,28
"S00089083",99,67,32
"S00089084",76,40,36
"S00089085",94,62,32
"S00089086",87,44,43
"S00089087",121,78,43
"S00089088",77,51,26
"S00089089",92,64,28
"S00089090",100,63,37
"S00089091",96,62,34
"S00089092",106,71,35
"S00089093",122,82,40
"S00089094",66,41,25
"S00089095",86,57,29
"S00089096",69,50,19
"S00089097",69,57,12
"S00089098",59,42,17
"S00089099",89,52,37
"S00089100",84,28,56
"S00089101",61,47,14
"S00089102",62,45,17
"S00089103",81,60,21
"S00089104",65,41,24
"S00089105",92,71,21
"S00089106",83,59,24
"S00089107",68,44,24
"S00089108",75,51,24
"S00089109",51,29,22
"S00089110",101,67,34
"S00089111",119,77,42
"S00089112",129,101,28
"S00089113",63,36,27
"S00089114",83,55,28
"S00089115",128,78,50
"S00089116",132,90,42
"S00089117",95,73,22
"S00089118",127,58,69
"S00089119",79,29,50
"S00089120",70,35,35
"S00089121",161,114,47
"S00089122",50,37,13
"S00089123",116,67,49
"S00089124",81,51,30
"S00089125",134,72,62
"S00089126",86,61,25
"S00089127",79,36,43
"S00089128",77,55,22
"S00089129",163,62,101
"S00089130",80,46,34
"S00089131",85,53,32
"S00089132",76,29,47
"S00089133",71,32,39
"S00089134",118,50,68
"S00089135",128,47,81
"S00089136",101,44,57
"S00089137",98,31,67
"S00089138",55,40,15
"S00089139",71,37,34
"S00089140",86,58,28
"S00089141",104,59,45
"S00089142",122,69,53
"S00089143",89,39,50
"S00089144",81,35,46
"S00089145",109,60,49
"S00089146",89,51,38
"S00089147",74,53,21
"S00089148",91,51,40
"S00089149",90,68,22
"S00089150",119,61,58
"S00089151",50,38,12
"S00089152",53,43,10
"S00089153",59,43,16
"S00089154",63,48,15
"S00089155",79,31,48
"S00089156",116,65,51
"S00089157",93,44,49
"S00089158",111,55,56
"S00089159",80,50,30
"S00089160",98,55,43
"S00089161",86,40,46
"S00089162",62,40,22
"S00089163",92,56,36
"S00089164",69,38,31
"S00089165",92,48,44
"S00089166",119,71,48
"S00089167",95,56,39
"S00089168",64,43,21
"S00089169",89,52,37
"S00089170",68,46,22
"S00089171",65,48,17
"S00089172",50,36,14
"S00089173",116,63,53
"S00089174",126,79,47
"S00089175",102,74,28
"S00089176",86,51,35
"S00089177",105,75,30
"S00089178",117,58,59
"S00089179",143,82,61
"S00089180",121,75,46
"S00089181",83,49,34
"S00089182",93,55,38
"S00089183",81,45,36
"S00089184",103,32,71
"S00089185",113,35,78
"S00089186",90,52,38
"S00089187",63,43,20
"S00089188",131,65,66
"S00089189",127,62,65
"S00089190",102,57,45
"S00089191",122,68,54
"S00089192",98,60,38
"S00089193",122,61,61
"S00089194",137,61,76
"S00089195",107,41,66
"S00089196",96,44,52
"S00089197",97,38,59
"S00089198",78,47,31
"S00089199",72,36,36
"S00089200",56,24,32
"S00089201",81,35,46
"S00089202",131,66,65
"S00089203",170,93,77
"S00089204",110,38,72
"S00089205",98,42,56
"S00089206",95,37,58
"S00089207",78,33,45
"S00089208",71,61,10
"S00089209",66,50,16
"S00089210",74,65,9
"S00089211",69,57,12
"S00089212",101,84,17
"S00089213",63,57,6
"S00089214",61,47,14
"S00089215",59,42,17
"S00089216",93,76,17
"S00089217",74,55,19
"S00089218",118,99,19
"S00089219",77,61,16
"S00089220",59,47,12
"S00089221",138,103,35
"S00089222",82,65,17
"S00089223",65,51,14
"S00089224",172,114,58
"S00089225",55,44,11
"S00089226",52,43,9
"S00089227",124,105,19
"S00089228",73,35,38
"S00089229",82,47,35
"S00089230",92,71,21
"S00089231",82,64,18
"S00089232",77,47,30
"S00089233",63,14,49
"S00089234",78,35,43
"S00089235",99,76,23
"S00089236",78,63,15
"S00089237",96,36,60
"S00089238",117,45,72
"S00089239",87,34,53
"S00089240",144,56,88
"S00089241",56,19,37
"S00089242",102,43,59
"S00089243",100,34,66
"S00089244",97,29,68
"S00089245",76,40,36
"S00089246",77,23,54
"S00089247",141,61,80
"S00089248",180,98,82
"S00089249",83,25,58
"S00089250",69,34,35
"S00089251",84,44,40
"S00089252",87,24,63
"S00089253",108,59,49
"S00089254",107,40,67
"S00089255",101,55,46
"S00089256",87,37,50
"S00089257",82,39,43
"S00089258",88,51,37
"S00089259",70,54,16
"S00089260",108,48,60
"S00089261",131,80,51
"S00089262",105,82,23
"S00089263",88,76,12
"S00089264",127,78,49
"S00089265",81,73,8
"S00089266",85,63,22
"S00089267",79,68,11
"S00089268",100,77,23
"S00089269",91,74,17
"S00089270",114,86,28
"S00089271",72,35,37
"S00089272",55,23,32
"S00089273",94,71,23
"S00089274",116,78,38
"S00089275",64,44,20
"S00089276",57,42,15
"S00089277",147,68,79
"S00089278",66,46,20
"S00089279",53,22,31
"S00089280",49,22,27
"S00089281",69,53,16
"S00089282",48,13,35
"S00089283",47,27,20
"S00089284",95,40,55
"S00089285",121,78,43
"S00089286",101,86,15
"S00089287",87,61,26
"S00089288",133,93,40
"S00089289",106,63,43
"S00089290",61,33,28
"S00089291",80,38,42
"S00089292",79,43,36
"S00089293",133,103,30
"S00089294",127,74,53
"S00089295",148,83,65
"S00089296",139,80,59
"S00089297",74,56,18
"S00089298",91,61,30
"S00089299",52,39,13
"S00089300",85,47,38
"S00089301",93,50,43
"S00089302",90,51,39
"S00089303",153,99,54
"S00089304",134,78,56
"S00089305",67,46,21
"S00089306",128,91,37
"S00089307",76,58,18
"S00089308",53,22,31
"S00089309",125,73,52
"S00089310",142,99,43
"S00089311",92,52,40
"S00089312",138,55,83
"S00089313",123,58,65
"S00089314",113,72,41
"S00089315",92,38,54
"S00089316",93,28,65
"S00089317",77,15,62
"S00089318",90,37,53
"S00089319",116,52,64
"S00089320",101,44,57
"S00089321",70,18,52
"S00089322",101,46,55
"S00089323",73,29,44
"S00089324",82,30,52
"S00089325",84,22,62
"S00089326",108,26,82
"S00089327",95,34,61
"S00089328",97,33,64
"S00089329",88,33,55
"S00089330",121,33,88
"S00089331",136,44,92
"S00089332",143,47,96
"S00089333",139,50,89
"S00089334",127,39,88
"S00089335",120,61,59
"S00089336",80,37,43
"S00089337",53,25,28
"S00089338",135,50,85
"S00089339",130,42,88
"S00089340",108,48,60
"S00089341",67,31,36
"S00089342",75,48,27
"S00089343",66,45,21
"S00089344",55,39,16
"S00089345",89,66,23
"S00089346",127,40,87
"S00089347",87,35,52
"S00089348",88,29,59
"S00089349",88,30,58
"S00089350",102,49,53
"S00089351",131,46,85
"S00089352",133,52,81
"S00089353",100,36,64
"S00089354",72,30,42
"S00089355",125,39,86
"S00089356",56,37,19
"S00089357",100,65,35
"S00089358",74,51,23
"S00089359",103,59,44
"S00089360",102,64,38
"S00089361",132,78,54
"S00089362",116,79,37
"S00089363",54,26,28
"S00089364",92,75,17
"S00089365",114,83,31
"S00089366",97,73,24
"S00089367",90,48,42
"S00089368",55,41,14
"S00089369",105,84,21
"S00089370",104,76,28
"S00089371",116,79,37
"S00089372",58,42,16
"S00089373",91,60,31
"S00089374",90,62,28
"S00089375",121,51,70
"S00089376",120,46,74
"S00089377",70,20,50
"S00089378",85,31,54
"S00089379",151,38,113
"S00089380",131,45,86
"S00089381",95,28,67
"S00089382",108,30,78
"S00089383",94,23,71
"S00089384",87,31,56
"S00089385",174,103,71
"S00089386",193,77,116
"S00089387",140,43,97
"S00089388",124,51,73
"S00089389",88,30,58
"S00089390",74,35,39
"S00089391",93,69,24
"S00089392",66,51,15
"S00089393",70,50,20
"S00089394",58,43,15
"S00089395",101,61,40
"S00089396",71,64,7
"S00089397",88,48,40
"S00089398",90,24,66
"S00089399",51,39,12
"S00089400",81,28,53
"S00089401",67,41,26
"S00089402",74,43,31
"S00089403",83,32,51
"S00089404",85,27,58
"S00089405",87,30,57
"S00089406",114,29,85
"S00089407",106,58,48
"S00089408",83,37,46
"S00089409",95,33,62
"S00089410",93,35,58
"S00089411",76,30,46
"S00089412",156,36,120
"S00089413",143,34,109
"S00089414",54,33,21
"S00089415",81,55,26
"S00089416",111,47,64
"S00089417",114,44,70
"S00089418",114,29,85
"S00089419",95,44,51
"S00089420",121,45,76
"S00089421",122,25,97
"S00089422",78,41,37
"S00089423",124,25,99
"S00089424",112,35,77
"S00089425",146,47,99
"S00089426",124,38,86
"S00089427",64,28,36
"S00089428",66,43,23
"S00089429",101,44,57
"S00089430",108,48,60
"S00089431",122,81,41
"S00089432",49,18,31
"S00089433",68,53,15
"S00089434",64,26,38
"S00089435",97,34,63
"S00089436",94,26,68
"S00089437",116,34,82
"S00089438",118,21,97
"S00089439",97,29,68
"S00089440",44,9,35
"S00089441",69,51,18
"S00089442",101,54,47
"S00089443",58,40,18
"S00089444",129,107,22
"S00089445",137,118,19
"S00089446",104,93,11
"S00089447",84,60,24
"S00089448",95,77,18
"S00089449",135,107,28
"S00089450",75,54,21
"S00089451",80,61,19
"S00089452",95,65,30
"S00089453",107,98,9
"S00089454",75,49,26
"S00089455",85,65,20
"S00089456",119,85,34
"S00089457",84,77,7
"S00089458",71,57,14
"S00089459",59,41,18
"S00089460",84,68,16
"S00089461",103,89,14
"S00089462",87,77,10
"S00089463",121,111,10
"S00089464",128,100,28
"S00089465",81,71,10
"S00089466",96,77,19
"S00089467",76,62,14
"S00089468",60,48,12
"S00089469",97,76,21
"S00089470",70,59,11
"S00089471",65,41,24
"S00089472",67,51,16
"S00089473",90,78,12
"S00089474",126,107,19
"S00089475",64,50,14
"S00089476",57,51,6
"S00089477",101,85,16
"S00089478",96,88,8
"S00089479",68,50,18
"S00089480",66,57,9
"S00089481",120,109,11
"S00089482",70,63,7
"S00089483",84,70,14
"S00089484",105,67,38
"S00089485",66,48,18
"S00089486",99,65,34
"S00089487",75,59,16
"S00089488",120,103,17
"S00089489",128,116,12
"S00089490",242,227,15
"S00089491",108,93,15
"S00089492",69,43,26
"S00089493",71,48,23
"S00089494",72,45,27
"S00089495",62,40,22
"S00089496",67,53,14
"S00089497",200,165,35
"S00089498",104,74,30
"S00089499",52,39,13
"S00089500",76,54,22
"S00089501",121,90,31
"S00089502",112,91,21
"S00089503",62,49,13
"S00089504",59,48,11
"S00089505",64,33,31
"S00089506",76,50,26
"S00089507",77,58,19
"S00089508",93,69,24
"S00089509",46,36,10
"S00089510",102,64,38
"S00089511",70,43,27
"S00089512",53,43,10
"S00089513",107,72,35
"S00089514",72,52,20
"S00089515",244,201,43
"S00089516",97,68,29
"S00089517",69,59,10
"S00089518",141,95,46
"S00089519",106,36,70
"S00089520",83,32,51
"S00089521",117,52,65
"S00089522",102,53,49
"S00089523",87,55,32
"S00089524",88,52,36
"S00089525",67,41,26
"S00089526",96,70,26
"S00089527",105,69,36
"S00089528",88,64,24
"S00089529",105,55,50
"S00089530",60,48,12
"S00089531",72,51,21
"S00089532",97,68,29
"S00089533",66,41,25
"S00089534",108,73,35
"S00089535",70,37,33
"S00089536",95,67,28
"S00089537",67,45,22
"S00089538",72,44,28
"S00089539",62,43,19
"S00089540",76,55,21
"S00089541",78,51,27
"S00089542",112,101,11
"S00089543",71,60,11
"S00089544",82,63,19
"S00089545",62,48,14
"S00089546",83,67,16
"S00089547",117,65,52
"S00089548",144,112,32
"S00089549",88,68,20
"S00089550",84,69,15
"S00089551",76,60,16
"S00089552",69,38,31
"S00089553",98,72,26
"S00089554",59,47,12
"S00089555",127,70,57
"S00089556",70,40,30
"S00089557",129,105,24
"S00089558",97,65,32
"S00089559",121,71,50
"S00089560",71,53,18
"S00089561",84,64,20
"S00089562",90,58,32
"S00089563",69,49,20
"S00089564",81,53,28
"S00089565",123,88,35
"S00089566",126,88,38
"S00089567",124,77,47
"S00089568",139,90,49
"S00089569",102,72,30
"S00089570",88,65,23
"S00089571",128,84,44
"S00089572",68,40,28
"S00089573",91,55,36
"S00089574",74,55,19
"S00089575",66,27,39
"S00089576",107,55,52
"S00089577",69,61,8
"S00089578",81,57,24
"S00089579",65,47,18
"S00089580",83,56,27
"S00089581",64,34,30
"S00089582",91,52,39
"S00089583",118,85,33
"S00089584",56,43,13
"S00089585",103,61,42
"S00089586",88,64,24
"S00089587",62,45,17
"S00089588",80,26,54
"S00089589",78,28,50
"S00089590",100,50,50
"S00089591",99,50,49
"S00089592",75,51,24
"S00089593",93,60,33
"S00089594",59,34,25
"S00089595",121,69,52
"S00089596",93,51,42
"S00089597",84,60,24
"S00089598",50,36,14
"S00089599",101,65,36
"S00089600",43,30,13
"S00089601",62,42,20
"S00089602",100,75,25
"S00089603",82,56,26
"S00089604",70,50,20
"S00089605",119,81,38
"S00089606",100,72,28
"S00089607",104,60,44
"S00089608",57,43,14
"S00089609",77,43,34
"S00089610",107,67,40
"S00089611",77,66,11
"S00089612",77,42,35
"S00089613",61,39,22
"S00089614",136,87,49
"S00089615",102,57,45
"S00089616",96,75,21
"S00089617",114,72,42
"S00089618",91,78,13
"S00089619",104,74,30
"S00089620",113,78,35
"S00089621",51,38,13
"S00089622",76,49,27
"S00089623",89,45,44
"S00089624",73,50,23
"S00089625",93,57,36
"S00089626",152,142,10
"S00089627",69,65,4
"S00089628",108,99,9
"S00089629",123,97,26
"S00089630",66,31,35
"S00089631",88,62,26
"S00089632",86,65,21
"S00089633",386,355,31
"S00089634",100,60,40
"S00089635",60,54,6
"S00089636",112,61,51
"S00089637",59,48,11
"S00089638",97,80,17
"S00089639",92,75,17
"S00089640",117,91,26
"S00089641",58,50,8
"S00089642",59,43,16
"S00089643",112,95,17
"S00089644",133,85,48
"S00089645",120,85,35
"S00089646",125,93,32
"S00089647",139,116,23
"S00089648",60,50,10
"S00089649",97,77,20
"S00089650",119,96,23
"S00089651",377,328,49
"S00089652",140,121,19
"S00089653",107,94,13
"S00089654",96,79,17
"S00089655",78,65,13
"S00089656",79,57,22
"S00089657",63,36,27
"S00089658",121,110,11
"S00089659",215,205,10
"S00089660",114,96,18
"S00089661",123,109,14
"S00089662",91,70,21
"S00089663",114,102,12
"S00089664",64,46,18
"S00089665",97,91,6
"S00089666",87,69,18
"S00089667",59,46,13
"S00089668",85,62,23
"S00089669",131,117,14
"S00089670",71,63,8
"S00089671",308,289,19
"S00089672",110,91,19
"S00089673",99,61,38
"S00089674",130,103,27
"S00089675",130,107,23
"S00089676",67,60,7
"S00089677",114,88,26
"S00089678",60,49,11
"S00089679",131,96,35
"S00089680",115,100,15
"S00089681",140,105,35
"S00089682",59,49,10
"S00089683",76,66,10
"S00089684",72,62,10
"S00089685",111,89,22
"S00089686",59,49,10
"S00089687",71,57,14
"S00089688",88,65,23
"S00089689",58,42,16
"S00089690",139,69,70
"S00089691",119,73,46
"S00089692",52,36,16
"S00089693",60,38,22
"S00089694",101,65,36
"S00089695",103,53,50
"S00089696",123,62,61
"S00089697",68,33,35
"S00089698",93,52,41
"S00089699",68,45,23
"S00089700",107,61,46
"S00089701",74,54,20
"S00089702",66,46,20
"S00089703",113,35,78
"S00089704",93,36,57
"S00089705",95,35,60
"S00089706",106,44,62
"S00089707",85,62,23
"S00089708",51,42,9
"S00089709",77,21,56
"S00089710",119,66,53
"S00089711",117,64,53
"S00089712",100,36,64
"S00089713",89,34,55
"S00089714",125,45,80
"S00089715",74,24,50
"S00089716",127,94,33
"S00089717",107,44,63
"S00089718",126,49,77
"S00089719",142,61,81
"S00089720",130,61,69
"S00089721",128,44,84
"S00089722",87,53,34
"S00089723",48,30,18
"S00089724",69,41,28
"S00089725",73,34,39
"S00089726",93,45,48
"S00089727",84,50,34
"S00089728",80,47,33
"S00089729",125,67,58
"S00089730",77,61,16
"S00089731",92,36,56
"S00089732",145,83,62
"S00089733",87,57,30
"S00089734",82,60,22
"S00089735",72,56,16
"S00089736",76,62,14
"S00089737",81,52,29
"S00089738",61,41,20
"S00089739",79,37,42
"S00089740",109,56,53
"S00089741",88,24,64
"S00089742",116,40,76
"S00089743",114,38,76
"S00089744",70,26,44
"S00089745",102,48,54
"S00089746",88,40,48
"S00089747",78,27,51
"S00089748",94,54,40
"S00089749",53,32,21
"S00089750",95,53,42
"S00089751",87,39,48
"S00089752",96,34,62
"S00089753",108,40,68
"S00089754",95,51,44
"S00089755",50,24,26
"S00089756",67,45,22
"S00089757",106,79,27
"S00089758",93,40,53
"S00089759",139,61,78
"S00089760",79,55,24
"S00089761",44,14,30
"S00089762",107,69,38
"S00089763",101,54,47
"S00089764",103,44,59
"S00089765",107,45,62
"S00089766",99,78,21
"S00089767",62,48,14
"S00089768",59,55,4
"S00089769",51,40,11
"S00089770",94,65,29
"S00089771",93,78,15
"S00089772",91,71,20
"S00089773",103,86,17
"S00089774",77,60,17
"S00089775",69,57,12
"S00089776",89,77,12
"S00089777",87,77,10
"S00089778",113,90,23
"S00089779",92,75,17
"S00089780",70,55,15
"S00089781",88,81,7
"S00089782",70,58,12
"S00089783",79,49,30
"S00089784",55,42,13
"S00089785",115,78,37
"S00089786",75,46,29
"S00089787",76,62,14
"S00089788",61,43,18
"S00089789",108,92,16
"S00089790",276,240,36
"S00089791",62,39,23
"S00089792",73,57,16
"S00089793",71,56,15
"S00089794",61,38,23
"S00089795",130,92,38
"S00089796",108,87,21
"S00089797",90,71,19
"S00089798",92,75,17
"S00089799",118,64,54
"S00089800",97,72,25
"S00089801",80,57,23
"S00089802",144,94,50
"S00089803",70,44,26
"S00089804",108,56,52
"S00089805",66,32,34
"S00089806",87,57,30
"S00089807",72,40,32
"S00089808",73,45,28
"S00089809",70,62,8
"S00089810",53,26,27
"S00089811",66,50,16
"S00089812",80,40,40
"S00089813",140,73,67
"S00089814",62,37,25
"S00089815",82,42,40
"S00089816",101,74,27
"S00089817",100,56,44
"S00089818",79,44,35
"S00089819",137,74,63
"S00089820",96,58,38
"S00089821",97,49,48
"S00089822",87,41,46
"S00089823",84,48,36
"S00089824",139,77,62
"S00089825",133,68,65
"S00089826",90,54,36
"S00089827",98,47,51
"S00089828",71,42,29
"S00089829",82,41,41
"S00089830",95,45,50
"S00089831",99,55,44
"S00089832",71,31,40
"S00089833",118,66,52
"S00089834",76,37,39
"S00089835",78,37,41
"S00089836",140,77,63
"S00089837",123,86,37
"S00089838",119,73,46
"S00089839",72,41,31
"S00089840",66,35,31
"S00089841",103,57,46
"S00089842",73,43,30
"S00089843",104,50,54
"S00089844",92,64,28
"S00089845",112,54,58
"S00089846",68,38,30
"S00089847",65,32,33
"S00089848",96,38,58
"S00089849",117,57,60
"S00089850",108,86,22
"S00089851",66,39,27
"S00089852",97,53,44
"S00089853",104,80,24
"S00089854",95,40,55
"S00089855",107,76,31
"S00089856",120,62,58
"S00089857",98,58,40
"S00089858",75,34,41
"S00089859",86,70,16
"S00089860",91,58,33
"S00089861",71,57,14
"S00089862",112,74,38
"S00089863",130,52,78
"S00089864",149,72,77
"S00089865",116,62,54
"S00089866",66,60,6
"S00089867",91,45,46
"S00089868",53,34,19
"S00089869",134,99,35
"S00089870",95,54,41
"S00089871",106,60,46
"S00089872",119,61,58
"S00089873",146,58,88
"S00089874",116,85,31
"S00089875",114,48,66
"S00089876",92,50,42
"S00089877",87,37,50
"S00089878",81,54,27
"S00089879",111,58,53
"S00089880",138,48,90
"S00089881",152,84,68
"S00089882",108,37,71
"S00089883",86,27,59
"S00089884",81,26,55
"S00089885",108,71,37
"S00089886",90,45,45
"S00089887",83,58,25
"S00089888",66,50,16
"S00089889",58,48,10
"S00089890",100,67,33
"S00089891",219,153,66
"S00089892",114,70,44
"S00089893",115,85,30
"S00089894",139,108,31
"S00089895",72,57,15
"S00089896",74,43,31
"S00089897",95,67,28
"S00089898",105,72,33
"S00089899",108,44,64
"S00089900",80,34,46
"S00089901",82,34,48
"S00089902",141,76,65
"S00089903",116,51,65
"S00089904",87,35,52
"S00089905",87,35,52
"S00089906",83,39,44
"S00089907",97,28,69
"S00089908",101,48,53
"S00089909",49,29,20
"S00089910",93,57,36
"S00089911",132,71,61
"S00089912",93,60,33
"S00089913",78,30,48
"S00089914",71,39,32
"S00089915",91,38,53
"S00089916",90,69,21
"S00089917",91,45,46
"S00089918",80,56,24
"S00089919",79,29,50
"S00089920",91,55,36
"S00089921",77,43,34
"S00089922",71,39,32
"S00089923",77,43,34
"S00089924",68,41,27
"S00089925",85,49,36
"S00089926",92,54,38
"S00089927",82,42,40
"S00089928",104,47,57
"S00089929",97,51,46
"S00089930",64,45,19
"S00089931",78,34,44
"S00089932",101,56,45
"S00089933",65,41,24
"S00089934",68,54,14
"S00089935",91,65,26
"S00089936",55,36,19
"S00089937",63,32,31
"S00089938",89,65,24
"S00089939",114,64,50
"S00089940",77,59,18
"S00089941",87,53,34
"S00089942",49,45,4
"S00089943",81,41,40
"S00089944",58,38,20
"S00089945",157,106,51
"S00089946",93,47,46
"S00089947",81,44,37
"S00089948",112,78,34
"S00089949",100,52,48
"S00089950",85,52,33
"S00089951",89,41,48
"S00089952",106,64,42
"S00089953",60,33,27
"S00089954",116,58,58
"S00089955",151,72,79
"S00089956",55,39,16
"S00089957",91,37,54
"S00089958",85,38,47
"S00089959",100,41,59
"S00089960",77,35,42
"S00089961",78,45,33
"S00089962",69,56,13
"S00089963",69,52,17
"S00089964",85,62,23
"S00089965",135,54,81
"S00089966",138,74,64
"S00089967",98,47,51
"S00089968",72,43,29
"S00089969",82,35,47
"S00089970",85,41,44
"S00089971",128,76,52
"S00089972",80,32,48
"S00089973",86,48,38
"S00089974",79,47,32
"S00089975",103,51,52
"S00089976",91,33,58
"S00089977",87,41,46
"S00089978",119,55,64
"S00089979",92,42,50
"S00089980",86,41,45
"S00089981",56,46,10
"S00089982",69,59,10
"S00089983",58,47,11
"S00089984",79,52,27
"S00089985",95,49,46
"S00089986",67,49,18
"S00089987",72,33,39
"S00089988",97,57,40
"S00089989",94,45,49
"S00089990",81,50,31
"S00089991",89,41,48
"S00089992",105,46,59
"S00089993",84,30,54
"S00089994",81,27,54
"S00089995",70,24,46
"S00089996",51,17,34
"S00089997",116,42,74
"S00089998",139,64,75
"S00089999",95,30,65
"S00090000",87,23,64
"S00090001",71,28,43
"S00090002",131,71,60
"S00090003",101,58,43
"S00090004",67,39,28
"S00090005",49,25,24
"S00090006",88,63,25
"S00090007",154,79,75
"S00090008",74,58,16
"S00090009",84,43,41
"S00090010",80,34,46
"S00090011",87,44,43
"S00090012",108,59,49
"S00090013",93,53,40
"S00090014",114,59,55
"S00090015",80,49,31
"S00090016",86,42,44
"S00090017",95,39,56
"S00090018",108,70,38
"S00090019",43,22,21
"S00090020",40,25,15
"S00090021",108,45,63
"S00090022",89,45,44
"S00090023",58,48,10
"S00090024",104,52,52
"S00090025",121,66,55
"S00090026",61,24,37
"S00090027",107,67,40
"S00090028",95,65,30
"S00090029",82,41,41
"S00090030",73,56,17
"S00090031",118,73,45
"S00090032",89,33,56
"S00090033",111,61,50
"S00090034",104,60,44
"S00090035",85,38,47
"S00090036",93,65,28
"S00090037",107,56,51
"S00090038",85,54,31
"S00090039",108,56,52
"S00090040",125,69,56
"S00090041",55,24,31
"S00090042",92,62,30
"S00090043",104,58,46
"S00090044",114,64,50
"S00090045",137,94,43
"S00090046",46,41,5
"S00090047",77,51,26
"S00090048",84,58,26
"S00090049",115,82,33
"S00090050",87,59,28
"S00090051",104,74,30
"S00090052",90,54,36
"S00090053",88,66,22
"S00090054",125,83,42
"S00090055",150,109,41
"S00090056",69,31,38
"S00090057",86,55,31
"S00090058",56,46,10
"S00090059",126,72,54
"S00090060",96,55,41
"S00090061",86,63,23
"S00090062",74,42,32
"S00090063",79,47,32
"S00090064",127,77,50
"S00090065",43,31,12
"S00090066",52,31,21
"S00090067",81,34,47
"S00090068",92,44,48
"S00090069",124,68,56
"S00090070",182,88,94
"S00090071",114,74,40
"S00090072",115,63,52
"S00090073",112,54,58
"S00090074",118,69,49
"S00090075",126,46,80
"S00090076",135,75,60
"S00090077",94,56,38
"S00090078",145,47,98
"S00090079",119,39,80
"S00090080",95,56,39
"S00090081",105,68,37
"S00090082",76,34,42
"S00090083",100,48,52
"S00090084",132,96,36
"S00090085",115,76,39
"S00090086",114,51,63
"S00090087",95,53,42
"S00090088",89,48,41
"S00090089",93,68,25
"S00090090",51,35,16
"S00090091",148,75,73
"S00090092",59,27,32
"S00090093",53,37,16
"S00090094",113,33,80
"S00090095",122,38,84
"S00090096",91,52,39
"S00090097",64,35,29
"S00090098",79,47,32
"S00090099",171,94,77
"S00090100",120,36,84
"S00090101",119,31,88
"S00090102",94,25,69
"S00090103",129,57,72
"S00090104",102,40,62
"S00090105",78,29,49
"S00090106",137,51,86
"S00090107",127,66,61
"S00090108",116,34,82
"S00090109",98,38,60
"S00090110",113,41,72
"S00090111",73,27,46
"S00090112",149,47,102
"S00090113",91,25,66
"S00090114",107,43,64
"S00090115",93,31,62
"S00090116",120,38,82
"S00090117",119,38,81
"S00090118",127,39,88
"S00090119",178,62,116
"S00090120",121,27,94
"S00090121",200,82,118
"S00090122",105,51,54
"S00090123",88,44,44
"S00090124",100,57,43
"S00090125",73,40,33
"S00090126",122,69,53
"S00090127",120,37,83
"S00090128",92,38,54
"S00090129",122,37,85
"S00090130",110,48,62
"S00090131",122,63,59
"S00090132",132,44,88
"S00090133",152,88,64
"S00090134",122,61,61
"S00090135",117,59,58
"S00090136",115,60,55
"S00090137",103,72,31
"S00090138",89,32,57
"S00090139",111,51,60
"S00090140",87,31,56
"S00090141",67,23,44
"S00090142",100,51,49
"S00090143",67,42,25
"S00090144",77,28,49
"S00090145",100,46,54
"S00090146",77,39,38
"S00090147",72,45,27
"S00090148",72,34,38
"S00090149",141,68,73
"S00090150",76,36,40
"S00090151",78,39,39
"S00090152",80,37,43
"S00090153",102,42,60
"S00090154",97,43,54
"S00090155",99,54,45
"S00090156",116,79,37
"S00090157",130,82,48
"S00090158",90,48,42
"S00090159",122,61,61
"S00090160",108,59,49
"S00090161",98,42,56
"S00090162",120,70,50
"S00090163",88,46,42
"S00090164",115,62,53
"S00090165",116,67,49
"S00090166",110,81,29
"S00090167",87,75,12
"S00090168",82,30,52
"S00090169",85,45,40
"S00090170",96,44,52
"S00090171",52,12,40
"S00090172",107,42,65
"S00090173",112,44,68
"S00090174",133,33,100
"S00090175",117,49,68
"S00090176",54,29,25
"S00090177",106,60,46
"S00090178",125,38,87
"S00090179",122,82,40
"S00090180",117,78,39
"S00090181",115,67,48
"S00090182",112,48,64
"S00090183",129,88,41
"S00090184",76,52,24
"S00090185",74,46,28
"S00090186",107,56,51
"S00090187",96,63,33
"S00090188",96,50,46
"S00090189",64,57,7
"S00090190",133,64,69
"S00090191",113,69,44
"S00090192",86,41,45
"S00090193",104,69,35
"S00090194",81,49,32
"S00090195",96,35,61
"S00090196",90,43,47
"S00090197",87,29,58
"S00090198",94,44,50
"S00090199",69,26,43
"S00090200",85,29,56
"S00090201",103,67,36
"S00090202",99,76,23
"S00090203",105,67,38
"S00090204",121,40,81
"S00090205",80,48,32
"S00090206",82,34,48
"S00090207",90,36,54
"S00090208",88,46,42
"S00090209",84,27,57
"S00090210",76,24,52
"S00090211",57,56,1
"S00090212",57,15,42
"S00090213",65,23,42
"S00090214",95,41,54
"S00090215",126,45,81
"S00090216",96,30,66
"S00090217",85,38,47
"S00090218",90,37,53
"S00090219",100,34,66
"S00090220",92,35,57
"S00090221",119,40,79
"S00090222",157,51,106
"S00090223",145,56,89
"S00090224",124,34,90
"S00090225",64,22,42
"S00090226",129,49,80
"S00090227",181,50,131
"S00090228",142,58,84
"S00090229",164,83,81
"S00090230",87,61,26
"S00090231",99,60,39
"S00090232",81,29,52
"S00090233",76,39,37
"S00090234",87,41,46
"S00090235",115,47,68
"S00090236",82,39,43
"S00090237",80,34,46
"S00090238",62,46,16
"S00090239",104,44,60
"S00090240",120,53,67
"S00090241",127,79,48
"S00090242",110,59,51
"S00090243",84,28,56
"S00090244",76,34,42
"S00090245",143,61,82
"S00090246",47,24,23
"S00090247",103,44,59
"S00090248",47,21,26
"S00090249",149,93,56
"S00090250",108,30,78
"S00090251",117,58,59
"S00090252",140,62,78
"S00090253",156,53,103
"S00090254",105,37,68
"S00090255",134,72,62
"S00090256",145,35,110
"S00090257",132,45,87
"S00090258",143,83,60
"S00090259",86,30,56
"S00090260",110,16,94
"S00090261",84,36,48
"S00090262",65,28,37
"S00090263",132,45,87
"S00090264",112,32,80
"S00090265",108,60,48
"S00090266",92,36,56
"S00090267",66,49,17
"S00090268",90,41,49
"S00090269",102,37,65
"S00090270",93,46,47
"S00090271",127,49,78
"S00090272",81,37,44
"S00090273",58,40,18
"S00090274",64,11,53
"S00090275",48,33,15
"S00090276",83,33,50
"S00090277",112,64,48
"S00090278",121,63,58
"S00090279",126,72,54
"S00090280",75,35,40
"S00090281",101,43,58
"S00090282",90,35,55
"S00090283",84,53,31
"S00090284",80,37,43
"S00090285",79,53,26
"S00090286",84,56,28
"S00090287",96,50,46
"S00090288",127,81,46
"S00090289",60,44,16
"S00090290",66,45,21
"S00090291",85,51,34
"S00090292",101,59,42
"S00090293",94,44,50
"S00090294",96,44,52
"S00090295",108,51,57
"S00090296",92,41,51
"S00090297",123,64,59
"S00090298",74,26,48
"S00090299",101,31,70
"S00090300",99,38,61
"S00090301",66,18,48
"S00090302",85,25,60
"S00090303",183,83,100
"S00090304",132,58,74
"S00090305",149,24,125
"S00090306",137,41,96
"S00090307",111,26,85
"S00090308",99,31,68
"S00090309",107,37,70
"S00090310",103,45,58
"S00090311",125,51,74
"S00090312",78,42,36
"S00090313",146,49,97
"S00090314",223,103,120
"S00090315",82,33,49
"S00090316",150,26,124
"S00090317",143,46,97
"S00090318",162,121,41
"S00090319",67,50,17
"S00090320",60,44,16
"S00090321",96,77,19
"S00090322",93,82,11
"S00090323",69,27,42
"S00090324",64,42,22
"S00090325",79,28,51
"S00090326",77,25,52
"S00090327",67,57,10
"S00090328",48,14,34
"S00090329",70,62,8
"S00090330",51,37,14
"S00090331",143,54,89
"S00090332",99,89,10
"S00090333",113,60,53
"S00090334",46,16,30
"S00090335",57,29,28
"S00090336",110,54,56
"S00090337",123,59,64
"S00090338",44,22,22
"S00090339",33,18,15
"S00090340",77,32,45
"S00090341",63,27,36
"S00090342",61,25,36
"S00090343",82,38,44
"S00090344",56,21,35
"S00090345",104,65,39
"S00090346",75,33,42
"S00090347",122,94,28
"S00090348",128,84,44
"S00090349",67,39,28
"S00090350",70,45,25
"S00090351",56,26,30
"S00090352",73,31,42
"S00090353",61,28,33
"S00090354",155,53,102
"S00090355",57,29,28
"S00090356",80,40,40
"S00090357",178,60,118
"S00090358",128,42,86
"S00090359",111,97,14
"S00090360",75,40,35
"S00090361",72,24,48
"S00090362",116,90,26
"S00090363",55,47,8
"S00090364",63,45,18
"S00090365",102,56,46
"S00090366",63,35,28
"S00090367",48,22,26
"S00090368",47,27,20
"S00090369",120,60,60
"S00090370",105,79,26
"S00090371",108,65,43
"S00090372",77,29,48
"S00090373",50,16,34
"S00090374",104,24,80
"S00090375",54,18,36
"S00090376",97,41,56
"S00090377",81,47,34
"S00090378",69,38,31
"S00090379",71,37,34
"S00090380",101,51,50
"S00090381",101,31,70
"S00090382",46,12,34
"S00090383",73,42,31
"S00090384",52,16,36
"S00090385",136,79,57
"S00090386",57,25,32
"S00090387",60,30,30
"S00090388",115,81,34
"S00090389",101,43,58
"S00090390",77,28,49
"S00090391",74,33,41
"S00090392",87,29,58
"S00090393",102,48,54
"S00090394",74,24,50
"S00090395",84,32,52
"S00090396",69,34,35
"S00090397",67,53,14
"S00090398",58,52,6
"S00090399",164,77,87
"S00090400",106,30,76
"S00090401",62,10,52
"S00090402",89,43,46
"S00090403",109,41,68
"S00090404",160,71,89
"S00090405",110,40,70
"S00090406",95,37,58
"S00090407",145,47,98
"S00090408",62,51,11
"S00090409",99,45,54
"S00090410",84,58,26
"S00090411",72,51,21
"S00090412",55,42,13
"S00090413",74,56,18
"S00090414",95,49,46
"S00090415",147,91,56
"S00090416",96,27,69
"S00090417",58,18,40
"S00090418",45,13,32
"S00090419",82,35,47
"S00090420",89,39,50
"S00090421",116,41,75
"S00090422",66,36,30
"S00090423",231,176,55
"S00090424",55,21,34
"S00090425",96,33,63
"S00090426",85,51,34
"S00090427",63,18,45
"S00090428",161,48,113
"S00090429",80,28,52
"S00090430",80,16,64
"S00090431",103,34,69
"S00090432",51,21,30
"S00090433",82,33,49
"S00090434",68,12,56
"S00090435",55,45,10
"S00090436",113,51,62
"S00090437",108,101,7
"S00090438",59,54,5
"S00090439",68,60,8
"S00090440",113,43,70
"S00090441",127,75,52
"S00090442",90,67,23
"S00090443",57,39,18
"S00090444",217,198,19
"S00090445",81,33,48
"S00090446",71,50,21
"S00090447",103,69,34
"S00090448",52,34,18
"S00090449",68,47,21
"S00090450",67,43,24
"S00090451",60,48,12
"S00090452",65,53,12
"S00090453",47,23,24
"S00090454",137,122,15
"S00090455",61,34,27
"S00090456",42,28,14
"S00090457",43,27,16
"S00090458",80,55,25
"S00090459",68,50,18
"S00090460",100,50,50
"S00090461",59,46,13
"S00090462",109,90,19
"S00090463",69,43,26
"S00090464",60,30,30
"S00090465",111,47,64
"S00090466",56,45,11
"S00090467",80,43,37
"S00090468",104,72,32
"S00090469",85,73,12
"S00090470",71,58,13
"S00090471",87,61,26
"S00090472",83,52,31
"S00090473",72,50,22
"S00090474",85,68,17
"S00090475",71,46,25
"S00090476",79,52,27
"S00090477",79,55,24
"S00090478",105,71,34
"S00090479",114,78,36
"S00090480",67,48,19
"S00090481",60,46,14
"S00090482",64,54,10
"S00090483",66,37,29
"S00090484",85,73,12
"S00090485",68,48,20
"S00090486",71,53,18
"S00090487",53,42,11
"S00090488",84,58,26
"S00090489",58,42,16
"S00090490",101,76,25
"S00090491",43,31,12
"S00090492",59,40,19
"S00090493",75,61,14
"S00090494",73,37,36
"S00090495",73,25,48
"S00090496",195,53,142
"S00090497",81,37,44
"S00090498",81,40,41
"S00090499",141,40,101
"S00090500",100,37,63
"S00090501",95,68,27
"S00090502",69,21,48
"S00090503",63,29,34
"S00090504",135,57,78
"S00090505",104,22,82
"S00090506",85,24,61
"S00090507",147,116,31
"S00090508",81,77,4
"S00090509",117,33,84
"S00090510",93,42,51
"S00090511",60,55,5
"S00090512",65,56,9
"S00090513",94,75,19
"S00090514",84,73,11
"S00090515",99,84,15
"S00090516",93,84,9
"S00090517",100,87,13
"S00090518",93,78,15
"S00090519",78,54,24
"S00090520",111,70,41
"S00090521",60,47,13
"S00090522",67,58,9
"S00090523",833,816,17
"S00090524",100,80,20
"S00090525",75,58,17
"S00090526",85,70,15
"S00090527",120,109,11
"S00090528",101,77,24
"S00090529",83,62,21
"S00090530",82,63,19
"S00090531",93,74,19
"S00090532",73,51,22
"S00090533",46,30,16
"S00090534",75,61,14
"S00090535",64,42,22
"S00090536",65,39,26
"S00090537",95,78,17
"S00090538",119,99,20
"S00090539",110,88,22
"S00090540",87,78,9
"S00090541",115,102,13
"S00090542",67,37,30
"S00090543",117,51,66
"S00090544",83,46,37
"S00090545",69,45,24
"S00090546",96,74,22
"S00090547",87,49,38
"S00090548",78,36,42
"S00090549",52,22,30
"S00090550",84,66,18
"S00090551",82,58,24
"S00090552",80,63,17
"S00090553",171,108,63
"S00090554",83,55,28
"S00090555",44,26,18
"S00090556",127,72,55
"S00090557",61,43,18
"S00090558",82,54,28
"S00090559",81,49,32
"S00090560",101,86,15
"S00090561",120,82,38
"S00090562",132,113,19
"S00090563",80,70,10
"S00090564",103,90,13
"S00090565",79,64,15
"S00090566",66,61,5
"S00090567",100,86,14
"S00090568",103,88,15
"S00090569",82,54,28
"S00090570",94,75,19
"S00090571",82,67,15
"S00090572",113,93,20
"S00090573",87,83,4
"S00090574",67,61,6
"S00090575",165,142,23
"S00090576",84,68,16
"S00090577",111,82,29
"S00090578",55,43,12
"S00090579",88,79,9
"S00090580",133,112,21
"S00090581",76,68,8
"S00090582",134,116,18
"S00090583",48,34,14
"S00090584",76,59,17
"S00090585",93,84,9
"S00090586",107,86,21
"S00090587",69,55,14
"S00090588",61,44,17
"S00090589",76,57,19
"S00090590",101,82,19
"S00090591",79,61,18
"S00090592",77,57,20
"S00090593",64,44,20
"S00090594",133,108,25
"S00090595",55,45,10
"S00090596",127,98,29
"S00090597",99,65,34
"S00090598",83,66,17
"S00090599",104,78,26
"S00090600",68,30,38
"S00090601",95,53,42
"S00090602",70,36,34
"S00090603",82,51,31
"S00090604",90,52,38
"S00090605",82,45,37
"S00090606",81,52,29
"S00090607",122,82,40
"S00090608",50,23,27
"S00090609",128,67,61
"S00090610",58,22,36
"S00090611",90,46,44
"S00090612",76,34,42
"S00090613",71,35,36
"S00090614",97,53,44
"S00090615",118,65,53
"S00090616",73,29,44
"S00090617",55,48,7
"S00090618",73,56,17
"S00090619",74,62,12
"S00090620",110,86,24
"S00090621",89,68,21
"S00090622",100,89,11
"S00090623",53,34,19
"S00090624",76,63,13
"S00090625",60,38,22
"S00090626",91,51,40
"S00090627",58,32,26
"S00090628",78,56,22
"S00090629",100,86,14
"S00090630",62,42,20
"S00090631",75,57,18
"S00090632",98,67,31
"S00090633",102,64,38
"S00090634",87,65,22
"S00090635",101,51,50
"S00090636",80,70,10
"S00090637",56,48,8
"S00090638",114,91,23
"S00090639",53,45,8
"S00090640",50,39,11
"S00090641",103,84,19
"S00090642",156,112,44
"S00090643",94,60,34
"S00090644",79,48,31
"S00090645",79,55,24
"S00090646",71,46,25
"S00090647",71,52,19
"S00090648",82,51,31
"S00090649",80,48,32
"S00090650",121,80,41
"S00090651",103,63,40
"S00090652",97,48,49
"S00090653",88,62,26
"S00090654",119,46,73
"S00090655",102,48,54
"S00090656",80,49,31
"S00090657",99,75,24
"S00090658",143,100,43
"S00090659",86,72,14
"S00090660",45,34,11
"S00090661",84,57,27
"S00090662",62,47,15
"S00090663",134,34,100
"S00090664",158,72,86
"S00090665",93,23,70
"S00090666",152,81,71
"S00090667",144,46,98
"S00090668",132,44,88
"S00090669",74,15,59
"S00090670",114,65,49
"S00090671",91,71,20
"S00090672",85,65,20
"S00090673",111,96,15
"S00090674",88,80,8
"S00090675",87,69,18
"S00090676",105,96,9
"S00090677",88,68,20
"S00090678",119,98,21
"S00090679",145,132,13
"S00090680",51,33,18
"S00090681",112,91,21
"S00090682",87,70,17
"S00090683",88,72,16
"S00090684",131,120,11
"S00090685",83,67,16
"S00090686",50,46,4
"S00090687",64,54,10
"S00090688",95,89,6
"S00090689",162,132,30
"S00090690",482,463,19
"S00090691",56,32,24
"S00090692",123,110,13
"S00090693",119,94,25
"S00090694",141,107,34
"S00090695",169,153,16
"S00090696",108,93,15
"S00090697",70,49,21
"S00090698",72,64,8
"S00090699",73,53,20
"S00090700",67,51,16
"S00090701",2069,2005,64
"S00090702",100,69,31
"S00090703",58,20,38
"S00090704",98,73,25
"S00090705",117,68,49
"S00090706",55,37,18
"S00090707",90,66,24
"S00090708",86,58,28
"S00090709",126,87,39
"S00090710",109,77,32
"S00090711",65,43,22
"S00090712",135,90,45
"S00090713",88,63,25
"S00090714",71,58,13
"S00090715",69,46,23
"S00090716",166,138,28
"S00090717",369,360,9
"S00090718",96,86,10
"S00090719",108,88,20
"S00090720",46,38,8
"S00090721",125,108,17
"S00090722",70,53,17
"S00090723",73,63,10
"S00090724",61,47,14
"S00090725",91,79,12
"S00090726",66,56,10
"S00090727",51,47,4
"S00090728",92,76,16
"S00090729",81,69,12
"S00090730",103,74,29
"S00090731",82,61,21
"S00090732",96,84,12
"S00090733",71,59,12
"S00090734",93,81,12
"S00090735",66,62,4
"S00090736",69,51,18
"S00090737",91,72,19
"S00090738",91,71,20
"S00090739",95,66,29
"S00090740",75,37,38
"S00090741",57,33,24
"S00090742",110,78,32
"S00090743",84,70,14
"S00090744",76,63,13
"S00090745",76,31,45
"S00090746",121,107,14
"S00090747",75,36,39
"S00090748",89,52,37
"S00090749",88,73,15
"S00090750",79,73,6
"S00090751",137,84,53
"S00090752",55,30,25
"S00090753",98,26,72
"S00090754",99,47,52
"S00090755",77,25,52
"S00090756",54,39,15
"S00090757",87,48,39
"S00090758",84,71,13
"S00090759",56,50,6
"S00090760",114,75,39
"S00090761",94,73,21
"S00090762",66,55,11
"S00090763",55,51,4
"S00090764",64,58,6
"S00090765",61,51,10
"S00090766",77,60,17
"S00090767",84,69,15
"S00090768",70,49,21
"S00090769",111,92,19
"S00090770",57,47,10
"S00090771",67,49,18
"S00090772",76,48,28
"S00090773",61,33,28
"S00090774",90,56,34
"S00090775",77,49,28
"S00090776",79,51,28
"S00090777",64,49,15
"S00090778",70,54,16
"S00090779",91,52,39
"S00090780",93,61,32
"S00090781",96,37,59
"S00090782",116,74,42
"S00090783",107,51,56
"S00090784",101,63,38
"S00090785",50,36,14
"S00090786",72,53,19
"S00090787",93,54,39
"S00090788",70,32,38
"S00090789",89,46,43
"S00090790",74,37,37
"S00090791",74,34,40
"S00090792",136,84,52
"S00090793",100,46,54
"S00090794",132,63,69
"S00090795",50,18,32
"S00090796",64,52,12
"S00090797",112,83,29
"S00090798",51,31,20
"S00090799",73,22,51
"S00090800",79,27,52
"S00090801",83,24,59
"S00090802",133,44,89
"S00090803",205,135,70
"S00090804",115,30,85
"S00090805",97,81,16
"S00090806",98,76,22
"S00090807",201,132,69
"S00090808",110,46,64
"S00090809",46,30,16
"S00090810",100,33,67
"S00090811",127,36,91
"S00090812",153,56,97
"S00090813",48,33,15
"S00090814",78,38,40
"S00090815",59,38,21
"S00090816",199,62,137
"S00090817",84,22,62
"S00090818",109,39,70
"S00090819",74,25,49
"S00090820",141,49,92
"S00090821",128,46,82
"S00090822",101,43,58
"S00090823",123,35,88
"S00090824",107,47,60
"S00090825",197,80,117
"S00090826",80,26,54
"S00090827",108,50,58
"S00090828",69,51,18
"S00090829",165,85,80
"S00090830",70,42,28
"S00090831",107,61,46
"S00090832",45,21,24
"S00090833",57,45,12
"S00090834",60,27,33
"S00090835",93,61,32
"S00090836",62,46,16
"S00090837",112,82,30
"S00090838",92,62,30
"S00090839",70,36,34
"S00090840",146,46,100
"S00090841",109,47,62
"S00090842",48,20,28
"S00090843",121,58,63
"S00090844",155,92,63
"S00090845",108,48,60
"S00090846",136,63,73
"S00090847",90,30,60
"S00090848",100,32,68
"S00090849",117,55,62
"S00090850",97,46,51
"S00090851",109,43,66
"S00090852",96,60,36
"S00090853",96,46,50
"S00090854",92,31,61
"S00090855",175,100,75
"S00090856",106,50,56
"S00090857",65,29,36
"S00090858",90,46,44
"S00090859",103,51,52
"S00090860",48,25,23
"S00090861",51,23,28
"S00090862",113,43,70
"S00090863",120,50,70
"S00090864",99,36,63
"S00090865",104,48,56
"S00090866",153,56,97
"S00090867",115,63,52
"S00090868",65,25,40
"S00090869",99,40,59
"S00090870",106,30,76
"S00090871",93,23,70
"S00090872",46,18,28
"S00090873",80,34,46
"S00090874",70,15,55
"S00090875",68,54,14
"S00090876",168,65,103
"S00090877",74,42,32
"S00090878",97,56,41
"S00090879",91,37,54
"S00090880",74,32,42
"S00090881",55,29,26
"S00090882",118,52,66
"S00090883",155,77,78
"S00090884",148,64,84
"S00090885",96,42,54
"S00090886",196,127,69
"S00090887",107,58,49
"S00090888",81,51,30
"S00090889",120,48,72
"S00090890",88,18,70
"S00090891",148,70,78
"S00090892",63,29,34
"S00090893",88,38,50
"S00090894",103,53,50
"S00090895",78,37,41
"S00090896",117,35,82
"S00090897",59,21,38
"S00090898",65,36,29
"S00090899",146,66,80
"S00090900",113,42,71
"S00090901",77,71,6
"S00090902",66,56,10
"S00090903",44,23,21
"S00090904",182,119,63
"S00090905",84,37,47
"S00090906",83,36,47
"S00090907",57,31,26
"S00090908",88,52,36
"S00090909",120,41,79
"S00090910",111,45,66
"S00090911",93,49,44
"S00090912",93,42,51
"S00090913",69,27,42
"S00090914",142,63,79
"S00090915",89,30,59
"S00090916",154,58,96
"S00090917",79,39,40
"S00090918",64,34,30
"S00090919",106,74,32
"S00090920",78,36,42
"S00090921",102,69,33
"S00090922",88,47,41
"S00090923",116,37,79
"S00090924",162,37,125
"S00090925",144,82,62
"S00090926",72,18,54
"S00090927",77,35,42
"S00090928",99,27,72
"S00090929",121,26,95
"S00090930",104,42,62
"S00090931",146,54,92
"S00090932",74,31,43
"S00090933",109,35,74
"S00090934",122,46,76
"S00090935",93,41,52
"S00090936",106,36,70
"S00090937",124,48,76
"S00090938",112,36,76
"S00090939",80,20,60
"S00090940",60,19,41
"S00090941",109,23,86
"S00090942",99,27,72
"S00090943",106,43,63
"S00090944",73,40,33
"S00090945",77,24,53
"S00090946",118,40,78
"S00090947",65,19,46
"S00090948",64,24,40
"S00090949",93,43,50
"S00090950",125,45,80
"S00090951",119,42,77
"S00090952",110,41,69
"S00090953",145,39,106
"S00090954",114,29,85
"S00090955",111,38,73
"S00090956",74,25,49
"S00090957",85,42,43
"S00090958",135,51,84
"S00090959",161,68,93
"S00090960",94,38,56
"S00090961",66,26,40
"S00090962",147,43,104
"S00090963",94,38,56
"S00090964",79,22,57
"S00090965",143,57,86
"S00090966",53,27,26
"S00090967",72,28,44
"S00090968",77,33,44
"S00090969",104,37,67
"S00090970",125,63,62
"S00090971",107,53,54
"S00090972",60,21,39
"S00090973",78,37,41
"S00090974",84,37,47
"S00090975",151,54,97
"S00090976",79,35,44
"S00090977",144,60,84
"S00090978",150,57,93
"S00090979",157,61,96
"S00090980",171,57,114
"S00090981",64,26,38
"S00090982",117,35,82
"S00090983",98,30,68
"S00090984",139,37,102
"S00090985",101,28,73
"S00090986",61,41,20
"S00090987",80,36,44
"S00090988",140,40,100
"S00090989",139,86,53
"S00090990",57,17,40
"S00090991",149,49,100
"S00090992",139,46,93
"S00090993",118,36,82
"S00090994",131,49,82
"S00090995",115,50,65
"S00090996",155,62,93
"S00090997",163,51,112
"S00090998",80,34,46
"S00090999",153,56,97
"S00091000",162,59,103
"S00091001",107,61,46
"S00091002",129,71,58
"S00091003",133,50,83
"S00091004",114,48,66
"S00091005",134,68,66
"S00091006",103,79,24
"S00091007",118,24,94
"S00091008",54,18,36
"S00091009",99,39,60
"S00091010",74,26,48
"S00091011",80,35,45
"S00091012",65,23,42
"S00091013",90,41,49
"S00091014",87,40,47
"S00091015",103,39,64
"S00091016",67,23,44
"S00091017",86,35,51
"S00091018",64,22,42
"S00091019",80,29,51
"S00091020",88,30,58
"S00091021",79,38,41
"S00091022",44,18,26
"S00091023",76,20,56
"S00091024",147,49,98
"S00091025",63,21,42
"S00091026",131,70,61
"S00091027",118,45,73
"S00091028",141,49,92
"S00091029",99,37,62
"S00091030",86,42,44
"S00091031",99,27,72
"S00091032",143,47,96
"S00091033",91,27,64
"S00091034",76,24,52
"S00091035",50,20,30
"S00091036",105,47,58
"S00091037",131,48,83
"S00091038",118,46,72
"S00091039",159,60,99
"S00091040",153,65,88
"S00091041",97,37,60
"S00091042",81,31,50
"S00091043",124,39,85
"S00091044",98,44,54
"S00091045",152,50,102
"S00091046",115,51,64
"S00091047",129,60,69
"S00091048",67,19,48
"S00091049",119,37,82
"S00091050",109,27,82
"S00091051",58,20,38
"S00091052",105,36,69
"S00091053",115,47,68
"S00091054",156,52,104
"S00091055",81,21,60
"S00091056",96,37,59
"S00091057",136,46,90
"S00091058",112,57,55
"S00091059",164,64,100
"S00091060",54,16,38
"S00091061",136,45,91
"S00091062",118,55,63
"S00091063",106,38,68
"S00091064",102,32,70
"S00091065",93,33,60
"S00091066",87,41,46
"S00091067",127,52,75
"S00091068",135,55,80
"S00091069",94,35,59
"S00091070",104,35,69
"S00091071",53,21,32
"S00091072",81,43,38
"S00091073",126,54,72
"S00091074",157,68,89
"S00091075",58,21,37
"S00091076",65,27,38
"S00091077",137,55,82
"S00091078",66,20,46
"S00091079",62,24,38
"S00091080",96,45,51
"S00091081",151,43,108
"S00091082",145,59,86
"S00091083",113,41,72
"S00091084",49,19,30
"S00091085",69,17,52
"S00091086",51,15,36
"S00091087",101,43,58
"S00091088",111,39,72
"S00091089",111,43,68
"S00091090",131,50,81
"S00091091",96,58,38
"S00091092",156,60,96
"S00091093",105,39,66
"S00091094",113,64,49
"S00091095",67,25,42
"S00091096",132,52,80
"S00091097",58,24,34
"S00091098",56,19,37
"S00091099",69,25,44
"S00091100",118,45,73
"S00091101",86,43,43
"S00091102",74,32,42
"S00091103",78,60,18
"S00091104",53,47,6
"S00091105",116,52,64
"S00091106",107,37,70
"S00091107",121,53,68
"S00091108",132,49,83
"S00091109",128,43,85
"S00091110",127,62,65
"S00091111",90,36,54
"S00091112",83,39,44
"S00091113",122,54,68
"S00091114",87,55,32
"S00091115",105,47,58
"S00091116",86,22,64
"S00091117",97,32,65
"S00091118",139,55,84
"S00091119",122,51,71
"S00091120",120,56,64
"S00091121",107,41,66
"S00091122",108,67,41
"S00091123",103,29,74
"S00091124",103,78,25
"S00091125",89,44,45
"S00091126",202,73,129
"S00091127",65,47,18
"S00091128",91,33,58
"S00091129",75,28,47
"S00091130",110,39,71
"S00091131",136,47,89
"S00091132",109,30,79
"S00091133",97,29,68
"S00091134",78,26,52
"S00091135",96,36,60
"S00091136",138,49,89
"S00091137",140,43,97
"S00091138",69,15,54
"S00091139",67,27,40
"S00091140",126,51,75
"S00091141",49,15,34
"S00091142",98,38,60
"S00091143",106,37,69
"S00091144",122,51,71
"S00091145",151,69,82
"S00091146",104,32,72
"S00091147",98,40,58
"S00091148",105,36,69
"S00091149",136,39,97
"S00091150",102,29,73
"S00091151",139,46,93
"S00091152",110,41,69
"S00091153",83,33,50
"S00091154",105,44,61
"S00091155",112,55,57
"S00091156",78,24,54
"S00091157",122,39,83
"S00091158",110,31,79
"S00091159",73,23,50
"S00091160",130,32,98
"S00091161",127,41,86
"S00091162",135,58,77
"S00091163",112,48,64
"S00091164",80,41,39
"S00091165",144,67,77
"S00091166",117,43,74
"S00091167",72,24,48
"S00091168",111,35,76
"S00091169",55,31,24
"S00091170",148,54,94
"S00091171",94,55,39
"S00091172",50,20,30
"S00091173",117,38,79
"S00091174",93,37,56
"S00091175",118,46,72
"S00091176",98,41,57
"S00091177",88,34,54
"S00091178",146,35,111
"S00091179",50,26,24
"S00091180",54,22,32
"S00091181",125,41,84
"S00091182",104,37,67
"S00091183",69,39,30
"S00091184",87,53,34
"S00091185",93,40,53
"S00091186",110,44,66
"S00091187",114,38,76
"S00091188",123,61,62
"S00091189",95,43,52
"S00091190",89,34,55
"S00091191",122,47,75
"S00091192",120,48,72
"S00091193",108,51,57
"S00091194",85,31,54
"S00091195",85,32,53
"S00091196",108,46,62
"S00091197",117,45,72
"S00091198",128,48,80
"S00091199",120,44,76
"S00091200",101,74,27
"S00091201",90,38,52
"S00091202",115,33,82
"S00091203",104,33,71
"S00091204",102,46,56
"S00091205",85,34,51
"S00091206",72,31,41
"S00091207",101,43,58
"S00091208",86,34,52
"S00091209",149,55,94
"S00091210",122,66,56
"S00091211",134,55,79
"S00091212",102,28,74
"S00091213",147,69,78
"S00091214",66,21,45
"S00091215",96,46,50
"S00091216",114,39,75
"S00091217",122,46,76
"S00091218",141,54,87
"S00091219",77,20,57
"S00091220",94,16,78
"S00091221",49,19,30
"S00091222",108,60,48
"S00091223",138,72,66
"S00091224",113,41,72
"S00091225",79,30,49
"S00091226",91,36,55
"S00091227",165,43,122
"S00091228",146,45,101
"S00091229",108,37,71
"S00091230",132,56,76
"S00091231",131,42,89
"S00091232",84,29,55
"S00091233",161,64,97
"S00091234",112,24,88
"S00091235",94,29,65
"S00091236",108,33,75
"S00091237",150,36,114
"S00091238",77,35,42
"S00091239",94,40,54
"S00091240",84,29,55
"S00091241",94,22,72
"S00091242",110,30,80
"S00091243",82,34,48
"S00091244",144,52,92
"S00091245",104,36,68
"S00091246",82,32,50
"S00091247",107,54,53
"S00091248",105,23,82
"S00091249",123,37,86
"S00091250",126,31,95
"S00091251",107,40,67
"S00091252",133,41,92
"S00091253",149,51,98
"S00091254",89,39,50
"S00091255",117,40,77
"S00091256",54,17,37
"S00091257",119,53,66
"S00091258",108,42,66
"S00091259",107,51,56
"S00091260",112,56,56
"S00091261",104,31,73
"S00091262",86,36,50
"S00091263",149,57,92
"S00091264",98,34,64
"S00091265",96,18,78
"S00091266",77,18,59
"S00091267",127,73,54
"S00091268",129,47,82
"S00091269",60,20,40
"S00091270",62,24,38
"S00091271",147,42,105
"S00091272",104,38,66
"S00091273",95,26,69
"S00091274",164,65,99
"S00091275",153,49,104
"S00091276",101,35,66
"S00091277",117,45,72
"S00091278",101,29,72
"S00091279",97,23,74
"S00091280",106,44,62
"S00091281",130,45,85
"S00091282",130,51,79
"S00091283",130,61,69
"S00091284",143,63,80
"S00091285",142,52,90
"S00091286",120,44,76
"S00091287",137,40,97
"S00091288",120,42,78
"S00091289",76,32,44
"S00091290",115,62,53
"S00091291",148,58,90
"S00091292",50,28,22
"S00091293",100,48,52
"S00091294",117,46,71
"S00091295",107,49,58
"S00091296",119,38,81
"S00091297",167,56,111
"S00091298",51,22,29
"S00091299",88,42,46
"S00091300",133,60,73
"S00091301",60,23,37
"S00091302",155,60,95
"S00091303",90,33,57
"S00091304",94,35,59
"S00091305",96,40,56
"S00091306",118,53,65
"S00091307",100,50,50
"S00091308",92,36,56
"S00091309",85,41,44
"S00091310",101,32,69
"S00091311",152,58,94
"S00091312",119,72,47
"S00091313",125,57,68
"S00091314",54,30,24
"S00091315",55,19,36
"S00091316",61,28,33
"S00091317",101,41,60
"S00091318",75,29,46
"S00091319",215,85,130
"S00091320",104,34,70
"S00091321",100,34,66
"S00091322",126,44,82
"S00091323",108,45,63
"S00091324",129,49,80
"S00091325",112,28,84
"S00091326",109,33,76
"S00091327",131,47,84
"S00091328",90,38,52
"S00091329",122,49,73
"S00091330",108,36,72
"S00091331",108,41,67
"S00091332",67,31,36
"S00091333",70,29,41
"S00091334",91,47,44
"S00091335",111,51,60
"S00091336",114,38,76
"S00091337",73,53,20
"S00091338",46,25,21
"S00091339",54,32,22
"S00091340",76,34,42
"S00091341",141,33,108
"S00091342",98,36,62
"S00091343",142,52,90
"S00091344",71,28,43
"S00091345",129,43,86
"S00091346",82,31,51
"S00091347",95,49,46
"S00091348",98,29,69
"S00091349",105,37,68
"S00091350",108,41,67
"S00091351",134,59,75
"S00091352",88,36,52
"S00091353",79,33,46
"S00091354",80,25,55
"S00091355",117,47,70
"S00091356",112,38,74
"S00091357",80,36,44
"S00091358",119,39,80
"S00091359",89,35,54
"S00091360",63,23,40
"S00091361",110,40,70
"S00091362",109,39,70
"S00091363",77,23,54
"S00091364",87,51,36
"S00091365",148,54,94
"S00091366",140,65,75
"S00091367",81,41,40
"S00091368",128,41,87
"S00091369",160,48,112
"S00091370",104,23,81
"S00091371",147,65,82
"S00091372",77,22,55
"S00091373",110,43,67
"S00091374",82,29,53
"S00091375",87,24,63
"S00091376",52,9,43
"S00091377",93,37,56
"S00091378",92,28,64
"S00091379",127,36,91
"S00091380",78,22,56
"S00091381",131,44,87
"S00091382",143,40,103
"S00091383",115,43,72
"S00091384",84,32,52
"S00091385",74,27,47
"S00091386",153,53,100
"S00091387",110,37,73
"S00091388",127,45,82
"S00091389",44,11,33
"S00091390",115,38,77
"S00091391",111,30,81
"S00091392",103,33,70
"S00091393",162,52,110
"S00091394",105,41,64
"S00091395",118,37,81
"S00091396",67,19,48
"S00091397",80,31,49
"S00091398",115,31,84
"S00091399",72,27,45
"S00091400",50,17,33
"S00091401",132,33,99
"S00091402",57,27,30
"S00091403",137,94,43
"S00091404",117,54,63
"S00091405",56,16,40
"S00091406",43,15,28
"S00091407",79,34,45
"S00091408",110,48,62
"S00091409",94,45,49
"S00091410",92,52,40
"S00091411",82,41,41
"S00091412",145,67,78
"S00091413",113,40,73
"S00091414",133,43,90
"S00091415",108,51,57
"S00091416",122,42,80
"S00091417",74,33,41
"S00091418",93,36,57
"S00091419",48,27,21
"S00091420",73,29,44
"S00091421",95,59,36
"S00091422",102,28,74
"S00091423",100,41,59
"S00091424",91,31,60
"S00091425",121,51,70
"S00091426",59,23,36
"S00091427",100,33,67
"S00091428",102,50,52
"S00091429",178,84,94
"S00091430",88,34,54
"S00091431",97,36,61
"S00091432",117,50,67
"S00091433",55,21,34
"S00091434",101,49,52
"S00091435",126,72,54
"S00091436",120,57,63
"S00091437",154,57,97
"S00091438",155,88,67
"S00091439",57,22,35
"S00091440",87,39,48
"S00091441",79,29,50
"S00091442",57,29,28
"S00091443",127,48,79
"S00091444",82,35,47
"S00091445",134,55,79
"S00091446",125,38,87
"S00091447",121,52,69
"S00091448",80,40,40
"S00091449",112,57,55
"S00091450",121,49,72
"S00091451",96,34,62
"S00091452",84,41,43
"S00091453",137,60,77
"S00091454",96,45,51
"S00091455",121,61,60
"S00091456",102,44,58
"S00091457",80,40,40
"S00091458",113,53,60
"S00091459",73,36,37
"S00091460",110,67,43
"S00091461",110,44,66
"S00091462",79,53,26
"S00091463",140,62,78
"S00091464",74,43,31
"S00091465",107,45,62
"S00091466",118,59,59
"S00091467",86,50,36
"S00091468",89,49,40
"S00091469",99,63,36
"S00091470",105,65,40
"S00091471",114,59,55
"S00091472",106,50,56
"S00091473",136,55,81
"S00091474",103,39,64
"S00091475",120,66,54
"S00091476",99,69,30
"S00091477",88,66,22
"S00091478",107,67,40
"S00091479",70,32,38
"S00091480",129,74,55
"S00091481",50,14,36
"S00091482",143,65,78
"S00091483",100,28,72
"S00091484",85,27,58
"S00091485",125,40,85
"S00091486",127,45,82
"S00091487",95,50,45
"S00091488",88,30,58
"S00091489",97,39,58
"S00091490",100,44,56
"S00091491",108,26,82
"S00091492",132,42,90
"S00091493",156,40,116
"S00091494",178,58,120
"S00091495",143,42,101
"S00091496",102,24,78
"S00091497",160,83,77
"S00091498",91,50,41
"S00091499",86,22,64
"S00091500",108,62,46
"S00091501",87,57,30
"S00091502",42,40,2
"S00091503",91,41,50
"S00091504",117,58,59
"S00091505",91,56,35
"S00091506",121,57,64
"S00091507",46,13,33
"S00091508",91,56,35
"S00091509",92,32,60
"S00091510",118,55,63
"S00091511",85,61,24
"S00091512",128,62,66
"S00091513",102,55,47
"S00091514",70,45,25
"S00091515",82,39,43
"S00091516",107,63,44
"S00091517",67,47,20
"S00091518",80,51,29
"S00091519",52,33,19
"S00091520",70,40,30
"S00091521",110,75,35
"S00091522",72,39,33
"S00091523",73,29,44
"S00091524",99,52,47
"S00091525",88,43,45
"S00091526",87,52,35
"S00091527",89,57,32
"S00091528",70,43,27
"S00091529",77,33,44
"S00091530",169,53,116
"S00091531",100,32,68
"S00091532",95,41,54
"S00091533",155,65,90
"S00091534",130,34,96
"S00091535",90,40,50
"S00091536",109,39,70
"S00091537",119,44,75
"S00091538",75,39,36
"S00091539",73,45,28
"S00091540",65,42,23
"S00091541",120,61,59
"S00091542",58,20,38
"S00091543",137,51,86
"S00091544",85,23,62
"S00091545",77,47,30
"S00091546",52,31,21
"S00091547",64,30,34
"S00091548",66,35,31
"S00091549",141,52,89
"S00091550",140,42,98
"S00091551",79,29,50
"S00091552",66,21,45
"S00091553",119,67,52
"S00091554",113,41,72
"S00091555",103,33,70
"S00091556",82,32,50
"S00091557",122,46,76
"S00091558",100,54,46
"S00091559",103,34,69
"S00091560",95,54,41
"S00091561",76,33,43
"S00091562",68,37,31
"S00091563",60,24,36
"S00091564",73,32,41
"S00091565",82,31,51
"S00091566",94,40,54
"S00091567",99,31,68
"S00091568",112,65,47
"S00091569",83,33,50
"S00091570",106,41,65
"S00091571",101,58,43
"S00091572",121,81,40
"S00091573",110,65,45
"S00091574",127,38,89
"S00091575",91,37,54
"S00091576",103,32,71
"S00091577",91,57,34
"S00091578",56,40,16
"S00091579",93,48,45
"S00091580",118,60,58
"S00091581",144,75,69
"S00091582",135,80,55
"S00091583",109,35,74
"S00091584",103,41,62
"S00091585",67,37,30
"S00091586",72,36,36
"S00091587",176,70,106
"S00091588",125,48,77
"S00091589",70,38,32
"S00091590",162,84,78
"S00091591",159,82,77
"S00091592",142,67,75
"S00091593",180,92,88
"S00091594",99,49,50
"S00091595",60,24,36
"S00091596",75,32,43
"S00091597",56,17,39
"S00091598",179,99,80
"S00091599",89,35,54
"S00091600",103,58,45
"S00091601",108,43,65
"S00091602",85,30,55
"S00091603",58,46,12
"S00091604",108,68,40
"S00091605",104,28,76
"S00091606",69,53,16
"S00091607",80,46,34
"S00091608",83,51,32
"S00091609",83,23,60
"S00091610",72,23,49
"S00091611",50,21,29
"S00091612",120,32,88
"S00091613",152,69,83
"S00091614",86,36,50
"S00091615",126,56,70
"S00091616",46,18,28
"S00091617",120,38,82
"S00091618",74,32,42
"S00091619",148,44,104
"S00091620",125,51,74
"S00091621",153,47,106
"S00091622",87,39,48
"S00091623",176,68,108
"S00091624",127,33,94
"S00091625",71,39,32
"S00091626",135,56,79
"S00091627",138,48,90
"S00091628",139,48,91
"S00091629",94,29,65
"S00091630",138,34,104
"S00091631",45,15,30
"S00091632",146,50,96
"S00091633",148,53,95
"S00091634",87,39,48
"S00091635",88,32,56
"S00091636",94,34,60
"S00091637",99,36,63
"S00091638",138,40,98
"S00091639",103,43,60
"S00091640",87,31,56
"S00091641",115,43,72
"S00091642",81,20,61
"S00091643",95,23,72
"S00091644",125,52,73
"S00091645",92,20,72
"S00091646",63,17,46
"S00091647",77,31,46
"S00091648",129,49,80
"S00091649",111,38,73
"S00091650",78,29,49
"S00091651",122,48,74
"S00091652",113,37,76
"S00091653",47,19,28
"S00091654",119,35,84
"S00091655",59,32,27
"S00091656",114,41,73
"S00091657",81,55,26
"S00091658",81,35,46
"S00091659",153,67,86
"S00091660",142,59,83
"S00091661",129,61,68
"S00091662",105,37,68
"S00091663",124,43,81
"S00091664",131,38,93
"S00091665",128,36,92
"S00091666",118,56,62
"S00091667",128,66,62
"S00091668",123,75,48
"S00091669",125,46,79
"S00091670",101,38,63
"S00091671",143,40,103
"S00091672",114,44,70
"S00091673",96,28,68
"S00091674",58,46,12
"S00091675",95,42,53
"S00091676",105,51,54
"S00091677",135,55,80
"S00091678",151,84,67
"S00091679",76,59,17
"S00091680",117,71,46
"S00091681",80,41,39
"S00091682",81,38,43
"S00091683",69,23,46
"S00091684",139,75,64
"S00091685",97,38,59
"S00091686",97,61,36
"S00091687",96,50,46
"S00091688",152,84,68
"S00091689",90,46,44
"S00091690",102,25,77
"S00091691",87,26,61
"S00091692",147,51,96
"S00091693",156,72,84
"S00091694",85,53,32
"S00091695",91,29,62
"S00091696",130,48,82
"S00091697",77,21,56
"S00091698",136,55,81
"S00091699",114,38,76
"S00091700",115,43,72
"S00091701",150,79,71
"S00091702",96,54,42
"S00091703",79,29,50
"S00091704",70,46,24
"S00091705",116,62,54
"S00091706",71,54,17
"S00091707",90,51,39
"S00091708",91,35,56
"S00091709",127,54,73
"S00091710",85,43,42
"S00091711",65,27,38
"S00091712",125,57,68
"S00091713",74,39,35
"S00091714",82,38,44
"S00091715",50,20,30
"S00091716",87,46,41
"S00091717",64,33,31
"S00091718",106,79,27
"S00091719",94,63,31
"S00091720",114,40,74
"S00091721",91,53,38
"S00091722",90,40,50
"S00091723",165,68,97
"S00091724",74,27,47
"S00091725",52,36,16
"S00091726",158,74,84
"S00091727",160,47,113
"S00091728",134,55,79
"S00091729",74,48,26
"S00091730",70,49,21
"S00091731",67,45,22
"S00091732",67,36,31
"S00091733",70,47,23
"S00091734",109,59,50
"S00091735",74,39,35
"S00091736",58,45,13
"S00091737",99,70,29
"S00091738",119,66,53
"S00091739",94,72,22
"S00091740",105,49,56
"S00091741",136,58,78
"S00091742",58,24,34
"S00091743",86,58,28
"S00091744",68,45,23
"S00091745",92,48,44
"S00091746",96,52,44
"S00091747",108,40,68
"S00091748",122,60,62
"S00091749",56,47,9
"S00091750",96,42,54
"S00091751",88,41,47
"S00091752",112,40,72
"S00091753",107,35,72
"S00091754",161,75,86
"S00091755",86,37,49
"S00091756",81,27,54
"S00091757",107,34,73
"S00091758",158,52,106
"S00091759",95,49,46
"S00091760",98,37,61
"S00091761",125,43,82
"S00091762",129,36,93
"S00091763",107,46,61
"S00091764",72,24,48
"S00091765",92,33,59
"S00091766",91,52,39
"S00091767",108,56,52
"S00091768",129,59,70
"S00091769",121,56,65
"S00091770",147,54,93
"S00091771",110,42,68
"S00091772",122,57,65
"S00091773",97,57,40
"S00091774",85,31,54
"S00091775",95,46,49
"S00091776",78,34,44
"S00091777",77,38,39
"S00091778",89,52,37
"S00091779",160,72,88
"S00091780",109,53,56
"S00091781",88,60,28
"S00091782",100,58,42
"S00091783",88,43,45
"S00091784",104,62,42
"S00091785",139,51,88
"S00091786",84,34,50
"S00091787",99,23,76
"S00091788",87,36,51
"S00091789",109,35,74
"S00091790",125,47,78
"S00091791",86,25,61
"S00091792",79,25,54
"S00091793",110,45,65
"S00091794",119,72,47
"S00091795",122,51,71
"S00091796",117,39,78
"S00091797",113,58,55
"S00091798",119,53,66
"S00091799",90,27,63
"S00091800",130,45,85
"S00091801",99,33,66
"S00091802",43,24,19
"S00091803",120,68,52
"S00091804",106,74,32
"S00091805",95,35,60
"S00091806",134,53,81
"S00091807",184,80,104
"S00091808",90,30,60
"S00091809",109,49,60
"S00091810",150,60,90
"S00091811",101,47,54
"S00091812",112,71,41
"S00091813",98,58,40
"S00091814",79,57,22
"S00091815",108,59,49
"S00091816",92,30,62
"S00091817",121,55,66
"S00091818",126,71,55
"S00091819",98,62,36
"S00091820",67,36,31
"S00091821",133,60,73
"S00091822",63,20,43
"S00091823",105,33,72
"S00091824",112,58,54
"S00091825",106,53,53
"S00091826",125,62,63
"S00091827",65,31,34
"S00091828",113,74,39
"S00091829",80,46,34
"S00091830",50,17,33
"S00091831",125,69,56
"S00091832",80,24,56
"S00091833",98,52,46
"S00091834",102,45,57
"S00091835",133,91,42
"S00091836",99,57,42
"S00091837",101,49,52
"S00091838",120,63,57
"S00091839",118,57,61
"S00091840",128,77,51
"S00091841",101,62,39
"S00091842",96,46,50
"S00091843",85,47,38
"S00091844",149,78,71
"S00091845",132,74,58
"S00091846",97,37,60
"S00091847",104,56,48
"S00091848",127,65,62
"S00091849",59,45,14
"S00091850",144,94,50
"S00091851",57,42,15
"S00091852",111,74,37
"S00091853",93,57,36
"S00091854",70,41,29
"S00091855",79,46,33
"S00091856",96,57,39
"S00091857",93,51,42
"S00091858",100,68,32
"S00091859",177,92,85
"S00091860",128,64,64
"S00091861",82,48,34
"S00091862",74,29,45
"S00091863",95,56,39
"S00091864",106,65,41
"S00091865",47,23,24
"S00091866",95,29,66
"S00091867",73,38,35
"S00091868",91,43,48
"S00091869",83,37,46
"S00091870",130,52,78
"S00091871",104,53,51
"S00091872",129,46,83
"S00091873",111,56,55
"S00091874",136,49,87
"S00091875",114,60,54
"S00091876",76,32,44
"S00091877",51,23,28
"S00091878",89,46,43
"S00091879",136,56,80
"S00091880",63,37,26
"S00091881",146,78,68
"S00091882",61,31,30
"S00091883",112,56,56
"S00091884",129,47,82
"S00091885",130,84,46
"S00091886",89,31,58
"S00091887",120,70,50
"S00091888",135,69,66
"S00091889",55,21,34
"S00091890",47,13,34
"S00091891",151,61,90
"S00091892",80,28,52
"S00091893",71,48,23
"S00091894",78,48,30
"S00091895",75,38,37
"S00091896",123,58,65
"S00091897",127,69,58
"S00091898",81,45,36
"S00091899",95,72,23
"S00091900",124,68,56
"S00091901",59,41,18
"S00091902",108,78,30
"S00091903",71,51,20
"S00091904",67,47,20
"S00091905",196,80,116
"S00091906",128,47,81
"S00091907",118,36,82
"S00091908",102,45,57
"S00091909",74,45,29
"S00091910",47,15,32
"S00091911",86,54,32
"S00091912",98,68,30
"S00091913",166,82,84
"S00091914",112,53,59
"S00091915",120,75,45
"S00091916",96,72,24
"S00091917",98,76,22
"S00091918",73,43,30
"S00091919",72,43,29
"S00091920",98,33,65
"S00091921",111,37,74
"S00091922",90,49,41
"S00091923",105,31,74
"S00091924",103,50,53
"S00091925",110,69,41
"S00091926",77,35,42
"S00091927",153,100,53
"S00091928",112,70,42
"S00091929",109,58,51
"S00091930",74,47,27
"S00091931",81,54,27
"S00091932",83,52,31
"S00091933",72,56,16
"S00091934",74,40,34
"S00091935",119,65,54
"S00091936",83,51,32
"S00091937",92,55,37
"S00091938",150,88,62
"S00091939",109,75,34
"S00091940",98,76,22
"S00091941",157,82,75
"S00091942",80,47,33
"S00091943",99,65,34
"S00091944",68,52,16
"S00091945",69,54,15
"S00091946",95,55,40
"S00091947",62,60,2
"S00091948",91,58,33
"S00091949",74,68,6
"S00091950",136,85,51
"S00091951",38,26,12
"S00091952",86,62,24
"S00091953",114,56,58
"S00091954",114,53,61
"S00091955",66,40,26
"S00091956",84,44,40
"S00091957",100,63,37
"S00091958",57,42,15
"S00091959",72,33,39
"S00091960",81,60,21
"S00091961",90,76,14
"S00091962",75,65,10
"S00091963",60,36,24
"S00091964",78,70,8
"S00091965",71,46,25
"S00091966",73,52,21
"S00091967",57,30,27
"S00091968",70,52,18
"S00091969",45,19,26
"S00091970",97,56,41
"S00091971",93,52,41
"S00091972",107,47,60
"S00091973",79,35,44
"S00091974",66,39,27
"S00091975",107,35,72
"S00091976",138,37,101
"S00091977",55,24,31
"S00091978",258,183,75
"S00091979",50,22,28
"S00091980",65,27,38
"S00091981",110,56,54
"S00091982",105,40,65
"S00091983",77,41,36
"S00091984",114,64,50
"S00091985",92,49,43
"S00091986",86,24,62
"S00091987",84,46,38
"S00091988",44,38,6
"S00091989",64,42,22
"S00091990",86,30,56
"S00091991",63,30,33
"S00091992",97,49,48
"S00091993",114,64,50
"S00091994",155,95,60
"S00091995",86,46,40
"S00091996",143,53,90
"S00091997",70,46,24
"S00091998",86,30,56
"S00091999",139,45,94
"S00092000",74,56,18
"S00092001",64,38,26
"S00092002",71,38,33
"S00092003",121,67,54
"S00092004",129,59,70
"S00092005",149,51,98
"S00092006",115,38,77
"S00092007",70,38,32
"S00092008",128,59,69
"S00092009",103,52,51
"S00092010",62,31,31
"S00092011",62,39,23
"S00092012",154,73,81
"S00092013",129,40,89
"S00092014",90,30,60
"S00092015",150,73,77
"S00092016",131,61,70
"S00092017",105,61,44
"S00092018",110,62,48
"S00092019",85,43,42
"S00092020",114,71,43
"S00092021",68,44,24
"S00092022",114,51,63
"S00092023",66,23,43
"S00092024",102,42,60
"S00092025",112,57,55
"S00092026",122,48,74
"S00092027",87,42,45
"S00092028",53,31,22
"S00092029",71,34,37
"S00092030",66,41,25
"S00092031",96,54,42
"S00092032",118,52,66
"S00092033",51,28,23
"S00092034",93,55,38
"S00092035",73,47,26
"S00092036",80,42,38
"S00092037",130,66,64
"S00092038",143,76,67
"S00092039",122,58,64
"S00092040",92,41,51
"S00092041",65,37,28
"S00092042",114,65,49
"S00092043",119,45,74
"S00092044",105,55,50
"S00092045",132,63,69
"S00092046",130,63,67
"S00092047",95,63,32
"S00092048",210,95,115
"S00092049",137,63,74
"S00092050",134,66,68
"S00092051",142,66,76
"S00092052",116,47,69
"S00092053",85,28,57
"S00092054",69,43,26
"S00092055",112,63,49
"S00092056",90,29,61
"S00092057",81,20,61
"S00092058",137,47,90
"S00092059",99,55,44
"S00092060",98,51,47
"S00092061",72,32,40
"S00092062",118,74,44
"S00092063",98,57,41
"S00092064",83,35,48
"S00092065",63,29,34
"S00092066",111,62,49
"S00092067",126,83,43
"S00092068",98,60,38
"S00092069",77,49,28
"S00092070",74,31,43
"S00092071",99,35,64
"S00092072",85,43,42
"S00092073",94,52,42
"S00092074",90,54,36
"S00092075",55,31,24
"S00092076",82,37,45
"S00092077",120,70,50
"S00092078",78,51,27
"S00092079",65,51,14
"S00092080",72,44,28
"S00092081",97,63,34
"S00092082",123,63,60
"S00092083",59,46,13
"S00092084",83,43,40
"S00092085",83,42,41
"S00092086",79,44,35
"S00092087",120,58,62
"S00092088",88,36,52
"S00092089",81,39,42
"S00092090",114,56,58
"S00092091",120,80,40
"S00092092",91,46,45
"S00092093",87,55,32
"S00092094",113,64,49
"S00092095",67,31,36
"S00092096",93,35,58
"S00092097",133,84,49
"S00092098",104,64,40
"S00092099",151,51,100
"S00092100",137,50,87
"S00092101",84,45,39
"S00092102",84,34,50
"S00092103",85,47,38
"S00092104",83,59,24
"S00092105",87,49,38
"S00092106",105,51,54
"S00092107",89,50,39
"S00092108",93,31,62
"S00092109",84,56,28
"S00092110",106,53,53
"S00092111",113,61,52
"S00092112",90,46,44
"S00092113",79,36,43
"S00092114",49,28,21
"S00092115",109,67,42
"S00092116",141,76,65
"S00092117",74,33,41
"S00092118",91,44,47
"S00092119",90,58,32
"S00092120",64,36,28
"S00092121",83,54,29
"S00092122",66,47,19
"S00092123",98,46,52
"S00092124",59,37,22
"S00092125",93,36,57
"S00092126",78,36,42
"S00092127",71,31,40
"S00092128",79,33,46
"S00092129",115,58,57
"S00092130",99,47,52
"S00092131",115,67,48
"S00092132",86,26,60
"S00092133",135,63,72
"S00092134",95,51,44
"S00092135",142,57,85
"S00092136",91,62,29
"S00092137",72,42,30
"S00092138",119,78,41
"S00092139",71,43,28
"S00092140",113,71,42
"S00092141",41,27,14
"S00092142",74,20,54
"S00092143",84,30,54
"S00092144",133,49,84
"S00092145",64,16,48
"S00092146",96,33,63
"S00092147",127,63,64
"S00092148",148,54,94
"S00092149",99,45,54
"S00092150",59,33,26
"S00092151",112,58,54
"S00092152",62,26,36
"S00092153",135,68,67
"S00092154",88,42,46
"S00092155",79,48,31
"S00092156",58,27,31
"S00092157",119,58,61
"S00092158",119,73,46
"S00092159",91,55,36
"S00092160",84,45,39
"S00092161",127,67,60
"S00092162",107,33,74
"S00092163",154,91,63
"S00092164",58,30,28
"S00092165",130,58,72
"S00092166",56,30,26
"S00092167",83,59,24
"S00092168",105,63,42
"S00092169",67,37,30
"S00092170",100,59,41
"S00092171",76,49,27
"S00092172",109,55,54
"S00092173",128,79,49
"S00092174",131,66,65
"S00092175",119,50,69
"S00092176",122,57,65
"S00092177",101,65,36
"S00092178",80,42,38
"S00092179",134,75,59
"S00092180",122,85,37
"S00092181",58,40,18
"S00092182",107,74,33
"S00092183",116,59,57
"S00092184",138,93,45
"S00092185",129,101,28
"S00092186",60,26,34
"S00092187",136,55,81
"S00092188",51,39,12
"S00092189",74,52,22
"S00092190",146,91,55
"S00092191",136,53,83
"S00092192",71,54,17
"S00092193",129,69,60
"S00092194",151,60,91
"S00092195",132,54,78
"S00092196",111,86,25
"S00092197",121,72,49
"S00092198",112,59,53
"S00092199",58,32,26
"S00092200",46,18,28
"S00092201",88,30,58
"S00092202",144,65,79
"S00092203",128,46,82
"S00092204",118,35,83
"S00092205",94,32,62
"S00092206",95,54,41
"S00092207",143,55,88
"S00092208",58,18,40
"S00092209",149,59,90
"S00092210",100,43,57
"S00092211",85,34,51
"S00092212",74,33,41
"S00092213",116,53,63
"S00092214",127,69,58
"S00092215",80,52,28
"S00092216",110,45,65
"S00092217",82,48,34
"S00092218",117,51,66
"S00092219",83,52,31
"S00092220",61,42,19
"S00092221",89,32,57
"S00092222",95,58,37
"S00092223",96,39,57
"S00092224",61,20,41
"S00092225",96,65,31
"S00092226",150,60,90
"S00092227",118,52,66
"S00092228",129,66,63
"S00092229",92,43,49
"S00092230",87,31,56
"S00092231",103,47,56
"S00092232",66,38,28
"S00092233",106,24,82
"S00092234",57,17,40
"S00092235",92,24,68
"S00092236",93,37,56
"S00092237",94,43,51
"S00092238",70,24,46
"S00092239",164,62,102
"S00092240",106,36,70
"S00092241",82,49,33
"S00092242",105,35,70
"S00092243",46,15,31
"S00092244",57,33,24
"S00092245",98,27,71
"S00092246",98,22,76
"S00092247",66,28,38
"S00092248",84,24,60
"S00092249",74,37,37
"S00092250",69,23,46
"S00092251",56,26,30
"S00092252",135,51,84
"S00092253",126,61,65
"S00092254",68,47,21
"S00092255",101,48,53
"S00092256",150,62,88
"S00092257",58,54,4
"S00092258",123,65,58
"S00092259",101,53,48
"S00092260",90,31,59
"S00092261",83,33,50
"S00092262",131,42,89
"S00092263",81,37,44
"S00092264",77,33,44
"S00092265",100,29,71
"S00092266",126,58,68
"S00092267",107,33,74
"S00092268",111,55,56
"S00092269",67,53,14
"S00092270",50,24,26
"S00092271",100,58,42
"S00092272",96,51,45
"S00092273",59,27,32
"S00092274",158,56,102
"S00092275",84,33,51
"S00092276",59,15,44
"S00092277",100,33,67
"S00092278",84,66,18
"S00092279",60,34,26
"S00092280",80,34,46
"S00092281",69,43,26
"S00092282",57,30,27
"S00092283",148,50,98
"S00092284",81,41,40
"S00092285",63,19,44
"S00092286",77,27,50
"S00092287",46,18,28
"S00092288",75,29,46
"S00092289",109,27,82
"S00092290",62,18,44
"S00092291",94,37,57
"S00092292",72,44,28
"S00092293",60,28,32
"S00092294",47,43,4
"S00092295",85,61,24
"S00092296",71,30,41
"S00092297",85,53,32
"S00092298",103,31,72
"S00092299",58,11,47
"S00092300",85,38,47
"S00092301",52,20,32
"S00092302",92,32,60
"S00092303",75,24,51
"S00092304",93,43,50
"S00092305",94,41,53
"S00092306",80,40,40
"S00092307",124,58,66
"S00092308",48,42,6
"S00092309",54,26,28
"S00092310",60,27,33
"S00092311",100,41,59
"S00092312",103,31,72
"S00092313",104,56,48
"S00092314",95,56,39
"S00092315",49,27,22
"S00092316",91,23,68
"S00092317",112,36,76
"S00092318",134,75,59
"S00092319",93,31,62
"S00092320",43,23,20
"S00092321",67,29,38
"S00092322",82,37,45
"S00092323",126,63,63
"S00092324",125,39,86
"S00092325",65,27,38
"S00092326",89,35,54
"S00092327",88,34,54
"S00092328",57,14,43
"S00092329",139,99,40
"S00092330",115,39,76
"S00092331",124,36,88
"S00092332",157,60,97
"S00092333",138,38,100
"S00092334",114,56,58
"S00092335",122,38,84
"S00092336",110,28,82
"S00092337",89,29,60
"S00092338",103,34,69
"S00092339",90,27,63
"S00092340",122,42,80
"S00092341",154,51,103
"S00092342",117,48,69
"S00092343",86,39,47
"S00092344",150,66,84
"S00092345",117,28,89
"S00092346",123,33,90
"S00092347",152,64,88
"S00092348",108,36,72
"S00092349",99,26,73
"S00092350",104,35,69
"S00092351",82,44,38
"S00092352",77,29,48
"S00092353",141,69,72
"S00092354",78,28,50
"S00092355",56,25,31
"S00092356",136,68,68
"S00092357",75,34,41
"S00092358",96,27,69
"S00092359",70,38,32
"S00092360",103,37,66
"S00092361",92,43,49
"S00092362",125,48,77
"S00092363",114,49,65
"S00092364",67,23,44
"S00092365",104,33,71
"S00092366",132,48,84
"S00092367",117,41,76
"S00092368",103,35,68
"S00092369",102,23,79
"S00092370",135,49,86
"S00092371",105,51,54
"S00092372",105,37,68
"S00092373",68,40,28
"S00092374",96,32,64
"S00092375",166,62,104
"S00092376",90,32,58
"S00092377",65,19,46
"S00092378",86,40,46
"S00092379",70,29,41
"S00092380",48,18,30
"S00092381",57,22,35
"S00092382",76,32,44
"S00092383",149,75,74
"S00092384",139,55,84
"S00092385",120,50,70
"S00092386",98,40,58
"S00092387",148,55,93
"S00092388",77,25,52
"S00092389",164,59,105
"S00092390",92,40,52
"S00092391",52,22,30
"S00092392",130,56,74
"S00092393",83,33,50
"S00092394",149,41,108
"S00092395",96,31,65
"S00092396",100,42,58
"S00092397",135,50,85
"S00092398",154,63,91
"S00092399",122,39,83
"S00092400",148,46,102
"S00092401",119,55,64
"S00092402",123,43,80
"S00092403",119,33,86
"S00092404",69,43,26
"S00092405",80,58,22
"S00092406",104,29,75
"S00092407",159,61,98
"S00092408",116,41,75
"S00092409",103,29,74
"S00092410",129,51,78
"S00092411",60,22,38
"S00092412",88,32,56
"S00092413",95,27,68
"S00092414",73,22,51
"S00092415",96,27,69
"S00092416",89,40,49
"S00092417",71,37,34
"S00092418",106,34,72
"S00092419",62,28,34
"S00092420",100,28,72
"S00092421",52,18,34
"S00092422",78,28,50
"S00092423",117,47,70
"S00092424",53,17,36
"S00092425",132,62,70
"S00092426",110,50,60
"S00092427",115,56,59
"S00092428",76,44,32
"S00092429",81,33,48
"S00092430",86,42,44
"S00092431",113,46,67
"S00092432",98,51,47
"S00092433",99,47,52
"S00092434",168,59,109
"S00092435",59,19,40
"S00092436",136,62,74
"S00092437",132,40,92
"S00092438",58,40,18
"S00092439",108,44,64
"S00092440",58,41,17
"S00092441",183,59,124
"S00092442",112,55,57
"S00092443",82,44,38
"S00092444",82,31,51
"S00092445",47,28,19
"S00092446",98,42,56
"S00092447",67,19,48
"S00092448",129,50,79
"S00092449",74,26,48
"S00092450",129,33,96
"S00092451",111,63,48
"S00092452",92,42,50
"S00092453",99,55,44
"S00092454",69,43,26
"S00092455",105,41,64
"S00092456",81,41,40
"S00092457",74,31,43
"S00092458",152,53,99
"S00092459",155,77,78
"S00092460",78,44,34
"S00092461",53,19,34
"S00092462",127,81,46
"S00092463",66,26,40
"S00092464",111,69,42
"S00092465",73,52,21
"S00092466",138,84,54
"S00092467",128,48,80
"S00092468",70,24,46
"S00092469",58,30,28
"S00092470",129,82,47
"S00092471",186,114,72
"S00092472",59,43,16
"S00092473",79,31,48
"S00092474",133,45,88
"S00092475",116,79,37
"S00092476",76,38,38
"S00092477",114,34,80
"S00092478",66,20,46
"S00092479",122,44,78
"S00092480",85,36,49
"S00092481",82,37,45
"S00092482",80,28,52
"S00092483",150,66,84
"S00092484",87,29,58
"S00092485",112,48,64
"S00092486",53,29,24
"S00092487",143,55,88
"S00092488",64,28,36
"S00092489",105,36,69
"S00092490",94,36,58
"S00092491",103,41,62
"S00092492",73,19,54
"S00092493",135,48,87
"S00092494",116,35,81
"S00092495",100,36,64
"S00092496",115,44,71
"S00092497",81,47,34
"S00092498",92,29,63
"S00092499",83,26,57
"S00092500",101,42,59
"S00092501",100,45,55
"S00092502",105,41,64
"S00092503",122,48,74
"S00092504",108,37,71
"S00092505",86,46,40
"S00092506",118,33,85
"S00092507",122,37,85
"S00092508",133,39,94
"S00092509",91,27,64
"S00092510",103,46,57
"S00092511",121,55,66
"S00092512",139,57,82
"S00092513",192,111,81
"S00092514",107,49,58
"S00092515",44,22,22
"S00092516",97,46,51
"S00092517",106,33,73
"S00092518",95,27,68
"S00092519",143,43,100
"S00092520",101,32,69
"S00092521",100,36,64
"S00092522",144,62,82
"S00092523",56,23,33
"S00092524",154,55,99
"S00092525",53,13,40
"S00092526",79,27,52
"S00092527",81,37,44
"S00092528",123,52,71
"S00092529",125,55,70
"S00092530",91,36,55
"S00092531",81,21,60
"S00092532",111,37,74
"S00092533",96,38,58
"S00092534",133,37,96
"S00092535",62,26,36
"S00092536",83,27,56
"S00092537",54,21,33
"S00092538",151,52,99
"S00092539",70,24,46
"S00092540",107,33,74
"S00092541",100,51,49
"S00092542",87,31,56
"S00092543",167,52,115
"S00092544",78,26,52
"S00092545",95,40,55
"S00092546",54,23,31
"S00092547",101,38,63
"S00092548",61,33,28
"S00092549",104,41,63
"S00092550",171,46,125
"S00092551",146,40,106
"S00092552",149,62,87
"S00092553",112,24,88
"S00092554",133,33,100
"S00092555",116,38,78
"S00092556",83,54,29
"S00092557",139,47,92
"S00092558",148,44,104
"S00092559",123,36,87
"S00092560",113,78,35
"S00092561",72,34,38
"S00092562",147,67,80
"S00092563",124,49,75
"S00092564",66,26,40
"S00092565",126,57,69
"S00092566",85,55,30
"S00092567",103,28,75
"S00092568",92,50,42
"S00092569",137,57,80
"S00092570",113,61,52
"S00092571",81,38,43
"S00092572",65,27,38
"S00092573",147,46,101
"S00092574",116,46,70
"S00092575",129,46,83
"S00092576",78,22,56
"S00092577",88,38,50
"S00092578",86,24,62
"S00092579",87,37,50
"S00092580",116,43,73
"S00092581",116,41,75
"S00092582",56,25,31
"S00092583",157,90,67
"S00092584",56,12,44
"S00092585",140,50,90
"S00092586",128,39,89
"S00092587",110,44,66
"S00092588",114,41,73
"S00092589",121,46,75
"S00092590",81,32,49
"S00092591",74,26,48
"S00092592",139,56,83
"S00092593",90,34,56
"S00092594",102,36,66
"S00092595",85,27,58
"S00092596",223,118,105
"S00092597",88,35,53
"S00092598",93,51,42
"S00092599",98,54,44
"S00092600",96,48,48
"S00092601",78,34,44
"S00092602",96,28,68
"S00092603",118,32,86
"S00092604",139,62,77
"S00092605",84,34,50
"S00092606",86,28,58
"S00092607",80,39,41
"S00092608",81,37,44
"S00092609",146,67,79
"S00092610",168,58,110
"S00092611",109,51,58
"S00092612",142,42,100
"S00092613",63,43,20
"S00092614",69,42,27
"S00092615",66,34,32
"S00092616",126,41,85
"S00092617",81,51,30
"S00092618",126,77,49
"S00092619",131,44,87
"S00092620",143,87,56
"S00092621",163,65,98
"S00092622",64,48,16
"S00092623",80,58,22
"S00092624",108,32,76
"S00092625",138,37,101
"S00092626",73,33,40
"S00092627",88,40,48
"S00092628",44,10,34
"S00092629",165,62,103
"S00092630",56,33,23
"S00092631",149,60,89
"S00092632",91,46,45
"S00092633",79,51,28
"S00092634",93,60,33
"S00092635",140,58,82
"S00092636",112,42,70
"S00092637",111,38,73
"S00092638",94,21,73
"S00092639",88,20,68
"S00092640",120,35,85
"S00092641",121,46,75
"S00092642",150,53,97
"S00092643",51,15,36
"S00092644",88,48,40
"S00092645",66,40,26
"S00092646",90,20,70
"S00092647",155,44,111
"S00092648",116,41,75
"S00092649",123,70,53
"S00092650",160,48,112
"S00092651",100,28,72
"S00092652",57,19,38
"S00092653",114,53,61
"S00092654",110,36,74
"S00092655",117,41,76
"S00092656",83,34,49
"S00092657",151,75,76
"S00092658",66,25,41
"S00092659",156,62,94
"S00092660",91,36,55
"S00092661",94,45,49
"S00092662",70,36,34
"S00092663",82,40,42
"S00092664",122,24,98
"S00092665",55,19,36
"S00092666",118,72,46
"S00092667",81,24,57
"S00092668",82,35,47
"S00092669",118,53,65
"S00092670",70,31,39
"S00092671",93,49,44
"S00092672",115,58,57
"S00092673",52,37,15
"S00092674",113,24,89
"S00092675",144,61,83
"S00092676",72,20,52
"S00092677",81,31,50
"S00092678",102,39,63
"S00092679",72,37,35
"S00092680",153,66,87
"S00092681",66,40,26
"S00092682",89,52,37
"S00092683",128,47,81
"S00092684",69,19,50
"S00092685",77,37,40
"S00092686",109,55,54
"S00092687",137,50,87
"S00092688",69,30,39
"S00092689",189,61,128
"S00092690",177,55,122
"S00092691",103,35,68
"S00092692",52,32,20
"S00092693",94,46,48
"S00092694",122,74,48
"S00092695",52,26,26
"S00092696",98,26,72
"S00092697",105,29,76
"S00092698",118,52,66
"S00092699",116,43,73
"S00092700",80,17,63
"S00092701",108,36,72
"S00092702",89,31,58
"S00092703",139,61,78
"S00092704",116,33,83
"S00092705",94,54,40
"S00092706",127,63,64
"S00092707",59,44,15
"S00092708",88,34,54
"S00092709",78,42,36
"S00092710",113,42,71
"S00092711",99,28,71
"S00092712",97,33,64
"S00092713",98,40,58
"S00092714",55,15,40
"S00092715",85,57,28
"S00092716",92,34,58
"S00092717",173,46,127
"S00092718",100,55,45
"S00092719",74,44,30
"S00092720",130,76,54
"S00092721",71,23,48
"S00092722",64,24,40
"S00092723",134,82,52
"S00092724",126,74,52
"S00092725",57,39,18
"S00092726",93,43,50
"S00092727",84,25,59
"S00092728",93,57,36
"S00092729",116,65,51
"S00092730",86,56,30
"S00092731",105,45,60
"S00092732",108,53,55
"S00092733",130,47,83
"S00092734",125,49,76
"S00092735",48,25,23
"S00092736",56,38,18
"S00092737",91,56,35
"S00092738",107,76,31
"S00092739",73,54,19
"S00092740",46,28,18
"S00092741",85,47,38
"S00092742",83,59,24
"S00092743",69,29,40
"S00092744",112,44,68
"S00092745",146,68,78
"S00092746",55,25,30
"S00092747",103,50,53
"S00092748",127,51,76
"S00092749",110,58,52
"S00092750",93,45,48
"S00092751",94,38,56
"S00092752",131,57,74
"S00092753",101,40,61
"S00092754",72,26,46
"S00092755",47,13,34
"S00092756",138,57,81
"S00092757",150,73,77
"S00092758",64,44,20
"S00092759",82,54,28
"S00092760",119,45,74
"S00092761",56,34,22
"S00092762",74,44,30
"S00092763",104,28,76
"S00092764",99,49,50
"S00092765",166,63,103
"S00092766",76,34,42
"S00092767",112,40,72
"S00092768",116,37,79
"S00092769",123,53,70
"S00092770",60,26,34
"S00092771",139,59,80
"S00092772",110,55,55
"S00092773",58,20,38
"S00092774",99,51,48
"S00092775",71,35,36
"S00092776",123,72,51
"S00092777",80,40,40
"S00092778",103,39,64
"S00092779",127,55,72
"S00092780",84,34,50
"S00092781",116,53,63
"S00092782",90,26,64
"S00092783",88,34,54
"S00092784",104,39,65
"S00092785",141,44,97
"S00092786",99,38,61
"S00092787",108,51,57
"S00092788",135,82,53
"S00092789",137,85,52
"S00092790",155,60,95
"S00092791",75,43,32
"S00092792",112,53,59
"S00092793",115,77,38
"S00092794",90,34,56
"S00092795",67,33,34
"S00092796",73,31,42
"S00092797",118,42,76
"S00092798",77,49,28
"S00092799",99,59,40
"S00092800",126,72,54
"S00092801",43,17,26
"S00092802",85,50,35
"S00092803",51,22,29
"S00092804",202,104,98
"S00092805",62,19,43
"S00092806",97,45,52
"S00092807",133,42,91
"S00092808",105,36,69
"S00092809",90,51,39
"S00092810",125,49,76
"S00092811",76,41,35
"S00092812",102,40,62
"S00092813",113,55,58
"S00092814",137,69,68
"S00092815",117,47,70
"S00092816",135,51,84
"S00092817",73,28,45
"S00092818",120,57,63
"S00092819",74,35,39
"S00092820",104,40,64
"S00092821",64,34,30
"S00092822",53,21,32
"S00092823",160,82,78
"S00092824",126,52,74
"S00092825",75,33,42
"S00092826",73,35,38
"S00092827",52,33,19
"S00092828",67,33,34
"S00092829",89,43,46
"S00092830",156,56,100
"S00092831",92,41,51
"S00092832",90,48,42
"S00092833",56,26,30
"S00092834",66,38,28
"S00092835",101,46,55
"S00092836",71,36,35
"S00092837",112,26,86
"S00092838",106,39,67
"S00092839",60,31,29
"S00092840",77,47,30
"S00092841",106,46,60
"S00092842",85,39,46
"S00092843",71,33,38
"S00092844",109,41,68
"S00092845",82,36,46
"S00092846",85,45,40
"S00092847",68,30,38
"S00092848",85,61,24
"S00092849",107,49,58
"S00092850",49,11,38
"S00092851",129,44,85
"S00092852",132,48,84
"S00092853",105,48,57
"S00092854",51,21,30
"S00092855",75,29,46
"S00092856",83,42,41
"S00092857",94,39,55
"S00092858",144,83,61
"S00092859",53,23,30
"S00092860",77,27,50
"S00092861",88,36,52
"S00092862",66,24,42
"S00092863",77,37,40
"S00092864",111,55,56
"S00092865",100,44,56
"S00092866",38,14,24
"S00092867",89,39,50
"S00092868",100,47,53
"S00092869",80,48,32
"S00092870",54,40,14
"S00092871",106,36,70
"S00092872",68,32,36
"S00092873",110,69,41
"S00092874",110,58,52
"S00092875",156,62,94
"S00092876",56,44,12
"S00092877",132,70,62
"S00092878",104,38,66
"S00092879",83,35,48
"S00092880",104,49,55
"S00092881",105,59,46
"S00092882",88,44,44
"S00092883",101,59,42
"S00092884",45,18,27
"S00092885",125,59,66
"S00092886",89,42,47
"S00092887",117,71,46
"S00092888",50,25,25
"S00092889",70,32,38
"S00092890",61,29,32
"S00092891",131,62,69
"S00092892",120,48,72
"S00092893",105,45,60
"S00092894",97,21,76
"S00092895",83,19,64
"S00092896",118,69,49
"S00092897",79,29,50
"S00092898",93,47,46
"S00092899",46,24,22
"S00092900",86,32,54
"S00092901",188,62,126
"S00092902",95,28,67
"S00092903",164,58,106
"S00092904",166,85,81
"S00092905",123,73,50
"S00092906",94,48,46
"S00092907",127,84,43
"S00092908",59,39,20
"S00092909",78,41,37
"S00092910",110,54,56
"S00092911",99,36,63
"S00092912",104,40,64
"S00092913",74,36,38
"S00092914",76,31,45
"S00092915",122,34,88
"S00092916",126,67,59
"S00092917",129,71,58
"S00092918",98,54,44
"S00092919",118,62,56
"S00092920",80,32,48
"S00092921",140,47,93
"S00092922",77,41,36
"S00092923",86,33,53
"S00092924",102,70,32
"S00092925",129,79,50
"S00092926",55,15,40
"S00092927",116,56,60
"S00092928",107,48,59
"S00092929",54,30,24
"S00092930",117,41,76
"S00092931",119,51,68
"S00092932",124,72,52
"S00092933",114,56,58
"S00092934",117,46,71
"S00092935",92,45,47
"S00092936",67,49,18
"S00092937",95,56,39
"S00092938",106,83,23
"S00092939",131,67,64
"S00092940",93,18,75
"S00092941",138,65,73
"S00092942",106,54,52
"S00092943",60,44,16
"S00092944",110,26,84
"S00092945",90,38,52
"S00092946",85,51,34
"S00092947",153,79,74
"S00092948",130,35,95
"S00092949",65,19,46
"S00092950",96,73,23
"S00092951",124,83,41
"S00092952",120,52,68
"S00092953",59,34,25
"S00092954",91,55,36
"S00092955",76,44,32
"S00092956",108,42,66
"S00092957",74,19,55
"S00092958",126,38,88
"S00092959",66,24,42
"S00092960",129,29,100
"S00092961",90,30,60
"S00092962",98,34,64
"S00092963",99,23,76
"S00092964",85,23,62
"S00092965",152,52,100
"S00092966",98,26,72
"S00092967",79,29,50
"S00092968",95,19,76
"S00092969",75,29,46
"S00092970",48,22,26
"S00092971",166,56,110
"S00092972",128,78,50
"S00092973",124,57,67
"S00092974",79,35,44
"S00092975",104,40,64
"S00092976",110,38,72
"S00092977",88,29,59
"S00092978",95,33,62
"S00092979",64,31,33
"S00092980",133,63,70
"S00092981",58,25,33
"S00092982",88,34,54
"S00092983",152,54,98
"S00092984",131,60,71
"S00092985",125,45,80
"S00092986",115,36,79
"S00092987",102,24,78
"S00092988",106,26,80
"S00092989",163,66,97
"S00092990",112,32,80
"S00092991",152,61,91
"S00092992",135,73,62
"S00092993",86,26,60
"S00092994",124,47,77
"S00092995",74,27,47
"S00092996",79,31,48
"S00092997",82,41,41
"S00092998",120,51,69
"S00092999",131,55,76
"S00093000",80,30,50
"S00093001",119,48,71
"S00093002",144,50,94
"S00093003",80,26,54
"S00093004",163,72,91
"S00093005",132,44,88
"S00093006",137,38,99
"S00093007",123,47,76
"S00093008",113,49,64
"S00093009",43,21,22
"S00093010",86,43,43
"S00093011",82,33,49
"S00093012",91,46,45
"S00093013",118,38,80
"S00093014",75,29,46
"S00093015",57,21,36
"S00093016",92,31,61
"S00093017",116,42,74
"S00093018",90,35,55
"S00093019",126,49,77
"S00093020",68,31,37
"S00093021",83,35,48
"S00093022",85,33,52
"S00093023",88,26,62
"S00093024",57,17,40
"S00093025",93,41,52
"S00093026",102,42,60
"S00093027",92,48,44
"S00093028",92,42,50
"S00093029",140,62,78
"S00093030",86,26,60
"S00093031",74,33,41
"S00093032",120,38,82
"S00093033",202,141,61
"S00093034",81,33,48
"S00093035",86,34,52
"S00093036",71,35,36
"S00093037",74,36,38
"S00093038",53,28,25
"S00093039",140,50,90
"S00093040",111,51,60
"S00093041",49,17,32
"S00093042",146,44,102
"S00093043",111,49,62
"S00093044",59,27,32
"S00093045",144,72,72
"S00093046",132,58,74
"S00093047",108,41,67
"S00093048",63,25,38
"S00093049",66,30,36
"S00093050",65,33,32
"S00093051",63,34,29
"S00093052",68,25,43
"S00093053",94,35,59
"S00093054",73,26,47
"S00093055",88,35,53
"S00093056",44,12,32
"S00093057",73,29,44
"S00093058",123,38,85
"S00093059",117,47,70
"S00093060",98,46,52
"S00093061",75,45,30
"S00093062",111,45,66
"S00093063",99,43,56
"S00093064",128,42,86
"S00093065",170,63,107
"S00093066",97,34,63
"S00093067",52,24,28
"S00093068",104,34,70
"S00093069",62,27,35
"S00093070",115,30,85
"S00093071",87,35,52
"S00093072",91,55,36
"S00093073",103,45,58
"S00093074",96,40,56
"S00093075",80,30,50
"S00093076",125,57,68
"S00093077",143,91,52
"S00093078",69,27,42
"S00093079",57,19,38
"S00093080",118,47,71
"S00093081",121,39,82
"S00093082",122,47,75
"S00093083",162,70,92
"S00093084",82,32,50
"S00093085",100,42,58
"S00093086",40,16,24
"S00093087",97,34,63
"S00093088",146,75,71
"S00093089",109,40,69
"S00093090",77,34,43
"S00093091",84,46,38
"S00093092",127,45,82
"S00093093",94,37,57
"S00093094",90,42,48
"S00093095",123,45,78
"S00093096",50,23,27
"S00093097",51,21,30
"S00093098",65,20,45
"S00093099",126,41,85
"S00093100",117,27,90
"S00093101",143,45,98
"S00093102",143,41,102
"S00093103",119,42,77
"S00093104",97,53,44
"S00093105",153,58,95
"S00093106",96,41,55
"S00093107",105,44,61
"S00093108",81,29,52
"S00093109",97,42,55
"S00093110",83,41,42
"S00093111",90,34,56
"S00093112",72,24,48
"S00093113",64,14,50
"S00093114",116,34,82
"S00093115",81,37,44
"S00093116",141,40,101
"S00093117",126,37,89
"S00093118",115,57,58
"S00093119",109,49,60
"S00093120",92,36,56
"S00093121",102,42,60
"S00093122",77,45,32
"S00093123",97,50,47
"S00093124",79,43,36
"S00093125",88,24,64
"S00093126",100,40,60
"S00093127",91,25,66
"S00093128",109,41,68
"S00093129",144,46,98
"S00093130",97,48,49
"S00093131",97,39,58
"S00093132",67,45,22
"S00093133",103,37,66
"S00093134",120,41,79
"S00093135",121,45,76
"S00093136",81,18,63
"S00093137",82,12,70
"S00093138",98,30,68
"S00093139",96,31,65
"S00093140",117,39,78
"S00093141",98,42,56
"S00093142",136,50,86
"S00093143",101,44,57
"S00093144",87,38,49
"S00093145",148,66,82
"S00093146",125,42,83
"S00093147",96,39,57
"S00093148",64,28,36
"S00093149",100,27,73
"S00093150",77,21,56
"S00093151",94,58,36
"S00093152",61,42,19
"S00093153",99,31,68
"S00093154",99,45,54
"S00093155",85,35,50
"S00093156",135,48,87
"S00093157",97,55,42
"S00093158",109,58,51
"S00093159",77,55,22
"S00093160",83,69,14
"S00093161",115,43,72
"S00093162",128,53,75
"S00093163",93,35,58
"S00093164",120,53,67
"S00093165",84,36,48
"S00093166",116,61,55
"S00093167",104,50,54
"S00093168",71,28,43
"S00093169",71,43,28
"S00093170",65,41,24
"S00093171",73,49,24
"S00093172",116,48,68
"S00093173",87,27,60
"S00093174",127,46,81
"S00093175",74,20,54
"S00093176",92,28,64
"S00093177",77,40,37
"S00093178",122,50,72
"S00093179",100,48,52
"S00093180",147,83,64
"S00093181",124,50,74
"S00093182",163,59,104
"S00093183",95,19,76
"S00093184",145,50,95
"S00093185",82,32,50
"S00093186",131,62,69
"S00093187",124,34,90
"S00093188",81,33,48
"S00093189",90,36,54
"S00093190",128,60,68
"S00093191",77,40,37
"S00093192",89,25,64
"S00093193",104,44,60
"S00093194",120,49,71
"S00093195",84,28,56
"S00093196",124,34,90
"S00093197",70,32,38
"S00093198",128,44,84
"S00093199",134,46,88
"S00093200",53,23,30
"S00093201",98,36,62
"S00093202",91,53,38
"S00093203",66,36,30
"S00093204",102,42,60
"S00093205",81,48,33
"S00093206",73,37,36
"S00093207",83,45,38
"S00093208",85,43,42
"S00093209",80,19,61
"S00093210",123,48,75
"S00093211",83,41,42
"S00093212",74,33,41
"S00093213",66,43,23
"S00093214",75,59,16
"S00093215",80,47,33
"S00093216",70,43,27
"S00093217",59,37,22
"S00093218",102,58,44
"S00093219",87,44,43
"S00093220",74,41,33
"S00093221",64,38,26
"S00093222",85,56,29
"S00093223",102,45,57
"S00093224",116,48,68
"S00093225",91,34,57
"S00093226",110,67,43
"S00093227",81,30,51
"S00093228",84,46,38
"S00093229",131,69,62
"S00093230",117,67,50
"S00093231",77,36,41
"S00093232",68,40,28
"S00093233",92,51,41
"S00093234",80,49,31
"S00093235",79,41,38
"S00093236",127,58,69
"S00093237",120,62,58
"S00093238",85,46,39
"S00093239",105,69,36
"S00093240",73,29,44
"S00093241",72,57,15
"S00093242",72,34,38
"S00093243",87,47,40
"S00093244",95,65,30
"S00093245",78,50,28
"S00093246",107,46,61
"S00093247",107,50,57
"S00093248",68,32,36
"S00093249",97,31,66
"S00093250",105,36,69
"S00093251",153,47,106
"S00093252",91,37,54
"S00093253",84,50,34
"S00093254",97,60,37
"S00093255",71,53,18
"S00093256",79,57,22
"S00093257",96,72,24
"S00093258",76,51,25
"S00093259",92,64,28
"S00093260",82,52,30
"S00093261",52,38,14
"S00093262",87,72,15
"S00093263",56,34,22
"S00093264",75,52,23
"S00093265",102,90,12
"S00093266",80,54,26
"S00093267",63,35,28
"S00093268",81,50,31
"S00093269",65,31,34
"S00093270",90,65,25
"S00093271",46,39,7
"S00093272",83,56,27
"S00093273",87,52,35
"S00093274",99,65,34
"S00093275",68,46,22
"S00093276",97,73,24
"S00093277",62,36,26
"S00093278",54,34,20
"S00093279",100,58,42
"S00093280",63,44,19
"S00093281",102,81,21
"S00093282",84,52,32
"S00093283",93,66,27
"S00093284",79,61,18
"S00093285",92,71,21
"S00093286",74,51,23
"S00093287",83,61,22
"S00093288",67,52,15
"S00093289",73,22,51
"S00093290",109,45,64
"S00093291",71,40,31
"S00093292",86,58,28
"S00093293",71,55,16
"S00093294",66,52,14
"S00093295",108,81,27
"S00093296",69,49,20
"S00093297",80,51,29
"S00093298",143,69,74
"S00093299",130,81,49
"S00093300",104,55,49
"S00093301",75,33,42
"S00093302",99,73,26
"S00093303",128,79,49
"S00093304",50,40,10
"S00093305",64,56,8
"S00093306",116,89,27
"S00093307",119,53,66
"S00093308",106,36,70
"S00093309",86,33,53
"S00093310",125,39,86
"S00093311",99,38,61
"S00093312",89,41,48
"S00093313",96,79,17
"S00093314",103,36,67
"S00093315",101,31,70
"S00093316",95,43,52
"S00093317",78,22,56
"S00093318",81,32,49
"S00093319",77,20,57
"S00093320",87,55,32
"S00093321",71,43,28
"S00093322",104,40,64
"S00093323",113,69,44
"S00093324",94,71,23
"S00093325",81,35,46
"S00093326",91,43,48
"S00093327",92,43,49
"S00093328",108,55,53
"S00093329",98,55,43
"S00093330",85,47,38
"S00093331",73,45,28
"S00093332",139,56,83
"S00093333",105,37,68
"S00093334",206,57,149
"S00093335",112,85,27
"S00093336",98,78,20
"S00093337",69,34,35
"S00093338",72,34,38
"S00093339",129,48,81
"S00093340",70,44,26
"S00093341",53,33,20
"S00093342",110,74,36
"S00093343",64,22,42
"S00093344",114,41,73
"S00093345",88,28,60
"S00093346",78,28,50
"S00093347",54,28,26
"S00093348",69,25,44
"S00093349",137,71,66
"S00093350",100,68,32
"S00093351",93,61,32
"S00093352",62,41,21
"S00093353",112,74,38
"S00093354",80,58,22
"S00093355",119,70,49
"S00093356",70,44,26
"S00093357",90,57,33
"S00093358",90,64,26
"S00093359",81,46,35
"S00093360",84,48,36
"S00093361",90,60,30
"S00093362",117,67,50
"S00093363",85,55,30
"S00093364",54,40,14
"S00093365",80,26,54
"S00093366",119,82,37
"S00093367",48,28,20
"S00093368",88,45,43
"S00093369",58,40,18
"S00093370",103,73,30
"S00093371",71,47,24
"S00093372",101,65,36
"S00093373",46,24,22
"S00093374",149,39,110
"S00093375",123,54,69
"S00093376",160,57,103
"S00093377",155,61,94
"S00093378",77,31,46
"S00093379",49,43,6
"S00093380",85,53,32
"S00093381",96,40,56
"S00093382",74,63,11
"S00093383",64,39,25
"S00093384",87,51,36
"S00093385",98,66,32
"S00093386",87,35,52
"S00093387",65,19,46
"S00093388",116,61,55
"S00093389",82,29,53
"S00093390",79,28,51
"S00093391",140,46,94
"S00093392",134,71,63
"S00093393",85,53,32
"S00093394",89,39,50
"S00093395",109,55,54
"S00093396",79,47,32
"S00093397",134,62,72
"S00093398",92,26,66
"S00093399",87,59,28
"S00093400",70,48,22
"S00093401",50,34,16
"S00093402",98,55,43
"S00093403",131,65,66
"S00093404",106,55,51
"S00093405",126,61,65
"S00093406",97,61,36
"S00093407",72,52,20
"S00093408",47,37,10
"S00093409",92,57,35
"S00093410",128,82,46
"S00093411",63,41,22
"S00093412",76,51,25
"S00093413",59,43,16
"S00093414",61,33,28
"S00093415",92,57,35
"S00093416",85,48,37
"S00093417",46,33,13
"S00093418",44,26,18
"S00093419",78,52,26
"S00093420",150,84,66
"S00093421",106,60,46
"S00093422",95,61,34
"S00093423",93,37,56
"S00093424",104,57,47
"S00093425",96,44,52
"S00093426",118,54,64
"S00093427",130,72,58
"S00093428",108,54,54
"S00093429",100,46,54
"S00093430",113,58,55
"S00093431",140,41,99
"S00093432",59,29,30
"S00093433",125,43,82
"S00093434",97,39,58
"S00093435",86,28,58
"S00093436",112,34,78
"S00093437",40,24,16
"S00093438",80,37,43
"S00093439",108,65,43
"S00093440",101,60,41
"S00093441",58,38,20
"S00093442",91,48,43
"S00093443",112,50,62
"S00093444",82,44,38
"S00093445",120,38,82
"S00093446",60,18,42
"S00093447",88,29,59
"S00093448",58,22,36
"S00093449",164,52,112
"S00093450",58,28,30
"S00093451",131,52,79
"S00093452",148,92,56
"S00093453",118,71,47
"S00093454",106,64,42
"S00093455",143,97,46
"S00093456",99,68,31
"S00093457",58,45,13
"S00093458",134,84,50
"S00093459",137,71,66
"S00093460",121,73,48
"S00093461",102,55,47
"S00093462",79,55,24
"S00093463",93,66,27
"S00093464",56,26,30
"S00093465",76,44,32
"S00093466",129,89,40
"S00093467",98,66,32
"S00093468",60,33,27
"S00093469",107,71,36
"S00093470",85,50,35
"S00093471",160,52,108
"S00093472",61,35,26
"S00093473",74,37,37
"S00093474",159,93,66
"S00093475",111,61,50
"S00093476",77,53,24
"S00093477",74,42,32
"S00093478",56,36,20
"S00093479",48,25,23
"S00093480",57,23,34
"S00093481",112,51,61
"S00093482",64,37,27
"S00093483",111,54,57
"S00093484",85,34,51
"S00093485",85,46,39
"S00093486",72,38,34
"S00093487",65,47,18
"S00093488",91,65,26
"S00093489",115,73,42
"S00093490",93,48,45
"S00093491",120,41,79
"S00093492",113,61,52
"S00093493",107,67,40
"S00093494",109,61,48
"S00093495",98,48,50
"S00093496",66,33,33
"S00093497",88,68,20
"S00093498",79,55,24
"S00093499",114,82,32
"S00093500",123,79,44
"S00093501",72,37,35
"S00093502",95,44,51
"S00093503",150,44,106
"S00093504",98,34,64
"S00093505",108,34,74
"S00093506",82,35,47
"S00093507",121,85,36
"S00093508",86,26,60
"S00093509",177,99,78
"S00093510",75,37,38
"S00093511",79,50,29
"S00093512",66,47,19
"S00093513",73,47,26
"S00093514",46,32,14
"S00093515",75,47,28
"S00093516",66,52,14
"S00093517",72,50,22
"S00093518",81,54,27
"S00093519",49,37,12
"S00093520",109,64,45
"S00093521",87,33,54
"S00093522",76,36,40
"S00093523",88,50,38
"S00093524",99,35,64
"S00093525",82,43,39
"S00093526",111,50,61
"S00093527",117,53,64
"S00093528",90,41,49
"S00093529",119,58,61
"S00093530",101,46,55
"S00093531",91,39,52
"S00093532",81,43,38
"S00093533",121,61,60
"S00093534",94,72,22
"S00093535",72,53,19
"S00093536",74,60,14
"S00093537",66,28,38
"S00093538",150,85,65
"S00093539",61,26,35
"S00093540",97,32,65
"S00093541",107,59,48
"S00093542",54,40,14
"S00093543",87,49,38
"S00093544",88,40,48
"S00093545",124,63,61
"S00093546",84,44,40
"S00093547",134,53,81
"S00093548",84,56,28
"S00093549",101,37,64
"S00093550",104,35,69
"S00093551",93,25,68
"S00093552",130,52,78
"S00093553",114,59,55
"S00093554",105,43,62
"S00093555",59,17,42
"S00093556",88,37,51
"S00093557",68,32,36
"S00093558",94,45,49
"S00093559",84,42,42
"S00093560",112,64,48
"S00093561",73,31,42
"S00093562",142,75,67
"S00093563",116,85,31
"S00093564",90,58,32
"S00093565",94,53,41
"S00093566",70,43,27
"S00093567",121,71,50
"S00093568",77,49,28
"S00093569",104,55,49
"S00093570",90,34,56
"S00093571",87,39,48
"S00093572",108,84,24
"S00093573",74,56,18
"S00093574",75,50,25
"S00093575",105,56,49
"S00093576",68,22,46
"S00093577",85,26,59
"S00093578",55,27,28
"S00093579",71,34,37
"S00093580",111,65,46
"S00093581",71,43,28
"S00093582",92,73,19
"S00093583",56,44,12
"S00093584",45,28,17
"S00093585",69,54,15
"S00093586",87,67,20
"S00093587",99,74,25
"S00093588",85,70,15
"S00093589",65,41,24
"S00093590",81,57,24
"S00093591",111,80,31
"S00093592",86,45,41
"S00093593",65,48,17
"S00093594",123,85,38
"S00093595",105,66,39
"S00093596",91,78,13
"S00093597",103,47,56
"S00093598",104,77,27
"S00093599",94,59,35
"S00093600",59,41,18
"S00093601",68,40,28
"S00093602",92,54,38
"S00093603",60,36,24
"S00093604",71,39,32
"S00093605",84,54,30
"S00093606",60,37,23
"S00093607",88,59,29
"S00093608",173,82,91
"S00093609",72,26,46
"S00093610",91,57,34
"S00093611",119,69,50
"S00093612",90,32,58
"S00093613",101,60,41
"S00093614",95,62,33
"S00093615",92,70,22
"S00093616",89,66,23
"S00093617",70,47,23
"S00093618",81,58,23
"S00093619",73,45,28
"S00093620",93,37,56
"S00093621",108,51,57
"S00093622",70,59,11
"S00093623",77,43,34
"S00093624",63,51,12
"S00093625",75,39,36
"S00093626",97,49,48
"S00093627",75,61,14
"S00093628",56,44,12
"S00093629",68,40,28
"S00093630",129,59,70
"S00093631",75,33,42
"S00093632",138,65,73
"S00093633",135,63,72
"S00093634",107,66,41
"S00093635",84,45,39
"S00093636",115,55,60
"S00093637",83,56,27
"S00093638",106,55,51
"S00093639",93,43,50
"S00093640",89,57,32
"S00093641",85,48,37
"S00093642",87,56,31
"S00093643",70,22,48
"S00093644",95,65,30
"S00093645",122,45,77
"S00093646",52,36,16
"S00093647",97,54,43
"S00093648",109,33,76
"S00093649",139,32,107
"S00093650",116,35,81
"S00093651",124,66,58
"S00093652",93,35,58
"S00093653",73,25,48
"S00093654",115,60,55
"S00093655",111,60,51
"S00093656",84,54,30
"S00093657",109,55,54
"S00093658",69,63,6
"S00093659",60,22,38
"S00093660",73,49,24
"S00093661",87,27,60
"S00093662",71,25,46
"S00093663",163,58,105
"S00093664",76,45,31
"S00093665",108,28,80
"S00093666",99,31,68
"S00093667",56,38,18
"S00093668",60,46,14
"S00093669",74,56,18
"S00093670",112,66,46
"S00093671",103,46,57
"S00093672",100,68,32
"S00093673",126,82,44
"S00093674",77,50,27
"S00093675",83,59,24
"S00093676",97,54,43
"S00093677",102,58,44
"S00093678",126,58,68
"S00093679",67,48,19
"S00093680",103,42,61
"S00093681",128,48,80
"S00093682",106,64,42
"S00093683",85,34,51
"S00093684",108,54,54
"S00093685",104,49,55
"S00093686",78,26,52
"S00093687",87,42,45
"S00093688",59,39,20
"S00093689",78,50,28
"S00093690",122,48,74
"S00093691",164,83,81
"S00093692",113,44,69
"S00093693",74,46,28
"S00093694",109,50,59
"S00093695",76,47,29
"S00093696",126,54,72
"S00093697",91,55,36
"S00093698",99,68,31
"S00093699",93,57,36
"S00093700",97,63,34
"S00093701",55,21,34
"S00093702",70,40,30
"S00093703",74,48,26
"S00093704",48,31,17
"S00093705",142,77,65
"S00093706",81,56,25
"S00093707",50,35,15
"S00093708",81,64,17
"S00093709",55,41,14
"S00093710",116,83,33
"S00093711",74,37,37
"S00093712",70,50,20
"S00093713",94,48,46
"S00093714",132,68,64
"S00093715",104,53,51
"S00093716",110,50,60
"S00093717",75,46,29
"S00093718",98,60,38
"S00093719",45,23,22
"S00093720",65,29,36
"S00093721",85,31,54
"S00093722",122,46,76
"S00093723",80,29,51
"S00093724",62,24,38
"S00093725",104,50,54
"S00093726",94,43,51
"S00093727",96,51,45
"S00093728",144,63,81
"S00093729",106,22,84
"S00093730",78,39,39
"S00093731",87,40,47
"S00093732",73,35,38
"S00093733",77,44,33
"S00093734",77,41,36
"S00093735",74,26,48
"S00093736",105,54,51
"S00093737",84,32,52
"S00093738",50,23,27
"S00093739",102,49,53
"S00093740",118,51,67
"S00093741",145,54,91
"S00093742",123,65,58
"S00093743",58,14,44
"S00093744",108,47,61
"S00093745",88,31,57
"S00093746",52,18,34
"S00093747",143,83,60
"S00093748",107,56,51
"S00093749",52,19,33
"S00093750",46,24,22
"S00093751",66,24,42
"S00093752",87,54,33
"S00093753",120,47,73
"S00093754",75,20,55
"S00093755",99,52,47
"S00093756",109,22,87
"S00093757",123,47,76
"S00093758",215,114,101
"S00093759",86,22,64
"S00093760",152,46,106
"S00093761",98,31,67
"S00093762",94,38,56
"S00093763",149,82,67
"S00093764",87,33,54
"S00093765",118,36,82
"S00093766",68,33,35
"S00093767",84,48,36
"S00093768",91,23,68
"S00093769",145,53,92
"S00093770",147,49,98
"S00093771",121,35,86
"S00093772",97,52,45
"S00093773",46,10,36
"S00093774",119,29,90
"S00093775",91,72,19
"S00093776",52,19,33
"S00093777",70,26,44
"S00093778",69,33,36
"S00093779",80,44,36
"S00093780",76,33,43
"S00093781",52,28,24
"S00093782",102,42,60
"S00093783",98,49,49
"S00093784",91,50,41
"S00093785",83,46,37
"S00093786",97,48,49
"S00093787",153,60,93
"S00093788",94,30,64
"S00093789",80,42,38
"S00093790",107,43,64
"S00093791",61,45,16
"S00093792",81,47,34
"S00093793",91,47,44
"S00093794",128,40,88
"S00093795",75,25,50
"S00093796",77,39,38
"S00093797",58,8,50
"S00093798",50,19,31
"S00093799",61,25,36
"S00093800",95,36,59
"S00093801",81,25,56
"S00093802",92,40,52
"S00093803",83,35,48
"S00093804",135,56,79
"S00093805",67,43,24
"S00093806",89,50,39
"S00093807",84,33,51
"S00093808",60,38,22
"S00093809",55,40,15
"S00093810",56,20,36
"S00093811",98,54,44
"S00093812",71,42,29
"S00093813",59,42,17
"S00093814",94,42,52
"S00093815",71,25,46
"S00093816",151,51,100
"S00093817",73,29,44
"S00093818",114,71,43
"S00093819",85,55,30
"S00093820",127,47,80
"S00093821",75,21,54
"S00093822",214,79,135
"S00093823",107,68,39
"S00093824",54,38,16
"S00093825",77,29,48
"S00093826",155,51,104
"S00093827",74,35,39
"S00093828",103,41,62
"S00093829",74,46,28
"S00093830",62,40,22
"S00093831",96,38,58
"S00093832",81,29,52
"S00093833",126,47,79
"S00093834",90,32,58
"S00093835",82,34,48
"S00093836",94,31,63
"S00093837",49,14,35
"S00093838",64,16,48
"S00093839",149,55,94
"S00093840",103,52,51
"S00093841",60,20,40
"S00093842",118,46,72
"S00093843",47,17,30
"S00093844",106,42,64
"S00093845",141,48,93
"S00093846",55,17,38
"S00093847",89,53,36
"S00093848",125,42,83
"S00093849",91,31,60
"S00093850",106,44,62
"S00093851",131,28,103
"S00093852",125,41,84
"S00093853",83,37,46
"S00093854",86,40,46
"S00093855",111,40,71
"S00093856",57,23,34
"S00093857",65,23,42
"S00093858",122,33,89
"S00093859",159,60,99
"S00093860",49,21,28
"S00093861",114,42,72
"S00093862",103,37,66
"S00093863",55,23,32
"S00093864",143,58,85
"S00093865",134,43,91
"S00093866",89,20,69
"S00093867",68,28,40
"S00093868",150,41,109
"S00093869",66,22,44
"S00093870",111,35,76
"S00093871",117,38,79
"S00093872",101,30,71
"S00093873",115,46,69
"S00093874",72,45,27
"S00093875",95,57,38
"S00093876",107,20,87
"S00093877",116,43,73
"S00093878",81,37,44
"S00093879",83,25,58
"S00093880",107,41,66
"S00093881",55,15,40
"S00093882",43,14,29
"S00093883",159,73,86
"S00093884",60,22,38
"S00093885",147,60,87
"S00093886",133,66,67
"S00093887",104,38,66
"S00093888",119,67,52
"S00093889",86,33,53
"S00093890",49,28,21
"S00093891",98,51,47
"S00093892",78,35,43
"S00093893",67,52,15
"S00093894",102,85,17
"S00093895",81,73,8
"S00093896",65,38,27
"S00093897",100,74,26
"S00093898",206,98,108
"S00093899",116,70,46
"S00093900",70,40,30
"S00093901",100,40,60
"S00093902",50,42,8
"S00093903",180,129,51
"S00093904",125,27,98
"S00093905",114,58,56
"S00093906",69,33,36
"S00093907",67,39,28
"S00093908",76,34,42
"S00093909",116,40,76
"S00093910",135,67,68
"S00093911",65,31,34
"S00093912",114,45,69
"S00093913",97,26,71
"S00093914",50,36,14
"S00093915",92,35,57
"S00093916",63,37,26
"S00093917",111,72,39
"S00093918",61,46,15
"S00093919",113,39,74
"S00093920",112,44,68
"S00093921",109,44,65
"S00093922",98,65,33
"S00093923",45,31,14
"S00093924",132,74,58
"S00093925",66,56,10
"S00093926",68,42,26
"S00093927",62,42,20
"S00093928",51,14,37
"S00093929",98,76,22
"S00093930",92,41,51
"S00093931",70,50,20
"S00093932",80,49,31
"S00093933",98,45,53
"S00093934",114,65,49
"S00093935",137,87,50
"S00093936",65,23,42
"S00093937",65,41,24
"S00093938",66,24,42
"S00093939",95,70,25
"S00093940",76,44,32
"S00093941",147,55,92
"S00093942",86,21,65
"S00093943",81,17,64
"S00093944",88,33,55
"S00093945",48,23,25
"S00093946",58,32,26
"S00093947",120,77,43
"S00093948",107,75,32
"S00093949",62,42,20
"S00093950",88,54,34
"S00093951",75,43,32
"S00093952",145,98,47
"S00093953",66,45,21
"S00093954",66,41,25
"S00093955",112,72,40
"S00093956",116,36,80
"S00093957",96,54,42
"S00093958",54,40,14
"S00093959",97,70,27
"S00093960",46,25,21
"S00093961",112,52,60
"S00093962",107,71,36
"S00093963",131,75,56
"S00093964",54,19,35
"S00093965",151,55,96
"S00093966",76,24,52
"S00093967",78,24,54
"S00093968",177,94,83
"S00093969",99,42,57
"S00093970",111,36,75
"S00093971",78,52,26
"S00093972",153,57,96
"S00093973",111,48,63
"S00093974",113,46,67
"S00093975",50,19,31
"S00093976",66,22,44
"S00093977",89,27,62
"S00093978",113,34,79
"S00093979",118,34,84
"S00093980",65,35,30
"S00093981",115,35,80
"S00093982",87,40,47
"S00093983",124,73,51
"S00093984",108,47,61
"S00093985",208,86,122
"S00093986",109,41,68
"S00093987",103,36,67
"S00093988",127,45,82
"S00093989",71,30,41
"S00093990",62,24,38
"S00093991",165,65,100
"S00093992",80,27,53
"S00093993",85,25,60
"S00093994",98,32,66
"S00093995",46,28,18
"S00093996",86,39,47
"S00093997",62,21,41
"S00093998",112,32,80
"S00093999",97,38,59
"S00094000",67,38,29
"S00094001",50,14,36
"S00094002",47,28,19
"S00094003",47,27,20
"S00094004",80,35,45
"S00094005",92,37,55
"S00094006",112,50,62
"S00094007",111,49,62
"S00094008",154,48,106
"S00094009",57,26,31
"S00094010",45,17,28
"S00094011",126,60,66
"S00094012",82,33,49
"S00094013",129,73,56
"S00094014",142,58,84
"S00094015",112,61,51
"S00094016",99,54,45
"S00094017",56,21,35
"S00094018",140,55,85
"S00094019",50,20,30
"S00094020",121,45,76
"S00094021",71,31,40
"S00094022",114,52,62
"S00094023",74,20,54
"S00094024",70,20,50
"S00094025",110,49,61
"S00094026",75,31,44
"S00094027",135,54,81
"S00094028",49,19,30
"S00094029",93,39,54
"S00094030",118,69,49
"S00094031",106,50,56
"S00094032",85,36,49
"S00094033",100,48,52
"S00094034",96,60,36
"S00094035",77,25,52
"S00094036",55,27,28
"S00094037",94,24,70
"S00094038",102,48,54
"S00094039",78,26,52
"S00094040",67,36,31
"S00094041",92,32,60
"S00094042",81,30,51
"S00094043",70,33,37
"S00094044",138,48,90
"S00094045",90,34,56
"S00094046",151,51,100
"S00094047",56,24,32
"S00094048",93,43,50
"S00094049",114,51,63
"S00094050",107,42,65
"S00094051",99,43,56
"S00094052",120,39,81
"S00094053",171,72,99
"S00094054",65,33,32
"S00094055",83,27,56
"S00094056",121,37,84
"S00094057",57,22,35
"S00094058",94,31,63
"S00094059",110,37,73
"S00094060",145,49,96
"S00094061",157,73,84
"S00094062",80,34,46
"S00094063",85,43,42
"S00094064",75,57,18
"S00094065",90,40,50
"S00094066",85,41,44
"S00094067",75,42,33
"S00094068",77,45,32
"S00094069",69,29,40
"S00094070",141,64,77
"S00094071",99,50,49
"S00094072",67,23,44
"S00094073",99,38,61
"S00094074",54,16,38
"S00094075",81,33,48
"S00094076",94,33,61
"S00094077",101,39,62
"S00094078",140,51,89
"S00094079",74,48,26
"S00094080",77,24,53
"S00094081",85,47,38
"S00094082",133,60,73
"S00094083",88,40,48
"S00094084",68,36,32
"S00094085",113,47,66
"S00094086",104,47,57
"S00094087",70,24,46
"S00094088",107,49,58
"S00094089",87,41,46
"S00094090",151,53,98
"S00094091",101,53,48
"S00094092",128,59,69
"S00094093",79,27,52
"S00094094",84,20,64
"S00094095",117,48,69
"S00094096",110,49,61
"S00094097",103,30,73
"S00094098",52,15,37
"S00094099",100,42,58
"S00094100",126,72,54
"S00094101",122,37,85
"S00094102",88,34,54
"S00094103",54,18,36
"S00094104",58,23,35
"S00094105",109,49,60
"S00094106",43,23,20
"S00094107",62,42,20
"S00094108",80,29,51
"S00094109",84,34,50
"S00094110",76,34,42
"S00094111",77,36,41
"S00094112",119,65,54
"S00094113",54,32,22
"S00094114",115,50,65
"S00094115",76,16,60
"S00094116",87,33,54
"S00094117",90,43,47
"S00094118",73,46,27
"S00094119",105,52,53
"S00094120",65,29,36
"S00094121",85,31,54
"S00094122",104,40,64
"S00094123",153,100,53
"S00094124",53,23,30
"S00094125",37,17,20
"S00094126",44,27,17
"S00094127",51,24,27
"S00094128",84,34,50
"S00094129",112,51,61
"S00094130",104,73,31
"S00094131",67,32,35
"S00094132",77,42,35
"S00094133",73,37,36
"S00094134",61,18,43
"S00094135",114,53,61
"S00094136",119,33,86
"S00094137",65,23,42
"S00094138",108,44,64
"S00094139",46,16,30
"S00094140",92,42,50
"S00094141",61,29,32
"S00094142",95,51,44
"S00094143",72,34,38
"S00094144",95,36,59
"S00094145",85,35,50
"S00094146",64,25,39
"S00094147",101,49,52
"S00094148",126,45,81
"S00094149",51,27,24
"S00094150",47,14,33
"S00094151",74,34,40
"S00094152",103,51,52
"S00094153",49,21,28
"S00094154",103,42,61
"S00094155",108,28,80
"S00094156",110,54,56
"S00094157",154,68,86
"S00094158",129,67,62
"S00094159",61,42,19
"S00094160",64,37,27
"S00094161",58,42,16
"S00094162",90,32,58
"S00094163",133,48,85
"S00094164",97,76,21
"S00094165",83,67,16
"S00094166",110,62,48
"S00094167",88,54,34
"S00094168",106,66,40
"S00094169",47,33,14
"S00094170",83,46,37
"S00094171",67,45,22
"S00094172",121,75,46
"S00094173",53,31,22
"S00094174",87,71,16
"S00094175",111,77,34
"S00094176",120,51,69
"S00094177",143,61,82
"S00094178",90,48,42
"S00094179",69,30,39
"S00094180",132,83,49
"S00094181",70,32,38
"S00094182",84,56,28
"S00094183",71,37,34
"S00094184",82,48,34
"S00094185",79,52,27
"S00094186",83,39,44
"S00094187",65,56,9
"S00094188",49,45,4
"S00094189",84,45,39
"S00094190",41,17,24
"S00094191",64,27,37
"S00094192",86,40,46
"S00094193",137,68,69
"S00094194",132,82,50
"S00094195",83,54,29
"S00094196",95,75,20
"S00094197",72,46,26
"S00094198",98,58,40
"S00094199",68,41,27
"S00094200",150,85,65
"S00094201",86,43,43
"S00094202",125,74,51
"S00094203",53,44,9
"S00094204",82,42,40
"S00094205",95,60,35
"S00094206",88,56,32
"S00094207",110,56,54
"S00094208",63,33,30
"S00094209",108,43,65
"S00094210",106,42,64
"S00094211",55,39,16
"S00094212",71,45,26
"S00094213",51,35,16
"S00094214",111,63,48
"S00094215",60,40,20
"S00094216",120,82,38
"S00094217",75,24,51
"S00094218",90,49,41
"S00094219",89,30,59
"S00094220",90,30,60
"S00094221",110,42,68
"S00094222",95,34,61
"S00094223",112,62,50
"S00094224",72,26,46
"S00094225",116,78,38
"S00094226",85,57,28
"S00094227",56,40,16
"S00094228",91,72,19
"S00094229",73,52,21
"S00094230",72,54,18
"S00094231",74,53,21
"S00094232",51,44,7
"S00094233",48,38,10
"S00094234",143,90,53
"S00094235",101,47,54
"S00094236",109,69,40
"S00094237",122,41,81
"S00094238",72,34,38
"S00094239",108,43,65
"S00094240",92,56,36
"S00094241",71,26,45
"S00094242",93,33,60
"S00094243",53,25,28
"S00094244",80,33,47
"S00094245",66,41,25
"S00094246",87,63,24
"S00094247",132,61,71
"S00094248",84,47,37
"S00094249",94,56,38
"S00094250",91,34,57
"S00094251",75,43,32
"S00094252",99,75,24
"S00094253",70,27,43
"S00094254",88,42,46
"S00094255",99,53,46
"S00094256",82,42,40
"S00094257",118,41,77
"S00094258",97,45,52
"S00094259",121,72,49
"S00094260",77,17,60
"S00094261",52,16,36
"S00094262",220,121,99
"S00094263",81,33,48
"S00094264",66,30,36
"S00094265",95,43,52
"S00094266",129,51,78
"S00094267",84,48,36
"S00094268",75,44,31
"S00094269",85,53,32
"S00094270",78,55,23
"S00094271",69,61,8
"S00094272",70,34,36
"S00094273",59,53,6
"S00094274",63,43,20
"S00094275",75,57,18
"S00094276",58,31,27
"S00094277",60,39,21
"S00094278",100,65,35
"S00094279",127,56,71
"S00094280",107,49,58
"S00094281",111,65,46
"S00094282",89,60,29
"S00094283",78,50,28
"S00094284",97,53,44
"S00094285",98,69,29
"S00094286",107,49,58
"S00094287",87,38,49
"S00094288",91,63,28
"S00094289",65,40,25
"S00094290",90,38,52
"S00094291",46,26,20
"S00094292",76,53,23
"S00094293",76,35,41
"S00094294",72,44,28
"S00094295",140,64,76
"S00094296",78,43,35
"S00094297",72,39,33
"S00094298",71,24,47
"S00094299",138,43,95
"S00094300",83,32,51
"S00094301",130,69,61
"S00094302",75,63,12
"S00094303",96,56,40
"S00094304",75,43,32
"S00094305",58,45,13
"S00094306",54,44,10
"S00094307",70,39,31
"S00094308",122,60,62
"S00094309",99,42,57
"S00094310",71,33,38
"S00094311",78,34,44
"S00094312",73,54,19
"S00094313",65,41,24
"S00094314",87,47,40
"S00094315",94,78,16
"S00094316",82,46,36
"S00094317",63,54,9
"S00094318",88,54,34
"S00094319",67,31,36
"S00094320",127,85,42
"S00094321",76,50,26
"S00094322",68,44,24
"S00094323",126,48,78
"S00094324",75,31,44
"S00094325",89,51,38
"S00094326",55,16,39
"S00094327",99,45,54
"S00094328",145,71,74
"S00094329",160,88,72
"S00094330",56,40,16
"S00094331",104,76,28
"S00094332",83,50,33
"S00094333",139,58,81
"S00094334",115,55,60
"S00094335",143,29,114
"S00094336",54,33,21
"S00094337",111,47,64
"S00094338",74,39,35
"S00094339",72,44,28
"S00094340",84,30,54
"S00094341",92,24,68
"S00094342",137,38,99
"S00094343",85,27,58
"S00094344",81,33,48
"S00094345",100,55,45
"S00094346",88,44,44
"S00094347",105,44,61
"S00094348",69,33,36
"S00094349",80,26,54
"S00094350",86,32,54
"S00094351",100,28,72
"S00094352",84,43,41
"S00094353",96,48,48
"S00094354",75,40,35
"S00094355",56,27,29
"S00094356",82,49,33
"S00094357",132,41,91
"S00094358",62,22,40
"S00094359",128,56,72
"S00094360",126,49,77
"S00094361",112,34,78
"S00094362",91,9,82
"S00094363",75,17,58
"S00094364",97,34,63
"S00094365",89,31,58
"S00094366",87,23,64
"S00094367",147,61,86
"S00094368",85,28,57
"S00094369",63,27,36
"S00094370",61,35,26
"S00094371",84,39,45
"S00094372",59,40,19
"S00094373",96,51,45
"S00094374",106,72,34
"S00094375",98,60,38
"S00094376",88,28,60
"S00094377",97,46,51
"S00094378",117,43,74
"S00094379",90,57,33
"S00094380",54,48,6
"S00094381",66,52,14
"S00094382",80,36,44
"S00094383",61,49,12
"S00094384",62,54,8
"S00094385",54,38,16
"S00094386",112,78,34
"S00094387",119,91,28
"S00094388",99,73,26
"S00094389",74,48,26
"S00094390",95,49,46
"S00094391",99,43,56
"S00094392",81,42,39
"S00094393",106,20,86
"S00094394",101,35,66
"S00094395",131,51,80
"S00094396",51,13,38
"S00094397",76,20,56
"S00094398",90,69,21
"S00094399",57,26,31
"S00094400",81,49,32
"S00094401",73,57,16
"S00094402",75,45,30
"S00094403",98,72,26
"S00094404",91,62,29
"S00094405",77,52,25
"S00094406",113,83,30
"S00094407",70,52,18
"S00094408",60,43,17
"S00094409",49,33,16
"S00094410",57,48,9
"S00094411",80,65,15
"S00094412",84,57,27
"S00094413",68,28,40
"S00094414",80,56,24
"S00094415",85,70,15
"S00094416",109,80,29
"S00094417",61,41,20
"S00094418",92,34,58
"S00094419",96,59,37
"S00094420",83,38,45
"S00094421",96,41,55
"S00094422",111,65,46
"S00094423",125,40,85
"S00094424",88,16,72
"S00094425",84,34,50
"S00094426",93,62,31
"S00094427",88,54,34
"S00094428",80,46,34
"S00094429",49,31,18
"S00094430",87,37,50
"S00094431",56,22,34
"S00094432",89,29,60
"S00094433",96,42,54
"S00094434",130,48,82
"S00094435",116,54,62
"S00094436",71,24,47
"S00094437",109,53,56
"S00094438",42,12,30
"S00094439",66,8,58
"S00094440",103,70,33
"S00094441",115,83,32
"S00094442",118,42,76
"S00094443",108,36,72
"S00094444",167,50,117
"S00094445",100,26,74
"S00094446",102,30,72
"S00094447",148,66,82
"S00094448",93,33,60
"S00094449",90,18,72
"S00094450",90,27,63
"S00094451",161,42,119
"S00094452",77,33,44
"S00094453",61,19,42
"S00094454",121,37,84
"S00094455",120,38,82
"S00094456",143,58,85
"S00094457",152,67,85
"S00094458",167,74,93
"S00094459",57,32,25
"S00094460",121,29,92
"S00094461",95,23,72
"S00094462",126,49,77
"S00094463",94,29,65
"S00094464",163,40,123
"S00094465",113,37,76
"S00094466",90,56,34
"S00094467",106,35,71
"S00094468",93,43,50
"S00094469",109,61,48
"S00094470",43,12,31
"S00094471",43,4,39
"S00094472",97,57,40
"S00094473",92,33,59
"S00094474",95,62,33
"S00094475",70,46,24
"S00094476",70,41,29
"S00094477",43,25,18
"S00094478",127,75,52
"S00094479",133,65,68
"S00094480",65,19,46
"S00094481",98,58,40
"S00094482",147,71,76
"S00094483",99,58,41
"S00094484",125,56,69
"S00094485",79,52,27
"S00094486",130,69,61
"S00094487",120,40,80
"S00094488",107,39,68
"S00094489",114,64,50
"S00094490",73,37,36
"S00094491",51,35,16
"S00094492",106,72,34
"S00094493",68,40,28
"S00094494",90,68,22
"S00094495",104,47,57
"S00094496",123,51,72
"S00094497",88,61,27
"S00094498",88,59,29
"S00094499",98,60,38
"S00094500",107,54,53
"S00094501",107,65,42
"S00094502",52,32,20
"S00094503",139,62,77
"S00094504",111,49,62
"S00094505",96,48,48
"S00094506",75,49,26
"S00094507",98,46,52
"S00094508",123,39,84
"S00094509",107,53,54
"S00094510",105,49,56
"S00094511",46,28,18
"S00094512",112,39,73
"S00094513",111,80,31
"S00094514",115,36,79
"S00094515",74,58,16
"S00094516",115,101,14
"S00094517",78,51,27
"S00094518",62,52,10
"S00094519",84,50,34
"S00094520",132,84,48
"S00094521",64,49,15
"S00094522",97,85,12
"S00094523",82,62,20
"S00094524",107,57,50
"S00094525",77,33,44
"S00094526",74,42,32
"S00094527",55,41,14
"S00094528",121,86,35
"S00094529",99,50,49
"S00094530",105,43,62
"S00094531",77,45,32
"S00094532",105,77,28
"S00094533",97,66,31
"S00094534",104,50,54
"S00094535",113,44,69
"S00094536",108,71,37
"S00094537",124,78,46
"S00094538",121,62,59
"S00094539",98,58,40
"S00094540",99,53,46
"S00094541",93,67,26
"S00094542",86,58,28
"S00094543",71,49,22
"S00094544",109,68,41
"S00094545",97,74,23
"S00094546",70,50,20
"S00094547",103,55,48
"S00094548",63,43,20
"S00094549",110,63,47
"S00094550",44,22,22
"S00094551",85,57,28
"S00094552",136,68,68
"S00094553",102,39,63
"S00094554",111,53,58
"S00094555",99,55,44
"S00094556",127,82,45
"S00094557",47,35,12
"S00094558",102,60,42
"S00094559",102,54,48
"S00094560",105,59,46
"S00094561",115,36,79
"S00094562",54,24,30
"S00094563",49,35,14
"S00094564",86,46,40
"S00094565",73,34,39
"S00094566",59,22,37
"S00094567",94,51,43
"S00094568",101,49,52
"S00094569",132,53,79
"S00094570",115,73,42
"S00094571",86,48,38
"S00094572",161,76,85
"S00094573",58,25,33
"S00094574",109,58,51
"S00094575",78,31,47
"S00094576",46,24,22
"S00094577",87,47,40
"S00094578",90,41,49
"S00094579",54,15,39
"S00094580",112,55,57
"S00094581",153,38,115
"S00094582",74,31,43
"S00094583",95,35,60
"S00094584",93,38,55
"S00094585",115,56,59
"S00094586",107,32,75
"S00094587",96,40,56
"S00094588",71,28,43
"S00094589",69,34,35
"S00094590",81,40,41
"S00094591",121,58,63
"S00094592",83,41,42
"S00094593",80,34,46
"S00094594",120,67,53
"S00094595",98,37,61
"S00094596",83,39,44
"S00094597",70,35,35
"S00094598",107,33,74
"S00094599",1014,928,86
"S00094600",93,35,58
"S00094601",101,23,78
"S00094602",106,35,71
"S00094603",132,48,84
"S00094604",64,21,43
"S00094605",79,38,41
"S00094606",129,67,62
"S00094607",59,41,18
"S00094608",116,62,54
"S00094609",58,36,22
"S00094610",96,48,48
"S00094611",79,33,46
"S00094612",74,30,44
"S00094613",52,46,6
"S00094614",69,25,44
"S00094615",114,58,56
"S00094616",55,27,28
"S00094617",45,19,26
"S00094618",105,32,73
"S00094619",96,59,37
"S00094620",82,41,41
"S00094621",50,23,27
"S00094622",76,58,18
"S00094623",48,18,30
"S00094624",105,36,69
"S00094625",67,23,44
"S00094626",97,55,42
"S00094627",78,31,47
"S00094628",60,30,30
"S00094629",85,65,20
"S00094630",62,46,16
"S00094631",51,16,35
"S00094632",51,26,25
"S00094633",60,18,42
"S00094634",50,36,14
"S00094635",60,32,28
"S00094636",98,33,65
"S00094637",101,37,64
"S00094638",120,48,72
"S00094639",49,31,18
"S00094640",60,50,10
"S00094641",89,21,68
"S00094642",68,16,52
"S00094643",102,29,73
"S00094644",84,12,72
"S00094645",93,49,44
"S00094646",59,21,38
"S00094647",113,38,75
"S00094648",97,37,60
"S00094649",59,13,46
"S00094650",71,17,54
"S00094651",104,47,57
"S00094652",94,52,42
"S00094653",60,32,28
"S00094654",66,22,44
"S00094655",100,40,60
"S00094656",42,8,34
"S00094657",62,40,22
"S00094658",86,60,26
"S00094659",69,49,20
"S00094660",68,30,38
"S00094661",66,22,44
"S00094662",59,23,36
"S00094663",95,45,50
"S00094664",139,49,90
"S00094665",89,58,31
"S00094666",54,28,26
"S00094667",110,50,60
"S00094668",58,23,35
"S00094669",132,56,76
"S00094670",64,44,20
"S00094671",79,34,45
"S00094672",80,30,50
"S00094673",84,28,56
"S00094674",118,53,65
"S00094675",98,49,49
"S00094676",63,23,40
"S00094677",57,31,26
"S00094678",52,34,18
"S00094679",109,51,58
"S00094680",46,30,16
"S00094681",113,71,42
"S00094682",104,66,38
"S00094683",139,54,85
"S00094684",71,38,33
"S00094685",103,35,68
"S00094686",98,48,50
"S00094687",100,62,38
"S00094688",110,37,73
"S00094689",56,16,40
"S00094690",64,17,47
"S00094691",95,43,52
"S00094692",52,28,24
"S00094693",75,47,28
"S00094694",95,48,47
"S00094695",112,40,72
"S00094696",76,32,44
"S00094697",49,22,27
"S00094698",57,26,31
"S00094699",60,28,32
"S00094700",77,39,38
"S00094701",68,28,40
"S00094702",105,43,62
"S00094703",85,43,42
"S00094704",71,27,44
"S00094705",58,27,31
"S00094706",160,61,99
"S00094707",76,28,48
"S00094708",61,22,39
"S00094709",68,34,34
"S00094710",102,56,46
"S00094711",117,52,65
"S00094712",86,24,62
"S00094713",111,65,46
"S00094714",107,40,67
"S00094715",142,83,59
"S00094716",135,71,64
"S00094717",128,43,85
"S00094718",94,51,43
"S00094719",125,44,81
"S00094720",48,24,24
"S00094721",56,36,20
"S00094722",111,41,70
"S00094723",151,78,73
"S00094724",114,43,71
"S00094725",76,34,42
"S00094726",98,49,49
"S00094727",93,34,59
"S00094728",128,72,56
"S00094729",74,43,31
"S00094730",94,44,50
"S00094731",103,38,65
"S00094732",86,32,54
"S00094733",49,23,26
"S00094734",123,59,64
"S00094735",128,95,33
"S00094736",109,64,45
"S00094737",106,73,33
"S00094738",42,26,16
"S00094739",122,64,58
"S00094740",68,41,27
"S00094741",39,32,7
"S00094742",84,52,32
"S00094743",83,67,16
"S00094744",70,49,21
"S00094745",73,70,3
"S00094746",74,34,40
"S00094747",56,38,18
"S00094748",75,54,21
"S00094749",84,36,48
"S00094750",62,40,22
"S00094751",68,48,20
"S00094752",66,27,39
"S00094753",103,54,49
"S00094754",102,29,73
"S00094755",81,32,49
"S00094756",44,14,30
"S00094757",104,42,62
"S00094758",117,43,74
"S00094759",99,36,63
"S00094760",67,31,36
"S00094761",73,47,26
"S00094762",75,33,42
"S00094763",110,73,37
"S00094764",76,44,32
"S00094765",51,24,27
"S00094766",132,65,67
"S00094767",106,40,66
"S00094768",71,40,31
"S00094769",112,58,54
"S00094770",109,69,40
"S00094771",56,24,32
"S00094772",74,39,35
"S00094773",91,29,62
"S00094774",92,70,22
"S00094775",99,43,56
"S00094776",133,84,49
"S00094777",54,34,20
"S00094778",94,74,20
"S00094779",61,51,10
"S00094780",98,58,40
"S00094781",53,23,30
"S00094782",70,52,18
"S00094783",121,102,19
"S00094784",135,86,49
"S00094785",70,44,26
"S00094786",146,48,98
"S00094787",111,45,66
"S00094788",139,63,76
"S00094789",54,36,18
"S00094790",82,46,36
"S00094791",92,55,37
"S00094792",155,55,100
"S00094793",133,77,56
"S00094794",119,78,41
"S00094795",75,62,13
"S00094796",104,62,42
"S00094797",66,46,20
"S00094798",78,26,52
"S00094799",76,28,48
"S00094800",86,42,44
"S00094801",48,20,28
"S00094802",90,42,48
"S00094803",88,26,62
"S00094804",90,30,60
"S00094805",63,25,38
"S00094806",91,45,46
"S00094807",124,68,56
"S00094808",146,50,96
"S00094809",86,28,58
"S00094810",89,39,50
"S00094811",108,41,67
"S00094812",76,31,45
"S00094813",79,24,55
"S00094814",143,55,88
"S00094815",100,47,53
"S00094816",68,34,34
"S00094817",74,25,49
"S00094818",84,34,50
"S00094819",51,20,31
"S00094820",78,28,50
"S00094821",109,48,61
"S00094822",135,49,86
"S00094823",81,33,48
"S00094824",67,40,27
"S00094825",104,30,74
"S00094826",46,15,31
"S00094827",111,42,69
"S00094828",85,50,35
"S00094829",126,40,86
"S00094830",57,14,43
"S00094831",127,59,68
"S00094832",137,55,82
"S00094833",106,38,68
"S00094834",57,20,37
"S00094835",96,46,50
"S00094836",135,61,74
"S00094837",88,45,43
"S00094838",92,39,53
"S00094839",43,18,25
"S00094840",99,46,53
"S00094841",83,25,58
"S00094842",145,64,81
"S00094843",108,55,53
"S00094844",112,30,82
"S00094845",111,36,75
"S00094846",137,57,80
"S00094847",118,46,72
"S00094848",82,34,48
"S00094849",127,56,71
"S00094850",141,74,67
"S00094851",76,32,44
"S00094852",85,30,55
"S00094853",59,35,24
"S00094854",93,35,58
"S00094855",122,59,63
"S00094856",97,43,54
"S00094857",60,24,36
"S00094858",114,50,64
"S00094859",88,36,52
"S00094860",91,49,42
"S00094861",83,36,47
"S00094862",81,30,51
"S00094863",154,61,93
"S00094864",74,31,43
"S00094865",121,39,82
"S00094866",135,41,94
"S00094867",63,30,33
"S00094868",119,67,52
"S00094869",81,50,31
"S00094870",92,42,50
"S00094871",50,15,35
"S00094872",115,59,56
"S00094873",116,32,84
"S00094874",112,41,71
"S00094875",134,46,88
"S00094876",118,47,71
"S00094877",68,24,44
"S00094878",111,37,74
"S00094879",129,80,49
"S00094880",101,46,55
"S00094881",61,14,47
"S00094882",94,33,61
"S00094883",82,33,49
"S00094884",82,38,44
"S00094885",64,22,42
"S00094886",120,44,76
"S00094887",74,26,48
"S00094888",143,39,104
"S00094889",98,48,50
"S00094890",58,20,38
"S00094891",108,31,77
"S00094892",86,38,48
"S00094893",67,33,34
"S00094894",69,23,46
"S00094895",59,25,34
"S00094896",117,44,73
"S00094897",53,9,44
"S00094898",96,32,64
"S00094899",112,38,74
"S00094900",105,42,63
"S00094901",120,45,75
"S00094902",101,44,57
"S00094903",101,47,54
"S00094904",88,42,46
"S00094905",65,24,41
"S00094906",104,45,59
"S00094907",101,35,66
"S00094908",88,48,40
"S00094909",47,35,12
"S00094910",119,53,66
"S00094911",118,54,64
"S00094912",64,17,47
"S00094913",76,31,45
"S00094914",83,26,57
"S00094915",95,36,59
"S00094916",143,73,70
"S00094917",110,51,59
"S00094918",130,35,95
"S00094919",76,29,47
"S00094920",189,98,91
"S00094921",70,32,38
"S00094922",73,25,48
"S00094923",94,26,68
"S00094924",95,43,52
"S00094925",67,13,54
"S00094926",128,59,69
"S00094927",124,37,87
"S00094928",105,41,64
"S00094929",130,48,82
"S00094930",108,43,65
"S00094931",78,27,51
"S00094932",58,27,31
"S00094933",91,46,45
"S00094934",90,36,54
"S00094935",102,55,47
"S00094936",94,40,54
"S00094937",96,36,60
"S00094938",142,42,100
"S00094939",84,28,56
"S00094940",116,57,59
"S00094941",136,48,88
"S00094942",84,34,50
"S00094943",88,28,60
"S00094944",128,48,80
"S00094945",137,57,80
"S00094946",59,25,34
"S00094947",119,46,73
"S00094948",100,40,60
"S00094949",77,19,58
"S00094950",96,36,60
"S00094951",76,24,52
"S00094952",102,40,62
"S00094953",130,48,82
"S00094954",78,30,48
"S00094955",119,40,79
"S00094956",117,47,70
"S00094957",102,42,60
"S00094958",121,49,72
"S00094959",58,19,39
"S00094960",119,55,64
"S00094961",75,31,44
"S00094962",78,28,50
"S00094963",83,33,50
"S00094964",77,28,49
"S00094965",76,40,36
"S00094966",62,25,37
"S00094967",89,41,48
"S00094968",55,14,41
"S00094969",80,28,52
"S00094970",116,34,82
"S00094971",91,33,58
"S00094972",117,44,73
"S00094973",60,34,26
"S00094974",128,58,70
"S00094975",90,45,45
"S00094976",72,30,42
"S00094977",73,35,38
"S00094978",102,34,68
"S00094979",113,52,61
"S00094980",79,34,45
"S00094981",100,48,52
"S00094982",139,63,76
"S00094983",140,39,101
"S00094984",106,45,61
"S00094985",73,32,41
"S00094986",45,15,30
"S00094987",95,27,68
"S00094988",55,17,38
"S00094989",100,32,68
"S00094990",80,28,52
"S00094991",96,46,50
"S00094992",56,24,32
"S00094993",86,26,60
"S00094994",88,30,58
"S00094995",96,38,58
"S00094996",50,22,28
"S00094997",79,23,56
"S00094998",121,56,65
"S00094999",55,15,40
"S00095000",64,25,39
"S00095001",101,41,60
"S00095002",81,38,43
"S00095003",53,25,28
"S00095004",72,27,45
"S00095005",63,19,44
"S00095006",111,31,80
"S00095007",92,34,58
"S00095008",51,16,35
"S00095009",121,43,78
"S00095010",52,20,32
"S00095011",90,42,48
"S00095012",99,54,45
"S00095013",137,51,86
"S00095014",69,27,42
"S00095015",93,41,52
"S00095016",74,26,48
"S00095017",73,33,40
"S00095018",103,44,59
"S00095019",84,25,59
"S00095020",82,30,52
"S00095021",101,43,58
"S00095022",126,52,74
"S00095023",113,29,84
"S00095024",69,23,46
"S00095025",116,33,83
"S00095026",136,51,85
"S00095027",73,26,47
"S00095028",100,28,72
"S00095029",114,41,73
"S00095030",142,74,68
"S00095031",101,38,63
"S00095032",96,38,58
"S00095033",108,31,77
"S00095034",60,17,43
"S00095035",104,36,68
"S00095036",102,31,71
"S00095037",77,47,30
"S00095038",76,36,40
"S00095039",73,40,33
"S00095040",80,43,37
"S00095041",82,30,52
"S00095042",62,32,30
"S00095043",88,39,49
"S00095044",89,44,45
"S00095045",118,52,66
"S00095046",109,49,60
"S00095047",62,13,49
"S00095048",109,29,80
"S00095049",67,47,20
"S00095050",58,29,29
"S00095051",84,57,27
"S00095052",101,30,71
"S00095053",90,58,32
"S00095054",73,50,23
"S00095055",119,85,34
"S00095056",96,53,43
"S00095057",79,43,36
"S00095058",125,43,82
"S00095059",135,75,60
"S00095060",67,29,38
"S00095061",116,55,61
"S00095062",94,42,52
"S00095063",73,52,21
"S00095064",128,58,70
"S00095065",121,71,50
"S00095066",139,89,50
"S00095067",90,67,23
"S00095068",94,58,36
"S00095069",126,52,74
"S00095070",93,57,36
"S00095071",100,54,46
"S00095072",75,49,26
"S00095073",68,44,24
"S00095074",41,27,14
"S00095075",80,38,42
"S00095076",60,36,24
"S00095077",79,51,28
"S00095078",104,58,46
"S00095079",81,47,34
"S00095080",74,60,14
"S00095081",104,64,40
"S00095082",79,23,56
"S00095083",110,64,46
"S00095084",71,45,26
"S00095085",83,55,28
"S00095086",134,96,38
"S00095087",62,41,21
"S00095088",78,44,34
"S00095089",80,54,26
"S00095090",77,49,28
"S00095091",119,71,48
"S00095092",89,50,39
"S00095093",126,74,52
"S00095094",110,61,49
"S00095095",96,42,54
"S00095096",100,70,30
"S00095097",47,31,16
"S00095098",58,40,18
"S00095099",63,33,30
"S00095100",136,48,88
"S00095101",89,29,60
"S00095102",105,31,74
"S00095103",117,58,59
"S00095104",56,38,18
"S00095105",96,42,54
"S00095106",114,76,38
"S00095107",71,47,24
"S00095108",89,59,30
"S00095109",80,61,19
"S00095110",71,59,12
"S00095111",125,85,40
"S00095112",49,33,16
"S00095113",124,64,60
"S00095114",62,34,28
"S00095115",69,37,32
"S00095116",80,34,46
"S00095117",109,48,61
"S00095118",89,25,64
"S00095119",59,21,38
"S00095120",84,54,30
"S00095121",108,40,68
"S00095122",78,39,39
"S00095123",147,61,86
"S00095124",91,59,32
"S00095125",53,19,34
"S00095126",78,22,56
"S00095127",102,24,78
"S00095128",146,61,85
"S00095129",65,33,32
"S00095130",119,63,56
"S00095131",87,46,41
"S00095132",148,90,58
"S00095133",116,75,41
"S00095134",144,85,59
"S00095135",108,56,52
"S00095136",51,35,16
"S00095137",77,50,27
"S00095138",62,40,22
"S00095139",95,57,38
"S00095140",74,44,30
"S00095141",71,47,24
"S00095142",78,42,36
"S00095143",66,52,14
"S00095144",92,67,25
"S00095145",77,51,26
"S00095146",58,44,14
"S00095147",61,43,18
"S00095148",71,37,34
"S00095149",47,27,20
"S00095150",92,62,30
"S00095151",73,37,36
"S00095152",103,51,52
"S00095153",68,37,31
"S00095154",123,50,73
"S00095155",87,61,26
"S00095156",61,51,10
"S00095157",77,48,29
"S00095158",86,72,14
"S00095159",91,45,46
"S00095160",125,49,76
"S00095161",71,40,31
"S00095162",82,51,31
"S00095163",85,57,28
"S00095164",59,39,20
"S00095165",79,46,33
"S00095166",127,58,69
"S00095167",98,40,58
"S00095168",90,42,48
"S00095169",136,65,71
"S00095170",46,12,34
"S00095171",86,62,24
"S00095172",99,59,40
"S00095173",120,58,62
"S00095174",112,80,32
"S00095175",121,51,70
"S00095176",63,34,29
"S00095177",116,51,65
"S00095178",64,36,28
"S00095179",92,40,52
"S00095180",90,36,54
"S00095181",107,45,62
"S00095182",144,60,84
"S00095183",110,54,56
"S00095184",63,29,34
"S00095185",62,44,18
"S00095186",82,55,27
"S00095187",77,33,44
"S00095188",75,35,40
"S00095189",94,44,50
"S00095190",95,35,60
"S00095191",127,38,89
"S00095192",82,32,50
"S00095193",78,26,52
"S00095194",45,23,22
"S00095195",102,42,60
"S00095196",77,33,44
"S00095197",120,58,62
"S00095198",85,21,64
"S00095199",71,53,18
"S00095200",66,44,22
"S00095201",113,43,70
"S00095202",105,43,62
"S00095203",77,46,31
"S00095204",90,40,50
"S00095205",88,42,46
"S00095206",63,25,38
"S00095207",92,48,44
"S00095208",62,18,44
"S00095209",113,57,56
"S00095210",58,29,29
"S00095211",98,56,42
"S00095212",80,40,40
"S00095213",82,38,44
"S00095214",101,55,46
"S00095215",91,43,48
"S00095216",93,37,56
"S00095217",121,70,51
"S00095218",88,30,58
"S00095219",130,52,78
"S00095220",52,23,29
"S00095221",63,25,38
"S00095222",83,43,40
"S00095223",73,36,37
"S00095224",90,28,62
"S00095225",74,30,44
"S00095226",104,44,60
"S00095227",59,35,24
"S00095228",67,45,22
"S00095229",63,38,25
"S00095230",64,58,6
"S00095231",54,24,30
"S00095232",42,32,10
"S00095233",92,38,54
"S00095234",85,62,23
"S00095235",138,82,56
"S00095236",77,49,28
"S00095237",77,46,31
"S00095238",77,55,22
"S00095239",73,41,32
"S00095240",62,26,36
"S00095241",121,48,73
"S00095242",86,32,54
"S00095243",94,44,50
"S00095244",130,44,86
"S00095245",117,50,67
"S00095246",109,51,58
"S00095247",105,43,62
"S00095248",133,52,81
"S00095249",70,38,32
"S00095250",51,33,18
"S00095251",94,38,56
"S00095252",72,26,46
"S00095253",98,30,68
"S00095254",105,25,80
"S00095255",89,43,46
"S00095256",54,24,30
"S00095257",78,27,51
"S00095258",80,28,52
"S00095259",134,42,92
"S00095260",88,25,63
"S00095261",50,16,34
"S00095262",117,53,64
"S00095263",121,55,66
"S00095264",82,28,54
"S00095265",66,34,32
"S00095266",89,50,39
"S00095267",55,26,29
"S00095268",81,62,19
"S00095269",62,40,22
"S00095270",105,55,50
"S00095271",74,59,15
"S00095272",73,45,28
"S00095273",97,48,49
"S00095274",95,44,51
"S00095275",114,48,66
"S00095276",121,62,59
"S00095277",104,60,44
"S00095278",102,49,53
"S00095279",86,54,32
"S00095280",63,47,16
"S00095281",111,65,46
"S00095282",106,50,56
"S00095283",111,90,21
"S00095284",93,71,22
"S00095285",66,49,17
"S00095286",109,94,15
"S00095287",85,59,26
"S00095288",107,78,29
"S00095289",135,101,34
"S00095290",71,46,25
"S00095291",93,73,20
"S00095292",105,90,15
"S00095293",58,44,14
"S00095294",49,36,13
"S00095295",92,64,28
"S00095296",86,50,36
"S00095297",48,36,12
"S00095298",71,34,37
"S00095299",104,60,44
"S00095300",108,72,36
"S00095301",126,34,92
"S00095302",117,65,52
"S00095303",67,39,28
"S00095304",66,60,6
"S00095305",114,64,50
"S00095306",72,51,21
"S00095307",84,42,42
"S00095308",104,52,52
"S00095309",96,59,37
"S00095310",78,55,23
"S00095311",96,55,41
"S00095312",113,83,30
"S00095313",108,84,24
"S00095314",110,73,37
"S00095315",93,24,69
"S00095316",118,41,77
"S00095317",107,50,57
"S00095318",84,24,60
"S00095319",54,14,40
"S00095320",79,32,47
"S00095321",83,19,64
"S00095322",80,68,12
"S00095323",86,48,38
"S00095324",98,46,52
"S00095325",92,48,44
"S00095326",90,64,26
"S00095327",80,59,21
"S00095328",61,47,14
"S00095329",95,65,30
"S00095330",122,76,46
"S00095331",121,75,46
"S00095332",78,54,24
"S00095333",83,47,36
"S00095334",116,62,54
"S00095335",111,80,31
"S00095336",91,30,61
"S00095337",141,91,50
"S00095338",92,40,52
"S00095339",73,27,46
"S00095340",94,56,38
"S00095341",133,89,44
"S00095342",66,32,34
"S00095343",72,42,30
"S00095344",73,38,35
"S00095345",108,64,44
"S00095346",129,65,64
"S00095347",77,70,7
"S00095348",82,22,60
"S00095349",86,67,19
"S00095350",76,46,30
"S00095351",124,67,57
"S00095352",140,58,82
"S00095353",107,78,29
"S00095354",66,43,23
"S00095355",126,92,34
"S00095356",98,64,34
"S00095357",63,47,16
"S00095358",249,205,44
"S00095359",79,41,38
"S00095360",54,36,18
"S00095361",82,42,40
"S00095362",98,34,64
"S00095363",94,38,56
"S00095364",99,48,51
"S00095365",75,36,39
"S00095366",122,54,68
"S00095367",95,39,56
"S00095368",80,29,51
"S00095369",130,71,59
"S00095370",101,35,66
"S00095371",125,57,68
"S00095372",79,41,38
"S00095373",139,44,95
"S00095374",94,61,33
"S00095375",97,73,24
"S00095376",84,38,46
"S00095377",112,55,57
"S00095378",99,28,71
"S00095379",116,49,67
"S00095380",144,68,76
"S00095381",107,32,75
"S00095382",87,21,66
"S00095383",101,35,66
"S00095384",105,45,60
"S00095385",102,43,59
"S00095386",82,30,52
"S00095387",147,84,63
"S00095388",85,61,24
"S00095389",119,50,69
"S00095390",128,30,98
"S00095391",64,57,7
"S00095392",90,53,37
"S00095393",105,52,53
"S00095394",59,26,33
"S00095395",69,44,25
"S00095396",102,61,41
"S00095397",130,46,84
"S00095398",83,55,28
"S00095399",132,87,45
"S00095400",131,49,82
"S00095401",56,20,36
"S00095402",112,56,56
"S00095403",108,66,42
"S00095404",95,55,40
"S00095405",145,42,103
"S00095406",102,56,46
"S00095407",93,48,45
"S00095408",117,23,94
"S00095409",123,63,60
"S00095410",113,55,58
"S00095411",112,45,67
"S00095412",59,18,41
"S00095413",95,32,63
"S00095414",120,76,44
"S00095415",81,31,50
"S00095416",86,43,43
"S00095417",92,44,48
"S00095418",130,74,56
"S00095419",113,77,36
"S00095420",100,51,49
"S00095421",70,53,17
"S00095422",56,34,22
"S00095423",127,75,52
"S00095424",107,44,63
"S00095425",90,32,58
"S00095426",109,43,66
"S00095427",126,77,49
"S00095428",68,41,27
"S00095429",57,36,21
"S00095430",105,49,56
"S00095431",100,42,58
"S00095432",96,47,49
"S00095433",129,72,57
"S00095434",117,55,62
"S00095435",60,27,33
"S00095436",78,39,39
"S00095437",83,36,47
"S00095438",71,49,22
"S00095439",51,37,14
"S00095440",80,32,48
"S00095441",86,53,33
"S00095442",152,69,83
"S00095443",135,41,94
"S00095444",78,61,17
"S00095445",79,35,44
"S00095446",84,44,40
"S00095447",48,24,24
"S00095448",107,33,74
"S00095449",111,38,73
"S00095450",57,41,16
"S00095451",82,62,20
"S00095452",84,40,44
"S00095453",51,38,13
"S00095454",49,40,9
"S00095455",61,31,30
"S00095456",97,62,35
"S00095457",87,37,50
"S00095458",63,21,42
"S00095459",119,66,53
"S00095460",71,47,24
"S00095461",99,29,70
"S00095462",95,45,50
"S00095463",122,50,72
"S00095464",115,74,41
"S00095465",73,47,26
"S00095466",124,64,60
"S00095467",124,86,38
"S00095468",122,58,64
"S00095469",66,56,10
"S00095470",77,49,28
"S00095471",87,67,20
"S00095472",74,20,54
"S00095473",132,31,101
"S00095474",49,11,38
"S00095475",71,21,50
"S00095476",99,44,55
"S00095477",85,17,68
"S00095478",128,64,64
"S00095479",92,49,43
"S00095480",83,27,56
"S00095481",116,63,53
"S00095482",111,56,55
"S00095483",92,55,37
"S00095484",115,50,65
"S00095485",72,39,33
"S00095486",101,39,62
"S00095487",112,56,56
"S00095488",108,36,72
"S00095489",128,66,62
"S00095490",97,49,48
"S00095491",130,40,90
"S00095492",113,47,66
"S00095493",89,50,39
"S00095494",131,67,64
"S00095495",76,42,34
"S00095496",150,78,72
"S00095497",153,73,80
"S00095498",53,32,21
"S00095499",84,54,30
"S00095500",110,42,68
"S00095501",59,29,30
"S00095502",95,52,43
"S00095503",72,28,44
"S00095504",75,49,26
"S00095505",91,47,44
"S00095506",99,53,46
"S00095507",105,51,54
"S00095508",138,55,83
"S00095509",84,24,60
"S00095510",95,36,59
"S00095511",141,69,72
"S00095512",86,47,39
"S00095513",70,44,26
"S00095514",113,54,59
"S00095515",79,22,57
"S00095516",117,39,78
"S00095517",113,63,50
"S00095518",124,60,64
"S00095519",79,35,44
"S00095520",111,53,58
"S00095521",107,34,73
"S00095522",62,44,18
"S00095523",95,45,50
"S00095524",113,50,63
"S00095525",102,41,61
"S00095526",151,35,116
"S00095527",107,52,55
"S00095528",92,49,43
"S00095529",50,40,10
"S00095530",111,59,52
"S00095531",109,65,44
"S00095532",82,40,42
"S00095533",82,51,31
"S00095534",78,42,36
"S00095535",133,54,79
"S00095536",77,42,35
"S00095537",75,27,48
"S00095538",91,59,32
"S00095539",116,76,40
"S00095540",46,19,27
"S00095541",50,28,22
"S00095542",92,40,52
"S00095543",129,52,77
"S00095544",82,32,50
"S00095545",101,41,60
"S00095546",130,57,73
"S00095547",113,41,72
"S00095548",51,25,26
"S00095549",102,62,40
"S00095550",116,50,66
"S00095551",107,50,57
"S00095552",99,47,52
"S00095553",82,25,57
"S00095554",107,48,59
"S00095555",68,30,38
"S00095556",112,57,55
"S00095557",98,44,54
"S00095558",68,26,42
"S00095559",90,32,58
"S00095560",97,51,46
"S00095561",45,17,28
"S00095562",63,39,24
"S00095563",109,74,35
"S00095564",145,48,97
"S00095565",150,81,69
"S00095566",129,77,52
"S00095567",131,57,74
"S00095568",126,68,58
"S00095569",117,71,46
"S00095570",106,26,80
"S00095571",99,57,42
"S00095572",106,64,42
"S00095573",72,42,30
"S00095574",82,39,43
"S00095575",92,34,58
"S00095576",95,72,23
"S00095577",88,68,20
"S00095578",84,67,17
"S00095579",85,38,47
"S00095580",88,50,38
"S00095581",101,45,56
"S00095582",58,38,20
"S00095583",93,39,54
"S00095584",67,33,34
"S00095585",132,61,71
"S00095586",134,83,51
"S00095587",76,38,38
"S00095588",67,35,32
"S00095589",118,54,64
"S00095590",79,45,34
"S00095591",71,26,45
"S00095592",91,42,49
"S00095593",104,20,84
"S00095594",64,14,50
"S00095595",90,32,58
"S00095596",71,13,58
"S00095597",70,26,44
"S00095598",78,41,37
"S00095599",92,60,32
"S00095600",90,44,46
"S00095601",67,41,26
"S00095602",110,50,60
"S00095603",83,31,52
"S00095604",87,30,57
"S00095605",102,38,64
"S00095606",61,31,30
"S00095607",78,21,57
"S00095608",124,47,77
"S00095609",61,21,40
"S00095610",157,74,83
"S00095611",114,38,76
"S00095612",95,63,32
"S00095613",86,37,49
"S00095614",90,32,58
"S00095615",140,55,85
"S00095616",106,38,68
"S00095617",68,40,28
"S00095618",78,14,64
"S00095619",99,35,64
"S00095620",62,16,46
"S00095621",77,34,43
"S00095622",90,41,49
"S00095623",76,24,52
"S00095624",72,18,54
"S00095625",74,23,51
"S00095626",72,37,35
"S00095627",79,45,34
"S00095628",69,27,42
"S00095629",98,56,42
"S00095630",102,51,51
"S00095631",45,22,23
"S00095632",76,29,47
"S00095633",54,19,35
"S00095634",52,20,32
"S00095635",82,64,18
"S00095636",72,45,27
"S00095637",57,33,24
"S00095638",132,38,94
"S00095639",87,23,64
"S00095640",61,31,30
"S00095641",90,39,51
"S00095642",85,23,62
"S00095643",62,46,16
"S00095644",55,21,34
"S00095645",78,32,46
"S00095646",63,31,32
"S00095647",127,49,78
"S00095648",116,48,68
"S00095649",68,34,34
"S00095650",46,18,28
"S00095651",110,40,70
"S00095652",72,45,27
"S00095653",89,59,30
"S00095654",106,34,72
"S00095655",61,13,48
"S00095656",80,33,47
"S00095657",74,43,31
"S00095658",49,44,5
"S00095659",73,27,46
"S00095660",115,68,47
"S00095661",106,44,62
"S00095662",90,32,58
"S00095663",98,46,52
"S00095664",89,61,28
"S00095665",49,37,12
"S00095666",65,18,47
"S00095667",59,22,37
"S00095668",108,38,70
"S00095669",79,25,54
"S00095670",95,45,50
"S00095671",75,37,38
"S00095672",100,36,64
"S00095673",94,48,46
"S00095674",81,41,40
"S00095675",77,43,34
"S00095676",68,44,24
"S00095677",66,52,14
"S00095678",111,17,94
"S00095679",108,30,78
"S00095680",93,57,36
"S00095681",65,57,8
"S00095682",54,22,32
"S00095683",62,32,30
"S00095684",80,48,32
"S00095685",51,22,29
"S00095686",89,57,32
"S00095687",65,40,25
"S00095688",79,40,39
"S00095689",44,23,21
"S00095690",73,57,16
"S00095691",101,73,28
"S00095692",57,45,12
"S00095693",143,64,79
"S00095694",99,47,52
"S00095695",70,55,15
"S00095696",51,39,12
"S00095697",94,31,63
"S00095698",116,38,78
"S00095699",98,46,52
"S00095700",67,21,46
"S00095701",136,55,81
"S00095702",85,23,62
"S00095703",68,18,50
"S00095704",132,46,86
"S00095705",47,20,27
"S00095706",113,39,74
"S00095707",123,35,88
"S00095708",151,62,89
"S00095709",134,46,88
"S00095710",58,20,38
"S00095711",101,29,72
"S00095712",124,53,71
"S00095713",97,45,52
"S00095714",84,30,54
"S00095715",123,74,49
"S00095716",88,41,47
"S00095717",63,19,44
"S00095718",88,31,57
"S00095719",105,42,63
"S00095720",97,29,68
"S00095721",68,26,42
"S00095722",119,65,54
"S00095723",138,46,92
"S00095724",59,35,24
"S00095725",113,39,74
"S00095726",132,43,89
"S00095727",92,52,40
"S00095728",69,14,55
"S00095729",84,32,52
"S00095730",97,38,59
"S00095731",130,27,103
"S00095732",136,36,100
"S00095733",57,12,45
"S00095734",148,76,72
"S00095735",58,22,36
"S00095736",85,35,50
"S00095737",69,40,29
"S00095738",70,32,38
"S00095739",77,27,50
"S00095740",71,37,34
"S00095741",55,41,14
"S00095742",87,41,46
"S00095743",71,33,38
"S00095744",73,47,26
"S00095745",70,36,34
"S00095746",51,21,30
"S00095747",96,54,42
"S00095748",101,51,50
"S00095749",74,35,39
"S00095750",94,32,62
"S00095751",60,22,38
"S00095752",77,60,17
"S00095753",62,38,24
"S00095754",53,43,10
"S00095755",81,67,14
"S00095756",85,31,54
"S00095757",91,51,40
"S00095758",104,66,38
"S00095759",58,38,20
"S00095760",128,67,61
"S00095761",55,28,27
"S00095762",68,34,34
"S00095763",46,30,16
"S00095764",74,52,22
"S00095765",97,50,47
"S00095766",98,38,60
"S00095767",51,26,25
"S00095768",78,44,34
"S00095769",52,18,34
"S00095770",85,53,32
"S00095771",105,64,41
"S00095772",94,46,48
"S00095773",84,24,60
"S00095774",83,35,48
"S00095775",89,63,26
"S00095776",82,42,40
"S00095777",55,49,6
"S00095778",82,49,33
"S00095779",70,46,24
"S00095780",83,49,34
"S00095781",96,76,20
"S00095782",92,48,44
"S00095783",60,23,37
"S00095784",91,56,35
"S00095785",79,35,44
"S00095786",113,37,76
"S00095787",72,39,33
"S00095788",138,67,71
"S00095789",133,41,92
"S00095790",112,59,53
"S00095791",133,51,82
"S00095792",69,22,47
"S00095793",114,64,50
"S00095794",86,62,24
"S00095795",90,65,25
"S00095796",52,42,10
"S00095797",68,34,34
"S00095798",84,57,27
"S00095799",50,35,15
"S00095800",122,57,65
"S00095801",121,49,72
"S00095802",138,70,68
"S00095803",63,26,37
"S00095804",88,27,61
"S00095805",114,55,59
"S00095806",80,48,32
"S00095807",73,43,30
"S00095808",115,57,58
"S00095809",52,42,10
"S00095810",70,54,16
"S00095811",95,76,19
"S00095812",123,75,48
"S00095813",87,30,57
"S00095814",45,9,36
"S00095815",83,27,56
"S00095816",89,18,71
"S00095817",98,21,77
"S00095818",78,21,57
"S00095819",50,14,36
"S00095820",113,21,92
"S00095821",100,17,83
"S00095822",55,17,38
"S00095823",124,41,83
"S00095824",103,36,67
"S00095825",60,14,46
"S00095826",46,21,25
"S00095827",70,44,26
"S00095828",127,50,77
"S00095829",86,67,19
"S00095830",58,50,8
"S00095831",137,49,88
"S00095832",146,50,96
"S00095833",60,19,41
"S00095834",77,33,44
"S00095835",50,20,30
"S00095836",104,39,65
"S00095837",90,29,61
"S00095838",86,48,38
"S00095839",101,33,68
"S00095840",96,29,67
"S00095841",131,44,87
"S00095842",107,20,87
"S00095843",124,29,95
"S00095844",140,41,99
"S00095845",93,15,78
"S00095846",118,65,53
"S00095847",118,83,35
"S00095848",69,32,37
"S00095849",92,36,56
"S00095850",66,40,26
"S00095851",92,72,20
"S00095852",75,56,19
"S00095853",92,73,19
"S00095854",63,59,4
"S00095855",105,58,47
"S00095856",92,58,34
"S00095857",79,59,20
"S00095858",77,43,34
"S00095859",59,41,18
"S00095860",79,37,42
"S00095861",119,59,60
"S00095862",137,98,39
"S00095863",78,46,32
"S00095864",80,56,24
"S00095865",89,57,32
"S00095866",77,43,34
"S00095867",104,49,55
"S00095868",100,58,42
"S00095869",119,85,34
"S00095870",101,75,26
"S00095871",150,38,112
"S00095872",89,39,50
"S00095873",139,37,102
"S00095874",118,34,84
"S00095875",109,71,38
"S00095876",116,40,76
"S00095877",72,49,23
"S00095878",166,69,97
"S00095879",124,64,60
"S00095880",87,48,39
"S00095881",50,26,24
"S00095882",132,68,64
"S00095883",104,65,39
"S00095884",114,66,48
"S00095885",112,67,45
"S00095886",113,67,46
"S00095887",128,84,44
"S00095888",79,46,33
"S00095889",65,41,24
"S00095890",88,27,61
"S00095891",94,32,62
"S00095892",84,37,47
"S00095893",79,33,46
"S00095894",100,37,63
"S00095895",158,86,72
"S00095896",101,59,42
"S00095897",106,68,38
"S00095898",88,52,36
"S00095899",60,51,9
"S00095900",59,39,20
"S00095901",80,67,13
"S00095902",80,60,20
"S00095903",64,50,14
"S00095904",77,52,25
"S00095905",94,63,31
"S00095906",97,54,43
"S00095907",153,55,98
"S00095908",67,50,17
"S00095909",74,58,16
"S00095910",52,22,30
"S00095911",107,47,60
"S00095912",133,49,84
"S00095913",75,65,10
"S00095914",68,32,36
"S00095915",77,38,39
"S00095916",123,47,76
"S00095917",84,38,46
"S00095918",101,63,38
"S00095919",55,21,34
"S00095920",111,62,49
"S00095921",68,34,34
"S00095922",69,29,40
"S00095923",128,57,71
"S00095924",120,61,59
"S00095925",103,56,47
"S00095926",109,41,68
"S00095927",106,62,44
"S00095928",132,45,87
"S00095929",117,39,78
"S00095930",111,30,81
"S00095931",109,66,43
"S00095932",95,65,30
"S00095933",115,79,36
"S00095934",79,62,17
"S00095935",79,60,19
"S00095936",100,74,26
"S00095937",108,68,40
"S00095938",135,65,70
"S00095939",128,79,49
"S00095940",109,86,23
"S00095941",110,68,42
"S00095942",88,50,38
"S00095943",104,77,27
"S00095944",55,27,28
"S00095945",116,56,60
"S00095946",105,63,42
"S00095947",137,63,74
"S00095948",43,24,19
"S00095949",93,65,28
"S00095950",118,73,45
"S00095951",139,93,46
"S00095952",87,53,34
"S00095953",63,53,10
"S00095954",45,33,12
"S00095955",100,44,56
"S00095956",121,90,31
"S00095957",103,55,48
"S00095958",127,77,50
"S00095959",108,51,57
"S00095960",68,36,32
"S00095961",99,51,48
"S00095962",68,42,26
"S00095963",88,30,58
"S00095964",95,41,54
"S00095965",106,92,14
"S00095966",68,62,6
"S00095967",83,47,36
"S00095968",138,93,45
"S00095969",105,57,48
"S00095970",107,54,53
"S00095971",65,33,32
"S00095972",74,56,18
"S00095973",76,60,16
"S00095974",95,57,38
"S00095975",112,74,38
"S00095976",112,50,62
"S00095977",60,30,30
"S00095978",92,48,44
"S00095979",134,83,51
"S00095980",132,80,52
"S00095981",132,89,43
"S00095982",63,41,22
"S00095983",91,64,27
"S00095984",143,47,96
"S00095985",107,53,54
"S00095986",96,58,38
"S00095987",93,43,50
"S00095988",87,53,34
"S00095989",99,39,60
"S00095990",81,45,36
"S00095991",81,61,20
"S00095992",82,48,34
"S00095993",115,72,43
"S00095994",65,49,16
"S00095995",137,82,55
"S00095996",89,59,30
"S00095997",141,55,86
"S00095998",95,23,72
"S00095999",99,54,45
"S00096000",90,54,36
"S00096001",162,92,70
"S00096002",95,53,42
"S00096003",113,55,58
"S00096004",102,66,36
"S00096005",102,50,52
"S00096006",115,61,54
"S00096007",84,52,32
"S00096008",80,38,42
"S00096009",138,56,82
"S00096010",132,90,42
"S00096011",105,68,37
"S00096012",70,45,25
"S00096013",72,42,30
"S00096014",92,53,39
"S00096015",86,55,31
"S00096016",142,50,92
"S00096017",76,45,31
"S00096018",106,33,73
"S00096019",103,39,64
"S00096020",78,20,58
"S00096021",107,45,62
"S00096022",89,48,41
"S00096023",75,51,24
"S00096024",48,36,12
"S00096025",88,37,51
"S00096026",89,59,30
"S00096027",56,38,18
"S00096028",84,62,22
"S00096029",62,20,42
"S00096030",125,73,52
"S00096031",120,88,32
"S00096032",94,72,22
"S00096033",105,65,40
"S00096034",76,38,38
"S00096035",64,49,15
"S00096036",117,73,44
"S00096037",112,56,56
"S00096038",140,63,77
"S00096039",83,62,21
"S00096040",88,46,42
"S00096041",101,38,63
"S00096042",83,43,40
"S00096043",126,56,70
"S00096044",98,45,53
"S00096045",99,47,52
"S00096046",81,40,41
"S00096047",74,33,41
"S00096048",93,61,32
"S00096049",108,34,74
"S00096050",88,52,36
"S00096051",77,26,51
"S00096052",100,30,70
"S00096053",100,30,70
"S00096054",142,46,96
"S00096055",85,27,58
"S00096056",110,54,56
"S00096057",96,70,26
"S00096058",121,58,63
"S00096059",102,68,34
"S00096060",89,29,60
"S00096061",132,46,86
"S00096062",112,36,76
"S00096063",62,49,13
"S00096064",107,75,32
"S00096065",122,62,60
"S00096066",77,40,37
"S00096067",72,30,42
"S00096068",92,58,34
"S00096069",89,38,51
"S00096070",80,25,55
"S00096071",75,44,31
"S00096072",118,68,50
"S00096073",96,41,55
"S00096074",71,57,14
"S00096075",61,47,14
"S00096076",70,47,23
"S00096077",133,71,62
"S00096078",126,74,52
"S00096079",87,65,22
"S00096080",77,24,53
"S00096081",97,48,49
"S00096082",89,39,50
"S00096083",126,46,80
"S00096084",90,42,48
"S00096085",87,50,37
"S00096086",59,45,14
"S00096087",79,58,21
"S00096088",70,39,31
"S00096089",124,42,82
"S00096090",94,57,37
"S00096091",128,70,58
"S00096092",83,49,34
"S00096093",67,33,34
"S00096094",104,64,40
"S00096095",72,38,34
"S00096096",86,31,55
"S00096097",98,37,61
"S00096098",115,38,77
"S00096099",93,44,49
"S00096100",86,28,58
"S00096101",127,58,69
"S00096102",44,17,27
"S00096103",119,55,64
"S00096104",85,23,62
"S00096105",135,33,102
"S00096106",85,33,52
"S00096107",85,30,55
"S00096108",67,26,41
"S00096109",99,55,44
"S00096110",90,40,50
"S00096111",97,39,58
"S00096112",153,47,106
"S00096113",87,34,53
"S00096114",126,46,80
"S00096115",126,34,92
"S00096116",52,26,26
"S00096117",134,66,68
"S00096118",154,68,86
"S00096119",81,40,41
"S00096120",99,29,70
"S00096121",82,34,48
"S00096122",115,59,56
"S00096123",73,37,36
"S00096124",83,47,36
"S00096125",109,64,45
"S00096126",71,55,16
"S00096127",93,65,28
"S00096128",98,62,36
"S00096129",112,25,87
"S00096130",73,28,45
"S00096131",70,36,34
"S00096132",114,29,85
"S00096133",54,18,36
"S00096134",83,45,38
"S00096135",46,10,36
"S00096136",52,32,20
"S00096137",46,30,16
"S00096138",86,43,43
"S00096139",111,45,66
"S00096140",71,19,52
"S00096141",75,17,58
"S00096142",122,37,85
"S00096143",75,23,52
"S00096144",152,57,95
"S00096145",117,43,74
"S00096146",84,38,46
"S00096147",45,13,32
"S00096148",54,14,40
"S00096149",51,22,29
"S00096150",77,27,50
"S00096151",96,35,61
"S00096152",57,25,32
"S00096153",82,23,59
"S00096154",76,50,26
"S00096155",118,80,38
"S00096156",82,36,46
"S00096157",102,50,52
"S00096158",98,40,58
"S00096159",154,49,105
"S00096160",138,49,89
"S00096161",92,60,32
"S00096162",805,663,142
"S00096163",82,20,62
"S00096164",85,21,64
"S00096165",143,66,77
"S00096166",96,24,72
"S00096167",141,45,96
"S00096168",99,34,65
"S00096169",146,67,79
"S00096170",119,45,74
"S00096171",94,34,60
"S00096172",101,49,52
"S00096173",108,54,54
"S00096174",54,26,28
"S00096175",64,35,29
"S00096176",128,69,59
"S00096177",126,70,56
"S00096178",56,24,32
"S00096179",80,54,26
"S00096180",119,84,35
"S00096181",59,45,14
"S00096182",85,81,4
"S00096183",84,49,35
"S00096184",93,62,31
"S00096185",68,54,14
"S00096186",66,44,22
"S00096187",48,26,22
"S00096188",66,51,15
"S00096189",130,82,48
"S00096190",98,76,22
"S00096191",44,28,16
"S00096192",87,33,54
"S00096193",106,54,52
"S00096194",159,57,102
"S00096195",110,59,51
"S00096196",119,61,58
"S00096197",86,42,44
"S00096198",133,47,86
"S00096199",114,68,46
"S00096200",54,22,32
"S00096201",115,45,70
"S00096202",79,61,18
"S00096203",127,73,54
"S00096204",144,74,70
"S00096205",89,47,42
"S00096206",52,26,26
"S00096207",120,80,40
"S00096208",102,34,68
"S00096209",139,43,96
"S00096210",107,42,65
"S00096211",82,27,55
"S00096212",95,36,59
"S00096213",104,52,52
"S00096214",63,23,40
"S00096215",107,35,72
"S00096216",158,70,88
"S00096217",72,38,34
"S00096218",134,55,79
"S00096219",109,41,68
"S00096220",48,37,11
"S00096221",131,78,53
"S00096222",129,67,62
"S00096223",67,45,22
"S00096224",105,60,45
"S00096225",92,53,39
"S00096226",121,53,68
"S00096227",45,17,28
"S00096228",107,48,59
"S00096229",60,35,25
"S00096230",112,52,60
"S00096231",59,28,31
"S00096232",119,73,46
"S00096233",54,47,7
"S00096234",107,45,62
"S00096235",98,30,68
"S00096236",82,35,47
"S00096237",61,50,11
"S00096238",90,24,66
"S00096239",58,38,20
"S00096240",62,42,20
"S00096241",96,42,54
"S00096242",135,38,97
"S00096243",122,83,39
"S00096244",48,34,14
"S00096245",145,92,53
"S00096246",146,59,87
"S00096247",69,21,48
"S00096248",95,27,68
"S00096249",71,20,51
"S00096250",124,66,58
"S00096251",163,77,86
"S00096252",90,37,53
"S00096253",141,71,70
"S00096254",68,18,50
"S00096255",165,57,108
"S00096256",85,45,40
"S00096257",94,76,18
"S00096258",85,45,40
"S00096259",135,63,72
"S00096260",80,31,49
"S00096261",55,38,17
"S00096262",109,64,45
"S00096263",44,14,30
"S00096264",134,54,80
"S00096265",72,26,46
"S00096266",88,48,40
"S00096267",73,21,52
"S00096268",118,54,64
"S00096269",42,12,30
"S00096270",114,82,32
"S00096271",96,54,42
"S00096272",124,72,52
"S00096273",54,45,9
"S00096274",83,35,48
"S00096275",88,60,28
"S00096276",88,53,35
"S00096277",103,38,65
"S00096278",112,67,45
"S00096279",89,74,15
"S00096280",65,47,18
"S00096281",77,52,25
"S00096282",74,43,31
"S00096283",92,72,20
"S00096284",80,62,18
"S00096285",73,53,20
"S00096286",62,32,30
"S00096287",56,28,28
"S00096288",75,49,26
"S00096289",78,52,26
"S00096290",70,50,20
"S00096291",82,48,34
"S00096292",69,48,21
"S00096293",41,30,11
"S00096294",89,72,17
"S00096295",156,116,40
"S00096296",44,33,11
"S00096297",63,35,28
"S00096298",79,55,24
"S00096299",57,23,34
"S00096300",89,68,21
"S00096301",48,36,12
"S00096302",99,77,22
"S00096303",52,35,17
"S00096304",96,80,16
"S00096305",54,34,20
"S00096306",104,34,70
"S00096307",118,36,82
"S00096308",115,43,72
"S00096309",114,35,79
"S00096310",120,44,76
"S00096311",89,25,64
"S00096312",90,28,62
"S00096313",104,42,62
"S00096314",93,33,60
"S00096315",106,56,50
"S00096316",53,21,32
"S00096317",85,20,65
"S00096318",99,62,37
"S00096319",76,28,48
"S00096320",105,59,46
"S00096321",176,69,107
"S00096322",77,49,28
"S00096323",74,52,22
"S00096324",99,67,32
"S00096325",99,61,38
"S00096326",104,83,21
"S00096327",89,50,39
"S00096328",94,74,20
"S00096329",72,40,32
"S00096330",58,46,12
"S00096331",82,54,28
"S00096332",100,45,55
"S00096333",97,51,46
"S00096334",87,35,52
"S00096335",122,61,61
"S00096336",121,47,74
"S00096337",66,60,6
"S00096338",90,70,20
"S00096339",82,64,18
"S00096340",79,62,17
"S00096341",72,46,26
"S00096342",113,79,34
"S00096343",76,53,23
"S00096344",114,74,40
"S00096345",70,39,31
"S00096346",89,74,15
"S00096347",85,73,12
"S00096348",80,54,26
"S00096349",73,61,12
"S00096350",61,34,27
"S00096351",159,75,84
"S00096352",120,72,48
"S00096353",54,34,20
"S00096354",83,48,35
"S00096355",145,70,75
"S00096356",116,68,48
"S00096357",127,79,48
"S00096358",66,42,24
"S00096359",55,47,8
"S00096360",81,57,24
"S00096361",66,45,21
"S00096362",70,46,24
"S00096363",70,41,29
"S00096364",73,43,30
"S00096365",73,33,40
"S00096366",97,67,30
"S00096367",125,74,51
"S00096368",75,52,23
"S00096369",180,59,121
"S00096370",76,32,44
"S00096371",80,40,40
"S00096372",95,61,34
"S00096373",108,54,54
"S00096374",129,54,75
"S00096375",122,71,51
"S00096376",83,49,34
"S00096377",125,83,42
"S00096378",61,43,18
"S00096379",102,66,36
"S00096380",122,61,61
"S00096381",100,40,60
"S00096382",72,54,18
"S00096383",95,41,54
"S00096384",98,57,41
"S00096385",77,51,26
"S00096386",122,84,38
"S00096387",121,79,42
"S00096388",135,87,48
"S00096389",84,48,36
"S00096390",152,88,64
"S00096391",141,87,54
"S00096392",47,31,16
"S00096393",56,34,22
"S00096394",58,39,19
"S00096395",102,82,20
"S00096396",105,64,41
"S00096397",116,61,55
"S00096398",112,58,54
"S00096399",64,48,16
"S00096400",70,30,40
"S00096401",89,43,46
"S00096402",94,66,28
"S00096403",65,51,14
"S00096404",47,29,18
"S00096405",70,38,32
"S00096406",63,33,30
"S00096407",109,80,29
"S00096408",98,62,36
"S00096409",116,52,64
"S00096410",63,45,18
"S00096411",122,61,61
"S00096412",51,35,16
"S00096413",100,46,54
"S00096414",130,74,56
"S00096415",110,62,48
"S00096416",81,55,26
"S00096417",55,39,16
"S00096418",90,59,31
"S00096419",84,55,29
"S00096420",67,39,28
"S00096421",94,66,28
"S00096422",134,80,54
"S00096423",118,61,57
"S00096424",103,57,46
"S00096425",142,79,63
"S00096426",76,36,40
"S00096427",111,59,52
"S00096428",107,59,48
"S00096429",76,45,31
"S00096430",96,52,44
"S00096431",64,44,20
"S00096432",55,41,14
"S00096433",47,41,6
"S00096434",66,56,10
"S00096435",58,32,26
"S00096436",145,70,75
"S00096437",54,49,5
"S00096438",63,41,22
"S00096439",64,52,12
"S00096440",62,46,16
"S00096441",52,46,6
"S00096442",66,56,10
"S00096443",83,76,7
"S00096444",102,35,67
"S00096445",95,77,18
"S00096446",83,62,21
"S00096447",89,34,55
"S00096448",67,41,26
"S00096449",107,56,51
"S00096450",75,23,52
"S00096451",120,44,76
"S00096452",105,46,59
"S00096453",67,35,32
"S00096454",108,37,71
"S00096455",92,42,50
"S00096456",90,34,56
"S00096457",67,39,28
"S00096458",85,36,49
"S00096459",96,46,50
"S00096460",96,54,42
"S00096461",89,49,40
"S00096462",97,50,47
"S00096463",98,70,28
"S00096464",106,61,45
"S00096465",120,79,41
"S00096466",71,52,19
"S00096467",82,51,31
"S00096468",66,51,15
"S00096469",122,72,50
"S00096470",101,43,58
"S00096471",55,21,34
"S00096472",126,53,73
"S00096473",86,62,24
"S00096474",115,45,70
"S00096475",88,34,54
"S00096476",95,47,48
"S00096477",104,51,53
"S00096478",83,31,52
"S00096479",126,73,53
"S00096480",105,41,64
"S00096481",122,98,24
"S00096482",116,72,44
"S00096483",95,51,44
"S00096484",85,51,34
"S00096485",61,45,16
"S00096486",144,45,99
"S00096487",89,35,54
"S00096488",73,50,23
"S00096489",74,42,32
"S00096490",68,50,18
"S00096491",54,14,40
"S00096492",105,41,64
"S00096493",145,41,104
"S00096494",152,46,106
"S00096495",134,61,73
"S00096496",111,47,64
"S00096497",91,35,56
"S00096498",86,38,48
"S00096499",51,23,28
"S00096500",52,33,19
"S00096501",98,38,60
"S00096502",57,49,8
"S00096503",61,37,24
"S00096504",89,40,49
"S00096505",88,49,39
"S00096506",101,79,22
"S00096507",101,55,46
"S00096508",62,51,11
"S00096509",86,79,7
"S00096510",71,47,24
"S00096511",91,70,21
"S00096512",74,59,15
"S00096513",128,82,46
"S00096514",73,58,15
"S00096515",72,64,8
"S00096516",101,66,35
"S00096517",139,103,36
"S00096518",87,69,18
"S00096519",101,89,12
"S00096520",95,64,31
"S00096521",130,79,51
"S00096522",64,43,21
"S00096523",117,85,32
"S00096524",95,65,30
"S00096525",51,31,20
"S00096526",139,53,86
"S00096527",100,56,44
"S00096528",63,41,22
"S00096529",86,39,47
"S00096530",117,51,66
"S00096531",78,56,22
"S00096532",73,32,41
"S00096533",77,57,20
"S00096534",75,50,25
"S00096535",81,60,21
"S00096536",175,99,76
"S00096537",73,60,13
"S00096538",73,23,50
"S00096539",64,44,20
"S00096540",106,87,19
"S00096541",71,55,16
"S00096542",96,89,7
"S00096543",83,59,24
"S00096544",85,59,26
"S00096545",80,65,15
"S00096546",48,42,6
"S00096547",75,49,26
"S00096548",112,43,69
"S00096549",97,56,41
"S00096550",123,73,50
"S00096551",63,55,8
"S00096552",77,49,28
"S00096553",111,62,49
"S00096554",62,48,14
"S00096555",134,89,45
"S00096556",115,68,47
"S00096557",51,23,28
"S00096558",131,81,50
"S00096559",86,57,29
"S00096560",76,56,20
"S00096561",66,49,17
"S00096562",64,56,8
"S00096563",124,88,36
"S00096564",84,58,26
"S00096565",57,57,0
"S00096566",94,73,21
"S00096567",86,28,58
"S00096568",95,33,62
"S00096569",79,40,39
"S00096570",104,49,55
"S00096571",127,79,48
"S00096572",66,38,28
"S00096573",85,32,53
"S00096574",80,58,22
"S00096575",57,24,33
"S00096576",84,47,37
"S00096577",77,25,52
"S00096578",78,36,42
"S00096579",96,45,51
"S00096580",86,44,42
"S00096581",89,31,58
"S00096582",78,36,42
"S00096583",77,25,52
"S00096584",86,65,21
"S00096585",54,22,32
"S00096586",65,29,36
"S00096587",115,37,78
"S00096588",75,56,19
"S00096589",75,61,14
"S00096590",92,66,26
"S00096591",61,47,14
"S00096592",66,32,34
"S00096593",52,46,6
"S00096594",68,44,24
"S00096595",71,32,39
"S00096596",54,38,16
"S00096597",83,52,31
"S00096598",52,32,20
"S00096599",79,43,36
"S00096600",70,46,24
"S00096601",91,56,35
"S00096602",73,49,24
"S00096603",102,77,25
"S00096604",89,49,40
"S00096605",73,63,10
"S00096606",66,44,22
"S00096607",83,52,31
"S00096608",95,50,45
"S00096609",113,55,58
"S00096610",69,44,25
"S00096611",192,67,125
"S00096612",68,26,42
"S00096613",51,19,32
"S00096614",61,23,38
"S00096615",69,43,26
"S00096616",104,47,57
"S00096617",95,60,35
"S00096618",104,37,67
"S00096619",69,13,56
"S00096620",72,40,32
"S00096621",73,57,16
"S00096622",63,33,30
"S00096623",96,58,38
"S00096624",72,52,20
"S00096625",116,45,71
"S00096626",103,63,40
"S00096627",69,41,28
"S00096628",111,39,72
"S00096629",68,37,31
"S00096630",101,37,64
"S00096631",81,42,39
"S00096632",92,57,35
"S00096633",93,61,32
"S00096634",75,49,26
"S00096635",95,59,36
"S00096636",81,48,33
"S00096637",80,50,30
"S00096638",71,41,30
"S00096639",61,20,41
"S00096640",67,53,14
"S00096641",79,33,46
"S00096642",111,40,71
"S00096643",138,46,92
"S00096644",98,47,51
"S00096645",68,27,41
"S00096646",62,34,28
"S00096647",101,68,33
"S00096648",41,31,10
"S00096649",90,43,47
"S00096650",75,27,48
"S00096651",183,74,109
"S00096652",141,59,82
"S00096653",48,15,33
"S00096654",132,54,78
"S00096655",151,99,52
"S00096656",67,31,36
"S00096657",72,52,20
"S00096658",50,42,8
"S00096659",90,68,22
"S00096660",88,70,18
"S00096661",126,51,75
"S00096662",92,34,58
"S00096663",108,53,55
"S00096664",190,103,87
"S00096665",143,95,48
"S00096666",75,39,36
"S00096667",53,43,10
"S00096668",73,60,13
"S00096669",137,47,90
"S00096670",87,40,47
"S00096671",80,34,46
"S00096672",90,54,36
"S00096673",142,70,72
"S00096674",107,43,64
"S00096675",99,45,54
"S00096676",75,38,37
"S00096677",48,37,11
"S00096678",66,58,8
"S00096679",70,45,25
"S00096680",70,53,17
"S00096681",81,60,21
"S00096682",87,73,14
"S00096683",120,59,61
"S00096684",67,49,18
"S00096685",96,66,30
"S00096686",141,87,54
"S00096687",143,76,67
"S00096688",94,40,54
"S00096689",82,48,34
"S00096690",64,42,22
"S00096691",77,36,41
"S00096692",169,75,94
"S00096693",124,52,72
"S00096694",141,93,48
"S00096695",61,39,22
"S00096696",110,58,52
"S00096697",87,75,12
"S00096698",57,29,28
"S00096699",62,43,19
"S00096700",79,49,30
"S00096701",65,56,9
"S00096702",85,41,44
"S00096703",103,55,48
"S00096704",85,50,35
"S00096705",123,51,72
"S00096706",64,45,19
"S00096707",57,23,34
"S00096708",50,42,8
"S00096709",53,36,17
"S00096710",79,71,8
"S00096711",67,47,20
"S00096712",115,68,47
"S00096713",111,71,40
"S00096714",63,33,30
"S00096715",146,62,84
"S00096716",60,34,26
"S00096717",72,62,10
"S00096718",68,57,11
"S00096719",119,58,61
"S00096720",57,48,9
"S00096721",54,38,16
"S00096722",71,51,20
"S00096723",99,79,20
"S00096724",61,57,4
"S00096725",86,52,34
"S00096726",67,54,13
"S00096727",104,58,46
"S00096728",117,70,47
"S00096729",112,66,46
"S00096730",81,67,14
"S00096731",58,33,25
"S00096732",82,68,14
"S00096733",127,84,43
"S00096734",65,43,22
"S00096735",95,63,32
"S00096736",62,42,20
"S00096737",49,24,25
"S00096738",90,69,21
"S00096739",116,75,41
"S00096740",94,66,28
"S00096741",166,119,47
"S00096742",106,62,44
"S00096743",89,39,50
"S00096744",103,51,52
"S00096745",84,58,26
"S00096746",80,62,18
"S00096747",155,73,82
"S00096748",133,61,72
"S00096749",150,83,67
"S00096750",142,84,58
"S00096751",78,57,21
"S00096752",95,60,35
"S00096753",86,44,42
"S00096754",92,56,36
"S00096755",111,58,53
"S00096756",98,59,39
"S00096757",62,48,14
"S00096758",98,80,18
"S00096759",62,50,12
"S00096760",95,72,23
"S00096761",73,51,22
"S00096762",54,44,10
"S00096763",66,54,12
"S00096764",47,28,19
"S00096765",84,62,22
"S00096766",105,75,30
"S00096767",83,68,15
"S00096768",74,49,25
"S00096769",62,39,23
"S00096770",60,34,26
"S00096771",78,54,24
"S00096772",81,41,40
"S00096773",94,58,36
"S00096774",88,62,26
"S00096775",53,45,8
"S00096776",62,54,8
"S00096777",56,48,8
"S00096778",56,47,9
"S00096779",51,35,16
"S00096780",41,33,8
"S00096781",85,42,43
"S00096782",101,73,28
"S00096783",58,44,14
"S00096784",90,58,32
"S00096785",109,57,52
"S00096786",100,52,48
"S00096787",132,67,65
"S00096788",79,51,28
"S00096789",67,45,22
"S00096790",74,44,30
"S00096791",72,52,20
"S00096792",84,56,28
"S00096793",74,54,20
"S00096794",136,99,37
"S00096795",104,74,30
"S00096796",75,57,18
"S00096797",75,49,26
"S00096798",84,64,20
"S00096799",59,47,12
"S00096800",76,36,40
"S00096801",83,39,44
"S00096802",79,35,44
"S00096803",137,83,54
"S00096804",102,46,56
"S00096805",53,25,28
"S00096806",102,74,28
"S00096807",71,47,24
"S00096808",94,66,28
"S00096809",77,63,14
"S00096810",73,43,30
"S00096811",69,37,32
"S00096812",120,81,39
"S00096813",96,64,32
"S00096814",106,49,57
"S00096815",140,80,60
"S00096816",128,80,48
"S00096817",98,40,58
"S00096818",91,54,37
"S00096819",101,48,53
"S00096820",106,44,62
"S00096821",71,44,27
"S00096822",84,37,47
"S00096823",71,49,22
"S00096824",97,53,44
"S00096825",96,61,35
"S00096826",84,50,34
"S00096827",88,52,36
"S00096828",86,45,41
"S00096829",72,40,32
"S00096830",84,42,42
"S00096831",127,62,65
"S00096832",78,50,28
"S00096833",102,57,45
"S00096834",110,66,44
"S00096835",116,64,52
"S00096836",73,41,32
"S00096837",78,52,26
"S00096838",138,79,59
"S00096839",118,80,38
"S00096840",129,74,55
"S00096841",122,72,50
"S00096842",102,66,36
"S00096843",74,36,38
"S00096844",92,55,37
"S00096845",86,45,41
"S00096846",80,59,21
"S00096847",48,30,18
"S00096848",79,68,11
"S00096849",88,56,32
"S00096850",78,46,32
"S00096851",75,47,28
"S00096852",60,36,24
"S00096853",115,74,41
"S00096854",72,48,24
"S00096855",124,57,67
"S00096856",129,67,62
"S00096857",68,44,24
"S00096858",62,42,20
"S00096859",130,98,32
"S00096860",83,39,44
"S00096861",65,62,3
"S00096862",78,75,3
"S00096863",107,78,29
"S00096864",67,47,20
"S00096865",54,44,10
"S00096866",83,71,12
"S00096867",73,65,8
"S00096868",53,49,4
"S00096869",61,52,9
"S00096870",48,38,10
"S00096871",102,66,36
"S00096872",248,169,79
"S00096873",105,59,46
"S00096874",56,34,22
"S00096875",66,48,18
"S00096876",93,73,20
"S00096877",82,56,26
"S00096878",117,85,32
"S00096879",81,63,18
"S00096880",100,86,14
"S00096881",89,67,22
"S00096882",84,64,20
"S00096883",57,47,10
"S00096884",84,36,48
"S00096885",115,41,74
"S00096886",88,44,44
"S00096887",79,31,48
"S00096888",91,53,38
"S00096889",151,39,112
"S00096890",138,86,52
"S00096891",110,59,51
"S00096892",70,45,25
"S00096893",55,50,5
"S00096894",77,56,21
"S00096895",95,75,20
"S00096896",115,81,34
"S00096897",87,47,40
"S00096898",75,57,18
"S00096899",99,71,28
"S00096900",95,71,24
"S00096901",101,34,67
"S00096902",71,37,34
"S00096903",61,35,26
"S00096904",102,66,36
"S00096905",85,55,30
"S00096906",94,59,35
"S00096907",83,61,22
"S00096908",139,80,59
"S00096909",86,62,24
"S00096910",91,52,39
"S00096911",100,34,66
"S00096912",133,55,78
"S00096913",115,47,68
"S00096914",99,35,64
"S00096915",87,27,60
"S00096916",130,29,101
"S00096917",53,17,36
"S00096918",66,29,37
"S00096919",98,30,68
"S00096920",90,36,54
"S00096921",85,37,48
"S00096922",94,32,62
"S00096923",56,22,34
"S00096924",56,22,34
"S00096925",138,44,94
"S00096926",96,42,54
"S00096927",99,53,46
"S00096928",84,44,40
"S00096929",95,60,35
"S00096930",65,37,28
"S00096931",80,42,38
"S00096932",139,87,52
"S00096933",113,56,57
"S00096934",85,64,21
"S00096935",71,35,36
"S00096936",97,71,26
"S00096937",111,59,52
"S00096938",99,78,21
"S00096939",49,22,27
"S00096940",66,49,17
"S00096941",94,74,20
"S00096942",114,85,29
"S00096943",104,81,23
"S00096944",86,67,19
"S00096945",82,62,20
"S00096946",66,47,19
"S00096947",77,61,16
"S00096948",90,70,20
"S00096949",69,46,23
"S00096950",77,53,24
"S00096951",82,53,29
"S00096952",102,83,19
"S00096953",57,44,13
"S00096954",53,42,11
"S00096955",117,68,49
"S00096956",109,56,53
"S00096957",127,85,42
"S00096958",105,79,26
"S00096959",49,39,10
"S00096960",60,47,13
"S00096961",67,40,27
"S00096962",72,57,15
"S00096963",87,61,26
"S00096964",120,78,42
"S00096965",67,45,22
"S00096966",47,31,16
"S00096967",97,81,16
"S00096968",98,73,25
"S00096969",93,50,43
"S00096970",105,61,44
"S00096971",40,22,18
"S00096972",105,56,49
"S00096973",112,60,52
"S00096974",82,67,15
"S00096975",133,51,82
"S00096976",72,54,18
"S00096977",69,40,29
"S00096978",103,65,38
"S00096979",64,40,24
"S00096980",111,79,32
"S00096981",125,59,66
"S00096982",108,31,77
"S00096983",82,25,57
"S00096984",98,74,24
"S00096985",70,28,42
"S00096986",84,45,39
"S00096987",66,64,2
"S00096988",69,35,34
"S00096989",111,90,21
"S00096990",62,52,10
"S00096991",42,34,8
"S00096992",51,29,22
"S00096993",84,34,50
"S00096994",46,38,8
"S00096995",79,63,16
"S00096996",45,33,12
"S00096997",41,24,17
"S00096998",84,35,49
"S00096999",102,36,66
"S00097000",89,50,39
"S00097001",76,46,30
"S00097002",54,30,24
"S00097003",55,51,4
"S00097004",83,49,34
"S00097005",103,49,54
"S00097006",61,31,30
"S00097007",122,90,32
"S00097008",59,11,48
"S00097009",95,49,46
"S00097010",61,30,31
"S00097011",89,65,24
"S00097012",66,44,22
"S00097013",103,58,45
"S00097014",82,47,35
"S00097015",57,47,10
"S00097016",56,48,8
"S00097017",59,44,15
"S00097018",55,44,11
"S00097019",58,50,8
"S00097020",52,46,6
"S00097021",77,75,2
"S00097022",85,73,12
"S00097023",98,30,68
"S00097024",57,15,42
"S00097025",191,64,127
"S00097026",81,29,52
"S00097027",90,40,50
"S00097028",76,51,25
"S00097029",107,38,69
"S00097030",82,38,44
"S00097031",84,38,46
"S00097032",134,43,91
"S00097033",66,55,11
"S00097034",62,51,11
"S00097035",46,40,6
"S00097036",44,44,0
"S00097037",85,44,41
"S00097038",124,54,70
"S00097039",78,50,28
"S00097040",54,36,18
"S00097041",50,40,10
"S00097042",74,38,36
"S00097043",65,32,33
"S00097044",147,78,69
"S00097045",125,73,52
"S00097046",62,31,31
"S00097047",115,93,22
"S00097048",109,66,43
"S00097049",64,37,27
"S00097050",64,30,34
"S00097051",94,67,27
"S00097052",106,44,62
"S00097053",122,44,78
"S00097054",127,95,32
"S00097055",49,40,9
"S00097056",109,91,18
"S00097057",66,37,29
"S00097058",82,36,46
"S00097059",49,42,7
"S00097060",49,30,19
"S00097061",83,32,51
"S00097062",105,50,55
"S00097063",76,50,26
"S00097064",51,31,20
"S00097065",69,45,24
"S00097066",75,41,34
"S00097067",74,35,39
"S00097068",88,44,44
"S00097069",129,41,88
"S00097070",59,18,41
"S00097071",119,48,71
"S00097072",47,45,2
"S00097073",75,43,32
"S00097074",89,79,10
"S00097075",50,44,6
"S00097076",71,61,10
"S00097077",48,48,0
"S00097078",78,32,46
"S00097079",102,16,86
"S00097080",82,42,40
"S00097081",78,35,43
"S00097082",66,34,32
"S00097083",63,41,22
"S00097084",86,41,45
"S00097085",92,64,28
"S00097086",48,45,3
"S00097087",85,57,28
"S00097088",64,31,33
"S00097089",59,33,26
"S00097090",114,58,56
"S00097091",94,42,52
"S00097092",74,20,54
"S00097093",90,52,38
"S00097094",66,44,22
"S00097095",166,54,112
"S00097096",100,32,68
"S00097097",86,36,50
"S00097098",78,66,12
"S00097099",86,74,12
"S00097100",74,66,8
"S00097101",49,37,12
"S00097102",61,49,12
"S00097103",69,53,16
"S00097104",131,47,84
"S00097105",52,46,6
"S00097106",134,62,72
"S00097107",85,31,54
"S00097108",61,27,34
"S00097109",108,36,72
"S00097110",85,27,58
"S00097111",63,27,36
"S00097112",107,45,62
"S00097113",97,61,36
"S00097114",87,31,56
"S00097115",102,49,53
"S00097116",115,47,68
"S00097117",65,21,44
"S00097118",138,57,81
"S00097119",99,40,59
"S00097120",96,38,58
"S00097121",118,45,73
"S00097122",90,39,51
"S00097123",113,37,76
"S00097124",77,36,41
"S00097125",96,36,60
"S00097126",80,26,54
"S00097127",70,24,46
"S00097128",140,36,104
"S00097129",47,17,30
"S00097130",61,17,44
"S00097131",89,45,44
"S00097132",81,36,45
"S00097133",116,43,73
"S00097134",146,48,98
"S00097135",88,42,46
"S00097136",141,59,82
"S00097137",70,36,34
"S00097138",76,37,39
"S00097139",117,51,66
"S00097140",99,41,58
"S00097141",150,54,96
"S00097142",152,38,114
"S00097143",73,23,50
"S00097144",82,48,34
"S00097145",142,53,89
"S00097146",98,35,63
"S00097147",122,53,69
"S00097148",152,64,88
"S00097149",101,38,63
"S00097150",132,71,61
"S00097151",85,23,62
"S00097152",121,49,72
"S00097153",152,64,88
"S00097154",127,50,77
"S00097155",75,33,42
"S00097156",124,62,62
"S00097157",156,56,100
"S00097158",96,43,53
"S00097159",173,74,99
"S00097160",67,28,39
"S00097161",176,63,113
"S00097162",119,39,80
"S00097163",108,40,68
"S00097164",119,54,65
"S00097165",50,26,24
"S00097166",98,48,50
"S00097167",155,72,83
"S00097168",97,39,58
"S00097169",42,15,27
"S00097170",175,63,112
"S00097171",108,44,64
"S00097172",116,48,68
"S00097173",128,69,59
"S00097174",101,45,56
"S00097175",84,38,46
"S00097176",94,40,54
"S00097177",83,54,29
"S00097178",101,30,71
"S00097179",62,32,30
"S00097180",105,45,60
"S00097181",144,61,83
"S00097182",78,48,30
"S00097183",110,44,66
"S00097184",100,30,70
"S00097185",106,36,70
"S00097186",73,33,40
"S00097187",94,28,66
"S00097188",94,48,46
"S00097189",101,35,66
"S00097190",71,25,46
"S00097191",49,23,26
"S00097192",74,42,32
"S00097193",143,100,43
"S00097194",161,52,109
"S00097195",90,40,50
"S00097196",105,51,54
"S00097197",86,31,55
"S00097198",114,49,65
"S00097199",92,54,38
"S00097200",119,43,76
"S00097201",82,36,46
"S00097202",73,31,42
"S00097203",98,37,61
"S00097204",77,21,56
"S00097205",99,29,70
"S00097206",116,50,66
"S00097207",121,54,67
"S00097208",123,51,72
"S00097209",123,48,75
"S00097210",117,41,76
"S00097211",167,73,94
"S00097212",140,40,100
"S00097213",124,60,64
"S00097214",120,41,79
"S00097215",116,52,64
"S00097216",121,46,75
"S00097217",157,66,91
"S00097218",157,68,89
"S00097219",118,52,66
"S00097220",96,43,53
"S00097221",77,40,37
"S00097222",70,25,45
"S00097223",141,58,83
"S00097224",154,59,95
"S00097225",70,34,36
"S00097226",72,40,32
"S00097227",98,53,45
"S00097228",137,49,88
"S00097229",73,32,41
"S00097230",113,58,55
"S00097231",75,45,30
"S00097232",142,61,81
"S00097233",98,54,44
"S00097234",136,52,84
"S00097235",154,66,88
"S00097236",128,34,94
"S00097237",129,56,73
"S00097238",107,37,70
"S00097239",122,46,76
"S00097240",61,55,6
"S00097241",63,19,44
"S00097242",102,46,56
"S00097243",143,58,85
"S00097244",100,34,66
"S00097245",113,56,57
"S00097246",54,19,35
"S00097247",90,32,58
"S00097248",119,53,66
"S00097249",87,31,56
"S00097250",113,49,64
"S00097251",150,51,99
"S00097252",164,65,99
"S00097253",134,57,77
"S00097254",114,48,66
"S00097255",113,45,68
"S00097256",90,45,45
"S00097257",70,38,32
"S00097258",79,49,30
"S00097259",120,47,73
"S00097260",65,26,39
"S00097261",67,27,40
"S00097262",94,33,61
"S00097263",89,38,51
"S00097264",77,17,60
"S00097265",72,30,42
"S00097266",66,30,36
"S00097267",58,30,28
"S00097268",125,40,85
"S00097269",127,54,73
"S00097270",46,18,28
"S00097271",83,35,48
"S00097272",66,36,30
"S00097273",54,26,28
"S00097274",72,41,31
"S00097275",71,24,47
"S00097276",85,37,48
"S00097277",115,37,78
"S00097278",90,46,44
"S00097279",97,41,56
"S00097280",75,43,32
"S00097281",93,33,60
"S00097282",103,43,60
"S00097283",51,34,17
"S00097284",89,41,48
"S00097285",67,21,46
"S00097286",64,26,38
"S00097287",145,60,85
"S00097288",124,69,55
"S00097289",93,46,47
"S00097290",91,51,40
"S00097291",63,37,26
"S00097292",59,35,24
"S00097293",111,50,61
"S00097294",103,39,64
"S00097295",67,33,34
"S00097296",85,32,53
"S00097297",50,26,24
"S00097298",110,36,74
"S00097299",80,31,49
"S00097300",151,51,100
"S00097301",58,24,34
"S00097302",77,36,41
"S00097303",138,59,79
"S00097304",77,16,61
"S00097305",84,49,35
"S00097306",102,39,63
"S00097307",139,41,98
"S00097308",77,32,45
"S00097309",106,32,74
"S00097310",136,36,100
"S00097311",136,52,84
"S00097312",56,22,34
"S00097313",62,27,35
"S00097314",71,29,42
"S00097315",131,40,91
"S00097316",50,21,29
"S00097317",80,27,53
"S00097318",49,21,28
"S00097319",59,23,36
"S00097320",59,27,32
"S00097321",79,31,48
"S00097322",61,35,26
"S00097323",107,35,72
"S00097324",109,36,73
"S00097325",92,40,52
"S00097326",85,31,54
"S00097327",94,41,53
"S00097328",121,48,73
"S00097329",140,55,85
"S00097330",90,44,46
"S00097331",117,67,50
"S00097332",65,27,38
"S00097333",108,48,60
"S00097334",83,41,42
"S00097335",116,44,72
"S00097336",62,25,37
"S00097337",72,35,37
"S00097338",87,43,44
"S00097339",109,78,31
"S00097340",132,52,80
"S00097341",98,38,60
"S00097342",115,46,69
"S00097343",89,51,38
"S00097344",156,61,95
"S00097345",67,27,40
"S00097346",121,46,75
"S00097347",55,21,34
"S00097348",143,81,62
"S00097349",105,54,51
"S00097350",111,47,64
"S00097351",82,34,48
"S00097352",74,68,6
"S00097353",108,40,68
"S00097354",127,52,75
"S00097355",43,21,22
"S00097356",103,51,52
"S00097357",79,37,42
"S00097358",62,22,40
"S00097359",86,35,51
"S00097360",130,39,91
"S00097361",54,20,34
"S00097362",59,25,34
"S00097363",116,56,60
"S00097364",131,51,80
"S00097365",85,39,46
"S00097366",95,36,59
"S00097367",123,69,54
"S00097368",111,41,70
"S00097369",110,60,50
"S00097370",56,16,40
"S00097371",97,43,54
"S00097372",52,32,20
"S00097373",63,16,47
"S00097374",104,38,66
"S00097375",109,30,79
"S00097376",84,36,48
"S00097377",113,57,56
"S00097378",121,49,72
"S00097379",103,51,52
"S00097380",92,39,53
"S00097381",105,42,63
"S00097382",105,29,76
"S00097383",100,42,58
"S00097384",63,32,31
"S00097385",78,31,47
"S00097386",92,32,60
"S00097387",86,31,55
"S00097388",86,57,29
"S00097389",93,34,59
"S00097390",112,40,72
"S00097391",72,46,26
"S00097392",119,39,80
"S00097393",81,27,54
"S00097394",51,21,30
"S00097395",112,44,68
"S00097396",63,21,42
"S00097397",91,28,63
"S00097398",80,34,46
"S00097399",75,26,49
"S00097400",115,45,70
"S00097401",52,37,15
"S00097402",96,37,59
"S00097403",79,44,35
"S00097404",107,44,63
"S00097405",83,43,40
"S00097406",64,36,28
"S00097407",54,26,28
"S00097408",61,21,40
"S00097409",66,23,43
"S00097410",78,32,46
"S00097411",87,34,53
"S00097412",77,25,52
"S00097413",116,55,61
"S00097414",100,32,68
"S00097415",112,43,69
"S00097416",100,42,58
"S00097417",132,58,74
"S00097418",145,75,70
"S00097419",85,30,55
"S00097420",102,40,62
"S00097421",88,43,45
"S00097422",117,38,79
"S00097423",51,23,28
"S00097424",115,42,73
"S00097425",112,31,81
"S00097426",69,21,48
"S00097427",61,31,30
"S00097428",95,43,52
"S00097429",87,52,35
"S00097430",66,34,32
"S00097431",135,72,63
"S00097432",73,41,32
"S00097433",103,48,55
"S00097434",128,44,84
"S00097435",99,47,52
"S00097436",114,87,27
"S00097437",80,36,44
"S00097438",140,64,76
"S00097439",101,45,56
"S00097440",57,18,39
"S00097441",84,50,34
"S00097442",110,45,65
"S00097443",109,57,52
"S00097444",109,50,59
"S00097445",50,12,38
"S00097446",139,39,100
"S00097447",90,43,47
"S00097448",104,40,64
"S00097449",98,35,63
"S00097450",107,37,70
"S00097451",94,38,56
"S00097452",51,21,30
"S00097453",143,59,84
"S00097454",81,35,46
"S00097455",86,46,40
"S00097456",138,60,78
"S00097457",82,30,52
"S00097458",97,43,54
"S00097459",113,60,53
"S00097460",151,78,73
"S00097461",50,16,34
"S00097462",118,44,74
"S00097463",58,27,31
"S00097464",99,31,68
"S00097465",161,60,101
"S00097466",132,42,90
"S00097467",76,33,43
"S00097468",72,38,34
"S00097469",107,31,76
"S00097470",133,46,87
"S00097471",109,36,73
"S00097472",68,42,26
"S00097473",81,53,28
"S00097474",67,45,22
"S00097475",79,40,39
"S00097476",82,36,46
"S00097477",102,58,44
"S00097478",80,46,34
"S00097479",116,61,55
"S00097480",50,20,30
"S00097481",95,32,63
"S00097482",58,28,30
"S00097483",82,42,40
"S00097484",55,27,28
"S00097485",94,48,46
"S00097486",102,37,65
"S00097487",94,56,38
"S00097488",75,40,35
"S00097489",78,34,44
"S00097490",133,95,38
"S00097491",54,22,32
"S00097492",119,57,62
"S00097493",88,51,37
"S00097494",78,26,52
"S00097495",74,24,50
"S00097496",88,34,54
"S00097497",89,66,23
"S00097498",79,51,28
"S00097499",102,59,43
"S00097500",102,45,57
"S00097501",72,48,24
"S00097502",113,47,66
"S00097503",93,51,42
"S00097504",109,32,77
"S00097505",97,33,64
"S00097506",115,25,90
"S00097507",71,28,43
"S00097508",97,40,57
"S00097509",73,55,18
"S00097510",120,61,59
"S00097511",155,73,82
"S00097512",81,28,53
"S00097513",68,31,37
"S00097514",70,29,41
"S00097515",129,34,95
"S00097516",116,67,49
"S00097517",62,34,28
"S00097518",72,31,41
"S00097519",105,57,48
"S00097520",82,30,52
"S00097521",119,73,46
"S00097522",51,26,25
"S00097523",61,35,26
"S00097524",114,53,61
"S00097525",90,37,53
"S00097526",121,45,76
"S00097527",103,63,40
"S00097528",119,75,44
"S00097529",124,46,78
"S00097530",104,41,63
"S00097531",104,70,34
"S00097532",89,71,18
"S00097533",97,61,36
"S00097534",91,51,40
"S00097535",138,56,82
"S00097536",58,41,17
"S00097537",98,83,15
"S00097538",111,62,49
"S00097539",150,112,38
"S00097540",108,64,44
"S00097541",51,29,22
"S00097542",50,46,4
"S00097543",70,65,5
"S00097544",66,48,18
"S00097545",108,76,32
"S00097546",71,57,14
"S00097547",78,46,32
"S00097548",95,60,35
"S00097549",137,78,59
"S00097550",80,68,12
"S00097551",60,40,20
"S00097552",65,55,10
"S00097553",84,48,36
"S00097554",97,54,43
"S00097555",65,17,48
"S00097556",123,65,58
"S00097557",60,52,8
"S00097558",137,68,69
"S00097559",95,41,54
"S00097560",77,34,43
"S00097561",126,62,64
"S00097562",132,51,81
"S00097563",64,22,42
"S00097564",80,46,34
"S00097565",101,64,37
"S00097566",118,58,60
"S00097567",108,50,58
"S00097568",104,67,37
"S00097569",66,31,35
"S00097570",139,57,82
"S00097571",128,47,81
"S00097572",69,34,35
"S00097573",58,40,18
"S00097574",83,30,53
"S00097575",111,55,56
"S00097576",125,70,55
"S00097577",86,44,42
"S00097578",73,38,35
"S00097579",89,35,54
"S00097580",106,54,52
"S00097581",80,50,30
"S00097582",99,43,56
"S00097583",134,48,86
"S00097584",83,53,30
"S00097585",86,51,35
"S00097586",115,60,55
"S00097587",99,51,48
"S00097588",93,45,48
"S00097589",81,46,35
"S00097590",65,45,20
"S00097591",81,40,41
"S00097592",61,47,14
"S00097593",74,24,50
"S00097594",55,21,34
"S00097595",83,41,42
"S00097596",76,36,40
"S00097597",102,41,61
"S00097598",74,46,28
"S00097599",61,38,23
"S00097600",78,23,55
"S00097601",119,40,79
"S00097602",115,34,81
"S00097603",102,36,66
"S00097604",122,60,62
"S00097605",119,54,65
"S00097606",124,60,64
"S00097607",100,55,45
"S00097608",93,39,54
"S00097609",118,61,57
"S00097610",107,74,33
"S00097611",138,41,97
"S00097612",115,67,48
"S00097613",96,52,44
"S00097614",53,29,24
"S00097615",78,43,35
"S00097616",95,41,54
"S00097617",85,55,30
"S00097618",86,50,36
"S00097619",110,69,41
"S00097620",125,53,72
"S00097621",93,59,34
"S00097622",95,49,46
"S00097623",103,38,65
"S00097624",104,53,51
"S00097625",75,58,17
"S00097626",84,39,45
"S00097627",94,32,62
"S00097628",71,42,29
"S00097629",54,35,19
"S00097630",111,60,51
"S00097631",94,56,38
"S00097632",102,45,57
"S00097633",99,58,41
"S00097634",135,56,79
"S00097635",94,46,48
"S00097636",158,87,71
"S00097637",138,46,92
"S00097638",68,32,36
"S00097639",60,27,33
"S00097640",107,32,75
"S00097641",118,72,46
"S00097642",148,101,47
"S00097643",146,61,85
"S00097644",144,47,97
"S00097645",124,73,51
"S00097646",97,54,43
"S00097647",118,74,44
"S00097648",61,21,40
"S00097649",65,46,19
"S00097650",47,41,6
"S00097651",64,35,29
"S00097652",68,44,24
"S00097653",77,27,50
"S00097654",61,44,17
"S00097655",81,47,34
"S00097656",116,50,66
"S00097657",126,76,50
"S00097658",114,56,58
"S00097659",97,38,59
"S00097660",87,26,61
"S00097661",106,56,50
"S00097662",84,50,34
"S00097663",123,63,60
"S00097664",72,48,24
"S00097665",78,38,40
"S00097666",92,44,48
"S00097667",70,39,31
"S00097668",86,36,50
"S00097669",61,47,14
"S00097670",113,59,54
"S00097671",91,35,56
"S00097672",72,33,39
"S00097673",80,68,12
"S00097674",94,49,45
"S00097675",79,36,43
"S00097676",103,50,53
"S00097677",77,44,33
"S00097678",104,61,43
"S00097679",87,63,24
"S00097680",101,33,68
"S00097681",71,42,29
"S00097682",129,63,66
"S00097683",57,23,34
"S00097684",123,61,62
"S00097685",65,43,22
"S00097686",112,64,48
"S00097687",83,42,41
"S00097688",77,37,40
"S00097689",90,49,41
"S00097690",106,52,54
"S00097691",94,61,33
"S00097692",68,40,28
"S00097693",89,24,65
"S00097694",137,87,50
"S00097695",117,30,87
"S00097696",101,69,32
"S00097697",71,42,29
"S00097698",62,48,14
"S00097699",83,41,42
"S00097700",75,29,46
"S00097701",72,28,44
"S00097702",80,54,26
"S00097703",78,47,31
"S00097704",79,50,29
"S00097705",92,57,35
"S00097706",77,45,32
"S00097707",63,48,15
"S00097708",87,55,32
"S00097709",74,38,36
"S00097710",78,44,34
"S00097711",110,68,42
"S00097712",142,72,70
"S00097713",99,45,54
"S00097714",107,46,61
"S00097715",91,33,58
"S00097716",91,27,64
"S00097717",125,71,54
"S00097718",128,58,70
"S00097719",85,67,18
"S00097720",78,45,33
"S00097721",84,42,42
"S00097722",74,38,36
"S00097723",73,43,30
"S00097724",92,38,54
"S00097725",80,42,38
"S00097726",87,39,48
"S00097727",79,44,35
"S00097728",154,98,56
"S00097729",105,59,46
"S00097730",110,33,77
"S00097731",116,59,57
"S00097732",121,67,54
"S00097733",83,55,28
"S00097734",102,71,31
"S00097735",67,53,14
"S00097736",101,53,48
"S00097737",107,55,52
"S00097738",81,38,43
"S00097739",90,47,43
"S00097740",46,34,12
"S00097741",70,39,31
"S00097742",68,49,19
"S00097743",102,58,44
"S00097744",115,38,77
"S00097745",68,12,56
"S00097746",96,38,58
"S00097747",88,35,53
"S00097748",91,30,61
"S00097749",101,62,39
"S00097750",62,43,19
"S00097751",104,69,35
"S00097752",66,42,24
"S00097753",112,73,39
"S00097754",139,56,83
"S00097755",71,27,44
"S00097756",131,77,54
"S00097757",155,64,91
"S00097758",106,40,66
"S00097759",132,59,73
"S00097760",85,35,50
"S00097761",146,71,75
"S00097762",92,33,59
"S00097763",76,24,52
"S00097764",84,44,40
"S00097765",60,37,23
"S00097766",98,43,55
"S00097767",130,77,53
"S00097768",103,52,51
"S00097769",114,52,62
"S00097770",151,51,100
"S00097771",79,50,29
"S00097772",89,54,35
"S00097773",132,84,48
"S00097774",97,44,53
"S00097775",100,50,50
"S00097776",90,45,45
"S00097777",85,42,43
"S00097778",76,40,36
"S00097779",61,26,35
"S00097780",136,71,65
"S00097781",160,55,105
"S00097782",144,52,92
"S00097783",116,45,71
"S00097784",95,38,57
"S00097785",73,35,38
"S00097786",86,61,25
"S00097787",96,76,20
"S00097788",108,81,27
"S00097789",103,54,49
"S00097790",74,36,38
"S00097791",82,37,45
"S00097792",52,21,31
"S00097793",145,55,90
"S00097794",73,37,36
"S00097795",79,24,55
"S00097796",140,39,101
"S00097797",151,59,92
"S00097798",116,57,59
"S00097799",106,68,38
"S00097800",73,57,16
"S00097801",85,57,28
"S00097802",61,43,18
"S00097803",117,86,31
"S00097804",72,60,12
"S00097805",81,54,27
"S00097806",45,34,11
"S00097807",90,70,20
"S00097808",55,42,13
"S00097809",97,79,18
"S00097810",102,67,35
"S00097811",109,76,33
"S00097812",110,85,25
"S00097813",108,82,26
"S00097814",64,59,5
"S00097815",94,28,66
"S00097816",119,87,32
"S00097817",94,52,42
"S00097818",66,45,21
"S00097819",86,32,54
"S00097820",109,45,64
"S00097821",73,11,62
"S00097822",106,42,64
"S00097823",148,59,89
"S00097824",89,33,56
"S00097825",112,63,49
"S00097826",68,52,16
"S00097827",84,52,32
"S00097828",122,48,74
"S00097829",107,78,29
"S00097830",72,40,32
"S00097831",104,53,51
"S00097832",103,49,54
"S00097833",123,54,69
"S00097834",70,33,37
"S00097835",103,36,67
"S00097836",109,39,70
"S00097837",114,46,68
"S00097838",103,38,65
"S00097839",89,34,55
"S00097840",86,35,51
"S00097841",115,55,60
"S00097842",58,18,40
"S00097843",80,48,32
"S00097844",102,70,32
"S00097845",72,32,40
"S00097846",92,56,36
"S00097847",101,45,56
"S00097848",103,35,68
"S00097849",76,23,53
"S00097850",105,82,23
"S00097851",106,73,33
"S00097852",89,27,62
"S00097853",97,33,64
"S00097854",93,28,65
"S00097855",142,65,77
"S00097856",132,62,70
"S00097857",94,52,42
"S00097858",92,37,55
"S00097859",125,40,85
"S00097860",100,29,71
"S00097861",114,65,49
"S00097862",109,71,38
"S00097863",119,43,76
"S00097864",94,32,62
"S00097865",115,39,76
"S00097866",106,60,46
"S00097867",97,75,22
"S00097868",120,54,66
"S00097869",94,28,66
"S00097870",114,45,69
"S00097871",74,36,38
"S00097872",142,61,81
"S00097873",70,32,38
"S00097874",109,31,78
"S00097875",129,46,83
"S00097876",135,55,80
"S00097877",96,38,58
"S00097878",68,28,40
"S00097879",100,47,53
"S00097880",73,35,38
"S00097881",99,35,64
"S00097882",85,53,32
"S00097883",62,47,15
"S00097884",99,56,43
"S00097885",115,31,84
"S00097886",75,34,41
"S00097887",107,41,66
"S00097888",98,49,49
"S00097889",129,69,60
"S00097890",94,46,48
"S00097891",125,55,70
"S00097892",112,39,73
"S00097893",65,53,12
"S00097894",87,47,40
"S00097895",54,32,22
"S00097896",83,49,34
"S00097897",95,69,26
"S00097898",82,37,45
"S00097899",84,54,30
"S00097900",95,69,26
"S00097901",107,79,28
"S00097902",74,53,21
"S00097903",79,47,32
"S00097904",69,44,25
"S00097905",91,33,58
"S00097906",81,34,47
"S00097907",89,37,52
"S00097908",90,50,40
"S00097909",77,43,34
"S00097910",102,37,65
"S00097911",77,53,24
"S00097912",61,53,8
"S00097913",64,39,25
"S00097914",90,63,27
"S00097915",113,69,44
"S00097916",128,62,66
"S00097917",144,49,95
"S00097918",129,39,90
"S00097919",111,49,62
"S00097920",94,32,62
"S00097921",51,25,26
"S00097922",67,23,44
"S00097923",105,69,36
"S00097924",114,74,40
"S00097925",117,33,84
"S00097926",106,79,27
"S00097927",113,64,49
"S00097928",240,167,73
"S00097929",93,58,35
"S00097930",139,75,64
"S00097931",114,66,48
"S00097932",98,45,53
"S00097933",66,59,7
"S00097934",65,37,28
"S00097935",127,81,46
"S00097936",137,75,62
"S00097937",65,32,33
"S00097938",70,22,48
"S00097939",98,36,62
"S00097940",132,69,63
"S00097941",131,51,80
"S00097942",138,93,45
"S00097943",80,48,32
"S00097944",67,49,18
"S00097945",59,31,28
"S00097946",50,25,25
"S00097947",58,42,16
"S00097948",45,32,13
"S00097949",51,33,18
"S00097950",60,39,21
"S00097951",98,77,21
"S00097952",112,84,28
"S00097953",71,50,21
"S00097954",79,59,20
"S00097955",92,48,44
"S00097956",67,51,16
"S00097957",104,56,48
"S00097958",96,56,40
"S00097959",123,78,45
"S00097960",135,77,58
"S00097961",80,39,41
"S00097962",59,47,12
"S00097963",84,58,26
"S00097964",80,51,29
"S00097965",46,26,20
"S00097966",114,88,26
"S00097967",136,92,44
"S00097968",77,55,22
"S00097969",76,58,18
"S00097970",71,56,15
"S00097971",63,42,21
"S00097972",86,60,26
"S00097973",51,39,12
"S00097974",88,58,30
"S00097975",79,63,16
"S00097976",71,45,26
"S00097977",70,40,30
"S00097978",65,50,15
"S00097979",89,53,36
"S00097980",86,42,44
"S00097981",72,62,10
"S00097982",82,35,47
"S00097983",85,77,8
"S00097984",60,50,10
"S00097985",58,36,22
"S00097986",53,24,29
"S00097987",121,34,87
"S00097988",90,39,51
"S00097989",72,58,14
"S00097990",85,49,36
"S00097991",123,84,39
"S00097992",98,50,48
"S00097993",105,64,41
"S00097994",123,76,47
"S00097995",131,90,41
"S00097996",71,52,19
"S00097997",143,71,72
"S00097998",132,81,51
"S00097999",91,50,41
"S00098000",117,63,54
"S00098001",75,55,20
"S00098002",130,80,50
"S00098003",109,66,43
"S00098004",90,42,48
"S00098005",105,39,66
"S00098006",99,40,59
"S00098007",107,52,55
"S00098008",77,20,57
"S00098009",131,59,72
"S00098010",60,32,28
"S00098011",97,55,42
"S00098012",118,58,60
"S00098013",134,61,73
"S00098014",86,46,40
"S00098015",85,36,49
"S00098016",144,70,74
"S00098017",107,61,46
"S00098018",78,44,34
"S00098019",93,37,56
"S00098020",84,60,24
"S00098021",125,64,61
"S00098022",124,68,56
"S00098023",144,75,69
"S00098024",130,64,66
"S00098025",144,75,69
"S00098026",76,51,25
"S00098027",79,42,37
"S00098028",79,48,31
"S00098029",88,39,49
"S00098030",116,55,61
"S00098031",126,45,81
"S00098032",117,53,64
"S00098033",103,39,64
"S00098034",140,63,77
"S00098035",124,46,78
"S00098036",103,37,66
"S00098037",97,47,50
"S00098038",108,36,72
"S00098039",95,35,60
"S00098040",124,46,78
"S00098041",143,59,84
"S00098042",89,47,42
"S00098043",132,57,75
"S00098044",151,66,85
"S00098045",64,25,39
"S00098046",78,24,54
"S00098047",135,44,91
"S00098048",103,43,60
"S00098049",106,70,36
"S00098050",73,47,26
"S00098051",134,59,75
"S00098052",111,61,50
"S00098053",115,67,48
"S00098054",95,57,38
"S00098055",50,28,22
"S00098056",64,50,14
"S00098057",91,59,32
"S00098058",77,25,52
"S00098059",121,71,50
"S00098060",84,48,36
"S00098061",109,61,48
"S00098062",139,69,70
"S00098063",114,64,50
"S00098064",57,41,16
"S00098065",134,54,80
"S00098066",112,77,35
"S00098067",75,51,24
"S00098068",67,39,28
"S00098069",114,65,49
"S00098070",119,79,40
"S00098071",152,69,83
"S00098072",62,43,19
"S00098073",146,87,59
"S00098074",88,45,43
"S00098075",97,49,48
"S00098076",146,57,89
"S00098077",76,36,40
"S00098078",81,27,54
"S00098079",114,40,74
"S00098080",130,57,73
"S00098081",131,33,98
"S00098082",85,45,40
"S00098083",114,64,50
"S00098084",76,44,32
"S00098085",108,39,69
"S00098086",65,26,39
"S00098087",52,28,24
"S00098088",98,36,62
"S00098089",128,44,84
"S00098090",115,69,46
"S00098091",89,55,34
"S00098092",89,53,36
"S00098093",82,44,38
"S00098094",113,53,60
"S00098095",99,52,47
"S00098096",140,53,87
"S00098097",71,45,26
"S00098098",55,19,36
"S00098099",115,47,68
"S00098100",95,42,53
"S00098101",58,27,31
"S00098102",48,26,22
"S00098103",151,74,77
"S00098104",98,36,62
"S00098105",90,46,44
"S00098106",75,55,20
"S00098107",96,53,43
"S00098108",137,73,64
"S00098109",136,50,86
"S00098110",49,16,33
"S00098111",103,57,46
"S00098112",56,10,46
"S00098113",77,51,26
"S00098114",138,86,52
"S00098115",99,55,44
"S00098116",127,65,62
"S00098117",113,43,70
"S00098118",113,64,49
"S00098119",75,45,30
"S00098120",104,61,43
"S00098121",110,59,51
"S00098122",85,31,54
"S00098123",114,52,62
"S00098124",125,52,73
"S00098125",112,55,57
"S00098126",102,51,51
"S00098127",132,65,67
"S00098128",150,86,64
"S00098129",102,35,67
"S00098130",71,41,30
"S00098131",84,50,34
"S00098132",87,38,49
"S00098133",113,45,68
"S00098134",79,39,40
"S00098135",93,59,34
"S00098136",104,42,62
"S00098137",124,63,61
"S00098138",116,82,34
"S00098139",129,40,89
"S00098140",53,28,25
"S00098141",78,52,26
"S00098142",86,55,31
"S00098143",81,45,36
"S00098144",81,49,32
"S00098145",75,43,32
"S00098146",77,31,46
"S00098147",93,43,50
"S00098148",89,37,52
"S00098149",94,55,39
"S00098150",75,41,34
"S00098151",66,34,32
"S00098152",110,41,69
"S00098153",86,42,44
"S00098154",52,20,32
"S00098155",59,29,30
"S00098156",51,27,24
"S00098157",64,43,21
"S00098158",82,49,33
"S00098159",98,47,51
"S00098160",76,44,32
"S00098161",89,49,40
"S00098162",103,55,48
"S00098163",76,52,24
"S00098164",87,30,57
"S00098165",86,36,50
"S00098166",46,18,28
"S00098167",67,32,35
"S00098168",84,38,46
"S00098169",83,29,54
"S00098170",65,25,40
"S00098171",97,40,57
"S00098172",127,70,57
"S00098173",47,35,12
"S00098174",80,42,38
"S00098175",67,49,18
"S00098176",108,52,56
"S00098177",98,42,56
"S00098178",64,22,42
"S00098179",74,35,39
"S00098180",137,48,89
"S00098181",88,36,52
"S00098182",78,52,26
"S00098183",85,51,34
"S00098184",96,32,64
"S00098185",55,30,25
"S00098186",87,48,39
"S00098187",46,30,16
"S00098188",127,68,59
"S00098189",119,73,46
"S00098190",53,26,27
"S00098191",72,26,46
"S00098192",87,53,34
"S00098193",57,33,24
"S00098194",64,26,38
"S00098195",96,36,60
"S00098196",54,48,6
"S00098197",114,44,70
"S00098198",78,31,47
"S00098199",62,28,34
"S00098200",122,53,69
"S00098201",118,61,57
"S00098202",80,24,56
"S00098203",134,45,89
"S00098204",71,23,48
"S00098205",68,26,42
"S00098206",95,31,64
"S00098207",77,21,56
"S00098208",90,50,40
"S00098209",68,30,38
"S00098210",109,41,68
"S00098211",124,40,84
"S00098212",107,42,65
"S00098213",98,32,66
"S00098214",97,45,52
"S00098215",100,56,44
"S00098216",111,70,41
"S00098217",90,55,35
"S00098218",101,28,73
"S00098219",74,30,44
"S00098220",69,30,39
"S00098221",82,28,54
"S00098222",134,50,84
"S00098223",92,36,56
"S00098224",129,71,58
"S00098225",61,24,37
"S00098226",137,56,81
"S00098227",92,39,53
"S00098228",86,41,45
"S00098229",52,20,32
"S00098230",71,38,33
"S00098231",54,24,30
"S00098232",76,25,51
"S00098233",96,40,56
"S00098234",89,20,69
"S00098235",82,28,54
"S00098236",83,31,52
"S00098237",84,40,44
"S00098238",60,22,38
"S00098239",61,31,30
"S00098240",95,32,63
"S00098241",60,33,27
"S00098242",89,64,25
"S00098243",82,41,41
"S00098244",118,57,61
"S00098245",93,44,49
"S00098246",103,66,37
"S00098247",94,42,52
"S00098248",39,10,29
"S00098249",55,33,22
"S00098250",75,28,47
"S00098251",92,45,47
"S00098252",100,50,50
"S00098253",149,89,60
"S00098254",123,76,47
"S00098255",76,28,48
"S00098256",95,30,65
"S00098257",53,21,32
"S00098258",66,20,46
"S00098259",77,38,39
"S00098260",130,56,74
"S00098261",139,45,94
"S00098262",77,20,57
"S00098263",110,45,65
"S00098264",111,66,45
"S00098265",101,53,48
"S00098266",130,59,71
"S00098267",72,46,26
"S00098268",99,29,70
"S00098269",90,55,35
"S00098270",140,50,90
"S00098271",103,45,58
"S00098272",48,18,30
"S00098273",158,90,68
"S00098274",106,33,73
"S00098275",66,29,37
"S00098276",131,51,80
"S00098277",59,27,32
"S00098278",99,65,34
"S00098279",99,63,36
"S00098280",60,47,13
"S00098281",69,40,29
"S00098282",57,28,29
"S00098283",58,46,12
"S00098284",62,38,24
"S00098285",56,50,6
"S00098286",69,59,10
"S00098287",100,76,24
"S00098288",97,54,43
"S00098289",109,81,28
"S00098290",73,53,20
"S00098291",74,30,44
"S00098292",128,46,82
"S00098293",79,37,42
"S00098294",84,36,48
"S00098295",97,42,55
"S00098296",135,44,91
"S00098297",105,41,64
"S00098298",111,42,69
"S00098299",140,54,86
"S00098300",116,41,75
"S00098301",64,29,35
"S00098302",133,63,70
"S00098303",110,41,69
"S00098304",78,32,46
"S00098305",155,75,80
"S00098306",95,48,47
"S00098307",71,27,44
"S00098308",57,23,34
"S00098309",132,51,81
"S00098310",79,31,48
"S00098311",56,25,31
"S00098312",104,62,42
"S00098313",44,10,34
"S00098314",67,27,40
"S00098315",108,54,54
"S00098316",95,43,52
"S00098317",44,24,20
"S00098318",58,30,28
"S00098319",132,48,84
"S00098320",90,40,50
"S00098321",71,37,34
"S00098322",111,48,63
"S00098323",130,70,60
"S00098324",61,28,33
"S00098325",90,50,40
"S00098326",65,42,23
"S00098327",98,57,41
"S00098328",79,40,39
"S00098329",52,28,24
"S00098330",86,52,34
"S00098331",84,46,38
"S00098332",73,65,8
"S00098333",56,40,16
"S00098334",93,43,50
"S00098335",142,52,90
"S00098336",51,43,8
"S00098337",50,40,10
"S00098338",88,40,48
"S00098339",95,49,46
"S00098340",116,73,43
"S00098341",76,44,32
"S00098342",124,63,61
"S00098343",67,51,16
"S00098344",67,22,45
"S00098345",69,37,32
"S00098346",83,36,47
"S00098347",140,76,64
"S00098348",57,19,38
"S00098349",105,61,44
"S00098350",102,64,38
"S00098351",136,50,86
"S00098352",149,49,100
"S00098353",95,52,43
"S00098354",71,35,36
"S00098355",91,30,61
"S00098356",60,22,38
"S00098357",67,46,21
"S00098358",69,45,24
"S00098359",52,35,17
"S00098360",116,68,48
"S00098361",43,37,6
"S00098362",106,63,43
"S00098363",119,45,74
"S00098364",76,28,48
"S00098365",56,48,8
"S00098366",84,71,13
"S00098367",107,73,34
"S00098368",71,56,15
"S00098369",86,52,34
"S00098370",108,73,35
"S00098371",71,49,22
"S00098372",100,75,25
"S00098373",50,18,32
"S00098374",59,36,23
"S00098375",83,32,51
"S00098376",97,78,19
"S00098377",121,76,45
"S00098378",152,51,101
"S00098379",99,67,32
"S00098380",128,72,56
"S00098381",145,46,99
"S00098382",107,35,72
"S00098383",127,74,53
"S00098384",108,54,54
"S00098385",81,27,54
"S00098386",95,48,47
"S00098387",84,42,42
"S00098388",93,40,53
"S00098389",77,30,47
"S00098390",124,62,62
"S00098391",57,33,24
"S00098392",55,34,21
"S00098393",101,36,65
"S00098394",105,62,43
"S00098395",110,58,52
"S00098396",97,55,42
"S00098397",72,36,36
"S00098398",94,57,37
"S00098399",58,36,22
"S00098400",123,55,68
"S00098401",73,63,10
"S00098402",109,75,34
"S00098403",71,62,9
"S00098404",56,46,10
"S00098405",88,50,38
"S00098406",135,57,78
"S00098407",85,39,46
"S00098408",100,45,55
"S00098409",110,32,78
"S00098410",99,25,74
"S00098411",59,28,31
"S00098412",111,57,54
"S00098413",64,22,42
"S00098414",115,61,54
"S00098415",79,35,44
"S00098416",94,40,54
"S00098417",106,60,46
"S00098418",76,42,34
"S00098419",91,43,48
"S00098420",104,30,74
"S00098421",95,49,46
"S00098422",129,67,62
"S00098423",88,35,53
"S00098424",59,33,26
"S00098425",99,59,40
"S00098426",73,49,24
"S00098427",111,61,50
"S00098428",68,46,22
"S00098429",63,41,22
"S00098430",55,17,38
"S00098431",97,58,39
"S00098432",83,36,47
"S00098433",110,38,72
"S00098434",123,36,87
"S00098435",61,32,29
"S00098436",74,38,36
"S00098437",216,108,108
"S00098438",95,43,52
"S00098439",86,84,2
"S00098440",193,188,5
"S00098441",161,151,10
"S00098442",78,73,5
"S00098443",164,150,14
"S00098444",126,98,28
"S00098445",129,90,39
"S00098446",106,84,22
"S00098447",159,131,28
"S00098448",96,84,12
"S00098449",78,63,15
"S00098450",145,103,42
"S00098451",121,119,2
"S00098452",87,82,5
"S00098453",104,99,5
"S00098454",130,115,15
"S00098455",76,64,12
"S00098456",72,61,11
"S00098457",146,120,26
"S00098458",105,92,13
"S00098459",104,94,10
"S00098460",85,75,10
"S00098461",160,139,21
"S00098462",99,85,14
"S00098463",143,142,1
"S00098464",82,77,5
"S00098465",58,51,7
"S00098466",59,50,9
"S00098467",67,61,6
"S00098468",85,72,13
"S00098469",57,52,5
"S00098470",118,110,8
"S00098471",50,44,6
"S00098472",94,83,11
"S00098473",120,107,13
"S00098474",154,140,14
"S00098475",72,50,22
"S00098476",134,103,31
"S00098477",73,65,8
"S00098478",53,43,10
"S00098479",108,88,20
"S00098480",191,173,18
"S00098481",53,46,7
"S00098482",218,208,10
"S00098483",82,78,4
"S00098484",115,89,26
"S00098485",524,516,8
"S00098486",55,49,6
"S00098487",63,55,8
"S00098488",118,105,13
"S00098489",109,93,16
"S00098490",110,46,64
"S00098491",95,40,55
"S00098492",64,20,44
"S00098493",71,25,46
"S00098494",108,66,42
"S00098495",120,51,69
"S00098496",87,41,46
"S00098497",111,34,77
"S00098498",52,32,20
"S00098499",115,48,67
"S00098500",140,48,92
"S00098501",131,55,76
"S00098502",106,29,77
"S00098503",61,32,29
"S00098504",124,53,71
"S00098505",359,302,57
"S00098506",130,49,81
"S00098507",92,58,34
"S00098508",120,45,75
"S00098509",108,40,68
"S00098510",59,52,7
"S00098511",73,66,7
"S00098512",78,42,36
"S00098513",50,37,13
"S00098514",77,60,17
"S00098515",65,60,5
"S00098516",59,41,18
"S00098517",54,38,16
"S00098518",58,40,18
"S00098519",81,56,25
"S00098520",86,35,51
"S00098521",89,68,21
"S00098522",114,99,15
"S00098523",126,107,19
"S00098524",119,98,21
"S00098525",98,86,12
"S00098526",131,98,33
"S00098527",68,55,13
"S00098528",51,43,8
"S00098529",52,41,11
"S00098530",80,55,25
"S00098531",68,53,15
"S00098532",160,133,27
"S00098533",106,72,34
"S00098534",108,82,26
"S00098535",65,43,22
"S00098536",92,53,39
"S00098537",108,92,16
"S00098538",111,78,33
"S00098539",108,64,44
"S00098540",105,51,54
"S00098541",94,69,25
"S00098542",59,23,36
"S00098543",111,102,9
"S00098544",56,37,19
"S00098545",66,42,24
"S00098546",91,42,49
"S00098547",134,46,88
"S00098548",113,49,64
"S00098549",165,99,66
"S00098550",43,21,22
"S00098551",87,29,58
"S00098552",147,85,62
"S00098553",116,78,38
"S00098554",98,50,48
"S00098555",78,47,31
"S00098556",110,70,40
"S00098557",57,37,20
"S00098558",84,52,32
"S00098559",91,48,43
"S00098560",120,61,59
"S00098561",114,76,38
"S00098562",85,35,50
"S00098563",85,34,51
"S00098564",100,32,68
"S00098565",105,47,58
"S00098566",66,55,11
"S00098567",108,52,56
"S00098568",113,51,62
"S00098569",77,29,48
"S00098570",86,32,54
"S00098571",104,36,68
"S00098572",94,28,66
"S00098573",75,41,34
"S00098574",90,52,38
"S00098575",78,47,31
"S00098576",81,67,14
"S00098577",85,51,34
"S00098578",76,72,4
"S00098579",101,59,42
"S00098580",139,112,27
"S00098581",45,34,11
"S00098582",71,59,12
"S00098583",100,80,20
"S00098584",84,65,19
"S00098585",72,50,22
"S00098586",55,39,16
"S00098587",111,95,16
"S00098588",71,55,16
"S00098589",76,49,27
"S00098590",91,60,31
"S00098591",71,50,21
"S00098592",110,73,37
"S00098593",109,92,17
"S00098594",88,83,5
"S00098595",45,41,4
"S00098596",108,85,23
"S00098597",62,51,11
"S00098598",61,49,12
"S00098599",99,80,19
"S00098600",89,79,10
"S00098601",93,87,6
"S00098602",107,86,21
"S00098603",108,89,19
"S00098604",109,91,18
"S00098605",140,83,57
"S00098606",68,34,34
"S00098607",57,45,12
"S00098608",116,48,68
"S00098609",121,89,32
"S00098610",60,34,26
"S00098611",82,56,26
"S00098612",81,68,13
"S00098613",70,58,12
"S00098614",39,28,11
"S00098615",127,97,30
"S00098616",104,83,21
"S00098617",74,65,9
"S00098618",58,53,5
"S00098619",57,49,8
"S00098620",105,77,28
"S00098621",101,69,32
"S00098622",43,36,7
"S00098623",73,61,12
"S00098624",82,69,13
"S00098625",55,40,15
"S00098626",103,72,31
"S00098627",108,41,67
"S00098628",84,36,48
"S00098629",46,32,14
"S00098630",76,58,18
"S00098631",82,72,10
"S00098632",99,87,12
"S00098633",109,78,31
"S00098634",124,72,52
"S00098635",126,70,56
"S00098636",117,89,28
"S00098637",45,17,28
"S00098638",90,52,38
"S00098639",93,69,24
"S00098640",120,90,30
"S00098641",124,76,48
"S00098642",106,63,43
"S00098643",61,35,26
"S00098644",77,57,20
"S00098645",75,63,12
"S00098646",86,64,22
"S00098647",69,53,16
"S00098648",72,44,28
"S00098649",77,54,23
"S00098650",140,44,96
"S00098651",120,38,82
"S00098652",101,38,63
"S00098653",59,23,36
"S00098654",127,55,72
"S00098655",76,32,44
"S00098656",135,55,80
"S00098657",77,62,15
"S00098658",78,47,31
"S00098659",52,41,11
"S00098660",57,45,12
"S00098661",110,81,29
"S00098662",108,72,36
"S00098663",94,78,16
"S00098664",62,48,14
"S00098665",72,52,20
"S00098666",63,45,18
"S00098667",116,84,32
"S00098668",111,76,35
"S00098669",78,58,20
"S00098670",74,51,23
"S00098671",81,75,6
"S00098672",87,68,19
"S00098673",71,59,12
"S00098674",65,51,14
"S00098675",72,56,16
"S00098676",46,29,17
"S00098677",97,76,21
"S00098678",102,58,44
"S00098679",72,50,22
"S00098680",81,53,28
"S00098681",79,38,41
"S00098682",279,206,73
"S00098683",90,59,31
"S00098684",107,70,37
"S00098685",118,67,51
"S00098686",90,62,28
"S00098687",56,40,16
"S00098688",83,54,29
"S00098689",56,44,12
"S00098690",72,48,24
"S00098691",87,67,20
"S00098692",52,42,10
"S00098693",113,77,36
"S00098694",91,64,27
"S00098695",105,76,29
"S00098696",109,68,41
"S00098697",95,73,22
"S00098698",62,32,30
"S00098699",86,42,44
"S00098700",97,67,30
"S00098701",127,75,52
"S00098702",98,56,42
"S00098703",83,49,34
"S00098704",64,40,24
"S00098705",61,43,18
"S00098706",102,74,28
"S00098707",51,43,8
"S00098708",121,97,24
"S00098709",82,56,26
"S00098710",57,30,27
"S00098711",95,45,50
"S00098712",72,52,20
"S00098713",104,77,27
"S00098714",127,76,51
"S00098715",114,79,35
"S00098716",76,48,28
"S00098717",43,29,14
"S00098718",113,89,24
"S00098719",111,76,35
"S00098720",62,52,10
"S00098721",75,43,32
"S00098722",118,94,24
"S00098723",48,46,2
"S00098724",85,57,28
"S00098725",80,57,23
"S00098726",100,62,38
"S00098727",46,25,21
"S00098728",96,55,41
"S00098729",115,73,42
"S00098730",80,46,34
"S00098731",52,25,27
"S00098732",75,55,20
"S00098733",74,40,34
"S00098734",75,42,33
"S00098735",75,39,36
"S00098736",197,103,94
"S00098737",147,81,66
"S00098738",95,57,38
"S00098739",117,88,29
"S00098740",80,58,22
"S00098741",58,38,20
"S00098742",62,53,9
"S00098743",101,68,33
"S00098744",60,45,15
"S00098745",88,50,38
"S00098746",72,46,26
"S00098747",61,49,12
"S00098748",52,30,22
"S00098749",71,47,24
"S00098750",65,44,21
"S00098751",63,33,30
"S00098752",99,41,58
"S00098753",75,42,33
"S00098754",66,40,26
"S00098755",60,42,18
"S00098756",83,61,22
"S00098757",104,75,29
"S00098758",75,51,24
"S00098759",109,38,71
"S00098760",158,80,78
"S00098761",86,46,40
"S00098762",125,59,66
"S00098763",98,52,46
"S00098764",78,46,32
"S00098765",69,55,14
"S00098766",85,58,27
"S00098767",90,70,20
"S00098768",73,52,21
"S00098769",70,58,12
"S00098770",78,69,9
"S00098771",60,42,18
"S00098772",70,46,24
"S00098773",88,68,20
"S00098774",95,71,24
"S00098775",74,51,23
"S00098776",87,65,22
"S00098777",58,52,6
"S00098778",66,66,0
"S00098779",92,77,15
"S00098780",94,67,27
"S00098781",129,114,15
"S00098782",124,99,25
"S00098783",125,68,57
"S00098784",66,48,18
"S00098785",98,54,44
"S00098786",79,57,22
"S00098787",81,51,30
"S00098788",61,47,14
"S00098789",50,46,4
"S00098790",93,77,16
"S00098791",98,69,29
"S00098792",107,87,20
"S00098793",137,113,24
"S00098794",121,95,26
"S00098795",69,59,10
"S00098796",71,56,15
"S00098797",124,93,31
"S00098798",59,48,11
"S00098799",75,65,10
"S00098800",70,58,12
"S00098801",86,60,26
"S00098802",72,56,16
"S00098803",80,64,16
"S00098804",101,81,20
"S00098805",60,54,6
"S00098806",76,56,20
"S00098807",50,43,7
"S00098808",67,51,16
"S00098809",60,42,18
"S00098810",49,35,14
"S00098811",89,81,8
"S00098812",81,61,20
"S00098813",61,41,20
"S00098814",98,66,32
"S00098815",90,75,15
"S00098816",94,74,20
"S00098817",83,71,12
"S00098818",127,103,24
"S00098819",53,45,8
"S00098820",57,44,13
"S00098821",55,31,24
"S00098822",82,54,28
"S00098823",91,73,18
"S00098824",55,41,14
"S00098825",80,58,22
"S00098826",94,73,21
"S00098827",115,86,29
"S00098828",121,93,28
"S00098829",75,66,9
"S00098830",63,49,14
"S00098831",98,73,25
"S00098832",70,55,15
"S00098833",63,47,16
"S00098834",54,36,18
"S00098835",52,34,18
"S00098836",58,38,20
"S00098837",55,17,38
"S00098838",91,48,43
"S00098839",66,34,32
"S00098840",88,51,37
"S00098841",91,57,34
"S00098842",97,59,38
"S00098843",104,41,63
"S00098844",146,64,82
"S00098845",69,55,14
"S00098846",73,51,22
"S00098847",97,75,22
"S00098848",84,69,15
"S00098849",91,77,14
"S00098850",75,64,11
"S00098851",66,58,8
"S00098852",50,39,11
"S00098853",115,102,13
"S00098854",68,50,18
"S00098855",76,58,18
"S00098856",52,50,2
"S00098857",104,92,12
"S00098858",72,66,6
"S00098859",102,68,34
"S00098860",91,60,31
"S00098861",111,96,15
"S00098862",93,77,16
"S00098863",104,42,62
"S00098864",90,64,26
"S00098865",69,33,36
"S00098866",89,31,58
"S00098867",122,60,62
"S00098868",148,68,80
"S00098869",100,52,48
"S00098870",51,25,26
"S00098871",48,22,26
"S00098872",89,24,65
"S00098873",96,39,57
"S00098874",92,31,61
"S00098875",106,56,50
"S00098876",83,29,54
"S00098877",81,36,45
"S00098878",107,48,59
"S00098879",104,40,64
"S00098880",92,44,48
"S00098881",101,49,52
"S00098882",95,37,58
"S00098883",73,41,32
"S00098884",103,66,37
"S00098885",98,50,48
"S00098886",79,43,36
"S00098887",87,69,18
"S00098888",100,36,64
"S00098889",93,51,42
"S00098890",94,58,36
"S00098891",105,63,42
"S00098892",82,40,42
"S00098893",131,61,70
"S00098894",99,55,44
"S00098895",112,67,45
"S00098896",98,80,18
"S00098897",77,45,32
"S00098898",63,45,18
"S00098899",120,78,42
"S00098900",105,55,50
"S00098901",61,38,23
"S00098902",84,46,38
"S00098903",101,69,32
"S00098904",93,63,30
"S00098905",73,37,36
"S00098906",111,46,65
"S00098907",67,53,14
"S00098908",89,66,23
"S00098909",114,78,36
"S00098910",101,59,42
"S00098911",102,48,54
"S00098912",62,36,26
"S00098913",113,75,38
"S00098914",92,44,48
"S00098915",120,56,64
"S00098916",119,62,57
"S00098917",52,16,36
"S00098918",71,37,34
"S00098919",64,36,28
"S00098920",104,52,52
"S00098921",67,38,29
"S00098922",76,54,22
"S00098923",110,52,58
"S00098924",85,55,30
"S00098925",77,47,30
"S00098926",92,44,48
"S00098927",57,23,34
"S00098928",105,55,50
"S00098929",71,41,30
"S00098930",91,48,43
"S00098931",104,50,54
"S00098932",81,42,39
"S00098933",117,64,53
"S00098934",102,38,64
"S00098935",80,24,56
"S00098936",103,35,68
"S00098937",104,36,68
"S00098938",76,47,29
"S00098939",91,53,38
"S00098940",99,53,46
"S00098941",94,42,52
"S00098942",72,32,40
"S00098943",151,61,90
"S00098944",144,73,71
"S00098945",129,51,78
"S00098946",77,31,46
"S00098947",105,61,44
"S00098948",88,51,37
"S00098949",111,66,45
"S00098950",44,34,10
"S00098951",96,60,36
"S00098952",78,42,36
"S00098953",81,43,38
"S00098954",123,61,62
"S00098955",81,51,30
"S00098956",108,38,70
"S00098957",90,38,52
"S00098958",238,133,105
"S00098959",96,51,45
"S00098960",75,41,34
"S00098961",97,67,30
"S00098962",90,59,31
"S00098963",130,64,66
"S00098964",107,63,44
"S00098965",88,57,31
"S00098966",80,50,30
"S00098967",108,76,32
"S00098968",83,52,31
"S00098969",83,58,25
"S00098970",89,37,52
"S00098971",89,53,36
"S00098972",101,65,36
"S00098973",77,47,30
"S00098974",131,95,36
"S00098975",123,78,45
"S00098976",72,52,20
"S00098977",98,60,38
"S00098978",61,41,20
"S00098979",98,65,33
"S00098980",70,48,22
"S00098981",62,34,28
"S00098982",55,45,10
"S00098983",93,81,12
"S00098984",108,92,16
"S00098985",122,90,32
"S00098986",54,41,13
"S00098987",91,82,9
"S00098988",111,78,33
"S00098989",100,94,6
"S00098990",179,160,19
"S00098991",75,54,21
"S00098992",124,84,40
"S00098993",47,33,14
"S00098994",67,48,19
"S00098995",50,42,8
"S00098996",76,62,14
"S00098997",70,63,7
"S00098998",80,57,23
"S00098999",82,76,6
"S00099000",100,80,20
"S00099001",108,78,30
"S00099002",65,45,20
"S00099003",62,44,18
"S00099004",54,51,3
"S00099005",82,74,8
"S00099006",92,75,17
"S00099007",96,76,20
"S00099008",126,113,13
"S00099009",79,63,16
"S00099010",66,53,13
"S00099011",73,59,14
"S00099012",54,44,10
"S00099013",55,49,6
"S00099014",75,58,17
"S00099015",60,49,11
"S00099016",62,42,20
"S00099017",137,103,34
"S00099018",125,97,28
"S00099019",65,53,12
"S00099020",49,37,12
"S00099021",102,85,17
"S00099022",62,60,2
"S00099023",99,79,20
"S00099024",61,49,12
"S00099025",94,62,32
"S00099026",72,56,16
"S00099027",84,58,26
"S00099028",86,59,27
"S00099029",68,40,28
"S00099030",80,54,26
"S00099031",70,38,32
"S00099032",172,59,113
"S00099033",56,42,14
"S00099034",91,43,48
"S00099035",91,43,48
"S00099036",104,77,27
"S00099037",136,50,86
"S00099038",68,44,24
"S00099039",123,45,78
"S00099040",118,38,80
"S00099041",78,38,40
"S00099042",145,61,84
"S00099043",117,43,74
"S00099044",92,31,61
"S00099045",119,40,79
"S00099046",109,49,60
"S00099047",107,37,70
"S00099048",117,44,73
"S00099049",92,35,57
"S00099050",107,71,36
"S00099051",117,49,68
"S00099052",109,33,76
"S00099053",95,41,54
"S00099054",99,48,51
"S00099055",108,58,50
"S00099056",62,40,22
"S00099057",73,38,35
"S00099058",83,47,36
"S00099059",105,63,42
"S00099060",67,44,23
"S00099061",59,38,21
"S00099062",80,55,25
"S00099063",71,49,22
"S00099064",53,37,16
"S00099065",105,54,51
"S00099066",60,46,14
"S00099067",81,54,27
"S00099068",95,52,43
"S00099069",94,55,39
"S00099070",78,42,36
"S00099071",82,40,42
"S00099072",99,72,27
"S00099073",83,42,41
"S00099074",117,69,48
"S00099075",55,41,14
"S00099076",104,26,78
"S00099077",124,80,44
"S00099078",77,58,19
"S00099079",120,57,63
"S00099080",106,43,63
"S00099081",66,51,15
"S00099082",61,44,17
"S00099083",81,65,16
"S00099084",56,40,16
"S00099085",71,52,19
"S00099086",56,42,14
"S00099087",63,49,14
"S00099088",82,54,28
"S00099089",82,69,13
"S00099090",95,77,18
"S00099091",66,44,22
"S00099092",119,81,38
"S00099093",75,59,16
"S00099094",101,81,20
"S00099095",87,42,45
"S00099096",47,37,10
"S00099097",68,44,24
"S00099098",61,53,8
"S00099099",70,66,4
"S00099100",106,76,30
"S00099101",63,42,21
"S00099102",144,99,45
"S00099103",70,46,24
"S00099104",91,67,24
"S00099105",78,50,28
"S00099106",78,48,30
"S00099107",65,41,24
"S00099108",137,92,45
"S00099109",138,92,46
"S00099110",101,80,21
"S00099111",118,72,46
"S00099112",70,52,18
"S00099113",116,79,37
"S00099114",91,72,19
"S00099115",84,69,15
"S00099116",89,66,23
"S00099117",150,114,36
"S00099118",98,76,22
"S00099119",77,55,22
"S00099120",77,53,24
"S00099121",62,44,18
"S00099122",59,47,12
"S00099123",70,48,22
"S00099124",80,49,31
"S00099125",66,60,6
"S00099126",46,22,24
"S00099127",95,72,23
"S00099128",50,34,16
"S00099129",72,55,17
"S00099130",145,90,55
"S00099131",79,59,20
"S00099132",53,33,20
"S00099133",96,48,48
"S00099134",71,64,7
"S00099135",76,58,18
"S00099136",45,39,6
"S00099137",71,48,23
"S00099138",80,40,40
"S00099139",73,59,14
"S00099140",67,38,29
"S00099141",113,56,57
"S00099142",66,45,21
"S00099143",67,52,15
"S00099144",102,48,54
"S00099145",124,86,38
"S00099146",103,68,35
"S00099147",73,44,29
"S00099148",66,55,11
"S00099149",97,66,31
"S00099150",129,72,57
"S00099151",53,35,18
"S00099152",75,62,13
"S00099153",127,80,47
"S00099154",63,60,3
"S00099155",104,79,25
"S00099156",121,92,29
"S00099157",92,73,19
"S00099158",106,63,43
"S00099159",66,50,16
"S00099160",50,42,8
"S00099161",77,51,26
"S00099162",74,64,10
"S00099163",77,50,27
"S00099164",144,78,66
"S00099165",109,70,39
"S00099166",126,83,43
"S00099167",120,80,40
"S00099168",119,81,38
"S00099169",84,62,22
"S00099170",108,53,55
"S00099171",70,51,19
"S00099172",46,24,22
"S00099173",107,67,40
"S00099174",53,37,16
"S00099175",77,43,34
"S00099176",93,57,36
"S00099177",73,55,18
"S00099178",82,50,32
"S00099179",83,59,24
"S00099180",73,35,38
"S00099181",131,95,36
"S00099182",71,42,29
"S00099183",54,30,24
"S00099184",113,60,53
"S00099185",69,39,30
"S00099186",79,61,18
"S00099187",71,49,22
"S00099188",110,81,29
"S00099189",72,26,46
"S00099190",61,29,32
"S00099191",52,29,23
"S00099192",118,70,48
"S00099193",62,48,14
"S00099194",52,42,10
"S00099195",48,30,18
"S00099196",60,46,14
"S00099197",85,61,24
"S00099198",53,37,16
"S00099199",69,45,24
"S00099200",60,32,28
"S00099201",68,44,24
"S00099202",62,48,14
"S00099203",72,46,26
"S00099204",67,38,29
"S00099205",100,57,43
"S00099206",81,43,38
"S00099207",79,45,34
"S00099208",101,58,43
"S00099209",119,73,46
"S00099210",125,57,68
"S00099211",55,37,18
"S00099212",49,43,6
"S00099213",82,46,36
"S00099214",110,96,14
"S00099215",61,45,16
"S00099216",69,49,20
"S00099217",116,74,42
"S00099218",99,71,28
"S00099219",72,33,39
"S00099220",83,45,38
"S00099221",82,38,44
"S00099222",98,80,18
"S00099223",66,47,19
"S00099224",84,48,36
"S00099225",111,58,53
"S00099226",73,47,26
"S00099227",128,99,29
"S00099228",94,52,42
"S00099229",131,65,66
"S00099230",119,70,49
"S00099231",126,74,52
"S00099232",137,62,75
"S00099233",72,46,26
"S00099234",114,63,51
"S00099235",71,36,35
"S00099236",104,48,56
"S00099237",82,49,33
"S00099238",88,43,45
"S00099239",91,52,39
"S00099240",83,45,38
"S00099241",74,45,29
"S00099242",115,81,34
"S00099243",110,60,50
"S00099244",77,59,18
"S00099245",65,49,16
"S00099246",89,71,18
"S00099247",139,116,23
"S00099248",75,49,26
"S00099249",115,63,52
"S00099250",79,35,44
"S00099251",72,40,32
"S00099252",64,54,10
"S00099253",69,61,8
"S00099254",111,66,45
"S00099255",72,48,24
"S00099256",130,70,60
"S00099257",98,74,24
"S00099258",93,80,13
"S00099259",66,48,18
"S00099260",91,55,36
"S00099261",75,59,16
"S00099262",111,60,51
"S00099263",98,45,53
"S00099264",78,44,34
"S00099265",102,47,55
"S00099266",74,44,30
"S00099267",120,54,66
"S00099268",134,51,83
"S00099269",134,90,44
"S00099270",112,54,58
"S00099271",70,35,35
"S00099272",133,53,80
"S00099273",68,30,38
"S00099274",127,63,64
"S00099275",67,29,38
"S00099276",79,23,56
"S00099277",145,45,100
"S00099278",96,32,64
"S00099279",97,35,62
"S00099280",133,57,76
"S00099281",154,57,97
"S00099282",127,42,85
"S00099283",150,61,89
"S00099284",119,48,71
"S00099285",93,62,31
"S00099286",121,45,76
"S00099287",130,50,80
"S00099288",73,49,24
"S00099289",100,49,51
"S00099290",70,40,30
"S00099291",45,23,22
"S00099292",119,56,63
"S00099293",60,44,16
"S00099294",98,68,30
"S00099295",52,44,8
"S00099296",80,57,23
"S00099297",54,46,8
"S00099298",88,64,24
"S00099299",67,51,16
"S00099300",99,67,32
"S00099301",67,33,34
"S00099302",104,64,40
"S00099303",73,43,30
"S00099304",76,59,17
"S00099305",118,76,42
"S00099306",58,46,12
"S00099307",76,55,21
"S00099308",68,46,22
"S00099309",65,47,18
"S00099310",98,77,21
"S00099311",72,47,25
"S00099312",112,67,45
"S00099313",123,39,84
"S00099314",98,24,74
"S00099315",133,53,80
"S00099316",97,37,60
"S00099317",104,55,49
"S00099318",91,37,54
"S00099319",105,86,19
"S00099320",125,48,77
"S00099321",143,51,92
"S00099322",107,27,80
"S00099323",109,38,71
"S00099324",107,40,67
"S00099325",91,43,48
"S00099326",67,47,20
"S00099327",49,35,14
"S00099328",80,48,32
"S00099329",115,81,34
"S00099330",77,67,10
"S00099331",58,48,10
"S00099332",71,30,41
"S00099333",65,27,38
"S00099334",82,38,44
"S00099335",72,44,28
"S00099336",69,22,47
"S00099337",72,27,45
"S00099338",100,45,55
"S00099339",118,33,85
"S00099340",99,38,61
"S00099341",89,35,54
"S00099342",85,33,52
"S00099343",75,32,43
"S00099344",80,37,43
"S00099345",121,57,64
"S00099346",51,15,36
"S00099347",107,31,76
"S00099348",91,29,62
"S00099349",93,37,56
"S00099350",100,44,56
"S00099351",106,40,66
"S00099352",102,32,70
"S00099353",93,32,61
"S00099354",74,26,48
"S00099355",143,46,97
"S00099356",138,50,88
"S00099357",87,34,53
"S00099358",56,41,15
"S00099359",110,47,63
"S00099360",96,36,60
"S00099361",54,22,32
"S00099362",132,50,82
"S00099363",89,34,55
"S00099364",67,41,26
"S00099365",82,54,28
"S00099366",58,40,18
"S00099367",61,41,20
"S00099368",93,27,66
"S00099369",127,44,83
"S00099370",98,43,55
"S00099371",91,41,50
"S00099372",110,43,67
"S00099373",161,74,87
"S00099374",127,58,69
"S00099375",93,25,68
"S00099376",135,43,92
"S00099377",87,31,56
"S00099378",86,50,36
"S00099379",97,29,68
"S00099380",118,50,68
"S00099381",101,32,69
"S00099382",117,41,76
"S00099383",94,28,66
"S00099384",84,28,56
"S00099385",97,33,64
"S00099386",131,46,85
"S00099387",119,33,86
"S00099388",114,42,72
"S00099389",67,39,28
"S00099390",118,44,74
"S00099391",64,39,25
"S00099392",87,49,38
"S00099393",64,48,16
"S00099394",67,45,22
"S00099395",79,56,23
"S00099396",68,32,36
"S00099397",86,52,34
"S00099398",152,72,80
"S00099399",49,13,36
"S00099400",112,80,32
"S00099401",61,48,13
"S00099402",81,57,24
"S00099403",47,31,16
"S00099404",96,56,40
"S00099405",92,62,30
"S00099406",98,74,24
"S00099407",65,55,10
"S00099408",75,50,25
"S00099409",135,49,86
"S00099410",66,28,38
"S00099411",88,28,60
"S00099412",64,16,48
"S00099413",89,60,29
"S00099414",45,20,25
"S00099415",83,39,44
"S00099416",68,36,32
"S00099417",69,31,38
"S00099418",124,56,68
"S00099419",168,84,84
"S00099420",67,29,38
"S00099421",165,79,86
"S00099422",105,47,58
"S00099423",126,46,80
"S00099424",79,53,26
"S00099425",153,63,90
"S00099426",59,17,42
"S00099427",89,47,42
"S00099428",73,23,50
"S00099429",61,51,10
"S00099430",84,72,12
"S00099431",78,55,23
"S00099432",50,22,28
"S00099433",109,74,35
"S00099434",67,49,18
"S00099435",74,28,46
"S00099436",77,63,14
"S00099437",44,34,10
"S00099438",66,64,2
"S00099439",62,43,19
"S00099440",93,39,54
"S00099441",62,36,26
"S00099442",78,60,18
"S00099443",80,60,20
"S00099444",80,63,17
"S00099445",86,31,55
"S00099446",54,44,10
"S00099447",76,64,12
"S00099448",48,32,16
"S00099449",117,73,44
"S00099450",58,32,26
"S00099451",65,46,19
"S00099452",84,50,34
"S00099453",49,27,22
"S00099454",56,39,17
"S00099455",81,46,35
"S00099456",50,26,24
"S00099457",74,36,38
"S00099458",150,113,37
"S00099459",85,67,18
"S00099460",63,56,7
"S00099461",136,122,14
"S00099462",46,34,12
"S00099463",43,33,10
"S00099464",78,61,17
"S00099465",100,87,13
"S00099466",62,50,12
"S00099467",158,66,92
"S00099468",157,63,94
"S00099469",69,29,40
"S00099470",42,18,24
"S00099471",45,25,20
"S00099472",124,38,86
"S00099473",137,45,92
"S00099474",108,44,64
"S00099475",107,84,23
"S00099476",47,39,8
"S00099477",77,41,36
"S00099478",90,48,42
"S00099479",87,76,11
"S00099480",82,46,36
"S00099481",38,28,10
"S00099482",64,38,26
"S00099483",63,30,33
"S00099484",71,47,24
"S00099485",65,32,33
"S00099486",98,73,25
"S00099487",89,62,27
"S00099488",76,37,39
"S00099489",111,52,59
"S00099490",126,55,71
"S00099491",46,30,16
"S00099492",60,43,17
"S00099493",85,77,8
"S00099494",74,60,14
"S00099495",58,44,14
"S00099496",67,40,27
"S00099497",137,97,40
"S00099498",118,112,6
"S00099499",113,63,50
"S00099500",60,38,22
"S00099501",61,19,42
"S00099502",106,61,45
"S00099503",92,35,57
"S00099504",120,101,19
"S00099505",485,483,2
"S00099506",59,25,34
"S00099507",109,105,4
"S00099508",37,26,11
"S00099509",187,162,25
"S00099510",66,34,32
"S00099511",68,46,22
"S00099512",48,24,24
"S00099513",91,63,28
"S00099514",65,51,14
"S00099515",55,21,34
"S00099516",102,39,63
"S00099517",46,46,0
"S00099518",51,41,10
"S00099519",72,64,8
"S00099520",47,41,6
"S00099521",64,54,10
"S00099522",73,45,28
"S00099523",69,27,42
"S00099524",105,62,43
"S00099525",86,30,56
"S00099526",79,41,38
"S00099527",72,36,36
"S00099528",163,47,116
"S00099529",107,38,69
"S00099530",118,37,81
"S00099531",156,66,90
"S00099532",139,49,90
"S00099533",110,35,75
"S00099534",99,23,76
"S00099535",54,23,31
"S00099536",101,52,49
"S00099537",155,58,97
"S00099538",91,82,9
"S00099539",116,111,5
"S00099540",51,43,8
"S00099541",90,75,15
"S00099542",142,138,4
"S00099543",115,99,16
"S00099544",86,78,8
"S00099545",94,90,4
"S00099546",136,117,19
"S00099547",127,117,10
"S00099548",102,74,28
"S00099549",74,52,22
"S00099550",131,110,21
"S00099551",114,82,32
"S00099552",120,108,12
"S00099553",119,103,16
"S00099554",89,61,28
"S00099555",122,97,25
"S00099556",81,54,27
"S00099557",60,50,10
"S00099558",112,82,30
"S00099559",100,82,18
"S00099560",83,73,10
"S00099561",65,53,12
"S00099562",69,60,9
"S00099563",88,69,19
"S00099564",89,78,11
"S00099565",73,61,12
"S00099566",60,54,6
"S00099567",486,481,5
"S00099568",129,111,18
"S00099569",547,517,30
"S00099570",100,95,5
"S00099571",108,97,11
"S00099572",147,140,7
"S00099573",82,77,5
"S00099574",65,65,0
"S00099575",113,45,68
"S00099576",106,53,53
"S00099577",54,33,21
"S00099578",105,61,44
"S00099579",91,40,51
"S00099580",107,57,50
"S00099581",115,52,63
"S00099582",68,59,9
"S00099583",50,35,15
"S00099584",78,66,12
"S00099585",128,103,25
"S00099586",106,89,17
"S00099587",127,115,12
"S00099588",183,174,9
"S00099589",132,102,30
"S00099590",100,48,52
"S00099591",52,41,11
"S00099592",75,44,31
"S00099593",111,81,30
"S00099594",68,53,15
"S00099595",66,48,18
"S00099596",64,45,19
"S00099597",60,53,7
"S00099598",92,74,18
"S00099599",69,49,20
"S00099600",51,43,8
"S00099601",96,72,24
"S00099602",62,51,11
"S00099603",73,51,22
"S00099604",56,24,32
"S00099605",69,37,32
"S00099606",78,37,41
"S00099607",50,40,10
"S00099608",107,83,24
"S00099609",102,75,27
"S00099610",74,30,44
"S00099611",71,50,21
"S00099612",61,43,18
"S00099613",105,58,47
"S00099614",77,69,8
"S00099615",46,26,20
"S00099616",62,36,26
"S00099617",76,43,33
"S00099618",52,34,18
"S00099619",133,88,45
"S00099620",100,79,21
"S00099621",63,58,5
"S00099622",119,95,24
"S00099623",83,50,33
"S00099624",52,41,11
"S00099625",74,34,40
"S00099626",64,48,16
"S00099627",41,15,26
"S00099628",137,65,72
"S00099629",98,84,14
"S00099630",53,41,12
"S00099631",73,45,28
"S00099632",45,41,4
"S00099633",71,54,17
"S00099634",92,64,28
"S00099635",50,38,12
"S00099636",77,63,14
"S00099637",56,36,20
"S00099638",64,54,10
"S00099639",49,34,15
"S00099640",85,65,20
"S00099641",111,84,27
"S00099642",126,44,82
"S00099643",52,24,28
"S00099644",86,34,52
"S00099645",91,40,51
"S00099646",87,45,42
"S00099647",72,38,34
"S00099648",50,25,25
"S00099649",112,60,52
"S00099650",94,38,56
"S00099651",113,45,68
"S00099652",85,78,7
"S00099653",77,69,8
"S00099654",124,97,27
"S00099655",74,50,24
"S00099656",103,74,29
"S00099657",76,62,14
"S00099658",68,50,18
"S00099659",90,72,18
"S00099660",85,50,35
"S00099661",86,71,15
"S00099662",85,35,50
"S00099663",77,60,17
"S00099664",82,27,55
"S00099665",90,49,41
"S00099666",56,42,14
"S00099667",75,49,26
"S00099668",59,49,10
"S00099669",103,48,55
"S00099670",89,46,43
"S00099671",93,34,59
"S00099672",75,57,18
"S00099673",85,61,24
"S00099674",95,49,46
"S00099675",87,40,47
"S00099676",100,41,59
"S00099677",51,30,21
"S00099678",45,22,23
"S00099679",83,37,46
"S00099680",49,32,17
"S00099681",94,36,58
"S00099682",125,72,53
"S00099683",86,55,31
"S00099684",120,53,67
"S00099685",69,33,36
"S00099686",86,47,39
"S00099687",114,47,67
"S00099688",56,30,26
"S00099689",129,78,51
"S00099690",127,67,60
"S00099691",89,57,32
"S00099692",100,62,38
"S00099693",70,46,24
"S00099694",59,43,16
"S00099695",123,100,23
"S00099696",83,55,28
"S00099697",83,51,32
"S00099698",127,62,65
"S00099699",112,45,67
"S00099700",113,53,60
"S00099701",83,37,46
"S00099702",97,49,48
"S00099703",110,46,64
"S00099704",78,33,45
"S00099705",85,27,58
"S00099706",121,44,77
"S00099707",58,26,32
"S00099708",107,65,42
"S00099709",119,51,68
"S00099710",68,42,26
"S00099711",86,38,48
"S00099712",83,46,37
"S00099713",52,34,18
"S00099714",77,50,27
"S00099715",50,31,19
"S00099716",70,34,36
"S00099717",79,31,48
"S00099718",66,42,24
"S00099719",77,24,53
"S00099720",62,21,41
"S00099721",71,41,30
"S00099722",131,49,82
"S00099723",59,19,40
"S00099724",95,42,53
"S00099725",80,27,53
"S00099726",53,23,30
"S00099727",104,64,40
"S00099728",130,48,82
"S00099729",71,31,40
"S00099730",60,17,43
"S00099731",95,31,64
"S00099732",137,121,16
"S00099733",62,40,22
"S00099734",109,48,61
"S00099735",57,33,24
"S00099736",151,115,36
"S00099737",105,92,13
"S00099738",72,20,52
"S00099739",102,40,62
"S00099740",120,73,47
"S00099741",95,50,45
"S00099742",84,31,53
"S00099743",142,56,86
"S00099744",108,53,55
"S00099745",105,45,60
"S00099746",116,47,69
"S00099747",160,113,47
"S00099748",90,34,56
"S00099749",112,44,68
"S00099750",107,40,67
"S00099751",111,55,56
"S00099752",85,31,54
"S00099753",85,71,14
"S00099754",63,58,5
"S00099755",186,161,25
"S00099756",86,68,18
"S00099757",189,156,33
"S00099758",57,41,16
"S00099759",149,94,55
"S00099760",108,86,22
"S00099761",49,35,14
"S00099762",51,44,7
"S00099763",96,72,24
"S00099764",119,82,37
"S00099765",111,83,28
"S00099766",87,63,24
"S00099767",105,82,23
"S00099768",100,39,61
"S00099769",113,73,40
"S00099770",124,86,38
"S00099771",84,76,8
"S00099772",61,54,7
"S00099773",91,61,30
"S00099774",55,47,8
"S00099775",104,90,14
"S00099776",65,44,21
"S00099777",92,67,25
"S00099778",134,107,27
"S00099779",163,59,104
"S00099780",71,43,28
"S00099781",156,67,89
"S00099782",1084,1034,50
"S00099783",66,23,43
"S00099784",53,25,28
"S00099785",129,55,74
"S00099786",176,84,92
"S00099787",109,39,70
"S00099788",128,48,80
"S00099789",114,42,72
"S00099790",144,52,92
"S00099791",83,27,56
"S00099792",75,29,46
"S00099793",71,27,44
"S00099794",97,70,27
"S00099795",65,43,22
"S00099796",103,61,42
"S00099797",71,27,44
"S00099798",76,35,41
"S00099799",183,97,86
"S00099800",98,44,54
"S00099801",136,50,86
"S00099802",99,35,64
"S00099803",152,51,101
"S00099804",127,59,68
"S00099805",95,37,58
"S00099806",124,46,78
"S00099807",82,30,52
"S00099808",50,26,24
"S00099809",112,47,65
"S00099810",67,34,33
"S00099811",111,32,79
"S00099812",59,25,34
"S00099813",110,72,38
"S00099814",73,25,48
"S00099815",127,60,67
"S00099816",73,28,45
"S00099817",72,41,31
"S00099818",89,44,45
"S00099819",78,27,51
"S00099820",89,40,49
"S00099821",141,60,81
"S00099822",54,24,30
"S00099823",130,74,56
"S00099824",181,114,67
"S00099825",52,18,34
"S00099826",115,53,62
"S00099827",118,52,66
"S00099828",107,42,65
"S00099829",72,20,52
"S00099830",150,73,77
"S00099831",108,37,71
"S00099832",128,36,92
"S00099833",71,41,30
"S00099834",83,30,53
"S00099835",93,52,41
"S00099836",102,50,52
"S00099837",148,45,103
"S00099838",101,30,71
"S00099839",97,33,64
"S00099840",78,32,46
"S00099841",163,46,117
"S00099842",98,37,61
"S00099843",105,39,66
"S00099844",113,23,90
"S00099845",151,46,105
"S00099846",67,28,39
"S00099847",103,27,76
"S00099848",85,24,61
"S00099849",60,7,53
"S00099850",73,25,48
"S00099851",61,21,40
"S00099852",87,32,55
"S00099853",178,88,90
"S00099854",59,23,36
"S00099855",96,37,59
"S00099856",51,15,36
"S00099857",51,33,18
"S00099858",95,33,62
"S00099859",104,37,67
"S00099860",105,50,55
"S00099861",91,31,60
"S00099862",73,36,37
"S00099863",96,37,59
"S00099864",41,28,13
"S00099865",136,96,40
"S00099866",105,77,28
"S00099867",54,40,14
"S00099868",109,66,43
"S00099869",64,42,22
"S00099870",81,47,34
"S00099871",103,42,61
"S00099872",79,49,30
"S00099873",69,41,28
"S00099874",116,84,32
"S00099875",137,62,75
"S00099876",132,53,79
"S00099877",106,57,49
"S00099878",104,57,47
"S00099879",118,68,50
"S00099880",110,72,38
"S00099881",92,71,21
"S00099882",108,40,68
"S00099883",104,70,34
"S00099884",112,64,48
"S00099885",74,40,34
"S00099886",63,29,34
"S00099887",110,61,49
"S00099888",104,47,57
"S00099889",88,37,51
"S00099890",96,68,28
"S00099891",125,60,65
"S00099892",82,42,40
"S00099893",64,43,21
"S00099894",75,34,41
"S00099895",54,34,20
"S00099896",93,38,55
"S00099897",102,48,54
"S00099898",105,52,53
"S00099899",59,24,35
"S00099900",86,54,32
"S00099901",103,57,46
"S00099902",76,46,30
"S00099903",77,38,39
"S00099904",59,35,24
"S00099905",74,52,22
"S00099906",70,44,26
"S00099907",92,40,52
"S00099908",63,51,12
"S00099909",43,21,22
"S00099910",79,48,31
"S00099911",66,38,28
"S00099912",85,53,32
"S00099913",70,42,28
"S00099914",89,46,43
"S00099915",113,49,64
"S00099916",93,52,41
"S00099917",93,48,45
"S00099918",113,38,75
"S00099919",78,46,32
"S00099920",80,50,30
"S00099921",71,39,32
"S00099922",90,51,39
"S00099923",123,66,57
"S00099924",60,32,28
"S00099925",154,80,74
"S00099926",97,52,45
"S00099927",112,66,46
"S00099928",79,29,50
"S00099929",119,69,50
"S00099930",155,56,99
"S00099931",87,55,32
"S00099932",119,67,52
"S00099933",79,34,45
"S00099934",142,70,72
"S00099935",139,76,63
"S00099936",74,47,27
"S00099937",57,37,20
"S00099938",114,54,60
"S00099939",91,44,47
"S00099940",93,53,40
"S00099941",115,69,46
"S00099942",87,55,32
"S00099943",93,53,40
"S00099944",87,53,34
"S00099945",79,61,18
"S00099946",114,66,48
"S00099947",78,44,34
"S00099948",83,36,47
"S00099949",79,25,54
"S00099950",124,65,59
"S00099951",87,37,50
"S00099952",121,74,47
"S00099953",141,56,85
"S00099954",96,69,27
"S00099955",73,29,44
"S00099956",45,29,16
"S00099957",73,39,34
"S00099958",108,64,44
"S00099959",101,44,57
"S00099960",69,45,24
"S00099961",96,70,26
"S00099962",133,72,61
"S00099963",103,67,36
"S00099964",102,46,56
"S00099965",71,42,29
"S00099966",90,51,39
"S00099967",96,54,42
"S00099968",119,49,70
"S00099969",101,44,57
"S00099970",159,70,89
"S00099971",122,75,47
"S00099972",116,94,22
"S00099973",82,32,50
"S00099974",66,50,16
"S00099975",98,47,51
"S00099976",87,45,42
"S00099977",88,56,32
"S00099978",78,34,44
"S00099979",78,54,24
"S00099980",99,64,35
"S00099981",76,40,36
"S00099982",69,48,21
"S00099983",67,33,34
"S00099984",74,40,34
"S00099985",72,51,21
"S00099986",90,49,41
"S00099987",76,50,26
"S00099988",85,55,30
"S00099989",98,38,60
"S00099990",85,23,62
"S00099991",106,33,73
"S00099992",69,26,43
"S00099993",155,84,71
"S00099994",61,27,34
"S00099995",122,34,88
"S00099996",86,21,65
"S00099997",137,65,72
"S00099998",127,69,58
"S00099999",81,49,32
"S00100000",75,68,7
"S00100001",99,65,34
"S00100002",78,52,26
"S00100003",105,70,35
"S00100004",135,64,71
"S00100005",77,39,38
"S00100006",71,41,30
"S00100007",134,79,55
"S00100008",91,47,44
"S00100009",115,59,56
"S00100010",110,61,49
"S00100011",75,42,33
"S00100012",83,47,36
"S00100013",84,44,40
"S00100014",65,42,23
"S00100015",52,38,14
"S00100016",83,49,34
"S00100017",55,33,22
"S00100018",121,59,62
"S00100019",93,45,48
"S00100020",115,65,50
"S00100021",114,54,60
"S00100022",95,59,36
"S00100023",126,72,54
"S00100024",92,23,69
"S00100025",104,35,69
"S00100026",103,41,62
"S00100027",97,51,46
"S00100028",109,67,42
"S00100029",84,42,42
"S00100030",91,49,42
"S00100031",82,53,29
"S00100032",107,67,40
"S00100033",105,59,46
"S00100034",97,61,36
"S00100035",90,56,34
"S00100036",77,53,24
"S00100037",122,74,48
"S00100038",55,38,17
"S00100039",91,59,32
"S00100040",91,64,27
"S00100041",120,70,50
"S00100042",54,37,17
"S00100043",80,52,28
"S00100044",88,50,38
"S00100045",82,45,37
"S00100046",75,50,25
"S00100047",67,55,12
"S00100048",71,51,20
"S00100049",94,65,29
"S00100050",52,45,7
"S00100051",116,68,48
"S00100052",116,84,32
"S00100053",58,29,29
"S00100054",82,27,55
"S00100055",91,39,52
"S00100056",69,39,30
"S00100057",52,30,22
"S00100058",102,64,38
"S00100059",125,63,62
"S00100060",74,38,36
"S00100061",90,46,44
"S00100062",97,49,48
"S00100063",82,50,32
"S00100064",89,48,41
"S00100065",128,68,60
"S00100066",74,51,23
"S00100067",68,41,27
"S00100068",71,49,22
"S00100069",130,82,48
"S00100070",83,51,32
"S00100071",99,56,43
"S00100072",110,61,49
"S00100073",110,66,44
"S00100074",120,34,86
"S00100075",77,44,33
"S00100076",66,48,18
"S00100077",95,27,68
"S00100078",111,45,66
"S00100079",77,21,56
"S00100080",73,31,42
"S00100081",116,69,47
"S00100082",116,58,58
"S00100083",108,46,62
"S00100084",133,75,58
"S00100085",118,60,58
"S00100086",122,60,62
"S00100087",122,72,50
"S00100088",101,43,58
"S00100089",97,41,56
"S00100090",91,64,27
"S00100091",78,34,44
"S00100092",134,86,48
"S00100093",67,32,35
"S00100094",111,61,50
"S00100095",98,59,39
"S00100096",95,60,35
"S00100097",77,65,12
"S00100098",90,46,44
"S00100099",111,59,52
"S00100100",74,50,24
"S00100101",76,44,32
"S00100102",78,40,38
"S00100103",54,34,20
"S00100104",99,45,54
"S00100105",106,54,52
"S00100106",122,73,49
"S00100107",162,59,103
"S00100108",116,39,77
"S00100109",146,53,93
"S00100110",95,40,55
"S00100111",86,32,54
"S00100112",119,35,84
"S00100113",99,26,73
"S00100114",81,43,38
"S00100115",83,33,50
"S00100116",89,19,70
"S00100117",107,35,72
"S00100118",84,38,46
"S00100119",95,23,72
"S00100120",108,74,34
"S00100121",97,45,52
"S00100122",82,46,36
"S00100123",65,53,12
"S00100124",107,47,60
"S00100125",96,34,62
"S00100126",58,50,8
"S00100127",49,39,10
"S00100128",98,41,57
"S00100129",115,35,80
"S00100130",77,27,50
"S00100131",92,38,54
"S00100132",59,19,40
"S00100133",47,9,38
"S00100134",82,40,42
"S00100135",59,23,36
"S00100136",75,36,39
"S00100137",108,40,68
"S00100138",140,43,97
"S00100139",106,78,28
"S00100140",116,70,46
"S00100141",70,55,15
"S00100142",83,51,32
"S00100143",66,48,18
"S00100144",93,53,40
"S00100145",88,48,40
"S00100146",67,39,28
"S00100147",102,59,43
"S00100148",56,46,10
"S00100149",88,60,28
"S00100150",113,78,35
"S00100151",127,91,36
"S00100152",64,58,6
"S00100153",96,68,28
"S00100154",74,44,30
"S00100155",106,38,68
"S00100156",84,61,23
"S00100157",63,45,18
"S00100158",79,51,28
"S00100159",110,80,30
"S00100160",99,55,44
"S00100161",56,42,14
"S00100162",148,96,52
"S00100163",158,75,83
"S00100164",103,34,69
"S00100165",106,59,47
"S00100166",66,44,22
"S00100167",100,84,16
"S00100168",96,68,28
"S00100169",92,62,30
"S00100170",74,36,38
"S00100171",62,52,10
"S00100172",53,35,18
"S00100173",67,47,20
"S00100174",83,61,22
"S00100175",50,38,12
"S00100176",66,54,12
"S00100177",90,53,37
"S00100178",84,43,41
"S00100179",61,49,12
"S00100180",70,58,12
"S00100181",64,43,21
"S00100182",122,37,85
"S00100183",90,38,52
"S00100184",96,47,49
"S00100185",88,50,38
"S00100186",91,37,54
"S00100187",89,47,42
"S00100188",101,56,45
"S00100189",133,65,68
"S00100190",73,41,32
"S00100191",70,40,30
"S00100192",99,66,33
"S00100193",108,56,52
"S00100194",79,37,42
"S00100195",139,79,60
"S00100196",122,74,48
"S00100197",79,54,25
"S00100198",98,58,40
"S00100199",88,41,47
"S00100200",111,65,46
"S00100201",78,43,35
"S00100202",93,56,37
"S00100203",100,61,39
"S00100204",105,52,53
"S00100205",89,53,36
"S00100206",103,53,50
"S00100207",75,53,22
"S00100208",87,43,44
"S00100209",143,84,59
"S00100210",129,75,54
"S00100211",127,62,65
"S00100212",98,61,37
"S00100213",89,58,31
"S00100214",90,45,45
"S00100215",85,43,42
"S00100216",106,46,60
"S00100217",87,35,52
"S00100218",88,47,41
"S00100219",54,34,20
"S00100220",88,50,38
"S00100221",131,72,59
"S00100222",97,62,35
"S00100223",120,64,56
"S00100224",128,43,85
"S00100225",114,41,73
"S00100226",100,32,68
"S00100227",92,50,42
"S00100228",68,50,18
"S00100229",126,75,51
"S00100230",59,45,14
"S00100231",80,57,23
"S00100232",57,39,18
"S00100233",75,56,19
"S00100234",88,62,26
"S00100235",84,65,19
"S00100236",74,53,21
"S00100237",84,60,24
"S00100238",96,53,43
"S00100239",97,47,50
"S00100240",78,44,34
"S00100241",108,77,31
"S00100242",109,76,33
"S00100243",88,50,38
"S00100244",73,48,25
"S00100245",87,58,29
"S00100246",94,60,34
"S00100247",74,40,34
"S00100248",84,48,36
"S00100249",99,52,47
"S00100250",94,66,28
"S00100251",86,50,36
"S00100252",106,67,39
"S00100253",90,58,32
"S00100254",75,39,36
"S00100255",104,63,41
"S00100256",55,47,8
"S00100257",96,55,41
"S00100258",59,33,26
"S00100259",111,37,74
"S00100260",59,36,23
"S00100261",62,44,18
"S00100262",132,81,51
"S00100263",107,39,68
"S00100264",95,47,48
"S00100265",60,28,32
"S00100266",123,39,84
"S00100267",43,29,14
"S00100268",100,77,23
"S00100269",101,90,11
"S00100270",70,42,28
"S00100271",88,54,34
"S00100272",82,58,24
"S00100273",62,52,10
"S00100274",94,58,36
"S00100275",71,55,16
"S00100276",89,52,37
"S00100277",48,20,28
"S00100278",80,62,18
"S00100279",63,56,7
"S00100280",64,42,22
"S00100281",91,69,22
"S00100282",74,53,21
"S00100283",107,82,25
"S00100284",111,70,41
"S00100285",48,42,6
"S00100286",67,57,10
"S00100287",63,51,12
"S00100288",89,45,44
"S00100289",76,33,43
"S00100290",58,44,14
"S00100291",63,31,32
"S00100292",70,33,37
"S00100293",59,54,5
"S00100294",54,50,4
"S00100295",131,108,23
"S00100296",118,101,17
"S00100297",124,94,30
"S00100298",117,73,44
"S00100299",62,54,8
"S00100300",120,93,27
"S00100301",105,80,25
"S00100302",67,59,8
"S00100303",88,74,14
"S00100304",120,63,57
"S00100305",79,40,39
"S00100306",127,46,81
"S00100307",114,49,65
"S00100308",117,48,69
"S00100309",93,63,30
"S00100310",91,31,60
"S00100311",113,39,74
"S00100312",109,45,64
"S00100313",131,61,70
"S00100314",125,36,89
"S00100315",146,50,96
"S00100316",92,34,58
"S00100317",46,41,5
"S00100318",85,57,28
"S00100319",76,70,6
"S00100320",77,55,22
"S00100321",105,78,27
"S00100322",122,80,42
"S00100323",83,63,20
"S00100324",143,107,36
"S00100325",96,63,33
"S00100326",90,60,30
"S00100327",67,51,16
"S00100328",90,56,34
"S00100329",88,54,34
"S00100330",65,51,14
"S00100331",103,73,30
"S00100332",102,63,39
"S00100333",77,57,20
"S00100334",122,73,49
"S00100335",69,39,30
"S00100336",113,71,42
"S00100337",46,28,18
"S00100338",60,29,31
"S00100339",64,38,26
"S00100340",94,65,29
"S00100341",76,49,27
"S00100342",120,35,85
"S00100343",82,62,20
"S00100344",99,25,74
"S00100345",97,44,53
"S00100346",92,40,52
"S00100347",114,44,70
"S00100348",80,26,54
"S00100349",93,38,55
"S00100350",44,13,31
"S00100351",102,40,62
"S00100352",86,32,54
"S00100353",94,49,45
"S00100354",76,52,24
"S00100355",89,55,34
"S00100356",77,37,40
"S00100357",79,45,34
"S00100358",131,66,65
"S00100359",86,32,54
"S00100360",119,71,48
"S00100361",65,25,40
"S00100362",47,11,36
"S00100363",50,28,22
"S00100364",69,31,38
"S00100365",71,54,17
"S00100366",91,47,44
"S00100367",79,52,27
"S00100368",79,34,45
"S00100369",98,34,64
"S00100370",96,28,68
"S00100371",78,67,11
"S00100372",60,33,27
"S00100373",83,35,48
"S00100374",116,60,56
"S00100375",114,45,69
"S00100376",81,35,46
"S00100377",109,49,60
"S00100378",77,43,34
"S00100379",85,39,46
"S00100380",76,39,37
"S00100381",112,71,41
"S00100382",97,37,60
"S00100383",109,45,64
"S00100384",89,75,14
"S00100385",120,63,57
"S00100386",80,50,30
"S00100387",83,42,41
"S00100388",90,48,42
"S00100389",76,36,40
"S00100390",83,42,41
"S00100391",109,59,50
"S00100392",81,24,57
"S00100393",76,28,48
"S00100394",104,60,44
"S00100395",46,30,16
"S00100396",95,63,32
"S00100397",52,27,25
"S00100398",117,68,49
"S00100399",77,55,22
"S00100400",105,56,49
"S00100401",126,74,52
"S00100402",100,58,42
"S00100403",88,44,44
"S00100404",96,52,44
"S00100405",104,65,39
"S00100406",97,35,62
"S00100407",62,38,24
"S00100408",65,33,32
"S00100409",146,97,49
"S00100410",112,70,42
"S00100411",86,56,30
"S00100412",91,45,46
"S00100413",70,38,32
"S00100414",108,73,35
"S00100415",79,44,35
"S00100416",80,50,30
"S00100417",99,60,39
"S00100418",138,92,46
"S00100419",103,59,44
"S00100420",46,32,14
"S00100421",114,50,64
"S00100422",126,84,42
"S00100423",71,35,36
"S00100424",58,33,25
"S00100425",105,51,54
"S00100426",74,38,36
"S00100427",107,47,60
"S00100428",116,52,64
"S00100429",88,34,54
"S00100430",52,30,22
"S00100431",116,70,46
"S00100432",105,43,62
"S00100433",50,18,32
"S00100434",59,45,14
"S00100435",96,42,54
"S00100436",65,48,17
"S00100437",107,71,36
"S00100438",74,42,32
"S00100439",77,53,24
"S00100440",142,100,42
"S00100441",136,70,66
"S00100442",119,61,58
"S00100443",77,48,29
"S00100444",106,65,41
"S00100445",86,55,31
"S00100446",71,41,30
"S00100447",71,40,31
"S00100448",99,52,47
"S00100449",64,44,20
"S00100450",126,85,41
"S00100451",72,42,30
"S00100452",48,30,18
"S00100453",77,50,27
"S00100454",59,35,24
"S00100455",87,49,38
"S00100456",120,60,60
"S00100457",79,39,40
"S00100458",96,58,38
"S00100459",75,35,40
"S00100460",96,56,40
"S00100461",67,41,26
"S00100462",118,62,56
"S00100463",112,63,49
"S00100464",53,33,20
"S00100465",83,54,29
"S00100466",86,58,28
"S00100467",102,66,36
"S00100468",72,53,19
"S00100469",115,53,62
"S00100470",102,38,64
"S00100471",79,37,42
"S00100472",60,24,36
"S00100473",51,30,21
"S00100474",95,33,62
"S00100475",116,64,52
"S00100476",76,56,20
"S00100477",86,40,46
"S00100478",123,57,66
"S00100479",164,50,114
"S00100480",79,35,44
"S00100481",144,50,94
"S00100482",95,54,41
"S00100483",145,46,99
"S00100484",114,41,73
"S00100485",74,24,50
"S00100486",92,38,54
"S00100487",82,35,47
"S00100488",88,46,42
"S00100489",72,52,20
"S00100490",60,44,16
"S00100491",67,48,19
"S00100492",80,54,26
"S00100493",73,39,34
"S00100494",59,37,22
"S00100495",67,41,26
"S00100496",74,37,37
"S00100497",152,42,110
"S00100498",77,35,42
"S00100499",75,47,28
"S00100500",90,45,45
"S00100501",66,34,32
"S00100502",106,74,32
"S00100503",62,45,17
"S00100504",58,42,16
"S00100505",57,42,15
"S00100506",125,71,54
"S00100507",81,56,25
"S00100508",86,46,40
"S00100509",59,27,32
"S00100510",69,31,38
"S00100511",81,47,34
"S00100512",71,41,30
"S00100513",58,45,13
"S00100514",82,54,28
"S00100515",69,42,27
"S00100516",97,35,62
"S00100517",94,34,60
"S00100518",149,53,96
"S00100519",138,72,66
"S00100520",71,39,32
"S00100521",72,32,40
"S00100522",123,54,69
"S00100523",67,43,24
"S00100524",92,50,42
"S00100525",126,58,68
"S00100526",124,62,62
"S00100527",94,50,44
"S00100528",104,67,37
"S00100529",106,45,61
"S00100530",57,38,19
"S00100531",65,47,18
"S00100532",87,53,34
"S00100533",65,43,22
"S00100534",106,51,55
"S00100535",123,52,71
"S00100536",79,25,54
"S00100537",104,40,64
"S00100538",148,53,95
"S00100539",95,39,56
"S00100540",54,30,24
"S00100541",81,49,32
"S00100542",105,49,56
"S00100543",85,49,36
"S00100544",74,32,42
"S00100545",123,60,63
"S00100546",142,72,70
"S00100547",97,50,47
"S00100548",50,38,12
"S00100549",66,35,31
"S00100550",140,47,93
"S00100551",129,54,75
"S00100552",137,61,76
"S00100553",81,55,26
"S00100554",47,23,24
"S00100555",122,54,68
"S00100556",57,25,32
"S00100557",142,65,77
"S00100558",101,35,66
"S00100559",48,39,9
"S00100560",57,16,41
"S00100561",52,14,38
"S00100562",137,55,82
"S00100563",58,37,21
"S00100564",115,69,46
"S00100565",132,43,89
"S00100566",99,42,57
"S00100567",81,45,36
"S00100568",79,45,34
"S00100569",100,62,38
"S00100570",95,46,49
"S00100571",87,41,46
"S00100572",71,43,28
"S00100573",90,36,54
"S00100574",73,47,26
"S00100575",101,50,51
"S00100576",112,68,44
"S00100577",105,48,57
"S00100578",121,49,72
"S00100579",163,51,112
"S00100580",104,40,64
"S00100581",98,30,68
"S00100582",139,72,67
"S00100583",88,36,52
"S00100584",124,51,73
"S00100585",119,70,49
"S00100586",88,78,10
"S00100587",82,44,38
"S00100588",94,60,34
"S00100589",100,54,46
"S00100590",84,44,40
"S00100591",81,43,38
"S00100592",87,45,42
"S00100593",97,59,38
"S00100594",100,57,43
"S00100595",107,47,60
"S00100596",67,51,16
"S00100597",85,53,32
"S00100598",85,33,52
"S00100599",92,30,62
"S00100600",103,49,54
"S00100601",105,49,56
"S00100602",55,52,3
"S00100603",76,48,28
"S00100604",70,35,35
"S00100605",57,45,12
"S00100606",78,50,28
"S00100607",74,60,14
"S00100608",67,29,38
"S00100609",68,25,43
"S00100610",119,59,60
"S00100611",113,49,64
"S00100612",78,36,42
"S00100613",59,39,20
"S00100614",74,49,25
"S00100615",68,22,46
"S00100616",84,30,54
"S00100617",119,36,83
"S00100618",80,24,56
"S00100619",89,26,63
"S00100620",143,55,88
"S00100621",120,70,50
"S00100622",107,53,54
"S00100623",152,74,78
"S00100624",133,53,80
"S00100625",100,54,46
"S00100626",70,30,40
"S00100627",90,60,30
"S00100628",83,49,34
"S00100629",76,42,34
"S00100630",78,21,57
"S00100631",113,52,61
"S00100632",65,22,43
"S00100633",118,64,54
"S00100634",101,27,74
"S00100635",107,31,76
"S00100636",147,47,100
"S00100637",89,43,46
"S00100638",127,37,90
"S00100639",80,36,44
"S00100640",98,26,72
"S00100641",63,21,42
"S00100642",59,33,26
"S00100643",95,58,37
"S00100644",72,33,39
"S00100645",110,40,70
"S00100646",98,49,49
"S00100647",142,59,83
"S00100648",100,25,75
"S00100649",66,18,48
"S00100650",86,28,58
"S00100651",134,56,78
"S00100652",102,51,51
"S00100653",101,31,70
"S00100654",86,28,58
"S00100655",120,39,81
"S00100656",154,54,100
"S00100657",90,26,64
"S00100658",87,31,56
"S00100659",95,25,70
"S00100660",75,25,50
"S00100661",73,45,28
"S00100662",51,31,20
"S00100663",110,52,58
"S00100664",163,101,62
"S00100665",83,35,48
"S00100666",101,45,56
"S00100667",72,35,37
"S00100668",79,27,52
"S00100669",165,69,96
"S00100670",43,23,20
"S00100671",82,56,26
"S00100672",60,38,22
"S00100673",74,30,44
"S00100674",68,36,32
"S00100675",48,30,18
"S00100676",49,33,16
"S00100677",102,41,61
"S00100678",88,63,25
"S00100679",104,71,33
"S00100680",122,40,82
"S00100681",141,78,63
"S00100682",104,46,58
"S00100683",57,19,38
"S00100684",80,34,46
"S00100685",89,25,64
"S00100686",73,45,28
"S00100687",75,28,47
"S00100688",135,72,63
"S00100689",75,27,48
"S00100690",85,47,38
"S00100691",47,32,15
"S00100692",48,40,8
"S00100693",98,41,57
"S00100694",71,59,12
"S00100695",91,47,44
"S00100696",54,17,37
"S00100697",46,16,30
"S00100698",48,14,34
"S00100699",80,22,58
"S00100700",113,80,33
"S00100701",68,55,13
"S00100702",105,80,25
"S00100703",98,35,63
"S00100704",61,30,31
"S00100705",56,36,20
"S00100706",75,56,19
"S00100707",72,50,22
"S00100708",46,30,16
"S00100709",86,60,26
"S00100710",128,59,69
"S00100711",70,32,38
"S00100712",43,23,20
"S00100713",80,41,39
"S00100714",60,18,42
"S00100715",61,32,29
"S00100716",58,33,25
"S00100717",69,46,23
"S00100718",78,39,39
"S00100719",114,74,40
"S00100720",62,46,16
"S00100721",101,35,66
"S00100722",150,70,80
"S00100723",68,34,34
"S00100724",44,30,14
"S00100725",50,41,9
"S00100726",63,43,20
"S00100727",98,56,42
"S00100728",73,53,20
"S00100729",89,37,52
"S00100730",68,34,34
"S00100731",144,97,47
"S00100732",89,54,35
"S00100733",71,52,19
"S00100734",44,17,27
"S00100735",49,37,12
"S00100736",95,53,42
"S00100737",69,47,22
"S00100738",85,45,40
"S00100739",127,47,80
"S00100740",86,24,62
"S00100741",52,17,35
"S00100742",52,32,20
"S00100743",650,524,126
"S00100744",107,57,50
"S00100745",109,48,61
"S00100746",105,38,67
"S00100747",142,56,86
"S00100748",115,51,64
"S00100749",60,39,21
"S00100750",108,63,45
"S00100751",160,118,42
"S00100752",53,29,24
"S00100753",66,36,30
"S00100754",93,49,44
"S00100755",63,37,26
"S00100756",48,32,16
"S00100757",91,33,58
"S00100758",87,31,56
"S00100759",82,43,39
"S00100760",71,25,46
"S00100761",109,49,60
"S00100762",75,58,17
"S00100763",56,45,11
"S00100764",56,43,13
"S00100765",51,26,25
"S00100766",94,39,55
"S00100767",98,35,63
"S00100768",55,15,40
"S00100769",146,49,97
"S00100770",60,32,28
"S00100771",112,69,43
"S00100772",123,44,79
"S00100773",115,49,66
"S00100774",59,11,48
"S00100775",122,37,85
"S00100776",135,46,89
"S00100777",79,60,19
"S00100778",104,42,62
"S00100779",156,57,99
"S00100780",136,56,80
"S00100781",49,23,26
"S00100782",126,69,57
"S00100783",86,48,38
"S00100784",66,48,18
"S00100785",68,54,14
"S00100786",83,49,34
"S00100787",103,75,28
"S00100788",41,21,20
"S00100789",93,63,30
"S00100790",62,38,24
"S00100791",88,80,8
"S00100792",81,65,16
"S00100793",105,79,26
"S00100794",80,57,23
"S00100795",59,51,8
"S00100796",67,53,14
"S00100797",94,85,9
"S00100798",96,73,23
"S00100799",73,48,25
"S00100800",125,75,50
"S00100801",101,49,52
"S00100802",101,57,44
"S00100803",81,50,31
"S00100804",66,40,26
"S00100805",89,67,22
"S00100806",80,48,32
"S00100807",43,27,16
"S00100808",86,50,36
"S00100809",124,86,38
"S00100810",181,69,112
"S00100811",132,33,99
"S00100812",75,17,58
"S00100813",113,45,68
"S00100814",103,31,72
"S00100815",126,53,73
"S00100816",79,23,56
"S00100817",182,65,117
"S00100818",154,60,94
"S00100819",108,45,63
"S00100820",99,33,66
"S00100821",96,30,66
"S00100822",71,31,40
"S00100823",158,59,99
"S00100824",97,33,64
"S00100825",80,22,58
"S00100826",59,23,36
"S00100827",105,41,64
"S00100828",94,50,44
"S00100829",112,51,61
"S00100830",98,51,47
"S00100831",77,63,14
"S00100832",55,17,38
"S00100833",127,59,68
"S00100834",93,57,36
"S00100835",67,41,26
"S00100836",145,104,41
"S00100837",77,48,29
"S00100838",102,62,40
"S00100839",163,63,100
"S00100840",109,48,61
"S00100841",96,64,32
"S00100842",124,68,56
"S00100843",94,36,58
"S00100844",114,50,64
"S00100845",91,69,22
"S00100846",63,46,17
"S00100847",119,69,50
"S00100848",64,31,33
"S00100849",95,54,41
"S00100850",147,39,108
"S00100851",129,41,88
"S00100852",132,37,95
"S00100853",101,49,52
"S00100854",71,42,29
"S00100855",75,60,15
"S00100856",77,51,26
"S00100857",110,76,34
"S00100858",97,44,53
"S00100859",61,23,38
"S00100860",53,29,24
"S00100861",126,39,87
"S00100862",84,51,33
"S00100863",64,33,31
"S00100864",65,27,38
"S00100865",97,40,57
"S00100866",175,68,107
"S00100867",112,37,75
"S00100868",102,36,66
"S00100869",83,31,52
"S00100870",164,51,113
"S00100871",133,51,82
"S00100872",142,48,94
"S00100873",50,16,34
"S00100874",70,21,49
"S00100875",149,48,101
"S00100876",108,35,73
"S00100877",137,53,84
"S00100878",72,35,37
"S00100879",114,46,68
"S00100880",126,48,78
"S00100881",77,27,50
"S00100882",64,30,34
"S00100883",148,52,96
"S00100884",68,22,46
"S00100885",60,34,26
"S00100886",64,24,40
"S00100887",126,48,78
"S00100888",95,37,58
"S00100889",103,41,62
"S00100890",94,29,65
"S00100891",108,34,74
"S00100892",105,33,72
"S00100893",80,24,56
"S00100894",83,31,52
"S00100895",122,33,89
"S00100896",112,30,82
"S00100897",82,35,47
"S00100898",108,62,46
"S00100899",93,43,50
"S00100900",96,32,64
"S00100901",84,38,46
"S00100902",96,48,48
"S00100903",177,79,98
"S00100904",131,64,67
"S00100905",122,49,73
"S00100906",141,54,87
"S00100907",84,23,61
"S00100908",50,14,36
"S00100909",105,43,62
"S00100910",84,36,48
"S00100911",91,37,54
"S00100912",106,49,57
"S00100913",116,42,74
"S00100914",80,33,47
"S00100915",66,20,46
"S00100916",91,45,46
"S00100917",131,60,71
"S00100918",81,32,49
"S00100919",92,33,59
"S00100920",141,59,82
"S00100921",130,56,74
"S00100922",115,46,69
"S00100923",82,39,43
"S00100924",104,38,66
"S00100925",48,9,39
"S00100926",115,33,82
"S00100927",102,35,67
"S00100928",99,41,58
"S00100929",72,22,50
"S00100930",112,42,70
"S00100931",112,40,72
"S00100932",85,26,59
"S00100933",115,46,69
"S00100934",80,40,40
"S00100935",103,36,67
"S00100936",93,35,58
"S00100937",132,50,82
"S00100938",150,64,86
"S00100939",100,40,60
"S00100940",87,37,50
"S00100941",113,44,69
"S00100942",117,44,73
"S00100943",111,37,74
"S00100944",87,34,53
"S00100945",100,27,73
"S00100946",134,57,77
"S00100947",96,26,70
"S00100948",94,49,45
"S00100949",94,23,71
"S00100950",107,77,30
"S00100951",105,21,84
"S00100952",74,21,53
"S00100953",139,47,92
"S00100954",97,31,66
"S00100955",90,26,64
"S00100956",100,35,65
"S00100957",91,23,68
"S00100958",113,37,76
"S00100959",157,52,105
"S00100960",121,43,78
"S00100961",105,31,74
"S00100962",47,20,27
"S00100963",55,21,34
"S00100964",108,38,70
"S00100965",64,32,32
"S00100966",45,14,31
"S00100967",71,23,48
"S00100968",92,34,58
"S00100969",83,36,47
"S00100970",92,58,34
"S00100971",92,49,43
"S00100972",124,27,97
"S00100973",85,32,53
"S00100974",137,40,97
"S00100975",101,43,58
"S00100976",79,27,52
"S00100977",61,25,36
"S00100978",112,33,79
"S00100979",69,26,43
"S00100980",76,30,46
"S00100981",73,61,12
"S00100982",81,54,27
"S00100983",102,38,64
"S00100984",149,44,105
"S00100985",133,44,89
"S00100986",114,27,87
"S00100987",122,65,57
"S00100988",73,25,48
"S00100989",91,20,71
"S00100990",94,28,66
"S00100991",92,35,57
"S00100992",101,33,68
"S00100993",157,56,101
"S00100994",136,35,101
"S00100995",50,36,14
"S00100996",66,27,39
"S00100997",138,47,91
"S00100998",58,18,40
"S00100999",111,43,68
"S00101000",85,54,31
"S00101001",96,36,60
"S00101002",115,33,82
"S00101003",95,29,66
"S00101004",88,21,67
"S00101005",99,29,70
"S00101006",134,44,90
"S00101007",95,26,69
"S00101008",85,29,56
"S00101009",91,38,53
"S00101010",123,39,84
"S00101011",82,36,46
"S00101012",97,23,74
"S00101013",126,46,80
"S00101014",70,22,48
"S00101015",82,22,60
"S00101016",109,35,74
"S00101017",98,29,69
"S00101018",88,34,54
"S00101019",78,32,46
"S00101020",100,32,68
"S00101021",62,23,39
"S00101022",131,52,79
"S00101023",126,42,84
"S00101024",125,39,86
"S00101025",122,31,91
"S00101026",92,28,64
"S00101027",125,33,92
"S00101028",45,11,34
"S00101029",64,18,46
"S00101030",113,36,77
"S00101031",92,24,68
"S00101032",95,35,60
"S00101033",164,49,115
"S00101034",130,41,89
"S00101035",110,34,76
"S00101036",102,28,74
"S00101037",143,49,94
"S00101038",126,58,68
"S00101039",116,38,78
"S00101040",115,38,77
"S00101041",65,40,25
"S00101042",134,53,81
"S00101043",96,57,39
"S00101044",72,50,22
"S00101045",88,63,25
"S00101046",105,62,43
"S00101047",84,30,54
"S00101048",92,34,58
"S00101049",87,29,58
"S00101050",82,36,46
"S00101051",83,32,51
"S00101052",100,45,55
"S00101053",83,29,54
"S00101054",105,39,66
"S00101055",98,36,62
"S00101056",122,56,66
"S00101057",132,44,88
"S00101058",141,52,89
"S00101059",102,32,70
"S00101060",109,31,78
"S00101061",149,57,92
"S00101062",135,46,89
"S00101063",144,68,76
"S00101064",146,106,40
"S00101065",69,50,19
"S00101066",153,84,69
"S00101067",88,66,22
"S00101068",82,44,38
"S00101069",45,27,18
"S00101070",133,65,68
"S00101071",84,60,24
"S00101072",66,55,11
"S00101073",60,50,10
"S00101074",112,53,59
"S00101075",104,42,62
"S00101076",115,53,62
"S00101077",127,59,68
"S00101078",87,53,34
"S00101079",105,55,50
"S00101080",160,78,82
"S00101081",63,39,24
"S00101082",101,61,40
"S00101083",83,53,30
"S00101084",82,41,41
"S00101085",108,74,34
"S00101086",73,39,34
"S00101087",100,75,25
"S00101088",123,84,39
"S00101089",71,57,14
"S00101090",81,49,32
"S00101091",91,53,38
"S00101092",87,58,29
"S00101093",67,49,18
"S00101094",98,65,33
"S00101095",72,46,26
"S00101096",113,60,53
"S00101097",93,55,38
"S00101098",140,44,96
"S00101099",172,58,114
"S00101100",84,58,26
"S00101101",131,57,74
"S00101102",89,23,66
"S00101103",133,53,80
"S00101104",144,60,84
"S00101105",145,56,89
"S00101106",126,50,76
"S00101107",151,65,86
"S00101108",121,56,65
"S00101109",93,41,52
"S00101110",183,69,114
"S00101111",107,38,69
"S00101112",127,46,81
"S00101113",85,34,51
"S00101114",91,51,40
"S00101115",109,45,64
"S00101116",120,45,75
"S00101117",84,35,49
"S00101118",113,38,75
"S00101119",91,42,49
"S00101120",89,40,49
"S00101121",131,62,69
"S00101122",89,31,58
"S00101123",96,35,61
"S00101124",117,41,76
"S00101125",88,28,60
"S00101126",114,39,75
"S00101127",123,37,86
"S00101128",77,21,56
"S00101129",108,33,75
"S00101130",105,25,80
"S00101131",87,33,54
"S00101132",114,40,74
"S00101133",96,36,60
"S00101134",97,35,62
"S00101135",124,57,67
"S00101136",121,51,70
"S00101137",125,56,69
"S00101138",183,73,110
"S00101139",98,51,47
"S00101140",105,67,38
"S00101141",162,74,88
"S00101142",161,74,87
"S00101143",110,48,62
"S00101144",104,69,35
"S00101145",125,47,78
"S00101146",117,61,56
"S00101147",140,65,75
"S00101148",137,43,94
"S00101149",170,70,100
"S00101150",130,59,71
"S00101151",147,59,88
"S00101152",149,77,72
"S00101153",124,47,77
"S00101154",106,43,63
"S00101155",91,39,52
"S00101156",141,57,84
"S00101157",136,61,75
"S00101158",147,58,89
"S00101159",146,55,91
"S00101160",88,60,28
"S00101161",115,60,55
"S00101162",135,59,76
"S00101163",129,47,82
"S00101164",93,42,51
"S00101165",101,39,62
"S00101166",122,50,72
"S00101167",109,43,66
"S00101168",107,58,49
"S00101169",104,37,67
"S00101170",71,51,20
"S00101171",72,40,32
"S00101172",125,55,70
"S00101173",92,31,61
"S00101174",144,62,82
"S00101175",131,60,71
"S00101176",47,14,33
"S00101177",110,49,61
"S00101178",100,30,70
"S00101179",100,35,65
"S00101180",93,25,68
"S00101181",78,21,57
"S00101182",108,35,73
"S00101183",103,37,66
"S00101184",178,58,120
"S00101185",154,50,104
"S00101186",105,44,61
"S00101187",110,46,64
"S00101188",82,34,48
"S00101189",108,46,62
"S00101190",89,50,39
"S00101191",86,37,49
"S00101192",99,29,70
"S00101193",58,20,38
"S00101194",48,22,26
"S00101195",90,43,47
"S00101196",110,46,64
"S00101197",103,40,63
"S00101198",94,47,47
"S00101199",114,48,66
"S00101200",72,35,37
"S00101201",84,27,57
"S00101202",101,38,63
"S00101203",108,62,46
"S00101204",166,60,106
"S00101205",108,26,82
"S00101206",93,33,60
"S00101207",90,31,59
"S00101208",120,74,46
"S00101209",102,48,54
"S00101210",144,76,68
"S00101211",140,46,94
"S00101212",120,50,70
"S00101213",115,42,73
"S00101214",124,47,77
"S00101215",113,51,62
"S00101216",112,38,74
"S00101217",85,51,34
"S00101218",96,24,72
"S00101219",133,30,103
"S00101220",79,37,42
"S00101221",126,49,77
"S00101222",106,41,65
"S00101223",88,35,53
"S00101224",68,38,30
"S00101225",113,41,72
"S00101226",113,28,85
"S00101227",105,75,30
"S00101228",56,27,29
"S00101229",75,58,17
"S00101230",106,72,34
"S00101231",153,52,101
"S00101232",90,31,59
"S00101233",88,31,57
"S00101234",111,41,70
"S00101235",76,38,38
"S00101236",110,41,69
"S00101237",80,40,40
"S00101238",67,21,46
"S00101239",81,72,9
"S00101240",77,58,19
"S00101241",114,61,53
"S00101242",78,48,30
"S00101243",110,57,53
"S00101244",81,34,47
"S00101245",80,52,28
"S00101246",46,18,28
"S00101247",83,51,32
"S00101248",114,71,43
"S00101249",50,26,24
"S00101250",123,84,39
"S00101251",117,63,54
"S00101252",134,76,58
"S00101253",95,47,48
"S00101254",121,54,67
"S00101255",101,31,70
"S00101256",147,46,101
"S00101257",121,29,92
"S00101258",77,28,49
"S00101259",92,66,26
"S00101260",87,49,38
"S00101261",89,48,41
"S00101262",96,57,39
"S00101263",91,49,42
"S00101264",105,56,49
"S00101265",100,54,46
"S00101266",97,50,47
"S00101267",94,33,61
"S00101268",64,22,42
"S00101269",102,62,40
"S00101270",133,55,78
"S00101271",82,47,35
"S00101272",117,62,55
"S00101273",92,30,62
"S00101274",116,39,77
"S00101275",114,34,80
"S00101276",59,17,42
"S00101277",138,63,75
"S00101278",146,59,87
"S00101279",152,54,98
"S00101280",120,55,65
"S00101281",126,84,42
"S00101282",75,58,17
"S00101283",54,40,14
"S00101284",106,41,65
"S00101285",91,49,42
"S00101286",111,27,84
"S00101287",129,43,86
"S00101288",80,40,40
"S00101289",78,34,44
"S00101290",89,19,70
"S00101291",123,33,90
"S00101292",109,30,79
"S00101293",93,45,48
"S00101294",73,46,27
"S00101295",89,50,39
"S00101296",117,33,84
"S00101297",79,62,17
"S00101298",117,92,25
"S00101299",94,51,43
"S00101300",86,74,12
"S00101301",102,78,24
"S00101302",70,19,51
"S00101303",71,33,38
"S00101304",82,59,23
"S00101305",134,59,75
"S00101306",130,39,91
"S00101307",101,70,31
"S00101308",93,72,21
"S00101309",75,57,18
"S00101310",143,59,84
"S00101311",86,30,56
"S00101312",102,34,68
"S00101313",132,35,97
"S00101314",96,36,60
"S00101315",100,31,69
"S00101316",126,41,85
"S00101317",75,45,30
"S00101318",85,37,48
"S00101319",128,61,67
"S00101320",72,57,15
"S00101321",70,58,12
"S00101322",93,61,32
"S00101323",83,49,34
"S00101324",85,48,37
"S00101325",43,36,7
"S00101326",106,78,28
"S00101327",80,62,18
"S00101328",68,54,14
"S00101329",76,68,8
"S00101330",90,52,38
"S00101331",87,52,35
"S00101332",122,73,49
"S00101333",66,51,15
"S00101334",59,45,14
"S00101335",113,84,29
"S00101336",93,57,36
"S00101337",94,65,29
"S00101338",83,46,37
"S00101339",42,32,10
"S00101340",66,27,39
"S00101341",91,71,20
"S00101342",99,67,32
"S00101343",71,43,28
"S00101344",95,49,46
"S00101345",109,60,49
"S00101346",96,50,46
"S00101347",113,78,35
"S00101348",79,39,40
"S00101349",95,61,34
"S00101350",128,69,59
"S00101351",73,37,36
"S00101352",68,30,38
"S00101353",124,52,72
"S00101354",133,55,78
"S00101355",69,35,34
"S00101356",75,50,25
"S00101357",67,45,22
"S00101358",69,61,8
"S00101359",71,35,36
"S00101360",77,43,34
"S00101361",101,52,49
"S00101362",71,47,24
"S00101363",95,56,39
"S00101364",66,34,32
"S00101365",114,56,58
"S00101366",52,44,8
"S00101367",89,52,37
"S00101368",90,60,30
"S00101369",74,52,22
"S00101370",128,83,45
"S00101371",62,58,4
"S00101372",61,33,28
"S00101373",81,61,20
"S00101374",83,33,50
"S00101375",101,68,33
"S00101376",50,26,24
"S00101377",51,25,26
"S00101378",104,29,75
"S00101379",98,67,31
"S00101380",66,58,8
"S00101381",105,48,57
"S00101382",85,47,38
"S00101383",74,44,30
"S00101384",74,58,16
"S00101385",84,54,30
"S00101386",84,49,35
"S00101387",56,46,10
"S00101388",83,45,38
"S00101389",77,45,32
"S00101390",130,87,43
"S00101391",74,56,18
"S00101392",120,62,58
"S00101393",51,25,26
"S00101394",104,57,47
"S00101395",133,59,74
"S00101396",112,56,56
"S00101397",80,35,45
"S00101398",107,48,59
"S00101399",164,68,96
"S00101400",123,40,83
"S00101401",143,56,87
"S00101402",154,80,74
"S00101403",129,49,80
"S00101404",142,67,75
"S00101405",98,40,58
"S00101406",59,37,22
"S00101407",86,38,48
"S00101408",95,73,22
"S00101409",98,42,56
"S00101410",116,76,40
"S00101411",119,37,82
"S00101412",170,72,98
"S00101413",160,67,93
"S00101414",103,34,69
"S00101415",155,69,86
"S00101416",169,71,98
"S00101417",121,51,70
"S00101418",113,50,63
"S00101419",122,79,43
"S00101420",111,35,76
"S00101421",86,52,34
"S00101422",92,58,34
"S00101423",81,39,42
"S00101424",74,60,14
"S00101425",64,44,20
"S00101426",82,54,28
"S00101427",128,63,65
"S00101428",146,84,62
"S00101429",152,83,69
"S00101430",92,36,56
"S00101431",145,41,104
"S00101432",105,25,80
"S00101433",103,40,63
"S00101434",92,38,54
"S00101435",109,42,67
"S00101436",120,42,78
"S00101437",93,35,58
"S00101438",120,44,76
"S00101439",49,8,41
"S00101440",82,26,56
"S00101441",106,47,59
"S00101442",96,42,54
"S00101443",102,57,45
"S00101444",93,51,42
"S00101445",78,37,41
"S00101446",115,57,58
"S00101447",95,41,54
"S00101448",71,43,28
"S00101449",116,42,74
"S00101450",62,20,42
"S00101451",132,50,82
"S00101452",147,45,102
"S00101453",90,30,60
"S00101454",146,50,96
"S00101455",151,52,99
"S00101456",149,44,105
"S00101457",99,34,65
"S00101458",123,39,84
"S00101459",96,23,73
"S00101460",153,32,121
"S00101461",146,54,92
"S00101462",120,39,81
"S00101463",156,50,106
"S00101464",52,26,26
"S00101465",152,62,90
"S00101466",147,44,103
"S00101467",136,70,66
"S00101468",89,42,47
"S00101469",40,8,32
"S00101470",129,51,78
"S00101471",74,30,44
"S00101472",132,46,86
"S00101473",137,51,86
"S00101474",124,48,76
"S00101475",97,41,56
"S00101476",134,45,89
"S00101477",94,39,55
"S00101478",144,54,90
"S00101479",94,29,65
"S00101480",116,45,71
"S00101481",93,32,61
"S00101482",142,59,83
"S00101483",129,44,85
"S00101484",67,35,32
"S00101485",130,40,90
"S00101486",147,48,99
"S00101487",130,49,81
"S00101488",99,23,76
"S00101489",115,59,56
"S00101490",78,46,32
"S00101491",137,44,93
"S00101492",114,40,74
"S00101493",70,40,30
"S00101494",90,27,63
"S00101495",74,26,48
"S00101496",109,45,64
"S00101497",100,30,70
"S00101498",103,44,59
"S00101499",99,49,50
"S00101500",87,43,44
"S00101501",94,41,53
"S00101502",105,61,44
"S00101503",63,46,17
"S00101504",55,39,16
"S00101505",68,33,35
"S00101506",173,73,100
"S00101507",149,49,100
"S00101508",68,28,40
"S00101509",103,45,58
"S00101510",79,29,50
"S00101511",276,155,121
"S00101512",115,50,65
"S00101513",123,34,89
"S00101514",124,46,78
"S00101515",66,28,38
"S00101516",119,41,78
"S00101517",118,64,54
"S00101518",92,36,56
"S00101519",88,40,48
"S00101520",68,32,36
"S00101521",128,50,78
"S00101522",99,72,27
"S00101523",79,61,18
"S00101524",78,54,24
"S00101525",90,54,36
"S00101526",91,41,50
"S00101527",135,67,68
"S00101528",53,28,25
"S00101529",122,62,60
"S00101530",120,60,60
"S00101531",82,50,32
"S00101532",142,71,71
"S00101533",157,73,84
"S00101534",181,90,91
"S00101535",80,52,28
"S00101536",80,61,19
"S00101537",99,56,43
"S00101538",59,39,20
"S00101539",91,65,26
"S00101540",101,72,29
"S00101541",99,46,53
"S00101542",132,76,56
"S00101543",68,44,24
"S00101544",42,32,10
"S00101545",150,89,61
"S00101546",136,87,49
"S00101547",120,46,74
"S00101548",65,31,34
"S00101549",134,68,66
"S00101550",106,61,45
"S00101551",179,76,103
"S00101552",118,66,52
"S00101553",90,37,53
"S00101554",50,27,23
"S00101555",102,37,65
"S00101556",65,25,40
"S00101557",93,25,68
"S00101558",91,26,65
"S00101559",120,30,90
"S00101560",52,14,38
"S00101561",52,37,15
"S00101562",107,33,74
"S00101563",49,21,28
"S00101564",55,23,32
"S00101565",106,40,66
"S00101566",158,72,86
"S00101567",94,34,60
"S00101568",74,39,35
"S00101569",54,30,24
"S00101570",82,35,47
"S00101571",74,36,38
"S00101572",59,19,40
"S00101573",79,61,18
"S00101574",46,21,25
"S00101575",71,27,44
"S00101576",57,25,32
"S00101577",119,52,67
"S00101578",97,34,63
"S00101579",101,47,54
"S00101580",155,48,107
"S00101581",62,30,32
"S00101582",70,40,30
"S00101583",83,49,34
"S00101584",107,55,52
"S00101585",65,37,28
"S00101586",84,38,46
"S00101587",102,30,72
"S00101588",77,41,36
"S00101589",95,29,66
"S00101590",49,37,12
"S00101591",104,80,24
"S00101592",135,58,77
"S00101593",73,31,42
"S00101594",141,62,79
"S00101595",75,31,44
"S00101596",61,37,24
"S00101597",91,71,20
"S00101598",48,24,24
"S00101599",61,19,42
"S00101600",70,38,32
"S00101601",87,49,38
"S00101602",57,42,15
"S00101603",83,34,49
"S00101604",120,54,66
"S00101605",85,31,54
"S00101606",101,36,65
"S00101607",116,65,51
"S00101608",82,38,44
"S00101609",82,17,65
"S00101610",79,29,50
"S00101611",67,21,46
"S00101612",97,44,53
"S00101613",63,20,43
"S00101614",51,21,30
"S00101615",79,63,16
"S00101616",67,43,24
"S00101617",87,43,44
"S00101618",80,41,39
"S00101619",70,48,22
"S00101620",39,39,0
"S00101621",43,22,21
"S00101622",67,21,46
"S00101623",47,21,26
"S00101624",110,38,72
"S00101625",69,29,40
"S00101626",96,33,63
"S00101627",144,46,98
"S00101628",69,21,48
"S00101629",113,55,58
"S00101630",63,26,37
"S00101631",62,22,40
"S00101632",112,41,71
"S00101633",168,60,108
"S00101634",190,105,85
"S00101635",62,30,32
"S00101636",98,58,40
"S00101637",112,64,48
"S00101638",76,54,22
"S00101639",81,29,52
"S00101640",88,22,66
"S00101641",151,62,89
"S00101642",92,18,74
"S00101643",67,41,26
"S00101644",55,31,24
"S00101645",96,29,67
"S00101646",115,58,57
"S00101647",78,26,52
"S00101648",48,21,27
"S00101649",131,42,89
"S00101650",107,63,44
"S00101651",100,66,34
"S00101652",139,99,40
"S00101653",105,37,68
"S00101654",184,53,131
"S00101655",138,74,64
"S00101656",66,45,21
"S00101657",131,35,96
"S00101658",64,20,44
"S00101659",148,50,98
"S00101660",185,49,136
"S00101661",128,43,85
"S00101662",81,27,54
"S00101663",120,53,67
"S00101664",56,17,39
"S00101665",51,39,12
"S00101666",48,39,9
"S00101667",73,53,20
"S00101668",113,47,66
"S00101669",44,35,9
"S00101670",72,48,24
"S00101671",64,41,23
"S00101672",114,42,72
"S00101673",180,70,110
"S00101674",104,40,64
"S00101675",83,42,41
"S00101676",61,40,21
"S00101677",134,42,92
"S00101678",95,18,77
"S00101679",81,24,57
"S00101680",57,41,16
"S00101681",83,40,43
"S00101682",95,66,29
"S00101683",198,62,136
"S00101684",167,69,98
"S00101685",49,15,34
"S00101686",201,63,138
"S00101687",66,24,42
"S00101688",115,47,68
"S00101689",136,48,88
"S00101690",160,60,100
"S00101691",57,27,30
"S00101692",49,32,17
"S00101693",64,40,24
"S00101694",100,80,20
"S00101695",68,60,8
"S00101696",62,49,13
"S00101697",67,48,19
"S00101698",103,75,28
"S00101699",60,47,13
"S00101700",144,110,34
"S00101701",40,24,16
"S00101702",92,53,39
"S00101703",60,38,22
"S00101704",56,39,17
"S00101705",89,56,33
"S00101706",47,28,19
"S00101707",76,40,36
"S00101708",133,68,65
"S00101709",78,58,20
"S00101710",117,49,68
"S00101711",53,17,36
"S00101712",91,31,60
"S00101713",75,31,44
"S00101714",63,27,36
"S00101715",98,55,43
"S00101716",112,44,68
"S00101717",107,60,47
"S00101718",76,32,44
"S00101719",90,55,35
"S00101720",58,26,32
"S00101721",74,56,18
"S00101722",122,46,76
"S00101723",81,35,46
"S00101724",98,58,40
"S00101725",81,28,53
"S00101726",105,35,70
"S00101727",91,35,56
"S00101728",49,17,32
"S00101729",123,43,80
"S00101730",74,24,50
"S00101731",124,48,76
"S00101732",41,11,30
"S00101733",124,93,31
"S00101734",50,36,14
"S00101735",90,39,51
"S00101736",110,39,71
"S00101737",78,20,58
"S00101738",98,36,62
"S00101739",57,17,40
"S00101740",133,47,86
"S00101741",155,66,89
"S00101742",126,54,72
"S00101743",166,71,95
"S00101744",65,41,24
"S00101745",45,30,15
"S00101746",135,56,79
"S00101747",44,8,36
"S00101748",49,25,24
"S00101749",116,35,81
"S00101750",90,36,54
"S00101751",160,52,108
"S00101752",107,40,67
"S00101753",138,82,56
"S00101754",90,63,27
"S00101755",92,45,47
"S00101756",176,86,90
"S00101757",120,72,48
"S00101758",124,70,54
"S00101759",204,79,125
"S00101760",50,16,34
"S00101761",139,45,94
"S00101762",47,13,34
"S00101763",56,28,28
"S00101764",72,28,44
"S00101765",145,75,70
"S00101766",96,50,46
"S00101767",107,43,64
"S00101768",115,46,69
"S00101769",64,24,40
"S00101770",96,24,72
"S00101771",115,39,76
"S00101772",77,31,46
"S00101773",110,44,66
"S00101774",137,50,87
"S00101775",158,54,104
"S00101776",78,30,48
"S00101777",89,39,50
"S00101778",118,22,96
"S00101779",131,63,68
"S00101780",52,24,28
"S00101781",93,43,50
"S00101782",64,28,36
"S00101783",82,38,44
"S00101784",81,21,60
"S00101785",88,36,52
"S00101786",101,50,51
"S00101787",87,35,52
"S00101788",78,37,41
"S00101789",58,28,30
"S00101790",84,20,64
"S00101791",107,43,64
"S00101792",63,16,47
"S00101793",143,48,95
"S00101794",107,40,67
"S00101795",48,16,32
"S00101796",127,49,78
"S00101797",66,19,47
"S00101798",110,60,50
"S00101799",99,30,69
"S00101800",149,55,94
"S00101801",121,48,73
"S00101802",107,42,65
"S00101803",59,21,38
"S00101804",92,44,48
"S00101805",47,19,28
"S00101806",86,43,43
"S00101807",64,24,40
"S00101808",141,61,80
"S00101809",110,42,68
"S00101810",47,21,26
"S00101811",94,36,58
"S00101812",91,47,44
"S00101813",89,37,52
"S00101814",74,21,53
"S00101815",55,19,36
"S00101816",75,30,45
"S00101817",170,47,123
"S00101818",90,40,50
"S00101819",51,22,29
"S00101820",95,41,54
"S00101821",160,66,94
"S00101822",60,29,31
"S00101823",76,29,47
"S00101824",91,41,50
"S00101825",94,56,38
"S00101826",98,44,54
"S00101827",102,35,67
"S00101828",131,79,52
"S00101829",101,52,49
"S00101830",110,83,27
"S00101831",87,49,38
"S00101832",127,68,59
"S00101833",110,68,42
"S00101834",81,57,24
"S00101835",72,37,35
"S00101836",65,44,21
"S00101837",90,38,52
"S00101838",94,65,29
"S00101839",109,47,62
"S00101840",62,46,16
"S00101841",87,57,30
"S00101842",142,50,92
"S00101843",100,59,41
"S00101844",117,45,72
"S00101845",104,70,34
"S00101846",102,56,46
"S00101847",99,37,62
"S00101848",140,48,92
"S00101849",66,20,46
"S00101850",78,44,34
"S00101851",157,69,88
"S00101852",100,63,37
"S00101853",71,41,30
"S00101854",80,58,22
"S00101855",64,34,30
"S00101856",74,43,31
"S00101857",112,62,50
"S00101858",120,46,74
"S00101859",117,51,66
"S00101860",139,39,100
"S00101861",82,46,36
"S00101862",48,16,32
"S00101863",70,20,50
"S00101864",70,26,44
"S00101865",59,47,12
"S00101866",114,44,70
"S00101867",72,27,45
"S00101868",85,28,57
"S00101869",109,41,68
"S00101870",129,71,58
"S00101871",91,69,22
"S00101872",71,65,6
"S00101873",94,68,26
"S00101874",53,29,24
"S00101875",60,41,19
"S00101876",74,63,11
"S00101877",148,103,45
"S00101878",77,47,30
"S00101879",96,37,59
"S00101880",79,43,36
"S00101881",111,85,26
"S00101882",93,53,40
"S00101883",91,55,36
"S00101884",76,49,27
"S00101885",79,42,37
"S00101886",66,48,18
"S00101887",70,49,21
"S00101888",102,62,40
"S00101889",68,56,12
"S00101890",105,63,42
"S00101891",57,39,18
"S00101892",100,69,31
"S00101893",129,55,74
"S00101894",124,86,38
"S00101895",69,48,21
"S00101896",78,24,54
"S00101897",110,59,51
"S00101898",78,56,22
"S00101899",97,60,37
"S00101900",60,40,20
"S00101901",93,56,37
"S00101902",93,69,24
"S00101903",114,68,46
"S00101904",116,91,25
"S00101905",70,49,21
"S00101906",89,61,28
"S00101907",76,49,27
"S00101908",105,61,44
"S00101909",112,78,34
"S00101910",72,51,21
"S00101911",83,61,22
"S00101912",92,34,58
"S00101913",66,51,15
"S00101914",58,52,6
"S00101915",120,61,59
"S00101916",125,52,73
"S00101917",120,61,59
"S00101918",153,59,94
"S00101919",84,44,40
"S00101920",98,45,53
"S00101921",90,44,46
"S00101922",86,46,40
"S00101923",68,44,24
"S00101924",128,75,53
"S00101925",168,95,73
"S00101926",107,59,48
"S00101927",114,74,40
"S00101928",83,43,40
"S00101929",123,67,56
"S00101930",102,60,42
"S00101931",128,76,52
"S00101932",128,76,52
"S00101933",74,53,21
"S00101934",96,39,57
"S00101935",82,40,42
"S00101936",99,48,51
"S00101937",110,56,54
"S00101938",74,28,46
"S00101939",122,54,68
"S00101940",55,19,36
"S00101941",89,61,28
"S00101942",102,43,59
"S00101943",90,60,30
"S00101944",125,79,46
"S00101945",90,42,48
"S00101946",74,45,29
"S00101947",91,47,44
"S00101948",109,53,56
"S00101949",75,45,30
"S00101950",82,47,35
"S00101951",122,66,56
"S00101952",129,84,45
"S00101953",110,76,34
"S00101954",81,43,38
"S00101955",78,41,37
"S00101956",105,55,50
"S00101957",90,53,37
"S00101958",82,66,16
"S00101959",148,77,71
"S00101960",111,65,46
"S00101961",75,43,32
"S00101962",64,50,14
"S00101963",112,71,41
"S00101964",96,66,30
"S00101965",97,57,40
"S00101966",73,44,29
"S00101967",98,48,50
"S00101968",97,51,46
"S00101969",78,36,42
"S00101970",127,38,89
"S00101971",97,41,56
"S00101972",135,72,63
"S00101973",73,25,48
"S00101974",82,38,44
"S00101975",110,28,82
"S00101976",181,53,128
"S00101977",118,50,68
"S00101978",84,49,35
"S00101979",96,50,46
"S00101980",109,59,50
"S00101981",141,69,72
"S00101982",94,42,52
"S00101983",144,71,73
"S00101984",113,52,61
"S00101985",107,41,66
"S00101986",106,58,48
"S00101987",136,65,71
"S00101988",105,47,58
"S00101989",85,35,50
"S00101990",139,43,96
"S00101991",91,18,73
"S00101992",77,31,46
"S00101993",110,70,40
"S00101994",98,65,33
"S00101995",125,67,58
"S00101996",72,43,29
"S00101997",125,61,64
"S00101998",112,68,44
"S00101999",102,55,47
"S00102000",120,65,55
"S00102001",97,46,51
"S00102002",79,46,33
"S00102003",84,36,48
"S00102004",105,58,47
"S00102005",81,29,52
"S00102006",119,71,48
"S00102007",132,53,79
"S00102008",107,40,67
"S00102009",127,48,79
"S00102010",127,83,44
"S00102011",100,65,35
"S00102012",134,81,53
"S00102013",96,60,36
"S00102014",44,26,18
"S00102015",114,73,41
"S00102016",111,71,40
"S00102017",131,81,50
"S00102018",103,65,38
"S00102019",117,89,28
"S00102020",106,68,38
"S00102021",69,45,24
"S00102022",68,42,26
"S00102023",96,49,47
"S00102024",97,55,42
"S00102025",89,77,12
"S00102026",169,56,113
"S00102027",97,75,22
"S00102028",67,44,23
"S00102029",83,51,32
"S00102030",82,36,46
"S00102031",78,30,48
"S00102032",88,38,50
"S00102033",138,62,76
"S00102034",109,44,65
"S00102035",72,52,20
"S00102036",93,49,44
"S00102037",64,45,19
"S00102038",75,44,31
"S00102039",109,49,60
"S00102040",77,37,40
"S00102041",70,42,28
"S00102042",90,59,31
"S00102043",61,38,23
"S00102044",100,51,49
"S00102045",69,34,35
"S00102046",104,48,56
"S00102047",124,56,68
"S00102048",101,78,23
"S00102049",73,45,28
"S00102050",75,31,44
"S00102051",97,41,56
"S00102052",102,38,64
"S00102053",108,33,75
"S00102054",144,63,81
"S00102055",107,37,70
"S00102056",92,42,50
"S00102057",104,53,51
"S00102058",94,41,53
"S00102059",129,83,46
"S00102060",118,46,72
"S00102061",113,58,55
"S00102062",95,51,44
"S00102063",101,36,65
"S00102064",93,62,31
"S00102065",85,27,58
"S00102066",103,58,45
"S00102067",95,39,56
"S00102068",92,44,48
"S00102069",110,59,51
"S00102070",76,40,36
"S00102071",133,77,56
"S00102072",82,46,36
"S00102073",77,43,34
"S00102074",80,35,45
"S00102075",99,54,45
"S00102076",102,55,47
"S00102077",54,44,10
"S00102078",101,59,42
"S00102079",73,31,42
"S00102080",82,43,39
"S00102081",142,76,66
"S00102082",91,49,42
"S00102083",123,49,74
"S00102084",114,56,58
"S00102085",130,82,48
"S00102086",99,63,36
"S00102087",94,49,45
"S00102088",97,54,43
"S00102089",90,32,58
"S00102090",113,57,56
"S00102091",81,39,42
"S00102092",90,54,36
"S00102093",80,38,42
"S00102094",89,49,40
"S00102095",96,62,34
"S00102096",101,64,37
"S00102097",75,34,41
"S00102098",80,56,24
"S00102099",111,76,35
"S00102100",73,56,17
"S00102101",68,56,12
"S00102102",59,37,22
"S00102103",94,40,54
"S00102104",81,38,43
"S00102105",82,44,38
"S00102106",67,34,33
"S00102107",92,37,55
"S00102108",102,48,54
"S00102109",89,36,53
"S00102110",91,41,50
"S00102111",75,39,36
"S00102112",116,70,46
"S00102113",70,46,24
"S00102114",92,33,59
"S00102115",113,71,42
"S00102116",79,43,36
"S00102117",78,59,19
"S00102118",103,55,48
"S00102119",88,43,45
"S00102120",87,43,44
"S00102121",91,27,64
"S00102122",89,57,32
"S00102123",89,53,36
"S00102124",158,73,85
"S00102125",97,71,26
"S00102126",53,27,26
"S00102127",81,48,33
"S00102128",88,35,53
"S00102129",85,31,54
"S00102130",72,31,41
"S00102131",104,66,38
"S00102132",88,60,28
"S00102133",105,24,81
"S00102134",99,43,56
"S00102135",99,62,37
"S00102136",77,36,41
"S00102137",92,35,57
"S00102138",93,39,54
"S00102139",75,40,35
"S00102140",126,57,69
"S00102141",87,47,40
"S00102142",95,55,40
"S00102143",73,41,32
"S00102144",113,60,53
"S00102145",81,36,45
"S00102146",92,42,50
"S00102147",82,34,48
"S00102148",105,62,43
"S00102149",95,43,52
"S00102150",85,41,44
"S00102151",64,46,18
"S00102152",71,55,16
"S00102153",70,50,20
"S00102154",90,49,41
"S00102155",105,59,46
"S00102156",72,37,35
"S00102157",114,53,61
"S00102158",91,37,54
"S00102159",147,92,55
"S00102160",120,67,53
"S00102161",82,54,28
"S00102162",97,45,52
"S00102163",68,47,21
"S00102164",73,49,24
"S00102165",118,82,36
"S00102166",165,90,75
"S00102167",148,33,115
"S00102168",70,34,36
"S00102169",149,57,92
"S00102170",83,22,61
"S00102171",120,48,72
"S00102172",99,46,53
"S00102173",101,61,40
"S00102174",97,55,42
"S00102175",89,58,31
"S00102176",64,42,22
"S00102177",106,35,71
"S00102178",84,36,48
"S00102179",46,14,32
"S00102180",106,72,34
"S00102181",100,52,48
"S00102182",85,53,32
"S00102183",122,90,32
"S00102184",134,74,60
"S00102185",124,55,69
"S00102186",108,46,62
"S00102187",112,56,56
"S00102188",90,48,42
"S00102189",115,32,83
"S00102190",84,39,45
"S00102191",77,49,28
"S00102192",128,80,48
"S00102193",124,67,57
"S00102194",105,74,31
"S00102195",130,65,65
"S00102196",67,48,19
"S00102197",82,28,54
"S00102198",56,26,30
"S00102199",60,38,22
"S00102200",78,24,54
"S00102201",50,30,20
"S00102202",95,53,42
"S00102203",131,85,46
"S00102204",53,32,21
"S00102205",114,52,62
"S00102206",84,34,50
"S00102207",117,50,67
"S00102208",100,68,32
"S00102209",87,41,46
"S00102210",124,50,74
"S00102211",102,39,63
"S00102212",109,50,59
"S00102213",127,66,61
"S00102214",85,33,52
"S00102215",71,31,40
"S00102216",72,28,44
"S00102217",87,37,50
"S00102218",87,32,55
"S00102219",148,54,94
"S00102220",112,43,69
"S00102221",68,40,28
"S00102222",90,32,58
"S00102223",138,56,82
"S00102224",90,24,66
"S00102225",83,24,59
"S00102226",110,24,86
"S00102227",104,30,74
"S00102228",95,30,65
"S00102229",137,42,95
"S00102230",130,38,92
"S00102231",89,27,62
"S00102232",73,21,52
"S00102233",94,50,44
"S00102234",112,48,64
"S00102235",74,38,36
"S00102236",84,36,48
"S00102237",128,25,103
"S00102238",141,32,109
"S00102239",65,16,49
"S00102240",100,35,65
"S00102241",125,39,86
"S00102242",103,41,62
"S00102243",52,27,25
"S00102244",62,30,32
"S00102245",86,43,43
"S00102246",105,37,68
"S00102247",101,30,71
"S00102248",65,38,27
"S00102249",75,43,32
"S00102250",93,39,54
"S00102251",91,44,47
"S00102252",84,36,48
"S00102253",115,47,68
"S00102254",124,72,52
"S00102255",112,56,56
"S00102256",119,56,63
"S00102257",46,26,20
"S00102258",90,62,28
"S00102259",104,59,45
"S00102260",63,37,26
"S00102261",91,45,46
"S00102262",111,34,77
"S00102263",146,77,69
"S00102264",94,65,29
"S00102265",54,40,14
"S00102266",125,58,67
"S00102267",77,29,48
"S00102268",91,30,61
"S00102269",100,23,77
"S00102270",128,64,64
"S00102271",128,62,66
"S00102272",85,30,55
"S00102273",110,54,56
"S00102274",59,33,26
"S00102275",63,36,27
"S00102276",103,41,62
"S00102277",81,34,47
"S00102278",89,38,51
"S00102279",68,30,38
"S00102280",82,56,26
"S00102281",90,32,58
"S00102282",67,31,36
"S00102283",85,57,28
"S00102284",90,56,34
"S00102285",107,66,41
"S00102286",68,48,20
"S00102287",54,40,14
"S00102288",123,85,38
"S00102289",86,33,53
"S00102290",108,74,34
"S00102291",119,58,61
"S00102292",62,17,45
"S00102293",117,68,49
"S00102294",80,45,35
"S00102295",71,35,36
"S00102296",92,41,51
"S00102297",66,33,33
"S00102298",96,42,54
"S00102299",128,48,80
"S00102300",65,24,41
"S00102301",94,50,44
"S00102302",79,34,45
"S00102303",110,48,62
"S00102304",100,32,68
"S00102305",44,16,28
"S00102306",63,11,52
"S00102307",84,22,62
"S00102308",70,14,56
"S00102309",83,45,38
"S00102310",171,99,72
"S00102311",123,54,69
"S00102312",107,53,54
"S00102313",82,38,44
"S00102314",73,29,44
"S00102315",77,31,46
"S00102316",86,30,56
"S00102317",114,42,72
"S00102318",67,23,44
"S00102319",138,61,77
"S00102320",108,47,61
"S00102321",99,44,55
"S00102322",149,98,51
"S00102323",63,33,30
"S00102324",68,24,44
"S00102325",75,31,44
"S00102326",80,25,55
"S00102327",107,45,62
"S00102328",89,49,40
"S00102329",140,69,71
"S00102330",133,48,85
"S00102331",95,35,60
"S00102332",90,33,57
"S00102333",99,39,60
"S00102334",71,25,46
"S00102335",136,46,90
"S00102336",151,61,90
"S00102337",106,29,77
"S00102338",99,27,72
"S00102339",98,47,51
"S00102340",44,8,36
"S00102341",123,38,85
"S00102342",71,37,34
"S00102343",67,52,15
"S00102344",83,62,21
"S00102345",84,41,43
"S00102346",49,30,19
"S00102347",109,77,32
"S00102348",117,86,31
"S00102349",63,37,26
"S00102350",81,61,20
"S00102351",130,45,85
"S00102352",65,34,31
"S00102353",119,35,84
"S00102354",81,25,56
"S00102355",86,52,34
"S00102356",76,46,30
"S00102357",90,54,36
"S00102358",72,43,29
"S00102359",91,59,32
"S00102360",90,42,48
"S00102361",125,66,59
"S00102362",96,48,48
"S00102363",72,29,43
"S00102364",100,24,76
"S00102365",83,37,46
"S00102366",129,56,73
"S00102367",131,47,84
"S00102368",116,49,67
"S00102369",89,25,64
"S00102370",143,49,94
"S00102371",116,55,61
"S00102372",160,73,87
"S00102373",136,74,62
"S00102374",81,35,46
"S00102375",83,55,28
"S00102376",42,13,29
"S00102377",103,39,64
"S00102378",55,35,20
"S00102379",214,190,24
"S00102380",72,32,40
"S00102381",69,48,21
"S00102382",88,38,50
"S00102383",45,11,34
"S00102384",62,41,21
"S00102385",46,28,18
"S00102386",56,2,54
"S00102387",72,28,44
"S00102388",134,23,111
"S00102389",102,70,32
"S00102390",117,81,36
"S00102391",74,24,50
"S00102392",76,26,50
"S00102393",91,41,50
"S00102394",80,48,32
"S00102395",157,120,37
"S00102396",140,33,107
"S00102397",147,65,82
"S00102398",88,52,36
"S00102399",53,20,33
"S00102400",112,37,75
"S00102401",115,31,84
"S00102402",75,23,52
"S00102403",92,38,54
"S00102404",78,26,52
"S00102405",54,20,34
"S00102406",144,71,73
"S00102407",109,57,52
"S00102408",109,39,70
"S00102409",161,57,104
"S00102410",126,56,70
"S00102411",90,56,34
"S00102412",89,43,46
"S00102413",94,54,40
"S00102414",45,20,25
"S00102415",81,53,28
"S00102416",77,48,29
"S00102417",67,38,29
"S00102418",87,49,38
"S00102419",122,57,65
"S00102420",68,24,44
"S00102421",78,28,50
"S00102422",88,41,47
"S00102423",110,39,71
"S00102424",52,38,14
"S00102425",104,54,50
"S00102426",77,44,33
"S00102427",80,42,38
"S00102428",92,17,75
"S00102429",96,46,50
"S00102430",56,32,24
"S00102431",70,16,54
"S00102432",86,23,63
"S00102433",125,35,90
"S00102434",899,848,51
"S00102435",75,32,43
"S00102436",58,36,22
"S00102437",79,58,21
"S00102438",52,40,12
"S00102439",85,52,33
"S00102440",78,56,22
"S00102441",137,68,69
"S00102442",71,28,43
"S00102443",101,48,53
"S00102444",75,32,43
"S00102445",102,24,78
"S00102446",71,33,38
"S00102447",100,36,64
"S00102448",118,46,72
"S00102449",57,13,44
"S00102450",67,26,41
"S00102451",105,34,71
"S00102452",58,35,23
"S00102453",164,49,115
"S00102454",134,40,94
"S00102455",109,35,74
"S00102456",131,20,111
"S00102457",102,26,76
"S00102458",133,43,90
"S00102459",115,51,64
"S00102460",103,39,64
"S00102461",90,46,44
"S00102462",83,41,42
"S00102463",63,34,29
"S00102464",78,44,34
"S00102465",78,58,20
"S00102466",68,60,8
"S00102467",96,78,18
"S00102468",83,55,28
"S00102469",72,44,28
"S00102470",79,49,30
"S00102471",125,81,44
"S00102472",66,34,32
"S00102473",85,60,25
"S00102474",61,28,33
"S00102475",77,37,40
"S00102476",81,58,23
"S00102477",103,39,64
"S00102478",99,40,59
"S00102479",94,42,52
"S00102480",100,44,56
"S00102481",93,30,63
"S00102482",81,26,55
"S00102483",101,68,33
"S00102484",48,36,12
"S00102485",93,62,31
"S00102486",61,43,18
"S00102487",48,28,20
"S00102488",111,70,41
"S00102489",103,57,46
"S00102490",144,62,82
"S00102491",68,42,26
"S00102492",93,55,38
"S00102493",50,25,25
"S00102494",60,30,30
"S00102495",133,90,43
"S00102496",51,27,24
"S00102497",105,36,69
"S00102498",158,62,96
"S00102499",43,27,16
"S00102500",105,45,60
"S00102501",104,78,26
"S00102502",78,48,30
"S00102503",79,48,31
"S00102504",75,46,29
"S00102505",183,67,116
"S00102506",95,43,52
"S00102507",96,57,39
"S00102508",83,74,9
"S00102509",67,25,42
"S00102510",100,60,40
"S00102511",67,48,19
"S00102512",72,46,26
"S00102513",59,27,32
"S00102514",113,86,27
"S00102515",136,54,82
"S00102516",127,53,74
"S00102517",119,65,54
"S00102518",118,30,88
"S00102519",92,26,66
"S00102520",110,57,53
"S00102521",56,51,5
"S00102522",70,54,16
"S00102523",55,30,25
"S00102524",110,33,77
"S00102525",74,30,44
"S00102526",150,35,115
"S00102527",101,38,63
"S00102528",88,36,52
"S00102529",101,61,40
"S00102530",90,53,37
"S00102531",87,53,34
"S00102532",90,55,35
"S00102533",117,55,62
"S00102534",77,20,57
"S00102535",70,5,65
"S00102536",64,55,9
"S00102537",67,49,18
"S00102538",46,40,6
"S00102539",104,68,36
"S00102540",46,30,16
"S00102541",68,28,40
"S00102542",65,31,34
"S00102543",115,35,80
"S00102544",83,39,44
"S00102545",94,70,24
"S00102546",123,80,43
"S00102547",150,51,99
"S00102548",188,64,124
"S00102549",99,33,66
"S00102550",141,47,94
"S00102551",119,33,86
"S00102552",45,19,26
"S00102553",136,72,64
"S00102554",105,48,57
"S00102555",108,44,64
"S00102556",168,91,77
"S00102557",111,59,52
"S00102558",60,40,20
"S00102559",93,41,52
"S00102560",63,13,50
"S00102561",136,50,86
"S00102562",180,37,143
"S00102563",107,55,52
"S00102564",102,32,70
"S00102565",81,47,34
"S00102566",85,35,50
"S00102567",113,42,71
"S00102568",140,54,86
"S00102569",109,46,63
"S00102570",89,39,50
"S00102571",95,35,60
"S00102572",165,55,110
"S00102573",120,44,76
"S00102574",85,29,56
"S00102575",100,40,60
"S00102576",55,27,28
"S00102577",88,40,48
"S00102578",78,28,50
"S00102579",184,113,71
"S00102580",106,36,70
"S00102581",122,52,70
"S00102582",76,26,50
"S00102583",101,55,46
"S00102584",97,33,64
"S00102585",120,94,26
"S00102586",82,60,22
"S00102587",53,44,9
"S00102588",40,32,8
"S00102589",65,44,21
"S00102590",63,32,31
"S00102591",48,26,22
"S00102592",91,69,22
"S00102593",97,42,55
"S00102594",115,49,66
"S00102595",132,48,84
"S00102596",115,33,82
"S00102597",122,54,68
"S00102598",115,49,66
"S00102599",150,46,104
"S00102600",137,45,92
"S00102601",98,26,72
"S00102602",150,82,68
"S00102603",57,53,4
"S00102604",53,41,12
"S00102605",70,51,19
"S00102606",108,92,16
"S00102607",83,47,36
"S00102608",58,34,24
"S00102609",82,48,34
"S00102610",139,115,24
"S00102611",63,46,17
"S00102612",97,61,36
"S00102613",48,23,25
"S00102614",66,49,17
"S00102615",84,65,19
"S00102616",98,66,32
"S00102617",113,55,58
"S00102618",111,79,32
"S00102619",104,60,44
"S00102620",75,53,22
"S00102621",110,58,52
"S00102622",101,72,29
"S00102623",73,53,20
"S00102624",76,48,28
"S00102625",145,63,82
"S00102626",89,48,41
"S00102627",63,38,25
"S00102628",77,42,35
"S00102629",109,99,10
"S00102630",103,79,24
"S00102631",74,44,30
"S00102632",73,47,26
"S00102633",83,33,50
"S00102634",99,31,68
"S00102635",85,34,51
"S00102636",76,26,50
"S00102637",74,45,29
"S00102638",50,31,19
"S00102639",121,53,68
"S00102640",71,47,24
"S00102641",70,47,23
"S00102642",62,29,33
"S00102643",102,32,70
"S00102644",103,45,58
"S00102645",87,30,57
"S00102646",103,71,32
"S00102647",136,69,67
"S00102648",148,64,84
"S00102649",89,39,50
"S00102650",58,48,10
"S00102651",64,50,14
"S00102652",94,67,27
"S00102653",48,26,22
"S00102654",110,70,40
"S00102655",106,65,41
"S00102656",117,57,60
"S00102657",141,74,67
"S00102658",103,59,44
"S00102659",85,49,36
"S00102660",79,51,28
"S00102661",96,42,54
"S00102662",95,60,35
"S00102663",81,43,38
"S00102664",47,23,24
"S00102665",149,79,70
"S00102666",102,60,42
"S00102667",71,41,30
"S00102668",73,49,24
"S00102669",72,54,18
"S00102670",56,46,10
"S00102671",43,23,20
"S00102672",42,32,10
"S00102673",78,40,38
"S00102674",73,50,23
"S00102675",96,41,55
"S00102676",104,56,48
"S00102677",78,43,35
"S00102678",104,62,42
"S00102679",106,65,41
"S00102680",95,45,50
"S00102681",97,53,44
"S00102682",80,59,21
"S00102683",78,49,29
"S00102684",121,93,28
"S00102685",119,78,41
"S00102686",98,62,36
"S00102687",67,39,28
"S00102688",79,56,23
"S00102689",80,26,54
"S00102690",96,36,60
"S00102691",85,35,50
"S00102692",163,68,95
"S00102693",85,43,42
"S00102694",119,57,62
"S00102695",81,30,51
"S00102696",128,55,73
"S00102697",57,17,40
"S00102698",127,48,79
"S00102699",129,61,68
"S00102700",149,70,79
"S00102701",111,61,50
"S00102702",84,60,24
"S00102703",126,62,64
"S00102704",91,58,33
"S00102705",120,63,57
"S00102706",97,61,36
"S00102707",68,43,25
"S00102708",84,52,32
"S00102709",70,50,20
"S00102710",104,52,52
"S00102711",105,55,50
"S00102712",103,44,59
"S00102713",99,47,52
"S00102714",92,45,47
"S00102715",74,42,32
"S00102716",82,33,49
"S00102717",69,43,26
"S00102718",199,72,127
"S00102719",120,70,50
"S00102720",66,44,22
"S00102721",96,56,40
"S00102722",82,41,41
"S00102723",85,55,30
"S00102724",59,57,2
"S00102725",68,40,28
"S00102726",64,26,38
"S00102727",82,54,28
"S00102728",87,29,58
"S00102729",73,47,26
"S00102730",128,98,30
"S00102731",92,38,54
"S00102732",43,26,17
"S00102733",56,32,24
"S00102734",157,64,93
"S00102735",49,29,20
"S00102736",72,30,42
"S00102737",57,37,20
"S00102738",74,21,53
"S00102739",112,44,68
"S00102740",144,52,92
"S00102741",82,44,38
"S00102742",97,49,48
"S00102743",51,21,30
"S00102744",92,29,63
"S00102745",62,48,14
"S00102746",64,50,14
"S00102747",124,43,81
"S00102748",114,46,68
"S00102749",79,31,48
"S00102750",50,14,36
"S00102751",162,52,110
"S00102752",62,48,14
"S00102753",73,49,24
"S00102754",54,32,22
"S00102755",36,28,8
"S00102756",70,35,35
"S00102757",57,44,13
"S00102758",78,58,20
"S00102759",48,38,10
"S00102760",70,58,12
"S00102761",58,48,10
"S00102762",121,59,62
"S00102763",59,45,14
"S00102764",88,36,52
"S00102765",137,57,80
"S00102766",66,26,40
"S00102767",183,108,75
"S00102768",122,44,78
"S00102769",51,17,34
"S00102770",79,53,26
"S00102771",91,79,12
"S00102772",120,96,24
"S00102773",92,82,10
"S00102774",47,17,30
"S00102775",228,86,142
"S00102776",94,43,51
"S00102777",75,35,40
"S00102778",83,35,48
"S00102779",92,30,62
"S00102780",124,50,74
"S00102781",58,28,30
"S00102782",67,53,14
"S00102783",103,33,70
"S00102784",118,53,65
"S00102785",95,33,62
"S00102786",158,63,95
"S00102787",109,55,54
"S00102788",139,55,84
"S00102789",111,51,60
"S00102790",64,23,41
"S00102791",57,20,37
"S00102792",112,64,48
"S00102793",97,56,41
"S00102794",82,44,38
"S00102795",74,55,19
"S00102796",56,30,26
"S00102797",47,37,10
"S00102798",85,43,42
"S00102799",112,42,70
"S00102800",72,38,34
"S00102801",78,24,54
"S00102802",69,38,31
"S00102803",113,41,72
"S00102804",94,45,49
"S00102805",96,38,58
"S00102806",82,42,40
"S00102807",109,27,82
"S00102808",167,52,115
"S00102809",124,68,56
"S00102810",107,62,45
"S00102811",74,22,52
"S00102812",53,19,34
"S00102813",113,49,64
"S00102814",84,39,45
"S00102815",136,43,93
"S00102816",123,42,81
"S00102817",90,51,39
"S00102818",119,50,69
"S00102819",132,54,78
"S00102820",98,44,54
"S00102821",87,38,49
"S00102822",88,33,55
"S00102823",57,29,28
"S00102824",98,70,28
"S00102825",60,33,27
"S00102826",129,47,82
"S00102827",72,27,45
"S00102828",87,37,50
"S00102829",112,38,74
"S00102830",89,28,61
"S00102831",98,28,70
"S00102832",113,31,82
"S00102833",85,23,62
"S00102834",137,62,75
"S00102835",77,60,17
"S00102836",97,55,42
"S00102837",129,47,82
"S00102838",125,36,89
"S00102839",96,29,67
"S00102840",121,29,92
"S00102841",102,45,57
"S00102842",162,56,106
"S00102843",107,40,67
"S00102844",93,51,42
"S00102845",69,28,41
"S00102846",58,14,44
"S00102847",54,17,37
"S00102848",114,54,60
"S00102849",125,36,89
"S00102850",131,55,76
"S00102851",149,64,85
"S00102852",153,54,99
"S00102853",112,36,76
"S00102854",115,40,75
"S00102855",90,34,56
"S00102856",101,46,55
"S00102857",166,60,106
"S00102858",174,69,105
"S00102859",156,60,96
"S00102860",122,34,88
"S00102861",85,25,60
"S00102862",87,29,58
"S00102863",134,36,98
"S00102864",73,15,58
"S00102865",51,20,31
"S00102866",76,32,44
"S00102867",112,39,73
"S00102868",109,31,78
"S00102869",96,37,59
"S00102870",125,41,84
"S00102871",76,42,34
"S00102872",108,43,65
"S00102873",93,42,51
"S00102874",96,38,58
"S00102875",98,34,64
"S00102876",166,62,104
"S00102877",110,43,67
"S00102878",104,62,42
"S00102879",122,42,80
"S00102880",103,31,72
"S00102881",92,32,60
"S00102882",111,43,68
"S00102883",115,49,66
"S00102884",97,28,69
"S00102885",168,59,109
"S00102886",144,54,90
"S00102887",110,37,73
"S00102888",97,30,67
"S00102889",110,41,69
"S00102890",97,28,69
"S00102891",125,49,76
"S00102892",87,32,55
"S00102893",85,33,52
"S00102894",114,44,70
"S00102895",85,22,63
"S00102896",103,34,69
"S00102897",116,28,88
"S00102898",84,24,60
"S00102899",116,34,82
"S00102900",49,19,30
"S00102901",140,58,82
"S00102902",112,40,72
"S00102903",114,33,81
"S00102904",90,38,52
"S00102905",110,41,69
"S00102906",83,35,48
"S00102907",73,33,40
"S00102908",87,50,37
"S00102909",102,44,58
"S00102910",95,62,33
"S00102911",127,65,62
"S00102912",72,48,24
"S00102913",106,65,41
"S00102914",72,34,38
"S00102915",82,50,32
"S00102916",92,58,34
"S00102917",94,56,38
"S00102918",69,57,12
"S00102919",77,37,40
"S00102920",93,37,56
"S00102921",99,64,35
"S00102922",95,31,64
"S00102923",87,59,28
"S00102924",107,47,60
"S00102925",106,35,71
"S00102926",89,27,62
"S00102927",140,56,84
"S00102928",107,39,68
"S00102929",100,34,66
"S00102930",98,40,58
"S00102931",98,37,61
"S00102932",107,40,67
"S00102933",102,46,56
"S00102934",114,47,67
"S00102935",110,37,73
"S00102936",94,36,58
"S00102937",100,40,60
"S00102938",71,28,43
"S00102939",82,28,54
"S00102940",125,47,78
"S00102941",85,34,51
"S00102942",95,45,50
"S00102943",112,49,63
"S00102944",83,31,52
"S00102945",107,41,66
"S00102946",92,46,46
"S00102947",138,56,82
"S00102948",144,68,76
"S00102949",98,38,60
"S00102950",169,39,130
"S00102951",115,35,80
"S00102952",106,38,68
"S00102953",85,32,53
"S00102954",122,38,84
"S00102955",160,53,107
"S00102956",123,76,47
"S00102957",167,83,84
"S00102958",154,50,104
"S00102959",142,42,100
"S00102960",112,29,83
"S00102961",90,30,60
"S00102962",101,41,60
"S00102963",143,46,97
"S00102964",54,40,14
"S00102965",160,58,102
"S00102966",82,41,41
"S00102967",109,61,48
"S00102968",139,48,91
"S00102969",142,66,76
"S00102970",133,55,78
"S00102971",87,31,56
"S00102972",87,41,46
"S00102973",114,39,75
"S00102974",115,31,84
"S00102975",102,34,68
"S00102976",92,49,43
"S00102977",103,42,61
"S00102978",155,59,96
"S00102979",139,53,86
"S00102980",109,29,80
"S00102981",116,44,72
"S00102982",165,69,96
"S00102983",77,37,40
"S00102984",86,59,27
"S00102985",76,31,45
"S00102986",116,43,73
"S00102987",124,54,70
"S00102988",116,48,68
"S00102989",100,32,68
"S00102990",75,39,36
"S00102991",76,24,52
"S00102992",63,37,26
"S00102993",62,16,46
"S00102994",96,22,74
"S00102995",109,39,70
"S00102996",76,24,52
"S00102997",102,39,63
"S00102998",108,36,72
"S00102999",102,50,52
"S00103000",119,41,78
"S00103001",97,40,57
"S00103002",116,38,78
"S00103003",121,37,84
"S00103004",142,44,98
"S00103005",99,38,61
"S00103006",154,61,93
"S00103007",116,68,48
"S00103008",161,49,112
"S00103009",100,38,62
"S00103010",92,77,15
"S00103011",62,52,10
"S00103012",103,35,68
"S00103013",101,50,51
"S00103014",88,71,17
"S00103015",120,70,50
"S00103016",93,46,47
"S00103017",93,37,56
"S00103018",94,34,60
"S00103019",67,23,44
"S00103020",80,27,53
"S00103021",68,26,42
"S00103022",55,23,32
"S00103023",116,35,81
"S00103024",56,17,39
"S00103025",66,34,32
"S00103026",75,59,16
"S00103027",65,33,32
"S00103028",123,39,84
"S00103029",60,28,32
"S00103030",77,35,42
"S00103031",117,59,58
"S00103032",138,58,80
"S00103033",80,35,45
"S00103034",97,36,61
"S00103035",156,72,84
"S00103036",96,51,45
"S00103037",88,52,36
"S00103038",76,39,37
"S00103039",90,54,36
"S00103040",140,72,68
"S00103041",131,48,83
"S00103042",112,48,64
"S00103043",123,59,64
"S00103044",106,53,53
"S00103045",133,79,54
"S00103046",114,65,49
"S00103047",70,47,23
"S00103048",101,44,57
"S00103049",94,66,28
"S00103050",72,52,20
"S00103051",88,76,12
"S00103052",88,71,17
"S00103053",72,44,28
"S00103054",69,57,12
"S00103055",99,53,46
"S00103056",106,42,64
"S00103057",140,54,86
"S00103058",117,46,71
"S00103059",156,35,121
"S00103060",96,22,74
"S00103061",99,43,56
"S00103062",100,34,66
"S00103063",68,22,46
"S00103064",101,37,64
"S00103065",91,19,72
"S00103066",96,32,64
"S00103067",116,51,65
"S00103068",103,32,71
"S00103069",100,25,75
"S00103070",166,50,116
"S00103071",133,47,86
"S00103072",164,45,119
"S00103073",136,38,98
"S00103074",97,33,64
"S00103075",96,42,54
"S00103076",106,41,65
"S00103077",108,37,71
"S00103078",107,31,76
"S00103079",105,38,67
"S00103080",113,27,86
"S00103081",108,32,76
"S00103082",110,35,75
"S00103083",72,16,56
"S00103084",84,24,60
"S00103085",146,49,97
"S00103086",116,45,71
"S00103087",114,43,71
"S00103088",117,37,80
"S00103089",108,41,67
"S00103090",127,41,86
"S00103091",93,32,61
"S00103092",100,34,66
"S00103093",107,31,76
"S00103094",48,24,24
"S00103095",89,30,59
"S00103096",136,52,84
"S00103097",120,42,78
"S00103098",125,43,82
"S00103099",114,88,26
"S00103100",86,49,37
"S00103101",59,35,24
"S00103102",67,48,19
"S00103103",69,39,30
"S00103104",125,36,89
"S00103105",116,45,71
"S00103106",89,50,39
"S00103107",147,46,101
"S00103108",81,53,28
"S00103109",57,49,8
"S00103110",82,50,32
"S00103111",102,26,76
"S00103112",114,36,78
"S00103113",102,52,50
"S00103114",145,50,95
"S00103115",111,42,69
"S00103116",90,23,67
"S00103117",101,47,54
"S00103118",58,17,41
"S00103119",143,55,88
"S00103120",79,49,30
"S00103121",89,55,34
"S00103122",94,62,32
"S00103123",115,60,55
"S00103124",97,47,50
"S00103125",86,57,29
"S00103126",97,71,26
"S00103127",111,71,40
"S00103128",97,65,32
"S00103129",99,49,50
"S00103130",86,49,37
"S00103131",103,25,78
"S00103132",103,44,59
"S00103133",135,49,86
"S00103134",107,34,73
"S00103135",111,49,62
"S00103136",158,46,112
"S00103137",66,37,29
"S00103138",159,79,80
"S00103139",115,41,74
"S00103140",133,43,90
"S00103141",103,55,48
"S00103142",105,36,69
"S00103143",115,49,66
"S00103144",116,44,72
"S00103145",208,125,83
"S00103146",120,38,82
"S00103147",98,67,31
"S00103148",142,46,96
"S00103149",154,61,93
"S00103150",150,65,85
"S00103151",132,54,78
"S00103152",147,51,96
"S00103153",102,46,56
"S00103154",100,61,39
"S00103155",107,57,50
"S00103156",158,44,114
"S00103157",200,75,125
"S00103158",86,53,33
"S00103159",154,61,93
"S00103160",129,43,86
"S00103161",112,54,58
"S00103162",162,59,103
"S00103163",81,35,46
"S00103164",103,35,68
"S00103165",99,34,65
"S00103166",118,30,88
"S00103167",72,25,47
"S00103168",151,58,93
"S00103169",137,57,80
"S00103170",94,36,58
"S00103171",79,36,43
"S00103172",104,38,66
"S00103173",173,61,112
"S00103174",110,39,71
"S00103175",57,25,32
"S00103176",42,12,30
"S00103177",91,31,60
"S00103178",92,34,58
"S00103179",118,78,40
"S00103180",70,28,42
"S00103181",115,40,75
"S00103182",132,53,79
"S00103183",115,44,71
"S00103184",74,33,41
"S00103185",75,27,48
"S00103186",67,49,18
"S00103187",67,26,41
"S00103188",93,35,58
"S00103189",83,22,61
"S00103190",138,47,91
"S00103191",52,16,36
"S00103192",103,45,58
"S00103193",39,5,34
"S00103194",58,32,26
"S00103195",84,32,52
"S00103196",94,33,61
"S00103197",97,33,64
"S00103198",60,16,44
"S00103199",75,33,42
"S00103200",47,12,35
"S00103201",79,27,52
"S00103202",88,63,25
"S00103203",135,42,93
"S00103204",112,36,76
"S00103205",67,21,46
"S00103206",97,56,41
"S00103207",107,61,46
"S00103208",84,30,54
"S00103209",118,42,76
"S00103210",116,32,84
"S00103211",74,28,46
"S00103212",99,30,69
"S00103213",53,23,30
"S00103214",134,54,80
"S00103215",63,23,40
"S00103216",88,44,44
"S00103217",47,21,26
"S00103218",45,29,16
"S00103219",142,73,69
"S00103220",102,60,42
"S00103221",64,34,30
"S00103222",138,41,97
"S00103223",116,42,74
"S00103224",109,34,75
"S00103225",84,28,56
"S00103226",96,71,25
"S00103227",90,59,31
"S00103228",114,34,80
"S00103229",147,68,79
"S00103230",69,27,42
"S00103231",58,20,38
"S00103232",101,54,47
"S00103233",52,24,28
"S00103234",92,44,48
"S00103235",97,26,71
"S00103236",93,41,52
"S00103237",69,27,42
"S00103238",93,52,41
"S00103239",64,48,16
"S00103240",61,45,16
"S00103241",132,49,83
"S00103242",90,44,46
"S00103243",115,87,28
"S00103244",102,62,40
"S00103245",115,60,55
"S00103246",123,43,80
"S00103247",113,82,31
"S00103248",64,36,28
"S00103249",115,39,76
"S00103250",127,36,91
"S00103251",149,77,72
"S00103252",115,49,66
"S00103253",148,62,86
"S00103254",94,67,27
"S00103255",113,40,73
"S00103256",96,44,52
"S00103257",81,39,42
"S00103258",48,40,8
"S00103259",107,38,69
"S00103260",78,27,51
"S00103261",255,68,187
"S00103262",109,30,79
"S00103263",122,26,96
"S00103264",120,40,80
"S00103265",96,35,61
"S00103266",102,40,62
"S00103267",101,47,54
"S00103268",162,77,85
"S00103269",126,44,82
"S00103270",108,32,76
"S00103271",115,41,74
"S00103272",125,70,55
"S00103273",94,40,54
"S00103274",53,37,16
"S00103275",125,107,18
"S00103276",96,41,55
"S00103277",50,38,12
"S00103278",100,24,76
"S00103279",102,32,70
"S00103280",117,37,80
"S00103281",123,36,87
"S00103282",128,51,77
"S00103283",161,72,89
"S00103284",93,23,70
"S00103285",52,22,30
"S00103286",104,39,65
"S00103287",82,37,45
"S00103288",49,23,26
"S00103289",182,64,118
"S00103290",117,70,47
"S00103291",119,65,54
"S00103292",105,62,43
"S00103293",55,40,15
"S00103294",70,52,18
"S00103295",54,32,22
"S00103296",99,43,56
"S00103297",105,35,70
"S00103298",51,19,32
"S00103299",104,48,56
"S00103300",58,46,12
"S00103301",80,37,43
"S00103302",105,45,60
"S00103303",49,21,28
"S00103304",121,60,61
"S00103305",60,24,36
"S00103306",64,19,45
"S00103307",80,30,50
"S00103308",72,42,30
"S00103309",142,67,75
"S00103310",42,15,27
"S00103311",150,52,98
"S00103312",95,32,63
"S00103313",132,41,91
"S00103314",89,84,5
"S00103315",237,226,11
"S00103316",235,216,19
"S00103317",64,62,2
"S00103318",118,101,17
"S00103319",80,68,12
"S00103320",116,94,22
"S00103321",60,50,10
"S00103322",64,60,4
"S00103323",105,101,4
"S00103324",59,47,12
"S00103325",119,94,25
"S00103326",92,80,12
"S00103327",106,101,5
"S00103328",61,45,16
"S00103329",95,87,8
"S00103330",47,30,17
"S00103331",79,61,18
"S00103332",246,218,28
"S00103333",75,66,9
"S00103334",59,46,13
"S00103335",102,82,20
"S00103336",78,66,12
"S00103337",54,50,4
"S00103338",154,132,22
"S00103339",61,48,13
"S00103340",78,53,25
"S00103341",98,90,8
"S00103342",118,84,34
"S00103343",85,69,16
"S00103344",141,113,28
"S00103345",57,49,8
"S00103346",87,66,21
"S00103347",141,104,37
"S00103348",107,100,7
"S00103349",87,78,9
"S00103350",95,83,12
"S00103351",78,56,22
"S00103352",72,57,15
"S00103353",148,118,30
"S00103354",101,81,20
"S00103355",98,87,11
"S00103356",80,58,22
"S00103357",83,67,16
"S00103358",98,92,6
"S00103359",83,52,31
"S00103360",112,55,57
"S00103361",91,72,19
"S00103362",87,59,28
"S00103363",81,54,27
"S00103364",96,40,56
"S00103365",95,33,62
"S00103366",92,38,54
"S00103367",59,20,39
"S00103368",119,61,58
"S00103369",132,76,56
"S00103370",91,61,30
"S00103371",75,61,14
"S00103372",79,56,23
"S00103373",119,91,28
"S00103374",74,54,20
"S00103375",113,93,20
"S00103376",55,35,20
"S00103377",82,62,20
"S00103378",127,101,26
"S00103379",83,55,28
"S00103380",85,55,30
"S00103381",96,71,25
"S00103382",102,87,15
"S00103383",90,48,42
"S00103384",108,70,38
"S00103385",77,65,12
"S00103386",84,72,12
"S00103387",65,49,16
"S00103388",72,52,20
"S00103389",100,79,21
"S00103390",117,59,58
"S00103391",60,42,18
"S00103392",106,52,54
"S00103393",89,47,42
"S00103394",92,33,59
"S00103395",58,34,24
"S00103396",66,35,31
"S00103397",76,38,38
"S00103398",66,25,41
"S00103399",71,37,34
"S00103400",82,50,32
"S00103401",54,22,32
"S00103402",84,74,10
"S00103403",71,38,33
"S00103404",83,64,19
"S00103405",113,73,40
"S00103406",103,51,52
"S00103407",64,47,17
"S00103408",92,48,44
"S00103409",90,44,46
"S00103410",84,33,51
"S00103411",65,43,22
"S00103412",70,39,31
"S00103413",95,71,24
"S00103414",80,44,36
"S00103415",110,64,46
"S00103416",108,71,37
"S00103417",62,41,21
"S00103418",88,75,13
"S00103419",81,54,27
"S00103420",95,84,11
"S00103421",79,44,35
"S00103422",155,98,57
"S00103423",108,88,20
"S00103424",111,61,50
"S00103425",69,61,8
"S00103426",86,47,39
"S00103427",82,48,34
"S00103428",101,57,44
"S00103429",91,67,24
"S00103430",87,59,28
"S00103431",70,39,31
"S00103432",97,79,18
"S00103433",85,62,23
"S00103434",78,70,8
"S00103435",57,43,14
"S00103436",100,81,19
"S00103437",92,54,38
"S00103438",68,52,16
"S00103439",71,45,26
"S00103440",82,54,28
"S00103441",86,72,14
"S00103442",58,41,17
"S00103443",123,62,61
"S00103444",61,44,17
"S00103445",126,104,22
"S00103446",88,74,14
"S00103447",69,57,12
"S00103448",170,116,54
"S00103449",86,62,24
"S00103450",86,60,26
"S00103451",111,79,32
"S00103452",76,40,36
"S00103453",126,103,23
"S00103454",141,113,28
"S00103455",66,51,15
"S00103456",129,108,21
"S00103457",79,53,26
"S00103458",72,42,30
"S00103459",107,63,44
"S00103460",104,71,33
"S00103461",65,47,18
"S00103462",78,42,36
"S00103463",70,35,35
"S00103464",104,66,38
"S00103465",55,48,7
"S00103466",48,43,5
"S00103467",58,51,7
"S00103468",110,97,13
"S00103469",70,54,16
"S00103470",66,52,14
"S00103471",106,100,6
"S00103472",83,67,16
"S00103473",62,53,9
"S00103474",432,390,42
"S00103475",72,64,8
"S00103476",67,56,11
"S00103477",54,54,0
"S00103478",103,89,14
"S00103479",85,77,8
"S00103480",98,65,33
"S00103481",96,63,33
"S00103482",113,70,43
"S00103483",62,53,9
"S00103484",89,69,20
"S00103485",111,73,38
"S00103486",206,162,44
"S00103487",123,98,25
"S00103488",64,45,19
"S00103489",143,119,24
"S00103490",100,90,10
"S00103491",76,65,11
"S00103492",52,44,8
"S00103493",64,54,10
"S00103494",171,156,15
"S00103495",66,54,12
"S00103496",77,71,6
"S00103497",97,72,25
"S00103498",106,90,16
"S00103499",139,105,34
"S00103500",123,102,21
"S00103501",108,97,11
"S00103502",105,101,4
"S00103503",101,89,12
"S00103504",150,112,38
"S00103505",128,107,21
"S00103506",111,96,15
"S00103507",91,59,32
"S00103508",72,59,13
"S00103509",88,69,19
"S00103510",130,107,23
"S00103511",81,53,28
"S00103512",155,143,12
"S00103513",120,105,15
"S00103514",50,45,5
"S00103515",131,120,11
"S00103516",88,71,17
"S00103517",69,67,2
"S00103518",81,75,6
"S00103519",167,163,4
"S00103520",68,54,14
"S00103521",77,43,34
"S00103522",72,43,29
"S00103523",111,79,32
"S00103524",318,273,45
"S00103525",102,51,51
"S00103526",117,75,42
"S00103527",125,43,82
"S00103528",58,47,11
"S00103529",55,51,4
"S00103530",89,63,26
"S00103531",66,54,12
"S00103532",59,49,10
"S00103533",71,51,20
"S00103534",108,53,55
"S00103535",83,43,40
"S00103536",83,42,41
"S00103537",79,28,51
"S00103538",84,45,39
"S00103539",79,38,41
"S00103540",68,25,43
"S00103541",91,28,63
"S00103542",106,62,44
"S00103543",70,36,34
"S00103544",101,52,49
"S00103545",71,34,37
"S00103546",83,47,36
"S00103547",78,67,11
"S00103548",106,79,27
"S00103549",87,60,27
"S00103550",104,76,28
"S00103551",103,85,18
"S00103552",93,86,7
"S00103553",57,45,12
"S00103554",56,49,7
"S00103555",84,58,26
"S00103556",84,66,18
"S00103557",113,61,52
"S00103558",111,77,34
"S00103559",79,59,20
"S00103560",80,64,16
"S00103561",60,42,18
"S00103562",63,40,23
"S00103563",74,53,21
"S00103564",68,47,21
"S00103565",81,63,18
"S00103566",60,47,13
"S00103567",75,57,18
"S00103568",68,46,22
"S00103569",59,47,12
"S00103570",78,50,28
"S00103571",72,52,20
"S00103572",131,62,69
"S00103573",63,46,17
"S00103574",120,38,82
"S00103575",90,36,54
"S00103576",86,20,66
"S00103577",91,22,69
"S00103578",84,27,57
"S00103579",105,33,72
"S00103580",75,26,49
"S00103581",92,26,66
"S00103582",132,101,31
"S00103583",111,75,36
"S00103584",133,89,44
"S00103585",121,82,39
"S00103586",123,57,66
"S00103587",139,96,43
"S00103588",108,55,53
"S00103589",109,64,45
"S00103590",104,49,55
"S00103591",76,53,23
"S00103592",79,47,32
"S00103593",71,27,44
"S00103594",85,69,16
"S00103595",100,47,53
"S00103596",93,50,43
"S00103597",98,63,35
"S00103598",83,48,35
"S00103599",71,38,33
"S00103600",98,67,31
"S00103601",76,41,35
"S00103602",88,46,42
"S00103603",85,57,28
"S00103604",61,48,13
"S00103605",83,37,46
"S00103606",77,36,41
"S00103607",85,38,47
"S00103608",87,38,49
"S00103609",122,52,70
"S00103610",54,46,8
"S00103611",83,55,28
"S00103612",94,34,60
"S00103613",77,25,52
"S00103614",71,28,43
"S00103615",127,82,45
"S00103616",67,37,30
"S00103617",91,50,41
"S00103618",104,80,24
"S00103619",79,50,29
"S00103620",93,60,33
"S00103621",111,65,46
"S00103622",50,21,29
"S00103623",133,73,60
"S00103624",94,36,58
"S00103625",93,35,58
"S00103626",67,27,40
"S00103627",110,36,74
"S00103628",53,33,20
"S00103629",79,25,54
"S00103630",94,39,55
"S00103631",88,32,56
"S00103632",108,43,65
"S00103633",122,35,87
"S00103634",72,23,49
"S00103635",78,22,56
"S00103636",96,37,59
"S00103637",67,33,34
"S00103638",67,36,31
"S00103639",88,35,53
"S00103640",71,30,41
"S00103641",133,71,62
"S00103642",70,46,24
"S00103643",91,35,56
"S00103644",76,54,22
"S00103645",107,27,80
"S00103646",103,36,67
"S00103647",72,26,46
"S00103648",42,7,35
"S00103649",181,97,84
"S00103650",103,31,72
"S00103651",73,32,41
"S00103652",87,36,51
"S00103653",87,28,59
"S00103654",81,29,52
"S00103655",129,35,94
"S00103656",122,35,87
"S00103657",117,39,78
"S00103658",70,41,29
"S00103659",97,25,72
"S00103660",92,37,55
"S00103661",109,22,87
"S00103662",84,62,22
"S00103663",120,87,33
"S00103664",96,36,60
"S00103665",95,32,63
"S00103666",79,34,45
"S00103667",86,32,54
"S00103668",101,51,50
"S00103669",120,31,89
"S00103670",88,24,64
"S00103671",93,27,66
"S00103672",94,32,62
"S00103673",94,32,62
"S00103674",85,23,62
"S00103675",130,41,89
"S00103676",54,29,25
"S00103677",96,42,54
"S00103678",114,69,45
"S00103679",111,62,49
"S00103680",108,49,59
"S00103681",56,44,12
"S00103682",66,50,16
"S00103683",62,38,24
"S00103684",73,41,32
"S00103685",75,61,14
"S00103686",52,34,18
"S00103687",77,31,46
"S00103688",89,47,42
"S00103689",71,42,29
"S00103690",73,36,37
"S00103691",85,45,40
"S00103692",160,122,38
"S00103693",82,49,33
"S00103694",171,99,72
"S00103695",76,60,16
"S00103696",128,90,38
"S00103697",79,45,34
"S00103698",80,62,18
"S00103699",140,101,39
"S00103700",81,37,44
"S00103701",100,76,24
"S00103702",46,33,13
"S00103703",177,87,90
"S00103704",122,90,32
"S00103705",79,56,23
"S00103706",95,80,15
"S00103707",93,80,13
"S00103708",60,43,17
"S00103709",61,51,10
"S00103710",75,65,10
"S00103711",79,75,4
"S00103712",83,63,20
"S00103713",60,37,23
"S00103714",50,37,13
"S00103715",84,60,24
"S00103716",74,45,29
"S00103717",80,63,17
"S00103718",63,51,12
"S00103719",45,30,15
"S00103720",44,32,12
"S00103721",78,45,33
"S00103722",78,63,15
"S00103723",86,65,21
"S00103724",108,78,30
"S00103725",81,63,18
"S00103726",80,49,31
"S00103727",72,41,31
"S00103728",88,59,29
"S00103729",129,77,52
"S00103730",105,73,32
"S00103731",134,104,30
"S00103732",80,50,30
"S00103733",97,43,54
"S00103734",72,26,46
"S00103735",88,45,43
"S00103736",54,36,18
"S00103737",63,48,15
"S00103738",75,62,13
"S00103739",97,68,29
"S00103740",98,55,43
"S00103741",77,60,17
"S00103742",78,62,16
"S00103743",42,34,8
"S00103744",107,65,42
"S00103745",74,60,14
"S00103746",79,47,32
"S00103747",74,61,13
"S00103748",73,46,27
"S00103749",49,40,9
"S00103750",126,94,32
"S00103751",106,64,42
"S00103752",72,51,21
"S00103753",65,52,13
"S00103754",151,104,47
"S00103755",141,91,50
"S00103756",108,78,30
"S00103757",100,83,17
"S00103758",111,68,43
"S00103759",103,87,16
"S00103760",101,81,20
"S00103761",90,62,28
"S00103762",87,68,19
"S00103763",84,58,26
"S00103764",52,40,12
"S00103765",78,45,33
"S00103766",120,85,35
"S00103767",85,58,27
"S00103768",44,22,22
"S00103769",108,52,56
"S00103770",87,49,38
"S00103771",111,72,39
"S00103772",68,32,36
"S00103773",82,39,43
"S00103774",90,22,68
"S00103775",101,27,74
"S00103776",111,26,85
"S00103777",105,30,75
"S00103778",122,86,36
"S00103779",71,39,32
"S00103780",66,22,44
"S00103781",101,31,70
"S00103782",101,25,76
"S00103783",77,23,54
"S00103784",105,40,65
"S00103785",94,30,64
"S00103786",108,36,72
"S00103787",83,32,51
"S00103788",118,60,58
"S00103789",90,36,54
"S00103790",103,42,61
"S00103791",126,55,71
"S00103792",111,39,72
"S00103793",111,43,68
"S00103794",83,31,52
"S00103795",160,59,101
"S00103796",144,55,89
"S00103797",94,50,44
"S00103798",117,61,56
"S00103799",113,56,57
"S00103800",95,37,58
"S00103801",94,38,56
"S00103802",73,18,55
"S00103803",88,23,65
"S00103804",115,45,70
"S00103805",124,50,74
"S00103806",68,21,47
"S00103807",118,37,81
"S00103808",109,43,66
"S00103809",124,32,92
"S00103810",133,33,100
"S00103811",109,38,71
"S00103812",54,46,8
"S00103813",56,37,19
"S00103814",109,43,66
"S00103815",73,39,34
"S00103816",86,26,60
"S00103817",98,25,73
"S00103818",69,33,36
"S00103819",124,36,88
"S00103820",112,45,67
"S00103821",101,34,67
"S00103822",110,26,84
"S00103823",93,36,57
"S00103824",86,16,70
"S00103825",106,28,78
"S00103826",108,24,84
"S00103827",115,28,87
"S00103828",148,60,88
"S00103829",129,39,90
"S00103830",94,26,68
"S00103831",133,33,100
"S00103832",125,39,86
"S00103833",94,37,57
"S00103834",60,34,26
"S00103835",83,22,61
"S00103836",56,12,44
"S00103837",134,60,74
"S00103838",130,43,87
"S00103839",143,52,91
"S00103840",80,40,40
"S00103841",75,53,22
"S00103842",60,45,15
"S00103843",96,56,40
"S00103844",69,42,27
"S00103845",109,77,32
"S00103846",104,71,33
"S00103847",65,51,14
"S00103848",87,63,24
"S00103849",63,46,17
"S00103850",90,63,27
"S00103851",81,47,34
"S00103852",59,47,12
"S00103853",87,55,32
"S00103854",95,48,47
"S00103855",85,44,41
"S00103856",88,38,50
"S00103857",97,56,41
"S00103858",86,59,27
"S00103859",137,64,73
"S00103860",108,69,39
"S00103861",90,53,37
"S00103862",107,41,66
"S00103863",89,39,50
"S00103864",96,30,66
"S00103865",95,43,52
"S00103866",90,51,39
"S00103867",71,51,20
"S00103868",101,54,47
"S00103869",84,46,38
"S00103870",80,56,24
"S00103871",86,62,24
"S00103872",103,62,41
"S00103873",73,44,29
"S00103874",76,50,26
"S00103875",87,41,46
"S00103876",118,65,53
"S00103877",75,38,37
"S00103878",138,68,70
"S00103879",89,57,32
"S00103880",84,44,40
"S00103881",87,54,33
"S00103882",85,47,38
"S00103883",108,62,46
"S00103884",94,63,31
"S00103885",88,27,61
"S00103886",41,16,25
"S00103887",58,22,36
"S00103888",102,61,41
"S00103889",91,43,48
"S00103890",64,48,16
"S00103891",80,41,39
"S00103892",122,46,76
"S00103893",98,21,77
"S00103894",86,26,60
"S00103895",169,51,118
"S00103896",77,15,62
"S00103897",56,28,28
"S00103898",67,14,53
"S00103899",73,23,50
"S00103900",70,34,36
"S00103901",80,26,54
"S00103902",110,32,78
"S00103903",126,38,88
"S00103904",85,25,60
"S00103905",141,37,104
"S00103906",99,29,70
"S00103907",105,55,50
"S00103908",87,44,43
"S00103909",79,20,59
"S00103910",74,47,27
"S00103911",68,35,33
"S00103912",99,39,60
"S00103913",65,38,27
"S00103914",90,49,41
"S00103915",108,40,68
"S00103916",80,36,44
"S00103917",72,28,44
"S00103918",104,44,60
"S00103919",121,61,60
"S00103920",57,23,34
"S00103921",77,27,50
"S00103922",76,37,39
"S00103923",70,48,22
"S00103924",103,86,17
"S00103925",77,41,36
"S00103926",66,48,18
"S00103927",71,57,14
"S00103928",71,44,27
"S00103929",85,77,8
"S00103930",73,55,18
"S00103931",74,52,22
"S00103932",67,43,24
"S00103933",70,55,15
"S00103934",84,68,16
"S00103935",80,72,8
"S00103936",78,53,25
"S00103937",77,63,14
"S00103938",62,45,17
"S00103939",57,42,15
"S00103940",64,49,15
"S00103941",77,60,17
"S00103942",103,73,30
"S00103943",118,91,27
"S00103944",79,54,25
"S00103945",74,40,34
"S00103946",56,36,20
"S00103947",126,52,74
"S00103948",55,30,25
"S00103949",61,51,10
"S00103950",69,39,30
"S00103951",90,64,26
"S00103952",62,41,21
"S00103953",85,63,22
"S00103954",75,50,25
"S00103955",67,48,19
"S00103956",50,39,11
"S00103957",100,72,28
"S00103958",102,86,16
"S00103959",55,33,22
"S00103960",83,55,28
"S00103961",98,74,24
"S00103962",78,53,25
"S00103963",76,32,44
"S00103964",113,84,29
"S00103965",97,75,22
"S00103966",81,51,30
"S00103967",101,74,27
"S00103968",58,43,15
"S00103969",97,59,38
"S00103970",101,70,31
"S00103971",53,45,8
"S00103972",126,109,17
"S00103973",60,44,16
"S00103974",118,90,28
"S00103975",93,68,25
"S00103976",67,47,20
"S00103977",121,82,39
"S00103978",134,78,56
"S00103979",104,69,35
"S00103980",89,62,27
"S00103981",117,69,48
"S00103982",107,62,45
"S00103983",121,63,58
"S00103984",81,73,8
"S00103985",101,72,29
"S00103986",106,58,48
"S00103987",86,40,46
"S00103988",91,50,41
"S00103989",81,34,47
"S00103990",82,47,35
"S00103991",86,44,42
"S00103992",70,36,34
"S00103993",85,44,41
"S00103994",73,46,27
"S00103995",89,43,46
"S00103996",108,83,25
"S00103997",73,46,27
"S00103998",85,68,17
"S00103999",83,59,24
"S00104000",79,48,31
"S00104001",53,37,16
"S00104002",94,50,44
"S00104003",149,101,48
"S00104004",66,38,28
"S00104005",109,46,63
"S00104006",76,57,19
"S00104007",77,47,30
"S00104008",76,41,35
"S00104009",68,64,4
"S00104010",129,64,65
"S00104011",111,65,46
"S00104012",79,43,36
"S00104013",71,42,29
"S00104014",88,39,49
"S00104015",70,48,22
"S00104016",87,55,32
"S00104017",144,85,59
"S00104018",144,67,77
"S00104019",114,64,50
"S00104020",127,50,77
"S00104021",86,35,51
"S00104022",84,39,45
"S00104023",96,60,36
"S00104024",97,57,40
"S00104025",157,119,38
"S00104026",128,39,89
"S00104027",115,42,73
"S00104028",56,44,12
"S00104029",150,68,82
"S00104030",99,46,53
"S00104031",85,47,38
"S00104032",43,7,36
"S00104033",40,22,18
"S00104034",111,32,79
"S00104035",67,43,24
"S00104036",86,28,58
"S00104037",92,35,57
"S00104038",107,80,27
"S00104039",103,52,51
"S00104040",98,40,58
"S00104041",68,56,12
"S00104042",90,70,20
"S00104043",64,58,6
"S00104044",64,54,10
"S00104045",61,45,16
"S00104046",128,58,70
"S00104047",104,41,63
"S00104048",62,32,30
"S00104049",97,34,63
"S00104050",86,30,56
"S00104051",97,23,74
"S00104052",82,25,57
"S00104053",78,33,45
"S00104054",70,27,43
"S00104055",100,29,71
"S00104056",82,43,39
"S00104057",116,66,50
"S00104058",58,32,26
"S00104059",84,58,26
"S00104060",92,45,47
"S00104061",111,41,70
"S00104062",91,23,68
"S00104063",81,44,37
"S00104064",84,40,44
"S00104065",87,38,49
"S00104066",104,48,56
"S00104067",130,50,80
"S00104068",52,29,23
"S00104069",76,39,37
"S00104070",98,40,58
"S00104071",86,16,70
"S00104072",102,47,55
"S00104073",114,73,41
"S00104074",69,35,34
"S00104075",73,27,46
"S00104076",89,31,58
"S00104077",94,30,64
"S00104078",74,38,36
"S00104079",67,32,35
"S00104080",72,39,33
"S00104081",70,39,31
"S00104082",59,37,22
"S00104083",86,31,55
"S00104084",84,60,24
"S00104085",109,73,36
"S00104086",100,52,48
"S00104087",149,105,44
"S00104088",104,62,42
"S00104089",108,58,50
"S00104090",76,63,13
"S00104091",80,45,35
"S00104092",122,84,38
"S00104093",153,75,78
"S00104094",143,58,85
"S00104095",99,45,54
"S00104096",95,38,57
"S00104097",65,43,22
"S00104098",49,30,19
"S00104099",99,50,49
"S00104100",115,71,44
"S00104101",89,30,59
"S00104102",107,49,58
"S00104103",115,45,70
"S00104104",85,62,23
"S00104105",55,37,18
"S00104106",71,49,22
"S00104107",127,76,51
"S00104108",82,63,19
"S00104109",56,35,21
"S00104110",78,40,38
"S00104111",69,47,22
"S00104112",89,59,30
"S00104113",107,78,29
"S00104114",95,65,30
"S00104115",71,51,20
"S00104116",129,43,86
"S00104117",77,31,46
"S00104118",76,28,48
"S00104119",92,44,48
"S00104120",113,47,66
"S00104121",71,54,17
"S00104122",92,76,16
"S00104123",114,96,18
"S00104124",121,67,54
"S00104125",84,57,27
"S00104126",70,50,20
"S00104127",64,50,14
"S00104128",68,48,20
"S00104129",98,86,12
"S00104130",53,48,5
"S00104131",59,38,21
"S00104132",65,44,21
"S00104133",78,68,10
"S00104134",87,67,20
"S00104135",49,31,18
"S00104136",86,59,27
"S00104137",72,56,16
"S00104138",63,51,12
"S00104139",65,57,8
"S00104140",74,62,12
"S00104141",129,93,36
"S00104142",55,39,16
"S00104143",114,80,34
"S00104144",133,70,63
"S00104145",96,35,61
"S00104146",107,89,18
"S00104147",52,46,6
"S00104148",94,75,19
"S00104149",68,43,25
"S00104150",89,77,12
"S00104151",129,96,33
"S00104152",90,84,6
"S00104153",131,59,72
"S00104154",107,91,16
"S00104155",108,78,30
"S00104156",52,44,8
"S00104157",77,59,18
"S00104158",101,76,25
"S00104159",72,58,14
"S00104160",124,94,30
"S00104161",86,73,13
"S00104162",114,95,19
"S00104163",82,70,12
"S00104164",82,68,14
"S00104165",72,59,13
"S00104166",140,107,33
"S00104167",123,80,43
"S00104168",69,48,21
"S00104169",100,81,19
"S00104170",82,58,24
"S00104171",104,79,25
"S00104172",59,47,12
"S00104173",77,72,5
"S00104174",88,74,14
"S00104175",54,32,22
"S00104176",101,73,28
"S00104177",106,85,21
"S00104178",92,73,19
"S00104179",109,81,28
"S00104180",96,68,28
"S00104181",79,35,44
"S00104182",119,77,42
"S00104183",83,54,29
"S00104184",100,53,47
"S00104185",118,92,26
"S00104186",83,61,22
"S00104187",52,41,11
"S00104188",68,50,18
"S00104189",111,89,22
"S00104190",109,95,14
"S00104191",78,63,15
"S00104192",88,79,9
"S00104193",94,57,37
"S00104194",75,70,5
"S00104195",99,85,14
"S00104196",66,50,16
"S00104197",101,88,13
"S00104198",58,40,18
"S00104199",91,74,17
"S00104200",90,65,25
"S00104201",93,82,11
"S00104202",74,61,13
"S00104203",121,99,22
"S00104204",99,66,33
"S00104205",100,90,10
"S00104206",109,74,35
"S00104207",103,69,34
"S00104208",73,52,21
"S00104209",65,57,8
"S00104210",61,51,10
"S00104211",119,94,25
"S00104212",116,91,25
"S00104213",110,92,18
"S00104214",99,86,13
"S00104215",107,78,29
"S00104216",110,96,14
"S00104217",53,43,10
"S00104218",137,80,57
"S00104219",65,45,20
"S00104220",89,55,34
"S00104221",108,79,29
"S00104222",74,49,25
"S00104223",103,49,54
"S00104224",100,54,46
"S00104225",77,37,40
"S00104226",104,34,70
"S00104227",94,48,46
"S00104228",93,46,47
"S00104229",94,34,60
"S00104230",92,52,40
"S00104231",104,66,38
"S00104232",142,62,80
"S00104233",142,57,85
"S00104234",99,75,24
"S00104235",76,50,26
"S00104236",82,63,19
"S00104237",61,57,4
"S00104238",94,80,14
"S00104239",80,68,12
"S00104240",59,53,6
"S00104241",70,52,18
"S00104242",114,103,11
"S00104243",91,78,13
"S00104244",49,40,9
"S00104245",89,62,27
"S00104246",91,62,29
"S00104247",57,55,2
"S00104248",98,76,22
"S00104249",65,55,10
"S00104250",83,71,12
"S00104251",56,42,14
"S00104252",56,43,13
"S00104253",73,54,19
"S00104254",61,49,12
"S00104255",108,74,34
"S00104256",81,61,20
"S00104257",87,68,19
"S00104258",95,83,12
"S00104259",66,45,21
"S00104260",109,85,24
"S00104261",59,49,10
"S00104262",101,68,33
"S00104263",71,57,14
"S00104264",96,78,18
"S00104265",123,94,29
"S00104266",60,54,6
"S00104267",118,93,25
"S00104268",91,71,20
"S00104269",59,50,9
"S00104270",123,100,23
"S00104271",76,64,12
"S00104272",115,72,43
"S00104273",80,62,18
"S00104274",80,42,38
"S00104275",64,54,10
"S00104276",49,37,12
"S00104277",115,89,26
"S00104278",105,92,13
"S00104279",111,85,26
"S00104280",120,95,25
"S00104281",126,80,46
"S00104282",115,78,37
"S00104283",116,84,32
"S00104284",71,29,42
"S00104285",67,49,18
"S00104286",118,78,40
"S00104287",85,59,26
"S00104288",90,65,25
"S00104289",59,40,19
"S00104290",67,35,32
"S00104291",64,36,28
"S00104292",65,39,26
"S00104293",82,46,36
"S00104294",145,85,60
"S00104295",94,66,28
"S00104296",72,26,46
"S00104297",82,29,53
"S00104298",99,67,32
"S00104299",57,29,28
"S00104300",90,47,43
"S00104301",106,71,35
"S00104302",65,27,38
"S00104303",100,49,51
"S00104304",91,41,50
"S00104305",91,59,32
"S00104306",93,27,66
"S00104307",71,33,38
"S00104308",87,59,28
"S00104309",94,46,48
"S00104310",104,57,47
"S00104311",108,92,16
"S00104312",78,69,9
"S00104313",70,56,14
"S00104314",117,108,9
"S00104315",80,66,14
"S00104316",112,84,28
"S00104317",103,88,15
"S00104318",83,68,15
"S00104319",52,40,12
"S00104320",63,59,4
"S00104321",99,75,24
"S00104322",68,56,12
"S00104323",94,85,9
"S00104324",113,94,19
"S00104325",121,69,52
"S00104326",142,78,64
"S00104327",71,58,13
"S00104328",66,50,16
"S00104329",83,47,36
"S00104330",69,46,23
"S00104331",88,61,27
"S00104332",122,77,45
"S00104333",111,65,46
"S00104334",101,77,24
"S00104335",81,38,43
"S00104336",131,86,45
"S00104337",137,74,63
"S00104338",145,65,80
"S00104339",120,63,57
"S00104340",67,52,15
"S00104341",62,50,12
"S00104342",63,42,21
"S00104343",91,67,24
"S00104344",90,77,13
"S00104345",69,64,5
"S00104346",75,63,12
"S00104347",122,71,51
"S00104348",106,51,55
"S00104349",91,36,55
"S00104350",76,55,21
"S00104351",73,47,26
"S00104352",68,48,20
"S00104353",88,64,24
"S00104354",65,30,35
"S00104355",137,92,45
"S00104356",61,52,9
"S00104357",114,59,55
"S00104358",72,60,12
"S00104359",134,97,37
"S00104360",85,46,39
"S00104361",73,44,29
"S00104362",106,89,17
"S00104363",60,40,20
"S00104364",87,70,17
"S00104365",140,77,63
"S00104366",103,73,30
"S00104367",72,63,9
"S00104368",75,54,21
"S00104369",108,78,30
"S00104370",85,71,14
"S00104371",61,55,6
"S00104372",52,23,29
"S00104373",74,47,27
"S00104374",106,60,46
"S00104375",88,59,29
"S00104376",97,71,26
"S00104377",104,86,18
"S00104378",68,58,10
"S00104379",106,76,30
"S00104380",90,63,27
"S00104381",95,79,16
"S00104382",63,51,12
"S00104383",92,72,20
"S00104384",66,57,9
"S00104385",60,46,14
"S00104386",89,68,21
"S00104387",112,94,18
"S00104388",80,62,18
"S00104389",83,69,14
"S00104390",107,92,15
"S00104391",83,52,31
"S00104392",70,50,20
"S00104393",89,59,30
"S00104394",61,49,12
"S00104395",71,54,17
"S00104396",86,61,25
"S00104397",89,41,48
"S00104398",92,82,10
"S00104399",78,64,14
"S00104400",69,60,9
"S00104401",72,51,21
"S00104402",53,45,8
"S00104403",100,88,12
"S00104404",99,79,20
"S00104405",72,60,12
"S00104406",112,86,26
"S00104407",64,52,12
"S00104408",78,63,15
"S00104409",78,70,8
"S00104410",120,70,50
"S00104411",103,65,38
"S00104412",70,55,15
"S00104413",93,67,26
"S00104414",59,53,6
"S00104415",45,29,16
"S00104416",98,82,16
"S00104417",68,58,10
"S00104418",73,53,20
"S00104419",123,106,17
"S00104420",74,70,4
"S00104421",87,60,27
"S00104422",123,93,30
"S00104423",83,68,15
"S00104424",85,59,26
"S00104425",112,80,32
"S00104426",53,46,7
"S00104427",52,36,16
"S00104428",74,56,18
"S00104429",76,61,15
"S00104430",61,35,26
"S00104431",85,73,12
"S00104432",59,47,12
"S00104433",78,56,22
"S00104434",94,77,17
"S00104435",61,38,23
"S00104436",99,81,18
"S00104437",105,71,34
"S00104438",88,65,23
"S00104439",61,39,22
"S00104440",107,86,21
"S00104441",98,83,15
"S00104442",60,44,16
"S00104443",59,50,9
"S00104444",76,60,16
"S00104445",101,84,17
"S00104446",77,55,22
"S00104447",95,60,35
"S00104448",80,70,10
"S00104449",82,64,18
"S00104450",51,44,7
"S00104451",127,92,35
"S00104452",103,75,28
"S00104453",66,54,12
"S00104454",78,58,20
"S00104455",131,97,34
"S00104456",119,95,24
"S00104457",83,65,18
"S00104458",89,71,18
"S00104459",179,153,26
"S00104460",57,49,8
"S00104461",66,56,10
"S00104462",120,89,31
"S00104463",99,70,29
"S00104464",100,91,9
"S00104465",54,41,13
"S00104466",75,67,8
"S00104467",62,58,4
"S00104468",111,47,64
"S00104469",74,48,26
"S00104470",110,84,26
"S00104471",108,78,30
"S00104472",70,59,11
"S00104473",115,81,34
"S00104474",121,88,33
"S00104475",110,80,30
"S00104476",90,72,18
"S00104477",90,36,54
"S00104478",99,59,40
"S00104479",69,35,34
"S00104480",82,68,14
"S00104481",62,56,6
"S00104482",102,88,14
"S00104483",66,61,5
"S00104484",99,77,22
"S00104485",90,65,25
"S00104486",93,67,26
"S00104487",114,92,22
"S00104488",99,71,28
"S00104489",103,76,27
"S00104490",100,74,26
"S00104491",101,70,31
"S00104492",55,43,12
"S00104493",90,67,23
"S00104494",88,66,22
"S00104495",148,63,85
"S00104496",100,57,43
"S00104497",101,80,21
"S00104498",77,69,8
"S00104499",74,55,19
"S00104500",70,55,15
"S00104501",61,47,14
"S00104502",88,31,57
"S00104503",77,29,48
"S00104504",103,40,63
"S00104505",145,57,88
"S00104506",118,46,72
"S00104507",94,32,62
"S00104508",106,38,68
"S00104509",89,30,59
"S00104510",90,25,65
"S00104511",85,31,54
"S00104512",94,36,58
"S00104513",81,25,56
"S00104514",111,39,72
"S00104515",101,43,58
"S00104516",112,49,63
"S00104517",114,45,69
"S00104518",98,40,58
"S00104519",100,38,62
"S00104520",88,40,48
"S00104521",60,49,11
"S00104522",98,58,40
"S00104523",48,41,7
"S00104524",49,45,4
"S00104525",48,37,11
"S00104526",60,50,10
"S00104527",89,57,32
"S00104528",51,40,11
"S00104529",63,47,16
"S00104530",67,44,23
"S00104531",78,58,20
"S00104532",67,51,16
"S00104533",66,47,19
"S00104534",82,71,11
"S00104535",78,66,12
"S00104536",79,47,32
"S00104537",56,45,11
"S00104538",127,76,51
"S00104539",79,52,27
"S00104540",121,89,32
"S00104541",81,58,23
"S00104542",115,49,66
"S00104543",60,48,12
"S00104544",93,35,58
"S00104545",103,34,69
"S00104546",93,32,61
"S00104547",110,44,66
"S00104548",114,94,20
"S00104549",81,65,16
"S00104550",94,69,25
"S00104551",77,51,26
"S00104552",108,93,15
"S00104553",91,70,21
"S00104554",89,46,43
"S00104555",85,46,39
"S00104556",85,29,56
"S00104557",62,54,8
"S00104558",67,52,15
"S00104559",89,51,38
"S00104560",69,53,16
"S00104561",86,51,35
"S00104562",80,40,40
"S00104563",65,49,16
"S00104564",70,54,16
"S00104565",152,58,94
"S00104566",100,34,66
"S00104567",104,42,62
"S00104568",85,35,50
"S00104569",108,42,66
"S00104570",87,21,66
"S00104571",85,25,60
"S00104572",97,39,58
"S00104573",110,72,38
"S00104574",61,34,27
"S00104575",96,37,59
"S00104576",82,27,55
"S00104577",93,35,58
"S00104578",83,39,44
"S00104579",92,40,52
"S00104580",113,83,30
"S00104581",129,63,66
"S00104582",75,68,7
"S00104583",136,104,32
"S00104584",67,51,16
"S00104585",126,84,42
"S00104586",94,78,16
"S00104587",84,46,38
"S00104588",53,41,12
"S00104589",89,33,56
"S00104590",82,38,44
"S00104591",72,32,40
"S00104592",128,71,57
"S00104593",81,44,37
"S00104594",79,41,38
"S00104595",76,47,29
"S00104596",86,67,19
"S00104597",88,68,20
"S00104598",57,39,18
"S00104599",91,67,24
"S00104600",85,66,19
"S00104601",125,92,33
"S00104602",70,48,22
"S00104603",68,36,32
"S00104604",67,54,13
"S00104605",78,29,49
"S00104606",89,52,37
"S00104607",91,67,24
"S00104608",98,50,48
"S00104609",104,30,74
"S00104610",99,37,62
"S00104611",117,53,64
"S00104612",58,26,32
"S00104613",100,38,62
"S00104614",130,50,80
"S00104615",125,57,68
"S00104616",82,29,53
"S00104617",86,34,52
"S00104618",76,40,36
"S00104619",103,49,54
"S00104620",95,31,64
"S00104621",56,46,10
"S00104622",62,46,16
"S00104623",125,67,58
"S00104624",79,52,27
"S00104625",66,54,12
"S00104626",63,40,23
"S00104627",79,47,32
"S00104628",79,53,26
"S00104629",52,24,28
"S00104630",79,62,17
"S00104631",72,37,35
"S00104632",106,44,62
"S00104633",102,30,72
"S00104634",103,89,14
"S00104635",115,49,66
"S00104636",90,49,41
"S00104637",58,37,21
"S00104638",101,67,34
"S00104639",120,73,47
"S00104640",61,45,16
"S00104641",102,54,48
"S00104642",56,39,17
"S00104643",59,53,6
"S00104644",64,50,14
"S00104645",63,56,7
"S00104646",103,95,8
"S00104647",55,51,4
"S00104648",58,48,10
"S00104649",65,49,16
"S00104650",56,52,4
"S00104651",79,54,25
"S00104652",72,48,24
"S00104653",85,65,20
"S00104654",71,63,8
"S00104655",92,69,23
"S00104656",83,73,10
"S00104657",99,77,22
"S00104658",126,86,40
"S00104659",111,78,33
"S00104660",97,78,19
"S00104661",198,140,58
"S00104662",121,101,20
"S00104663",103,79,24
"S00104664",135,129,6
"S00104665",141,121,20
"S00104666",144,138,6
"S00104667",97,88,9
"S00104668",179,158,21
"S00104669",187,177,10
"S00104670",103,87,16
"S00104671",127,125,2
"S00104672",186,169,17
"S00104673",115,107,8
"S00104674",83,76,7
"S00104675",159,152,7
"S00104676",131,121,10
"S00104677",123,108,15
"S00104678",81,72,9
"S00104679",117,93,24
"S00104680",120,110,10
"S00104681",112,103,9
"S00104682",149,143,6
"S00104683",129,125,4
"S00104684",81,67,14
"S00104685",119,117,2
"S00104686",80,65,15
"S00104687",89,79,10
"S00104688",108,98,10
"S00104689",101,83,18
"S00104690",90,74,16
"S00104691",93,79,14
"S00104692",70,59,11
"S00104693",100,80,20
"S00104694",95,74,21
"S00104695",99,92,7
"S00104696",93,79,14
"S00104697",96,75,21
"S00104698",92,81,11
"S00104699",72,61,11
"S00104700",379,358,21
"S00104701",92,81,11
"S00104702",86,74,12
"S00104703",146,132,14
"S00104704",57,55,2
"S00104705",72,55,17
"S00104706",83,72,11
"S00104707",145,133,12
"S00104708",103,89,14
"S00104709",85,76,9
"S00104710",197,188,9
"S00104711",160,135,25
"S00104712",160,120,40
"S00104713",203,163,40
"S00104714",149,118,31
"S00104715",119,87,32
"S00104716",146,120,26
"S00104717",143,118,25
"S00104718",100,84,16
"S00104719",143,117,26
"S00104720",196,158,38
"S00104721",128,118,10
"S00104722",123,92,31
"S00104723",106,91,15
"S00104724",141,121,20
"S00104725",159,135,24
"S00104726",202,190,12
"S00104727",166,141,25
"S00104728",127,105,22
"S00104729",203,174,29
"S00104730",163,135,28
"S00104731",79,55,24
"S00104732",109,80,29
"S00104733",130,113,17
"S00104734",92,80,12
"S00104735",134,119,15
"S00104736",180,160,20
"S00104737",112,85,27
"S00104738",176,156,20
"S00104739",100,49,51
"S00104740",112,42,70
"S00104741",77,51,26
"S00104742",126,96,30
"S00104743",152,124,28
"S00104744",128,114,14
"S00104745",89,78,11
"S00104746",140,126,14
"S00104747",104,91,13
"S00104748",112,100,12
"S00104749",93,77,16
"S00104750",135,111,24
"S00104751",72,52,20
"S00104752",113,93,20
"S00104753",97,85,12
"S00104754",123,111,12
"S00104755",79,55,24
"S00104756",93,59,34
"S00104757",91,37,54
"S00104758",64,58,6
"S00104759",91,75,16
"S00104760",112,105,7
"S00104761",111,88,23
"S00104762",72,67,5
"S00104763",107,95,12
"S00104764",162,128,34
"S00104765",112,89,23
"S00104766",121,103,18
"S00104767",158,145,13
"S00104768",140,130,10
"S00104769",364,361,3
"S00104770",90,78,12
"S00104771",99,83,16
"S00104772",107,97,10
"S00104773",58,49,9
"S00104774",53,47,6
"S00104775",113,86,27
"S00104776",103,50,53
"S00104777",94,81,13
"S00104778",100,84,16
"S00104779",66,54,12
"S00104780",98,74,24
"S00104781",82,71,11
"S00104782",127,109,18
"S00104783",110,95,15
"S00104784",94,37,57
"S00104785",80,14,66
"S00104786",90,37,53
"S00104787",83,56,27
"S00104788",62,36,26
"S00104789",138,92,46
"S00104790",144,74,70
"S00104791",124,84,40
"S00104792",149,98,51
"S00104793",53,23,30
"S00104794",57,31,26
"S00104795",67,36,31
"S00104796",97,73,24
"S00104797",103,35,68
"S00104798",165,139,26
"S00104799",181,157,24
"S00104800",85,79,6
"S00104801",96,27,69
"S00104802",133,39,94
"S00104803",116,52,64
"S00104804",87,39,48
"S00104805",102,43,59
"S00104806",110,72,38
"S00104807",103,43,60
"S00104808",102,38,64
"S00104809",101,47,54
"S00104810",104,32,72
"S00104811",108,55,53
"S00104812",76,21,55
"S00104813",81,27,54
"S00104814",56,32,24
"S00104815",86,37,49
"S00104816",113,48,65
"S00104817",64,46,18
"S00104818",131,105,26
"S00104819",114,52,62
"S00104820",180,113,67
"S00104821",93,75,18
"S00104822",96,34,62
"S00104823",130,53,77
"S00104824",106,28,78
"S00104825",111,44,67
"S00104826",139,64,75
"S00104827",91,59,32
"S00104828",101,43,58
"S00104829",162,89,73
"S00104830",113,41,72
"S00104831",93,15,78
"S00104832",90,24,66
"S00104833",108,45,63
"S00104834",76,26,50
"S00104835",105,63,42
"S00104836",125,70,55
"S00104837",106,52,54
"S00104838",99,46,53
"S00104839",109,61,48
"S00104840",114,82,32
"S00104841",96,80,16
"S00104842",137,60,77
"S00104843",125,59,66
"S00104844",96,44,52
"S00104845",62,45,17
"S00104846",72,43,29
"S00104847",93,86,7
"S00104848",59,47,12
"S00104849",63,45,18
"S00104850",94,55,39
"S00104851",181,113,68
"S00104852",128,40,88
"S00104853",79,35,44
"S00104854",107,70,37
"S00104855",79,51,28
"S00104856",101,35,66
"S00104857",118,26,92
"S00104858",107,27,80
"S00104859",130,95,35
"S00104860",114,76,38
"S00104861",86,78,8
"S00104862",103,85,18
"S00104863",82,72,10
"S00104864",73,54,19
"S00104865",78,60,18
"S00104866",68,56,12
"S00104867",76,63,13
"S00104868",102,86,16
"S00104869",79,68,11
"S00104870",164,133,31
"S00104871",112,87,25
"S00104872",62,44,18
"S00104873",125,77,48
"S00104874",85,61,24
"S00104875",115,72,43
"S00104876",99,63,36
"S00104877",73,58,15
"S00104878",70,52,18
"S00104879",84,48,36
"S00104880",85,46,39
"S00104881",75,38,37
"S00104882",119,62,57
"S00104883",65,21,44
"S00104884",94,63,31
"S00104885",61,45,16
"S00104886",141,113,28
"S00104887",134,99,35
"S00104888",102,46,56
"S00104889",178,126,52
"S00104890",127,103,24
"S00104891",195,167,28
"S00104892",145,111,34
"S00104893",110,80,30
"S00104894",84,68,16
"S00104895",89,71,18
"S00104896",81,76,5
"S00104897",127,114,13
"S00104898",101,86,15
"S00104899",141,112,29
"S00104900",105,91,14
"S00104901",77,53,24
"S00104902",339,329,10
"S00104903",136,78,58
"S00104904",73,46,27
"S00104905",91,83,8
"S00104906",151,97,54
"S00104907",120,105,15
"S00104908",129,87,42
"S00104909",87,57,30
"S00104910",86,71,15
"S00104911",81,59,22
"S00104912",126,120,6
"S00104913",69,52,17
"S00104914",139,73,66
"S00104915",109,67,42
"S00104916",112,86,26
"S00104917",53,36,17
"S00104918",99,86,13
"S00104919",138,111,27
"S00104920",127,73,54
"S00104921",124,88,36
"S00104922",87,32,55
"S00104923",103,77,26
"S00104924",48,39,9
"S00104925",147,75,72
"S00104926",107,35,72
"S00104927",119,36,83
"S00104928",51,21,30
"S00104929",100,31,69
"S00104930",64,22,42
"S00104931",88,40,48
"S00104932",138,57,81
"S00104933",86,30,56
"S00104934",118,46,72
"S00104935",80,42,38
"S00104936",82,15,67
"S00104937",110,40,70
"S00104938",106,29,77
"S00104939",107,21,86
"S00104940",97,31,66
"S00104941",98,19,79
"S00104942",46,31,15
"S00104943",128,49,79
"S00104944",86,34,52
"S00104945",137,59,78
"S00104946",123,33,90
"S00104947",105,39,66
"S00104948",90,14,76
"S00104949",83,30,53
"S00104950",71,24,47
"S00104951",97,37,60
"S00104952",99,31,68
"S00104953",117,40,77
"S00104954",88,18,70
"S00104955",63,25,38
"S00104956",77,45,32
"S00104957",90,61,29
"S00104958",103,79,24
"S00104959",112,55,57
"S00104960",116,46,70
"S00104961",133,77,56
"S00104962",67,55,12
"S00104963",84,78,6
"S00104964",66,57,9
"S00104965",68,52,16
"S00104966",71,63,8
"S00104967",72,60,12
"S00104968",72,61,11
"S00104969",67,43,24
"S00104970",81,23,58
"S00104971",61,21,40
"S00104972",108,34,74
"S00104973",93,69,24
"S00104974",63,45,18
"S00104975",79,62,17
"S00104976",118,94,24
"S00104977",89,63,26
"S00104978",99,77,22
"S00104979",111,51,60
"S00104980",126,64,62
"S00104981",50,20,30
"S00104982",110,78,32
"S00104983",103,36,67
"S00104984",51,32,19
"S00104985",85,42,43
"S00104986",73,35,38
"S00104987",70,28,42
"S00104988",120,64,56
"S00104989",97,62,35
"S00104990",50,26,24
"S00104991",60,33,27
"S00104992",72,43,29
"S00104993",152,118,34
"S00104994",139,70,69
"S00104995",96,34,62
"S00104996",97,57,40
"S00104997",93,44,49
"S00104998",84,44,40
"S00104999",130,69,61
"S00105000",92,35,57
"S00105001",97,35,62
"S00105002",89,39,50
"S00105003",69,23,46
"S00105004",94,33,61
"S00105005",87,24,63
"S00105006",97,36,61
"S00105007",93,40,53
"S00105008",87,19,68
"S00105009",104,24,80
"S00105010",103,29,74
"S00105011",80,29,51
"S00105012",103,47,56
"S00105013",110,44,66
"S00105014",86,32,54
"S00105015",130,45,85
"S00105016",126,45,81
"S00105017",93,31,62
"S00105018",91,33,58
"S00105019",148,35,113
"S00105020",107,29,78
"S00105021",104,34,70
"S00105022",109,41,68
"S00105023",91,29,62
"S00105024",98,38,60
"S00105025",87,33,54
"S00105026",103,34,69
"S00105027",115,43,72
"S00105028",130,50,80
"S00105029",127,48,79
"S00105030",81,39,42
"S00105031",109,27,82
"S00105032",80,31,49
"S00105033",89,21,68
"S00105034",101,36,65
"S00105035",112,30,82
"S00105036",144,36,108
"S00105037",131,40,91
"S00105038",106,26,80
"S00105039",110,27,83
"S00105040",113,40,73
"S00105041",94,38,56
"S00105042",86,20,66
"S00105043",69,21,48
"S00105044",99,39,60
"S00105045",89,70,19
"S00105046",59,43,16
"S00105047",108,56,52
"S00105048",150,48,102
"S00105049",93,71,22
"S00105050",158,89,69
"S00105051",131,35,96
"S00105052",90,34,56
"S00105053",69,31,38
"S00105054",94,40,54
"S00105055",110,36,74
"S00105056",112,24,88
"S00105057",108,38,70
"S00105058",86,26,60
"S00105059",146,55,91
"S00105060",116,44,72
"S00105061",107,39,68
"S00105062",67,42,25
"S00105063",132,46,86
"S00105064",144,53,91
"S00105065",128,49,79
"S00105066",164,44,120
"S00105067",109,34,75
"S00105068",109,32,77
"S00105069",91,29,62
"S00105070",89,25,64
"S00105071",95,44,51
"S00105072",111,28,83
"S00105073",114,34,80
"S00105074",82,26,56
"S00105075",82,32,50
"S00105076",77,29,48
"S00105077",90,22,68
"S00105078",104,21,83
"S00105079",123,31,92
"S00105080",83,24,59
"S00105081",88,47,41
"S00105082",85,31,54
"S00105083",66,24,42
"S00105084",70,50,20
"S00105085",55,43,12
"S00105086",100,49,51
"S00105087",93,62,31
"S00105088",67,46,21
"S00105089",76,42,34
"S00105090",133,96,37
"S00105091",67,51,16
"S00105092",130,81,49
"S00105093",130,68,62
"S00105094",114,60,54
"S00105095",71,25,46
"S00105096",73,31,42
"S00105097",130,58,72
"S00105098",76,59,17
"S00105099",90,43,47
"S00105100",129,90,39
"S00105101",122,95,27
"S00105102",105,89,16
"S00105103",90,74,16
"S00105104",124,90,34
"S00105105",59,46,13
"S00105106",53,47,6
"S00105107",54,39,15
"S00105108",64,46,18
"S00105109",69,57,12
"S00105110",56,52,4
"S00105111",129,109,20
"S00105112",61,56,5
"S00105113",76,60,16
"S00105114",63,51,12
"S00105115",65,55,10
"S00105116",56,47,9
"S00105117",60,50,10
"S00105118",88,72,16
"S00105119",100,80,20
"S00105120",82,68,14
"S00105121",86,74,12
"S00105122",88,77,11
"S00105123",92,73,19
"S00105124",94,79,15
"S00105125",79,48,31
"S00105126",78,63,15
"S00105127",68,40,28
"S00105128",88,52,36
"S00105129",117,77,40
"S00105130",85,37,48
"S00105131",169,121,48
"S00105132",64,46,18
"S00105133",90,66,24
"S00105134",77,48,29
"S00105135",61,44,17
"S00105136",57,45,12
"S00105137",76,64,12
"S00105138",77,65,12
"S00105139",56,47,9
"S00105140",69,58,11
"S00105141",50,37,13
"S00105142",91,72,19
"S00105143",106,84,22
"S00105144",125,98,27
"S00105145",141,125,16
"S00105146",53,47,6
"S00105147",105,97,8
"S00105148",94,84,10
"S00105149",101,73,28
"S00105150",89,69,20
"S00105151",147,113,34
"S00105152",120,77,43
"S00105153",148,106,42
"S00105154",108,88,20
"S00105155",103,74,29
"S00105156",160,142,18
"S00105157",120,96,24
"S00105158",107,87,20
"S00105159",71,67,4
"S00105160",57,52,5
"S00105161",88,81,7
"S00105162",114,91,23
"S00105163",68,66,2
"S00105164",52,48,4
"S00105165",63,53,10
"S00105166",95,87,8
"S00105167",69,59,10
"S00105168",85,77,8
"S00105169",82,72,10
"S00105170",72,38,34
"S00105171",73,52,21
"S00105172",80,63,17
"S00105173",100,76,24
"S00105174",82,40,42
"S00105175",85,37,48
"S00105176",75,37,38
"S00105177",49,26,23
"S00105178",71,64,7
"S00105179",57,47,10
"S00105180",67,53,14
"S00105181",65,49,16
"S00105182",64,55,9
"S00105183",71,59,12
"S00105184",74,55,19
"S00105185",47,44,3
"S00105186",87,66,21
"S00105187",76,69,7
"S00105188",88,74,14
"S00105189",59,48,11
"S00105190",65,49,16
"S00105191",62,54,8
"S00105192",64,54,10
"S00105193",59,44,15
"S00105194",104,94,10
"S00105195",61,52,9
"S00105196",66,52,14
"S00105197",54,45,9
"S00105198",79,61,18
"S00105199",74,66,8
"S00105200",79,57,22
"S00105201",72,64,8
"S00105202",89,62,27
"S00105203",97,77,20
"S00105204",76,58,18
"S00105205",88,65,23
"S00105206",106,91,15
"S00105207",121,104,17
"S00105208",66,56,10
"S00105209",119,91,28
"S00105210",51,42,9
"S00105211",86,74,12
"S00105212",117,93,24
"S00105213",83,64,19
"S00105214",60,50,10
"S00105215",67,57,10
"S00105216",88,75,13
"S00105217",66,59,7
"S00105218",125,103,22
"S00105219",98,79,19
"S00105220",110,89,21
"S00105221",110,94,16
"S00105222",102,76,26
"S00105223",105,86,19
"S00105224",114,94,20
"S00105225",114,91,23
"S00105226",78,73,5
"S00105227",121,109,12
"S00105228",51,45,6
"S00105229",96,82,14
"S00105230",73,61,12
"S00105231",55,46,9
"S00105232",86,69,17
"S00105233",78,60,18
"S00105234",82,72,10
"S00105235",137,98,39
"S00105236",133,116,17
"S00105237",113,93,20
"S00105238",71,52,19
"S00105239",79,38,41
"S00105240",99,59,40
"S00105241",128,50,78
"S00105242",99,56,43
"S00105243",103,67,36
"S00105244",71,44,27
"S00105245",128,88,40
"S00105246",113,64,49
"S00105247",105,49,56
"S00105248",75,52,23
"S00105249",101,57,44
"S00105250",81,51,30
"S00105251",105,61,44
"S00105252",84,49,35
"S00105253",91,55,36
"S00105254",63,45,18
"S00105255",123,84,39
"S00105256",111,81,30
"S00105257",86,70,16
"S00105258",74,39,35
"S00105259",60,40,20
"S00105260",88,70,18
"S00105261",137,93,44
"S00105262",96,66,30
"S00105263",110,66,44
"S00105264",126,75,51
"S00105265",99,53,46
"S00105266",91,53,38
"S00105267",102,67,35
"S00105268",104,62,42
"S00105269",60,38,22
"S00105270",111,79,32
"S00105271",102,63,39
"S00105272",86,55,31
"S00105273",44,31,13
"S00105274",80,50,30
"S00105275",76,53,23
"S00105276",71,53,18
"S00105277",53,41,12
"S00105278",96,72,24
"S00105279",86,64,22
"S00105280",63,35,28
"S00105281",81,51,30
"S00105282",71,53,18
"S00105283",80,64,16
"S00105284",73,55,18
"S00105285",84,60,24
"S00105286",85,55,30
"S00105287",60,36,24
"S00105288",92,59,33
"S00105289",60,41,19
"S00105290",71,49,22
"S00105291",706,604,102
"S00105292",60,40,20
"S00105293",68,37,31
"S00105294",76,53,23
"S00105295",92,59,33
"S00105296",67,46,21
"S00105297",73,53,20
"S00105298",80,60,20
"S00105299",95,71,24
"S00105300",134,103,31
"S00105301",54,47,7
"S00105302",103,73,30
"S00105303",70,45,25
"S00105304",64,44,20
"S00105305",86,48,38
"S00105306",87,76,11
"S00105307",70,46,24
"S00105308",57,37,20
"S00105309",103,67,36
"S00105310",68,48,20
"S00105311",80,70,10
"S00105312",131,82,49
"S00105313",90,59,31
"S00105314",53,35,18
"S00105315",84,62,22
"S00105316",91,52,39
"S00105317",109,75,34
"S00105318",75,51,24
"S00105319",112,64,48
"S00105320",139,95,44
"S00105321",134,100,34
"S00105322",59,43,16
"S00105323",126,106,20
"S00105324",93,65,28
"S00105325",100,62,38
"S00105326",81,51,30
"S00105327",65,40,25
"S00105328",70,54,16
"S00105329",89,56,33
"S00105330",67,53,14
"S00105331",119,72,47
"S00105332",77,46,31
"S00105333",101,33,68
"S00105334",72,36,36
"S00105335",92,43,49
"S00105336",45,23,22
"S00105337",73,28,45
"S00105338",83,48,35
"S00105339",84,46,38
"S00105340",85,35,50
"S00105341",107,48,59
"S00105342",117,63,54
"S00105343",163,105,58
"S00105344",61,43,18
"S00105345",107,68,39
"S00105346",80,47,33
"S00105347",91,59,32
"S00105348",90,47,43
"S00105349",89,49,40
"S00105350",97,55,42
"S00105351",77,49,28
"S00105352",82,55,27
"S00105353",94,58,36
"S00105354",90,51,39
"S00105355",85,61,24
"S00105356",110,56,54
"S00105357",65,35,30
"S00105358",65,37,28
"S00105359",67,39,28
"S00105360",121,77,44
"S00105361",122,55,67
"S00105362",58,38,20
"S00105363",98,51,47
"S00105364",70,40,30
"S00105365",78,46,32
"S00105366",77,45,32
"S00105367",75,37,38
"S00105368",92,34,58
"S00105369",86,56,30
"S00105370",62,48,14
"S00105371",102,48,54
"S00105372",77,43,34
"S00105373",65,32,33
"S00105374",55,43,12
"S00105375",148,92,56
"S00105376",130,72,58
"S00105377",87,55,32
"S00105378",80,52,28
"S00105379",66,40,26
"S00105380",64,42,22
"S00105381",122,59,63
"S00105382",84,41,43
"S00105383",81,45,36
"S00105384",88,52,36
"S00105385",111,41,70
"S00105386",115,63,52
"S00105387",57,27,30
"S00105388",93,43,50
"S00105389",64,44,20
"S00105390",107,86,21
"S00105391",117,104,13
"S00105392",114,78,36
"S00105393",85,66,19
"S00105394",71,22,49
"S00105395",77,45,32
"S00105396",103,32,71
"S00105397",60,32,28
"S00105398",65,40,25
"S00105399",82,43,39
"S00105400",68,32,36
"S00105401",60,30,30
"S00105402",108,64,44
"S00105403",108,72,36
"S00105404",74,50,24
"S00105405",94,48,46
"S00105406",80,54,26
"S00105407",85,81,4
"S00105408",90,64,26
"S00105409",102,68,34
"S00105410",90,66,24
"S00105411",102,66,36
"S00105412",118,88,30
"S00105413",159,131,28
"S00105414",127,75,52
"S00105415",91,41,50
"S00105416",84,26,58
"S00105417",105,31,74
"S00105418",96,31,65
"S00105419",79,23,56
"S00105420",146,53,93
"S00105421",135,39,96
"S00105422",135,47,88
"S00105423",147,47,100
"S00105424",140,42,98
"S00105425",121,39,82
"S00105426",72,27,45
"S00105427",122,44,78
"S00105428",222,156,66
"S00105429",96,35,61
"S00105430",108,59,49
"S00105431",109,82,27
"S00105432",95,31,64
"S00105433",116,34,82
"S00105434",75,22,53
"S00105435",136,42,94
"S00105436",192,82,110
"S00105437",82,30,52
"S00105438",94,25,69
"S00105439",76,22,54
"S00105440",59,21,38
"S00105441",189,121,68
"S00105442",99,23,76
"S00105443",132,51,81
"S00105444",125,44,81
"S00105445",90,57,33
"S00105446",61,27,34
"S00105447",115,72,43
"S00105448",95,78,17
"S00105449",76,37,39
"S00105450",75,45,30
"S00105451",118,73,45
"S00105452",106,58,48
"S00105453",58,30,28
"S00105454",115,72,43
"S00105455",68,39,29
"S00105456",60,45,15
"S00105457",104,59,45
"S00105458",81,45,36
"S00105459",67,42,25
"S00105460",104,62,42
"S00105461",131,69,62
"S00105462",83,28,55
"S00105463",76,34,42
"S00105464",128,44,84
"S00105465",78,29,49
"S00105466",84,23,61
"S00105467",87,27,60
"S00105468",105,43,62
"S00105469",87,37,50
"S00105470",141,37,104
"S00105471",93,30,63
"S00105472",95,43,52
"S00105473",86,57,29
"S00105474",87,38,49
"S00105475",76,50,26
"S00105476",89,30,59
"S00105477",96,42,54
"S00105478",87,29,58
"S00105479",110,32,78
"S00105480",111,73,38
"S00105481",92,59,33
"S00105482",97,55,42
"S00105483",78,28,50
"S00105484",116,74,42
"S00105485",53,34,19
"S00105486",59,35,24
"S00105487",68,40,28
"S00105488",90,36,54
"S00105489",64,20,44
"S00105490",139,77,62
"S00105491",94,44,50
"S00105492",118,54,64
"S00105493",114,76,38
"S00105494",69,42,27
"S00105495",127,53,74
"S00105496",135,43,92
"S00105497",91,35,56
"S00105498",155,45,110
"S00105499",108,40,68
"S00105500",103,31,72
"S00105501",76,30,46
"S00105502",57,23,34
"S00105503",95,32,63
"S00105504",122,77,45
"S00105505",72,49,23
"S00105506",114,74,40
"S00105507",93,58,35
"S00105508",109,55,54
"S00105509",79,43,36
"S00105510",129,65,64
"S00105511",136,82,54
"S00105512",113,64,49
"S00105513",101,57,44
"S00105514",72,36,36
"S00105515",107,68,39
"S00105516",83,37,46
"S00105517",129,86,43
"S00105518",98,50,48
"S00105519",96,46,50
"S00105520",100,46,54
"S00105521",52,32,20
"S00105522",111,40,71
"S00105523",99,41,58
"S00105524",60,28,32
"S00105525",73,27,46
"S00105526",63,41,22
"S00105527",92,60,32
"S00105528",101,35,66
"S00105529",94,26,68
"S00105530",145,68,77
"S00105531",82,59,23
"S00105532",80,38,42
"S00105533",99,39,60
"S00105534",113,32,81
"S00105535",99,35,64
"S00105536",82,22,60
"S00105537",94,38,56
"S00105538",98,34,64
"S00105539",95,28,67
"S00105540",138,50,88
"S00105541",106,38,68
"S00105542",96,30,66
"S00105543",104,27,77
"S00105544",89,28,61
"S00105545",80,24,56
"S00105546",96,36,60
"S00105547",81,24,57
"S00105548",135,64,71
"S00105549",131,59,72
"S00105550",82,49,33
"S00105551",85,35,50
"S00105552",86,28,58
"S00105553",97,54,43
"S00105554",131,77,54
"S00105555",76,40,36
"S00105556",110,55,55
"S00105557",57,19,38
"S00105558",152,81,71
"S00105559",131,65,66
"S00105560",109,52,57
"S00105561",100,40,60
"S00105562",78,26,52
"S00105563",135,89,46
"S00105564",99,66,33
"S00105565",101,63,38
"S00105566",102,54,48
"S00105567",89,50,39
"S00105568",61,31,30
"S00105569",136,79,57
"S00105570",42,29,13
"S00105571",107,55,52
"S00105572",73,63,10
"S00105573",104,36,68
"S00105574",106,80,26
"S00105575",134,45,89
"S00105576",93,31,62
"S00105577",101,37,64
"S00105578",77,28,49
"S00105579",75,39,36
"S00105580",91,29,62
"S00105581",110,45,65
"S00105582",93,19,74
"S00105583",85,34,51
"S00105584",90,39,51
"S00105585",85,29,56
"S00105586",95,34,61
"S00105587",100,30,70
"S00105588",86,62,24
"S00105589",88,39,49
"S00105590",90,37,53
"S00105591",100,39,61
"S00105592",92,47,45
"S00105593",99,27,72
"S00105594",111,31,80
"S00105595",78,26,52
"S00105596",94,28,66
"S00105597",114,30,84
"S00105598",99,35,64
"S00105599",80,26,54
"S00105600",66,20,46
"S00105601",113,36,77
"S00105602",103,28,75
"S00105603",100,47,53
"S00105604",116,34,82
"S00105605",114,36,78
"S00105606",117,38,79
"S00105607",82,42,40
"S00105608",63,52,11
"S00105609",64,34,30
"S00105610",79,13,66
"S00105611",51,29,22
"S00105612",106,64,42
"S00105613",98,52,46
"S00105614",41,21,20
"S00105615",89,52,37
"S00105616",72,44,28
"S00105617",131,79,52
"S00105618",120,71,49
"S00105619",57,43,14
"S00105620",71,53,18
"S00105621",82,71,11
"S00105622",83,57,26
"S00105623",67,47,20
"S00105624",101,71,30
"S00105625",62,50,12
"S00105626",72,48,24
"S00105627",63,53,10
"S00105628",116,78,38
"S00105629",109,25,84
"S00105630",96,46,50
"S00105631",54,31,23
"S00105632",49,32,17
"S00105633",119,58,61
"S00105634",119,52,67
"S00105635",98,72,26
"S00105636",91,47,44
"S00105637",96,40,56
"S00105638",81,43,38
"S00105639",108,30,78
"S00105640",88,10,78
"S00105641",112,60,52
"S00105642",98,65,33
"S00105643",96,67,29
"S00105644",67,43,24
"S00105645",59,42,17
"S00105646",80,58,22
"S00105647",109,71,38
"S00105648",94,58,36
"S00105649",124,94,30
"S00105650",120,60,60
"S00105651",86,59,27
"S00105652",85,49,36
"S00105653",75,33,42
"S00105654",75,59,16
"S00105655",51,47,4
"S00105656",47,41,6
"S00105657",74,63,11
"S00105658",113,76,37
"S00105659",75,47,28
"S00105660",63,39,24
"S00105661",88,74,14
"S00105662",50,32,18
"S00105663",96,75,21
"S00105664",61,33,28
"S00105665",96,56,40
"S00105666",60,52,8
"S00105667",62,52,10
"S00105668",65,56,9
"S00105669",111,60,51
"S00105670",73,43,30
"S00105671",69,35,34
"S00105672",95,53,42
"S00105673",82,50,32
"S00105674",90,43,47
"S00105675",95,55,40
"S00105676",83,52,31
"S00105677",79,46,33
"S00105678",89,46,43
"S00105679",96,55,41
"S00105680",77,47,30
"S00105681",58,32,26
"S00105682",114,74,40
"S00105683",146,77,69
"S00105684",91,69,22
"S00105685",79,53,26
"S00105686",63,48,15
"S00105687",89,62,27
"S00105688",99,54,45
"S00105689",75,36,39
"S00105690",107,33,74
"S00105691",87,28,59
"S00105692",101,33,68
"S00105693",101,34,67
"S00105694",146,42,104
"S00105695",65,17,48
"S00105696",60,27,33
"S00105697",113,41,72
"S00105698",108,33,75
"S00105699",89,29,60
"S00105700",86,34,52
"S00105701",93,30,63
"S00105702",61,14,47
"S00105703",104,48,56
"S00105704",71,23,48
"S00105705",87,19,68
"S00105706",68,36,32
"S00105707",85,46,39
"S00105708",103,35,68
"S00105709",315,211,104
"S00105710",94,36,58
"S00105711",117,24,93
"S00105712",96,48,48
"S00105713",126,42,84
"S00105714",78,19,59
"S00105715",101,23,78
"S00105716",88,20,68
"S00105717",83,23,60
"S00105718",105,31,74
"S00105719",118,38,80
"S00105720",115,22,93
"S00105721",121,37,84
"S00105722",90,22,68
"S00105723",123,31,92
"S00105724",76,32,44
"S00105725",96,38,58
"S00105726",82,28,54
"S00105727",78,25,53
"S00105728",110,43,67
"S00105729",52,38,14
"S00105730",72,31,41
"S00105731",82,24,58
"S00105732",92,23,69
"S00105733",110,25,85
"S00105734",87,35,52
"S00105735",93,32,61
"S00105736",113,67,46
"S00105737",92,30,62
"S00105738",101,33,68
"S00105739",77,33,44
"S00105740",90,24,66
"S00105741",110,37,73
"S00105742",102,34,68
"S00105743",74,18,56
"S00105744",142,47,95
"S00105745",112,42,70
"S00105746",100,36,64
"S00105747",101,31,70
"S00105748",128,42,86
"S00105749",123,63,60
"S00105750",95,35,60
"S00105751",110,60,50
"S00105752",77,18,59
"S00105753",89,36,53
"S00105754",71,20,51
"S00105755",135,42,93
"S00105756",102,38,64
"S00105757",73,29,44
"S00105758",112,36,76
"S00105759",82,34,48
"S00105760",99,35,64
"S00105761",137,102,35
"S00105762",85,28,57
"S00105763",97,27,70
"S00105764",106,59,47
"S00105765",53,40,13
"S00105766",72,31,41
"S00105767",84,41,43
"S00105768",64,38,26
"S00105769",107,55,52
"S00105770",92,54,38
"S00105771",94,59,35
"S00105772",89,72,17
"S00105773",125,96,29
"S00105774",92,45,47
"S00105775",121,79,42
"S00105776",101,59,42
"S00105777",71,38,33
"S00105778",95,70,25
"S00105779",111,75,36
"S00105780",66,48,18
"S00105781",85,60,25
"S00105782",92,70,22
"S00105783",89,66,23
"S00105784",71,49,22
"S00105785",100,75,25
"S00105786",99,64,35
"S00105787",49,37,12
"S00105788",105,52,53
"S00105789",79,44,35
"S00105790",153,57,96
"S00105791",115,57,58
"S00105792",96,64,32
"S00105793",84,64,20
"S00105794",56,50,6
"S00105795",55,48,7
"S00105796",119,72,47
"S00105797",90,68,22
"S00105798",120,102,18
"S00105799",79,59,20
"S00105800",50,42,8
"S00105801",97,68,29
"S00105802",118,82,36
"S00105803",72,50,22
"S00105804",124,94,30
"S00105805",46,32,14
"S00105806",88,52,36
"S00105807",88,64,24
"S00105808",118,88,30
"S00105809",94,81,13
"S00105810",109,82,27
"S00105811",73,65,8
"S00105812",59,53,6
"S00105813",81,66,15
"S00105814",85,66,19
"S00105815",67,59,8
"S00105816",62,46,16
"S00105817",88,68,20
"S00105818",49,33,16
"S00105819",102,83,19
"S00105820",116,90,26
"S00105821",86,80,6
"S00105822",91,71,20
"S00105823",90,67,23
"S00105824",81,58,23
"S00105825",95,67,28
"S00105826",85,67,18
"S00105827",64,51,13
"S00105828",63,50,13
"S00105829",69,55,14
"S00105830",103,60,43
"S00105831",89,58,31
"S00105832",173,70,103
"S00105833",133,60,73
"S00105834",127,73,54
"S00105835",103,51,52
"S00105836",165,75,90
"S00105837",87,49,38
"S00105838",119,81,38
"S00105839",92,81,11
"S00105840",95,36,59
"S00105841",68,37,31
"S00105842",64,40,24
"S00105843",101,39,62
"S00105844",61,40,21
"S00105845",89,19,70
"S00105846",111,37,74
"S00105847",90,34,56
"S00105848",90,31,59
"S00105849",100,34,66
"S00105850",89,40,49
"S00105851",82,61,21
"S00105852",63,41,22
"S00105853",108,40,68
"S00105854",101,45,56
"S00105855",90,36,54
"S00105856",94,38,56
"S00105857",60,42,18
"S00105858",74,51,23
"S00105859",55,33,22
"S00105860",107,46,61
"S00105861",97,35,62
"S00105862",62,38,24
"S00105863",80,33,47
"S00105864",141,55,86
"S00105865",139,54,85
"S00105866",89,29,60
"S00105867",119,39,80
"S00105868",106,40,66
"S00105869",91,19,72
"S00105870",96,26,70
"S00105871",101,34,67
"S00105872",110,35,75
"S00105873",100,52,48
"S00105874",91,25,66
"S00105875",104,34,70
"S00105876",91,25,66
"S00105877",93,24,69
"S00105878",160,54,106
"S00105879",77,21,56
"S00105880",74,30,44
"S00105881",79,45,34
"S00105882",120,81,39
"S00105883",88,58,30
"S00105884",86,53,33
"S00105885",56,34,22
"S00105886",64,46,18
"S00105887",128,99,29
"S00105888",87,67,20
"S00105889",98,71,27
"S00105890",97,85,12
"S00105891",79,50,29
"S00105892",71,51,20
"S00105893",52,30,22
"S00105894",59,47,12
"S00105895",48,38,10
"S00105896",123,91,32
"S00105897",71,62,9
"S00105898",80,51,29
"S00105899",117,81,36
"S00105900",131,84,47
"S00105901",88,27,61
"S00105902",91,24,67
"S00105903",91,29,62
"S00105904",84,22,62
"S00105905",111,45,66
"S00105906",73,31,42
"S00105907",54,36,18
"S00105908",76,42,34
"S00105909",89,49,40
"S00105910",79,44,35
"S00105911",83,47,36
"S00105912",84,42,42
"S00105913",79,45,34
"S00105914",110,48,62
"S00105915",95,41,54
"S00105916",90,31,59
"S00105917",69,27,42
"S00105918",76,31,45
"S00105919",103,50,53
"S00105920",82,52,30
"S00105921",95,38,57
"S00105922",130,69,61
"S00105923",132,60,72
"S00105924",94,37,57
"S00105925",89,40,49
"S00105926",105,41,64
"S00105927",82,34,48
"S00105928",95,37,58
"S00105929",105,36,69
"S00105930",88,31,57
"S00105931",117,45,72
"S00105932",90,40,50
"S00105933",103,37,66
"S00105934",154,56,98
"S00105935",1611,1501,110
"S00105936",111,27,84
"S00105937",67,39,28
"S00105938",135,43,92
"S00105939",139,50,89
"S00105940",89,29,60
"S00105941",69,33,36
"S00105942",83,33,50
"S00105943",87,25,62
"S00105944",115,29,86
"S00105945",91,32,59
"S00105946",91,35,56
"S00105947",110,36,74
"S00105948",87,31,56
"S00105949",94,24,70
"S00105950",68,39,29
"S00105951",59,34,25
"S00105952",117,50,67
"S00105953",145,59,86
"S00105954",112,61,51
"S00105955",69,47,22
"S00105956",66,46,20
"S00105957",131,55,76
"S00105958",115,50,65
"S00105959",158,69,89
"S00105960",90,48,42
"S00105961",104,31,73
"S00105962",88,35,53
"S00105963",138,49,89
"S00105964",91,31,60
"S00105965",113,33,80
"S00105966",87,21,66
"S00105967",88,44,44
"S00105968",76,40,36
"S00105969",92,38,54
"S00105970",169,51,118
"S00105971",139,41,98
"S00105972",128,47,81
"S00105973",118,40,78
"S00105974",82,47,35
"S00105975",88,44,44
"S00105976",84,40,44
"S00105977",55,33,22
"S00105978",94,42,52
"S00105979",93,55,38
"S00105980",115,39,76
"S00105981",120,20,100
"S00105982",151,24,127
"S00105983",102,41,61
"S00105984",92,29,63
"S00105985",71,51,20
"S00105986",124,31,93
"S00105987",97,29,68
"S00105988",94,19,75
"S00105989",93,24,69
"S00105990",89,17,72
"S00105991",49,25,24
"S00105992",120,43,77
"S00105993",51,17,34
"S00105994",112,57,55
"S00105995",97,44,53
"S00105996",135,57,78
"S00105997",112,33,79
"S00105998",92,36,56
"S00105999",147,42,105
"S00106000",162,54,108
"S00106001",110,35,75
"S00106002",100,49,51
"S00106003",84,30,54
"S00106004",88,42,46
"S00106005",82,34,48
"S00106006",91,35,56
"S00106007",118,44,74
"S00106008",78,23,55
"S00106009",78,24,54
"S00106010",51,27,24
"S00106011",167,56,111
"S00106012",130,53,77
"S00106013",110,38,72
"S00106014",84,36,48
"S00106015",121,37,84
"S00106016",85,69,16
"S00106017",87,69,18
"S00106018",105,45,60
"S00106019",64,37,27
"S00106020",87,44,43
"S00106021",96,57,39
"S00106022",58,40,18
"S00106023",75,50,25
"S00106024",99,62,37
"S00106025",98,68,30
"S00106026",99,67,32
"S00106027",77,56,21
"S00106028",90,45,45
"S00106029",94,77,17
"S00106030",86,67,19
"S00106031",74,56,18
"S00106032",76,56,20
"S00106033",61,52,9
"S00106034",120,79,41
"S00106035",80,55,25
"S00106036",91,71,20
"S00106037",92,53,39
"S00106038",61,40,21
"S00106039",108,67,41
"S00106040",94,45,49
"S00106041",90,33,57
"S00106042",55,22,33
"S00106043",66,22,44
"S00106044",119,40,79
"S00106045",80,53,27
"S00106046",107,43,64
"S00106047",77,20,57
"S00106048",46,41,5
"S00106049",67,43,24
"S00106050",145,64,81
"S00106051",96,40,56
"S00106052",58,33,25
"S00106053",123,64,59
"S00106054",176,106,70
"S00106055",116,59,57
"S00106056",123,81,42
"S00106057",107,48,59
"S00106058",82,36,46
"S00106059",75,35,40
"S00106060",79,35,44
"S00106061",90,35,55
"S00106062",99,41,58
"S00106063",122,56,66
"S00106064",81,38,43
"S00106065",119,67,52
"S00106066",86,30,56
"S00106067",80,25,55
"S00106068",82,23,59
"S00106069",126,54,72
"S00106070",121,56,65
"S00106071",88,39,49
"S00106072",79,52,27
"S00106073",79,36,43
"S00106074",78,35,43
"S00106075",63,38,25
"S00106076",119,46,73
"S00106077",80,36,44
"S00106078",93,33,60
"S00106079",113,58,55
"S00106080",77,25,52
"S00106081",124,64,60
"S00106082",108,62,46
"S00106083",98,48,50
"S00106084",79,55,24
"S00106085",76,51,25
"S00106086",107,80,27
"S00106087",98,77,21
"S00106088",110,62,48
"S00106089",83,40,43
"S00106090",68,32,36
"S00106091",88,41,47
"S00106092",111,60,51
"S00106093",79,42,37
"S00106094",68,32,36
"S00106095",100,64,36
"S00106096",100,69,31
"S00106097",99,46,53
"S00106098",122,67,55
"S00106099",114,68,46
"S00106100",105,72,33
"S00106101",106,71,35
"S00106102",97,69,28
"S00106103",64,48,16
"S00106104",59,43,16
"S00106105",98,87,11
"S00106106",92,46,46
"S00106107",115,38,77
"S00106108",55,19,36
"S00106109",122,55,67
"S00106110",129,46,83
"S00106111",63,47,16
"S00106112",85,48,37
"S00106113",104,34,70
"S00106114",105,34,71
"S00106115",89,39,50
"S00106116",77,36,41
"S00106117",68,36,32
"S00106118",104,53,51
"S00106119",67,49,18
"S00106120",60,48,12
"S00106121",70,53,17
"S00106122",59,36,23
"S00106123",88,70,18
"S00106124",49,37,12
"S00106125",88,70,18
"S00106126",44,39,5
"S00106127",72,45,27
"S00106128",109,85,24
"S00106129",97,74,23
"S00106130",115,71,44
"S00106131",119,66,53
"S00106132",61,46,15
"S00106133",114,68,46
"S00106134",97,53,44
"S00106135",98,61,37
"S00106136",93,50,43
"S00106137",88,65,23
"S00106138",113,75,38
"S00106139",76,51,25
"S00106140",45,19,26
"S00106141",67,56,11
"S00106142",81,68,13
"S00106143",84,61,23
"S00106144",127,105,22
"S00106145",84,41,43
"S00106146",74,49,25
"S00106147",67,54,13
"S00106148",60,37,23
"S00106149",121,67,54
"S00106150",98,73,25
"S00106151",77,55,22
"S00106152",45,29,16
"S00106153",75,52,23
"S00106154",100,69,31
"S00106155",117,86,31
"S00106156",98,68,30
"S00106157",95,87,8
"S00106158",101,95,6
"S00106159",100,71,29
"S00106160",92,66,26
"S00106161",88,67,21
"S00106162",103,63,40
"S00106163",77,54,23
"S00106164",81,46,35
"S00106165",55,47,8
"S00106166",80,60,20
"S00106167",90,63,27
"S00106168",64,45,19
"S00106169",76,47,29
"S00106170",139,53,86
"S00106171",88,49,39
"S00106172",92,47,45
"S00106173",77,52,25
"S00106174",73,42,31
"S00106175",68,49,19
"S00106176",82,50,32
"S00106177",115,78,37
"S00106178",145,93,52
"S00106179",76,50,26
"S00106180",78,50,28
"S00106181",71,39,32
"S00106182",134,81,53
"S00106183",58,33,25
"S00106184",102,64,38
"S00106185",91,66,25
"S00106186",88,59,29
"S00106187",81,35,46
"S00106188",99,63,36
"S00106189",81,49,32
"S00106190",115,34,81
"S00106191",175,91,84
"S00106192",60,37,23
"S00106193",92,59,33
"S00106194",89,42,47
"S00106195",120,41,79
"S00106196",110,35,75
"S00106197",91,26,65
"S00106198",93,42,51
"S00106199",129,27,102
"S00106200",174,110,64
"S00106201",140,103,37
"S00106202",99,93,6
"S00106203",80,41,39
"S00106204",136,100,36
"S00106205",152,127,25
"S00106206",129,92,37
"S00106207",95,61,34
"S00106208",77,59,18
"S00106209",100,78,22
"S00106210",57,46,11
"S00106211",72,45,27
"S00106212",66,50,16
"S00106213",61,47,14
"S00106214",65,45,20
"S00106215",114,82,32
"S00106216",98,38,60
"S00106217",85,32,53
"S00106218",78,27,51
"S00106219",93,65,28
"S00106220",49,41,8
"S00106221",124,113,11
"S00106222",109,64,45
"S00106223",107,53,54
"S00106224",99,45,54
"S00106225",88,34,54
"S00106226",153,135,18
"S00106227",120,80,40
"S00106228",91,38,53
"S00106229",1831,1776,55
"S00106230",132,93,39
"S00106231",94,76,18
"S00106232",131,112,19
"S00106233",82,70,12
"S00106234",100,74,26
"S00106235",94,85,9
"S00106236",88,44,44
"S00106237",81,40,41
"S00106238",97,54,43
"S00106239",71,31,40
"S00106240",66,40,26
"S00106241",136,76,60
"S00106242",61,34,27
"S00106243",76,40,36
"S00106244",116,74,42
"S00106245",130,55,75
"S00106246",100,36,64
"S00106247",77,35,42
"S00106248",76,47,29
"S00106249",58,27,31
"S00106250",128,92,36
"S00106251",111,71,40
"S00106252",55,31,24
"S00106253",60,45,15
"S00106254",91,69,22
"S00106255",89,61,28
"S00106256",89,61,28
"S00106257",83,54,29
"S00106258",88,68,20
"S00106259",56,39,17
"S00106260",91,53,38
"S00106261",46,23,23
"S00106262",86,67,19
"S00106263",91,62,29
"S00106264",82,53,29
"S00106265",54,41,13
"S00106266",90,57,33
"S00106267",77,53,24
"S00106268",106,48,58
"S00106269",59,40,19
"S00106270",66,30,36
"S00106271",104,55,49
"S00106272",101,48,53
"S00106273",71,46,25
"S00106274",71,53,18
"S00106275",107,47,60
"S00106276",94,48,46
"S00106277",124,61,63
"S00106278",110,32,78
"S00106279",80,22,58
"S00106280",110,32,78
"S00106281",102,21,81
"S00106282",80,16,64
"S00106283",102,24,78
"S00106284",227,134,93
"S00106285",80,32,48
"S00106286",111,63,48
"S00106287",174,102,72
"S00106288",83,31,52
"S00106289",84,24,60
"S00106290",79,31,48
"S00106291",83,45,38
"S00106292",108,73,35
"S00106293",78,38,40
"S00106294",88,26,62
"S00106295",87,64,23
"S00106296",109,41,68
"S00106297",73,42,31
"S00106298",101,53,48
"S00106299",88,52,36
"S00106300",49,33,16
"S00106301",97,70,27
"S00106302",83,44,39
"S00106303",89,56,33
"S00106304",62,29,33
"S00106305",110,73,37
"S00106306",121,82,39
"S00106307",57,49,8
"S00106308",83,53,30
"S00106309",77,43,34
"S00106310",87,49,38
"S00106311",66,45,21
"S00106312",85,55,30
"S00106313",98,65,33
"S00106314",95,66,29
"S00106315",114,61,53
"S00106316",92,37,55
"S00106317",136,51,85
"S00106318",129,94,35
"S00106319",147,45,102
"S00106320",108,63,45
"S00106321",46,28,18
"S00106322",87,33,54
"S00106323",74,33,41
"S00106324",91,47,44
"S00106325",155,99,56
"S00106326",80,37,43
"S00106327",83,51,32
"S00106328",129,88,41
"S00106329",85,47,38
"S00106330",45,45,0
"S00106331",66,46,20
"S00106332",71,61,10
"S00106333",51,48,3
"S00106334",84,39,45
"S00106335",61,51,10
"S00106336",62,52,10
"S00106337",47,34,13
"S00106338",51,46,5
"S00106339",62,49,13
"S00106340",53,49,4
"S00106341",125,57,68
"S00106342",77,43,34
"S00106343",82,56,26
"S00106344",109,68,41
"S00106345",129,81,48
"S00106346",119,86,33
"S00106347",122,75,47
"S00106348",105,70,35
"S00106349",90,62,28
"S00106350",51,32,19
"S00106351",94,61,33
"S00106352",118,39,79
"S00106353",99,54,45
"S00106354",96,49,47
"S00106355",108,65,43
"S00106356",101,58,43
"S00106357",87,39,48
"S00106358",63,53,10
"S00106359",127,80,47
"S00106360",87,46,41
"S00106361",71,48,23
"S00106362",98,76,22
"S00106363",44,39,5
"S00106364",76,44,32
"S00106365",83,27,56
"S00106366",78,42,36
"S00106367",59,33,26
"S00106368",66,38,28
"S00106369",74,40,34
"S00106370",92,36,56
"S00106371",72,51,21
"S00106372",78,48,30
"S00106373",136,100,36
"S00106374",121,69,52
"S00106375",101,41,60
"S00106376",112,58,54
"S00106377",95,51,44
"S00106378",86,40,46
"S00106379",109,51,58
"S00106380",101,35,66
"S00106381",73,41,32
"S00106382",103,56,47
"S00106383",121,81,40
"S00106384",53,33,20
"S00106385",116,66,50
"S00106386",55,33,22
"S00106387",110,70,40
"S00106388",71,49,22
"S00106389",58,42,16
"S00106390",96,64,32
"S00106391",51,36,15
"S00106392",102,79,23
"S00106393",80,36,44
"S00106394",77,23,54
"S00106395",103,86,17
"S00106396",66,49,17
"S00106397",103,80,23
"S00106398",55,41,14
"S00106399",77,64,13
"S00106400",85,51,34
"S00106401",77,46,31
"S00106402",84,44,40
"S00106403",59,57,2
"S00106404",62,32,30
"S00106405",71,29,42
"S00106406",78,34,44
"S00106407",111,60,51
"S00106408",95,64,31
"S00106409",68,48,20
"S00106410",123,85,38
"S00106411",39,21,18
"S00106412",38,34,4
"S00106413",70,54,16
"S00106414",79,54,25
"S00106415",110,73,37
"S00106416",46,40,6
"S00106417",55,45,10
"S00106418",74,37,37
"S00106419",65,44,21
"S00106420",109,67,42
"S00106421",107,63,44
"S00106422",103,58,45
"S00106423",126,68,58
"S00106424",92,57,35
"S00106425",98,56,42
"S00106426",102,56,46
"S00106427",108,65,43
"S00106428",79,39,40
"S00106429",126,81,45
"S00106430",126,76,50
"S00106431",105,43,62
"S00106432",106,26,80
"S00106433",75,34,41
"S00106434",82,53,29
"S00106435",87,45,42
"S00106436",129,66,63
"S00106437",122,38,84
"S00106438",127,76,51
"S00106439",81,47,34
"S00106440",73,61,12
"S00106441",119,61,58
"S00106442",141,82,59
"S00106443",128,69,59
"S00106444",129,55,74
"S00106445",112,67,45
"S00106446",95,45,50
"S00106447",61,41,20
"S00106448",93,63,30
"S00106449",101,67,34
"S00106450",102,50,52
"S00106451",97,65,32
"S00106452",72,41,31
"S00106453",109,49,60
"S00106454",110,52,58
"S00106455",71,46,25
"S00106456",83,53,30
"S00106457",145,42,103
"S00106458",132,40,92
"S00106459",81,29,52
"S00106460",98,33,65
"S00106461",87,29,58
"S00106462",56,33,23
"S00106463",93,34,59
"S00106464",105,53,52
"S00106465",83,50,33
"S00106466",85,44,41
"S00106467",118,45,73
"S00106468",45,25,20
"S00106469",131,58,73
"S00106470",117,59,58
"S00106471",94,30,64
"S00106472",94,25,69
"S00106473",131,39,92
"S00106474",143,55,88
"S00106475",111,47,64
"S00106476",104,36,68
"S00106477",135,52,83
"S00106478",170,46,124
"S00106479",151,57,94
"S00106480",113,34,79
"S00106481",79,29,50
"S00106482",136,42,94
"S00106483",81,55,26
"S00106484",83,49,34
"S00106485",95,43,52
"S00106486",113,43,70
"S00106487",115,50,65
"S00106488",133,54,79
"S00106489",131,54,77
"S00106490",114,46,68
"S00106491",80,53,27
"S00106492",84,61,23
"S00106493",80,56,24
"S00106494",124,38,86
"S00106495",105,67,38
"S00106496",131,79,52
"S00106497",128,58,70
"S00106498",117,57,60
"S00106499",38,19,19
"S00106500",92,40,52
"S00106501",123,72,51
"S00106502",115,53,62
"S00106503",136,52,84
"S00106504",83,45,38
"S00106505",140,67,73
"S00106506",116,42,74
"S00106507",83,25,58
"S00106508",98,49,49
"S00106509",101,56,45
"S00106510",93,56,37
"S00106511",117,40,77
"S00106512",94,29,65
"S00106513",95,72,23
"S00106514",58,52,6
"S00106515",81,47,34
"S00106516",77,65,12
"S00106517",71,59,12
"S00106518",99,70,29
"S00106519",76,44,32
"S00106520",82,73,9
"S00106521",49,23,26
"S00106522",67,47,20
"S00106523",75,48,27
"S00106524",86,63,23
"S00106525",99,75,24
"S00106526",107,94,13
"S00106527",80,69,11
"S00106528",127,106,21
"S00106529",74,60,14
"S00106530",87,75,12
"S00106531",93,81,12
"S00106532",97,83,14
"S00106533",147,108,39
"S00106534",82,53,29
"S00106535",74,54,20
"S00106536",67,49,18
"S00106537",42,36,6
"S00106538",98,72,26
"S00106539",56,42,14
"S00106540",85,61,24
"S00106541",69,59,10
"S00106542",130,108,22
"S00106543",97,82,15
"S00106544",61,47,14
"S00106545",85,71,14
"S00106546",51,49,2
"S00106547",119,101,18
"S00106548",70,62,8
"S00106549",113,98,15
"S00106550",82,40,42
"S00106551",70,19,51
"S00106552",81,35,46
"S00106553",61,12,49
"S00106554",49,24,25
"S00106555",75,29,46
"S00106556",71,32,39
"S00106557",73,38,35
"S00106558",88,65,23
"S00106559",92,74,18
"S00106560",78,66,12
"S00106561",72,12,60
"S00106562",80,36,44
"S00106563",56,34,22
"S00106564",83,81,2
"S00106565",97,73,24
"S00106566",48,29,19
"S00106567",68,33,35
"S00106568",114,69,45
"S00106569",143,48,95
"S00106570",79,22,57
"S00106571",58,34,24
"S00106572",96,73,23
"S00106573",128,109,19
"S00106574",87,64,23
"S00106575",62,36,26
"S00106576",44,26,18
"S00106577",60,39,21
"S00106578",67,52,15
"S00106579",59,39,20
"S00106580",92,70,22
"S00106581",59,46,13
"S00106582",52,36,16
"S00106583",99,41,58
"S00106584",123,95,28
"S00106585",107,78,29
"S00106586",80,64,16
"S00106587",76,48,28
"S00106588",79,63,16
"S00106589",72,40,32
"S00106590",85,57,28
"S00106591",101,65,36
"S00106592",42,30,12
"S00106593",69,23,46
"S00106594",97,39,58
"S00106595",55,39,16
"S00106596",78,45,33
"S00106597",84,34,50
"S00106598",45,16,29
"S00106599",72,46,26
"S00106600",72,32,40
"S00106601",71,37,34
"S00106602",50,30,20
"S00106603",81,27,54
"S00106604",53,22,31
"S00106605",47,15,32
"S00106606",105,19,86
"S00106607",43,11,32
"S00106608",57,15,42
"S00106609",54,14,40
"S00106610",110,26,84
"S00106611",137,56,81
"S00106612",59,41,18
"S00106613",87,59,28
"S00106614",61,37,24
"S00106615",103,59,44
"S00106616",51,39,12
"S00106617",45,15,30
"S00106618",93,35,58
"S00106619",101,84,17
"S00106620",116,88,28
"S00106621",78,16,62
"S00106622",76,38,38
"S00106623",93,40,53
"S00106624",87,45,42
"S00106625",54,20,34
"S00106626",96,28,68
"S00106627",49,13,36
"S00106628",60,38,22
"S00106629",100,51,49
"S00106630",55,31,24
"S00106631",104,59,45
"S00106632",71,29,42
"S00106633",88,62,26
"S00106634",56,36,20
"S00106635",87,37,50
"S00106636",55,27,28
"S00106637",109,56,53
"S00106638",46,23,23
"S00106639",83,66,17
"S00106640",63,34,29
"S00106641",74,60,14
"S00106642",112,61,51
"S00106643",136,91,45
"S00106644",86,64,22
"S00106645",52,40,12
"S00106646",73,40,33
"S00106647",68,45,23
"S00106648",87,69,18
"S00106649",87,55,32
"S00106650",103,63,40
"S00106651",69,26,43
"S00106652",80,68,12
"S00106653",109,52,57
"S00106654",54,22,32
"S00106655",51,27,24
"S00106656",52,38,14
"S00106657",96,71,25
"S00106658",101,65,36
"S00106659",65,45,20
"S00106660",61,44,17
"S00106661",201,147,54
"S00106662",138,56,82
"S00106663",104,41,63
"S00106664",128,89,39
"S00106665",103,58,45
"S00106666",108,69,39
"S00106667",70,44,26
"S00106668",94,58,36
"S00106669",77,28,49
"S00106670",92,42,50
"S00106671",58,24,34
"S00106672",63,21,42
"S00106673",75,45,30
"S00106674",67,43,24
"S00106675",70,20,50
"S00106676",89,42,47
"S00106677",66,46,20
"S00106678",81,32,49
"S00106679",92,38,54
"S00106680",50,24,26
"S00106681",89,51,38
"S00106682",65,54,11
"S00106683",107,83,24
"S00106684",72,63,9
"S00106685",50,24,26
"S00106686",76,48,28
"S00106687",49,38,11
"S00106688",55,22,33
"S00106689",60,15,45
"S00106690",58,25,33
"S00106691",67,27,40
"S00106692",107,51,56
"S00106693",77,45,32
"S00106694",84,56,28
"S00106695",95,82,13
"S00106696",88,55,33
"S00106697",72,58,14
"S00106698",71,48,23
"S00106699",81,53,28
"S00106700",83,50,33
"S00106701",68,35,33
"S00106702",82,58,24
"S00106703",106,41,65
"S00106704",78,26,52
"S00106705",45,15,30
"S00106706",93,32,61
"S00106707",53,18,35
"S00106708",79,56,23
"S00106709",56,23,33
"S00106710",72,45,27
"S00106711",125,58,67
"S00106712",79,26,53
"S00106713",69,32,37
"S00106714",124,29,95
"S00106715",53,28,25
"S00106716",49,21,28
"S00106717",98,90,8
"S00106718",66,39,27
"S00106719",84,40,44
"S00106720",111,72,39
"S00106721",162,118,44
"S00106722",72,29,43
"S00106723",69,60,9
"S00106724",61,38,23
"S00106725",123,107,16
"S00106726",89,79,10
"S00106727",77,61,16
"S00106728",77,49,28
"S00106729",54,34,20
"S00106730",131,86,45
"S00106731",63,28,35
"S00106732",52,36,16
"S00106733",66,57,9
"S00106734",103,88,15
"S00106735",79,72,7
"S00106736",129,111,18
"S00106737",104,95,9
"S00106738",112,95,17
"S00106739",148,139,9
"S00106740",52,19,33
"S00106741",66,40,26
"S00106742",45,27,18
"S00106743",123,87,36
"S00106744",91,75,16
"S00106745",58,51,7
"S00106746",94,70,24
"S00106747",61,33,28
"S00106748",113,59,54
"S00106749",58,26,32
"S00106750",66,46,20
"S00106751",71,52,19
"S00106752",90,65,25
"S00106753",102,86,16
"S00106754",104,88,16
"S00106755",82,72,10
"S00106756",75,59,16
"S00106757",61,44,17
"S00106758",72,65,7
"S00106759",67,53,14
"S00106760",96,66,30
"S00106761",52,39,13
"S00106762",85,65,20
"S00106763",83,65,18
"S00106764",54,38,16
"S00106765",58,44,14
"S00106766",69,52,17
"S00106767",75,55,20
"S00106768",53,35,18
"S00106769",89,72,17
"S00106770",81,68,13
"S00106771",104,83,21
"S00106772",61,46,15
"S00106773",76,69,7
"S00106774",88,70,18
"S00106775",56,42,14
"S00106776",56,36,20
"S00106777",60,41,19
"S00106778",48,30,18
"S00106779",77,49,28
"S00106780",108,85,23
"S00106781",50,38,12
"S00106782",55,43,12
"S00106783",93,66,27
"S00106784",47,35,12
"S00106785",55,50,5
"S00106786",93,79,14
"S00106787",107,95,12
"S00106788",104,92,12
"S00106789",74,67,7
"S00106790",42,38,4
"S00106791",100,79,21
"S00106792",82,62,20
"S00106793",65,49,16
"S00106794",100,76,24
"S00106795",90,75,15
"S00106796",106,92,14
"S00106797",47,32,15
"S00106798",77,71,6
"S00106799",63,50,13
"S00106800",66,54,12
"S00106801",69,66,3
"S00106802",119,103,16
"S00106803",81,68,13
"S00106804",62,43,19
"S00106805",75,63,12
"S00106806",53,47,6
"S00106807",82,70,12
"S00106808",68,59,9
"S00106809",70,60,10
"S00106810",63,53,10
"S00106811",47,41,6
"S00106812",92,68,24
"S00106813",58,54,4
"S00106814",72,58,14
"S00106815",66,54,12
"S00106816",47,33,14
"S00106817",63,35,28
"S00106818",53,40,13
"S00106819",98,72,26
"S00106820",50,44,6
"S00106821",82,48,34
"S00106822",70,28,42
"S00106823",82,30,52
"S00106824",109,57,52
"S00106825",100,68,32
"S00106826",57,39,18
"S00106827",72,47,25
"S00106828",51,33,18
"S00106829",87,66,21
"S00106830",51,33,18
"S00106831",91,74,17
"S00106832",87,64,23
"S00106833",77,57,20
"S00106834",97,72,25
"S00106835",47,30,17
"S00106836",97,39,58
"S00106837",63,29,34
"S00106838",89,71,18
"S00106839",94,68,26
"S00106840",128,38,90
"S00106841",118,44,74
"S00106842",88,50,38
"S00106843",63,25,38
"S00106844",45,43,2
"S00106845",54,49,5
"S00106846",86,34,52
"S00106847",68,34,34
"S00106848",56,16,40
"S00106849",115,45,70
"S00106850",72,50,22
"S00106851",104,36,68
"S00106852",40,26,14
"S00106853",120,59,61
"S00106854",85,59,26
"S00106855",56,42,14
"S00106856",109,103,6
"S00106857",88,76,12
"S00106858",100,82,18
"S00106859",55,40,15
"S00106860",83,69,14
"S00106861",90,80,10
"S00106862",59,14,45
"S00106863",98,51,47
"S00106864",74,33,41
"S00106865",105,38,67
"S00106866",85,36,49
"S00106867",112,37,75
"S00106868",117,24,93
"S00106869",68,27,41
"S00106870",83,43,40
"S00106871",464,433,31
"S00106872",75,71,4
"S00106873",268,263,5
"S00106874",103,85,18
"S00106875",68,56,12
"S00106876",51,44,7
"S00106877",97,91,6
"S00106878",74,67,7
"S00106879",174,169,5
"S00106880",99,94,5
"S00106881",82,55,27
"S00106882",100,61,39
"S00106883",156,117,39
"S00106884",103,82,21
"S00106885",91,77,14
"S00106886",101,81,20
"S00106887",61,59,2
"S00106888",73,63,10
"S00106889",51,47,4
"S00106890",91,65,26
"S00106891",100,73,27
"S00106892",91,65,26
"S00106893",113,82,31
"S00106894",121,85,36
"S00106895",81,71,10
"S00106896",69,43,26
"S00106897",92,49,43
"S00106898",87,66,21
"S00106899",59,47,12
"S00106900",88,68,20
"S00106901",56,39,17
"S00106902",126,85,41
"S00106903",52,24,28
"S00106904",105,75,30
"S00106905",80,66,14
"S00106906",82,64,18
"S00106907",99,59,40
"S00106908",146,80,66
"S00106909",112,102,10
"S00106910",122,103,19
"S00106911",102,88,14
"S00106912",102,91,11
"S00106913",89,81,8
"S00106914",79,77,2
"S00106915",78,62,16
"S00106916",103,88,15
"S00106917",301,284,17
"S00106918",108,98,10
"S00106919",305,287,18
"S00106920",91,74,17
"S00106921",126,102,24
"S00106922",91,80,11
"S00106923",94,89,5
"S00106924",404,369,35
"S00106925",127,105,22
"S00106926",283,278,5
"S00106927",93,69,24
"S00106928",103,87,16
"S00106929",55,39,16
"S00106930",78,67,11
"S00106931",174,159,15
"S00106932",348,336,12
"S00106933",69,46,23
"S00106934",80,49,31
"S00106935",80,56,24
"S00106936",63,50,13
"S00106937",78,60,18
"S00106938",55,40,15
"S00106939",66,56,10
"S00106940",71,47,24
"S00106941",47,35,12
"S00106942",108,91,17
"S00106943",54,20,34
"S00106944",87,56,31
"S00106945",81,64,17
"S00106946",72,39,33
"S00106947",90,40,50
"S00106948",78,40,38
"S00106949",98,63,35
"S00106950",46,30,16
"S00106951",86,61,25
"S00106952",90,75,15
"S00106953",78,66,12
"S00106954",105,77,28
"S00106955",48,37,11
"S00106956",81,38,43
"S00106957",114,57,57
"S00106958",56,20,36
"S00106959",108,25,83
"S00106960",95,57,38
"S00106961",96,64,32
"S00106962",104,74,30
"S00106963",121,88,33
"S00106964",67,47,20
"S00106965",95,64,31
"S00106966",87,63,24
"S00106967",63,50,13
"S00106968",123,70,53
"S00106969",92,62,30
"S00106970",119,86,33
"S00106971",101,69,32
"S00106972",94,43,51
"S00106973",91,61,30
"S00106974",100,62,38
"S00106975",100,58,42
"S00106976",109,76,33
"S00106977",99,41,58
"S00106978",83,31,52
"S00106979",64,47,17
"S00106980",101,56,45
"S00106981",79,43,36
"S00106982",57,41,16
"S00106983",68,39,29
"S00106984",84,39,45
"S00106985",119,92,27
"S00106986",71,67,4
"S00106987",78,55,23
"S00106988",80,61,19
"S00106989",42,26,16
"S00106990",54,46,8
"S00106991",63,49,14
"S00106992",101,67,34
"S00106993",66,33,33
"S00106994",82,48,34
"S00106995",131,83,48
"S00106996",130,72,58
"S00106997",63,53,10
"S00106998",55,37,18
"S00106999",102,60,42
"S00107000",52,19,33
"S00107001",82,47,35
"S00107002",63,46,17
"S00107003",67,49,18
"S00107004",90,66,24
"S00107005",116,98,18
"S00107006",90,68,22
"S00107007",52,34,18
"S00107008",130,98,32
"S00107009",52,48,4
"S00107010",87,65,22
"S00107011",65,29,36
"S00107012",53,49,4
"S00107013",135,117,18
"S00107014",139,112,27
"S00107015",114,82,32
"S00107016",83,64,19
"S00107017",46,27,19
"S00107018",125,84,41
"S00107019",102,89,13
"S00107020",54,38,16
"S00107021",74,54,20
"S00107022",53,49,4
"S00107023",64,34,30
"S00107024",52,50,2
"S00107025",72,47,25
"S00107026",59,42,17
"S00107027",109,60,49
"S00107028",74,54,20
"S00107029",71,55,16
"S00107030",75,61,14
"S00107031",89,63,26
"S00107032",133,105,28
"S00107033",86,61,25
"S00107034",116,66,50
"S00107035",82,54,28
"S00107036",66,33,33
"S00107037",118,76,42
"S00107038",57,47,10
"S00107039",68,45,23
"S00107040",63,37,26
"S00107041",78,59,19
"S00107042",68,38,30
"S00107043",79,55,24
"S00107044",55,31,24
"S00107045",89,69,20
"S00107046",52,33,19
"S00107047",115,75,40
"S00107048",129,110,19
"S00107049",84,61,23
"S00107050",82,65,17
"S00107051",100,74,26
"S00107052",98,79,19
"S00107053",98,85,13
"S00107054",46,37,9
"S00107055",110,82,28
"S00107056",123,104,19
"S00107057",64,44,20
"S00107058",86,66,20
"S00107059",76,55,21
"S00107060",57,38,19
"S00107061",114,93,21
"S00107062",78,69,9
"S00107063",74,38,36
"S00107064",53,41,12
"S00107065",112,82,30
"S00107066",114,76,38
"S00107067",61,44,17
"S00107068",60,48,12
"S00107069",103,83,20
"S00107070",84,73,11
"S00107071",83,59,24
"S00107072",109,70,39
"S00107073",46,36,10
"S00107074",120,86,34
"S00107075",160,120,40
"S00107076",125,100,25
"S00107077",93,71,22
"S00107078",140,103,37
"S00107079",59,41,18
"S00107080",96,77,19
"S00107081",89,69,20
"S00107082",128,102,26
"S00107083",117,85,32
"S00107084",107,67,40
"S00107085",86,61,25
"S00107086",83,42,41
"S00107087",103,68,35
"S00107088",114,97,17
"S00107089",100,82,18
"S00107090",128,96,32
"S00107091",52,39,13
"S00107092",91,77,14
"S00107093",74,57,17
"S00107094",90,56,34
"S00107095",81,68,13
"S00107096",160,108,52
"S00107097",81,64,17
"S00107098",94,49,45
"S00107099",100,79,21
"S00107100",90,51,39
"S00107101",64,39,25
"S00107102",110,57,53
"S00107103",118,51,67
"S00107104",103,51,52
"S00107105",94,38,56
"S00107106",69,55,14
"S00107107",189,154,35
"S00107108",70,59,11
"S00107109",64,41,23
"S00107110",69,59,10
"S00107111",97,73,24
"S00107112",93,51,42
"S00107113",63,46,17
"S00107114",78,52,26
"S00107115",71,62,9
"S00107116",118,86,32
"S00107117",76,60,16
"S00107118",77,59,18
"S00107119",105,82,23
"S00107120",90,66,24
"S00107121",51,45,6
"S00107122",127,105,22
"S00107123",58,50,8
"S00107124",74,58,16
"S00107125",69,63,6
"S00107126",62,56,6
"S00107127",102,87,15
"S00107128",90,70,20
"S00107129",154,114,40
"S00107130",101,86,15
"S00107131",72,47,25
"S00107132",148,113,35
"S00107133",63,47,16
"S00107134",102,73,29
"S00107135",112,81,31
"S00107136",60,35,25
"S00107137",50,40,10
"S00107138",103,88,15
"S00107139",124,96,28
"S00107140",83,78,5
"S00107141",69,47,22
"S00107142",67,56,11
"S00107143",72,61,11
"S00107144",88,81,7
"S00107145",67,55,12
"S00107146",62,47,15
"S00107147",52,41,11
"S00107148",149,120,29
"S00107149",69,53,16
"S00107150",63,61,2
"S00107151",50,44,6
"S00107152",69,50,19
"S00107153",72,56,16
"S00107154",60,42,18
"S00107155",82,72,10
"S00107156",113,87,26
"S00107157",99,70,29
"S00107158",72,49,23
"S00107159",83,63,20
"S00107160",102,89,13
"S00107161",97,83,14
"S00107162",146,107,39
"S00107163",92,69,23
"S00107164",53,23,30
"S00107165",135,98,37
"S00107166",52,41,11
"S00107167",43,27,16
"S00107168",58,50,8
"S00107169",78,66,12
"S00107170",49,35,14
"S00107171",99,67,32
"S00107172",54,44,10
"S00107173",82,57,25
"S00107174",92,70,22
"S00107175",113,81,32
"S00107176",62,19,43
"S00107177",73,60,13
"S00107178",55,16,39
"S00107179",82,64,18
"S00107180",107,76,31
"S00107181",52,38,14
"S00107182",101,46,55
"S00107183",52,38,14
"S00107184",124,91,33
"S00107185",114,73,41
"S00107186",114,65,49
"S00107187",138,85,53
"S00107188",146,85,61
"S00107189",49,30,19
"S00107190",94,65,29
"S00107191",84,53,31
"S00107192",93,49,44
"S00107193",55,18,37
"S00107194",117,59,58
"S00107195",54,34,20
"S00107196",49,41,8
"S00107197",57,47,10
"S00107198",67,47,20
"S00107199",130,118,12
"S00107200",78,51,27
"S00107201",84,70,14
"S00107202",69,55,14
"S00107203",154,129,25
"S00107204",83,63,20
"S00107205",58,47,11
"S00107206",81,70,11
"S00107207",80,69,11
"S00107208",141,110,31
"S00107209",98,78,20
"S00107210",106,90,16
"S00107211",86,68,18
"S00107212",72,54,18
"S00107213",94,77,17
"S00107214",120,88,32
"S00107215",183,178,5
"S00107216",82,73,9
"S00107217",114,108,6
"S00107218",232,223,9
"S00107219",140,117,23
"S00107220",114,102,12
"S00107221",76,65,11
"S00107222",106,91,15
"S00107223",120,112,8
"S00107224",79,70,9
"S00107225",64,54,10
"S00107226",63,45,18
"S00107227",94,79,15
"S00107228",244,236,8
"S00107229",52,47,5
"S00107230",95,68,27
"S00107231",185,166,19
"S00107232",85,77,8
"S00107233",128,105,23
"S00107234",80,54,26
"S00107235",65,40,25
"S00107236",84,52,32
"S00107237",134,88,46
"S00107238",141,128,13
"S00107239",96,80,16
"S00107240",93,91,2
"S00107241",143,119,24
"S00107242",83,40,43
"S00107243",89,73,16
"S00107244",69,45,24
"S00107245",132,113,19
"S00107246",120,74,46
"S00107247",145,131,14
"S00107248",142,130,12
"S00107249",108,21,87
"S00107250",91,65,26
"S00107251",88,67,21
"S00107252",67,39,28
"S00107253",148,95,53
"S00107254",83,32,51
"S00107255",50,20,30
"S00107256",125,60,65
"S00107257",75,50,25
"S00107258",59,41,18
"S00107259",82,52,30
"S00107260",54,31,23
"S00107261",102,64,38
"S00107262",60,42,18
"S00107263",48,29,19
"S00107264",97,63,34
"S00107265",85,43,42
"S00107266",65,20,45
"S00107267",109,95,14
"S00107268",132,107,25
"S00107269",70,54,16
"S00107270",120,33,87
"S00107271",127,56,71
"S00107272",77,28,49
"S00107273",52,26,26
"S00107274",60,52,8
"S00107275",78,60,18
"S00107276",115,79,36
"S00107277",61,42,19
"S00107278",125,85,40
"S00107279",64,45,19
"S00107280",104,35,69
"S00107281",336,268,68
"S00107282",113,32,81
"S00107283",53,31,22
"S00107284",98,28,70
"S00107285",90,22,68
"S00107286",119,32,87
"S00107287",71,26,45
"S00107288",111,33,78
"S00107289",105,36,69
"S00107290",61,29,32
"S00107291",93,41,52
"S00107292",96,44,52
"S00107293",76,46,30
"S00107294",138,41,97
"S00107295",117,23,94
"S00107296",124,40,84
"S00107297",140,38,102
"S00107298",87,71,16
"S00107299",104,82,22
"S00107300",86,74,12
"S00107301",147,112,35
"S00107302",83,59,24
"S00107303",70,61,9
"S00107304",87,76,11
"S00107305",88,54,34
"S00107306",50,33,17
"S00107307",74,60,14
"S00107308",193,187,6
"S00107309",114,90,24
"S00107310",118,98,20
"S00107311",98,65,33
"S00107312",65,49,16
"S00107313",131,84,47
"S00107314",52,44,8
"S00107315",84,74,10
"S00107316",69,67,2
"S00107317",81,61,20
"S00107318",116,88,28
"S00107319",70,66,4
"S00107320",71,48,23
"S00107321",56,47,9
"S00107322",106,90,16
"S00107323",63,49,14
"S00107324",115,97,18
"S00107325",115,93,22
"S00107326",114,93,21
"S00107327",127,114,13
"S00107328",88,58,30
"S00107329",63,51,12
"S00107330",94,74,20
"S00107331",76,62,14
"S00107332",92,77,15
"S00107333",96,80,16
"S00107334",133,95,38
"S00107335",70,59,11
"S00107336",57,36,21
"S00107337",102,69,33
"S00107338",89,64,25
"S00107339",63,57,6
"S00107340",96,87,9
"S00107341",112,91,21
"S00107342",56,35,21
"S00107343",90,46,44
"S00107344",129,67,62
"S00107345",67,50,17
"S00107346",56,41,15
"S00107347",81,49,32
"S00107348",62,51,11
"S00107349",106,86,20
"S00107350",114,70,44
"S00107351",45,32,13
"S00107352",50,39,11
"S00107353",82,65,17
"S00107354",97,83,14
"S00107355",82,77,5
"S00107356",102,68,34
"S00107357",99,61,38
"S00107358",48,42,6
"S00107359",51,26,25
"S00107360",90,40,50
"S00107361",86,41,45
"S00107362",82,46,36
"S00107363",76,26,50
"S00107364",76,28,48
"S00107365",75,29,46
"S00107366",98,37,61
"S00107367",73,44,29
"S00107368",78,59,19
"S00107369",56,28,28
"S00107370",111,81,30
"S00107371",68,46,22
"S00107372",98,66,32
"S00107373",122,87,35
"S00107374",108,77,31
"S00107375",88,71,17
"S00107376",91,50,41
"S00107377",67,63,4
"S00107378",51,23,28
"S00107379",64,39,25
"S00107380",52,14,38
"S00107381",110,51,59
"S00107382",92,54,38
"S00107383",46,26,20
"S00107384",182,128,54
"S00107385",93,63,30
"S00107386",94,75,19
"S00107387",49,23,26
"S00107388",96,61,35
"S00107389",59,26,33
"S00107390",76,27,49
"S00107391",102,38,64
"S00107392",62,40,22
"S00107393",84,45,39
"S00107394",91,52,39
"S00107395",66,44,22
"S00107396",119,46,73
"S00107397",48,38,10
"S00107398",96,46,50
"S00107399",49,29,20
"S00107400",83,54,29
"S00107401",61,28,33
"S00107402",145,61,84
"S00107403",103,52,51
"S00107404",73,49,24
"S00107405",96,47,49
"S00107406",92,42,50
"S00107407",124,60,64
"S00107408",105,52,53
"S00107409",137,57,80
"S00107410",87,27,60
"S00107411",89,18,71
"S00107412",73,51,22
"S00107413",86,44,42
"S00107414",52,32,20
"S00107415",75,59,16
"S00107416",62,38,24
"S00107417",122,70,52
"S00107418",83,71,12
"S00107419",148,19,129
"S00107420",143,44,99
"S00107421",103,33,70
"S00107422",174,50,124
"S00107423",115,63,52
"S00107424",69,56,13
"S00107425",57,35,22
"S00107426",81,51,30
"S00107427",117,54,63
"S00107428",70,24,46
"S00107429",67,37,30
"S00107430",88,78,10
"S00107431",96,72,24
"S00107432",105,90,15
"S00107433",101,78,23
"S00107434",52,45,7
"S00107435",145,112,33
"S00107436",117,94,23
"S00107437",91,68,23
"S00107438",144,105,39
"S00107439",68,54,14
"S00107440",131,96,35
"S00107441",125,86,39
"S00107442",54,32,22
"S00107443",77,56,21
"S00107444",171,48,123
"S00107445",61,56,5
"S00107446",59,42,17
"S00107447",53,33,20
"S00107448",123,74,49
"S00107449",92,62,30
"S00107450",132,35,97
"S00107451",95,26,69
"S00107452",87,33,54
"S00107453",122,26,96
"S00107454",157,53,104
"S00107455",59,21,38
"S00107456",67,34,33
"S00107457",92,54,38
"S00107458",104,30,74
"S00107459",116,77,39
"S00107460",82,40,42
"S00107461",73,43,30
"S00107462",80,44,36
"S00107463",157,99,58
"S00107464",98,42,56
"S00107465",125,60,65
"S00107466",135,48,87
"S00107467",63,26,37
"S00107468",58,42,16
"S00107469",61,36,25
"S00107470",64,46,18
"S00107471",95,53,42
"S00107472",82,49,33
"S00107473",76,41,35
"S00107474",68,28,40
"S00107475",98,48,50
"S00107476",86,35,51
"S00107477",54,40,14
"S00107478",76,29,47
"S00107479",97,37,60
"S00107480",72,33,39
"S00107481",86,59,27
"S00107482",103,46,57
"S00107483",109,59,50
"S00107484",63,34,29
"S00107485",100,84,16
"S00107486",63,54,9
"S00107487",110,69,41
"S00107488",193,148,45
"S00107489",85,70,15
"S00107490",69,55,14
"S00107491",104,72,32
"S00107492",71,47,24
"S00107493",96,59,37
"S00107494",47,36,11
"S00107495",68,45,23
"S00107496",133,65,68
"S00107497",69,50,19
"S00107498",50,42,8
"S00107499",89,57,32
"S00107500",75,45,30
"S00107501",121,72,49
"S00107502",45,30,15
"S00107503",81,65,16
"S00107504",71,49,22
"S00107505",126,83,43
"S00107506",81,52,29
"S00107507",117,61,56
"S00107508",133,54,79
"S00107509",112,48,64
"S00107510",65,35,30
"S00107511",76,33,43
"S00107512",134,87,47
"S00107513",83,62,21
"S00107514",118,86,32
"S00107515",62,49,13
"S00107516",79,62,17
"S00107517",84,64,20
"S00107518",179,162,17
"S00107519",75,29,46
"S00107520",152,38,114
"S00107521",105,38,67
"S00107522",108,54,54
"S00107523",150,70,80
"S00107524",145,84,61
"S00107525",128,49,79
"S00107526",93,36,57
"S00107527",42,16,26
"S00107528",50,27,23
"S00107529",90,38,52
"S00107530",161,63,98
"S00107531",89,25,64
"S00107532",95,36,59
"S00107533",95,31,64
"S00107534",125,43,82
"S00107535",118,56,62
"S00107536",72,38,34
"S00107537",93,66,27
"S00107538",56,32,24
"S00107539",70,42,28
"S00107540",98,54,44
"S00107541",108,49,59
"S00107542",124,44,80
"S00107543",115,55,60
"S00107544",116,54,62
"S00107545",80,42,38
"S00107546",119,48,71
"S00107547",123,38,85
"S00107548",80,44,36
"S00107549",58,38,20
"S00107550",128,65,63
"S00107551",46,26,20
"S00107552",132,77,55
"S00107553",51,27,24
"S00107554",114,64,50
"S00107555",117,59,58
"S00107556",88,64,24
"S00107557",101,77,24
"S00107558",110,80,30
"S00107559",103,63,40
"S00107560",94,58,36
"S00107561",108,62,46
"S00107562",70,30,40
"S00107563",124,69,55
"S00107564",61,22,39
"S00107565",109,41,68
"S00107566",126,64,62
"S00107567",57,23,34
"S00107568",101,31,70
"S00107569",128,60,68
"S00107570",154,42,112
"S00107571",128,43,85
"S00107572",73,39,34
"S00107573",126,40,86
"S00107574",136,48,88
"S00107575",83,30,53
"S00107576",110,44,66
"S00107577",85,41,44
"S00107578",118,32,86
"S00107579",104,26,78
"S00107580",69,37,32
"S00107581",68,41,27
"S00107582",125,43,82
"S00107583",96,30,66
"S00107584",68,27,41
"S00107585",71,35,36
"S00107586",134,116,18
"S00107587",46,36,10
"S00107588",87,69,18
"S00107589",97,84,13
"S00107590",104,64,40
"S00107591",64,53,11
"S00107592",88,56,32
"S00107593",124,82,42
"S00107594",118,90,28
"S00107595",76,61,15
"S00107596",79,62,17
"S00107597",101,83,18
"S00107598",67,39,28
"S00107599",118,84,34
"S00107600",92,90,2
"S00107601",98,71,27
"S00107602",88,48,40
"S00107603",99,26,73
"S00107604",201,71,130
"S00107605",174,43,131
"S00107606",110,52,58
"S00107607",104,90,14
"S00107608",104,84,20
"S00107609",100,78,22
"S00107610",99,61,38
"S00107611",79,64,15
"S00107612",77,48,29
"S00107613",140,81,59
"S00107614",79,44,35
"S00107615",75,39,36
"S00107616",81,42,39
"S00107617",135,40,95
"S00107618",77,20,57
"S00107619",135,59,76
"S00107620",77,27,50
"S00107621",61,44,17
"S00107622",73,66,7
"S00107623",75,68,7
"S00107624",103,96,7
"S00107625",102,42,60
"S00107626",92,31,61
"S00107627",82,34,48
"S00107628",121,30,91
"S00107629",64,32,32
"S00107630",107,55,52
"S00107631",105,62,43
"S00107632",93,20,73
"S00107633",99,62,37
"S00107634",72,32,40
"S00107635",103,47,56
"S00107636",78,28,50
"S00107637",121,64,57
"S00107638",71,25,46
"S00107639",51,20,31
"S00107640",75,33,42
"S00107641",134,69,65
"S00107642",98,40,58
"S00107643",125,49,76
"S00107644",174,68,106
"S00107645",156,58,98
"S00107646",62,18,44
"S00107647",91,38,53
"S00107648",69,27,42
"S00107649",102,50,52
"S00107650",87,31,56
"S00107651",144,52,92
"S00107652",108,31,77
"S00107653",91,51,40
"S00107654",91,57,34
"S00107655",53,21,32
"S00107656",83,27,56
"S00107657",147,45,102
"S00107658",102,41,61
"S00107659",71,37,34
"S00107660",65,29,36
"S00107661",105,56,49
"S00107662",156,41,115
"S00107663",173,115,58
"S00107664",142,44,98
"S00107665",115,28,87
"S00107666",104,42,62
"S00107667",118,36,82
"S00107668",145,44,101
"S00107669",113,29,84
"S00107670",94,40,54
"S00107671",101,34,67
"S00107672",62,13,49
"S00107673",101,49,52
"S00107674",116,44,72
"S00107675",101,69,32
"S00107676",142,63,79
"S00107677",90,33,57
"S00107678",73,30,43
"S00107679",100,63,37
"S00107680",93,50,43
"S00107681",108,50,58
"S00107682",74,41,33
"S00107683",60,25,35
"S00107684",107,63,44
"S00107685",117,55,62
"S00107686",71,39,32
"S00107687",129,62,67
"S00107688",92,53,39
"S00107689",109,64,45
"S00107690",80,36,44
"S00107691",87,47,40
"S00107692",84,48,36
"S00107693",64,37,27
"S00107694",138,67,71
"S00107695",143,75,68
"S00107696",93,44,49
"S00107697",69,41,28
"S00107698",106,37,69
"S00107699",107,43,64
"S00107700",137,69,68
"S00107701",141,63,78
"S00107702",78,33,45
"S00107703",51,29,22
"S00107704",82,41,41
"S00107705",53,19,34
"S00107706",77,53,24
"S00107707",82,26,56
"S00107708",106,63,43
"S00107709",101,30,71
"S00107710",72,30,42
"S00107711",69,27,42
"S00107712",71,21,50
"S00107713",110,66,44
"S00107714",148,77,71
"S00107715",109,58,51
"S00107716",135,56,79
"S00107717",149,47,102
"S00107718",103,47,56
"S00107719",115,54,61
"S00107720",74,46,28
"S00107721",104,68,36
"S00107722",84,54,30
"S00107723",77,26,51
"S00107724",105,60,45
"S00107725",101,51,50
"S00107726",77,44,33
"S00107727",90,43,47
"S00107728",104,92,12
"S00107729",146,63,83
"S00107730",90,34,56
"S00107731",122,75,47
"S00107732",90,64,26
"S00107733",74,63,11
"S00107734",74,59,15
"S00107735",141,108,33
"S00107736",61,55,6
"S00107737",94,77,17
"S00107738",56,34,22
"S00107739",56,34,22
"S00107740",51,35,16
"S00107741",50,29,21
"S00107742",53,41,12
"S00107743",51,35,16
"S00107744",54,28,26
"S00107745",52,33,19
"S00107746",57,34,23
"S00107747",53,35,18
"S00107748",53,35,18
"S00107749",56,29,27
"S00107750",53,29,24
"S00107751",50,36,14
"S00107752",68,51,17
"S00107753",50,37,13
"S00107754",131,65,66
"S00107755",50,26,24
"S00107756",95,31,64
"S00107757",134,62,72
"S00107758",107,49,58
"S00107759",56,52,4
"S00107760",82,54,28
"S00107761",113,48,65
"S00107762",80,53,27
"S00107763",110,52,58
"S00107764",88,45,43
"S00107765",102,55,47
"S00107766",97,49,48
"S00107767",169,89,80
"S00107768",144,79,65
"S00107769",101,59,42
"S00107770",84,45,39
"S00107771",85,40,45
"S00107772",100,66,34
"S00107773",134,68,66
"S00107774",108,47,61
"S00107775",97,57,40
"S00107776",69,59,10
"S00107777",133,79,54
"S00107778",105,55,50
"S00107779",132,96,36
"S00107780",106,75,31
"S00107781",60,38,22
"S00107782",70,57,13
"S00107783",62,48,14
"S00107784",56,47,9
"S00107785",96,52,44
"S00107786",144,110,34
"S00107787",109,51,58
"S00107788",101,42,59
"S00107789",99,51,48
"S00107790",129,78,51
"S00107791",103,75,28
"S00107792",80,61,19
"S00107793",100,76,24
"S00107794",97,73,24
"S00107795",99,64,35
"S00107796",84,44,40
"S00107797",69,35,34
"S00107798",76,50,26
"S00107799",59,35,24
"S00107800",106,64,42
"S00107801",71,20,51
"S00107802",59,29,30
"S00107803",50,34,16
"S00107804",102,22,80
"S00107805",137,83,54
"S00107806",107,69,38
"S00107807",43,23,20
"S00107808",49,20,29
"S00107809",72,35,37
"S00107810",82,39,43
"S00107811",131,69,62
"S00107812",124,59,65
"S00107813",97,47,50
"S00107814",81,41,40
"S00107815",77,43,34
"S00107816",98,34,64
"S00107817",79,24,55
"S00107818",96,46,50
"S00107819",74,37,37
"S00107820",64,38,26
"S00107821",92,62,30
"S00107822",77,38,39
"S00107823",77,53,24
"S00107824",101,38,63
"S00107825",76,30,46
"S00107826",98,30,68
"S00107827",85,31,54
"S00107828",116,82,34
"S00107829",85,27,58
"S00107830",92,52,40
"S00107831",113,56,57
"S00107832",81,35,46
"S00107833",126,58,68
"S00107834",77,47,30
"S00107835",60,43,17
"S00107836",118,68,50
"S00107837",84,52,32
"S00107838",120,63,57
"S00107839",123,47,76
"S00107840",139,47,92
"S00107841",80,24,56
"S00107842",77,37,40
"S00107843",109,59,50
"S00107844",64,21,43
"S00107845",57,19,38
"S00107846",78,24,54
"S00107847",98,75,23
"S00107848",94,20,74
"S00107849",139,56,83
"S00107850",90,35,55
"S00107851",91,30,61
"S00107852",93,27,66
"S00107853",92,33,59
"S00107854",113,33,80
"S00107855",65,27,38
"S00107856",109,35,74
"S00107857",80,48,32
"S00107858",68,28,40
"S00107859",80,50,30
"S00107860",67,48,19
"S00107861",74,52,22
"S00107862",68,47,21
"S00107863",100,35,65
"S00107864",97,44,53
"S00107865",98,42,56
"S00107866",83,58,25
"S00107867",107,79,28
"S00107868",52,42,10
"S00107869",102,73,29
"S00107870",112,64,48
"S00107871",66,46,20
"S00107872",86,49,37
"S00107873",52,31,21
"S00107874",87,59,28
"S00107875",69,45,24
"S00107876",47,29,18
"S00107877",80,46,34
"S00107878",49,37,12
"S00107879",47,37,10
"S00107880",103,74,29
"S00107881",56,30,26
"S00107882",54,46,8
"S00107883",72,53,19
"S00107884",104,35,69
"S00107885",94,66,28
"S00107886",122,81,41
"S00107887",103,50,53
"S00107888",108,56,52
"S00107889",114,78,36
"S00107890",83,61,22
"S00107891",78,47,31
"S00107892",75,60,15
"S00107893",84,58,26
"S00107894",61,48,13
"S00107895",64,46,18
"S00107896",56,38,18
"S00107897",81,49,32
"S00107898",49,48,1
"S00107899",59,43,16
"S00107900",57,41,16
"S00107901",81,60,21
"S00107902",61,42,19
"S00107903",95,57,38
"S00107904",87,70,17
"S00107905",104,69,35
"S00107906",75,47,28
"S00107907",70,24,46
"S00107908",55,21,34
"S00107909",109,50,59
"S00107910",104,53,51
"S00107911",83,62,21
"S00107912",110,58,52
"S00107913",63,49,14
"S00107914",115,75,40
"S00107915",73,54,19
"S00107916",96,54,42
"S00107917",69,41,28
"S00107918",118,90,28
"S00107919",93,73,20
"S00107920",65,51,14
"S00107921",46,40,6
"S00107922",103,84,19
"S00107923",117,90,27
"S00107924",89,46,43
"S00107925",84,58,26
"S00107926",94,43,51
"S00107927",84,38,46
"S00107928",147,81,66
"S00107929",127,90,37
"S00107930",132,78,54
"S00107931",92,49,43
"S00107932",76,49,27
"S00107933",96,56,40
"S00107934",111,52,59
"S00107935",96,49,47
"S00107936",92,60,32
"S00107937",111,86,25
"S00107938",88,55,33
"S00107939",149,69,80
"S00107940",91,43,48
"S00107941",82,56,26
"S00107942",134,56,78
"S00107943",101,53,48
"S00107944",101,59,42
"S00107945",65,52,13
"S00107946",63,55,8
"S00107947",82,42,40
"S00107948",119,43,76
"S00107949",75,39,36
"S00107950",55,15,40
"S00107951",109,79,30
"S00107952",92,56,36
"S00107953",74,46,28
"S00107954",95,55,40
"S00107955",73,25,48
"S00107956",57,26,31
"S00107957",80,55,25
"S00107958",70,44,26
"S00107959",100,64,36
"S00107960",148,60,88
"S00107961",77,29,48
"S00107962",81,38,43
"S00107963",94,29,65
"S00107964",113,34,79
"S00107965",85,35,50
"S00107966",67,42,25
"S00107967",111,69,42
"S00107968",104,58,46
"S00107969",134,72,62
"S00107970",73,53,20
"S00107971",95,45,50
"S00107972",95,55,40
"S00107973",85,58,27
"S00107974",84,64,20
"S00107975",65,47,18
"S00107976",51,17,34
"S00107977",83,57,26
"S00107978",51,33,18
"S00107979",77,39,38
"S00107980",73,52,21
"S00107981",93,50,43
"S00107982",79,33,46
"S00107983",102,61,41
"S00107984",112,66,46
"S00107985",86,64,22
"S00107986",89,63,26
"S00107987",64,40,24
"S00107988",76,47,29
"S00107989",79,49,30
"S00107990",78,40,38
"S00107991",108,66,42
"S00107992",93,49,44
"S00107993",69,48,21
"S00107994",94,54,40
"S00107995",70,48,22
"S00107996",94,34,60
"S00107997",82,40,42
"S00107998",89,49,40
"S00107999",91,61,30
"S00108000",46,34,12
"S00108001",122,94,28
"S00108002",71,55,16
"S00108003",107,46,61
"S00108004",132,62,70
"S00108005",74,53,21
"S00108006",86,43,43
"S00108007",92,43,49
"S00108008",53,26,27
"S00108009",91,41,50
"S00108010",100,50,50
"S00108011",104,57,47
"S00108012",98,45,53
"S00108013",86,38,48
"S00108014",86,44,42
"S00108015",83,61,22
"S00108016",56,40,16
"S00108017",105,53,52
"S00108018",109,52,57
"S00108019",134,73,61
"S00108020",118,70,48
"S00108021",93,48,45
"S00108022",66,28,38
"S00108023",113,46,67
"S00108024",105,41,64
"S00108025",93,48,45
"S00108026",131,43,88
"S00108027",77,47,30
"S00108028",86,25,61
"S00108029",91,39,52
"S00108030",140,62,78
"S00108031",107,70,37
"S00108032",70,43,27
"S00108033",76,52,24
"S00108034",79,37,42
"S00108035",110,39,71
"S00108036",57,37,20
"S00108037",115,68,47
"S00108038",91,53,38
"S00108039",78,52,26
"S00108040",153,65,88
"S00108041",72,24,48
"S00108042",108,55,53
"S00108043",131,47,84
"S00108044",56,27,29
"S00108045",84,49,35
"S00108046",84,62,22
"S00108047",115,81,34
"S00108048",121,61,60
"S00108049",69,59,10
"S00108050",78,44,34
"S00108051",64,27,37
"S00108052",121,80,41
"S00108053",98,72,26
"S00108054",95,54,41
"S00108055",72,59,13
"S00108056",101,62,39
"S00108057",138,80,58
"S00108058",80,74,6
"S00108059",94,61,33
"S00108060",75,45,30
"S00108061",100,76,24
"S00108062",90,82,8
"S00108063",45,26,19
"S00108064",76,37,39
"S00108065",43,21,22
"S00108066",118,50,68
"S00108067",68,56,12
"S00108068",61,46,15
"S00108069",67,53,14
"S00108070",48,44,4
"S00108071",53,53,0
"S00108072",66,52,14
"S00108073",72,37,35
"S00108074",92,42,50
"S00108075",85,47,38
"S00108076",80,46,34
"S00108077",100,90,10
"S00108078",98,66,32
"S00108079",88,73,15
"S00108080",110,71,39
"S00108081",91,71,20
"S00108082",149,41,108
"S00108083",85,33,52
"S00108084",83,22,61
"S00108085",101,34,67
"S00108086",92,39,53
"S00108087",103,48,55
"S00108088",124,45,79
"S00108089",49,32,17
"S00108090",88,54,34
"S00108091",95,41,54
"S00108092",136,83,53
"S00108093",75,39,36
"S00108094",83,35,48
"S00108095",50,25,25
"S00108096",125,68,57
"S00108097",86,46,40
"S00108098",79,41,38
"S00108099",62,36,26
"S00108100",80,32,48
"S00108101",89,57,32
"S00108102",80,42,38
"S00108103",82,54,28
"S00108104",109,47,62
"S00108105",100,41,59
"S00108106",94,36,58
"S00108107",83,45,38
"S00108108",103,32,71
"S00108109",48,24,24
"S00108110",98,62,36
"S00108111",76,46,30
"S00108112",100,39,61
"S00108113",75,36,39
"S00108114",114,68,46
"S00108115",84,56,28
"S00108116",143,69,74
"S00108117",106,62,44
"S00108118",118,72,46
"S00108119",50,30,20
"S00108120",71,49,22
"S00108121",62,30,32
"S00108122",88,46,42
"S00108123",115,44,71
"S00108124",61,29,32
"S00108125",50,40,10
"S00108126",58,45,13
"S00108127",85,61,24
"S00108128",88,47,41
"S00108129",103,36,67
"S00108130",95,54,41
"S00108131",86,46,40
"S00108132",76,37,39
"S00108133",110,38,72
"S00108134",61,47,14
"S00108135",69,54,15
"S00108136",85,53,32
"S00108137",55,28,27
"S00108138",150,49,101
"S00108139",134,82,52
"S00108140",79,53,26
"S00108141",94,44,50
"S00108142",103,27,76
"S00108143",164,62,102
"S00108144",87,29,58
"S00108145",109,35,74
"S00108146",126,35,91
"S00108147",124,36,88
"S00108148",99,19,80
"S00108149",184,61,123
"S00108150",92,30,62
"S00108151",84,28,56
"S00108152",85,43,42
"S00108153",107,57,50
"S00108154",155,87,68
"S00108155",147,80,67
"S00108156",107,54,53
"S00108157",95,30,65
"S00108158",78,44,34
"S00108159",127,65,62
"S00108160",117,41,76
"S00108161",72,48,24
"S00108162",108,44,64
"S00108163",92,40,52
"S00108164",146,57,89
"S00108165",77,23,54
"S00108166",97,23,74
"S00108167",123,73,50
"S00108168",155,46,109
"S00108169",95,41,54
"S00108170",135,92,43
"S00108171",58,35,23
"S00108172",86,42,44
"S00108173",86,37,49
"S00108174",71,21,50
"S00108175",106,45,61
"S00108176",68,40,28
"S00108177",111,34,77
"S00108178",134,95,39
"S00108179",116,42,74
"S00108180",109,43,66
"S00108181",160,58,102
"S00108182",111,53,58
"S00108183",106,42,64
"S00108184",93,51,42
"S00108185",120,52,68
"S00108186",138,26,112
"S00108187",125,51,74
"S00108188",127,70,57
"S00108189",47,13,34
"S00108190",93,42,51
"S00108191",99,20,79
"S00108192",95,60,35
"S00108193",60,12,48
"S00108194",166,50,116
"S00108195",63,20,43
"S00108196",71,45,26
"S00108197",119,37,82
"S00108198",90,31,59
"S00108199",90,43,47
"S00108200",51,35,16
"S00108201",88,58,30
"S00108202",93,28,65
"S00108203",104,37,67
"S00108204",101,53,48
"S00108205",89,56,33
"S00108206",102,61,41
"S00108207",116,78,38
"S00108208",54,30,24
"S00108209",43,19,24
"S00108210",101,49,52
"S00108211",86,48,38
"S00108212",88,48,40
"S00108213",80,46,34
"S00108214",65,29,36
"S00108215",62,31,31
"S00108216",95,55,40
"S00108217",165,53,112
"S00108218",70,30,40
"S00108219",89,23,66
"S00108220",140,99,41
"S00108221",138,44,94
"S00108222",59,39,20
"S00108223",48,30,18
"S00108224",75,16,59
"S00108225",121,28,93
"S00108226",83,31,52
"S00108227",105,29,76
"S00108228",99,23,76
"S00108229",93,30,63
"S00108230",128,41,87
"S00108231",84,29,55
"S00108232",69,52,17
"S00108233",135,100,35
"S00108234",91,54,37
"S00108235",91,57,34
"S00108236",96,44,52
"S00108237",163,82,81
"S00108238",174,83,91
"S00108239",90,66,24
"S00108240",77,53,24
"S00108241",93,69,24
"S00108242",109,66,43
"S00108243",120,60,60
"S00108244",133,77,56
"S00108245",142,85,57
"S00108246",87,57,30
"S00108247",161,67,94
"S00108248",93,57,36
"S00108249",117,57,60
"S00108250",88,38,50
"S00108251",145,55,90
"S00108252",86,62,24
"S00108253",91,24,67
"S00108254",114,42,72
"S00108255",94,34,60
"S00108256",100,50,50
"S00108257",137,69,68
"S00108258",158,121,37
"S00108259",76,38,38
"S00108260",92,27,65
"S00108261",93,56,37
"S00108262",96,40,56
"S00108263",96,61,35
"S00108264",112,48,64
"S00108265",74,34,40
"S00108266",101,49,52
"S00108267",44,20,24
"S00108268",46,20,26
"S00108269",95,78,17
"S00108270",111,61,50
"S00108271",105,35,70
"S00108272",122,51,71
"S00108273",119,35,84
"S00108274",98,42,56
"S00108275",121,36,85
"S00108276",74,26,48
"S00108277",109,65,44
"S00108278",117,57,60
"S00108279",93,38,55
"S00108280",121,65,56
"S00108281",114,55,59
"S00108282",94,62,32
"S00108283",75,19,56
"S00108284",122,52,70
"S00108285",126,72,54
"S00108286",114,58,56
"S00108287",117,53,64
"S00108288",125,57,68
"S00108289",54,20,34
"S00108290",64,32,32
"S00108291",66,26,40
"S00108292",70,26,44
"S00108293",82,51,31
"S00108294",113,71,42
"S00108295",78,36,42
"S00108296",107,35,72
"S00108297",97,39,58
"S00108298",59,45,14
"S00108299",83,33,50
"S00108300",146,70,76
"S00108301",110,62,48
"S00108302",74,58,16
"S00108303",71,44,27
"S00108304",113,44,69
"S00108305",158,60,98
"S00108306",89,45,44
"S00108307",99,30,69
"S00108308",88,32,56
"S00108309",111,35,76
"S00108310",78,34,44
"S00108311",87,31,56
"S00108312",84,40,44
"S00108313",98,56,42
"S00108314",123,49,74
"S00108315",135,78,57
"S00108316",80,58,22
"S00108317",86,38,48
"S00108318",110,45,65
"S00108319",120,68,52
"S00108320",87,43,44
"S00108321",83,55,28
"S00108322",99,51,48
"S00108323",118,65,53
"S00108324",118,58,60
"S00108325",57,39,18
"S00108326",141,62,79
"S00108327",91,59,32
"S00108328",61,45,16
"S00108329",97,65,32
"S00108330",98,55,43
"S00108331",130,65,65
"S00108332",115,57,58
"S00108333",122,57,65
"S00108334",59,29,30
"S00108335",103,32,71
"S00108336",92,66,26
"S00108337",82,54,28
"S00108338",148,49,99
"S00108339",155,67,88
"S00108340",91,36,55
"S00108341",87,41,46
"S00108342",98,56,42
"S00108343",121,83,38
"S00108344",54,33,21
"S00108345",72,39,33
"S00108346",131,73,58
"S00108347",121,64,57
"S00108348",138,83,55
"S00108349",135,46,89
"S00108350",104,48,56
"S00108351",86,33,53
"S00108352",92,50,42
"S00108353",60,35,25
"S00108354",90,42,48
"S00108355",48,33,15
"S00108356",65,39,26
"S00108357",89,52,37
"S00108358",84,41,43
"S00108359",132,80,52
"S00108360",117,62,55
"S00108361",90,43,47
"S00108362",101,55,46
"S00108363",151,87,64
"S00108364",113,78,35
"S00108365",128,76,52
"S00108366",116,66,50
"S00108367",135,58,77
"S00108368",89,39,50
"S00108369",112,63,49
"S00108370",86,53,33
"S00108371",113,65,48
"S00108372",68,39,29
"S00108373",102,58,44
"S00108374",54,24,30
"S00108375",88,55,33
"S00108376",48,16,32
"S00108377",128,52,76
"S00108378",129,39,90
"S00108379",152,52,100
"S00108380",109,34,75
"S00108381",109,54,55
"S00108382",101,48,53
"S00108383",108,32,76
"S00108384",79,35,44
"S00108385",113,52,61
"S00108386",91,51,40
"S00108387",76,48,28
"S00108388",155,74,81
"S00108389",90,42,48
"S00108390",69,41,28
"S00108391",94,60,34
"S00108392",88,50,38
"S00108393",86,50,36
"S00108394",71,43,28
"S00108395",85,40,45
"S00108396",112,41,71
"S00108397",81,24,57
"S00108398",144,78,66
"S00108399",90,71,19
"S00108400",102,81,21
"S00108401",117,59,58
"S00108402",99,57,42
"S00108403",92,33,59
"S00108404",92,27,65
"S00108405",67,22,45
"S00108406",118,55,63
"S00108407",79,39,40
"S00108408",72,26,46
"S00108409",136,68,68
"S00108410",112,58,54
"S00108411",83,44,39
"S00108412",161,88,73
"S00108413",146,90,56
"S00108414",125,71,54
"S00108415",85,73,12
"S00108416",119,81,38
"S00108417",66,50,16
"S00108418",67,54,13
"S00108419",87,56,31
"S00108420",118,76,42
"S00108421",104,75,29
"S00108422",61,45,16
"S00108423",44,26,18
"S00108424",42,30,12
"S00108425",81,43,38
"S00108426",82,59,23
"S00108427",51,32,19
"S00108428",61,25,36
"S00108429",133,76,57
"S00108430",104,62,42
"S00108431",140,53,87
"S00108432",102,51,51
"S00108433",97,53,44
"S00108434",90,45,45
"S00108435",98,65,33
"S00108436",118,73,45
"S00108437",92,40,52
"S00108438",113,57,56
"S00108439",60,42,18
"S00108440",75,42,33
"S00108441",108,37,71
"S00108442",130,65,65
"S00108443",116,49,67
"S00108444",68,42,26
"S00108445",54,36,18
"S00108446",87,53,34
"S00108447",134,65,69
"S00108448",148,68,80
"S00108449",165,53,112
"S00108450",132,68,64
"S00108451",135,54,81
"S00108452",81,50,31
"S00108453",90,43,47
"S00108454",90,48,42
"S00108455",93,51,42
"S00108456",78,55,23
"S00108457",150,77,73
"S00108458",136,68,68
"S00108459",94,51,43
"S00108460",117,67,50
"S00108461",108,54,54
"S00108462",119,39,80
"S00108463",123,31,92
"S00108464",133,43,90
"S00108465",82,38,44
"S00108466",148,58,90
"S00108467",83,39,44
"S00108468",116,42,74
"S00108469",149,54,95
"S00108470",114,74,40
"S00108471",100,48,52
"S00108472",106,54,52
"S00108473",73,42,31
"S00108474",80,52,28
"S00108475",83,60,23
"S00108476",123,70,53
"S00108477",76,28,48
"S00108478",45,26,19
"S00108479",76,35,41
"S00108480",77,31,46
"S00108481",101,33,68
"S00108482",102,30,72
"S00108483",81,23,58
"S00108484",73,43,30
"S00108485",72,65,7
"S00108486",101,56,45
"S00108487",87,79,8
"S00108488",92,70,22
"S00108489",72,27,45
"S00108490",126,55,71
"S00108491",100,22,78
"S00108492",70,36,34
"S00108493",117,37,80
"S00108494",94,68,26
"S00108495",47,39,8
"S00108496",76,59,17
"S00108497",109,59,50
"S00108498",80,32,48
"S00108499",138,50,88
"S00108500",76,37,39
"S00108501",135,63,72
"S00108502",145,68,77
"S00108503",134,58,76
"S00108504",102,70,32
"S00108505",55,41,14
"S00108506",93,61,32
"S00108507",52,41,11
"S00108508",75,55,20
"S00108509",99,42,57
"S00108510",78,36,42
"S00108511",70,38,32
"S00108512",64,36,28
"S00108513",70,52,18
"S00108514",96,72,24
"S00108515",56,46,10
"S00108516",108,53,55
"S00108517",94,42,52
"S00108518",114,36,78
"S00108519",95,25,70
"S00108520",94,24,70
"S00108521",122,48,74
"S00108522",110,40,70
"S00108523",113,48,65
"S00108524",86,30,56
"S00108525",106,39,67
"S00108526",96,48,48
"S00108527",94,42,52
"S00108528",69,37,32
"S00108529",78,31,47
"S00108530",61,44,17
"S00108531",88,41,47
"S00108532",89,48,41
"S00108533",62,29,33
"S00108534",131,48,83
"S00108535",139,64,75
"S00108536",121,49,72
"S00108537",128,61,67
"S00108538",143,81,62
"S00108539",127,60,67
"S00108540",88,58,30
"S00108541",96,50,46
"S00108542",83,46,37
"S00108543",84,40,44
"S00108544",72,32,40
"S00108545",101,51,50
"S00108546",111,51,60
"S00108547",81,33,48
"S00108548",87,49,38
"S00108549",89,58,31
"S00108550",62,42,20
"S00108551",104,67,37
"S00108552",68,38,30
"S00108553",107,60,47
"S00108554",130,75,55
"S00108555",95,35,60
"S00108556",61,24,37
"S00108557",135,52,83
"S00108558",64,53,11
"S00108559",128,95,33
"S00108560",115,70,45
"S00108561",69,51,18
"S00108562",77,25,52
"S00108563",69,38,31
"S00108564",120,68,52
"S00108565",115,55,60
"S00108566",130,77,53
"S00108567",97,31,66
"S00108568",87,54,33
"S00108569",95,40,55
"S00108570",81,40,41
"S00108571",90,49,41
"S00108572",133,71,62
"S00108573",103,48,55
"S00108574",87,35,52
"S00108575",52,30,22
"S00108576",76,24,52
"S00108577",125,79,46
"S00108578",67,32,35
"S00108579",89,47,42
"S00108580",127,39,88
"S00108581",84,46,38
"S00108582",94,32,62
"S00108583",71,30,41
"S00108584",46,30,16
"S00108585",85,45,40
"S00108586",55,27,28
"S00108587",77,19,58
"S00108588",58,30,28
"S00108589",78,52,26
"S00108590",118,56,62
"S00108591",71,48,23
"S00108592",77,41,36
"S00108593",71,39,32
"S00108594",45,25,20
"S00108595",140,82,58
"S00108596",80,39,41
"S00108597",189,75,114
"S00108598",72,34,38
"S00108599",65,31,34
"S00108600",87,28,59
"S00108601",81,27,54
"S00108602",98,44,54
"S00108603",146,46,100
"S00108604",114,55,59
"S00108605",91,48,43
"S00108606",141,57,84
"S00108607",153,86,67
"S00108608",89,65,24
"S00108609",64,53,11
"S00108610",92,46,46
"S00108611",116,31,85
"S00108612",59,16,43
"S00108613",54,24,30
"S00108614",200,109,91
"S00108615",94,27,67
"S00108616",93,29,64
"S00108617",94,39,55
"S00108618",148,50,98
"S00108619",86,22,64
"S00108620",53,37,16
"S00108621",51,34,17
"S00108622",95,72,23
"S00108623",64,40,24
"S00108624",58,42,16
"S00108625",123,69,54
"S00108626",75,56,19
"S00108627",100,38,62
"S00108628",107,42,65
"S00108629",88,52,36
"S00108630",49,25,24
"S00108631",108,54,54
"S00108632",53,31,22
"S00108633",40,36,4
"S00108634",97,85,12
"S00108635",51,45,6
"S00108636",129,31,98
"S00108637",135,35,100
"S00108638",89,31,58
"S00108639",46,14,32
"S00108640",60,23,37
"S00108641",96,32,64
"S00108642",51,31,20
"S00108643",66,15,51
"S00108644",114,34,80
"S00108645",124,28,96
"S00108646",150,51,99
"S00108647",71,31,40
"S00108648",52,27,25
"S00108649",77,23,54
"S00108650",87,39,48
"S00108651",151,50,101
"S00108652",68,28,40
"S00108653",49,15,34
"S00108654",69,35,34
"S00108655",103,59,44
"S00108656",117,78,39
"S00108657",106,32,74
"S00108658",110,32,78
"S00108659",72,41,31
"S00108660",99,37,62
"S00108661",68,30,38
"S00108662",148,45,103
"S00108663",84,39,45
"S00108664",105,54,51
"S00108665",103,66,37
"S00108666",57,21,36
"S00108667",94,44,50
"S00108668",73,32,41
"S00108669",80,28,52
"S00108670",105,34,71
"S00108671",90,40,50
"S00108672",62,15,47
"S00108673",76,57,19
"S00108674",154,47,107
"S00108675",78,42,36
"S00108676",75,17,58
"S00108677",88,41,47
"S00108678",58,28,30
"S00108679",71,35,36
"S00108680",64,32,32
"S00108681",133,51,82
"S00108682",86,38,48
"S00108683",102,50,52
"S00108684",58,31,27
"S00108685",62,30,32
"S00108686",99,57,42
"S00108687",82,46,36
"S00108688",128,40,88
"S00108689",164,53,111
"S00108690",103,64,39
"S00108691",59,29,30
"S00108692",52,35,17
"S00108693",57,29,28
"S00108694",54,32,22
"S00108695",99,64,35
"S00108696",59,26,33
"S00108697",99,48,51
"S00108698",78,41,37
"S00108699",57,30,27
"S00108700",61,51,10
"S00108701",92,49,43
"S00108702",64,30,34
"S00108703",61,34,27
"S00108704",83,58,25
"S00108705",94,61,33
"S00108706",65,34,31
"S00108707",148,72,76
"S00108708",78,42,36
"S00108709",76,33,43
"S00108710",99,53,46
"S00108711",109,69,40
"S00108712",65,31,34
"S00108713",55,41,14
"S00108714",59,50,9
"S00108715",73,57,16
"S00108716",61,39,22
"S00108717",112,62,50
"S00108718",72,32,40
"S00108719",74,50,24
"S00108720",59,33,26
"S00108721",109,54,55
"S00108722",52,35,17
"S00108723",123,61,62
"S00108724",64,23,41
"S00108725",117,55,62
"S00108726",200,52,148
"S00108727",130,32,98
"S00108728",86,34,52
"S00108729",113,29,84
"S00108730",149,56,93
"S00108731",140,53,87
"S00108732",141,46,95
"S00108733",151,53,98
"S00108734",135,42,93
"S00108735",139,77,62
"S00108736",53,19,34
"S00108737",104,37,67
"S00108738",112,41,71
"S00108739",66,29,37
"S00108740",118,36,82
"S00108741",151,45,106
"S00108742",145,49,96
"S00108743",139,62,77
"S00108744",74,20,54
"S00108745",92,36,56
"S00108746",90,42,48
"S00108747",181,65,116
"S00108748",156,61,95
"S00108749",99,29,70
"S00108750",138,59,79
"S00108751",68,36,32
"S00108752",76,54,22
"S00108753",88,42,46
"S00108754",64,27,37
"S00108755",93,31,62
"S00108756",151,71,80
"S00108757",60,47,13
"S00108758",45,31,14
"S00108759",105,43,62
"S00108760",106,55,51
"S00108761",71,34,37
"S00108762",118,40,78
"S00108763",93,37,56
"S00108764",95,33,62
"S00108765",51,35,16
"S00108766",96,41,55
"S00108767",65,49,16
"S00108768",78,28,50
"S00108769",60,34,26
"S00108770",55,40,15
"S00108771",53,29,24
"S00108772",72,58,14
"S00108773",53,39,14
"S00108774",91,43,48
"S00108775",44,29,15
"S00108776",127,93,34
"S00108777",49,28,21
"S00108778",123,56,67
"S00108779",118,60,58
"S00108780",70,34,36
"S00108781",91,65,26
"S00108782",41,36,5
"S00108783",95,67,28
"S00108784",96,62,34
"S00108785",139,85,54
"S00108786",77,64,13
"S00108787",82,59,23
"S00108788",89,69,20
"S00108789",128,84,44
"S00108790",60,36,24
"S00108791",76,55,21
"S00108792",49,38,11
"S00108793",97,43,54
"S00108794",121,49,72
"S00108795",153,41,112
"S00108796",95,37,58
"S00108797",89,64,25
"S00108798",84,51,33
"S00108799",105,53,52
"S00108800",119,69,50
"S00108801",90,41,49
"S00108802",132,72,60
"S00108803",106,51,55
"S00108804",80,39,41
"S00108805",67,37,30
"S00108806",156,55,101
"S00108807",117,53,64
"S00108808",107,57,50
"S00108809",54,42,12
"S00108810",43,23,20
"S00108811",92,54,38
"S00108812",72,36,36
"S00108813",47,32,15
"S00108814",120,96,24
"S00108815",61,56,5
"S00108816",93,81,12
"S00108817",82,29,53
"S00108818",102,36,66
"S00108819",66,48,18
"S00108820",71,39,32
"S00108821",65,51,14
"S00108822",80,64,16
"S00108823",102,82,20
"S00108824",66,32,34
"S00108825",77,55,22
"S00108826",61,50,11
"S00108827",113,61,52
"S00108828",103,41,62
"S00108829",82,64,18
"S00108830",100,47,53
"S00108831",107,61,46
"S00108832",101,67,34
"S00108833",120,66,54
"S00108834",94,24,70
"S00108835",57,45,12
"S00108836",87,52,35
"S00108837",77,43,34
"S00108838",64,32,32
"S00108839",111,83,28
"S00108840",59,42,17
"S00108841",72,49,23
"S00108842",94,71,23
"S00108843",70,40,30
"S00108844",143,65,78
"S00108845",128,64,64
"S00108846",62,22,40
"S00108847",110,52,58
"S00108848",64,29,35
"S00108849",50,26,24
"S00108850",138,68,70
"S00108851",598,516,82
"S00108852",85,40,45
"S00108853",92,30,62
"S00108854",102,50,52
"S00108855",110,44,66
"S00108856",69,41,28
"S00108857",108,29,79
"S00108858",64,34,30
"S00108859",49,14,35
"S00108860",80,40,40
"S00108861",102,30,72
"S00108862",121,39,82
"S00108863",66,16,50
"S00108864",123,55,68
"S00108865",167,40,127
"S00108866",113,43,70
"S00108867",56,20,36
"S00108868",115,36,79
"S00108869",66,30,36
"S00108870",60,26,34
"S00108871",82,26,56
"S00108872",97,39,58
"S00108873",71,17,54
"S00108874",152,48,104
"S00108875",81,47,34
"S00108876",85,35,50
"S00108877",73,30,43
"S00108878",81,31,50
"S00108879",155,76,79
"S00108880",104,37,67
"S00108881",120,48,72
"S00108882",106,75,31
"S00108883",102,53,49
"S00108884",64,40,24
"S00108885",104,47,57
"S00108886",123,43,80
"S00108887",80,32,48
"S00108888",147,46,101
"S00108889",46,30,16
"S00108890",108,82,26
"S00108891",76,34,42
"S00108892",88,68,20
"S00108893",86,38,48
"S00108894",118,40,78
"S00108895",87,55,32
"S00108896",62,34,28
"S00108897",109,77,32
"S00108898",69,30,39
"S00108899",43,9,34
"S00108900",82,39,43
"S00108901",110,59,51
"S00108902",117,45,72
"S00108903",56,29,27
"S00108904",101,45,56
"S00108905",86,29,57
"S00108906",144,42,102
"S00108907",91,55,36
"S00108908",84,51,33
"S00108909",60,27,33
"S00108910",79,41,38
"S00108911",51,27,24
"S00108912",109,28,81
"S00108913",70,38,32
"S00108914",151,59,92
"S00108915",59,29,30
"S00108916",78,56,22
"S00108917",85,31,54
"S00108918",165,55,110
"S00108919",93,31,62
"S00108920",151,49,102
"S00108921",48,32,16
"S00108922",70,44,26
"S00108923",47,30,17
"S00108924",184,67,117
"S00108925",105,41,64
"S00108926",66,44,22
"S00108927",55,46,9
"S00108928",98,33,65
"S00108929",72,31,41
"S00108930",131,55,76
"S00108931",61,33,28
"S00108932",135,43,92
"S00108933",158,64,94
"S00108934",97,55,42
"S00108935",114,53,61
"S00108936",71,54,17
"S00108937",117,67,50
"S00108938",76,52,24
"S00108939",72,26,46
"S00108940",99,57,42
"S00108941",104,40,64
"S00108942",83,39,44
"S00108943",120,50,70
"S00108944",103,57,46
"S00108945",64,42,22
"S00108946",99,44,55
"S00108947",83,63,20
"S00108948",67,41,26
"S00108949",125,39,86
"S00108950",120,43,77
"S00108951",114,40,74
"S00108952",141,50,91
"S00108953",81,27,54
"S00108954",57,39,18
"S00108955",101,65,36
"S00108956",93,34,59
"S00108957",163,45,118
"S00108958",119,59,60
"S00108959",132,46,86
"S00108960",110,50,60
"S00108961",118,48,70
"S00108962",245,132,113
"S00108963",109,36,73
"S00108964",76,25,51
"S00108965",105,34,71
"S00108966",146,44,102
"S00108967",45,19,26
"S00108968",70,22,48
"S00108969",145,46,99
"S00108970",68,22,46
"S00108971",51,43,8
"S00108972",68,36,32
"S00108973",83,50,33
"S00108974",122,38,84
"S00108975",62,28,34
"S00108976",117,37,80
"S00108977",62,20,42
"S00108978",149,63,86
"S00108979",127,51,76
"S00108980",97,36,61
"S00108981",58,32,26
"S00108982",132,59,73
"S00108983",209,81,128
"S00108984",110,35,75
"S00108985",100,50,50
"S00108986",99,31,68
"S00108987",108,52,56
"S00108988",86,33,53
"S00108989",90,32,58
"S00108990",82,38,44
"S00108991",71,27,44
"S00108992",40,14,26
"S00108993",77,32,45
"S00108994",87,42,45
"S00108995",105,56,49
"S00108996",93,30,63
"S00108997",87,27,60
"S00108998",75,34,41
"S00108999",128,66,62
"S00109000",95,65,30
"S00109001",162,88,74
"S00109002",117,38,79
"S00109003",69,23,46
"S00109004",111,37,74
"S00109005",139,54,85
"S00109006",44,24,20
"S00109007",123,45,78
"S00109008",67,35,32
"S00109009",132,21,111
"S00109010",55,31,24
"S00109011",98,62,36
"S00109012",171,82,89
"S00109013",57,25,32
"S00109014",47,19,28
"S00109015",54,34,20
"S00109016",131,47,84
"S00109017",136,33,103
"S00109018",94,39,55
"S00109019",178,95,83
"S00109020",137,65,72
"S00109021",91,32,59
"S00109022",102,53,49
"S00109023",59,29,30
"S00109024",77,19,58
"S00109025",94,30,64
"S00109026",71,31,40
"S00109027",84,28,56
"S00109028",132,48,84
"S00109029",119,45,74
"S00109030",99,49,50
"S00109031",58,40,18
"S00109032",135,53,82
"S00109033",66,27,39
"S00109034",101,33,68
"S00109035",112,44,68
"S00109036",139,50,89
"S00109037",114,34,80
"S00109038",132,56,76
"S00109039",98,57,41
"S00109040",105,31,74
"S00109041",128,33,95
"S00109042",131,57,74
"S00109043",117,40,77
"S00109044",82,32,50
"S00109045",88,37,51
"S00109046",121,49,72
"S00109047",54,24,30
"S00109048",59,15,44
"S00109049",70,24,46
"S00109050",46,21,25
"S00109051",119,55,64
"S00109052",80,28,52
"S00109053",83,27,56
"S00109054",121,46,75
"S00109055",67,22,45
"S00109056",66,30,36
"S00109057",63,23,40
"S00109058",121,42,79
"S00109059",92,56,36
"S00109060",135,68,67
"S00109061",82,28,54
"S00109062",90,60,30
"S00109063",121,57,64
"S00109064",80,42,38
"S00109065",74,38,36
"S00109066",84,32,52
"S00109067",120,54,66
"S00109068",38,22,16
"S00109069",112,41,71
"S00109070",73,38,35
"S00109071",97,34,63
"S00109072",94,38,56
"S00109073",77,30,47
"S00109074",79,28,51
"S00109075",71,31,40
"S00109076",74,34,40
"S00109077",72,36,36
"S00109078",72,26,46
"S00109079",106,40,66
"S00109080",109,41,68
"S00109081",107,49,58
"S00109082",89,37,52
"S00109083",96,26,70
"S00109084",111,43,68
"S00109085",134,41,93
"S00109086",82,35,47
"S00109087",55,9,46
"S00109088",64,29,35
"S00109089",74,32,42
"S00109090",137,56,81
"S00109091",153,62,91
"S00109092",86,27,59
"S00109093",98,33,65
"S00109094",94,30,64
"S00109095",94,39,55
"S00109096",64,23,41
"S00109097",91,45,46
"S00109098",90,23,67
"S00109099",99,31,68
"S00109100",79,36,43
"S00109101",62,24,38
"S00109102",118,58,60
"S00109103",76,26,50
"S00109104",111,47,64
"S00109105",58,28,30
"S00109106",137,44,93
"S00109107",63,33,30
"S00109108",86,41,45
"S00109109",52,18,34
"S00109110",98,33,65
"S00109111",73,26,47
"S00109112",80,27,53
"S00109113",59,27,32
"S00109114",133,32,101
"S00109115",91,35,56
"S00109116",157,52,105
"S00109117",106,44,62
"S00109118",132,49,83
"S00109119",158,91,67
"S00109120",156,102,54
"S00109121",49,22,27
"S00109122",118,56,62
"S00109123",82,50,32
"S00109124",121,42,79
"S00109125",117,53,64
"S00109126",126,39,87
"S00109127",95,36,59
"S00109128",94,47,47
"S00109129",88,54,34
"S00109130",77,35,42
"S00109131",97,44,53
"S00109132",78,24,54
"S00109133",110,50,60
"S00109134",82,32,50
"S00109135",145,40,105
"S00109136",73,22,51
"S00109137",63,21,42
"S00109138",147,37,110
"S00109139",141,65,76
"S00109140",92,44,48
"S00109141",92,38,54
"S00109142",157,92,65
"S00109143",109,21,88
"S00109144",119,47,72
"S00109145",139,44,95
"S00109146",123,55,68
"S00109147",113,41,72
"S00109148",115,50,65
"S00109149",121,47,74
"S00109150",91,39,52
"S00109151",96,28,68
"S00109152",70,34,36
"S00109153",136,50,86
"S00109154",135,50,85
"S00109155",111,28,83
"S00109156",134,49,85
"S00109157",132,65,67
"S00109158",81,34,47
"S00109159",138,65,73
"S00109160",108,66,42
"S00109161",80,22,58
"S00109162",90,48,42
"S00109163",67,35,32
"S00109164",64,20,44
"S00109165",129,33,96
"S00109166",129,43,86
"S00109167",109,20,89
"S00109168",98,20,78
"S00109169",91,29,62
"S00109170",126,41,85
"S00109171",120,41,79
"S00109172",103,32,71
"S00109173",92,31,61
"S00109174",63,35,28
"S00109175",107,70,37
"S00109176",66,31,35
"S00109177",133,54,79
"S00109178",71,48,23
"S00109179",158,39,119
"S00109180",113,69,44
"S00109181",97,51,46
"S00109182",66,22,44
"S00109183",78,42,36
"S00109184",105,75,30
"S00109185",90,48,42
"S00109186",91,71,20
"S00109187",353,298,55
"S00109188",52,31,21
"S00109189",113,51,62
"S00109190",162,100,62
"S00109191",144,46,98
"S00109192",70,22,48
"S00109193",66,46,20
"S00109194",117,55,62
"S00109195",157,118,39
"S00109196",127,49,78
"S00109197",128,72,56
"S00109198",78,35,43
"S00109199",79,47,32
"S00109200",93,54,39
"S00109201",183,63,120
"S00109202",140,66,74
"S00109203",114,65,49
"S00109204",107,69,38
"S00109205",137,62,75
"S00109206",76,49,27
"S00109207",84,43,41
"S00109208",75,36,39
"S00109209",91,70,21
"S00109210",88,46,42
"S00109211",63,30,33
"S00109212",63,35,28
"S00109213",74,59,15
"S00109214",127,71,56
"S00109215",114,90,24
"S00109216",70,46,24
"S00109217",67,40,27
"S00109218",79,43,36
"S00109219",108,64,44
"S00109220",100,43,57
"S00109221",104,60,44
"S00109222",94,56,38
"S00109223",112,52,60
"S00109224",106,63,43
"S00109225",114,52,62
"S00109226",122,62,60
"S00109227",101,51,50
"S00109228",86,45,41
"S00109229",102,64,38
"S00109230",100,60,40
"S00109231",81,40,41
"S00109232",88,48,40
"S00109233",81,61,20
"S00109234",94,38,56
"S00109235",63,36,27
"S00109236",103,54,49
"S00109237",98,56,42
"S00109238",97,49,48
"S00109239",82,46,36
"S00109240",80,45,35
"S00109241",71,36,35
"S00109242",101,52,49
"S00109243",131,65,66
"S00109244",119,71,48
"S00109245",63,33,30
"S00109246",78,46,32
"S00109247",123,63,60
"S00109248",93,47,46
"S00109249",108,66,42
"S00109250",84,44,40
"S00109251",79,39,40
"S00109252",82,44,38
"S00109253",71,33,38
"S00109254",111,44,67
"S00109255",63,35,28
"S00109256",57,34,23
"S00109257",124,68,56
"S00109258",124,68,56
"S00109259",84,43,41
"S00109260",121,60,61
"S00109261",114,64,50
"S00109262",91,66,25
"S00109263",80,29,51
"S00109264",120,60,60
"S00109265",117,70,47
"S00109266",77,43,34
"S00109267",102,62,40
"S00109268",78,39,39
"S00109269",106,65,41
"S00109270",62,55,7
"S00109271",53,31,22
"S00109272",58,40,18
"S00109273",78,54,24
"S00109274",60,35,25
"S00109275",115,75,40
"S00109276",126,76,50
"S00109277",105,53,52
"S00109278",85,29,56
"S00109279",57,46,11
"S00109280",111,58,53
"S00109281",92,70,22
"S00109282",104,49,55
"S00109283",81,59,22
"S00109284",126,66,60
"S00109285",69,43,26
"S00109286",77,45,32
"S00109287",98,57,41
"S00109288",108,76,32
"S00109289",79,43,36
"S00109290",74,69,5
"S00109291",96,63,33
"S00109292",69,41,28
"S00109293",49,35,14
"S00109294",72,57,15
"S00109295",70,51,19
"S00109296",124,40,84
"S00109297",46,20,26
"S00109298",123,34,89
"S00109299",73,47,26
"S00109300",90,40,50
"S00109301",102,59,43
"S00109302",73,33,40
"S00109303",101,36,65
"S00109304",98,52,46
"S00109305",56,45,11
"S00109306",45,39,6
"S00109307",152,74,78
"S00109308",106,50,56
"S00109309",55,34,21
"S00109310",70,42,28
"S00109311",84,60,24
"S00109312",98,58,40
"S00109313",50,36,14
"S00109314",63,31,32
"S00109315",66,38,28
"S00109316",55,26,29
"S00109317",124,52,72
"S00109318",120,70,50
"S00109319",118,66,52
"S00109320",72,24,48
"S00109321",81,55,26
"S00109322",115,48,67
"S00109323",93,16,77
"S00109324",93,37,56
"S00109325",89,30,59
"S00109326",80,31,49
"S00109327",85,38,47
"S00109328",118,37,81
"S00109329",102,33,69
"S00109330",99,46,53
"S00109331",51,19,32
"S00109332",75,45,30
"S00109333",91,41,50
"S00109334",141,72,69
"S00109335",75,35,40
"S00109336",99,41,58
"S00109337",93,61,32
"S00109338",126,66,60
"S00109339",95,49,46
"S00109340",77,39,38
"S00109341",104,69,35
"S00109342",94,52,42
"S00109343",65,39,26
"S00109344",73,41,32
"S00109345",67,50,17
"S00109346",102,44,58
"S00109347",94,51,43
"S00109348",81,48,33
"S00109349",121,82,39
"S00109350",66,25,41
"S00109351",90,38,52
"S00109352",67,30,37
"S00109353",93,48,45
"S00109354",97,43,54
"S00109355",92,47,45
"S00109356",94,32,62
"S00109357",58,26,32
"S00109358",85,38,47
"S00109359",98,35,63
"S00109360",89,54,35
"S00109361",67,33,34
"S00109362",136,57,79
"S00109363",134,49,85
"S00109364",116,52,64
"S00109365",106,54,52
"S00109366",145,76,69
"S00109367",85,44,41
"S00109368",142,75,67
"S00109369",94,43,51
"S00109370",119,76,43
"S00109371",125,56,69
"S00109372",60,44,16
"S00109373",86,64,22
"S00109374",97,33,64
"S00109375",70,57,13
"S00109376",83,43,40
"S00109377",72,34,38
"S00109378",142,71,71
"S00109379",131,65,66
"S00109380",109,60,49
"S00109381",95,53,42
"S00109382",143,58,85
"S00109383",82,52,30
"S00109384",100,77,23
"S00109385",89,67,22
"S00109386",65,51,14
"S00109387",63,33,30
"S00109388",83,60,23
"S00109389",74,41,33
"S00109390",139,41,98
"S00109391",92,46,46
"S00109392",99,29,70
"S00109393",90,61,29
"S00109394",92,45,47
"S00109395",50,26,24
"S00109396",53,39,14
"S00109397",123,58,65
"S00109398",90,37,53
"S00109399",84,42,42
"S00109400",95,50,45
"S00109401",69,44,25
"S00109402",78,45,33
"S00109403",96,50,46
"S00109404",90,56,34
"S00109405",88,49,39
"S00109406",125,75,50
"S00109407",57,44,13
"S00109408",118,73,45
"S00109409",61,41,20
"S00109410",111,41,70
"S00109411",67,48,19
"S00109412",99,54,45
"S00109413",84,57,27
"S00109414",79,43,36
"S00109415",74,42,32
"S00109416",101,66,35
"S00109417",77,47,30
"S00109418",83,47,36
"S00109419",95,64,31
"S00109420",108,80,28
"S00109421",71,43,28
"S00109422",120,78,42
"S00109423",61,26,35
"S00109424",68,46,22
"S00109425",115,62,53
"S00109426",152,70,82
"S00109427",127,61,66
"S00109428",131,62,69
"S00109429",102,56,46
"S00109430",82,54,28
"S00109431",101,59,42
"S00109432",64,34,30
"S00109433",93,61,32
"S00109434",84,40,44
"S00109435",89,54,35
"S00109436",86,41,45
"S00109437",71,61,10
"S00109438",47,27,20
"S00109439",72,48,24
"S00109440",80,64,16
"S00109441",50,27,23
"S00109442",125,89,36
"S00109443",44,34,10
"S00109444",58,43,15
"S00109445",45,26,19
"S00109446",119,73,46
"S00109447",38,30,8
"S00109448",59,42,17
"S00109449",76,50,26
"S00109450",69,51,18
"S00109451",70,50,20
"S00109452",81,57,24
"S00109453",92,61,31
"S00109454",156,90,66
"S00109455",83,67,16
"S00109456",67,53,14
"S00109457",80,52,28
"S00109458",94,59,35
"S00109459",69,53,16
"S00109460",60,38,22
"S00109461",96,51,45
"S00109462",63,33,30
"S00109463",88,54,34
"S00109464",154,56,98
"S00109465",95,41,54
"S00109466",133,43,90
"S00109467",47,44,3
"S00109468",107,33,74
"S00109469",91,33,58
"S00109470",95,40,55
"S00109471",116,35,81
"S00109472",66,48,18
"S00109473",138,45,93
"S00109474",145,39,106
"S00109475",144,44,100
"S00109476",102,38,64
"S00109477",121,51,70
"S00109478",99,35,64
"S00109479",102,24,78
"S00109480",141,47,94
"S00109481",49,19,30
"S00109482",132,69,63
"S00109483",75,28,47
"S00109484",88,28,60
"S00109485",133,49,84
"S00109486",142,45,97
"S00109487",93,40,53
"S00109488",140,60,80
"S00109489",92,56,36
"S00109490",155,58,97
"S00109491",62,42,20
"S00109492",79,19,60
"S00109493",105,33,72
"S00109494",141,51,90
"S00109495",84,28,56
"S00109496",117,70,47
"S00109497",115,78,37
"S00109498",77,57,20
"S00109499",74,58,16
"S00109500",96,64,32
"S00109501",68,45,23
"S00109502",66,44,22
"S00109503",55,41,14
"S00109504",74,48,26
"S00109505",98,81,17
"S00109506",84,42,42
"S00109507",110,52,58
"S00109508",133,64,69
"S00109509",64,46,18
"S00109510",135,40,95
"S00109511",148,45,103
"S00109512",115,39,76
"S00109513",84,37,47
"S00109514",159,57,102
"S00109515",151,53,98
"S00109516",145,48,97
"S00109517",131,57,74
"S00109518",99,39,60
"S00109519",97,39,58
"S00109520",122,43,79
"S00109521",114,36,78
"S00109522",114,40,74
"S00109523",114,41,73
"S00109524",129,45,84
"S00109525",67,17,50
"S00109526",82,28,54
"S00109527",103,27,76
"S00109528",46,36,10
"S00109529",46,22,24
"S00109530",101,67,34
"S00109531",68,47,21
"S00109532",115,88,27
"S00109533",88,47,41
"S00109534",114,55,59
"S00109535",120,47,73
"S00109536",119,61,58
"S00109537",116,85,31
"S00109538",94,84,10
"S00109539",98,76,22
"S00109540",115,77,38
"S00109541",120,104,16
"S00109542",73,71,2
"S00109543",88,59,29
"S00109544",86,77,9
"S00109545",75,42,33
"S00109546",86,60,26
"S00109547",64,47,17
"S00109548",115,85,30
"S00109549",83,50,33
"S00109550",125,85,40
"S00109551",48,23,25
"S00109552",98,73,25
"S00109553",85,55,30
"S00109554",77,65,12
"S00109555",69,46,23
"S00109556",42,27,15
"S00109557",82,36,46
"S00109558",150,52,98
"S00109559",113,37,76
"S00109560",77,28,49
"S00109561",78,23,55
"S00109562",109,43,66
"S00109563",112,40,72
"S00109564",167,47,120
"S00109565",91,32,59
"S00109566",89,53,36
"S00109567",125,49,76
"S00109568",68,38,30
"S00109569",121,59,62
"S00109570",113,45,68
"S00109571",156,71,85
"S00109572",95,54,41
"S00109573",62,44,18
"S00109574",82,45,37
"S00109575",44,36,8
"S00109576",92,80,12
"S00109577",103,53,50
"S00109578",91,75,16
"S00109579",75,58,17
"S00109580",85,54,31
"S00109581",58,43,15
"S00109582",123,68,55
"S00109583",84,61,23
"S00109584",160,90,70
"S00109585",108,51,57
"S00109586",67,47,20
"S00109587",101,51,50
"S00109588",135,94,41
"S00109589",121,68,53
"S00109590",112,36,76
"S00109591",140,40,100
"S00109592",68,23,45
"S00109593",101,49,52
"S00109594",104,72,32
"S00109595",64,44,20
"S00109596",93,45,48
"S00109597",69,47,22
"S00109598",109,69,40
"S00109599",113,67,46
"S00109600",49,37,12
"S00109601",83,53,30
"S00109602",88,46,42
"S00109603",96,64,32
"S00109604",56,32,24
"S00109605",53,41,12
"S00109606",99,49,50
"S00109607",97,63,34
"S00109608",63,51,12
"S00109609",62,59,3
"S00109610",65,47,18
"S00109611",77,62,15
"S00109612",119,55,64
"S00109613",105,74,31
"S00109614",111,33,78
"S00109615",98,35,63
"S00109616",48,14,34
"S00109617",139,47,92
"S00109618",101,44,57
"S00109619",110,33,77
"S00109620",107,54,53
"S00109621",83,22,61
"S00109622",107,41,66
"S00109623",60,20,40
"S00109624",88,30,58
"S00109625",112,68,44
"S00109626",154,60,94
"S00109627",93,43,50
"S00109628",78,20,58
"S00109629",93,31,62
"S00109630",108,33,75
"S00109631",88,38,50
"S00109632",72,20,52
"S00109633",133,40,93
"S00109634",99,33,66
"S00109635",96,34,62
"S00109636",62,20,42
"S00109637",149,50,99
"S00109638",77,66,11
"S00109639",81,52,29
"S00109640",70,43,27
"S00109641",67,47,20
"S00109642",111,77,34
"S00109643",81,69,12
"S00109644",81,47,34
"S00109645",106,68,38
"S00109646",119,66,53
"S00109647",118,45,73
"S00109648",118,64,54
"S00109649",134,40,94
"S00109650",114,35,79
"S00109651",76,22,54
"S00109652",109,67,42
"S00109653",114,52,62
"S00109654",66,26,40
"S00109655",109,59,50
"S00109656",74,32,42
"S00109657",112,44,68
"S00109658",104,39,65
"S00109659",110,34,76
"S00109660",101,36,65
"S00109661",125,105,20
"S00109662",86,66,20
"S00109663",125,80,45
"S00109664",113,48,65
"S00109665",88,71,17
"S00109666",71,35,36
"S00109667",83,38,45
"S00109668",102,55,47
"S00109669",83,36,47
"S00109670",121,51,70
"S00109671",95,45,50
"S00109672",69,31,38
"S00109673",68,30,38
"S00109674",103,57,46
"S00109675",107,61,46
"S00109676",93,42,51
"S00109677",91,47,44
"S00109678",116,58,58
"S00109679",132,72,60
"S00109680",73,43,30
"S00109681",82,78,4
"S00109682",119,76,43
"S00109683",64,34,30
"S00109684",76,46,30
"S00109685",78,25,53
"S00109686",119,47,72
"S00109687",86,37,49
"S00109688",93,47,46
"S00109689",137,44,93
"S00109690",97,45,52
"S00109691",115,69,46
"S00109692",121,45,76
"S00109693",65,17,48
"S00109694",95,41,54
"S00109695",90,32,58
"S00109696",83,43,40
"S00109697",91,52,39
"S00109698",77,34,43
"S00109699",139,49,90
"S00109700",113,43,70
"S00109701",128,32,96
"S00109702",99,41,58
"S00109703",87,44,43
"S00109704",89,47,42
"S00109705",60,38,22
"S00109706",65,37,28
"S00109707",95,61,34
"S00109708",70,47,23
"S00109709",132,60,72
"S00109710",84,37,47
"S00109711",87,27,60
"S00109712",62,47,15
"S00109713",85,23,62
"S00109714",107,63,44
"S00109715",73,41,32
"S00109716",105,73,32
"S00109717",92,41,51
"S00109718",101,42,59
"S00109719",85,34,51
"S00109720",109,33,76
"S00109721",59,31,28
"S00109722",62,44,18
"S00109723",124,44,80
"S00109724",97,65,32
"S00109725",81,49,32
"S00109726",107,60,47
"S00109727",79,46,33
"S00109728",160,94,66
"S00109729",86,40,46
"S00109730",93,28,65
"S00109731",93,43,50
"S00109732",138,68,70
"S00109733",62,36,26
"S00109734",142,51,91
"S00109735",127,71,56
"S00109736",58,14,44
"S00109737",178,48,130
"S00109738",120,75,45
"S00109739",144,77,67
"S00109740",61,25,36
"S00109741",111,33,78
"S00109742",200,68,132
"S00109743",93,38,55
"S00109744",102,36,66
"S00109745",96,34,62
"S00109746",81,44,37
"S00109747",116,82,34
"S00109748",118,79,39
"S00109749",56,24,32
"S00109750",138,66,72
"S00109751",80,39,41
"S00109752",124,67,57
"S00109753",109,82,27
"S00109754",89,39,50
"S00109755",78,48,30
"S00109756",150,77,73
"S00109757",136,60,76
"S00109758",101,57,44
"S00109759",85,55,30
"S00109760",80,38,42
"S00109761",63,53,10
"S00109762",156,62,94
"S00109763",113,52,61
"S00109764",129,31,98
"S00109765",104,30,74
"S00109766",106,49,57
"S00109767",75,55,20
"S00109768",103,59,44
"S00109769",82,44,38
"S00109770",142,48,94
"S00109771",78,54,24
"S00109772",71,28,43
"S00109773",98,57,41
"S00109774",86,50,36
"S00109775",58,44,14
"S00109776",124,75,49
"S00109777",106,59,47
"S00109778",119,48,71
"S00109779",77,44,33
"S00109780",75,47,28
"S00109781",90,57,33
"S00109782",65,44,21
"S00109783",70,28,42
"S00109784",54,34,20
"S00109785",124,58,66
"S00109786",64,53,11
"S00109787",89,50,39
"S00109788",113,74,39
"S00109789",112,46,66
"S00109790",109,50,59
"S00109791",77,36,41
"S00109792",76,44,32
"S00109793",130,71,59
"S00109794",125,81,44
"S00109795",135,65,70
"S00109796",90,53,37
"S00109797",110,37,73
"S00109798",73,40,33
"S00109799",92,52,40
"S00109800",89,43,46
"S00109801",82,44,38
"S00109802",100,48,52
"S00109803",100,62,38
"S00109804",85,65,20
"S00109805",98,78,20
"S00109806",83,50,33
"S00109807",101,81,20
"S00109808",74,43,31
"S00109809",104,79,25
"S00109810",127,62,65
"S00109811",73,49,24
"S00109812",159,68,91
"S00109813",125,63,62
"S00109814",90,55,35
"S00109815",62,50,12
"S00109816",110,33,77
"S00109817",127,52,75
"S00109818",134,69,65
"S00109819",72,38,34
"S00109820",81,37,44
"S00109821",98,38,60
"S00109822",80,40,40
"S00109823",132,74,58
"S00109824",115,49,66
"S00109825",93,41,52
"S00109826",85,59,26
"S00109827",69,51,18
"S00109828",79,37,42
"S00109829",56,41,15
"S00109830",127,70,57
"S00109831",70,48,22
"S00109832",92,50,42
"S00109833",80,58,22
"S00109834",123,69,54
"S00109835",88,67,21
"S00109836",110,56,54
"S00109837",100,56,44
"S00109838",58,36,22
"S00109839",62,42,20
"S00109840",81,43,38
"S00109841",84,40,44
"S00109842",66,46,20
"S00109843",72,40,32
"S00109844",81,43,38
"S00109845",71,41,30
"S00109846",57,45,12
"S00109847",58,30,28
"S00109848",82,62,20
"S00109849",79,43,36
"S00109850",93,47,46
"S00109851",133,85,48
"S00109852",77,39,38
"S00109853",148,78,70
"S00109854",132,75,57
"S00109855",150,82,68
"S00109856",113,59,54
"S00109857",147,74,73
"S00109858",136,74,62
"S00109859",166,93,73
"S00109860",69,41,28
"S00109861",38,22,16
"S00109862",86,54,32
"S00109863",60,52,8
"S00109864",80,39,41
"S00109865",122,66,56
"S00109866",116,67,49
"S00109867",80,51,29
"S00109868",90,42,48
"S00109869",90,52,38
"S00109870",132,70,62
"S00109871",76,58,18
"S00109872",68,38,30
"S00109873",82,48,34
"S00109874",65,33,32
"S00109875",93,50,43
"S00109876",86,47,39
"S00109877",82,38,44
"S00109878",128,57,71
"S00109879",145,59,86
"S00109880",58,20,38
"S00109881",97,57,40
"S00109882",102,54,48
"S00109883",77,37,40
"S00109884",98,45,53
"S00109885",99,37,62
"S00109886",86,54,32
"S00109887",73,29,44
"S00109888",97,67,30
"S00109889",120,83,37
"S00109890",106,70,36
"S00109891",112,79,33
"S00109892",118,58,60
"S00109893",103,54,49
"S00109894",74,46,28
"S00109895",76,53,23
"S00109896",93,43,50
"S00109897",93,43,50
"S00109898",96,48,48
"S00109899",78,34,44
"S00109900",84,26,58
"S00109901",119,51,68
"S00109902",97,45,52
"S00109903",99,61,38
"S00109904",68,38,30
"S00109905",102,49,53
"S00109906",78,39,39
"S00109907",98,62,36
"S00109908",93,58,35
"S00109909",89,73,16
"S00109910",75,64,11
"S00109911",61,43,18
"S00109912",117,91,26
"S00109913",67,52,15
"S00109914",46,45,1
"S00109915",139,91,48
"S00109916",81,65,16
"S00109917",80,56,24
"S00109918",57,39,18
"S00109919",95,76,19
"S00109920",61,47,14
"S00109921",69,39,30
"S00109922",55,29,26
"S00109923",90,51,39
"S00109924",73,51,22
"S00109925",100,75,25
"S00109926",73,59,14
"S00109927",52,40,12
"S00109928",51,41,10
"S00109929",56,45,11
"S00109930",55,39,16
"S00109931",58,40,18
"S00109932",131,60,71
"S00109933",83,23,60
"S00109934",108,55,53
"S00109935",112,68,44
"S00109936",134,54,80
"S00109937",62,40,22
"S00109938",71,49,22
"S00109939",92,48,44
"S00109940",94,44,50
"S00109941",73,46,27
"S00109942",63,27,36
"S00109943",103,49,54
"S00109944",75,22,53
"S00109945",89,38,51
"S00109946",88,27,61
"S00109947",65,42,23
"S00109948",48,27,21
"S00109949",86,54,32
"S00109950",84,72,12
"S00109951",146,75,71
"S00109952",135,104,31
"S00109953",64,41,23
"S00109954",50,40,10
"S00109955",58,43,15
"S00109956",83,71,12
"S00109957",62,42,20
"S00109958",49,35,14
"S00109959",107,62,45
"S00109960",65,43,22
"S00109961",49,28,21
"S00109962",74,45,29
"S00109963",122,46,76
"S00109964",71,51,20
"S00109965",99,60,39
"S00109966",51,34,17
"S00109967",53,25,28
"S00109968",123,74,49
"S00109969",93,56,37
"S00109970",103,29,74
"S00109971",129,78,51
"S00109972",131,81,50
"S00109973",127,68,59
"S00109974",134,74,60
"S00109975",72,44,28
"S00109976",119,77,42
"S00109977",71,44,27
"S00109978",117,76,41
"S00109979",86,61,25
"S00109980",69,52,17
"S00109981",52,38,14
"S00109982",51,35,16
"S00109983",68,40,28
"S00109984",102,81,21
"S00109985",110,89,21
"S00109986",67,43,24
"S00109987",79,62,17
"S00109988",62,48,14
"S00109989",87,64,23
"S00109990",117,47,70
"S00109991",82,40,42
"S00109992",79,35,44
"S00109993",76,24,52
"S00109994",63,30,33
"S00109995",66,47,19
"S00109996",111,51,60
"S00109997",82,59,23
"S00109998",99,69,30
"S00109999",54,45,9
"S00110000",98,67,31
"S00110001",66,44,22
"S00110002",67,45,22
"S00110003",101,56,45
"S00110004",59,42,17
"S00110005",69,43,26
"S00110006",90,61,29
"S00110007",101,42,59
"S00110008",74,30,44
"S00110009",58,34,24
"S00110010",104,86,18
"S00110011",112,82,30
"S00110012",50,44,6
"S00110013",47,39,8
"S00110014",66,51,15
"S00110015",196,100,96
"S00110016",113,74,39
"S00110017",135,71,64
"S00110018",92,46,46
"S00110019",76,29,47
"S00110020",100,52,48
"S00110021",62,29,33
"S00110022",70,41,29
"S00110023",96,44,52
"S00110024",94,51,43
"S00110025",76,26,50
"S00110026",68,53,15
"S00110027",68,42,26
"S00110028",49,28,21
"S00110029",113,61,52
"S00110030",73,57,16
"S00110031",52,38,14
"S00110032",96,52,44
"S00110033",94,76,18
"S00110034",62,42,20
"S00110035",45,33,12
"S00110036",72,58,14
"S00110037",81,42,39
"S00110038",78,62,16
"S00110039",77,47,30
"S00110040",73,65,8
"S00110041",78,62,16
"S00110042",84,59,25
"S00110043",73,67,6
"S00110044",85,40,45
"S00110045",78,31,47
"S00110046",100,44,56
"S00110047",53,36,17
"S00110048",85,31,54
"S00110049",99,29,70
"S00110050",117,35,82
"S00110051",137,48,89
"S00110052",113,41,72
"S00110053",104,84,20
"S00110054",57,36,21
"S00110055",78,58,20
"S00110056",66,35,31
"S00110057",94,65,29
"S00110058",71,49,22
"S00110059",122,85,37
"S00110060",123,88,35
"S00110061",136,87,49
"S00110062",100,57,43
"S00110063",104,57,47
"S00110064",104,37,67
"S00110065",87,31,56
"S00110066",89,35,54
"S00110067",89,57,32
"S00110068",80,63,17
"S00110069",99,83,16
"S00110070",80,59,21
"S00110071",116,90,26
"S00110072",79,51,28
"S00110073",124,74,50
"S00110074",116,40,76
"S00110075",107,64,43
"S00110076",70,54,16
"S00110077",102,50,52
"S00110078",57,45,12
"S00110079",51,39,12
"S00110080",59,36,23
"S00110081",50,37,13
"S00110082",102,62,40
"S00110083",85,54,31
"S00110084",45,17,28
"S00110085",78,47,31
"S00110086",93,59,34
"S00110087",61,27,34
"S00110088",72,51,21
"S00110089",81,53,28
"S00110090",97,65,32
"S00110091",109,81,28
"S00110092",98,43,55
"S00110093",76,33,43
"S00110094",72,30,42
"S00110095",95,57,38
"S00110096",72,44,28
"S00110097",73,43,30
"S00110098",61,48,13
"S00110099",78,44,34
"S00110100",51,37,14
"S00110101",76,50,26
"S00110102",77,45,32
"S00110103",116,83,33
"S00110104",100,76,24
"S00110105",47,23,24
"S00110106",110,64,46
"S00110107",107,82,25
"S00110108",68,30,38
"S00110109",116,84,32
"S00110110",120,63,57
"S00110111",108,61,47
"S00110112",112,79,33
"S00110113",148,50,98
"S00110114",119,51,68
"S00110115",116,35,81
"S00110116",124,40,84
"S00110117",139,33,106
"S00110118",117,53,64
"S00110119",91,55,36
"S00110120",70,32,38
"S00110121",121,55,66
"S00110122",73,24,49
"S00110123",97,35,62
"S00110124",134,46,88
"S00110125",79,30,49
"S00110126",117,59,58
"S00110127",74,45,29
"S00110128",63,40,23
"S00110129",159,87,72
"S00110130",149,70,79
"S00110131",86,49,37
"S00110132",80,38,42
"S00110133",143,60,83
"S00110134",87,49,38
"S00110135",76,52,24
"S00110136",62,53,9
"S00110137",74,44,30
"S00110138",85,65,20
"S00110139",81,54,27
"S00110140",89,65,24
"S00110141",102,75,27
"S00110142",80,62,18
"S00110143",53,37,16
"S00110144",94,70,24
"S00110145",118,87,31
"S00110146",84,56,28
"S00110147",111,66,45
"S00110148",86,59,27
"S00110149",112,77,35
"S00110150",119,70,49
"S00110151",90,60,30
"S00110152",95,62,33
"S00110153",69,43,26
"S00110154",89,61,28
"S00110155",73,42,31
"S00110156",79,45,34
"S00110157",78,44,34
"S00110158",101,68,33
"S00110159",138,80,58
"S00110160",105,49,56
"S00110161",99,41,58
"S00110162",88,35,53
"S00110163",90,32,58
"S00110164",120,47,73
"S00110165",103,32,71
"S00110166",92,39,53
"S00110167",143,47,96
"S00110168",130,50,80
"S00110169",111,37,74
"S00110170",96,20,76
"S00110171",85,33,52
"S00110172",90,34,56
"S00110173",125,49,76
"S00110174",88,38,50
"S00110175",113,36,77
"S00110176",98,22,76
"S00110177",96,37,59
"S00110178",99,27,72
"S00110179",80,35,45
"S00110180",81,26,55
"S00110181",106,41,65
"S00110182",86,32,54
"S00110183",87,35,52
"S00110184",129,47,82
"S00110185",139,68,71
"S00110186",89,25,64
"S00110187",90,38,52
"S00110188",82,40,42
"S00110189",100,32,68
"S00110190",138,81,57
"S00110191",62,49,13
"S00110192",69,34,35
"S00110193",99,68,31
"S00110194",82,42,40
"S00110195",77,41,36
"S00110196",54,41,13
"S00110197",90,60,30
"S00110198",75,53,22
"S00110199",79,49,30
"S00110200",65,47,18
"S00110201",87,39,48
"S00110202",108,66,42
"S00110203",94,49,45
"S00110204",111,56,55
"S00110205",124,62,62
"S00110206",112,66,46
"S00110207",106,47,59
"S00110208",151,47,104
"S00110209",127,48,79
"S00110210",93,21,72
"S00110211",97,31,66
"S00110212",81,50,31
"S00110213",77,41,36
"S00110214",120,62,58
"S00110215",67,42,25
"S00110216",123,47,76
"S00110217",97,59,38
"S00110218",62,37,25
"S00110219",75,38,37
"S00110220",119,59,60
"S00110221",111,47,64
"S00110222",112,64,48
"S00110223",105,55,50
"S00110224",63,56,7
"S00110225",98,58,40
"S00110226",97,60,37
"S00110227",86,42,44
"S00110228",75,47,28
"S00110229",75,43,32
"S00110230",113,79,34
"S00110231",85,39,46
"S00110232",109,38,71
"S00110233",68,26,42
"S00110234",73,39,34
"S00110235",80,40,40
"S00110236",86,46,40
"S00110237",72,30,42
"S00110238",142,48,94
"S00110239",95,53,42
"S00110240",103,67,36
"S00110241",59,29,30
"S00110242",103,52,51
"S00110243",111,43,68
"S00110244",81,26,55
"S00110245",205,65,140
"S00110246",69,46,23
"S00110247",131,67,64
"S00110248",150,41,109
"S00110249",92,40,52
"S00110250",60,30,30
"S00110251",132,74,58
"S00110252",88,54,34
"S00110253",73,35,38
"S00110254",103,65,38
"S00110255",99,74,25
"S00110256",143,91,52
"S00110257",91,61,30
"S00110258",74,47,27
"S00110259",61,49,12
"S00110260",65,46,19
"S00110261",105,77,28
"S00110262",79,50,29
"S00110263",112,68,44
"S00110264",93,66,27
"S00110265",85,46,39
"S00110266",108,57,51
"S00110267",104,72,32
"S00110268",76,50,26
"S00110269",50,38,12
"S00110270",121,40,81
"S00110271",105,35,70
"S00110272",76,51,25
"S00110273",118,73,45
"S00110274",79,51,28
"S00110275",51,35,16
"S00110276",141,76,65
"S00110277",96,70,26
"S00110278",100,44,56
"S00110279",70,48,22
"S00110280",69,37,32
"S00110281",86,41,45
"S00110282",56,38,18
"S00110283",97,42,55
"S00110284",95,47,48
"S00110285",80,43,37
"S00110286",109,56,53
"S00110287",82,46,36
"S00110288",119,64,55
"S00110289",135,100,35
"S00110290",97,43,54
"S00110291",98,65,33
"S00110292",117,47,70
"S00110293",125,57,68
"S00110294",107,55,52
"S00110295",105,79,26
"S00110296",102,63,39
"S00110297",78,44,34
"S00110298",112,65,47
"S00110299",114,67,47
"S00110300",123,64,59
"S00110301",114,47,67
"S00110302",104,49,55
"S00110303",78,61,17
"S00110304",88,40,48
"S00110305",115,84,31
"S00110306",119,75,44
"S00110307",73,47,26
"S00110308",103,61,42
"S00110309",88,48,40
"S00110310",71,47,24
"S00110311",61,53,8
"S00110312",87,53,34
"S00110313",132,70,62
"S00110314",127,66,61
"S00110315",63,31,32
"S00110316",107,86,21
"S00110317",106,86,20
"S00110318",105,41,64
"S00110319",80,38,42
"S00110320",143,71,72
"S00110321",78,50,28
"S00110322",88,45,43
"S00110323",116,58,58
"S00110324",112,60,52
"S00110325",102,51,51
"S00110326",108,63,45
"S00110327",91,59,32
"S00110328",42,28,14
"S00110329",53,39,14
"S00110330",95,51,44
"S00110331",151,85,66
"S00110332",176,93,83
"S00110333",90,58,32
"S00110334",81,41,40
"S00110335",65,35,30
"S00110336",147,70,77
"S00110337",98,62,36
"S00110338",100,63,37
"S00110339",78,49,29
"S00110340",99,69,30
"S00110341",107,69,38
"S00110342",71,37,34
"S00110343",74,48,26
"S00110344",102,77,25
"S00110345",107,74,33
"S00110346",131,70,61
"S00110347",67,57,10
"S00110348",131,79,52
"S00110349",100,72,28
"S00110350",48,21,27
"S00110351",114,63,51
"S00110352",95,59,36
"S00110353",77,37,40
"S00110354",60,27,33
"S00110355",79,46,33
"S00110356",124,61,63
"S00110357",105,62,43
"S00110358",96,49,47
"S00110359",106,50,56
"S00110360",85,47,38
"S00110361",110,78,32
"S00110362",62,56,6
"S00110363",76,56,20
"S00110364",80,45,35
"S00110365",95,61,34
"S00110366",67,55,12
"S00110367",76,49,27
"S00110368",79,31,48
"S00110369",64,26,38
"S00110370",69,35,34
"S00110371",89,35,54
"S00110372",116,70,46
"S00110373",55,20,35
"S00110374",83,59,24
"S00110375",88,31,57
"S00110376",58,34,24
"S00110377",61,44,17
"S00110378",83,45,38
"S00110379",95,57,38
"S00110380",96,58,38
"S00110381",123,67,56
"S00110382",85,45,40
"S00110383",70,39,31
"S00110384",85,45,40
"S00110385",107,35,72
"S00110386",94,44,50
"S00110387",83,34,49
"S00110388",76,42,34
"S00110389",73,39,34
"S00110390",112,66,46
"S00110391",73,37,36
"S00110392",109,83,26
"S00110393",88,50,38
"S00110394",115,46,69
"S00110395",131,77,54
"S00110396",93,76,17
"S00110397",60,39,21
"S00110398",80,72,8
"S00110399",109,66,43
"S00110400",67,36,31
"S00110401",76,56,20
"S00110402",92,59,33
"S00110403",46,28,18
"S00110404",82,70,12
"S00110405",68,40,28
"S00110406",101,53,48
"S00110407",53,37,16
"S00110408",146,63,83
"S00110409",92,57,35
"S00110410",116,66,50
"S00110411",68,30,38
"S00110412",65,43,22
"S00110413",69,36,33
"S00110414",69,39,30
"S00110415",96,45,51
"S00110416",71,45,26
"S00110417",96,49,47
"S00110418",89,48,41
"S00110419",70,41,29
"S00110420",79,47,32
"S00110421",77,44,33
"S00110422",100,52,48
"S00110423",63,36,27
"S00110424",75,49,26
"S00110425",100,70,30
"S00110426",101,50,51
"S00110427",89,58,31
"S00110428",95,36,59
"S00110429",84,48,36
"S00110430",84,45,39
"S00110431",108,60,48
"S00110432",71,57,14
"S00110433",78,52,26
"S00110434",91,63,28
"S00110435",82,41,41
"S00110436",94,43,51
"S00110437",93,69,24
"S00110438",140,73,67
"S00110439",81,61,20
"S00110440",106,54,52
"S00110441",89,41,48
"S00110442",86,52,34
"S00110443",109,71,38
"S00110444",69,45,24
"S00110445",118,55,63
"S00110446",81,56,25
"S00110447",85,42,43
"S00110448",126,67,59
"S00110449",141,85,56
"S00110450",105,62,43
"S00110451",114,56,58
"S00110452",102,58,44
"S00110453",85,50,35
"S00110454",112,71,41
"S00110455",126,82,44
"S00110456",154,87,67
"S00110457",123,65,58
"S00110458",82,40,42
"S00110459",91,59,32
"S00110460",103,54,49
"S00110461",76,37,39
"S00110462",78,42,36
"S00110463",77,42,35
"S00110464",68,23,45
"S00110465",75,30,45
"S00110466",79,55,24
"S00110467",135,70,65
"S00110468",109,73,36
"S00110469",78,48,30
"S00110470",116,57,59
"S00110471",84,54,30
"S00110472",102,59,43
"S00110473",89,81,8
"S00110474",65,28,37
"S00110475",69,63,6
"S00110476",115,63,52
"S00110477",97,83,14
"S00110478",82,55,27
"S00110479",66,36,30
"S00110480",120,77,43
"S00110481",123,63,60
"S00110482",102,46,56
"S00110483",106,60,46
"S00110484",73,58,15
"S00110485",81,35,46
"S00110486",89,31,58
"S00110487",90,46,44
"S00110488",63,27,36
"S00110489",89,33,56
"S00110490",55,43,12
"S00110491",64,52,12
"S00110492",55,44,11
"S00110493",104,76,28
"S00110494",101,75,26
"S00110495",92,56,36
"S00110496",47,37,10
"S00110497",57,46,11
"S00110498",96,69,27
"S00110499",63,45,18
"S00110500",104,54,50
"S00110501",48,32,16
"S00110502",62,44,18
"S00110503",105,54,51
"S00110504",119,73,46
"S00110505",81,68,13
"S00110506",69,52,17
"S00110507",142,61,81
"S00110508",80,47,33
"S00110509",99,66,33
"S00110510",79,56,23
"S00110511",90,66,24
"S00110512",80,38,42
"S00110513",146,68,78
"S00110514",112,68,44
"S00110515",90,53,37
"S00110516",116,52,64
"S00110517",65,34,31
"S00110518",125,63,62
"S00110519",62,30,32
"S00110520",161,86,75
"S00110521",112,45,67
"S00110522",72,45,27
"S00110523",95,59,36
"S00110524",70,45,25
"S00110525",80,42,38
"S00110526",52,44,8
"S00110527",103,58,45
"S00110528",48,32,16
"S00110529",80,44,36
"S00110530",120,74,46
"S00110531",68,50,18
"S00110532",71,45,26
"S00110533",72,38,34
"S00110534",81,69,12
"S00110535",92,40,52
"S00110536",70,60,10
"S00110537",107,73,34
"S00110538",80,54,26
"S00110539",87,57,30
"S00110540",73,53,20
"S00110541",57,41,16
"S00110542",69,39,30
"S00110543",76,55,21
"S00110544",48,33,15
"S00110545",75,30,45
"S00110546",71,44,27
"S00110547",77,37,40
"S00110548",90,39,51
"S00110549",81,31,50
"S00110550",119,73,46
"S00110551",76,45,31
"S00110552",58,34,24
"S00110553",55,51,4
"S00110554",106,79,27
"S00110555",76,43,33
"S00110556",95,58,37
"S00110557",70,32,38
"S00110558",63,39,24
"S00110559",89,49,40
"S00110560",89,43,46
"S00110561",146,44,102
"S00110562",85,36,49
"S00110563",93,35,58
"S00110564",71,39,32
"S00110565",85,38,47
"S00110566",90,50,40
"S00110567",116,86,30
"S00110568",129,51,78
"S00110569",73,52,21
"S00110570",107,43,64
"S00110571",81,33,48
"S00110572",153,47,106
"S00110573",120,34,86
"S00110574",107,36,71
"S00110575",88,68,20
"S00110576",103,51,52
"S00110577",83,57,26
"S00110578",125,73,52
"S00110579",102,77,25
"S00110580",120,68,52
"S00110581",120,73,47
"S00110582",118,79,39
"S00110583",100,73,27
"S00110584",47,38,9
"S00110585",122,61,61
"S00110586",108,54,54
"S00110587",100,52,48
"S00110588",97,38,59
"S00110589",111,39,72
"S00110590",64,54,10
"S00110591",102,39,63
"S00110592",87,55,32
"S00110593",103,42,61
"S00110594",89,52,37
"S00110595",103,55,48
"S00110596",120,62,58
"S00110597",84,46,38
"S00110598",94,50,44
"S00110599",65,29,36
"S00110600",92,45,47
"S00110601",90,43,47
"S00110602",96,50,46
"S00110603",122,62,60
"S00110604",97,57,40
"S00110605",93,59,34
"S00110606",116,58,58
"S00110607",109,59,50
"S00110608",99,55,44
"S00110609",78,52,26
"S00110610",122,53,69
"S00110611",122,48,74
"S00110612",104,68,36
"S00110613",78,52,26
"S00110614",59,39,20
"S00110615",73,59,14
"S00110616",83,43,40
"S00110617",86,43,43
"S00110618",70,32,38
"S00110619",122,59,63
"S00110620",78,26,52
"S00110621",100,63,37
"S00110622",66,42,24
"S00110623",63,33,30
"S00110624",109,74,35
"S00110625",60,30,30
"S00110626",52,32,20
"S00110627",84,54,30
"S00110628",120,75,45
"S00110629",55,32,23
"S00110630",57,40,17
"S00110631",74,54,20
"S00110632",79,47,32
"S00110633",89,55,34
"S00110634",98,61,37
"S00110635",73,45,28
"S00110636",61,39,22
"S00110637",93,51,42
"S00110638",75,33,42
"S00110639",69,41,28
"S00110640",83,25,58
"S00110641",87,64,23
"S00110642",86,31,55
"S00110643",61,25,36
"S00110644",114,60,54
"S00110645",89,56,33
"S00110646",107,58,49
"S00110647",106,60,46
"S00110648",65,45,20
"S00110649",91,45,46
"S00110650",72,39,33
"S00110651",105,52,53
"S00110652",71,39,32
"S00110653",66,50,16
"S00110654",129,58,71
"S00110655",116,54,62
"S00110656",75,39,36
"S00110657",100,47,53
"S00110658",85,38,47
"S00110659",88,56,32
"S00110660",99,51,48
"S00110661",80,52,28
"S00110662",107,61,46
"S00110663",106,50,56
"S00110664",87,35,52
"S00110665",101,39,62
"S00110666",83,44,39
"S00110667",101,69,32
"S00110668",72,40,32
"S00110669",123,47,76
"S00110670",153,46,107
"S00110671",87,23,64
"S00110672",96,26,70
"S00110673",80,31,49
"S00110674",119,34,85
"S00110675",140,54,86
"S00110676",140,46,94
"S00110677",90,20,70
"S00110678",62,18,44
"S00110679",94,58,36
"S00110680",95,52,43
"S00110681",106,45,61
"S00110682",76,44,32
"S00110683",134,44,90
"S00110684",151,54,97
"S00110685",90,20,70
"S00110686",130,76,54
"S00110687",149,75,74
"S00110688",71,34,37
"S00110689",130,77,53
"S00110690",81,46,35
"S00110691",199,77,122
"S00110692",125,46,79
"S00110693",93,39,54
"S00110694",71,45,26
"S00110695",109,33,76
"S00110696",116,55,61
"S00110697",147,59,88
"S00110698",88,34,54
"S00110699",112,64,48
"S00110700",57,45,12
"S00110701",88,34,54
"S00110702",53,13,40
"S00110703",114,60,54
"S00110704",85,43,42
"S00110705",90,52,38
"S00110706",76,39,37
"S00110707",102,66,36
"S00110708",111,67,44
"S00110709",86,48,38
"S00110710",88,53,35
"S00110711",76,37,39
"S00110712",96,52,44
"S00110713",105,55,50
"S00110714",58,27,31
"S00110715",97,42,55
"S00110716",114,52,62
"S00110717",88,46,42
"S00110718",128,72,56
"S00110719",78,44,34
"S00110720",81,42,39
"S00110721",98,54,44
"S00110722",67,31,36
"S00110723",113,53,60
"S00110724",115,29,86
"S00110725",77,49,28
"S00110726",96,45,51
"S00110727",88,50,38
"S00110728",87,44,43
"S00110729",72,51,21
"S00110730",108,60,48
"S00110731",82,74,8
"S00110732",100,62,38
"S00110733",48,27,21
"S00110734",83,64,19
"S00110735",119,79,40
"S00110736",109,75,34
"S00110737",116,70,46
"S00110738",94,85,9
"S00110739",101,70,31
"S00110740",118,71,47
"S00110741",85,48,37
"S00110742",82,41,41
"S00110743",81,47,34
"S00110744",93,39,54
"S00110745",82,51,31
"S00110746",68,34,34
"S00110747",72,57,15
"S00110748",86,52,34
"S00110749",84,31,53
"S00110750",78,38,40
"S00110751",159,104,55
"S00110752",74,28,46
"S00110753",69,41,28
"S00110754",82,36,46
"S00110755",70,33,37
"S00110756",76,34,42
"S00110757",73,47,26
"S00110758",102,74,28
"S00110759",102,60,42
"S00110760",97,51,46
"S00110761",153,98,55
"S00110762",111,67,44
"S00110763",105,59,46
"S00110764",109,80,29
"S00110765",98,55,43
"S00110766",155,59,96
"S00110767",133,46,87
"S00110768",193,126,67
"S00110769",106,67,39
"S00110770",113,37,76
"S00110771",83,29,54
"S00110772",72,42,30
"S00110773",56,43,13
"S00110774",91,48,43
"S00110775",95,54,41
"S00110776",83,55,28
"S00110777",101,62,39
"S00110778",151,64,87
"S00110779",79,38,41
"S00110780",82,40,42
"S00110781",121,66,55
"S00110782",90,50,40
"S00110783",99,56,43
"S00110784",76,31,45
"S00110785",84,40,44
"S00110786",69,31,38
"S00110787",80,20,60
"S00110788",113,34,79
"S00110789",130,45,85
"S00110790",92,51,41
"S00110791",112,72,40
"S00110792",83,46,37
"S00110793",104,56,48
"S00110794",132,65,67
"S00110795",95,55,40
"S00110796",62,35,27
"S00110797",80,38,42
"S00110798",103,61,42
"S00110799",64,49,15
"S00110800",97,57,40
"S00110801",83,61,22
"S00110802",82,40,42
"S00110803",81,47,34
"S00110804",111,65,46
"S00110805",101,74,27
"S00110806",134,89,45
"S00110807",125,82,43
"S00110808",93,45,48
"S00110809",92,48,44
"S00110810",108,42,66
"S00110811",69,37,32
"S00110812",98,53,45
"S00110813",83,37,46
"S00110814",64,38,26
"S00110815",85,56,29
"S00110816",83,53,30
"S00110817",73,17,56
"S00110818",70,32,38
"S00110819",70,44,26
"S00110820",98,52,46
"S00110821",81,43,38
"S00110822",115,41,74
"S00110823",105,60,45
"S00110824",88,54,34
"S00110825",116,67,49
"S00110826",85,59,26
"S00110827",65,35,30
"S00110828",107,62,45
"S00110829",84,52,32
"S00110830",99,41,58
"S00110831",202,74,128
"S00110832",74,15,59
"S00110833",82,43,39
"S00110834",93,47,46
"S00110835",107,51,56
"S00110836",89,51,38
"S00110837",84,48,36
"S00110838",66,62,4
"S00110839",152,96,56
"S00110840",117,83,34
"S00110841",114,87,27
"S00110842",84,53,31
"S00110843",70,52,18
"S00110844",102,47,55
"S00110845",89,46,43
"S00110846",86,57,29
"S00110847",77,33,44
"S00110848",84,42,42
"S00110849",94,28,66
"S00110850",96,63,33
"S00110851",64,34,30
"S00110852",75,47,28
"S00110853",68,43,25
"S00110854",70,48,22
"S00110855",72,47,25
"S00110856",108,39,69
"S00110857",66,34,32
"S00110858",70,22,48
"S00110859",106,74,32
"S00110860",82,54,28
"S00110861",131,56,75
"S00110862",103,56,47
"S00110863",71,42,29
"S00110864",41,10,31
"S00110865",68,37,31
"S00110866",61,25,36
"S00110867",79,38,41
"S00110868",77,33,44
"S00110869",89,40,49
"S00110870",113,56,57
"S00110871",127,73,54
"S00110872",112,74,38
"S00110873",118,62,56
"S00110874",114,58,56
"S00110875",79,40,39
"S00110876",98,65,33
"S00110877",80,48,32
"S00110878",91,40,51
"S00110879",98,54,44
"S00110880",75,56,19
"S00110881",122,77,45
"S00110882",58,24,34
"S00110883",57,19,38
"S00110884",71,27,44
"S00110885",56,18,38
"S00110886",67,44,23
"S00110887",65,24,41
"S00110888",71,25,46
"S00110889",95,52,43
"S00110890",53,20,33
"S00110891",121,61,60
"S00110892",53,35,18
"S00110893",102,44,58
"S00110894",125,63,62
"S00110895",44,40,4
"S00110896",96,56,40
"S00110897",100,63,37
"S00110898",70,18,52
"S00110899",83,53,30
"S00110900",137,72,65
"S00110901",84,27,57
"S00110902",110,66,44
"S00110903",104,62,42
"S00110904",138,53,85
"S00110905",80,26,54
"S00110906",106,59,47
"S00110907",115,58,57
"S00110908",95,52,43
"S00110909",90,43,47
"S00110910",76,34,42
"S00110911",78,36,42
"S00110912",76,47,29
"S00110913",62,34,28
"S00110914",58,42,16
"S00110915",82,43,39
"S00110916",79,41,38
"S00110917",86,34,52
"S00110918",51,26,25
"S00110919",96,53,43
"S00110920",95,39,56
"S00110921",69,44,25
"S00110922",63,34,29
"S00110923",55,20,35
"S00110924",104,37,67
"S00110925",86,41,45
"S00110926",95,57,38
"S00110927",73,25,48
"S00110928",61,41,20
"S00110929",73,42,31
"S00110930",70,36,34
"S00110931",51,19,32
"S00110932",77,27,50
"S00110933",134,68,66
"S00110934",71,23,48
"S00110935",102,44,58
"S00110936",52,32,20
"S00110937",85,38,47
"S00110938",51,27,24
"S00110939",77,28,49
"S00110940",79,43,36
"S00110941",105,71,34
"S00110942",127,74,53
"S00110943",62,47,15
"S00110944",75,39,36
"S00110945",141,51,90
"S00110946",64,34,30
"S00110947",75,41,34
"S00110948",81,45,36
"S00110949",115,55,60
"S00110950",57,10,47
"S00110951",73,29,44
"S00110952",121,39,82
"S00110953",48,26,22
"S00110954",69,25,44
"S00110955",51,28,23
"S00110956",91,29,62
"S00110957",83,35,48
"S00110958",61,32,29
"S00110959",81,55,26
"S00110960",45,15,30
"S00110961",50,29,21
"S00110962",87,44,43
"S00110963",115,40,75
"S00110964",107,54,53
"S00110965",41,17,24
"S00110966",131,57,74
"S00110967",73,39,34
"S00110968",119,45,74
"S00110969",93,59,34
"S00110970",62,15,47
"S00110971",87,45,42
"S00110972",77,22,55
"S00110973",53,19,34
"S00110974",158,106,52
"S00110975",142,46,96
"S00110976",90,46,44
"S00110977",67,43,24
"S00110978",126,52,74
"S00110979",125,52,73
"S00110980",105,51,54
"S00110981",108,63,45
"S00110982",131,44,87
"S00110983",120,79,41
"S00110984",107,44,63
"S00110985",103,40,63
"S00110986",61,35,26
"S00110987",81,45,36
"S00110988",126,39,87
"S00110989",49,25,24
"S00110990",72,33,39
"S00110991",125,65,60
"S00110992",93,43,50
"S00110993",87,33,54
"S00110994",111,51,60
"S00110995",90,58,32
"S00110996",87,34,53
"S00110997",120,60,60
"S00110998",69,14,55
"S00110999",88,40,48
"S00111000",93,52,41
"S00111001",84,55,29
"S00111002",85,47,38
"S00111003",150,66,84
"S00111004",92,47,45
"S00111005",152,56,96
"S00111006",85,34,51
"S00111007",117,49,68
"S00111008",109,52,57
"S00111009",120,54,66
"S00111010",133,66,67
"S00111011",111,51,60
"S00111012",83,51,32
"S00111013",110,57,53
"S00111014",89,41,48
"S00111015",57,29,28
"S00111016",78,33,45
"S00111017",132,54,78
"S00111018",73,35,38
"S00111019",108,55,53
"S00111020",46,29,17
"S00111021",83,43,40
"S00111022",124,70,54
"S00111023",129,63,66
"S00111024",69,27,42
"S00111025",147,84,63
"S00111026",121,30,91
"S00111027",106,46,60
"S00111028",92,42,50
"S00111029",107,41,66
"S00111030",41,10,31
"S00111031",134,61,73
"S00111032",105,53,52
"S00111033",210,139,71
"S00111034",58,31,27
"S00111035",81,59,22
"S00111036",67,47,20
"S00111037",130,76,54
"S00111038",128,97,31
"S00111039",53,41,12
"S00111040",67,35,32
"S00111041",102,62,40
"S00111042",54,48,6
"S00111043",128,79,49
"S00111044",63,45,18
"S00111045",70,52,18
"S00111046",142,64,78
"S00111047",116,43,73
"S00111048",68,24,44
"S00111049",100,66,34
"S00111050",70,32,38
"S00111051",101,53,48
"S00111052",75,57,18
"S00111053",129,71,58
"S00111054",110,52,58
"S00111055",84,44,40
"S00111056",73,51,22
"S00111057",49,37,12
"S00111058",92,69,23
"S00111059",128,50,78
"S00111060",121,34,87
"S00111061",69,25,44
"S00111062",109,49,60
"S00111063",62,18,44
"S00111064",87,52,35
"S00111065",84,41,43
"S00111066",87,25,62
"S00111067",84,25,59
"S00111068",85,26,59
"S00111069",86,42,44
"S00111070",108,36,72
"S00111071",110,44,66
"S00111072",100,35,65
"S00111073",91,37,54
"S00111074",156,64,92
"S00111075",72,51,21
"S00111076",85,35,50
"S00111077",135,49,86
"S00111078",106,61,45
"S00111079",68,53,15
"S00111080",69,48,21
"S00111081",77,59,18
"S00111082",78,56,22
"S00111083",146,78,68
"S00111084",111,52,59
"S00111085",78,24,54
"S00111086",104,44,60
"S00111087",130,66,64
"S00111088",126,38,88
"S00111089",91,38,53
"S00111090",90,26,64
"S00111091",83,25,58
"S00111092",123,65,58
"S00111093",97,31,66
"S00111094",149,76,73
"S00111095",85,33,52
"S00111096",80,35,45
"S00111097",96,41,55
"S00111098",78,26,52
"S00111099",71,43,28
"S00111100",108,48,60
"S00111101",110,55,55
"S00111102",122,107,15
"S00111103",90,68,22
"S00111104",154,137,17
"S00111105",123,86,37
"S00111106",138,115,23
"S00111107",108,94,14
"S00111108",107,73,34
"S00111109",86,72,14
"S00111110",143,108,35
"S00111111",122,99,23
"S00111112",133,103,30
"S00111113",98,60,38
"S00111114",103,58,45
"S00111115",66,38,28
"S00111116",90,58,32
"S00111117",77,42,35
"S00111118",66,43,23
"S00111119",44,27,17
"S00111120",91,52,39
"S00111121",78,37,41
"S00111122",108,61,47
"S00111123",67,43,24
"S00111124",81,43,38
"S00111125",111,79,32
"S00111126",140,79,61
"S00111127",93,46,47
"S00111128",99,40,59
"S00111129",89,49,40
"S00111130",113,57,56
"S00111131",113,76,37
"S00111132",113,88,25
"S00111133",85,28,57
"S00111134",135,75,60
"S00111135",93,44,49
"S00111136",103,87,16
"S00111137",118,97,21
"S00111138",114,79,35
"S00111139",98,63,35
"S00111140",55,25,30
"S00111141",91,49,42
"S00111142",108,86,22
"S00111143",424,384,40
"S00111144",161,72,89
"S00111145",509,461,48
"S00111146",50,22,28
"S00111147",63,31,32
"S00111148",102,41,61
"S00111149",146,76,70
"S00111150",79,58,21
"S00111151",148,126,22
"S00111152",154,109,45
"S00111153",1884,1841,43
"S00111154",178,145,33
"S00111155",213,189,24
"S00111156",284,249,35
"S00111157",129,109,20
"S00111158",173,152,21
"S00111159",399,373,26
"S00111160",137,120,17
"S00111161",210,199,11
"S00111162",71,60,11
"S00111163",117,104,13
"S00111164",65,48,17
"S00111165",345,318,27
"S00111166",97,73,24
"S00111167",131,117,14
"S00111168",145,133,12
"S00111169",76,57,19
"S00111170",156,134,22
"S00111171",50,37,13
"S00111172",204,167,37
"S00111173",113,107,6
"S00111174",116,106,10
"S00111175",88,28,60
"S00111176",97,25,72
"S00111177",144,67,77
"S00111178",95,51,44
"S00111179",91,52,39
"S00111180",109,52,57
"S00111181",110,64,46
"S00111182",118,54,64
"S00111183",102,60,42
"S00111184",92,37,55
"S00111185",64,38,26
"S00111186",66,40,26
"S00111187",103,56,47
"S00111188",124,66,58
"S00111189",91,41,50
"S00111190",86,43,43
"S00111191",127,56,71
"S00111192",66,35,31
"S00111193",76,43,33
"S00111194",75,37,38
"S00111195",77,28,49
"S00111196",92,51,41
"S00111197",95,12,83
"S00111198",98,6,92
"S00111199",71,7,64
"S00111200",78,32,46
"S00111201",120,64,56
"S00111202",127,55,72
"S00111203",111,72,39
"S00111204",88,22,66
"S00111205",91,13,78
"S00111206",426,378,48
"S00111207",104,21,83
"S00111208",74,14,60
"S00111209",94,48,46
"S00111210",122,60,62
"S00111211",69,21,48
"S00111212",127,51,76
"S00111213",83,38,45
"S00111214",75,41,34
"S00111215",112,46,66
"S00111216",83,25,58
"S00111217",104,28,76
"S00111218",128,42,86
"S00111219",124,51,73
"S00111220",105,16,89
"S00111221",47,33,14
"S00111222",93,26,67
"S00111223",84,27,57
"S00111224",120,36,84
"S00111225",108,35,73
"S00111226",102,29,73
"S00111227",87,47,40
"S00111228",154,49,105
"S00111229",123,43,80
"S00111230",75,36,39
"S00111231",91,33,58
"S00111232",102,35,67
"S00111233",88,40,48
"S00111234",136,85,51
"S00111235",88,24,64
"S00111236",131,69,62
"S00111237",88,34,54
"S00111238",104,50,54
"S00111239",144,72,72
"S00111240",73,29,44
"S00111241",102,64,38
"S00111242",82,41,41
"S00111243",46,16,30
"S00111244",98,42,56
"S00111245",73,36,37
"S00111246",124,51,73
"S00111247",59,45,14
"S00111248",72,40,32
"S00111249",79,46,33
"S00111250",61,51,10
"S00111251",102,30,72
"S00111252",137,55,82
"S00111253",91,41,50
"S00111254",79,27,52
"S00111255",121,39,82
"S00111256",98,66,32
"S00111257",95,45,50
"S00111258",89,38,51
"S00111259",79,33,46
"S00111260",74,34,40
"S00111261",72,33,39
"S00111262",85,52,33
"S00111263",79,43,36
"S00111264",61,40,21
"S00111265",154,97,57
"S00111266",160,103,57
"S00111267",75,48,27
"S00111268",65,29,36
"S00111269",70,26,44
"S00111270",75,49,26
"S00111271",68,61,7
"S00111272",72,29,43
"S00111273",76,21,55
"S00111274",56,24,32
"S00111275",65,32,33
"S00111276",84,60,24
"S00111277",99,45,54
"S00111278",96,44,52
"S00111279",74,46,28
"S00111280",70,30,40
"S00111281",51,15,36
"S00111282",60,21,39
"S00111283",101,67,34
"S00111284",91,56,35
"S00111285",53,37,16
"S00111286",81,35,46
"S00111287",100,77,23
"S00111288",79,23,56
"S00111289",102,38,64
"S00111290",95,33,62
"S00111291",114,38,76
"S00111292",76,24,52
"S00111293",102,34,68
"S00111294",104,37,67
"S00111295",89,38,51
"S00111296",70,36,34
"S00111297",49,33,16
"S00111298",87,47,40
"S00111299",68,46,22
"S00111300",71,33,38
"S00111301",96,60,36
"S00111302",77,37,40
"S00111303",50,30,20
"S00111304",96,52,44
"S00111305",52,29,23
"S00111306",50,30,20
"S00111307",90,40,50
"S00111308",102,81,21
"S00111309",139,69,70
"S00111310",92,38,54
"S00111311",90,38,52
"S00111312",77,59,18
"S00111313",69,51,18
"S00111314",80,53,27
"S00111315",58,43,15
"S00111316",99,59,40
"S00111317",82,50,32
"S00111318",62,50,12
"S00111319",134,58,76
"S00111320",166,49,117
"S00111321",148,56,92
"S00111322",122,60,62
"S00111323",79,33,46
"S00111324",105,44,61
"S00111325",84,36,48
"S00111326",104,59,45
"S00111327",144,47,97
"S00111328",119,32,87
"S00111329",59,33,26
"S00111330",156,76,80
"S00111331",100,39,61
"S00111332",59,39,20
"S00111333",75,59,16
"S00111334",94,67,27
"S00111335",129,51,78
"S00111336",80,50,30
"S00111337",79,48,31
"S00111338",56,19,37
"S00111339",97,55,42
"S00111340",96,42,54
"S00111341",103,27,76
"S00111342",54,22,32
"S00111343",106,55,51
"S00111344",81,35,46
"S00111345",47,16,31
"S00111346",138,61,77
"S00111347",105,43,62
"S00111348",43,17,26
"S00111349",111,29,82
"S00111350",143,72,71
"S00111351",73,29,44
"S00111352",99,45,54
"S00111353",47,19,28
"S00111354",78,30,48
"S00111355",127,37,90
"S00111356",109,33,76
"S00111357",65,17,48
"S00111358",109,45,64
"S00111359",84,21,63
"S00111360",60,30,30
"S00111361",109,65,44
"S00111362",63,25,38
"S00111363",86,44,42
"S00111364",88,42,46
"S00111365",50,14,36
"S00111366",63,43,20
"S00111367",77,40,37
"S00111368",57,27,30
"S00111369",94,34,60
"S00111370",80,44,36
"S00111371",74,51,23
"S00111372",61,40,21
"S00111373",96,42,54
"S00111374",58,27,31
"S00111375",99,48,51
"S00111376",53,24,29
"S00111377",86,44,42
"S00111378",83,35,48
"S00111379",63,32,31
"S00111380",48,42,6
"S00111381",126,35,91
"S00111382",85,41,44
"S00111383",66,39,27
"S00111384",71,41,30
"S00111385",94,45,49
"S00111386",87,41,46
"S00111387",103,39,64
"S00111388",110,38,72
"S00111389",88,44,44
"S00111390",135,44,91
"S00111391",58,32,26
"S00111392",104,69,35
"S00111393",92,64,28
"S00111394",101,31,70
"S00111395",111,53,58
"S00111396",85,36,49
"S00111397",129,43,86
"S00111398",77,25,52
"S00111399",121,74,47
"S00111400",112,40,72
"S00111401",85,39,46
"S00111402",59,28,31
"S00111403",86,38,48
"S00111404",55,28,27
"S00111405",117,35,82
"S00111406",111,35,76
"S00111407",173,62,111
"S00111408",84,28,56
"S00111409",56,36,20
"S00111410",67,27,40
"S00111411",62,22,40
"S00111412",141,41,100
"S00111413",58,18,40
"S00111414",100,43,57
"S00111415",136,51,85
"S00111416",62,32,30
"S00111417",44,18,26
"S00111418",89,38,51
"S00111419",51,21,30
"S00111420",110,43,67
"S00111421",66,46,20
"S00111422",69,17,52
"S00111423",62,24,38
"S00111424",84,50,34
"S00111425",95,45,50
"S00111426",77,47,30
"S00111427",80,54,26
"S00111428",75,48,27
"S00111429",72,49,23
"S00111430",131,66,65
"S00111431",79,25,54
"S00111432",53,29,24
"S00111433",95,26,69
"S00111434",61,19,42
"S00111435",87,51,36
"S00111436",95,36,59
"S00111437",155,63,92
"S00111438",103,40,63
"S00111439",59,23,36
"S00111440",60,27,33
"S00111441",62,26,36
"S00111442",64,31,33
"S00111443",92,38,54
"S00111444",104,41,63
"S00111445",73,32,41
"S00111446",69,29,40
"S00111447",59,21,38
"S00111448",112,55,57
"S00111449",116,57,59
"S00111450",49,21,28
"S00111451",64,45,19
"S00111452",115,44,71
"S00111453",83,48,35
"S00111454",92,53,39
"S00111455",120,67,53
"S00111456",137,38,99
"S00111457",50,20,30
"S00111458",69,16,53
"S00111459",71,37,34
"S00111460",68,38,30
"S00111461",92,38,54
"S00111462",113,55,58
"S00111463",40,14,26
"S00111464",104,45,59
"S00111465",69,24,45
"S00111466",122,37,85
"S00111467",85,29,56
"S00111468",87,27,60
"S00111469",69,25,44
"S00111470",69,45,24
"S00111471",72,34,38
"S00111472",111,49,62
"S00111473",147,63,84
"S00111474",65,40,25
"S00111475",62,40,22
"S00111476",47,23,24
"S00111477",67,45,22
"S00111478",99,11,88
"S00111479",51,15,36
"S00111480",123,45,78
"S00111481",95,43,52
"S00111482",50,36,14
"S00111483",52,38,14
"S00111484",86,34,52
"S00111485",42,20,22
"S00111486",73,41,32
"S00111487",51,27,24
"S00111488",54,24,30
"S00111489",66,40,26
"S00111490",106,40,66
"S00111491",108,74,34
"S00111492",93,59,34
"S00111493",100,35,65
"S00111494",60,28,32
"S00111495",45,26,19
"S00111496",74,42,32
"S00111497",83,35,48
"S00111498",91,34,57
"S00111499",233,141,92
"S00111500",120,30,90
"S00111501",85,35,50
"S00111502",106,41,65
"S00111503",77,33,44
"S00111504",105,53,52
"S00111505",105,55,50
"S00111506",85,36,49
"S00111507",99,22,77
"S00111508",133,51,82
"S00111509",88,23,65
"S00111510",74,37,37
"S00111511",129,41,88
"S00111512",72,31,41
"S00111513",102,66,36
"S00111514",92,32,60
"S00111515",141,43,98
"S00111516",146,46,100
"S00111517",165,58,107
"S00111518",80,39,41
"S00111519",156,48,108
"S00111520",97,32,65
"S00111521",127,48,79
"S00111522",71,43,28
"S00111523",79,34,45
"S00111524",122,67,55
"S00111525",71,36,35
"S00111526",132,40,92
"S00111527",61,13,48
"S00111528",103,46,57
"S00111529",85,33,52
"S00111530",102,48,54
"S00111531",117,47,70
"S00111532",46,26,20
"S00111533",66,46,20
"S00111534",72,14,58
"S00111535",86,28,58
"S00111536",72,24,48
"S00111537",80,25,55
"S00111538",70,24,46
"S00111539",41,17,24
"S00111540",65,18,47
"S00111541",161,79,82
"S00111542",55,17,38
"S00111543",69,59,10
"S00111544",88,42,46
"S00111545",95,25,70
"S00111546",46,24,22
"S00111547",113,79,34
"S00111548",66,45,21
"S00111549",103,31,72
"S00111550",119,57,62
"S00111551",104,59,45
"S00111552",73,37,36
"S00111553",64,35,29
"S00111554",53,17,36
"S00111555",83,57,26
"S00111556",95,42,53
"S00111557",145,73,72
"S00111558",75,43,32
"S00111559",48,30,18
"S00111560",62,26,36
"S00111561",90,34,56
"S00111562",83,33,50
"S00111563",62,28,34
"S00111564",101,61,40
"S00111565",66,44,22
"S00111566",90,42,48
"S00111567",61,33,28
"S00111568",63,32,31
"S00111569",117,56,61
"S00111570",57,41,16
"S00111571",90,55,35
"S00111572",98,31,67
"S00111573",61,26,35
"S00111574",106,54,52
"S00111575",53,21,32
"S00111576",57,52,5
"S00111577",64,55,9
"S00111578",94,43,51
"S00111579",68,50,18
"S00111580",108,56,52
"S00111581",67,49,18
"S00111582",142,100,42
"S00111583",81,31,50
"S00111584",63,30,33
"S00111585",74,50,24
"S00111586",61,33,28
"S00111587",51,26,25
"S00111588",86,46,40
"S00111589",111,43,68
"S00111590",105,49,56
"S00111591",48,39,9
"S00111592",70,40,30
"S00111593",55,31,24
"S00111594",60,34,26
"S00111595",54,44,10
"S00111596",51,34,17
"S00111597",51,37,14
"S00111598",57,40,17
"S00111599",104,70,34
"S00111600",49,39,10
"S00111601",61,41,20
"S00111602",56,46,10
"S00111603",86,52,34
"S00111604",64,32,32
"S00111605",104,67,37
"S00111606",56,14,42
"S00111607",125,57,68
"S00111608",65,42,23
"S00111609",71,40,31
"S00111610",94,73,21
"S00111611",70,36,34
"S00111612",110,67,43
"S00111613",46,20,26
"S00111614",77,37,40
"S00111615",65,35,30
"S00111616",151,61,90
"S00111617",63,43,20
"S00111618",65,32,33
"S00111619",93,63,30
"S00111620",44,21,23
"S00111621",106,49,57
"S00111622",42,23,19
"S00111623",70,44,26
"S00111624",67,39,28
"S00111625",106,64,42
"S00111626",46,30,16
"S00111627",96,58,38
"S00111628",112,76,36
"S00111629",86,38,48
"S00111630",62,26,36
"S00111631",57,29,28
"S00111632",89,48,41
"S00111633",76,22,54
"S00111634",104,24,80
"S00111635",45,41,4
"S00111636",94,55,39
"S00111637",101,58,43
"S00111638",66,37,29
"S00111639",61,29,32
"S00111640",85,25,60
"S00111641",51,31,20
"S00111642",113,77,36
"S00111643",59,17,42
"S00111644",151,36,115
"S00111645",122,58,64
"S00111646",129,36,93
"S00111647",112,36,76
"S00111648",119,23,96
"S00111649",79,29,50
"S00111650",100,29,71
"S00111651",146,43,103
"S00111652",170,73,97
"S00111653",60,17,43
"S00111654",135,47,88
"S00111655",152,67,85
"S00111656",83,30,53
"S00111657",165,45,120
"S00111658",67,57,10
"S00111659",76,38,38
"S00111660",82,52,30
"S00111661",99,34,65
"S00111662",127,48,79
"S00111663",91,59,32
"S00111664",129,55,74
"S00111665",109,37,72
"S00111666",149,41,108
"S00111667",136,66,70
"S00111668",154,106,48
"S00111669",96,64,32
"S00111670",104,24,80
"S00111671",132,78,54
"S00111672",160,57,103
"S00111673",115,25,90
"S00111674",97,61,36
"S00111675",153,54,99
"S00111676",115,87,28
"S00111677",115,45,70
"S00111678",137,63,74
"S00111679",126,27,99
"S00111680",91,23,68
"S00111681",98,42,56
"S00111682",114,39,75
"S00111683",130,40,90
"S00111684",120,52,68
"S00111685",149,41,108
"S00111686",68,24,44
"S00111687",181,51,130
"S00111688",109,53,56
"S00111689",60,16,44
"S00111690",146,46,100
"S00111691",152,31,121
"S00111692",107,20,87
"S00111693",193,100,93
"S00111694",133,25,108
"S00111695",162,49,113
"S00111696",63,19,44
"S00111697",107,32,75
"S00111698",126,37,89
"S00111699",52,24,28
"S00111700",86,22,64
"S00111701",84,26,58
"S00111702",127,51,76
"S00111703",69,29,40
"S00111704",123,37,86
"S00111705",88,48,40
"S00111706",95,37,58
"S00111707",68,18,50
"S00111708",42,6,36
"S00111709",104,40,64
"S00111710",112,49,63
"S00111711",124,67,57
"S00111712",159,39,120
"S00111713",72,20,52
"S00111714",164,54,110
"S00111715",67,13,54
"S00111716",174,70,104
"S00111717",144,50,94
"S00111718",75,29,46
"S00111719",87,35,52
"S00111720",88,28,60
"S00111721",74,28,46
"S00111722",81,29,52
"S00111723",79,31,48
"S00111724",76,30,46
"S00111725",85,31,54
"S00111726",72,33,39
"S00111727",106,39,67
"S00111728",92,35,57
"S00111729",103,58,45
"S00111730",115,43,72
"S00111731",58,19,39
"S00111732",111,33,78
"S00111733",89,64,25
"S00111734",96,64,32
"S00111735",76,52,24
"S00111736",126,72,54
"S00111737",126,49,77
"S00111738",148,40,108
"S00111739",165,43,122
"S00111740",70,23,47
"S00111741",100,24,76
"S00111742",88,23,65
"S00111743",60,14,46
"S00111744",157,60,97
"S00111745",144,45,99
"S00111746",58,17,41
"S00111747",72,12,60
"S00111748",100,39,61
"S00111749",74,26,48
"S00111750",136,58,78
"S00111751",96,28,68
"S00111752",56,38,18
"S00111753",49,23,26
"S00111754",99,43,56
"S00111755",66,24,42
"S00111756",134,69,65
"S00111757",94,37,57
"S00111758",100,59,41
"S00111759",76,44,32
"S00111760",98,61,37
"S00111761",107,30,77
"S00111762",47,15,32
"S00111763",115,32,83
"S00111764",72,16,56
"S00111765",82,67,15
"S00111766",45,21,24
"S00111767",83,20,63
"S00111768",105,27,78
"S00111769",85,30,55
"S00111770",72,43,29
"S00111771",45,27,18
"S00111772",136,71,65
"S00111773",101,62,39
"S00111774",101,60,41
"S00111775",64,42,22
"S00111776",58,46,12
"S00111777",115,92,23
"S00111778",51,27,24
"S00111779",68,38,30
"S00111780",97,42,55
"S00111781",69,37,32
"S00111782",120,68,52
"S00111783",80,38,42
"S00111784",80,47,33
"S00111785",63,34,29
"S00111786",139,76,63
"S00111787",114,79,35
"S00111788",62,18,44
"S00111789",46,16,30
"S00111790",106,41,65
"S00111791",113,51,62
"S00111792",97,36,61
"S00111793",58,22,36
"S00111794",112,45,67
"S00111795",58,41,17
"S00111796",115,101,14
"S00111797",122,49,73
"S00111798",68,26,42
"S00111799",64,22,42
"S00111800",59,27,32
"S00111801",102,44,58
"S00111802",76,18,58
"S00111803",115,60,55
"S00111804",64,41,23
"S00111805",63,51,12
"S00111806",61,47,14
"S00111807",80,57,23
"S00111808",73,61,12
"S00111809",77,28,49
"S00111810",199,83,116
"S00111811",82,38,44
"S00111812",169,64,105
"S00111813",132,47,85
"S00111814",76,64,12
"S00111815",86,68,18
"S00111816",46,24,22
"S00111817",51,14,37
"S00111818",125,45,80
"S00111819",168,119,49
"S00111820",146,63,83
"S00111821",132,111,21
"S00111822",55,9,46
"S00111823",120,30,90
"S00111824",109,37,72
"S00111825",144,54,90
"S00111826",170,50,120
"S00111827",74,39,35
"S00111828",115,44,71
"S00111829",135,78,57
"S00111830",83,45,38
"S00111831",74,50,24
"S00111832",113,49,64
"S00111833",113,39,74
"S00111834",46,21,25
"S00111835",134,40,94
"S00111836",135,54,81
"S00111837",124,50,74
"S00111838",134,44,90
"S00111839",92,28,64
"S00111840",98,32,66
"S00111841",144,64,80
"S00111842",104,54,50
"S00111843",91,33,58
"S00111844",123,52,71
"S00111845",70,26,44
"S00111846",61,45,16
"S00111847",64,24,40
"S00111848",138,47,91
"S00111849",89,46,43
"S00111850",50,44,6
"S00111851",94,68,26
"S00111852",92,57,35
"S00111853",58,20,38
"S00111854",57,28,29
"S00111855",114,62,52
"S00111856",53,27,26
"S00111857",73,34,39
"S00111858",64,37,27
"S00111859",43,33,10
"S00111860",102,69,33
"S00111861",94,61,33
"S00111862",69,44,25
"S00111863",52,42,10
"S00111864",80,76,4
"S00111865",116,39,77
"S00111866",197,61,136
"S00111867",60,28,32
"S00111868",112,31,81
"S00111869",66,20,46
"S00111870",142,90,52
"S00111871",80,24,56
"S00111872",119,47,72
"S00111873",139,52,87
"S00111874",62,20,42
"S00111875",60,18,42
"S00111876",117,84,33
"S00111877",56,40,16
"S00111878",73,55,18
"S00111879",107,79,28
"S00111880",57,44,13
"S00111881",109,50,59
"S00111882",90,40,50
"S00111883",81,56,25
"S00111884",69,47,22
"S00111885",70,54,16
"S00111886",69,42,27
"S00111887",79,52,27
"S00111888",112,84,28
"S00111889",83,62,21
"S00111890",73,51,22
"S00111891",74,51,23
"S00111892",108,69,39
"S00111893",66,38,28
"S00111894",71,60,11
"S00111895",126,94,32
"S00111896",56,32,24
"S00111897",51,35,16
"S00111898",91,32,59
"S00111899",134,52,82
"S00111900",64,39,25
"S00111901",58,26,32
"S00111902",130,59,71
"S00111903",47,36,11
"S00111904",93,65,28
"S00111905",119,69,50
"S00111906",139,44,95
"S00111907",70,24,46
"S00111908",107,55,52
"S00111909",48,22,26
"S00111910",133,48,85
"S00111911",108,35,73
"S00111912",89,22,67
"S00111913",69,24,45
"S00111914",145,56,89
"S00111915",65,36,29
"S00111916",95,51,44
"S00111917",67,49,18
"S00111918",144,68,76
"S00111919",186,61,125
"S00111920",61,35,26
"S00111921",79,20,59
"S00111922",43,25,18
"S00111923",90,66,24
"S00111924",56,30,26
"S00111925",56,29,27
"S00111926",108,37,71
"S00111927",115,45,70
"S00111928",98,78,20
"S00111929",71,25,46
"S00111930",49,27,22
"S00111931",100,46,54
"S00111932",60,32,28
"S00111933",105,60,45
"S00111934",75,25,50
"S00111935",96,49,47
"S00111936",141,73,68
"S00111937",113,63,50
"S00111938",56,28,28
"S00111939",79,45,34
"S00111940",78,51,27
"S00111941",79,43,36
"S00111942",135,92,43
"S00111943",70,42,28
"S00111944",86,66,20
"S00111945",100,58,42
"S00111946",94,58,36
"S00111947",143,50,93
"S00111948",144,77,67
"S00111949",78,34,44
"S00111950",100,46,54
"S00111951",75,53,22
"S00111952",62,32,30
"S00111953",50,36,14
"S00111954",108,85,23
"S00111955",82,48,34
"S00111956",65,36,29
"S00111957",104,46,58
"S00111958",53,36,17
"S00111959",67,27,40
"S00111960",85,81,4
"S00111961",75,61,14
"S00111962",51,31,20
"S00111963",117,74,43
"S00111964",100,69,31
"S00111965",75,51,24
"S00111966",174,107,67
"S00111967",150,83,67
"S00111968",87,53,34
"S00111969",60,54,6
"S00111970",127,90,37
"S00111971",75,45,30
"S00111972",115,55,60
"S00111973",135,43,92
"S00111974",106,36,70
"S00111975",65,39,26
"S00111976",114,32,82
"S00111977",90,25,65
"S00111978",93,61,32
"S00111979",61,35,26
"S00111980",89,58,31
"S00111981",95,53,42
"S00111982",113,61,52
"S00111983",138,58,80
"S00111984",52,18,34
"S00111985",123,65,58
"S00111986",61,39,22
"S00111987",104,48,56
"S00111988",165,55,110
"S00111989",108,35,73
"S00111990",86,21,65
"S00111991",137,53,84
"S00111992",82,29,53
"S00111993",65,29,36
"S00111994",60,14,46
"S00111995",136,65,71
"S00111996",88,68,20
"S00111997",102,65,37
"S00111998",80,50,30
"S00111999",85,65,20
"S00112000",62,30,32
"S00112001",117,77,40
"S00112002",146,77,69
"S00112003",100,30,70
"S00112004",105,25,80
"S00112005",90,21,69
"S00112006",47,44,3
"S00112007",97,23,74
"S00112008",101,49,52
"S00112009",101,41,60
"S00112010",62,42,20
"S00112011",77,43,34
"S00112012",130,39,91
"S00112013",77,47,30
"S00112014",107,60,47
"S00112015",74,16,58
"S00112016",144,42,102
"S00112017",77,29,48
"S00112018",109,89,20
"S00112019",56,27,29
"S00112020",96,54,42
"S00112021",108,37,71
"S00112022",80,37,43
"S00112023",75,39,36
"S00112024",84,34,50
"S00112025",92,41,51
"S00112026",102,38,64
"S00112027",60,21,39
"S00112028",87,26,61
"S00112029",100,37,63
"S00112030",55,18,37
"S00112031",108,33,75
"S00112032",69,45,24
"S00112033",65,23,42
"S00112034",72,51,21
"S00112035",71,32,39
"S00112036",74,42,32
"S00112037",136,76,60
"S00112038",121,49,72
"S00112039",96,55,41
"S00112040",87,39,48
"S00112041",83,41,42
"S00112042",68,25,43
"S00112043",121,43,78
"S00112044",69,27,42
"S00112045",91,44,47
"S00112046",78,36,42
"S00112047",98,35,63
"S00112048",106,58,48
"S00112049",108,45,63
"S00112050",87,37,50
"S00112051",71,35,36
"S00112052",87,35,52
"S00112053",102,52,50
"S00112054",146,81,65
"S00112055",66,21,45
"S00112056",81,51,30
"S00112057",77,32,45
"S00112058",73,35,38
"S00112059",86,57,29
"S00112060",49,30,19
"S00112061",126,74,52
"S00112062",54,15,39
"S00112063",50,30,20
"S00112064",136,57,79
"S00112065",89,53,36
"S00112066",58,36,22
"S00112067",65,19,46
"S00112068",121,47,74
"S00112069",99,29,70
"S00112070",78,46,32
"S00112071",58,19,39
"S00112072",125,36,89
"S00112073",52,30,22
"S00112074",107,33,74
"S00112075",189,97,92
"S00112076",69,13,56
"S00112077",69,25,44
"S00112078",84,34,50
"S00112079",85,27,58
"S00112080",74,26,48
"S00112081",95,41,54
"S00112082",138,132,6
"S00112083",64,54,10
"S00112084",103,74,29
"S00112085",51,35,16
"S00112086",122,107,15
"S00112087",52,39,13
"S00112088",76,39,37
"S00112089",81,50,31
"S00112090",74,22,52
"S00112091",66,18,48
"S00112092",108,38,70
"S00112093",166,151,15
"S00112094",48,48,0
"S00112095",102,100,2
"S00112096",158,141,17
"S00112097",126,115,11
"S00112098",87,77,10
"S00112099",137,73,64
"S00112100",103,53,50
"S00112101",79,40,39
"S00112102",92,40,52
"S00112103",57,27,30
"S00112104",137,42,95
"S00112105",87,27,60
"S00112106",69,29,40
"S00112107",81,26,55
"S00112108",86,38,48
"S00112109",59,41,18
"S00112110",65,46,19
"S00112111",66,28,38
"S00112112",112,53,59
"S00112113",122,70,52
"S00112114",97,50,47
"S00112115",65,41,24
"S00112116",75,38,37
"S00112117",132,72,60
"S00112118",60,37,23
"S00112119",102,38,64
"S00112120",135,40,95
"S00112121",102,70,32
"S00112122",79,58,21
"S00112123",84,54,30
"S00112124",114,37,77
"S00112125",63,14,49
"S00112126",110,77,33
"S00112127",135,90,45
"S00112128",100,74,26
"S00112129",117,72,45
"S00112130",80,66,14
"S00112131",61,42,19
"S00112132",106,78,28
"S00112133",82,20,62
"S00112134",99,33,66
"S00112135",94,38,56
"S00112136",62,18,44
"S00112137",152,50,102
"S00112138",125,28,97
"S00112139",59,26,33
"S00112140",124,44,80
"S00112141",99,49,50
"S00112142",92,46,46
"S00112143",128,42,86
"S00112144",135,44,91
"S00112145",119,37,82
"S00112146",136,30,106
"S00112147",134,45,89
"S00112148",77,20,57
"S00112149",74,14,60
"S00112150",98,42,56
"S00112151",47,24,23
"S00112152",148,59,89
"S00112153",155,81,74
"S00112154",46,28,18
"S00112155",145,89,56
"S00112156",102,51,51
"S00112157",98,50,48
"S00112158",145,61,84
"S00112159",99,69,30
"S00112160",253,240,13
"S00112161",90,79,11
"S00112162",66,54,12
"S00112163",99,96,3
"S00112164",96,80,16
"S00112165",79,70,9
"S00112166",163,138,25
"S00112167",65,58,7
"S00112168",94,65,29
"S00112169",98,79,19
"S00112170",106,92,14
"S00112171",131,112,19
"S00112172",81,71,10
"S00112173",79,75,4
"S00112174",91,75,16
"S00112175",108,93,15
"S00112176",98,86,12
"S00112177",54,46,8
"S00112178",54,43,11
"S00112179",73,65,8
"S00112180",139,129,10
"S00112181",69,61,8
"S00112182",97,80,17
"S00112183",125,111,14
"S00112184",123,107,16
"S00112185",60,54,6
"S00112186",61,56,5
"S00112187",69,55,14
"S00112188",82,56,26
"S00112189",120,70,50
"S00112190",109,71,38
"S00112191",119,73,46
"S00112192",130,111,19
"S00112193",111,83,28
"S00112194",78,68,10
"S00112195",76,60,16
"S00112196",112,80,32
"S00112197",77,64,13
"S00112198",89,78,11
"S00112199",109,73,36
"S00112200",98,62,36
"S00112201",114,110,4
"S00112202",55,45,10
"S00112203",114,99,15
"S00112204",155,140,15
"S00112205",93,77,16
"S00112206",71,53,18
"S00112207",70,66,4
"S00112208",117,97,20
"S00112209",68,45,23
"S00112210",77,61,16
"S00112211",101,83,18
"S00112212",73,72,1
"S00112213",156,143,13
"S00112214",110,91,19
"S00112215",108,104,4
"S00112216",121,118,3
"S00112217",120,102,18
"S00112218",88,76,12
"S00112219",91,65,26
"S00112220",99,77,22
"S00112221",95,74,21
"S00112222",47,31,16
"S00112223",93,77,16
"S00112224",138,124,14
"S00112225",126,109,17
"S00112226",122,84,38
"S00112227",85,71,14
"S00112228",59,48,11
"S00112229",64,45,19
"S00112230",49,32,17
"S00112231",84,63,21
"S00112232",72,41,31
"S00112233",48,34,14
"S00112234",85,57,28
"S00112235",67,57,10
"S00112236",66,57,9
"S00112237",79,59,20
"S00112238",72,58,14
"S00112239",95,67,28
"S00112240",96,76,20
"S00112241",61,41,20
"S00112242",76,72,4
"S00112243",113,96,17
"S00112244",107,95,12
"S00112245",102,81,21
"S00112246",79,63,16
"S00112247",142,122,20
"S00112248",90,77,13
"S00112249",61,49,12
"S00112250",64,52,12
"S00112251",48,43,5
"S00112252",61,52,9
"S00112253",114,101,13
"S00112254",135,114,21
"S00112255",67,51,16
"S00112256",93,69,24
"S00112257",106,90,16
"S00112258",133,105,28
"S00112259",86,72,14
"S00112260",101,87,14
"S00112261",115,82,33
"S00112262",54,36,18
"S00112263",75,48,27
"S00112264",49,47,2
"S00112265",96,70,26
"S00112266",92,72,20
"S00112267",62,50,12
"S00112268",86,68,18
"S00112269",81,54,27
"S00112270",146,122,24
"S00112271",138,131,7
"S00112272",127,108,19
"S00112273",165,132,33
"S00112274",129,91,38
"S00112275",64,43,21
"S00112276",74,46,28
"S00112277",66,40,26
"S00112278",87,67,20
"S00112279",113,98,15
"S00112280",119,87,32
"S00112281",69,56,13
"S00112282",67,62,5
"S00112283",70,57,13
"S00112284",110,80,30
"S00112285",99,91,8
"S00112286",127,100,27
"S00112287",79,63,16
"S00112288",80,60,20
"S00112289",120,95,25
"S00112290",108,95,13
"S00112291",89,78,11
"S00112292",150,123,27
"S00112293",140,112,28
"S00112294",85,76,9
"S00112295",112,99,13
"S00112296",133,111,22
"S00112297",107,83,24
"S00112298",115,102,13
"S00112299",169,152,17
"S00112300",119,92,27
"S00112301",105,101,4
"S00112302",94,61,33
"S00112303",90,68,22
"S00112304",93,83,10
"S00112305",83,68,15
"S00112306",112,90,22
"S00112307",56,38,18
"S00112308",76,68,8
"S00112309",53,39,14
"S00112310",104,96,8
"S00112311",82,68,14
"S00112312",72,66,6
"S00112313",73,60,13
"S00112314",93,73,20
"S00112315",54,37,17
"S00112316",62,50,12
"S00112317",66,53,13
"S00112318",100,87,13
"S00112319",79,73,6
"S00112320",97,92,5
"S00112321",71,63,8
"S00112322",120,89,31
"S00112323",183,163,20
"S00112324",627,591,36
"S00112325",123,94,29
"S00112326",96,68,28
"S00112327",85,63,22
"S00112328",78,60,18
"S00112329",73,52,21
"S00112330",66,50,16
"S00112331",78,72,6
"S00112332",62,56,6
"S00112333",69,59,10
"S00112334",86,72,14
"S00112335",130,106,24
"S00112336",85,61,24
"S00112337",79,61,18
"S00112338",73,55,18
"S00112339",101,73,28
"S00112340",77,52,25
"S00112341",84,61,23
"S00112342",92,70,22
"S00112343",67,49,18
"S00112344",85,46,39
"S00112345",82,71,11
"S00112346",64,53,11
"S00112347",76,60,16
"S00112348",111,89,22
"S00112349",56,41,15
"S00112350",49,45,4
"S00112351",137,100,37
"S00112352",116,83,33
"S00112353",99,75,24
"S00112354",95,82,13
"S00112355",74,58,16
"S00112356",100,79,21
"S00112357",102,84,18
"S00112358",107,92,15
"S00112359",108,82,26
"S00112360",42,37,5
"S00112361",87,62,25
"S00112362",132,90,42
"S00112363",99,44,55
"S00112364",98,76,22
"S00112365",72,41,31
"S00112366",47,29,18
"S00112367",141,93,48
"S00112368",74,65,9
"S00112369",55,40,15
"S00112370",123,99,24
"S00112371",66,56,10
"S00112372",105,77,28
"S00112373",58,52,6
"S00112374",70,58,12
"S00112375",50,44,6
"S00112376",101,92,9
"S00112377",57,46,11
"S00112378",77,66,11
"S00112379",75,65,10
"S00112380",108,91,17
"S00112381",69,69,0
"S00112382",56,47,9
"S00112383",76,58,18
"S00112384",87,74,13
"S00112385",84,64,20
"S00112386",71,65,6
"S00112387",93,69,24
"S00112388",80,64,16
"S00112389",101,85,16
"S00112390",98,69,29
"S00112391",42,24,18
"S00112392",46,32,14
"S00112393",109,72,37
"S00112394",71,43,28
"S00112395",140,110,30
"S00112396",87,70,17
"S00112397",91,79,12
"S00112398",91,83,8
"S00112399",98,86,12
"S00112400",74,62,12
"S00112401",78,71,7
"S00112402",103,99,4
"S00112403",63,62,1
"S00112404",71,57,14
"S00112405",60,55,5
"S00112406",72,62,10
"S00112407",63,62,1
"S00112408",100,79,21
"S00112409",94,75,19
"S00112410",100,87,13
"S00112411",105,85,20
"S00112412",82,75,7
"S00112413",83,73,10
"S00112414",68,54,14
"S00112415",88,74,14
"S00112416",86,65,21
"S00112417",42,38,4
"S00112418",112,95,17
"S00112419",87,70,17
"S00112420",52,51,1
"S00112421",130,102,28
"S00112422",64,45,19
"S00112423",90,55,35
"S00112424",47,29,18
"S00112425",64,43,21
"S00112426",88,57,31
"S00112427",84,61,23
"S00112428",72,53,19
"S00112429",70,56,14
"S00112430",60,52,8
"S00112431",61,43,18
"S00112432",78,66,12
"S00112433",99,72,27
"S00112434",142,100,42
"S00112435",121,96,25
"S00112436",70,49,21
"S00112437",50,42,8
"S00112438",97,77,20
"S00112439",105,82,23
"S00112440",110,79,31
"S00112441",59,47,12
"S00112442",71,47,24
"S00112443",75,67,8
"S00112444",104,79,25
"S00112445",74,64,10
"S00112446",109,85,24
"S00112447",134,108,26
"S00112448",73,66,7
"S00112449",54,41,13
"S00112450",77,65,12
"S00112451",73,67,6
"S00112452",55,51,4
"S00112453",131,76,55
"S00112454",79,32,47
"S00112455",100,98,2
"S00112456",88,74,14
"S00112457",77,50,27
"S00112458",73,68,5
"S00112459",63,59,4
"S00112460",116,103,13
"S00112461",79,68,11
"S00112462",54,47,7
"S00112463",72,61,11
"S00112464",66,55,11
"S00112465",57,52,5
"S00112466",87,75,12
"S00112467",70,65,5
"S00112468",64,60,4
"S00112469",97,86,11
"S00112470",68,57,11
"S00112471",81,69,12
"S00112472",75,60,15
"S00112473",91,91,0
"S00112474",91,85,6
"S00112475",82,66,16
"S00112476",137,116,21
"S00112477",118,77,41
"S00112478",65,53,12
"S00112479",84,70,14
"S00112480",131,69,62
"S00112481",112,64,48
"S00112482",49,35,14
"S00112483",72,51,21
"S00112484",62,54,8
"S00112485",105,72,33
"S00112486",62,49,13
"S00112487",93,69,24
"S00112488",64,53,11
"S00112489",74,49,25
"S00112490",117,100,17
"S00112491",77,57,20
"S00112492",74,56,18
"S00112493",105,87,18
"S00112494",113,89,24
"S00112495",95,53,42
"S00112496",84,51,33
"S00112497",144,112,32
"S00112498",67,53,14
"S00112499",125,71,54
"S00112500",105,67,38
"S00112501",121,46,75
"S00112502",113,88,25
"S00112503",100,86,14
"S00112504",81,59,22
"S00112505",133,59,74
"S00112506",68,61,7
"S00112507",45,31,14
"S00112508",81,52,29
"S00112509",130,66,64
"S00112510",81,34,47
"S00112511",118,74,44
"S00112512",93,74,19
"S00112513",117,83,34
"S00112514",95,59,36
"S00112515",144,58,86
"S00112516",138,50,88
"S00112517",103,57,46
"S00112518",98,52,46
"S00112519",115,67,48
"S00112520",91,47,44
"S00112521",101,75,26
"S00112522",66,58,8
"S00112523",224,204,20
"S00112524",74,74,0
"S00112525",106,90,16
"S00112526",56,50,6
"S00112527",111,86,25
"S00112528",95,79,16
"S00112529",120,101,19
"S00112530",123,101,22
"S00112531",148,106,42
"S00112532",96,72,24
"S00112533",118,75,43
"S00112534",56,39,17
"S00112535",86,58,28
"S00112536",112,90,22
"S00112537",79,65,14
"S00112538",89,61,28
"S00112539",68,63,5
"S00112540",78,72,6
"S00112541",51,50,1
"S00112542",126,110,16
"S00112543",92,64,28
"S00112544",111,93,18
"S00112545",123,112,11
"S00112546",257,228,29
"S00112547",145,132,13
"S00112548",163,142,21
"S00112549",90,70,20
"S00112550",70,62,8
"S00112551",83,74,9
"S00112552",92,85,7
"S00112553",114,107,7
"S00112554",117,103,14
"S00112555",83,78,5
"S00112556",149,140,9
"S00112557",105,90,15
"S00112558",103,97,6
"S00112559",94,80,14
"S00112560",114,96,18
"S00112561",98,91,7
"S00112562",153,145,8
"S00112563",121,105,16
"S00112564",195,161,34
"S00112565",98,82,16
"S00112566",76,51,25
"S00112567",63,52,11
"S00112568",111,85,26
"S00112569",88,63,25
"S00112570",74,65,9
"S00112571",89,48,41
"S00112572",82,41,41
"S00112573",90,42,48
"S00112574",86,58,28
"S00112575",89,82,7
"S00112576",151,132,19
"S00112577",47,31,16
"S00112578",85,63,22
"S00112579",161,122,39
"S00112580",120,86,34
"S00112581",122,110,12
"S00112582",66,60,6
"S00112583",97,81,16
"S00112584",142,115,27
"S00112585",103,80,23
"S00112586",67,52,15
"S00112587",107,74,33
"S00112588",108,92,16
"S00112589",51,27,24
"S00112590",58,36,22
"S00112591",67,32,35
"S00112592",94,70,24
"S00112593",115,94,21
"S00112594",112,61,51
"S00112595",117,75,42
"S00112596",73,38,35
"S00112597",77,49,28
"S00112598",80,45,35
"S00112599",80,45,35
"S00112600",58,37,21
"S00112601",94,63,31
"S00112602",96,76,20
"S00112603",86,43,43
"S00112604",66,39,27
"S00112605",97,56,41
"S00112606",88,31,57
"S00112607",102,51,51
"S00112608",112,78,34
"S00112609",123,87,36
"S00112610",72,43,29
"S00112611",137,72,65
"S00112612",131,73,58
"S00112613",114,63,51
"S00112614",119,51,68
"S00112615",117,98,19
"S00112616",126,86,40
"S00112617",118,93,25
"S00112618",70,52,18
"S00112619",83,47,36
"S00112620",107,59,48
"S00112621",78,55,23
"S00112622",52,41,11
"S00112623",79,62,17
"S00112624",103,75,28
"S00112625",81,71,10
"S00112626",64,54,10
"S00112627",75,69,6
"S00112628",89,80,9
"S00112629",60,44,16
"S00112630",53,43,10
"S00112631",94,74,20
"S00112632",46,32,14
"S00112633",90,68,22
"S00112634",81,63,18
"S00112635",201,117,84
"S00112636",101,37,64
"S00112637",133,76,57
"S00112638",91,55,36
"S00112639",91,52,39
"S00112640",95,73,22
"S00112641",60,41,19
"S00112642",84,51,33
"S00112643",48,37,11
"S00112644",91,65,26
"S00112645",114,50,64
"S00112646",82,64,18
"S00112647",96,54,42
"S00112648",88,70,18
"S00112649",100,48,52
"S00112650",102,40,62
"S00112651",135,56,79
"S00112652",136,75,61
"S00112653",83,58,25
"S00112654",79,50,29
"S00112655",88,40,48
"S00112656",114,47,67
"S00112657",95,35,60
"S00112658",88,39,49
"S00112659",91,64,27
"S00112660",109,89,20
"S00112661",103,73,30
"S00112662",94,63,31
"S00112663",78,53,25
"S00112664",96,40,56
"S00112665",90,71,19
"S00112666",60,32,28
"S00112667",78,53,25
"S00112668",64,27,37
"S00112669",115,66,49
"S00112670",71,43,28
"S00112671",96,40,56
"S00112672",72,37,35
"S00112673",93,59,34
"S00112674",71,41,30
"S00112675",111,75,36
"S00112676",83,58,25
"S00112677",111,57,54
"S00112678",67,27,40
"S00112679",73,38,35
"S00112680",73,48,25
"S00112681",98,67,31
"S00112682",58,32,26
"S00112683",154,111,43
"S00112684",109,48,61
"S00112685",109,77,32
"S00112686",98,58,40
"S00112687",57,50,7
"S00112688",43,21,22
"S00112689",109,64,45
"S00112690",88,45,43
"S00112691",100,46,54
"S00112692",117,39,78
"S00112693",64,32,32
"S00112694",105,65,40
"S00112695",93,69,24
"S00112696",133,59,74
"S00112697",91,44,47
"S00112698",110,51,59
"S00112699",110,48,62
"S00112700",87,39,48
"S00112701",91,41,50
"S00112702",82,55,27
"S00112703",94,36,58
"S00112704",140,53,87
"S00112705",84,32,52
"S00112706",104,27,77
"S00112707",90,37,53
"S00112708",123,40,83
"S00112709",72,41,31
"S00112710",122,42,80
"S00112711",105,29,76
"S00112712",97,31,66
"S00112713",105,27,78
"S00112714",71,21,50
"S00112715",90,16,74
"S00112716",83,51,32
"S00112717",80,40,40
"S00112718",67,38,29
"S00112719",66,47,19
"S00112720",75,45,30
"S00112721",81,53,28
"S00112722",83,67,16
"S00112723",111,87,24
"S00112724",66,46,20
"S00112725",69,46,23
"S00112726",67,37,30
"S00112727",84,69,15
"S00112728",85,71,14
"S00112729",107,79,28
"S00112730",79,56,23
"S00112731",101,59,42
"S00112732",111,81,30
"S00112733",61,43,18
"S00112734",93,59,34
"S00112735",81,77,4
"S00112736",93,79,14
"S00112737",60,51,9
"S00112738",59,47,12
"S00112739",73,57,16
"S00112740",52,46,6
"S00112741",49,35,14
"S00112742",126,75,51
"S00112743",79,63,16
"S00112744",104,87,17
"S00112745",53,26,27
"S00112746",115,60,55
"S00112747",81,51,30
"S00112748",69,49,20
"S00112749",76,49,27
"S00112750",96,56,40
"S00112751",93,73,20
"S00112752",140,86,54
"S00112753",115,57,58
"S00112754",112,71,41
"S00112755",110,73,37
"S00112756",86,65,21
"S00112757",50,33,17
"S00112758",71,58,13
"S00112759",85,48,37
"S00112760",81,44,37
"S00112761",136,99,37
"S00112762",89,64,25
"S00112763",56,43,13
"S00112764",49,34,15
"S00112765",51,38,13
"S00112766",147,92,55
"S00112767",81,55,26
"S00112768",92,56,36
"S00112769",63,43,20
"S00112770",78,62,16
"S00112771",94,61,33
"S00112772",81,50,31
"S00112773",101,65,36
"S00112774",85,52,33
"S00112775",63,45,18
"S00112776",75,55,20
"S00112777",83,53,30
"S00112778",75,53,22
"S00112779",46,32,14
"S00112780",76,63,13
"S00112781",51,47,4
"S00112782",52,47,5
"S00112783",71,69,2
"S00112784",88,66,22
"S00112785",76,46,30
"S00112786",73,43,30
"S00112787",67,52,15
"S00112788",133,90,43
"S00112789",120,76,44
"S00112790",94,67,27
"S00112791",77,61,16
"S00112792",116,64,52
"S00112793",71,38,33
"S00112794",67,41,26
"S00112795",58,30,28
"S00112796",162,115,47
"S00112797",134,89,45
"S00112798",77,63,14
"S00112799",80,39,41
"S00112800",76,40,36
"S00112801",82,55,27
"S00112802",76,44,32
"S00112803",99,60,39
"S00112804",100,65,35
"S00112805",96,58,38
"S00112806",93,54,39
"S00112807",96,58,38
"S00112808",78,43,35
"S00112809",87,48,39
"S00112810",82,49,33
"S00112811",109,66,43
"S00112812",75,39,36
"S00112813",57,46,11
"S00112814",124,67,57
"S00112815",143,96,47
"S00112816",135,83,52
"S00112817",64,37,27
"S00112818",78,47,31
"S00112819",89,62,27
"S00112820",88,56,32
"S00112821",70,41,29
"S00112822",94,60,34
"S00112823",74,49,25
"S00112824",129,81,48
"S00112825",44,30,14
"S00112826",71,51,20
"S00112827",77,46,31
"S00112828",94,50,44
"S00112829",73,47,26
"S00112830",107,74,33
"S00112831",101,58,43
"S00112832",101,54,47
"S00112833",65,51,14
"S00112834",64,40,24
"S00112835",114,74,40
"S00112836",123,64,59
"S00112837",74,45,29
"S00112838",77,47,30
"S00112839",70,48,22
"S00112840",82,45,37
"S00112841",82,65,17
"S00112842",87,55,32
"S00112843",107,53,54
"S00112844",79,47,32
"S00112845",57,47,10
"S00112846",101,74,27
"S00112847",57,41,16
"S00112848",95,77,18
"S00112849",119,68,51
"S00112850",76,50,26
"S00112851",60,42,18
"S00112852",62,43,19
"S00112853",116,63,53
"S00112854",61,46,15
"S00112855",79,47,32
"S00112856",87,59,28
"S00112857",87,53,34
"S00112858",97,64,33
"S00112859",99,57,42
"S00112860",127,80,47
"S00112861",83,43,40
"S00112862",134,73,61
"S00112863",124,70,54
"S00112864",107,86,21
"S00112865",78,50,28
"S00112866",104,59,45
"S00112867",91,57,34
"S00112868",80,67,13
"S00112869",81,46,35
"S00112870",123,74,49
"S00112871",142,95,47
"S00112872",129,76,53
"S00112873",67,36,31
"S00112874",67,44,23
"S00112875",122,74,48
"S00112876",104,66,38
"S00112877",139,70,69
"S00112878",134,94,40
"S00112879",121,81,40
"S00112880",85,50,35
"S00112881",77,53,24
"S00112882",112,75,37
"S00112883",124,62,62
"S00112884",88,46,42
"S00112885",75,41,34
"S00112886",89,62,27
"S00112887",101,65,36
"S00112888",72,35,37
"S00112889",83,43,40
"S00112890",63,48,15
"S00112891",53,37,16
"S00112892",42,20,22
"S00112893",132,61,71
"S00112894",130,82,48
"S00112895",252,182,70
"S00112896",63,23,40
"S00112897",83,45,38
"S00112898",74,40,34
"S00112899",77,42,35
"S00112900",55,35,20
"S00112901",61,33,28
"S00112902",147,100,47
"S00112903",56,36,20
"S00112904",83,53,30
"S00112905",82,49,33
"S00112906",90,58,32
"S00112907",85,45,40
"S00112908",69,45,24
"S00112909",80,52,28
"S00112910",74,38,36
"S00112911",67,43,24
"S00112912",72,52,20
"S00112913",43,21,22
"S00112914",47,26,21
"S00112915",96,69,27
"S00112916",104,82,22
"S00112917",105,69,36
"S00112918",99,62,37
"S00112919",87,76,11
"S00112920",79,46,33
"S00112921",90,66,24
"S00112922",98,74,24
"S00112923",116,99,17
"S00112924",93,83,10
"S00112925",92,52,40
"S00112926",95,68,27
"S00112927",90,66,24
"S00112928",114,86,28
"S00112929",71,59,12
"S00112930",84,64,20
"S00112931",111,77,34
"S00112932",69,50,19
"S00112933",84,61,23
"S00112934",118,82,36
"S00112935",97,75,22
"S00112936",49,42,7
"S00112937",78,62,16
"S00112938",75,61,14
"S00112939",125,65,60
"S00112940",103,68,35
"S00112941",84,56,28
"S00112942",92,62,30
"S00112943",86,50,36
"S00112944",62,44,18
"S00112945",79,47,32
"S00112946",111,82,29
"S00112947",141,96,45
"S00112948",64,41,23
"S00112949",57,39,18
"S00112950",114,34,80
"S00112951",73,43,30
"S00112952",160,53,107
"S00112953",100,32,68
"S00112954",109,45,64
"S00112955",84,34,50
"S00112956",84,44,40
"S00112957",97,37,60
"S00112958",115,59,56
"S00112959",110,39,71
"S00112960",95,35,60
"S00112961",90,42,48
"S00112962",108,68,40
"S00112963",140,65,75
"S00112964",131,60,71
"S00112965",153,51,102
"S00112966",94,32,62
"S00112967",87,43,44
"S00112968",95,47,48
"S00112969",111,40,71
"S00112970",105,37,68
"S00112971",121,68,53
"S00112972",119,44,75
"S00112973",108,42,66
"S00112974",103,35,68
"S00112975",131,53,78
"S00112976",75,32,43
"S00112977",79,42,37
"S00112978",67,54,13
"S00112979",72,63,9
"S00112980",53,47,6
"S00112981",92,72,20
"S00112982",81,61,20
"S00112983",77,63,14
"S00112984",58,54,4
"S00112985",50,34,16
"S00112986",69,67,2
"S00112987",106,84,22
"S00112988",51,45,6
"S00112989",80,39,41
"S00112990",94,72,22
"S00112991",82,65,17
"S00112992",65,61,4
"S00112993",83,66,17
"S00112994",92,68,24
"S00112995",94,78,16
"S00112996",88,77,11
"S00112997",79,57,22
"S00112998",106,87,19
"S00112999",60,58,2
"S00113000",69,61,8
"S00113001",82,71,11
"S00113002",110,94,16
"S00113003",101,73,28
"S00113004",77,57,20
"S00113005",65,56,9
"S00113006",60,54,6
"S00113007",75,59,16
"S00113008",83,64,19
"S00113009",58,47,11
"S00113010",68,48,20
"S00113011",49,30,19
"S00113012",98,69,29
"S00113013",76,51,25
"S00113014",86,77,9
"S00113015",146,109,37
"S00113016",88,78,10
"S00113017",58,44,14
"S00113018",70,54,16
"S00113019",54,41,13
"S00113020",86,75,11
"S00113021",104,47,57
"S00113022",96,62,34
"S00113023",107,83,24
"S00113024",66,54,12
"S00113025",156,84,72
"S00113026",50,30,20
"S00113027",89,52,37
"S00113028",66,33,33
"S00113029",86,58,28
"S00113030",114,70,44
"S00113031",112,59,53
"S00113032",98,64,34
"S00113033",89,57,32
"S00113034",117,52,65
"S00113035",119,41,78
"S00113036",104,44,60
"S00113037",113,51,62
"S00113038",62,30,32
"S00113039",141,75,66
"S00113040",81,62,19
"S00113041",107,83,24
"S00113042",98,62,36
"S00113043",87,79,8
"S00113044",96,72,24
"S00113045",79,44,35
"S00113046",55,41,14
"S00113047",95,51,44
"S00113048",122,72,50
"S00113049",95,52,43
"S00113050",102,58,44
"S00113051",103,39,64
"S00113052",85,49,36
"S00113053",98,41,57
"S00113054",121,75,46
"S00113055",66,44,22
"S00113056",72,44,28
"S00113057",94,49,45
"S00113058",125,67,58
"S00113059",79,35,44
"S00113060",79,48,31
"S00113061",95,73,22
"S00113062",184,145,39
"S00113063",74,56,18
"S00113064",83,61,22
"S00113065",83,48,35
"S00113066",99,82,17
"S00113067",97,76,21
"S00113068",101,83,18
"S00113069",111,87,24
"S00113070",128,92,36
"S00113071",120,89,31
"S00113072",90,56,34
"S00113073",94,68,26
"S00113074",84,53,31
"S00113075",111,78,33
"S00113076",78,58,20
"S00113077",100,75,25
"S00113078",104,90,14
"S00113079",108,91,17
"S00113080",111,81,30
"S00113081",62,56,6
"S00113082",70,66,4
"S00113083",77,47,30
"S00113084",35,27,8
"S00113085",78,67,11
"S00113086",44,36,8
"S00113087",65,52,13
"S00113088",95,85,10
"S00113089",112,87,25
"S00113090",40,36,4
"S00113091",39,35,4
"S00113092",68,62,6
"S00113093",118,87,31
"S00113094",106,82,24
"S00113095",49,41,8
"S00113096",65,47,18
"S00113097",104,82,22
"S00113098",35,31,4
"S00113099",70,58,12
"S00113100",50,26,24
"S00113101",85,70,15
"S00113102",116,91,25
"S00113103",68,44,24
"S00113104",89,68,21
"S00113105",85,61,24
"S00113106",67,48,19
"S00113107",66,50,16
"S00113108",61,51,10
"S00113109",99,85,14
"S00113110",46,36,10
"S00113111",91,67,24
"S00113112",115,87,28
"S00113113",106,69,37
"S00113114",57,55,2
"S00113115",96,73,23
"S00113116",55,42,13
"S00113117",89,43,46
"S00113118",80,52,28
"S00113119",87,69,18
"S00113120",45,38,7
"S00113121",42,29,13
"S00113122",51,38,13
"S00113123",44,32,12
"S00113124",106,80,26
"S00113125",49,35,14
"S00113126",81,61,20
"S00113127",35,21,14
"S00113128",79,60,19
"S00113129",69,60,9
"S00113130",119,99,20
"S00113131",120,100,20
"S00113132",64,50,14
"S00113133",54,33,21
"S00113134",86,77,9
"S00113135",132,110,22
"S00113136",71,53,18
"S00113137",125,99,26
"S00113138",86,71,15
"S00113139",52,36,16
"S00113140",102,89,13
"S00113141",94,85,9
"S00113142",78,71,7
"S00113143",70,59,11
"S00113144",87,76,11
"S00113145",71,61,10
"S00113146",76,60,16
"S00113147",71,66,5
"S00113148",101,91,10
"S00113149",81,72,9
"S00113150",74,46,28
"S00113151",52,44,8
"S00113152",98,84,14
"S00113153",79,59,20
"S00113154",50,34,16
"S00113155",81,69,12
"S00113156",84,80,4
"S00113157",105,73,32
"S00113158",83,65,18
"S00113159",74,51,23
"S00113160",90,72,18
"S00113161",119,86,33
"S00113162",132,87,45
"S00113163",147,97,50
"S00113164",105,68,37
"S00113165",92,50,42
"S00113166",77,48,29
"S00113167",87,62,25
"S00113168",106,59,47
"S00113169",92,58,34
"S00113170",135,107,28
"S00113171",100,81,19
"S00113172",114,83,31
"S00113173",101,85,16
"S00113174",43,33,10
"S00113175",107,85,22
"S00113176",134,92,42
"S00113177",111,100,11
"S00113178",97,59,38
"S00113179",69,65,4
"S00113180",104,82,22
"S00113181",52,44,8
"S00113182",92,77,15
"S00113183",59,54,5
"S00113184",42,38,4
"S00113185",77,58,19
"S00113186",55,43,12
"S00113187",87,72,15
"S00113188",78,55,23
"S00113189",93,61,32
"S00113190",100,88,12
"S00113191",35,31,4
"S00113192",112,103,9
"S00113193",322,299,23
"S00113194",75,61,14
"S00113195",55,45,10
"S00113196",73,47,26
"S00113197",52,42,10
"S00113198",1134,1128,6
"S00113199",81,75,6
"S00113200",93,93,0
"S00113201",51,47,4
"S00113202",55,47,8
"S00113203",51,37,14
"S00113204",86,78,8
"S00113205",100,71,29
"S00113206",110,84,26
"S00113207",64,40,24
"S00113208",87,67,20
"S00113209",83,79,4
"S00113210",114,95,19
"S00113211",89,77,12
"S00113212",60,52,8
"S00113213",69,53,16
"S00113214",125,93,32
"S00113215",98,72,26
"S00113216",86,63,23
"S00113217",105,78,27
"S00113218",74,56,18
"S00113219",96,70,26
"S00113220",84,73,11
"S00113221",73,66,7
"S00113222",112,94,18
"S00113223",58,55,3
"S00113224",88,76,12
"S00113225",72,63,9
"S00113226",55,49,6
"S00113227",69,55,14
"S00113228",62,55,7
"S00113229",85,83,2
"S00113230",107,87,20
"S00113231",120,97,23
"S00113232",69,63,6
"S00113233",76,55,21
"S00113234",83,70,13
"S00113235",104,75,29
"S00113236",98,63,35
"S00113237",44,29,15
"S00113238",47,45,2
"S00113239",82,65,17
"S00113240",72,60,12
"S00113241",69,51,18
"S00113242",106,86,20
"S00113243",67,53,14
"S00113244",96,82,14
"S00113245",71,63,8
"S00113246",78,66,12
"S00113247",67,51,16
"S00113248",74,70,4
"S00113249",95,73,22
"S00113250",73,63,10
"S00113251",81,59,22
"S00113252",91,68,23
"S00113253",62,46,16
"S00113254",72,57,15
"S00113255",62,56,6
"S00113256",135,100,35
"S00113257",92,71,21
"S00113258",94,70,24
"S00113259",53,46,7
"S00113260",59,46,13
"S00113261",118,86,32
"S00113262",55,51,4
"S00113263",69,55,14
"S00113264",55,46,9
"S00113265",67,48,19
"S00113266",78,56,22
"S00113267",79,50,29
"S00113268",118,89,29
"S00113269",115,83,32
"S00113270",91,64,27
"S00113271",125,89,36
"S00113272",126,77,49
"S00113273",76,42,34
"S00113274",197,160,37
"S00113275",101,83,18
"S00113276",105,92,13
"S00113277",44,40,4
"S00113278",71,65,6
"S00113279",109,73,36
"S00113280",132,64,68
"S00113281",126,85,41
"S00113282",60,32,28
"S00113283",104,66,38
"S00113284",92,68,24
"S00113285",96,66,30
"S00113286",55,33,22
"S00113287",91,67,24
"S00113288",220,178,42
"S00113289",83,66,17
"S00113290",89,74,15
"S00113291",60,41,19
"S00113292",118,82,36
"S00113293",122,70,52
"S00113294",97,31,66
"S00113295",69,47,22
"S00113296",95,63,32
"S00113297",110,64,46
"S00113298",81,71,10
"S00113299",97,78,19
"S00113300",66,55,11
"S00113301",96,61,35
"S00113302",111,47,64
"S00113303",99,36,63
"S00113304",53,47,6
"S00113305",50,46,4
"S00113306",85,57,28
"S00113307",115,97,18
"S00113308",114,85,29
"S00113309",83,65,18
"S00113310",100,78,22
"S00113311",129,99,30
"S00113312",101,79,22
"S00113313",75,45,30
"S00113314",59,51,8
"S00113315",61,50,11
"S00113316",73,57,16
"S00113317",119,94,25
"S00113318",92,59,33
"S00113319",73,62,11
"S00113320",103,81,22
"S00113321",78,66,12
"S00113322",84,56,28
"S00113323",73,43,30
"S00113324",84,53,31
"S00113325",96,70,26
"S00113326",111,74,37
"S00113327",78,56,22
"S00113328",130,112,18
"S00113329",88,66,22
"S00113330",122,72,50
"S00113331",75,44,31
"S00113332",53,45,8
"S00113333",110,94,16
"S00113334",71,62,9
"S00113335",96,69,27
"S00113336",129,64,65
"S00113337",107,69,38
"S00113338",93,79,14
"S00113339",64,53,11
"S00113340",98,82,16
"S00113341",47,41,6
"S00113342",48,27,21
"S00113343",44,27,17
"S00113344",75,50,25
"S00113345",94,67,27
"S00113346",87,65,22
"S00113347",66,53,13
"S00113348",78,58,20
"S00113349",103,81,22
"S00113350",91,71,20
"S00113351",88,74,14
"S00113352",63,48,15
"S00113353",117,92,25
"S00113354",118,97,21
"S00113355",38,24,14
"S00113356",68,62,6
"S00113357",104,76,28
"S00113358",86,66,20
"S00113359",96,75,21
"S00113360",116,93,23
"S00113361",113,92,21
"S00113362",64,48,16
"S00113363",80,66,14
"S00113364",53,39,14
"S00113365",59,53,6
"S00113366",98,68,30
"S00113367",97,64,33
"S00113368",110,89,21
"S00113369",93,69,24
"S00113370",88,72,16
"S00113371",117,75,42
"S00113372",106,84,22
"S00113373",48,35,13
"S00113374",69,55,14
"S00113375",90,76,14
"S00113376",61,50,11
"S00113377",57,47,10
"S00113378",80,45,35
"S00113379",61,31,30
"S00113380",65,30,35
"S00113381",95,72,23
"S00113382",54,38,16
"S00113383",51,35,16
"S00113384",103,58,45
"S00113385",104,97,7
"S00113386",120,94,26
"S00113387",118,102,16
"S00113388",91,84,7
"S00113389",108,63,45
"S00113390",69,48,21
"S00113391",114,55,59
"S00113392",130,72,58
"S00113393",132,86,46
"S00113394",88,54,34
"S00113395",101,72,29
"S00113396",90,56,34
"S00113397",84,44,40
"S00113398",89,70,19
"S00113399",91,71,20
"S00113400",85,70,15
"S00113401",81,63,18
"S00113402",77,65,12
"S00113403",63,53,10
"S00113404",99,95,4
"S00113405",135,103,32
"S00113406",102,74,28
"S00113407",69,58,11
"S00113408",198,132,66
"S00113409",155,113,42
"S00113410",95,53,42
"S00113411",89,59,30
"S00113412",73,47,26
"S00113413",114,63,51
"S00113414",79,45,34
"S00113415",86,52,34
"S00113416",91,63,28
"S00113417",125,91,34
"S00113418",112,83,29
"S00113419",66,40,26
"S00113420",115,77,38
"S00113421",99,71,28
"S00113422",60,38,22
"S00113423",119,83,36
"S00113424",125,99,26
"S00113425",206,133,73
"S00113426",88,54,34
"S00113427",55,47,8
"S00113428",97,60,37
"S00113429",104,71,33
"S00113430",93,71,22
"S00113431",139,83,56
"S00113432",115,71,44
"S00113433",104,52,52
"S00113434",81,51,30
"S00113435",91,48,43
"S00113436",63,44,19
"S00113437",90,53,37
"S00113438",132,75,57
"S00113439",95,60,35
"S00113440",105,58,47
"S00113441",71,42,29
"S00113442",117,105,12
"S00113443",136,91,45
"S00113444",75,68,7
"S00113445",68,46,22
"S00113446",39,25,14
"S00113447",99,86,13
"S00113448",92,67,25
"S00113449",79,49,30
"S00113450",98,80,18
"S00113451",87,67,20
"S00113452",45,33,12
"S00113453",94,72,22
"S00113454",57,37,20
"S00113455",50,38,12
"S00113456",99,64,35
"S00113457",72,49,23
"S00113458",69,39,30
"S00113459",73,39,34
"S00113460",97,72,25
"S00113461",79,55,24
"S00113462",92,77,15
"S00113463",110,63,47
"S00113464",73,46,27
"S00113465",97,67,30
"S00113466",105,67,38
"S00113467",92,78,14
"S00113468",40,32,8
"S00113469",106,66,40
"S00113470",132,92,40
"S00113471",101,77,24
"S00113472",71,54,17
"S00113473",47,29,18
"S00113474",105,76,29
"S00113475",73,56,17
"S00113476",80,63,17
"S00113477",81,53,28
"S00113478",100,66,34
"S00113479",77,62,15
"S00113480",75,55,20
"S00113481",116,64,52
"S00113482",58,40,18
"S00113483",107,93,14
"S00113484",81,66,15
"S00113485",52,44,8
"S00113486",65,43,22
"S00113487",82,60,22
"S00113488",91,73,18
"S00113489",77,57,20
"S00113490",71,63,8
"S00113491",82,52,30
"S00113492",66,55,11
"S00113493",106,71,35
"S00113494",87,77,10
"S00113495",93,81,12
"S00113496",62,58,4
"S00113497",78,72,6
"S00113498",97,64,33
"S00113499",91,61,30
"S00113500",43,35,8
"S00113501",69,53,16
"S00113502",57,48,9
"S00113503",83,61,22
"S00113504",90,71,19
"S00113505",97,79,18
"S00113506",54,44,10
"S00113507",168,133,35
"S00113508",117,87,30
"S00113509",76,38,38
"S00113510",116,86,30
"S00113511",101,85,16
"S00113512",115,100,15
"S00113513",88,84,4
"S00113514",43,38,5
"S00113515",55,49,6
"S00113516",81,55,26
"S00113517",122,98,24
"S00113518",109,89,20
"S00113519",57,49,8
"S00113520",53,47,6
"S00113521",56,49,7
"S00113522",120,58,62
"S00113523",103,79,24
"S00113524",97,45,52
"S00113525",95,56,39
"S00113526",84,59,25
"S00113527",82,40,42
"S00113528",103,76,27
"S00113529",97,79,18
"S00113530",68,59,9
"S00113531",96,83,13
"S00113532",68,56,12
"S00113533",96,62,34
"S00113534",69,57,12
"S00113535",76,63,13
"S00113536",79,63,16
"S00113537",73,52,21
"S00113538",76,66,10
"S00113539",108,77,31
"S00113540",72,54,18
"S00113541",74,47,27
"S00113542",149,111,38
"S00113543",75,47,28
"S00113544",72,43,29
"S00113545",95,63,32
"S00113546",90,56,34
"S00113547",114,81,33
"S00113548",115,80,35
"S00113549",114,72,42
"S00113550",65,53,12
"S00113551",52,39,13
"S00113552",78,58,20
"S00113553",100,70,30
"S00113554",71,41,30
"S00113555",110,78,32
"S00113556",60,54,6
"S00113557",73,57,16
"S00113558",66,52,14
"S00113559",121,96,25
"S00113560",129,91,38
"S00113561",50,34,16
"S00113562",64,59,5
"S00113563",60,56,4
"S00113564",124,86,38
"S00113565",53,45,8
"S00113566",91,52,39
"S00113567",126,88,38
"S00113568",146,96,50
"S00113569",144,95,49
"S00113570",114,80,34
"S00113571",127,95,32
"S00113572",122,83,39
"S00113573",93,62,31
"S00113574",113,74,39
"S00113575",83,71,12
"S00113576",60,56,4
"S00113577",68,35,33
"S00113578",55,34,21
"S00113579",106,79,27
"S00113580",142,79,63
"S00113581",78,57,21
"S00113582",102,62,40
"S00113583",93,60,33
"S00113584",69,47,22
"S00113585",62,54,8
"S00113586",114,71,43
"S00113587",118,86,32
"S00113588",139,87,52
"S00113589",105,78,27
"S00113590",114,71,43
"S00113591",96,55,41
"S00113592",116,71,45
"S00113593",125,87,38
"S00113594",123,83,40
"S00113595",99,53,46
"S00113596",51,51,0
"S00113597",67,63,4
"S00113598",93,57,36
"S00113599",101,69,32
"S00113600",57,35,22
"S00113601",67,56,11
"S00113602",48,32,16
"S00113603",126,88,38
"S00113604",80,60,20
"S00113605",149,86,63
"S00113606",104,81,23
"S00113607",60,59,1
"S00113608",53,51,2
"S00113609",131,93,38
"S00113610",71,49,22
"S00113611",55,46,9
"S00113612",93,62,31
"S00113613",62,48,14
"S00113614",78,66,12
"S00113615",83,63,20
"S00113616",64,42,22
"S00113617",90,54,36
"S00113618",89,62,27
"S00113619",65,50,15
"S00113620",86,58,28
"S00113621",85,53,32
"S00113622",137,78,59
"S00113623",100,57,43
"S00113624",67,43,24
"S00113625",85,68,17
"S00113626",75,57,18
"S00113627",101,63,38
"S00113628",75,52,23
"S00113629",103,53,50
"S00113630",61,53,8
"S00113631",91,52,39
"S00113632",84,56,28
"S00113633",116,79,37
"S00113634",64,45,19
"S00113635",94,54,40
"S00113636",89,67,22
"S00113637",74,48,26
"S00113638",65,42,23
"S00113639",156,93,63
"S00113640",88,42,46
"S00113641",97,53,44
"S00113642",84,52,32
"S00113643",89,52,37
"S00113644",135,61,74
"S00113645",103,67,36
"S00113646",75,41,34
"S00113647",136,74,62
"S00113648",94,54,40
"S00113649",117,69,48
"S00113650",86,43,43
"S00113651",65,38,27
"S00113652",90,62,28
"S00113653",103,77,26
"S00113654",112,95,17
"S00113655",86,54,32
"S00113656",110,84,26
"S00113657",53,45,8
"S00113658",48,40,8
"S00113659",90,78,12
"S00113660",90,70,20
"S00113661",105,83,22
"S00113662",76,56,20
"S00113663",73,62,11
"S00113664",95,79,16
"S00113665",68,56,12
"S00113666",80,73,7
"S00113667",66,58,8
"S00113668",55,41,14
"S00113669",85,73,12
"S00113670",69,59,10
"S00113671",107,93,14
"S00113672",92,77,15
"S00113673",104,85,19
"S00113674",49,39,10
"S00113675",97,84,13
"S00113676",92,76,16
"S00113677",76,60,16
"S00113678",81,66,15
"S00113679",75,62,13
"S00113680",58,50,8
"S00113681",60,51,9
"S00113682",65,55,10
"S00113683",109,87,22
"S00113684",79,63,16
"S00113685",109,84,25
"S00113686",99,65,34
"S00113687",41,19,22
"S00113688",63,53,10
"S00113689",118,88,30
"S00113690",66,40,26
"S00113691",86,58,28
"S00113692",105,73,32
"S00113693",100,81,19
"S00113694",111,89,22
"S00113695",83,74,9
"S00113696",64,56,8
"S00113697",100,72,28
"S00113698",102,92,10
"S00113699",73,64,9
"S00113700",69,57,12
"S00113701",96,79,17
"S00113702",96,73,23
"S00113703",107,81,26
"S00113704",75,55,20
"S00113705",75,60,15
"S00113706",85,57,28
"S00113707",75,52,23
"S00113708",90,70,20
"S00113709",103,77,26
"S00113710",90,74,16
"S00113711",100,76,24
"S00113712",66,49,17
"S00113713",136,100,36
"S00113714",70,64,6
"S00113715",63,39,24
"S00113716",91,61,30
"S00113717",81,68,13
"S00113718",52,31,21
"S00113719",112,77,35
"S00113720",79,63,16
"S00113721",102,81,21
"S00113722",71,61,10
"S00113723",95,84,11
"S00113724",76,66,10
"S00113725",80,60,20
"S00113726",75,61,14
"S00113727",87,79,8
"S00113728",79,59,20
"S00113729",99,87,12
"S00113730",90,78,12
"S00113731",50,40,10
"S00113732",79,66,13
"S00113733",79,64,15
"S00113734",115,98,17
"S00113735",72,61,11
"S00113736",101,90,11
"S00113737",99,90,9
"S00113738",75,53,22
"S00113739",52,44,8
"S00113740",100,88,12
"S00113741",90,73,17
"S00113742",64,54,10
"S00113743",114,104,10
"S00113744",124,90,34
"S00113745",97,71,26
"S00113746",108,72,36
"S00113747",64,50,14
"S00113748",117,105,12
"S00113749",102,76,26
"S00113750",99,83,16
"S00113751",51,41,10
"S00113752",131,98,33
"S00113753",89,79,10
"S00113754",91,72,19
"S00113755",49,27,22
"S00113756",102,88,14
"S00113757",65,49,16
"S00113758",72,54,18
"S00113759",115,93,22
"S00113760",83,51,32
"S00113761",72,50,22
"S00113762",89,80,9
"S00113763",58,47,11
"S00113764",124,98,26
"S00113765",101,83,18
"S00113766",100,84,16
"S00113767",82,61,21
"S00113768",62,37,25
"S00113769",107,73,34
"S00113770",131,96,35
"S00113771",85,73,12
"S00113772",56,52,4
"S00113773",55,49,6
"S00113774",111,93,18
"S00113775",60,52,8
"S00113776",67,55,12
"S00113777",36,26,10
"S00113778",61,51,10
"S00113779",72,58,14
"S00113780",88,63,25
"S00113781",55,41,14
"S00113782",70,55,15
"S00113783",104,82,22
"S00113784",42,37,5
"S00113785",76,63,13
"S00113786",74,58,16
"S00113787",100,82,18
"S00113788",76,67,9
"S00113789",49,34,15
"S00113790",100,86,14
"S00113791",68,56,12
"S00113792",55,39,16
"S00113793",99,83,16
"S00113794",70,60,10
"S00113795",81,63,18
"S00113796",81,58,23
"S00113797",75,63,12
"S00113798",94,75,19
"S00113799",59,44,15
"S00113800",55,41,14
"S00113801",42,37,5
"S00113802",55,48,7
"S00113803",69,51,18
"S00113804",63,47,16
"S00113805",68,52,16
"S00113806",120,74,46
"S00113807",135,82,53
"S00113808",93,61,32
"S00113809",129,99,30
"S00113810",58,51,7
"S00113811",62,44,18
"S00113812",111,87,24
"S00113813",76,59,17
"S00113814",60,46,14
"S00113815",74,58,16
"S00113816",94,77,17
"S00113817",96,67,29
"S00113818",110,97,13
"S00113819",70,60,10
"S00113820",48,31,17
"S00113821",64,46,18
"S00113822",132,92,40
"S00113823",215,164,51
"S00113824",115,89,26
"S00113825",101,51,50
"S00113826",132,66,66
"S00113827",88,49,39
"S00113828",96,51,45
"S00113829",65,47,18
"S00113830",97,49,48
"S00113831",93,66,27
"S00113832",96,75,21
"S00113833",75,57,18
"S00113834",94,73,21
"S00113835",59,40,19
"S00113836",71,47,24
"S00113837",59,42,17
"S00113838",104,75,29
"S00113839",83,69,14
"S00113840",57,33,24
"S00113841",106,59,47
"S00113842",68,46,22
"S00113843",107,67,40
"S00113844",100,68,32
"S00113845",77,57,20
"S00113846",104,80,24
"S00113847",80,58,22
"S00113848",93,67,26
"S00113849",84,46,38
"S00113850",73,48,25
"S00113851",47,30,17
"S00113852",93,55,38
"S00113853",65,46,19
"S00113854",115,82,33
"S00113855",80,53,27
"S00113856",73,42,31
"S00113857",57,36,21
"S00113858",77,47,30
"S00113859",105,76,29
"S00113860",67,41,26
"S00113861",45,33,12
"S00113862",144,97,47
"S00113863",127,88,39
"S00113864",71,61,10
"S00113865",82,65,17
"S00113866",106,76,30
"S00113867",80,60,20
"S00113868",96,55,41
"S00113869",117,91,26
"S00113870",91,64,27
"S00113871",98,83,15
"S00113872",98,80,18
"S00113873",64,50,14
"S00113874",52,46,6
"S00113875",74,58,16
"S00113876",87,47,40
"S00113877",49,29,20
"S00113878",125,88,37
"S00113879",102,47,55
"S00113880",110,63,47
"S00113881",86,53,33
"S00113882",86,66,20
"S00113883",72,44,28
"S00113884",80,44,36
"S00113885",72,52,20
"S00113886",78,47,31
"S00113887",79,50,29
"S00113888",67,55,12
"S00113889",89,50,39
"S00113890",81,46,35
"S00113891",72,54,18
"S00113892",51,37,14
"S00113893",85,70,15
"S00113894",66,56,10
"S00113895",109,97,12
"S00113896",55,42,13
"S00113897",108,77,31
"S00113898",67,47,20
"S00113899",64,61,3
"S00113900",58,48,10
"S00113901",82,60,22
"S00113902",56,41,15
"S00113903",83,65,18
"S00113904",73,59,14
"S00113905",64,52,12
"S00113906",86,79,7
"S00113907",50,45,5
"S00113908",92,64,28
"S00113909",51,39,12
"S00113910",64,48,16
"S00113911",67,44,23
"S00113912",66,43,23
"S00113913",90,66,24
"S00113914",90,66,24
"S00113915",97,56,41
"S00113916",92,50,42
"S00113917",125,66,59
"S00113918",116,72,44
"S00113919",74,43,31
"S00113920",103,59,44
"S00113921",53,48,5
"S00113922",63,34,29
"S00113923",79,56,23
"S00113924",75,58,17
"S00113925",69,41,28
"S00113926",104,89,15
"S00113927",75,58,17
"S00113928",138,69,69
"S00113929",97,71,26
"S00113930",100,44,56
"S00113931",119,85,34
"S00113932",89,75,14
"S00113933",93,68,25
"S00113934",59,50,9
"S00113935",73,48,25
"S00113936",93,81,12
"S00113937",95,75,20
"S00113938",80,60,20
"S00113939",63,45,18
"S00113940",144,92,52
"S00113941",131,94,37
"S00113942",96,70,26
"S00113943",65,60,5
"S00113944",84,74,10
"S00113945",58,50,8
"S00113946",74,60,14
"S00113947",66,57,9
"S00113948",70,57,13
"S00113949",94,75,19
"S00113950",93,59,34
"S00113951",109,67,42
"S00113952",77,55,22
"S00113953",99,57,42
"S00113954",53,34,19
"S00113955",55,44,11
"S00113956",84,70,14
"S00113957",77,71,6
"S00113958",101,90,11
"S00113959",76,71,5
"S00113960",61,34,27
"S00113961",106,75,31
"S00113962",141,111,30
"S00113963",94,81,13
"S00113964",106,87,19
"S00113965",133,74,59
"S00113966",124,64,60
"S00113967",178,84,94
"S00113968",142,66,76
"S00113969",97,45,52
"S00113970",140,61,79
"S00113971",151,63,88
"S00113972",104,40,64
"S00113973",143,91,52
"S00113974",100,64,36
"S00113975",88,70,18
"S00113976",94,56,38
"S00113977",101,55,46
"S00113978",133,99,34
"S00113979",89,50,39
"S00113980",143,71,72
"S00113981",89,49,40
"S00113982",90,49,41
"S00113983",87,52,35
"S00113984",129,76,53
"S00113985",93,47,46
"S00113986",88,68,20
"S00113987",102,52,50
"S00113988",98,45,53
"S00113989",81,51,30
"S00113990",57,48,9
"S00113991",92,42,50
"S00113992",62,39,23
"S00113993",67,40,27
"S00113994",158,72,86
"S00113995",81,44,37
"S00113996",65,49,16
"S00113997",84,47,37
"S00113998",98,35,63
"S00113999",97,43,54
"S00114000",102,49,53
"S00114001",72,42,30
"S00114002",62,43,19
"S00114003",81,62,19
"S00114004",83,49,34
"S00114005",114,75,39
"S00114006",105,67,38
"S00114007",76,44,32
"S00114008",72,51,21
"S00114009",111,90,21
"S00114010",60,48,12
"S00114011",108,72,36
"S00114012",80,52,28
"S00114013",75,58,17
"S00114014",53,47,6
"S00114015",77,64,13
"S00114016",139,73,66
"S00114017",109,77,32
"S00114018",66,28,38
"S00114019",52,26,26
"S00114020",75,58,17
"S00114021",97,45,52
"S00114022",70,40,30
"S00114023",52,24,28
"S00114024",127,85,42
"S00114025",104,41,63
"S00114026",136,62,74
"S00114027",111,40,71
"S00114028",143,49,94
"S00114029",103,39,64
"S00114030",108,46,62
"S00114031",82,35,47
"S00114032",77,37,40
"S00114033",101,33,68
"S00114034",69,27,42
"S00114035",124,54,70
"S00114036",95,30,65
"S00114037",86,56,30
"S00114038",128,84,44
"S00114039",114,63,51
"S00114040",83,35,48
"S00114041",108,39,69
"S00114042",147,101,46
"S00114043",97,85,12
"S00114044",67,58,9
"S00114045",92,70,22
"S00114046",116,90,26
"S00114047",44,31,13
"S00114048",78,50,28
"S00114049",47,25,22
"S00114050",125,90,35
"S00114051",87,61,26
"S00114052",93,52,41
"S00114053",85,50,35
"S00114054",90,54,36
"S00114055",108,71,37
"S00114056",85,49,36
"S00114057",71,37,34
"S00114058",160,96,64
"S00114059",70,47,23
"S00114060",62,42,20
"S00114061",68,56,12
"S00114062",68,54,14
"S00114063",143,110,33
"S00114064",85,50,35
"S00114065",112,53,59
"S00114066",125,77,48
"S00114067",68,41,27
"S00114068",95,61,34
"S00114069",88,49,39
"S00114070",73,49,24
"S00114071",157,89,68
"S00114072",123,71,52
"S00114073",140,50,90
"S00114074",98,50,48
"S00114075",161,61,100
"S00114076",66,33,33
"S00114077",138,53,85
"S00114078",122,56,66
"S00114079",97,47,50
"S00114080",93,36,57
"S00114081",121,49,72
"S00114082",105,31,74
"S00114083",120,77,43
"S00114084",103,70,33
"S00114085",104,69,35
"S00114086",109,61,48
"S00114087",57,32,25
"S00114088",111,54,57
"S00114089",129,68,61
"S00114090",98,72,26
"S00114091",89,70,19
"S00114092",104,39,65
"S00114093",134,80,54
"S00114094",102,78,24
"S00114095",63,49,14
"S00114096",95,73,22
"S00114097",86,42,44
"S00114098",54,37,17
"S00114099",118,86,32
"S00114100",66,43,23
"S00114101",83,51,32
"S00114102",84,54,30
"S00114103",75,58,17
"S00114104",81,49,32
"S00114105",76,52,24
"S00114106",103,53,50
"S00114107",104,68,36
"S00114108",120,44,76
"S00114109",98,71,27
"S00114110",61,31,30
"S00114111",89,48,41
"S00114112",88,52,36
"S00114113",138,78,60
"S00114114",128,62,66
"S00114115",109,37,72
"S00114116",121,96,25
"S00114117",143,104,39
"S00114118",87,45,42
"S00114119",65,48,17
"S00114120",82,52,30
"S00114121",84,42,42
"S00114122",79,69,10
"S00114123",68,46,22
"S00114124",51,39,12
"S00114125",49,44,5
"S00114126",92,66,26
"S00114127",80,63,17
"S00114128",78,60,18
"S00114129",104,77,27
"S00114130",97,74,23
"S00114131",105,72,33
"S00114132",105,70,35
"S00114133",98,78,20
"S00114134",122,68,54
"S00114135",63,42,21
"S00114136",107,67,40
"S00114137",163,94,69
"S00114138",93,59,34
"S00114139",94,62,32
"S00114140",95,58,37
"S00114141",939,848,91
"S00114142",78,55,23
"S00114143",102,59,43
"S00114144",62,26,36
"S00114145",113,58,55
"S00114146",95,55,40
"S00114147",100,70,30
"S00114148",111,71,40
"S00114149",91,57,34
"S00114150",84,52,32
"S00114151",73,49,24
"S00114152",126,85,41
"S00114153",97,71,26
"S00114154",62,57,5
"S00114155",94,64,30
"S00114156",80,52,28
"S00114157",85,38,47
"S00114158",71,39,32
"S00114159",85,43,42
"S00114160",74,52,22
"S00114161",77,55,22
"S00114162",88,57,31
"S00114163",63,55,8
"S00114164",87,55,32
"S00114165",76,45,31
"S00114166",67,37,30
"S00114167",92,55,37
"S00114168",122,78,44
"S00114169",73,54,19
"S00114170",81,47,34
"S00114171",83,60,23
"S00114172",53,42,11
"S00114173",66,49,17
"S00114174",59,46,13
"S00114175",72,51,21
"S00114176",145,96,49
"S00114177",52,46,6
"S00114178",104,58,46
"S00114179",170,137,33
"S00114180",82,52,30
"S00114181",151,95,56
"S00114182",40,25,15
"S00114183",138,109,29
"S00114184",109,87,22
"S00114185",83,52,31
"S00114186",43,33,10
"S00114187",83,59,24
"S00114188",90,68,22
"S00114189",81,65,16
"S00114190",99,62,37
"S00114191",39,26,13
"S00114192",59,41,18
"S00114193",39,28,11
"S00114194",93,69,24
"S00114195",117,75,42
"S00114196",77,51,26
"S00114197",98,83,15
"S00114198",67,50,17
"S00114199",58,41,17
"S00114200",48,34,14
"S00114201",49,31,18
"S00114202",37,21,16
"S00114203",101,84,17
"S00114204",65,58,7
"S00114205",88,78,10
"S00114206",34,33,1
"S00114207",79,49,30
"S00114208",76,65,11
"S00114209",117,80,37
"S00114210",56,44,12
"S00114211",93,68,25
"S00114212",51,35,16
"S00114213",94,66,28
"S00114214",84,62,22
"S00114215",78,52,26
"S00114216",67,50,17
"S00114217",49,33,16
"S00114218",126,74,52
"S00114219",123,97,26
"S00114220",51,37,14
"S00114221",70,45,25
"S00114222",99,71,28
"S00114223",75,64,11
"S00114224",119,99,20
"S00114225",110,98,12
"S00114226",98,82,16
"S00114227",98,81,17
"S00114228",116,50,66
"S00114229",121,92,29
"S00114230",58,48,10
"S00114231",142,83,59
"S00114232",57,51,6
"S00114233",115,86,29
"S00114234",74,66,8
"S00114235",59,48,11
"S00114236",80,65,15
"S00114237",144,109,35
"S00114238",92,65,27
"S00114239",56,44,12
"S00114240",117,87,30
"S00114241",55,41,14
"S00114242",126,92,34
"S00114243",62,51,11
"S00114244",184,124,60
"S00114245",47,43,4
"S00114246",118,91,27
"S00114247",87,75,12
"S00114248",71,52,19
"S00114249",108,57,51
"S00114250",122,79,43
"S00114251",116,47,69
"S00114252",84,67,17
"S00114253",108,55,53
"S00114254",52,44,8
"S00114255",90,49,41
"S00114256",146,92,54
"S00114257",94,52,42
"S00114258",133,87,46
"S00114259",126,82,44
"S00114260",108,65,43
"S00114261",79,70,9
"S00114262",52,46,6
"S00114263",80,74,6
"S00114264",68,50,18
"S00114265",94,76,18
"S00114266",88,68,20
"S00114267",89,64,25
"S00114268",102,57,45
"S00114269",74,46,28
"S00114270",99,55,44
"S00114271",69,61,8
"S00114272",72,38,34
"S00114273",92,42,50
"S00114274",110,78,32
"S00114275",61,35,26
"S00114276",94,86,8
"S00114277",133,105,28
"S00114278",80,66,14
"S00114279",96,75,21
"S00114280",117,94,23
"S00114281",56,33,23
"S00114282",64,44,20
"S00114283",45,37,8
"S00114284",58,50,8
"S00114285",100,84,16
"S00114286",57,46,11
"S00114287",78,64,14
"S00114288",89,64,25
"S00114289",92,76,16
"S00114290",142,119,23
"S00114291",100,77,23
"S00114292",89,54,35
"S00114293",40,30,10
"S00114294",58,55,3
"S00114295",79,60,19
"S00114296",63,57,6
"S00114297",54,33,21
"S00114298",70,60,10
"S00114299",114,87,27
"S00114300",83,48,35
"S00114301",74,51,23
"S00114302",62,42,20
"S00114303",81,61,20
"S00114304",58,44,14
"S00114305",101,75,26
"S00114306",82,57,25
"S00114307",83,66,17
"S00114308",57,37,20
"S00114309",116,84,32
"S00114310",81,58,23
"S00114311",104,80,24
"S00114312",108,84,24
"S00114313",77,51,26
"S00114314",47,31,16
"S00114315",109,83,26
"S00114316",82,68,14
"S00114317",109,66,43
"S00114318",80,60,20
"S00114319",119,76,43
"S00114320",98,58,40
"S00114321",78,61,17
"S00114322",170,137,33
"S00114323",85,59,26
"S00114324",80,66,14
"S00114325",96,73,23
"S00114326",80,61,19
"S00114327",97,79,18
"S00114328",69,53,16
"S00114329",79,64,15
"S00114330",68,61,7
"S00114331",69,59,10
"S00114332",86,44,42
"S00114333",67,53,14
"S00114334",49,37,12
"S00114335",63,53,10
"S00114336",120,92,28
"S00114337",51,43,8
"S00114338",97,68,29
"S00114339",103,74,29
"S00114340",68,42,26
"S00114341",74,56,18
"S00114342",70,62,8
"S00114343",114,88,26
"S00114344",130,77,53
"S00114345",52,44,8
"S00114346",73,54,19
"S00114347",65,45,20
"S00114348",82,72,10
"S00114349",93,63,30
"S00114350",72,69,3
"S00114351",50,50,0
"S00114352",56,42,14
"S00114353",77,64,13
"S00114354",120,92,28
"S00114355",86,75,11
"S00114356",131,102,29
"S00114357",67,53,14
"S00114358",72,48,24
"S00114359",105,74,31
"S00114360",98,74,24
"S00114361",200,190,10
"S00114362",92,78,14
"S00114363",91,83,8
"S00114364",105,79,26
"S00114365",67,54,13
"S00114366",83,60,23
"S00114367",124,85,39
"S00114368",80,57,23
"S00114369",94,84,10
"S00114370",85,51,34
"S00114371",68,51,17
"S00114372",72,63,9
"S00114373",52,39,13
"S00114374",68,40,28
"S00114375",78,64,14
"S00114376",113,59,54
"S00114377",96,71,25
"S00114378",92,65,27
"S00114379",87,74,13
"S00114380",65,49,16
"S00114381",52,40,12
"S00114382",87,77,10
"S00114383",34,23,11
"S00114384",77,63,14
"S00114385",103,80,23
"S00114386",70,53,17
"S00114387",118,90,28
"S00114388",144,94,50
"S00114389",98,68,30
"S00114390",73,66,7
"S00114391",131,98,33
"S00114392",100,71,29
"S00114393",62,46,16
"S00114394",58,42,16
"S00114395",83,53,30
"S00114396",117,84,33
"S00114397",47,27,20
"S00114398",80,62,18
"S00114399",76,50,26
"S00114400",112,84,28
"S00114401",147,100,47
"S00114402",39,23,16
"S00114403",70,42,28
"S00114404",79,53,26
"S00114405",47,25,22
"S00114406",63,36,27
"S00114407",58,49,9
"S00114408",56,48,8
"S00114409",107,83,24
"S00114410",86,68,18
"S00114411",138,106,32
"S00114412",88,74,14
"S00114413",60,56,4
"S00114414",84,73,11
"S00114415",62,56,6
"S00114416",86,68,18
"S00114417",74,54,20
"S00114418",72,60,12
"S00114419",94,54,40
"S00114420",118,70,48
"S00114421",70,55,15
"S00114422",84,44,40
"S00114423",89,80,9
"S00114424",94,67,27
"S00114425",126,72,54
"S00114426",102,38,64
"S00114427",56,28,28
"S00114428",57,43,14
"S00114429",77,44,33
"S00114430",126,86,40
"S00114431",96,61,35
"S00114432",55,25,30
"S00114433",127,75,52
"S00114434",132,75,57
"S00114435",103,52,51
"S00114436",138,94,44
"S00114437",101,75,26
"S00114438",46,36,10
"S00114439",64,52,12
"S00114440",59,48,11
"S00114441",71,59,12
"S00114442",102,72,30
"S00114443",120,60,60
"S00114444",148,69,79
"S00114445",108,57,51
"S00114446",112,76,36
"S00114447",85,54,31
"S00114448",157,93,64
"S00114449",181,109,72
"S00114450",91,52,39
"S00114451",120,50,70
"S00114452",107,48,59
"S00114453",105,59,46
"S00114454",80,48,32
"S00114455",253,116,137
"S00114456",182,108,74
"S00114457",96,61,35
"S00114458",97,51,46
"S00114459",93,45,48
"S00114460",101,65,36
"S00114461",64,45,19
"S00114462",73,56,17
"S00114463",69,63,6
"S00114464",67,55,12
"S00114465",79,64,15
"S00114466",64,47,17
"S00114467",90,62,28
"S00114468",74,62,12
"S00114469",73,52,21
"S00114470",106,80,26
"S00114471",66,51,15
"S00114472",50,40,10
"S00114473",98,47,51
"S00114474",56,42,14
"S00114475",70,55,15
"S00114476",62,51,11
"S00114477",99,76,23
"S00114478",83,49,34
"S00114479",62,33,29
"S00114480",48,37,11
"S00114481",144,96,48
"S00114482",64,34,30
"S00114483",89,57,32
"S00114484",154,115,39
"S00114485",99,73,26
"S00114486",88,78,10
"S00114487",84,49,35
"S00114488",73,56,17
"S00114489",96,81,15
"S00114490",103,92,11
"S00114491",71,64,7
"S00114492",92,68,24
"S00114493",82,52,30
"S00114494",57,52,5
"S00114495",115,74,41
"S00114496",73,63,10
"S00114497",105,70,35
"S00114498",79,57,22
"S00114499",72,48,24
"S00114500",75,50,25
"S00114501",74,56,18
"S00114502",92,47,45
"S00114503",76,59,17
"S00114504",127,87,40
"S00114505",107,78,29
"S00114506",92,63,29
"S00114507",71,49,22
"S00114508",76,70,6
"S00114509",89,75,14
"S00114510",105,89,16
"S00114511",104,94,10
"S00114512",88,73,15
"S00114513",115,89,26
"S00114514",69,62,7
"S00114515",144,90,54
"S00114516",74,51,23
"S00114517",121,82,39
"S00114518",144,123,21
"S00114519",107,93,14
"S00114520",62,42,20
"S00114521",111,80,31
"S00114522",95,63,32
"S00114523",123,97,26
"S00114524",78,67,11
"S00114525",87,67,20
"S00114526",98,80,18
"S00114527",98,82,16
"S00114528",60,52,8
"S00114529",54,38,16
"S00114530",86,56,30
"S00114531",100,57,43
"S00114532",82,63,19
"S00114533",63,53,10
"S00114534",69,45,24
"S00114535",119,81,38
"S00114536",115,84,31
"S00114537",109,51,58
"S00114538",103,73,30
"S00114539",58,45,13
"S00114540",100,54,46
"S00114541",86,32,54
"S00114542",79,25,54
"S00114543",150,59,91
"S00114544",145,70,75
"S00114545",127,43,84
"S00114546",51,15,36
"S00114547",89,79,10
"S00114548",105,61,44
"S00114549",79,65,14
"S00114550",130,42,88
"S00114551",163,66,97
"S00114552",77,49,28
"S00114553",127,50,77
"S00114554",129,53,76
"S00114555",127,45,82
"S00114556",121,68,53
"S00114557",56,30,26
"S00114558",126,55,71
"S00114559",137,74,63
"S00114560",96,45,51
"S00114561",97,46,51
"S00114562",91,43,48
"S00114563",92,36,56
"S00114564",100,48,52
"S00114565",92,49,43
"S00114566",122,67,55
"S00114567",103,66,37
"S00114568",152,69,83
"S00114569",116,67,49
"S00114570",93,48,45
"S00114571",104,36,68
"S00114572",200,107,93
"S00114573",77,25,52
"S00114574",202,59,143
"S00114575",99,41,58
"S00114576",117,41,76
"S00114577",101,42,59
"S00114578",149,64,85
"S00114579",125,47,78
"S00114580",114,49,65
"S00114581",95,56,39
"S00114582",100,31,69
"S00114583",81,66,15
"S00114584",61,55,6
"S00114585",63,45,18
"S00114586",60,52,8
"S00114587",117,46,71
"S00114588",108,63,45
"S00114589",88,44,44
"S00114590",97,45,52
"S00114591",81,53,28
"S00114592",112,48,64
"S00114593",125,42,83
"S00114594",85,35,50
"S00114595",84,27,57
"S00114596",140,48,92
"S00114597",79,52,27
"S00114598",149,67,82
"S00114599",166,75,91
"S00114600",86,35,51
"S00114601",130,69,61
"S00114602",91,33,58
"S00114603",89,29,60
"S00114604",58,46,12
"S00114605",56,44,12
"S00114606",63,49,14
"S00114607",79,62,17
"S00114608",47,37,10
"S00114609",41,33,8
"S00114610",85,62,23
"S00114611",97,52,45
"S00114612",115,82,33
"S00114613",64,51,13
"S00114614",59,44,15
"S00114615",65,51,14
"S00114616",70,39,31
"S00114617",116,63,53
"S00114618",97,58,39
"S00114619",59,24,35
"S00114620",103,55,48
"S00114621",140,59,81
"S00114622",107,51,56
"S00114623",176,93,83
"S00114624",90,51,39
"S00114625",45,26,19
"S00114626",57,50,7
"S00114627",93,86,7
"S00114628",74,47,27
"S00114629",68,54,14
"S00114630",48,34,14
"S00114631",61,51,10
"S00114632",101,61,40
"S00114633",85,51,34
"S00114634",96,67,29
"S00114635",109,67,42
"S00114636",103,71,32
"S00114637",62,48,14
"S00114638",57,37,20
"S00114639",69,47,22
"S00114640",67,43,24
"S00114641",48,24,24
"S00114642",64,51,13
"S00114643",101,68,33
"S00114644",109,77,32
"S00114645",61,35,26
"S00114646",103,55,48
"S00114647",104,66,38
"S00114648",86,35,51
"S00114649",55,22,33
"S00114650",138,100,38
"S00114651",100,61,39
"S00114652",85,77,8
"S00114653",76,69,7
"S00114654",70,50,20
"S00114655",94,82,12
"S00114656",105,79,26
"S00114657",102,66,36
"S00114658",73,49,24
"S00114659",49,40,9
"S00114660",50,35,15
"S00114661",130,87,43
"S00114662",85,60,25
"S00114663",53,33,20
"S00114664",94,49,45
"S00114665",102,81,21
"S00114666",79,57,22
"S00114667",104,77,27
"S00114668",68,46,22
"S00114669",109,76,33
"S00114670",152,69,83
"S00114671",90,60,30
"S00114672",85,44,41
"S00114673",94,49,45
"S00114674",60,40,20
"S00114675",131,68,63
"S00114676",49,33,16
"S00114677",78,52,26
"S00114678",62,49,13
"S00114679",64,42,22
"S00114680",88,62,26
"S00114681",67,44,23
"S00114682",77,52,25
"S00114683",48,30,18
"S00114684",152,81,71
"S00114685",132,78,54
"S00114686",109,73,36
"S00114687",46,22,24
"S00114688",108,76,32
"S00114689",72,50,22
"S00114690",63,46,17
"S00114691",56,39,17
"S00114692",158,71,87
"S00114693",95,51,44
"S00114694",67,50,17
"S00114695",58,50,8
"S00114696",90,68,22
"S00114697",98,68,30
"S00114698",97,69,28
"S00114699",76,64,12
"S00114700",65,46,19
"S00114701",100,74,26
"S00114702",102,72,30
"S00114703",73,57,16
"S00114704",98,65,33
"S00114705",118,72,46
"S00114706",126,84,42
"S00114707",75,48,27
"S00114708",61,41,20
"S00114709",69,33,36
"S00114710",125,81,44
"S00114711",128,72,56
"S00114712",63,39,24
"S00114713",84,39,45
"S00114714",122,67,55
"S00114715",118,84,34
"S00114716",107,75,32
"S00114717",107,76,31
"S00114718",89,56,33
"S00114719",73,37,36
"S00114720",75,49,26
"S00114721",72,49,23
"S00114722",93,61,32
"S00114723",89,65,24
"S00114724",88,76,12
"S00114725",101,89,12
"S00114726",69,52,17
"S00114727",52,43,9
"S00114728",76,51,25
"S00114729",99,73,26
"S00114730",60,53,7
"S00114731",68,51,17
"S00114732",60,60,0
"S00114733",94,75,19
"S00114734",75,67,8
"S00114735",79,61,18
"S00114736",61,53,8
"S00114737",55,47,8
"S00114738",50,47,3
"S00114739",129,92,37
"S00114740",107,78,29
"S00114741",80,58,22
"S00114742",87,46,41
"S00114743",67,55,12
"S00114744",121,88,33
"S00114745",113,90,23
"S00114746",105,82,23
"S00114747",82,55,27
"S00114748",118,59,59
"S00114749",62,48,14
"S00114750",68,60,8
"S00114751",70,54,16
"S00114752",127,90,37
"S00114753",109,86,23
"S00114754",71,62,9
"S00114755",93,64,29
"S00114756",73,59,14
"S00114757",73,51,22
"S00114758",61,39,22
"S00114759",89,72,17
"S00114760",65,53,12
"S00114761",52,43,9
"S00114762",113,75,38
"S00114763",72,54,18
"S00114764",91,57,34
"S00114765",133,99,34
"S00114766",119,90,29
"S00114767",57,43,14
"S00114768",75,47,28
"S00114769",90,69,21
"S00114770",64,44,20
"S00114771",64,52,12
"S00114772",81,56,25
"S00114773",47,35,12
"S00114774",93,73,20
"S00114775",109,77,32
"S00114776",65,58,7
"S00114777",88,72,16
"S00114778",51,35,16
"S00114779",146,85,61
"S00114780",123,89,34
"S00114781",104,82,22
"S00114782",90,66,24
"S00114783",160,109,51
"S00114784",98,76,22
"S00114785",71,57,14
"S00114786",102,85,17
"S00114787",67,48,19
"S00114788",55,53,2
"S00114789",68,56,12
"S00114790",71,54,17
"S00114791",113,78,35
"S00114792",86,59,27
"S00114793",52,45,7
"S00114794",114,77,37
"S00114795",121,73,48
"S00114796",129,74,55
"S00114797",126,74,52
"S00114798",63,47,16
"S00114799",114,68,46
"S00114800",88,31,57
"S00114801",70,49,21
"S00114802",107,81,26
"S00114803",86,73,13
"S00114804",93,73,20
"S00114805",92,63,29
"S00114806",71,65,6
"S00114807",101,81,20
"S00114808",65,46,19
"S00114809",64,49,15
"S00114810",90,64,26
"S00114811",60,51,9
"S00114812",101,60,41
"S00114813",115,73,42
"S00114814",62,47,15
"S00114815",113,71,42
"S00114816",138,89,49
"S00114817",125,68,57
"S00114818",142,85,57
"S00114819",109,88,21
"S00114820",74,51,23
"S00114821",90,50,40
"S00114822",133,101,32
"S00114823",86,61,25
"S00114824",60,44,16
"S00114825",73,51,22
"S00114826",81,70,11
"S00114827",135,73,62
"S00114828",48,27,21
"S00114829",47,36,11
"S00114830",55,50,5
"S00114831",118,82,36
"S00114832",107,75,32
"S00114833",95,64,31
"S00114834",98,80,18
"S00114835",82,68,14
"S00114836",67,55,12
"S00114837",88,59,29
"S00114838",76,53,23
"S00114839",60,46,14
"S00114840",61,50,11
"S00114841",64,54,10
"S00114842",77,59,18
"S00114843",66,49,17
"S00114844",111,67,44
"S00114845",83,52,31
"S00114846",91,46,45
"S00114847",77,49,28
"S00114848",72,29,43
"S00114849",52,22,30
"S00114850",163,80,83
"S00114851",148,85,63
"S00114852",118,69,49
"S00114853",64,40,24
"S00114854",83,56,27
"S00114855",93,71,22
"S00114856",79,69,10
"S00114857",47,37,10
"S00114858",121,91,30
"S00114859",147,111,36
"S00114860",101,66,35
"S00114861",71,45,26
"S00114862",87,55,32
"S00114863",73,43,30
"S00114864",90,53,37
"S00114865",111,71,40
"S00114866",97,59,38
"S00114867",80,63,17
"S00114868",62,54,8
"S00114869",51,37,14
"S00114870",73,45,28
"S00114871",98,74,24
"S00114872",66,50,16
"S00114873",74,56,18
"S00114874",100,75,25
"S00114875",63,50,13
"S00114876",57,34,23
"S00114877",75,63,12
"S00114878",115,41,74
"S00114879",111,68,43
"S00114880",80,35,45
"S00114881",82,58,24
"S00114882",84,64,20
"S00114883",53,39,14
"S00114884",57,41,16
"S00114885",82,67,15
"S00114886",83,61,22
"S00114887",76,53,23
"S00114888",69,48,21
"S00114889",54,33,21
"S00114890",129,65,64
"S00114891",108,69,39
"S00114892",108,73,35
"S00114893",47,19,28
"S00114894",84,31,53
"S00114895",92,55,37
"S00114896",85,75,10
"S00114897",63,52,11
"S00114898",138,69,69
"S00114899",99,57,42
"S00114900",57,39,18
"S00114901",110,74,36
"S00114902",99,47,52
"S00114903",95,48,47
"S00114904",160,78,82
"S00114905",112,63,49
"S00114906",139,67,72
"S00114907",107,49,58
"S00114908",77,54,23
"S00114909",86,62,24
"S00114910",63,37,26
"S00114911",128,86,42
"S00114912",78,53,25
"S00114913",116,43,73
"S00114914",99,52,47
"S00114915",79,50,29
"S00114916",68,21,47
"S00114917",102,63,39
"S00114918",81,29,52
"S00114919",137,57,80
"S00114920",138,58,80
"S00114921",101,44,57
"S00114922",74,30,44
"S00114923",109,32,77
"S00114924",121,45,76
"S00114925",95,26,69
"S00114926",125,59,66
"S00114927",92,41,51
"S00114928",93,33,60
"S00114929",108,28,80
"S00114930",86,65,21
"S00114931",127,68,59
"S00114932",79,53,26
"S00114933",106,68,38
"S00114934",61,31,30
"S00114935",111,72,39
"S00114936",69,53,16
"S00114937",59,41,18
"S00114938",89,59,30
"S00114939",93,73,20
"S00114940",72,44,28
"S00114941",111,63,48
"S00114942",94,57,37
"S00114943",77,45,32
"S00114944",119,46,73
"S00114945",121,45,76
"S00114946",122,42,80
"S00114947",153,55,98
"S00114948",84,28,56
"S00114949",94,27,67
"S00114950",115,39,76
"S00114951",102,54,48
"S00114952",113,57,56
"S00114953",132,72,60
"S00114954",150,63,87
"S00114955",154,60,94
"S00114956",108,45,63
"S00114957",127,38,89
"S00114958",71,37,34
"S00114959",112,43,69
"S00114960",86,32,54
"S00114961",106,62,44
"S00114962",73,36,37
"S00114963",108,35,73
"S00114964",76,64,12
"S00114965",85,42,43
"S00114966",54,41,13
"S00114967",79,61,18
"S00114968",92,46,46
"S00114969",166,62,104
"S00114970",114,57,57
"S00114971",102,36,66
"S00114972",95,38,57
"S00114973",127,51,76
"S00114974",107,41,66
"S00114975",94,41,53
"S00114976",87,77,10
"S00114977",134,69,65
"S00114978",169,61,108
"S00114979",100,68,32
"S00114980",98,62,36
"S00114981",97,45,52
"S00114982",141,71,70
"S00114983",91,52,39
"S00114984",106,54,52
"S00114985",79,51,28
"S00114986",67,54,13
"S00114987",62,56,6
"S00114988",51,41,10
"S00114989",77,57,20
"S00114990",74,62,12
"S00114991",66,58,8
"S00114992",61,52,9
"S00114993",52,48,4
"S00114994",85,79,6
"S00114995",84,65,19
"S00114996",85,63,22
"S00114997",53,45,8
"S00114998",58,48,10
"S00114999",78,62,16
"S00115000",76,62,14
"S00115001",78,61,17
"S00115002",57,47,10
"S00115003",80,71,9
"S00115004",51,42,9
"S00115005",50,44,6
"S00115006",82,75,7
"S00115007",80,62,18
"S00115008",106,90,16
"S00115009",119,98,21
"S00115010",56,40,16
"S00115011",76,51,25
"S00115012",94,38,56
"S00115013",57,33,24
"S00115014",87,35,52
"S00115015",149,53,96
"S00115016",109,45,64
"S00115017",144,71,73
"S00115018",165,73,92
"S00115019",143,68,75
"S00115020",106,53,53
"S00115021",102,61,41
"S00115022",100,57,43
"S00115023",75,49,26
"S00115024",71,43,28
"S00115025",98,51,47
"S00115026",99,57,42
"S00115027",105,42,63
"S00115028",101,42,59
"S00115029",109,45,64
"S00115030",45,19,26
"S00115031",62,23,39
"S00115032",112,49,63
"S00115033",97,43,54
"S00115034",170,64,106
"S00115035",143,43,100
"S00115036",108,48,60
"S00115037",76,43,33
"S00115038",100,60,40
"S00115039",117,52,65
"S00115040",81,29,52
"S00115041",95,35,60
"S00115042",116,60,56
"S00115043",86,53,33
"S00115044",81,47,34
"S00115045",113,63,50
"S00115046",86,58,28
"S00115047",72,47,25
"S00115048",125,81,44
"S00115049",70,46,24
"S00115050",47,23,24
"S00115051",118,39,79
"S00115052",70,42,28
"S00115053",73,49,24
"S00115054",79,51,28
"S00115055",79,47,32
"S00115056",94,61,33
"S00115057",44,25,19
"S00115058",113,45,68
"S00115059",82,33,49
"S00115060",89,33,56
"S00115061",145,51,94
"S00115062",75,26,49
"S00115063",99,43,56
"S00115064",109,60,49
"S00115065",170,58,112
"S00115066",161,68,93
"S00115067",100,36,64
"S00115068",130,55,75
"S00115069",120,54,66
"S00115070",71,29,42
"S00115071",93,53,40
"S00115072",114,43,71
"S00115073",73,28,45
"S00115074",111,76,35
"S00115075",100,43,57
"S00115076",93,50,43
"S00115077",102,52,50
"S00115078",51,29,22
"S00115079",122,59,63
"S00115080",108,32,76
"S00115081",49,22,27
"S00115082",43,9,34
"S00115083",89,55,34
"S00115084",92,32,60
"S00115085",117,49,68
"S00115086",103,45,58
"S00115087",71,49,22
"S00115088",90,42,48
"S00115089",146,72,74
"S00115090",103,59,44
"S00115091",72,39,33
"S00115092",66,47,19
"S00115093",123,74,49
"S00115094",77,39,38
"S00115095",84,50,34
"S00115096",125,70,55
"S00115097",74,54,20
"S00115098",86,64,22
"S00115099",90,59,31
"S00115100",84,54,30
"S00115101",101,58,43
"S00115102",81,52,29
"S00115103",115,70,45
"S00115104",69,42,27
"S00115105",74,47,27
"S00115106",85,52,33
"S00115107",107,54,53
"S00115108",54,36,18
"S00115109",92,61,31
"S00115110",130,80,50
"S00115111",87,45,42
"S00115112",88,44,44
"S00115113",94,60,34
"S00115114",78,47,31
"S00115115",92,58,34
"S00115116",55,38,17
"S00115117",115,48,67
"S00115118",79,45,34
"S00115119",126,54,72
"S00115120",76,46,30
"S00115121",118,80,38
"S00115122",97,53,44
"S00115123",77,51,26
"S00115124",118,55,63
"S00115125",79,53,26
"S00115126",104,58,46
"S00115127",146,90,56
"S00115128",115,71,44
"S00115129",125,75,50
"S00115130",120,63,57
"S00115131",85,48,37
"S00115132",82,54,28
"S00115133",106,59,47
"S00115134",103,79,24
"S00115135",85,65,20
"S00115136",106,69,37
"S00115137",64,44,20
"S00115138",61,57,4
"S00115139",86,78,8
"S00115140",103,84,19
"S00115141",138,95,43
"S00115142",114,48,66
"S00115143",54,36,18
"S00115144",75,65,10
"S00115145",112,88,24
"S00115146",109,87,22
"S00115147",90,78,12
"S00115148",136,61,75
"S00115149",109,57,52
"S00115150",110,45,65
"S00115151",86,70,16
"S00115152",68,52,16
"S00115153",94,73,21
"S00115154",77,67,10
"S00115155",91,70,21
"S00115156",140,118,22
"S00115157",117,86,31
"S00115158",79,57,22
"S00115159",42,28,14
"S00115160",76,63,13
"S00115161",125,81,44
"S00115162",67,53,14
"S00115163",65,51,14
"S00115164",78,49,29
"S00115165",210,171,39
"S00115166",90,68,22
"S00115167",118,75,43
"S00115168",102,62,40
"S00115169",115,73,42
"S00115170",112,77,35
"S00115171",102,80,22
"S00115172",49,32,17
"S00115173",59,51,8
"S00115174",48,32,16
"S00115175",67,59,8
"S00115176",81,66,15
"S00115177",60,46,14
"S00115178",157,106,51
"S00115179",56,37,19
"S00115180",77,56,21
"S00115181",75,49,26
"S00115182",72,54,18
"S00115183",58,47,11
"S00115184",104,92,12
"S00115185",102,61,41
"S00115186",185,156,29
"S00115187",88,74,14
"S00115188",81,68,13
"S00115189",89,63,26
"S00115190",108,86,22
"S00115191",60,48,12
"S00115192",100,86,14
"S00115193",101,74,27
"S00115194",118,83,35
"S00115195",87,64,23
"S00115196",77,59,18
"S00115197",79,73,6
"S00115198",90,59,31
"S00115199",110,58,52
"S00115200",131,73,58
"S00115201",103,79,24
"S00115202",86,73,13
"S00115203",65,31,34
"S00115204",116,94,22
"S00115205",59,47,12
"S00115206",112,92,20
"S00115207",60,43,17
"S00115208",43,33,10
"S00115209",109,61,48
"S00115210",131,81,50
"S00115211",94,52,42
"S00115212",63,43,20
"S00115213",86,55,31
"S00115214",122,76,46
"S00115215",100,44,56
"S00115216",116,51,65
"S00115217",128,81,47
"S00115218",101,54,47
"S00115219",75,55,20
"S00115220",94,58,36
"S00115221",76,52,24
"S00115222",111,72,39
"S00115223",99,65,34
"S00115224",65,44,21
"S00115225",54,40,14
"S00115226",88,66,22
"S00115227",82,57,25
"S00115228",65,49,16
"S00115229",105,75,30
"S00115230",56,35,21
"S00115231",43,37,6
"S00115232",42,29,13
"S00115233",93,70,23
"S00115234",65,58,7
"S00115235",65,47,18
"S00115236",108,79,29
"S00115237",64,43,21
"S00115238",79,65,14
"S00115239",73,56,17
"S00115240",63,43,20
"S00115241",83,67,16
"S00115242",88,64,24
"S00115243",81,65,16
"S00115244",88,80,8
"S00115245",120,66,54
"S00115246",77,55,22
"S00115247",76,56,20
"S00115248",65,41,24
"S00115249",73,63,10
"S00115250",55,41,14
"S00115251",73,52,21
"S00115252",73,43,30
"S00115253",72,51,21
"S00115254",73,52,21
"S00115255",63,43,20
"S00115256",82,50,32
"S00115257",92,68,24
"S00115258",71,55,16
"S00115259",103,64,39
"S00115260",104,67,37
"S00115261",61,54,7
"S00115262",69,53,16
"S00115263",58,46,12
"S00115264",85,65,20
"S00115265",100,64,36
"S00115266",82,60,22
"S00115267",79,39,40
"S00115268",100,57,43
"S00115269",73,51,22
"S00115270",83,41,42
"S00115271",57,26,31
"S00115272",56,35,21
"S00115273",67,50,17
"S00115274",83,67,16
"S00115275",150,114,36
"S00115276",53,48,5
"S00115277",123,70,53
"S00115278",136,81,55
"S00115279",68,41,27
"S00115280",78,66,12
"S00115281",141,82,59
"S00115282",139,103,36
"S00115283",86,65,21
"S00115284",80,52,28
"S00115285",124,84,40
"S00115286",96,64,32
"S00115287",95,79,16
"S00115288",67,34,33
"S00115289",102,70,32
"S00115290",82,64,18
"S00115291",68,51,17
"S00115292",87,61,26
"S00115293",106,78,28
"S00115294",54,46,8
"S00115295",106,82,24
"S00115296",111,77,34
"S00115297",57,49,8
"S00115298",113,79,34
"S00115299",93,75,18
"S00115300",63,53,10
"S00115301",106,84,22
"S00115302",99,81,18
"S00115303",98,86,12
"S00115304",73,52,21
"S00115305",78,47,31
"S00115306",75,49,26
"S00115307",66,47,19
"S00115308",128,97,31
"S00115309",102,71,31
"S00115310",63,46,17
"S00115311",57,46,11
"S00115312",100,77,23
"S00115313",88,64,24
"S00115314",70,47,23
"S00115315",119,90,29
"S00115316",59,41,18
"S00115317",43,30,13
"S00115318",50,46,4
"S00115319",87,73,14
"S00115320",80,61,19
"S00115321",86,68,18
"S00115322",61,49,12
"S00115323",116,87,29
"S00115324",92,68,24
"S00115325",76,62,14
"S00115326",98,85,13
"S00115327",119,97,22
"S00115328",102,67,35
"S00115329",64,54,10
"S00115330",55,40,15
"S00115331",68,50,18
"S00115332",72,61,11
"S00115333",85,63,22
"S00115334",127,67,60
"S00115335",100,81,19
"S00115336",87,52,35
"S00115337",97,72,25
"S00115338",106,84,22
"S00115339",79,57,22
"S00115340",81,67,14
"S00115341",150,136,14
"S00115342",63,45,18
"S00115343",88,64,24
"S00115344",112,96,16
"S00115345",99,79,20
"S00115346",71,37,34
"S00115347",105,64,41
"S00115348",65,39,26
"S00115349",105,80,25
"S00115350",78,62,16
"S00115351",96,76,20
"S00115352",86,63,23
"S00115353",94,65,29
"S00115354",128,82,46
"S00115355",66,43,23
"S00115356",43,37,6
"S00115357",51,51,0
"S00115358",74,54,20
"S00115359",49,39,10
"S00115360",84,64,20
"S00115361",63,52,11
"S00115362",102,74,28
"S00115363",88,64,24
"S00115364",108,93,15
"S00115365",101,55,46
"S00115366",120,66,54
"S00115367",85,48,37
"S00115368",64,54,10
"S00115369",72,36,36
"S00115370",99,41,58
"S00115371",124,76,48
"S00115372",83,68,15
"S00115373",69,60,9
"S00115374",92,71,21
"S00115375",110,66,44
"S00115376",82,50,32
"S00115377",97,73,24
"S00115378",81,61,20
"S00115379",112,71,41
"S00115380",92,59,33
"S00115381",79,51,28
"S00115382",85,54,31
"S00115383",117,70,47
"S00115384",77,47,30
"S00115385",131,80,51
"S00115386",111,74,37
"S00115387",88,68,20
"S00115388",101,76,25
"S00115389",65,51,14
"S00115390",90,75,15
"S00115391",76,57,19
"S00115392",73,64,9
"S00115393",108,75,33
"S00115394",89,63,26
"S00115395",194,104,90
"S00115396",116,65,51
"S00115397",111,76,35
"S00115398",76,50,26
"S00115399",75,53,22
"S00115400",87,55,32
"S00115401",82,78,4
"S00115402",66,52,14
"S00115403",73,65,8
"S00115404",44,38,6
"S00115405",52,37,15
"S00115406",74,65,9
"S00115407",76,69,7
"S00115408",101,84,17
"S00115409",55,51,4
"S00115410",40,38,2
"S00115411",89,81,8
"S00115412",40,38,2
"S00115413",44,35,9
"S00115414",55,43,12
"S00115415",105,89,16
"S00115416",56,45,11
"S00115417",59,45,14
"S00115418",57,47,10
"S00115419",74,68,6
"S00115420",68,40,28
"S00115421",79,54,25
"S00115422",56,34,22
"S00115423",169,73,96
"S00115424",121,81,40
"S00115425",66,40,26
"S00115426",101,59,42
"S00115427",84,61,23
"S00115428",74,49,25
"S00115429",106,77,29
"S00115430",105,55,50
"S00115431",103,71,32
"S00115432",87,57,30
"S00115433",144,81,63
"S00115434",155,91,64
"S00115435",97,51,46
"S00115436",78,42,36
"S00115437",124,65,59
"S00115438",94,48,46
"S00115439",94,56,38
"S00115440",115,69,46
"S00115441",116,66,50
"S00115442",80,38,42
"S00115443",130,89,41
"S00115444",70,41,29
"S00115445",84,42,42
"S00115446",99,60,39
"S00115447",95,63,32
"S00115448",80,52,28
"S00115449",67,47,20
"S00115450",107,66,41
"S00115451",87,50,37
"S00115452",99,59,40
"S00115453",82,59,23
"S00115454",121,63,58
"S00115455",76,57,19
"S00115456",96,73,23
"S00115457",96,73,23
"S00115458",78,48,30
"S00115459",61,44,17
"S00115460",112,95,17
"S00115461",93,69,24
"S00115462",105,80,25
"S00115463",87,57,30
"S00115464",96,70,26
"S00115465",64,58,6
"S00115466",74,62,12
"S00115467",74,48,26
"S00115468",50,37,13
"S00115469",78,46,32
"S00115470",77,58,19
"S00115471",93,53,40
"S00115472",104,80,24
"S00115473",85,65,20
"S00115474",109,65,44
"S00115475",83,66,17
"S00115476",85,51,34
"S00115477",68,55,13
"S00115478",78,34,44
"S00115479",103,59,44
"S00115480",111,57,54
"S00115481",70,58,12
"S00115482",73,37,36
"S00115483",88,72,16
"S00115484",85,61,24
"S00115485",75,61,14
"S00115486",181,119,62
"S00115487",155,100,55
"S00115488",145,95,50
"S00115489",143,93,50
"S00115490",74,55,19
"S00115491",97,64,33
"S00115492",94,65,29
"S00115493",75,51,24
"S00115494",53,49,4
"S00115495",61,45,16
"S00115496",75,63,12
"S00115497",93,75,18
"S00115498",148,73,75
"S00115499",93,47,46
"S00115500",119,60,59
"S00115501",79,53,26
"S00115502",112,60,52
"S00115503",89,53,36
"S00115504",85,54,31
"S00115505",84,45,39
"S00115506",54,33,21
"S00115507",80,47,33
"S00115508",78,53,25
"S00115509",83,42,41
"S00115510",61,49,12
"S00115511",78,44,34
"S00115512",85,71,14
"S00115513",72,64,8
"S00115514",63,55,8
"S00115515",80,64,16
"S00115516",90,66,24
"S00115517",90,50,40
"S00115518",100,62,38
"S00115519",69,39,30
"S00115520",96,62,34
"S00115521",69,39,30
"S00115522",116,65,51
"S00115523",90,62,28
"S00115524",76,56,20
"S00115525",99,62,37
"S00115526",94,52,42
"S00115527",115,77,38
"S00115528",41,28,13
"S00115529",144,72,72
"S00115530",137,84,53
"S00115531",73,47,26
"S00115532",99,60,39
"S00115533",74,50,24
"S00115534",77,67,10
"S00115535",108,58,50
"S00115536",103,45,58
"S00115537",96,56,40
"S00115538",106,62,44
"S00115539",108,58,50
"S00115540",82,40,42
"S00115541",126,70,56
"S00115542",103,50,53
"S00115543",47,27,20
"S00115544",104,71,33
"S00115545",58,39,19
"S00115546",66,44,22
"S00115547",116,69,47
"S00115548",72,49,23
"S00115549",62,34,28
"S00115550",83,57,26
"S00115551",81,57,24
"S00115552",89,58,31
"S00115553",117,83,34
"S00115554",120,78,42
"S00115555",73,50,23
"S00115556",96,70,26
"S00115557",86,56,30
"S00115558",65,49,16
"S00115559",65,45,20
"S00115560",96,54,42
"S00115561",56,40,16
"S00115562",65,45,20
"S00115563",144,81,63
"S00115564",147,83,64
"S00115565",89,57,32
"S00115566",111,79,32
"S00115567",94,66,28
"S00115568",58,27,31
"S00115569",81,56,25
"S00115570",154,65,89
"S00115571",147,49,98
"S00115572",151,69,82
"S00115573",117,47,70
"S00115574",77,33,44
"S00115575",109,75,34
"S00115576",63,55,8
"S00115577",93,58,35
"S00115578",147,57,90
"S00115579",78,52,26
"S00115580",94,55,39
"S00115581",122,68,54
"S00115582",139,85,54
"S00115583",64,52,12
"S00115584",84,28,56
"S00115585",102,42,60
"S00115586",98,46,52
"S00115587",96,50,46
"S00115588",134,76,58
"S00115589",132,90,42
"S00115590",71,48,23
"S00115591",111,70,41
"S00115592",122,64,58
"S00115593",67,49,18
"S00115594",105,59,46
"S00115595",75,41,34
"S00115596",104,62,42
"S00115597",102,65,37
"S00115598",69,43,26
"S00115599",114,65,49
"S00115600",103,77,26
"S00115601",66,45,21
"S00115602",165,147,18
"S00115603",57,45,12
"S00115604",61,46,15
"S00115605",61,38,23
"S00115606",75,65,10
"S00115607",42,34,8
"S00115608",100,74,26
"S00115609",63,51,12
"S00115610",87,54,33
"S00115611",101,61,40
"S00115612",151,88,63
"S00115613",116,63,53
"S00115614",84,56,28
"S00115615",72,48,24
"S00115616",103,65,38
"S00115617",77,43,34
"S00115618",85,48,37
"S00115619",74,52,22
"S00115620",62,52,10
"S00115621",103,57,46
"S00115622",81,62,19
"S00115623",93,52,41
"S00115624",89,59,30
"S00115625",131,85,46
"S00115626",113,66,47
"S00115627",106,73,33
"S00115628",102,54,48
"S00115629",82,55,27
"S00115630",107,75,32
"S00115631",153,90,63
"S00115632",108,72,36
"S00115633",92,60,32
"S00115634",159,94,65
"S00115635",109,87,22
"S00115636",82,63,19
"S00115637",77,48,29
"S00115638",98,65,33
"S00115639",114,46,68
"S00115640",111,50,61
"S00115641",78,44,34
"S00115642",107,99,8
"S00115643",103,65,38
"S00115644",91,58,33
"S00115645",51,32,19
"S00115646",85,57,28
"S00115647",81,64,17
"S00115648",96,64,32
"S00115649",89,63,26
"S00115650",49,35,14
"S00115651",100,70,30
"S00115652",59,48,11
"S00115653",87,73,14
"S00115654",61,39,22
"S00115655",103,69,34
"S00115656",87,75,12
"S00115657",130,97,33
"S00115658",117,92,25
"S00115659",68,62,6
"S00115660",107,74,33
"S00115661",98,66,32
"S00115662",97,66,31
"S00115663",76,59,17
"S00115664",112,86,26
"S00115665",138,100,38
"S00115666",85,44,41
"S00115667",62,38,24
"S00115668",60,60,0
"S00115669",77,41,36
"S00115670",103,95,8
"S00115671",111,64,47
"S00115672",162,112,50
"S00115673",131,78,53
"S00115674",117,97,20
"S00115675",50,32,18
"S00115676",95,41,54
"S00115677",113,63,50
"S00115678",91,68,23
"S00115679",141,85,56
"S00115680",96,56,40
"S00115681",116,75,41
"S00115682",128,77,51
"S00115683",119,80,39
"S00115684",94,64,30
"S00115685",71,57,14
"S00115686",132,106,26
"S00115687",90,60,30
"S00115688",66,52,14
"S00115689",110,69,41
"S00115690",80,68,12
"S00115691",95,61,34
"S00115692",161,129,32
"S00115693",130,84,46
"S00115694",113,67,46
"S00115695",97,57,40
"S00115696",92,57,35
"S00115697",97,62,35
"S00115698",91,53,38
"S00115699",78,48,30
"S00115700",132,82,50
"S00115701",123,75,48
"S00115702",104,66,38
"S00115703",100,55,45
"S00115704",90,54,36
"S00115705",49,39,10
"S00115706",82,43,39
"S00115707",81,45,36
"S00115708",91,56,35
"S00115709",118,81,37
"S00115710",117,69,48
"S00115711",100,62,38
"S00115712",83,50,33
"S00115713",105,73,32
"S00115714",71,41,30
"S00115715",96,60,36
"S00115716",53,40,13
"S00115717",85,53,32
"S00115718",131,89,42
"S00115719",90,62,28
"S00115720",56,39,17
"S00115721",84,53,31
"S00115722",62,36,26
"S00115723",48,23,25
"S00115724",67,58,9
"S00115725",87,60,27
"S00115726",64,57,7
"S00115727",83,74,9
"S00115728",80,58,22
"S00115729",146,101,45
"S00115730",142,98,44
"S00115731",92,60,32
"S00115732",153,98,55
"S00115733",127,88,39
"S00115734",101,85,16
"S00115735",132,92,40
"S00115736",84,60,24
"S00115737",79,63,16
"S00115738",66,46,20
"S00115739",90,67,23
"S00115740",137,102,35
"S00115741",62,43,19
"S00115742",95,76,19
"S00115743",69,57,12
"S00115744",104,78,26
"S00115745",53,43,10
"S00115746",49,33,16
"S00115747",66,56,10
"S00115748",88,69,19
"S00115749",123,105,18
"S00115750",83,66,17
"S00115751",46,30,16
"S00115752",91,69,22
"S00115753",113,76,37
"S00115754",121,94,27
"S00115755",80,64,16
"S00115756",145,91,54
"S00115757",138,67,71
"S00115758",153,105,48
"S00115759",46,36,10
"S00115760",163,55,108
"S00115761",123,58,65
"S00115762",117,85,32
"S00115763",91,67,24
"S00115764",84,49,35
"S00115765",125,60,65
"S00115766",132,78,54
"S00115767",200,147,53
"S00115768",111,58,53
"S00115769",77,46,31
"S00115770",92,48,44
"S00115771",56,40,16
"S00115772",100,75,25
"S00115773",121,47,74
"S00115774",91,70,21
"S00115775",76,40,36
"S00115776",142,86,56
"S00115777",115,45,70
"S00115778",72,55,17
"S00115779",90,71,19
"S00115780",77,65,12
"S00115781",81,81,0
"S00115782",65,51,14
"S00115783",110,69,41
"S00115784",120,83,37
"S00115785",94,61,33
"S00115786",112,62,50
"S00115787",128,61,67
"S00115788",105,45,60
"S00115789",84,46,38
"S00115790",96,40,56
"S00115791",111,52,59
"S00115792",96,39,57
"S00115793",174,73,101
"S00115794",93,75,18
"S00115795",98,59,39
"S00115796",77,43,34
"S00115797",136,88,48
"S00115798",55,23,32
"S00115799",117,41,76
"S00115800",137,55,82
"S00115801",131,48,83
"S00115802",156,69,87
"S00115803",83,49,34
"S00115804",119,69,50
"S00115805",89,53,36
"S00115806",89,66,23
"S00115807",76,55,21
"S00115808",97,48,49
"S00115809",92,34,58
"S00115810",107,39,68
"S00115811",96,42,54
"S00115812",93,40,53
"S00115813",122,56,66
"S00115814",87,28,59
"S00115815",119,51,68
"S00115816",100,52,48
"S00115817",85,32,53
"S00115818",84,44,40
"S00115819",104,48,56
"S00115820",84,43,41
"S00115821",80,41,39
"S00115822",97,51,46
"S00115823",133,54,79
"S00115824",124,54,70
"S00115825",89,40,49
"S00115826",120,53,67
"S00115827",95,41,54
"S00115828",115,51,64
"S00115829",92,40,52
"S00115830",136,54,82
"S00115831",66,35,31
"S00115832",109,59,50
"S00115833",108,54,54
"S00115834",97,39,58
"S00115835",129,48,81
"S00115836",88,34,54
"S00115837",93,35,58
"S00115838",89,54,35
"S00115839",91,51,40
"S00115840",114,53,61
"S00115841",66,58,8
"S00115842",124,92,32
"S00115843",83,33,50
"S00115844",93,43,50
"S00115845",122,65,57
"S00115846",123,58,65
"S00115847",137,77,60
"S00115848",83,39,44
"S00115849",144,55,89
"S00115850",92,37,55
"S00115851",96,36,60
"S00115852",88,52,36
"S00115853",90,35,55
"S00115854",128,34,94
"S00115855",107,38,69
"S00115856",115,44,71
"S00115857",81,38,43
"S00115858",102,36,66
"S00115859",158,54,104
"S00115860",80,22,58
"S00115861",108,64,44
"S00115862",118,76,42
"S00115863",81,65,16
"S00115864",88,52,36
"S00115865",73,49,24
"S00115866",103,69,34
"S00115867",63,44,19
"S00115868",77,42,35
"S00115869",64,46,18
"S00115870",120,69,51
"S00115871",74,50,24
"S00115872",115,52,63
"S00115873",104,41,63
"S00115874",99,41,58
"S00115875",127,90,37
"S00115876",74,48,26
"S00115877",76,55,21
"S00115878",101,59,42
"S00115879",107,59,48
"S00115880",68,43,25
"S00115881",91,59,32
"S00115882",90,57,33
"S00115883",66,49,17
"S00115884",67,54,13
"S00115885",80,51,29
"S00115886",90,69,21
"S00115887",90,60,30
"S00115888",87,56,31
"S00115889",83,59,24
"S00115890",90,52,38
"S00115891",120,60,60
"S00115892",72,38,34
"S00115893",146,67,79
"S00115894",83,60,23
"S00115895",63,31,32
"S00115896",144,72,72
"S00115897",72,52,20
"S00115898",86,72,14
"S00115899",47,42,5
"S00115900",165,71,94
"S00115901",75,55,20
"S00115902",148,62,86
"S00115903",139,72,67
"S00115904",81,42,39
"S00115905",61,41,20
"S00115906",66,34,32
"S00115907",63,28,35
"S00115908",120,68,52
"S00115909",99,53,46
"S00115910",90,54,36
"S00115911",91,55,36
"S00115912",154,67,87
"S00115913",114,71,43
"S00115914",106,42,64
"S00115915",126,54,72
"S00115916",169,71,98
"S00115917",123,43,80
"S00115918",85,51,34
"S00115919",127,59,68
"S00115920",74,44,30
"S00115921",91,54,37
"S00115922",113,51,62
"S00115923",140,90,50
"S00115924",81,55,26
"S00115925",48,32,16
"S00115926",135,98,37
"S00115927",77,41,36
"S00115928",39,9,30
"S00115929",72,65,7
"S00115930",91,63,28
"S00115931",115,77,38
"S00115932",82,66,16
"S00115933",87,69,18
"S00115934",111,89,22
"S00115935",78,61,17
"S00115936",122,86,36
"S00115937",77,69,8
"S00115938",84,44,40
"S00115939",51,33,18
"S00115940",79,55,24
"S00115941",102,82,20
"S00115942",74,63,11
"S00115943",71,57,14
"S00115944",63,55,8
"S00115945",128,99,29
"S00115946",83,65,18
"S00115947",95,79,16
"S00115948",88,74,14
"S00115949",86,60,26
"S00115950",68,57,11
"S00115951",70,58,12
"S00115952",50,38,12
"S00115953",66,58,8
"S00115954",44,36,8
"S00115955",69,59,10
"S00115956",113,82,31
"S00115957",48,39,9
"S00115958",99,67,32
"S00115959",54,48,6
"S00115960",76,64,12
"S00115961",129,98,31
"S00115962",133,61,72
"S00115963",53,37,16
"S00115964",85,61,24
"S00115965",99,70,29
"S00115966",111,81,30
"S00115967",77,52,25
"S00115968",132,90,42
"S00115969",66,50,16
"S00115970",119,90,29
"S00115971",168,139,29
"S00115972",50,32,18
"S00115973",78,44,34
"S00115974",55,41,14
"S00115975",81,53,28
"S00115976",64,55,9
"S00115977",109,91,18
"S00115978",60,35,25
"S00115979",71,65,6
"S00115980",54,54,0
"S00115981",149,68,81
"S00115982",156,57,99
"S00115983",132,51,81
"S00115984",115,66,49
"S00115985",144,66,78
"S00115986",48,42,6
"S00115987",72,44,28
"S00115988",108,61,47
"S00115989",79,76,3
"S00115990",73,48,25
"S00115991",108,75,33
"S00115992",140,107,33
"S00115993",52,33,19
"S00115994",106,83,23
"S00115995",135,103,32
"S00115996",42,35,7
"S00115997",44,42,2
"S00115998",68,58,10
"S00115999",60,48,12
"S00116000",78,44,34
"S00116001",61,43,18
"S00116002",65,43,22
"S00116003",69,45,24
"S00116004",61,52,9
"S00116005",107,70,37
"S00116006",60,47,13
"S00116007",97,71,26
"S00116008",40,37,3
"S00116009",83,64,19
"S00116010",102,90,12
"S00116011",44,34,10
"S00116012",111,89,22
"S00116013",51,43,8
"S00116014",88,84,4
"S00116015",76,62,14
"S00116016",100,88,12
"S00116017",64,55,9
"S00116018",55,51,4
"S00116019",81,61,20
"S00116020",45,23,22
"S00116021",82,52,30
"S00116022",70,45,25
"S00116023",74,60,14
"S00116024",70,48,22
"S00116025",36,34,2
"S00116026",65,49,16
"S00116027",88,56,32
"S00116028",63,31,32
"S00116029",94,44,50
"S00116030",53,36,17
"S00116031",82,40,42
"S00116032",83,40,43
"S00116033",54,20,34
"S00116034",56,50,6
"S00116035",125,105,20
"S00116036",221,204,17
"S00116037",118,105,13
"S00116038",120,85,35
"S00116039",125,101,24
"S00116040",128,105,23
"S00116041",88,70,18
"S00116042",65,61,4
"S00116043",45,39,6
"S00116044",61,41,20
"S00116045",131,102,29
"S00116046",79,58,21
"S00116047",82,63,19
"S00116048",62,46,16
"S00116049",56,46,10
"S00116050",54,45,9
"S00116051",103,86,17
"S00116052",119,98,21
"S00116053",102,89,13
"S00116054",114,94,20
"S00116055",100,71,29
"S00116056",57,45,12
"S00116057",113,89,24
"S00116058",80,64,16
"S00116059",121,85,36
"S00116060",74,54,20
"S00116061",49,33,16
"S00116062",91,74,17
"S00116063",112,94,18
"S00116064",78,52,26
"S00116065",75,63,12
"S00116066",79,51,28
"S00116067",112,75,37
"S00116068",66,44,22
"S00116069",50,42,8
"S00116070",88,74,14
"S00116071",62,55,7
"S00116072",67,36,31
"S00116073",91,55,36
"S00116074",52,26,26
"S00116075",71,60,11
"S00116076",91,33,58
"S00116077",928,908,20
"S00116078",73,55,18
"S00116079",88,62,26
"S00116080",61,45,16
"S00116081",103,47,56
"S00116082",64,48,16
"S00116083",82,47,35
"S00116084",119,81,38
"S00116085",85,66,19
"S00116086",74,57,17
"S00116087",72,58,14
"S00116088",48,39,9
"S00116089",71,57,14
"S00116090",105,77,28
"S00116091",70,53,17
"S00116092",66,58,8
"S00116093",148,123,25
"S00116094",124,104,20
"S00116095",94,70,24
"S00116096",99,62,37
"S00116097",50,31,19
"S00116098",76,53,23
"S00116099",106,73,33
"S00116100",75,61,14
"S00116101",60,54,6
"S00116102",85,61,24
"S00116103",73,43,30
"S00116104",87,49,38
"S00116105",109,84,25
"S00116106",67,46,21
"S00116107",57,37,20
"S00116108",80,68,12
"S00116109",107,69,38
"S00116110",116,35,81
"S00116111",74,28,46
"S00116112",125,49,76
"S00116113",77,22,55
"S00116114",81,27,54
"S00116115",136,41,95
"S00116116",145,45,100
"S00116117",151,62,89
"S00116118",52,10,42
"S00116119",60,24,36
"S00116120",56,42,14
"S00116121",80,40,40
"S00116122",51,29,22
"S00116123",72,62,10
"S00116124",97,84,13
"S00116125",60,52,8
"S00116126",85,56,29
"S00116127",52,35,17
"S00116128",61,55,6
"S00116129",59,47,12
"S00116130",50,40,10
"S00116131",95,69,26
"S00116132",88,59,29
"S00116133",62,50,12
"S00116134",65,50,15
"S00116135",68,56,12
"S00116136",54,48,6
"S00116137",132,108,24
"S00116138",100,76,24
"S00116139",51,42,9
"S00116140",77,64,13
"S00116141",125,105,20
"S00116142",100,90,10
"S00116143",90,58,32
"S00116144",63,37,26
"S00116145",72,55,17
"S00116146",59,45,14
"S00116147",78,65,13
"S00116148",68,43,25
"S00116149",50,40,10
"S00116150",75,59,16
"S00116151",98,67,31
"S00116152",57,52,5
"S00116153",48,46,2
"S00116154",141,94,47
"S00116155",61,43,18
"S00116156",76,70,6
"S00116157",89,71,18
"S00116158",89,68,21
"S00116159",63,47,16
"S00116160",82,57,25
"S00116161",157,88,69
"S00116162",78,58,20
"S00116163",72,50,22
"S00116164",60,40,20
"S00116165",72,54,18
"S00116166",81,33,48
"S00116167",50,38,12
"S00116168",53,40,13
"S00116169",57,41,16
"S00116170",57,34,23
"S00116171",95,82,13
"S00116172",121,77,44
"S00116173",88,72,16
"S00116174",99,69,30
"S00116175",76,65,11
"S00116176",69,46,23
"S00116177",57,43,14
"S00116178",87,62,25
"S00116179",53,43,10
"S00116180",126,75,51
"S00116181",156,81,75
"S00116182",139,50,89
"S00116183",96,36,60
"S00116184",97,34,63
"S00116185",118,50,68
"S00116186",93,39,54
"S00116187",208,77,131
"S00116188",118,77,41
"S00116189",50,46,4
"S00116190",46,34,12
"S00116191",39,25,14
"S00116192",75,55,20
"S00116193",94,79,15
"S00116194",55,45,10
"S00116195",126,100,26
"S00116196",60,40,20
"S00116197",57,45,12
"S00116198",82,59,23
"S00116199",57,39,18
"S00116200",73,50,23
"S00116201",107,96,11
"S00116202",117,79,38
"S00116203",86,62,24
"S00116204",78,62,16
"S00116205",50,26,24
"S00116206",88,71,17
"S00116207",72,50,22
"S00116208",60,46,14
"S00116209",76,51,25
"S00116210",75,63,12
"S00116211",47,17,30
"S00116212",128,94,34
"S00116213",112,54,58
"S00116214",54,19,35
"S00116215",62,38,24
"S00116216",62,56,6
"S00116217",71,61,10
"S00116218",102,50,52
"S00116219",51,26,25
"S00116220",62,52,10
"S00116221",72,52,20
"S00116222",76,52,24
"S00116223",119,49,70
"S00116224",136,66,70
"S00116225",62,46,16
"S00116226",73,51,22
"S00116227",67,61,6
"S00116228",69,65,4
"S00116229",42,34,8
"S00116230",52,44,8
"S00116231",78,62,16
"S00116232",97,81,16
"S00116233",48,25,23
"S00116234",125,96,29
"S00116235",122,96,26
"S00116236",90,61,29
"S00116237",47,39,8
"S00116238",87,71,16
"S00116239",64,50,14
"S00116240",121,84,37
"S00116241",56,36,20
"S00116242",125,99,26
"S00116243",68,58,10
"S00116244",82,43,39
"S00116245",70,50,20
"S00116246",75,53,22
"S00116247",153,72,81
"S00116248",59,29,30
"S00116249",60,16,44
"S00116250",41,26,15
"S00116251",57,51,6
"S00116252",116,94,22
"S00116253",144,101,43
"S00116254",103,84,19
"S00116255",56,45,11
"S00116256",99,79,20
"S00116257",42,34,8
"S00116258",91,73,18
"S00116259",111,99,12
"S00116260",84,65,19
"S00116261",62,44,18
"S00116262",48,41,7
"S00116263",105,84,21
"S00116264",70,45,25
"S00116265",119,93,26
"S00116266",57,53,4
"S00116267",99,59,40
"S00116268",87,48,39
"S00116269",41,13,28
"S00116270",44,18,26
"S00116271",42,39,3
"S00116272",80,71,9
"S00116273",83,52,31
"S00116274",49,25,24
"S00116275",65,51,14
"S00116276",86,68,18
"S00116277",120,82,38
"S00116278",67,49,18
"S00116279",69,38,31
"S00116280",74,67,7
"S00116281",57,39,18
"S00116282",68,56,12
"S00116283",79,44,35
"S00116284",78,54,24
"S00116285",41,31,10
"S00116286",96,71,25
"S00116287",75,43,32
"S00116288",73,50,23
"S00116289",72,54,18
"S00116290",81,59,22
"S00116291",103,68,35
"S00116292",90,68,22
"S00116293",91,62,29
"S00116294",114,68,46
"S00116295",48,40,8
"S00116296",94,88,6
"S00116297",99,93,6
"S00116298",55,48,7
"S00116299",74,58,16
"S00116300",97,82,15
"S00116301",70,26,44
"S00116302",99,38,61
"S00116303",56,25,31
"S00116304",129,54,75
"S00116305",76,42,34
"S00116306",87,47,40
"S00116307",67,41,26
"S00116308",87,79,8
"S00116309",96,66,30
"S00116310",124,98,26
"S00116311",55,40,15
"S00116312",100,56,44
"S00116313",80,40,40
"S00116314",97,63,34
"S00116315",142,54,88
"S00116316",56,40,16
"S00116317",156,59,97
"S00116318",139,47,92
"S00116319",197,171,26
"S00116320",83,27,56
"S00116321",38,22,16
"S00116322",112,62,50
"S00116323",102,66,36
"S00116324",195,77,118
"S00116325",53,33,20
"S00116326",93,37,56
"S00116327",172,66,106
"S00116328",100,36,64
"S00116329",102,50,52
"S00116330",132,65,67
"S00116331",94,41,53
"S00116332",95,43,52
"S00116333",60,30,30
"S00116334",108,58,50
"S00116335",144,66,78
"S00116336",112,51,61
"S00116337",51,25,26
"S00116338",64,47,17
"S00116339",93,45,48
"S00116340",58,22,36
"S00116341",140,57,83
"S00116342",95,59,36
"S00116343",54,38,16
"S00116344",79,67,12
"S00116345",91,84,7
"S00116346",56,50,6
"S00116347",72,66,6
"S00116348",95,88,7
"S00116349",885,867,18
"S00116350",114,112,2
"S00116351",108,83,25
"S00116352",87,60,27
"S00116353",53,47,6
"S00116354",72,64,8
"S00116355",63,35,28
"S00116356",48,41,7
"S00116357",54,32,22
"S00116358",73,30,43
"S00116359",49,27,22
"S00116360",77,35,42
"S00116361",56,31,25
"S00116362",55,46,9
"S00116363",67,41,26
"S00116364",91,54,37
"S00116365",96,64,32
"S00116366",76,44,32
"S00116367",97,73,24
"S00116368",57,43,14
"S00116369",100,84,16
"S00116370",87,69,18
"S00116371",83,55,28
"S00116372",82,45,37
"S00116373",116,65,51
"S00116374",124,68,56
"S00116375",132,49,83
"S00116376",104,76,28
"S00116377",189,180,9
"S00116378",74,69,5
"S00116379",79,57,22
"S00116380",76,68,8
"S00116381",108,97,11
"S00116382",97,78,19
"S00116383",64,55,9
"S00116384",75,65,10
"S00116385",101,90,11
"S00116386",58,52,6
"S00116387",55,30,25
"S00116388",155,130,25
"S00116389",96,85,11
"S00116390",74,63,11
"S00116391",70,54,16
"S00116392",107,87,20
"S00116393",86,84,2
"S00116394",128,120,8
"S00116395",91,79,12
"S00116396",74,66,8
"S00116397",89,69,20
"S00116398",97,75,22
"S00116399",100,70,30
"S00116400",62,48,14
"S00116401",87,70,17
"S00116402",66,52,14
"S00116403",76,66,10
"S00116404",51,49,2
"S00116405",64,51,13
"S00116406",67,53,14
"S00116407",93,79,14
"S00116408",66,61,5
"S00116409",81,63,18
"S00116410",69,49,20
"S00116411",60,48,12
"S00116412",58,50,8
"S00116413",67,54,13
"S00116414",69,55,14
"S00116415",52,44,8
"S00116416",54,44,10
"S00116417",82,78,4
"S00116418",77,67,10
"S00116419",57,54,3
"S00116420",96,79,17
"S00116421",143,121,22
"S00116422",75,61,14
"S00116423",91,74,17
"S00116424",71,54,17
"S00116425",101,62,39
"S00116426",66,48,18
"S00116427",85,69,16
"S00116428",77,63,14
"S00116429",74,62,12
"S00116430",62,56,6
"S00116431",58,48,10
"S00116432",81,65,16
"S00116433",70,62,8
"S00116434",70,52,18
"S00116435",80,52,28
"S00116436",70,48,22
"S00116437",59,36,23
"S00116438",78,56,22
"S00116439",63,39,24
"S00116440",76,51,25
"S00116441",78,37,41
"S00116442",51,39,12
"S00116443",101,74,27
"S00116444",83,54,29
"S00116445",86,66,20
"S00116446",80,48,32
"S00116447",68,45,23
"S00116448",76,50,26
"S00116449",36,23,13
"S00116450",48,23,25
"S00116451",60,44,16
"S00116452",60,46,14
"S00116453",60,56,4
"S00116454",56,45,11
"S00116455",63,57,6
"S00116456",56,50,6
"S00116457",81,74,7
"S00116458",55,52,3
"S00116459",68,48,20
"S00116460",78,35,43
"S00116461",69,42,27
"S00116462",59,42,17
"S00116463",53,36,17
"S00116464",50,34,16
"S00116465",86,60,26
"S00116466",63,52,11
"S00116467",75,56,19
"S00116468",50,33,17
"S00116469",57,48,9
"S00116470",103,74,29
"S00116471",62,57,5
"S00116472",52,45,7
"S00116473",58,50,8
"S00116474",70,58,12
"S00116475",64,61,3
"S00116476",53,43,10
"S00116477",55,51,4
"S00116478",57,50,7
"S00116479",67,33,34
"S00116480",76,40,36
"S00116481",83,67,16
"S00116482",61,52,9
"S00116483",102,80,22
"S00116484",132,100,32
"S00116485",75,64,11
"S00116486",62,50,12
"S00116487",49,41,8
"S00116488",49,47,2
"S00116489",69,43,26
"S00116490",72,54,18
"S00116491",80,59,21
"S00116492",93,70,23
"S00116493",71,67,4
"S00116494",78,74,4
"S00116495",71,65,6
"S00116496",68,61,7
"S00116497",80,65,15
"S00116498",67,61,6
"S00116499",70,34,36
"S00116500",104,36,68
"S00116501",77,44,33
"S00116502",106,50,56
"S00116503",66,52,14
"S00116504",71,61,10
"S00116505",75,50,25
"S00116506",84,74,10
"S00116507",86,78,8
"S00116508",51,46,5
"S00116509",50,40,10
"S00116510",85,69,16
"S00116511",52,48,4
"S00116512",44,44,0
"S00116513",64,26,38
"S00116514",77,59,18
"S00116515",93,60,33
"S00116516",59,39,20
"S00116517",63,38,25
"S00116518",57,44,13
"S00116519",104,71,33
"S00116520",93,60,33
"S00116521",78,49,29
"S00116522",82,59,23
"S00116523",69,57,12
"S00116524",47,41,6
"S00116525",77,59,18
"S00116526",73,58,15
"S00116527",71,55,16
"S00116528",62,42,20
"S00116529",84,69,15
"S00116530",90,72,18
"S00116531",75,53,22
"S00116532",68,38,30
"S00116533",74,48,26
"S00116534",54,39,15
"S00116535",54,43,11
"S00116536",51,45,6
"S00116537",51,42,9
"S00116538",57,42,15
"S00116539",87,46,41
"S00116540",63,49,14
"S00116541",61,51,10
"S00116542",48,38,10
"S00116543",62,38,24
"S00116544",81,53,28
"S00116545",78,75,3
"S00116546",78,62,16
"S00116547",76,65,11
"S00116548",73,49,24
"S00116549",74,68,6
"S00116550",69,53,16
"S00116551",69,51,18
"S00116552",55,41,14
"S00116553",74,42,32
"S00116554",58,48,10
"S00116555",77,62,15
"S00116556",106,51,55
"S00116557",93,42,51
"S00116558",63,35,28
"S00116559",154,78,76
"S00116560",60,58,2
"S00116561",66,59,7
"S00116562",51,46,5
"S00116563",53,40,13
"S00116564",69,55,14
"S00116565",68,56,12
"S00116566",65,46,19
"S00116567",60,54,6
"S00116568",100,91,9
"S00116569",86,75,11
"S00116570",110,103,7
"S00116571",139,124,15
"S00116572",65,60,5
"S00116573",106,96,10
"S00116574",106,92,14
"S00116575",83,62,21
"S00116576",82,72,10
"S00116577",73,64,9
"S00116578",84,65,19
"S00116579",62,56,6
"S00116580",97,88,9
"S00116581",86,76,10
"S00116582",120,94,26
"S00116583",115,107,8
"S00116584",91,79,12
"S00116585",56,48,8
"S00116586",94,74,20
"S00116587",83,67,16
"S00116588",92,81,11
"S00116589",86,81,5
"S00116590",94,82,12
"S00116591",124,107,17
"S00116592",106,92,14
"S00116593",148,127,21
"S00116594",84,81,3
"S00116595",118,108,10
"S00116596",121,89,32
"S00116597",128,114,14
"S00116598",76,66,10
"S00116599",107,88,19
"S00116600",80,46,34
"S00116601",106,80,26
"S00116602",107,67,40
"S00116603",100,92,8
"S00116604",107,77,30
"S00116605",87,79,8
"S00116606",95,75,20
"S00116607",111,102,9
"S00116608",76,68,8
"S00116609",87,67,20
"S00116610",65,52,13
"S00116611",132,109,23
"S00116612",117,102,15
"S00116613",89,84,5
"S00116614",83,71,12
"S00116615",85,73,12
"S00116616",77,68,9
"S00116617",125,95,30
"S00116618",85,66,19
"S00116619",76,55,21
"S00116620",109,63,46
"S00116621",65,46,19
"S00116622",79,58,21
"S00116623",67,48,19
"S00116624",80,68,12
"S00116625",78,56,22
"S00116626",473,451,22
"S00116627",123,107,16
"S00116628",80,67,13
"S00116629",151,136,15
"S00116630",289,279,10
"S00116631",122,111,11
"S00116632",421,395,26
"S00116633",146,111,35
"S00116634",106,72,34
"S00116635",127,105,22
"S00116636",87,63,24
"S00116637",92,83,9
"S00116638",121,106,15
"S00116639",84,63,21
"S00116640",60,48,12
"S00116641",62,46,16
"S00116642",65,56,9
"S00116643",128,105,23
"S00116644",85,55,30
"S00116645",76,60,16
"S00116646",133,87,46
"S00116647",63,43,20
"S00116648",105,73,32
"S00116649",68,52,16
"S00116650",65,53,12
"S00116651",1736,1702,34
"S00116652",93,73,20
"S00116653",86,70,16
"S00116654",105,90,15
"S00116655",80,58,22
"S00116656",82,70,12
"S00116657",96,81,15
"S00116658",87,75,12
"S00116659",119,110,9
"S00116660",124,100,24
"S00116661",128,105,23
"S00116662",97,77,20
"S00116663",84,71,13
"S00116664",94,76,18
"S00116665",92,69,23
"S00116666",91,73,18
"S00116667",50,43,7
"S00116668",100,84,16
"S00116669",120,104,16
"S00116670",88,71,17
"S00116671",86,68,18
"S00116672",81,77,4
"S00116673",85,69,16
"S00116674",134,120,14
"S00116675",139,126,13
"S00116676",94,85,9
"S00116677",115,94,21
"S00116678",149,122,27
"S00116679",190,158,32
"S00116680",69,50,19
"S00116681",134,120,14
"S00116682",87,74,13
"S00116683",94,74,20
"S00116684",130,102,28
"S00116685",96,74,22
"S00116686",89,70,19
"S00116687",259,236,23
"S00116688",64,49,15
"S00116689",111,96,15
"S00116690",99,96,3
"S00116691",284,274,10
"S00116692",63,55,8
"S00116693",60,54,6
"S00116694",56,48,8
"S00116695",62,44,18
"S00116696",81,65,16
"S00116697",103,83,20
"S00116698",97,73,24
"S00116699",46,41,5
"S00116700",108,67,41
"S00116701",113,80,33
"S00116702",94,81,13
"S00116703",104,88,16
"S00116704",62,48,14
"S00116705",117,96,21
"S00116706",93,59,34
"S00116707",98,76,22
"S00116708",58,48,10
"S00116709",104,83,21
"S00116710",65,48,17
"S00116711",97,86,11
"S00116712",86,55,31
"S00116713",113,94,19
"S00116714",119,101,18
"S00116715",64,58,6
"S00116716",103,74,29
"S00116717",80,61,19
"S00116718",77,43,34
"S00116719",152,104,48
"S00116720",98,54,44
"S00116721",74,61,13
"S00116722",58,48,10
"S00116723",70,62,8
"S00116724",104,81,23
"S00116725",70,58,12
"S00116726",102,88,14
"S00116727",90,76,14
"S00116728",73,51,22
"S00116729",125,100,25
"S00116730",102,72,30
"S00116731",76,67,9
"S00116732",103,93,10
"S00116733",117,104,13
"S00116734",65,56,9
"S00116735",133,120,13
"S00116736",59,43,16
"S00116737",87,78,9
"S00116738",89,75,14
"S00116739",80,70,10
"S00116740",92,82,10
"S00116741",127,99,28
"S00116742",108,73,35
"S00116743",74,54,20
"S00116744",66,55,11
"S00116745",109,91,18
"S00116746",60,46,14
"S00116747",131,113,18
"S00116748",45,30,15
"S00116749",83,81,2
"S00116750",94,35,59
"S00116751",73,21,52
"S00116752",63,44,19
"S00116753",50,48,2
"S00116754",179,150,29
"S00116755",62,51,11
"S00116756",113,106,7
"S00116757",108,87,21
"S00116758",74,60,14
"S00116759",116,98,18
"S00116760",86,39,47
"S00116761",60,32,28
"S00116762",90,72,18
"S00116763",58,24,34
"S00116764",84,67,17
"S00116765",85,74,11
"S00116766",89,76,13
"S00116767",136,54,82
"S00116768",73,54,19
"S00116769",63,42,21
"S00116770",67,36,31
"S00116771",83,35,48
"S00116772",66,28,38
"S00116773",142,82,60
"S00116774",96,62,34
"S00116775",56,43,13
"S00116776",79,47,32
"S00116777",57,38,19
"S00116778",661,602,59
"S00116779",92,46,46
"S00116780",71,42,29
"S00116781",95,59,36
"S00116782",115,79,36
"S00116783",60,40,20
"S00116784",84,36,48
"S00116785",73,42,31
"S00116786",103,81,22
"S00116787",51,21,30
"S00116788",65,28,37
"S00116789",132,46,86
"S00116790",161,63,98
"S00116791",131,77,54
"S00116792",142,67,75
"S00116793",88,32,56
"S00116794",96,82,14
"S00116795",87,69,18
"S00116796",64,54,10
"S00116797",99,85,14
"S00116798",109,85,24
"S00116799",48,40,8
"S00116800",43,15,28
"S00116801",80,56,24
"S00116802",80,71,9
"S00116803",97,86,11
"S00116804",110,82,28
"S00116805",148,118,30
"S00116806",103,49,54
"S00116807",92,41,51
"S00116808",49,25,24
"S00116809",86,74,12
"S00116810",107,86,21
"S00116811",57,37,20
"S00116812",75,71,4
"S00116813",83,49,34
"S00116814",50,32,18
"S00116815",89,53,36
"S00116816",77,42,35
"S00116817",56,45,11
"S00116818",46,35,11
"S00116819",47,37,10
"S00116820",107,81,26
"S00116821",47,35,12
"S00116822",68,53,15
"S00116823",94,70,24
"S00116824",93,76,17
"S00116825",58,52,6
"S00116826",50,28,22
"S00116827",118,54,64
"S00116828",59,35,24
"S00116829",56,47,9
"S00116830",60,48,12
"S00116831",55,43,12
"S00116832",58,34,24
"S00116833",55,42,13
"S00116834",64,57,7
"S00116835",56,38,18
"S00116836",63,50,13
"S00116837",63,53,10
"S00116838",59,45,14
"S00116839",61,46,15
"S00116840",76,64,12
"S00116841",53,49,4
"S00116842",96,65,31
"S00116843",68,44,24
"S00116844",73,38,35
"S00116845",95,43,52
"S00116846",72,40,32
"S00116847",98,52,46
"S00116848",129,55,74
"S00116849",109,56,53
"S00116850",57,45,12
"S00116851",81,79,2
"S00116852",56,54,2
"S00116853",76,40,36
"S00116854",89,60,29
"S00116855",220,116,104
"S00116856",79,35,44
"S00116857",145,70,75
"S00116858",107,90,17
"S00116859",94,69,25
"S00116860",82,52,30
"S00116861",54,39,15
"S00116862",136,93,43
"S00116863",52,37,15
"S00116864",110,69,41
"S00116865",109,80,29
"S00116866",96,72,24
"S00116867",87,63,24
"S00116868",69,37,32
"S00116869",77,62,15
"S00116870",89,48,41
"S00116871",80,63,17
"S00116872",66,40,26
"S00116873",85,43,42
"S00116874",110,81,29
"S00116875",116,88,28
"S00116876",117,98,19
"S00116877",63,59,4
"S00116878",76,61,15
"S00116879",90,71,19
"S00116880",65,57,8
"S00116881",95,83,12
"S00116882",97,91,6
"S00116883",48,38,10
"S00116884",68,46,22
"S00116885",83,57,26
"S00116886",93,78,15
"S00116887",62,48,14
"S00116888",81,65,16
"S00116889",92,76,16
"S00116890",45,41,4
"S00116891",139,117,22
"S00116892",83,71,12
"S00116893",64,56,8
"S00116894",110,91,19
"S00116895",76,40,36
"S00116896",66,55,11
"S00116897",56,50,6
"S00116898",54,44,10
"S00116899",142,101,41
"S00116900",79,33,46
"S00116901",79,36,43
"S00116902",53,37,16
"S00116903",65,56,9
"S00116904",54,26,28
"S00116905",116,55,61
"S00116906",117,57,60
"S00116907",100,85,15
"S00116908",52,32,20
"S00116909",110,81,29
"S00116910",60,40,20
"S00116911",82,67,15
"S00116912",60,46,14
"S00116913",58,45,13
"S00116914",105,72,33
"S00116915",71,63,8
"S00116916",67,52,15
"S00116917",113,95,18
"S00116918",62,56,6
"S00116919",72,48,24
"S00116920",75,44,31
"S00116921",95,57,38
"S00116922",101,84,17
"S00116923",60,37,23
"S00116924",80,47,33
"S00116925",107,79,28
"S00116926",54,38,16
"S00116927",72,42,30
"S00116928",86,64,22
"S00116929",63,55,8
"S00116930",79,66,13
"S00116931",81,56,25
"S00116932",79,59,20
"S00116933",58,38,20
"S00116934",127,103,24
"S00116935",92,69,23
"S00116936",109,84,25
"S00116937",119,89,30
"S00116938",81,66,15
"S00116939",97,71,26
"S00116940",191,154,37
"S00116941",139,103,36
"S00116942",56,42,14
"S00116943",80,58,22
"S00116944",68,47,21
"S00116945",114,89,25
"S00116946",76,49,27
"S00116947",94,79,15
"S00116948",70,60,10
"S00116949",114,77,37
"S00116950",51,45,6
"S00116951",117,88,29
"S00116952",135,119,16
"S00116953",57,55,2
"S00116954",83,69,14
"S00116955",61,54,7
"S00116956",52,36,16
"S00116957",49,44,5
"S00116958",53,48,5
"S00116959",50,47,3
"S00116960",53,49,4
"S00116961",49,41,8
"S00116962",60,55,5
"S00116963",98,90,8
"S00116964",53,51,2
"S00116965",100,93,7
"S00116966",57,56,1
"S00116967",62,44,18
"S00116968",76,61,15
"S00116969",55,37,18
"S00116970",119,67,52
"S00116971",106,66,40
"S00116972",279,258,21
"S00116973",170,107,63
"S00116974",78,31,47
"S00116975",39,31,8
"S00116976",75,58,17
"S00116977",69,62,7
"S00116978",67,56,11
"S00116979",93,47,46
"S00116980",143,88,55
"S00116981",56,44,12
"S00116982",61,44,17
"S00116983",48,29,19
"S00116984",72,45,27
"S00116985",64,33,31
"S00116986",79,54,25
"S00116987",74,44,30
"S00116988",77,44,33
"S00116989",64,37,27
"S00116990",66,61,5
"S00116991",59,53,6
"S00116992",126,89,37
"S00116993",75,66,9
"S00116994",55,33,22
"S00116995",85,36,49
"S00116996",144,72,72
"S00116997",79,60,19
"S00116998",85,40,45
"S00116999",125,71,54
"S00117000",73,45,28
"S00117001",111,57,54
"S00117002",58,40,18
"S00117003",110,59,51
"S00117004",113,71,42
"S00117005",81,53,28
"S00117006",63,42,21
"S00117007",91,66,25
"S00117008",69,47,22
"S00117009",61,46,15
"S00117010",87,59,28
"S00117011",76,59,17
"S00117012",105,80,25
"S00117013",81,69,12
"S00117014",118,87,31
"S00117015",85,70,15
"S00117016",71,46,25
"S00117017",71,47,24
"S00117018",65,41,24
"S00117019",69,42,27
"S00117020",70,49,21
"S00117021",93,53,40
"S00117022",51,45,6
"S00117023",87,71,16
"S00117024",54,40,14
"S00117025",65,49,16
"S00117026",55,39,16
"S00117027",104,57,47
"S00117028",81,43,38
"S00117029",89,49,40
"S00117030",69,49,20
"S00117031",57,48,9
"S00117032",91,69,22
"S00117033",54,48,6
"S00117034",118,77,41
"S00117035",69,51,18
"S00117036",75,56,19
"S00117037",50,25,25
"S00117038",149,60,89
"S00117039",84,30,54
"S00117040",82,37,45
"S00117041",154,56,98
"S00117042",112,38,74
"S00117043",120,69,51
"S00117044",127,72,55
"S00117045",110,72,38
"S00117046",101,81,20
"S00117047",107,83,24
"S00117048",59,45,14
"S00117049",66,45,21
"S00117050",100,50,50
"S00117051",77,53,24
"S00117052",52,28,24
"S00117053",99,38,61
"S00117054",66,32,34
"S00117055",130,76,54
"S00117056",122,63,59
"S00117057",116,96,20
"S00117058",136,84,52
"S00117059",51,43,8
"S00117060",59,30,29
"S00117061",97,51,46
"S00117062",70,40,30
"S00117063",55,44,11
"S00117064",73,63,10
"S00117065",53,41,12
"S00117066",76,56,20
"S00117067",58,43,15
"S00117068",66,46,20
"S00117069",127,78,49
"S00117070",35,31,4
"S00117071",54,45,9
"S00117072",150,97,53
"S00117073",82,45,37
"S00117074",59,43,16
"S00117075",101,74,27
"S00117076",58,30,28
"S00117077",60,42,18
"S00117078",91,79,12
"S00117079",157,118,39
"S00117080",118,79,39
"S00117081",67,55,12
"S00117082",54,44,10
"S00117083",49,30,19
"S00117084",87,69,18
"S00117085",73,54,19
"S00117086",80,44,36
"S00117087",80,54,26
"S00117088",57,47,10
"S00117089",162,135,27
"S00117090",93,66,27
"S00117091",50,32,18
"S00117092",95,75,20
"S00117093",80,63,17
"S00117094",97,82,15
"S00117095",133,113,20
"S00117096",139,107,32
"S00117097",122,78,44
"S00117098",99,76,23
"S00117099",94,66,28
"S00117100",67,58,9
"S00117101",84,78,6
"S00117102",126,114,12
"S00117103",101,91,10
"S00117104",113,83,30
"S00117105",115,67,48
"S00117106",56,50,6
"S00117107",83,67,16
"S00117108",59,51,8
"S00117109",79,65,14
"S00117110",68,61,7
"S00117111",79,68,11
"S00117112",151,112,39
"S00117113",78,67,11
"S00117114",56,52,4
"S00117115",69,59,10
"S00117116",113,91,22
"S00117117",43,31,12
"S00117118",114,102,12
"S00117119",112,96,16
"S00117120",91,79,12
"S00117121",114,81,33
"S00117122",63,53,10
"S00117123",80,74,6
"S00117124",58,46,12
"S00117125",101,86,15
"S00117126",72,60,12
"S00117127",89,69,20
"S00117128",92,76,16
"S00117129",65,44,21
"S00117130",97,60,37
"S00117131",130,90,40
"S00117132",74,51,23
"S00117133",66,48,18
"S00117134",85,66,19
"S00117135",52,48,4
"S00117136",97,75,22
"S00117137",83,59,24
"S00117138",128,91,37
"S00117139",55,53,2
"S00117140",73,64,9
"S00117141",76,70,6
"S00117142",66,59,7
"S00117143",69,46,23
"S00117144",46,37,9
"S00117145",72,52,20
"S00117146",73,57,16
"S00117147",90,79,11
"S00117148",59,55,4
"S00117149",85,73,12
"S00117150",80,68,12
"S00117151",54,50,4
"S00117152",54,50,4
"S00117153",119,96,23
"S00117154",90,80,10
"S00117155",89,65,24
"S00117156",88,56,32
"S00117157",77,54,23
"S00117158",81,48,33
"S00117159",129,56,73
"S00117160",126,64,62
"S00117161",79,36,43
"S00117162",105,39,66
"S00117163",75,59,16
"S00117164",67,50,17
"S00117165",58,49,9
"S00117166",77,58,19
"S00117167",54,37,17
"S00117168",44,30,14
"S00117169",84,72,12
"S00117170",74,63,11
"S00117171",89,45,44
"S00117172",76,41,35
"S00117173",51,43,8
"S00117174",48,40,8
"S00117175",112,63,49
"S00117176",45,41,4
"S00117177",73,47,26
"S00117178",85,47,38
"S00117179",141,61,80
"S00117180",158,95,63
"S00117181",130,50,80
"S00117182",115,34,81
"S00117183",79,58,21
"S00117184",109,50,59
"S00117185",92,63,29
"S00117186",41,31,10
"S00117187",88,42,46
"S00117188",85,49,36
"S00117189",91,75,16
"S00117190",62,34,28
"S00117191",118,72,46
"S00117192",89,65,24
"S00117193",60,45,15
"S00117194",49,31,18
"S00117195",66,40,26
"S00117196",94,60,34
"S00117197",137,81,56
"S00117198",60,42,18
"S00117199",112,61,51
"S00117200",139,91,48
"S00117201",72,47,25
"S00117202",42,24,18
"S00117203",48,39,9
"S00117204",55,42,13
"S00117205",83,61,22
"S00117206",53,40,13
"S00117207",102,85,17
"S00117208",77,61,16
"S00117209",53,45,8
"S00117210",73,69,4
"S00117211",104,47,57
"S00117212",115,60,55
"S00117213",79,63,16
"S00117214",53,35,18
"S00117215",63,43,20
"S00117216",85,69,16
"S00117217",86,51,35
"S00117218",85,45,40
"S00117219",60,48,12
"S00117220",102,69,33
"S00117221",79,57,22
"S00117222",87,60,27
"S00117223",97,76,21
"S00117224",99,62,37
"S00117225",51,27,24
"S00117226",108,58,50
"S00117227",110,70,40
"S00117228",132,93,39
"S00117229",64,43,21
"S00117230",69,63,6
"S00117231",87,51,36
"S00117232",107,90,17
"S00117233",95,68,27
"S00117234",118,94,24
"S00117235",78,69,9
"S00117236",117,102,15
"S00117237",75,42,33
"S00117238",116,73,43
"S00117239",71,53,18
"S00117240",90,74,16
"S00117241",131,93,38
"S00117242",90,66,24
"S00117243",87,62,25
"S00117244",104,76,28
"S00117245",90,61,29
"S00117246",44,39,5
"S00117247",62,52,10
"S00117248",79,49,30
"S00117249",77,68,9
"S00117250",51,48,3
"S00117251",114,86,28
"S00117252",55,37,18
"S00117253",56,40,16
"S00117254",105,85,20
"S00117255",48,43,5
"S00117256",50,45,5
"S00117257",89,79,10
"S00117258",135,121,14
"S00117259",102,39,63
"S00117260",114,92,22
"S00117261",51,36,15
"S00117262",73,55,18
"S00117263",108,86,22
"S00117264",122,82,40
"S00117265",95,53,42
"S00117266",72,45,27
"S00117267",110,57,53
"S00117268",82,34,48
"S00117269",128,85,43
"S00117270",77,44,33
"S00117271",83,44,39
"S00117272",88,49,39
"S00117273",103,57,46
"S00117274",75,67,8
"S00117275",41,29,12
"S00117276",47,40,7
"S00117277",49,38,11
"S00117278",78,62,16
"S00117279",57,49,8
"S00117280",54,30,24
"S00117281",80,51,29
"S00117282",116,84,32
"S00117283",100,45,55
"S00117284",88,61,27
"S00117285",85,56,29
"S00117286",91,35,56
"S00117287",41,25,16
"S00117288",74,66,8
"S00117289",103,64,39
"S00117290",70,50,20
"S00117291",51,30,21
"S00117292",79,62,17
"S00117293",56,30,26
"S00117294",97,69,28
"S00117295",48,44,4
"S00117296",88,74,14
"S00117297",82,50,32
"S00117298",90,54,36
"S00117299",55,40,15
"S00117300",104,82,22
"S00117301",142,86,56
"S00117302",49,43,6
"S00117303",106,90,16
"S00117304",116,89,27
"S00117305",53,41,12
"S00117306",83,49,34
"S00117307",57,21,36
"S00117308",113,49,64
"S00117309",58,33,25
"S00117310",60,48,12
"S00117311",51,50,1
"S00117312",114,104,10
"S00117313",120,88,32
"S00117314",52,42,10
"S00117315",72,63,9
"S00117316",51,41,10
"S00117317",122,94,28
"S00117318",79,60,19
"S00117319",59,47,12
"S00117320",47,38,9
"S00117321",78,63,15
"S00117322",42,33,9
"S00117323",79,62,17
"S00117324",49,29,20
"S00117325",110,87,23
"S00117326",87,75,12
"S00117327",63,46,17
"S00117328",43,41,2
"S00117329",101,56,45
"S00117330",118,93,25
"S00117331",72,66,6
"S00117332",61,53,8
"S00117333",90,71,19
"S00117334",102,64,38
"S00117335",70,57,13
"S00117336",114,84,30
"S00117337",75,66,9
"S00117338",93,34,59
"S00117339",130,31,99
"S00117340",51,25,26
"S00117341",106,79,27
"S00117342",100,78,22
"S00117343",79,66,13
"S00117344",81,45,36
"S00117345",93,71,22
"S00117346",95,41,54
"S00117347",88,32,56
"S00117348",88,36,52
"S00117349",120,45,75
"S00117350",55,43,12
"S00117351",142,64,78
"S00117352",115,77,38
"S00117353",54,40,14
"S00117354",61,38,23
"S00117355",89,58,31
"S00117356",128,95,33
"S00117357",82,65,17
"S00117358",102,91,11
"S00117359",101,81,20
"S00117360",57,39,18
"S00117361",56,50,6
"S00117362",49,31,18
"S00117363",68,52,16
"S00117364",131,89,42
"S00117365",93,64,29
"S00117366",55,42,13
"S00117367",156,67,89
"S00117368",68,16,52
"S00117369",94,56,38
"S00117370",66,37,29
"S00117371",50,24,26
"S00117372",104,60,44
"S00117373",160,73,87
"S00117374",54,18,36
"S00117375",58,38,20
"S00117376",111,66,45
"S00117377",105,64,41
"S00117378",54,36,18
"S00117379",102,74,28
"S00117380",162,85,77
"S00117381",108,87,21
"S00117382",54,48,6
"S00117383",115,90,25
"S00117384",36,28,8
"S00117385",61,45,16
"S00117386",95,64,31
"S00117387",66,59,7
"S00117388",62,49,13
"S00117389",56,40,16
"S00117390",88,64,24
"S00117391",73,53,20
"S00117392",104,80,24
"S00117393",49,28,21
"S00117394",105,63,42
"S00117395",112,67,45
"S00117396",73,61,12
"S00117397",107,89,18
"S00117398",55,45,10
"S00117399",53,45,8
"S00117400",96,77,19
"S00117401",60,50,10
"S00117402",139,123,16
"S00117403",88,66,22
"S00117404",43,37,6
"S00117405",110,35,75
"S00117406",83,39,44
"S00117407",176,86,90
"S00117408",48,27,21
"S00117409",98,54,44
"S00117410",60,32,28
"S00117411",138,100,38
"S00117412",83,61,22
"S00117413",78,48,30
"S00117414",115,42,73
"S00117415",147,66,81
"S00117416",162,64,98
"S00117417",89,32,57
"S00117418",174,69,105
"S00117419",67,31,36
"S00117420",107,73,34
"S00117421",56,41,15
"S00117422",73,59,14
"S00117423",52,48,4
"S00117424",55,49,6
"S00117425",101,84,17
"S00117426",124,79,45
"S00117427",57,52,5
"S00117428",50,42,8
"S00117429",52,41,11
"S00117430",135,110,25
"S00117431",80,46,34
"S00117432",111,91,20
"S00117433",111,87,24
"S00117434",82,39,43
"S00117435",91,61,30
"S00117436",91,75,16
"S00117437",141,122,19
"S00117438",168,133,35
"S00117439",87,74,13
"S00117440",145,85,60
"S00117441",82,77,5
"S00117442",74,66,8
"S00117443",48,40,8
"S00117444",124,90,34
"S00117445",67,49,18
"S00117446",80,60,20
"S00117447",53,41,12
"S00117448",94,70,24
"S00117449",62,57,5
"S00117450",73,47,26
"S00117451",97,73,24
"S00117452",52,28,24
"S00117453",83,51,32
"S00117454",83,49,34
"S00117455",62,38,24
"S00117456",106,66,40
"S00117457",49,32,17
"S00117458",83,63,20
"S00117459",76,48,28
"S00117460",53,43,10
"S00117461",67,29,38
"S00117462",79,67,12
"S00117463",66,38,28
"S00117464",108,64,44
"S00117465",75,66,9
"S00117466",54,36,18
"S00117467",100,76,24
"S00117468",81,45,36
"S00117469",75,52,23
"S00117470",124,74,50
"S00117471",57,33,24
"S00117472",97,56,41
"S00117473",81,45,36
"S00117474",87,57,30
"S00117475",59,49,10
"S00117476",59,53,6
"S00117477",59,49,10
"S00117478",67,28,39
"S00117479",54,22,32
"S00117480",82,66,16
"S00117481",70,46,24
"S00117482",92,39,53
"S00117483",137,53,84
"S00117484",112,86,26
"S00117485",53,47,6
"S00117486",102,67,35
"S00117487",85,52,33
"S00117488",124,90,34
"S00117489",91,57,34
"S00117490",50,32,18
"S00117491",75,49,26
"S00117492",97,66,31
"S00117493",132,78,54
"S00117494",91,59,32
"S00117495",46,28,18
"S00117496",99,43,56
"S00117497",95,54,41
"S00117498",172,122,50
"S00117499",85,71,14
"S00117500",117,58,59
"S00117501",68,60,8
"S00117502",104,56,48
"S00117503",112,39,73
"S00117504",68,45,23
"S00117505",77,67,10
"S00117506",105,43,62
"S00117507",132,63,69
"S00117508",165,69,96
"S00117509",84,23,61
"S00117510",117,64,53
"S00117511",153,57,96
"S00117512",98,37,61
"S00117513",100,42,58
"S00117514",41,16,25
"S00117515",104,44,60
"S00117516",129,49,80
"S00117517",213,107,106
"S00117518",110,63,47
"S00117519",150,61,89
"S00117520",123,64,59
"S00117521",103,44,59
"S00117522",119,51,68
"S00117523",100,52,48
"S00117524",106,70,36
"S00117525",55,39,16
"S00117526",119,77,42
"S00117527",62,54,8
"S00117528",58,26,32
"S00117529",123,52,71
"S00117530",139,75,64
"S00117531",159,59,100
"S00117532",72,28,44
"S00117533",116,66,50
"S00117534",68,22,46
"S00117535",82,40,42
"S00117536",81,37,44
"S00117537",65,42,23
"S00117538",70,51,19
"S00117539",51,31,20
"S00117540",109,61,48
"S00117541",69,28,41
"S00117542",76,50,26
"S00117543",98,44,54
"S00117544",154,114,40
"S00117545",49,37,12
"S00117546",63,54,9
"S00117547",100,75,25
"S00117548",49,35,14
"S00117549",120,97,23
"S00117550",105,74,31
"S00117551",62,55,7
"S00117552",61,57,4
"S00117553",74,74,0
"S00117554",114,75,39
"S00117555",139,62,77
"S00117556",84,41,43
"S00117557",101,76,25
"S00117558",128,117,11
"S00117559",62,55,7
"S00117560",102,80,22
"S00117561",52,37,15
"S00117562",169,163,6
"S00117563",73,68,5
"S00117564",125,98,27
"S00117565",123,58,65
"S00117566",90,44,46
"S00117567",116,89,27
"S00117568",66,51,15
"S00117569",119,106,13
"S00117570",105,51,54
"S00117571",78,45,33
"S00117572",55,29,26
"S00117573",73,45,28
"S00117574",118,57,61
"S00117575",138,62,76
"S00117576",63,37,26
"S00117577",177,122,55
"S00117578",85,35,50
"S00117579",62,24,38
"S00117580",102,46,56
"S00117581",132,64,68
"S00117582",118,46,72
"S00117583",99,39,60
"S00117584",111,45,66
"S00117585",110,45,65
"S00117586",67,15,52
"S00117587",41,25,16
"S00117588",88,68,20
"S00117589",99,82,17
"S00117590",55,38,17
"S00117591",54,33,21
"S00117592",44,20,24
"S00117593",61,57,4
"S00117594",50,48,2
"S00117595",68,53,15
"S00117596",90,70,20
"S00117597",134,95,39
"S00117598",76,64,12
"S00117599",134,96,38
"S00117600",115,91,24
"S00117601",96,62,34
"S00117602",79,64,15
"S00117603",123,93,30
"S00117604",62,61,1
"S00117605",72,48,24
"S00117606",94,59,35
"S00117607",133,111,22
"S00117608",93,81,12
"S00117609",108,77,31
"S00117610",118,103,15
"S00117611",97,51,46
"S00117612",157,129,28
"S00117613",70,58,12
"S00117614",59,49,10
"S00117615",162,65,97
"S00117616",240,92,148
"S00117617",125,53,72
"S00117618",97,41,56
"S00117619",89,50,39
"S00117620",57,23,34
"S00117621",44,28,16
"S00117622",119,73,46
"S00117623",122,56,66
"S00117624",152,70,82
"S00117625",117,55,62
"S00117626",361,321,40
"S00117627",60,48,12
"S00117628",120,110,10
"S00117629",68,55,13
"S00117630",56,50,6
"S00117631",76,76,0
"S00117632",105,96,9
"S00117633",106,79,27
"S00117634",65,56,9
"S00117635",116,105,11
"S00117636",84,60,24
"S00117637",125,50,75
"S00117638",148,61,87
"S00117639",79,36,43
"S00117640",70,20,50
"S00117641",89,41,48
"S00117642",50,25,25
"S00117643",55,25,30
"S00117644",66,46,20
"S00117645",92,60,32
"S00117646",93,61,32
"S00117647",85,49,36
"S00117648",111,49,62
"S00117649",75,33,42
"S00117650",81,29,52
"S00117651",113,51,62
"S00117652",156,66,90
"S00117653",134,65,69
"S00117654",147,50,97
"S00117655",73,24,49
"S00117656",90,47,43
"S00117657",71,27,44
"S00117658",96,31,65
"S00117659",115,62,53
"S00117660",168,60,108
"S00117661",100,50,50
"S00117662",135,59,76
"S00117663",105,39,66
"S00117664",73,35,38
"S00117665",147,66,81
"S00117666",103,43,60
"S00117667",101,47,54
"S00117668",130,56,74
"S00117669",105,48,57
"S00117670",56,15,41
"S00117671",133,59,74
"S00117672",133,49,84
"S00117673",108,54,54
"S00117674",136,81,55
"S00117675",144,71,73
"S00117676",142,49,93
"S00117677",122,41,81
"S00117678",124,60,64
"S00117679",89,27,62
"S00117680",84,25,59
"S00117681",103,47,56
"S00117682",80,36,44
"S00117683",95,51,44
"S00117684",121,41,80
"S00117685",107,49,58
"S00117686",68,38,30
"S00117687",107,43,64
"S00117688",93,55,38
"S00117689",125,50,75
"S00117690",97,30,67
"S00117691",68,26,42
"S00117692",102,46,56
"S00117693",84,42,42
"S00117694",63,30,33
"S00117695",86,39,47
"S00117696",93,73,20
"S00117697",82,41,41
"S00117698",129,60,69
"S00117699",110,43,67
"S00117700",72,20,52
"S00117701",81,29,52
"S00117702",148,80,68
"S00117703",132,63,69
"S00117704",121,57,64
"S00117705",98,44,54
"S00117706",53,17,36
"S00117707",92,40,52
"S00117708",150,72,78
"S00117709",132,53,79
"S00117710",142,59,83
"S00117711",132,46,86
"S00117712",85,43,42
"S00117713",95,56,39
"S00117714",98,38,60
"S00117715",114,50,64
"S00117716",148,47,101
"S00117717",59,24,35
"S00117718",89,47,42
"S00117719",76,32,44
"S00117720",104,42,62
"S00117721",114,56,58
"S00117722",55,11,44
"S00117723",101,39,62
"S00117724",110,52,58
"S00117725",92,42,50
"S00117726",124,41,83
"S00117727",131,43,88
"S00117728",67,25,42
"S00117729",63,35,28
"S00117730",82,48,34
"S00117731",66,24,42
"S00117732",92,46,46
"S00117733",84,40,44
"S00117734",87,48,39
"S00117735",107,44,63
"S00117736",125,60,65
"S00117737",56,23,33
"S00117738",72,38,34
"S00117739",122,62,60
"S00117740",100,24,76
"S00117741",90,28,62
"S00117742",58,33,25
"S00117743",66,27,39
"S00117744",214,131,83
"S00117745",106,47,59
"S00117746",92,39,53
"S00117747",97,32,65
"S00117748",107,42,65
"S00117749",79,52,27
"S00117750",122,67,55
"S00117751",121,60,61
"S00117752",124,67,57
"S00117753",132,64,68
"S00117754",102,61,41
"S00117755",83,25,58
"S00117756",107,91,16
"S00117757",118,75,43
"S00117758",114,34,80
"S00117759",82,50,32
"S00117760",129,76,53
"S00117761",68,29,39
"S00117762",56,18,38
"S00117763",103,38,65
"S00117764",122,45,77
"S00117765",95,47,48
"S00117766",100,38,62
"S00117767",75,32,43
"S00117768",109,55,54
"S00117769",82,42,40
"S00117770",109,61,48
"S00117771",121,47,74
"S00117772",61,22,39
"S00117773",78,30,48
"S00117774",101,27,74
"S00117775",84,57,27
"S00117776",68,49,19
"S00117777",124,78,46
"S00117778",89,31,58
"S00117779",129,62,67
"S00117780",44,6,38
"S00117781",98,67,31
"S00117782",107,42,65
"S00117783",60,29,31
"S00117784",132,37,95
"S00117785",48,19,29
"S00117786",153,77,76
"S00117787",106,42,64
"S00117788",88,52,36
"S00117789",55,29,26
"S00117790",107,68,39
"S00117791",118,56,62
"S00117792",218,145,73
"S00117793",115,30,85
"S00117794",82,28,54
"S00117795",73,25,48
"S00117796",47,14,33
"S00117797",111,47,64
"S00117798",120,46,74
"S00117799",49,17,32
"S00117800",114,44,70
"S00117801",81,38,43
"S00117802",118,42,76
"S00117803",58,12,46
"S00117804",167,59,108
"S00117805",103,52,51
"S00117806",69,29,40
"S00117807",110,50,60
"S00117808",105,47,58
"S00117809",75,29,46
"S00117810",116,49,67
"S00117811",124,51,73
"S00117812",101,29,72
"S00117813",92,38,54
"S00117814",72,27,45
"S00117815",80,35,45
"S00117816",145,42,103
"S00117817",100,44,56
"S00117818",68,34,34
"S00117819",70,20,50
"S00117820",110,46,64
"S00117821",104,34,70
"S00117822",130,54,76
"S00117823",75,34,41
"S00117824",90,38,52
"S00117825",80,38,42
"S00117826",132,52,80
"S00117827",133,61,72
"S00117828",61,29,32
"S00117829",91,39,52
"S00117830",52,26,26
"S00117831",109,44,65
"S00117832",64,29,35
"S00117833",46,13,33
"S00117834",108,41,67
"S00117835",128,61,67
"S00117836",151,62,89
"S00117837",107,56,51
"S00117838",154,65,89
"S00117839",73,28,45
"S00117840",130,43,87
"S00117841",92,48,44
"S00117842",59,28,31
"S00117843",139,62,77
"S00117844",144,69,75
"S00117845",113,44,69
"S00117846",43,20,23
"S00117847",88,30,58
"S00117848",65,15,50
"S00117849",115,49,66
"S00117850",155,41,114
"S00117851",103,52,51
"S00117852",83,45,38
"S00117853",97,32,65
"S00117854",139,74,65
"S00117855",114,57,57
"S00117856",119,44,75
"S00117857",142,43,99
"S00117858",97,36,61
"S00117859",73,32,41
"S00117860",68,32,36
"S00117861",129,65,64
"S00117862",46,17,29
"S00117863",56,37,19
"S00117864",86,33,53
"S00117865",105,53,52
"S00117866",76,28,48
"S00117867",102,46,56
"S00117868",133,55,78
"S00117869",148,53,95
"S00117870",98,37,61
"S00117871",61,22,39
"S00117872",143,45,98
"S00117873",59,26,33
"S00117874",72,17,55
"S00117875",72,27,45
"S00117876",79,37,42
"S00117877",86,32,54
"S00117878",92,39,53
"S00117879",89,46,43
"S00117880",77,41,36
"S00117881",138,39,99
"S00117882",118,38,80
"S00117883",75,29,46
"S00117884",75,23,52
"S00117885",131,46,85
"S00117886",159,59,100
"S00117887",96,36,60
"S00117888",57,14,43
"S00117889",117,31,86
"S00117890",118,49,69
"S00117891",150,50,100
"S00117892",79,34,45
"S00117893",123,56,67
"S00117894",134,65,69
"S00117895",110,76,34
"S00117896",85,36,49
"S00117897",67,30,37
"S00117898",55,41,14
"S00117899",77,39,38
"S00117900",67,25,42
"S00117901",55,21,34
"S00117902",114,39,75
"S00117903",162,79,83
"S00117904",59,24,35
"S00117905",84,38,46
"S00117906",135,39,96
"S00117907",77,28,49
"S00117908",76,24,52
"S00117909",120,49,71
"S00117910",113,63,50
"S00117911",42,14,28
"S00117912",96,46,50
"S00117913",81,35,46
"S00117914",117,61,56
"S00117915",111,57,54
"S00117916",70,32,38
"S00117917",83,42,41
"S00117918",135,57,78
"S00117919",138,40,98
"S00117920",101,29,72
"S00117921",45,17,28
"S00117922",98,47,51
"S00117923",60,24,36
"S00117924",124,52,72
"S00117925",157,65,92
"S00117926",147,51,96
"S00117927",135,55,80
"S00117928",57,21,36
"S00117929",104,47,57
"S00117930",78,28,50
"S00117931",99,35,64
"S00117932",127,57,70
"S00117933",107,39,68
"S00117934",70,31,39
"S00117935",86,36,50
"S00117936",72,29,43
"S00117937",69,34,35
"S00117938",124,45,79
"S00117939",115,49,66
"S00117940",91,34,57
"S00117941",74,28,46
"S00117942",131,46,85
"S00117943",75,32,43
"S00117944",120,65,55
"S00117945",131,60,71
"S00117946",148,66,82
"S00117947",119,51,68
"S00117948",91,46,45
"S00117949",101,59,42
"S00117950",142,59,83
"S00117951",115,51,64
"S00117952",99,56,43
"S00117953",102,44,58
"S00117954",99,57,42
"S00117955",120,52,68
"S00117956",59,31,28
"S00117957",100,31,69
"S00117958",101,58,43
"S00117959",48,19,29
"S00117960",118,50,68
"S00117961",94,48,46
"S00117962",129,47,82
"S00117963",137,54,83
"S00117964",118,50,68
"S00117965",73,34,39
"S00117966",42,24,18
"S00117967",106,51,55
"S00117968",88,28,60
"S00117969",104,44,60
"S00117970",52,27,25
"S00117971",82,27,55
"S00117972",89,41,48
"S00117973",85,49,36
"S00117974",123,59,64
"S00117975",123,68,55
"S00117976",106,36,70
"S00117977",101,34,67
"S00117978",69,28,41
"S00117979",141,79,62
"S00117980",95,37,58
"S00117981",75,20,55
"S00117982",84,38,46
"S00117983",84,41,43
"S00117984",126,45,81
"S00117985",89,44,45
"S00117986",125,47,78
"S00117987",98,40,58
"S00117988",135,54,81
"S00117989",99,44,55
"S00117990",106,54,52
"S00117991",90,29,61
"S00117992",103,33,70
"S00117993",92,51,41
"S00117994",105,48,57
"S00117995",122,45,77
"S00117996",76,35,41
"S00117997",88,56,32
"S00117998",91,43,48
"S00117999",100,38,62
"S00118000",101,60,41
"S00118001",94,32,62
"S00118002",72,33,39
"S00118003",81,55,26
"S00118004",103,41,62
"S00118005",65,27,38
"S00118006",121,61,60
"S00118007",108,42,66
"S00118008",108,38,70
"S00118009",85,40,45
"S00118010",72,43,29
"S00118011",102,48,54
"S00118012",65,30,35
"S00118013",126,58,68
"S00118014",110,58,52
"S00118015",148,51,97
"S00118016",71,17,54
"S00118017",158,62,96
"S00118018",97,35,62
"S00118019",70,23,47
"S00118020",75,27,48
"S00118021",106,31,75
"S00118022",82,28,54
"S00118023",105,46,59
"S00118024",124,44,80
"S00118025",128,50,78
"S00118026",94,35,59
"S00118027",117,81,36
"S00118028",86,35,51
"S00118029",121,38,83
"S00118030",72,36,36
"S00118031",67,31,36
"S00118032",113,56,57
"S00118033",55,19,36
"S00118034",103,47,56
"S00118035",104,44,60
"S00118036",96,48,48
"S00118037",86,47,39
"S00118038",83,24,59
"S00118039",134,50,84
"S00118040",65,25,40
"S00118041",94,45,49
"S00118042",81,47,34
"S00118043",70,40,30
"S00118044",71,32,39
"S00118045",126,58,68
"S00118046",86,36,50
"S00118047",58,29,29
"S00118048",101,36,65
"S00118049",111,45,66
"S00118050",126,62,64
"S00118051",81,32,49
"S00118052",77,42,35
"S00118053",81,25,56
"S00118054",137,50,87
"S00118055",158,53,105
"S00118056",82,24,58
"S00118057",63,48,15
"S00118058",127,59,68
"S00118059",122,50,72
"S00118060",124,51,73
"S00118061",79,41,38
"S00118062",82,31,51
"S00118063",96,35,61
"S00118064",108,33,75
"S00118065",133,66,67
"S00118066",94,48,46
"S00118067",76,24,52
"S00118068",107,64,43
"S00118069",41,15,26
"S00118070",125,42,83
"S00118071",70,45,25
"S00118072",104,56,48
"S00118073",121,75,46
"S00118074",112,44,68
"S00118075",77,31,46
"S00118076",102,39,63
"S00118077",103,40,63
"S00118078",114,41,73
"S00118079",71,33,38
"S00118080",100,54,46
"S00118081",55,35,20
"S00118082",108,35,73
"S00118083",75,41,34
"S00118084",53,27,26
"S00118085",85,32,53
"S00118086",115,61,54
"S00118087",91,36,55
"S00118088",92,45,47
"S00118089",48,30,18
"S00118090",68,29,39
"S00118091",78,36,42
"S00118092",124,50,74
"S00118093",48,26,22
"S00118094",103,66,37
"S00118095",132,56,76
"S00118096",104,48,56
"S00118097",109,46,63
"S00118098",85,39,46
"S00118099",83,30,53
"S00118100",112,59,53
"S00118101",71,43,28
"S00118102",115,45,70
"S00118103",104,60,44
"S00118104",93,46,47
"S00118105",68,42,26
"S00118106",118,71,47
"S00118107",57,25,32
"S00118108",141,56,85
"S00118109",90,32,58
"S00118110",66,26,40
"S00118111",144,66,78
"S00118112",51,25,26
"S00118113",63,24,39
"S00118114",84,42,42
"S00118115",108,48,60
"S00118116",89,39,50
"S00118117",143,79,64
"S00118118",118,58,60
"S00118119",113,59,54
"S00118120",117,47,70
"S00118121",89,70,19
"S00118122",93,47,46
"S00118123",48,20,28
"S00118124",85,42,43
"S00118125",83,41,42
"S00118126",68,41,27
"S00118127",54,37,17
"S00118128",109,53,56
"S00118129",88,40,48
"S00118130",104,27,77
"S00118131",99,46,53
"S00118132",88,32,56
"S00118133",76,43,33
"S00118134",108,32,76
"S00118135",100,56,44
"S00118136",84,25,59
"S00118137",143,92,51
"S00118138",118,55,63
"S00118139",80,50,30
"S00118140",101,73,28
"S00118141",114,82,32
"S00118142",97,61,36
"S00118143",86,43,43
"S00118144",118,70,48
"S00118145",101,66,35
"S00118146",63,48,15
"S00118147",124,60,64
"S00118148",90,55,35
"S00118149",52,42,10
"S00118150",97,72,25
"S00118151",79,48,31
"S00118152",73,29,44
"S00118153",66,37,29
"S00118154",80,52,28
"S00118155",71,46,25
"S00118156",115,82,33
"S00118157",84,53,31
"S00118158",79,62,17
"S00118159",99,45,54
"S00118160",75,35,40
"S00118161",105,72,33
"S00118162",63,39,24
"S00118163",96,47,49
"S00118164",110,60,50
"S00118165",76,40,36
"S00118166",138,84,54
"S00118167",113,54,59
"S00118168",93,45,48
"S00118169",80,27,53
"S00118170",86,38,48
"S00118171",102,61,41
"S00118172",85,50,35
"S00118173",117,61,56
"S00118174",157,72,85
"S00118175",98,42,56
"S00118176",113,63,50
"S00118177",94,44,50
"S00118178",108,49,59
"S00118179",80,45,35
"S00118180",115,66,49
"S00118181",103,52,51
"S00118182",102,56,46
"S00118183",92,46,46
"S00118184",73,44,29
"S00118185",93,51,42
"S00118186",105,47,58
"S00118187",93,53,40
"S00118188",81,48,33
"S00118189",130,88,42
"S00118190",77,29,48
"S00118191",129,63,66
"S00118192",59,38,21
"S00118193",90,68,22
"S00118194",105,49,56
"S00118195",110,35,75
"S00118196",62,18,44
"S00118197",58,48,10
"S00118198",100,52,48
"S00118199",129,76,53
"S00118200",60,32,28
"S00118201",78,52,26
"S00118202",105,48,57
"S00118203",117,57,60
"S00118204",82,38,44
"S00118205",78,46,32
"S00118206",52,31,21
"S00118207",80,49,31
"S00118208",119,54,65
"S00118209",106,46,60
"S00118210",146,57,89
"S00118211",71,16,55
"S00118212",105,49,56
"S00118213",131,55,76
"S00118214",114,76,38
"S00118215",103,48,55
"S00118216",123,66,57
"S00118217",82,44,38
"S00118218",64,22,42
"S00118219",113,78,35
"S00118220",150,99,51
"S00118221",98,49,49
"S00118222",73,35,38
"S00118223",62,38,24
"S00118224",136,80,56
"S00118225",109,61,48
"S00118226",81,57,24
"S00118227",77,49,28
"S00118228",65,37,28
"S00118229",70,27,43
"S00118230",77,41,36
"S00118231",95,71,24
"S00118232",86,51,35
"S00118233",79,59,20
"S00118234",129,93,36
"S00118235",69,18,51
"S00118236",82,46,36
"S00118237",118,57,61
"S00118238",91,45,46
"S00118239",62,33,29
"S00118240",94,74,20
"S00118241",104,65,39
"S00118242",84,48,36
"S00118243",116,62,54
"S00118244",161,53,108
"S00118245",86,45,41
"S00118246",82,56,26
"S00118247",60,32,28
"S00118248",96,36,60
"S00118249",113,36,77
"S00118250",47,19,28
"S00118251",83,49,34
"S00118252",91,50,41
"S00118253",65,30,35
"S00118254",130,96,34
"S00118255",75,36,39
"S00118256",100,48,52
"S00118257",52,21,31
"S00118258",100,35,65
"S00118259",86,61,25
"S00118260",129,58,71
"S00118261",90,80,10
"S00118262",104,96,8
"S00118263",103,90,13
"S00118264",89,78,11
"S00118265",78,63,15
"S00118266",80,63,17
"S00118267",103,70,33
"S00118268",133,61,72
"S00118269",61,58,3
"S00118270",94,37,57
"S00118271",138,47,91
"S00118272",87,35,52
"S00118273",68,48,20
"S00118274",98,36,62
"S00118275",75,26,49
"S00118276",89,41,48
"S00118277",64,52,12
"S00118278",62,37,25
"S00118279",107,50,57
"S00118280",138,47,91
"S00118281",126,35,91
"S00118282",78,46,32
"S00118283",91,69,22
"S00118284",78,54,24
"S00118285",89,38,51
"S00118286",191,122,69
"S00118287",86,54,32
"S00118288",101,60,41
"S00118289",125,76,49
"S00118290",69,55,14
"S00118291",191,143,48
"S00118292",71,55,16
"S00118293",87,64,23
"S00118294",56,26,30
"S00118295",92,55,37
"S00118296",44,24,20
"S00118297",110,41,69
"S00118298",102,65,37
"S00118299",55,49,6
"S00118300",83,39,44
"S00118301",74,52,22
"S00118302",84,70,14
"S00118303",105,40,65
"S00118304",76,28,48
"S00118305",117,51,66
"S00118306",109,68,41
"S00118307",99,35,64
"S00118308",57,40,17
"S00118309",90,69,21
"S00118310",64,46,18
"S00118311",130,82,48
"S00118312",90,73,17
"S00118313",117,72,45
"S00118314",130,83,47
"S00118315",103,74,29
"S00118316",71,47,24
"S00118317",126,74,52
"S00118318",58,30,28
"S00118319",49,21,28
"S00118320",91,11,80
"S00118321",73,21,52
"S00118322",67,7,60
"S00118323",96,25,71
"S00118324",98,53,45
"S00118325",129,43,86
"S00118326",85,55,30
"S00118327",75,30,45
"S00118328",203,130,73
"S00118329",82,42,40
"S00118330",104,46,58
"S00118331",93,43,50
"S00118332",106,42,64
"S00118333",97,47,50
"S00118334",89,39,50
"S00118335",129,59,70
"S00118336",137,46,91
"S00118337",46,14,32
"S00118338",99,56,43
"S00118339",76,35,41
"S00118340",62,25,37
"S00118341",102,38,64
"S00118342",86,39,47
"S00118343",116,40,76
"S00118344",61,33,28
"S00118345",105,47,58
"S00118346",104,40,64
"S00118347",153,65,88
"S00118348",94,47,47
"S00118349",127,54,73
"S00118350",131,43,88
"S00118351",103,43,60
"S00118352",91,38,53
"S00118353",104,33,71
"S00118354",113,67,46
"S00118355",73,31,42
"S00118356",95,30,65
"S00118357",52,26,26
"S00118358",138,69,69
"S00118359",80,30,50
"S00118360",100,40,60
"S00118361",57,19,38
"S00118362",56,14,42
"S00118363",81,31,50
"S00118364",87,33,54
"S00118365",101,48,53
"S00118366",104,46,58
"S00118367",119,57,62
"S00118368",86,28,58
"S00118369",88,49,39
"S00118370",83,25,58
"S00118371",98,46,52
"S00118372",87,45,42
"S00118373",89,24,65
"S00118374",88,40,48
"S00118375",87,34,53
"S00118376",160,51,109
"S00118377",116,75,41
"S00118378",114,68,46
"S00118379",85,57,28
"S00118380",63,49,14
"S00118381",74,44,30
"S00118382",137,94,43
"S00118383",69,54,15
"S00118384",42,38,4
"S00118385",93,78,15
"S00118386",86,57,29
"S00118387",90,49,41
"S00118388",89,60,29
"S00118389",70,54,16
"S00118390",89,85,4
"S00118391",77,55,22
"S00118392",128,59,69
"S00118393",132,74,58
"S00118394",112,68,44
"S00118395",121,80,41
"S00118396",74,37,37
"S00118397",71,37,34
"S00118398",91,55,36
"S00118399",65,53,12
"S00118400",118,69,49
"S00118401",93,61,32
"S00118402",101,67,34
"S00118403",61,41,20
"S00118404",141,66,75
"S00118405",56,25,31
"S00118406",74,26,48
"S00118407",102,51,51
"S00118408",124,53,71
"S00118409",120,61,59
"S00118410",49,29,20
"S00118411",96,51,45
"S00118412",81,37,44
"S00118413",86,24,62
"S00118414",97,44,53
"S00118415",70,22,48
"S00118416",85,44,41
"S00118417",74,41,33
"S00118418",75,25,50
"S00118419",70,42,28
"S00118420",49,42,7
"S00118421",80,57,23
"S00118422",80,65,15
"S00118423",45,31,14
"S00118424",154,87,67
"S00118425",105,49,56
"S00118426",145,66,79
"S00118427",78,41,37
"S00118428",66,48,18
"S00118429",91,54,37
"S00118430",92,38,54
"S00118431",86,36,50
"S00118432",124,42,82
"S00118433",119,83,36
"S00118434",85,68,17
"S00118435",119,84,35
"S00118436",100,74,26
"S00118437",89,65,24
"S00118438",96,46,50
"S00118439",95,59,36
"S00118440",64,52,12
"S00118441",55,53,2
"S00118442",97,54,43
"S00118443",58,36,22
"S00118444",113,68,45
"S00118445",99,65,34
"S00118446",84,75,9
"S00118447",88,41,47
"S00118448",73,54,19
"S00118449",93,49,44
"S00118450",76,47,29
"S00118451",88,38,50
"S00118452",90,52,38
"S00118453",88,55,33
"S00118454",83,56,27
"S00118455",110,78,32
"S00118456",126,70,56
"S00118457",71,32,39
"S00118458",60,35,25
"S00118459",153,102,51
"S00118460",105,69,36
"S00118461",134,77,57
"S00118462",126,103,23
"S00118463",105,83,22
"S00118464",87,59,28
"S00118465",108,79,29
"S00118466",115,93,22
"S00118467",114,49,65
"S00118468",101,79,22
"S00118469",58,41,17
"S00118470",89,53,36
"S00118471",74,55,19
"S00118472",151,103,48
"S00118473",78,62,16
"S00118474",108,83,25
"S00118475",69,43,26
"S00118476",82,40,42
"S00118477",69,44,25
"S00118478",105,83,22
"S00118479",100,53,47
"S00118480",88,45,43
"S00118481",121,65,56
"S00118482",161,87,74
"S00118483",68,50,18
"S00118484",93,64,29
"S00118485",124,93,31
"S00118486",57,40,17
"S00118487",72,54,18
"S00118488",151,81,70
"S00118489",103,69,34
"S00118490",117,73,44
"S00118491",128,34,94
"S00118492",71,51,20
"S00118493",85,55,30
"S00118494",121,81,40
"S00118495",112,46,66
"S00118496",141,76,65
"S00118497",131,57,74
"S00118498",143,102,41
"S00118499",137,79,58
"S00118500",135,67,68
"S00118501",115,83,32
"S00118502",119,66,53
"S00118503",62,41,21
"S00118504",47,39,8
"S00118505",68,36,32
"S00118506",118,55,63
"S00118507",130,62,68
"S00118508",41,17,24
"S00118509",137,72,65
"S00118510",62,38,24
"S00118511",185,85,100
"S00118512",101,40,61
"S00118513",95,67,28
"S00118514",106,72,34
"S00118515",105,69,36
"S00118516",127,84,43
"S00118517",106,72,34
"S00118518",74,56,18
"S00118519",80,55,25
"S00118520",54,39,15
"S00118521",60,52,8
"S00118522",49,37,12
"S00118523",76,72,4
"S00118524",44,36,8
"S00118525",91,46,45
"S00118526",63,46,17
"S00118527",129,84,45
"S00118528",86,68,18
"S00118529",146,115,31
"S00118530",100,75,25
"S00118531",111,65,46
"S00118532",106,66,40
"S00118533",97,88,9
"S00118534",88,66,22
"S00118535",105,63,42
"S00118536",52,38,14
"S00118537",88,78,10
"S00118538",48,39,9
"S00118539",78,71,7
"S00118540",65,47,18
"S00118541",70,60,10
"S00118542",63,52,11
"S00118543",92,63,29
"S00118544",47,35,12
"S00118545",65,31,34
"S00118546",123,65,58
"S00118547",56,41,15
"S00118548",82,58,24
"S00118549",112,44,68
"S00118550",54,51,3
"S00118551",60,31,29
"S00118552",67,31,36
"S00118553",153,54,99
"S00118554",99,63,36
"S00118555",70,28,42
"S00118556",88,36,52
"S00118557",84,22,62
"S00118558",80,45,35
"S00118559",100,39,61
"S00118560",76,36,40
"S00118561",157,59,98
"S00118562",107,40,67
"S00118563",151,47,104
"S00118564",76,38,38
"S00118565",64,24,40
"S00118566",74,26,48
"S00118567",81,15,66
"S00118568",87,33,54
"S00118569",155,54,101
"S00118570",44,30,14
"S00118571",98,57,41
"S00118572",86,44,42
"S00118573",36,26,10
"S00118574",52,25,27
"S00118575",95,58,37
"S00118576",98,66,32
"S00118577",52,33,19
"S00118578",54,31,23
"S00118579",123,52,71
"S00118580",75,47,28
"S00118581",77,43,34
"S00118582",80,30,50
"S00118583",98,56,42
"S00118584",89,54,35
"S00118585",97,59,38
"S00118586",51,26,25
"S00118587",97,56,41
"S00118588",76,45,31
"S00118589",65,19,46
"S00118590",55,43,12
"S00118591",58,24,34
"S00118592",57,45,12
"S00118593",101,62,39
"S00118594",83,60,23
"S00118595",53,35,18
"S00118596",116,34,82
"S00118597",101,35,66
"S00118598",128,44,84
"S00118599",117,43,74
"S00118600",91,37,54
"S00118601",112,45,67
"S00118602",125,59,66
"S00118603",89,39,50
"S00118604",70,34,36
"S00118605",183,61,122
"S00118606",68,40,28
"S00118607",71,35,36
"S00118608",54,26,28
"S00118609",104,49,55
"S00118610",49,21,28
"S00118611",96,61,35
"S00118612",143,69,74
"S00118613",88,48,40
"S00118614",90,49,41
"S00118615",153,53,100
"S00118616",130,90,40
"S00118617",146,94,52
"S00118618",105,63,42
"S00118619",96,53,43
"S00118620",95,47,48
"S00118621",147,97,50
"S00118622",130,65,65
"S00118623",96,58,38
"S00118624",111,72,39
"S00118625",99,73,26
"S00118626",117,81,36
"S00118627",128,83,45
"S00118628",100,46,54
"S00118629",140,64,76
"S00118630",134,42,92
"S00118631",156,60,96
"S00118632",63,47,16
"S00118633",119,43,76
"S00118634",127,53,74
"S00118635",116,69,47
"S00118636",98,50,48
"S00118637",70,36,34
"S00118638",79,26,53
"S00118639",104,37,67
"S00118640",110,63,47
"S00118641",116,59,57
"S00118642",67,35,32
"S00118643",111,53,58
"S00118644",68,38,30
"S00118645",94,61,33
"S00118646",138,63,75
"S00118647",89,45,44
"S00118648",51,28,23
"S00118649",105,39,66
"S00118650",137,77,60
"S00118651",72,38,34
"S00118652",93,51,42
"S00118653",90,35,55
"S00118654",73,47,26
"S00118655",92,31,61
"S00118656",124,37,87
"S00118657",95,49,46
"S00118658",97,33,64
"S00118659",53,20,33
"S00118660",68,12,56
"S00118661",160,105,55
"S00118662",101,57,44
"S00118663",90,59,31
"S00118664",94,47,47
"S00118665",94,36,58
"S00118666",85,59,26
"S00118667",90,31,59
"S00118668",171,69,102
"S00118669",89,21,68
"S00118670",100,60,40
"S00118671",68,34,34
"S00118672",80,58,22
"S00118673",120,69,51
"S00118674",58,46,12
"S00118675",135,80,55
"S00118676",128,72,56
"S00118677",131,60,71
"S00118678",40,20,20
"S00118679",121,74,47
"S00118680",49,25,24
"S00118681",95,61,34
"S00118682",76,50,26
"S00118683",74,35,39
"S00118684",95,44,51
"S00118685",105,37,68
"S00118686",87,42,45
"S00118687",127,45,82
"S00118688",100,38,62
"S00118689",141,56,85
"S00118690",143,70,73
"S00118691",143,63,80
"S00118692",107,38,69
"S00118693",93,51,42
"S00118694",88,30,58
"S00118695",104,49,55
"S00118696",92,44,48
"S00118697",57,18,39
"S00118698",148,67,81
"S00118699",104,28,76
"S00118700",155,66,89
"S00118701",81,49,32
"S00118702",74,28,46
"S00118703",81,32,49
"S00118704",103,47,56
"S00118705",109,73,36
"S00118706",83,42,41
"S00118707",91,55,36
"S00118708",47,25,22
"S00118709",72,60,12
"S00118710",93,67,26
"S00118711",49,30,19
"S00118712",67,45,22
"S00118713",103,57,46
"S00118714",82,55,27
"S00118715",85,49,36
"S00118716",102,67,35
"S00118717",59,29,30
"S00118718",87,39,48
"S00118719",106,63,43
"S00118720",112,54,58
"S00118721",82,75,7
"S00118722",68,43,25
"S00118723",110,57,53
"S00118724",78,20,58
"S00118725",59,25,34
"S00118726",88,52,36
"S00118727",72,39,33
"S00118728",120,84,36
"S00118729",112,70,42
"S00118730",87,50,37
"S00118731",64,38,26
"S00118732",88,47,41
"S00118733",79,59,20
"S00118734",50,27,23
"S00118735",84,50,34
"S00118736",92,63,29
"S00118737",77,51,26
"S00118738",99,66,33
"S00118739",116,73,43
"S00118740",151,100,51
"S00118741",55,11,44
"S00118742",80,22,58
"S00118743",78,22,56
"S00118744",120,39,81
"S00118745",127,55,72
"S00118746",110,62,48
"S00118747",79,36,43
"S00118748",131,73,58
"S00118749",137,56,81
"S00118750",124,62,62
"S00118751",108,34,74
"S00118752",99,32,67
"S00118753",149,69,80
"S00118754",101,56,45
"S00118755",68,28,40
"S00118756",111,58,53
"S00118757",177,79,98
"S00118758",133,72,61
"S00118759",140,65,75
"S00118760",114,67,47
"S00118761",100,51,49
"S00118762",120,47,73
"S00118763",142,73,69
"S00118764",64,31,33
"S00118765",78,38,40
"S00118766",81,37,44
"S00118767",82,52,30
"S00118768",50,32,18
"S00118769",109,86,23
"S00118770",95,63,32
"S00118771",83,52,31
"S00118772",83,48,35
"S00118773",121,61,60
"S00118774",51,17,34
"S00118775",96,71,25
"S00118776",105,55,50
"S00118777",76,36,40
"S00118778",150,87,63
"S00118779",69,50,19
"S00118780",120,55,65
"S00118781",80,54,26
"S00118782",140,73,67
"S00118783",128,46,82
"S00118784",110,33,77
"S00118785",138,41,97
"S00118786",120,54,66
"S00118787",163,82,81
"S00118788",98,52,46
"S00118789",77,40,37
"S00118790",123,67,56
"S00118791",137,78,59
"S00118792",92,41,51
"S00118793",48,22,26
"S00118794",134,60,74
"S00118795",91,67,24
"S00118796",103,71,32
"S00118797",84,39,45
"S00118798",103,73,30
"S00118799",86,52,34
"S00118800",106,78,28
"S00118801",99,55,44
"S00118802",78,51,27
"S00118803",100,68,32
"S00118804",146,66,80
"S00118805",122,37,85
"S00118806",71,51,20
"S00118807",71,31,40
"S00118808",88,60,28
"S00118809",97,60,37
"S00118810",116,47,69
"S00118811",141,69,72
"S00118812",111,73,38
"S00118813",108,52,56
"S00118814",116,62,54
"S00118815",112,67,45
"S00118816",124,57,67
"S00118817",123,67,56
"S00118818",117,59,58
"S00118819",117,58,59
"S00118820",114,44,70
"S00118821",134,42,92
"S00118822",97,41,56
"S00118823",99,44,55
"S00118824",132,61,71
"S00118825",56,28,28
"S00118826",84,52,32
"S00118827",79,53,26
"S00118828",134,74,60
"S00118829",83,56,27
"S00118830",119,70,49
"S00118831",80,46,34
"S00118832",124,69,55
"S00118833",81,33,48
"S00118834",91,41,50
"S00118835",120,42,78
"S00118836",92,49,43
"S00118837",110,80,30
"S00118838",90,47,43
"S00118839",77,40,37
"S00118840",56,41,15
"S00118841",89,58,31
"S00118842",127,67,60
"S00118843",91,63,28
"S00118844",162,106,56
"S00118845",83,57,26
"S00118846",151,49,102
"S00118847",112,71,41
"S00118848",87,45,42
"S00118849",86,52,34
"S00118850",74,30,44
"S00118851",91,67,24
"S00118852",72,45,27
"S00118853",64,42,22
"S00118854",65,47,18
"S00118855",87,56,31
"S00118856",89,37,52
"S00118857",97,56,41
"S00118858",88,54,34
"S00118859",73,53,20
"S00118860",102,35,67
"S00118861",126,63,63
"S00118862",76,34,42
"S00118863",82,59,23
"S00118864",125,71,54
"S00118865",86,56,30
"S00118866",80,38,42
"S00118867",85,53,32
"S00118868",97,60,37
"S00118869",86,52,34
"S00118870",122,84,38
"S00118871",64,20,44
"S00118872",130,30,100
"S00118873",80,29,51
"S00118874",100,58,42
"S00118875",89,51,38
"S00118876",72,44,28
"S00118877",45,31,14
"S00118878",70,30,40
"S00118879",84,36,48
"S00118880",105,49,56
"S00118881",80,49,31
"S00118882",135,63,72
"S00118883",81,65,16
"S00118884",94,74,20
"S00118885",85,26,59
"S00118886",101,35,66
"S00118887",76,42,34
"S00118888",108,30,78
"S00118889",79,54,25
"S00118890",75,51,24
"S00118891",93,53,40
"S00118892",47,28,19
"S00118893",46,28,18
"S00118894",84,55,29
"S00118895",98,37,61
"S00118896",80,46,34
"S00118897",82,53,29
"S00118898",62,20,42
"S00118899",83,55,28
"S00118900",168,90,78
"S00118901",73,44,29
"S00118902",121,55,66
"S00118903",99,61,38
"S00118904",99,51,48
"S00118905",125,72,53
"S00118906",110,60,50
"S00118907",98,64,34
"S00118908",122,69,53
"S00118909",58,39,19
"S00118910",98,38,60
"S00118911",106,51,55
"S00118912",101,61,40
"S00118913",111,67,44
"S00118914",57,37,20
"S00118915",143,65,78
"S00118916",89,29,60
"S00118917",87,53,34
"S00118918",69,33,36
"S00118919",64,37,27
"S00118920",113,58,55
"S00118921",75,49,26
"S00118922",80,55,25
"S00118923",108,67,41
"S00118924",94,57,37
"S00118925",74,43,31
"S00118926",76,52,24
"S00118927",95,51,44
"S00118928",80,44,36
"S00118929",117,64,53
"S00118930",83,44,39
"S00118931",141,61,80
"S00118932",108,49,59
"S00118933",53,25,28
"S00118934",110,73,37
"S00118935",109,55,54
"S00118936",92,58,34
"S00118937",77,49,28
"S00118938",83,56,27
"S00118939",86,47,39
"S00118940",122,59,63
"S00118941",136,47,89
"S00118942",148,46,102
"S00118943",61,40,21
"S00118944",120,36,84
"S00118945",87,41,46
"S00118946",78,27,51
"S00118947",54,26,28
"S00118948",103,65,38
"S00118949",82,59,23
"S00118950",57,38,19
"S00118951",69,41,28
"S00118952",106,71,35
"S00118953",94,45,49
"S00118954",122,62,60
"S00118955",124,58,66
"S00118956",118,56,62
"S00118957",123,77,46
"S00118958",85,55,30
"S00118959",100,68,32
"S00118960",108,81,27
"S00118961",75,71,4
"S00118962",69,45,24
"S00118963",88,59,29
"S00118964",95,60,35
"S00118965",102,63,39
"S00118966",114,49,65
"S00118967",94,38,56
"S00118968",71,35,36
"S00118969",83,51,32
"S00118970",70,44,26
"S00118971",49,35,14
"S00118972",92,48,44
"S00118973",104,68,36
"S00118974",102,28,74
"S00118975",105,39,66
"S00118976",99,60,39
"S00118977",100,47,53
"S00118978",73,39,34
"S00118979",76,48,28
"S00118980",88,42,46
"S00118981",88,48,40
"S00118982",115,52,63
"S00118983",101,52,49
"S00118984",66,20,46
"S00118985",122,44,78
"S00118986",83,33,50
"S00118987",80,37,43
"S00118988",74,28,46
"S00118989",90,49,41
"S00118990",130,45,85
"S00118991",109,48,61
"S00118992",88,49,39
"S00118993",92,52,40
"S00118994",49,19,30
"S00118995",94,46,48
"S00118996",71,34,37
"S00118997",73,41,32
"S00118998",111,77,34
"S00118999",74,54,20
"S00119000",92,42,50
"S00119001",149,96,53
"S00119002",113,73,40
"S00119003",86,30,56
"S00119004",93,47,46
"S00119005",122,97,25
"S00119006",80,52,28
"S00119007",91,45,46
"S00119008",90,43,47
"S00119009",68,42,26
"S00119010",61,53,8
"S00119011",72,42,30
"S00119012",93,38,55
"S00119013",75,37,38
"S00119014",70,38,32
"S00119015",70,52,18
"S00119016",76,30,46
"S00119017",102,76,26
"S00119018",79,37,42
"S00119019",89,51,38
"S00119020",80,40,40
"S00119021",53,25,28
"S00119022",46,22,24
"S00119023",99,45,54
"S00119024",88,48,40
"S00119025",64,47,17
"S00119026",62,33,29
"S00119027",74,39,35
"S00119028",79,45,34
"S00119029",61,35,26
"S00119030",69,50,19
"S00119031",86,67,19
"S00119032",90,59,31
"S00119033",128,73,55
"S00119034",59,33,26
"S00119035",93,49,44
"S00119036",121,65,56
"S00119037",82,36,46
"S00119038",68,18,50
"S00119039",69,45,24
"S00119040",64,23,41
"S00119041",52,45,7
"S00119042",73,54,19
"S00119043",80,36,44
"S00119044",98,54,44
"S00119045",40,18,22
"S00119046",72,57,15
"S00119047",38,34,4
"S00119048",81,57,24
"S00119049",48,33,15
"S00119050",166,107,59
"S00119051",135,71,64
"S00119052",53,27,26
"S00119053",150,46,104
"S00119054",82,34,48
"S00119055",55,34,21
"S00119056",49,28,21
"S00119057",80,27,53
"S00119058",104,46,58
"S00119059",109,73,36
"S00119060",81,28,53
"S00119061",84,48,36
"S00119062",137,64,73
"S00119063",132,72,60
"S00119064",112,64,48
"S00119065",70,29,41
"S00119066",105,31,74
"S00119067",121,39,82
"S00119068",144,58,86
"S00119069",119,59,60
"S00119070",89,28,61
"S00119071",43,21,22
"S00119072",59,19,40
"S00119073",71,33,38
"S00119074",70,24,46
"S00119075",47,44,3
"S00119076",94,56,38
"S00119077",61,33,28
"S00119078",126,45,81
"S00119079",113,74,39
"S00119080",125,75,50
"S00119081",68,33,35
"S00119082",77,65,12
"S00119083",139,81,58
"S00119084",128,42,86
"S00119085",84,65,19
"S00119086",150,61,89
"S00119087",147,59,88
"S00119088",55,13,42
"S00119089",112,79,33
"S00119090",77,59,18
"S00119091",97,32,65
"S00119092",83,26,57
"S00119093",84,24,60
"S00119094",65,25,40
"S00119095",68,30,38
"S00119096",99,66,33
"S00119097",42,27,15
"S00119098",56,28,28
"S00119099",130,69,61
"S00119100",139,60,79
"S00119101",70,28,42
"S00119102",77,49,28
"S00119103",137,55,82
"S00119104",85,65,20
"S00119105",61,39,22
"S00119106",84,54,30
"S00119107",61,33,28
"S00119108",89,40,49
"S00119109",72,32,40
"S00119110",85,19,66
"S00119111",172,94,78
"S00119112",99,50,49
"S00119113",65,40,25
"S00119114",72,38,34
"S00119115",99,48,51
"S00119116",49,33,16
"S00119117",136,54,82
"S00119118",54,23,31
"S00119119",101,41,60
"S00119120",92,60,32
"S00119121",83,48,35
"S00119122",116,71,45
"S00119123",99,55,44
"S00119124",120,66,54
"S00119125",109,37,72
"S00119126",103,53,50
"S00119127",114,53,61
"S00119128",59,32,27
"S00119129",98,39,59
"S00119130",119,55,64
"S00119131",99,40,59
"S00119132",101,47,54
"S00119133",71,45,26
"S00119134",71,39,32
"S00119135",66,37,29
"S00119136",70,50,20
"S00119137",89,36,53
"S00119138",73,32,41
"S00119139",53,27,26
"S00119140",42,22,20
"S00119141",68,52,16
"S00119142",89,55,34
"S00119143",118,43,75
"S00119144",107,53,54
"S00119145",69,39,30
"S00119146",67,34,33
"S00119147",95,21,74
"S00119148",41,24,17
"S00119149",113,47,66
"S00119150",101,32,69
"S00119151",50,23,27
"S00119152",90,43,47
"S00119153",83,44,39
"S00119154",110,32,78
"S00119155",96,35,61
"S00119156",185,87,98
"S00119157",115,39,76
"S00119158",103,51,52
"S00119159",118,65,53
"S00119160",79,43,36
"S00119161",80,24,56
"S00119162",81,30,51
"S00119163",73,30,43
"S00119164",50,28,22
"S00119165",99,34,65
"S00119166",115,65,50
"S00119167",87,59,28
"S00119168",143,72,71
"S00119169",93,40,53
"S00119170",70,19,51
"S00119171",108,56,52
"S00119172",68,27,41
"S00119173",115,55,60
"S00119174",84,30,54
"S00119175",67,32,35
"S00119176",50,22,28
"S00119177",79,34,45
"S00119178",48,24,24
"S00119179",139,56,83
"S00119180",109,37,72
"S00119181",97,48,49
"S00119182",68,30,38
"S00119183",101,37,64
"S00119184",91,62,29
"S00119185",124,45,79
"S00119186",99,39,60
"S00119187",50,20,30
"S00119188",49,33,16
"S00119189",115,52,63
"S00119190",79,31,48
"S00119191",93,33,60
"S00119192",74,28,46
"S00119193",60,24,36
"S00119194",107,39,68
"S00119195",86,29,57
"S00119196",76,48,28
"S00119197",95,60,35
"S00119198",70,48,22
"S00119199",88,61,27
"S00119200",64,33,31
"S00119201",59,26,33
"S00119202",65,43,22
"S00119203",55,23,32
"S00119204",112,63,49
"S00119205",65,41,24
"S00119206",66,34,32
"S00119207",111,56,55
"S00119208",91,37,54
"S00119209",95,47,48
"S00119210",54,38,16
"S00119211",42,12,30
"S00119212",64,38,26
"S00119213",134,72,62
"S00119214",56,28,28
"S00119215",131,79,52
"S00119216",52,26,26
"S00119217",120,79,41
"S00119218",182,113,69
"S00119219",111,39,72
"S00119220",73,33,40
"S00119221",72,32,40
"S00119222",96,43,53
"S00119223",50,30,20
"S00119224",102,57,45
"S00119225",83,39,44
"S00119226",60,16,44
"S00119227",80,69,11
"S00119228",53,29,24
"S00119229",75,22,53
"S00119230",58,14,44
"S00119231",115,39,76
"S00119232",65,18,47
"S00119233",120,43,77
"S00119234",51,34,17
"S00119235",96,54,42
"S00119236",59,39,20
"S00119237",97,54,43
"S00119238",69,31,38
"S00119239",69,42,27
"S00119240",104,68,36
"S00119241",133,91,42
"S00119242",66,38,28
"S00119243",99,62,37
"S00119244",50,30,20
"S00119245",66,38,28
"S00119246",80,74,6
"S00119247",119,63,56
"S00119248",82,31,51
"S00119249",79,25,54
"S00119250",94,44,50
"S00119251",117,57,60
"S00119252",91,29,62
"S00119253",53,25,28
"S00119254",156,79,77
"S00119255",92,52,40
"S00119256",58,28,30
"S00119257",128,51,77
"S00119258",60,20,40
"S00119259",115,50,65
"S00119260",83,38,45
"S00119261",91,45,46
"S00119262",139,42,97
"S00119263",99,45,54
"S00119264",101,54,47
"S00119265",127,37,90
"S00119266",56,24,32
"S00119267",71,30,41
"S00119268",112,44,68
"S00119269",84,40,44
"S00119270",72,32,40
"S00119271",114,54,60
"S00119272",149,54,95
"S00119273",97,36,61
"S00119274",127,61,66
"S00119275",81,31,50
"S00119276",70,36,34
"S00119277",120,48,72
"S00119278",83,33,50
"S00119279",105,39,66
"S00119280",144,48,96
"S00119281",50,11,39
"S00119282",46,15,31
"S00119283",138,43,95
"S00119284",125,33,92
"S00119285",151,71,80
"S00119286",46,16,30
"S00119287",80,28,52
"S00119288",78,28,50
"S00119289",111,49,62
"S00119290",77,35,42
"S00119291",108,56,52
"S00119292",91,30,61
"S00119293",105,48,57
"S00119294",96,49,47
"S00119295",152,43,109
"S00119296",108,38,70
"S00119297",125,49,76
"S00119298",60,28,32
"S00119299",123,39,84
"S00119300",176,74,102
"S00119301",51,33,18
"S00119302",46,26,20
"S00119303",84,35,49
"S00119304",126,43,83
"S00119305",126,44,82
"S00119306",67,30,37
"S00119307",107,60,47
"S00119308",52,30,22
"S00119309",92,40,52
"S00119310",117,40,77
"S00119311",47,22,25
"S00119312",51,31,20
"S00119313",118,60,58
"S00119314",72,31,41
"S00119315",60,38,22
"S00119316",117,53,64
"S00119317",53,17,36
"S00119318",58,18,40
"S00119319",147,71,76
"S00119320",74,26,48
"S00119321",106,32,74
"S00119322",63,33,30
"S00119323",61,23,38
"S00119324",113,41,72
"S00119325",145,50,95
"S00119326",106,27,79
"S00119327",88,25,63
"S00119328",76,28,48
"S00119329",164,68,96
"S00119330",43,16,27
"S00119331",63,23,40
"S00119332",160,48,112
"S00119333",105,31,74
"S00119334",113,31,82
"S00119335",93,37,56
"S00119336",133,55,78
"S00119337",137,47,90
"S00119338",52,22,30
"S00119339",83,23,60
"S00119340",130,42,88
"S00119341",91,33,58
"S00119342",142,62,80
"S00119343",97,32,65
"S00119344",126,30,96
"S00119345",107,37,70
"S00119346",68,20,48
"S00119347",102,31,71
"S00119348",137,54,83
"S00119349",147,67,80
"S00119350",42,31,11
"S00119351",104,45,59
"S00119352",146,56,90
"S00119353",114,38,76
"S00119354",118,59,59
"S00119355",176,89,87
"S00119356",120,46,74
"S00119357",106,36,70
"S00119358",76,25,51
"S00119359",99,31,68
"S00119360",66,33,33
"S00119361",86,44,42
"S00119362",102,49,53
"S00119363",120,72,48
"S00119364",57,17,40
"S00119365",100,52,48
"S00119366",118,62,56
"S00119367",99,37,62
"S00119368",102,56,46
"S00119369",128,74,54
"S00119370",68,43,25
"S00119371",122,82,40
"S00119372",71,43,28
"S00119373",61,43,18
"S00119374",146,54,92
"S00119375",69,30,39
"S00119376",98,45,53
"S00119377",73,29,44
"S00119378",78,27,51
"S00119379",72,39,33
"S00119380",80,42,38
"S00119381",74,46,28
"S00119382",68,42,26
"S00119383",68,38,30
"S00119384",101,47,54
"S00119385",101,45,56
"S00119386",86,33,53
"S00119387",110,36,74
"S00119388",66,30,36
"S00119389",120,63,57
"S00119390",77,43,34
"S00119391",79,21,58
"S00119392",105,63,42
"S00119393",54,22,32
"S00119394",53,42,11
"S00119395",103,39,64
"S00119396",54,34,20
"S00119397",92,49,43
"S00119398",103,53,50
"S00119399",86,55,31
"S00119400",77,59,18
"S00119401",120,78,42
"S00119402",77,46,31
"S00119403",62,23,39
"S00119404",213,68,145
"S00119405",161,86,75
"S00119406",100,37,63
"S00119407",70,25,45
"S00119408",57,28,29
"S00119409",109,39,70
"S00119410",61,35,26
"S00119411",130,66,64
"S00119412",122,49,73
"S00119413",90,42,48
"S00119414",74,57,17
"S00119415",167,136,31
"S00119416",89,29,60
"S00119417",93,62,31
"S00119418",55,43,12
"S00119419",88,52,36
"S00119420",83,49,34
"S00119421",52,33,19
"S00119422",90,51,39
"S00119423",154,58,96
"S00119424",92,59,33
"S00119425",96,33,63
"S00119426",89,36,53
"S00119427",80,46,34
"S00119428",54,20,34
"S00119429",73,55,18
"S00119430",48,17,31
"S00119431",54,44,10
"S00119432",58,58,0
"S00119433",82,64,18
"S00119434",123,71,52
"S00119435",67,56,11
"S00119436",54,38,16
"S00119437",67,21,46
"S00119438",95,29,66
"S00119439",60,22,38
"S00119440",118,71,47
"S00119441",179,60,119
"S00119442",126,52,74
"S00119443",139,54,85
"S00119444",70,55,15
"S00119445",116,83,33
"S00119446",137,94,43
"S00119447",71,37,34
"S00119448",97,57,40
"S00119449",82,60,22
"S00119450",104,83,21
"S00119451",56,38,18
"S00119452",70,58,12
"S00119453",118,73,45
"S00119454",127,67,60
"S00119455",132,95,37
"S00119456",56,38,18
"S00119457",100,46,54
"S00119458",104,31,73
"S00119459",67,34,33
"S00119460",78,20,58
"S00119461",80,26,54
"S00119462",89,34,55
"S00119463",85,47,38
"S00119464",89,47,42
"S00119465",67,27,40
"S00119466",141,94,47
"S00119467",42,28,14
"S00119468",101,78,23
"S00119469",71,40,31
"S00119470",97,54,43
"S00119471",123,71,52
"S00119472",58,26,32
"S00119473",93,55,38
"S00119474",103,53,50
"S00119475",88,44,44
"S00119476",67,51,16
"S00119477",66,51,15
"S00119478",105,85,20
"S00119479",64,46,18
"S00119480",144,114,30
"S00119481",71,24,47
"S00119482",124,76,48
"S00119483",87,45,42
"S00119484",55,45,10
"S00119485",99,64,35
"S00119486",55,55,0
"S00119487",73,38,35
"S00119488",78,40,38
"S00119489",162,122,40
"S00119490",98,77,21
"S00119491",71,35,36
"S00119492",123,62,61
"S00119493",119,60,59
"S00119494",103,80,23
"S00119495",52,40,12
"S00119496",74,45,29
"S00119497",113,49,64
"S00119498",76,34,42
"S00119499",161,83,78
"S00119500",61,28,33
"S00119501",101,52,49
"S00119502",68,35,33
"S00119503",91,53,38
"S00119504",88,51,37
"S00119505",109,77,32
"S00119506",67,39,28
"S00119507",59,34,25
"S00119508",166,57,109
"S00119509",87,32,55
"S00119510",99,35,64
"S00119511",112,37,75
"S00119512",93,66,27
"S00119513",63,39,24
"S00119514",74,54,20
"S00119515",98,60,38
"S00119516",124,85,39
"S00119517",66,47,19
"S00119518",156,88,68
"S00119519",116,54,62
"S00119520",92,58,34
"S00119521",97,49,48
"S00119522",78,74,4
"S00119523",118,79,39
"S00119524",87,63,24
"S00119525",95,44,51
"S00119526",100,62,38
"S00119527",52,30,22
"S00119528",110,59,51
"S00119529",130,68,62
"S00119530",81,47,34
"S00119531",105,21,84
"S00119532",75,43,32
"S00119533",108,64,44
"S00119534",75,43,32
"S00119535",80,56,24
"S00119536",102,48,54
"S00119537",86,45,41
"S00119538",105,72,33
"S00119539",100,64,36
"S00119540",61,33,28
"S00119541",131,60,71
"S00119542",66,36,30
"S00119543",83,45,38
"S00119544",111,83,28
"S00119545",66,46,20
"S00119546",115,84,31
"S00119547",53,47,6
"S00119548",133,79,54
"S00119549",90,61,29
"S00119550",49,34,15
"S00119551",53,21,32
"S00119552",129,50,79
"S00119553",96,49,47
"S00119554",76,48,28
"S00119555",175,98,77
"S00119556",98,49,49
"S00119557",138,75,63
"S00119558",105,68,37
"S00119559",51,31,20
"S00119560",99,50,49
"S00119561",59,43,16
"S00119562",62,32,30
"S00119563",94,60,34
"S00119564",135,69,66
"S00119565",131,35,96
"S00119566",72,34,38
"S00119567",87,32,55
"S00119568",64,38,26
"S00119569",70,44,26
"S00119570",100,60,40
"S00119571",49,25,24
"S00119572",112,49,63
"S00119573",62,44,18
"S00119574",114,76,38
"S00119575",116,57,59
"S00119576",128,90,38
"S00119577",45,33,12
"S00119578",92,59,33
"S00119579",69,37,32
"S00119580",121,62,59
"S00119581",111,45,66
"S00119582",110,66,44
"S00119583",64,22,42
"S00119584",135,81,54
"S00119585",47,15,32
"S00119586",148,90,58
"S00119587",97,49,48
"S00119588",65,32,33
"S00119589",71,51,20
"S00119590",63,37,26
"S00119591",86,48,38
"S00119592",137,65,72
"S00119593",134,111,23
"S00119594",69,33,36
"S00119595",134,48,86
"S00119596",159,83,76
"S00119597",126,49,77
"S00119598",110,65,45
"S00119599",109,39,70
"S00119600",185,104,81
"S00119601",51,35,16
"S00119602",62,29,33
"S00119603",92,42,50
"S00119604",97,40,57
"S00119605",49,17,32
"S00119606",119,51,68
"S00119607",92,32,60
"S00119608",126,84,42
"S00119609",187,105,82
"S00119610",71,43,28
"S00119611",112,74,38
"S00119612",111,44,67
"S00119613",81,48,33
"S00119614",137,53,84
"S00119615",121,36,85
"S00119616",53,23,30
"S00119617",73,57,16
"S00119618",117,35,82
"S00119619",113,50,63
"S00119620",84,29,55
"S00119621",116,51,65
"S00119622",93,46,47
"S00119623",103,42,61
"S00119624",82,30,52
"S00119625",112,72,40
"S00119626",96,33,63
"S00119627",108,43,65
"S00119628",123,51,72
"S00119629",67,23,44
"S00119630",64,26,38
"S00119631",95,36,59
"S00119632",60,19,41
"S00119633",143,75,68
"S00119634",87,39,48
"S00119635",88,52,36
"S00119636",121,22,99
"S00119637",104,24,80
"S00119638",63,36,27
"S00119639",131,51,80
"S00119640",131,44,87
"S00119641",58,17,41
"S00119642",78,40,38
"S00119643",45,23,22
"S00119644",81,23,58
"S00119645",185,77,108
"S00119646",47,18,29
"S00119647",136,96,40
"S00119648",50,23,27
"S00119649",175,55,120
"S00119650",107,37,70
"S00119651",84,28,56
"S00119652",57,15,42
"S00119653",74,38,36
"S00119654",90,38,52
"S00119655",82,39,43
"S00119656",158,60,98
"S00119657",111,39,72
"S00119658",123,33,90
"S00119659",168,70,98
"S00119660",114,52,62
"S00119661",139,47,92
"S00119662",108,34,74
"S00119663",102,21,81
"S00119664",127,25,102
"S00119665",128,34,94
"S00119666",91,52,39
"S00119667",54,28,26
"S00119668",79,52,27
"S00119669",141,48,93
"S00119670",113,30,83
"S00119671",55,45,10
"S00119672",79,49,30
"S00119673",125,65,60
"S00119674",114,53,61
"S00119675",82,49,33
"S00119676",128,28,100
"S00119677",73,39,34
"S00119678",131,51,80
"S00119679",55,27,28
"S00119680",76,45,31
"S00119681",115,33,82
"S00119682",70,21,49
"S00119683",72,18,54
"S00119684",100,57,43
"S00119685",142,60,82
"S00119686",101,41,60
"S00119687",67,34,33
"S00119688",93,47,46
"S00119689",57,31,26
"S00119690",47,34,13
"S00119691",130,55,75
"S00119692",162,57,105
"S00119693",116,42,74
"S00119694",57,13,44
"S00119695",75,25,50
"S00119696",98,27,71
"S00119697",130,48,82
"S00119698",66,30,36
"S00119699",115,39,76
"S00119700",116,46,70
"S00119701",83,37,46
"S00119702",157,53,104
"S00119703",143,58,85
"S00119704",81,30,51
"S00119705",122,38,84
"S00119706",92,30,62
"S00119707",117,65,52
"S00119708",123,61,62
"S00119709",108,48,60
"S00119710",89,47,42
"S00119711",109,56,53
"S00119712",104,60,44
"S00119713",90,50,40
"S00119714",110,50,60
"S00119715",95,57,38
"S00119716",86,66,20
"S00119717",81,53,28
"S00119718",72,43,29
"S00119719",79,39,40
"S00119720",87,42,45
"S00119721",90,41,49
"S00119722",91,61,30
"S00119723",76,36,40
"S00119724",97,39,58
"S00119725",68,34,34
"S00119726",65,33,32
"S00119727",107,61,46
"S00119728",88,75,13
"S00119729",70,54,16
"S00119730",84,58,26
"S00119731",56,45,11
"S00119732",72,55,17
"S00119733",71,38,33
"S00119734",61,30,31
"S00119735",137,93,44
"S00119736",103,61,42
"S00119737",100,23,77
"S00119738",95,55,40
"S00119739",89,37,52
"S00119740",111,79,32
"S00119741",86,66,20
"S00119742",45,37,8
"S00119743",62,58,4
"S00119744",92,73,19
"S00119745",93,65,28
"S00119746",103,48,55
"S00119747",87,59,28
"S00119748",101,69,32
"S00119749",47,37,10
"S00119750",55,34,21
"S00119751",116,28,88
"S00119752",105,76,29
"S00119753",93,31,62
"S00119754",74,52,22
"S00119755",113,79,34
"S00119756",101,56,45
"S00119757",65,24,41
"S00119758",90,26,64
"S00119759",124,44,80
"S00119760",136,77,59
"S00119761",151,64,87
"S00119762",173,49,124
"S00119763",124,37,87
"S00119764",96,38,58
"S00119765",88,52,36
"S00119766",111,73,38
"S00119767",124,52,72
"S00119768",86,32,54
"S00119769",65,21,44
"S00119770",58,14,44
"S00119771",66,28,38
"S00119772",48,30,18
"S00119773",93,54,39
"S00119774",73,47,26
"S00119775",119,76,43
"S00119776",68,58,10
"S00119777",48,46,2
"S00119778",59,46,13
"S00119779",86,72,14
"S00119780",107,97,10
"S00119781",113,80,33
"S00119782",101,76,25
"S00119783",76,59,17
"S00119784",68,51,17
"S00119785",94,65,29
"S00119786",89,71,18
"S00119787",72,61,11
"S00119788",66,43,23
"S00119789",67,43,24
"S00119790",161,113,48
"S00119791",99,68,31
"S00119792",95,76,19
"S00119793",124,79,45
"S00119794",94,64,30
"S00119795",88,46,42
"S00119796",83,41,42
"S00119797",146,63,83
"S00119798",141,67,74
"S00119799",88,56,32
"S00119800",105,60,45
"S00119801",63,50,13
"S00119802",95,49,46
"S00119803",87,59,28
"S00119804",59,31,28
"S00119805",57,17,40
"S00119806",72,38,34
"S00119807",99,79,20
"S00119808",107,77,30
"S00119809",110,64,46
"S00119810",75,46,29
"S00119811",79,65,14
"S00119812",70,62,8
"S00119813",70,66,4
"S00119814",93,75,18
"S00119815",126,68,58
"S00119816",139,66,73
"S00119817",126,67,59
"S00119818",107,70,37
"S00119819",75,51,24
"S00119820",83,55,28
"S00119821",97,79,18
"S00119822",97,69,28
"S00119823",60,42,18
"S00119824",98,54,44
"S00119825",61,45,16
"S00119826",64,38,26
"S00119827",76,55,21
"S00119828",55,50,5
"S00119829",84,34,50
"S00119830",72,60,12
"S00119831",103,79,24
"S00119832",84,47,37
"S00119833",65,52,13
"S00119834",60,47,13
"S00119835",84,59,25
"S00119836",112,54,58
"S00119837",90,52,38
"S00119838",65,31,34
"S00119839",95,44,51
"S00119840",80,43,37
"S00119841",65,41,24
"S00119842",56,41,15
"S00119843",74,41,33
"S00119844",59,44,15
"S00119845",97,42,55
"S00119846",69,51,18
"S00119847",89,47,42
"S00119848",80,50,30
"S00119849",52,32,20
"S00119850",63,41,22
"S00119851",96,74,22
"S00119852",64,54,10
"S00119853",63,49,14
"S00119854",71,61,10
"S00119855",100,78,22
"S00119856",101,78,23
"S00119857",101,72,29
"S00119858",125,83,42
"S00119859",70,40,30
"S00119860",74,44,30
"S00119861",67,46,21
"S00119862",113,81,32
"S00119863",84,60,24
"S00119864",97,77,20
"S00119865",61,51,10
"S00119866",72,54,18
"S00119867",38,24,14
"S00119868",97,69,28
"S00119869",69,57,12
"S00119870",57,47,10
"S00119871",52,36,16
"S00119872",117,68,49
"S00119873",103,75,28
"S00119874",80,74,6
"S00119875",56,36,20
"S00119876",72,49,23
"S00119877",81,69,12
"S00119878",78,70,8
"S00119879",84,66,18
"S00119880",91,71,20
"S00119881",102,84,18
"S00119882",57,43,14
"S00119883",51,49,2
"S00119884",97,79,18
"S00119885",67,65,2
"S00119886",74,58,16
"S00119887",93,67,26
"S00119888",58,52,6
"S00119889",110,71,39
"S00119890",89,61,28
"S00119891",71,54,17
"S00119892",71,46,25
"S00119893",99,66,33
"S00119894",96,72,24
"S00119895",91,70,21
"S00119896",79,73,6
"S00119897",88,76,12
"S00119898",39,27,12
"S00119899",93,58,35
"S00119900",46,28,18
"S00119901",91,48,43
"S00119902",116,96,20
"S00119903",123,75,48
"S00119904",50,36,14
"S00119905",110,74,36
"S00119906",94,56,38
"S00119907",59,36,23
"S00119908",121,74,47
"S00119909",139,79,60
"S00119910",109,67,42
"S00119911",112,74,38
"S00119912",112,67,45
"S00119913",48,22,26
"S00119914",63,43,20
"S00119915",74,51,23
"S00119916",95,72,23
"S00119917",115,63,52
"S00119918",76,46,30
"S00119919",44,30,14
"S00119920",83,41,42
"S00119921",83,42,41
"S00119922",123,65,58
"S00119923",161,94,67
"S00119924",84,47,37
"S00119925",85,38,47
"S00119926",74,37,37
"S00119927",100,52,48
"S00119928",65,27,38
"S00119929",86,26,60
"S00119930",125,45,80
"S00119931",73,33,40
"S00119932",125,77,48
"S00119933",120,47,73
"S00119934",111,51,60
"S00119935",98,42,56
"S00119936",162,87,75
"S00119937",79,41,38
"S00119938",94,43,51
"S00119939",114,46,68
"S00119940",142,67,75
"S00119941",61,31,30
"S00119942",84,62,22
"S00119943",70,55,15
"S00119944",103,76,27
"S00119945",115,73,42
"S00119946",69,54,15
"S00119947",89,72,17
"S00119948",67,39,28
"S00119949",87,67,20
"S00119950",51,51,0
"S00119951",75,49,26
"S00119952",92,66,26
"S00119953",93,57,36
"S00119954",111,47,64
"S00119955",133,45,88
"S00119956",84,60,24
"S00119957",113,40,73
"S00119958",125,49,76
"S00119959",93,29,64
"S00119960",93,44,49
"S00119961",128,61,67
"S00119962",116,60,56
"S00119963",103,52,51
"S00119964",115,47,68
"S00119965",92,39,53
"S00119966",122,75,47
"S00119967",82,55,27
"S00119968",83,56,27
"S00119969",115,57,58
"S00119970",201,111,90
"S00119971",70,48,22
"S00119972",60,41,19
"S00119973",78,55,23
"S00119974",94,66,28
"S00119975",145,86,59
"S00119976",132,66,66
"S00119977",91,54,37
"S00119978",152,101,51
"S00119979",88,52,36
"S00119980",77,47,30
"S00119981",135,83,52
"S00119982",106,62,44
"S00119983",112,57,55
"S00119984",108,33,75
"S00119985",64,40,24
"S00119986",125,66,59
"S00119987",89,65,24
"S00119988",61,46,15
"S00119989",61,43,18
"S00119990",71,47,24
"S00119991",75,51,24
"S00119992",66,40,26
"S00119993",90,68,22
"S00119994",84,63,21
"S00119995",66,36,30
"S00119996",72,44,28
"S00119997",76,45,31
"S00119998",114,58,56
"S00119999",78,52,26
"S00120000",75,58,17
"S00120001",57,27,30
"S00120002",74,58,16
"S00120003",106,86,20
"S00120004",65,55,10
"S00120005",104,47,57
"S00120006",78,34,44
"S00120007",70,38,32
"S00120008",93,40,53
"S00120009",73,31,42
"S00120010",99,55,44
"S00120011",122,69,53
"S00120012",306,256,50
"S00120013",49,35,14
"S00120014",84,51,33
"S00120015",99,66,33
"S00120016",139,56,83
"S00120017",74,34,40
"S00120018",75,33,42
"S00120019",53,38,15
"S00120020",73,33,40
"S00120021",128,69,59
"S00120022",113,68,45
"S00120023",85,48,37
"S00120024",48,40,8
"S00120025",133,60,73
"S00120026",93,58,35
"S00120027",100,37,63
"S00120028",112,63,49
"S00120029",82,40,42
"S00120030",136,80,56
"S00120031",113,57,56
"S00120032",90,46,44
"S00120033",93,57,36
"S00120034",99,47,52
"S00120035",156,93,63
"S00120036",123,72,51
"S00120037",85,37,48
"S00120038",95,53,42
"S00120039",74,37,37
"S00120040",147,80,67
"S00120041",104,68,36
"S00120042",111,77,34
"S00120043",86,75,11
"S00120044",192,130,62
"S00120045",84,65,19
"S00120046",90,60,30
"S00120047",116,74,42
"S00120048",80,52,28
"S00120049",73,38,35
"S00120050",104,61,43
"S00120051",71,45,26
"S00120052",65,37,28
"S00120053",103,71,32
"S00120054",75,41,34
"S00120055",88,62,26
"S00120056",96,66,30
"S00120057",97,67,30
"S00120058",104,70,34
"S00120059",76,53,23
"S00120060",65,52,13
"S00120061",109,73,36
"S00120062",83,55,28
"S00120063",127,72,55
"S00120064",84,40,44
"S00120065",112,68,44
"S00120066",82,51,31
"S00120067",86,48,38
"S00120068",59,43,16
"S00120069",92,56,36
"S00120070",147,86,61
"S00120071",66,45,21
"S00120072",135,113,22
"S00120073",127,73,54
"S00120074",77,51,26
"S00120075",57,35,22
"S00120076",139,75,64
"S00120077",149,60,89
"S00120078",139,76,63
"S00120079",95,72,23
"S00120080",103,35,68
"S00120081",64,42,22
"S00120082",95,74,21
"S00120083",75,46,29
"S00120084",162,66,96
"S00120085",140,55,85
"S00120086",147,48,99
"S00120087",167,124,43
"S00120088",94,47,47
"S00120089",109,45,64
"S00120090",100,54,46
"S00120091",73,50,23
"S00120092",57,51,6
"S00120093",68,32,36
"S00120094",83,76,7
"S00120095",87,62,25
"S00120096",72,48,24
"S00120097",45,33,12
"S00120098",46,34,12
"S00120099",78,48,30
"S00120100",61,34,27
"S00120101",135,87,48
"S00120102",112,65,47
"S00120103",136,60,76
"S00120104",122,80,42
"S00120105",96,60,36
"S00120106",49,20,29
"S00120107",70,55,15
"S00120108",116,52,64
"S00120109",103,56,47
"S00120110",125,66,59
"S00120111",145,63,82
"S00120112",96,42,54
"S00120113",104,50,54
"S00120114",123,59,64
"S00120115",91,43,48
"S00120116",137,73,64
"S00120117",52,34,18
"S00120118",102,39,63
"S00120119",109,65,44
"S00120120",121,66,55
"S00120121",80,52,28
"S00120122",161,87,74
"S00120123",108,69,39
"S00120124",89,47,42
"S00120125",84,45,39
"S00120126",89,50,39
"S00120127",84,53,31
"S00120128",103,53,50
"S00120129",109,60,49
"S00120130",92,70,22
"S00120131",85,63,22
"S00120132",57,53,4
"S00120133",59,57,2
"S00120134",93,59,34
"S00120135",82,60,22
"S00120136",149,78,71
"S00120137",147,91,56
"S00120138",79,58,21
"S00120139",91,46,45
"S00120140",112,81,31
"S00120141",75,38,37
"S00120142",74,47,27
"S00120143",78,52,26
"S00120144",79,55,24
"S00120145",106,47,59
"S00120146",97,54,43
"S00120147",78,63,15
"S00120148",94,48,46
"S00120149",104,58,46
"S00120150",38,18,20
"S00120151",87,55,32
"S00120152",86,62,24
"S00120153",127,97,30
"S00120154",99,61,38
"S00120155",87,51,36
"S00120156",89,41,48
"S00120157",87,35,52
"S00120158",68,41,27
"S00120159",100,58,42
"S00120160",49,33,16
"S00120161",90,60,30
"S00120162",68,40,28
"S00120163",55,41,14
"S00120164",94,52,42
"S00120165",62,43,19
"S00120166",100,64,36
"S00120167",83,55,28
"S00120168",95,49,46
"S00120169",111,57,54
"S00120170",83,45,38
"S00120171",54,48,6
"S00120172",113,71,42
"S00120173",119,80,39
"S00120174",80,52,28
"S00120175",105,72,33
"S00120176",90,64,26
"S00120177",87,47,40
"S00120178",63,35,28
"S00120179",104,72,32
"S00120180",62,48,14
"S00120181",42,40,2
"S00120182",40,32,8
"S00120183",50,42,8
"S00120184",58,13,45
"S00120185",129,51,78
"S00120186",90,38,52
"S00120187",64,39,25
"S00120188",109,81,28
"S00120189",81,37,44
"S00120190",52,14,38
"S00120191",46,36,10
"S00120192",84,66,18
"S00120193",53,46,7
"S00120194",113,44,69
"S00120195",50,36,14
"S00120196",41,33,8
"S00120197",106,82,24
"S00120198",67,27,40
"S00120199",51,41,10
"S00120200",137,90,47
"S00120201",100,66,34
"S00120202",48,26,22
"S00120203",111,70,41
"S00120204",55,34,21
"S00120205",96,72,24
"S00120206",91,60,31
"S00120207",148,70,78
"S00120208",99,76,23
"S00120209",49,25,24
"S00120210",73,39,34
"S00120211",80,63,17
"S00120212",58,44,14
"S00120213",140,109,31
"S00120214",75,36,39
"S00120215",101,79,22
"S00120216",92,63,29
"S00120217",78,74,4
"S00120218",49,23,26
"S00120219",91,57,34
"S00120220",134,87,47
"S00120221",87,47,40
"S00120222",121,44,77
"S00120223",67,24,43
"S00120224",113,44,69
"S00120225",48,11,37
"S00120226",72,31,41
"S00120227",107,62,45
"S00120228",72,48,24
"S00120229",104,80,24
"S00120230",62,26,36
"S00120231",63,22,41
"S00120232",77,28,49
"S00120233",128,45,83
"S00120234",40,9,31
"S00120235",128,53,75
"S00120236",72,18,54
"S00120237",59,49,10
"S00120238",68,38,30
"S00120239",84,60,24
"S00120240",69,50,19
"S00120241",108,41,67
"S00120242",88,44,44
"S00120243",60,30,30
"S00120244",64,20,44
"S00120245",82,56,26
"S00120246",98,17,81
"S00120247",84,44,40
"S00120248",124,43,81
"S00120249",100,56,44
"S00120250",92,53,39
"S00120251",92,44,48
"S00120252",60,28,32
"S00120253",108,91,17
"S00120254",61,49,12
"S00120255",52,44,8
"S00120256",55,48,7
"S00120257",45,39,6
"S00120258",73,28,45
"S00120259",87,74,13
"S00120260",70,36,34
"S00120261",101,63,38
"S00120262",121,67,54
"S00120263",56,28,28
"S00120264",59,47,12
"S00120265",96,40,56
"S00120266",45,12,33
"S00120267",258,165,93
"S00120268",74,24,50
"S00120269",64,22,42
"S00120270",74,27,47
"S00120271",149,57,92
"S00120272",99,37,62
"S00120273",100,36,64
"S00120274",97,25,72
"S00120275",66,16,50
"S00120276",96,34,62
"S00120277",83,37,46
"S00120278",115,38,77
"S00120279",105,35,70
"S00120280",132,46,86
"S00120281",87,33,54
"S00120282",116,38,78
"S00120283",89,36,53
"S00120284",141,26,115
"S00120285",58,32,26
"S00120286",104,56,48
"S00120287",57,31,26
"S00120288",65,37,28
"S00120289",68,40,28
"S00120290",100,34,66
"S00120291",73,38,35
"S00120292",59,30,29
"S00120293",98,56,42
"S00120294",128,76,52
"S00120295",60,46,14
"S00120296",89,62,27
"S00120297",75,51,24
"S00120298",51,41,10
"S00120299",64,52,12
"S00120300",110,44,66
"S00120301",101,71,30
"S00120302",77,65,12
"S00120303",57,47,10
"S00120304",50,35,15
"S00120305",56,44,12
"S00120306",70,61,9
"S00120307",63,55,8
"S00120308",71,60,11
"S00120309",110,78,32
"S00120310",94,68,26
"S00120311",116,64,52
"S00120312",49,19,30
"S00120313",98,55,43
"S00120314",121,84,37
"S00120315",76,53,23
"S00120316",105,73,32
"S00120317",71,38,33
"S00120318",196,81,115
"S00120319",125,43,82
"S00120320",164,82,82
"S00120321",76,64,12
"S00120322",59,37,22
"S00120323",54,35,19
"S00120324",86,64,22
"S00120325",60,40,20
"S00120326",104,66,38
"S00120327",94,76,18
"S00120328",122,98,24
"S00120329",44,32,12
"S00120330",94,74,20
"S00120331",117,49,68
"S00120332",66,40,26
"S00120333",87,43,44
"S00120334",70,32,38
"S00120335",127,83,44
"S00120336",135,73,62
"S00120337",106,48,58
"S00120338",146,57,89
"S00120339",117,61,56
"S00120340",84,52,32
"S00120341",112,32,80
"S00120342",131,59,72
"S00120343",145,59,86
"S00120344",64,47,17
"S00120345",101,67,34
"S00120346",73,47,26
"S00120347",82,45,37
"S00120348",135,51,84
"S00120349",145,77,68
"S00120350",114,51,63
"S00120351",73,35,38
"S00120352",86,49,37
"S00120353",73,57,16
"S00120354",68,64,4
"S00120355",105,88,17
"S00120356",50,34,16
"S00120357",72,58,14
"S00120358",93,72,21
"S00120359",119,77,42
"S00120360",86,38,48
"S00120361",52,36,16
"S00120362",94,46,48
"S00120363",113,59,54
"S00120364",77,31,46
"S00120365",133,73,60
"S00120366",50,22,28
"S00120367",120,70,50
"S00120368",70,41,29
"S00120369",150,71,79
"S00120370",89,64,25
"S00120371",69,29,40
"S00120372",155,58,97
"S00120373",160,46,114
"S00120374",141,47,94
"S00120375",141,46,95
"S00120376",79,26,53
"S00120377",75,17,58
"S00120378",103,43,60
"S00120379",100,78,22
"S00120380",95,49,46
"S00120381",67,49,18
"S00120382",146,40,106
"S00120383",105,64,41
"S00120384",90,48,42
"S00120385",100,39,61
"S00120386",76,35,41
"S00120387",96,30,66
"S00120388",63,25,38
"S00120389",95,46,49
"S00120390",103,28,75
"S00120391",48,26,22
"S00120392",115,65,50
"S00120393",119,61,58
"S00120394",65,44,21
"S00120395",106,56,50
"S00120396",119,35,84
"S00120397",130,48,82
"S00120398",67,31,36
"S00120399",146,51,95
"S00120400",129,66,63
"S00120401",142,43,99
"S00120402",54,24,30
"S00120403",89,57,32
"S00120404",88,66,22
"S00120405",63,37,26
"S00120406",89,61,28
"S00120407",58,26,32
"S00120408",87,28,59
"S00120409",57,29,28
"S00120410",60,17,43
"S00120411",92,50,42
"S00120412",88,52,36
"S00120413",132,62,70
"S00120414",81,23,58
"S00120415",81,36,45
"S00120416",56,21,35
"S00120417",79,27,52
"S00120418",80,25,55
"S00120419",99,35,64
"S00120420",93,28,65
"S00120421",100,44,56
"S00120422",54,30,24
"S00120423",81,48,33
"S00120424",107,53,54
"S00120425",72,58,14
"S00120426",67,49,18
"S00120427",99,62,37
"S00120428",115,39,76
"S00120429",149,79,70
"S00120430",138,44,94
"S00120431",127,66,61
"S00120432",123,81,42
"S00120433",64,41,23
"S00120434",75,47,28
"S00120435",97,55,42
"S00120436",79,48,31
"S00120437",81,55,26
"S00120438",117,85,32
"S00120439",108,50,58
"S00120440",123,67,56
"S00120441",65,30,35
"S00120442",145,70,75
"S00120443",92,48,44
"S00120444",69,35,34
"S00120445",84,35,49
"S00120446",134,64,70
"S00120447",156,86,70
"S00120448",139,79,60
"S00120449",98,58,40
"S00120450",95,51,44
"S00120451",80,43,37
"S00120452",78,55,23
"S00120453",148,69,79
"S00120454",97,53,44
"S00120455",129,87,42
"S00120456",62,12,50
"S00120457",106,44,62
"S00120458",66,37,29
"S00120459",104,75,29
"S00120460",100,26,74
"S00120461",96,34,62
"S00120462",101,39,62
"S00120463",83,29,54
"S00120464",85,21,64
"S00120465",98,36,62
"S00120466",125,36,89
"S00120467",99,35,64
"S00120468",90,28,62
"S00120469",113,29,84
"S00120470",139,50,89
"S00120471",111,31,80
"S00120472",104,32,72
"S00120473",98,30,68
"S00120474",106,37,69
"S00120475",116,28,88
"S00120476",70,22,48
"S00120477",114,40,74
"S00120478",90,31,59
"S00120479",69,23,46
"S00120480",96,68,28
"S00120481",67,49,18
"S00120482",73,45,28
"S00120483",95,56,39
"S00120484",77,55,22
"S00120485",127,95,32
"S00120486",86,60,26
"S00120487",90,53,37
"S00120488",87,45,42
"S00120489",97,58,39
"S00120490",116,64,52
"S00120491",83,35,48
"S00120492",97,44,53
"S00120493",66,27,39
"S00120494",85,44,41
"S00120495",103,67,36
"S00120496",143,53,90
"S00120497",129,74,55
"S00120498",111,57,54
"S00120499",99,44,55
"S00120500",109,55,54
"S00120501",85,52,33
"S00120502",50,26,24
"S00120503",104,54,50
"S00120504",88,43,45
"S00120505",100,51,49
"S00120506",69,37,32
"S00120507",97,49,48
"S00120508",128,77,51
"S00120509",81,21,60
"S00120510",81,17,64
"S00120511",126,37,89
"S00120512",182,98,84
"S00120513",111,41,70
"S00120514",97,39,58
"S00120515",170,60,110
"S00120516",146,50,96
"S00120517",102,60,42
"S00120518",72,52,20
"S00120519",82,42,40
"S00120520",58,44,14
"S00120521",78,43,35
"S00120522",98,49,49
"S00120523",78,31,47
"S00120524",87,45,42
"S00120525",121,46,75
"S00120526",63,27,36
"S00120527",101,49,52
"S00120528",79,30,49
"S00120529",111,59,52
"S00120530",42,36,6
"S00120531",82,44,38
"S00120532",134,84,50
"S00120533",129,54,75
"S00120534",111,81,30
"S00120535",125,61,64
"S00120536",95,61,34
"S00120537",95,51,44
"S00120538",80,42,38
"S00120539",89,53,36
"S00120540",98,71,27
"S00120541",54,31,23
"S00120542",87,41,46
"S00120543",100,59,41
"S00120544",102,64,38
"S00120545",80,48,32
"S00120546",91,56,35
"S00120547",138,92,46
"S00120548",140,90,50
"S00120549",109,61,48
"S00120550",102,56,46
"S00120551",78,46,32
"S00120552",86,46,40
"S00120553",108,56,52
"S00120554",105,58,47
"S00120555",88,48,40
"S00120556",104,62,42
"S00120557",109,41,68
"S00120558",135,89,46
"S00120559",182,113,69
"S00120560",120,48,72
"S00120561",117,55,62
"S00120562",89,23,66
"S00120563",130,78,52
"S00120564",79,41,38
"S00120565",106,49,57
"S00120566",84,62,22
"S00120567",103,21,82
"S00120568",90,37,53
"S00120569",113,36,77
"S00120570",81,39,42
"S00120571",114,44,70
"S00120572",77,35,42
"S00120573",100,38,62
"S00120574",98,36,62
"S00120575",69,33,36
"S00120576",60,40,20
"S00120577",73,44,29
"S00120578",116,66,50
"S00120579",63,45,18
"S00120580",134,75,59
"S00120581",52,18,34
"S00120582",40,18,22
"S00120583",117,52,65
"S00120584",81,55,26
"S00120585",84,40,44
"S00120586",91,37,54
"S00120587",171,53,118
"S00120588",86,54,32
"S00120589",106,53,53
"S00120590",145,71,74
"S00120591",110,48,62
"S00120592",119,45,74
"S00120593",126,36,90
"S00120594",139,61,78
"S00120595",141,68,73
"S00120596",133,56,77
"S00120597",101,49,52
"S00120598",117,59,58
"S00120599",83,45,38
"S00120600",86,29,57
"S00120601",82,39,43
"S00120602",76,52,24
"S00120603",47,21,26
"S00120604",53,21,32
"S00120605",96,54,42
"S00120606",108,62,46
"S00120607",120,58,62
"S00120608",82,39,43
"S00120609",83,43,40
"S00120610",46,20,26
"S00120611",82,43,39
"S00120612",83,60,23
"S00120613",86,44,42
"S00120614",63,39,24
"S00120615",117,55,62
"S00120616",104,68,36
"S00120617",108,46,62
"S00120618",93,41,52
"S00120619",82,39,43
"S00120620",64,26,38
"S00120621",68,36,32
"S00120622",78,43,35
"S00120623",96,28,68
"S00120624",124,39,85
"S00120625",158,79,79
"S00120626",104,31,73
"S00120627",97,52,45
"S00120628",110,52,58
"S00120629",103,32,71
"S00120630",106,45,61
"S00120631",65,21,44
"S00120632",148,81,67
"S00120633",86,58,28
"S00120634",135,90,45
"S00120635",94,49,45
"S00120636",95,53,42
"S00120637",90,58,32
"S00120638",101,64,37
"S00120639",62,47,15
"S00120640",64,54,10
"S00120641",55,39,16
"S00120642",89,63,26
"S00120643",75,39,36
"S00120644",75,39,36
"S00120645",99,57,42
"S00120646",107,72,35
"S00120647",125,77,48
"S00120648",113,61,52
"S00120649",74,42,32
"S00120650",114,62,52
"S00120651",107,49,58
"S00120652",143,54,89
"S00120653",149,46,103
"S00120654",104,39,65
"S00120655",118,35,83
"S00120656",94,27,67
"S00120657",135,81,54
"S00120658",147,74,73
"S00120659",82,46,36
"S00120660",82,37,45
"S00120661",128,58,70
"S00120662",88,40,48
"S00120663",83,29,54
"S00120664",83,40,43
"S00120665",105,58,47
"S00120666",141,27,114
"S00120667",52,20,32
"S00120668",135,61,74
"S00120669",122,50,72
"S00120670",98,42,56
"S00120671",115,40,75
"S00120672",147,56,91
"S00120673",60,45,15
"S00120674",120,37,83
"S00120675",62,29,33
"S00120676",107,51,56
"S00120677",74,58,16
"S00120678",61,52,9
"S00120679",49,38,11
"S00120680",70,59,11
"S00120681",109,65,44
"S00120682",83,44,39
"S00120683",117,84,33
"S00120684",105,71,34
"S00120685",77,66,11
"S00120686",90,62,28
"S00120687",74,39,35
"S00120688",90,42,48
"S00120689",78,37,41
"S00120690",95,55,40
"S00120691",59,52,7
"S00120692",76,49,27
"S00120693",86,40,46
"S00120694",86,46,40
"S00120695",71,39,32
"S00120696",94,49,45
"S00120697",81,45,36
"S00120698",103,77,26
"S00120699",79,43,36
"S00120700",101,44,57
"S00120701",83,37,46
"S00120702",139,70,69
"S00120703",89,43,46
"S00120704",71,47,24
"S00120705",106,58,48
"S00120706",76,42,34
"S00120707",102,50,52
"S00120708",98,41,57
"S00120709",77,41,36
"S00120710",82,30,52
"S00120711",77,39,38
"S00120712",88,53,35
"S00120713",106,58,48
"S00120714",88,34,54
"S00120715",93,27,66
"S00120716",99,44,55
"S00120717",110,65,45
"S00120718",104,55,49
"S00120719",105,50,55
"S00120720",78,40,38
"S00120721",60,36,24
"S00120722",113,29,84
"S00120723",122,54,68
"S00120724",104,38,66
"S00120725",156,63,93
"S00120726",71,23,48
"S00120727",103,52,51
"S00120728",76,26,50
"S00120729",164,83,81
"S00120730",99,55,44
"S00120731",85,31,54
"S00120732",148,50,98
"S00120733",104,38,66
"S00120734",89,25,64
"S00120735",92,30,62
"S00120736",103,41,62
"S00120737",91,45,46
"S00120738",93,48,45
"S00120739",84,27,57
"S00120740",88,31,57
"S00120741",96,63,33
"S00120742",50,9,41
"S00120743",79,17,62
"S00120744",79,39,40
"S00120745",69,14,55
"S00120746",80,29,51
"S00120747",84,30,54
"S00120748",129,89,40
"S00120749",79,28,51
"S00120750",121,39,82
"S00120751",113,43,70
"S00120752",53,30,23
"S00120753",140,60,80
"S00120754",118,71,47
"S00120755",100,46,54
"S00120756",149,68,81
"S00120757",107,57,50
"S00120758",76,40,36
"S00120759",126,56,70
"S00120760",67,42,25
"S00120761",91,67,24
"S00120762",90,50,40
"S00120763",71,37,34
"S00120764",76,32,44
"S00120765",86,49,37
"S00120766",111,56,55
"S00120767",68,36,32
"S00120768",88,42,46
"S00120769",108,51,57
"S00120770",82,42,40
"S00120771",126,62,64
"S00120772",126,58,68
"S00120773",89,33,56
"S00120774",88,52,36
"S00120775",72,44,28
"S00120776",71,45,26
"S00120777",65,33,32
"S00120778",106,66,40
"S00120779",82,41,41
"S00120780",127,81,46
"S00120781",100,56,44
"S00120782",123,65,58
"S00120783",143,71,72
"S00120784",39,31,8
"S00120785",95,76,19
"S00120786",57,46,11
"S00120787",131,59,72
"S00120788",98,34,64
"S00120789",97,55,42
"S00120790",88,58,30
"S00120791",88,50,38
"S00120792",114,62,52
"S00120793",109,46,63
"S00120794",83,43,40
"S00120795",106,42,64
"S00120796",93,59,34
"S00120797",84,34,50
"S00120798",97,53,44
"S00120799",96,43,53
"S00120800",81,53,28
"S00120801",80,34,46
"S00120802",88,68,20
"S00120803",86,51,35
"S00120804",57,45,12
"S00120805",77,48,29
"S00120806",99,77,22
"S00120807",91,56,35
"S00120808",67,35,32
"S00120809",86,46,40
"S00120810",86,51,35
"S00120811",67,52,15
"S00120812",82,52,30
"S00120813",70,44,26
"S00120814",95,62,33
"S00120815",93,53,40
"S00120816",65,33,32
"S00120817",88,44,44
"S00120818",91,55,36
"S00120819",91,58,33
"S00120820",120,74,46
"S00120821",126,77,49
"S00120822",114,79,35
"S00120823",105,47,58
"S00120824",79,46,33
"S00120825",132,94,38
"S00120826",106,59,47
"S00120827",80,67,13
"S00120828",82,52,30
"S00120829",70,36,34
"S00120830",73,42,31
"S00120831",91,57,34
"S00120832",84,54,30
"S00120833",53,33,20
"S00120834",83,42,41
"S00120835",69,39,30
"S00120836",88,61,27
"S00120837",131,67,64
"S00120838",74,50,24
"S00120839",124,78,46
"S00120840",122,81,41
"S00120841",110,56,54
"S00120842",110,62,48
"S00120843",77,41,36
"S00120844",77,44,33
"S00120845",90,38,52
"S00120846",94,27,67
"S00120847",50,40,10
"S00120848",58,32,26
"S00120849",50,28,22
"S00120850",107,73,34
"S00120851",107,49,58
"S00120852",87,41,46
"S00120853",92,68,24
"S00120854",150,94,56
"S00120855",102,64,38
"S00120856",119,76,43
"S00120857",115,76,39
"S00120858",89,61,28
"S00120859",104,51,53
"S00120860",127,42,85
"S00120861",76,31,45
"S00120862",137,42,95
"S00120863",108,48,60
"S00120864",87,31,56
"S00120865",81,11,70
"S00120866",76,26,50
"S00120867",88,37,51
"S00120868",176,118,58
"S00120869",85,51,34
"S00120870",53,34,19
"S00120871",118,52,66
"S00120872",63,43,20
"S00120873",65,44,21
"S00120874",153,91,62
"S00120875",79,45,34
"S00120876",70,46,24
"S00120877",50,37,13
"S00120878",73,19,54
"S00120879",72,44,28
"S00120880",94,64,30
"S00120881",117,57,60
"S00120882",114,46,68
"S00120883",102,58,44
"S00120884",95,39,56
"S00120885",132,63,69
"S00120886",94,44,50
"S00120887",77,43,34
"S00120888",57,38,19
"S00120889",109,48,61
"S00120890",78,46,32
"S00120891",95,42,53
"S00120892",88,40,48
"S00120893",132,60,72
"S00120894",136,64,72
"S00120895",74,33,41
"S00120896",99,54,45
"S00120897",87,49,38
"S00120898",127,73,54
"S00120899",103,58,45
"S00120900",74,44,30
"S00120901",81,36,45
"S00120902",84,45,39
"S00120903",56,33,23
"S00120904",88,40,48
"S00120905",95,59,36
"S00120906",84,37,47
"S00120907",100,34,66
"S00120908",91,29,62
"S00120909",92,34,58
"S00120910",107,26,81
"S00120911",127,18,109
"S00120912",108,22,86
"S00120913",84,34,50
"S00120914",115,31,84
"S00120915",91,30,61
"S00120916",85,36,49
"S00120917",70,27,43
"S00120918",111,40,71
"S00120919",114,24,90
"S00120920",130,45,85
"S00120921",100,18,82
"S00120922",63,29,34
"S00120923",94,61,33
"S00120924",82,38,44
"S00120925",75,58,17
"S00120926",103,47,56
"S00120927",109,63,46
"S00120928",163,89,74
"S00120929",132,75,57
"S00120930",82,42,40
"S00120931",64,33,31
"S00120932",74,24,50
"S00120933",45,32,13
"S00120934",53,33,20
"S00120935",88,43,45
"S00120936",97,25,72
"S00120937",105,64,41
"S00120938",103,23,80
"S00120939",87,35,52
"S00120940",71,28,43
"S00120941",81,69,12
"S00120942",86,57,29
"S00120943",80,67,13
"S00120944",60,28,32
"S00120945",100,34,66
"S00120946",67,29,38
"S00120947",79,56,23
"S00120948",61,35,26
"S00120949",102,68,34
"S00120950",58,25,33
"S00120951",161,56,105
"S00120952",118,64,54
"S00120953",52,16,36
"S00120954",59,27,32
"S00120955",137,48,89
"S00120956",109,62,47
"S00120957",111,61,50
"S00120958",92,58,34
"S00120959",110,52,58
"S00120960",52,27,25
"S00120961",108,80,28
"S00120962",81,36,45
"S00120963",109,45,64
"S00120964",64,25,39
"S00120965",64,26,38
"S00120966",46,18,28
"S00120967",83,41,42
"S00120968",79,33,46
"S00120969",107,55,52
"S00120970",85,46,39
"S00120971",131,49,82
"S00120972",103,34,69
"S00120973",161,95,66
"S00120974",107,64,43
"S00120975",133,39,94
"S00120976",115,27,88
"S00120977",129,51,78
"S00120978",75,39,36
"S00120979",62,26,36
"S00120980",123,55,68
"S00120981",103,58,45
"S00120982",99,61,38
"S00120983",137,42,95
"S00120984",77,31,46
"S00120985",81,31,50
"S00120986",97,30,67
"S00120987",103,35,68
"S00120988",152,63,89
"S00120989",56,20,36
"S00120990",107,85,22
"S00120991",80,54,26
"S00120992",140,45,95
"S00120993",79,27,52
"S00120994",112,48,64
"S00120995",85,37,48
"S00120996",64,24,40
"S00120997",60,24,36
"S00120998",93,41,52
"S00120999",103,33,70
"S00121000",72,33,39
"S00121001",66,21,45
"S00121002",120,38,82
"S00121003",53,15,38
"S00121004",150,58,92
"S00121005",106,50,56
"S00121006",132,44,88
"S00121007",113,50,63
"S00121008",168,115,53
"S00121009",61,45,16
"S00121010",61,36,25
"S00121011",81,61,20
"S00121012",101,58,43
"S00121013",94,56,38
"S00121014",144,59,85
"S00121015",72,44,28
"S00121016",89,44,45
"S00121017",87,63,24
"S00121018",110,45,65
"S00121019",74,35,39
"S00121020",60,43,17
"S00121021",68,40,28
"S00121022",87,39,48
"S00121023",68,20,48
"S00121024",99,33,66
"S00121025",135,61,74
"S00121026",103,62,41
"S00121027",62,30,32
"S00121028",115,51,64
"S00121029",90,23,67
"S00121030",99,39,60
"S00121031",122,38,84
"S00121032",109,34,75
"S00121033",102,28,74
"S00121034",120,40,80
"S00121035",143,39,104
"S00121036",69,19,50
"S00121037",74,31,43
"S00121038",44,20,24
"S00121039",57,44,13
"S00121040",72,45,27
"S00121041",53,47,6
"S00121042",69,60,9
"S00121043",51,33,18
"S00121044",82,69,13
"S00121045",112,71,41
"S00121046",61,45,16
"S00121047",120,55,65
"S00121048",79,21,58
"S00121049",61,32,29
"S00121050",109,59,50
"S00121051",60,32,28
"S00121052",96,50,46
"S00121053",100,58,42
"S00121054",50,24,26
"S00121055",72,25,47
"S00121056",124,31,93
"S00121057",80,29,51
"S00121058",147,49,98
"S00121059",134,55,79
"S00121060",100,68,32
"S00121061",97,62,35
"S00121062",53,35,18
"S00121063",97,65,32
"S00121064",48,31,17
"S00121065",75,28,47
"S00121066",109,51,58
"S00121067",68,26,42
"S00121068",89,47,42
"S00121069",75,31,44
"S00121070",76,47,29
"S00121071",69,25,44
"S00121072",129,35,94
"S00121073",116,43,73
"S00121074",60,51,9
"S00121075",125,79,46
"S00121076",65,26,39
"S00121077",72,38,34
"S00121078",96,55,41
"S00121079",106,33,73
"S00121080",110,49,61
"S00121081",124,60,64
"S00121082",72,28,44
"S00121083",108,56,52
"S00121084",108,86,22
"S00121085",72,50,22
"S00121086",93,41,52
"S00121087",155,64,91
"S00121088",133,53,80
"S00121089",71,20,51
"S00121090",98,25,73
"S00121091",124,56,68
"S00121092",83,36,47
"S00121093",89,45,44
"S00121094",86,32,54
"S00121095",108,58,50
"S00121096",81,17,64
"S00121097",120,45,75
"S00121098",111,46,65
"S00121099",55,21,34
"S00121100",105,41,64
"S00121101",48,30,18
"S00121102",86,30,56
"S00121103",138,43,95
"S00121104",56,18,38
"S00121105",90,51,39
"S00121106",98,43,55
"S00121107",69,20,49
"S00121108",125,59,66
"S00121109",74,28,46
"S00121110",82,32,50
"S00121111",87,39,48
"S00121112",112,48,64
"S00121113",129,51,78
"S00121114",116,37,79
"S00121115",130,52,78
"S00121116",151,89,62
"S00121117",115,54,61
"S00121118",99,50,49
"S00121119",106,46,60
"S00121120",84,30,54
"S00121121",101,43,58
"S00121122",82,34,48
"S00121123",125,36,89
"S00121124",108,48,60
"S00121125",110,51,59
"S00121126",68,26,42
"S00121127",140,50,90
"S00121128",85,35,50
"S00121129",71,31,40
"S00121130",88,38,50
"S00121131",126,49,77
"S00121132",82,22,60
"S00121133",102,36,66
"S00121134",152,66,86
"S00121135",147,45,102
"S00121136",86,24,62
"S00121137",72,29,43
"S00121138",74,50,24
"S00121139",132,49,83
"S00121140",114,61,53
"S00121141",97,51,46
"S00121142",137,70,67
"S00121143",70,29,41
"S00121144",75,54,21
"S00121145",113,46,67
"S00121146",127,51,76
"S00121147",107,37,70
"S00121148",69,20,49
"S00121149",154,76,78
"S00121150",53,21,32
"S00121151",77,11,66
"S00121152",78,32,46
"S00121153",82,28,54
"S00121154",145,81,64
"S00121155",129,36,93
"S00121156",149,57,92
"S00121157",131,61,70
"S00121158",82,30,52
"S00121159",134,65,69
"S00121160",124,38,86
"S00121161",132,65,67
"S00121162",60,25,35
"S00121163",75,49,26
"S00121164",81,65,16
"S00121165",135,64,71
"S00121166",107,67,40
"S00121167",91,30,61
"S00121168",56,36,20
"S00121169",48,33,15
"S00121170",121,70,51
"S00121171",127,80,47
"S00121172",112,83,29
"S00121173",53,15,38
"S00121174",124,58,66
"S00121175",74,34,40
"S00121176",58,8,50
"S00121177",102,37,65
"S00121178",72,28,44
"S00121179",59,20,39
"S00121180",70,11,59
"S00121181",112,42,70
"S00121182",103,28,75
"S00121183",127,49,78
"S00121184",96,44,52
"S00121185",65,33,32
"S00121186",88,22,66
"S00121187",121,40,81
"S00121188",112,39,73
"S00121189",140,51,89
"S00121190",101,36,65
"S00121191",77,28,49
"S00121192",91,38,53
"S00121193",135,51,84
"S00121194",117,52,65
"S00121195",97,31,66
"S00121196",95,35,60
"S00121197",101,31,70
"S00121198",66,34,32
"S00121199",55,21,34
"S00121200",120,60,60
"S00121201",114,56,58
"S00121202",74,44,30
"S00121203",69,25,44
"S00121204",82,30,52
"S00121205",103,40,63
"S00121206",85,43,42
"S00121207",75,33,42
"S00121208",86,33,53
"S00121209",69,27,42
"S00121210",143,48,95
"S00121211",116,52,64
"S00121212",51,17,34
"S00121213",49,15,34
"S00121214",92,59,33
"S00121215",120,56,64
"S00121216",341,195,146
"S00121217",117,47,70
"S00121218",91,35,56
"S00121219",121,36,85
"S00121220",61,11,50
"S00121221",66,24,42
"S00121222",96,37,59
"S00121223",74,27,47
"S00121224",86,28,58
"S00121225",71,39,32
"S00121226",143,60,83
"S00121227",135,56,79
"S00121228",117,64,53
"S00121229",77,25,52
"S00121230",110,43,67
"S00121231",91,48,43
"S00121232",62,26,36
"S00121233",138,64,74
"S00121234",76,34,42
"S00121235",90,42,48
"S00121236",136,52,84
"S00121237",116,48,68
"S00121238",80,36,44
"S00121239",80,34,46
"S00121240",82,50,32
"S00121241",116,68,48
"S00121242",51,15,36
"S00121243",92,44,48
"S00121244",86,40,46
"S00121245",106,35,71
"S00121246",74,36,38
"S00121247",115,60,55
"S00121248",66,42,24
"S00121249",134,59,75
"S00121250",97,51,46
"S00121251",81,49,32
"S00121252",87,55,32
"S00121253",124,62,62
"S00121254",102,51,51
"S00121255",106,55,51
"S00121256",109,58,51
"S00121257",112,55,57
"S00121258",123,53,70
"S00121259",106,50,56
"S00121260",120,64,56
"S00121261",110,59,51
"S00121262",80,39,41
"S00121263",150,74,76
"S00121264",143,100,43
"S00121265",146,87,59
"S00121266",117,53,64
"S00121267",101,51,50
"S00121268",66,48,18
"S00121269",67,23,44
"S00121270",115,53,62
"S00121271",91,64,27
"S00121272",86,51,35
"S00121273",131,80,51
"S00121274",140,74,66
"S00121275",101,58,43
"S00121276",55,33,22
"S00121277",117,49,68
"S00121278",54,32,22
"S00121279",58,37,21
"S00121280",89,53,36
"S00121281",87,60,27
"S00121282",117,65,52
"S00121283",138,82,56
"S00121284",84,59,25
"S00121285",117,77,40
"S00121286",90,46,44
"S00121287",92,62,30
"S00121288",119,47,72
"S00121289",140,65,75
"S00121290",76,50,26
"S00121291",77,52,25
"S00121292",98,44,54
"S00121293",123,74,49
"S00121294",110,56,54
"S00121295",117,62,55
"S00121296",59,33,26
"S00121297",77,52,25
"S00121298",65,39,26
"S00121299",97,71,26
"S00121300",82,36,46
"S00121301",62,44,18
"S00121302",69,39,30
"S00121303",85,48,37
"S00121304",99,21,78
"S00121305",92,37,55
"S00121306",57,41,16
"S00121307",79,37,42
"S00121308",61,44,17
"S00121309",83,65,18
"S00121310",64,55,9
"S00121311",77,53,24
"S00121312",61,31,30
"S00121313",59,41,18
"S00121314",98,60,38
"S00121315",58,28,30
"S00121316",86,60,26
"S00121317",114,48,66
"S00121318",82,25,57
"S00121319",141,39,102
"S00121320",144,56,88
"S00121321",114,36,78
"S00121322",97,63,34
"S00121323",110,66,44
"S00121324",155,57,98
"S00121325",95,66,29
"S00121326",122,64,58
"S00121327",136,61,75
"S00121328",92,50,42
"S00121329",67,36,31
"S00121330",96,55,41
"S00121331",89,55,34
"S00121332",88,50,38
"S00121333",72,46,26
"S00121334",111,41,70
"S00121335",103,35,68
"S00121336",79,40,39
"S00121337",101,60,41
"S00121338",144,65,79
"S00121339",65,34,31
"S00121340",113,61,52
"S00121341",60,26,34
"S00121342",93,56,37
"S00121343",152,50,102
"S00121344",96,53,43
"S00121345",119,62,57
"S00121346",89,45,44
"S00121347",86,33,53
"S00121348",49,15,34
"S00121349",71,44,27
"S00121350",55,25,30
"S00121351",50,10,40
"S00121352",45,5,40
"S00121353",102,46,56
"S00121354",86,16,70
"S00121355",58,8,50
"S00121356",43,23,20
"S00121357",45,15,30
"S00121358",106,36,70
"S00121359",96,50,46
"S00121360",76,19,57
"S00121361",109,24,85
"S00121362",114,60,54
"S00121363",87,25,62
"S00121364",70,35,35
"S00121365",64,39,25
"S00121366",62,30,32
"S00121367",106,38,68
"S00121368",118,48,70
"S00121369",95,56,39
"S00121370",61,52,9
"S00121371",124,94,30
"S00121372",63,48,15
"S00121373",90,59,31
"S00121374",51,37,14
"S00121375",88,38,50
"S00121376",109,48,61
"S00121377",110,57,53
"S00121378",100,32,68
"S00121379",144,78,66
"S00121380",163,109,54
"S00121381",149,45,104
"S00121382",71,55,16
"S00121383",76,50,26
"S00121384",49,39,10
"S00121385",57,35,22
"S00121386",92,56,36
"S00121387",82,60,22
"S00121388",61,39,22
"S00121389",88,38,50
"S00121390",70,41,29
"S00121391",108,62,46
"S00121392",83,31,52
"S00121393",111,23,88
"S00121394",95,28,67
"S00121395",87,35,52
"S00121396",85,17,68
"S00121397",73,25,48
"S00121398",187,83,104
"S00121399",92,11,81
"S00121400",107,57,50
"S00121401",85,41,44
"S00121402",88,18,70
"S00121403",141,83,58
"S00121404",82,32,50
"S00121405",93,65,28
"S00121406",94,62,32
"S00121407",62,34,28
"S00121408",78,45,33
"S00121409",79,44,35
"S00121410",60,39,21
"S00121411",97,54,43
"S00121412",84,43,41
"S00121413",81,55,26
"S00121414",73,42,31
"S00121415",116,64,52
"S00121416",101,50,51
"S00121417",120,65,55
"S00121418",73,49,24
"S00121419",62,25,37
"S00121420",83,55,28
"S00121421",106,68,38
"S00121422",89,37,52
"S00121423",150,76,74
"S00121424",93,39,54
"S00121425",75,41,34
"S00121426",85,42,43
"S00121427",127,73,54
"S00121428",73,37,36
"S00121429",111,78,33
"S00121430",77,55,22
"S00121431",94,46,48
"S00121432",87,60,27
"S00121433",84,50,34
"S00121434",119,99,20
"S00121435",112,83,29
"S00121436",71,23,48
"S00121437",77,21,56
"S00121438",82,22,60
"S00121439",144,65,79
"S00121440",104,54,50
"S00121441",110,43,67
"S00121442",87,51,36
"S00121443",127,67,60
"S00121444",83,51,32
"S00121445",81,49,32
"S00121446",106,65,41
"S00121447",97,65,32
"S00121448",124,56,68
"S00121449",115,48,67
"S00121450",95,53,42
"S00121451",62,36,26
"S00121452",64,40,24
"S00121453",72,36,36
"S00121454",73,42,31
"S00121455",109,53,56
"S00121456",70,37,33
"S00121457",126,57,69
"S00121458",92,36,56
"S00121459",106,60,46
"S00121460",84,48,36
"S00121461",100,69,31
"S00121462",90,43,47
"S00121463",127,54,73
"S00121464",122,70,52
"S00121465",60,56,4
"S00121466",79,48,31
"S00121467",103,51,52
"S00121468",80,65,15
"S00121469",101,55,46
"S00121470",66,26,40
"S00121471",138,59,79
"S00121472",88,42,46
"S00121473",117,51,66
"S00121474",120,43,77
"S00121475",54,10,44
"S00121476",117,59,58
"S00121477",89,35,54
"S00121478",64,34,30
"S00121479",96,48,48
"S00121480",105,53,52
"S00121481",61,41,20
"S00121482",194,61,133
"S00121483",98,49,49
"S00121484",117,60,57
"S00121485",106,38,68
"S00121486",121,77,44
"S00121487",106,88,18
"S00121488",134,81,53
"S00121489",122,57,65
"S00121490",81,31,50
"S00121491",60,46,14
"S00121492",102,40,62
"S00121493",74,29,45
"S00121494",82,38,44
"S00121495",120,96,24
"S00121496",67,52,15
"S00121497",91,40,51
"S00121498",110,40,70
"S00121499",89,45,44
"S00121500",84,34,50
"S00121501",121,50,71
"S00121502",69,45,24
"S00121503",84,48,36
"S00121504",126,78,48
"S00121505",114,50,64
"S00121506",102,64,38
"S00121507",91,59,32
"S00121508",115,55,60
"S00121509",114,52,62
"S00121510",82,46,36
"S00121511",78,40,38
"S00121512",81,43,38
"S00121513",69,40,29
"S00121514",84,50,34
"S00121515",119,45,74
"S00121516",107,54,53
"S00121517",59,26,33
"S00121518",109,47,62
"S00121519",83,33,50
"S00121520",106,46,60
"S00121521",76,36,40
"S00121522",88,41,47
"S00121523",76,43,33
"S00121524",92,50,42
"S00121525",81,53,28
"S00121526",62,32,30
"S00121527",147,38,109
"S00121528",66,22,44
"S00121529",87,28,59
"S00121530",58,30,28
"S00121531",83,47,36
"S00121532",72,42,30
"S00121533",134,58,76
"S00121534",123,56,67
"S00121535",115,93,22
"S00121536",92,63,29
"S00121537",117,71,46
"S00121538",108,70,38
"S00121539",49,33,16
"S00121540",40,24,16
"S00121541",91,53,38
"S00121542",90,42,48
"S00121543",94,43,51
"S00121544",82,64,18
"S00121545",80,26,54
"S00121546",134,54,80
"S00121547",93,59,34
"S00121548",91,48,43
"S00121549",76,37,39
"S00121550",81,37,44
"S00121551",95,39,56
"S00121552",84,40,44
"S00121553",107,56,51
"S00121554",116,40,76
"S00121555",100,72,28
"S00121556",70,40,30
"S00121557",68,30,38
"S00121558",86,26,60
"S00121559",84,56,28
"S00121560",76,46,30
"S00121561",72,42,30
"S00121562",118,58,60
"S00121563",152,76,76
"S00121564",90,40,50
"S00121565",127,72,55
"S00121566",83,31,52
"S00121567",129,73,56
"S00121568",104,51,53
"S00121569",101,55,46
"S00121570",68,20,48
"S00121571",71,22,49
"S00121572",124,44,80
"S00121573",95,53,42
"S00121574",61,41,20
"S00121575",85,35,50
"S00121576",97,41,56
"S00121577",119,49,70
"S00121578",50,24,26
"S00121579",70,26,44
"S00121580",86,41,45
"S00121581",130,69,61
"S00121582",112,70,42
"S00121583",78,38,40
"S00121584",61,31,30
"S00121585",129,48,81
"S00121586",83,23,60
"S00121587",100,48,52
"S00121588",99,38,61
"S00121589",79,35,44
"S00121590",94,42,52
"S00121591",93,46,47
"S00121592",71,35,36
"S00121593",109,48,61
"S00121594",69,31,38
"S00121595",97,43,54
"S00121596",60,18,42
"S00121597",100,48,52
"S00121598",108,46,62
"S00121599",95,42,53
"S00121600",137,43,94
"S00121601",122,56,66
"S00121602",118,39,79
"S00121603",108,54,54
"S00121604",106,46,60
"S00121605",78,46,32
"S00121606",69,47,22
"S00121607",94,34,60
"S00121608",67,33,34
"S00121609",106,59,47
"S00121610",92,46,46
"S00121611",100,62,38
"S00121612",115,25,90
"S00121613",73,37,36
"S00121614",102,77,25
"S00121615",118,80,38
"S00121616",116,44,72
"S00121617",111,52,59
"S00121618",120,48,72
"S00121619",99,47,52
"S00121620",95,45,50
"S00121621",85,41,44
"S00121622",67,34,33
"S00121623",139,55,84
"S00121624",115,57,58
"S00121625",59,37,22
"S00121626",86,40,46
"S00121627",125,58,67
"S00121628",74,53,21
"S00121629",105,38,67
"S00121630",93,35,58
"S00121631",153,71,82
"S00121632",84,41,43
"S00121633",100,52,48
"S00121634",83,45,38
"S00121635",79,49,30
"S00121636",97,45,52
"S00121637",98,60,38
"S00121638",99,48,51
"S00121639",75,47,28
"S00121640",56,40,16
"S00121641",58,32,26
"S00121642",112,56,56
"S00121643",112,63,49
"S00121644",52,20,32
"S00121645",111,61,50
"S00121646",84,42,42
"S00121647",70,43,27
"S00121648",110,67,43
"S00121649",81,37,44
"S00121650",100,33,67
"S00121651",79,28,51
"S00121652",302,264,38
"S00121653",93,44,49
"S00121654",80,36,44
"S00121655",88,32,56
"S00121656",155,57,98
"S00121657",100,42,58
"S00121658",131,59,72
"S00121659",93,35,58
"S00121660",69,44,25
"S00121661",91,36,55
"S00121662",71,24,47
"S00121663",121,56,65
"S00121664",93,43,50
"S00121665",77,27,50
"S00121666",102,34,68
"S00121667",71,26,45
"S00121668",110,56,54
"S00121669",79,35,44
"S00121670",84,42,42
"S00121671",73,25,48
"S00121672",109,58,51
"S00121673",60,22,38
"S00121674",81,33,48
"S00121675",95,69,26
"S00121676",88,30,58
"S00121677",57,15,42
"S00121678",108,47,61
"S00121679",91,45,46
"S00121680",91,35,56
"S00121681",76,38,38
"S00121682",70,43,27
"S00121683",76,24,52
"S00121684",133,61,72
"S00121685",118,34,84
"S00121686",71,37,34
"S00121687",45,14,31
"S00121688",40,10,30
"S00121689",65,17,48
"S00121690",106,40,66
"S00121691",95,45,50
"S00121692",65,27,38
"S00121693",120,42,78
"S00121694",91,53,38
"S00121695",106,36,70
"S00121696",101,50,51
"S00121697",80,29,51
"S00121698",98,41,57
"S00121699",52,32,20
"S00121700",84,43,41
"S00121701",66,32,34
"S00121702",63,25,38
"S00121703",90,47,43
"S00121704",104,40,64
"S00121705",68,32,36
"S00121706",109,66,43
"S00121707",120,51,69
"S00121708",97,42,55
"S00121709",122,73,49
"S00121710",53,18,35
"S00121711",71,25,46
"S00121712",81,31,50
"S00121713",105,60,45
"S00121714",110,46,64
"S00121715",78,26,52
"S00121716",86,38,48
"S00121717",43,19,24
"S00121718",115,50,65
"S00121719",78,35,43
"S00121720",43,9,34
"S00121721",90,40,50
"S00121722",59,29,30
"S00121723",71,47,24
"S00121724",74,28,46
"S00121725",60,34,26
"S00121726",70,23,47
"S00121727",81,57,24
"S00121728",83,40,43
"S00121729",83,47,36
"S00121730",61,25,36
"S00121731",115,59,56
"S00121732",52,26,26
"S00121733",83,52,31
"S00121734",72,43,29
"S00121735",70,21,49
"S00121736",117,56,61
"S00121737",126,67,59
"S00121738",53,17,36
"S00121739",51,45,6
"S00121740",110,72,38
"S00121741",74,10,64
"S00121742",117,16,101
"S00121743",76,28,48
"S00121744",112,44,68
"S00121745",122,36,86
"S00121746",110,51,59
"S00121747",56,17,39
"S00121748",142,39,103
"S00121749",111,39,72
"S00121750",104,30,74
"S00121751",121,37,84
"S00121752",102,36,66
"S00121753",52,23,29
"S00121754",108,50,58
"S00121755",60,25,35
"S00121756",55,26,29
"S00121757",63,28,35
"S00121758",96,43,53
"S00121759",147,41,106
"S00121760",53,26,27
"S00121761",115,50,65
"S00121762",177,67,110
"S00121763",86,32,54
"S00121764",80,27,53
"S00121765",171,77,94
"S00121766",192,101,91
"S00121767",74,33,41
"S00121768",73,36,37
"S00121769",67,29,38
"S00121770",58,28,30
"S00121771",102,45,57
"S00121772",145,71,74
"S00121773",110,50,60
"S00121774",95,43,52
"S00121775",87,37,50
"S00121776",91,27,64
"S00121777",66,38,28
"S00121778",78,34,44
"S00121779",90,44,46
"S00121780",78,45,33
"S00121781",117,63,54
"S00121782",83,62,21
"S00121783",106,53,53
"S00121784",195,103,92
"S00121785",103,53,50
"S00121786",78,25,53
"S00121787",90,50,40
"S00121788",114,83,31
"S00121789",75,51,24
"S00121790",116,70,46
"S00121791",67,30,37
"S00121792",87,53,34
"S00121793",50,28,22
"S00121794",82,50,32
"S00121795",124,46,78
"S00121796",53,14,39
"S00121797",61,35,26
"S00121798",47,29,18
"S00121799",65,38,27
"S00121800",124,77,47
"S00121801",100,70,30
"S00121802",85,65,20
"S00121803",72,41,31
"S00121804",56,38,18
"S00121805",67,59,8
"S00121806",45,34,11
"S00121807",66,43,23
"S00121808",82,56,26
"S00121809",123,71,52
"S00121810",64,43,21
"S00121811",89,70,19
"S00121812",91,30,61
"S00121813",90,40,50
"S00121814",155,47,108
"S00121815",100,18,82
"S00121816",107,7,100
"S00121817",75,38,37
"S00121818",115,7,108
"S00121819",133,21,112
"S00121820",50,25,25
"S00121821",79,14,65
"S00121822",111,49,62
"S00121823",130,80,50
"S00121824",65,35,30
"S00121825",111,54,57
"S00121826",62,34,28
"S00121827",104,62,42
"S00121828",65,39,26
"S00121829",105,61,44
"S00121830",66,44,22
"S00121831",66,47,19
"S00121832",89,39,50
"S00121833",131,52,79
"S00121834",74,29,45
"S00121835",61,25,36
"S00121836",117,43,74
"S00121837",117,55,62
"S00121838",52,26,26
"S00121839",40,30,10
"S00121840",59,38,21
"S00121841",135,59,76
"S00121842",102,65,37
"S00121843",111,62,49
"S00121844",112,67,45
"S00121845",107,55,52
"S00121846",132,90,42
"S00121847",63,27,36
"S00121848",95,38,57
"S00121849",97,53,44
"S00121850",130,62,68
"S00121851",120,70,50
"S00121852",66,18,48
"S00121853",82,48,34
"S00121854",55,33,22
"S00121855",111,53,58
"S00121856",110,32,78
"S00121857",61,22,39
"S00121858",92,32,60
"S00121859",102,38,64
"S00121860",107,45,62
"S00121861",58,22,36
"S00121862",128,42,86
"S00121863",125,38,87
"S00121864",109,46,63
"S00121865",146,67,79
"S00121866",96,55,41
"S00121867",115,77,38
"S00121868",123,66,57
"S00121869",100,57,43
"S00121870",141,63,78
"S00121871",142,62,80
"S00121872",73,35,38
"S00121873",135,67,68
"S00121874",108,61,47
"S00121875",132,65,67
"S00121876",51,13,38
"S00121877",138,67,71
"S00121878",94,71,23
"S00121879",99,66,33
"S00121880",69,52,17
"S00121881",84,40,44
"S00121882",75,37,38
"S00121883",73,29,44
"S00121884",122,26,96
"S00121885",113,23,90
"S00121886",634,564,70
"S00121887",105,43,62
"S00121888",133,40,93
"S00121889",74,54,20
"S00121890",149,53,96
"S00121891",140,36,104
"S00121892",139,88,51
"S00121893",100,28,72
"S00121894",80,16,64
"S00121895",147,57,90
"S00121896",169,57,112
"S00121897",59,19,40
"S00121898",61,25,36
"S00121899",82,42,40
"S00121900",126,45,81
"S00121901",75,39,36
"S00121902",118,42,76
"S00121903",49,21,28
"S00121904",137,57,80
"S00121905",135,64,71
"S00121906",62,20,42
"S00121907",72,33,39
"S00121908",84,49,35
"S00121909",149,43,106
"S00121910",64,36,28
"S00121911",129,45,84
"S00121912",113,57,56
"S00121913",100,50,50
"S00121914",82,34,48
"S00121915",51,25,26
"S00121916",48,19,29
"S00121917",79,53,26
"S00121918",94,32,62
"S00121919",145,75,70
"S00121920",97,39,58
"S00121921",73,33,40
"S00121922",99,39,60
"S00121923",64,28,36
"S00121924",57,26,31
"S00121925",87,30,57
"S00121926",71,36,35
"S00121927",91,51,40
"S00121928",79,33,46
"S00121929",92,37,55
"S00121930",138,58,80
"S00121931",126,74,52
"S00121932",117,45,72
"S00121933",52,20,32
"S00121934",104,51,53
"S00121935",148,50,98
"S00121936",119,69,50
"S00121937",124,65,59
"S00121938",95,50,45
"S00121939",53,31,22
"S00121940",136,46,90
"S00121941",179,131,48
"S00121942",142,71,71
"S00121943",104,56,48
"S00121944",75,41,34
"S00121945",94,59,35
"S00121946",89,61,28
"S00121947",72,40,32
"S00121948",115,73,42
"S00121949",85,57,28
"S00121950",154,76,78
"S00121951",118,72,46
"S00121952",64,30,34
"S00121953",61,35,26
"S00121954",102,72,30
"S00121955",120,68,52
"S00121956",154,59,95
"S00121957",128,54,74
"S00121958",129,64,65
"S00121959",107,62,45
"S00121960",166,71,95
"S00121961",104,62,42
"S00121962",102,48,54
"S00121963",142,78,64
"S00121964",96,27,69
"S00121965",135,84,51
"S00121966",87,49,38
"S00121967",77,43,34
"S00121968",112,68,44
"S00121969",76,40,36
"S00121970",67,47,20
"S00121971",134,87,47
"S00121972",138,82,56
"S00121973",148,94,54
"S00121974",115,68,47
"S00121975",137,83,54
"S00121976",99,54,45
"S00121977",97,60,37
"S00121978",65,35,30
"S00121979",93,47,46
"S00121980",90,34,56
"S00121981",89,41,48
"S00121982",50,30,20
"S00121983",58,36,22
"S00121984",137,74,63
"S00121985",128,67,61
"S00121986",136,66,70
"S00121987",67,38,29
"S00121988",47,29,18
"S00121989",99,62,37
"S00121990",136,88,48
"S00121991",150,92,58
"S00121992",135,73,62
"S00121993",128,76,52
"S00121994",108,54,54
"S00121995",103,51,52
"S00121996",109,56,53
"S00121997",103,55,48
"S00121998",194,72,122
"S00121999",111,59,52
"S00122000",90,64,26
"S00122001",148,67,81
"S00122002",80,45,35
"S00122003",123,60,63
"S00122004",145,71,74
"S00122005",68,56,12
"S00122006",117,70,47
"S00122007",130,78,52
"S00122008",93,61,32
"S00122009",112,60,52
"S00122010",70,42,28
"S00122011",99,65,34
"S00122012",101,48,53
"S00122013",127,58,69
"S00122014",60,22,38
"S00122015",139,67,72
"S00122016",109,35,74
"S00122017",111,51,60
"S00122018",66,38,28
"S00122019",127,55,72
"S00122020",148,64,84
"S00122021",89,50,39
"S00122022",73,39,34
"S00122023",80,60,20
"S00122024",114,54,60
"S00122025",82,44,38
"S00122026",86,53,33
"S00122027",109,55,54
"S00122028",51,19,32
"S00122029",113,61,52
"S00122030",81,41,40
"S00122031",115,33,82
"S00122032",60,34,26
"S00122033",78,54,24
"S00122034",148,46,102
"S00122035",91,47,44
"S00122036",61,55,6
"S00122037",110,92,18
"S00122038",189,153,36
"S00122039",135,105,30
"S00122040",78,44,34
"S00122041",56,31,25
"S00122042",74,54,20
"S00122043",90,54,36
"S00122044",64,44,20
"S00122045",58,34,24
"S00122046",83,49,34
"S00122047",67,61,6
"S00122048",63,60,3
"S00122049",70,57,13
"S00122050",85,68,17
"S00122051",70,51,19
"S00122052",86,48,38
"S00122053",128,49,79
"S00122054",99,58,41
"S00122055",120,43,77
"S00122056",75,34,41
"S00122057",105,47,58
"S00122058",70,50,20
"S00122059",133,67,66
"S00122060",74,40,34
"S00122061",101,59,42
"S00122062",58,34,24
"S00122063",81,51,30
"S00122064",81,59,22
"S00122065",95,52,43
"S00122066",68,55,13
"S00122067",86,64,22
"S00122068",70,38,32
"S00122069",92,44,48
"S00122070",83,41,42
"S00122071",86,52,34
"S00122072",83,38,45
"S00122073",85,57,28
"S00122074",84,54,30
"S00122075",50,30,20
"S00122076",48,28,20
"S00122077",80,45,35
"S00122078",98,60,38
"S00122079",93,59,34
"S00122080",82,36,46
"S00122081",92,52,40
"S00122082",76,52,24
"S00122083",53,41,12
"S00122084",83,53,30
"S00122085",99,72,27
"S00122086",75,48,27
"S00122087",90,59,31
"S00122088",75,61,14
"S00122089",100,48,52
"S00122090",85,62,23
"S00122091",76,55,21
"S00122092",76,56,20
"S00122093",53,39,14
"S00122094",95,75,20
"S00122095",66,45,21
"S00122096",53,37,16
"S00122097",76,54,22
"S00122098",77,41,36
"S00122099",78,40,38
"S00122100",85,37,48
"S00122101",84,42,42
"S00122102",83,39,44
"S00122103",141,84,57
"S00122104",122,94,28
"S00122105",85,47,38
"S00122106",101,43,58
"S00122107",152,93,59
"S00122108",100,66,34
"S00122109",126,72,54
"S00122110",103,47,56
"S00122111",145,55,90
"S00122112",118,30,88
"S00122113",76,60,16
"S00122114",100,71,29
"S00122115",83,59,24
"S00122116",57,35,22
"S00122117",92,78,14
"S00122118",68,50,18
"S00122119",51,40,11
"S00122120",51,38,13
"S00122121",84,49,35
"S00122122",67,46,21
"S00122123",63,33,30
"S00122124",102,47,55
"S00122125",129,51,78
"S00122126",90,32,58
"S00122127",92,35,57
"S00122128",110,42,68
"S00122129",59,26,33
"S00122130",151,50,101
"S00122131",97,44,53
"S00122132",82,62,20
"S00122133",82,44,38
"S00122134",108,55,53
"S00122135",58,41,17
"S00122136",82,44,38
"S00122137",129,68,61
"S00122138",56,36,20
"S00122139",47,36,11
"S00122140",59,46,13
"S00122141",95,64,31
"S00122142",140,77,63
"S00122143",87,41,46
"S00122144",70,31,39
"S00122145",134,51,83
"S00122146",92,35,57
"S00122147",52,35,17
"S00122148",80,48,32
"S00122149",133,72,61
"S00122150",85,47,38
"S00122151",90,44,46
"S00122152",75,37,38
"S00122153",52,26,26
"S00122154",126,62,64
"S00122155",74,48,26
"S00122156",50,40,10
"S00122157",113,49,64
"S00122158",91,24,67
"S00122159",82,46,36
"S00122160",104,51,53
"S00122161",70,36,34
"S00122162",84,62,22
"S00122163",90,58,32
"S00122164",72,51,21
"S00122165",43,25,18
"S00122166",106,63,43
"S00122167",99,50,49
"S00122168",87,58,29
"S00122169",54,40,14
"S00122170",94,64,30
"S00122171",113,83,30
"S00122172",58,42,16
"S00122173",110,41,69
"S00122174",112,64,48
"S00122175",90,60,30
"S00122176",73,39,34
"S00122177",98,46,52
"S00122178",89,66,23
"S00122179",94,46,48
"S00122180",93,54,39
"S00122181",69,47,22
"S00122182",84,53,31
"S00122183",60,48,12
"S00122184",69,49,20
"S00122185",112,76,36
"S00122186",138,104,34
"S00122187",101,76,25
"S00122188",106,68,38
"S00122189",70,42,28
"S00122190",155,62,93
"S00122191",156,60,96
"S00122192",93,50,43
"S00122193",120,56,64
"S00122194",112,69,43
"S00122195",96,76,20
"S00122196",93,62,31
"S00122197",95,59,36
"S00122198",81,61,20
"S00122199",90,63,27
"S00122200",90,52,38
"S00122201",68,44,24
"S00122202",93,52,41
"S00122203",92,47,45
"S00122204",133,75,58
"S00122205",152,94,58
"S00122206",64,44,20
"S00122207",86,56,30
"S00122208",80,36,44
"S00122209",93,61,32
"S00122210",65,51,14
"S00122211",75,46,29
"S00122212",122,78,44
"S00122213",102,67,35
"S00122214",128,79,49
"S00122215",110,82,28
"S00122216",91,47,44
"S00122217",103,59,44
"S00122218",108,66,42
"S00122219",100,44,56
"S00122220",92,38,54
"S00122221",117,39,78
"S00122222",124,40,84
"S00122223",87,39,48
"S00122224",113,41,72
"S00122225",69,51,18
"S00122226",46,43,3
"S00122227",66,54,12
"S00122228",96,78,18
"S00122229",83,73,10
"S00122230",73,52,21
"S00122231",62,58,4
"S00122232",68,46,22
"S00122233",135,93,42
"S00122234",74,45,29
"S00122235",110,39,71
"S00122236",72,57,15
"S00122237",96,37,59
"S00122238",109,67,42
"S00122239",91,41,50
"S00122240",131,81,50
"S00122241",78,63,15
"S00122242",111,47,64
"S00122243",65,51,14
"S00122244",133,58,75
"S00122245",89,53,36
"S00122246",92,36,56
"S00122247",109,36,73
"S00122248",101,74,27
"S00122249",68,50,18
"S00122250",118,91,27
"S00122251",64,28,36
"S00122252",132,56,76
"S00122253",135,59,76
"S00122254",99,39,60
"S00122255",82,54,28
"S00122256",61,40,21
"S00122257",68,26,42
"S00122258",116,52,64
"S00122259",66,46,20
"S00122260",112,34,78
"S00122261",100,48,52
"S00122262",104,48,56
"S00122263",105,57,48
"S00122264",53,31,22
"S00122265",70,28,42
"S00122266",66,45,21
"S00122267",122,51,71
"S00122268",63,44,19
"S00122269",89,39,50
"S00122270",80,26,54
"S00122271",91,29,62
"S00122272",75,40,35
"S00122273",104,90,14
"S00122274",51,41,10
"S00122275",72,55,17
"S00122276",100,78,22
"S00122277",79,69,10
"S00122278",58,48,10
"S00122279",62,54,8
"S00122280",77,43,34
"S00122281",53,49,4
"S00122282",79,59,20
"S00122283",78,67,11
"S00122284",67,46,21
"S00122285",73,60,13
"S00122286",47,35,12
"S00122287",69,45,24
"S00122288",83,49,34
"S00122289",71,53,18
"S00122290",56,45,11
"S00122291",62,47,15
"S00122292",100,64,36
"S00122293",78,50,28
"S00122294",96,62,34
"S00122295",58,46,12
"S00122296",55,39,16
"S00122297",100,66,34
"S00122298",96,60,36
"S00122299",84,64,20
"S00122300",60,56,4
"S00122301",63,55,8
"S00122302",77,42,35
"S00122303",88,55,33
"S00122304",95,54,41
"S00122305",106,80,26
"S00122306",101,64,37
"S00122307",101,40,61
"S00122308",88,58,30
"S00122309",95,49,46
"S00122310",105,72,33
"S00122311",75,48,27
"S00122312",73,42,31
"S00122313",121,79,42
"S00122314",68,44,24
"S00122315",119,63,56
"S00122316",84,61,23
"S00122317",114,78,36
"S00122318",86,54,32
"S00122319",120,78,42
"S00122320",104,56,48
"S00122321",92,49,43
"S00122322",133,63,70
"S00122323",121,63,58
"S00122324",74,34,40
"S00122325",87,49,38
"S00122326",134,62,72
"S00122327",108,68,40
"S00122328",79,63,16
"S00122329",41,37,4
"S00122330",116,56,60
"S00122331",98,58,40
"S00122332",100,62,38
"S00122333",82,50,32
"S00122334",204,163,41
"S00122335",75,24,51
"S00122336",80,60,20
"S00122337",78,51,27
"S00122338",68,44,24
"S00122339",79,62,17
"S00122340",81,41,40
"S00122341",96,69,27
"S00122342",134,92,42
"S00122343",95,67,28
"S00122344",73,55,18
"S00122345",43,31,12
"S00122346",82,64,18
"S00122347",90,50,40
"S00122348",111,57,54
"S00122349",114,49,65
"S00122350",73,53,20
"S00122351",72,46,26
"S00122352",75,46,29
"S00122353",91,63,28
"S00122354",117,57,60
"S00122355",135,76,59
"S00122356",110,80,30
"S00122357",102,80,22
"S00122358",121,81,40
"S00122359",69,37,32
"S00122360",62,22,40
"S00122361",89,36,53
"S00122362",131,41,90
"S00122363",89,30,59
"S00122364",78,42,36
"S00122365",54,42,12
"S00122366",77,59,18
"S00122367",115,68,47
"S00122368",66,38,28
"S00122369",75,55,20
"S00122370",151,53,98
"S00122371",84,31,53
"S00122372",152,76,76
"S00122373",88,61,27
"S00122374",169,63,106
"S00122375",134,32,102
"S00122376",108,54,54
"S00122377",100,45,55
"S00122378",109,56,53
"S00122379",56,43,13
"S00122380",85,49,36
"S00122381",99,70,29
"S00122382",50,40,10
"S00122383",82,59,23
"S00122384",80,44,36
"S00122385",77,47,30
"S00122386",63,53,10
"S00122387",73,51,22
"S00122388",87,59,28
"S00122389",110,82,28
"S00122390",109,79,30
"S00122391",129,77,52
"S00122392",102,52,50
"S00122393",97,51,46
"S00122394",107,69,38
"S00122395",122,80,42
"S00122396",102,72,30
"S00122397",86,59,27
"S00122398",89,61,28
"S00122399",91,51,40
"S00122400",61,37,24
"S00122401",125,90,35
"S00122402",100,63,37
"S00122403",88,42,46
"S00122404",116,74,42
"S00122405",50,30,20
"S00122406",93,54,39
"S00122407",99,68,31
"S00122408",115,71,44
"S00122409",131,78,53
"S00122410",82,38,44
"S00122411",111,65,46
"S00122412",112,60,52
"S00122413",123,53,70
"S00122414",100,42,58
"S00122415",87,43,44
"S00122416",94,43,51
"S00122417",97,47,50
"S00122418",106,40,66
"S00122419",106,60,46
"S00122420",139,49,90
"S00122421",98,36,62
"S00122422",55,23,32
"S00122423",147,52,95
"S00122424",85,44,41
"S00122425",156,37,119
"S00122426",55,21,34
"S00122427",66,48,18
"S00122428",78,50,28
"S00122429",90,49,41
"S00122430",119,96,23
"S00122431",121,67,54
"S00122432",137,98,39
"S00122433",57,35,22
"S00122434",56,36,20
"S00122435",46,23,23
"S00122436",92,59,33
"S00122437",104,68,36
"S00122438",68,46,22
"S00122439",74,39,35
"S00122440",78,47,31
"S00122441",84,37,47
"S00122442",79,44,35
"S00122443",97,62,35
"S00122444",88,46,42
"S00122445",69,47,22
"S00122446",86,56,30
"S00122447",85,59,26
"S00122448",113,73,40
"S00122449",77,67,10
"S00122450",54,44,10
"S00122451",129,63,66
"S00122452",114,64,50
"S00122453",84,62,22
"S00122454",50,28,22
"S00122455",65,29,36
"S00122456",84,60,24
"S00122457",77,58,19
"S00122458",64,33,31
"S00122459",67,40,27
"S00122460",76,52,24
"S00122461",103,71,32
"S00122462",118,46,72
"S00122463",100,73,27
"S00122464",89,66,23
"S00122465",122,62,60
"S00122466",83,47,36
"S00122467",99,36,63
"S00122468",107,89,18
"S00122469",100,68,32
"S00122470",111,66,45
"S00122471",98,52,46
"S00122472",85,49,36
"S00122473",63,38,25
"S00122474",114,58,56
"S00122475",120,75,45
"S00122476",98,62,36
"S00122477",54,37,17
"S00122478",138,68,70
"S00122479",92,38,54
"S00122480",105,63,42
"S00122481",74,50,24
"S00122482",76,34,42
"S00122483",90,31,59
"S00122484",79,43,36
"S00122485",96,56,40
"S00122486",96,53,43
"S00122487",88,56,32
"S00122488",104,56,48
"S00122489",87,62,25
"S00122490",87,59,28
"S00122491",85,61,24
"S00122492",94,51,43
"S00122493",104,57,47
"S00122494",92,53,39
"S00122495",68,35,33
"S00122496",114,69,45
"S00122497",106,33,73
"S00122498",83,48,35
"S00122499",133,38,95
"S00122500",138,57,81
"S00122501",80,28,52
"S00122502",97,45,52
"S00122503",69,27,42
"S00122504",54,48,6
"S00122505",77,46,31
"S00122506",67,41,26
"S00122507",153,49,104
"S00122508",141,58,83
"S00122509",112,32,80
"S00122510",113,30,83
"S00122511",94,26,68
"S00122512",125,37,88
"S00122513",66,22,44
"S00122514",96,30,66
"S00122515",53,31,22
"S00122516",96,40,56
"S00122517",84,26,58
"S00122518",61,15,46
"S00122519",73,39,34
"S00122520",69,34,35
"S00122521",108,43,65
"S00122522",72,42,30
"S00122523",108,35,73
"S00122524",56,44,12
"S00122525",89,46,43
"S00122526",78,38,40
"S00122527",73,29,44
"S00122528",115,49,66
"S00122529",97,34,63
"S00122530",66,38,28
"S00122531",93,31,62
"S00122532",97,35,62
"S00122533",83,42,41
"S00122534",112,37,75
"S00122535",71,35,36
"S00122536",88,42,46
"S00122537",92,38,54
"S00122538",75,55,20
"S00122539",78,45,33
"S00122540",64,38,26
"S00122541",76,40,36
"S00122542",60,26,34
"S00122543",105,67,38
"S00122544",148,48,100
"S00122545",104,64,40
"S00122546",75,49,26
"S00122547",88,72,16
"S00122548",79,44,35
"S00122549",78,61,17
"S00122550",116,81,35
"S00122551",94,56,38
"S00122552",74,46,28
"S00122553",65,51,14
"S00122554",78,43,35
"S00122555",87,51,36
"S00122556",111,69,42
"S00122557",68,36,32
"S00122558",146,84,62
"S00122559",103,62,41
"S00122560",126,76,50
"S00122561",126,72,54
"S00122562",129,89,40
"S00122563",115,77,38
"S00122564",140,90,50
"S00122565",156,81,75
"S00122566",115,63,52
"S00122567",130,78,52
"S00122568",86,57,29
"S00122569",53,23,30
"S00122570",94,30,64
"S00122571",95,43,52
"S00122572",94,36,58
"S00122573",131,47,84
"S00122574",90,46,44
"S00122575",72,27,45
"S00122576",103,59,44
"S00122577",75,35,40
"S00122578",66,36,30
"S00122579",72,46,26
"S00122580",72,46,26
"S00122581",91,57,34
"S00122582",88,65,23
"S00122583",61,49,12
"S00122584",80,52,28
"S00122585",69,47,22
"S00122586",84,50,34
"S00122587",132,62,70
"S00122588",130,54,76
"S00122589",56,44,12
"S00122590",55,38,17
"S00122591",53,33,20
"S00122592",100,65,35
"S00122593",102,50,52
"S00122594",69,45,24
"S00122595",82,52,30
"S00122596",67,45,22
"S00122597",62,48,14
"S00122598",67,51,16
"S00122599",80,51,29
"S00122600",99,59,40
"S00122601",95,49,46
"S00122602",137,79,58
"S00122603",109,57,52
"S00122604",97,70,27
"S00122605",62,48,14
"S00122606",105,61,44
"S00122607",71,56,15
"S00122608",63,31,32
"S00122609",69,41,28
"S00122610",98,31,67
"S00122611",87,28,59
"S00122612",91,61,30
"S00122613",111,78,33
"S00122614",70,48,22
"S00122615",67,24,43
"S00122616",86,66,20
"S00122617",85,49,36
"S00122618",93,61,32
"S00122619",83,50,33
"S00122620",66,45,21
"S00122621",95,62,33
"S00122622",128,65,63
"S00122623",90,53,37
"S00122624",108,61,47
"S00122625",71,43,28
"S00122626",103,61,42
"S00122627",100,76,24
"S00122628",79,47,32
"S00122629",75,47,28
"S00122630",92,60,32
"S00122631",156,54,102
"S00122632",167,83,84
"S00122633",136,57,79
"S00122634",83,55,28
"S00122635",117,43,74
"S00122636",86,48,38
"S00122637",84,28,56
"S00122638",40,24,16
"S00122639",146,63,83
"S00122640",103,40,63
"S00122641",73,39,34
"S00122642",81,55,26
"S00122643",85,49,36
"S00122644",68,50,18
"S00122645",101,49,52
"S00122646",81,45,36
"S00122647",72,43,29
"S00122648",104,52,52
"S00122649",59,33,26
"S00122650",61,36,25
"S00122651",103,46,57
"S00122652",85,36,49
"S00122653",96,67,29
"S00122654",126,78,48
"S00122655",137,40,97
"S00122656",99,81,18
"S00122657",122,68,54
"S00122658",89,65,24
"S00122659",95,61,34
"S00122660",73,37,36
"S00122661",109,67,42
"S00122662",133,63,70
"S00122663",120,54,66
"S00122664",105,58,47
"S00122665",147,75,72
"S00122666",125,66,59
"S00122667",157,88,69
"S00122668",135,79,56
"S00122669",117,59,58
"S00122670",74,42,32
"S00122671",100,42,58
"S00122672",84,28,56
"S00122673",68,30,38
"S00122674",71,37,34
"S00122675",92,34,58
"S00122676",47,39,8
"S00122677",52,36,16
"S00122678",106,57,49
"S00122679",129,82,47
"S00122680",42,17,25
"S00122681",77,42,35
"S00122682",86,42,44
"S00122683",85,41,44
"S00122684",75,45,30
"S00122685",124,40,84
"S00122686",94,28,66
"S00122687",61,28,33
"S00122688",117,41,76
"S00122689",72,43,29
"S00122690",113,37,76
"S00122691",118,63,55
"S00122692",95,47,48
"S00122693",125,69,56
"S00122694",68,50,18
"S00122695",70,26,44
"S00122696",88,32,56
"S00122697",82,43,39
"S00122698",157,46,111
"S00122699",110,40,70
"S00122700",168,92,76
"S00122701",69,44,25
"S00122702",61,25,36
"S00122703",88,30,58
"S00122704",125,56,69
"S00122705",95,63,32
"S00122706",102,68,34
"S00122707",129,85,44
"S00122708",71,47,24
"S00122709",60,33,27
"S00122710",44,27,17
"S00122711",62,58,4
"S00122712",102,71,31
"S00122713",56,38,18
"S00122714",47,14,33
"S00122715",100,56,44
"S00122716",96,40,56
"S00122717",89,62,27
"S00122718",64,34,30
"S00122719",72,26,46
"S00122720",124,54,70
"S00122721",190,86,104
"S00122722",149,53,96
"S00122723",143,42,101
"S00122724",99,34,65
"S00122725",103,35,68
"S00122726",104,39,65
"S00122727",98,34,64
"S00122728",119,36,83
"S00122729",123,48,75
"S00122730",113,47,66
"S00122731",75,39,36
"S00122732",134,44,90
"S00122733",90,41,49
"S00122734",108,55,53
"S00122735",89,25,64
"S00122736",88,24,64
"S00122737",81,33,48
"S00122738",137,51,86
"S00122739",53,15,38
"S00122740",54,25,29
"S00122741",93,36,57
"S00122742",94,62,32
"S00122743",46,28,18
"S00122744",107,81,26
"S00122745",83,69,14
"S00122746",51,44,7
"S00122747",112,86,26
"S00122748",68,66,2
"S00122749",77,59,18
"S00122750",116,81,35
"S00122751",69,40,29
"S00122752",93,67,26
"S00122753",48,31,17
"S00122754",129,70,59
"S00122755",52,18,34
"S00122756",60,30,30
"S00122757",111,63,48
"S00122758",80,46,34
"S00122759",81,37,44
"S00122760",98,40,58
"S00122761",150,76,74
"S00122762",148,86,62
"S00122763",134,74,60
"S00122764",120,34,86
"S00122765",156,80,76
"S00122766",142,66,76
"S00122767",122,86,36
"S00122768",140,73,67
"S00122769",76,42,34
"S00122770",84,28,56
"S00122771",85,41,44
"S00122772",135,37,98
"S00122773",95,45,50
"S00122774",127,59,68
"S00122775",94,28,66
"S00122776",80,30,50
"S00122777",72,13,59
"S00122778",106,28,78
"S00122779",103,44,59
"S00122780",53,13,40
"S00122781",102,43,59
"S00122782",85,46,39
"S00122783",110,65,45
"S00122784",94,60,34
"S00122785",91,56,35
"S00122786",94,36,58
"S00122787",48,18,30
"S00122788",123,35,88
"S00122789",59,31,28
"S00122790",79,57,22
"S00122791",56,42,14
"S00122792",108,46,62
"S00122793",97,41,56
"S00122794",102,34,68
"S00122795",61,31,30
"S00122796",84,36,48
"S00122797",123,44,79
"S00122798",120,58,62
"S00122799",81,31,50
"S00122800",59,38,21
"S00122801",86,38,48
"S00122802",67,21,46
"S00122803",92,26,66
"S00122804",63,35,28
"S00122805",58,44,14
"S00122806",74,44,30
"S00122807",70,28,42
"S00122808",88,31,57
"S00122809",72,31,41
"S00122810",103,50,53
"S00122811",48,18,30
"S00122812",79,30,49
"S00122813",78,62,16
"S00122814",48,34,14
"S00122815",140,52,88
"S00122816",128,37,91
"S00122817",83,31,52
"S00122818",61,23,38
"S00122819",90,23,67
"S00122820",112,40,72
"S00122821",77,25,52
"S00122822",82,53,29
"S00122823",67,19,48
"S00122824",125,23,102
"S00122825",123,43,80
"S00122826",51,31,20
"S00122827",62,23,39
"S00122828",87,43,44
"S00122829",61,28,33
"S00122830",169,65,104
"S00122831",99,49,50
"S00122832",86,43,43
"S00122833",101,39,62
"S00122834",68,28,40
"S00122835",89,49,40
"S00122836",71,40,31
"S00122837",52,22,30
"S00122838",78,28,50
"S00122839",96,62,34
"S00122840",73,40,33
"S00122841",182,62,120
"S00122842",78,22,56
"S00122843",60,36,24
"S00122844",58,38,20
"S00122845",130,75,55
"S00122846",96,27,69
"S00122847",174,44,130
"S00122848",102,31,71
"S00122849",73,31,42
"S00122850",140,30,110
"S00122851",84,55,29
"S00122852",61,43,18
"S00122853",97,68,29
"S00122854",68,56,12
"S00122855",58,24,34
"S00122856",91,34,57
"S00122857",85,46,39
"S00122858",88,70,18
"S00122859",88,62,26
"S00122860",94,21,73
"S00122861",84,34,50
"S00122862",57,41,16
"S00122863",55,25,30
"S00122864",67,41,26
"S00122865",75,45,30
"S00122866",84,64,20
"S00122867",47,23,24
"S00122868",50,30,20
"S00122869",55,32,23
"S00122870",54,45,9
"S00122871",71,52,19
"S00122872",127,47,80
"S00122873",105,86,19
"S00122874",54,22,32
"S00122875",93,23,70
"S00122876",67,27,40
"S00122877",63,13,50
"S00122878",84,34,50
"S00122879",55,31,24
"S00122880",63,31,32
"S00122881",122,44,78
"S00122882",193,155,38
"S00122883",126,58,68
"S00122884",74,44,30
"S00122885",56,24,32
"S00122886",131,49,82
"S00122887",106,38,68
"S00122888",103,30,73
"S00122889",131,46,85
"S00122890",45,23,22
"S00122891",123,77,46
"S00122892",57,42,15
"S00122893",77,63,14
"S00122894",96,36,60
"S00122895",52,27,25
"S00122896",101,41,60
"S00122897",117,55,62
"S00122898",57,33,24
"S00122899",59,29,30
"S00122900",127,71,56
"S00122901",56,24,32
"S00122902",115,49,66
"S00122903",46,16,30
"S00122904",107,53,54
"S00122905",77,55,22
"S00122906",47,29,18
"S00122907",57,31,26
"S00122908",126,82,44
"S00122909",157,37,120
"S00122910",68,24,44
"S00122911",71,33,38
"S00122912",177,61,116
"S00122913",124,38,86
"S00122914",120,48,72
"S00122915",105,27,78
"S00122916",113,33,80
"S00122917",133,42,91
"S00122918",136,28,108
"S00122919",92,36,56
"S00122920",102,40,62
"S00122921",109,81,28
"S00122922",105,59,46
"S00122923",80,31,49
"S00122924",98,59,39
"S00122925",50,25,25
"S00122926",80,46,34
"S00122927",81,41,40
"S00122928",65,43,22
"S00122929",59,36,23
"S00122930",118,71,47
"S00122931",58,15,43
"S00122932",158,54,104
"S00122933",59,21,38
"S00122934",129,44,85
"S00122935",141,35,106
"S00122936",74,38,36
"S00122937",92,51,41
"S00122938",56,46,10
"S00122939",83,35,48
"S00122940",86,45,41
"S00122941",53,39,14
"S00122942",120,80,40
"S00122943",156,56,100
"S00122944",112,42,70
"S00122945",120,46,74
"S00122946",115,61,54
"S00122947",47,26,21
"S00122948",91,64,27
"S00122949",108,76,32
"S00122950",91,63,28
"S00122951",100,55,45
"S00122952",118,90,28
"S00122953",95,66,29
"S00122954",138,82,56
"S00122955",89,20,69
"S00122956",88,48,40
"S00122957",54,40,14
"S00122958",65,50,15
"S00122959",73,48,25
"S00122960",60,38,22
"S00122961",58,55,3
"S00122962",110,65,45
"S00122963",84,29,55
"S00122964",72,40,32
"S00122965",124,92,32
"S00122966",46,28,18
"S00122967",112,75,37
"S00122968",58,33,25
"S00122969",106,48,58
"S00122970",78,54,24
"S00122971",89,41,48
"S00122972",132,38,94
"S00122973",137,49,88
"S00122974",59,33,26
"S00122975",96,61,35
"S00122976",100,34,66
"S00122977",111,49,62
"S00122978",101,49,52
"S00122979",95,33,62
"S00122980",84,47,37
"S00122981",76,45,31
"S00122982",125,80,45
"S00122983",96,60,36
"S00122984",86,32,54
"S00122985",73,31,42
"S00122986",59,25,34
"S00122987",100,74,26
"S00122988",72,60,12
"S00122989",75,41,34
"S00122990",59,49,10
"S00122991",63,55,8
"S00122992",71,59,12
"S00122993",53,42,11
"S00122994",71,37,34
"S00122995",88,31,57
"S00122996",165,81,84
"S00122997",98,50,48
"S00122998",110,72,38
"S00122999",49,27,22
"S00123000",72,22,50
"S00123001",129,41,88
"S00123002",96,39,57
"S00123003",101,39,62
"S00123004",139,50,89
"S00123005",120,58,62
"S00123006",77,53,24
"S00123007",51,38,13
"S00123008",65,47,18
"S00123009",89,61,28
"S00123010",145,103,42
"S00123011",187,135,52
"S00123012",52,30,22
"S00123013",158,58,100
"S00123014",82,32,50
"S00123015",89,66,23
"S00123016",71,51,20
"S00123017",118,75,43
"S00123018",98,61,37
"S00123019",61,51,10
"S00123020",117,66,51
"S00123021",51,25,26
"S00123022",111,65,46
"S00123023",56,26,30
"S00123024",93,43,50
"S00123025",69,27,42
"S00123026",116,94,22
"S00123027",120,31,89
"S00123028",147,51,96
"S00123029",114,74,40
"S00123030",114,69,45
"S00123031",98,68,30
"S00123032",51,28,23
"S00123033",86,47,39
"S00123034",98,62,36
"S00123035",122,48,74
"S00123036",96,26,70
"S00123037",86,32,54
"S00123038",98,31,67
"S00123039",77,27,50
"S00123040",123,44,79
"S00123041",104,81,23
"S00123042",116,66,50
"S00123043",57,43,14
"S00123044",165,80,85
"S00123045",144,57,87
"S00123046",85,45,40
"S00123047",58,48,10
"S00123048",60,37,23
"S00123049",84,60,24
"S00123050",50,32,18
"S00123051",87,34,53
"S00123052",123,60,63
"S00123053",110,44,66
"S00123054",63,29,34
"S00123055",74,61,13
"S00123056",73,59,14
"S00123057",81,53,28
"S00123058",99,29,70
"S00123059",88,24,64
"S00123060",75,25,50
"S00123061",118,37,81
"S00123062",81,52,29
"S00123063",63,51,12
"S00123064",52,14,38
"S00123065",95,62,33
"S00123066",68,13,55
"S00123067",73,27,46
"S00123068",110,58,52
"S00123069",98,61,37
"S00123070",107,58,49
"S00123071",74,52,22
"S00123072",52,40,12
"S00123073",114,72,42
"S00123074",76,24,52
"S00123075",120,76,44
"S00123076",147,67,80
"S00123077",105,70,35
"S00123078",89,21,68
"S00123079",109,41,68
"S00123080",112,71,41
"S00123081",53,11,42
"S00123082",110,50,60
"S00123083",139,53,86
"S00123084",100,60,40
"S00123085",132,72,60
"S00123086",114,68,46
"S00123087",126,40,86
"S00123088",82,28,54
"S00123089",120,43,77
"S00123090",122,51,71
"S00123091",145,49,96
"S00123092",122,35,87
"S00123093",137,60,77
"S00123094",108,54,54
"S00123095",133,45,88
"S00123096",149,39,110
"S00123097",122,52,70
"S00123098",135,55,80
"S00123099",118,28,90
"S00123100",59,26,33
"S00123101",91,25,66
"S00123102",104,33,71
"S00123103",122,40,82
"S00123104",115,36,79
"S00123105",46,28,18
"S00123106",79,74,5
"S00123107",72,49,23
"S00123108",63,38,25
"S00123109",101,37,64
"S00123110",101,44,57
"S00123111",114,47,67
"S00123112",155,65,90
"S00123113",131,58,73
"S00123114",125,37,88
"S00123115",53,23,30
"S00123116",65,27,38
"S00123117",98,66,32
"S00123118",105,55,50
"S00123119",144,45,99
"S00123120",58,34,24
"S00123121",115,79,36
"S00123122",95,64,31
"S00123123",91,56,35
"S00123124",114,59,55
"S00123125",134,33,101
"S00123126",78,42,36
"S00123127",118,37,81
"S00123128",121,44,77
"S00123129",101,71,30
"S00123130",107,77,30
"S00123131",111,56,55
"S00123132",138,50,88
"S00123133",95,46,49
"S00123134",93,39,54
"S00123135",83,27,56
"S00123136",100,33,67
"S00123137",96,34,62
"S00123138",68,47,21
"S00123139",131,67,64
"S00123140",69,48,21
"S00123141",120,46,74
"S00123142",98,24,74
"S00123143",113,42,71
"S00123144",83,21,62
"S00123145",100,39,61
"S00123146",134,64,70
"S00123147",168,102,66
"S00123148",114,66,48
"S00123149",89,65,24
"S00123150",74,56,18
"S00123151",101,62,39
"S00123152",104,62,42
"S00123153",98,63,35
"S00123154",83,44,39
"S00123155",147,57,90
"S00123156",81,42,39
"S00123157",94,48,46
"S00123158",82,54,28
"S00123159",68,62,6
"S00123160",80,48,32
"S00123161",79,61,18
"S00123162",84,54,30
"S00123163",95,61,34
"S00123164",91,68,23
"S00123165",140,51,89
"S00123166",68,18,50
"S00123167",107,32,75
"S00123168",93,44,49
"S00123169",92,54,38
"S00123170",64,40,24
"S00123171",62,36,26
"S00123172",156,64,92
"S00123173",85,65,20
"S00123174",67,50,17
"S00123175",79,51,28
"S00123176",79,60,19
"S00123177",63,41,22
"S00123178",93,43,50
"S00123179",118,54,64
"S00123180",93,29,64
"S00123181",108,53,55
"S00123182",114,41,73
"S00123183",151,61,90
"S00123184",128,46,82
"S00123185",81,43,38
"S00123186",63,29,34
"S00123187",157,60,97
"S00123188",98,38,60
"S00123189",45,17,28
"S00123190",108,50,58
"S00123191",85,49,36
"S00123192",99,59,40
"S00123193",76,62,14
"S00123194",86,58,28
"S00123195",73,58,15
"S00123196",73,56,17
"S00123197",87,56,31
"S00123198",92,63,29
"S00123199",69,51,18
"S00123200",83,58,25
"S00123201",105,52,53
"S00123202",80,57,23
"S00123203",54,26,28
"S00123204",96,68,28
"S00123205",135,84,51
"S00123206",124,59,65
"S00123207",114,56,58
"S00123208",123,65,58
"S00123209",122,66,56
"S00123210",143,40,103
"S00123211",64,42,22
"S00123212",74,37,37
"S00123213",157,57,100
"S00123214",109,39,70
"S00123215",100,40,60
"S00123216",70,23,47
"S00123217",109,36,73
"S00123218",86,43,43
"S00123219",57,19,38
"S00123220",103,53,50
"S00123221",84,30,54
"S00123222",113,47,66
"S00123223",89,36,53
"S00123224",105,53,52
"S00123225",87,27,60
"S00123226",70,32,38
"S00123227",144,47,97
"S00123228",151,43,108
"S00123229",86,24,62
"S00123230",152,39,113
"S00123231",60,30,30
"S00123232",70,37,33
"S00123233",89,37,52
"S00123234",112,62,50
"S00123235",135,50,85
"S00123236",109,57,52
"S00123237",75,19,56
"S00123238",91,40,51
"S00123239",82,46,36
"S00123240",75,22,53
"S00123241",108,26,82
"S00123242",170,63,107
"S00123243",95,37,58
"S00123244",115,43,72
"S00123245",64,29,35
"S00123246",68,27,41
"S00123247",71,35,36
"S00123248",78,42,36
"S00123249",94,45,49
"S00123250",88,47,41
"S00123251",65,37,28
"S00123252",73,51,22
"S00123253",126,60,66
"S00123254",81,42,39
"S00123255",45,15,30
"S00123256",139,57,82
"S00123257",82,46,36
"S00123258",115,49,66
"S00123259",113,51,62
"S00123260",78,53,25
"S00123261",95,59,36
"S00123262",89,64,25
"S00123263",52,36,16
"S00123264",67,52,15
"S00123265",137,59,78
"S00123266",49,18,31
"S00123267",116,36,80
"S00123268",126,54,72
"S00123269",48,24,24
"S00123270",134,80,54
"S00123271",127,65,62
"S00123272",94,49,45
"S00123273",113,49,64
"S00123274",82,42,40
"S00123275",75,27,48
"S00123276",88,36,52
"S00123277",170,51,119
"S00123278",45,27,18
"S00123279",48,22,26
"S00123280",76,27,49
"S00123281",82,43,39
"S00123282",108,38,70
"S00123283",187,79,108
"S00123284",109,38,71
"S00123285",149,39,110
"S00123286",113,45,68
"S00123287",142,42,100
"S00123288",98,32,66
"S00123289",154,77,77
"S00123290",123,82,41
"S00123291",133,58,75
"S00123292",76,26,50
"S00123293",137,46,91
"S00123294",120,50,70
"S00123295",152,48,104
"S00123296",103,48,55
"S00123297",123,49,74
"S00123298",102,35,67
"S00123299",102,46,56
"S00123300",69,27,42
"S00123301",117,61,56
"S00123302",113,45,68
"S00123303",74,29,45
"S00123304",78,54,24
"S00123305",66,38,28
"S00123306",123,60,63
"S00123307",64,29,35
"S00123308",81,45,36
"S00123309",101,48,53
"S00123310",86,32,54
"S00123311",102,22,80
"S00123312",108,48,60
"S00123313",49,29,20
"S00123314",121,59,62
"S00123315",81,42,39
"S00123316",141,61,80
"S00123317",165,65,100
"S00123318",75,56,19
"S00123319",99,37,62
"S00123320",87,33,54
"S00123321",109,47,62
"S00123322",80,32,48
"S00123323",87,41,46
"S00123324",53,17,36
"S00123325",122,57,65
"S00123326",83,69,14
"S00123327",78,64,14
"S00123328",83,61,22
"S00123329",48,40,8
"S00123330",85,63,22
"S00123331",87,69,18
"S00123332",92,71,21
"S00123333",91,54,37
"S00123334",97,42,55
"S00123335",151,51,100
"S00123336",106,59,47
"S00123337",119,58,61
"S00123338",96,45,51
"S00123339",155,51,104
"S00123340",70,60,10
"S00123341",110,59,51
"S00123342",60,44,16
"S00123343",60,41,19
"S00123344",161,87,74
"S00123345",68,53,15
"S00123346",67,48,19
"S00123347",65,47,18
"S00123348",67,51,16
"S00123349",85,68,17
"S00123350",92,36,56
"S00123351",112,51,61
"S00123352",79,33,46
"S00123353",86,46,40
"S00123354",128,82,46
"S00123355",90,49,41
"S00123356",73,42,31
"S00123357",103,43,60
"S00123358",145,65,80
"S00123359",99,67,32
"S00123360",106,57,49
"S00123361",113,57,56
"S00123362",104,65,39
"S00123363",95,56,39
"S00123364",95,53,42
"S00123365",71,46,25
"S00123366",92,60,32
"S00123367",109,60,49
"S00123368",52,26,26
"S00123369",110,79,31
"S00123370",157,97,60
"S00123371",46,42,4
"S00123372",73,39,34
"S00123373",92,66,26
"S00123374",78,46,32
"S00123375",151,97,54
"S00123376",113,79,34
"S00123377",98,60,38
"S00123378",44,28,16
"S00123379",86,54,32
"S00123380",103,73,30
"S00123381",85,66,19
"S00123382",111,57,54
"S00123383",59,30,29
"S00123384",98,76,22
"S00123385",142,91,51
"S00123386",114,65,49
"S00123387",74,51,23
"S00123388",72,57,15
"S00123389",100,62,38
"S00123390",71,57,14
"S00123391",62,48,14
"S00123392",54,41,13
"S00123393",64,44,20
"S00123394",65,43,22
"S00123395",56,37,19
"S00123396",117,49,68
"S00123397",90,47,43
"S00123398",92,36,56
"S00123399",93,41,52
"S00123400",152,67,85
"S00123401",127,87,40
"S00123402",147,62,85
"S00123403",111,69,42
"S00123404",77,53,24
"S00123405",77,40,37
"S00123406",155,92,63
"S00123407",92,52,40
"S00123408",83,37,46
"S00123409",89,49,40
"S00123410",119,61,58
"S00123411",83,37,46
"S00123412",72,43,29
"S00123413",89,43,46
"S00123414",113,54,59
"S00123415",65,35,30
"S00123416",79,50,29
"S00123417",83,51,32
"S00123418",122,76,46
"S00123419",137,89,48
"S00123420",85,46,39
"S00123421",102,62,40
"S00123422",121,73,48
"S00123423",100,42,58
"S00123424",135,83,52
"S00123425",80,36,44
"S00123426",85,49,36
"S00123427",117,83,34
"S00123428",103,49,54
"S00123429",62,38,24
"S00123430",104,42,62
"S00123431",113,53,60
"S00123432",85,53,32
"S00123433",93,58,35
"S00123434",87,43,44
"S00123435",119,68,51
"S00123436",107,77,30
"S00123437",79,48,31
"S00123438",87,53,34
"S00123439",79,55,24
"S00123440",165,87,78
"S00123441",128,60,68
"S00123442",139,97,42
"S00123443",88,47,41
"S00123444",133,86,47
"S00123445",107,65,42
"S00123446",125,77,48
"S00123447",110,50,60
"S00123448",141,57,84
"S00123449",126,80,46
"S00123450",111,64,47
"S00123451",134,50,84
"S00123452",130,46,84
"S00123453",157,57,100
"S00123454",174,57,117
"S00123455",110,30,80
"S00123456",103,27,76
"S00123457",80,30,50
"S00123458",105,63,42
"S00123459",77,51,26
"S00123460",115,70,45
"S00123461",74,62,12
"S00123462",155,70,85
"S00123463",109,56,53
"S00123464",102,51,51
"S00123465",106,54,52
"S00123466",90,59,31
"S00123467",89,54,35
"S00123468",96,60,36
"S00123469",87,45,42
"S00123470",108,90,18
"S00123471",87,50,37
"S00123472",93,45,48
"S00123473",89,47,42
"S00123474",70,44,26
"S00123475",52,34,18
"S00123476",84,56,28
"S00123477",69,42,27
"S00123478",63,39,24
"S00123479",71,38,33
"S00123480",76,55,21
"S00123481",84,58,26
"S00123482",77,40,37
"S00123483",76,32,44
"S00123484",49,29,20
"S00123485",137,57,80
"S00123486",86,31,55
"S00123487",93,25,68
"S00123488",123,33,90
"S00123489",95,31,64
"S00123490",148,56,92
"S00123491",89,69,20
"S00123492",80,49,31
"S00123493",78,47,31
"S00123494",96,53,43
"S00123495",106,48,58
"S00123496",77,56,21
"S00123497",131,65,66
"S00123498",128,57,71
"S00123499",75,56,19
"S00123500",115,40,75
"S00123501",137,51,86
"S00123502",98,48,50
"S00123503",111,48,63
"S00123504",94,32,62
"S00123505",79,66,13
"S00123506",58,48,10
"S00123507",108,83,25
"S00123508",83,69,14
"S00123509",101,58,43
"S00123510",68,45,23
"S00123511",81,49,32
"S00123512",100,59,41
"S00123513",90,55,35
"S00123514",152,62,90
"S00123515",82,45,37
"S00123516",117,69,48
"S00123517",101,58,43
"S00123518",99,55,44
"S00123519",124,67,57
"S00123520",72,48,24
"S00123521",90,50,40
"S00123522",54,32,22
"S00123523",52,44,8
"S00123524",62,48,14
"S00123525",75,63,12
"S00123526",93,64,29
"S00123527",88,50,38
"S00123528",116,69,47
"S00123529",86,73,13
"S00123530",67,51,16
"S00123531",71,45,26
"S00123532",72,52,20
"S00123533",74,63,11
"S00123534",60,54,6
"S00123535",88,60,28
"S00123536",57,36,21
"S00123537",65,37,28
"S00123538",86,48,38
"S00123539",158,81,77
"S00123540",106,48,58
"S00123541",79,37,42
"S00123542",122,67,55
"S00123543",131,49,82
"S00123544",127,72,55
"S00123545",98,76,22
"S00123546",106,75,31
"S00123547",91,67,24
"S00123548",76,56,20
"S00123549",107,72,35
"S00123550",88,52,36
"S00123551",87,60,27
"S00123552",80,57,23
"S00123553",77,45,32
"S00123554",82,45,37
"S00123555",88,46,42
"S00123556",78,34,44
"S00123557",101,63,38
"S00123558",76,46,30
"S00123559",152,80,72
"S00123560",96,82,14
"S00123561",81,63,18
"S00123562",91,46,45
"S00123563",66,46,20
"S00123564",58,40,18
"S00123565",95,67,28
"S00123566",46,36,10
"S00123567",64,48,16
"S00123568",91,56,35
"S00123569",131,83,48
"S00123570",98,42,56
"S00123571",84,60,24
"S00123572",77,50,27
"S00123573",76,46,30
"S00123574",140,74,66
"S00123575",149,56,93
"S00123576",105,48,57
"S00123577",77,37,40
"S00123578",164,58,106
"S00123579",99,35,64
"S00123580",147,77,70
"S00123581",98,54,44
"S00123582",108,58,50
"S00123583",49,47,2
"S00123584",99,61,38
"S00123585",79,59,20
"S00123586",120,71,49
"S00123587",90,28,62
"S00123588",93,36,57
"S00123589",126,48,78
"S00123590",120,58,62
"S00123591",53,41,12
"S00123592",53,34,19
"S00123593",115,80,35
"S00123594",64,28,36
"S00123595",90,58,32
"S00123596",95,75,20
"S00123597",52,42,10
"S00123598",115,84,31
"S00123599",71,57,14
"S00123600",119,83,36
"S00123601",169,97,72
"S00123602",128,65,63
"S00123603",101,57,44
"S00123604",76,45,31
"S00123605",119,53,66
"S00123606",73,47,26
"S00123607",111,46,65
"S00123608",63,45,18
"S00123609",59,39,20
"S00123610",74,35,39
"S00123611",137,58,79
"S00123612",130,64,66
"S00123613",152,64,88
"S00123614",120,72,48
"S00123615",84,51,33
"S00123616",70,50,20
"S00123617",93,79,14
"S00123618",83,77,6
"S00123619",112,78,34
"S00123620",92,64,28
"S00123621",65,50,15
"S00123622",54,46,8
"S00123623",93,55,38
"S00123624",97,74,23
"S00123625",84,60,24
"S00123626",143,99,44
"S00123627",92,52,40
"S00123628",121,72,49
"S00123629",93,47,46
"S00123630",116,66,50
"S00123631",109,57,52
"S00123632",120,65,55
"S00123633",69,46,23
"S00123634",79,63,16
"S00123635",117,65,52
"S00123636",99,69,30
"S00123637",66,46,20
"S00123638",117,88,29
"S00123639",83,43,40
"S00123640",77,52,25
"S00123641",147,70,77
"S00123642",138,92,46
"S00123643",124,90,34
"S00123644",87,60,27
"S00123645",76,59,17
"S00123646",65,51,14
"S00123647",129,67,62
"S00123648",78,52,26
"S00123649",137,77,60
"S00123650",139,85,54
"S00123651",141,95,46
"S00123652",60,28,32
"S00123653",88,34,54
"S00123654",93,51,42
"S00123655",86,41,45
"S00123656",112,59,53
"S00123657",91,45,46
"S00123658",93,55,38
"S00123659",137,85,52
"S00123660",77,53,24
"S00123661",132,78,54
"S00123662",121,68,53
"S00123663",91,88,3
"S00123664",103,58,45
"S00123665",67,41,26
"S00123666",125,61,64
"S00123667",65,48,17
"S00123668",108,46,62
"S00123669",90,42,48
"S00123670",147,87,60
"S00123671",107,54,53
"S00123672",92,61,31
"S00123673",117,69,48
"S00123674",89,46,43
"S00123675",124,73,51
"S00123676",100,50,50
"S00123677",89,51,38
"S00123678",80,64,16
"S00123679",121,73,48
"S00123680",94,59,35
"S00123681",137,113,24
"S00123682",83,41,42
"S00123683",80,48,32
"S00123684",102,49,53
"S00123685",90,48,42
"S00123686",95,47,48
"S00123687",97,45,52
"S00123688",123,69,54
"S00123689",102,51,51
"S00123690",82,54,28
"S00123691",118,73,45
"S00123692",153,61,92
"S00123693",134,53,81
"S00123694",89,43,46
"S00123695",147,96,51
"S00123696",91,67,24
"S00123697",60,42,18
"S00123698",120,63,57
"S00123699",77,43,34
"S00123700",106,74,32
"S00123701",97,33,64
"S00123702",81,33,48
"S00123703",88,66,22
"S00123704",55,36,19
"S00123705",98,38,60
"S00123706",66,28,38
"S00123707",73,55,18
"S00123708",80,65,15
"S00123709",132,84,48
"S00123710",90,57,33
"S00123711",68,41,27
"S00123712",63,39,24
"S00123713",69,37,32
"S00123714",124,65,59
"S00123715",102,62,40
"S00123716",99,42,57
"S00123717",72,46,26
"S00123718",72,43,29
"S00123719",84,34,50
"S00123720",127,64,63
"S00123721",124,62,62
"S00123722",92,46,46
"S00123723",55,26,29
"S00123724",99,50,49
"S00123725",70,50,20
"S00123726",75,43,32
"S00123727",146,74,72
"S00123728",118,80,38
"S00123729",82,58,24
"S00123730",93,59,34
"S00123731",73,35,38
"S00123732",117,75,42
"S00123733",104,84,20
"S00123734",131,51,80
"S00123735",107,43,64
"S00123736",121,57,64
"S00123737",108,44,64
"S00123738",105,38,67
"S00123739",57,21,36
"S00123740",124,45,79
"S00123741",140,48,92
"S00123742",128,44,84
"S00123743",81,46,35
"S00123744",131,68,63
"S00123745",101,52,49
"S00123746",129,69,60
"S00123747",113,42,71
"S00123748",116,56,60
"S00123749",93,60,33
"S00123750",64,34,30
"S00123751",63,44,19
"S00123752",62,48,14
"S00123753",53,35,18
"S00123754",86,75,11
"S00123755",68,52,16
"S00123756",85,63,22
"S00123757",129,91,38
"S00123758",121,108,13
"S00123759",130,58,72
"S00123760",51,46,5
"S00123761",121,75,46
"S00123762",124,71,53
"S00123763",91,64,27
"S00123764",65,46,19
"S00123765",64,46,18
"S00123766",79,65,14
"S00123767",110,41,69
"S00123768",127,60,67
"S00123769",84,48,36
"S00123770",137,62,75
"S00123771",200,153,47
"S00123772",100,78,22
"S00123773",102,45,57
"S00123774",125,80,45
"S00123775",134,71,63
"S00123776",118,70,48
"S00123777",123,89,34
"S00123778",116,59,57
"S00123779",116,72,44
"S00123780",48,16,32
"S00123781",97,54,43
"S00123782",55,27,28
"S00123783",105,53,52
"S00123784",50,30,20
"S00123785",103,55,48
"S00123786",90,43,47
"S00123787",84,46,38
"S00123788",77,45,32
"S00123789",138,73,65
"S00123790",140,74,66
"S00123791",108,66,42
"S00123792",86,54,32
"S00123793",104,56,48
"S00123794",92,48,44
"S00123795",87,39,48
"S00123796",77,49,28
"S00123797",53,43,10
"S00123798",48,44,4
"S00123799",133,89,44
"S00123800",129,87,42
"S00123801",78,42,36
"S00123802",91,76,15
"S00123803",97,55,42
"S00123804",118,75,43
"S00123805",145,85,60
"S00123806",136,77,59
"S00123807",115,71,44
"S00123808",141,98,43
"S00123809",111,77,34
"S00123810",59,49,10
"S00123811",124,78,46
"S00123812",123,82,41
"S00123813",78,48,30
"S00123814",50,32,18
"S00123815",60,52,8
"S00123816",59,44,15
"S00123817",124,79,45
"S00123818",98,64,34
"S00123819",84,50,34
"S00123820",54,38,16
"S00123821",92,52,40
"S00123822",153,89,64
"S00123823",94,64,30
"S00123824",127,49,78
"S00123825",129,60,69
"S00123826",77,42,35
"S00123827",75,53,22
"S00123828",63,29,34
"S00123829",70,44,26
"S00123830",98,52,46
"S00123831",100,59,41
"S00123832",87,72,15
"S00123833",128,80,48
"S00123834",87,57,30
"S00123835",110,31,79
"S00123836",46,36,10
"S00123837",69,45,24
"S00123838",71,69,2
"S00123839",71,63,8
"S00123840",78,67,11
"S00123841",78,69,9
"S00123842",105,55,50
"S00123843",92,54,38
"S00123844",102,64,38
"S00123845",98,54,44
"S00123846",77,41,36
"S00123847",71,44,27
"S00123848",112,58,54
"S00123849",55,29,26
"S00123850",56,39,17
"S00123851",103,68,35
"S00123852",145,84,61
"S00123853",92,48,44
"S00123854",47,23,24
"S00123855",76,29,47
"S00123856",109,50,59
"S00123857",81,36,45
"S00123858",62,44,18
"S00123859",46,35,11
"S00123860",90,48,42
"S00123861",131,69,62
"S00123862",109,60,49
"S00123863",94,37,57
"S00123864",135,76,59
"S00123865",93,51,42
"S00123866",154,76,78
"S00123867",64,40,24
"S00123868",89,45,44
"S00123869",85,51,34
"S00123870",76,57,19
"S00123871",68,51,17
"S00123872",77,47,30
"S00123873",111,38,73
"S00123874",55,21,34
"S00123875",122,58,64
"S00123876",127,61,66
"S00123877",87,56,31
"S00123878",115,77,38
"S00123879",124,52,72
"S00123880",58,44,14
"S00123881",121,100,21
"S00123882",112,78,34
"S00123883",69,54,15
"S00123884",55,37,18
"S00123885",155,96,59
"S00123886",98,67,31
"S00123887",96,79,17
"S00123888",105,82,23
"S00123889",72,60,12
"S00123890",47,37,10
"S00123891",79,52,27
"S00123892",142,70,72
"S00123893",160,108,52
"S00123894",139,70,69
"S00123895",116,64,52
"S00123896",82,46,36
"S00123897",99,49,50
"S00123898",82,38,44
"S00123899",113,68,45
"S00123900",98,68,30
"S00123901",72,54,18
"S00123902",52,45,7
"S00123903",67,38,29
"S00123904",51,39,12
"S00123905",78,60,18
"S00123906",60,40,20
"S00123907",81,70,11
"S00123908",92,61,31
"S00123909",119,92,27
"S00123910",80,60,20
"S00123911",92,56,36
"S00123912",73,53,20
"S00123913",75,50,25
"S00123914",94,68,26
"S00123915",103,51,52
"S00123916",52,24,28
"S00123917",92,54,38
"S00123918",53,29,24
"S00123919",90,54,36
"S00123920",82,44,38
"S00123921",60,42,18
"S00123922",49,31,18
"S00123923",52,44,8
"S00123924",106,72,34
"S00123925",66,40,26
"S00123926",114,68,46
"S00123927",98,52,46
"S00123928",61,27,34
"S00123929",122,49,73
"S00123930",111,65,46
"S00123931",121,92,29
"S00123932",99,45,54
"S00123933",51,43,8
"S00123934",105,49,56
"S00123935",71,31,40
"S00123936",92,54,38
"S00123937",108,56,52
"S00123938",86,43,43
"S00123939",136,73,63
"S00123940",120,67,53
"S00123941",147,79,68
"S00123942",128,84,44
"S00123943",68,40,28
"S00123944",80,46,34
"S00123945",92,46,46
"S00123946",112,60,52
"S00123947",125,70,55
"S00123948",134,85,49
"S00123949",117,95,22
"S00123950",64,40,24
"S00123951",95,50,45
"S00123952",99,57,42
"S00123953",114,52,62
"S00123954",97,31,66
"S00123955",103,41,62
"S00123956",45,14,31
"S00123957",102,58,44
"S00123958",106,80,26
"S00123959",112,62,50
"S00123960",154,80,74
"S00123961",116,64,52
"S00123962",96,50,46
"S00123963",99,55,44
"S00123964",95,74,21
"S00123965",63,46,17
"S00123966",76,55,21
"S00123967",85,59,26
"S00123968",88,62,26
"S00123969",76,46,30
"S00123970",134,72,62
"S00123971",118,58,60
"S00123972",58,31,27
"S00123973",138,71,67
"S00123974",104,58,46
"S00123975",89,49,40
"S00123976",68,48,20
"S00123977",84,44,40
"S00123978",232,188,44
"S00123979",124,90,34
"S00123980",99,51,48
"S00123981",98,51,47
"S00123982",85,48,37
"S00123983",135,85,50
"S00123984",112,62,50
"S00123985",161,85,76
"S00123986",101,53,48
"S00123987",154,98,56
"S00123988",87,57,30
"S00123989",93,57,36
"S00123990",82,53,29
"S00123991",114,60,54
"S00123992",100,64,36
"S00123993",53,45,8
"S00123994",54,46,8
"S00123995",108,81,27
"S00123996",56,46,10
"S00123997",58,42,16
"S00123998",96,38,58
"S00123999",111,47,64
"S00124000",96,28,68
"S00124001",102,61,41
"S00124002",115,65,50
"S00124003",78,48,30
"S00124004",112,50,62
"S00124005",190,76,114
"S00124006",73,43,30
"S00124007",103,72,31
"S00124008",57,36,21
"S00124009",67,47,20
"S00124010",114,64,50
"S00124011",68,44,24
"S00124012",85,61,24
"S00124013",88,58,30
"S00124014",53,47,6
"S00124015",84,56,28
"S00124016",118,63,55
"S00124017",81,50,31
"S00124018",114,66,48
"S00124019",88,34,54
"S00124020",137,63,74
"S00124021",83,47,36
"S00124022",100,60,40
"S00124023",88,40,48
"S00124024",123,67,56
"S00124025",106,52,54
"S00124026",108,60,48
"S00124027",129,72,57
"S00124028",140,85,55
"S00124029",64,48,16
"S00124030",74,57,17
"S00124031",83,56,27
"S00124032",55,48,7
"S00124033",60,36,24
"S00124034",78,64,14
"S00124035",110,78,32
"S00124036",107,67,40
"S00124037",121,78,43
"S00124038",84,61,23
"S00124039",95,77,18
"S00124040",64,38,26
"S00124041",82,65,17
"S00124042",70,52,18
"S00124043",64,39,25
"S00124044",111,65,46
"S00124045",87,48,39
"S00124046",78,32,46
"S00124047",80,44,36
"S00124048",86,37,49
"S00124049",66,41,25
"S00124050",94,54,40
"S00124051",87,56,31
"S00124052",85,58,27
"S00124053",82,47,35
"S00124054",71,33,38
"S00124055",90,62,28
"S00124056",74,39,35
"S00124057",74,43,31
"S00124058",86,48,38
"S00124059",86,52,34
"S00124060",101,53,48
"S00124061",86,39,47
"S00124062",69,53,16
"S00124063",70,39,31
"S00124064",129,73,56
"S00124065",85,40,45
"S00124066",50,18,32
"S00124067",86,36,50
"S00124068",49,21,28
"S00124069",134,48,86
"S00124070",52,30,22
"S00124071",125,51,74
"S00124072",136,67,69
"S00124073",130,62,68
"S00124074",97,68,29
"S00124075",129,53,76
"S00124076",124,64,60
"S00124077",79,48,31
"S00124078",140,46,94
"S00124079",64,44,20
"S00124080",58,40,18
"S00124081",90,72,18
"S00124082",121,78,43
"S00124083",105,70,35
"S00124084",73,47,26
"S00124085",60,36,24
"S00124086",109,53,56
"S00124087",113,42,71
"S00124088",63,21,42
"S00124089",95,71,24
"S00124090",74,55,19
"S00124091",55,41,14
"S00124092",138,91,47
"S00124093",66,42,24
"S00124094",69,51,18
"S00124095",64,50,14
"S00124096",75,60,15
"S00124097",63,49,14
"S00124098",70,46,24
"S00124099",94,68,26
"S00124100",52,31,21
"S00124101",99,49,50
"S00124102",147,78,69
"S00124103",100,63,37
"S00124104",51,31,20
"S00124105",84,67,17
"S00124106",127,58,69
"S00124107",88,41,47
"S00124108",52,30,22
"S00124109",100,50,50
"S00124110",111,64,47
"S00124111",104,50,54
"S00124112",96,44,52
"S00124113",85,32,53
"S00124114",110,39,71
"S00124115",122,25,97
"S00124116",88,30,58
"S00124117",138,36,102
"S00124118",81,39,42
"S00124119",86,28,58
"S00124120",93,31,62
"S00124121",100,32,68
"S00124122",91,39,52
"S00124123",111,43,68
"S00124124",136,58,78
"S00124125",81,56,25
"S00124126",99,56,43
"S00124127",133,56,77
"S00124128",86,25,61
"S00124129",121,49,72
"S00124130",94,35,59
"S00124131",84,38,46
"S00124132",98,34,64
"S00124133",103,32,71
"S00124134",93,35,58
"S00124135",97,43,54
"S00124136",57,29,28
"S00124137",49,25,24
"S00124138",81,46,35
"S00124139",86,52,34
"S00124140",70,42,28
"S00124141",70,45,25
"S00124142",107,77,30
"S00124143",66,40,26
"S00124144",104,62,42
"S00124145",76,52,24
"S00124146",97,63,34
"S00124147",129,81,48
"S00124148",99,54,45
"S00124149",140,86,54
"S00124150",133,83,50
"S00124151",108,60,48
"S00124152",100,62,38
"S00124153",98,65,33
"S00124154",149,75,74
"S00124155",98,66,32
"S00124156",92,62,30
"S00124157",91,49,42
"S00124158",94,38,56
"S00124159",127,78,49
"S00124160",86,40,46
"S00124161",86,46,40
"S00124162",104,40,64
"S00124163",102,45,57
"S00124164",142,78,64
"S00124165",69,48,21
"S00124166",73,50,23
"S00124167",162,51,111
"S00124168",115,72,43
"S00124169",91,66,25
"S00124170",84,52,32
"S00124171",100,69,31
"S00124172",75,49,26
"S00124173",80,50,30
"S00124174",84,57,27
"S00124175",134,88,46
"S00124176",103,66,37
"S00124177",88,46,42
"S00124178",98,50,48
"S00124179",79,32,47
"S00124180",72,48,24
"S00124181",142,95,47
"S00124182",112,57,55
"S00124183",86,62,24
"S00124184",120,70,50
"S00124185",82,70,12
"S00124186",74,60,14
"S00124187",64,52,12
"S00124188",62,45,17
"S00124189",88,68,20
"S00124190",90,64,26
"S00124191",74,60,14
"S00124192",70,48,22
"S00124193",63,43,20
"S00124194",61,37,24
"S00124195",124,60,64
"S00124196",83,52,31
"S00124197",103,77,26
"S00124198",108,70,38
"S00124199",105,54,51
"S00124200",154,58,96
"S00124201",113,49,64
"S00124202",82,54,28
"S00124203",92,60,32
"S00124204",108,31,77
"S00124205",76,52,24
"S00124206",101,75,26
"S00124207",153,103,50
"S00124208",133,79,54
"S00124209",154,95,59
"S00124210",152,58,94
"S00124211",126,84,42
"S00124212",123,77,46
"S00124213",75,48,27
"S00124214",147,79,68
"S00124215",79,57,22
"S00124216",83,61,22
"S00124217",78,54,24
"S00124218",72,51,21
"S00124219",66,46,20
"S00124220",69,59,10
"S00124221",79,33,46
"S00124222",80,50,30
"S00124223",107,70,37
"S00124224",127,77,50
"S00124225",108,48,60
"S00124226",63,46,17
"S00124227",109,71,38
"S00124228",116,61,55
"S00124229",99,61,38
"S00124230",114,62,52
"S00124231",114,67,47
"S00124232",103,53,50
"S00124233",140,58,82
"S00124234",83,45,38
"S00124235",66,46,20
"S00124236",94,44,50
"S00124237",70,39,31
"S00124238",101,54,47
"S00124239",102,53,49
"S00124240",113,61,52
"S00124241",87,47,40
"S00124242",117,64,53
"S00124243",115,77,38
"S00124244",147,93,54
"S00124245",121,85,36
"S00124246",82,52,30
"S00124247",108,64,44
"S00124248",95,49,46
"S00124249",127,72,55
"S00124250",83,53,30
"S00124251",84,46,38
"S00124252",90,56,34
"S00124253",89,63,26
"S00124254",59,45,14
"S00124255",127,65,62
"S00124256",142,94,48
"S00124257",130,73,57
"S00124258",121,65,56
"S00124259",91,67,24
"S00124260",93,55,38
"S00124261",71,41,30
"S00124262",104,54,50
"S00124263",153,73,80
"S00124264",118,54,64
"S00124265",135,71,64
"S00124266",119,55,64
"S00124267",104,73,31
"S00124268",155,57,98
"S00124269",49,25,24
"S00124270",53,31,22
"S00124271",127,78,49
"S00124272",102,63,39
"S00124273",119,55,64
"S00124274",102,69,33
"S00124275",113,61,52
"S00124276",67,46,21
"S00124277",77,45,32
"S00124278",94,56,38
"S00124279",93,55,38
"S00124280",68,42,26
"S00124281",103,71,32
"S00124282",60,44,16
"S00124283",48,37,11
"S00124284",76,43,33
"S00124285",73,47,26
"S00124286",54,30,24
"S00124287",101,43,58
"S00124288",66,56,10
"S00124289",94,56,38
"S00124290",116,60,56
"S00124291",116,75,41
"S00124292",104,52,52
"S00124293",109,60,49
"S00124294",93,63,30
"S00124295",111,65,46
"S00124296",75,35,40
"S00124297",104,41,63
"S00124298",124,39,85
"S00124299",83,43,40
"S00124300",89,53,36
"S00124301",101,42,59
"S00124302",66,40,26
"S00124303",79,49,30
"S00124304",146,69,77
"S00124305",98,65,33
"S00124306",94,63,31
"S00124307",81,57,24
"S00124308",126,77,49
"S00124309",111,60,51
"S00124310",68,30,38
"S00124311",83,43,40
"S00124312",43,25,18
"S00124313",206,97,109
"S00124314",59,31,28
"S00124315",113,69,44
"S00124316",93,63,30
"S00124317",94,54,40
"S00124318",102,51,51
"S00124319",101,56,45
"S00124320",93,51,42
"S00124321",126,76,50
"S00124322",102,54,48
"S00124323",98,50,48
"S00124324",74,46,28
"S00124325",99,53,46
"S00124326",84,36,48
"S00124327",93,63,30
"S00124328",88,48,40
"S00124329",91,64,27
"S00124330",92,55,37
"S00124331",93,55,38
"S00124332",81,45,36
"S00124333",90,62,28
"S00124334",96,58,38
"S00124335",98,69,29
"S00124336",89,69,20
"S00124337",84,61,23
"S00124338",70,53,17
"S00124339",103,71,32
"S00124340",99,73,26
"S00124341",79,43,36
"S00124342",144,72,72
"S00124343",127,72,55
"S00124344",96,54,42
"S00124345",97,51,46
"S00124346",98,52,46
"S00124347",72,41,31
"S00124348",131,57,74
"S00124349",171,80,91
"S00124350",147,64,83
"S00124351",104,42,62
"S00124352",102,47,55
"S00124353",143,49,94
"S00124354",107,35,72
"S00124355",104,44,60
"S00124356",87,26,61
"S00124357",113,36,77
"S00124358",95,23,72
"S00124359",79,24,55
"S00124360",45,29,16
"S00124361",76,33,43
"S00124362",94,58,36
"S00124363",92,50,42
"S00124364",72,36,36
"S00124365",73,37,36
"S00124366",80,38,42
"S00124367",107,53,54
"S00124368",86,44,42
"S00124369",95,33,62
"S00124370",163,51,112
"S00124371",56,20,36
"S00124372",74,22,52
"S00124373",133,56,77
"S00124374",122,46,76
"S00124375",131,67,64
"S00124376",110,51,59
"S00124377",97,31,66
"S00124378",100,44,56
"S00124379",116,61,55
"S00124380",99,71,28
"S00124381",67,57,10
"S00124382",109,54,55
"S00124383",102,61,41
"S00124384",63,33,30
"S00124385",63,48,15
"S00124386",91,59,32
"S00124387",62,38,24
"S00124388",61,53,8
"S00124389",74,50,24
"S00124390",67,56,11
"S00124391",105,41,64
"S00124392",118,59,59
"S00124393",143,68,75
"S00124394",53,19,34
"S00124395",89,78,11
"S00124396",43,35,8
"S00124397",70,56,14
"S00124398",118,73,45
"S00124399",107,75,32
"S00124400",119,76,43
"S00124401",102,76,26
"S00124402",66,50,16
"S00124403",59,55,4
"S00124404",69,50,19
"S00124405",134,115,19
"S00124406",68,56,12
"S00124407",75,53,22
"S00124408",70,39,31
"S00124409",83,67,16
"S00124410",138,90,48
"S00124411",123,70,53
"S00124412",73,28,45
"S00124413",81,57,24
"S00124414",93,58,35
"S00124415",74,52,22
"S00124416",76,56,20
"S00124417",99,71,28
"S00124418",66,52,14
"S00124419",127,69,58
"S00124420",176,128,48
"S00124421",103,81,22
"S00124422",85,61,24
"S00124423",80,55,25
"S00124424",54,51,3
"S00124425",86,55,31
"S00124426",113,76,37
"S00124427",93,59,34
"S00124428",120,73,47
"S00124429",72,51,21
"S00124430",137,95,42
"S00124431",56,44,12
"S00124432",65,49,16
"S00124433",65,39,26
"S00124434",100,79,21
"S00124435",78,45,33
"S00124436",86,49,37
"S00124437",94,60,34
"S00124438",83,45,38
"S00124439",119,55,64
"S00124440",100,64,36
"S00124441",76,39,37
"S00124442",66,36,30
"S00124443",91,51,40
"S00124444",71,41,30
"S00124445",86,30,56
"S00124446",89,54,35
"S00124447",84,26,58
"S00124448",77,44,33
"S00124449",131,65,66
"S00124450",81,39,42
"S00124451",91,59,32
"S00124452",76,44,32
"S00124453",101,79,22
"S00124454",127,79,48
"S00124455",93,47,46
"S00124456",70,40,30
"S00124457",91,42,49
"S00124458",84,43,41
"S00124459",118,52,66
"S00124460",81,51,30
"S00124461",71,43,28
"S00124462",81,39,42
"S00124463",113,75,38
"S00124464",112,79,33
"S00124465",123,61,62
"S00124466",74,26,48
"S00124467",73,55,18
"S00124468",112,53,59
"S00124469",63,38,25
"S00124470",135,77,58
"S00124471",112,97,15
"S00124472",62,42,20
"S00124473",84,50,34
"S00124474",91,68,23
"S00124475",78,54,24
"S00124476",47,35,12
"S00124477",60,34,26
"S00124478",84,72,12
"S00124479",166,100,66
"S00124480",89,49,40
"S00124481",70,44,26
"S00124482",67,41,26
"S00124483",66,46,20
"S00124484",89,61,28
"S00124485",134,82,52
"S00124486",128,91,37
"S00124487",92,65,27
"S00124488",104,59,45
"S00124489",87,59,28
"S00124490",51,19,32
"S00124491",116,52,64
"S00124492",93,66,27
"S00124493",79,42,37
"S00124494",92,33,59
"S00124495",120,46,74
"S00124496",105,37,68
"S00124497",110,72,38
"S00124498",111,66,45
"S00124499",56,42,14
"S00124500",85,64,21
"S00124501",103,64,39
"S00124502",100,76,24
"S00124503",125,65,60
"S00124504",65,28,37
"S00124505",86,51,35
"S00124506",126,56,70
"S00124507",92,34,58
"S00124508",71,43,28
"S00124509",107,29,78
"S00124510",90,27,63
"S00124511",97,34,63
"S00124512",166,79,87
"S00124513",91,57,34
"S00124514",122,44,78
"S00124515",77,59,18
"S00124516",52,46,6
"S00124517",79,45,34
"S00124518",147,86,61
"S00124519",130,79,51
"S00124520",109,57,52
"S00124521",92,55,37
"S00124522",99,47,52
"S00124523",57,37,20
"S00124524",103,45,58
"S00124525",114,65,49
"S00124526",89,60,29
"S00124527",78,48,30
"S00124528",72,51,21
"S00124529",73,46,27
"S00124530",55,49,6
"S00124531",104,72,32
"S00124532",94,58,36
"S00124533",90,46,44
"S00124534",153,49,104
"S00124535",112,50,62
"S00124536",109,44,65
"S00124537",94,33,61
"S00124538",84,35,49
"S00124539",126,60,66
"S00124540",94,62,32
"S00124541",99,51,48
"S00124542",72,50,22
"S00124543",103,59,44
"S00124544",89,49,40
"S00124545",86,43,43
"S00124546",90,64,26
"S00124547",60,34,26
"S00124548",94,54,40
"S00124549",95,59,36
"S00124550",70,37,33
"S00124551",121,60,61
"S00124552",168,106,62
"S00124553",118,55,63
"S00124554",111,56,55
"S00124555",100,36,64
"S00124556",119,63,56
"S00124557",101,59,42
"S00124558",102,70,32
"S00124559",152,79,73
"S00124560",122,46,76
"S00124561",84,68,16
"S00124562",120,44,76
"S00124563",74,47,27
"S00124564",63,41,22
"S00124565",55,49,6
"S00124566",64,36,28
"S00124567",81,57,24
"S00124568",91,48,43
"S00124569",106,66,40
"S00124570",80,49,31
"S00124571",126,64,62
"S00124572",114,73,41
"S00124573",82,48,34
"S00124574",123,70,53
"S00124575",90,51,39
"S00124576",123,71,52
"S00124577",138,76,62
"S00124578",116,75,41
"S00124579",80,43,37
"S00124580",84,51,33
"S00124581",89,62,27
"S00124582",52,40,12
"S00124583",50,42,8
"S00124584",118,51,67
"S00124585",136,65,71
"S00124586",95,71,24
"S00124587",58,26,32
"S00124588",105,69,36
"S00124589",112,42,70
"S00124590",74,46,28
"S00124591",68,30,38
"S00124592",115,54,61
"S00124593",69,39,30
"S00124594",103,48,55
"S00124595",106,67,39
"S00124596",112,51,61
"S00124597",98,52,46
"S00124598",72,41,31
"S00124599",76,44,32
"S00124600",100,62,38
"S00124601",91,67,24
"S00124602",88,52,36
"S00124603",66,46,20
"S00124604",110,73,37
"S00124605",88,43,45
"S00124606",136,64,72
"S00124607",115,77,38
"S00124608",56,30,26
"S00124609",89,58,31
"S00124610",141,84,57
"S00124611",126,84,42
"S00124612",61,42,19
"S00124613",81,53,28
"S00124614",133,56,77
"S00124615",123,61,62
"S00124616",82,42,40
"S00124617",61,31,30
"S00124618",150,80,70
"S00124619",94,56,38
"S00124620",111,63,48
"S00124621",94,49,45
"S00124622",79,45,34
"S00124623",90,49,41
"S00124624",120,73,47
"S00124625",93,41,52
"S00124626",79,44,35
"S00124627",84,38,46
"S00124628",119,57,62
"S00124629",82,58,24
"S00124630",68,44,24
"S00124631",134,101,33
"S00124632",79,44,35
"S00124633",107,63,44
"S00124634",82,64,18
"S00124635",92,52,40
"S00124636",73,53,20
"S00124637",58,32,26
"S00124638",169,78,91
"S00124639",94,53,41
"S00124640",99,55,44
"S00124641",77,35,42
"S00124642",52,48,4
"S00124643",66,53,13
"S00124644",82,42,40
"S00124645",130,69,61
"S00124646",74,58,16
"S00124647",97,48,49
"S00124648",109,81,28
"S00124649",122,68,54
"S00124650",69,59,10
"S00124651",78,59,19
"S00124652",59,41,18
"S00124653",69,47,22
"S00124654",79,50,29
"S00124655",88,56,32
"S00124656",61,37,24
"S00124657",83,50,33
"S00124658",140,60,80
"S00124659",78,49,29
"S00124660",119,55,64
"S00124661",103,37,66
"S00124662",76,52,24
"S00124663",100,44,56
"S00124664",121,81,40
"S00124665",126,76,50
"S00124666",152,96,56
"S00124667",131,63,68
"S00124668",71,51,20
"S00124669",109,69,40
"S00124670",80,39,41
"S00124671",106,82,24
"S00124672",147,75,72
"S00124673",78,39,39
"S00124674",138,65,73
"S00124675",118,64,54
"S00124676",122,64,58
"S00124677",93,43,50
"S00124678",59,35,24
"S00124679",91,59,32
"S00124680",78,39,39
"S00124681",75,41,34
"S00124682",120,79,41
"S00124683",74,42,32
"S00124684",136,78,58
"S00124685",87,61,26
"S00124686",98,54,44
"S00124687",125,65,60
"S00124688",95,39,56
"S00124689",56,32,24
"S00124690",97,49,48
"S00124691",134,80,54
"S00124692",114,66,48
"S00124693",114,48,66
"S00124694",44,17,27
"S00124695",67,41,26
"S00124696",81,52,29
"S00124697",99,54,45
"S00124698",102,63,39
"S00124699",126,68,58
"S00124700",117,71,46
"S00124701",108,62,46
"S00124702",118,66,52
"S00124703",114,76,38
"S00124704",119,88,31
"S00124705",110,82,28
"S00124706",84,40,44
"S00124707",74,54,20
"S00124708",109,48,61
"S00124709",121,97,24
"S00124710",55,33,22
"S00124711",144,78,66
"S00124712",128,72,56
"S00124713",144,74,70
"S00124714",112,37,75
"S00124715",105,45,60
"S00124716",137,55,82
"S00124717",95,39,56
"S00124718",140,72,68
"S00124719",96,35,61
"S00124720",117,53,64
"S00124721",120,62,58
"S00124722",132,76,56
"S00124723",103,65,38
"S00124724",83,39,44
"S00124725",68,30,38
"S00124726",173,75,98
"S00124727",85,49,36
"S00124728",92,50,42
"S00124729",126,77,49
"S00124730",123,57,66
"S00124731",161,88,73
"S00124732",128,80,48
"S00124733",87,59,28
"S00124734",147,93,54
"S00124735",121,80,41
"S00124736",108,71,37
"S00124737",80,18,62
"S00124738",78,38,40
"S00124739",83,45,38
"S00124740",94,62,32
"S00124741",154,76,78
"S00124742",95,63,32
"S00124743",131,78,53
"S00124744",132,78,54
"S00124745",119,56,63
"S00124746",102,74,28
"S00124747",99,66,33
"S00124748",73,42,31
"S00124749",120,79,41
"S00124750",97,57,40
"S00124751",106,50,56
"S00124752",89,46,43
"S00124753",71,40,31
"S00124754",59,39,20
"S00124755",82,34,48
"S00124756",112,74,38
"S00124757",87,64,23
"S00124758",118,64,54
"S00124759",113,75,38
"S00124760",85,49,36
"S00124761",81,55,26
"S00124762",76,48,28
"S00124763",83,57,26
"S00124764",58,45,13
"S00124765",53,37,16
"S00124766",77,44,33
"S00124767",74,52,22
"S00124768",94,56,38
"S00124769",75,44,31
"S00124770",130,68,62
"S00124771",73,35,38
"S00124772",78,42,36
"S00124773",101,63,38
"S00124774",53,41,12
"S00124775",57,47,10
"S00124776",65,43,22
"S00124777",50,32,18
"S00124778",55,44,11
"S00124779",61,37,24
"S00124780",173,98,75
"S00124781",54,37,17
"S00124782",107,80,27
"S00124783",40,31,9
"S00124784",87,61,26
"S00124785",111,96,15
"S00124786",83,73,10
"S00124787",122,52,70
"S00124788",88,57,31
"S00124789",57,31,26
"S00124790",86,44,42
"S00124791",130,55,75
"S00124792",103,50,53
"S00124793",89,51,38
"S00124794",79,64,15
"S00124795",106,63,43
"S00124796",78,49,29
"S00124797",142,88,54
"S00124798",132,77,55
"S00124799",49,33,16
"S00124800",73,39,34
"S00124801",63,53,10
"S00124802",58,52,6
"S00124803",117,57,60
"S00124804",75,58,17
"S00124805",86,75,11
"S00124806",92,60,32
"S00124807",46,46,0
"S00124808",124,100,24
"S00124809",144,91,53
"S00124810",127,86,41
"S00124811",107,67,40
"S00124812",77,42,35
"S00124813",75,49,26
"S00124814",82,46,36
"S00124815",86,55,31
"S00124816",80,47,33
"S00124817",122,90,32
"S00124818",45,38,7
"S00124819",77,52,25
"S00124820",85,73,12
"S00124821",106,52,54
"S00124822",59,49,10
"S00124823",101,80,21
"S00124824",56,45,11
"S00124825",54,43,11
"S00124826",113,73,40
"S00124827",91,73,18
"S00124828",66,42,24
"S00124829",99,79,20
"S00124830",108,85,23
"S00124831",85,67,18
"S00124832",83,40,43
"S00124833",75,36,39
"S00124834",83,45,38
"S00124835",75,37,38
"S00124836",73,33,40
"S00124837",134,91,43
"S00124838",131,65,66
"S00124839",50,26,24
"S00124840",83,48,35
"S00124841",114,54,60
"S00124842",71,36,35
"S00124843",128,33,95
"S00124844",81,31,50
"S00124845",91,37,54
"S00124846",86,46,40
"S00124847",73,57,16
"S00124848",107,82,25
"S00124849",91,46,45
"S00124850",125,58,67
"S00124851",56,46,10
"S00124852",71,45,26
"S00124853",152,120,32
"S00124854",110,60,50
"S00124855",55,29,26
"S00124856",104,82,22
"S00124857",126,68,58
"S00124858",149,81,68
"S00124859",73,45,28
"S00124860",82,54,28
"S00124861",93,48,45
"S00124862",73,33,40
"S00124863",61,52,9
"S00124864",101,59,42
"S00124865",71,38,33
"S00124866",133,79,54
"S00124867",63,53,10
"S00124868",153,71,82
"S00124869",153,66,87
"S00124870",106,88,18
"S00124871",106,48,58
"S00124872",87,67,20
"S00124873",81,53,28
"S00124874",66,46,20
"S00124875",80,49,31
"S00124876",128,71,57
"S00124877",132,78,54
"S00124878",82,63,19
"S00124879",65,54,11
"S00124880",149,86,63
"S00124881",108,52,56
"S00124882",156,72,84
"S00124883",145,81,64
"S00124884",147,76,71
"S00124885",86,40,46
"S00124886",104,84,20
"S00124887",125,95,30
"S00124888",121,49,72
"S00124889",170,89,81
"S00124890",123,69,54
"S00124891",112,54,58
"S00124892",117,79,38
"S00124893",74,51,23
"S00124894",81,63,18
"S00124895",104,80,24
"S00124896",93,67,26
"S00124897",96,38,58
"S00124898",129,52,77
"S00124899",128,60,68
"S00124900",111,52,59
"S00124901",86,34,52
"S00124902",79,28,51
"S00124903",132,75,57
"S00124904",146,45,101
"S00124905",86,64,22
"S00124906",56,42,14
"S00124907",106,45,61
"S00124908",126,70,56
"S00124909",114,69,45
"S00124910",140,48,92
"S00124911",107,45,62
"S00124912",132,98,34
"S00124913",61,43,18
"S00124914",114,55,59
"S00124915",50,41,9
"S00124916",94,41,53
"S00124917",98,44,54
"S00124918",94,31,63
"S00124919",140,67,73
"S00124920",95,39,56
"S00124921",101,46,55
"S00124922",77,41,36
"S00124923",111,41,70
"S00124924",188,62,126
"S00124925",89,35,54
"S00124926",127,63,64
"S00124927",121,55,66
"S00124928",134,49,85
"S00124929",117,57,60
"S00124930",83,57,26
"S00124931",109,36,73
"S00124932",97,27,70
"S00124933",121,62,59
"S00124934",117,53,64
"S00124935",90,34,56
"S00124936",94,52,42
"S00124937",64,42,22
"S00124938",172,109,63
"S00124939",115,56,59
"S00124940",86,60,26
"S00124941",86,58,28
"S00124942",86,61,25
"S00124943",110,64,46
"S00124944",133,94,39
"S00124945",112,81,31
"S00124946",106,56,50
"S00124947",95,40,55
"S00124948",41,26,15
"S00124949",60,34,26
"S00124950",131,57,74
"S00124951",108,34,74
"S00124952",120,48,72
"S00124953",94,36,58
"S00124954",138,52,86
"S00124955",117,36,81
"S00124956",103,30,73
"S00124957",114,44,70
"S00124958",102,48,54
"S00124959",69,58,11
"S00124960",85,42,43
"S00124961",125,61,64
"S00124962",136,48,88
"S00124963",104,52,52
"S00124964",165,53,112
"S00124965",124,42,82
"S00124966",122,62,60
"S00124967",131,40,91
"S00124968",89,40,49
"S00124969",112,73,39
"S00124970",118,90,28
"S00124971",118,64,54
"S00124972",111,53,58
"S00124973",102,30,72
"S00124974",81,64,17
"S00124975",73,46,27
"S00124976",69,35,34
"S00124977",196,104,92
"S00124978",100,50,50
"S00124979",118,54,64
"S00124980",94,46,48
"S00124981",114,60,54
"S00124982",83,26,57
"S00124983",80,44,36
"S00124984",70,26,44
"S00124985",114,54,60
"S00124986",106,52,54
"S00124987",83,43,40
"S00124988",131,73,58
"S00124989",102,46,56
"S00124990",134,56,78
"S00124991",125,44,81
"S00124992",94,40,54
"S00124993",147,103,44
"S00124994",137,69,68
"S00124995",80,47,33
"S00124996",141,65,76
"S00124997",155,94,61
"S00124998",87,43,44
"S00124999",92,54,38
"S00125000",89,49,40
"S00125001",120,51,69
"S00125002",164,61,103
"S00125003",101,40,61
"S00125004",88,35,53
"S00125005",129,51,78
"S00125006",103,35,68
"S00125007",72,18,54
"S00125008",100,28,72
"S00125009",94,40,54
"S00125010",90,36,54
"S00125011",122,56,66
"S00125012",155,51,104
"S00125013",182,62,120
"S00125014",114,37,77
"S00125015",124,40,84
"S00125016",100,41,59
"S00125017",70,25,45
"S00125018",92,34,58
"S00125019",104,35,69
"S00125020",152,54,98
"S00125021",106,35,71
"S00125022",111,37,74
"S00125023",119,72,47
"S00125024",77,50,27
"S00125025",104,88,16
"S00125026",111,85,26
"S00125027",159,52,107
"S00125028",92,35,57
"S00125029",86,34,52
"S00125030",55,38,17
"S00125031",126,67,59
"S00125032",112,52,60
"S00125033",102,38,64
"S00125034",155,63,92
"S00125035",87,65,22
"S00125036",101,39,62
"S00125037",60,51,9
"S00125038",101,53,48
"S00125039",135,67,68
"S00125040",132,44,88
"S00125041",160,63,97
"S00125042",153,71,82
"S00125043",86,44,42
"S00125044",129,81,48
"S00125045",130,84,46
"S00125046",69,41,28
"S00125047",125,82,43
"S00125048",89,34,55
"S00125049",88,32,56
"S00125050",137,43,94
"S00125051",78,64,14
"S00125052",97,67,30
"S00125053",83,51,32
"S00125054",77,47,30
"S00125055",71,44,27
"S00125056",99,58,41
"S00125057",64,40,24
"S00125058",98,77,21
"S00125059",87,64,23
"S00125060",87,71,16
"S00125061",87,63,24
"S00125062",85,55,30
"S00125063",67,56,11
"S00125064",79,56,23
"S00125065",54,43,11
"S00125066",70,46,24
"S00125067",79,43,36
"S00125068",63,35,28
"S00125069",53,43,10
"S00125070",79,53,26
"S00125071",80,60,20
"S00125072",61,40,21
"S00125073",91,50,41
"S00125074",88,51,37
"S00125075",106,56,50
"S00125076",65,47,18
"S00125077",92,58,34
"S00125078",85,49,36
"S00125079",152,93,59
"S00125080",111,59,52
"S00125081",86,50,36
"S00125082",48,28,20
"S00125083",90,59,31
"S00125084",50,25,25
"S00125085",136,49,87
"S00125086",104,50,54
"S00125087",73,39,34
"S00125088",86,26,60
"S00125089",74,50,24
"S00125090",143,76,67
"S00125091",70,38,32
"S00125092",67,37,30
"S00125093",71,51,20
"S00125094",151,51,100
"S00125095",68,34,34
"S00125096",92,46,46
"S00125097",63,51,12
"S00125098",72,39,33
"S00125099",138,60,78
"S00125100",153,52,101
"S00125101",77,23,54
"S00125102",63,28,35
"S00125103",86,67,19
"S00125104",49,33,16
"S00125105",57,21,36
"S00125106",61,17,44
"S00125107",109,96,13
"S00125108",70,26,44
"S00125109",131,46,85
"S00125110",98,46,52
"S00125111",88,58,30
"S00125112",175,66,109
"S00125113",47,24,23
"S00125114",77,35,42
"S00125115",64,18,46
"S00125116",60,35,25
"S00125117",95,49,46
"S00125118",76,63,13
"S00125119",72,54,18
"S00125120",54,36,18
"S00125121",44,20,24
"S00125122",93,53,40
"S00125123",61,30,31
"S00125124",49,25,24
"S00125125",43,15,28
"S00125126",90,66,24
"S00125127",70,46,24
"S00125128",619,526,93
"S00125129",166,70,96
"S00125130",79,42,37
"S00125131",50,45,5
"S00125132",121,47,74
"S00125133",53,29,24
"S00125134",94,48,46
"S00125135",107,50,57
"S00125136",82,57,25
"S00125137",70,30,40
"S00125138",75,38,37
"S00125139",85,45,40
"S00125140",76,66,10
"S00125141",74,52,22
"S00125142",161,110,51
"S00125143",94,42,52
"S00125144",54,44,10
"S00125145",116,52,64
"S00125146",78,35,43
"S00125147",154,50,104
"S00125148",60,50,10
"S00125149",63,47,16
"S00125150",53,16,37
"S00125151",96,46,50
"S00125152",63,31,32
"S00125153",70,39,31
"S00125154",135,62,73
"S00125155",72,44,28
"S00125156",73,23,50
"S00125157",145,47,98
"S00125158",87,46,41
"S00125159",90,54,36
"S00125160",81,45,36
"S00125161",60,46,14
"S00125162",108,35,73
"S00125163",105,28,77
"S00125164",99,57,42
"S00125165",110,72,38
"S00125166",77,49,28
"S00125167",81,49,32
"S00125168",63,39,24
"S00125169",85,47,38
"S00125170",52,27,25
"S00125171",105,47,58
"S00125172",112,44,68
"S00125173",157,67,90
"S00125174",150,91,59
"S00125175",79,40,39
"S00125176",66,57,9
"S00125177",59,24,35
"S00125178",69,39,30
"S00125179",103,62,41
"S00125180",82,54,28
"S00125181",69,37,32
"S00125182",61,54,7
"S00125183",85,44,41
"S00125184",61,13,48
"S00125185",56,22,34
"S00125186",49,19,30
"S00125187",115,66,49
"S00125188",95,39,56
"S00125189",152,52,100
"S00125190",53,25,28
"S00125191",82,41,41
"S00125192",102,48,54
"S00125193",98,48,50
"S00125194",91,61,30
"S00125195",51,26,25
"S00125196",67,27,40
"S00125197",63,42,21
"S00125198",79,52,27
"S00125199",66,25,41
"S00125200",92,37,55
"S00125201",63,36,27
"S00125202",54,29,25
"S00125203",92,41,51
"S00125204",74,29,45
"S00125205",56,20,36
"S00125206",55,37,18
"S00125207",117,79,38
"S00125208",91,44,47
"S00125209",109,33,76
"S00125210",122,45,77
"S00125211",85,34,51
"S00125212",79,46,33
"S00125213",70,43,27
"S00125214",66,48,18
"S00125215",126,43,83
"S00125216",86,36,50
"S00125217",122,47,75
"S00125218",124,57,67
"S00125219",114,34,80
"S00125220",132,44,88
"S00125221",52,16,36
"S00125222",76,62,14
"S00125223",72,42,30
"S00125224",74,39,35
"S00125225",60,32,28
"S00125226",86,43,43
"S00125227",92,69,23
"S00125228",130,51,79
"S00125229",125,51,74
"S00125230",72,22,50
"S00125231",122,46,76
"S00125232",90,49,41
"S00125233",108,94,14
"S00125234",121,81,40
"S00125235",42,32,10
"S00125236",44,28,16
"S00125237",61,45,16
"S00125238",67,39,28
"S00125239",61,32,29
"S00125240",64,48,16
"S00125241",150,70,80
"S00125242",80,62,18
"S00125243",93,47,46
"S00125244",62,42,20
"S00125245",67,53,14
"S00125246",181,92,89
"S00125247",69,25,44
"S00125248",91,52,39
"S00125249",68,38,30
"S00125250",146,53,93
"S00125251",67,35,32
"S00125252",120,77,43
"S00125253",132,48,84
"S00125254",102,41,61
"S00125255",74,46,28
"S00125256",76,35,41
"S00125257",95,60,35
"S00125258",219,128,91
"S00125259",104,94,10
"S00125260",137,57,80
"S00125261",152,66,86
"S00125262",89,56,33
"S00125263",92,69,23
"S00125264",79,66,13
"S00125265",68,36,32
"S00125266",55,39,16
"S00125267",77,59,18
"S00125268",108,60,48
"S00125269",85,77,8
"S00125270",85,37,48
"S00125271",68,40,28
"S00125272",50,42,8
"S00125273",86,61,25
"S00125274",83,65,18
"S00125275",53,16,37
"S00125276",56,24,32
"S00125277",128,89,39
"S00125278",82,26,56
"S00125279",137,45,92
"S00125280",98,52,46
"S00125281",52,16,36
"S00125282",52,32,20
"S00125283",89,48,41
"S00125284",66,56,10
"S00125285",59,48,11
"S00125286",52,29,23
"S00125287",118,50,68
"S00125288",77,41,36
"S00125289",109,70,39
"S00125290",78,34,44
"S00125291",122,65,57
"S00125292",82,39,43
"S00125293",110,49,61
"S00125294",101,79,22
"S00125295",54,46,8
"S00125296",47,36,11
"S00125297",94,59,35
"S00125298",48,36,12
"S00125299",83,73,10
"S00125300",71,69,2
"S00125301",62,38,24
"S00125302",104,77,27
"S00125303",57,44,13
"S00125304",59,51,8
"S00125305",65,53,12
"S00125306",74,63,11
"S00125307",62,48,14
"S00125308",64,59,5
"S00125309",60,48,12
"S00125310",61,53,8
"S00125311",92,72,20
"S00125312",59,51,8
"S00125313",67,54,13
"S00125314",60,46,14
"S00125315",74,53,21
"S00125316",59,52,7
"S00125317",71,57,14
"S00125318",55,52,3
"S00125319",59,43,16
"S00125320",69,58,11
"S00125321",72,58,14
"S00125322",62,44,18
"S00125323",73,62,11
"S00125324",65,53,12
"S00125325",75,61,14
"S00125326",52,48,4
"S00125327",74,59,15
"S00125328",49,42,7
"S00125329",119,74,45
"S00125330",78,55,23
"S00125331",34,32,2
"S00125332",82,71,11
"S00125333",50,25,25
"S00125334",115,60,55
"S00125335",109,60,49
"S00125336",47,35,12
"S00125337",81,61,20
"S00125338",56,28,28
"S00125339",57,27,30
"S00125340",135,52,83
"S00125341",72,48,24
"S00125342",101,57,44
"S00125343",81,33,48
"S00125344",104,30,74
"S00125345",103,51,52
"S00125346",58,32,26
"S00125347",81,59,22
"S00125348",46,35,11
"S00125349",48,30,18
"S00125350",76,66,10
"S00125351",79,68,11
"S00125352",51,38,13
"S00125353",48,24,24
"S00125354",102,52,50
"S00125355",120,54,66
"S00125356",69,29,40
"S00125357",107,55,52
"S00125358",76,37,39
"S00125359",120,54,66
"S00125360",53,28,25
"S00125361",64,28,36
"S00125362",87,55,32
"S00125363",57,15,42
"S00125364",162,74,88
"S00125365",125,65,60
"S00125366",49,22,27
"S00125367",92,75,17
"S00125368",58,38,20
"S00125369",98,25,73
"S00125370",124,52,72
"S00125371",125,62,63
"S00125372",87,34,53
"S00125373",66,32,34
"S00125374",150,65,85
"S00125375",174,69,105
"S00125376",61,33,28
"S00125377",139,57,82
"S00125378",114,54,60
"S00125379",131,48,83
"S00125380",100,68,32
"S00125381",168,71,97
"S00125382",166,69,97
"S00125383",143,49,94
"S00125384",73,62,11
"S00125385",116,85,31
"S00125386",131,62,69
"S00125387",184,73,111
"S00125388",285,124,161
"S00125389",61,24,37
"S00125390",88,34,54
"S00125391",85,29,56
"S00125392",92,46,46
"S00125393",135,44,91
"S00125394",102,44,58
"S00125395",73,28,45
"S00125396",90,39,51
"S00125397",139,66,73
"S00125398",83,71,12
"S00125399",90,66,24
"S00125400",98,75,23
"S00125401",75,40,35
"S00125402",103,63,40
"S00125403",82,54,28
"S00125404",103,71,32
"S00125405",82,44,38
"S00125406",65,45,20
"S00125407",97,39,58
"S00125408",88,55,33
"S00125409",49,39,10
"S00125410",93,60,33
"S00125411",96,56,40
"S00125412",87,53,34
"S00125413",94,50,44
"S00125414",85,49,36
"S00125415",152,49,103
"S00125416",174,59,115
"S00125417",57,25,32
"S00125418",91,35,56
"S00125419",96,30,66
"S00125420",73,17,56
"S00125421",175,73,102
"S00125422",70,28,42
"S00125423",116,38,78
"S00125424",59,15,44
"S00125425",146,60,86
"S00125426",145,50,95
"S00125427",152,54,98
"S00125428",96,63,33
"S00125429",127,64,63
"S00125430",140,56,84
"S00125431",53,25,28
"S00125432",137,49,88
"S00125433",97,59,38
"S00125434",92,43,49
"S00125435",93,27,66
"S00125436",111,51,60
"S00125437",85,29,56
"S00125438",105,45,60
"S00125439",126,64,62
"S00125440",111,60,51
"S00125441",81,37,44
"S00125442",57,39,18
"S00125443",78,53,25
"S00125444",81,65,16
"S00125445",51,27,24
"S00125446",57,40,17
"S00125447",83,51,32
"S00125448",84,52,32
"S00125449",101,62,39
"S00125450",77,51,26
"S00125451",60,38,22
"S00125452",63,45,18
"S00125453",70,36,34
"S00125454",68,38,30
"S00125455",115,53,62
"S00125456",140,62,78
"S00125457",55,43,12
"S00125458",55,35,20
"S00125459",77,43,34
"S00125460",92,60,32
"S00125461",76,33,43
"S00125462",125,84,41
"S00125463",108,42,66
"S00125464",73,53,20
"S00125465",68,48,20
"S00125466",132,75,57
"S00125467",46,31,15
"S00125468",111,31,80
"S00125469",73,41,32
"S00125470",86,64,22
"S00125471",72,50,22
"S00125472",69,33,36
"S00125473",138,61,77
"S00125474",135,53,82
"S00125475",91,63,28
"S00125476",90,54,36
"S00125477",97,57,40
"S00125478",76,31,45
"S00125479",59,37,22
"S00125480",113,69,44
"S00125481",74,30,44
"S00125482",70,57,13
"S00125483",79,63,16
"S00125484",100,60,40
"S00125485",72,36,36
"S00125486",94,56,38
"S00125487",67,47,20
"S00125488",61,37,24
"S00125489",144,96,48
"S00125490",55,45,10
"S00125491",60,46,14
"S00125492",109,48,61
"S00125493",68,30,38
"S00125494",112,63,49
"S00125495",98,81,17
"S00125496",62,48,14
"S00125497",90,57,33
"S00125498",104,50,54
"S00125499",61,52,9
"S00125500",77,71,6
"S00125501",78,66,12
"S00125502",75,65,10
"S00125503",88,32,56
"S00125504",71,35,36
"S00125505",111,32,79
"S00125506",60,35,25
"S00125507",140,70,70
"S00125508",122,54,68
"S00125509",88,27,61
"S00125510",134,54,80
"S00125511",145,47,98
"S00125512",174,88,86
"S00125513",92,34,58
"S00125514",147,55,92
"S00125515",122,54,68
"S00125516",74,29,45
"S00125517",119,43,76
"S00125518",56,33,23
"S00125519",183,64,119
"S00125520",96,58,38
"S00125521",108,54,54
"S00125522",99,51,48
"S00125523",70,50,20
"S00125524",65,55,10
"S00125525",74,58,16
"S00125526",63,39,24
"S00125527",68,19,49
"S00125528",82,48,34
"S00125529",58,52,6
"S00125530",156,64,92
"S00125531",134,51,83
"S00125532",138,53,85
"S00125533",83,31,52
"S00125534",97,84,13
"S00125535",73,33,40
"S00125536",110,60,50
"S00125537",89,71,18
"S00125538",117,80,37
"S00125539",86,37,49
"S00125540",120,56,64
"S00125541",131,85,46
"S00125542",141,49,92
"S00125543",87,47,40
"S00125544",124,58,66
"S00125545",66,50,16
"S00125546",99,51,48
"S00125547",121,83,38
"S00125548",79,50,29
"S00125549",123,49,74
"S00125550",78,35,43
"S00125551",127,67,60
"S00125552",71,39,32
"S00125553",41,16,25
"S00125554",175,76,99
"S00125555",66,48,18
"S00125556",96,67,29
"S00125557",84,56,28
"S00125558",84,46,38
"S00125559",93,51,42
"S00125560",69,58,11
"S00125561",73,37,36
"S00125562",78,38,40
"S00125563",87,53,34
"S00125564",59,39,20
"S00125565",80,49,31
"S00125566",95,37,58
"S00125567",166,56,110
"S00125568",116,32,84
"S00125569",116,46,70
"S00125570",213,83,130
"S00125571",62,30,32
"S00125572",204,73,131
"S00125573",57,39,18
"S00125574",150,62,88
"S00125575",134,61,73
"S00125576",44,26,18
"S00125577",91,74,17
"S00125578",97,47,50
"S00125579",107,45,62
"S00125580",110,61,49
"S00125581",111,32,79
"S00125582",86,65,21
"S00125583",139,70,69
"S00125584",133,47,86
"S00125585",154,56,98
"S00125586",139,83,56
"S00125587",141,54,87
"S00125588",157,66,91
"S00125589",118,40,78
"S00125590",153,49,104
"S00125591",89,43,46
"S00125592",127,75,52
"S00125593",99,65,34
"S00125594",141,52,89
"S00125595",95,37,58
"S00125596",59,25,34
"S00125597",128,65,63
"S00125598",86,64,22
"S00125599",151,122,29
"S00125600",69,27,42
"S00125601",62,33,29
"S00125602",169,119,50
"S00125603",70,55,15
"S00125604",60,48,12
"S00125605",76,59,17
"S00125606",87,65,22
"S00125607",66,39,27
"S00125608",112,91,21
"S00125609",38,29,9
"S00125610",156,51,105
"S00125611",57,43,14
"S00125612",142,70,72
"S00125613",106,42,64
"S00125614",117,93,24
"S00125615",114,32,82
"S00125616",114,48,66
"S00125617",109,53,56
"S00125618",144,45,99
"S00125619",111,72,39
"S00125620",98,34,64
"S00125621",136,52,84
"S00125622",94,30,64
"S00125623",110,47,63
"S00125624",99,55,44
"S00125625",89,46,43
"S00125626",88,72,16
"S00125627",81,54,27
"S00125628",117,103,14
"S00125629",64,43,21
"S00125630",98,42,56
"S00125631",104,48,56
"S00125632",135,56,79
"S00125633",94,50,44
"S00125634",63,45,18
"S00125635",112,29,83
"S00125636",80,31,49
"S00125637",71,20,51
"S00125638",83,34,49
"S00125639",135,67,68
"S00125640",145,73,72
"S00125641",104,62,42
"S00125642",56,21,35
"S00125643",123,63,60
"S00125644",154,70,84
"S00125645",63,32,31
"S00125646",147,95,52
"S00125647",89,47,42
"S00125648",103,54,49
"S00125649",121,72,49
"S00125650",89,43,46
"S00125651",90,64,26
"S00125652",64,34,30
"S00125653",184,129,55
"S00125654",107,89,18
"S00125655",115,43,72
"S00125656",139,61,78
"S00125657",108,54,54
"S00125658",147,47,100
"S00125659",103,53,50
"S00125660",144,67,77
"S00125661",122,91,31
"S00125662",84,28,56
"S00125663",77,50,27
"S00125664",75,37,38
"S00125665",67,51,16
"S00125666",85,55,30
"S00125667",97,73,24
"S00125668",150,121,29
"S00125669",78,43,35
"S00125670",53,28,25
"S00125671",118,49,69
"S00125672",121,43,78
"S00125673",117,53,64
"S00125674",82,48,34
"S00125675",77,35,42
"S00125676",99,40,59
"S00125677",84,50,34
"S00125678",85,36,49
"S00125679",163,119,44
"S00125680",58,46,12
"S00125681",72,28,44
"S00125682",233,90,143
"S00125683",87,55,32
"S00125684",186,75,111
"S00125685",103,63,40
"S00125686",84,46,38
"S00125687",67,43,24
"S00125688",114,87,27
"S00125689",99,59,40
"S00125690",72,36,36
"S00125691",88,45,43
"S00125692",98,72,26
"S00125693",126,67,59
"S00125694",60,40,20
"S00125695",91,64,27
"S00125696",81,48,33
"S00125697",63,47,16
"S00125698",158,64,94
"S00125699",53,17,36
"S00125700",160,67,93
"S00125701",99,39,60
"S00125702",68,20,48
"S00125703",122,38,84
"S00125704",121,47,74
"S00125705",85,45,40
"S00125706",51,37,14
"S00125707",143,41,102
"S00125708",55,23,32
"S00125709",65,21,44
"S00125710",102,40,62
"S00125711",122,43,79
"S00125712",107,64,43
"S00125713",60,49,11
"S00125714",154,70,84
"S00125715",102,54,48
"S00125716",76,50,26
"S00125717",74,30,44
"S00125718",110,47,63
"S00125719",133,89,44
"S00125720",94,49,45
"S00125721",70,30,40
"S00125722",131,55,76
"S00125723",74,36,38
"S00125724",130,68,62
"S00125725",144,67,77
"S00125726",64,28,36
"S00125727",118,59,59
"S00125728",95,43,52
"S00125729",52,34,18
"S00125730",99,65,34
"S00125731",50,41,9
"S00125732",84,56,28
"S00125733",48,26,22
"S00125734",125,57,68
"S00125735",128,76,52
"S00125736",50,29,21
"S00125737",102,60,42
"S00125738",68,50,18
"S00125739",137,67,70
"S00125740",76,34,42
"S00125741",81,54,27
"S00125742",134,102,32
"S00125743",89,54,35
"S00125744",76,44,32
"S00125745",71,39,32
"S00125746",95,62,33
"S00125747",106,65,41
"S00125748",93,76,17
"S00125749",57,29,28
"S00125750",98,55,43
"S00125751",117,72,45
"S00125752",65,26,39
"S00125753",54,50,4
"S00125754",80,69,11
"S00125755",67,39,28
"S00125756",90,70,20
"S00125757",45,33,12
"S00125758",94,56,38
"S00125759",89,47,42
"S00125760",59,23,36
"S00125761",123,62,61
"S00125762",110,65,45
"S00125763",137,83,54
"S00125764",76,23,53
"S00125765",63,38,25
"S00125766",108,70,38
"S00125767",84,30,54
"S00125768",98,36,62
"S00125769",96,42,54
"S00125770",149,65,84
"S00125771",113,48,65
"S00125772",52,18,34
"S00125773",118,57,61
"S00125774",96,26,70
"S00125775",72,36,36
"S00125776",154,50,104
"S00125777",97,30,67
"S00125778",73,53,20
"S00125779",88,32,56
"S00125780",137,49,88
"S00125781",123,73,50
"S00125782",98,59,39
"S00125783",168,57,111
"S00125784",207,82,125
"S00125785",48,17,31
"S00125786",102,38,64
"S00125787",50,16,34
"S00125788",73,20,53
"S00125789",201,49,152
"S00125790",77,19,58
"S00125791",123,43,80
"S00125792",94,46,48
"S00125793",156,54,102
"S00125794",143,69,74
"S00125795",142,65,77
"S00125796",57,21,36
"S00125797",130,48,82
"S00125798",97,52,45
"S00125799",138,89,49
"S00125800",76,50,26
"S00125801",98,52,46
"S00125802",116,52,64
"S00125803",166,74,92
"S00125804",104,35,69
"S00125805",75,43,32
"S00125806",69,31,38
"S00125807",74,36,38
"S00125808",110,53,57
"S00125809",82,46,36
"S00125810",105,43,62
"S00125811",78,22,56
"S00125812",121,51,70
"S00125813",60,34,26
"S00125814",139,67,72
"S00125815",93,52,41
"S00125816",131,92,39
"S00125817",52,42,10
"S00125818",71,25,46
"S00125819",174,74,100
"S00125820",117,39,78
"S00125821",94,42,52
"S00125822",115,58,57
"S00125823",87,33,54
"S00125824",133,68,65
"S00125825",100,52,48
"S00125826",59,33,26
"S00125827",82,42,40
"S00125828",117,63,54
"S00125829",52,20,32
"S00125830",150,65,85
"S00125831",77,31,46
"S00125832",103,48,55
"S00125833",104,37,67
"S00125834",206,104,102
"S00125835",90,42,48
"S00125836",126,44,82
"S00125837",139,52,87
"S00125838",87,20,67
"S00125839",83,29,54
"S00125840",126,68,58
"S00125841",88,36,52
"S00125842",114,42,72
"S00125843",92,54,38
"S00125844",99,54,45
"S00125845",53,31,22
"S00125846",143,61,82
"S00125847",61,35,26
"S00125848",88,56,32
"S00125849",69,45,24
"S00125850",122,86,36
"S00125851",82,60,22
"S00125852",113,49,64
"S00125853",162,71,91
"S00125854",58,30,28
"S00125855",135,41,94
"S00125856",129,56,73
"S00125857",167,49,118
"S00125858",142,34,108
"S00125859",120,38,82
"S00125860",201,72,129
"S00125861",65,26,39
"S00125862",151,44,107
"S00125863",78,34,44
"S00125864",139,42,97
"S00125865",151,54,97
"S00125866",169,47,122
"S00125867",49,36,13
"S00125868",150,98,52
"S00125869",69,27,42
"S00125870",89,20,69
"S00125871",65,36,29
"S00125872",79,40,39
"S00125873",101,51,50
"S00125874",51,24,27
"S00125875",108,52,56
"S00125876",132,80,52
"S00125877",97,53,44
"S00125878",131,43,88
"S00125879",96,28,68
"S00125880",119,33,86
"S00125881",80,16,64
"S00125882",159,85,74
"S00125883",142,50,92
"S00125884",119,22,97
"S00125885",97,27,70
"S00125886",121,41,80
"S00125887",63,36,27
"S00125888",78,51,27
"S00125889",244,143,101
"S00125890",151,47,104
"S00125891",60,56,4
"S00125892",108,83,25
"S00125893",91,33,58
"S00125894",61,28,33
"S00125895",156,66,90
"S00125896",128,49,79
"S00125897",181,84,97
"S00125898",126,60,66
"S00125899",85,35,50
"S00125900",112,42,70
"S00125901",134,48,86
"S00125902",149,59,90
"S00125903",130,62,68
"S00125904",164,70,94
"S00125905",100,36,64
"S00125906",85,39,46
"S00125907",54,30,24
"S00125908",122,61,61
"S00125909",113,60,53
"S00125910",54,28,26
"S00125911",68,31,37
"S00125912",140,60,80
"S00125913",110,39,71
"S00125914",79,27,52
"S00125915",118,62,56
"S00125916",113,48,65
"S00125917",75,39,36
"S00125918",54,22,32
"S00125919",70,48,22
"S00125920",113,46,67
"S00125921",117,39,78
"S00125922",62,36,26
"S00125923",96,45,51
"S00125924",71,48,23
"S00125925",78,32,46
"S00125926",123,46,77
"S00125927",132,47,85
"S00125928",104,47,57
"S00125929",87,37,50
"S00125930",93,44,49
"S00125931",90,42,48
"S00125932",58,30,28
"S00125933",86,30,56
"S00125934",141,51,90
"S00125935",131,57,74
"S00125936",73,26,47
"S00125937",77,29,48
"S00125938",124,62,62
"S00125939",65,33,32
"S00125940",116,45,71
"S00125941",121,39,82
"S00125942",71,31,40
"S00125943",107,51,56
"S00125944",135,76,59
"S00125945",105,61,44
"S00125946",109,39,70
"S00125947",188,90,98
"S00125948",106,50,56
"S00125949",63,29,34
"S00125950",145,46,99
"S00125951",104,48,56
"S00125952",97,55,42
"S00125953",79,25,54
"S00125954",157,60,97
"S00125955",75,24,51
"S00125956",100,38,62
"S00125957",146,53,93
"S00125958",108,44,64
"S00125959",125,82,43
"S00125960",52,22,30
"S00125961",107,65,42
"S00125962",85,42,43
"S00125963",113,51,62
"S00125964",45,14,31
"S00125965",74,28,46
"S00125966",81,33,48
"S00125967",104,44,60
"S00125968",80,23,57
"S00125969",125,68,57
"S00125970",146,50,96
"S00125971",51,19,32
"S00125972",76,55,21
"S00125973",89,37,52
"S00125974",96,33,63
"S00125975",94,36,58
"S00125976",84,35,49
"S00125977",78,24,54
"S00125978",76,35,41
"S00125979",92,41,51
"S00125980",96,32,64
"S00125981",119,46,73
"S00125982",93,39,54
"S00125983",117,47,70
"S00125984",49,21,28
"S00125985",104,35,69
"S00125986",114,50,64
"S00125987",116,48,68
"S00125988",83,31,52
"S00125989",98,58,40
"S00125990",57,22,35
"S00125991",153,43,110
"S00125992",71,29,42
"S00125993",75,31,44
"S00125994",66,40,26
"S00125995",71,29,42
"S00125996",121,80,41
"S00125997",115,86,29
"S00125998",64,39,25
"S00125999",83,51,32
"S00126000",73,43,30
"S00126001",75,49,26
"S00126002",92,65,27
"S00126003",53,34,19
"S00126004",66,34,32
"S00126005",86,59,27
"S00126006",143,63,80
"S00126007",82,36,46
"S00126008",79,28,51
"S00126009",70,31,39
"S00126010",148,83,65
"S00126011",109,41,68
"S00126012",51,24,27
"S00126013",89,39,50
"S00126014",52,28,24
"S00126015",92,40,52
"S00126016",64,24,40
"S00126017",122,77,45
"S00126018",109,55,54
"S00126019",97,79,18
"S00126020",52,36,16
"S00126021",80,68,12
"S00126022",42,30,12
"S00126023",49,37,12
"S00126024",63,59,4
"S00126025",49,39,10
"S00126026",64,53,11
"S00126027",90,63,27
"S00126028",98,70,28
"S00126029",117,59,58
"S00126030",48,30,18
"S00126031",84,62,22
"S00126032",71,33,38
"S00126033",101,59,42
"S00126034",99,57,42
"S00126035",129,68,61
"S00126036",75,45,30
"S00126037",84,62,22
"S00126038",94,50,44
"S00126039",76,48,28
"S00126040",101,43,58
"S00126041",112,70,42
"S00126042",86,52,34
"S00126043",118,79,39
"S00126044",55,41,14
"S00126045",117,75,42
"S00126046",118,52,66
"S00126047",76,47,29
"S00126048",98,62,36
"S00126049",73,29,44
"S00126050",65,44,21
"S00126051",77,45,32
"S00126052",96,44,52
"S00126053",75,25,50
"S00126054",64,27,37
"S00126055",57,23,34
"S00126056",92,52,40
"S00126057",79,43,36
"S00126058",50,32,18
"S00126059",62,30,32
"S00126060",61,17,44
"S00126061",89,27,62
"S00126062",98,41,57
"S00126063",103,36,67
"S00126064",96,64,32
"S00126065",78,32,46
"S00126066",77,24,53
"S00126067",120,40,80
"S00126068",129,49,80
"S00126069",93,62,31
"S00126070",126,41,85
"S00126071",123,46,77
"S00126072",85,37,48
"S00126073",92,42,50
"S00126074",129,61,68
"S00126075",128,56,72
"S00126076",109,45,64
"S00126077",120,55,65
"S00126078",52,16,36
"S00126079",98,56,42
"S00126080",76,24,52
"S00126081",130,52,78
"S00126082",223,95,128
"S00126083",133,59,74
"S00126084",137,80,57
"S00126085",115,87,28
"S00126086",78,58,20
"S00126087",86,56,30
"S00126088",90,59,31
"S00126089",128,46,82
"S00126090",48,39,9
"S00126091",99,58,41
"S00126092",104,51,53
"S00126093",50,30,20
"S00126094",111,71,40
"S00126095",101,49,52
"S00126096",51,21,30
"S00126097",102,56,46
"S00126098",73,39,34
"S00126099",80,41,39
"S00126100",96,35,61
"S00126101",126,52,74
"S00126102",111,47,64
"S00126103",102,36,66
"S00126104",52,20,32
"S00126105",115,33,82
"S00126106",112,48,64
"S00126107",93,40,53
"S00126108",133,48,85
"S00126109",121,37,84
"S00126110",75,39,36
"S00126111",87,33,54
"S00126112",74,25,49
"S00126113",134,62,72
"S00126114",103,26,77
"S00126115",101,40,61
"S00126116",137,43,94
"S00126117",151,59,92
"S00126118",131,59,72
"S00126119",129,51,78
"S00126120",87,21,66
"S00126121",71,22,49
"S00126122",109,35,74
"S00126123",80,24,56
"S00126124",88,37,51
"S00126125",73,19,54
"S00126126",62,22,40
"S00126127",83,44,39
"S00126128",58,16,42
"S00126129",153,38,115
"S00126130",125,72,53
"S00126131",86,29,57
"S00126132",85,36,49
"S00126133",54,21,33
"S00126134",322,244,78
"S00126135",63,32,31
"S00126136",71,26,45
"S00126137",118,47,71
"S00126138",93,36,57
"S00126139",76,32,44
"S00126140",102,40,62
"S00126141",96,28,68
"S00126142",144,61,83
"S00126143",84,49,35
"S00126144",97,32,65
"S00126145",55,21,34
"S00126146",70,34,36
"S00126147",138,72,66
"S00126148",97,47,50
"S00126149",92,30,62
"S00126150",59,25,34
"S00126151",129,44,85
"S00126152",76,25,51
"S00126153",116,43,73
"S00126154",50,16,34
"S00126155",53,23,30
"S00126156",83,39,44
"S00126157",72,28,44
"S00126158",106,30,76
"S00126159",107,34,73
"S00126160",128,52,76
"S00126161",180,41,139
"S00126162",99,53,46
"S00126163",62,26,36
"S00126164",98,56,42
"S00126165",110,36,74
"S00126166",94,38,56
"S00126167",127,44,83
"S00126168",117,47,70
"S00126169",113,52,61
"S00126170",56,22,34
"S00126171",111,54,57
"S00126172",99,47,52
"S00126173",65,26,39
"S00126174",88,34,54
"S00126175",160,49,111
"S00126176",132,47,85
"S00126177",105,31,74
"S00126178",120,26,94
"S00126179",61,27,34
"S00126180",84,36,48
"S00126181",56,19,37
"S00126182",106,51,55
"S00126183",78,42,36
"S00126184",90,34,56
"S00126185",89,29,60
"S00126186",108,34,74
"S00126187",127,33,94
"S00126188",100,29,71
"S00126189",132,52,80
"S00126190",123,45,78
"S00126191",80,32,48
"S00126192",59,30,29
"S00126193",86,39,47
"S00126194",98,36,62
"S00126195",101,29,72
"S00126196",103,41,62
"S00126197",127,59,68
"S00126198",105,69,36
"S00126199",71,23,48
"S00126200",149,52,97
"S00126201",76,21,55
"S00126202",87,27,60
"S00126203",108,37,71
"S00126204",83,35,48
"S00126205",55,26,29
"S00126206",98,33,65
"S00126207",113,58,55
"S00126208",102,46,56
"S00126209",126,54,72
"S00126210",67,31,36
"S00126211",84,40,44
"S00126212",151,57,94
"S00126213",65,23,42
"S00126214",136,47,89
"S00126215",47,15,32
"S00126216",99,38,61
"S00126217",74,30,44
"S00126218",129,45,84
"S00126219",81,26,55
"S00126220",144,48,96
"S00126221",55,21,34
"S00126222",87,27,60
"S00126223",47,10,37
"S00126224",48,16,32
"S00126225",153,56,97
"S00126226",78,39,39
"S00126227",70,26,44
"S00126228",109,39,70
"S00126229",113,46,67
"S00126230",61,24,37
"S00126231",51,19,32
"S00126232",99,33,66
"S00126233",80,27,53
"S00126234",66,39,27
"S00126235",50,20,30
"S00126236",176,92,84
"S00126237",107,60,47
"S00126238",89,38,51
"S00126239",73,20,53
"S00126240",63,30,33
"S00126241",79,34,45
"S00126242",109,47,62
"S00126243",69,45,24
"S00126244",61,27,34
"S00126245",110,39,71
"S00126246",106,41,65
"S00126247",73,29,44
"S00126248",83,21,62
"S00126249",82,29,53
"S00126250",146,52,94
"S00126251",56,20,36
"S00126252",170,91,79
"S00126253",87,41,46
"S00126254",122,39,83
"S00126255",85,30,55
"S00126256",91,51,40
"S00126257",40,16,24
"S00126258",96,49,47
"S00126259",106,50,56
"S00126260",104,43,61
"S00126261",78,36,42
"S00126262",80,43,37
"S00126263",85,53,32
"S00126264",131,43,88
"S00126265",141,64,77
"S00126266",127,49,78
"S00126267",115,59,56
"S00126268",141,64,77
"S00126269",103,44,59
"S00126270",78,31,47
"S00126271",69,20,49
"S00126272",90,29,61
"S00126273",92,48,44
"S00126274",157,58,99
"S00126275",82,34,48
"S00126276",103,40,63
"S00126277",75,36,39
"S00126278",92,47,45
"S00126279",107,36,71
"S00126280",57,11,46
"S00126281",55,21,34
"S00126282",91,23,68
"S00126283",78,24,54
"S00126284",68,26,42
"S00126285",116,42,74
"S00126286",76,12,64
"S00126287",133,46,87
"S00126288",56,20,36
"S00126289",47,29,18
"S00126290",82,26,56
"S00126291",55,19,36
"S00126292",136,58,78
"S00126293",68,38,30
"S00126294",61,30,31
"S00126295",145,45,100
"S00126296",97,31,66
"S00126297",124,50,74
"S00126298",89,26,63
"S00126299",105,59,46
"S00126300",116,51,65
"S00126301",138,80,58
"S00126302",66,38,28
"S00126303",74,30,44
"S00126304",62,22,40
"S00126305",96,43,53
"S00126306",98,31,67
"S00126307",102,44,58
"S00126308",100,38,62
"S00126309",136,53,83
"S00126310",77,41,36
"S00126311",90,36,54
"S00126312",109,53,56
"S00126313",71,26,45
"S00126314",87,44,43
"S00126315",56,26,30
"S00126316",50,20,30
"S00126317",99,41,58
"S00126318",108,38,70
"S00126319",76,28,48
"S00126320",103,57,46
"S00126321",86,48,38
"S00126322",87,59,28
"S00126323",78,52,26
"S00126324",73,55,18
"S00126325",93,49,44
"S00126326",87,35,52
"S00126327",59,51,8
"S00126328",105,63,42
"S00126329",108,58,50
"S00126330",105,47,58
"S00126331",105,62,43
"S00126332",129,57,72
"S00126333",125,47,78
"S00126334",109,51,58
"S00126335",66,26,40
"S00126336",108,43,65
"S00126337",66,20,46
"S00126338",54,26,28
"S00126339",102,36,66
"S00126340",104,37,67
"S00126341",104,50,54
"S00126342",87,30,57
"S00126343",103,67,36
"S00126344",48,24,24
"S00126345",60,24,36
"S00126346",112,30,82
"S00126347",89,50,39
"S00126348",89,46,43
"S00126349",110,63,47
"S00126350",83,47,36
"S00126351",71,23,48
"S00126352",156,61,95
"S00126353",107,42,65
"S00126354",72,42,30
"S00126355",96,33,63
"S00126356",111,66,45
"S00126357",132,68,64
"S00126358",56,14,42
"S00126359",67,25,42
"S00126360",106,45,61
"S00126361",96,45,51
"S00126362",99,44,55
"S00126363",102,39,63
"S00126364",50,34,16
"S00126365",128,32,96
"S00126366",66,18,48
"S00126367",50,15,35
"S00126368",52,16,36
"S00126369",146,62,84
"S00126370",46,22,24
"S00126371",47,28,19
"S00126372",140,72,68
"S00126373",68,34,34
"S00126374",126,57,69
"S00126375",136,107,29
"S00126376",65,49,16
"S00126377",83,29,54
"S00126378",150,92,58
"S00126379",103,28,75
"S00126380",107,58,49
"S00126381",144,68,76
"S00126382",84,35,49
"S00126383",119,83,36
"S00126384",72,45,27
"S00126385",53,19,34
"S00126386",110,35,75
"S00126387",136,55,81
"S00126388",134,54,80
"S00126389",69,35,34
"S00126390",77,39,38
"S00126391",107,37,70
"S00126392",89,40,49
"S00126393",114,64,50
"S00126394",62,40,22
"S00126395",93,43,50
"S00126396",114,45,69
"S00126397",123,66,57
"S00126398",92,47,45
"S00126399",51,22,29
"S00126400",106,61,45
"S00126401",131,80,51
"S00126402",103,53,50
"S00126403",128,66,62
"S00126404",78,26,52
"S00126405",112,39,73
"S00126406",143,71,72
"S00126407",91,51,40
"S00126408",138,48,90
"S00126409",79,31,48
"S00126410",61,43,18
"S00126411",107,55,52
"S00126412",77,48,29
"S00126413",58,20,38
"S00126414",60,37,23
"S00126415",170,93,77
"S00126416",123,60,63
"S00126417",92,58,34
"S00126418",59,43,16
"S00126419",82,40,42
"S00126420",100,54,46
"S00126421",103,62,41
"S00126422",93,68,25
"S00126423",132,72,60
"S00126424",75,48,27
"S00126425",134,46,88
"S00126426",76,32,44
"S00126427",56,37,19
"S00126428",94,47,47
"S00126429",88,58,30
"S00126430",76,52,24
"S00126431",89,34,55
"S00126432",84,40,44
"S00126433",122,23,99
"S00126434",70,18,52
"S00126435",90,32,58
"S00126436",73,38,35
"S00126437",133,52,81
"S00126438",101,36,65
"S00126439",64,26,38
"S00126440",108,27,81
"S00126441",69,19,50
"S00126442",132,89,43
"S00126443",101,43,58
"S00126444",102,52,50
"S00126445",96,64,32
"S00126446",59,43,16
"S00126447",71,59,12
"S00126448",112,55,57
"S00126449",60,38,22
"S00126450",92,58,34
"S00126451",97,64,33
"S00126452",109,53,56
"S00126453",82,38,44
"S00126454",57,30,27
"S00126455",89,58,31
"S00126456",63,24,39
"S00126457",115,67,48
"S00126458",123,51,72
"S00126459",65,36,29
"S00126460",64,44,20
"S00126461",75,56,19
"S00126462",112,34,78
"S00126463",103,35,68
"S00126464",106,47,59
"S00126465",73,36,37
"S00126466",135,79,56
"S00126467",85,25,60
"S00126468",152,46,106
"S00126469",128,47,81
"S00126470",158,59,99
"S00126471",113,45,68
"S00126472",105,48,57
"S00126473",77,23,54
"S00126474",140,41,99
"S00126475",104,44,60
"S00126476",104,30,74
"S00126477",101,23,78
"S00126478",76,18,58
"S00126479",82,25,57
"S00126480",85,31,54
"S00126481",137,67,70
"S00126482",71,36,35
"S00126483",100,36,64
"S00126484",122,43,79
"S00126485",100,30,70
"S00126486",96,25,71
"S00126487",100,38,62
"S00126488",132,52,80
"S00126489",70,24,46
"S00126490",87,26,61
"S00126491",119,49,70
"S00126492",158,83,75
"S00126493",89,21,68
"S00126494",48,17,31
"S00126495",104,49,55
"S00126496",127,43,84
"S00126497",82,26,56
"S00126498",77,27,50
"S00126499",98,31,67
"S00126500",70,18,52
"S00126501",80,35,45
"S00126502",114,52,62
"S00126503",58,32,26
"S00126504",140,59,81
"S00126505",86,28,58
"S00126506",88,49,39
"S00126507",97,65,32
"S00126508",76,34,42
"S00126509",89,31,58
"S00126510",94,42,52
"S00126511",128,30,98
"S00126512",134,73,61
"S00126513",158,46,112
"S00126514",75,22,53
"S00126515",97,37,60
"S00126516",99,48,51
"S00126517",94,36,58
"S00126518",79,25,54
"S00126519",67,19,48
"S00126520",118,91,27
"S00126521",95,70,25
"S00126522",102,64,38
"S00126523",48,40,8
"S00126524",79,53,26
"S00126525",79,51,28
"S00126526",67,51,16
"S00126527",84,64,20
"S00126528",79,61,18
"S00126529",98,71,27
"S00126530",89,74,15
"S00126531",100,67,33
"S00126532",112,80,32
"S00126533",47,34,13
"S00126534",95,61,34
"S00126535",77,69,8
"S00126536",51,25,26
"S00126537",54,17,37
"S00126538",79,41,38
"S00126539",99,63,36
"S00126540",62,35,27
"S00126541",68,34,34
"S00126542",96,48,48
"S00126543",109,59,50
"S00126544",117,71,46
"S00126545",87,51,36
"S00126546",65,42,23
"S00126547",77,54,23
"S00126548",112,68,44
"S00126549",69,50,19
"S00126550",55,35,20
"S00126551",112,77,35
"S00126552",78,33,45
"S00126553",101,76,25
"S00126554",92,52,40
"S00126555",81,33,48
"S00126556",95,68,27
"S00126557",67,35,32
"S00126558",96,60,36
"S00126559",121,60,61
"S00126560",114,60,54
"S00126561",119,74,45
"S00126562",104,67,37
"S00126563",68,49,19
"S00126564",99,63,36
"S00126565",90,48,42
"S00126566",69,46,23
"S00126567",137,115,22
"S00126568",189,144,45
"S00126569",138,91,47
"S00126570",99,77,22
"S00126571",118,75,43
"S00126572",128,66,62
"S00126573",62,50,12
"S00126574",56,38,18
"S00126575",109,52,57
"S00126576",111,55,56
"S00126577",98,76,22
"S00126578",158,97,61
"S00126579",148,99,49
"S00126580",96,57,39
"S00126581",118,58,60
"S00126582",93,54,39
"S00126583",107,61,46
"S00126584",45,25,20
"S00126585",114,69,45
"S00126586",97,57,40
"S00126587",71,49,22
"S00126588",75,41,34
"S00126589",104,51,53
"S00126590",74,36,38
"S00126591",105,61,44
"S00126592",83,43,40
"S00126593",79,51,28
"S00126594",136,83,53
"S00126595",90,54,36
"S00126596",81,35,46
"S00126597",131,102,29
"S00126598",116,76,40
"S00126599",93,63,30
"S00126600",129,67,62
"S00126601",78,60,18
"S00126602",147,98,49
"S00126603",99,59,40
"S00126604",92,70,22
"S00126605",61,41,20
"S00126606",92,50,42
"S00126607",126,66,60
"S00126608",76,40,36
"S00126609",110,56,54
"S00126610",70,42,28
"S00126611",92,55,37
"S00126612",69,41,28
"S00126613",51,39,12
"S00126614",109,60,49
"S00126615",107,63,44
"S00126616",46,25,21
"S00126617",70,52,18
"S00126618",119,60,59
"S00126619",121,59,62
"S00126620",122,64,58
"S00126621",68,34,34
"S00126622",72,54,18
"S00126623",95,57,38
"S00126624",85,54,31
"S00126625",85,52,33
"S00126626",90,52,38
"S00126627",45,25,20
"S00126628",105,90,15
"S00126629",104,85,19
"S00126630",56,49,7
"S00126631",69,57,12
"S00126632",83,64,19
"S00126633",112,102,10
"S00126634",62,56,6
"S00126635",94,88,6
"S00126636",77,66,11
"S00126637",107,97,10
"S00126638",94,77,17
"S00126639",67,48,19
"S00126640",102,84,18
"S00126641",124,94,30
"S00126642",152,110,42
"S00126643",70,53,17
"S00126644",112,90,22
"S00126645",77,55,22
"S00126646",93,80,13
"S00126647",121,69,52
"S00126648",195,129,66
"S00126649",113,67,46
"S00126650",104,69,35
"S00126651",85,54,31
"S00126652",77,63,14
"S00126653",68,49,19
"S00126654",89,63,26
"S00126655",91,70,21
"S00126656",90,68,22
"S00126657",96,74,22
"S00126658",88,69,19
"S00126659",66,54,12
"S00126660",85,71,14
"S00126661",86,46,40
"S00126662",75,33,42
"S00126663",84,54,30
"S00126664",86,54,32
"S00126665",122,76,46
"S00126666",167,73,94
"S00126667",55,44,11
"S00126668",80,64,16
"S00126669",100,56,44
"S00126670",53,35,18
"S00126671",97,57,40
"S00126672",59,36,23
"S00126673",132,86,46
"S00126674",54,35,19
"S00126675",76,58,18
"S00126676",91,72,19
"S00126677",115,42,73
"S00126678",109,39,70
"S00126679",106,20,86
"S00126680",135,50,85
"S00126681",94,34,60
"S00126682",100,24,76
"S00126683",213,101,112
"S00126684",90,52,38
"S00126685",116,102,14
"S00126686",100,69,31
"S00126687",155,54,101
"S00126688",70,25,45
"S00126689",72,24,48
"S00126690",105,28,77
"S00126691",76,25,51
"S00126692",89,26,63
"S00126693",87,39,48
"S00126694",108,49,59
"S00126695",73,62,11
"S00126696",51,39,12
"S00126697",81,68,13
"S00126698",58,47,11
"S00126699",139,108,31
"S00126700",71,60,11
"S00126701",108,78,30
"S00126702",84,74,10
"S00126703",97,75,22
"S00126704",70,47,23
"S00126705",56,40,16
"S00126706",75,51,24
"S00126707",83,53,30
"S00126708",113,64,49
"S00126709",73,48,25
"S00126710",106,92,14
"S00126711",61,53,8
"S00126712",92,59,33
"S00126713",115,79,36
"S00126714",119,59,60
"S00126715",86,50,36
"S00126716",87,46,41
"S00126717",83,41,42
"S00126718",89,51,38
"S00126719",116,61,55
"S00126720",78,30,48
"S00126721",102,55,47
"S00126722",111,57,54
"S00126723",98,40,58
"S00126724",80,39,41
"S00126725",95,35,60
"S00126726",126,60,66
"S00126727",136,57,79
"S00126728",66,57,9
"S00126729",134,67,67
"S00126730",124,54,70
"S00126731",107,61,46
"S00126732",73,31,42
"S00126733",100,62,38
"S00126734",87,61,26
"S00126735",77,47,30
"S00126736",82,58,24
"S00126737",66,51,15
"S00126738",95,34,61
"S00126739",92,47,45
"S00126740",115,64,51
"S00126741",86,33,53
"S00126742",88,47,41
"S00126743",86,55,31
"S00126744",68,26,42
"S00126745",107,59,48
"S00126746",66,45,21
"S00126747",83,52,31
"S00126748",74,31,43
"S00126749",135,49,86
"S00126750",109,39,70
"S00126751",81,31,50
"S00126752",85,44,41
"S00126753",90,57,33
"S00126754",83,33,50
"S00126755",65,35,30
"S00126756",121,40,81
"S00126757",85,62,23
"S00126758",82,38,44
"S00126759",90,42,48
"S00126760",73,60,13
"S00126761",74,48,26
"S00126762",67,27,40
"S00126763",107,35,72
"S00126764",133,39,94
"S00126765",103,29,74
"S00126766",111,37,74
"S00126767",118,55,63
"S00126768",45,31,14
"S00126769",143,65,78
"S00126770",98,53,45
"S00126771",81,55,26
"S00126772",116,63,53
"S00126773",105,42,63
"S00126774",115,64,51
"S00126775",81,27,54
"S00126776",54,17,37
"S00126777",71,33,38
"S00126778",61,27,34
"S00126779",81,32,49
"S00126780",87,27,60
"S00126781",126,29,97
"S00126782",131,50,81
"S00126783",101,67,34
"S00126784",65,31,34
"S00126785",123,53,70
"S00126786",112,48,64
"S00126787",93,52,41
"S00126788",77,46,31
"S00126789",99,26,73
"S00126790",103,40,63
"S00126791",51,9,42
"S00126792",64,31,33
"S00126793",95,43,52
"S00126794",139,67,72
"S00126795",126,54,72
"S00126796",65,29,36
"S00126797",74,38,36
"S00126798",132,75,57
"S00126799",88,42,46
"S00126800",83,44,39
"S00126801",111,67,44
"S00126802",60,28,32
"S00126803",91,43,48
"S00126804",59,23,36
"S00126805",130,71,59
"S00126806",69,48,21
"S00126807",90,39,51
"S00126808",82,39,43
"S00126809",80,34,46
"S00126810",81,35,46
"S00126811",132,71,61
"S00126812",85,42,43
"S00126813",158,78,80
"S00126814",89,57,32
"S00126815",47,31,16
"S00126816",97,52,45
"S00126817",79,29,50
"S00126818",107,39,68
"S00126819",57,26,31
"S00126820",61,17,44
"S00126821",89,41,48
"S00126822",91,41,50
"S00126823",78,20,58
"S00126824",76,26,50
"S00126825",91,27,64
"S00126826",85,24,61
"S00126827",126,52,74
"S00126828",124,45,79
"S00126829",100,43,57
"S00126830",68,42,26
"S00126831",75,18,57
"S00126832",60,37,23
"S00126833",126,48,78
"S00126834",88,54,34
"S00126835",91,45,46
"S00126836",86,42,44
"S00126837",106,34,72
"S00126838",55,28,27
"S00126839",129,42,87
"S00126840",135,59,76
"S00126841",100,48,52
"S00126842",99,47,52
"S00126843",139,54,85
"S00126844",102,54,48
"S00126845",97,45,52
"S00126846",77,35,42
"S00126847",74,40,34
"S00126848",75,31,44
"S00126849",112,35,77
"S00126850",97,30,67
"S00126851",82,39,43
"S00126852",84,53,31
"S00126853",92,52,40
"S00126854",68,40,28
"S00126855",52,36,16
"S00126856",95,44,51
"S00126857",105,43,62
"S00126858",53,25,28
"S00126859",101,73,28
"S00126860",118,76,42
"S00126861",72,41,31
"S00126862",105,44,61
"S00126863",79,26,53
"S00126864",141,38,103
"S00126865",72,33,39
"S00126866",61,19,42
"S00126867",114,48,66
"S00126868",88,50,38
"S00126869",79,49,30
"S00126870",97,60,37
"S00126871",91,55,36
"S00126872",107,44,63
"S00126873",105,42,63
"S00126874",102,50,52
"S00126875",115,67,48
"S00126876",67,47,20
"S00126877",48,14,34
"S00126878",120,62,58
"S00126879",103,41,62
"S00126880",104,54,50
"S00126881",97,52,45
"S00126882",107,44,63
"S00126883",90,34,56
"S00126884",90,41,49
"S00126885",72,32,40
"S00126886",67,19,48
"S00126887",86,40,46
"S00126888",63,13,50
"S00126889",77,43,34
"S00126890",85,43,42
"S00126891",68,40,28
"S00126892",96,66,30
"S00126893",90,54,36
"S00126894",78,36,42
"S00126895",83,47,36
"S00126896",114,82,32
"S00126897",87,54,33
"S00126898",138,68,70
"S00126899",105,32,73
"S00126900",91,49,42
"S00126901",90,38,52
"S00126902",78,37,41
"S00126903",86,29,57
"S00126904",106,66,40
"S00126905",73,32,41
"S00126906",132,37,95
"S00126907",116,52,64
"S00126908",105,69,36
"S00126909",80,53,27
"S00126910",118,55,63
"S00126911",74,22,52
"S00126912",125,71,54
"S00126913",124,58,66
"S00126914",62,26,36
"S00126915",67,47,20
"S00126916",69,48,21
"S00126917",80,22,58
"S00126918",82,28,54
"S00126919",159,70,89
"S00126920",75,34,41
"S00126921",89,24,65
"S00126922",139,60,79
"S00126923",133,36,97
"S00126924",62,23,39
"S00126925",125,82,43
"S00126926",58,30,28
"S00126927",91,23,68
"S00126928",73,29,44
"S00126929",74,28,46
"S00126930",114,44,70
"S00126931",102,43,59
"S00126932",128,73,55
"S00126933",119,47,72
"S00126934",58,26,32
"S00126935",107,39,68
"S00126936",113,51,62
"S00126937",87,55,32
"S00126938",81,44,37
"S00126939",81,46,35
"S00126940",78,64,14
"S00126941",68,44,24
"S00126942",100,34,66
"S00126943",59,29,30
"S00126944",73,50,23
"S00126945",97,59,38
"S00126946",103,67,36
"S00126947",83,62,21
"S00126948",85,43,42
"S00126949",96,49,47
"S00126950",76,51,25
"S00126951",118,35,83
"S00126952",144,83,61
"S00126953",89,29,60
"S00126954",104,51,53
"S00126955",92,52,40
"S00126956",81,36,45
"S00126957",101,72,29
"S00126958",107,53,54
"S00126959",72,49,23
"S00126960",130,78,52
"S00126961",118,64,54
"S00126962",74,20,54
"S00126963",113,49,64
"S00126964",113,46,67
"S00126965",76,26,50
"S00126966",93,37,56
"S00126967",112,63,49
"S00126968",72,41,31
"S00126969",89,43,46
"S00126970",76,44,32
"S00126971",110,79,31
"S00126972",83,47,36
"S00126973",116,57,59
"S00126974",121,71,50
"S00126975",48,19,29
"S00126976",126,70,56
"S00126977",122,70,52
"S00126978",108,52,56
"S00126979",105,59,46
"S00126980",113,44,69
"S00126981",116,53,63
"S00126982",97,32,65
"S00126983",125,69,56
"S00126984",91,65,26
"S00126985",110,50,60
"S00126986",59,33,26
"S00126987",90,40,50
"S00126988",111,31,80
"S00126989",156,68,88
"S00126990",70,42,28
"S00126991",89,44,45
"S00126992",123,61,62
"S00126993",85,38,47
"S00126994",84,28,56
"S00126995",121,41,80
"S00126996",109,44,65
"S00126997",121,78,43
"S00126998",151,119,32
"S00126999",111,42,69
"S00127000",105,65,40
"S00127001",127,74,53
"S00127002",115,83,32
"S00127003",102,60,42
"S00127004",145,60,85
"S00127005",109,44,65
"S00127006",125,48,77
"S00127007",75,39,36
"S00127008",147,42,105
"S00127009",92,56,36
"S00127010",51,21,30
"S00127011",130,44,86
"S00127012",48,16,32
"S00127013",122,36,86
"S00127014",59,35,24
"S00127015",49,27,22
"S00127016",94,30,64
"S00127017",47,29,18
"S00127018",89,54,35
"S00127019",128,41,87
"S00127020",70,26,44
"S00127021",78,26,52
"S00127022",72,30,42
"S00127023",59,29,30
"S00127024",77,53,24
"S00127025",62,34,28
"S00127026",114,65,49
"S00127027",46,16,30
"S00127028",68,23,45
"S00127029",83,38,45
"S00127030",74,46,28
"S00127031",100,56,44
"S00127032",60,42,18
"S00127033",89,54,35
"S00127034",92,60,32
"S00127035",140,77,63
"S00127036",164,90,74
"S00127037",107,42,65
"S00127038",110,40,70
"S00127039",246,142,104
"S00127040",83,29,54
"S00127041",102,43,59
"S00127042",312,220,92
"S00127043",145,63,82
"S00127044",86,19,67
"S00127045",99,34,65
"S00127046",70,21,49
"S00127047",72,31,41
"S00127048",46,12,34
"S00127049",52,20,32
"S00127050",136,70,66
"S00127051",75,44,31
"S00127052",99,44,55
"S00127053",63,33,30
"S00127054",74,31,43
"S00127055",97,34,63
"S00127056",205,146,59
"S00127057",151,106,45
"S00127058",79,27,52
"S00127059",60,23,37
"S00127060",94,30,64
"S00127061",155,59,96
"S00127062",83,39,44
"S00127063",118,55,63
"S00127064",100,46,54
"S00127065",75,25,50
"S00127066",105,35,70
"S00127067",88,43,45
"S00127068",57,17,40
"S00127069",44,10,34
"S00127070",96,33,63
"S00127071",86,37,49
"S00127072",115,43,72
"S00127073",62,40,22
"S00127074",61,23,38
"S00127075",81,30,51
"S00127076",77,27,50
"S00127077",55,13,42
"S00127078",54,21,33
"S00127079",82,40,42
"S00127080",91,32,59
"S00127081",76,20,56
"S00127082",125,41,84
"S00127083",41,9,32
"S00127084",55,38,17
"S00127085",78,50,28
"S00127086",73,35,38
"S00127087",57,33,24
"S00127088",63,29,34
"S00127089",46,22,24
"S00127090",109,45,64
"S00127091",93,33,60
"S00127092",131,42,89
"S00127093",65,27,38
"S00127094",54,24,30
"S00127095",117,68,49
"S00127096",65,33,32
"S00127097",67,44,23
"S00127098",100,36,64
"S00127099",96,28,68
"S00127100",44,8,36
"S00127101",56,16,40
"S00127102",70,22,48
"S00127103",72,25,47
"S00127104",86,38,48
"S00127105",106,41,65
"S00127106",56,15,41
"S00127107",148,61,87
"S00127108",100,65,35
"S00127109",64,32,32
"S00127110",65,45,20
"S00127111",50,48,2
"S00127112",70,34,36
"S00127113",91,29,62
"S00127114",112,72,40
"S00127115",89,40,49
"S00127116",144,44,100
"S00127117",88,38,50
"S00127118",118,44,74
"S00127119",86,63,23
"S00127120",50,34,16
"S00127121",81,64,17
"S00127122",99,95,4
"S00127123",64,54,10
"S00127124",61,50,11
"S00127125",116,63,53
"S00127126",98,44,54
"S00127127",75,29,46
"S00127128",83,28,55
"S00127129",96,55,41
"S00127130",73,15,58
"S00127131",66,30,36
"S00127132",89,34,55
"S00127133",126,49,77
"S00127134",75,47,28
"S00127135",55,37,18
"S00127136",86,30,56
"S00127137",146,40,106
"S00127138",114,67,47
"S00127139",84,47,37
"S00127140",65,38,27
"S00127141",94,43,51
"S00127142",86,56,30
"S00127143",60,40,20
"S00127144",66,49,17
"S00127145",139,66,73
"S00127146",71,32,39
"S00127147",87,44,43
"S00127148",50,40,10
"S00127149",139,47,92
"S00127150",99,25,74
"S00127151",113,40,73
"S00127152",261,194,67
"S00127153",119,34,85
"S00127154",87,25,62
"S00127155",106,28,78
"S00127156",144,30,114
"S00127157",163,57,106
"S00127158",126,45,81
"S00127159",110,34,76
"S00127160",73,27,46
"S00127161",118,43,75
"S00127162",113,40,73
"S00127163",126,34,92
"S00127164",144,68,76
"S00127165",163,35,128
"S00127166",128,36,92
"S00127167",85,12,73
"S00127168",105,23,82
"S00127169",92,36,56
"S00127170",47,17,30
"S00127171",92,52,40
"S00127172",56,20,36
"S00127173",76,22,54
"S00127174",71,52,19
"S00127175",92,37,55
"S00127176",134,22,112
"S00127177",126,28,98
"S00127178",107,47,60
"S00127179",59,15,44
"S00127180",110,49,61
"S00127181",47,13,34
"S00127182",101,35,66
"S00127183",152,81,71
"S00127184",107,32,75
"S00127185",140,38,102
"S00127186",90,31,59
"S00127187",60,18,42
"S00127188",61,20,41
"S00127189",77,33,44
"S00127190",85,38,47
"S00127191",97,43,54
"S00127192",99,42,57
"S00127193",110,55,55
"S00127194",118,62,56
"S00127195",82,30,52
"S00127196",85,35,50
"S00127197",117,52,65
"S00127198",98,31,67
"S00127199",104,35,69
"S00127200",116,28,88
"S00127201",84,30,54
"S00127202",114,54,60
"S00127203",80,29,51
"S00127204",42,14,28
"S00127205",89,28,61
"S00127206",81,33,48
"S00127207",139,54,85
"S00127208",83,29,54
"S00127209",94,51,43
"S00127210",123,59,64
"S00127211",53,35,18
"S00127212",84,44,40
"S00127213",61,31,30
"S00127214",122,73,49
"S00127215",128,72,56
"S00127216",139,40,99
"S00127217",55,33,22
"S00127218",99,54,45
"S00127219",93,35,58
"S00127220",47,13,34
"S00127221",131,53,78
"S00127222",76,46,30
"S00127223",59,23,36
"S00127224",121,58,63
"S00127225",70,46,24
"S00127226",120,58,62
"S00127227",69,41,28
"S00127228",44,19,25
"S00127229",93,29,64
"S00127230",136,42,94
"S00127231",70,21,49
"S00127232",99,45,54
"S00127233",65,44,21
"S00127234",70,58,12
"S00127235",51,31,20
"S00127236",57,23,34
"S00127237",95,50,45
"S00127238",111,35,76
"S00127239",191,105,86
"S00127240",141,42,99
"S00127241",95,29,66
"S00127242",84,28,56
"S00127243",100,27,73
"S00127244",87,22,65
"S00127245",97,30,67
"S00127246",71,49,22
"S00127247",116,34,82
"S00127248",61,17,44
"S00127249",143,49,94
"S00127250",121,55,66
"S00127251",122,46,76
"S00127252",52,28,24
"S00127253",80,54,26
"S00127254",95,61,34
"S00127255",43,29,14
"S00127256",157,77,80
"S00127257",130,69,61
"S00127258",102,45,57
"S00127259",147,56,91
"S00127260",96,72,24
"S00127261",102,35,67
"S00127262",49,22,27
"S00127263",69,31,38
"S00127264",116,57,59
"S00127265",81,43,38
"S00127266",115,66,49
"S00127267",188,138,50
"S00127268",83,65,18
"S00127269",85,53,32
"S00127270",56,40,16
"S00127271",81,59,22
"S00127272",36,25,11
"S00127273",107,77,30
"S00127274",56,34,22
"S00127275",79,49,30
"S00127276",75,51,24
"S00127277",94,78,16
"S00127278",101,76,25
"S00127279",54,35,19
"S00127280",46,34,12
"S00127281",61,47,14
"S00127282",96,66,30
"S00127283",70,60,10
"S00127284",130,92,38
"S00127285",79,61,18
"S00127286",88,70,18
"S00127287",84,32,52
"S00127288",93,55,38
"S00127289",96,24,72
"S00127290",90,19,71
"S00127291",76,57,19
"S00127292",92,44,48
"S00127293",70,48,22
"S00127294",117,58,59
"S00127295",191,127,64
"S00127296",111,45,66
"S00127297",56,14,42
"S00127298",83,53,30
"S00127299",54,42,12
"S00127300",95,49,46
"S00127301",570,489,81
"S00127302",60,39,21
"S00127303",54,48,6
"S00127304",53,48,5
"S00127305",107,91,16
"S00127306",61,51,10
"S00127307",74,61,13
"S00127308",95,64,31
"S00127309",99,91,8
"S00127310",93,76,17
"S00127311",57,53,4
"S00127312",83,48,35
"S00127313",76,62,14
"S00127314",79,59,20
"S00127315",127,108,19
"S00127316",86,66,20
"S00127317",53,36,17
"S00127318",114,76,38
"S00127319",59,43,16
"S00127320",59,34,25
"S00127321",90,61,29
"S00127322",195,92,103
"S00127323",60,34,26
"S00127324",131,75,56
"S00127325",89,55,34
"S00127326",64,22,42
"S00127327",137,63,74
"S00127328",65,35,30
"S00127329",84,30,54
"S00127330",83,41,42
"S00127331",112,52,60
"S00127332",70,24,46
"S00127333",89,60,29
"S00127334",122,30,92
"S00127335",97,29,68
"S00127336",79,13,66
"S00127337",129,39,90
"S00127338",136,103,33
"S00127339",78,28,50
"S00127340",113,70,43
"S00127341",98,61,37
"S00127342",98,26,72
"S00127343",127,81,46
"S00127344",64,50,14
"S00127345",66,49,17
"S00127346",95,58,37
"S00127347",105,58,47
"S00127348",78,46,32
"S00127349",65,27,38
"S00127350",135,60,75
"S00127351",67,42,25
"S00127352",127,45,82
"S00127353",60,34,26
"S00127354",58,38,20
"S00127355",86,40,46
"S00127356",131,67,64
"S00127357",61,34,27
"S00127358",134,66,68
"S00127359",74,60,14
"S00127360",118,69,49
"S00127361",76,46,30
"S00127362",46,25,21
"S00127363",107,35,72
"S00127364",68,28,40
"S00127365",106,36,70
"S00127366",147,49,98
"S00127367",139,60,79
"S00127368",125,39,86
"S00127369",56,24,32
"S00127370",124,44,80
"S00127371",114,43,71
"S00127372",270,69,201
"S00127373",107,39,68
"S00127374",52,18,34
"S00127375",74,29,45
"S00127376",81,31,50
"S00127377",54,28,26
"S00127378",119,45,74
"S00127379",81,39,42
"S00127380",82,34,48
"S00127381",116,40,76
"S00127382",139,45,94
"S00127383",119,67,52
"S00127384",107,52,55
"S00127385",123,43,80
"S00127386",141,45,96
"S00127387",107,31,76
"S00127388",195,147,48
"S00127389",91,44,47
"S00127390",90,30,60
"S00127391",62,42,20
"S00127392",54,41,13
"S00127393",50,43,7
"S00127394",56,19,37
"S00127395",123,41,82
"S00127396",139,64,75
"S00127397",95,32,63
"S00127398",99,41,58
"S00127399",85,42,43
"S00127400",41,9,32
"S00127401",139,64,75
"S00127402",94,45,49
"S00127403",79,59,20
"S00127404",108,36,72
"S00127405",81,39,42
"S00127406",105,43,62
"S00127407",94,55,39
"S00127408",119,61,58
"S00127409",104,67,37
"S00127410",106,52,54
"S00127411",108,72,36
"S00127412",92,62,30
"S00127413",83,53,30
"S00127414",61,47,14
"S00127415",96,50,46
"S00127416",101,51,50
"S00127417",123,46,77
"S00127418",60,48,12
"S00127419",69,49,20
"S00127420",86,34,52
"S00127421",108,57,51
"S00127422",66,39,27
"S00127423",73,54,19
"S00127424",97,65,32
"S00127425",64,42,22
"S00127426",87,64,23
"S00127427",48,36,12
"S00127428",84,37,47
"S00127429",125,73,52
"S00127430",95,41,54
"S00127431",146,84,62
"S00127432",108,65,43
"S00127433",122,101,21
"S00127434",78,47,31
"S00127435",48,34,14
"S00127436",49,39,10
"S00127437",56,53,3
"S00127438",44,37,7
"S00127439",75,47,28
"S00127440",106,58,48
"S00127441",66,32,34
"S00127442",76,54,22
"S00127443",84,56,28
"S00127444",72,35,37
"S00127445",58,47,11
"S00127446",48,40,8
"S00127447",61,35,26
"S00127448",86,61,25
"S00127449",98,60,38
"S00127450",71,29,42
"S00127451",122,54,68
"S00127452",62,44,18
"S00127453",47,38,9
"S00127454",73,51,22
"S00127455",68,34,34
"S00127456",66,41,25
"S00127457",81,48,33
"S00127458",155,75,80
"S00127459",133,90,43
"S00127460",87,44,43
"S00127461",50,37,13
"S00127462",79,29,50
"S00127463",102,66,36
"S00127464",96,66,30
"S00127465",70,35,35
"S00127466",85,51,34
"S00127467",65,32,33
"S00127468",98,73,25
"S00127469",74,53,21
"S00127470",91,63,28
"S00127471",80,63,17
"S00127472",75,47,28
"S00127473",72,48,24
"S00127474",103,77,26
"S00127475",97,76,21
"S00127476",55,39,16
"S00127477",85,76,9
"S00127478",109,83,26
"S00127479",76,62,14
"S00127480",92,75,17
"S00127481",56,40,16
"S00127482",62,44,18
"S00127483",107,58,49
"S00127484",78,58,20
"S00127485",150,67,83
"S00127486",80,44,36
"S00127487",66,36,30
"S00127488",108,79,29
"S00127489",59,55,4
"S00127490",70,54,16
"S00127491",84,66,18
"S00127492",57,53,4
"S00127493",80,53,27
"S00127494",90,76,14
"S00127495",90,72,18
"S00127496",76,48,28
"S00127497",76,55,21
"S00127498",99,55,44
"S00127499",63,30,33
"S00127500",69,49,20
"S00127501",54,42,12
"S00127502",75,39,36
"S00127503",100,68,32
"S00127504",50,35,15
"S00127505",79,42,37
"S00127506",136,74,62
"S00127507",115,76,39
"S00127508",67,37,30
"S00127509",96,46,50
"S00127510",131,71,60
"S00127511",133,65,68
"S00127512",90,60,30
"S00127513",123,54,69
"S00127514",52,34,18
"S00127515",100,59,41
"S00127516",112,68,44
"S00127517",126,84,42
"S00127518",116,81,35
"S00127519",151,71,80
"S00127520",64,48,16
"S00127521",103,68,35
"S00127522",79,56,23
"S00127523",95,75,20
"S00127524",53,37,16
"S00127525",82,69,13
"S00127526",80,41,39
"S00127527",146,89,57
"S00127528",51,31,20
"S00127529",143,76,67
"S00127530",79,49,30
"S00127531",83,53,30
"S00127532",134,71,63
"S00127533",139,77,62
"S00127534",66,47,19
"S00127535",77,50,27
"S00127536",76,44,32
"S00127537",93,58,35
"S00127538",77,42,35
"S00127539",64,46,18
"S00127540",118,81,37
"S00127541",86,55,31
"S00127542",129,71,58
"S00127543",88,43,45
"S00127544",144,82,62
"S00127545",102,53,49
"S00127546",112,36,76
"S00127547",134,59,75
"S00127548",53,49,4
"S00127549",164,52,112
"S00127550",120,52,68
"S00127551",143,58,85
"S00127552",115,65,50
"S00127553",97,62,35
"S00127554",126,58,68
"S00127555",136,54,82
"S00127556",118,53,65
"S00127557",100,36,64
"S00127558",114,48,66
"S00127559",87,25,62
"S00127560",99,69,30
"S00127561",100,48,52
"S00127562",79,48,31
"S00127563",104,58,46
"S00127564",60,39,21
"S00127565",137,58,79
"S00127566",69,39,30
"S00127567",104,56,48
"S00127568",107,69,38
"S00127569",109,27,82
"S00127570",91,54,37
"S00127571",56,28,28
"S00127572",93,65,28
"S00127573",105,57,48
"S00127574",156,60,96
"S00127575",84,52,32
"S00127576",79,53,26
"S00127577",135,96,39
"S00127578",109,88,21
"S00127579",87,63,24
"S00127580",63,43,20
"S00127581",121,85,36
"S00127582",81,52,29
"S00127583",110,78,32
"S00127584",95,55,40
"S00127585",73,33,40
"S00127586",103,49,54
"S00127587",111,61,50
"S00127588",113,62,51
"S00127589",107,60,47
"S00127590",147,64,83
"S00127591",142,70,72
"S00127592",113,47,66
"S00127593",114,59,55
"S00127594",47,15,32
"S00127595",126,63,63
"S00127596",135,59,76
"S00127597",61,37,24
"S00127598",111,50,61
"S00127599",130,88,42
"S00127600",52,34,18
"S00127601",92,69,23
"S00127602",73,53,20
"S00127603",77,48,29
"S00127604",49,25,24
"S00127605",134,81,53
"S00127606",94,52,42
"S00127607",96,60,36
"S00127608",79,66,13
"S00127609",42,24,18
"S00127610",89,54,35
"S00127611",84,56,28
"S00127612",67,43,24
"S00127613",81,45,36
"S00127614",139,91,48
"S00127615",128,68,60
"S00127616",110,67,43
"S00127617",64,34,30
"S00127618",51,45,6
"S00127619",67,32,35
"S00127620",88,50,38
"S00127621",122,70,52
"S00127622",111,73,38
"S00127623",137,81,56
"S00127624",60,46,14
"S00127625",89,46,43
"S00127626",73,60,13
"S00127627",55,47,8
"S00127628",73,57,16
"S00127629",67,64,3
"S00127630",59,53,6
"S00127631",99,76,23
"S00127632",66,60,6
"S00127633",77,70,7
"S00127634",48,42,6
"S00127635",81,65,16
"S00127636",48,35,13
"S00127637",119,110,9
"S00127638",80,70,10
"S00127639",83,72,11
"S00127640",68,62,6
"S00127641",52,50,2
"S00127642",61,49,12
"S00127643",98,86,12
"S00127644",92,76,16
"S00127645",89,77,12
"S00127646",127,105,22
"S00127647",78,75,3
"S00127648",69,56,13
"S00127649",67,54,13
"S00127650",53,41,12
"S00127651",116,109,7
"S00127652",59,51,8
"S00127653",48,42,6
"S00127654",97,83,14
"S00127655",69,55,14
"S00127656",46,36,10
"S00127657",50,41,9
"S00127658",57,51,6
"S00127659",110,84,26
"S00127660",90,63,27
"S00127661",69,61,8
"S00127662",76,29,47
"S00127663",105,62,43
"S00127664",79,33,46
"S00127665",77,44,33
"S00127666",57,43,14
"S00127667",94,83,11
"S00127668",63,57,6
"S00127669",112,64,48
"S00127670",44,31,13
"S00127671",81,56,25
"S00127672",95,78,17
"S00127673",92,56,36
"S00127674",117,110,7
"S00127675",108,94,14
"S00127676",73,57,16
"S00127677",93,74,19
"S00127678",92,72,20
"S00127679",85,75,10
"S00127680",86,76,10
"S00127681",63,53,10
"S00127682",92,76,16
"S00127683",81,65,16
"S00127684",78,60,18
"S00127685",69,65,4
"S00127686",88,76,12
"S00127687",107,60,47
"S00127688",97,75,22
"S00127689",61,49,12
"S00127690",60,46,14
"S00127691",59,45,14
"S00127692",89,70,19
"S00127693",54,24,30
"S00127694",60,52,8
"S00127695",81,58,23
"S00127696",69,57,12
"S00127697",96,68,28
"S00127698",72,66,6
"S00127699",132,86,46
"S00127700",72,52,20
"S00127701",75,61,14
"S00127702",80,51,29
"S00127703",74,65,9
"S00127704",49,41,8
"S00127705",39,35,4
"S00127706",64,48,16
"S00127707",83,64,19
"S00127708",56,52,4
"S00127709",102,78,24
"S00127710",77,63,14
"S00127711",112,88,24
"S00127712",89,78,11
"S00127713",92,38,54
"S00127714",78,35,43
"S00127715",95,72,23
"S00127716",88,77,11
"S00127717",87,67,20
"S00127718",57,38,19
"S00127719",70,62,8
"S00127720",111,96,15
"S00127721",74,62,12
"S00127722",98,81,17
"S00127723",100,64,36
"S00127724",104,49,55
"S00127725",136,82,54
"S00127726",94,55,39
"S00127727",83,47,36
"S00127728",123,57,66
"S00127729",83,23,60
"S00127730",75,43,32
"S00127731",98,32,66
"S00127732",97,35,62
"S00127733",53,23,30
"S00127734",68,39,29
"S00127735",116,77,39
"S00127736",74,52,22
"S00127737",86,66,20
"S00127738",79,47,32
"S00127739",128,82,46
"S00127740",106,58,48
"S00127741",73,53,20
"S00127742",63,38,25
"S00127743",50,41,9
"S00127744",111,74,37
"S00127745",137,74,63
"S00127746",107,36,71
"S00127747",89,46,43
"S00127748",86,23,63
"S00127749",123,45,78
"S00127750",81,25,56
"S00127751",92,43,49
"S00127752",108,35,73
"S00127753",47,21,26
"S00127754",69,21,48
"S00127755",99,49,50
"S00127756",108,43,65
"S00127757",136,52,84
"S00127758",107,38,69
"S00127759",107,47,60
"S00127760",115,41,74
"S00127761",94,40,54
"S00127762",85,30,55
"S00127763",74,30,44
"S00127764",118,46,72
"S00127765",149,59,90
"S00127766",143,59,84
"S00127767",104,35,69
"S00127768",131,41,90
"S00127769",68,38,30
"S00127770",130,65,65
"S00127771",138,64,74
"S00127772",77,39,38
"S00127773",83,34,49
"S00127774",83,31,52
"S00127775",106,40,66
"S00127776",88,48,40
"S00127777",84,48,36
"S00127778",161,53,108
"S00127779",148,56,92
"S00127780",104,43,61
"S00127781",90,37,53
"S00127782",108,34,74
"S00127783",93,20,73
"S00127784",90,29,61
"S00127785",90,36,54
"S00127786",110,34,76
"S00127787",108,70,38
"S00127788",82,45,37
"S00127789",115,42,73
"S00127790",65,34,31
"S00127791",138,67,71
"S00127792",106,54,52
"S00127793",89,31,58
"S00127794",95,33,62
"S00127795",102,42,60
"S00127796",87,59,28
"S00127797",106,80,26
"S00127798",116,63,53
"S00127799",98,42,56
"S00127800",146,103,43
"S00127801",51,45,6
"S00127802",59,47,12
"S00127803",54,39,15
"S00127804",62,47,15
"S00127805",64,52,12
"S00127806",74,60,14
"S00127807",69,51,18
"S00127808",107,94,13
"S00127809",120,89,31
"S00127810",59,27,32
"S00127811",88,52,36
"S00127812",150,76,74
"S00127813",101,55,46
"S00127814",83,38,45
"S00127815",84,73,11
"S00127816",80,62,18
"S00127817",108,69,39
"S00127818",64,46,18
"S00127819",105,72,33
"S00127820",93,59,34
"S00127821",75,53,22
"S00127822",76,64,12
"S00127823",91,57,34
"S00127824",73,38,35
"S00127825",62,42,20
"S00127826",75,54,21
"S00127827",58,40,18
"S00127828",62,28,34
"S00127829",107,75,32
"S00127830",95,53,42
"S00127831",101,60,41
"S00127832",72,42,30
"S00127833",165,99,66
"S00127834",153,72,81
"S00127835",71,38,33
"S00127836",90,37,53
"S00127837",71,43,28
"S00127838",86,71,15
"S00127839",136,81,55
"S00127840",89,81,8
"S00127841",98,84,14
"S00127842",86,77,9
"S00127843",52,46,6
"S00127844",67,55,12
"S00127845",115,57,58
"S00127846",105,63,42
"S00127847",76,51,25
"S00127848",87,67,20
"S00127849",56,41,15
"S00127850",51,43,8
"S00127851",118,85,33
"S00127852",72,41,31
"S00127853",55,31,24
"S00127854",158,120,38
"S00127855",88,43,45
"S00127856",119,70,49
"S00127857",51,32,19
"S00127858",144,86,58
"S00127859",85,50,35
"S00127860",122,56,66
"S00127861",281,212,69
"S00127862",50,18,32
"S00127863",116,30,86
"S00127864",96,38,58
"S00127865",58,17,41
"S00127866",103,29,74
"S00127867",93,49,44
"S00127868",107,61,46
"S00127869",92,60,32
"S00127870",105,68,37
"S00127871",79,41,38
"S00127872",80,62,18
"S00127873",98,64,34
"S00127874",119,55,64
"S00127875",86,42,44
"S00127876",102,52,50
"S00127877",62,38,24
"S00127878",99,57,42
"S00127879",84,42,42
"S00127880",69,34,35
"S00127881",84,35,49
"S00127882",102,61,41
"S00127883",128,72,56
"S00127884",100,54,46
"S00127885",80,50,30
"S00127886",75,67,8
"S00127887",62,28,34
"S00127888",71,31,40
"S00127889",80,70,10
"S00127890",96,45,51
"S00127891",89,63,26
"S00127892",149,107,42
"S00127893",114,84,30
"S00127894",102,71,31
"S00127895",64,45,19
"S00127896",88,52,36
"S00127897",120,74,46
"S00127898",107,67,40
"S00127899",79,49,30
"S00127900",85,49,36
"S00127901",90,46,44
"S00127902",77,45,32
"S00127903",89,45,44
"S00127904",103,58,45
"S00127905",80,60,20
"S00127906",84,50,34
"S00127907",103,54,49
"S00127908",76,41,35
"S00127909",187,126,61
"S00127910",88,57,31
"S00127911",138,77,61
"S00127912",119,87,32
"S00127913",94,52,42
"S00127914",68,20,48
"S00127915",82,60,22
"S00127916",83,41,42
"S00127917",100,54,46
"S00127918",110,75,35
"S00127919",112,65,47
"S00127920",92,51,41
"S00127921",49,22,27
"S00127922",65,44,21
"S00127923",93,46,47
"S00127924",75,60,15
"S00127925",97,69,28
"S00127926",104,49,55
"S00127927",153,81,72
"S00127928",126,55,71
"S00127929",84,33,51
"S00127930",59,53,6
"S00127931",57,57,0
"S00127932",73,47,26
"S00127933",108,48,60
"S00127934",115,44,71
"S00127935",106,37,69
"S00127936",74,44,30
"S00127937",103,37,66
"S00127938",102,29,73
"S00127939",74,58,16
"S00127940",109,28,81
"S00127941",89,27,62
"S00127942",58,33,25
"S00127943",66,49,17
"S00127944",69,59,10
"S00127945",102,71,31
"S00127946",80,71,9
"S00127947",176,154,22
"S00127948",85,65,20
"S00127949",71,55,16
"S00127950",57,31,26
"S00127951",63,36,27
"S00127952",64,38,26
"S00127953",95,47,48
"S00127954",93,49,44
"S00127955",51,35,16
"S00127956",125,64,61
"S00127957",78,50,28
"S00127958",99,50,49
"S00127959",56,30,26
"S00127960",55,39,16
"S00127961",66,48,18
"S00127962",73,43,30
"S00127963",43,40,3
"S00127964",49,28,21
"S00127965",67,35,32
"S00127966",79,50,29
"S00127967",101,33,68
"S00127968",109,41,68
"S00127969",92,32,60
"S00127970",55,19,36
"S00127971",77,31,46
"S00127972",86,30,56
"S00127973",106,45,61
"S00127974",79,36,43
"S00127975",120,60,60
"S00127976",76,41,35
"S00127977",111,37,74
"S00127978",109,49,60
"S00127979",91,34,57
"S00127980",118,38,80
"S00127981",120,36,84
"S00127982",98,34,64
"S00127983",82,22,60
"S00127984",81,40,41
"S00127985",117,40,77
"S00127986",83,47,36
"S00127987",73,40,33
"S00127988",111,33,78
"S00127989",104,40,64
"S00127990",124,48,76
"S00127991",86,44,42
"S00127992",67,45,22
"S00127993",124,66,58
"S00127994",96,50,46
"S00127995",96,31,65
"S00127996",98,50,48
"S00127997",84,42,42
"S00127998",67,47,20
"S00127999",37,32,5
"S00128000",100,82,18
"S00128001",84,56,28
"S00128002",92,63,29
"S00128003",65,41,24
"S00128004",108,58,50
"S00128005",71,49,22
"S00128006",88,40,48
"S00128007",65,57,8
"S00128008",61,43,18
"S00128009",89,48,41
"S00128010",93,49,44
"S00128011",103,59,44
"S00128012",93,61,32
"S00128013",54,52,2
"S00128014",155,124,31
"S00128015",135,81,54
"S00128016",84,54,30
"S00128017",66,48,18
"S00128018",85,50,35
"S00128019",73,34,39
"S00128020",83,55,28
"S00128021",56,34,22
"S00128022",68,43,25
"S00128023",61,47,14
"S00128024",69,51,18
"S00128025",90,66,24
"S00128026",100,76,24
"S00128027",104,80,24
"S00128028",52,33,19
"S00128029",107,60,47
"S00128030",59,45,14
"S00128031",94,71,23
"S00128032",87,69,18
"S00128033",56,50,6
"S00128034",95,43,52
"S00128035",110,81,29
"S00128036",85,54,31
"S00128037",55,45,10
"S00128038",56,40,16
"S00128039",126,97,29
"S00128040",42,32,10
"S00128041",44,30,14
"S00128042",72,60,12
"S00128043",65,50,15
"S00128044",101,87,14
"S00128045",82,63,19
"S00128046",107,95,12
"S00128047",80,66,14
"S00128048",65,55,10
"S00128049",67,60,7
"S00128050",77,53,24
"S00128051",63,54,9
"S00128052",86,79,7
"S00128053",102,90,12
"S00128054",77,61,16
"S00128055",133,103,30
"S00128056",54,44,10
"S00128057",119,70,49
"S00128058",147,62,85
"S00128059",93,31,62
"S00128060",76,38,38
"S00128061",79,56,23
"S00128062",83,43,40
"S00128063",74,46,28
"S00128064",88,64,24
"S00128065",62,56,6
"S00128066",99,77,22
"S00128067",71,56,15
"S00128068",77,55,22
"S00128069",69,48,21
"S00128070",63,45,18
"S00128071",59,37,22
"S00128072",130,102,28
"S00128073",67,40,27
"S00128074",73,55,18
"S00128075",76,60,16
"S00128076",80,65,15
"S00128077",99,73,26
"S00128078",75,56,19
"S00128079",61,39,22
"S00128080",88,61,27
"S00128081",55,50,5
"S00128082",70,55,15
"S00128083",79,61,18
"S00128084",102,83,19
"S00128085",67,44,23
"S00128086",52,41,11
"S00128087",100,75,25
"S00128088",80,50,30
"S00128089",68,46,22
"S00128090",81,57,24
"S00128091",75,57,18
"S00128092",75,60,15
"S00128093",80,63,17
"S00128094",78,54,24
"S00128095",79,51,28
"S00128096",78,59,19
"S00128097",99,61,38
"S00128098",115,65,50
"S00128099",65,31,34
"S00128100",92,88,4
"S00128101",100,55,45
"S00128102",78,44,34
"S00128103",74,42,32
"S00128104",87,52,35
"S00128105",72,36,36
"S00128106",57,37,20
"S00128107",59,39,20
"S00128108",123,71,52
"S00128109",93,61,32
"S00128110",91,77,14
"S00128111",111,74,37
"S00128112",154,98,56
"S00128113",105,92,13
"S00128114",87,53,34
"S00128115",86,36,50
"S00128116",71,27,44
"S00128117",77,25,52
"S00128118",120,46,74
"S00128119",84,41,43
"S00128120",100,40,60
"S00128121",99,43,56
"S00128122",99,49,50
"S00128123",104,39,65
"S00128124",95,35,60
"S00128125",135,94,41
"S00128126",70,39,31
"S00128127",93,34,59
"S00128128",78,34,44
"S00128129",152,127,25
"S00128130",43,33,10
"S00128131",75,66,9
"S00128132",81,68,13
"S00128133",104,55,49
"S00128134",69,58,11
"S00128135",78,72,6
"S00128136",98,76,22
"S00128137",135,75,60
"S00128138",44,29,15
"S00128139",87,63,24
"S00128140",76,54,22
"S00128141",84,64,20
"S00128142",60,36,24
"S00128143",57,39,18
"S00128144",159,60,99
"S00128145",86,61,25
"S00128146",109,85,24
"S00128147",78,59,19
"S00128148",79,71,8
"S00128149",70,52,18
"S00128150",109,70,39
"S00128151",121,83,38
"S00128152",107,70,37
"S00128153",111,75,36
"S00128154",110,82,28
"S00128155",97,95,2
"S00128156",123,65,58
"S00128157",105,72,33
"S00128158",70,50,20
"S00128159",66,54,12
"S00128160",74,59,15
"S00128161",102,57,45
"S00128162",85,60,25
"S00128163",94,83,11
"S00128164",69,61,8
"S00128165",70,62,8
"S00128166",50,41,9
"S00128167",67,60,7
"S00128168",104,80,24
"S00128169",67,51,16
"S00128170",111,86,25
"S00128171",94,68,26
"S00128172",71,50,21
"S00128173",91,60,31
"S00128174",78,58,20
"S00128175",64,51,13
"S00128176",110,50,60
"S00128177",106,63,43
"S00128178",84,62,22
"S00128179",72,44,28
"S00128180",76,60,16
"S00128181",109,63,46
"S00128182",69,47,22
"S00128183",77,53,24
"S00128184",68,36,32
"S00128185",205,106,99
"S00128186",78,34,44
"S00128187",89,28,61
"S00128188",91,40,51
"S00128189",87,35,52
"S00128190",113,63,50
"S00128191",71,44,27
"S00128192",88,48,40
"S00128193",77,41,36
"S00128194",96,49,47
"S00128195",104,52,52
"S00128196",105,56,49
"S00128197",133,91,42
"S00128198",114,51,63
"S00128199",68,54,14
"S00128200",67,43,24
"S00128201",106,64,42
"S00128202",81,48,33
"S00128203",91,45,46
"S00128204",66,34,32
"S00128205",130,80,50
"S00128206",135,95,40
"S00128207",57,28,29
"S00128208",53,43,10
"S00128209",50,24,26
"S00128210",98,49,49
"S00128211",86,61,25
"S00128212",69,39,30
"S00128213",72,36,36
"S00128214",64,26,38
"S00128215",48,32,16
"S00128216",75,47,28
"S00128217",83,44,39
"S00128218",76,45,31
"S00128219",68,38,30
"S00128220",106,53,53
"S00128221",91,46,45
"S00128222",57,41,16
"S00128223",44,32,12
"S00128224",90,42,48
"S00128225",114,46,68
"S00128226",106,55,51
"S00128227",102,42,60
"S00128228",140,85,55
"S00128229",124,62,62
"S00128230",98,55,43
"S00128231",73,37,36
"S00128232",87,51,36
"S00128233",103,58,45
"S00128234",81,41,40
"S00128235",85,52,33
"S00128236",122,51,71
"S00128237",105,51,54
"S00128238",106,42,64
"S00128239",128,48,80
"S00128240",106,43,63
"S00128241",102,30,72
"S00128242",157,72,85
"S00128243",99,48,51
"S00128244",102,40,62
"S00128245",79,39,40
"S00128246",107,47,60
"S00128247",85,47,38
"S00128248",65,31,34
"S00128249",57,29,28
"S00128250",90,42,48
"S00128251",142,76,66
"S00128252",152,61,91
"S00128253",121,54,67
"S00128254",140,40,100
"S00128255",164,51,113
"S00128256",110,36,74
"S00128257",129,50,79
"S00128258",84,38,46
"S00128259",81,51,30
"S00128260",77,48,29
"S00128261",136,66,70
"S00128262",97,46,51
"S00128263",86,28,58
"S00128264",125,79,46
"S00128265",138,60,78
"S00128266",146,47,99
"S00128267",116,64,52
"S00128268",117,55,62
"S00128269",77,55,22
"S00128270",99,23,76
"S00128271",105,42,63
"S00128272",110,33,77
"S00128273",104,40,64
"S00128274",109,36,73
"S00128275",119,48,71
"S00128276",95,46,49
"S00128277",120,36,84
"S00128278",92,36,56
"S00128279",108,43,65
"S00128280",153,53,100
"S00128281",99,27,72
"S00128282",67,19,48
"S00128283",78,30,48
"S00128284",79,13,66
"S00128285",85,19,66
"S00128286",76,50,26
"S00128287",81,47,34
"S00128288",87,43,44
"S00128289",89,44,45
"S00128290",67,28,39
"S00128291",113,59,54
"S00128292",106,71,35
"S00128293",104,70,34
"S00128294",71,49,22
"S00128295",128,81,47
"S00128296",115,75,40
"S00128297",80,48,32
"S00128298",126,60,66
"S00128299",70,38,32
"S00128300",90,36,54
"S00128301",85,29,56
"S00128302",119,33,86
"S00128303",105,29,76
"S00128304",65,19,46
"S00128305",138,52,86
"S00128306",89,32,57
"S00128307",65,28,37
"S00128308",110,41,69
"S00128309",148,43,105
"S00128310",129,47,82
"S00128311",99,31,68
"S00128312",88,42,46
"S00128313",120,44,76
"S00128314",106,38,68
"S00128315",54,26,28
"S00128316",83,31,52
"S00128317",116,48,68
"S00128318",95,48,47
"S00128319",126,54,72
"S00128320",127,33,94
"S00128321",86,36,50
"S00128322",144,62,82
"S00128323",140,45,95
"S00128324",136,60,76
"S00128325",125,33,92
"S00128326",137,39,98
"S00128327",113,35,78
"S00128328",93,29,64
"S00128329",81,33,48
"S00128330",66,32,34
"S00128331",96,46,50
"S00128332",109,29,80
"S00128333",94,51,43
"S00128334",100,46,54
"S00128335",63,35,28
"S00128336",160,56,104
"S00128337",119,42,77
"S00128338",100,34,66
"S00128339",145,40,105
"S00128340",123,65,58
"S00128341",88,40,48
"S00128342",101,44,57
"S00128343",124,62,62
"S00128344",99,50,49
"S00128345",83,41,42
"S00128346",108,67,41
"S00128347",75,35,40
"S00128348",74,34,40
"S00128349",109,62,47
"S00128350",121,42,79
"S00128351",83,46,37
"S00128352",84,60,24
"S00128353",70,34,36
"S00128354",132,84,48
"S00128355",121,57,64
"S00128356",116,72,44
"S00128357",125,49,76
"S00128358",115,37,78
"S00128359",125,35,90
"S00128360",135,59,76
"S00128361",130,52,78
"S00128362",129,79,50
"S00128363",94,51,43
"S00128364",74,45,29
"S00128365",86,36,50
"S00128366",117,65,52
"S00128367",94,48,46
"S00128368",64,32,32
"S00128369",117,75,42
"S00128370",149,87,62
"S00128371",97,57,40
"S00128372",117,64,53
"S00128373",116,86,30
"S00128374",77,39,38
"S00128375",148,78,70
"S00128376",120,54,66
"S00128377",90,46,44
"S00128378",153,81,72
"S00128379",98,51,47
"S00128380",79,32,47
"S00128381",122,59,63
"S00128382",136,69,67
"S00128383",115,68,47
"S00128384",128,56,72
"S00128385",100,45,55
"S00128386",92,45,47
"S00128387",87,48,39
"S00128388",80,40,40
"S00128389",87,45,42
"S00128390",92,29,63
"S00128391",122,76,46
"S00128392",131,47,84
"S00128393",147,41,106
"S00128394",51,16,35
"S00128395",74,33,41
"S00128396",80,32,48
"S00128397",73,33,40
"S00128398",111,57,54
"S00128399",107,61,46
"S00128400",104,52,52
"S00128401",104,44,60
"S00128402",58,26,32
"S00128403",125,41,84
"S00128404",118,38,80
"S00128405",90,24,66
"S00128406",133,53,80
"S00128407",158,66,92
"S00128408",81,45,36
"S00128409",69,36,33
"S00128410",58,25,33
"S00128411",174,100,74
"S00128412",74,52,22
"S00128413",90,38,52
"S00128414",84,46,38
"S00128415",131,47,84
"S00128416",97,36,61
"S00128417",89,49,40
"S00128418",89,28,61
"S00128419",85,31,54
"S00128420",113,43,70
"S00128421",129,52,77
"S00128422",155,59,96
"S00128423",159,55,104
"S00128424",124,38,86
"S00128425",176,60,116
"S00128426",127,43,84
"S00128427",126,36,90
"S00128428",105,53,52
"S00128429",145,58,87
"S00128430",133,49,84
"S00128431",98,29,69
"S00128432",81,33,48
"S00128433",55,18,37
"S00128434",76,58,18
"S00128435",105,43,62
"S00128436",110,45,65
"S00128437",72,33,39
"S00128438",97,47,50
"S00128439",85,49,36
"S00128440",121,35,86
"S00128441",128,44,84
"S00128442",72,26,46
"S00128443",93,37,56
"S00128444",161,60,101
"S00128445",123,41,82
"S00128446",114,37,77
"S00128447",167,47,120
"S00128448",153,49,104
"S00128449",112,32,80
"S00128450",146,50,96
"S00128451",147,59,88
"S00128452",113,36,77
"S00128453",83,45,38
"S00128454",104,63,41
"S00128455",79,62,17
"S00128456",142,67,75
"S00128457",56,45,11
"S00128458",110,43,67
"S00128459",47,35,12
"S00128460",83,35,48
"S00128461",57,38,19
"S00128462",70,46,24
"S00128463",100,56,44
"S00128464",63,50,13
"S00128465",73,49,24
"S00128466",87,47,40
"S00128467",52,24,28
"S00128468",101,45,56
"S00128469",75,23,52
"S00128470",90,24,66
"S00128471",70,34,36
"S00128472",51,19,32
"S00128473",131,57,74
"S00128474",100,26,74
"S00128475",45,7,38
"S00128476",126,69,57
"S00128477",104,56,48
"S00128478",57,31,26
"S00128479",63,21,42
"S00128480",127,54,73
"S00128481",79,52,27
"S00128482",73,23,50
"S00128483",79,25,54
"S00128484",53,13,40
"S00128485",49,19,30
"S00128486",98,37,61
"S00128487",127,64,63
"S00128488",153,65,88
"S00128489",102,55,47
"S00128490",88,42,46
"S00128491",111,47,64
"S00128492",47,12,35
"S00128493",68,22,46
"S00128494",75,43,32
"S00128495",109,38,71
"S00128496",126,65,61
"S00128497",101,41,60
"S00128498",144,53,91
"S00128499",124,89,35
"S00128500",96,54,42
"S00128501",79,59,20
"S00128502",133,90,43
"S00128503",85,71,14
"S00128504",69,51,18
"S00128505",44,29,15
"S00128506",76,32,44
"S00128507",51,42,9
"S00128508",58,26,32
"S00128509",79,51,28
"S00128510",129,65,64
"S00128511",69,21,48
"S00128512",64,42,22
"S00128513",100,30,70
"S00128514",67,21,46
"S00128515",107,36,71
"S00128516",96,59,37
"S00128517",52,47,5
"S00128518",46,39,7
"S00128519",90,54,36
"S00128520",76,27,49
"S00128521",101,68,33
"S00128522",59,35,24
"S00128523",50,32,18
"S00128524",104,54,50
"S00128525",65,59,6
"S00128526",53,45,8
"S00128527",82,66,16
"S00128528",81,65,16
"S00128529",261,215,46
"S00128530",131,56,75
"S00128531",76,68,8
"S00128532",60,34,26
"S00128533",124,62,62
"S00128534",83,32,51
"S00128535",47,35,12
"S00128536",74,29,45
"S00128537",164,79,85
"S00128538",99,46,53
"S00128539",142,73,69
"S00128540",101,64,37
"S00128541",300,203,97
"S00128542",56,36,20
"S00128543",147,57,90
"S00128544",107,75,32
"S00128545",48,42,6
"S00128546",58,46,12
"S00128547",43,37,6
"S00128548",94,84,10
"S00128549",100,87,13
"S00128550",70,34,36
"S00128551",77,40,37
"S00128552",75,39,36
"S00128553",90,60,30
"S00128554",132,59,73
"S00128555",74,52,22
"S00128556",87,57,30
"S00128557",68,46,22
"S00128558",55,33,22
"S00128559",85,61,24
"S00128560",63,15,48
"S00128561",65,28,37
"S00128562",83,31,52
"S00128563",113,58,55
"S00128564",98,51,47
"S00128565",126,53,73
"S00128566",64,56,8
"S00128567",55,49,6
"S00128568",65,49,16
"S00128569",41,21,20
"S00128570",60,48,12
"S00128571",90,69,21
"S00128572",99,87,12
"S00128573",72,50,22
"S00128574",68,57,11
"S00128575",53,41,12
"S00128576",121,54,67
"S00128577",75,71,4
"S00128578",77,63,14
"S00128579",56,48,8
"S00128580",64,51,13
"S00128581",60,44,16
"S00128582",142,64,78
"S00128583",80,48,32
"S00128584",78,44,34
"S00128585",82,52,30
"S00128586",117,82,35
"S00128587",112,46,66
"S00128588",72,36,36
"S00128589",53,49,4
"S00128590",55,49,6
"S00128591",61,49,12
"S00128592",66,56,10
"S00128593",57,32,25
"S00128594",81,55,26
"S00128595",59,39,20
"S00128596",55,39,16
"S00128597",55,41,14
"S00128598",53,37,16
"S00128599",64,26,38
"S00128600",103,45,58
"S00128601",82,42,40
"S00128602",53,39,14
"S00128603",66,48,18
"S00128604",56,42,14
"S00128605",67,58,9
"S00128606",56,34,22
"S00128607",88,58,30
"S00128608",62,27,35
"S00128609",102,36,66
"S00128610",98,91,7
"S00128611",58,45,13
"S00128612",45,39,6
"S00128613",92,50,42
"S00128614",53,29,24
"S00128615",80,46,34
"S00128616",97,32,65
"S00128617",111,40,71
"S00128618",63,39,24
"S00128619",49,37,12
"S00128620",78,66,12
"S00128621",135,70,65
"S00128622",92,55,37
"S00128623",92,48,44
"S00128624",81,39,42
"S00128625",101,44,57
"S00128626",111,45,66
"S00128627",73,19,54
"S00128628",135,49,86
"S00128629",107,43,64
"S00128630",69,23,46
"S00128631",64,32,32
"S00128632",91,45,46
"S00128633",135,54,81
"S00128634",96,50,46
"S00128635",135,82,53
"S00128636",170,97,73
"S00128637",112,39,73
"S00128638",108,34,74
"S00128639",109,41,68
"S00128640",86,23,63
"S00128641",99,37,62
"S00128642",95,43,52
"S00128643",99,43,56
"S00128644",56,24,32
"S00128645",78,41,37
"S00128646",94,33,61
"S00128647",64,31,33
"S00128648",87,42,45
"S00128649",69,43,26
"S00128650",92,41,51
"S00128651",76,32,44
"S00128652",99,50,49
"S00128653",100,30,70
"S00128654",123,47,76
"S00128655",130,48,82
"S00128656",63,23,40
"S00128657",115,40,75
"S00128658",124,41,83
"S00128659",129,41,88
"S00128660",95,35,60
"S00128661",90,28,62
"S00128662",74,34,40
"S00128663",95,23,72
"S00128664",128,46,82
"S00128665",68,26,42
"S00128666",108,36,72
"S00128667",100,51,49
"S00128668",126,79,47
"S00128669",74,57,17
"S00128670",103,73,30
"S00128671",76,46,30
"S00128672",57,44,13
"S00128673",53,26,27
"S00128674",51,37,14
"S00128675",138,58,80
"S00128676",135,67,68
"S00128677",103,74,29
"S00128678",56,32,24
"S00128679",110,58,52
"S00128680",144,77,67
"S00128681",41,21,20
"S00128682",43,13,30
"S00128683",103,83,20
"S00128684",68,60,8
"S00128685",92,56,36
"S00128686",100,51,49
"S00128687",70,36,34
"S00128688",93,61,32
"S00128689",40,34,6
"S00128690",82,68,14
"S00128691",60,38,22
"S00128692",93,67,26
"S00128693",98,71,27
"S00128694",64,58,6
"S00128695",43,23,20
"S00128696",53,47,6
"S00128697",84,70,14
"S00128698",98,90,8
"S00128699",75,59,16
"S00128700",53,34,19
"S00128701",51,39,12
"S00128702",105,90,15
"S00128703",86,69,17
"S00128704",85,59,26
"S00128705",70,56,14
"S00128706",98,49,49
"S00128707",99,50,49
"S00128708",84,64,20
"S00128709",221,202,19
"S00128710",68,62,6
"S00128711",81,51,30
"S00128712",73,35,38
"S00128713",68,52,16
"S00128714",52,38,14
"S00128715",117,93,24
"S00128716",57,41,16
"S00128717",49,42,7
"S00128718",86,60,26
"S00128719",58,51,7
"S00128720",99,49,50
"S00128721",107,59,48
"S00128722",110,87,23
"S00128723",99,64,35
"S00128724",56,27,29
"S00128725",65,29,36
"S00128726",64,44,20
"S00128727",56,46,10
"S00128728",74,55,19
"S00128729",157,124,33
"S00128730",97,67,30
"S00128731",105,67,38
"S00128732",92,63,29
"S00128733",51,29,22
"S00128734",59,37,22
"S00128735",103,42,61
"S00128736",65,33,32
"S00128737",112,26,86
"S00128738",127,39,88
"S00128739",165,81,84
"S00128740",174,60,114
"S00128741",139,49,90
"S00128742",93,54,39
"S00128743",59,47,12
"S00128744",109,71,38
"S00128745",123,61,62
"S00128746",86,60,26
"S00128747",55,32,23
"S00128748",65,39,26
"S00128749",55,41,14
"S00128750",74,53,21
"S00128751",82,45,37
"S00128752",49,37,12
"S00128753",77,39,38
"S00128754",151,64,87
"S00128755",54,47,7
"S00128756",60,52,8
"S00128757",176,111,65
"S00128758",100,54,46
"S00128759",104,56,48
"S00128760",80,28,52
"S00128761",66,33,33
"S00128762",151,41,110
"S00128763",72,24,48
"S00128764",182,73,109
"S00128765",133,59,74
"S00128766",130,48,82
"S00128767",138,53,85
"S00128768",62,25,37
"S00128769",46,21,25
"S00128770",77,43,34
"S00128771",71,29,42
"S00128772",72,44,28
"S00128773",128,80,48
"S00128774",127,43,84
"S00128775",91,30,61
"S00128776",85,57,28
"S00128777",95,65,30
"S00128778",111,67,44
"S00128779",67,57,10
"S00128780",55,51,4
"S00128781",131,67,64
"S00128782",160,56,104
"S00128783",114,55,59
"S00128784",84,30,54
"S00128785",145,46,99
"S00128786",87,25,62
"S00128787",133,61,72
"S00128788",124,44,80
"S00128789",131,55,76
"S00128790",88,26,62
"S00128791",133,51,82
"S00128792",66,32,34
"S00128793",38,34,4
"S00128794",69,66,3
"S00128795",45,34,11
"S00128796",62,45,17
"S00128797",55,39,16
"S00128798",87,52,35
"S00128799",124,68,56
"S00128800",99,63,36
"S00128801",105,59,46
"S00128802",97,85,12
"S00128803",82,64,18
"S00128804",123,103,20
"S00128805",45,39,6
"S00128806",88,65,23
"S00128807",71,51,20
"S00128808",90,57,33
"S00128809",69,63,6
"S00128810",107,92,15
"S00128811",88,64,24
"S00128812",121,83,38
"S00128813",59,53,6
"S00128814",79,61,18
"S00128815",65,44,21
"S00128816",80,50,30
"S00128817",75,61,14
"S00128818",118,36,82
"S00128819",109,52,57
"S00128820",78,36,42
"S00128821",115,57,58
"S00128822",96,54,42
"S00128823",59,39,20
"S00128824",227,106,121
"S00128825",127,43,84
"S00128826",55,39,16
"S00128827",82,56,26
"S00128828",73,45,28
"S00128829",88,42,46
"S00128830",60,38,22
"S00128831",93,71,22
"S00128832",59,31,28
"S00128833",92,68,24
"S00128834",61,48,13
"S00128835",81,73,8
"S00128836",113,72,41
"S00128837",144,56,88
"S00128838",95,29,66
"S00128839",102,46,56
"S00128840",88,60,28
"S00128841",154,83,71
"S00128842",88,47,41
"S00128843",114,55,59
"S00128844",77,23,54
"S00128845",69,21,48
"S00128846",100,71,29
"S00128847",70,49,21
"S00128848",90,54,36
"S00128849",94,84,10
"S00128850",126,51,75
"S00128851",125,46,79
"S00128852",125,56,69
"S00128853",81,42,39
"S00128854",135,62,73
"S00128855",151,61,90
"S00128856",61,28,33
"S00128857",72,62,10
"S00128858",42,30,12
"S00128859",70,46,24
"S00128860",113,58,55
"S00128861",86,38,48
"S00128862",60,36,24
"S00128863",186,71,115
"S00128864",78,38,40
"S00128865",110,33,77
"S00128866",66,30,36
"S00128867",49,15,34
"S00128868",164,67,97
"S00128869",78,34,44
"S00128870",60,39,21
"S00128871",63,35,28
"S00128872",67,32,35
"S00128873",115,38,77
"S00128874",63,30,33
"S00128875",94,70,24
"S00128876",55,21,34
"S00128877",83,61,22
"S00128878",64,59,5
"S00128879",76,47,29
"S00128880",65,42,23
"S00128881",152,49,103
"S00128882",62,34,28
"S00128883",96,52,44
"S00128884",173,58,115
"S00128885",118,40,78
"S00128886",146,63,83
"S00128887",50,12,38
"S00128888",45,14,31
"S00128889",93,47,46
"S00128890",85,39,46
"S00128891",117,39,78
"S00128892",53,43,10
"S00128893",98,48,50
"S00128894",67,33,34
"S00128895",86,49,37
"S00128896",66,22,44
"S00128897",232,86,146
"S00128898",112,54,58
"S00128899",88,26,62
"S00128900",140,49,91
"S00128901",82,34,48
"S00128902",127,40,87
"S00128903",97,37,60
"S00128904",121,34,87
"S00128905",82,31,51
"S00128906",120,57,63
"S00128907",81,23,58
"S00128908",120,44,76
"S00128909",43,13,30
"S00128910",128,41,87
"S00128911",49,30,19
"S00128912",85,26,59
"S00128913",78,34,44
"S00128914",101,53,48
"S00128915",92,48,44
"S00128916",82,44,38
"S00128917",95,49,46
"S00128918",124,38,86
"S00128919",94,29,65
"S00128920",149,51,98
"S00128921",106,31,75
"S00128922",78,36,42
"S00128923",122,43,79
"S00128924",86,52,34
"S00128925",123,46,77
"S00128926",149,46,103
"S00128927",81,46,35
"S00128928",154,53,101
"S00128929",76,24,52
"S00128930",118,40,78
"S00128931",80,38,42
"S00128932",141,57,84
"S00128933",74,42,32
"S00128934",135,49,86
"S00128935",64,32,32
"S00128936",128,58,70
"S00128937",89,68,21
"S00128938",87,55,32
"S00128939",119,72,47
"S00128940",97,63,34
"S00128941",73,53,20
"S00128942",109,67,42
"S00128943",132,68,64
"S00128944",71,57,14
"S00128945",75,29,46
"S00128946",53,15,38
"S00128947",146,56,90
"S00128948",88,46,42
"S00128949",129,53,76
"S00128950",137,51,86
"S00128951",145,68,77
"S00128952",93,34,59
"S00128953",144,64,80
"S00128954",78,52,26
"S00128955",86,32,54
"S00128956",49,32,17
"S00128957",143,54,89
"S00128958",59,27,32
"S00128959",120,60,60
"S00128960",82,28,54
"S00128961",67,22,45
"S00128962",193,81,112
"S00128963",71,37,34
"S00128964",65,26,39
"S00128965",109,57,52
"S00128966",100,54,46
"S00128967",69,33,36
"S00128968",142,66,76
"S00128969",121,64,57
"S00128970",102,46,56
"S00128971",134,64,70
"S00128972",114,46,68
"S00128973",84,24,60
"S00128974",120,50,70
"S00128975",113,45,68
"S00128976",83,35,48
"S00128977",68,38,30
"S00128978",83,47,36
"S00128979",91,50,41
"S00128980",69,34,35
"S00128981",66,27,39
"S00128982",123,62,61
"S00128983",78,31,47
"S00128984",74,30,44
"S00128985",108,48,60
"S00128986",61,25,36
"S00128987",100,48,52
"S00128988",53,19,34
"S00128989",126,61,65
"S00128990",96,34,62
"S00128991",127,63,64
"S00128992",134,69,65
"S00128993",86,43,43
"S00128994",55,24,31
"S00128995",122,62,60
"S00128996",143,61,82
"S00128997",45,36,9
"S00128998",135,58,77
"S00128999",96,52,44
"S00129000",85,32,53
"S00129001",56,24,32
"S00129002",51,27,24
"S00129003",118,53,65
"S00129004",176,70,106
"S00129005",142,66,76
"S00129006",52,18,34
"S00129007",139,45,94
"S00129008",110,46,64
"S00129009",123,51,72
"S00129010",67,35,32
"S00129011",90,47,43
"S00129012",95,33,62
"S00129013",156,53,103
"S00129014",53,21,32
"S00129015",76,36,40
"S00129016",102,46,56
"S00129017",71,33,38
"S00129018",77,35,42
"S00129019",56,30,26
"S00129020",95,73,22
"S00129021",54,24,30
"S00129022",85,36,49
"S00129023",111,45,66
"S00129024",95,52,43
"S00129025",84,47,37
"S00129026",125,91,34
"S00129027",80,50,30
"S00129028",93,63,30
"S00129029",71,53,18
"S00129030",133,69,64
"S00129031",78,46,32
"S00129032",50,24,26
"S00129033",104,61,43
"S00129034",133,61,72
"S00129035",62,25,37
"S00129036",144,50,94
"S00129037",90,45,45
"S00129038",72,59,13
"S00129039",80,61,19
"S00129040",86,63,23
"S00129041",131,63,68
"S00129042",70,41,29
"S00129043",124,80,44
"S00129044",100,64,36
"S00129045",158,74,84
"S00129046",98,57,41
"S00129047",72,40,32
"S00129048",80,44,36
"S00129049",79,57,22
"S00129050",66,45,21
"S00129051",86,60,26
"S00129052",113,43,70
"S00129053",59,46,13
"S00129054",62,36,26
"S00129055",75,45,30
"S00129056",59,40,19
"S00129057",60,31,29
"S00129058",86,61,25
"S00129059",52,34,18
"S00129060",70,49,21
"S00129061",73,50,23
"S00129062",172,86,86
"S00129063",106,74,32
"S00129064",60,40,20
"S00129065",63,45,18
"S00129066",86,55,31
"S00129067",98,61,37
"S00129068",71,39,32
"S00129069",108,64,44
"S00129070",137,79,58
"S00129071",76,50,26
"S00129072",84,37,47
"S00129073",103,79,24
"S00129074",59,39,20
"S00129075",128,62,66
"S00129076",85,59,26
"S00129077",37,30,7
"S00129078",123,56,67
"S00129079",77,34,43
"S00129080",53,33,20
"S00129081",61,27,34
"S00129082",57,30,27
"S00129083",63,53,10
"S00129084",69,51,18
"S00129085",111,29,82
"S00129086",66,51,15
"S00129087",85,65,20
"S00129088",63,42,21
"S00129089",114,47,67
"S00129090",119,50,69
"S00129091",133,56,77
"S00129092",49,29,20
"S00129093",48,19,29
"S00129094",65,25,40
"S00129095",71,36,35
"S00129096",121,52,69
"S00129097",51,21,30
"S00129098",52,16,36
"S00129099",77,23,54
"S00129100",157,61,96
"S00129101",99,33,66
"S00129102",71,37,34
"S00129103",125,34,91
"S00129104",135,72,63
"S00129105",74,21,53
"S00129106",49,25,24
"S00129107",188,74,114
"S00129108",50,11,39
"S00129109",119,79,40
"S00129110",45,35,10
"S00129111",145,74,71
"S00129112",83,47,36
"S00129113",154,64,90
"S00129114",115,56,59
"S00129115",92,33,59
"S00129116",98,64,34
"S00129117",51,31,20
"S00129118",126,63,63
"S00129119",76,41,35
"S00129120",64,32,32
"S00129121",133,45,88
"S00129122",116,58,58
"S00129123",80,45,35
"S00129124",86,34,52
"S00129125",129,51,78
"S00129126",45,13,32
"S00129127",108,49,59
"S00129128",63,49,14
"S00129129",96,34,62
"S00129130",49,38,11
"S00129131",121,69,52
"S00129132",99,67,32
"S00129133",66,44,22
"S00129134",103,66,37
"S00129135",116,89,27
"S00129136",80,33,47
"S00129137",80,39,41
"S00129138",72,36,36
"S00129139",66,46,20
"S00129140",82,54,28
"S00129141",231,98,133
"S00129142",93,31,62
"S00129143",123,88,35
"S00129144",100,34,66
"S00129145",55,20,35
"S00129146",123,33,90
"S00129147",125,57,68
"S00129148",109,40,69
"S00129149",91,38,53
"S00129150",49,23,26
"S00129151",91,23,68
"S00129152",126,49,77
"S00129153",151,83,68
"S00129154",79,47,32
"S00129155",159,116,43
"S00129156",85,29,56
"S00129157",135,52,83
"S00129158",161,63,98
"S00129159",98,28,70
"S00129160",108,41,67
"S00129161",67,24,43
"S00129162",79,28,51
"S00129163",90,41,49
"S00129164",108,48,60
"S00129165",67,19,48
"S00129166",98,39,59
"S00129167",52,20,32
"S00129168",52,24,28
"S00129169",95,43,52
"S00129170",124,52,72
"S00129171",53,17,36
"S00129172",160,74,86
"S00129173",64,30,34
"S00129174",155,46,109
"S00129175",101,48,53
"S00129176",121,46,75
"S00129177",78,26,52
"S00129178",98,44,54
"S00129179",61,21,40
"S00129180",71,29,42
"S00129181",90,35,55
"S00129182",119,32,87
"S00129183",43,21,22
"S00129184",120,46,74
"S00129185",80,44,36
"S00129186",94,42,52
"S00129187",81,39,42
"S00129188",123,39,84
"S00129189",72,21,51
"S00129190",70,22,48
"S00129191",116,32,84
"S00129192",60,34,26
"S00129193",72,40,32
"S00129194",111,44,67
"S00129195",59,27,32
"S00129196",147,86,61
"S00129197",92,42,50
"S00129198",71,29,42
"S00129199",72,36,36
"S00129200",90,41,49
"S00129201",82,34,48
"S00129202",78,33,45
"S00129203",80,30,50
"S00129204",145,56,89
"S00129205",94,26,68
"S00129206",90,30,60
"S00129207",52,25,27
"S00129208",125,53,72
"S00129209",107,49,58
"S00129210",104,35,69
"S00129211",92,46,46
"S00129212",79,53,26
"S00129213",112,48,64
"S00129214",75,41,34
"S00129215",74,23,51
"S00129216",114,96,18
"S00129217",83,33,50
"S00129218",66,30,36
"S00129219",57,37,20
"S00129220",90,50,40
"S00129221",83,53,30
"S00129222",130,41,89
"S00129223",127,65,62
"S00129224",97,62,35
"S00129225",145,65,80
"S00129226",78,24,54
"S00129227",74,35,39
"S00129228",62,38,24
"S00129229",60,38,22
"S00129230",95,49,46
"S00129231",110,40,70
"S00129232",78,60,18
"S00129233",79,31,48
"S00129234",92,48,44
"S00129235",122,68,54
"S00129236",108,59,49
"S00129237",89,38,51
"S00129238",104,39,65
"S00129239",82,43,39
"S00129240",128,76,52
"S00129241",128,70,58
"S00129242",131,83,48
"S00129243",116,81,35
"S00129244",66,50,16
"S00129245",63,56,7
"S00129246",60,40,20
"S00129247",89,58,31
"S00129248",77,39,38
"S00129249",136,50,86
"S00129250",100,55,45
"S00129251",105,68,37
"S00129252",123,61,62
"S00129253",111,69,42
"S00129254",79,34,45
"S00129255",73,37,36
"S00129256",104,54,50
"S00129257",76,46,30
"S00129258",72,44,28
"S00129259",71,37,34
"S00129260",45,29,16
"S00129261",102,80,22
"S00129262",112,64,48
"S00129263",151,77,74
"S00129264",96,53,43
"S00129265",137,83,54
"S00129266",78,62,16
"S00129267",141,71,70
"S00129268",69,43,26
"S00129269",107,62,45
"S00129270",123,70,53
"S00129271",65,47,18
"S00129272",75,34,41
"S00129273",63,32,31
"S00129274",83,47,36
"S00129275",82,35,47
"S00129276",72,49,23
"S00129277",53,23,30
"S00129278",50,36,14
"S00129279",67,51,16
"S00129280",98,66,32
"S00129281",52,30,22
"S00129282",108,65,43
"S00129283",84,56,28
"S00129284",79,48,31
"S00129285",88,49,39
"S00129286",107,54,53
"S00129287",67,39,28
"S00129288",67,40,27
"S00129289",123,62,61
"S00129290",126,64,62
"S00129291",92,47,45
"S00129292",93,23,70
"S00129293",73,47,26
"S00129294",72,44,28
"S00129295",153,85,68
"S00129296",135,47,88
"S00129297",51,27,24
"S00129298",118,52,66
"S00129299",86,28,58
"S00129300",95,25,70
"S00129301",133,85,48
"S00129302",135,87,48
"S00129303",112,94,18
"S00129304",57,50,7
"S00129305",57,50,7
"S00129306",73,53,20
"S00129307",88,68,20
"S00129308",100,78,22
"S00129309",91,75,16
"S00129310",66,57,9
"S00129311",110,85,25
"S00129312",57,49,8
"S00129313",56,52,4
"S00129314",98,87,11
"S00129315",74,13,61
"S00129316",177,72,105
"S00129317",140,49,91
"S00129318",98,27,71
"S00129319",77,27,50
"S00129320",81,29,52
"S00129321",92,70,22
"S00129322",109,55,54
"S00129323",117,49,68
"S00129324",108,62,46
"S00129325",128,37,91
"S00129326",95,61,34
"S00129327",85,34,51
"S00129328",102,51,51
"S00129329",87,35,52
"S00129330",137,67,70
"S00129331",60,20,40
"S00129332",88,40,48
"S00129333",75,29,46
"S00129334",78,30,48
"S00129335",148,72,76
"S00129336",75,27,48
"S00129337",120,36,84
"S00129338",112,59,53
"S00129339",92,31,61
"S00129340",80,22,58
"S00129341",77,39,38
"S00129342",148,78,70
"S00129343",83,41,42
"S00129344",75,36,39
"S00129345",103,63,40
"S00129346",88,30,58
"S00129347",117,60,57
"S00129348",100,41,59
"S00129349",98,35,63
"S00129350",114,69,45
"S00129351",99,29,70
"S00129352",92,44,48
"S00129353",80,33,47
"S00129354",78,23,55
"S00129355",152,65,87
"S00129356",116,60,56
"S00129357",151,82,69
"S00129358",119,65,54
"S00129359",113,59,54
"S00129360",90,57,33
"S00129361",84,52,32
"S00129362",104,63,41
"S00129363",95,66,29
"S00129364",131,76,55
"S00129365",115,65,50
"S00129366",106,66,40
"S00129367",89,65,24
"S00129368",128,76,52
"S00129369",94,52,42
"S00129370",98,62,36
"S00129371",48,38,10
"S00129372",97,60,37
"S00129373",59,23,36
"S00129374",73,44,29
"S00129375",78,44,34
"S00129376",96,44,52
"S00129377",75,33,42
"S00129378",49,20,29
"S00129379",71,49,22
"S00129380",128,75,53
"S00129381",74,52,22
"S00129382",74,38,36
"S00129383",50,20,30
"S00129384",122,44,78
"S00129385",144,54,90
"S00129386",121,60,61
"S00129387",137,43,94
"S00129388",162,63,99
"S00129389",124,58,66
"S00129390",115,45,70
"S00129391",102,36,66
"S00129392",99,29,70
"S00129393",86,34,52
"S00129394",84,49,35
"S00129395",105,49,56
"S00129396",76,36,40
"S00129397",116,44,72
"S00129398",75,37,38
"S00129399",79,45,34
"S00129400",111,62,49
"S00129401",133,70,63
"S00129402",79,39,40
"S00129403",84,43,41
"S00129404",92,49,43
"S00129405",72,45,27
"S00129406",78,44,34
"S00129407",118,54,64
"S00129408",81,48,33
"S00129409",100,52,48
"S00129410",75,65,10
"S00129411",108,58,50
"S00129412",77,30,47
"S00129413",89,47,42
"S00129414",69,30,39
"S00129415",107,40,67
"S00129416",87,46,41
"S00129417",86,42,44
"S00129418",90,67,23
"S00129419",72,16,56
"S00129420",121,36,85
"S00129421",113,43,70
"S00129422",83,23,60
"S00129423",113,31,82
"S00129424",128,35,93
"S00129425",98,20,78
"S00129426",88,21,67
"S00129427",107,30,77
"S00129428",139,45,94
"S00129429",130,42,88
"S00129430",109,35,74
"S00129431",95,23,72
"S00129432",122,34,88
"S00129433",116,31,85
"S00129434",121,41,80
"S00129435",99,37,62
"S00129436",96,28,68
"S00129437",112,26,86
"S00129438",92,46,46
"S00129439",107,31,76
"S00129440",86,31,55
"S00129441",92,31,61
"S00129442",107,32,75
"S00129443",119,33,86
"S00129444",76,34,42
"S00129445",80,26,54
"S00129446",100,43,57
"S00129447",87,33,54
"S00129448",132,45,87
"S00129449",68,22,46
"S00129450",123,45,78
"S00129451",85,27,58
"S00129452",109,25,84
"S00129453",97,23,74
"S00129454",127,56,71
"S00129455",84,30,54
"S00129456",76,22,54
"S00129457",91,26,65
"S00129458",84,26,58
"S00129459",56,13,43
"S00129460",131,53,78
"S00129461",99,21,78
"S00129462",73,33,40
"S00129463",120,30,90
"S00129464",81,28,53
"S00129465",123,14,109
"S00129466",89,15,74
"S00129467",99,45,54
"S00129468",90,28,62
"S00129469",85,31,54
"S00129470",91,24,67
"S00129471",101,56,45
"S00129472",70,28,42
"S00129473",78,66,12
"S00129474",87,63,24
"S00129475",101,73,28
"S00129476",77,54,23
"S00129477",60,40,20
"S00129478",83,75,8
"S00129479",65,56,9
"S00129480",119,98,21
"S00129481",61,52,9
"S00129482",72,57,15
"S00129483",83,57,26
"S00129484",50,39,11
"S00129485",87,65,22
"S00129486",61,42,19
"S00129487",85,71,14
"S00129488",68,53,15
"S00129489",81,60,21
"S00129490",67,31,36
"S00129491",70,40,30
"S00129492",103,55,48
"S00129493",119,51,68
"S00129494",97,53,44
"S00129495",121,61,60
"S00129496",79,42,37
"S00129497",87,41,46
"S00129498",94,64,30
"S00129499",82,50,32
"S00129500",113,48,65
"S00129501",61,33,28
"S00129502",103,59,44
"S00129503",73,38,35
"S00129504",63,27,36
"S00129505",61,47,14
"S00129506",115,81,34
"S00129507",102,66,36
"S00129508",57,46,11
"S00129509",86,48,38
"S00129510",92,83,9
"S00129511",125,86,39
"S00129512",98,75,23
"S00129513",116,75,41
"S00129514",87,72,15
"S00129515",74,56,18
"S00129516",68,45,23
"S00129517",73,65,8
"S00129518",82,60,22
"S00129519",96,68,28
"S00129520",47,31,16
"S00129521",73,66,7
"S00129522",74,52,22
"S00129523",52,38,14
"S00129524",132,68,64
"S00129525",113,64,49
"S00129526",102,60,42
"S00129527",134,91,43
"S00129528",91,69,22
"S00129529",89,83,6
"S00129530",84,62,22
"S00129531",89,63,26
"S00129532",134,65,69
"S00129533",91,48,43
"S00129534",132,58,74
"S00129535",59,37,22
"S00129536",137,59,78
"S00129537",144,59,85
"S00129538",116,58,58
"S00129539",100,46,54
"S00129540",100,32,68
"S00129541",81,49,32
"S00129542",80,44,36
"S00129543",60,46,14
"S00129544",72,46,26
"S00129545",71,53,18
"S00129546",98,54,44
"S00129547",72,28,44
"S00129548",80,31,49
"S00129549",75,33,42
"S00129550",51,26,25
"S00129551",66,54,12
"S00129552",60,40,20
"S00129553",53,33,20
"S00129554",67,44,23
"S00129555",90,58,32
"S00129556",101,43,58
"S00129557",93,31,62
"S00129558",149,69,80
"S00129559",96,24,72
"S00129560",65,55,10
"S00129561",92,70,22
"S00129562",93,65,28
"S00129563",106,65,41
"S00129564",77,59,18
"S00129565",58,47,11
"S00129566",89,72,17
"S00129567",90,80,10
"S00129568",76,52,24
"S00129569",104,38,66
"S00129570",63,33,30
"S00129571",204,131,73
"S00129572",104,61,43
"S00129573",80,74,6
"S00129574",81,42,39
"S00129575",81,43,38
"S00129576",82,42,40
"S00129577",95,55,40
"S00129578",73,45,28
"S00129579",155,88,67
"S00129580",110,59,51
"S00129581",161,76,85
"S00129582",80,45,35
"S00129583",157,113,44
"S00129584",118,67,51
"S00129585",83,45,38
"S00129586",126,90,36
"S00129587",75,45,30
"S00129588",110,70,40
"S00129589",112,70,42
"S00129590",108,61,47
"S00129591",105,53,52
"S00129592",61,50,11
"S00129593",46,29,17
"S00129594",117,57,60
"S00129595",79,51,28
"S00129596",72,54,18
"S00129597",92,48,44
"S00129598",72,47,25
"S00129599",86,63,23
"S00129600",65,41,24
"S00129601",78,48,30
"S00129602",48,40,8
"S00129603",89,62,27
"S00129604",108,67,41
"S00129605",86,58,28
"S00129606",91,47,44
"S00129607",82,52,30
"S00129608",180,119,61
"S00129609",86,43,43
"S00129610",69,61,8
"S00129611",99,43,56
"S00129612",78,37,41
"S00129613",90,28,62
"S00129614",99,40,59
"S00129615",67,19,48
"S00129616",131,53,78
"S00129617",104,30,74
"S00129618",89,26,63
"S00129619",140,58,82
"S00129620",58,14,44
"S00129621",49,19,30
"S00129622",123,50,73
"S00129623",96,55,41
"S00129624",168,94,74
"S00129625",77,25,52
"S00129626",92,57,35
"S00129627",98,27,71
"S00129628",92,54,38
"S00129629",76,32,44
"S00129630",97,42,55
"S00129631",71,61,10
"S00129632",140,73,67
"S00129633",97,44,53
"S00129634",77,27,50
"S00129635",100,53,47
"S00129636",77,37,40
"S00129637",87,21,66
"S00129638",137,51,86
"S00129639",111,71,40
"S00129640",65,27,38
"S00129641",85,27,58
"S00129642",112,55,57
"S00129643",141,49,92
"S00129644",66,34,32
"S00129645",128,50,78
"S00129646",140,51,89
"S00129647",107,65,42
"S00129648",143,72,71
"S00129649",98,64,34
"S00129650",79,55,24
"S00129651",70,43,27
"S00129652",80,47,33
"S00129653",98,32,66
"S00129654",93,51,42
"S00129655",85,43,42
"S00129656",102,59,43
"S00129657",100,61,39
"S00129658",78,41,37
"S00129659",99,51,48
"S00129660",92,54,38
"S00129661",96,53,43
"S00129662",113,84,29
"S00129663",118,77,41
"S00129664",102,63,39
"S00129665",168,99,69
"S00129666",66,52,14
"S00129667",81,53,28
"S00129668",64,54,10
"S00129669",109,63,46
"S00129670",81,15,66
"S00129671",105,41,64
"S00129672",89,39,50
"S00129673",153,56,97
"S00129674",130,40,90
"S00129675",90,34,56
"S00129676",100,33,67
"S00129677",76,32,44
"S00129678",63,33,30
"S00129679",92,47,45
"S00129680",101,53,48
"S00129681",97,51,46
"S00129682",150,60,90
"S00129683",108,53,55
"S00129684",107,46,61
"S00129685",74,26,48
"S00129686",97,39,58
"S00129687",91,35,56
"S00129688",93,41,52
"S00129689",138,47,91
"S00129690",161,56,105
"S00129691",68,36,32
"S00129692",49,17,32
"S00129693",117,29,88
"S00129694",79,28,51
"S00129695",95,34,61
"S00129696",55,15,40
"S00129697",57,33,24
"S00129698",123,65,58
"S00129699",114,53,61
"S00129700",81,47,34
"S00129701",83,37,46
"S00129702",70,26,44
"S00129703",113,38,75
"S00129704",84,33,51
"S00129705",82,28,54
"S00129706",97,33,64
"S00129707",58,24,34
"S00129708",112,60,52
"S00129709",146,66,80
"S00129710",90,49,41
"S00129711",78,40,38
"S00129712",152,56,96
"S00129713",88,26,62
"S00129714",166,70,96
"S00129715",76,52,24
"S00129716",60,18,42
"S00129717",72,54,18
"S00129718",103,71,32
"S00129719",93,59,34
"S00129720",78,20,58
"S00129721",94,36,58
"S00129722",151,79,72
"S00129723",124,78,46
"S00129724",137,77,60
"S00129725",146,55,91
"S00129726",121,65,56
"S00129727",105,53,52
"S00129728",88,57,31
"S00129729",133,100,33
"S00129730",114,72,42
"S00129731",94,55,39
"S00129732",116,58,58
"S00129733",65,35,30
"S00129734",123,53,70
"S00129735",79,49,30
"S00129736",59,30,29
"S00129737",68,32,36
"S00129738",108,58,50
"S00129739",87,40,47
"S00129740",59,36,23
"S00129741",102,53,49
"S00129742",95,49,46
"S00129743",108,70,38
"S00129744",85,42,43
"S00129745",75,42,33
"S00129746",93,51,42
"S00129747",112,51,61
"S00129748",85,56,29
"S00129749",66,44,22
"S00129750",66,30,36
"S00129751",80,47,33
"S00129752",81,49,32
"S00129753",111,39,72
"S00129754",125,44,81
"S00129755",148,86,62
"S00129756",142,42,100
"S00129757",143,42,101
"S00129758",127,47,80
"S00129759",125,42,83
"S00129760",79,36,43
"S00129761",81,25,56
"S00129762",126,52,74
"S00129763",90,28,62
"S00129764",106,57,49
"S00129765",65,31,34
"S00129766",96,38,58
"S00129767",98,65,33
"S00129768",120,69,51
"S00129769",130,57,73
"S00129770",100,82,18
"S00129771",97,71,26
"S00129772",91,57,34
"S00129773",62,54,8
"S00129774",52,38,14
"S00129775",87,61,26
"S00129776",54,36,18
"S00129777",53,43,10
"S00129778",52,20,32
"S00129779",57,38,19
"S00129780",90,60,30
"S00129781",92,46,46
"S00129782",54,37,17
"S00129783",116,53,63
"S00129784",78,55,23
"S00129785",105,47,58
"S00129786",148,56,92
"S00129787",84,72,12
"S00129788",117,54,63
"S00129789",75,55,20
"S00129790",99,48,51
"S00129791",113,78,35
"S00129792",89,53,36
"S00129793",95,79,16
"S00129794",50,38,12
"S00129795",94,71,23
"S00129796",116,53,63
"S00129797",106,60,46
"S00129798",65,37,28
"S00129799",103,51,52
"S00129800",135,79,56
"S00129801",59,30,29
"S00129802",104,65,39
"S00129803",115,61,54
"S00129804",130,98,32
"S00129805",93,65,28
"S00129806",122,63,59
"S00129807",68,42,26
"S00129808",128,55,73
"S00129809",118,40,78
"S00129810",99,21,78
"S00129811",98,28,70
"S00129812",159,50,109
"S00129813",75,19,56
"S00129814",90,31,59
"S00129815",131,55,76
"S00129816",121,46,75
"S00129817",110,27,83
"S00129818",96,42,54
"S00129819",125,57,68
"S00129820",106,34,72
"S00129821",99,28,71
"S00129822",122,68,54
"S00129823",77,33,44
"S00129824",146,42,104
"S00129825",122,32,90
"S00129826",109,28,81
"S00129827",125,48,77
"S00129828",58,20,38
"S00129829",55,22,33
"S00129830",101,51,50
"S00129831",116,62,54
"S00129832",92,70,22
"S00129833",102,63,39
"S00129834",112,44,68
"S00129835",97,43,54
"S00129836",119,33,86
"S00129837",100,32,68
"S00129838",72,34,38
"S00129839",78,25,53
"S00129840",89,48,41
"S00129841",106,49,57
"S00129842",126,38,88
"S00129843",140,58,82
"S00129844",129,75,54
"S00129845",119,64,55
"S00129846",90,44,46
"S00129847",82,32,50
"S00129848",60,19,41
"S00129849",125,60,65
"S00129850",131,91,40
"S00129851",95,54,41
"S00129852",98,54,44
"S00129853",118,68,50
"S00129854",115,65,50
"S00129855",125,71,54
"S00129856",110,38,72
"S00129857",75,23,52
"S00129858",111,48,63
"S00129859",53,25,28
"S00129860",108,38,70
"S00129861",61,33,28
"S00129862",52,19,33
"S00129863",52,8,44
"S00129864",80,26,54
"S00129865",64,44,20
"S00129866",76,24,52
"S00129867",149,51,98
"S00129868",75,28,47
"S00129869",42,14,28
"S00129870",122,46,76
"S00129871",121,63,58
"S00129872",90,53,37
"S00129873",96,42,54
"S00129874",81,53,28
"S00129875",65,21,44
"S00129876",64,53,11
"S00129877",194,137,57
"S00129878",85,41,44
"S00129879",74,25,49
"S00129880",59,24,35
"S00129881",92,38,54
"S00129882",95,49,46
"S00129883",66,40,26
"S00129884",55,27,28
"S00129885",71,16,55
"S00129886",112,32,80
"S00129887",79,25,54
"S00129888",52,10,42
"S00129889",78,26,52
"S00129890",83,44,39
"S00129891",62,39,23
"S00129892",132,56,76
"S00129893",156,85,71
"S00129894",95,52,43
"S00129895",58,31,27
"S00129896",66,52,14
"S00129897",63,29,34
"S00129898",136,111,25
"S00129899",96,83,13
"S00129900",62,42,20
"S00129901",124,57,67
"S00129902",98,46,52
"S00129903",78,41,37
"S00129904",51,26,25
"S00129905",104,34,70
"S00129906",67,39,28
"S00129907",48,22,26
"S00129908",50,22,28
"S00129909",92,28,64
"S00129910",73,45,28
"S00129911",60,23,37
"S00129912",75,35,40
"S00129913",69,39,30
"S00129914",99,70,29
"S00129915",71,37,34
"S00129916",87,49,38
"S00129917",127,36,91
"S00129918",75,41,34
"S00129919",96,52,44
"S00129920",51,29,22
"S00129921",114,56,58
"S00129922",89,39,50
"S00129923",89,31,58
"S00129924",71,43,28
"S00129925",46,27,19
"S00129926",95,54,41
"S00129927",49,21,28
"S00129928",109,50,59
"S00129929",97,43,54
"S00129930",106,50,56
"S00129931",158,57,101
"S00129932",83,22,61
"S00129933",54,15,39
"S00129934",51,13,38
"S00129935",138,44,94
"S00129936",84,32,52
"S00129937",61,34,27
"S00129938",98,52,46
"S00129939",48,26,22
"S00129940",87,38,49
"S00129941",66,28,38
"S00129942",61,51,10
"S00129943",60,32,28
"S00129944",110,54,56
"S00129945",49,23,26
"S00129946",46,24,22
"S00129947",99,60,39
"S00129948",75,19,56
"S00129949",85,12,73
"S00129950",51,31,20
"S00129951",124,72,52
"S00129952",99,44,55
"S00129953",111,44,67
"S00129954",103,40,63
"S00129955",117,47,70
"S00129956",42,14,28
"S00129957",90,36,54
"S00129958",138,115,23
"S00129959",78,36,42
"S00129960",143,37,106
"S00129961",93,34,59
"S00129962",72,33,39
"S00129963",146,72,74
"S00129964",84,28,56
"S00129965",99,48,51
"S00129966",61,31,30
"S00129967",62,34,28
"S00129968",106,47,59
"S00129969",163,77,86
"S00129970",85,26,59
"S00129971",98,61,37
"S00129972",107,49,58
"S00129973",57,27,30
"S00129974",123,59,64
"S00129975",65,29,36
"S00129976",109,69,40
"S00129977",47,26,21
"S00129978",83,40,43
"S00129979",90,28,62
"S00129980",67,40,27
"S00129981",70,40,30
"S00129982",146,71,75
"S00129983",149,74,75
"S00129984",60,45,15
"S00129985",66,22,44
"S00129986",105,52,53
"S00129987",65,58,7
"S00129988",74,51,23
"S00129989",65,53,12
"S00129990",59,49,10
"S00129991",65,37,28
"S00129992",86,70,16
"S00129993",66,35,31
"S00129994",57,46,11
"S00129995",90,48,42
"S00129996",52,38,14
"S00129997",49,43,6
"S00129998",158,47,111
"S00129999",89,70,19
"S00130000",74,66,8
"S00130001",76,41,35
"S00130002",67,22,45
"S00130003",85,35,50
"S00130004",116,32,84
"S00130005",166,68,98
"S00130006",59,25,34
"S00130007",93,35,58
"S00130008",106,34,72
"S00130009",131,64,67
"S00130010",96,21,75
"S00130011",128,38,90
"S00130012",111,61,50
"S00130013",75,42,33
"S00130014",69,42,27
"S00130015",101,75,26
"S00130016",59,43,16
"S00130017",132,57,75
"S00130018",59,42,17
"S00130019",133,45,88
"S00130020",120,42,78
"S00130021",89,33,56
"S00130022",175,51,124
"S00130023",71,17,54
"S00130024",89,19,70
"S00130025",108,59,49
"S00130026",64,20,44
"S00130027",92,44,48
"S00130028",105,49,56
"S00130029",63,28,35
"S00130030",83,61,22
"S00130031",65,61,4
"S00130032",65,43,22
"S00130033",71,45,26
"S00130034",179,138,41
"S00130035",73,39,34
"S00130036",80,53,27
"S00130037",65,33,32
"S00130038",82,44,38
"S00130039",112,81,31
"S00130040",85,39,46
"S00130041",119,83,36
"S00130042",103,78,25
"S00130043",54,34,20
"S00130044",105,51,54
"S00130045",59,35,24
"S00130046",61,49,12
"S00130047",102,40,62
"S00130048",92,60,32
"S00130049",82,35,47
"S00130050",116,63,53
"S00130051",137,69,68
"S00130052",86,41,45
"S00130053",65,54,11
"S00130054",63,43,20
"S00130055",90,64,26
"S00130056",78,66,12
"S00130057",96,87,9
"S00130058",120,104,16
"S00130059",112,57,55
"S00130060",68,33,35
"S00130061",155,126,29
"S00130062",53,40,13
"S00130063",192,82,110
"S00130064",59,39,20
"S00130065",108,57,51
"S00130066",51,17,34
"S00130067",83,28,55
"S00130068",46,39,7
"S00130069",50,36,14
"S00130070",100,60,40
"S00130071",128,41,87
"S00130072",62,36,26
"S00130073",126,66,60
"S00130074",111,51,60
"S00130075",80,48,32
"S00130076",113,50,63
"S00130077",88,38,50
"S00130078",120,46,74
"S00130079",90,30,60
"S00130080",86,42,44
"S00130081",115,69,46
"S00130082",55,29,26
"S00130083",123,70,53
"S00130084",108,44,64
"S00130085",58,27,31
"S00130086",133,87,46
"S00130087",92,41,51
"S00130088",111,47,64
"S00130089",139,48,91
"S00130090",107,40,67
"S00130091",80,29,51
"S00130092",129,39,90
"S00130093",130,85,45
"S00130094",88,63,25
"S00130095",105,87,18
"S00130096",60,46,14
"S00130097",126,64,62
"S00130098",50,28,22
"S00130099",132,61,71
"S00130100",119,56,63
"S00130101",133,44,89
"S00130102",61,31,30
"S00130103",95,58,37
"S00130104",103,42,61
"S00130105",83,30,53
"S00130106",95,34,61
"S00130107",90,28,62
"S00130108",75,21,54
"S00130109",147,63,84
"S00130110",79,44,35
"S00130111",78,28,50
"S00130112",75,40,35
"S00130113",146,75,71
"S00130114",84,38,46
"S00130115",102,60,42
"S00130116",122,70,52
"S00130117",84,48,36
"S00130118",80,36,44
"S00130119",106,37,69
"S00130120",77,64,13
"S00130121",123,58,65
"S00130122",134,86,48
"S00130123",52,31,21
"S00130124",54,38,16
"S00130125",59,26,33
"S00130126",57,27,30
"S00130127",120,53,67
"S00130128",107,54,53
"S00130129",108,40,68
"S00130130",112,38,74
"S00130131",96,53,43
"S00130132",73,37,36
"S00130133",121,67,54
"S00130134",61,25,36
"S00130135",50,16,34
"S00130136",152,39,113
"S00130137",139,71,68
"S00130138",84,36,48
"S00130139",67,45,22
"S00130140",87,39,48
"S00130141",120,45,75
"S00130142",113,51,62
"S00130143",133,84,49
"S00130144",93,39,54
"S00130145",44,19,25
"S00130146",88,55,33
"S00130147",48,23,25
"S00130148",93,48,45
"S00130149",71,35,36
"S00130150",127,78,49
"S00130151",95,67,28
"S00130152",55,33,22
"S00130153",57,37,20
"S00130154",82,62,20
"S00130155",96,72,24
"S00130156",63,44,19
"S00130157",118,76,42
"S00130158",86,64,22
"S00130159",106,61,45
"S00130160",89,70,19
"S00130161",108,68,40
"S00130162",49,37,12
"S00130163",93,71,22
"S00130164",99,71,28
"S00130165",83,71,12
"S00130166",105,48,57
"S00130167",54,45,9
"S00130168",119,45,74
"S00130169",149,49,100
"S00130170",107,71,36
"S00130171",63,49,14
"S00130172",81,52,29
"S00130173",55,43,12
"S00130174",96,52,44
"S00130175",65,48,17
"S00130176",99,39,60
"S00130177",53,29,24
"S00130178",77,49,28
"S00130179",78,53,25
"S00130180",90,58,32
"S00130181",98,58,40
"S00130182",86,50,36
"S00130183",98,64,34
"S00130184",73,43,30
"S00130185",105,49,56
"S00130186",95,45,50
"S00130187",103,53,50
"S00130188",63,51,12
"S00130189",44,22,22
"S00130190",117,53,64
"S00130191",125,59,66
"S00130192",128,58,70
"S00130193",100,66,34
"S00130194",74,50,24
"S00130195",77,34,43
"S00130196",45,39,6
"S00130197",60,56,4
"S00130198",51,35,16
"S00130199",70,61,9
"S00130200",65,43,22
"S00130201",83,67,16
"S00130202",46,44,2
"S00130203",105,73,32
"S00130204",89,53,36
"S00130205",93,63,30
"S00130206",93,81,12
"S00130207",96,81,15
"S00130208",42,36,6
"S00130209",69,60,9
"S00130210",83,77,6
"S00130211",36,26,10
"S00130212",85,71,14
"S00130213",94,79,15
"S00130214",49,39,10
"S00130215",61,51,10
"S00130216",50,48,2
"S00130217",61,41,20
"S00130218",93,60,33
"S00130219",69,31,38
"S00130220",52,36,16
"S00130221",70,62,8
"S00130222",67,65,2
"S00130223",101,27,74
"S00130224",102,38,64
"S00130225",124,55,69
"S00130226",89,40,49
"S00130227",118,41,77
"S00130228",83,31,52
"S00130229",66,30,36
"S00130230",112,64,48
"S00130231",155,41,114
"S00130232",78,50,28
"S00130233",131,44,87
"S00130234",105,32,73
"S00130235",113,39,74
"S00130236",103,25,78
"S00130237",97,55,42
"S00130238",120,36,84
"S00130239",87,39,48
"S00130240",101,53,48
"S00130241",109,51,58
"S00130242",142,46,96
"S00130243",117,51,66
"S00130244",99,34,65
"S00130245",86,31,55
"S00130246",127,34,93
"S00130247",101,40,61
"S00130248",118,64,54
"S00130249",96,33,63
"S00130250",69,37,32
"S00130251",94,40,54
"S00130252",101,51,50
"S00130253",117,43,74
"S00130254",102,50,52
"S00130255",49,21,28
"S00130256",139,110,29
"S00130257",77,45,32
"S00130258",88,44,44
"S00130259",53,31,22
"S00130260",85,45,40
"S00130261",105,87,18
"S00130262",76,57,19
"S00130263",151,89,62
"S00130264",169,104,65
"S00130265",104,32,72
"S00130266",69,53,16
"S00130267",49,21,28
"S00130268",122,75,47
"S00130269",89,72,17
"S00130270",127,80,47
"S00130271",64,60,4
"S00130272",87,59,28
"S00130273",57,35,22
"S00130274",117,63,54
"S00130275",127,77,50
"S00130276",44,29,15
"S00130277",78,43,35
"S00130278",82,49,33
"S00130279",91,54,37
"S00130280",123,65,58
"S00130281",107,61,46
"S00130282",90,70,20
"S00130283",123,71,52
"S00130284",69,42,27
"S00130285",50,32,18
"S00130286",126,48,78
"S00130287",69,27,42
"S00130288",86,61,25
"S00130289",72,58,14
"S00130290",86,38,48
"S00130291",69,45,24
"S00130292",117,68,49
"S00130293",70,56,14
"S00130294",84,62,22
"S00130295",115,94,21
"S00130296",97,89,8
"S00130297",102,82,20
"S00130298",89,76,13
"S00130299",84,64,20
"S00130300",66,49,17
"S00130301",82,70,12
"S00130302",83,67,16
"S00130303",84,66,18
"S00130304",101,61,40
"S00130305",48,34,14
"S00130306",76,66,10
"S00130307",93,51,42
"S00130308",159,135,24
"S00130309",75,72,3
"S00130310",92,66,26
"S00130311",90,36,54
"S00130312",94,39,55
"S00130313",88,33,55
"S00130314",80,50,30
"S00130315",87,43,44
"S00130316",76,38,38
"S00130317",129,77,52
"S00130318",66,36,30
"S00130319",121,70,51
"S00130320",152,64,88
"S00130321",71,33,38
"S00130322",105,57,48
"S00130323",49,41,8
"S00130324",76,56,20
"S00130325",111,68,43
"S00130326",123,77,46
"S00130327",100,67,33
"S00130328",93,50,43
"S00130329",76,40,36
"S00130330",78,52,26
"S00130331",121,61,60
"S00130332",134,55,79
"S00130333",94,44,50
"S00130334",121,43,78
"S00130335",98,36,62
"S00130336",77,30,47
"S00130337",107,59,48
"S00130338",110,53,57
"S00130339",71,50,21
"S00130340",70,35,35
"S00130341",105,53,52
"S00130342",78,44,34
"S00130343",134,70,64
"S00130344",89,51,38
"S00130345",109,54,55
"S00130346",49,31,18
"S00130347",98,70,28
"S00130348",87,58,29
"S00130349",81,49,32
"S00130350",56,42,14
"S00130351",107,80,27
"S00130352",77,45,32
"S00130353",57,42,15
"S00130354",82,66,16
"S00130355",70,52,18
"S00130356",46,43,3
"S00130357",81,74,7
"S00130358",56,47,9
"S00130359",97,78,19
"S00130360",63,39,24
"S00130361",83,64,19
"S00130362",85,49,36
"S00130363",45,21,24
"S00130364",78,39,39
"S00130365",103,56,47
"S00130366",98,36,62
"S00130367",69,47,22
"S00130368",114,50,64
"S00130369",147,47,100
"S00130370",104,45,59
"S00130371",102,28,74
"S00130372",122,49,73
"S00130373",78,38,40
"S00130374",203,100,103
"S00130375",63,21,42
"S00130376",134,67,67
"S00130377",104,47,57
"S00130378",123,44,79
"S00130379",83,51,32
"S00130380",88,52,36
"S00130381",135,61,74
"S00130382",122,51,71
"S00130383",112,63,49
"S00130384",122,80,42
"S00130385",128,74,54
"S00130386",86,36,50
"S00130387",92,56,36
"S00130388",80,46,34
"S00130389",80,43,37
"S00130390",117,45,72
"S00130391",98,41,57
"S00130392",99,38,61
"S00130393",108,39,69
"S00130394",90,32,58
"S00130395",105,42,63
"S00130396",90,40,50
"S00130397",102,47,55
"S00130398",95,33,62
"S00130399",75,33,42
"S00130400",77,32,45
"S00130401",116,63,53
"S00130402",112,67,45
"S00130403",88,40,48
"S00130404",92,37,55
"S00130405",89,44,45
"S00130406",86,52,34
"S00130407",86,37,49
"S00130408",121,40,81
"S00130409",83,39,44
"S00130410",149,57,92
"S00130411",111,53,58
"S00130412",68,38,30
"S00130413",84,56,28
"S00130414",108,72,36
"S00130415",62,40,22
"S00130416",72,36,36
"S00130417",84,66,18
"S00130418",105,66,39
"S00130419",52,46,6
"S00130420",50,42,8
"S00130421",133,95,38
"S00130422",94,78,16
"S00130423",83,63,20
"S00130424",73,57,16
"S00130425",68,44,24
"S00130426",59,45,14
"S00130427",85,49,36
"S00130428",85,59,26
"S00130429",70,48,22
"S00130430",53,29,24
"S00130431",123,72,51
"S00130432",133,72,61
"S00130433",98,59,39
"S00130434",92,49,43
"S00130435",141,83,58
"S00130436",111,60,51
"S00130437",140,76,64
"S00130438",106,59,47
"S00130439",80,48,32
"S00130440",72,41,31
"S00130441",51,37,14
"S00130442",56,45,11
"S00130443",74,46,28
"S00130444",50,40,10
"S00130445",36,28,8
"S00130446",85,43,42
"S00130447",88,70,18
"S00130448",98,56,42
"S00130449",110,70,40
"S00130450",105,62,43
"S00130451",71,61,10
"S00130452",60,33,27
"S00130453",77,59,18
"S00130454",76,48,28
"S00130455",129,76,53
"S00130456",54,37,17
"S00130457",94,44,50
"S00130458",95,35,60
"S00130459",54,16,38
"S00130460",98,31,67
"S00130461",139,51,88
"S00130462",103,61,42
"S00130463",121,48,73
"S00130464",86,32,54
"S00130465",77,37,40
"S00130466",124,42,82
"S00130467",73,30,43
"S00130468",98,38,60
"S00130469",99,64,35
"S00130470",92,64,28
"S00130471",66,41,25
"S00130472",136,87,49
"S00130473",111,72,39
"S00130474",160,58,102
"S00130475",117,39,78
"S00130476",122,47,75
"S00130477",84,61,23
"S00130478",56,38,18
"S00130479",107,87,20
"S00130480",94,50,44
"S00130481",74,46,28
"S00130482",120,56,64
"S00130483",83,53,30
"S00130484",53,39,14
"S00130485",35,27,8
"S00130486",101,64,37
"S00130487",84,51,33
"S00130488",90,40,50
"S00130489",82,48,34
"S00130490",93,39,54
"S00130491",68,36,32
"S00130492",97,37,60
"S00130493",111,86,25
"S00130494",78,64,14
"S00130495",55,43,12
"S00130496",71,55,16
"S00130497",71,55,16
"S00130498",64,52,12
"S00130499",75,45,30
"S00130500",83,63,20
"S00130501",76,60,16
"S00130502",56,45,11
"S00130503",55,36,19
"S00130504",62,51,11
"S00130505",55,39,16
"S00130506",66,48,18
"S00130507",99,51,48
"S00130508",76,59,17
"S00130509",110,45,65
"S00130510",100,44,56
"S00130511",75,34,41
"S00130512",92,32,60
"S00130513",50,37,13
"S00130514",58,31,27
"S00130515",97,49,48
"S00130516",65,34,31
"S00130517",114,47,67
"S00130518",53,15,38
"S00130519",91,37,54
"S00130520",51,15,36
"S00130521",86,32,54
"S00130522",112,42,70
"S00130523",113,53,60
"S00130524",125,61,64
"S00130525",44,12,32
"S00130526",56,42,14
"S00130527",68,43,25
"S00130528",98,62,36
"S00130529",55,40,15
"S00130530",67,51,16
"S00130531",75,55,20
"S00130532",336,194,142
"S00130533",78,19,59
"S00130534",143,67,76
"S00130535",139,70,69
"S00130536",142,77,65
"S00130537",130,48,82
"S00130538",196,70,126
"S00130539",102,47,55
"S00130540",82,29,53
"S00130541",89,36,53
"S00130542",49,27,22
"S00130543",64,19,45
"S00130544",50,37,13
"S00130545",91,45,46
"S00130546",108,88,20
"S00130547",53,35,18
"S00130548",76,46,30
"S00130549",69,51,18
"S00130550",68,40,28
"S00130551",64,28,36
"S00130552",110,79,31
"S00130553",56,35,21
"S00130554",131,56,75
"S00130555",177,67,110
"S00130556",106,90,16
"S00130557",101,63,38
"S00130558",71,28,43
"S00130559",98,75,23
"S00130560",47,34,13
"S00130561",115,89,26
"S00130562",101,45,56
"S00130563",75,34,41
"S00130564",45,24,21
"S00130565",95,53,42
"S00130566",114,37,77
"S00130567",123,71,52
"S00130568",60,24,36
"S00130569",62,54,8
"S00130570",60,56,4
"S00130571",97,76,21
"S00130572",45,21,24
"S00130573",111,55,56
"S00130574",109,82,27
"S00130575",148,62,86
"S00130576",77,35,42
"S00130577",96,52,44
"S00130578",118,49,69
"S00130579",143,56,87
"S00130580",161,82,79
"S00130581",156,53,103
"S00130582",109,87,22
"S00130583",57,31,26
"S00130584",50,42,8
"S00130585",124,88,36
"S00130586",154,65,89
"S00130587",75,44,31
"S00130588",72,23,49
"S00130589",107,33,74
"S00130590",125,76,49
"S00130591",138,45,93
"S00130592",100,40,60
"S00130593",221,54,167
"S00130594",69,31,38
"S00130595",92,37,55
"S00130596",73,51,22
"S00130597",100,52,48
"S00130598",94,40,54
"S00130599",71,40,31
"S00130600",77,39,38
"S00130601",96,67,29
"S00130602",58,40,18
"S00130603",100,57,43
"S00130604",55,30,25
"S00130605",107,91,16
"S00130606",113,85,28
"S00130607",107,82,25
"S00130608",114,64,50
"S00130609",47,30,17
"S00130610",105,61,44
"S00130611",64,33,31
"S00130612",54,34,20
"S00130613",53,34,19
"S00130614",119,53,66
"S00130615",104,46,58
"S00130616",92,62,30
"S00130617",47,27,20
"S00130618",99,52,47
"S00130619",50,44,6
"S00130620",69,53,16
"S00130621",68,24,44
"S00130622",97,55,42
"S00130623",65,45,20
"S00130624",117,54,63
"S00130625",65,32,33
"S00130626",114,72,42
"S00130627",98,66,32
"S00130628",61,45,16
"S00130629",64,50,14
"S00130630",64,48,16
"S00130631",62,39,23
"S00130632",103,57,46
"S00130633",95,57,38
"S00130634",106,25,81
"S00130635",79,21,58
"S00130636",93,31,62
"S00130637",111,44,67
"S00130638",146,82,64
"S00130639",59,36,23
"S00130640",73,38,35
"S00130641",61,40,21
"S00130642",48,42,6
"S00130643",73,59,14
"S00130644",123,53,70
"S00130645",80,28,52
"S00130646",130,44,86
"S00130647",132,77,55
"S00130648",128,38,90
"S00130649",127,52,75
"S00130650",66,26,40
"S00130651",59,31,28
"S00130652",72,23,49
"S00130653",83,27,56
"S00130654",148,46,102
"S00130655",99,44,55
"S00130656",148,40,108
"S00130657",51,18,33
"S00130658",88,36,52
"S00130659",101,47,54
"S00130660",78,31,47
"S00130661",118,42,76
"S00130662",86,41,45
"S00130663",88,36,52
"S00130664",70,28,42
"S00130665",129,59,70
"S00130666",65,24,41
"S00130667",115,43,72
"S00130668",191,62,129
"S00130669",66,23,43
"S00130670",108,30,78
"S00130671",105,35,70
"S00130672",131,47,84
"S00130673",66,22,44
"S00130674",132,54,78
"S00130675",82,36,46
"S00130676",99,37,62
"S00130677",106,26,80
"S00130678",297,188,109
"S00130679",87,38,49
"S00130680",115,52,63
"S00130681",53,23,30
"S00130682",125,41,84
"S00130683",48,18,30
"S00130684",121,33,88
"S00130685",57,21,36
"S00130686",86,29,57
"S00130687",96,21,75
"S00130688",86,25,61
"S00130689",96,44,52
"S00130690",110,31,79
"S00130691",85,45,40
"S00130692",55,23,32
"S00130693",94,40,54
"S00130694",106,26,80
"S00130695",81,17,64
"S00130696",90,34,56
"S00130697",90,34,56
"S00130698",117,49,68
"S00130699",93,21,72
"S00130700",100,31,69
"S00130701",113,47,66
"S00130702",100,34,66
"S00130703",153,42,111
"S00130704",123,38,85
"S00130705",141,49,92
"S00130706",125,83,42
"S00130707",65,51,14
"S00130708",104,37,67
"S00130709",135,49,86
"S00130710",84,28,56
"S00130711",102,26,76
"S00130712",86,30,56
"S00130713",144,38,106
"S00130714",126,65,61
"S00130715",83,69,14
"S00130716",97,40,57
"S00130717",64,26,38
"S00130718",52,23,29
"S00130719",118,49,69
"S00130720",109,39,70
"S00130721",101,40,61
"S00130722",88,44,44
"S00130723",102,32,70
"S00130724",105,60,45
"S00130725",119,61,58
"S00130726",55,21,34
"S00130727",129,41,88
"S00130728",108,50,58
"S00130729",98,35,63
"S00130730",84,28,56
"S00130731",147,58,89
"S00130732",169,50,119
"S00130733",120,35,85
"S00130734",107,44,63
"S00130735",93,41,52
"S00130736",141,48,93
"S00130737",96,30,66
"S00130738",41,15,26
"S00130739",103,48,55
"S00130740",115,49,66
"S00130741",204,159,45
"S00130742",150,57,93
"S00130743",110,47,63
"S00130744",41,11,30
"S00130745",119,55,64
"S00130746",112,48,64
"S00130747",112,34,78
"S00130748",104,38,66
"S00130749",77,36,41
"S00130750",67,27,40
"S00130751",147,66,81
"S00130752",109,45,64
"S00130753",130,48,82
"S00130754",162,75,87
"S00130755",71,27,44
"S00130756",130,70,60
"S00130757",54,18,36
"S00130758",113,72,41
"S00130759",48,12,36
"S00130760",89,32,57
"S00130761",50,16,34
"S00130762",43,23,20
"S00130763",122,35,87
"S00130764",69,37,32
"S00130765",70,23,47
"S00130766",127,76,51
"S00130767",131,73,58
"S00130768",149,51,98
"S00130769",140,64,76
"S00130770",122,51,71
"S00130771",146,48,98
"S00130772",51,23,28
"S00130773",178,85,93
"S00130774",73,33,40
"S00130775",75,42,33
"S00130776",79,65,14
"S00130777",91,53,38
"S00130778",44,22,22
"S00130779",169,61,108
"S00130780",47,18,29
"S00130781",111,27,84
"S00130782",74,20,54
"S00130783",71,36,35
"S00130784",41,25,16
"S00130785",88,43,45
"S00130786",73,32,41
"S00130787",46,15,31
"S00130788",70,39,31
"S00130789",45,23,22
"S00130790",67,40,27
"S00130791",88,25,63
"S00130792",94,30,64
"S00130793",67,34,33
"S00130794",114,49,65
"S00130795",131,72,59
"S00130796",104,41,63
"S00130797",81,29,52
"S00130798",55,27,28
"S00130799",85,31,54
"S00130800",119,39,80
"S00130801",91,17,74
"S00130802",93,32,61
"S00130803",65,23,42
"S00130804",121,65,56
"S00130805",59,19,40
"S00130806",109,75,34
"S00130807",74,36,38
"S00130808",96,67,29
"S00130809",88,46,42
"S00130810",73,33,40
"S00130811",113,65,48
"S00130812",79,27,52
"S00130813",60,31,29
"S00130814",65,41,24
"S00130815",94,60,34
"S00130816",93,50,43
"S00130817",107,49,58
"S00130818",81,51,30
"S00130819",145,63,82
"S00130820",105,61,44
"S00130821",132,53,79
"S00130822",128,57,71
"S00130823",92,48,44
"S00130824",87,44,43
"S00130825",94,60,34
"S00130826",102,77,25
"S00130827",53,29,24
"S00130828",82,49,33
"S00130829",89,48,41
"S00130830",52,21,31
"S00130831",122,35,87
"S00130832",140,55,85
"S00130833",86,36,50
"S00130834",102,50,52
"S00130835",107,54,53
"S00130836",111,70,41
"S00130837",86,57,29
"S00130838",85,54,31
"S00130839",98,40,58
"S00130840",115,64,51
"S00130841",84,37,47
"S00130842",89,51,38
"S00130843",74,44,30
"S00130844",65,51,14
"S00130845",110,70,40
"S00130846",135,84,51
"S00130847",65,29,36
"S00130848",81,45,36
"S00130849",74,50,24
"S00130850",133,75,58
"S00130851",112,74,38
"S00130852",106,38,68
"S00130853",94,66,28
"S00130854",91,43,48
"S00130855",84,39,45
"S00130856",84,52,32
"S00130857",137,59,78
"S00130858",103,59,44
"S00130859",92,37,55
"S00130860",98,48,50
"S00130861",119,57,62
"S00130862",80,36,44
"S00130863",96,63,33
"S00130864",69,36,33
"S00130865",44,23,21
"S00130866",97,67,30
"S00130867",128,57,71
"S00130868",100,56,44
"S00130869",96,59,37
"S00130870",62,38,24
"S00130871",133,52,81
"S00130872",53,27,26
"S00130873",105,55,50
"S00130874",94,56,38
"S00130875",92,28,64
"S00130876",79,30,49
"S00130877",86,22,64
"S00130878",151,55,96
"S00130879",86,31,55
"S00130880",93,35,58
"S00130881",108,48,60
"S00130882",75,29,46
"S00130883",91,44,47
"S00130884",78,30,48
"S00130885",67,45,22
"S00130886",82,62,20
"S00130887",49,25,24
"S00130888",98,38,60
"S00130889",102,58,44
"S00130890",68,44,24
"S00130891",96,55,41
"S00130892",103,52,51
"S00130893",110,57,53
"S00130894",115,78,37
"S00130895",113,41,72
"S00130896",70,49,21
"S00130897",90,44,46
"S00130898",161,60,101
"S00130899",85,43,42
"S00130900",97,45,52
"S00130901",80,42,38
"S00130902",84,44,40
"S00130903",92,59,33
"S00130904",44,34,10
"S00130905",88,44,44
"S00130906",83,64,19
"S00130907",51,31,20
"S00130908",88,70,18
"S00130909",101,53,48
"S00130910",69,45,24
"S00130911",80,56,24
"S00130912",64,40,24
"S00130913",81,48,33
"S00130914",138,83,55
"S00130915",81,55,26
"S00130916",71,58,13
"S00130917",70,48,22
"S00130918",69,39,30
"S00130919",46,36,10
"S00130920",135,33,102
"S00130921",112,34,78
"S00130922",85,24,61
"S00130923",99,43,56
"S00130924",68,22,46
"S00130925",72,35,37
"S00130926",73,41,32
"S00130927",95,71,24
"S00130928",68,54,14
"S00130929",103,34,69
"S00130930",110,59,51
"S00130931",111,41,70
"S00130932",144,67,77
"S00130933",115,46,69
"S00130934",98,24,74
"S00130935",118,58,60
"S00130936",80,47,33
"S00130937",108,65,43
"S00130938",88,38,50
"S00130939",84,64,20
"S00130940",72,54,18
"S00130941",80,42,38
"S00130942",162,67,95
"S00130943",118,30,88
"S00130944",108,27,81
"S00130945",95,46,49
"S00130946",91,26,65
"S00130947",161,42,119
"S00130948",84,19,65
"S00130949",97,33,64
"S00130950",78,22,56
"S00130951",136,43,93
"S00130952",61,37,24
"S00130953",80,38,42
"S00130954",74,62,12
"S00130955",66,48,18
"S00130956",138,62,76
"S00130957",92,82,10
"S00130958",50,43,7
"S00130959",103,31,72
"S00130960",69,32,37
"S00130961",116,40,76
"S00130962",50,16,34
"S00130963",118,54,64
"S00130964",95,28,67
"S00130965",78,17,61
"S00130966",108,36,72
"S00130967",118,54,64
"S00130968",107,35,72
"S00130969",143,81,62
"S00130970",106,55,51
"S00130971",127,51,76
"S00130972",61,39,22
"S00130973",124,56,68
"S00130974",146,84,62
"S00130975",60,39,21
"S00130976",113,56,57
"S00130977",69,23,46
"S00130978",86,30,56
"S00130979",128,45,83
"S00130980",87,28,59
"S00130981",123,41,82
"S00130982",115,36,79
"S00130983",49,17,32
"S00130984",109,63,46
"S00130985",108,68,40
"S00130986",108,62,46
"S00130987",85,39,46
"S00130988",114,51,63
"S00130989",116,86,30
"S00130990",125,68,57
"S00130991",77,57,20
"S00130992",74,49,25
"S00130993",121,49,72
"S00130994",111,43,68
"S00130995",152,66,86
"S00130996",87,37,50
"S00130997",97,31,66
"S00130998",127,49,78
"S00130999",121,38,83
"S00131000",92,40,52
"S00131001",162,105,57
"S00131002",138,62,76
"S00131003",98,58,40
"S00131004",100,41,59
"S00131005",105,60,45
"S00131006",136,56,80
"S00131007",103,61,42
"S00131008",83,39,44
"S00131009",83,41,42
"S00131010",81,58,23
"S00131011",102,70,32
"S00131012",82,52,30
"S00131013",94,53,41
"S00131014",88,51,37
"S00131015",85,36,49
"S00131016",125,93,32
"S00131017",96,33,63
"S00131018",54,40,14
"S00131019",77,39,38
"S00131020",109,49,60
"S00131021",101,54,47
"S00131022",74,44,30
"S00131023",120,90,30
"S00131024",80,36,44
"S00131025",90,30,60
"S00131026",74,28,46
"S00131027",92,40,52
"S00131028",98,50,48
"S00131029",131,43,88
"S00131030",88,46,42
"S00131031",121,63,58
"S00131032",118,68,50
"S00131033",89,54,35
"S00131034",86,42,44
"S00131035",95,62,33
"S00131036",70,49,21
"S00131037",70,47,23
"S00131038",104,48,56
"S00131039",73,41,32
"S00131040",72,28,44
"S00131041",125,83,42
"S00131042",116,84,32
"S00131043",119,77,42
"S00131044",80,42,38
"S00131045",94,45,49
"S00131046",56,35,21
"S00131047",124,47,77
"S00131048",172,72,100
"S00131049",81,45,36
"S00131050",50,15,35
"S00131051",140,49,91
"S00131052",95,44,51
"S00131053",104,56,48
"S00131054",129,67,62
"S00131055",38,25,13
"S00131056",123,46,77
"S00131057",75,43,32
"S00131058",80,42,38
"S00131059",82,31,51
"S00131060",104,59,45
"S00131061",66,48,18
"S00131062",79,69,10
"S00131063",82,45,37
"S00131064",126,68,58
"S00131065",85,48,37
"S00131066",75,35,40
"S00131067",109,53,56
"S00131068",78,31,47
"S00131069",53,30,23
"S00131070",72,41,31
"S00131071",151,110,41
"S00131072",93,55,38
"S00131073",79,57,22
"S00131074",56,40,16
"S00131075",69,34,35
"S00131076",145,107,38
"S00131077",45,41,4
"S00131078",56,42,14
"S00131079",125,79,46
"S00131080",83,46,37
"S00131081",72,37,35
"S00131082",125,79,46
"S00131083",131,83,48
"S00131084",117,81,36
"S00131085",120,73,47
"S00131086",50,16,34
"S00131087",78,58,20
"S00131088",97,39,58
"S00131089",142,72,70
"S00131090",116,76,40
"S00131091",96,49,47
"S00131092",118,69,49
"S00131093",89,53,36
"S00131094",64,34,30
"S00131095",125,59,66
"S00131096",111,57,54
"S00131097",119,63,56
"S00131098",96,48,48
"S00131099",111,65,46
"S00131100",73,52,21
"S00131101",92,72,20
"S00131102",77,53,24
"S00131103",75,39,36
"S00131104",87,47,40
"S00131105",66,34,32
"S00131106",97,45,52
"S00131107",87,55,32
"S00131108",78,43,35
"S00131109",79,55,24
"S00131110",71,49,22
"S00131111",55,39,16
"S00131112",85,38,47
"S00131113",94,59,35
"S00131114",72,41,31
"S00131115",87,49,38
"S00131116",80,45,35
"S00131117",47,11,36
"S00131118",43,12,31
"S00131119",87,25,62
"S00131120",117,41,76
"S00131121",61,35,26
"S00131122",92,57,35
"S00131123",74,50,24
"S00131124",58,50,8
"S00131125",73,53,20
"S00131126",96,62,34
"S00131127",63,45,18
"S00131128",84,42,42
"S00131129",76,48,28
"S00131130",83,63,20
"S00131131",80,42,38
"S00131132",91,53,38
"S00131133",105,63,42
"S00131134",68,32,36
"S00131135",94,63,31
"S00131136",111,40,71
"S00131137",103,30,73
"S00131138",95,42,53
"S00131139",102,48,54
"S00131140",66,22,44
"S00131141",127,42,85
"S00131142",145,61,84
"S00131143",76,31,45
"S00131144",62,24,38
"S00131145",122,42,80
"S00131146",121,51,70
"S00131147",91,39,52
"S00131148",100,56,44
"S00131149",98,39,59
"S00131150",120,37,83
"S00131151",122,74,48
"S00131152",73,47,26
"S00131153",68,32,36
"S00131154",73,61,12
"S00131155",80,48,32
"S00131156",75,45,30
"S00131157",87,42,45
"S00131158",122,62,60
"S00131159",124,59,65
"S00131160",101,72,29
"S00131161",116,45,71
"S00131162",112,38,74
"S00131163",99,34,65
"S00131164",139,64,75
"S00131165",127,57,70
"S00131166",136,55,81
"S00131167",142,76,66
"S00131168",252,123,129
"S00131169",93,41,52
"S00131170",102,30,72
"S00131171",75,31,44
"S00131172",120,38,82
"S00131173",88,49,39
"S00131174",91,45,46
"S00131175",84,44,40
"S00131176",74,48,26
"S00131177",90,50,40
"S00131178",79,42,37
"S00131179",102,59,43
"S00131180",78,44,34
"S00131181",81,37,44
"S00131182",95,57,38
"S00131183",137,61,76
"S00131184",102,59,43
"S00131185",107,47,60
"S00131186",94,52,42
"S00131187",98,38,60
"S00131188",80,44,36
"S00131189",101,65,36
"S00131190",153,74,79
"S00131191",114,64,50
"S00131192",105,53,52
"S00131193",108,63,45
"S00131194",70,42,28
"S00131195",93,59,34
"S00131196",103,73,30
"S00131197",112,79,33
"S00131198",72,45,27
"S00131199",59,57,2
"S00131200",97,56,41
"S00131201",136,78,58
"S00131202",66,43,23
"S00131203",101,72,29
"S00131204",110,73,37
"S00131205",105,60,45
"S00131206",124,44,80
"S00131207",87,23,64
"S00131208",87,57,30
"S00131209",70,36,34
"S00131210",64,18,46
"S00131211",115,48,67
"S00131212",91,37,54
"S00131213",107,36,71
"S00131214",76,30,46
"S00131215",113,38,75
"S00131216",118,61,57
"S00131217",76,27,49
"S00131218",109,59,50
"S00131219",113,68,45
"S00131220",73,45,28
"S00131221",135,43,92
"S00131222",61,29,32
"S00131223",128,82,46
"S00131224",153,58,95
"S00131225",93,52,41
"S00131226",68,35,33
"S00131227",121,51,70
"S00131228",160,58,102
"S00131229",66,44,22
"S00131230",106,38,68
"S00131231",55,19,36
"S00131232",72,34,38
"S00131233",58,54,4
"S00131234",111,65,46
"S00131235",137,70,67
"S00131236",94,47,47
"S00131237",70,42,28
"S00131238",121,67,54
"S00131239",97,53,44
"S00131240",78,51,27
"S00131241",104,68,36
"S00131242",103,74,29
"S00131243",90,50,40
"S00131244",109,57,52
"S00131245",48,18,30
"S00131246",108,46,62
"S00131247",125,49,76
"S00131248",105,41,64
"S00131249",115,53,62
"S00131250",114,57,57
"S00131251",48,30,18
"S00131252",94,46,48
"S00131253",52,47,5
"S00131254",51,38,13
"S00131255",61,45,16
"S00131256",93,29,64
"S00131257",80,42,38
"S00131258",95,45,50
"S00131259",102,55,47
"S00131260",72,44,28
"S00131261",102,58,44
"S00131262",88,64,24
"S00131263",86,42,44
"S00131264",97,55,42
"S00131265",87,41,46
"S00131266",80,43,37
"S00131267",97,41,56
"S00131268",69,29,40
"S00131269",61,47,14
"S00131270",98,49,49
"S00131271",92,52,40
"S00131272",136,79,57
"S00131273",90,37,53
"S00131274",71,40,31
"S00131275",104,78,26
"S00131276",126,66,60
"S00131277",99,53,46
"S00131278",98,61,37
"S00131279",98,61,37
"S00131280",87,37,50
"S00131281",131,62,69
"S00131282",79,43,36
"S00131283",96,59,37
"S00131284",110,43,67
"S00131285",67,43,24
"S00131286",56,16,40
"S00131287",82,36,46
"S00131288",174,58,116
"S00131289",66,51,15
"S00131290",56,44,12
"S00131291",117,33,84
"S00131292",106,44,62
"S00131293",62,48,14
"S00131294",118,57,61
"S00131295",79,41,38
"S00131296",86,43,43
"S00131297",129,58,71
"S00131298",112,43,69
"S00131299",99,47,52
"S00131300",77,33,44
"S00131301",123,63,60
"S00131302",107,69,38
"S00131303",128,65,63
"S00131304",113,65,48
"S00131305",69,41,28
"S00131306",60,39,21
"S00131307",143,60,83
"S00131308",137,61,76
"S00131309",133,61,72
"S00131310",104,46,58
"S00131311",92,33,59
"S00131312",63,55,8
"S00131313",120,72,48
"S00131314",50,38,12
"S00131315",56,29,27
"S00131316",82,49,33
"S00131317",47,24,23
"S00131318",47,12,35
"S00131319",68,31,37
"S00131320",101,54,47
"S00131321",57,51,6
"S00131322",102,33,69
"S00131323",109,41,68
"S00131324",73,45,28
"S00131325",104,42,62
"S00131326",133,42,91
"S00131327",135,49,86
"S00131328",141,63,78
"S00131329",106,34,72
"S00131330",97,44,53
"S00131331",100,36,64
"S00131332",102,43,59
"S00131333",118,67,51
"S00131334",103,64,39
"S00131335",84,46,38
"S00131336",84,54,30
"S00131337",78,46,32
"S00131338",118,55,63
"S00131339",99,53,46
"S00131340",71,37,34
"S00131341",74,49,25
"S00131342",85,46,39
"S00131343",99,37,62
"S00131344",98,48,50
"S00131345",85,59,26
"S00131346",112,58,54
"S00131347",87,54,33
"S00131348",99,59,40
"S00131349",111,50,61
"S00131350",81,49,32
"S00131351",84,41,43
"S00131352",137,67,70
"S00131353",67,33,34
"S00131354",65,44,21
"S00131355",71,52,19
"S00131356",88,52,36
"S00131357",74,48,26
"S00131358",119,70,49
"S00131359",89,66,23
"S00131360",79,45,34
"S00131361",77,53,24
"S00131362",86,48,38
"S00131363",64,32,32
"S00131364",85,45,40
"S00131365",94,41,53
"S00131366",91,71,20
"S00131367",106,62,44
"S00131368",123,59,64
"S00131369",111,47,64
"S00131370",100,54,46
"S00131371",109,37,72
"S00131372",57,40,17
"S00131373",97,43,54
"S00131374",55,36,19
"S00131375",62,38,24
"S00131376",89,57,32
"S00131377",51,32,19
"S00131378",61,49,12
"S00131379",94,68,26
"S00131380",81,61,20
"S00131381",93,59,34
"S00131382",73,57,16
"S00131383",88,56,32
"S00131384",108,58,50
"S00131385",100,48,52
"S00131386",74,46,28
"S00131387",54,52,2
"S00131388",40,22,18
"S00131389",56,51,5
"S00131390",70,42,28
"S00131391",68,46,22
"S00131392",59,37,22
"S00131393",53,30,23
"S00131394",155,87,68
"S00131395",56,42,14
"S00131396",50,45,5
"S00131397",112,56,56
"S00131398",55,47,8
"S00131399",58,47,11
"S00131400",110,48,62
"S00131401",67,55,12
"S00131402",62,44,18
"S00131403",124,52,72
"S00131404",116,74,42
"S00131405",117,57,60
"S00131406",83,37,46
"S00131407",139,90,49
"S00131408",143,70,73
"S00131409",59,46,13
"S00131410",54,48,6
"S00131411",61,46,15
"S00131412",98,68,30
"S00131413",130,84,46
"S00131414",127,73,54
"S00131415",112,46,66
"S00131416",91,60,31
"S00131417",100,66,34
"S00131418",54,42,12
"S00131419",91,35,56
"S00131420",69,49,20
"S00131421",83,51,32
"S00131422",70,28,42
"S00131423",103,42,61
"S00131424",52,40,12
"S00131425",56,50,6
"S00131426",128,58,70
"S00131427",105,61,44
"S00131428",79,32,47
"S00131429",70,40,30
"S00131430",122,58,64
"S00131431",67,38,29
"S00131432",109,47,62
"S00131433",102,39,63
"S00131434",58,42,16
"S00131435",92,51,41
"S00131436",81,58,23
"S00131437",57,55,2
"S00131438",63,52,11
"S00131439",105,45,60
"S00131440",95,35,60
"S00131441",89,30,59
"S00131442",97,56,41
"S00131443",96,26,70
"S00131444",100,68,32
"S00131445",169,44,125
"S00131446",100,51,49
"S00131447",160,82,78
"S00131448",114,58,56
"S00131449",99,48,51
"S00131450",78,53,25
"S00131451",64,36,28
"S00131452",69,46,23
"S00131453",92,47,45
"S00131454",68,42,26
"S00131455",99,63,36
"S00131456",92,46,46
"S00131457",68,36,32
"S00131458",124,74,50
"S00131459",73,40,33
"S00131460",73,42,31
"S00131461",94,54,40
"S00131462",106,70,36
"S00131463",134,83,51
"S00131464",71,45,26
"S00131465",82,22,60
"S00131466",112,41,71
"S00131467",61,23,38
"S00131468",111,37,74
"S00131469",80,23,57
"S00131470",72,39,33
"S00131471",180,69,111
"S00131472",136,59,77
"S00131473",134,46,88
"S00131474",66,13,53
"S00131475",51,23,28
"S00131476",121,34,87
"S00131477",49,15,34
"S00131478",77,23,54
"S00131479",90,44,46
"S00131480",71,39,32
"S00131481",106,51,55
"S00131482",88,45,43
"S00131483",139,66,73
"S00131484",121,67,54
"S00131485",143,61,82
"S00131486",149,63,86
"S00131487",107,39,68
"S00131488",100,55,45
"S00131489",107,58,49
"S00131490",72,30,42
"S00131491",86,44,42
"S00131492",86,52,34
"S00131493",154,75,79
"S00131494",125,57,68
"S00131495",104,32,72
"S00131496",96,46,50
"S00131497",80,36,44
"S00131498",144,69,75
"S00131499",133,68,65
"S00131500",107,31,76
"S00131501",127,50,77
"S00131502",84,53,31
"S00131503",88,46,42
"S00131504",139,87,52
"S00131505",108,62,46
"S00131506",119,53,66
"S00131507",114,51,63
"S00131508",63,33,30
"S00131509",133,71,62
"S00131510",140,92,48
"S00131511",147,69,78
"S00131512",108,44,64
"S00131513",91,56,35
"S00131514",86,34,52
"S00131515",75,36,39
"S00131516",126,57,69
"S00131517",79,65,14
"S00131518",125,59,66
"S00131519",93,48,45
"S00131520",118,50,68
"S00131521",88,46,42
"S00131522",70,38,32
"S00131523",89,46,43
"S00131524",64,50,14
"S00131525",62,40,22
"S00131526",80,48,32
"S00131527",109,53,56
"S00131528",96,45,51
"S00131529",109,55,54
"S00131530",76,48,28
"S00131531",57,51,6
"S00131532",64,52,12
"S00131533",70,30,40
"S00131534",89,53,36
"S00131535",60,51,9
"S00131536",104,46,58
"S00131537",77,55,22
"S00131538",85,37,48
"S00131539",68,39,29
"S00131540",73,53,20
"S00131541",82,48,34
"S00131542",78,37,41
"S00131543",83,55,28
"S00131544",81,32,49
"S00131545",112,59,53
"S00131546",86,61,25
"S00131547",90,42,48
"S00131548",69,50,19
"S00131549",85,55,30
"S00131550",57,43,14
"S00131551",70,50,20
"S00131552",79,51,28
"S00131553",79,41,38
"S00131554",104,51,53
"S00131555",83,41,42
"S00131556",129,63,66
"S00131557",76,53,23
"S00131558",101,61,40
"S00131559",146,74,72
"S00131560",90,52,38
"S00131561",83,47,36
"S00131562",75,45,30
"S00131563",109,43,66
"S00131564",55,49,6
"S00131565",50,40,10
"S00131566",141,75,66
"S00131567",67,39,28
"S00131568",107,49,58
"S00131569",131,66,65
"S00131570",145,51,94
"S00131571",163,76,87
"S00131572",90,38,52
"S00131573",113,36,77
"S00131574",73,23,50
"S00131575",135,43,92
"S00131576",134,34,100
"S00131577",91,25,66
"S00131578",170,61,109
"S00131579",83,32,51
"S00131580",117,49,68
"S00131581",105,52,53
"S00131582",109,37,72
"S00131583",151,73,78
"S00131584",85,39,46
"S00131585",75,21,54
"S00131586",146,61,85
"S00131587",156,46,110
"S00131588",72,38,34
"S00131589",71,49,22
"S00131590",115,43,72
"S00131591",103,47,56
"S00131592",125,49,76
"S00131593",123,39,84
"S00131594",101,54,47
"S00131595",151,55,96
"S00131596",181,111,70
"S00131597",113,64,49
"S00131598",99,58,41
"S00131599",110,50,60
"S00131600",138,63,75
"S00131601",58,24,34
"S00131602",90,47,43
"S00131603",130,62,68
"S00131604",62,30,32
"S00131605",116,70,46
"S00131606",71,47,24
"S00131607",102,74,28
"S00131608",130,70,60
"S00131609",114,56,58
"S00131610",183,120,63
"S00131611",125,57,68
"S00131612",125,62,63
"S00131613",69,27,42
"S00131614",93,47,46
"S00131615",141,77,64
"S00131616",97,49,48
"S00131617",135,62,73
"S00131618",100,48,52
"S00131619",109,44,65
"S00131620",75,28,47
"S00131621",48,46,2
"S00131622",97,59,38
"S00131623",153,83,70
"S00131624",112,81,31
"S00131625",108,82,26
"S00131626",87,49,38
"S00131627",69,37,32
"S00131628",96,46,50
"S00131629",97,61,36
"S00131630",70,46,24
"S00131631",123,77,46
"S00131632",109,56,53
"S00131633",80,31,49
"S00131634",56,45,11
"S00131635",81,57,24
"S00131636",104,49,55
"S00131637",76,35,41
"S00131638",101,57,44
"S00131639",91,53,38
"S00131640",73,49,24
"S00131641",105,61,44
"S00131642",110,92,18
"S00131643",73,46,27
"S00131644",102,60,42
"S00131645",144,44,100
"S00131646",99,41,58
"S00131647",78,34,44
"S00131648",99,61,38
"S00131649",97,49,48
"S00131650",76,46,30
"S00131651",104,61,43
"S00131652",77,34,43
"S00131653",101,51,50
"S00131654",89,39,50
"S00131655",79,35,44
"S00131656",105,52,53
"S00131657",78,57,21
"S00131658",74,44,30
"S00131659",83,70,13
"S00131660",114,32,82
"S00131661",100,48,52
"S00131662",86,60,26
"S00131663",90,52,38
"S00131664",58,44,14
"S00131665",122,63,59
"S00131666",110,78,32
"S00131667",125,76,49
"S00131668",95,55,40
"S00131669",102,54,48
"S00131670",92,41,51
"S00131671",90,59,31
"S00131672",83,45,38
"S00131673",50,42,8
"S00131674",97,73,24
"S00131675",62,41,21
"S00131676",50,38,12
"S00131677",79,53,26
"S00131678",82,52,30
"S00131679",94,58,36
"S00131680",97,50,47
"S00131681",112,84,28
"S00131682",71,47,24
"S00131683",58,47,11
"S00131684",62,29,33
"S00131685",114,68,46
"S00131686",75,45,30
"S00131687",101,51,50
"S00131688",75,49,26
"S00131689",109,43,66
"S00131690",107,55,52
"S00131691",91,50,41
"S00131692",114,66,48
"S00131693",97,38,59
"S00131694",109,51,58
"S00131695",101,65,36
"S00131696",88,46,42
"S00131697",80,38,42
"S00131698",117,47,70
"S00131699",132,60,72
"S00131700",134,71,63
"S00131701",84,34,50
"S00131702",64,36,28
"S00131703",132,39,93
"S00131704",94,56,38
"S00131705",119,50,69
"S00131706",98,45,53
"S00131707",110,58,52
"S00131708",71,39,32
"S00131709",89,24,65
"S00131710",90,24,66
"S00131711",108,32,76
"S00131712",79,29,50
"S00131713",81,33,48
"S00131714",97,38,59
"S00131715",63,45,18
"S00131716",97,36,61
"S00131717",81,55,26
"S00131718",75,35,40
"S00131719",79,39,40
"S00131720",122,73,49
"S00131721",105,58,47
"S00131722",112,62,50
"S00131723",83,44,39
"S00131724",73,27,46
"S00131725",134,66,68
"S00131726",110,38,72
"S00131727",100,40,60
"S00131728",95,41,54
"S00131729",109,48,61
"S00131730",62,44,18
"S00131731",93,33,60
"S00131732",107,61,46
"S00131733",106,48,58
"S00131734",74,51,23
"S00131735",129,57,72
"S00131736",91,53,38
"S00131737",131,67,64
"S00131738",80,34,46
"S00131739",76,45,31
"S00131740",85,53,32
"S00131741",109,78,31
"S00131742",101,57,44
"S00131743",83,55,28
"S00131744",105,65,40
"S00131745",92,50,42
"S00131746",69,39,30
"S00131747",70,52,18
"S00131748",124,52,72
"S00131749",55,15,40
"S00131750",69,45,24
"S00131751",122,44,78
"S00131752",153,49,104
"S00131753",138,42,96
"S00131754",114,46,68
"S00131755",100,47,53
"S00131756",116,32,84
"S00131757",101,42,59
"S00131758",101,33,68
"S00131759",95,29,66
"S00131760",102,44,58
"S00131761",40,24,16
"S00131762",49,33,16
"S00131763",117,82,35
"S00131764",92,64,28
"S00131765",110,58,52
"S00131766",120,70,50
"S00131767",84,42,42
"S00131768",84,60,24
"S00131769",71,45,26
"S00131770",78,46,32
"S00131771",108,55,53
"S00131772",110,70,40
"S00131773",68,36,32
"S00131774",69,37,32
"S00131775",81,53,28
"S00131776",120,52,68
"S00131777",90,44,46
"S00131778",89,41,48
"S00131779",95,68,27
"S00131780",101,70,31
"S00131781",108,60,48
"S00131782",91,41,50
"S00131783",61,45,16
"S00131784",77,47,30
"S00131785",92,55,37
"S00131786",97,56,41
"S00131787",77,51,26
"S00131788",112,52,60
"S00131789",54,43,11
"S00131790",71,44,27
"S00131791",122,51,71
"S00131792",77,49,28
"S00131793",124,53,71
"S00131794",85,67,18
"S00131795",54,44,10
"S00131796",103,55,48
"S00131797",48,26,22
"S00131798",119,85,34
"S00131799",123,61,62
"S00131800",129,79,50
"S00131801",128,83,45
"S00131802",61,45,16
"S00131803",82,60,22
"S00131804",72,26,46
"S00131805",104,48,56
"S00131806",80,55,25
"S00131807",66,53,13
"S00131808",91,70,21
"S00131809",65,47,18
"S00131810",59,43,16
"S00131811",61,53,8
"S00131812",94,58,36
"S00131813",70,41,29
"S00131814",99,66,33
"S00131815",71,61,10
"S00131816",111,59,52
"S00131817",47,23,24
"S00131818",67,57,10
"S00131819",109,49,60
"S00131820",126,90,36
"S00131821",101,69,32
"S00131822",93,56,37
"S00131823",70,38,32
"S00131824",89,64,25
"S00131825",94,64,30
"S00131826",122,75,47
"S00131827",94,39,55
"S00131828",87,52,35
"S00131829",92,60,32
"S00131830",67,45,22
"S00131831",70,39,31
"S00131832",83,63,20
"S00131833",72,52,20
"S00131834",104,72,32
"S00131835",100,68,32
"S00131836",83,40,43
"S00131837",79,47,32
"S00131838",92,56,36
"S00131839",84,37,47
"S00131840",69,48,21
"S00131841",119,72,47
"S00131842",94,60,34
"S00131843",79,41,38
"S00131844",90,52,38
"S00131845",62,40,22
"S00131846",72,48,24
"S00131847",73,53,20
"S00131848",95,79,16
"S00131849",85,57,28
"S00131850",77,68,9
"S00131851",103,71,32
"S00131852",89,47,42
"S00131853",85,59,26
"S00131854",67,47,20
"S00131855",60,43,17
"S00131856",53,31,22
"S00131857",77,57,20
"S00131858",118,72,46
"S00131859",93,77,16
"S00131860",74,57,17
"S00131861",48,40,8
"S00131862",75,46,29
"S00131863",106,74,32
"S00131864",117,73,44
"S00131865",81,43,38
"S00131866",58,32,26
"S00131867",128,62,66
"S00131868",82,44,38
"S00131869",66,28,38
"S00131870",96,38,58
"S00131871",126,79,47
"S00131872",90,74,16
"S00131873",88,41,47
"S00131874",75,61,14
"S00131875",149,85,64
"S00131876",79,43,36
"S00131877",65,47,18
"S00131878",147,55,92
"S00131879",80,53,27
"S00131880",65,46,19
"S00131881",52,36,16
"S00131882",40,18,22
"S00131883",98,64,34
"S00131884",79,39,40
"S00131885",83,57,26
"S00131886",88,38,50
"S00131887",115,47,68
"S00131888",85,49,36
"S00131889",101,60,41
"S00131890",115,76,39
"S00131891",117,68,49
"S00131892",86,52,34
"S00131893",116,96,20
"S00131894",98,70,28
"S00131895",69,56,13
"S00131896",81,52,29
"S00131897",157,98,59
"S00131898",107,73,34
"S00131899",105,60,45
"S00131900",59,31,28
"S00131901",95,63,32
"S00131902",120,56,64
"S00131903",139,73,66
"S00131904",154,76,78
"S00131905",87,61,26
"S00131906",109,69,40
"S00131907",79,69,10
"S00131908",120,74,46
"S00131909",56,30,26
"S00131910",85,59,26
"S00131911",92,54,38
"S00131912",108,56,52
"S00131913",91,52,39
"S00131914",96,48,48
"S00131915",80,48,32
"S00131916",103,59,44
"S00131917",83,41,42
"S00131918",126,42,84
"S00131919",102,36,66
"S00131920",203,71,132
"S00131921",135,38,97
"S00131922",128,49,79
"S00131923",86,30,56
"S00131924",73,46,27
"S00131925",67,50,17
"S00131926",76,53,23
"S00131927",148,69,79
"S00131928",127,44,83
"S00131929",114,25,89
"S00131930",84,30,54
"S00131931",74,26,48
"S00131932",110,38,72
"S00131933",46,11,35
"S00131934",141,37,104
"S00131935",111,34,77
"S00131936",95,39,56
"S00131937",100,36,64
"S00131938",130,51,79
"S00131939",94,26,68
"S00131940",89,59,30
"S00131941",94,67,27
"S00131942",100,72,28
"S00131943",97,70,27
"S00131944",99,39,60
"S00131945",59,49,10
"S00131946",111,27,84
"S00131947",44,20,24
"S00131948",92,32,60
"S00131949",110,48,62
"S00131950",94,58,36
"S00131951",72,60,12
"S00131952",120,47,73
"S00131953",154,64,90
"S00131954",139,76,63
"S00131955",51,35,16
"S00131956",168,69,99
"S00131957",99,59,40
"S00131958",118,52,66
"S00131959",129,52,77
"S00131960",117,50,67
"S00131961",135,57,78
"S00131962",86,58,28
"S00131963",97,37,60
"S00131964",57,40,17
"S00131965",95,62,33
"S00131966",74,40,34
"S00131967",65,39,26
"S00131968",59,33,26
"S00131969",94,72,22
"S00131970",128,72,56
"S00131971",143,74,69
"S00131972",86,46,40
"S00131973",78,34,44
"S00131974",113,57,56
"S00131975",78,51,27
"S00131976",122,89,33
"S00131977",76,36,40
"S00131978",79,39,40
"S00131979",100,54,46
"S00131980",83,60,23
"S00131981",152,77,75
"S00131982",88,43,45
"S00131983",93,45,48
"S00131984",99,44,55
"S00131985",88,38,50
"S00131986",126,69,57
"S00131987",104,50,54
"S00131988",112,76,36
"S00131989",63,26,37
"S00131990",84,30,54
"S00131991",88,58,30
"S00131992",115,81,34
"S00131993",128,86,42
"S00131994",117,85,32
"S00131995",99,45,54
"S00131996",42,28,14
"S00131997",65,41,24
"S00131998",76,57,19
"S00131999",63,53,10
"S00132000",101,72,29
"S00132001",100,69,31
"S00132002",125,78,47
"S00132003",79,51,28
"S00132004",99,82,17
"S00132005",115,71,44
"S00132006",66,40,26
"S00132007",43,15,28
"S00132008",70,47,23
"S00132009",78,56,22
"S00132010",80,38,42
"S00132011",68,45,23
"S00132012",83,31,52
"S00132013",73,47,26
"S00132014",93,27,66
"S00132015",160,46,114
"S00132016",84,38,46
"S00132017",105,67,38
"S00132018",66,46,20
"S00132019",105,69,36
"S00132020",152,64,88
"S00132021",150,74,76
"S00132022",74,60,14
"S00132023",157,70,87
"S00132024",130,56,74
"S00132025",95,44,51
"S00132026",92,41,51
"S00132027",100,52,48
"S00132028",113,55,58
"S00132029",78,40,38
"S00132030",152,39,113
"S00132031",112,38,74
"S00132032",169,54,115
"S00132033",139,55,84
"S00132034",66,24,42
"S00132035",135,41,94
"S00132036",130,48,82
"S00132037",69,37,32
"S00132038",75,31,44
"S00132039",96,35,61
"S00132040",86,34,52
"S00132041",161,61,100
"S00132042",105,50,55
"S00132043",130,52,78
"S00132044",144,55,89
"S00132045",88,26,62
"S00132046",101,37,64
"S00132047",88,32,56
"S00132048",97,47,50
"S00132049",68,36,32
"S00132050",56,32,24
"S00132051",127,78,49
"S00132052",70,33,37
"S00132053",76,46,30
"S00132054",88,41,47
"S00132055",71,45,26
"S00132056",86,50,36
"S00132057",109,72,37
"S00132058",102,59,43
"S00132059",66,56,10
"S00132060",68,44,24
"S00132061",81,52,29
"S00132062",118,72,46
"S00132063",55,44,11
"S00132064",91,44,47
"S00132065",91,36,55
"S00132066",78,38,40
"S00132067",81,29,52
"S00132068",57,29,28
"S00132069",70,58,12
"S00132070",137,65,72
"S00132071",101,77,24
"S00132072",84,66,18
"S00132073",99,69,30
"S00132074",136,89,47
"S00132075",84,55,29
"S00132076",86,42,44
"S00132077",54,32,22
"S00132078",126,84,42
"S00132079",119,82,37
"S00132080",67,47,20
"S00132081",61,46,15
"S00132082",69,50,19
"S00132083",96,69,27
"S00132084",80,56,24
"S00132085",117,86,31
"S00132086",132,74,58
"S00132087",93,47,46
"S00132088",80,32,48
"S00132089",101,31,70
"S00132090",88,53,35
"S00132091",83,32,51
"S00132092",90,42,48
"S00132093",82,54,28
"S00132094",145,53,92
"S00132095",69,37,32
"S00132096",80,56,24
"S00132097",71,39,32
"S00132098",112,36,76
"S00132099",127,84,43
"S00132100",79,32,47
"S00132101",130,91,39
"S00132102",61,51,10
"S00132103",69,29,40
"S00132104",115,57,58
"S00132105",86,48,38
"S00132106",77,51,26
"S00132107",136,85,51
"S00132108",74,54,20
"S00132109",71,51,20
"S00132110",110,53,57
"S00132111",117,58,59
"S00132112",73,36,37
"S00132113",97,43,54
"S00132114",106,78,28
"S00132115",129,88,41
"S00132116",92,59,33
"S00132117",81,52,29
"S00132118",79,48,31
"S00132119",118,84,34
"S00132120",117,87,30
"S00132121",107,68,39
"S00132122",89,69,20
"S00132123",81,63,18
"S00132124",62,44,18
"S00132125",85,64,21
"S00132126",50,36,14
"S00132127",67,48,19
"S00132128",108,44,64
"S00132129",87,41,46
"S00132130",88,31,57
"S00132131",93,39,54
"S00132132",86,38,48
"S00132133",178,148,30
"S00132134",87,48,39
"S00132135",87,79,8
"S00132136",50,42,8
"S00132137",52,40,12
"S00132138",84,59,25
"S00132139",111,95,16
"S00132140",84,56,28
"S00132141",80,38,42
"S00132142",105,59,46
"S00132143",72,38,34
"S00132144",58,42,16
"S00132145",77,59,18
"S00132146",113,83,30
"S00132147",113,66,47
"S00132148",111,64,47
"S00132149",86,54,32
"S00132150",101,70,31
"S00132151",112,54,58
"S00132152",114,86,28
"S00132153",108,64,44
"S00132154",83,39,44
"S00132155",120,70,50
"S00132156",122,67,55
"S00132157",74,44,30
"S00132158",108,64,44
"S00132159",135,103,32
"S00132160",84,63,21
"S00132161",90,46,44
"S00132162",122,68,54
"S00132163",75,53,22
"S00132164",74,39,35
"S00132165",100,60,40
"S00132166",88,74,14
"S00132167",68,53,15
"S00132168",73,36,37
"S00132169",108,49,59
"S00132170",77,41,36
"S00132171",109,56,53
"S00132172",101,51,50
"S00132173",86,51,35
"S00132174",60,24,36
"S00132175",95,53,42
"S00132176",75,40,35
"S00132177",89,51,38
"S00132178",113,65,48
"S00132179",135,80,55
"S00132180",59,39,20
"S00132181",116,58,58
"S00132182",133,91,42
"S00132183",126,60,66
"S00132184",136,58,78
"S00132185",86,48,38
"S00132186",60,44,16
"S00132187",109,39,70
"S00132188",41,33,8
"S00132189",110,34,76
"S00132190",90,46,44
"S00132191",56,45,11
"S00132192",107,46,61
"S00132193",94,36,58
"S00132194",76,18,58
"S00132195",48,30,18
"S00132196",112,38,74
"S00132197",69,42,27
"S00132198",119,39,80
"S00132199",102,26,76
"S00132200",106,42,64
"S00132201",116,26,90
"S00132202",87,46,41
"S00132203",56,26,30
"S00132204",57,39,18
"S00132205",121,66,55
"S00132206",85,43,42
"S00132207",116,41,75
"S00132208",126,48,78
"S00132209",123,59,64
"S00132210",100,36,64
"S00132211",124,51,73
"S00132212",100,33,67
"S00132213",79,54,25
"S00132214",97,41,56
"S00132215",68,47,21
"S00132216",59,45,14
"S00132217",73,47,26
"S00132218",69,19,50
"S00132219",74,41,33
"S00132220",71,42,29
"S00132221",96,62,34
"S00132222",162,94,68
"S00132223",117,65,52
"S00132224",66,24,42
"S00132225",75,47,28
"S00132226",75,41,34
"S00132227",107,57,50
"S00132228",92,54,38
"S00132229",103,48,55
"S00132230",69,39,30
"S00132231",62,46,16
"S00132232",95,53,42
"S00132233",130,64,66
"S00132234",125,42,83
"S00132235",127,29,98
"S00132236",100,51,49
"S00132237",113,83,30
"S00132238",90,70,20
"S00132239",108,82,26
"S00132240",86,70,16
"S00132241",135,73,62
"S00132242",78,67,11
"S00132243",79,71,8
"S00132244",177,118,59
"S00132245",75,55,20
"S00132246",131,51,80
"S00132247",77,38,39
"S00132248",71,25,46
"S00132249",89,47,42
"S00132250",100,49,51
"S00132251",101,47,54
"S00132252",84,40,44
"S00132253",105,47,58
"S00132254",93,32,61
"S00132255",94,36,58
"S00132256",92,50,42
"S00132257",91,59,32
"S00132258",92,28,64
"S00132259",94,48,46
"S00132260",124,35,89
"S00132261",157,53,104
"S00132262",116,42,74
"S00132263",90,22,68
"S00132264",107,36,71
"S00132265",80,34,46
"S00132266",87,37,50
"S00132267",124,34,90
"S00132268",116,39,77
"S00132269",43,11,32
"S00132270",123,75,48
"S00132271",107,33,74
"S00132272",112,46,66
"S00132273",50,17,33
"S00132274",161,48,113
"S00132275",43,9,34
"S00132276",97,41,56
"S00132277",94,26,68
"S00132278",106,32,74
"S00132279",52,28,24
"S00132280",123,51,72
"S00132281",122,46,76
"S00132282",90,44,46
"S00132283",79,25,54
"S00132284",104,36,68
"S00132285",93,44,49
"S00132286",73,33,40
"S00132287",76,33,43
"S00132288",116,62,54
"S00132289",107,31,76
"S00132290",123,81,42
"S00132291",217,125,92
"S00132292",65,27,38
"S00132293",73,48,25
"S00132294",47,25,22
"S00132295",49,39,10
"S00132296",79,49,30
"S00132297",141,39,102
"S00132298",81,45,36
"S00132299",112,36,76
"S00132300",146,62,84
"S00132301",183,79,104
"S00132302",115,48,67
"S00132303",77,35,42
"S00132304",98,58,40
"S00132305",46,20,26
"S00132306",182,68,114
"S00132307",78,26,52
"S00132308",51,32,19
"S00132309",59,30,29
"S00132310",101,60,41
"S00132311",103,37,66
"S00132312",80,31,49
"S00132313",73,32,41
"S00132314",69,25,44
"S00132315",128,98,30
"S00132316",59,33,26
"S00132317",83,52,31
"S00132318",85,71,14
"S00132319",146,68,78
"S00132320",112,43,69
"S00132321",101,30,71
"S00132322",61,21,40
"S00132323",96,48,48
"S00132324",60,18,42
"S00132325",112,63,49
"S00132326",118,53,65
"S00132327",98,28,70
"S00132328",90,72,18
"S00132329",62,31,31
"S00132330",104,35,69
"S00132331",123,67,56
"S00132332",143,56,87
"S00132333",76,34,42
"S00132334",61,27,34
"S00132335",59,46,13
"S00132336",72,32,40
"S00132337",72,19,53
"S00132338",70,20,50
"S00132339",94,33,61
"S00132340",127,32,95
"S00132341",70,22,48
"S00132342",67,65,2
"S00132343",59,45,14
"S00132344",45,23,22
"S00132345",43,17,26
"S00132346",105,91,14
"S00132347",119,58,61
"S00132348",243,183,60
"S00132349",40,12,28
"S00132350",114,30,84
"S00132351",97,37,60
"S00132352",83,33,50
"S00132353",82,52,30
"S00132354",98,33,65
"S00132355",100,34,66
"S00132356",100,32,68
"S00132357",91,43,48
"S00132358",146,60,86
"S00132359",105,39,66
"S00132360",192,62,130
"S00132361",91,43,48
"S00132362",80,43,37
"S00132363",121,54,67
"S00132364",93,25,68
"S00132365",75,22,53
"S00132366",82,15,67
"S00132367",94,47,47
"S00132368",98,46,52
"S00132369",141,51,90
"S00132370",90,32,58
"S00132371",115,94,21
"S00132372",63,33,30
"S00132373",126,39,87
"S00132374",71,37,34
"S00132375",78,30,48
"S00132376",99,59,40
"S00132377",68,20,48
"S00132378",142,95,47
"S00132379",66,49,17
"S00132380",72,44,28
"S00132381",81,32,49
"S00132382",98,44,54
"S00132383",75,27,48
"S00132384",131,56,75
"S00132385",54,20,34
"S00132386",74,26,48
"S00132387",65,19,46
"S00132388",111,42,69
"S00132389",76,28,48
"S00132390",67,31,36
"S00132391",71,35,36
"S00132392",94,38,56
"S00132393",98,60,38
"S00132394",76,57,19
"S00132395",125,45,80
"S00132396",72,25,47
"S00132397",118,50,68
"S00132398",128,72,56
"S00132399",58,24,34
"S00132400",67,33,34
"S00132401",84,28,56
"S00132402",71,43,28
"S00132403",68,17,51
"S00132404",160,42,118
"S00132405",98,45,53
"S00132406",63,46,17
"S00132407",84,53,31
"S00132408",113,41,72
"S00132409",84,50,34
"S00132410",57,40,17
"S00132411",88,42,46
"S00132412",120,42,78
"S00132413",122,45,77
"S00132414",127,49,78
"S00132415",154,57,97
"S00132416",156,66,90
"S00132417",81,51,30
"S00132418",53,42,11
"S00132419",86,31,55
"S00132420",66,36,30
"S00132421",90,52,38
"S00132422",69,37,32
"S00132423",112,40,72
"S00132424",109,31,78
"S00132425",56,20,36
"S00132426",99,77,22
"S00132427",63,49,14
"S00132428",132,58,74
"S00132429",43,32,11
"S00132430",59,19,40
"S00132431",86,43,43
"S00132432",82,32,50
"S00132433",74,30,44
"S00132434",75,42,33
"S00132435",74,26,48
"S00132436",114,42,72
"S00132437",87,35,52
"S00132438",80,54,26
"S00132439",54,35,19
"S00132440",115,102,13
"S00132441",71,59,12
"S00132442",93,43,50
"S00132443",65,35,30
"S00132444",53,32,21
"S00132445",85,48,37
"S00132446",62,38,24
"S00132447",133,63,70
"S00132448",79,53,26
"S00132449",61,37,24
"S00132450",71,51,20
"S00132451",54,40,14
"S00132452",98,44,54
"S00132453",55,31,24
"S00132454",71,35,36
"S00132455",84,64,20
"S00132456",69,26,43
"S00132457",88,47,41
"S00132458",69,35,34
"S00132459",85,64,21
"S00132460",86,56,30
"S00132461",45,41,4
"S00132462",52,41,11
"S00132463",54,40,14
"S00132464",81,68,13
"S00132465",40,23,17
"S00132466",82,46,36
"S00132467",66,39,27
"S00132468",43,19,24
"S00132469",91,61,30
"S00132470",62,28,34
"S00132471",99,76,23
"S00132472",69,33,36
"S00132473",68,55,13
"S00132474",61,32,29
"S00132475",50,36,14
"S00132476",47,20,27
"S00132477",110,65,45
"S00132478",74,48,26
"S00132479",134,82,52
"S00132480",47,23,24
"S00132481",103,61,42
"S00132482",99,53,46
"S00132483",64,38,26
"S00132484",149,60,89
"S00132485",46,24,22
"S00132486",90,71,19
"S00132487",64,50,14
"S00132488",76,58,18
"S00132489",51,36,15
"S00132490",50,26,24
"S00132491",157,126,31
"S00132492",161,51,110
"S00132493",174,66,108
"S00132494",43,10,33
"S00132495",57,13,44
"S00132496",109,35,74
"S00132497",59,16,43
"S00132498",95,19,76
"S00132499",107,46,61
"S00132500",112,44,68
"S00132501",118,80,38
"S00132502",105,36,69
"S00132503",82,34,48
"S00132504",135,47,88
"S00132505",102,39,63
"S00132506",127,43,84
"S00132507",98,36,62
"S00132508",120,49,71
"S00132509",115,39,76
"S00132510",81,31,50
"S00132511",108,44,64
"S00132512",123,43,80
"S00132513",56,20,36
"S00132514",87,37,50
"S00132515",105,69,36
"S00132516",107,33,74
"S00132517",73,24,49
"S00132518",86,33,53
"S00132519",89,40,49
"S00132520",125,47,78
"S00132521",99,37,62
"S00132522",89,45,44
"S00132523",45,26,19
"S00132524",85,43,42
"S00132525",90,30,60
"S00132526",158,74,84
"S00132527",86,30,56
"S00132528",151,60,91
"S00132529",98,36,62
"S00132530",95,29,66
"S00132531",60,46,14
"S00132532",63,24,39
"S00132533",83,31,52
"S00132534",65,54,11
"S00132535",72,25,47
"S00132536",47,16,31
"S00132537",106,62,44
"S00132538",58,36,22
"S00132539",112,81,31
"S00132540",79,29,50
"S00132541",120,46,74
"S00132542",106,61,45
"S00132543",65,45,20
"S00132544",150,80,70
"S00132545",114,41,73
"S00132546",96,30,66
"S00132547",95,33,62
"S00132548",145,53,92
"S00132549",103,57,46
"S00132550",134,82,52
"S00132551",105,70,35
"S00132552",89,71,18
"S00132553",100,64,36
"S00132554",71,39,32
"S00132555",131,50,81
"S00132556",109,48,61
"S00132557",73,33,40
"S00132558",114,42,72
"S00132559",81,30,51
"S00132560",82,66,16
"S00132561",71,22,49
"S00132562",106,50,56
"S00132563",99,35,64
"S00132564",121,41,80
"S00132565",139,39,100
"S00132566",128,38,90
"S00132567",92,24,68
"S00132568",112,76,36
"S00132569",76,52,24
"S00132570",104,59,45
"S00132571",85,55,30
"S00132572",44,12,32
"S00132573",140,44,96
"S00132574",116,53,63
"S00132575",96,51,45
"S00132576",101,32,69
"S00132577",78,50,28
"S00132578",70,39,31
"S00132579",116,86,30
"S00132580",54,29,25
"S00132581",130,67,63
"S00132582",95,59,36
"S00132583",115,58,57
"S00132584",61,29,32
"S00132585",66,34,32
"S00132586",93,39,54
"S00132587",58,44,14
"S00132588",75,43,32
"S00132589",92,30,62
"S00132590",77,24,53
"S00132591",92,60,32
"S00132592",57,39,18
"S00132593",83,50,33
"S00132594",51,29,22
"S00132595",89,47,42
"S00132596",61,33,28
"S00132597",86,46,40
"S00132598",96,45,51
"S00132599",69,47,22
"S00132600",79,49,30
"S00132601",84,40,44
"S00132602",120,42,78
"S00132603",102,24,78
"S00132604",170,48,122
"S00132605",157,58,99
"S00132606",62,24,38
"S00132607",85,28,57
"S00132608",75,31,44
"S00132609",114,38,76
"S00132610",75,28,47
"S00132611",54,22,32
"S00132612",65,53,12
"S00132613",87,44,43
"S00132614",113,40,73
"S00132615",123,64,59
"S00132616",68,58,10
"S00132617",102,56,46
"S00132618",104,36,68
"S00132619",148,44,104
"S00132620",118,48,70
"S00132621",145,65,80
"S00132622",157,59,98
"S00132623",130,72,58
"S00132624",61,25,36
"S00132625",143,42,101
"S00132626",133,41,92
"S00132627",78,30,48
"S00132628",121,58,63
"S00132629",100,57,43
"S00132630",96,50,46
"S00132631",132,67,65
"S00132632",57,37,20
"S00132633",57,34,23
"S00132634",104,50,54
"S00132635",101,48,53
"S00132636",124,62,62
"S00132637",97,70,27
"S00132638",66,32,34
"S00132639",60,50,10
"S00132640",80,60,20
"S00132641",72,45,27
"S00132642",66,30,36
"S00132643",112,44,68
"S00132644",91,23,68
"S00132645",78,24,54
"S00132646",129,65,64
"S00132647",38,12,26
"S00132648",52,18,34
"S00132649",112,94,18
"S00132650",170,70,100
"S00132651",59,19,40
"S00132652",83,49,34
"S00132653",103,56,47
"S00132654",46,41,5
"S00132655",83,39,44
"S00132656",94,76,18
"S00132657",42,18,24
"S00132658",79,61,18
"S00132659",84,58,26
"S00132660",107,49,58
"S00132661",98,71,27
"S00132662",106,66,40
"S00132663",58,38,20
"S00132664",86,57,29
"S00132665",133,52,81
"S00132666",142,42,100
"S00132667",115,35,80
"S00132668",45,9,36
"S00132669",139,57,82
"S00132670",130,47,83
"S00132671",128,44,84
"S00132672",87,57,30
"S00132673",121,42,79
"S00132674",106,38,68
"S00132675",71,23,48
"S00132676",106,40,66
"S00132677",106,42,64
"S00132678",188,76,112
"S00132679",61,16,45
"S00132680",107,38,69
"S00132681",62,22,40
"S00132682",105,40,65
"S00132683",151,51,100
"S00132684",93,36,57
"S00132685",79,39,40
"S00132686",179,76,103
"S00132687",92,54,38
"S00132688",65,31,34
"S00132689",98,48,50
"S00132690",51,31,20
"S00132691",129,63,66
"S00132692",131,55,76
"S00132693",129,46,83
"S00132694",152,52,100
"S00132695",96,69,27
"S00132696",126,46,80
"S00132697",132,40,92
"S00132698",48,16,32
"S00132699",192,70,122
"S00132700",121,45,76
"S00132701",185,59,126
"S00132702",111,47,64
"S00132703",110,43,67
"S00132704",106,39,67
"S00132705",114,36,78
"S00132706",95,72,23
"S00132707",224,126,98
"S00132708",130,59,71
"S00132709",139,55,84
"S00132710",162,99,63
"S00132711",66,33,33
"S00132712",106,56,50
"S00132713",79,47,32
"S00132714",80,60,20
"S00132715",80,30,50
"S00132716",118,69,49
"S00132717",114,48,66
"S00132718",53,36,17
"S00132719",112,48,64
"S00132720",121,36,85
"S00132721",59,26,33
"S00132722",103,37,66
"S00132723",134,56,78
"S00132724",101,29,72
"S00132725",112,35,77
"S00132726",96,35,61
"S00132727",153,56,97
"S00132728",47,21,26
"S00132729",50,23,27
"S00132730",82,52,30
"S00132731",75,45,30
"S00132732",96,63,33
"S00132733",68,41,27
"S00132734",163,82,81
"S00132735",64,34,30
"S00132736",173,116,57
"S00132737",109,54,55
"S00132738",80,43,37
"S00132739",56,18,38
"S00132740",152,70,82
"S00132741",51,13,38
"S00132742",103,55,48
"S00132743",117,68,49
"S00132744",84,63,21
"S00132745",49,28,21
"S00132746",95,49,46
"S00132747",109,37,72
"S00132748",139,54,85
"S00132749",74,40,34
"S00132750",60,34,26
"S00132751",105,56,49
"S00132752",86,53,33
"S00132753",99,41,58
"S00132754",73,35,38
"S00132755",115,65,50
"S00132756",82,55,27
"S00132757",100,57,43
"S00132758",62,46,16
"S00132759",74,58,16
"S00132760",91,67,24
"S00132761",106,86,20
"S00132762",52,25,27
"S00132763",89,57,32
"S00132764",87,48,39
"S00132765",91,51,40
"S00132766",65,49,16
"S00132767",92,51,41
"S00132768",87,61,26
"S00132769",100,47,53
"S00132770",51,39,12
"S00132771",72,27,45
"S00132772",60,51,9
"S00132773",79,69,10
"S00132774",49,34,15
"S00132775",93,56,37
"S00132776",95,25,70
"S00132777",138,46,92
"S00132778",93,35,58
"S00132779",105,81,24
"S00132780",110,78,32
"S00132781",50,42,8
"S00132782",119,55,64
"S00132783",44,20,24
"S00132784",113,68,45
"S00132785",150,66,84
"S00132786",113,56,57
"S00132787",49,17,32
"S00132788",116,44,72
"S00132789",82,38,44
"S00132790",45,13,32
"S00132791",48,36,12
"S00132792",115,49,66
"S00132793",86,43,43
"S00132794",103,47,56
"S00132795",59,33,26
"S00132796",101,45,56
"S00132797",152,92,60
"S00132798",155,71,84
"S00132799",99,62,37
"S00132800",46,22,24
"S00132801",105,64,41
"S00132802",72,43,29
"S00132803",70,31,39
"S00132804",72,31,41
"S00132805",127,51,76
"S00132806",84,64,20
"S00132807",46,37,9
"S00132808",78,40,38
"S00132809",58,40,18
"S00132810",49,40,9
"S00132811",65,57,8
"S00132812",52,46,6
"S00132813",99,82,17
"S00132814",73,29,44
"S00132815",88,62,26
"S00132816",77,54,23
"S00132817",49,40,9
"S00132818",98,49,49
"S00132819",84,40,44
"S00132820",111,52,59
"S00132821",43,27,16
"S00132822",68,35,33
"S00132823",114,44,70
"S00132824",92,42,50
"S00132825",97,45,52
"S00132826",45,16,29
"S00132827",78,28,50
"S00132828",74,59,15
"S00132829",95,60,35
"S00132830",52,37,15
"S00132831",105,41,64
"S00132832",132,121,11
"S00132833",93,70,23
"S00132834",143,65,78
"S00132835",86,71,15
"S00132836",88,52,36
"S00132837",63,47,16
"S00132838",67,27,40
"S00132839",186,74,112
"S00132840",79,24,55
"S00132841",78,42,36
"S00132842",86,54,32
"S00132843",53,37,16
"S00132844",64,36,28
"S00132845",134,70,64
"S00132846",78,63,15
"S00132847",193,123,70
"S00132848",195,89,106
"S00132849",115,52,63
"S00132850",49,23,26
"S00132851",147,59,88
"S00132852",118,37,81
"S00132853",113,29,84
"S00132854",141,53,88
"S00132855",96,62,34
"S00132856",101,71,30
"S00132857",89,22,67
"S00132858",136,38,98
"S00132859",137,38,99
"S00132860",48,16,32
"S00132861",87,29,58
"S00132862",75,25,50
"S00132863",150,137,13
"S00132864",80,25,55
"S00132865",102,36,66
"S00132866",158,61,97
"S00132867",140,41,99
"S00132868",132,48,84
"S00132869",97,31,66
"S00132870",115,44,71
"S00132871",123,36,87
"S00132872",92,28,64
"S00132873",112,38,74
"S00132874",119,37,82
"S00132875",140,43,97
"S00132876",162,56,106
"S00132877",72,30,42
"S00132878",126,39,87
"S00132879",103,62,41
"S00132880",65,37,28
"S00132881",134,47,87
"S00132882",67,28,39
"S00132883",72,31,41
"S00132884",45,19,26
"S00132885",78,45,33
"S00132886",46,16,30
"S00132887",76,38,38
"S00132888",99,35,64
"S00132889",55,37,18
"S00132890",78,33,45
"S00132891",82,47,35
"S00132892",51,17,34
"S00132893",53,27,26
"S00132894",75,29,46
"S00132895",96,29,67
"S00132896",131,46,85
"S00132897",115,47,68
"S00132898",89,27,62
"S00132899",65,32,33
"S00132900",55,17,38
"S00132901",92,35,57
"S00132902",85,34,51
"S00132903",107,74,33
"S00132904",75,29,46
"S00132905",44,19,25
"S00132906",120,49,71
"S00132907",100,38,62
"S00132908",71,38,33
"S00132909",108,38,70
"S00132910",80,17,63
"S00132911",86,32,54
"S00132912",123,29,94
"S00132913",62,20,42
"S00132914",96,38,58
"S00132915",154,73,81
"S00132916",97,50,47
"S00132917",105,45,60
"S00132918",135,65,70
"S00132919",109,38,71
"S00132920",127,69,58
"S00132921",77,30,47
"S00132922",60,33,27
"S00132923",50,22,28
"S00132924",58,30,28
"S00132925",99,60,39
"S00132926",115,41,74
"S00132927",51,11,40
"S00132928",123,39,84
"S00132929",129,50,79
"S00132930",70,18,52
"S00132931",104,46,58
"S00132932",74,20,54
"S00132933",154,57,97
"S00132934",92,41,51
"S00132935",69,30,39
"S00132936",72,29,43
"S00132937",79,29,50
"S00132938",88,22,66
"S00132939",52,18,34
"S00132940",44,17,27
"S00132941",79,28,51
"S00132942",80,40,40
"S00132943",73,27,46
"S00132944",101,33,68
"S00132945",121,39,82
"S00132946",133,51,82
"S00132947",94,38,56
"S00132948",117,66,51
"S00132949",72,16,56
"S00132950",148,36,112
"S00132951",94,31,63
"S00132952",98,35,63
"S00132953",80,42,38
"S00132954",200,100,100
"S00132955",109,47,62
"S00132956",167,49,118
"S00132957",114,30,84
"S00132958",126,24,102
"S00132959",91,35,56
"S00132960",134,43,91
"S00132961",102,27,75
"S00132962",98,42,56
"S00132963",105,45,60
"S00132964",128,77,51
"S00132965",117,79,38
"S00132966",65,21,44
"S00132967",57,33,24
"S00132968",106,56,50
"S00132969",101,71,30
"S00132970",121,65,56
"S00132971",78,51,27
"S00132972",98,62,36
"S00132973",155,82,73
"S00132974",134,80,54
"S00132975",120,69,51
"S00132976",94,34,60
"S00132977",80,34,46
"S00132978",47,29,18
"S00132979",88,42,46
"S00132980",145,79,66
"S00132981",100,60,40
"S00132982",126,62,64
"S00132983",107,54,53
"S00132984",57,39,18
"S00132985",106,40,66
"S00132986",82,39,43
"S00132987",71,31,40
"S00132988",114,34,80
"S00132989",122,50,72
"S00132990",125,62,63
"S00132991",76,45,31
"S00132992",95,51,44
"S00132993",94,59,35
"S00132994",81,59,22
"S00132995",123,76,47
"S00132996",109,78,31
"S00132997",86,55,31
"S00132998",99,44,55
"S00132999",88,50,38
"S00133000",86,59,27
"S00133001",113,66,47
"S00133002",75,45,30
"S00133003",128,72,56
"S00133004",104,41,63
"S00133005",121,49,72
"S00133006",118,68,50
"S00133007",149,65,84
"S00133008",78,49,29
"S00133009",69,35,34
"S00133010",112,56,56
"S00133011",86,60,26
"S00133012",126,78,48
"S00133013",155,60,95
"S00133014",111,69,42
"S00133015",82,50,32
"S00133016",105,58,47
"S00133017",210,126,84
"S00133018",120,84,36
"S00133019",153,63,90
"S00133020",71,31,40
"S00133021",57,35,22
"S00133022",120,67,53
"S00133023",89,29,60
"S00133024",105,60,45
"S00133025",99,57,42
"S00133026",70,30,40
"S00133027",86,51,35
"S00133028",93,61,32
"S00133029",70,42,28
"S00133030",75,40,35
"S00133031",112,68,44
"S00133032",95,55,40
"S00133033",136,40,96
"S00133034",52,32,20
"S00133035",75,39,36
"S00133036",85,43,42
"S00133037",95,58,37
"S00133038",99,63,36
"S00133039",103,60,43
"S00133040",89,55,34
"S00133041",85,37,48
"S00133042",103,65,38
"S00133043",154,91,63
"S00133044",113,67,46
"S00133045",51,25,26
"S00133046",129,59,70
"S00133047",150,47,103
"S00133048",56,44,12
"S00133049",91,45,46
"S00133050",109,31,78
"S00133051",132,49,83
"S00133052",97,27,70
"S00133053",97,32,65
"S00133054",94,36,58
"S00133055",95,30,65
"S00133056",51,47,4
"S00133057",110,68,42
"S00133058",61,45,16
"S00133059",64,36,28
"S00133060",92,72,20
"S00133061",70,56,14
"S00133062",92,32,60
"S00133063",102,81,21
"S00133064",67,39,28
"S00133065",112,41,71
"S00133066",113,61,52
"S00133067",113,23,90
"S00133068",138,39,99
"S00133069",108,27,81
"S00133070",114,81,33
"S00133071",117,21,96
"S00133072",139,45,94
"S00133073",78,46,32
"S00133074",50,36,14
"S00133075",83,48,35
"S00133076",98,45,53
"S00133077",86,33,53
"S00133078",172,76,96
"S00133079",129,54,75
"S00133080",79,29,50
"S00133081",118,47,71
"S00133082",94,34,60
"S00133083",89,53,36
"S00133084",78,40,38
"S00133085",80,44,36
"S00133086",97,45,52
"S00133087",83,48,35
"S00133088",57,31,26
"S00133089",86,36,50
"S00133090",115,51,64
"S00133091",92,47,45
"S00133092",75,38,37
"S00133093",111,55,56
"S00133094",80,56,24
"S00133095",86,49,37
"S00133096",88,55,33
"S00133097",75,29,46
"S00133098",89,67,22
"S00133099",96,82,14
"S00133100",92,60,32
"S00133101",122,60,62
"S00133102",50,32,18
"S00133103",68,34,34
"S00133104",56,31,25
"S00133105",65,55,10
"S00133106",65,51,14
"S00133107",133,85,48
"S00133108",90,63,27
"S00133109",75,40,35
"S00133110",45,25,20
"S00133111",56,28,28
"S00133112",91,59,32
"S00133113",61,35,26
"S00133114",97,63,34
"S00133115",141,82,59
"S00133116",60,32,28
"S00133117",67,47,20
"S00133118",39,26,13
"S00133119",49,35,14
"S00133120",91,66,25
"S00133121",82,60,22
"S00133122",90,62,28
"S00133123",90,24,66
"S00133124",95,47,48
"S00133125",60,43,17
"S00133126",44,26,18
"S00133127",83,42,41
"S00133128",54,46,8
"S00133129",92,31,61
"S00133130",77,54,23
"S00133131",72,55,17
"S00133132",87,52,35
"S00133133",47,35,12
"S00133134",73,23,50
"S00133135",85,34,51
"S00133136",137,67,70
"S00133137",101,49,52
"S00133138",81,41,40
"S00133139",75,45,30
"S00133140",75,37,38
"S00133141",67,41,26
"S00133142",109,48,61
"S00133143",76,26,50
"S00133144",101,40,61
"S00133145",102,44,58
"S00133146",75,35,40
"S00133147",87,50,37
"S00133148",71,39,32
"S00133149",69,17,52
"S00133150",75,15,60
"S00133151",125,50,75
"S00133152",88,32,56
"S00133153",155,41,114
"S00133154",139,46,93
"S00133155",127,34,93
"S00133156",83,27,56
"S00133157",89,57,32
"S00133158",84,28,56
"S00133159",54,41,13
"S00133160",54,30,24
"S00133161",110,79,31
"S00133162",46,22,24
"S00133163",90,50,40
"S00133164",108,56,52
"S00133165",81,45,36
"S00133166",116,74,42
"S00133167",77,42,35
"S00133168",77,51,26
"S00133169",116,67,49
"S00133170",72,50,22
"S00133171",76,38,38
"S00133172",73,45,28
"S00133173",95,72,23
"S00133174",120,60,60
"S00133175",75,47,28
"S00133176",100,63,37
"S00133177",81,53,28
"S00133178",88,45,43
"S00133179",76,63,13
"S00133180",88,51,37
"S00133181",76,47,29
"S00133182",87,56,31
"S00133183",119,77,42
"S00133184",142,56,86
"S00133185",82,73,9
"S00133186",94,88,6
"S00133187",152,140,12
"S00133188",75,67,8
"S00133189",57,49,8
"S00133190",79,64,15
"S00133191",89,73,16
"S00133192",86,68,18
"S00133193",70,55,15
"S00133194",155,124,31
"S00133195",91,83,8
"S00133196",96,80,16
"S00133197",99,92,7
"S00133198",167,138,29
"S00133199",99,87,12
"S00133200",119,111,8
"S00133201",173,161,12
"S00133202",98,90,8
"S00133203",156,139,17
"S00133204",103,57,46
"S00133205",87,59,28
"S00133206",105,67,38
"S00133207",77,45,32
"S00133208",61,40,21
"S00133209",89,62,27
"S00133210",97,71,26
"S00133211",100,84,16
"S00133212",120,102,18
"S00133213",121,78,43
"S00133214",111,91,20
"S00133215",100,64,36
"S00133216",51,33,18
"S00133217",63,47,16
"S00133218",78,44,34
"S00133219",80,60,20
"S00133220",80,59,21
"S00133221",67,53,14
"S00133222",75,54,21
"S00133223",107,87,20
"S00133224",100,91,9
"S00133225",109,37,72
"S00133226",85,47,38
"S00133227",90,43,47
"S00133228",102,37,65
"S00133229",100,50,50
"S00133230",112,86,26
"S00133231",86,49,37
"S00133232",82,58,24
"S00133233",142,41,101
"S00133234",112,39,73
"S00133235",93,17,76
"S00133236",85,32,53
"S00133237",107,37,70
"S00133238",86,27,59
"S00133239",76,38,38
"S00133240",87,27,60
"S00133241",56,16,40
"S00133242",80,38,42
"S00133243",69,36,33
"S00133244",120,56,64
"S00133245",130,42,88
"S00133246",141,92,49
"S00133247",96,63,33
"S00133248",101,34,67
"S00133249",81,52,29
"S00133250",43,14,29
"S00133251",111,33,78
"S00133252",104,35,69
"S00133253",99,41,58
"S00133254",156,136,20
"S00133255",138,127,11
"S00133256",86,32,54
"S00133257",77,29,48
"S00133258",47,19,28
"S00133259",41,15,26
"S00133260",135,53,82
"S00133261",113,85,28
"S00133262",49,30,19
"S00133263",54,38,16
"S00133264",85,59,26
"S00133265",123,72,51
"S00133266",120,50,70
"S00133267",88,66,22
"S00133268",116,81,35
"S00133269",95,63,32
"S00133270",68,43,25
"S00133271",110,51,59
"S00133272",98,42,56
"S00133273",140,51,89
"S00133274",131,60,71
"S00133275",130,46,84
"S00133276",136,43,93
"S00133277",59,20,39
"S00133278",115,67,48
"S00133279",146,74,72
"S00133280",108,35,73
"S00133281",80,34,46
"S00133282",90,52,38
"S00133283",85,48,37
"S00133284",137,84,53
"S00133285",85,43,42
"S00133286",130,70,60
"S00133287",123,73,50
"S00133288",89,59,30
"S00133289",101,60,41
"S00133290",140,80,60
"S00133291",152,94,58
"S00133292",78,48,30
"S00133293",82,63,19
"S00133294",79,55,24
"S00133295",121,67,54
"S00133296",120,62,58
"S00133297",98,54,44
"S00133298",99,55,44
"S00133299",90,59,31
"S00133300",85,47,38
"S00133301",93,42,51
"S00133302",98,56,42
"S00133303",57,29,28
"S00133304",123,70,53
"S00133305",84,37,47
"S00133306",118,82,36
"S00133307",43,9,34
"S00133308",117,41,76
"S00133309",134,71,63
"S00133310",80,32,48
"S00133311",109,33,76
"S00133312",116,28,88
"S00133313",125,35,90
"S00133314",135,51,84
"S00133315",108,46,62
"S00133316",57,15,42
"S00133317",78,43,35
"S00133318",78,38,40
"S00133319",152,48,104
"S00133320",141,33,108
"S00133321",116,41,75
"S00133322",85,31,54
"S00133323",145,39,106
"S00133324",93,27,66
"S00133325",107,51,56
"S00133326",76,25,51
"S00133327",135,75,60
"S00133328",104,64,40
"S00133329",114,80,34
"S00133330",76,54,22
"S00133331",69,43,26
"S00133332",87,22,65
"S00133333",102,43,59
"S00133334",56,18,38
"S00133335",45,23,22
"S00133336",72,40,32
"S00133337",98,28,70
"S00133338",71,46,25
"S00133339",101,30,71
"S00133340",78,28,50
"S00133341",129,43,86
"S00133342",99,29,70
"S00133343",95,28,67
"S00133344",99,24,75
"S00133345",121,57,64
"S00133346",84,30,54
"S00133347",180,52,128
"S00133348",144,59,85
"S00133349",130,36,94
"S00133350",147,41,106
"S00133351",64,38,26
"S00133352",117,33,84
"S00133353",73,35,38
"S00133354",125,60,65
"S00133355",153,85,68
"S00133356",113,26,87
"S00133357",111,21,90
"S00133358",105,41,64
"S00133359",105,18,87
"S00133360",45,31,14
"S00133361",91,45,46
"S00133362",133,99,34
"S00133363",136,78,58
"S00133364",58,24,34
"S00133365",85,41,44
"S00133366",134,67,67
"S00133367",105,52,53
"S00133368",122,23,99
"S00133369",92,24,68
"S00133370",108,32,76
"S00133371",141,68,73
"S00133372",80,49,31
"S00133373",135,59,76
"S00133374",117,28,89
"S00133375",118,82,36
"S00133376",120,59,61
"S00133377",64,20,44
"S00133378",105,31,74
"S00133379",125,46,79
"S00133380",152,56,96
"S00133381",127,61,66
"S00133382",88,53,35
"S00133383",62,40,22
"S00133384",125,61,64
"S00133385",172,98,74
"S00133386",93,60,33
"S00133387",81,47,34
"S00133388",126,59,67
"S00133389",142,45,97
"S00133390",84,40,44
"S00133391",106,60,46
"S00133392",77,31,46
"S00133393",128,47,81
"S00133394",69,34,35
"S00133395",78,36,42
"S00133396",64,33,31
"S00133397",78,35,43
"S00133398",64,30,34
"S00133399",49,17,32
"S00133400",79,23,56
"S00133401",72,27,45
"S00133402",74,31,43
"S00133403",52,24,28
"S00133404",125,33,92
"S00133405",143,52,91
"S00133406",101,37,64
"S00133407",135,71,64
"S00133408",44,10,34
"S00133409",66,32,34
"S00133410",53,12,41
"S00133411",121,37,84
"S00133412",68,23,45
"S00133413",71,27,44
"S00133414",103,59,44
"S00133415",85,47,38
"S00133416",71,31,40
"S00133417",66,26,40
"S00133418",83,37,46
"S00133419",51,23,28
"S00133420",100,57,43
"S00133421",98,55,43
"S00133422",58,18,40
"S00133423",69,20,49
"S00133424",100,80,20
"S00133425",139,60,79
"S00133426",121,60,61
"S00133427",63,35,28
"S00133428",65,21,44
"S00133429",58,12,46
"S00133430",72,40,32
"S00133431",67,42,25
"S00133432",89,56,33
"S00133433",106,39,67
"S00133434",86,38,48
"S00133435",84,51,33
"S00133436",160,42,118
"S00133437",90,53,37
"S00133438",110,44,66
"S00133439",109,53,56
"S00133440",50,38,12
"S00133441",108,63,45
"S00133442",66,33,33
"S00133443",90,36,54
"S00133444",166,82,84
"S00133445",57,18,39
"S00133446",112,90,22
"S00133447",75,59,16
"S00133448",69,52,17
"S00133449",57,33,24
"S00133450",72,52,20
"S00133451",88,30,58
"S00133452",123,40,83
"S00133453",47,17,30
"S00133454",54,26,28
"S00133455",59,34,25
"S00133456",115,51,64
"S00133457",54,30,24
"S00133458",78,40,38
"S00133459",187,43,144
"S00133460",64,39,25
"S00133461",99,29,70
"S00133462",63,35,28
"S00133463",108,46,62
"S00133464",64,21,43
"S00133465",127,59,68
"S00133466",63,33,30
"S00133467",81,40,41
"S00133468",76,46,30
"S00133469",111,67,44
"S00133470",56,32,24
"S00133471",102,41,61
"S00133472",119,64,55
"S00133473",74,35,39
"S00133474",111,44,67
"S00133475",67,59,8
"S00133476",130,119,11
"S00133477",78,67,11
"S00133478",74,53,21
"S00133479",101,44,57
"S00133480",123,42,81
"S00133481",49,18,31
"S00133482",98,31,67
"S00133483",72,36,36
"S00133484",82,23,59
"S00133485",145,62,83
"S00133486",134,83,51
"S00133487",97,46,51
"S00133488",58,16,42
"S00133489",83,11,72
"S00133490",99,23,76
"S00133491",130,19,111
"S00133492",62,14,48
"S00133493",51,14,37
"S00133494",125,26,99
"S00133495",100,11,89
"S00133496",85,24,61
"S00133497",59,31,28
"S00133498",84,56,28
"S00133499",74,44,30
"S00133500",109,39,70
"S00133501",90,35,55
"S00133502",111,36,75
"S00133503",81,44,37
"S00133504",74,22,52
"S00133505",121,70,51
"S00133506",52,17,35
"S00133507",83,26,57
"S00133508",97,31,66
"S00133509",99,44,55
"S00133510",82,30,52
"S00133511",66,38,28
"S00133512",55,32,23
"S00133513",141,91,50
"S00133514",69,25,44
"S00133515",74,54,20
"S00133516",48,32,16
"S00133517",140,64,76
"S00133518",104,56,48
"S00133519",130,59,71
"S00133520",46,20,26
"S00133521",99,34,65
"S00133522",94,36,58
"S00133523",108,50,58
"S00133524",167,63,104
"S00133525",54,26,28
"S00133526",212,184,28
"S00133527",48,36,12
"S00133528",84,20,64
"S00133529",92,53,39
"S00133530",96,50,46
"S00133531",52,24,28
"S00133532",68,34,34
"S00133533",85,57,28
"S00133534",70,40,30
"S00133535",87,49,38
"S00133536",103,67,36
"S00133537",71,49,22
"S00133538",90,40,50
"S00133539",59,40,19
"S00133540",64,19,45
"S00133541",107,45,62
"S00133542",128,32,96
"S00133543",107,72,35
"S00133544",61,39,22
"S00133545",56,32,24
"S00133546",94,24,70
"S00133547",122,50,72
"S00133548",105,31,74
"S00133549",72,25,47
"S00133550",105,37,68
"S00133551",106,44,62
"S00133552",62,54,8
"S00133553",123,112,11
"S00133554",112,99,13
"S00133555",49,38,11
"S00133556",99,90,9
"S00133557",135,94,41
"S00133558",121,87,34
"S00133559",255,243,12
"S00133560",55,54,1
"S00133561",77,65,12
"S00133562",116,101,15
"S00133563",82,68,14
"S00133564",111,87,24
"S00133565",67,39,28
"S00133566",119,75,44
"S00133567",52,46,6
"S00133568",75,60,15
"S00133569",118,100,18
"S00133570",91,72,19
"S00133571",77,48,29
"S00133572",99,61,38
"S00133573",97,41,56
"S00133574",122,56,66
"S00133575",167,105,62
"S00133576",64,21,43
"S00133577",75,64,11
"S00133578",112,96,16
"S00133579",93,79,14
"S00133580",382,331,51
"S00133581",149,92,57
"S00133582",121,72,49
"S00133583",72,34,38
"S00133584",69,35,34
"S00133585",127,45,82
"S00133586",90,25,65
"S00133587",86,61,25
"S00133588",131,64,67
"S00133589",337,301,36
"S00133590",128,44,84
"S00133591",184,92,92
"S00133592",130,60,70
"S00133593",51,27,24
"S00133594",74,45,29
"S00133595",81,49,32
"S00133596",102,42,60
"S00133597",80,60,20
"S00133598",163,67,96
"S00133599",93,49,44
"S00133600",122,32,90
"S00133601",99,57,42
"S00133602",56,38,18
"S00133603",76,60,16
"S00133604",82,36,46
"S00133605",107,53,54
"S00133606",54,30,24
"S00133607",82,52,30
"S00133608",177,50,127
"S00133609",68,16,52
"S00133610",140,34,106
"S00133611",121,41,80
"S00133612",101,53,48
"S00133613",70,18,52
"S00133614",84,37,47
"S00133615",74,44,30
"S00133616",65,50,15
"S00133617",110,68,42
"S00133618",74,24,50
"S00133619",77,49,28
"S00133620",81,41,40
"S00133621",105,61,44
"S00133622",49,25,24
"S00133623",118,43,75
"S00133624",128,56,72
"S00133625",100,39,61
"S00133626",69,36,33
"S00133627",81,44,37
"S00133628",89,42,47
"S00133629",58,22,36
"S00133630",96,67,29
"S00133631",127,44,83
"S00133632",142,48,94
"S00133633",54,18,36
"S00133634",100,39,61
"S00133635",1879,1831,48
"S00133636",125,75,50
"S00133637",70,24,46
"S00133638",52,22,30
"S00133639",55,27,28
"S00133640",85,27,58
"S00133641",164,84,80
"S00133642",92,46,46
"S00133643",57,34,23
"S00133644",129,75,54
"S00133645",107,44,63
"S00133646",80,28,52
"S00133647",53,25,28
"S00133648",61,13,48
"S00133649",69,24,45
"S00133650",82,34,48
"S00133651",59,17,42
"S00133652",83,39,44
"S00133653",118,45,73
"S00133654",83,35,48
"S00133655",72,30,42
"S00133656",77,30,47
"S00133657",51,18,33
"S00133658",82,26,56
"S00133659",88,49,39
"S00133660",145,39,106
"S00133661",60,16,44
"S00133662",89,27,62
"S00133663",133,35,98
"S00133664",47,21,26
"S00133665",63,19,44
"S00133666",86,38,48
"S00133667",93,45,48
"S00133668",140,64,76
"S00133669",317,218,99
"S00133670",51,23,28
"S00133671",63,17,46
"S00133672",132,33,99
"S00133673",79,19,60
"S00133674",66,23,43
"S00133675",63,13,50
"S00133676",138,38,100
"S00133677",167,46,121
"S00133678",51,25,26
"S00133679",67,24,43
"S00133680",91,31,60
"S00133681",86,43,43
"S00133682",79,33,46
"S00133683",50,28,22
"S00133684",35,26,9
"S00133685",98,44,54
"S00133686",105,62,43
"S00133687",91,43,48
"S00133688",121,63,58
"S00133689",103,57,46
"S00133690",110,54,56
"S00133691",71,49,22
"S00133692",131,77,54
"S00133693",89,36,53
"S00133694",125,84,41
"S00133695",97,66,31
"S00133696",92,46,46
"S00133697",84,54,30
"S00133698",59,39,20
"S00133699",98,57,41
"S00133700",84,45,39
"S00133701",79,45,34
"S00133702",82,33,49
"S00133703",83,49,34
"S00133704",88,50,38
"S00133705",133,82,51
"S00133706",102,67,35
"S00133707",105,65,40
"S00133708",104,54,50
"S00133709",114,84,30
"S00133710",55,47,8
"S00133711",103,75,28
"S00133712",82,60,22
"S00133713",141,67,74
"S00133714",85,59,26
"S00133715",97,47,50
"S00133716",86,45,41
"S00133717",91,55,36
"S00133718",44,20,24
"S00133719",57,37,20
"S00133720",126,53,73
"S00133721",109,73,36
"S00133722",113,69,44
"S00133723",108,59,49
"S00133724",137,85,52
"S00133725",134,73,61
"S00133726",590,490,100
"S00133727",121,53,68
"S00133728",142,56,86
"S00133729",121,55,66
"S00133730",132,71,61
"S00133731",61,33,28
"S00133732",96,48,48
"S00133733",94,52,42
"S00133734",70,58,12
"S00133735",97,67,30
"S00133736",97,55,42
"S00133737",67,25,42
"S00133738",92,26,66
"S00133739",119,76,43
"S00133740",126,68,58
"S00133741",100,58,42
"S00133742",110,63,47
"S00133743",121,50,71
"S00133744",57,44,13
"S00133745",75,26,49
"S00133746",124,78,46
"S00133747",74,26,48
"S00133748",112,45,67
"S00133749",137,52,85
"S00133750",53,46,7
"S00133751",128,42,86
"S00133752",112,52,60
"S00133753",102,49,53
"S00133754",65,57,8
"S00133755",79,33,46
"S00133756",114,57,57
"S00133757",118,46,72
"S00133758",126,50,76
"S00133759",130,33,97
"S00133760",138,59,79
"S00133761",54,54,0
"S00133762",59,49,10
"S00133763",76,44,32
"S00133764",126,84,42
"S00133765",122,80,42
"S00133766",103,46,57
"S00133767",111,46,65
"S00133768",106,79,27
"S00133769",76,40,36
"S00133770",102,81,21
"S00133771",92,48,44
"S00133772",82,30,52
"S00133773",96,66,30
"S00133774",126,65,61
"S00133775",104,60,44
"S00133776",80,32,48
"S00133777",83,63,20
"S00133778",132,68,64
"S00133779",55,38,17
"S00133780",80,25,55
"S00133781",99,50,49
"S00133782",130,53,77
"S00133783",106,27,79
"S00133784",123,42,81
"S00133785",69,29,40
"S00133786",66,22,44
"S00133787",87,46,41
"S00133788",74,49,25
"S00133789",67,42,25
"S00133790",89,49,40
"S00133791",74,36,38
"S00133792",67,39,28
"S00133793",90,51,39
"S00133794",72,64,8
"S00133795",61,36,25
"S00133796",105,45,60
"S00133797",115,67,48
"S00133798",110,75,35
"S00133799",120,55,65
"S00133800",93,50,43
"S00133801",54,34,20
"S00133802",79,47,32
"S00133803",81,55,26
"S00133804",55,41,14
"S00133805",81,48,33
"S00133806",110,72,38
"S00133807",95,55,40
"S00133808",80,46,34
"S00133809",86,35,51
"S00133810",87,49,38
"S00133811",90,48,42
"S00133812",90,39,51
"S00133813",58,40,18
"S00133814",64,38,26
"S00133815",93,70,23
"S00133816",111,85,26
"S00133817",131,99,32
"S00133818",101,77,24
"S00133819",114,74,40
"S00133820",139,86,53
"S00133821",51,30,21
"S00133822",69,47,22
"S00133823",76,42,34
"S00133824",85,27,58
"S00133825",115,80,35
"S00133826",63,37,26
"S00133827",85,45,40
"S00133828",77,39,38
"S00133829",89,45,44
"S00133830",98,68,30
"S00133831",105,50,55
"S00133832",102,58,44
"S00133833",112,73,39
"S00133834",93,47,46
"S00133835",72,46,26
"S00133836",120,64,56
"S00133837",83,42,41
"S00133838",79,45,34
"S00133839",86,54,32
"S00133840",126,78,48
"S00133841",122,70,52
"S00133842",133,63,70
"S00133843",126,69,57
"S00133844",93,53,40
"S00133845",70,36,34
"S00133846",117,65,52
"S00133847",116,59,57
"S00133848",94,52,42
"S00133849",121,49,72
"S00133850",93,52,41
"S00133851",111,63,48
"S00133852",81,44,37
"S00133853",74,39,35
"S00133854",121,64,57
"S00133855",88,48,40
"S00133856",91,48,43
"S00133857",84,48,36
"S00133858",99,36,63
"S00133859",116,63,53
"S00133860",103,55,48
"S00133861",55,13,42
"S00133862",91,41,50
"S00133863",108,38,70
"S00133864",83,57,26
"S00133865",94,54,40
"S00133866",105,53,52
"S00133867",115,63,52
"S00133868",88,32,56
"S00133869",104,58,46
"S00133870",109,59,50
"S00133871",62,40,22
"S00133872",90,24,66
"S00133873",130,52,78
"S00133874",83,39,44
"S00133875",124,50,74
"S00133876",79,29,50
"S00133877",150,65,85
"S00133878",109,51,58
"S00133879",53,17,36
"S00133880",156,74,82
"S00133881",124,57,67
"S00133882",96,46,50
"S00133883",89,49,40
"S00133884",76,42,34
"S00133885",132,70,62
"S00133886",66,42,24
"S00133887",78,52,26
"S00133888",130,64,66
"S00133889",63,33,30
"S00133890",75,40,35
"S00133891",69,58,11
"S00133892",120,75,45
"S00133893",92,45,47
"S00133894",91,58,33
"S00133895",95,62,33
"S00133896",114,73,41
"S00133897",80,44,36
"S00133898",84,62,22
"S00133899",65,52,13
"S00133900",52,46,6
"S00133901",56,52,4
"S00133902",112,74,38
"S00133903",122,74,48
"S00133904",98,37,61
"S00133905",119,64,55
"S00133906",108,46,62
"S00133907",146,102,44
"S00133908",96,41,55
"S00133909",97,46,51
"S00133910",132,72,60
"S00133911",80,67,13
"S00133912",55,49,6
"S00133913",77,51,26
"S00133914",121,83,38
"S00133915",95,74,21
"S00133916",150,108,42
"S00133917",121,88,33
"S00133918",42,25,17
"S00133919",121,68,53
"S00133920",131,104,27
"S00133921",78,56,22
"S00133922",113,87,26
"S00133923",50,41,9
"S00133924",90,30,60
"S00133925",113,50,63
"S00133926",128,102,26
"S00133927",76,54,22
"S00133928",77,49,28
"S00133929",124,79,45
"S00133930",53,35,18
"S00133931",88,39,49
"S00133932",139,84,55
"S00133933",125,64,61
"S00133934",92,44,48
"S00133935",104,42,62
"S00133936",55,22,33
"S00133937",84,40,44
"S00133938",98,50,48
"S00133939",62,45,17
"S00133940",131,65,66
"S00133941",58,35,23
"S00133942",104,41,63
"S00133943",158,94,64
"S00133944",123,55,68
"S00133945",83,51,32
"S00133946",81,49,32
"S00133947",96,54,42
"S00133948",93,51,42
"S00133949",126,73,53
"S00133950",128,59,69
"S00133951",101,79,22
"S00133952",148,77,71
"S00133953",93,59,34
"S00133954",75,50,25
"S00133955",148,83,65
"S00133956",126,76,50
"S00133957",114,85,29
"S00133958",112,66,46
"S00133959",165,100,65
"S00133960",84,68,16
"S00133961",126,82,44
"S00133962",135,81,54
"S00133963",159,86,73
"S00133964",122,78,44
"S00133965",145,78,67
"S00133966",103,59,44
"S00133967",94,62,32
"S00133968",114,72,42
"S00133969",73,44,29
"S00133970",103,62,41
"S00133971",104,57,47
"S00133972",103,64,39
"S00133973",112,73,39
"S00133974",115,35,80
"S00133975",118,36,82
"S00133976",101,55,46
"S00133977",99,55,44
"S00133978",154,62,92
"S00133979",108,46,62
"S00133980",127,69,58
"S00133981",64,34,30
"S00133982",97,56,41
"S00133983",69,39,30
"S00133984",130,71,59
"S00133985",96,59,37
"S00133986",85,44,41
"S00133987",143,78,65
"S00133988",126,58,68
"S00133989",121,67,54
"S00133990",100,61,39
"S00133991",74,38,36
"S00133992",108,75,33
"S00133993",123,73,50
"S00133994",89,57,32
"S00133995",89,49,40
"S00133996",139,61,78
"S00133997",150,85,65
"S00133998",124,54,70
"S00133999",94,62,32
"S00134000",132,56,76
"S00134001",81,39,42
"S00134002",103,63,40
"S00134003",132,68,64
"S00134004",88,36,52
"S00134005",113,74,39
"S00134006",85,67,18
"S00134007",82,50,32
"S00134008",73,58,15
"S00134009",105,83,22
"S00134010",107,56,51
"S00134011",93,51,42
"S00134012",52,33,19
"S00134013",87,54,33
"S00134014",126,60,66
"S00134015",109,85,24
"S00134016",113,73,40
"S00134017",91,56,35
"S00134018",82,45,37
"S00134019",97,55,42
"S00134020",96,48,48
"S00134021",128,74,54
"S00134022",105,50,55
"S00134023",110,55,55
"S00134024",123,73,50
"S00134025",154,101,53
"S00134026",116,70,46
"S00134027",140,85,55
"S00134028",113,64,49
"S00134029",93,53,40
"S00134030",107,53,54
"S00134031",97,47,50
"S00134032",82,36,46
"S00134033",107,59,48
"S00134034",146,46,100
"S00134035",137,57,80
"S00134036",122,42,80
"S00134037",75,33,42
"S00134038",109,46,63
"S00134039",77,40,37
"S00134040",131,53,78
"S00134041",103,78,25
"S00134042",77,46,31
"S00134043",182,64,118
"S00134044",97,34,63
"S00134045",109,33,76
"S00134046",169,82,87
"S00134047",134,69,65
"S00134048",116,48,68
"S00134049",109,62,47
"S00134050",141,84,57
"S00134051",155,98,57
"S00134052",84,51,33
"S00134053",83,53,30
"S00134054",81,67,14
"S00134055",64,39,25
"S00134056",116,74,42
"S00134057",102,45,57
"S00134058",67,39,28
"S00134059",85,29,56
"S00134060",151,55,96
"S00134061",128,74,54
"S00134062",77,38,39
"S00134063",109,54,55
"S00134064",82,26,56
"S00134065",105,54,51
"S00134066",62,36,26
"S00134067",125,62,63
"S00134068",95,28,67
"S00134069",102,56,46
"S00134070",133,65,68
"S00134071",98,68,30
"S00134072",97,47,50
"S00134073",83,33,50
"S00134074",165,92,73
"S00134075",161,108,53
"S00134076",151,61,90
"S00134077",118,71,47
"S00134078",120,76,44
"S00134079",162,101,61
"S00134080",110,72,38
"S00134081",128,61,67
"S00134082",134,88,46
"S00134083",149,63,86
"S00134084",144,73,71
"S00134085",48,22,26
"S00134086",112,65,47
"S00134087",143,46,97
"S00134088",86,60,26
"S00134089",119,79,40
"S00134090",98,57,41
"S00134091",162,94,68
"S00134092",69,49,20
"S00134093",92,50,42
"S00134094",105,73,32
"S00134095",101,67,34
"S00134096",146,100,46
"S00134097",127,63,64
"S00134098",129,66,63
"S00134099",75,46,29
"S00134100",63,26,37
"S00134101",93,49,44
"S00134102",143,74,69
"S00134103",131,77,54
"S00134104",90,37,53
"S00134105",89,50,39
"S00134106",116,60,56
"S00134107",76,36,40
"S00134108",129,67,62
"S00134109",130,73,57
"S00134110",111,58,53
"S00134111",115,50,65
"S00134112",109,73,36
"S00134113",79,47,32
"S00134114",132,51,81
"S00134115",123,48,75
"S00134116",111,42,69
"S00134117",128,48,80
"S00134118",76,46,30
"S00134119",104,28,76
"S00134120",110,40,70
"S00134121",76,59,17
"S00134122",122,57,65
"S00134123",125,41,84
"S00134124",105,34,71
"S00134125",133,49,84
"S00134126",108,70,38
"S00134127",50,18,32
"S00134128",57,22,35
"S00134129",136,71,65
"S00134130",97,50,47
"S00134131",89,63,26
"S00134132",64,38,26
"S00134133",134,66,68
"S00134134",120,61,59
"S00134135",79,49,30
"S00134136",100,64,36
"S00134137",102,52,50
"S00134138",100,64,36
"S00134139",116,74,42
"S00134140",120,55,65
"S00134141",82,45,37
"S00134142",127,65,62
"S00134143",113,59,54
"S00134144",152,87,65
"S00134145",50,32,18
"S00134146",123,69,54
"S00134147",96,59,37
"S00134148",86,46,40
"S00134149",64,31,33
"S00134150",111,63,48
"S00134151",105,36,69
"S00134152",127,70,57
"S00134153",137,65,72
"S00134154",76,56,20
"S00134155",144,46,98
"S00134156",81,26,55
"S00134157",94,40,54
"S00134158",112,44,68
"S00134159",136,60,76
"S00134160",96,29,67
"S00134161",163,77,86
"S00134162",144,58,86
"S00134163",84,36,48
"S00134164",98,69,29
"S00134165",111,54,57
"S00134166",76,44,32
"S00134167",52,22,30
"S00134168",91,49,42
"S00134169",77,45,32
"S00134170",104,57,47
"S00134171",130,67,63
"S00134172",110,65,45
"S00134173",86,44,42
"S00134174",81,47,34
"S00134175",74,56,18
"S00134176",72,44,28
"S00134177",64,51,13
"S00134178",121,53,68
"S00134179",98,43,55
"S00134180",73,43,30
"S00134181",76,46,30
"S00134182",79,53,26
"S00134183",110,48,62
"S00134184",72,54,18
"S00134185",63,44,19
"S00134186",100,80,20
"S00134187",67,55,12
"S00134188",64,50,14
"S00134189",54,50,4
"S00134190",61,45,16
"S00134191",110,55,55
"S00134192",46,24,22
"S00134193",60,42,18
"S00134194",84,52,32
"S00134195",54,22,32
"S00134196",76,48,28
"S00134197",147,54,93
"S00134198",78,44,34
"S00134199",128,99,29
"S00134200",108,61,47
"S00134201",108,54,54
"S00134202",74,44,30
"S00134203",66,46,20
"S00134204",56,30,26
"S00134205",111,31,80
"S00134206",56,16,40
"S00134207",108,65,43
"S00134208",56,22,34
"S00134209",96,34,62
"S00134210",73,30,43
"S00134211",103,56,47
"S00134212",112,62,50
"S00134213",109,67,42
"S00134214",88,52,36
"S00134215",51,32,19
"S00134216",95,61,34
"S00134217",112,80,32
"S00134218",60,44,16
"S00134219",124,54,70
"S00134220",75,39,36
"S00134221",108,45,63
"S00134222",112,57,55
"S00134223",95,45,50
"S00134224",156,52,104
"S00134225",138,32,106
"S00134226",83,69,14
"S00134227",96,76,20
"S00134228",95,50,45
"S00134229",79,32,47
"S00134230",71,35,36
"S00134231",112,73,39
"S00134232",119,78,41
"S00134233",78,42,36
"S00134234",56,31,25
"S00134235",95,53,42
"S00134236",108,69,39
"S00134237",92,50,42
"S00134238",76,50,26
"S00134239",200,87,113
"S00134240",137,51,86
"S00134241",182,84,98
"S00134242",102,38,64
"S00134243",68,29,39
"S00134244",125,77,48
"S00134245",128,62,66
"S00134246",75,29,46
"S00134247",95,67,28
"S00134248",99,63,36
"S00134249",110,57,53
"S00134250",50,27,23
"S00134251",64,28,36
"S00134252",95,48,47
"S00134253",115,72,43
"S00134254",46,24,22
"S00134255",125,71,54
"S00134256",84,50,34
"S00134257",114,56,58
"S00134258",86,41,45
"S00134259",103,62,41
"S00134260",102,76,26
"S00134261",75,43,32
"S00134262",111,71,40
"S00134263",91,63,28
"S00134264",87,45,42
"S00134265",71,43,28
"S00134266",92,47,45
"S00134267",103,63,40
"S00134268",68,36,32
"S00134269",82,40,42
"S00134270",81,43,38
"S00134271",117,73,44
"S00134272",57,29,28
"S00134273",101,59,42
"S00134274",110,58,52
"S00134275",81,39,42
"S00134276",74,40,34
"S00134277",100,46,54
"S00134278",79,49,30
"S00134279",71,39,32
"S00134280",84,43,41
"S00134281",74,40,34
"S00134282",55,14,41
"S00134283",46,32,14
"S00134284",68,32,36
"S00134285",74,38,36
"S00134286",95,33,62
"S00134287",106,38,68
"S00134288",142,62,80
"S00134289",121,74,47
"S00134290",69,45,24
"S00134291",92,62,30
"S00134292",71,45,26
"S00134293",76,45,31
"S00134294",99,74,25
"S00134295",76,14,62
"S00134296",65,37,28
"S00134297",57,18,39
"S00134298",130,50,80
"S00134299",81,30,51
"S00134300",67,44,23
"S00134301",97,45,52
"S00134302",97,55,42
"S00134303",65,53,12
"S00134304",57,45,12
"S00134305",73,50,23
"S00134306",83,27,56
"S00134307",105,32,73
"S00134308",108,70,38
"S00134309",73,25,48
"S00134310",155,53,102
"S00134311",78,49,29
"S00134312",122,80,42
"S00134313",99,63,36
"S00134314",77,54,23
"S00134315",92,77,15
"S00134316",82,61,21
"S00134317",106,82,24
"S00134318",72,54,18
"S00134319",136,84,52
"S00134320",106,78,28
"S00134321",80,40,40
"S00134322",87,61,26
"S00134323",98,48,50
"S00134324",61,29,32
"S00134325",94,50,44
"S00134326",65,39,26
"S00134327",80,52,28
"S00134328",135,65,70
"S00134329",116,75,41
"S00134330",99,67,32
"S00134331",108,73,35
"S00134332",82,49,33
"S00134333",119,35,84
"S00134334",84,25,59
"S00134335",70,36,34
"S00134336",113,50,63
"S00134337",132,77,55
"S00134338",93,71,22
"S00134339",97,57,40
"S00134340",102,68,34
"S00134341",111,68,43
"S00134342",49,17,32
"S00134343",126,62,64
"S00134344",123,74,49
"S00134345",144,84,60
"S00134346",138,68,70
"S00134347",88,47,41
"S00134348",52,36,16
"S00134349",88,38,50
"S00134350",75,33,42
"S00134351",91,63,28
"S00134352",111,69,42
"S00134353",83,33,50
"S00134354",106,55,51
"S00134355",100,47,53
"S00134356",96,38,58
"S00134357",121,62,59
"S00134358",78,46,32
"S00134359",73,39,34
"S00134360",107,75,32
"S00134361",117,82,35
"S00134362",56,32,24
"S00134363",67,39,28
"S00134364",40,21,19
"S00134365",150,82,68
"S00134366",119,66,53
"S00134367",104,76,28
"S00134368",145,78,67
"S00134369",123,80,43
"S00134370",53,36,17
"S00134371",89,74,15
"S00134372",88,68,20
"S00134373",102,62,40
"S00134374",62,56,6
"S00134375",64,56,8
"S00134376",115,66,49
"S00134377",113,73,40
"S00134378",120,54,66
"S00134379",126,68,58
"S00134380",91,50,41
"S00134381",95,61,34
"S00134382",115,74,41
"S00134383",151,60,91
"S00134384",115,38,77
"S00134385",121,47,74
"S00134386",82,38,44
"S00134387",110,38,72
"S00134388",135,55,80
"S00134389",77,39,38
"S00134390",99,49,50
"S00134391",134,51,83
"S00134392",86,58,28
"S00134393",90,36,54
"S00134394",72,20,52
"S00134395",72,26,46
"S00134396",87,47,40
"S00134397",159,88,71
"S00134398",137,58,79
"S00134399",75,35,40
"S00134400",81,31,50
"S00134401",121,51,70
"S00134402",78,46,32
"S00134403",109,62,47
"S00134404",137,56,81
"S00134405",95,56,39
"S00134406",47,19,28
"S00134407",105,49,56
"S00134408",177,110,67
"S00134409",74,60,14
"S00134410",80,57,23
"S00134411",76,36,40
"S00134412",86,58,28
"S00134413",66,28,38
"S00134414",72,43,29
"S00134415",70,53,17
"S00134416",84,45,39
"S00134417",92,73,19
"S00134418",58,25,33
"S00134419",89,57,32
"S00134420",58,27,31
"S00134421",109,42,67
"S00134422",72,24,48
"S00134423",100,27,73
"S00134424",47,14,33
"S00134425",102,43,59
"S00134426",120,70,50
"S00134427",149,59,90
"S00134428",77,53,24
"S00134429",77,45,32
"S00134430",144,56,88
"S00134431",73,55,18
"S00134432",63,27,36
"S00134433",63,43,20
"S00134434",81,63,18
"S00134435",74,52,22
"S00134436",71,39,32
"S00134437",79,43,36
"S00134438",58,33,25
"S00134439",56,28,28
"S00134440",51,31,20
"S00134441",114,65,49
"S00134442",132,72,60
"S00134443",110,53,57
"S00134444",80,30,50
"S00134445",89,40,49
"S00134446",109,59,50
"S00134447",110,66,44
"S00134448",124,75,49
"S00134449",83,57,26
"S00134450",86,37,49
"S00134451",108,42,66
"S00134452",80,28,52
"S00134453",113,39,74
"S00134454",105,39,66
"S00134455",60,25,35
"S00134456",97,59,38
"S00134457",105,61,44
"S00134458",141,96,45
"S00134459",138,95,43
"S00134460",155,72,83
"S00134461",140,80,60
"S00134462",75,48,27
"S00134463",85,53,32
"S00134464",88,48,40
"S00134465",70,36,34
"S00134466",131,62,69
"S00134467",59,44,15
"S00134468",69,35,34
"S00134469",72,34,38
"S00134470",107,70,37
"S00134471",120,38,82
"S00134472",122,82,40
"S00134473",100,44,56
"S00134474",64,41,23
"S00134475",83,55,28
"S00134476",55,41,14
"S00134477",85,47,38
"S00134478",74,47,27
"S00134479",123,70,53
"S00134480",66,29,37
"S00134481",82,35,47
"S00134482",95,54,41
"S00134483",75,55,20
"S00134484",100,51,49
"S00134485",118,68,50
"S00134486",114,66,48
"S00134487",133,65,68
"S00134488",85,52,33
"S00134489",101,49,52
"S00134490",65,36,29
"S00134491",81,43,38
"S00134492",103,70,33
"S00134493",93,55,38
"S00134494",86,55,31
"S00134495",86,57,29
"S00134496",100,60,40
"S00134497",84,51,33
"S00134498",124,57,67
"S00134499",139,71,68
"S00134500",130,43,87
"S00134501",118,36,82
"S00134502",103,52,51
"S00134503",99,49,50
"S00134504",93,22,71
"S00134505",101,51,50
"S00134506",100,50,50
"S00134507",82,40,42
"S00134508",83,29,54
"S00134509",125,59,66
"S00134510",81,33,48
"S00134511",90,54,36
"S00134512",86,50,36
"S00134513",108,52,56
"S00134514",92,46,46
"S00134515",90,52,38
"S00134516",96,77,19
"S00134517",76,52,24
"S00134518",109,70,39
"S00134519",109,56,53
"S00134520",62,31,31
"S00134521",118,34,84
"S00134522",156,60,96
"S00134523",136,40,96
"S00134524",119,37,82
"S00134525",116,24,92
"S00134526",59,14,45
"S00134527",52,14,38
"S00134528",99,28,71
"S00134529",90,18,72
"S00134530",63,19,44
"S00134531",147,43,104
"S00134532",155,41,114
"S00134533",84,20,64
"S00134534",139,46,93
"S00134535",122,45,77
"S00134536",81,11,70
"S00134537",178,43,135
"S00134538",101,39,62
"S00134539",101,45,56
"S00134540",88,22,66
"S00134541",115,72,43
"S00134542",109,40,69
"S00134543",74,46,28
"S00134544",126,56,70
"S00134545",132,65,67
"S00134546",76,44,32
"S00134547",76,42,34
"S00134548",100,36,64
"S00134549",106,44,62
"S00134550",132,43,89
"S00134551",112,68,44
"S00134552",101,67,34
"S00134553",83,15,68
"S00134554",61,37,24
"S00134555",74,56,18
"S00134556",82,60,22
"S00134557",72,38,34
"S00134558",101,79,22
"S00134559",87,69,18
"S00134560",75,39,36
"S00134561",94,32,62
"S00134562",88,38,50
"S00134563",75,53,22
"S00134564",111,29,82
"S00134565",108,34,74
"S00134566",118,34,84
"S00134567",98,41,57
"S00134568",120,62,58
"S00134569",83,25,58
"S00134570",115,45,70
"S00134571",150,48,102
"S00134572",135,43,92
"S00134573",149,39,110
"S00134574",108,55,53
"S00134575",113,54,59
"S00134576",70,34,36
"S00134577",177,65,112
"S00134578",127,46,81
"S00134579",155,61,94
"S00134580",67,52,15
"S00134581",120,60,60
"S00134582",66,44,22
"S00134583",44,33,11
"S00134584",86,62,24
"S00134585",71,38,33
"S00134586",56,26,30
"S00134587",89,43,46
"S00134588",87,34,53
"S00134589",81,37,44
"S00134590",131,63,68
"S00134591",88,43,45
"S00134592",81,37,44
"S00134593",104,28,76
"S00134594",43,33,10
"S00134595",51,39,12
"S00134596",65,31,34
"S00134597",87,29,58
"S00134598",77,31,46
"S00134599",68,40,28
"S00134600",85,17,68
"S00134601",114,83,31
"S00134602",59,27,32
"S00134603",136,31,105
"S00134604",102,63,39
"S00134605",108,22,86
"S00134606",78,22,56
"S00134607",83,13,70
"S00134608",84,29,55
"S00134609",49,27,22
"S00134610",81,22,59
"S00134611",115,65,50
"S00134612",113,31,82
"S00134613",73,13,60
"S00134614",64,23,41
"S00134615",72,18,54
"S00134616",69,19,50
"S00134617",106,60,46
"S00134618",141,59,82
"S00134619",129,43,86
"S00134620",51,15,36
"S00134621",50,20,30
"S00134622",65,27,38
"S00134623",107,50,57
"S00134624",65,22,43
"S00134625",102,36,66
"S00134626",63,33,30
"S00134627",80,23,57
"S00134628",102,30,72
"S00134629",54,36,18
"S00134630",72,39,33
"S00134631",122,43,79
"S00134632",84,54,30
"S00134633",81,52,29
"S00134634",113,49,64
"S00134635",81,41,40
"S00134636",84,58,26
"S00134637",144,42,102
"S00134638",111,47,64
"S00134639",82,44,38
"S00134640",109,47,62
"S00134641",122,42,80
"S00134642",125,82,43
"S00134643",82,56,26
"S00134644",99,29,70
"S00134645",133,54,79
"S00134646",126,65,61
"S00134647",121,49,72
"S00134648",60,54,6
"S00134649",65,25,40
"S00134650",85,60,25
"S00134651",51,33,18
"S00134652",60,28,32
"S00134653",67,31,36
"S00134654",58,17,41
"S00134655",53,24,29
"S00134656",76,56,20
"S00134657",72,36,36
"S00134658",51,35,16
"S00134659",114,44,70
"S00134660",100,66,34
"S00134661",125,76,49
"S00134662",116,74,42
"S00134663",106,44,62
"S00134664",116,65,51
"S00134665",83,29,54
"S00134666",80,25,55
"S00134667",94,60,34
"S00134668",107,35,72
"S00134669",63,49,14
"S00134670",97,36,61
"S00134671",68,24,44
"S00134672",122,60,62
"S00134673",80,58,22
"S00134674",151,57,94
"S00134675",177,65,112
"S00134676",84,41,43
"S00134677",78,26,52
"S00134678",117,70,47
"S00134679",95,29,66
"S00134680",154,114,40
"S00134681",61,21,40
"S00134682",106,44,62
"S00134683",101,27,74
"S00134684",122,43,79
"S00134685",69,19,50
"S00134686",102,45,57
"S00134687",80,33,47
"S00134688",72,19,53
"S00134689",109,33,76
"S00134690",94,60,34
"S00134691",95,31,64
"S00134692",93,40,53
"S00134693",46,34,12
"S00134694",102,33,69
"S00134695",102,26,76
"S00134696",74,16,58
"S00134697",121,56,65
"S00134698",159,67,92
"S00134699",38,11,27
"S00134700",97,37,60
"S00134701",115,70,45
"S00134702",71,43,28
"S00134703",110,35,75
"S00134704",72,49,23
"S00134705",102,64,38
"S00134706",74,40,34
"S00134707",55,19,36
"S00134708",83,35,48
"S00134709",46,9,37
"S00134710",54,18,36
"S00134711",99,35,64
"S00134712",98,57,41
"S00134713",148,49,99
"S00134714",96,44,52
"S00134715",90,54,36
"S00134716",78,32,46
"S00134717",104,50,54
"S00134718",52,38,14
"S00134719",95,74,21
"S00134720",79,47,32
"S00134721",102,66,36
"S00134722",79,58,21
"S00134723",59,37,22
"S00134724",112,75,37
"S00134725",68,48,20
"S00134726",76,49,27
"S00134727",125,57,68
"S00134728",182,53,129
"S00134729",114,84,30
"S00134730",58,42,16
"S00134731",50,31,19
"S00134732",104,42,62
"S00134733",62,39,23
"S00134734",107,75,32
"S00134735",61,35,26
"S00134736",116,48,68
"S00134737",138,65,73
"S00134738",49,33,16
"S00134739",115,50,65
"S00134740",85,49,36
"S00134741",62,38,24
"S00134742",78,59,19
"S00134743",48,36,12
"S00134744",113,48,65
"S00134745",105,68,37
"S00134746",80,61,19
"S00134747",55,20,35
"S00134748",103,67,36
"S00134749",67,37,30
"S00134750",45,20,25
"S00134751",144,55,89
"S00134752",87,35,52
"S00134753",83,41,42
"S00134754",54,40,14
"S00134755",73,59,14
"S00134756",85,53,32
"S00134757",74,33,41
"S00134758",76,32,44
"S00134759",103,51,52
"S00134760",100,20,80
"S00134761",84,20,64
"S00134762",127,34,93
"S00134763",60,32,28
"S00134764",97,25,72
"S00134765",124,53,71
"S00134766",127,30,97
"S00134767",157,66,91
"S00134768",173,58,115
"S00134769",115,36,79
"S00134770",114,47,67
"S00134771",148,46,102
"S00134772",138,52,86
"S00134773",171,56,115
"S00134774",149,59,90
"S00134775",76,25,51
"S00134776",153,61,92
"S00134777",41,11,30
"S00134778",114,32,82
"S00134779",73,35,38
"S00134780",101,43,58
"S00134781",58,28,30
"S00134782",77,32,45
"S00134783",110,58,52
"S00134784",107,35,72
"S00134785",73,27,46
"S00134786",143,45,98
"S00134787",50,16,34
"S00134788",84,30,54
"S00134789",77,22,55
"S00134790",117,53,64
"S00134791",121,37,84
"S00134792",100,24,76
"S00134793",59,41,18
"S00134794",89,31,58
"S00134795",66,56,10
"S00134796",66,50,16
"S00134797",115,73,42
"S00134798",75,38,37
"S00134799",149,100,49
"S00134800",102,44,58
"S00134801",75,32,43
"S00134802",116,58,58
"S00134803",92,36,56
"S00134804",67,41,26
"S00134805",70,40,30
"S00134806",120,41,79
"S00134807",115,69,46
"S00134808",74,40,34
"S00134809",127,63,64
"S00134810",56,30,26
"S00134811",136,64,72
"S00134812",168,67,101
"S00134813",58,22,36
"S00134814",137,62,75
"S00134815",85,35,50
"S00134816",50,18,32
"S00134817",72,36,36
"S00134818",75,47,28
"S00134819",59,43,16
"S00134820",139,91,48
"S00134821",112,78,34
"S00134822",65,42,23
"S00134823",139,109,30
"S00134824",131,44,87
"S00134825",81,42,39
"S00134826",76,63,13
"S00134827",132,69,63
"S00134828",113,72,41
"S00134829",53,45,8
"S00134830",87,61,26
"S00134831",73,43,30
"S00134832",159,49,110
"S00134833",73,24,49
"S00134834",152,49,103
"S00134835",116,40,76
"S00134836",81,36,45
"S00134837",143,50,93
"S00134838",85,27,58
"S00134839",122,56,66
"S00134840",49,28,21
"S00134841",111,56,55
"S00134842",156,32,124
"S00134843",159,66,93
"S00134844",135,39,96
"S00134845",114,48,66
"S00134846",99,59,40
"S00134847",136,50,86
"S00134848",120,38,82
"S00134849",68,26,42
"S00134850",62,28,34
"S00134851",101,71,30
"S00134852",83,61,22
"S00134853",205,140,65
"S00134854",124,75,49
"S00134855",77,45,32
"S00134856",78,43,35
"S00134857",105,76,29
"S00134858",76,53,23
"S00134859",143,78,65
"S00134860",189,95,94
"S00134861",161,61,100
"S00134862",59,33,26
"S00134863",102,54,48
"S00134864",63,43,20
"S00134865",112,43,69
"S00134866",101,37,64
"S00134867",139,39,100
"S00134868",61,26,35
"S00134869",107,85,22
"S00134870",118,61,57
"S00134871",100,63,37
"S00134872",159,73,86
"S00134873",46,44,2
"S00134874",105,84,21
"S00134875",98,82,16
"S00134876",107,67,40
"S00134877",70,42,28
"S00134878",138,60,78
"S00134879",58,44,14
"S00134880",108,43,65
"S00134881",147,55,92
"S00134882",101,29,72
"S00134883",132,28,104
"S00134884",124,36,88
"S00134885",135,45,90
"S00134886",151,44,107
"S00134887",119,37,82
"S00134888",118,28,90
"S00134889",157,43,114
"S00134890",176,37,139
"S00134891",44,8,36
"S00134892",108,39,69
"S00134893",119,37,82
"S00134894",96,32,64
"S00134895",133,43,90
"S00134896",54,21,33
"S00134897",136,54,82
"S00134898",122,74,48
"S00134899",135,58,77
"S00134900",85,29,56
"S00134901",119,62,57
"S00134902",75,46,29
"S00134903",58,44,14
"S00134904",103,60,43
"S00134905",74,43,31
"S00134906",67,39,28
"S00134907",137,50,87
"S00134908",158,49,109
"S00134909",124,46,78
"S00134910",68,37,31
"S00134911",93,39,54
"S00134912",103,35,68
"S00134913",94,71,23
"S00134914",55,48,7
"S00134915",44,30,14
"S00134916",96,80,16
"S00134917",63,50,13
"S00134918",59,43,16
"S00134919",93,34,59
"S00134920",62,36,26
"S00134921",110,60,50
"S00134922",174,48,126
"S00134923",100,29,71
"S00134924",73,29,44
"S00134925",135,51,84
"S00134926",56,46,10
"S00134927",91,65,26
"S00134928",67,47,20
"S00134929",80,49,31
"S00134930",81,48,33
"S00134931",93,65,28
"S00134932",49,40,9
"S00134933",93,57,36
"S00134934",119,31,88
"S00134935",141,35,106
"S00134936",101,53,48
"S00134937",43,27,16
"S00134938",169,53,116
"S00134939",110,88,22
"S00134940",139,93,46
"S00134941",70,51,19
"S00134942",83,54,29
"S00134943",77,35,42
"S00134944",86,32,54
"S00134945",71,28,43
"S00134946",130,47,83
"S00134947",94,30,64
"S00134948",96,61,35
"S00134949",94,74,20
"S00134950",50,21,29
"S00134951",69,45,24
"S00134952",82,46,36
"S00134953",93,39,54
"S00134954",97,34,63
"S00134955",158,72,86
"S00134956",54,30,24
"S00134957",115,61,54
"S00134958",43,6,37
"S00134959",141,55,86
"S00134960",92,66,26
"S00134961",89,57,32
"S00134962",75,54,21
"S00134963",98,62,36
"S00134964",84,35,49
"S00134965",150,39,111
"S00134966",147,29,118
"S00134967",106,42,64
"S00134968",159,47,112
"S00134969",106,24,82
"S00134970",101,55,46
"S00134971",87,22,65
"S00134972",113,44,69
"S00134973",69,19,50
"S00134974",166,56,110
"S00134975",60,43,17
"S00134976",72,43,29
"S00134977",120,67,53
"S00134978",64,42,22
"S00134979",105,75,30
"S00134980",89,65,24
"S00134981",47,35,12
"S00134982",131,68,63
"S00134983",69,36,33
"S00134984",126,52,74
"S00134985",117,58,59
"S00134986",75,35,40
"S00134987",76,34,42
"S00134988",117,78,39
"S00134989",103,48,55
"S00134990",83,41,42
"S00134991",91,43,48
"S00134992",157,66,91
"S00134993",59,39,20
"S00134994",75,32,43
"S00134995",84,28,56
"S00134996",94,55,39
"S00134997",79,32,47
"S00134998",82,46,36
"S00134999",101,55,46
"S00135000",85,58,27
"S00135001",76,53,23
"S00135002",96,36,60
"S00135003",126,68,58
"S00135004",96,34,62
"S00135005",118,40,78
"S00135006",44,32,12
"S00135007",135,20,115
"S00135008",211,100,111
"S00135009",119,64,55
"S00135010",124,32,92
"S00135011",63,24,39
"S00135012",123,78,45
"S00135013",101,54,47
"S00135014",101,50,51
"S00135015",76,55,21
"S00135016",110,50,60
"S00135017",117,61,56
"S00135018",95,29,66
"S00135019",129,91,38
"S00135020",60,35,25
"S00135021",98,78,20
"S00135022",112,41,71
"S00135023",130,84,46
"S00135024",107,80,27
"S00135025",95,45,50
"S00135026",124,58,66
"S00135027",136,46,90
"S00135028",88,60,28
"S00135029",133,106,27
"S00135030",133,96,37
"S00135031",70,28,42
"S00135032",66,34,32
"S00135033",102,33,69
"S00135034",114,40,74
"S00135035",107,54,53
"S00135036",129,92,37
"S00135037",88,28,60
"S00135038",117,46,71
"S00135039",108,62,46
"S00135040",118,46,72
"S00135041",60,27,33
"S00135042",104,64,40
"S00135043",91,53,38
"S00135044",72,21,51
"S00135045",134,55,79
"S00135046",55,18,37
"S00135047",73,42,31
"S00135048",156,40,116
"S00135049",120,48,72
"S00135050",100,58,42
"S00135051",96,44,52
"S00135052",165,42,123
"S00135053",61,37,24
"S00135054",100,54,46
"S00135055",76,32,44
"S00135056",100,63,37
"S00135057",82,40,42
"S00135058",109,74,35
"S00135059",89,45,44
"S00135060",83,46,37
"S00135061",54,20,34
"S00135062",130,67,63
"S00135063",120,56,64
"S00135064",73,39,34
"S00135065",91,45,46
"S00135066",87,42,45
"S00135067",65,29,36
"S00135068",50,34,16
"S00135069",89,42,47
"S00135070",108,48,60
"S00135071",71,33,38
"S00135072",66,32,34
"S00135073",56,35,21
"S00135074",51,28,23
"S00135075",81,41,40
"S00135076",103,54,49
"S00135077",84,36,48
"S00135078",75,45,30
"S00135079",79,41,38
"S00135080",97,63,34
"S00135081",52,22,30
"S00135082",133,50,83
"S00135083",102,58,44
"S00135084",62,30,32
"S00135085",90,42,48
"S00135086",71,42,29
"S00135087",94,45,49
"S00135088",48,22,26
"S00135089",63,55,8
"S00135090",77,34,43
"S00135091",102,59,43
"S00135092",95,53,42
"S00135093",76,31,45
"S00135094",62,25,37
"S00135095",57,37,20
"S00135096",67,31,36
"S00135097",57,22,35
"S00135098",73,27,46
"S00135099",85,39,46
"S00135100",149,66,83
"S00135101",92,44,48
"S00135102",89,38,51
"S00135103",119,51,68
"S00135104",78,41,37
"S00135105",44,26,18
"S00135106",60,33,27
"S00135107",74,44,30
"S00135108",86,45,41
"S00135109",114,44,70
"S00135110",106,57,49
"S00135111",91,38,53
"S00135112",95,40,55
"S00135113",91,51,40
"S00135114",140,70,70
"S00135115",75,36,39
"S00135116",70,32,38
"S00135117",99,49,50
"S00135118",114,47,67
"S00135119",64,36,28
"S00135120",109,40,69
"S00135121",90,52,38
"S00135122",78,47,31
"S00135123",127,58,69
"S00135124",88,44,44
"S00135125",92,44,48
"S00135126",105,51,54
"S00135127",111,56,55
"S00135128",104,44,60
"S00135129",65,53,12
"S00135130",112,50,62
"S00135131",89,43,46
"S00135132",132,74,58
"S00135133",69,29,40
"S00135134",65,34,31
"S00135135",86,40,46
"S00135136",77,38,39
"S00135137",122,59,63
"S00135138",86,53,33
"S00135139",80,45,35
"S00135140",114,56,58
"S00135141",110,52,58
"S00135142",56,16,40
"S00135143",154,68,86
"S00135144",73,25,48
"S00135145",104,41,63
"S00135146",131,60,71
"S00135147",72,31,41
"S00135148",95,38,57
"S00135149",93,45,48
"S00135150",163,56,107
"S00135151",139,67,72
"S00135152",96,38,58
"S00135153",53,19,34
"S00135154",107,53,54
"S00135155",67,30,37
"S00135156",78,40,38
"S00135157",116,58,58
"S00135158",96,34,62
"S00135159",44,30,14
"S00135160",88,67,21
"S00135161",111,60,51
"S00135162",149,60,89
"S00135163",69,39,30
"S00135164",142,50,92
"S00135165",99,39,60
"S00135166",72,24,48
"S00135167",126,88,38
"S00135168",105,51,54
"S00135169",91,36,55
"S00135170",90,36,54
"S00135171",129,45,84
"S00135172",117,58,59
"S00135173",140,61,79
"S00135174",129,65,64
"S00135175",62,18,44
"S00135176",86,43,43
"S00135177",64,46,18
"S00135178",90,44,46
"S00135179",101,61,40
"S00135180",91,72,19
"S00135181",69,30,39
"S00135182",103,73,30
"S00135183",82,60,22
"S00135184",71,51,20
"S00135185",78,51,27
"S00135186",50,35,15
"S00135187",108,76,32
"S00135188",117,92,25
"S00135189",63,51,12
"S00135190",48,34,14
"S00135191",44,26,18
"S00135192",77,33,44
"S00135193",112,73,39
"S00135194",116,58,58
"S00135195",83,57,26
"S00135196",72,61,11
"S00135197",58,39,19
"S00135198",43,33,10
"S00135199",119,73,46
"S00135200",161,104,57
"S00135201",88,42,46
"S00135202",90,44,46
"S00135203",139,76,63
"S00135204",121,81,40
"S00135205",68,38,30
"S00135206",48,36,12
"S00135207",69,45,24
"S00135208",56,38,18
"S00135209",89,30,59
"S00135210",131,74,57
"S00135211",112,63,49
"S00135212",89,63,26
"S00135213",50,35,15
"S00135214",124,71,53
"S00135215",86,49,37
"S00135216",105,62,43
"S00135217",92,57,35
"S00135218",159,94,65
"S00135219",109,65,44
"S00135220",101,45,56
"S00135221",86,34,52
"S00135222",87,38,49
"S00135223",144,71,73
"S00135224",109,45,64
"S00135225",48,21,27
"S00135226",204,95,109
"S00135227",116,61,55
"S00135228",110,37,73
"S00135229",96,40,56
"S00135230",47,38,9
"S00135231",183,82,101
"S00135232",87,37,50
"S00135233",82,48,34
"S00135234",108,46,62
"S00135235",65,41,24
"S00135236",120,46,74
"S00135237",113,46,67
"S00135238",127,63,64
"S00135239",79,39,40
"S00135240",83,41,42
"S00135241",89,37,52
"S00135242",62,28,34
"S00135243",73,32,41
"S00135244",86,53,33
"S00135245",64,32,32
"S00135246",100,52,48
"S00135247",77,35,42
"S00135248",127,51,76
"S00135249",88,33,55
"S00135250",105,46,59
"S00135251",84,44,40
"S00135252",127,53,74
"S00135253",55,25,30
"S00135254",55,27,28
"S00135255",103,57,46
"S00135256",79,55,24
"S00135257",68,44,24
"S00135258",82,28,54
"S00135259",88,39,49
"S00135260",56,46,10
"S00135261",55,35,20
"S00135262",95,44,51
"S00135263",117,86,31
"S00135264",63,33,30
"S00135265",123,67,56
"S00135266",123,82,41
"S00135267",52,23,29
"S00135268",63,21,42
"S00135269",89,40,49
"S00135270",61,32,29
"S00135271",105,72,33
"S00135272",72,36,36
"S00135273",126,64,62
"S00135274",39,31,8
"S00135275",59,29,30
"S00135276",119,57,62
"S00135277",136,72,64
"S00135278",42,17,25
"S00135279",106,48,58
"S00135280",106,31,75
"S00135281",118,66,52
"S00135282",46,28,18
"S00135283",75,35,40
"S00135284",131,52,79
"S00135285",46,16,30
"S00135286",172,77,95
"S00135287",42,29,13
"S00135288",127,66,61
"S00135289",155,65,90
"S00135290",104,72,32
"S00135291",76,48,28
"S00135292",88,40,48
"S00135293",59,21,38
"S00135294",89,43,46
"S00135295",52,20,32
"S00135296",92,44,48
"S00135297",80,47,33
"S00135298",89,54,35
"S00135299",50,28,22
"S00135300",141,58,83
"S00135301",44,28,16
"S00135302",119,51,68
"S00135303",72,38,34
"S00135304",77,31,46
"S00135305",91,55,36
"S00135306",74,34,40
