"output_area","total","single","married"
"60QA000001",49,17,32
"60QA000002",136,48,88
"60QA000003",59,23,36
"60QA000004",54,18,36
"60QA000005",55,9,46
"60QA000006",166,110,56
"60QA000007",56,18,38
"60QA000008",78,26,52
"60QA000009",126,42,84
"60QA000010",59,31,28
"60QA000011",47,18,29
"60QA000012",66,18,48
"60QA000013",173,82,91
"60QA000014",88,43,45
"60QA000015",68,39,29
"60QA000016",119,90,29
"60QA000017",124,62,62
"60QA000018",99,74,25
"60QA000019",58,48,10
"60QA000020",65,58,7
"60QA000021",55,50,5
"60QA000022",54,53,1
"60QA000023",84,62,22
"60QA000024",87,78,9
"60QA000025",63,38,25
"60QA000026",56,47,9
"60QA000027",71,68,3
"60QA000028",119,112,7
"60QA000029",56,54,2
"60QA000030",62,62,0
"60QA000031",68,60,8
"60QA000032",88,77,11
"60QA000033",111,102,9
"60QA000034",170,169,1
"60QA000035",163,152,11
"60QA000036",107,85,22
"60QA000037",60,55,5
"60QA000038",83,50,33
"60QA000039",140,66,74
"60QA000040",105,60,45
"60QA000041",67,54,13
"60QA000042",54,48,6
"60QA000043",109,57,52
"60QA000044",110,66,44
"60QA000045",109,76,33
"60QA000046",89,57,32
"60QA000047",109,41,68
"60QA000048",96,53,43
"60QA000049",101,70,31
"60QA000050",112,68,44
"60QA000051",61,52,9
"60QA000052",95,86,9
"60QA000053",72,56,16
"60QA000054",105,72,33
"60QA000055",133,64,69
"60QA000056",104,80,24
"60QA000057",68,55,13
"60QA000058",82,52,30
"60QA000059",81,63,18
"60QA000060",79,37,42
"60QA000061",80,72,8
"60QA000062",62,51,11
"60QA000063",66,60,6
"60QA000064",97,88,9
"60QA000065",96,79,17
"60QA000066",80,70,10
"60QA000067",70,62,8
"60QA000068",66,59,7
"60QA000069",105,68,37
"60QA000070",51,39,12
"60QA000071",67,50,17
"60QA000072",59,50,9
"60QA000073",76,59,17
"60QA000074",93,82,11
"60QA000075",59,56,3
"60QA000076",155,144,11
"60QA000077",57,43,14
"60QA000078",166,110,56
"60QA000079",46,40,6
"60QA000080",87,77,10
"60QA000081",55,42,13
"60QA000082",189,109,80
"60QA000083",91,37,54
"60QA000084",89,43,46
"60QA000085",104,52,52
"60QA000086",100,50,50
"60QA000087",119,67,52
"60QA000088",135,73,62
"60QA000089",74,54,20
"60QA000090",73,55,18
"60QA000091",83,71,12
"60QA000092",59,57,2
"60QA000093",90,68,22
"60QA000094",68,46,22
"60QA000095",59,45,14
"60QA000096",100,92,8
"60QA000097",80,70,10
"60QA000098",75,44,31
"60QA000099",88,84,4
"60QA000100",58,50,8
"60QA000101",54,38,16
"60QA000102",67,51,16
"60QA000103",70,55,15
"60QA000104",64,58,6
"60QA000105",73,59,14
"60QA000106",67,63,4
"60QA000107",74,55,19
"60QA000108",102,75,27
"60QA000109",60,50,10
"60QA000110",110,73,37
"60QA000111",70,59,11
"60QA000112",52,22,30
"60QA000113",43,28,15
"60QA000114",64,48,16
"60QA000115",67,43,24
"60QA000116",73,39,34
"60QA000117",92,63,29
"60QA000118",92,48,44
"60QA000119",78,43,35
"60QA000120",82,41,41
"60QA000121",110,67,43
"60QA000122",83,43,40
"60QA000123",87,50,37
"60QA000124",95,60,35
"60QA000125",91,65,26
"60QA000126",89,62,27
"60QA000127",107,71,36
"60QA000128",72,52,20
"60QA000129",80,56,24
"60QA000130",67,48,19
"60QA000131",107,93,14
"60QA000132",74,56,18
"60QA000133",92,36,56
"60QA000134",55,43,12
"60QA000135",47,41,6
"60QA000136",72,59,13
"60QA000137",72,44,28
"60QA000138",91,57,34
"60QA000139",94,56,38
"60QA000140",70,54,16
"60QA000141",68,40,28
"60QA000142",49,29,20
"60QA000143",77,52,25
"60QA000144",108,76,32
"60QA000145",109,77,32
"60QA000146",59,33,26
"60QA000147",80,54,26
"60QA000148",121,71,50
"60QA000149",64,50,14
"60QA000150",80,58,22
"60QA000151",134,48,86
"60QA000152",55,23,32
"60QA000153",80,38,42
"60QA000154",137,78,59
"60QA000155",59,39,20
"60QA000156",125,69,56
"60QA000157",88,50,38
"60QA000158",135,71,64
"60QA000159",95,52,43
"60QA000160",78,38,40
"60QA000161",86,40,46
"60QA000162",88,44,44
"60QA000163",84,44,40
"60QA000164",80,36,44
"60QA000165",76,33,43
"60QA000166",127,48,79
"60QA000167",123,43,80
"60QA000168",108,36,72
"60QA000169",99,43,56
"60QA000170",107,39,68
"60QA000171",56,40,16
"60QA000172",78,38,40
"60QA000173",93,50,43
"60QA000174",92,40,52
"60QA000175",123,58,65
"60QA000176",92,42,50
"60QA000177",96,44,52
"60QA000178",55,25,30
"60QA000179",64,31,33
"60QA000180",91,43,48
"60QA000181",80,38,42
"60QA000182",82,48,34
"60QA000183",96,49,47
"60QA000184",78,50,28
"60QA000185",97,48,49
"60QA000186",64,38,26
"60QA000187",114,62,52
"60QA000188",61,41,20
"60QA000189",77,39,38
"60QA000190",95,40,55
"60QA000191",114,43,71
"60QA000192",107,50,57
"60QA000193",75,35,40
"60QA000194",94,31,63
"60QA000195",83,37,46
"60QA000196",83,48,35
"60QA000197",99,55,44
"60QA000198",79,31,48
"60QA000199",96,40,56
"60QA000200",127,52,75
"60QA000201",97,52,45
"60QA000202",76,42,34
"60QA000203",104,55,49
"60QA000204",70,41,29
"60QA000205",67,43,24
"60QA000206",51,25,26
"60QA000207",45,32,13
"60QA000208",129,75,54
"60QA000209",106,64,42
"60QA000210",78,38,40
"60QA000211",103,66,37
"60QA000212",131,59,72
"60QA000213",143,54,89
"60QA000214",125,67,58
"60QA000215",83,46,37
"60QA000216",103,59,44
"60QA000217",89,50,39
"60QA000218",91,25,66
"60QA000219",114,32,82
"60QA000220",75,35,40
"60QA000221",115,51,64
"60QA000222",147,66,81
"60QA000223",291,229,62
"60QA000224",135,67,68
"60QA000225",97,35,62
"60QA000226",110,46,64
"60QA000227",104,40,64
"60QA000228",79,39,40
"60QA000229",73,27,46
"60QA000230",63,19,44
"60QA000231",83,33,50
"60QA000232",141,75,66
"60QA000233",148,69,79
"60QA000234",97,30,67
"60QA000235",85,41,44
"60QA000236",101,39,62
"60QA000237",80,30,50
"60QA000238",72,66,6
"60QA000239",59,47,12
"60QA000240",65,65,0
"60QA000241",56,51,5
"60QA000242",112,102,10
"60QA000243",60,46,14
"60QA000244",71,54,17
"60QA000245",67,52,15
"60QA000246",101,90,11
"60QA000247",67,61,6
"60QA000248",100,90,10
"60QA000249",63,53,10
"60QA000250",71,60,11
"60QA000251",58,48,10
"60QA000252",76,53,23
"60QA000253",90,71,19
"60QA000254",179,137,42
"60QA000255",109,95,14
"60QA000256",110,77,33
"60QA000257",75,46,29
"60QA000258",79,53,26
"60QA000259",82,48,34
"60QA000260",68,60,8
"60QA000261",164,90,74
"60QA000262",84,44,40
"60QA000263",83,71,12
"60QA000264",80,66,14
"60QA000265",114,41,73
"60QA000266",105,36,69
"60QA000267",85,32,53
"60QA000268",140,57,83
"60QA000269",133,37,96
"60QA000270",105,25,80
"60QA000271",102,36,66
"60QA000272",67,39,28
"60QA000273",65,23,42
"60QA000274",131,47,84
"60QA000275",118,44,74
"60QA000276",126,62,64
"60QA000277",107,40,67
"60QA000278",89,27,62
"60QA000279",107,59,48
"60QA000280",106,38,68
"60QA000281",91,58,33
"60QA000282",85,40,45
"60QA000283",90,37,53
"60QA000284",73,47,26
"60QA000285",94,79,15
"60QA000286",124,64,60
"60QA000287",129,75,54
"60QA000288",84,69,15
"60QA000289",54,49,5
"60QA000290",113,70,43
"60QA000291",80,70,10
"60QA000292",100,82,18
"60QA000293",64,58,6
"60QA000294",103,82,21
"60QA000295",77,65,12
"60QA000296",105,75,30
"60QA000297",74,33,41
"60QA000298",53,20,33
"60QA000299",73,67,6
"60QA000300",122,89,33
"60QA000301",55,43,12
"60QA000302",51,46,5
"60QA000303",146,68,78
"60QA000304",65,45,20
"60QA000305",57,23,34
"60QA000306",59,23,36
"60QA000307",66,30,36
"60QA000308",46,36,10
"60QA000309",140,66,74
"60QA000310",122,93,29
"60QA000311",95,87,8
"60QA000312",88,62,26
"60QA000313",102,64,38
"60QA000314",105,61,44
"60QA000315",104,68,36
"60QA000316",81,37,44
"60QA000317",82,36,46
"60QA000318",116,71,45
"60QA000319",136,88,48
"60QA000320",148,72,76
"60QA000321",132,58,74
"60QA000322",79,55,24
"60QA000323",95,47,48
"60QA000324",63,35,28
"60QA000325",86,45,41
"60QA000326",99,53,46
"60QA000327",91,33,58
"60QA000328",150,94,56
"60QA000329",136,62,74
"60QA000330",67,47,20
"60QA000331",117,72,45
"60QA000332",68,57,11
"60QA000333",51,25,26
"60QA000334",113,51,62
"60QA000335",124,79,45
"60QA000336",96,54,42
"60QA000337",93,28,65
"60QA000338",123,53,70
"60QA000339",105,64,41
"60QA000340",97,37,60
"60QA000341",91,28,63
"60QA000342",79,21,58
"60QA000343",93,27,66
"60QA000344",122,48,74
"60QA000345",87,33,54
"60QA000346",78,22,56
"60QA000347",96,43,53
"60QA000348",66,28,38
"60QA000349",83,31,52
"60QA000350",84,32,52
"60QA000351",103,33,70
"60QA000352",92,27,65
"60QA000353",92,24,68
"60QA000354",91,29,62
"60QA000355",85,27,58
"60QA000356",133,49,84
"60QA000357",147,37,110
"60QA000358",131,44,87
"60QA000359",133,59,74
"60QA000360",88,39,49
"60QA000361",66,22,44
"60QA000362",81,31,50
"60QA000363",138,38,100
"60QA000364",130,45,85
"60QA000365",120,46,74
"60QA000366",63,39,24
"60QA000367",70,56,14
"60QA000368",49,33,16
"60QA000369",86,50,36
"60QA000370",128,35,93
"60QA000371",91,35,56
"60QA000372",86,26,60
"60QA000373",84,33,51
"60QA000374",90,42,48
"60QA000375",69,28,41
"60QA000376",125,48,77
"60QA000377",107,33,74
"60QA000378",76,23,53
"60QA000379",122,31,91
"60QA000380",53,31,22
"60QA000381",90,48,42
"60QA000382",81,39,42
"60QA000383",119,55,64
"60QA000384",104,74,30
"60QA000385",136,79,57
"60QA000386",135,71,64
"60QA000387",80,70,10
"60QA000388",93,79,14
"60QA000389",81,66,15
"60QA000390",90,56,34
"60QA000391",132,104,28
"60QA000392",111,64,47
"60QA000393",115,77,38
"60QA000394",63,29,34
"60QA000395",170,90,80
"60QA000396",126,52,74
"60QA000397",127,34,93
"60QA000398",74,21,53
"60QA000399",82,22,60
"60QA000400",155,37,118
"60QA000401",136,34,102
"60QA000402",95,27,68
"60QA000403",116,30,86
"60QA000404",107,42,65
"60QA000405",134,63,71
"60QA000406",113,65,48
"60QA000407",196,75,121
"60QA000408",151,44,107
"60QA000409",147,70,77
"60QA000410",89,17,72
"60QA000411",74,34,40
"60QA000412",93,59,34
"60QA000413",64,28,36
"60QA000414",61,37,24
"60QA000415",65,31,34
"60QA000416",116,67,49
"60QA000417",64,58,6
"60QA000418",83,44,39
"60QA000419",104,34,70
"60QA000420",64,32,32
"60QA000421",75,25,50
"60QA000422",73,37,36
"60QA000423",85,45,40
"60QA000424",80,22,58
"60QA000425",85,23,62
"60QA000426",95,31,64
"60QA000427",117,25,92
"60QA000428",102,47,55
"60QA000429",98,49,49
"60QA000430",87,35,52
"60QA000431",90,29,61
"60QA000432",75,24,51
"60QA000433",172,35,137
"60QA000434",143,35,108
"60QA000435",63,35,28
"60QA000436",90,47,43
"60QA000437",116,38,78
"60QA000438",109,34,75
"60QA000439",113,29,84
"60QA000440",89,47,42
"60QA000441",105,31,74
"60QA000442",118,32,86
"60QA000443",89,33,56
"60QA000444",129,39,90
"60QA000445",103,32,71
"60QA000446",158,104,54
"60QA000447",87,25,62
"60QA000448",121,36,85
"60QA000449",85,25,60
"60QA000450",122,89,33
"60QA000451",54,20,34
"60QA000452",58,44,14
"60QA000453",70,32,38
"60QA000454",106,34,72
"60QA000455",96,20,76
"60QA000456",113,39,74
"60QA000457",125,37,88
"60QA000458",90,22,68
"60QA000459",48,11,37
"60QA000460",67,49,18
"60QA000461",112,58,54
"60QA000462",67,37,30
"60QA000463",71,53,18
"60QA000464",82,45,37
"60QA000465",85,54,31
"60QA000466",50,46,4
"60QA000467",55,38,17
"60QA000468",85,81,4
"60QA000469",65,39,26
"60QA000470",78,59,19
"60QA000471",116,76,40
"60QA000472",75,69,6
"60QA000473",59,58,1
"60QA000474",75,63,12
"60QA000475",96,69,27
"60QA000476",104,89,15
"60QA000477",70,66,4
"60QA000478",96,80,16
"60QA000479",129,94,35
"60QA000480",68,60,8
"60QA000481",165,139,26
"60QA000482",62,50,12
"60QA000483",102,69,33
"60QA000484",103,99,4
"60QA000485",59,49,10
"60QA000486",56,49,7
"60QA000487",86,74,12
"60QA000488",90,83,7
"60QA000489",64,56,8
"60QA000490",61,56,5
"60QA000491",71,60,11
"60QA000492",87,65,22
"60QA000493",61,45,16
"60QA000494",61,54,7
"60QA000495",103,59,44
"60QA000496",83,44,39
"60QA000497",111,76,35
"60QA000498",181,174,7
"60QA000499",113,97,16
"60QA000500",110,105,5
"60QA000501",67,31,36
"60QA000502",61,33,28
"60QA000503",77,40,37
"60QA000504",57,32,25
"60QA000505",65,32,33
"60QA000506",179,121,58
"60QA000507",100,70,30
"60QA000508",63,41,22
"60QA000509",83,50,33
"60QA000510",106,78,28
"60QA000511",101,71,30
"60QA000512",64,40,24
"60QA000513",64,49,15
"60QA000514",64,35,29
"60QA000515",75,43,32
"60QA000516",73,52,21
"60QA000517",89,67,22
"60QA000518",97,75,22
"60QA000519",95,73,22
"60QA000520",104,64,40
"60QA000521",55,41,14
"60QA000522",160,130,30
"60QA000523",318,289,29
"60QA000524",64,56,8
"60QA000525",150,87,63
"60QA000526",109,39,70
"60QA000527",82,31,51
"60QA000528",106,49,57
"60QA000529",107,49,58
"60QA000530",87,47,40
"60QA000531",97,43,54
"60QA000532",63,34,29
"60QA000533",101,57,44
"60QA000534",108,66,42
"60QA000535",105,59,46
"60QA000536",99,41,58
"60QA000537",123,68,55
"60QA000538",101,55,46
"60QA000539",56,31,25
"60QA000540",116,62,54
"60QA000541",73,49,24
"60QA000542",99,63,36
"60QA000543",69,33,36
"60QA000544",69,37,32
"60QA000545",72,45,27
"60QA000546",68,40,28
"60QA000547",75,43,32
"60QA000548",110,96,14
"60QA000549",73,63,10
"60QA000550",50,40,10
"60QA000551",65,42,23
"60QA000552",78,58,20
"60QA000553",119,77,42
"60QA000554",102,88,14
"60QA000555",88,64,24
"60QA000556",84,59,25
"60QA000557",82,51,31
"60QA000558",52,48,4
"60QA000559",100,72,28
"60QA000560",48,38,10
"60QA000561",113,59,54
"60QA000562",68,40,28
"60QA000563",114,100,14
"60QA000564",59,29,30
"60QA000565",114,64,50
"60QA000566",94,57,37
"60QA000567",72,48,24
"60QA000568",94,48,46
"60QA000569",70,51,19
"60QA000570",76,48,28
"60QA000571",135,81,54
"60QA000572",135,75,60
"60QA000573",80,62,18
"60QA000574",106,78,28
"60QA000575",101,69,32
"60QA000576",111,74,37
"60QA000577",112,70,42
"60QA000578",80,44,36
"60QA000579",80,50,30
"60QA000580",66,54,12
"60QA000581",72,34,38
"60QA000582",105,49,56
"60QA000583",62,50,12
"60QA000584",51,38,13
"60QA000585",58,53,5
"60QA000586",53,45,8
"60QA000587",49,40,9
"60QA000588",77,65,12
"60QA000589",60,50,10
"60QA000590",61,40,21
"60QA000591",69,36,33
"60QA000592",95,63,32
"60QA000593",95,29,66
"60QA000594",88,37,51
"60QA000595",96,44,52
"60QA000596",77,39,38
"60QA000597",62,48,14
"60QA000598",114,63,51
"60QA000599",156,84,72
"60QA000600",86,32,54
"60QA000601",45,35,10
"60QA000602",42,31,11
"60QA000603",49,41,8
"60QA000604",45,31,14
"60QA000605",36,22,14
"60QA000606",73,52,21
"60QA000607",66,43,23
"60QA000608",64,56,8
"60QA000609",62,45,17
"60QA000610",51,31,20
"60QA000611",165,120,45
"60QA000612",118,79,39
"60QA000613",80,51,29
"60QA000614",153,117,36
"60QA000615",65,35,30
"60QA000616",84,68,16
"60QA000617",64,49,15
"60QA000618",64,36,28
"60QA000619",108,72,36
"60QA000620",86,62,24
"60QA000621",77,58,19
"60QA000622",64,58,6
"60QA000623",77,54,23
"60QA000624",74,65,9
"60QA000625",55,44,11
"60QA000626",58,43,15
"60QA000627",88,39,49
"60QA000628",98,48,50
"60QA000629",174,106,68
"60QA000630",181,157,24
"60QA000631",57,56,1
"60QA000632",89,81,8
"60QA000633",80,73,7
"60QA000634",130,90,40
"60QA000635",60,51,9
"60QA000636",188,149,39
"60QA000637",154,106,48
"60QA000638",119,63,56
"60QA000639",136,106,30
"60QA000640",85,72,13
"60QA000641",114,76,38
"60QA000642",60,48,12
"60QA000643",55,46,9
"60QA000644",103,76,27
"60QA000645",99,60,39
"60QA000646",106,80,26
"60QA000647",121,73,48
"60QA000648",90,70,20
"60QA000649",95,72,23
"60QA000650",87,63,24
"60QA000651",113,68,45
"60QA000652",443,380,63
"60QA000653",119,85,34
"60QA000654",70,64,6
"60QA000655",85,68,17
"60QA000656",124,104,20
"60QA000657",71,36,35
"60QA000658",122,113,9
"60QA000659",170,148,22
"60QA000660",145,136,9
"60QA000661",106,96,10
"60QA000662",83,53,30
"60QA000663",112,101,11
"60QA000664",67,52,15
"60QA000665",100,91,9
"60QA000666",56,45,11
"60QA000667",101,99,2
"60QA000668",89,63,26
"60QA000669",101,92,9
"60QA000670",71,59,12
"60QA000671",106,91,15
"60QA000672",128,67,61
"60QA000673",73,65,8
"60QA000674",56,52,4
"60QA000675",60,54,6
"60QA000676",51,38,13
"60QA000677",84,72,12
"60QA000678",100,94,6
"60QA000679",123,94,29
"60QA000680",44,38,6
"60QA000681",68,55,13
"60QA000682",58,49,9
"60QA000683",107,93,14
"60QA000684",52,29,23
"60QA000685",56,47,9
"60QA000686",82,56,26
"60QA000687",72,44,28
"60QA000688",139,66,73
"60QA000689",114,70,44
"60QA000690",55,28,27
"60QA000691",63,41,22
"60QA000692",277,225,52
"60QA000693",102,57,45
"60QA000694",80,51,29
"60QA000695",105,66,39
"60QA000696",86,54,32
"60QA000697",49,21,28
"60QA000698",117,39,78
"60QA000699",89,31,58
"60QA000700",88,20,68
"60QA000701",95,38,57
"60QA000702",90,71,19
"60QA000703",58,34,24
"60QA000704",95,27,68
"60QA000705",124,64,60
"60QA000706",123,56,67
"60QA000707",95,25,70
"60QA000708",105,37,68
"60QA000709",123,42,81
"60QA000710",81,34,47
"60QA000711",126,102,24
"60QA000712",84,41,43
"60QA000713",125,49,76
"60QA000714",155,61,94
"60QA000715",135,56,79
"60QA000716",127,36,91
"60QA000717",81,49,32
"60QA000718",69,36,33
"60QA000719",75,41,34
"60QA000720",104,64,40
"60QA000721",89,51,38
"60QA000722",82,46,36
"60QA000723",145,85,60
"60QA000724",76,69,7
"60QA000725",108,46,62
"60QA000726",136,60,76
"60QA000727",78,52,26
"60QA000728",79,56,23
"60QA000729",65,56,9
"60QA000730",81,63,18
"60QA000731",94,60,34
"60QA000732",131,53,78
"60QA000733",121,28,93
"60QA000734",111,27,84
"60QA000735",108,29,79
"60QA000736",81,42,39
"60QA000737",101,47,54
"60QA000738",133,62,71
"60QA000739",82,31,51
"60QA000740",87,30,57
"60QA000741",108,65,43
"60QA000742",82,29,53
"60QA000743",75,30,45
"60QA000744",109,47,62
"60QA000745",86,43,43
"60QA000746",54,25,29
"60QA000747",60,40,20
"60QA000748",85,61,24
"60QA000749",97,44,53
"60QA000750",160,70,90
"60QA000751",83,61,22
"60QA000752",49,13,36
"60QA000753",94,61,33
"60QA000754",97,51,46
"60QA000755",106,49,57
"60QA000756",112,36,76
"60QA000757",82,71,11
"60QA000758",70,53,17
"60QA000759",67,65,2
"60QA000760",44,31,13
"60QA000761",81,51,30
"60QA000762",81,75,6
"60QA000763",89,85,4
"60QA000764",112,101,11
"60QA000765",62,55,7
"60QA000766",80,74,6
"60QA000767",95,84,11
"60QA000768",70,66,4
"60QA000769",114,90,24
"60QA000770",51,41,10
"60QA000771",62,58,4
"60QA000772",83,75,8
"60QA000773",85,67,18
"60QA000774",78,45,33
"60QA000775",83,66,17
"60QA000776",102,65,37
"60QA000777",73,45,28
"60QA000778",80,69,11
"60QA000779",71,58,13
"60QA000780",101,92,9
"60QA000781",249,222,27
"60QA000782",56,38,18
"60QA000783",58,43,15
"60QA000784",123,85,38
"60QA000785",105,84,21
"60QA000786",109,98,11
"60QA000787",103,82,21
"60QA000788",88,70,18
"60QA000789",133,78,55
"60QA000790",112,77,35
"60QA000791",80,52,28
"60QA000792",142,68,74
"60QA000793",63,41,22
"60QA000794",125,61,64
"60QA000795",79,34,45
"60QA000796",89,47,42
"60QA000797",80,46,34
"60QA000798",73,37,36
"60QA000799",81,65,16
"60QA000800",65,36,29
"60QA000801",66,54,12
"60QA000802",97,46,51
"60QA000803",123,61,62
"60QA000804",70,42,28
"60QA000805",78,34,44
"60QA000806",94,53,41
"60QA000807",110,62,48
"60QA000808",70,33,37
"60QA000809",137,81,56
"60QA000810",92,57,35
"60QA000811",113,53,60
"60QA000812",91,43,48
"60QA000813",69,29,40
"60QA000814",139,64,75
"60QA000815",139,71,68
"60QA000816",106,38,68
"60QA000817",101,42,59
"60QA000818",90,48,42
"60QA000819",99,34,65
"60QA000820",117,58,59
"60QA000821",78,40,38
"60QA000822",121,56,65
"60QA000823",85,37,48
"60QA000824",84,32,52
"60QA000825",141,61,80
"60QA000826",125,81,44
"60QA000827",113,62,51
"60QA000828",72,28,44
"60QA000829",64,44,20
"60QA000830",91,49,42
"60QA000831",83,39,44
"60QA000832",94,50,44
"60QA000833",88,60,28
"60QA000834",124,54,70
"60QA000835",68,32,36
"60QA000836",168,80,88
"60QA000837",113,51,62
"60QA000838",91,67,24
"60QA000839",76,37,39
"60QA000840",102,57,45
"60QA000841",98,67,31
"60QA000842",98,52,46
"60QA000843",119,66,53
"60QA000844",135,70,65
"60QA000845",104,60,44
"60QA000846",89,37,52
"60QA000847",93,71,22
"60QA000848",71,39,32
"60QA000849",62,50,12
"60QA000850",109,66,43
"60QA000851",122,38,84
"60QA000852",141,60,81
"60QA000853",115,59,56
"60QA000854",65,49,16
"60QA000855",83,47,36
"60QA000856",62,40,22
"60QA000857",77,57,20
"60QA000858",45,33,12
"60QA000859",101,48,53
"60QA000860",99,58,41
"60QA000861",118,51,67
"60QA000862",139,53,86
"60QA000863",129,85,44
"60QA000864",128,51,77
"60QA000865",99,31,68
"60QA000866",89,28,61
"60QA000867",103,55,48
"60QA000868",117,51,66
"60QA000869",129,48,81
"60QA000870",149,81,68
"60QA000871",101,26,75
"60QA000872",83,29,54
"60QA000873",198,134,64
"60QA000874",104,73,31
"60QA000875",106,45,61
"60QA000876",87,44,43
"60QA000877",65,50,15
"60QA000878",65,41,24
"60QA000879",349,248,101
"60QA000880",99,72,27
"60QA000881",95,74,21
"60QA000882",70,61,9
"60QA000883",78,46,32
"60QA000884",100,62,38
"60QA000885",115,80,35
"60QA000886",101,35,66
"60QA000887",96,29,67
"60QA000888",83,24,59
"60QA000889",136,60,76
"60QA000890",137,54,83
"60QA000891",86,43,43
"60QA000892",108,35,73
"60QA000893",78,34,44
"60QA000894",96,29,67
"60QA000895",63,36,27
"60QA000896",135,69,66
"60QA000897",138,72,66
"60QA000898",122,78,44
"60QA000899",81,43,38
"60QA000900",69,41,28
"60QA000901",103,45,58
"60QA000902",95,67,28
"60QA000903",88,54,34
"60QA000904",75,29,46
"60QA000905",112,73,39
"60QA000906",80,40,40
"60QA000907",73,36,37
"60QA000908",83,49,34
"60QA000909",61,41,20
"60QA000910",86,47,39
"60QA000911",89,37,52
"60QA000912",76,39,37
"60QA000913",100,44,56
"60QA000914",97,49,48
"60QA000915",74,52,22
"60QA000916",84,27,57
"60QA000917",110,49,61
"60QA000918",78,45,33
"60QA000919",60,47,13
"60QA000920",100,68,32
"60QA000921",60,36,24
"60QA000922",66,36,30
"60QA000923",86,66,20
"60QA000924",121,55,66
"60QA000925",78,53,25
"60QA000926",83,42,41
"60QA000927",48,46,2
"60QA000928",83,39,44
"60QA000929",71,39,32
"60QA000930",340,274,66
"60QA000931",74,36,38
"60QA000932",100,65,35
"60QA000933",113,63,50
"60QA000934",97,51,46
"60QA000935",81,47,34
"60QA000936",117,55,62
"60QA000937",63,27,36
"60QA000938",117,57,60
"60QA000939",171,82,89
"60QA000940",60,38,22
"60QA000941",101,42,59
"60QA000942",102,54,48
"60QA000943",102,45,57
"60QA000944",82,43,39
"60QA000945",89,48,41
"60QA000946",70,49,21
"60QA000947",73,50,23
"60QA000948",95,55,40
"60QA000949",158,67,91
"60QA000950",133,57,76
"60QA000951",109,45,64
"60QA000952",69,39,30
"60QA000953",83,33,50
"60QA000954",91,39,52
"60QA000955",138,66,72
"60QA000956",81,25,56
"60QA000957",97,49,48
"60QA000958",95,49,46
"60QA000959",107,47,60
"60QA000960",96,37,59
"60QA000961",88,33,55
"60QA000962",133,49,84
"60QA000963",90,32,58
"60QA000964",89,42,47
"60QA000965",55,44,11
"60QA000966",69,55,14
"60QA000967",58,44,14
"60QA000968",82,52,30
"60QA000969",97,41,56
"60QA000970",74,47,27
"60QA000971",78,30,48
"60QA000972",103,41,62
"60QA000973",100,36,64
"60QA000974",80,37,43
"60QA000975",95,47,48
"60QA000976",129,60,69
"60QA000977",153,40,113
"60QA000978",60,21,39
"60QA000979",48,10,38
"60QA000980",107,39,68
"60QA000981",103,32,71
"60QA000982",88,30,58
"60QA000983",89,19,70
"60QA000984",73,25,48
"60QA000985",88,39,49
"60QA000986",87,49,38
"60QA000987",111,47,64
"60QA000988",52,20,32
"60QA000989",79,55,24
"60QA000990",145,71,74
"60QA000991",79,66,13
"60QA000992",84,37,47
"60QA000993",84,34,50
"60QA000994",113,51,62
"60QA000995",105,47,58
"60QA000996",88,45,43
"60QA000997",111,54,57
"60QA000998",71,35,36
"60QA000999",84,52,32
"60QA001000",94,36,58
"60QA001001",116,65,51
"60QA001002",97,51,46
"60QA001003",122,62,60
"60QA001004",96,40,56
"60QA001005",53,37,16
"60QA001006",117,51,66
"60QA001007",122,63,59
"60QA001008",74,33,41
"60QA001009",102,65,37
"60QA001010",78,49,29
"60QA001011",65,33,32
"60QA001012",81,43,38
"60QA001013",113,68,45
"60QA001014",101,46,55
"60QA001015",94,56,38
"60QA001016",99,58,41
"60QA001017",106,38,68
"60QA001018",87,68,19
"60QA001019",103,47,56
"60QA001020",101,49,52
"60QA001021",93,45,48
"60QA001022",106,59,47
"60QA001023",57,27,30
"60QA001024",71,43,28
"60QA001025",79,47,32
"60QA001026",81,46,35
"60QA001027",106,74,32
"60QA001028",59,51,8
"60QA001029",83,65,18
"60QA001030",118,103,15
"60QA001031",95,60,35
"60QA001032",74,37,37
"60QA001033",70,50,20
"60QA001034",100,56,44
"60QA001035",151,96,55
"60QA001036",114,68,46
"60QA001037",63,46,17
"60QA001038",124,38,86
"60QA001039",92,38,54
"60QA001040",88,58,30
"60QA001041",82,39,43
"60QA001042",77,45,32
"60QA001043",127,60,67
"60QA001044",45,33,12
"60QA001045",41,21,20
"60QA001046",94,38,56
"60QA001047",83,40,43
"60QA001048",109,54,55
"60QA001049",181,79,102
"60QA001050",110,64,46
"60QA001051",119,77,42
"60QA001052",106,55,51
"60QA001053",118,57,61
"60QA001054",147,51,96
"60QA001055",84,44,40
"60QA001056",81,33,48
"60QA001057",148,36,112
"60QA001058",116,48,68
"60QA001059",94,45,49
"60QA001060",100,50,50
"60QA001061",86,42,44
"60QA001062",91,43,48
"60QA001063",141,89,52
"60QA001064",110,74,36
"60QA001065",104,44,60
"60QA001066",93,48,45
"60QA001067",91,47,44
"60QA001068",97,51,46
"60QA001069",48,30,18
"60QA001070",158,73,85
"60QA001071",65,33,32
"60QA001072",63,35,28
"60QA001073",111,35,76
"60QA001074",131,47,84
"60QA001075",96,44,52
"60QA001076",82,37,45
"60QA001077",90,48,42
"60QA001078",162,83,79
"60QA001079",146,45,101
"60QA001080",152,42,110
"60QA001081",103,31,72
"60QA001082",80,34,46
"60QA001083",108,47,61
"60QA001084",85,29,56
"60QA001085",145,56,89
"60QA001086",127,64,63
"60QA001087",134,54,80
"60QA001088",104,36,68
"60QA001089",132,52,80
"60QA001090",77,29,48
"60QA001091",166,52,114
"60QA001092",105,31,74
"60QA001093",112,39,73
"60QA001094",95,33,62
"60QA001095",124,34,90
"60QA001096",127,51,76
"60QA001097",167,62,105
"60QA001098",181,59,122
"60QA001099",136,40,96
"60QA001100",189,57,132
"60QA001101",114,48,66
"60QA001102",102,57,45
"60QA001103",109,68,41
"60QA001104",74,33,41
"60QA001105",127,58,69
"60QA001106",137,44,93
"60QA001107",92,42,50
"60QA001108",136,35,101
"60QA001109",121,48,73
"60QA001110",130,60,70
"60QA001111",135,32,103
"60QA001112",151,87,64
"60QA001113",116,53,63
"60QA001114",111,37,74
"60QA001115",106,52,54
"60QA001116",91,52,39
"60QA001117",95,37,58
"60QA001118",111,57,54
"60QA001119",100,38,62
"60QA001120",58,10,48
"60QA001121",107,55,52
"60QA001122",77,27,50
"60QA001123",82,30,52
"60QA001124",106,43,63
"60QA001125",81,34,47
"60QA001126",84,36,48
"60QA001127",73,37,36
"60QA001128",141,59,82
"60QA001129",84,39,45
"60QA001130",84,38,46
"60QA001131",97,54,43
"60QA001132",102,47,55
"60QA001133",97,41,56
"60QA001134",104,47,57
"60QA001135",179,89,90
"60QA001136",86,36,50
"60QA001137",120,52,68
"60QA001138",100,46,54
"60QA001139",99,37,62
"60QA001140",120,54,66
"60QA001141",80,33,47
"60QA001142",118,56,62
"60QA001143",114,60,54
"60QA001144",80,52,28
"60QA001145",80,61,19
"60QA001146",91,33,58
"60QA001147",95,41,54
"60QA001148",94,38,56
"60QA001149",168,50,118
"60QA001150",115,46,69
"60QA001151",140,35,105
"60QA001152",129,35,94
"60QA001153",54,29,25
"60QA001154",109,51,58
"60QA001155",130,34,96
"60QA001156",106,59,47
"60QA001157",132,70,62
"60QA001158",113,61,52
"60QA001159",119,59,60
"60QA001160",118,78,40
"60QA001161",78,45,33
"60QA001162",79,39,40
"60QA001163",117,46,71
"60QA001164",114,47,67
"60QA001165",67,49,18
"60QA001166",135,66,69
"60QA001167",115,47,68
"60QA001168",91,38,53
"60QA001169",107,67,40
"60QA001170",82,42,40
"60QA001171",110,35,75
"60QA001172",84,38,46
"60QA001173",95,37,58
"60QA001174",107,35,72
"60QA001175",76,45,31
"60QA001176",90,34,56
"60QA001177",55,35,20
"60QA001178",92,70,22
"60QA001179",72,39,33
"60QA001180",106,28,78
"60QA001181",73,47,26
"60QA001182",80,29,51
"60QA001183",90,28,62
"60QA001184",99,33,66
"60QA001185",92,32,60
"60QA001186",80,22,58
"60QA001187",67,56,11
"60QA001188",53,13,40
"60QA001189",57,17,40
"60QA001190",98,27,71
"60QA001191",120,38,82
"60QA001192",88,16,72
"60QA001193",90,30,60
"60QA001194",96,36,60
"60QA001195",98,23,75
"60QA001196",113,42,71
"60QA001197",126,35,91
"60QA001198",118,34,84
"60QA001199",148,54,94
"60QA001200",159,44,115
"60QA001201",164,38,126
"60QA001202",160,38,122
"60QA001203",161,71,90
"60QA001204",148,60,88
"60QA001205",74,46,28
"60QA001206",91,48,43
"60QA001207",94,32,62
"60QA001208",139,61,78
"60QA001209",123,51,72
"60QA001210",88,41,47
"60QA001211",72,28,44
"60QA001212",71,42,29
"60QA001213",107,36,71
"60QA001214",105,30,75
"60QA001215",113,63,50
"60QA001216",133,66,67
"60QA001217",80,31,49
"60QA001218",86,28,58
"60QA001219",155,65,90
"60QA001220",53,25,28
"60QA001221",103,31,72
"60QA001222",57,17,40
"60QA001223",169,82,87
"60QA001224",122,42,80
"60QA001225",113,59,54
"60QA001226",137,61,76
"60QA001227",178,52,126
"60QA001228",129,57,72
"60QA001229",100,53,47
"60QA001230",170,43,127
"60QA001231",140,46,94
"60QA001232",134,73,61
"60QA001233",166,42,124
"60QA001234",168,71,97
"60QA001235",148,50,98
"60QA001236",126,42,84
"60QA001237",89,47,42
"60QA001238",96,33,63
"60QA001239",63,33,30
"60QA001240",87,36,51
"60QA001241",152,71,81
"60QA001242",89,48,41
"60QA001243",80,29,51
"60QA001244",139,71,68
"60QA001245",120,58,62
"60QA001246",110,59,51
"60QA001247",123,58,65
"60QA001248",95,35,60
"60QA001249",114,50,64
"60QA001250",99,36,63
"60QA001251",86,45,41
"60QA001252",90,51,39
"60QA001253",85,45,40
"60QA001254",115,68,47
"60QA001255",123,66,57
"60QA001256",75,58,17
"60QA001257",64,26,38
"60QA001258",78,41,37
"60QA001259",76,35,41
"60QA001260",102,54,48
"60QA001261",111,44,67
"60QA001262",116,54,62
"60QA001263",99,37,62
"60QA001264",119,49,70
"60QA001265",71,22,49
"60QA001266",101,29,72
"60QA001267",97,36,61
"60QA001268",160,45,115
"60QA001269",96,22,74
"60QA001270",136,63,73
"60QA001271",101,34,67
"60QA001272",146,28,118
"60QA001273",126,33,93
"60QA001274",122,28,94
"60QA001275",102,23,79
"60QA001276",95,20,75
"60QA001277",100,22,78
"60QA001278",103,32,71
"60QA001279",83,26,57
"60QA001280",137,47,90
"60QA001281",110,26,84
"60QA001282",56,20,36
"60QA001283",154,30,124
"60QA001284",159,44,115
"60QA001285",160,119,41
"60QA001286",69,53,16
"60QA001287",54,40,14
"60QA001288",98,93,5
"60QA001289",94,84,10
"60QA001290",73,24,49
"60QA001291",55,29,26
"60QA001292",76,22,54
"60QA001293",88,30,58
"60QA001294",43,37,6
"60QA001295",52,18,34
"60QA001296",66,56,10
"60QA001297",59,54,5
"60QA001298",100,29,71
"60QA001299",99,82,17
"60QA001300",108,43,65
"60QA001301",52,13,39
"60QA001302",68,16,52
"60QA001303",104,36,68
"60QA001304",132,50,82
"60QA001305",49,31,18
"60QA001306",36,18,18
"60QA001307",83,42,41
"60QA001308",53,13,40
"60QA001309",51,27,24
"60QA001310",84,39,45
"60QA001311",65,35,30
"60QA001312",50,31,19
"60QA001313",83,35,48
"60QA001314",53,40,13
"60QA001315",95,63,32
"60QA001316",60,40,20
"60QA001317",62,25,37
"60QA001318",92,42,50
"60QA001319",56,18,38
"60QA001320",166,50,116
"60QA001321",51,25,26
"60QA001322",80,32,48
"60QA001323",169,38,131
"60QA001324",111,20,91
"60QA001325",51,40,11
"60QA001326",64,32,32
"60QA001327",78,30,48
"60QA001328",137,104,33
"60QA001329",64,43,21
"60QA001330",59,43,16
"60QA001331",90,45,45
"60QA001332",47,25,22
"60QA001333",51,26,25
"60QA001334",43,23,20
"60QA001335",120,59,61
"60QA001336",98,60,38
"60QA001337",67,21,46
"60QA001338",53,11,42
"60QA001339",43,17,26
"60QA001340",117,31,86
"60QA001341",52,14,38
"60QA001342",108,35,73
"60QA001343",75,39,36
"60QA001344",72,48,24
"60QA001345",82,46,36
"60QA001346",96,52,44
"60QA001347",92,44,48
"60QA001348",40,12,28
"60QA001349",46,12,34
"60QA001350",66,44,22
"60QA001351",49,14,35
"60QA001352",129,57,72
"60QA001353",57,29,28
"60QA001354",83,21,62
"60QA001355",96,77,19
"60QA001356",166,68,98
"60QA001357",101,34,67
"60QA001358",102,48,54
"60QA001359",146,30,116
"60QA001360",72,41,31
"60QA001361",59,43,16
"60QA001362",56,49,7
"60QA001363",54,38,16
"60QA001364",126,82,44
"60QA001365",117,32,85
"60QA001366",85,23,62
"60QA001367",100,46,54
"60QA001368",106,34,72
"60QA001369",69,55,14
"60QA001370",120,66,54
"60QA001371",61,41,20
"60QA001372",66,53,13
"60QA001373",68,51,17
"60QA001374",104,44,60
"60QA001375",167,87,80
"60QA001376",90,36,54
"60QA001377",61,21,40
"60QA001378",50,17,33
"60QA001379",109,48,61
"60QA001380",98,37,61
"60QA001381",105,36,69
"60QA001382",262,168,94
"60QA001383",53,12,41
"60QA001384",99,29,70
"60QA001385",63,23,40
"60QA001386",57,17,40
"60QA001387",151,25,126
"60QA001388",77,28,49
"60QA001389",49,12,37
"60QA001390",72,12,60
"60QA001391",45,13,32
"60QA001392",53,23,30
"60QA001393",61,11,50
"60QA001394",55,47,8
"60QA001395",125,59,66
"60QA001396",83,79,4
"60QA001397",52,48,4
"60QA001398",60,53,7
"60QA001399",95,27,68
"60QA001400",64,32,32
"60QA001401",65,42,23
"60QA001402",123,73,50
"60QA001403",93,51,42
"60QA001404",106,69,37
"60QA001405",89,58,31
"60QA001406",66,46,20
"60QA001407",58,48,10
"60QA001408",56,49,7
"60QA001409",68,50,18
"60QA001410",122,102,20
"60QA001411",40,38,2
"60QA001412",40,32,8
"60QA001413",51,35,16
"60QA001414",47,32,15
"60QA001415",100,60,40
"60QA001416",49,37,12
"60QA001417",108,86,22
"60QA001418",58,44,14
"60QA001419",51,35,16
"60QA001420",118,48,70
"60QA001421",44,30,14
"60QA001422",66,39,27
"60QA001423",99,60,39
"60QA001424",75,61,14
"60QA001425",70,54,16
"60QA001426",83,54,29
"60QA001427",97,69,28
"60QA001428",72,54,18
"60QA001429",72,55,17
"60QA001430",63,53,10
"60QA001431",75,57,18
"60QA001432",80,52,28
"60QA001433",95,53,42
"60QA001434",106,76,30
"60QA001435",73,39,34
"60QA001436",67,52,15
"60QA001437",64,46,18
"60QA001438",73,45,28
"60QA001439",74,70,4
"60QA001440",62,36,26
"60QA001441",81,39,42
"60QA001442",63,40,23
"60QA001443",81,67,14
"60QA001444",57,37,20
"60QA001445",106,73,33
"60QA001446",42,29,13
"60QA001447",62,35,27
"60QA001448",75,61,14
"60QA001449",81,39,42
"60QA001450",78,28,50
"60QA001451",46,12,34
"60QA001452",209,71,138
"60QA001453",86,48,38
"60QA001454",83,50,33
"60QA001455",148,40,108
"60QA001456",104,35,69
"60QA001457",79,53,26
"60QA001458",62,18,44
"60QA001459",65,29,36
"60QA001460",134,49,85
"60QA001461",99,22,77
"60QA001462",89,27,62
"60QA001463",129,102,27
"60QA001464",48,40,8
"60QA001465",128,54,74
"60QA001466",79,28,51
"60QA001467",71,63,8
"60QA001468",59,44,15
"60QA001469",99,68,31
"60QA001470",107,89,18
"60QA001471",83,58,25
"60QA001472",72,65,7
"60QA001473",162,124,38
"60QA001474",91,61,30
"60QA001475",109,66,43
"60QA001476",103,92,11
"60QA001477",604,595,9
"60QA001478",90,69,21
"60QA001479",74,49,25
"60QA001480",82,65,17
"60QA001481",117,96,21
"60QA001482",109,77,32
"60QA001483",75,61,14
"60QA001484",101,71,30
"60QA001485",125,103,22
"60QA001486",73,38,35
"60QA001487",54,36,18
"60QA001488",171,171,0
"60QA001489",88,56,32
"60QA001490",126,77,49
"60QA001491",91,69,22
"60QA001492",61,36,25
"60QA001493",49,40,9
"60QA001494",102,89,13
"60QA001495",92,81,11
"60QA001496",105,85,20
"60QA001497",64,23,41
"60QA001498",116,43,73
"60QA001499",108,64,44
"60QA001500",149,94,55
"60QA001501",77,37,40
"60QA001502",86,56,30
"60QA001503",81,63,18
"60QA001504",88,71,17
"60QA001505",71,56,15
"60QA001506",47,27,20
"60QA001507",140,87,53
"60QA001508",50,36,14
"60QA001509",72,52,20
"60QA001510",84,43,41
"60QA001511",103,83,20
"60QA001512",73,55,18
"60QA001513",56,38,18
"60QA001514",82,71,11
"60QA001515",62,56,6
"60QA001516",106,92,14
"60QA001517",91,67,24
"60QA001518",75,54,21
"60QA001519",77,51,26
"60QA001520",137,118,19
"60QA001521",115,93,22
"60QA001522",122,109,13
"60QA001523",130,114,16
"60QA001524",91,70,21
"60QA001525",103,83,20
"60QA001526",64,53,11
"60QA001527",70,66,4
"60QA001528",86,81,5
"60QA001529",67,59,8
"60QA001530",86,80,6
"60QA001531",84,70,14
"60QA001532",53,46,7
"60QA001533",77,68,9
"60QA001534",65,58,7
"60QA001535",105,83,22
"60QA001536",56,46,10
"60QA001537",62,40,22
"60QA001538",61,37,24
"60QA001539",142,99,43
"60QA001540",207,158,49
"60QA001541",92,68,24
"60QA001542",90,68,22
"60QA001543",98,60,38
"60QA001544",70,28,42
"60QA001545",98,48,50
"60QA001546",75,30,45
"60QA001547",80,36,44
"60QA001548",94,41,53
"60QA001549",81,25,56
"60QA001550",80,40,40
"60QA001551",119,66,53
"60QA001552",57,25,32
"60QA001553",134,61,73
"60QA001554",59,17,42
"60QA001555",93,36,57
"60QA001556",71,33,38
"60QA001557",78,28,50
"60QA001558",90,46,44
"60QA001559",109,44,65
"60QA001560",70,36,34
"60QA001561",51,44,7
"60QA001562",60,50,10
"60QA001563",69,63,6
"60QA001564",109,94,15
"60QA001565",74,57,17
"60QA001566",88,75,13
"60QA001567",50,26,24
"60QA001568",76,59,17
"60QA001569",73,41,32
"60QA001570",101,48,53
"60QA001571",57,25,32
"60QA001572",84,58,26
"60QA001573",128,110,18
"60QA001574",118,100,18
"60QA001575",100,72,28
"60QA001576",95,62,33
"60QA001577",80,60,20
"60QA001578",104,43,61
"60QA001579",86,83,3
"60QA001580",56,52,4
"60QA001581",117,94,23
"60QA001582",52,44,8
"60QA001583",56,40,16
"60QA001584",98,71,27
"60QA001585",139,96,43
"60QA001586",104,58,46
"60QA001587",75,44,31
"60QA001588",134,71,63
"60QA001589",71,53,18
"60QA001590",59,47,12
"60QA001591",74,47,27
"60QA001592",139,89,50
"60QA001593",115,64,51
"60QA001594",103,39,64
"60QA001595",76,65,11
"60QA001596",117,39,78
"60QA001597",110,39,71
"60QA001598",70,47,23
"60QA001599",113,81,32
"60QA001600",158,98,60
"60QA001601",69,50,19
"60QA001602",81,55,26
"60QA001603",48,32,16
"60QA001604",73,21,52
"60QA001605",158,71,87
"60QA001606",90,22,68
"60QA001607",141,63,78
"60QA001608",138,35,103
"60QA001609",129,23,106
"60QA001610",153,77,76
"60QA001611",80,58,22
"60QA001612",95,70,25
"60QA001613",81,66,15
"60QA001614",81,74,7
"60QA001615",96,92,4
"60QA001616",105,96,9
"60QA001617",74,64,10
"60QA001618",125,93,32
"60QA001619",46,40,6
"60QA001620",78,64,14
"60QA001621",76,54,22
"60QA001622",113,94,19
"60QA001623",74,58,16
"60QA001624",69,61,8
"60QA001625",69,59,10
"60QA001626",71,28,43
"60QA001627",125,98,27
"60QA001628",68,50,18
"60QA001629",195,170,25
"60QA001630",161,149,12
"60QA001631",107,83,24
"60QA001632",69,56,13
"60QA001633",75,53,22
"60QA001634",82,62,20
"60QA001635",62,46,16
"60QA001636",900,873,27
"60QA001637",83,51,32
"60QA001638",61,21,40
"60QA001639",84,54,30
"60QA001640",104,66,38
"60QA001641",64,36,28
"60QA001642",92,56,36
"60QA001643",92,46,46
"60QA001644",134,85,49
"60QA001645",76,66,10
"60QA001646",67,39,28
"60QA001647",106,85,21
"60QA001648",101,66,35
"60QA001649",71,55,16
"60QA001650",63,50,13
"60QA001651",150,132,18
"60QA001652",110,101,9
"60QA001653",78,67,11
"60QA001654",108,88,20
"60QA001655",48,36,12
"60QA001656",63,53,10
"60QA001657",61,57,4
"60QA001658",71,63,8
"60QA001659",80,60,20
"60QA001660",79,74,5
"60QA001661",66,56,10
"60QA001662",81,70,11
"60QA001663",86,72,14
"60QA001664",125,108,17
"60QA001665",95,79,16
"60QA001666",47,39,8
"60QA001667",88,77,11
"60QA001668",64,61,3
"60QA001669",85,64,21
"60QA001670",87,49,38
"60QA001671",86,50,36
"60QA001672",57,27,30
"60QA001673",110,86,24
"60QA001674",84,72,12
"60QA001675",79,67,12
"60QA001676",79,31,48
"60QA001677",84,72,12
"60QA001678",71,41,30
"60QA001679",86,51,35
"60QA001680",61,57,4
"60QA001681",78,71,7
"60QA001682",139,75,64
"60QA001683",130,58,72
"60QA001684",84,58,26
"60QA001685",90,36,54
"60QA001686",84,30,54
"60QA001687",143,102,41
"60QA001688",124,107,17
"60QA001689",138,112,26
"60QA001690",118,94,24
"60QA001691",70,66,4
"60QA001692",52,47,5
"60QA001693",130,122,8
"60QA001694",66,48,18
"60QA001695",86,74,12
"60QA001696",149,123,26
"60QA001697",58,46,12
"60QA001698",81,40,41
"60QA001699",87,50,37
"60QA001700",57,39,18
"60QA001701",93,53,40
"60QA001702",77,33,44
"60QA001703",85,46,39
"60QA001704",66,47,19
"60QA001705",65,40,25
"60QA001706",85,45,40
"60QA001707",94,71,23
"60QA001708",116,44,72
"60QA001709",99,52,47
"60QA001710",109,48,61
"60QA001711",56,40,16
"60QA001712",74,56,18
"60QA001713",99,47,52
"60QA001714",72,32,40
"60QA001715",93,51,42
"60QA001716",72,31,41
"60QA001717",65,35,30
"60QA001718",129,71,58
"60QA001719",89,35,54
"60QA001720",167,70,97
"60QA001721",53,38,15
"60QA001722",115,72,43
"60QA001723",49,20,29
"60QA001724",71,17,54
"60QA001725",78,22,56
"60QA001726",130,27,103
"60QA001727",193,125,68
"60QA001728",93,46,47
"60QA001729",52,31,21
"60QA001730",104,33,71
"60QA001731",142,46,96
"60QA001732",159,61,98
"60QA001733",47,27,20
"60QA001734",80,35,45
"60QA001735",65,42,23
"60QA001736",301,97,204
"60QA001737",114,40,74
"60QA001738",78,28,50
"60QA001739",145,42,103
"60QA001740",110,31,79
"60QA001741",134,40,94
"60QA001742",123,32,91
"60QA001743",111,45,66
"60QA001744",194,65,129
"60QA001745",96,30,66
"60QA001746",123,49,74
"60QA001747",62,42,20
"60QA001748",100,33,67
"60QA001749",74,38,36
"60QA001750",119,52,67
"60QA001751",47,17,30
"60QA001752",57,37,20
"60QA001753",81,45,36
"60QA001754",95,73,22
"60QA001755",64,37,27
"60QA001756",106,39,67
"60QA001757",63,4,59
"60QA001758",106,26,80
"60QA001759",48,14,34
"60QA001760",122,46,76
"60QA001761",51,37,14
"60QA001762",76,25,51
"60QA001763",99,36,63
"60QA001764",146,56,90
"60QA001765",81,23,58
"60QA001766",95,40,55
"60QA001767",100,26,74
"60QA001768",100,44,56
"60QA001769",93,25,68
"60QA001770",95,41,54
"60QA001771",106,40,66
"60QA001772",87,23,64
"60QA001773",179,91,88
"60QA001774",119,44,75
"60QA001775",77,30,47
"60QA001776",168,74,94
"60QA001777",45,25,20
"60QA001778",45,15,30
"60QA001779",111,29,82
"60QA001780",128,42,86
"60QA001781",101,25,76
"60QA001782",102,44,58
"60QA001783",133,28,105
"60QA001784",108,32,76
"60QA001785",67,25,42
"60QA001786",99,23,76
"60QA001787",110,26,84
"60QA001788",88,22,66
"60QA001789",44,8,36
"60QA001790",79,23,56
"60QA001791",81,19,62
"60QA001792",79,52,27
"60QA001793",189,65,124
"60QA001794",64,40,24
"60QA001795",89,51,38
"60QA001796",95,31,64
"60QA001797",65,28,37
"60QA001798",69,31,38
"60QA001799",132,48,84
"60QA001800",179,92,87
"60QA001801",146,64,82
"60QA001802",113,45,68
"60QA001803",159,73,86
"60QA001804",108,58,50
"60QA001805",82,45,37
"60QA001806",68,17,51
"60QA001807",120,50,70
"60QA001808",68,8,60
"60QA001809",163,58,105
"60QA001810",69,37,32
"60QA001811",84,33,51
"60QA001812",93,40,53
"60QA001813",76,28,48
"60QA001814",109,21,88
"60QA001815",70,26,44
"60QA001816",68,43,25
"60QA001817",126,61,65
"60QA001818",117,33,84
"60QA001819",58,54,4
"60QA001820",66,58,8
"60QA001821",176,92,84
"60QA001822",90,39,51
"60QA001823",79,23,56
"60QA001824",158,67,91
"60QA001825",117,35,82
"60QA001826",97,39,58
"60QA001827",98,49,49
"60QA001828",90,32,58
"60QA001829",61,27,34
"60QA001830",139,51,88
"60QA001831",82,33,49
"60QA001832",150,48,102
"60QA001833",70,20,50
"60QA001834",60,39,21
"60QA001835",99,62,37
"60QA001836",77,35,42
"60QA001837",101,63,38
"60QA001838",93,57,36
"60QA001839",120,28,92
"60QA001840",156,36,120
"60QA001841",133,70,63
"60QA001842",69,11,58
"60QA001843",73,21,52
"60QA001844",99,27,72
"60QA001845",110,15,95
"60QA001846",99,21,78
"60QA001847",123,46,77
"60QA001848",93,35,58
"60QA001849",120,45,75
"60QA001850",87,37,50
"60QA001851",110,34,76
"60QA001852",117,39,78
"60QA001853",115,31,84
"60QA001854",97,27,70
"60QA001855",52,10,42
"60QA001856",102,29,73
"60QA001857",56,24,32
"60QA001858",97,33,64
"60QA001859",149,60,89
"60QA001860",107,29,78
"60QA001861",61,16,45
"60QB000001",85,33,52
"60QB000002",115,39,76
"60QB000003",113,42,71
"60QB000004",98,39,59
"60QB000005",128,34,94
"60QB000006",97,33,64
"60QB000007",99,37,62
"60QB000008",148,45,103
"60QB000009",163,42,121
"60QB000010",140,64,76
"60QB000011",122,22,100
"60QB000012",156,55,101
"60QB000013",126,58,68
"60QB000014",44,16,28
"60QB000015",57,19,38
"60QB000016",75,25,50
"60QB000017",94,20,74
"60QB000018",88,41,47
"60QB000019",144,80,64
"60QB000020",75,40,35
"60QB000021",78,33,45
"60QB000022",162,60,102
"60QB000023",46,14,32
"60QB000024",136,46,90
"60QB000025",137,43,94
"60QB000026",139,51,88
"60QB000027",148,49,99
"60QB000028",43,21,22
"60QB000029",114,44,70
"60QB000030",122,36,86
"60QB000031",171,48,123
"60QB000032",126,60,66
"60QB000033",48,14,34
"60QB000034",127,35,92
"60QB000035",128,40,88
"60QB000036",115,34,81
"60QB000037",138,49,89
"60QB000038",106,40,66
"60QB000039",139,49,90
"60QB000040",159,59,100
"60QB000041",76,27,49
"60QB000042",149,52,97
"60QB000043",95,29,66
"60QB000044",162,68,94
"60QB000045",80,34,46
"60QB000046",120,51,69
"60QB000047",76,30,46
"60QB000048",130,72,58
"60QB000049",56,20,36
"60QB000050",67,29,38
"60QB000051",74,22,52
"60QB000052",76,24,52
"60QB000053",59,17,42
"60QB000054",150,72,78
"60QB000055",122,43,79
"60QB000056",63,21,42
"60QB000057",188,82,106
"60QB000058",107,41,66
"60QB000059",90,30,60
"60QB000060",85,37,48
"60QB000061",89,29,60
"60QB000062",113,47,66
"60QB000063",167,43,124
"60QB000064",123,63,60
"60QB000065",139,52,87
"60QB000066",107,39,68
"60QB000067",63,25,38
"60QB000068",137,57,80
"60QB000069",118,52,66
"60QB000070",159,61,98
"60QB000071",118,44,74
"60QB000072",93,35,58
"60QB000073",125,43,82
"60QB000074",108,39,69
"60QB000075",142,81,61
"60QB000076",85,17,68
"60QB000077",95,21,74
"60QB000078",56,20,36
"60QB000079",93,32,61
"60QB000080",98,38,60
"60QB000081",147,54,93
"60QB000082",83,17,66
"60QB000083",145,48,97
"60QB000084",45,9,36
"60QB000085",127,43,84
"60QB000086",103,47,56
"60QB000087",84,26,58
"60QB000088",84,34,50
"60QB000089",159,56,103
"60QB000090",107,36,71
"60QB000091",115,44,71
"60QB000092",174,54,120
"60QB000093",46,24,22
"60QB000094",83,33,50
"60QB000095",96,33,63
"60QB000096",111,43,68
"60QB000097",54,25,29
"60QB000098",60,22,38
"60QB000099",134,39,95
"60QB000100",45,9,36
"60QB000101",56,23,33
"60QB000102",95,45,50
"60QB000103",123,43,80
"60QB000104",129,39,90
"60QB000105",96,34,62
"60QB000106",52,20,32
"60QB000107",51,14,37
"60QB000108",50,20,30
"60QB000109",48,15,33
"60QB000110",74,37,37
"60QB000111",138,42,96
"60QB000112",136,46,90
"60QB000113",145,42,103
"60QB000114",172,73,99
"60QB000115",72,25,47
"60QB000116",126,44,82
"60QB000117",59,17,42
"60QB000118",52,11,41
"60QB000119",70,25,45
"60QB000120",100,36,64
"60QB000121",96,36,60
"60QB000122",77,28,49
"60QB000123",45,19,26
"60QB000124",75,27,48
"60QB000125",92,30,62
"60QB000126",104,41,63
"60QB000127",112,47,65
"60QB000128",109,43,66
"60QB000129",78,17,61
"60QB000130",62,29,33
"60QB000131",102,38,64
"60QB000132",168,51,117
"60QB000133",136,47,89
"60QB000134",125,47,78
"60QB000135",126,56,70
"60QB000136",66,26,40
"60QB000137",57,17,40
"60QB000138",77,21,56
"60QB000139",202,114,88
"60QB000140",130,36,94
"60QB000141",89,31,58
"60QB000142",172,62,110
"60QB000143",89,33,56
"60QB000144",150,47,103
"60QB000145",125,51,74
"60QB000146",71,17,54
"60QB000147",39,15,24
"60QB000148",103,39,64
"60QB000149",48,12,36
"60QB000150",95,44,51
"60QB000151",90,21,69
"60QB000152",116,42,74
"60QB000153",121,43,78
"60QB000154",149,55,94
"60QB000155",94,28,66
"60QB000156",98,32,66
"60QB000157",93,36,57
"60QB000158",88,28,60
"60QB000159",122,36,86
"60QB000160",170,65,105
"60QB000161",75,15,60
"60QB000162",93,22,71
"60QB000163",116,43,73
"60QB000164",152,49,103
"60QB000165",117,31,86
"60QB000166",109,35,74
"60QB000167",94,28,66
"60QB000168",123,33,90
"60QB000169",68,34,34
"60QB000170",133,51,82
"60QB000171",80,32,48
"60QB000172",41,19,22
"60QB000173",115,32,83
"60QB000174",55,31,24
"60QB000175",141,44,97
"60QB000176",148,63,85
"60QB000177",113,29,84
"60QB000178",95,33,62
"60QB000179",97,32,65
"60QB000180",101,41,60
"60QB000181",86,32,54
"60QB000182",134,36,98
"60QB000183",51,24,27
"60QB000184",47,18,29
"60QB000185",120,42,78
"60QB000186",102,37,65
"60QB000187",77,44,33
"60QB000188",83,42,41
"60QB000189",90,36,54
"60QB000190",109,38,71
"60QB000191",113,38,75
"60QB000192",92,39,53
"60QB000193",86,38,48
"60QB000194",82,26,56
"60QB000195",146,49,97
"60QB000196",119,49,70
"60QB000197",101,29,72
"60QB000198",93,40,53
"60QB000199",68,30,38
"60QB000200",101,35,66
"60QB000201",93,31,62
"60QB000202",118,46,72
"60QB000203",84,29,55
"60QB000204",83,24,59
"60QB000205",94,28,66
"60QB000206",83,35,48
"60QB000207",137,41,96
"60QB000208",103,44,59
"60QB000209",75,29,46
"60QB000210",120,34,86
"60QB000211",123,39,84
"60QB000212",153,45,108
"60QB000213",133,62,71
"60QB000214",84,27,57
"60QB000215",91,25,66
"60QB000216",95,39,56
"60QB000217",103,32,71
"60QB000218",145,42,103
"60QB000219",69,18,51
"60QB000220",115,55,60
"60QB000221",147,40,107
"60QB000222",145,33,112
"60QB000223",144,43,101
"60QB000224",118,38,80
"60QB000225",93,19,74
"60QB000226",127,42,85
"60QB000227",139,42,97
"60QB000228",92,39,53
"60QB000229",60,17,43
"60QB000230",127,39,88
"60QB000231",98,36,62
"60QB000232",161,69,92
"60QB000233",150,45,105
"60QB000234",132,51,81
"60QB000235",93,38,55
"60QB000236",104,42,62
"60QB000237",123,37,86
"60QB000238",86,38,48
"60QB000239",109,43,66
"60QB000240",55,15,40
"60QB000241",55,13,42
"60QB000242",113,31,82
"60QB000243",138,40,98
"60QB000244",148,56,92
"60QB000245",154,44,110
"60QB000246",86,28,58
"60QB000247",86,31,55
"60QB000248",146,50,96
"60QB000249",106,42,64
"60QB000250",120,49,71
"60QB000251",105,34,71
"60QB000252",110,28,82
"60QB000253",121,37,84
"60QB000254",114,39,75
"60QB000255",70,30,40
"60QB000256",109,50,59
"60QB000257",139,56,83
"60QB000258",48,16,32
"60QB000259",110,41,69
"60QB000260",124,48,76
"60QB000261",104,46,58
"60QB000262",122,37,85
"60QB000263",115,43,72
"60QB000264",69,34,35
"60QB000265",73,22,51
"60QB000266",113,59,54
"60QB000267",63,25,38
"60QB000268",131,35,96
"60QB000269",144,40,104
"60QB000270",92,33,59
"60QB000271",134,50,84
"60QB000272",70,22,48
"60QB000273",84,25,59
"60QB000274",91,39,52
"60QB000275",160,54,106
"60QB000276",59,19,40
"60QB000277",153,68,85
"60QB000278",85,33,52
"60QB000279",198,88,110
"60QB000280",153,32,121
"60QB000281",109,27,82
"60QB000282",105,31,74
"60QB000283",100,32,68
"60QB000284",128,52,76
"60QB000285",88,37,51
"60QB000286",117,39,78
"60QB000287",103,41,62
"60QB000288",102,42,60
"60QB000289",59,19,40
"60QB000290",68,26,42
"60QB000291",84,38,46
"60QB000292",80,36,44
"60QB000293",119,41,78
"60QB000294",73,45,28
"60QB000295",57,25,32
"60QB000296",66,28,38
"60QB000297",164,55,109
"60QB000298",70,27,43
"60QB000299",62,23,39
"60QB000300",121,43,78
"60QB000301",127,67,60
"60QB000302",96,34,62
"60QB000303",94,30,64
"60QB000304",94,36,58
"60QB000305",119,41,78
"60QB000306",72,20,52
"60QB000307",72,32,40
"60QB000308",72,27,45
"60QB000309",117,35,82
"60QB000310",134,45,89
"60QB000311",68,22,46
"60QB000312",112,37,75
"60QB000313",104,35,69
"60QB000314",163,53,110
"60QB000315",160,63,97
"60QB000316",137,36,101
"60QB000317",103,39,64
"60QB000318",118,54,64
"60QB000319",145,37,108
"60QB000320",120,41,79
"60QB000321",136,51,85
"60QB000322",103,37,66
"60QB000323",95,33,62
"60QB000324",86,28,58
"60QB000325",145,36,109
"60QB000326",121,36,85
"60QB000327",153,36,117
"60QB000328",106,35,71
"60QB000329",67,23,44
"60QB000330",70,18,52
"60QB000331",153,42,111
"60QB000332",114,34,80
"60QB000333",125,37,88
"60QB000334",58,20,38
"60QB000335",97,20,77
"60QB000336",95,35,60
"60QB000337",87,31,56
"60QB000338",110,36,74
"60QB000339",102,40,62
"60QB000340",107,37,70
"60QB000341",49,19,30
"60QB000342",116,51,65
"60QB000343",105,28,77
"60QB000344",67,25,42
"60QB000345",77,23,54
"60QB000346",77,27,50
"60QB000347",99,19,80
"60QB000348",89,27,62
"60QB000349",105,57,48
"60QB000350",132,60,72
"60QB000351",112,44,68
"60QB000352",130,38,92
"60QB000353",118,29,89
"60QB000354",90,33,57
"60QB000355",106,26,80
"60QB000356",127,55,72
"60QB000357",44,13,31
"60QB000358",64,17,47
"60QB000359",57,11,46
"60QB000360",95,26,69
"60QB000361",105,44,61
"60QB000362",51,20,31
"60QB000363",155,63,92
"60QB000364",155,59,96
"60QB000365",95,37,58
"60QB000366",90,40,50
"60QB000367",86,36,50
"60QB000368",46,20,26
"60QB000369",87,29,58
"60QB000370",109,52,57
"60QB000371",116,56,60
"60QB000372",146,46,100
"60QB000373",162,76,86
"60QB000374",85,32,53
"60QB000375",83,28,55
"60QB000376",53,27,26
"60QB000377",128,65,63
"60QB000378",119,25,94
"60QB000379",118,54,64
"60QB000380",134,38,96
"60QB000381",132,48,84
"60QB000382",75,35,40
"60QB000383",110,52,58
"60QB000384",90,37,53
"60QB000385",80,35,45
"60QB000386",85,29,56
"60QB000387",114,50,64
"60QB000388",117,51,66
"60QB000389",103,48,55
"60QB000390",84,26,58
"60QB000391",64,24,40
"60QB000392",97,45,52
"60QB000393",89,36,53
"60QB000394",131,65,66
"60QB000395",64,22,42
"60QB000396",119,41,78
"60QB000397",64,35,29
"60QB000398",119,45,74
"60QB000399",105,41,64
"60QB000400",92,49,43
"60QB000401",100,40,60
"60QB000402",98,40,58
"60QB000403",83,40,43
"60QB000404",118,58,60
"60QB000405",68,33,35
"60QB000406",149,53,96
"60QB000407",115,32,83
"60QB000408",123,35,88
"60QB000409",140,94,46
"60QB000410",103,53,50
"60QB000411",74,28,46
"60QB000412",121,67,54
"60QB000413",57,17,40
"60QB000414",139,60,79
"60QB000415",188,48,140
"60QB000416",117,37,80
"60QB000417",130,48,82
"60QB000418",98,33,65
"60QB000419",107,39,68
"60QB000420",86,24,62
"60QB000421",105,37,68
"60QB000422",111,40,71
"60QB000423",125,32,93
"60QB000424",182,60,122
"60QB000425",168,47,121
"60QB000426",150,43,107
"60QB000427",113,33,80
"60QB000428",119,53,66
"60QB000429",101,49,52
"60QB000430",90,30,60
"60QB000431",110,60,50
"60QB000432",131,81,50
"60QB000433",83,33,50
"60QB000434",111,54,57
"60QB000435",88,54,34
"60QB000436",119,51,68
"60QB000437",105,50,55
"60QB000438",87,32,55
"60QB000439",93,44,49
"60QB000440",88,52,36
"60QB000441",118,48,70
"60QB000442",82,46,36
"60QB000443",82,44,38
"60QB000444",58,21,37
"60QB000445",106,57,49
"60QB000446",68,45,23
"60QB000447",60,37,23
"60QB000448",109,65,44
"60QB000449",77,49,28
"60QB000450",70,41,29
"60QB000451",80,26,54
"60QB000452",93,44,49
"60QB000453",81,34,47
"60QB000454",81,41,40
"60QB000455",84,60,24
"60QB000456",74,38,36
"60QB000457",73,35,38
"60QB000458",49,19,30
"60QB000459",175,40,135
"60QB000460",111,31,80
"60QB000461",89,17,72
"60QB000462",153,55,98
"60QB000463",121,27,94
"60QB000464",143,29,114
"60QB000465",117,38,79
"60QB000466",152,68,84
"60QB000467",82,42,40
"60QB000468",117,55,62
"60QB000469",154,52,102
"60QB000470",85,21,64
"60QB000471",101,71,30
"60QB000472",121,55,66
"60QB000473",148,63,85
"60QB000474",145,47,98
"60QB000475",73,25,48
"60QB000476",76,28,48
"60QB000477",121,66,55
"60QB000478",112,48,64
"60QB000479",102,31,71
"60QB000480",93,37,56
"60QB000481",117,37,80
"60QB000482",114,58,56
"60QB000483",95,32,63
"60QB000484",97,47,50
"60QB000485",84,36,48
"60QB000486",74,46,28
"60QB000487",59,19,40
"60QB000488",64,25,39
"60QB000489",74,32,42
"60QB000490",103,44,59
"60QB000491",103,20,83
"60QB000492",110,58,52
"60QB000493",85,27,58
"60QB000494",121,53,68
"60QB000495",109,40,69
"60QB000496",124,79,45
"60QB000497",102,49,53
"60QB000498",125,33,92
"60QB000499",78,18,60
"60QB000500",93,30,63
"60QB000501",79,39,40
"60QB000502",64,40,24
"60QB000503",88,42,46
"60QB000504",117,43,74
"60QB000505",136,62,74
"60QB000506",82,45,37
"60QB000507",98,30,68
"60QB000508",97,33,64
"60QB000509",65,31,34
"60QB000510",110,46,64
"60QB000511",116,44,72
"60QB000512",131,51,80
"60QB000513",68,17,51
"60QB000514",164,71,93
"60QB000515",63,21,42
"60QB000516",54,28,26
"60QB000517",189,79,110
"60QB000518",162,48,114
"60QB000519",115,43,72
"60QB000520",175,83,92
"60QB000521",138,42,96
"60QB000522",95,55,40
"60QB000523",108,35,73
"60QB000524",76,22,54
"60QB000525",123,92,31
"60QB000526",107,21,86
"60QB000527",80,42,38
"60QB000528",89,54,35
"60QB000529",85,31,54
"60QB000530",113,43,70
"60QB000531",50,20,30
"60QB000532",82,18,64
"60QB000533",149,61,88
"60QB000534",79,33,46
"60QB000535",116,41,75
"60QB000536",84,33,51
"60QB000537",136,45,91
"60QB000538",100,43,57
"60QB000539",129,33,96
"60QB000540",125,39,86
"60QB000541",170,51,119
"60QB000542",107,41,66
"60QB000543",159,34,125
"60QB000544",153,51,102
"60QB000545",82,37,45
"60QB000546",152,66,86
"60QB000547",168,49,119
"60QB000548",140,42,98
"60QB000549",134,51,83
"60QB000550",82,14,68
"60QB000551",48,10,38
"60QB000552",148,44,104
"60QB000553",153,43,110
"60QB000554",93,37,56
"60QB000555",94,29,65
"60QB000556",94,32,62
"60QB000557",99,37,62
"60QB000558",142,41,101
"60QB000559",116,37,79
"60QB000560",89,27,62
"60QB000561",118,47,71
"60QB000562",93,22,71
"60QB000563",105,29,76
"60QB000564",111,51,60
"60QB000565",180,48,132
"60QB000566",60,12,48
"60QB000567",81,38,43
"60QB000568",120,28,92
"60QB000569",121,41,80
"60QB000570",84,34,50
"60QB000571",115,31,84
"60QB000572",117,43,74
"60QB000573",41,18,23
"60QB000574",132,35,97
"60QB000575",70,28,42
"60QB000576",122,35,87
"60QB000577",82,48,34
"60QB000578",80,43,37
"60QB000579",153,57,96
"60QB000580",140,44,96
"60QB000581",134,46,88
"60QB000582",166,51,115
"60QB000583",155,48,107
"60QB000584",136,37,99
"60QB000585",116,62,54
"60QB000586",68,45,23
"60QB000587",91,49,42
"60QB000588",107,34,73
"60QB000589",142,45,97
"60QB000590",140,50,90
"60QB000591",127,55,72
"60QB000592",123,51,72
"60QB000593",71,45,26
"60QB000594",101,46,55
"60QB000595",106,46,60
"60QB000596",132,52,80
"60QB000597",156,54,102
"60QB000598",176,94,82
"60QB000599",93,40,53
"60QB000600",164,67,97
"60QB000601",151,82,69
"60QB000602",105,53,52
"60QB000603",93,54,39
"60QB000604",111,56,55
"60QB000605",156,80,76
"60QB000606",106,45,61
"60QB000607",91,34,57
"60QB000608",70,20,50
"60QB000609",145,50,95
"60QB000610",155,61,94
"60QB000611",90,45,45
"60QB000612",133,51,82
"60QB000613",104,38,66
"60QB000614",156,36,120
"60QB000615",105,32,73
"60QB000616",181,99,82
"60QB000617",122,49,73
"60QB000618",115,46,69
"60QB000619",85,48,37
"60QB000620",91,35,56
"60QB000621",87,24,63
"60QB000622",105,27,78
"60QB000623",82,40,42
"60QB000624",48,16,32
"60QB000625",141,52,89
"60QB000626",64,33,31
"60QB000627",89,33,56
"60QB000628",52,20,32
"60QB000629",99,41,58
"60QB000630",71,31,40
"60QB000631",116,81,35
"60QB000632",64,40,24
"60QB000633",122,40,82
"60QB000634",108,52,56
"60QB000635",101,46,55
"60QB000636",172,73,99
"60QB000637",137,68,69
"60QB000638",156,58,98
"60QB000639",173,46,127
"60QB000640",142,51,91
"60QB000641",70,40,30
"60QB000642",119,76,43
"60QB000643",123,69,54
"60QB000644",75,44,31
"60QB000645",117,57,60
"60QB000646",69,30,39
"60QB000647",99,71,28
"60QB000648",100,40,60
"60QB000649",88,62,26
"60QB000650",94,36,58
"60QB000651",127,45,82
"60QB000652",65,25,40
"60QB000653",84,60,24
"60QB000654",59,35,24
"60QB000655",102,40,62
"60QB000656",118,52,66
"60QB000657",133,47,86
"60QB000658",102,33,69
"60QB000659",89,38,51
"60QB000660",113,37,76
"60QB000661",49,25,24
"60QB000662",110,26,84
"60QB000663",159,49,110
"60QB000664",179,62,117
"60QB000665",96,36,60
"60QB000666",165,51,114
"60QB000667",147,69,78
"60QB000668",127,39,88
"60QB000669",142,40,102
"60QB000670",115,53,62
"60QB000671",100,31,69
"60QB000672",90,42,48
"60QB000673",107,51,56
"60QB000674",125,54,71
"60QB000675",122,53,69
"60QB000676",145,57,88
"60QB000677",97,25,72
"60QB000678",119,47,72
"60QB000679",129,71,58
"60QB000680",77,25,52
"60QB000681",104,44,60
"60QB000682",67,32,35
"60QB000683",72,34,38
"60QB000684",77,42,35
"60QB000685",140,64,76
"60QB000686",91,35,56
"60QB000687",76,47,29
"60QB000688",98,52,46
"60QB000689",84,32,52
"60QB000690",126,61,65
"60QB000691",133,32,101
"60QB000692",96,28,68
"60QB000693",99,26,73
"60QB000694",106,40,66
"60QB000695",106,34,72
"60QB000696",116,30,86
"60QB000697",94,38,56
"60QB000698",80,23,57
"60QB000699",123,51,72
"60QB000700",119,47,72
"60QB000701",117,36,81
"60QB000702",129,44,85
"60QB000703",123,43,80
"60QB000704",105,35,70
"60QB000705",142,47,95
"60QB000706",74,19,55
"60QB000707",162,90,72
"60QB000708",99,49,50
"60QB000709",77,27,50
"60QB000710",54,38,16
"60QB000711",131,42,89
"60QB000712",233,85,148
"60QB000713",102,36,66
"60QB000714",82,30,52
"60QB000715",133,45,88
"60QB000716",80,24,56
"60QB000717",120,65,55
"60QB000718",105,55,50
"60QB000719",80,54,26
"60QB000720",119,41,78
"60QB000721",90,27,63
"60QB000722",114,45,69
"60QB000723",121,59,62
"60QB000724",87,40,47
"60QB000725",70,33,37
"60QB000726",77,21,56
"60QB000727",96,32,64
"60QB000728",79,29,50
"60QB000729",128,63,65
"60QB000730",103,41,62
"60QB000731",137,53,84
"60QB000732",69,37,32
"60QB000733",126,64,62
"60QB000734",82,33,49
"60QB000735",48,16,32
"60QB000736",130,53,77
"60QB000737",84,22,62
"60QB000738",109,55,54
"60QB000739",102,52,50
"60QB000740",129,66,63
"60QB000741",107,49,58
"60QB000742",112,48,64
"60QB000743",126,68,58
"60QB000744",119,51,68
"60QB000745",131,74,57
"60QB000746",116,65,51
"60QB000747",95,43,52
"60QB000748",79,45,34
"60QB000749",182,90,92
"60QB000750",126,66,60
"60QB000751",84,24,60
"60QB000752",99,50,49
"60QB000753",126,60,66
"60QB000754",62,43,19
"60QB000755",149,75,74
"60QB000756",82,58,24
"60QB000757",95,52,43
"60QB000758",76,45,31
"60QB000759",49,22,27
"60QB000760",76,46,30
"60QB000761",93,49,44
"60QB000762",88,42,46
"60QB000763",101,59,42
"60QB000764",153,72,81
"60QB000765",129,65,64
"60QB000766",89,46,43
"60QB000767",63,35,28
"60QB000768",94,16,78
"60QB000769",250,165,85
"60QB000770",142,70,72
"60QB000771",86,42,44
"60QB000772",87,37,50
"60QB000773",130,60,70
"60QB000774",110,47,63
"60QB000775",416,285,131
"60QB000776",104,42,62
"60QB000777",139,58,81
"60QB000778",117,49,68
"60QB000779",66,12,54
"60QB000780",54,28,26
"60QB000781",87,47,40
"60QB000782",147,47,100
"60QB000783",65,31,34
"60QB000784",129,53,76
"60QB000785",65,31,34
"60QB000786",121,47,74
"60QB000787",140,43,97
"60QB000788",131,59,72
"60QB000789",90,19,71
"60QB000790",123,61,62
"60QB000791",123,47,76
"60QB000792",61,15,46
"60QB000793",44,10,34
"60QB000794",143,42,101
"60QB000795",83,21,62
"60QB000796",76,40,36
"60QB000797",91,46,45
"60QB000798",84,34,50
"60QB000799",119,40,79
"60QB000800",138,80,58
"60QB000801",87,46,41
"60QB000802",87,61,26
"60QB000803",112,52,60
"60QB000804",64,42,22
"60QB000805",110,71,39
"60QB000806",78,36,42
"60QB000807",65,45,20
"60QB000808",182,52,130
"60QB000809",137,46,91
"60QB000810",61,21,40
"60QB000811",107,43,64
"60QB000812",67,25,42
"60QB000813",54,18,36
"60QB000814",45,9,36
"60QB000815",61,19,42
"60QB000816",101,55,46
"60QB000817",182,105,77
"60QB000818",117,55,62
"60QB000819",83,59,24
"60QB000820",81,60,21
"60QB000821",73,44,29
"60QB000822",64,35,29
"60QB000823",104,24,80
"60QB000824",115,35,80
"60QB000825",82,40,42
"60QB000826",112,30,82
"60QB000827",105,51,54
"60QB000828",114,55,59
"60QB000829",97,40,57
"60QB000830",152,84,68
"60QB000831",104,69,35
"60QB000832",106,49,57
"60QB000833",65,49,16
"60QB000834",72,44,28
"60QB000835",74,48,26
"60QB000836",87,57,30
"60QB000837",74,43,31
"60QB000838",122,58,64
"60QB000839",73,39,34
"60QB000840",99,43,56
"60QB000841",136,55,81
"60QB000842",110,45,65
"60QB000843",108,59,49
"60QB000844",166,75,91
"60QB000845",66,37,29
"60QB000846",90,65,25
"60QB000847",79,47,32
"60QB000848",94,46,48
"60QB000849",59,45,14
"60QB000850",88,53,35
"60QB000851",86,66,20
"60QB000852",68,42,26
"60QB000853",98,40,58
"60QB000854",108,36,72
"60QB000855",57,44,13
"60QB000856",67,42,25
"60QB000857",92,52,40
"60QB000858",83,66,17
"60QB000859",75,33,42
"60QB000860",66,45,21
"60QB000861",77,60,17
"60QB000862",78,54,24
"60QB000863",32,30,2
"60QB000864",67,57,10
"60QB000865",71,62,9
"60QB000866",50,27,23
"60QB000867",68,47,21
"60QB000868",65,35,30
"60QB000869",47,39,8
"60QB000870",46,17,29
"60QB000871",80,38,42
"60QB000872",87,41,46
"60QB000873",154,64,90
"60QB000874",68,24,44
"60QB000875",63,29,34
"60QB000876",132,45,87
"60QB000877",142,34,108
"60QB000878",47,15,32
"60QB000879",99,7,92
"60QB000880",49,1,48
"60QB000881",56,14,42
"60QB000882",93,49,44
"60QB000883",109,45,64
"60QB000884",118,60,58
"60QB000885",112,44,68
"60QB000886",90,26,64
"60QB000887",91,43,48
"60QB000888",46,34,12
"60QB000889",61,26,35
"60QB000890",143,56,87
"60QB000891",46,20,26
"60QB000892",141,79,62
"60QB000893",155,77,78
"60QB000894",86,38,48
"60QB000895",140,43,97
"60QB000896",72,48,24
"60QB000897",85,36,49
"60QB000898",80,24,56
"60QB000899",121,58,63
"60QB000900",113,49,64
"60QB000901",125,43,82
"60QB000902",156,56,100
"60QB000903",118,38,80
"60QB000904",68,32,36
"60QB000905",136,58,78
"60QB000906",102,46,56
"60QB000907",92,49,43
"60QB000908",128,53,75
"60QB000909",119,38,81
"60QB000910",83,30,53
"60QB000911",189,76,113
"60QB000912",140,50,90
"60QB000913",113,61,52
"60QB000914",105,62,43
"60QB000915",84,44,40
"60QB000916",124,52,72
"60QB000917",51,25,26
"60QB000918",97,41,56
"60QB000919",126,49,77
"60QB000920",114,56,58
"60QB000921",121,41,80
"60QB000922",102,36,66
"60QB000923",50,34,16
"60QB000924",122,73,49
"60QB000925",96,55,41
"60QB000926",69,27,42
"60QB000927",122,73,49
"60QB000928",75,38,37
"60QB000929",84,32,52
"60QB000930",158,80,78
"60QB000931",121,69,52
"60QB000932",130,64,66
"60QB000933",81,28,53
"60QB000934",96,46,50
"60QB000935",79,44,35
"60QB000936",116,48,68
"60QB000937",75,37,38
"60QB000938",125,51,74
"60QB000939",105,49,56
"60QB000940",86,50,36
"60QB000941",169,75,94
"60QB000942",132,68,64
"60QB000943",135,63,72
"60QB000944",145,63,82
"60QB000945",110,38,72
"60QB000946",76,30,46
"60QB000947",81,49,32
"60QB000948",90,49,41
"60QB000949",91,28,63
"60QB000950",77,21,56
"60QB000951",206,89,117
"60QB000952",98,46,52
"60QB000953",99,38,61
"60QB000954",77,44,33
"60QB000955",110,70,40
"60QB000956",110,54,56
"60QB000957",159,83,76
"60QB000958",117,56,61
"60QB000959",106,71,35
"60QB000960",94,54,40
"60QB000961",77,28,49
"60QB000962",88,30,58
"60QB000963",82,30,52
"60QB000964",72,32,40
"60QB000965",86,32,54
"60QB000966",76,36,40
"60QB000967",130,65,65
"60QB000968",95,48,47
"60QB000969",77,50,27
"60QB000970",64,47,17
"60QB000971",63,39,24
"60QB000972",102,68,34
"60QB000973",108,36,72
"60QB000974",73,52,21
"60QB000975",89,36,53
"60QB000976",140,53,87
"60QB000977",127,55,72
"60QB000978",91,41,50
"60QB000979",90,38,52
"60QB000980",102,58,44
"60QB000981",91,45,46
"60QB000982",80,43,37
"60QB000983",84,44,40
"60QB000984",113,56,57
"60QB000985",74,35,39
"60QB000986",83,26,57
"60QB000987",132,80,52
"60QB000988",100,52,48
"60QB000989",90,28,62
"60QB000990",85,37,48
"60QB000991",81,33,48
"60QB000992",87,49,38
"60QB000993",81,53,28
"60QB000994",75,35,40
"60QB000995",103,41,62
"60QB000996",85,38,47
"60QB000997",85,25,60
"60QB000998",97,49,48
"60QB000999",129,55,74
"60QB001000",106,41,65
"60QB001001",52,16,36
"60QB001002",89,39,50
"60QB001003",60,34,26
"60QB001004",113,64,49
"60QB001005",139,72,67
"60QB001006",92,34,58
"60QB001007",85,44,41
"60QB001008",69,39,30
"60QB001009",79,42,37
"60QB001010",87,39,48
"60QB001011",99,59,40
"60QB001012",111,36,75
"60QB001013",62,32,30
"60QB001014",85,38,47
"60QB001015",94,31,63
"60QB001016",75,29,46
"60QB001017",90,29,61
"60QB001018",125,55,70
"60QB001019",119,41,78
"60QB001020",95,48,47
"60QB001021",87,29,58
"60QB001022",130,54,76
"60QB001023",96,46,50
"60QB001024",153,55,98
"60QB001025",112,67,45
"60QB001026",110,62,48
"60QB001027",73,37,36
"60QB001028",152,72,80
"60QB001029",82,19,63
"60QB001030",84,20,64
"60QB001031",133,47,86
"60QB001032",72,18,54
"60QB001033",90,20,70
"60QB001034",124,38,86
"60QB001035",160,53,107
"60QB001036",150,71,79
"60QB001037",108,51,57
"60QB001038",64,28,36
"60QB001039",142,66,76
"60QB001040",76,30,46
"60QB001041",110,64,46
"60QB001042",61,23,38
"60QB001043",126,63,63
"60QB001044",131,69,62
"60QB001045",91,47,44
"60QB001046",95,44,51
"60QB001047",103,59,44
"60QB001048",107,23,84
"60QB001049",173,86,87
"60QB001050",59,17,42
"60QB001051",138,71,67
"60QB001052",96,47,49
"60QB001053",42,28,14
"60QB001054",107,48,59
"60QB001055",86,45,41
"60QB001056",86,52,34
"60QB001057",87,59,28
"60QB001058",51,44,7
"60QB001059",78,48,30
"60QB001060",66,48,18
"60QB001061",116,45,71
"60QB001062",144,51,93
"60QB001063",118,48,70
"60QB001064",85,37,48
"60QB001065",47,38,9
"60QB001066",131,55,76
"60QB001067",89,72,17
"60QB001068",57,40,17
"60QB001069",53,36,17
"60QB001070",97,48,49
"60QB001071",108,74,34
"60QB001072",70,44,26
"60QB001073",71,31,40
"60QB001074",143,62,81
"60QB001075",88,65,23
"60QB001076",58,33,25
"60QB001077",124,75,49
"60QB001078",129,31,98
"60QB001079",81,56,25
"60QB001080",114,54,60
"60QB001081",144,57,87
"60QB001082",134,53,81
"60QB001083",103,71,32
"60QB001084",133,69,64
"60QB001085",117,65,52
"60QB001086",51,31,20
"60QB001087",49,27,22
"60QB001088",58,13,45
"60QB001089",148,41,107
"60QB001090",136,43,93
"60QB001091",121,43,78
"60QB001092",91,35,56
"60QB001093",94,39,55
"60QB001094",182,50,132
"60QB001095",139,49,90
"60QB001096",101,31,70
"60QB001097",87,29,58
"60QB001098",76,35,41
"60QB001099",112,46,66
"60QB001100",147,61,86
"60QB001101",91,56,35
"60QB001102",109,31,78
"60QB001103",79,32,47
"60QB001104",116,54,62
"60QB001105",73,41,32
"60QB001106",64,39,25
"60QB001107",50,17,33
"60QB001108",102,48,54
"60QB001109",61,29,32
"60QB001110",62,19,43
"60QB001111",42,24,18
"60QB001112",135,37,98
"60QB001113",104,42,62
"60QB001114",181,89,92
"60QB001115",87,29,58
"60QB001116",100,25,75
"60QB001117",57,25,32
"60QB001118",78,21,57
"60QB001119",50,11,39
"60QB001120",88,22,66
"60QB001121",42,12,30
"60QB001122",44,6,38
"60QB001123",65,9,56
"60QB001124",145,33,112
"60QB001125",113,38,75
"60QB001126",89,38,51
"60QB001127",115,29,86
"60QB001128",45,14,31
"60QB001129",57,32,25
"60QB001130",107,31,76
"60QB001131",107,23,84
"60QB001132",65,25,40
"60QB001133",133,52,81
"60QB001134",51,15,36
"60QB001135",66,14,52
"60QB001136",63,27,36
"60QB001137",125,40,85
"60QB001138",100,40,60
"60QB001139",73,28,45
"60QB001140",119,47,72
"60QB001141",156,54,102
"60QB001142",53,51,2
"60QB001143",120,64,56
"60QB001144",105,38,67
"60QB001145",81,25,56
"60QB001146",86,26,60
"60QB001147",97,22,75
"60QB001148",67,29,38
"60QB001149",70,36,34
"60QB001150",101,25,76
"60QB001151",92,30,62
"60QB001152",104,46,58
"60QB001153",97,55,42
"60QB001154",92,36,56
"60QB001155",77,41,36
"60QB001156",58,21,37
"60QB001157",148,37,111
"60QB001158",66,24,42
"60QB001159",56,14,42
"60QB001160",86,33,53
"60QB001161",86,55,31
"60QB001162",58,25,33
"60QB001163",76,22,54
"60QB001164",73,35,38
"60QB001165",77,38,39
"60QB001166",145,35,110
"60QB001167",152,59,93
"60QB001168",73,23,50
"60QB001169",52,18,34
"60QB001170",69,22,47
"60QB001171",95,21,74
"60QB001172",53,21,32
"60QB001173",73,26,47
"60QB001174",70,50,20
"60QB001175",53,27,26
"60QB001176",50,34,16
"60QB001177",107,88,19
"60QB001178",83,19,64
"60QB001179",85,29,56
"60QB001180",64,26,38
"60QB001181",60,12,48
"60QB001182",51,22,29
"60QB001183",47,13,34
"60QB001184",69,13,56
"60QB001185",106,52,54
"60QB001186",111,37,74
"60QB001187",99,35,64
"60QB001188",43,17,26
"60QB001189",69,25,44
"60QB001190",129,49,80
"60QB001191",50,44,6
"60QB001192",55,27,28
"60QB001193",141,39,102
"60QB001194",93,28,65
"60QB001195",85,33,52
"60QB001196",59,28,31
"60QB001197",61,41,20
"60QB001198",87,15,72
"60QB001199",59,26,33
"60QB001200",86,16,70
"60QB001201",49,25,24
"60QB001202",75,33,42
"60QB001203",73,27,46
"60QB001204",115,64,51
"60QB001205",128,28,100
"60QB001206",70,24,46
"60QB001207",123,37,86
"60QB001208",96,35,61
"60QB001209",100,39,61
"60QB001210",116,29,87
"60QB001211",53,17,36
"60QB001212",108,31,77
"60QB001213",102,57,45
"60QB001214",67,29,38
"60QB001215",105,41,64
"60QB001216",67,25,42
"60QB001217",71,26,45
"60QB001218",78,34,44
"60QB001219",64,24,40
"60QB001220",88,38,50
"60QB001221",64,22,42
"60QB001222",99,36,63
"60QB001223",79,41,38
"60QB001224",120,33,87
"60QB001225",89,39,50
"60QB001226",68,14,54
"60QB001227",105,35,70
"60QB001228",103,43,60
"60QB001229",109,33,76
"60QB001230",105,36,69
"60QB001231",108,29,79
"60QB001232",93,39,54
"60QB001233",82,26,56
"60QB001234",159,43,116
"60QB001235",70,20,50
"60QB001236",107,25,82
"60QB001237",83,27,56
"60QB001238",93,39,54
"60QB001239",125,51,74
"60QB001240",124,43,81
"60QB001241",116,50,66
"60QB001242",75,21,54
"60QB001243",58,22,36
"60QB001244",118,44,74
"60QB001245",64,26,38
"60QB001246",119,49,70
"60QB001247",158,44,114
"60QB001248",158,55,103
"60QB001249",149,41,108
"60QB001250",108,27,81
"60QB001251",122,31,91
"60QB001252",79,34,45
"60QB001253",93,31,62
"60QB001254",46,29,17
"60QB001255",87,19,68
"60QB001256",106,30,76
"60QB001257",94,26,68
"60QB001258",110,38,72
"60QB001259",77,25,52
"60QB001260",87,27,60
"60QB001261",76,23,53
"60QB001262",79,24,55
"60QB001263",79,23,56
"60QB001264",80,28,52
"60QB001265",62,20,42
"60QB001266",53,21,32
"60QB001267",56,20,36
"60QB001268",57,26,31
"60QB001269",138,43,95
"60QB001270",71,19,52
"60QB001271",53,17,36
"60QB001272",87,29,58
"60QB001273",106,43,63
"60QB001274",61,34,27
"60QB001275",148,68,80
"60QB001276",111,42,69
"60QB001277",78,36,42
"60QB001278",87,43,44
"60QB001279",104,20,84
"60QB001280",65,18,47
"60QB001281",101,44,57
"60QB001282",56,16,40
"60QB001283",55,35,20
"60QB001284",114,40,74
"60QB001285",60,43,17
"60QB001286",156,37,119
"60QB001287",77,31,46
"60QB001288",79,38,41
"60QB001289",75,21,54
"60QB001290",51,21,30
"60QB001291",182,81,101
"60QB001292",67,18,49
"60QB001293",56,18,38
"60QB001294",72,16,56
"60QB001295",64,11,53
"60QB001296",82,39,43
"60QB001297",105,39,66
"60QB001298",99,45,54
"60QB001299",74,34,40
"60QB001300",105,33,72
"60QB001301",77,21,56
"60QB001302",67,13,54
"60QB001303",154,43,111
"60QB001304",150,53,97
"60QB001305",72,40,32
"60QB001306",50,24,26
"60QB001307",115,54,61
"60QB001308",79,31,48
"60QB001309",114,69,45
"60QB001310",73,30,43
"60QB001311",126,62,64
"60QB001312",108,28,80
"60QB001313",75,21,54
"60QB001314",54,23,31
"60QB001315",166,78,88
"60QB001316",175,87,88
"60QB001317",58,36,22
"60QB001318",69,15,54
"60QB001319",120,32,88
"60QB001320",121,61,60
"60QB001321",84,36,48
"60QB001322",126,22,104
"60QB001323",66,16,50
"60QB001324",92,35,57
"60QB001325",186,133,53
"60QB001326",83,35,48
"60QB001327",83,19,64
"60QB001328",127,57,70
"60QB001329",85,24,61
"60QB001330",139,53,86
"60QB001331",62,28,34
"60QB001332",122,42,80
"60QB001333",70,34,36
"60QB001334",91,23,68
"60QB001335",83,39,44
"60QB001336",114,36,78
"60QB001337",122,31,91
"60QB001338",106,37,69
"60QB001339",94,30,64
"60QB001340",95,35,60
"60QB001341",84,38,46
"60QB001342",94,24,70
"60QB001343",80,24,56
"60QB001344",76,35,41
"60QB001345",80,29,51
"60QB001346",108,31,77
"60QB001347",107,35,72
"60QB001348",96,30,66
"60QB001349",89,40,49
"60QB001350",93,21,72
"60QB001351",132,37,95
"60QB001352",99,34,65
"60QB001353",86,28,58
"60QB001354",129,57,72
"60QB001355",45,21,24
"60QB001356",107,36,71
"60QB001357",93,49,44
"60QB001358",47,25,22
"60QB001359",97,49,48
"60QB001360",98,27,71
"60QB001361",106,22,84
"60QB001362",77,27,50
"60QB001363",79,25,54
"60QB001364",143,57,86
"60QB001365",55,13,42
"60QB001366",130,31,99
"60QB001367",52,22,30
"60QB001368",102,38,64
"60QB001369",93,33,60
"60QB001370",101,35,66
"60QB001371",70,20,50
"60QB001372",88,27,61
"60QB001373",93,31,62
"60QB001374",127,39,88
"60QB001375",49,14,35
"60QB001376",74,23,51
"60QB001377",114,37,77
"60QB001378",95,38,57
"60QB001379",87,29,58
"60QB001380",85,35,50
"60QB001381",164,45,119
"60QB001382",169,52,117
"60QB001383",41,14,27
"60QB001384",91,38,53
"60QB001385",65,31,34
"60QB001386",69,29,40
"60QB001387",104,30,74
"60QB001388",63,24,39
"60QB001389",92,41,51
"60QB001390",80,32,48
"60QB001391",69,26,43
"60QB001392",94,39,55
"60QB001393",101,59,42
"60QB001394",71,45,26
"60QB001395",78,33,45
"60QB001396",101,44,57
"60QB001397",124,49,75
"60QB001398",110,43,67
"60QB001399",126,44,82
"60QB001400",85,19,66
"60QB001401",140,48,92
"60QB001402",85,39,46
"60QB001403",129,46,83
"60QB001404",64,26,38
"60QB001405",127,85,42
"60QB001406",86,26,60
"60QB001407",200,62,138
"60QB001408",90,26,64
"60QB001409",87,29,58
"60QB001410",154,57,97
"60QB001411",89,40,49
"60QB001412",84,32,52
"60QB001413",166,67,99
"60QB001414",105,17,88
"60QB001415",142,97,45
"60QB001416",76,34,42
"60QB001417",76,36,40
"60QB001418",80,38,42
"60QB001419",97,37,60
"60QB001420",150,39,111
"60QB001421",73,23,50
"60QB001422",92,14,78
"60QB001423",92,38,54
"60QB001424",96,28,68
"60QB001425",71,41,30
"60QB001426",83,33,50
"60QB001427",141,53,88
"60QB001428",162,46,116
"60QB001429",112,55,57
"60QB001430",114,29,85
"60QB001431",68,52,16
"60QB001432",78,56,22
"60QB001433",72,27,45
"60QB001434",125,39,86
"60QB001435",65,35,30
"60QB001436",74,45,29
"60QB001437",157,74,83
"60QB001438",148,34,114
"60QB001439",55,39,16
"60QB001440",78,49,29
"60QB001441",64,19,45
"60QB001442",119,23,96
"60QB001443",92,30,62
"60QB001444",85,35,50
"60QB001445",101,51,50
"60QB001446",45,10,35
"60QB001447",197,53,144
"60QB001448",48,16,32
"60QB001449",124,41,83
"60QB001450",64,16,48
"60QB001451",108,56,52
"60QB001452",51,32,19
"60QB001453",158,53,105
"60QB001454",116,29,87
"60QB001455",97,41,56
"60QB001456",162,50,112
"60QB001457",43,11,32
"60QB001458",86,40,46
"60QB001459",66,33,33
"60QB001460",93,23,70
"60QB001461",148,31,117
"60QB001462",119,33,86
"60QB001463",92,29,63
"60QB001464",168,54,114
"60QB001465",100,29,71
"60QB001466",70,24,46
"60QB001467",123,52,71
"60QB001468",114,39,75
"60QB001469",116,34,82
"60QB001470",71,13,58
"60QB001471",149,68,81
"60QB001472",61,17,44
"60QB001473",160,54,106
"60QB001474",104,25,79
"60QB001475",177,83,94
"60QB001476",79,27,52
"60QB001477",178,40,138
"60QB001478",164,82,82
"60QB001479",77,37,40
"60QB001480",116,51,65
"60QB001481",116,56,60
"60QB001482",53,20,33
"60QB001483",131,63,68
"60QB001484",94,44,50
"60QB001485",133,47,86
"60QB001486",64,22,42
"60QB001487",78,27,51
"60QB001488",98,20,78
"60QB001489",48,32,16
"60QB001490",98,38,60
"60QB001491",77,42,35
"60QB001492",112,52,60
"60QB001493",96,47,49
"60QB001494",182,62,120
"60QB001495",66,28,38
"60QB001496",114,52,62
"60QB001497",158,70,88
"60QB001498",73,35,38
"60QB001499",141,33,108
"60QB001500",115,27,88
"60QB001501",92,26,66
"60QB001502",51,39,12
"60QB001503",91,40,51
"60QB001504",127,59,68
"60QB001505",58,24,34
"60QB001506",87,25,62
"60QB001507",112,33,79
"60QB001508",105,37,68
"60QB001509",66,20,46
"60QB001510",84,12,72
"60QB001511",119,45,74
"60QB001512",93,26,67
"60QB001513",125,45,80
"60QB001514",103,25,78
"60QB001515",78,29,49
"60QB001516",80,25,55
"60QB001517",60,40,20
"60QB001518",87,19,68
"60QB001519",84,39,45
"60QB001520",120,32,88
"60QB001521",104,32,72
"60QB001522",92,26,66
"60QB001523",96,34,62
"60QB001524",87,34,53
"60QB001525",101,36,65
"60QB001526",167,42,125
"60QB001527",106,58,48
"60QB001528",87,34,53
"60QB001529",106,65,41
"60QB001530",66,24,42
"60QB001531",68,35,33
"60QB001532",117,51,66
"60QB001533",117,63,54
"60QB001534",156,55,101
"60QB001535",85,35,50
"60QB001536",100,47,53
"60QB001537",78,48,30
"60QB001538",85,27,58
"60QB001539",123,64,59
"60QB001540",118,21,97
"60QB001541",115,48,67
"60QB001542",44,27,17
"60QB001543",98,47,51
"60QB001544",104,66,38
"60QB001545",86,46,40
"60QB001546",58,35,23
"60QB001547",93,51,42
"60QB001548",92,50,42
"60QB001549",77,27,50
"60QB001550",109,33,76
"60QB001551",140,53,87
"60QB001552",51,15,36
"60QB001553",100,28,72
"60QB001554",128,48,80
"60QB001555",103,33,70
"60QB001556",89,42,47
"60QB001557",123,33,90
"60QB001558",166,49,117
"60QB001559",111,52,59
"60QB001560",136,47,89
"60QB001561",141,49,92
"60QB001562",70,40,30
"60QB001563",63,36,27
"60QB001564",105,38,67
"60QB001565",56,24,32
"60QB001566",68,34,34
"60QB001567",94,22,72
"60QB001568",106,41,65
"60QB001569",173,61,112
"60QB001570",74,28,46
"60QB001571",108,38,70
"60QB001572",96,30,66
"60QB001573",100,46,54
"60QB001574",61,19,42
"60QB001575",101,15,86
"60QB001576",111,48,63
"60QB001577",55,15,40
"60QB001578",104,40,64
"60QB001579",78,33,45
"60QB001580",110,59,51
"60QB001581",93,37,56
"60QB001582",254,78,176
"60QB001583",66,23,43
"60QB001584",107,31,76
"60QB001585",117,37,80
"60QB001586",95,42,53
"60QB001587",113,51,62
"60QB001588",137,72,65
"60QB001589",215,81,134
"60QB001590",75,31,44
"60QB001591",98,41,57
"60QB001592",116,62,54
"60QB001593",90,31,59
"60QB001594",61,29,32
"60QB001595",76,17,59
"60QB001596",111,33,78
"60QB001597",72,47,25
"60QB001598",87,35,52
"60QB001599",161,78,83
"60QB001600",85,31,54
"60QB001601",209,115,94
"60QB001602",73,21,52
"60QB001603",110,34,76
"60QB001604",135,44,91
"60QB001605",124,36,88
"60QB001606",76,31,45
"60QB001607",90,44,46
"60QB001608",95,33,62
"60QB001609",66,34,32
"60QB001610",83,27,56
"60QB001611",79,32,47
"60QB001612",94,26,68
"60QB001613",153,49,104
"60QB001614",202,73,129
"60QB001615",81,38,43
"60QB001616",110,39,71
"60QB001617",60,36,24
"60QB001618",44,21,23
"60QB001619",168,80,88
"60QB001620",112,32,80
"60QB001621",72,24,48
"60QB001622",80,37,43
"60QB001623",47,31,16
"60QB001624",83,38,45
"60QB001625",99,51,48
"60QB001626",271,94,177
"60QB001627",160,92,68
"60QB001628",92,58,34
"60QB001629",175,59,116
"60QB001630",77,32,45
"60QB001631",116,28,88
"60QB001632",90,24,66
"60QB001633",135,71,64
"60QB001634",153,66,87
"60QB001635",76,39,37
"60QB001636",108,49,59
"60QB001637",119,42,77
"60QB001638",84,28,56
"60QB001639",96,45,51
"60QB001640",75,36,39
"60QB001641",58,38,20
"60QB001642",128,56,72
"60QB001643",58,22,36
"60QB001644",112,23,89
"60QB001645",122,38,84
"60QB001646",99,35,64
"60QB001647",61,15,46
"60QB001648",79,29,50
"60QB001649",84,41,43
"60QB001650",112,38,74
"60QB001651",139,62,77
"60QB001652",60,24,36
"60QB001653",75,17,58
"60QB001654",94,34,60
"60QB001655",78,29,49
"60QB001656",74,28,46
"60QB001657",109,44,65
"60QB001658",96,28,68
"60QB001659",37,15,22
"60QB001660",121,62,59
"60QB001661",74,38,36
"60QB001662",51,37,14
"60QB001663",88,32,56
"60QB001664",66,28,38
"60QB001665",106,66,40
"60QB001666",92,52,40
"60QB001667",172,62,110
"60QB001668",46,24,22
"60QB001669",110,56,54
"60QB001670",97,17,80
"60QB001671",67,28,39
"60QB001672",191,103,88
"60QB001673",87,43,44
"60QB001674",117,61,56
"60QB001675",51,21,30
"60QB001676",143,71,72
"60QB001677",98,29,69
"60QB001678",123,50,73
"60QB001679",43,21,22
"60QB001680",79,44,35
"60QB001681",100,58,42
"60QB001682",126,52,74
"60QB001683",127,49,78
"60QB001684",79,35,44
"60QB001685",97,31,66
"60QB001686",113,62,51
"60QB001687",85,33,52
"60QB001688",96,42,54
"60QB001689",73,29,44
"60QB001690",174,57,117
"60QB001691",95,21,74
"60QB001692",168,42,126
"60QB001693",159,78,81
"60QB001694",169,83,86
"60QB001695",140,78,62
"60QB001696",71,53,18
"60QB001697",67,35,32
"60QB001698",85,39,46
"60QB001699",96,49,47
"60QB001700",126,46,80
"60QB001701",78,26,52
"60QB001702",187,79,108
"60QB001703",162,86,76
"60QB001704",69,34,35
"60QB001705",87,36,51
"60QB001706",126,52,74
"60QB001707",69,35,34
"60QB001708",88,34,54
"60QB001709",81,35,46
"60QB001710",179,98,81
"60QB001711",135,73,62
"60QB001712",58,17,41
"60QB001713",219,88,131
"60QB001714",171,76,95
"60QB001715",102,41,61
"60QB001716",405,165,240
"60QB001717",83,54,29
"60QB001718",50,42,8
"60QB001719",138,69,69
"60QB001720",105,29,76
"60QB001721",235,97,138
"60QB001722",54,34,20
"60QB001723",108,26,82
"60QB001724",79,37,42
"60QB001725",236,121,115
"60QB001726",121,24,97
"60QB001727",52,9,43
"60QB001728",89,71,18
"60QB001729",94,56,38
"60QB001730",106,36,70
"60QB001731",65,30,35
"60QB001732",81,51,30
"60QB001733",68,38,30
"60QB001734",111,53,58
"60QB001735",68,16,52
"60QB001736",135,47,88
"60QB001737",97,17,80
"60QB001738",127,29,98
"60QB001739",90,22,68
"60QB001740",86,15,71
"60QB001741",116,33,83
"60QB001742",85,23,62
"60QB001743",137,33,104
"60QB001744",85,23,62
"60QB001745",81,16,65
"60QB001746",86,22,64
"60QB001747",75,27,48
"60QB001748",266,96,170
"60QB001749",72,19,53
"60QB001750",106,43,63
"60QB001751",83,39,44
"60QB001752",103,33,70
"60QB001753",102,36,66
"60QB001754",81,28,53
"60QB001755",85,29,56
"60QB001756",96,26,70
"60QB001757",76,36,40
"60QB001758",111,53,58
"60QC000001",43,23,20
"60QC000002",50,22,28
"60QC000003",162,43,119
"60QC000004",120,38,82
"60QC000005",90,40,50
"60QC000006",161,47,114
"60QC000007",105,35,70
"60QC000008",113,47,66
"60QC000009",80,26,54
"60QC000010",130,44,86
"60QC000011",65,31,34
"60QC000012",71,31,40
"60QC000013",86,43,43
"60QC000014",133,47,86
"60QC000015",110,36,74
"60QC000016",50,22,28
"60QC000017",120,43,77
"60QC000018",155,51,104
"60QC000019",139,45,94
"60QC000020",124,41,83
"60QC000021",77,21,56
"60QC000022",118,41,77
"60QC000023",47,17,30
"60QC000024",92,37,55
"60QC000025",87,33,54
"60QC000026",93,33,60
"60QC000027",105,31,74
"60QC000028",82,32,50
"60QC000029",81,27,54
"60QC000030",88,41,47
"60QC000031",90,35,55
"60QC000032",78,22,56
"60QC000033",116,37,79
"60QC000034",70,31,39
"60QC000035",77,29,48
"60QC000036",88,30,58
"60QC000037",73,15,58
"60QC000038",59,21,38
"60QC000039",84,28,56
"60QC000040",91,35,56
"60QC000041",94,48,46
"60QC000042",77,34,43
"60QC000043",133,51,82
"60QC000044",80,26,54
"60QC000045",97,35,62
"60QC000046",100,40,60
"60QC000047",193,119,74
"60QC000048",70,34,36
"60QC000049",61,19,42
"60QC000050",70,32,38
"60QC000051",81,35,46
"60QC000052",51,15,36
"60QC000053",120,43,77
"60QC000054",129,47,82
"60QC000055",159,51,108
"60QC000056",106,36,70
"60QC000057",63,25,38
"60QC000058",120,46,74
"60QC000059",124,42,82
"60QC000060",114,44,70
"60QC000061",66,21,45
"60QC000062",62,24,38
"60QC000063",61,27,34
"60QC000064",57,26,31
"60QC000065",65,19,46
"60QC000066",86,32,54
"60QC000067",127,36,91
"60QC000068",78,33,45
"60QC000069",64,22,42
"60QC000070",107,36,71
"60QC000071",100,38,62
"60QC000072",116,71,45
"60QC000073",68,32,36
"60QC000074",87,27,60
"60QC000075",81,29,52
"60QC000076",98,29,69
"60QC000077",150,52,98
"60QC000078",109,55,54
"60QC000079",42,14,28
"60QC000080",105,37,68
"60QC000081",70,19,51
"60QC000082",156,50,106
"60QC000083",96,40,56
"60QC000084",85,29,56
"60QC000085",88,26,62
"60QC000086",68,22,46
"60QC000087",128,41,87
"60QC000088",448,338,110
"60QC000089",58,17,41
"60QC000090",107,28,79
"60QC000091",122,55,67
"60QC000092",67,29,38
"60QC000093",86,34,52
"60QC000094",48,13,35
"60QC000095",83,25,58
"60QC000096",182,81,101
"60QC000097",75,37,38
"60QC000098",80,36,44
"60QC000099",146,62,84
"60QC000100",101,48,53
"60QC000101",107,31,76
"60QC000102",55,17,38
"60QC000103",56,21,35
"60QC000104",68,22,46
"60QC000105",97,29,68
"60QC000106",141,43,98
"60QC000107",47,9,38
"60QC000108",88,30,58
"60QC000109",91,48,43
"60QC000110",103,41,62
"60QC000111",89,34,55
"60QC000112",82,20,62
"60QC000113",146,106,40
"60QC000114",76,38,38
"60QC000115",139,59,80
"60QC000116",74,38,36
"60QC000117",44,8,36
"60QC000118",122,62,60
"60QC000119",76,40,36
"60QC000120",101,33,68
"60QC000121",97,41,56
"60QC000122",80,36,44
"60QC000123",100,52,48
"60QC000124",82,36,46
"60QC000125",92,29,63
"60QC000126",99,33,66
"60QC000127",95,27,68
"60QC000128",120,45,75
"60QC000129",139,47,92
"60QC000130",110,41,69
"60QC000131",105,41,64
"60QC000132",64,34,30
"60QC000133",100,27,73
"60QC000134",128,38,90
"60QC000135",120,36,84
"60QC000136",83,21,62
"60QC000137",89,18,71
"60QC000138",113,25,88
"60QC000139",142,41,101
"60QC000140",126,46,80
"60QC000141",93,25,68
"60QC000142",132,27,105
"60QC000143",101,37,64
"60QC000144",91,35,56
"60QC000145",209,122,87
"60QC000146",107,35,72
"60QC000147",63,28,35
"60QC000148",118,31,87
"60QC000149",99,24,75
"60QC000150",89,59,30
"60QC000151",62,36,26
"60QC000152",101,32,69
"60QC000153",100,46,54
"60QC000154",99,31,68
"60QC000155",136,36,100
"60QC000156",102,42,60
"60QC000157",110,65,45
"60QC000158",80,56,24
"60QC000159",80,57,23
"60QC000160",102,31,71
"60QC000161",125,47,78
"60QC000162",101,35,66
"60QC000163",87,33,54
"60QC000164",81,38,43
"60QC000165",128,49,79
"60QC000166",119,41,78
"60QC000167",72,28,44
"60QC000168",71,31,40
"60QC000169",67,31,36
"60QC000170",72,49,23
"60QC000171",111,42,69
"60QC000172",118,38,80
"60QC000173",125,41,84
"60QC000174",70,29,41
"60QC000175",113,33,80
"60QC000176",107,47,60
"60QC000177",125,66,59
"60QC000178",114,40,74
"60QC000179",169,51,118
"60QC000180",107,33,74
"60QC000181",144,52,92
"60QC000182",95,41,54
"60QC000183",137,54,83
"60QC000184",140,46,94
"60QC000185",75,29,46
"60QC000186",102,38,64
"60QC000187",98,48,50
"60QC000188",81,41,40
"60QC000189",82,19,63
"60QC000190",104,50,54
"60QC000191",112,47,65
"60QC000192",80,26,54
"60QC000193",140,44,96
"60QC000194",72,18,54
"60QC000195",135,35,100
"60QC000196",116,34,82
"60QC000197",66,32,34
"60QC000198",112,30,82
"60QC000199",96,48,48
"60QC000200",62,30,32
"60QC000201",96,24,72
"60QC000202",88,46,42
"60QC000203",64,36,28
"60QC000204",79,35,44
"60QC000205",92,52,40
"60QC000206",110,41,69
"60QC000207",78,24,54
"60QC000208",72,44,28
"60QC000209",85,42,43
"60QC000210",76,43,33
"60QC000211",83,48,35
"60QC000212",93,47,46
"60QC000213",80,34,46
"60QC000214",79,45,34
"60QC000215",78,50,28
"60QC000216",89,41,48
"60QC000217",109,36,73
"60QC000218",129,47,82
"60QC000219",104,36,68
"60QC000220",111,54,57
"60QC000221",93,28,65
"60QC000222",102,46,56
"60QC000223",106,34,72
"60QC000224",107,45,62
"60QC000225",85,39,46
"60QC000226",62,39,23
"60QC000227",95,44,51
"60QC000228",87,52,35
"60QC000229",67,39,28
"60QC000230",103,36,67
"60QC000231",101,52,49
"60QC000232",83,35,48
"60QC000233",68,35,33
"60QC000234",70,20,50
"60QC000235",76,52,24
"60QC000236",76,42,34
"60QC000237",91,49,42
"60QC000238",61,25,36
"60QC000239",110,45,65
"60QC000240",118,52,66
"60QC000241",67,29,38
"60QC000242",105,36,69
"60QC000243",104,42,62
"60QC000244",141,44,97
"60QC000245",95,42,53
"60QC000246",84,42,42
"60QC000247",163,111,52
"60QC000248",81,59,22
"60QC000249",86,62,24
"60QC000250",71,49,22
"60QC000251",83,53,30
"60QC000252",87,53,34
"60QC000253",48,28,20
"60QC000254",66,53,13
"60QC000255",58,34,24
"60QC000256",74,51,23
"60QC000257",88,52,36
"60QC000258",72,47,25
"60QC000259",79,44,35
"60QC000260",55,29,26
"60QC000261",65,43,22
"60QC000262",101,77,24
"60QC000263",67,31,36
"60QC000264",100,52,48
"60QC000265",74,47,27
"60QC000266",89,64,25
"60QC000267",105,68,37
"60QC000268",92,68,24
"60QC000269",64,42,22
"60QC000270",65,44,21
"60QC000271",80,37,43
"60QC000272",94,64,30
"60QC000273",79,55,24
"60QC000274",60,46,14
"60QC000275",65,55,10
"60QC000276",70,54,16
"60QC000277",120,68,52
"60QC000278",111,47,64
"60QC000279",84,42,42
"60QC000280",65,39,26
"60QC000281",79,50,29
"60QC000282",60,39,21
"60QC000283",94,55,39
"60QC000284",69,39,30
"60QC000285",73,51,22
"60QC000286",134,58,76
"60QC000287",120,65,55
"60QC000288",71,47,24
"60QC000289",105,59,46
"60QC000290",54,20,34
"60QC000291",55,41,14
"60QC000292",39,27,12
"60QC000293",57,45,12
"60QC000294",104,77,27
"60QC000295",121,54,67
"60QC000296",122,42,80
"60QC000297",76,20,56
"60QC000298",121,32,89
"60QC000299",91,38,53
"60QC000300",94,50,44
"60QC000301",87,61,26
"60QC000302",109,37,72
"60QC000303",101,35,66
"60QC000304",105,25,80
"60QC000305",90,24,66
"60QC000306",81,23,58
"60QC000307",81,23,58
"60QC000308",80,56,24
"60QC000309",74,42,32
"60QC000310",102,24,78
"60QC000311",116,54,62
"60QC000312",73,47,26
"60QC000313",79,39,40
"60QC000314",87,41,46
"60QC000315",85,33,52
"60QC000316",97,36,61
"60QC000317",111,55,56
"60QC000318",82,46,36
"60QC000319",69,45,24
"60QC000320",140,41,99
"60QC000321",89,18,71
"60QC000322",216,59,157
"60QC000323",96,74,22
"60QC000324",92,56,36
"60QC000325",82,44,38
"60QC000326",65,21,44
"60QC000327",120,40,80
"60QC000328",68,38,30
"60QC000329",55,21,34
"60QC000330",110,73,37
"60QC000331",65,25,40
"60QC000332",76,14,62
"60QC000333",105,39,66
"60QC000334",81,22,59
"60QC000335",61,32,29
"60QC000336",51,17,34
"60QC000337",108,39,69
"60QC000338",107,66,41
"60QC000339",83,47,36
"60QC000340",64,33,31
"60QC000341",124,58,66
"60QC000342",79,51,28
"60QC000343",115,83,32
"60QC000344",140,66,74
"60QC000345",86,38,48
"60QC000346",70,36,34
"60QC000347",93,32,61
"60QC000348",77,41,36
"60QC000349",115,57,58
"60QC000350",89,54,35
"60QC000351",121,61,60
"60QC000352",122,61,61
"60QC000353",105,53,52
"60QC000354",66,30,36
"60QC000355",89,55,34
"60QC000356",72,36,36
"60QC000357",104,52,52
"60QC000358",49,29,20
"60QC000359",162,36,126
"60QC000360",133,49,84
"60QC000361",157,52,105
"60QC000362",158,57,101
"60QC000363",84,30,54
"60QC000364",122,77,45
"60QC000365",118,41,77
"60QC000366",115,80,35
"60QC000367",89,41,48
"60QC000368",94,54,40
"60QC000369",160,56,104
"60QC000370",123,57,66
"60QC000371",164,54,110
"60QC000372",142,37,105
"60QC000373",97,33,64
"60QC000374",79,41,38
"60QC000375",120,72,48
"60QC000376",125,45,80
"60QC000377",85,41,44
"60QC000378",132,54,78
"60QC000379",100,24,76
"60QC000380",89,45,44
"60QC000381",67,41,26
"60QC000382",49,31,18
"60QC000383",103,55,48
"60QC000384",120,48,72
"60QC000385",91,37,54
"60QC000386",130,57,73
"60QC000387",79,42,37
"60QC000388",131,81,50
"60QC000389",87,57,30
"60QC000390",92,61,31
"60QC000391",88,42,46
"60QC000392",83,41,42
"60QC000393",36,22,14
"60QC000394",50,36,14
"60QC000395",81,43,38
"60QC000396",89,51,38
"60QC000397",95,47,48
"60QC000398",82,36,46
"60QC000399",75,47,28
"60QC000400",103,46,57
"60QC000401",82,44,38
"60QC000402",96,35,61
"60QC000403",95,35,60
"60QC000404",65,33,32
"60QC000405",145,73,72
"60QC000406",111,53,58
"60QC000407",113,51,62
"60QC000408",104,40,64
"60QC000409",121,44,77
"60QC000410",141,39,102
"60QC000411",146,48,98
"60QC000412",95,26,69
"60QC000413",93,27,66
"60QC000414",109,42,67
"60QC000415",44,17,27
"60QC000416",85,41,44
"60QC000417",115,55,60
"60QC000418",102,56,46
"60QC000419",64,38,26
"60QC000420",116,48,68
"60QC000421",128,50,78
"60QC000422",88,34,54
"60QC000423",129,35,94
"60QC000424",63,21,42
"60QC000425",83,21,62
"60QC000426",67,25,42
"60QC000427",166,43,123
"60QC000428",185,79,106
"60QC000429",143,85,58
"60QC000430",122,64,58
"60QC000431",115,55,60
"60QC000432",79,48,31
"60QC000433",51,31,20
"60QC000434",50,40,10
"60QC000435",59,43,16
"60QC000436",119,63,56
"60QC000437",132,48,84
"60QC000438",129,83,46
"60QC000439",91,43,48
"60QC000440",38,26,12
"60QC000441",108,68,40
"60QC000442",120,67,53
"60QC000443",131,52,79
"60QC000444",109,59,50
"60QC000445",75,49,26
"60QC000446",106,39,67
"60QC000447",94,46,48
"60QC000448",157,45,112
"60QC000449",60,34,26
"60QC000450",85,35,50
"60QC000451",140,70,70
"60QC000452",127,67,60
"60QC000453",67,35,32
"60QC000454",61,29,32
"60QC000455",55,37,18
"60QC000456",51,29,22
"60QC000457",153,64,89
"60QC000458",78,45,33
"60QC000459",73,31,42
"60QC000460",42,10,32
"60QC000461",90,70,20
"60QC000462",86,41,45
"60QC000463",74,34,40
"60QC000464",52,42,10
"60QC000465",95,60,35
"60QC000466",85,62,23
"60QC000467",97,43,54
"60QC000468",104,41,63
"60QC000469",101,57,44
"60QC000470",110,62,48
"60QC000471",101,60,41
"60QC000472",94,39,55
"60QC000473",74,30,44
"60QC000474",91,51,40
"60QC000475",81,51,30
"60QC000476",128,74,54
"60QC000477",138,78,60
"60QC000478",95,43,52
"60QC000479",143,48,95
"60QC000480",100,24,76
"60QC000481",113,28,85
"60QC000482",89,35,54
"60QC000483",110,74,36
"60QC000484",90,24,66
"60QC000485",155,89,66
"60QC000486",70,27,43
"60QC000487",54,24,30
"60QC000488",62,40,22
"60QC000489",65,41,24
"60QC000490",54,28,26
"60QC000491",90,67,23
"60QC000492",61,41,20
"60QC000493",68,49,19
"60QC000494",130,70,60
"60QC000495",120,54,66
"60QC000496",94,57,37
"60QC000497",100,35,65
"60QC000498",70,32,38
"60QC000499",128,52,76
"60QC000500",109,41,68
"60QC000501",88,38,50
"60QC000502",68,24,44
"60QC000503",95,43,52
"60QC000504",99,40,59
"60QC000505",75,41,34
"60QC000506",104,46,58
"60QC000507",84,48,36
"60QC000508",69,45,24
"60QC000509",47,29,18
"60QC000510",91,59,32
"60QC000511",147,76,71
"60QC000512",52,18,34
"60QC000513",107,35,72
"60QC000514",88,47,41
"60QC000515",57,39,18
"60QC000516",68,32,36
"60QC000517",77,37,40
"60QC000518",114,60,54
"60QC000519",76,32,44
"60QC000520",106,36,70
"60QC000521",91,57,34
"60QC000522",82,22,60
"60QC000523",110,42,68
"60QC000524",97,29,68
"60QC000525",112,53,59
"60QC000526",115,55,60
"60QC000527",116,42,74
"60QC000528",65,13,52
"60QC000529",91,29,62
"60QC000530",75,43,32
"60QC000531",91,42,49
"60QC000532",80,32,48
"60QC000533",102,53,49
"60QC000534",72,31,41
"60QC000535",139,61,78
"60QC000536",113,81,32
"60QC000537",96,66,30
"60QC000538",95,37,58
"60QC000539",78,46,32
"60QC000540",121,69,52
"60QC000541",80,37,43
"60QC000542",108,55,53
"60QC000543",86,30,56
"60QC000544",86,22,64
"60QC000545",108,69,39
"60QC000546",70,40,30
"60QC000547",75,39,36
"60QC000548",104,36,68
"60QC000549",71,32,39
"60QC000550",126,52,74
"60QC000551",62,38,24
"60QC000552",90,47,43
"60QC000553",61,37,24
"60QC000554",85,63,22
"60QC000555",48,39,9
"60QC000556",51,26,25
"60QC000557",51,41,10
"60QC000558",78,56,22
"60QC000559",88,50,38
"60QC000560",62,54,8
"60QC000561",54,31,23
"60QC000562",69,43,26
"60QC000563",83,58,25
"60QC000564",85,34,51
"60QC000565",56,36,20
"60QC000566",93,67,26
"60QC000567",93,63,30
"60QC000568",88,74,14
"60QC000569",105,40,65
"60QC000570",70,40,30
"60QC000571",116,68,48
"60QC000572",80,55,25
"60QC000573",63,39,24
"60QC000574",141,77,64
"60QC000575",49,22,27
"60QC000576",85,55,30
"60QC000577",167,81,86
"60QC000578",79,27,52
"60QC000579",89,41,48
"60QC000580",115,55,60
"60QC000581",84,33,51
"60QC000582",84,53,31
"60QC000583",87,56,31
"60QC000584",78,58,20
"60QC000585",83,56,27
"60QC000586",45,37,8
"60QC000587",88,62,26
"60QC000588",52,36,16
"60QC000589",67,37,30
"60QC000590",91,39,52
"60QC000591",116,45,71
"60QC000592",57,35,22
"60QC000593",74,46,28
"60QC000594",62,49,13
"60QC000595",86,48,38
"60QC000596",93,47,46
"60QC000597",74,51,23
"60QC000598",61,51,10
"60QC000599",81,45,36
"60QC000600",128,44,84
"60QC000601",86,42,44
"60QC000602",150,79,71
"60QC000603",137,55,82
"60QC000604",121,63,58
"60QC000605",83,40,43
"60QC000606",118,44,74
"60QC000607",93,43,50
"60QC000608",109,40,69
"60QC000609",76,40,36
"60QC000610",83,47,36
"60QC000611",92,39,53
"60QC000612",100,59,41
"60QC000613",81,32,49
"60QC000614",89,35,54
"60QC000615",107,35,72
"60QC000616",150,32,118
"60QC000617",111,26,85
"60QC000618",126,66,60
"60QC000619",92,28,64
"60QC000620",91,34,57
"60QC000621",127,55,72
"60QC000622",114,56,58
"60QC000623",105,59,46
"60QC000624",114,34,80
"60QC000625",122,82,40
"60QC000626",76,37,39
"60QC000627",152,74,78
"60QC000628",173,74,99
"60QC000629",83,43,40
"60QC000630",113,37,76
"60QC000631",106,32,74
"60QC000632",55,37,18
"60QC000633",57,33,24
"60QC000634",73,49,24
"60QC000635",77,41,36
"60QC000636",106,45,61
"60QC000637",112,52,60
"60QC000638",106,53,53
"60QC000639",82,43,39
"60QC000640",69,45,24
"60QC000641",93,43,50
"60QC000642",98,40,58
"60QC000643",112,40,72
"60QC000644",66,39,27
"60QC000645",94,26,68
"60QC000646",123,45,78
"60QC000647",132,64,68
"60QC000648",109,31,78
"60QC000649",96,36,60
"60QC000650",160,54,106
"60QC000651",57,39,18
"60QC000652",77,36,41
"60QC000653",122,35,87
"60QC000654",140,50,90
"60QC000655",97,33,64
"60QC000656",75,28,47
"60QC000657",106,36,70
"60QC000658",79,35,44
"60QC000659",114,33,81
"60QC000660",83,36,47
"60QC000661",105,64,41
"60QC000662",82,50,32
"60QC000663",105,56,49
"60QC000664",107,37,70
"60QC000665",65,41,24
"60QC000666",47,33,14
"60QC000667",116,57,59
"60QC000668",82,52,30
"60QC000669",52,36,16
"60QC000670",77,40,37
"60QC000671",53,45,8
"60QC000672",100,94,6
"60QC000673",87,59,28
"60QC000674",81,39,42
"60QC000675",98,32,66
"60QC000676",125,51,74
"60QC000677",108,44,64
"60QC000678",105,41,64
"60QC000679",71,39,32
"60QC000680",165,83,82
"60QC000681",68,37,31
"60QC000682",97,43,54
"60QC000683",119,43,76
"60QC000684",125,41,84
"60QC000685",114,50,64
"60QC000686",78,38,40
"60QC000687",95,37,58
"60QC000688",137,63,74
"60QC000689",61,29,32
"60QC000690",80,34,46
"60QC000691",75,34,41
"60QC000692",82,44,38
"60QC000693",76,38,38
"60QC000694",77,33,44
"60QC000695",107,41,66
"60QC000696",75,27,48
"60QC000697",56,24,32
"60QC000698",96,38,58
"60QC000699",103,31,72
"60QC000700",129,47,82
"60QC000701",117,55,62
"60QC000702",122,49,73
"60QC000703",64,28,36
"60QC000704",123,53,70
"60QC000705",94,43,51
"60QC000706",51,15,36
"60QC000707",49,25,24
"60QC000708",101,62,39
"60QC000709",128,39,89
"60QC000710",73,29,44
"60QC000711",97,24,73
"60QC000712",102,41,61
"60QC000713",126,86,40
"60QC000714",96,24,72
"60QC000715",81,35,46
"60QC000716",137,69,68
"60QC000717",97,29,68
"60QC000718",124,29,95
"60QC000719",62,32,30
"60QC000720",89,50,39
"60QC000721",97,37,60
"60QC000722",138,40,98
"60QC000723",129,43,86
"60QC000724",146,45,101
"60QC000725",48,18,30
"60QC000726",94,55,39
"60QC000727",50,8,42
"60QC000728",116,32,84
"60QC000729",97,73,24
"60QC000730",56,18,38
"60QC000731",72,28,44
"60QC000732",66,26,40
"60QC000733",77,31,46
"60QC000734",77,37,40
"60QC000735",65,31,34
"60QC000736",108,46,62
"60QC000737",92,36,56
"60QC000738",95,45,50
"60QC000739",155,61,94
"60QC000740",132,29,103
"60QC000741",81,21,60
"60QC000742",72,36,36
"60QC000743",116,56,60
"60QC000744",48,33,15
"60QC000745",87,45,42
"60QC000746",82,35,47
"60QC000747",110,29,81
"60QC000748",81,19,62
"60QC000749",68,18,50
"60QC000750",58,14,44
"60QC000751",66,24,42
"60QC000752",53,10,43
"60QC000753",81,21,60
"60QC000754",65,27,38
"60QC000755",91,33,58
"60QC000756",84,34,50
"60QC000757",138,58,80
"60QC000758",42,19,23
"60QC000759",72,32,40
"60QC000760",61,33,28
"60QC000761",66,18,48
"60QC000762",53,25,28
"60QC000763",47,38,9
"60QC000764",48,10,38
"60QC000765",80,31,49
"60QC000766",76,48,28
"60QC000767",52,31,21
"60QC000768",104,33,71
"60QC000769",71,13,58
"60QC000770",127,39,88
"60QC000771",75,25,50
"60QC000772",85,43,42
"60QC000773",45,25,20
"60QC000774",96,61,35
"60QC000775",140,44,96
"60QC000776",88,23,65
"60QC000777",47,13,34
"60QC000778",193,63,130
"60QC000779",110,67,43
"60QC000780",52,36,16
"60QC000781",49,19,30
"60QC000782",141,35,106
"60QC000783",58,28,30
"60QC000784",112,46,66
"60QC000785",72,43,29
"60QC000786",59,31,28
"60QC000787",161,53,108
"60QC000788",71,27,44
"60QC000789",84,28,56
"60QC000790",92,33,59
"60QC000791",232,71,161
"60QC000792",99,49,50
"60QC000793",63,21,42
"60QC000794",108,38,70
"60QC000795",53,17,36
"60QC000796",95,32,63
"60QC000797",85,27,58
"60QC000798",73,22,51
"60QC000799",93,31,62
"60QC000800",124,16,108
"60QC000801",120,28,92
"60QC000802",74,22,52
"60QC000803",86,44,42
"60QC000804",102,36,66
"60QC000805",77,29,48
"60QC000806",91,31,60
"60QC000807",100,22,78
"60QC000808",72,36,36
"60QC000809",77,23,54
"60QC000810",109,35,74
"60QC000811",86,32,54
"60QC000812",107,30,77
"60QC000813",142,44,98
"60QC000814",61,17,44
"60QC000815",112,32,80
"60QC000816",57,15,42
"60QC000817",100,20,80
"60QC000818",120,28,92
"60QC000819",108,32,76
"60QC000820",105,31,74
"60QC000821",78,45,33
"60QC000822",91,60,31
"60QC000823",113,31,82
"60QC000824",115,28,87
"60QC000825",85,29,56
"60QC000826",87,27,60
"60QC000827",120,36,84
"60QC000828",64,20,44
"60QC000829",48,19,29
"60QC000830",174,48,126
"60QC000831",69,23,46
"60QC000832",104,29,75
"60QC000833",131,52,79
"60QC000834",108,28,80
"60QC000835",153,73,80
"60QC000836",95,31,64
"60QC000837",42,24,18
"60QC000838",101,51,50
"60QC000839",89,33,56
"60QC000840",68,46,22
"60QC000841",99,78,21
"60QC000842",116,95,21
"60QC000843",62,34,28
"60QC000844",90,56,34
"60QC000845",164,73,91
"60QC000846",92,44,48
"60QC000847",53,41,12
"60QC000848",116,48,68
"60QC000849",47,42,5
"60QC000850",135,77,58
"60QC000851",118,9,109
"60QC000852",106,38,68
"60QC000853",67,18,49
"60QC000854",73,37,36
"60QC000855",78,42,36
"60QC000856",132,50,82
"60QC000857",135,67,68
"60QC000858",79,27,52
"60QC000859",126,49,77
"60QC000860",119,37,82
"60QC000861",76,39,37
"60QC000862",74,21,53
"60QC000863",51,29,22
"60QC000864",108,68,40
"60QC000865",54,46,8
"60QC000866",175,68,107
"60QC000867",136,83,53
"60QC000868",93,56,37
"60QC000869",47,27,20
"60QC000870",121,54,67
"60QC000871",43,35,8
"60QC000872",58,30,28
"60QC000873",59,46,13
"60QC000874",48,16,32
"60QC000875",94,64,30
"60QC000876",92,40,52
"60QC000877",86,40,46
"60QC000878",61,31,30
"60QC000879",84,31,53
"60QC000880",120,66,54
"60QC000881",65,27,38
"60QC000882",72,47,25
"60QC000883",62,26,36
"60QC000884",66,41,25
"60QC000885",79,37,42
"60QC000886",107,37,70
"60QC000887",114,39,75
"60QC000888",120,32,88
"60QC000889",83,24,59
"60QC000890",56,38,18
"60QC000891",159,91,68
"60QC000892",60,45,15
"60QC000893",68,44,24
"60QC000894",80,58,22
"60QC000895",67,37,30
"60QC000896",139,94,45
"60QC000897",62,29,33
"60QC000898",105,65,40
"60QC000899",49,11,38
"60QC000900",83,45,38
"60QC000901",60,32,28
"60QC000902",86,51,35
"60QC000903",45,21,24
"60QC000904",109,37,72
"60QC000905",66,32,34
"60QC000906",48,28,20
"60QC000907",91,46,45
"60QC000908",49,17,32
"60QC000909",134,38,96
"60QC000910",90,33,57
"60QC000911",73,23,50
"60QC000912",147,61,86
"60QC000913",95,41,54
"60QC000914",114,33,81
"60QC000915",65,39,26
"60QC000916",385,139,246
"60QC000917",113,23,90
"60QC000918",91,27,64
"60QC000919",113,19,94
"60QC000920",115,33,82
"60QC000921",230,83,147
"60QC000922",96,36,60
"60QC000923",103,37,66
"60QC000924",113,41,72
"60QC000925",115,31,84
"60QC000926",70,20,50
"60QC000927",84,28,56
"60QC000928",122,34,88
"60QC000929",75,23,52
"60QC000930",93,23,70
"60QC000931",103,33,70
"60QD000001",47,27,20
"60QD000002",128,58,70
"60QD000003",40,13,27
"60QD000004",73,27,46
"60QD000005",108,36,72
"60QD000006",113,55,58
"60QD000007",98,30,68
"60QD000008",54,27,27
"60QD000009",92,43,49
"60QD000010",58,35,23
"60QD000011",46,21,25
"60QD000012",94,36,58
"60QD000013",54,26,28
"60QD000014",113,39,74
"60QD000015",92,28,64
"60QD000016",149,45,104
"60QD000017",68,34,34
"60QD000018",53,19,34
"60QD000019",103,37,66
"60QD000020",65,26,39
"60QD000021",90,49,41
"60QD000022",143,41,102
"60QD000023",113,59,54
"60QD000024",93,46,47
"60QD000025",57,17,40
"60QD000026",114,48,66
"60QD000027",42,18,24
"60QD000028",143,46,97
"60QD000029",93,42,51
"60QD000030",112,52,60
"60QD000031",61,26,35
"60QD000032",81,32,49
"60QD000033",128,52,76
"60QD000034",72,33,39
"60QD000035",137,55,82
"60QD000036",54,20,34
"60QD000037",95,37,58
"60QD000038",121,63,58
"60QD000039",90,31,59
"60QD000040",69,15,54
"60QD000041",108,40,68
"60QD000042",101,46,55
"60QD000043",77,27,50
"60QD000044",44,16,28
"60QD000045",81,27,54
"60QD000046",115,53,62
"60QD000047",122,43,79
"60QD000048",63,29,34
"60QD000049",87,39,48
"60QD000050",101,38,63
"60QD000051",59,38,21
"60QD000052",159,71,88
"60QD000053",97,37,60
"60QD000054",150,56,94
"60QD000055",53,23,30
"60QD000056",59,21,38
"60QD000057",55,20,35
"60QD000058",107,32,75
"60QD000059",121,55,66
"60QD000060",108,46,62
"60QD000061",98,36,62
"60QD000062",192,94,98
"60QD000063",119,65,54
"60QD000064",139,49,90
"60QD000065",81,23,58
"60QD000066",106,40,66
"60QD000067",155,61,94
"60QD000068",131,66,65
"60QD000069",139,61,78
"60QD000070",74,52,22
"60QD000071",91,37,54
"60QD000072",95,42,53
"60QD000073",122,68,54
"60QD000074",72,24,48
"60QD000075",98,38,60
"60QD000076",95,45,50
"60QD000077",119,59,60
"60QD000078",96,37,59
"60QD000079",82,32,50
"60QD000080",91,29,62
"60QD000081",98,50,48
"60QD000082",118,32,86
"60QD000083",136,57,79
"60QD000084",82,28,54
"60QD000085",115,54,61
"60QD000086",81,42,39
"60QD000087",65,19,46
"60QD000088",103,38,65
"60QD000089",63,21,42
"60QD000090",70,38,32
"60QD000091",119,63,56
"60QD000092",83,33,50
"60QD000093",146,41,105
"60QD000094",75,45,30
"60QD000095",99,49,50
"60QD000096",100,29,71
"60QD000097",161,69,92
"60QD000098",122,44,78
"60QD000099",80,20,60
"60QD000100",116,40,76
"60QD000101",91,49,42
"60QD000102",158,59,99
"60QD000103",79,33,46
"60QD000104",73,35,38
"60QD000105",58,28,30
"60QD000106",98,37,61
"60QD000107",55,19,36
"60QD000108",73,42,31
"60QD000109",98,31,67
"60QD000110",101,50,51
"60QD000111",83,35,48
"60QD000112",74,37,37
"60QD000113",117,57,60
"60QD000114",55,27,28
"60QD000115",93,49,44
"60QD000116",72,22,50
"60QD000117",110,36,74
"60QD000118",67,26,41
"60QD000119",72,33,39
"60QD000120",90,42,48
"60QD000121",51,21,30
"60QD000122",60,28,32
"60QD000123",62,18,44
"60QD000124",112,70,42
"60QD000125",58,30,28
"60QD000126",50,22,28
"60QD000127",71,43,28
"60QD000128",57,23,34
"60QD000129",93,45,48
"60QD000130",123,51,72
"60QD000131",48,30,18
"60QD000132",44,17,27
"60QD000133",80,41,39
"60QD000134",69,39,30
"60QD000135",66,36,30
"60QD000136",57,15,42
"60QD000137",75,18,57
"60QD000138",109,35,74
"60QD000139",44,16,28
"60QD000140",107,46,61
"60QD000141",83,37,46
"60QD000142",85,38,47
"60QD000143",84,24,60
"60QD000144",99,31,68
"60QD000145",97,36,61
"60QD000146",65,21,44
"60QD000147",107,42,65
"60QD000148",139,49,90
"60QD000149",66,32,34
"60QD000150",48,20,28
"60QD000151",68,17,51
"60QD000152",112,49,63
"60QD000153",68,21,47
"60QD000154",110,37,73
"60QD000155",126,51,75
"60QD000156",165,67,98
"60QD000157",136,55,81
"60QD000158",74,43,31
"60QD000159",60,32,28
"60QD000160",64,41,23
"60QD000161",107,41,66
"60QD000162",138,52,86
"60QD000163",102,78,24
"60QD000164",89,67,22
"60QD000165",110,62,48
"60QD000166",78,44,34
"60QD000167",80,46,34
"60QD000168",68,35,33
"60QD000169",62,52,10
"60QD000170",93,53,40
"60QD000171",49,36,13
"60QD000172",45,35,10
"60QD000173",65,40,25
"60QD000174",99,70,29
"60QD000175",94,68,26
"60QD000176",123,38,85
"60QD000177",129,51,78
"60QD000178",70,38,32
"60QD000179",91,31,60
"60QD000180",121,68,53
"60QD000181",81,61,20
"60QD000182",72,29,43
"60QD000183",70,40,30
"60QD000184",67,31,36
"60QD000185",98,58,40
"60QD000186",82,42,40
"60QD000187",97,44,53
"60QD000188",87,60,27
"60QD000189",62,50,12
"60QD000190",86,34,52
"60QD000191",39,13,26
"60QD000192",123,68,55
"60QD000193",120,66,54
"60QD000194",106,57,49
"60QD000195",96,53,43
"60QD000196",98,63,35
"60QD000197",107,50,57
"60QD000198",99,43,56
"60QD000199",51,29,22
"60QD000200",147,76,71
"60QD000201",96,62,34
"60QD000202",141,62,79
"60QD000203",98,52,46
"60QD000204",108,65,43
"60QD000205",141,68,73
"60QD000206",121,60,61
"60QD000207",73,42,31
"60QD000208",68,32,36
"60QD000209",103,41,62
"60QD000210",51,35,16
"60QD000211",91,55,36
"60QD000212",89,78,11
"60QD000213",70,39,31
"60QD000214",122,64,58
"60QD000215",72,41,31
"60QD000216",96,48,48
"60QD000217",88,20,68
"60QD000218",79,36,43
"60QD000219",85,28,57
"60QD000220",100,31,69
"60QD000221",89,29,60
"60QD000222",56,14,42
"60QD000223",114,34,80
"60QD000224",71,21,50
"60QD000225",116,62,54
"60QD000226",95,53,42
"60QD000227",100,73,27
"60QD000228",97,79,18
"60QD000229",53,37,16
"60QD000230",116,84,32
"60QD000231",56,44,12
"60QD000232",89,52,37
"60QD000233",101,48,53
"60QD000234",121,68,53
"60QD000235",116,46,70
"60QD000236",73,25,48
"60QD000237",50,31,19
"60QD000238",103,40,63
"60QD000239",100,67,33
"60QD000240",82,30,52
"60QD000241",78,29,49
"60QD000242",58,23,35
"60QD000243",77,35,42
"60QD000244",88,61,27
"60QD000245",82,54,28
"60QD000246",122,53,69
"60QD000247",94,54,40
"60QD000248",103,51,52
"60QD000249",125,51,74
"60QD000250",111,67,44
"60QD000251",85,54,31
"60QD000252",75,24,51
"60QD000253",89,38,51
"60QD000254",114,48,66
"60QD000255",75,39,36
"60QD000256",123,39,84
"60QD000257",102,43,59
"60QD000258",49,23,26
"60QD000259",75,31,44
"60QD000260",70,18,52
"60QD000261",49,18,31
"60QD000262",178,97,81
"60QD000263",93,27,66
"60QD000264",62,27,35
"60QD000265",100,36,64
"60QD000266",85,32,53
"60QD000267",85,47,38
"60QD000268",61,25,36
"60QD000269",75,48,27
"60QD000270",73,38,35
"60QD000271",61,48,13
"60QD000272",48,15,33
"60QD000273",58,46,12
"60QD000274",59,29,30
"60QD000275",55,39,16
"60QD000276",56,24,32
"60QD000277",60,32,28
"60QD000278",99,61,38
"60QD000279",137,42,95
"60QD000280",113,56,57
"60QD000281",110,63,47
"60QD000282",94,60,34
"60QD000283",65,47,18
"60QD000284",84,46,38
"60QD000285",107,62,45
"60QD000286",101,42,59
"60QD000287",91,48,43
"60QD000288",152,94,58
"60QD000289",128,63,65
"60QD000290",75,53,22
"60QD000291",132,71,61
"60QD000292",169,90,79
"60QD000293",73,30,43
"60QD000294",78,53,25
"60QD000295",73,25,48
"60QD000296",130,44,86
"60QD000297",88,26,62
"60QD000298",103,45,58
"60QD000299",81,65,16
"60QD000300",77,42,35
"60QD000301",100,65,35
"60QD000302",63,43,20
"60QD000303",60,48,12
"60QD000304",81,42,39
"60QD000305",111,58,53
"60QD000306",81,39,42
"60QD000307",75,23,52
"60QD000308",74,42,32
"60QD000309",57,45,12
"60QD000310",64,44,20
"60QD000311",85,49,36
"60QD000312",90,36,54
"60QD000313",91,69,22
"60QD000314",74,41,33
"60QD000315",62,36,26
"60QD000316",90,40,50
"60QD000317",66,26,40
"60QD000318",121,75,46
"60QD000319",85,44,41
"60QD000320",81,50,31
"60QD000321",106,31,75
"60QD000322",83,28,55
"60QD000323",91,48,43
"60QD000324",70,32,38
"60QD000325",121,48,73
"60QD000326",128,63,65
"60QD000327",81,34,47
"60QD000328",68,38,30
"60QD000329",96,62,34
"60QD000330",89,45,44
"60QD000331",103,40,63
"60QD000332",97,25,72
"60QD000333",143,50,93
"60QD000334",50,26,24
"60QD000335",106,46,60
"60QD000336",74,24,50
"60QD000337",68,39,29
"60QD000338",70,18,52
"60QD000339",95,24,71
"60QD000340",144,42,102
"60QD000341",81,25,56
"60QD000342",83,30,53
"60QD000343",100,50,50
"60QD000344",96,50,46
"60QD000345",109,53,56
"60QD000346",74,36,38
"60QD000347",97,44,53
"60QD000348",79,38,41
"60QD000349",81,21,60
"60QD000350",117,41,76
"60QD000351",82,47,35
"60QD000352",90,35,55
"60QD000353",69,31,38
"60QD000354",99,46,53
"60QD000355",58,30,28
"60QD000356",130,37,93
"60QD000357",62,30,32
"60QD000358",127,53,74
"60QD000359",131,47,84
"60QD000360",109,21,88
"60QD000361",89,5,84
"60QD000362",73,3,70
"60QD000363",169,41,128
"60QD000364",160,64,96
"60QD000365",100,26,74
"60QD000366",73,25,48
"60QD000367",57,29,28
"60QD000368",94,31,63
"60QD000369",70,27,43
"60QD000370",106,45,61
"60QD000371",108,67,41
"60QD000372",96,50,46
"60QD000373",78,23,55
"60QD000374",105,39,66
"60QD000375",117,51,66
"60QD000376",116,67,49
"60QD000377",54,48,6
"60QD000378",65,41,24
"60QD000379",72,42,30
"60QD000380",66,47,19
"60QD000381",54,42,12
"60QD000382",98,65,33
"60QD000383",98,68,30
"60QD000384",77,55,22
"60QD000385",91,48,43
"60QD000386",97,48,49
"60QD000387",100,39,61
"60QD000388",80,38,42
"60QD000389",114,21,93
"60QD000390",47,9,38
"60QD000391",93,27,66
"60QD000392",120,55,65
"60QD000393",46,10,36
"60QD000394",45,11,34
"60QD000395",88,62,26
"60QD000396",58,27,31
"60QD000397",92,49,43
"60QD000398",85,63,22
"60QD000399",74,49,25
"60QD000400",107,74,33
"60QD000401",105,69,36
"60QD000402",67,47,20
"60QD000403",125,77,48
"60QD000404",65,51,14
"60QD000405",74,45,29
"60QD000406",48,40,8
"60QD000407",94,72,22
"60QD000408",61,50,11
"60QD000409",81,53,28
"60QD000410",74,38,36
"60QD000411",108,57,51
"60QD000412",91,59,32
"60QD000413",117,72,45
"60QD000414",99,79,20
"60QD000415",98,40,58
"60QD000416",110,54,56
"60QD000417",86,40,46
"60QD000418",106,39,67
"60QD000419",113,50,63
"60QD000420",116,34,82
"60QD000421",93,14,79
"60QD000422",92,36,56
"60QD000423",102,54,48
"60QD000424",94,53,41
"60QD000425",82,35,47
"60QD000426",66,46,20
"60QD000427",123,54,69
"60QD000428",58,23,35
"60QD000429",93,22,71
"60QD000430",98,48,50
"60QD000431",83,28,55
"60QD000432",94,51,43
"60QD000433",106,16,90
"60QD000434",99,11,88
"60QD000435",88,5,83
"60QD000436",135,80,55
"60QD000437",119,72,47
"60QD000438",120,34,86
"60QD000439",114,26,88
"60QD000440",138,33,105
"60QD000441",101,30,71
"60QD000442",97,19,78
"60QD000443",149,54,95
"60QD000444",103,31,72
"60QD000445",93,20,73
"60QD000446",85,25,60
"60QD000447",185,60,125
"60QD000448",85,35,50
"60QD000449",64,12,52
"60QD000450",131,29,102
"60QD000451",106,24,82
"60QD000452",156,76,80
"60QD000453",172,85,87
"60QD000454",120,38,82
"60QD000455",59,38,21
"60QD000456",116,29,87
"60QD000457",104,30,74
"60QD000458",132,41,91
"60QD000459",97,31,66
"60QD000460",164,42,122
"60QD000461",125,40,85
"60QD000462",99,58,41
"60QD000463",105,30,75
"60QD000464",100,44,56
"60QD000465",110,53,57
"60QD000466",73,15,58
"60QD000467",85,9,76
"60QD000468",107,45,62
"60QD000469",88,26,62
"60QD000470",97,45,52
"60QD000471",81,38,43
"60QD000472",64,37,27
"60QD000473",44,22,22
"60QD000474",99,52,47
"60QD000475",121,52,69
"60QD000476",114,43,71
"60QD000477",143,55,88
"60QD000478",114,51,63
"60QD000479",126,69,57
"60QD000480",89,56,33
"60QD000481",143,68,75
"60QD000482",72,19,53
"60QD000483",114,44,70
"60QD000484",88,46,42
"60QD000485",47,23,24
"60QD000486",84,42,42
"60QD000487",115,71,44
"60QD000488",77,42,35
"60QD000489",96,68,28
"60QD000490",99,37,62
"60QD000491",124,51,73
"60QD000492",152,119,33
"60QD000493",78,50,28
"60QD000494",98,57,41
"60QD000495",103,51,52
"60QD000496",87,52,35
"60QD000497",139,58,81
"60QD000498",108,50,58
"60QD000499",103,51,52
"60QD000500",78,42,36
"60QD000501",99,42,57
"60QD000502",90,43,47
"60QD000503",117,35,82
"60QD000504",98,30,68
"60QD000505",111,36,75
"60QD000506",165,69,96
"60QD000507",112,81,31
"60QD000508",98,36,62
"60QD000509",72,52,20
"60QD000510",98,70,28
"60QD000511",78,44,34
"60QD000512",66,58,8
"60QD000513",97,52,45
"60QD000514",104,58,46
"60QD000515",97,77,20
"60QD000516",104,69,35
"60QD000517",90,63,27
"60QD000518",51,32,19
"60QD000519",107,63,44
"60QD000520",77,34,43
"60QD000521",84,44,40
"60QD000522",56,35,21
"60QD000523",127,81,46
"60QD000524",104,41,63
"60QD000525",161,71,90
"60QD000526",60,46,14
"60QD000527",55,38,17
"60QD000528",93,49,44
"60QD000529",114,55,59
"60QD000530",107,34,73
"60QD000531",111,72,39
"60QD000532",124,57,67
"60QD000533",118,45,73
"60QD000534",105,59,46
"60QD000535",100,46,54
"60QD000536",98,60,38
"60QD000537",76,42,34
"60QD000538",136,84,52
"60QD000539",92,58,34
"60QD000540",67,38,29
"60QD000541",110,51,59
"60QD000542",73,50,23
"60QD000543",154,80,74
"60QD000544",108,55,53
"60QD000545",157,78,79
"60QD000546",123,39,84
"60QD000547",122,63,59
"60QD000548",102,54,48
"60QD000549",136,73,63
"60QD000550",76,41,35
"60QD000551",125,63,62
"60QD000552",105,46,59
"60QD000553",52,36,16
"60QD000554",70,32,38
"60QD000555",151,46,105
"60QD000556",72,32,40
"60QD000557",62,22,40
"60QD000558",97,52,45
"60QD000559",93,37,56
"60QD000560",120,47,73
"60QD000561",139,67,72
"60QD000562",102,55,47
"60QD000563",107,45,62
"60QD000564",124,56,68
"60QD000565",63,31,32
"60QD000566",110,42,68
"60QD000567",88,41,47
"60QD000568",49,22,27
"60QD000569",140,60,80
"60QD000570",89,35,54
"60QD000571",128,38,90
"60QD000572",150,48,102
"60QD000573",124,49,75
"60QD000574",111,41,70
"60QD000575",104,46,58
"60QD000576",103,42,61
"60QD000577",96,32,64
"60QD000578",87,27,60
"60QD000579",116,58,58
"60QD000580",45,24,21
"60QD000581",97,48,49
"60QD000582",76,27,49
"60QD000583",57,33,24
"60QD000584",106,35,71
"60QD000585",93,31,62
"60QD000586",65,28,37
"60QD000587",76,35,41
"60QD000588",87,16,71
"60QD000589",66,28,38
"60QD000590",2348,2254,94
"60QD000591",91,30,61
"60QD000592",90,28,62
"60QD000593",112,32,80
"60QD000594",127,36,91
"60QD000595",57,21,36
"60QD000596",70,29,41
"60QD000597",45,17,28
"60QD000598",142,57,85
"60QD000599",78,55,23
"60QD000600",92,51,41
"60QD000601",54,30,24
"60QD000602",126,76,50
"60QD000603",75,24,51
"60QD000604",58,22,36
"60QD000605",48,30,18
"60QD000606",97,41,56
"60QD000607",70,30,40
"60QD000608",44,8,36
"60QD000609",55,41,14
"60QD000610",130,54,76
"60QD000611",48,18,30
"60QD000612",86,26,60
"60QD000613",58,25,33
"60QD000614",80,56,24
"60QD000615",50,16,34
"60QD000616",100,33,67
"60QD000617",53,18,35
"60QD000618",72,33,39
"60QD000619",69,36,33
"60QD000620",62,28,34
"60QD000621",77,65,12
"60QD000622",53,34,19
"60QD000623",56,18,38
"60QD000624",62,22,40
"60QD000625",101,49,52
"60QD000626",89,40,49
"60QD000627",43,23,20
"60QD000628",84,47,37
"60QD000629",94,30,64
"60QD000630",116,33,83
"60QD000631",77,22,55
"60QD000632",49,31,18
"60QD000633",44,25,19
"60QD000634",101,31,70
"60QD000635",100,10,90
"60QD000636",102,26,76
"60QD000637",53,17,36
"60QD000638",60,20,40
"60QD000639",100,22,78
"60QD000640",104,35,69
"60QD000641",62,21,41
"60QD000642",101,23,78
"60QD000643",103,51,52
"60QD000644",91,55,36
"60QD000645",53,21,32
"60QD000646",70,23,47
"60QD000647",125,58,67
"60QD000648",45,11,34
"60QD000649",60,43,17
"60QD000650",93,38,55
"60QD000651",65,50,15
"60QD000652",67,27,40
"60QD000653",67,27,40
"60QD000654",110,42,68
"60QD000655",81,32,49
"60QD000656",118,45,73
"60QD000657",88,45,43
"60QD000658",42,13,29
"60QD000659",73,17,56
"60QD000660",85,43,42
"60QD000661",63,25,38
"60QD000662",67,37,30
"60QD000663",81,26,55
"60QD000664",110,38,72
"60QD000665",80,30,50
"60QD000666",62,21,41
"60QD000667",78,38,40
"60QD000668",64,28,36
"60QD000669",128,49,79
"60QD000670",59,38,21
"60QD000671",124,84,40
"60QD000672",103,60,43
"60QD000673",45,14,31
"60QD000674",85,37,48
"60QD000675",79,20,59
"60QD000676",98,44,54
"60QD000677",52,18,34
"60QD000678",86,37,49
"60QD000679",91,65,26
"60QD000680",144,45,99
"60QD000681",71,17,54
"60QD000682",96,30,66
"60QD000683",60,22,38
"60QD000684",80,42,38
"60QD000685",83,37,46
"60QD000686",177,64,113
"60QD000687",97,33,64
"60QD000688",60,27,33
"60QD000689",76,38,38
"60QD000690",76,35,41
"60QD000691",70,28,42
"60QD000692",107,34,73
"60QD000693",101,44,57
"60QD000694",52,21,31
"60QD000695",71,27,44
"60QD000696",146,61,85
"60QD000697",85,22,63
"60QD000698",59,19,40
"60QD000699",64,23,41
"60QD000700",104,39,65
"60QD000701",75,27,48
"60QD000702",96,27,69
"60QD000703",49,21,28
"60QD000704",102,47,55
"60QD000705",240,106,134
"60QD000706",117,36,81
"60QD000707",79,39,40
"60QD000708",90,28,62
"60QD000709",76,31,45
"60QD000710",153,64,89
"60QD000711",36,16,20
"60QD000712",129,60,69
"60QD000713",119,52,67
"60QD000714",83,47,36
"60QD000715",80,44,36
"60QD000716",71,31,40
"60QD000717",95,45,50
"60QD000718",77,48,29
"60QD000719",88,31,57
"60QD000720",73,23,50
"60QD000721",58,22,36
"60QD000722",130,51,79
"60QD000723",109,84,25
"60QD000724",76,34,42
"60QD000725",130,109,21
"60QD000726",37,24,13
"60QD000727",103,46,57
"60QD000728",62,28,34
"60QD000729",74,40,34
"60QD000730",42,40,2
"60QD000731",44,20,24
"60QD000732",83,67,16
"60QD000733",95,62,33
"60QD000734",92,76,16
"60QD000735",76,32,44
"60QD000736",81,49,32
"60QD000737",61,45,16
"60QD000738",52,38,14
"60QD000739",81,23,58
"60QD000740",101,39,62
"60QD000741",57,34,23
"60QD000742",66,38,28
"60QD000743",57,21,36
"60QD000744",107,56,51
"60QD000745",128,37,91
"60QD000746",42,14,28
"60QD000747",98,54,44
"60QD000748",124,31,93
"60QD000749",97,33,64
"60QD000750",64,18,46
"60QD000751",151,73,78
"60QD000752",139,91,48
"60QD000753",57,25,32
"60QD000754",125,74,51
"60QD000755",94,23,71
"60QD000756",84,51,33
"60QD000757",100,55,45
"60QD000758",123,72,51
"60QD000759",126,59,67
"60QD000760",101,31,70
"60QD000761",116,47,69
"60QD000762",131,69,62
"60QD000763",55,27,28
"60QD000764",88,64,24
"60QD000765",60,53,7
"60QD000766",119,61,58
"60QD000767",58,28,30
"60QD000768",76,53,23
"60QD000769",84,68,16
"60QD000770",120,72,48
"60QD000771",74,47,27
"60QD000772",122,26,96
"60QD000773",112,36,76
"60QD000774",125,39,86
"60QD000775",54,37,17
"60QD000776",79,37,42
"60QD000777",114,68,46
"60QD000778",93,43,50
"60QD000779",58,40,18
"60QD000780",81,34,47
"60QD000781",85,38,47
"60QD000782",99,45,54
"60QD000783",50,15,35
"60QD000784",91,39,52
"60QD000785",85,23,62
"60QF000001",135,78,57
"60QF000002",49,19,30
"60QF000003",65,23,42
"60QF000004",121,38,83
"60QF000005",69,25,44
"60QF000006",49,13,36
"60QF000007",124,37,87
"60QF000008",96,27,69
"60QF000009",114,63,51
"60QF000010",123,64,59
"60QF000011",76,48,28
"60QF000012",96,28,68
"60QF000013",67,43,24
"60QF000014",78,58,20
"60QF000015",89,65,24
"60QF000016",89,49,40
"60QF000017",98,68,30
"60QF000018",96,42,54
"60QF000019",77,59,18
"60QF000020",138,68,70
"60QF000021",140,61,79
"60QF000022",87,63,24
"60QF000023",79,48,31
"60QF000024",65,37,28
"60QF000025",78,38,40
"60QF000026",67,44,23
"60QF000027",94,47,47
"60QF000028",95,52,43
"60QF000029",131,67,64
"60QF000030",105,66,39
"60QF000031",163,41,122
"60QF000032",92,36,56
"60QF000033",137,31,106
"60QF000034",122,38,84
"60QF000035",119,70,49
"60QF000036",96,47,49
"60QF000037",86,46,40
"60QF000038",86,44,42
"60QF000039",89,33,56
"60QF000040",132,64,68
"60QF000041",107,53,54
"60QF000042",122,62,60
"60QF000043",113,53,60
"60QF000044",122,66,56
"60QF000045",105,63,42
"60QF000046",84,40,44
"60QF000047",74,38,36
"60QF000048",88,30,58
"60QF000049",104,25,79
"60QF000050",91,46,45
"60QF000051",87,27,60
"60QF000052",115,39,76
"60QF000053",152,74,78
"60QF000054",73,41,32
"60QF000055",109,65,44
"60QF000056",75,52,23
"60QF000057",62,48,14
"60QF000058",65,40,25
"60QF000059",74,52,22
"60QF000060",89,49,40
"60QF000061",75,43,32
"60QF000062",81,45,36
"60QF000063",92,56,36
"60QF000064",99,53,46
"60QF000065",151,51,100
"60QF000066",44,26,18
"60QF000067",124,82,42
"60QF000068",113,56,57
"60QF000069",94,24,70
"60QF000070",77,63,14
"60QF000071",122,55,67
"60QF000072",160,81,79
"60QF000073",91,35,56
"60QF000074",118,64,54
"60QF000075",49,15,34
"60QF000076",100,43,57
"60QF000077",67,31,36
"60QF000078",76,28,48
"60QF000079",133,41,92
"60QF000080",127,67,60
"60QF000081",96,55,41
"60QF000082",117,35,82
"60QF000083",117,50,67
"60QF000084",131,31,100
"60QF000085",116,26,90
"60QF000086",106,20,86
"60QF000087",102,58,44
"60QF000088",87,42,45
"60QF000089",110,68,42
"60QF000090",87,65,22
"60QF000091",107,77,30
"60QF000092",107,57,50
"60QF000093",135,51,84
"60QF000094",100,62,38
"60QF000095",115,63,52
"60QF000096",101,62,39
"60QF000097",95,51,44
"60QF000098",122,72,50
"60QF000099",54,28,26
"60QF000100",119,50,69
"60QF000101",100,44,56
"60QF000102",136,58,78
"60QF000103",127,63,64
"60QF000104",121,59,62
"60QF000105",98,60,38
"60QF000106",91,52,39
"60QF000107",78,51,27
"60QF000108",42,29,13
"60QF000109",104,56,48
"60QF000110",102,72,30
"60QF000111",97,57,40
"60QF000112",141,75,66
"60QF000113",79,35,44
"60QF000114",106,41,65
"60QF000115",69,31,38
"60QF000116",105,40,65
"60QF000117",80,39,41
"60QF000118",84,21,63
"60QF000119",92,38,54
"60QF000120",103,89,14
"60QF000121",105,57,48
"60QF000122",134,71,63
"60QF000123",115,47,68
"60QF000124",111,60,51
"60QF000125",33,19,14
"60QF000126",58,52,6
"60QF000127",67,45,22
"60QF000128",92,42,50
"60QF000129",120,74,46
"60QF000130",118,44,74
"60QF000131",44,24,20
"60QF000132",49,22,27
"60QF000133",89,43,46
"60QF000134",122,67,55
"60QF000135",120,54,66
"60QF000136",133,69,64
"60QF000137",100,62,38
"60QF000138",73,37,36
"60QF000139",111,62,49
"60QF000140",95,31,64
"60QF000141",102,36,66
"60QF000142",114,49,65
"60QF000143",87,45,42
"60QF000144",92,56,36
"60QF000145",78,40,38
"60QF000146",100,60,40
"60QF000147",65,42,23
"60QF000148",130,70,60
"60QF000149",85,53,32
"60QF000150",44,22,22
"60QF000151",146,43,103
"60QF000152",106,35,71
"60QF000153",85,37,48
"60QF000154",155,71,84
"60QF000155",107,57,50
"60QF000156",122,56,66
"60QF000157",97,50,47
"60QF000158",118,52,66
"60QF000159",85,40,45
"60QF000160",82,50,32
"60QF000161",52,12,40
"60QF000162",134,37,97
"60QF000163",121,69,52
"60QF000164",110,62,48
"60QF000165",70,43,27
"60QF000166",74,36,38
"60QF000167",88,45,43
"60QF000168",87,55,32
"60QF000169",147,47,100
"60QF000170",80,44,36
"60QF000171",107,22,85
"60QF000172",115,45,70
"60QF000173",77,19,58
"60QF000174",126,50,76
"60QF000175",90,36,54
"60QF000176",67,32,35
"60QF000177",55,35,20
"60QF000178",82,36,46
"60QF000179",138,67,71
"60QF000180",94,60,34
"60QF000181",52,14,38
"60QF000182",123,54,69
"60QF000183",137,80,57
"60QF000184",90,55,35
"60QF000185",112,50,62
"60QF000186",99,40,59
"60QF000187",59,47,12
"60QF000188",132,57,75
"60QF000189",119,50,69
"60QF000190",153,65,88
"60QF000191",85,65,20
"60QF000192",80,40,40
"60QF000193",116,42,74
"60QF000194",79,39,40
"60QF000195",139,53,86
"60QF000196",101,29,72
"60QF000197",107,36,71
"60QF000198",83,34,49
"60QF000199",82,25,57
"60QF000200",93,53,40
"60QF000201",106,21,85
"60QF000202",95,31,64
"60QF000203",86,24,62
"60QF000204",115,36,79
"60QF000205",105,25,80
"60QF000206",150,51,99
"60QF000207",94,32,62
"60QF000208",138,54,84
"60QF000209",80,61,19
"60QF000210",117,47,70
"60QF000211",104,58,46
"60QF000212",91,31,60
"60QF000213",147,47,100
"60QF000214",120,38,82
"60QF000215",84,50,34
"60QF000216",89,51,38
"60QF000217",133,51,82
"60QF000218",87,33,54
"60QF000219",77,23,54
"60QF000220",98,48,50
"60QF000221",92,34,58
"60QF000222",91,32,59
"60QF000223",91,47,44
"60QF000224",130,54,76
"60QF000225",105,38,67
"60QF000226",76,50,26
"60QF000227",59,45,14
"60QF000228",79,43,36
"60QF000229",143,64,79
"60QF000230",125,61,64
"60QF000231",92,50,42
"60QF000232",66,26,40
"60QF000233",89,47,42
"60QF000234",84,32,52
"60QF000235",130,44,86
"60QF000236",88,36,52
"60QF000237",87,45,42
"60QF000238",49,36,13
"60QF000239",85,49,36
"60QF000240",139,61,78
"60QF000241",107,53,54
"60QF000242",148,74,74
"60QF000243",113,59,54
"60QF000244",117,59,58
"60QF000245",81,33,48
"60QF000246",86,28,58
"60QF000247",103,25,78
"60QF000248",115,30,85
"60QF000249",98,36,62
"60QF000250",90,34,56
"60QF000251",115,61,54
"60QF000252",61,35,26
"60QF000253",115,51,64
"60QF000254",82,20,62
"60QF000255",133,23,110
"60QF000256",108,57,51
"60QF000257",92,32,60
"60QF000258",70,32,38
"60QF000259",66,34,32
"60QF000260",83,30,53
"60QF000261",85,34,51
"60QF000262",155,41,114
"60QF000263",93,36,57
"60QF000264",142,36,106
"60QF000265",137,42,95
"60QF000266",47,23,24
"60QF000267",111,46,65
"60QF000268",124,42,82
"60QF000269",91,33,58
"60QF000270",89,25,64
"60QF000271",79,31,48
"60QF000272",113,44,69
"60QF000273",70,25,45
"60QF000274",85,37,48
"60QF000275",106,51,55
"60QF000276",53,13,40
"60QF000277",46,20,26
"60QF000278",82,49,33
"60QF000279",77,53,24
"60QF000280",101,23,78
"60QF000281",76,22,54
"60QF000282",69,38,31
"60QF000283",118,33,85
"60QF000284",46,11,35
"60QF000285",94,52,42
"60QF000286",46,10,36
"60QF000287",51,27,24
"60QF000288",47,29,18
"60QF000289",93,54,39
"60QF000290",152,39,113
"60QF000291",100,52,48
"60QF000292",48,19,29
"60QF000293",63,23,40
"60QF000294",60,28,32
"60QF000295",108,38,70
"60QF000296",65,15,50
"60QF000297",59,30,29
"60QF000298",110,33,77
"60QF000299",67,47,20
"60QF000300",110,70,40
"60QF000301",89,28,61
"60QF000302",107,48,59
"60QF000303",95,28,67
"60QF000304",616,514,102
"60QF000305",111,39,72
"60QF000306",128,55,73
"60QF000307",55,18,37
"60QF000308",71,25,46
"60QF000309",146,70,76
"60QF000310",40,16,24
"60QF000311",96,52,44
"60QF000312",80,56,24
"60QF000313",79,71,8
"60QF000314",78,59,19
"60QF000315",82,49,33
"60QF000316",109,55,54
"60QF000317",63,53,10
"60QF000318",68,48,20
"60QF000319",118,78,40
"60QF000320",149,80,69
"60QF000321",78,56,22
"60QF000322",44,24,20
"60QF000323",104,34,70
"60QF000324",111,52,59
"60QF000325",148,42,106
"60QF000326",145,63,82
"60QF000327",127,45,82
"60QF000328",90,34,56
"60QF000329",94,32,62
"60QF000330",115,73,42
"60QF000331",69,28,41
"60QF000332",122,42,80
"60QF000333",75,55,20
"60QF000334",124,61,63
"60QF000335",203,69,134
"60QF000336",93,41,52
"60QF000337",65,22,43
"60QF000338",131,72,59
"60QF000339",128,30,98
"60QF000340",82,31,51
"60QF000341",196,66,130
"60QF000342",36,20,16
"60QF000343",137,57,80
"60QF000344",114,34,80
"60QF000345",51,35,16
"60QF000346",132,84,48
"60QF000347",122,45,77
"60QF000348",57,37,20
"60QF000349",127,87,40
"60QF000350",93,43,50
"60QF000351",133,50,83
"60QF000352",51,21,30
"60QF000353",102,43,59
"60QF000354",50,20,30
"60QF000355",125,49,76
"60QF000356",61,30,31
"60QF000357",123,61,62
"60QF000358",94,70,24
"60QF000359",99,48,51
"60QF000360",101,28,73
"60QF000361",89,35,54
"60QF000362",62,48,14
"60QF000363",95,28,67
"60QF000364",65,47,18
"60QF000365",62,44,18
"60QF000366",100,37,63
"60QF000367",95,27,68
"60QF000368",144,85,59
"60QF000369",56,38,18
"60QF000370",45,33,12
"60QF000371",128,62,66
"60QF000372",138,54,84
"60QF000373",58,17,41
"60QF000374",98,35,63
"60QF000375",83,27,56
"60QF000376",204,82,122
"60QF000377",67,23,44
"60QF000378",77,27,50
"60QF000379",82,42,40
"60QF000380",99,76,23
"60QF000381",78,38,40
"60QF000382",132,58,74
"60QF000383",72,28,44
"60QF000384",48,32,16
"60QF000385",112,60,52
"60QF000386",62,53,9
"60QH000001",94,40,54
"60QH000002",41,4,37
"60QH000003",84,44,40
"60QH000004",124,38,86
"60QH000005",157,48,109
"60QH000006",90,38,52
"60QH000007",102,40,62
"60QH000008",105,45,60
"60QH000009",84,29,55
"60QH000010",58,24,34
"60QH000011",83,29,54
"60QH000012",105,42,63
"60QH000013",82,25,57
"60QH000014",101,26,75
"60QH000015",89,29,60
"60QH000016",65,14,51
"60QH000017",52,22,30
"60QH000018",58,18,40
"60QH000019",78,28,50
"60QH000020",52,28,24
"60QH000021",121,45,76
"60QH000022",135,59,76
"60QH000023",86,40,46
"60QH000024",149,49,100
"60QH000025",91,34,57
"60QH000026",90,44,46
"60QH000027",119,45,74
"60QH000028",91,33,58
"60QH000029",137,45,92
"60QH000030",153,50,103
"60QH000031",81,24,57
"60QH000032",139,45,94
"60QH000033",88,25,63
"60QH000034",123,45,78
"60QH000035",138,54,84
"60QH000036",89,43,46
"60QH000037",58,30,28
"60QH000038",77,31,46
"60QH000039",107,41,66
"60QH000040",95,29,66
"60QH000041",117,48,69
"60QH000042",124,38,86
"60QH000043",85,40,45
"60QH000044",88,36,52
"60QH000045",159,55,104
"60QH000046",66,24,42
"60QH000047",169,74,95
"60QH000048",68,16,52
"60QH000049",159,55,104
"60QH000050",116,38,78
"60QH000051",111,37,74
"60QH000052",147,64,83
"60QH000053",137,74,63
"60QH000054",193,91,102
"60QH000055",61,22,39
"60QH000056",97,39,58
"60QH000057",117,60,57
"60QH000058",106,53,53
"60QH000059",86,30,56
"60QH000060",92,39,53
"60QH000061",78,28,50
"60QH000062",91,49,42
"60QH000063",105,31,74
"60QH000064",66,28,38
"60QH000065",108,43,65
"60QH000066",85,39,46
"60QH000067",79,28,51
"60QH000068",71,28,43
"60QH000069",110,46,64
"60QH000070",97,28,69
"60QH000071",81,21,60
"60QH000072",68,32,36
"60QH000073",90,34,56
"60QH000074",84,27,57
"60QH000075",118,32,86
"60QH000076",69,23,46
"60QH000077",61,17,44
"60QH000078",78,35,43
"60QH000079",159,116,43
"60QH000080",156,58,98
"60QH000081",101,48,53
"60QH000082",103,39,64
"60QH000083",79,35,44
"60QH000084",90,32,58
"60QH000085",93,49,44
"60QH000086",111,36,75
"60QH000087",91,39,52
"60QH000088",73,23,50
"60QH000089",83,31,52
"60QH000090",47,13,34
"60QH000091",117,55,62
"60QH000092",136,59,77
"60QH000093",131,39,92
"60QH000094",115,41,74
"60QH000095",137,50,87
"60QH000096",92,30,62
"60QH000097",100,40,60
"60QH000098",128,46,82
"60QH000099",111,49,62
"60QH000100",122,56,66
"60QH000101",145,44,101
"60QH000102",132,54,78
"60QH000103",94,37,57
"60QH000104",99,27,72
"60QH000105",83,32,51
"60QH000106",59,21,38
"60QH000107",96,31,65
"60QH000108",148,45,103
"60QH000109",143,60,83
"60QH000110",100,41,59
"60QH000111",126,41,85
"60QH000112",78,23,55
"60QH000113",67,18,49
"60QH000114",87,46,41
"60QH000115",143,54,89
"60QH000116",138,60,78
"60QH000117",117,53,64
"60QH000118",134,79,55
"60QH000119",104,28,76
"60QH000120",148,49,99
"60QH000121",81,33,48
"60QH000122",121,45,76
"60QH000123",65,21,44
"60QH000124",104,32,72
"60QH000125",139,51,88
"60QH000126",134,36,98
"60QH000127",143,51,92
"60QH000128",122,48,74
"60QH000129",101,40,61
"60QH000130",120,38,82
"60QH000131",111,59,52
"60QH000132",86,32,54
"60QH000133",70,27,43
"60QH000134",101,38,63
"60QH000135",51,25,26
"60QH000136",135,65,70
"60QH000137",136,60,76
"60QH000138",49,13,36
"60QH000139",67,23,44
"60QH000140",71,26,45
"60QH000141",105,38,67
"60QH000142",102,44,58
"60QH000143",83,35,48
"60QH000144",75,29,46
"60QH000145",90,59,31
"60QH000146",75,35,40
"60QH000147",100,52,48
"60QH000148",82,22,60
"60QH000149",113,42,71
"60QH000150",95,42,53
"60QH000151",91,39,52
"60QH000152",71,33,38
"60QH000153",87,29,58
"60QH000154",115,45,70
"60QH000155",83,28,55
"60QH000156",61,24,37
"60QH000157",57,18,39
"60QH000158",120,47,73
"60QH000159",121,60,61
"60QH000160",84,30,54
"60QH000161",82,25,57
"60QH000162",64,34,30
"60QH000163",102,31,71
"60QH000164",135,45,90
"60QH000165",65,19,46
"60QH000166",47,25,22
"60QH000167",109,30,79
"60QH000168",105,41,64
"60QH000169",135,53,82
"60QH000170",123,46,77
"60QH000171",138,56,82
"60QH000172",89,23,66
"60QH000173",79,33,46
"60QH000174",83,28,55
"60QH000175",130,36,94
"60QH000176",149,63,86
"60QH000177",116,40,76
"60QH000178",161,73,88
"60QH000179",52,18,34
"60QH000180",110,42,68
"60QH000181",129,40,89
"60QH000182",112,35,77
"60QH000183",62,23,39
"60QH000184",94,36,58
"60QH000185",52,12,40
"60QH000186",61,23,38
"60QH000187",54,16,38
"60QH000188",75,32,43
"60QH000189",59,29,30
"60QH000190",99,32,67
"60QH000191",113,43,70
"60QH000192",88,44,44
"60QH000193",83,29,54
"60QH000194",88,37,51
"60QH000195",96,32,64
"60QH000196",107,45,62
"60QH000197",88,40,48
"60QH000198",113,54,59
"60QH000199",71,24,47
"60QH000200",116,46,70
"60QH000201",53,25,28
"60QH000202",124,53,71
"60QH000203",65,25,40
"60QH000204",77,35,42
"60QH000205",77,21,56
"60QH000206",132,40,92
"60QH000207",83,34,49
"60QH000208",98,33,65
"60QH000209",77,41,36
"60QH000210",126,40,86
"60QH000211",119,36,83
"60QH000212",74,24,50
"60QH000213",132,62,70
"60QH000214",98,34,64
"60QH000215",87,33,54
"60QH000216",67,29,38
"60QH000217",115,52,63
"60QH000218",135,43,92
"60QH000219",131,62,69
"60QH000220",88,33,55
"60QH000221",50,14,36
"60QH000222",105,32,73
"60QH000223",39,8,31
"60QH000224",55,17,38
"60QH000225",128,46,82
"60QH000226",111,35,76
"60QH000227",84,43,41
"60QH000228",101,42,59
"60QH000229",147,81,66
"60QH000230",149,52,97
"60QH000231",129,38,91
"60QH000232",57,28,29
"60QH000233",59,19,40
"60QH000234",116,40,76
"60QH000235",116,36,80
"60QH000236",98,38,60
"60QH000237",98,41,57
"60QH000238",118,53,65
"60QH000239",100,45,55
"60QH000240",98,34,64
"60QH000241",110,37,73
"60QH000242",85,31,54
"60QH000243",93,52,41
"60QH000244",57,20,37
"60QH000245",95,33,62
"60QH000246",94,38,56
"60QH000247",102,34,68
"60QH000248",67,37,30
"60QH000249",86,33,53
"60QH000250",129,47,82
"60QH000251",129,43,86
"60QH000252",101,35,66
"60QH000253",56,18,38
"60QH000254",99,25,74
"60QH000255",62,12,50
"60QH000256",107,46,61
"60QH000257",89,30,59
"60QH000258",83,22,61
"60QH000259",110,40,70
"60QH000260",60,34,26
"60QH000261",110,38,72
"60QH000262",74,33,41
"60QH000263",108,51,57
"60QH000264",84,46,38
"60QH000265",71,43,28
"60QH000266",54,24,30
"60QH000267",58,18,40
"60QH000268",66,19,47
"60QH000269",74,30,44
"60QH000270",72,20,52
"60QH000271",69,21,48
"60QH000272",113,52,61
"60QH000273",79,30,49
"60QH000274",109,32,77
"60QH000275",105,34,71
"60QH000276",100,34,66
"60QH000277",162,64,98
"60QH000278",65,25,40
"60QH000279",105,34,71
"60QH000280",101,32,69
"60QH000281",119,37,82
"60QH000282",47,12,35
"60QH000283",116,42,74
"60QH000284",86,31,55
"60QH000285",73,26,47
"60QH000286",78,38,40
"60QH000287",83,34,49
"60QH000288",117,47,70
"60QH000289",136,69,67
"60QH000290",74,21,53
"60QH000291",82,33,49
"60QH000292",133,27,106
"60QH000293",91,30,61
"60QH000294",106,44,62
"60QH000295",153,61,92
"60QH000296",93,51,42
"60QH000297",132,53,79
"60QH000298",98,34,64
"60QH000299",119,56,63
"60QH000300",117,45,72
"60QH000301",43,13,30
"60QH000302",138,43,95
"60QH000303",74,32,42
"60QH000304",79,37,42
"60QH000305",106,36,70
"60QH000306",109,38,71
"60QH000307",109,40,69
"60QH000308",63,25,38
"60QH000309",122,39,83
"60QH000310",99,38,61
"60QH000311",99,36,63
"60QH000312",111,36,75
"60QH000313",173,69,104
"60QH000314",117,54,63
"60QH000315",161,59,102
"60QH000316",62,14,48
"60QH000317",105,26,79
"60QH000318",140,58,82
"60QH000319",77,24,53
"60QH000320",137,43,94
"60QH000321",96,43,53
"60QH000322",75,42,33
"60QH000323",92,29,63
"60QH000324",118,34,84
"60QH000325",114,33,81
"60QH000326",63,31,32
"60QH000327",94,51,43
"60QH000328",71,37,34
"60QH000329",94,41,53
"60QH000330",80,31,49
"60QH000331",98,44,54
"60QH000332",76,37,39
"60QH000333",106,50,56
"60QH000334",110,38,72
"60QH000335",60,22,38
"60QH000336",97,49,48
"60QH000337",118,41,77
"60QH000338",91,29,62
"60QH000339",112,64,48
"60QH000340",88,37,51
"60QH000341",73,25,48
"60QH000342",116,78,38
"60QH000343",98,40,58
"60QH000344",115,51,64
"60QH000345",95,50,45
"60QH000346",64,26,38
"60QH000347",75,27,48
"60QH000348",77,25,52
"60QH000349",85,57,28
"60QH000350",66,41,25
"60QH000351",112,64,48
"60QH000352",108,48,60
"60QH000353",74,52,22
"60QH000354",120,52,68
"60QH000355",83,42,41
"60QH000356",85,34,51
"60QH000357",97,25,72
"60QH000358",107,29,78
"60QH000359",79,17,62
"60QH000360",67,31,36
"60QH000361",77,36,41
"60QH000362",121,65,56
"60QH000363",152,61,91
"60QH000364",95,40,55
"60QH000365",95,36,59
"60QH000366",63,33,30
"60QH000367",101,27,74
"60QH000368",128,71,57
"60QH000369",78,38,40
"60QH000370",85,32,53
"60QH000371",68,34,34
"60QH000372",93,41,52
"60QH000373",81,43,38
"60QH000374",100,43,57
"60QH000375",104,46,58
"60QH000376",98,44,54
"60QH000377",126,59,67
"60QH000378",101,52,49
"60QH000379",110,63,47
"60QH000380",109,32,77
"60QH000381",85,32,53
"60QH000382",91,53,38
"60QH000383",83,56,27
"60QH000384",98,49,49
"60QH000385",45,22,23
"60QH000386",94,33,61
"60QH000387",129,53,76
"60QH000388",73,49,24
"60QH000389",104,75,29
"60QH000390",124,74,50
"60QH000391",141,78,63
"60QH000392",119,69,50
"60QH000393",89,55,34
"60QH000394",72,51,21
"60QH000395",62,47,15
"60QH000396",96,78,18
"60QH000397",85,60,25
"60QH000398",79,57,22
"60QH000399",103,71,32
"60QH000400",71,51,20
"60QH000401",69,35,34
"60QH000402",113,63,50
"60QH000403",131,71,60
"60QH000404",88,59,29
"60QH000405",69,40,29
"60QH000406",56,45,11
"60QH000407",66,48,18
"60QH000408",86,40,46
"60QH000409",84,38,46
"60QH000410",57,23,34
"60QH000411",137,68,69
"60QH000412",73,54,19
"60QH000413",114,34,80
"60QH000414",94,38,56
"60QH000415",86,23,63
"60QH000416",127,49,78
"60QH000417",140,50,90
"60QH000418",89,50,39
"60QH000419",78,35,43
"60QH000420",94,40,54
"60QH000421",131,45,86
"60QH000422",101,43,58
"60QH000423",104,60,44
"60QH000424",78,32,46
"60QH000425",121,53,68
"60QH000426",134,38,96
"60QH000427",80,36,44
"60QH000428",62,34,28
"60QH000429",96,38,58
"60QH000430",112,45,67
"60QH000431",137,59,78
"60QH000432",84,39,45
"60QH000433",83,38,45
"60QH000434",88,26,62
"60QH000435",121,38,83
"60QH000436",82,36,46
"60QH000437",109,42,67
"60QH000438",140,46,94
"60QH000439",83,50,33
"60QH000440",97,42,55
"60QH000441",110,50,60
"60QH000442",81,29,52
"60QH000443",112,60,52
"60QH000444",88,36,52
"60QH000445",61,41,20
"60QH000446",90,46,44
"60QH000447",69,45,24
"60QH000448",71,18,53
"60QH000449",63,19,44
"60QH000450",87,36,51
"60QH000451",83,30,53
"60QH000452",103,33,70
"60QH000453",92,40,52
"60QH000454",73,28,45
"60QH000455",77,27,50
"60QH000456",81,21,60
"60QH000457",124,37,87
"60QH000458",94,19,75
"60QH000459",113,51,62
"60QH000460",128,59,69
"60QH000461",119,34,85
"60QH000462",96,48,48
"60QH000463",95,49,46
"60QH000464",128,68,60
"60QH000465",99,51,48
"60QH000466",95,32,63
"60QH000467",133,71,62
"60QH000468",139,75,64
"60QH000469",86,46,40
"60QH000470",114,50,64
"60QH000471",93,51,42
"60QH000472",84,43,41
"60QH000473",109,57,52
"60QH000474",122,65,57
"60QH000475",81,53,28
"60QH000476",90,38,52
"60QH000477",107,43,64
"60QH000478",100,54,46
"60QH000479",79,56,23
"60QH000480",77,43,34
"60QH000481",119,55,64
"60QH000482",62,35,27
"60QH000483",104,56,48
"60QH000484",103,41,62
"60QH000485",99,53,46
"60QH000486",115,62,53
"60QH000487",134,72,62
"60QH000488",101,52,49
"60QH000489",167,92,75
"60QH000490",123,38,85
"60QH000491",116,32,84
"60QH000492",111,41,70
"60QH000493",116,72,44
"60QH000494",108,58,50
"60QH000495",127,52,75
"60QH000496",122,40,82
"60QH000497",124,53,71
"60QH000498",101,41,60
"60QH000499",119,56,63
"60QH000500",60,24,36
"60QH000501",106,59,47
"60QH000502",65,32,33
"60QH000503",148,57,91
"60QH000504",60,40,20
"60QH000505",93,53,40
"60QH000506",115,51,64
"60QH000507",119,62,57
"60QH000508",70,32,38
"60QH000509",106,39,67
"60QH000510",91,23,68
"60QH000511",100,30,70
"60QH000512",79,33,46
"60QH000513",126,71,55
"60QH000514",83,42,41
"60QH000515",85,31,54
"60QH000516",103,45,58
"60QH000517",67,27,40
"60QH000518",94,42,52
"60QH000519",66,49,17
"60QH000520",78,40,38
"60QH000521",108,51,57
"60QH000522",79,63,16
"60QH000523",88,32,56
"60QH000524",78,28,50
"60QH000525",116,46,70
"60QH000526",61,37,24
"60QH000527",94,58,36
"60QH000528",89,56,33
"60QH000529",86,29,57
"60QH000530",56,29,27
"60QH000531",90,34,56
"60QH000532",92,36,56
"60QH000533",74,34,40
"60QH000534",117,57,60
"60QH000535",76,39,37
"60QH000536",59,23,36
"60QH000537",91,55,36
"60QH000538",101,51,50
"60QH000539",107,69,38
"60QH000540",76,30,46
"60QH000541",85,21,64
"60QH000542",124,55,69
"60QH000543",104,38,66
"60QH000544",98,72,26
"60QH000545",48,34,14
"60QH000546",58,43,15
"60QH000547",75,35,40
"60QH000548",74,31,43
"60QH000549",70,29,41
"60QH000550",84,55,29
"60QH000551",77,43,34
"60QH000552",76,40,36
"60QH000553",89,50,39
"60QH000554",72,42,30
"60QH000555",59,41,18
"60QH000556",87,50,37
"60QH000557",78,37,41
"60QH000558",88,45,43
"60QH000559",101,53,48
"60QH000560",108,45,63
"60QH000561",101,38,63
"60QH000562",104,38,66
"60QH000563",82,25,57
"60QH000564",92,25,67
"60QH000565",116,60,56
"60QH000566",133,59,74
"60QH000567",94,62,32
"60QH000568",79,45,34
"60QH000569",75,33,42
"60QH000570",87,34,53
"60QH000571",75,33,42
"60QH000572",78,22,56
"60QH000573",79,37,42
"60QH000574",82,32,50
"60QH000575",86,42,44
"60QH000576",135,73,62
"60QH000577",98,46,52
"60QH000578",114,41,73
"60QH000579",104,42,62
"60QH000580",123,62,61
"60QH000581",95,44,51
"60QH000582",92,55,37
"60QH000583",79,48,31
"60QH000584",102,58,44
"60QH000585",103,43,60
"60QH000586",95,43,52
"60QH000587",120,75,45
"60QH000588",57,38,19
"60QH000589",100,61,39
"60QH000590",121,35,86
"60QH000591",168,48,120
"60QH000592",164,59,105
"60QH000593",118,51,67
"60QH000594",59,35,24
"60QH000595",103,64,39
"60QH000596",52,36,16
"60QH000597",119,66,53
"60QH000598",147,35,112
"60QH000599",118,66,52
"60QH000600",84,51,33
"60QH000601",107,38,69
"60QH000602",117,31,86
"60QH000603",87,37,50
"60QH000604",123,50,73
"60QH000605",90,36,54
"60QH000606",81,31,50
"60QH000607",93,46,47
"60QH000608",60,40,20
"60QH000609",94,36,58
"60QH000610",116,58,58
"60QH000611",105,43,62
"60QH000612",120,55,65
"60QH000613",83,25,58
"60QH000614",77,41,36
"60QH000615",90,60,30
"60QH000616",130,60,70
"60QH000617",95,46,49
"60QH000618",104,41,63
"60QH000619",84,36,48
"60QH000620",86,38,48
"60QH000621",73,31,42
"60QH000622",138,63,75
"60QH000623",157,59,98
"60QH000624",141,39,102
"60QH000625",109,39,70
"60QH000626",103,38,65
"60QH000627",71,24,47
"60QH000628",96,72,24
"60QH000629",90,70,20
"60QH000630",102,71,31
"60QH000631",123,73,50
"60QH000632",127,59,68
"60QH000633",51,12,39
"60QH000634",161,53,108
"60QH000635",71,31,40
"60QH000636",80,28,52
"60QH000637",151,47,104
"60QH000638",102,35,67
"60QH000639",124,49,75
"60QH000640",91,45,46
"60QH000641",78,57,21
"60QH000642",87,44,43
"60QH000643",109,77,32
"60QH000644",102,72,30
"60QH000645",72,64,8
"60QH000646",96,54,42
"60QH000647",89,64,25
"60QH000648",90,68,22
"60QH000649",106,62,44
"60QH000650",84,57,27
"60QH000651",96,72,24
"60QH000652",116,86,30
"60QH000653",67,66,1
"60QH000654",155,56,99
"60QH000655",141,94,47
"60QH000656",135,70,65
"60QH000657",95,70,25
"60QH000658",86,22,64
"60QH000659",94,39,55
"60QH000660",78,16,62
"60QH000661",75,31,44
"60QH000662",113,48,65
"60QH000663",78,37,41
"60QH000664",112,44,68
"60QH000665",65,43,22
"60QH000666",58,37,21
"60QH000667",70,39,31
"60QH000668",124,67,57
"60QH000669",88,59,29
"60QH000670",109,54,55
"60QH000671",121,51,70
"60QH000672",123,58,65
"60QH000673",106,58,48
"60QH000674",110,33,77
"60QH000675",69,14,55
"60QH000676",104,33,71
"60QH000677",106,42,64
"60QH000678",81,26,55
"60QH000679",142,77,65
"60QH000680",56,14,42
"60QH000681",94,49,45
"60QH000682",97,54,43
"60QH000683",80,36,44
"60QH000684",94,46,48
"60QH000685",109,37,72
"60QH000686",97,23,74
"60QH000687",86,26,60
"60QH000688",108,73,35
"60QH000689",90,61,29
"60QH000690",80,26,54
"60QH000691",93,29,64
"60QH000692",97,25,72
"60QH000693",133,45,88
"60QH000694",128,37,91
"60QH000695",96,52,44
"60QH000696",97,26,71
"60QH000697",141,47,94
"60QH000698",116,35,81
"60QH000699",115,65,50
"60QH000700",62,36,26
"60QH000701",110,23,87
"60QH000702",102,46,56
"60QH000703",120,37,83
"60QH000704",112,61,51
"60QH000705",127,93,34
"60QH000706",118,48,70
"60QH000707",96,29,67
"60QH000708",117,34,83
"60QH000709",72,27,45
"60QH000710",134,31,103
"60QH000711",64,24,40
"60QH000712",128,37,91
"60QH000713",146,45,101
"60QH000714",146,53,93
"60QH000715",105,41,64
"60QH000716",72,21,51
"60QH000717",96,42,54
"60QH000718",65,35,30
"60QH000719",99,25,74
"60QH000720",99,57,42
"60QH000721",59,35,24
"60QH000722",81,35,46
"60QH000723",108,29,79
"60QH000724",79,31,48
"60QH000725",111,28,83
"60QH000726",99,43,56
"60QH000727",84,56,28
"60QH000728",116,49,67
"60QH000729",102,35,67
"60QH000730",59,38,21
"60QH000731",107,56,51
"60QH000732",84,48,36
"60QH000733",83,32,51
"60QH000734",74,44,30
"60QH000735",92,50,42
"60QH000736",90,46,44
"60QH000737",103,57,46
"60QH000738",73,55,18
"60QH000739",76,52,24
"60QH000740",66,40,26
"60QH000741",91,35,56
"60QH000742",77,32,45
"60QH000743",86,26,60
"60QH000744",41,19,22
"60QH000745",50,27,23
"60QH000746",78,38,40
"60QH000747",109,26,83
"60QH000748",80,46,34
"60QH000749",57,43,14
"60QH000750",59,45,14
"60QH000751",98,67,31
"60QH000752",115,68,47
"60QH000753",133,69,64
"60QH000754",138,37,101
"60QH000755",117,26,91
"60QH000756",107,37,70
"60QH000757",82,18,64
"60QH000758",53,31,22
"60QH000759",61,23,38
"60QH000760",97,70,27
"60QH000761",108,68,40
"60QH000762",65,49,16
"60QH000763",126,40,86
"60QH000764",147,68,79
"60QH000765",183,136,47
"60QH000766",103,55,48
"60QH000767",129,67,62
"60QH000768",96,55,41
"60QH000769",100,46,54
"60QH000770",64,52,12
"60QH000771",57,27,30
"60QH000772",122,84,38
"60QH000773",145,70,75
"60QH000774",96,28,68
"60QH000775",99,37,62
"60QH000776",82,37,45
"60QH000777",144,50,94
"60QH000778",128,48,80
"60QH000779",120,60,60
"60QH000780",83,35,48
"60QH000781",75,43,32
"60QH000782",110,39,71
"60QH000783",89,53,36
"60QH000784",66,42,24
"60QH000785",61,46,15
"60QH000786",88,70,18
"60QH000787",108,72,36
"60QH000788",115,80,35
"60QH000789",111,69,42
"60QH000790",78,46,32
"60QH000791",96,36,60
"60QH000792",67,50,17
"60QH000793",107,46,61
"60QH000794",97,42,55
"60QH000795",91,41,50
"60QH000796",141,57,84
"60QH000797",88,33,55
"60QH000798",51,37,14
"60QH000799",81,55,26
"60QH000800",69,45,24
"60QH000801",103,70,33
"60QH000802",131,71,60
"60QH000803",67,39,28
"60QH000804",74,51,23
"60QH000805",62,39,23
"60QH000806",74,32,42
"60QH000807",89,55,34
"60QH000808",55,35,20
"60QH000809",99,51,48
"60QH000810",77,53,24
"60QH000811",75,45,30
"60QH000812",71,34,37
"60QH000813",69,51,18
"60QH000814",100,54,46
"60QH000815",86,36,50
"60QH000816",57,43,14
"60QH000817",72,28,44
"60QH000818",86,67,19
"60QH000819",68,42,26
"60QH000820",67,35,32
"60QH000821",124,39,85
"60QH000822",90,39,51
"60QH000823",79,45,34
"60QH000824",117,69,48
"60QH000825",114,67,47
"60QH000826",96,36,60
"60QH000827",100,52,48
"60QH000828",110,47,63
"60QH000829",96,55,41
"60QH000830",81,49,32
"60QH000831",137,51,86
"60QH000832",117,70,47
"60QH000833",98,46,52
"60QH000834",110,48,62
"60QH000835",76,38,38
"60QH000836",127,57,70
"60QH000837",105,60,45
"60QH000838",77,31,46
"60QH000839",97,37,60
"60QH000840",113,40,73
"60QH000841",93,43,50
"60QH000842",104,18,86
"60QH000843",107,51,56
"60QH000844",57,27,30
"60QH000845",100,47,53
"60QH000846",116,54,62
"60QH000847",148,74,74
"60QH000848",147,55,92
"60QH000849",118,38,80
"60QH000850",92,34,58
"60QH000851",79,39,40
"60QH000852",94,24,70
"60QH000853",85,47,38
"60QH000854",95,50,45
"60QH000855",133,65,68
"60QH000856",138,57,81
"60QH000857",140,53,87
"60QH000858",147,82,65
"60QH000859",83,44,39
"60QH000860",88,48,40
"60QH000861",93,43,50
"60QH000862",98,41,57
"60QH000863",100,42,58
"60QH000864",141,43,98
"60QH000865",104,42,62
"60QH000866",112,43,69
"60QH000867",164,51,113
"60QH000868",107,22,85
"60QH000869",106,35,71
"60QH000870",124,34,90
"60QH000871",99,33,66
"60QH000872",133,47,86
"60QH000873",137,48,89
"60QH000874",82,25,57
"60QH000875",67,19,48
"60QH000876",131,57,74
"60QH000877",95,30,65
"60QH000878",107,38,69
"60QH000879",114,44,70
"60QH000880",113,66,47
"60QH000881",69,33,36
"60QH000882",120,45,75
"60QH000883",116,51,65
"60QH000884",101,57,44
"60QH000885",93,39,54
"60QH000886",48,21,27
"60QH000887",71,53,18
"60QH000888",92,51,41
"60QH000889",83,28,55
"60QH000890",137,62,75
"60QH000891",77,41,36
"60QH000892",125,52,73
"60QH000893",152,60,92
"60QH000894",124,58,66
"60QH000895",71,48,23
"60QH000896",140,41,99
"60QH000897",121,62,59
"60QH000898",79,39,40
"60QH000899",113,79,34
"60QH000900",125,73,52
"60QH000901",113,49,64
"60QH000902",61,39,22
"60QH000903",148,79,69
"60QH000904",99,47,52
"60QH000905",102,39,63
"60QH000906",117,41,76
"60QH000907",81,33,48
"60QH000908",86,28,58
"60QH000909",120,55,65
"60QH000910",124,41,83
"60QH000911",153,40,113
"60QH000912",90,50,40
"60QH000913",118,58,60
"60QH000914",80,39,41
"60QH000915",105,32,73
"60QH000916",90,40,50
"60QH000917",56,46,10
"60QH000918",83,31,52
"60QH000919",124,35,89
"60QH000920",127,64,63
"60QH000921",80,34,46
"60QH000922",90,45,45
"60QH000923",78,33,45
"60QH000924",103,52,51
"60QH000925",95,58,37
"60QH000926",146,71,75
"60QH000927",71,41,30
"60QH000928",57,23,34
"60QH000929",135,49,86
"60QH000930",110,48,62
"60QH000931",60,24,36
"60QH000932",42,24,18
"60QH000933",114,47,67
"60QH000934",84,27,57
"60QH000935",96,50,46
"60QH000936",79,46,33
"60QH000937",101,50,51
"60QH000938",108,52,56
"60QH000939",137,73,64
"60QH000940",121,48,73
"60QH000941",53,10,43
"60QH000942",127,72,55
"60QH000943",49,27,22
"60QH000944",137,76,61
"60QH000945",98,44,54
"60QH000946",132,55,77
"60QH000947",121,49,72
"60QH000948",86,47,39
"60QH000949",79,37,42
"60QH000950",92,52,40
"60QH000951",93,41,52
"60QH000952",63,29,34
"60QH000953",87,33,54
"60QH000954",132,52,80
"60QH000955",102,54,48
"60QH000956",102,45,57
"60QH000957",102,38,64
"60QH000958",112,48,64
"60QH000959",71,25,46
"60QH000960",68,38,30
"60QH000961",94,38,56
"60QH000962",81,27,54
"60QH000963",108,40,68
"60QH000964",71,31,40
"60QH000965",101,53,48
"60QH000966",99,32,67
"60QH000967",133,48,85
"60QH000968",117,69,48
"60QH000969",136,40,96
"60QH000970",137,74,63
"60QH000971",95,59,36
"60QH000972",82,38,44
"60QH000973",77,42,35
"60QH000974",84,39,45
"60QH000975",76,28,48
"60QH000976",85,42,43
"60QH000977",80,34,46
"60QH000978",93,57,36
"60QH000979",48,21,27
"60QH000980",52,30,22
"60QH000981",113,35,78
"60QH000982",95,38,57
"60QH000983",47,25,22
"60QH000984",60,28,32
"60QH000985",66,42,24
"60QH000986",58,44,14
"60QH000987",82,38,44
"60QH000988",117,43,74
"60QH000989",67,27,40
"60QH000990",82,40,42
"60QH000991",100,46,54
"60QH000992",73,48,25
"60QH000993",76,22,54
"60QH000994",54,15,39
"60QH000995",48,15,33
"60QH000996",69,21,48
"60QH000997",78,26,52
"60QH000998",91,24,67
"60QH000999",41,11,30
"60QH001000",68,20,48
"60QH001001",95,38,57
"60QH001002",84,40,44
"60QH001003",54,32,22
"60QH001004",89,43,46
"60QH001005",63,29,34
"60QH001006",107,39,68
"60QH001007",93,24,69
"60QH001008",65,27,38
"60QH001009",70,27,43
"60QH001010",59,16,43
"60QH001011",91,22,69
"60QH001012",92,46,46
"60QH001013",69,33,36
"60QH001014",88,33,55
"60QH001015",57,25,32
"60QH001016",95,44,51
"60QH001017",44,22,22
"60QH001018",141,57,84
"60QH001019",73,47,26
"60QH001020",45,27,18
"60QH001021",69,33,36
"60QH001022",84,45,39
"60QH001023",77,39,38
"60QH001024",60,16,44
"60QH001025",99,33,66
"60QH001026",51,26,25
"60QH001027",96,35,61
"60QH001028",84,32,52
"60QH001029",42,18,24
"60QH001030",69,19,50
"60QH001031",99,29,70
"60QH001032",75,29,46
"60QH001033",86,31,55
"60QH001034",46,14,32
"60QH001035",91,35,56
"60QH001036",79,23,56
"60QH001037",80,35,45
"60QH001038",48,18,30
"60QH001039",90,28,62
"60QH001040",111,29,82
"60QH001041",136,43,93
"60QH001042",129,68,61
"60QH001043",100,28,72
"60QH001044",100,38,62
"60QH001045",103,50,53
"60QH001046",95,25,70
"60QH001047",85,31,54
"60QH001048",70,27,43
"60QH001049",96,34,62
"60QH001050",136,39,97
"60QH001051",93,23,70
"60QH001052",127,71,56
"60QH001053",106,48,58
"60QH001054",120,48,72
"60QH001055",104,43,61
"60QH001056",118,41,77
"60QH001057",56,25,31
"60QH001058",72,34,38
"60QH001059",64,22,42
"60QH001060",97,34,63
"60QH001061",101,52,49
"60QH001062",92,32,60
"60QH001063",83,30,53
"60QH001064",85,42,43
"60QH001065",86,41,45
"60QH001066",48,18,30
"60QH001067",59,31,28
"60QH001068",102,37,65
"60QH001069",75,39,36
"60QH001070",52,37,15
"60QH001071",92,68,24
"60QH001072",85,35,50
"60QH001073",93,29,64
"60QH001074",106,43,63
"60QH001075",93,52,41
"60QH001076",100,43,57
"60QH001077",75,27,48
"60QH001078",75,23,52
"60QH001079",96,42,54
"60QH001080",62,32,30
"60QH001081",99,70,29
"60QH001082",101,28,73
"60QH001083",53,29,24
"60QH001084",57,16,41
"60QH001085",73,17,56
"60QH001086",68,30,38
"60QH001087",154,71,83
"60QH001088",46,36,10
"60QH001089",65,23,42
"60QH001090",60,17,43
"60QH001091",102,44,58
"60QH001092",95,57,38
"60QH001093",56,29,27
"60QH001094",135,60,75
"60QH001095",67,35,32
"60QH001096",94,18,76
"60QH001097",95,46,49
"60QH001098",130,31,99
"60QH001099",98,50,48
"60QH001100",46,16,30
"60QH001101",103,44,59
"60QH001102",70,19,51
"60QH001103",90,41,49
"60QH001104",58,14,44
"60QH001105",95,65,30
"60QH001106",101,62,39
"60QH001107",45,33,12
"60QH001108",96,64,32
"60QH001109",72,42,30
"60QH001110",47,37,10
"60QH001111",66,38,28
"60QH001112",54,40,14
"60QH001113",81,58,23
"60QH001114",93,58,35
"60QH001115",59,24,35
"60QH001116",73,46,27
"60QH001117",69,48,21
"60QH001118",92,41,51
"60QH001119",78,31,47
"60QH001120",68,28,40
"60QH001121",84,40,44
"60QH001122",79,23,56
"60QH001123",87,33,54
"60QH001124",97,39,58
"60QH001125",87,31,56
"60QH001126",99,37,62
"60QH001127",144,60,84
"60QH001128",110,49,61
"60QH001129",58,31,27
"60QH001130",137,42,95
"60QH001131",126,58,68
"60QH001132",91,48,43
"60QH001133",101,24,77
"60QH001134",91,31,60
"60QH001135",63,21,42
"60QH001136",61,20,41
"60QH001137",105,54,51
"60QH001138",77,17,60
"60QH001139",107,43,64
"60QH001140",89,39,50
"60QH001141",42,26,16
"60QH001142",166,71,95
"60QH001143",117,44,73
"60QH001144",44,15,29
"60QH001145",84,45,39
"60QH001146",85,32,53
"60QH001147",92,38,54
"60QH001148",71,37,34
"60QH001149",106,44,62
"60QH001150",137,58,79
"60QH001151",68,19,49
"60QH001152",89,47,42
"60QH001153",74,38,36
"60QH001154",70,30,40
"60QH001155",107,55,52
"60QH001156",82,31,51
"60QH001157",98,67,31
"60QH001158",82,38,44
"60QH001159",107,64,43
"60QH001160",80,36,44
"60QH001161",122,34,88
"60QH001162",46,16,30
"60QH001163",55,39,16
"60QH001164",48,44,4
"60QH001165",92,46,46
"60QH001166",99,30,69
"60QH001167",133,70,63
"60QH001168",151,64,87
"60QH001169",66,45,21
"60QH001170",63,17,46
"60QH001171",71,32,39
"60QH001172",84,34,50
"60QH001173",128,71,57
"60QH001174",45,21,24
"60QH001175",74,34,40
"60QH001176",86,52,34
"60QH001177",70,21,49
"60QH001178",122,32,90
"60QH001179",95,51,44
"60QH001180",77,31,46
"60QH001181",111,30,81
"60QH001182",59,15,44
"60QH001183",88,44,44
"60QH001184",73,44,29
"60QH001185",48,34,14
"60QH001186",117,78,39
"60QH001187",47,31,16
"60QH001188",101,49,52
"60QH001189",108,45,63
"60QH001190",77,29,48
"60QH001191",55,47,8
"60QH001192",79,61,18
"60QH001193",80,46,34
"60QH001194",133,73,60
"60QH001195",86,58,28
"60QH001196",55,44,11
"60QH001197",114,55,59
"60QH001198",113,62,51
"60QH001199",110,68,42
"60QH001200",193,83,110
"60QH001201",109,55,54
"60QH001202",143,41,102
"60QH001203",106,28,78
"60QH001204",140,69,71
"60QH001205",111,31,80
"60QH001206",97,33,64
"60QH001207",96,39,57
"60QH001208",93,42,51
"60QH001209",91,33,58
"60QH001210",80,22,58
"60QH001211",106,48,58
"60QH001212",60,27,33
"60QH001213",51,27,24
"60QH001214",105,30,75
"60QH001215",108,43,65
"60QH001216",111,48,63
"60QH001217",95,54,41
"60QH001218",72,30,42
"60QH001219",103,56,47
"60QH001220",64,31,33
"60QH001221",159,78,81
"60QH001222",82,72,10
"60QH001223",71,54,17
"60QH001224",70,30,40
"60QH001225",80,41,39
"60QH001226",116,54,62
"60QH001227",76,32,44
"60QH001228",95,27,68
"60QH001229",105,21,84
"60QH001230",65,31,34
"60QH001231",113,51,62
"60QH001232",70,30,40
"60QH001233",120,66,54
"60QH001234",74,14,60
"60QH001235",93,34,59
"60QH001236",154,74,80
"60QH001237",94,44,50
"60QH001238",99,30,69
"60QH001239",124,40,84
"60QH001240",90,28,62
"60QH001241",60,26,34
"60QH001242",110,36,74
"60QH001243",83,38,45
"60QH001244",99,43,56
"60QH001245",58,39,19
"60QH001246",124,71,53
"60QH001247",79,53,26
"60QH001248",63,35,28
"60QH001249",143,71,72
"60QH001250",88,48,40
"60QH001251",74,22,52
"60QH001252",100,24,76
"60QH001253",57,26,31
"60QH001254",156,94,62
"60QH001255",95,29,66
"60QH001256",65,21,44
"60QJ000001",95,90,5
"60QJ000002",106,106,0
"60QJ000003",203,194,9
"60QJ000004",138,103,35
"60QJ000005",88,64,24
"60QJ000006",145,115,30
"60QJ000007",98,78,20
"60QJ000008",95,83,12
"60QJ000009",106,80,26
"60QJ000010",82,72,10
"60QJ000011",176,133,43
"60QJ000012",74,67,7
"60QJ000013",58,58,0
"60QJ000014",150,140,10
"60QJ000015",76,62,14
"60QJ000016",79,66,13
"60QJ000017",139,109,30
"60QJ000018",140,119,21
"60QJ000019",336,298,38
"60QJ000020",116,70,46
"60QJ000021",101,89,12
"60QJ000022",111,104,7
"60QJ000023",69,67,2
"60QJ000024",123,106,17
"60QJ000025",62,57,5
"60QJ000026",119,112,7
"60QJ000027",101,91,10
"60QJ000028",61,49,12
"60QJ000029",97,85,12
"60QJ000030",87,74,13
"60QJ000031",79,72,7
"60QJ000032",83,54,29
"60QJ000033",141,78,63
"60QJ000034",72,66,6
"60QJ000035",53,45,8
"60QJ000036",85,67,18
"60QJ000037",83,79,4
"60QJ000038",81,74,7
"60QJ000039",53,53,0
"60QJ000040",110,83,27
"60QJ000041",121,93,28
"60QJ000042",99,76,23
"60QJ000043",122,44,78
"60QJ000044",94,34,60
"60QJ000045",82,13,69
"60QJ000046",80,28,52
"60QJ000047",78,36,42
"60QJ000048",115,40,75
"60QJ000049",87,26,61
"60QJ000050",105,29,76
"60QJ000051",190,153,37
"60QJ000052",107,35,72
"60QJ000053",151,56,95
"60QJ000054",159,66,93
"60QJ000055",110,36,74
"60QJ000056",61,25,36
"60QJ000057",134,55,79
"60QJ000058",327,254,73
"60QJ000059",142,46,96
"60QJ000060",111,68,43
"60QJ000061",119,43,76
"60QJ000062",100,23,77
"60QJ000063",57,47,10
"60QJ000064",101,93,8
"60QJ000065",75,44,31
"60QJ000066",108,88,20
"60QJ000067",63,51,12
"60QJ000068",64,47,17
"60QJ000069",54,34,20
"60QJ000070",111,61,50
"60QJ000071",84,33,51
"60QJ000072",104,71,33
"60QJ000073",105,83,22
"60QJ000074",101,83,18
"60QJ000075",125,99,26
"60QJ000076",93,78,15
"60QJ000077",116,91,25
"60QJ000078",92,81,11
"60QJ000079",52,41,11
"60QJ000080",181,155,26
"60QJ000081",102,77,25
"60QJ000082",146,94,52
"60QJ000083",121,89,32
"60QJ000084",134,58,76
"60QJ000085",103,83,20
"60QJ000086",114,84,30
"60QJ000087",154,85,69
"60QJ000088",108,44,64
"60QJ000089",85,61,24
"60QJ000090",51,28,23
"60QJ000091",107,101,6
"60QJ000092",68,40,28
"60QJ000093",125,80,45
"60QJ000094",91,44,47
"60QJ000095",161,62,99
"60QJ000096",46,18,28
"60QJ000097",116,33,83
"60QJ000098",113,51,62
"60QJ000099",46,20,26
"60QJ000100",106,36,70
"60QJ000101",177,97,80
"60QJ000102",120,64,56
"60QJ000103",90,37,53
"60QJ000104",93,54,39
"60QJ000105",99,42,57
"60QJ000106",61,38,23
"60QJ000107",90,46,44
"60QJ000108",85,32,53
"60QJ000109",91,57,34
"60QJ000110",98,65,33
"60QJ000111",95,29,66
"60QJ000112",101,37,64
"60QJ000113",108,25,83
"60QJ000114",110,34,76
"60QJ000115",75,59,16
"60QJ000116",113,43,70
"60QJ000117",108,41,67
"60QJ000118",81,29,52
"60QJ000119",94,28,66
"60QJ000120",126,38,88
"60QJ000121",93,27,66
"60QJ000122",87,42,45
"60QJ000123",81,45,36
"60QJ000124",79,42,37
"60QJ000125",82,62,20
"60QJ000126",86,42,44
"60QJ000127",86,59,27
"60QJ000128",117,67,50
"60QJ000129",147,94,53
"60QJ000130",120,93,27
"60QJ000131",102,74,28
"60QJ000132",95,66,29
"60QJ000133",81,43,38
"60QJ000134",63,44,19
"60QJ000135",112,96,16
"60QJ000136",69,41,28
"60QJ000137",78,50,28
"60QJ000138",81,41,40
"60QJ000139",65,40,25
"60QJ000140",105,63,42
"60QJ000141",98,67,31
"60QJ000142",76,71,5
"60QJ000143",48,45,3
"60QJ000144",104,94,10
"60QJ000145",67,59,8
"60QJ000146",72,62,10
"60QJ000147",99,91,8
"60QJ000148",82,73,9
"60QJ000149",79,72,7
"60QJ000150",105,77,28
"60QJ000151",135,104,31
"60QJ000152",67,62,5
"60QJ000153",110,83,27
"60QJ000154",54,50,4
"60QJ000155",75,59,16
"60QJ000156",85,70,15
"60QJ000157",104,75,29
"60QJ000158",70,40,30
"60QJ000159",80,57,23
"60QJ000160",65,55,10
"60QJ000161",74,57,17
"60QJ000162",116,62,54
"60QJ000163",102,53,49
"60QJ000164",55,36,19
"60QJ000165",59,45,14
"60QJ000166",62,54,8
"60QJ000167",54,43,11
"60QJ000168",105,80,25
"60QJ000169",66,36,30
"60QJ000170",111,72,39
"60QJ000171",117,54,63
"60QJ000172",93,38,55
"60QJ000173",62,30,32
"60QJ000174",84,51,33
"60QJ000175",52,44,8
"60QJ000176",51,39,12
"60QJ000177",99,83,16
"60QJ000178",115,71,44
"60QJ000179",133,77,56
"60QJ000180",131,69,62
"60QJ000181",99,83,16
"60QJ000182",67,55,12
"60QJ000183",85,67,18
"60QJ000184",101,48,53
"60QJ000185",98,74,24
"60QJ000186",132,94,38
"60QJ000187",113,47,66
"60QJ000188",70,32,38
"60QJ000189",40,30,10
"60QJ000190",67,49,18
"60QJ000191",39,30,9
"60QJ000192",37,26,11
"60QJ000193",51,40,11
"60QJ000194",78,58,20
"60QJ000195",94,69,25
"60QJ000196",42,37,5
"60QJ000197",85,47,38
"60QJ000198",79,42,37
"60QJ000199",153,47,106
"60QJ000200",126,35,91
"60QJ000201",106,33,73
"60QJ000202",175,54,121
"60QJ000203",85,30,55
"60QJ000204",142,43,99
"60QJ000205",76,63,13
"60QJ000206",74,36,38
"60QJ000207",50,42,8
"60QJ000208",53,37,16
"60QJ000209",105,61,44
"60QJ000210",128,65,63
"60QJ000211",85,65,20
"60QJ000212",60,52,8
"60QJ000213",78,50,28
"60QJ000214",64,46,18
"60QJ000215",116,78,38
"60QJ000216",114,54,60
"60QJ000217",93,61,32
"60QJ000218",79,53,26
"60QJ000219",45,25,20
"60QJ000220",81,66,15
"60QJ000221",93,68,25
"60QJ000222",68,56,12
"60QJ000223",55,40,15
"60QJ000224",57,40,17
"60QJ000225",53,43,10
"60QJ000226",54,39,15
"60QJ000227",102,80,22
"60QJ000228",109,87,22
"60QJ000229",111,65,46
"60QJ000230",84,44,40
"60QJ000231",78,44,34
"60QJ000232",92,32,60
"60QJ000233",70,50,20
"60QJ000234",96,79,17
"60QJ000235",97,62,35
"60QJ000236",107,68,39
"60QJ000237",127,44,83
"60QJ000238",94,56,38
"60QJ000239",62,36,26
"60QJ000240",80,51,29
"60QJ000241",65,39,26
"60QJ000242",76,38,38
"60QJ000243",96,58,38
"60QJ000244",61,40,21
"60QJ000245",113,58,55
"60QJ000246",90,44,46
"60QJ000247",100,64,36
"60QJ000248",124,66,58
"60QJ000249",114,93,21
"60QJ000250",58,32,26
"60QJ000251",43,25,18
"60QJ000252",106,64,42
"60QJ000253",111,58,53
"60QJ000254",102,47,55
"60QJ000255",90,47,43
"60QJ000256",74,44,30
"60QJ000257",35,19,16
"60QJ000258",102,49,53
"60QJ000259",52,39,13
"60QJ000260",96,71,25
"60QJ000261",97,63,34
"60QJ000262",100,61,39
"60QJ000263",85,37,48
"60QJ000264",51,31,20
"60QJ000265",97,60,37
"60QJ000266",114,76,38
"60QJ000267",108,64,44
"60QJ000268",136,73,63
"60QJ000269",108,73,35
"60QJ000270",119,73,46
"60QJ000271",72,50,22
"60QJ000272",102,51,51
"60QJ000273",112,80,32
"60QJ000274",52,45,7
"60QJ000275",94,52,42
"60QJ000276",73,52,21
"60QJ000277",113,52,61
"60QJ000278",95,60,35
"60QJ000279",123,75,48
"60QJ000280",49,23,26
"60QJ000281",82,45,37
"60QJ000282",44,23,21
"60QJ000283",77,47,30
"60QJ000284",92,46,46
"60QJ000285",83,44,39
"60QJ000286",75,32,43
"60QJ000287",182,78,104
"60QJ000288",162,73,89
"60QJ000289",93,51,42
"60QJ000290",105,85,20
"60QJ000291",79,51,28
"60QJ000292",61,46,15
"60QJ000293",58,50,8
"60QJ000294",93,61,32
"60QJ000295",60,28,32
"60QJ000296",93,53,40
"60QJ000297",76,40,36
"60QJ000298",59,45,14
"60QJ000299",50,36,14
"60QJ000300",78,50,28
"60QJ000301",68,44,24
"60QJ000302",57,21,36
"60QJ000303",104,42,62
"60QJ000304",58,32,26
"60QJ000305",72,44,28
"60QJ000306",125,75,50
"60QJ000307",116,72,44
"60QJ000308",75,46,29
"60QJ000309",110,42,68
"60QJ000310",161,76,85
"60QJ000311",79,45,34
"60QJ000312",121,56,65
"60QJ000313",112,57,55
"60QJ000314",108,77,31
"60QJ000315",114,68,46
"60QJ000316",85,52,33
"60QJ000317",71,44,27
"60QJ000318",78,59,19
"60QJ000319",64,38,26
"60QJ000320",81,58,23
"60QJ000321",90,65,25
"60QJ000322",47,29,18
"60QJ000323",92,58,34
"60QJ000324",61,49,12
"60QJ000325",84,58,26
"60QJ000326",86,54,32
"60QJ000327",54,43,11
"60QJ000328",76,65,11
"60QJ000329",51,26,25
"60QJ000330",129,113,16
"60QJ000331",124,67,57
"60QJ000332",143,79,64
"60QJ000333",73,57,16
"60QJ000334",79,46,33
"60QJ000335",97,81,16
"60QJ000336",94,79,15
"60QJ000337",91,59,32
"60QJ000338",102,75,27
"60QJ000339",146,110,36
"60QJ000340",116,97,19
"60QJ000341",109,88,21
"60QJ000342",76,63,13
"60QJ000343",55,51,4
"60QJ000344",81,61,20
"60QJ000345",120,89,31
"60QJ000346",47,45,2
"60QJ000347",67,59,8
"60QJ000348",98,73,25
"60QJ000349",56,46,10
"60QJ000350",92,52,40
"60QJ000351",54,42,12
"60QJ000352",86,71,15
"60QJ000353",50,38,12
"60QJ000354",60,52,8
"60QJ000355",52,43,9
"60QJ000356",65,49,16
"60QJ000357",116,90,26
"60QJ000358",89,64,25
"60QJ000359",79,57,22
"60QJ000360",50,34,16
"60QJ000361",52,38,14
"60QJ000362",86,65,21
"60QJ000363",95,58,37
"60QJ000364",65,39,26
"60QJ000365",80,46,34
"60QJ000366",95,72,23
"60QJ000367",82,53,29
"60QJ000368",80,59,21
"60QJ000369",89,58,31
"60QJ000370",33,21,12
"60QJ000371",50,31,19
"60QJ000372",64,41,23
"60QJ000373",43,31,12
"60QJ000374",93,56,37
"60QJ000375",98,63,35
"60QJ000376",49,32,17
"60QJ000377",90,55,35
"60QJ000378",99,70,29
"60QJ000379",98,60,38
"60QJ000380",94,66,28
"60QJ000381",63,58,5
"60QJ000382",56,44,12
"60QJ000383",93,61,32
"60QJ000384",63,59,4
"60QJ000385",72,62,10
"60QJ000386",53,40,13
"60QJ000387",58,27,31
"60QJ000388",71,43,28
"60QJ000389",116,44,72
"60QJ000390",110,34,76
"60QJ000391",71,41,30
"60QJ000392",88,43,45
"60QJ000393",102,66,36
"60QJ000394",142,69,73
"60QJ000395",127,43,84
"60QJ000396",59,53,6
"60QJ000397",79,49,30
"60QJ000398",106,72,34
"60QJ000399",90,65,25
"60QJ000400",105,71,34
"60QJ000401",88,63,25
"60QJ000402",66,46,20
"60QJ000403",64,45,19
"60QJ000404",49,47,2
"60QJ000405",73,59,14
"60QJ000406",75,54,21
"60QJ000407",73,41,32
"60QJ000408",58,44,14
"60QJ000409",109,75,34
"60QJ000410",82,73,9
"60QJ000411",106,72,34
"60QJ000412",92,65,27
"60QJ000413",108,92,16
"60QJ000414",77,49,28
"60QJ000415",102,39,63
"60QJ000416",93,53,40
"60QJ000417",62,26,36
"60QJ000418",93,28,65
"60QJ000419",138,38,100
"60QJ000420",159,63,96
"60QJ000421",103,38,65
"60QJ000422",56,22,34
"60QJ000423",53,23,30
"60QJ000424",100,28,72
"60QJ000425",99,32,67
"60QJ000426",90,31,59
"60QJ000427",103,31,72
"60QJ000428",98,26,72
"60QJ000429",87,33,54
"60QJ000430",106,46,60
"60QJ000431",97,31,66
"60QJ000432",95,37,58
"60QJ000433",110,38,72
"60QJ000434",107,43,64
"60QJ000435",70,34,36
"60QJ000436",99,41,58
"60QJ000437",96,36,60
"60QJ000438",88,35,53
"60QJ000439",96,77,19
"60QJ000440",130,63,67
"60QJ000441",76,53,23
"60QJ000442",122,54,68
"60QJ000443",94,46,48
"60QJ000444",112,61,51
"60QJ000445",81,37,44
"60QJ000446",130,34,96
"60QJ000447",103,45,58
"60QJ000448",134,86,48
"60QJ000449",94,65,29
"60QJ000450",71,33,38
"60QJ000451",69,43,26
"60QJ000452",136,72,64
"60QJ000453",104,39,65
"60QJ000454",71,37,34
"60QJ000455",89,37,52
"60QJ000456",110,55,55
"60QJ000457",107,54,53
"60QJ000458",77,31,46
"60QJ000459",119,40,79
"60QJ000460",72,52,20
"60QJ000461",96,66,30
"60QJ000462",112,65,47
"60QJ000463",70,33,37
"60QJ000464",116,55,61
"60QJ000465",72,40,32
"60QJ000466",109,73,36
"60QJ000467",106,55,51
"60QJ000468",135,53,82
"60QJ000469",105,42,63
"60QJ000470",93,35,58
"60QJ000471",46,20,26
"60QJ000472",110,57,53
"60QJ000473",105,47,58
"60QJ000474",124,70,54
"60QJ000475",102,29,73
"60QJ000476",86,35,51
"60QJ000477",72,28,44
"60QJ000478",109,49,60
"60QJ000479",120,68,52
"60QJ000480",87,40,47
"60QJ000481",104,38,66
"60QJ000482",112,49,63
"60QJ000483",103,45,58
"60QJ000484",117,58,59
"60QJ000485",111,33,78
"60QJ000486",89,25,64
"60QJ000487",105,23,82
"60QJ000488",84,34,50
"60QJ000489",88,48,40
"60QJ000490",88,48,40
"60QJ000491",111,32,79
"60QJ000492",99,45,54
"60QJ000493",71,21,50
"60QJ000494",157,50,107
"60QJ000495",144,64,80
"60QJ000496",130,58,72
"60QJ000497",73,26,47
"60QJ000498",100,47,53
"60QJ000499",95,47,48
"60QJ000500",115,68,47
"60QJ000501",102,50,52
"60QJ000502",82,44,38
"60QJ000503",97,65,32
"60QJ000504",131,65,66
"60QJ000505",95,57,38
"60QJ000506",111,39,72
"60QJ000507",85,24,61
"60QJ000508",166,86,80
"60QJ000509",103,45,58
"60QJ000510",89,55,34
"60QJ000511",110,72,38
"60QJ000512",87,51,36
"60QJ000513",158,68,90
"60QJ000514",107,62,45
"60QJ000515",92,54,38
"60QJ000516",86,44,42
"60QJ000517",106,59,47
"60QJ000518",77,43,34
"60QJ000519",79,52,27
"60QJ000520",113,53,60
"60QJ000521",116,69,47
"60QJ000522",107,73,34
"60QJ000523",84,45,39
"60QJ000524",140,83,57
"60QJ000525",132,96,36
"60QJ000526",92,66,26
"60QJ000527",80,55,25
"60QJ000528",80,51,29
"60QJ000529",89,45,44
"60QJ000530",61,27,34
"60QJ000531",71,59,12
"60QJ000532",103,73,30
"60QJ000533",99,78,21
"60QJ000534",114,80,34
"60QJ000535",52,30,22
"60QJ000536",110,92,18
"60QJ000537",105,67,38
"60QJ000538",92,65,27
"60QJ000539",106,92,14
"60QJ000540",79,61,18
"60QJ000541",140,94,46
"60QJ000542",56,39,17
"60QJ000543",82,65,17
"60QJ000544",76,60,16
"60QJ000545",61,47,14
"60QJ000546",66,48,18
"60QJ000547",87,64,23
"60QJ000548",86,76,10
"60QJ000549",86,65,21
"60QJ000550",70,50,20
"60QJ000551",96,59,37
"60QJ000552",60,54,6
"60QJ000553",87,73,14
"60QJ000554",78,59,19
"60QJ000555",99,74,25
"60QJ000556",73,65,8
"60QJ000557",100,83,17
"60QJ000558",87,78,9
"60QJ000559",65,55,10
"60QJ000560",107,75,32
"60QJ000561",65,50,15
"60QJ000562",115,81,34
"60QJ000563",70,56,14
"60QJ000564",123,90,33
"60QJ000565",74,54,20
"60QJ000566",94,68,26
"60QJ000567",52,34,18
"60QJ000568",91,63,28
"60QJ000569",63,43,20
"60QJ000570",131,79,52
"60QJ000571",97,47,50
"60QJ000572",72,35,37
"60QJ000573",94,42,52
"60QJ000574",109,57,52
"60QJ000575",59,42,17
"60QJ000576",89,35,54
"60QJ000577",96,37,59
"60QJ000578",98,75,23
"60QJ000579",154,75,79
"60QJ000580",86,66,20
"60QJ000581",128,36,92
"60QJ000582",128,43,85
"60QJ000583",78,34,44
"60QJ000584",149,64,85
"60QJ000585",106,28,78
"60QJ000586",100,25,75
"60QJ000587",112,36,76
"60QJ000588",101,23,78
"60QJ000589",117,48,69
"60QJ000590",120,51,69
"60QJ000591",83,37,46
"60QJ000592",106,64,42
"60QJ000593",119,43,76
"60QJ000594",124,54,70
"60QJ000595",106,49,57
"60QJ000596",115,48,67
"60QJ000597",106,47,59
"60QJ000598",69,45,24
"60QJ000599",80,37,43
"60QJ000600",84,40,44
"60QJ000601",109,63,46
"60QJ000602",106,52,54
"60QJ000603",64,36,28
"60QJ000604",77,38,39
"60QJ000605",53,33,20
"60QJ000606",88,38,50
"60QJ000607",69,39,30
"60QJ000608",96,43,53
"60QJ000609",86,40,46
"60QJ000610",101,51,50
"60QJ000611",68,34,34
"60QJ000612",79,40,39
"60QJ000613",64,32,32
"60QJ000614",90,34,56
"60QJ000615",128,74,54
"60QJ000616",60,41,19
"60QJ000617",130,39,91
"60QJ000618",110,54,56
"60QJ000619",68,46,22
"60QJ000620",127,47,80
"60QJ000621",113,42,71
"60QJ000622",91,57,34
"60QJ000623",70,42,28
"60QJ000624",88,60,28
"60QJ000625",67,47,20
"60QJ000626",71,47,24
"60QJ000627",113,75,38
"60QJ000628",92,50,42
"60QJ000629",82,64,18
"60QJ000630",100,66,34
"60QJ000631",74,35,39
"60QJ000632",110,55,55
"60QJ000633",77,45,32
"60QJ000634",98,74,24
"60QJ000635",134,70,64
"60QJ000636",70,42,28
"60QJ000637",66,56,10
"60QJ000638",68,64,4
"60QJ000639",40,32,8
"60QJ000640",76,45,31
"60QJ000641",34,24,10
"60QJ000642",106,64,42
"60QJ000643",82,50,32
"60QJ000644",85,57,28
"60QJ000645",91,45,46
"60QJ000646",88,59,29
"60QJ000647",85,50,35
"60QJ000648",149,96,53
"60QJ000649",131,72,59
"60QJ000650",84,59,25
"60QJ000651",115,51,64
"60QJ000652",58,39,19
"60QJ000653",135,83,52
"60QJ000654",103,71,32
"60QJ000655",86,64,22
"60QJ000656",88,53,35
"60QJ000657",79,42,37
"60QJ000658",69,50,19
"60QJ000659",56,43,13
"60QJ000660",90,60,30
"60QJ000661",93,44,49
"60QJ000662",122,72,50
"60QJ000663",91,51,40
"60QJ000664",56,36,20
"60QJ000665",91,61,30
"60QJ000666",151,93,58
"60QJ000667",91,61,30
"60QJ000668",133,63,70
"60QJ000669",99,88,11
"60QJ000670",132,92,40
"60QJ000671",76,54,22
"60QJ000672",97,43,54
"60QJ000673",131,76,55
"60QJ000674",115,45,70
"60QJ000675",78,34,44
"60QJ000676",73,47,26
"60QJ000677",100,46,54
"60QJ000678",138,71,67
"60QJ000679",116,70,46
"60QJ000680",95,55,40
"60QJ000681",73,53,20
"60QJ000682",67,42,25
"60QJ000683",131,81,50
"60QJ000684",66,48,18
"60QJ000685",82,60,22
"60QJ000686",133,69,64
"60QJ000687",59,42,17
"60QJ000688",56,38,18
"60QJ000689",141,87,54
"60QJ000690",107,75,32
"60QJ000691",107,47,60
"60QJ000692",115,83,32
"60QJ000693",56,38,18
"60QJ000694",77,53,24
"60QJ000695",86,63,23
"60QJ000696",77,46,31
"60QJ000697",140,70,70
"60QJ000698",106,61,45
"60QJ000699",138,65,73
"60QJ000700",120,74,46
"60QJ000701",116,72,44
"60QJ000702",89,47,42
"60QJ000703",98,36,62
"60QJ000704",88,48,40
"60QJ000705",110,57,53
"60QJ000706",59,30,29
"60QJ000707",76,40,36
"60QJ000708",94,59,35
"60QJ000709",76,58,18
"60QJ000710",84,48,36
"60QJ000711",98,59,39
"60QJ000712",76,30,46
"60QJ000713",118,74,44
"60QJ000714",79,41,38
"60QJ000715",67,32,35
"60QJ000716",82,36,46
"60QJ000717",69,35,34
"60QJ000718",76,42,34
"60QJ000719",79,43,36
"60QJ000720",115,72,43
"60QJ000721",73,21,52
"60QJ000722",61,23,38
"60QJ000723",60,31,29
"60QJ000724",126,58,68
"60QJ000725",78,40,38
"60QJ000726",87,64,23
"60QJ000727",84,74,10
"60QJ000728",73,37,36
"60QJ000729",57,39,18
"60QJ000730",108,62,46
"60QJ000731",79,45,34
"60QJ000732",114,75,39
"60QJ000733",102,69,33
"60QJ000734",75,46,29
"60QJ000735",80,43,37
"60QJ000736",87,48,39
"60QJ000737",130,73,57
"60QJ000738",106,51,55
"60QJ000739",88,46,42
"60QJ000740",91,48,43
"60QJ000741",107,51,56
"60QJ000742",128,70,58
"60QJ000743",133,62,71
"60QJ000744",43,31,12
"60QJ000745",53,39,14
"60QJ000746",97,37,60
"60QJ000747",113,80,33
"60QJ000748",58,46,12
"60QJ000749",71,54,17
"60QJ000750",150,75,75
"60QJ000751",109,67,42
"60QJ000752",90,45,45
"60QJ000753",90,40,50
"60QJ000754",83,41,42
"60QJ000755",100,75,25
"60QJ000756",80,46,34
"60QJ000757",87,48,39
"60QJ000758",117,65,52
"60QJ000759",82,42,40
"60QJ000760",132,83,49
"60QJ000761",107,40,67
"60QJ000762",140,60,80
"60QJ000763",136,66,70
"60QJ000764",150,64,86
"60QJ000765",161,74,87
"60QJ000766",72,35,37
"60QJ000767",113,50,63
"60QJ000768",89,39,50
"60QJ000769",104,44,60
"60QJ000770",85,47,38
"60QJ000771",94,44,50
"60QJ000772",108,52,56
"60QJ000773",93,43,50
"60QJ000774",80,44,36
"60QJ000775",88,64,24
"60QJ000776",128,66,62
"60QJ000777",100,78,22
"60QJ000778",60,44,16
"60QJ000779",100,79,21
"60QJ000780",51,37,14
"60QJ000781",143,58,85
"60QJ000782",91,40,51
"60QJ000783",92,34,58
"60QJ000784",74,61,13
"60QJ000785",93,81,12
"60QJ000786",128,63,65
"60QJ000787",88,59,29
"60QJ000788",116,55,61
"60QJ000789",95,79,16
"60QJ000790",97,86,11
"60QJ000791",44,34,10
"60QJ000792",88,52,36
"60QJ000793",86,55,31
"60QJ000794",90,84,6
"60QJ000795",114,76,38
"60QJ000796",113,59,54
"60QJ000797",72,32,40
"60QJ000798",98,34,64
"60QJ000799",68,28,40
"60QJ000800",112,43,69
"60QJ000801",147,58,89
"60QJ000802",122,71,51
"60QJ000803",123,43,80
"60QJ000804",77,36,41
"60QJ000805",141,42,99
"60QJ000806",113,61,52
"60QJ000807",103,21,82
"60QJ000808",94,36,58
"60QJ000809",85,15,70
"60QJ000810",163,67,96
"60QJ000811",105,27,78
"60QJ000812",108,39,69
"60QJ000813",161,73,88
"60QJ000814",148,52,96
"60QJ000815",127,38,89
"60QJ000816",146,56,90
"60QJ000817",126,39,87
"60QJ000818",99,65,34
"60QJ000819",179,92,87
"60QJ000820",101,38,63
"60QJ000821",84,42,42
"60QJ000822",104,53,51
"60QJ000823",115,61,54
"60QJ000824",133,68,65
"60QJ000825",63,45,18
"60QJ000826",96,54,42
"60QJ000827",98,70,28
"60QJ000828",68,50,18
"60QJ000829",91,64,27
"60QJ000830",66,58,8
"60QJ000831",104,52,52
"60QJ000832",81,42,39
"60QJ000833",92,49,43
"60QJ000834",81,49,32
"60QJ000835",65,39,26
"60QJ000836",110,78,32
"60QJ000837",52,40,12
"60QJ000838",73,51,22
"60QJ000839",67,44,23
"60QJ000840",62,40,22
"60QJ000841",97,68,29
"60QJ000842",74,48,26
"60QJ000843",107,70,37
"60QJ000844",128,39,89
"60QJ000845",111,30,81
"60QJ000846",137,57,80
"60QJ000847",107,43,64
"60QJ000848",107,47,60
"60QJ000849",106,45,61
"60QJ000850",96,67,29
"60QJ000851",109,47,62
"60QJ000852",141,49,92
"60QJ000853",92,18,74
"60QJ000854",103,28,75
"60QJ000855",112,25,87
"60QJ000856",100,35,65
"60QJ000857",83,50,33
"60QJ000858",49,29,20
"60QJ000859",96,46,50
"60QJ000860",117,63,54
"60QJ000861",71,63,8
"60QJ000862",61,39,22
"60QJ000863",80,40,40
"60QJ000864",140,62,78
"60QJ000865",78,33,45
"60QJ000866",93,27,66
"60QJ000867",81,33,48
"60QJ000868",93,41,52
"60QJ000869",126,31,95
"60QJ000870",92,26,66
"60QJ000871",92,30,62
"60QJ000872",85,21,64
"60QJ000873",71,23,48
"60QJ000874",94,43,51
"60QJ000875",131,52,79
"60QJ000876",66,20,46
"60QJ000877",110,26,84
"60QJ000878",98,21,77
"60QJ000879",90,31,59
"60QJ000880",111,39,72
"60QJ000881",104,31,73
"60QJ000882",109,29,80
"60QJ000883",91,25,66
"60QJ000884",85,21,64
"60QJ000885",152,44,108
"60QJ000886",129,42,87
"60QJ000887",109,40,69
"60QJ000888",59,33,26
"60QJ000889",110,32,78
"60QJ000890",86,30,56
"60QJ000891",46,12,34
"60QJ000892",133,50,83
"60QJ000893",95,27,68
"60QJ000894",68,40,28
"60QJ000895",99,59,40
"60QJ000896",67,40,27
"60QJ000897",61,41,20
"60QJ000898",111,29,82
"60QJ000899",137,45,92
"60QJ000900",88,31,57
"60QJ000901",97,39,58
"60QJ000902",113,33,80
"60QJ000903",166,50,116
"60QJ000904",139,48,91
"60QJ000905",102,28,74
"60QJ000906",109,30,79
"60QJ000907",90,21,69
"60QJ000908",80,38,42
"60QJ000909",97,21,76
"60QJ000910",135,33,102
"60QJ000911",48,18,30
"60QJ000912",116,36,80
"60QJ000913",127,40,87
"60QJ000914",101,30,71
"60QJ000915",89,27,62
"60QJ000916",115,43,72
"60QJ000917",135,47,88
"60QJ000918",121,36,85
"60QJ000919",127,45,82
"60QJ000920",65,33,32
"60QJ000921",116,45,71
"60QJ000922",61,29,32
"60QJ000923",44,28,16
"60QJ000924",90,44,46
"60QJ000925",72,48,24
"60QJ000926",86,60,26
"60QJ000927",78,54,24
"60QJ000928",86,42,44
"60QJ000929",130,65,65
"60QJ000930",97,43,54
"60QJ000931",65,45,20
"60QJ000932",61,47,14
"60QJ000933",56,38,18
"60QJ000934",75,53,22
"60QJ000935",101,90,11
"60QJ000936",58,41,17
"60QJ000937",46,34,12
"60QJ000938",113,77,36
"60QJ000939",93,40,53
"60QJ000940",41,25,16
"60QJ000941",84,52,32
"60QJ000942",75,58,17
"60QJ000943",35,29,6
"60QJ000944",47,37,10
"60QJ000945",73,41,32
"60QJ000946",65,23,42
"60QJ000947",65,25,40
"60QJ000948",89,25,64
"60QJ000949",74,29,45
"60QJ000950",95,53,42
"60QJ000951",54,26,28
"60QJ000952",84,32,52
"60QJ000953",71,32,39
"60QJ000954",79,19,60
"60QJ000955",143,72,71
"60QJ000956",85,45,40
"60QJ000957",120,40,80
"60QJ000958",66,22,44
"60QJ000959",99,39,60
"60QJ000960",82,22,60
"60QJ000961",73,59,14
"60QJ000962",49,39,10
"60QJ000963",74,62,12
"60QJ000964",70,64,6
"60QJ000965",211,174,37
"60QJ000966",73,38,35
"60QJ000967",95,53,42
"60QJ000968",80,43,37
"60QJ000969",73,25,48
"60QJ000970",82,50,32
"60QJ000971",49,44,5
"60QJ000972",48,36,12
"60QJ000973",75,69,6
"60QJ000974",80,80,0
"60QJ000975",81,60,21
"60QJ000976",99,38,61
"60QJ000977",65,35,30
"60QJ000978",33,29,4
"60QJ000979",74,70,4
"60QJ000980",68,54,14
"60QJ000981",63,53,10
"60QJ000982",59,45,14
"60QJ000983",80,28,52
"60QJ000984",50,38,12
"60QJ000985",49,32,17
"60QJ000986",63,33,30
"60QJ000987",101,60,41
"60QJ000988",71,36,35
"60QJ000989",71,49,22
"60QJ000990",48,24,24
"60QJ000991",55,23,32
"60QJ000992",68,39,29
"60QJ000993",84,36,48
"60QJ000994",60,29,31
"60QJ000995",80,24,56
"60QJ000996",183,126,57
"60QJ000997",74,62,12
"60QJ000998",61,51,10
"60QJ000999",90,88,2
"60QJ001000",53,41,12
"60QJ001001",46,25,21
"60QJ001002",72,63,9
"60QJ001003",70,60,10
"60QJ001004",60,56,4
"60QJ001005",262,146,116
"60QJ001006",77,57,20
"60QJ001007",48,36,12
"60QJ001008",93,41,52
"60QJ001009",51,21,30
"60QJ001010",42,33,9
"60QJ001011",85,40,45
"60QJ001012",83,44,39
"60QJ001013",70,38,32
"60QJ001014",48,34,14
"60QJ001015",68,38,30
"60QJ001016",55,37,18
"60QJ001017",86,56,30
"60QJ001018",77,35,42
"60QJ001019",144,60,84
"60QJ001020",55,34,21
"60QJ001021",84,69,15
"60QJ001022",73,61,12
"60QJ001023",42,36,6
"60QJ001024",75,63,12
"60QJ001025",60,34,26
"60QJ001026",81,55,26
"60QJ001027",73,67,6
"60QJ001028",59,28,31
"60QJ001029",67,33,34
"60QJ001030",56,19,37
"60QJ001031",87,38,49
"60QJ001032",103,41,62
"60QJ001033",115,85,30
"60QJ001034",59,19,40
"60QJ001035",49,42,7
"60QJ001036",41,37,4
"60QJ001037",61,45,16
"60QJ001038",176,150,26
"60QJ001039",47,22,25
"60QJ001040",48,32,16
"60QJ001041",79,43,36
"60QJ001042",74,56,18
"60QJ001043",72,47,25
"60QJ001044",58,16,42
"60QJ001045",119,43,76
"60QJ001046",51,47,4
"60QJ001047",51,47,4
"60QJ001048",47,40,7
"60QJ001049",151,140,11
"60QJ001050",77,63,14
"60QJ001051",83,74,9
"60QJ001052",75,60,15
"60QJ001053",89,72,17
"60QJ001054",57,45,12
"60QJ001055",54,36,18
"60QJ001056",77,51,26
"60QJ001057",66,58,8
"60QJ001058",82,63,19
"60QJ001059",66,54,12
"60QJ001060",63,47,16
"60QJ001061",42,40,2
"60QJ001062",78,55,23
"60QJ001063",80,45,35
"60QJ001064",70,23,47
"60QJ001065",113,68,45
"60QJ001066",86,26,60
"60QJ001067",80,38,42
"60QJ001068",220,97,123
"60QJ001069",81,69,12
"60QJ001070",64,56,8
"60QJ001071",107,104,3
"60QJ001072",54,46,8
"60QJ001073",86,52,34
"60QJ001074",150,145,5
"60QJ001075",99,86,13
"60QJ001076",80,69,11
"60QJ001077",100,86,14
"60QJ001078",144,138,6
"60QJ001079",98,86,12
"60QJ001080",72,48,24
"60QJ001081",97,54,43
"60QJ001082",87,51,36
"60QJ001083",128,100,28
"60QJ001084",109,99,10
"60QJ001085",115,91,24
"60QJ001086",100,58,42
"60QJ001087",83,61,22
"60QJ001088",68,62,6
"60QJ001089",349,347,2
"60QJ001090",104,103,1
"60QJ001091",153,136,17
"60QJ001092",359,339,20
"60QJ001093",121,98,23
"60QJ001094",120,118,2
"60QJ001095",136,131,5
"60QJ001096",115,101,14
"60QJ001097",56,46,10
"60QJ001098",62,22,40
"60QJ001099",66,61,5
"60QJ001100",81,46,35
"60QJ001101",93,33,60
"60QJ001102",115,46,69
"60QJ001103",112,43,69
"60QJ001104",108,87,21
"60QJ001105",79,52,27
"60QJ001106",131,91,40
"60QJ001107",89,72,17
"60QJ001108",124,91,33
"60QJ001109",154,137,17
"60QJ001110",130,100,30
"60QJ001111",44,15,29
"60QJ001112",155,107,48
"60QJ001113",85,59,26
"60QJ001114",59,43,16
"60QJ001115",72,40,32
"60QJ001116",72,50,22
"60QJ001117",54,38,16
"60QJ001118",66,39,27
"60QJ001119",54,38,16
"60QJ001120",72,40,32
"60QJ001121",53,38,15
"60QJ001122",101,59,42
"60QJ001123",102,67,35
"60QJ001124",62,24,38
"60QJ001125",78,33,45
"60QJ001126",81,33,48
"60QJ001127",59,45,14
"60QJ001128",105,74,31
"60QJ001129",110,82,28
"60QJ001130",71,35,36
"60QJ001131",72,35,37
"60QJ001132",66,40,26
"60QJ001133",110,55,55
"60QJ001134",136,81,55
"60QJ001135",67,28,39
"60QJ001136",75,23,52
"60QJ001137",58,38,20
"60QJ001138",72,41,31
"60QJ001139",65,51,14
"60QJ001140",75,60,15
"60QJ001141",74,53,21
"60QJ001142",87,39,48
"60QJ001143",86,66,20
"60QJ001144",60,46,14
"60QJ001145",58,50,8
"60QJ001146",76,32,44
"60QJ001147",67,45,22
"60QJ001148",170,75,95
"60QJ001149",107,76,31
"60QJ001150",54,40,14
"60QJ001151",74,52,22
"60QJ001152",64,45,19
"60QJ001153",74,50,24
"60QJ001154",100,45,55
"60QJ001155",138,102,36
"60QJ001156",128,86,42
"60QJ001157",60,35,25
"60QJ001158",86,64,22
"60QJ001159",110,85,25
"60QJ001160",124,31,93
"60QJ001161",54,22,32
"60QJ001162",90,31,59
"60QJ001163",92,34,58
"60QJ001164",89,52,37
"60QJ001165",66,35,31
"60QJ001166",54,20,34
"60QJ001167",127,63,64
"60QJ001168",83,29,54
"60QJ001169",105,31,74
"60QJ001170",116,103,13
"60QJ001171",79,53,26
"60QJ001172",52,50,2
"60QJ001173",78,46,32
"60QJ001174",94,66,28
"60QJ001175",104,91,13
"60QJ001176",75,57,18
"60QJ001177",99,59,40
"60QJ001178",73,61,12
"60QJ001179",83,29,54
"60QJ001180",91,55,36
"60QJ001181",89,26,63
"60QJ001182",92,46,46
"60QJ001183",43,25,18
"60QJ001184",82,44,38
"60QJ001185",82,59,23
"60QJ001186",109,35,74
"60QJ001187",89,32,57
"60QJ001188",88,36,52
"60QJ001189",75,47,28
"60QJ001190",105,57,48
"60QJ001191",95,38,57
"60QJ001192",89,23,66
"60QJ001193",90,34,56
"60QJ001194",57,35,22
"60QJ001195",74,48,26
"60QJ001196",127,61,66
"60QJ001197",80,42,38
"60QJ001198",130,53,77
"60QJ001199",66,23,43
"60QJ001200",96,37,59
"60QJ001201",117,39,78
"60QJ001202",88,36,52
"60QJ001203",112,36,76
"60QJ001204",70,60,10
"60QJ001205",77,51,26
"60QJ001206",35,21,14
"60QJ001207",80,57,23
"60QJ001208",64,49,15
"60QJ001209",78,62,16
"60QJ001210",98,68,30
"60QJ001211",76,40,36
"60QJ001212",119,45,74
"60QJ001213",57,45,12
"60QJ001214",113,21,92
"60QJ001215",105,29,76
"60QJ001216",95,44,51
"60QJ001217",99,37,62
"60QJ001218",105,36,69
"60QJ001219",88,30,58
"60QJ001220",99,27,72
"60QJ001221",132,45,87
"60QJ001222",60,16,44
"60QJ001223",112,51,61
"60QJ001224",119,55,64
"60QJ001225",71,39,32
"60QJ001226",106,51,55
"60QJ001227",86,36,50
"60QJ001228",59,41,18
"60QJ001229",127,84,43
"60QJ001230",72,36,36
"60QJ001231",92,34,58
"60QJ001232",68,44,24
"60QJ001233",86,32,54
"60QJ001234",53,20,33
"60QJ001235",76,38,38
"60QJ001236",130,42,88
"60QJ001237",52,12,40
"60QJ001238",93,38,55
"60QJ001239",85,26,59
"60QJ001240",56,26,30
"60QJ001241",102,42,60
"60QJ001242",218,79,139
"60QJ001243",57,22,35
"60QJ001244",98,43,55
"60QJ001245",131,115,16
"60QJ001246",62,42,20
"60QJ001247",112,38,74
"60QJ001248",53,27,26
"60QJ001249",168,135,33
"60QJ001250",81,25,56
"60QJ001251",119,35,84
"60QJ001252",125,70,55
"60QJ001253",99,38,61
"60QJ001254",77,21,56
"60QJ001255",131,32,99
"60QJ001256",96,28,68
"60QJ001257",74,30,44
"60QJ001258",103,29,74
"60QJ001259",102,25,77
"60QJ001260",85,34,51
"60QJ001261",81,13,68
"60QJ001262",78,54,24
"60QJ001263",254,186,68
"60QJ001264",132,111,21
"60QJ001265",87,70,17
"60QJ001266",314,203,111
"60QJ001267",70,64,6
"60QJ001268",58,40,18
"60QJ001269",107,59,48
"60QJ001270",70,58,12
"60QJ001271",94,67,27
"60QJ001272",107,82,25
"60QJ001273",96,30,66
"60QJ001274",98,54,44
"60QJ001275",119,77,42
"60QJ001276",96,68,28
"60QJ001277",77,66,11
"60QJ001278",126,101,25
"60QJ001279",86,79,7
"60QJ001280",53,46,7
"60QJ001281",68,44,24
"60QJ001282",132,101,31
"60QJ001283",151,47,104
"60QJ001284",64,28,36
"60QJ001285",146,50,96
"60QJ001286",43,39,4
"60QJ001287",443,376,67
"60QK000001",47,19,28
"60QK000002",66,31,35
"60QK000003",110,40,70
"60QK000004",127,39,88
"60QK000005",107,49,58
"60QK000006",126,43,83
"60QK000007",181,64,117
"60QK000008",79,51,28
"60QK000009",71,32,39
"60QK000010",104,60,44
"60QK000011",63,23,40
"60QK000012",59,28,31
"60QK000013",157,86,71
"60QK000014",116,47,69
"60QK000015",182,51,131
"60QK000016",141,51,90
"60QK000017",79,20,59
"60QK000018",39,19,20
"60QK000019",113,53,60
"60QK000020",146,46,100
"60QK000021",94,32,62
"60QK000022",141,37,104
"60QK000023",69,35,34
"60QK000024",92,37,55
"60QK000025",130,48,82
"60QK000026",50,32,18
"60QK000027",126,64,62
"60QK000028",163,103,60
"60QK000029",49,21,28
"60QK000030",136,39,97
"60QK000031",88,33,55
"60QK000032",167,68,99
"60QK000033",119,41,78
"60QK000034",145,46,99
"60QK000035",64,20,44
"60QK000036",136,44,92
"60QK000037",159,47,112
"60QK000038",163,91,72
"60QK000039",83,33,50
"60QK000040",88,26,62
"60QK000041",54,11,43
"60QK000042",40,22,18
"60QK000043",110,31,79
"60QK000044",133,43,90
"60QK000045",103,34,69
"60QK000046",69,17,52
"60QK000047",71,25,46
"60QK000048",65,42,23
"60QK000049",144,74,70
"60QK000050",129,79,50
"60QK000051",38,24,14
"60QK000052",113,70,43
"60QK000053",123,75,48
"60QK000054",74,37,37
"60QK000055",112,49,63
"60QK000056",72,30,42
"60QK000057",66,31,35
"60QK000058",112,62,50
"60QK000059",136,58,78
"60QK000060",122,54,68
"60QK000061",93,47,46
"60QK000062",99,51,48
"60QK000063",121,68,53
"60QK000064",117,66,51
"60QK000065",78,45,33
"60QK000066",93,35,58
"60QK000067",94,46,48
"60QK000068",70,50,20
"60QK000069",84,43,41
"60QK000070",80,35,45
"60QK000071",117,57,60
"60QK000072",113,40,73
"60QK000073",135,60,75
"60QK000074",119,50,69
"60QK000075",122,69,53
"60QK000076",50,31,19
"60QK000077",80,36,44
"60QK000078",52,40,12
"60QK000079",83,27,56
"60QK000080",95,38,57
"60QK000081",106,47,59
"60QK000082",70,32,38
"60QK000083",118,68,50
"60QK000084",110,59,51
"60QK000085",84,40,44
"60QK000086",74,31,43
"60QK000087",94,46,48
"60QK000088",100,56,44
"60QK000089",77,36,41
"60QK000090",100,38,62
"60QK000091",65,41,24
"60QK000092",50,22,28
"60QK000093",86,43,43
"60QK000094",74,41,33
"60QK000095",90,40,50
"60QK000096",74,42,32
"60QK000097",85,43,42
"60QK000098",90,37,53
"60QK000099",90,40,50
"60QK000100",103,51,52
"60QK000101",105,37,68
"60QK000102",80,36,44
"60QK000103",98,50,48
"60QK000104",93,48,45
"60QK000105",124,60,64
"60QK000106",85,39,46
"60QK000107",120,54,66
"60QK000108",118,64,54
"60QK000109",84,34,50
"60QK000110",113,58,55
"60QK000111",118,50,68
"60QK000112",95,52,43
"60QK000113",134,67,67
"60QK000114",86,36,50
"60QK000115",144,64,80
"60QK000116",152,72,80
"60QK000117",126,71,55
"60QK000118",108,46,62
"60QK000119",95,45,50
"60QK000120",112,54,58
"60QK000121",104,42,62
"60QK000122",86,46,40
"60QK000123",95,49,46
"60QK000124",117,49,68
"60QK000125",83,47,36
"60QK000126",115,67,48
"60QK000127",81,31,50
"60QK000128",89,37,52
"60QK000129",80,30,50
"60QK000130",114,45,69
"60QK000131",88,24,64
"60QK000132",124,68,56
"60QK000133",133,52,81
"60QK000134",103,77,26
"60QK000135",47,33,14
"60QK000136",128,55,73
"60QK000137",83,43,40
"60QK000138",108,38,70
"60QK000139",109,46,63
"60QK000140",107,72,35
"60QK000141",155,54,101
"60QK000142",112,57,55
"60QK000143",99,47,52
"60QK000144",92,51,41
"60QK000145",70,30,40
"60QK000146",106,47,59
"60QK000147",137,48,89
"60QK000148",94,37,57
"60QK000149",154,58,96
"60QK000150",132,68,64
"60QK000151",118,80,38
"60QK000152",93,36,57
"60QK000153",64,39,25
"60QK000154",107,44,63
"60QK000155",99,36,63
"60QK000156",85,45,40
"60QK000157",91,37,54
"60QK000158",88,42,46
"60QK000159",101,53,48
"60QK000160",82,34,48
"60QK000161",73,52,21
"60QK000162",79,31,48
"60QK000163",79,29,50
"60QK000164",94,54,40
"60QK000165",96,43,53
"60QK000166",100,56,44
"60QK000167",87,57,30
"60QK000168",101,49,52
"60QK000169",74,20,54
"60QK000170",111,33,78
"60QK000171",100,45,55
"60QK000172",134,48,86
"60QK000173",173,57,116
"60QK000174",93,26,67
"60QK000175",127,49,78
"60QK000176",109,45,64
"60QK000177",133,44,89
"60QK000178",89,31,58
"60QK000179",87,64,23
"60QK000180",96,51,45
"60QK000181",87,48,39
"60QK000182",118,58,60
"60QK000183",111,50,61
"60QK000184",95,45,50
"60QK000185",73,42,31
"60QK000186",52,37,15
"60QK000187",144,65,79
"60QK000188",75,35,40
"60QK000189",119,46,73
"60QK000190",114,55,59
"60QK000191",72,40,32
"60QK000192",68,34,34
"60QK000193",87,47,40
"60QK000194",68,35,33
"60QK000195",83,56,27
"60QK000196",88,46,42
"60QK000197",65,27,38
"60QK000198",98,46,52
"60QK000199",67,33,34
"60QK000200",104,38,66
"60QK000201",109,55,54
"60QK000202",87,47,40
"60QK000203",105,49,56
"60QK000204",99,39,60
"60QK000205",71,20,51
"60QK000206",107,56,51
"60QK000207",113,71,42
"60QK000208",70,32,38
"60QK000209",89,40,49
"60QK000210",80,41,39
"60QK000211",101,41,60
"60QK000212",129,66,63
"60QK000213",115,59,56
"60QK000214",82,33,49
"60QK000215",92,41,51
"60QK000216",128,62,66
"60QK000217",133,71,62
"60QK000218",74,41,33
"60QK000219",126,62,64
"60QK000220",61,41,20
"60QK000221",82,48,34
"60QK000222",94,48,46
"60QK000223",79,33,46
"60QK000224",73,37,36
"60QK000225",66,48,18
"60QK000226",69,39,30
"60QK000227",44,29,15
"60QK000228",50,42,8
"60QK000229",51,40,11
"60QK000230",137,67,70
"60QK000231",78,33,45
"60QK000232",53,36,17
"60QK000233",79,25,54
"60QK000234",93,34,59
"60QK000235",91,59,32
"60QK000236",141,46,95
"60QK000237",120,47,73
"60QK000238",87,31,56
"60QK000239",86,30,56
"60QK000240",100,40,60
"60QK000241",81,56,25
"60QK000242",95,47,48
"60QK000243",89,40,49
"60QK000244",64,47,17
"60QK000245",57,43,14
"60QK000246",79,42,37
"60QK000247",126,62,64
"60QK000248",97,59,38
"60QK000249",91,48,43
"60QK000250",84,48,36
"60QK000251",99,63,36
"60QK000252",75,34,41
"60QK000253",139,63,76
"60QK000254",111,38,73
"60QK000255",71,27,44
"60QK000256",72,28,44
"60QK000257",132,53,79
"60QK000258",127,55,72
"60QK000259",103,36,67
"60QK000260",135,68,67
"60QK000261",125,46,79
"60QK000262",130,56,74
"60QK000263",127,57,70
"60QK000264",92,33,59
"60QK000265",96,30,66
"60QK000266",106,58,48
"60QK000267",87,33,54
"60QK000268",122,66,56
"60QK000269",73,25,48
"60QK000270",116,54,62
"60QK000271",109,50,59
"60QK000272",99,58,41
"60QK000273",77,39,38
"60QK000274",90,42,48
"60QK000275",109,48,61
"60QK000276",81,41,40
"60QK000277",76,36,40
"60QK000278",130,75,55
"60QK000279",104,48,56
"60QK000280",122,45,77
"60QK000281",118,61,57
"60QK000282",209,93,116
"60QK000283",109,31,78
"60QK000284",156,55,101
"60QK000285",94,40,54
"60QK000286",85,19,66
"60QK000287",127,33,94
"60QK000288",110,32,78
"60QK000289",74,31,43
"60QK000290",89,37,52
"60QK000291",95,19,76
"60QK000292",94,33,61
"60QK000293",85,33,52
"60QK000294",111,29,82
"60QK000295",107,77,30
"60QK000296",99,47,52
"60QK000297",99,54,45
"60QK000298",70,49,21
"60QK000299",103,46,57
"60QK000300",100,30,70
"60QK000301",97,65,32
"60QK000302",105,29,76
"60QK000303",119,32,87
"60QK000304",81,21,60
"60QK000305",100,24,76
"60QK000306",55,21,34
"60QK000307",58,16,42
"60QK000308",79,29,50
"60QK000309",55,23,32
"60QK000310",67,27,40
"60QK000311",109,37,72
"60QK000312",134,39,95
"60QK000313",95,61,34
"60QK000314",115,62,53
"60QK000315",88,66,22
"60QK000316",77,36,41
"60QK000317",77,47,30
"60QK000318",101,50,51
"60QK000319",89,43,46
"60QK000320",70,34,36
"60QK000321",99,51,48
"60QK000322",60,49,11
"60QK000323",93,39,54
"60QK000324",110,78,32
"60QK000325",79,47,32
"60QK000326",71,44,27
"60QK000327",44,24,20
"60QK000328",98,68,30
"60QK000329",74,40,34
"60QK000330",94,30,64
"60QK000331",98,74,24
"60QK000332",64,50,14
"60QK000333",93,59,34
"60QK000334",99,64,35
"60QK000335",107,66,41
"60QK000336",58,43,15
"60QK000337",116,71,45
"60QK000338",151,71,80
"60QK000339",102,33,69
"60QK000340",94,48,46
"60QK000341",127,52,75
"60QK000342",107,78,29
"60QK000343",52,37,15
"60QK000344",59,39,20
"60QK000345",144,72,72
"60QK000346",71,45,26
"60QK000347",57,32,25
"60QK000348",75,51,24
"60QK000349",87,61,26
"60QK000350",59,43,16
"60QK000351",73,48,25
"60QK000352",145,69,76
"60QK000353",68,50,18
"60QK000354",70,43,27
"60QK000355",73,53,20
"60QK000356",112,42,70
"60QK000357",97,33,64
"60QK000358",106,50,56
"60QK000359",96,53,43
"60QK000360",97,48,49
"60QK000361",102,54,48
"60QK000362",92,43,49
"60QK000363",130,56,74
"60QK000364",96,50,46
"60QK000365",74,42,32
"60QK000366",104,48,56
"60QK000367",109,36,73
"60QK000368",83,33,50
"60QK000369",142,80,62
"60QK000370",104,67,37
"60QK000371",91,54,37
"60QK000372",98,35,63
"60QK000373",93,40,53
"60QK000374",114,56,58
"60QK000375",88,40,48
"60QK000376",86,53,33
"60QK000377",91,49,42
"60QK000378",99,42,57
"60QK000379",89,47,42
"60QK000380",110,54,56
"60QK000381",88,50,38
"60QK000382",90,42,48
"60QK000383",139,55,84
"60QK000384",130,65,65
"60QK000385",133,58,75
"60QK000386",100,44,56
"60QK000387",109,53,56
"60QK000388",85,33,52
"60QK000389",103,47,56
"60QK000390",95,47,48
"60QK000391",88,30,58
"60QK000392",141,70,71
"60QK000393",89,41,48
"60QK000394",135,71,64
"60QK000395",107,63,44
"60QK000396",112,60,52
"60QK000397",145,35,110
"60QK000398",114,42,72
"60QK000399",109,37,72
"60QK000400",100,36,64
"60QK000401",74,40,34
"60QK000402",144,62,82
"60QK000403",54,46,8
"60QK000404",73,41,32
"60QK000405",63,39,24
"60QK000406",67,45,22
"60QK000407",66,54,12
"60QK000408",68,46,22
"60QK000409",70,37,33
"60QK000410",93,52,41
"60QK000411",96,58,38
"60QK000412",97,46,51
"60QK000413",76,48,28
"60QK000414",60,38,22
"60QK000415",107,56,51
"60QK000416",100,42,58
"60QK000417",79,43,36
"60QK000418",97,55,42
"60QK000419",92,42,50
"60QK000420",84,47,37
"60QK000421",81,35,46
"60QK000422",97,53,44
"60QK000423",98,58,40
"60QK000424",84,42,42
"60QK000425",98,47,51
"60QK000426",89,47,42
"60QK000427",87,44,43
"60QK000428",99,33,66
"60QK000429",56,36,20
"60QK000430",88,48,40
"60QK000431",58,32,26
"60QK000432",131,37,94
"60QK000433",70,37,33
"60QK000434",72,56,16
"60QK000435",118,61,57
"60QK000436",127,36,91
"60QK000437",177,79,98
"60QK000438",139,46,93
"60QK000439",75,57,18
"60QK000440",104,56,48
"60QK000441",100,75,25
"60QK000442",65,42,23
"60QK000443",70,40,30
"60QK000444",92,58,34
"60QK000445",76,59,17
"60QK000446",97,42,55
"60QK000447",72,38,34
"60QK000448",88,42,46
"60QK000449",90,49,41
"60QK000450",73,50,23
"60QK000451",91,79,12
"60QK000452",71,45,26
"60QK000453",105,63,42
"60QK000454",80,61,19
"60QK000455",122,78,44
"60QK000456",78,40,38
"60QK000457",41,39,2
"60QK000458",60,48,12
"60QK000459",64,46,18
"60QK000460",88,44,44
"60QK000461",71,32,39
"60QK000462",55,43,12
"60QK000463",67,39,28
"60QK000464",71,40,31
"60QK000465",63,61,2
"60QK000466",59,51,8
"60QK000467",99,66,33
"60QK000468",122,84,38
"60QK000469",100,59,41
"60QK000470",70,50,20
"60QK000471",49,35,14
"60QK000472",113,89,24
"60QK000473",99,77,22
"60QK000474",95,69,26
"60QK000475",127,41,86
"60QK000476",110,40,70
"60QK000477",126,47,79
"60QK000478",110,65,45
"60QK000479",99,27,72
"60QK000480",131,47,84
"60QK000481",119,57,62
"60QK000482",146,62,84
"60QK000483",148,53,95
"60QK000484",162,58,104
"60QK000485",89,34,55
"60QK000486",57,40,17
"60QK000487",85,56,29
"60QK000488",93,58,35
"60QK000489",73,46,27
"60QK000490",81,57,24
"60QK000491",129,66,63
"60QK000492",84,54,30
"60QK000493",140,90,50
"60QK000494",99,61,38
"60QK000495",85,58,27
"60QK000496",77,51,26
"60QK000497",49,23,26
"60QK000498",91,50,41
"60QK000499",72,42,30
"60QK000500",98,55,43
"60QK000501",113,57,56
"60QK000502",70,42,28
"60QK000503",94,46,48
"60QK000504",86,44,42
"60QK000505",104,57,47
"60QK000506",40,21,19
"60QK000507",62,23,39
"60QK000508",62,27,35
"60QK000509",101,59,42
"60QK000510",80,36,44
"60QK000511",125,37,88
"60QK000512",79,49,30
"60QK000513",113,37,76
"60QK000514",117,45,72
"60QK000515",97,26,71
"60QK000516",118,46,72
"60QK000517",90,23,67
"60QK000518",95,32,63
"60QK000519",53,15,38
"60QK000520",117,48,69
"60QK000521",92,26,66
"60QK000522",88,43,45
"60QK000523",70,33,37
"60QK000524",90,50,40
"60QK000525",83,44,39
"60QK000526",92,45,47
"60QK000527",149,79,70
"60QK000528",91,39,52
"60QK000529",87,26,61
"60QK000530",56,12,44
"60QK000531",48,15,33
"60QK000532",54,25,29
"60QK000533",68,26,42
"60QK000534",76,42,34
"60QK000535",101,41,60
"60QK000536",87,42,45
"60QK000537",86,34,52
"60QK000538",102,42,60
"60QK000539",120,34,86
"60QK000540",63,58,5
"60QK000541",56,37,19
"60QK000542",98,30,68
"60QK000543",114,38,76
"60QK000544",115,46,69
"60QK000545",85,37,48
"60QK000546",129,54,75
"60QK000547",86,35,51
"60QK000548",89,33,56
"60QK000549",82,30,52
"60QK000550",96,39,57
"60QK000551",136,42,94
"60QK000552",86,67,19
"60QK000553",124,51,73
"60QK000554",77,34,43
"60QK000555",94,53,41
"60QK000556",99,29,70
"60QK000557",89,42,47
"60QK000558",100,44,56
"60QK000559",119,47,72
"60QK000560",96,39,57
"60QK000561",162,62,100
"60QK000562",65,27,38
"60QK000563",67,40,27
"60QK000564",60,26,34
"60QK000565",128,59,69
"60QK000566",76,46,30
"60QK000567",126,59,67
"60QK000568",137,68,69
"60QK000569",104,49,55
"60QK000570",108,44,64
"60QK000571",104,42,62
"60QK000572",104,48,56
"60QK000573",106,36,70
"60QK000574",70,34,36
"60QK000575",73,30,43
"60QK000576",151,64,87
"60QK000577",111,65,46
"60QK000578",92,45,47
"60QK000579",94,43,51
"60QK000580",72,36,36
"60QK000581",110,60,50
"60QK000582",92,53,39
"60QK000583",78,46,32
"60QK000584",84,39,45
"60QK000585",132,70,62
"60QK000586",103,37,66
"60QK000587",109,48,61
"60QK000588",132,64,68
"60QK000589",106,51,55
"60QK000590",115,60,55
"60QK000591",85,32,53
"60QK000592",109,39,70
"60QK000593",121,46,75
"60QK000594",90,22,68
"60QK000595",66,37,29
"60QK000596",87,53,34
"60QK000597",99,43,56
"60QK000598",81,36,45
"60QK000599",63,45,18
"60QK000600",112,46,66
"60QK000601",64,46,18
"60QK000602",102,66,36
"60QK000603",77,39,38
"60QK000604",76,49,27
"60QK000605",152,110,42
"60QK000606",121,52,69
"60QK000607",126,54,72
"60QK000608",84,43,41
"60QK000609",91,53,38
"60QK000610",95,47,48
"60QK000611",79,45,34
"60QK000612",75,34,41
"60QK000613",94,48,46
"60QK000614",70,44,26
"60QK000615",123,56,67
"60QK000616",81,48,33
"60QK000617",56,27,29
"60QK000618",129,74,55
"60QK000619",91,44,47
"60QK000620",122,50,72
"60QK000621",76,35,41
"60QK000622",93,39,54
"60QK000623",72,24,48
"60QK000624",92,52,40
"60QK000625",76,54,22
"60QK000626",129,63,66
"60QK000627",109,56,53
"60QK000628",56,32,24
"60QK000629",105,65,40
"60QK000630",91,42,49
"60QK000631",68,35,33
"60QK000632",103,75,28
"60QK000633",71,53,18
"60QK000634",114,40,74
"60QK000635",97,37,60
"60QK000636",109,38,71
"60QK000637",111,41,70
"60QK000638",113,52,61
"60QK000639",95,64,31
"60QK000640",83,31,52
"60QK000641",88,34,54
"60QK000642",179,62,117
"60QK000643",84,21,63
"60QK000644",168,49,119
"60QK000645",94,45,49
"60QK000646",76,31,45
"60QK000647",137,33,104
"60QK000648",85,29,56
"60QK000649",81,27,54
"60QK000650",105,45,60
"60QK000651",83,31,52
"60QK000652",93,40,53
"60QK000653",75,43,32
"60QK000654",39,17,22
"60QK000655",86,56,30
"60QK000656",88,41,47
"60QK000657",82,47,35
"60QK000658",68,34,34
"60QK000659",128,53,75
"60QK000660",165,49,116
"60QK000661",75,31,44
"60QK000662",68,34,34
"60QK000663",98,34,64
"60QK000664",76,38,38
"60QK000665",109,56,53
"60QK000666",64,42,22
"60QK000667",101,72,29
"60QK000668",118,66,52
"60QK000669",89,47,42
"60QK000670",102,50,52
"60QK000671",61,33,28
"60QK000672",125,42,83
"60QK000673",83,40,43
"60QK000674",85,54,31
"60QK000675",85,41,44
"60QK000676",97,27,70
"60QK000677",98,25,73
"60QK000678",143,45,98
"60QK000679",123,57,66
"60QK000680",68,31,37
"60QK000681",78,32,46
"60QK000682",119,51,68
"60QK000683",62,42,20
"60QK000684",86,38,48
"60QK000685",105,38,67
"60QK000686",111,49,62
"60QK000687",97,42,55
"60QK000688",105,51,54
"60QK000689",114,34,80
"60QK000690",128,87,41
"60QK000691",71,36,35
"60QK000692",93,41,52
"60QK000693",65,38,27
"60QK000694",109,54,55
"60QK000695",125,45,80
"60QK000696",94,38,56
"60QK000697",155,38,117
"60QK000698",97,35,62
"60QK000699",60,29,31
"60QK000700",89,44,45
"60QK000701",106,31,75
"60QK000702",85,47,38
"60QK000703",69,21,48
"60QK000704",110,67,43
"60QK000705",76,41,35
"60QK000706",120,53,67
"60QK000707",125,47,78
"60QK000708",152,64,88
"60QK000709",152,69,83
"60QK000710",88,47,41
"60QK000711",124,56,68
"60QK000712",63,28,35
"60QK000713",129,57,72
"60QK000714",80,25,55
"60QK000715",113,57,56
"60QK000716",170,53,117
"60QK000717",65,45,20
"60QK000718",120,66,54
"60QK000719",136,48,88
"60QK000720",91,46,45
"60QK000721",89,35,54
"60QK000722",85,39,46
"60QK000723",94,49,45
"60QK000724",108,48,60
"60QK000725",83,34,49
"60QK000726",67,50,17
"60QK000727",84,29,55
"60QK000728",79,41,38
"60QK000729",80,38,42
"60QK000730",101,69,32
"60QK000731",111,36,75
"60QK000732",135,57,78
"60QK000733",104,30,74
"60QK000734",114,33,81
"60QK000735",98,34,64
"60QK000736",155,98,57
"60QK000737",93,41,52
"60QK000738",130,57,73
"60QK000739",109,68,41
"60QK000740",82,76,6
"60QK000741",102,46,56
"60QK000742",101,51,50
"60QK000743",94,39,55
"60QK000744",93,41,52
"60QK000745",99,46,53
"60QK000746",91,46,45
"60QK000747",98,44,54
"60QK000748",93,34,59
"60QK000749",112,36,76
"60QK000750",72,39,33
"60QK000751",91,41,50
"60QK000752",87,29,58
"60QK000753",110,34,76
"60QK000754",116,54,62
"60QK000755",101,31,70
"60QK000756",50,35,15
"60QK000757",70,50,20
"60QK000758",76,36,40
"60QK000759",67,47,20
"60QK000760",85,54,31
"60QK000761",81,49,32
"60QK000762",77,25,52
"60QK000763",89,19,70
"60QK000764",100,46,54
"60QK000765",79,34,45
"60QK000766",71,38,33
"60QK000767",62,42,20
"60QK000768",83,32,51
"60QK000769",89,23,66
"60QK000770",124,34,90
"60QK000771",100,38,62
"60QK000772",100,29,71
"60QK000773",160,60,100
"60QK000774",119,65,54
"60QK000775",119,61,58
"60QK000776",146,55,91
"60QK000777",106,34,72
"60QK000778",104,50,54
"60QK000779",74,42,32
"60QK000780",98,55,43
"60QK000781",74,42,32
"60QK000782",82,27,55
"60QK000783",75,31,44
"60QK000784",101,41,60
"60QK000785",78,32,46
"60QK000786",93,45,48
"60QK000787",163,49,114
"60QK000788",77,26,51
"60QK000789",140,46,94
"60QK000790",86,30,56
"60QK000791",110,39,71
"60QK000792",59,15,44
"60QK000793",57,27,30
"60QK000794",95,43,52
"60QK000795",124,43,81
"60QK000796",98,41,57
"60QK000797",114,30,84
"60QK000798",108,29,79
"60QK000799",105,38,67
"60QK000800",91,35,56
"60QK000801",112,30,82
"60QK000802",101,39,62
"60QK000803",105,24,81
"60QK000804",132,46,86
"60QK000805",136,50,86
"60QK000806",94,30,64
"60QK000807",97,29,68
"60QK000808",95,51,44
"60QK000809",44,26,18
"60QK000810",128,42,86
"60QK000811",162,93,69
"60QK000812",43,19,24
"60QK000813",98,47,51
"60QK000814",113,42,71
"60QK000815",49,28,21
"60QK000816",83,26,57
"60QK000817",77,20,57
"60QK000818",52,26,26
"60QK000819",85,51,34
"60QK000820",70,28,42
"60QK000821",55,15,40
"60QK000822",71,43,28
"60QK000823",44,16,28
"60QK000824",45,29,16
"60QK000825",51,23,28
"60QK000826",65,42,23
"60QK000827",75,40,35
"60QK000828",108,40,68
"60QK000829",141,53,88
"60QK000830",93,37,56
"60QK000831",59,22,37
"60QK000832",44,11,33
"60QK000833",143,41,102
"60QK000834",78,36,42
"60QK000835",63,21,42
"60QK000836",42,27,15
"60QK000837",76,24,52
"60QK000838",126,67,59
"60QK000839",102,48,54
"60QK000840",87,43,44
"60QK000841",50,13,37
"60QK000842",43,11,32
"60QK000843",48,14,34
"60QK000844",87,34,53
"60QK000845",104,72,32
"60QK000846",65,44,21
"60QK000847",55,42,13
"60QK000848",124,42,82
"60QK000849",59,28,31
"60QK000850",48,18,30
"60QK000851",103,81,22
"60QK000852",48,28,20
"60QK000853",95,43,52
"60QK000854",144,51,93
"60QK000855",66,23,43
"60QK000856",54,29,25
"60QK000857",103,43,60
"60QK000858",84,29,55
"60QK000859",54,14,40
"60QK000860",58,22,36
"60QK000861",72,31,41
"60QK000862",77,39,38
"60QK000863",76,27,49
"60QK000864",53,30,23
"60QK000865",58,32,26
"60QK000866",91,26,65
"60QK000867",128,50,78
"60QK000868",57,25,32
"60QK000869",49,36,13
"60QK000870",81,51,30
"60QK000871",74,38,36
"60QK000872",98,50,48
"60QK000873",48,44,4
"60QK000874",89,58,31
"60QK000875",78,25,53
"60QK000876",73,30,43
"60QK000877",102,58,44
"60QK000878",86,49,37
"60QK000879",77,42,35
"60QK000880",50,14,36
"60QK000881",54,26,28
"60QK000882",79,57,22
"60QK000883",78,42,36
"60QK000884",83,47,36
"60QK000885",123,44,79
"60QK000886",87,31,56
"60QK000887",106,50,56
"60QK000888",85,35,50
"60QK000889",629,494,135
"60QK000890",118,61,57
"60QK000891",103,41,62
"60QK000892",100,40,60
"60QK000893",113,37,76
"60QK000894",99,41,58
"60QK000895",62,29,33
"60QK000896",98,60,38
"60QK000897",208,121,87
"60QK000898",80,36,44
"60QK000899",92,42,50
"60QK000900",65,40,25
"60QK000901",72,38,34
"60QK000902",83,26,57
"60QK000903",91,28,63
"60QK000904",75,35,40
"60QK000905",70,29,41
"60QK000906",75,32,43
"60QK000907",98,30,68
"60QK000908",82,49,33
"60QK000909",61,39,22
"60QK000910",76,49,27
"60QK000911",51,19,32
"60QK000912",123,39,84
"60QK000913",85,27,58
"60QK000914",100,25,75
"60QK000915",68,39,29
"60QK000916",107,63,44
"60QK000917",123,34,89
"60QK000918",113,41,72
"60QK000919",65,15,50
"60QK000920",125,28,97
"60QK000921",121,44,77
"60QK000922",75,37,38
"60QK000923",95,33,62
"60QK000924",118,26,92
"60QK000925",63,21,42
"60QK000926",157,62,95
"60QK000927",98,50,48
"60QK000928",65,37,28
"60QK000929",194,125,69
"60QK000930",93,58,35
"60QK000931",48,22,26
"60QK000932",87,43,44
"60QK000933",66,41,25
"60QK000934",99,82,17
"60QK000935",116,82,34
"60QK000936",137,89,48
"60QK000937",73,45,28
"60QK000938",94,81,13
"60QK000939",70,43,27
"60QK000940",120,64,56
"60QK000941",101,35,66
"60QK000942",109,48,61
"60QK000943",96,50,46
"60QK000944",69,39,30
"60QK000945",79,51,28
"60QK000946",75,47,28
"60QK000947",49,29,20
"60QK000948",100,55,45
"60QK000949",137,89,48
"60QK000950",176,40,136
"60QK000951",148,44,104
"60QK000952",82,20,62
"60QK000953",105,28,77
"60QK000954",92,20,72
"60QK000955",130,36,94
"60QK000956",150,55,95
"60QK000957",144,40,104
"60QK000958",108,38,70
"60QK000959",80,17,63
"60QK000960",144,26,118
"60QK000961",91,27,64
"60QK000962",75,23,52
"60QK000963",103,29,74
"60QK000964",53,6,47
"60QK000965",79,30,49
"60QK000966",94,28,66
"60QK000967",104,46,58
"60QK000968",78,52,26
"60QK000969",49,22,27
"60QK000970",129,47,82
"60QK000971",110,44,66
"60QK000972",79,37,42
"60QK000973",134,79,55
"60QK000974",66,40,26
"60QK000975",100,46,54
"60QK000976",175,63,112
"60QK000977",98,37,61
"60QK000978",96,44,52
"60QK000979",84,37,47
"60QK000980",110,38,72
"60QK000981",116,38,78
"60QK000982",119,66,53
"60QK000983",121,69,52
"60QK000984",63,37,26
"60QK000985",85,43,42
"60QK000986",108,33,75
"60QK000987",123,29,94
"60QK000988",105,24,81
"60QK000989",94,49,45
"60QK000990",63,29,34
"60QK000991",93,55,38
"60QK000992",72,48,24
"60QK000993",98,71,27
"60QK000994",92,35,57
"60QK000995",58,20,38
"60QK000996",60,30,30
"60QK000997",92,24,68
"60QK000998",92,34,58
"60QK000999",96,31,65
"60QK001000",167,43,124
"60QK001001",122,46,76
"60QK001002",119,30,89
"60QK001003",75,31,44
"60QL000001",166,47,119
"60QL000002",119,30,89
"60QL000003",66,22,44
"60QL000004",73,26,47
"60QL000005",77,25,52
"60QL000006",76,23,53
"60QL000007",52,20,32
"60QL000008",158,61,97
"60QL000009",80,24,56
"60QL000010",142,59,83
"60QL000011",112,36,76
"60QL000012",104,42,62
"60QL000013",119,47,72
"60QL000014",93,27,66
"60QL000015",96,30,66
"60QL000016",116,38,78
"60QL000017",82,34,48
"60QL000018",90,28,62
"60QL000019",108,26,82
"60QL000020",104,16,88
"60QL000021",75,23,52
"60QL000022",99,39,60
"60QL000023",92,40,52
"60QL000024",93,33,60
"60QL000025",86,37,49
"60QL000026",99,44,55
"60QL000027",170,58,112
"60QL000028",147,55,92
"60QL000029",131,42,89
"60QL000030",155,65,90
"60QL000031",89,21,68
"60QL000032",47,13,34
"60QL000033",103,44,59
"60QL000034",80,26,54
"60QL000035",86,28,58
"60QL000036",97,45,52
"60QL000037",122,44,78
"60QL000038",82,26,56
"60QL000039",75,33,42
"60QL000040",88,36,52
"60QL000041",120,41,79
"60QL000042",91,39,52
"60QL000043",91,39,52
"60QL000044",136,48,88
"60QL000045",126,54,72
"60QL000046",111,39,72
"60QL000047",85,34,51
"60QL000048",110,38,72
"60QL000049",154,39,115
"60QL000050",98,36,62
"60QL000051",99,30,69
"60QL000052",80,26,54
"60QL000053",97,30,67
"60QL000054",114,36,78
"60QL000055",84,26,58
"60QL000056",110,42,68
"60QL000057",90,43,47
"60QL000058",103,25,78
"60QL000059",97,31,66
"60QL000060",138,40,98
"60QL000061",131,52,79
"60QL000062",87,23,64
"60QL000063",90,34,56
"60QL000064",115,34,81
"60QL000065",132,48,84
"60QL000066",122,41,81
"60QL000067",94,37,57
"60QL000068",98,25,73
"60QL000069",116,33,83
"60QL000070",111,39,72
"60QL000071",92,37,55
"60QL000072",117,37,80
"60QL000073",59,39,20
"60QL000074",120,43,77
"60QL000075",87,13,74
"60QL000076",146,57,89
"60QL000077",104,35,69
"60QL000078",99,30,69
"60QL000079",113,39,74
"60QL000080",100,32,68
"60QL000081",106,30,76
"60QL000082",157,52,105
"60QL000083",128,49,79
"60QL000084",111,37,74
"60QL000085",49,13,36
"60QL000086",56,28,28
"60QL000087",117,39,78
"60QL000088",47,24,23
"60QL000089",67,19,48
"60QL000090",70,20,50
"60QL000091",76,31,45
"60QL000092",93,48,45
"60QL000093",97,61,36
"60QL000094",107,65,42
"60QL000095",132,39,93
"60QL000096",99,37,62
"60QL000097",133,53,80
"60QL000098",100,34,66
"60QL000099",94,42,52
"60QL000100",61,19,42
"60QL000101",144,57,87
"60QL000102",68,30,38
"60QL000103",81,23,58
"60QL000104",67,41,26
"60QL000105",84,56,28
"60QL000106",110,48,62
"60QL000107",124,32,92
"60QL000108",128,30,98
"60QL000109",116,30,86
"60QL000110",173,123,50
"60QL000111",81,26,55
"60QL000112",98,24,74
"60QL000113",88,25,63
"60QL000114",92,27,65
"60QL000115",100,33,67
"60QL000116",152,42,110
"60QL000117",137,42,95
"60QL000118",103,54,49
"60QL000119",124,38,86
"60QL000120",62,23,39
"60QL000121",107,36,71
"60QL000122",82,53,29
"60QL000123",89,37,52
"60QL000124",113,32,81
"60QL000125",92,29,63
"60QL000126",88,31,57
"60QL000127",124,26,98
"60QL000128",91,20,71
"60QL000129",89,33,56
"60QL000130",95,32,63
"60QL000131",86,20,66
"60QL000132",79,29,50
"60QL000133",79,51,28
"60QL000134",101,38,63
"60QL000135",127,51,76
"60QL000136",70,24,46
"60QL000137",87,27,60
"60QL000138",126,43,83
"60QL000139",95,25,70
"60QL000140",104,34,70
"60QL000141",81,37,44
"60QL000142",151,47,104
"60QL000143",120,43,77
"60QL000144",129,37,92
"60QL000145",117,29,88
"60QL000146",169,55,114
"60QL000147",140,48,92
"60QL000148",50,18,32
"60QL000149",69,23,46
"60QL000150",110,18,92
"60QL000151",96,32,64
"60QL000152",97,27,70
"60QL000153",170,48,122
"60QL000154",117,35,82
"60QL000155",115,38,77
"60QL000156",113,31,82
"60QL000157",160,53,107
"60QL000158",118,48,70
"60QL000159",125,45,80
"60QL000160",120,40,80
"60QL000161",78,37,41
"60QL000162",132,43,89
"60QL000163",106,61,45
"60QL000164",71,33,38
"60QL000165",90,59,31
"60QL000166",90,50,40
"60QL000167",91,33,58
"60QL000168",104,38,66
"60QL000169",94,30,64
"60QL000170",85,43,42
"60QL000171",87,26,61
"60QL000172",111,39,72
"60QL000173",85,27,58
"60QL000174",113,39,74
"60QL000175",96,32,64
"60QL000176",133,40,93
"60QL000177",140,46,94
"60QL000178",149,49,100
"60QL000179",120,38,82
"60QL000180",99,24,75
"60QL000181",146,45,101
"60QL000182",147,53,94
"60QL000183",135,48,87
"60QL000184",150,115,35
"60QL000185",56,36,20
"60QL000186",144,60,84
"60QL000187",94,54,40
"60QL000188",83,39,44
"60QL000189",142,45,97
"60QL000190",88,52,36
"60QL000191",70,55,15
"60QL000192",65,49,16
"60QL000193",110,47,63
"60QL000194",114,40,74
"60QL000195",105,39,66
"60QL000196",124,38,86
"60QL000197",117,57,60
"60QL000198",107,27,80
"60QL000199",153,50,103
"60QL000200",76,23,53
"60QL000201",118,57,61
"60QL000202",88,50,38
"60QL000203",90,38,52
"60QL000204",98,62,36
"60QL000205",79,40,39
"60QL000206",102,79,23
"60QL000207",113,85,28
"60QL000208",102,70,32
"60QL000209",94,44,50
"60QL000210",97,49,48
"60QL000211",85,50,35
"60QL000212",67,45,22
"60QL000213",110,64,46
"60QL000214",85,50,35
"60QL000215",118,56,62
"60QL000216",93,46,47
"60QL000217",107,70,37
"60QL000218",135,49,86
"60QL000219",135,50,85
"60QL000220",143,46,97
"60QL000221",119,48,71
"60QL000222",146,52,94
"60QL000223",131,53,78
"60QL000224",107,40,67
"60QL000225",184,64,120
"60QL000226",119,39,80
"60QL000227",132,46,86
"60QL000228",178,69,109
"60QL000229",112,34,78
"60QL000230",132,57,75
"60QL000231",98,38,60
"60QL000232",120,41,79
"60QL000233",100,36,64
"60QL000234",93,41,52
"60QL000235",122,44,78
"60QL000236",93,30,63
"60QL000237",53,17,36
"60QL000238",69,23,46
"60QL000239",115,32,83
"60QL000240",96,26,70
"60QL000241",121,41,80
"60QL000242",120,28,92
"60QL000243",86,20,66
"60QL000244",122,38,84
"60QL000245",104,28,76
"60QL000246",104,30,74
"60QL000247",110,28,82
"60QL000248",90,27,63
"60QL000249",101,32,69
"60QL000250",178,77,101
"60QL000251",124,70,54
"60QL000252",204,85,119
"60QL000253",100,43,57
"60QL000254",107,63,44
"60QL000255",149,55,94
"60QL000256",164,62,102
"60QL000257",118,39,79
"60QL000258",115,51,64
"60QL000259",130,39,91
"60QL000260",129,59,70
"60QL000261",137,63,74
"60QL000262",152,41,111
"60QL000263",176,65,111
"60QL000264",128,47,81
"60QL000265",144,52,92
"60QL000266",91,35,56
"60QL000267",111,36,75
"60QL000268",113,49,64
"60QL000269",93,25,68
"60QL000270",134,50,84
"60QL000271",149,51,98
"60QL000272",150,62,88
"60QL000273",138,35,103
"60QL000274",58,29,29
"60QL000275",115,48,67
"60QL000276",139,49,90
"60QL000277",131,43,88
"60QL000278",99,38,61
"60QL000279",93,36,57
"60QL000280",127,46,81
"60QL000281",116,30,86
"60QL000282",105,41,64
"60QL000283",124,34,90
"60QL000284",77,43,34
"60QL000285",91,23,68
"60QL000286",87,34,53
"60QL000287",134,34,100
"60QL000288",146,56,90
"60QL000289",102,32,70
"60QL000290",113,33,80
"60QL000291",92,30,62
"60QL000292",91,19,72
"60QL000293",91,29,62
"60QL000294",120,37,83
"60QL000295",111,36,75
"60QL000296",191,66,125
"60QL000297",165,49,116
"60QL000298",115,43,72
"60QL000299",111,40,71
"60QL000300",78,26,52
"60QL000301",116,40,76
"60QL000302",72,28,44
"60QL000303",96,29,67
"60QL000304",98,24,74
"60QL000305",49,15,34
"60QL000306",43,15,28
"60QL000307",84,21,63
"60QL000308",109,35,74
"60QL000309",108,39,69
"60QL000310",93,37,56
"60QL000311",98,37,61
"60QL000312",78,36,42
"60QL000313",87,28,59
"60QL000314",94,22,72
"60QL000315",121,66,55
"60QL000316",154,48,106
"60QL000317",118,34,84
"60QL000318",93,29,64
"60QL000319",103,34,69
"60QL000320",119,61,58
"60QL000321",99,31,68
"60QL000322",136,46,90
"60QL000323",174,55,119
"60QL000324",119,35,84
"60QL000325",108,30,78
"60QL000326",136,48,88
"60QL000327",97,31,66
"60QL000328",118,34,84
"60QL000329",93,51,42
"60QL000330",93,30,63
"60QL000331",142,36,106
"60QL000332",78,24,54
"60QL000333",128,39,89
"60QL000334",91,30,61
"60QL000335",90,40,50
"60QL000336",69,35,34
"60QL000337",109,49,60
"60QL000338",109,23,86
"60QL000339",113,81,32
"60QL000340",66,34,32
"60QL000341",82,52,30
"60QL000342",106,59,47
"60QL000343",161,50,111
"60QL000344",88,41,47
"60QL000345",88,25,63
"60QL000346",121,39,82
"60QL000347",75,35,40
"60QL000348",116,38,78
"60QL000349",72,30,42
"60QL000350",69,28,41
"60QL000351",88,65,23
"60QL000352",78,59,19
"60QL000353",132,76,56
"60QL000354",82,48,34
"60QL000355",123,58,65
"60QL000356",89,29,60
"60QL000357",79,44,35
"60QL000358",42,17,25
"60QL000359",83,40,43
"60QL000360",79,45,34
"60QL000361",95,42,53
"60QL000362",117,72,45
"60QL000363",112,56,56
"60QL000364",141,72,69
"60QL000365",93,39,54
"60QL000366",115,31,84
"60QL000367",107,39,68
"60QL000368",136,46,90
"60QL000369",131,33,98
"60QL000370",70,14,56
"60QL000371",96,56,40
"60QL000372",99,53,46
"60QL000373",95,46,49
"60QL000374",97,56,41
"60QL000375",86,54,32
"60QL000376",96,48,48
"60QL000377",83,43,40
"60QL000378",89,45,44
"60QL000379",105,35,70
"60QL000380",57,13,44
"60QL000381",76,41,35
"60QL000382",136,47,89
"60QL000383",80,38,42
"60QL000384",104,49,55
"60QL000385",100,33,67
"60QL000386",123,39,84
"60QL000387",128,38,90
"60QL000388",62,11,51
"60QL000389",139,71,68
"60QL000390",147,52,95
"60QL000391",154,68,86
"60QL000392",166,102,64
"60QL000393",90,53,37
"60QL000394",62,44,18
"60QL000395",100,40,60
"60QL000396",88,46,42
"60QL000397",108,22,86
"60QL000398",133,40,93
"60QL000399",46,16,30
"60QL000400",98,48,50
"60QL000401",82,30,52
"60QL000402",101,31,70
"60QL000403",126,40,86
"60QL000404",109,35,74
"60QL000405",98,43,55
"60QL000406",72,44,28
"60QL000407",90,42,48
"60QL000408",116,23,93
"60QL000409",83,63,20
"60QL000410",111,72,39
"60QL000411",101,34,67
"60QL000412",96,77,19
"60QL000413",101,73,28
"60QL000414",72,28,44
"60QL000415",66,22,44
"60QL000416",65,47,18
"60QL000417",126,59,67
"60QL000418",128,51,77
"60QL000419",103,71,32
"60QL000420",89,63,26
"60QL000421",73,51,22
"60QL000422",152,57,95
"60QL000423",94,32,62
"60QL000424",120,41,79
"60QL000425",139,37,102
"60QL000426",87,26,61
"60QL000427",109,32,77
"60QL000428",121,45,76
"60QL000429",79,35,44
"60QL000430",86,32,54
"60QL000431",135,53,82
"60QL000432",72,54,18
"60QL000433",66,36,30
"60QL000434",112,58,54
"60QL000435",79,42,37
"60QL000436",74,46,28
"60QL000437",92,61,31
"60QL000438",72,56,16
"60QL000439",82,52,30
"60QL000440",83,59,24
"60QL000441",86,42,44
"60QL000442",95,53,42
"60QL000443",132,68,64
"60QL000444",119,85,34
"60QL000445",114,75,39
"60QL000446",90,47,43
"60QL000447",88,46,42
"60QL000448",93,45,48
"60QL000449",129,51,78
"60QL000450",85,43,42
"60QL000451",91,42,49
"60QL000452",106,36,70
"60QL000453",117,51,66
"60QL000454",96,42,54
"60QL000455",111,60,51
"60QL000456",84,31,53
"60QL000457",101,59,42
"60QL000458",144,68,76
"60QL000459",67,31,36
"60QL000460",77,34,43
"60QL000461",157,57,100
"60QL000462",137,43,94
"60QL000463",77,32,45
"60QL000464",102,52,50
"60QL000465",41,31,10
"60QL000466",33,27,6
"60QL000467",68,26,42
"60QL000468",80,43,37
"60QL000469",98,46,52
"60QL000470",72,40,32
"60QL000471",185,88,97
"60QL000472",115,52,63
"60QL000473",135,81,54
"60QL000474",103,67,36
"60QL000475",53,38,15
"60QL000476",94,52,42
"60QL000477",76,43,33
"60QL000478",81,57,24
"60QL000479",79,48,31
"60QL000480",88,45,43
"60QL000481",90,40,50
"60QL000482",103,55,48
"60QL000483",74,44,30
"60QL000484",81,47,34
"60QL000485",47,27,20
"60QL000486",111,29,82
"60QL000487",54,30,24
"60QL000488",58,34,24
"60QL000489",64,48,16
"60QL000490",102,36,66
"60QL000491",77,43,34
"60QL000492",86,53,33
"60QL000493",76,48,28
"60QL000494",76,34,42
"60QL000495",60,42,18
"60QL000496",95,49,46
"60QL000497",72,47,25
"60QL000498",108,61,47
"60QL000499",77,53,24
"60QL000500",121,69,52
"60QL000501",105,48,57
"60QL000502",91,37,54
"60QL000503",145,55,90
"60QL000504",100,45,55
"60QL000505",54,26,28
"60QL000506",98,30,68
"60QL000507",108,36,72
"60QL000508",120,32,88
"60QL000509",138,33,105
"60QL000510",152,60,92
"60QL000511",121,36,85
"60QL000512",144,56,88
"60QL000513",97,29,68
"60QL000514",142,54,88
"60QL000515",97,61,36
"60QL000516",88,33,55
"60QL000517",125,65,60
"60QL000518",122,32,90
"60QL000519",154,40,114
"60QL000520",152,49,103
"60QL000521",100,25,75
"60QL000522",157,41,116
"60QL000523",171,42,129
"60QL000524",124,40,84
"60QL000525",114,44,70
"60QL000526",140,78,62
"60QL000527",111,31,80
"60QL000528",97,48,49
"60QL000529",88,50,38
"60QL000530",80,36,44
"60QL000531",75,57,18
"60QL000532",76,51,25
"60QL000533",95,55,40
"60QL000534",113,55,58
"60QL000535",138,79,59
"60QL000536",166,81,85
"60QL000537",112,48,64
"60QL000538",140,34,106
"60QL000539",121,36,85
"60QL000540",101,29,72
"60QL000541",108,32,76
"60QL000542",99,29,70
"60QL000543",129,41,88
"60QL000544",97,30,67
"60QL000545",134,45,89
"60QL000546",55,14,41
"60QL000547",96,30,66
"60QL000548",112,42,70
"60QL000549",99,30,69
"60QL000550",113,52,61
"60QL000551",100,50,50
"60QL000552",83,43,40
"60QL000553",107,39,68
"60QL000554",102,53,49
"60QL000555",77,43,34
"60QL000556",127,41,86
"60QL000557",62,16,46
"60QL000558",141,43,98
"60QL000559",145,44,101
"60QL000560",109,33,76
"60QL000561",106,40,66
"60QL000562",165,51,114
"60QL000563",147,47,100
"60QL000564",108,34,74
"60QL000565",117,33,84
"60QL000566",102,39,63
"60QL000567",166,47,119
"60QL000568",141,39,102
"60QL000569",123,31,92
"60QL000570",158,43,115
"60QL000571",48,16,32
"60QL000572",157,54,103
"60QL000573",151,44,107
"60QL000574",123,51,72
"60QL000575",119,56,63
"60QL000576",117,39,78
"60QL000577",81,29,52
"60QL000578",136,52,84
"60QL000579",139,44,95
"60QL000580",132,50,82
"60QL000581",117,55,62
"60QL000582",144,44,100
"60QL000583",99,31,68
"60QL000584",144,46,98
"60QL000585",103,43,60
"60QL000586",117,35,82
"60QL000587",91,29,62
"60QL000588",158,60,98
"60QL000589",150,54,96
"60QL000590",61,37,24
"60QL000591",130,38,92
"60QL000592",150,47,103
"60QL000593",118,30,88
"60QL000594",106,30,76
"60QL000595",116,52,64
"60QL000596",73,42,31
"60QL000597",136,38,98
"60QL000598",116,43,73
"60QL000599",85,47,38
"60QL000600",120,40,80
"60QL000601",116,54,62
"60QL000602",100,32,68
"60QL000603",105,37,68
"60QL000604",85,39,46
"60QL000605",85,35,50
"60QL000606",91,33,58
"60QL000607",109,60,49
"60QL000608",62,34,28
"60QL000609",115,92,23
"60QL000610",68,56,12
"60QL000611",59,24,35
"60QL000612",158,45,113
"60QL000613",148,50,98
"60QL000614",143,57,86
"60QL000615",95,40,55
"60QL000616",212,89,123
"60QL000617",114,37,77
"60QL000618",141,41,100
"60QL000619",139,52,87
"60QL000620",81,35,46
"60QL000621",126,44,82
"60QL000622",81,42,39
"60QL000623",98,42,56
"60QL000624",105,43,62
"60QL000625",62,33,29
"60QL000626",106,41,65
"60QL000627",122,78,44
"60QL000628",130,85,45
"60QL000629",89,41,48
"60QL000630",97,37,60
"60QL000631",151,69,82
"60QL000632",140,63,77
"60QL000633",131,68,63
"60QL000634",76,42,34
"60QL000635",142,67,75
"60QL000636",155,72,83
"60QL000637",130,87,43
"60QL000638",78,48,30
"60QL000639",82,58,24
"60QL000640",98,50,48
"60QL000641",61,47,14
"60QL000642",85,59,26
"60QL000643",134,68,66
"60QL000644",135,74,61
"60QL000645",102,65,37
"60QL000646",161,83,78
"60QL000647",146,72,74
"60QL000648",171,51,120
"60QL000649",133,59,74
"60QL000650",100,46,54
"60QL000651",175,75,100
"60QL000652",118,62,56
"60QL000653",88,30,58
"60QL000654",51,13,38
"60QL000655",109,41,68
"60QL000656",65,28,37
"60QL000657",122,30,92
"60QL000658",89,26,63
"60QL000659",129,45,84
"60QL000660",52,12,40
"60QL000661",63,12,51
"60QL000662",77,24,53
"60QL000663",126,35,91
"60QL000664",126,48,78
"60QL000665",102,34,68
"60QL000666",50,32,18
"60QL000667",122,57,65
"60QL000668",67,39,28
"60QL000669",54,28,26
"60QL000670",77,33,44
"60QL000671",81,39,42
"60QL000672",61,17,44
"60QL000673",47,23,24
"60QL000674",77,21,56
"60QL000675",53,17,36
"60QL000676",104,43,61
"60QL000677",88,41,47
"60QL000678",87,32,55
"60QL000679",149,43,106
"60QL000680",53,17,36
"60QL000681",71,36,35
"60QL000682",41,13,28
"60QL000683",97,51,46
"60QL000684",71,37,34
"60QL000685",286,195,91
"60QL000686",73,39,34
"60QL000687",104,28,76
"60QL000688",51,47,4
"60QL000689",116,73,43
"60QL000690",95,37,58
"60QL000691",76,22,54
"60QL000692",119,39,80
"60QL000693",48,32,16
"60QL000694",77,57,20
"60QL000695",53,22,31
"60QL000696",60,17,43
"60QL000697",74,39,35
"60QL000698",88,36,52
"60QL000699",67,63,4
"60QL000700",55,33,22
"60QL000701",81,23,58
"60QL000702",173,59,114
"60QL000703",93,27,66
"60QL000704",126,46,80
"60QL000705",125,63,62
"60QL000706",100,42,58
"60QL000707",92,26,66
"60QL000708",76,22,54
"60QL000709",64,24,40
"60QL000710",94,44,50
"60QL000711",384,285,99
"60QL000712",43,13,30
"60QL000713",91,58,33
"60QL000714",68,38,30
"60QL000715",84,34,50
"60QL000716",60,34,26
"60QL000717",68,52,16
"60QL000718",46,41,5
"60QL000719",41,24,17
"60QL000720",63,17,46
"60QL000721",52,26,26
"60QL000722",111,31,80
"60QL000723",83,35,48
"60QL000724",96,35,61
"60QL000725",161,53,108
"60QL000726",68,15,53
"60QL000727",95,45,50
"60QL000728",65,35,30
"60QL000729",60,23,37
"60QL000730",122,51,71
"60QL000731",146,36,110
"60QL000732",147,94,53
"60QL000733",78,24,54
"60QL000734",96,32,64
"60QL000735",159,65,94
"60QL000736",100,24,76
"60QL000737",68,42,26
"60QL000738",59,35,24
"60QL000739",108,30,78
"60QL000740",104,42,62
"60QL000741",83,25,58
"60QL000742",45,21,24
"60QL000743",144,46,98
"60QL000744",96,46,50
"60QL000745",108,65,43
"60QL000746",133,95,38
"60QL000747",97,32,65
"60QL000748",279,155,124
"60QL000749",135,59,76
"60QL000750",73,49,24
"60QL000751",136,31,105
"60QL000752",71,25,46
"60QL000753",139,33,106
"60QL000754",204,71,133
"60QL000755",133,41,92
"60QL000756",81,24,57
"60QL000757",116,58,58
"60QL000758",48,6,42
"60QL000759",53,43,10
"60QL000760",75,56,19
"60QL000761",72,47,25
"60QL000762",108,39,69
"60QL000763",98,59,39
"60QL000764",69,31,38
"60QL000765",132,43,89
"60QL000766",154,41,113
"60QL000767",98,25,73
"60QL000768",133,63,70
"60QL000769",154,47,107
"60QL000770",96,39,57
"60QL000771",82,24,58
"60QL000772",61,42,19
"60QL000773",99,51,48
"60QL000774",80,44,36
"60QL000775",193,40,153
"60QL000776",136,27,109
"60QL000777",50,10,40
"60QL000778",184,48,136
"60QL000779",169,62,107
"60QL000780",131,37,94
"60QL000781",142,34,108
"60QL000782",54,30,24
"60QL000783",126,69,57
"60QL000784",104,69,35
"60QL000785",67,59,8
"60QL000786",59,39,20
"60QL000787",63,51,12
"60QL000788",97,62,35
"60QL000789",54,34,20
"60QL000790",179,151,28
"60QL000791",74,49,25
"60QL000792",89,54,35
"60QL000793",95,57,38
"60QL000794",53,41,12
"60QL000795",85,57,28
"60QL000796",125,76,49
"60QL000797",130,74,56
"60QL000798",83,55,28
"60QL000799",123,33,90
"60QL000800",56,20,36
"60QL000801",96,35,61
"60QL000802",78,28,50
"60QL000803",158,85,73
"60QL000804",104,31,73
"60QL000805",106,55,51
"60QL000806",88,36,52
"60QL000807",81,45,36
"60QL000808",51,19,32
"60QL000809",95,79,16
"60QL000810",116,34,82
"60QL000811",73,15,58
"60QL000812",89,43,46
"60QL000813",77,17,60
"60QL000814",103,23,80
"60QL000815",86,42,44
"60QL000816",70,24,46
"60QL000817",152,52,100
"60QL000818",89,22,67
"60QL000819",83,29,54
"60QL000820",104,78,26
"60QL000821",45,35,10
"60QL000822",88,37,51
"60QL000823",98,31,67
"60QM000001",120,33,87
"60QM000002",43,11,32
"60QM000003",126,47,79
"60QM000004",66,31,35
"60QM000005",145,49,96
"60QM000006",41,5,36
"60QM000007",52,21,31
"60QM000008",75,30,45
"60QM000009",91,34,57
"60QM000010",145,42,103
"60QM000011",53,16,37
"60QM000012",60,22,38
"60QM000013",74,28,46
"60QM000014",144,88,56
"60QM000015",142,52,90
"60QM000016",108,40,68
"60QM000017",58,23,35
"60QM000018",109,37,72
"60QM000019",135,47,88
"60QM000020",152,55,97
"60QM000021",111,44,67
"60QM000022",80,26,54
"60QM000023",70,22,48
"60QM000024",103,47,56
"60QM000025",107,28,79
"60QM000026",79,41,38
"60QM000027",121,55,66
"60QM000028",72,26,46
"60QM000029",88,32,56
"60QM000030",94,32,62
"60QM000031",133,58,75
"60QM000032",54,20,34
"60QM000033",77,28,49
"60QM000034",125,37,88
"60QM000035",48,20,28
"60QM000036",144,45,99
"60QM000037",132,38,94
"60QM000038",127,43,84
"60QM000039",109,50,59
"60QM000040",95,27,68
"60QM000041",129,40,89
"60QM000042",102,46,56
"60QM000043",110,45,65
"60QM000044",44,12,32
"60QM000045",80,30,50
"60QM000046",40,8,32
"60QM000047",61,28,33
"60QM000048",64,22,42
"60QM000049",118,53,65
"60QM000050",132,49,83
"60QM000051",86,32,54
"60QM000052",86,30,56
"60QM000053",46,20,26
"60QM000054",66,20,46
"60QM000055",140,57,83
"60QM000056",106,51,55
"60QM000057",101,29,72
"60QM000058",55,17,38
"60QM000059",75,27,48
"60QM000060",79,27,52
"60QM000061",102,48,54
"60QM000062",101,41,60
"60QM000063",123,45,78
"60QM000064",144,63,81
"60QM000065",99,39,60
"60QM000066",119,75,44
"60QM000067",100,58,42
"60QM000068",126,59,67
"60QM000069",103,46,57
"60QM000070",86,47,39
"60QM000071",75,29,46
"60QM000072",74,48,26
"60QM000073",94,40,54
"60QM000074",93,61,32
"60QM000075",115,41,74
"60QM000076",74,42,32
"60QM000077",78,52,26
"60QM000078",147,43,104
"60QM000079",98,52,46
"60QM000080",122,48,74
"60QM000081",109,63,46
"60QM000082",107,51,56
"60QM000083",107,43,64
"60QM000084",139,41,98
"60QM000085",119,55,64
"60QM000086",148,46,102
"60QM000087",105,54,51
"60QM000088",66,35,31
"60QM000089",90,41,49
"60QM000090",135,69,66
"60QM000091",113,67,46
"60QM000092",132,36,96
"60QM000093",121,43,78
"60QM000094",152,42,110
"60QM000095",79,33,46
"60QM000096",55,13,42
"60QM000097",74,18,56
"60QM000098",66,16,50
"60QM000099",60,45,15
"60QM000100",88,30,58
"60QM000101",75,26,49
"60QM000102",92,23,69
"60QM000103",102,31,71
"60QM000104",103,41,62
"60QM000105",98,55,43
"60QM000106",72,62,10
"60QM000107",113,73,40
"60QM000108",79,61,18
"60QM000109",57,39,18
"60QM000110",49,39,10
"60QM000111",141,71,70
"60QM000112",82,42,40
"60QM000113",117,43,74
"60QM000114",75,45,30
"60QM000115",100,67,33
"60QM000116",69,38,31
"60QM000117",88,52,36
"60QM000118",81,52,29
"60QM000119",85,33,52
"60QM000120",69,50,19
"60QM000121",71,49,22
"60QM000122",109,55,54
"60QM000123",75,56,19
"60QM000124",87,43,44
"60QM000125",49,41,8
"60QM000126",91,57,34
"60QM000127",104,41,63
"60QM000128",123,83,40
"60QM000129",64,43,21
"60QM000130",84,31,53
"60QM000131",99,52,47
"60QM000132",44,22,22
"60QM000133",86,56,30
"60QM000134",101,69,32
"60QM000135",66,36,30
"60QM000136",102,50,52
"60QM000137",108,70,38
"60QM000138",100,60,40
"60QM000139",77,64,13
"60QM000140",62,38,24
"60QM000141",60,30,30
"60QM000142",102,78,24
"60QM000143",66,42,24
"60QM000144",74,45,29
"60QM000145",100,53,47
"60QM000146",76,50,26
"60QM000147",65,41,24
"60QM000148",75,39,36
"60QM000149",96,38,58
"60QM000150",55,43,12
"60QM000151",60,46,14
"60QM000152",116,50,66
"60QM000153",129,45,84
"60QM000154",112,46,66
"60QM000155",152,57,95
"60QM000156",80,33,47
"60QM000157",100,39,61
"60QM000158",85,33,52
"60QM000159",92,46,46
"60QM000160",71,30,41
"60QM000161",135,79,56
"60QM000162",185,88,97
"60QM000163",95,48,47
"60QM000164",100,62,38
"60QM000165",52,22,30
"60QM000166",127,76,51
"60QM000167",88,45,43
"60QM000168",114,57,57
"60QM000169",119,51,68
"60QM000170",67,31,36
"60QM000171",93,45,48
"60QM000172",80,39,41
"60QM000173",78,40,38
"60QM000174",162,65,97
"60QM000175",163,37,126
"60QM000176",69,43,26
"60QM000177",100,38,62
"60QM000178",67,35,32
"60QM000179",123,63,60
"60QM000180",92,38,54
"60QM000181",90,57,33
"60QM000182",84,41,43
"60QM000183",107,43,64
"60QM000184",82,34,48
"60QM000185",81,31,50
"60QM000186",108,88,20
"60QM000187",121,68,53
"60QM000188",86,62,24
"60QM000189",90,54,36
"60QM000190",81,42,39
"60QM000191",97,39,58
"60QM000192",85,44,41
"60QM000193",115,65,50
"60QM000194",115,59,56
"60QM000195",81,49,32
"60QM000196",72,47,25
"60QM000197",117,57,60
"60QM000198",89,49,40
"60QM000199",85,38,47
"60QM000200",79,39,40
"60QM000201",93,36,57
"60QM000202",99,46,53
"60QM000203",79,39,40
"60QM000204",119,43,76
"60QM000205",116,48,68
"60QM000206",131,60,71
"60QM000207",88,30,58
"60QM000208",82,38,44
"60QM000209",108,22,86
"60QM000210",175,35,140
"60QM000211",107,36,71
"60QM000212",140,59,81
"60QM000213",102,44,58
"60QM000214",143,67,76
"60QM000215",109,35,74
"60QM000216",126,40,86
"60QM000217",122,50,72
"60QM000218",126,50,76
"60QM000219",116,69,47
"60QM000220",141,57,84
"60QM000221",118,46,72
"60QM000222",93,39,54
"60QM000223",136,42,94
"60QM000224",94,18,76
"60QM000225",71,21,50
"60QM000226",133,64,69
"60QM000227",103,52,51
"60QM000228",123,50,73
"60QM000229",78,39,39
"60QM000230",135,58,77
"60QM000231",124,68,56
"60QM000232",95,37,58
"60QM000233",111,62,49
"60QM000234",104,44,60
"60QM000235",90,52,38
"60QM000236",150,60,90
"60QM000237",110,49,61
"60QM000238",83,30,53
"60QM000239",107,55,52
"60QM000240",130,37,93
"60QM000241",123,48,75
"60QM000242",92,31,61
"60QM000243",68,35,33
"60QM000244",97,45,52
"60QM000245",140,70,70
"60QM000246",65,35,30
"60QM000247",45,27,18
"60QM000248",124,77,47
"60QM000249",97,52,45
"60QM000250",137,73,64
"60QM000251",110,71,39
"60QM000252",123,87,36
"60QM000253",99,58,41
"60QM000254",70,41,29
"60QM000255",79,35,44
"60QM000256",100,52,48
"60QM000257",91,47,44
"60QM000258",70,36,34
"60QM000259",89,45,44
"60QM000260",76,42,34
"60QM000261",94,40,54
"60QM000262",88,26,62
"60QM000263",132,49,83
"60QM000264",109,45,64
"60QM000265",66,44,22
"60QM000266",63,31,32
"60QM000267",62,42,20
"60QM000268",72,28,44
"60QM000269",108,48,60
"60QM000270",84,34,50
"60QM000271",67,35,32
"60QM000272",89,51,38
"60QM000273",60,32,28
"60QM000274",105,51,54
"60QM000275",72,30,42
"60QM000276",97,25,72
"60QM000277",118,43,75
"60QM000278",104,57,47
"60QM000279",89,48,41
"60QM000280",75,33,42
"60QM000281",98,46,52
"60QM000282",110,39,71
"60QM000283",112,24,88
"60QM000284",125,59,66
"60QM000285",120,32,88
"60QM000286",100,36,64
"60QM000287",94,44,50
"60QM000288",85,28,57
"60QM000289",119,66,53
"60QM000290",126,50,76
"60QM000291",104,46,58
"60QM000292",86,42,44
"60QM000293",99,33,66
"60QM000294",99,60,39
"60QM000295",92,26,66
"60QM000296",101,43,58
"60QM000297",115,38,77
"60QM000298",85,31,54
"60QM000299",105,30,75
"60QM000300",80,34,46
"60QM000301",83,41,42
"60QM000302",74,31,43
"60QM000303",81,39,42
"60QM000304",80,28,52
"60QM000305",106,62,44
"60QM000306",123,53,70
"60QM000307",62,40,22
"60QM000308",113,61,52
"60QM000309",78,26,52
"60QM000310",80,35,45
"60QM000311",142,60,82
"60QM000312",95,52,43
"60QM000313",117,59,58
"60QM000314",108,44,64
"60QM000315",127,75,52
"60QM000316",99,45,54
"60QM000317",98,50,48
"60QM000318",99,44,55
"60QM000319",91,24,67
"60QM000320",121,56,65
"60QM000321",84,38,46
"60QM000322",81,39,42
"60QM000323",84,35,49
"60QM000324",86,40,46
"60QM000325",105,67,38
"60QM000326",106,64,42
"60QM000327",78,28,50
"60QM000328",74,44,30
"60QM000329",73,38,35
"60QM000330",57,31,26
"60QM000331",69,46,23
"60QM000332",63,47,16
"60QM000333",67,37,30
"60QM000334",96,34,62
"60QM000335",97,37,60
"60QM000336",72,28,44
"60QM000337",84,24,60
"60QM000338",113,56,57
"60QM000339",111,45,66
"60QM000340",91,37,54
"60QM000341",80,31,49
"60QM000342",105,52,53
"60QM000343",59,41,18
"60QM000344",89,41,48
"60QM000345",99,50,49
"60QM000346",78,42,36
"60QM000347",69,41,28
"60QM000348",95,51,44
"60QM000349",86,36,50
"60QM000350",90,46,44
"60QM000351",92,48,44
"60QM000352",106,48,58
"60QM000353",86,24,62
"60QM000354",86,25,61
"60QM000355",77,35,42
"60QM000356",99,51,48
"60QM000357",89,53,36
"60QM000358",109,33,76
"60QM000359",111,40,71
"60QM000360",49,31,18
"60QM000361",66,28,38
"60QM000362",55,17,38
"60QM000363",93,35,58
"60QM000364",107,52,55
"60QM000365",65,29,36
"60QM000366",137,52,85
"60QM000367",90,45,45
"60QM000368",92,39,53
"60QM000369",60,26,34
"60QM000370",105,48,57
"60QM000371",79,30,49
"60QM000372",90,35,55
"60QM000373",82,45,37
"60QM000374",100,48,52
"60QM000375",82,38,44
"60QM000376",92,46,46
"60QM000377",59,51,8
"60QM000378",70,54,16
"60QM000379",77,53,24
"60QM000380",104,56,48
"60QM000381",106,45,61
"60QM000382",78,38,40
"60QM000383",106,44,62
"60QM000384",95,29,66
"60QM000385",147,67,80
"60QM000386",137,53,84
"60QM000387",77,28,49
"60QM000388",108,40,68
"60QM000389",76,42,34
"60QM000390",60,33,27
"60QM000391",111,76,35
"60QM000392",163,78,85
"60QM000393",39,16,23
"60QM000394",151,35,116
"60QM000395",72,27,45
"60QM000396",142,42,100
"60QM000397",86,22,64
"60QM000398",112,38,74
"60QM000399",95,33,62
"60QM000400",113,59,54
"60QM000401",88,41,47
"60QM000402",58,36,22
"60QM000403",61,41,20
"60QM000404",108,38,70
"60QM000405",73,27,46
"60QM000406",46,18,28
"60QM000407",90,60,30
"60QM000408",89,39,50
"60QM000409",87,49,38
"60QM000410",115,70,45
"60QM000411",150,68,82
"60QM000412",117,35,82
"60QM000413",122,46,76
"60QM000414",113,53,60
"60QM000415",91,45,46
"60QM000416",86,25,61
"60QM000417",90,45,45
"60QM000418",130,57,73
"60QM000419",103,57,46
"60QM000420",133,90,43
"60QM000421",127,61,66
"60QM000422",79,38,41
"60QM000423",83,31,52
"60QM000424",73,31,42
"60QM000425",57,39,18
"60QM000426",72,22,50
"60QM000427",51,31,20
"60QM000428",105,51,54
"60QM000429",115,77,38
"60QM000430",58,46,12
"60QM000431",107,37,70
"60QM000432",83,31,52
"60QM000433",135,63,72
"60QM000434",86,56,30
"60QM000435",91,43,48
"60QM000436",126,47,79
"60QM000437",101,46,55
"60QM000438",109,38,71
"60QM000439",128,50,78
"60QM000440",84,28,56
"60QM000441",68,19,49
"60QM000442",78,22,56
"60QM000443",80,24,56
"60QM000444",77,25,52
"60QM000445",145,33,112
"60QM000446",110,34,76
"60QM000447",74,30,44
"60QM000448",82,27,55
"60QM000449",170,65,105
"60QM000450",101,25,76
"60QM000451",80,30,50
"60QM000452",107,29,78
"60QM000453",112,35,77
"60QM000454",92,34,58
"60QM000455",151,39,112
"60QM000456",137,34,103
"60QM000457",103,23,80
"60QM000458",79,26,53
"60QM000459",97,51,46
"60QM000460",115,58,57
"60QM000461",83,41,42
"60QM000462",97,45,52
"60QM000463",130,25,105
"60QM000464",136,36,100
"60QM000465",157,37,120
"60QM000466",115,26,89
"60QM000467",95,39,56
"60QM000468",53,23,30
"60QM000469",85,44,41
"60QM000470",86,45,41
"60QM000471",104,42,62
"60QM000472",106,34,72
"60QM000473",107,57,50
"60QM000474",84,36,48
"60QM000475",99,43,56
"60QM000476",90,38,52
"60QM000477",109,37,72
"60QM000478",128,68,60
"60QM000479",115,49,66
"60QM000480",116,74,42
"60QM000481",148,63,85
"60QM000482",98,58,40
"60QM000483",60,34,26
"60QM000484",83,46,37
"60QM000485",107,32,75
"60QM000486",116,48,68
"60QM000487",101,53,48
"60QM000488",45,29,16
"60QM000489",121,59,62
"60QM000490",78,27,51
"60QM000491",92,35,57
"60QM000492",107,25,82
"60QM000493",121,71,50
"60QM000494",127,57,70
"60QM000495",82,29,53
"60QM000496",114,52,62
"60QM000497",60,31,29
"60QM000498",108,45,63
"60QM000499",91,34,57
"60QM000500",84,31,53
"60QM000501",76,32,44
"60QM000502",80,41,39
"60QM000503",99,36,63
"60QM000504",79,33,46
"60QM000505",70,42,28
"60QM000506",54,33,21
"60QM000507",118,62,56
"60QM000508",93,61,32
"60QM000509",118,65,53
"60QM000510",95,49,46
"60QM000511",113,59,54
"60QM000512",88,36,52
"60QM000513",60,20,40
"60QM000514",116,70,46
"60QM000515",80,50,30
"60QM000516",65,38,27
"60QM000517",132,66,66
"60QM000518",94,33,61
"60QM000519",128,50,78
"60QM000520",73,31,42
"60QM000521",80,40,40
"60QM000522",93,45,48
"60QM000523",103,40,63
"60QM000524",108,37,71
"60QM000525",42,6,36
"60QM000526",73,22,51
"60QM000527",58,16,42
"60QM000528",86,23,63
"60QM000529",81,47,34
"60QM000530",155,86,69
"60QM000531",84,35,49
"60QM000532",107,51,56
"60QM000533",91,37,54
"60QM000534",83,31,52
"60QM000535",74,29,45
"60QM000536",78,26,52
"60QM000537",109,30,79
"60QM000538",72,22,50
"60QM000539",131,51,80
"60QM000540",107,45,62
"60QM000541",95,27,68
"60QM000542",81,46,35
"60QM000543",69,29,40
"60QM000544",152,24,128
"60QM000545",73,20,53
"60QM000546",86,29,57
"60QM000547",88,51,37
"60QM000548",81,46,35
"60QM000549",82,32,50
"60QM000550",83,29,54
"60QM000551",83,33,50
"60QM000552",91,31,60
"60QM000553",75,22,53
"60QM000554",146,46,100
"60QM000555",137,40,97
"60QM000556",106,39,67
"60QM000557",99,37,62
"60QM000558",89,27,62
"60QM000559",136,47,89
"60QM000560",94,47,47
"60QM000561",36,26,10
"60QM000562",67,35,32
"60QM000563",58,37,21
"60QM000564",97,72,25
"60QM000565",91,54,37
"60QM000566",83,46,37
"60QM000567",87,60,27
"60QM000568",122,38,84
"60QM000569",87,47,40
"60QM000570",120,38,82
"60QM000571",83,31,52
"60QM000572",54,25,29
"60QM000573",91,48,43
"60QM000574",75,39,36
"60QM000575",86,40,46
"60QM000576",74,42,32
"60QM000577",94,54,40
"60QM000578",92,34,58
"60QM000579",126,64,62
"60QM000580",104,48,56
"60QM000581",67,15,52
"60QM000582",56,8,48
"60QM000583",70,28,42
"60QM000584",114,60,54
"60QM000585",93,33,60
"60QM000586",94,36,58
"60QM000587",81,30,51
"60QM000588",118,22,96
"60QM000589",47,17,30
"60QM000590",88,26,62
"60QM000591",93,51,42
"60QM000592",98,34,64
"60QM000593",52,36,16
"60QM000594",130,90,40
"60QM000595",71,26,45
"60QM000596",98,78,20
"60QM000597",88,25,63
"60QM000598",52,14,38
"60QM000599",55,27,28
"60QM000600",34,16,18
"60QM000601",89,26,63
"60QM000602",107,70,37
"60QM000603",144,83,61
"60QM000604",62,14,48
"60QM000605",68,24,44
"60QM000606",79,30,49
"60QM000607",89,50,39
"60QM000608",129,99,30
"60QM000609",150,67,83
"60QM000610",112,64,48
"60QM000611",57,25,32
"60QM000612",116,52,64
"60QM000613",82,44,38
"60QM000614",89,33,56
"60QM000615",101,58,43
"60QM000616",54,27,27
"60QM000617",81,53,28
"60QM000618",49,29,20
"60QM000619",56,20,36
"60QM000620",73,43,30
"60QM000621",136,48,88
"60QM000622",73,19,54
"60QM000623",88,36,52
"60QM000624",100,34,66
"60QM000625",118,46,72
"60QM000626",49,29,20
"60QM000627",58,22,36
"60QM000628",82,33,49
"60QM000629",54,34,20
"60QM000630",88,40,48
"60QM000631",74,26,48
"60QM000632",91,39,52
"60QM000633",66,26,40
"60QM000634",70,27,43
"60QM000635",65,20,45
"60QM000636",84,15,69
"60QM000637",117,31,86
"60QM000638",42,18,24
"60QM000639",38,26,12
"60QM000640",80,52,28
"60QM000641",82,31,51
"60QM000642",48,30,18
"60QM000643",77,59,18
"60QM000644",51,29,22
"60QM000645",79,43,36
"60QM000646",73,41,32
"60QM000647",124,52,72
"60QM000648",65,15,50
"60QM000649",71,33,38
"60QM000650",73,23,50
"60QM000651",93,27,66
"60QM000652",76,24,52
"60QM000653",109,27,82
"60QM000654",69,22,47
"60QM000655",61,19,42
"60QM000656",107,30,77
"60QM000657",69,36,33
"60QM000658",112,44,68
"60QM000659",119,49,70
"60QM000660",98,25,73
"60QM000661",92,34,58
"60QM000662",85,28,57
"60QM000663",57,34,23
"60QM000664",90,46,44
"60QM000665",84,58,26
"60QM000666",66,51,15
"60QM000667",80,64,16
"60QM000668",68,38,30
"60QM000669",74,44,30
"60QM000670",77,45,32
"60QM000671",72,46,26
"60QM000672",63,37,26
"60QM000673",89,54,35
"60QM000674",56,16,40
"60QM000675",88,34,54
"60QM000676",84,46,38
"60QM000677",100,29,71
"60QM000678",88,28,60
"60QM000679",156,36,120
"60QM000680",89,21,68
"60QM000681",81,23,58
"60QM000682",92,60,32
"60QM000683",50,24,26
"60QM000684",87,55,32
"60QM000685",59,37,22
"60QM000686",176,88,88
"60QM000687",86,32,54
"60QM000688",96,18,78
"60QM000689",106,53,53
"60QM000690",45,17,28
"60QM000691",137,84,53
"60QM000692",59,19,40
"60QM000693",100,24,76
"60QM000694",139,40,99
"60QM000695",53,30,23
"60QM000696",105,29,76
"60QM000697",113,69,44
"60QM000698",51,24,27
"60QM000699",127,55,72
"60QM000700",93,38,55
"60QM000701",112,55,57
"60QM000702",56,46,10
"60QM000703",74,43,31
"60QM000704",113,57,56
"60QM000705",68,53,15
"60QM000706",77,33,44
"60QM000707",49,27,22
"60QM000708",111,83,28
"60QM000709",130,42,88
"60QM000710",123,36,87
"60QM000711",75,31,44
"60QM000712",96,19,77
"60QM000713",90,26,64
"60QM000714",150,78,72
"60QM000715",63,44,19
"60QM000716",77,69,8
"60QM000717",59,31,28
"60QM000718",101,21,80
"60QM000719",130,30,100
"60QM000720",89,29,60
"60QM000721",75,25,50
"60QM000722",81,45,36
"60QM000723",77,58,19
"60QM000724",81,41,40
"60QM000725",80,50,30
"60QM000726",115,35,80
"60QM000727",84,20,64
"60QM000728",77,13,64
"60QM000729",56,44,12
"60QM000730",81,47,34
"60QM000731",52,38,14
"60QM000732",124,78,46
"60QM000733",70,22,48
"60QM000734",45,19,26
"60QM000735",126,40,86
"60QM000736",80,26,54
"60QM000737",53,23,30
"60QM000738",63,17,46
"60QM000739",96,32,64
"60QM000740",219,72,147
"60QM000741",99,43,56
"60QM000742",66,6,60
"60QM000743",155,85,70
"60QM000744",105,49,56
"60QM000745",57,41,16
"60QM000746",112,36,76
"60QM000747",67,17,50
"60QM000748",114,24,90
"60QM000749",151,23,128
"60QM000750",100,46,54
"60QM000751",96,12,84
"60QM000752",71,28,43
"60QM000753",102,25,77
"60QM000754",104,24,80
"60QM000755",136,24,112
"60QM000756",99,34,65
"60QM000757",82,28,54
"60QM000758",81,21,60
"60QM000759",151,35,116
"60QM000760",78,19,59
"60QN000001",43,15,28
"60QN000002",68,21,47
"60QN000003",86,36,50
"60QN000004",140,81,59
"60QN000005",119,40,79
"60QN000006",79,29,50
"60QN000007",99,38,61
"60QN000008",93,43,50
"60QN000009",98,34,64
"60QN000010",120,73,47
"60QN000011",88,55,33
"60QN000012",53,39,14
"60QN000013",98,74,24
"60QN000014",57,26,31
"60QN000015",48,26,22
"60QN000016",97,58,39
"60QN000017",97,40,57
"60QN000018",123,52,71
"60QN000019",131,42,89
"60QN000020",112,32,80
"60QN000021",115,37,78
"60QN000022",126,46,80
"60QN000023",162,63,99
"60QN000024",141,40,101
"60QN000025",110,30,80
"60QN000026",159,86,73
"60QN000027",64,44,20
"60QN000028",70,45,25
"60QN000029",73,53,20
"60QN000030",92,45,47
"60QN000031",60,27,33
"60QN000032",87,51,36
"60QN000033",133,103,30
"60QN000034",65,45,20
"60QN000035",101,75,26
"60QN000036",88,58,30
"60QN000037",102,78,24
"60QN000038",98,37,61
"60QN000039",97,73,24
"60QN000040",112,51,61
"60QN000041",76,59,17
"60QN000042",94,57,37
"60QN000043",98,64,34
"60QN000044",47,27,20
"60QN000045",58,46,12
"60QN000046",53,43,10
"60QN000047",80,43,37
"60QN000048",164,51,113
"60QN000049",97,31,66
"60QN000050",78,44,34
"60QN000051",81,37,44
"60QN000052",104,86,18
"60QN000053",100,63,37
"60QN000054",69,26,43
"60QN000055",81,42,39
"60QN000056",84,25,59
"60QN000057",101,25,76
"60QN000058",71,17,54
"60QN000059",78,30,48
"60QN000060",43,21,22
"60QN000061",51,34,17
"60QN000062",115,48,67
"60QN000063",144,78,66
"60QN000064",33,30,3
"60QN000065",117,40,77
"60QN000066",99,27,72
"60QN000067",96,31,65
"60QN000068",87,54,33
"60QN000069",161,78,83
"60QN000070",138,49,89
"60QN000071",95,39,56
"60QN000072",59,38,21
"60QN000073",72,44,28
"60QN000074",97,66,31
"60QN000075",51,27,24
"60QN000076",116,60,56
"60QN000077",103,44,59
"60QN000078",114,45,69
"60QN000079",101,59,42
"60QN000080",103,38,65
"60QN000081",86,49,37
"60QN000082",110,51,59
"60QN000083",94,47,47
"60QN000084",136,71,65
"60QN000085",158,78,80
"60QN000086",99,55,44
"60QN000087",75,39,36
"60QN000088",77,43,34
"60QN000089",84,54,30
"60QN000090",56,40,16
"60QN000091",41,19,22
"60QN000092",44,27,17
"60QN000093",83,27,56
"60QN000094",76,44,32
"60QN000095",115,51,64
"60QN000096",115,51,64
"60QN000097",76,36,40
"60QN000098",95,44,51
"60QN000099",109,46,63
"60QN000100",100,43,57
"60QN000101",88,44,44
"60QN000102",97,61,36
"60QN000103",101,59,42
"60QN000104",83,51,32
"60QN000105",97,62,35
"60QN000106",156,88,68
"60QN000107",86,42,44
"60QN000108",78,28,50
"60QN000109",104,40,64
"60QN000110",96,23,73
"60QN000111",139,48,91
"60QN000112",94,36,58
"60QN000113",118,46,72
"60QN000114",127,55,72
"60QN000115",94,37,57
"60QN000116",196,75,121
"60QN000117",127,45,82
"60QN000118",162,76,86
"60QN000119",157,54,103
"60QN000120",98,47,51
"60QN000121",87,61,26
"60QN000122",133,51,82
"60QN000123",105,62,43
"60QN000124",80,41,39
"60QN000125",74,46,28
"60QN000126",90,58,32
"60QN000127",51,33,18
"60QN000128",50,34,16
"60QN000129",101,43,58
"60QN000130",101,39,62
"60QN000131",94,29,65
"60QN000132",109,51,58
"60QN000133",180,107,73
"60QN000134",104,51,53
"60QN000135",72,43,29
"60QN000136",190,62,128
"60QN000137",105,45,60
"60QN000138",94,56,38
"60QN000139",121,42,79
"60QN000140",83,47,36
"60QN000141",44,38,6
"60QN000142",70,28,42
"60QN000143",114,61,53
"60QN000144",90,22,68
"60QN000145",71,39,32
"60QN000146",109,58,51
"60QN000147",82,19,63
"60QN000148",51,30,21
"60QN000149",69,33,36
"60QN000150",130,60,70
"60QN000151",69,40,29
"60QN000152",63,18,45
"60QN000153",54,27,27
"60QN000154",100,28,72
"60QN000155",108,32,76
"60QN000156",98,34,64
"60QN000157",90,48,42
"60QN000158",84,37,47
"60QN000159",53,29,24
"60QN000160",109,34,75
"60QN000161",62,41,21
"60QN000162",60,40,20
"60QN000163",125,39,86
"60QN000164",105,29,76
"60QN000165",87,26,61
"60QN000166",109,38,71
"60QN000167",64,44,20
"60QN000168",114,68,46
"60QN000169",37,29,8
"60QN000170",65,32,33
"60QN000171",57,41,16
"60QN000172",85,57,28
"60QN000173",45,38,7
"60QN000174",86,69,17
"60QN000175",110,36,74
"60QN000176",127,65,62
"60QN000177",135,44,91
"60QN000178",66,18,48
"60QN000179",182,104,78
"60QN000180",122,42,80
"60QN000181",50,17,33
"60QN000182",71,50,21
"60QN000183",205,144,61
"60QN000184",92,76,16
"60QN000185",56,19,37
"60QN000186",230,64,166
"60QN000187",90,32,58
"60QN000188",64,25,39
"60QN000189",99,29,70
"60QN000190",92,26,66
"60QN000191",118,50,68
"60QN000192",56,21,35
"60QN000193",102,74,28
"60QN000194",91,31,60
"60QN000195",99,19,80
"60QN000196",98,38,60
"60QN000197",149,39,110
"60QN000198",101,34,67
"60QN000199",159,48,111
"60QN000200",106,36,70
"60QN000201",121,36,85
"60QN000202",127,75,52
"60QN000203",91,44,47
"60QN000204",86,46,40
"60QN000205",76,47,29
"60QN000206",116,66,50
"60QN000207",71,41,30
"60QN000208",117,52,65
"60QN000209",83,32,51
"60QN000210",91,25,66
"60QN000211",69,25,44
"60QN000212",103,36,67
"60QN000213",103,42,61
"60QN000214",94,29,65
"60QN000215",85,40,45
"60QN000216",112,24,88
"60QN000217",174,56,118
"60QN000218",115,69,46
"60QN000219",98,60,38
"60QN000220",78,26,52
"60QN000221",52,16,36
"60QN000222",118,50,68
"60QN000223",76,28,48
"60QN000224",139,47,92
"60QN000225",118,40,78
"60QN000226",78,31,47
"60QN000227",117,36,81
"60QN000228",101,28,73
"60QN000229",101,31,70
"60QN000230",90,39,51
"60QN000231",91,35,56
"60QN000232",58,28,30
"60QN000233",57,19,38
"60QN000234",88,62,26
"60QN000235",59,25,34
"60QN000236",137,41,96
"60QN000237",109,37,72
"60QN000238",88,30,58
"60QN000239",115,43,72
"60QN000240",81,17,64
"60QN000241",101,19,82
"60QN000242",98,28,70
"60QN000243",90,19,71
"60QN000244",131,46,85
"60QN000245",87,69,18
"60QN000246",95,37,58
"60QN000247",139,44,95
"60QN000248",128,42,86
"60QN000249",92,21,71
"60QN000250",126,40,86
"60QN000251",106,42,64
"60QN000252",164,43,121
"60QN000253",103,50,53
"60QN000254",66,20,46
"60QN000255",64,14,50
"60QN000256",59,18,41
"60QN000257",100,44,56
"60QN000258",136,50,86
"60QN000259",122,45,77
"60QN000260",149,50,99
"60QN000261",138,44,94
"60QN000262",109,26,83
"60QN000263",100,28,72
"60QN000264",84,19,65
"60QN000265",104,49,55
"60QN000266",153,53,100
"60QN000267",160,46,114
"60QN000268",161,52,109
"60QN000269",117,37,80
"60QN000270",86,24,62
"60QN000271",116,30,86
"60QN000272",131,45,86
"60QN000273",68,12,56
"60QN000274",46,16,30
"60QN000275",78,28,50
"60QN000276",108,42,66
"60QN000277",107,26,81
"60QN000278",80,23,57
"60QN000279",111,29,82
"60QN000280",69,35,34
"60QN000281",109,44,65
"60QN000282",101,35,66
"60QN000283",100,38,62
"60QN000284",111,36,75
"60QN000285",160,44,116
"60QN000286",108,27,81
"60QN000287",120,40,80
"60QN000288",111,31,80
"60QN000289",98,32,66
"60QN000290",102,36,66
"60QN000291",117,41,76
"60QN000292",102,34,68
"60QN000293",163,60,103
"60QN000294",131,39,92
"60QN000295",110,30,80
"60QN000296",95,24,71
"60QN000297",123,33,90
"60QN000298",116,32,84
"60QN000299",124,36,88
"60QN000300",94,37,57
"60QN000301",78,28,50
"60QN000302",102,34,68
"60QN000303",86,31,55
"60QN000304",101,34,67
"60QN000305",132,50,82
"60QN000306",87,23,64
"60QN000307",128,44,84
"60QN000308",44,20,24
"60QN000309",141,45,96
"60QN000310",119,29,90
"60QN000311",110,22,88
"60QN000312",86,32,54
"60QN000313",112,38,74
"60QN000314",83,38,45
"60QN000315",66,22,44
"60QN000316",49,24,25
"60QN000317",108,46,62
"60QN000318",88,66,22
"60QN000319",127,57,70
"60QN000320",73,45,28
"60QN000321",98,56,42
"60QN000322",80,44,36
"60QN000323",85,51,34
"60QN000324",95,55,40
"60QN000325",75,47,28
"60QN000326",84,63,21
"60QN000327",71,57,14
"60QN000328",95,57,38
"60QN000329",89,43,46
"60QN000330",64,36,28
"60QN000331",94,22,72
"60QN000332",71,53,18
"60QN000333",100,35,65
"60QN000334",110,38,72
"60QN000335",86,30,56
"60QN000336",93,30,63
"60QN000337",118,44,74
"60QN000338",112,36,76
"60QN000339",89,27,62
"60QN000340",95,30,65
"60QN000341",105,34,71
"60QN000342",93,31,62
"60QN000343",109,37,72
"60QN000344",115,39,76
"60QN000345",91,33,58
"60QN000346",82,34,48
"60QN000347",67,23,44
"60QN000348",82,29,53
"60QN000349",121,47,74
"60QN000350",85,38,47
"60QN000351",75,31,44
"60QN000352",100,36,64
"60QN000353",79,26,53
"60QN000354",100,30,70
"60QN000355",93,31,62
"60QN000356",141,57,84
"60QN000357",134,59,75
"60QN000358",97,27,70
"60QN000359",148,40,108
"60QN000360",103,25,78
"60QN000361",100,26,74
"60QN000362",90,25,65
"60QN000363",122,35,87
"60QN000364",165,56,109
"60QN000365",117,51,66
"60QN000366",162,76,86
"60QN000367",150,38,112
"60QN000368",157,51,106
"60QN000369",133,45,88
"60QN000370",86,20,66
"60QN000371",110,40,70
"60QN000372",162,54,108
"60QN000373",69,51,18
"60QN000374",167,57,110
"60QN000375",80,46,34
"60QN000376",110,43,67
"60QN000377",125,42,83
"60QN000378",122,49,73
"60QN000379",134,48,86
"60QN000380",89,35,54
"60QN000381",82,32,50
"60QN000382",105,31,74
"60QN000383",129,45,84
"60QN000384",102,39,63
"60QN000385",150,45,105
"60QN000386",154,60,94
"60QN000387",133,52,81
"60QN000388",115,41,74
"60QN000389",131,48,83
"60QN000390",151,49,102
"60QN000391",80,34,46
"60QN000392",94,57,37
"60QN000393",83,33,50
"60QN000394",116,42,74
"60QN000395",124,50,74
"60QN000396",111,40,71
"60QN000397",105,30,75
"60QN000398",85,40,45
"60QN000399",136,61,75
"60QN000400",68,24,44
"60QN000401",100,34,66
"60QN000402",115,40,75
"60QN000403",87,29,58
"60QN000404",110,26,84
"60QN000405",110,30,80
"60QN000406",94,41,53
"60QN000407",114,34,80
"60QN000408",99,39,60
"60QN000409",102,16,86
"60QN000410",120,32,88
"60QN000411",137,49,88
"60QN000412",100,36,64
"60QN000413",112,30,82
"60QN000414",97,46,51
"60QN000415",159,40,119
"60QN000416",105,36,69
"60QN000417",92,66,26
"60QN000418",76,58,18
"60QN000419",113,37,76
"60QN000420",105,49,56
"60QN000421",81,57,24
"60QN000422",127,61,66
"60QN000423",82,20,62
"60QN000424",100,34,66
"60QN000425",91,31,60
"60QN000426",68,14,54
"60QN000427",76,20,56
"60QN000428",58,21,37
"60QN000429",51,8,43
"60QN000430",127,39,88
"60QN000431",111,35,76
"60QN000432",62,42,20
"60QN000433",71,31,40
"60QN000434",118,40,78
"60QN000435",59,22,37
"60QN000436",67,24,43
"60QN000437",96,37,59
"60QN000438",120,40,80
"60QN000439",72,26,46
"60QN000440",91,37,54
"60QN000441",145,48,97
"60QN000442",90,49,41
"60QN000443",92,54,38
"60QN000444",71,33,38
"60QN000445",78,38,40
"60QN000446",94,38,56
"60QN000447",130,33,97
"60QN000448",106,32,74
"60QN000449",121,45,76
"60QN000450",100,42,58
"60QN000451",77,60,17
"60QN000452",131,71,60
"60QN000453",106,64,42
"60QN000454",68,40,28
"60QN000455",93,32,61
"60QN000456",93,62,31
"60QN000457",82,52,30
"60QN000458",90,62,28
"60QN000459",77,51,26
"60QN000460",75,38,37
"60QN000461",69,55,14
"60QN000462",104,42,62
"60QN000463",107,33,74
"60QN000464",120,36,84
"60QN000465",114,31,83
"60QN000466",147,33,114
"60QN000467",110,34,76
"60QN000468",104,36,68
"60QN000469",60,16,44
"60QN000470",93,35,58
"60QN000471",91,23,68
"60QN000472",92,22,70
"60QN000473",104,37,67
"60QN000474",95,33,62
"60QN000475",109,35,74
"60QN000476",168,35,133
"60QN000477",134,54,80
"60QN000478",47,17,30
"60QN000479",152,31,121
"60QN000480",151,48,103
"60QN000481",94,26,68
"60QN000482",92,24,68
"60QN000483",109,47,62
"60QN000484",113,42,71
"60QN000485",108,37,71
"60QN000486",104,34,70
"60QN000487",108,21,87
"60QN000488",109,31,78
"60QN000489",103,25,78
"60QN000490",168,54,114
"60QN000491",146,47,99
"60QN000492",115,29,86
"60QN000493",120,43,77
"60QN000494",115,33,82
"60QN000495",114,32,82
"60QN000496",120,36,84
"60QN000497",185,59,126
"60QN000498",134,42,92
"60QN000499",91,25,66
"60QN000500",147,52,95
"60QN000501",122,46,76
"60QN000502",123,37,86
"60QN000503",114,92,22
"60QN000504",87,48,39
"60QN000505",57,35,22
"60QN000506",64,36,28
"60QN000507",59,35,24
"60QN000508",135,33,102
"60QN000509",126,56,70
"60QN000510",92,42,50
"60QN000511",141,34,107
"60QN000512",77,48,29
"60QN000513",69,45,24
"60QN000514",80,44,36
"60QN000515",124,39,85
"60QN000516",108,36,72
"60QN000517",104,44,60
"60QN000518",142,37,105
"60QN000519",115,29,86
"60QN000520",97,25,72
"60QN000521",85,38,47
"60QN000522",43,6,37
"60QN000523",152,50,102
"60QN000524",85,41,44
"60QN000525",91,49,42
"60QN000526",109,52,57
"60QN000527",115,54,61
"60QN000528",100,49,51
"60QN000529",136,89,47
"60QN000530",107,61,46
"60QN000531",92,66,26
"60QN000532",86,40,46
"60QN000533",175,72,103
"60QN000534",54,18,36
"60QN000535",49,23,26
"60QN000536",122,41,81
"60QN000537",113,37,76
"60QN000538",90,24,66
"60QN000539",148,46,102
"60QN000540",70,36,34
"60QN000541",147,65,82
"60QN000542",112,50,62
"60QN000543",121,39,82
"60QN000544",88,50,38
"60QN000545",86,27,59
"60QN000546",113,55,58
"60QN000547",116,33,83
"60QN000548",206,112,94
"60QN000549",126,44,82
"60QN000550",96,63,33
"60QN000551",145,29,116
"60QN000552",133,29,104
"60QN000553",136,56,80
"60QN000554",118,56,62
"60QN000555",133,39,94
"60QN000556",77,29,48
"60QN000557",96,43,53
"60QN000558",88,50,38
"60QN000559",183,56,127
"60QN000560",189,48,141
"60QN000561",165,63,102
"60QN000562",136,40,96
"60QN000563",106,41,65
"60QN000564",143,31,112
"60QN000565",81,32,49
"60QN000566",211,73,138
"60QN000567",125,38,87
"60QN000568",56,13,43
"60QN000569",162,58,104
"60QN000570",136,38,98
"60QN000571",102,30,72
"60QN000572",177,51,126
"60QN000573",164,45,119
"60QN000574",103,33,70
"60QN000575",65,18,47
"60QN000576",120,39,81
"60QN000577",107,65,42
"60QN000578",65,21,44
"60QN000579",119,49,70
"60QN000580",118,30,88
"60QN000581",85,32,53
"60QN000582",62,32,30
"60QN000583",104,36,68
"60QN000584",64,44,20
"60QN000585",101,37,64
"60QN000586",168,55,113
"60QN000587",77,17,60
"60QN000588",56,24,32
"60QN000589",120,46,74
"60QN000590",54,28,26
"60QN000591",201,85,116
"60QN000592",65,15,50
"60QN000593",77,40,37
"60QN000594",43,10,33
"60QN000595",49,27,22
"60QN000596",74,27,47
"60QN000597",89,53,36
"60QN000598",138,43,95
"60QN000599",117,38,79
"60QN000600",60,14,46
"60QN000601",89,37,52
"60QN000602",74,50,24
"60QN000603",74,17,57
"60QN000604",112,36,76
"60QN000605",108,28,80
"60QN000606",72,20,52
"60QN000607",113,37,76
"60QN000608",49,11,38
"60QN000609",122,46,76
"60QN000610",59,21,38
"60QN000611",97,41,56
"60QN000612",51,21,30
"60QN000613",53,27,26
"60QN000614",136,71,65
"60QN000615",100,48,52
"60QN000616",61,33,28
"60QN000617",137,43,94
"60QN000618",118,35,83
"60QN000619",113,32,81
"60QN000620",91,29,62
"60QN000621",51,31,20
"60QN000622",84,57,27
"60QN000623",57,30,27
"60QN000624",116,34,82
"60QN000625",112,37,75
"60QN000626",72,32,40
"60QN000627",47,13,34
"60QN000628",107,39,68
"60QN000629",56,18,38
"60QN000630",86,28,58
"60QN000631",99,30,69
"60QN000632",85,30,55
"60QN000633",67,31,36
"60QN000634",91,59,32
"60QN000635",57,44,13
"60QN000636",70,47,23
"60QN000637",113,37,76
"60QN000638",88,30,58
"60QN000639",122,70,52
"60QN000640",61,21,40
"60QN000641",99,45,54
"60QN000642",132,58,74
"60QN000643",70,31,39
"60QN000644",88,37,51
"60QN000645",121,42,79
"60QN000646",86,23,63
"60QN000647",146,48,98
"60QN000648",99,36,63
"60QN000649",218,94,124
"60QN000650",108,34,74
"60QN000651",92,32,60
"60QN000652",127,64,63
"60QN000653",94,22,72
"60QN000654",82,21,61
"60QN000655",220,59,161
"60QN000656",102,22,80
"60QN000657",113,21,92
"60QN000658",114,32,82
"60QN000659",101,21,80
"60QN000660",82,26,56
"60QN000661",106,39,67
"60QN000662",137,60,77
"60QN000663",83,12,71
"60QN000664",122,61,61
"60QN000665",54,24,30
"60QN000666",205,143,62
"60QN000667",95,39,56
"60QN000668",41,26,15
"60QN000669",126,29,97
"60QN000670",116,25,91
"60QN000671",108,22,86
"60QN000672",98,18,80
"60QN000673",76,16,60
"60QN000674",91,23,68
"60QN000675",85,20,65
"60QN000676",80,38,42
"60QN000677",154,30,124
"60QN000678",133,63,70
"60QN000679",97,38,59
"60QN000680",109,61,48
"60QN000681",114,68,46
"60QN000682",72,46,26
"60QN000683",153,73,80
"60QN000684",153,41,112
"60QN000685",104,41,63
"60QN000686",62,40,22
"60QN000687",79,29,50
"60QN000688",106,32,74
"60QP000001",67,26,41
"60QP000002",121,57,64
"60QP000003",104,44,60
"60QP000004",435,349,86
"60QP000005",92,53,39
"60QP000006",150,73,77
"60QP000007",43,16,27
"60QP000008",74,28,46
"60QP000009",143,43,100
"60QP000010",75,15,60
"60QP000011",69,31,38
"60QP000012",155,151,4
"60QP000013",111,93,18
"60QP000014",102,95,7
"60QP000015",68,49,19
"60QP000016",81,70,11
"60QP000017",72,58,14
"60QP000018",99,80,19
"60QP000019",67,54,13
"60QP000020",155,149,6
"60QP000021",67,50,17
"60QP000022",142,131,11
"60QP000023",128,112,16
"60QP000024",122,75,47
"60QP000025",71,63,8
"60QP000026",274,244,30
"60QP000027",104,83,21
"60QP000028",74,59,15
"60QP000029",123,101,22
"60QP000030",107,95,12
"60QP000031",85,81,4
"60QP000032",57,46,11
"60QP000033",113,99,14
"60QP000034",120,97,23
"60QP000035",110,98,12
"60QP000036",117,98,19
"60QP000037",64,52,12
"60QP000038",66,54,12
"60QP000039",105,82,23
"60QP000040",90,77,13
"60QP000041",106,86,20
"60QP000042",142,108,34
"60QP000043",49,44,5
"60QP000044",128,103,25
"60QP000045",99,79,20
"60QP000046",95,82,13
"60QP000047",84,66,18
"60QP000048",102,70,32
"60QP000049",99,94,5
"60QP000050",84,54,30
"60QP000051",119,65,54
"60QP000052",92,61,31
"60QP000053",97,68,29
"60QP000054",95,68,27
"60QP000055",91,24,67
"60QP000056",81,13,68
"60QP000057",106,53,53
"60QP000058",122,67,55
"60QP000059",147,78,69
"60QP000060",91,69,22
"60QP000061",83,63,20
"60QP000062",85,71,14
"60QP000063",118,84,34
"60QP000064",53,34,19
"60QP000065",98,84,14
"60QP000066",96,79,17
"60QP000067",101,87,14
"60QP000068",87,58,29
"60QP000069",88,65,23
"60QP000070",90,63,27
"60QP000071",98,76,22
"60QP000072",88,56,32
"60QP000073",107,76,31
"60QP000074",72,57,15
"60QP000075",84,75,9
"60QP000076",60,48,12
"60QP000077",78,63,15
"60QP000078",73,62,11
"60QP000079",102,58,44
"60QP000080",67,38,29
"60QP000081",97,55,42
"60QP000082",83,49,34
"60QP000083",83,31,52
"60QP000084",125,62,63
"60QP000085",73,27,46
"60QP000086",148,61,87
"60QP000087",51,35,16
"60QP000088",49,27,22
"60QP000089",93,75,18
"60QP000090",58,38,20
"60QP000091",74,52,22
"60QP000092",102,68,34
"60QP000093",104,48,56
"60QP000094",63,43,20
"60QP000095",72,32,40
"60QP000096",92,50,42
"60QP000097",83,47,36
"60QP000098",81,46,35
"60QP000099",86,38,48
"60QP000100",92,64,28
"60QP000101",86,44,42
"60QP000102",113,75,38
"60QP000103",103,65,38
"60QP000104",64,44,20
"60QP000105",93,81,12
"60QP000106",93,70,23
"60QP000107",70,64,6
"60QP000108",98,59,39
"60QP000109",152,95,57
"60QP000110",87,70,17
"60QP000111",124,77,47
"60QP000112",64,56,8
"60QP000113",69,34,35
"60QP000114",81,49,32
"60QP000115",112,87,25
"60QP000116",108,75,33
"60QP000117",69,46,23
"60QP000118",108,81,27
"60QP000119",73,56,17
"60QP000120",147,114,33
"60QP000121",104,74,30
"60QP000122",113,81,32
"60QP000123",77,55,22
"60QP000124",85,60,25
"60QP000125",132,77,55
"60QP000126",70,45,25
"60QP000127",111,66,45
"60QP000128",73,46,27
"60QP000129",106,93,13
"60QP000130",94,87,7
"60QP000131",88,81,7
"60QP000132",146,108,38
"60QP000133",106,77,29
"60QP000134",115,86,29
"60QP000135",95,58,37
"60QP000136",106,80,26
"60QP000137",128,95,33
"60QP000138",59,45,14
"60QP000139",129,99,30
"60QP000140",88,57,31
"60QP000141",71,47,24
"60QP000142",145,92,53
"60QP000143",87,52,35
"60QP000144",53,35,18
"60QP000145",85,46,39
"60QP000146",69,29,40
"60QP000147",100,78,22
"60QP000148",70,53,17
"60QP000149",65,59,6
"60QP000150",66,49,17
"60QP000151",95,87,8
"60QP000152",144,116,28
"60QP000153",90,82,8
"60QP000154",70,60,10
"60QP000155",64,60,4
"60QP000156",104,86,18
"60QP000157",49,41,8
"60QP000158",52,47,5
"60QP000159",90,77,13
"60QP000160",88,74,14
"60QP000161",54,38,16
"60QP000162",79,73,6
"60QP000163",142,103,39
"60QP000164",62,46,16
"60QP000165",89,71,18
"60QP000166",92,59,33
"60QP000167",165,134,31
"60QP000168",113,99,14
"60QP000169",58,44,14
"60QP000170",134,91,43
"60QP000171",93,83,10
"60QP000172",68,53,15
"60QP000173",57,50,7
"60QP000174",61,55,6
"60QP000175",148,132,16
"60QP000176",59,57,2
"60QP000177",72,58,14
"60QP000178",89,77,12
"60QP000179",79,65,14
"60QP000180",170,130,40
"60QP000181",115,96,19
"60QP000182",97,91,6
"60QP000183",86,80,6
"60QP000184",137,98,39
"60QP000185",163,141,22
"60QP000186",115,96,19
"60QP000187",52,47,5
"60QP000188",77,54,23
"60QP000189",155,143,12
"60QP000190",119,115,4
"60QP000191",69,64,5
"60QP000192",108,92,16
"60QP000193",83,74,9
"60QP000194",72,64,8
"60QP000195",85,76,9
"60QP000196",166,144,22
"60QP000197",65,50,15
"60QP000198",92,65,27
"60QP000199",74,59,15
"60QP000200",128,89,39
"60QP000201",249,213,36
"60QP000202",97,46,51
"60QP000203",117,80,37
"60QP000204",154,83,71
"60QP000205",63,49,14
"60QP000206",62,44,18
"60QP000207",84,61,23
"60QP000208",64,46,18
"60QP000209",65,43,22
"60QP000210",74,43,31
"60QP000211",94,50,44
"60QP000212",74,43,31
"60QP000213",85,49,36
"60QP000214",76,36,40
"60QP000215",87,49,38
"60QP000216",81,49,32
"60QP000217",74,38,36
"60QP000218",90,25,65
"60QP000219",115,62,53
"60QP000220",68,29,39
"60QP000221",106,55,51
"60QP000222",88,58,30
"60QP000223",97,55,42
"60QP000224",80,69,11
"60QP000225",115,89,26
"60QP000226",108,74,34
"60QP000227",90,72,18
"60QP000228",112,90,22
"60QP000229",87,82,5
"60QP000230",118,100,18
"60QP000231",77,50,27
"60QP000232",81,74,7
"60QP000233",116,76,40
"60QP000234",110,80,30
"60QP000235",79,63,16
"60QP000236",97,69,28
"60QP000237",54,43,11
"60QP000238",65,45,20
"60QP000239",86,72,14
"60QP000240",80,59,21
"60QP000241",88,66,22
"60QP000242",82,62,20
"60QP000243",60,54,6
"60QP000244",75,61,14
"60QP000245",66,56,10
"60QP000246",94,56,38
"60QP000247",78,56,22
"60QP000248",121,65,56
"60QP000249",67,43,24
"60QP000250",112,34,78
"60QP000251",87,41,46
"60QP000252",88,22,66
"60QP000253",89,20,69
"60QP000254",77,21,56
"60QP000255",97,39,58
"60QP000256",78,18,60
"60QP000257",92,20,72
"60QP000258",138,93,45
"60QP000259",111,54,57
"60QP000260",134,80,54
"60QP000261",131,60,71
"60QP000262",118,47,71
"60QP000263",116,63,53
"60QP000264",97,41,56
"60QP000265",97,55,42
"60QP000266",91,30,61
"60QP000267",78,52,26
"60QP000268",82,46,36
"60QP000269",84,62,22
"60QP000270",79,42,37
"60QP000271",99,63,36
"60QP000272",107,62,45
"60QP000273",87,46,41
"60QP000274",70,38,32
"60QP000275",106,72,34
"60QP000276",79,39,40
"60QP000277",94,41,53
"60QP000278",95,56,39
"60QP000279",58,40,18
"60QP000280",84,36,48
"60QP000281",83,37,46
"60QP000282",95,52,43
"60QP000283",93,43,50
"60QP000284",129,33,96
"60QP000285",106,64,42
"60QP000286",85,35,50
"60QP000287",86,38,48
"60QP000288",70,21,49
"60QP000289",99,55,44
"60QP000290",71,49,22
"60QP000291",86,54,32
"60QP000292",42,21,21
"60QP000293",87,49,38
"60QP000294",78,48,30
"60QP000295",103,69,34
"60QP000296",138,62,76
"60QP000297",93,39,54
"60QP000298",99,29,70
"60QP000299",93,29,64
"60QP000300",76,32,44
"60QP000301",143,36,107
"60QP000302",72,21,51
"60QP000303",84,26,58
"60QP000304",88,34,54
"60QP000305",116,47,69
"60QP000306",133,41,92
"60QP000307",75,23,52
"60QP000308",80,25,55
"60QP000309",96,38,58
"60QP000310",75,26,49
"60QP000311",89,47,42
"60QP000312",81,33,48
"60QP000313",72,35,37
"60QP000314",125,54,71
"60QP000315",64,38,26
"60QP000316",90,32,58
"60QP000317",72,49,23
"60QP000318",111,39,72
"60QP000319",83,27,56
"60QP000320",78,24,54
"60QP000321",185,112,73
"60QP000322",91,25,66
"60QP000323",72,31,41
"60QP000324",88,36,52
"60QP000325",96,26,70
"60QP000326",89,22,67
"60QP000327",126,31,95
"60QP000328",114,25,89
"60QP000329",102,37,65
"60QP000330",65,43,22
"60QP000331",93,29,64
"60QP000332",96,42,54
"60QP000333",120,26,94
"60QP000334",79,61,18
"60QP000335",112,73,39
"60QP000336",95,48,47
"60QP000337",93,31,62
"60QP000338",81,28,53
"60QP000339",82,15,67
"60QP000340",97,42,55
"60QP000341",123,19,104
"60QP000342",87,33,54
"60QP000343",96,22,74
"60QP000344",86,26,60
"60QP000345",108,32,76
"60QP000346",93,27,66
"60QP000347",114,32,82
"60QP000348",186,108,78
"60QP000349",94,61,33
"60QP000350",111,56,55
"60QP000351",78,40,38
"60QP000352",61,49,12
"60QP000353",70,53,17
"60QP000354",126,77,49
"60QP000355",71,61,10
"60QP000356",131,48,83
"60QP000357",85,62,23
"60QP000358",65,44,21
"60QP000359",76,38,38
"60QP000360",78,45,33
"60QP000361",104,54,50
"60QP000362",64,41,23
"60QP000363",79,61,18
"60QP000364",128,83,45
"60QP000365",70,43,27
"60QP000366",130,102,28
"60QP000367",97,73,24
"60QP000368",76,54,22
"60QP000369",71,58,13
"60QP000370",78,64,14
"60QP000371",63,48,15
"60QP000372",72,42,30
"60QP000373",86,68,18
"60QP000374",88,75,13
"60QP000375",96,64,32
"60QP000376",68,56,12
"60QP000377",51,42,9
"60QP000378",97,61,36
"60QP000379",63,47,16
"60QP000380",72,65,7
"60QP000381",46,40,6
"60QP000382",95,61,34
"60QP000383",85,41,44
"60QP000384",83,57,26
"60QP000385",67,44,23
"60QP000386",96,79,17
"60QP000387",62,44,18
"60QP000388",67,43,24
"60QP000389",72,31,41
"60QP000390",38,30,8
"60QP000391",49,44,5
"60QP000392",64,52,12
"60QP000393",48,34,14
"60QP000394",68,50,18
"60QP000395",74,62,12
"60QP000396",64,44,20
"60QP000397",68,55,13
"60QP000398",108,74,34
"60QP000399",62,36,26
"60QP000400",60,36,24
"60QP000401",98,54,44
"60QP000402",59,39,20
"60QP000403",63,37,26
"60QP000404",58,39,19
"60QP000405",85,57,28
"60QP000406",110,51,59
"60QP000407",63,40,23
"60QP000408",62,43,19
"60QP000409",45,37,8
"60QP000410",101,65,36
"60QP000411",67,48,19
"60QP000412",82,50,32
"60QP000413",72,49,23
"60QP000414",77,48,29
"60QP000415",50,42,8
"60QP000416",71,49,22
"60QP000417",96,69,27
"60QP000418",78,49,29
"60QP000419",74,53,21
"60QP000420",119,88,31
"60QP000421",125,76,49
"60QP000422",109,69,40
"60QP000423",92,54,38
"60QP000424",91,78,13
"60QP000425",51,47,4
"60QP000426",67,54,13
"60QP000427",80,55,25
"60QP000428",62,37,25
"60QP000429",75,54,21
"60QP000430",60,38,22
"60QP000431",134,80,54
"60QP000432",106,62,44
"60QP000433",109,62,47
"60QP000434",80,40,40
"60QP000435",90,52,38
"60QP000436",74,29,45
"60QP000437",59,34,25
"60QP000438",98,26,72
"60QP000439",97,25,72
"60QP000440",119,32,87
"60QP000441",103,29,74
"60QP000442",112,70,42
"60QP000443",45,31,14
"60QP000444",96,29,67
"60QP000445",113,37,76
"60QP000446",114,22,92
"60QP000447",84,21,63
"60QP000448",103,34,69
"60QP000449",90,28,62
"60QP000450",103,31,72
"60QP000451",90,23,67
"60QP000452",117,43,74
"60QP000453",83,29,54
"60QP000454",91,27,64
"60QP000455",114,29,85
"60QP000456",113,37,76
"60QP000457",115,34,81
"60QP000458",81,21,60
"60QP000459",173,47,126
"60QP000460",138,44,94
"60QP000461",69,54,15
"60QP000462",60,36,24
"60QP000463",106,69,37
"60QP000464",116,48,68
"60QP000465",91,34,57
"60QP000466",92,26,66
"60QP000467",80,35,45
"60QP000468",160,27,133
"60QP000469",120,46,74
"60QP000470",130,42,88
"60QP000471",169,31,138
"60QP000472",116,40,76
"60QP000473",133,34,99
"60QP000474",104,33,71
"60QP000475",114,25,89
"60QP000476",61,45,16
"60QP000477",53,36,17
"60QP000478",104,27,77
"60QP000479",76,30,46
"60QP000480",97,39,58
"60QP000481",92,24,68
"60QP000482",89,34,55
"60QP000483",123,36,87
"60QP000484",266,206,60
"60QP000485",92,36,56
"60QP000486",98,22,76
"60QP000487",97,17,80
"60QP000488",109,29,80
"60QP000489",115,44,71
"60QP000490",146,50,96
"60QP000491",129,27,102
"60QP000492",103,25,78
"60QP000493",135,35,100
"60QP000494",122,35,87
"60QP000495",87,19,68
"60QP000496",75,48,27
"60QP000497",80,20,60
"60QP000498",94,22,72
"60QP000499",125,45,80
"60QP000500",138,42,96
"60QP000501",85,48,37
"60QP000502",83,56,27
"60QP000503",69,47,22
"60QP000504",126,62,64
"60QP000505",89,47,42
"60QP000506",112,71,41
"60QP000507",116,64,52
"60QP000508",66,50,16
"60QP000509",88,53,35
"60QP000510",60,40,20
"60QP000511",79,55,24
"60QP000512",99,48,51
"60QP000513",69,40,29
"60QP000514",96,51,45
"60QP000515",85,42,43
"60QP000516",89,40,49
"60QP000517",85,29,56
"60QP000518",85,37,48
"60QP000519",84,37,47
"60QP000520",138,63,75
"60QP000521",125,61,64
"60QP000522",100,49,51
"60QP000523",107,36,71
"60QP000524",91,47,44
"60QP000525",92,27,65
"60QP000526",90,36,54
"60QP000527",92,41,51
"60QP000528",84,44,40
"60QP000529",87,39,48
"60QP000530",83,56,27
"60QP000531",96,71,25
"60QP000532",79,38,41
"60QP000533",88,59,29
"60QP000534",76,37,39
"60QP000535",89,51,38
"60QP000536",79,41,38
"60QP000537",118,55,63
"60QP000538",69,41,28
"60QP000539",127,62,65
"60QP000540",90,38,52
"60QP000541",84,33,51
"60QP000542",79,39,40
"60QP000543",68,41,27
"60QP000544",64,40,24
"60QP000545",92,47,45
"60QP000546",93,41,52
"60QP000547",42,14,28
"60QP000548",52,12,40
"60QP000549",101,40,61
"60QP000550",96,40,56
"60QP000551",57,29,28
"60QP000552",100,47,53
"60QP000553",76,43,33
"60QP000554",92,20,72
"60QP000555",92,30,62
"60QP000556",99,31,68
"60QP000557",56,24,32
"60QP000558",65,21,44
"60QP000559",68,19,49
"60QP000560",72,45,27
"60QP000561",84,28,56
"60QP000562",115,33,82
"60QP000563",122,26,96
"60QP000564",70,16,54
"60QP000565",151,43,108
"60QP000566",98,18,80
"60QP000567",121,66,55
"60QP000568",109,23,86
"60QP000569",113,68,45
"60QP000570",99,31,68
"60QP000571",62,36,26
"60QP000572",60,42,18
"60QP000573",114,50,64
"60QP000574",92,47,45
"60QP000575",163,50,113
"60QP000576",105,57,48
"60QP000577",49,10,39
"60QP000578",76,28,48
"60QP000579",71,30,41
"60QP000580",72,44,28
"60QP000581",93,69,24
"60QP000582",100,61,39
"60QP000583",100,71,29
"60QP000584",67,49,18
"60QP000585",78,51,27
"60QP000586",76,51,25
"60QP000587",54,40,14
"60QP000588",58,46,12
"60QP000589",56,44,12
"60QP000590",51,47,4
"60QP000591",78,64,14
"60QP000592",69,35,34
"60QP000593",58,35,23
"60QP000594",80,49,31
"60QP000595",45,41,4
"60QP000596",58,44,14
"60QP000597",72,48,24
"60QP000598",64,46,18
"60QP000599",103,67,36
"60QP000600",90,73,17
"60QP000601",84,56,28
"60QP000602",90,48,42
"60QP000603",57,35,22
"60QP000604",119,47,72
"60QP000605",58,31,27
"60QP000606",67,44,23
"60QP000607",75,37,38
"60QP000608",88,54,34
"60QP000609",60,43,17
"60QP000610",88,48,40
"60QP000611",57,52,5
"60QP000612",57,39,18
"60QP000613",49,27,22
"60QP000614",69,54,15
"60QP000615",75,52,23
"60QP000616",53,23,30
"60QP000617",78,32,46
"60QP000618",66,40,26
"60QP000619",121,95,26
"60QP000620",79,56,23
"60QP000621",56,44,12
"60QP000622",110,70,40
"60QP000623",114,81,33
"60QP000624",70,36,34
"60QP000625",121,70,51
"60QP000626",114,60,54
"60QP000627",128,57,71
"60QP000628",47,38,9
"60QP000629",120,62,58
"60QP000630",125,56,69
"60QP000631",99,29,70
"60QP000632",92,42,50
"60QP000633",73,33,40
"60QP000634",80,36,44
"60QP000635",93,31,62
"60QP000636",86,45,41
"60QP000637",95,32,63
"60QP000638",86,49,37
"60QP000639",79,35,44
"60QP000640",95,38,57
"60QP000641",73,34,39
"60QP000642",82,29,53
"60QP000643",54,38,16
"60QP000644",125,67,58
"60QP000645",116,56,60
"60QP000646",72,43,29
"60QP000647",76,36,40
"60QP000648",120,46,74
"60QP000649",82,44,38
"60QP000650",75,45,30
"60QP000651",144,75,69
"60QP000652",144,47,97
"60QP000653",131,65,66
"60QP000654",130,41,89
"60QP000655",67,32,35
"60QP000656",82,45,37
"60QP000657",97,37,60
"60QP000658",97,53,44
"60QP000659",152,91,61
"60QP000660",126,30,96
"60QP000661",118,57,61
"60QP000662",56,40,16
"60QP000663",142,69,73
"60QP000664",91,42,49
"60QP000665",82,44,38
"60QP000666",43,15,28
"60QP000667",53,29,24
"60QP000668",116,39,77
"60QP000669",72,41,31
"60QP000670",99,45,54
"60QP000671",85,30,55
"60QP000672",96,70,26
"60QP000673",106,50,56
"60QP000674",96,37,59
"60QP000675",64,43,21
"60QP000676",87,73,14
"60QP000677",60,54,6
"60QP000678",65,54,11
"60QP000679",63,40,23
"60QP000680",130,54,76
"60QP000681",98,35,63
"60QP000682",62,32,30
"60QP000683",101,36,65
"60QP000684",87,26,61
"60QP000685",117,33,84
"60QP000686",77,23,54
"60QP000687",85,36,49
"60QP000688",73,26,47
"60QP000689",111,40,71
"60QP000690",97,55,42
"60QP000691",125,78,47
"60QP000692",53,41,12
"60QP000693",77,54,23
"60QP000694",129,59,70
"60QP000695",104,35,69
"60QP000696",95,26,69
"60QP000697",79,38,41
"60QP000698",87,46,41
"60QP000699",86,39,47
"60QP000700",101,55,46
"60QP000701",127,53,74
"60QP000702",47,27,20
"60QP000703",72,33,39
"60QP000704",106,28,78
"60QP000705",83,24,59
"60QP000706",95,37,58
"60QP000707",113,70,43
"60QP000708",67,22,45
"60QP000709",71,26,45
"60QP000710",79,28,51
"60QP000711",95,37,58
"60QP000712",77,37,40
"60QP000713",77,40,37
"60QP000714",71,37,34
"60QP000715",54,41,13
"60QP000716",94,43,51
"60QP000717",89,31,58
"60QP000718",88,56,32
"60QP000719",116,70,46
"60QP000720",104,53,51
"60QP000721",183,136,47
"60QP000722",101,74,27
"60QP000723",109,71,38
"60QP000724",69,51,18
"60QP000725",75,39,36
"60QP000726",115,78,37
"60QP000727",99,59,40
"60QP000728",135,46,89
"60QP000729",90,37,53
"60QP000730",87,46,41
"60QP000731",114,68,46
"60QP000732",99,43,56
"60QP000733",122,68,54
"60QP000734",77,33,44
"60QP000735",111,49,62
"60QP000736",107,35,72
"60QP000737",80,42,38
"60QP000738",52,38,14
"60QP000739",50,38,12
"60QP000740",95,62,33
"60QP000741",61,44,17
"60QP000742",83,45,38
"60QP000743",81,42,39
"60QP000744",91,53,38
"60QP000745",101,71,30
"60QP000746",91,65,26
"60QP000747",64,46,18
"60QP000748",119,34,85
"60QP000749",90,36,54
"60QP000750",67,20,47
"60QP000751",104,56,48
"60QP000752",107,41,66
"60QP000753",65,45,20
"60QP000754",106,81,25
"60QP000755",126,59,67
"60QP000756",69,46,23
"60QP000757",69,44,25
"60QP000758",63,40,23
"60QP000759",73,45,28
"60QP000760",51,43,8
"60QP000761",62,41,21
"60QP000762",61,41,20
"60QP000763",61,50,11
"60QP000764",95,70,25
"60QP000765",79,47,32
"60QP000766",115,94,21
"60QP000767",69,58,11
"60QP000768",76,57,19
"60QP000769",74,52,22
"60QP000770",64,55,9
"60QP000771",73,55,18
"60QP000772",63,50,13
"60QP000773",140,91,49
"60QP000774",54,40,14
"60QP000775",135,89,46
"60QP000776",164,73,91
"60QP000777",99,46,53
"60QP000778",83,64,19
"60QP000779",45,38,7
"60QP000780",62,47,15
"60QP000781",65,37,28
"60QP000782",77,66,11
"60QP000783",77,51,26
"60QP000784",89,85,4
"60QP000785",139,65,74
"60QP000786",100,90,10
"60QP000787",110,91,19
"60QP000788",95,84,11
"60QP000789",105,85,20
"60QP000790",56,46,10
"60QP000791",111,84,27
"60QP000792",101,74,27
"60QP000793",87,63,24
"60QP000794",70,58,12
"60QP000795",66,42,24
"60QP000796",105,75,30
"60QP000797",71,65,6
"60QP000798",60,32,28
"60QP000799",54,44,10
"60QP000800",108,66,42
"60QP000801",100,58,42
"60QP000802",77,43,34
"60QP000803",109,65,44
"60QP000804",82,52,30
"60QP000805",108,48,60
"60QP000806",71,50,21
"60QP000807",88,58,30
"60QP000808",90,68,22
"60QP000809",118,89,29
"60QP000810",64,50,14
"60QP000811",80,65,15
"60QP000812",86,66,20
"60QP000813",92,64,28
"60QP000814",55,50,5
"60QP000815",71,55,16
"60QP000816",80,54,26
"60QP000817",96,72,24
"60QP000818",92,72,20
"60QP000819",93,74,19
"60QP000820",62,54,8
"60QP000821",72,65,7
"60QP000822",57,31,26
"60QP000823",92,76,16
"60QP000824",108,66,42
"60QP000825",111,67,44
"60QP000826",77,66,11
"60QP000827",111,88,23
"60QP000828",104,81,23
"60QP000829",61,47,14
"60QP000830",127,84,43
"60QP000831",98,59,39
"60QP000832",101,69,32
"60QP000833",73,47,26
"60QP000834",102,36,66
"60QP000835",84,32,52
"60QP000836",79,31,48
"60QP000837",105,28,77
"60QP000838",90,37,53
"60QP000839",94,49,45
"60QP000840",86,32,54
"60QP000841",84,43,41
"60QP000842",116,79,37
"60QP000843",146,49,97
"60QP000844",155,56,99
"60QP000845",83,75,8
"60QP000846",97,65,32
"60QP000847",76,64,12
"60QP000848",57,46,11
"60QP000849",86,72,14
"60QP000850",76,70,6
"60QP000851",55,41,14
"60QP000852",68,56,12
"60QP000853",113,90,23
"60QP000854",94,70,24
"60QP000855",58,38,20
"60QP000856",58,46,12
"60QP000857",93,64,29
"60QP000858",51,45,6
"60QP000859",94,75,19
"60QP000860",66,53,13
"60QP000861",89,58,31
"60QP000862",49,46,3
"60QP000863",60,46,14
"60QP000864",72,56,16
"60QP000865",56,44,12
"60QP000866",108,84,24
"60QP000867",75,59,16
"60QP000868",54,42,12
"60QP000869",95,78,17
"60QP000870",119,73,46
"60QP000871",55,31,24
"60QP000872",102,66,36
"60QP000873",59,40,19
"60QP000874",100,88,12
"60QP000875",106,79,27
"60QP000876",111,96,15
"60QP000877",99,72,27
"60QP000878",56,41,15
"60QP000879",95,70,25
"60QP000880",56,47,9
"60QP000881",108,61,47
"60QP000882",63,48,15
"60QP000883",79,49,30
"60QP000884",93,79,14
"60QP000885",84,79,5
"60QP000886",98,88,10
"60QP000887",87,61,26
"60QP000888",105,78,27
"60QP000889",104,54,50
"60QP000890",114,85,29
"60QP000891",63,21,42
"60QP000892",66,51,15
"60QP000893",118,56,62
"60QP000894",94,69,25
"60QP000895",88,68,20
"60QP000896",56,44,12
"60QP000897",90,58,32
"60QP000898",65,39,26
"60QP000899",62,39,23
"60QP000900",100,62,38
"60QP000901",146,65,81
"60QP000902",92,67,25
"60QP000903",68,31,37
"60QP000904",81,41,40
"60QP000905",102,60,42
"60QP000906",135,70,65
"60QP000907",99,69,30
"60QP000908",81,28,53
"60QP000909",100,46,54
"60QP000910",86,32,54
"60QP000911",100,52,48
"60QP000912",107,43,64
"60QP000913",80,25,55
"60QP000914",101,60,41
"60QP000915",95,37,58
"60QP000916",113,52,61
"60QP000917",44,27,17
"60QP000918",78,43,35
"60QP000919",62,54,8
"60QP000920",55,45,10
"60QP000921",113,97,16
"60QP000922",82,58,24
"60QP000923",110,94,16
"60QP000924",77,65,12
"60QP000925",89,75,14
"60QP000926",58,49,9
"60QP000927",56,46,10
"60QP000928",86,70,16
"60QP000929",68,44,24
"60QP000930",69,65,4
"60QP000931",128,101,27
"60QP000932",117,68,49
"60QP000933",137,58,79
"60QP000934",83,73,10
"60QP000935",66,53,13
"60QP000936",60,36,24
"60QP000937",153,111,42
"60QP000938",133,75,58
"60QP000939",111,81,30
"60QP000940",97,77,20
"60QP000941",75,28,47
"60QP000942",137,90,47
"60QP000943",131,89,42
"60QP000944",138,44,94
"60QP000945",108,66,42
"60QP000946",70,52,18
"60QP000947",71,59,12
"60QP000948",59,47,12
"60QP000949",90,72,18
"60QP000950",86,69,17
"60QP000951",73,69,4
"60QP000952",82,68,14
"60QP000953",126,75,51
"60QP000954",116,44,72
"60QP000955",90,34,56
"60QP000956",92,49,43
"60QP000957",68,38,30
"60QP000958",76,49,27
"60QP000959",130,79,51
"60QP000960",102,95,7
"60QP000961",57,53,4
"60QP000962",63,44,19
"60QP000963",82,65,17
"60QP000964",141,94,47
"60QP000965",75,47,28
"60QP000966",70,52,18
"60QP000967",77,54,23
"60QP000968",109,86,23
"60QP000969",84,66,18
"60QP000970",54,42,12
"60QP000971",72,32,40
"60QP000972",85,36,49
"60QP000973",102,57,45
"60QP000974",70,43,27
"60QP000975",90,74,16
"60QP000976",97,68,29
"60QP000977",58,50,8
"60QP000978",114,87,27
"60QP000979",95,73,22
"60QP000980",62,48,14
"60QP000981",96,71,25
"60QP000982",62,59,3
"60QP000983",72,44,28
"60QP000984",82,70,12
"60QP000985",135,106,29
"60QP000986",91,72,19
"60QP000987",81,55,26
"60QP000988",100,85,15
"60QP000989",77,47,30
"60QP000990",76,44,32
"60QP000991",90,63,27
"60QP000992",76,60,16
"60QP000993",66,46,20
"60QP000994",114,98,16
"60QP000995",56,40,16
"60QP000996",81,50,31
"60QP000997",98,81,17
"60QP000998",83,74,9
"60QP000999",69,53,16
"60QP001000",67,50,17
"60QP001001",53,41,12
"60QP001002",99,85,14
"60QP001003",92,60,32
"60QP001004",84,71,13
"60QP001005",95,71,24
"60QP001006",67,54,13
"60QP001007",85,72,13
"60QP001008",73,65,8
"60QP001009",122,68,54
"60QP001010",113,57,56
"60QP001011",68,42,26
"60QP001012",90,73,17
"60QP001013",55,37,18
"60QP001014",44,22,22
"60QP001015",94,82,12
"60QP001016",74,56,18
"60QP001017",70,41,29
"60QP001018",87,75,12
"60QP001019",81,61,20
"60QP001020",76,58,18
"60QP001021",163,139,24
"60QP001022",91,70,21
"60QP001023",94,57,37
"60QP001024",109,83,26
"60QP001025",49,45,4
"60QP001026",49,42,7
"60QP001027",52,44,8
"60QP001028",84,57,27
"60QP001029",61,30,31
"60QP001030",92,74,18
"60QP001031",55,42,13
"60QP001032",109,75,34
"60QP001033",58,38,20
"60QP001034",95,72,23
"60QP001035",100,90,10
"60QP001036",89,69,20
"60QP001037",54,45,9
"60QP001038",78,71,7
"60QP001039",76,65,11
"60QP001040",52,40,12
"60QP001041",133,105,28
"60QP001042",99,79,20
"60QP001043",55,47,8
"60QP001044",61,55,6
"60QP001045",101,87,14
"60QP001046",67,59,8
"60QP001047",82,61,21
"60QP001048",167,149,18
"60QP001049",59,51,8
"60QP001050",58,54,4
"60QP001051",119,87,32
"60QP001052",64,53,11
"60QP001053",102,90,12
"60QP001054",89,69,20
"60QP001055",54,52,2
"60QP001056",108,36,72
"60QP001057",83,51,32
"60QP001058",63,45,18
"60QP001059",50,43,7
"60QP001060",109,73,36
"60QP001061",64,54,10
"60QP001062",114,68,46
"60QP001063",110,61,49
"60QP001064",117,79,38
"60QP001065",100,73,27
"60QP001066",92,28,64
"60QP001067",96,51,45
"60QP001068",73,33,40
"60QP001069",89,55,34
"60QP001070",60,40,20
"60QP001071",101,80,21
"60QP001072",67,54,13
"60QP001073",95,73,22
"60QP001074",111,72,39
"60QP001075",101,81,20
"60QP001076",97,74,23
"60QP001077",105,61,44
"60QP001078",98,64,34
"60QP001079",69,50,19
"60QP001080",88,71,17
"60QP001081",110,57,53
"60QP001082",149,45,104
"60QP001083",110,62,48
"60QP001084",112,70,42
"60QP001085",88,62,26
"60QP001086",79,38,41
"60QP001087",86,50,36
"60QP001088",75,47,28
"60QP001089",86,25,61
"60QP001090",77,15,62
"60QP001091",112,41,71
"60QP001092",145,39,106
"60QP001093",112,32,80
"60QP001094",95,23,72
"60QP001095",110,32,78
"60QP001096",94,28,66
"60QP001097",96,33,63
"60QP001098",95,26,69
"60QP001099",91,33,58
"60QP001100",92,38,54
"60QP001101",96,29,67
"60QP001102",97,35,62
"60QP001103",100,30,70
"60QP001104",114,43,71
"60QP001105",112,38,74
"60QP001106",113,25,88
"60QP001107",84,25,59
"60QP001108",63,43,20
"60QP001109",101,59,42
"60QP001110",96,76,20
"60QP001111",45,39,6
"60QP001112",53,35,18
"60QP001113",137,81,56
"60QP001114",62,50,12
"60QP001115",59,39,20
"60QP001116",84,51,33
"60QP001117",74,40,34
"60QP001118",66,36,30
"60QP001119",91,71,20
"60QP001120",75,53,22
"60QP001121",71,43,28
"60QP001122",125,65,60
"60QP001123",79,41,38
"60QP001124",122,78,44
"60QP001125",84,52,32
"60QP001126",100,23,77
"60QP001127",63,43,20
"60QP001128",94,36,58
"60QP001129",106,34,72
"60QP001130",99,42,57
"60QP001131",108,32,76
"60QP001132",107,66,41
"60QP001133",89,41,48
"60QP001134",92,47,45
"60QP001135",79,23,56
"60QP001136",61,50,11
"60QP001137",70,45,25
"60QP001138",79,33,46
"60QP001139",77,58,19
"60QP001140",80,41,39
"60QP001141",83,33,50
"60QP001142",78,41,37
"60QP001143",66,49,17
"60QP001144",155,58,97
"60QP001145",97,31,66
"60QP001146",96,31,65
"60QP001147",79,32,47
"60QP001148",104,30,74
"60QP001149",91,20,71
"60QP001150",95,25,70
"60QP001151",97,39,58
"60QP001152",88,26,62
"60QP001153",82,24,58
"60QP001154",97,33,64
"60QP001155",81,41,40
"60QP001156",103,31,72
"60QP001157",115,85,30
"60QP001158",124,57,67
"60QP001159",67,55,12
"60QP001160",119,95,24
"60QP001161",65,39,26
"60QP001162",115,73,42
"60QP001163",78,67,11
"60QP001164",129,75,54
"60QP001165",105,53,52
"60QP001166",145,53,92
"60QP001167",128,63,65
"60QP001168",62,30,32
"60QP001169",71,34,37
"60QP001170",92,65,27
"60QP001171",79,60,19
"60QP001172",74,56,18
"60QP001173",58,43,15
"60QP001174",84,61,23
"60QP001175",72,60,12
"60QP001176",85,54,31
"60QP001177",85,46,39
"60QP001178",69,27,42
"60QP001179",57,39,18
"60QP001180",84,31,53
"60QP001181",81,43,38
"60QP001182",85,61,24
"60QP001183",159,49,110
"60QP001184",103,31,72
"60QP001185",124,42,82
"60QP001186",164,40,124
"60QP001187",136,42,94
"60QP001188",140,61,79
"60QP001189",90,29,61
"60QP001190",92,36,56
"60QP001191",75,31,44
"60QP001192",97,41,56
"60QP001193",115,45,70
"60QP001194",56,42,14
"60QP001195",75,47,28
"60QP001196",135,59,76
"60QP001197",76,49,27
"60QP001198",67,47,20
"60QP001199",117,67,50
"60QP001200",74,42,32
"60QP001201",61,30,31
"60QP001202",67,47,20
"60QP001203",76,35,41
"60QP001204",112,32,80
"60QP001205",108,38,70
"60QP001206",99,67,32
"60QP001207",117,44,73
"60QP001208",85,47,38
"60QP001209",69,39,30
"60QP001210",97,50,47
"60QP001211",87,44,43
"60QP001212",71,36,35
"60QP001213",98,32,66
"60QP001214",70,56,14
"60QP001215",113,82,31
"60QP001216",57,47,10
"60QP001217",93,74,19
"60QP001218",66,64,2
"60QP001219",63,50,13
"60QP001220",96,75,21
"60QP001221",53,38,15
"60QP001222",90,55,35
"60QP001223",87,73,14
"60QP001224",78,62,16
"60QP001225",55,47,8
"60QP001226",89,71,18
"60QP001227",96,83,13
"60QP001228",86,69,17
"60QP001229",47,37,10
"60QP001230",49,41,8
"60QP001231",162,143,19
"60QP001232",122,88,34
"60QP001233",107,75,32
"60QP001234",111,105,6
"60QP001235",127,112,15
"60QP001236",120,109,11
"60QP001237",94,88,6
"60QP001238",163,144,19
"60QP001239",169,158,11
"60QP001240",90,72,18
"60QP001241",127,117,10
"60QP001242",181,153,28
"60QP001243",109,89,20
"60QP001244",69,56,13
"60QP001245",171,151,20
"60QP001246",145,135,10
"60QP001247",136,115,21
"60QP001248",93,69,24
"60QP001249",106,90,16
"60QP001250",134,116,18
"60QP001251",112,105,7
"60QP001252",135,127,8
"60QP001253",124,117,7
"60QP001254",92,75,17
"60QP001255",80,77,3
"60QP001256",84,62,22
"60QP001257",95,84,11
"60QP001258",140,124,16
"60QP001259",100,88,12
"60QP001260",69,56,13
"60QP001261",99,81,18
"60QP001262",63,35,28
"60QP001263",86,69,17
"60QP001264",82,67,15
"60QP001265",98,81,17
"60QP001266",79,64,15
"60QP001267",72,41,31
"60QP001268",62,40,22
"60QP001269",76,57,19
"60QP001270",183,162,21
"60QP001271",78,66,12
"60QP001272",78,65,13
"60QP001273",112,100,12
"60QP001274",75,64,11
"60QP001275",77,68,9
"60QP001276",84,78,6
"60QP001277",102,88,14
"60QP001278",97,88,9
"60QP001279",141,135,6
"60QP001280",176,147,29
"60QP001281",165,145,20
"60QP001282",210,162,48
"60QP001283",156,156,0
"60QP001284",171,139,32
"60QP001285",153,122,31
"60QP001286",160,134,26
"60QP001287",138,116,22
"60QP001288",85,77,8
"60QP001289",178,159,19
"60QP001290",182,140,42
"60QP001291",129,111,18
"60QP001292",120,98,22
"60QP001293",108,87,21
"60QP001294",145,126,19
"60QP001295",146,108,38
"60QP001296",207,199,8
"60QP001297",162,138,24
"60QP001298",123,93,30
"60QP001299",198,164,34
"60QP001300",158,122,36
"60QP001301",205,159,46
"60QP001302",137,112,25
"60QP001303",246,219,27
"60QP001304",140,117,23
"60QP001305",106,75,31
"60QP001306",176,159,17
"60QP001307",104,58,46
"60QP001308",124,46,78
"60QP001309",64,50,14
"60QP001310",141,90,51
"60QP001311",155,138,17
"60QP001312",126,114,12
"60QP001313",78,68,10
"60QP001314",130,113,17
"60QP001315",109,103,6
"60QP001316",116,100,16
"60QP001317",93,75,18
"60QP001318",133,107,26
"60QP001319",65,48,17
"60QP001320",91,71,20
"60QP001321",106,96,10
"60QP001322",122,112,10
"60QP001323",95,69,26
"60QP001324",93,71,22
"60QP001325",95,35,60
"60QP001326",133,117,16
"60QP001327",115,99,16
"60QP001328",109,86,23
"60QP001329",70,64,6
"60QP001330",104,86,18
"60QP001331",148,124,24
"60QP001332",122,91,31
"60QP001333",81,63,18
"60QP001334",145,132,13
"60QP001335",126,110,16
"60QP001336",208,198,10
"60QP001337",80,77,3
"60QP001338",194,183,11
"60QP001339",104,92,12
"60QP001340",74,70,4
"60QP001341",121,107,14
"60QP001342",130,99,31
"60QP001343",101,57,44
"60QP001344",94,77,17
"60QP001345",102,86,16
"60QP001346",63,55,8
"60QP001347",82,72,10
"60QP001348",85,71,14
"60QP001349",107,90,17
"60QP001350",88,70,18
"60QP001351",107,44,63
"60QP001352",90,27,63
"60QP001353",161,121,40
"60QP001354",74,47,27
"60QP001355",46,20,26
"60QP001356",122,87,35
"60QP001357",159,78,81
"60QP001358",195,130,65
"60QP001359",120,94,26
"60QP001360",50,21,29
"60QP001361",49,19,30
"60QP001362",80,52,28
"60QP001363",93,43,50
"60QP001364",66,16,50
"60QP001365",164,139,25
"60QP001366",176,149,27
"60QP001367",78,69,9
"60QP001368",106,33,73
"60QP001369",140,44,96
"60QP001370",126,66,60
"60QP001371",90,38,52
"60QP001372",98,31,67
"60QP001373",79,55,24
"60QP001374",101,35,66
"60QP001375",99,32,67
"60QP001376",102,42,60
"60QP001377",137,38,99
"60QP001378",105,54,51
"60QP001379",76,23,53
"60QP001380",150,66,84
"60QP001381",123,64,59
"60QP001382",102,50,52
"60QP001383",71,47,24
"60QP001384",136,96,40
"60QP001385",121,59,62
"60QP001386",181,119,62
"60QP001387",84,65,19
"60QP001388",100,38,62
"60QP001389",105,39,66
"60QP001390",116,38,78
"60QP001391",106,57,49
"60QP001392",148,87,61
"60QP001393",78,46,32
"60QP001394",97,44,53
"60QP001395",119,51,68
"60QP001396",120,38,82
"60QP001397",90,29,61
"60QP001398",100,20,80
"60QP001399",102,29,73
"60QP001400",66,27,39
"60QP001401",93,53,40
"60QP001402",120,56,64
"60QP001403",102,51,51
"60QP001404",103,43,60
"60QP001405",103,69,34
"60QP001406",82,57,25
"60QP001407",131,52,79
"60QP001408",132,69,63
"60QP001409",96,40,56
"60QP001410",62,50,12
"60QP001411",76,34,42
"60QP001412",87,58,29
"60QP001413",58,38,20
"60QP001414",71,45,26
"60QP001415",86,32,54
"60QP001416",213,141,72
"60QP001417",128,55,73
"60QP001418",84,34,50
"60QP001419",172,115,57
"60QP001420",106,36,70
"60QP001421",111,30,81
"60QP001422",89,27,62
"60QP001423",138,104,34
"60QP001424",107,76,31
"60QP001425",89,68,21
"60QP001426",113,95,18
"60QP001427",81,67,14
"60QP001428",107,95,12
"60QP001429",73,59,14
"60QP001430",79,64,15
"60QP001431",63,53,10
"60QP001432",55,45,10
"60QP001433",109,91,18
"60QP001434",88,73,15
"60QP001435",141,114,27
"60QP001436",101,83,18
"60QP001437",61,47,14
"60QP001438",191,130,61
"60QP001439",125,91,34
"60QP001440",102,74,28
"60QP001441",63,44,19
"60QP001442",125,81,44
"60QP001443",89,47,42
"60QP001444",75,49,26
"60QP001445",118,64,54
"60QP001446",95,51,44
"60QP001447",68,50,18
"60QP001448",120,104,16
"60QP001449",131,111,20
"60QP001450",58,26,32
"60QP001451",64,34,30
"60QP001452",181,139,42
"60QP001453",125,86,39
"60QP001454",175,137,38
"60QP001455",186,149,37
"60QP001456",112,98,14
"60QP001457",93,74,19
"60QP001458",105,95,10
"60QP001459",75,69,6
"60QP001460",128,110,18
"60QP001461",116,96,20
"60QP001462",135,122,13
"60QP001463",90,67,23
"60QP001464",69,54,15
"60QP001465",203,191,12
"60QP001466",184,140,44
"60QP001467",73,45,28
"60QP001468",76,72,4
"60QP001469",141,99,42
"60QP001470",131,95,36
"60QP001471",139,109,30
"60QP001472",83,73,10
"60QP001473",95,71,24
"60QP001474",72,41,31
"60QP001475",65,57,8
"60QP001476",74,53,21
"60QP001477",170,113,57
"60QP001478",120,85,35
"60QP001479",106,76,30
"60QP001480",180,158,22
"60QP001481",112,103,9
"60QP001482",112,57,55
"60QP001483",110,88,22
"60QP001484",100,35,65
"60QP001485",135,104,31
"60QP001486",139,68,71
"60QP001487",112,43,69
"60QP001488",123,47,76
"60QP001489",51,17,34
"60QP001490",57,19,38
"60QP001491",104,33,71
"60QP001492",105,30,75
"60QP001493",102,31,71
"60QP001494",95,23,72
"60QP001495",104,20,84
"60QP001496",54,37,17
"60QP001497",126,36,90
"60QP001498",80,36,44
"60QP001499",135,59,76
"60QP001500",133,44,89
"60QP001501",101,28,73
"60QP001502",103,31,72
"60QP001503",90,35,55
"60QP001504",84,30,54
"60QP001505",100,39,61
"60QP001506",94,23,71
"60QP001507",124,41,83
"60QP001508",97,39,58
"60QP001509",62,26,36
"60QP001510",78,46,32
"60QP001511",104,72,32
"60QP001512",109,84,25
"60QP001513",101,71,30
"60QP001514",102,38,64
"60QP001515",134,79,55
"60QP001516",79,68,11
"60QP001517",86,70,16
"60QP001518",79,67,12
"60QP001519",76,50,26
"60QP001520",66,53,13
"60QP001521",77,68,9
"60QP001522",80,71,9
"60QP001523",62,44,18
"60QP001524",84,24,60
"60QP001525",58,10,48
"60QP001526",101,28,73
"60QP001527",86,60,26
"60QP001528",69,45,24
"60QP001529",78,56,22
"60QP001530",103,86,17
"60QP001531",94,60,34
"60QP001532",103,74,29
"60QP001533",138,79,59
"60QP001534",125,59,66
"60QP001535",68,33,35
"60QP001536",82,57,25
"60QP001537",82,33,49
"60QP001538",102,49,53
"60QP001539",132,56,76
"60QP001540",147,77,70
"60QP001541",93,65,28
"60QP001542",53,34,19
"60QP001543",122,69,53
"60QP001544",136,109,27
"60QP001545",150,62,88
"60QP001546",95,43,52
"60QP001547",102,56,46
"60QP001548",83,41,42
"60QP001549",111,74,37
"60QP001550",139,90,49
"60QP001551",99,38,61
"60QP001552",103,26,77
"60QP001553",91,49,42
"60QP001554",75,34,41
"60QP001555",95,23,72
"60QP001556",86,29,57
"60QP001557",92,33,59
"60QP001558",93,37,56
"60QP001559",90,32,58
"60QP001560",112,39,73
"60QP001561",90,36,54
"60QP001562",84,31,53
"60QP001563",96,37,59
"60QP001564",107,35,72
"60QP001565",89,32,57
"60QP001566",128,34,94
"60QP001567",128,44,84
"60QP001568",105,29,76
"60QP001569",83,29,54
"60QP001570",148,46,102
"60QP001571",106,32,74
"60QP001572",104,34,70
"60QP001573",106,42,64
"60QP001574",91,25,66
"60QP001575",100,33,67
"60QP001576",89,28,61
"60QP001577",110,37,73
"60QP001578",112,48,64
"60QP001579",136,45,91
"60QP001580",128,39,89
"60QP001581",86,36,50
"60QP001582",114,42,72
"60QP001583",87,33,54
"60QP001584",98,28,70
"60QP001585",100,34,66
"60QP001586",113,17,96
"60QP001587",105,26,79
"60QP001588",99,23,76
"60QP001589",89,30,59
"60QP001590",116,28,88
"60QP001591",81,27,54
"60QP001592",100,17,83
"60QP001593",91,32,59
"60QP001594",107,32,75
"60QP001595",108,31,77
"60QP001596",90,30,60
"60QP001597",137,99,38
"60QP001598",95,43,52
"60QP001599",152,47,105
"60QP001600",90,72,18
"60QP001601",152,102,50
"60QP001602",132,36,96
"60QP001603",92,26,66
"60QP001604",63,35,28
"60QP001605",101,39,62
"60QP001606",121,35,86
"60QP001607",123,35,88
"60QP001608",107,25,82
"60QP001609",84,29,55
"60QP001610",146,44,102
"60QP001611",101,26,75
"60QP001612",97,23,74
"60QP001613",61,33,28
"60QP001614",116,38,78
"60QP001615",140,38,102
"60QP001616",114,40,74
"60QP001617",168,47,121
"60QP001618",103,15,88
"60QP001619",109,32,77
"60QP001620",90,24,66
"60QP001621",99,27,72
"60QP001622",101,29,72
"60QP001623",112,36,76
"60QP001624",108,34,74
"60QP001625",84,26,58
"60QP001626",83,25,58
"60QP001627",78,26,52
"60QP001628",91,26,65
"60QP001629",119,39,80
"60QP001630",121,25,96
"60QP001631",91,32,59
"60QP001632",98,48,50
"60QP001633",87,27,60
"60QP001634",69,33,36
"60QP001635",79,54,25
"60QP001636",54,36,18
"60QP001637",80,43,37
"60QP001638",86,67,19
"60QP001639",69,41,28
"60QP001640",81,53,28
"60QP001641",122,87,35
"60QP001642",69,51,18
"60QP001643",128,71,57
"60QP001644",137,65,72
"60QP001645",110,62,48
"60QP001646",68,37,31
"60QP001647",81,44,37
"60QP001648",135,63,72
"60QP001649",92,58,34
"60QP001650",133,84,49
"60QP001651",104,72,32
"60QP001652",99,83,16
"60QP001653",95,88,7
"60QP001654",119,82,37
"60QP001655",55,39,16
"60QP001656",102,92,10
"60QP001657",52,46,6
"60QP001658",64,49,15
"60QP001659",136,121,15
"60QP001660",79,77,2
"60QP001661",76,65,11
"60QP001662",58,48,10
"60QP001663",59,50,9
"60QP001664",58,52,6
"60QP001665",54,51,3
"60QP001666",74,60,14
"60QP001667",104,90,14
"60QP001668",77,68,9
"60QP001669",80,67,13
"60QP001670",92,86,6
"60QP001671",98,81,17
"60QP001672",90,72,18
"60QP001673",86,40,46
"60QP001674",134,96,38
"60QP001675",69,40,29
"60QP001676",112,80,32
"60QP001677",88,42,46
"60QP001678",162,104,58
"60QP001679",69,57,12
"60QP001680",94,63,31
"60QP001681",83,53,30
"60QP001682",56,44,12
"60QP001683",53,48,5
"60QP001684",69,61,8
"60QP001685",72,62,10
"60QP001686",57,47,10
"60QP001687",113,90,23
"60QP001688",88,79,9
"60QP001689",95,74,21
"60QP001690",110,92,18
"60QP001691",128,109,19
"60QP001692",66,62,4
"60QP001693",115,94,21
"60QP001694",110,95,15
"60QP001695",94,78,16
"60QP001696",86,68,18
"60QP001697",146,113,33
"60QP001698",132,93,39
"60QP001699",148,118,30
"60QP001700",102,84,18
"60QP001701",103,71,32
"60QP001702",114,84,30
"60QP001703",112,92,20
"60QP001704",115,84,31
"60QP001705",67,56,11
"60QP001706",59,53,6
"60QP001707",87,78,9
"60QP001708",98,88,10
"60QP001709",72,71,1
"60QP001710",51,49,2
"60QP001711",64,50,14
"60QP001712",114,100,14
"60QP001713",76,70,6
"60QP001714",89,81,8
"60QP001715",96,82,14
"60QP001716",101,54,47
"60QP001717",74,54,20
"60QP001718",91,73,18
"60QP001719",76,28,48
"60QP001720",103,46,57
"60QP001721",77,32,45
"60QP001722",58,30,28
"60QP001723",120,94,26
"60QP001724",67,55,12
"60QP001725",62,54,8
"60QP001726",55,49,6
"60QP001727",59,49,10
"60QP001728",68,59,9
"60QP001729",50,39,11
"60QP001730",100,76,24
"60QP001731",75,71,4
"60QP001732",48,37,11
"60QP001733",60,53,7
"60QP001734",54,43,11
"60QP001735",61,57,4
"60QP001736",115,99,16
"60QP001737",81,68,13
"60QP001738",56,50,6
"60QP001739",71,59,12
"60QP001740",54,49,5
"60QP001741",90,72,18
"60QP001742",71,61,10
"60QP001743",65,48,17
"60QP001744",73,62,11
"60QP001745",90,71,19
"60QP001746",81,53,28
"60QP001747",52,43,9
"60QP001748",96,70,26
"60QP001749",88,76,12
"60QP001750",108,101,7
"60QP001751",62,55,7
"60QP001752",42,33,9
"60QP001753",51,46,5
"60QP001754",91,77,14
"60QP001755",122,92,30
"60QP001756",85,75,10
"60QP001757",114,103,11
"60QP001758",109,92,17
"60QP001759",122,108,14
"60QP001760",64,56,8
"60QP001761",112,91,21
"60QP001762",122,100,22
"60QP001763",107,85,22
"60QP001764",88,65,23
"60QP001765",118,103,15
"60QP001766",95,85,10
"60QP001767",78,66,12
"60QP001768",119,105,14
"60QP001769",56,51,5
"60QP001770",88,78,10
"60QP001771",136,101,35
"60QP001772",74,59,15
"60QP001773",73,65,8
"60QP001774",86,72,14
"60QP001775",111,78,33
"60QP001776",118,98,20
"60QP001777",102,87,15
"60QP001778",61,46,15
"60QP001779",99,43,56
"60QP001780",91,52,39
"60QP001781",103,53,50
"60QP001782",77,40,37
"60QP001783",106,70,36
"60QP001784",110,63,47
"60QP001785",116,58,58
"60QP001786",78,48,30
"60QP001787",83,38,45
"60QP001788",64,44,20
"60QP001789",104,50,54
"60QP001790",84,50,34
"60QP001791",109,66,43
"60QP001792",66,42,24
"60QP001793",85,49,36
"60QP001794",98,69,29
"60QP001795",77,57,20
"60QP001796",81,42,39
"60QP001797",65,45,20
"60QP001798",82,60,22
"60QP001799",97,65,32
"60QP001800",95,51,44
"60QP001801",115,73,42
"60QP001802",118,70,48
"60QP001803",102,48,54
"60QP001804",86,53,33
"60QP001805",106,63,43
"60QP001806",96,63,33
"60QP001807",98,56,42
"60QP001808",104,54,50
"60QP001809",78,52,26
"60QP001810",68,44,24
"60QP001811",68,39,29
"60QP001812",68,43,25
"60QP001813",115,86,29
"60QP001814",96,60,36
"60QP001815",92,59,33
"60QP001816",67,33,34
"60QP001817",90,46,44
"60QP001818",66,48,18
"60QP001819",77,45,32
"60QP001820",83,51,32
"60QP001821",86,49,37
"60QP001822",115,71,44
"60QP001823",70,36,34
"60QP001824",104,68,36
"60QP001825",66,24,42
"60QP001826",75,49,26
"60QP001827",433,345,88
"60QP001828",98,38,60
"60QP001829",87,38,49
"60QP001830",102,54,48
"60QP001831",65,30,35
"60QP001832",72,37,35
"60QP001833",68,44,24
"60QP001834",95,51,44
"60QP001835",94,69,25
"60QP001836",59,52,7
"60QP001837",103,65,38
"60QP001838",68,47,21
"60QP001839",73,33,40
"60QP001840",80,47,33
"60QP001841",99,62,37
"60QP001842",62,35,27
"60QP001843",61,37,24
"60QP001844",97,57,40
"60QP001845",76,47,29
"60QP001846",89,69,20
"60QP001847",134,79,55
"60QP001848",105,70,35
"60QP001849",132,82,50
"60QP001850",95,59,36
"60QP001851",115,63,52
"60QP001852",80,34,46
"60QP001853",115,67,48
"60QP001854",138,71,67
"60QP001855",106,66,40
"60QP001856",62,43,19
"60QP001857",100,82,18
"60QP001858",51,42,9
"60QP001859",72,43,29
"60QP001860",87,59,28
"60QP001861",69,45,24
"60QP001862",74,53,21
"60QP001863",82,44,38
"60QP001864",61,43,18
"60QP001865",117,59,58
"60QP001866",80,30,50
"60QP001867",164,53,111
"60QP001868",108,52,56
"60QP001869",53,19,34
"60QP001870",86,35,51
"60QP001871",92,44,48
"60QP001872",90,41,49
"60QP001873",90,32,58
"60QP001874",113,46,67
"60QP001875",116,52,64
"60QP001876",112,67,45
"60QP001877",101,67,34
"60QP001878",104,92,12
"60QP001879",118,96,22
"60QP001880",105,51,54
"60QP001881",92,46,46
"60QP001882",80,45,35
"60QP001883",90,31,59
"60QP001884",93,55,38
"60QP001885",103,43,60
"60QP001886",75,47,28
"60QP001887",91,48,43
"60QP001888",87,38,49
"60QP001889",92,49,43
"60QP001890",91,44,47
"60QP001891",102,52,50
"60QP001892",76,36,40
"60QP001893",144,67,77
"60QP001894",135,61,74
"60QP001895",140,54,86
"60QP001896",66,30,36
"60QP001897",109,34,75
"60QP001898",71,34,37
"60QP001899",72,33,39
"60QP001900",83,46,37
"60QP001901",87,41,46
"60QP001902",89,25,64
"60QP001903",79,29,50
"60QP001904",63,35,28
"60QP001905",97,35,62
"60QP001906",70,40,30
"60QP001907",64,28,36
"60QP001908",69,48,21
"60QP001909",93,52,41
"60QP001910",108,59,49
"60QP001911",85,67,18
"60QP001912",78,38,40
"60QP001913",70,40,30
"60QP001914",74,34,40
"60QP001915",124,55,69
"60QP001916",92,46,46
"60QP001917",86,43,43
"60QP001918",89,43,46
"60QP001919",132,53,79
"60QP001920",123,46,77
"60QP001921",117,47,70
"60QP001922",69,47,22
"60QP001923",80,68,12
"60QP001924",128,108,20
"60QP001925",117,84,33
"60QP001926",89,67,22
"60QP001927",66,15,51
"60QP001928",74,39,35
"60QP001929",86,15,71
"60QP001930",67,28,39
"60QP001931",69,38,31
"60QP001932",78,34,44
"60QP001933",135,74,61
"60QP001934",93,51,42
"60QP001935",106,54,52
"60QP001936",77,46,31
"60QP001937",103,65,38
"60QP001938",92,68,24
"60QP001939",78,66,12
"60QP001940",74,64,10
"60QP001941",80,58,22
"60QP001942",91,56,35
"60QP001943",66,37,29
"60QP001944",121,95,26
"60QP001945",132,84,48
"60QP001946",140,88,52
"60QP001947",83,39,44
"60QP001948",100,36,64
"60QP001949",103,27,76
"60QP001950",99,29,70
"60QP001951",81,16,65
"60QP001952",158,47,111
"60QP001953",133,43,90
"60QP001954",134,45,89
"60QP001955",149,45,104
"60QP001956",121,29,92
"60QP001957",110,25,85
"60QP001958",76,24,52
"60QP001959",108,37,71
"60QP001960",195,131,64
"60QP001961",100,38,62
"60QP001962",86,55,31
"60QP001963",81,46,35
"60QP001964",108,54,54
"60QP001965",106,24,82
"60QP001966",84,22,62
"60QP001967",159,47,112
"60QP001968",170,71,99
"60QP001969",84,23,61
"60QP001970",81,25,56
"60QP001971",81,27,54
"60QP001972",76,24,52
"60QP001973",197,106,91
"60QP001974",84,20,64
"60QP001975",121,36,85
"60QP001976",119,45,74
"60QP001977",63,41,22
"60QP001978",126,68,58
"60QP001979",85,29,56
"60QP001980",101,70,31
"60QP001981",85,31,54
"60QP001982",72,38,34
"60QP001983",121,72,49
"60QP001984",145,56,89
"60QP001985",119,57,62
"60QP001986",73,28,45
"60QP001987",58,36,22
"60QP001988",101,57,44
"60QP001989",81,40,41
"60QP001990",74,42,32
"60QP001991",115,57,58
"60QP001992",134,66,68
"60QP001993",99,32,67
"60QP001994",79,28,51
"60QP001995",124,46,78
"60QP001996",90,27,63
"60QP001997",87,39,48
"60QP001998",100,31,69
"60QP001999",107,35,72
"60QP002000",87,33,54
"60QP002001",146,36,110
"60QP002002",83,19,64
"60QP002003",89,35,54
"60QP002004",72,55,17
"60QP002005",87,40,47
"60QP002006",70,49,21
"60QP002007",99,32,67
"60QP002008",86,34,52
"60QP002009",75,28,47
"60QP002010",115,36,79
"60QP002011",120,68,52
"60QP002012",88,50,38
"60QP002013",111,70,41
"60QP002014",82,40,42
"60QP002015",114,66,48
"60QP002016",60,34,26
"60QP002017",52,25,27
"60QP002018",65,45,20
"60QP002019",156,47,109
"60QP002020",129,72,57
"60QP002021",99,31,68
"60QP002022",112,44,68
"60QP002023",103,48,55
"60QP002024",63,33,30
"60QP002025",133,41,92
"60QP002026",138,45,93
"60QP002027",86,20,66
"60QP002028",150,38,112
"60QP002029",111,31,80
"60QP002030",101,29,72
"60QP002031",93,24,69
"60QP002032",105,33,72
"60QP002033",130,70,60
"60QP002034",63,42,21
"60QP002035",119,54,65
"60QP002036",85,49,36
"60QP002037",94,45,49
"60QP002038",72,33,39
"60QP002039",121,64,57
"60QP002040",109,52,57
"60QP002041",106,58,48
"60QP002042",94,41,53
"60QP002043",81,39,42
"60QP002044",94,49,45
"60QP002045",95,38,57
"60QP002046",118,70,48
"60QP002047",84,38,46
"60QP002048",97,40,57
"60QP002049",98,40,58
"60QP002050",111,55,56
"60QP002051",98,40,58
"60QP002052",67,31,36
"60QP002053",84,24,60
"60QP002054",63,31,32
"60QP002055",95,62,33
"60QP002056",111,33,78
"60QP002057",98,34,64
"60QP002058",80,24,56
"60QP002059",91,52,39
"60QP002060",76,36,40
"60QP002061",103,43,60
"60QP002062",120,31,89
"60QP002063",104,32,72
"60QP002064",82,15,67
"60QP002065",141,54,87
"60QP002066",92,29,63
"60QP002067",88,20,68
"60QP002068",141,33,108
"60QP002069",106,30,76
"60QP002070",112,29,83
"60QP002071",108,28,80
"60QP002072",90,12,78
"60QP002073",82,28,54
"60QP002074",99,36,63
"60QP002075",93,27,66
"60QP002076",137,54,83
"60QP002077",164,60,104
"60QP002078",92,41,51
"60QP002079",90,29,61
"60QP002080",98,23,75
"60QP002081",87,38,49
"60QP002082",123,50,73
"60QP002083",73,37,36
"60QP002084",166,65,101
"60QP002085",141,67,74
"60QP002086",139,62,77
"60QP002087",107,53,54
"60QP002088",99,41,58
"60QP002089",82,29,53
"60QP002090",162,91,71
"60QP002091",97,70,27
"60QP002092",97,63,34
"60QP002093",129,75,54
"60QP002094",164,77,87
"60QP002095",138,59,79
"60QP002096",80,72,8
"60QP002097",85,63,22
"60QP002098",97,28,69
"60QP002099",122,70,52
"60QP002100",145,33,112
"60QP002101",98,25,73
"60QP002102",94,28,66
"60QP002103",69,22,47
"60QP002104",85,40,45
"60QP002105",95,33,62
"60QP002106",107,35,72
"60QP002107",97,21,76
"60QP002108",84,36,48
"60QP002109",98,42,56
"60QP002110",88,35,53
"60QP002111",94,31,63
"60QP002112",101,32,69
"60QP002113",69,62,7
"60QP002114",81,32,49
"60QP002115",86,27,59
"60QP002116",108,34,74
"60QP002117",98,46,52
"60QP002118",104,33,71
"60QP002119",105,29,76
"60QP002120",80,24,56
"60QP002121",107,26,81
"60QP002122",102,21,81
"60QP002123",83,20,63
"60QP002124",152,56,96
"60QP002125",116,29,87
"60QP002126",108,26,82
"60QP002127",367,312,55
"60QP002128",122,33,89
"60QP002129",96,14,82
"60QP002130",107,36,71
"60QP002131",82,40,42
"60QP002132",63,48,15
"60QP002133",62,33,29
"60QP002134",82,11,71
"60QP002135",56,28,28
"60QP002136",107,61,46
"60QP002137",138,80,58
"60QP002138",87,53,34
"60QP002139",73,39,34
"60QP002140",121,70,51
"60QP002141",104,48,56
"60QP002142",67,44,23
"60QP002143",74,48,26
"60QP002144",87,68,19
"60QP002145",77,57,20
"60QP002146",66,36,30
"60QP002147",87,53,34
"60QP002148",71,50,21
"60QP002149",78,54,24
"60QP002150",69,51,18
"60QP002151",109,70,39
"60QP002152",106,4,102
"60QP002153",101,48,53
"60QP002154",55,27,28
"60QP002155",55,27,28
"60QP002156",95,32,63
"60QP002157",121,40,81
"60QP002158",91,52,39
"60QP002159",102,49,53
"60QP002160",102,44,58
"60QP002161",82,29,53
"60QP002162",99,23,76
"60QP002163",78,2,76
"60QP002164",115,65,50
"60QP002165",110,69,41
"60QP002166",97,58,39
"60QP002167",139,78,61
"60QP002168",72,39,33
"60QP002169",119,74,45
"60QP002170",110,55,55
"60QP002171",126,79,47
"60QP002172",115,62,53
"60QP002173",78,44,34
"60QP002174",91,37,54
"60QP002175",75,37,38
"60QP002176",88,59,29
"60QP002177",67,44,23
"60QP002178",41,34,7
"60QP002179",43,37,6
"60QP002180",84,56,28
"60QP002181",75,37,38
"60QP002182",75,38,37
"60QP002183",50,44,6
"60QP002184",67,40,27
"60QP002185",97,65,32
"60QP002186",92,81,11
"60QP002187",118,59,59
"60QP002188",59,41,18
"60QP002189",72,52,20
"60QP002190",66,56,10
"60QP002191",112,52,60
"60QP002192",68,37,31
"60QP002193",75,39,36
"60QP002194",83,47,36
"60QP002195",89,36,53
"60QP002196",94,42,52
"60QP002197",91,53,38
"60QP002198",93,35,58
"60QP002199",91,49,42
"60QP002200",103,50,53
"60QP002201",85,37,48
"60QP002202",73,40,33
"60QP002203",63,36,27
"60QP002204",111,60,51
"60QP002205",139,80,59
"60QP002206",94,58,36
"60QP002207",81,55,26
"60QP002208",67,44,23
"60QP002209",91,54,37
"60QP002210",70,34,36
"60QP002211",89,40,49
"60QP002212",113,30,83
"60QP002213",81,27,54
"60QP002214",105,34,71
"60QP002215",90,19,71
"60QP002216",157,49,108
"60QP002217",91,34,57
"60QP002218",130,45,85
"60QP002219",96,36,60
"60QP002220",94,33,61
"60QP002221",168,65,103
"60QP002222",106,28,78
"60QP002223",72,25,47
"60QP002224",84,21,63
"60QP002225",122,67,55
"60QP002226",107,31,76
"60QP002227",274,173,101
"60QP002228",94,44,50
"60QP002229",111,33,78
"60QP002230",91,60,31
"60QP002231",112,37,75
"60QP002232",79,14,65
"60QP002233",107,27,80
"60QP002234",89,24,65
"60QP002235",76,24,52
"60QP002236",107,37,70
"60QP002237",116,44,72
"60QP002238",116,31,85
"60QP002239",127,33,94
"60QP002240",83,20,63
"60QP002241",132,34,98
"60QP002242",68,28,40
"60QP002243",93,33,60
"60QP002244",75,19,56
"60QP002245",85,29,56
"60QP002246",122,60,62
"60QP002247",50,33,17
"60QP002248",84,39,45
"60QP002249",83,26,57
"60QP002250",80,15,65
"60QP002251",97,25,72
"60QP002252",83,21,62
"60QP002253",86,33,53
"60QP002254",120,55,65
"60QP002255",97,28,69
"60QP002256",103,27,76
"60QP002257",75,21,54
"60QP002258",85,22,63
"60QP002259",102,31,71
"60QP002260",101,23,78
"60QP002261",73,18,55
"60QP002262",123,45,78
"60QP002263",121,57,64
"60QP002264",114,37,77
"60QP002265",102,29,73
"60QP002266",114,30,84
"60QP002267",115,56,59
"60QP002268",101,44,57
"60QP002269",121,40,81
"60QP002270",85,22,63
"60QP002271",87,33,54
"60QP002272",79,35,44
"60QP002273",93,20,73
"60QP002274",47,17,30
"60QP002275",102,36,66
"60QP002276",69,31,38
"60QP002277",114,30,84
"60QP002278",77,33,44
"60QP002279",95,31,64
"60QP002280",83,55,28
"60QP002281",94,28,66
"60QP002282",84,23,61
"60QP002283",103,47,56
"60QP002284",122,57,65
"60QP002285",83,32,51
"60QP002286",74,36,38
"60QP002287",110,55,55
"60QP002288",63,32,31
"60QP002289",97,44,53
"60QP002290",102,64,38
"60QP002291",105,57,48
"60QP002292",79,45,34
"60QP002293",65,41,24
"60QP002294",81,54,27
"60QP002295",95,61,34
"60QP002296",85,57,28
"60QP002297",75,50,25
"60QP002298",100,70,30
"60QP002299",51,36,15
"60QP002300",118,48,70
"60QP002301",72,43,29
"60QP002302",144,53,91
"60QP002303",124,75,49
"60QP002304",90,64,26
"60QP002305",86,56,30
"60QP002306",64,51,13
"60QP002307",54,41,13
"60QP002308",136,80,56
"60QP002309",96,69,27
"60QP002310",80,66,14
"60QP002311",92,60,32
"60QP002312",62,48,14
"60QP002313",82,59,23
"60QP002314",135,87,48
"60QP002315",70,52,18
"60QP002316",157,112,45
"60QP002317",100,48,52
"60QP002318",79,55,24
"60QP002319",107,72,35
"60QP002320",87,72,15
"60QP002321",99,75,24
"60QP002322",61,52,9
"60QP002323",48,38,10
"60QP002324",74,56,18
"60QP002325",69,54,15
"60QP002326",57,44,13
"60QP002327",61,51,10
"60QP002328",123,84,39
"60QP002329",82,68,14
"60QP002330",101,66,35
"60QP002331",84,71,13
"60QP002332",90,65,25
"60QP002333",90,66,24
"60QP002334",74,57,17
"60QP002335",99,62,37
"60QP002336",88,66,22
"60QP002337",48,40,8
"60QP002338",72,53,19
"60QP002339",54,40,14
"60QP002340",106,70,36
"60QP002341",78,48,30
"60QP002342",161,47,114
"60QP002343",131,59,72
"60QP002344",117,54,63
"60QP002345",99,46,53
"60QP002346",153,57,96
"60QP002347",82,53,29
"60QP002348",126,60,66
"60QP002349",120,79,41
"60QP002350",97,35,62
"60QP002351",55,46,9
"60QP002352",73,35,38
"60QP002353",92,27,65
"60QP002354",86,25,61
"60QP002355",100,25,75
"60QP002356",95,23,72
"60QP002357",83,25,58
"60QP002358",101,39,62
"60QP002359",97,43,54
"60QP002360",56,30,26
"60QP002361",59,26,33
"60QP002362",111,39,72
"60QP002363",40,24,16
"60QP002364",96,46,50
"60QP002365",102,46,56
"60QP002366",97,38,59
"60QP002367",56,32,24
"60QP002368",85,51,34
"60QP002369",63,37,26
"60QP002370",109,37,72
"60QP002371",93,24,69
"60QP002372",62,35,27
"60QP002373",94,26,68
"60QP002374",153,44,109
"60QP002375",147,35,112
"60QP002376",101,22,79
"60QP002377",120,43,77
"60QP002378",105,32,73
"60QP002379",103,26,77
"60QP002380",114,40,74
"60QP002381",113,40,73
"60QP002382",115,31,84
"60QP002383",107,44,63
"60QP002384",103,31,72
"60QP002385",109,33,76
"60QP002386",97,22,75
"60QP002387",107,35,72
"60QP002388",185,65,120
"60QP002389",88,15,73
"60QP002390",67,27,40
"60QP002391",36,23,13
"60QP002392",100,61,39
"60QP002393",90,45,45
"60QP002394",71,51,20
"60QP002395",101,82,19
"60QP002396",61,39,22
"60QP002397",74,54,20
"60QP002398",98,75,23
"60QP002399",60,52,8
"60QP002400",44,38,6
"60QP002401",73,50,23
"60QP002402",83,64,19
"60QP002403",67,48,19
"60QP002404",56,36,20
"60QP002405",62,39,23
"60QP002406",104,36,68
"60QP002407",94,30,64
"60QP002408",97,30,67
"60QP002409",92,18,74
"60QP002410",120,51,69
"60QP002411",76,27,49
"60QP002412",45,30,15
"60QP002413",83,42,41
"60QP002414",97,52,45
"60QP002415",78,40,38
"60QP002416",87,47,40
"60QP002417",91,36,55
"60QP002418",75,41,34
"60QP002419",113,36,77
"60QP002420",90,34,56
"60QP002421",92,34,58
"60QP002422",60,18,42
"60QP002423",69,25,44
"60QP002424",115,39,76
"60QP002425",85,45,40
"60QP002426",89,30,59
"60QP002427",134,65,69
"60QP002428",124,47,77
"60QP002429",102,31,71
"60QP002430",91,35,56
"60QP002431",106,35,71
"60QP002432",82,32,50
"60QP002433",101,30,71
"60QP002434",109,32,77
"60QP002435",88,23,65
"60QP002436",117,31,86
"60QP002437",91,38,53
"60QP002438",105,37,68
"60QP002439",152,55,97
"60QP002440",1676,1555,121
"60QP002441",99,27,72
"60QP002442",72,36,36
"60QP002443",140,39,101
"60QP002444",128,32,96
"60QP002445",93,25,68
"60QP002446",128,42,86
"60QP002447",90,27,63
"60QP002448",110,22,88
"60QP002449",87,24,63
"60QP002450",94,26,68
"60QP002451",116,28,88
"60QP002452",85,21,64
"60QP002453",103,35,68
"60QP002454",86,51,35
"60QP002455",72,43,29
"60QP002456",137,57,80
"60QP002457",150,62,88
"60QP002458",91,47,44
"60QP002459",61,33,28
"60QP002460",70,39,31
"60QP002461",121,53,68
"60QP002462",126,37,89
"60QP002463",117,48,69
"60QP002464",100,26,74
"60QP002465",86,36,50
"60QP002466",133,43,90
"60QP002467",79,15,64
"60QP002468",127,45,82
"60QP002469",95,29,66
"60QP002470",83,40,43
"60QP002471",90,39,51
"60QP002472",99,43,56
"60QP002473",161,49,112
"60QP002474",147,50,97
"60QP002475",124,50,74
"60QP002476",134,55,79
"60QP002477",82,42,40
"60QP002478",90,43,47
"60QP002479",90,44,46
"60QP002480",147,73,74
"60QP002481",100,49,51
"60QP002482",101,25,76
"60QP002483",144,38,106
"60QP002484",169,41,128
"60QP002485",114,56,58
"60QP002486",87,26,61
"60QP002487",75,46,29
"60QP002488",143,28,115
"60QP002489",94,23,71
"60QP002490",102,22,80
"60QP002491",90,24,66
"60QP002492",45,21,24
"60QP002493",111,33,78
"60QP002494",148,61,87
"60QP002495",99,41,58
"60QP002496",145,64,81
"60QP002497",116,28,88
"60QP002498",98,26,72
"60QP002499",166,46,120
"60QP002500",140,37,103
"60QP002501",102,32,70
"60QP002502",107,25,82
"60QP002503",81,21,60
"60QP002504",81,32,49
"60QP002505",71,31,40
"60QP002506",86,31,55
"60QP002507",117,38,79
"60QP002508",78,26,52
"60QP002509",90,26,64
"60QP002510",51,25,26
"60QP002511",164,46,118
"60QP002512",136,36,100
"60QP002513",119,51,68
"60QP002514",86,36,50
"60QP002515",129,53,76
"60QP002516",89,59,30
"60QP002517",55,38,17
"60QP002518",104,62,42
"60QP002519",75,40,35
"60QP002520",85,35,50
"60QP002521",98,40,58
"60QP002522",65,40,25
"60QP002523",72,47,25
"60QP002524",72,54,18
"60QP002525",90,66,24
"60QP002526",90,74,16
"60QP002527",71,50,21
"60QP002528",84,43,41
"60QP002529",107,87,20
"60QP002530",73,47,26
"60QP002531",71,60,11
"60QP002532",83,42,41
"60QP002533",60,56,4
"60QP002534",123,62,61
"60QP002535",71,56,15
"60QP002536",85,55,30
"60QP002537",140,96,44
"60QP002538",92,56,36
"60QP002539",84,29,55
"60QP002540",93,33,60
"60QP002541",45,13,32
"60QP002542",72,16,56
"60QP002543",126,40,86
"60QP002544",120,46,74
"60QP002545",88,32,56
"60QP002546",78,55,23
"60QP002547",133,55,78
"60QP002548",137,64,73
"60QP002549",123,68,55
"60QP002550",174,118,56
"60QP002551",123,61,62
"60QP002552",136,76,60
"60QP002553",104,49,55
"60QP002554",99,42,57
"60QP002555",87,47,40
"60QP002556",82,34,48
"60QP002557",119,43,76
"60QP002558",77,23,54
"60QP002559",85,53,32
"60QP002560",107,64,43
"60QP002561",83,26,57
"60QP002562",80,24,56
"60QP002563",87,29,58
"60QP002564",139,65,74
"60QP002565",110,48,62
"60QP002566",78,44,34
"60QP002567",64,38,26
"60QP002568",76,37,39
"60QP002569",82,36,46
"60QP002570",63,33,30
"60QP002571",121,41,80
"60QP002572",141,43,98
"60QP002573",128,56,72
"60QP002574",92,34,58
"60QP002575",102,47,55
"60QP002576",98,50,48
"60QP002577",120,50,70
"60QP002578",83,47,36
"60QP002579",70,39,31
"60QP002580",102,68,34
"60QP002581",102,76,26
"60QP002582",106,57,49
"60QP002583",72,14,58
"60QP002584",67,39,28
"60QP002585",82,40,42
"60QP002586",106,54,52
"60QP002587",81,32,49
"60QP002588",74,22,52
"60QP002589",74,49,25
"60QP002590",92,63,29
"60QP002591",100,40,60
"60QP002592",144,80,64
"60QP002593",59,53,6
"60QP002594",109,63,46
"60QP002595",93,51,42
"60QP002596",126,74,52
"60QP002597",63,49,14
"60QP002598",60,52,8
"60QP002599",69,41,28
"60QP002600",90,51,39
"60QP002601",125,40,85
"60QP002602",116,43,73
"60QP002603",120,38,82
"60QP002604",71,44,27
"60QP002605",79,45,34
"60QP002606",99,31,68
"60QP002607",108,36,72
"60QP002608",96,33,63
"60QP002609",81,36,45
"60QP002610",91,47,44
"60QP002611",98,34,64
"60QP002612",64,36,28
"60QP002613",75,57,18
"60QP002614",71,50,21
"60QP002615",71,39,32
"60QP002616",111,78,33
"60QP002617",57,44,13
"60QP002618",81,64,17
"60QP002619",35,28,7
"60QP002620",75,43,32
"60QP002621",109,73,36
"60QP002622",122,85,37
"60QP002623",128,74,54
"60QP002624",122,54,68
"60QP002625",54,44,10
"60QP002626",128,65,63
"60QP002627",86,31,55
"60QP002628",103,57,46
"60QP002629",84,43,41
"60QP002630",97,56,41
"60QP002631",111,62,49
"60QP002632",87,47,40
"60QP002633",47,26,21
"60QP002634",77,53,24
"60QP002635",83,68,15
"60QP002636",90,67,23
"60QP002637",85,58,27
"60QP002638",118,76,42
"60QP002639",116,65,51
"60QP002640",92,45,47
"60QP002641",74,61,13
"60QP002642",65,54,11
"60QP002643",66,60,6
"60QP002644",68,58,10
"60QP002645",90,59,31
"60QP002646",113,93,20
"60QP002647",154,82,72
"60QP002648",85,61,24
"60QP002649",73,60,13
"60QP002650",122,86,36
"60QP002651",93,76,17
"60QP002652",84,56,28
"60QP002653",81,67,14
"60QP002654",73,61,12
"60QP002655",139,39,100
"60QP002656",83,41,42
"60QP002657",95,44,51
"60QP002658",86,45,41
"60QP002659",65,37,28
"60QP002660",72,48,24
"60QP002661",121,79,42
"60QP002662",139,75,64
"60QP002663",74,42,32
"60QP002664",88,44,44
"60QP002665",75,33,42
"60QP002666",117,63,54
"60QP002667",56,35,21
"60QP002668",111,59,52
"60QP002669",105,71,34
"60QP002670",91,52,39
"60QP002671",94,34,60
"60QP002672",106,58,48
"60QP002673",77,41,36
"60QP002674",131,46,85
"60QP002675",168,81,87
"60QP002676",64,28,36
"60QP002677",68,20,48
"60QP002678",115,44,71
"60QP002679",127,46,81
"60QP002680",98,28,70
"60QP002681",96,46,50
"60QP002682",122,36,86
"60QP002683",183,95,88
"60QP002684",142,97,45
"60QP002685",83,68,15
"60QP002686",86,38,48
"60QP002687",130,98,32
"60QP002688",133,111,22
"60QP002689",127,83,44
"60QP002690",102,48,54
"60QP002691",76,54,22
"60QP002692",93,70,23
"60QP002693",54,37,17
"60QP002694",79,47,32
"60QP002695",67,47,20
"60QP002696",52,42,10
"60QP002697",59,46,13
"60QP002698",122,82,40
"60QP002699",96,36,60
"60QP002700",84,19,65
"60QP002701",83,35,48
"60QP002702",87,57,30
"60QP002703",148,117,31
"60QP002704",92,59,33
"60QP002705",105,34,71
"60QP002706",98,42,56
"60QP002707",80,30,50
"60QP002708",114,92,22
"60QP002709",105,67,38
"60QP002710",93,42,51
"60QP002711",2051,1998,53
"60QP002712",116,93,23
"60QP002713",98,74,24
"60QP002714",135,114,21
"60QP002715",68,54,14
"60QP002716",105,76,29
"60QP002717",95,83,12
"60QP002718",91,40,51
"60QP002719",97,39,58
"60QP002720",84,42,42
"60QP002721",75,27,48
"60QP002722",73,36,37
"60QP002723",135,63,72
"60QP002724",58,33,25
"60QP002725",75,33,42
"60QP002726",121,76,45
"60QP002727",128,43,85
"60QP002728",95,25,70
"60QP002729",83,31,52
"60QP002730",75,53,22
"60QP002731",49,32,17
"60QP002732",140,76,64
"60QP002733",115,62,53
"60QP002734",160,102,58
"60QP002735",99,54,45
"60QP002736",97,62,35
"60QP002737",100,60,40
"60QP002738",103,49,54
"60QP002739",70,46,24
"60QP002740",76,43,33
"60QP002741",98,87,11
"60QP002742",50,37,13
"60QP002743",76,49,27
"60QP002744",102,54,48
"60QP002745",83,43,40
"60QP002746",86,68,18
"60QP002747",107,59,48
"60QP002748",73,48,25
"60QP002749",107,30,77
"60QP002750",62,33,29
"60QP002751",66,23,43
"60QP002752",140,54,86
"60QP002753",70,39,31
"60QP002754",82,60,22
"60QP002755",102,42,60
"60QP002756",105,53,52
"60QP002757",114,37,77
"60QP002758",107,22,85
"60QP002759",86,22,64
"60QP002760",105,26,79
"60QP002761",103,23,80
"60QP002762",81,22,59
"60QP002763",117,28,89
"60QP002764",102,45,57
"60QP002765",70,26,44
"60QP002766",124,64,60
"60QP002767",178,97,81
"60QP002768",81,35,46
"60QP002769",81,20,61
"60QP002770",79,27,52
"60QP002771",73,34,39
"60QP002772",104,74,30
"60QP002773",85,52,33
"60QP002774",96,35,61
"60QP002775",95,60,35
"60QP002776",108,44,64
"60QP002777",73,35,38
"60QP002778",96,49,47
"60QP002779",101,63,38
"60QP002780",65,34,31
"60QP002781",107,62,45
"60QP002782",81,43,38
"60QP002783",94,56,38
"60QP002784",157,65,92
"60QP002785",126,88,38
"60QP002786",73,35,38
"60QP002787",82,43,39
"60QP002788",85,37,48
"60QP002789",93,53,40
"60QP002790",52,30,22
"60QP002791",96,49,47
"60QP002792",109,77,32
"60QP002793",101,69,32
"60QP002794",71,34,37
"60QP002795",99,29,70
"60QP002796",148,41,107
"60QP002797",79,64,15
"60QP002798",159,46,113
"60QP002799",129,53,76
"60QP002800",125,56,69
"60QP002801",95,34,61
"60QP002802",88,41,47
"60QP002803",75,24,51
"60QP002804",180,91,89
"60QP002805",97,44,53
"60QP002806",121,60,61
"60QP002807",90,51,39
"60QP002808",99,84,15
"60QP002809",106,78,28
"60QP002810",88,44,44
"60QP002811",57,45,12
"60QP002812",98,75,23
"60QP002813",45,36,9
"60QP002814",106,89,17
"60QP002815",115,43,72
"60QP002816",80,44,36
"60QP002817",88,54,34
"60QP002818",108,63,45
"60QP002819",126,73,53
"60QP002820",102,44,58
"60QP002821",64,35,29
"60QP002822",142,97,45
"60QP002823",78,38,40
"60QP002824",87,44,43
"60QP002825",106,52,54
"60QP002826",112,68,44
"60QP002827",114,66,48
"60QP002828",99,45,54
"60QP002829",78,47,31
"60QP002830",87,50,37
"60QP002831",70,45,25
"60QP002832",74,51,23
"60QP002833",48,34,14
"60QP002834",84,39,45
"60QP002835",70,27,43
"60QP002836",86,36,50
"60QP002837",65,37,28
"60QP002838",72,45,27
"60QP002839",94,50,44
"60QP002840",98,33,65
"60QP002841",70,43,27
"60QP002842",82,38,44
"60QP002843",95,56,39
"60QP002844",95,55,40
"60QP002845",95,24,71
"60QP002846",115,58,57
"60QP002847",97,40,57
"60QP002848",96,52,44
"60QP002849",125,60,65
"60QP002850",92,32,60
"60QP002851",86,49,37
"60QP002852",98,55,43
"60QP002853",132,75,57
"60QP002854",55,25,30
"60QP002855",100,58,42
"60QP002856",101,54,47
"60QP002857",95,68,27
"60QP002858",41,33,8
"60QP002859",78,54,24
"60QP002860",90,31,59
"60QP002861",76,28,48
"60QP002862",127,86,41
"60QP002863",72,50,22
"60QP002864",77,50,27
"60QP002865",78,56,22
"60QP002866",79,44,35
"60QP002867",53,38,15
"60QP002868",76,42,34
"60QP002869",91,46,45
"60QP002870",66,51,15
"60QP002871",132,60,72
"60QP002872",85,30,55
"60QP002873",109,40,69
"60QP002874",95,65,30
"60QP002875",72,57,15
"60QP002876",165,106,59
"60QP002877",66,46,20
"60QP002878",67,49,18
"60QP002879",65,44,21
"60QP002880",68,53,15
"60QP002881",65,48,17
"60QP002882",97,77,20
"60QP002883",106,60,46
"60QP002884",76,50,26
"60QP002885",87,59,28
"60QP002886",76,48,28
"60QP002887",99,50,49
"60QP002888",98,54,44
"60QP002889",110,55,55
"60QP002890",115,63,52
"60QP002891",103,57,46
"60QP002892",96,52,44
"60QP002893",101,42,59
"60QP002894",107,59,48
"60QP002895",77,40,37
"60QP002896",121,68,53
"60QP002897",122,68,54
"60QP002898",98,30,68
"60QP002899",109,35,74
"60QP002900",77,41,36
"60QP002901",67,36,31
"60QP002902",77,39,38
"60QP002903",126,63,63
"60QP002904",123,40,83
"60QP002905",148,78,70
"60QP002906",83,42,41
"60QP002907",71,35,36
"60QP002908",127,65,62
"60QP002909",131,65,66
"60QP002910",132,54,78
"60QP002911",141,65,76
"60QP002912",90,64,26
"60QP002913",90,48,42
"60QP002914",137,84,53
"60QP002915",109,57,52
"60QP002916",109,50,59
"60QP002917",83,39,44
"60QP002918",71,43,28
"60QP002919",116,52,64
"60QP002920",129,43,86
"60QP002921",73,37,36
"60QP002922",87,53,34
"60QP002923",154,40,114
"60QP002924",131,37,94
"60QP002925",85,23,62
"60QP002926",94,28,66
"60QP002927",97,29,68
"60QP002928",148,53,95
"60QP002929",124,73,51
"60QP002930",87,56,31
"60QP002931",95,53,42
"60QP002932",129,63,66
"60QP002933",150,57,93
"60QP002934",127,61,66
"60QP002935",102,34,68
"60QP002936",100,12,88
"60QP002937",143,45,98
"60QP002938",146,40,106
"60QP002939",112,37,75
"60QP002940",100,28,72
"60QP002941",120,40,80
"60QP002942",171,43,128
"60QP002943",146,54,92
"60QP002944",121,39,82
"60QP002945",89,29,60
"60QP002946",139,39,100
"60QP002947",72,62,10
"60QP002948",104,46,58
"60QP002949",122,48,74
"60QP002950",130,44,86
"60QP002951",128,54,74
"60QP002952",129,48,81
"60QP002953",111,39,72
"60QP002954",96,50,46
"60QP002955",105,71,34
"60QP002956",96,64,32
"60QP002957",124,24,100
"60QP002958",98,67,31
"60QP002959",142,68,74
"60QP002960",116,56,60
"60QP002961",150,70,80
"60QP002962",96,42,54
"60QP002963",135,69,66
"60QP002964",118,54,64
"60QP002965",139,46,93
"60QP002966",88,35,53
"60QP002967",146,55,91
"60QP002968",119,52,67
"60QP002969",106,52,54
"60QP002970",98,47,51
"60QP002971",104,52,52
"60QP002972",139,48,91
"60QP002973",90,22,68
"60QP002974",107,69,38
"60QP002975",49,41,8
"60QP002976",85,39,46
"60QP002977",86,64,22
"60QP002978",85,45,40
"60QP002979",83,71,12
"60QP002980",51,26,25
"60QP002981",87,72,15
"60QP002982",80,62,18
"60QP002983",82,48,34
"60QP002984",73,57,16
"60QP002985",104,84,20
"60QP002986",79,63,16
"60QP002987",82,68,14
"60QP002988",116,91,25
"60QP002989",125,79,46
"60QP002990",53,39,14
"60QP002991",52,49,3
"60QP002992",84,56,28
"60QP002993",41,29,12
"60QP002994",134,101,33
"60QP002995",66,55,11
"60QP002996",86,68,18
"60QP002997",76,66,10
"60QP002998",118,93,25
"60QP002999",82,62,20
"60QP003000",51,40,11
"60QP003001",69,58,11
"60QP003002",103,85,18
"60QP003003",69,63,6
"60QP003004",128,113,15
"60QP003005",84,50,34
"60QP003006",68,21,47
"60QP003007",77,37,40
"60QP003008",64,14,50
"60QP003009",52,17,35
"60QP003010",77,26,51
"60QP003011",91,29,62
"60QP003012",70,31,39
"60QP003013",84,63,21
"60QP003014",55,42,13
"60QP003015",78,64,14
"60QP003016",69,17,52
"60QP003017",94,43,51
"60QP003018",54,46,8
"60QP003019",76,70,6
"60QP003020",59,56,3
"60QP003021",40,15,25
"60QP003022",71,22,49
"60QP003023",112,86,26
"60QP003024",111,31,80
"60QP003025",87,25,62
"60QP003026",52,24,28
"60QP003027",96,78,18
"60QP003028",80,54,26
"60QP003029",61,33,28
"60QP003030",48,36,12
"60QP003031",48,38,10
"60QP003032",65,54,11
"60QP003033",58,55,3
"60QP003034",77,51,26
"60QP003035",52,37,15
"60QP003036",48,27,21
"60QP003037",105,53,52
"60QP003038",57,31,26
"60QP003039",71,47,24
"60QP003040",111,90,21
"60QP003041",62,32,30
"60QP003042",82,40,42
"60QP003043",92,50,42
"60QP003044",49,33,16
"60QP003045",73,23,50
"60QP003046",87,22,65
"60QP003047",64,48,16
"60QP003048",52,38,14
"60QP003049",64,30,34
"60QP003050",86,28,58
"60QP003051",46,12,34
"60QP003052",42,6,36
"60QP003053",68,46,22
"60QP003054",71,22,49
"60QP003055",69,46,23
"60QP003056",55,33,22
"60QP003057",73,15,58
"60QP003058",59,17,42
"60QP003059",56,19,37
"60QP003060",117,29,88
"60QP003061",44,8,36
"60QP003062",60,13,47
"60QP003063",62,12,50
"60QP003064",44,9,35
"60QP003065",151,54,97
"60QP003066",45,29,16
"60QP003067",69,51,18
"60QP003068",58,38,20
"60QP003069",52,35,17
"60QP003070",66,28,38
"60QP003071",108,42,66
"60QP003072",53,37,16
"60QP003073",91,58,33
"60QP003074",77,19,58
"60QP003075",81,29,52
"60QP003076",92,44,48
"60QP003077",58,30,28
"60QP003078",57,27,30
"60QP003079",71,13,58
"60QP003080",51,13,38
"60QP003081",68,47,21
"60QP003082",109,45,64
"60QP003083",46,25,21
"60QP003084",94,50,44
"60QP003085",48,27,21
"60QP003086",55,22,33
"60QP003087",89,44,45
"60QP003088",58,28,30
"60QP003089",98,41,57
"60QP003090",143,52,91
"60QP003091",40,11,29
"60QP003092",50,43,7
"60QP003093",100,68,32
"60QP003094",80,52,28
"60QP003095",74,59,15
"60QP003096",61,43,18
"60QP003097",55,47,8
"60QP003098",74,56,18
"60QP003099",82,56,26
"60QP003100",70,38,32
"60QP003101",60,49,11
"60QP003102",69,51,18
"60QP003103",42,37,5
"60QP003104",103,48,55
"60QP003105",68,22,46
"60QP003106",80,72,8
"60QP003107",110,46,64
"60QP003108",56,32,24
"60QP003109",56,29,27
"60QP003110",58,40,18
"60QP003111",114,61,53
"60QP003112",62,52,10
"60QP003113",155,112,43
"60QP003114",49,19,30
"60QP003115",43,13,30
"60QP003116",64,30,34
"60QP003117",104,53,51
"60QP003118",92,50,42
"60QP003119",80,40,40
"60QP003120",98,51,47
"60QP003121",80,28,52
"60QP003122",91,31,60
"60QP003123",62,28,34
"60QP003124",51,29,22
"60QP003125",62,20,42
"60QP003126",72,36,36
"60QP003127",48,22,26
"60QP003128",48,23,25
"60QP003129",86,35,51
"60QP003130",66,40,26
"60QP003131",76,30,46
"60QP003132",97,32,65
"60QP003133",98,42,56
"60QP003134",72,54,18
"60QP003135",104,72,32
"60QP003136",72,57,15
"60QP003137",51,27,24
"60QP003138",89,57,32
"60QP003139",59,34,25
"60QP003140",40,18,22
"60QP003141",48,17,31
"60QP003142",63,19,44
"60QP003143",167,72,95
"60QP003144",83,38,45
"60QP003145",53,25,28
"60QP003146",55,40,15
"60QP003147",73,67,6
"60QP003148",84,52,32
"60QP003149",66,59,7
"60QP003150",64,55,9
"60QP003151",64,55,9
"60QP003152",122,68,54
"60QP003153",47,20,27
"60QP003154",73,41,32
"60QP003155",97,30,67
"60QP003156",89,27,62
"60QP003157",44,12,32
"60QP003158",42,14,28
"60QP003159",81,3,78
"60QP003160",88,19,69
"60QP003161",52,14,38
"60QP003162",90,62,28
"60QP003163",66,31,35
"60QP003164",82,45,37
"60QP003165",47,17,30
"60QP003166",82,34,48
"60QP003167",79,25,54
"60QP003168",74,28,46
"60QP003169",102,25,77
"60QP003170",58,30,28
"60QP003171",42,15,27
"60QP003172",108,102,6
"60QP003173",67,35,32
"60QP003174",94,42,52
"60QP003175",120,56,64
"60QP003176",148,98,50
"60QP003177",77,21,56
"60QP003178",82,59,23
"60QP003179",63,28,35
"60QP003180",56,52,4
"60QP003181",67,52,15
"60QP003182",59,51,8
"60QP003183",61,43,18
"60QP003184",79,71,8
"60QP003185",46,27,19
"60QP003186",129,84,45
"60QP003187",65,29,36
"60QP003188",56,37,19
"60QP003189",52,50,2
"60QP003190",96,86,10
"60QP003191",96,81,15
"60QP003192",125,105,20
"60QP003193",62,50,12
"60QP003194",130,106,24
"60QP003195",160,138,22
"60QP003196",69,25,44
"60QP003197",69,23,46
"60QP003198",49,26,23
"60QP003199",90,57,33
"60QP003200",63,48,15
"60QP003201",61,47,14
"60QP003202",85,59,26
"60QP003203",56,23,33
"60QP003204",110,43,67
"60QP003205",54,17,37
"60QP003206",54,32,22
"60QP003207",68,58,10
"60QP003208",54,40,14
"60QP003209",94,70,24
"60QP003210",60,52,8
"60QP003211",58,43,15
"60QP003212",91,76,15
"60QP003213",76,62,14
"60QP003214",61,40,21
"60QP003215",64,61,3
"60QP003216",66,52,14
"60QP003217",94,61,33
"60QP003218",64,52,12
"60QP003219",84,61,23
"60QP003220",80,55,25
"60QP003221",55,41,14
"60QP003222",56,46,10
"60QP003223",65,50,15
"60QP003224",81,61,20
"60QP003225",48,38,10
"60QP003226",119,91,28
"60QP003227",55,42,13
"60QP003228",86,78,8
"60QP003229",72,64,8
"60QP003230",85,61,24
"60QP003231",59,32,27
"60QP003232",50,36,14
"60QP003233",72,37,35
"60QP003234",56,34,22
"60QP003235",81,34,47
"60QP003236",92,57,35
"60QP003237",42,31,11
"60QP003238",50,38,12
"60QP003239",89,63,26
"60QP003240",47,43,4
"60QP003241",57,49,8
"60QP003242",48,43,5
"60QP003243",90,81,9
"60QP003244",67,58,9
"60QP003245",91,79,12
"60QP003246",110,98,12
"60QP003247",92,82,10
"60QP003248",46,36,10
"60QP003249",94,66,28
"60QP003250",80,66,14
"60QP003251",79,58,21
"60QP003252",63,46,17
"60QP003253",82,65,17
"60QP003254",121,102,19
"60QP003255",58,39,19
"60QP003256",72,65,7
"60QP003257",61,51,10
"60QP003258",53,46,7
"60QP003259",55,50,5
"60QP003260",78,67,11
"60QP003261",79,62,17
"60QP003262",58,48,10
"60QP003263",60,51,9
"60QP003264",52,45,7
"60QP003265",75,66,9
"60QP003266",58,45,13
"60QP003267",59,44,15
"60QP003268",86,72,14
"60QP003269",52,50,2
"60QP003270",80,73,7
"60QP003271",52,48,4
"60QP003272",75,54,21
"60QP003273",73,55,18
"60QP003274",52,39,13
"60QP003275",71,47,24
"60QP003276",64,56,8
"60QP003277",61,55,6
"60QP003278",57,47,10
"60QP003279",58,56,2
"60QP003280",60,44,16
"60QP003281",101,91,10
"60QP003282",49,42,7
"60QP003283",87,48,39
"60QP003284",70,20,50
"60QP003285",93,36,57
"60QP003286",114,54,60
"60QP003287",94,46,48
"60QP003288",58,35,23
"60QP003289",80,43,37
"60QP003290",53,36,17
"60QP003291",93,58,35
"60QP003292",52,25,27
"60QP003293",118,75,43
"60QP003294",85,58,27
"60QP003295",57,39,18
"60QP003296",95,61,34
"60QP003297",51,23,28
"60QP003298",113,44,69
"60QP003299",63,17,46
"60QP003300",68,52,16
"60QP003301",104,80,24
"60QP003302",113,33,80
"60QP003303",115,27,88
"60QP003304",86,52,34
"60QP003305",58,18,40
"60QP003306",45,43,2
"60QP003307",58,48,10
"60QP003308",83,25,58
"60QP003309",74,27,47
"60QP003310",57,15,42
"60QP003311",117,27,90
"60QP003312",79,57,22
"60QP003313",114,31,83
"60QP003314",41,19,22
"60QP003315",123,62,61
"60QP003316",80,57,23
"60QP003317",51,49,2
"60QP003318",54,52,2
"60QP003319",63,55,8
"60QP003320",64,12,52
"60QP003321",123,53,70
"60QP003322",76,20,56
"60QP003323",85,28,57
"60QP003324",111,42,69
"60QP003325",67,13,54
"60QP003326",107,45,62
"60QP003327",57,7,50
"60QP003328",265,246,19
"60QP003329",77,59,18
"60QP003330",110,107,3
"60QP003331",208,208,0
"60QP003332",58,48,10
"60QP003333",117,78,39
"60QP003334",123,118,5
"60QP003335",99,83,16
"60QP003336",53,45,8
"60QP003337",155,148,7
"60QP003338",107,101,6
"60QP003339",95,61,34
"60QP003340",123,97,26
"60QP003341",89,82,7
"60QP003342",64,50,14
"60QP003343",98,85,13
"60QP003344",88,73,15
"60QP003345",73,73,0
"60QP003346",63,47,16
"60QP003347",46,35,11
"60QP003348",81,63,18
"60QP003349",141,112,29
"60QP003350",55,37,18
"60QP003351",109,75,34
"60QP003352",84,71,13
"60QP003353",64,36,28
"60QP003354",83,49,34
"60QP003355",82,57,25
"60QP003356",64,47,17
"60QP003357",127,88,39
"60QP003358",116,87,29
"60QP003359",83,44,39
"60QP003360",85,68,17
"60QP003361",69,59,10
"60QP003362",76,42,34
"60QP003363",98,69,29
"60QP003364",177,101,76
"60QP003365",100,82,18
"60QP003366",119,98,21
"60QP003367",94,86,8
"60QP003368",88,73,15
"60QP003369",131,121,10
"60QP003370",66,51,15
"60QP003371",58,50,8
"60QP003372",114,94,20
"60QP003373",134,119,15
"60QP003374",289,281,8
"60QP003375",88,67,21
"60QP003376",90,82,8
"60QP003377",105,99,6
"60QP003378",138,107,31
"60QP003379",144,123,21
"60QP003380",59,47,12
"60QP003381",103,75,28
"60QP003382",95,83,12
"60QP003383",59,51,8
"60QP003384",117,102,15
"60QP003385",77,68,9
"60QP003386",184,171,13
"60QP003387",216,216,0
"60QP003388",69,50,19
"60QP003389",77,60,17
"60QP003390",84,51,33
"60QP003391",64,44,20
"60QP003392",140,108,32
"60QP003393",48,36,12
"60QP003394",69,51,18
"60QP003395",65,49,16
"60QP003396",58,43,15
"60QP003397",107,89,18
"60QP003398",63,25,38
"60QP003399",84,65,19
"60QP003400",89,45,44
"60QP003401",83,53,30
"60QP003402",79,53,26
"60QP003403",86,75,11
"60QP003404",74,64,10
"60QP003405",116,65,51
"60QP003406",49,36,13
"60QP003407",79,34,45
"60QP003408",116,54,62
"60QP003409",57,24,33
"60QP003410",107,27,80
"60QP003411",92,55,37
"60QP003412",99,62,37
"60QP003413",116,87,29
"60QP003414",42,29,13
"60QP003415",84,76,8
"60QP003416",44,38,6
"60QP003417",57,44,13
"60QP003418",86,59,27
"60QP003419",82,42,40
"60QP003420",102,55,47
"60QP003421",108,79,29
"60QP003422",48,34,14
"60QP003423",80,37,43
"60QP003424",90,57,33
"60QP003425",108,43,65
"60QP003426",119,62,57
"60QP003427",86,50,36
"60QP003428",116,41,75
"60QP003429",84,28,56
"60QP003430",80,51,29
"60QP003431",93,49,44
"60QP003432",78,30,48
"60QP003433",54,42,12
"60QP003434",65,47,18
"60QP003435",91,52,39
"60QP003436",120,92,28
"60QP003437",51,46,5
"60QP003438",80,40,40
"60QP003439",61,43,18
"60QP003440",73,40,33
"60QP003441",56,42,14
"60QP003442",59,44,15
"60QP003443",136,87,49
"60QP003444",64,36,28
"60QP003445",90,48,42
"60QP003446",130,80,50
"60QP003447",171,90,81
"60QP003448",70,52,18
"60QP003449",55,43,12
"60QP003450",103,63,40
"60QP003451",52,26,26
"60QP003452",87,52,35
"60QP003453",66,52,14
"60QP003454",84,57,27
"60QP003455",92,76,16
"60QP003456",82,62,20
"60QP003457",47,33,14
"60QP003458",135,84,51
"60QP003459",60,56,4
"60QP003460",68,32,36
"60QP003461",58,44,14
"60QP003462",79,70,9
"60QP003463",110,85,25
"60QP003464",80,57,23
"60QP003465",50,25,25
"60QP003466",107,87,20
"60QP003467",97,78,19
"60QP003468",65,50,15
"60QP003469",48,46,2
"60QP003470",69,46,23
"60QP003471",145,104,41
"60QP003472",89,45,44
"60QP003473",87,65,22
"60QP003474",76,56,20
"60QP003475",118,104,14
"60QP003476",66,48,18
"60QP003477",115,97,18
"60QP003478",60,55,5
"60QP003479",74,58,16
"60QP003480",96,77,19
"60QP003481",81,76,5
"60QP003482",95,64,31
"60QP003483",62,47,15
"60QP003484",52,44,8
"60QP003485",77,51,26
"60QP003486",84,61,23
"60QP003487",176,132,44
"60QP003488",67,46,21
"60QP003489",108,79,29
"60QP003490",120,88,32
"60QP003491",80,61,19
"60QP003492",83,69,14
"60QP003493",86,73,13
"60QP003494",77,66,11
"60QP003495",84,60,24
"60QP003496",93,63,30
"60QP003497",68,45,23
"60QP003498",59,45,14
"60QP003499",145,96,49
"60QP003500",145,130,15
"60QP003501",107,91,16
"60QP003502",58,26,32
"60QP003503",51,43,8
"60QP003504",107,76,31
"60QP003505",63,39,24
"60QP003506",64,40,24
"60QP003507",117,59,58
"60QP003508",115,38,77
"60QP003509",105,60,45
"60QP003510",98,41,57
"60QP003511",70,58,12
"60QP003512",92,64,28
"60QP003513",70,54,16
"60QP003514",79,45,34
"60QP003515",93,55,38
"60QP003516",64,50,14
"60QP003517",105,70,35
"60QP003518",132,102,30
"60QP003519",53,38,15
"60QP003520",96,73,23
"60QP003521",56,44,12
"60QP003522",177,124,53
"60QP003523",102,61,41
"60QP003524",109,75,34
"60QP003525",54,26,28
"60QP003526",149,118,31
"60QP003527",129,111,18
"60QP003528",64,52,12
"60QP003529",57,38,19
"60QP003530",72,60,12
"60QP003531",64,54,10
"60QP003532",65,54,11
"60QP003533",51,48,3
"60QP003534",129,99,30
"60QP003535",64,45,19
"60QP003536",68,64,4
"60QP003537",95,77,18
"60QP003538",70,62,8
"60QP003539",57,53,4
"60QP003540",67,55,12
"60QP003541",148,125,23
"60QP003542",104,96,8
"60QP003543",59,49,10
"60QP003544",79,67,12
"60QP003545",114,82,32
"60QP003546",123,80,43
"60QP003547",85,63,22
"60QP003548",53,12,41
"60QP003549",104,68,36
"60QP003550",48,40,8
"60QP003551",133,91,42
"60QP003552",96,62,34
"60QP003553",56,40,16
"60QP003554",70,49,21
"60QP003555",105,67,38
"60QP003556",99,51,48
"60QP003557",41,28,13
"60QP003558",62,22,40
"60QP003559",87,60,27
"60QP003560",49,18,31
"60QP003561",79,52,27
"60QP003562",102,76,26
"60QP003563",54,38,16
"60QP003564",85,20,65
"60QP003565",54,33,21
"60QP003566",137,104,33
"60QP003567",126,73,53
"60QP003568",113,58,55
"60QP003569",45,30,15
"60QP003570",95,59,36
"60QP003571",123,72,51
"60QP003572",108,46,62
"60QP003573",56,12,44
"60QP003574",112,46,66
"60QP003575",112,81,31
"60QP003576",83,67,16
"60QP003577",95,74,21
"60QP003578",73,64,9
"60QP003579",70,41,29
"60QP003580",161,146,15
"60QP003581",66,33,33
"60QP003582",173,136,37
"60QP003583",94,75,19
"60QP003584",90,68,22
"60QP003585",96,78,18
"60QP003586",57,34,23
"60QP003587",198,190,8
"60QP003588",72,64,8
"60QP003589",116,109,7
"60QP003590",211,209,2
"60QP003591",142,123,19
"60QP003592",108,98,10
"60QP003593",59,57,2
"60QP003594",95,77,18
"60QP003595",58,48,10
"60QP003596",65,57,8
"60QP003597",133,101,32
"60QP003598",78,51,27
"60QP003599",79,60,19
"60QP003600",178,178,0
"60QP003601",107,100,7
"60QP003602",105,68,37
"60QP003603",46,25,21
"60QP003604",154,144,10
"60QP003605",113,102,11
"60QP003606",123,107,16
"60QP003607",53,49,4
"60QP003608",77,64,13
"60QP003609",64,29,35
"60QP003610",103,53,50
"60QP003611",130,88,42
"60QP003612",136,129,7
"60QP003613",82,70,12
"60QP003614",92,90,2
"60QP003615",149,132,17
"60QP003616",84,29,55
"60QP003617",86,56,30
"60QP003618",71,56,15
"60QP003619",113,76,37
"60QP003620",69,49,20
"60QP003621",93,83,10
"60QP003622",129,116,13
"60QP003623",106,18,88
"60QP003624",67,45,22
"60QP003625",83,66,17
"60QP003626",60,40,20
"60QP003627",151,97,54
"60QP003628",63,19,44
"60QP003629",55,27,28
"60QP003630",148,62,86
"60QP003631",77,44,33
"60QP003632",59,38,21
"60QP003633",92,54,38
"60QP003634",101,72,29
"60QP003635",54,27,27
"60QP003636",67,41,26
"60QP003637",53,41,12
"60QP003638",96,62,34
"60QP003639",99,57,42
"60QP003640",67,35,32
"60QP003641",119,97,22
"60QP003642",62,44,18
"60QP003643",156,131,25
"60QP003644",73,57,16
"60QP003645",124,44,80
"60QP003646",127,55,72
"60QP003647",93,29,64
"60QP003648",134,83,51
"60QP003649",63,44,19
"60QP003650",124,76,48
"60QP003651",60,40,20
"60QP003652",69,33,36
"60QP003653",68,48,20
"60QP003654",98,32,66
"60QP003655",513,408,105
"60QP003656",95,28,67
"60QP003657",61,37,24
"60QP003658",104,23,81
"60QP003659",81,20,61
"60QP003660",123,34,89
"60QP003661",79,33,46
"60QP003662",101,31,70
"60QP003663",104,28,76
"60QP003664",60,26,34
"60QP003665",89,33,56
"60QP003666",93,49,44
"60QP003667",71,49,22
"60QP003668",141,23,118
"60QP003669",122,24,98
"60QP003670",76,70,6
"60QP003671",99,78,21
"60QP003672",80,66,14
"60QP003673",176,141,35
"60QP003674",90,68,22
"60QP003675",77,65,12
"60QP003676",91,72,19
"60QP003677",86,58,28
"60QP003678",51,34,17
"60QP003679",60,44,16
"60QP003680",193,164,29
"60QP003681",113,82,31
"60QP003682",125,109,16
"60QP003683",96,69,27
"60QP003684",66,54,12
"60QP003685",114,74,40
"60QP003686",149,116,33
"60QP003687",64,62,2
"60QP003688",82,61,21
"60QP003689",49,22,27
"60QP003690",81,59,22
"60QP003691",117,80,37
"60QP003692",69,46,23
"60QP003693",49,35,14
"60QP003694",79,68,11
"60QP003695",107,93,14
"60QP003696",79,64,15
"60QP003697",63,50,13
"60QP003698",46,40,6
"60QP003699",82,74,8
"60QP003700",55,46,9
"60QP003701",89,68,21
"60QP003702",75,66,9
"60QP003703",104,88,16
"60QP003704",104,93,11
"60QP003705",55,46,9
"60QP003706",127,99,28
"60QP003707",73,57,16
"60QP003708",137,122,15
"60QP003709",100,82,18
"60QP003710",80,38,42
"60QP003711",127,69,58
"60QP003712",70,60,10
"60QP003713",60,38,22
"60QP003714",85,55,30
"60QP003715",140,99,41
"60QP003716",135,72,63
"60QP003717",50,44,6
"60QP003718",90,46,44
"60QP003719",75,55,20
"60QP003720",67,63,4
"60QP003721",56,52,4
"60QP003722",88,49,39
"60QP003723",83,60,23
"60QP003724",55,40,15
"60QP003725",54,27,27
"60QP003726",98,44,54
"60QP003727",98,24,74
"60QP003728",75,36,39
"60QP003729",88,37,51
"60QP003730",81,35,46
"60QP003731",73,22,51
"60QP003732",89,27,62
"60QP003733",75,47,28
"60QP003734",99,61,38
"60QP003735",52,25,27
"60QP003736",102,63,39
"60QP003737",64,40,24
"60QP003738",105,65,40
"60QP003739",112,80,32
"60QP003740",105,72,33
"60QP003741",80,64,16
"60QP003742",102,65,37
"60QP003743",73,69,4
"60QP003744",54,23,31
"60QP003745",87,55,32
"60QP003746",60,16,44
"60QP003747",122,64,58
"60QP003748",89,45,44
"60QP003749",58,37,21
"60QP003750",187,145,42
"60QP003751",92,78,14
"60QP003752",107,57,50
"60QP003753",85,26,59
"60QP003754",104,32,72
"60QP003755",68,30,38
"60QP003756",89,49,40
"60QP003757",91,48,43
"60QP003758",65,32,33
"60QP003759",39,20,19
"60QP003760",129,45,84
"60QP003761",48,34,14
"60QP003762",103,43,60
"60QP003763",44,26,18
"60QP003764",79,44,35
"60QP003765",65,17,48
"60QP003766",136,51,85
"60QP003767",86,39,47
"60QP003768",73,45,28
"60QP003769",91,26,65
"60QP003770",87,23,64
"60QP003771",119,48,71
"60QP003772",76,35,41
"60QP003773",138,41,97
"60QP003774",46,27,19
"60QP003775",73,12,61
"60QP003776",103,9,94
"60QP003777",74,54,20
"60QP003778",84,46,38
"60QP003779",60,31,29
"60QP003780",80,63,17
"60QP003781",63,31,32
"60QP003782",113,47,66
"60QP003783",126,82,44
"60QP003784",128,9,119
"60QP003785",430,289,141
"60QP003786",112,36,76
"60QP003787",148,37,111
"60QP003788",68,44,24
"60QP003789",106,43,63
"60QP003790",76,35,41
"60QP003791",70,47,23
"60QP003792",96,82,14
"60QP003793",82,71,11
"60QP003794",95,80,15
"60QP003795",111,69,42
"60QP003796",152,121,31
"60QP003797",86,60,26
"60QP003798",120,88,32
"60QP003799",122,73,49
"60QP003800",119,74,45
"60QP003801",116,78,38
"60QP003802",57,29,28
"60QP003803",73,49,24
"60QP003804",159,31,128
"60QP003805",62,46,16
"60QP003806",57,27,30
"60QP003807",113,81,32
"60QP003808",81,53,28
"60QP003809",96,16,80
"60QP003810",100,16,84
"60QP003811",100,40,60
"60QP003812",144,59,85
"60QP003813",124,26,98
"60QP003814",59,19,40
"60QP003815",104,62,42
"60QP003816",108,40,68
"60QP003817",121,78,43
"60QP003818",87,43,44
"60QP003819",75,41,34
"60QP003820",85,28,57
"60QP003821",147,96,51
"60QP003822",109,46,63
"60QP003823",95,25,70
"60QP003824",143,41,102
"60QP003825",62,25,37
"60QP003826",92,56,36
"60QP003827",76,42,34
"60QP003828",91,66,25
"60QP003829",85,48,37
"60QP003830",75,39,36
"60QP003831",66,30,36
"60QP003832",92,46,46
"60QP003833",81,30,51
"60QP003834",65,49,16
"60QP003835",73,22,51
"60QP003836",103,28,75
"60QP003837",99,49,50
"60QP003838",108,40,68
"60QP003839",109,50,59
"60QP003840",67,31,36
"60QP003841",113,89,24
"60QP003842",65,44,21
"60QP003843",105,70,35
"60QP003844",83,53,30
"60QP003845",100,63,37
"60QP003846",64,40,24
"60QP003847",83,63,20
"60QP003848",61,43,18
"60QP003849",94,62,32
"60QP003850",71,46,25
"60QP003851",73,40,33
"60QP003852",119,58,61
"60QP003853",78,48,30
"60QP003854",133,86,47
"60QP003855",66,36,30
"60QP003856",34,24,10
"60QP003857",102,75,27
"60QP003858",67,53,14
"60QP003859",45,37,8
"60QP003860",66,48,18
"60QP003861",110,74,36
"60QP003862",84,57,27
"60QP003863",99,58,41
"60QP003864",128,61,67
"60QP003865",79,30,49
"60QP003866",91,39,52
"60QP003867",173,114,59
"60QP003868",147,87,60
"60QP003869",71,57,14
"60QP003870",50,41,9
"60QP003871",83,67,16
"60QP003872",87,69,18
"60QP003873",73,58,15
"60QP003874",112,112,0
"60QP003875",73,25,48
"60QP003876",135,35,100
"60QP003877",98,30,68
"60QP003878",103,51,52
"60QP003879",144,43,101
"60QP003880",159,88,71
"60QP003881",115,45,70
"60QP003882",105,39,66
"60QP003883",80,52,28
"60QP003884",50,38,12
"60QP003885",73,61,12
"60QP003886",48,44,4
"60QP003887",89,29,60
"60QP003888",149,52,97
"60QP003889",104,40,64
"60QP003890",97,26,71
"60QP003891",93,25,68
"60QP003892",109,21,88
"60QP003893",115,57,58
"60QP003894",75,31,44
"60QP003895",86,62,24
"60QP003896",88,52,36
"60QP003897",83,41,42
"60QP003898",106,49,57
"60QP003899",114,46,68
"60QP003900",134,48,86
"60QP003901",106,48,58
"60QP003902",128,63,65
"60QP003903",69,25,44
"60QP003904",111,41,70
"60QP003905",111,38,73
"60QP003906",75,46,29
"60QP003907",64,38,26
"60QP003908",97,60,37
"60QP003909",42,18,24
"60QP003910",139,70,69
"60QP003911",50,23,27
"60QP003912",114,70,44
"60QP003913",118,51,67
"60QP003914",106,70,36
"60QP003915",154,84,70
"60QP003916",72,35,37
"60QP003917",103,63,40
"60QP003918",69,51,18
"60QP003919",39,37,2
"60QP003920",95,37,58
"60QP003921",73,20,53
"60QP003922",125,65,60
"60QP003923",64,26,38
"60QP003924",112,35,77
"60QP003925",81,47,34
"60QP003926",66,16,50
"60QP003927",105,29,76
"60QP003928",100,42,58
"60QP003929",98,18,80
"60QP003930",127,31,96
"60QP003931",73,39,34
"60QP003932",125,46,79
"60QP003933",144,62,82
"60QP003934",86,30,56
"60QP003935",124,48,76
"60QP003936",77,34,43
"60QP003937",115,31,84
"60QP003938",90,10,80
"60QP003939",76,43,33
"60QP003940",75,39,36
"60QP003941",113,24,89
"60QP003942",90,16,74
"60QP003943",71,32,39
"60QP003944",78,40,38
"60QP003945",93,78,15
"60QP003946",88,67,21
"60QP003947",84,69,15
"60QP003948",124,82,42
"60QP003949",67,51,16
"60QP003950",82,48,34
"60QP003951",117,95,22
"60QP003952",127,114,13
"60QP003953",77,38,39
"60QP003954",119,75,44
"60QP003955",90,90,0
"60QP003956",91,69,22
"60QP003957",205,58,147
"60QP003958",111,95,16
"60QP003959",58,42,16
"60QP003960",53,47,6
"60QP003961",97,81,16
"60QP003962",102,68,34
"60QP003963",71,51,20
"60QP003964",57,34,23
"60QP003965",74,48,26
"60QP003966",91,52,39
"60QP003967",77,46,31
"60QP003968",79,48,31
"60QP003969",145,47,98
"60QP003970",72,23,49
"60QP003971",103,43,60
"60QP003972",73,20,53
"60QP003973",84,58,26
"60QP003974",89,75,14
"60QP003975",136,124,12
"60RJ000001",152,63,89
"60RJ000002",83,35,48
"60RJ000003",90,52,38
"60RJ000004",95,55,40
"60RJ000005",72,32,40
"60RJ000006",119,57,62
"60RJ000007",112,46,66
"60RJ000008",108,55,53
"60RJ000009",82,39,43
"60RJ000010",84,44,40
"60RJ000011",98,40,58
"60RJ000012",79,38,41
"60RJ000013",52,32,20
"60RJ000014",76,25,51
"60RJ000015",95,37,58
"60RJ000016",76,39,37
"60RJ000017",59,31,28
"60RJ000018",56,27,29
"60RJ000019",47,26,21
"60RJ000020",87,37,50
"60RJ000021",106,52,54
"60RJ000022",92,41,51
"60RJ000023",76,36,40
"60RJ000024",86,48,38
"60RJ000025",128,63,65
"60RJ000026",110,41,69
"60RJ000027",110,56,54
"60RJ000028",59,29,30
"60RJ000029",72,33,39
"60RJ000030",65,27,38
"60RJ000031",92,41,51
"60RJ000032",39,7,32
"60RJ000033",75,43,32
"60RJ000034",66,26,40
"60RJ000035",103,63,40
"60RJ000036",102,56,46
"60RJ000037",82,30,52
"60RJ000038",66,30,36
"60RJ000039",66,40,26
"60RJ000040",51,23,28
"60RJ000041",55,19,36
"60RJ000042",67,28,39
"60RJ000043",77,40,37
"60RJ000044",147,65,82
"60RJ000045",95,47,48
"60RJ000046",99,51,48
"60RJ000047",88,44,44
"60RJ000048",77,41,36
"60RJ000049",43,17,26
"60RJ000050",64,46,18
"60RJ000051",66,39,27
"60RJ000052",105,47,58
"60RJ000053",110,48,62
"60RJ000054",113,61,52
"60RJ000055",91,38,53
"60RJ000056",93,49,44
"60RJ000057",112,43,69
"60RJ000058",132,66,66
"60RJ000059",139,67,72
"60RJ000060",137,53,84
"60RJ000061",57,20,37
"60RJ000062",54,30,24
"60RJ000063",80,36,44
"60RJ000064",100,48,52
"60RJ000065",63,36,27
"60RJ000066",104,51,53
"60RJ000067",90,47,43
"60RJ000068",66,32,34
"60RJ000069",97,50,47
"60RJ000070",62,36,26
"60RJ000071",48,18,30
"60RJ000072",98,44,54
"60RJ000073",53,38,15
"60RJ000074",88,32,56
"60RJ000075",98,50,48
"60RJ000076",103,56,47
"60RJ000077",73,27,46
"60RJ000078",54,28,26
"60RJ000079",92,50,42
"60RJ000080",69,29,40
"60RJ000081",111,49,62
"60RJ000082",90,50,40
"60RJ000083",84,48,36
"60RJ000084",102,55,47
"60RJ000085",147,79,68
"60RJ000086",92,48,44
"60RJ000087",93,29,64
"60RJ000088",93,37,56
"60RJ000089",102,46,56
"60RJ000090",138,57,81
"60RJ000091",85,29,56
"60RJ000092",140,41,99
"60RJ000093",128,67,61
"60RJ000094",80,29,51
"60RJ000095",145,81,64
"60RJ000096",75,37,38
"60RJ000097",76,46,30
"60RJ000098",126,64,62
"60RJ000099",102,44,58
"60RJ000100",41,19,22
"60RJ000101",139,72,67
"60RJ000102",130,46,84
"60RJ000103",71,37,34
"60RJ000104",117,47,70
"60RJ000105",91,37,54
"60RJ000106",67,31,36
"60RJ000107",84,46,38
"60RJ000108",113,44,69
"60RJ000109",87,36,51
"60RJ000110",69,25,44
"60RJ000111",108,38,70
"60RJ000112",118,54,64
"60RJ000113",108,51,57
"60RJ000114",154,80,74
"60RJ000115",82,44,38
"60RJ000116",74,40,34
"60RJ000117",95,43,52
"60RJ000118",88,46,42
"60RJ000119",104,65,39
"60RJ000120",60,27,33
"60RJ000121",59,41,18
"60RJ000122",75,43,32
"60RJ000123",68,46,22
"60RJ000124",96,58,38
"60RJ000125",97,63,34
"60RJ000126",82,54,28
"60RJ000127",64,41,23
"60RJ000128",123,93,30
"60RJ000129",49,27,22
"60RJ000130",69,31,38
"60RJ000131",116,64,52
"60RJ000132",133,69,64
"60RJ000133",90,58,32
"60RJ000134",133,96,37
"60RJ000135",58,32,26
"60RJ000136",103,56,47
"60RJ000137",170,113,57
"60RJ000138",140,62,78
"60RJ000139",155,78,77
"60RJ000140",129,87,42
"60RJ000141",70,30,40
"60RJ000142",55,35,20
"60RJ000143",84,44,40
"60RJ000144",51,27,24
"60RJ000145",106,43,63
"60RJ000146",142,78,64
"60RJ000147",115,56,59
"60RJ000148",106,62,44
"60RJ000149",57,39,18
"60RJ000150",141,67,74
"60RJ000151",99,42,57
"60RJ000152",116,72,44
"60RJ000153",74,44,30
"60RJ000154",154,88,66
"60RJ000155",112,66,46
"60RJ000156",109,49,60
"60RJ000157",165,65,100
"60RJ000158",132,57,75
"60RJ000159",141,55,86
"60RJ000160",162,60,102
"60RJ000161",163,56,107
"60RJ000162",83,39,44
"60RJ000163",53,33,20
"60RJ000164",154,49,105
"60RJ000165",123,55,68
"60RJ000166",91,41,50
"60RJ000167",70,38,32
"60RJ000168",116,52,64
"60RJ000169",99,51,48
"60RJ000170",125,65,60
"60RJ000171",79,49,30
"60RJ000172",80,45,35
"60RJ000173",70,24,46
"60RJ000174",68,31,37
"60RJ000175",65,27,38
"60RJ000176",76,50,26
"60RJ000177",68,28,40
"60RJ000178",99,53,46
"60RJ000179",71,31,40
"60RJ000180",119,51,68
"60RJ000181",97,31,66
"60RJ000182",68,30,38
"60RJ000183",85,34,51
"60RJ000184",44,20,24
"60RJ000185",54,24,30
"60RJ000186",123,63,60
"60RJ000187",81,46,35
"60RJ000188",64,34,30
"60RJ000189",78,31,47
"60RJ000190",95,43,52
"60RJ000191",63,43,20
"60RJ000192",51,31,20
"60RJ000193",85,32,53
"60RJ000194",115,71,44
"60RJ000195",61,30,31
"60RJ000196",116,68,48
"60RJ000197",144,68,76
"60RJ000198",55,25,30
"60RJ000199",102,42,60
"60RJ000200",53,23,30
"60RJ000201",98,63,35
"60RJ000202",63,33,30
"60RJ000203",128,52,76
"60RJ000204",38,28,10
"60RJ000205",58,24,34
"60RJ000206",131,59,72
"60RJ000207",174,85,89
"60RJ000208",91,35,56
"60RJ000209",100,31,69
"60RJ000210",123,57,66
"60RJ000211",53,27,26
"60RJ000212",67,36,31
"60RJ000213",123,60,63
"60RJ000214",213,108,105
"60RJ000215",146,77,69
"60RJ000216",165,76,89
"60RJ000217",68,32,36
"60RJ000218",96,41,55
"60RJ000219",153,64,89
"60RJ000220",93,39,54
"60RJ000221",80,42,38
"60RJ000222",87,43,44
"60RJ000223",51,27,24
"60RJ000224",163,82,81
"60RJ000225",105,47,58
"60RJ000226",62,32,30
"60RJ000227",73,33,40
"60RJ000228",77,39,38
"60RJ000229",78,35,43
"60QQ000001",117,45,72
"60QQ000002",78,27,51
"60QQ000003",79,33,46
"60QQ000004",126,44,82
"60QQ000005",62,34,28
"60QQ000006",106,49,57
"60QQ000007",142,32,110
"60QQ000008",47,16,31
"60QQ000009",47,19,28
"60QQ000010",139,65,74
"60QQ000011",53,26,27
"60QQ000012",125,47,78
"60QQ000013",108,22,86
"60QQ000014",88,35,53
"60QQ000015",66,25,41
"60QQ000016",107,53,54
"60QQ000017",111,61,50
"60QQ000018",102,56,46
"60QQ000019",117,45,72
"60QQ000020",109,39,70
"60QQ000021",74,21,53
"60QQ000022",119,73,46
"60QQ000023",137,37,100
"60QQ000024",169,56,113
"60QQ000025",154,85,69
"60QQ000026",64,25,39
"60QQ000027",91,37,54
"60QQ000028",97,65,32
"60QQ000029",97,45,52
"60QQ000030",94,45,49
"60QQ000031",61,29,32
"60QQ000032",46,20,26
"60QQ000033",124,55,69
"60QQ000034",123,69,54
"60QQ000035",71,37,34
"60QQ000036",120,49,71
"60QQ000037",87,51,36
"60QQ000038",103,61,42
"60QQ000039",86,38,48
"60QQ000040",89,43,46
"60QQ000041",91,49,42
"60QQ000042",68,34,34
"60QQ000043",112,46,66
"60QQ000044",147,60,87
"60QQ000045",74,29,45
"60QQ000046",67,41,26
"60QQ000047",133,42,91
"60QQ000048",142,63,79
"60QQ000049",141,59,82
"60QQ000050",123,55,68
"60QQ000051",80,36,44
"60QQ000052",63,17,46
"60QQ000053",65,33,32
"60QQ000054",80,26,54
"60QQ000055",102,46,56
"60QQ000056",108,30,78
"60QQ000057",80,36,44
"60QQ000058",44,12,32
"60QQ000059",109,41,68
"60QQ000060",118,70,48
"60QQ000061",106,50,56
"60QQ000062",110,57,53
"60QQ000063",135,59,76
"60QQ000064",77,52,25
"60QQ000065",143,54,89
"60QQ000066",118,62,56
"60QQ000067",70,56,14
"60QQ000068",121,53,68
"60QQ000069",91,42,49
"60QQ000070",83,37,46
"60QQ000071",100,45,55
"60QQ000072",91,46,45
"60QQ000073",86,44,42
"60QQ000074",59,20,39
"60QQ000075",159,55,104
"60QQ000076",96,28,68
"60QQ000077",105,45,60
"60QQ000078",49,26,23
"60QQ000079",101,55,46
"60QQ000080",63,47,16
"60QQ000081",73,49,24
"60QQ000082",100,77,23
"60QQ000083",60,40,20
"60QQ000084",90,76,14
"60QQ000085",55,34,21
"60QQ000086",48,34,14
"60QQ000087",96,63,33
"60QQ000088",114,65,49
"60QQ000089",56,29,27
"60QQ000090",60,30,30
"60QQ000091",90,56,34
"60QQ000092",102,57,45
"60QQ000093",98,58,40
"60QQ000094",66,48,18
"60QQ000095",46,31,15
"60QQ000096",131,71,60
"60QQ000097",51,29,22
"60QQ000098",94,32,62
"60QQ000099",117,57,60
"60QQ000100",118,50,68
"60QQ000101",71,63,8
"60QQ000102",94,44,50
"60QQ000103",116,47,69
"60QQ000104",82,40,42
"60QQ000105",126,52,74
"60QQ000106",136,74,62
"60QQ000107",113,49,64
"60QQ000108",105,47,58
"60QQ000109",147,59,88
"60QQ000110",156,71,85
"60QQ000111",100,45,55
"60QQ000112",83,45,38
"60QQ000113",92,38,54
"60QQ000114",101,48,53
"60QQ000115",137,61,76
"60QQ000116",132,57,75
"60QQ000117",86,42,44
"60QQ000118",70,59,11
"60QQ000119",142,68,74
"60QQ000120",101,37,64
"60QQ000121",118,72,46
"60QQ000122",93,68,25
"60QQ000123",66,33,33
"60QQ000124",78,56,22
"60QQ000125",62,45,17
"60QQ000126",49,38,11
"60QQ000127",186,121,65
"60QQ000128",112,52,60
"60QQ000129",95,41,54
"60QQ000130",96,45,51
"60QQ000131",128,62,66
"60QQ000132",110,77,33
"60QQ000133",87,59,28
"60QQ000134",101,59,42
"60QQ000135",107,65,42
"60QQ000136",106,64,42
"60QQ000137",83,32,51
"60QQ000138",62,34,28
"60QQ000139",70,36,34
"60QQ000140",54,32,22
"60QQ000141",138,71,67
"60QQ000142",73,17,56
"60QQ000143",53,29,24
"60QQ000144",53,40,13
"60QQ000145",116,33,83
"60QQ000146",131,73,58
"60QQ000147",111,54,57
"60QQ000148",48,20,28
"60QQ000149",54,24,30
"60QQ000150",65,28,37
"60QQ000151",99,45,54
"60QQ000152",131,50,81
"60QQ000153",123,49,74
"60QQ000154",115,57,58
"60QQ000155",96,42,54
"60QQ000156",74,37,37
"60QQ000157",98,29,69
"60QQ000158",86,20,66
"60QQ000159",83,40,43
"60QQ000160",75,35,40
"60QQ000161",77,34,43
"60QQ000162",76,44,32
"60QQ000163",88,40,48
"60QQ000164",86,54,32
"60QQ000165",99,23,76
"60QQ000166",138,49,89
"60QQ000167",96,33,63
"60QQ000168",118,30,88
"60QQ000169",100,60,40
"60QQ000170",116,55,61
"60QQ000171",83,19,64
"60QQ000172",161,76,85
"60QQ000173",59,49,10
"60QQ000174",182,89,93
"60QQ000175",187,118,69
"60QQ000176",116,41,75
"60QQ000177",136,42,94
"60QQ000178",74,24,50
"60QQ000179",97,41,56
"60QQ000180",60,24,36
"60QQ000181",110,34,76
"60QQ000182",66,44,22
"60QQ000183",99,26,73
"60QQ000184",154,54,100
"60QQ000185",87,29,58
"60QQ000186",108,35,73
"60QQ000187",90,21,69
"60QQ000188",97,21,76
"60QQ000189",138,44,94
"60QQ000190",159,50,109
"60QQ000191",74,34,40
"60QQ000192",85,38,47
"60QQ000193",77,45,32
"60QQ000194",66,50,16
"60QQ000195",64,30,34
"60QQ000196",78,54,24
"60QQ000197",96,46,50
"60QQ000198",92,30,62
"60QQ000199",97,37,60
"60QQ000200",75,40,35
"60QQ000201",119,88,31
"60QQ000202",75,61,14
"60QQ000203",102,64,38
"60QQ000204",121,60,61
"60QQ000205",69,42,27
"60QQ000206",83,41,42
"60QQ000207",75,53,22
"60QQ000208",78,53,25
"60QQ000209",70,36,34
"60QQ000210",86,49,37
"60QQ000211",82,54,28
"60QQ000212",98,61,37
"60QQ000213",91,47,44
"60QQ000214",67,50,17
"60QQ000215",64,39,25
"60QQ000216",93,40,53
"60QQ000217",83,44,39
"60QQ000218",126,74,52
"60QQ000219",100,76,24
"60QQ000220",77,65,12
"60QQ000221",75,49,26
"60QQ000222",80,52,28
"60QQ000223",97,61,36
"60QQ000224",70,44,26
"60QQ000225",65,49,16
"60QQ000226",53,35,18
"60QQ000227",87,63,24
"60QQ000228",61,39,22
"60QQ000229",58,34,24
"60QQ000230",92,48,44
"60QQ000231",66,44,22
"60QQ000232",86,44,42
"60QQ000233",95,79,16
"60QQ000234",105,57,48
"60QQ000235",73,47,26
"60QQ000236",108,38,70
"60QQ000237",109,49,60
"60QQ000238",105,50,55
"60QQ000239",90,67,23
"60QQ000240",124,78,46
"60QQ000241",102,72,30
"60QQ000242",67,55,12
"60QQ000243",94,41,53
"60QQ000244",78,50,28
"60QQ000245",69,59,10
"60QQ000246",121,81,40
"60QQ000247",83,78,5
"60QQ000248",90,63,27
"60QQ000249",54,40,14
"60QQ000250",106,88,18
"60QQ000251",159,87,72
"60QQ000252",91,57,34
"60QQ000253",89,39,50
"60QQ000254",84,39,45
"60QQ000255",145,80,65
"60QQ000256",109,76,33
"60QQ000257",146,73,73
"60QQ000258",85,46,39
"60QQ000259",76,44,32
"60QQ000260",93,47,46
"60QQ000261",111,61,50
"60QQ000262",99,49,50
"60QQ000263",44,20,24
"60QQ000264",85,50,35
"60QQ000265",166,73,93
"60QQ000266",92,43,49
"60QQ000267",105,31,74
"60QQ000268",152,47,105
"60QQ000269",103,67,36
"60QQ000270",88,45,43
"60QQ000271",69,33,36
"60QQ000272",92,52,40
"60QQ000273",116,36,80
"60QQ000274",81,58,23
"60QQ000275",72,41,31
"60QQ000276",95,58,37
"60QQ000277",156,52,104
"60QQ000278",87,31,56
"60QQ000279",83,35,48
"60QQ000280",99,24,75
"60QQ000281",114,34,80
"60QQ000282",92,39,53
"60QQ000283",75,39,36
"60QQ000284",122,66,56
"60QQ000285",134,74,60
"60QQ000286",75,49,26
"60QQ000287",98,38,60
"60QQ000288",89,52,37
"60QQ000289",85,60,25
"60QQ000290",81,57,24
"60QQ000291",66,47,19
"60QQ000292",49,17,32
"60QQ000293",87,53,34
"60QQ000294",67,37,30
"60QQ000295",81,33,48
"60QQ000296",72,48,24
"60QQ000297",96,46,50
"60QQ000298",86,40,46
"60QQ000299",109,58,51
"60QQ000300",116,57,59
"60QQ000301",94,62,32
"60QQ000302",125,72,53
"60QQ000303",92,57,35
"60QQ000304",84,46,38
"60QQ000305",84,42,42
"60QQ000306",113,55,58
"60QQ000307",98,40,58
"60QQ000308",66,50,16
"60QQ000309",99,54,45
"60QQ000310",67,49,18
"60QQ000311",104,37,67
"60QQ000312",88,34,54
"60QQ000313",80,46,34
"60QQ000314",106,49,57
"60QQ000315",42,36,6
"60QQ000316",89,52,37
"60QQ000317",90,62,28
"60QQ000318",103,51,52
"60QQ000319",90,46,44
"60QQ000320",70,54,16
"60QQ000321",95,41,54
"60QQ000322",89,37,52
"60QQ000323",58,34,24
"60QQ000324",46,18,28
"60QQ000325",96,40,56
"60QQ000326",73,28,45
"60QQ000327",104,44,60
"60QQ000328",106,32,74
"60QQ000329",109,44,65
"60QQ000330",85,37,48
"60QQ000331",94,42,52
"60QQ000332",83,51,32
"60QQ000333",64,42,22
"60QQ000334",144,48,96
"60QQ000335",136,49,87
"60QQ000336",122,52,70
"60QQ000337",101,41,60
"60QQ000338",97,44,53
"60QQ000339",107,37,70
"60QQ000340",93,37,56
"60QQ000341",73,17,56
"60QQ000342",120,41,79
"60QQ000343",79,46,33
"60QQ000344",74,18,56
"60QQ000345",93,41,52
"60QQ000346",132,52,80
"60QQ000347",105,66,39
"60QQ000348",73,39,34
"60QQ000349",78,50,28
"60QQ000350",84,30,54
"60QQ000351",109,27,82
"60QQ000352",59,31,28
"60QQ000353",126,54,72
"60QQ000354",106,60,46
"60QQ000355",77,44,33
"60QQ000356",160,65,95
"60QQ000357",81,29,52
"60QQ000358",109,48,61
"60QQ000359",129,43,86
"60QQ000360",61,23,38
"60QQ000361",82,37,45
"60QQ000362",73,57,16
"60QQ000363",76,65,11
"60QQ000364",75,47,28
"60QQ000365",63,27,36
"60QQ000366",73,33,40
"60QQ000367",111,65,46
"60QQ000368",88,51,37
"60QQ000369",88,53,35
"60QQ000370",67,45,22
"60QQ000371",110,58,52
"60QQ000372",121,69,52
"60QQ000373",85,76,9
"60QQ000374",107,63,44
"60QQ000375",109,70,39
"60QQ000376",99,67,32
"60QQ000377",95,80,15
"60QQ000378",55,25,30
"60QQ000379",79,37,42
"60QQ000380",50,22,28
"60QQ000381",122,36,86
"60QQ000382",72,59,13
"60QQ000383",67,45,22
"60QQ000384",76,36,40
"60QQ000385",54,48,6
"60QQ000386",50,45,5
"60QQ000387",66,42,24
"60QQ000388",92,29,63
"60QQ000389",88,44,44
"60QQ000390",82,32,50
"60QQ000391",78,33,45
"60QQ000392",90,80,10
"60QQ000393",99,59,40
"60QQ000394",82,74,8
"60QQ000395",111,57,54
"60QQ000396",90,76,14
"60QQ000397",159,43,116
"60QQ000398",99,27,72
"60QQ000399",83,23,60
"60QQ000400",96,26,70
"60QQ000401",98,34,64
"60QQ000402",128,50,78
"60QQ000403",117,37,80
"60QQ000404",137,73,64
"60QQ000405",105,41,64
"60QQ000406",148,81,67
"60QQ000407",86,60,26
"60QQ000408",88,28,60
"60QQ000409",41,19,22
"60QQ000410",132,64,68
"60QQ000411",80,34,46
"60QQ000412",73,31,42
"60QQ000413",57,37,20
"60QQ000414",73,43,30
"60QQ000415",97,48,49
"60QQ000416",82,44,38
"60QQ000417",78,44,34
"60QQ000418",118,34,84
"60QQ000419",90,30,60
"60QQ000420",92,38,54
"60QQ000421",87,43,44
"60QQ000422",117,33,84
"60QQ000423",72,35,37
"60QQ000424",64,32,32
"60QQ000425",74,41,33
"60QQ000426",109,28,81
"60QQ000427",80,34,46
"60QQ000428",107,50,57
"60QQ000429",99,57,42
"60QQ000430",153,67,86
"60QQ000431",103,45,58
"60QQ000432",116,70,46
"60QQ000433",50,21,29
"60QQ000434",69,45,24
"60QQ000435",94,39,55
"60QQ000436",95,52,43
"60QQ000437",80,27,53
"60QQ000438",54,14,40
"60QQ000439",41,27,14
"60QQ000440",71,47,24
"60QQ000441",59,45,14
"60QQ000442",100,39,61
"60QQ000443",110,41,69
"60QQ000444",92,52,40
"60QQ000445",87,39,48
"60QQ000446",74,33,41
"60QQ000447",45,15,30
"60QQ000448",74,41,33
"60QQ000449",129,77,52
"60QQ000450",148,50,98
"60QQ000451",97,60,37
"60QQ000452",73,39,34
"60QQ000453",80,43,37
"60QQ000454",116,36,80
"60QQ000455",146,59,87
"60QQ000456",91,23,68
"60QQ000457",261,75,186
"60QQ000458",84,24,60
"60QQ000459",88,25,63
"60QQ000460",82,36,46
"60QQ000461",114,18,96
"60QQ000462",93,45,48
"60QQ000463",161,80,81
"60QQ000464",134,52,82
"60QQ000465",117,39,78
"60QQ000466",123,31,92
"60QQ000467",76,37,39
"60QQ000468",99,33,66
"60QQ000469",81,29,52
"60QQ000470",84,41,43
"60QQ000471",104,38,66
"60QQ000472",102,48,54
"60QQ000473",146,42,104
"60QQ000474",181,49,132
"60QQ000475",112,72,40
"60QQ000476",161,47,114
"60QQ000477",92,24,68
"60QQ000478",131,91,40
"60QQ000479",89,51,38
"60QQ000480",89,41,48
"60QQ000481",97,43,54
"60QQ000482",86,25,61
"60QQ000483",86,33,53
"60QQ000484",66,26,40
"60QQ000485",101,25,76
"60QQ000486",148,82,66
"60QQ000487",129,40,89
"60QQ000488",107,47,60
"60QQ000489",178,68,110
"60QQ000490",117,47,70
"60QQ000491",109,43,66
"60QQ000492",92,52,40
"60QQ000493",111,57,54
"60QQ000494",166,60,106
"60QQ000495",133,40,93
"60QQ000496",130,60,70
"60QQ000497",47,17,30
"60QQ000498",105,41,64
"60QQ000499",105,17,88
"60QQ000500",100,56,44
"60QQ000501",71,17,54
"60QQ000502",89,17,72
"60QQ000503",133,38,95
"60QQ000504",70,39,31
"60QQ000505",101,31,70
"60QQ000506",105,43,62
"60QQ000507",95,36,59
"60QQ000508",88,64,24
"60QQ000509",111,33,78
"60QQ000510",102,62,40
"60QQ000511",95,39,56
"60QQ000512",96,40,56
"60QQ000513",103,62,41
"60QQ000514",125,76,49
"60QQ000515",56,21,35
"60QQ000516",39,13,26
"60QQ000517",98,42,56
"60QQ000518",92,46,46
"60QQ000519",95,43,52
"60QQ000520",88,47,41
"60QQ000521",64,30,34
"60QQ000522",66,40,26
"60QQ000523",93,51,42
"60QQ000524",153,25,128
"60QQ000525",172,71,101
"60QQ000526",120,64,56
"60QQ000527",140,50,90
"60QQ000528",106,66,40
"60QQ000529",87,19,68
"60QQ000530",114,30,84
"60QQ000531",70,30,40
"60QQ000532",135,45,90
"60QQ000533",131,36,95
"60QQ000534",62,16,46
"60QQ000535",132,39,93
"60QQ000536",92,20,72
"60QQ000537",89,51,38
"60QQ000538",135,104,31
"60QQ000539",88,49,39
"60QQ000540",102,50,52
"60QQ000541",90,42,48
"60QQ000542",153,65,88
"60QQ000543",169,76,93
"60QQ000544",91,57,34
"60QQ000545",89,60,29
"60QQ000546",78,46,32
"60QQ000547",125,65,60
"60QQ000548",127,61,66
"60QQ000549",130,68,62
"60QQ000550",135,78,57
"60QQ000551",97,55,42
"60QQ000552",156,43,113
"60QQ000553",89,45,44
"60QQ000554",110,42,68
"60QQ000555",81,33,48
"60QQ000556",154,41,113
"60QQ000557",90,63,27
"60QQ000558",114,44,70
"60QQ000559",92,64,28
"60QQ000560",75,38,37
"60QQ000561",111,42,69
"60QQ000562",91,29,62
"60QQ000563",97,47,50
"60QQ000564",111,35,76
"60QQ000565",70,30,40
"60QQ000566",100,42,58
"60QQ000567",90,38,52
"60QQ000568",73,29,44
"60QQ000569",126,95,31
"60QQ000570",117,71,46
"60QQ000571",106,27,79
"60QQ000572",86,34,52
"60QQ000573",118,32,86
"60QQ000574",121,53,68
"60QQ000575",139,36,103
"60QQ000576",82,28,54
"60QQ000577",121,69,52
"60QQ000578",126,59,67
"60QQ000579",101,47,54
"60QQ000580",128,46,82
"60QQ000581",116,46,70
"60QQ000582",96,52,44
"60QQ000583",72,26,46
"60QQ000584",114,60,54
"60QQ000585",134,54,80
"60QQ000586",110,49,61
"60QQ000587",126,56,70
"60QQ000588",105,38,67
"60QQ000589",93,46,47
"60QQ000590",64,26,38
"60QQ000591",110,58,52
"60QQ000592",99,31,68
"60QQ000593",83,36,47
"60QQ000594",117,35,82
"60QQ000595",87,17,70
"60QQ000596",64,42,22
"60QQ000597",46,12,34
"60QQ000598",49,23,26
"60QQ000599",130,59,71
"60QQ000600",107,69,38
"60QQ000601",65,53,12
"60QQ000602",75,45,30
"60QQ000603",100,28,72
"60QQ000604",167,49,118
"60QQ000605",88,30,58
"60QQ000606",106,30,76
"60QQ000607",98,28,70
"60QQ000608",109,33,76
"60QQ000609",84,37,47
"60QQ000610",80,30,50
"60QQ000611",97,42,55
"60QQ000612",86,46,40
"60QQ000613",133,55,78
"60QQ000614",145,72,73
"60QQ000615",87,47,40
"60QQ000616",92,36,56
"60QQ000617",110,48,62
"60QQ000618",117,54,63
"60QQ000619",83,45,38
"60QQ000620",97,46,51
"60QQ000621",124,63,61
"60QQ000622",109,63,46
"60QQ000623",162,74,88
"60QQ000624",54,30,24
"60QQ000625",163,74,89
"60QQ000626",138,78,60
"60QQ000627",104,61,43
"60QQ000628",97,59,38
"60QQ000629",135,69,66
"60QQ000630",116,55,61
"60QQ000631",131,61,70
"60QQ000632",61,37,24
"60QQ000633",84,32,52
"60QQ000634",115,43,72
"60QQ000635",68,51,17
"60QQ000636",85,48,37
"60QQ000637",153,57,96
"60QQ000638",118,38,80
"60QQ000639",88,32,56
"60QQ000640",92,50,42
"60QQ000641",121,93,28
"60QQ000642",79,40,39
"60QQ000643",68,35,33
"60QQ000644",139,75,64
"60QQ000645",124,64,60
"60QQ000646",148,82,66
"60QQ000647",130,36,94
"60QQ000648",117,42,75
"60QQ000649",119,45,74
"60QQ000650",98,46,52
"60QQ000651",63,37,26
"60QQ000652",81,29,52
"60QQ000653",46,28,18
"60QQ000654",72,46,26
"60QQ000655",80,34,46
"60QQ000656",88,40,48
"60QQ000657",119,59,60
"60QQ000658",116,57,59
"60QQ000659",94,49,45
"60QQ000660",99,56,43
"60QQ000661",53,21,32
"60QQ000662",141,85,56
"60QQ000663",120,59,61
"60QQ000664",118,60,58
"60QQ000665",120,72,48
"60QQ000666",147,61,86
"60QQ000667",106,52,54
"60QQ000668",116,45,71
"60QQ000669",96,56,40
"60QQ000670",98,49,49
"60QQ000671",67,39,28
"60QQ000672",120,36,84
"60QQ000673",105,53,52
"60QQ000674",49,16,33
"60QQ000675",130,43,87
"60QQ000676",155,41,114
"60QQ000677",155,50,105
"60QQ000678",112,43,69
"60QQ000679",118,50,68
"60QQ000680",96,46,50
"60QQ000681",117,39,78
"60QQ000682",85,31,54
"60QQ000683",129,61,68
"60QQ000684",91,39,52
"60QQ000685",74,37,37
"60QQ000686",169,61,108
"60QQ000687",87,39,48
"60QQ000688",71,37,34
"60QQ000689",101,57,44
"60QQ000690",83,44,39
"60QQ000691",87,51,36
"60QQ000692",166,75,91
"60QQ000693",148,81,67
"60QQ000694",83,68,15
"60QQ000695",119,87,32
"60QQ000696",116,54,62
"60QQ000697",99,51,48
"60QQ000698",119,35,84
"60QQ000699",90,36,54
"60QQ000700",119,41,78
"60QQ000701",90,37,53
"60QQ000702",90,34,56
"60QQ000703",151,78,73
"60QQ000704",130,73,57
"60QQ000705",80,42,38
"60QQ000706",168,78,90
"60QQ000707",147,78,69
"60QQ000708",117,69,48
"60QQ000709",88,65,23
"60QQ000710",115,69,46
"60QQ000711",86,59,27
"60QQ000712",81,59,22
"60QQ000713",82,53,29
"60QQ000714",128,75,53
"60QQ000715",71,48,23
"60QQ000716",84,61,23
"60QQ000717",48,36,12
"60QQ000718",71,31,40
"60QQ000719",83,59,24
"60QQ000720",46,26,20
"60QQ000721",66,23,43
"60QQ000722",146,64,82
"60QQ000723",106,52,54
"60QQ000724",149,55,94
"60QQ000725",113,59,54
"60QQ000726",104,36,68
"60QQ000727",83,42,41
"60QQ000728",103,61,42
"60QQ000729",113,67,46
"60QQ000730",73,37,36
"60QQ000731",78,27,51
"60QQ000732",60,33,27
"60QQ000733",78,35,43
"60QQ000734",112,37,75
"60QQ000735",132,68,64
"60QQ000736",132,57,75
"60QQ000737",69,37,32
"60QQ000738",45,21,24
"60QQ000739",86,40,46
"60QQ000740",139,66,73
"60QQ000741",154,66,88
"60QQ000742",169,54,115
"60QQ000743",127,67,60
"60QQ000744",140,43,97
"60QQ000745",71,41,30
"60QQ000746",82,36,46
"60QQ000747",93,47,46
"60QQ000748",103,57,46
"60QQ000749",85,54,31
"60QQ000750",161,77,84
"60QQ000751",131,54,77
"60QQ000752",107,54,53
"60QQ000753",130,59,71
"60QQ000754",85,36,49
"60QQ000755",142,44,98
"60QQ000756",136,34,102
"60QQ000757",144,36,108
"60QQ000758",77,37,40
"60QQ000759",176,71,105
"60QQ000760",80,31,49
"60QQ000761",119,44,75
"60QQ000762",156,49,107
"60QQ000763",109,51,58
"60QQ000764",112,39,73
"60QQ000765",117,65,52
"60QQ000766",80,38,42
"60QQ000767",98,56,42
"60QQ000768",85,59,26
"60QQ000769",104,56,48
"60QQ000770",86,40,46
"60QQ000771",51,17,34
"60QQ000772",81,38,43
"60QQ000773",76,34,42
"60QQ000774",106,32,74
"60QQ000775",96,32,64
"60QQ000776",74,31,43
"60QQ000777",63,39,24
"60QQ000778",69,51,18
"60QQ000779",93,47,46
"60QQ000780",66,54,12
"60QQ000781",62,33,29
"60QQ000782",133,57,76
"60QQ000783",124,50,74
"60QQ000784",89,56,33
"60QQ000785",121,91,30
"60QQ000786",122,59,63
"60QQ000787",86,27,59
"60QQ000788",135,43,92
"60QQ000789",77,27,50
"60QQ000790",136,46,90
"60QQ000791",85,32,53
"60QQ000792",122,84,38
"60QQ000793",56,43,13
"60QQ000794",89,47,42
"60QQ000795",59,32,27
"60QQ000796",68,50,18
"60QQ000797",99,41,58
"60QQ000798",80,31,49
"60QQ000799",76,30,46
"60QQ000800",120,76,44
"60QQ000801",101,66,35
"60QQ000802",63,33,30
"60QQ000803",123,54,69
"60QQ000804",103,43,60
"60QQ000805",112,30,82
"60QQ000806",100,25,75
"60QQ000807",89,27,62
"60QQ000808",130,53,77
"60QQ000809",124,53,71
"60QQ000810",112,30,82
"60QQ000811",87,27,60
"60QQ000812",108,36,72
"60QQ000813",107,37,70
"60QQ000814",95,43,52
"60QQ000815",87,25,62
"60QQ000816",89,33,56
"60QQ000817",63,46,17
"60QQ000818",89,27,62
"60QQ000819",96,51,45
"60QQ000820",77,36,41
"60QQ000821",131,52,79
"60QQ000822",157,58,99
"60QQ000823",127,49,78
"60QQ000824",144,72,72
"60QQ000825",143,59,84
"60QQ000826",134,55,79
"60QQ000827",92,50,42
"60QQ000828",89,46,43
"60QQ000829",81,31,50
"60QQ000830",89,40,49
"60QQ000831",70,36,34
"60QQ000832",94,55,39
"60QQ000833",107,59,48
"60QQ000834",81,29,52
"60QQ000835",110,44,66
"60QQ000836",97,60,37
"60QQ000837",77,37,40
"60QQ000838",106,59,47
"60QQ000839",81,39,42
"60QQ000840",111,56,55
"60QQ000841",118,69,49
"60QQ000842",90,24,66
"60QQ000843",66,36,30
"60QQ000844",145,69,76
"60QQ000845",44,33,11
"60QQ000846",68,52,16
"60QQ000847",92,47,45
"60QQ000848",57,45,12
"60QQ000849",75,41,34
"60QQ000850",103,52,51
"60QQ000851",136,58,78
"60QQ000852",168,89,79
"60QQ000853",77,38,39
"60QQ000854",117,39,78
"60QQ000855",95,39,56
"60QQ000856",50,30,20
"60QQ000857",89,39,50
"60QQ000858",70,62,8
"60QQ000859",132,75,57
"60QQ000860",118,69,49
"60QQ000861",79,27,52
"60QQ000862",117,86,31
"60QQ000863",67,28,39
"60QQ000864",84,44,40
"60QQ000865",108,36,72
"60QQ000866",100,41,59
"60QQ000867",107,31,76
"60QQ000868",70,23,47
"60QQ000869",47,22,25
"60QQ000870",92,37,55
"60QQ000871",59,35,24
"60QQ000872",74,15,59
"60QQ000873",58,26,32
"60QQ000874",68,37,31
"60QQ000875",137,62,75
"60QQ000876",78,49,29
"60QQ000877",74,43,31
"60QQ000878",65,31,34
"60QQ000879",47,24,23
"60QQ000880",49,13,36
"60QQ000881",136,56,80
"60QQ000882",89,34,55
"60QQ000883",167,43,124
"60QQ000884",50,16,34
"60QQ000885",66,44,22
"60QQ000886",71,12,59
"60QQ000887",97,36,61
"60QQ000888",100,46,54
"60QQ000889",84,46,38
"60QQ000890",83,37,46
"60QQ000891",157,53,104
"60QQ000892",108,51,57
"60QQ000893",85,49,36
"60QQ000894",66,47,19
"60QQ000895",93,52,41
"60QQ000896",121,34,87
"60QQ000897",67,19,48
"60QQ000898",61,29,32
"60QQ000899",142,115,27
"60QQ000900",46,34,12
"60QQ000901",49,35,14
"60QQ000902",53,35,18
"60QQ000903",72,42,30
"60QQ000904",56,33,23
"60QQ000905",66,45,21
"60QQ000906",128,62,66
"60QQ000907",86,63,23
"60QQ000908",101,34,67
"60QQ000909",90,33,57
"60QQ000910",98,40,58
"60QQ000911",46,20,26
"60QQ000912",97,41,56
"60QQ000913",53,23,30
"60QQ000914",39,35,4
"60QQ000915",52,22,30
"60QQ000916",51,35,16
"60QQ000917",74,26,48
"60QQ000918",51,13,38
"60QQ000919",63,15,48
"60QQ000920",70,24,46
"60QQ000921",69,17,52
"60QQ000922",76,15,61
"60QQ000923",122,53,69
"60QQ000924",41,21,20
"60QQ000925",72,26,46
"60QQ000926",92,36,56
"60QQ000927",137,32,105
"60QQ000928",45,11,34
"60QQ000929",70,20,50
"60QQ000930",51,15,36
"60QQ000931",70,40,30
"60QQ000932",79,38,41
"60QQ000933",95,51,44
"60QQ000934",108,24,84
"60QQ000935",124,46,78
"60QQ000936",77,34,43
"60QQ000937",91,32,59
"60QQ000938",144,56,88
"60QQ000939",76,35,41
"60QQ000940",104,50,54
"60QQ000941",61,45,16
"60QQ000942",59,23,36
"60QQ000943",101,39,62
"60QQ000944",58,16,42
"60QQ000945",44,12,32
"60QQ000946",170,104,66
"60QQ000947",77,24,53
"60QQ000948",95,32,63
"60QQ000949",65,33,32
"60QQ000950",68,31,37
"60QQ000951",69,36,33
"60QQ000952",148,58,90
"60QQ000953",107,55,52
"60QQ000954",53,29,24
"60QQ000955",45,19,26
"60QQ000956",96,38,58
"60QQ000957",59,29,30
"60QQ000958",121,26,95
"60QQ000959",120,36,84
"60QQ000960",57,31,26
"60QQ000961",53,30,23
"60QQ000962",60,34,26
"60QQ000963",54,28,26
"60QQ000964",58,38,20
"60QQ000965",60,30,30
"60QQ000966",54,34,20
"60QQ000967",52,44,8
"60QQ000968",56,28,28
"60QQ000969",92,39,53
"60QQ000970",80,30,50
"60QQ000971",62,50,12
"60QQ000972",71,49,22
"60QQ000973",67,49,18
"60QQ000974",89,41,48
"60QQ000975",63,27,36
"60QQ000976",62,42,20
"60QQ000977",96,65,31
"60QQ000978",110,59,51
"60QQ000979",67,42,25
"60QQ000980",151,54,97
"60QQ000981",53,21,32
"60QQ000982",82,40,42
"60QQ000983",102,44,58
"60QQ000984",114,60,54
"60QQ000985",67,35,32
"60QQ000986",55,43,12
"60QQ000987",65,51,14
"60QQ000988",75,44,31
"60QQ000989",60,38,22
"60QQ000990",110,49,61
"60QQ000991",66,31,35
"60QQ000992",70,44,26
"60QQ000993",55,23,32
"60QQ000994",103,63,40
"60QQ000995",54,33,21
"60QQ000996",91,35,56
"60QQ000997",92,27,65
"60QQ000998",95,36,59
"60QQ000999",91,43,48
"60QQ001000",90,45,45
"60QQ001001",79,27,52
"60QQ001002",84,31,53
"60QQ001003",76,27,49
"60QQ001004",358,102,256
"60QQ001005",91,23,68
"60QQ001006",135,31,104
"60QQ001007",70,34,36
"60QQ001008",73,45,28
"60QQ001009",89,37,52
"60QQ001010",77,29,48
"60QQ001011",93,23,70
"60QQ001012",136,48,88
"60QQ001013",59,45,14
"60QQ001014",92,40,52
"60QQ001015",89,43,46
"60QQ001016",62,23,39
"60QQ001017",116,32,84
"60QQ001018",97,31,66
"60QQ001019",86,19,67
"60QQ001020",60,42,18
"60QQ001021",141,71,70
"60QQ001022",64,14,50
"60QQ001023",122,69,53
"60QQ001024",56,25,31
"60QQ001025",79,45,34
"60QQ001026",99,53,46
"60QQ001027",184,118,66
"60QQ001028",54,22,32
"60QQ001029",132,51,81
"60QQ001030",103,43,60
"60QQ001031",63,26,37
"60QQ001032",88,64,24
"60QQ001033",42,32,10
"60QQ001034",101,49,52
"60QQ001035",99,53,46
"60QQ001036",133,111,22
"60QQ001037",133,99,34
"60QQ001038",82,64,18
"60QQ001039",96,60,36
"60QQ001040",48,35,13
"60QQ001041",50,22,28
"60QQ001042",92,53,39
"60QQ001043",54,36,18
"60QQ001044",117,53,64
"60QQ001045",122,46,76
"60QQ001046",146,29,117
"60QQ001047",99,39,60
"60QQ001048",89,49,40
"60QQ001049",75,41,34
"60QQ001050",100,41,59
"60QQ001051",115,56,59
"60QQ001052",89,25,64
"60QQ001053",108,46,62
"60QQ001054",98,47,51
"60QQ001055",84,40,44
"60QQ001056",70,28,42
"60QQ001057",154,26,128
"60QQ001058",111,33,78
"60QQ001059",79,37,42
"60QQ001060",50,38,12
"60QQ001061",148,74,74
"60QQ001062",74,40,34
"60QQ001063",48,32,16
"60QQ001064",113,81,32
"60QQ001065",116,79,37
"60QQ001066",52,45,7
"60QQ001067",71,65,6
"60QQ001068",65,29,36
"60QQ001069",106,34,72
"60QQ001070",55,38,17
"60QQ001071",65,47,18
"60QQ001072",82,37,45
"60QQ001073",83,62,21
"60QQ001074",81,57,24
"60QQ001075",53,35,18
"60QQ001076",101,43,58
"60QQ001077",62,29,33
"60QQ001078",81,59,22
"60QQ001079",70,50,20
"60QQ001080",143,70,73
"60QQ001081",78,62,16
"60QQ001082",42,28,14
"60QQ001083",95,35,60
"60QQ001084",96,56,40
"60QQ001085",103,52,51
"60QQ001086",105,48,57
"60QQ001087",92,22,70
"60QQ001088",64,42,22
"60QQ001089",64,46,18
"60QQ001090",79,43,36
"60QQ001091",79,45,34
"60QQ001092",61,23,38
"60QQ001093",115,81,34
"60QQ001094",130,66,64
"60QQ001095",86,60,26
"60QQ001096",77,25,52
"60QQ001097",161,45,116
"60QQ001098",128,52,76
"60QQ001099",70,20,50
"60QQ001100",112,55,57
"60QQ001101",65,33,32
"60QQ001102",76,34,42
"60QQ001103",98,35,63
"60QQ001104",368,314,54
"60QQ001105",84,20,64
"60QQ001106",104,52,52
"60QQ001107",110,40,70
"60QQ001108",121,54,67
"60QQ001109",44,27,17
"60QQ001110",78,34,44
"60QQ001111",93,24,69
"60QQ001112",121,43,78
"60QQ001113",65,15,50
"60QQ001114",57,25,32
"60QQ001115",173,48,125
"60QQ001116",127,43,84
"60QQ001117",58,20,38
"60QQ001118",119,53,66
"60QQ001119",63,21,42
"60QQ001120",89,29,60
"60QQ001121",94,20,74
"60QQ001122",73,25,48
"60QQ001123",152,45,107
"60QQ001124",85,57,28
"60QQ001125",90,28,62
"60QQ001126",81,22,59
"60QQ001127",146,68,78
"60QQ001128",111,42,69
"60QQ001129",99,34,65
"60QQ001130",102,68,34
"60QQ001131",118,62,56
"60QQ001132",64,32,32
"60QQ001133",95,23,72
"60QQ001134",124,27,97
"60QQ001135",77,43,34
"60QQ001136",79,35,44
"60QQ001137",98,68,30
"60QQ001138",91,39,52
"60QQ001139",111,29,82
"60QQ001140",116,37,79
"60QQ001141",39,4,35
"60QQ001142",85,43,42
"60QQ001143",108,32,76
"60QQ001144",105,31,74
"60QQ001145",68,38,30
"60QQ001146",99,27,72
"60QQ001147",87,22,65
"60QQ001148",158,39,119
"60QQ001149",97,45,52
"60QQ001150",87,55,32
"60QQ001151",67,29,38
"60QQ001152",84,34,50
"60QQ001153",56,23,33
"60QQ001154",126,38,88
"60QQ001155",76,34,42
"60QQ001156",163,66,97
"60QQ001157",53,22,31
"60QQ001158",70,48,22
"60QQ001159",106,28,78
"60QQ001160",89,25,64
"60QQ001161",150,34,116
"60QQ001162",48,16,32
"60QQ001163",142,67,75
"60QQ001164",149,88,61
"60QQ001165",73,33,40
"60QQ001166",91,61,30
"60QQ001167",101,39,62
"60QQ001168",77,27,50
"60QQ001169",140,62,78
"60QQ001170",70,27,43
"60QQ001171",132,40,92
"60QQ001172",56,20,36
"60QQ001173",98,53,45
"60QQ001174",129,53,76
"60QQ001175",62,44,18
"60QQ001176",72,32,40
"60QQ001177",76,56,20
"60QQ001178",65,24,41
"60QQ001179",95,41,54
"60QQ001180",107,50,57
"60QQ001181",101,45,56
"60QQ001182",125,51,74
"60QQ001183",83,46,37
"60QQ001184",53,29,24
"60QQ001185",108,52,56
"60QQ001186",94,62,32
"60QQ001187",62,30,32
"60QQ001188",114,23,91
"60QQ001189",126,38,88
"60QQ001190",111,37,74
"60QQ001191",141,46,95
"60QQ001192",84,16,68
"60QQ001193",60,30,30
"60QQ001194",95,52,43
"60QQ001195",397,321,76
"60QQ001196",96,22,74
"60QQ001197",106,37,69
"60QQ001198",70,19,51
"60QQ001199",91,32,59
"60QQ001200",118,50,68
"60QQ001201",212,83,129
"60QQ001202",98,34,64
"60QQ001203",69,13,56
"60QQ001204",103,19,84
"60QQ001205",115,20,95
"60QQ001206",142,40,102
"60QQ001207",66,21,45
"60QQ001208",118,73,45
"60QQ001209",81,39,42
"60QQ001210",126,40,86
"60QR000001",60,28,32
"60QR000002",170,66,104
"60QR000003",128,46,82
"60QR000004",81,31,50
"60QR000005",124,37,87
"60QR000006",114,48,66
"60QR000007",53,16,37
"60QR000008",97,47,50
"60QR000009",58,24,34
"60QR000010",125,49,76
"60QR000011",86,28,58
"60QR000012",72,21,51
"60QR000013",91,45,46
"60QR000014",64,23,41
"60QR000015",132,66,66
"60QR000016",94,49,45
"60QR000017",167,92,75
"60QR000018",128,49,79
"60QR000019",112,44,68
"60QR000020",79,36,43
"60QR000021",115,68,47
"60QR000022",148,72,76
"60QR000023",110,47,63
"60QR000024",50,18,32
"60QR000025",81,51,30
"60QR000026",131,33,98
"60QR000027",165,98,67
"60QR000028",107,37,70
"60QR000029",150,46,104
"60QR000030",105,39,66
"60QR000031",101,43,58
"60QR000032",118,47,71
"60QR000033",104,42,62
"60QR000034",73,37,36
"60QR000035",61,22,39
"60QR000036",104,44,60
"60QR000037",97,35,62
"60QR000038",140,60,80
"60QR000039",43,17,26
"60QR000040",145,49,96
"60QR000041",80,34,46
"60QR000042",105,24,81
"60QR000043",112,40,72
"60QR000044",98,51,47
"60QR000045",106,28,78
"60QR000046",53,21,32
"60QR000047",86,40,46
"60QR000048",111,41,70
"60QR000049",51,19,32
"60QR000050",52,21,31
"60QR000051",43,11,32
"60QR000052",126,46,80
"60QR000053",158,67,91
"60QR000054",111,41,70
"60QR000055",58,15,43
"60QR000056",56,18,38
"60QR000057",68,24,44
"60QR000058",125,48,77
"60QR000059",103,45,58
"60QR000060",136,63,73
"60QR000061",106,36,70
"60QR000062",90,48,42
"60QR000063",129,53,76
"60QR000064",67,24,43
"60QR000065",65,29,36
"60QR000066",85,37,48
"60QR000067",127,42,85
"60QR000068",115,46,69
"60QR000069",89,34,55
"60QR000070",90,30,60
"60QR000071",90,28,62
"60QR000072",69,22,47
"60QR000073",48,18,30
"60QR000074",59,23,36
"60QR000075",60,18,42
"60QR000076",74,28,46
"60QR000077",85,32,53
"60QR000078",79,26,53
"60QR000079",82,22,60
"60QR000080",117,49,68
"60QR000081",92,37,55
"60QR000082",63,27,36
"60QR000083",102,34,68
"60QR000084",115,57,58
"60QR000085",131,27,104
"60QR000086",94,28,66
"60QR000087",45,13,32
"60QR000088",73,17,56
"60QR000089",64,24,40
"60QR000090",126,41,85
"60QR000091",96,26,70
"60QR000092",91,28,63
"60QR000093",104,40,64
"60QR000094",58,28,30
"60QR000095",85,30,55
"60QR000096",98,25,73
"60QR000097",85,33,52
"60QR000098",84,37,47
"60QR000099",51,14,37
"60QR000100",132,48,84
"60QR000101",68,21,47
"60QR000102",116,63,53
"60QR000103",62,20,42
"60QR000104",109,43,66
"60QR000105",148,57,91
"60QR000106",69,29,40
"60QR000107",102,32,70
"60QR000108",83,22,61
"60QR000109",79,25,54
"60QR000110",63,23,40
"60QR000111",121,37,84
"60QR000112",81,27,54
"60QR000113",125,47,78
"60QR000114",92,37,55
"60QR000115",122,42,80
"60QR000116",110,35,75
"60QR000117",133,50,83
"60QR000118",108,39,69
"60QR000119",112,40,72
"60QR000120",127,50,77
"60QR000121",110,56,54
"60QR000122",323,252,71
"60QR000123",124,51,73
"60QR000124",65,31,34
"60QR000125",112,26,86
"60QR000126",114,41,73
"60QR000127",148,96,52
"60QR000128",101,27,74
"60QR000129",118,58,60
"60QR000130",135,29,106
"60QR000131",139,55,84
"60QR000132",135,42,93
"60QR000133",112,37,75
"60QR000134",120,42,78
"60QR000135",67,21,46
"60QR000136",94,16,78
"60QR000137",73,29,44
"60QR000138",138,47,91
"60QR000139",150,48,102
"60QR000140",118,38,80
"60QR000141",125,40,85
"60QR000142",144,47,97
"60QR000143",92,30,62
"60QR000144",143,56,87
"60QR000145",106,58,48
"60QR000146",84,20,64
"60QR000147",92,42,50
"60QR000148",70,20,50
"60QR000149",62,20,42
"60QR000150",138,30,108
"60QR000151",125,36,89
"60QR000152",114,33,81
"60QR000153",103,24,79
"60QR000154",91,34,57
"60QR000155",138,39,99
"60QR000156",119,32,87
"60QR000157",114,31,83
"60QR000158",95,15,80
"60QR000159",39,19,20
"60QR000160",109,69,40
"60QR000161",71,37,34
"60QR000162",100,42,58
"60QR000163",79,57,22
"60QR000164",163,43,120
"60QR000165",154,76,78
"60QR000166",55,17,38
"60QR000167",61,6,55
"60QR000168",120,74,46
"60QR000169",50,28,22
"60QR000170",86,64,22
"60QR000171",100,71,29
"60QR000172",152,62,90
"60QR000173",120,48,72
"60QR000174",138,47,91
"60QR000175",110,50,60
"60QR000176",134,75,59
"60QR000177",123,61,62
"60QR000178",157,77,80
"60QR000179",124,64,60
"60QR000180",98,55,43
"60QR000181",136,50,86
"60QR000182",87,47,40
"60QR000183",80,40,40
"60QR000184",76,39,37
"60QR000185",56,42,14
"60QR000186",102,42,60
"60QR000187",74,42,32
"60QR000188",133,83,50
"60QR000189",111,78,33
"60QR000190",71,31,40
"60QR000191",64,35,29
"60QR000192",82,55,27
"60QR000193",113,63,50
"60QR000194",116,57,59
"60QR000195",118,62,56
"60QR000196",92,47,45
"60QR000197",83,47,36
"60QR000198",46,22,24
"60QR000199",91,42,49
"60QR000200",115,39,76
"60QR000201",89,49,40
"60QR000202",105,37,68
"60QR000203",97,43,54
"60QR000204",94,53,41
"60QR000205",111,63,48
"60QR000206",86,42,44
"60QR000207",79,39,40
"60QR000208",91,62,29
"60QR000209",95,37,58
"60QR000210",60,36,24
"60QR000211",111,45,66
"60QR000212",89,35,54
"60QR000213",94,48,46
"60QR000214",80,38,42
"60QR000215",86,42,44
"60QR000216",70,32,38
"60QR000217",114,53,61
"60QR000218",137,49,88
"60QR000219",130,62,68
"60QR000220",127,69,58
"60QR000221",117,57,60
"60QR000222",101,42,59
"60QR000223",92,46,46
"60QR000224",81,32,49
"60QR000225",69,27,42
"60QR000226",86,38,48
"60QR000227",73,27,46
"60QR000228",118,49,69
"60QR000229",54,30,24
"60QR000230",65,41,24
"60QR000231",139,73,66
"60QR000232",123,53,70
"60QR000233",84,45,39
"60QR000234",107,54,53
"60QR000235",124,63,61
"60QR000236",91,52,39
"60QR000237",80,26,54
"60QR000238",122,48,74
"60QR000239",114,54,60
"60QR000240",72,34,38
"60QR000241",99,61,38
"60QR000242",95,53,42
"60QR000243",98,46,52
"60QR000244",110,76,34
"60QR000245",66,35,31
"60QR000246",138,74,64
"60QR000247",109,55,54
"60QR000248",126,63,63
"60QR000249",120,55,65
"60QR000250",87,31,56
"60QR000251",50,44,6
"60QR000252",104,44,60
"60QR000253",83,69,14
"60QR000254",98,38,60
"60QR000255",63,57,6
"60QR000256",123,50,73
"60QR000257",70,32,38
"60QR000258",74,31,43
"60QR000259",105,49,56
"60QR000260",122,55,67
"60QR000261",81,72,9
"60QR000262",83,54,29
"60QR000263",97,62,35
"60QR000264",69,34,35
"60QR000265",171,55,116
"60QR000266",135,41,94
"60QR000267",70,40,30
"60QR000268",84,38,46
"60QR000269",88,38,50
"60QR000270",74,20,54
"60QR000271",106,48,58
"60QR000272",103,41,62
"60QR000273",54,46,8
"60QR000274",75,52,23
"60QR000275",155,63,92
"60QR000276",102,40,62
"60QR000277",42,33,9
"60QR000278",78,36,42
"60QR000279",87,65,22
"60QR000280",114,75,39
"60QR000281",74,58,16
"60QR000282",102,40,62
"60QR000283",92,30,62
"60QR000284",127,50,77
"60QR000285",122,78,44
"60QR000286",112,52,60
"60QR000287",97,27,70
"60QR000288",79,39,40
"60QR000289",94,37,57
"60QR000290",101,30,71
"60QR000291",92,36,56
"60QR000292",96,40,56
"60QR000293",82,36,46
"60QR000294",89,38,51
"60QR000295",128,33,95
"60QR000296",101,47,54
"60QR000297",108,44,64
"60QR000298",48,20,28
"60QR000299",79,36,43
"60QR000300",131,59,72
"60QR000301",122,50,72
"60QR000302",88,50,38
"60QR000303",101,37,64
"60QR000304",103,56,47
"60QR000305",97,48,49
"60QR000306",99,58,41
"60QR000307",76,40,36
"60QR000308",104,60,44
"60QR000309",111,55,56
"60QR000310",75,36,39
"60QR000311",74,34,40
"60QR000312",69,33,36
"60QR000313",104,42,62
"60QR000314",95,42,53
"60QR000315",99,59,40
"60QR000316",127,76,51
"60QR000317",61,33,28
"60QR000318",115,51,64
"60QR000319",86,48,38
"60QR000320",99,47,52
"60QR000321",93,37,56
"60QR000322",125,39,86
"60QR000323",56,26,30
"60QR000324",90,37,53
"60QR000325",92,31,61
"60QR000326",86,47,39
"60QR000327",70,41,29
"60QR000328",145,62,83
"60QR000329",132,40,92
"60QR000330",112,40,72
"60QR000331",100,47,53
"60QR000332",140,65,75
"60QR000333",91,42,49
"60QR000334",134,71,63
"60QR000335",107,45,62
"60QR000336",125,57,68
"60QR000337",113,48,65
"60QR000338",53,39,14
"60QR000339",77,54,23
"60QR000340",110,34,76
"60QR000341",71,52,19
"60QR000342",77,33,44
"60QR000343",83,37,46
"60QR000344",122,53,69
"60QR000345",133,68,65
"60QR000346",85,48,37
"60QR000347",101,49,52
"60QR000348",143,47,96
"60QR000349",79,29,50
"60QR000350",94,75,19
"60QR000351",97,75,22
"60QR000352",51,41,10
"60QR000353",59,31,28
"60QR000354",76,49,27
"60QR000355",70,40,30
"60QR000356",149,35,114
"60QR000357",97,47,50
"60QR000358",98,27,71
"60QR000359",77,35,42
"60QR000360",87,36,51
"60QR000361",41,15,26
"60QR000362",74,46,28
"60QR000363",125,53,72
"60QR000364",90,40,50
"60QR000365",79,37,42
"60QR000366",107,41,66
"60QR000367",90,47,43
"60QR000368",77,43,34
"60QR000369",84,48,36
"60QR000370",82,36,46
"60QR000371",98,38,60
"60QR000372",128,60,68
"60QR000373",59,42,17
"60QR000374",137,77,60
"60QR000375",69,47,22
"60QR000376",115,35,80
"60QR000377",85,57,28
"60QR000378",87,47,40
"60QR000379",78,40,38
"60QR000380",72,40,32
"60QR000381",70,49,21
"60QR000382",122,60,62
"60QR000383",77,40,37
"60QR000384",81,41,40
"60QR000385",91,53,38
"60QR000386",96,58,38
"60QR000387",70,48,22
"60QR000388",132,73,59
"60QR000389",74,28,46
"60QR000390",59,29,30
"60QR000391",130,54,76
"60QR000392",162,62,100
"60QR000393",131,51,80
"60QR000394",141,57,84
"60QR000395",116,60,56
"60QR000396",100,45,55
"60QR000397",105,51,54
"60QR000398",87,32,55
"60QR000399",93,37,56
"60QR000400",77,29,48
"60QR000401",95,53,42
"60QR000402",61,47,14
"60QR000403",62,24,38
"60QR000404",112,75,37
"60QR000405",42,36,6
"60QR000406",87,50,37
"60QR000407",58,44,14
"60QR000408",65,47,18
"60QR000409",92,58,34
"60QR000410",116,74,42
"60QR000411",53,43,10
"60QR000412",72,47,25
"60QR000413",70,34,36
"60QR000414",127,63,64
"60QR000415",64,42,22
"60QR000416",50,36,14
"60QR000417",68,48,20
"60QR000418",71,37,34
"60QR000419",93,67,26
"60QR000420",42,22,20
"60QR000421",85,67,18
"60QR000422",57,47,10
"60QR000423",126,66,60
"60QR000424",52,24,28
"60QR000425",97,73,24
"60QR000426",43,27,16
"60QR000427",71,47,24
"60QR000428",82,50,32
"60QR000429",95,37,58
"60QR000430",71,46,25
"60QR000431",65,23,42
"60QR000432",99,50,49
"60QR000433",65,37,28
"60QR000434",85,49,36
"60QR000435",155,47,108
"60QR000436",87,27,60
"60QR000437",129,40,89
"60QR000438",51,37,14
"60QR000439",111,23,88
"60QR000440",96,22,74
"60QR000441",93,31,62
"60QR000442",118,36,82
"60QR000443",150,48,102
"60QR000444",131,31,100
"60QR000445",136,37,99
"60QR000446",94,20,74
"60QR000447",104,40,64
"60QR000448",109,35,74
"60QR000449",117,31,86
"60QR000450",156,46,110
"60QR000451",85,31,54
"60QR000452",123,36,87
"60QR000453",86,24,62
"60QR000454",134,48,86
"60QR000455",139,47,92
"60QR000456",108,27,81
"60QR000457",143,59,84
"60QR000458",89,38,51
"60QR000459",99,48,51
"60QR000460",92,15,77
"60QR000461",50,25,25
"60QR000462",69,41,28
"60QR000463",84,30,54
"60QR000464",112,33,79
"60QR000465",142,45,97
"60QR000466",79,14,65
"60QR000467",67,27,40
"60QR000468",66,55,11
"60QR000469",88,51,37
"60QR000470",104,72,32
"60QR000471",91,62,29
"60QR000472",82,54,28
"60QR000473",109,92,17
"60QR000474",89,47,42
"60QR000475",118,47,71
"60QR000476",146,69,77
"60QR000477",134,36,98
"60QR000478",145,49,96
"60QR000479",107,35,72
"60QR000480",75,25,50
"60QR000481",158,46,112
"60QR000482",156,47,109
"60QR000483",125,22,103
"60QR000484",145,49,96
"60QR000485",102,41,61
"60QR000486",91,35,56
"60QR000487",127,42,85
"60QR000488",124,34,90
"60QR000489",121,44,77
"60QR000490",119,33,86
"60QR000491",153,50,103
"60QR000492",160,37,123
"60QR000493",101,22,79
"60QR000494",85,60,25
"60QR000495",71,43,28
"60QR000496",72,52,20
"60QR000497",102,82,20
"60QR000498",84,36,48
"60QR000499",45,29,16
"60QR000500",142,77,65
"60QR000501",114,44,70
"60QR000502",122,59,63
"60QR000503",117,70,47
"60QR000504",96,78,18
"60QR000505",58,48,10
"60QR000506",111,73,38
"60QR000507",107,89,18
"60QR000508",89,73,16
"60QR000509",76,43,33
"60QR000510",41,37,4
"60QR000511",90,56,34
"60QR000512",78,46,32
"60QR000513",65,43,22
"60QR000514",115,65,50
"60QR000515",83,40,43
"60QR000516",118,76,42
"60QR000517",55,21,34
"60QR000518",66,48,18
"60QR000519",89,49,40
"60QR000520",77,61,16
"60QR000521",79,41,38
"60QR000522",42,30,12
"60QR000523",84,31,53
"60QR000524",147,46,101
"60QR000525",138,40,98
"60QR000526",183,49,134
"60QR000527",113,31,82
"60QR000528",186,57,129
"60QR000529",92,24,68
"60QR000530",72,35,37
"60QR000531",114,20,94
"60QR000532",60,42,18
"60QR000533",133,63,70
"60QR000534",113,37,76
"60QR000535",155,82,73
"60QR000536",106,50,56
"60QR000537",63,52,11
"60QR000538",100,54,46
"60QR000539",91,75,16
"60QR000540",86,42,44
"60QR000541",81,71,10
"60QR000542",66,46,20
"60QR000543",81,57,24
"60QR000544",56,40,16
"60QR000545",119,73,46
"60QR000546",85,51,34
"60QR000547",136,85,51
"60QR000548",116,68,48
"60QR000549",66,44,22
"60QR000550",92,40,52
"60QR000551",126,74,52
"60QR000552",133,69,64
"60QR000553",122,42,80
"60QR000554",68,21,47
"60QR000555",84,32,52
"60QR000556",94,48,46
"60QR000557",66,40,26
"60QR000558",100,51,49
"60QR000559",100,58,42
"60QR000560",127,47,80
"60QR000561",138,96,42
"60QR000562",111,59,52
"60QR000563",108,68,40
"60QR000564",58,42,16
"60QR000565",60,38,22
"60QR000566",100,55,45
"60QR000567",113,38,75
"60QR000568",58,43,15
"60QR000569",66,57,9
"60QR000570",61,44,17
"60QR000571",83,58,25
"60QR000572",87,39,48
"60QR000573",117,72,45
"60QR000574",125,34,91
"60QR000575",105,24,81
"60QR000576",101,34,67
"60QR000577",154,47,107
"60QR000578",107,29,78
"60QR000579",112,28,84
"60QR000580",100,40,60
"60QR000581",87,27,60
"60QR000582",177,55,122
"60QR000583",89,35,54
"60QR000584",107,61,46
"60QR000585",155,55,100
"60QR000586",87,27,60
"60QR000587",94,26,68
"60QR000588",89,35,54
"60QR000589",122,38,84
"60QR000590",81,28,53
"60QR000591",80,19,61
"60QR000592",133,45,88
"60QR000593",105,31,74
"60QR000594",171,49,122
"60QR000595",154,49,105
"60QR000596",68,56,12
"60QR000597",84,53,31
"60QR000598",61,40,21
"60QR000599",71,47,24
"60QR000600",89,50,39
"60QR000601",97,79,18
"60QR000602",74,54,20
"60QR000603",113,72,41
"60QR000604",117,53,64
"60QR000605",109,39,70
"60QR000606",123,63,60
"60QR000607",121,30,91
"60QR000608",113,32,81
"60QR000609",85,29,56
"60QR000610",109,57,52
"60QR000611",126,48,78
"60QR000612",71,27,44
"60QR000613",111,55,56
"60QR000614",77,25,52
"60QR000615",120,52,68
"60QR000616",107,39,68
"60QR000617",115,31,84
"60QR000618",103,31,72
"60QR000619",117,86,31
"60QR000620",89,58,31
"60QR000621",118,67,51
"60QR000622",106,41,65
"60QR000623",85,58,27
"60QR000624",114,56,58
"60QR000625",79,27,52
"60QR000626",87,41,46
"60QR000627",111,40,71
"60QR000628",96,44,52
"60QR000629",74,34,40
"60QR000630",75,39,36
"60QR000631",101,39,62
"60QR000632",138,78,60
"60QR000633",93,40,53
"60QR000634",93,54,39
"60QR000635",113,39,74
"60QR000636",116,50,66
"60QR000637",85,39,46
"60QR000638",61,55,6
"60QR000639",73,61,12
"60QR000640",100,48,52
"60QR000641",65,35,30
"60QR000642",83,29,54
"60QR000643",90,25,65
"60QR000644",105,23,82
"60QR000645",72,24,48
"60QR000646",94,41,53
"60QR000647",141,43,98
"60QR000648",93,35,58
"60QR000649",86,44,42
"60QR000650",122,37,85
"60QR000651",70,22,48
"60QR000652",98,32,66
"60QR000653",92,24,68
"60QR000654",102,40,62
"60QR000655",91,46,45
"60QR000656",80,34,46
"60QR000657",142,43,99
"60QR000658",108,26,82
"60QR000659",120,42,78
"60QR000660",105,45,60
"60QR000661",82,26,56
"60QR000662",88,32,56
"60QR000663",47,25,22
"60QR000664",60,42,18
"60QR000665",98,55,43
"60QR000666",73,40,33
"60QR000667",124,36,88
"60QR000668",93,39,54
"60QR000669",89,23,66
"60QR000670",73,40,33
"60QR000671",79,19,60
"60QR000672",100,38,62
"60QR000673",71,30,41
"60QR000674",99,77,22
"60QR000675",97,39,58
"60QR000676",95,33,62
"60QR000677",101,47,54
"60QR000678",107,28,79
"60QR000679",136,76,60
"60QR000680",135,35,100
"60QR000681",106,53,53
"60QR000682",72,42,30
"60QR000683",117,55,62
"60QR000684",70,38,32
"60QR000685",130,71,59
"60QR000686",104,32,72
"60QR000687",135,61,74
"60QR000688",63,29,34
"60QR000689",145,43,102
"60QR000690",76,46,30
"60QR000691",166,43,123
"60QR000692",115,62,53
"60QR000693",151,71,80
"60QR000694",80,18,62
"60QR000695",171,41,130
"60QR000696",164,43,121
"60QR000697",98,35,63
"60QR000698",108,42,66
"60QR000699",91,26,65
"60QR000700",83,23,60
"60QR000701",94,69,25
"60QR000702",120,70,50
"60QR000703",180,84,96
"60QR000704",89,51,38
"60QR000705",132,70,62
"60QR000706",138,91,47
"60QR000707",80,38,42
"60QR000708",71,53,18
"60QR000709",144,59,85
"60QR000710",132,66,66
"60QR000711",106,53,53
"60QR000712",84,51,33
"60QR000713",96,46,50
"60QR000714",62,41,21
"60QR000715",150,46,104
"60QR000716",142,62,80
"60QR000717",136,31,105
"60QR000718",128,36,92
"60QR000719",111,41,70
"60QR000720",128,66,62
"60QR000721",78,45,33
"60QR000722",151,53,98
"60QR000723",73,46,27
"60QR000724",77,38,39
"60QR000725",105,54,51
"60QR000726",99,36,63
"60QR000727",74,37,37
"60QR000728",134,76,58
"60QR000729",81,49,32
"60QR000730",132,61,71
"60QR000731",77,39,38
"60QR000732",79,41,38
"60QR000733",91,55,36
"60QR000734",64,56,8
"60QR000735",79,27,52
"60QR000736",87,55,32
"60QR000737",128,60,68
"60QR000738",59,39,20
"60QR000739",59,45,14
"60QR000740",92,52,40
"60QR000741",88,60,28
"60QR000742",116,40,76
"60QR000743",121,42,79
"60QR000744",70,26,44
"60QR000745",81,40,41
"60QR000746",126,62,64
"60QR000747",134,71,63
"60QR000748",122,51,71
"60QR000749",84,51,33
"60QR000750",106,36,70
"60QR000751",86,38,48
"60QR000752",92,31,61
"60QR000753",95,34,61
"60QR000754",92,48,44
"60QR000755",95,41,54
"60QR000756",77,27,50
"60QR000757",125,87,38
"60QR000758",83,59,24
"60QR000759",115,74,41
"60QR000760",72,32,40
"60QR000761",106,73,33
"60QR000762",59,18,41
"60QR000763",76,50,26
"60QR000764",169,78,91
"60QR000765",130,64,66
"60QR000766",86,33,53
"60QR000767",80,28,52
"60QR000768",70,54,16
"60QR000769",127,37,90
"60QR000770",132,46,86
"60QR000771",133,51,82
"60QR000772",125,63,62
"60QR000773",90,34,56
"60QR000774",92,41,51
"60QR000775",145,68,77
"60QR000776",133,45,88
"60QR000777",90,36,54
"60QR000778",86,55,31
"60QR000779",60,44,16
"60QR000780",75,31,44
"60QR000781",64,42,22
"60QR000782",124,60,64
"60QR000783",73,36,37
"60QR000784",109,62,47
"60QR000785",89,49,40
"60QR000786",114,60,54
"60QR000787",92,61,31
"60QR000788",123,54,69
"60QR000789",98,52,46
"60QR000790",67,32,35
"60QR000791",68,38,30
"60QR000792",52,31,21
"60QR000793",75,35,40
"60QR000794",86,61,25
"60QR000795",72,48,24
"60QR000796",87,46,41
"60QR000797",86,48,38
"60QR000798",56,40,16
"60QR000799",57,27,30
"60QR000800",94,64,30
"60QR000801",85,41,44
"60QR000802",95,49,46
"60QR000803",115,62,53
"60QR000804",79,36,43
"60QR000805",137,61,76
"60QR000806",139,67,72
"60QR000807",155,73,82
"60QR000808",111,49,62
"60QR000809",162,80,82
"60QR000810",151,73,78
"60QR000811",156,67,89
"60QR000812",74,30,44
"60QR000813",37,25,12
"60QR000814",88,58,30
"60QR000815",72,48,24
"60QR000816",85,38,47
"60QR000817",116,55,61
"60QR000818",119,66,53
"60QR000819",79,43,36
"60QR000820",91,41,50
"60QR000821",105,55,50
"60QR000822",131,67,64
"60QR000823",74,45,29
"60QR000824",68,36,32
"60QR000825",115,57,58
"60QR000826",95,43,52
"60QR000827",84,35,49
"60QR000828",86,28,58
"60QR000829",120,48,72
"60QR000830",139,55,84
"60QR000831",62,14,48
"60QR000832",87,43,44
"60QR000833",102,48,54
"60QR000834",71,29,42
"60QR000835",106,40,66
"60QR000836",100,38,62
"60QR000837",90,45,45
"60QR000838",94,37,57
"60QR000839",92,55,37
"60QR000840",93,61,32
"60QR000841",99,62,37
"60QR000842",114,62,52
"60QR000843",109,47,62
"60QR000844",96,58,38
"60QR000845",71,37,34
"60QR000846",54,35,19
"60QR000847",101,45,56
"60QR000848",119,51,68
"60QR000849",106,38,68
"60QR000850",71,39,32
"60QR000851",90,25,65
"60QR000852",117,43,74
"60QR000853",103,35,68
"60QR000854",97,57,40
"60QR000855",72,35,37
"60QR000856",79,45,34
"60QR000857",82,36,46
"60QR000858",90,51,39
"60QR000859",96,51,45
"60QR000860",54,44,10
"60QR000861",68,47,21
"60QR000862",69,51,18
"60QR000863",94,62,32
"60QR000864",75,53,22
"60QR000865",50,42,8
"60QR000866",117,75,42
"60QR000867",70,40,30
"60QR000868",52,45,7
"60QR000869",58,33,25
"60QR000870",68,30,38
"60QR000871",75,49,26
"60QR000872",89,40,49
"60QR000873",77,51,26
"60QR000874",58,41,17
"60QR000875",71,51,20
"60QR000876",46,28,18
"60QR000877",107,53,54
"60QR000878",60,41,19
"60QR000879",54,34,20
"60QR000880",58,48,10
"60QR000881",134,64,70
"60QR000882",85,29,56
"60QR000883",120,50,70
"60QR000884",120,52,68
"60QR000885",126,44,82
"60QR000886",66,32,34
"60QR000887",71,39,32
"60QR000888",100,42,58
"60QR000889",112,58,54
"60QR000890",112,65,47
"60QR000891",71,18,53
"60QR000892",88,33,55
"60QR000893",91,27,64
"60QR000894",68,39,29
"60QR000895",120,79,41
"60QR000896",165,83,82
"60QR000897",75,49,26
"60QR000898",65,39,26
"60QR000899",55,51,4
"60QR000900",130,96,34
"60QR000901",68,44,24
"60QR000902",47,25,22
"60QR000903",100,56,44
"60QR000904",76,46,30
"60QR000905",50,26,24
"60QR000906",70,42,28
"60QR000907",120,47,73
"60QR000908",71,54,17
"60QR000909",88,52,36
"60QR000910",56,40,16
"60QR000911",54,40,14
"60QR000912",73,55,18
"60QR000913",119,61,58
"60QR000914",152,94,58
"60QR000915",111,53,58
"60QR000916",129,69,60
"60QR000917",103,57,46
"60QR000918",118,49,69
"60QR000919",79,32,47
"60QR000920",115,61,54
"60QR000921",88,48,40
"60QR000922",74,44,30
"60QR000923",54,29,25
"60QR000924",52,36,16
"60QR000925",69,30,39
"60QR000926",91,70,21
"60QR000927",106,78,28
"60QR000928",86,46,40
"60QR000929",69,45,24
"60QR000930",59,45,14
"60QR000931",88,68,20
"60QR000932",94,38,56
"60QR000933",83,28,55
"60QR000934",87,27,60
"60QR000935",68,17,51
"60QR000936",66,14,52
"60QR000937",68,40,28
"60QR000938",102,35,67
"60QR000939",102,66,36
"60QR000940",89,69,20
"60QR000941",86,62,24
"60QR000942",97,72,25
"60QR000943",67,39,28
"60QR000944",48,34,14
"60QR000945",113,59,54
"60QR000946",132,80,52
"60QR000947",109,65,44
"60QR000948",94,40,54
"60QR000949",73,27,46
"60QR000950",69,33,36
"60QR000951",104,78,26
"60QR000952",104,78,26
"60QR000953",52,44,8
"60QR000954",63,46,17
"60QR000955",73,44,29
"60QR000956",178,76,102
"60QR000957",120,70,50
"60QR000958",131,52,79
"60QR000959",90,46,44
"60QR000960",80,26,54
"60QR000961",82,58,24
"60QR000962",109,51,58
"60QR000963",72,38,34
"60QR000964",98,42,56
"60QR000965",95,41,54
"60QR000966",85,39,46
"60QR000967",95,70,25
"60QR000968",75,57,18
"60QR000969",51,19,32
"60QR000970",109,47,62
"60QR000971",79,66,13
"60QR000972",63,41,22
"60QR000973",92,54,38
"60QR000974",100,84,16
"60QR000975",53,31,22
"60QR000976",52,33,19
"60QR000977",64,52,12
"60QR000978",75,28,47
"60QR000979",66,47,19
"60QR000980",82,49,33
"60QR000981",55,36,19
"60QR000982",64,47,17
"60QR000983",82,52,30
"60QR000984",82,62,20
"60QR000985",82,35,47
"60QR000986",82,24,58
"60QR000987",112,58,54
"60QR000988",59,33,26
"60QR000989",89,29,60
"60QR000990",106,26,80
"60QR000991",139,33,106
"60QR000992",140,39,101
"60QR000993",94,30,64
"60QR000994",136,95,41
"60QR000995",67,37,30
"60QR000996",76,54,22
"60QR000997",68,38,30
"60QR000998",90,54,36
"60QR000999",70,45,25
"60QR001000",130,82,48
"60QR001001",114,73,41
"60QR001002",131,69,62
"60QR001003",117,67,50
"60QR001004",94,42,52
"60QR001005",101,29,72
"60QR001006",94,26,68
"60QR001007",95,31,64
"60QR001008",82,60,22
"60QR001009",81,56,25
"60QR001010",109,93,16
"60QR001011",76,62,14
"60QR001012",129,87,42
"60QR001013",83,55,28
"60QR001014",119,61,58
"60QR001015",109,39,70
"60QR001016",113,66,47
"60QR001017",76,54,22
"60QR001018",85,50,35
"60QR001019",63,41,22
"60QR001020",54,30,24
"60QR001021",52,35,17
"60QR001022",59,35,24
"60QR001023",94,56,38
"60QR001024",83,71,12
"60QR001025",71,35,36
"60QR001026",80,48,32
"60QR001027",109,67,42
"60QR001028",65,33,32
"60QR001029",66,37,29
"60QR001030",89,59,30
"60QR001031",89,56,33
"60QR001032",104,66,38
"60QR001033",81,29,52
"60QR001034",68,28,40
"60QR001035",71,27,44
"60QR001036",103,58,45
"60QR001037",73,39,34
"60QR001038",109,52,57
"60QR001039",72,37,35
"60QR001040",66,32,34
"60QR001041",68,38,30
"60QR001042",80,38,42
"60QR001043",92,57,35
"60QR001044",111,90,21
"60QR001045",41,15,26
"60QR001046",99,54,45
"60QR001047",115,79,36
"60QR001048",90,61,29
"60QR001049",139,71,68
"60QR001050",145,56,89
"60QR001051",102,59,43
"60QR001052",96,69,27
"60QR001053",160,54,106
"60QR001054",116,33,83
"60QR001055",162,46,116
"60QR001056",124,41,83
"60QR001057",98,26,72
"60QR001058",120,42,78
"60QR001059",90,52,38
"60QR001060",80,32,48
"60QR001061",122,50,72
"60QR001062",80,36,44
"60QR001063",110,34,76
"60QR001064",146,42,104
"60QR001065",92,24,68
"60QR001066",60,23,37
"60QR001067",80,35,45
"60QR001068",78,42,36
"60QR001069",63,43,20
"60QR001070",163,86,77
"60QR001071",147,62,85
"60QR001072",91,41,50
"60QR001073",88,39,49
"60QR001074",143,63,80
"60QR001075",94,52,42
"60QR001076",75,45,30
"60QR001077",67,58,9
"60QR001078",84,43,41
"60QR001079",65,40,25
"60QR001080",85,43,42
"60QR001081",75,46,29
"60QR001082",100,71,29
"60QR001083",140,91,49
"60QR001084",92,59,33
"60QR001085",114,90,24
"60QR001086",84,52,32
"60QR001087",116,66,50
"60QR001088",90,58,32
"60QR001089",113,82,31
"60QR001090",117,50,67
"60QR001091",96,55,41
"60QR001092",79,39,40
"60QR001093",78,37,41
"60QR001094",96,56,40
"60QR001095",81,55,26
"60QR001096",60,40,20
"60QR001097",112,62,50
"60QR001098",137,72,65
"60QR001099",108,29,79
"60QR001100",109,25,84
"60QR001101",82,25,57
"60QR001102",95,33,62
"60QR001103",127,45,82
"60QR001104",113,23,90
"60QR001105",94,30,64
"60QR001106",153,41,112
"60QR001107",139,30,109
"60QR001108",115,26,89
"60QR001109",111,29,82
"60QR001110",95,36,59
"60QR001111",99,27,72
"60QR001112",134,36,98
"60QR001113",86,26,60
"60QR001114",129,43,86
"60QR001115",103,28,75
"60QR001116",100,28,72
"60QR001117",122,39,83
"60QR001118",99,29,70
"60QR001119",84,21,63
"60QR001120",106,32,74
"60QR001121",89,27,62
"60QR001122",86,30,56
"60QR001123",130,53,77
"60QR001124",141,52,89
"60QR001125",95,25,70
"60QR001126",89,39,50
"60QR001127",90,36,54
"60QR001128",112,42,70
"60QR001129",133,63,70
"60QR001130",125,68,57
"60QR001131",103,59,44
"60QR001132",90,42,48
"60QR001133",74,39,35
"60QR001134",62,42,20
"60QR001135",99,59,40
"60QR001136",74,48,26
"60QR001137",144,92,52
"60QR001138",94,36,58
"60QR001139",123,74,49
"60QR001140",89,39,50
"60QR001141",113,63,50
"60QR001142",129,55,74
"60QR001143",130,69,61
"60QR001144",104,41,63
"60QR001145",115,27,88
"60QR001146",128,46,82
"60QR001147",94,17,77
"60QR001148",115,43,72
"60QR001149",83,31,52
"60QR001150",78,28,50
"60QR001151",115,39,76
"60QR001152",65,35,30
"60QR001153",115,37,78
"60QR001154",82,30,52
"60QR001155",75,38,37
"60QR001156",76,37,39
"60QR001157",132,50,82
"60QR001158",123,57,66
"60QR001159",126,57,69
"60QR001160",108,40,68
"60QR001161",65,53,12
"60QR001162",108,55,53
"60QR001163",94,41,53
"60QR001164",89,36,53
"60QR001165",79,43,36
"60QR001166",77,43,34
"60QR001167",107,63,44
"60QR001168",90,39,51
"60QR001169",108,42,66
"60QR001170",81,33,48
"60QR001171",81,45,36
"60QR001172",90,38,52
"60QR001173",160,54,106
"60QR001174",116,50,66
"60QR001175",104,59,45
"60QR001176",119,69,50
"60QR001177",54,28,26
"60QR001178",107,51,56
"60QR001179",123,40,83
"60QR001180",94,28,66
"60QR001181",223,64,159
"60QR001182",76,36,40
"60QR001183",150,44,106
"60QR001184",123,21,102
"60QR001185",107,39,68
"60QR001186",69,41,28
"60QR001187",144,85,59
"60QR001188",96,54,42
"60QR001189",78,28,50
"60QR001190",52,6,46
"60QR001191",109,51,58
"60QR001192",115,78,37
"60QR001193",143,81,62
"60QR001194",91,69,22
"60QR001195",69,55,14
"60QR001196",64,46,18
"60QR001197",65,55,10
"60QR001198",101,61,40
"60QR001199",65,38,27
"60QR001200",116,53,63
"60QR001201",81,50,31
"60QR001202",87,41,46
"60QR001203",114,48,66
"60QR001204",107,58,49
"60QR001205",77,43,34
"60QR001206",75,43,32
"60QR001207",130,34,96
"60QR001208",100,32,68
"60QR001209",71,42,29
"60QR001210",114,68,46
"60QR001211",131,83,48
"60QR001212",131,69,62
"60QR001213",89,53,36
"60QR001214",105,37,68
"60QR001215",84,49,35
"60QR001216",67,25,42
"60QR001217",92,40,52
"60QR001218",132,65,67
"60QR001219",93,30,63
"60QR001220",81,37,44
"60QR001221",106,46,60
"60QR001222",79,46,33
"60QR001223",125,76,49
"60QR001224",103,46,57
"60QR001225",95,55,40
"60QR001226",133,52,81
"60QR001227",127,41,86
"60QR001228",85,47,38
"60QR001229",96,61,35
"60QR001230",114,58,56
"60QR001231",78,40,38
"60QR001232",118,57,61
"60QR001233",123,69,54
"60QR001234",112,47,65
"60QR001235",104,46,58
"60QR001236",108,39,69
"60QR001237",78,44,34
"60QR001238",79,29,50
"60QR001239",124,72,52
"60QR001240",140,75,65
"60QR001241",63,35,28
"60QR001242",102,54,48
"60QR001243",86,56,30
"60QR001244",82,43,39
"60QR001245",63,48,15
"60QR001246",84,43,41
"60QR001247",145,77,68
"60QR001248",131,63,68
"60QR001249",62,31,31
"60QR001250",113,88,25
"60QR001251",103,72,31
"60QR001252",121,40,81
"60QR001253",77,37,40
"60QR001254",125,57,68
"60QR001255",79,37,42
"60QR001256",90,42,48
"60QR001257",116,56,60
"60QR001258",108,48,60
"60QR001259",93,41,52
"60QR001260",118,64,54
"60QR001261",89,51,38
"60QR001262",70,57,13
"60QR001263",38,27,11
"60QR001264",57,35,22
"60QR001265",111,36,75
"60QR001266",139,68,71
"60QR001267",80,37,43
"60QR001268",101,52,49
"60QR001269",90,37,53
"60QR001270",62,34,28
"60QR001271",134,54,80
"60QR001272",94,58,36
"60QR001273",112,68,44
"60QR001274",90,42,48
"60QR001275",93,39,54
"60QR001276",109,70,39
"60QR001277",74,34,40
"60QR001278",60,28,32
"60QR001279",106,61,45
"60QR001280",115,72,43
"60QR001281",126,55,71
"60QR001282",75,59,16
"60QR001283",146,88,58
"60QR001284",152,75,77
"60QR001285",122,46,76
"60QR001286",98,48,50
"60QR001287",79,27,52
"60QR001288",78,37,41
"60QR001289",81,39,42
"60QR001290",118,52,66
"60QR001291",88,48,40
"60QR001292",101,47,54
"60QR001293",98,39,59
"60QR001294",89,49,40
"60QR001295",79,48,31
"60QR001296",48,40,8
"60QR001297",74,44,30
"60QR001298",89,43,46
"60QR001299",79,50,29
"60QR001300",64,46,18
"60QR001301",81,41,40
"60QR001302",140,63,77
"60QR001303",67,35,32
"60QR001304",89,41,48
"60QR001305",90,45,45
"60QR001306",99,39,60
"60QR001307",94,52,42
"60QR001308",96,19,77
"60QR001309",60,28,32
"60QR001310",71,47,24
"60QR001311",84,44,40
"60QR001312",94,51,43
"60QR001313",89,52,37
"60QR001314",116,60,56
"60QR001315",130,62,68
"60QR001316",80,28,52
"60QR001317",99,39,60
"60QR001318",137,57,80
"60QR001319",79,44,35
"60QR001320",85,33,52
"60QR001321",115,73,42
"60QR001322",68,38,30
"60QR001323",103,78,25
"60QR001324",97,47,50
"60QR001325",109,35,74
"60QR001326",122,65,57
"60QR001327",104,76,28
"60QR001328",69,40,29
"60QR001329",100,83,17
"60QR001330",120,68,52
"60QR001331",75,45,30
"60QR001332",65,30,35
"60QR001333",104,56,48
"60QR001334",92,53,39
"60QR001335",101,81,20
"60QR001336",85,54,31
"60QR001337",120,67,53
"60QR001338",68,38,30
"60QR001339",152,57,95
"60QR001340",104,61,43
"60QR001341",139,57,82
"60QR001342",136,72,64
"60QR001343",81,37,44
"60QR001344",74,39,35
"60QR001345",119,57,62
"60QR001346",66,32,34
"60QR001347",91,49,42
"60QR001348",100,49,51
"60QR001349",84,42,42
"60QR001350",88,32,56
"60QR001351",85,35,50
"60QR001352",104,45,59
"60QR001353",74,34,40
"60QR001354",71,43,28
"60QR001355",93,59,34
"60QR001356",99,38,61
"60QR001357",125,72,53
"60QR001358",84,32,52
"60QR001359",84,34,50
"60QR001360",92,44,48
"60QR001361",112,62,50
"60QR001362",79,51,28
"60QR001363",80,44,36
"60QR001364",91,61,30
"60QR001365",78,25,53
"60QR001366",96,38,58
"60QR001367",105,69,36
"60QR001368",140,60,80
"60QR001369",73,39,34
"60QR001370",98,37,61
"60QR001371",90,32,58
"60QR001372",73,34,39
"60QR001373",104,53,51
"60QR001374",65,41,24
"60QR001375",126,70,56
"60QR001376",90,44,46
"60QR001377",91,41,50
"60QR001378",144,56,88
"60QR001379",136,68,68
"60QR001380",114,58,56
"60QR001381",122,41,81
"60QR001382",118,58,60
"60QR001383",43,21,22
"60QR001384",49,31,18
"60QR001385",125,69,56
"60QR001386",132,66,66
"60QR001387",140,58,82
"60QR001388",108,56,52
"60QR001389",77,38,39
"60QR001390",85,49,36
"60QR001391",120,58,62
"60QR001392",71,33,38
"60QR001393",88,38,50
"60QR001394",83,39,44
"60QR001395",147,52,95
"60QR001396",76,48,28
"60QR001397",122,60,62
"60QR001398",113,60,53
"60QR001399",78,46,32
"60QR001400",120,57,63
"60QR001401",79,42,37
"60QR001402",79,35,44
"60QR001403",93,67,26
"60QR001404",74,34,40
"60QR001405",64,42,22
"60QR001406",125,63,62
"60QR001407",93,77,16
"60QR001408",68,49,19
"60QR001409",79,33,46
"60QR001410",129,67,62
"60QR001411",109,56,53
"60QR001412",104,46,58
"60QR001413",110,60,50
"60QR001414",82,58,24
"60QR001415",93,40,53
"60QR001416",88,38,50
"60QR001417",99,43,56
"60QR001418",68,24,44
"60QR001419",82,36,46
"60QR001420",64,42,22
"60QR001421",68,44,24
"60QR001422",59,47,12
"60QR001423",112,63,49
"60QR001424",85,53,32
"60QR001425",103,59,44
"60QR001426",57,44,13
"60QR001427",63,36,27
"60QR001428",97,53,44
"60QR001429",62,36,26
"60QR001430",95,39,56
"60QR001431",62,38,24
"60QR001432",66,46,20
"60QR001433",64,28,36
"60QR001434",133,80,53
"60QR001435",84,61,23
"60QR001436",47,31,16
"60QR001437",139,74,65
"60QR001438",100,49,51
"60QR001439",94,52,42
"60QR001440",132,79,53
"60QR001441",92,55,37
"60QR001442",77,39,38
"60QR001443",142,50,92
"60QR001444",121,52,69
"60QR001445",91,55,36
"60QR001446",118,46,72
"60QR001447",68,41,27
"60QR001448",124,51,73
"60QR001449",75,33,42
"60QR001450",157,74,83
"60QR001451",116,38,78
"60QR001452",71,36,35
"60QR001453",91,41,50
"60QR001454",75,37,38
"60QR001455",84,35,49
"60QR001456",45,35,10
"60QR001457",102,52,50
"60QR001458",58,36,22
"60QR001459",85,49,36
"60QR001460",102,48,54
"60QR001461",70,49,21
"60QR001462",74,38,36
"60QR001463",69,29,40
"60QR001464",95,76,19
"60QR001465",100,31,69
"60QR001466",86,62,24
"60QR001467",66,42,24
"60QR001468",76,55,21
"60QR001469",86,49,37
"60QR001470",92,52,40
"60QR001471",92,50,42
"60QR001472",72,49,23
"60QR001473",67,45,22
"60QR001474",80,52,28
"60QR001475",54,37,17
"60QR001476",77,29,48
"60QR001477",111,45,66
"60QR001478",100,40,60
"60QR001479",124,46,78
"60QR001480",112,69,43
"60QR001481",121,58,63
"60QR001482",52,48,4
"60QR001483",88,53,35
"60QR001484",50,20,30
"60QR001485",104,58,46
"60QR001486",67,27,40
"60QR001487",76,44,32
"60QR001488",101,47,54
"60QR001489",97,25,72
"60QR001490",149,53,96
"60QR001491",91,27,64
"60QR001492",90,14,76
"60QR001493",78,30,48
"60QR001494",85,25,60
"60QR001495",96,40,56
"60QR001496",106,61,45
"60QR001497",126,37,89
"60QR001498",77,59,18
"60QR001499",140,45,95
"60QR001500",138,51,87
"60QR001501",149,42,107
"60QR001502",77,47,30
"60QR001503",87,35,52
"60QR001504",84,38,46
"60QR001505",124,66,58
"60QR001506",92,58,34
"60QR001507",128,48,80
"60QR001508",134,63,71
"60QR001509",121,71,50
"60QR001510",99,55,44
"60QR001511",52,33,19
"60QR001512",131,73,58
"60QR001513",107,47,60
"60QR001514",105,47,58
"60QR001515",93,23,70
"60QR001516",126,34,92
"60QR001517",76,54,22
"60QR001518",105,29,76
"60QR001519",84,34,50
"60QR001520",101,43,58
"60QR001521",86,42,44
"60QR001522",91,52,39
"60QR001523",116,48,68
"60QR001524",97,34,63
"60QR001525",98,36,62
"60QR001526",74,32,42
"60QR001527",99,40,59
"60QR001528",107,45,62
"60QR001529",88,39,49
"60QR001530",122,56,66
"60QR001531",100,51,49
"60QR001532",109,62,47
"60QR001533",138,53,85
"60QR001534",115,41,74
"60QR001535",109,37,72
"60QR001536",87,39,48
"60QR001537",130,44,86
"60QR001538",127,53,74
"60QR001539",105,62,43
"60QR001540",79,46,33
"60QR001541",68,45,23
"60QR001542",95,63,32
"60QR001543",99,47,52
"60QR001544",104,58,46
"60QR001545",82,32,50
"60QR001546",140,70,70
"60QR001547",82,22,60
"60QR001548",101,45,56
"60QR001549",71,38,33
"60QR001550",71,35,36
"60QR001551",111,80,31
"60QR001552",97,53,44
"60QR001553",81,41,40
"60QR001554",82,40,42
"60QR001555",137,70,67
"60QR001556",68,57,11
"60QR001557",65,53,12
"60QR001558",78,50,28
"60QR001559",60,40,20
"60QR001560",85,45,40
"60QR001561",85,45,40
"60QR001562",110,46,64
"60QR001563",86,42,44
"60QR001564",76,48,28
"60QR001565",66,42,24
"60QR001566",94,49,45
"60QR001567",73,35,38
"60QR001568",77,29,48
"60QR001569",93,31,62
"60QR001570",101,69,32
"60QR001571",98,40,58
"60QR001572",106,46,60
"60QR001573",124,57,67
"60QR001574",102,42,60
"60QR001575",67,23,44
"60QR001576",98,39,59
"60QR001577",71,37,34
"60QR001578",112,37,75
"60QR001579",76,34,42
"60QR001580",75,37,38
"60QR001581",138,62,76
"60QR001582",122,38,84
"60QR001583",85,47,38
"60QR001584",102,30,72
"60QR001585",95,37,58
"60QR001586",95,49,46
"60QR001587",112,43,69
"60QR001588",84,46,38
"60QR001589",108,42,66
"60QR001590",107,41,66
"60QR001591",93,25,68
"60QR001592",100,38,62
"60QR001593",77,32,45
"60QR001594",98,60,38
"60QR001595",75,33,42
"60QR001596",136,52,84
"60QR001597",70,21,49
"60QR001598",90,17,73
"60QR001599",97,17,80
"60QR001600",86,26,60
"60QR001601",144,54,90
"60QR001602",99,27,72
"60QR001603",107,45,62
"60QR001604",89,43,46
"60QR001605",104,41,63
"60QR001606",80,36,44
"60QR001607",136,27,109
"60QR001608",143,41,102
"60QR001609",97,21,76
"60QR001610",147,75,72
"60QR001611",145,63,82
"60QR001612",66,30,36
"60QR001613",123,52,71
"60QR001614",92,38,54
"60QR001615",215,71,144
"60QR001616",115,39,76
"60QR001617",91,41,50
"60QR001618",70,40,30
"60QR001619",116,32,84
"60QR001620",122,52,70
"60QR001621",132,44,88
"60QR001622",98,30,68
"60QR001623",111,53,58
"60QR001624",50,32,18
"60QR001625",98,31,67
"60QR001626",67,25,42
"60QR001627",105,49,56
"60QR001628",75,30,45
"60QR001629",92,43,49
"60QR001630",85,43,42
"60QR001631",99,53,46
"60QR001632",118,64,54
"60QR001633",83,55,28
"60QR001634",87,41,46
"60QR001635",84,38,46
"60QR001636",92,42,50
"60QR001637",102,54,48
"60QR001638",46,20,26
"60QR001639",109,37,72
"60QR001640",106,37,69
"60QR001641",84,46,38
"60QR001642",131,53,78
"60QR001643",92,34,58
"60QR001644",85,37,48
"60QR001645",111,43,68
"60QR001646",73,33,40
"60QR001647",111,53,58
"60QR001648",133,32,101
"60QR001649",84,41,43
"60QR001650",101,50,51
"60QR001651",93,49,44
"60QR001652",93,37,56
"60QR001653",68,50,18
"60QR001654",103,42,61
"60QR001655",69,47,22
"60QR001656",101,57,44
"60QR001657",126,75,51
"60QR001658",125,66,59
"60QR001659",103,67,36
"60QR001660",117,52,65
"60QR001661",101,89,12
"60QR001662",109,55,54
"60QR001663",120,56,64
"60QR001664",90,43,47
"60QR001665",78,51,27
"60QR001666",80,40,40
"60QR001667",95,33,62
"60QR001668",83,47,36
"60QR001669",72,32,40
"60QR001670",72,60,12
"60QR001671",93,53,40
"60QR001672",79,21,58
"60QR001673",82,40,42
"60QR001674",88,26,62
"60QR001675",71,30,41
"60QR001676",81,37,44
"60QR001677",84,38,46
"60QR001678",78,37,41
"60QR001679",80,58,22
"60QR001680",98,74,24
"60QR001681",101,49,52
"60QR001682",101,43,58
"60QR001683",98,34,64
"60QR001684",115,57,58
"60QR001685",111,52,59
"60QR001686",104,56,48
"60QR001687",90,39,51
"60QR001688",213,140,73
"60QR001689",106,54,52
"60QR001690",151,46,105
"60QR001691",62,25,37
"60QR001692",56,32,24
"60QR001693",97,40,57
"60QR001694",91,47,44
"60QR001695",77,37,40
"60QR001696",109,51,58
"60QR001697",147,63,84
"60QR001698",96,32,64
"60QR001699",84,42,42
"60QR001700",118,58,60
"60QR001701",73,30,43
"60QR001702",86,36,50
"60QR001703",88,25,63
"60QR001704",84,38,46
"60QR001705",64,33,31
"60QR001706",86,24,62
"60QR001707",119,31,88
"60QR001708",159,69,90
"60QR001709",95,47,48
"60QR001710",109,61,48
"60QR001711",98,58,40
"60QR001712",119,49,70
"60QR001713",146,74,72
"60QR001714",108,56,52
"60QR001715",151,70,81
"60QR001716",118,62,56
"60QR001717",72,49,23
"60QR001718",113,58,55
"60QR001719",94,62,32
"60QR001720",84,44,40
"60QR001721",90,44,46
"60QR001722",136,76,60
"60QR001723",119,78,41
"60QR001724",136,92,44
"60QR001725",123,67,56
"60QR001726",97,33,64
"60QR001727",101,49,52
"60QR001728",119,55,64
"60QR001729",77,40,37
"60QR001730",106,54,52
"60QR001731",101,55,46
"60QR001732",60,35,25
"60QR001733",75,51,24
"60QR001734",93,61,32
"60QR001735",81,36,45
"60QR001736",66,42,24
"60QR001737",67,39,28
"60QR001738",103,57,46
"60QR001739",89,48,41
"60QR001740",114,34,80
"60QR001741",104,64,40
"60QR001742",88,52,36
"60QR001743",115,55,60
"60QR001744",85,54,31
"60QR001745",74,32,42
"60QR001746",109,55,54
"60QR001747",88,54,34
"60QR001748",102,42,60
"60QR001749",144,61,83
"60QR001750",82,24,58
"60QR001751",96,50,46
"60QR001752",87,43,44
"60QR001753",116,52,64
"60QR001754",88,40,48
"60QR001755",85,31,54
"60QR001756",64,51,13
"60QR001757",112,71,41
"60QR001758",107,63,44
"60QR001759",113,79,34
"60QR001760",79,48,31
"60QR001761",75,47,28
"60QR001762",97,48,49
"60QR001763",112,53,59
"60QR001764",83,35,48
"60QR001765",76,34,42
"60QR001766",96,36,60
"60QR001767",117,39,78
"60QR001768",96,50,46
"60QR001769",71,32,39
"60QR001770",69,48,21
"60QR001771",72,46,26
"60QR001772",76,51,25
"60QR001773",60,41,19
"60QR001774",97,36,61
"60QR001775",137,56,81
"60QR001776",101,59,42
"60QR001777",90,53,37
"60QR001778",126,52,74
"60QR001779",102,34,68
"60QR001780",94,49,45
"60QR001781",94,45,49
"60QR001782",75,24,51
"60QR001783",65,40,25
"60QR001784",64,28,36
"60QR001785",76,27,49
"60QR001786",86,40,46
"60QR001787",78,32,46
"60QR001788",80,36,44
"60QR001789",104,44,60
"60QR001790",134,58,76
"60QR001791",109,48,61
"60QR001792",87,53,34
"60QR001793",104,55,49
"60QR001794",88,41,47
"60QR001795",78,48,30
"60QR001796",79,46,33
"60QR001797",116,50,66
"60QR001798",110,48,62
"60QR001799",79,54,25
"60QR001800",135,68,67
"60QR001801",57,15,42
"60QR001802",57,17,40
"60QR001803",87,26,61
"60QR001804",45,19,26
"60QR001805",76,46,30
"60QR001806",61,23,38
"60QR001807",81,27,54
"60QR001808",105,45,60
"60QR001809",52,16,36
"60QR001810",125,62,63
"60QR001811",164,73,91
"60QR001812",139,69,70
"60QR001813",53,47,6
"60QR001814",113,48,65
"60QR001815",91,37,54
"60QR001816",101,52,49
"60QR001817",118,52,66
"60QR001818",81,27,54
"60QR001819",118,60,58
"60QR001820",69,28,41
"60QR001821",118,47,71
"60QR001822",82,32,50
"60QR001823",135,76,59
"60QR001824",73,37,36
"60QR001825",107,48,59
"60QR001826",80,26,54
"60QR001827",91,41,50
"60QR001828",89,35,54
"60QR001829",85,40,45
"60QR001830",70,29,41
"60QR001831",52,38,14
"60QR001832",50,33,17
"60QR001833",99,57,42
"60QR001834",78,52,26
"60QR001835",87,45,42
"60QR001836",48,20,28
"60QR001837",108,50,58
"60QR001838",95,39,56
"60QR001839",79,42,37
"60QR001840",63,27,36
"60QR001841",69,23,46
"60QR001842",69,28,41
"60QR001843",77,37,40
"60QR001844",49,21,28
"60QR001845",71,41,30
"60QR001846",84,28,56
"60QR001847",66,30,36
"60QR001848",80,40,40
"60QR001849",79,39,40
"60QR001850",68,26,42
"60QR001851",93,37,56
"60QR001852",152,76,76
"60QR001853",128,53,75
"60QR001854",51,28,23
"60QR001855",101,47,54
"60QR001856",62,36,26
"60QR001857",77,29,48
"60QR001858",105,60,45
"60QR001859",101,57,44
"60QR001860",113,56,57
"60QR001861",63,40,23
"60QR001862",91,39,52
"60QR001863",112,50,62
"60QR001864",103,51,52
"60QR001865",79,46,33
"60QR001866",87,39,48
"60QR001867",131,51,80
"60QR001868",103,31,72
"60QR001869",57,19,38
"60QR001870",121,34,87
"60QR001871",91,37,54
"60QR001872",74,32,42
"60QR001873",70,34,36
"60QR001874",88,39,49
"60QR001875",47,21,26
"60QR001876",60,28,32
"60QR001877",103,62,41
"60QR001878",72,28,44
"60QR001879",56,25,31
"60QR001880",108,46,62
"60QR001881",117,47,70
"60QR001882",68,38,30
"60QR001883",42,22,20
"60QR001884",128,48,80
"60QR001885",79,42,37
"60QR001886",82,46,36
"60QR001887",123,53,70
"60QR001888",99,43,56
"60QR001889",107,35,72
"60QR001890",72,26,46
"60QR001891",47,13,34
"60QR001892",145,69,76
"60QR001893",118,36,82
"60QR001894",95,43,52
"60QR001895",100,42,58
"60QR001896",65,27,38
"60QR001897",41,10,31
"60QR001898",121,50,71
"60QR001899",104,42,62
"60QR001900",103,53,50
"60QR001901",146,52,94
"60QR001902",135,75,60
"60QR001903",110,33,77
"60QR001904",117,45,72
"60QR001905",63,39,24
"60QR001906",91,36,55
"60QR001907",95,38,57
"60QR001908",105,60,45
"60QR001909",87,41,46
"60QR001910",88,42,46
"60QR001911",113,43,70
"60QR001912",89,35,54
"60QR001913",64,36,28
"60QR001914",117,37,80
"60QR001915",83,39,44
"60QR001916",123,72,51
"60QR001917",68,19,49
"60QR001918",88,22,66
"60QR001919",77,36,41
"60QR001920",77,51,26
"60QR001921",87,43,44
"60QR001922",150,58,92
"60QR001923",90,33,57
"60QR001924",143,51,92
"60QR001925",78,29,49
"60QR001926",128,48,80
"60QR001927",109,39,70
"60QR001928",113,49,64
"60QR001929",118,64,54
"60QR001930",102,43,59
"60QR001931",87,54,33
"60QR001932",91,56,35
"60QR001933",91,40,51
"60QR001934",121,49,72
"60QR001935",109,44,65
"60QR001936",73,21,52
"60QR001937",146,66,80
"60QR001938",83,35,48
"60QR001939",109,53,56
"60QR001940",111,51,60
"60QR001941",112,58,54
"60QR001942",152,72,80
"60QR001943",132,47,85
"60QR001944",125,63,62
"60QR001945",100,42,58
"60QR001946",132,46,86
"60QR001947",120,42,78
"60QR001948",102,47,55
"60QR001949",132,66,66
"60QR001950",60,32,28
"60QR001951",75,48,27
"60QR001952",67,44,23
"60QR001953",87,50,37
"60QR001954",140,106,34
"60QR001955",55,41,14
"60QR001956",67,41,26
"60QR001957",108,60,48
"60QR001958",86,56,30
"60QR001959",67,55,12
"60QR001960",95,47,48
"60QR001961",45,33,12
"60QR001962",51,41,10
"60QR001963",138,64,74
"60QR001964",114,40,74
"60QR001965",69,23,46
"60QR001966",106,67,39
"60QR001967",72,26,46
"60QR001968",112,51,61
"60QR001969",68,33,35
"60QR001970",124,81,43
"60QR001971",104,45,59
"60QR001972",90,40,50
"60QR001973",122,93,29
"60QR001974",85,72,13
"60QR001975",134,44,90
"60QR001976",121,30,91
"60QR001977",57,25,32
"60QR001978",104,48,56
"60QR001979",116,30,86
"60QR001980",81,30,51
"60QR001981",96,40,56
"60QR001982",100,22,78
"60QR001983",91,21,70
"60QR001984",99,39,60
"60QR001985",100,22,78
"60QR001986",113,41,72
"60QR001987",104,32,72
"60QR001988",79,13,66
"60QR001989",142,34,108
"60QR001990",82,55,27
"60QR001991",106,36,70
"60QR001992",108,54,54
"60QR001993",120,82,38
"60QR001994",114,74,40
"60QR001995",127,61,66
"60QR001996",117,57,60
"60QR001997",85,33,52
"60QR001998",106,40,66
"60QR001999",138,46,92
"60QR002000",142,42,100
"60QR002001",95,31,64
"60QR002002",105,31,74
"60QR002003",85,28,57
"60QR002004",121,48,73
"60QR002005",94,27,67
"60QR002006",143,67,76
"60QR002007",94,27,67
"60QR002008",83,28,55
"60QR002009",89,31,58
"60QR002010",79,17,62
"60QR002011",61,25,36
"60QR002012",97,39,58
"60QR002013",112,51,61
"60QR002014",99,73,26
"60QR002015",74,41,33
"60QR002016",130,98,32
"60QR002017",99,62,37
"60QR002018",102,84,18
"60QR002019",105,79,26
"60QR002020",96,45,51
"60QR002021",84,64,20
"60QR002022",142,100,42
"60QR002023",127,76,51
"60QR002024",117,67,50
"60QR002025",89,45,44
"60QR002026",102,63,39
"60QR002027",78,35,43
"60QR002028",81,46,35
"60QR002029",81,43,38
"60QR002030",64,28,36
"60QR002031",43,25,18
"60QR002032",91,54,37
"60QR002033",86,44,42
"60QR002034",109,41,68
"60QR002035",71,43,28
"60QR002036",82,32,50
"60QR002037",104,51,53
"60QR002038",155,64,91
"60QR002039",101,49,52
"60QR002040",101,33,68
"60QR002041",90,46,44
"60QR002042",118,48,70
"60QR002043",108,55,53
"60QR002044",92,57,35
"60QR002045",93,26,67
"60QR002046",119,46,73
"60QR002047",103,36,67
"60QR002048",96,58,38
"60QR002049",102,60,42
"60QR002050",94,60,34
"60QR002051",86,55,31
"60QR002052",49,25,24
"60QR002053",90,42,48
"60QR002054",90,54,36
"60QR002055",88,38,50
"60QR002056",179,83,96
"60QR002057",57,20,37
"60QR002058",79,31,48
"60QR002059",125,42,83
"60QR002060",96,37,59
"60QR002061",101,63,38
"60QR002062",114,84,30
"60QR002063",121,85,36
"60QR002064",340,299,41
"60QR002065",158,127,31
"60QR002066",187,158,29
"60QR002067",123,90,33
"60QR002068",125,100,25
"60QR002069",163,143,20
"60QR002070",484,440,44
"60QR002071",152,125,27
"60QR002072",141,129,12
"60QR002073",79,73,6
"60QR002074",117,98,19
"60QR002075",74,55,19
"60QR002076",276,244,32
"60QR002077",93,53,40
"60QR002078",304,296,8
"60QR002079",58,40,18
"60QR002080",69,47,22
"60QR002081",156,124,32
"60QR002082",56,45,11
"60QR002083",182,145,37
"60QR002084",107,91,16
"60QR002085",96,80,16
"60QR002086",359,286,73
"60QR002087",94,20,74
"60QR002088",133,54,79
"60QR002089",101,53,48
"60QR002090",86,42,44
"60QR002091",99,39,60
"60QR002092",109,47,62
"60QR002093",94,40,54
"60QR002094",97,47,50
"60QR002095",75,28,47
"60QR002096",118,68,50
"60QR002097",106,42,64
"60QR002098",122,66,56
"60QR002099",140,67,73
"60QR002100",150,58,92
"60QR002101",116,50,66
"60QR002102",68,32,36
"60QR002103",100,48,52
"60QR002104",76,35,41
"60QR002105",85,30,55
"60QR002106",97,44,53
"60QR002107",70,11,59
"60QR002108",88,8,80
"60QR002109",54,9,45
"60QR002110",80,34,46
"60QR002111",105,39,66
"60QR002112",108,46,62
"60QR002113",123,70,53
"60QR002114",85,7,78
"60QR002115",101,12,89
"60QR002116",419,365,54
"60QR002117",81,9,72
"60QR002118",41,8,33
"60QR002119",85,34,51
"60QR002120",125,39,86
"60QR002121",111,10,101
"60QR002122",110,16,94
"60QR002123",128,38,90
"60QR002124",94,40,54
"60QR002125",77,27,50
"60QR002126",119,30,89
"60QR002127",109,29,80
"60QR002128",102,41,61
"60QR002129",123,52,71
"60QR002130",125,54,71
"60QR002131",137,44,93
"60QR002132",78,28,50
"60QR002133",87,17,70
"60QR002134",121,32,89
"60QR002135",98,28,70
"60QR002136",105,41,64
"60QR002137",81,45,36
"60QR002138",138,48,90
"60QR002139",133,48,85
"60QR002140",74,29,45
"60QR002141",84,21,63
"60QR002142",96,38,58
"60QR002143",85,41,44
"60QR002144",71,27,44
"60QR002145",97,45,52
"60QR002146",85,25,60
"60QR002147",90,35,55
"60QR002148",91,23,68
"60QR002149",96,47,49
"60QR002150",130,60,70
"60QR002151",71,31,40
"60QR002152",98,50,48
"60QR002153",74,38,36
"60QR002154",78,26,52
"60QR002155",107,54,53
"60QR002156",65,27,38
"60QR002157",124,52,72
"60QR002158",66,42,24
"60QR002159",77,29,48
"60QR002160",72,32,40
"60QR002161",59,41,18
"60QR002162",109,35,74
"60QR002163",128,42,86
"60QR002164",67,23,44
"60QR002165",84,22,62
"60QR002166",119,41,78
"60QR002167",100,57,43
"60QR002168",92,50,42
"60QR002169",99,45,54
"60QR002170",85,47,38
"60QR002171",77,29,48
"60QR002172",89,39,50
"60QR002173",81,50,31
"60QR002174",81,40,41
"60QR002175",62,31,31
"60QR002176",146,58,88
"60QR002177",132,85,47
"60QR002178",48,32,16
"60QR002179",77,26,51
"60QR002180",80,22,58
"60QR002181",80,39,41
"60QR002182",82,60,22
"60QR002183",85,39,46
"60QR002184",83,23,60
"60QR002185",57,19,38
"60QR002186",62,31,31
"60QR002187",69,40,29
"60QR002188",93,35,58
"60QR002189",97,56,41
"60QR002190",77,46,31
"60QR002191",67,31,36
"60QR002192",46,19,27
"60QR002193",57,18,39
"60QR002194",60,20,40
"60QR002195",95,51,44
"60QR002196",83,58,25
"60QR002197",54,29,25
"60QR002198",79,39,40
"60QR002199",103,59,44
"60QR002200",87,29,58
"60QR002201",55,16,39
"60QR002202",47,19,28
"60QR002203",92,44,48
"60QR002204",72,30,42
"60QR002205",61,29,32
"60QR002206",65,38,27
"60QR002207",74,43,31
"60QR002208",93,35,58
"60QR002209",85,57,28
"60QR002210",83,37,46
"60QR002211",48,26,22
"60QR002212",108,47,61
"60QR002213",43,17,26
"60QR002214",95,34,61
"60QR002215",72,54,18
"60QR002216",46,26,20
"60QR002217",96,42,54
"60QR002218",94,30,64
"60QR002219",90,72,18
"60QR002220",67,53,14
"60QR002221",94,52,42
"60QR002222",48,32,16
"60QR002223",98,50,48
"60QR002224",72,41,31
"60QR002225",69,49,20
"60QR002226",151,68,83
"60QR002227",57,40,17
"60QR002228",114,88,26
"60QR002229",128,56,72
"60QR002230",73,41,32
"60QR002231",92,40,52
"60QR002232",80,34,46
"60QR002233",100,47,53
"60QR002234",97,47,50
"60QR002235",113,33,80
"60QR002236",148,62,86
"60QR002237",100,28,72
"60QR002238",128,45,83
"60QR002239",77,29,48
"60QR002240",124,44,80
"60QR002241",94,22,72
"60QR002242",120,52,68
"60QR002243",63,15,48
"60QR002244",94,33,61
"60QR002245",82,22,60
"60QR002246",44,25,19
"60QR002247",65,27,38
"60QR002248",47,23,24
"60QR002249",125,70,55
"60QR002250",89,34,55
"60QR002251",53,17,36
"60QR002252",73,53,20
"60QR002253",70,23,47
"60QR002254",56,22,34
"60QR002255",121,29,92
"60QR002256",85,40,45
"60QR002257",69,51,18
"60QR002258",68,33,35
"60QR002259",59,26,33
"60QR002260",51,31,20
"60QR002261",65,39,26
"60QR002262",44,14,30
"60QR002263",80,46,34
"60QR002264",85,42,43
"60QR002265",59,29,30
"60QR002266",46,40,6
"60QR002267",118,34,84
"60QR002268",86,42,44
"60QR002269",61,40,21
"60QR002270",58,36,22
"60QR002271",92,39,53
"60QR002272",71,42,29
"60QR002273",55,17,38
"60QR002274",35,27,8
"60QR002275",118,62,56
"60QR002276",56,20,36
"60QR002277",69,54,15
"60QR002278",90,49,41
"60QR002279",86,30,56
"60QR002280",96,35,61
"60QR002281",53,29,24
"60QR002282",106,40,66
"60QR002283",64,13,51
"60QR002284",92,56,36
"60QR002285",56,14,42
"60QR002286",60,24,36
"60QR002287",89,23,66
"60QR002288",55,19,36
"60QR002289",72,26,46
"60QR002290",156,48,108
"60QR002291",64,16,48
"60QR002292",140,39,101
"60QR002293",64,18,46
"60QR002294",104,48,56
"60QR002295",144,33,111
"60QR002296",59,25,34
"60QR002297",51,23,28
"60QR002298",78,32,46
"60QR002299",51,25,26
"60QR002300",142,54,88
"60QR002301",79,19,60
"60QR002302",68,16,52
"60QR002303",71,49,22
"60QR002304",90,28,62
"60QR002305",82,46,36
"60QR002306",82,41,41
"60QR002307",68,46,22
"60QR002308",81,51,30
"60QR002309",117,46,71
"60QR002310",67,31,36
"60QR002311",45,26,19
"60QR002312",76,35,41
"60QR002313",102,46,56
"60QR002314",52,22,30
"60QR002315",106,22,84
"60QR002316",128,59,69
"60QR002317",55,23,32
"60QR002318",49,17,32
"60QR002319",52,36,16
"60QR002320",79,31,48
"60QR002321",100,43,57
"60QR002322",47,21,26
"60QR002323",99,31,68
"60QR002324",83,39,44
"60QR002325",92,50,42
"60QR002326",62,14,48
"60QR002327",102,38,64
"60QR002328",49,23,26
"60QR002329",69,39,30
"60QR002330",129,41,88
"60QR002331",85,35,50
"60QR002332",60,27,33
"60QR002333",56,22,34
"60QR002334",155,36,119
"60QR002335",48,16,32
"60QR002336",61,21,40
"60QR002337",75,43,32
"60QR002338",70,32,38
"60QR002339",96,34,62
"60QR002340",85,49,36
"60QR002341",50,19,31
"60QR002342",102,25,77
"60QR002343",70,24,46
"60QR002344",127,49,78
"60QR002345",93,31,62
"60QR002346",94,26,68
"60QR002347",67,13,54
"60QR002348",76,34,42
"60QR002349",71,21,50
"60QR002350",96,34,62
"60QR002351",137,38,99
"60QR002352",551,497,54
"60QR002353",68,31,37
"60QR002354",56,38,18
"60QR002355",44,24,20
"60QR002356",77,37,40
"60QR002357",102,6,96
"60QR002358",58,18,40
"60QR002359",138,52,86
"60QR002360",94,28,66
"60QR002361",60,48,12
"60QR002362",103,67,36
"60QR002363",73,19,54
"60QR002364",46,14,32
"60QR002365",41,20,21
"60QR002366",58,22,36
"60QR002367",44,18,26
"60QR002368",62,35,27
"60QR002369",98,28,70
"60QR002370",120,68,52
"60QR002371",75,29,46
"60QR002372",59,25,34
"60QR002373",52,24,28
"60QR002374",50,18,32
"60QR002375",68,32,36
"60QR002376",79,33,46
"60QR002377",42,12,30
"60QR002378",100,27,73
"60QR002379",37,27,10
"60QR002380",307,216,91
"60QR002381",141,42,99
"60QR002382",86,23,63
"60QR002383",136,52,84
"60QR002384",99,44,55
"60QR002385",108,37,71
"60QR002386",126,52,74
"60QR002387",84,24,60
"60QR002388",81,47,34
"60QR002389",127,47,80
"60QR002390",64,26,38
"60QR002391",147,106,41
"60QR002392",78,25,53
"60QR002393",44,34,10
"60QR002394",130,47,83
"60QR002395",77,33,44
"60QR002396",84,24,60
"60QR002397",90,40,50
"60QR002398",73,36,37
"60QR002399",129,47,82
"60QR002400",101,31,70
"60QR002401",52,20,32
"60QR002402",45,28,17
"60QR002403",122,24,98
"60QR002404",65,15,50
"60QR002405",90,24,66
"60QR002406",63,19,44
"60QR002407",47,13,34
"60QR002408",44,10,34
"60QR002409",142,56,86
"60QR002410",52,7,45
"60QR002411",50,46,4
"60QR002412",88,46,42
"60QR002413",103,26,77
"60QR002414",43,21,22
"60QR002415",78,55,23
"60QR002416",63,35,28
"60QR002417",104,22,82
"60QR002418",120,47,73
"60QR002419",86,47,39
"60QR002420",113,48,65
"60QR002421",52,16,36
"60QR002422",83,46,37
"60QR002423",45,15,30
"60QR002424",92,44,48
"60QR002425",140,54,86
"60QR002426",78,38,40
"60QR002427",48,37,11
"60QR002428",74,25,49
"60QR002429",94,26,68
"60QR002430",85,43,42
"60QR002431",74,24,50
"60QR002432",84,50,34
"60QR002433",71,32,39
"60QR002434",96,39,57
"60QR002435",69,29,40
"60QR002436",58,16,42
"60QR002437",133,61,72
"60QR002438",63,41,22
"60QR002439",88,49,39
"60QR002440",112,39,73
"60QR002441",63,24,39
"60QR002442",114,54,60
"60QR002443",49,18,31
"60QR002444",69,57,12
"60QR002445",60,56,4
"60QR002446",100,32,68
"60QR002447",67,30,37
"60QR002448",105,53,52
"60QR002449",59,34,25
"60QR002450",37,33,4
"60QR002451",97,56,41
"60QR002452",82,22,60
"60QR002453",61,27,34
"60QR002454",72,40,32
"60QR002455",68,30,38
"60QR002456",72,58,14
"60QR002457",49,23,26
"60QR002458",55,28,27
"60QR002459",97,35,62
"60QR002460",105,29,76
"60QR002461",56,32,24
"60QR002462",74,47,27
"60QR002463",64,37,27
"60QR002464",54,38,16
"60QR002465",61,39,22
"60QR002466",54,40,14
"60QR002467",52,30,22
"60QR002468",52,30,22
"60QR002469",105,55,50
"60QR002470",54,42,12
"60QR002471",66,40,26
"60QR002472",56,48,8
"60QR002473",94,49,45
"60QR002474",64,28,36
"60QR002475",113,51,62
"60QR002476",59,15,44
"60QR002477",116,32,84
"60QR002478",71,27,44
"60QR002479",79,43,36
"60QR002480",83,58,25
"60QR002481",77,39,38
"60QR002482",102,51,51
"60QR002483",48,18,30
"60QR002484",89,33,56
"60QR002485",78,31,47
"60QR002486",115,45,70
"60QR002487",67,40,27
"60QR002488",58,28,30
"60QR002489",98,56,42
"60QR002490",55,30,25
"60QR002491",111,55,56
"60QR002492",50,22,28
"60QR002493",86,56,30
"60QR002494",63,26,37
"60QR002495",105,60,45
"60QR002496",41,23,18
"60QR002497",97,49,48
"60QR002498",62,47,15
"60QR002499",78,58,20
"60QR002500",97,41,56
"60QR002501",70,24,46
"60QR002502",59,29,30
"60QR002503",90,42,48
"60QR002504",77,22,55
"60QR002505",104,22,82
"60QR002506",38,32,6
"60QR002507",102,52,50
"60QR002508",92,37,55
"60QR002509",70,28,42
"60QR002510",71,27,44
"60QR002511",90,25,65
"60QR002512",47,31,16
"60QR002513",83,40,43
"60QR002514",61,19,42
"60QR002515",191,40,151
"60QR002516",89,50,39
"60QR002517",121,33,88
"60QR002518",89,17,72
"60QR002519",99,48,51
"60QR002520",121,37,84
"60QR002521",168,40,128
"60QR002522",157,42,115
"60QR002523",57,13,44
"60QR002524",116,38,78
"60QR002525",128,44,84
"60QR002526",102,37,65
"60QR002527",106,30,76
"60QR002528",78,18,60
"60QR002529",102,50,52
"60QR002530",102,34,68
"60QR002531",81,35,46
"60QR002532",95,43,52
"60QR002533",196,76,120
"60QR002534",112,46,66
"60QR002535",62,21,41
"60QR002536",91,31,60
"60QR002537",88,38,50
"60QR002538",147,37,110
"60QR002539",59,15,44
"60QR002540",136,50,86
"60QR002541",92,35,57
"60QR002542",68,30,38
"60QR002543",112,45,67
"60QR002544",92,35,57
"60QR002545",78,30,48
"60QR002546",529,490,39
"60QR002547",113,24,89
"60QR002548",157,31,126
"60QR002549",97,60,37
"60QR002550",97,53,44
"60QR002551",130,72,58
"60QR002552",122,48,74
"60QR002553",142,32,110
"60QR002554",155,39,116
"60QR002555",78,26,52
"60QR002556",189,40,149
"60QR002557",65,21,44
"60QR002558",167,49,118
"60QR002559",137,36,101
"60QR002560",70,21,49
"60QR002561",87,24,63
"60QR002562",96,40,56
"60QR002563",79,25,54
"60QR002564",53,17,36
"60QR002565",132,50,82
"60QR002566",110,46,64
"60QR002567",109,27,82
"60QR002568",139,46,93
"60QR002569",102,44,58
"60QR002570",146,63,83
"60QR002571",67,43,24
"60QR002572",77,39,38
"60QR002573",111,34,77
"60QR002574",50,30,20
"60QR002575",124,32,92
"60QR002576",65,15,50
"60QR002577",72,50,22
"60QR002578",45,21,24
"60QR002579",85,21,64
"60QR002580",84,28,56
"60QR002581",91,38,53
"60QR002582",85,45,40
"60QR002583",182,100,82
"60QR002584",118,56,62
"60QR002585",97,53,44
"60QR002586",61,35,26
"60QR002587",62,43,19
"60QR002588",78,66,12
"60QR002589",82,46,36
"60QR002590",58,24,34
"60QR002591",106,43,63
"60QR002592",75,42,33
"60QR002593",119,60,59
"60QR002594",82,31,51
"60QR002595",86,34,52
"60QR002596",66,28,38
"60QR002597",135,71,64
"60QR002598",137,86,51
"60QR002599",63,25,38
"60QR002600",101,15,86
"60QR002601",111,33,78
"60QR002602",72,22,50
"60QR002603",103,37,66
"60QR002604",50,24,26
"60QR002605",62,18,44
"60QR002606",117,27,90
"60QR002607",158,138,20
"60QR002608",118,34,84
"60QR002609",86,28,58
"60QR002610",62,19,43
"60QR002611",60,24,36
"60QR002612",93,32,61
"60QR002613",78,24,54
"60QR002614",110,45,65
"60QR002615",51,38,13
"60QR002616",67,57,10
"60QR002617",74,54,20
"60QR002618",86,56,30
"60QR002619",94,76,18
"60QR002620",44,12,32
"60QR002621",148,52,96
"60QR002622",94,43,51
"60QR002623",74,28,46
"60QR002624",83,43,40
"60QR002625",108,67,41
"60QR002626",107,65,42
"60QR002627",46,26,20
"60QR002628",59,9,50
"60QR002629",98,13,85
"60QR002630",172,123,49
"60QR002631",153,75,78
"60QR002632",125,41,84
"60QR002633",116,30,86
"60QR002634",140,48,92
"60QR002635",85,23,62
"60QR002636",72,32,40
"60QR002637",83,33,50
"60QR002638",126,75,51
"60QR002639",87,37,50
"60QR002640",60,37,23
"60QR002641",109,35,74
"60QR002642",88,22,66
"60QR002643",46,18,28
"60QR002644",142,52,90
"60QR002645",138,40,98
"60QR002646",92,32,60
"60QR002647",93,31,62
"60QR002648",77,13,64
"60QR002649",83,16,67
"60QR002650",142,42,100
"60QR002651",121,49,72
"60QR002652",99,25,74
"60QR002653",105,47,58
"60QR002654",77,22,55
"60QR002655",56,36,20
"60QR002656",62,20,42
"60QR002657",124,38,86
"60QR002658",84,41,43
"60QR002659",58,42,16
"60QR002660",89,67,22
"60QR002661",145,68,77
"60QR002662",62,36,26
"60QR002663",130,62,68
"60QR002664",63,35,28
"60QR002665",84,31,53
"60QR002666",69,33,36
"60QR002667",44,20,24
"60QR002668",115,68,47
"60QR002669",78,44,34
"60QR002670",59,39,20
"60QR002671",140,113,27
"60QR002672",104,20,84
"60QR002673",120,30,90
"60QR002674",147,42,105
"60QR002675",65,13,52
"60QR002676",120,77,43
"60QR002677",82,20,62
"60QR002678",119,44,75
"60QR002679",160,48,112
"60QR002680",60,16,44
"60QR002681",108,78,30
"60QR002682",52,40,12
"60QR002683",79,57,22
"60QR002684",112,72,40
"60QR002685",45,29,16
"60QR002686",119,49,70
"60QR002687",153,93,60
"60QR002688",107,69,38
"60QR002689",110,60,50
"60QR002690",101,65,36
"60QR002691",66,49,17
"60QR002692",57,41,16
"60QR002693",111,74,37
"60QR002694",128,94,34
"60QR002695",64,28,36
"60QR002696",55,35,20
"60QR002697",91,39,52
"60QR002698",124,40,84
"60QR002699",70,40,30
"60QR002700",52,14,38
"60QR002701",126,43,83
"60QR002702",153,95,58
"60QR002703",113,80,33
"60QR002704",120,38,82
"60QR002705",74,28,46
"60QR002706",103,57,46
"60QR002707",186,63,123
"60QR002708",108,28,80
"60QR002709",97,21,76
"60QR002710",68,22,46
"60QR002711",203,74,129
"60QR002712",98,46,52
"60QR002713",154,70,84
"60QR002714",175,36,139
"60QR002715",65,31,34
"60QR002716",75,22,53
"60QR002717",129,87,42
"60QR002718",59,25,34
"60QR002719",184,75,109
"60QR002720",65,25,40
"60QR002721",51,23,28
"60QR002722",105,44,61
"60QR002723",112,56,56
"60QR002724",77,20,57
"60QR002725",91,50,41
"60QR002726",119,50,69
"60QR002727",122,53,69
"60QR002728",61,26,35
"60QR002729",94,40,54
"60QR002730",78,40,38
"60QR002731",89,48,41
"60QR002732",140,84,56
"60QR002733",80,44,36
"60QR002734",100,60,40
"60QR002735",92,46,46
"60QR002736",101,58,43
"60QR002737",114,26,88
"60QR002738",136,67,69
"60QR002739",86,28,58
"60QR002740",87,40,47
"60QR002741",82,41,41
"60QR002742",61,30,31
"60QR002743",49,36,13
"60QR002744",98,66,32
"60QR002745",86,43,43
"60QR002746",70,24,46
"60QR002747",113,33,80
"60QR002748",70,52,18
"60QR002749",160,107,53
"60QR002750",73,57,16
"60QR002751",70,52,18
"60QR002752",120,74,46
"60QR002753",75,51,24
"60QR002754",133,72,61
"60QR002755",152,60,92
"60QR002756",62,44,18
"60QR002757",58,47,11
"60QR002758",108,65,43
"60QR002759",74,50,24
"60QR002760",80,28,52
"60QR002761",74,46,28
"60QR002762",116,41,75
"60QR002763",62,12,50
"60QR002764",105,56,49
"60QR002765",72,42,30
"60QR002766",69,31,38
"60QR002767",94,52,42
"60QR002768",138,86,52
"60QR002769",137,39,98
"60QR002770",56,17,39
"60QR002771",131,53,78
"60QR002772",67,31,36
"60QR002773",99,29,70
"60QR002774",168,54,114
"60QR002775",84,24,60
"60QR002776",141,39,102
"60QR002777",97,29,68
"60QR002778",72,34,38
"60QR002779",66,16,50
"60QR002780",124,50,74
"60QR002781",96,64,32
"60QR002782",97,60,37
"60QR002783",134,104,30
"60QR002784",67,25,42
"60QR002785",120,70,50
"60QR002786",108,54,54
"60QR002787",93,27,66
"60QR002788",115,31,84
"60QR002789",101,26,75
"60QR002790",51,41,10
"60QR002791",101,25,76
"60QR002792",92,42,50
"60QR002793",83,29,54
"60QR002794",57,32,25
"60QR002795",85,42,43
"60QR002796",84,20,64
"60QR002797",85,35,50
"60QR002798",74,32,42
"60QR002799",82,32,50
"60QR002800",142,40,102
"60QR002801",82,25,57
"60QR002802",118,84,34
"60QR002803",62,30,32
"60QR002804",95,47,48
"60QR002805",142,35,107
"60QR002806",79,30,49
"60QR002807",82,25,57
"60QR002808",100,37,63
"60QR002809",158,54,104
"60QR002810",87,28,59
"60QR002811",97,33,64
"60QR002812",168,38,130
"60QR002813",65,45,20
"60QR002814",146,72,74
"60QR002815",87,30,57
"60QR002816",74,49,25
"60QR002817",137,60,77
"60QR002818",75,27,48
"60QR002819",140,58,82
"60QR002820",97,31,66
"60QR002821",63,19,44
"60QR002822",107,39,68
"60QR002823",62,23,39
"60QR002824",96,42,54
"60QR002825",79,36,43
"60QR002826",94,30,64
"60QR002827",122,54,68
"60QR002828",114,30,84
"60QR002829",82,34,48
"60QR002830",64,24,40
"60QR002831",89,33,56
"60QR002832",98,40,58
"60QR002833",158,69,89
"60QR002834",78,20,58
"60QR002835",77,42,35
"60QR002836",86,40,46
"60QR002837",67,34,33
"60QR002838",85,58,27
"60QR002839",53,31,22
"60QR002840",126,46,80
"60QR002841",60,18,42
"60QR002842",53,23,30
"60QR002843",137,57,80
"60QR002844",87,51,36
"60QR002845",112,32,80
"60QR002846",93,26,67
"60QR002847",77,57,20
"60QR002848",50,28,22
"60QR002849",54,24,30
"60QR002850",108,24,84
"60QR002851",185,80,105
"60QR002852",67,17,50
"60QR002853",76,20,56
"60QR002854",74,22,52
"60QR002855",83,36,47
"60QR002856",96,41,55
"60QR002857",67,13,54
"60QR002858",99,42,57
"60QR002859",110,101,9
"60QR002860",76,62,14
"60QR002861",99,62,37
"60QR002862",53,26,27
"60QR002863",160,128,32
"60QR002864",75,37,38
"60QR002865",78,46,32
"60QR002866",78,14,64
"60QR002867",78,16,62
"60QR002868",85,25,60
"60QR002869",138,126,12
"60QR002870",51,39,12
"60QR002871",113,108,5
"60QR002872",154,148,6
"60QR002873",110,101,9
"60QR002874",95,90,5
"60QR002875",87,39,48
"60QR002876",84,39,45
"60QR002877",70,28,42
"60QR002878",67,27,40
"60QR002879",141,39,102
"60QR002880",164,54,110
"60QR002881",85,37,48
"60QR002882",86,37,49
"60QR002883",54,38,16
"60QR002884",63,41,22
"60QR002885",63,20,43
"60QR002886",119,49,70
"60QR002887",117,51,66
"60QR002888",47,32,15
"60QR002889",95,46,49
"60QR002890",66,43,23
"60QR002891",73,39,34
"60QR002892",96,28,68
"60QR002893",56,25,31
"60QR002894",86,22,64
"60QR002895",124,26,98
"60QR002896",113,69,44
"60QR002897",81,49,32
"60QR002898",77,39,38
"60QR002899",108,26,82
"60QR002900",70,22,48
"60QR002901",109,59,50
"60QR002902",124,88,36
"60QR002903",109,72,37
"60QR002904",125,60,65
"60QR002905",85,51,34
"60QR002906",49,29,20
"60QR002907",98,54,44
"60QR002908",82,28,54
"60QR002909",114,48,66
"60QR002910",70,22,48
"60QR002911",156,47,109
"60QR002912",123,33,90
"60QR002913",51,17,34
"60QR002914",112,30,82
"60QR002915",90,20,70
"60QR002916",98,30,68
"60QR002917",127,29,98
"60QR002918",133,48,85
"60QR002919",104,23,81
"60QR002920",112,25,87
"60QR002921",78,20,58
"60QR002922",85,17,68
"60QR002923",74,12,62
"60QR002924",98,36,62
"60QS000001",95,49,46
"60QS000002",43,29,14
"60QS000003",103,56,47
"60QS000004",90,81,9
"60QS000005",69,56,13
"60QS000006",117,108,9
"60QS000007",70,65,5
"60QS000008",88,81,7
"60QS000009",115,101,14
"60QS000010",76,65,11
"60QS000011",85,67,18
"60QS000012",81,65,16
"60QS000013",90,73,17
"60QS000014",88,77,11
"60QS000015",165,151,14
"60QS000016",256,248,8
"60QS000017",64,56,8
"60QS000018",78,49,29
"60QS000019",86,71,15
"60QS000020",120,107,13
"60QS000021",113,84,29
"60QS000022",88,69,19
"60QS000023",63,45,18
"60QS000024",133,79,54
"60QS000025",81,52,29
"60QS000026",84,61,23
"60QS000027",111,89,22
"60QS000028",68,58,10
"60QS000029",110,99,11
"60QS000030",57,41,16
"60QS000031",120,100,20
"60QS000032",127,90,37
"60QS000033",202,190,12
"60QS000034",80,69,11
"60QS000035",99,90,9
"60QS000036",137,104,33
"60QS000037",154,138,16
"60QS000038",84,66,18
"60QS000039",146,138,8
"60QS000040",113,95,18
"60QS000041",122,110,12
"60QS000042",113,97,16
"60QS000043",99,81,18
"60QS000044",100,89,11
"60QS000045",147,131,16
"60QS000046",119,97,22
"60QS000047",134,112,22
"60QS000048",157,139,18
"60QS000049",80,64,16
"60QS000050",111,92,19
"60QS000051",78,64,14
"60QS000052",98,76,22
"60QS000053",82,62,20
"60QS000054",79,62,17
"60QS000055",64,50,14
"60QS000056",66,54,12
"60QS000057",108,94,14
"60QS000058",75,60,15
"60QS000059",67,45,22
"60QS000060",80,66,14
"60QS000061",93,76,17
"60QS000062",90,80,10
"60QS000063",99,83,16
"60QS000064",89,69,20
"60QS000065",71,57,14
"60QS000066",89,74,15
"60QS000067",46,41,5
"60QS000068",65,45,20
"60QS000069",66,43,23
"60QS000070",143,117,26
"60QS000071",136,112,24
"60QS000072",60,50,10
"60QS000073",292,264,28
"60QS000074",117,107,10
"60QS000075",112,94,18
"60QS000076",94,77,17
"60QS000077",94,56,38
"60QS000078",89,66,23
"60QS000079",68,54,14
"60QS000080",117,78,39
"60QS000081",110,88,22
"60QS000082",63,52,11
"60QS000083",97,70,27
"60QS000084",79,59,20
"60QS000085",111,86,25
"60QS000086",127,68,59
"60QS000087",218,195,23
"60QS000088",55,45,10
"60QS000089",118,77,41
"60QS000090",119,102,17
"60QS000091",139,113,26
"60QS000092",57,54,3
"60QS000093",77,57,20
"60QS000094",57,51,6
"60QS000095",126,90,36
"60QS000096",105,94,11
"60QS000097",127,113,14
"60QS000098",88,76,12
"60QS000099",79,69,10
"60QS000100",113,68,45
"60QS000101",98,86,12
"60QS000102",102,85,17
"60QS000103",157,122,35
"60QS000104",169,141,28
"60QS000105",85,66,19
"60QS000106",129,103,26
"60QS000107",110,87,23
"60QS000108",110,96,14
"60QS000109",136,117,19
"60QS000110",132,111,21
"60QS000111",109,90,19
"60QS000112",131,130,1
"60QS000113",97,63,34
"60QS000114",93,61,32
"60QS000115",103,83,20
"60QS000116",80,68,12
"60QS000117",122,92,30
"60QS000118",71,44,27
"60QS000119",54,38,16
"60QS000120",106,88,18
"60QS000121",81,69,12
"60QS000122",75,61,14
"60QS000123",104,82,22
"60QS000124",52,32,20
"60QS000125",77,57,20
"60QS000126",77,73,4
"60QS000127",63,43,20
"60QS000128",113,94,19
"60QS000129",71,56,15
"60QS000130",119,88,31
"60QS000131",167,112,55
"60QS000132",639,595,44
"60QS000133",122,76,46
"60QS000134",90,56,34
"60QS000135",89,60,29
"60QS000136",76,48,28
"60QS000137",79,49,30
"60QS000138",64,50,14
"60QS000139",132,107,25
"60QS000140",62,52,10
"60QS000141",80,62,18
"60QS000142",94,74,20
"60QS000143",129,110,19
"60QS000144",108,64,44
"60QS000145",106,75,31
"60QS000146",107,69,38
"60QS000147",70,60,10
"60QS000148",56,53,3
"60QS000149",58,56,2
"60QS000150",77,50,27
"60QS000151",87,57,30
"60QS000152",92,68,24
"60QS000153",113,75,38
"60QS000154",57,45,12
"60QS000155",63,48,15
"60QS000156",74,63,11
"60QS000157",74,52,22
"60QS000158",119,80,39
"60QS000159",104,68,36
"60QS000160",52,46,6
"60QS000161",140,79,61
"60QS000162",134,74,60
"60QS000163",98,51,47
"60QS000164",90,78,12
"60QS000165",81,45,36
"60QS000166",85,61,24
"60QS000167",88,74,14
"60QS000168",101,66,35
"60QS000169",64,60,4
"60QS000170",45,39,6
"60QS000171",91,63,28
"60QS000172",124,86,38
"60QS000173",85,33,52
"60QS000174",59,43,16
"60QS000175",52,20,32
"60QS000176",54,35,19
"60QS000177",115,76,39
"60QS000178",126,99,27
"60QS000179",118,93,25
"60QS000180",55,40,15
"60QS000181",94,70,24
"60QS000182",58,48,10
"60QS000183",123,101,22
"60QS000184",100,89,11
"60QS000185",62,42,20
"60QS000186",71,49,22
"60QS000187",78,58,20
"60QS000188",114,83,31
"60QS000189",114,94,20
"60QS000190",71,60,11
"60QS000191",89,69,20
"60QS000192",82,66,16
"60QS000193",55,52,3
"60QS000194",108,82,26
"60QS000195",71,59,12
"60QS000196",68,56,12
"60QS000197",88,66,22
"60QS000198",95,62,33
"60QS000199",113,74,39
"60QS000200",81,48,33
"60QS000201",135,111,24
"60QS000202",74,54,20
"60QS000203",68,64,4
"60QS000204",89,70,19
"60QS000205",63,50,13
"60QS000206",65,55,10
"60QS000207",78,73,5
"60QS000208",90,88,2
"60QS000209",91,80,11
"60QS000210",94,82,12
"60QS000211",73,57,16
"60QS000212",62,50,12
"60QS000213",87,67,20
"60QS000214",56,46,10
"60QS000215",113,101,12
"60QS000216",101,88,13
"60QS000217",87,79,8
"60QS000218",82,69,13
"60QS000219",65,51,14
"60QS000220",100,80,20
"60QS000221",65,50,15
"60QS000222",69,49,20
"60QS000223",50,42,8
"60QS000224",131,109,22
"60QS000225",110,94,16
"60QS000226",51,33,18
"60QS000227",108,65,43
"60QS000228",52,48,4
"60QS000229",75,52,23
"60QS000230",75,63,12
"60QS000231",106,88,18
"60QS000232",109,71,38
"60QS000233",85,73,12
"60QS000234",58,53,5
"60QS000235",124,81,43
"60QS000236",92,52,40
"60QS000237",105,91,14
"60QS000238",90,74,16
"60QS000239",77,47,30
"60QS000240",76,66,10
"60QS000241",84,76,8
"60QS000242",79,71,8
"60QS000243",51,47,4
"60QS000244",71,57,14
"60QS000245",65,55,10
"60QS000246",61,52,9
"60QS000247",85,67,18
"60QS000248",79,71,8
"60QS000249",60,52,8
"60QS000250",65,55,10
"60QS000251",58,52,6
"60QS000252",77,61,16
"60QS000253",66,56,10
"60QS000254",91,91,0
"60QS000255",94,88,6
"60QS000256",91,77,14
"60QS000257",136,90,46
"60QS000258",124,76,48
"60QS000259",60,46,14
"60QS000260",81,63,18
"60QS000261",138,72,66
"60QS000262",108,53,55
"60QS000263",60,36,24
"60QS000264",73,43,30
"60QS000265",68,48,20
"60QS000266",97,58,39
"60QS000267",62,36,26
"60QS000268",92,59,33
"60QS000269",63,47,16
"60QS000270",80,62,18
"60QS000271",101,78,23
"60QS000272",73,55,18
"60QS000273",72,50,22
"60QS000274",110,86,24
"60QS000275",151,82,69
"60QS000276",150,123,27
"60QS000277",68,50,18
"60QS000278",134,58,76
"60QS000279",112,52,60
"60QS000280",116,41,75
"60QS000281",103,76,27
"60QS000282",102,80,22
"60QS000283",76,50,26
"60QS000284",107,34,73
"60QS000285",59,51,8
"60QS000286",51,31,20
"60QS000287",76,53,23
"60QS000288",122,56,66
"60QS000289",85,37,48
"60QS000290",117,75,42
"60QS000291",96,71,25
"60QS000292",119,85,34
"60QS000293",91,49,42
"60QS000294",149,52,97
"60QS000295",139,49,90
"60QS000296",100,48,52
"60QS000297",113,53,60
"60QS000298",100,65,35
"60QS000299",61,47,14
"60QS000300",131,121,10
"60QS000301",49,49,0
"60QS000302",121,102,19
"60QS000303",141,122,19
"60QS000304",147,125,22
"60QS000305",123,109,14
"60QS000306",76,50,26
"60QS000307",92,64,28
"60QS000308",123,74,49
"60QS000309",60,48,12
"60QS000310",75,53,22
"60QS000311",111,91,20
"60QS000312",79,64,15
"60QS000313",89,80,9
"60QS000314",142,120,22
"60QS000315",107,93,14
"60QS000316",114,97,17
"60QS000317",120,98,22
"60QS000318",126,77,49
"60QS000319",109,95,14
"60QS000320",137,114,23
"60QS000321",94,70,24
"60QS000322",105,93,12
"60QS000323",95,78,17
"60QS000324",115,97,18
"60QS000325",88,79,9
"60QS000326",96,86,10
"60QS000327",74,65,9
"60QS000328",110,98,12
"60QS000329",77,63,14
"60QS000330",140,113,27
"60QS000331",108,91,17
"60QS000332",101,94,7
"60QS000333",137,113,24
"60QS000334",104,94,10
"60QS000335",153,126,27
"60QS000336",99,91,8
"60QS000337",79,43,36
"60QS000338",48,38,10
"60QS000339",101,68,33
"60QS000340",83,62,21
"60QS000341",78,74,4
"60QS000342",91,59,32
"60QS000343",113,57,56
"60QS000344",95,36,59
"60QS000345",125,83,42
"60QS000346",143,116,27
"60QS000347",110,69,41
"60QS000348",121,84,37
"60QS000349",94,75,19
"60QS000350",107,84,23
"60QS000351",56,54,2
"60QS000352",96,78,18
"60QS000353",130,107,23
"60QS000354",93,60,33
"60QS000355",72,52,20
"60QS000356",49,29,20
"60QS000357",85,65,20
"60QS000358",125,119,6
"60QS000359",49,29,20
"60QS000360",55,33,22
"60QS000361",64,36,28
"60QS000362",105,81,24
"60QS000363",108,80,28
"60QS000364",136,104,32
"60QS000365",111,70,41
"60QS000366",68,32,36
"60QS000367",102,66,36
"60QS000368",66,38,28
"60QS000369",78,42,36
"60QS000370",74,53,21
"60QS000371",92,46,46
"60QS000372",92,62,30
"60QS000373",74,36,38
"60QS000374",43,33,10
"60QS000375",79,58,21
"60QS000376",108,79,29
"60QS000377",79,31,48
"60QS000378",105,45,60
"60QS000379",82,54,28
"60QS000380",87,45,42
"60QS000381",74,56,18
"60QS000382",149,87,62
"60QS000383",125,64,61
"60QS000384",118,68,50
"60QS000385",118,56,62
"60QS000386",108,81,27
"60QS000387",146,98,48
"60QS000388",104,76,28
"60QS000389",66,39,27
"60QS000390",69,33,36
"60QS000391",104,61,43
"60QS000392",76,54,22
"60QS000393",110,90,20
"60QS000394",93,56,37
"60QS000395",77,54,23
"60QS000396",60,53,7
"60QS000397",77,63,14
"60QS000398",71,55,16
"60QS000399",52,42,10
"60QS000400",48,40,8
"60QS000401",124,105,19
"60QS000402",83,61,22
"60QS000403",72,61,11
"60QS000404",103,49,54
"60QS000405",94,34,60
"60QS000406",106,57,49
"60QS000407",115,55,60
"60QS000408",92,55,37
"60QS000409",89,58,31
"60QS000410",150,138,12
"60QS000411",101,59,42
"60QS000412",49,39,10
"60QS000413",93,59,34
"60QS000414",101,38,63
"60QS000415",82,64,18
"60QS000416",105,57,48
"60QS000417",91,59,32
"60QS000418",109,41,68
"60QS000419",103,41,62
"60QS000420",124,45,79
"60QS000421",120,53,67
"60QS000422",82,51,31
"60QS000423",76,50,26
"60QS000424",96,35,61
"60QS000425",107,39,68
"60QS000426",84,32,52
"60QS000427",81,33,48
"60QS000428",92,73,19
"60QS000429",99,81,18
"60QS000430",96,62,34
"60QS000431",85,61,24
"60QS000432",98,46,52
"60QS000433",134,80,54
"60QS000434",73,47,26
"60QS000435",331,239,92
"60QS000436",74,47,27
"60QS000437",99,41,58
"60QS000438",92,42,50
"60QS000439",88,63,25
"60QS000440",70,38,32
"60QS000441",118,67,51
"60QS000442",110,77,33
"60QS000443",84,43,41
"60QS000444",237,210,27
"60QS000445",140,63,77
"60QS000446",68,43,25
"60QS000447",81,64,17
"60QS000448",54,31,23
"60QS000449",152,108,44
"60QS000450",64,58,6
"60QS000451",122,51,71
"60QS000452",144,102,42
"60QS000453",89,63,26
"60QS000454",57,41,16
"60QS000455",190,153,37
"60QS000456",108,47,61
"60QS000457",80,39,41
"60QS000458",109,49,60
"60QS000459",100,29,71
"60QS000460",103,63,40
"60QS000461",98,64,34
"60QS000462",118,40,78
"60QS000463",89,38,51
"60QS000464",108,57,51
"60QS000465",105,42,63
"60QS000466",79,35,44
"60QS000467",86,36,50
"60QS000468",57,30,27
"60QS000469",78,24,54
"60QS000470",114,41,73
"60QS000471",85,31,54
"60QS000472",100,30,70
"60QS000473",80,22,58
"60QS000474",119,32,87
"60QS000475",74,25,49
"60QS000476",97,32,65
"60QS000477",108,30,78
"60QS000478",92,34,58
"60QS000479",106,32,74
"60QS000480",178,54,124
"60QS000481",87,49,38
"60QS000482",92,44,48
"60QS000483",74,36,38
"60QS000484",77,54,23
"60QS000485",77,46,31
"60QS000486",66,31,35
"60QS000487",74,53,21
"60QS000488",129,91,38
"60QS000489",86,65,21
"60QS000490",41,35,6
"60QS000491",77,53,24
"60QS000492",132,96,36
"60QS000493",86,59,27
"60QS000494",88,65,23
"60QS000495",76,66,10
"60QS000496",98,73,25
"60QS000497",80,51,29
"60QS000498",111,53,58
"60QS000499",48,36,12
"60QS000500",111,69,42
"60QS000501",64,36,28
"60QS000502",94,61,33
"60QS000503",93,79,14
"60QS000504",94,68,26
"60QS000505",55,45,10
"60QS000506",54,48,6
"60QS000507",78,65,13
"60QS000508",100,87,13
"60QS000509",127,64,63
"60QS000510",83,49,34
"60QS000511",114,92,22
"60QS000512",45,25,20
"60QS000513",111,60,51
"60QS000514",68,40,28
"60QS000515",63,45,18
"60QS000516",78,50,28
"60QS000517",95,55,40
"60QS000518",105,68,37
"60QS000519",76,40,36
"60QS000520",109,76,33
"60QS000521",87,62,25
"60QS000522",56,30,26
"60QS000523",62,48,14
"60QS000524",90,58,32
"60QS000525",80,36,44
"60QS000526",127,88,39
"60QS000527",125,113,12
"60QS000528",60,31,29
"60QS000529",44,29,15
"60QS000530",152,90,62
"60QS000531",78,50,28
"60QS000532",101,60,41
"60QS000533",75,49,26
"60QS000534",79,55,24
"60QS000535",114,77,37
"60QS000536",75,58,17
"60QS000537",104,60,44
"60QS000538",86,50,36
"60QS000539",67,48,19
"60QS000540",86,53,33
"60QS000541",93,54,39
"60QS000542",130,84,46
"60QS000543",90,78,12
"60QS000544",94,82,12
"60QS000545",74,61,13
"60QS000546",85,62,23
"60QS000547",73,39,34
"60QS000548",73,33,40
"60QS000549",61,44,17
"60QS000550",136,69,67
"60QS000551",122,78,44
"60QS000552",110,75,35
"60QS000553",81,59,22
"60QS000554",74,36,38
"60QS000555",49,21,28
"60QS000556",68,40,28
"60QS000557",71,45,26
"60QS000558",72,43,29
"60QS000559",197,148,49
"60QS000560",80,46,34
"60QS000561",87,43,44
"60QS000562",93,57,36
"60QS000563",75,47,28
"60QS000564",101,48,53
"60QS000565",85,53,32
"60QS000566",96,54,42
"60QS000567",103,55,48
"60QS000568",92,50,42
"60QS000569",89,56,33
"60QS000570",100,55,45
"60QS000571",87,51,36
"60QS000572",91,45,46
"60QS000573",87,47,40
"60QS000574",108,56,52
"60QS000575",81,43,38
"60QS000576",56,42,14
"60QS000577",136,62,74
"60QS000578",116,62,54
"60QS000579",71,37,34
"60QS000580",76,43,33
"60QS000581",70,35,35
"60QS000582",90,52,38
"60QS000583",84,52,32
"60QS000584",75,47,28
"60QS000585",106,55,51
"60QS000586",70,39,31
"60QS000587",126,81,45
"60QS000588",48,26,22
"60QS000589",69,41,28
"60QS000590",94,56,38
"60QS000591",100,40,60
"60QS000592",64,45,19
"60QS000593",113,75,38
"60QS000594",100,56,44
"60QS000595",114,59,55
"60QS000596",59,43,16
"60QS000597",62,29,33
"60QS000598",133,80,53
"60QS000599",126,55,71
"60QS000600",82,49,33
"60QS000601",71,44,27
"60QS000602",77,37,40
"60QS000603",91,63,28
"60QS000604",84,52,32
"60QS000605",88,46,42
"60QS000606",114,72,42
"60QS000607",81,47,34
"60QS000608",46,46,0
"60QS000609",83,71,12
"60QS000610",59,51,8
"60QS000611",102,83,19
"60QS000612",119,68,51
"60QS000613",69,40,29
"60QS000614",64,42,22
"60QS000615",63,39,24
"60QS000616",115,61,54
"60QS000617",68,37,31
"60QS000618",76,41,35
"60QS000619",101,50,51
"60QS000620",81,40,41
"60QS000621",95,71,24
"60QS000622",106,46,60
"60QS000623",118,75,43
"60QS000624",84,38,46
"60QS000625",143,75,68
"60QS000626",110,57,53
"60QS000627",101,71,30
"60QS000628",83,55,28
"60QS000629",113,53,60
"60QS000630",92,48,44
"60QS000631",82,60,22
"60QS000632",66,28,38
"60QS000633",141,79,62
"60QS000634",133,61,72
"60QS000635",131,67,64
"60QS000636",82,48,34
"60QS000637",76,34,42
"60QS000638",121,53,68
"60QS000639",114,62,52
"60QS000640",132,60,72
"60QS000641",131,69,62
"60QS000642",130,64,66
"60QS000643",84,46,38
"60QS000644",82,54,28
"60QS000645",88,59,29
"60QS000646",121,53,68
"60QS000647",92,48,44
"60QS000648",80,39,41
"60QS000649",88,45,43
"60QS000650",104,56,48
"60QS000651",84,37,47
"60QS000652",84,46,38
"60QS000653",145,85,60
"60QS000654",134,58,76
"60QS000655",128,86,42
"60QS000656",288,221,67
"60QS000657",105,55,50
"60QS000658",76,40,36
"60QS000659",87,51,36
"60QS000660",57,43,14
"60QS000661",76,43,33
"60QS000662",132,84,48
"60QS000663",82,37,45
"60QS000664",81,49,32
"60QS000665",79,39,40
"60QS000666",82,53,29
"60QS000667",84,42,42
"60QS000668",94,55,39
"60QS000669",95,47,48
"60QS000670",69,37,32
"60QS000671",78,32,46
"60QS000672",71,33,38
"60QS000673",43,25,18
"60QS000674",45,25,20
"60QS000675",102,76,26
"60QS000676",104,75,29
"60QS000677",103,61,42
"60QS000678",99,58,41
"60QS000679",89,68,21
"60QS000680",70,43,27
"60QS000681",91,71,20
"60QS000682",104,73,31
"60QS000683",111,89,22
"60QS000684",89,73,16
"60QS000685",93,55,38
"60QS000686",105,73,32
"60QS000687",88,60,28
"60QS000688",108,77,31
"60QS000689",79,56,23
"60QS000690",88,60,28
"60QS000691",112,86,26
"60QS000692",55,38,17
"60QS000693",89,59,30
"60QS000694",114,90,24
"60QS000695",84,62,22
"60QS000696",123,93,30
"60QS000697",74,55,19
"60QS000698",111,73,38
"60QS000699",96,56,40
"60QS000700",83,53,30
"60QS000701",81,41,40
"60QS000702",72,48,24
"60QS000703",75,49,26
"60QS000704",107,65,42
"60QS000705",144,82,62
"60QS000706",69,33,36
"60QS000707",64,34,30
"60QS000708",116,36,80
"60QS000709",79,41,38
"60QS000710",179,67,112
"60QS000711",101,33,68
"60QS000712",122,50,72
"60QS000713",88,33,55
"60QS000714",89,36,53
"60QS000715",86,28,58
"60QS000716",115,46,69
"60QS000717",101,32,69
"60QS000718",92,32,60
"60QS000719",92,40,52
"60QS000720",112,62,50
"60QS000721",131,62,69
"60QS000722",125,40,85
"60QS000723",143,47,96
"60QS000724",85,25,60
"60QS000725",73,34,39
"60QS000726",90,33,57
"60QS000727",105,31,74
"60QS000728",89,35,54
"60QS000729",112,43,69
"60QS000730",123,35,88
"60QS000731",97,36,61
"60QS000732",111,40,71
"60QS000733",122,47,75
"60QS000734",68,34,34
"60QS000735",83,43,40
"60QS000736",69,59,10
"60QS000737",78,54,24
"60QS000738",74,51,23
"60QS000739",73,46,27
"60QS000740",85,71,14
"60QS000741",55,50,5
"60QS000742",81,57,24
"60QS000743",75,43,32
"60QS000744",129,71,58
"60QS000745",81,52,29
"60QS000746",61,37,24
"60QS000747",56,52,4
"60QS000748",56,41,15
"60QS000749",101,70,31
"60QS000750",96,79,17
"60QS000751",90,82,8
"60QS000752",81,61,20
"60QS000753",104,73,31
"60QS000754",63,57,6
"60QS000755",54,54,0
"60QS000756",48,40,8
"60QS000757",77,62,15
"60QS000758",109,89,20
"60QS000759",101,73,28
"60QS000760",69,52,17
"60QS000761",80,49,31
"60QS000762",60,49,11
"60QS000763",64,54,10
"60QS000764",76,52,24
"60QS000765",70,54,16
"60QS000766",109,66,43
"60QS000767",93,59,34
"60QS000768",41,27,14
"60QS000769",75,65,10
"60QS000770",133,103,30
"60QS000771",83,69,14
"60QS000772",62,52,10
"60QS000773",66,48,18
"60QS000774",72,54,18
"60QS000775",105,44,61
"60QS000776",100,58,42
"60QS000777",90,74,16
"60QS000778",42,32,10
"60QS000779",152,69,83
"60QS000780",135,75,60
"60QS000781",85,45,40
"60QS000782",111,61,50
"60QS000783",126,77,49
"60QS000784",106,53,53
"60QS000785",95,66,29
"60QS000786",75,37,38
"60QS000787",127,55,72
"60QS000788",106,33,73
"60QS000789",111,39,72
"60QS000790",107,38,69
"60QS000791",53,29,24
"60QS000792",112,45,67
"60QS000793",89,59,30
"60QS000794",113,77,36
"60QS000795",104,59,45
"60QS000796",96,73,23
"60QS000797",91,69,22
"60QS000798",74,47,27
"60QS000799",61,35,26
"60QS000800",95,47,48
"60QS000801",87,40,47
"60QS000802",81,37,44
"60QS000803",94,49,45
"60QS000804",109,47,62
"60QS000805",92,48,44
"60QS000806",94,32,62
"60QS000807",124,76,48
"60QS000808",66,40,26
"60QS000809",74,37,37
"60QS000810",87,39,48
"60QS000811",135,58,77
"60QS000812",80,38,42
"60QS000813",79,47,32
"60QS000814",86,53,33
"60QS000815",156,114,42
"60QS000816",82,47,35
"60QS000817",53,33,20
"60QS000818",79,67,12
"60QS000819",79,53,26
"60QS000820",101,67,34
"60QS000821",104,78,26
"60QS000822",106,88,18
"60QS000823",110,98,12
"60QS000824",132,80,52
"60QS000825",120,77,43
"60QS000826",80,29,51
"60QS000827",87,56,31
"60QS000828",76,34,42
"60QS000829",103,66,37
"60QS000830",87,65,22
"60QS000831",102,59,43
"60QS000832",113,97,16
"60QS000833",125,88,37
"60QS000834",146,102,44
"60QS000835",65,55,10
"60QS000836",78,65,13
"60QS000837",99,91,8
"60QS000838",107,78,29
"60QS000839",108,82,26
"60QS000840",123,82,41
"60QS000841",46,44,2
"60QS000842",90,72,18
"60QS000843",92,64,28
"60QS000844",119,86,33
"60QS000845",77,46,31
"60QS000846",91,78,13
"60QS000847",117,86,31
"60QS000848",99,69,30
"60QS000849",109,85,24
"60QS000850",91,80,11
"60QS000851",119,71,48
"60QS000852",72,42,30
"60QS000853",95,64,31
"60QS000854",85,43,42
"60QS000855",86,60,26
"60QS000856",129,99,30
"60QS000857",42,40,2
"60QS000858",64,47,17
"60QS000859",47,31,16
"60QS000860",115,98,17
"60QS000861",44,38,6
"60QS000862",142,103,39
"60QS000863",104,61,43
"60QS000864",62,56,6
"60QS000865",45,33,12
"60QS000866",75,56,19
"60QS000867",80,62,18
"60QS000868",92,79,13
"60QS000869",90,68,22
"60QS000870",44,35,9
"60QS000871",86,76,10
"60QS000872",98,66,32
"60QS000873",47,37,10
"60QS000874",67,62,5
"60QS000875",76,57,19
"60QS000876",48,41,7
"60QS000877",110,99,11
"60QS000878",107,74,33
"60QS000879",80,54,26
"60QS000880",141,109,32
"60QS000881",77,59,18
"60QS000882",67,45,22
"60QS000883",124,97,27
"60QS000884",132,100,32
"60QS000885",46,38,8
"60QS000886",99,83,16
"60QS000887",66,57,9
"60QS000888",66,51,15
"60QS000889",76,64,12
"60QS000890",67,42,25
"60QS000891",49,33,16
"60QS000892",66,56,10
"60QS000893",71,60,11
"60QS000894",58,42,16
"60QS000895",85,40,45
"60QS000896",61,53,8
"60QS000897",98,79,19
"60QS000898",70,55,15
"60QS000899",62,41,21
"60QS000900",82,69,13
"60QS000901",83,79,4
"60QS000902",114,79,35
"60QS000903",81,59,22
"60QS000904",68,45,23
"60QS000905",90,76,14
"60QS000906",124,92,32
"60QS000907",145,93,52
"60QS000908",167,112,55
"60QS000909",118,69,49
"60QS000910",96,69,27
"60QS000911",88,57,31
"60QS000912",85,65,20
"60QS000913",95,51,44
"60QS000914",84,61,23
"60QS000915",142,108,34
"60QS000916",101,96,5
"60QS000917",111,99,12
"60QS000918",93,73,20
"60QS000919",48,38,10
"60QS000920",115,82,33
"60QS000921",84,66,18
"60QS000922",110,93,17
"60QS000923",92,59,33
"60QS000924",83,65,18
"60QS000925",66,50,16
"60QS000926",99,88,11
"60QS000927",66,52,14
"60QS000928",100,83,17
"60QS000929",75,69,6
"60QS000930",80,58,22
"60QS000931",121,100,21
"60QS000932",83,61,22
"60QS000933",73,55,18
"60QS000934",79,55,24
"60QS000935",116,93,23
"60QS000936",186,180,6
"60QS000937",46,30,16
"60QS000938",65,56,9
"60QS000939",70,43,27
"60QS000940",51,33,18
"60QS000941",1015,999,16
"60QS000942",58,56,2
"60QS000943",84,75,9
"60QS000944",56,42,14
"60QS000945",87,79,8
"60QS000946",120,93,27
"60QS000947",103,66,37
"60QS000948",209,172,37
"60QS000949",94,84,10
"60QS000950",51,43,8
"60QS000951",99,85,14
"60QS000952",56,50,6
"60QS000953",128,108,20
"60QS000954",110,88,22
"60QS000955",107,83,24
"60QS000956",61,47,14
"60QS000957",112,80,32
"60QS000958",75,46,29
"60QS000959",125,79,46
"60QS000960",110,78,32
"60QS000961",62,52,10
"60QS000962",88,75,13
"60QS000963",78,67,11
"60QS000964",54,44,10
"60QS000965",71,54,17
"60QS000966",56,49,7
"60QS000967",88,76,12
"60QS000968",112,78,34
"60QS000969",102,75,27
"60QS000970",75,64,11
"60QS000971",82,50,32
"60QS000972",90,63,27
"60QS000973",108,68,40
"60QS000974",114,53,61
"60QS000975",74,46,28
"60QS000976",53,33,20
"60QS000977",81,55,26
"60QS000978",82,41,41
"60QS000979",69,40,29
"60QS000980",87,53,34
"60QS000981",79,54,25
"60QS000982",44,30,14
"60QS000983",110,75,35
"60QS000984",75,59,16
"60QS000985",83,54,29
"60QS000986",64,48,16
"60QS000987",78,56,22
"60QS000988",92,67,25
"60QS000989",76,52,24
"60QS000990",125,97,28
"60QS000991",85,59,26
"60QS000992",43,39,4
"60QS000993",64,60,4
"60QS000994",86,66,20
"60QS000995",52,39,13
"60QS000996",61,56,5
"60QS000997",46,32,14
"60QS000998",61,55,6
"60QS000999",79,63,16
"60QS001000",55,45,10
"60QS001001",88,82,6
"60QS001002",76,53,23
"60QS001003",135,93,42
"60QS001004",54,48,6
"60QS001005",114,75,39
"60QS001006",68,43,25
"60QS001007",79,49,30
"60QS001008",82,37,45
"60QS001009",113,75,38
"60QS001010",112,65,47
"60QS001011",106,60,46
"60QS001012",79,49,30
"60QS001013",213,167,46
"60QS001014",52,41,11
"60QS001015",47,35,12
"60QS001016",75,65,10
"60QS001017",70,53,17
"60QS001018",53,51,2
"60QS001019",77,69,8
"60QS001020",121,89,32
"60QS001021",122,83,39
"60QS001022",234,189,45
"60QS001023",58,51,7
"60QS001024",101,80,21
"60QS001025",115,71,44
"60QS001026",121,62,59
"60QS001027",41,23,18
"60QS001028",89,63,26
"60QS001029",120,58,62
"60QS001030",74,45,29
"60QS001031",96,78,18
"60QS001032",95,73,22
"60QS001033",78,48,30
"60QS001034",101,56,45
"60QS001035",100,30,70
"60QS001036",96,44,52
"60QS001037",55,47,8
"60QS001038",43,41,2
"60QS001039",96,59,37
"60QS001040",61,53,8
"60QS001041",37,33,4
"60QS001042",69,53,16
"60QS001043",107,69,38
"60QS001044",91,66,25
"60QS001045",58,32,26
"60QS001046",113,69,44
"60QS001047",83,68,15
"60QS001048",79,39,40
"60QS001049",62,47,15
"60QS001050",50,35,15
"60QS001051",75,56,19
"60QS001052",115,91,24
"60QS001053",159,103,56
"60QS001054",121,85,36
"60QS001055",71,42,29
"60QS001056",94,82,12
"60QS001057",73,54,19
"60QS001058",87,68,19
"60QS001059",46,34,12
"60QS001060",78,68,10
"60QS001061",78,59,19
"60QS001062",77,36,41
"60QS001063",81,41,40
"60QS001064",99,62,37
"60QS001065",104,52,52
"60QS001066",82,50,32
"60QS001067",112,54,58
"60QS001068",81,56,25
"60QS001069",109,87,22
"60QS001070",56,48,8
"60QS001071",87,50,37
"60QS001072",141,72,69
"60QS001073",89,47,42
"60QS001074",122,102,20
"60QS001075",53,45,8
"60QS001076",62,47,15
"60QS001077",85,77,8
"60QS001078",79,57,22
"60QS001079",90,64,26
"60QS001080",74,45,29
"60QS001081",74,57,17
"60QS001082",84,46,38
"60QS001083",76,56,20
"60QS001084",78,43,35
"60QS001085",104,61,43
"60QS001086",87,67,20
"60QS001087",66,44,22
"60QS001088",62,44,18
"60QS001089",113,76,37
"60QS001090",81,57,24
"60QS001091",92,67,25
"60QS001092",63,39,24
"60QS001093",98,65,33
"60QS001094",88,64,24
"60QS001095",78,73,5
"60QS001096",112,85,27
"60QS001097",78,61,17
"60QS001098",114,89,25
"60QS001099",91,70,21
"60QS001100",85,61,24
"60QS001101",68,60,8
"60QS001102",92,62,30
"60QS001103",113,89,24
"60QS001104",94,70,24
"60QS001105",54,38,16
"60QS001106",94,73,21
"60QS001107",117,62,55
"60QS001108",124,95,29
"60QS001109",63,52,11
"60QS001110",92,67,25
"60QS001111",62,60,2
"60QS001112",136,61,75
"60QS001113",87,65,22
"60QS001114",59,29,30
"60QS001115",66,31,35
"60QS001116",86,54,32
"60QS001117",88,78,10
"60QS001118",97,75,22
"60QS001119",118,92,26
"60QS001120",66,52,14
"60QS001121",98,82,16
"60QS001122",102,85,17
"60QS001123",106,51,55
"60QS001124",42,20,22
"60QS001125",104,41,63
"60QS001126",142,81,61
"60QS001127",130,69,61
"60QS001128",85,47,38
"60QS001129",108,71,37
"60QS001130",96,46,50
"60QS001131",79,39,40
"60QS001132",104,74,30
"60QS001133",65,45,20
"60QS001134",79,55,24
"60QS001135",88,69,19
"60QS001136",78,54,24
"60QS001137",55,45,10
"60QS001138",96,81,15
"60QS001139",136,89,47
"60QS001140",58,50,8
"60QS001141",65,49,16
"60QS001142",175,116,59
"60QS001143",111,62,49
"60QS001144",89,52,37
"60QS001145",102,63,39
"60QS001146",73,43,30
"60QS001147",125,82,43
"60QS001148",94,50,44
"60QS001149",100,50,50
"60QS001150",92,62,30
"60QS001151",150,90,60
"60QS001152",155,97,58
"60QS001153",87,54,33
"60QS001154",85,41,44
"60QS001155",95,63,32
"60QS001156",103,67,36
"60QS001157",129,78,51
"60QS001158",190,124,66
"60QS001159",217,147,70
"60QS001160",112,71,41
"60QS001161",63,46,17
"60QS001162",103,50,53
"60QS001163",109,57,52
"60QS001164",100,55,45
"60QS001165",161,85,76
"60QS001166",130,67,63
"60QS001167",108,54,54
"60QS001168",94,50,44
"60QS001169",89,47,42
"60QS001170",72,40,32
"60QS001171",109,57,52
"60QS001172",139,79,60
"60QS001173",89,55,34
"60QS001174",94,42,52
"60QS001175",73,51,22
"60QS001176",119,98,21
"60QS001177",155,94,61
"60QS001178",118,77,41
"60QS001179",111,81,30
"60QS001180",100,62,38
"60QS001181",82,36,46
"60QS001182",102,77,25
"60QS001183",64,40,24
"60QS001184",81,53,28
"60QS001185",53,39,14
"60QS001186",103,71,32
"60QS001187",69,45,24
"60QS001188",51,39,12
"60QS001189",82,54,28
"60QS001190",114,64,50
"60QS001191",68,35,33
"60QS001192",77,63,14
"60QS001193",86,62,24
"60QS001194",103,53,50
"60QS001195",63,43,20
"60QS001196",105,63,42
"60QS001197",95,53,42
"60QS001198",124,80,44
"60QS001199",109,57,52
"60QS001200",138,87,51
"60QS001201",107,77,30
"60QS001202",78,46,32
"60QS001203",80,45,35
"60QS001204",104,66,38
"60QS001205",70,52,18
"60QS001206",74,50,24
"60QS001207",79,47,32
"60QS001208",97,64,33
"60QS001209",84,57,27
"60QS001210",81,75,6
"60QS001211",109,52,57
"60QS001212",74,44,30
"60QS001213",74,60,14
"60QS001214",86,57,29
"60QS001215",58,47,11
"60QS001216",54,40,14
"60QS001217",86,49,37
"60QS001218",88,66,22
"60QS001219",78,56,22
"60QS001220",101,86,15
"60QS001221",60,47,13
"60QS001222",54,54,0
"60QS001223",90,69,21
"60QS001224",74,69,5
"60QS001225",91,60,31
"60QS001226",58,55,3
"60QS001227",58,42,16
"60QS001228",106,74,32
"60QS001229",77,57,20
"60QS001230",78,68,10
"60QS001231",62,56,6
"60QS001232",93,69,24
"60QS001233",100,53,47
"60QS001234",91,55,36
"60QS001235",73,61,12
"60QS001236",96,57,39
"60QS001237",96,86,10
"60QS001238",67,65,2
"60QS001239",92,74,18
"60QS001240",117,97,20
"60QS001241",114,74,40
"60QS001242",68,61,7
"60QS001243",54,46,8
"60QS001244",73,53,20
"60QS001245",120,91,29
"60QS001246",106,78,28
"60QS001247",62,48,14
"60QS001248",120,87,33
"60QS001249",85,72,13
"60QS001250",91,73,18
"60QS001251",106,91,15
"60QS001252",52,40,12
"60QS001253",51,47,4
"60QS001254",63,51,12
"60QS001255",78,57,21
"60QS001256",61,51,10
"60QS001257",85,70,15
"60QS001258",84,48,36
"60QS001259",89,49,40
"60QS001260",90,38,52
"60QS001261",64,41,23
"60QS001262",73,67,6
"60QS001263",65,44,21
"60QS001264",68,50,18
"60QS001265",66,44,22
"60QS001266",103,64,39
"60QS001267",68,45,23
"60QS001268",72,57,15
"60QS001269",79,50,29
"60QS001270",83,63,20
"60QS001271",64,51,13
"60QS001272",122,83,39
"60QS001273",73,61,12
"60QS001274",77,44,33
"60QS001275",139,88,51
"60QS001276",83,49,34
"60QS001277",88,45,43
"60QS001278",99,57,42
"60QS001279",93,47,46
"60QS001280",117,76,41
"60QS001281",123,80,43
"60QS001282",135,60,75
"60QS001283",110,77,33
"60QS001284",88,56,32
"60QS001285",118,69,49
"60QS001286",84,49,35
"60QS001287",134,78,56
"60QS001288",59,40,19
"60QS001289",50,43,7
"60QS001290",66,50,16
"60QS001291",126,82,44
"60QS001292",139,84,55
"60QS001293",100,80,20
"60QS001294",69,52,17
"60QS001295",64,56,8
"60QS001296",117,71,46
"60QS001297",64,49,15
"60QS001298",99,51,48
"60QS001299",146,92,54
"60QS001300",142,92,50
"60QS001301",132,78,54
"60QS001302",118,71,47
"60QS001303",137,90,47
"60QS001304",73,47,26
"60QS001305",96,72,24
"60QS001306",70,58,12
"60QS001307",74,38,36
"60QS001308",61,37,24
"60QS001309",114,86,28
"60QS001310",133,74,59
"60QS001311",134,96,38
"60QS001312",100,44,56
"60QS001313",105,58,47
"60QS001314",136,87,49
"60QS001315",124,78,46
"60QS001316",135,81,54
"60QS001317",139,89,50
"60QS001318",88,73,15
"60QS001319",116,64,52
"60QS001320",106,57,49
"60QS001321",116,72,44
"60QS001322",126,74,52
"60QS001323",134,66,68
"60QS001324",114,48,66
"60QS001325",63,53,10
"60QS001326",60,58,2
"60QS001327",93,63,30
"60QS001328",110,66,44
"60QS001329",70,41,29
"60QS001330",95,75,20
"60QS001331",116,84,32
"60QS001332",152,94,58
"60QS001333",106,73,33
"60QS001334",167,91,76
"60QS001335",107,75,32
"60QS001336",56,45,11
"60QS001337",57,53,4
"60QS001338",95,72,23
"60QS001339",70,52,18
"60QS001340",59,45,14
"60QS001341",102,52,50
"60QS001342",59,49,10
"60QS001343",76,54,22
"60QS001344",79,57,22
"60QS001345",61,31,30
"60QS001346",95,51,44
"60QS001347",84,53,31
"60QS001348",66,41,25
"60QS001349",85,47,38
"60QS001350",95,61,34
"60QS001351",136,68,68
"60QS001352",110,52,58
"60QS001353",87,42,45
"60QS001354",92,68,24
"60QS001355",70,46,24
"60QS001356",93,45,48
"60QS001357",72,32,40
"60QS001358",108,45,63
"60QS001359",62,47,15
"60QS001360",91,44,47
"60QS001361",86,44,42
"60QS001362",116,59,57
"60QS001363",75,38,37
"60QS001364",109,55,54
"60QS001365",106,65,41
"60QS001366",82,62,20
"60QS001367",70,34,36
"60QS001368",176,81,95
"60QS001369",90,36,54
"60QS001370",92,46,46
"60QS001371",84,45,39
"60QS001372",89,43,46
"60QS001373",139,54,85
"60QS001374",87,46,41
"60QS001375",76,44,32
"60QS001376",137,48,89
"60QS001377",80,38,42
"60QS001378",106,54,52
"60QS001379",89,45,44
"60QS001380",73,34,39
"60QS001381",86,64,22
"60QS001382",151,113,38
"60QS001383",86,78,8
"60QS001384",104,72,32
"60QS001385",52,41,11
"60QS001386",46,35,11
"60QS001387",56,34,22
"60QS001388",81,56,25
"60QS001389",53,36,17
"60QS001390",115,78,37
"60QS001391",68,46,22
"60QS001392",80,66,14
"60QS001393",105,75,30
"60QS001394",110,76,34
"60QS001395",53,48,5
"60QS001396",55,49,6
"60QS001397",63,49,14
"60QS001398",86,76,10
"60QS001399",61,45,16
"60QS001400",118,80,38
"60QS001401",92,66,26
"60QS001402",101,72,29
"60QS001403",47,43,4
"60QS001404",97,85,12
"60QS001405",102,75,27
"60QS001406",114,101,13
"60QS001407",94,58,36
"60QS001408",70,56,14
"60QS001409",67,55,12
"60QS001410",67,59,8
"60QS001411",66,48,18
"60QS001412",129,84,45
"60QS001413",107,78,29
"60QS001414",91,74,17
"60QS001415",87,58,29
"60QS001416",51,25,26
"60QS001417",62,38,24
"60QS001418",99,64,35
"60QS001419",75,53,22
"60QS001420",86,54,32
"60QS001421",80,51,29
"60QS001422",48,35,13
"60QS001423",129,92,37
"60QS001424",95,69,26
"60QS001425",95,81,14
"60QS001426",66,40,26
"60QS001427",69,53,16
"60QS001428",114,78,36
"60QS001429",92,70,22
"60QS001430",101,83,18
"60QS001431",75,49,26
"60QS001432",85,59,26
"60QS001433",82,53,29
"60QS001434",77,45,32
"60QS001435",85,59,26
"60QS001436",92,68,24
"60QS001437",85,59,26
"60QS001438",88,61,27
"60QS001439",80,53,27
"60QS001440",152,112,40
"60QS001441",89,70,19
"60QS001442",56,36,20
"60QS001443",106,65,41
"60QS001444",86,64,22
"60QS001445",130,78,52
"60QS001446",81,53,28
"60QS001447",86,62,24
"60QS001448",70,56,14
"60QS001449",78,66,12
"60QS001450",73,44,29
"60QS001451",73,62,11
"60QS001452",76,66,10
"60QS001453",87,67,20
"60QS001454",84,67,17
"60QS001455",80,68,12
"60QS001456",102,82,20
"60QS001457",84,67,17
"60QS001458",123,91,32
"60QS001459",64,56,8
"60QS001460",121,92,29
"60QS001461",68,50,18
"60QS001462",86,74,12
"60QS001463",95,79,16
"60QS001464",67,59,8
"60QS001465",53,41,12
"60QS001466",88,76,12
"60QS001467",89,71,18
"60QS001468",91,69,22
"60QS001469",90,66,24
"60QS001470",119,73,46
"60QS001471",99,72,27
"60QS001472",119,89,30
"60QS001473",63,48,15
"60QS001474",115,95,20
"60QS001475",105,63,42
"60QS001476",92,58,34
"60QS001477",62,46,16
"60QS001478",133,83,50
"60QS001479",84,68,16
"60QS001480",127,80,47
"60QS001481",103,81,22
"60QS001482",65,35,30
"60QS001483",88,63,25
"60QS001484",103,76,27
"60QS001485",93,67,26
"60QS001486",77,47,30
"60QS001487",93,71,22
"60QS001488",51,41,10
"60QS001489",98,74,24
"60QS001490",65,43,22
"60QS001491",71,49,22
"60QS001492",87,62,25
"60QS001493",80,68,12
"60QS001494",101,79,22
"60QS001495",91,66,25
"60QS001496",73,53,20
"60QS001497",75,62,13
"60QS001498",76,60,16
"60QS001499",88,70,18
"60QS001500",115,87,28
"60QS001501",110,89,21
"60QS001502",125,99,26
"60QS001503",90,70,20
"60QS001504",96,79,17
"60QS001505",104,68,36
"60QS001506",104,86,18
"60QS001507",67,53,14
"60QS001508",42,26,16
"60QS001509",100,84,16
"60QS001510",67,52,15
"60QS001511",71,55,16
"60QS001512",74,42,32
"60QS001513",90,66,24
"60QS001514",65,48,17
"60QS001515",84,52,32
"60QS001516",61,48,13
"60QS001517",48,34,14
"60QS001518",44,40,4
"60QS001519",44,38,6
"60QS001520",91,65,26
"60QS001521",67,42,25
"60QS001522",70,38,32
"60QS001523",110,60,50
"60QS001524",124,60,64
"60QS001525",64,46,18
"60QS001526",64,34,30
"60QS001527",81,52,29
"60QS001528",52,46,6
"60QS001529",87,71,16
"60QS001530",61,56,5
"60QS001531",79,58,21
"60QS001532",100,76,24
"60QS001533",130,107,23
"60QS001534",79,57,22
"60QS001535",101,85,16
"60QS001536",89,69,20
"60QS001537",65,51,14
"60QS001538",88,47,41
"60QS001539",73,48,25
"60QS001540",47,33,14
"60QS001541",189,132,57
"60QS001542",123,56,67
"60QS001543",64,34,30
"60QS001544",97,37,60
"60QS001545",76,48,28
"60QS001546",95,43,52
"60QS001547",95,55,40
"60QS001548",93,63,30
"60QS001549",67,49,18
"60QS001550",147,99,48
"60QS001551",101,53,48
"60QS001552",69,33,36
"60QS001553",72,52,20
"60QS001554",66,30,36
"60QS001555",67,47,20
"60QS001556",68,44,24
"60QS001557",85,54,31
"60QS001558",95,65,30
"60QS001559",137,79,58
"60QS001560",118,64,54
"60QS001561",113,65,48
"60QS001562",127,79,48
"60QS001563",123,85,38
"60QS001564",128,80,48
"60QS001565",97,50,47
"60QS001566",100,57,43
"60QS001567",81,43,38
"60QS001568",78,47,31
"60QS001569",76,45,31
"60QS001570",91,53,38
"60QS001571",64,40,24
"60QS001572",117,59,58
"60QS001573",120,65,55
"60QS001574",76,48,28
"60QS001575",82,36,46
"60QS001576",104,63,41
"60QS001577",73,40,33
"60QS001578",45,28,17
"60QS001579",152,95,57
"60QS001580",137,93,44
"60QS001581",71,59,12
"60QS001582",84,63,21
"60QS001583",136,88,48
"60QS001584",79,45,34
"60QS001585",94,46,48
"60QS001586",109,69,40
"60QS001587",98,62,36
"60QS001588",77,63,14
"60QS001589",89,73,16
"60QS001590",114,101,13
"60QS001591",120,103,17
"60QS001592",143,103,40
"60QS001593",48,34,14
"60QS001594",86,42,44
"60QS001595",102,41,61
"60QS001596",87,48,39
"60QS001597",90,61,29
"60QS001598",86,54,32
"60QS001599",73,34,39
"60QS001600",83,42,41
"60QS001601",80,50,30
"60QS001602",86,36,50
"60QS001603",85,57,28
"60QS001604",65,35,30
"60QS001605",93,48,45
"60QS001606",82,46,36
"60QS001607",118,89,29
"60QS001608",51,35,16
"60QS001609",90,70,20
"60QS001610",68,45,23
"60QS001611",65,55,10
"60QS001612",40,34,6
"60QS001613",122,71,51
"60QS001614",64,41,23
"60QS001615",52,38,14
"60QS001616",47,39,8
"60QS001617",85,52,33
"60QS001618",79,56,23
"60QS001619",107,80,27
"60QS001620",63,41,22
"60QS001621",63,49,14
"60QS001622",88,72,16
"60QS001623",44,40,4
"60QS001624",106,70,36
"60QS001625",56,42,14
"60QS001626",66,57,9
"60QS001627",38,28,10
"60QS001628",62,24,38
"60QS001629",62,34,28
"60QS001630",101,52,49
"60QS001631",114,57,57
"60QS001632",94,56,38
"60QS001633",118,104,14
"60QS001634",119,43,76
"60QS001635",126,85,41
"60QS001636",73,45,28
"60QS001637",111,64,47
"60QS001638",69,53,16
"60QS001639",78,44,34
"60QS001640",64,48,16
"60QS001641",72,56,16
"60QS001642",72,43,29
"60QS001643",91,77,14
"60QS001644",69,59,10
"60QS001645",143,66,77
"60QS001646",46,34,12
"60QS001647",96,37,59
"60QS001648",114,56,58
"60QS001649",116,66,50
"60QS001650",98,67,31
"60QS001651",87,64,23
"60QS001652",70,45,25
"60QS001653",76,65,11
"60QS001654",78,50,28
"60QS001655",134,84,50
"60QS001656",145,84,61
"60QS001657",132,84,48
"60QS001658",103,68,35
"60QS001659",59,47,12
"60QS001660",98,86,12
"60QS001661",68,48,20
"60QS001662",68,46,22
"60QS001663",77,47,30
"60QS001664",94,61,33
"60QS001665",97,51,46
"60QS001666",101,55,46
"60QS001667",61,41,20
"60QS001668",94,50,44
"60QS001669",67,41,26
"60QS001670",54,40,14
"60QS001671",77,63,14
"60QS001672",65,49,16
"60QS001673",98,82,16
"60QS001674",65,53,12
"60QS001675",62,40,22
"60QS001676",44,30,14
"60QS001677",143,118,25
"60QS001678",75,49,26
"60QS001679",107,52,55
"60QS001680",163,51,112
"60QS001681",153,68,85
"60QS001682",104,52,52
"60QS001683",146,57,89
"60QS001684",157,65,92
"60QS001685",154,48,106
"60QS001686",118,71,47
"60QS001687",100,83,17
"60QS001688",104,56,48
"60QS001689",104,51,53
"60QS001690",146,90,56
"60QS001691",90,49,41
"60QS001692",163,77,86
"60QS001693",101,45,56
"60QS001694",94,40,54
"60QS001695",123,64,59
"60QS001696",143,87,56
"60QS001697",106,58,48
"60QS001698",99,57,42
"60QS001699",110,46,64
"60QS001700",101,44,57
"60QS001701",98,64,34
"60QS001702",68,50,18
"60QS001703",88,39,49
"60QS001704",74,31,43
"60QS001705",61,36,25
"60QS001706",149,56,93
"60QS001707",72,36,36
"60QS001708",69,59,10
"60QS001709",83,47,36
"60QS001710",104,40,64
"60QS001711",110,35,75
"60QS001712",95,46,49
"60QS001713",73,36,37
"60QS001714",67,41,26
"60QS001715",74,44,30
"60QS001716",87,45,42
"60QS001717",110,67,43
"60QS001718",110,62,48
"60QS001719",74,50,24
"60QS001720",76,38,38
"60QS001721",91,56,35
"60QS001722",53,43,10
"60QS001723",114,65,49
"60QS001724",87,60,27
"60QS001725",82,56,26
"60QS001726",55,41,14
"60QS001727",77,68,9
"60QS001728",147,63,84
"60QS001729",130,75,55
"60QS001730",50,18,32
"60QS001731",75,31,44
"60QS001732",72,51,21
"60QS001733",98,42,56
"60QS001734",72,38,34
"60QS001735",59,29,30
"60QS001736",134,95,39
"60QS001737",117,50,67
"60QS001738",137,47,90
"60QS001739",119,43,76
"60QS001740",139,36,103
"60QS001741",105,33,72
"60QS001742",116,45,71
"60QS001743",84,20,64
"60QS001744",90,35,55
"60QS001745",169,51,118
"60QS001746",109,29,80
"60QS001747",92,28,64
"60QS001748",90,61,29
"60QS001749",180,74,106
"60QS001750",128,50,78
"60QS001751",146,94,52
"60QS001752",105,79,26
"60QS001753",75,57,18
"60QS001754",96,68,28
"60QS001755",121,85,36
"60QS001756",137,75,62
"60QS001757",53,19,34
"60QS001758",121,76,45
"60QS001759",101,61,40
"60QS001760",94,54,40
"60QS001761",85,47,38
"60QS001762",93,48,45
"60QS001763",114,72,42
"60QS001764",97,39,58
"60QS001765",82,39,43
"60QS001766",142,86,56
"60QS001767",67,35,32
"60QS001768",72,49,23
"60QS001769",95,71,24
"60QS001770",68,56,12
"60QS001771",98,55,43
"60QS001772",89,56,33
"60QS001773",124,57,67
"60QS001774",114,59,55
"60QS001775",74,37,37
"60QS001776",106,56,50
"60QS001777",87,50,37
"60QS001778",76,38,38
"60QS001779",153,61,92
"60QS001780",122,64,58
"60QS001781",140,36,104
"60QS001782",101,37,64
"60QS001783",171,69,102
"60QS001784",61,24,37
"60QS001785",114,54,60
"60QS001786",140,48,92
"60QS001787",105,46,59
"60QS001788",107,34,73
"60QS001789",122,45,77
"60QS001790",111,34,77
"60QS001791",105,64,41
"60QS001792",112,68,44
"60QS001793",121,77,44
"60QS001794",143,73,70
"60QS001795",122,57,65
"60QS001796",120,56,64
"60QS001797",101,75,26
"60QS001798",109,71,38
"60QS001799",73,45,28
"60QS001800",115,78,37
"60QS001801",92,50,42
"60QS001802",65,39,26
"60QS001803",128,85,43
"60QS001804",65,49,16
"60QS001805",104,53,51
"60QS001806",112,59,53
"60QS001807",48,32,16
"60QS001808",42,28,14
"60QS001809",88,46,42
"60QS001810",82,52,30
"60QS001811",105,36,69
"60QS001812",121,41,80
"60QS001813",112,41,71
"60QS001814",98,62,36
"60QS001815",130,60,70
"60QS001816",89,44,45
"60QS001817",148,57,91
"60QS001818",123,49,74
"60QS001819",122,58,64
"60QS001820",74,40,34
"60QS001821",154,110,44
"60QS001822",81,42,39
"60QS001823",79,46,33
"60QS001824",72,42,30
"60QS001825",75,47,28
"60QS001826",74,60,14
"60QS001827",56,42,14
"60QS001828",113,75,38
"60QS001829",112,71,41
"60QS001830",90,58,32
"60QS001831",79,58,21
"60QS001832",104,71,33
"60QS001833",109,69,40
"60QS001834",121,86,35
"60QS001835",118,62,56
"60QS001836",102,70,32
"60QS001837",133,78,55
"60QS001838",72,42,30
"60QS001839",99,53,46
"60QS001840",165,88,77
"60QS001841",87,55,32
"60QS001842",93,63,30
"60QS001843",98,60,38
"60QS001844",60,44,16
"60QS001845",565,483,82
"60QS001846",74,57,17
"60QS001847",114,54,60
"60QS001848",61,35,26
"60QS001849",66,20,46
"60QS001850",124,60,64
"60QS001851",101,46,55
"60QS001852",102,61,41
"60QS001853",115,61,54
"60QS001854",99,52,47
"60QS001855",95,39,56
"60QS001856",74,46,28
"60QS001857",127,85,42
"60QS001858",94,53,41
"60QS001859",57,45,12
"60QS001860",80,53,27
"60QS001861",71,34,37
"60QS001862",66,34,32
"60QS001863",76,34,42
"60QS001864",86,40,46
"60QS001865",82,42,40
"60QS001866",70,47,23
"60QS001867",95,70,25
"60QS001868",72,44,28
"60QS001869",100,50,50
"60QS001870",82,46,36
"60QS001871",131,82,49
"60QS001872",120,65,55
"60QS001873",93,53,40
"60QS001874",74,43,31
"60QS001875",132,90,42
"60QS001876",58,48,10
"60QS001877",68,49,19
"60QS001878",103,69,34
"60QS001879",64,54,10
"60QS001880",62,46,16
"60QS001881",103,55,48
"60QS001882",152,91,61
"60QS001883",50,33,17
"60QS001884",127,87,40
"60QS001885",64,47,17
"60QS001886",119,81,38
"60QS001887",88,66,22
"60QS001888",52,35,17
"60QS001889",84,59,25
"60QS001890",133,90,43
"60QS001891",83,70,13
"60QS001892",97,70,27
"60QS001893",103,78,25
"60QS001894",99,77,22
"60QS001895",61,42,19
"60QS001896",73,63,10
"60QS001897",82,76,6
"60QS001898",108,73,35
"60QS001899",56,36,20
"60QS001900",105,74,31
"60QS001901",35,33,2
"60QS001902",97,57,40
"60QS001903",78,66,12
"60QS001904",35,25,10
"60QS001905",33,28,5
"60QS001906",118,64,54
"60QS001907",43,24,19
"60QS001908",71,45,26
"60QS001909",101,59,42
"60QS001910",54,35,19
"60QS001911",96,53,43
"60QS001912",48,25,23
"60QS001913",86,40,46
"60QS001914",71,41,30
"60QS001915",68,39,29
"60QS001916",135,74,61
"60QS001917",114,90,24
"60QS001918",55,41,14
"60QS001919",99,63,36
"60QS001920",85,63,22
"60QS001921",74,58,16
"60QS001922",114,106,8
"60QS001923",114,77,37
"60QS001924",103,85,18
"60QS001925",90,83,7
"60QS001926",70,46,24
"60QS001927",71,50,21
"60QS001928",63,46,17
"60QS001929",136,77,59
"60QS001930",67,51,16
"60QS001931",111,79,32
"60QS001932",83,63,20
"60QS001933",66,46,20
"60QS001934",79,57,22
"60QS001935",69,57,12
"60QS001936",110,75,35
"60QS001937",68,41,27
"60QS001938",66,52,14
"60QS001939",111,82,29
"60QS001940",46,38,8
"60QS001941",80,68,12
"60QS001942",184,119,65
"60QS001943",50,37,13
"60QS001944",127,88,39
"60QS001945",91,80,11
"60QS001946",74,58,16
"60QS001947",75,66,9
"60QS001948",46,45,1
"60QS001949",89,67,22
"60QS001950",114,47,67
"60QS001951",64,35,29
"60QS001952",91,45,46
"60QS001953",162,87,75
"60QS001954",108,60,48
"60QS001955",162,83,79
"60QS001956",139,78,61
"60QS001957",130,65,65
"60QS001958",93,81,12
"60QS001959",58,46,12
"60QS001960",83,67,16
"60QS001961",74,40,34
"60QS001962",86,62,24
"60QS001963",79,64,15
"60QS001964",99,67,32
"60QS001965",113,64,49
"60QS001966",84,72,12
"60QS001967",100,55,45
"60QS001968",127,61,66
"60QS001969",74,62,12
"60QS001970",85,42,43
"60QS001971",91,35,56
"60QS001972",113,84,29
"60QS001973",72,28,44
"60QS001974",101,84,17
"60QS001975",122,95,27
"60QS001976",47,36,11
"60QS001977",67,56,11
"60QS001978",71,54,17
"60QS001979",82,68,14
"60QS001980",59,51,8
"60QS001981",68,40,28
"60QS001982",49,33,16
"60QS001983",110,91,19
"60QS001984",104,71,33
"60QS001985",39,25,14
"60QS001986",118,94,24
"60QS001987",99,69,30
"60QS001988",126,85,41
"60QS001989",79,67,12
"60QS001990",38,30,8
"60QS001991",65,35,30
"60QS001992",78,56,22
"60QS001993",148,102,46
"60QS001994",76,47,29
"60QS001995",67,49,18
"60QS001996",65,37,28
"60QS001997",97,60,37
"60QS001998",121,91,30
"60QS001999",105,73,32
"60QS002000",63,43,20
"60QS002001",72,52,20
"60QS002002",82,70,12
"60QS002003",107,90,17
"60QS002004",75,59,16
"60QS002005",75,61,14
"60QS002006",87,49,38
"60QS002007",109,62,47
"60QS002008",96,63,33
"60QS002009",105,61,44
"60QS002010",102,78,24
"60QS002011",49,31,18
"60QS002012",73,64,9
"60QS002013",119,66,53
"60QS002014",90,72,18
"60QS002015",119,68,51
"60QS002016",82,50,32
"60QS002017",129,61,68
"60QS002018",73,55,18
"60QS002019",97,45,52
"60QS002020",128,94,34
"60QS002021",174,146,28
"60QS002022",103,57,46
"60QS002023",96,59,37
"60QS002024",90,66,24
"60QS002025",122,86,36
"60QS002026",82,55,27
"60QS002027",112,96,16
"60QS002028",40,34,6
"60QS002029",91,67,24
"60QS002030",100,86,14
"60QS002031",99,87,12
"60QS002032",77,61,16
"60QS002033",99,80,19
"60QS002034",78,67,11
"60QS002035",69,58,11
"60QS002036",75,51,24
"60QS002037",95,46,49
"60QS002038",97,82,15
"60QS002039",77,50,27
"60QS002040",69,42,27
"60QS002041",111,67,44
"60QS002042",59,40,19
"60QS002043",92,63,29
"60QS002044",113,67,46
"60QS002045",61,47,14
"60QS002046",71,65,6
"60QS002047",134,95,39
"60QS002048",123,54,69
"60QS002049",87,61,26
"60QS002050",61,43,18
"60QS002051",46,41,5
"60QS002052",48,36,12
"60QS002053",95,57,38
"60QS002054",73,70,3
"60QS002055",78,67,11
"60QS002056",62,54,8
"60QS002057",98,59,39
"60QS002058",57,42,15
"60QS002059",95,76,19
"60QS002060",84,72,12
"60QS002061",52,38,14
"60QS002062",110,79,31
"60QS002063",60,50,10
"60QS002064",81,63,18
"60QS002065",134,90,44
"60QS002066",79,56,23
"60QS002067",94,77,17
"60QS002068",102,63,39
"60QS002069",80,63,17
"60QS002070",83,57,26
"60QS002071",68,45,23
"60QS002072",80,52,28
"60QS002073",108,54,54
"60QS002074",95,72,23
"60QS002075",88,67,21
"60QS002076",63,57,6
"60QS002077",106,71,35
"60QS002078",69,47,22
"60QS002079",92,80,12
"60QS002080",127,89,38
"60QS002081",144,78,66
"60QS002082",59,34,25
"60QS002083",90,84,6
"60QS002084",99,78,21
"60QS002085",136,88,48
"60QS002086",82,72,10
"60QS002087",91,50,41
"60QS002088",101,83,18
"60QS002089",95,59,36
"60QS002090",102,61,41
"60QS002091",71,47,24
"60QS002092",69,52,17
"60QS002093",86,76,10
"60QS002094",77,59,18
"60QS002095",48,35,13
"60QS002096",109,76,33
"60QS002097",89,60,29
"60QS002098",119,81,38
"60QS002099",91,77,14
"60QS002100",66,43,23
"60QS002101",72,51,21
"60QS002102",66,46,20
"60QS002103",79,61,18
"60QS002104",61,47,14
"60QS002105",70,46,24
"60QS002106",107,61,46
"60QS002107",116,58,58
"60QS002108",64,48,16
"60QS002109",95,33,62
"60QS002110",97,88,9
"60QS002111",103,69,34
"60QS002112",133,62,71
"60QS002113",99,36,63
"60QS002114",48,15,33
"60QS002115",73,58,15
"60QS002116",66,44,22
"60QS002117",145,104,41
"60QS002118",144,84,60
"60QS002119",129,66,63
"60QS002120",145,96,49
"60QS002121",122,81,41
"60QS002122",109,86,23
"60QS002123",113,71,42
"60QS002124",81,67,14
"60QS002125",66,61,5
"60QS002126",104,82,22
"60QS002127",107,58,49
"60QS002128",138,53,85
"60QS002129",110,45,65
"60QS002130",127,54,73
"60QS002131",110,83,27
"60QS002132",162,89,73
"60QS002133",158,80,78
"60QS002134",109,69,40
"60QS002135",122,53,69
"60QS002136",90,61,29
"60QS002137",101,60,41
"60QS002138",72,35,37
"60QS002139",248,135,113
"60QS002140",215,119,96
"60QS002141",89,43,46
"60QS002142",89,40,49
"60QS002143",75,52,23
"60QS002144",63,40,23
"60QS002145",118,79,39
"60QS002146",80,75,5
"60QS002147",66,43,23
"60QS002148",82,65,17
"60QS002149",63,47,16
"60QS002150",74,50,24
"60QS002151",67,55,12
"60QS002152",79,53,26
"60QS002153",100,66,34
"60QS002154",109,81,28
"60QS002155",132,52,80
"60QS002156",69,59,10
"60QS002157",70,56,14
"60QS002158",92,78,14
"60QS002159",78,40,38
"60QS002160",59,23,36
"60QS002161",176,128,48
"60QS002162",195,153,42
"60QS002163",89,68,21
"60QS002164",88,64,24
"60QS002165",82,46,36
"60QS002166",96,73,23
"60QS002167",92,84,8
"60QS002168",105,96,9
"60QS002169",76,63,13
"60QS002170",88,60,28
"60QS002171",86,55,31
"60QS002172",60,47,13
"60QS002173",109,77,32
"60QS002174",79,62,17
"60QS002175",59,35,24
"60QS002176",80,56,24
"60QS002177",70,38,32
"60QS002178",63,38,25
"60QS002179",78,54,24
"60QS002180",99,53,46
"60QS002181",87,63,24
"60QS002182",109,60,49
"60QS002183",66,46,20
"60QS002184",82,65,17
"60QS002185",76,59,17
"60QS002186",78,66,12
"60QS002187",96,76,20
"60QS002188",105,80,25
"60QS002189",98,78,20
"60QS002190",94,74,20
"60QS002191",88,77,11
"60QS002192",61,51,10
"60QS002193",155,106,49
"60QS002194",77,57,20
"60QS002195",156,94,62
"60QS002196",99,78,21
"60QS002197",103,76,27
"60QS002198",56,33,23
"60QS002199",113,79,34
"60QS002200",89,64,25
"60QS002201",109,83,26
"60QS002202",66,58,8
"60QS002203",78,60,18
"60QS002204",91,67,24
"60QS002205",92,72,20
"60QS002206",61,47,14
"60QS002207",114,89,25
"60QS002208",96,48,48
"60QS002209",85,67,18
"60QS002210",56,40,16
"60QS002211",64,45,19
"60QS002212",105,68,37
"60QS002213",114,67,47
"60QS002214",107,48,59
"60QS002215",52,32,20
"60QS002216",50,32,18
"60QS002217",90,55,35
"60QS002218",88,25,63
"60QS002219",106,34,72
"60QS002220",188,85,103
"60QS002221",152,72,80
"60QS002222",127,45,82
"60QS002223",58,24,34
"60QS002224",97,77,20
"60QS002225",116,58,58
"60QS002226",71,57,14
"60QS002227",129,51,78
"60QS002228",155,79,76
"60QS002229",125,53,72
"60QS002230",131,54,77
"60QS002231",137,54,83
"60QS002232",112,55,57
"60QS002233",61,37,24
"60QS002234",124,59,65
"60QS002235",107,50,57
"60QS002236",90,45,45
"60QS002237",95,44,51
"60QS002238",95,46,49
"60QS002239",110,49,61
"60QS002240",98,50,48
"60QS002241",89,51,38
"60QS002242",108,62,46
"60QS002243",97,59,38
"60QS002244",153,68,85
"60QS002245",115,57,58
"60QS002246",79,35,44
"60QS002247",115,42,73
"60QS002248",184,100,84
"60QS002249",122,53,69
"60QS002250",177,64,113
"60QS002251",105,47,58
"60QS002252",125,44,81
"60QS002253",97,42,55
"60QS002254",148,57,91
"60QS002255",134,44,90
"60QS002256",86,29,57
"60QS002257",92,54,38
"60QS002258",105,37,68
"60QS002259",63,51,12
"60QS002260",72,43,29
"60QS002261",55,45,10
"60QS002262",52,40,12
"60QS002263",104,37,67
"60QS002264",105,53,52
"60QS002265",93,47,46
"60QS002266",122,73,49
"60QS002267",85,47,38
"60QS002268",98,35,63
"60QS002269",122,41,81
"60QS002270",49,15,34
"60QS002271",94,48,46
"60QS002272",79,23,56
"60QS002273",131,52,79
"60QS002274",74,46,28
"60QS002275",141,59,82
"60QS002276",170,69,101
"60QS002277",113,38,75
"60QS002278",139,74,65
"60QS002279",96,47,49
"60QS002280",98,35,63
"60QS002281",63,39,24
"60QS002282",54,41,13
"60QS002283",59,41,18
"60QS002284",80,52,28
"60QS002285",84,54,30
"60QS002286",120,82,38
"60QS002287",93,55,38
"60QS002288",109,74,35
"60QS002289",61,49,12
"60QS002290",63,43,20
"60QS002291",79,42,37
"60QS002292",115,58,57
"60QS002293",80,46,34
"60QS002294",139,72,67
"60QS002295",127,39,88
"60QS002296",99,46,53
"60QS002297",152,67,85
"60QS002298",77,37,40
"60QS002299",46,32,14
"60QS002300",51,39,12
"60QS002301",96,79,17
"60QS002302",115,87,28
"60QS002303",56,41,15
"60QS002304",52,41,11
"60QS002305",101,59,42
"60QS002306",85,54,31
"60QS002307",104,68,36
"60QS002308",114,70,44
"60QS002309",77,56,21
"60QS002310",47,27,20
"60QS002311",65,41,24
"60QS002312",63,45,18
"60QS002313",67,49,18
"60QS002314",60,34,26
"60QS002315",59,46,13
"60QS002316",104,65,39
"60QS002317",112,74,38
"60QS002318",47,39,8
"60QS002319",105,57,48
"60QS002320",109,78,31
"60QS002321",93,49,44
"60QS002322",62,30,32
"60QS002323",121,97,24
"60QS002324",92,60,32
"60QS002325",90,77,13
"60QS002326",66,61,5
"60QS002327",118,86,32
"60QS002328",94,63,31
"60QS002329",122,74,48
"60QS002330",82,58,24
"60QS002331",59,45,14
"60QS002332",115,77,38
"60QS002333",71,53,18
"60QS002334",51,34,17
"60QS002335",76,33,43
"60QS002336",103,69,34
"60QS002337",85,32,53
"60QS002338",108,61,47
"60QS002339",69,47,22
"60QS002340",106,85,21
"60QS002341",168,98,70
"60QS002342",97,53,44
"60QS002343",99,44,55
"60QS002344",89,47,42
"60QS002345",64,36,28
"60QS002346",115,67,48
"60QS002347",122,80,42
"60QS002348",60,51,9
"60QS002349",58,45,13
"60QS002350",84,53,31
"60QS002351",70,54,16
"60QS002352",135,83,52
"60QS002353",144,79,65
"60QS002354",151,110,41
"60QS002355",105,62,43
"60QS002356",123,73,50
"60QS002357",119,85,34
"60QS002358",136,75,61
"60QS002359",189,102,87
"60QS002360",99,62,37
"60QS002361",80,52,28
"60QS002362",70,54,16
"60QS002363",90,79,11
"60QS002364",85,66,19
"60QS002365",96,69,27
"60QS002366",77,65,12
"60QS002367",59,51,8
"60QS002368",87,60,27
"60QS002369",95,63,32
"60QS002370",73,51,22
"60QS002371",74,49,25
"60QS002372",120,84,36
"60QS002373",78,57,21
"60QS002374",80,55,25
"60QS002375",71,45,26
"60QS002376",71,46,25
"60QS002377",121,87,34
"60QS002378",113,74,39
"60QS002379",77,42,35
"60QS002380",91,43,48
"60QS002381",114,66,48
"60QS002382",126,79,47
"60QS002383",88,72,16
"60QS002384",112,76,36
"60QS002385",78,44,34
"60QS002386",66,41,25
"60QS002387",78,48,30
"60QS002388",53,48,5
"60QS002389",82,53,29
"60QS002390",101,60,41
"60QS002391",101,75,26
"60QS002392",107,81,26
"60QS002393",100,70,30
"60QS002394",84,67,17
"60QS002395",53,39,14
"60QS002396",73,48,25
"60QS002397",113,85,28
"60QS002398",69,44,25
"60QS002399",60,57,3
"60QS002400",68,64,4
"60QS002401",90,81,9
"60QS002402",75,62,13
"60QS002403",79,55,24
"60QS002404",65,54,11
"60QS002405",95,77,18
"60QS002406",137,91,46
"60QS002407",77,53,24
"60QS002408",75,47,28
"60QS002409",109,85,24
"60QS002410",75,53,22
"60QS002411",79,53,26
"60QS002412",123,89,34
"60QS002413",96,62,34
"60QS002414",129,64,65
"60QS002415",59,46,13
"60QS002416",62,46,16
"60QS002417",55,45,10
"60QS002418",109,70,39
"60QS002419",113,93,20
"60QS002420",71,59,12
"60QS002421",80,53,27
"60QS002422",80,62,18
"60QS002423",81,53,28
"60QS002424",63,45,18
"60QS002425",87,52,35
"60QS002426",66,54,12
"60QS002427",62,47,15
"60QS002428",95,75,20
"60QS002429",73,41,32
"60QS002430",85,53,32
"60QS002431",135,101,34
"60QS002432",111,70,41
"60QS002433",64,41,23
"60QS002434",73,48,25
"60QS002435",97,73,24
"60QS002436",56,36,20
"60QS002437",67,50,17
"60QS002438",83,43,40
"60QS002439",48,37,11
"60QS002440",72,52,20
"60QS002441",101,79,22
"60QS002442",74,60,14
"60QS002443",79,57,22
"60QS002444",51,43,8
"60QS002445",161,91,70
"60QS002446",112,76,36
"60QS002447",88,74,14
"60QS002448",91,72,19
"60QS002449",164,123,41
"60QS002450",75,38,37
"60QS002451",90,70,20
"60QS002452",66,50,16
"60QS002453",50,42,8
"60QS002454",57,39,18
"60QS002455",75,48,27
"60QS002456",95,63,32
"60QS002457",112,78,34
"60QS002458",114,75,39
"60QS002459",110,74,36
"60QS002460",127,107,20
"60QS002461",135,86,49
"60QS002462",66,40,26
"60QS002463",97,53,44
"60QS002464",50,10,40
"60QS002465",71,35,36
"60QS002466",118,80,38
"60QS002467",97,71,26
"60QS002468",69,61,8
"60QS002469",60,40,20
"60QS002470",98,76,22
"60QS002471",60,54,6
"60QS002472",93,66,27
"60QS002473",70,49,21
"60QS002474",53,39,14
"60QS002475",98,60,38
"60QS002476",70,39,31
"60QS002477",112,66,46
"60QS002478",100,48,52
"60QS002479",74,54,20
"60QS002480",100,56,44
"60QS002481",133,77,56
"60QS002482",129,63,66
"60QS002483",130,58,72
"60QS002484",111,71,40
"60QS002485",60,39,21
"60QS002486",94,55,39
"60QS002487",132,84,48
"60QS002488",84,50,34
"60QS002489",124,81,43
"60QS002490",84,41,43
"60QS002491",115,86,29
"60QS002492",123,76,47
"60QS002493",117,75,42
"60QS002494",96,60,36
"60QS002495",94,71,23
"60QS002496",88,65,23
"60QS002497",78,56,22
"60QS002498",65,48,17
"60QS002499",90,74,16
"60QS002500",85,67,18
"60QS002501",88,69,19
"60QS002502",102,72,30
"60QS002503",65,43,22
"60QS002504",61,41,20
"60QS002505",58,50,8
"60QS002506",78,47,31
"60QS002507",64,55,9
"60QS002508",115,61,54
"60QS002509",83,47,36
"60QS002510",98,43,55
"60QS002511",85,47,38
"60QS002512",79,28,51
"60QS002513",66,31,35
"60QS002514",160,77,83
"60QS002515",141,81,60
"60QS002516",144,79,65
"60QS002517",145,74,71
"60QS002518",105,73,32
"60QS002519",129,99,30
"60QS002520",136,88,48
"60QS002521",135,91,44
"60QS002522",109,65,44
"60QS002523",146,84,62
"60QS002524",78,35,43
"60QS002525",87,45,42
"60QS002526",115,69,46
"60QS002527",88,54,34
"60QS002528",93,64,29
"60QS002529",112,80,32
"60QS002530",85,75,10
"60QS002531",89,60,29
"60QS002532",57,48,9
"60QS002533",59,37,22
"60QS002534",101,76,25
"60QS002535",89,57,32
"60QS002536",90,83,7
"60QS002537",47,33,14
"60QS002538",77,66,11
"60QS002539",65,38,27
"60QS002540",122,87,35
"60QS002541",76,58,18
"60QS002542",44,44,0
"60QS002543",83,65,18
"60QS002544",70,58,12
"60QS002545",130,61,69
"60QS002546",144,60,84
"60QS002547",54,46,8
"60QS002548",59,46,13
"60QS002549",86,72,14
"60QS002550",100,74,26
"60QS002551",80,58,22
"60QS002552",74,58,16
"60QS002553",159,66,93
"60QS002554",111,81,30
"60QS002555",106,70,36
"60QS002556",54,23,31
"60QS002557",66,33,33
"60QS002558",84,42,42
"60QS002559",97,68,29
"60QS002560",75,59,16
"60QS002561",136,74,62
"60QS002562",85,46,39
"60QS002563",64,30,34
"60QS002564",129,84,45
"60QS002565",123,55,68
"60QS002566",142,55,87
"60QS002567",78,34,44
"60QS002568",105,56,49
"60QS002569",100,53,47
"60QS002570",79,59,20
"60QS002571",93,52,41
"60QS002572",79,49,30
"60QS002573",136,78,58
"60QS002574",79,47,32
"60QS002575",142,66,76
"60QS002576",97,57,40
"60QS002577",85,52,33
"60QS002578",131,60,71
"60QS002579",84,32,52
"60QS002580",139,57,82
"60QS002581",114,43,71
"60QS002582",113,45,68
"60QS002583",86,34,52
"60QS002584",128,52,76
"60QS002585",119,47,72
"60QS002586",108,34,74
"60QS002587",136,58,78
"60QS002588",93,35,58
"60QS002589",108,39,69
"60QS002590",117,33,84
"60QS002591",80,43,37
"60QS002592",125,68,57
"60QS002593",94,55,39
"60QS002594",98,52,46
"60QS002595",66,32,34
"60QS002596",117,52,65
"60QS002597",77,52,25
"60QS002598",64,40,24
"60QS002599",87,54,33
"60QS002600",95,46,49
"60QS002601",76,36,40
"60QS002602",116,57,59
"60QS002603",106,68,38
"60QS002604",77,39,38
"60QS002605",123,46,77
"60QS002606",117,39,78
"60QS002607",135,51,84
"60QS002608",141,54,87
"60QS002609",94,31,63
"60QS002610",101,35,66
"60QS002611",103,31,72
"60QS002612",100,41,59
"60QS002613",109,43,66
"60QS002614",132,48,84
"60QS002615",160,71,89
"60QS002616",149,58,91
"60QS002617",97,30,67
"60QS002618",144,38,106
"60QS002619",74,40,34
"60QS002620",105,33,72
"60QS002621",78,33,45
"60QS002622",96,40,56
"60QS002623",77,38,39
"60QS002624",119,42,77
"60QS002625",97,83,14
"60QS002626",88,33,55
"60QS002627",54,34,20
"60QS002628",93,70,23
"60QS002629",105,41,64
"60QS002630",180,57,123
"60QS002631",120,40,80
"60QS002632",119,37,82
"60QS002633",119,45,74
"60QS002634",146,47,99
"60QS002635",108,37,71
"60QS002636",105,54,51
"60QS002637",59,47,12
"60QS002638",125,65,60
"60QS002639",162,65,97
"60QS002640",119,77,42
"60QS002641",109,63,46
"60QS002642",102,46,56
"60QS002643",125,45,80
"60QS002644",79,41,38
"60QS002645",127,58,69
"60QS002646",77,45,32
"60QS002647",56,47,9
"60QS002648",55,45,10
"60QS002649",111,87,24
"60QS002650",87,76,11
"60QS002651",63,58,5
"60QS002652",80,68,12
"60QS002653",48,46,2
"60QS002654",95,73,22
"60QS002655",88,72,16
"60QS002656",105,73,32
"60QS002657",53,43,10
"60QS002658",55,45,10
"60QS002659",97,67,30
"60QS002660",74,58,16
"60QS002661",76,47,29
"60QS002662",55,39,16
"60QS002663",85,79,6
"60QS002664",47,37,10
"60QS002665",62,54,8
"60QS002666",63,51,12
"60QS002667",118,87,31
"60QS002668",128,99,29
"60QS002669",72,53,19
"60QS002670",105,35,70
"60QS002671",143,68,75
"60QS002672",151,51,100
"60QS002673",109,45,64
"60QS002674",141,58,83
"60QS002675",169,69,100
"60QS002676",159,85,74
"60QS002677",128,54,74
"60QS002678",112,57,55
"60QS002679",101,57,44
"60QS002680",80,46,34
"60QS002681",92,56,36
"60QS002682",92,48,44
"60QS002683",80,35,45
"60QS002684",121,45,76
"60QS002685",98,32,66
"60QS002686",115,45,70
"60QS002687",52,24,28
"60QS002688",76,31,45
"60QS002689",109,48,61
"60QS002690",104,42,62
"60QS002691",168,45,123
"60QS002692",160,59,101
"60QS002693",107,42,65
"60QS002694",77,30,47
"60QS002695",102,50,52
"60QS002696",119,44,75
"60QS002697",82,27,55
"60QS002698",85,17,68
"60QS002699",130,70,60
"60QS002700",80,37,43
"60QS002701",94,46,48
"60QS002702",121,65,56
"60QS002703",91,45,46
"60QS002704",91,50,41
"60QS002705",139,65,74
"60QS002706",81,52,29
"60QS002707",59,31,28
"60QS002708",129,37,92
"60QS002709",75,36,39
"60QS002710",100,50,50
"60QS002711",79,37,42
"60QS002712",108,58,50
"60QS002713",52,28,24
"60QS002714",116,36,80
"60QS002715",102,46,56
"60QS002716",92,24,68
"60QS002717",166,56,110
"60QS002718",92,33,59
"60QS002719",104,32,72
"60QS002720",73,23,50
"60QS002721",184,66,118
"60QS002722",166,59,107
"60QS002723",114,48,66
"60QS002724",128,40,88
"60QS002725",127,49,78
"60QS002726",67,20,47
"60QS002727",91,35,56
"60QS002728",118,53,65
"60QS002729",84,36,48
"60QS002730",117,85,32
"60QS002731",114,56,58
"60QS002732",85,51,34
"60QS002733",148,66,82
"60QS002734",120,66,54
"60QS002735",113,38,75
"60QS002736",95,40,55
"60QS002737",53,18,35
"60QS002738",51,23,28
"60QS002739",105,33,72
"60QS002740",123,46,77
"60QS002741",84,26,58
"60QS002742",48,18,30
"60QS002743",91,34,57
"60QS002744",144,54,90
"60QS002745",121,60,61
"60QS002746",68,36,32
"60QS002747",90,48,42
"60QS002748",134,64,70
"60QS002749",84,29,55
"60QS002750",91,55,36
"60QS002751",120,58,62
"60QS002752",85,49,36
"60QS002753",86,48,38
"60QS002754",82,44,38
"60QS002755",81,47,34
"60QS002756",98,38,60
"60QS002757",80,46,34
"60QS002758",115,49,66
"60QS002759",70,32,38
"60QS002760",69,36,33
"60QS002761",68,44,24
"60QS002762",95,50,45
"60QS002763",56,30,26
"60QS002764",103,55,48
"60QS002765",139,67,72
"60QS002766",83,36,47
"60QS002767",97,54,43
"60QS002768",77,45,32
"60QS002769",92,47,45
"60QS002770",98,50,48
"60QS002771",70,34,36
"60QS002772",120,45,75
"60QS002773",77,31,46
"60QS002774",122,53,69
"60QS002775",80,39,41
"60QS002776",101,56,45
"60QS002777",91,47,44
"60QS002778",69,38,31
"60QS002779",118,58,60
"60QS002780",77,48,29
"60QS002781",107,43,64
"60QS002782",130,53,77
"60QS002783",110,50,60
"60QS002784",123,73,50
"60QS002785",135,68,67
"60QS002786",82,33,49
"60QS002787",82,42,40
"60QS002788",93,52,41
"60QS002789",120,82,38
"60QS002790",66,45,21
"60QS002791",88,65,23
"60QS002792",99,71,28
"60QS002793",103,71,32
"60QS002794",116,84,32
"60QS002795",86,58,28
"60QS002796",125,89,36
"60QS002797",115,87,28
"60QS002798",114,73,41
"60QS002799",101,63,38
"60QS002800",54,40,14
"60QS002801",127,75,52
"60QS002802",73,64,9
"60QS002803",74,52,22
"60QS002804",106,80,26
"60QS002805",65,45,20
"60QS002806",71,53,18
"60QS002807",95,73,22
"60QS002808",97,57,40
"60QS002809",78,48,30
"60QS002810",40,26,14
"60QS002811",59,33,26
"60QS002812",148,102,46
"60QS002813",69,53,16
"60QS002814",43,31,12
"60QS002815",45,32,13
"60QS002816",125,98,27
"60QS002817",97,65,32
"60QS002818",111,73,38
"60QS002819",106,74,32
"60QS002820",85,53,32
"60QS002821",124,60,64
"60QS002822",43,19,24
"60QS002823",97,62,35
"60QS002824",121,60,61
"60QS002825",110,70,40
"60QS002826",125,86,39
"60QS002827",101,66,35
"60QS002828",107,77,30
"60QS002829",80,57,23
"60QS002830",75,55,20
"60QS002831",113,71,42
"60QS002832",70,48,22
"60QS002833",153,86,67
"60QS002834",59,39,20
"60QS002835",83,54,29
"60QS002836",85,49,36
"60QS002837",79,51,28
"60QS002838",104,69,35
"60QS002839",77,63,14
"60QS002840",112,68,44
"60QS002841",46,38,8
"60QS002842",52,38,14
"60QS002843",44,34,10
"60QS002844",74,50,24
"60QS002845",93,72,21
"60QS002846",63,57,6
"60QS002847",109,79,30
"60QS002848",107,72,35
"60QS002849",101,75,26
"60QS002850",84,59,25
"60QS002851",71,53,18
"60QS002852",64,40,24
"60QS002853",87,65,22
"60QS002854",85,68,17
"60QS002855",97,72,25
"60QS002856",51,41,10
"60QS002857",109,84,25
"60QS002858",40,32,8
"60QS002859",132,68,64
"60QS002860",137,74,63
"60QS002861",109,51,58
"60QS002862",66,39,27
"60QS002863",86,46,40
"60QS002864",121,65,56
"60QS002865",91,38,53
"60QS002866",83,28,55
"60QS002867",88,51,37
"60QS002868",114,64,50
"60QS002869",82,46,36
"60QS002870",70,54,16
"60QS002871",57,36,21
"60QS002872",109,67,42
"60QS002873",92,53,39
"60QS002874",66,42,24
"60QS002875",40,31,9
"60QS002876",65,46,19
"60QS002877",50,40,10
"60QS002878",56,36,20
"60QS002879",108,78,30
"60QS002880",67,50,17
"60QS002881",85,76,9
"60QS002882",84,58,26
"60QS002883",92,68,24
"60QS002884",64,50,14
"60QS002885",52,39,13
"60QS002886",64,55,9
"60QS002887",65,52,13
"60QS002888",42,32,10
"60QS002889",66,49,17
"60QS002890",73,55,18
"60QS002891",59,39,20
"60QS002892",51,45,6
"60QS002893",72,50,22
"60QS002894",98,61,37
"60QS002895",92,50,42
"60QS002896",96,77,19
"60QS002897",154,84,70
"60QS002898",66,60,6
"60QS002899",83,61,22
"60QS002900",80,43,37
"60QS002901",52,43,9
"60QS002902",67,49,18
"60QS002903",63,49,14
"60QS002904",80,34,46
"60QS002905",74,46,28
"60QS002906",86,48,38
"60QS002907",75,39,36
"60QS002908",90,60,30
"60QS002909",76,54,22
"60QS002910",68,39,29
"60QS002911",103,46,57
"60QS002912",112,71,41
"60QS002913",46,30,16
"60QS002914",68,50,18
"60QS002915",65,44,21
"60QS002916",85,65,20
"60QS002917",69,53,16
"60QS002918",90,58,32
"60QS002919",93,77,16
"60QS002920",97,70,27
"60QS002921",45,28,17
"60QS002922",111,66,45
"60QS002923",81,56,25
"60QS002924",78,40,38
"60QS002925",60,44,16
"60QS002926",65,39,26
"60QS002927",69,57,12
"60QS002928",86,66,20
"60QS002929",153,118,35
"60QS002930",60,40,20
"60QS002931",157,79,78
"60QS002932",161,84,77
"60QS002933",73,52,21
"60QS002934",63,51,12
"60QS002935",138,63,75
"60QS002936",145,103,42
"60QS002937",83,63,20
"60QS002938",82,44,38
"60QS002939",140,91,49
"60QS002940",99,77,22
"60QS002941",81,73,8
"60QS002942",56,48,8
"60QS002943",89,67,22
"60QS002944",81,69,12
"60QS002945",69,61,8
"60QS002946",73,62,11
"60QS002947",109,80,29
"60QS002948",55,46,9
"60QS002949",127,90,37
"60QS002950",119,90,29
"60QS002951",75,67,8
"60QS002952",120,80,40
"60QS002953",87,71,16
"60QS002954",105,81,24
"60QS002955",139,106,33
"60QS002956",109,90,19
"60QS002957",64,52,12
"60QS002958",87,69,18
"60QS002959",76,52,24
"60QS002960",74,44,30
"60QS002961",60,51,9
"60QS002962",86,68,18
"60QS002963",117,86,31
"60QS002964",45,41,4
"60QS002965",127,101,26
"60QS002966",101,63,38
"60QS002967",70,42,28
"60QS002968",86,79,7
"60QS002969",62,56,6
"60QS002970",120,81,39
"60QS002971",77,55,22
"60QS002972",101,74,27
"60QS002973",117,75,42
"60QS002974",90,71,19
"60QS002975",90,70,20
"60QS002976",87,76,11
"60QS002977",73,58,15
"60QS002978",73,65,8
"60QS002979",106,96,10
"60QS002980",92,76,16
"60QS002981",78,57,21
"60QS002982",82,56,26
"60QS002983",66,48,18
"60QS002984",110,76,34
"60QS002985",90,62,28
"60QS002986",71,48,23
"60QS002987",62,57,5
"60QS002988",123,103,20
"60QS002989",114,74,40
"60QS002990",68,50,18
"60QS002991",49,37,12
"60QS002992",61,41,20
"60QS002993",77,55,22
"60QS002994",81,65,16
"60QS002995",141,69,72
"60QS002996",100,74,26
"60QS002997",82,51,31
"60QS002998",110,75,35
"60QS002999",110,85,25
"60QS003000",89,69,20
"60QS003001",77,64,13
"60QS003002",150,122,28
"60QS003003",55,51,4
"60QS003004",73,65,8
"60QS003005",103,82,21
"60QS003006",89,81,8
"60QS003007",75,37,38
"60QS003008",101,53,48
"60QS003009",74,34,40
"60QS003010",71,67,4
"60QS003011",67,67,0
"60QS003012",101,79,22
"60QS003013",67,52,15
"60QS003014",93,70,23
"60QS003015",143,90,53
"60QS003016",78,64,14
"60QS003017",90,82,8
"60QS003018",108,65,43
"60QS003019",83,73,10
"60QS003020",50,42,8
"60QS003021",75,71,4
"60QS003022",69,51,18
"60QS003023",85,76,9
"60QS003024",99,55,44
"60QS003025",121,78,43
"60QS003026",95,49,46
"60QS003027",52,42,10
"60QS003028",77,61,16
"60QS003029",61,49,12
"60QS003030",89,65,24
"60QS003031",107,54,53
"60QS003032",79,50,29
"60QS003033",87,61,26
"60QS003034",81,51,30
"60QS003035",112,57,55
"60QS003036",95,56,39
"60QS003037",79,49,30
"60QS003038",99,49,50
"60QS003039",115,55,60
"60QS003040",86,38,48
"60QS003041",138,72,66
"60QS003042",112,60,52
"60QS003043",91,63,28
"60QS003044",107,72,35
"60QS003045",73,45,28
"60QS003046",105,65,40
"60QS003047",71,50,21
"60QS003048",70,53,17
"60QS003049",103,63,40
"60QS003050",97,47,50
"60QS003051",189,83,106
"60QS003052",124,60,64
"60QS003053",109,61,48
"60QS003054",79,46,33
"60QS003055",87,55,32
"60QS003056",83,36,47
"60QS003057",97,81,16
"60QS003058",82,51,31
"60QS003059",91,75,16
"60QS003060",46,40,6
"60QS003061",63,55,8
"60QS003062",70,55,15
"60QS003063",106,77,29
"60QS003064",43,43,0
"60QS003065",65,46,19
"60QS003066",38,34,4
"60QS003067",52,51,1
"60QS003068",83,74,9
"60QS003069",45,31,14
"60QS003070",48,36,12
"60QS003071",52,40,12
"60QS003072",101,84,17
"60QS003073",53,45,8
"60QS003074",63,48,15
"60QS003075",68,48,20
"60QS003076",102,83,19
"60QS003077",43,25,18
"60QS003078",32,23,9
"60QS003079",80,50,30
"60QS003080",99,51,48
"60QS003081",81,66,15
"60QS003082",82,57,25
"60QS003083",98,51,47
"60QS003084",86,50,36
"60QS003085",81,45,36
"60QS003086",123,61,62
"60QS003087",104,52,52
"60QS003088",95,43,52
"60QS003089",94,56,38
"60QS003090",149,75,74
"60QS003091",137,80,57
"60QS003092",86,44,42
"60QS003093",80,46,34
"60QS003094",109,42,67
"60QS003095",100,62,38
"60QS003096",81,44,37
"60QS003097",98,44,54
"60QS003098",128,73,55
"60QS003099",95,48,47
"60QS003100",129,82,47
"60QS003101",65,41,24
"60QS003102",97,57,40
"60QS003103",115,70,45
"60QS003104",82,48,34
"60QS003105",96,53,43
"60QS003106",66,36,30
"60QS003107",105,63,42
"60QS003108",72,32,40
"60QS003109",99,50,49
"60QS003110",72,44,28
"60QS003111",107,58,49
"60QS003112",80,50,30
"60QS003113",77,38,39
"60QS003114",87,70,17
"60QS003115",84,53,31
"60QS003116",66,44,22
"60QS003117",113,75,38
"60QS003118",95,61,34
"60QS003119",121,77,44
"60QS003120",107,61,46
"60QS003121",87,64,23
"60QS003122",75,55,20
"60QS003123",92,64,28
"60QS003124",80,51,29
"60QS003125",63,45,18
"60QS003126",79,35,44
"60QS003127",87,49,38
"60QS003128",94,42,52
"60QS003129",111,64,47
"60QS003130",87,57,30
"60QS003131",103,65,38
"60QS003132",87,59,28
"60QS003133",103,53,50
"60QS003134",68,46,22
"60QS003135",68,24,44
"60QS003136",102,58,44
"60QS003137",102,40,62
"60QS003138",65,50,15
"60QS003139",59,28,31
"60QS003140",94,68,26
"60QS003141",81,65,16
"60QS003142",83,61,22
"60QS003143",179,119,60
"60QS003144",161,82,79
"60QS003145",154,99,55
"60QS003146",163,103,60
"60QS003147",76,46,30
"60QS003148",115,58,57
"60QS003149",109,69,40
"60QS003150",76,41,35
"60QS003151",66,46,20
"60QS003152",54,38,16
"60QS003153",69,57,12
"60QS003154",50,20,30
"60QS003155",89,66,23
"60QS003156",184,81,103
"60QS003157",101,57,44
"60QS003158",84,38,46
"60QS003159",79,39,40
"60QS003160",127,50,77
"60QS003161",85,40,45
"60QS003162",91,55,36
"60QS003163",91,43,48
"60QS003164",71,33,38
"60QS003165",97,58,39
"60QS003166",90,50,40
"60QS003167",89,58,31
"60QS003168",151,76,75
"60QS003169",95,68,27
"60QS003170",73,57,16
"60QS003171",66,51,15
"60QS003172",55,43,12
"60QS003173",88,42,46
"60QS003174",84,54,30
"60QS003175",106,56,50
"60QS003176",73,39,34
"60QS003177",98,48,50
"60QS003178",77,51,26
"60QS003179",120,61,59
"60QS003180",92,50,42
"60QS003181",79,44,35
"60QS003182",115,66,49
"60QS003183",91,41,50
"60QS003184",108,55,53
"60QS003185",73,36,37
"60QS003186",145,60,85
"60QS003187",133,55,78
"60QS003188",78,37,41
"60QS003189",99,47,52
"60QS003190",77,41,36
"60QS003191",84,66,18
"60QS003192",109,47,62
"60QS003193",95,38,57
"60QS003194",106,54,52
"60QS003195",97,41,56
"60QS003196",110,58,52
"60QS003197",88,42,46
"60QS003198",130,73,57
"60QS003199",110,44,66
"60QS003200",106,63,43
"60QS003201",94,78,16
"60QS003202",60,51,9
"60QS003203",64,49,15
"60QS003204",115,83,32
"60QS003205",78,47,31
"60QS003206",59,47,12
"60QS003207",79,58,21
"60QS003208",80,46,34
"60QS003209",79,49,30
"60QS003210",105,67,38
"60QS003211",117,61,56
"60QS003212",84,50,34
"60QS003213",98,63,35
"60QS003214",83,37,46
"60QS003215",69,45,24
"60QS003216",66,44,22
"60QS003217",96,47,49
"60QS003218",58,38,20
"60QS003219",68,56,12
"60QS003220",155,83,72
"60QS003221",148,80,68
"60QS003222",102,62,40
"60QS003223",126,65,61
"60QS003224",94,66,28
"60QS003225",93,37,56
"60QS003226",47,30,17
"60QS003227",177,64,113
"60QS003228",162,52,110
"60QS003229",117,41,76
"60QS003230",106,38,68
"60QS003231",86,26,60
"60QS003232",114,68,46
"60QS003233",64,54,10
"60QS003234",106,59,47
"60QS003235",141,53,88
"60QS003236",85,46,39
"60QS003237",100,59,41
"60QS003238",117,56,61
"60QS003239",139,82,57
"60QS003240",57,47,10
"60QS003241",112,40,72
"60QS003242",119,43,76
"60QS003243",111,44,67
"60QS003244",116,47,69
"60QS003245",133,80,53
"60QS003246",118,63,55
"60QS003247",80,52,28
"60QS003248",109,60,49
"60QS003249",127,68,59
"60QS003250",80,45,35
"60QS003251",106,54,52
"60QS003252",79,41,38
"60QS003253",92,44,48
"60QS003254",68,37,31
"60QS003255",79,41,38
"60QS003256",128,66,62
"60QS003257",60,37,23
"60QS003258",60,38,22
"60QS003259",170,162,8
"60QS003260",52,44,8
"60QS003261",52,42,10
"60QS003262",56,50,6
"60QS003263",51,38,13
"60QS003264",65,53,12
"60QS003265",47,43,4
"60QS003266",79,75,4
"60QS003267",56,38,18
"60QS003268",177,91,86
"60QS003269",153,75,78
"60QS003270",109,50,59
"60QS003271",102,56,46
"60QS003272",73,40,33
"60QS003273",107,48,59
"60QS003274",83,28,55
"60QS003275",89,45,44
"60QS003276",68,46,22
"60QS003277",67,45,22
"60QS003278",112,57,55
"60QS003279",83,61,22
"60QS003280",99,54,45
"60QS003281",92,64,28
"60QS003282",132,88,44
"60QS003283",130,64,66
"60QS003284",103,68,35
"60QS003285",98,56,42
"60QS003286",83,53,30
"60QS003287",106,72,34
"60QS003288",129,85,44
"60QS003289",116,76,40
"60QS003290",93,47,46
"60QS003291",178,100,78
"60QS003292",119,84,35
"60QS003293",85,51,34
"60QS003294",82,44,38
"60QS003295",88,48,40
"60QS003296",83,70,13
"60QS003297",73,61,12
"60QS003298",105,80,25
"60QS003299",110,68,42
"60QS003300",112,62,50
"60QS003301",64,43,21
"60QS003302",105,74,31
"60QS003303",103,74,29
"60QS003304",84,53,31
"60QS003305",87,57,30
"60QS003306",43,30,13
"60QS003307",96,60,36
"60QS003308",57,44,13
"60QS003309",136,96,40
"60QS003310",122,74,48
"60QS003311",93,69,24
"60QS003312",114,90,24
"60QS003313",112,81,31
"60QS003314",59,47,12
"60QS003315",63,49,14
"60QS003316",35,29,6
"60QS003317",109,82,27
"60QS003318",103,53,50
"60QS003319",102,64,38
"60QS003320",72,52,20
"60QS003321",89,61,28
"60QS003322",121,73,48
"60QS003323",111,91,20
"60QS003324",80,64,16
"60QS003325",100,87,13
"60QS003326",125,66,59
"60QS003327",155,102,53
"60QS003328",151,91,60
"60QS003329",112,94,18
"60QS003330",79,35,44
"60QS003331",75,32,43
"60QS003332",107,58,49
"60QS003333",139,83,56
"60QS003334",108,59,49
"60QS003335",127,81,46
"60QS003336",114,63,51
"60QS003337",104,59,45
"60QS003338",98,58,40
"60QS003339",43,25,18
"60QS003340",135,98,37
"60QS003341",141,111,30
"60QS003342",120,58,62
"60QS003343",89,73,16
"60QS003344",106,69,37
"60QS003345",133,96,37
"60QS003346",129,81,48
"60QS003347",116,76,40
"60QS003348",116,64,52
"60QS003349",97,58,39
"60QS003350",103,55,48
"60QS003351",88,44,44
"60QS003352",78,36,42
"60QS003353",135,66,69
"60QS003354",131,77,54
"60QS003355",116,64,52
"60QS003356",104,61,43
"60QS003357",100,39,61
"60QS003358",68,44,24
"60QS003359",78,38,40
"60QS003360",97,55,42
"60QS003361",106,60,46
"60QS003362",113,62,51
"60QS003363",108,55,53
"60QS003364",102,52,50
"60QS003365",78,39,39
"60QS003366",108,70,38
"60QS003367",78,34,44
"60QS003368",108,48,60
"60QS003369",61,39,22
"60QS003370",89,55,34
"60QS003371",132,82,50
"60QS003372",82,57,25
"60QS003373",52,26,26
"60QS003374",86,51,35
"60QS003375",62,38,24
"60QS003376",79,59,20
"60QS003377",41,35,6
"60QS003378",54,30,24
"60QS003379",63,59,4
"60QS003380",114,90,24
"60QS003381",46,36,10
"60QS003382",41,37,4
"60QS003383",47,33,14
"60QS003384",95,53,42
"60QS003385",54,42,12
"60QS003386",89,67,22
"60QS003387",91,77,14
"60QS003388",152,93,59
"60QS003389",155,103,52
"60QS003390",95,59,36
"60QS003391",157,90,67
"60QS003392",139,90,49
"60QS003393",109,79,30
"60QS003394",142,92,50
"60QS003395",84,50,34
"60QS003396",82,59,23
"60QS003397",74,40,34
"60QS003398",112,77,35
"60QS003399",161,114,47
"60QS003400",79,55,24
"60QS003401",87,66,21
"60QS003402",74,54,20
"60QS003403",109,72,37
"60QS003404",64,34,30
"60QS003405",51,37,14
"60QS003406",78,60,18
"60QS003407",98,70,28
"60QS003408",40,30,10
"60QS003409",48,35,13
"60QS003410",67,33,34
"60QS003411",78,46,32
"60QS003412",118,66,52
"60QS003413",76,61,15
"60QS003414",109,72,37
"60QS003415",100,66,34
"60QS003416",108,75,33
"60QS003417",109,76,33
"60QS003418",117,83,34
"60QS003419",94,46,48
"60QS003420",131,55,76
"60QS003421",120,50,70
"60QS003422",95,59,36
"60QS003423",86,42,44
"60QS003424",107,62,45
"60QS003425",160,114,46
"60QS003426",87,63,24
"60QS003427",140,83,57
"60QS003428",144,87,57
"60QS003429",132,91,41
"60QS003430",104,89,15
"60QS003431",136,91,45
"60QS003432",151,86,65
"60QS003433",114,53,61
"60QS003434",131,53,78
"60QS003435",106,37,69
"60QS003436",92,51,41
"60QS003437",92,37,55
"60QS003438",103,46,57
"60QS003439",75,61,14
"60QS003440",96,44,52
"60QS003441",54,24,30
"60QS003442",51,47,4
"60QS003443",54,22,32
"60QS003444",118,34,84
"60QS003445",132,44,88
"60QS003446",120,38,82
"60QS003447",89,28,61
"60QS003448",76,33,43
"60QS003449",121,53,68
"60QS003450",97,47,50
"60QS003451",89,57,32
"60QS003452",102,40,62
"60QS003453",101,40,61
"60QS003454",114,42,72
"60QS003455",93,41,52
"60QS003456",101,37,64
"60QS003457",125,46,79
"60QS003458",107,46,61
"60QS003459",113,41,72
"60QS003460",100,32,68
"60QS003461",87,28,59
"60QS003462",90,39,51
"60QS003463",106,50,56
"60QS003464",92,39,53
"60QS003465",76,33,43
"60QS003466",108,51,57
"60QS003467",149,47,102
"60QS003468",141,58,83
"60QS003469",94,27,67
"60QS003470",130,50,80
"60QS003471",105,37,68
"60QS003472",105,35,70
"60QS003473",113,47,66
"60QS003474",156,67,89
"60QS003475",78,34,44
"60QS003476",115,55,60
"60QS003477",107,39,68
"60QS003478",106,44,62
"60QS003479",139,49,90
"60QS003480",90,28,62
"60QS003481",95,49,46
"60QS003482",92,57,35
"60QS003483",88,43,45
"60QS003484",107,39,68
"60QS003485",67,48,19
"60QS003486",126,78,48
"60QS003487",97,37,60
"60QS003488",94,39,55
"60QS003489",124,64,60
"60QS003490",148,66,82
"60QS003491",144,69,75
"60QS003492",97,42,55
"60QS003493",151,50,101
"60QS003494",201,79,122
"60QS003495",95,51,44
"60QS003496",94,37,57
"60QS003497",159,65,94
"60QS003498",125,42,83
"60QS003499",125,42,83
"60QS003500",106,34,72
"60QS003501",108,40,68
"60QS003502",183,66,117
"60QS003503",86,28,58
"60QS003504",130,74,56
"60QS003505",132,64,68
"60QS003506",81,63,18
"60QS003507",78,44,34
"60QS003508",70,38,32
"60QS003509",110,72,38
"60QS003510",80,34,46
"60QS003511",91,53,38
"60QS003512",85,47,38
"60QS003513",118,60,58
"60QS003514",80,36,44
"60QS003515",137,52,85
"60QS003516",113,43,70
"60QS003517",118,58,60
"60QS003518",127,80,47
"60QS003519",71,39,32
"60QS003520",83,55,28
"60QS003521",105,65,40
"60QS003522",105,49,56
"60QS003523",69,42,27
"60QS003524",102,57,45
"60QS003525",94,48,46
"60QS003526",75,36,39
"60QS003527",80,48,32
"60QS003528",103,58,45
"60QS003529",101,58,43
"60QS003530",106,78,28
"60QS003531",78,52,26
"60QS003532",80,51,29
"60QS003533",82,50,32
"60QS003534",131,64,67
"60QS003535",77,37,40
"60QS003536",135,49,86
"60QS003537",85,51,34
"60QS003538",105,57,48
"60QS003539",166,78,88
"60QS003540",77,42,35
"60QS003541",131,74,57
"60QS003542",76,45,31
"60QS003543",167,57,110
"60QS003544",137,55,82
"60QS003545",90,46,44
"60QS003546",66,35,31
"60QS003547",60,28,32
"60QS003548",62,24,38
"60QS003549",105,55,50
"60QS003550",88,37,51
"60QS003551",99,49,50
"60QS003552",85,35,50
"60QS003553",155,58,97
"60QS003554",119,54,65
"60QS003555",95,38,57
"60QS003556",111,44,67
"60QS003557",89,28,61
"60QS003558",139,46,93
"60QS003559",78,46,32
"60QS003560",100,39,61
"60QS003561",84,50,34
"60QS003562",92,33,59
"60QS003563",121,46,75
"60QS003564",56,56,0
"60QS003565",200,183,17
"60QS003566",62,40,22
"60QS003567",159,125,34
"60QS003568",58,23,35
"60QS003569",58,49,9
"60QS003570",46,38,8
"60QS003571",78,54,24
"60QS003572",52,32,20
"60QS003573",47,27,20
"60QS003574",96,75,21
"60QS003575",71,54,17
"60QS003576",100,69,31
"60QS003577",88,32,56
"60QS003578",59,35,24
"60QS003579",79,62,17
"60QS003580",103,79,24
"60QS003581",78,64,14
"60QS003582",79,55,24
"60QS003583",84,71,13
"60QS003584",56,53,3
"60QS003585",80,58,22
"60QS003586",78,64,14
"60QS003587",85,62,23
"60QS003588",40,22,18
"60QS003589",56,44,12
"60QS003590",75,53,22
"60QS003591",59,46,13
"60QS003592",39,31,8
"60QS003593",71,60,11
"60QS003594",38,38,0
"60QS003595",72,60,12
"60QS003596",120,83,37
"60QS003597",47,37,10
"60QS003598",77,54,23
"60QS003599",109,84,25
"60QS003600",67,61,6
"60QS003601",70,47,23
"60QS003602",97,76,21
"60QS003603",147,99,48
"60QS003604",70,44,26
"60QS003605",126,84,42
"60QS003606",49,35,14
"60QS003607",108,84,24
"60QS003608",74,56,18
"60QS003609",45,19,26
"60QS003610",79,47,32
"60QS003611",54,40,14
"60QS003612",76,53,23
"60QS003613",56,42,14
"60QS003614",38,30,8
"60QS003615",48,34,14
"60QS003616",61,41,20
"60QS003617",59,51,8
"60QS003618",53,53,0
"60QS003619",158,81,77
"60QS003620",57,36,21
"60QS003621",79,57,22
"60QS003622",43,35,8
"60QS003623",96,46,50
"60QS003624",94,61,33
"60QS003625",57,47,10
"60QS003626",120,115,5
"60QS003627",110,73,37
"60QS003628",46,36,10
"60QS003629",113,71,42
"60QS003630",136,96,40
"60QS003631",57,36,21
"60QS003632",44,29,15
"60QS003633",113,71,42
"60QS003634",128,89,39
"60QS003635",45,39,6
"60QS003636",83,71,12
"60QS003637",76,48,28
"60QS003638",53,48,5
"60QS003639",45,35,10
"60QS003640",63,41,22
"60QS003641",51,17,34
"60QS003642",80,50,30
"60QS003643",68,58,10
"60QS003644",81,52,29
"60QS003645",80,41,39
"60QS003646",66,50,16
"60QS003647",86,55,31
"60QS003648",67,51,16
"60QS003649",70,49,21
"60QS003650",47,39,8
"60QS003651",43,37,6
"60QS003652",42,40,2
"60QS003653",43,35,8
"60QS003654",48,30,18
"60QS003655",127,85,42
"60QS003656",109,85,24
"60QS003657",48,39,9
"60QS003658",44,32,12
"60QS003659",60,53,7
"60QS003660",72,65,7
"60QS003661",50,46,4
"60QS003662",102,66,36
"60QS003663",52,30,22
"60QS003664",100,61,39
"60QS003665",89,45,44
"60QS003666",73,47,26
"60QS003667",64,40,24
"60QS003668",53,49,4
"60QS003669",78,47,31
"60QS003670",91,49,42
"60QS003671",52,14,38
"60QS003672",105,47,58
"60QS003673",139,63,76
"60QS003674",75,27,48
"60QS003675",64,33,31
"60QS003676",94,69,25
"60QS003677",53,36,17
"60QS003678",177,139,38
"60QS003679",97,63,34
"60QS003680",63,51,12
"60QS003681",43,35,8
"60QS003682",67,47,20
"60QS003683",137,113,24
"60QS003684",80,72,8
"60QS003685",68,44,24
"60QS003686",55,41,14
"60QS003687",50,48,2
"60QS003688",55,35,20
"60QS003689",83,79,4
"60QS003690",68,50,18
"60QS003691",90,72,18
"60QS003692",135,95,40
"60QS003693",107,59,48
"60QS003694",63,39,24
"60QS003695",56,38,18
"60QS003696",79,59,20
"60QS003697",101,72,29
"60QS003698",73,45,28
"60QS003699",108,82,26
"60QS003700",51,41,10
"60QS003701",59,38,21
"60QS003702",55,41,14
"60QS003703",85,51,34
"60QS003704",65,64,1
"60QS003705",101,61,40
"60QS003706",111,59,52
"60QS003707",52,25,27
"60QS003708",44,31,13
"60QS003709",61,36,25
"60QS003710",199,191,8
"60QS003711",70,28,42
"60QS003712",64,23,41
"60QS003713",59,29,30
"60QS003714",82,60,22
"60QS003715",89,21,68
"60QS003716",985,929,56
"60QS003717",91,72,19
"60QS003718",85,52,33
"60QS003719",55,30,25
"60QS003720",110,51,59
"60QS003721",47,30,17
"60QS003722",100,58,42
"60QS003723",83,60,23
"60QS003724",58,40,18
"60QS003725",83,40,43
"60QS003726",70,41,29
"60QS003727",58,36,22
"60QS003728",55,37,18
"60QS003729",83,55,28
"60QS003730",63,52,11
"60QS003731",82,65,17
"60QS003732",75,51,24
"60QS003733",59,45,14
"60QS003734",75,54,21
"60QS003735",116,73,43
"60QS003736",97,63,34
"60QS003737",73,45,28
"60QS003738",61,31,30
"60QS003739",89,75,14
"60QS003740",69,61,8
"60QS003741",92,68,24
"60QS003742",59,40,19
"60QS003743",95,55,40
"60QS003744",100,74,26
"60QS003745",79,49,30
"60QS003746",54,40,14
"60QS003747",87,65,22
"60QS003748",73,41,32
"60QS003749",90,54,36
"60QS003750",54,31,23
"60QS003751",85,29,56
"60QS003752",56,32,24
"60QS003753",74,56,18
"60QS003754",87,57,30
"60QS003755",71,61,10
"60QS003756",36,32,4
"60QS003757",69,43,26
"60QS003758",55,37,18
"60QS003759",74,47,27
"60QS003760",82,54,28
"60QS003761",91,63,28
"60QS003762",75,60,15
"60QS003763",67,36,31
"60QS003764",32,30,2
"60QS003765",40,24,16
"60QS003766",61,51,10
"60QS003767",50,46,4
"60QS003768",80,68,12
"60QS003769",85,51,34
"60QS003770",55,46,9
"60QS003771",44,35,9
"60QS003772",93,50,43
"60QS003773",107,67,40
"60QS003774",67,56,11
"60QS003775",55,48,7
"60QS003776",82,66,16
"60QS003777",85,69,16
"60QS003778",185,165,20
"60QS003779",64,49,15
"60QS003780",88,71,17
"60QS003781",119,77,42
"60QS003782",78,62,16
"60QS003783",58,46,12
"60QS003784",88,71,17
"60QS003785",77,61,16
"60QS003786",56,46,10
"60QS003787",88,54,34
"60QS003788",175,96,79
"60QS003789",66,49,17
"60QS003790",58,46,12
"60QS003791",53,39,14
"60QS003792",52,46,6
"60QS003793",74,27,47
"60QS003794",48,38,10
"60QS003795",46,40,6
"60QS003796",99,81,18
"60QS003797",54,40,14
"60QS003798",59,27,32
"60QS003799",54,44,10
"60QS003800",67,39,28
"60QS003801",55,39,16
"60QS003802",51,34,17
"60QS003803",58,44,14
"60QS003804",108,66,42
"60QS003805",162,96,66
"60QS003806",84,38,46
"60QS003807",50,40,10
"60QS003808",51,35,16
"60QS003809",40,24,16
"60QS003810",89,74,15
"60QS003811",87,68,19
"60QS003812",138,98,40
"60QS003813",92,59,33
"60QS003814",100,69,31
"60QS003815",46,36,10
"60QS003816",70,63,7
"60QS003817",76,60,16
"60QS003818",56,32,24
"60QS003819",77,55,22
"60QS003820",79,55,24
"60QS003821",71,49,22
"60QS003822",75,37,38
"60QS003823",58,39,19
"60QS003824",45,12,33
"60QS003825",54,45,9
"60QS003826",131,88,43
"60QS003827",45,21,24
"60QS003828",49,17,32
"60QS003829",58,34,24
"60QS003830",58,52,6
"60QS003831",59,46,13
"60QS003832",107,55,52
"60QS003833",52,34,18
"60QS003834",64,42,22
"60QS003835",102,74,28
"60QS003836",76,52,24
"60QS003837",70,34,36
"60QS003838",50,44,6
"60QS003839",58,46,12
"60QS003840",99,62,37
"60QS003841",41,35,6
"60QS003842",54,43,11
"60QS003843",76,58,18
"60QS003844",49,35,14
"60QS003845",50,24,26
"60QS003846",77,63,14
"60QS003847",85,69,16
"60QS003848",63,43,20
"60QS003849",61,33,28
"60QS003850",74,60,14
"60QS003851",109,71,38
"60QS003852",40,30,10
"60QS003853",49,43,6
"60QS003854",111,67,44
"60QS003855",68,54,14
"60QS003856",56,48,8
"60QS003857",48,23,25
"60QS003858",70,48,22
"60QS003859",73,46,27
"60QS003860",149,69,80
"60QS003861",54,16,38
"60QS003862",60,23,37
"60QS003863",45,25,20
"60QS003864",55,44,11
"60QS003865",83,65,18
"60QS003866",101,68,33
"60QS003867",105,87,18
"60QS003868",108,90,18
"60QS003869",47,31,16
"60QS003870",96,80,16
"60QS003871",92,63,29
"60QS003872",54,48,6
"60QS003873",118,94,24
"60QS003874",79,65,14
"60QS003875",40,36,4
"60QS003876",48,37,11
"60QS003877",96,78,18
"60QS003878",65,39,26
"60QS003879",38,28,10
"60QS003880",41,37,4
"60QS003881",93,43,50
"60QS003882",43,37,6
"60QS003883",38,30,8
"60QS003884",73,53,20
"60QS003885",79,40,39
"60QS003886",41,15,26
"60QS003887",62,40,22
"60QS003888",85,76,9
"60QS003889",52,30,22
"60QS003890",119,72,47
"60QS003891",52,38,14
"60QS003892",78,39,39
"60QS003893",67,63,4
"60QS003894",51,39,12
"60QS003895",69,51,18
"60QS003896",78,52,26
"60QS003897",79,53,26
"60QS003898",82,56,26
"60QS003899",35,25,10
"60QS003900",82,59,23
"60QS003901",65,37,28
"60QS003902",88,51,37
"60QS003903",58,36,22
"60QS003904",84,50,34
"60QS003905",50,35,15
"60QS003906",100,59,41
"60QS003907",105,74,31
"60QS003908",60,36,24
"60QS003909",135,68,67
"60QS003910",41,34,7
"60QS003911",53,49,4
"60QS003912",81,37,44
"60QS003913",104,32,72
"60QS003914",206,149,57
"60QS003915",115,60,55
"60QS003916",99,41,58
"60QS003917",84,53,31
"60QS003918",92,68,24
"60QS003919",88,58,30
"60QS003920",104,78,26
"60QS003921",98,41,57
"60QS003922",84,36,48
"60QS003923",88,48,40
"60QS003924",92,42,50
"60QS003925",219,179,40
"60QS003926",135,60,75
"60QS003927",118,46,72
"60QS003928",98,44,54
"60QS003929",56,18,38
"60QS003930",138,62,76
"60QS003931",88,26,62
"60QS003932",96,33,63
"60QS003933",69,29,40
"60QS003934",126,53,73
"60QS003935",99,33,66
"60QS003936",59,25,34
"60QS003937",68,45,23
"60QS003938",86,39,47
"60QS003939",61,21,40
"60QS003940",137,52,85
"60QS003941",98,48,50
"60QS003942",60,32,28
"60QS003943",58,50,8
"60QS003944",91,77,14
"60QS003945",54,44,10
"60QS003946",272,263,9
"60QS003947",90,72,18
"60QS003948",49,47,2
"60QS003949",70,62,8
"60QS003950",62,39,23
"60QS003951",44,30,14
"60QS003952",52,25,27
"60QS003953",77,40,37
"60QS003954",53,21,32
"60QS003955",84,39,45
"60QS003956",58,36,22
"60QS003957",58,43,15
"60QS003958",47,27,20
"60QS003959",82,42,40
"60QS003960",78,52,26
"60QS003961",165,161,4
"60QS003962",94,89,5
"60QS003963",80,55,25
"60QS003964",101,83,18
"60QS003965",62,34,28
"60QS003966",166,142,24
"60QS003967",74,63,11
"60QS003968",82,54,28
"60QS003969",113,77,36
"60QS003970",97,92,5
"60QS003971",93,82,11
"60QS003972",73,65,8
"60QS003973",81,60,21
"60QS003974",85,74,11
"60QS003975",66,50,16
"60QS003976",99,81,18
"60QS003977",81,66,15
"60QS003978",89,78,11
"60QS003979",89,75,14
"60QS003980",85,76,9
"60QS003981",77,70,7
"60QS003982",83,69,14
"60QS003983",88,62,26
"60QS003984",86,70,16
"60QS003985",66,46,20
"60QS003986",73,57,16
"60QS003987",45,39,6
"60QS003988",70,50,20
"60QS003989",64,41,23
"60QS003990",51,45,6
"60QS003991",82,71,11
"60QS003992",72,56,16
"60QS003993",66,52,14
"60QS003994",62,49,13
"60QS003995",61,57,4
"60QS003996",58,46,12
"60QS003997",75,58,17
"60QS003998",56,44,12
"60QS003999",53,41,12
"60QS004000",75,63,12
"60QS004001",78,66,12
"60QS004002",45,39,6
"60QS004003",81,60,21
"60QS004004",47,39,8
"60QS004005",161,129,32
"60QS004006",73,56,17
"60QS004007",84,69,15
"60QS004008",82,63,19
"60QS004009",94,57,37
"60QS004010",81,48,33
"60QS004011",61,31,30
"60QS004012",81,61,20
"60QS004013",75,39,36
"60QS004014",59,53,6
"60QS004015",70,55,15
"60QS004016",77,67,10
"60QS004017",76,64,12
"60QS004018",68,44,24
"60QS004019",63,46,17
"60QS004020",80,57,23
"60QS004021",77,50,27
"60QS004022",72,61,11
"60QS004023",69,45,24
"60QS004024",92,64,28
"60QS004025",68,45,23
"60QS004026",85,49,36
"60QS004027",73,46,27
"60QS004028",86,68,18
"60QS004029",70,47,23
"60QS004030",82,63,19
"60QS004031",75,46,29
"60QS004032",86,51,35
"60QS004033",69,46,23
"60QS004034",75,58,17
"60QS004035",46,34,12
"60QS004036",52,30,22
"60QS004037",104,70,34
"60QS004038",70,45,25
"60QS004039",52,40,12
"60QS004040",85,70,15
"60QS004041",86,70,16
"60QS004042",73,57,16
"60QS004043",92,82,10
"60QS004044",72,62,10
"60QS004045",53,50,3
"60QS004046",79,61,18
"60QS004047",71,55,16
"60QS004048",57,47,10
"60QS004049",65,39,26
"60QS004050",62,44,18
"60QS004051",58,47,11
"60QS004052",67,56,11
"60QS004053",61,49,12
"60QS004054",60,54,6
"60QS004055",56,50,6
"60QS004056",91,86,5
"60QS004057",63,61,2
"60QS004058",49,45,4
"60QS004059",52,40,12
"60QS004060",70,56,14
"60QS004061",74,63,11
"60QS004062",65,63,2
"60QS004063",75,67,8
"60QS004064",58,54,4
"60QS004065",69,47,22
"60QS004066",55,52,3
"60QS004067",51,51,0
"60QS004068",80,57,23
"60QS004069",71,47,24
"60QS004070",86,48,38
"60QS004071",54,30,24
"60QS004072",61,38,23
"60QS004073",113,80,33
"60QS004074",63,54,9
"60QS004075",56,47,9
"60QS004076",66,48,18
"60QS004077",69,48,21
"60QS004078",63,51,12
"60QS004079",63,44,19
"60QS004080",58,47,11
"60QS004081",56,42,14
"60QS004082",82,33,49
"60QS004083",87,43,44
"60QS004084",67,64,3
"60QS004085",58,56,2
"60QS004086",100,75,25
"60QS004087",68,52,16
"60QS004088",96,66,30
"60QS004089",120,76,44
"60QS004090",83,65,18
"60QS004091",64,54,10
"60QS004092",54,41,13
"60QS004093",56,43,13
"60QS004094",69,38,31
"60QS004095",88,63,25
"60QS004096",92,64,28
"60QS004097",46,38,8
"60QS004098",76,68,8
"60QS004099",77,60,17
"60QS004100",71,67,4
"60QS004101",71,63,8
"60QS004102",74,64,10
"60QS004103",78,72,6
"60QS004104",77,31,46
"60QS004105",112,43,69
"60QS004106",86,27,59
"60QS004107",116,45,71
"60QS004108",61,49,12
"60QS004109",79,52,27
"60QS004110",118,93,25
"60QS004111",47,31,16
"60QS004112",72,53,19
"60QS004113",76,60,16
"60QS004114",84,68,16
"60QS004115",47,32,15
"60QS004116",52,28,24
"60QS004117",80,46,34
"60QS004118",53,45,8
"60QS004119",51,47,4
"60QS004120",76,39,37
"60QS004121",74,59,15
"60QS004122",81,57,24
"60QS004123",68,45,23
"60QS004124",58,44,14
"60QS004125",52,48,4
"60QS004126",39,18,21
"60QS004127",91,68,23
"60QS004128",86,68,18
"60QS004129",52,40,12
"60QS004130",71,52,19
"60QS004131",82,61,21
"60QS004132",71,49,22
"60QS004133",49,39,10
"60QS004134",83,58,25
"60QS004135",71,53,18
"60QS004136",73,44,29
"60QS004137",63,48,15
"60QS004138",77,70,7
"60QS004139",63,58,5
"60QS004140",64,60,4
"60QS004141",78,71,7
"60QS004142",78,45,33
"60QS004143",77,39,38
"60QS004144",91,46,45
"60QS004145",64,41,23
"60QS004146",53,41,12
"60QS004147",53,43,10
"60QS004148",44,40,4
"60QS004149",57,44,13
"60QS004150",67,63,4
"60QS004151",63,53,10
"60QS004152",61,50,11
"60QS004153",61,48,13
"60QS004154",50,42,8
"60QS004155",60,55,5
"60QS004156",88,50,38
"60QS004157",75,55,20
"60QS004158",71,53,18
"60QS004159",48,30,18
"60QS004160",57,29,28
"60QS004161",90,41,49
"60QS004162",75,56,19
"60QS004163",72,52,20
"60QS004164",72,61,11
"60QS004165",70,50,20
"60QS004166",78,56,22
"60QS004167",72,53,19
"60QS004168",66,44,22
"60QS004169",45,37,8
"60QS004170",80,38,42
"60QS004171",66,40,26
"60QS004172",81,69,12
"60QS004173",54,42,12
"60QS004174",115,37,78
"60QS004175",89,29,60
"60QS004176",99,57,42
"60QS004177",102,67,35
"60QS004178",67,63,4
"60QS004179",59,53,6
"60QS004180",76,45,31
"60QS004181",73,57,16
"60QS004182",58,50,8
"60QS004183",54,44,10
"60QS004184",68,51,17
"60QS004185",62,46,16
"60QS004186",114,95,19
"60QS004187",65,53,12
"60QS004188",95,81,14
"60QS004189",79,69,10
"60QS004190",151,140,11
"60QS004191",56,54,2
"60QS004192",115,96,19
"60QS004193",99,91,8
"60QS004194",101,88,13
"60QS004195",84,73,11
"60QS004196",75,53,22
"60QS004197",79,70,9
"60QS004198",76,56,20
"60QS004199",98,87,11
"60QS004200",81,70,11
"60QS004201",141,121,20
"60QS004202",65,60,5
"60QS004203",76,71,5
"60QS004204",78,64,14
"60QS004205",95,84,11
"60QS004206",64,58,6
"60QS004207",75,69,6
"60QS004208",117,100,17
"60QS004209",146,106,40
"60QS004210",87,80,7
"60QS004211",110,82,28
"60QS004212",106,83,23
"60QS004213",114,72,42
"60QS004214",92,88,4
"60QS004215",107,79,28
"60QS004216",82,78,4
"60QS004217",85,72,13
"60QS004218",156,130,26
"60QS004219",84,68,16
"60QS004220",71,60,11
"60QS004221",114,104,10
"60QS004222",116,93,23
"60QS004223",70,63,7
"60QS004224",99,91,8
"60QS004225",73,58,15
"60QS004226",127,111,16
"60QS004227",182,172,10
"60QS004228",251,239,12
"60QS004229",85,47,38
"60QS004230",134,119,15
"60QS004231",80,63,17
"60QS004232",59,52,7
"60QS004233",62,54,8
"60QS004234",137,109,28
"60QS004235",75,60,15
"60QS004236",66,54,12
"60QS004237",59,45,14
"60QS004238",62,53,9
"60QS004239",136,116,20
"60QS004240",82,54,28
"60QS004241",76,46,30
"60QS004242",205,165,40
"60QS004243",915,902,13
"60QS004244",85,71,14
"60QS004245",84,70,14
"60QS004246",111,90,21
"60QS004247",88,66,22
"60QS004248",74,63,11
"60QS004249",77,58,19
"60QS004250",84,72,12
"60QS004251",119,81,38
"60QS004252",92,65,27
"60QS004253",97,69,28
"60QS004254",98,64,34
"60QS004255",124,98,26
"60QS004256",109,83,26
"60QS004257",100,77,23
"60QS004258",71,65,6
"60QS004259",114,108,6
"60QS004260",68,57,11
"60QS004261",87,73,14
"60QS004262",130,92,38
"60QS004263",75,67,8
"60QS004264",91,72,19
"60QS004265",135,111,24
"60QS004266",66,52,14
"60QS004267",101,83,18
"60QS004268",99,84,15
"60QS004269",63,53,10
"60QS004270",64,43,21
"60QS004271",69,58,11
"60QS004272",113,86,27
"60QS004273",49,31,18
"60QS004274",56,51,5
"60QS004275",60,47,13
"60QS004276",54,50,4
"60QS004277",125,91,34
"60QS004278",96,73,23
"60QS004279",71,56,15
"60QS004280",75,63,12
"60QS004281",102,63,39
"60QS004282",101,75,26
"60QS004283",92,73,19
"60QS004284",73,45,28
"60QS004285",55,45,10
"60QS004286",96,78,18
"60QS004287",91,62,29
"60QS004288",75,59,16
"60QS004289",64,49,15
"60QS004290",84,59,25
"60QS004291",73,53,20
"60QS004292",52,45,7
"60QS004293",133,86,47
"60QS004294",154,97,57
"60QS004295",58,36,22
"60QS004296",76,62,14
"60QS004297",93,63,30
"60QS004298",69,55,14
"60QS004299",108,84,24
"60QS004300",85,70,15
"60QS004301",105,74,31
"60QS004302",90,61,29
"60QS004303",80,64,16
"60QS004304",74,62,12
"60QS004305",95,69,26
"60QS004306",111,72,39
"60QS004307",128,98,30
"60QS004308",123,88,35
"60QS004309",94,74,20
"60QS004310",69,59,10
"60QS004311",82,57,25
"60QS004312",104,73,31
"60QS004313",75,43,32
"60QS004314",56,42,14
"60QS004315",112,92,20
"60QS004316",57,39,18
"60QS004317",74,59,15
"60QS004318",117,96,21
"60QS004319",92,31,61
"60QS004320",75,31,44
"60QS004321",102,84,18
"60QS004322",171,148,23
"60QS004323",53,49,4
"60QS004324",99,86,13
"60QS004325",115,107,8
"60QS004326",91,79,12
"60QS004327",136,113,23
"60QS004328",96,46,50
"60QS004329",68,42,26
"60QS004330",129,85,44
"60QS004331",70,55,15
"60QS004332",62,51,11
"60QS004333",88,76,12
"60QS004334",49,43,6
"60QS004335",99,35,64
"60QS004336",70,52,18
"60QS004337",64,38,26
"60QS004338",106,38,68
"60QS004339",110,66,44
"60QS004340",92,69,23
"60QS004341",59,41,18
"60QS004342",86,59,27
"60QS004343",62,34,28
"60QS004344",115,60,55
"60QS004345",98,39,59
"60QS004346",66,36,30
"60QS004347",93,50,43
"60QS004348",89,55,34
"60QS004349",51,34,17
"60QS004350",91,37,54
"60QS004351",142,77,65
"60QS004352",40,20,20
"60QS004353",70,29,41
"60QS004354",95,23,72
"60QS004355",312,255,57
"60QS004356",133,44,89
"60QS004357",89,34,55
"60QS004358",97,74,23
"60QS004359",93,73,20
"60QS004360",150,120,30
"60QS004361",159,109,50
"60QS004362",43,16,27
"60QS004363",74,52,22
"60QS004364",71,53,18
"60QS004365",96,56,40
"60QS004366",132,107,25
"60QS004367",97,41,56
"60QS004368",94,35,59
"60QS004369",51,26,25
"60QS004370",94,70,24
"60QS004371",54,39,15
"60QS004372",110,78,32
"60QS004373",68,48,20
"60QS004374",72,59,13
"60QS004375",84,52,32
"60QS004376",44,25,19
"60QS004377",102,62,40
"60QS004378",91,45,46
"60QS004379",118,105,13
"60QS004380",78,72,6
"60QS004381",37,27,10
"60QS004382",61,47,14
"60QS004383",126,99,27
"60QS004384",48,37,11
"60QS004385",103,80,23
"60QS004386",58,32,26
"60QS004387",113,59,54
"60QS004388",61,28,33
"60QS004389",66,56,10
"60QS004390",58,50,8
"60QS004391",53,39,14
"60QS004392",48,30,18
"60QS004393",118,97,21
"60QS004394",53,47,6
"60QS004395",62,54,8
"60QS004396",63,48,15
"60QS004397",51,45,6
"60QS004398",60,47,13
"60QS004399",70,62,8
"60QS004400",57,44,13
"60QS004401",101,52,49
"60QS004402",73,45,28
"60QS004403",83,29,54
"60QS004404",94,36,58
"60QS004405",78,40,38
"60QS004406",92,46,46
"60QS004407",124,30,94
"60QS004408",134,69,65
"60QS004409",54,26,28
"60QS004410",70,57,13
"60QS004411",70,64,6
"60QS004412",76,37,39
"60QS004413",101,67,34
"60QS004414",256,79,177
"60QS004415",149,58,91
"60QS004416",72,55,17
"60QS004417",42,40,2
"60QS004418",92,72,20
"60QS004419",86,67,19
"60QS004420",52,33,19
"60QS004421",109,72,37
"60QS004422",53,29,24
"60QS004423",91,61,30
"60QS004424",100,57,43
"60QS004425",70,56,14
"60QS004426",82,55,27
"60QS004427",74,42,32
"60QS004428",76,49,27
"60QS004429",99,68,31
"60QS004430",46,32,14
"60QS004431",66,40,26
"60QS004432",85,35,50
"60QS004433",47,23,24
"60QS004434",119,71,48
"60QS004435",112,82,30
"60QS004436",91,65,26
"60QS004437",64,53,11
"60QS004438",84,68,16
"60QS004439",85,67,18
"60QS004440",92,72,20
"60QS004441",70,56,14
"60QS004442",64,41,23
"60QS004443",65,51,14
"60QS004444",84,71,13
"60QS004445",64,59,5
"60QS004446",75,65,10
"60QS004447",91,65,26
"60QS004448",96,74,22
"60QS004449",55,39,16
"60QS004450",79,63,16
"60QS004451",101,70,31
"60QS004452",71,55,16
"60QS004453",96,76,20
"60QS004454",45,35,10
"60QS004455",60,34,26
"60QS004456",141,102,39
"60QS004457",55,29,26
"60QS004458",114,89,25
"60QS004459",57,25,32
"60QS004460",134,46,88
"60QS004461",113,39,74
"60QS004462",139,97,42
"60QS004463",115,75,40
"60QS004464",60,32,28
"60QS004465",84,62,22
"60QS004466",59,48,11
"60QS004467",62,42,20
"60QS004468",103,68,35
"60QS004469",76,55,21
"60QS004470",64,52,12
"60QS004471",66,47,19
"60QS004472",66,48,18
"60QS004473",73,40,33
"60QS004474",81,55,26
"60QS004475",112,64,48
"60QS004476",55,41,14
"60QS004477",61,29,32
"60QS004478",96,78,18
"60QS004479",81,50,31
"60QS004480",118,78,40
"60QS004481",82,60,22
"60QS004482",96,67,29
"60QS004483",125,103,22
"60QS004484",52,42,10
"60QS004485",72,46,26
"60QS004486",98,71,27
"60QS004487",154,129,25
"60QS004488",73,50,23
"60QS004489",72,51,21
"60QS004490",121,89,32
"60QS004491",90,70,20
"60QS004492",103,84,19
"60QS004493",83,63,20
"60QS004494",86,67,19
"60QS004495",87,60,27
"60QS004496",213,184,29
"60QS004497",126,113,13
"60QS004498",53,43,10
"60QS004499",90,81,9
"60QS004500",66,54,12
"60QS004501",72,58,14
"60QS004502",75,45,30
"60QS004503",142,103,39
"60QS004504",71,53,18
"60QS004505",106,78,28
"60QS004506",151,113,38
"60QS004507",80,64,16
"60QS004508",49,38,11
"60QS004509",42,38,4
"60QS004510",108,73,35
"60QS004511",52,49,3
"60QS004512",82,48,34
"60QS004513",139,133,6
"60QS004514",90,83,7
"60QS004515",58,52,6
"60QS004516",97,84,13
"60QS004517",73,63,10
"60QS004518",146,138,8
"60QS004519",58,51,7
"60QS004520",88,68,20
"60QS004521",57,37,20
"60QS004522",120,64,56
"60QS004523",224,219,5
"60QS004524",166,90,76
"60QS004525",73,33,40
"60QS004526",119,101,18
"60QS004527",78,70,8
"60QS004528",68,58,10
"60QS004529",83,43,40
"60QS004530",137,75,62
"60QS004531",56,31,25
"60QS004532",68,61,7
"60QS004533",71,58,13
"60QS004534",93,60,33
"60QS004535",85,59,26
"60QS004536",79,66,13
"60QS004537",93,58,35
"60QS004538",71,52,19
"60QS004539",69,50,19
"60QS004540",88,65,23
"60QS004541",56,37,19
"60QS004542",76,44,32
"60QS004543",62,46,16
"60QS004544",67,49,18
"60QS004545",129,83,46
"60QS004546",72,53,19
"60QS004547",60,37,23
"60QS004548",101,52,49
"60QS004549",153,62,91
"60QS004550",53,35,18
"60QS004551",96,46,50
"60QS004552",124,60,64
"60QS004553",76,43,33
"60QS004554",137,76,61
"60QS004555",63,37,26
"60QS004556",132,71,61
"60QS004557",86,52,34
"60QS004558",74,60,14
"60QS004559",65,48,17
"60QS004560",70,66,4
"60QS004561",66,54,12
"60QS004562",62,44,18
"60QS004563",77,59,18
"60QS004564",67,46,21
"60QS004565",93,73,20
"60QS004566",83,65,18
"60QS004567",97,68,29
"60QS004568",60,54,6
"60QS004569",57,42,15
"60QS004570",54,45,9
"60QS004571",57,50,7
"60QS004572",82,76,6
"60QS004573",63,38,25
"60QS004574",57,21,36
"60QS004575",105,53,52
"60QS004576",52,33,19
"60QS004577",76,58,18
"60QS004578",51,32,19
"60QS004579",59,53,6
"60QS004580",49,39,10
"60QS004581",77,34,43
"60QS004582",95,47,48
"60QS004583",66,42,24
"60QS004584",58,42,16
"60QS004585",94,64,30
"60QS004586",60,41,19
"60QS004587",118,66,52
"60QS004588",77,48,29
"60QS004589",97,65,32
"60QS004590",86,36,50
"60QS004591",134,52,82
"60QS004592",89,37,52
"60QS004593",112,36,76
"60QS004594",40,15,25
"60QS004595",108,46,62
"60QS004596",111,51,60
"60QS004597",145,59,86
"60QS004598",121,74,47
"60QS004599",69,54,15
"60QS004600",117,82,35
"60QS004601",68,44,24
"60QS004602",71,36,35
"60QS004603",96,44,52
"60QS004604",70,43,27
"60QS004605",70,36,34
"60QS004606",70,31,39
"60QS004607",114,54,60
"60QS004608",95,43,52
"60QS004609",65,41,24
"60QS004610",91,65,26
"60QS004611",57,46,11
"60QS004612",93,47,46
"60QS004613",84,61,23
"60QS004614",68,58,10
"60QS004615",65,57,8
"60QS004616",113,87,26
"60QS004617",135,82,53
"60QS004618",61,49,12
"60QS004619",65,42,23
"60QS004620",92,59,33
"60QS004621",50,43,7
"60QS004622",69,55,14
"60QS004623",124,59,65
"60QS004624",44,34,10
"60QS004625",67,55,12
"60QS004626",67,57,10
"60QS004627",149,92,57
"60QS004628",72,40,32
"60QS004629",67,42,25
"60QS004630",106,63,43
"60QS004631",72,38,34
"60QS004632",58,50,8
"60QS004633",60,58,2
"60QS004634",134,103,31
"60QS004635",123,81,42
"60QS004636",48,32,16
"60QS004637",63,41,22
"60QS004638",56,44,12
"60QS004639",58,35,23
"60QS004640",89,66,23
"60QS004641",90,52,38
"60QS004642",79,35,44
"60QS004643",76,44,32
"60QS004644",57,45,12
"60QS004645",106,78,28
"60QS004646",96,67,29
"60QS004647",51,29,22
"60QS004648",80,66,14
"60QS004649",129,91,38
"60QS004650",41,36,5
"60QS004651",70,55,15
"60QS004652",63,61,2
"60QS004653",62,52,10
"60QS004654",144,95,49
"60QS004655",140,101,39
"60QS004656",102,80,22
"60QS004657",110,83,27
"60QS004658",68,50,18
"60QS004659",84,60,24
"60QS004660",169,111,58
"60QS004661",55,42,13
"60QS004662",79,56,23
"60QS004663",84,73,11
"60QS004664",46,34,12
"60QS004665",64,47,17
"60QS004666",85,67,18
"60QS004667",151,98,53
"60QS004668",76,56,20
"60QS004669",54,47,7
"60QS004670",63,44,19
"60QS004671",108,90,18
"60QS004672",41,28,13
"60QS004673",72,54,18
"60QS004674",94,77,17
"60QS004675",78,60,18
"60QS004676",97,63,34
"60QS004677",55,37,18
"60QS004678",85,60,25
"60QS004679",68,54,14
"60QS004680",109,95,14
"60QS004681",91,78,13
"60QS004682",86,70,16
"60QS004683",79,38,41
"60QS004684",117,53,64
"60QS004685",74,44,30
"60QS004686",65,33,32
"60QS004687",70,39,31
"60QS004688",64,40,24
"60QS004689",41,30,11
"60QS004690",96,63,33
"60QS004691",81,53,28
"60QS004692",68,55,13
"60QS004693",84,54,30
"60QS004694",73,55,18
"60QS004695",68,64,4
"60QS004696",69,57,12
"60QS004697",56,48,8
"60QS004698",68,53,15
"60QS004699",82,56,26
"60QS004700",103,77,26
"60QS004701",137,109,28
"60QS004702",59,52,7
"60QS004703",58,43,15
"60QS004704",71,59,12
"60QS004705",44,32,12
"60QS004706",48,34,14
"60QS004707",120,89,31
"60QS004708",121,99,22
"60QS004709",88,50,38
"60QS004710",81,45,36
"60QS004711",72,32,40
"60QS004712",134,44,90
"60QS004713",105,38,67
"60QS004714",90,40,50
"60QS004715",107,35,72
"60QS004716",88,55,33
"60QS004717",50,34,16
"60QS004718",67,43,24
"60QS004719",61,38,23
"60QS004720",80,61,19
"60QS004721",53,32,21
"60QS004722",44,20,24
"60QS004723",82,66,16
"60QS004724",82,66,16
"60QS004725",101,44,57
"60QS004726",85,41,44
"60QS004727",62,45,17
"60QS004728",45,31,14
"60QS004729",128,68,60
"60QS004730",46,34,12
"60QS004731",83,50,33
"60QS004732",73,40,33
"60QS004733",131,39,92
"60QS004734",142,87,55
"60QS004735",131,45,86
"60QS004736",104,32,72
"60QS004737",58,32,26
"60QS004738",116,42,74
"60QS004739",105,57,48
"60QS004740",66,56,10
"60QS004741",92,34,58
"60QS004742",89,43,46
"60QS004743",50,40,10
"60QS004744",60,40,20
"60QS004745",69,41,28
"60QS004746",128,62,66
"60QS004747",46,32,14
"60QS004748",87,63,24
"60QS004749",72,52,20
"60QS004750",49,25,24
"60QS004751",64,40,24
"60QS004752",73,51,22
"60QS004753",105,43,62
"60QS004754",85,62,23
"60QS004755",101,46,55
"60QS004756",88,58,30
"60QS004757",64,38,26
"60QS004758",116,98,18
"60QS004759",102,98,4
"60QS004760",97,75,22
"60QS004761",86,61,25
"60QS004762",56,39,17
"60QS004763",78,58,20
"60QS004764",85,33,52
"60QS004765",107,42,65
"60QS004766",90,70,20
"60QS004767",58,36,22
"60QS004768",79,49,30
"60QS004769",93,59,34
"60QS004770",80,40,40
"60QS004771",82,34,48
"60QS004772",109,87,22
"60QS004773",82,50,32
"60QS004774",59,31,28
"60QS004775",149,77,72
"60QS004776",107,53,54
"60QS004777",106,78,28
"60QS004778",75,51,24
"60QS004779",114,73,41
"60QS004780",49,36,13
"60QS004781",87,49,38
"60QS004782",93,69,24
"60QS004783",92,67,25
"60QS004784",231,195,36
"60QS004785",104,50,54
"60QS004786",75,43,32
"60QS004787",100,80,20
"60QS004788",132,81,51
"60QS004789",89,56,33
"60QS004790",102,72,30
"60QS004791",158,98,60
"60QS004792",89,73,16
"60QS004793",87,54,33
"60QS004794",90,64,26
"60QS004795",55,47,8
"60QS004796",103,85,18
"60QS004797",60,42,18
"60QS004798",60,40,20
"60QS004799",76,64,12
"60QS004800",57,47,10
"60QS004801",120,100,20
"60QS004802",74,70,4
"60QS004803",79,51,28
"60QS004804",47,34,13
"60QS004805",93,68,25
"60QS004806",88,72,16
"60QS004807",146,115,31
"60QS004808",98,47,51
"60QS004809",70,50,20
"60QS004810",95,78,17
"60QS004811",82,55,27
"60QS004812",66,42,24
"60QS004813",113,65,48
"60QS004814",82,47,35
"60QS004815",118,72,46
"60QS004816",60,27,33
"60QS004817",96,46,50
"60QS004818",102,41,61
"60QS004819",59,31,28
"60QS004820",125,104,21
"60QS004821",77,63,14
"60QS004822",38,34,4
"60QS004823",62,50,12
"60QS004824",50,42,8
"60QS004825",56,38,18
"60QS004826",78,53,25
"60QS004827",128,73,55
"60QS004828",88,34,54
"60QS004829",77,43,34
"60QS004830",182,103,79
"60QS004831",121,97,24
"60QS004832",94,62,32
"60QS004833",76,52,24
"60QS004834",106,79,27
"60QS004835",54,37,17
"60QS004836",68,31,37
"60QS004837",90,70,20
"60QS004838",52,45,7
"60QS004839",85,76,9
"60QS004840",69,46,23
"60QS004841",109,62,47
"60QS004842",47,33,14
"60QS004843",99,72,27
"60QS004844",167,102,65
"60QS004845",151,131,20
"60QS004846",110,82,28
"60QS004847",45,37,8
"60QS004848",89,75,14
"60QS004849",72,21,51
"60QS004850",92,56,36
"60QS004851",55,39,16
"60QS004852",95,90,5
"60QS004853",108,90,18
"60QS004854",114,67,47
"60QS004855",43,27,16
"60QS004856",77,59,18
"60QS004857",62,30,32
"60QS004858",119,87,32
"60QS004859",82,62,20
"60QS004860",77,71,6
"60QS004861",94,86,8
"60QS004862",55,51,4
"60QS004863",48,44,4
"60QS004864",80,64,16
"60QS004865",57,47,10
"60QS004866",59,35,24
"60QS004867",102,73,29
"60QS004868",98,64,34
"60QS004869",64,30,34
"60QS004870",61,55,6
"60QS004871",78,38,40
"60QS004872",45,39,6
"60QS004873",80,71,9
"60QS004874",52,37,15
"60QS004875",86,66,20
"60QS004876",70,52,18
"60QS004877",61,48,13
"60QS004878",82,70,12
"60QS004879",63,51,12
"60QS004880",116,86,30
"60QS004881",76,65,11
"60QS004882",117,46,71
"60QS004883",133,49,84
"60QS004884",43,31,12
"60QS004885",93,65,28
"60QS004886",105,80,25
"60QS004887",71,46,25
"60QS004888",94,46,48
"60QS004889",91,37,54
"60QS004890",98,28,70
"60QS004891",52,46,6
"60QS004892",104,38,66
"60QS004893",62,46,16
"60QS004894",165,49,116
"60QS004895",54,42,12
"60QS004896",69,34,35
"60QS004897",85,60,25
"60QS004898",67,54,13
"60QS004899",65,52,13
"60QS004900",103,74,29
"60QS004901",63,48,15
"60QS004902",128,98,30
"60QS004903",117,74,43
"60QS004904",126,82,44
"60QS004905",155,60,95
"60QS004906",67,13,54
"60QS004907",89,43,46
"60QS004908",69,29,40
"60QS004909",50,24,26
"60QS004910",102,52,50
"60QS004911",160,57,103
"60QS004912",71,37,34
"60QS004913",52,28,24
"60QS004914",90,52,38
"60QS004915",106,48,58
"60QS004916",51,27,24
"60QS004917",82,60,22
"60QS004918",84,56,28
"60QS004919",108,91,17
"60QS004920",59,47,12
"60QS004921",112,74,38
"60QS004922",60,39,21
"60QS004923",99,66,33
"60QS004924",91,71,20
"60QS004925",71,41,30
"60QS004926",105,63,42
"60QS004927",82,52,30
"60QS004928",94,77,17
"60QS004929",58,38,20
"60QS004930",89,79,10
"60QS004931",46,42,4
"60QS004932",82,64,18
"60QS004933",47,43,4
"60QS004934",96,75,21
"60QS004935",57,45,12
"60QS004936",108,59,49
"60QS004937",108,58,50
"60QS004938",67,38,29
"60QS004939",73,61,12
"60QS004940",56,42,14
"60QS004941",54,42,12
"60QS004942",76,68,8
"60QS004943",58,52,6
"60QS004944",104,74,30
"60QS004945",53,41,12
"60QS004946",48,33,15
"60QS004947",102,23,79
"60QS004948",77,23,54
"60QS004949",187,98,89
"60QS004950",45,25,20
"60QS004951",101,41,60
"60QS004952",64,23,41
"60QS004953",142,110,32
"60QS004954",84,64,20
"60QS004955",74,35,39
"60QS004956",104,48,56
"60QS004957",118,42,76
"60QS004958",159,67,92
"60QS004959",97,27,70
"60QS004960",143,50,93
"60QS004961",65,29,36
"60QS004962",99,54,45
"60QS004963",58,38,20
"60QS004964",80,54,26
"60QS004965",66,55,11
"60QS004966",52,42,10
"60QS004967",102,77,25
"60QS004968",40,14,26
"60QS004969",104,79,25
"60QS004970",43,25,18
"60QS004971",48,44,4
"60QS004972",120,85,35
"60QS004973",91,48,43
"60QS004974",73,43,30
"60QS004975",116,87,29
"60QS004976",78,28,50
"60QS004977",89,59,30
"60QS004978",116,88,28
"60QS004979",108,97,11
"60QS004980",53,45,8
"60QS004981",85,57,28
"60QS004982",89,79,10
"60QS004983",63,54,9
"60QS004984",133,107,26
"60QS004985",80,62,18
"60QS004986",40,35,5
"60QS004987",132,90,42
"60QS004988",115,88,27
"60QS004989",75,62,13
"60QS004990",41,37,4
"60QS004991",76,34,42
"60QS004992",87,47,40
"60QS004993",53,33,20
"60QS004994",92,47,45
"60QS004995",81,44,37
"60QS004996",61,31,30
"60QS004997",107,70,37
"60QS004998",50,32,18
"60QS004999",97,55,42
"60QS005000",82,53,29
"60QS005001",51,35,16
"60QS005002",64,24,40
"60QS005003",80,60,20
"60QS005004",71,37,34
"60QS005005",107,59,48
"60QS005006",80,60,20
"60QS005007",62,39,23
"60QS005008",67,47,20
"60QS005009",88,52,36
"60QS005010",79,47,32
"60QS005011",115,41,74
"60QS005012",59,29,30
"60QS005013",101,53,48
"60QS005014",77,37,40
"60QS005015",93,47,46
"60QS005016",61,37,24
"60QS005017",60,50,10
"60QS005018",66,45,21
"60QS005019",51,49,2
"60QS005020",84,70,14
"60QS005021",45,41,4
"60QS005022",103,67,36
"60QS005023",69,43,26
"60QS005024",79,25,54
"60QS005025",134,59,75
"60QS005026",133,96,37
"60QS005027",54,48,6
"60QS005028",83,51,32
"60QS005029",90,46,44
"60QS005030",137,87,50
"60QS005031",106,58,48
"60QS005032",57,33,24
"60QS005033",95,59,36
"60QS005034",108,74,34
"60QS005035",113,55,58
"60QS005036",48,20,28
"60QS005037",98,52,46
"60QS005038",120,67,53
"60QS005039",85,52,33
"60QS005040",84,58,26
"60QS005041",93,46,47
"60QS005042",78,58,20
"60QS005043",103,45,58
"60QS005044",115,40,75
"60QS005045",96,71,25
"60QS005046",81,62,19
"60QS005047",113,33,80
"60QS005048",117,40,77
"60QS005049",103,27,76
"60QS005050",88,32,56
"60QS005051",131,50,81
"60QS005052",134,44,90
"60QS005053",110,41,69
"60QS005054",97,41,56
"60QS005055",105,31,74
"60QS005056",203,79,124
"60QS005057",96,40,56
"60QS005058",134,38,96
"60QS005059",111,45,66
"60QS005060",101,48,53
"60QS005061",105,43,62
"60QS005062",88,34,54
"60QS005063",99,60,39
"60QS005064",98,46,52
"60QS005065",69,53,16
"60QS005066",66,38,28
"60QS005067",119,35,84
"60QS005068",132,66,66
"60QS005069",132,30,102
"60QS005070",82,25,57
"60QS005071",102,38,64
"60QS005072",66,26,40
"60QS005073",99,49,50
"60QS005074",83,28,55
"60QS005075",73,41,32
"60QS005076",74,46,28
"60QS005077",56,24,32
"60QS005078",127,50,77
"60QS005079",99,49,50
"60QS005080",120,48,72
"60QS005081",60,21,39
"60QS005082",158,117,41
"60QS005083",117,84,33
"60QS005084",100,65,35
"60QS005085",181,135,46
"60QS005086",65,57,8
"60QS005087",61,48,13
"60QS005088",63,60,3
"60QS005089",150,99,51
"60QS005090",119,33,86
"60QS005091",99,45,54
"60QS005092",95,56,39
"60QS005093",121,108,13
"60QS005094",63,58,5
"60QS005095",95,64,31
"60QS005096",62,44,18
"60QS005097",59,42,17
"60QS005098",78,59,19
"60QS005099",142,115,27
"60QS005100",132,68,64
"60QS005101",94,38,56
"60QS005102",81,56,25
"60QS005103",88,59,29
"60QS005104",127,58,69
"60QS005105",80,41,39
"60QS005106",52,18,34
"60QS005107",61,24,37
"60QS005108",130,34,96
"60QS005109",138,44,94
"60QS005110",228,131,97
"60QS005111",98,26,72
"60QS005112",68,22,46
"60QS005113",105,55,50
"60QS005114",131,41,90
"60QS005115",121,39,82
"60QS005116",126,55,71
"60QS005117",104,37,67
"60QS005118",66,28,38
"60QS005119",90,78,12
"60QS005120",88,75,13
"60QS005121",119,102,17
"60QS005122",51,47,4
"60QS005123",74,46,28
"60QS005124",73,53,20
"60QS005125",76,41,35
"60QS005126",107,81,26
"60QS005127",81,56,25
"60QS005128",156,130,26
"60QS005129",125,93,32
"60QS005130",103,80,23
"60QS005131",66,50,16
"60QS005132",88,52,36
"60QS005133",53,37,16
"60QS005134",65,64,1
"60QS005135",84,70,14
"60QS005136",55,37,18
"60QS005137",43,41,2
"60QS005138",83,40,43
"60QS005139",94,50,44
"60QS005140",129,99,30
"60QS005141",49,40,9
"60QS005142",92,80,12
"60QS005143",103,56,47
"60QS005144",75,56,19
"60QS005145",168,129,39
"60QS005146",48,40,8
"60QS005147",70,57,13
"60QS005148",75,50,25
"60QS005149",153,53,100
"60QS005150",221,92,129
"60QS005151",138,46,92
"60QS005152",108,34,74
"60QS005153",89,40,49
"60QS005154",68,24,44
"60QS005155",95,35,60
"60QS005156",165,52,113
"60QS005157",107,18,89
"60QS005158",309,274,35
"60QS005159",91,81,10
"60QS005160",136,128,8
"60QS005161",60,53,7
"60QS005162",57,50,7
"60QS005163",79,55,24
"60QT000001",92,33,59
"60QT000002",146,46,100
"60QT000003",77,27,50
"60QT000004",66,48,18
"60QT000005",47,24,23
"60QT000006",88,45,43
"60QT000007",132,63,69
"60QT000008",106,41,65
"60QT000009",143,49,94
"60QT000010",116,48,68
"60QT000011",86,31,55
"60QT000012",61,20,41
"60QT000013",108,38,70
"60QT000014",54,16,38
"60QT000015",123,51,72
"60QT000016",73,27,46
"60QT000017",125,43,82
"60QT000018",98,45,53
"60QT000019",160,83,77
"60QT000020",97,33,64
"60QT000021",84,42,42
"60QT000022",139,56,83
"60QT000023",71,25,46
"60QT000024",89,52,37
"60QT000025",104,36,68
"60QT000026",81,29,52
"60QT000027",60,15,45
"60QT000028",122,43,79
"60QT000029",123,42,81
"60QT000030",99,44,55
"60QT000031",129,63,66
"60QT000032",137,59,78
"60QT000033",120,47,73
"60QT000034",104,35,69
"60QT000035",103,45,58
"60QT000036",140,48,92
"60QT000037",108,42,66
"60QT000038",75,36,39
"60QT000039",83,37,46
"60QT000040",119,51,68
"60QT000041",86,38,48
"60QT000042",101,47,54
"60QT000043",85,47,38
"60QT000044",98,51,47
"60QT000045",83,29,54
"60QT000046",71,21,50
"60QT000047",105,33,72
"60QT000048",84,38,46
"60QT000049",69,29,40
"60QT000050",83,26,57
"60QT000051",91,61,30
"60QT000052",73,45,28
"60QT000053",128,50,78
"60QT000054",130,46,84
"60QT000055",74,30,44
"60QT000056",150,92,58
"60QT000057",121,53,68
"60QT000058",94,48,46
"60QT000059",91,43,48
"60QT000060",63,29,34
"60QT000061",90,50,40
"60QT000062",115,45,70
"60QT000063",87,35,52
"60QT000064",124,40,84
"60QT000065",112,46,66
"60QT000066",81,35,46
"60QT000067",95,49,46
"60QT000068",79,29,50
"60QT000069",122,57,65
"60QT000070",133,38,95
"60QT000071",60,22,38
"60QT000072",65,34,31
"60QT000073",77,36,41
"60QT000074",121,51,70
"60QT000075",142,44,98
"60QT000076",115,44,71
"60QT000077",100,35,65
"60QT000078",99,27,72
"60QT000079",54,16,38
"60QT000080",70,34,36
"60QT000081",75,35,40
"60QT000082",123,44,79
"60QT000083",68,30,38
"60QT000084",70,32,38
"60QT000085",101,31,70
"60QT000086",134,70,64
"60QT000087",88,41,47
"60QT000088",78,18,60
"60QT000089",247,136,111
"60QT000090",94,35,59
"60QT000091",97,28,69
"60QT000092",63,25,38
"60QT000093",60,20,40
"60QT000094",98,33,65
"60QT000095",89,35,54
"60QT000096",98,40,58
"60QT000097",126,37,89
"60QT000098",64,38,26
"60QT000099",102,22,80
"60QT000100",47,23,24
"60QT000101",110,53,57
"60QT000102",91,42,49
"60QT000103",87,49,38
"60QT000104",102,64,38
"60QT000105",109,44,65
"60QT000106",304,227,77
"60QT000107",88,28,60
"60QT000108",67,19,48
"60QT000109",64,19,45
"60QT000110",128,48,80
"60QT000111",113,33,80
"60QT000112",114,41,73
"60QT000113",93,32,61
"60QT000114",40,14,26
"60QT000115",136,40,96
"60QT000116",100,44,56
"60QT000117",170,77,93
"60QT000118",117,49,68
"60QT000119",69,30,39
"60QT000120",85,34,51
"60QT000121",115,39,76
"60QT000122",122,43,79
"60QT000123",67,21,46
"60QT000124",96,38,58
"60QT000125",124,40,84
"60QT000126",60,24,36
"60QT000127",77,37,40
"60QT000128",131,51,80
"60QT000129",89,23,66
"60QT000130",105,35,70
"60QT000131",135,58,77
"60QT000132",63,19,44
"60QT000133",82,24,58
"60QT000134",92,36,56
"60QT000135",148,53,95
"60QT000136",108,37,71
"60QT000137",54,18,36
"60QT000138",131,44,87
"60QT000139",106,30,76
"60QT000140",89,35,54
"60QT000141",108,46,62
"60QT000142",147,62,85
"60QT000143",64,24,40
"60QT000144",136,51,85
"60QT000145",42,16,26
"60QT000146",145,50,95
"60QT000147",145,69,76
"60QT000148",119,56,63
"60QT000149",48,26,22
"60QT000150",89,40,49
"60QT000151",138,54,84
"60QT000152",118,34,84
"60QT000153",61,31,30
"60QT000154",81,41,40
"60QT000155",93,37,56
"60QT000156",132,58,74
"60QT000157",116,60,56
"60QT000158",126,54,72
"60QT000159",123,34,89
"60QT000160",69,33,36
"60QT000161",64,27,37
"60QT000162",65,32,33
"60QT000163",91,42,49
"60QT000164",44,25,19
"60QT000165",117,47,70
"60QT000166",134,41,93
"60QT000167",89,30,59
"60QT000168",115,44,71
"60QT000169",117,33,84
"60QT000170",84,35,49
"60QT000171",57,14,43
"60QT000172",140,48,92
"60QT000173",46,18,28
"60QT000174",143,59,84
"60QT000175",144,58,86
"60QT000176",72,34,38
"60QT000177",112,32,80
"60QT000178",111,43,68
"60QT000179",47,10,37
"60QT000180",102,38,64
"60QT000181",123,45,78
"60QT000182",65,28,37
"60QT000183",116,45,71
"60QT000184",130,52,78
"60QT000185",114,64,50
"60QT000186",150,60,90
"60QT000187",67,25,42
"60QT000188",56,20,36
"60QT000189",136,52,84
"60QT000190",105,38,67
"60QT000191",47,15,32
"60QT000192",80,32,48
"60QT000193",101,28,73
"60QT000194",67,25,42
"60QT000195",79,31,48
"60QT000196",91,31,60
"60QT000197",146,65,81
"60QT000198",155,49,106
"60QT000199",112,52,60
"60QT000200",110,50,60
"60QT000201",62,20,42
"60QT000202",67,32,35
"60QT000203",130,46,84
"60QT000204",124,34,90
"60QT000205",41,17,24
"60QT000206",87,39,48
"60QT000207",52,19,33
"60QT000208",131,57,74
"60QT000209",132,47,85
"60QT000210",98,44,54
"60QT000211",151,81,70
"60QT000212",90,30,60
"60QT000213",50,33,17
"60QT000214",93,41,52
"60QT000215",151,42,109
"60QT000216",109,53,56
"60QT000217",111,37,74
"60QT000218",54,22,32
"60QT000219",145,49,96
"60QT000220",101,46,55
"60QT000221",107,37,70
"60QT000222",112,36,76
"60QT000223",64,27,37
"60QT000224",67,25,42
"60QT000225",158,64,94
"60QT000226",131,69,62
"60QT000227",121,52,69
"60QT000228",158,52,106
"60QT000229",80,36,44
"60QT000230",85,37,48
"60QT000231",64,31,33
"60QT000232",127,45,82
"60QT000233",113,52,61
"60QT000234",58,30,28
"60QT000235",93,29,64
"60QT000236",78,22,56
"60QT000237",101,38,63
"60QT000238",94,35,59
"60QT000239",97,31,66
"60QT000240",82,34,48
"60QT000241",122,49,73
"60QT000242",91,49,42
"60QT000243",124,45,79
"60QT000244",86,36,50
"60QT000245",112,49,63
"60QT000246",76,38,38
"60QT000247",94,57,37
"60QT000248",107,34,73
"60QT000249",99,35,64
"60QT000250",53,33,20
"60QT000251",79,26,53
"60QT000252",93,44,49
"60QT000253",80,41,39
"60QT000254",118,41,77
"60QT000255",100,53,47
"60QT000256",118,52,66
"60QT000257",84,28,56
"60QT000258",66,25,41
"60QT000259",130,71,59
"60QT000260",95,40,55
"60QT000261",72,28,44
"60QT000262",69,27,42
"60QT000263",71,32,39
"60QT000264",67,31,36
"60QT000265",88,33,55
"60QT000266",111,47,64
"60QT000267",84,28,56
"60QT000268",119,40,79
"60QT000269",110,58,52
"60QT000270",91,39,52
"60QT000271",91,25,66
"60QT000272",104,41,63
"60QT000273",95,43,52
"60QT000274",108,42,66
"60QT000275",107,45,62
"60QT000276",54,30,24
"60QT000277",70,28,42
"60QT000278",94,52,42
"60QT000279",74,34,40
"60QT000280",102,41,61
"60QT000281",97,45,52
"60QT000282",91,29,62
"60QT000283",65,22,43
"60QT000284",81,46,35
"60QT000285",110,47,63
"60QT000286",59,25,34
"60QT000287",92,33,59
"60QT000288",82,42,40
"60QT000289",101,36,65
"60QT000290",73,40,33
"60QT000291",127,46,81
"60QT000292",62,34,28
"60QT000293",119,63,56
"60QT000294",84,40,44
"60QT000295",103,41,62
"60QT000296",74,20,54
"60QT000297",154,73,81
"60QT000298",75,30,45
"60QT000299",131,58,73
"60QT000300",137,43,94
"60QT000301",107,55,52
"60QT000302",95,40,55
"60QT000303",107,31,76
"60QT000304",99,39,60
"60QT000305",134,46,88
"60QT000306",72,20,52
"60QT000307",138,75,63
"60QT000308",120,60,60
"60QT000309",145,64,81
"60QT000310",80,42,38
"60QT000311",82,41,41
"60QT000312",94,48,46
"60QT000313",68,29,39
"60QT000314",108,61,47
"60QT000315",127,56,71
"60QT000316",137,59,78
"60QT000317",100,44,56
"60QT000318",59,21,38
"60QT000319",57,30,27
"60QT000320",95,31,64
"60QT000321",94,45,49
"60QT000322",120,64,56
"60QT000323",117,37,80
"60QT000324",95,38,57
"60QT000325",134,45,89
"60QT000326",139,48,91
"60QT000327",101,36,65
"60QT000328",70,52,18
"60QT000329",128,70,58
"60QT000330",121,60,61
"60QT000331",118,46,72
"60QT000332",76,32,44
"60QT000333",143,44,99
"60QT000334",104,34,70
"60QT000335",121,57,64
"60QT000336",97,41,56
"60QT000337",68,32,36
"60QT000338",46,18,28
"60QT000339",99,39,60
"60QT000340",82,36,46
"60QT000341",98,36,62
"60QT000342",111,68,43
"60QT000343",97,43,54
"60QT000344",61,20,41
"60QT000345",77,27,50
"60QT000346",87,35,52
"60QT000347",81,32,49
"60QT000348",63,27,36
"60QT000349",100,45,55
"60QT000350",73,33,40
"60QT000351",96,34,62
"60QT000352",70,31,39
"60QT000353",45,21,24
"60QT000354",70,27,43
"60QT000355",107,50,57
"60QT000356",123,52,71
"60QT000357",142,64,78
"60QT000358",77,30,47
"60QT000359",77,31,46
"60QT000360",121,48,73
"60QT000361",134,71,63
"60QT000362",129,45,84
"60QT000363",116,44,72
"60QT000364",96,32,64
"60QT000365",78,34,44
"60QT000366",67,32,35
"60QT000367",115,59,56
"60QT000368",66,31,35
"60QT000369",109,43,66
"60QT000370",108,50,58
"60QT000371",99,47,52
"60QT000372",73,37,36
"60QT000373",113,73,40
"60QT000374",52,25,27
"60QT000375",71,25,46
"60QT000376",115,43,72
"60QT000377",99,41,58
"60QT000378",67,18,49
"60QT000379",123,42,81
"60QT000380",41,15,26
"60QT000381",89,21,68
"60QT000382",90,47,43
"60QT000383",99,44,55
"60QT000384",84,37,47
"60QT000385",122,63,59
"60QT000386",92,41,51
"60QT000387",113,68,45
"60QT000388",128,58,70
"60QT000389",81,57,24
"60QT000390",85,43,42
"60QT000391",66,26,40
"60QT000392",89,47,42
"60QT000393",91,45,46
"60QT000394",76,48,28
"60QT000395",57,31,26
"60QT000396",71,24,47
"60QT000397",78,37,41
"60QT000398",114,37,77
"60QT000399",97,37,60
"60QT000400",96,26,70
"60QT000401",73,36,37
"60QT000402",106,28,78
"60QT000403",82,42,40
"60QT000404",78,12,66
"60QT000405",135,78,57
"60QT000406",113,56,57
"60QT000407",91,53,38
"60QT000408",91,53,38
"60QT000409",112,73,39
"60QT000410",95,47,48
"60QT000411",106,55,51
"60QT000412",71,45,26
"60QT000413",106,56,50
"60QT000414",89,66,23
"60QT000415",107,61,46
"60QT000416",137,94,43
"60QT000417",80,44,36
"60QT000418",71,39,32
"60QT000419",74,30,44
"60QT000420",79,49,30
"60QT000421",103,53,50
"60QT000422",95,59,36
"60QT000423",46,30,16
"60QT000424",91,58,33
"60QT000425",102,80,22
"60QT000426",75,33,42
"60QT000427",167,71,96
"60QT000428",106,66,40
"60QT000429",64,33,31
"60QT000430",94,38,56
"60QT000431",106,45,61
"60QT000432",75,48,27
"60QT000433",75,45,30
"60QT000434",77,29,48
"60QT000435",99,37,62
"60QT000436",48,20,28
"60QT000437",108,44,64
"60QT000438",104,59,45
"60QT000439",70,35,35
"60QT000440",120,58,62
"60QT000441",148,49,99
"60QT000442",94,40,54
"60QT000443",108,46,62
"60QT000444",93,38,55
"60QT000445",105,46,59
"60QT000446",71,35,36
"60QT000447",113,45,68
"60QT000448",114,54,60
"60QT000449",118,56,62
"60QT000450",81,33,48
"60QT000451",74,46,28
"60QT000452",98,42,56
"60QT000453",110,57,53
"60QT000454",88,50,38
"60QT000455",83,49,34
"60QT000456",98,55,43
"60QT000457",69,31,38
"60QT000458",137,71,66
"60QT000459",152,88,64
"60QT000460",111,45,66
"60QT000461",153,51,102
"60QT000462",110,70,40
"60QT000463",77,39,38
"60QT000464",116,50,66
"60QT000465",98,60,38
"60QT000466",94,53,41
"60QT000467",62,28,34
"60QT000468",130,59,71
"60QT000469",130,58,72
"60QT000470",127,80,47
"60QT000471",131,63,68
"60QT000472",119,59,60
"60QT000473",130,52,78
"60QT000474",182,67,115
"60QT000475",104,46,58
"60QT000476",105,48,57
"60QT000477",116,48,68
"60QT000478",99,56,43
"60QT000479",130,60,70
"60QT000480",117,70,47
"60QT000481",128,68,60
"60QT000482",82,36,46
"60QT000483",104,46,58
"60QT000484",139,79,60
"60QT000485",86,56,30
"60QT000486",79,45,34
"60QT000487",80,43,37
"60QT000488",69,33,36
"60QT000489",71,27,44
"60QT000490",104,64,40
"60QT000491",68,40,28
"60QT000492",65,43,22
"60QT000493",96,72,24
"60QT000494",106,55,51
"60QT000495",98,35,63
"60QT000496",69,37,32
"60QT000497",83,47,36
"60QT000498",105,63,42
"60QT000499",113,61,52
"60QT000500",85,41,44
"60QT000501",112,47,65
"60QT000502",158,42,116
"60QT000503",88,28,60
"60QT000504",96,52,44
"60QT000505",60,31,29
"60QT000506",84,39,45
"60QT000507",141,59,82
"60QT000508",67,35,32
"60QT000509",68,38,30
"60QT000510",157,97,60
"60QT000511",53,25,28
"60QT000512",101,52,49
"60QT000513",112,46,66
"60QT000514",77,42,35
"60QT000515",100,31,69
"60QT000516",54,46,8
"60QT000517",89,76,13
"60QT000518",81,65,16
"60QT000519",67,57,10
"60QT000520",91,58,33
"60QT000521",122,54,68
"60QT000522",69,63,6
"60QT000523",112,42,70
"60QT000524",142,55,87
"60QT000525",91,41,50
"60QT000526",61,44,17
"60QT000527",168,53,115
"60QT000528",90,24,66
"60QT000529",70,45,25
"60QT000530",118,54,64
"60QT000531",129,45,84
"60QT000532",108,32,76
"60QT000533",83,59,24
"60QT000534",82,50,32
"60QT000535",80,48,32
"60QT000536",85,30,55
"60QT000537",155,81,74
"60QT000538",80,54,26
"60QT000539",100,55,45
"60QT000540",145,83,62
"60QT000541",75,50,25
"60QT000542",193,139,54
"60QT000543",65,51,14
"60QT000544",92,65,27
"60QT000545",146,69,77
"60QT000546",133,49,84
"60QT000547",80,53,27
"60QT000548",57,45,12
"60QT000549",68,31,37
"60QT000550",80,56,24
"60QT000551",65,45,20
"60QT000552",105,46,59
"60QT000553",89,24,65
"60QT000554",71,15,56
"60QT000555",93,43,50
"60QT000556",98,33,65
"60QT000557",55,37,18
"60QT000558",101,75,26
"60QT000559",110,62,48
"60QT000560",92,60,32
"60QT000561",125,75,50
"60QT000562",136,77,59
"60QT000563",113,76,37
"60QT000564",75,40,35
"60QT000565",141,69,72
"60QT000566",100,42,58
"60QT000567",114,12,102
"60QT000568",68,4,64
"60QT000569",69,7,62
"60QT000570",84,10,74
"60QT000571",48,2,46
"60QT000572",129,55,74
"60QT000573",89,32,57
"60QT000574",78,26,52
"60QT000575",256,185,71
"60QT000576",95,45,50
"60QT000577",94,33,61
"60QT000578",99,31,68
"60QT000579",114,43,71
"60QT000580",100,34,66
"60QT000581",91,36,55
"60QT000582",138,43,95
"60QT000583",129,33,96
"60QT000584",160,71,89
"60QT000585",75,27,48
"60QT000586",55,13,42
"60QT000587",97,39,58
"60QT000588",89,44,45
"60QT000589",118,32,86
"60QT000590",58,28,30
"60QT000591",110,42,68
"60QT000592",114,42,72
"60QT000593",146,61,85
"60QT000594",100,44,56
"60QT000595",129,47,82
"60QT000596",142,42,100
"60QT000597",107,37,70
"60QT000598",91,32,59
"60QT000599",118,58,60
"60QT000600",79,28,51
"60QT000601",104,36,68
"60QT000602",40,12,28
"60QT000603",124,48,76
"60QT000604",84,24,60
"60QT000605",106,36,70
"60QT000606",60,18,42
"60QT000607",40,10,30
"60QT000608",69,22,47
"60QT000609",90,26,64
"60QT000610",103,31,72
"60QT000611",102,37,65
"60QT000612",97,38,59
"60QT000613",97,32,65
"60QT000614",83,40,43
"60QT000615",86,32,54
"60QT000616",97,30,67
"60QT000617",84,24,60
"60QT000618",88,30,58
"60QT000619",94,34,60
"60QT000620",84,21,63
"60QT000621",144,43,101
"60QT000622",114,58,56
"60QT000623",124,52,72
"60QT000624",84,52,32
"60QT000625",55,35,20
"60QT000626",75,40,35
"60QT000627",137,75,62
"60QT000628",59,39,20
"60QT000629",46,36,10
"60QT000630",100,72,28
"60QT000631",85,51,34
"60QT000632",73,37,36
"60QT000633",80,50,30
"60QT000634",66,49,17
"60QT000635",88,72,16
"60QT000636",81,59,22
"60QT000637",140,58,82
"60QT000638",133,57,76
"60QT000639",118,64,54
"60QT000640",111,63,48
"60QT000641",71,37,34
"60QT000642",71,39,32
"60QT000643",97,53,44
"60QT000644",55,43,12
"60QT000645",111,59,52
"60QT000646",81,43,38
"60QT000647",87,48,39
"60QT000648",74,34,40
"60QT000649",151,58,93
"60QT000650",49,23,26
"60QT000651",80,31,49
"60QT000652",99,36,63
"60QT000653",104,46,58
"60QT000654",143,62,81
"60QT000655",93,39,54
"60QT000656",88,41,47
"60QT000657",93,38,55
"60QT000658",87,29,58
"60QT000659",70,12,58
"60QT000660",74,34,40
"60QT000661",75,38,37
"60QT000662",69,17,52
"60QT000663",94,76,18
"60QT000664",61,35,26
"60QT000665",102,83,19
"60QT000666",133,75,58
"60QT000667",108,50,58
"60QT000668",150,58,92
"60QT000669",155,75,80
"60QT000670",104,55,49
"60QT000671",89,41,48
"60QT000672",85,34,51
"60QT000673",115,35,80
"60QT000674",115,77,38
"60QT000675",85,65,20
"60QT000676",102,73,29
"60QT000677",100,64,36
"60QT000678",80,48,32
"60QT000679",95,34,61
"60QT000680",111,61,50
"60QT000681",75,46,29
"60QT000682",148,77,71
"60QT000683",97,51,46
"60QT000684",86,42,44
"60QT000685",87,69,18
"60QT000686",94,43,51
"60QT000687",85,50,35
"60QT000688",99,50,49
"60QT000689",76,40,36
"60QT000690",82,32,50
"60QT000691",89,47,42
"60QT000692",83,51,32
"60QT000693",72,42,30
"60QT000694",104,73,31
"60QT000695",124,66,58
"60QT000696",72,34,38
"60QT000697",65,29,36
"60QT000698",154,83,71
"60QT000699",108,58,50
"60QT000700",128,68,60
"60QT000701",57,35,22
"60QT000702",94,72,22
"60QT000703",90,46,44
"60QT000704",109,74,35
"60QT000705",103,75,28
"60QT000706",109,49,60
"60QT000707",98,65,33
"60QT000708",49,39,10
"60QT000709",89,42,47
"60QT000710",54,39,15
"60QT000711",122,74,48
"60QT000712",107,85,22
"60QT000713",60,30,30
"60QT000714",84,43,41
"60QT000715",69,37,32
"60QT000716",91,64,27
"60QT000717",101,47,54
"60QT000718",80,50,30
"60QT000719",122,47,75
"60QT000720",164,90,74
"60QT000721",65,49,16
"60QT000722",121,77,44
"60QT000723",167,80,87
"60QT000724",123,71,52
"60QT000725",121,70,51
"60QT000726",135,37,98
"60QT000727",69,43,26
"60QT000728",98,54,44
"60QT000729",110,48,62
"60QT000730",135,60,75
"60QT000731",127,45,82
"60QT000732",149,95,54
"60QT000733",142,74,68
"60QT000734",146,60,86
"60QT000735",118,72,46
"60QT000736",124,51,73
"60QT000737",49,33,16
"60QT000738",72,42,30
"60QT000739",111,41,70
"60QT000740",128,36,92
"60QT000741",45,23,22
"60QT000742",127,56,71
"60QT000743",65,35,30
"60QT000744",188,77,111
"60QT000745",106,36,70
"60QT000746",92,61,31
"60QT000747",79,59,20
"60QT000748",75,49,26
"60QT000749",101,77,24
"60QT000750",102,60,42
"60QT000751",80,66,14
"60QT000752",64,50,14
"60QT000753",59,41,18
"60QT000754",91,82,9
"60QT000755",44,34,10
"60QT000756",48,38,10
"60QT000757",85,43,42
"60QT000758",56,40,16
"60QT000759",119,72,47
"60QT000760",82,60,22
"60QT000761",77,51,26
"60QT000762",63,40,23
"60QT000763",107,53,54
"60QT000764",82,46,36
"60QT000765",81,79,2
"60QT000766",88,62,26
"60QT000767",91,53,38
"60QT000768",84,58,26
"60QT000769",52,46,6
"60QT000770",52,48,4
"60QT000771",74,70,4
"60QT000772",95,73,22
"60QT000773",55,47,8
"60QT000774",151,113,38
"60QT000775",62,24,38
"60QT000776",117,55,62
"60QT000777",102,62,40
"60QT000778",105,39,66
"60QT000779",50,43,7
"60QT000780",69,27,42
"60QT000781",80,28,52
"60QT000782",101,21,80
"60QT000783",143,52,91
"60QT000784",76,48,28
"60QT000785",96,46,50
"60QT000786",70,28,42
"60QT000787",135,45,90
"60QT000788",92,24,68
"60QT000789",154,42,112
"60QT000790",147,41,106
"60QT000791",79,27,52
"60QT000792",92,16,76
"60QT000793",104,30,74
"60QT000794",149,41,108
"60QT000795",48,28,20
"60QT000796",90,46,44
"60QT000797",92,47,45
"60QT000798",45,27,18
"60QT000799",119,82,37
"60QT000800",107,73,34
"60QT000801",69,44,25
"60QT000802",54,26,28
"60QT000803",117,54,63
"60QT000804",53,29,24
"60QT000805",84,46,38
"60QT000806",92,45,47
"60QT000807",93,49,44
"60QT000808",88,47,41
"60QT000809",90,52,38
"60QT000810",48,22,26
"60QT000811",127,57,70
"60QT000812",147,64,83
"60QT000813",56,50,6
"60QT000814",77,45,32
"60QT000815",127,67,60
"60QT000816",52,27,25
"60QT000817",120,32,88
"60QT000818",103,25,78
"60QT000819",122,28,94
"60QT000820",118,38,80
"60QT000821",91,35,56
"60QT000822",113,35,78
"60QT000823",107,41,66
"60QT000824",86,20,66
"60QT000825",72,28,44
"60QT000826",186,59,127
"60QT000827",61,39,22
"60QT000828",64,30,34
"60QT000829",57,29,28
"60QT000830",105,37,68
"60QT000831",48,14,34
"60QT000832",98,54,44
"60QT000833",142,58,84
"60QT000834",109,50,59
"60QT000835",89,43,46
"60QT000836",147,44,103
"60QT000837",143,84,59
"60QT000838",139,78,61
"60QT000839",122,66,56
"60QT000840",105,49,56
"60QT000841",101,51,50
"60QT000842",137,73,64
"60QT000843",140,69,71
"60QT000844",90,50,40
"60QT000845",104,58,46
"60QT000846",96,62,34
"60QT000847",98,66,32
"60QT000848",128,77,51
"60QT000849",114,51,63
"60QT000850",131,54,77
"60QT000851",114,32,82
"60QT000852",149,40,109
"60QT000853",53,30,23
"60QT000854",101,31,70
"60QT000855",123,45,78
"60QT000856",124,66,58
"60QT000857",83,41,42
"60QT000858",173,52,121
"60QT000859",113,67,46
"60QT000860",114,62,52
"60QT000861",164,68,96
"60QT000862",78,32,46
"60QT000863",103,62,41
"60QT000864",123,49,74
"60QT000865",123,53,70
"60QT000866",87,25,62
"60QT000867",138,76,62
"60QT000868",133,45,88
"60QT000869",92,52,40
"60QT000870",94,38,56
"60QT000871",64,38,26
"60QT000872",93,37,56
"60QT000873",141,39,102
"60QT000874",86,30,56
"60QT000875",121,36,85
"60QT000876",131,74,57
"60QT000877",106,67,39
"60QT000878",93,55,38
"60QT000879",86,38,48
"60QT000880",98,37,61
"60QT000881",95,47,48
"60QT000882",98,30,68
"60QT000883",151,43,108
"60QT000884",97,24,73
"60QT000885",87,40,47
"60QT000886",75,39,36
"60QT000887",79,50,29
"60QT000888",125,70,55
"60QT000889",124,72,52
"60QT000890",121,60,61
"60QT000891",135,69,66
"60QT000892",178,85,93
"60QT000893",92,41,51
"60QT000894",82,43,39
"60QT000895",88,30,58
"60QT000896",104,41,63
"60QT000897",97,37,60
"60QT000898",92,40,52
"60QT000899",124,50,74
"60QT000900",89,27,62
"60QT000901",130,52,78
"60QT000902",138,56,82
"60QT000903",128,33,95
"60QT000904",90,22,68
"60QT000905",114,64,50
"60QT000906",96,36,60
"60QT000907",99,21,78
"60QT000908",94,28,66
"60QT000909",52,20,32
"60QT000910",145,58,87
"60QT000911",91,31,60
"60QT000912",154,65,89
"60QT000913",76,35,41
"60QT000914",65,20,45
"60QT000915",97,49,48
"60QT000916",97,45,52
"60QT000917",109,65,44
"60QT000918",92,48,44
"60QT000919",98,67,31
"60QT000920",83,59,24
"60QT000921",86,47,39
"60QT000922",70,28,42
"60QT000923",87,49,38
"60QT000924",84,44,40
"60QT000925",88,56,32
"60QT000926",82,46,36
"60QT000927",64,26,38
"60QT000928",92,39,53
"60QT000929",101,53,48
"60QT000930",117,53,64
"60QT000931",82,71,11
"60QT000932",83,48,35
"60QT000933",110,46,64
"60QT000934",80,24,56
"60QT000935",45,23,22
"60QT000936",134,67,67
"60QT000937",79,35,44
"60QT000938",121,69,52
"60QT000939",152,62,90
"60QT000940",95,43,52
"60QT000941",122,79,43
"60QT000942",80,38,42
"60QT000943",81,41,40
"60QT000944",72,44,28
"60QT000945",73,43,30
"60QT000946",122,78,44
"60QT000947",90,60,30
"60QT000948",55,16,39
"60QT000949",126,40,86
"60QT000950",109,27,82
"60QT000951",116,42,74
"60QT000952",88,49,39
"60QT000953",80,27,53
"60QT000954",134,59,75
"60QT000955",142,74,68
"60QT000956",103,44,59
"60QT000957",113,45,68
"60QT000958",85,19,66
"60QT000959",134,42,92
"60QT000960",123,64,59
"60QT000961",105,52,53
"60QT000962",156,54,102
"60QT000963",116,58,58
"60QT000964",124,64,60
"60QT000965",113,43,70
"60QT000966",98,33,65
"60QT000967",141,70,71
"60QT000968",64,34,30
"60QT000969",79,33,46
"60QT000970",88,36,52
"60QT000971",94,45,49
"60QT000972",53,27,26
"60QT000973",107,67,40
"60QT000974",89,55,34
"60QT000975",101,51,50
"60QT000976",84,54,30
"60QT000977",111,49,62
"60QT000978",50,16,34
"60QT000979",99,66,33
"60QT000980",101,57,44
"60QT000981",78,36,42
"60QT000982",100,50,50
"60QT000983",73,51,22
"60QT000984",112,52,60
"60QT000985",81,46,35
"60QT000986",135,43,92
"60QT000987",134,55,79
"60QT000988",192,60,132
"60QT000989",179,82,97
"60QT000990",83,48,35
"60QT000991",81,47,34
"60QT000992",143,79,64
"60QT000993",131,89,42
"60QT000994",102,37,65
"60QT000995",141,54,87
"60QT000996",78,48,30
"60QT000997",105,69,36
"60QT000998",78,36,42
"60QT000999",103,73,30
"60QT001000",81,53,28
"60QT001001",104,69,35
"60QT001002",96,60,36
"60QT001003",79,47,32
"60QT001004",95,60,35
"60QT001005",150,65,85
"60QT001006",131,43,88
"60QT001007",129,81,48
"60QT001008",92,46,46
"60QT001009",106,48,58
"60QT001010",50,30,20
"60QT001011",116,41,75
"60QT001012",147,53,94
"60QT001013",114,46,68
"60QT001014",86,36,50
"60QT001015",88,41,47
"60QT001016",82,41,41
"60QT001017",93,53,40
"60QT001018",121,63,58
"60QT001019",112,48,64
"60QT001020",114,51,63
"60QT001021",140,44,96
"60QT001022",74,27,47
"60QT001023",98,47,51
"60QT001024",53,22,31
"60QT001025",60,47,13
"60QT001026",62,48,14
"60QT001027",78,56,22
"60QT001028",71,43,28
"60QT001029",120,66,54
"60QT001030",84,35,49
"60QT001031",104,53,51
"60QT001032",92,34,58
"60QT001033",82,34,48
"60QT001034",121,38,83
"60QT001035",96,34,62
"60QT001036",155,78,77
"60QT001037",88,47,41
"60QT001038",53,40,13
"60QT001039",94,65,29
"60QT001040",131,60,71
"60QT001041",88,50,38
"60QT001042",154,92,62
"60QT001043",94,59,35
"60QT001044",149,56,93
"60QT001045",83,33,50
"60QT001046",88,42,46
"60QT001047",74,38,36
"60QT001048",94,65,29
"60QT001049",85,42,43
"60QT001050",99,67,32
"60QT001051",86,46,40
"60QT001052",88,42,46
"60QT001053",99,47,52
"60QT001054",91,51,40
"60QT001055",69,45,24
"60QT001056",46,10,36
"60QT001057",88,19,69
"60QT001058",129,68,61
"60QT001059",68,21,47
"60QT001060",75,49,26
"60QT001061",91,57,34
"60QT001062",87,57,30
"60QT001063",97,36,61
"60QT001064",98,50,48
"60QT001065",103,61,42
"60QT001066",90,46,44
"60QT001067",124,72,52
"60QT001068",69,24,45
"60QT001069",131,37,94
"60QT001070",78,27,51
"60QT001071",75,43,32
"60QT001072",112,60,52
"60QT001073",93,29,64
"60QT001074",67,28,39
"60QT001075",113,51,62
"60QT001076",79,53,26
"60QT001077",133,62,71
"60QT001078",77,67,10
"60QT001079",78,56,22
"60QT001080",92,32,60
"60QT001081",95,33,62
"60QT001082",83,34,49
"60QT001083",114,32,82
"60QT001084",135,94,41
"60QT001085",85,44,41
"60QT001086",47,25,22
"60QT001087",74,35,39
"60QT001088",55,29,26
"60QT001089",107,36,71
"60QT001090",105,57,48
"60QT001091",41,18,23
"60QT001092",97,49,48
"60QT001093",61,28,33
"60QT001094",137,68,69
"60QT001095",71,27,44
"60QT001096",121,53,68
"60QT001097",111,53,58
"60QT001098",62,22,40
"60QT001099",159,85,74
"60QT001100",101,48,53
"60QT001101",111,69,42
"60QT001102",66,41,25
"60QT001103",57,41,16
"60QT001104",78,36,42
"60QT001105",117,42,75
"60QT001106",94,54,40
"60QT001107",98,46,52
"60QT001108",47,23,24
"60QT001109",145,60,85
"60QT001110",89,33,56
"60QT001111",91,45,46
"60QT001112",75,41,34
"60QT001113",67,28,39
"60QT001114",87,33,54
"60QT001115",74,40,34
"60QT001116",73,49,24
"60QT001117",98,49,49
"60QT001118",63,35,28
"60QT001119",137,77,60
"60QT001120",83,44,39
"60QT001121",91,41,50
"60QT001122",81,34,47
"60QT001123",115,59,56
"60QT001124",81,32,49
"60QT001125",109,41,68
"60QT001126",142,55,87
"60QT001127",115,59,56
"60QT001128",128,60,68
"60QT001129",97,55,42
"60QT001130",88,49,39
"60QT001131",93,59,34
"60QT001132",99,51,48
"60QT001133",127,62,65
"60QT001134",149,41,108
"60QT001135",155,35,120
"60QT001136",58,29,29
"60QT001137",98,40,58
"60QT001138",83,39,44
"60QT001139",78,26,52
"60QT001140",65,31,34
"60QT001141",100,48,52
"60QT001142",92,62,30
"60QT001143",73,49,24
"60QT001144",120,65,55
"60QT001145",112,58,54
"60QT001146",109,55,54
"60QT001147",122,56,66
"60QT001148",125,59,66
"60QT001149",139,71,68
"60QT001150",100,74,26
"60QT001151",114,77,37
"60QT001152",103,57,46
"60QT001153",86,60,26
"60QT001154",100,66,34
"60QT001155",102,54,48
"60QT001156",96,67,29
"60QT001157",92,46,46
"60QT001158",112,55,57
"60QT001159",83,33,50
"60QT001160",81,43,38
"60QT001161",107,49,58
"60QT001162",51,31,20
"60QT001163",123,59,64
"60QT001164",111,35,76
"60QT001165",108,37,71
"60QT001166",102,47,55
"60QT001167",107,53,54
"60QT001168",86,31,55
"60QT001169",78,46,32
"60QT001170",79,37,42
"60QT001171",92,40,52
"60QT001172",104,45,59
"60QT001173",98,26,72
"60QT001174",72,21,51
"60QT001175",113,25,88
"60QT001176",83,31,52
"60QT001177",78,38,40
"60QT001178",90,30,60
"60QT001179",92,28,64
"60QT001180",139,37,102
"60QT001181",115,49,66
"60QT001182",49,18,31
"60QT001183",87,43,44
"60QT001184",48,21,27
"60QT001185",88,39,49
"60QT001186",93,43,50
"60QT001187",71,25,46
"60QT001188",111,71,40
"60QT001189",59,51,8
"60QT001190",88,32,56
"60QT001191",131,81,50
"60QT001192",118,65,53
"60QT001193",51,15,36
"60QT001194",126,78,48
"60QT001195",86,45,41
"60QT001196",89,25,64
"60QT001197",89,33,56
"60QT001198",73,35,38
"60QT001199",56,48,8
"60QT001200",87,41,46
"60QT001201",81,20,61
"60QT001202",75,25,50
"60QT001203",82,45,37
"60QT001204",74,38,36
"60QT001205",86,37,49
"60QT001206",100,66,34
"60QT001207",91,42,49
"60QT001208",85,37,48
"60QT001209",88,44,44
"60QT001210",91,38,53
"60QT001211",167,77,90
"60QT001212",95,54,41
"60QT001213",58,40,18
"60QT001214",61,33,28
"60QT001215",81,40,41
"60QT001216",86,42,44
"60QT001217",122,71,51
"60QT001218",56,34,22
"60QT001219",89,53,36
"60QT001220",126,55,71
"60QT001221",56,22,34
"60QT001222",59,29,30
"60QT001223",109,60,49
"60QT001224",128,58,70
"60QT001225",81,25,56
"60QT001226",62,23,39
"60QT001227",78,44,34
"60QT001228",59,15,44
"60QT001229",61,39,22
"60QT001230",86,60,26
"60QT001231",74,28,46
"60QT001232",86,50,36
"60QT001233",45,15,30
"60QT001234",63,49,14
"60QT001235",52,46,6
"60QT001236",87,57,30
"60QT001237",48,34,14
"60QT001238",137,80,57
"60QT001239",42,16,26
"60QT001240",133,65,68
"60QT001241",52,20,32
"60QT001242",44,18,26
"60QT001243",111,37,74
"60QT001244",84,62,22
"60QT001245",55,20,35
"60QT001246",71,29,42
"60QT001247",115,33,82
"60QT001248",117,62,55
"60QT001249",77,29,48
"60QT001250",40,14,26
"60QT001251",100,56,44
"60QT001252",114,58,56
"60QT001253",59,15,44
"60QT001254",93,23,70
"60QT001255",97,40,57
"60QT001256",107,57,50
"60QT001257",74,22,52
"60QT001258",56,19,37
"60QT001259",53,19,34
"60QT001260",75,25,50
"60QT001261",45,25,20
"60QT001262",62,17,45
"60QT001263",90,53,37
"60QT001264",111,34,77
"60QT001265",90,27,63
"60QT001266",69,26,43
"60QT001267",71,17,54
"60QT001268",91,47,44
"60QT001269",43,27,16
"60QT001270",71,23,48
"60QT001271",104,36,68
"60QT001272",137,57,80
"60QT001273",73,30,43
"60QT001274",72,46,26
"60QT001275",81,27,54
"60QT001276",92,48,44
"60QT001277",57,35,22
"60QT001278",74,41,33
"60QT001279",105,29,76
"60QT001280",46,30,16
"60QT001281",75,41,34
"60QT001282",80,46,34
"60QT001283",78,42,36
"60QT001284",59,27,32
"60QT001285",40,26,14
"60QT001286",44,31,13
"60QT001287",116,56,60
"60QT001288",54,15,39
"60QT001289",119,48,71
"60QT001290",81,40,41
"60QT001291",77,41,36
"60QT001292",117,65,52
"60QT001293",89,45,44
"60QT001294",91,50,41
"60QT001295",80,32,48
"60QT001296",107,43,64
"60QT001297",116,44,72
"60QT001298",52,32,20
"60QT001299",104,39,65
"60QT001300",124,43,81
"60QT001301",94,54,40
"60QT001302",73,43,30
"60QT001303",71,41,30
"60QT001304",69,38,31
"60QT001305",73,41,32
"60QT001306",99,33,66
"60QT001307",76,27,49
"60QT001308",65,23,42
"60QT001309",39,21,18
"60QT001310",72,48,24
"60QT001311",110,64,46
"60QT001312",89,21,68
"60QT001313",91,43,48
"60QT001314",71,34,37
"60QT001315",68,42,26
"60QT001316",91,31,60
"60QT001317",78,21,57
"60QT001318",50,16,34
"60QT001319",55,21,34
"60QT001320",66,34,32
"60QT001321",84,23,61
"60QT001322",87,40,47
"60QT001323",162,63,99
"60QT001324",121,55,66
"60QT001325",99,47,52
"60QT001326",105,54,51
"60QT001327",67,21,46
"60QT001328",63,15,48
"60QT001329",73,37,36
"60QT001330",48,19,29
"60QT001331",50,20,30
"60QT001332",72,28,44
"60QT001333",57,26,31
"60QT001334",68,50,18
"60QT001335",117,65,52
"60QT001336",88,30,58
"60QT001337",50,15,35
"60QT001338",97,50,47
"60QT001339",64,23,41
"60QT001340",83,28,55
"60QT001341",100,34,66
"60QT001342",60,21,39
"60QT001343",54,24,30
"60QT001344",105,48,57
"60QT001345",138,60,78
"60QT001346",92,35,57
"60QT001347",101,54,47
"60QT001348",69,29,40
"60QT001349",136,56,80
"60QT001350",107,51,56
"60QT001351",103,34,69
"60QT001352",50,19,31
"60QT001353",58,34,24
"60QT001354",87,30,57
"60QT001355",91,34,57
"60QT001356",72,34,38
"60QT001357",69,17,52
"60QT001358",59,21,38
"60QT001359",100,30,70
"60QT001360",66,25,41
"60QT001361",85,48,37
"60QT001362",82,52,30
"60QT001363",66,37,29
"60QT001364",95,61,34
"60QT001365",44,19,25
"60QT001366",69,23,46
"60QT001367",74,34,40
"60QT001368",53,27,26
"60QT001369",137,77,60
"60QT001370",59,31,28
"60QT001371",102,38,64
"60QT001372",93,45,48
"60QT001373",88,35,53
"60QT001374",62,36,26
"60QT001375",51,9,42
"60QT001376",55,39,16
"60QT001377",78,31,47
"60QT001378",64,30,34
"60QT001379",134,60,74
"60QT001380",47,15,32
"60QT001381",117,79,38
"60QT001382",178,128,50
"60QT001383",51,19,32
"60QT001384",96,37,59
"60QT001385",72,27,45
"60QT001386",59,27,32
"60QT001387",48,24,24
"60QT001388",68,37,31
"60QT001389",79,31,48
"60QT001390",66,14,52
"60QT001391",77,52,25
"60QT001392",54,32,22
"60QT001393",113,39,74
"60QT001394",65,15,50
"60QT001395",122,52,70
"60QT001396",48,18,30
"60QT001397",83,47,36
"60QT001398",56,36,20
"60QT001399",95,49,46
"60QT001400",71,39,32
"60QT001401",69,35,34
"60QT001402",110,59,51
"60QT001403",125,84,41
"60QT001404",60,24,36
"60QT001405",97,71,26
"60QT001406",58,26,32
"60QT001407",72,34,38
"60QT001408",79,73,6
"60QT001409",109,48,61
"60QT001410",84,28,56
"60QT001411",92,40,52
"60QT001412",91,36,55
"60QT001413",116,51,65
"60QT001414",53,27,26
"60QT001415",133,57,76
"60QT001416",92,42,50
"60QT001417",51,17,34
"60QT001418",112,45,67
"60QT001419",46,12,34
"60QT001420",209,88,121
"60QT001421",80,28,52
"60QT001422",103,33,70
"60QT001423",80,34,46
"60QT001424",74,34,40
"60QT001425",95,37,58
"60QT001426",73,36,37
"60QT001427",143,63,80
"60QT001428",52,22,30
"60QT001429",103,43,60
"60QT001430",83,22,61
"60QT001431",109,42,67
"60QT001432",89,40,49
"60QT001433",77,42,35
"60QT001434",119,41,78
"60QT001435",122,35,87
"60QT001436",104,23,81
"60QT001437",168,56,112
"60QT001438",100,18,82
"60QT001439",160,59,101
"60QT001440",85,25,60
"60QT001441",76,23,53
"60QT001442",101,48,53
"60QT001443",61,22,39
"60QT001444",97,44,53
"60QT001445",87,33,54
"60QT001446",73,31,42
"60QT001447",88,31,57
"60QT001448",113,39,74
"60QT001449",72,26,46
"60QT001450",104,47,57
"60QT001451",63,27,36
"60QT001452",62,18,44
"60QT001453",141,39,102
"60QT001454",53,31,22
"60QT001455",82,52,30
"60QT001456",92,36,56
"60QT001457",87,30,57
"60QT001458",134,56,78
"60QT001459",61,26,35
"60QT001460",105,59,46
"60QT001461",49,21,28
"60QT001462",78,35,43
"60QT001463",111,42,69
"60QT001464",183,86,97
"60QT001465",93,36,57
"60QT001466",69,37,32
"60QT001467",103,40,63
"60QT001468",64,23,41
"60QT001469",194,82,112
"60QT001470",138,60,78
"60QT001471",75,20,55
"60QT001472",131,40,91
"60QT001473",122,40,82
"60QT001474",98,36,62
"60QT001475",85,32,53
"60QT001476",59,13,46
"60QT001477",156,44,112
"60QT001478",87,19,68
"60QT001479",166,36,130
"60QT001480",145,44,101
"60QT001481",83,23,60
"60QT001482",100,42,58
"60QT001483",115,31,84
"60QT001484",60,22,38
"60QT001485",188,70,118
"60QT001486",93,43,50
"60QT001487",107,49,58
"60QT001488",88,30,58
"60QT001489",63,17,46
"60QT001490",159,47,112
"60QT001491",69,28,41
"60QT001492",124,41,83
"60QT001493",130,54,76
"60QT001494",90,36,54
"60QT001495",145,75,70
"60QT001496",108,41,67
"60QT001497",122,42,80
"60QT001498",87,50,37
"60QT001499",80,21,59
"60QT001500",86,24,62
"60QT001501",98,34,64
"60QT001502",81,22,59
"60QT001503",82,31,51
"60QT001504",82,46,36
"60QT001505",90,49,41
"60QT001506",96,56,40
"60QT001507",171,86,85
"60QT001508",91,54,37
"60QT001509",106,46,60
"60QT001510",105,53,52
"60QT001511",122,72,50
"60QT001512",66,40,26
"60QT001513",107,66,41
"60QT001514",88,56,32
"60QT001515",79,51,28
"60QT001516",93,35,58
"60QT001517",67,32,35
"60QT001518",89,47,42
"60QT001519",84,30,54
"60QT001520",80,33,47
"60QT001521",67,28,39
"60QT001522",77,28,49
"60QT001523",67,47,20
"60QT001524",65,37,28
"60QT001525",81,45,36
"60QT001526",99,49,50
"60QT001527",90,41,49
"60QT001528",85,37,48
"60QT001529",95,38,57
"60QT001530",94,37,57
"60QT001531",117,54,63
"60QT001532",69,38,31
"60QT001533",84,33,51
"60QT001534",102,54,48
"60QT001535",61,27,34
"60QT001536",142,83,59
"60QT001537",58,48,10
"60QT001538",83,43,40
"60QT001539",83,41,42
"60QT001540",77,49,28
"60QT001541",51,49,2
"60QT001542",168,101,67
"60QT001543",57,22,35
"60QT001544",154,40,114
"60QT001545",94,32,62
"60QT001546",73,9,64
"60QT001547",78,22,56
"60QT001548",70,18,52
"60QT001549",169,59,110
"60QT001550",182,60,122
"60QT001551",78,51,27
"60QT001552",93,29,64
"60QT001553",95,39,56
"60QT001554",47,33,14
"60QT001555",100,40,60
"60QT001556",79,43,36
"60QT001557",61,46,15
"60QT001558",93,55,38
"60QT001559",124,45,79
"60QT001560",97,62,35
"60QT001561",76,24,52
"60QT001562",99,55,44
"60QT001563",66,37,29
"60QT001564",71,57,14
"60QT001565",63,56,7
"60QT001566",138,68,70
"60QT001567",73,55,18
"60QT001568",53,28,25
"60QT001569",70,26,44
"60QT001570",100,26,74
"60QT001571",66,28,38
"60QT001572",140,78,62
"60QT001573",140,55,85
"60QT001574",107,49,58
"60QT001575",57,39,18
"60QT001576",121,77,44
"60QT001577",164,87,77
"60QT001578",69,26,43
"60QT001579",99,41,58
"60QT001580",183,136,47
"60QT001581",56,44,12
"60QT001582",71,51,20
"60QT001583",108,68,40
"60QT001584",127,61,66
"60QT001585",132,78,54
"60QT001586",50,30,20
"60QT001587",90,42,48
"60QT001588",110,26,84
"60QT001589",67,25,42
"60QT001590",73,16,57
"60QT001591",80,22,58
"60QT001592",101,43,58
"60QT001593",86,51,35
"60QT001594",84,44,40
"60QT001595",61,20,41
"60QT001596",160,97,63
"60QT001597",143,99,44
"60QT001598",77,41,36
"60QT001599",89,45,44
"60QT001600",122,83,39
"60QT001601",59,29,30
"60QT001602",94,41,53
"60QT001603",57,39,18
"60QT001604",99,48,51
"60QT001605",56,26,30
"60QT001606",85,39,46
"60QT001607",64,44,20
"60QT001608",103,91,12
"60QT001609",111,95,16
"60QT001610",71,32,39
"60QT001611",136,100,36
"60QT001612",66,18,48
"60QT001613",127,69,58
"60QT001614",131,87,44
"60QT001615",90,59,31
"60QT001616",48,40,8
"60QT001617",71,34,37
"60QT001618",83,40,43
"60QT001619",77,63,14
"60QT001620",55,44,11
"60QT001621",73,23,50
"60QT001622",131,60,71
"60QT001623",126,70,56
"60QT001624",102,71,31
"60QT001625",56,50,6
"60QT001626",67,33,34
"60QT001627",106,42,64
"60QT001628",69,34,35
"60QT001629",141,62,79
"60QT001630",67,25,42
"60QT001631",100,50,50
"60QT001632",84,52,32
"60QT001633",125,83,42
"60QT001634",50,22,28
"60QT001635",49,39,10
"60QT001636",132,34,98
"60QT001637",40,9,31
"60QT001638",88,24,64
"60QT001639",94,36,58
"60QT001640",109,25,84
"60QT001641",85,61,24
"60QT001642",66,34,32
"60QT001643",71,44,27
"60QT001644",93,59,34
"60QT001645",114,64,50
"60QT001646",145,56,89
"60QT001647",109,44,65
"60QT001648",102,46,56
"60QT001649",68,32,36
"60QT001650",83,73,10
"60QT001651",163,121,42
"60QT001652",97,71,26
"60QT001653",94,33,61
"60QT001654",110,56,54
"60QT001655",159,81,78
"60QT001656",93,35,58
"60QT001657",72,28,44
"60QT001658",96,26,70
"60QT001659",81,36,45
"60QT001660",120,62,58
"60QT001661",48,21,27
"60QT001662",67,51,16
"60QT001663",89,39,50
"60QT001664",135,71,64
"60QT001665",101,69,32
"60QT001666",56,24,32
"60QT001667",132,52,80
"60QT001668",83,39,44
"60QT001669",82,59,23
"60QT001670",111,73,38
"60QT001671",52,35,17
"60QT001672",93,50,43
"60QT001673",46,42,4
"60QT001674",128,81,47
"60QT001675",59,24,35
"60QT001676",123,37,86
"60QT001677",103,53,50
"60QT001678",72,47,25
"60QT001679",154,71,83
"60QT001680",87,35,52
"60QT001681",83,42,41
"60QT001682",104,52,52
"60QT001683",45,23,22
"60QT001684",99,49,50
"60QT001685",53,41,12
"60QT001686",59,21,38
"60QT001687",90,60,30
"60QT001688",115,63,52
"60QT001689",128,34,94
"60QT001690",78,38,40
"60QT001691",87,35,52
"60QT001692",98,60,38
"60QT001693",55,27,28
"60QT001694",114,61,53
"60QT001695",54,24,30
"60QT001696",141,79,62
"60QT001697",109,75,34
"60QT001698",129,60,69
"60QT001699",113,63,50
"60QT001700",48,26,22
"60QT001701",83,51,32
"60QT001702",72,33,39
"60QT001703",166,84,82
"60QT001704",98,53,45
"60QT001705",60,12,48
"60QT001706",110,69,41
"60QT001707",50,16,34
"60QT001708",51,15,36
"60QT001709",152,67,85
"60QT001710",105,54,51
"60QT001711",57,23,34
"60QT001712",74,42,32
"60QT001713",65,31,34
"60QT001714",86,50,36
"60QT001715",71,25,46
"60QT001716",143,122,21
"60QT001717",194,66,128
"60QT001718",167,68,99
"60QT001719",92,35,57
"60QT001720",118,73,45
"60QT001721",103,42,61
"60QT001722",230,114,116
"60QT001723",135,63,72
"60QT001724",323,126,197
"60QT001725",252,174,78
"60QT001726",72,42,30
"60QT001727",103,48,55
"60QT001728",77,12,65
"60QT001729",82,50,32
"60QT001730",98,30,68
"60QT001731",136,47,89
"60QT001732",68,39,29
"60QT001733",58,52,6
"60QT001734",71,15,56
"60QT001735",122,37,85
"60QT001736",88,24,64
"60QT001737",56,20,36
"60QT001738",102,42,60
"60QT001739",86,38,48
"60QT001740",88,29,59
"60QT001741",100,53,47
"60QT001742",85,34,51
"60QT001743",111,49,62
"60QT001744",77,29,48
"60QT001745",80,35,45
"60QT001746",65,33,32
"60QT001747",102,25,77
"60QT001748",77,25,52
"60QT001749",127,71,56
"60QT001750",90,47,43
"60QT001751",113,48,65
"60QU000001",51,18,33
"60QU000002",117,73,44
"60QU000003",303,190,113
"60QU000004",123,43,80
"60QU000005",54,16,38
"60QU000006",84,36,48
"60QU000007",148,59,89
"60QU000008",135,41,94
"60QU000009",148,39,109
"60QU000010",112,43,69
"60QU000011",120,37,83
"60QU000012",144,41,103
"60QU000013",113,33,80
"60QU000014",105,40,65
"60QU000015",98,23,75
"60QU000016",105,25,80
"60QU000017",130,30,100
"60QU000018",118,20,98
"60QU000019",124,54,70
"60QU000020",57,23,34
"60QU000021",68,48,20
"60QU000022",164,44,120
"60QU000023",124,35,89
"60QU000024",102,56,46
"60QU000025",127,54,73
"60QU000026",109,49,60
"60QU000027",78,49,29
"60QU000028",144,32,112
"60QU000029",77,48,29
"60QU000030",96,33,63
"60QU000031",63,19,44
"60QU000032",76,48,28
"60QU000033",102,28,74
"60QU000034",94,21,73
"60QU000035",44,11,33
"60QU000036",100,60,40
"60QU000037",90,32,58
"60QU000038",127,31,96
"60QU000039",91,19,72
"60QU000040",141,67,74
"60QU000041",145,47,98
"60QU000042",113,32,81
"60QU000043",57,15,42
"60QU000044",124,28,96
"60QU000045",113,32,81
"60QU000046",65,32,33
"60QU000047",115,33,82
"60QU000048",116,33,83
"60QU000049",101,45,56
"60QU000050",148,48,100
"60QU000051",135,37,98
"60QU000052",88,34,54
"60QU000053",144,52,92
"60QU000054",91,22,69
"60QU000055",152,58,94
"60QU000056",147,69,78
"60QU000057",105,48,57
"60QU000058",93,39,54
"60QU000059",116,58,58
"60QU000060",104,42,62
"60QU000061",79,35,44
"60QU000062",105,51,54
"60QU000063",92,40,52
"60QU000064",81,53,28
"60QU000065",80,44,36
"60QU000066",82,41,41
"60QU000067",71,29,42
"60QU000068",100,44,56
"60QU000069",83,27,56
"60QU000070",90,48,42
"60QU000071",76,28,48
"60QU000072",97,26,71
"60QU000073",66,22,44
"60QU000074",65,29,36
"60QU000075",113,44,69
"60QU000076",98,81,17
"60QU000077",54,47,7
"60QU000078",100,63,37
"60QU000079",72,43,29
"60QU000080",72,51,21
"60QU000081",77,42,35
"60QU000082",110,55,55
"60QU000083",119,67,52
"60QU000084",108,30,78
"60QU000085",104,54,50
"60QU000086",96,36,60
"60QU000087",112,77,35
"60QU000088",83,61,22
"60QU000089",115,90,25
"60QU000090",90,55,35
"60QU000091",100,68,32
"60QU000092",108,59,49
"60QU000093",87,36,51
"60QU000094",88,59,29
"60QU000095",60,38,22
"60QU000096",66,33,33
"60QU000097",136,40,96
"60QU000098",102,67,35
"60QU000099",100,19,81
"60QU000100",60,34,26
"60QU000101",108,70,38
"60QU000102",70,28,42
"60QU000103",60,22,38
"60QU000104",92,28,64
"60QU000105",121,47,74
"60QU000106",146,77,69
"60QU000107",145,57,88
"60QU000108",165,38,127
"60QU000109",81,13,68
"60QU000110",96,36,60
"60QU000111",101,56,45
"60QU000112",113,70,43
"60QU000113",112,25,87
"60QU000114",84,26,58
"60QU000115",103,35,68
"60QU000116",60,14,46
"60QU000117",50,8,42
"60QU000118",56,22,34
"60QU000119",169,95,74
"60QU000120",97,52,45
"60QU000121",69,49,20
"60QU000122",91,67,24
"60QU000123",88,76,12
"60QU000124",106,86,20
"60QU000125",117,86,31
"60QU000126",94,61,33
"60QU000127",123,88,35
"60QU000128",103,73,30
"60QU000129",97,70,27
"60QU000130",68,56,12
"60QU000131",78,51,27
"60QU000132",49,40,9
"60QU000133",68,60,8
"60QU000134",122,64,58
"60QU000135",89,48,41
"60QU000136",87,33,54
"60QU000137",84,41,43
"60QU000138",147,59,88
"60QU000139",148,63,85
"60QU000140",106,71,35
"60QU000141",106,55,51
"60QU000142",85,57,28
"60QU000143",77,44,33
"60QU000144",100,36,64
"60QU000145",91,48,43
"60QU000146",81,64,17
"60QU000147",87,65,22
"60QU000148",119,50,69
"60QU000149",70,30,40
"60QU000150",70,50,20
"60QU000151",99,58,41
"60QU000152",56,42,14
"60QU000153",101,56,45
"60QU000154",86,48,38
"60QU000155",70,53,17
"60QU000156",67,50,17
"60QU000157",64,56,8
"60QU000158",117,77,40
"60QU000159",106,62,44
"60QU000160",112,56,56
"60QU000161",115,52,63
"60QU000162",95,55,40
"60QU000163",75,39,36
"60QU000164",51,22,29
"60QU000165",39,29,10
"60QU000166",74,58,16
"60QU000167",49,37,12
"60QU000168",93,47,46
"60QU000169",71,34,37
"60QU000170",61,49,12
"60QU000171",64,54,10
"60QU000172",58,50,8
"60QU000173",106,78,28
"60QU000174",96,80,16
"60QU000175",95,33,62
"60QU000176",65,44,21
"60QU000177",135,87,48
"60QU000178",91,46,45
"60QU000179",72,36,36
"60QU000180",64,30,34
"60QU000181",82,54,28
"60QU000182",111,40,71
"60QU000183",81,41,40
"60QU000184",63,21,42
"60QU000185",126,46,80
"60QU000186",90,38,52
"60QU000187",48,22,26
"60QU000188",87,45,42
"60QU000189",75,40,35
"60QU000190",66,40,26
"60QU000191",108,41,67
"60QU000192",104,40,64
"60QU000193",99,55,44
"60QU000194",62,36,26
"60QU000195",58,27,31
"60QU000196",109,77,32
"60QU000197",59,47,12
"60QU000198",70,49,21
"60QU000199",81,67,14
"60QU000200",115,74,41
"60QU000201",101,75,26
"60QU000202",121,75,46
"60QU000203",86,52,34
"60QU000204",139,80,59
"60QU000205",97,50,47
"60QU000206",108,80,28
"60QU000207",105,69,36
"60QU000208",62,45,17
"60QU000209",71,58,13
"60QU000210",116,65,51
"60QU000211",75,58,17
"60QU000212",62,46,16
"60QU000213",56,34,22
"60QU000214",44,22,22
"60QU000215",118,66,52
"60QU000216",113,71,42
"60QU000217",99,75,24
"60QU000218",75,46,29
"60QU000219",91,52,39
"60QU000220",93,59,34
"60QU000221",53,37,16
"60QU000222",49,45,4
"60QU000223",65,46,19
"60QU000224",87,53,34
"60QU000225",98,62,36
"60QU000226",65,49,16
"60QU000227",62,49,13
"60QU000228",52,44,8
"60QU000229",48,42,6
"60QU000230",122,84,38
"60QU000231",72,53,19
"60QU000232",53,41,12
"60QU000233",53,35,18
"60QU000234",83,67,16
"60QU000235",97,81,16
"60QU000236",99,75,24
"60QU000237",101,79,22
"60QU000238",62,52,10
"60QU000239",68,51,17
"60QU000240",93,63,30
"60QU000241",103,62,41
"60QU000242",79,57,22
"60QU000243",130,71,59
"60QU000244",98,52,46
"60QU000245",76,58,18
"60QU000246",70,46,24
"60QU000247",84,60,24
"60QU000248",81,56,25
"60QU000249",84,61,23
"60QU000250",73,51,22
"60QU000251",77,57,20
"60QU000252",80,62,18
"60QU000253",50,38,12
"60QU000254",60,50,10
"60QU000255",48,46,2
"60QU000256",116,57,59
"60QU000257",44,19,25
"60QU000258",89,45,44
"60QU000259",113,72,41
"60QU000260",132,75,57
"60QU000261",35,29,6
"60QU000262",47,39,8
"60QU000263",131,67,64
"60QU000264",107,47,60
"60QU000265",44,27,17
"60QU000266",43,15,28
"60QU000267",145,64,81
"60QU000268",107,61,46
"60QU000269",125,63,62
"60QU000270",106,58,48
"60QU000271",51,33,18
"60QU000272",68,38,30
"60QU000273",59,32,27
"60QU000274",101,55,46
"60QU000275",144,92,52
"60QU000276",118,62,56
"60QU000277",66,34,32
"60QU000278",111,61,50
"60QU000279",83,37,46
"60QU000280",130,65,65
"60QU000281",161,79,82
"60QU000282",83,43,40
"60QU000283",84,38,46
"60QU000284",87,45,42
"60QU000285",104,35,69
"60QU000286",56,20,36
"60QU000287",118,55,63
"60QU000288",129,54,75
"60QU000289",123,72,51
"60QU000290",122,38,84
"60QU000291",93,43,50
"60QU000292",115,42,73
"60QU000293",156,91,65
"60QU000294",75,37,38
"60QU000295",76,28,48
"60QU000296",123,39,84
"60QU000297",145,67,78
"60QU000298",90,46,44
"60QU000299",54,42,12
"60QU000300",113,59,54
"60QU000301",71,51,20
"60QU000302",98,66,32
"60QU000303",58,36,22
"60QU000304",50,26,24
"60QU000305",57,47,10
"60QU000306",80,38,42
"60QU000307",90,55,35
"60QU000308",83,43,40
"60QU000309",111,39,72
"60QU000310",144,46,98
"60QU000311",82,56,26
"60QU000312",109,36,73
"60QU000313",134,39,95
"60QU000314",98,25,73
"60QU000315",98,33,65
"60QU000316",124,36,88
"60QU000317",106,40,66
"60QU000318",101,41,60
"60QU000319",111,44,67
"60QU000320",103,45,58
"60QU000321",127,65,62
"60QU000322",83,57,26
"60QU000323",85,43,42
"60QU000324",131,69,62
"60QU000325",180,95,85
"60QU000326",71,40,31
"60QU000327",88,45,43
"60QU000328",112,54,58
"60QU000329",132,60,72
"60QU000330",82,53,29
"60QU000331",88,52,36
"60QU000332",116,53,63
"60QU000333",126,69,57
"60QU000334",107,43,64
"60QU000335",101,47,54
"60QU000336",115,49,66
"60QU000337",67,37,30
"60QU000338",122,49,73
"60QU000339",91,51,40
"60QU000340",97,58,39
"60QU000341",81,43,38
"60QU000342",125,69,56
"60QU000343",110,71,39
"60QU000344",46,32,14
"60QU000345",89,61,28
"60QU000346",73,42,31
"60QU000347",77,37,40
"60QU000348",76,34,42
"60QU000349",65,33,32
"60QU000350",83,41,42
"60QU000351",80,58,22
"60QU000352",64,24,40
"60QU000353",72,44,28
"60QU000354",119,80,39
"60QU000355",82,62,20
"60QU000356",103,31,72
"60QU000357",75,24,51
"60QU000358",82,38,44
"60QU000359",97,43,54
"60QU000360",85,32,53
"60QU000361",50,26,24
"60QU000362",126,56,70
"60QU000363",200,139,61
"60QU000364",90,68,22
"60QU000365",88,57,31
"60QU000366",108,49,59
"60QU000367",115,53,62
"60QU000368",73,31,42
"60QU000369",76,31,45
"60QU000370",66,41,25
"60QU000371",68,32,36
"60QU000372",125,55,70
"60QU000373",106,40,66
"60QU000374",104,69,35
"60QU000375",41,28,13
"60QU000376",57,41,16
"60QU000377",47,35,12
"60QU000378",56,44,12
"60QU000379",134,54,80
"60QU000380",107,47,60
"60QU000381",122,48,74
"60QU000382",88,43,45
"60QU000383",86,42,44
"60QU000384",153,81,72
"60QU000385",116,42,74
"60QU000386",105,54,51
"60QU000387",90,60,30
"60QU000388",108,58,50
"60QU000389",144,75,69
"60QU000390",131,73,58
"60QU000391",99,51,48
"60QU000392",101,49,52
"60QU000393",87,39,48
"60QU000394",144,70,74
"60QU000395",116,71,45
"60QU000396",122,74,48
"60QU000397",53,47,6
"60QU000398",111,64,47
"60QU000399",95,67,28
"60QU000400",104,54,50
"60QU000401",123,62,61
"60QU000402",84,50,34
"60QU000403",88,46,42
"60QU000404",117,68,49
"60QU000405",90,44,46
"60QU000406",73,40,33
"60QU000407",102,62,40
"60QU000408",83,36,47
"60QU000409",89,52,37
"60QU000410",95,56,39
"60QU000411",103,58,45
"60QU000412",102,58,44
"60QU000413",96,65,31
"60QU000414",98,67,31
"60QU000415",127,72,55
"60QU000416",89,59,30
"60QU000417",131,78,53
"60QU000418",87,37,50
"60QU000419",124,59,65
"60QU000420",76,36,40
"60QU000421",84,47,37
"60QU000422",57,29,28
"60QU000423",174,109,65
"60QU000424",97,59,38
"60QU000425",89,67,22
"60QU000426",130,65,65
"60QU000427",64,49,15
"60QU000428",120,50,70
"60QU000429",92,71,21
"60QU000430",106,68,38
"60QU000431",125,43,82
"60QU000432",145,54,91
"60QU000433",147,68,79
"60QU000434",110,63,47
"60QU000435",108,38,70
"60QU000436",61,28,33
"60QU000437",101,60,41
"60QU000438",85,51,34
"60QU000439",118,40,78
"60QU000440",119,38,81
"60QU000441",137,39,98
"60QU000442",146,102,44
"60QU000443",96,40,56
"60QU000444",120,50,70
"60QU000445",112,54,58
"60QU000446",76,54,22
"60QU000447",49,41,8
"60QU000448",71,27,44
"60QU000449",93,74,19
"60QU000450",78,50,28
"60QU000451",73,55,18
"60QU000452",78,64,14
"60QU000453",53,36,17
"60QU000454",88,58,30
"60QU000455",85,43,42
"60QU000456",140,79,61
"60QU000457",106,52,54
"60QU000458",150,62,88
"60QU000459",116,66,50
"60QU000460",104,62,42
"60QU000461",124,74,50
"60QU000462",106,42,64
"60QU000463",118,52,66
"60QU000464",122,60,62
"60QU000465",150,64,86
"60QU000466",104,46,58
"60QU000467",92,33,59
"60QU000468",120,51,69
"60QU000469",102,40,62
"60QU000470",139,63,76
"60QU000471",54,33,21
"60QU000472",116,44,72
"60QU000473",96,46,50
"60QU000474",129,70,59
"60QU000475",44,36,8
"60QU000476",164,76,88
"60QU000477",106,61,45
"60QU000478",90,54,36
"60QU000479",97,55,42
"60QU000480",90,53,37
"60QU000481",101,59,42
"60QU000482",93,42,51
"60QU000483",101,45,56
"60QU000484",113,73,40
"60QU000485",86,65,21
"60QU000486",85,60,25
"60QU000487",62,38,24
"60QU000488",49,41,8
"60QU000489",60,54,6
"60QU000490",103,67,36
"60QU000491",70,46,24
"60QU000492",164,75,89
"60QU000493",154,81,73
"60QU000494",75,47,28
"60QU000495",101,48,53
"60QU000496",98,58,40
"60QU000497",83,29,54
"60QU000498",83,48,35
"60QU000499",88,40,48
"60QU000500",83,49,34
"60QU000501",107,47,60
"60QU000502",103,44,59
"60QU000503",74,52,22
"60QU000504",98,40,58
"60QU000505",111,54,57
"60QU000506",75,31,44
"60QU000507",87,57,30
"60QU000508",85,48,37
"60QU000509",105,54,51
"60QU000510",82,42,40
"60QU000511",84,40,44
"60QU000512",91,41,50
"60QU000513",108,68,40
"60QU000514",100,63,37
"60QU000515",103,81,22
"60QU000516",96,52,44
"60QU000517",81,47,34
"60QU000518",56,27,29
"60QU000519",104,55,49
"60QU000520",77,43,34
"60QU000521",101,57,44
"60QU000522",96,54,42
"60QU000523",108,53,55
"60QU000524",134,72,62
"60QU000525",88,52,36
"60QU000526",63,47,16
"60QU000527",77,58,19
"60QU000528",111,86,25
"60QU000529",61,35,26
"60QU000530",121,68,53
"60QU000531",118,74,44
"60QU000532",89,51,38
"60QU000533",99,61,38
"60QU000534",87,54,33
"60QU000535",95,47,48
"60QU000536",79,43,36
"60QU000537",84,52,32
"60QU000538",71,41,30
"60QU000539",48,42,6
"60QU000540",60,37,23
"60QU000541",48,34,14
"60QU000542",42,38,4
"60QU000543",55,13,42
"60QU000544",109,31,78
"60QU000545",94,33,61
"60QU000546",74,58,16
"60QU000547",117,78,39
"60QU000548",77,33,44
"60QU000549",51,11,40
"60QU000550",57,41,16
"60QU000551",76,66,10
"60QU000552",52,42,10
"60QU000553",83,48,35
"60QU000554",69,50,19
"60QU000555",53,36,17
"60QU000556",113,57,56
"60QU000557",52,40,12
"60QU000558",68,52,16
"60QU000559",48,22,26
"60QU000560",51,41,10
"60QU000561",54,35,19
"60QU000562",88,64,24
"60QU000563",91,52,39
"60QU000564",95,37,58
"60QU000565",75,59,16
"60QU000566",47,15,32
"60QU000567",55,21,34
"60QU000568",81,55,26
"60QU000569",59,55,4
"60QU000570",76,40,36
"60QU000571",118,76,42
"60QU000572",106,70,36
"60QU000573",59,47,12
"60QU000574",83,62,21
"60QU000575",79,61,18
"60QU000576",50,46,4
"60QU000577",83,39,44
"60QU000578",102,48,54
"60QU000579",93,59,34
"60QU000580",62,34,28
"60QU000581",64,18,46
"60QU000582",63,19,44
"60QU000583",129,50,79
"60QU000584",54,20,34
"60QU000585",39,16,23
"60QU000586",105,47,58
"60QU000587",52,30,22
"60QU000588",113,74,39
"60QU000589",44,17,27
"60QU000590",55,27,28
"60QU000591",83,20,63
"60QU000592",83,30,53
"60QU000593",45,27,18
"60QU000594",48,32,16
"60QU000595",132,44,88
"60QU000596",84,26,58
"60QU000597",62,44,18
"60QU000598",71,39,32
"60QU000599",82,46,36
"60QU000600",78,44,34
"60QU000601",110,38,72
"60QU000602",91,38,53
"60QU000603",73,33,40
"60QU000604",81,20,61
"60QU000605",101,53,48
"60QU000606",78,22,56
"60QU000607",54,38,16
"60QU000608",51,11,40
"60QU000609",64,34,30
"60QU000610",164,66,98
"60QU000611",104,48,56
"60QU000612",56,16,40
"60QU000613",95,47,48
"60QU000614",60,24,36
"60QU000615",71,41,30
"60QU000616",56,42,14
"60QU000617",66,53,13
"60QU000618",54,34,20
"60QU000619",64,38,26
"60QU000620",58,44,14
"60QU000621",78,31,47
"60QU000622",97,71,26
"60QU000623",66,34,32
"60QU000624",104,66,38
"60QU000625",141,62,79
"60QU000626",58,24,34
"60QU000627",69,39,30
"60QU000628",97,49,48
"60QU000629",42,8,34
"60QU000630",242,143,99
"60QU000631",146,56,90
"60QU000632",60,18,42
"60QU000633",111,19,92
"60QU000634",121,38,83
"60QU000635",90,18,72
"60QU000636",129,37,92
"60QU000637",72,13,59
"60QU000638",124,40,84
"60QU000639",89,27,62
"60QU000640",108,20,88
"60QU000641",63,27,36
"60QU000642",101,42,59
"60QU000643",59,31,28
"60QU000644",69,33,36
"60QU000645",73,33,40
"60QU000646",172,61,111
"60QU000647",164,92,72
"60QU000648",127,80,47
"60QU000649",91,70,21
"60QU000650",91,56,35
"60QU000651",85,53,32
"60QU000652",109,86,23
"60QU000653",158,66,92
"60QU000654",57,43,14
"60QU000655",85,57,28
"60QU000656",72,48,24
"60QU000657",145,104,41
"60QU000658",105,74,31
"60QU000659",129,93,36
"60QU000660",54,42,12
"60QU000661",61,37,24
"60QU000662",109,55,54
"60QU000663",46,24,22
"60QU000664",90,50,40
"60QU000665",111,70,41
"60QU000666",192,120,72
"60QU000667",79,39,40
"60QU000668",147,29,118
"60QU000669",126,36,90
"60QU000670",163,84,79
"60QU000671",78,52,26
"60QU000672",65,40,25
"60QU000673",51,31,20
"60QU000674",61,35,26
"60QU000675",86,42,44
"60QU000676",139,86,53
"60QU000677",141,89,52
"60QU000678",138,82,56
"60QU000679",110,40,70
"60QU000680",60,32,28
"60QU000681",94,42,52
"60QU000682",69,29,40
"60QU000683",107,49,58
"60QU000684",116,83,33
"60QU000685",113,41,72
"60QU000686",137,31,106
"60QU000687",97,35,62
"60QU000688",81,36,45
"60QU000689",109,27,82
"60QU000690",125,44,81
"60QU000691",136,50,86
"60QU000692",70,41,29
"60QU000693",97,43,54
"60QU000694",71,38,33
"60QU000695",94,56,38
"60QU000696",74,32,42
"60QU000697",87,51,36
"60QU000698",116,79,37
"60QU000699",91,62,29
"60QU000700",55,33,22
"60QU000701",72,54,18
"60QU000702",109,81,28
"60QU000703",127,70,57
"60QU000704",85,33,52
"60QU000705",62,32,30
"60QU000706",108,38,70
"60QU000707",128,69,59
"60QU000708",79,23,56
"60QU000709",124,70,54
"60QU000710",58,36,22
"60QU000711",49,19,30
"60QU000712",125,59,66
"60QU000713",67,36,31
"60QU000714",92,44,48
"60QU000715",131,85,46
"60QU000716",149,147,2
"60QU000717",57,15,42
"60QU000718",143,47,96
"60QU000719",180,52,128
"60QU000720",120,21,99
"60QU000721",113,26,87
"60QW000001",100,38,62
"60QW000002",163,57,106
"60QW000003",52,16,36
"60QW000004",46,18,28
"60QW000005",118,58,60
"60QW000006",105,49,56
"60QW000007",124,58,66
"60QW000008",113,39,74
"60QW000009",53,18,35
"60QW000010",81,43,38
"60QW000011",69,25,44
"60QW000012",121,48,73
"60QW000013",54,15,39
"60QW000014",84,42,42
"60QW000015",94,31,63
"60QW000016",55,23,32
"60QW000017",62,18,44
"60QW000018",75,29,46
"60QW000019",72,28,44
"60QW000020",108,35,73
"60QW000021",120,35,85
"60QW000022",62,21,41
"60QW000023",77,36,41
"60QW000024",116,57,59
"60QW000025",72,58,14
"60QW000026",68,49,19
"60QW000027",86,51,35
"60QW000028",130,42,88
"60QW000029",147,49,98
"60QW000030",155,45,110
"60QW000031",132,60,72
"60QW000032",134,90,44
"60QW000033",61,35,26
"60QW000034",80,39,41
"60QW000035",94,47,47
"60QW000036",81,48,33
"60QW000037",75,42,33
"60QW000038",109,68,41
"60QW000039",112,44,68
"60QW000040",143,55,88
"60QW000041",76,33,43
"60QW000042",147,75,72
"60QW000043",82,36,46
"60QW000044",73,37,36
"60QW000045",87,34,53
"60QW000046",130,64,66
"60QW000047",158,77,81
"60QW000048",146,74,72
"60QW000049",104,47,57
"60QW000050",103,51,52
"60QW000051",85,43,42
"60QW000052",93,52,41
"60QW000053",153,64,89
"60QW000054",106,50,56
"60QW000055",125,64,61
"60QW000056",176,58,118
"60QW000057",60,28,32
"60QW000058",100,66,34
"60QW000059",106,30,76
"60QW000060",100,36,64
"60QW000061",94,34,60
"60QW000062",72,22,50
"60QW000063",123,33,90
"60QW000064",95,31,64
"60QW000065",83,21,62
"60QW000066",99,37,62
"60QW000067",94,32,62
"60QW000068",126,27,99
"60QW000069",132,38,94
"60QW000070",112,27,85
"60QW000071",113,35,78
"60QW000072",96,26,70
"60QW000073",113,36,77
"60QW000074",127,33,94
"60QW000075",63,13,50
"60QW000076",48,20,28
"60QW000077",114,35,79
"60QW000078",93,25,68
"60QW000079",72,22,50
"60QW000080",103,59,44
"60QW000081",70,32,38
"60QW000082",77,41,36
"60QW000083",85,50,35
"60QW000084",90,50,40
"60QW000085",133,96,37
"60QW000086",79,46,33
"60QW000087",97,57,40
"60QW000088",89,43,46
"60QW000089",99,50,49
"60QW000090",132,72,60
"60QW000091",84,40,44
"60QW000092",115,46,69
"60QW000093",95,51,44
"60QW000094",80,43,37
"60QW000095",131,34,97
"60QW000096",116,48,68
"60QW000097",109,36,73
"60QW000098",107,45,62
"60QW000099",113,43,70
"60QW000100",141,71,70
"60QW000101",101,37,64
"60QW000102",95,46,49
"60QW000103",98,38,60
"60QW000104",73,37,36
"60QW000105",98,46,52
"60QW000106",130,74,56
"60QW000107",88,15,73
"60QW000108",87,29,58
"60QW000109",129,35,94
"60QW000110",99,31,68
"60QW000111",118,29,89
"60QW000112",86,22,64
"60QW000113",161,52,109
"60QW000114",150,46,104
"60QW000115",96,51,45
"60QW000116",80,46,34
"60QW000117",79,39,40
"60QW000118",75,53,22
"60QW000119",88,43,45
"60QW000120",108,48,60
"60QW000121",69,23,46
"60QW000122",84,39,45
"60QW000123",117,45,72
"60QW000124",85,39,46
"60QW000125",107,39,68
"60QW000126",87,25,62
"60QW000127",112,54,58
"60QW000128",69,51,18
"60QW000129",79,33,46
"60QW000130",142,87,55
"60QW000131",138,52,86
"60QW000132",61,33,28
"60QW000133",121,57,64
"60QW000134",97,53,44
"60QW000135",92,50,42
"60QW000136",68,32,36
"60QW000137",87,46,41
"60QW000138",59,38,21
"60QW000139",39,21,18
"60QW000140",73,35,38
"60QW000141",93,42,51
"60QW000142",94,44,50
"60QW000143",117,56,61
"60QW000144",97,61,36
"60QW000145",123,68,55
"60QW000146",108,52,56
"60QW000147",107,55,52
"60QW000148",112,56,56
"60QW000149",94,53,41
"60QW000150",84,48,36
"60QW000151",96,42,54
"60QW000152",104,48,56
"60QW000153",66,28,38
"60QW000154",93,54,39
"60QW000155",117,39,78
"60QW000156",94,18,76
"60QW000157",93,23,70
"60QW000158",130,50,80
"60QW000159",111,40,71
"60QW000160",106,50,56
"60QW000161",129,77,52
"60QW000162",88,45,43
"60QW000163",118,66,52
"60QW000164",82,56,26
"60QW000165",78,52,26
"60QW000166",109,27,82
"60QW000167",102,29,73
"60QW000168",111,29,82
"60QW000169",82,31,51
"60QW000170",116,43,73
"60QW000171",74,32,42
"60QW000172",98,35,63
"60QW000173",102,30,72
"60QW000174",75,37,38
"60QW000175",70,40,30
"60QW000176",84,53,31
"60QW000177",121,63,58
"60QW000178",69,45,24
"60QW000179",127,66,61
"60QW000180",49,16,33
"60QW000181",47,19,28
"60QW000182",112,48,64
"60QW000183",52,18,34
"60QW000184",118,38,80
"60QW000185",168,53,115
"60QW000186",80,51,29
"60QW000187",103,34,69
"60QW000188",164,79,85
"60QW000189",83,52,31
"60QW000190",142,53,89
"60QW000191",130,41,89
"60QW000192",145,50,95
"60QW000193",145,63,82
"60QW000194",136,46,90
"60QW000195",99,41,58
"60QW000196",123,61,62
"60QW000197",83,44,39
"60QW000198",86,32,54
"60QW000199",78,35,43
"60QW000200",79,43,36
"60QW000201",49,19,30
"60QW000202",45,23,22
"60QW000203",90,45,45
"60QW000204",98,49,49
"60QW000205",123,57,66
"60QW000206",81,32,49
"60QW000207",87,41,46
"60QW000208",43,23,20
"60QW000209",95,50,45
"60QW000210",68,38,30
"60QW000211",82,38,44
"60QW000212",55,23,32
"60QW000213",125,57,68
"60QW000214",102,49,53
"60QW000215",125,47,78
"60QW000216",98,42,56
"60QW000217",86,28,58
"60QW000218",63,27,36
"60QW000219",73,34,39
"60QW000220",88,40,48
"60QW000221",111,50,61
"60QW000222",123,41,82
"60QW000223",165,93,72
"60QW000224",96,31,65
"60QW000225",89,41,48
"60QW000226",80,36,44
"60QW000227",109,43,66
"60QW000228",113,49,64
"60QW000229",104,24,80
"60QW000230",140,76,64
"60QW000231",77,44,33
"60QW000232",143,89,54
"60QW000233",97,41,56
"60QW000234",101,48,53
"60QW000235",94,42,52
"60QW000236",96,51,45
"60QW000237",67,45,22
"60QW000238",49,36,13
"60QW000239",61,35,26
"60QW000240",60,32,28
"60QW000241",77,29,48
"60QW000242",79,33,46
"60QW000243",96,54,42
"60QW000244",110,56,54
"60QW000245",129,71,58
"60QW000246",117,53,64
"60QW000247",81,50,31
"60QW000248",110,55,55
"60QW000249",101,37,64
"60QW000250",163,67,96
"60QW000251",149,45,104
"60QW000252",113,31,82
"60QW000253",134,51,83
"60QW000254",100,28,72
"60QW000255",150,70,80
"60QW000256",125,54,71
"60QW000257",91,45,46
"60QW000258",79,27,52
"60QW000259",85,35,50
"60QW000260",95,34,61
"60QW000261",101,37,64
"60QW000262",84,30,54
"60QW000263",103,55,48
"60QW000264",157,65,92
"60QW000265",112,41,71
"60QW000266",106,36,70
"60QW000267",91,24,67
"60QW000268",100,31,69
"60QW000269",58,38,20
"60QW000270",123,46,77
"60QW000271",70,32,38
"60QW000272",103,61,42
"60QW000273",76,59,17
"60QW000274",68,51,17
"60QW000275",61,43,18
"60QW000276",50,42,8
"60QW000277",116,58,58
"60QW000278",91,47,44
"60QW000279",121,77,44
"60QW000280",98,68,30
"60QW000281",77,67,10
"60QW000282",97,59,38
"60QW000283",82,33,49
"60QW000284",109,39,70
"60QW000285",92,38,54
"60QW000286",90,46,44
"60QW000287",65,47,18
"60QW000288",77,54,23
"60QW000289",174,102,72
"60QW000290",97,37,60
"60QW000291",76,33,43
"60QW000292",109,44,65
"60QW000293",75,29,46
"60QW000294",123,92,31
"60QW000295",97,47,50
"60QW000296",109,51,58
"60QW000297",85,26,59
"60QW000298",93,37,56
"60QW000299",91,37,54
"60QW000300",78,40,38
"60QW000301",110,48,62
"60QW000302",78,24,54
"60QW000303",102,41,61
"60QW000304",89,39,50
"60QW000305",89,30,59
"60QW000306",85,37,48
"60QW000307",78,38,40
"60QW000308",92,58,34
"60QW000309",120,60,60
"60QW000310",112,49,63
"60QW000311",105,37,68
"60QW000312",101,28,73
"60QW000313",128,62,66
"60QW000314",113,44,69
"60QW000315",48,27,21
"60QW000316",102,39,63
"60QW000317",143,62,81
"60QW000318",112,32,80
"60QW000319",115,45,70
"60QW000320",132,43,89
"60QW000321",74,24,50
"60QW000322",141,23,118
"60QW000323",80,40,40
"60QW000324",81,28,53
"60QW000325",111,36,75
"60QW000326",106,38,68
"60QW000327",98,22,76
"60QW000328",101,35,66
"60QW000329",111,32,79
"60QW000330",92,48,44
"60QW000331",98,55,43
"60QW000332",85,32,53
"60QW000333",100,34,66
"60QW000334",120,43,77
"60QW000335",93,22,71
"60QW000336",77,13,64
"60QW000337",97,44,53
"60QW000338",75,21,54
"60QW000339",120,85,35
"60QW000340",82,27,55
"60QW000341",134,41,93
"60QW000342",112,40,72
"60QW000343",91,44,47
"60QW000344",129,48,81
"60QW000345",111,65,46
"60QW000346",96,40,56
"60QW000347",135,48,87
"60QW000348",104,62,42
"60QW000349",83,37,46
"60QW000350",83,32,51
"60QW000351",72,40,32
"60QW000352",59,33,26
"60QW000353",76,34,42
"60QW000354",72,35,37
"60QW000355",136,62,74
"60QW000356",86,36,50
"60QW000357",108,36,72
"60QW000358",79,43,36
"60QW000359",86,34,52
"60QW000360",91,31,60
"60QW000361",89,33,56
"60QW000362",122,62,60
"60QW000363",115,59,56
"60QW000364",94,28,66
"60QW000365",93,49,44
"60QW000366",84,44,40
"60QW000367",152,87,65
"60QW000368",99,52,47
"60QW000369",98,45,53
"60QW000370",55,27,28
"60QW000371",91,45,46
"60QW000372",114,60,54
"60QW000373",85,29,56
"60QW000374",62,36,26
"60QW000375",102,51,51
"60QW000376",102,35,67
"60QW000377",94,48,46
"60QW000378",80,45,35
"60QW000379",98,47,51
"60QW000380",111,45,66
"60QW000381",87,33,54
"60QW000382",75,39,36
"60QW000383",82,28,54
"60QW000384",92,42,50
"60QW000385",92,43,49
"60QW000386",98,45,53
"60QW000387",96,36,60
"60QW000388",85,47,38
"60QW000389",98,38,60
"60QW000390",87,56,31
"60QW000391",98,32,66
"60QW000392",77,39,38
"60QW000393",101,64,37
"60QW000394",90,39,51
"60QW000395",77,39,38
"60QW000396",103,44,59
"60QW000397",113,65,48
"60QW000398",86,38,48
"60QW000399",83,49,34
"60QW000400",98,50,48
"60QW000401",92,42,50
"60QW000402",83,49,34
"60QW000403",95,44,51
"60QW000404",85,42,43
"60QW000405",83,49,34
"60QW000406",132,62,70
"60QW000407",149,74,75
"60QW000408",125,71,54
"60QW000409",127,50,77
"60QW000410",94,46,48
"60QW000411",101,58,43
"60QW000412",103,53,50
"60QW000413",78,61,17
"60QW000414",59,33,26
"60QW000415",137,63,74
"60QW000416",72,43,29
"60QW000417",85,50,35
"60QW000418",87,51,36
"60QW000419",95,45,50
"60QW000420",71,41,30
"60QW000421",142,126,16
"60QW000422",140,73,67
"60QW000423",87,48,39
"60QW000424",131,67,64
"60QW000425",117,66,51
"60QW000426",106,46,60
"60QW000427",102,52,50
"60QW000428",77,39,38
"60QW000429",79,40,39
"60QW000430",94,43,51
"60QW000431",142,62,80
"60QW000432",79,45,34
"60QW000433",49,29,20
"60QW000434",56,49,7
"60QW000435",109,65,44
"60QW000436",120,52,68
"60QW000437",100,48,52
"60QW000438",92,42,50
"60QW000439",149,68,81
"60QW000440",90,50,40
"60QW000441",126,62,64
"60QW000442",118,73,45
"60QW000443",86,36,50
"60QW000444",111,50,61
"60QW000445",141,37,104
"60QW000446",76,24,52
"60QW000447",143,39,104
"60QW000448",120,50,70
"60QW000449",109,33,76
"60QW000450",91,21,70
"60QW000451",113,42,71
"60QW000452",100,43,57
"60QW000453",199,136,63
"60QW000454",134,66,68
"60QW000455",90,45,45
"60QW000456",64,37,27
"60QW000457",64,32,32
"60QW000458",152,90,62
"60QW000459",81,39,42
"60QW000460",71,51,20
"60QW000461",41,27,14
"60QW000462",82,22,60
"60QW000463",66,31,35
"60QW000464",92,58,34
"60QW000465",139,48,91
"60QW000466",94,48,46
"60QW000467",96,32,64
"60QW000468",77,35,42
"60QW000469",99,37,62
"60QW000470",75,37,38
"60QW000471",66,37,29
"60QW000472",92,46,46
"60QW000473",81,49,32
"60QW000474",123,54,69
"60QW000475",89,35,54
"60QW000476",157,62,95
"60QW000477",132,57,75
"60QW000478",83,27,56
"60QW000479",104,62,42
"60QW000480",96,52,44
"60QW000481",128,71,57
"60QW000482",113,52,61
"60QW000483",79,36,43
"60QW000484",88,28,60
"60QW000485",77,39,38
"60QW000486",65,31,34
"60QW000487",83,41,42
"60QW000488",100,59,41
"60QW000489",84,36,48
"60QW000490",132,52,80
"60QW000491",93,29,64
"60QW000492",180,119,61
"60QW000493",93,33,60
"60QW000494",110,32,78
"60QW000495",90,25,65
"60QW000496",86,38,48
"60QW000497",80,34,46
"60QW000498",73,41,32
"60QW000499",99,23,76
"60QW000500",72,21,51
"60QW000501",67,25,42
"60QW000502",66,32,34
"60QW000503",64,10,54
"60QW000504",64,36,28
"60QW000505",99,35,64
"60QW000506",50,19,31
"60QW000507",71,27,44
"60QW000508",177,83,94
"60QW000509",102,49,53
"60QW000510",88,48,40
"60QW000511",75,34,41
"60QW000512",76,26,50
"60QW000513",62,23,39
"60QW000514",46,20,26
"60QW000515",47,31,16
"60QW000516",90,42,48
"60QW000517",102,22,80
"60QW000518",112,58,54
"60QW000519",123,32,91
"60QW000520",83,40,43
"60QW000521",70,26,44
"60QW000522",77,44,33
"60QW000523",60,26,34
"60QW000524",107,27,80
"60QW000525",54,18,36
"60QW000526",78,41,37
"60QW000527",58,34,24
"60QW000528",116,81,35
"60QW000529",59,21,38
"60QW000530",61,21,40
"60QW000531",64,34,30
"60QW000532",49,18,31
"60QW000533",47,10,37
"60QW000534",118,42,76
"60QW000535",119,53,66
"60QW000536",77,38,39
"60QW000537",95,56,39
"60QW000538",74,40,34
"60QW000539",60,36,24
"60QW000540",161,72,89
"60QW000541",110,40,70
"60QW000542",70,28,42
"60QW000543",67,27,40
"60QW000544",46,26,20
"60QW000545",79,35,44
"60QW000546",95,40,55
"60QW000547",78,40,38
"60QW000548",103,37,66
"60QW000549",113,52,61
"60QW000550",88,42,46
"60QW000551",88,24,64
"60QW000552",289,156,133
"60QW000553",47,21,26
"60QW000554",120,29,91
"60QW000555",73,38,35
"60QW000556",136,62,74
"60QW000557",73,35,38
"60QW000558",64,24,40
"60QW000559",132,56,76
"60QW000560",117,59,58
"60QW000561",74,37,37
"60QW000562",121,35,86
"60QW000563",78,31,47
"60QW000564",105,42,63
"60QW000565",104,35,69
"60QW000566",97,35,62
"60QW000567",105,39,66
"60QW000568",75,45,30
"60QW000569",116,26,90
"60QW000570",116,43,73
"60QW000571",182,76,106
"60QW000572",62,34,28
"60QW000573",105,52,53
"60QW000574",116,35,81
"60QW000575",73,20,53
"60QW000576",77,31,46
"60QW000577",129,37,92
"60QW000578",48,10,38
"60QW000579",145,55,90
"60QW000580",94,36,58
"60QW000581",52,22,30
"60QW000582",74,18,56
"60QW000583",95,26,69
"60QW000584",71,26,45
"60QW000585",57,30,27
"60QW000586",59,31,28
"60QW000587",84,62,22
"60QW000588",99,49,50
"60QW000589",72,33,39
"60QW000590",138,72,66
"60QW000591",49,35,14
"60QW000592",103,38,65
"60QW000593",102,61,41
"60QW000594",100,33,67
"60QW000595",72,27,45
"60QW000596",69,40,29
"60QW000597",71,36,35
"60QW000598",88,53,35
"60QW000599",73,35,38
"60QW000600",100,27,73
"60QW000601",129,37,92
"60QW000602",88,51,37
"60QW000603",72,22,50
"60QW000604",106,28,78
"60QW000605",88,22,66
"60QW000606",82,12,70
"60QW000607",117,29,88
"60QW000608",105,15,90
"60QW000609",91,19,72
"60QW000610",117,31,86
"60QW000611",163,50,113
"60QW000612",79,30,49
"60QW000613",48,12,36
"60QW000614",86,58,28
"60QW000615",50,36,14
"60QW000616",47,47,0
"60QW000617",63,55,8
"60QW000618",55,33,22
"60QW000619",95,59,36
"60QW000620",107,46,61
"60QW000621",62,44,18
"60QW000622",90,36,54
"60QW000623",78,22,56
"60QW000624",79,27,52
"60QW000625",112,60,52
"60QW000626",69,32,37
"60QW000627",97,54,43
"60QW000628",115,55,60
"60QW000629",53,27,26
"60QW000630",80,24,56
"60QW000631",121,35,86
"60QW000632",79,21,58
"60QW000633",144,43,101
"60QW000634",126,40,86
"60QW000635",74,42,32
"60QW000636",95,42,53
"60QW000637",56,23,33
"60QW000638",98,52,46
"60QW000639",50,12,38
"60QW000640",83,38,45
"60QW000641",110,40,70
"60QW000642",66,22,44
"60QW000643",84,46,38
"60QW000644",73,29,44
"60QW000645",83,39,44
"60QW000646",63,20,43
"60QW000647",117,25,92
"60QW000648",113,35,78
"60QW000649",68,38,30
"60QW000650",54,41,13
"60QW000651",141,77,64
"60QW000652",91,39,52
"60QW000653",64,16,48
"60QW000654",76,40,36
"60QW000655",87,43,44
"60QW000656",106,35,71
"60QW000657",117,45,72
"60QW000658",155,65,90
"60QW000659",60,22,38
"60QW000660",187,105,82
"60QW000661",68,37,31
"60QW000662",51,29,22
"60QW000663",89,34,55
"60QW000664",90,40,50
"60QX000001",129,45,84
"60QX000002",110,38,72
"60QX000003",103,41,62
"60QX000004",45,17,28
"60QX000005",93,46,47
"60QX000006",102,49,53
"60QX000007",104,44,60
"60QX000008",96,19,77
"60QX000009",104,34,70
"60QX000010",112,38,74
"60QX000011",52,25,27
"60QX000012",89,19,70
"60QX000013",71,24,47
"60QX000014",133,49,84
"60QX000015",79,20,59
"60QX000016",129,49,80
"60QX000017",78,32,46
"60QX000018",66,22,44
"60QX000019",82,32,50
"60QX000020",116,51,65
"60QX000021",100,40,60
"60QX000022",112,28,84
"60QX000023",86,38,48
"60QX000024",135,71,64
"60QX000025",132,54,78
"60QX000026",88,43,45
"60QX000027",90,26,64
"60QX000028",68,28,40
"60QX000029",86,18,68
"60QX000030",80,28,52
"60QX000031",77,25,52
"60QX000032",118,39,79
"60QX000033",117,40,77
"60QX000034",68,23,45
"60QX000035",127,41,86
"60QX000036",128,47,81
"60QX000037",86,41,45
"60QX000038",100,35,65
"60QX000039",266,188,78
"60QX000040",100,31,69
"60QX000041",137,54,83
"60QX000042",150,45,105
"60QX000043",73,19,54
"60QX000044",82,36,46
"60QX000045",129,50,79
"60QX000046",89,32,57
"60QX000047",87,37,50
"60QX000048",104,33,71
"60QX000049",66,24,42
"60QX000050",133,69,64
"60QX000051",45,13,32
"60QX000052",152,35,117
"60QX000053",133,66,67
"60QX000054",127,35,92
"60QX000055",99,33,66
"60QX000056",121,35,86
"60QX000057",96,22,74
"60QX000058",109,30,79
"60QX000059",70,37,33
"60QX000060",631,518,113
"60QX000061",52,18,34
"60QX000062",57,7,50
"60QX000063",103,28,75
"60QX000064",78,16,62
"60QX000065",108,33,75
"60QX000066",84,43,41
"60QX000067",96,42,54
"60QX000068",139,40,99
"60QX000069",122,39,83
"60QX000070",86,28,58
"60QX000071",93,38,55
"60QX000072",109,26,83
"60QX000073",71,35,36
"60QX000074",40,18,22
"60QX000075",79,28,51
"60QX000076",74,22,52
"60QX000077",83,34,49
"60QX000078",84,33,51
"60QX000079",83,35,48
"60QX000080",64,24,40
"60QX000081",53,17,36
"60QX000082",78,22,56
"60QX000083",96,42,54
"60QX000084",72,36,36
"60QX000085",121,39,82
"60QX000086",76,35,41
"60QX000087",74,28,46
"60QX000088",102,46,56
"60QX000089",60,24,36
"60QX000090",93,28,65
"60QX000091",95,29,66
"60QX000092",52,15,37
"60QX000093",51,18,33
"60QX000094",200,107,93
"60QX000095",426,303,123
"60QX000096",101,33,68
"60QX000097",77,27,50
"60QX000098",145,52,93
"60QX000099",49,15,34
"60QX000100",49,7,42
"60QX000101",150,44,106
"60QX000102",155,72,83
"60QX000103",116,33,83
"60QX000104",129,42,87
"60QX000105",124,64,60
"60QX000106",82,38,44
"60QX000107",87,29,58
"60QX000108",102,37,65
"60QX000109",99,49,50
"60QX000110",129,46,83
"60QX000111",128,51,77
"60QX000112",123,58,65
"60QX000113",115,41,74
"60QX000114",85,37,48
"60QX000115",112,50,62
"60QX000116",70,34,36
"60QX000117",51,25,26
"60QX000118",90,28,62
"60QX000119",119,53,66
"60QX000120",63,29,34
"60QX000121",94,55,39
"60QX000122",40,16,24
"60QX000123",144,68,76
"60QX000124",100,39,61
"60QX000125",88,38,50
"60QX000126",77,41,36
"60QX000127",87,49,38
"60QX000128",90,35,55
"60QX000129",131,56,75
"60QX000130",101,45,56
"60QX000131",102,43,59
"60QX000132",126,51,75
"60QX000133",134,71,63
"60QX000134",97,39,58
"60QX000135",109,53,56
"60QX000136",71,27,44
"60QX000137",152,64,88
"60QX000138",160,104,56
"60QX000139",148,80,68
"60QX000140",109,38,71
"60QX000141",75,31,44
"60QX000142",72,38,34
"60QX000143",88,32,56
"60QX000144",123,53,70
"60QX000145",100,62,38
"60QX000146",99,53,46
"60QX000147",111,66,45
"60QX000148",104,44,60
"60QX000149",143,78,65
"60QX000150",101,33,68
"60QX000151",46,18,28
"60QX000152",41,21,20
"60QX000153",101,48,53
"60QX000154",90,49,41
"60QX000155",131,71,60
"60QX000156",125,67,58
"60QX000157",77,24,53
"60QX000158",95,54,41
"60QX000159",96,58,38
"60QX000160",60,33,27
"60QX000161",136,42,94
"60QX000162",163,87,76
"60QX000163",83,41,42
"60QX000164",78,44,34
"60QX000165",86,24,62
"60QX000166",138,79,59
"60QX000167",77,4,73
"60QX000168",76,25,51
"60QX000169",100,48,52
"60QX000170",63,33,30
"60QX000171",86,59,27
"60QX000172",79,33,46
"60QX000173",68,38,30
"60QX000174",70,32,38
"60QX000175",82,46,36
"60QX000176",91,22,69
"60QX000177",90,22,68
"60QX000178",65,44,21
"60QX000179",69,34,35
"60QX000180",68,46,22
"60QX000181",64,47,17
"60QX000182",87,72,15
"60QX000183",69,46,23
"60QX000184",122,61,61
"60QX000185",88,45,43
"60QX000186",83,59,24
"60QX000187",47,31,16
"60QX000188",113,38,75
"60QX000189",104,35,69
"60QX000190",133,36,97
"60QX000191",156,41,115
"60QX000192",127,38,89
"60QX000193",50,24,26
"60QX000194",105,45,60
"60QX000195",170,71,99
"60QX000196",85,42,43
"60QX000197",134,62,72
"60QX000198",108,50,58
"60QX000199",106,52,54
"60QX000200",82,40,42
"60QX000201",107,57,50
"60QX000202",124,52,72
"60QX000203",79,40,39
"60QX000204",101,30,71
"60QX000205",118,42,76
"60QX000206",87,38,49
"60QX000207",89,42,47
"60QX000208",136,52,84
"60QX000209",135,65,70
"60QX000210",116,51,65
"60QX000211",153,51,102
"60QX000212",82,35,47
"60QX000213",97,59,38
"60QX000214",95,38,57
"60QX000215",140,56,84
"60QX000216",73,41,32
"60QX000217",48,27,21
"60QX000218",84,21,63
"60QX000219",91,29,62
"60QX000220",53,30,23
"60QX000221",66,36,30
"60QX000222",101,35,66
"60QX000223",98,34,64
"60QX000224",87,18,69
"60QX000225",126,12,114
"60QX000226",117,10,107
"60QX000227",101,27,74
"60QX000228",91,29,62
"60QX000229",138,36,102
"60QX000230",110,52,58
"60QX000231",143,46,97
"60QX000232",66,29,37
"60QX000233",70,41,29
"60QX000234",97,23,74
"60QX000235",118,40,78
"60QX000236",117,62,55
"60QX000237",78,59,19
"60QX000238",64,47,17
"60QX000239",80,61,19
"60QX000240",94,58,36
"60QX000241",48,38,10
"60QX000242",98,47,51
"60QX000243",110,41,69
"60QX000244",127,71,56
"60QX000245",99,28,71
"60QX000246",129,50,79
"60QX000247",173,115,58
"60QX000248",108,38,70
"60QX000249",77,55,22
"60QX000250",81,32,49
"60QX000251",59,45,14
"60QX000252",54,28,26
"60QX000253",84,49,35
"60QX000254",82,37,45
"60QX000255",58,38,20
"60QX000256",83,26,57
"60QX000257",84,39,45
"60QX000258",53,32,21
"60QX000259",63,54,9
"60QX000260",73,6,67
"60QX000261",76,61,15
"60QX000262",105,19,86
"60QX000263",94,24,70
"60QX000264",87,24,63
"60QX000265",83,20,63
"60QX000266",76,20,56
"60QX000267",214,116,98
"60QX000268",94,8,86
"60QX000269",98,42,56
"60QX000270",90,33,57
"60QX000271",102,25,77
"60QX000272",123,61,62
"60QX000273",76,39,37
"60QX000274",104,60,44
"60QX000275",85,54,31
"60QX000276",133,60,73
"60QX000277",138,72,66
"60QX000278",132,77,55
"60QX000279",128,64,64
"60QX000280",97,40,57
"60QX000281",120,56,64
"60QX000282",88,29,59
"60QX000283",115,46,69
"60QX000284",112,81,31
"60QX000285",61,25,36
"60QX000286",96,49,47
"60QX000287",101,48,53
"60QX000288",94,38,56
"60QX000289",85,40,45
"60QX000290",90,44,46
"60QX000291",97,46,51
"60QX000292",80,37,43
"60QX000293",99,63,36
"60QX000294",73,41,32
"60QX000295",96,39,57
"60QX000296",96,63,33
"60QX000297",98,50,48
"60QX000298",125,82,43
"60QX000299",115,75,40
"60QX000300",104,41,63
"60QX000301",78,16,62
"60QX000302",93,23,70
"60QX000303",151,62,89
"60QX000304",98,45,53
"60QX000305",119,49,70
"60QX000306",88,48,40
"60QX000307",119,62,57
"60QX000308",91,55,36
"60QX000309",83,49,34
"60QX000310",109,57,52
"60QX000311",107,60,47
"60QX000312",134,46,88
"60QX000313",112,40,72
"60QX000314",95,33,62
"60QX000315",67,38,29
"60QX000316",62,36,26
"60QX000317",77,34,43
"60QX000318",83,49,34
"60QX000319",112,48,64
"60QX000320",78,27,51
"60QX000321",106,38,68
"60QX000322",95,45,50
"60QX000323",81,33,48
"60QX000324",85,51,34
"60QX000325",102,57,45
"60QX000326",81,35,46
"60QX000327",133,64,69
"60QX000328",132,68,64
"60QX000329",53,49,4
"60QX000330",74,45,29
"60QX000331",115,58,57
"60QX000332",88,48,40
"60QX000333",126,61,65
"60QX000334",65,28,37
"60QX000335",147,54,93
"60QX000336",92,33,59
"60QX000337",114,44,70
"60QX000338",186,63,123
"60QX000339",131,64,67
"60QX000340",160,57,103
"60QX000341",49,18,31
"60QX000342",92,27,65
"60QX000343",98,57,41
"60QX000344",111,46,65
"60QX000345",103,48,55
"60QX000346",110,40,70
"60QX000347",123,81,42
"60QX000348",108,70,38
"60QX000349",133,73,60
"60QX000350",133,67,66
"60QX000351",92,45,47
"60QX000352",58,30,28
"60QX000353",100,45,55
"60QX000354",90,47,43
"60QX000355",62,29,33
"60QX000356",157,110,47
"60QX000357",80,37,43
"60QX000358",109,40,69
"60QX000359",78,36,42
"60QX000360",103,39,64
"60QX000361",79,27,52
"60QX000362",74,34,40
"60QX000363",75,41,34
"60QX000364",130,52,78
"60QX000365",99,31,68
"60QX000366",119,62,57
"60QX000367",95,50,45
"60QX000368",119,42,77
"60QX000369",130,51,79
"60QX000370",77,35,42
"60QX000371",90,32,58
"60QX000372",74,38,36
"60QX000373",125,60,65
"60QX000374",115,45,70
"60QX000375",107,47,60
"60QX000376",61,31,30
"60QX000377",112,48,64
"60QX000378",79,29,50
"60QX000379",84,36,48
"60QX000380",64,30,34
"60QX000381",88,40,48
"60QX000382",79,35,44
"60QX000383",88,39,49
"60QX000384",59,33,26
"60QX000385",59,23,36
"60QX000386",145,36,109
"60QX000387",124,33,91
"60QX000388",72,30,42
"60QX000389",79,45,34
"60QX000390",65,35,30
"60QX000391",122,60,62
"60QX000392",122,50,72
"60QX000393",107,69,38
"60QX000394",104,65,39
"60QX000395",125,66,59
"60QX000396",111,67,44
"60QX000397",48,33,15
"60QX000398",54,28,26
"60QX000399",95,48,47
"60QX000400",96,42,54
"60QX000401",110,50,60
"60QX000402",81,58,23
"60QX000403",86,27,59
"60QX000404",149,45,104
"60QX000405",83,44,39
"60QX000406",86,30,56
"60QX000407",77,38,39
"60QX000408",69,29,40
"60QX000409",100,37,63
"60QX000410",79,31,48
"60QX000411",95,40,55
"60QX000412",99,40,59
"60QX000413",96,63,33
"60QX000414",73,26,47
"60QX000415",97,31,66
"60QX000416",100,60,40
"60QX000417",77,41,36
"60QX000418",86,46,40
"60QX000419",122,51,71
"60QX000420",102,58,44
"60QX000421",96,40,56
"60QX000422",122,59,63
"60QX000423",84,31,53
"60QX000424",111,62,49
"60QX000425",78,30,48
"60QX000426",105,50,55
"60QX000427",59,21,38
"60QX000428",71,27,44
"60QX000429",125,40,85
"60QX000430",85,43,42
"60QX000431",114,43,71
"60QX000432",95,46,49
"60QX000433",163,60,103
"60QX000434",165,57,108
"60QX000435",119,51,68
"60QX000436",110,59,51
"60QX000437",149,72,77
"60QX000438",118,52,66
"60QX000439",83,31,52
"60QX000440",88,32,56
"60QX000441",98,38,60
"60QX000442",75,40,35
"60QX000443",75,22,53
"60QX000444",90,34,56
"60QX000445",70,40,30
"60QX000446",106,60,46
"60QX000447",76,32,44
"60QX000448",108,34,74
"60QX000449",111,48,63
"60QX000450",113,53,60
"60QX000451",97,49,48
"60QX000452",131,57,74
"60QX000453",122,48,74
"60QX000454",124,38,86
"60QX000455",108,50,58
"60QX000456",112,50,62
"60QX000457",72,33,39
"60QX000458",77,45,32
"60QX000459",130,44,86
"60QX000460",127,54,73
"60QX000461",97,44,53
"60QX000462",104,52,52
"60QX000463",106,26,80
"60QX000464",98,49,49
"60QX000465",62,42,20
"60QX000466",48,17,31
"60QX000467",108,46,62
"60QX000468",101,37,64
"60QX000469",78,27,51
"60QX000470",107,54,53
"60QX000471",82,39,43
"60QX000472",86,35,51
"60QX000473",64,30,34
"60QX000474",134,50,84
"60QX000475",104,48,56
"60QX000476",67,40,27
"60QX000477",88,37,51
"60QX000478",149,74,75
"60QX000479",60,38,22
"60QX000480",129,55,74
"60QX000481",77,20,57
"60QX000482",108,49,59
"60QX000483",85,39,46
"60QX000484",72,35,37
"60QX000485",94,36,58
"60QX000486",84,44,40
"60QX000487",103,45,58
"60QX000488",103,58,45
"60QX000489",92,52,40
"60QX000490",92,42,50
"60QX000491",57,27,30
"60QX000492",117,53,64
"60QX000493",115,42,73
"60QX000494",56,19,37
"60QX000495",116,59,57
"60QX000496",86,40,46
"60QX000497",77,43,34
"60QX000498",121,61,60
"60QX000499",84,28,56
"60QX000500",96,21,75
"60QX000501",162,108,54
"60QX000502",128,52,76
"60QX000503",107,37,70
"60QX000504",129,49,80
"60QX000505",68,23,45
"60QX000506",100,34,66
"60QX000507",69,22,47
"60QX000508",67,40,27
"60QX000509",86,35,51
"60QX000510",73,29,44
"60QX000511",82,39,43
"60QX000512",86,28,58
"60QX000513",78,31,47
"60QX000514",76,23,53
"60QX000515",65,34,31
"60QX000516",91,36,55
"60QX000517",80,24,56
"60QX000518",49,27,22
"60QX000519",64,24,40
"60QX000520",93,39,54
"60QX000521",54,16,38
"60QX000522",93,41,52
"60QX000523",84,28,56
"60QX000524",50,18,32
"60QX000525",111,51,60
"60QX000526",104,42,62
"60QX000527",75,33,42
"60QX000528",54,34,20
"60QX000529",79,29,50
"60QX000530",88,31,57
"60QX000531",127,24,103
"60QX000532",80,28,52
"60QX000533",45,14,31
"60QX000534",39,9,30
"60QX000535",69,20,49
"60QX000536",89,31,58
"60QX000537",71,29,42
"60QX000538",51,19,32
"60QX000539",108,27,81
"60QX000540",88,50,38
"60QX000541",46,5,41
"60QX000542",57,11,46
"60QX000543",96,30,66
"60QX000544",65,26,39
"60QX000545",92,27,65
"60QX000546",82,34,48
"60QX000547",87,34,53
"60QX000548",78,32,46
"60QX000549",70,29,41
"60QX000550",60,21,39
"60QX000551",91,43,48
"60QX000552",87,29,58
"60QX000553",75,30,45
"60QX000554",125,60,65
"60QX000555",79,31,48
"60QX000556",76,30,46
"60QX000557",108,54,54
"60QX000558",55,19,36
"60QX000559",67,23,44
"60QX000560",86,34,52
"60QX000561",110,62,48
"60QX000562",92,37,55
"60QX000563",43,19,24
"60QX000564",70,30,40
"60QX000565",39,19,20
"60QX000566",98,36,62
"60QX000567",62,26,36
"60QX000568",46,7,39
"60QX000569",47,16,31
"60QX000570",46,14,32
"60QX000571",56,43,13
"60QX000572",141,68,73
"60QX000573",74,24,50
"60QX000574",102,66,36
"60QX000575",84,33,51
"60QX000576",88,36,52
"60QX000577",64,24,40
"60QX000578",152,59,93
"60QX000579",64,31,33
"60QX000580",83,41,42
"60QX000581",76,34,42
"60QX000582",70,12,58
"60QX000583",116,39,77
"60QX000584",127,52,75
"60QX000585",46,14,32
"60QX000586",59,45,14
"60QX000587",108,60,48
"60QX000588",72,6,66
"60QX000589",132,12,120
"60QX000590",74,15,59
"60QX000591",88,32,56
"60QX000592",99,23,76
"60QX000593",84,29,55
"60QX000594",59,19,40
"60QX000595",116,30,86
"60QX000596",110,32,78
"60QX000597",116,36,80
"60QX000598",101,26,75
"60QX000599",88,21,67
"60QX000600",115,47,68
"60QX000601",47,22,25
"60QX000602",90,25,65
"60QX000603",56,35,21
"60QX000604",88,31,57
"60QX000605",83,19,64
"60QX000606",56,27,29
"60QX000607",102,32,70
"60QX000608",78,30,48
"60QX000609",100,42,58
"60QX000610",121,51,70
"60QX000611",54,26,28
"60QX000612",105,47,58
"60QX000613",123,55,68
"60QX000614",84,38,46
"60QX000615",99,36,63
"60QX000616",78,34,44
"60QX000617",87,29,58
"60QX000618",75,49,26
"60QX000619",70,32,38
"60QX000620",89,28,61
"60QX000621",76,47,29
"60QX000622",136,66,70
"60QX000623",84,40,44
"60QX000624",111,41,70
"60QX000625",152,68,84
"60QX000626",108,49,59
"60QX000627",93,32,61
"60QX000628",99,49,50
"60QX000629",72,51,21
"60QX000630",81,51,30
"60QX000631",131,70,61
"60QX000632",79,41,38
"60QX000633",85,43,42
"60QX000634",184,49,135
"60QX000635",85,2,83
"60QX000636",77,14,63
"60QX000637",90,7,83
"60QX000638",62,34,28
"60QX000639",83,49,34
"60QX000640",98,60,38
"60QX000641",98,69,29
"60QX000642",87,53,34
"60QX000643",83,35,48
"60QX000644",50,35,15
"60QX000645",64,54,10
"60QX000646",65,40,25
"60QX000647",74,45,29
"60QX000648",119,69,50
"60QX000649",74,43,31
"60QX000650",94,65,29
"60QX000651",95,31,64
"60QX000652",86,30,56
"60QX000653",142,31,111
"60QX000654",154,9,145
"60QX000655",87,35,52
"60QX000656",119,7,112
"60QX000657",120,15,105
"60QX000658",54,28,26
"60QX000659",79,10,69
"60QX000660",108,61,47
"60QX000661",86,28,58
"60QX000662",85,19,66
"60QX000663",127,53,74
"60QX000664",64,21,43
"60QX000665",131,50,81
"60QX000666",74,49,25
"60QX000667",114,55,59
"60QX000668",60,48,12
"60QX000669",58,38,20
"60QX000670",103,51,52
"60QX000671",131,44,87
"60QX000672",74,20,54
"60QX000673",56,17,39
"60QX000674",121,39,82
"60QX000675",114,56,58
"60QX000676",57,27,30
"60QX000677",122,36,86
"60QX000678",88,17,71
"60QX000679",97,40,57
"60QX000680",104,50,54
"60QX000681",112,55,57
"60QX000682",84,30,54
"60QX000683",59,26,33
"60QX000684",93,25,68
"60QX000685",106,54,52
"60QX000686",115,53,62
"60QX000687",107,55,52
"60QX000688",66,30,36
"60QX000689",78,39,39
"60QX000690",57,22,35
"60QX000691",121,41,80
"60QX000692",116,27,89
"60QX000693",87,17,70
"60QX000694",96,27,69
"60QX000695",101,39,62
"60QX000696",59,15,44
"60QX000697",90,25,65
"60QX000698",108,35,73
"60QX000699",102,27,75
"60QX000700",132,64,68
"60QX000701",92,46,46
"60QX000702",71,35,36
"60QX000703",108,45,63
"60QX000704",113,36,77
"60QX000705",153,60,93
"60QX000706",321,139,182
"60QX000707",96,47,49
"60QX000708",157,74,83
"60QX000709",54,10,44
"60QX000710",138,53,85
"60QX000711",130,79,51
"60QX000712",71,56,15
"60QX000713",82,33,49
"60QX000714",81,29,52
"60QX000715",72,23,49
"60QX000716",128,49,79
"60QX000717",101,12,89
"60QX000718",60,10,50
"60QY000001",87,39,48
"60QY000002",95,68,27
"60QY000003",50,22,28
"60QY000004",134,38,96
"60QY000005",141,44,97
"60QY000006",152,50,102
"60QY000007",45,17,28
"60QY000008",59,27,32
"60QY000009",131,44,87
"60QY000010",75,45,30
"60QY000011",157,72,85
"60QY000012",51,17,34
"60QY000013",125,44,81
"60QY000014",167,57,110
"60QY000015",119,60,59
"60QY000016",51,25,26
"60QY000017",64,31,33
"60QY000018",146,53,93
"60QY000019",44,18,26
"60QY000020",130,48,82
"60QY000021",121,51,70
"60QY000022",110,52,58
"60QY000023",120,65,55
"60QY000024",46,27,19
"60QY000025",137,73,64
"60QY000026",116,34,82
"60QY000027",125,51,74
"60QY000028",111,43,68
"60QY000029",78,42,36
"60QY000030",121,64,57
"60QY000031",70,39,31
"60QY000032",53,19,34
"60QY000033",49,18,31
"60QY000034",132,69,63
"60QY000035",69,23,46
"60QY000036",52,22,30
"60QY000037",52,16,36
"60QY000038",143,51,92
"60QY000039",136,78,58
"60QY000040",127,50,77
"60QY000041",109,45,64
"60QY000042",162,49,113
"60QY000043",126,64,62
"60QY000044",125,55,70
"60QY000045",118,48,70
"60QY000046",132,70,62
"60QY000047",124,48,76
"60QY000048",44,18,26
"60QY000049",106,60,46
"60QY000050",79,39,40
"60QY000051",83,43,40
"60QY000052",85,42,43
"60QY000053",70,44,26
"60QY000054",128,61,67
"60QY000055",76,50,26
"60QY000056",142,52,90
"60QY000057",113,54,59
"60QY000058",139,67,72
"60QY000059",92,64,28
"60QY000060",122,52,70
"60QY000061",170,54,116
"60QY000062",144,47,97
"60QY000063",143,61,82
"60QY000064",103,51,52
"60QY000065",158,47,111
"60QY000066",99,50,49
"60QY000067",118,50,68
"60QY000068",140,60,80
"60QY000069",86,18,68
"60QY000070",145,70,75
"60QY000071",94,50,44
"60QY000072",94,48,46
"60QY000073",121,69,52
"60QY000074",84,38,46
"60QY000075",72,37,35
"60QY000076",115,75,40
"60QY000077",145,81,64
"60QY000078",146,79,67
"60QY000079",116,57,59
"60QY000080",139,85,54
"60QY000081",114,50,64
"60QY000082",88,43,45
"60QY000083",80,32,48
"60QY000084",105,57,48
"60QY000085",87,33,54
"60QY000086",97,39,58
"60QY000087",54,24,30
"60QY000088",61,25,36
"60QY000089",142,69,73
"60QY000090",143,59,84
"60QY000091",139,67,72
"60QY000092",78,58,20
"60QY000093",87,54,33
"60QY000094",94,42,52
"60QY000095",153,81,72
"60QY000096",149,78,71
"60QY000097",149,72,77
"60QY000098",131,66,65
"60QY000099",119,65,54
"60QY000100",110,56,54
"60QY000101",102,55,47
"60QY000102",104,31,73
"60QY000103",168,34,134
"60QY000104",123,41,82
"60QY000105",87,55,32
"60QY000106",150,66,84
"60QY000107",76,34,42
"60QY000108",133,61,72
"60QY000109",123,47,76
"60QY000110",78,60,18
"60QY000111",133,67,66
"60QY000112",116,70,46
"60QY000113",101,65,36
"60QY000114",103,55,48
"60QY000115",79,50,29
"60QY000116",99,51,48
"60QY000117",104,41,63
"60QY000118",129,40,89
"60QY000119",58,14,44
"60QY000120",46,14,32
"60QY000121",119,65,54
"60QY000122",112,32,80
"60QY000123",110,41,69
"60QY000124",66,36,30
"60QY000125",115,47,68
"60QY000126",156,56,100
"60QY000127",102,47,55
"60QY000128",80,36,44
"60QY000129",85,44,41
"60QY000130",107,48,59
"60QY000131",70,28,42
"60QY000132",112,55,57
"60QY000133",106,55,51
"60QY000134",53,23,30
"60QY000135",122,62,60
"60QY000136",73,29,44
"60QY000137",92,25,67
"60QY000138",68,22,46
"60QY000139",73,33,40
"60QY000140",146,43,103
"60QY000141",97,55,42
"60QY000142",67,52,15
"60QY000143",109,85,24
"60QY000144",175,110,65
"60QY000145",126,71,55
"60QY000146",70,39,31
"60QY000147",35,31,4
"60QY000148",77,45,32
"60QY000149",97,51,46
"60QY000150",89,51,38
"60QY000151",79,32,47
"60QY000152",70,52,18
"60QY000153",73,64,9
"60QY000154",74,56,18
"60QY000155",88,68,20
"60QY000156",72,51,21
"60QY000157",86,40,46
"60QY000158",112,28,84
"60QY000159",112,60,52
"60QY000160",140,66,74
"60QY000161",116,48,68
"60QY000162",71,45,26
"60QY000163",122,58,64
"60QY000164",86,43,43
"60QY000165",110,52,58
"60QY000166",68,32,36
"60QY000167",93,51,42
"60QY000168",84,55,29
"60QY000169",94,48,46
"60QY000170",68,38,30
"60QY000171",86,51,35
"60QY000172",84,48,36
"60QY000173",89,39,50
"60QY000174",81,31,50
"60QY000175",88,44,44
"60QY000176",85,31,54
"60QY000177",93,53,40
"60QY000178",88,43,45
"60QY000179",50,35,15
"60QY000180",52,16,36
"60QY000181",80,42,38
"60QY000182",94,50,44
"60QY000183",96,57,39
"60QY000184",79,39,40
"60QY000185",76,48,28
"60QY000186",69,47,22
"60QY000187",58,40,18
"60QY000188",85,45,40
"60QY000189",103,47,56
"60QY000190",70,40,30
"60QY000191",88,48,40
"60QY000192",70,44,26
"60QY000193",97,39,58
"60QY000194",80,42,38
"60QY000195",82,52,30
"60QY000196",86,53,33
"60QY000197",56,39,17
"60QY000198",92,67,25
"60QY000199",80,48,32
"60QY000200",59,38,21
"60QY000201",73,43,30
"60QY000202",112,42,70
"60QY000203",102,46,56
"60QY000204",100,48,52
"60QY000205",86,36,50
"60QY000206",135,57,78
"60QY000207",118,71,47
"60QY000208",86,40,46
"60QY000209",97,44,53
"60QY000210",159,77,82
"60QY000211",110,54,56
"60QY000212",141,63,78
"60QY000213",104,41,63
"60QY000214",158,56,102
"60QY000215",134,34,100
"60QY000216",74,56,18
"60QY000217",108,71,37
"60QY000218",77,44,33
"60QY000219",69,39,30
"60QY000220",103,75,28
"60QY000221",71,47,24
"60QY000222",90,76,14
"60QY000223",80,45,35
"60QY000224",78,46,32
"60QY000225",81,36,45
"60QY000226",124,46,78
"60QY000227",87,23,64
"60QY000228",102,26,76
"60QY000229",110,34,76
"60QY000230",85,24,61
"60QY000231",154,40,114
"60QY000232",104,32,72
"60QY000233",85,54,31
"60QY000234",74,35,39
"60QY000235",104,39,65
"60QY000236",61,43,18
"60QY000237",98,48,50
"60QY000238",124,57,67
"60QY000239",53,35,18
"60QY000240",49,35,14
"60QY000241",59,29,30
"60QY000242",99,57,42
"60QY000243",154,65,89
"60QY000244",100,47,53
"60QY000245",60,24,36
"60QY000246",135,46,89
"60QY000247",90,40,50
"60QY000248",147,81,66
"60QY000249",121,57,64
"60QY000250",88,38,50
"60QY000251",91,33,58
"60QY000252",74,32,42
"60QY000253",59,23,36
"60QY000254",122,55,67
"60QY000255",79,36,43
"60QY000256",56,34,22
"60QY000257",105,41,64
"60QY000258",101,25,76
"60QY000259",81,36,45
"60QY000260",103,43,60
"60QY000261",65,38,27
"60QY000262",100,68,32
"60QY000263",63,49,14
"60QY000264",73,47,26
"60QY000265",72,42,30
"60QY000266",114,60,54
"60QY000267",102,54,48
"60QY000268",92,46,46
"60QY000269",73,45,28
"60QY000270",81,41,40
"60QY000271",86,55,31
"60QY000272",155,103,52
"60QY000273",68,55,13
"60QY000274",121,40,81
"60QY000275",107,64,43
"60QY000276",85,47,38
"60QY000277",118,59,59
"60QY000278",81,52,29
"60QY000279",90,40,50
"60QY000280",96,36,60
"60QY000281",70,32,38
"60QY000282",91,52,39
"60QY000283",63,42,21
"60QY000284",69,49,20
"60QY000285",107,63,44
"60QY000286",116,81,35
"60QY000287",95,72,23
"60QY000288",102,59,43
"60QY000289",80,36,44
"60QY000290",147,57,90
"60QY000291",161,59,102
"60QY000292",95,59,36
"60QY000293",130,44,86
"60QY000294",128,66,62
"60QY000295",83,52,31
"60QY000296",87,46,41
"60QY000297",91,55,36
"60QY000298",74,48,26
"60QY000299",95,53,42
"60QY000300",74,34,40
"60QY000301",71,46,25
"60QY000302",93,50,43
"60QY000303",96,47,49
"60QY000304",128,62,66
"60QY000305",147,81,66
"60QY000306",74,48,26
"60QY000307",86,54,32
"60QY000308",73,34,39
"60QY000309",112,74,38
"60QY000310",77,58,19
"60QY000311",77,47,30
"60QY000312",127,81,46
"60QY000313",96,59,37
"60QY000314",132,70,62
"60QY000315",107,87,20
"60QY000316",93,43,50
"60QY000317",103,48,55
"60QY000318",84,38,46
"60QY000319",106,54,52
"60QY000320",99,37,62
"60QY000321",128,41,87
"60QY000322",138,46,92
"60QY000323",90,32,58
"60QY000324",112,26,86
"60QY000325",58,36,22
"60QY000326",102,86,16
"60QY000327",89,75,14
"60QY000328",76,60,16
"60QY000329",96,70,26
"60QY000330",61,47,14
"60QY000331",71,36,35
"60QY000332",114,71,43
"60QY000333",85,61,24
"60QY000334",106,32,74
"60QY000335",72,48,24
"60QY000336",89,35,54
"60QY000337",112,62,50
"60QY000338",81,30,51
"60QY000339",137,79,58
"60QY000340",89,70,19
"60QY000341",113,50,63
"60QY000342",61,43,18
"60QY000343",131,59,72
"60QY000344",85,42,43
"60QY000345",92,40,52
"60QY000346",116,41,75
"60QY000347",91,62,29
"60QY000348",67,43,24
"60QY000349",135,73,62
"60QY000350",119,50,69
"60QY000351",135,59,76
"60QY000352",94,42,52
"60QY000353",76,46,30
"60QY000354",65,35,30
"60QY000355",80,43,37
"60QY000356",110,44,66
"60QY000357",65,47,18
"60QY000358",113,35,78
"60QY000359",98,44,54
"60QY000360",91,33,58
"60QY000361",177,71,106
"60QY000362",80,29,51
"60QY000363",80,38,42
"60QY000364",122,56,66
"60QY000365",66,46,20
"60QY000366",97,31,66
"60QY000367",88,34,54
"60QY000368",98,20,78
"60QY000369",73,35,38
"60QY000370",93,67,26
"60QY000371",51,43,8
"60QY000372",71,53,18
"60QY000373",100,62,38
"60QY000374",68,46,22
"60QY000375",76,69,7
"60QY000376",92,50,42
"60QY000377",48,34,14
"60QY000378",103,57,46
"60QY000379",100,88,12
"60QY000380",108,79,29
"60QY000381",81,70,11
"60QY000382",45,27,18
"60QY000383",80,54,26
"60QY000384",91,52,39
"60QY000385",74,53,21
"60QY000386",63,37,26
"60QY000387",52,30,22
"60QY000388",105,60,45
"60QY000389",69,37,32
"60QY000390",73,37,36
"60QY000391",64,42,22
"60QY000392",53,35,18
"60QY000393",90,57,33
"60QY000394",107,54,53
"60QY000395",72,55,17
"60QY000396",48,38,10
"60QY000397",79,43,36
"60QY000398",97,45,52
"60QY000399",84,44,40
"60QY000400",116,74,42
"60QY000401",95,46,49
"60QY000402",111,32,79
"60QY000403",74,45,29
"60QY000404",85,40,45
"60QY000405",80,43,37
"60QY000406",84,55,29
"60QY000407",87,41,46
"60QY000408",120,62,58
"60QY000409",63,45,18
"60QY000410",115,67,48
"60QY000411",79,48,31
"60QY000412",90,52,38
"60QY000413",80,39,41
"60QY000414",121,75,46
"60QY000415",107,51,56
"60QY000416",91,43,48
"60QY000417",136,57,79
"60QY000418",119,53,66
"60QY000419",168,68,100
"60QY000420",150,60,90
"60QY000421",61,43,18
"60QY000422",116,72,44
"60QY000423",124,61,63
"60QY000424",97,51,46
"60QY000425",96,56,40
"60QY000426",76,43,33
"60QY000427",213,161,52
"60QY000428",81,51,30
"60QY000429",84,40,44
"60QY000430",82,41,41
"60QY000431",86,52,34
"60QY000432",87,29,58
"60QY000433",89,58,31
"60QY000434",136,81,55
"60QY000435",77,49,28
"60QY000436",131,88,43
"60QY000437",74,50,24
"60QY000438",64,46,18
"60QY000439",104,59,45
"60QY000440",126,61,65
"60QY000441",79,43,36
"60QY000442",64,38,26
"60QY000443",54,26,28
"60QY000444",80,45,35
"60QY000445",115,42,73
"60QY000446",145,69,76
"60QY000447",99,57,42
"60QY000448",104,59,45
"60QY000449",86,41,45
"60QY000450",65,37,28
"60QY000451",100,39,61
"60QY000452",92,38,54
"60QY000453",108,29,79
"60QY000454",99,37,62
"60QY000455",77,39,38
"60QY000456",63,35,28
"60QY000457",77,59,18
"60QY000458",72,47,25
"60QY000459",77,38,39
"60QY000460",73,44,29
"60QY000461",175,46,129
"60QY000462",85,23,62
"60QY000463",158,77,81
"60QY000464",110,64,46
"60QY000465",124,42,82
"60QY000466",130,32,98
"60QY000467",112,60,52
"60QY000468",114,49,65
"60QY000469",115,46,69
"60QY000470",61,45,16
"60QY000471",80,42,38
"60QY000472",95,61,34
"60QY000473",67,43,24
"60QY000474",92,58,34
"60QY000475",81,43,38
"60QY000476",60,46,14
"60QY000477",70,42,28
"60QY000478",79,49,30
"60QY000479",97,61,36
"60QY000480",138,92,46
"60QY000481",127,64,63
"60QY000482",102,42,60
"60QY000483",108,38,70
"60QY000484",110,64,46
"60QY000485",102,53,49
"60QY000486",86,54,32
"60QY000487",89,57,32
"60QY000488",85,43,42
"60QY000489",82,49,33
"60QY000490",80,46,34
"60QY000491",126,86,40
"60QY000492",105,47,58
"60QY000493",99,49,50
"60QY000494",119,63,56
"60QY000495",44,24,20
"60QY000496",93,46,47
"60QY000497",98,68,30
"60QY000498",129,72,57
"60QY000499",116,56,60
"60QY000500",78,34,44
"60QY000501",102,52,50
"60QY000502",108,46,62
"60QY000503",132,59,73
"60QY000504",98,34,64
"60QY000505",94,40,54
"60QY000506",108,40,68
"60QY000507",107,51,56
"60QY000508",114,58,56
"60QY000509",110,54,56
"60QY000510",146,64,82
"60QY000511",103,42,61
"60QY000512",61,17,44
"60QY000513",166,56,110
"60QY000514",81,28,53
"60QY000515",150,38,112
"60QY000516",56,22,34
"60QY000517",59,26,33
"60QY000518",83,51,32
"60QY000519",92,52,40
"60QY000520",107,64,43
"60QY000521",118,62,56
"60QY000522",132,80,52
"60QY000523",66,32,34
"60QY000524",56,28,28
"60QY000525",49,27,22
"60QY000526",95,63,32
"60QY000527",105,61,44
"60QY000528",54,38,16
"60QY000529",83,49,34
"60QY000530",83,41,42
"60QY000531",94,37,57
"60QY000532",82,38,44
"60QY000533",108,53,55
"60QY000534",90,44,46
"60QY000535",62,40,22
"60QY000536",83,52,31
"60QY000537",81,51,30
"60QY000538",113,70,43
"60QY000539",71,52,19
"60QY000540",43,32,11
"60QY000541",130,61,69
"60QY000542",123,62,61
"60QY000543",100,62,38
"60QY000544",51,23,28
"60QY000545",82,51,31
"60QY000546",78,56,22
"60QY000547",55,31,24
"60QY000548",95,49,46
"60QY000549",85,53,32
"60QY000550",99,65,34
"60QY000551",124,55,69
"60QY000552",92,60,32
"60QY000553",84,51,33
"60QY000554",129,45,84
"60QY000555",82,46,36
"60QY000556",106,38,68
"60QY000557",109,75,34
"60QY000558",89,56,33
"60QY000559",89,44,45
"60QY000560",95,45,50
"60QY000561",88,56,32
"60QY000562",60,43,17
"60QY000563",114,49,65
"60QY000564",117,58,59
"60QY000565",103,53,50
"60QY000566",163,74,89
"60QY000567",80,32,48
"60QY000568",87,52,35
"60QY000569",74,48,26
"60QY000570",81,33,48
"60QY000571",87,27,60
"60QY000572",94,52,42
"60QY000573",104,56,48
"60QY000574",92,48,44
"60QY000575",78,46,32
"60QY000576",95,55,40
"60QY000577",84,40,44
"60QY000578",72,45,27
"60QY000579",84,50,34
"60QY000580",90,57,33
"60QY000581",112,56,56
"60QY000582",87,51,36
"60QY000583",75,32,43
"60QY000584",93,53,40
"60QY000585",122,34,88
"60QY000586",88,48,40
"60QY000587",138,42,96
"60QY000588",147,47,100
"60QY000589",99,29,70
"60QY000590",120,62,58
"60QY000591",84,40,44
"60QY000592",72,45,27
"60QY000593",162,46,116
"60QY000594",141,46,95
"60QY000595",108,39,69
"60QY000596",76,22,54
"60QY000597",101,29,72
"60QY000598",128,34,94
"60QY000599",75,19,56
"60QY000600",100,32,68
"60QY000601",52,32,20
"60QY000602",97,35,62
"60QY000603",75,30,45
"60QY000604",134,56,78
"60QY000605",67,31,36
"60QY000606",119,75,44
"60QY000607",84,58,26
"60QY000608",115,35,80
"60QY000609",55,38,17
"60QY000610",103,43,60
"60QY000611",78,25,53
"60QY000612",127,43,84
"60QY000613",67,43,24
"60QY000614",113,33,80
"60QY000615",90,37,53
"60QY000616",78,42,36
"60QY000617",73,21,52
"60QY000618",70,32,38
"60QY000619",83,35,48
"60QY000620",88,33,55
"60QY000621",62,46,16
"60QY000622",92,41,51
"60QY000623",76,42,34
"60QY000624",87,42,45
"60QY000625",124,49,75
"60QY000626",93,53,40
"60QY000627",79,33,46
"60QY000628",66,43,23
"60QY000629",76,32,44
"60QY000630",95,57,38
"60QY000631",122,85,37
"60QY000632",92,52,40
"60QY000633",88,40,48
"60QY000634",62,46,16
"60QY000635",70,36,34
"60QY000636",82,42,40
"60QY000637",117,66,51
"60QY000638",75,45,30
"60QY000639",148,70,78
"60QY000640",118,66,52
"60QY000641",123,63,60
"60QY000642",119,61,58
"60QY000643",151,80,71
"60QY000644",121,53,68
"60QY000645",102,50,52
"60QY000646",135,56,79
"60QY000647",90,43,47
"60QY000648",129,81,48
"60QY000649",107,63,44
"60QY000650",65,23,42
"60QY000651",123,31,92
"60QY000652",109,39,70
"60QY000653",106,32,74
"60QY000654",99,55,44
"60QY000655",83,29,54
"60QY000656",104,48,56
"60QY000657",68,33,35
"60QY000658",75,45,30
"60QY000659",80,41,39
"60QY000660",70,46,24
"60QY000661",91,43,48
"60QY000662",88,68,20
"60QY000663",64,40,24
"60QY000664",76,37,39
"60QY000665",65,31,34
"60QY000666",87,42,45
"60QY000667",131,60,71
"60QY000668",131,53,78
"60QY000669",57,37,20
"60QY000670",103,67,36
"60QY000671",97,57,40
"60QY000672",89,45,44
"60QY000673",72,45,27
"60QY000674",82,50,32
"60QY000675",69,31,38
"60QY000676",66,48,18
"60QY000677",56,40,16
"60QY000678",80,42,38
"60QY000679",100,46,54
"60QY000680",93,38,55
"60QY000681",131,65,66
"60QY000682",122,53,69
"60QY000683",101,63,38
"60QY000684",113,63,50
"60QY000685",57,35,22
"60QY000686",84,59,25
"60QY000687",104,79,25
"60QY000688",150,44,106
"60QY000689",84,52,32
"60QY000690",98,50,48
"60QY000691",106,65,41
"60QY000692",62,16,46
"60QY000693",123,71,52
"60QY000694",89,49,40
"60QY000695",71,46,25
"60QY000696",100,56,44
"60QY000697",123,55,68
"60QY000698",92,54,38
"60QY000699",104,65,39
"60QY000700",69,37,32
"60QY000701",110,56,54
"60QY000702",103,53,50
"60QY000703",83,56,27
"60QY000704",75,41,34
"60QY000705",97,57,40
"60QY000706",159,41,118
"60QY000707",169,64,105
"60QY000708",136,39,97
"60QY000709",89,50,39
"60QY000710",120,28,92
"60QY000711",90,33,57
"60QY000712",80,24,56
"60QY000713",88,49,39
"60QY000714",95,26,69
"60QY000715",76,34,42
"60QY000716",72,44,28
"60QY000717",83,41,42
"60QY000718",70,36,34
"60QY000719",96,52,44
"60QY000720",103,56,47
"60QY000721",75,34,41
"60QY000722",108,55,53
"60QY000723",61,39,22
"60QY000724",67,36,31
"60QY000725",115,41,74
"60QY000726",78,30,48
"60QY000727",53,23,30
"60QY000728",147,87,60
"60QY000729",141,47,94
"60QY000730",97,77,20
"60QY000731",133,67,66
"60QY000732",82,49,33
"60QY000733",87,48,39
"60QY000734",73,33,40
"60QY000735",109,58,51
"60QY000736",132,32,100
"60QY000737",131,62,69
"60QY000738",101,34,67
"60QY000739",167,83,84
"60QY000740",116,48,68
"60QY000741",128,61,67
"60QY000742",129,67,62
"60QY000743",135,58,77
"60QY000744",77,29,48
"60QY000745",124,36,88
"60QY000746",77,19,58
"60QY000747",74,46,28
"60QY000748",93,57,36
"60QY000749",92,48,44
"60QY000750",53,32,21
"60QY000751",59,42,17
"60QY000752",101,56,45
"60QY000753",119,77,42
"60QY000754",96,53,43
"60QY000755",73,37,36
"60QY000756",86,37,49
"60QY000757",102,37,65
"60QY000758",107,33,74
"60QY000759",105,33,72
"60QY000760",71,26,45
"60QY000761",123,31,92
"60QY000762",53,21,32
"60QY000763",105,38,67
"60QY000764",134,53,81
"60QY000765",104,48,56
"60QY000766",149,74,75
"60QY000767",68,41,27
"60QY000768",74,22,52
"60QY000769",93,25,68
"60QY000770",79,36,43
"60QY000771",147,42,105
"60QY000772",102,33,69
"60QY000773",177,95,82
"60QY000774",75,37,38
"60QY000775",74,26,48
"60QY000776",84,34,50
"60QY000777",123,43,80
"60QY000778",100,71,29
"60QY000779",108,63,45
"60QY000780",57,32,25
"60QY000781",62,42,20
"60QY000782",66,51,15
"60QY000783",48,31,17
"60QY000784",74,50,24
"60QY000785",96,82,14
"60QY000786",85,55,30
"60QY000787",70,48,22
"60QY000788",115,44,71
"60QY000789",104,45,59
"60QY000790",50,28,22
"60QY000791",56,36,20
"60QY000792",62,28,34
"60QY000793",104,59,45
"60QY000794",169,66,103
"60QY000795",150,50,100
"60QY000796",94,21,73
"60QY000797",99,19,80
"60QY000798",107,27,80
"60QY000799",119,35,84
"60QY000800",114,42,72
"60QY000801",111,22,89
"60QY000802",120,40,80
"60QY000803",90,39,51
"60QY000804",78,46,32
"60QY000805",133,46,87
"60QY000806",95,34,61
"60QY000807",119,59,60
"60QY000808",93,21,72
"60QY000809",83,24,59
"60QY000810",91,30,61
"60QY000811",135,54,81
"60QY000812",53,9,44
"60QY000813",142,62,80
"60QY000814",79,55,24
"60QY000815",72,63,9
"60QY000816",57,36,21
"60QY000817",102,75,27
"60QY000818",84,61,23
"60QY000819",60,48,12
"60QY000820",101,73,28
"60QY000821",79,68,11
"60QY000822",83,62,21
"60QY000823",114,65,49
"60QY000824",67,47,20
"60QY000825",88,49,39
"60QY000826",49,25,24
"60QY000827",93,60,33
"60QY000828",87,31,56
"60QY000829",92,33,59
"60QY000830",103,60,43
"60QY000831",81,45,36
"60QY000832",79,37,42
"60QY000833",86,26,60
"60QY000834",161,73,88
"60QY000835",104,55,49
"60QY000836",136,65,71
"60QY000837",130,42,88
"60QY000838",143,64,79
"60QY000839",145,57,88
"60QY000840",111,77,34
"60QY000841",118,46,72
"60QY000842",73,33,40
"60QY000843",96,28,68
"60QY000844",95,41,54
"60QY000845",151,43,108
"60QY000846",105,47,58
"60QY000847",126,41,85
"60QY000848",109,31,78
"60QY000849",79,30,49
"60QY000850",101,32,69
"60QY000851",77,27,50
"60QY000852",132,74,58
"60QY000853",62,18,44
"60QY000854",90,36,54
"60QY000855",68,35,33
"60QY000856",128,65,63
"60QY000857",82,45,37
"60QY000858",94,48,46
"60QY000859",89,24,65
"60QY000860",176,56,120
"60QY000861",54,24,30
"60QY000862",71,39,32
"60QY000863",132,52,80
"60QY000864",127,55,72
"60QY000865",41,16,25
"60QY000866",89,41,48
"60QY000867",129,41,88
"60QY000868",106,38,68
"60QY000869",78,34,44
"60QY000870",67,41,26
"60QY000871",78,36,42
"60QY000872",79,19,60
"60QY000873",94,29,65
"60QY000874",57,31,26
"60QY000875",112,67,45
"60QY000876",75,31,44
"60QY000877",80,28,52
"60QY000878",84,27,57
"60QY000879",80,40,40
"60QY000880",64,24,40
"60QY000881",79,24,55
"60QY000882",44,24,20
"60QY000883",46,28,18
"60QY000884",69,24,45
"60QY000885",106,20,86
"60QY000886",73,31,42
"60QY000887",79,43,36
"60QY000888",44,10,34
"60QY000889",94,23,71
"60QY000890",97,39,58
"60QY000891",60,38,22
"60QY000892",65,31,34
"60QY000893",68,22,46
"60QY000894",157,40,117
"60QY000895",46,22,24
"60QY000896",53,15,38
"60QY000897",80,35,45
"60QY000898",63,24,39
"60QY000899",168,50,118
"60QY000900",64,20,44
"60QY000901",89,41,48
"60QY000902",110,38,72
"60QY000903",58,14,44
"60QY000904",87,35,52
"60QY000905",51,25,26
"60QY000906",53,25,28
"60QY000907",84,25,59
"60QY000908",108,58,50
"60QY000909",73,32,41
"60QY000910",134,34,100
"60QY000911",79,23,56
"60QY000912",70,32,38
"60QY000913",45,22,23
"60QY000914",113,48,65
"60QY000915",169,62,107
"60QY000916",81,52,29
"60QY000917",64,38,26
"60QY000918",82,57,25
"60QY000919",79,60,19
"60QY000920",54,22,32
"60QY000921",88,30,58
"60QY000922",86,39,47
"60QY000923",80,64,16
"60QY000924",87,34,53
"60QY000925",91,27,64
"60QY000926",47,30,17
"60QY000927",59,18,41
"60QY000928",75,35,40
"60QY000929",86,42,44
"60QY000930",74,38,36
"60QY000931",53,29,24
"60QY000932",47,27,20
"60QY000933",41,19,22
"60QY000934",90,66,24
"60QY000935",83,46,37
"60QY000936",56,22,34
"60QY000937",99,27,72
"60QY000938",65,21,44
"60QY000939",94,31,63
"60QY000940",52,30,22
"60QY000941",74,23,51
"60QY000942",140,40,100
"60QY000943",148,118,30
"60QY000944",116,50,66
"60QY000945",72,46,26
"60QY000946",48,19,29
"60QY000947",142,49,93
"60QY000948",124,48,76
"60QY000949",129,37,92
"60QY000950",129,49,80
"60QY000951",42,16,26
"60QY000952",94,42,52
"60QY000953",49,29,20
"60QY000954",76,42,34
"60QY000955",109,40,69
"60QY000956",49,22,27
"60QY000957",99,40,59
"60QY000958",133,51,82
"60QY000959",58,38,20
"60QY000960",63,29,34
"60QY000961",143,74,69
"60QY000962",68,23,45
"60QY000963",125,43,82
"60QY000964",43,11,32
"60QY000965",116,48,68
"60QY000966",92,48,44
"60QY000967",51,27,24
"60QY000968",57,38,19
"60QY000969",95,51,44
"60QY000970",88,33,55
"60QY000971",69,35,34
"60QY000972",157,67,90
"60QY000973",53,11,42
"60QY000974",126,36,90
"60QY000975",104,37,67
"60QY000976",103,29,74
"60QY000977",123,33,90
"60QY000978",108,42,66
"60QY000979",153,70,83
"60QY000980",92,57,35
"60QY000981",71,42,29
"60QY000982",100,45,55
"60QY000983",59,37,22
"60QY000984",70,40,30
"60QY000985",158,81,77
"60QY000986",52,12,40
"60QY000987",124,40,84
"60QY000988",126,40,86
"60QY000989",133,37,96
"60QY000990",78,42,36
"60QY000991",92,36,56
"60QY000992",62,30,32
"60QY000993",94,44,50
"60QY000994",87,49,38
"60QY000995",49,35,14
"60QY000996",148,91,57
"60QY000997",157,54,103
"60QY000998",90,27,63
"60QY000999",125,37,88
"60QY001000",41,28,13
"60QY001001",130,90,40
"60QY001002",100,64,36
"60QY001003",83,54,29
"60QY001004",121,64,57
"60QY001005",52,43,9
"60QY001006",105,55,50
"60QY001007",99,26,73
"60QY001008",71,38,33
"60QY001009",66,50,16
"60QY001010",88,58,30
"60QY001011",110,74,36
"60QY001012",118,69,49
"60QY001013",52,12,40
"60QY001014",78,46,32
"60QY001015",89,45,44
"60QY001016",47,28,19
"60QY001017",119,62,57
"60QY001018",144,78,66
"60QY001019",56,43,13
"60QY001020",95,37,58
"60QY001021",117,25,92
"60QY001022",142,45,97
"60QY001023",67,35,32
"60QY001024",90,61,29
"60QY001025",97,28,69
"60QY001026",93,25,68
"60QY001027",92,42,50
"60QY001028",195,75,120
"60QY001029",64,47,17
"60QY001030",124,82,42
"60QY001031",82,42,40
"60QY001032",100,74,26
"60QY001033",48,42,6
"60QY001034",73,33,40
"60QY001035",62,44,18
"60QY001036",60,56,4
"60QY001037",66,48,18
"60QY001038",55,33,22
"60QY001039",76,36,40
"60QY001040",77,29,48
"60QY001041",131,68,63
"60QY001042",98,47,51
"60QY001043",62,28,34
"60QY001044",54,24,30
"60QY001045",91,24,67
"60QY001046",131,31,100
"60QY001047",120,42,78
"60QY001048",71,35,36
"60QY001049",75,47,28
"60QY001050",80,50,30
"60QY001051",59,39,20
"60QY001052",87,45,42
"60QY001053",168,123,45
"60QY001054",165,91,74
"60QY001055",180,54,126
"60QY001056",112,74,38
"60QY001057",46,26,20
"60QY001058",113,73,40
"60QY001059",100,54,46
"60QY001060",50,32,18
"60QY001061",111,45,66
"60QY001062",59,27,32
"60QY001063",112,59,53
"60QY001064",67,27,40
"60QY001065",98,38,60
"60QY001066",63,24,39
"60QY001067",125,96,29
"60QY001068",81,22,59
"60QY001069",99,27,72
"60QY001070",103,45,58
"60QY001071",89,47,42
"60QY001072",101,56,45
"60QY001073",53,27,26
"60QY001074",90,44,46
"60QY001075",89,37,52
"60QY001076",183,58,125
"60QY001077",94,22,72
"60QY001078",94,28,66
"60QY001079",101,31,70
"60QY001080",117,41,76
"60QY001081",86,61,25
"60QY001082",62,44,18
"60QY001083",108,58,50
"60QY001084",60,46,14
"60QY001085",160,69,91
"60QY001086",122,40,82
"60QY001087",82,34,48
"60QY001088",75,48,27
"60QY001089",54,28,26
"60QY001090",88,49,39
"60QY001091",46,29,17
"60QY001092",94,27,67
"60QY001093",93,40,53
"60QY001094",82,41,41
"60QY001095",73,33,40
"60QY001096",127,97,30
"60QY001097",82,49,33
"60QY001098",71,52,19
"60QY001099",154,77,77
"60QY001100",133,37,96
"60QY001101",126,89,37
"60QY001102",45,9,36
"60QY001103",92,48,44
"60QY001104",48,24,24
"60QY001105",91,50,41
"60QY001106",98,43,55
"60QY001107",188,102,86
"60QY001108",165,93,72
"60QY001109",123,37,86
"60QY001110",109,9,100
"60QY001111",151,44,107
"60QY001112",73,52,21
"60QY001113",91,15,76
"60QY001114",103,25,78
"60QY001115",155,79,76
"60QY001116",95,23,72
"60QY001117",141,35,106
"60QY001118",93,41,52
"60QY001119",129,69,60
"60QY001120",103,55,48
"60QY001121",120,32,88
"60QY001122",143,44,99
"60QY001123",105,41,64
"60QY001124",150,36,114
"60QY001125",128,34,94
"60QY001126",110,54,56
"60QY001127",87,52,35
"60QY001128",153,50,103
"60QY001129",130,51,79
"60QY001130",120,33,87
"60QY001131",115,37,78
"60QY001132",46,12,34
"60QZ000001",46,26,20
"60QZ000002",82,64,18
"60QZ000003",71,45,26
"60QZ000004",65,34,31
"60QZ000005",112,38,74
"60QZ000006",100,36,64
"60QZ000007",95,26,69
"60QZ000008",151,47,104
"60QZ000009",133,54,79
"60QZ000010",172,46,126
"60QZ000011",126,64,62
"60QZ000012",116,50,66
"60QZ000013",152,52,100
"60QZ000014",56,38,18
"60QZ000015",112,63,49
"60QZ000016",107,62,45
"60QZ000017",101,61,40
"60QZ000018",127,58,69
"60QZ000019",103,67,36
"60QZ000020",112,35,77
"60QZ000021",103,41,62
"60QZ000022",101,44,57
"60QZ000023",90,25,65
"60QZ000024",89,35,54
"60QZ000025",116,34,82
"60QZ000026",73,51,22
"60QZ000027",137,57,80
"60QZ000028",75,48,27
"60QZ000029",143,47,96
"60QZ000030",103,35,68
"60QZ000031",123,47,76
"60QZ000032",125,41,84
"60QZ000033",135,69,66
"60QZ000034",128,51,77
"60QZ000035",156,75,81
"60QZ000036",77,56,21
"60QZ000037",105,52,53
"60QZ000038",127,63,64
"60QZ000039",91,48,43
"60QZ000040",90,39,51
"60QZ000041",111,39,72
"60QZ000042",85,42,43
"60QZ000043",90,40,50
"60QZ000044",82,46,36
"60QZ000045",71,59,12
"60QZ000046",138,78,60
"60QZ000047",93,50,43
"60QZ000048",87,47,40
"60QZ000049",96,52,44
"60QZ000050",44,24,20
"60QZ000051",128,43,85
"60QZ000052",148,57,91
"60QZ000053",74,26,48
"60QZ000054",61,38,23
"60QZ000055",63,28,35
"60QZ000056",149,69,80
"60QZ000057",96,53,43
"60QZ000058",70,48,22
"60QZ000059",78,45,33
"60QZ000060",74,54,20
"60QZ000061",60,35,25
"60QZ000062",95,53,42
"60QZ000063",135,48,87
"60QZ000064",97,38,59
"60QZ000065",115,43,72
"60QZ000066",112,50,62
"60QZ000067",159,50,109
"60QZ000068",148,52,96
"60QZ000069",78,38,40
"60QZ000070",78,42,36
"60QZ000071",119,42,77
"60QZ000072",99,37,62
"60QZ000073",110,46,64
"60QZ000074",112,48,64
"60QZ000075",94,47,47
"60QZ000076",93,49,44
"60QZ000077",94,69,25
"60QZ000078",89,61,28
"60QZ000079",67,45,22
"60QZ000080",69,43,26
"60QZ000081",85,45,40
"60QZ000082",100,62,38
"60QZ000083",73,44,29
"60QZ000084",88,46,42
"60QZ000085",112,51,61
"60QZ000086",83,45,38
"60QZ000087",51,25,26
"60QZ000088",105,69,36
"60QZ000089",109,36,73
"60QZ000090",131,59,72
"60QZ000091",106,58,48
"60QZ000092",109,52,57
"60QZ000093",126,59,67
"60QZ000094",155,38,117
"60QZ000095",35,22,13
"60QZ000096",114,44,70
"60QZ000097",164,56,108
"60QZ000098",111,45,66
"60QZ000099",85,30,55
"60QZ000100",46,33,13
"60QZ000101",99,43,56
"60QZ000102",106,28,78
"60QZ000103",60,29,31
"60QZ000104",74,40,34
"60QZ000105",99,37,62
"60QZ000106",88,44,44
"60QZ000107",96,50,46
"60QZ000108",88,30,58
"60QZ000109",98,29,69
"60QZ000110",155,40,115
"60QZ000111",100,34,66
"60QZ000112",123,48,75
"60QZ000113",52,34,18
"60QZ000114",84,47,37
"60QZ000115",86,30,56
"60QZ000116",76,30,46
"60QZ000117",94,54,40
"60QZ000118",97,45,52
"60QZ000119",102,47,55
"60QZ000120",70,44,26
"60QZ000121",103,84,19
"60QZ000122",128,45,83
"60QZ000123",83,35,48
"60QZ000124",47,13,34
"60QZ000125",142,42,100
"60QZ000126",83,37,46
"60QZ000127",107,27,80
"60QZ000128",98,34,64
"60QZ000129",83,49,34
"60QZ000130",85,36,49
"60QZ000131",98,66,32
"60QZ000132",56,43,13
"60QZ000133",62,47,15
"60QZ000134",124,43,81
"60QZ000135",107,37,70
"60QZ000136",110,39,71
"60QZ000137",50,20,30
"60QZ000138",122,71,51
"60QZ000139",125,50,75
"60QZ000140",94,53,41
"60QZ000141",107,43,64
"60QZ000142",52,12,40
"60QZ000143",110,34,76
"60QZ000144",74,36,38
"60QZ000145",59,29,30
"60QZ000146",82,24,58
"60QZ000147",84,40,44
"60QZ000148",111,45,66
"60QZ000149",54,15,39
"60QZ000150",61,21,40
"60QZ000151",128,74,54
"60QZ000152",110,48,62
"60QZ000153",101,31,70
"60QZ000154",64,22,42
"60QZ000155",74,28,46
"60QZ000156",88,48,40
"60QZ000157",71,35,36
"60QZ000158",137,87,50
"60QZ000159",71,37,34
"60QZ000160",109,43,66
"60QZ000161",135,52,83
"60QZ000162",43,21,22
"60QZ000163",235,143,92
"60QZ000164",173,59,114
"60QZ000165",153,54,99
"60QZ000166",131,53,78
"60QZ000167",109,57,52
"60QZ000168",61,53,8
"60QZ000169",65,55,10
"60QZ000170",74,68,6
"60QZ000171",71,54,17
"60QZ000172",66,54,12
"60QZ000173",103,73,30
"60QZ000174",48,36,12
"60QZ000175",78,68,10
"60QZ000176",99,67,32
"60QZ000177",89,50,39
"60QZ000178",98,34,64
"60QZ000179",167,66,101
"60QZ000180",102,58,44
"60QZ000181",110,38,72
"60QZ000182",87,45,42
"60QZ000183",113,47,66
"60QZ000184",159,52,107
"60QZ000185",69,55,14
"60QZ000186",101,69,32
"60QZ000187",138,54,84
"60QZ000188",126,70,56
"60QZ000189",60,24,36
"60QZ000190",58,38,20
"60QZ000191",81,57,24
"60QZ000192",99,33,66
"60QZ000193",118,47,71
"60QZ000194",142,100,42
"60QZ000195",99,51,48
"60QZ000196",137,64,73
"60QZ000197",126,60,66
"60QZ000198",90,28,62
"60QZ000199",147,43,104
"60QZ000200",90,47,43
"60QZ000201",128,44,84
"60QZ000202",128,64,64
"60QZ000203",94,52,42
"60QZ000204",99,49,50
"60QZ000205",189,94,95
"60QZ000206",134,63,71
"60QZ000207",101,53,48
"60QZ000208",172,92,80
"60QZ000209",49,49,0
"60QZ000210",117,68,49
"60QZ000211",141,69,72
"60QZ000212",120,62,58
"60QZ000213",88,53,35
"60QZ000214",114,56,58
"60QZ000215",123,79,44
"60QZ000216",88,59,29
"60QZ000217",142,70,72
"60QZ000218",100,64,36
"60QZ000219",103,71,32
"60QZ000220",120,66,54
"60QZ000221",86,53,33
"60QZ000222",88,64,24
"60QZ000223",69,37,32
"60QZ000224",82,57,25
"60QZ000225",71,41,30
"60QZ000226",91,51,40
"60QZ000227",66,43,23
"60QZ000228",65,46,19
"60QZ000229",61,47,14
"60QZ000230",133,55,78
"60QZ000231",92,36,56
"60QZ000232",107,47,60
"60QZ000233",106,50,56
"60QZ000234",166,85,81
"60QZ000235",128,71,57
"60QZ000236",153,71,82
"60QZ000237",160,102,58
"60QZ000238",81,47,34
"60QZ000239",68,34,34
"60QZ000240",227,134,93
"60QZ000241",105,46,59
"60QZ000242",97,39,58
"60QZ000243",93,49,44
"60QZ000244",99,37,62
"60QZ000245",87,43,44
"60QZ000246",68,37,31
"60QZ000247",93,47,46
"60QZ000248",130,62,68
"60QZ000249",77,43,34
"60QZ000250",71,43,28
"60QZ000251",125,80,45
"60QZ000252",139,77,62
"60QZ000253",139,67,72
"60QZ000254",60,30,30
"60QZ000255",93,28,65
"60QZ000256",153,75,78
"60QZ000257",101,47,54
"60QZ000258",118,57,61
"60QZ000259",133,55,78
"60QZ000260",84,39,45
"60QZ000261",114,48,66
"60QZ000262",118,68,50
"60QZ000263",91,46,45
"60QZ000264",82,36,46
"60QZ000265",130,89,41
"60QZ000266",101,67,34
"60QZ000267",87,61,26
"60QZ000268",100,54,46
"60QZ000269",81,42,39
"60QZ000270",159,77,82
"60QZ000271",117,55,62
"60QZ000272",146,91,55
"60QZ000273",91,49,42
"60QZ000274",138,62,76
"60QZ000275",112,67,45
"60QZ000276",122,64,58
"60QZ000277",131,53,78
"60QZ000278",120,28,92
"60QZ000279",135,72,63
"60QZ000280",122,63,59
"60QZ000281",119,45,74
"60QZ000282",128,38,90
"60QZ000283",174,53,121
"60QZ000284",168,59,109
"60QZ000285",129,34,95
"60QZ000286",106,33,73
"60QZ000287",83,27,56
"60QZ000288",116,61,55
"60QZ000289",78,48,30
"60QZ000290",115,63,52
"60QZ000291",71,56,15
"60QZ000292",144,55,89
"60QZ000293",134,62,72
"60QZ000294",108,55,53
"60QZ000295",106,52,54
"60QZ000296",90,50,40
"60QZ000297",81,49,32
"60QZ000298",89,47,42
"60QZ000299",96,44,52
"60QZ000300",108,76,32
"60QZ000301",92,42,50
"60QZ000302",97,42,55
"60QZ000303",95,47,48
"60QZ000304",85,53,32
"60QZ000305",71,49,22
"60QZ000306",77,41,36
"60QZ000307",71,51,20
"60QZ000308",98,68,30
"60QZ000309",84,46,38
"60QZ000310",83,39,44
"60QZ000311",117,52,65
"60QZ000312",146,50,96
"60QZ000313",79,21,58
"60QZ000314",104,34,70
"60QZ000315",133,45,88
"60QZ000316",101,31,70
"60QZ000317",149,52,97
"60QZ000318",98,67,31
"60QZ000319",88,40,48
"60QZ000320",80,38,42
"60QZ000321",104,48,56
"60QZ000322",98,49,49
"60QZ000323",75,45,30
"60QZ000324",139,65,74
"60QZ000325",158,72,86
"60QZ000326",75,57,18
"60QZ000327",103,40,63
"60QZ000328",150,59,91
"60QZ000329",98,54,44
"60QZ000330",123,45,78
"60QZ000331",97,35,62
"60QZ000332",84,60,24
"60QZ000333",66,55,11
"60QZ000334",124,79,45
"60QZ000335",89,59,30
"60QZ000336",108,62,46
"60QZ000337",96,59,37
"60QZ000338",86,42,44
"60QZ000339",95,53,42
"60QZ000340",128,53,75
"60QZ000341",146,58,88
"60QZ000342",91,45,46
"60QZ000343",120,69,51
"60QZ000344",117,65,52
"60QZ000345",109,54,55
"60QZ000346",121,61,60
"60QZ000347",80,38,42
"60QZ000348",92,41,51
"60QZ000349",51,39,12
"60QZ000350",53,44,9
"60QZ000351",70,49,21
"60QZ000352",104,69,35
"60QZ000353",82,36,46
"60QZ000354",156,88,68
"60QZ000355",65,57,8
"60QZ000356",125,77,48
"60QZ000357",73,51,22
"60QZ000358",72,61,11
"60QZ000359",53,38,15
"60QZ000360",95,43,52
"60QZ000361",53,33,20
"60QZ000362",79,41,38
"60QZ000363",92,48,44
"60QZ000364",166,70,96
"60QZ000365",119,73,46
"60QZ000366",96,42,54
"60QZ000367",132,62,70
"60QZ000368",133,55,78
"60QZ000369",106,53,53
"60QZ000370",112,68,44
"60QZ000371",113,72,41
"60QZ000372",87,62,25
"60QZ000373",83,51,32
"60QZ000374",122,74,48
"60QZ000375",89,57,32
"60QZ000376",105,57,48
"60QZ000377",83,46,37
"60QZ000378",94,44,50
"60QZ000379",78,44,34
"60QZ000380",97,43,54
"60QZ000381",103,34,69
"60QZ000382",95,45,50
"60QZ000383",94,48,46
"60QZ000384",151,72,79
"60QZ000385",117,87,30
"60QZ000386",70,52,18
"60QZ000387",101,49,52
"60QZ000388",68,40,28
"60QZ000389",69,43,26
"60QZ000390",85,55,30
"60QZ000391",115,72,43
"60QZ000392",93,48,45
"60QZ000393",136,68,68
"60QZ000394",93,37,56
"60QZ000395",77,43,34
"60QZ000396",72,44,28
"60QZ000397",91,43,48
"60QZ000398",182,88,94
"60QZ000399",190,85,105
"60QZ000400",176,65,111
"60QZ000401",180,65,115
"60QZ000402",109,49,60
"60QZ000403",176,90,86
"60QZ000404",142,84,58
"60QZ000405",55,44,11
"60QZ000406",98,56,42
"60QZ000407",77,45,32
"60QZ000408",134,71,63
"60QZ000409",98,27,71
"60QZ000410",98,28,70
"60QZ000411",136,48,88
"60QZ000412",124,71,53
"60QZ000413",68,52,16
"60QZ000414",48,30,18
"60QZ000415",68,50,18
"60QZ000416",61,17,44
"60QZ000417",101,64,37
"60QZ000418",57,33,24
"60QZ000419",63,53,10
"60QZ000420",122,74,48
"60QZ000421",84,52,32
"60QZ000422",72,38,34
"60QZ000423",166,83,83
"60QZ000424",130,69,61
"60QZ000425",112,60,52
"60QZ000426",72,42,30
"60QZ000427",122,54,68
"60QZ000428",86,40,46
"60QZ000429",115,33,82
"60QZ000430",56,45,11
"60QZ000431",61,32,29
"60QZ000432",81,29,52
"60QZ000433",133,48,85
"60QZ000434",128,52,76
"60QZ000435",145,46,99
"60QZ000436",121,55,66
"60QZ000437",140,74,66
"60QZ000438",68,48,20
"60QZ000439",65,44,21
"60QZ000440",112,79,33
"60QZ000441",123,79,44
"60QZ000442",97,62,35
"60QZ000443",106,72,34
"60QZ000444",51,29,22
"60QZ000445",78,38,40
"60QZ000446",61,35,26
"60QZ000447",137,74,63
"60QZ000448",113,59,54
"60QZ000449",122,65,57
"60QZ000450",107,53,54
"60QZ000451",132,70,62
"60QZ000452",117,59,58
"60QZ000453",117,77,40
"60QZ000454",83,53,30
"60QZ000455",81,59,22
"60QZ000456",119,61,58
"60QZ000457",84,53,31
"60QZ000458",60,42,18
"60QZ000459",105,65,40
"60QZ000460",76,40,36
"60QZ000461",86,49,37
"60QZ000462",145,59,86
"60QZ000463",130,78,52
"60QZ000464",121,80,41
"60QZ000465",84,52,32
"60QZ000466",89,57,32
"60QZ000467",65,37,28
"60QZ000468",148,77,71
"60QZ000469",88,54,34
"60QZ000470",134,52,82
"60QZ000471",135,76,59
"60QZ000472",141,71,70
"60QZ000473",81,39,42
"60QZ000474",111,61,50
"60QZ000475",78,28,50
"60QZ000476",114,49,65
"60QZ000477",91,45,46
"60QZ000478",92,54,38
"60QZ000479",132,76,56
"60QZ000480",75,45,30
"60QZ000481",149,68,81
"60QZ000482",111,49,62
"60QZ000483",95,71,24
"60QZ000484",109,56,53
"60QZ000485",75,40,35
"60QZ000486",131,61,70
"60QZ000487",80,41,39
"60QZ000488",114,42,72
"60QZ000489",86,34,52
"60QZ000490",136,80,56
"60QZ000491",97,53,44
"60QZ000492",106,57,49
"60QZ000493",120,62,58
"60QZ000494",99,53,46
"60QZ000495",123,63,60
"60QZ000496",88,43,45
"60QZ000497",69,32,37
"60QZ000498",85,56,29
"60QZ000499",105,47,58
"60QZ000500",90,51,39
"60QZ000501",92,64,28
"60QZ000502",79,41,38
"60QZ000503",87,48,39
"60QZ000504",104,52,52
"60QZ000505",89,46,43
"60QZ000506",111,45,66
"60QZ000507",100,39,61
"60QZ000508",133,54,79
"60QZ000509",96,45,51
"60QZ000510",86,65,21
"60QZ000511",114,77,37
"60QZ000512",138,42,96
"60QZ000513",126,42,84
"60QZ000514",88,37,51
"60QZ000515",150,79,71
"60QZ000516",96,52,44
"60QZ000517",74,46,28
"60QZ000518",133,55,78
"60QZ000519",86,44,42
"60QZ000520",113,63,50
"60QZ000521",87,39,48
"60QZ000522",84,36,48
"60QZ000523",109,69,40
"60QZ000524",63,42,21
"60QZ000525",105,62,43
"60QZ000526",85,68,17
"60QZ000527",135,88,47
"60QZ000528",84,44,40
"60QZ000529",101,67,34
"60QZ000530",95,51,44
"60QZ000531",97,35,62
"60QZ000532",118,63,55
"60QZ000533",100,35,65
"60QZ000534",96,52,44
"60QZ000535",89,45,44
"60QZ000536",80,32,48
"60QZ000537",132,46,86
"60QZ000538",132,61,71
"60QZ000539",151,63,88
"60QZ000540",132,65,67
"60QZ000541",79,46,33
"60QZ000542",94,44,50
"60QZ000543",156,81,75
"60QZ000544",128,71,57
"60QZ000545",68,44,24
"60QZ000546",98,43,55
"60QZ000547",100,45,55
"60QZ000548",132,67,65
"60QZ000549",118,71,47
"60QZ000550",127,49,78
"60QZ000551",107,42,65
"60QZ000552",104,46,58
"60QZ000553",110,42,68
"60QZ000554",106,30,76
"60QZ000555",94,32,62
"60QZ000556",122,36,86
"60QZ000557",138,52,86
"60QZ000558",115,42,73
"60QZ000559",92,51,41
"60QZ000560",145,68,77
"60QZ000561",177,107,70
"60QZ000562",141,59,82
"60QZ000563",97,29,68
"60QZ000564",111,51,60
"60QZ000565",102,64,38
"60QZ000566",65,31,34
"60QZ000567",72,49,23
"60QZ000568",58,36,22
"60QZ000569",52,32,20
"60QZ000570",80,64,16
"60QZ000571",75,51,24
"60QZ000572",82,60,22
"60QZ000573",140,85,55
"60QZ000574",136,106,30
"60QZ000575",60,46,14
"60QZ000576",76,52,24
"60QZ000577",73,53,20
"60QZ000578",94,50,44
"60QZ000579",68,40,28
"60QZ000580",71,45,26
"60QZ000581",88,65,23
"60QZ000582",106,33,73
"60QZ000583",85,48,37
"60QZ000584",80,43,37
"60QZ000585",135,51,84
"60QZ000586",134,85,49
"60QZ000587",96,61,35
"60QZ000588",97,27,70
"60QZ000589",136,79,57
"60QZ000590",130,62,68
"60QZ000591",119,73,46
"60QZ000592",128,71,57
"60QZ000593",114,58,56
"60QZ000594",129,77,52
"60QZ000595",50,18,32
"60QZ000596",142,92,50
"60QZ000597",177,79,98
"60QZ000598",107,49,58
"60QZ000599",102,48,54
"60QZ000600",154,83,71
"60QZ000601",144,58,86
"60QZ000602",151,70,81
"60QZ000603",112,51,61
"60QZ000604",84,48,36
"60QZ000605",102,54,48
"60QZ000606",90,48,42
"60QZ000607",95,39,56
"60QZ000608",78,45,33
"60QZ000609",90,82,8
"60QZ000610",132,71,61
"60QZ000611",127,79,48
"60QZ000612",80,32,48
"60QZ000613",90,63,27
"60QZ000614",99,56,43
"60QZ000615",137,65,72
"60QZ000616",146,77,69
"60QZ000617",137,72,65
"60QZ000618",120,63,57
"60QZ000619",149,74,75
"60QZ000620",102,63,39
"60QZ000621",63,38,25
"60QZ000622",126,59,67
"60QZ000623",86,42,44
"60QZ000624",98,62,36
"60QZ000625",76,48,28
"60QZ000626",113,68,45
"60QZ000627",68,25,43
"60QZ000628",101,49,52
"60QZ000629",89,37,52
"60QZ000630",62,38,24
"60QZ000631",95,39,56
"60QZ000632",180,91,89
"60QZ000633",97,57,40
"60QZ000634",139,47,92
"60QZ000635",76,38,38
"60QZ000636",88,43,45
"60QZ000637",150,62,88
"60QZ000638",104,53,51
"60QZ000639",103,62,41
"60QZ000640",70,50,20
"60QZ000641",120,52,68
"60QZ000642",85,47,38
"60QZ000643",129,39,90
"60QZ000644",121,71,50
"60QZ000645",75,63,12
"60QZ000646",82,66,16
"60QZ000647",72,66,6
"60QZ000648",91,71,20
"60QZ000649",105,57,48
"60QZ000650",90,48,42
"60QZ000651",88,46,42
"60QZ000652",108,50,58
"60QZ000653",71,41,30
"60QZ000654",91,50,41
"60QZ000655",97,45,52
"60QZ000656",69,35,34
"60QZ000657",58,38,20
"60QZ000658",155,60,95
"60QZ000659",150,74,76
"60QZ000660",71,24,47
"60QZ000661",91,46,45
"60QZ000662",137,63,74
"60QZ000663",37,21,16
"60QZ000664",104,44,60
"60QZ000665",156,80,76
"60QZ000666",84,27,57
"60QZ000667",150,72,78
"60QZ000668",99,54,45
"60QZ000669",160,67,93
"60QZ000670",70,38,32
"60QZ000671",78,30,48
"60QZ000672",100,57,43
"60QZ000673",72,60,12
"60QZ000674",62,46,16
"60QZ000675",75,59,16
"60QZ000676",119,50,69
"60QZ000677",133,54,79
"60QZ000678",112,55,57
"60QZ000679",162,74,88
"60QZ000680",55,41,14
"60QZ000681",116,94,22
"60QZ000682",118,78,40
"60QZ000683",115,78,37
"60QZ000684",168,70,98
"60QZ000685",115,58,57
"60QZ000686",93,75,18
"60QZ000687",119,85,34
"60QZ000688",78,62,16
"60QZ000689",47,39,8
"60QZ000690",72,46,26
"60QZ000691",144,74,70
"60QZ000692",135,78,57
"60QZ000693",151,60,91
"60QZ000694",139,75,64
"60QZ000695",87,40,47
"60QZ000696",93,34,59
"60QZ000697",78,42,36
"60QZ000698",131,68,63
"60QZ000699",112,70,42
"60QZ000700",72,56,16
"60QZ000701",60,41,19
"60QZ000702",72,42,30
"60QZ000703",55,35,20
"60QZ000704",81,49,32
"60QZ000705",57,39,18
"60QZ000706",94,70,24
"60QZ000707",81,53,28
"60QZ000708",127,83,44
"60QZ000709",87,59,28
"60QZ000710",106,57,49
"60QZ000711",66,36,30
"60QZ000712",90,63,27
"60QZ000713",87,58,29
"60QZ000714",128,61,67
"60QZ000715",136,68,68
"60QZ000716",66,31,35
"60QZ000717",93,49,44
"60QZ000718",101,46,55
"60QZ000719",57,41,16
"60QZ000720",51,31,20
"60QZ000721",52,48,4
"60QZ000722",111,77,34
"60QZ000723",64,46,18
"60QZ000724",101,47,54
"60QZ000725",127,64,63
"60QZ000726",133,95,38
"60QZ000727",166,96,70
"60QZ000728",84,36,48
"60QZ000729",151,75,76
"60QZ000730",106,48,58
"60QZ000731",100,45,55
"60QZ000732",143,82,61
"60QZ000733",141,63,78
"60QZ000734",108,44,64
"60QZ000735",92,52,40
"60QZ000736",140,77,63
"60QZ000737",108,49,59
"60QZ000738",129,63,66
"60QZ000739",127,60,67
"60QZ000740",104,68,36
"60QZ000741",73,59,14
"60QZ000742",99,40,59
"60QZ000743",86,46,40
"60QZ000744",188,96,92
"60QZ000745",107,37,70
"60QZ000746",54,34,20
"60QZ000747",96,52,44
"60QZ000748",89,67,22
"60QZ000749",124,52,72
"60QZ000750",162,76,86
"60QZ000751",129,64,65
"60QZ000752",97,43,54
"60QZ000753",89,53,36
"60QZ000754",95,66,29
"60QZ000755",82,53,29
"60QZ000756",78,42,36
"60QZ000757",82,46,36
"60QZ000758",85,47,38
"60QZ000759",146,73,73
"60QZ000760",125,63,62
"60QZ000761",70,43,27
"60QZ000762",127,56,71
"60QZ000763",106,61,45
"60QZ000764",107,53,54
"60QZ000765",50,42,8
"60QZ000766",75,41,34
"60QZ000767",122,75,47
"60QZ000768",109,61,48
"60QZ000769",82,43,39
"60QZ000770",92,50,42
"60QZ000771",98,46,52
"60QZ000772",130,66,64
"60QZ000773",116,53,63
"60QZ000774",154,70,84
"60QZ000775",111,68,43
"60QZ000776",165,87,78
"60QZ000777",94,48,46
"60QZ000778",168,89,79
"60QZ000779",96,51,45
"60QZ000780",126,74,52
"60QZ000781",51,37,14
"60QZ000782",54,40,14
"60QZ000783",110,77,33
"60QZ000784",52,35,17
"60QZ000785",58,44,14
"60QZ000786",103,31,72
"60QZ000787",112,42,70
"60QZ000788",94,36,58
"60QZ000789",107,55,52
"60QZ000790",127,57,70
"60QZ000791",77,41,36
"60QZ000792",105,33,72
"60QZ000793",171,51,120
"60QZ000794",103,43,60
"60QZ000795",101,55,46
"60QZ000796",76,33,43
"60QZ000797",68,42,26
"60QZ000798",106,53,53
"60QZ000799",76,43,33
"60QZ000800",93,57,36
"60QZ000801",94,42,52
"60QZ000802",67,47,20
"60QZ000803",99,58,41
"60QZ000804",125,51,74
"60QZ000805",90,40,50
"60QZ000806",122,50,72
"60QZ000807",104,42,62
"60QZ000808",129,47,82
"60QZ000809",86,43,43
"60QZ000810",106,54,52
"60QZ000811",91,41,50
"60QZ000812",127,65,62
"60QZ000813",91,35,56
"60QZ000814",117,48,69
"60QZ000815",99,51,48
"60QZ000816",123,67,56
"60QZ000817",121,75,46
"60QZ000818",91,55,36
"60QZ000819",75,49,26
"60QZ000820",70,43,27
"60QZ000821",91,53,38
"60QZ000822",125,87,38
"60QZ000823",124,74,50
"60QZ000824",137,83,54
"60QZ000825",100,60,40
"60QZ000826",124,66,58
"60QZ000827",87,65,22
"60QZ000828",114,87,27
"60QZ000829",72,44,28
"60QZ000830",95,55,40
"60QZ000831",89,46,43
"60QZ000832",82,40,42
"60QZ000833",76,39,37
"60QZ000834",90,44,46
"60QZ000835",104,49,55
"60QZ000836",94,60,34
"60QZ000837",90,56,34
"60QZ000838",84,45,39
"60QZ000839",70,38,32
"60QZ000840",87,49,38
"60QZ000841",89,41,48
"60QZ000842",82,28,54
"60QZ000843",105,43,62
"60QZ000844",99,55,44
"60QZ000845",97,48,49
"60QZ000846",104,35,69
"60QZ000847",149,104,45
"60QZ000848",149,72,77
"60QZ000849",96,36,60
"60QZ000850",66,32,34
"60QZ000851",48,6,42
"60QZ000852",108,53,55
"60QZ000853",92,34,58
"60QZ000854",53,27,26
"60QZ000855",132,57,75
"60QZ000856",129,41,88
"60QZ000857",149,66,83
"60QZ000858",108,58,50
"60QZ000859",126,38,88
"60QZ000860",121,45,76
"60QZ000861",89,37,52
"60QZ000862",159,67,92
"60QZ000863",58,35,23
"60QZ000864",59,39,20
"60QZ000865",70,41,29
"60QZ000866",103,61,42
"60QZ000867",133,92,41
"60QZ000868",127,68,59
"60QZ000869",127,62,65
"60QZ000870",109,32,77
"60QZ000871",61,15,46
"60QZ000872",108,72,36
"60QZ000873",65,46,19
"60QZ000874",133,67,66
"60QZ000875",69,29,40
"60QZ000876",76,48,28
"60QZ000877",65,47,18
"60QZ000878",75,55,20
"60QZ000879",63,49,14
"60QZ000880",84,50,34
"60QZ000881",84,52,32
"60QZ000882",57,33,24
"60QZ000883",96,50,46
"60QZ000884",117,47,70
"60QZ000885",102,64,38
"60QZ000886",56,34,22
"60QZ000887",85,57,28
"60QZ000888",119,43,76
"60QZ000889",97,41,56
"60QZ000890",117,50,67
"60QZ000891",100,47,53
"60QZ000892",98,34,64
"60QZ000893",102,37,65
"60QZ000894",92,28,64
"60QZ000895",105,31,74
"60QZ000896",120,21,99
"60QZ000897",87,21,66
"60QZ000898",169,53,116
"60QZ000899",97,31,66
"60QZ000900",97,26,71
"60QZ000901",98,35,63
"60QZ000902",95,31,64
"60QZ000903",91,39,52
"60QZ000904",120,52,68
"60QZ000905",135,50,85
"60QZ000906",82,35,47
"60QZ000907",140,55,85
"60QZ000908",83,27,56
"60QZ000909",115,37,78
"60QZ000910",90,44,46
"60QZ000911",99,47,52
"60QZ000912",103,27,76
"60QZ000913",102,30,72
"60QZ000914",83,18,65
"60QZ000915",111,51,60
"60QZ000916",66,28,38
"60QZ000917",43,19,24
"60QZ000918",99,45,54
"60QZ000919",69,27,42
"60QZ000920",150,83,67
"60QZ000921",100,74,26
"60QZ000922",71,39,32
"60QZ000923",106,56,50
"60QZ000924",76,54,22
"60QZ000925",94,60,34
"60QZ000926",125,58,67
"60QZ000927",98,50,48
"60QZ000928",151,81,70
"60QZ000929",134,70,64
"60QZ000930",98,40,58
"60QZ000931",102,50,52
"60QZ000932",104,65,39
"60QZ000933",156,77,79
"60QZ000934",113,71,42
"60QZ000935",106,59,47
"60QZ000936",88,44,44
"60QZ000937",86,34,52
"60QZ000938",134,64,70
"60QZ000939",124,59,65
"60QZ000940",101,51,50
"60QZ000941",115,62,53
"60QZ000942",94,46,48
"60QZ000943",136,76,60
"60QZ000944",119,68,51
"60QZ000945",82,42,40
"60QZ000946",105,52,53
"60QZ000947",82,51,31
"60QZ000948",73,41,32
"60QZ000949",96,59,37
"60QZ000950",146,74,72
"60QZ000951",111,56,55
"60QZ000952",93,53,40
"60QZ000953",101,49,52
"60QZ000954",84,37,47
"60QZ000955",63,37,26
"60QZ000956",103,53,50
"60QZ000957",79,45,34
"60QZ000958",112,51,61
"60QZ000959",55,47,8
"60QZ000960",82,62,20
"60QZ000961",117,80,37
"60QZ000962",74,58,16
"60QZ000963",95,65,30
"60QZ000964",67,45,22
"60QZ000965",72,56,16
"60QZ000966",98,54,44
"60QZ000967",68,46,22
"60QZ000968",74,51,23
"60QZ000969",74,40,34
"60QZ000970",57,37,20
"60QZ000971",128,50,78
"60QZ000972",93,53,40
"60QZ000973",67,42,25
"60QZ000974",113,77,36
"60QZ000975",114,56,58
"60QZ000976",156,62,94
"60QZ000977",117,47,70
"60QZ000978",87,43,44
"60QZ000979",94,59,35
"60QZ000980",109,24,85
"60QZ000981",108,60,48
"60QZ000982",90,67,23
"60QZ000983",160,88,72
"60QZ000984",129,49,80
"60QZ000985",143,74,69
"60QZ000986",136,62,74
"60QZ000987",120,70,50
"60QZ000988",128,70,58
"60QZ000989",77,47,30
"60QZ000990",155,66,89
"60QZ000991",85,64,21
"60QZ000992",93,61,32
"60QZ000993",139,83,56
"60QZ000994",67,41,26
"60QZ000995",78,50,28
"60QZ000996",91,49,42
"60QZ000997",86,44,42
"60QZ000998",118,63,55
"60QZ000999",122,43,79
"60QZ001000",127,67,60
"60QZ001001",68,54,14
"60QZ001002",113,69,44
"60QZ001003",115,69,46
"60QZ001004",109,57,52
"60QZ001005",107,51,56
"60QZ001006",134,83,51
"60QZ001007",101,39,62
"60QZ001008",112,26,86
"60QZ001009",66,31,35
"60QZ001010",61,37,24
"60QZ001011",95,36,59
"60QZ001012",75,42,33
"60QZ001013",111,57,54
"60QZ001014",99,41,58
"60QZ001015",124,56,68
"60QZ001016",103,56,47
"60QZ001017",113,55,58
"60QZ001018",79,39,40
"60QZ001019",154,80,74
"60QZ001020",124,65,59
"60QZ001021",94,49,45
"60QZ001022",120,60,60
"60QZ001023",105,49,56
"60QZ001024",140,79,61
"60QZ001025",76,42,34
"60QZ001026",91,42,49
"60QZ001027",98,61,37
"60QZ001028",99,65,34
"60QZ001029",55,39,16
"60QZ001030",148,72,76
"60QZ001031",145,70,75
"60QZ001032",143,73,70
"60QZ001033",126,67,59
"60QZ001034",86,62,24
"60QZ001035",88,37,51
"60QZ001036",81,49,32
"60QZ001037",110,50,60
"60QZ001038",155,68,87
"60QZ001039",138,68,70
"60QZ001040",146,75,71
"60QZ001041",135,53,82
"60QZ001042",115,73,42
"60QZ001043",153,57,96
"60QZ001044",93,53,40
"60QZ001045",107,48,59
"60QZ001046",70,42,28
"60QZ001047",122,65,57
"60QZ001048",113,63,50
"60QZ001049",116,52,64
"60QZ001050",70,45,25
"60QZ001051",85,35,50
"60QZ001052",90,44,46
"60QZ001053",100,56,44
"60QZ001054",93,46,47
"60QZ001055",98,61,37
"60QZ001056",57,37,20
"60QZ001057",75,41,34
"60QZ001058",39,25,14
"60QZ001059",59,33,26
"60QZ001060",79,44,35
"60QZ001061",149,56,93
"60QZ001062",65,43,22
"60QZ001063",80,44,36
"60QZ001064",109,51,58
"60QZ001065",132,61,71
"60QZ001066",96,63,33
"60QZ001067",119,58,61
"60QZ001068",103,48,55
"60QZ001069",97,49,48
"60QZ001070",117,57,60
"60QZ001071",68,26,42
"60QZ001072",107,51,56
"60QZ001073",139,43,96
"60QZ001074",91,45,46
"60QZ001075",77,39,38
"60QZ001076",94,42,52
"60QZ001077",86,42,44
"60QZ001078",91,53,38
"60QZ001079",157,76,81
"60QZ001080",101,56,45
"60QZ001081",87,59,28
"60QZ001082",73,45,28
"60QZ001083",143,82,61
"60QZ001084",110,58,52
"60QZ001085",64,34,30
"60QZ001086",94,39,55
"60QZ001087",78,37,41
"60QZ001088",93,57,36
"60QZ001089",126,63,63
"60QZ001090",107,63,44
"60QZ001091",105,60,45
"60QZ001092",96,56,40
"60QZ001093",106,48,58
"60QZ001094",104,46,58
"60QZ001095",97,47,50
"60QZ001096",96,60,36
"60QZ001097",78,44,34
"60QZ001098",115,57,58
"60QZ001099",97,49,48
"60QZ001100",92,58,34
"60QZ001101",90,44,46
"60QZ001102",96,56,40
"60QZ001103",90,48,42
"60QZ001104",96,41,55
"60QZ001105",87,43,44
"60QZ001106",79,37,42
"60QZ001107",92,65,27
"60QZ001108",89,57,32
"60QZ001109",75,61,14
"60QZ001110",85,63,22
"60QZ001111",58,36,22
"60QZ001112",82,61,21
"60QZ001113",86,48,38
"60QZ001114",75,45,30
"60QZ001115",158,68,90
"60QZ001116",136,79,57
"60QZ001117",96,36,60
"60QZ001118",100,54,46
"60QZ001119",96,44,52
"60QZ001120",84,37,47
"60QZ001121",138,49,89
"60QZ001122",152,51,101
"60QZ001123",144,44,100
"60QZ001124",91,21,70
"60QZ001125",109,48,61
"60QZ001126",144,51,93
"60QZ001127",126,45,81
"60QZ001128",104,32,72
"60QZ001129",95,34,61
"60QZ001130",130,38,92
"60QZ001131",103,29,74
"60QZ001132",81,23,58
"60QZ001133",88,50,38
"60QZ001134",93,32,61
"60QZ001135",101,50,51
"60QZ001136",110,62,48
"60QZ001137",128,71,57
"60QZ001138",73,37,36
"60QZ001139",111,40,71
"60QZ001140",85,38,47
"60QZ001141",94,33,61
"60QZ001142",184,58,126
"60QZ001143",58,26,32
"60QZ001144",82,30,52
"60QZ001145",127,42,85
"60QZ001146",115,51,64
"60QZ001147",128,39,89
"60QZ001148",103,47,56
"60QZ001149",96,44,52
"60QZ001150",97,47,50
"60QZ001151",123,65,58
"60QZ001152",104,66,38
"60QZ001153",82,63,19
"60QZ001154",119,59,60
"60QZ001155",133,73,60
"60QZ001156",64,42,22
"60QZ001157",63,45,18
"60QZ001158",100,51,49
"60QZ001159",61,37,24
"60QZ001160",68,50,18
"60QZ001161",83,58,25
"60QZ001162",77,52,25
"60QZ001163",102,28,74
"60QZ001164",125,48,77
"60QZ001165",137,50,87
"60QZ001166",60,22,38
"60QZ001167",81,59,22
"60QZ001168",97,75,22
"60QZ001169",44,12,32
"60QZ001170",110,62,48
"60QZ001171",73,55,18
"60QZ001172",90,62,28
"60QZ001173",71,51,20
"60QZ001174",60,45,15
"60QZ001175",65,41,24
"60QZ001176",104,75,29
"60QZ001177",71,50,21
"60QZ001178",77,49,28
"60QZ001179",64,41,23
"60QZ001180",92,51,41
"60QZ001181",128,88,40
"60QZ001182",121,55,66
"60QZ001183",84,54,30
"60QZ001184",96,55,41
"60QZ001185",71,58,13
"60QZ001186",87,62,25
"60QZ001187",95,55,40
"60QZ001188",64,42,22
"60QZ001189",146,79,67
"60QZ001190",111,62,49
"60QZ001191",61,43,18
"60QZ001192",78,52,26
"60QZ001193",72,50,22
"60QZ001194",55,50,5
"60QZ001195",96,68,28
"60QZ001196",129,78,51
"60QZ001197",100,51,49
"60QZ001198",122,77,45
"60QZ001199",85,53,32
"60QZ001200",86,42,44
"60QZ001201",100,70,30
"60QZ001202",122,75,47
"60QZ001203",85,43,42
"60QZ001204",93,41,52
"60QZ001205",100,56,44
"60QZ001206",83,43,40
"60QZ001207",141,59,82
"60QZ001208",106,64,42
"60QZ001209",109,45,64
"60QZ001210",115,51,64
"60QZ001211",92,26,66
"60QZ001212",103,58,45
"60QZ001213",85,18,67
"60QZ001214",77,35,42
"60QZ001215",137,61,76
"60QZ001216",79,29,50
"60QZ001217",96,47,49
"60QZ001218",82,37,45
"60QZ001219",81,56,25
"60QZ001220",131,62,69
"60QZ001221",85,39,46
"60QZ001222",70,29,41
"60QZ001223",96,41,55
"60QZ001224",90,36,54
"60QZ001225",118,40,78
"60QZ001226",91,39,52
"60QZ001227",77,27,50
"60QZ001228",90,32,58
"60QZ001229",128,55,73
"60QZ001230",116,64,52
"60QZ001231",131,59,72
"60QZ001232",86,35,51
"60QZ001233",76,45,31
"60QZ001234",108,53,55
"60QZ001235",65,31,34
"60QZ001236",134,59,75
"60QZ001237",81,56,25
"60QZ001238",62,44,18
"60QZ001239",84,50,34
"60QZ001240",85,51,34
"60QZ001241",84,48,36
"60QZ001242",52,32,20
"60QZ001243",80,43,37
"60QZ001244",92,73,19
"60QZ001245",165,87,78
"60QZ001246",154,94,60
"60QZ001247",68,34,34
"60QZ001248",82,52,30
"60QZ001249",94,44,50
"60QZ001250",126,73,53
"60QZ001251",123,65,58
"60QZ001252",105,57,48
"60QZ001253",107,61,46
"60QZ001254",143,75,68
"60QZ001255",113,44,69
"60QZ001256",129,77,52
"60QZ001257",95,28,67
"60QZ001258",98,30,68
"60QZ001259",111,27,84
"60QZ001260",107,63,44
"60QZ001261",113,60,53
"60QZ001262",55,34,21
"60QZ001263",78,56,22
"60QZ001264",104,46,58
"60QZ001265",99,63,36
"60QZ001266",132,63,69
"60QZ001267",151,81,70
"60QZ001268",129,52,77
"60QZ001269",95,40,55
"60QZ001270",79,33,46
"60QZ001271",113,25,88
"60QZ001272",92,25,67
"60QZ001273",134,45,89
"60QZ001274",135,39,96
"60QZ001275",76,41,35
"60QZ001276",124,42,82
"60QZ001277",94,72,22
"60QZ001278",58,50,8
"60QZ001279",88,49,39
"60QZ001280",150,74,76
"60QZ001281",126,56,70
"60QZ001282",114,60,54
"60QZ001283",107,45,62
"60QZ001284",95,35,60
"60QZ001285",157,86,71
"60QZ001286",130,73,57
"60QZ001287",106,74,32
"60QZ001288",113,64,49
"60QZ001289",118,76,42
"60QZ001290",92,63,29
"60QZ001291",42,32,10
"60QZ001292",86,44,42
"60QZ001293",83,37,46
"60QZ001294",150,51,99
"60QZ001295",114,38,76
"60QZ001296",108,40,68
"60QZ001297",101,30,71
"60QZ001298",87,25,62
"60QZ001299",146,56,90
"60QZ001300",98,43,55
"60QZ001301",96,42,54
"60QZ001302",78,42,36
"60QZ001303",97,39,58
"60QZ001304",95,44,51
"60QZ001305",91,41,50
"60QZ001306",102,60,42
"60QZ001307",88,51,37
"60QZ001308",101,49,52
"60QZ001309",68,31,37
"60QZ001310",126,56,70
"60QZ001311",171,109,62
"60QZ001312",126,57,69
"60QZ001313",125,53,72
"60QZ001314",100,57,43
"60QZ001315",89,43,46
"60QZ001316",124,62,62
"60QZ001317",151,70,81
"60QZ001318",90,60,30
"60QZ001319",76,39,37
"60QZ001320",41,21,20
"60QZ001321",113,69,44
"60QZ001322",90,60,30
"60QZ001323",96,48,48
"60QZ001324",111,63,48
"60QZ001325",85,42,43
"60QZ001326",150,72,78
"60QZ001327",104,60,44
"60QZ001328",98,44,54
"60QZ001329",118,58,60
"60QZ001330",94,49,45
"60QZ001331",133,71,62
"60QZ001332",135,60,75
"60QZ001333",129,81,48
"60QZ001334",87,36,51
"60QZ001335",81,39,42
"60QZ001336",89,51,38
"60QZ001337",53,37,16
"60QZ001338",218,181,37
"60QZ001339",124,48,76
"60QZ001340",135,49,86
"60QZ001341",105,65,40
"60QZ001342",146,72,74
"60QZ001343",111,43,68
"60QZ001344",102,51,51
"60QZ001345",272,151,121
"60QZ001346",78,40,38
"60QZ001347",93,31,62
"60QZ001348",108,62,46
"60QZ001349",112,47,65
"60QZ001350",91,44,47
"60QZ001351",70,38,32
"60QZ001352",95,51,44
"60QZ001353",92,57,35
"60QZ001354",96,50,46
"60QZ001355",100,67,33
"60QZ001356",78,47,31
"60QZ001357",78,48,30
"60QZ001358",79,33,46
"60QZ001359",130,64,66
"60QZ001360",49,27,22
"60QZ001361",126,70,56
"60QZ001362",79,48,31
"60QZ001363",98,60,38
"60QZ001364",131,84,47
"60QZ001365",109,63,46
"60QZ001366",156,72,84
"60QZ001367",147,59,88
"60QZ001368",164,74,90
"60QZ001369",135,51,84
"60QZ001370",98,47,51
"60QZ001371",119,64,55
"60QZ001372",98,38,60
"60QZ001373",161,77,84
"60QZ001374",108,67,41
"60QZ001375",99,45,54
"60QZ001376",89,53,36
"60QZ001377",102,40,62
"60QZ001378",124,58,66
"60QZ001379",99,57,42
"60QZ001380",69,34,35
"60QZ001381",122,73,49
"60QZ001382",80,38,42
"60QZ001383",86,46,40
"60QZ001384",68,54,14
"60QZ001385",98,52,46
"60QZ001386",81,50,31
"60QZ001387",51,25,26
"60QZ001388",136,52,84
"60QZ001389",99,51,48
"60QZ001390",167,80,87
"60QZ001391",49,43,6
"60QZ001392",62,48,14
"60QZ001393",72,40,32
"60QZ001394",143,67,76
"60QZ001395",75,55,20
"60QZ001396",94,46,48
"60QZ001397",100,61,39
"60QZ001398",122,63,59
"60QZ001399",64,50,14
"60QZ001400",80,51,29
"60QZ001401",66,44,22
"60QZ001402",72,46,26
"60QZ001403",81,47,34
"60QZ001404",92,56,36
"60QZ001405",97,46,51
"60QZ001406",79,51,28
"60QZ001407",148,53,95
"60QZ001408",120,56,64
"60QZ001409",64,19,45
"60QZ001410",89,47,42
"60QZ001411",132,77,55
"60QZ001412",117,68,49
"60QZ001413",136,63,73
"60QZ001414",157,81,76
"60QZ001415",140,69,71
"60QZ001416",63,32,31
"60QZ001417",109,45,64
"60QZ001418",78,32,46
"60QZ001419",60,56,4
"60QZ001420",40,30,10
"60QZ001421",147,69,78
"60QZ001422",94,44,50
"60QZ001423",103,45,58
"60QZ001424",114,57,57
"60QZ001425",121,53,68
"60QZ001426",85,41,44
"60QZ001427",67,41,26
"60QZ001428",104,64,40
"60QZ001429",94,45,49
"60QZ001430",79,45,34
"60QZ001431",108,67,41
"60QZ001432",74,36,38
"60QZ001433",128,52,76
"60QZ001434",91,59,32
"60QZ001435",105,44,61
"60QZ001436",125,49,76
"60QZ001437",158,66,92
"60QZ001438",108,61,47
"60QZ001439",135,74,61
"60QZ001440",151,57,94
"60QZ001441",62,34,28
"60QZ001442",97,51,46
"60QZ001443",102,55,47
"60QZ001444",109,57,52
"60QZ001445",136,72,64
"60QZ001446",116,63,53
"60QZ001447",112,47,65
"60QZ001448",119,69,50
"60QZ001449",126,77,49
"60QZ001450",136,88,48
"60QZ001451",125,82,43
"60QZ001452",96,33,63
"60QZ001453",151,74,77
"60QZ001454",81,35,46
"60QZ001455",125,83,42
"60QZ001456",90,42,48
"60QZ001457",152,64,88
"60QZ001458",137,78,59
"60QZ001459",133,46,87
"60QZ001460",105,39,66
"60QZ001461",100,33,67
"60QZ001462",134,53,81
"60QZ001463",101,39,62
"60QZ001464",151,61,90
"60QZ001465",112,38,74
"60QZ001466",131,71,60
"60QZ001467",130,65,65
"60QZ001468",106,61,45
"60QZ001469",96,38,58
"60QZ001470",159,64,95
"60QZ001471",93,39,54
"60QZ001472",83,29,54
"60QZ001473",132,81,51
"60QZ001474",140,68,72
"60QZ001475",166,88,78
"60QZ001476",143,75,68
"60QZ001477",108,54,54
"60QZ001478",140,85,55
"60QZ001479",113,83,30
"60QZ001480",107,64,43
"60QZ001481",96,44,52
"60QZ001482",96,39,57
"60QZ001483",93,41,52
"60QZ001484",94,50,44
"60QZ001485",152,64,88
"60QZ001486",104,56,48
"60QZ001487",105,51,54
"60QZ001488",133,64,69
"60QZ001489",117,50,67
"60QZ001490",94,56,38
"60QZ001491",93,45,48
"60QZ001492",66,36,30
"60QZ001493",142,82,60
"60QZ001494",89,50,39
"60QZ001495",107,52,55
"60QZ001496",82,28,54
"60QZ001497",95,49,46
"60QZ001498",96,34,62
"60QZ001499",114,58,56
"60QZ001500",96,58,38
"60QZ001501",126,62,64
"60QZ001502",97,51,46
"60QZ001503",92,46,46
"60QZ001504",82,52,30
"60QZ001505",133,58,75
"60QZ001506",57,35,22
"60QZ001507",70,30,40
"60QZ001508",69,37,32
"60QZ001509",112,67,45
"60QZ001510",91,42,49
"60QZ001511",80,34,46
"60QZ001512",124,56,68
"60QZ001513",85,36,49
"60QZ001514",87,34,53
"60QZ001515",89,46,43
"60QZ001516",65,43,22
"60QZ001517",63,39,24
"60QZ001518",77,42,35
"60QZ001519",60,37,23
"60QZ001520",66,48,18
"60QZ001521",101,72,29
"60QZ001522",190,108,82
"60QZ001523",57,37,20
"60QZ001524",89,69,20
"60QZ001525",94,56,38
"60QZ001526",121,83,38
"60QZ001527",78,64,14
"60QZ001528",127,59,68
"60QZ001529",91,45,46
"60QZ001530",161,54,107
"60QZ001531",147,43,104
"60QZ001532",109,47,62
"60QZ001533",110,60,50
"60QZ001534",80,55,25
"60QZ001535",81,41,40
"60QZ001536",86,52,34
"60QZ001537",150,78,72
"60QZ001538",137,55,82
"60QZ001539",48,28,20
"60QZ001540",88,46,42
"60QZ001541",115,84,31
"60QZ001542",87,45,42
"60QZ001543",77,63,14
"60QZ001544",104,50,54
"60QZ001545",52,34,18
"60QZ001546",116,78,38
"60QZ001547",138,78,60
"60QZ001548",120,78,42
"60QZ001549",102,57,45
"60QZ001550",77,44,33
"60QZ001551",72,42,30
"60QZ001552",102,46,56
"60QZ001553",84,41,43
"60QZ001554",77,41,36
"60QZ001555",109,63,46
"60QZ001556",99,73,26
"60QZ001557",77,61,16
"60QZ001558",104,48,56
"60QZ001559",49,45,4
"60QZ001560",101,77,24
"60QZ001561",54,45,9
"60QZ001562",56,44,12
"60QZ001563",110,48,62
"60QZ001564",100,68,32
"60QZ001565",69,29,40
"60QZ001566",97,58,39
"60QZ001567",101,75,26
"60QZ001568",71,63,8
"60QZ001569",78,29,49
"60QZ001570",107,43,64
"60QZ001571",87,47,40
"60QZ001572",68,30,38
"60QZ001573",124,64,60
"60QZ001574",142,67,75
"60QZ001575",104,50,54
"60QZ001576",154,63,91
"60QZ001577",121,57,64
"60QZ001578",147,45,102
"60QZ001579",90,44,46
"60QZ001580",100,32,68
"60QZ001581",88,26,62
"60QZ001582",86,40,46
"60QZ001583",80,51,29
"60QZ001584",105,64,41
"60QZ001585",102,43,59
"60QZ001586",140,57,83
"60QZ001587",65,43,22
"60QZ001588",76,40,36
"60QZ001589",144,112,32
"60QZ001590",112,62,50
"60QZ001591",93,63,30
"60QZ001592",148,80,68
"60QZ001593",164,68,96
"60QZ001594",75,49,26
"60QZ001595",84,46,38
"60QZ001596",77,33,44
"60QZ001597",79,29,50
"60QZ001598",65,50,15
"60QZ001599",103,55,48
"60QZ001600",78,30,48
"60QZ001601",133,73,60
"60QZ001602",70,47,23
"60QZ001603",161,69,92
"60QZ001604",163,66,97
"60QZ001605",108,86,22
"60QZ001606",109,45,64
"60QZ001607",108,81,27
"60QZ001608",84,56,28
"60QZ001609",69,43,26
"60QZ001610",85,47,38
"60QZ001611",144,66,78
"60QZ001612",137,69,68
"60QZ001613",75,45,30
"60QZ001614",69,47,22
"60QZ001615",154,54,100
"60QZ001616",120,51,69
"60QZ001617",170,80,90
"60QZ001618",153,75,78
"60QZ001619",154,68,86
"60QZ001620",97,39,58
"60QZ001621",105,80,25
"60QZ001622",118,82,36
"60QZ001623",125,49,76
"60QZ001624",190,89,101
"60QZ001625",115,57,58
"60QZ001626",126,79,47
"60QZ001627",76,44,32
"60QZ001628",78,49,29
"60QZ001629",109,66,43
"60QZ001630",116,55,61
"60QZ001631",95,23,72
"60QZ001632",133,37,96
"60QZ001633",134,50,84
"60QZ001634",121,41,80
"60QZ001635",163,49,114
"60QZ001636",134,51,83
"60QZ001637",159,52,107
"60QZ001638",130,74,56
"60QZ001639",120,50,70
"60QZ001640",135,69,66
"60QZ001641",140,64,76
"60QZ001642",136,48,88
"60QZ001643",129,63,66
"60QZ001644",135,74,61
"60QZ001645",62,42,20
"60QZ001646",117,41,76
"60QZ001647",51,31,20
"60QZ001648",95,37,58
"60QZ001649",97,33,64
"60QZ001650",96,34,62
"60QZ001651",122,51,71
"60QZ001652",117,43,74
"60QZ001653",111,47,64
"60QZ001654",76,34,42
"60QZ001655",110,50,60
"60QZ001656",198,63,135
"60QZ001657",94,43,51
"60QZ001658",124,54,70
"60QZ001659",134,55,79
"60QZ001660",144,57,87
"60QZ001661",131,58,73
"60QZ001662",82,49,33
"60QZ001663",118,32,86
"60QZ001664",107,34,73
"60QZ001665",144,64,80
"60QZ001666",125,43,82
"60QZ001667",98,43,55
"60QZ001668",91,37,54
"60QZ001669",73,39,34
"60QZ001670",182,99,83
"60QZ001671",156,75,81
"60QZ001672",101,58,43
"60QZ001673",101,61,40
"60QZ001674",73,46,27
"60QZ001675",124,52,72
"60QZ001676",124,65,59
"60QZ001677",127,63,64
"60QZ001678",100,44,56
"60QZ001679",101,41,60
"60QZ001680",50,28,22
"60QZ001681",66,30,36
"60QZ001682",145,62,83
"60QZ001683",113,39,74
"60QZ001684",127,54,73
"60QZ001685",93,27,66
"60QZ001686",145,49,96
"60QZ001687",115,27,88
"60QZ001688",116,38,78
"60QZ001689",120,44,76
"60QZ001690",117,49,68
"60QZ001691",72,57,15
"60QZ001692",80,34,46
"60QZ001693",121,49,72
"60QZ001694",151,44,107
"60QZ001695",109,45,64
"60QZ001696",182,59,123
"60QZ001697",135,50,85
"60QZ001698",133,69,64
"60QZ001699",151,51,100
"60QZ001700",105,39,66
"60QZ001701",109,53,56
"60QZ001702",120,63,57
"60QZ001703",123,53,70
"60QZ001704",111,57,54
"60QZ001705",102,25,77
"60QZ001706",81,54,27
"60QZ001707",80,44,36
"60QZ001708",95,41,54
"60QZ001709",221,115,106
"60QZ001710",110,44,66
"60QZ001711",122,56,66
"60QZ001712",84,30,54
"60QZ001713",105,39,66
"60QZ001714",125,52,73
"60QZ001715",91,31,60
"60QZ001716",96,47,49
"60QZ001717",86,39,47
"60QZ001718",132,59,73
"60QZ001719",91,33,58
"60QZ001720",82,25,57
"60QZ001721",142,64,78
"60QZ001722",130,66,64
"60QZ001723",149,67,82
"60QZ001724",136,60,76
"60QZ001725",98,42,56
"60QZ001726",135,85,50
"60QZ001727",171,78,93
"60QZ001728",108,54,54
"60QZ001729",159,81,78
"60QZ001730",166,95,71
"60QZ001731",99,59,40
"60QZ001732",102,48,54
"60QZ001733",100,46,54
"60QZ001734",135,65,70
"60QZ001735",169,51,118
"60QZ001736",110,31,79
"60QZ001737",97,23,74
"60QZ001738",149,39,110
"60QZ001739",163,40,123
"60QZ001740",105,37,68
"60QZ001741",90,34,56
"60QZ001742",112,46,66
"60QZ001743",156,48,108
"60QZ001744",163,53,110
"60QZ001745",121,36,85
"60QZ001746",126,42,84
"60QZ001747",105,34,71
"60QZ001748",74,18,56
"60QZ001749",97,37,60
"60QZ001750",105,19,86
"60QZ001751",151,37,114
"60QZ001752",113,40,73
"60QZ001753",118,32,86
"60QZ001754",125,75,50
"60QZ001755",97,58,39
"60QZ001756",99,76,23
"60QZ001757",93,63,30
"60QZ001758",152,54,98
"60QZ001759",93,29,64
"60QZ001760",88,33,55
"60QZ001761",57,31,26
"60QZ001762",145,62,83
"60QZ001763",118,46,72
"60QZ001764",112,42,70
"60QZ001765",189,79,110
"60QZ001766",93,69,24
"60QZ001767",102,50,52
"60QZ001768",68,50,18
"60QZ001769",105,55,50
"60QZ001770",151,61,90
"60QZ001771",143,53,90
"60QZ001772",180,70,110
"60QZ001773",153,47,106
"60QZ001774",90,32,58
"60QZ001775",139,69,70
"60QZ001776",127,63,64
"60QZ001777",66,28,38
"60QZ001778",134,57,77
"60QZ001779",98,26,72
"60QZ001780",104,30,74
"60QZ001781",118,37,81
"60QZ001782",83,63,20
"60QZ001783",101,74,27
"60QZ001784",87,51,36
"60QZ001785",83,49,34
"60QZ001786",79,35,44
"60QZ001787",96,54,42
"60QZ001788",68,43,25
"60QZ001789",97,60,37
"60QZ001790",75,55,20
"60QZ001791",90,56,34
"60QZ001792",98,62,36
"60QZ001793",88,60,28
"60QZ001794",72,54,18
"60QZ001795",90,61,29
"60QZ001796",59,35,24
"60QZ001797",71,49,22
"60QZ001798",83,59,24
"60QZ001799",98,58,40
"60QZ001800",78,62,16
"60QZ001801",73,55,18
"60QZ001802",57,33,24
"60QZ001803",73,44,29
"60QZ001804",105,69,36
"60QZ001805",104,56,48
"60QZ001806",67,35,32
"60QZ001807",96,59,37
"60QZ001808",102,56,46
"60QZ001809",146,73,73
"60QZ001810",108,56,52
"60QZ001811",123,75,48
"60QZ001812",84,52,32
"60QZ001813",129,39,90
"60QZ001814",93,47,46
"60QZ001815",81,47,34
"60QZ001816",98,40,58
"60QZ001817",99,60,39
"60QZ001818",134,70,64
"60QZ001819",54,32,22
"60QZ001820",67,27,40
"60QZ001821",121,33,88
"60QZ001822",79,35,44
"60QZ001823",94,44,50
"60QZ001824",70,44,26
"60QZ001825",73,37,36
"60QZ001826",125,39,86
"60QZ001827",142,44,98
"60QZ001828",68,28,40
"60QZ001829",56,41,15
"60QZ001830",51,33,18
"60QZ001831",55,21,34
"60QZ001832",63,26,37
"60QZ001833",64,37,27
"60QZ001834",72,18,54
"60QZ001835",172,76,96
"60QZ001836",102,63,39
"60QZ001837",135,33,102
"60QZ001838",35,9,26
"60QZ001839",80,26,54
"60QZ001840",74,26,48
"60QZ001841",63,33,30
"60QZ001842",105,57,48
"60QZ001843",87,29,58
"60QZ001844",73,55,18
"60QZ001845",46,44,2
"60QZ001846",59,53,6
"60QZ001847",43,20,23
"60QZ001848",91,39,52
"60QZ001849",66,20,46
"60QZ001850",53,19,34
"60QZ001851",100,58,42
"60QZ001852",82,40,42
"60QZ001853",608,483,125
"60QZ001854",105,38,67
"60QZ001855",79,39,40
"60QZ001856",55,41,14
"60QZ001857",115,43,72
"60QZ001858",55,29,26
"60QZ001859",111,55,56
"60QZ001860",101,43,58
"60QZ001861",73,47,26
"60QZ001862",70,26,44
"60QZ001863",93,37,56
"60QZ001864",83,24,59
"60QZ001865",74,53,21
"60QZ001866",64,36,28
"60QZ001867",142,79,63
"60QZ001868",88,30,58
"60QZ001869",57,33,24
"60QZ001870",126,54,72
"60QZ001871",68,24,44
"60QZ001872",157,34,123
"60QZ001873",65,49,16
"60QZ001874",76,47,29
"60QZ001875",53,15,38
"60QZ001876",90,38,52
"60QZ001877",124,68,56
"60QZ001878",88,32,56
"60QZ001879",79,30,49
"60QZ001880",76,22,54
"60QZ001881",140,37,103
"60QZ001882",97,52,45
"60QZ001883",88,48,40
"60QZ001884",78,44,34
"60QZ001885",60,41,19
"60QZ001886",57,15,42
"60QZ001887",116,46,70
"60QZ001888",56,26,30
"60QZ001889",77,40,37
"60QZ001890",74,30,44
"60QZ001891",54,32,22
"60QZ001892",84,44,40
"60QZ001893",52,24,28
"60QZ001894",108,44,64
"60QZ001895",86,36,50
"60QZ001896",161,50,111
"60QZ001897",123,55,68
"60QZ001898",91,48,43
"60QZ001899",51,48,3
"60QZ001900",48,12,36
"60QZ001901",76,34,42
"60QZ001902",107,64,43
"60QZ001903",79,44,35
"60QZ001904",72,28,44
"60QZ001905",66,48,18
"60QZ001906",95,38,57
"60QZ001907",76,28,48
"60QZ001908",59,15,44
"60QZ001909",49,28,21
"60QZ001910",44,36,8
"60QZ001911",96,46,50
"60QZ001912",97,31,66
"60QZ001913",64,21,43
"60QZ001914",59,31,28
"60QZ001915",83,29,54
"60QZ001916",67,27,40
"60QZ001917",87,31,56
"60QZ001918",104,54,50
"60QZ001919",71,41,30
"60QZ001920",77,33,44
"60QZ001921",64,17,47
"60QZ001922",131,80,51
"60QZ001923",79,23,56
"60QZ001924",69,29,40
"60QZ001925",47,13,34
"60QZ001926",104,44,60
"60QZ001927",74,27,47
"60QZ001928",59,16,43
"60QZ001929",64,38,26
"60QZ001930",111,53,58
"60QZ001931",80,30,50
"60QZ001932",103,35,68
"60QZ001933",81,55,26
"60QZ001934",75,29,46
"60QZ001935",94,34,60
"60QZ001936",64,46,18
"60QZ001937",74,34,40
"60QZ001938",73,28,45
"60QZ001939",73,35,38
"60QZ001940",91,29,62
"60QZ001941",36,28,8
"60QZ001942",109,62,47
"60QZ001943",102,61,41
"60QZ001944",64,55,9
"60QZ001945",83,46,37
"60QZ001946",45,28,17
"60QZ001947",38,20,18
"60QZ001948",62,32,30
"60QZ001949",56,28,28
"60QZ001950",49,19,30
"60QZ001951",92,56,36
"60QZ001952",128,38,90
"60QZ001953",68,57,11
"60QZ001954",108,55,53
"60QZ001955",80,36,44
"60QZ001956",37,29,8
"60QZ001957",177,73,104
"60QZ001958",70,26,44
"60QZ001959",87,47,40
"60QZ001960",79,39,40
"60QZ001961",127,29,98
"60QZ001962",88,38,50
"60QZ001963",111,71,40
"60QZ001964",107,41,66
"60QZ001965",132,61,71
"60QZ001966",72,29,43
"60QZ001967",87,53,34
"60QZ001968",121,47,74
"60QZ001969",97,65,32
"60QZ001970",83,60,23
"60QZ001971",80,36,44
"60QZ001972",62,34,28
"60QZ001973",63,37,26
"60QZ001974",111,50,61
"60QZ001975",56,47,9
"60QZ001976",52,50,2
"60QZ001977",84,27,57
"60QZ001978",67,43,24
"60QZ001979",51,37,14
"60QZ001980",77,53,24
"60QZ001981",86,56,30
"60QZ001982",50,14,36
"60QZ001983",45,13,32
"60QZ001984",135,75,60
"60QZ001985",88,30,58
"60QZ001986",144,48,96
"60QZ001987",94,49,45
"60QZ001988",60,30,30
"60QZ001989",63,35,28
"60QZ001990",100,64,36
"60QZ001991",75,63,12
"60QZ001992",55,35,20
"60QZ001993",54,28,26
"60QZ001994",123,49,74
"60QZ001995",94,44,50
"60QZ001996",107,61,46
"60QZ001997",76,34,42
"60QZ001998",137,62,75
"60QZ001999",84,32,52
"60QZ002000",105,41,64
"60QZ002001",74,41,33
"60QZ002002",52,33,19
"60QZ002003",57,45,12
"60QZ002004",48,34,14
"60QZ002005",90,52,38
"60QZ002006",62,31,31
"60QZ002007",84,68,16
"60QZ002008",83,71,12
"60QZ002009",69,31,38
"60QZ002010",113,65,48
"60QZ002011",59,40,19
"60QZ002012",57,45,12
"60QZ002013",68,48,20
"60QZ002014",74,48,26
"60QZ002015",83,51,32
"60QZ002016",74,59,15
"60QZ002017",71,51,20
"60QZ002018",75,51,24
"60QZ002019",75,54,21
"60QZ002020",57,45,12
"60QZ002021",73,51,22
"60QZ002022",62,38,24
"60QZ002023",80,52,28
"60QZ002024",55,49,6
"60QZ002025",74,52,22
"60QZ002026",60,50,10
"60QZ002027",60,43,17
"60QZ002028",74,59,15
"60QZ002029",75,51,24
"60QZ002030",63,47,16
"60QZ002031",75,50,25
"60QZ002032",58,47,11
"60QZ002033",77,56,21
"60QZ002034",59,51,8
"60QZ002035",70,54,16
"60QZ002036",62,36,26
"60QZ002037",133,84,49
"60QZ002038",74,48,26
"60QZ002039",52,44,8
"60QZ002040",92,78,14
"60QZ002041",59,31,28
"60QZ002042",118,58,60
"60QZ002043",123,57,66
"60QZ002044",51,25,26
"60QZ002045",84,66,18
"60QZ002046",58,38,20
"60QZ002047",58,26,32
"60QZ002048",113,41,72
"60QZ002049",74,40,34
"60QZ002050",98,50,48
"60QZ002051",97,35,62
"60QZ002052",106,30,76
"60QZ002053",102,36,66
"60QZ002054",63,26,37
"60QZ002055",69,54,15
"60QZ002056",51,35,16
"60QZ002057",53,28,25
"60QZ002058",74,56,18
"60QZ002059",71,49,22
"60QZ002060",53,37,16
"60QZ002061",50,29,21
"60QZ002062",109,49,60
"60QZ002063",132,47,85
"60QZ002064",70,20,50
"60QZ002065",124,64,60
"60QZ002066",75,35,40
"60QZ002067",121,47,74
"60QZ002068",54,32,22
"60QZ002069",77,29,48
"60QZ002070",86,54,32
"60QZ002071",58,20,38
"60QZ002072",154,52,102
"60QZ002073",159,77,82
"60QZ002074",50,20,30
"60QZ002075",87,67,20
"60QZ002076",52,29,23
"60QZ002077",102,19,83
"60QZ002078",131,48,83
"60QZ002079",101,38,63
"60QZ002080",81,37,44
"60QZ002081",112,26,86
"60QZ002082",99,29,70
"60QZ002083",146,48,98
"60QZ002084",72,58,14
"60QZ002085",85,77,8
"60QZ002086",98,24,74
"60QZ002087",177,65,112
"60QZ002088",312,70,242
"60QZ002089",77,19,58
"60QZ002090",105,26,79
"60QZ002091",108,42,66
"60QZ002092",73,19,54
"60QZ002093",114,35,79
"60QZ002094",140,54,86
"60QZ002095",94,66,28
"60QZ002096",97,70,27
"60QZ002097",106,78,28
"60QZ002098",91,43,48
"60QZ002099",103,53,50
"60QZ002100",90,46,44
"60QZ002101",73,55,18
"60QZ002102",96,52,44
"60QZ002103",85,69,16
"60QZ002104",116,42,74
"60QZ002105",80,46,34
"60QZ002106",60,32,28
"60QZ002107",101,51,50
"60QZ002108",109,55,54
"60QZ002109",99,50,49
"60QZ002110",108,62,46
"60QZ002111",80,46,34
"60QZ002112",155,52,103
"60QZ002113",178,40,138
"60QZ002114",49,15,34
"60QZ002115",83,17,66
"60QZ002116",113,41,72
"60QZ002117",88,32,56
"60QZ002118",103,25,78
"60QZ002119",54,14,40
"60QZ002120",151,55,96
"60QZ002121",171,67,104
"60QZ002122",150,39,111
"60QZ002123",96,46,50
"60QZ002124",129,61,68
"60QZ002125",120,30,90
"60QZ002126",51,9,42
"60QZ002127",129,45,84
"60QZ002128",122,51,71
"60QZ002129",95,48,47
"60QZ002130",172,80,92
"60QZ002131",117,41,76
"60QZ002132",78,32,46
"60QZ002133",63,41,22
"60QZ002134",87,58,29
"60QZ002135",132,87,45
"60QZ002136",43,31,12
"60QZ002137",94,58,36
"60QZ002138",86,50,36
"60QZ002139",91,53,38
"60QZ002140",85,48,37
"60QZ002141",64,44,20
"60QZ002142",65,49,16
"60QZ002143",66,28,38
"60QZ002144",67,32,35
"60QZ002145",141,74,67
"60QZ002146",137,53,84
"60QZ002147",58,35,23
"60QZ002148",62,26,36
"60QZ002149",74,28,46
"60QZ002150",94,60,34
"60QZ002151",84,38,46
"60QZ002152",131,73,58
"60QZ002153",114,45,69
"60QZ002154",71,53,18
"60QZ002155",67,39,28
"60QZ002156",117,63,54
"60QZ002157",140,74,66
"60QZ002158",71,35,36
"60QZ002159",91,57,34
"60QZ002160",73,37,36
"60QZ002161",68,30,38
"60QZ002162",81,35,46
"60QZ002163",94,37,57
"60QZ002164",88,20,68
"60QZ002165",88,50,38
"60QZ002166",109,58,51
"60QZ002167",119,55,64
"60QZ002168",74,26,48
"60QZ002169",136,73,63
"60QZ002170",47,14,33
"60QZ002171",66,44,22
"60QZ002172",80,55,25
"60QZ002173",97,57,40
"60QZ002174",62,38,24
"60QZ002175",95,49,46
"60QZ002176",69,47,22
"60QZ002177",66,36,30
"60QZ002178",138,80,58
"60QZ002179",65,44,21
"60QZ002180",64,43,21
"60QZ002181",95,32,63
"60QZ002182",74,28,46
"60QZ002183",96,57,39
"60QZ002184",121,80,41
"60QZ002185",68,48,20
"60QZ002186",101,61,40
"60QZ002187",116,58,58
"60QZ002188",67,49,18
"60QZ002189",77,64,13
"60QZ002190",84,68,16
"60QZ002191",77,59,18
"60QZ002192",85,27,58
"60QZ002193",76,37,39
"60QZ002194",140,48,92
"60QZ002195",72,44,28
"60QZ002196",96,30,66
"60QZ002197",110,43,67
"60QZ002198",85,25,60
"60QZ002199",131,38,93
"60QZ002200",206,78,128
"60QZ002201",93,50,43
"60QZ002202",104,44,60
"60QZ002203",129,68,61
"60QZ002204",99,47,52
"60QZ002205",62,44,18
"60QZ002206",59,41,18
"60QZ002207",101,62,39
"60QZ002208",73,22,51
"60QZ002209",81,40,41
"60QZ002210",57,49,8
"60QZ002211",127,51,76
"60QZ002212",78,34,44
"60QZ002213",96,79,17
"60QZ002214",79,41,38
"60QZ002215",127,66,61
"60QZ002216",157,99,58
"60QZ002217",61,40,21
"60QZ002218",119,49,70
"60QZ002219",129,67,62
"60QZ002220",114,57,57
"60QZ002221",73,43,30
"60QZ002222",87,48,39
"60QZ002223",107,61,46
"60QZ002224",88,51,37
"60QZ002225",115,30,85
"60QZ002226",67,19,48
"60QZ002227",111,45,66
"60QZ002228",53,17,36
"60QZ002229",227,83,144
"60QZ002230",57,28,29
"60QZ002231",90,52,38
"60QZ002232",46,38,8
"60QZ002233",55,50,5
"60QZ002234",64,52,12
"60QZ002235",77,54,23
"60QZ002236",87,47,40
"60QZ002237",89,49,40
"60QZ002238",60,42,18
"60QZ002239",70,24,46
"60QZ002240",81,41,40
"60QZ002241",81,45,36
"60QZ002242",77,49,28
"60QZ002243",62,41,21
"60QZ002244",93,27,66
"60QZ002245",152,28,124
"60QZ002246",101,25,76
"60QZ002247",103,21,82
"60QZ002248",204,69,135
"60QZ002249",53,23,30
"60QZ002250",98,32,66
"60QZ002251",57,35,22
"60QZ002252",102,36,66
"60QZ002253",90,26,64
"60QZ002254",49,31,18
"60QZ002255",96,64,32
"60QZ002256",84,30,54
"60QZ002257",103,29,74
"60QZ002258",107,43,64
"60QZ002259",71,30,41
"60QZ002260",155,66,89
"60QZ002261",142,34,108
"60QZ002262",80,34,46
"60QZ002263",71,37,34
"60QZ002264",106,50,56
"60QZ002265",61,38,23
"60QZ002266",128,82,46
"60QZ002267",155,92,63
"60QZ002268",64,36,28
"60QZ002269",92,42,50
"60QZ002270",128,88,40
"60QZ002271",66,36,30
"60QZ002272",57,47,10
"60QZ002273",81,36,45
"60QZ002274",73,47,26
"60QZ002275",111,90,21
"60QZ002276",50,24,26
"60QZ002277",78,52,26
"60QZ002278",118,62,56
"60QZ002279",91,33,58
"60QZ002280",98,28,70
"60QZ002281",91,25,66
"60QZ002282",79,15,64
"60QZ002283",98,39,59
"60QZ002284",95,48,47
"60QZ002285",60,34,26
"60QZ002286",79,66,13
"60QZ002287",63,21,42
"60QZ002288",116,82,34
"60QZ002289",74,38,36
"60QZ002290",99,36,63
"60QZ002291",91,22,69
"60QZ002292",107,28,79
"60QZ002293",94,40,54
"60QZ002294",64,40,24
"60QZ002295",107,31,76
"60QZ002296",74,26,48
"60QZ002297",72,32,40
"60QZ002298",147,55,92
"60QZ002299",112,45,67
"60QZ002300",120,65,55
"60QZ002301",59,23,36
"60QZ002302",107,43,64
"60QZ002303",101,51,50
"60QZ002304",104,51,53
"60QZ002305",107,45,62
"60QZ002306",88,46,42
"60QZ002307",74,40,34
"60QZ002308",132,69,63
"60QZ002309",48,17,31
"60QZ002310",75,34,41
"60QZ002311",62,32,30
"60QZ002312",155,83,72
"60QZ002313",104,26,78
"60QZ002314",80,28,52
"60QZ002315",91,27,64
"60QZ002316",91,17,74
"60QZ002317",88,53,35
"60QZ002318",72,38,34
"60QZ002319",71,48,23
"60QZ002320",112,80,32
"60QZ002321",141,95,46
"60QZ002322",80,34,46
"60QZ002323",54,21,33
"60QZ002324",115,39,76
"60QZ002325",115,40,75
"60QZ002326",155,87,68
"60QZ002327",91,41,50
"60QZ002328",80,48,32
"60QZ002329",105,30,75
"60QZ002330",75,37,38
"60QZ002331",79,29,50
"60QZ002332",182,118,64
"60QZ002333",70,30,40
"60QZ002334",70,45,25
"60QZ002335",98,61,37
"60QZ002336",138,46,92
"60QZ002337",102,44,58
"60QZ002338",81,46,35
"60QZ002339",93,51,42
"60QZ002340",133,88,45
"60QZ002341",116,60,56
"60QZ002342",80,45,35
"60QZ002343",51,19,32
"60QZ002344",101,53,48
"60QZ002345",131,73,58
"60QZ002346",42,11,31
"60QZ002347",64,46,18
"60QZ002348",93,56,37
"60QZ002349",85,35,50
"60QZ002350",70,38,32
"60QZ002351",162,58,104
"60QZ002352",56,18,38
"60QZ002353",122,52,70
"60QZ002354",89,26,63
"60QZ002355",110,27,83
"60QZ002356",126,50,76
"60QZ002357",85,35,50
"60QZ002358",52,24,28
"60QZ002359",119,57,62
"60QZ002360",130,53,77
"60QZ002361",96,46,50
"60QZ002362",70,28,42
"60QZ002363",80,30,50
"60QZ002364",118,34,84
"60QZ002365",134,82,52
"60QZ002366",50,28,22
"60QZ002367",69,27,42
"60QZ002368",106,37,69
"60QZ002369",77,32,45
"60QZ002370",160,48,112
"60QZ002371",125,65,60
"60QZ002372",65,16,49
"60QZ002373",114,52,62
"60QZ002374",97,45,52
"60QZ002375",54,20,34
"60QZ002376",103,53,50
"60QZ002377",48,36,12
"60QZ002378",93,51,42
"60QZ002379",168,66,102
"60QZ002380",135,74,61
"60QZ002381",56,18,38
"60QZ002382",102,49,53
"60QZ002383",68,50,18
"60QZ002384",128,56,72
"60QZ002385",78,32,46
"60QZ002386",77,51,26
"60QZ002387",137,94,43
"60QZ002388",101,41,60
"60QZ002389",76,27,49
"60QZ002390",67,35,32
"60QZ002391",96,57,39
"60QZ002392",63,33,30
"60QZ002393",82,46,36
"60QZ002394",64,28,36
"60QZ002395",110,38,72
"60QZ002396",104,52,52
"60QZ002397",64,26,38
"60QZ002398",59,37,22
"60QZ002399",91,70,21
"60QZ002400",73,43,30
"60QZ002401",91,68,23
"60QZ002402",51,31,20
"60QZ002403",100,49,51
"60QZ002404",101,44,57
"60QZ002405",62,28,34
"60QZ002406",139,71,68
"60QZ002407",91,40,51
"60QZ002408",140,61,79
"60QZ002409",85,30,55
"60QZ002410",70,40,30
"60QZ002411",108,59,49
"60QZ002412",93,37,56
"60QZ002413",210,74,136
"60QZ002414",158,82,76
"60QZ002415",102,38,64
"60QZ002416",49,17,32
"60QZ002417",120,54,66
"60QZ002418",94,20,74
"60QZ002419",72,34,38
"60QZ002420",186,55,131
"60QZ002421",80,37,43
"60QZ002422",68,16,52
"60QZ002423",137,39,98
"60QZ002424",118,45,73
"60QZ002425",97,47,50
"60QZ002426",310,126,184
"60QZ002427",47,5,42
"60QZ002428",142,50,92
"60QZ002429",71,11,60
"60QZ002430",157,51,106
"60QZ002431",84,22,62
"60QZ002432",119,41,78
"60QZ002433",102,37,65
"60QZ002434",153,40,113
"60QZ002435",126,58,68
"60QZ002436",133,44,89
"60QZ002437",52,16,36
"60QZ002438",137,35,102
"60QZ002439",107,44,63
"60QZ002440",116,71,45
"60QZ002441",64,43,21
"60QZ002442",95,41,54
"60QZ002443",105,39,66
"60QZ002444",186,62,124
"60QZ002445",107,29,78
"60QZ002446",85,23,62
"60QZ002447",87,36,51
"60QZ002448",75,31,44
"60QZ002449",88,43,45
"60QZ002450",100,52,48
"60QZ002451",85,35,50
"60QZ002452",79,21,58
"60QZ002453",122,55,67
"60QZ002454",57,35,22
"60QZ002455",148,60,88
"60QZ002456",104,59,45
"60QZ002457",133,69,64
"60QZ002458",53,29,24
"60QZ002459",63,19,44
"60QZ002460",433,126,307
"60QZ002461",129,45,84
"60QZ002462",74,16,58
"60QZ002463",108,34,74
"60QZ002464",106,44,62
"60QZ002465",61,29,32
"60QZ002466",90,41,49
"60QZ002467",114,48,66
"60QZ002468",46,18,28
"60QZ002469",183,64,119
"60QZ002470",80,24,56
"60QZ002471",124,33,91
"60QZ002472",116,26,90
"60QZ002473",74,15,59
"60QZ002474",91,27,64
"60QZ002475",118,44,74
"60QZ002476",87,29,58
"60QZ002477",105,21,84
"60QZ002478",90,49,41
"60QZ002479",98,42,56
"60QZ002480",52,19,33
"60QZ002481",136,34,102
"60QZ002482",87,33,54
"60QZ002483",74,46,28
"60QZ002484",70,44,26
"60QZ002485",145,83,62
"60QZ002486",111,41,70
"60QZ002487",146,36,110
"60QZ002488",51,17,34
"60QZ002489",139,41,98
"60QZ002490",113,36,77
"60QZ002491",149,41,108
"60QZ002492",131,23,108
"60QZ002493",116,30,86
"60QZ002494",172,46,126
"60QZ002495",59,11,48
"60QZ002496",150,53,97
"60QZ002497",65,15,50
"60QZ002498",148,36,112
"60QZ002499",112,38,74
"60QZ002500",150,32,118
"60QZ002501",54,34,20
"60QZ002502",121,81,40
"60QZ002503",63,14,49
"60QZ002504",84,16,68
"60QZ002505",77,23,54
"60QZ002506",103,43,60
"60QZ002507",41,15,26
"60QZ002508",108,38,70
"60QZ002509",112,63,49
"60QZ002510",97,51,46
"60QZ002511",79,21,58
"60QZ002512",113,30,83
"60QZ002513",109,16,93
"60QZ002514",116,36,80
"60QZ002515",63,35,28
"60QZ002516",77,50,27
"60QZ002517",227,164,63
"60QZ002518",66,47,19
"60QZ002519",144,102,42
"60QZ002520",115,48,67
"60QZ002521",136,57,79
"60QZ002522",107,24,83
"60QZ002523",125,40,85
"60QZ002524",120,53,67
"60QZ002525",94,12,82
"60QZ002526",93,30,63
"60QZ002527",89,27,62
"60QZ002528",116,34,82
"60QZ002529",153,45,108
"60QZ002530",85,34,51
"60QZ002531",98,35,63
"60QZ002532",52,33,19
"60QZ002533",103,51,52
"60QZ002534",109,51,58
"60QZ002535",47,24,23
"60RA000001",68,26,42
"60RA000002",111,40,71
"60RA000003",85,24,61
"60RA000004",66,20,46
"60RA000005",121,45,76
"60RA000006",159,67,92
"60RA000007",130,42,88
"60RA000008",100,38,62
"60RA000009",53,28,25
"60RA000010",77,38,39
"60RA000011",66,49,17
"60RA000012",67,23,44
"60RA000013",92,32,60
"60RA000014",114,56,58
"60RA000015",98,33,65
"60RA000016",83,41,42
"60RA000017",150,57,93
"60RA000018",145,57,88
"60RA000019",131,50,81
"60RA000020",108,55,53
"60RA000021",69,22,47
"60RA000022",75,30,45
"60RA000023",118,50,68
"60RA000024",62,25,37
"60RA000025",106,37,69
"60RA000026",116,50,66
"60RA000027",168,68,100
"60RA000028",116,70,46
"60RA000029",101,39,62
"60RA000030",93,31,62
"60RA000031",133,61,72
"60RA000032",140,70,70
"60RA000033",124,41,83
"60RA000034",97,45,52
"60RA000035",134,47,87
"60RA000036",134,38,96
"60RA000037",129,51,78
"60RA000038",122,40,82
"60RA000039",96,38,58
"60RA000040",96,50,46
"60RA000041",129,62,67
"60RA000042",80,36,44
"60RA000043",105,44,61
"60RA000044",60,16,44
"60RA000045",39,16,23
"60RA000046",92,39,53
"60RA000047",63,23,40
"60RA000048",104,52,52
"60RA000049",99,41,58
"60RA000050",49,23,26
"60RA000051",44,24,20
"60RA000052",80,23,57
"60RA000053",90,33,57
"60RA000054",66,25,41
"60RA000055",82,28,54
"60RA000056",66,29,37
"60RA000057",74,32,42
"60RA000058",74,20,54
"60RA000059",70,29,41
"60RA000060",90,31,59
"60RA000061",75,21,54
"60RA000062",104,44,60
"60RA000063",132,48,84
"60RA000064",112,44,68
"60RA000065",110,40,70
"60RA000066",83,39,44
"60RA000067",100,50,50
"60RA000068",48,19,29
"60RA000069",127,53,74
"60RA000070",50,17,33
"60RA000071",103,50,53
"60RA000072",73,34,39
"60RA000073",79,38,41
"60RA000074",114,76,38
"60RA000075",59,35,24
"60RA000076",123,64,59
"60RA000077",66,31,35
"60RA000078",92,54,38
"60RA000079",54,30,24
"60RA000080",92,52,40
"60RA000081",81,47,34
"60RA000082",144,67,77
"60RA000083",84,38,46
"60RA000084",113,49,64
"60RA000085",104,68,36
"60RA000086",102,45,57
"60RA000087",43,13,30
"60RA000088",92,34,58
"60RA000089",51,25,26
"60RA000090",127,37,90
"60RA000091",129,73,56
"60RA000092",116,43,73
"60RA000093",98,74,24
"60RA000094",48,39,9
"60RA000095",100,70,30
"60RA000096",63,41,22
"60RA000097",55,39,16
"60RA000098",65,47,18
"60RA000099",73,53,20
"60RA000100",94,68,26
"60RA000101",138,73,65
"60RA000102",54,22,32
"60RA000103",87,54,33
"60RA000104",74,28,46
"60RA000105",107,52,55
"60RA000106",85,37,48
"60RA000107",126,64,62
"60RA000108",68,41,27
"60RA000109",86,59,27
"60RA000110",106,52,54
"60RA000111",79,49,30
"60RA000112",111,43,68
"60RA000113",110,66,44
"60RA000114",81,53,28
"60RA000115",87,54,33
"60RA000116",91,49,42
"60RA000117",109,69,40
"60RA000118",121,49,72
"60RA000119",80,48,32
"60RA000120",91,47,44
"60RA000121",70,28,42
"60RA000122",63,37,26
"60RA000123",66,42,24
"60RA000124",78,32,46
"60RA000125",59,14,45
"60RA000126",57,31,26
"60RA000127",154,65,89
"60RA000128",43,19,24
"60RA000129",54,22,32
"60RA000130",47,27,20
"60RA000131",44,18,26
"60RA000132",62,16,46
"60RA000133",83,25,58
"60RA000134",114,58,56
"60RA000135",81,29,52
"60RA000136",83,50,33
"60RA000137",64,18,46
"60RA000138",64,16,48
"60RA000139",100,38,62
"60RA000140",115,43,72
"60RA000141",89,44,45
"60RA000142",93,25,68
"60RA000143",115,39,76
"60RA000144",80,26,54
"60RA000145",78,26,52
"60RA000146",84,30,54
"60RA000147",88,33,55
"60RA000148",91,43,48
"60RA000149",90,32,58
"60RA000150",157,67,90
"60RA000151",59,16,43
"60RA000152",110,40,70
"60RA000153",179,75,104
"60RA000154",88,36,52
"60RA000155",69,31,38
"60RA000156",92,58,34
"60RA000157",55,26,29
"60RA000158",113,65,48
"60RA000159",49,25,24
"60RA000160",105,49,56
"60RA000161",106,48,58
"60RA000162",57,31,26
"60RA000163",108,70,38
"60RA000164",96,41,55
"60RA000165",51,13,38
"60RA000166",168,86,82
"60RA000167",73,33,40
"60RA000168",83,32,51
"60RB000001",95,39,56
"60RB000002",110,38,72
"60RB000003",133,52,81
"60RB000004",103,35,68
"60RB000005",91,29,62
"60RB000006",106,34,72
"60RB000007",86,30,56
"60RB000008",124,40,84
"60RB000009",109,39,70
"60RB000010",61,25,36
"60RB000011",111,49,62
"60RB000012",98,33,65
"60RB000013",89,26,63
"60RB000014",110,29,81
"60RB000015",109,26,83
"60RB000016",109,44,65
"60RB000017",136,43,93
"60RB000018",160,49,111
"60RB000019",86,26,60
"60RB000020",76,22,54
"60RB000021",136,38,98
"60RB000022",93,52,41
"60RB000023",58,16,42
"60RB000024",131,66,65
"60RB000025",60,14,46
"60RB000026",81,23,58
"60RB000027",44,28,16
"60RB000028",302,216,86
"60RB000029",66,24,42
"60RB000030",60,22,38
"60RB000031",88,44,44
"60RB000032",87,29,58
"60RB000033",71,27,44
"60RB000034",149,58,91
"60RB000035",153,59,94
"60RB000036",65,27,38
"60RB000037",91,27,64
"60RB000038",45,22,23
"60RB000039",83,27,56
"60RB000040",126,51,75
"60RB000041",107,57,50
"60RB000042",101,34,67
"60RB000043",41,19,22
"60RB000044",112,33,79
"60RB000045",82,24,58
"60RB000046",63,23,40
"60RB000047",75,27,48
"60RB000048",73,33,40
"60RB000049",111,40,71
"60RB000050",117,47,70
"60RB000051",59,15,44
"60RB000052",158,75,83
"60RB000053",98,38,60
"60RB000054",113,40,73
"60RB000055",119,43,76
"60RB000056",121,48,73
"60RB000057",44,16,28
"60RB000058",107,43,64
"60RB000059",53,15,38
"60RB000060",61,19,42
"60RB000061",144,54,90
"60RB000062",147,39,108
"60RB000063",151,58,93
"60RB000064",63,32,31
"60RB000065",80,38,42
"60RB000066",48,18,30
"60RB000067",91,31,60
"60RB000068",64,32,32
"60RB000069",78,32,46
"60RB000070",86,33,53
"60RB000071",141,40,101
"60RB000072",108,35,73
"60RB000073",75,28,47
"60RB000074",48,16,32
"60RB000075",39,7,32
"60RB000076",123,43,80
"60RB000077",114,27,87
"60RB000078",76,25,51
"60RB000079",165,57,108
"60RB000080",135,46,89
"60RB000081",161,65,96
"60RB000082",53,20,33
"60RB000083",114,32,82
"60RB000084",199,137,62
"60RB000085",75,19,56
"60RB000086",125,38,87
"60RB000087",46,14,32
"60RB000088",89,25,64
"60RB000089",92,43,49
"60RB000090",119,49,70
"60RB000091",45,21,24
"60RB000092",133,37,96
"60RB000093",82,31,51
"60RB000094",51,15,36
"60RB000095",117,44,73
"60RB000096",117,33,84
"60RB000097",132,45,87
"60RB000098",127,52,75
"60RB000099",51,19,32
"60RB000100",68,21,47
"60RB000101",77,25,52
"60RB000102",132,39,93
"60RB000103",130,65,65
"60RB000104",113,42,71
"60RB000105",92,29,63
"60RB000106",57,17,40
"60RB000107",69,31,38
"60RB000108",80,20,60
"60RB000109",50,20,30
"60RB000110",52,26,26
"60RB000111",48,16,32
"60RB000112",163,65,98
"60RB000113",103,43,60
"60RB000114",95,28,67
"60RB000115",85,31,54
"60RB000116",137,62,75
"60RB000117",95,32,63
"60RB000118",141,66,75
"60RB000119",107,36,71
"60RB000120",120,47,73
"60RB000121",46,20,26
"60RB000122",106,38,68
"60RB000123",55,17,38
"60RB000124",167,88,79
"60RB000125",76,35,41
"60RB000126",107,32,75
"60RB000127",69,29,40
"60RB000128",76,37,39
"60RB000129",43,14,29
"60RB000130",104,61,43
"60RB000131",93,29,64
"60RB000132",145,49,96
"60RB000133",127,56,71
"60RB000134",123,57,66
"60RB000135",120,56,64
"60RB000136",119,39,80
"60RB000137",102,48,54
"60RB000138",98,43,55
"60RB000139",90,33,57
"60RB000140",73,29,44
"60RB000141",113,31,82
"60RB000142",103,50,53
"60RB000143",92,28,64
"60RB000144",158,57,101
"60RB000145",64,26,38
"60RB000146",80,32,48
"60RB000147",105,28,77
"60RB000148",78,29,49
"60RB000149",80,30,50
"60RB000150",81,21,60
"60RB000151",92,25,67
"60RB000152",68,24,44
"60RB000153",111,45,66
"60RB000154",58,24,34
"60RB000155",47,25,22
"60RB000156",74,33,41
"60RB000157",70,34,36
"60RB000158",140,65,75
"60RB000159",56,27,29
"60RB000160",68,21,47
"60RB000161",109,31,78
"60RB000162",110,37,73
"60RB000163",88,23,65
"60RB000164",72,22,50
"60RB000165",99,53,46
"60RB000166",116,49,67
"60RB000167",61,21,40
"60RB000168",116,48,68
"60RB000169",90,31,59
"60RB000170",80,32,48
"60RB000171",74,19,55
"60RB000172",84,29,55
"60RB000173",114,42,72
"60RB000174",192,122,70
"60RB000175",50,19,31
"60RB000176",113,42,71
"60RB000177",61,27,34
"60RB000178",82,36,46
"60RB000179",79,32,47
"60RB000180",89,30,59
"60RB000181",84,42,42
"60RB000182",62,22,40
"60RB000183",52,23,29
"60RB000184",72,46,26
"60RB000185",111,51,60
"60RB000186",83,19,64
"60RB000187",107,63,44
"60RB000188",84,34,50
"60RB000189",89,51,38
"60RB000190",76,44,32
"60RB000191",76,45,31
"60RB000192",88,35,53
"60RB000193",83,31,52
"60RB000194",60,48,12
"60RB000195",102,46,56
"60RB000196",113,57,56
"60RB000197",117,51,66
"60RB000198",110,60,50
"60RB000199",134,48,86
"60RB000200",129,48,81
"60RB000201",59,11,48
"60RB000202",96,34,62
"60RB000203",118,37,81
"60RB000204",130,38,92
"60RB000205",112,22,90
"60RB000206",103,33,70
"60RB000207",108,40,68
"60RB000208",114,56,58
"60RB000209",48,18,30
"60RB000210",59,23,36
"60RB000211",107,23,84
"60RB000212",96,45,51
"60RB000213",86,42,44
"60RB000214",126,66,60
"60RB000215",89,53,36
"60RB000216",89,19,70
"60RB000217",159,64,95
"60RB000218",110,38,72
"60RB000219",80,33,47
"60RB000220",97,31,66
"60RB000221",105,45,60
"60RB000222",89,41,48
"60RB000223",66,26,40
"60RB000224",153,42,111
"60RB000225",94,36,58
"60RB000226",86,34,52
"60RB000227",142,61,81
"60RB000228",80,22,58
"60RB000229",77,14,63
"60RB000230",54,11,43
"60RB000231",58,10,48
"60RB000232",118,39,79
"60RB000233",49,17,32
"60RB000234",65,40,25
"60RB000235",140,60,80
"60RB000236",77,39,38
"60RB000237",130,42,88
"60RB000238",116,84,32
"60RB000239",72,42,30
"60RB000240",76,24,52
"60RB000241",119,72,47
"60RB000242",109,25,84
"60RB000243",97,43,54
"60RB000244",115,55,60
"60RB000245",69,25,44
"60RB000246",96,54,42
"60RB000247",87,40,47
"60RB000248",58,30,28
"60RB000249",82,18,64
"60RB000250",126,46,80
"60RB000251",105,29,76
"60RB000252",144,62,82
"60RB000253",123,35,88
"60RB000254",93,49,44
"60RB000255",117,52,65
"60RB000256",88,54,34
"60RB000257",104,46,58
"60RB000258",104,43,61
"60RB000259",123,61,62
"60RB000260",81,39,42
"60RB000261",134,67,67
"60RB000262",116,60,56
"60RB000263",91,36,55
"60RB000264",134,64,70
"60RB000265",113,25,88
"60RB000266",102,56,46
"60RB000267",105,39,66
"60RB000268",127,37,90
"60RB000269",119,47,72
"60RB000270",76,38,38
"60RB000271",76,43,33
"60RB000272",118,60,58
"60RB000273",147,79,68
"60RB000274",117,47,70
"60RB000275",98,63,35
"60RB000276",101,51,50
"60RB000277",99,47,52
"60RB000278",95,55,40
"60RB000279",115,53,62
"60RB000280",89,63,26
"60RB000281",58,39,19
"60RB000282",129,76,53
"60RB000283",75,47,28
"60RB000284",67,47,20
"60RB000285",83,37,46
"60RB000286",94,42,52
"60RB000287",70,16,54
"60RB000288",104,30,74
"60RB000289",80,33,47
"60RB000290",114,46,68
"60RB000291",104,44,60
"60RB000292",73,29,44
"60RB000293",99,23,76
"60RB000294",87,36,51
"60RB000295",79,39,40
"60RB000296",95,33,62
"60RB000297",92,49,43
"60RB000298",84,52,32
"60RB000299",91,53,38
"60RB000300",113,59,54
"60RB000301",65,38,27
"60RB000302",86,57,29
"60RB000303",57,40,17
"60RB000304",109,45,64
"60RB000305",103,45,58
"60RB000306",77,17,60
"60RB000307",124,53,71
"60RB000308",112,48,64
"60RB000309",64,36,28
"60RB000310",76,60,16
"60RB000311",89,34,55
"60RB000312",102,33,69
"60RB000313",132,62,70
"60RB000314",71,39,32
"60RB000315",114,57,57
"60RB000316",156,36,120
"60RB000317",137,41,96
"60RB000318",173,59,114
"60RB000319",113,44,69
"60RB000320",100,38,62
"60RB000321",84,22,62
"60RB000322",146,44,102
"60RB000323",106,41,65
"60RB000324",129,35,94
"60RB000325",103,25,78
"60RB000326",84,25,59
"60RB000327",46,11,35
"60RB000328",45,17,28
"60RB000329",91,29,62
"60RB000330",147,71,76
"60RB000331",86,28,58
"60RB000332",111,41,70
"60RB000333",109,27,82
"60RB000334",89,23,66
"60RB000335",96,24,72
"60RB000336",85,17,68
"60RB000337",127,29,98
"60RB000338",77,21,56
"60RB000339",105,33,72
"60RB000340",114,34,80
"60RB000341",92,18,74
"60RB000342",46,13,33
"60RB000343",104,51,53
"60RB000344",129,34,95
"60RB000345",88,28,60
"60RB000346",81,31,50
"60RB000347",95,37,58
"60RB000348",76,20,56
"60RB000349",80,24,56
"60RB000350",106,55,51
"60RB000351",56,24,32
"60RB000352",187,90,97
"60RB000353",96,30,66
"60RB000354",90,59,31
"60RB000355",84,52,32
"60RB000356",75,26,49
"60RB000357",85,29,56
"60RB000358",108,42,66
"60RB000359",157,56,101
"60RB000360",79,28,51
"60RB000361",88,38,50
"60RB000362",103,33,70
"60RB000363",95,29,66
"60RB000364",90,30,60
"60RB000365",73,16,57
"60RB000366",113,68,45
"60RB000367",99,77,22
"60RB000368",105,55,50
"60RB000369",57,43,14
"60RB000370",63,43,20
"60RB000371",84,49,35
"60RB000372",69,53,16
"60RB000373",78,55,23
"60RB000374",71,47,24
"60RB000375",91,76,15
"60RB000376",84,71,13
"60RB000377",102,66,36
"60RB000378",83,45,38
"60RB000379",49,31,18
"60RB000380",100,56,44
"60RB000381",83,64,19
"60RB000382",44,19,25
"60RB000383",60,18,42
"60RB000384",81,27,54
"60RB000385",106,58,48
"60RB000386",61,33,28
"60RB000387",74,34,40
"60RB000388",96,34,62
"60RB000389",110,46,64
"60RB000390",121,61,60
"60RB000391",87,43,44
"60RB000392",69,44,25
"60RB000393",89,59,30
"60RB000394",119,67,52
"60RB000395",74,52,22
"60RB000396",55,37,18
"60RB000397",81,49,32
"60RB000398",112,52,60
"60RB000399",93,57,36
"60RB000400",102,44,58
"60RB000401",80,37,43
"60RB000402",134,69,65
"60RB000403",99,55,44
"60RB000404",126,67,59
"60RB000405",101,48,53
"60RB000406",124,64,60
"60RB000407",94,51,43
"60RB000408",70,37,33
"60RB000409",104,68,36
"60RB000410",106,50,56
"60RB000411",66,48,18
"60RB000412",87,43,44
"60RB000413",111,61,50
"60RB000414",106,86,20
"60RB000415",117,68,49
"60RB000416",112,44,68
"60RB000417",116,80,36
"60RB000418",113,45,68
"60RB000419",108,31,77
"60RB000420",101,71,30
"60RB000421",154,80,74
"60RB000422",135,71,64
"60RB000423",101,62,39
"60RB000424",111,47,64
"60RB000425",86,38,48
"60RB000426",153,75,78
"60RB000427",112,53,59
"60RB000428",95,51,44
"60RB000429",68,31,37
"60RB000430",77,31,46
"60RB000431",113,42,71
"60RB000432",83,36,47
"60RB000433",98,50,48
"60RB000434",86,46,40
"60RB000435",80,45,35
"60RB000436",109,48,61
"60RB000437",89,55,34
"60RB000438",91,35,56
"60RB000439",135,96,39
"60RB000440",116,82,34
"60RB000441",99,61,38
"60RB000442",127,67,60
"60RB000443",78,66,12
"60RB000444",142,79,63
"60RB000445",105,69,36
"60RB000446",95,51,44
"60RB000447",70,43,27
"60RB000448",83,53,30
"60RB000449",122,50,72
"60RB000450",79,41,38
"60RB000451",99,43,56
"60RB000452",78,42,36
"60RB000453",86,50,36
"60RB000454",71,37,34
"60RB000455",48,43,5
"60RB000456",114,54,60
"60RB000457",147,81,66
"60RB000458",78,44,34
"60RB000459",141,65,76
"60RB000460",124,66,58
"60RB000461",115,57,58
"60RB000462",68,38,30
"60RB000463",74,48,26
"60RB000464",94,50,44
"60RB000465",83,45,38
"60RB000466",90,49,41
"60RB000467",99,53,46
"60RB000468",49,31,18
"60RB000469",109,93,16
"60RB000470",55,41,14
"60RB000471",76,55,21
"60RB000472",85,70,15
"60RB000473",82,75,7
"60RB000474",80,72,8
"60RB000475",53,41,12
"60RB000476",91,69,22
"60RB000477",88,68,20
"60RB000478",51,43,8
"60RB000479",81,69,12
"60RB000480",72,55,17
"60RB000481",108,70,38
"60RB000482",81,62,19
"60RB000483",86,64,22
"60RB000484",121,57,64
"60RB000485",168,99,69
"60RB000486",126,67,59
"60RB000487",119,95,24
"60RB000488",59,46,13
"60RB000489",63,49,14
"60RB000490",95,75,20
"60RB000491",72,60,12
"60RB000492",88,61,27
"60RB000493",81,47,34
"60RB000494",82,36,46
"60RB000495",67,46,21
"60RB000496",86,42,44
"60RB000497",72,42,30
"60RB000498",165,75,90
"60RB000499",63,39,24
"60RB000500",69,51,18
"60RB000501",98,60,38
"60RB000502",94,73,21
"60RB000503",67,50,17
"60RB000504",92,76,16
"60RB000505",91,57,34
"60RB000506",84,58,26
"60RB000507",97,59,38
"60RB000508",76,52,24
"60RB000509",82,47,35
"60RB000510",84,62,22
"60RB000511",109,44,65
"60RB000512",89,25,64
"60RB000513",106,27,79
"60RB000514",132,50,82
"60RB000515",132,31,101
"60RB000516",211,111,100
"60RB000517",84,38,46
"60RB000518",87,70,17
"60RB000519",102,76,26
"60RB000520",148,41,107
"60RB000521",110,37,73
"60RB000522",104,34,70
"60RB000523",88,29,59
"60RB000524",85,25,60
"60RB000525",73,22,51
"60RB000526",115,35,80
"60RB000527",95,85,10
"60RB000528",60,56,4
"60RB000529",71,56,15
"60RB000530",60,50,10
"60RB000531",69,55,14
"60RB000532",114,69,45
"60RB000533",65,55,10
"60RB000534",63,42,21
"60RB000535",114,79,35
"60RB000536",88,49,39
"60RB000537",115,69,46
"60RB000538",80,51,29
"60RB000539",67,57,10
"60RB000540",75,61,14
"60RB000541",89,54,35
"60RB000542",85,40,45
"60RB000543",119,58,61
"60RB000544",82,35,47
"60RB000545",87,42,45
"60RB000546",74,41,33
"60RB000547",90,54,36
"60RB000548",114,54,60
"60RB000549",79,23,56
"60RB000550",96,48,48
"60RB000551",108,39,69
"60RB000552",85,40,45
"60RB000553",85,47,38
"60RB000554",95,34,61
"60RB000555",130,52,78
"60RB000556",155,56,99
"60RB000557",60,40,20
"60RB000558",151,68,83
"60RB000559",75,35,40
"60RB000560",106,52,54
"60RB000561",74,30,44
"60RB000562",83,49,34
"60RB000563",75,56,19
"60RB000564",77,47,30
"60RB000565",80,62,18
"60RB000566",71,51,20
"60RB000567",86,34,52
"60RB000568",80,35,45
"60RB000569",118,62,56
"60RB000570",82,31,51
"60RB000571",87,47,40
"60RB000572",85,39,46
"60RB000573",76,44,32
"60RB000574",83,56,27
"60RB000575",84,34,50
"60RB000576",76,32,44
"60RB000577",110,32,78
"60RB000578",115,44,71
"60RB000579",83,32,51
"60RB000580",80,27,53
"60RB000581",87,53,34
"60RB000582",77,27,50
"60RB000583",68,35,33
"60RB000584",130,48,82
"60RB000585",80,47,33
"60RB000586",113,49,64
"60RB000587",66,50,16
"60RB000588",64,17,47
"60RB000589",87,27,60
"60RB000590",111,38,73
"60RB000591",105,29,76
"60RB000592",102,33,69
"60RB000593",109,52,57
"60RB000594",142,44,98
"60RB000595",95,53,42
"60RB000596",84,52,32
"60RB000597",103,49,54
"60RB000598",97,43,54
"60RB000599",104,36,68
"60RB000600",36,14,22
"60RB000601",66,36,30
"60RB000602",89,34,55
"60RB000603",147,35,112
"60RB000604",71,19,52
"60RB000605",125,49,76
"60RB000606",87,57,30
"60RB000607",68,25,43
"60RB000608",138,69,69
"60RB000609",107,61,46
"60RB000610",100,42,58
"60RB000611",85,37,48
"60RB000612",94,33,61
"60RB000613",171,52,119
"60RB000614",160,60,100
"60RB000615",138,51,87
"60RB000616",125,46,79
"60RB000617",73,23,50
"60RB000618",67,31,36
"60RB000619",158,72,86
"60RB000620",97,43,54
"60RB000621",85,35,50
"60RB000622",106,56,50
"60RB000623",60,24,36
"60RB000624",145,71,74
"60RB000625",110,58,52
"60RB000626",65,43,22
"60RB000627",90,40,50
"60RB000628",95,45,50
"60RB000629",83,35,48
"60RB000630",86,42,44
"60RB000631",134,47,87
"60RB000632",99,40,59
"60RB000633",117,69,48
"60RB000634",83,42,41
"60RB000635",79,31,48
"60RB000636",78,49,29
"60RB000637",86,29,57
"60RB000638",113,23,90
"60RB000639",120,54,66
"60RB000640",68,12,56
"60RB000641",104,40,64
"60RB000642",104,28,76
"60RB000643",74,18,56
"60RB000644",76,22,54
"60RB000645",106,30,76
"60RB000646",91,27,64
"60RB000647",131,50,81
"60RB000648",125,45,80
"60RB000649",104,46,58
"60RB000650",64,32,32
"60RB000651",49,15,34
"60RB000652",71,40,31
"60RB000653",116,39,77
"60RB000654",89,47,42
"60RB000655",97,43,54
"60RB000656",86,36,50
"60RB000657",113,27,86
"60RB000658",58,26,32
"60RB000659",92,21,71
"60RB000660",147,58,89
"60RB000661",108,36,72
"60RB000662",106,45,61
"60RB000663",149,54,95
"60RB000664",73,35,38
"60RB000665",75,29,46
"60RB000666",76,33,43
"60RB000667",74,34,40
"60RB000668",118,31,87
"60RB000669",86,13,73
"60RB000670",85,31,54
"60RB000671",86,42,44
"60RB000672",83,45,38
"60RB000673",61,30,31
"60RB000674",124,33,91
"60RB000675",60,23,37
"60RB000676",95,65,30
"60RB000677",106,56,50
"60RB000678",73,35,38
"60RB000679",92,43,49
"60RB000680",158,48,110
"60RB000681",65,27,38
"60RB000682",62,18,44
"60RB000683",109,36,73
"60RB000684",118,62,56
"60RB000685",90,39,51
"60RB000686",85,37,48
"60RB000687",89,33,56
"60RB000688",99,35,64
"60RB000689",110,35,75
"60RB000690",91,51,40
"60RB000691",67,34,33
"60RB000692",53,14,39
"60RB000693",121,51,70
"60RB000694",116,44,72
"60RB000695",91,49,42
"60RB000696",94,52,42
"60RB000697",94,36,58
"60RB000698",87,36,51
"60RB000699",86,26,60
"60RB000700",77,27,50
"60RB000701",76,29,47
"60RB000702",59,17,42
"60RB000703",77,28,49
"60RB000704",78,28,50
"60RB000705",52,22,30
"60RB000706",80,30,50
"60RB000707",77,37,40
"60RB000708",98,64,34
"60RB000709",62,34,28
"60RB000710",90,52,38
"60RB000711",98,51,47
"60RB000712",117,81,36
"60RB000713",90,52,38
"60RB000714",104,50,54
"60RB000715",102,44,58
"60RB000716",83,45,38
"60RB000717",92,34,58
"60RB000718",88,28,60
"60RB000719",80,20,60
"60RB000720",97,63,34
"60RB000721",64,24,40
"60RB000722",66,18,48
"60RB000723",95,37,58
"60RB000724",103,51,52
"60RB000725",83,39,44
"60RB000726",100,40,60
"60RB000727",85,37,48
"60RB000728",108,60,48
"60RB000729",101,54,47
"60RB000730",128,76,52
"60RB000731",125,64,61
"60RB000732",194,86,108
"60RB000733",86,40,46
"60RB000734",92,34,58
"60RB000735",112,39,73
"60RB000736",138,34,104
"60RB000737",72,17,55
"60RB000738",93,43,50
"60RB000739",99,21,78
"60RB000740",71,26,45
"60RB000741",68,22,46
"60RB000742",103,34,69
"60RB000743",108,38,70
"60RB000744",120,60,60
"60RB000745",120,34,86
"60RB000746",58,24,34
"60RB000747",108,35,73
"60RB000748",130,58,72
"60RB000749",82,48,34
"60RB000750",86,36,50
"60RB000751",80,40,40
"60RB000752",82,60,22
"60RB000753",66,27,39
"60RB000754",104,34,70
"60RB000755",48,22,26
"60RB000756",73,57,16
"60RB000757",81,55,26
"60RB000758",71,55,16
"60RB000759",74,46,28
"60RB000760",83,41,42
"60RB000761",85,43,42
"60RB000762",86,48,38
"60RB000763",105,34,71
"60RB000764",141,78,63
"60RB000765",98,26,72
"60RB000766",109,53,56
"60RB000767",79,57,22
"60RB000768",72,28,44
"60RB000769",66,52,14
"60RB000770",90,39,51
"60RB000771",69,43,26
"60RB000772",111,67,44
"60RB000773",103,49,54
"60RB000774",78,30,48
"60RB000775",122,64,58
"60RB000776",148,70,78
"60RB000777",124,44,80
"60RB000778",68,38,30
"60RB000779",95,48,47
"60RB000780",68,35,33
"60RB000781",87,63,24
"60RB000782",85,53,32
"60RB000783",136,55,81
"60RB000784",118,65,53
"60RB000785",131,68,63
"60RB000786",127,64,63
"60RB000787",71,43,28
"60RB000788",94,36,58
"60RB000789",117,44,73
"60RB000790",109,46,63
"60RB000791",106,30,76
"60RB000792",73,39,34
"60RB000793",101,64,37
"60RB000794",101,47,54
"60RB000795",66,27,39
"60RB000796",49,27,22
"60RB000797",144,48,96
"60RB000798",119,59,60
"60RB000799",70,32,38
"60RB000800",88,38,50
"60RB000801",98,36,62
"60RB000802",62,20,42
"60RB000803",100,26,74
"60RB000804",110,35,75
"60RB000805",101,66,35
"60RB000806",124,78,46
"60RB000807",137,104,33
"60RB000808",118,42,76
"60RB000809",99,46,53
"60RB000810",103,57,46
"60RB000811",109,65,44
"60RB000812",136,68,68
"60RB000813",102,39,63
"60RB000814",122,37,85
"60RB000815",71,36,35
"60RB000816",107,42,65
"60RB000817",75,27,48
"60RB000818",83,34,49
"60RB000819",106,28,78
"60RB000820",72,32,40
"60RB000821",40,14,26
"60RB000822",71,28,43
"60RB000823",55,30,25
"60RB000824",88,49,39
"60RB000825",112,39,73
"60RB000826",76,22,54
"60RB000827",76,14,62
"60RB000828",50,15,35
"60RB000829",61,25,36
"60RB000830",75,43,32
"60RB000831",50,26,24
"60RB000832",45,15,30
"60RB000833",63,25,38
"60RB000834",87,39,48
"60RB000835",74,37,37
"60RB000836",56,26,30
"60RB000837",96,62,34
"60RB000838",55,35,20
"60RB000839",74,44,30
"60RB000840",90,47,43
"60RB000841",63,37,26
"60RB000842",133,65,68
"60RB000843",96,38,58
"60RB000844",89,33,56
"60RB000845",70,24,46
"60RB000846",46,10,36
"60RB000847",83,26,57
"60RB000848",115,45,70
"60RB000849",309,214,95
"60RB000850",146,43,103
"60RB000851",69,21,48
"60RB000852",101,32,69
"60RB000853",62,19,43
"60RB000854",80,44,36
"60RB000855",47,11,36
"60RB000856",46,13,33
"60RB000857",91,31,60
"60RB000858",92,43,49
"60RB000859",58,26,32
"60RB000860",57,14,43
"60RB000861",90,37,53
"60RB000862",91,39,52
"60RB000863",104,56,48
"60RB000864",100,49,51
"60RB000865",82,32,50
"60RB000866",81,26,55
"60RB000867",146,48,98
"60RB000868",80,34,46
"60RB000869",106,40,66
"60RB000870",95,39,56
"60RB000871",65,31,34
"60RB000872",106,34,72
"60RB000873",47,21,26
"60RB000874",45,12,33
"60RB000875",60,19,41
"60RB000876",104,41,63
"60RB000877",112,40,72
"60RB000878",105,48,57
"60RB000879",62,30,32
"60RB000880",61,21,40
"60RB000881",87,33,54
"60RB000882",49,11,38
"60RB000883",50,16,34
"60RB000884",55,15,40
"60RB000885",80,45,35
"60RB000886",80,27,53
"60RB000887",67,13,54
"60RB000888",92,30,62
"60RB000889",49,15,34
"60RB000890",47,25,22
"60RB000891",73,46,27
"60RB000892",106,60,46
"60RB000893",55,29,26
"60RB000894",60,26,34
"60RB000895",42,16,26
"60RB000896",58,27,31
"60RB000897",53,20,33
"60RB000898",134,48,86
"60RB000899",67,19,48
"60RB000900",48,18,30
"60RB000901",123,76,47
"60RB000902",90,48,42
"60RB000903",56,34,22
"60RB000904",87,31,56
"60RB000905",85,23,62
"60RB000906",50,20,30
"60RB000907",61,13,48
"60RB000908",64,14,50
"60RB000909",73,27,46
"60RB000910",92,30,62
"60RB000911",67,22,45
"60RB000912",123,45,78
"60RB000913",100,48,52
"60RB000914",75,31,44
"60RB000915",71,49,22
"60RB000916",44,38,6
"60RB000917",73,35,38
"60RB000918",85,18,67
"60RB000919",50,36,14
"60RB000920",116,65,51
"60RB000921",80,60,20
"60RB000922",79,56,23
"60RB000923",56,44,12
"60RB000924",123,55,68
"60RB000925",85,45,40
"60RB000926",85,32,53
"60RB000927",53,13,40
"60RB000928",92,26,66
"60RB000929",84,52,32
"60RB000930",70,16,54
"60RB000931",69,27,42
"60RB000932",85,39,46
"60RB000933",109,40,69
"60RB000934",70,34,36
"60RB000935",138,60,78
"60RB000936",89,23,66
"60RB000937",116,68,48
"60RB000938",36,30,6
"60RB000939",98,56,42
"60RB000940",63,34,29
"60RB000941",96,36,60
"60RB000942",65,35,30
"60RB000943",70,46,24
"60RB000944",62,57,5
"60RB000945",85,47,38
"60RB000946",75,28,47
"60RB000947",91,48,43
"60RB000948",52,24,28
"60RB000949",81,25,56
"60RB000950",100,26,74
"60RB000951",83,19,64
"60RB000952",217,143,74
"60RB000953",138,26,112
"60RB000954",53,16,37
"60RB000955",104,34,70
"60RB000956",131,29,102
"60RB000957",134,43,91
"60RB000958",121,23,98
"60RB000959",113,29,84
"60RB000960",107,35,72
"60RB000961",102,29,73
"60RB000962",120,44,76
"60RB000963",115,40,75
"60RB000964",167,81,86
"60RB000965",134,32,102
"60RB000966",108,28,80
"60RB000967",88,19,69
"60RB000968",83,31,52
"60RB000969",142,67,75
"60RB000970",83,29,54
"60RB000971",78,24,54
"60RB000972",72,34,38
"60RB000973",84,32,52
"60RB000974",127,35,92
"60RB000975",106,35,71
"60RB000976",106,41,65
"60RB000977",54,12,42
"60RB000978",256,118,138
"60RB000979",84,32,52
"60RB000980",85,22,63
"60RB000981",132,40,92
"60RB000982",50,18,32
"60RB000983",77,41,36
"60RB000984",79,27,52
"60RB000985",83,35,48
"60RB000986",92,38,54
"60RB000987",111,51,60
"60RB000988",87,37,50
"60RB000989",163,79,84
"60RB000990",84,40,44
"60RB000991",88,30,58
"60RB000992",80,21,59
"60RB000993",83,26,57
"60RB000994",100,24,76
"60RB000995",68,22,46
"60RB000996",118,50,68
"60RB000997",84,29,55
"60RB000998",46,12,34
"60RB000999",93,21,72
"60RB001000",82,29,53
"60RB001001",92,40,52
"60RB001002",88,19,69
"60RB001003",76,31,45
"60RB001004",90,31,59
"60RB001005",79,39,40
"60RB001006",72,39,33
"60RB001007",69,27,42
"60RB001008",124,54,70
"60RB001009",124,64,60
"60RB001010",96,19,77
"60RB001011",66,42,24
"60RB001012",87,35,52
"60RB001013",123,34,89
"60RB001014",102,34,68
"60RB001015",78,42,36
"60RB001016",64,22,42
"60RB001017",125,63,62
"60RB001018",56,39,17
"60RB001019",142,71,71
"60RB001020",49,27,22
"60RB001021",101,51,50
"60RB001022",71,21,50
"60RB001023",93,27,66
"60RB001024",107,33,74
"60RB001025",63,16,47
"60RB001026",92,50,42
"60RB001027",63,40,23
"60RB001028",63,57,6
"60RB001029",47,29,18
"60RB001030",48,20,28
"60RB001031",115,41,74
"60RB001032",111,35,76
"60RB001033",195,106,89
"60RB001034",127,25,102
"60RB001035",101,40,61
"60RB001036",89,29,60
"60RB001037",96,28,68
"60RB001038",101,19,82
"60RB001039",71,27,44
"60RB001040",106,30,76
"60RB001041",62,20,42
"60RB001042",131,41,90
"60RB001043",122,46,76
"60RB001044",138,36,102
"60RB001045",53,21,32
"60RB001046",84,49,35
"60RB001047",129,71,58
"60RB001048",157,55,102
"60RB001049",124,38,86
"60RB001050",102,33,69
"60RB001051",88,48,40
"60RB001052",46,24,22
"60RB001053",75,31,44
"60RB001054",93,40,53
"60RB001055",77,41,36
"60RB001056",78,38,40
"60RB001057",76,49,27
"60RB001058",89,55,34
"60RB001059",42,30,12
"60RB001060",106,90,16
"60RB001061",108,61,47
"60RB001062",150,78,72
"60RB001063",104,81,23
"60RB001064",68,44,24
"60RB001065",52,52,0
"60RB001066",138,108,30
"60RB001067",90,66,24
"60RB001068",79,57,22
"60RB001069",51,38,13
"60RB001070",55,45,10
"60RB001071",77,53,24
"60RB001072",86,48,38
"60RB001073",73,33,40
"60RB001074",94,43,51
"60RB001075",108,30,78
"60RB001076",90,30,60
"60RB001077",76,54,22
"60RB001078",88,39,49
"60RB001079",103,60,43
"60RB001080",77,55,22
"60RB001081",49,33,16
"60RB001082",142,75,67
"60RB001083",102,36,66
"60RB001084",52,17,35
"60RB001085",100,68,32
"60RB001086",57,41,16
"60RB001087",105,54,51
"60RB001088",329,280,49
"60RB001089",54,31,23
"60RB001090",110,90,20
"60RB001091",132,111,21
"60RB001092",66,51,15
"60RB001093",75,62,13
"60RB001094",69,58,11
"60RB001095",77,61,16
"60RB001096",85,60,25
"60RB001097",60,50,10
"60RB001098",112,100,12
"60RB001099",87,47,40
"60RB001100",68,58,10
"60RB001101",57,47,10
"60RB001102",87,72,15
"60RB001103",68,48,20
"60RB001104",56,36,20
"60RB001105",103,63,40
"60RB001106",57,43,14
"60RB001107",64,32,32
"60RB001108",91,54,37
"60RB001109",177,89,88
"60RB001110",57,35,22
"60RB001111",133,73,60
"60RB001112",92,42,50
"60RB001113",68,24,44
"60RB001114",137,54,83
"60RB001115",70,36,34
"60RB001116",99,35,64
"60RB001117",78,36,42
"60RB001118",103,41,62
"60RB001119",57,19,38
"60RB001120",51,27,24
"60RB001121",98,60,38
"60RB001122",192,72,120
"60RB001123",56,12,44
"60RB001124",135,23,112
"60RB001125",132,76,56
"60RB001126",183,90,93
"60RB001127",86,48,38
"60RB001128",74,19,55
"60RB001129",99,39,60
"60RB001130",77,46,31
"60RB001131",60,42,18
"60RB001132",82,47,35
"60RB001133",93,52,41
"60RB001134",76,36,40
"60RB001135",64,28,36
"60RB001136",144,58,86
"60RB001137",65,37,28
"60RB001138",94,22,72
"60RB001139",88,42,46
"60RB001140",67,33,34
"60RB001141",60,33,27
"60RB001142",85,24,61
"60RB001143",127,54,73
"60RB001144",67,31,36
"60RB001145",106,36,70
"60RB001146",83,53,30
"60RB001147",122,54,68
"60RB001148",79,42,37
"60RB001149",47,25,22
"60RB001150",99,25,74
"60RB001151",235,82,153
"60RB001152",146,61,85
"60RB001153",133,39,94
"60RB001154",78,41,37
"60RB001155",93,22,71
"60RB001156",294,81,213
"60RB001157",97,30,67
"60RB001158",51,11,40
"60RB001159",82,27,55
"60RB001160",82,13,69
"60RB001161",55,26,29
"60RB001162",89,37,52
"60RB001163",83,34,49
"60RB001164",95,37,58
"60RC000001",428,335,93
"60RC000002",55,35,20
"60RC000003",137,61,76
"60RC000004",55,17,38
"60RC000005",138,57,81
"60RC000006",107,40,67
"60RC000007",57,33,24
"60RC000008",52,37,15
"60RC000009",61,43,18
"60RC000010",57,19,38
"60RC000011",135,33,102
"60RC000012",130,40,90
"60RC000013",94,36,58
"60RC000014",99,25,74
"60RC000015",84,47,37
"60RC000016",45,17,28
"60RC000017",119,44,75
"60RC000018",73,28,45
"60RC000019",89,46,43
"60RC000020",109,21,88
"60RC000021",82,26,56
"60RC000022",94,35,59
"60RC000023",104,54,50
"60RC000024",109,64,45
"60RC000025",126,72,54
"60RC000026",117,64,53
"60RC000027",96,48,48
"60RC000028",92,42,50
"60RC000029",73,51,22
"60RC000030",97,39,58
"60RC000031",99,47,52
"60RC000032",126,45,81
"60RC000033",62,38,24
"60RC000034",78,36,42
"60RC000035",102,41,61
"60RC000036",120,58,62
"60RC000037",59,41,18
"60RC000038",76,50,26
"60RC000039",99,65,34
"60RC000040",73,49,24
"60RC000041",90,54,36
"60RC000042",101,33,68
"60RC000043",122,58,64
"60RC000044",94,44,50
"60RC000045",166,89,77
"60RC000046",98,64,34
"60RC000047",95,73,22
"60RC000048",30,25,5
"60RC000049",79,39,40
"60RC000050",54,36,18
"60RC000051",55,39,16
"60RC000052",55,39,16
"60RC000053",117,74,43
"60RC000054",119,53,66
"60RC000055",70,24,46
"60RC000056",78,37,41
"60RC000057",73,47,26
"60RC000058",76,38,38
"60RC000059",97,75,22
"60RC000060",103,63,40
"60RC000061",50,32,18
"60RC000062",61,48,13
"60RC000063",99,52,47
"60RC000064",65,42,23
"60RC000065",71,28,43
"60RC000066",106,44,62
"60RC000067",111,75,36
"60RC000068",91,50,41
"60RC000069",68,36,32
"60RC000070",84,34,50
"60RC000071",149,50,99
"60RC000072",128,62,66
"60RC000073",76,23,53
"60RC000074",114,62,52
"60RC000075",99,64,35
"60RC000076",69,31,38
"60RC000077",94,49,45
"60RC000078",100,67,33
"60RC000079",67,47,20
"60RC000080",95,56,39
"60RC000081",93,55,38
"60RC000082",107,70,37
"60RC000083",77,53,24
"60RC000084",122,88,34
"60RC000085",92,68,24
"60RC000086",91,63,28
"60RC000087",93,69,24
"60RC000088",50,38,12
"60RC000089",68,35,33
"60RC000090",106,46,60
"60RC000091",85,49,36
"60RC000092",107,32,75
"60RC000093",84,32,52
"60RC000094",92,46,46
"60RC000095",50,37,13
"60RC000096",59,37,22
"60RC000097",59,47,12
"60RC000098",35,21,14
"60RC000099",84,48,36
"60RC000100",99,61,38
"60RC000101",59,47,12
"60RC000102",73,33,40
"60RC000103",94,58,36
"60RC000104",94,75,19
"60RC000105",82,44,38
"60RC000106",80,54,26
"60RC000107",101,41,60
"60RC000108",118,66,52
"60RC000109",55,34,21
"60RC000110",74,28,46
"60RC000111",102,58,44
"60RC000112",54,36,18
"60RC000113",74,30,44
"60RC000114",77,38,39
"60RC000115",132,78,54
"60RC000116",79,42,37
"60RC000117",91,31,60
"60RC000118",96,43,53
"60RC000119",138,48,90
"60RC000120",92,50,42
"60RC000121",118,58,60
"60RC000122",44,22,22
"60RC000123",105,57,48
"60RC000124",116,57,59
"60RC000125",126,73,53
"60RC000126",132,59,73
"60RC000127",136,50,86
"60RC000128",50,37,13
"60RC000129",91,57,34
"60RC000130",76,45,31
"60RC000131",70,50,20
"60RC000132",50,29,21
"60RC000133",54,43,11
"60RC000134",40,28,12
"60RC000135",89,55,34
"60RC000136",62,60,2
"60RC000137",93,43,50
"60RC000138",150,68,82
"60RC000139",154,70,84
"60RC000140",80,45,35
"60RC000141",82,42,40
"60RC000142",137,72,65
"60RC000143",124,63,61
"60RC000144",63,37,26
"60RC000145",85,44,41
"60RC000146",85,44,41
"60RC000147",102,56,46
"60RC000148",74,32,42
"60RC000149",70,29,41
"60RC000150",68,40,28
"60RC000151",51,41,10
"60RC000152",101,51,50
"60RC000153",116,64,52
"60RC000154",94,45,49
"60RC000155",157,78,79
"60RC000156",111,50,61
"60RC000157",116,39,77
"60RC000158",140,51,89
"60RC000159",35,19,16
"60RC000160",171,61,110
"60RC000161",124,48,76
"60RC000162",129,63,66
"60RC000163",119,53,66
"60RC000164",106,73,33
"60RC000165",136,63,73
"60RC000166",136,40,96
"60RC000167",112,34,78
"60RC000168",107,33,74
"60RC000169",129,45,84
"60RC000170",91,23,68
"60RC000171",98,56,42
"60RC000172",74,35,39
"60RC000173",83,41,42
"60RC000174",94,48,46
"60RC000175",71,36,35
"60RC000176",128,53,75
"60RC000177",138,58,80
"60RC000178",98,49,49
"60RC000179",105,39,66
"60RC000180",90,48,42
"60RC000181",156,83,73
"60RC000182",113,50,63
"60RC000183",161,55,106
"60RC000184",78,38,40
"60RC000185",105,70,35
"60RC000186",127,80,47
"60RC000187",98,60,38
"60RC000188",102,76,26
"60RC000189",66,35,31
"60RC000190",88,47,41
"60RC000191",81,32,49
"60RC000192",116,65,51
"60RC000193",107,43,64
"60RC000194",150,74,76
"60RC000195",124,57,67
"60RC000196",118,51,67
"60RC000197",118,47,71
"60RC000198",140,50,90
"60RC000199",142,74,68
"60RC000200",120,46,74
"60RC000201",149,51,98
"60RC000202",121,53,68
"60RC000203",146,56,90
"60RC000204",43,21,22
"60RC000205",100,26,74
"60RC000206",148,74,74
"60RC000207",96,52,44
"60RC000208",105,70,35
"60RC000209",94,46,48
"60RC000210",78,42,36
"60RC000211",98,37,61
"60RC000212",97,37,60
"60RC000213",105,51,54
"60RC000214",97,57,40
"60RC000215",105,55,50
"60RC000216",94,58,36
"60RC000217",79,44,35
"60RC000218",76,37,39
"60RC000219",87,45,42
"60RC000220",138,82,56
"60RC000221",127,50,77
"60RC000222",101,47,54
"60RC000223",114,72,42
"60RC000224",94,40,54
"60RC000225",90,25,65
"60RC000226",143,63,80
"60RC000227",114,58,56
"60RC000228",143,71,72
"60RC000229",115,86,29
"60RC000230",95,34,61
"60RC000231",90,73,17
"60RC000232",43,35,8
"60RC000233",92,76,16
"60RC000234",74,64,10
"60RC000235",61,43,18
"60RC000236",108,98,10
"60RC000237",109,85,24
"60RC000238",103,79,24
"60RC000239",91,67,24
"60RC000240",90,52,38
"60RC000241",72,51,21
"60RC000242",57,48,9
"60RC000243",69,51,18
"60RC000244",110,80,30
"60RC000245",96,72,24
"60RC000246",89,77,12
"60RC000247",112,88,24
"60RC000248",65,53,12
"60RC000249",63,48,15
"60RC000250",67,45,22
"60RC000251",52,36,16
"60RC000252",115,96,19
"60RC000253",64,54,10
"60RC000254",91,73,18
"60RC000255",78,60,18
"60RC000256",75,46,29
"60RC000257",51,50,1
"60RC000258",52,48,4
"60RC000259",55,47,8
"60RC000260",112,72,40
"60RC000261",104,55,49
"60RC000262",64,58,6
"60RC000263",80,31,49
"60RC000264",115,49,66
"60RC000265",72,18,54
"60RC000266",82,40,42
"60RC000267",56,42,14
"60RC000268",85,73,12
"60RC000269",69,57,12
"60RC000270",74,22,52
"60RC000271",62,47,15
"60RC000272",120,82,38
"60RC000273",151,129,22
"60RC000274",66,54,12
"60RC000275",55,48,7
"60RC000276",78,60,18
"60RC000277",106,77,29
"60RC000278",101,77,24
"60RC000279",52,40,12
"60RC000280",83,65,18
"60RC000281",77,62,15
"60RC000282",69,62,7
"60RC000283",58,48,10
"60RC000284",93,74,19
"60RC000285",54,37,17
"60RC000286",101,61,40
"60RC000287",101,84,17
"60RC000288",70,53,17
"60RC000289",62,39,23
"60RC000290",121,73,48
"60RC000291",59,20,39
"60RC000292",134,84,50
"60RC000293",71,57,14
"60RC000294",106,67,39
"60RC000295",82,65,17
"60RC000296",134,79,55
"60RC000297",68,30,38
"60RC000298",80,52,28
"60RC000299",92,46,46
"60RC000300",141,133,8
"60RC000301",47,43,4
"60RC000302",52,37,15
"60RC000303",43,43,0
"60RC000304",82,60,22
"60RC000305",70,41,29
"60RC000306",48,42,6
"60RC000307",102,88,14
"60RC000308",53,38,15
"60RC000309",95,77,18
"60RC000310",97,30,67
"60RC000311",120,89,31
"60RC000312",52,52,0
"60RC000313",82,72,10
"60RC000314",89,81,8
"60RC000315",49,33,16
"60RC000316",87,53,34
"60RC000317",56,33,23
"60RC000318",69,54,15
"60RC000319",85,63,22
"60RC000320",63,46,17
"60RC000321",98,62,36
"60RC000322",121,67,54
"60RC000323",142,87,55
"60RC000324",91,49,42
"60RC000325",84,34,50
"60RC000326",98,46,52
"60RC000327",66,36,30
"60RC000328",97,27,70
"60RC000329",92,35,57
"60RC000330",84,36,48
"60RC000331",75,35,40
"60RC000332",79,42,37
"60RC000333",77,40,37
"60RC000334",93,57,36
"60RC000335",80,48,32
"60RC000336",134,78,56
"60RC000337",95,39,56
"60RC000338",84,62,22
"60RC000339",71,42,29
"60RC000340",44,36,8
"60RC000341",118,75,43
"60RC000342",120,46,74
"60RC000343",113,33,80
"60RC000344",89,43,46
"60RC000345",94,34,60
"60RC000346",134,48,86
"60RC000347",90,16,74
"60RC000348",125,53,72
"60RC000349",112,36,76
"60RC000350",43,9,34
"60RC000351",67,13,54
"60RC000352",102,38,64
"60RC000353",100,24,76
"60RC000354",87,27,60
"60RC000355",95,32,63
"60RC000356",112,44,68
"60RC000357",80,26,54
"60RC000358",100,34,66
"60RC000359",171,53,118
"60RC000360",105,37,68
"60RC000361",149,55,94
"60RC000362",137,46,91
"60RC000363",101,28,73
"60RC000364",108,36,72
"60RC000365",94,34,60
"60RC000366",123,45,78
"60RC000367",139,47,92
"60RC000368",79,35,44
"60RC000369",97,34,63
"60RC000370",81,20,61
"60RC000371",115,41,74
"60RC000372",81,33,48
"60RC000373",99,54,45
"60RC000374",166,52,114
"60RC000375",126,44,82
"60RC000376",110,37,73
"60RC000377",84,40,44
"60RC000378",103,27,76
"60RC000379",100,31,69
"60RC000380",94,26,68
"60RC000381",94,32,62
"60RC000382",123,49,74
"60RC000383",106,55,51
"60RC000384",80,28,52
"60RC000385",126,39,87
"60RC000386",80,28,52
"60RC000387",97,42,55
"60RC000388",88,26,62
"60RC000389",101,32,69
"60RC000390",102,40,62
"60RC000391",132,106,26
"60RC000392",80,49,31
"60RC000393",193,106,87
"60RC000394",64,55,9
"60RC000395",106,72,34
"60RC000396",108,77,31
"60RC000397",65,38,27
"60RC000398",70,46,24
"60RC000399",72,40,32
"60RC000400",114,80,34
"60RC000401",131,84,47
"60RC000402",139,61,78
"60RC000403",46,38,8
"60RC000404",39,13,26
"60RC000405",83,47,36
"60RC000406",88,74,14
"60RC000407",68,54,14
"60RC000408",110,62,48
"60RC000409",65,49,16
"60RC000410",107,55,52
"60RC000411",94,59,35
"60RC000412",118,68,50
"60RC000413",84,39,45
"60RC000414",72,32,40
"60RC000415",67,35,32
"60RC000416",75,48,27
"60RC000417",66,34,32
"60RC000418",182,89,93
"60RC000419",91,43,48
"60RC000420",100,46,54
"60RC000421",94,38,56
"60RC000422",169,87,82
"60RC000423",141,62,79
"60RC000424",66,39,27
"60RC000425",123,48,75
"60RC000426",78,30,48
"60RC000427",92,77,15
"60RC000428",120,62,58
"60RC000429",76,68,8
"60RC000430",68,60,8
"60RC000431",45,39,6
"60RC000432",86,77,9
"60RC000433",112,99,13
"60RC000434",96,50,46
"60RC000435",136,74,62
"60RC000436",99,70,29
"60RC000437",69,58,11
"60RC000438",47,35,12
"60RC000439",103,60,43
"60RC000440",104,78,26
"60RC000441",85,48,37
"60RC000442",84,45,39
"60RC000443",59,43,16
"60RC000444",158,96,62
"60RC000445",48,45,3
"60RC000446",66,46,20
"60RC000447",117,58,59
"60RC000448",94,72,22
"60RC000449",159,85,74
"60RC000450",83,39,44
"60RC000451",109,43,66
"60RC000452",103,29,74
"60RC000453",172,46,126
"60RC000454",174,56,118
"60RC000455",111,32,79
"60RC000456",99,43,56
"60RC000457",97,49,48
"60RC000458",96,60,36
"60RC000459",118,70,48
"60RC000460",88,28,60
"60RC000461",90,51,39
"60RC000462",92,54,38
"60RC000463",76,30,46
"60RC000464",95,39,56
"60RC000465",114,52,62
"60RC000466",66,40,26
"60RC000467",82,40,42
"60RC000468",89,43,46
"60RC000469",68,46,22
"60RC000470",85,30,55
"60RC000471",95,48,47
"60RC000472",135,60,75
"60RC000473",102,54,48
"60RC000474",93,61,32
"60RC000475",118,76,42
"60RC000476",107,71,36
"60RC000477",119,76,43
"60RC000478",77,36,41
"60RC000479",89,50,39
"60RC000480",128,74,54
"60RC000481",122,66,56
"60RC000482",98,48,50
"60RC000483",66,44,22
"60RC000484",86,42,44
"60RC000485",129,66,63
"60RC000486",109,66,43
"60RC000487",79,35,44
"60RC000488",85,35,50
"60RC000489",91,39,52
"60RC000490",72,47,25
"60RC000491",92,37,55
"60RC000492",101,50,51
"60RC000493",76,52,24
"60RC000494",82,40,42
"60RC000495",85,41,44
"60RC000496",91,47,44
"60RC000497",211,153,58
"60RC000498",81,42,39
"60RC000499",139,63,76
"60RC000500",119,64,55
"60RC000501",117,58,59
"60RC000502",72,20,52
"60RC000503",53,27,26
"60RC000504",80,36,44
"60RC000505",77,28,49
"60RC000506",84,46,38
"60RC000507",114,62,52
"60RC000508",114,65,49
"60RC000509",76,41,35
"60RC000510",80,42,38
"60RC000511",88,35,53
"60RC000512",68,48,20
"60RC000513",79,58,21
"60RC000514",67,57,10
"60RC000515",113,73,40
"60RC000516",106,38,68
"60RC000517",157,62,95
"60RC000518",133,55,78
"60RC000519",85,29,56
"60RC000520",53,43,10
"60RC000521",55,46,9
"60RC000522",70,50,20
"60RC000523",98,30,68
"60RC000524",111,45,66
"60RC000525",108,33,75
"60RC000526",65,47,18
"60RC000527",109,40,69
"60RC000528",116,46,70
"60RC000529",83,65,18
"60RC000530",114,35,79
"60RC000531",102,37,65
"60RC000532",92,59,33
"60RC000533",105,68,37
"60RC000534",46,38,8
"60RC000535",83,58,25
"60RC000536",76,40,36
"60RC000537",55,21,34
"60RC000538",128,71,57
"60RC000539",110,57,53
"60RC000540",143,76,67
"60RC000541",110,48,62
"60RC000542",73,43,30
"60RC000543",91,28,63
"60RC000544",73,33,40
"60RC000545",60,31,29
"60RC000546",67,34,33
"60RC000547",93,50,43
"60RC000548",131,51,80
"60RC000549",92,43,49
"60RC000550",110,36,74
"60RC000551",137,49,88
"60RC000552",109,41,68
"60RC000553",55,21,34
"60RC000554",78,22,56
"60RC000555",96,35,61
"60RC000556",113,49,64
"60RC000557",91,26,65
"60RC000558",128,43,85
"60RC000559",85,29,56
"60RC000560",116,37,79
"60RC000561",108,34,74
"60RC000562",98,34,64
"60RC000563",144,50,94
"60RC000564",110,30,80
"60RC000565",106,36,70
"60RC000566",170,84,86
"60RC000567",128,37,91
"60RC000568",87,49,38
"60RC000569",85,40,45
"60RC000570",125,40,85
"60RC000571",108,38,70
"60RC000572",129,42,87
"60RC000573",86,40,46
"60RC000574",87,55,32
"60RC000575",127,45,82
"60RC000576",91,35,56
"60RC000577",97,29,68
"60RC000578",110,44,66
"60RC000579",78,34,44
"60RC000580",83,49,34
"60RC000581",95,81,14
"60RC000582",80,72,8
"60RC000583",88,40,48
"60RC000584",97,52,45
"60RC000585",71,30,41
"60RC000586",117,53,64
"60RC000587",69,36,33
"60RC000588",93,37,56
"60RC000589",76,48,28
"60RC000590",67,45,22
"60RC000591",99,39,60
"60RC000592",95,34,61
"60RC000593",109,48,61
"60RC000594",88,43,45
"60RC000595",60,44,16
"60RC000596",106,65,41
"60RC000597",129,51,78
"60RC000598",89,52,37
"60RC000599",65,47,18
"60RC000600",91,83,8
"60RC000601",68,39,29
"60RC000602",71,36,35
"60RC000603",88,41,47
"60RC000604",90,34,56
"60RC000605",94,55,39
"60RC000606",80,44,36
"60RC000607",57,45,12
"60RC000608",60,39,21
"60RC000609",87,58,29
"60RC000610",63,59,4
"60RC000611",106,83,23
"60RC000612",102,55,47
"60RC000613",74,36,38
"60RC000614",111,89,22
"60RC000615",115,84,31
"60RC000616",72,53,19
"60RC000617",97,79,18
"60RC000618",47,32,15
"60RC000619",99,41,58
"60RC000620",83,44,39
"60RC000621",57,50,7
"60RC000622",49,41,8
"60RC000623",98,66,32
"60RC000624",101,78,23
"60RC000625",53,39,14
"60RC000626",63,41,22
"60RC000627",64,56,8
"60RC000628",66,56,10
"60RC000629",42,34,8
"60RC000630",74,50,24
"60RC000631",68,51,17
"60RC000632",68,54,14
"60RC000633",75,47,28
"60RC000634",53,47,6
"60RC000635",74,63,11
"60RC000636",66,54,12
"60RC000637",51,45,6
"60RC000638",91,62,29
"60RC000639",92,52,40
"60RC000640",61,33,28
"60RC000641",128,72,56
"60RC000642",69,30,39
"60RC000643",74,45,29
"60RC000644",93,31,62
"60RC000645",75,32,43
"60RC000646",112,71,41
"60RC000647",65,65,0
"60RC000648",104,70,34
"60RC000649",56,40,16
"60RC000650",73,59,14
"60RC000651",81,49,32
"60RC000652",39,33,6
"60RC000653",95,66,29
"60RC000654",77,63,14
"60RC000655",45,31,14
"60RC000656",86,47,39
"60RC000657",117,69,48
"60RC000658",96,59,37
"60RC000659",105,71,34
"60RC000660",79,48,31
"60RC000661",78,40,38
"60RC000662",96,60,36
"60RC000663",61,46,15
"60RC000664",76,45,31
"60RC000665",71,46,25
"60RC000666",92,70,22
"60RC000667",72,50,22
"60RC000668",63,43,20
"60RC000669",101,71,30
"60RC000670",79,51,28
"60RC000671",70,42,28
"60RC000672",81,45,36
"60RC000673",78,45,33
"60RC000674",71,44,27
"60RC000675",85,54,31
"60RC000676",74,42,32
"60RC000677",79,51,28
"60RC000678",80,50,30
"60RC000679",120,53,67
"60RC000680",131,61,70
"60RC000681",83,36,47
"60RC000682",108,93,15
"60RC000683",97,51,46
"60RC000684",90,45,45
"60RC000685",79,36,43
"60RC000686",90,43,47
"60RC000687",66,38,28
"60RC000688",88,54,34
"60RC000689",79,49,30
"60RC000690",124,68,56
"60RC000691",85,43,42
"60RC000692",82,54,28
"60RC000693",105,61,44
"60RC000694",133,83,50
"60RC000695",97,73,24
"60RC000696",86,39,47
"60RC000697",84,28,56
"60RC000698",87,27,60
"60RC000699",84,25,59
"60RC000700",130,45,85
"60RC000701",78,26,52
"60RC000702",104,34,70
"60RC000703",125,43,82
"60RC000704",96,41,55
"60RC000705",118,38,80
"60RC000706",105,38,67
"60RC000707",114,71,43
"60RC000708",98,59,39
"60RC000709",89,81,8
"60RC000710",103,78,25
"60RC000711",98,88,10
"60RC000712",131,81,50
"60RC000713",69,65,4
"60RC000714",92,74,18
"60RC000715",50,42,8
"60RC000716",126,78,48
"60RC000717",92,52,40
"60RC000718",79,38,41
"60RC000719",88,64,24
"60RC000720",54,33,21
"60RC000721",60,39,21
"60RC000722",91,54,37
"60RC000723",67,47,20
"60RC000724",108,75,33
"60RC000725",60,52,8
"60RC000726",128,55,73
"60RC000727",111,65,46
"60RC000728",76,57,19
"60RC000729",68,50,18
"60RC000730",74,53,21
"60RC000731",99,47,52
"60RC000732",86,51,35
"60RC000733",101,68,33
"60RC000734",86,77,9
"60RC000735",63,53,10
"60RC000736",79,67,12
"60RC000737",102,62,40
"60RC000738",60,42,18
"60RC000739",118,78,40
"60RC000740",98,56,42
"60RC000741",61,48,13
"60RC000742",91,57,34
"60RC000743",79,53,26
"60RC000744",69,57,12
"60RC000745",94,36,58
"60RC000746",102,54,48
"60RC000747",80,55,25
"60RC000748",69,47,22
"60RC000749",73,46,27
"60RC000750",111,55,56
"60RC000751",67,43,24
"60RC000752",84,48,36
"60RC000753",85,33,52
"60RC000754",139,42,97
"60RC000755",75,24,51
"60RC000756",86,20,66
"60RC000757",95,26,69
"60RC000758",94,30,64
"60RC000759",107,57,50
"60RC000760",78,47,31
"60RC000761",95,38,57
"60RC000762",88,48,40
"60RC000763",104,54,50
"60RC000764",106,52,54
"60RC000765",97,51,46
"60RC000766",125,66,59
"60RC000767",120,55,65
"60RC000768",140,72,68
"60RC000769",112,55,57
"60RC000770",89,38,51
"60RC000771",99,48,51
"60RC000772",87,42,45
"60RC000773",123,66,57
"60RC000774",140,76,64
"60RC000775",87,37,50
"60RC000776",69,40,29
"60RC000777",39,9,30
"60RC000778",112,55,57
"60RC000779",56,29,27
"60RC000780",63,29,34
"60RC000781",152,58,94
"60RC000782",60,30,30
"60RC000783",78,46,32
"60RC000784",92,34,58
"60RC000785",75,49,26
"60RC000786",64,32,32
"60RC000787",111,59,52
"60RC000788",102,52,50
"60RC000789",63,41,22
"60RC000790",53,23,30
"60RC000791",103,45,58
"60RC000792",106,26,80
"60RC000793",127,66,61
"60RC000794",114,42,72
"60RC000795",145,66,79
"60RC000796",136,56,80
"60RC000797",104,56,48
"60RC000798",75,31,44
"60RC000799",82,37,45
"60RC000800",105,49,56
"60RC000801",75,35,40
"60RC000802",84,48,36
"60RC000803",120,45,75
"60RC000804",126,83,43
"60RC000805",107,46,61
"60RC000806",111,35,76
"60RC000807",110,28,82
"60RC000808",117,41,76
"60RC000809",194,82,112
"60RC000810",110,40,70
"60RC000811",112,37,75
"60RC000812",88,52,36
"60RC000813",87,27,60
"60RC000814",159,74,85
"60RC000815",149,79,70
"60RC000816",151,71,80
"60RC000817",146,46,100
"60RC000818",142,49,93
"60RC000819",171,61,110
"60RC000820",166,55,111
"60RC000821",121,37,84
"60RC000822",58,26,32
"60RC000823",134,50,84
"60RC000824",87,33,54
"60RC000825",88,46,42
"60RC000826",72,42,30
"60RC000827",106,49,57
"60RC000828",97,48,49
"60RC000829",88,30,58
"60RC000830",128,68,60
"60RC000831",130,50,80
"60RC000832",106,30,76
"60RC000833",89,47,42
"60RC000834",109,49,60
"60RC000835",83,42,41
"60RC000836",117,32,85
"60RC000837",102,25,77
"60RC000838",129,36,93
"60RC000839",108,30,78
"60RC000840",116,36,80
"60RC000841",125,51,74
"60RC000842",108,36,72
"60RC000843",114,28,86
"60RC000844",100,35,65
"60RC000845",120,32,88
"60RC000846",155,46,109
"60RC000847",127,26,101
"60RC000848",76,32,44
"60RC000849",87,20,67
"60RC000850",102,34,68
"60RC000851",78,43,35
"60RC000852",70,46,24
"60RC000853",101,45,56
"60RC000854",112,35,77
"60RC000855",114,39,75
"60RC000856",120,68,52
"60RC000857",95,63,32
"60RC000858",75,35,40
"60RC000859",120,68,52
"60RC000860",106,67,39
"60RC000861",76,42,34
"60RC000862",105,35,70
"60RC000863",71,43,28
"60RC000864",98,36,62
"60RC000865",90,20,70
"60RC000866",133,34,99
"60RC000867",155,41,114
"60RC000868",144,31,113
"60RC000869",99,37,62
"60RC000870",111,31,80
"60RC000871",153,53,100
"60RC000872",111,30,81
"60RC000873",93,25,68
"60RC000874",94,37,57
"60RC000875",112,30,82
"60RC000876",92,24,68
"60RC000877",133,50,83
"60RC000878",112,57,55
"60RC000879",104,47,57
"60RC000880",112,44,68
"60RC000881",139,41,98
"60RC000882",88,39,49
"60RC000883",136,42,94
"60RC000884",154,48,106
"60RC000885",120,47,73
"60RC000886",134,40,94
"60RC000887",135,39,96
"60RC000888",114,31,83
"60RC000889",104,26,78
"60RC000890",82,34,48
"60RC000891",70,24,46
"60RC000892",98,55,43
"60RC000893",133,43,90
"60RC000894",128,68,60
"60RC000895",116,60,56
"60RC000896",74,33,41
"60RC000897",157,42,115
"60RC000898",117,41,76
"60RC000899",94,28,66
"60RC000900",146,48,98
"60RC000901",127,64,63
"60RC000902",92,41,51
"60RC000903",101,39,62
"60RC000904",144,64,80
"60RC000905",92,37,55
"60RC000906",87,37,50
"60RC000907",108,62,46
"60RC000908",83,31,52
"60RC000909",78,40,38
"60RC000910",105,44,61
"60RC000911",124,42,82
"60RC000912",82,37,45
"60RC000913",150,78,72
"60RC000914",124,50,74
"60RC000915",120,50,70
"60RC000916",118,60,58
"60RC000917",117,30,87
"60RC000918",117,31,86
"60RC000919",128,38,90
"60RC000920",112,36,76
"60RC000921",118,41,77
"60RC000922",153,71,82
"60RC000923",110,35,75
"60RC000924",85,53,32
"60RC000925",76,44,32
"60RC000926",81,35,46
"60RC000927",110,65,45
"60RC000928",164,64,100
"60RC000929",115,64,51
"60RC000930",153,72,81
"60RC000931",90,52,38
"60RC000932",130,52,78
"60RC000933",118,61,57
"60RC000934",150,62,88
"60RC000935",147,52,95
"60RC000936",87,33,54
"60RC000937",153,74,79
"60RC000938",96,53,43
"60RC000939",79,34,45
"60RC000940",136,67,69
"60RC000941",142,68,74
"60RC000942",111,59,52
"60RC000943",110,42,68
"60RC000944",120,58,62
"60RC000945",94,42,52
"60RC000946",100,48,52
"60RC000947",71,26,45
"60RC000948",89,39,50
"60RC000949",97,25,72
"60RC000950",117,76,41
"60RC000951",142,45,97
"60RC000952",136,27,109
"60RC000953",58,14,44
"60RC000954",79,23,56
"60RC000955",71,16,55
"60RC000956",89,53,36
"60RC000957",120,56,64
"60RC000958",107,57,50
"60RC000959",126,60,66
"60RC000960",121,49,72
"60RC000961",58,27,31
"60RC000962",95,31,64
"60RC000963",143,59,84
"60RC000964",89,47,42
"60RC000965",111,53,58
"60RC000966",56,17,39
"60RC000967",133,63,70
"60RC000968",73,38,35
"60RC000969",99,49,50
"60RC000970",87,33,54
"60RC000971",138,48,90
"60RC000972",108,30,78
"60RC000973",89,42,47
"60RC000974",87,26,61
"60RC000975",89,19,70
"60RC000976",96,30,66
"60RC000977",133,38,95
"60RC000978",164,56,108
"60RC000979",183,54,129
"60RC000980",135,49,86
"60RC000981",172,63,109
"60RC000982",137,53,84
"60RC000983",137,42,95
"60RC000984",102,46,56
"60RC000985",159,52,107
"60RC000986",126,33,93
"60RC000987",117,42,75
"60RC000988",92,42,50
"60RC000989",84,30,54
"60RC000990",70,42,28
"60RC000991",97,43,54
"60RC000992",128,37,91
"60RC000993",86,34,52
"60RC000994",90,43,47
"60RC000995",101,60,41
"60RC000996",144,34,110
"60RC000997",145,49,96
"60RC000998",80,24,56
"60RC000999",92,36,56
"60RC001000",172,62,110
"60RC001001",133,39,94
"60RC001002",118,36,82
"60RC001003",153,37,116
"60RC001004",124,20,104
"60RC001005",120,32,88
"60RC001006",150,42,108
"60RC001007",145,57,88
"60RC001008",108,42,66
"60RC001009",106,46,60
"60RC001010",108,54,54
"60RC001011",90,74,16
"60RC001012",49,31,18
"60RC001013",119,43,76
"60RC001014",56,32,24
"60RC001015",85,33,52
"60RC001016",47,41,6
"60RC001017",70,44,26
"60RC001018",62,27,35
"60RC001019",71,55,16
"60RC001020",82,52,30
"60RC001021",96,41,55
"60RC001022",48,20,28
"60RC001023",90,39,51
"60RC001024",63,36,27
"60RC001025",61,21,40
"60RC001026",132,59,73
"60RC001027",108,32,76
"60RC001028",53,15,38
"60RC001029",95,29,66
"60RC001030",83,37,46
"60RC001031",53,35,18
"60RC001032",72,23,49
"60RC001033",118,44,74
"60RC001034",89,53,36
"60RC001035",45,13,32
"60RC001036",89,29,60
"60RC001037",84,34,50
"60RC001038",44,8,36
"60RC001039",96,24,72
"60RC001040",117,57,60
"60RC001041",156,43,113
"60RC001042",100,42,58
"60RC001043",89,31,58
"60RC001044",86,30,56
"60RC001045",54,19,35
"60RC001046",78,28,50
"60RC001047",82,38,44
"60RC001048",83,24,59
"60RC001049",119,55,64
"60RC001050",82,26,56
"60RC001051",78,32,46
"60RC001052",116,61,55
"60RC001053",117,61,56
"60RC001054",80,52,28
"60RC001055",90,51,39
"60RC001056",89,63,26
"60RC001057",82,53,29
"60RC001058",68,52,16
"60RC001059",70,26,44
"60RC001060",52,40,12
"60RC001061",52,10,42
"60RC001062",76,36,40
"60RC001063",68,28,40
"60RC001064",340,252,88
"60RC001065",66,32,34
"60RC001066",98,21,77
"60RC001067",64,20,44
"60RC001068",125,39,86
"60RC001069",51,17,34
"60RC001070",101,79,22
"60RC001071",107,47,60
"60RC001072",80,36,44
"60RC001073",53,44,9
"60RC001074",57,32,25
"60RC001075",87,45,42
"60RC001076",113,45,68
"60RC001077",65,43,22
"60RC001078",44,35,9
"60RC001079",82,60,22
"60RC001080",48,34,14
"60RC001081",53,35,18
"60RC001082",133,55,78
"60RC001083",51,41,10
"60RC001084",57,21,36
"60RC001085",117,41,76
"60RC001086",84,36,48
"60RC001087",45,29,16
"60RC001088",82,28,54
"60RC001089",189,67,122
"60RC001090",85,31,54
"60RC001091",100,48,52
"60RC001092",276,179,97
"60RC001093",54,40,14
"60RC001094",43,21,22
"60RC001095",152,78,74
"60RC001096",134,89,45
"60RC001097",43,37,6
"60RC001098",73,63,10
"60RC001099",83,65,18
"60RC001100",66,27,39
"60RC001101",67,31,36
"60RC001102",92,29,63
"60RC001103",76,39,37
"60RC001104",141,61,80
"60RC001105",76,48,28
"60RC001106",75,42,33
"60RC001107",83,46,37
"60RC001108",54,32,22
"60RC001109",83,57,26
"60RC001110",76,34,42
"60RC001111",65,49,16
"60RC001112",99,32,67
"60RC001113",78,22,56
"60RC001114",116,43,73
"60RC001115",101,32,69
"60RC001116",45,31,14
"60RC001117",62,42,20
"60RC001118",46,36,10
"60RC001119",60,48,12
"60RC001120",39,13,26
"60RC001121",45,35,10
"60RC001122",54,39,15
"60RC001123",81,65,16
"60RC001124",87,54,33
"60RC001125",59,38,21
"60RC001126",121,46,75
"60RC001127",58,45,13
"60RC001128",75,57,18
"60RC001129",83,60,23
"60RC001130",77,54,23
"60RC001131",61,43,18
"60RC001132",46,40,6
"60RC001133",111,39,72
"60RC001134",69,42,27
"60RC001135",100,46,54
"60RC001136",74,33,41
"60RC001137",39,24,15
"60RC001138",110,62,48
"60RC001139",111,41,70
"60RC001140",68,36,32
"60RC001141",54,39,15
"60RC001142",55,39,16
"60RC001143",68,42,26
"60RC001144",56,46,10
"60RC001145",61,30,31
"60RC001146",79,53,26
"60RC001147",66,37,29
"60RC001148",51,32,19
"60RC001149",65,39,26
"60RC001150",59,33,26
"60RC001151",62,17,45
"60RC001152",110,41,69
"60RC001153",72,39,33
"60RC001154",49,29,20
"60RC001155",76,39,37
"60RC001156",55,37,18
"60RC001157",78,52,26
"60RC001158",69,33,36
"60RC001159",71,31,40
"60RC001160",111,44,67
"60RC001161",50,40,10
"60RC001162",59,46,13
"60RC001163",57,42,15
"60RC001164",48,36,12
"60RC001165",98,44,54
"60RC001166",49,25,24
"60RC001167",106,46,60
"60RC001168",91,32,59
"60RC001169",123,43,80
"60RC001170",66,32,34
"60RC001171",48,26,22
"60RC001172",54,46,8
"60RC001173",139,64,75
"60RC001174",97,49,48
"60RC001175",105,52,53
"60RC001176",91,31,60
"60RC001177",109,48,61
"60RC001178",103,35,68
"60RC001179",82,15,67
"60RC001180",123,33,90
"60RC001181",111,31,80
"60RC001182",77,27,50
"60RC001183",68,26,42
"60RC001184",106,60,46
"60RC001185",130,52,78
"60RC001186",95,33,62
"60RC001187",55,24,31
"60RC001188",199,65,134
"60RC001189",105,34,71
"60RC001190",98,34,64
"60RC001191",118,55,63
"60RC001192",89,29,60
"60RC001193",80,30,50
"60RC001194",104,30,74
"60RC001195",65,15,50
"60RC001196",92,48,44
"60RC001197",76,30,46
"60RC001198",102,52,50
"60RC001199",77,25,52
"60RC001200",103,45,58
"60RC001201",96,28,68
"60RC001202",93,30,63
"60RC001203",144,43,101
"60RC001204",64,14,50
"60RC001205",124,39,85
"60RC001206",70,30,40
"60RC001207",128,44,84
"60RC001208",103,25,78
"60RC001209",93,23,70
"60RC001210",84,32,52
"60RC001211",96,20,76
"60RC001212",114,38,76
"60RC001213",58,14,44
"60RC001214",110,39,71
"60RC001215",96,40,56
"60RC001216",78,28,50
"60RC001217",49,32,17
"60RC001218",67,45,22
"60RC001219",68,39,29
"60RC001220",86,45,41
"60RC001221",62,46,16
"60RC001222",83,55,28
"60RC001223",50,36,14
"60RC001224",118,28,90
"60RC001225",120,47,73
"60RC001226",102,66,36
"60RC001227",63,29,34
"60RC001228",107,40,67
"60RC001229",154,57,97
"60RC001230",42,18,24
"60RC001231",49,9,40
"60RC001232",99,75,24
"60RC001233",77,53,24
"60RC001234",59,43,16
"60RC001235",81,28,53
"60RC001236",101,41,60
"60RC001237",66,22,44
"60RC001238",95,55,40
"60RC001239",37,25,12
"60RC001240",96,65,31
"60RC001241",54,30,24
"60RC001242",79,43,36
"60RC001243",103,52,51
"60RC001244",41,19,22
"60RC001245",54,40,14
"60RC001246",80,62,18
"60RC001247",76,66,10
"60RC001248",88,69,19
"60RC001249",62,45,17
"60RC001250",55,33,22
"60RC001251",96,62,34
"60RC001252",67,50,17
"60RC001253",94,69,25
"60RC001254",54,44,10
"60RC001255",82,52,30
"60RC001256",50,38,12
"60RC001257",68,57,11
"60RC001258",152,115,37
"60RC001259",50,38,12
"60RC001260",102,68,34
"60RC001261",71,35,36
"60RC001262",57,49,8
"60RC001263",70,48,22
"60RC001264",131,98,33
"60RC001265",86,66,20
"60RC001266",94,54,40
"60RC001267",64,50,14
"60RC001268",96,36,60
"60RC001269",80,39,41
"60RC001270",117,78,39
"60RC001271",123,80,43
"60RC001272",54,24,30
"60RC001273",64,26,38
"60RC001274",71,37,34
"60RC001275",56,42,14
"60RC001276",70,58,12
"60RC001277",102,76,26
"60RC001278",110,73,37
"60RC001279",93,67,26
"60RC001280",82,49,33
"60RC001281",111,29,82
"60RC001282",67,23,44
"60RC001283",138,29,109
"60RC001284",164,38,126
"60RC001285",149,77,72
"60RC001286",152,49,103
"60RC001287",98,52,46
"60RC001288",55,33,22
"60RC001289",87,44,43
"60RC001290",77,21,56
"60RC001291",91,58,33
"60RC001292",65,43,22
"60RC001293",71,35,36
"60RC001294",58,33,25
"60RC001295",71,46,25
"60RC001296",86,42,44
"60RC001297",53,34,19
"60RC001298",85,40,45
"60RC001299",117,41,76
"60RC001300",66,48,18
"60RC001301",100,70,30
"60RC001302",168,85,83
"60RC001303",109,49,60
"60RC001304",101,48,53
"60RC001305",125,36,89
"60RC001306",44,18,26
"60RC001307",108,42,66
"60RC001308",142,54,88
"60RC001309",137,41,96
"60RC001310",126,34,92
"60RC001311",64,18,46
"60RC001312",180,47,133
"60RC001313",72,48,24
"60RC001314",130,68,62
"60RC001315",123,31,92
"60RC001316",100,29,71
"60RC001317",85,43,42
"60RC001318",110,61,49
"60RC001319",99,46,53
"60RC001320",65,45,20
"60RC001321",60,41,19
"60RC001322",139,58,81
"60RC001323",151,37,114
"60RC001324",110,34,76
"60RC001325",67,25,42
"60RC001326",153,49,104
"60RC001327",97,35,62
"60RC001328",143,53,90
"60RC001329",117,30,87
"60RC001330",95,27,68
"60RC001331",94,26,68
"60RC001332",145,51,94
"60RC001333",62,10,52
"60RC001334",43,31,12
"60RC001335",70,54,16
"60RC001336",61,34,27
"60RC001337",77,53,24
"60RC001338",49,33,16
"60RC001339",93,47,46
"60RC001340",118,63,55
"60RC001341",102,72,30
"60RC001342",114,51,63
"60RC001343",64,50,14
"60RC001344",86,61,25
"60RC001345",36,34,2
"60RC001346",116,90,26
"60RC001347",87,68,19
"60RC001348",67,43,24
"60RC001349",99,46,53
"60RC001350",59,45,14
"60RC001351",79,64,15
"60RC001352",110,65,45
"60RC001353",126,78,48
"60RC001354",52,37,15
"60RC001355",87,67,20
"60RC001356",133,78,55
"60RC001357",77,43,34
"60RC001358",67,51,16
"60RC001359",95,37,58
"60RC001360",84,26,58
"60RC001361",114,55,59
"60RC001362",104,45,59
"60RC001363",66,39,27
"60RC001364",149,73,76
"60RC001365",109,34,75
"60RC001366",60,36,24
"60RC001367",90,50,40
"60RC001368",75,53,22
"60RC001369",92,22,70
"60RC001370",78,54,24
"60RC001371",102,64,38
"60RC001372",63,33,30
"60RC001373",88,63,25
"60RC001374",37,31,6
"60RC001375",50,28,22
"60RC001376",63,61,2
"60RC001377",72,60,12
"60RC001378",63,27,36
"60RC001379",99,48,51
"60RC001380",84,22,62
"60RC001381",65,37,28
"60RC001382",108,32,76
"60RC001383",74,19,55
"60RC001384",77,29,48
"60RC001385",86,61,25
"60RC001386",70,36,34
"60RC001387",88,48,40
"60RC001388",84,74,10
"60RC001389",72,58,14
"60RC001390",111,39,72
"60RC001391",140,45,95
"60RC001392",90,53,37
"60RC001393",51,41,10
"60RC001394",41,21,20
"60RC001395",122,61,61
"60RC001396",94,40,54
"60RC001397",67,38,29
"60RC001398",181,45,136
"60RC001399",78,30,48
"60RC001400",116,32,84
"60RC001401",56,22,34
"60RC001402",50,12,38
"60RC001403",175,62,113
"60RC001404",74,22,52
"60RC001405",76,36,40
"60RC001406",67,25,42
"60RC001407",66,20,46
"60RC001408",139,50,89
"60RC001409",94,34,60
"60RC001410",95,61,34
"60RC001411",61,23,38
"60RC001412",75,51,24
"60RC001413",45,37,8
"60RC001414",116,64,52
"60RC001415",65,43,22
"60RC001416",116,36,80
"60RC001417",58,26,32
"60RC001418",95,43,52
"60RC001419",172,42,130
"60RC001420",121,31,90
"60RC001421",137,33,104
"60RC001422",52,14,38
"60RC001423",41,11,30
"60RC001424",94,38,56
"60RC001425",69,19,50
"60RC001426",104,28,76
"60RC001427",50,40,10
"60RC001428",107,45,62
"60RC001429",70,26,44
"60RC001430",102,50,52
"60RC001431",70,22,48
"60RC001432",206,40,166
"60RC001433",101,31,70
"60RC001434",79,27,52
"60RC001435",135,37,98
"60RC001436",76,22,54
"60RC001437",208,56,152
"60RC001438",115,30,85
"60RC001439",80,20,60
"60RC001440",119,40,79
"60RC001441",80,20,60
"60RC001442",134,38,96
"60RC001443",53,19,34
"60RC001444",130,38,92
"60RC001445",57,35,22
"60RC001446",99,29,70
"60RC001447",88,26,62
"60RC001448",283,145,138
"60RC001449",100,39,61
"60RC001450",114,21,93
"60RC001451",90,20,70
"60RC001452",148,33,115
"60RC001453",72,18,54
"60RC001454",85,34,51
"60RC001455",113,28,85
"60RC001456",80,54,26
"60RC001457",111,40,71
"60RC001458",137,31,106
"60RC001459",72,47,25
"60RC001460",165,51,114
"60RC001461",74,23,51
"60RC001462",112,34,78
"60RC001463",81,28,53
"60RC001464",132,41,91
"60RC001465",69,35,34
"60RC001466",119,28,91
"60RC001467",51,13,38
"60RC001468",122,42,80
"60RC001469",65,37,28
"60RC001470",70,44,26
"60RC001471",89,48,41
"60RC001472",83,36,47
"60RC001473",74,50,24
"60QE000001",119,33,86
"60QE000002",80,42,38
"60QE000003",117,51,66
"60QE000004",140,46,94
"60QE000005",67,29,38
"60QE000006",85,35,50
"60QE000007",111,39,72
"60QE000008",69,31,38
"60QE000009",96,46,50
"60QE000010",119,39,80
"60QE000011",76,26,50
"60QE000012",56,23,33
"60QE000013",74,26,48
"60QE000014",82,38,44
"60QE000015",40,12,28
"60QE000016",82,34,48
"60QE000017",104,38,66
"60QE000018",128,48,80
"60QE000019",126,56,70
"60QE000020",51,17,34
"60QE000021",43,13,30
"60QE000022",108,40,68
"60QE000023",88,37,51
"60QE000024",99,47,52
"60QE000025",102,38,64
"60QE000026",66,31,35
"60QE000027",101,27,74
"60QE000028",69,19,50
"60QE000029",114,42,72
"60QE000030",69,27,42
"60QE000031",79,26,53
"60QE000032",128,45,83
"60QE000033",99,42,57
"60QE000034",113,43,70
"60QE000035",84,24,60
"60QE000036",95,43,52
"60QE000037",105,29,76
"60QE000038",86,32,54
"60QE000039",132,50,82
"60QE000040",129,69,60
"60QE000041",44,22,22
"60QE000042",99,27,72
"60QE000043",143,43,100
"60QE000044",85,32,53
"60QE000045",116,56,60
"60QE000046",104,34,70
"60QE000047",96,37,59
"60QE000048",82,31,51
"60QE000049",88,42,46
"60QE000050",130,49,81
"60QE000051",120,41,79
"60QE000052",124,59,65
"60QE000053",124,38,86
"60QE000054",144,68,76
"60QE000055",90,49,41
"60QE000056",84,34,50
"60QE000057",55,23,32
"60QE000058",128,56,72
"60QE000059",109,30,79
"60QE000060",130,56,74
"60QE000061",115,33,82
"60QE000062",143,52,91
"60QE000063",112,29,83
"60QE000064",45,17,28
"60QE000065",49,15,34
"60QE000066",151,43,108
"60QE000067",83,29,54
"60QE000068",72,28,44
"60QE000069",70,29,41
"60QE000070",128,35,93
"60QE000071",113,33,80
"60QE000072",111,29,82
"60QE000073",124,49,75
"60QE000074",81,30,51
"60QE000075",88,25,63
"60QE000076",116,55,61
"60QE000077",98,36,62
"60QE000078",103,43,60
"60QE000079",91,41,50
"60QE000080",124,53,71
"60QE000081",74,20,54
"60QE000082",46,21,25
"60QE000083",125,45,80
"60QE000084",137,49,88
"60QE000085",151,60,91
"60QE000086",87,35,52
"60QE000087",186,94,92
"60QE000088",105,47,58
"60QE000089",111,23,88
"60QE000090",98,46,52
"60QE000091",149,72,77
"60QE000092",65,29,36
"60QE000093",108,43,65
"60QE000094",98,42,56
"60QE000095",110,38,72
"60QE000096",40,19,21
"60QE000097",94,27,67
"60QE000098",113,42,71
"60QE000099",107,44,63
"60QE000100",91,25,66
"60QE000101",80,20,60
"60QE000102",70,26,44
"60QE000103",90,32,58
"60QE000104",80,24,56
"60QE000105",83,32,51
"60QE000106",135,49,86
"60QE000107",85,23,62
"60QE000108",126,36,90
"60QE000109",89,21,68
"60QE000110",117,39,78
"60QE000111",120,40,80
"60QE000112",142,51,91
"60QE000113",122,33,89
"60QE000114",113,49,64
"60QE000115",72,22,50
"60QE000116",101,37,64
"60QE000117",143,29,114
"60QE000118",93,41,52
"60QE000119",117,22,95
"60QE000120",86,36,50
"60QE000121",105,50,55
"60QE000122",104,36,68
"60QE000123",102,45,57
"60QE000124",131,37,94
"60QE000125",66,23,43
"60QE000126",115,48,67
"60QE000127",58,21,37
"60QE000128",61,22,39
"60QE000129",135,37,98
"60QE000130",67,31,36
"60QE000131",60,20,40
"60QE000132",70,22,48
"60QE000133",47,17,30
"60QE000134",82,33,49
"60QE000135",99,27,72
"60QE000136",87,31,56
"60QE000137",69,34,35
"60QE000138",41,15,26
"60QE000139",123,45,78
"60QE000140",92,34,58
"60QE000141",97,48,49
"60QE000142",90,26,64
"60QE000143",108,42,66
"60QE000144",78,35,43
"60QE000145",93,34,59
"60QE000146",163,86,77
"60QE000147",140,29,111
"60QE000148",90,37,53
"60QE000149",69,21,48
"60QE000150",37,19,18
"60QE000151",95,37,58
"60QE000152",48,14,34
"60QE000153",99,31,68
"60QE000154",141,57,84
"60QE000155",86,22,64
"60QE000156",76,21,55
"60QE000157",73,21,52
"60QE000158",54,9,45
"60QE000159",97,34,63
"60QE000160",95,33,62
"60QE000161",60,22,38
"60QE000162",67,19,48
"60QE000163",50,10,40
"60QE000164",52,20,32
"60QE000165",74,26,48
"60QE000166",63,19,44
"60QE000167",79,28,51
"60QE000168",75,29,46
"60QE000169",70,22,48
"60QE000170",109,45,64
"60QE000171",43,15,28
"60QE000172",93,41,52
"60QE000173",77,42,35
"60QE000174",61,27,34
"60QE000175",98,30,68
"60QE000176",76,42,34
"60QE000177",62,22,40
"60QE000178",93,29,64
"60QE000179",163,49,114
"60QE000180",89,35,54
"60QE000181",133,54,79
"60QE000182",94,26,68
"60QE000183",157,43,114
"60QE000184",131,48,83
"60QE000185",169,55,114
"60QE000186",69,23,46
"60QE000187",150,90,60
"60QE000188",93,31,62
"60QE000189",99,39,60
"60QE000190",96,35,61
"60QE000191",59,21,38
"60QE000192",110,47,63
"60QE000193",141,51,90
"60QE000194",74,39,35
"60QE000195",75,36,39
"60QE000196",68,36,32
"60QE000197",86,36,50
"60QE000198",69,19,50
"60QE000199",95,50,45
"60QE000200",85,45,40
"60QE000201",116,52,64
"60QE000202",117,40,77
"60QE000203",58,16,42
"60QE000204",114,31,83
"60QE000205",67,42,25
"60QE000206",47,25,22
"60QE000207",54,30,24
"60QE000208",45,24,21
"60QE000209",111,23,88
"60QE000210",85,51,34
"60QE000211",46,28,18
"60QE000212",101,57,44
"60QE000213",46,19,27
"60QE000214",46,12,34
"60QE000215",79,41,38
"60QE000216",130,37,93
"60QE000217",146,56,90
"60QE000218",66,21,45
"60QE000219",124,43,81
"60QE000220",100,49,51
"60QE000221",70,46,24
"60QE000222",145,52,93
"60QE000223",119,69,50
"60QE000224",129,72,57
"60QE000225",89,57,32
"60QE000226",93,45,48
"60QE000227",142,36,106
"60QE000228",108,52,56
"60QE000229",101,53,48
"60QE000230",81,46,35
"60QE000231",62,44,18
"60QE000232",70,40,30
"60QE000233",98,40,58
"60QE000234",49,30,19
"60QE000235",70,44,26
"60QE000236",92,38,54
"60QE000237",70,32,38
"60QE000238",82,54,28
"60QE000239",107,63,44
"60QE000240",84,31,53
"60QE000241",105,61,44
"60QE000242",67,37,30
"60QE000243",88,42,46
"60QE000244",101,63,38
"60QE000245",54,49,5
"60QE000246",79,45,34
"60QE000247",85,46,39
"60QE000248",69,39,30
"60QE000249",89,58,31
"60QE000250",95,59,36
"60QE000251",131,79,52
"60QE000252",101,54,47
"60QE000253",105,40,65
"60QE000254",94,55,39
"60QE000255",68,51,17
"60QE000256",60,42,18
"60QE000257",64,28,36
"60QE000258",146,43,103
"60QE000259",76,22,54
"60QE000260",157,53,104
"60QE000261",77,40,37
"60QE000262",63,27,36
"60QE000263",97,43,54
"60QE000264",44,26,18
"60QE000265",65,38,27
"60QE000266",96,43,53
"60QE000267",93,48,45
"60QE000268",79,35,44
"60QE000269",100,63,37
"60QE000270",73,43,30
"60QE000271",85,54,31
"60QE000272",50,27,23
"60QE000273",126,57,69
"60QE000274",75,35,40
"60QE000275",84,36,48
"60QE000276",85,33,52
"60QE000277",111,37,74
"60QE000278",98,29,69
"60QE000279",60,10,50
"60QE000280",86,45,41
"60QE000281",104,37,67
"60QE000282",81,39,42
"60QE000283",138,34,104
"60QE000284",85,45,40
"60QE000285",49,11,38
"60QE000286",90,27,63
"60QE000287",83,17,66
"60QE000288",151,44,107
"60QE000289",72,36,36
"60QE000290",125,76,49
"60QE000291",87,37,50
"60QE000292",141,74,67
"60QE000293",175,109,66
"60QE000294",142,82,60
"60QE000295",95,42,53
"60QE000296",52,30,22
"60QE000297",73,40,33
"60QE000298",60,37,23
"60QE000299",98,40,58
"60QE000300",64,34,30
"60QE000301",68,48,20
"60QE000302",82,42,40
"60QE000303",65,41,24
"60QE000304",96,58,38
"60QE000305",73,57,16
"60QE000306",67,42,25
"60QE000307",57,31,26
"60QE000308",77,35,42
"60QE000309",96,70,26
"60QE000310",90,61,29
"60QE000311",87,61,26
"60QE000312",82,34,48
"60QE000313",99,47,52
"60QE000314",77,39,38
"60QE000315",117,45,72
"60QE000316",87,55,32
"60QE000317",65,48,17
"60QE000318",79,48,31
"60QE000319",64,46,18
"60QE000320",96,48,48
"60QE000321",128,55,73
"60QE000322",79,39,40
"60QE000323",85,36,49
"60QE000324",111,58,53
"60QE000325",78,36,42
"60QE000326",138,52,86
"60QE000327",106,35,71
"60QE000328",102,49,53
"60QE000329",97,43,54
"60QE000330",43,27,16
"60QE000331",46,7,39
"60QE000332",76,53,23
"60QE000333",114,65,49
"60QE000334",105,47,58
"60QE000335",86,55,31
"60QE000336",127,43,84
"60QE000337",67,26,41
"60QE000338",122,40,82
"60QE000339",147,56,91
"60QE000340",91,43,48
"60QE000341",107,27,80
"60QE000342",145,52,93
"60QE000343",119,46,73
"60QE000344",74,31,43
"60QE000345",53,29,24
"60QE000346",66,34,32
"60QE000347",73,29,44
"60QE000348",83,30,53
"60QE000349",86,36,50
"60QE000350",98,31,67
"60QE000351",136,36,100
"60QE000352",162,48,114
"60QE000353",125,50,75
"60QE000354",76,35,41
"60QE000355",120,57,63
"60QE000356",80,20,60
"60QE000357",82,58,24
"60QE000358",68,28,40
"60QE000359",102,42,60
"60QE000360",110,41,69
"60QE000361",68,35,33
"60QE000362",90,40,50
"60QE000363",87,46,41
"60QE000364",67,23,44
"60QE000365",99,47,52
"60QE000366",69,15,54
"60QE000367",97,43,54
"60QE000368",87,33,54
"60QE000369",104,51,53
"60QE000370",82,40,42
"60QE000371",92,44,48
"60QE000372",94,46,48
"60QE000373",97,50,47
"60QE000374",87,29,58
"60QE000375",104,52,52
"60QE000376",71,25,46
"60QE000377",70,38,32
"60QE000378",67,35,32
"60QE000379",133,42,91
"60QE000380",60,19,41
"60QE000381",97,27,70
"60QE000382",73,31,42
"60QE000383",103,48,55
"60QE000384",72,54,18
"60QE000385",47,31,16
"60QE000386",55,27,28
"60QE000387",63,33,30
"60QE000388",120,56,64
"60QE000389",69,54,15
"60QE000390",125,72,53
"60QE000391",72,46,26
"60QE000392",83,33,50
"60QE000393",73,46,27
"60QE000394",75,35,40
"60QE000395",62,32,30
"60QE000396",117,48,69
"60QE000397",100,41,59
"60QE000398",99,37,62
"60QE000399",125,45,80
"60QE000400",137,55,82
"60QE000401",98,36,62
"60QE000402",105,45,60
"60QE000403",136,55,81
"60QE000404",61,31,30
"60QE000405",75,49,26
"60QE000406",94,30,64
"60QE000407",82,40,42
"60QE000408",111,40,71
"60QE000409",112,25,87
"60QE000410",94,38,56
"60QE000411",60,20,40
"60QE000412",74,14,60
"60QE000413",82,21,61
"60QE000414",98,38,60
"60QE000415",93,20,73
"60QE000416",52,18,34
"60QE000417",105,54,51
"60QE000418",109,35,74
"60QE000419",93,25,68
"60QE000420",77,40,37
"60QE000421",65,29,36
"60QE000422",56,28,28
"60QE000423",84,49,35
"60QE000424",63,49,14
"60QE000425",115,50,65
"60QE000426",82,58,24
"60QE000427",77,45,32
"60QE000428",95,42,53
"60QE000429",94,42,52
"60QE000430",128,56,72
"60QE000431",85,35,50
"60QE000432",98,48,50
"60QE000433",92,38,54
"60QE000434",97,56,41
"60QE000435",70,38,32
"60QE000436",107,59,48
"60QE000437",104,37,67
"60QE000438",125,74,51
"60QE000439",97,59,38
"60QE000440",73,45,28
"60QE000441",99,77,22
"60QE000442",69,45,24
"60QE000443",97,68,29
"60QE000444",90,56,34
"60QE000445",80,54,26
"60QE000446",82,59,23
"60QE000447",106,78,28
"60QE000448",76,42,34
"60QE000449",57,38,19
"60QE000450",86,50,36
"60QE000451",85,44,41
"60QE000452",61,39,22
"60QE000453",80,30,50
"60QE000454",37,16,21
"60QE000455",109,55,54
"60QE000456",107,63,44
"60QE000457",111,23,88
"60QE000458",124,54,70
"60QE000459",121,81,40
"60QE000460",100,42,58
"60QE000461",68,46,22
"60QE000462",92,36,56
"60QE000463",115,52,63
"60QE000464",83,46,37
"60QE000465",91,58,33
"60QE000466",78,46,32
"60QE000467",112,72,40
"60QE000468",107,78,29
"60QE000469",112,62,50
"60QE000470",99,31,68
"60QE000471",133,45,88
"60QE000472",111,49,62
"60QE000473",93,29,64
"60QE000474",70,28,42
"60QE000475",81,23,58
"60QE000476",100,22,78
"60QE000477",62,55,7
"60QE000478",83,39,44
"60QE000479",99,49,50
"60QE000480",93,41,52
"60QE000481",93,44,49
"60QE000482",83,49,34
"60QE000483",54,46,8
"60QE000484",104,44,60
"60QE000485",111,74,37
"60QE000486",111,61,50
"60QE000487",66,46,20
"60QE000488",84,42,42
"60QE000489",114,41,73
"60QE000490",117,87,30
"60QE000491",119,55,64
"60QE000492",158,60,98
"60QE000493",110,52,58
"60QE000494",98,52,46
"60QE000495",128,104,24
"60QE000496",71,42,29
"60QE000497",109,63,46
"60QE000498",136,64,72
"60QE000499",65,51,14
"60QE000500",82,20,62
"60QE000501",90,54,36
"60QE000502",83,44,39
"60QE000503",126,63,63
"60QE000504",98,36,62
"60QE000505",99,67,32
"60QE000506",68,39,29
"60QE000507",135,86,49
"60QE000508",99,46,53
"60QE000509",60,36,24
"60QE000510",212,159,53
"60QE000511",73,25,48
"60QE000512",64,35,29
"60QE000513",83,41,42
"60QE000514",112,32,80
"60QE000515",98,32,66
"60QE000516",81,30,51
"60QE000517",88,40,48
"60QE000518",118,36,82
"60QE000519",98,33,65
"60QE000520",98,31,67
"60QE000521",94,64,30
"60QE000522",106,30,76
"60QE000523",118,33,85
"60QE000524",97,44,53
"60QE000525",97,32,65
"60QE000526",79,45,34
"60QE000527",101,70,31
"60QE000528",83,34,49
"60QE000529",78,34,44
"60QE000530",112,35,77
"60QE000531",123,44,79
"60QE000532",114,36,78
"60QE000533",121,37,84
"60QE000534",88,18,70
"60QE000535",99,27,72
"60QE000536",119,45,74
"60QE000537",108,38,70
"60QE000538",84,28,56
"60QE000539",137,57,80
"60QE000540",140,44,96
"60QE000541",138,42,96
"60QE000542",64,50,14
"60QE000543",82,58,24
"60QE000544",112,53,59
"60QE000545",92,50,42
"60QE000546",119,58,61
"60QE000547",162,69,93
"60QE000548",128,73,55
"60QE000549",113,53,60
"60QE000550",76,41,35
"60QE000551",93,72,21
"60QE000552",122,36,86
"60QE000553",92,50,42
"60QE000554",113,49,64
"60QE000555",127,61,66
"60QE000556",116,50,66
"60QE000557",118,52,66
"60QE000558",144,41,103
"60QE000559",102,57,45
"60QE000560",88,35,53
"60QE000561",95,42,53
"60QE000562",111,59,52
"60QE000563",106,42,64
"60QE000564",113,65,48
"60QE000565",95,48,47
"60QE000566",118,70,48
"60QE000567",93,49,44
"60QE000568",101,37,64
"60QE000569",92,16,76
"60QE000570",89,37,52
"60QE000571",121,57,64
"60QE000572",102,58,44
"60QE000573",112,51,61
"60QE000574",114,46,68
"60QE000575",105,37,68
"60QE000576",135,75,60
"60QE000577",108,50,58
"60QE000578",70,36,34
"60QE000579",81,34,47
"60QE000580",79,27,52
"60QE000581",48,22,26
"60QE000582",68,42,26
"60QE000583",85,49,36
"60QE000584",133,46,87
"60QE000585",148,68,80
"60QE000586",67,52,15
"60QE000587",125,51,74
"60QE000588",128,41,87
"60QE000589",132,59,73
"60QE000590",48,29,19
"60QE000591",83,53,30
"60QE000592",79,33,46
"60QE000593",52,36,16
"60QE000594",54,46,8
"60QE000595",61,38,23
"60QE000596",108,62,46
"60QE000597",135,42,93
"60QE000598",121,57,64
"60QE000599",75,43,32
"60QE000600",108,32,76
"60QE000601",61,29,32
"60QE000602",127,51,76
"60QE000603",122,77,45
"60QE000604",71,52,19
"60QE000605",112,51,61
"60QE000606",116,72,44
"60QE000607",143,56,87
"60QE000608",65,43,22
"60QE000609",74,48,26
"60QE000610",72,48,24
"60QE000611",78,14,64
"60QE000612",134,32,102
"60QE000613",46,10,36
"60QE000614",87,28,59
"60QE000615",98,36,62
"60QE000616",93,23,70
"60QE000617",126,60,66
"60QE000618",89,41,48
"60QE000619",85,31,54
"60QE000620",123,57,66
"60QE000621",121,50,71
"60QE000622",98,50,48
"60QE000623",108,40,68
"60QE000624",76,33,43
"60QE000625",95,25,70
"60QE000626",117,53,64
"60QE000627",124,55,69
"60QE000628",129,51,78
"60QE000629",126,42,84
"60QE000630",127,37,90
"60QE000631",54,21,33
"60QE000632",84,42,42
"60QE000633",67,37,30
"60QE000634",78,38,40
"60QE000635",152,66,86
"60QE000636",156,65,91
"60QE000637",127,77,50
"60QE000638",122,44,78
"60QE000639",64,23,41
"60QE000640",111,44,67
"60QE000641",78,31,47
"60QE000642",54,37,17
"60QE000643",91,36,55
"60QE000644",89,49,40
"60QE000645",87,37,50
"60QE000646",106,35,71
"60QE000647",130,55,75
"60QE000648",120,43,77
"60QE000649",78,37,41
"60QE000650",83,48,35
"60QE000651",92,46,46
"60QE000652",91,24,67
"60QE000653",114,36,78
"60QE000654",112,59,53
"60QE000655",131,67,64
"60QE000656",91,33,58
"60QE000657",98,41,57
"60QE000658",77,25,52
"60QE000659",131,71,60
"60QE000660",117,45,72
"60QE000661",127,45,82
"60QE000662",101,27,74
"60QE000663",116,40,76
"60QE000664",117,40,77
"60QE000665",62,45,17
"60QE000666",116,56,60
"60QE000667",51,34,17
"60QE000668",88,32,56
"60QE000669",78,39,39
"60QE000670",92,46,46
"60QE000671",133,63,70
"60QE000672",87,49,38
"60QE000673",80,26,54
"60QE000674",103,53,50
"60QE000675",108,50,58
"60QE000676",49,23,26
"60QE000677",51,23,28
"60QE000678",95,33,62
"60QE000679",123,43,80
"60QE000680",82,20,62
"60QE000681",100,36,64
"60QE000682",122,43,79
"60QE000683",121,43,78
"60QE000684",101,52,49
"60QE000685",89,39,50
"60QE000686",94,36,58
"60QE000687",91,36,55
"60QE000688",85,34,51
"60QE000689",96,31,65
"60QE000690",64,26,38
"60QE000691",106,38,68
"60QE000692",105,44,61
"60QE000693",137,38,99
"60QE000694",110,37,73
"60QE000695",66,32,34
"60QE000696",42,27,15
"60QE000697",114,69,45
"60QE000698",131,31,100
"60QE000699",156,64,92
"60QE000700",138,61,77
"60QE000701",138,46,92
"60QE000702",137,62,75
"60QE000703",130,68,62
"60QE000704",129,38,91
"60QE000705",112,54,58
"60QE000706",104,56,48
"60QE000707",81,45,36
"60QE000708",83,36,47
"60QE000709",91,33,58
"60QE000710",116,84,32
"60QE000711",80,34,46
"60QE000712",83,38,45
"60QE000713",112,44,68
"60QE000714",64,34,30
"60QE000715",113,51,62
"60QE000716",80,32,48
"60QE000717",124,45,79
"60QE000718",46,28,18
"60QE000719",73,28,45
"60QE000720",69,33,36
"60QE000721",108,44,64
"60QE000722",72,36,36
"60QE000723",65,21,44
"60QE000724",106,29,77
"60QE000725",63,7,56
"60QE000726",91,31,60
"60QE000727",52,12,40
"60QE000728",72,32,40
"60QE000729",76,40,36
"60QE000730",100,64,36
"60QE000731",96,40,56
"60QE000732",60,35,25
"60QE000733",99,31,68
"60QE000734",91,22,69
"60QE000735",92,40,52
"60QE000736",104,52,52
"60QE000737",67,25,42
"60QE000738",95,38,57
"60QE000739",66,16,50
"60QE000740",151,80,71
"60QE000741",88,41,47
"60QE000742",74,26,48
"60QE000743",77,23,54
"60QE000744",95,23,72
"60QE000745",73,29,44
"60QE000746",112,46,66
"60QE000747",70,23,47
"60QE000748",68,28,40
"60QE000749",84,45,39
"60QE000750",79,23,56
"60QE000751",92,30,62
"60QE000752",71,34,37
"60QE000753",55,19,36
"60QE000754",81,53,28
"60QE000755",62,20,42
"60QE000756",86,47,39
"60QE000757",47,19,28
"60QE000758",48,20,28
"60QE000759",49,17,32
"60QE000760",73,22,51
"60QE000761",91,36,55
"60QE000762",46,18,28
"60QE000763",80,49,31
"60QE000764",99,59,40
"60QE000765",54,38,16
"60QE000766",61,11,50
"60QE000767",90,24,66
"60QE000768",121,48,73
"60QE000769",88,34,54
"60QE000770",62,34,28
"60QE000771",48,19,29
"60QE000772",79,35,44
"60QE000773",69,27,42
"60QE000774",136,33,103
"60QE000775",60,22,38
"60QE000776",46,18,28
"60QE000777",43,7,36
"60QE000778",71,49,22
"60QE000779",95,49,46
"60QE000780",105,33,72
"60QE000781",90,44,46
"60QE000782",60,34,26
"60QE000783",49,41,8
"60QE000784",58,24,34
"60QE000785",124,69,55
"60QE000786",91,27,64
"60QE000787",85,19,66
"60QE000788",97,49,48
"60QE000789",98,60,38
"60QE000790",126,43,83
"60QE000791",67,37,30
"60QE000792",59,19,40
"60QE000793",34,12,22
"60QE000794",87,33,54
"60QE000795",107,37,70
"60QE000796",81,26,55
"60QE000797",153,43,110
"60QE000798",74,38,36
"60QE000799",77,35,42
"60QE000800",68,42,26
"60QE000801",61,38,23
"60QE000802",105,25,80
"60QE000803",99,63,36
"60QE000804",68,48,20
"60QE000805",55,20,35
"60QE000806",63,26,37
"60QE000807",78,49,29
"60QE000808",53,27,26
"60QE000809",91,44,47
"60QE000810",72,39,33
"60QE000811",74,32,42
"60QE000812",46,26,20
"60QE000813",79,57,22
"60QE000814",109,65,44
"60QE000815",50,32,18
"60QE000816",142,62,80
"60QE000817",92,24,68
"60QE000818",79,62,17
"60QE000819",49,41,8
"60QE000820",87,37,50
"60QE000821",87,28,59
"60QE000822",99,35,64
"60QE000823",73,28,45
"60QE000824",130,44,86
"60QE000825",64,21,43
"60QE000826",183,61,122
"60QE000827",77,19,58
"60QE000828",102,44,58
"60QE000829",112,44,68
"60QE000830",112,32,80
"60QE000831",74,30,44
"60QE000832",94,29,65
"60QE000833",93,46,47
"60QE000834",85,32,53
"60QE000835",106,42,64
"60QE000836",96,18,78
"60QE000837",72,27,45
"60QE000838",114,53,61
"60QE000839",119,33,86
"60QE000840",49,18,31
"60QE000841",122,40,82
"60QE000842",116,24,92
"60QE000843",92,26,66
"60QE000844",132,76,56
"60QE000845",55,22,33
"60QE000846",129,49,80
"60QE000847",70,22,48
"60QE000848",89,31,58
"60QE000849",72,37,35
"60QE000850",59,37,22
"60QE000851",92,34,58
"60QE000852",78,33,45
"60QE000853",81,40,41
"60QE000854",81,31,50
"60QE000855",54,26,28
"60QE000856",112,49,63
"60QE000857",88,40,48
"60QE000858",78,39,39
"60QE000859",88,26,62
"60QE000860",69,21,48
"60QE000861",67,44,23
"60QE000862",61,33,28
"60QE000863",51,37,14
"60QE000864",66,50,16
"60QE000865",87,27,60
"60QE000866",97,43,54
"60QE000867",89,48,41
"60QE000868",54,46,8
"60QE000869",143,67,76
"60QE000870",63,34,29
"60QE000871",70,40,30
"60QE000872",54,33,21
"60QE000873",71,51,20
"60QE000874",83,43,40
"60QE000875",88,43,45
"60QE000876",50,20,30
"60QE000877",73,53,20
"60QE000878",55,28,27
"60QE000879",81,43,38
"60QE000880",106,56,50
"60QE000881",163,68,95
"60QE000882",71,51,20
"60QE000883",79,19,60
"60QE000884",52,46,6
"60QE000885",77,46,31
"60QE000886",75,44,31
"60QE000887",99,67,32
"60QE000888",70,32,38
"60QE000889",89,57,32
"60QE000890",84,24,60
"60QE000891",106,34,72
"60QE000892",115,38,77
"60QE000893",138,51,87
"60QE000894",73,23,50
"60QE000895",114,78,36
"60QE000896",83,54,29
"60QE000897",72,51,21
"60QE000898",58,32,26
"60QE000899",56,45,11
"60QE000900",75,31,44
"60QE000901",134,75,59
"60QE000902",156,62,94
"60QE000903",199,95,104
"60QE000904",61,17,44
"60QE000905",100,24,76
"60QE000906",124,64,60
"60QE000907",52,30,22
"60QE000908",101,37,64
"60QE000909",53,40,13
"60QE000910",64,49,15
"60QE000911",97,70,27
"60QE000912",198,114,84
"60QE000913",88,26,62
"60QE000914",48,38,10
"60QE000915",43,5,38
"60QE000916",172,42,130
"60QE000917",79,21,58
"60QE000918",81,18,63
"60QE000919",103,23,80
"60QE000920",78,29,49
"60QE000921",53,13,40
"60QE000922",116,32,84
"60QE000923",83,57,26
"60QE000924",66,34,32
"60QE000925",116,22,94
"60QE000926",89,43,46
"60QE000927",68,49,19
"60QE000928",61,23,38
"60QE000929",65,54,11
"60QE000930",58,50,8
"60QE000931",156,58,98
"60QE000932",113,31,82
"60RD000001",121,45,76
"60RD000002",47,24,23
"60RD000003",49,17,32
"60RD000004",142,55,87
"60RD000005",98,42,56
"60RD000006",133,63,70
"60RD000007",124,42,82
"60RD000008",125,65,60
"60RD000009",75,38,37
"60RD000010",144,76,68
"60RD000011",78,30,48
"60RD000012",53,27,26
"60RD000013",164,58,106
"60RD000014",95,43,52
"60RD000015",75,27,48
"60RD000016",183,59,124
"60RD000017",81,45,36
"60RD000018",51,23,28
"60RD000019",93,39,54
"60RD000020",152,73,79
"60RD000021",129,45,84
"60RD000022",117,44,73
"60RD000023",207,81,126
"60RD000024",101,43,58
"60RD000025",155,63,92
"60RD000026",73,37,36
"60RD000027",130,54,76
"60RD000028",137,65,72
"60RD000029",145,74,71
"60RD000030",74,40,34
"60RD000031",112,40,72
"60RD000032",126,55,71
"60RD000033",100,30,70
"60RD000034",45,23,22
"60RD000035",88,36,52
"60RD000036",142,71,71
"60RD000037",78,31,47
"60RD000038",125,53,72
"60RD000039",136,61,75
"60RD000040",85,57,28
"60RD000041",56,25,31
"60RD000042",116,60,56
"60RD000043",134,51,83
"60RD000044",53,31,22
"60RD000045",166,62,104
"60RD000046",60,26,34
"60RD000047",82,40,42
"60RD000048",60,30,30
"60RD000049",49,22,27
"60RD000050",108,38,70
"60RD000051",152,56,96
"60RD000052",175,74,101
"60RD000053",161,66,95
"60RD000054",106,46,60
"60RD000055",127,56,71
"60RD000056",153,60,93
"60RD000057",98,38,60
"60RD000058",142,74,68
"60RD000059",74,33,41
"60RD000060",67,29,38
"60RD000061",99,40,59
"60RD000062",74,40,34
"60RD000063",73,32,41
"60RD000064",73,36,37
"60RD000065",45,31,14
"60RD000066",50,32,18
"60RD000067",90,43,47
"60RD000068",99,31,68
"60RD000069",90,49,41
"60RD000070",93,40,53
"60RD000071",94,72,22
"60RD000072",83,54,29
"60RD000073",91,45,46
"60RD000074",74,53,21
"60RD000075",80,42,38
"60RD000076",68,32,36
"60RD000077",56,28,28
"60RD000078",95,44,51
"60RD000079",125,61,64
"60RD000080",50,10,40
"60RD000081",165,50,115
"60RD000082",105,42,63
"60RD000083",80,63,17
"60RD000084",85,62,23
"60RD000085",86,68,18
"60RD000086",131,62,69
"60RD000087",76,40,36
"60RD000088",128,76,52
"60RD000089",112,61,51
"60RD000090",120,55,65
"60RD000091",85,41,44
"60RD000092",78,35,43
"60RD000093",82,40,42
"60RD000094",77,51,26
"60RD000095",66,38,28
"60RD000096",92,58,34
"60RD000097",80,34,46
"60RD000098",61,51,10
"60RD000099",71,38,33
"60RD000100",77,46,31
"60RD000101",50,28,22
"60RD000102",75,33,42
"60RD000103",42,17,25
"60RD000104",54,36,18
"60RD000105",57,37,20
"60RD000106",63,42,21
"60RD000107",67,49,18
"60RD000108",171,85,86
"60RD000109",100,66,34
"60RD000110",55,31,24
"60RD000111",64,39,25
"60RD000112",76,57,19
"60RD000113",99,66,33
"60RD000114",72,37,35
"60RD000115",95,59,36
"60RD000116",101,55,46
"60RD000117",71,41,30
"60RD000118",95,54,41
"60RD000119",118,78,40
"60RD000120",121,53,68
"60RD000121",69,46,23
"60RD000122",159,79,80
"60RD000123",83,34,49
"60RD000124",58,26,32
"60RD000125",71,29,42
"60RD000126",51,23,28
"60RD000127",50,42,8
"60RD000128",63,39,24
"60RD000129",106,34,72
"60RD000130",67,44,23
"60RD000131",70,47,23
"60RD000132",57,43,14
"60RD000133",100,34,66
"60RD000134",111,53,58
"60RD000135",101,37,64
"60RD000136",44,30,14
"60RD000137",42,12,30
"60RD000138",62,22,40
"60RD000139",52,20,32
"60RD000140",117,33,84
"60RD000141",74,31,43
"60RD000142",151,54,97
"60RD000143",87,26,61
"60RD000144",76,28,48
"60RD000145",121,21,100
"60RD000146",133,57,76
"60RD000147",71,19,52
"60RD000148",153,59,94
"60RD000149",144,72,72
"60RD000150",181,87,94
"60RD000151",66,20,46
"60RD000152",118,53,65
"60RD000153",75,39,36
"60RD000154",82,28,54
"60RD000155",93,32,61
"60RD000156",90,48,42
"60RD000157",161,79,82
"60RD000158",48,29,19
"60RD000159",163,57,106
"60RD000160",78,28,50
"60RD000161",86,40,46
"60RD000162",73,24,49
"60RD000163",121,52,69
"60RD000164",39,15,24
"60RD000165",113,45,68
"60RD000166",81,53,28
"60RD000167",89,31,58
"60RD000168",45,37,8
"60RD000169",129,57,72
"60RD000170",86,48,38
"60RD000171",60,30,30
"60RD000172",107,55,52
"60RD000173",97,78,19
"60RD000174",99,72,27
"60RD000175",87,35,52
"60RD000176",105,62,43
"60RD000177",66,24,42
"60RD000178",66,45,21
"60RD000179",88,70,18
"60RD000180",207,84,123
"60RE000001",183,133,50
"60RE000002",139,57,82
"60RE000003",134,43,91
"60RE000004",113,40,73
"60RE000005",73,26,47
"60RE000006",92,29,63
"60RE000007",78,35,43
"60RE000008",91,29,62
"60RE000009",96,39,57
"60RE000010",157,82,75
"60RE000011",221,158,63
"60RE000012",103,36,67
"60RE000013",133,47,86
"60RE000014",114,54,60
"60RE000015",108,35,73
"60RE000016",34,11,23
"60RE000017",62,28,34
"60RE000018",89,34,55
"60RE000019",55,19,36
"60RE000020",109,38,71
"60RE000021",106,40,66
"60RE000022",122,94,28
"60RE000023",86,36,50
"60RE000024",97,59,38
"60RE000025",55,13,42
"60RE000026",66,18,48
"60RE000027",65,21,44
"60RE000028",101,41,60
"60RE000029",128,47,81
"60RE000030",85,33,52
"60RE000031",152,54,98
"60RE000032",61,21,40
"60RE000033",92,36,56
"60RE000034",121,35,86
"60RE000035",53,23,30
"60RE000036",131,54,77
"60RE000037",88,46,42
"60RE000038",84,34,50
"60RE000039",94,35,59
"60RE000040",64,23,41
"60RE000041",88,48,40
"60RE000042",84,47,37
"60RE000043",107,44,63
"60RE000044",115,57,58
"60RE000045",83,34,49
"60RE000046",44,16,28
"60RE000047",82,32,50
"60RE000048",87,31,56
"60RE000049",73,52,21
"60RE000050",93,37,56
"60RE000051",93,28,65
"60RE000052",65,33,32
"60RE000053",129,48,81
"60RE000054",94,34,60
"60RE000055",102,31,71
"60RE000056",71,37,34
"60RE000057",112,45,67
"60RE000058",123,41,82
"60RE000059",111,47,64
"60RE000060",89,44,45
"60RE000061",87,50,37
"60RE000062",126,68,58
"60RE000063",68,35,33
"60RE000064",103,34,69
"60RE000065",140,99,41
"60RE000066",90,22,68
"60RE000067",78,39,39
"60RE000068",56,38,18
"60RE000069",92,55,37
"60RE000070",88,54,34
"60RE000071",136,38,98
"60RE000072",152,67,85
"60RE000073",89,50,39
"60RE000074",127,61,66
"60RE000075",73,27,46
"60RE000076",65,29,36
"60RE000077",44,30,14
"60RE000078",96,62,34
"60RE000079",109,55,54
"60RE000080",115,34,81
"60RE000081",85,49,36
"60RE000082",79,25,54
"60RE000083",52,24,28
"60RE000084",59,29,30
"60RE000085",103,36,67
"60RE000086",125,52,73
"60RE000087",97,36,61
"60RE000088",107,42,65
"60RE000089",79,29,50
"60RE000090",148,71,77
"60RE000091",127,52,75
"60RE000092",145,82,63
"60RE000093",123,66,57
"60RE000094",74,56,18
"60RE000095",55,51,4
"60RE000096",75,47,28
"60RE000097",96,47,49
"60RE000098",79,35,44
"60RE000099",137,67,70
"60RE000100",125,73,52
"60RE000101",133,55,78
"60RE000102",114,62,52
"60RE000103",85,36,49
"60RE000104",80,44,36
"60RE000105",105,45,60
"60RE000106",86,48,38
"60RE000107",66,36,30
"60RE000108",82,40,42
"60RE000109",49,31,18
"60RE000110",107,89,18
"60RE000111",106,56,50
"60RE000112",168,83,85
"60RE000113",72,23,49
"60RE000114",149,65,84
"60RE000115",80,52,28
"60RE000116",146,64,82
"60RE000117",75,49,26
"60RE000118",119,68,51
"60RE000119",109,51,58
"60RE000120",89,48,41
"60RE000121",81,43,38
"60RE000122",68,25,43
"60RE000123",91,49,42
"60RE000124",92,42,50
"60RE000125",68,48,20
"60RE000126",49,23,26
"60RE000127",123,77,46
"60RE000128",57,39,18
"60RE000129",146,82,64
"60RE000130",91,58,33
"60RE000131",92,46,46
"60RE000132",89,41,48
"60RE000133",82,39,43
"60RE000134",63,31,32
"60RE000135",75,31,44
"60RE000136",45,15,30
"60RE000137",139,66,73
"60RE000138",133,39,94
"60RE000139",97,53,44
"60RE000140",99,24,75
"60RE000141",129,79,50
"60RE000142",138,70,68
"60RE000143",124,24,100
"60RE000144",53,35,18
"60RE000145",132,64,68
"60RE000146",129,37,92
"60RE000147",90,20,70
"60RE000148",138,92,46
"60RE000149",111,65,46
"60RE000150",64,49,15
"60RE000151",67,55,12
"60RE000152",74,68,6
"60RE000153",108,86,22
"60RE000154",99,71,28
"60RE000155",44,37,7
"60RE000156",63,45,18
"60RE000157",131,96,35
"60RE000158",60,44,16
"60RE000159",78,68,10
"60RE000160",59,55,4
"60RE000161",82,25,57
"60RE000162",160,53,107
"60RE000163",133,40,93
"60RE000164",95,29,66
"60RE000165",79,27,52
"60RE000166",80,37,43
"60RE000167",165,93,72
"60RE000168",121,60,61
"60RE000169",121,58,63
"60RE000170",140,36,104
"60RE000171",91,64,27
"60RE000172",96,38,58
"60RE000173",114,48,66
"60RE000174",103,37,66
"60RE000175",147,69,78
"60RE000176",76,27,49
"60RE000177",83,35,48
"60RE000178",62,25,37
"60RE000179",77,27,50
"60RE000180",158,70,88
"60RE000181",72,18,54
"60RE000182",113,36,77
"60RE000183",105,56,49
"60RE000184",135,44,91
"60RE000185",77,21,56
"60RE000186",154,72,82
"60RE000187",89,38,51
"60RE000188",71,24,47
"60RE000189",104,48,56
"60RE000190",73,35,38
"60RE000191",113,38,75
"60RE000192",92,34,58
"60RE000193",95,36,59
"60RE000194",118,53,65
"60RE000195",94,24,70
"60RE000196",83,38,45
"60RE000197",82,35,47
"60RE000198",85,35,50
"60RE000199",165,77,88
"60RE000200",138,62,76
"60RE000201",157,89,68
"60RE000202",132,61,71
"60RE000203",121,58,63
"60RE000204",91,51,40
"60RE000205",90,51,39
"60RE000206",112,68,44
"60RE000207",115,76,39
"60RE000208",152,86,66
"60RE000209",126,67,59
"60RE000210",111,67,44
"60RE000211",111,53,58
"60RE000212",135,67,68
"60RE000213",99,47,52
"60RE000214",109,54,55
"60RE000215",63,39,24
"60RE000216",88,48,40
"60RE000217",85,37,48
"60RE000218",84,47,37
"60RE000219",84,44,40
"60RE000220",90,26,64
"60RE000221",87,39,48
"60RE000222",63,21,42
"60RE000223",70,42,28
"60RE000224",119,58,61
"60RE000225",72,31,41
"60RE000226",82,36,46
"60RE000227",137,43,94
"60RE000228",135,44,91
"60RE000229",158,43,115
"60RE000230",123,53,70
"60RE000231",136,36,100
"60RE000232",172,47,125
"60RE000233",127,49,78
"60RE000234",125,45,80
"60RE000235",95,31,64
"60RE000236",101,29,72
"60RE000237",85,28,57
"60RE000238",96,43,53
"60RE000239",106,50,56
"60RE000240",81,33,48
"60RE000241",124,41,83
"60RE000242",71,32,39
"60RE000243",84,42,42
"60RE000244",116,52,64
"60RE000245",122,52,70
"60RE000246",89,50,39
"60RE000247",94,52,42
"60RE000248",93,47,46
"60RE000249",81,45,36
"60RE000250",82,45,37
"60RE000251",120,50,70
"60RE000252",85,53,32
"60RE000253",99,52,47
"60RE000254",71,53,18
"60RE000255",107,45,62
"60RE000256",81,24,57
"60RE000257",91,43,48
"60RE000258",74,40,34
"60RE000259",113,42,71
"60RE000260",88,43,45
"60RE000261",85,25,60
"60RE000262",55,29,26
"60RE000263",75,10,65
"60RE000264",131,30,101
"60RE000265",113,33,80
"60RE000266",83,24,59
"60RE000267",124,29,95
"60RE000268",137,33,104
"60RE000269",101,21,80
"60RE000270",106,24,82
"60RE000271",102,22,80
"60RE000272",132,40,92
"60RE000273",134,37,97
"60RE000274",126,36,90
"60RE000275",108,26,82
"60RE000276",124,31,93
"60RE000277",112,26,86
"60RE000278",123,35,88
"60RE000279",95,25,70
"60RE000280",104,32,72
"60RE000281",112,24,88
"60RE000282",97,41,56
"60RE000283",109,33,76
"60RE000284",86,28,58
"60RE000285",96,28,68
"60RE000286",113,47,66
"60RE000287",113,27,86
"60RE000288",80,19,61
"60RE000289",82,28,54
"60RE000290",105,34,71
"60RE000291",102,32,70
"60RE000292",100,26,74
"60RE000293",78,17,61
"60RE000294",126,32,94
"60RE000295",90,27,63
"60RE000296",111,33,78
"60RE000297",98,20,78
"60RE000298",155,73,82
"60RE000299",84,22,62
"60RE000300",73,29,44
"60RE000301",75,22,53
"60RE000302",95,31,64
"60RE000303",186,68,118
"60RE000304",78,38,40
"60RE000305",98,26,72
"60RE000306",76,20,56
"60RE000307",136,24,112
"60RE000308",90,20,70
"60RE000309",137,84,53
"60RE000310",88,27,61
"60RE000311",86,16,70
"60RE000312",97,36,61
"60RE000313",110,55,55
"60RE000314",69,31,38
"60RE000315",69,55,14
"60RE000316",85,51,34
"60RE000317",103,72,31
"60RE000318",83,50,33
"60RE000319",71,41,30
"60RE000320",89,71,18
"60RE000321",81,59,22
"60RE000322",85,52,33
"60RE000323",59,46,13
"60RE000324",66,53,13
"60RE000325",67,43,24
"60RE000326",59,39,20
"60RE000327",88,60,28
"60RE000328",81,61,20
"60RE000329",75,57,18
"60RE000330",71,57,14
"60RE000331",65,19,46
"60RE000332",76,36,40
"60RE000333",101,61,40
"60RE000334",123,41,82
"60RE000335",118,56,62
"60RE000336",101,45,56
"60RE000337",80,37,43
"60RE000338",86,40,46
"60RE000339",79,45,34
"60RE000340",73,31,42
"60RE000341",111,41,70
"60RE000342",75,37,38
"60RE000343",107,60,47
"60RE000344",74,26,48
"60RE000345",121,85,36
"60RE000346",50,24,26
"60RE000347",97,39,58
"60RE000348",57,43,14
"60RE000349",79,43,36
"60RE000350",101,76,25
"60RE000351",119,73,46
"60RE000352",113,85,28
"60RE000353",127,63,64
"60RE000354",61,47,14
"60RE000355",76,56,20
"60RE000356",70,50,20
"60RE000357",93,68,25
"60RE000358",108,64,44
"60RE000359",55,45,10
"60RE000360",54,39,15
"60RE000361",80,66,14
"60RE000362",61,42,19
"60RE000363",62,41,21
"60RE000364",130,58,72
"60RE000365",138,64,74
"60RE000366",106,47,59
"60RE000367",135,101,34
"60RE000368",110,78,32
"60RE000369",83,69,14
"60RE000370",73,47,26
"60RE000371",87,55,32
"60RE000372",150,53,97
"60RE000373",135,49,86
"60RE000374",50,32,18
"60RE000375",150,74,76
"60RE000376",149,57,92
"60RE000377",87,32,55
"60RE000378",96,50,46
"60RE000379",103,27,76
"60RE000380",81,29,52
"60RE000381",86,40,46
"60RE000382",60,41,19
"60RE000383",69,42,27
"60RE000384",72,44,28
"60RE000385",100,52,48
"60RE000386",64,26,38
"60RE000387",89,33,56
"60RE000388",84,28,56
"60RE000389",60,28,32
"60RE000390",68,45,23
"60RE000391",58,34,24
"60RE000392",55,29,26
"60RE000393",72,52,20
"60RE000394",95,64,31
"60RE000395",106,26,80
"60RE000396",98,32,66
"60RE000397",150,53,97
"60RE000398",118,44,74
"60RE000399",63,49,14
"60RE000400",83,59,24
"60RE000401",90,55,35
"60RE000402",104,66,38
"60RE000403",72,53,19
"60RE000404",53,37,16
"60RE000405",97,70,27
"60RE000406",89,62,27
"60RE000407",84,55,29
"60RE000408",106,46,60
"60RE000409",63,21,42
"60RE000410",192,127,65
"60RE000411",108,58,50
"60RE000412",56,46,10
"60RE000413",84,44,40
"60RE000414",77,31,46
"60RE000415",84,42,42
"60RE000416",94,46,48
"60RE000417",82,45,37
"60RE000418",148,61,87
"60RE000419",108,48,60
"60RE000420",148,66,82
"60RE000421",131,70,61
"60RE000422",116,47,69
"60RE000423",123,60,63
"60RE000424",84,34,50
"60RE000425",118,62,56
"60RE000426",80,44,36
"60RE000427",119,57,62
"60RE000428",129,73,56
"60RE000429",110,64,46
"60RE000430",113,64,49
"60RE000431",95,68,27
"60RE000432",110,36,74
"60RE000433",77,49,28
"60RE000434",83,49,34
"60RE000435",93,50,43
"60RE000436",73,42,31
"60RE000437",66,49,17
"60RE000438",73,43,30
"60RE000439",83,39,44
"60RE000440",35,32,3
"60RE000441",98,62,36
"60RE000442",105,52,53
"60RE000443",92,52,40
"60RE000444",92,44,48
"60RE000445",145,67,78
"60RE000446",91,49,42
"60RE000447",72,55,17
"60RE000448",101,38,63
"60RE000449",82,32,50
"60RE000450",92,31,61
"60RE000451",97,36,61
"60RE000452",60,22,38
"60RE000453",144,60,84
"60RE000454",98,36,62
"60RE000455",87,29,58
"60RE000456",135,52,83
"60RE000457",55,11,44
"60RE000458",48,18,30
"60RE000459",114,33,81
"60RE000460",99,35,64
"60RE000461",171,99,72
"60RE000462",83,28,55
"60RE000463",99,54,45
"60RE000464",101,33,68
"60RE000465",103,51,52
"60RE000466",73,27,46
"60RE000467",102,39,63
"60RE000468",82,67,15
"60RE000469",130,62,68
"60RE000470",96,47,49
"60RE000471",75,33,42
"60RE000472",107,44,63
"60RE000473",83,33,50
"60RE000474",89,25,64
"60RE000475",128,43,85
"60RE000476",118,70,48
"60RE000477",67,28,39
"60RE000478",78,32,46
"60RE000479",102,39,63
"60RE000480",134,56,78
"60RE000481",64,32,32
"60RE000482",123,44,79
"60RE000483",157,55,102
"60RE000484",108,65,43
"60RE000485",87,33,54
"60RE000486",110,74,36
"60RE000487",72,60,12
"60RE000488",116,64,52
"60RE000489",114,42,72
"60RE000490",95,45,50
"60RE000491",93,54,39
"60RE000492",113,59,54
"60RE000493",107,66,41
"60RE000494",73,37,36
"60RE000495",90,45,45
"60RE000496",90,38,52
"60RE000497",87,39,48
"60RE000498",123,64,59
"60RE000499",119,65,54
"60RE000500",94,49,45
"60RE000501",149,68,81
"60RE000502",69,49,20
"60RE000503",79,59,20
"60RE000504",57,48,9
"60RE000505",110,52,58
"60RE000506",86,30,56
"60RE000507",123,41,82
"60RE000508",93,45,48
"60RE000509",158,52,106
"60RE000510",136,54,82
"60RE000511",90,30,60
"60RE000512",101,39,62
"60RE000513",79,35,44
"60RE000514",71,30,41
"60RE000515",92,36,56
"60RE000516",103,43,60
"60RE000517",91,43,48
"60RE000518",174,68,106
"60RE000519",96,33,63
"60RE000520",113,36,77
"60RE000521",88,24,64
"60RE000522",107,43,64
"60RE000523",94,22,72
"60RE000524",85,37,48
"60RE000525",164,58,106
"60RE000526",158,46,112
"60RE000527",68,38,30
"60RE000528",43,15,28
"60RE000529",129,33,96
"60RE000530",85,29,56
"60RE000531",88,28,60
"60RE000532",64,26,38
"60RE000533",63,31,32
"60RE000534",144,78,66
"60RE000535",110,48,62
"60RE000536",83,46,37
"60RE000537",87,29,58
"60RE000538",74,24,50
"60RE000539",123,55,68
"60RE000540",71,31,40
"60RE000541",94,32,62
"60RE000542",118,50,68
"60RE000543",82,21,61
"60RE000544",90,38,52
"60RE000545",81,41,40
"60RE000546",81,28,53
"60RE000547",144,46,98
"60RE000548",158,50,108
"60RE000549",87,55,32
"60RE000550",135,41,94
"60RE000551",65,35,30
"60RE000552",110,70,40
"60RE000553",90,47,43
"60RE000554",154,29,125
"60RE000555",38,12,26
"60RE000556",146,59,87
"60RE000557",127,71,56
"60RE000558",143,66,77
"60RE000559",145,40,105
"60RE000560",113,65,48
"60RE000561",90,42,48
"60RE000562",92,54,38
"60RE000563",122,76,46
"60RE000564",113,59,54
"60RE000565",98,50,48
"60RE000566",126,57,69
"60RE000567",68,26,42
"60RE000568",128,66,62
"60RE000569",78,34,44
"60RE000570",66,34,32
"60RE000571",78,28,50
"60RE000572",102,38,64
"60RE000573",85,34,51
"60RE000574",138,64,74
"60RE000575",99,56,43
"60RE000576",98,60,38
"60RE000577",98,49,49
"60RE000578",88,48,40
"60RE000579",104,39,65
"60RE000580",99,35,64
"60RE000581",96,59,37
"60RE000582",74,38,36
"60RE000583",67,27,40
"60RE000584",83,50,33
"60RE000585",85,38,47
"60RE000586",100,37,63
"60RE000587",106,37,69
"60RE000588",131,68,63
"60RE000589",148,49,99
"60RE000590",135,34,101
"60RE000591",132,40,92
"60RE000592",116,31,85
"60RE000593",87,38,49
"60RE000594",77,15,62
"60RE000595",102,31,71
"60RE000596",89,32,57
"60RE000597",114,44,70
"60RE000598",71,31,40
"60RE000599",98,32,66
"60RE000600",100,56,44
"60RE000601",126,70,56
"60RE000602",100,67,33
"60RE000603",116,76,40
"60RE000604",85,53,32
"60RE000605",58,44,14
"60RE000606",53,40,13
"60RE000607",93,67,26
"60RE000608",45,31,14
"60RE000609",69,55,14
"60RE000610",52,16,36
"60RE000611",67,29,38
"60RE000612",82,63,19
"60RE000613",81,61,20
"60RE000614",94,79,15
"60RE000615",118,52,66
"60RE000616",78,49,29
"60RE000617",65,43,22
"60RE000618",138,52,86
"60RE000619",94,70,24
"60RE000620",130,50,80
"60RE000621",75,53,22
"60RE000622",85,35,50
"60RE000623",127,76,51
"60RE000624",87,49,38
"60RE000625",122,70,52
"60RE000626",100,73,27
"60RE000627",138,63,75
"60RE000628",117,63,54
"60RE000629",66,38,28
"60RE000630",118,50,68
"60RE000631",134,59,75
"60RE000632",55,21,34
"60RE000633",119,61,58
"60RE000634",120,54,66
"60RE000635",131,74,57
"60RE000636",107,67,40
"60RE000637",89,49,40
"60RE000638",69,38,31
"60RE000639",141,52,89
"60RE000640",129,37,92
"60RE000641",83,20,63
"60RE000642",106,30,76
"60RE000643",164,43,121
"60RE000644",87,29,58
"60RE000645",86,22,64
"60RE000646",128,51,77
"60RE000647",115,30,85
"60RE000648",120,40,80
"60RE000649",100,24,76
"60RE000650",122,43,79
"60RE000651",107,27,80
"60RE000652",97,21,76
"60RE000653",105,38,67
"60RE000654",89,29,60
"60RE000655",142,44,98
"60RE000656",116,26,90
"60RE000657",119,43,76
"60RE000658",97,27,70
"60RE000659",59,27,32
"60RE000660",69,30,39
"60RE000661",106,53,53
"60RE000662",128,60,68
"60RE000663",91,70,21
"60RE000664",99,44,55
"60RE000665",122,39,83
"60RE000666",101,33,68
"60RE000667",119,38,81
"60RE000668",133,45,88
"60RE000669",78,34,44
"60RE000670",83,30,53
"60RE000671",118,54,64
"60RE000672",94,23,71
"60RE000673",138,46,92
"60RE000674",132,62,70
"60RE000675",113,48,65
"60RE000676",88,34,54
"60RE000677",91,45,46
"60RE000678",62,18,44
"60RE000679",121,52,69
"60RE000680",116,69,47
"60RE000681",97,50,47
"60RE000682",70,38,32
"60RE000683",141,71,70
"60RE000684",123,57,66
"60RE000685",134,59,75
"60RE000686",106,31,75
"60RE000687",86,28,58
"60RE000688",115,40,75
"60RE000689",43,17,26
"60RE000690",118,40,78
"60RE000691",60,29,31
"60RE000692",145,72,73
"60RE000693",137,45,92
"60RE000694",71,28,43
"60RE000695",47,7,40
"60RE000696",137,53,84
"60RE000697",122,67,55
"60RE000698",95,38,57
"60RE000699",101,46,55
"60RE000700",70,50,20
"60RE000701",55,17,38
"60RE000702",69,57,12
"60RE000703",196,144,52
"60RE000704",86,36,50
"60RE000705",82,44,38
"60RE000706",56,24,32
"60RE000707",115,55,60
"60RE000708",101,39,62
"60RE000709",62,32,30
"60RE000710",54,21,33
"60RE000711",65,22,43
"60RE000712",118,28,90
"60RE000713",85,19,66
"60RE000714",59,11,48
"60RE000715",75,30,45
"60RE000716",81,47,34
"60RE000717",67,41,26
"60RE000718",122,42,80
"60RE000719",58,23,35
"60RE000720",77,59,18
"60RE000721",77,44,33
"60RE000722",124,94,30
"60RE000723",85,73,12
"60RE000724",67,42,25
"60RE000725",65,31,34
"60RE000726",136,50,86
"60RE000727",40,22,18
"60RE000728",66,38,28
"60RE000729",51,17,34
"60RE000730",52,22,30
"60RE000731",91,33,58
"60RE000732",69,26,43
"60RE000733",49,19,30
"60RE000734",49,17,32
"60RE000735",99,40,59
"60RE000736",84,42,42
"60RE000737",89,32,57
"60RE000738",67,28,39
"60RE000739",76,37,39
"60RE000740",104,57,47
"60RE000741",47,19,28
"60RE000742",79,42,37
"60RE000743",110,36,74
"60RE000744",77,41,36
"60RE000745",85,55,30
"60RE000746",56,27,29
"60RE000747",45,13,32
"60RE000748",86,36,50
"60RE000749",94,29,65
"60RE000750",102,27,75
"60RE000751",68,35,33
"60RE000752",58,34,24
"60RE000753",91,49,42
"60RE000754",51,23,28
"60RE000755",126,59,67
"60RE000756",95,41,54
"60RE000757",97,35,62
"60RE000758",144,51,93
"60RE000759",82,18,64
"60RE000760",57,16,41
"60RE000761",48,4,44
"60RE000762",134,34,100
"60RE000763",91,48,43
"60RE000764",84,32,52
"60RE000765",111,56,55
"60RE000766",50,22,28
"60RE000767",90,36,54
"60RE000768",64,36,28
"60RE000769",78,53,25
"60RE000770",59,29,30
"60RE000771",122,47,75
"60RE000772",51,15,36
"60RE000773",54,24,30
"60RE000774",108,59,49
"60RE000775",75,22,53
"60RE000776",91,15,76
"60RE000777",60,28,32
"60RE000778",136,64,72
"60RE000779",88,35,53
"60RE000780",92,33,59
"60RE000781",104,44,60
"60RE000782",85,33,52
"60RE000783",188,148,40
"60RE000784",102,46,56
"60RE000785",112,41,71
"60RE000786",88,27,61
"60RE000787",106,57,49
"60RE000788",63,22,41
"60RE000789",55,26,29
"60RE000790",102,40,62
"60RE000791",176,70,106
"60RE000792",81,37,44
"60RE000793",84,48,36
"60RE000794",116,50,66
"60RE000795",55,17,38
"60RE000796",72,32,40
"60RE000797",68,32,36
"60RE000798",99,55,44
"60RE000799",51,31,20
"60RE000800",70,34,36
"60RE000801",102,34,68
"60RE000802",66,32,34
"60RE000803",203,95,108
"60RE000804",105,62,43
"60RE000805",65,39,26
"60RE000806",62,22,40
"60RE000807",93,38,55
"60RE000808",60,34,26
"60RE000809",135,73,62
"60RE000810",59,53,6
"60RE000811",69,59,10
"60RE000812",167,54,113
"60RE000813",84,51,33
"60RE000814",47,42,5
"60RE000815",85,40,45
"60RE000816",76,28,48
"60RE000817",90,34,56
"60RE000818",170,52,118
"60RE000819",55,21,34
"60RE000820",93,15,78
"60RE000821",110,30,80
"60RE000822",121,33,88
"60RE000823",105,28,77
"60RE000824",124,40,84
"60RE000825",109,53,56
"60RE000826",61,34,27
"60RE000827",63,37,26
"60RE000828",98,62,36
"60RE000829",62,44,18
"60RE000830",93,32,61
"60RE000831",62,46,16
"60RE000832",130,36,94
"60RE000833",125,34,91
"60RE000834",88,20,68
"60RE000835",169,41,128
"60RE000836",80,20,60
"60RE000837",89,17,72
"60RE000838",122,53,69
"60RE000839",82,29,53
"60RE000840",107,37,70
"60RE000841",69,14,55
"60RE000842",80,68,12
"60RE000843",95,65,30
"60RE000844",170,125,45
"60RE000845",71,31,40
"60RE000846",90,41,49
"60RE000847",73,39,34
"60RE000848",89,30,59
"60RE000849",125,89,36
"60RE000850",81,35,46
"60RE000851",106,76,30
"60RE000852",119,73,46
"60RE000853",68,32,36
"60RE000854",111,40,71
"60RE000855",57,35,22
"60RE000856",51,33,18
"60RE000857",69,53,16
"60RE000858",158,67,91
"60RE000859",80,24,56
"60RE000860",123,63,60
"60RE000861",102,43,59
"60RE000862",89,34,55
"60RE000863",76,62,14
"60RE000864",69,37,32
"60RE000865",93,62,31
"60RE000866",71,52,19
"60RE000867",53,45,8
"60RE000868",103,89,14
"60RE000869",116,99,17
"60RE000870",108,42,66
"60RE000871",79,26,53
"60RE000872",92,61,31
"60RE000873",46,31,15
"60RE000874",226,84,142
"60RE000875",100,50,50
"60RE000876",50,16,34
"60RE000877",87,48,39
"60RE000878",55,33,22
"60RE000879",52,34,18
"60RE000880",101,53,48
"60RE000881",114,28,86
"60RE000882",70,41,29
"60RE000883",103,54,49
"60RE000884",115,41,74
"60RE000885",74,36,38
"60RE000886",105,36,69
"60RE000887",73,27,46
"60RE000888",111,30,81
"60RE000889",96,24,72
"60RE000890",91,37,54
"60RE000891",125,68,57
"60RE000892",63,33,30
"60RE000893",113,48,65
"60RE000894",89,45,44
"60RE000895",82,48,34
"60RE000896",45,27,18
"60RE000897",101,38,63
"60RE000898",104,31,73
"60RE000899",101,39,62
"60RE000900",75,17,58
"60RE000901",60,20,40
"60RE000902",130,38,92
"60RE000903",129,86,43
"60RE000904",55,33,22
"60RE000905",62,40,22
"60RE000906",137,67,70
"60RE000907",64,26,38
"60RE000908",107,26,81
"60RE000909",127,67,60
"60RE000910",136,34,102
"60RE000911",76,42,34
"60RE000912",114,54,60
"60RE000913",95,27,68
"60RE000914",85,23,62
"60RE000915",91,21,70
"60RE000916",91,31,60
"60RE000917",72,24,48
"60RE000918",153,46,107
"60RE000919",78,35,43
"60RE000920",79,29,50
"60RE000921",79,40,39
"60RE000922",72,32,40
"60RE000923",85,31,54
"60RE000924",105,52,53
"60RE000925",113,51,62
"60RE000926",83,49,34
"60RE000927",83,35,48
"60RE000928",90,31,59
"60RE000929",51,39,12
"60RE000930",123,59,64
"60RE000931",125,80,45
"60RE000932",62,40,22
"60RE000933",55,41,14
"60RE000934",73,41,32
"60RE000935",60,28,32
"60RE000936",125,41,84
"60RE000937",102,41,61
"60RE000938",96,44,52
"60RE000939",113,31,82
"60RE000940",93,49,44
"60RE000941",67,38,29
"60RE000942",98,40,58
"60RE000943",55,19,36
"60RE000944",162,47,115
"60RE000945",142,74,68
"60RE000946",80,23,57
"60RE000947",65,41,24
"60RE000948",91,49,42
"60RE000949",133,48,85
"60RE000950",107,36,71
"60RF000001",129,62,67
"60RF000002",125,63,62
"60RF000003",119,67,52
"60RF000004",55,29,26
"60RF000005",91,42,49
"60RF000006",66,36,30
"60RF000007",141,80,61
"60RF000008",83,45,38
"60RF000009",71,35,36
"60RF000010",56,30,26
"60RF000011",120,64,56
"60RF000012",102,75,27
"60RF000013",116,66,50
"60RF000014",84,56,28
"60RF000015",104,66,38
"60RF000016",95,63,32
"60RF000017",102,64,38
"60RF000018",63,47,16
"60RF000019",129,52,77
"60RF000020",60,38,22
"60RF000021",120,40,80
"60RF000022",147,45,102
"60RF000023",115,60,55
"60RF000024",78,42,36
"60RF000025",102,53,49
"60RF000026",132,69,63
"60RF000027",65,53,12
"60RF000028",59,27,32
"60RF000029",75,52,23
"60RF000030",74,46,28
"60RF000031",85,44,41
"60RF000032",101,59,42
"60RF000033",94,59,35
"60RF000034",64,44,20
"60RF000035",52,32,20
"60RF000036",126,54,72
"60RF000037",105,38,67
"60RF000038",108,50,58
"60RF000039",71,29,42
"60RF000040",96,52,44
"60RF000041",119,46,73
"60RF000042",124,41,83
"60RF000043",96,59,37
"60RF000044",84,58,26
"60RF000045",94,31,63
"60RF000046",48,33,15
"60RF000047",67,51,16
"60RF000048",50,31,19
"60RF000049",107,83,24
"60RF000050",65,43,22
"60RF000051",86,61,25
"60RF000052",53,41,12
"60RF000053",137,64,73
"60RF000054",96,72,24
"60RF000055",85,74,11
"60RF000056",117,74,43
"60RF000057",94,72,22
"60RF000058",121,90,31
"60RF000059",87,71,16
"60RF000060",63,55,8
"60RF000061",69,44,25
"60RF000062",132,81,51
"60RF000063",96,50,46
"60RF000064",75,31,44
"60RF000065",77,62,15
"60RF000066",79,65,14
"60RF000067",118,41,77
"60RF000068",123,47,76
"60RF000069",135,56,79
"60RF000070",89,44,45
"60RF000071",142,50,92
"60RF000072",100,34,66
"60RF000073",160,77,83
"60RF000074",163,45,118
"60RF000075",85,51,34
"60RF000076",125,35,90
"60RF000077",106,35,71
"60RF000078",115,31,84
"60RF000079",104,26,78
"60RF000080",113,54,59
"60RF000081",128,44,84
"60RF000082",100,54,46
"60RF000083",111,52,59
"60RF000084",118,36,82
"60RF000085",123,47,76
"60RF000086",98,41,57
"60RF000087",130,41,89
"60RF000088",111,34,77
"60RF000089",111,53,58
"60RF000090",104,38,66
"60RF000091",74,31,43
"60RF000092",106,46,60
"60RF000093",99,43,56
"60RF000094",112,32,80
"60RF000095",106,48,58
"60RF000096",50,18,32
"60RF000097",154,122,32
"60RF000098",87,52,35
"60RF000099",80,37,43
"60RF000100",104,54,50
"60RF000101",110,76,34
"60RF000102",80,46,34
"60RF000103",134,73,61
"60RF000104",177,113,64
"60RF000105",118,48,70
"60RF000106",86,34,52
"60RF000107",102,90,12
"60RF000108",125,84,41
"60RF000109",107,88,19
"60RF000110",116,69,47
"60RF000111",105,75,30
"60RF000112",134,62,72
"60RF000113",126,61,65
"60RF000114",105,56,49
"60RF000115",112,89,23
"60RF000116",97,72,25
"60RF000117",85,42,43
"60RF000118",95,47,48
"60RF000119",109,58,51
"60RF000120",134,74,60
"60RF000121",119,53,66
"60RF000122",103,70,33
"60RF000123",114,50,64
"60RF000124",133,83,50
"60RF000125",151,61,90
"60RF000126",94,57,37
"60RF000127",84,59,25
"60RF000128",86,34,52
"60RF000129",71,37,34
"60RF000130",115,57,58
"60RF000131",74,58,16
"60RF000132",96,66,30
"60RF000133",102,87,15
"60RF000134",102,78,24
"60RF000135",110,73,37
"60RF000136",103,76,27
"60RF000137",88,58,30
"60RF000138",65,48,17
"60RF000139",82,63,19
"60RF000140",80,67,13
"60RF000141",81,69,12
"60RF000142",53,33,20
"60RF000143",97,43,54
"60RF000144",98,69,29
"60RF000145",78,48,30
"60RF000146",83,70,13
"60RF000147",93,63,30
"60RF000148",109,43,66
"60RF000149",91,39,52
"60RF000150",93,42,51
"60RF000151",79,49,30
"60RF000152",96,48,48
"60RF000153",85,43,42
"60RF000154",137,71,66
"60RF000155",81,45,36
"60RF000156",127,66,61
"60RF000157",152,52,100
"60RF000158",77,35,42
"60RF000159",126,55,71
"60RF000160",123,80,43
"60RF000161",119,54,65
"60RF000162",136,66,70
"60RF000163",114,56,58
"60RF000164",98,46,52
"60RF000165",82,45,37
"60RF000166",88,43,45
"60RF000167",130,62,68
"60RF000168",147,51,96
"60RF000169",96,46,50
"60RF000170",128,44,84
"60RF000171",94,42,52
"60RF000172",78,31,47
"60RF000173",46,22,24
"60RF000174",159,76,83
"60RF000175",70,30,40
"60RF000176",102,50,52
"60RF000177",89,51,38
"60RF000178",146,70,76
"60RF000179",90,44,46
"60RF000180",161,80,81
"60RF000181",106,64,42
"60RF000182",92,61,31
"60RF000183",70,44,26
"60RF000184",58,40,18
"60RF000185",69,49,20
"60RF000186",81,49,32
"60RF000187",58,40,18
"60RF000188",81,66,15
"60RF000189",50,33,17
"60RF000190",72,48,24
"60RF000191",56,52,4
"60RF000192",52,42,10
"60RF000193",87,77,10
"60RF000194",62,52,10
"60RF000195",61,61,0
"60RF000196",40,24,16
"60RF000197",71,37,34
"60RF000198",84,56,28
"60RF000199",86,44,42
"60RF000200",47,19,28
"60RF000201",86,39,47
"60RF000202",106,46,60
"60RF000203",89,40,49
"60RF000204",64,42,22
"60RF000205",82,33,49
"60RF000206",147,44,103
"60RF000207",118,63,55
"60RF000208",105,32,73
"60RF000209",135,56,79
"60RF000210",82,27,55
"60RF000211",116,45,71
"60RF000212",156,91,65
"60RF000213",103,41,62
"60RF000214",108,38,70
"60RF000215",124,45,79
"60RF000216",72,33,39
"60RF000217",96,44,52
"60RF000218",142,54,88
"60RF000219",120,43,77
"60RF000220",108,49,59
"60RF000221",130,74,56
"60RF000222",122,60,62
"60RF000223",101,53,48
"60RF000224",93,48,45
"60RF000225",94,48,46
"60RF000226",77,31,46
"60RF000227",121,40,81
"60RF000228",104,32,72
"60RF000229",99,39,60
"60RF000230",121,33,88
"60RF000231",93,28,65
"60RF000232",105,40,65
"60RF000233",102,32,70
"60RF000234",103,33,70
"60RF000235",101,34,67
"60RF000236",80,35,45
"60RF000237",88,34,54
"60RF000238",78,30,48
"60RF000239",110,53,57
"60RF000240",87,39,48
"60RF000241",91,29,62
"60RF000242",96,43,53
"60RF000243",79,41,38
"60RF000244",96,44,52
"60RF000245",133,45,88
"60RF000246",81,35,46
"60RF000247",141,50,91
"60RF000248",77,41,36
"60RF000249",79,49,30
"60RF000250",58,32,26
"60RF000251",99,61,38
"60RF000252",85,37,48
"60RF000253",92,55,37
"60RF000254",74,43,31
"60RF000255",66,40,26
"60RF000256",53,43,10
"60RF000257",87,44,43
"60RF000258",95,78,17
"60RF000259",93,70,23
"60RF000260",76,55,21
"60RF000261",98,86,12
"60RF000262",67,48,19
"60RF000263",93,49,44
"60RF000264",86,52,34
"60RF000265",127,67,60
"60RF000266",128,68,60
"60RF000267",129,60,69
"60RF000268",96,44,52
"60RF000269",93,41,52
"60RF000270",169,92,77
"60RF000271",120,60,60
"60RF000272",144,70,74
"60RF000273",117,55,62
"60RF000274",165,77,88
"60RF000275",68,52,16
"60RF000276",66,46,20
"60RF000277",79,37,42
"60RF000278",53,42,11
"60RF000279",80,64,16
"60RF000280",104,44,60
"60RF000281",113,92,21
"60RF000282",112,79,33
"60RF000283",66,50,16
"60RF000284",76,59,17
"60RF000285",116,56,60
"60RF000286",120,73,47
"60RF000287",85,44,41
"60RF000288",67,50,17
"60RF000289",65,28,37
"60RF000290",93,63,30
"60RF000291",77,39,38
"60RF000292",124,68,56
"60RF000293",93,74,19
"60RF000294",106,42,64
"60RF000295",95,31,64
"60RF000296",50,8,42
"60RF000297",102,30,72
"60RF000298",133,42,91
"60RF000299",98,48,50
"60RF000300",118,29,89
"60RF000301",86,25,61
"60RF000302",79,34,45
"60RF000303",111,33,78
"60RF000304",81,26,55
"60RF000305",91,18,73
"60RF000306",115,63,52
"60RF000307",85,46,39
"60RF000308",79,43,36
"60RF000309",133,71,62
"60RF000310",102,62,40
"60RF000311",171,79,92
"60RF000312",127,45,82
"60RF000313",116,38,78
"60RF000314",112,63,49
"60RF000315",106,70,36
"60RF000316",44,29,15
"60RF000317",88,64,24
"60RF000318",49,36,13
"60RF000319",69,54,15
"60RF000320",82,43,39
"60RF000321",74,47,27
"60RF000322",83,57,26
"60RF000323",85,62,23
"60RF000324",90,48,42
"60RF000325",85,46,39
"60RF000326",79,40,39
"60RF000327",75,36,39
"60RF000328",107,43,64
"60RF000329",70,28,42
"60RF000330",120,54,66
"60RF000331",115,72,43
"60RF000332",89,74,15
"60RF000333",52,32,20
"60RF000334",73,58,15
"60RF000335",73,57,16
"60RF000336",65,41,24
"60RF000337",80,48,32
"60RF000338",94,52,42
"60RF000339",86,53,33
"60RF000340",75,41,34
"60RF000341",62,42,20
"60RF000342",63,46,17
"60RF000343",62,45,17
"60RF000344",72,50,22
"60RF000345",96,47,49
"60RF000346",84,54,30
"60RF000347",121,42,79
"60RF000348",100,37,63
"60RF000349",81,36,45
"60RF000350",98,40,58
"60RF000351",54,29,25
"60RF000352",51,29,22
"60RF000353",102,38,64
"60RF000354",65,21,44
"60RF000355",104,36,68
"60RF000356",54,20,34
"60RF000357",45,17,28
"60RF000358",49,17,32
"60RF000359",48,14,34
"60RF000360",94,34,60
"60RF000361",110,36,74
"60RF000362",83,25,58
"60RF000363",133,46,87
"60RF000364",60,44,16
"60RF000365",76,49,27
"60RF000366",56,36,20
"60RF000367",66,35,31
"60RF000368",66,54,12
"60RF000369",80,52,28
"60RF000370",319,205,114
"60RF000371",175,71,104
"60RF000372",68,24,44
"60RF000373",62,44,18
"60RF000374",103,58,45
"60RF000375",90,61,29
"60RF000376",60,30,30
"60RF000377",76,36,40
"60RF000378",78,47,31
"60RF000379",58,14,44
"60RF000380",76,56,20
"60RF000381",81,62,19
"60RF000382",47,31,16
"60RF000383",58,45,13
"60RF000384",95,33,62
"60RF000385",142,82,60
"60RF000386",49,21,28
"60RF000387",70,46,24
"60RF000388",56,48,8
"60RF000389",98,75,23
"60RF000390",50,36,14
"60RF000391",98,33,65
"60RF000392",95,52,43
"60RF000393",275,108,167
"60RF000394",117,71,46
"60RF000395",59,35,24
"60RF000396",88,55,33
"60RF000397",193,73,120
"60RF000398",81,38,43
"60RF000399",83,25,58
"60RF000400",118,49,69
"60RF000401",140,51,89
"60RF000402",65,15,50
"60RF000403",101,45,56
"60RF000404",64,34,30
"60RF000405",96,45,51
"60RF000406",100,37,63
"60RF000407",80,42,38
"60RF000408",90,37,53
"60RF000409",94,63,31
"60RF000410",62,30,32
"60RF000411",109,63,46
"60RF000412",64,36,28
"60RF000413",106,92,14
"60RF000414",106,72,34
"60RF000415",105,63,42
"60RF000416",124,73,51
"60RF000417",70,36,34
"60RF000418",106,49,57
"60RF000419",65,33,32
"60RF000420",81,53,28
"60RF000421",68,32,36
"60RF000422",113,31,82
"60RF000423",99,31,68
"60RF000424",94,62,32
"60RF000425",46,25,21
"60RF000426",99,49,50
"60RF000427",60,50,10
"60RF000428",63,43,20
"60RF000429",63,15,48
"60RF000430",91,53,38
"60RF000431",56,36,20
"60RF000432",75,41,34
"60RF000433",69,26,43
"60RF000434",86,48,38
"60RF000435",101,69,32
"60RF000436",73,49,24
"60RF000437",52,45,7
"60RF000438",68,42,26
"60RF000439",67,38,29
"60RF000440",82,46,36
"60RF000441",67,48,19
"60RF000442",99,57,42
"60RF000443",106,28,78
"60RF000444",105,53,52
"60RF000445",153,74,79
"60RF000446",58,37,21
"60RF000447",80,36,44
"60RF000448",55,37,18
"60RF000449",55,40,15
"60RF000450",84,60,24
"60RF000451",121,46,75
"60RF000452",82,30,52
"60RF000453",80,25,55
"60RF000454",97,45,52
"60RF000455",118,30,88
"60RF000456",136,73,63
"60RF000457",90,20,70
"60RF000458",145,55,90
"60RF000459",88,29,59
"60RF000460",105,33,72
"60RF000461",81,37,44
"60RF000462",119,30,89
"60RF000463",85,41,44
"60RF000464",99,33,66
"60RF000465",129,55,74
"60RF000466",75,24,51
"60RF000467",118,37,81
"60RF000468",114,30,84
"60RF000469",77,19,58
"60RF000470",84,24,60
"60RF000471",118,34,84
"60RF000472",109,39,70
"60RF000473",121,45,76
"60RF000474",117,53,64
"60RF000475",165,48,117
"60RF000476",65,21,44
"60RF000477",111,40,71
"60RF000478",57,18,39
"60RF000479",122,32,90
"60RF000480",50,22,28
"60RF000481",165,47,118
"60RF000482",82,22,60
"60RF000483",170,59,111
"60RF000484",119,47,72
"60RF000485",79,25,54
"60RF000486",75,30,45
"60RF000487",72,28,44
"60RF000488",101,47,54
"60RF000489",129,38,91
"60RF000490",44,16,28
"60RF000491",103,39,64
"60RF000492",61,15,46
"60RF000493",92,42,50
"60RF000494",110,42,68
"60RF000495",90,43,47
"60RF000496",98,53,45
"60RF000497",83,25,58
"60RF000498",53,16,37
"60RF000499",131,38,93
"60RF000500",106,50,56
"60RF000501",85,43,42
"60RF000502",87,25,62
"60RF000503",48,16,32
"60RF000504",94,38,56
"60RF000505",104,36,68
"60RF000506",99,35,64
"60RF000507",95,37,58
"60RF000508",79,32,47
"60RF000509",45,19,26
"60RF000510",107,29,78
"60RF000511",98,28,70
"60RF000512",326,264,62
"60RF000513",175,88,87
"60RF000514",140,58,82
"60RF000515",92,36,56
"60RF000516",102,34,68
"60RF000517",55,15,40
"60RF000518",146,68,78
"60RF000519",87,31,56
"60RF000520",165,58,107
"60RF000521",63,29,34
"60RF000522",113,50,63
"60RF000523",89,27,62
"60RF000524",118,53,65
"60RF000525",67,24,43
"60RF000526",114,55,59
"60RF000527",138,49,89
"60RF000528",145,59,86
"60RF000529",114,64,50
"60RF000530",58,29,29
"60RF000531",89,51,38
"60RF000532",56,12,44
"60RF000533",169,53,116
"60RF000534",113,51,62
"60RF000535",89,29,60
"60RF000536",87,51,36
"60RF000537",48,23,25
"60RF000538",131,61,70
"60RF000539",70,21,49
"60RF000540",69,33,36
"60RF000541",66,18,48
"60RF000542",149,53,96
"60RF000543",115,43,72
"60RF000544",149,65,84
"60RF000545",148,59,89
"60RF000546",46,15,31
"60RF000547",90,38,52
"60RF000548",93,27,66
"60RF000549",115,27,88
"60RF000550",102,40,62
"60RF000551",92,28,64
"60RF000552",114,50,64
"60RF000553",110,62,48
"60RF000554",144,83,61
"60RF000555",89,47,42
"60RF000556",81,31,50
"60RF000557",108,39,69
"60RF000558",81,29,52
"60RF000559",73,23,50
"60RF000560",64,26,38
"60RF000561",104,60,44
"60RF000562",97,44,53
"60RF000563",97,43,54
"60RF000564",124,90,34
"60RF000565",136,55,81
"60RF000566",107,59,48
"60RF000567",110,46,64
"60RF000568",114,48,66
"60RF000569",104,56,48
"60RF000570",81,35,46
"60RF000571",105,56,49
"60RF000572",99,67,32
"60RF000573",58,36,22
"60RF000574",79,41,38
"60RF000575",88,45,43
"60RF000576",74,43,31
"60RF000577",126,41,85
"60RF000578",89,39,50
"60RF000579",90,46,44
"60RF000580",112,43,69
"60RF000581",118,46,72
"60RF000582",104,65,39
"60RF000583",106,52,54
"60RF000584",90,58,32
"60RF000585",174,70,104
"60RF000586",276,151,125
"60RF000587",89,49,40
"60RF000588",81,31,50
"60RF000589",79,53,26
"60RF000590",114,62,52
"60RF000591",155,94,61
"60RF000592",126,52,74
"60RF000593",65,43,22
"60RF000594",152,84,68
"60RF000595",123,71,52
"60RF000596",117,55,62
"60RF000597",90,50,40
"60RF000598",107,54,53
"60RF000599",124,52,72
"60RF000600",74,29,45
"60RF000601",97,33,64
"60RF000602",115,58,57
"60RF000603",90,32,58
"60RF000604",107,48,59
"60RF000605",77,39,38
"60RF000606",141,89,52
"60RF000607",127,41,86
"60RF000608",112,37,75
"60RF000609",104,60,44
"60RF000610",79,38,41
"60RF000611",179,67,112
"60RF000612",105,39,66
"60RF000613",103,57,46
"60RF000614",106,40,66
"60RF000615",95,31,64
"60RF000616",109,27,82
"60RF000617",149,55,94
"60RF000618",90,26,64
"60RF000619",104,29,75
"60RF000620",133,63,70
"60RF000621",83,25,58
"60RF000622",86,24,62
"60RF000623",87,30,57
"60RF000624",80,46,34
"60RF000625",68,42,26
"60RF000626",87,40,47
"60RF000627",103,49,54
"60RF000628",107,52,55
"60RF000629",68,44,24
"60RF000630",111,63,48
"60RF000631",112,56,56
"60RF000632",140,70,70
"60RF000633",123,83,40
"60RF000634",123,41,82
"60RF000635",74,50,24
"60RF000636",112,52,60
"60RF000637",154,49,105
"60RF000638",99,41,58
"60RF000639",107,43,64
"60RF000640",94,43,51
"60RF000641",84,32,52
"60RF000642",76,46,30
"60RF000643",49,20,29
"60RF000644",122,56,66
"60RF000645",67,59,8
"60RF000646",82,62,20
"60RF000647",130,79,51
"60RF000648",80,56,24
"60RF000649",83,49,34
"60RF000650",67,34,33
"60RF000651",88,56,32
"60RF000652",130,62,68
"60RF000653",87,59,28
"60RF000654",62,46,16
"60RF000655",80,43,37
"60RF000656",78,42,36
"60RF000657",57,39,18
"60RF000658",143,39,104
"60RF000659",121,41,80
"60RF000660",160,42,118
"60RF000661",54,18,36
"60RF000662",77,26,51
"60RF000663",92,40,52
"60RF000664",92,57,35
"60RF000665",74,46,28
"60RF000666",107,28,79
"60RF000667",112,53,59
"60RF000668",98,32,66
"60RF000669",129,72,57
"60RF000670",128,47,81
"60RF000671",109,35,74
"60RF000672",151,89,62
"60RF000673",211,138,73
"60RF000674",84,40,44
"60RF000675",79,45,34
"60RF000676",68,44,24
"60RF000677",86,40,46
"60RF000678",120,40,80
"60RF000679",95,33,62
"60RF000680",139,38,101
"60RF000681",96,34,62
"60RF000682",101,31,70
"60RF000683",165,44,121
"60RF000684",102,24,78
"60RF000685",95,32,63
"60RF000686",79,23,56
"60RF000687",140,36,104
"60RF000688",123,60,63
"60RF000689",66,44,22
"60RF000690",77,51,26
"60RF000691",124,60,64
"60RF000692",99,72,27
"60RF000693",40,29,11
"60RF000694",123,57,66
"60RF000695",124,40,84
"60RF000696",128,45,83
"60RF000697",106,26,80
"60RF000698",87,25,62
"60RF000699",129,43,86
"60RF000700",131,52,79
"60RF000701",121,55,66
"60RF000702",88,36,52
"60RF000703",105,52,53
"60RF000704",90,33,57
"60RF000705",64,42,22
"60RF000706",127,56,71
"60RF000707",125,62,63
"60RF000708",62,32,30
"60RF000709",109,41,68
"60RF000710",111,48,63
"60RF000711",81,33,48
"60RF000712",122,37,85
"60RF000713",93,33,60
"60RF000714",130,38,92
"60RF000715",129,47,82
"60RF000716",45,9,36
"60RF000717",116,57,59
"60RF000718",107,55,52
"60RF000719",120,56,64
"60RF000720",66,34,32
"60RF000721",43,9,34
"60RF000722",135,71,64
"60RF000723",98,68,30
"60RF000724",135,64,71
"60RF000725",95,49,46
"60RF000726",100,60,40
"60RF000727",119,34,85
"60RF000728",91,25,66
"60RF000729",175,63,112
"60RF000730",108,38,70
"60RF000731",106,34,72
"60RF000732",105,39,66
"60RF000733",142,66,76
"60RF000734",122,57,65
"60RF000735",90,48,42
"60RF000736",101,36,65
"60RF000737",104,47,57
"60RF000738",154,62,92
"60RF000739",122,58,64
"60RF000740",96,32,64
"60RF000741",90,44,46
"60RF000742",95,57,38
"60RF000743",89,61,28
"60RF000744",94,56,38
"60RF000745",74,32,42
"60RF000746",141,62,79
"60RF000747",88,46,42
"60RF000748",104,34,70
"60RF000749",113,57,56
"60RF000750",122,47,75
"60RF000751",121,57,64
"60RF000752",81,40,41
"60RF000753",90,60,30
"60RF000754",107,37,70
"60RF000755",108,32,76
"60RF000756",93,32,61
"60RF000757",99,45,54
"60RF000758",125,37,88
"60RF000759",80,32,48
"60RF000760",103,52,51
"60RF000761",125,67,58
"60RF000762",101,46,55
"60RF000763",92,44,48
"60RF000764",98,60,38
"60RF000765",67,37,30
"60RF000766",47,21,26
"60RF000767",82,46,36
"60RF000768",71,41,30
"60RF000769",74,30,44
"60RF000770",70,12,58
"60RF000771",124,77,47
"60RF000772",104,67,37
"60RF000773",122,65,57
"60RF000774",166,62,104
"60RF000775",133,41,92
"60RF000776",184,56,128
"60RF000777",147,59,88
"60RF000778",161,53,108
"60RF000779",92,38,54
"60RF000780",107,57,50
"60RF000781",135,69,66
"60RF000782",54,32,22
"60RF000783",87,32,55
"60RF000784",79,46,33
"60RF000785",79,31,48
"60RF000786",87,39,48
"60RF000787",126,60,66
"60RF000788",84,32,52
"60RF000789",126,54,72
"60RF000790",102,58,44
"60RF000791",80,32,48
"60RF000792",121,46,75
"60RF000793",84,32,52
"60RF000794",73,45,28
"60RF000795",113,72,41
"60RF000796",75,56,19
"60RF000797",139,79,60
"60RF000798",117,76,41
"60RF000799",60,48,12
"60RF000800",130,58,72
"60RF000801",150,83,67
"60RF000802",105,76,29
"60RF000803",141,80,61
"60RF000804",89,40,49
"60RF000805",79,41,38
"60RF000806",137,78,59
"60RF000807",136,70,66
"60RF000808",120,78,42
"60RF000809",135,77,58
"60RF000810",51,15,36
"60RF000811",56,35,21
"60RF000812",67,19,48
"60RF000813",140,65,75
"60RF000814",98,51,47
"60RF000815",114,46,68
"60RF000816",98,36,62
"60RF000817",89,51,38
"60RF000818",83,41,42
"60RF000819",117,41,76
"60RF000820",128,52,76
"60RF000821",131,53,78
"60RF000822",106,48,58
"60RF000823",135,99,36
"60RF000824",105,63,42
"60RF000825",73,41,32
"60RF000826",72,30,42
"60RF000827",88,37,51
"60RF000828",63,20,43
"60RF000829",93,41,52
"60RF000830",97,52,45
"60RF000831",82,42,40
"60RF000832",141,90,51
"60RF000833",76,42,34
"60RF000834",60,43,17
"60RF000835",105,43,62
"60RF000836",106,58,48
"60RF000837",75,43,32
"60RF000838",99,40,59
"60RF000839",92,45,47
"60RF000840",51,17,34
"60RF000841",48,14,34
"60RF000842",94,24,70
"60RF000843",123,43,80
"60RF000844",84,48,36
"60RF000845",73,29,44
"60RF000846",82,40,42
"60RF000847",53,41,12
"60RF000848",90,54,36
"60RF000849",89,57,32
"60RF000850",80,50,30
"60RF000851",88,38,50
"60RF000852",84,40,44
"60RF000853",79,51,28
"60RF000854",90,44,46
"60RF000855",98,55,43
"60RF000856",118,54,64
"60RF000857",71,31,40
"60RF000858",103,52,51
"60RF000859",118,34,84
"60RF000860",108,36,72
"60RF000861",92,38,54
"60RF000862",107,37,70
"60RF000863",73,22,51
"60RF000864",52,16,36
"60RF000865",92,34,58
"60RF000866",152,66,86
"60RF000867",68,28,40
"60RF000868",61,15,46
"60RF000869",135,43,92
"60RF000870",108,50,58
"60RF000871",105,40,65
"60RF000872",92,54,38
"60RF000873",95,39,56
"60RF000874",119,43,76
"60RF000875",120,56,64
"60RF000876",55,34,21
"60RF000877",64,26,38
"60RF000878",81,50,31
"60RF000879",87,43,44
"60RF000880",75,35,40
"60RF000881",94,34,60
"60RF000882",128,57,71
"60RF000883",114,53,61
"60RF000884",90,56,34
"60RF000885",119,41,78
"60RF000886",112,38,74
"60RF000887",108,38,70
"60RF000888",93,27,66
"60RF000889",144,53,91
"60RF000890",153,55,98
"60RF000891",45,18,27
"60RF000892",191,97,94
"60RF000893",112,36,76
"60RF000894",82,28,54
"60RF000895",129,41,88
"60RF000896",101,46,55
"60RF000897",97,45,52
"60RF000898",96,40,56
"60RF000899",72,51,21
"60RF000900",91,43,48
"60RF000901",79,36,43
"60RF000902",101,49,52
"60RF000903",78,32,46
"60RF000904",85,43,42
"60RF000905",108,63,45
"60RF000906",125,31,94
"60RF000907",109,59,50
"60RF000908",105,41,64
"60RF000909",99,51,48
"60RF000910",103,47,56
"60RF000911",78,37,41
"60RF000912",103,41,62
"60RF000913",148,72,76
"60RF000914",112,62,50
"60RF000915",100,52,48
"60RF000916",119,67,52
"60RF000917",67,43,24
"60RF000918",97,57,40
"60RF000919",77,35,42
"60RF000920",73,34,39
"60RF000921",83,39,44
"60RF000922",53,41,12
"60RF000923",109,58,51
"60RF000924",99,45,54
"60RF000925",69,39,30
"60RF000926",81,49,32
"60RF000927",113,59,54
"60RF000928",115,74,41
"60RF000929",144,56,88
"60RF000930",104,30,74
"60RF000931",89,41,48
"60RF000932",79,39,40
"60RF000933",58,20,38
"60RF000934",118,41,77
"60RF000935",88,18,70
"60RF000936",124,44,80
"60RF000937",76,32,44
"60RF000938",116,31,85
"60RF000939",131,57,74
"60RF000940",130,62,68
"60RF000941",110,52,58
"60RF000942",80,42,38
"60RF000943",154,59,95
"60RF000944",97,35,62
"60RF000945",142,59,83
"60RF000946",110,70,40
"60RF000947",47,20,27
"60RF000948",115,46,69
"60RF000949",181,59,122
"60RF000950",76,41,35
"60RF000951",183,61,122
"60RF000952",120,75,45
"60RF000953",118,58,60
"60RF000954",136,62,74
"60RF000955",96,33,63
"60RF000956",83,34,49
"60RF000957",115,55,60
"60RF000958",105,52,53
"60RF000959",73,47,26
"60RF000960",109,71,38
"60RF000961",129,94,35
"60RF000962",84,38,46
"60RF000963",47,29,18
"60RF000964",162,81,81
"60RF000965",124,52,72
"60RF000966",140,50,90
"60RF000967",93,33,60
"60RF000968",104,32,72
"60RF000969",55,21,34
"60RF000970",44,28,16
"60RF000971",82,36,46
"60RF000972",67,45,22
"60RF000973",55,33,22
"60RF000974",59,37,22
"60RF000975",93,31,62
"60RF000976",94,44,50
"60RF000977",111,53,58
"60RF000978",82,28,54
"60RF000979",66,36,30
"60RF000980",104,43,61
"60RF000981",87,59,28
"60RF000982",93,35,58
"60RF000983",85,37,48
"60RF000984",91,29,62
"60RF000985",88,50,38
"60RF000986",89,27,62
"60RF000987",79,30,49
"60RF000988",58,36,22
"60RF000989",102,38,64
"60RF000990",85,47,38
"60RF000991",117,59,58
"60RF000992",90,32,58
"60RF000993",79,41,38
"60RF000994",115,64,51
"60RF000995",125,51,74
"60RF000996",109,50,59
"60RF000997",118,58,60
"60RF000998",106,53,53
"60RF000999",96,37,59
"60RF001000",147,59,88
"60RF001001",92,32,60
"60RF001002",101,51,50
"60RF001003",110,32,78
"60RF001004",88,52,36
"60RF001005",70,22,48
"60RF001006",77,29,48
"60RF001007",176,58,118
"60RF001008",76,38,38
"60RF001009",65,45,20
"60RF001010",134,41,93
"60RF001011",110,34,76
"60RF001012",56,46,10
"60RF001013",126,50,76
"60RF001014",80,30,50
"60RF001015",85,27,58
"60RF001016",129,45,84
"60RF001017",113,35,78
"60RF001018",98,37,61
"60RF001019",82,36,46
"60RF001020",134,60,74
"60RF001021",113,65,48
"60RF001022",127,51,76
"60RF001023",115,50,65
"60RF001024",66,34,32
"60RF001025",60,34,26
"60RF001026",144,47,97
"60RF001027",143,51,92
"60RF001028",138,38,100
"60RF001029",110,40,70
"60RF001030",98,40,58
"60RF001031",78,60,18
"60RF001032",139,63,76
"60RF001033",52,34,18
"60RF001034",69,28,41
"60RF001035",139,78,61
"60RF001036",58,24,34
"60RF001037",73,25,48
"60RF001038",109,43,66
"60RF001039",63,46,17
"60RF001040",106,36,70
"60RF001041",151,69,82
"60RF001042",70,50,20
"60RF001043",100,41,59
"60RF001044",146,52,94
"60RF001045",139,37,102
"60RF001046",139,51,88
"60RF001047",120,33,87
"60RF001048",97,28,69
"60RF001049",94,22,72
"60RF001050",102,46,56
"60RF001051",123,55,68
"60RF001052",113,64,49
"60RF001053",97,39,58
"60RF001054",85,45,40
"60RF001055",86,48,38
"60RF001056",129,63,66
"60RF001057",106,36,70
"60RF001058",74,30,44
"60RF001059",79,39,40
"60RF001060",80,28,52
"60RF001061",87,47,40
"60RF001062",118,50,68
"60RF001063",100,53,47
"60RF001064",101,53,48
"60RF001065",120,56,64
"60RF001066",83,53,30
"60RF001067",93,37,56
"60RF001068",110,50,60
"60RF001069",76,42,34
"60RF001070",68,41,27
"60RF001071",77,43,34
"60RF001072",101,59,42
"60RF001073",83,43,40
"60RF001074",119,51,68
"60RF001075",88,48,40
"60RF001076",72,36,36
"60RF001077",81,44,37
"60RF001078",87,41,46
"60RF001079",145,50,95
"60RF001080",112,37,75
"60RF001081",98,70,28
"60RF001082",114,52,62
"60RF001083",127,66,61
"60RF001084",126,34,92
"60RF001085",105,43,62
"60RF001086",116,38,78
"60RF001087",59,31,28
"60RF001088",146,48,98
"60RF001089",57,33,24
"60RF001090",90,52,38
"60RF001091",55,31,24
"60RF001092",60,36,24
"60RF001093",105,73,32
"60RF001094",87,63,24
"60RF001095",90,46,44
"60RF001096",74,41,33
"60RF001097",96,53,43
"60RF001098",104,52,52
"60RF001099",98,44,54
"60RF001100",67,36,31
"60RF001101",55,43,12
"60RF001102",47,19,28
"60RF001103",65,47,18
"60RF001104",79,33,46
"60RF001105",134,53,81
"60RF001106",155,84,71
"60RF001107",110,86,24
"60RF001108",127,43,84
"60RF001109",102,86,16
"60RF001110",122,36,86
"60RF001111",66,53,13
"60RF001112",67,35,32
"60RF001113",130,46,84
"60RF001114",131,81,50
"60RF001115",127,47,80
"60RF001116",89,38,51
"60RF001117",139,78,61
"60RF001118",132,50,82
"60RF001119",56,36,20
"60RF001120",100,78,22
"60RF001121",104,72,32
"60RF001122",138,70,68
"60RF001123",143,57,86
"60RF001124",125,51,74
"60RF001125",102,54,48
"60RF001126",102,66,36
"60RF001127",153,72,81
"60RF001128",75,41,34
"60RF001129",159,59,100
"60RF001130",106,36,70
"60RF001131",57,35,22
"60RF001132",63,48,15
"60RF001133",135,56,79
"60RF001134",105,51,54
"60RF001135",85,23,62
"60RF001136",71,41,30
"60RF001137",118,44,74
"60RF001138",81,36,45
"60RF001139",125,38,87
"60RF001140",105,38,67
"60RF001141",62,36,26
"60RF001142",97,37,60
"60RF001143",78,50,28
"60RF001144",81,55,26
"60RF001145",62,45,17
"60RF001146",91,36,55
"60RF001147",105,35,70
"60RF001148",92,29,63
"60RF001149",117,55,62
"60RF001150",93,39,54
"60RF001151",97,45,52
"60RF001152",158,79,79
"60RF001153",126,62,64
"60RF001154",109,62,47
"60RF001155",88,47,41
"60RF001156",66,34,32
"60RF001157",70,47,23
"60RF001158",88,35,53
"60RF001159",79,41,38
"60RF001160",113,51,62
"60RF001161",81,41,40
"60RF001162",70,44,26
"60RF001163",113,48,65
"60RF001164",86,41,45
"60RF001165",86,36,50
"60RF001166",97,39,58
"60RF001167",98,61,37
"60RF001168",116,63,53
"60RF001169",80,53,27
"60RF001170",74,17,57
"60RF001171",102,23,79
"60RF001172",56,10,46
"60RF001173",104,30,74
"60RF001174",79,20,59
"60RF001175",78,39,39
"60RF001176",185,57,128
"60RF001177",134,39,95
"60RF001178",142,44,98
"60RF001179",71,13,58
"60RF001180",58,14,44
"60RF001181",124,36,88
"60RF001182",54,15,39
"60RF001183",90,26,64
"60RF001184",95,37,58
"60RF001185",73,39,34
"60RF001186",122,57,65
"60RF001187",101,53,48
"60RF001188",168,74,94
"60RF001189",130,51,79
"60RF001190",178,86,92
"60RF001191",166,78,88
"60RF001192",112,38,74
"60RF001193",114,59,55
"60RF001194",93,35,58
"60RF001195",74,30,44
"60RF001196",76,36,40
"60RF001197",107,53,54
"60RF001198",162,66,96
"60RF001199",121,43,78
"60RF001200",98,25,73
"60RF001201",69,33,36
"60RF001202",80,32,48
"60RF001203",149,73,76
"60RF001204",139,57,82
"60RF001205",138,51,87
"60RF001206",147,69,78
"60RF001207",83,51,32
"60RF001208",105,51,54
"60RF001209",146,60,86
"60RF001210",108,58,50
"60RF001211",135,64,71
"60RF001212",121,55,66
"60RF001213",70,27,43
"60RF001214",142,68,74
"60RF001215",141,73,68
"60RF001216",133,39,94
"60RF001217",105,34,71
"60RF001218",96,50,46
"60RF001219",88,34,54
"60RF001220",88,38,50
"60RF001221",131,47,84
"60RF001222",85,63,22
"60RF001223",134,48,86
"60RF001224",110,43,67
"60RF001225",120,46,74
"60RF001226",95,46,49
"60RF001227",79,43,36
"60RF001228",104,46,58
"60RF001229",60,38,22
"60RF001230",66,36,30
"60RF001231",80,42,38
"60RF001232",112,49,63
"60RF001233",111,48,63
"60RF001234",113,45,68
"60RF001235",64,32,32
"60RF001236",118,100,18
"60RF001237",80,40,40
"60RF001238",80,48,32
"60RF001239",57,43,14
"60RF001240",106,39,67
"60RF001241",83,49,34
"60RF001242",86,42,44
"60RF001243",66,36,30
"60RF001244",77,41,36
"60RF001245",79,43,36
"60RF001246",80,38,42
"60RF001247",90,52,38
"60RF001248",90,42,48
"60RF001249",119,53,66
"60RF001250",84,49,35
"60RF001251",94,42,52
"60RF001252",117,61,56
"60RF001253",53,35,18
"60RF001254",75,41,34
"60RF001255",68,52,16
"60RF001256",87,41,46
"60RF001257",79,35,44
"60RF001258",165,52,113
"60RF001259",132,60,72
"60RF001260",83,41,42
"60RF001261",102,54,48
"60RF001262",140,68,72
"60RF001263",93,33,60
"60RF001264",95,46,49
"60RF001265",83,39,44
"60RF001266",120,39,81
"60RF001267",48,36,12
"60RF001268",60,43,17
"60RF001269",121,42,79
"60RF001270",174,72,102
"60RF001271",133,60,73
"60RF001272",159,41,118
"60RF001273",105,33,72
"60RF001274",109,38,71
"60RF001275",134,52,82
"60RF001276",77,21,56
"60RF001277",129,43,86
"60RF001278",162,52,110
"60RF001279",98,30,68
"60RF001280",173,51,122
"60RF001281",79,25,54
"60RF001282",117,25,92
"60RF001283",100,34,66
"60RF001284",124,45,79
"60RF001285",132,44,88
"60RF001286",87,23,64
"60RF001287",76,23,53
"60RF001288",155,45,110
"60RF001289",162,52,110
"60RF001290",85,35,50
"60RF001291",82,54,28
"60RF001292",108,33,75
"60RF001293",80,25,55
"60RF001294",125,47,78
"60RF001295",118,36,82
"60RF001296",58,28,30
"60RF001297",152,50,102
"60RF001298",122,65,57
"60RF001299",104,46,58
"60RF001300",99,55,44
"60RF001301",100,48,52
"60RF001302",149,73,76
"60RF001303",70,37,33
"60RF001304",79,41,38
"60RF001305",142,62,80
"60RF001306",69,34,35
"60RF001307",128,68,60
"60RF001308",71,42,29
"60RF001309",149,69,80
"60RF001310",141,68,73
"60RF001311",94,49,45
"60RF001312",136,64,72
"60RF001313",142,65,77
"60RF001314",138,60,78
"60RF001315",160,83,77
"60RF001316",136,84,52
"60RF001317",104,46,58
"60RF001318",133,63,70
"60RF001319",78,25,53
"60RF001320",42,29,13
"60RF001321",107,57,50
"60RF001322",169,73,96
"60RF001323",121,73,48
"60RF001324",111,69,42
"60RF001325",82,44,38
"60RF001326",79,43,36
"60RF001327",93,44,49
"60RF001328",107,61,46
"60RF001329",68,36,32
"60RF001330",125,58,67
"60RF001331",120,56,64
"60RF001332",78,42,36
"60RF001333",62,41,21
"60RF001334",83,47,36
"60RF001335",106,57,49
"60RF001336",75,29,46
"60RF001337",97,43,54
"60RF001338",77,35,42
"60RF001339",70,44,26
"60RF001340",101,55,46
"60RF001341",68,40,28
"60RF001342",85,36,49
"60RF001343",111,61,50
"60RF001344",89,32,57
"60RF001345",115,53,62
"60RF001346",79,27,52
"60RF001347",108,66,42
"60RF001348",109,45,64
"60RF001349",82,46,36
"60RF001350",95,45,50
"60RF001351",81,29,52
"60RF001352",99,53,46
"60RF001353",84,30,54
"60RF001354",82,41,41
"60RF001355",129,48,81
"60RF001356",86,56,30
"60RF001357",75,33,42
"60RF001358",69,51,18
"60RF001359",59,27,32
"60RF001360",88,43,45
"60RF001361",88,32,56
"60RF001362",61,39,22
"60RF001363",142,72,70
"60RF001364",115,67,48
"60RF001365",142,75,67
"60RF001366",87,39,48
"60RF001367",83,31,52
"60RF001368",99,45,54
"60RF001369",86,55,31
"60RF001370",78,31,47
"60RF001371",54,39,15
"60RF001372",94,62,32
"60RF001373",68,40,28
"60RF001374",51,36,15
"60RF001375",83,57,26
"60RF001376",97,50,47
"60RF001377",96,42,54
"60RF001378",89,39,50
"60RF001379",119,80,39
"60RF001380",53,41,12
"60RF001381",75,39,36
"60RF001382",58,41,17
"60RF001383",81,31,50
"60RF001384",111,57,54
"60RF001385",88,43,45
"60RF001386",100,43,57
"60RF001387",83,49,34
"60RF001388",107,36,71
"60RF001389",96,36,60
"60RF001390",80,26,54
"60RF001391",112,62,50
"60RF001392",114,30,84
"60RF001393",105,37,68
"60RF001394",84,46,38
"60RF001395",86,42,44
"60RF001396",98,42,56
"60RF001397",127,51,76
"60RF001398",124,51,73
"60RF001399",140,71,69
"60RF001400",173,80,93
"60RF001401",179,81,98
"60RF001402",88,39,49
"60RF001403",138,66,72
"60RF001404",125,63,62
"60RF001405",110,45,65
"60RF001406",81,39,42
"60RF001407",84,34,50
"60RF001408",115,39,76
"60RF001409",159,39,120
"60RF001410",76,23,53
"60RF001411",116,43,73
"60RF001412",72,44,28
"60RF001413",102,63,39
"60RF001414",123,57,66
"60RF001415",125,69,56
"60RF001416",117,56,61
"60RF001417",101,49,52
"60RF001418",81,35,46
"60RF001419",79,29,50
"60RF001420",146,46,100
"60RF001421",123,49,74
"60RF001422",107,35,72
"60RF001423",105,35,70
"60RF001424",67,27,40
"60RF001425",67,37,30
"60RF001426",112,46,66
"60RF001427",109,58,51
"60RF001428",116,56,60
"60RF001429",80,35,45
"60RF001430",152,62,90
"60RF001431",97,49,48
"60RF001432",132,49,83
"60RF001433",89,51,38
"60RF001434",63,24,39
"60RF001435",101,61,40
"60RF001436",106,66,40
"60RF001437",92,44,48
"60RF001438",88,53,35
"60RF001439",122,77,45
"60RF001440",99,48,51
"60RF001441",109,58,51
"60RF001442",73,49,24
"60RF001443",150,57,93
"60RF001444",74,31,43
"60RF001445",44,24,20
"60RF001446",129,31,98
"60RF001447",174,51,123
"60RF001448",157,51,106
"60RF001449",126,38,88
"60RF001450",96,47,49
"60RF001451",124,34,90
"60RF001452",109,29,80
"60RF001453",111,33,78
"60RF001454",107,29,78
"60RF001455",105,40,65
"60RF001456",78,36,42
"60RF001457",63,35,28
"60RF001458",130,76,54
"60RF001459",95,55,40
"60RF001460",119,73,46
"60RF001461",111,68,43
"60RF001462",91,49,42
"60RF001463",97,67,30
"60RF001464",88,44,44
"60RF001465",69,45,24
"60RF001466",107,69,38
"60RF001467",106,68,38
"60RF001468",62,31,31
"60RF001469",148,79,69
"60RF001470",136,51,85
"60RF001471",101,39,62
"60RF001472",99,60,39
"60RF001473",110,64,46
"60RF001474",114,62,52
"60RF001475",107,47,60
"60RF001476",58,40,18
"60RF001477",80,32,48
"60RF001478",88,50,38
"60RF001479",120,57,63
"60RF001480",78,46,32
"60RF001481",117,57,60
"60RF001482",110,85,25
"60RF001483",127,49,78
"60RF001484",84,38,46
"60RF001485",128,48,80
"60RF001486",88,61,27
"60RF001487",57,41,16
"60RF001488",116,47,69
"60RF001489",65,34,31
"60RF001490",122,72,50
"60RF001491",131,60,71
"60RF001492",135,76,59
"60RF001493",155,88,67
"60RF001494",65,39,26
"60RF001495",89,55,34
"60RF001496",75,51,24
"60RF001497",69,51,18
"60RF001498",42,35,7
"60RF001499",125,81,44
"60RF001500",82,58,24
"60RF001501",127,79,48
"60RF001502",104,59,45
"60RF001503",76,63,13
"60RF001504",84,48,36
"60RF001505",48,26,22
"60RF001506",72,54,18
"60RF001507",110,40,70
"60RF001508",80,57,23
"60RF001509",97,56,41
"60RF001510",93,57,36
"60RF001511",76,40,36
"60RF001512",100,63,37
"60RF001513",92,57,35
"60RF001514",91,65,26
"60RF001515",122,71,51
"60RF001516",88,40,48
"60RF001517",102,60,42
"60RF001518",76,52,24
"60RF001519",77,40,37
"60RF001520",81,49,32
"60RF001521",76,44,32
"60RF001522",83,54,29
"60RF001523",99,55,44
"60RF001524",86,34,52
"60RF001525",79,44,35
"60RF001526",96,51,45
"60RF001527",92,49,43
"60RF001528",82,48,34
"60RF001529",109,54,55
"60RF001530",113,58,55
"60RF001531",80,44,36
"60RF001532",100,56,44
"60RF001533",59,39,20
"60RF001534",86,53,33
"60RF001535",87,55,32
"60RF001536",64,53,11
"60RF001537",89,49,40
"60RF001538",85,79,6
"60RF001539",90,47,43
"60RF001540",39,27,12
"60RF001541",120,88,32
"60RF001542",51,35,16
"60RF001543",88,60,28
"60RF001544",112,64,48
"60RF001545",99,75,24
"60RF001546",71,48,23
"60RF001547",59,49,10
"60RF001548",66,40,26
"60RF001549",108,66,42
"60RF001550",123,67,56
"60RF001551",149,82,67
"60RF001552",145,76,69
"60RF001553",80,44,36
"60RF001554",67,26,41
"60RF001555",108,42,66
"60RF001556",139,74,65
"60RF001557",92,66,26
"60RF001558",94,36,58
"60RF001559",78,66,12
"60RF001560",141,67,74
"60RF001561",92,54,38
"60RF001562",71,45,26
"60RF001563",157,71,86
"60RF001564",96,47,49
"60RF001565",71,42,29
"60RF001566",54,28,26
"60RF001567",103,39,64
"60RF001568",88,40,48
"60RF001569",81,47,34
"60RF001570",98,42,56
"60RF001571",118,52,66
"60RF001572",108,58,50
"60RF001573",116,67,49
"60RF001574",126,75,51
"60RF001575",83,61,22
"60RF001576",54,38,16
"60RF001577",82,60,22
"60RF001578",84,50,34
"60RF001579",105,54,51
"60RF001580",85,57,28
"60RF001581",144,74,70
"60RF001582",91,62,29
"60RF001583",127,61,66
"60RF001584",120,66,54
"60RF001585",147,61,86
"60RF001586",90,58,32
"60RF001587",118,76,42
"60RF001588",80,63,17
"60RF001589",126,75,51
"60RF001590",144,80,64
"60RF001591",100,56,44
"60RF001592",102,55,47
"60RF001593",97,51,46
"60RF001594",104,50,54
"60RF001595",88,49,39
"60RF001596",106,51,55
"60RF001597",71,31,40
"60RF001598",130,36,94
"60RF001599",97,21,76
"60RF001600",216,69,147
"60RF001601",152,41,111
"60RF001602",143,49,94
"60RF001603",104,34,70
"60RF001604",80,49,31
"60RF001605",102,59,43
"60RF001606",80,52,28
"60RF001607",157,46,111
"60RF001608",161,67,94
"60RF001609",120,32,88
"60RF001610",178,48,130
"60RF001611",113,29,84
"60RF001612",58,22,36
"60RF001613",150,33,117
"60RF001614",130,42,88
"60RF001615",95,32,63
"60RF001616",110,30,80
"60RF001617",124,48,76
"60RF001618",114,36,78
"60RF001619",102,67,35
"60RF001620",73,47,26
"60RF001621",104,56,48
"60RF001622",114,85,29
"60RF001623",99,33,66
"60RF001624",59,47,12
"60RF001625",121,29,92
"60RF001626",112,44,68
"60RF001627",96,22,74
"60RF001628",113,39,74
"60RF001629",96,59,37
"60RF001630",64,51,13
"60RF001631",116,46,70
"60RF001632",164,61,103
"60RF001633",160,86,74
"60RF001634",73,35,38
"60RF001635",171,62,109
"60RF001636",166,69,97
"60RF001637",129,28,101
"60RF001638",126,47,79
"60RF001639",158,66,92
"60RF001640",89,51,38
"60RF001641",102,36,66
"60RF001642",70,37,33
"60RF001643",95,53,42
"60RF001644",85,45,40
"60RF001645",80,42,38
"60RF001646",61,29,32
"60RF001647",100,68,32
"60RF001648",145,75,70
"60RF001649",155,81,74
"60RF001650",105,49,56
"60RF001651",107,54,53
"60RF001652",120,68,52
"60RF001653",83,51,32
"60RF001654",133,72,61
"60RF001655",89,43,46
"60RF001656",85,29,56
"60RF001657",108,45,63
"60RF001658",96,57,39
"60RF001659",163,82,81
"60RF001660",97,38,59
"60RF001661",96,44,52
"60RF001662",116,52,64
"60RF001663",97,28,69
"60RF001664",98,38,60
"60RF001665",109,54,55
"60RF001666",115,59,56
"60RF001667",54,10,44
"60RF001668",123,38,85
"60RF001669",91,42,49
"60RF001670",133,79,54
"60RF001671",136,82,54
"60RF001672",119,72,47
"60RF001673",105,59,46
"60RF001674",52,32,20
"60RF001675",39,21,18
"60RF001676",41,28,13
"60RF001677",68,48,20
"60RF001678",67,53,14
"60RF001679",111,73,38
"60RF001680",116,82,34
"60RF001681",136,76,60
"60RF001682",86,42,44
"60RF001683",106,88,18
"60RF001684",150,102,48
"60RF001685",65,45,20
"60RF001686",55,13,42
"60RF001687",77,52,25
"60RF001688",82,44,38
"60RF001689",92,36,56
"60RF001690",77,48,29
"60RF001691",106,30,76
"60RF001692",79,35,44
"60RF001693",108,37,71
"60RF001694",149,50,99
"60RF001695",86,45,41
"60RF001696",117,69,48
"60RF001697",134,72,62
"60RF001698",147,55,92
"60RF001699",159,76,83
"60RF001700",79,68,11
"60RF001701",182,71,111
"60RF001702",148,58,90
"60RF001703",97,51,46
"60RF001704",96,46,50
"60RF001705",102,51,51
"60RF001706",121,46,75
"60RF001707",88,46,42
"60RF001708",167,43,124
"60RF001709",118,38,80
"60RF001710",160,35,125
"60RF001711",144,52,92
"60RF001712",66,24,42
"60RF001713",152,58,94
"60RF001714",140,50,90
"60RF001715",75,41,34
"60RF001716",80,34,46
"60RF001717",109,37,72
"60RF001718",84,34,50
"60RF001719",164,55,109
"60RF001720",106,40,66
"60RF001721",128,44,84
"60RF001722",138,46,92
"60RF001723",107,30,77
"60RF001724",124,44,80
"60RF001725",98,26,72
"60RF001726",108,38,70
"60RF001727",62,32,30
"60RF001728",65,33,32
"60RF001729",118,70,48
"60RF001730",158,73,85
"60RF001731",77,39,38
"60RF001732",93,51,42
"60RF001733",109,60,49
"60RF001734",109,57,52
"60RF001735",144,84,60
"60RF001736",65,36,29
"60RF001737",76,56,20
"60RF001738",52,48,4
"60RF001739",99,40,59
"60RF001740",105,32,73
"60RF001741",83,30,53
"60RF001742",164,61,103
"60RF001743",73,57,16
"60RF001744",137,57,80
"60RF001745",86,41,45
"60RF001746",82,45,37
"60RF001747",88,52,36
"60RF001748",130,91,39
"60RF001749",79,46,33
"60RF001750",85,35,50
"60RF001751",63,37,26
"60RF001752",145,84,61
"60RF001753",115,71,44
"60RF001754",137,77,60
"60RF001755",87,50,37
"60RF001756",99,56,43
"60RF001757",96,58,38
"60RF001758",110,78,32
"60RF001759",135,76,59
"60RF001760",92,38,54
"60RF001761",107,35,72
"60RF001762",106,30,76
"60RF001763",100,60,40
"60RF001764",102,36,66
"60RF001765",87,37,50
"60RF001766",79,41,38
"60RF001767",158,54,104
"60RF001768",75,40,35
"60RF001769",135,69,66
"60RF001770",73,37,36
"60RF001771",114,34,80
"60RF001772",118,81,37
"60RF001773",136,74,62
"60RF001774",128,74,54
"60RF001775",66,48,18
"60RF001776",86,45,41
"60RF001777",116,53,63
"60RF001778",89,44,45
"60RF001779",87,51,36
"60RF001780",246,158,88
"60RF001781",78,52,26
"60RF001782",102,46,56
"60RF001783",131,49,82
"60RF001784",84,42,42
"60RF001785",95,41,54
"60RF001786",126,75,51
"60RF001787",137,80,57
"60RF001788",90,50,40
"60RF001789",87,45,42
"60RF001790",83,42,41
"60RF001791",119,75,44
"60RF001792",121,75,46
"60RF001793",115,62,53
"60RF001794",102,64,38
"60RF001795",80,58,22
"60RF001796",63,42,21
"60RF001797",91,54,37
"60RF001798",56,40,16
"60RF001799",66,42,24
"60RF001800",103,41,62
"60RF001801",95,39,56
"60RF001802",100,38,62
"60RF001803",96,28,68
"60RF001804",92,35,57
"60RF001805",93,48,45
"60RF001806",112,61,51
"60RF001807",81,63,18
"60RF001808",51,41,10
"60RF001809",80,52,28
"60RF001810",95,63,32
"60RF001811",64,60,4
"60RF001812",85,45,40
"60RF001813",75,39,36
"60RF001814",104,58,46
"60RF001815",74,34,40
"60RF001816",125,82,43
"60RF001817",90,56,34
"60RF001818",81,52,29
"60RF001819",96,51,45
"60RF001820",86,49,37
"60RF001821",93,65,28
"60RF001822",119,58,61
"60RF001823",80,54,26
"60RF001824",92,51,41
"60RF001825",82,56,26
"60RF001826",75,36,39
"60RF001827",69,47,22
"60RF001828",110,64,46
"60RF001829",85,59,26
"60RF001830",74,38,36
"60RF001831",133,58,75
"60RF001832",92,55,37
"60RF001833",74,34,40
"60RF001834",101,58,43
"60RF001835",74,60,14
"60RF001836",70,42,28
"60RF001837",76,34,42
"60RF001838",119,53,66
"60RF001839",89,36,53
"60RF001840",96,44,52
"60RF001841",108,36,72
"60RF001842",132,70,62
"60RF001843",100,43,57
"60RF001844",73,21,52
"60RF001845",93,36,57
"60RF001846",86,48,38
"60RF001847",94,53,41
"60RF001848",76,49,27
"60RF001849",87,55,32
"60RF001850",110,70,40
"60RF001851",144,55,89
"60RF001852",138,63,75
"60RF001853",101,66,35
"60RF001854",67,40,27
"60RF001855",114,22,92
"60RF001856",61,36,25
"60RF001857",119,34,85
"60RF001858",108,47,61
"60RF001859",56,36,20
"60RF001860",109,55,54
"60RF001861",92,38,54
"60RF001862",123,66,57
"60RF001863",110,35,75
"60RF001864",64,37,27
"60RF001865",111,33,78
"60RF001866",112,34,78
"60RF001867",117,46,71
"60RF001868",92,19,73
"60RF001869",110,51,59
"60RF001870",93,38,55
"60RF001871",122,31,91
"60RF001872",131,51,80
"60RF001873",123,53,70
"60RF001874",110,35,75
"60RF001875",147,63,84
"60RF001876",114,44,70
"60RF001877",85,53,32
"60RF001878",94,38,56
"60RF001879",71,45,26
"60RF001880",60,39,21
"60RF001881",72,44,28
"60RF001882",70,20,50
"60RF001883",75,36,39
"60RF001884",65,37,28
"60RF001885",101,55,46
"60RF001886",162,87,75
"60RF001887",102,46,56
"60RF001888",94,42,52
"60RF001889",150,78,72
"60RF001890",114,46,68
"60RF001891",93,49,44
"60RF001892",109,37,72
"60RF001893",66,46,20
"60RF001894",62,42,20
"60RF001895",104,50,54
"60RF001896",112,48,64
"60RF001897",121,55,66
"60RF001898",117,61,56
"60RF001899",113,77,36
"60RF001900",88,58,30
"60RF001901",109,67,42
"60RF001902",93,68,25
"60RF001903",129,70,59
"60RF001904",74,62,12
"60RF001905",85,68,17
"60RF001906",181,116,65
"60RF001907",67,45,22
"60RF001908",139,51,88
"60RF001909",75,37,38
"60RF001910",58,6,52
"60RF001911",96,43,53
"60RF001912",89,38,51
"60RF001913",109,47,62
"60RF001914",84,32,52
"60RF001915",103,45,58
"60RF001916",102,40,62
"60RF001917",95,23,72
"60RF001918",94,44,50
"60RF001919",108,58,50
"60RF001920",162,64,98
"60RF001921",127,47,80
"60RF001922",137,36,101
"60RF001923",115,29,86
"60RF001924",108,35,73
"60RF001925",114,36,78
"60RF001926",90,36,54
"60RF001927",86,37,49
"60RF001928",81,23,58
"60RF001929",85,29,56
"60RF001930",70,35,35
"60RF001931",97,23,74
"60RF001932",95,31,64
"60RF001933",52,9,43
"60RF001934",55,23,32
"60RF001935",115,36,79
"60RF001936",41,19,22
"60RF001937",62,25,37
"60RF001938",91,40,51
"60RF001939",108,34,74
"60RF001940",87,23,64
"60RF001941",54,26,28
"60RF001942",80,32,48
"60RF001943",141,82,59
"60RF001944",65,21,44
"60RF001945",80,48,32
"60RF001946",45,17,28
"60RF001947",57,39,18
"60RF001948",91,51,40
"60RF001949",145,45,100
"60RF001950",94,50,44
"60RF001951",140,79,61
"60RF001952",46,20,26
"60RF001953",94,56,38
"60RF001954",49,25,24
"60RF001955",162,46,116
"60RF001956",48,10,38
"60RF001957",60,35,25
"60RF001958",53,20,33
"60RF001959",81,50,31
"60RF001960",129,43,86
"60RF001961",62,24,38
"60RF001962",47,35,12
"60RF001963",68,20,48
"60RF001964",146,99,47
"60RF001965",45,17,28
"60RF001966",100,56,44
"60RF001967",139,59,80
"60RF001968",118,36,82
"60RF001969",102,34,68
"60RF001970",70,26,44
"60RF001971",104,42,62
"60RF001972",66,18,48
"60RF001973",122,79,43
"60RF001974",99,40,59
"60RF001975",103,34,69
"60RF001976",75,51,24
"60RF001977",66,24,42
"60RF001978",106,38,68
"60RF001979",57,12,45
"60RF001980",88,47,41
"60RF001981",88,36,52
"60RF001982",76,38,38
"60RF001983",66,36,30
"60RF001984",71,17,54
"60RF001985",64,16,48
"60RF001986",78,23,55
"60RF001987",81,31,50
"60RF001988",84,26,58
"60RF001989",88,64,24
"60RF001990",62,38,24
"60RF001991",61,33,28
"60RF001992",54,42,12
"60RF001993",85,69,16
"60RF001994",43,31,12
"60RF001995",115,37,78
"60RF001996",90,29,61
"60RF001997",89,28,61
"60RF001998",95,40,55
"60RF001999",63,13,50
"60RF002000",120,61,59
"60RF002001",110,36,74
"60RF002002",146,57,89
"60RF002003",171,40,131
"60RF002004",97,49,48
"60RF002005",93,51,42
"60RF002006",122,58,64
"60RF002007",140,42,98
"60RF002008",80,24,56
"60RF002009",107,43,64
"60RF002010",107,45,62
"60RF002011",85,31,54
"60RF002012",97,37,60
"60RF002013",115,30,85
"60RF002014",116,59,57
"60RF002015",65,41,24
"60RF002016",63,31,32
"60RF002017",81,27,54
"60RF002018",108,54,54
"60RF002019",72,30,42
"60RF002020",42,36,6
"60RF002021",110,48,62
"60RF002022",55,17,38
"60RF002023",119,58,61
"60RF002024",77,29,48
"60RF002025",58,20,38
"60RF002026",115,48,67
"60RF002027",79,29,50
"60RF002028",78,32,46
"60RF002029",61,19,42
"60RF002030",58,30,28
"60RF002031",92,46,46
"60RF002032",71,51,20
"60RF002033",127,42,85
"60RF002034",83,45,38
"60RF002035",62,26,36
"60RF002036",65,16,49
"60RF002037",81,33,48
"60RF002038",143,68,75
"60RF002039",48,26,22
"60RF002040",146,48,98
"60RF002041",69,38,31
"60RF002042",107,71,36
"60RF002043",99,29,70
"60RF002044",92,44,48
"60RF002045",49,24,25
"60RF002046",90,40,50
"60RF002047",110,41,69
"60RF002048",78,42,36
"60RF002049",55,31,24
"60RF002050",55,37,18
"60RF002051",89,30,59
"60RF002052",62,30,32
"60RF002053",81,41,40
"60RF002054",79,33,46
"60RF002055",112,36,76
"60RF002056",113,33,80
"60RF002057",60,22,38
"60RF002058",146,94,52
"60RF002059",125,56,69
"60RF002060",50,32,18
"60RF002061",63,24,39
"60RF002062",96,28,68
"60RF002063",82,31,51
"60RF002064",80,30,50
"60RF002065",86,30,56
"60RF002066",51,22,29
"60RF002067",130,53,77
"60RF002068",82,22,60
"60RF002069",90,42,48
"60RF002070",53,39,14
"60RF002071",89,76,13
"60RF002072",39,23,16
"60RF002073",45,33,12
"60RF002074",75,57,18
"60RF002075",105,45,60
"60RF002076",67,27,40
"60RF002077",62,32,30
"60RF002078",97,51,46
"60RF002079",55,30,25
"60RF002080",145,84,61
"60RF002081",86,54,32
"60RF002082",62,38,24
"60RF002083",66,44,22
"60RF002084",59,37,22
"60RF002085",101,29,72
"60RF002086",57,37,20
"60RF002087",71,36,35
"60RF002088",87,54,33
"60RF002089",72,13,59
"60RF002090",91,30,61
"60RF002091",68,30,38
"60RF002092",85,52,33
"60RF002093",94,62,32
"60RF002094",47,35,12
"60RF002095",59,45,14
"60RF002096",55,43,12
"60RF002097",77,65,12
"60RF002098",44,19,25
"60RF002099",89,41,48
"60RF002100",78,31,47
"60RF002101",48,18,30
"60RF002102",85,57,28
"60RF002103",64,26,38
"60RF002104",89,74,15
"60RF002105",72,34,38
"60RF002106",75,54,21
"60RF002107",57,39,18
"60RF002108",50,36,14
"60RF002109",52,24,28
"60RF002110",112,54,58
"60RF002111",75,35,40
"60RF002112",131,59,72
"60RF002113",49,19,30
"60RF002114",106,58,48
"60RF002115",99,62,37
"60RF002116",64,32,32
"60RF002117",149,55,94
"60RF002118",48,28,20
"60RF002119",84,55,29
"60RF002120",72,44,28
"60RF002121",84,48,36
"60RF002122",58,42,16
"60RF002123",55,23,32
"60RF002124",161,117,44
"60RF002125",105,25,80
"60RF002126",105,30,75
"60RF002127",104,41,63
"60RF002128",92,40,52
"60RF002129",125,84,41
"60RF002130",165,71,94
"60RF002131",97,25,72
"60RF002132",101,24,77
"60RF002133",96,26,70
"60RF002134",85,31,54
"60RF002135",92,31,61
"60RF002136",122,40,82
"60RF002137",81,19,62
"60RF002138",188,105,83
"60RF002139",91,29,62
"60RF002140",144,52,92
"60RF002141",81,39,42
"60RF002142",103,32,71
"60RF002143",66,24,42
"60RF002144",89,31,58
"60RF002145",97,41,56
"60RF002146",88,30,58
"60RF002147",86,28,58
"60RF002148",86,30,56
"60RF002149",128,59,69
"60RF002150",110,42,68
"60RF002151",144,61,83
"60RF002152",217,74,143
"60RF002153",66,40,26
"60RF002154",91,21,70
"60RF002155",72,46,26
"60RF002156",57,31,26
"60RF002157",102,43,59
"60RF002158",68,53,15
"60RF002159",77,28,49
"60RF002160",51,21,30
"60RF002161",101,59,42
"60RF002162",60,30,30
"60RF002163",125,93,32
"60RF002164",84,39,45
"60RF002165",151,100,51
"60RF002166",136,80,56
"60RF002167",149,62,87
"60RF002168",80,39,41
"60RF002169",181,50,131
"60RF002170",114,31,83
"60RF002171",68,22,46
"60RF002172",139,68,71
"60RF002173",82,66,16
"60RF002174",75,59,16
"60RF002175",100,55,45
"60RF002176",73,38,35
"60RF002177",124,24,100
"60RF002178",126,56,70
"60RF002179",110,46,64
"60RF002180",83,27,56
"60RF002181",99,70,29
"60RF002182",43,24,19
"60RF002183",106,22,84
"60RF002184",106,39,67
"60RF002185",96,18,78
"60RF002186",131,37,94
"60RF002187",140,44,96
"60RF002188",101,16,85
"60RF002189",97,30,67
"60RF002190",112,65,47
"60RF002191",77,49,28
"60RF002192",120,52,68
"60RF002193",79,55,24
"60RF002194",40,8,32
"60RF002195",150,37,113
"60RF002196",87,37,50
"60RF002197",85,41,44
"60RF002198",119,35,84
"60RF002199",78,34,44
"60RF002200",78,34,44
"60RF002201",114,66,48
"60RF002202",63,23,40
"60RF002203",223,98,125
"60RF002204",118,62,56
"60RF002205",66,34,32
"60RF002206",168,77,91
"60RF002207",62,44,18
"60RF002208",78,52,26
"60RF002209",116,25,91
"60RF002210",100,44,56
"60RF002211",62,39,23
"60RF002212",90,31,59
"60RF002213",51,22,29
"60RF002214",94,43,51
"60RF002215",74,26,48
"60RF002216",86,34,52
"60RF002217",104,48,56
"60RF002218",42,17,25
"60RF002219",71,35,36
"60RF002220",78,42,36
"60RF002221",194,44,150
"60RF002222",147,40,107
"60RF002223",107,38,69
"60RF002224",79,27,52
"60RF002225",54,25,29
"60RF002226",127,41,86
"60RF002227",61,33,28
"60RF002228",57,43,14
"60RF002229",92,40,52
"60RF002230",122,32,90
"60RF002231",125,40,85
"60RF002232",70,56,14
"60RF002233",101,43,58
"60RF002234",105,27,78
"60RF002235",103,20,83
"60RF002236",184,80,104
"60RF002237",119,29,90
"60RF002238",121,35,86
"60RF002239",136,69,67
"60RF002240",128,50,78
"60RF002241",117,27,90
"60RF002242",213,93,120
"60RF002243",61,31,30
"60RF002244",98,41,57
"60RF002245",73,29,44
"60RF002246",65,38,27
"60RF002247",54,31,23
"60RF002248",97,33,64
"60RF002249",90,31,59
"60RF002250",136,59,77
"60RF002251",89,52,37
"60RF002252",80,28,52
"60RF002253",60,36,24
"60RF002254",84,58,26
"60RF002255",79,43,36
"60RF002256",63,21,42
"60RF002257",114,38,76
"60RF002258",102,35,67
"60RF002259",86,30,56
"60RF002260",145,61,84
"60RF002261",39,19,20
"60RF002262",161,95,66
"60RF002263",158,56,102
"60RF002264",58,18,40
"60RF002265",97,51,46
"60RF002266",112,74,38
"60RF002267",61,35,26
"60RF002268",75,47,28
"60RF002269",134,68,66
"60RF002270",91,53,38
"60RF002271",158,75,83
"60RF002272",60,38,22
"60RF002273",88,54,34
"60RF002274",215,94,121
"60RF002275",135,26,109
"60RF002276",115,32,83
"60RF002277",45,7,38
"60RF002278",129,28,101
"60RF002279",118,22,96
"60RF002280",131,37,94
"60RF002281",113,29,84
"60RF002282",98,21,77
"60RF002283",67,13,54
"60RF002284",97,11,86
"60RF002285",99,25,74
"60RF002286",163,37,126
"60RF002287",61,13,48
"60RF002288",100,19,81
"60RF002289",58,12,46
"60RF002290",102,25,77
"60RF002291",138,40,98
"60RF002292",120,56,64
"60RF002293",90,38,52
"60RF002294",170,53,117
"60RF002295",99,45,54
"60RF002296",71,34,37
"60RF002297",104,38,66
"60RF002298",55,29,26
"60RF002299",218,91,127
"60RF002300",129,39,90
"60RF002301",106,25,81
"60RF002302",120,32,88
"60RF002303",84,17,67
"60RF002304",119,39,80
"60RF002305",115,36,79
"60RF002306",109,25,84
"60RF002307",116,40,76
"60RF002308",124,34,90
"60RF002309",120,45,75
"60RF002310",114,34,80
"60RF002311",241,147,94
"60RF002312",119,49,70
"60RF002313",73,39,34
"60RF002314",75,47,28
"60RF002315",96,43,53
"60RF002316",111,54,57
"60RF002317",114,52,62
"60RF002318",51,31,20
"60RF002319",111,37,74
"60RF002320",137,35,102
"60RF002321",116,28,88
"60RF002322",91,23,68
"60RF002323",49,19,30
"60RF002324",144,67,77
"60RF002325",75,35,40
"60RF002326",95,46,49
"60RF002327",64,28,36
"60RF002328",133,59,74
"60RF002329",45,17,28
"60RF002330",184,87,97
"60RF002331",126,64,62
"60RF002332",87,44,43
"60RF002333",228,81,147
"60RF002334",56,16,40
"60RF002335",104,51,53
"60RF002336",108,54,54
"60RF002337",88,70,18
"60RF002338",47,25,22
"60RF002339",103,47,56
"60RF002340",75,26,49
"60RF002341",134,44,90
"60RF002342",76,45,31
"60RF002343",77,35,42
"60RF002344",121,57,64
"60RF002345",88,50,38
"60RF002346",99,33,66
"60RF002347",67,22,45
"60RF002348",135,59,76
"60RF002349",91,50,41
"60RF002350",94,48,46
"60RF002351",50,34,16
"60RF002352",50,40,10
"60RF002353",88,63,25
"60RF002354",113,73,40
"60RF002355",63,33,30
"60RF002356",85,57,28
"60RF002357",93,52,41
"60RF002358",161,102,59
"60RF002359",163,87,76
"60RF002360",70,12,58
"60RF002361",85,50,35
"60RF002362",49,39,10
"60RF002363",49,35,14
"60RF002364",110,59,51
"60RF002365",48,14,34
"60RF002366",151,49,102
"60RF002367",87,35,52
"60RF002368",57,37,20
"60RF002369",142,99,43
"60RF002370",176,76,100
"60RF002371",81,45,36
"60RF002372",159,57,102
"60RF002373",103,56,47
"60RF002374",84,33,51
"60RF002375",118,54,64
"60RF002376",105,44,61
"60RF002377",90,42,48
"60RF002378",115,57,58
"60RF002379",69,45,24
"60RF002380",184,75,109
"60RF002381",81,43,38
"60RF002382",73,39,34
"60RF002383",126,22,104
"60RF002384",101,61,40
"60RF002385",57,33,24
"60RF002386",76,40,36
"60RF002387",71,42,29
"60RF002388",114,79,35
"60RF002389",132,97,35
"60RF002390",46,16,30
"60RF002391",119,91,28
"60RF002392",110,56,54
"60RF002393",97,31,66
"60RF002394",120,60,60
"60RF002395",132,25,107
"60RF002396",45,39,6
"60RF002397",96,54,42
"60RF002398",128,101,27
"60RF002399",60,42,18
"60RF002400",81,37,44
"60RF002401",55,48,7
"60RF002402",89,41,48
"60RF002403",76,38,38
"60RF002404",66,24,42
"60RF002405",318,206,112
"60RF002406",91,19,72
"60RF002407",88,46,42
"60RF002408",66,40,26
"60RF002409",51,39,12
"60RF002410",61,37,24
"60RF002411",125,58,67
"60RF002412",73,57,16
"60RF002413",190,99,91
"60RF002414",200,81,119
"60RF002415",118,40,78
"60RF002416",48,16,32
"60RF002417",163,74,89
"60RF002418",104,22,82
"60RF002419",106,24,82
"60RF002420",139,38,101
"60RF002421",98,46,52
"60RF002422",76,46,30
"60RF002423",95,23,72
"60RF002424",120,25,95
"60RF002425",125,17,108
"60RF002426",51,13,38
"60RF002427",92,21,71
"60RF002428",73,29,44
"60RF002429",166,135,31
"60RF002430",129,31,98
"60RF002431",157,40,117
"60RF002432",140,34,106
"60RF002433",128,46,82
"60RF002434",91,20,71
"60RF002435",92,14,78
"60RF002436",109,28,81
"60RF002437",103,38,65
"60RF002438",107,27,80
"60RF002439",137,24,113
"60RF002440",139,35,104
"60RF002441",57,21,36
"60RF002442",122,30,92
"60RF002443",86,45,41
"60RF002444",68,32,36
"60RG000001",102,36,66
"60RG000002",61,19,42
"60RG000003",79,31,48
"60RG000004",50,16,34
"60RG000005",76,49,27
"60RG000006",93,35,58
"60RG000007",130,58,72
"60RG000008",80,31,49
"60RG000009",76,32,44
"60RG000010",63,29,34
"60RG000011",162,45,117
"60RG000012",112,41,71
"60RG000013",90,36,54
"60RG000014",95,43,52
"60RG000015",65,27,38
"60RG000016",73,20,53
"60RG000017",138,44,94
"60RG000018",100,59,41
"60RG000019",101,31,70
"60RG000020",102,38,64
"60RG000021",76,35,41
"60RG000022",77,26,51
"60RG000023",109,41,68
"60RG000024",98,40,58
"60RG000025",121,42,79
"60RG000026",101,32,69
"60RG000027",173,80,93
"60RG000028",58,23,35
"60RG000029",95,28,67
"60RG000030",135,61,74
"60RG000031",107,45,62
"60RG000032",86,32,54
"60RG000033",129,37,92
"60RG000034",131,56,75
"60RG000035",98,56,42
"60RG000036",72,22,50
"60RG000037",69,33,36
"60RG000038",63,24,39
"60RG000039",69,25,44
"60RG000040",120,44,76
"60RG000041",72,17,55
"60RG000042",92,35,57
"60RG000043",104,28,76
"60RG000044",77,26,51
"60RG000045",118,44,74
"60RG000046",141,65,76
"60RG000047",95,29,66
"60RG000048",112,34,78
"60RG000049",47,11,36
"60RG000050",54,17,37
"60RG000051",73,22,51
"60RG000052",144,56,88
"60RG000053",101,25,76
"60RG000054",121,35,86
"60RG000055",120,48,72
"60RG000056",45,5,40
"60RG000057",67,35,32
"60RG000058",118,51,67
"60RG000059",174,50,124
"60RG000060",82,20,62
"60RG000061",154,39,115
"60RG000062",105,35,70
"60RG000063",106,32,74
"60RG000064",85,37,48
"60RG000065",206,93,113
"60RG000066",99,29,70
"60RG000067",156,38,118
"60RG000068",122,31,91
"60RG000069",128,26,102
"60RG000070",107,39,68
"60RG000071",144,42,102
"60RG000072",111,21,90
"60RG000073",105,31,74
"60RG000074",113,43,70
"60RG000075",136,80,56
"60RG000076",111,59,52
"60RG000077",56,26,30
"60RG000078",118,60,58
"60RG000079",91,50,41
"60RG000080",137,67,70
"60RG000081",88,63,25
"60RG000082",106,58,48
"60RG000083",142,81,61
"60RG000084",89,35,54
"60RG000085",105,48,57
"60RG000086",87,37,50
"60RG000087",66,34,32
"60RG000088",42,25,17
"60RG000089",84,32,52
"60RG000090",135,59,76
"60RG000091",103,44,59
"60RG000092",97,51,46
"60RG000093",98,52,46
"60RG000094",83,41,42
"60RG000095",85,25,60
"60RG000096",89,21,68
"60RG000097",116,36,80
"60RG000098",90,38,52
"60RG000099",109,21,88
"60RG000100",124,56,68
"60RG000101",133,63,70
"60RG000102",102,49,53
"60RG000103",88,50,38
"60RG000104",129,73,56
"60RG000105",107,54,53
"60RG000106",86,47,39
"60RG000107",101,39,62
"60RG000108",93,44,49
"60RG000109",80,46,34
"60RG000110",111,67,44
"60RG000111",90,37,53
"60RG000112",136,64,72
"60RG000113",112,31,81
"60RG000114",103,33,70
"60RG000115",71,28,43
"60RG000116",85,33,52
"60RG000117",70,31,39
"60RG000118",101,54,47
"60RG000119",81,49,32
"60RG000120",128,61,67
"60RG000121",163,55,108
"60RG000122",95,51,44
"60RG000123",83,57,26
"60RG000124",101,31,70
"60RG000125",194,106,88
"60RG000126",108,73,35
"60RG000127",147,36,111
"60RG000128",64,22,42
"60RG000129",59,27,32
"60RG000130",117,73,44
"60RG000131",97,35,62
"60RG000132",105,56,49
"60RG000133",106,50,56
"60RG000134",82,29,53
"60RG000135",97,48,49
"60RG000136",111,65,46
"60RG000137",77,49,28
"60RG000138",75,39,36
"60RG000139",141,73,68
"60RG000140",105,59,46
"60RG000141",127,33,94
"60RG000142",56,34,22
"60RG000143",74,38,36
"60RG000144",98,43,55
"60RG000145",91,43,48
"60RG000146",98,48,50
"60RG000147",90,47,43
"60RG000148",92,59,33
"60RG000149",91,34,57
"60RG000150",91,47,44
"60RG000151",166,78,88
"60RG000152",112,54,58
"60RG000153",58,25,33
"60RG000154",134,53,81
"60RG000155",156,56,100
"60RG000156",146,79,67
"60RG000157",113,29,84
"60RG000158",109,36,73
"60RG000159",101,30,71
"60RG000160",96,33,63
"60RG000161",94,26,68
"60RG000162",111,35,76
"60RG000163",52,38,14
"60RG000164",73,33,40
"60RG000165",64,28,36
"60RG000166",60,24,36
"60RG000167",46,26,20
"60RG000168",78,61,17
"60RG000169",70,53,17
"60RG000170",97,43,54
"60RG000171",83,61,22
"60RG000172",69,49,20
"60RG000173",122,40,82
"60RG000174",115,55,60
"60RG000175",114,26,88
"60RG000176",103,25,78
"60RG000177",116,26,90
"60RG000178",82,60,22
"60RG000179",108,23,85
"60RG000180",136,50,86
"60RG000181",145,90,55
"60RG000182",91,54,37
"60RG000183",112,61,51
"60RG000184",93,34,59
"60RG000185",167,73,94
"60RG000186",127,56,71
"60RG000187",97,31,66
"60RG000188",96,32,64
"60RG000189",103,56,47
"60RG000190",99,56,43
"60RG000191",78,37,41
"60RG000192",77,43,34
"60RG000193",94,40,54
"60RG000194",76,44,32
"60RG000195",149,64,85
"60RG000196",110,50,60
"60RG000197",96,43,53
"60RG000198",67,33,34
"60RG000199",102,42,60
"60RG000200",83,44,39
"60RG000201",82,40,42
"60RG000202",88,39,49
"60RG000203",86,31,55
"60RG000204",65,27,38
"60RG000205",89,57,32
"60RG000206",76,55,21
"60RG000207",101,64,37
"60RG000208",122,49,73
"60RG000209",44,28,16
"60RG000210",71,29,42
"60RG000211",82,39,43
"60RG000212",40,34,6
"60RG000213",133,64,69
"60RG000214",99,65,34
"60RG000215",91,47,44
"60RG000216",70,58,12
"60RG000217",80,32,48
"60RG000218",101,90,11
"60RG000219",68,58,10
"60RG000220",120,77,43
"60RG000221",93,73,20
"60RG000222",98,48,50
"60RG000223",95,45,50
"60RG000224",96,46,50
"60RG000225",53,41,12
"60RG000226",87,68,19
"60RG000227",96,72,24
"60RG000228",90,65,25
"60RG000229",84,39,45
"60RG000230",78,38,40
"60RG000231",108,35,73
"60RG000232",84,34,50
"60RG000233",52,30,22
"60RG000234",49,21,28
"60RG000235",92,53,39
"60RG000236",53,28,25
"60RG000237",95,26,69
"60RG000238",91,63,28
"60RG000239",62,40,22
"60RG000240",95,41,54
"60RG000241",46,35,11
"60RG000242",169,59,110
"60RG000243",142,62,80
"60RG000244",100,42,58
"60RG000245",73,37,36
"60RG000246",67,38,29
"60RG000247",82,32,50
"60RG000248",65,35,30
"60RG000249",115,47,68
"60RG000250",76,30,46
"60RG000251",103,34,69
"60RG000252",108,34,74
"60RG000253",80,26,54
"60RG000254",86,43,43
"60RG000255",83,29,54
"60RG000256",70,26,44
"60RG000257",78,20,58
"60RG000258",121,38,83
"60RG000259",97,41,56
"60RG000260",141,35,106
"60RG000261",173,45,128
"60RG000262",140,41,99
"60RG000263",98,31,67
"60RG000264",89,47,42
"60RG000265",76,30,46
"60RG000266",61,35,26
"60RG000267",50,26,24
"60RG000268",110,58,52
"60RG000269",54,21,33
"60RG000270",136,58,78
"60RG000271",119,40,79
"60RG000272",84,38,46
"60RG000273",85,47,38
"60RG000274",89,49,40
"60RG000275",77,49,28
"60RG000276",124,60,64
"60RG000277",71,47,24
"60RG000278",92,47,45
"60RG000279",70,46,24
"60RG000280",86,61,25
"60RG000281",128,60,68
"60RG000282",84,30,54
"60RG000283",103,57,46
"60RG000284",77,50,27
"60RG000285",118,58,60
"60RG000286",76,59,17
"60RG000287",91,51,40
"60RG000288",77,46,31
"60RG000289",84,48,36
"60RG000290",117,68,49
"60RG000291",135,35,100
"60RG000292",98,92,6
"60RG000293",141,128,13
"60RG000294",84,56,28
"60RG000295",66,44,22
"60RG000296",63,46,17
"60RG000297",110,81,29
"60RG000298",72,58,14
"60RG000299",70,58,12
"60RG000300",136,89,47
"60RG000301",164,135,29
"60RG000302",88,82,6
"60RG000303",131,100,31
"60RG000304",96,75,21
"60RG000305",92,76,16
"60RG000306",107,93,14
"60RG000307",80,74,6
"60RG000308",147,127,20
"60RG000309",163,102,61
"60RG000310",115,55,60
"60RG000311",95,65,30
"60RG000312",128,74,54
"60RG000313",101,69,32
"60RG000314",90,64,26
"60RG000315",103,67,36
"60RG000316",58,42,16
"60RG000317",129,77,52
"60RG000318",86,54,32
"60RG000319",131,73,58
"60RG000320",97,69,28
"60RG000321",78,42,36
"60RG000322",87,67,20
"60RG000323",88,54,34
"60RG000324",77,49,28
"60RG000325",76,50,26
"60RG000326",105,65,40
"60RG000327",93,61,32
"60RG000328",106,54,52
"60RG000329",92,32,60
"60RG000330",93,43,50
"60RG000331",113,37,76
"60RG000332",101,45,56
"60RG000333",114,78,36
"60RG000334",168,98,70
"60RG000335",153,39,114
"60RG000336",129,37,92
"60RG000337",112,25,87
"60RG000338",81,21,60
"60RG000339",128,50,78
"60RG000340",89,13,76
"60RG000341",58,24,34
"60RG000342",75,27,48
"60RG000343",78,28,50
"60RG000344",88,29,59
"60RG000345",109,59,50
"60RG000346",75,19,56
"60RG000347",103,48,55
"60RG000348",72,60,12
"60RG000349",87,55,32
"60RG000350",87,30,57
"60RG000351",75,31,44
"60RG000352",50,18,32
"60RG000353",109,35,74
"60RG000354",124,45,79
"60RG000355",45,18,27
"60RG000356",75,68,7
"60RG000357",109,107,2
"60RG000358",77,29,48
"60RG000359",89,28,61
"60RG000360",116,43,73
"60RG000361",58,20,38
"60RG000362",54,30,24
"60RG000363",94,68,26
"60RG000364",82,57,25
"60RG000365",50,40,10
"60RG000366",85,57,28
"60RG000367",80,50,30
"60RG000368",126,78,48
"60RG000369",69,61,8
"60RG000370",128,70,58
"60RG000371",122,52,70
"60RG000372",92,68,24
"60RG000373",105,62,43
"60RG000374",66,34,32
"60RG000375",132,72,60
"60RG000376",112,54,58
"60RG000377",156,59,97
"60RG000378",138,62,76
"60RG000379",130,44,86
"60RG000380",104,34,70
"60RG000381",55,23,32
"60RG000382",116,40,76
"60RG000383",115,35,80
"60RG000384",85,27,58
"60RG000385",98,50,48
"60RG000386",77,45,32
"60RG000387",139,101,38
"60RG000388",108,73,35
"60RG000389",144,60,84
"60RG000390",130,72,58
"60RG000391",80,41,39
"60RG000392",99,55,44
"60RG000393",132,63,69
"60RG000394",142,72,70
"60RG000395",71,50,21
"60RG000396",71,41,30
"60RG000397",85,45,40
"60RG000398",134,62,72
"60RG000399",128,71,57
"60RG000400",98,55,43
"60RG000401",101,50,51
"60RG000402",84,50,34
"60RG000403",93,39,54
"60RG000404",93,41,52
"60RG000405",96,52,44
"60RG000406",104,40,64
"60RG000407",129,63,66
"60RG000408",112,54,58
"60RG000409",139,41,98
"60RG000410",148,66,82
"60RG000411",75,44,31
"60RG000412",98,25,73
"60RG000413",108,20,88
"60RG000414",123,43,80
"60RG000415",92,42,50
"60RG000416",98,44,54
"60RG000417",56,13,43
"60RG000418",77,33,44
"60RG000419",78,36,42
"60RG000420",152,41,111
"60RG000421",144,34,110
"60RG000422",125,39,86
"60RG000423",103,29,74
"60RG000424",118,35,83
"60RG000425",92,22,70
"60RG000426",105,50,55
"60RG000427",89,31,58
"60RG000428",141,63,78
"60RG000429",105,57,48
"60RG000430",107,64,43
"60RG000431",73,47,26
"60RG000432",63,43,20
"60RG000433",85,31,54
"60RG000434",83,37,46
"60RG000435",50,13,37
"60RG000436",43,26,17
"60RG000437",83,37,46
"60RG000438",100,30,70
"60RG000439",65,50,15
"60RG000440",113,37,76
"60RG000441",78,24,54
"60RG000442",126,38,88
"60RG000443",175,35,140
"60RG000444",97,27,70
"60RG000445",132,63,69
"60RG000446",99,40,59
"60RG000447",158,41,117
"60RG000448",150,53,97
"60RG000449",140,51,89
"60RG000450",175,75,100
"60RG000451",66,47,19
"60RG000452",126,45,81
"60RG000453",85,36,49
"60RG000454",107,49,58
"60RG000455",94,42,52
"60RG000456",116,11,105
"60RG000457",134,27,107
"60RG000458",109,40,69
"60RG000459",108,24,84
"60RG000460",93,41,52
"60RG000461",188,128,60
"60RG000462",110,59,51
"60RG000463",152,77,75
"60RG000464",136,61,75
"60RG000465",88,33,55
"60RG000466",127,29,98
"60RG000467",97,23,74
"60RG000468",95,27,68
"60RG000469",133,65,68
"60RG000470",79,51,28
"60RG000471",129,50,79
"60RG000472",119,28,91
"60RG000473",112,80,32
"60RG000474",113,54,59
"60RG000475",67,13,54
"60RG000476",117,29,88
"60RG000477",127,45,82
"60RG000478",167,73,94
"60RG000479",128,48,80
"60RG000480",90,55,35
"60RG000481",49,31,18
"60RG000482",116,52,64
"60RG000483",175,100,75
"60RG000484",99,59,40
"60RG000485",88,53,35
"60RG000486",137,51,86
"60RG000487",145,47,98
"60RG000488",70,33,37
"60RG000489",89,39,50
"60RG000490",68,26,42
"60RG000491",57,23,34
"60RG000492",68,24,44
"60RG000493",96,38,58
"60RG000494",89,37,52
"60RG000495",88,24,64
"60RG000496",105,52,53
"60RG000497",78,28,50
"60RG000498",71,29,42
"60RG000499",109,28,81
"60RG000500",154,77,77
"60RG000501",94,27,67
"60RG000502",91,47,44
"60RG000503",39,10,29
"60RG000504",60,26,34
"60RG000505",55,13,42
"60RG000506",91,23,68
"60RG000507",146,39,107
"60RG000508",116,61,55
"60RG000509",64,38,26
"60RG000510",60,29,31
"60RG000511",75,33,42
"60RG000512",51,19,32
"60RG000513",97,51,46
"60RG000514",116,59,57
"60RG000515",153,43,110
"60RG000516",59,27,32
"60RG000517",65,19,46
"60RG000518",96,39,57
"60RG000519",80,43,37
"60RG000520",63,27,36
"60RG000521",100,40,60
"60RG000522",112,42,70
"60RG000523",128,54,74
"60RG000524",169,46,123
"60RG000525",90,51,39
"60RG000526",92,22,70
"60RG000527",113,37,76
"60RG000528",48,30,18
"60RG000529",101,52,49
"60RG000530",48,18,30
"60RG000531",102,43,59
"60RG000532",186,85,101
"60RG000533",50,16,34
"60RG000534",146,114,32
"60RG000535",80,58,22
"60RG000536",68,54,14
"60RG000537",64,40,24
"60RG000538",62,31,31
"60RG000539",95,40,55
"60RG000540",118,28,90
"60RG000541",43,19,24
"60RG000542",52,24,28
"60RG000543",51,19,32
"60RG000544",62,36,26
"60RG000545",105,35,70
"60RG000546",49,31,18
"60RG000547",72,32,40
"60RG000548",179,41,138
"60RG000549",64,36,28
"60RG000550",96,30,66
"60RG000551",83,54,29
"60RG000552",115,48,67
"60RG000553",62,32,30
"60RG000554",119,39,80
"60RG000555",41,11,30
"60RG000556",78,51,27
"60RG000557",73,38,35
"60RG000558",116,54,62
"60RG000559",58,28,30
"60RG000560",113,43,70
"60RG000561",59,15,44
"60RG000562",115,43,72
"60RG000563",56,48,8
"60RG000564",107,101,6
"60RG000565",79,65,14
"60RG000566",78,50,28
"60RG000567",226,108,118
"60RG000568",160,77,83
"60RG000569",63,20,43
"60RG000570",122,46,76
"60RG000571",65,33,32
"60RG000572",98,26,72
"60RG000573",110,50,60
"60RG000574",101,55,46
"60RG000575",61,11,50
"60RG000576",134,42,92
"60RG000577",101,41,60
"60RG000578",109,47,62
"60RG000579",106,46,60
"60RG000580",115,45,70
"60RG000581",86,30,56
"60RG000582",70,28,42
"60RG000583",106,50,56
"60RG000584",81,48,33
"60RG000585",101,21,80
"60RG000586",87,39,48
"60RG000587",83,35,48
"60RG000588",81,33,48
"60RG000589",57,31,26
"60RG000590",149,68,81
"60RG000591",57,11,46
"60RG000592",70,49,21
"60RG000593",48,26,22
"60RG000594",134,55,79
"60RG000595",102,44,58
"60RG000596",113,21,92
"60RG000597",57,21,36
"60RG000598",197,47,150
"60RG000599",138,42,96
"60RG000600",60,31,29
"60RG000601",172,158,14
"60RG000602",72,48,24
"60RG000603",93,17,76
"60RG000604",208,188,20
"60RG000605",99,33,66
"60RG000606",59,21,38
"60RG000607",71,31,40
"60RG000608",87,41,46
"60RG000609",79,47,32
"60RG000610",95,58,37
"60RG000611",92,48,44
"60RG000612",58,30,28
"60RG000613",141,70,71
"60RG000614",76,26,50
"60RG000615",120,36,84
"60RG000616",95,46,49
"60RG000617",71,33,38
"60RG000618",58,35,23
"60RG000619",101,21,80
"60RG000620",107,35,72
"60RG000621",113,42,71
"60RG000622",75,29,46
"60RG000623",110,26,84
"60RG000624",118,38,80
"60RG000625",139,127,12
"60RG000626",127,106,21
"60RG000627",101,85,16
"60RG000628",135,90,45
"60RG000629",99,71,28
"60RG000630",115,106,9
"60RG000631",160,151,9
"60RG000632",59,40,19
"60RG000633",84,70,14
"60RG000634",47,34,13
"60RG000635",121,88,33
"60RG000636",110,68,42
"60RG000637",79,72,7
"60RG000638",76,41,35
"60RG000639",108,68,40
"60RG000640",58,14,44
"60RG000641",83,40,43
"60RG000642",145,94,51
"60RG000643",67,20,47
"60RG000644",76,68,8
"60RG000645",71,67,4
"60RG000646",85,75,10
"60RG000647",288,279,9
"60RG000648",90,47,43
"60RG000649",87,45,42
"60RG000650",73,38,35
"60RG000651",139,38,101
"60RG000652",218,161,57
"60RG000653",47,17,30
"60RG000654",152,72,80
"60RG000655",125,84,41
"60RG000656",124,61,63
"60RG000657",120,23,97
"60RG000658",105,59,46
"60RG000659",65,41,24
"60RG000660",86,44,42
"60RG000661",76,32,44
"60RG000662",84,42,42
"60RG000663",61,35,26
"60RG000664",67,46,21
"60RG000665",182,42,140
"60RG000666",60,15,45
"60RG000667",66,10,56
"60RG000668",137,52,85
"60RG000669",104,51,53
"60RG000670",56,12,44
"60RG000671",76,31,45
"60RG000672",72,38,34
"60RG000673",60,46,14
"60RG000674",106,62,44
"60RG000675",68,19,49
"60RG000676",74,47,27
"60RG000677",90,40,50
"60RG000678",106,50,56
"60RG000679",40,20,20
"60RG000680",126,42,84
"60RG000681",132,45,87
"60RG000682",114,44,70
"60RG000683",75,37,38
"60RG000684",83,48,35
"60RG000685",85,33,52
"60RG000686",83,18,65
"60RG000687",94,56,38
"60RG000688",135,47,88
"60RG000689",48,24,24
"60RG000690",65,26,39
"60RG000691",89,31,58
"60RG000692",398,376,22
"60RG000693",475,472,3
"60RG000694",570,556,14
"60QG000001",43,14,29
"60QG000002",153,91,62
"60QG000003",73,26,47
"60QG000004",125,42,83
"60QG000005",80,26,54
"60QG000006",112,53,59
"60QG000007",113,63,50
"60QG000008",59,38,21
"60QG000009",89,37,52
"60QG000010",98,55,43
"60QG000011",85,38,47
"60QG000012",110,32,78
"60QG000013",109,46,63
"60QG000014",121,78,43
"60QG000015",73,55,18
"60QG000016",34,25,9
"60QG000017",81,31,50
"60QG000018",100,63,37
"60QG000019",81,57,24
"60QG000020",105,78,27
"60QG000021",40,28,12
"60QG000022",77,47,30
"60QG000023",70,42,28
"60QG000024",96,67,29
"60QG000025",84,43,41
"60QG000026",80,47,33
"60QG000027",62,44,18
"60QG000028",63,43,20
"60QG000029",47,35,12
"60QG000030",69,43,26
"60QG000031",104,81,23
"60QG000032",90,55,35
"60QG000033",150,83,67
"60QG000034",127,91,36
"60QG000035",115,88,27
"60QG000036",153,102,51
"60QG000037",52,24,28
"60QG000038",131,45,86
"60QG000039",122,38,84
"60QG000040",107,28,79
"60QG000041",125,41,84
"60QG000042",121,43,78
"60QG000043",90,33,57
"60QG000044",109,37,72
"60QG000045",107,35,72
"60QG000046",104,37,67
"60QG000047",99,43,56
"60QG000048",86,28,58
"60QG000049",99,27,72
"60QG000050",147,84,63
"60QG000051",88,36,52
"60QG000052",118,59,59
"60QG000053",198,80,118
"60QG000054",87,49,38
"60QG000055",68,42,26
"60QG000056",105,63,42
"60QG000057",97,53,44
"60QG000058",149,93,56
"60QG000059",111,72,39
"60QG000060",69,39,30
"60QG000061",60,43,17
"60QG000062",71,45,26
"60QG000063",86,30,56
"60QG000064",100,52,48
"60QG000065",98,41,57
"60QG000066",127,51,76
"60QG000067",129,49,80
"60QG000068",91,63,28
"60QG000069",47,30,17
"60QG000070",91,69,22
"60QG000071",75,54,21
"60QG000072",123,80,43
"60QG000073",58,40,18
"60QG000074",111,71,40
"60QG000075",83,49,34
"60QG000076",129,81,48
"60QG000077",73,38,35
"60QG000078",66,47,19
"60QG000079",72,47,25
"60QG000080",99,48,51
"60QG000081",59,48,11
"60QG000082",38,20,18
"60QG000083",60,40,20
"60QG000084",63,36,27
"60QG000085",162,71,91
"60QG000086",127,63,64
"60QG000087",138,70,68
"60QG000088",158,68,90
"60QG000089",128,62,66
"60QG000090",139,73,66
"60QG000091",76,45,31
"60QG000092",59,43,16
"60QG000093",85,61,24
"60QG000094",74,41,33
"60QG000095",82,52,30
"60QG000096",67,44,23
"60QG000097",78,41,37
"60QG000098",64,24,40
"60QG000099",102,63,39
"60QG000100",129,54,75
"60QG000101",80,53,27
"60QG000102",183,55,128
"60QG000103",71,18,53
"60QG000104",105,50,55
"60QG000105",107,54,53
"60QG000106",104,39,65
"60QG000107",119,53,66
"60QG000108",61,40,21
"60QG000109",127,74,53
"60QG000110",102,53,49
"60QG000111",136,77,59
"60QG000112",81,52,29
"60QG000113",95,62,33
"60QG000114",114,54,60
"60QG000115",88,26,62
"60QG000116",68,44,24
"60QG000117",102,47,55
"60QG000118",100,47,53
"60QG000119",86,44,42
"60QG000120",141,78,63
"60QG000121",122,74,48
"60QG000122",125,69,56
"60QG000123",126,84,42
"60QG000124",140,74,66
"60QG000125",137,60,77
"60QG000126",91,69,22
"60QG000127",66,36,30
"60QG000128",59,29,30
"60QG000129",115,75,40
"60QG000130",99,51,48
"60QG000131",136,68,68
"60QG000132",124,52,72
"60QG000133",79,51,28
"60QG000134",70,29,41
"60QG000135",86,30,56
"60QG000136",89,59,30
"60QG000137",121,67,54
"60QG000138",110,60,50
"60QG000139",124,73,51
"60QG000140",110,65,45
"60QG000141",113,33,80
"60QG000142",72,27,45
"60QG000143",106,43,63
"60QG000144",74,52,22
"60QG000145",95,40,55
"60QG000146",109,61,48
"60QG000147",105,57,48
"60QG000148",94,57,37
"60QG000149",68,42,26
"60QG000150",89,52,37
"60QG000151",78,44,34
"60QG000152",163,94,69
"60QG000153",140,85,55
"60QG000154",97,52,45
"60QG000155",160,78,82
"60QG000156",83,35,48
"60QG000157",121,56,65
"60QG000158",70,43,27
"60QG000159",118,51,67
"60QG000160",70,44,26
"60QG000161",59,39,20
"60QG000162",55,36,19
"60QG000163",71,53,18
"60QG000164",91,54,37
"60QG000165",56,46,10
"60QG000166",113,74,39
"60QG000167",57,40,17
"60QG000168",119,81,38
"60QG000169",84,63,21
"60QG000170",97,36,61
"60QG000171",103,67,36
"60QG000172",85,65,20
"60QG000173",92,25,67
"60QG000174",73,40,33
"60QG000175",112,52,60
"60QG000176",83,27,56
"60QG000177",131,43,88
"60QG000178",107,36,71
"60QG000179",64,33,31
"60QG000180",121,39,82
"60QG000181",95,39,56
"60QG000182",99,24,75
"60QG000183",78,43,35
"60QG000184",85,29,56
"60QG000185",107,26,81
"60QG000186",104,54,50
"60QG000187",93,36,57
"60QG000188",84,33,51
"60QG000189",102,62,40
"60QG000190",86,49,37
"60QG000191",120,76,44
"60QG000192",61,41,20
"60QG000193",93,53,40
"60QG000194",82,47,35
"60QG000195",122,70,52
"60QG000196",92,27,65
"60QG000197",60,25,35
"60QG000198",129,43,86
"60QG000199",90,68,22
"60QG000200",135,54,81
"60QG000201",90,38,52
"60QG000202",87,33,54
"60QG000203",111,49,62
"60QG000204",93,35,58
"60QG000205",131,69,62
"60QG000206",116,46,70
"60QG000207",120,97,23
"60QG000208",111,57,54
"60QG000209",111,54,57
"60QG000210",93,49,44
"60QG000211",75,47,28
"60QG000212",115,24,91
"60QG000213",92,36,56
"60QG000214",59,32,27
"60QG000215",78,34,44
"60QG000216",74,48,26
"60QG000217",104,43,61
"60QG000218",170,54,116
"60QG000219",164,63,101
"60QG000220",126,49,77
"60QG000221",109,41,68
"60QG000222",90,23,67
"60QG000223",94,48,46
"60QG000224",49,9,40
"60QG000225",53,25,28
"60QG000226",95,35,60
"60QG000227",63,45,18
"60QG000228",161,75,86
"60QG000229",92,50,42
"60QG000230",123,60,63
"60QG000231",119,50,69
"60QG000232",65,54,11
"60QG000233",75,51,24
"60QG000234",81,53,28
"60QG000235",92,62,30
"60QG000236",88,69,19
"60QG000237",62,54,8
"60QG000238",48,39,9
"60QG000239",125,58,67
"60QG000240",79,57,22
"60QG000241",99,76,23
"60QG000242",112,73,39
"60QG000243",145,88,57
"60QG000244",94,59,35
"60QG000245",90,60,30
"60QG000246",91,64,27
"60QG000247",143,68,75
"60QG000248",88,69,19
"60QG000249",103,60,43
"60QG000250",64,32,32
"60QG000251",114,48,66
"60QG000252",85,48,37
"60QG000253",68,36,32
"60QG000254",179,68,111
"60QG000255",84,66,18
"60QG000256",87,47,40
"60QG000257",85,49,36
"60QG000258",84,52,32
"60QG000259",81,56,25
"60QG000260",180,96,84
"60QG000261",116,36,80
"60QG000262",84,40,44
"60QG000263",114,73,41
"60QG000264",57,41,16
"60QG000265",68,51,17
"60QG000266",96,66,30
"60QG000267",91,50,41
"60QG000268",85,63,22
"60QG000269",54,48,6
"60QG000270",53,46,7
"60QG000271",72,33,39
"60QG000272",123,40,83
"60QG000273",108,62,46
"60QG000274",127,79,48
"60QG000275",71,53,18
"60QG000276",87,39,48
"60QG000277",124,60,64
"60QG000278",68,52,16
"60QG000279",129,74,55
"60QG000280",133,65,68
"60QG000281",56,22,34
"60QG000282",135,62,73
"60QG000283",91,57,34
"60QG000284",95,50,45
"60QG000285",101,77,24
"60QG000286",87,63,24
"60QG000287",134,79,55
"60QG000288",89,57,32
"60QG000289",64,62,2
"60QG000290",75,54,21
"60QG000291",99,26,73
"60QG000292",81,35,46
"60QG000293",103,44,59
"60QG000294",110,52,58
"60QG000295",74,52,22
"60QG000296",90,29,61
"60QG000297",38,24,14
"60QG000298",57,19,38
"60QG000299",48,34,14
"60QG000300",100,26,74
"60QG000301",89,38,51
"60QG000302",64,17,47
"60QG000303",67,27,40
"60QG000304",86,30,56
"60QG000305",83,34,49
"60QG000306",69,29,40
"60QG000307",86,60,26
"60QG000308",77,33,44
"60QG000309",85,51,34
"60QG000310",84,52,32
"60QG000311",88,58,30
"60QG000312",56,40,16
"60QG000313",123,70,53
"60QG000314",73,51,22
"60QG000315",74,34,40
"60QG000316",78,56,22
"60QG000317",78,73,5
"60QG000318",46,41,5
"60QG000319",51,20,31
"60QG000320",48,22,26
"60QG000321",76,33,43
"60QG000322",68,46,22
"60QG000323",93,58,35
"60QG000324",87,49,38
"60QG000325",86,67,19
"60QG000326",53,34,19
"60QG000327",93,37,56
"60QG000328",80,45,35
"60QG000329",134,51,83
"60QG000330",56,34,22
"60QG000331",58,26,32
"60QG000332",58,15,43
"60QG000333",57,32,25
"60QG000334",68,26,42
"60QG000335",94,53,41
"60QG000336",104,20,84
"60QG000337",84,33,51
"60QG000338",88,36,52
"60QG000339",66,39,27
"60QG000340",63,32,31
"60QG000341",91,54,37
"60QG000342",86,58,28
"60QG000343",59,39,20
"60QG000344",96,28,68
"60QG000345",90,46,44
"60QG000346",73,30,43
"60QG000347",98,34,64
"60QG000348",180,56,124
"60QG000349",84,47,37
"60QG000350",103,67,36
"60QG000351",66,35,31
"60QG000352",105,57,48
"60QG000353",77,53,24
"60QG000354",88,47,41
"60QG000355",79,29,50
"60QG000356",61,25,36
"60QG000357",156,88,68
"60QG000358",234,60,174
"60QG000359",114,58,56
"60QG000360",74,24,50
"60QG000361",73,38,35
"60QG000362",151,88,63
"60QG000363",77,25,52
"60QG000364",68,18,50
"60QG000365",178,56,122
"60QG000366",65,20,45
"60QG000367",147,82,65
"60QG000368",71,21,50
"60QG000369",115,80,35
"60QG000370",91,61,30
"60QG000371",65,51,14
"60QG000372",124,47,77
"60QG000373",93,34,59
"60QG000374",110,44,66
"60QG000375",177,81,96
"60QG000376",147,75,72
"60QG000377",120,67,53
"60QG000378",98,69,29
"60QG000379",119,44,75
"60QG000380",82,26,56
"60QG000381",93,41,52
"60QG000382",98,66,32
"60QG000383",136,55,81
"60QG000384",95,38,57
"60QG000385",98,36,62
"60QG000386",77,33,44
"60QG000387",55,34,21
"60QG000388",65,58,7
"60QG000389",134,97,37
"60QG000390",98,71,27
"60QG000391",67,56,11
"60QG000392",103,57,46
"60QG000393",92,47,45
"60QG000394",80,55,25
"60QG000395",96,74,22
"60QG000396",129,51,78
"60QG000397",101,35,66
"60QG000398",151,88,63
"60QG000399",76,36,40
"60QG000400",65,12,53
"60QG000401",134,35,99
"60QG000402",112,32,80
"60QG000403",150,93,57
"60QG000404",64,36,28
"60QG000405",116,58,58
"60QG000406",90,80,10
"60QG000407",88,58,30
"60QG000408",65,53,12
"60QG000409",81,29,52
"60QG000410",104,51,53
"60QG000411",75,49,26
"60QG000412",135,67,68
"60QG000413",68,50,18
"60QG000414",57,19,38
"60QG000415",79,72,7
"60QG000416",51,40,11
"60QG000417",75,71,4
"60QG000418",57,41,16
"60QG000419",119,73,46
"60QG000420",83,49,34
"60QG000421",79,39,40
"60QG000422",151,53,98
"60QG000423",63,43,20
"60QG000424",67,54,13
"60QG000425",69,47,22
"60QG000426",143,52,91
"60QG000427",121,93,28
"60QG000428",55,39,16
"60QG000429",45,39,6
"60QG000430",46,36,10
"60QG000431",87,49,38
"60QG000432",52,42,10
"60QG000433",99,49,50
"60QG000434",79,50,29
"60QG000435",71,43,28
"60QG000436",120,75,45
"60QG000437",147,90,57
"60QG000438",94,72,22
"60QG000439",147,85,62
"60QG000440",121,70,51
"60QG000441",66,46,20
"60QG000442",46,16,30
"60QG000443",131,82,49
"60QG000444",89,59,30
"60QG000445",121,74,47
"60QG000446",146,77,69
"60QG000447",111,47,64
"60QG000448",90,57,33
"60QG000449",82,57,25
"60QG000450",163,69,94
"60QG000451",135,57,78
"60QG000452",159,69,90
"60QG000453",148,74,74
"60QG000454",76,44,32
"60QG000455",105,53,52
"60QG000456",94,48,46
"60QG000457",103,55,48
"60QG000458",124,63,61
"60QG000459",95,47,48
"60QG000460",57,41,16
"60QG000461",119,96,23
"60QG000462",76,52,24
"60QG000463",102,69,33
"60QG000464",92,60,32
"60QG000465",56,52,4
"60QG000466",72,57,15
"60QG000467",42,26,16
"60QG000468",94,62,32
"60QG000469",111,77,34
"60QG000470",74,56,18
"60QG000471",77,55,22
"60QG000472",64,38,26
"60QG000473",71,40,31
"60QG000474",84,63,21
"60QG000475",73,39,34
"60QG000476",110,64,46
"60QG000477",85,55,30
"60QG000478",60,38,22
"60QG000479",63,38,25
"60QG000480",61,49,12
"60QG000481",56,40,16
"60QG000482",82,56,26
"60QG000483",101,53,48
"60QG000484",102,62,40
"60QG000485",58,34,24
"60QG000486",103,62,41
"60QG000487",119,57,62
"60QG000488",106,51,55
"60QG000489",136,52,84
"60QG000490",89,45,44
"60QG000491",64,36,28
"60QG000492",125,85,40
"60QG000493",79,51,28
"60QG000494",84,44,40
"60QG000495",82,47,35
"60QG000496",149,94,55
"60QG000497",98,62,36
"60QG000498",83,51,32
"60QG000499",89,41,48
"60QG000500",75,49,26
"60QG000501",62,35,27
"60QG000502",84,42,42
"60QG000503",93,41,52
"60QG000504",75,35,40
"60QG000505",156,94,62
"60QG000506",56,26,30
"60QG000507",60,29,31
"60QG000508",98,66,32
"60QG000509",61,48,13
"60QG000510",93,79,14
"60QG000511",94,75,19
"60QG000512",88,48,40
"60QG000513",86,41,45
"60QG000514",122,65,57
"60QG000515",101,53,48
"60QG000516",111,53,58
"60QG000517",161,75,86
"60QG000518",132,72,60
"60QG000519",112,44,68
"60QG000520",92,45,47
"60QG000521",88,33,55
"60QG000522",111,45,66
"60QG000523",77,38,39
"60QG000524",79,36,43
"60QG000525",77,33,44
"60QG000526",101,45,56
"60QG000527",112,53,59
"60QG000528",84,51,33
"60QG000529",83,33,50
"60QG000530",82,41,41
"60QG000531",76,41,35
"60QG000532",96,48,48
"60QG000533",147,68,79
"60QG000534",134,71,63
"60QG000535",119,58,61
"60QG000536",107,58,49
"60QG000537",82,50,32
"60QG000538",88,46,42
"60QG000539",153,80,73
"60QG000540",121,50,71
"60QG000541",136,75,61
"60QG000542",135,70,65
"60QG000543",96,70,26
"60QG000544",84,43,41
"60QG000545",90,44,46
"60QG000546",93,49,44
"60QG000547",84,50,34
"60QG000548",106,58,48
"60QG000549",59,45,14
"60QG000550",47,35,12
"60QG000551",71,55,16
"60QG000552",79,37,42
"60QG000553",137,86,51
"60QG000554",75,46,29
"60QG000555",117,77,40
"60QG000556",88,51,37
"60QG000557",126,58,68
"60QG000558",72,38,34
"60QG000559",95,59,36
"60QG000560",119,84,35
"60QG000561",83,37,46
"60QG000562",107,85,22
"60QG000563",82,71,11
"60QG000564",101,75,26
"60QG000565",69,59,10
"60QG000566",47,33,14
"60QG000567",68,58,10
"60QG000568",91,75,16
"60QG000569",67,48,19
"60QG000570",85,59,26
"60QG000571",72,62,10
"60QG000572",57,51,6
"60QG000573",117,86,31
"60QG000574",107,60,47
"60QG000575",215,159,56
"60QG000576",69,34,35
"60QG000577",110,71,39
"60QG000578",81,46,35
"60QG000579",125,92,33
"60QG000580",120,95,25
"60QG000581",48,38,10
"60QG000582",78,64,14
"60QG000583",84,73,11
"60QG000584",55,41,14
"60QG000585",100,28,72
"60QG000586",118,38,80
"60QG000587",49,19,30
"60QG000588",132,64,68
"60QG000589",94,48,46
"60QG000590",151,54,97
"60QG000591",128,74,54
"60QG000592",127,67,60
"60QG000593",69,46,23
"60QG000594",59,39,20
"60QG000595",87,61,26
"60QG000596",97,65,32
"60QG000597",125,87,38
"60QG000598",92,46,46
"60QG000599",102,65,37
"60QG000600",120,41,79
"60QG000601",119,62,57
"60QG000602",93,60,33
"60QG000603",168,96,72
"60QG000604",83,47,36
"60QG000605",139,75,64
"60QG000606",93,47,46
"60QG000607",72,38,34
"60QG000608",106,33,73
"60QG000609",135,39,96
"60QG000610",129,47,82
"60QG000611",125,43,82
"60QG000612",95,29,66
"60QG000613",126,40,86
"60QG000614",58,17,41
"60QG000615",74,22,52
"60QG000616",103,27,76
"60QG000617",94,29,65
"60QG000618",104,49,55
"60QG000619",91,27,64
"60QG000620",59,19,40
"60QG000621",60,26,34
"60QG000622",154,50,104
"60QG000623",98,34,64
"60QG000624",101,52,49
"60QG000625",81,47,34
"60QG000626",94,48,46
"60QG000627",70,33,37
"60QG000628",77,47,30
"60QG000629",165,89,76
"60QG000630",111,54,57
"60QG000631",93,58,35
"60QG000632",130,60,70
"60QG000633",103,55,48
"60QG000634",40,29,11
"60QG000635",76,24,52
"60QG000636",67,48,19
"60QG000637",96,59,37
"60QG000638",120,85,35
"60QG000639",108,73,35
"60QG000640",80,46,34
"60QG000641",138,90,48
"60QG000642",101,93,8
"60QG000643",123,93,30
"60QG000644",101,53,48
"60QG000645",83,47,36
"60QG000646",99,87,12
"60QG000647",57,40,17
"60QG000648",67,45,22
"60QG000649",117,53,64
"60QG000650",106,44,62
"60QG000651",129,89,40
"60QG000652",49,33,16
"60QG000653",62,36,26
"60QG000654",52,38,14
"60QG000655",62,36,26
"60QG000656",74,54,20
"60QG000657",78,54,24
"60QG000658",74,42,32
"60QG000659",87,57,30
"60QG000660",44,20,24
"60QG000661",128,97,31
"60QG000662",86,31,55
"60QG000663",77,38,39
"60QG000664",50,19,31
"60QG000665",123,67,56
"60QG000666",117,62,55
"60QG000667",88,57,31
"60QG000668",131,55,76
"60QG000669",65,44,21
"60QG000670",71,37,34
"60QG000671",98,57,41
"60QG000672",70,39,31
"60QG000673",114,67,47
"60QG000674",139,57,82
"60QG000675",103,27,76
"60QG000676",107,50,57
"60QG000677",93,67,26
"60QG000678",75,33,42
"60QG000679",89,47,42
"60QG000680",62,60,2
"60QG000681",77,41,36
"60QG000682",55,35,20
"60QG000683",48,34,14
"60QG000684",43,27,16
"60QG000685",60,24,36
"60QG000686",97,40,57
"60QG000687",55,41,14
"60QG000688",64,55,9
"60QG000689",44,24,20
"60QG000690",48,29,19
"60QG000691",101,47,54
"60QG000692",115,45,70
"60QG000693",84,50,34
"60QG000694",77,42,35
"60QG000695",65,39,26
"60QG000696",64,44,20
"60QG000697",98,55,43
"60QG000698",106,53,53
"60QG000699",66,32,34
"60QG000700",126,86,40
"60QG000701",63,19,44
"60QG000702",102,52,50
"60QG000703",77,33,44
"60QG000704",97,66,31
"60QG000705",36,24,12
"60QG000706",94,50,44
"60QG000707",78,32,46
"60QG000708",60,42,18
"60QG000709",61,44,17
"60QG000710",53,32,21
"60QG000711",59,43,16
"60QG000712",59,49,10
"60QG000713",53,37,16
"60QG000714",49,39,10
"60QG000715",57,47,10
"60QG000716",42,26,16
"60QG000717",74,62,12
"60QG000718",93,31,62
"60QG000719",51,9,42
"60QG000720",191,61,130
"60QG000721",81,19,62
"60QG000722",90,24,66
"60QG000723",80,44,36
"60QG000724",99,28,71
"60QG000725",73,25,48
"60QG000726",84,36,48
"60QG000727",123,35,88
"60QG000728",67,44,23
"60QG000729",60,48,12
"60QG000730",57,53,4
"60QG000731",57,49,8
"60QG000732",95,39,56
"60QG000733",132,38,94
"60QG000734",79,48,31
"60QG000735",63,39,24
"60QG000736",76,60,16
"60QG000737",69,33,36
"60QG000738",66,32,34
"60QG000739",131,69,62
"60QG000740",133,72,61
"60QG000741",87,43,44
"60QG000742",121,77,44
"60QG000743",49,35,14
"60QG000744",108,64,44
"60QG000745",64,29,35
"60QG000746",176,112,64
"60QG000747",102,32,70
"60QG000748",115,29,86
"60QG000749",162,98,64
"60QG000750",50,40,10
"60QG000751",101,82,19
"60QG000752",64,38,26
"60QG000753",100,69,31
"60QG000754",81,30,51
"60QG000755",109,46,63
"60QG000756",81,43,38
"60QG000757",60,30,30
"60QG000758",69,34,35
"60QG000759",83,37,46
"60QG000760",72,30,42
"60QG000761",90,54,36
"60QG000762",116,36,80
"60QG000763",45,19,26
"60QG000764",110,26,84
"60QG000765",65,45,20
"60QG000766",76,32,44
"60QG000767",56,52,4
"60QG000768",61,49,12
"60QG000769",72,48,24
"60QG000770",59,49,10
"60QG000771",81,24,57
"60QG000772",123,43,80
"60QG000773",146,83,63
"60QG000774",66,36,30
"60QG000775",62,44,18
"60QG000776",91,43,48
"60QG000777",91,48,43
"60QG000778",55,48,7
"60QG000779",81,49,32
"60QG000780",60,31,29
"60QG000781",52,28,24
"60QG000782",128,46,82
"60QG000783",84,28,56
"60QG000784",78,25,53
"60QG000785",89,52,37
"60QG000786",75,44,31
"60QG000787",152,42,110
"60QG000788",104,29,75
"60QG000789",102,30,72
"60QG000790",83,71,12
"60QG000791",91,68,23
"60QG000792",112,77,35
"60QG000793",82,48,34
"60QG000794",125,45,80
"60QG000795",60,45,15
"60QG000796",140,60,80
"60QG000797",76,16,60
"60QG000798",61,25,36
"60QG000799",105,42,63
"60QG000800",70,30,40
"60QG000801",116,39,77
"60RH000001",134,62,72
"60RH000002",64,30,34
"60RH000003",84,28,56
"60RH000004",161,89,72
"60RH000005",47,23,24
"60RH000006",135,60,75
"60RH000007",114,45,69
"60RH000008",160,53,107
"60RH000009",51,13,38
"60RH000010",81,24,57
"60RH000011",56,17,39
"60RH000012",50,18,32
"60RH000013",62,16,46
"60RH000014",65,31,34
"60RH000015",125,59,66
"60RH000016",55,13,42
"60RH000017",81,28,53
"60RH000018",66,17,49
"60RH000019",61,19,42
"60RH000020",53,17,36
"60RH000021",57,17,40
"60RH000022",80,28,52
"60RH000023",69,27,42
"60RH000024",46,18,28
"60RH000025",125,66,59
"60RH000026",175,71,104
"60RH000027",58,25,33
"60RH000028",54,17,37
"60RH000029",147,39,108
"60RH000030",84,29,55
"60RH000031",160,31,129
"60RH000032",60,20,40
"60RH000033",46,16,30
"60RH000034",73,21,52
"60RH000035",97,45,52
"60RH000036",138,69,69
"60RH000037",100,47,53
"60RH000038",121,64,57
"60RH000039",105,46,59
"60RH000040",94,48,46
"60RH000041",104,54,50
"60RH000042",119,60,59
"60RH000043",79,47,32
"60RH000044",110,81,29
"60RH000045",97,39,58
"60RH000046",136,82,54
"60RH000047",89,53,36
"60RH000048",79,45,34
"60RH000049",74,48,26
"60RH000050",85,41,44
"60RH000051",104,51,53
"60RH000052",91,35,56
"60RH000053",98,38,60
"60RH000054",90,36,54
"60RH000055",82,40,42
"60RH000056",71,33,38
"60RH000057",139,75,64
"60RH000058",113,65,48
"60RH000059",117,59,58
"60RH000060",93,51,42
"60RH000061",131,90,41
"60RH000062",56,45,11
"60RH000063",90,50,40
"60RH000064",85,47,38
"60RH000065",128,59,69
"60RH000066",93,72,21
"60RH000067",114,61,53
"60RH000068",103,50,53
"60RH000069",109,69,40
"60RH000070",114,56,58
"60RH000071",119,76,43
"60RH000072",118,71,47
"60RH000073",106,57,49
"60RH000074",133,62,71
"60RH000075",144,74,70
"60RH000076",58,25,33
"60RH000077",140,62,78
"60RH000078",127,53,74
"60RH000079",130,52,78
"60RH000080",138,59,79
"60RH000081",70,44,26
"60RH000082",112,48,64
"60RH000083",93,42,51
"60RH000084",78,54,24
"60RH000085",86,48,38
"60RH000086",152,68,84
"60RH000087",93,21,72
"60RH000088",132,62,70
"60RH000089",108,44,64
"60RH000090",95,46,49
"60RH000091",127,74,53
"60RH000092",116,55,61
"60RH000093",121,65,56
"60RH000094",110,64,46
"60RH000095",72,36,36
"60RH000096",115,39,76
"60RH000097",132,34,98
"60RH000098",47,42,5
"60RH000099",131,37,94
"60RH000100",110,57,53
"60RH000101",98,41,57
"60RH000102",70,46,24
"60RH000103",89,33,56
"60RH000104",117,51,66
"60RH000105",116,37,79
"60RH000106",133,61,72
"60RH000107",130,30,100
"60RH000108",152,63,89
"60RH000109",76,72,4
"60RH000110",87,43,44
"60RH000111",146,87,59
"60RH000112",108,48,60
"60RH000113",113,46,67
"60RH000114",109,43,66
"60RH000115",96,72,24
"60RH000116",82,48,34
"60RH000117",101,80,21
"60RH000118",88,31,57
"60RH000119",94,36,58
"60RH000120",105,47,58
"60RH000121",130,52,78
"60RH000122",118,66,52
"60RH000123",84,32,52
"60RH000124",77,50,27
"60RH000125",66,52,14
"60RH000126",127,63,64
"60RH000127",138,59,79
"60RH000128",114,58,56
"60RH000129",136,48,88
"60RH000130",129,38,91
"60RH000131",149,45,104
"60RH000132",92,41,51
"60RH000133",88,52,36
"60RH000134",77,37,40
"60RH000135",91,41,50
"60RH000136",84,37,47
"60RH000137",80,35,45
"60RH000138",84,40,44
"60RH000139",60,54,6
"60RH000140",75,34,41
"60RH000141",114,55,59
"60RH000142",116,45,71
"60RH000143",112,70,42
"60RH000144",126,55,71
"60RH000145",94,44,50
"60RH000146",69,38,31
"60RH000147",69,35,34
"60RH000148",129,79,50
"60RH000149",109,68,41
"60RH000150",91,22,69
"60RH000151",87,48,39
"60RH000152",101,34,67
"60RH000153",101,57,44
"60RH000154",88,38,50
"60RH000155",94,39,55
"60RH000156",56,32,24
"60RH000157",68,33,35
"60RH000158",95,62,33
"60RH000159",111,77,34
"60RH000160",135,83,52
"60RH000161",99,62,37
"60RH000162",116,63,53
"60RH000163",128,64,64
"60RH000164",118,69,49
"60RH000165",85,41,44
"60RH000166",82,34,48
"60RH000167",111,80,31
"60RH000168",82,52,30
"60RH000169",90,46,44
"60RH000170",87,33,54
"60RH000171",94,31,63
"60RH000172",111,60,51
"60RH000173",124,56,68
"60RH000174",78,36,42
"60RH000175",114,60,54
"60RH000176",99,43,56
"60RH000177",79,44,35
"60RH000178",121,61,60
"60RH000179",99,36,63
"60RH000180",91,35,56
"60RH000181",86,53,33
"60RH000182",130,81,49
"60RH000183",129,67,62
"60RH000184",132,64,68
"60RH000185",147,83,64
"60RH000186",91,35,56
"60RH000187",65,23,42
"60RH000188",120,43,77
"60RH000189",91,49,42
"60RH000190",103,51,52
"60RH000191",63,11,52
"60RH000192",101,51,50
"60RH000193",86,45,41
"60RH000194",153,74,79
"60RH000195",141,54,87
"60RH000196",91,39,52
"60RH000197",100,45,55
"60RH000198",96,35,61
"60RH000199",92,40,52
"60RH000200",118,57,61
"60RH000201",157,49,108
"60RH000202",88,30,58
"60RH000203",105,39,66
"60RH000204",85,48,37
"60RH000205",95,43,52
"60RH000206",109,43,66
"60RH000207",100,45,55
"60RH000208",73,16,57
"60RH000209",104,44,60
"60RH000210",98,38,60
"60RH000211",62,33,29
"60RH000212",85,22,63
"60RH000213",120,46,74
"60RH000214",90,29,61
"60RH000215",117,31,86
"60RH000216",78,19,59
"60RH000217",148,37,111
"60RH000218",100,44,56
"60RH000219",54,18,36
"60RH000220",141,61,80
"60RH000221",116,52,64
"60RH000222",96,38,58
"60RH000223",90,44,46
"60RH000224",87,42,45
"60RH000225",135,51,84
"60RH000226",67,42,25
"60RH000227",86,59,27
"60RH000228",134,55,79
"60RH000229",65,30,35
"60RH000230",128,79,49
"60RH000231",71,55,16
"60RH000232",121,63,58
"60RH000233",151,78,73
"60RH000234",64,39,25
"60RH000235",111,51,60
"60RH000236",77,34,43
"60RH000237",80,64,16
"60RH000238",45,42,3
"60RH000239",79,70,9
"60RH000240",109,71,38
"60RH000241",100,62,38
"60RH000242",110,33,77
"60RH000243",67,23,44
"60RH000244",128,38,90
"60RH000245",130,76,54
"60RH000246",94,35,59
"60RH000247",94,31,63
"60RH000248",139,78,61
"60RH000249",77,58,19
"60RH000250",52,47,5
"60RH000251",68,47,21
"60RH000252",117,85,32
"60RH000253",121,74,47
"60RH000254",138,98,40
"60RH000255",111,59,52
"60RH000256",129,90,39
"60RH000257",81,51,30
"60RH000258",122,87,35
"60RH000259",40,30,10
"60RH000260",100,56,44
"60RH000261",69,53,16
"60RH000262",108,65,43
"60RH000263",58,28,30
"60RH000264",80,30,50
"60RH000265",148,72,76
"60RH000266",124,64,60
"60RH000267",92,52,40
"60RH000268",107,34,73
"60RH000269",58,22,36
"60RH000270",78,34,44
"60RH000271",97,45,52
"60RH000272",74,49,25
"60RH000273",135,65,70
"60RH000274",55,38,17
"60RH000275",91,26,65
"60RH000276",159,84,75
"60RH000277",125,52,73
"60RH000278",86,47,39
"60RH000279",75,45,30
"60RH000280",100,47,53
"60RH000281",87,38,49
"60RH000282",125,72,53
"60RH000283",137,60,77
"60RH000284",156,67,89
"60RH000285",96,65,31
"60RH000286",75,37,38
"60RH000287",159,99,60
"60RH000288",127,64,63
"60RH000289",104,72,32
"60RH000290",117,61,56
"60RH000291",140,79,61
"60RH000292",86,45,41
"60RH000293",143,78,65
"60RH000294",135,81,54
"60RH000295",154,78,76
"60RH000296",112,65,47
"60RH000297",153,59,94
"60RH000298",114,48,66
"60RH000299",103,47,56
"60RH000300",110,52,58
"60RH000301",82,40,42
"60RH000302",102,60,42
"60RH000303",88,41,47
"60RH000304",89,51,38
"60RH000305",104,52,52
"60RH000306",66,9,57
"60RH000307",78,28,50
"60RH000308",109,48,61
"60RH000309",98,52,46
"60RH000310",160,51,109
"60RH000311",123,49,74
"60RH000312",123,53,70
"60RH000313",55,23,32
"60RH000314",113,46,67
"60RH000315",105,52,53
"60RH000316",81,37,44
"60RH000317",120,52,68
"60RH000318",108,55,53
"60RH000319",107,58,49
"60RH000320",140,64,76
"60RH000321",131,54,77
"60RH000322",121,67,54
"60RH000323",103,62,41
"60RH000324",81,43,38
"60RH000325",115,71,44
"60RH000326",117,74,43
"60RH000327",96,54,42
"60RH000328",82,34,48
"60RH000329",148,63,85
"60RH000330",151,72,79
"60RH000331",143,61,82
"60RH000332",105,57,48
"60RH000333",136,52,84
"60RH000334",113,60,53
"60RH000335",107,60,47
"60RH000336",141,68,73
"60RH000337",79,27,52
"60RH000338",109,76,33
"60RH000339",65,46,19
"60RH000340",90,44,46
"60RH000341",71,37,34
"60RH000342",100,70,30
"60RH000343",99,39,60
"60RH000344",79,49,30
"60RH000345",135,63,72
"60RH000346",118,65,53
"60RH000347",88,48,40
"60RH000348",88,49,39
"60RH000349",111,61,50
"60RH000350",88,44,44
"60RH000351",175,96,79
"60RH000352",101,41,60
"60RH000353",107,61,46
"60RH000354",124,58,66
"60RH000355",132,70,62
"60RH000356",109,61,48
"60RH000357",157,54,103
"60RH000358",128,67,61
"60RH000359",93,49,44
"60RH000360",109,44,65
"60RH000361",98,40,58
"60RH000362",74,26,48
"60RH000363",111,51,60
"60RH000364",174,48,126
"60RH000365",89,33,56
"60RH000366",135,46,89
"60RH000367",84,29,55
"60RH000368",113,42,71
"60RH000369",58,26,32
"60RH000370",153,61,92
"60RH000371",87,43,44
"60RH000372",168,62,106
"60RH000373",139,67,72
"60RH000374",118,41,77
"60RH000375",117,60,57
"60RH000376",161,77,84
"60RH000377",140,79,61
"60RH000378",88,48,40
"60RH000379",88,52,36
"60RH000380",79,56,23
"60RH000381",90,60,30
"60RH000382",71,42,29
"60RH000383",89,51,38
"60RH000384",75,39,36
"60RH000385",139,73,66
"60RH000386",108,54,54
"60RH000387",77,33,44
"60RH000388",86,27,59
"60RH000389",176,66,110
"60RH000390",137,61,76
"60RH000391",82,44,38
"60RH000392",102,56,46
"60RH000393",86,18,68
"60RH000394",106,50,56
"60RH000395",61,31,30
"60RH000396",90,32,58
"60RH000397",105,29,76
"60RH000398",97,43,54
"60RH000399",129,55,74
"60RH000400",110,55,55
"60RH000401",115,45,70
"60RH000402",170,101,69
"60RH000403",154,83,71
"60RH000404",161,62,99
"60RH000405",113,68,45
"60RH000406",127,72,55
"60RH000407",179,100,79
"60RH000408",118,78,40
"60RH000409",140,80,60
"60RH000410",124,67,57
"60RH000411",148,61,87
"60RH000412",154,66,88
"60RH000413",163,79,84
"60RH000414",112,33,79
"60RH000415",91,49,42
"60RH000416",108,65,43
"60RH000417",105,67,38
"60RH000418",145,70,75
"60RH000419",70,47,23
"60RH000420",92,58,34
"60RH000421",106,78,28
"60RH000422",100,63,37
"60RH000423",148,82,66
"60RH000424",118,58,60
"60RH000425",121,48,73
"60RH000426",143,65,78
"60RH000427",86,47,39
"60RH000428",140,73,67
"60RH000429",132,65,67
"60RH000430",103,50,53
"60RH000431",88,45,43
"60RH000432",124,57,67
"60RH000433",87,40,47
"60RH000434",138,68,70
"60RH000435",129,72,57
"60RH000436",115,67,48
"60RH000437",120,58,62
"60RH000438",136,75,61
"60RH000439",96,55,41
"60RH000440",123,47,76
"60RH000441",94,21,73
"60RH000442",115,39,76
"60RH000443",134,44,90
"60RH000444",72,36,36
"60RH000445",122,42,80
"60RH000446",110,30,80
"60RH000447",76,50,26
"60RH000448",145,59,86
"60RH000449",132,36,96
"60RH000450",100,19,81
"60RH000451",138,42,96
"60RH000452",102,58,44
"60RH000453",56,18,38
"60RH000454",58,24,34
"60RH000455",146,64,82
"60RH000456",94,44,50
"60RH000457",85,59,26
"60RH000458",60,40,20
"60RH000459",138,57,81
"60RH000460",120,52,68
"60RH000461",68,29,39
"60RH000462",99,53,46
"60RH000463",117,61,56
"60RH000464",106,55,51
"60RH000465",119,68,51
"60RH000466",117,37,80
"60RH000467",74,34,40
"60RH000468",132,57,75
"60RH000469",105,57,48
"60RH000470",152,53,99
"60RH000471",106,54,52
"60RH000472",68,42,26
"60RH000473",105,48,57
"60RH000474",85,33,52
"60RH000475",68,32,36
"60RH000476",101,56,45
"60RH000477",68,22,46
"60RH000478",121,60,61
"60RH000479",136,46,90
"60RH000480",78,45,33
"60RH000481",148,32,116
"60RH000482",85,29,56
"60RH000483",89,29,60
"60RH000484",99,41,58
"60RH000485",134,42,92
"60RH000486",87,25,62
"60RH000487",145,47,98
"60RH000488",125,28,97
"60RH000489",90,34,56
"60RH000490",114,54,60
"60RH000491",117,42,75
"60RH000492",88,45,43
"60RH000493",51,19,32
"60RH000494",90,53,37
"60RH000495",82,33,49
"60RH000496",118,52,66
"60RH000497",133,50,83
"60RH000498",112,56,56
"60RH000499",91,37,54
"60RH000500",79,42,37
"60RH000501",83,53,30
"60RH000502",90,51,39
"60RH000503",46,36,10
"60RH000504",129,49,80
"60RH000505",112,48,64
"60RH000506",60,29,31
"60RH000507",85,50,35
"60RH000508",78,45,33
"60RH000509",119,45,74
"60RH000510",66,56,10
"60RH000511",68,36,32
"60RH000512",63,49,14
"60RH000513",64,32,32
"60RH000514",56,47,9
"60RH000515",73,40,33
"60RH000516",114,54,60
"60RH000517",48,22,26
"60RH000518",135,79,56
"60RH000519",145,56,89
"60RH000520",105,52,53
"60RH000521",114,57,57
"60RH000522",75,37,38
"60RH000523",64,38,26
"60RH000524",106,57,49
"60RH000525",122,38,84
"60RH000526",48,17,31
"60RH000527",96,69,27
"60RH000528",111,45,66
"60RH000529",102,55,47
"60RH000530",139,55,84
"60RH000531",128,66,62
"60RH000532",127,78,49
"60RH000533",105,54,51
"60RH000534",102,57,45
"60RH000535",63,41,22
"60RH000536",67,39,28
"60RH000537",95,64,31
"60RH000538",102,71,31
"60RH000539",114,47,67
"60RH000540",79,32,47
"60RH000541",75,41,34
"60RH000542",104,46,58
"60RH000543",128,88,40
"60RH000544",84,29,55
"60RH000545",68,38,30
"60RH000546",103,41,62
"60RH000547",99,46,53
"60RH000548",98,37,61
"60RH000549",107,58,49
"60RH000550",107,35,72
"60RH000551",78,33,45
"60RH000552",134,69,65
"60RH000553",124,59,65
"60RH000554",90,32,58
"60RH000555",86,61,25
"60RH000556",105,59,46
"60RH000557",131,65,66
"60RH000558",51,30,21
"60RH000559",65,23,42
"60RH000560",88,40,48
"60RH000561",121,65,56
"60RH000562",54,30,24
"60RH000563",135,70,65
"60RH000564",86,52,34
"60RH000565",119,45,74
"60RH000566",96,53,43
"60RH000567",102,57,45
"60RH000568",95,58,37
"60RH000569",76,47,29
"60RH000570",112,54,58
"60RH000571",98,55,43
"60RH000572",95,43,52
"60RH000573",79,32,47
"60RH000574",90,36,54
"60RH000575",102,48,54
"60RH000576",79,32,47
"60RH000577",79,31,48
"60RH000578",80,40,40
"60RH000579",90,47,43
"60RH000580",60,20,40
"60RH000581",107,47,60
"60RH000582",125,56,69
"60RH000583",79,39,40
"60RH000584",75,37,38
"60RH000585",103,47,56
"60RH000586",81,42,39
"60RH000587",81,38,43
"60RH000588",95,39,56
"60RH000589",84,36,48
"60RH000590",67,24,43
"60RH000591",51,25,26
"60RH000592",65,25,40
"60RH000593",86,40,46
"60RH000594",107,35,72
"60RH000595",107,25,82
"60RH000596",118,46,72
"60RH000597",107,61,46
"60RH000598",113,76,37
"60RH000599",46,20,26
"60RH000600",72,48,24
"60RH000601",99,64,35
"60RH000602",58,18,40
"60RH000603",64,38,26
"60RH000604",77,21,56
"60RH000605",72,20,52
"60RH000606",68,40,28
"60RH000607",94,43,51
"60RH000608",108,60,48
"60RH000609",68,47,21
"60RH000610",57,40,17
"60RH000611",73,47,26
"60RH000612",84,18,66
"60RH000613",92,26,66
"60RH000614",117,51,66
"60RH000615",102,38,64
"60RH000616",81,38,43
"60RH000617",90,48,42
"60RH000618",92,46,46
"60RH000619",80,41,39
"60RH000620",87,60,27
"60RH000621",71,53,18
"60RH000622",104,60,44
"60RH000623",130,47,83
"60RH000624",104,52,52
"60RH000625",91,41,50
"60RH000626",91,51,40
"60RH000627",98,49,49
"60RH000628",62,26,36
"60RH000629",92,34,58
"60RH000630",79,45,34
"60RH000631",86,41,45
"60RH000632",143,53,90
"60RH000633",123,56,67
"60RH000634",103,59,44
"60RH000635",105,61,44
"60RH000636",81,33,48
"60RH000637",122,38,84
"60RH000638",91,25,66
"60RH000639",70,26,44
"60RH000640",86,36,50
"60RH000641",176,79,97
"60RH000642",111,60,51
"60RH000643",113,69,44
"60RH000644",107,71,36
"60RH000645",59,31,28
"60RH000646",126,56,70
"60RH000647",120,68,52
"60RH000648",154,75,79
"60RH000649",158,65,93
"60RH000650",50,26,24
"60RH000651",58,29,29
"60RH000652",87,27,60
"60RH000653",79,46,33
"60RH000654",66,32,34
"60RH000655",118,59,59
"60RH000656",92,44,48
"60RH000657",106,47,59
"60RH000658",111,52,59
"60RH000659",101,35,66
"60RH000660",120,43,77
"60RH000661",84,40,44
"60RH000662",109,69,40
"60RH000663",105,69,36
"60RH000664",90,52,38
"60RH000665",162,81,81
"60RH000666",119,56,63
"60RH000667",113,66,47
"60RH000668",105,76,29
"60RH000669",144,66,78
"60RH000670",120,62,58
"60RH000671",54,36,18
"60RH000672",85,65,20
"60RH000673",70,48,22
"60RH000674",101,66,35
"60RH000675",88,70,18
"60RH000676",115,63,52
"60RH000677",121,69,52
"60RH000678",96,40,56
"60RH000679",171,85,86
"60RH000680",105,53,52
"60RH000681",107,59,48
"60RH000682",109,62,47
"60RH000683",141,38,103
"60RH000684",131,43,88
"60RH000685",127,49,78
"60RH000686",66,27,39
"60RH000687",68,24,44
"60RH000688",49,27,22
"60RH000689",86,46,40
"60RH000690",102,40,62
"60RH000691",139,48,91
"60RH000692",90,48,42
"60RH000693",133,58,75
"60RH000694",82,32,50
"60RH000695",151,54,97
"60RH000696",144,64,80
"60RH000697",138,46,92
"60RH000698",132,43,89
"60RH000699",88,47,41
"60RH000700",110,42,68
"60RH000701",148,67,81
"60RH000702",89,39,50
"60RH000703",49,29,20
"60RH000704",116,54,62
"60RH000705",161,90,71
"60RH000706",70,66,4
"60RH000707",87,49,38
"60RH000708",80,34,46
"60RH000709",84,45,39
"60RH000710",62,27,35
"60RH000711",87,46,41
"60RH000712",86,58,28
"60RH000713",110,52,58
"60RH000714",148,88,60
"60RH000715",66,38,28
"60RH000716",167,48,119
"60RH000717",105,35,70
"60RH000718",55,16,39
"60RH000719",99,37,62
"60RH000720",110,44,66
"60RH000721",149,43,106
"60RH000722",68,39,29
"60RH000723",75,42,33
"60RH000724",132,65,67
"60RH000725",72,52,20
"60RH000726",118,64,54
"60RH000727",87,57,30
"60RH000728",70,52,18
"60RH000729",72,27,45
"60RH000730",84,43,41
"60RH000731",149,72,77
"60RH000732",113,51,62
"60RH000733",134,53,81
"60RH000734",114,48,66
"60RH000735",51,13,38
"60RH000736",44,22,22
"60RH000737",110,49,61
"60RH000738",84,46,38
"60RH000739",108,70,38
"60RH000740",95,69,26
"60RH000741",83,28,55
"60RH000742",119,43,76
"60RH000743",83,29,54
"60RH000744",96,30,66
"60RH000745",103,35,68
"60RH000746",52,18,34
"60RH000747",92,46,46
"60RH000748",104,61,43
"60RH000749",145,93,52
"60RH000750",138,70,68
"60RH000751",164,71,93
"60RH000752",135,59,76
"60RH000753",68,42,26
"60RH000754",84,46,38
"60RH000755",97,61,36
"60RH000756",84,51,33
"60RH000757",127,49,78
"60RH000758",70,48,22
"60RH000759",74,29,45
"60RH000760",72,40,32
"60RH000761",68,44,24
"60RH000762",123,76,47
"60RH000763",61,26,35
"60RH000764",36,26,10
"60RH000765",91,58,33
"60RH000766",51,37,14
"60RH000767",88,49,39
"60RH000768",81,47,34
"60RH000769",100,57,43
"60RH000770",159,82,77
"60RH000771",107,49,58
"60RH000772",70,46,24
"60RH000773",114,66,48
"60RH000774",78,36,42
"60RH000775",113,63,50
"60RH000776",132,54,78
"60RH000777",88,46,42
"60RH000778",102,46,56
"60RH000779",68,40,28
"60RH000780",84,41,43
"60RH000781",97,56,41
"60RH000782",99,54,45
"60RH000783",85,58,27
"60RH000784",100,60,40
"60RH000785",94,44,50
"60RH000786",78,49,29
"60RH000787",131,58,73
"60RH000788",131,51,80
"60RH000789",129,35,94
"60RH000790",118,20,98
"60RH000791",91,43,48
"60RH000792",90,34,56
"60RH000793",105,23,82
"60RH000794",100,46,54
"60RH000795",91,38,53
"60RH000796",85,51,34
"60RH000797",149,56,93
"60RH000798",87,41,46
"60RH000799",93,54,39
"60RH000800",94,40,54
"60RH000801",110,55,55
"60RH000802",93,34,59
"60RH000803",92,54,38
"60RH000804",79,55,24
"60RH000805",115,70,45
"60RH000806",115,52,63
"60RH000807",67,31,36
"60RH000808",111,34,77
"60RH000809",114,40,74
"60RH000810",135,38,97
"60RH000811",108,26,82
"60RH000812",127,33,94
"60RH000813",102,22,80
"60RH000814",107,28,79
"60RH000815",91,15,76
"60RH000816",181,49,132
"60RH000817",162,43,119
"60RH000818",99,18,81
"60RH000819",146,47,99
"60RH000820",130,44,86
"60RH000821",86,15,71
"60RH000822",171,25,146
"60RH000823",100,40,60
"60RH000824",108,40,68
"60RH000825",90,30,60
"60RH000826",112,62,50
"60RH000827",115,30,85
"60RH000828",71,32,39
"60RH000829",139,54,85
"60RH000830",127,52,75
"60RH000831",83,38,45
"60RH000832",71,44,27
"60RH000833",106,34,72
"60RH000834",96,40,56
"60RH000835",103,33,70
"60RH000836",113,73,40
"60RH000837",82,43,39
"60RH000838",83,13,70
"60RH000839",108,73,35
"60RH000840",93,67,26
"60RH000841",67,36,31
"60RH000842",101,66,35
"60RH000843",90,59,31
"60RH000844",82,32,50
"60RH000845",98,22,76
"60RH000846",93,35,58
"60RH000847",110,30,80
"60RH000848",103,25,78
"60RH000849",114,24,90
"60RH000850",89,27,62
"60RH000851",123,44,79
"60RH000852",92,29,63
"60RH000853",119,45,74
"60RH000854",161,62,99
"60RH000855",150,54,96
"60RH000856",147,37,110
"60RH000857",105,59,46
"60RH000858",97,36,61
"60RH000859",70,37,33
"60RH000860",176,48,128
"60RH000861",125,37,88
"60RH000862",152,52,100
"60RH000863",71,45,26
"60RH000864",94,46,48
"60RH000865",74,50,24
"60RH000866",62,42,20
"60RH000867",72,45,27
"60RH000868",91,43,48
"60RH000869",117,60,57
"60RH000870",109,33,76
"60RH000871",90,40,50
"60RH000872",112,56,56
"60RH000873",94,36,58
"60RH000874",104,42,62
"60RH000875",45,29,16
"60RH000876",43,24,19
"60RH000877",63,29,34
"60RH000878",61,15,46
"60RH000879",82,34,48
"60RH000880",54,34,20
"60RH000881",78,20,58
"60RH000882",162,77,85
"60RH000883",49,23,26
"60RH000884",90,24,66
"60RH000885",108,48,60
"60RH000886",174,34,140
"60RH000887",92,33,59
"60RH000888",107,30,77
"60RH000889",82,20,62
"60RH000890",46,10,36
"60RH000891",56,18,38
"60RH000892",76,24,52
"60RH000893",157,64,93
"60RH000894",156,44,112
"60RH000895",64,34,30
"60RH000896",73,21,52
"60RH000897",70,17,53
"60RH000898",43,22,21
"60RH000899",52,26,26
"60RH000900",121,45,76
"60RH000901",93,53,40
"60RH000902",83,31,52
"60RH000903",129,58,71
"60RH000904",96,47,49
"60RH000905",82,39,43
"60RH000906",53,13,40
"60RH000907",70,26,44
"60RH000908",94,40,54
"60RH000909",113,35,78
"60RH000910",97,59,38
"60RH000911",78,48,30
"60RH000912",65,21,44
"60RH000913",67,33,34
"60RH000914",157,78,79
"60RH000915",47,16,31
"60RH000916",74,40,34
"60RH000917",51,36,15
"60RH000918",46,22,24
"60RH000919",72,33,39
"60RH000920",131,57,74
"60RH000921",51,29,22
"60RH000922",72,36,36
"60RH000923",66,43,23
"60RH000924",52,24,28
"60RH000925",106,51,55
"60RH000926",108,35,73
"60RH000927",94,38,56
"60RH000928",87,29,58
"60RH000929",79,20,59
"60RH000930",102,60,42
"60RH000931",147,47,100
"60RH000932",89,41,48
"60RH000933",84,23,61
"60RH000934",83,25,58
"60RH000935",121,44,77
"60RH000936",144,48,96
"60RH000937",40,16,24
"60RH000938",88,42,46
"60RH000939",109,61,48
"60RH000940",75,41,34
"60RH000941",95,26,69
"60RH000942",131,69,62
"60RH000943",44,20,24
"60RH000944",55,18,37
"60RH000945",78,36,42
"60RH000946",54,23,31
"60RH000947",45,13,32
"60RH000948",105,39,66
"60RH000949",84,36,48
"60RH000950",103,32,71
"60RH000951",46,22,24
"60RH000952",101,33,68
"60RH000953",88,38,50
"60RH000954",75,19,56
"60RH000955",110,37,73
"60RH000956",58,35,23
"60RH000957",94,65,29
"60RH000958",88,43,45
"60RH000959",80,56,24
"60RH000960",44,28,16
"60RH000961",119,75,44
"60RH000962",70,30,40
"60RH000963",82,45,37
"60RH000964",91,37,54
"60RH000965",113,16,97
"60RH000966",105,75,30
"60RH000967",53,34,19
"60RH000968",50,29,21
"60RH000969",118,50,68
"60RH000970",58,36,22
"60RH000971",104,66,38
"60RH000972",57,31,26
"60RH000973",114,48,66
"60RH000974",140,71,69
"60RH000975",45,21,24
"60RH000976",49,39,10
"60RH000977",114,53,61
"60RH000978",92,51,41
"60RH000979",62,30,32
"60RH000980",85,59,26
"60RH000981",66,31,35
"60RH000982",107,39,68
"60RH000983",109,64,45
"60RH000984",88,60,28
"60RH000985",64,24,40
"60RH000986",102,54,48
"60RH000987",69,31,38
"60RH000988",48,18,30
"60RH000989",131,39,92
"60RH000990",83,35,48
"60RH000991",83,43,40
"60RH000992",53,27,26
"60RH000993",71,51,20
"60RH000994",105,53,52
"60RH000995",80,46,34
"60RH000996",78,33,45
"60RH000997",104,38,66
"60RH000998",113,31,82
"60RH000999",80,16,64
"60RH001000",119,22,97
"60RH001001",47,11,36
"60RH001002",90,15,75
"60RH001003",147,37,110
"60RH001004",122,26,96
"60RH001005",157,51,106
"60RH001006",122,28,94
"60RH001007",117,32,85
"60RH001008",117,38,79
"60RH001009",122,29,93
"60RH001010",171,56,115
"60RH001011",46,12,34
"60RH001012",96,38,58
"60RH001013",97,36,61
"60RH001014",148,42,106
"60RH001015",53,8,45
"60RH001016",97,23,74
"60RH001017",93,32,61
"60RH001018",109,39,70
"60RH001019",68,30,38
"60RH001020",63,31,32
"60RH001021",98,34,64
"60RH001022",66,52,14
"60RH001023",73,54,19
"60RH001024",90,53,37
"60RH001025",77,25,52
"60RH001026",99,51,48
"60RH001027",106,39,67
"60RH001028",70,32,38
"60RH001029",134,60,74
"60RH001030",95,35,60
"60RH001031",67,33,34
"60RH001032",69,26,43
"60RH001033",134,36,98
"60RH001034",120,63,57
"60RH001035",72,43,29
"60RH001036",117,41,76
"60RH001037",65,36,29
"60RH001038",128,59,69
"60RH001039",117,27,90
"60RH001040",50,12,38
"60RH001041",131,35,96
"60RH001042",66,16,50
"60RH001043",45,13,32
"60RH001044",65,35,30
"60RH001045",85,50,35
"60RH001046",53,35,18
"60RH001047",123,85,38
"60RH001048",113,75,38
"60RH001049",66,48,18
"60RH001050",122,81,41
"60RH001051",86,28,58
"60RH001052",78,42,36
"60RH001053",73,54,19
"60RH001054",125,62,63
"60RH001055",110,62,48
"60RH001056",87,51,36
"60RH001057",79,34,45
"60RH001058",164,43,121
"60RH001059",151,33,118
"60RH001060",107,28,79
"60RH001061",80,36,44
"60RH001062",92,30,62
"60RH001063",80,30,50
"60RH001064",130,50,80
"60RH001065",50,18,32
"60RH001066",109,37,72
"60RH001067",135,19,116
"60RH001068",149,42,107
"60RH001069",124,25,99
"60RH001070",122,67,55
"60RH001071",136,40,96
"60RH001072",51,21,30
"60RH001073",97,62,35
"60RH001074",88,62,26
"60RH001075",216,152,64
"60RH001076",68,34,34
"60RH001077",78,32,46
"60RH001078",116,69,47
"60RH001079",69,23,46
"60RH001080",144,79,65
"60RH001081",167,68,99
"60RH001082",133,42,91
"60RH001083",52,34,18
"60RH001084",99,53,46
"60RH001085",87,61,26
"60RH001086",60,44,16
"60RH001087",117,43,74
"60RH001088",98,37,61
"60RH001089",149,36,113
"60RH001090",68,17,51
"60RH001091",173,92,81
"60RH001092",71,36,35
"60RH001093",133,54,79
"60RH001094",108,34,74
"60RH001095",140,26,114
"60RH001096",166,46,120
"60RH001097",124,28,96
"60RH001098",88,40,48
"60RH001099",143,25,118
"60RH001100",112,22,90
"60RH001101",60,2,58
"60RH001102",133,33,100
"60RH001103",106,32,74
"60RH001104",103,23,80
"60RH001105",88,25,63
"60RH001106",94,35,59
"60RH001107",52,12,40
"60RH001108",128,24,104
"60RH001109",148,79,69
"60RH001110",123,49,74
"60RH001111",78,21,57
"60RH001112",125,48,77
"60RH001113",89,57,32
"60RH001114",49,33,16
"60RH001115",103,67,36
"60RH001116",75,44,31
"60RH001117",68,33,35
"60RH001118",116,37,79
"60RH001119",154,38,116
"60RH001120",124,36,88
"60RH001121",69,35,34
"60RH001122",138,45,93
"60RH001123",115,27,88
"60RH001124",103,77,26
"60RH001125",51,44,7
"60RH001126",48,24,24
"60RH001127",99,63,36
"60RH001128",69,41,28
"60RH001129",63,41,22
"60RH001130",105,27,78
"60RH001131",55,29,26
"60RH001132",109,49,60
"60RH001133",106,26,80
"60RH001134",112,32,80
"60RH001135",86,34,52
"60RH001136",125,58,67
"60RH001137",66,42,24
"60RH001138",73,33,40
"60RH001139",72,30,42
"60RH001140",96,49,47
"60RH001141",51,27,24
"60RH001142",54,28,26
"60RH001143",111,49,62
"60RH001144",206,81,125
"60RH001145",70,36,34
"60RH001146",91,49,42
"60RH001147",70,40,30
"60RH001148",82,26,56
"60RH001149",84,24,60
"60RH001150",120,42,78
"60RH001151",95,26,69
"60RH001152",137,81,56
"60RH001153",79,39,40
"60RH001154",80,40,40
"60RH001155",81,31,50
"60RH001156",91,33,58
"60RH001157",141,43,98
"60RH001158",47,23,24
"60RH001159",111,50,61
"60RH001160",49,14,35
"60RH001161",138,42,96
"60RH001162",75,58,17
"60RH001163",85,55,30
"60RH001164",62,43,19
"60RH001165",94,49,45
"60RH001166",90,39,51
"60RH001167",101,41,60
"60RH001168",64,28,36
"60RH001169",118,53,65
"60RH001170",115,42,73
"60RH001171",110,48,62
"60RH001172",73,44,29
"60RH001173",88,44,44
"60RH001174",158,70,88
"60RH001175",63,34,29
"60RH001176",125,71,54
"60RH001177",124,75,49
"60RH001178",76,36,40
"60RH001179",103,48,55
"60RH001180",118,68,50
"60RH001181",71,31,40
"60RH001182",72,26,46
"60RH001183",95,58,37
"60RH001184",105,55,50
"60RH001185",121,45,76
"60RH001186",148,67,81
"60RH001187",52,20,32
"60RH001188",87,32,55
"60RH001189",80,25,55
"60RH001190",99,57,42
"60RH001191",77,25,52
"60RH001192",84,44,40
"60RH001193",115,69,46
"60RH001194",78,48,30
"60RH001195",79,39,40
"60RH001196",73,17,56
"60RH001197",109,37,72
"60RH001198",105,27,78
"60RH001199",123,23,100
"60RH001200",127,14,113
"60RH001201",195,96,99
"60RH001202",55,21,34
"60RH001203",97,17,80
"60RH001204",61,27,34
"60RH001205",124,63,61
"60RH001206",99,48,51
"60RH001207",100,53,47
"60RH001208",152,70,82
"60RH001209",124,42,82
"60RH001210",90,34,56
"60RH001211",146,90,56
"60RH001212",53,29,24
"60RH001213",130,62,68
"60RH001214",129,78,51
"60RH001215",87,34,53
"60RH001216",107,31,76
"60RH001217",124,36,88
"60RH001218",123,93,30
"60RH001219",78,14,64
"60RH001220",62,34,28
"60RH001221",104,28,76
"60RH001222",113,35,78
"60RH001223",113,38,75
"60RH001224",90,23,67
"60RH001225",127,41,86
"60RH001226",106,47,59
"60RH001227",114,40,74
"60RH001228",60,30,30
"60RH001229",68,43,25
"60RH001230",89,45,44
"60RH001231",81,21,60
"60RH001232",135,55,80
"60RH001233",63,19,44
"60RH001234",64,31,33
"60RH001235",147,25,122
"60RH001236",160,70,90
"60RH001237",158,34,124
"60RH001238",64,34,30
