dz_2011,total,house,nonhouse
S01006506,747,401,346
S01006507,1092,856,236
S01006508,858,364,494
S01006509,715,590,125
S01006510,702,537,165
S01006511,959,921,38
S01006512,383,377,6
S01006513,1006,989,17
S01006514,1076,1044,32
S01006515,1168,1159,9
S01006516,886,851,35
S01006517,1049,1007,42
S01006518,1045,1003,42
S01006519,850,841,9
S01006520,897,877,20
S01006521,490,484,6
S01006522,560,543,17
S01006523,1337,1136,201
S01006524,1223,972,251
S01006525,1305,1234,71
S01006526,1487,990,497
S01006527,1346,1139,207
S01006528,1125,794,331
S01006529,1028,371,657
S01006530,1179,704,475
S01006531,1273,567,706
S01006532,776,559,217
S01006533,823,655,168
S01006534,944,652,292
S01006535,1062,349,713
S01006536,1245,264,981
S01006537,847,839,8
S01006538,686,682,4
S01006539,951,828,123
S01006540,1254,974,280
S01006541,990,881,109
S01006542,955,798,157
S01006543,1007,999,8
S01006544,902,753,149
S01006545,1108,778,330
S01006546,1131,1022,109
S01006547,1409,978,431
S01006548,770,766,4
S01006549,808,752,56
S01006550,1222,1215,7
S01006551,921,566,355
S01006552,1099,911,188
S01006553,978,881,97
S01006554,907,611,296
S01006555,840,304,536
S01006556,1032,707,325
S01006557,862,520,342
S01006558,880,364,516
S01006559,639,383,256
S01006560,987,672,315
S01006561,891,655,236
S01006562,1008,831,177
S01006563,1026,591,435
S01006564,1172,95,1077
S01006565,1201,80,1121
S01006566,843,205,638
S01006567,1149,55,1094
S01006568,1096,81,1015
S01006569,749,241,508
S01006570,867,420,447
S01006571,1168,608,560
S01006572,1284,1136,148
S01006573,706,521,185
S01006574,929,608,321
S01006575,1137,809,328
S01006576,869,451,418
S01006577,919,373,546
S01006578,1455,182,1273
S01006579,1299,44,1255
S01006580,806,251,555
S01006581,1222,897,325
S01006582,526,100,426
S01006583,964,23,941
S01006584,872,174,698
S01006585,809,56,753
S01006586,793,69,724
S01006587,464,34,430
S01006588,650,11,639
S01006589,1003,34,969
S01006590,543,77,466
S01006591,530,93,437
S01006592,434,153,281
S01006593,551,148,403
S01006594,761,199,562
S01006595,722,180,542
S01006596,882,367,515
S01006597,810,57,753
S01006598,1053,709,344
S01006599,1036,244,792
S01006600,1283,639,644
S01006601,947,461,486
S01006602,934,490,444
S01006603,1369,840,529
S01006604,936,730,206
S01006605,868,305,563
S01006606,1367,941,426
S01006607,1302,680,622
S01006608,869,782,87
S01006609,1343,1160,183
S01006610,752,332,420
S01006611,1183,835,348
S01006612,995,945,50
S01006613,474,452,22
S01006614,929,911,18
S01006615,445,438,7
S01006616,811,686,125
S01006617,1018,987,31
S01006618,568,522,46
S01006619,995,945,50
S01006620,1146,1061,85
S01006621,831,787,44
S01006622,655,565,90
S01006623,1436,707,729
S01006624,750,203,547
S01006625,858,468,390
S01006626,839,222,617
S01006627,665,90,575
S01006628,1110,66,1044
S01006629,882,353,529
S01006630,824,471,353
S01006631,1129,458,671
S01006632,960,64,896
S01006633,967,678,289
S01006634,804,346,458
S01006635,975,347,628
S01006636,980,156,824
S01006637,537,192,345
S01006638,1061,93,968
S01006639,938,84,854
S01006640,201,8,193
S01006641,898,34,864
S01006642,805,72,733
S01006643,1026,60,966
S01006644,590,45,545
S01006645,1185,35,1150
S01006646,982,32,950
S01006647,671,46,625
S01006648,1083,43,1040
S01006649,696,34,662
S01006650,909,113,796
S01006651,725,66,659
S01006652,678,90,588
S01006653,714,295,419
S01006654,861,71,790
S01006655,333,165,168
S01006656,888,108,780
S01006657,595,82,513
S01006658,1179,57,1122
S01006659,895,245,650
S01006660,639,32,607
S01006661,726,394,332
S01006662,636,96,540
S01006663,938,339,599
S01006664,417,98,319
S01006665,699,203,496
S01006666,1321,77,1244
S01006667,1054,106,948
S01006668,757,41,716
S01006669,866,228,638
S01006670,471,41,430
S01006671,538,135,403
S01006672,767,123,644
S01006673,729,211,518
S01006674,930,46,884
S01006675,520,67,453
S01006676,763,235,528
S01006677,697,217,480
S01006678,1092,433,659
S01006679,884,585,299
S01006680,801,139,662
S01006681,1022,198,824
S01006682,812,128,684
S01006683,1164,454,710
S01006684,708,205,503
S01006685,807,67,740
S01006686,931,111,820
S01006687,987,85,902
S01006688,1064,599,465
S01006689,297,223,74
S01006690,772,209,563
S01006691,873,287,586
S01006692,918,545,373
S01006693,1130,238,892
S01006694,1219,397,822
S01006695,750,608,142
S01006696,1116,567,549
S01006697,1122,480,642
S01006698,913,363,550
S01006699,820,534,286
S01006700,1319,725,594
S01006701,1102,684,418
S01006702,996,898,98
S01006703,804,534,270
S01006704,896,463,433
S01006705,1004,793,211
S01006706,854,514,340
S01006707,772,393,379
S01006708,892,743,149
S01006709,1107,923,184
S01006710,1164,1103,61
S01006711,1146,881,265
S01006712,664,655,9
S01006713,997,890,107
S01006714,934,769,165
S01006715,1104,758,346
S01006716,654,586,68
S01006717,1060,970,90
S01006718,713,699,14
S01006719,1015,1006,9
S01006720,786,767,19
S01006721,1005,935,70
S01006722,852,760,92
S01006723,1008,934,74
S01006724,1262,644,618
S01006725,1029,910,119
S01006726,987,296,691
S01006727,1130,501,629
S01006728,944,653,291
S01006729,863,310,553
S01006730,779,695,84
S01006731,557,420,137
S01006732,917,874,43
S01006733,945,942,3
S01006734,1078,1055,23
S01006735,952,938,14
S01006736,920,907,13
S01006737,822,799,23
S01006738,655,196,459
S01006739,525,347,178
S01006740,1067,890,177
S01006741,807,788,19
S01006742,507,497,10
S01006743,968,818,150
S01006744,661,303,358
S01006745,1061,623,438
S01006746,732,706,26
S01006747,1077,1031,46
S01006748,1053,967,86
S01006749,1368,1036,332
S01006750,770,559,211
S01006751,486,378,108
S01006752,893,694,199
S01006753,946,823,123
S01006754,1225,1124,101
S01006755,815,731,84
S01006756,269,164,105
S01006757,1343,1259,84
S01006758,710,624,86
S01006759,646,611,35
S01006760,628,545,83
S01006761,1017,895,122
S01006762,1058,961,97
S01006763,1176,1145,31
S01006764,867,809,58
S01006765,781,667,114
S01006766,666,646,20
S01006767,939,884,55
S01006768,746,746,0
S01006769,1345,1323,22
S01006770,767,765,2
S01006771,570,568,2
S01006772,1452,1245,207
S01006773,736,735,1
S01006774,894,889,5
S01006775,805,502,303
S01006776,735,433,302
S01006777,1080,1080,0
S01006778,955,856,99
S01006779,1099,849,250
S01006780,899,767,132
S01006781,1030,985,45
S01006782,985,739,246
S01006783,680,590,90
S01006784,726,589,137
S01006785,714,655,59
S01006786,1124,1056,68
S01006787,1121,1084,37
S01006788,694,604,90
S01006789,889,807,82
S01006790,892,822,70
S01006791,504,471,33
S01006792,630,605,25
S01006793,611,566,45
S01006794,841,825,16
S01006795,699,653,46
S01006796,378,372,6
S01006797,656,650,6
S01006798,691,678,13
S01006799,928,857,71
S01006800,899,881,18
S01006801,678,657,21
S01006802,679,615,64
S01006803,751,707,44
S01006804,731,630,101
S01006805,1072,992,80
S01006806,1015,990,25
S01006807,523,521,2
S01006808,890,866,24
S01006809,960,940,20
S01006810,1009,940,69
S01006811,881,827,54
S01006812,739,712,27
S01006813,856,743,113
S01006814,954,905,49
S01006815,612,433,179
S01006816,911,826,85
S01006817,698,644,54
S01006818,672,661,11
S01006819,819,799,20
S01006820,561,559,2
S01006821,938,913,25
S01006822,774,747,27
S01006823,838,722,116
S01006824,679,404,275
S01006825,1098,1056,42
S01006826,1184,1161,23
S01006827,990,838,152
S01006828,969,562,407
S01006829,257,207,50
S01006830,637,613,24
S01006831,1353,1345,8
S01006832,931,809,122
S01006833,689,634,55
S01006834,255,255,0
S01006835,1192,661,531
S01006836,51,5,46
S01006837,488,478,10
S01006838,1067,1042,25
S01006839,922,914,8
S01006840,1184,1178,6
S01006841,1438,1423,15
S01006842,1101,1079,22
S01006843,1017,994,23
S01006844,722,600,122
S01006845,1016,958,58
S01006846,849,811,38
S01006847,794,793,1
S01006848,798,784,14
S01006849,399,292,107
S01006850,1213,1201,12
S01006851,763,744,19
S01006852,581,580,1
S01006853,828,803,25
S01006854,1352,1329,23
S01006855,746,721,25
S01006856,881,843,38
S01006857,971,943,28
S01006858,611,606,5
S01006859,1047,1012,35
S01006860,692,605,87
S01006861,243,240,3
S01006862,962,857,105
S01006863,618,603,15
S01006864,145,138,7
S01006865,914,655,259
S01006866,668,655,13
S01006867,1069,1000,69
S01006868,888,863,25
S01006869,548,532,16
S01006870,545,535,10
S01006871,958,934,24
S01006872,933,893,40
S01006873,1081,1010,71
S01006874,609,590,19
S01006875,666,648,18
S01006876,1008,995,13
S01006877,1023,1002,21
S01006878,988,953,35
S01006879,848,843,5
S01006880,574,570,4
S01006881,561,558,3
S01006882,931,890,41
S01006883,571,442,129
S01006884,1000,917,83
S01006885,688,670,18
S01006886,755,739,16
S01006887,422,414,8
S01006888,704,680,24
S01006889,681,657,24
S01006890,976,904,72
S01006891,675,626,49
S01006892,622,607,15
S01006893,1095,1080,15
S01006894,628,557,71
S01006895,558,280,278
S01006896,744,668,76
S01006897,1073,951,122
S01006898,491,447,44
S01006899,394,392,2
S01006900,514,509,5
S01006901,883,729,154
S01006902,688,564,124
S01006903,874,739,135
S01006904,474,352,122
S01006905,904,734,170
S01006906,1058,813,245
S01006907,619,348,271
S01006908,869,539,330
S01006909,264,248,16
S01006910,333,299,34
S01006911,316,218,98
S01006912,262,248,14
S01006913,549,539,10
S01006914,777,766,11
S01006915,835,824,11
S01006916,267,237,30
S01006917,113,113,0
S01006918,472,445,27
S01006919,541,520,21
S01006920,583,398,185
S01006921,415,399,16
S01006922,587,557,30
S01006923,700,639,61
S01006924,429,424,5
S01006925,553,514,39
S01006926,310,310,0
S01006927,275,268,7
S01006928,1132,1073,59
S01006929,1337,1337,0
S01006930,803,779,24
S01006931,420,414,6
S01006932,479,479,0
S01006933,896,796,100
S01006934,597,588,9
S01006935,1025,953,72
S01006936,739,698,41
S01006937,904,775,129
S01006938,932,834,98
S01006939,707,702,5
S01006940,1111,1011,100
S01006941,880,813,67
S01006942,1089,1052,37
S01006943,264,227,37
S01006944,87,65,22
S01006945,1094,1056,38
S01006946,795,726,69
S01006947,1110,1074,36
S01006948,966,938,28
S01006949,680,661,19
S01006950,222,206,16
S01006951,827,773,54
S01006952,1092,1038,54
S01006953,1237,1220,17
S01006954,1090,1078,12
S01006955,574,449,125
S01006956,708,696,12
S01006957,810,780,30
S01006958,1060,1014,46
S01006959,789,525,264
S01006960,363,363,0
S01006961,322,322,0
S01006962,782,766,16
S01006963,1103,1026,77
S01006964,870,557,313
S01006965,557,485,72
S01006966,811,803,8
S01006967,820,798,22
S01006968,1029,938,91
S01006969,1036,914,122
S01006970,720,691,29
S01006971,915,777,138
S01006972,474,472,2
S01006973,564,551,13
S01006974,1319,1267,52
S01006975,1067,1039,28
S01006976,573,566,7
S01006977,838,832,6
S01006978,790,770,20
S01006979,1349,1326,23
S01006980,627,623,4
S01006981,787,746,41
S01006982,960,932,28
S01006983,1054,1032,22
S01006984,793,759,34
S01006985,1317,1217,100
S01006986,419,353,66
S01006987,1005,912,93
S01006988,472,434,38
S01006989,716,706,10
S01006990,448,430,18
S01006991,701,650,51
S01006992,854,841,13
S01006993,705,695,10
S01006994,623,615,8
S01006995,897,881,16
S01006996,706,690,16
S01006997,601,591,10
S01006998,974,938,36
S01006999,789,775,14
S01007000,1151,1097,54
S01007001,935,894,41
S01007002,428,421,7
S01007003,533,515,18
S01007004,1048,1005,43
S01007005,917,897,20
S01007006,963,908,55
S01007007,741,736,5
S01007008,829,708,121
S01007009,1306,1007,299
S01007010,916,729,187
S01007011,1106,773,333
S01007012,999,919,80
S01007013,828,815,13
S01007014,991,968,23
S01007015,735,732,3
S01007016,538,528,10
S01007017,1137,934,203
S01007018,1207,1131,76
S01007019,1010,952,58
S01007020,969,677,292
S01007021,1311,1229,82
S01007022,448,443,5
S01007023,719,698,21
S01007024,1067,1044,23
S01007025,1050,985,65
S01007026,916,797,119
S01007027,1228,1182,46
S01007028,1129,1122,7
S01007029,506,490,16
S01007030,965,906,59
S01007031,611,564,47
S01007032,1137,815,322
S01007033,1137,1050,87
S01007034,983,787,196
S01007035,956,875,81
S01007036,977,884,93
S01007037,1126,1044,82
S01007038,815,634,181
S01007039,726,672,54
S01007040,1067,992,75
S01007041,976,841,135
S01007042,889,863,26
S01007043,1037,1009,28
S01007044,1059,999,60
S01007045,857,847,10
S01007046,523,520,3
S01007047,950,916,34
S01007048,1310,1298,12
S01007049,1014,970,44
S01007050,973,944,29
S01007051,906,820,86
S01007052,556,538,18
S01007053,760,698,62
S01007054,1041,995,46
S01007055,476,464,12
S01007056,781,758,23
S01007057,870,851,19
S01007058,822,788,34
S01007059,1148,1125,23
S01007060,675,667,8
S01007061,1100,1085,15
S01007062,696,681,15
S01007063,1376,1347,29
S01007064,692,676,16
S01007065,738,713,25
S01007066,664,639,25
S01007067,1291,1174,117
S01007068,738,698,40
S01007069,910,876,34
S01007070,754,716,38
S01007071,1151,1099,52
S01007072,1203,1190,13
S01007073,1508,1489,19
S01007074,1225,1083,142
S01007075,1091,1010,81
S01007076,926,912,14
S01007077,883,866,17
S01007078,1040,755,285
S01007079,1201,766,435
S01007080,869,597,272
S01007081,1093,759,334
S01007082,705,435,270
S01007083,869,525,344
S01007084,818,447,371
S01007085,1110,361,749
S01007086,969,211,758
S01007087,859,346,513
S01007088,706,245,461
S01007089,587,574,13
S01007090,541,500,41
S01007091,283,274,9
S01007092,703,648,55
S01007093,1080,1034,46
S01007094,1144,1131,13
S01007095,667,663,4
S01007096,952,911,41
S01007097,842,813,29
S01007098,484,471,13
S01007099,654,627,27
S01007100,884,865,19
S01007101,1221,1179,42
S01007102,774,761,13
S01007103,814,810,4
S01007104,477,467,10
S01007105,654,636,18
S01007106,929,915,14
S01007107,650,628,22
S01007108,654,609,45
S01007109,983,938,45
S01007110,964,856,108
S01007111,547,503,44
S01007112,888,824,64
S01007113,770,549,221
S01007114,867,865,2
S01007115,719,712,7
S01007116,687,676,11
S01007117,667,667,0
S01007118,978,943,35
S01007119,1043,1023,20
S01007120,1130,1029,101
S01007121,682,351,331
S01007122,585,353,232
S01007123,950,811,139
S01007124,1080,1072,8
S01007125,759,651,108
S01007126,1025,737,288
S01007127,590,302,288
S01007128,1047,846,201
S01007129,681,675,6
S01007130,675,590,85
S01007131,795,752,43
S01007132,707,685,22
S01007133,525,507,18
S01007134,800,758,42
S01007135,664,628,36
S01007136,320,310,10
S01007137,154,152,2
S01007138,454,418,36
S01007139,741,736,5
S01007140,822,813,9
S01007141,580,574,6
S01007142,162,162,0
S01007143,448,441,7
S01007144,1476,1433,43
S01007145,939,879,60
S01007146,876,782,94
S01007147,927,849,78
S01007148,600,600,0
S01007149,991,972,19
S01007150,786,638,148
S01007151,945,929,16
S01007152,796,710,86
S01007153,1022,976,46
S01007154,917,466,451
S01007155,693,576,117
S01007156,984,957,27
S01007157,850,804,46
S01007158,872,853,19
S01007159,871,622,249
S01007160,823,784,39
S01007161,920,811,109
S01007162,398,263,135
S01007163,1044,1007,37
S01007164,812,720,92
S01007165,856,730,126
S01007166,1079,999,80
S01007167,945,938,7
S01007168,1065,1062,3
S01007169,946,843,103
S01007170,709,703,6
S01007171,903,817,86
S01007172,815,775,40
S01007173,632,609,23
S01007174,696,685,11
S01007175,707,689,18
S01007176,1092,901,191
S01007177,791,436,355
S01007178,1007,450,557
S01007179,1265,1233,32
S01007180,1018,889,129
S01007181,1087,901,186
S01007182,1194,785,409
S01007183,1243,862,381
S01007184,995,507,488
S01007185,884,314,570
S01007186,600,232,368
S01007187,773,245,528
S01007188,733,329,404
S01007189,884,369,515
S01007190,917,866,51
S01007191,740,671,69
S01007192,821,590,231
S01007193,880,793,87
S01007194,629,276,353
S01007195,904,678,226
S01007196,730,531,199
S01007197,408,186,222
S01007198,473,243,230
S01007199,1102,436,666
S01007200,931,811,120
S01007201,1057,885,172
S01007202,822,685,137
S01007203,908,877,31
S01007204,937,911,26
S01007205,800,761,39
S01007206,336,210,126
S01007207,1074,896,178
S01007208,790,171,619
S01007209,641,170,471
S01007210,1042,428,614
S01007211,778,378,400
S01007212,786,461,325
S01007213,807,540,267
S01007214,881,242,639
S01007215,944,609,335
S01007216,808,633,175
S01007217,896,788,108
S01007218,787,755,32
S01007219,1085,936,149
S01007220,820,682,138
S01007221,659,558,101
S01007222,1175,1114,61
S01007223,636,622,14
S01007224,704,641,63
S01007225,1015,967,48
S01007226,897,894,3
S01007227,1368,1299,69
S01007228,788,779,9
S01007229,1207,1149,58
S01007230,1290,727,563
S01007231,752,315,437
S01007232,587,277,310
S01007233,745,561,184
S01007234,623,527,96
S01007235,1023,473,550
S01007236,1110,721,389
S01007237,770,649,121
S01007238,986,871,115
S01007239,1246,1158,88
S01007240,589,587,2
S01007241,1185,1168,17
S01007242,1087,1034,53
S01007243,1290,1261,29
S01007244,635,623,12
S01007245,762,731,31
S01007246,632,612,20
S01007247,1061,1034,27
S01007248,857,834,23
S01007249,545,501,44
S01007250,751,503,248
S01007251,654,473,181
S01007252,794,693,101
S01007253,748,690,58
S01007254,849,508,341
S01007255,1061,508,553
S01007256,754,399,355
S01007257,837,306,531
S01007258,783,465,318
S01007259,941,635,306
S01007260,1178,988,190
S01007261,1015,969,46
S01007262,737,624,113
S01007263,1238,1103,135
S01007264,887,774,113
S01007265,1108,652,456
S01007266,798,693,105
S01007267,579,576,3
S01007268,582,575,7
S01007269,653,644,9
S01007270,486,467,19
S01007271,1115,838,277
S01007272,1163,689,474
S01007273,667,508,159
S01007274,854,585,269
S01007275,749,642,107
S01007276,1129,1004,125
S01007277,991,987,4
S01007278,934,929,5
S01007279,650,625,25
S01007280,622,604,18
S01007281,984,964,20
S01007282,534,523,11
S01007283,864,801,63
S01007284,880,831,49
S01007285,1003,911,92
S01007286,1333,1087,246
S01007287,531,452,79
S01007288,742,688,54
S01007289,975,894,81
S01007290,352,277,75
S01007291,528,387,141
S01007292,757,677,80
S01007293,1218,540,678
S01007294,949,420,529
S01007295,642,195,447
S01007296,560,58,502
S01007297,913,611,302
S01007298,551,372,179
S01007299,898,484,414
S01007300,750,321,429
S01007301,848,789,59
S01007302,896,830,66
S01007303,989,885,104
S01007304,569,547,22
S01007305,927,862,65
S01007306,1013,969,44
S01007307,945,919,26
S01007308,783,754,29
S01007309,735,654,81
S01007310,943,922,21
S01007311,933,757,176
S01007312,851,800,51
S01007313,871,769,102
S01007314,890,864,26
S01007315,768,674,94
S01007316,1103,697,406
S01007317,1082,973,109
S01007318,628,543,85
S01007319,813,587,226
S01007320,1022,988,34
S01007321,618,567,51
S01007322,839,541,298
S01007323,579,374,205
S01007324,294,284,10
S01007325,757,729,28
S01007326,1066,1011,55
S01007327,938,827,111
S01007328,1126,1030,96
S01007329,658,637,21
S01007330,850,831,19
S01007331,935,906,29
S01007332,725,683,42
S01007333,1149,762,387
S01007334,944,393,551
S01007335,1026,712,314
S01007336,729,110,619
S01007337,651,313,338
S01007338,1189,1138,51
S01007339,846,635,211
S01007340,748,438,310
S01007341,806,395,411
S01007342,788,534,254
S01007343,768,624,144
S01007344,579,250,329
S01007345,597,219,378
S01007346,897,189,708
S01007347,1156,594,562
S01007348,879,509,370
S01007349,688,199,489
S01007350,684,152,532
S01007351,669,502,167
S01007352,526,508,18
S01007353,671,576,95
S01007354,806,519,287
S01007355,1263,1094,169
S01007356,717,614,103
S01007357,822,769,53
S01007358,1492,1310,182
S01007359,930,734,196
S01007360,808,624,184
S01007361,995,650,345
S01007362,1001,544,457
S01007363,1025,707,318
S01007364,1095,827,268
S01007365,439,322,117
S01007366,581,371,210
S01007367,633,381,252
S01007368,690,624,66
S01007369,1098,752,346
S01007370,908,390,518
S01007371,893,474,419
S01007372,898,764,134
S01007373,593,368,225
S01007374,881,674,207
S01007375,506,394,112
S01007376,1093,953,140
S01007377,690,611,79
S01007378,715,638,77
S01007379,893,832,61
S01007380,783,719,64
S01007381,470,427,43
S01007382,1041,815,226
S01007383,784,579,205
S01007384,1088,799,289
S01007385,1345,995,350
S01007386,877,760,117
S01007387,906,833,73
S01007388,788,787,1
S01007389,966,923,43
S01007390,440,435,5
S01007391,671,651,20
S01007392,448,347,101
S01007393,887,663,224
S01007394,763,359,404
S01007395,1206,225,981
S01007396,1112,145,967
S01007397,923,505,418
S01007398,715,514,201
S01007399,731,265,466
S01007400,894,450,444
S01007401,775,603,172
S01007402,755,737,18
S01007403,801,767,34
S01007404,685,638,47
S01007405,513,395,118
S01007406,689,637,52
S01007407,804,719,85
S01007408,919,648,271
S01007409,677,551,126
S01007410,917,748,169
S01007411,872,529,343
S01007412,582,479,103
S01007413,805,607,198
S01007414,343,341,2
S01007415,944,819,125
S01007416,566,550,16
S01007417,249,247,2
S01007418,756,705,51
S01007419,999,556,443
S01007420,950,769,181
S01007421,615,425,190
S01007422,763,459,304
S01007423,377,330,47
S01007424,778,765,13
S01007425,1053,904,149
S01007426,909,488,421
S01007427,809,618,191
S01007428,1121,725,396
S01007429,1030,514,516
S01007430,580,502,78
S01007431,719,681,38
S01007432,730,635,95
S01007433,960,906,54
S01007434,634,393,241
S01007435,860,648,212
S01007436,1062,443,619
S01007437,558,325,233
S01007438,717,524,193
S01007439,976,623,353
S01007440,868,753,115
S01007441,676,634,42
S01007442,790,786,4
S01007443,938,882,56
S01007444,1373,1212,161
S01007445,793,783,10
S01007446,734,694,40
S01007447,638,617,21
S01007448,1000,982,18
S01007449,1044,791,253
S01007450,1329,1084,245
S01007451,723,656,67
S01007452,797,726,71
S01007453,116,116,0
S01007454,568,549,19
S01007455,933,817,116
S01007456,1079,516,563
S01007457,692,460,232
S01007458,846,813,33
S01007459,920,909,11
S01007460,862,751,111
S01007461,956,485,471
S01007462,948,713,235
S01007463,1149,981,168
S01007464,1136,960,176
S01007465,847,665,182
S01007466,937,459,478
S01007467,979,596,383
S01007468,1215,1080,135
S01007469,731,652,79
S01007470,657,306,351
S01007471,539,515,24
S01007472,1153,1073,80
S01007473,485,390,95
S01007474,435,411,24
S01007475,502,427,75
S01007476,787,732,55
S01007477,773,570,203
S01007478,934,523,411
S01007479,462,217,245
S01007480,886,616,270
S01007481,992,986,6
S01007482,740,533,207
S01007483,1049,1020,29
S01007484,894,601,293
S01007485,909,530,379
S01007486,923,490,433
S01007487,1194,735,459
S01007488,1026,830,196
S01007489,926,845,81
S01007490,1251,1112,139
S01007491,710,575,135
S01007492,687,616,71
S01007493,977,957,20
S01007494,811,787,24
S01007495,720,718,2
S01007496,1041,944,97
S01007497,637,624,13
S01007498,1116,1049,67
S01007499,870,855,15
S01007500,779,751,28
S01007501,685,632,53
S01007502,675,652,23
S01007503,1087,992,95
S01007504,1147,1132,15
S01007505,448,444,4
S01007506,552,549,3
S01007507,1485,1402,83
S01007508,689,644,45
S01007509,736,730,6
S01007510,958,883,75
S01007511,1201,1130,71
S01007512,576,549,27
S01007513,1098,949,149
S01007514,584,427,157
S01007515,600,561,39
S01007516,816,724,92
S01007517,524,475,49
S01007518,895,856,39
S01007519,584,567,17
S01007520,979,929,50
S01007521,723,682,41
S01007522,1105,1027,78
S01007523,506,482,24
S01007524,918,858,60
S01007525,536,523,13
S01007526,942,599,343
S01007527,1456,1410,46
S01007528,943,738,205
S01007529,823,749,74
S01007530,530,519,11
S01007531,772,738,34
S01007532,505,488,17
S01007533,753,746,7
S01007534,1363,1057,306
S01007535,902,766,136
S01007536,1057,889,168
S01007537,1417,1098,319
S01007538,753,703,50
S01007539,844,828,16
S01007540,833,679,154
S01007541,1118,1045,73
S01007542,960,694,266
S01007543,1278,1226,52
S01007544,1393,1337,56
S01007545,1253,1212,41
S01007546,582,582,0
S01007547,546,530,16
S01007548,891,861,30
S01007549,781,772,9
S01007550,1281,1232,49
S01007551,1282,1258,24
S01007552,1037,906,131
S01007553,1058,1000,58
S01007554,889,874,15
S01007555,763,729,34
S01007556,766,639,127
S01007557,1201,984,217
S01007558,570,558,12
S01007559,796,778,18
S01007560,1028,952,76
S01007561,973,922,51
S01007562,783,768,15
S01007563,1021,1007,14
S01007564,1225,1167,58
S01007565,997,987,10
S01007566,732,729,3
S01007567,547,530,17
S01007568,765,741,24
S01007569,931,870,61
S01007570,963,950,13
S01007571,549,536,13
S01007572,712,588,124
S01007573,87,87,0
S01007574,1380,1349,31
S01007575,879,685,194
S01007576,1113,568,545
S01007577,918,567,351
S01007578,885,599,286
S01007579,538,382,156
S01007580,985,681,304
S01007581,651,437,214
S01007582,875,727,148
S01007583,1222,294,928
S01007584,857,528,329
S01007585,1040,929,111
S01007586,1003,784,219
S01007587,692,574,118
S01007588,1013,988,25
S01007589,1106,554,552
S01007590,653,634,19
S01007591,883,547,336
S01007592,964,485,479
S01007593,974,857,117
S01007594,858,837,21
S01007595,932,909,23
S01007596,802,747,55
S01007597,646,643,3
S01007598,1068,1018,50
S01007599,616,583,33
S01007600,856,643,213
S01007601,673,594,79
S01007602,1050,1026,24
S01007603,973,953,20
S01007604,1099,1091,8
S01007605,1188,1159,29
S01007606,614,529,85
S01007607,1038,1035,3
S01007608,1080,1032,48
S01007609,905,451,454
S01007610,749,328,421
S01007611,1017,355,662
S01007612,982,315,667
S01007613,961,763,198
S01007614,807,758,49
S01007615,1213,891,322
S01007616,907,461,446
S01007617,736,695,41
S01007618,866,817,49
S01007619,808,784,24
S01007620,844,827,17
S01007621,771,764,7
S01007622,860,837,23
S01007623,501,493,8
S01007624,777,773,4
S01007625,721,718,3
S01007626,496,493,3
S01007627,242,206,36
S01007628,859,793,66
S01007629,740,713,27
S01007630,833,826,7
S01007631,592,587,5
S01007632,1641,1547,94
S01007633,1508,1428,80
S01007634,666,665,1
S01007635,776,768,8
S01007636,1237,1043,194
S01007637,1420,1207,213
S01007638,1044,717,327
S01007639,1007,963,44
S01007640,562,543,19
S01007641,679,657,22
S01007642,1082,916,166
S01007643,958,840,118
S01007644,888,826,62
S01007645,775,763,12
S01007646,609,582,27
S01007647,1080,835,245
S01007648,1106,907,199
S01007649,776,719,57
S01007650,1065,1057,8
S01007651,735,729,6
S01007652,776,729,47
S01007653,1111,1099,12
S01007654,1177,1096,81
S01007655,777,774,3
S01007656,961,954,7
S01007657,679,655,24
S01007658,661,652,9
S01007659,988,970,18
S01007660,1320,1200,120
S01007661,800,626,174
S01007662,994,787,207
S01007663,1107,1039,68
S01007664,576,459,117
S01007665,675,665,10
S01007666,307,307,0
S01007667,535,526,9
S01007668,1267,1202,65
S01007669,665,555,110
S01007670,991,947,44
S01007671,653,650,3
S01007672,1049,1044,5
S01007673,688,663,25
S01007674,1143,1114,29
S01007675,701,691,10
S01007676,531,526,5
S01007677,155,141,14
S01007678,783,709,74
S01007679,945,886,59
S01007680,977,962,15
S01007681,529,524,5
S01007682,1118,816,302
S01007683,1224,914,310
S01007684,1230,1043,187
S01007685,992,800,192
S01007686,1146,773,373
S01007687,993,417,576
S01007688,1096,237,859
S01007689,638,138,500
S01007690,1136,277,859
S01007691,1570,205,1365
S01007692,982,225,757
S01007693,735,69,666
S01007694,401,9,392
S01007695,977,110,867
S01007696,929,139,790
S01007697,1331,246,1085
S01007698,1190,182,1008
S01007699,820,190,630
S01007700,906,555,351
S01007701,409,35,374
S01007702,341,37,304
S01007703,1149,442,707
S01007704,1306,143,1163
S01007705,657,29,628
S01007706,765,16,749
S01007707,267,3,264
S01007708,1144,402,742
S01007709,784,282,502
S01007710,1071,52,1019
S01007711,1221,291,930
S01007712,974,218,756
S01007713,577,233,344
S01007714,673,353,320
S01007715,604,129,475
S01007716,988,209,779
S01007717,959,253,706
S01007718,977,123,854
S01007719,1490,275,1215
S01007720,1145,434,711
S01007721,1119,286,833
S01007722,969,90,879
S01007723,1067,88,979
S01007724,739,67,672
S01007725,1320,92,1228
S01007726,885,255,630
S01007727,760,217,543
S01007728,1058,116,942
S01007729,963,91,872
S01007730,891,129,762
S01007731,500,10,490
S01007732,586,29,557
S01007733,907,718,189
S01007734,865,731,134
S01007735,865,792,73
S01007736,898,601,297
S01007737,984,294,690
S01007738,1128,734,394
S01007739,779,439,340
S01007740,706,472,234
S01007741,865,512,353
S01007742,742,444,298
S01007743,908,463,445
S01007744,795,378,417
S01007745,1013,466,547
S01007746,963,644,319
S01007747,859,510,349
S01007748,709,258,451
S01007749,991,976,15
S01007750,1031,985,46
S01007751,739,596,143
S01007752,1102,738,364
S01007753,971,650,321
S01007754,1428,1071,357
S01007755,866,603,263
S01007756,939,755,184
S01007757,1368,1352,16
S01007758,1077,671,406
S01007759,1251,354,897
S01007760,1002,694,308
S01007761,982,722,260
S01007762,787,242,545
S01007763,845,482,363
S01007764,1032,1005,27
S01007765,1014,985,29
S01007766,1167,1143,24
S01007767,1037,990,47
S01007768,795,458,337
S01007769,809,718,91
S01007770,844,709,135
S01007771,890,872,18
S01007772,1244,871,373
S01007773,830,826,4
S01007774,165,165,0
S01007775,1032,996,36
S01007776,554,494,60
S01007777,391,363,28
S01007778,286,273,13
S01007779,863,800,63
S01007780,876,838,38
S01007781,802,728,74
S01007782,686,253,433
S01007783,841,526,315
S01007784,908,625,283
S01007785,488,142,346
S01007786,939,918,21
S01007787,789,605,184
S01007788,825,371,454
S01007789,654,537,117
S01007790,766,201,565
S01007791,190,186,4
S01007792,1070,977,93
S01007793,1082,504,578
S01007794,1231,927,304
S01007795,915,449,466
S01007796,977,407,570
S01007797,831,442,389
S01007798,385,373,12
S01007799,225,208,17
S01007800,996,834,162
S01007801,900,577,323
S01007802,716,615,101
S01007803,1121,747,374
S01007804,769,659,110
S01007805,846,730,116
S01007806,1004,680,324
S01007807,993,889,104
S01007808,974,921,53
S01007809,1360,1341,19
S01007810,1035,944,91
S01007811,947,931,16
S01007812,813,808,5
S01007813,1154,1099,55
S01007814,885,721,164
S01007815,1119,1102,17
S01007816,764,753,11
S01007817,921,750,171
S01007818,972,861,111
S01007819,785,728,57
S01007820,1080,964,116
S01007821,837,586,251
S01007822,1003,823,180
S01007823,872,757,115
S01007824,1236,1041,195
S01007825,1280,872,408
S01007826,626,352,274
S01007827,740,377,363
S01007828,1221,366,855
S01007829,795,382,413
S01007830,1120,364,756
S01007831,935,258,677
S01007832,928,329,599
S01007833,1073,458,615
S01007834,811,61,750
S01007835,831,454,377
S01007836,898,671,227
S01007837,1314,1100,214
S01007838,1130,921,209
S01007839,817,455,362
S01007840,986,341,645
S01007841,968,544,424
S01007842,1231,370,861
S01007843,1042,270,772
S01007844,1345,724,621
S01007845,1003,463,540
S01007846,801,601,200
S01007847,1493,870,623
S01007848,1113,349,764
S01007849,1023,416,607
S01007850,852,829,23
S01007851,1033,756,277
S01007852,1260,745,515
S01007853,838,192,646
S01007854,1154,369,785
S01007855,757,173,584
S01007856,885,708,177
S01007857,483,144,339
S01007858,928,496,432
S01007859,612,438,174
S01007860,252,176,76
S01007861,1181,914,267
S01007862,1137,913,224
S01007863,933,382,551
S01007864,988,734,254
S01007865,535,510,25
S01007866,594,591,3
S01007867,413,361,52
S01007868,1285,1242,43
S01007869,1084,1039,45
S01007870,624,621,3
S01007871,1279,1203,76
S01007872,833,609,224
S01007873,737,541,196
S01007874,876,547,329
S01007875,764,723,41
S01007876,790,738,52
S01007877,912,761,151
S01007878,728,528,200
S01007879,1230,1097,133
S01007880,592,536,56
S01007881,644,509,135
S01007882,993,967,26
S01007883,920,776,144
S01007884,890,834,56
S01007885,1034,678,356
S01007886,937,663,274
S01007887,705,630,75
S01007888,1172,1144,28
S01007889,1207,1098,109
S01007890,766,731,35
S01007891,845,689,156
S01007892,1159,969,190
S01007893,1216,1129,87
S01007894,1084,1035,49
S01007895,798,606,192
S01007896,1163,725,438
S01007897,757,746,11
S01007898,718,676,42
S01007899,558,504,54
S01007900,632,608,24
S01007901,798,754,44
S01007902,1116,1085,31
S01007903,840,642,198
S01007904,783,746,37
S01007905,867,849,18
S01007906,910,580,330
S01007907,894,783,111
S01007908,1186,895,291
S01007909,533,527,6
S01007910,1245,818,427
S01007911,944,740,204
S01007912,897,709,188
S01007913,1240,626,614
S01007914,901,791,110
S01007915,928,854,74
S01007916,1136,862,274
S01007917,1346,1019,327
S01007918,1129,823,306
S01007919,708,692,16
S01007920,580,578,2
S01007921,1264,1186,78
S01007922,1398,1191,207
S01007923,735,672,63
S01007924,1180,836,344
S01007925,612,593,19
S01007926,733,705,28
S01007927,578,567,11
S01007928,1182,1143,39
S01007929,980,944,36
S01007930,549,545,4
S01007931,1056,958,98
S01007932,944,860,84
S01007933,1309,1206,103
S01007934,685,634,51
S01007935,1137,692,445
S01007936,922,897,25
S01007937,1241,1231,10
S01007938,878,499,379
S01007939,1068,914,154
S01007940,1681,1425,256
S01007941,674,667,7
S01007942,216,95,121
S01007943,1032,869,163
S01007944,1039,820,219
S01007945,1201,806,395
S01007946,1038,731,307
S01007947,1097,873,224
S01007948,842,603,239
S01007949,1042,779,263
S01007950,1057,989,68
S01007951,937,633,304
S01007952,821,422,399
S01007953,1085,811,274
S01007954,814,542,272
S01007955,1264,1235,29
S01007956,1015,997,18
S01007957,1229,994,235
S01007958,1029,544,485
S01007959,1426,1218,208
S01007960,644,552,92
S01007961,1142,1056,86
S01007962,1077,907,170
S01007963,1119,733,386
S01007964,868,737,131
S01007965,823,476,347
S01007966,1023,923,100
S01007967,902,801,101
S01007968,1117,985,132
S01007969,869,655,214
S01007970,1115,889,226
S01007971,1110,817,293
S01007972,1208,1087,121
S01007973,1077,1018,59
S01007974,1043,407,636
S01007975,730,593,137
S01007976,999,374,625
S01007977,558,431,127
S01007978,860,327,533
S01007979,793,626,167
S01007980,816,625,191
S01007981,843,788,55
S01007982,755,578,177
S01007983,1523,1213,310
S01007984,939,801,138
S01007985,950,699,251
S01007986,600,595,5
S01007987,1166,1081,85
S01007988,973,934,39
S01007989,828,817,11
S01007990,1231,1103,128
S01007991,697,693,4
S01007992,725,724,1
S01007993,1033,1028,5
S01007994,338,338,0
S01007995,794,781,13
S01007996,383,373,10
S01007997,798,782,16
S01007998,661,516,145
S01007999,889,808,81
S01008000,927,838,89
S01008001,958,805,153
S01008002,1138,919,219
S01008003,700,590,110
S01008004,127,102,25
S01008005,100,74,26
S01008006,619,462,157
S01008007,684,380,304
S01008008,562,454,108
S01008009,808,450,358
S01008010,1112,678,434
S01008011,703,161,542
S01008012,819,261,558
S01008013,694,297,397
S01008014,779,483,296
S01008015,846,281,565
S01008016,825,255,570
S01008017,951,930,21
S01008018,973,823,150
S01008019,1020,737,283
S01008020,898,511,387
S01008021,691,610,81
S01008022,902,885,17
S01008023,1027,1001,26
S01008024,170,164,6
S01008025,929,903,26
S01008026,1245,871,374
S01008027,934,569,365
S01008028,358,286,72
S01008029,1086,987,99
S01008030,1018,906,112
S01008031,1088,841,247
S01008032,1289,1207,82
S01008033,1280,1250,30
S01008034,1207,1133,74
S01008035,1073,989,84
S01008036,705,695,10
S01008037,1519,1338,181
S01008038,1103,980,123
S01008039,1066,882,184
S01008040,814,795,19
S01008041,989,652,337
S01008042,913,688,225
S01008043,1188,1085,103
S01008044,1211,959,252
S01008045,1229,985,244
S01008046,1240,574,666
S01008047,729,710,19
S01008048,713,710,3
S01008049,1003,937,66
S01008050,680,626,54
S01008051,1280,1271,9
S01008052,855,847,8
S01008053,886,733,153
S01008054,766,507,259
S01008055,906,899,7
S01008056,1210,1087,123
S01008057,1337,1163,174
S01008058,962,882,80
S01008059,770,765,5
S01008060,1885,1854,31
S01008061,899,792,107
S01008062,1110,1099,11
S01008063,998,938,60
S01008064,1077,758,319
S01008065,1308,1216,92
S01008066,1100,1030,70
S01008067,640,562,78
S01008068,1265,1252,13
S01008069,1222,1107,115
S01008070,1248,1230,18
S01008071,1035,1018,17
S01008072,819,665,154
S01008073,478,425,53
S01008074,986,976,10
S01008075,620,617,3
S01008076,999,730,269
S01008077,1094,907,187
S01008078,832,737,95
S01008079,918,918,0
S01008080,817,790,27
S01008081,693,565,128
S01008082,1024,961,63
S01008083,895,890,5
S01008084,939,851,88
S01008085,1286,1272,14
S01008086,1229,1108,121
S01008087,1218,1210,8
S01008088,974,902,72
S01008089,1066,1061,5
S01008090,798,726,72
S01008091,597,583,14
S01008092,1087,1081,6
S01008093,891,863,28
S01008094,764,742,22
S01008095,1055,1014,41
S01008096,829,786,43
S01008097,805,758,47
S01008098,784,773,11
S01008099,498,492,6
S01008100,1090,961,129
S01008101,1131,907,224
S01008102,733,668,65
S01008103,682,323,359
S01008104,1165,920,245
S01008105,1225,964,261
S01008106,983,751,232
S01008107,576,497,79
S01008108,1059,1038,21
S01008109,1027,1027,0
S01008110,994,945,49
S01008111,974,899,75
S01008112,1061,1055,6
S01008113,1020,1000,20
S01008114,950,950,0
S01008115,1015,956,59
S01008116,1349,1330,19
S01008117,876,858,18
S01008118,1483,1417,66
S01008119,792,708,84
S01008120,717,540,177
S01008121,695,678,17
S01008122,1209,1022,187
S01008123,1066,940,126
S01008124,1072,1069,3
S01008125,1234,1069,165
S01008126,1028,1024,4
S01008127,532,532,0
S01008128,1181,1113,68
S01008129,949,655,294
S01008130,977,513,464
S01008131,762,358,404
S01008132,1107,1081,26
S01008133,787,506,281
S01008134,696,252,444
S01008135,1337,839,498
S01008136,1462,708,754
S01008137,1235,637,598
S01008138,915,646,269
S01008139,1272,1003,269
S01008140,953,569,384
S01008141,1234,1224,10
S01008142,1092,1088,4
S01008143,1341,1071,270
S01008144,1210,1193,17
S01008145,1158,847,311
S01008146,782,448,334
S01008147,961,952,9
S01008148,1023,932,91
S01008149,956,796,160
S01008150,1338,1027,311
S01008151,1025,796,229
S01008152,1214,1061,153
S01008153,814,741,73
S01008154,1067,988,79
S01008155,927,880,47
S01008156,1097,933,164
S01008157,1056,971,85
S01008158,1113,1040,73
S01008159,1181,825,356
S01008160,978,787,191
S01008161,965,881,84
S01008162,1252,1059,193
S01008163,923,661,262
S01008164,669,370,299
S01008165,268,253,15
S01008166,731,700,31
S01008167,1020,793,227
S01008168,1046,861,185
S01008169,773,712,61
S01008170,699,615,84
S01008171,949,546,403
S01008172,582,574,8
S01008173,791,779,12
S01008174,581,543,38
S01008175,780,461,319
S01008176,838,567,271
S01008177,846,424,422
S01008178,729,682,47
S01008179,420,420,0
S01008180,518,506,12
S01008181,637,598,39
S01008182,1186,379,807
S01008183,1118,520,598
S01008184,862,203,659
S01008185,1216,256,960
S01008186,821,270,551
S01008187,591,274,317
S01008188,1470,419,1051
S01008189,1014,795,219
S01008190,1060,883,177
S01008191,862,764,98
S01008192,1073,638,435
S01008193,901,669,232
S01008194,578,352,226
S01008195,1153,609,544
S01008196,901,658,243
S01008197,281,264,17
S01008198,723,641,82
S01008199,861,822,39
S01008200,935,796,139
S01008201,1302,965,337
S01008202,790,672,118
S01008203,548,187,361
S01008204,1028,914,114
S01008205,845,830,15
S01008206,1088,973,115
S01008207,771,706,65
S01008208,400,392,8
S01008209,194,120,74
S01008210,1354,935,419
S01008211,990,697,293
S01008212,734,729,5
S01008213,831,823,8
S01008214,801,684,117
S01008215,1114,1046,68
S01008216,883,857,26
S01008217,700,656,44
S01008218,560,531,29
S01008219,1009,732,277
S01008220,682,620,62
S01008221,848,379,469
S01008222,735,516,219
S01008223,589,510,79
S01008224,962,936,26
S01008225,852,822,30
S01008226,823,685,138
S01008227,947,849,98
S01008228,592,469,123
S01008229,843,830,13
S01008230,536,521,15
S01008231,96,94,2
S01008232,295,295,0
S01008233,373,366,7
S01008234,731,717,14
S01008235,937,913,24
S01008236,1105,960,145
S01008237,921,885,36
S01008238,988,953,35
S01008239,607,587,20
S01008240,1449,1414,35
S01008241,1092,1075,17
S01008242,1278,1252,26
S01008243,810,796,14
S01008244,826,741,85
S01008245,1173,1133,40
S01008246,1285,1233,52
S01008247,865,854,11
S01008248,1210,1164,46
S01008249,791,759,32
S01008250,865,833,32
S01008251,881,867,14
S01008252,1102,1020,82
S01008253,782,731,51
S01008254,1290,1140,150
S01008255,1123,1080,43
S01008256,1145,789,356
S01008257,815,532,283
S01008258,1190,1059,131
S01008259,1079,711,368
S01008260,884,741,143
S01008261,1170,1153,17
S01008262,813,795,18
S01008263,434,302,132
S01008264,591,563,28
S01008265,645,609,36
S01008266,770,713,57
S01008267,648,618,30
S01008268,632,376,256
S01008269,950,795,155
S01008270,1043,631,412
S01008271,738,240,498
S01008272,925,769,156
S01008273,988,837,151
S01008274,969,729,240
S01008275,771,501,270
S01008276,702,659,43
S01008277,693,674,19
S01008278,816,802,14
S01008279,762,651,111
S01008280,1244,1039,205
S01008281,860,832,28
S01008282,638,620,18
S01008283,429,411,18
S01008284,677,667,10
S01008285,759,457,302
S01008286,1371,1241,130
S01008287,927,740,187
S01008288,1008,682,326
S01008289,779,367,412
S01008290,923,471,452
S01008291,1142,986,156
S01008292,647,622,25
S01008293,215,197,18
S01008294,385,378,7
S01008295,1193,1112,81
S01008296,713,596,117
S01008297,608,473,135
S01008298,1200,1050,150
S01008299,1078,727,351
S01008300,911,694,217
S01008301,1140,1100,40
S01008302,844,836,8
S01008303,783,412,371
S01008304,542,421,121
S01008305,874,851,23
S01008306,679,659,20
S01008307,760,720,40
S01008308,642,641,1
S01008309,873,344,529
S01008310,963,671,292
S01008311,620,400,220
S01008312,604,380,224
S01008313,1015,667,348
S01008314,885,319,566
S01008315,670,135,535
S01008316,918,796,122
S01008317,531,444,87
S01008318,1394,1319,75
S01008319,642,342,300
S01008320,731,605,126
S01008321,801,788,13
S01008322,1637,1181,456
S01008323,934,684,250
S01008324,650,573,77
S01008325,1212,1019,193
S01008326,1053,757,296
S01008327,1141,1009,132
S01008328,918,903,15
S01008329,1157,1151,6
S01008330,1168,1159,9
S01008331,752,681,71
S01008332,1025,879,146
S01008333,1040,901,139
S01008334,791,586,205
S01008335,892,585,307
S01008336,875,645,230
S01008337,545,485,60
S01008338,770,764,6
S01008339,590,588,2
S01008340,870,841,29
S01008341,666,666,0
S01008342,1094,1013,81
S01008343,1103,1010,93
S01008344,709,642,67
S01008345,1270,1146,124
S01008346,1062,1055,7
S01008347,1241,830,411
S01008348,1007,782,225
S01008349,1040,891,149
S01008350,821,762,59
S01008351,1119,1043,76
S01008352,886,859,27
S01008353,408,359,49
S01008354,823,808,15
S01008355,1165,987,178
S01008356,911,855,56
S01008357,883,759,124
S01008358,916,811,105
S01008359,813,732,81
S01008360,1105,1035,70
S01008361,830,802,28
S01008362,1045,966,79
S01008363,844,818,26
S01008364,815,693,122
S01008365,1045,972,73
S01008366,969,756,213
S01008367,906,544,362
S01008368,829,645,184
S01008369,847,735,112
S01008370,663,427,236
S01008371,879,871,8
S01008372,890,883,7
S01008373,1181,1167,14
S01008374,865,801,64
S01008375,784,776,8
S01008376,579,468,111
S01008377,928,762,166
S01008378,978,915,63
S01008379,527,525,2
S01008380,662,654,8
S01008381,1080,1072,8
S01008382,923,919,4
S01008383,648,630,18
S01008384,970,967,3
S01008385,635,630,5
S01008386,994,984,10
S01008387,868,861,7
S01008388,628,620,8
S01008389,727,521,206
S01008390,754,751,3
S01008391,766,541,225
S01008392,914,849,65
S01008393,829,700,129
S01008394,1132,1087,45
S01008395,854,802,52
S01008396,906,692,214
S01008397,1052,1049,3
S01008398,959,870,89
S01008399,714,391,323
S01008400,1109,1046,63
S01008401,1227,1087,140
S01008402,998,876,122
S01008403,951,858,93
S01008404,1087,1017,70
S01008405,960,858,102
S01008406,1202,921,281
S01008407,516,352,164
S01008408,749,693,56
S01008409,1020,721,299
S01008410,815,739,76
S01008411,1123,865,258
S01008412,646,569,77
S01008413,557,435,122
S01008414,684,681,3
S01008415,1027,863,164
S01008416,1184,725,459
S01008417,748,628,120
S01008418,762,557,205
S01008419,512,379,133
S01008420,624,562,62
S01008421,796,654,142
S01008422,959,850,109
S01008423,955,906,49
S01008424,1195,1175,20
S01008425,1188,1172,16
S01008426,1213,1142,71
S01008427,1349,1340,9
S01008428,928,800,128
S01008429,926,875,51
S01008430,1151,1008,143
S01008431,1089,955,134
S01008432,1167,1061,106
S01008433,916,891,25
S01008434,1175,1164,11
S01008435,1187,1174,13
S01008436,910,750,160
S01008437,862,527,335
S01008438,714,589,125
S01008439,1076,1017,59
S01008440,1176,1048,128
S01008441,856,835,21
S01008442,568,495,73
S01008443,616,555,61
S01008444,802,678,124
S01008445,987,735,252
S01008446,1428,1122,306
S01008447,704,613,91
S01008448,788,780,8
S01008449,637,356,281
S01008450,396,107,289
S01008451,1054,494,560
S01008452,813,87,726
S01008453,555,64,491
S01008454,1318,819,499
S01008455,1208,148,1060
S01008456,1024,27,997
S01008457,966,205,761
S01008458,843,474,369
S01008459,805,115,690
S01008460,1135,176,959
S01008461,943,135,808
S01008462,671,354,317
S01008463,928,213,715
S01008464,991,384,607
S01008465,1019,490,529
S01008466,918,418,500
S01008467,879,454,425
S01008468,1016,599,417
S01008469,574,413,161
S01008470,992,606,386
S01008471,838,170,668
S01008472,707,408,299
S01008473,724,358,366
S01008474,861,173,688
S01008475,818,267,551
S01008476,769,148,621
S01008477,1151,161,990
S01008478,928,175,753
S01008479,1134,376,758
S01008480,467,336,131
S01008481,983,872,111
S01008482,857,563,294
S01008483,907,353,554
S01008484,980,732,248
S01008485,1166,923,243
S01008486,900,602,298
S01008487,498,310,188
S01008488,775,120,655
S01008489,962,274,688
S01008490,1169,217,952
S01008491,756,65,691
S01008492,524,47,477
S01008493,863,255,608
S01008494,796,71,725
S01008495,989,26,963
S01008496,1113,18,1095
S01008497,900,84,816
S01008498,753,47,706
S01008499,1006,34,972
S01008500,326,6,320
S01008501,569,97,472
S01008502,633,25,608
S01008503,876,243,633
S01008504,1397,648,749
S01008505,1029,362,667
S01008506,1029,274,755
S01008507,845,214,631
S01008508,1085,731,354
S01008509,995,683,312
S01008510,845,729,116
S01008511,1015,880,135
S01008512,1073,1044,29
S01008513,760,730,30
S01008514,778,497,281
S01008515,975,748,227
S01008516,1316,213,1103
S01008517,963,103,860
S01008518,1197,688,509
S01008519,1129,846,283
S01008520,1245,1060,185
S01008521,880,870,10
S01008522,637,451,186
S01008523,294,276,18
S01008524,1207,350,857
S01008525,971,353,618
S01008526,898,396,502
S01008527,784,310,474
S01008528,740,294,446
S01008529,874,589,285
S01008530,1087,278,809
S01008531,1007,213,794
S01008532,702,555,147
S01008533,524,501,23
S01008534,920,869,51
S01008535,715,707,8
S01008536,726,638,88
S01008537,716,706,10
S01008538,655,646,9
S01008539,1148,1003,145
S01008540,1029,986,43
S01008541,1053,1034,19
S01008542,1240,1224,16
S01008543,1082,1059,23
S01008544,680,669,11
S01008545,782,772,10
S01008546,909,900,9
S01008547,1194,1155,39
S01008548,1075,866,209
S01008549,1260,1081,179
S01008550,1063,927,136
S01008551,999,757,242
S01008552,1163,1074,89
S01008553,787,699,88
S01008554,1002,910,92
S01008555,1013,325,688
S01008556,1126,660,466
S01008557,843,441,402
S01008558,921,526,395
S01008559,819,758,61
S01008560,807,690,117
S01008561,937,866,71
S01008562,798,365,433
S01008563,1244,672,572
S01008564,1046,964,82
S01008565,983,668,315
S01008566,1046,975,71
S01008567,705,620,85
S01008568,883,832,51
S01008569,782,109,673
S01008570,973,658,315
S01008571,879,656,223
S01008572,888,717,171
S01008573,888,815,73
S01008574,979,919,60
S01008575,840,728,112
S01008576,1020,741,279
S01008577,1101,936,165
S01008578,946,878,68
S01008579,890,758,132
S01008580,884,775,109
S01008581,1113,658,455
S01008582,1434,1010,424
S01008583,902,578,324
S01008584,1216,799,417
S01008585,954,642,312
S01008586,936,685,251
S01008587,830,605,225
S01008588,1046,671,375
S01008589,380,236,144
S01008590,565,175,390
S01008591,1001,439,562
S01008592,947,547,400
S01008593,880,605,275
S01008594,729,353,376
S01008595,1075,463,612
S01008596,970,218,752
S01008597,1093,814,279
S01008598,1138,419,719
S01008599,970,431,539
S01008600,1080,460,620
S01008601,857,144,713
S01008602,564,37,527
S01008603,1011,20,991
S01008604,973,318,655
S01008605,825,178,647
S01008606,1009,573,436
S01008607,573,362,211
S01008608,746,297,449
S01008609,1011,511,500
S01008610,1185,283,902
S01008611,1230,207,1023
S01008612,717,35,682
S01008613,1044,305,739
S01008614,914,50,864
S01008615,840,79,761
S01008616,860,55,805
S01008617,975,64,911
S01008618,748,35,713
S01008619,514,1,513
S01008620,788,31,757
S01008621,870,17,853
S01008622,962,21,941
S01008623,1091,109,982
S01008624,631,279,352
S01008625,584,488,96
S01008626,1086,466,620
S01008627,770,523,247
S01008628,678,109,569
S01008629,954,143,811
S01008630,652,43,609
S01008631,879,78,801
S01008632,1117,222,895
S01008633,1055,446,609
S01008634,756,196,560
S01008635,768,135,633
S01008636,841,224,617
S01008637,646,131,515
S01008638,1232,183,1049
S01008639,1238,192,1046
S01008640,1186,153,1033
S01008641,1065,81,984
S01008642,985,155,830
S01008643,1030,299,731
S01008644,623,55,568
S01008645,1014,59,955
S01008646,1239,241,998
S01008647,668,71,597
S01008648,907,22,885
S01008649,1221,59,1162
S01008650,947,28,919
S01008651,837,30,807
S01008652,765,25,740
S01008653,711,42,669
S01008654,1137,24,1113
S01008655,687,63,624
S01008656,1034,35,999
S01008657,818,196,622
S01008658,1066,74,992
S01008659,1169,74,1095
S01008660,1098,36,1062
S01008661,1013,19,994
S01008662,964,17,947
S01008663,999,39,960
S01008664,959,33,926
S01008665,1091,96,995
S01008666,819,29,790
S01008667,937,60,877
S01008668,1001,53,948
S01008669,635,3,632
S01008670,1155,29,1126
S01008671,1183,24,1159
S01008672,605,36,569
S01008673,786,23,763
S01008674,797,45,752
S01008675,776,37,739
S01008676,876,53,823
S01008677,687,27,660
S01008678,1071,36,1035
S01008679,1015,51,964
S01008680,807,20,787
S01008681,964,45,919
S01008682,884,88,796
S01008683,1523,100,1423
S01008684,1108,129,979
S01008685,678,139,539
S01008686,1067,67,1000
S01008687,832,12,820
S01008688,818,97,721
S01008689,1248,252,996
S01008690,1017,280,737
S01008691,1237,40,1197
S01008692,1003,109,894
S01008693,606,445,161
S01008694,1299,278,1021
S01008695,980,363,617
S01008696,703,536,167
S01008697,867,795,72
S01008698,755,676,79
S01008699,1134,465,669
S01008700,678,442,236
S01008701,403,234,169
S01008702,244,110,134
S01008703,751,166,585
S01008704,905,549,356
S01008705,391,135,256
S01008706,756,456,300
S01008707,1100,755,345
S01008708,816,350,466
S01008709,1137,904,233
S01008710,357,303,54
S01008711,763,344,419
S01008712,1142,849,293
S01008713,703,137,566
S01008714,717,286,431
S01008715,818,580,238
S01008716,689,378,311
S01008717,560,538,22
S01008718,581,506,75
S01008719,1110,985,125
S01008720,565,468,97
S01008721,854,844,10
S01008722,1071,878,193
S01008723,717,710,7
S01008724,960,819,141
S01008725,784,461,323
S01008726,1134,694,440
S01008727,1150,533,617
S01008728,503,127,376
S01008729,828,452,376
S01008730,1043,360,683
S01008731,558,357,201
S01008732,816,238,578
S01008733,851,178,673
S01008734,850,491,359
S01008735,1174,1090,84
S01008736,705,668,37
S01008737,775,745,30
S01008738,876,870,6
S01008739,634,477,157
S01008740,833,807,26
S01008741,1192,1116,76
S01008742,763,510,253
S01008743,1119,289,830
S01008744,1058,522,536
S01008745,539,247,292
S01008746,1133,170,963
S01008747,593,448,145
S01008748,1072,1021,51
S01008749,1181,1130,51
S01008750,796,762,34
S01008751,1135,475,660
S01008752,1020,169,851
S01008753,707,175,532
S01008754,728,78,650
S01008755,848,150,698
S01008756,827,106,721
S01008757,714,79,635
S01008758,1013,286,727
S01008759,716,344,372
S01008760,1327,608,719
S01008761,589,168,421
S01008762,584,395,189
S01008763,901,693,208
S01008764,713,483,230
S01008765,1298,729,569
S01008766,1374,839,535
S01008767,883,575,308
S01008768,617,133,484
S01008769,217,3,214
S01008770,76,0,76
S01008771,76,0,76
S01008772,1087,387,700
S01008773,920,229,691
S01008774,845,296,549
S01008775,586,265,321
S01008776,1272,191,1081
S01008777,898,99,799
S01008778,597,4,593
S01008779,372,71,301
S01008780,352,15,337
S01008781,320,8,312
S01008782,510,37,473
S01008783,325,9,316
S01008784,554,4,550
S01008785,846,12,834
S01008786,873,44,829
S01008787,562,18,544
S01008788,405,0,405
S01008789,641,260,381
S01008790,679,15,664
S01008791,392,205,187
S01008792,989,273,716
S01008793,859,48,811
S01008794,825,57,768
S01008795,1009,18,991
S01008796,1014,28,986
S01008797,941,40,901
S01008798,946,50,896
S01008799,233,13,220
S01008800,818,23,795
S01008801,848,16,832
S01008802,1072,46,1026
S01008803,1101,94,1007
S01008804,615,32,583
S01008805,619,53,566
S01008806,738,84,654
S01008807,1013,107,906
S01008808,732,42,690
S01008809,835,214,621
S01008810,1031,87,944
S01008811,780,106,674
S01008812,896,92,804
S01008813,787,300,487
S01008814,1196,337,859
S01008815,1102,265,837
S01008816,243,78,165
S01008817,664,91,573
S01008818,991,417,574
S01008819,956,197,759
S01008820,1183,122,1061
S01008821,826,541,285
S01008822,845,549,296
S01008823,818,373,445
S01008824,1239,474,765
S01008825,631,279,352
S01008826,689,161,528
S01008827,1011,601,410
S01008828,972,564,408
S01008829,1093,762,331
S01008830,1293,731,562
S01008831,1056,783,273
S01008832,537,226,311
S01008833,1063,305,758
S01008834,1195,637,558
S01008835,1040,577,463
S01008836,536,40,496
S01008837,952,81,871
S01008838,968,241,727
S01008839,1136,290,846
S01008840,1037,402,635
S01008841,441,123,318
S01008842,193,131,62
S01008843,714,69,645
S01008844,432,15,417
S01008845,688,55,633
S01008846,825,121,704
S01008847,701,54,647
S01008848,866,69,797
S01008849,971,108,863
S01008850,1319,155,1164
S01008851,1201,125,1076
S01008852,1178,164,1014
S01008853,557,38,519
S01008854,1028,71,957
S01008855,982,69,913
S01008856,658,14,644
S01008857,989,351,638
S01008858,1058,443,615
S01008859,909,74,835
S01008860,1299,181,1118
S01008861,1007,331,676
S01008862,1095,194,901
S01008863,823,149,674
S01008864,1131,228,903
S01008865,1079,40,1039
S01008866,1009,60,949
S01008867,925,73,852
S01008868,1049,85,964
S01008869,1111,115,996
S01008870,1051,312,739
S01008871,1274,120,1154
S01008872,1023,100,923
S01008873,802,520,282
S01008874,848,290,558
S01008875,1095,141,954
S01008876,735,461,274
S01008877,766,410,356
S01008878,1249,819,430
S01008879,872,472,400
S01008880,693,463,230
S01008881,611,374,237
S01008882,1176,829,347
S01008883,1059,775,284
S01008884,842,712,130
S01008885,968,912,56
S01008886,1098,572,526
S01008887,763,533,230
S01008888,668,137,531
S01008889,549,352,197
S01008890,834,816,18
S01008891,792,741,51
S01008892,1161,563,598
S01008893,1096,989,107
S01008894,1011,966,45
S01008895,695,634,61
S01008896,627,587,40
S01008897,902,733,169
S01008898,1018,840,178
S01008899,866,318,548
S01008900,907,560,347
S01008901,1038,565,473
S01008902,991,284,707
S01008903,1141,592,549
S01008904,1079,243,836
S01008905,1231,165,1066
S01008906,678,165,513
S01008907,779,363,416
S01008908,938,292,646
S01008909,1179,605,574
S01008910,763,392,371
S01008911,285,86,199
S01008912,902,595,307
S01008913,532,286,246
S01008914,1185,819,366
S01008915,630,465,165
S01008916,1332,385,947
S01008917,647,188,459
S01008918,632,55,577
S01008919,564,36,528
S01008920,225,82,143
S01008921,1007,178,829
S01008922,1304,491,813
S01008923,943,251,692
S01008924,994,615,379
S01008925,836,446,390
S01008926,368,163,205
S01008927,71,58,13
S01008928,423,281,142
S01008929,1507,299,1208
S01008930,1238,450,788
S01008931,859,427,432
S01008932,436,120,316
S01008933,655,458,197
S01008934,526,230,296
S01008935,1062,874,188
S01008936,661,607,54
S01008937,721,399,322
S01008938,1007,769,238
S01008939,841,709,132
S01008940,758,682,76
S01008941,644,530,114
S01008942,1248,1015,233
S01008943,776,747,29
S01008944,991,799,192
S01008945,1135,1073,62
S01008946,746,657,89
S01008947,1166,1026,140
S01008948,1031,666,365
S01008949,1337,1164,173
S01008950,1000,920,80
S01008951,1105,298,807
S01008952,1594,449,1145
S01008953,1180,780,400
S01008954,933,618,315
S01008955,888,772,116
S01008956,1374,1209,165
S01008957,1177,895,282
S01008958,744,389,355
S01008959,1051,832,219
S01008960,424,388,36
S01008961,1030,754,276
S01008962,744,673,71
S01008963,932,841,91
S01008964,773,743,30
S01008965,762,732,30
S01008966,934,898,36
S01008967,1134,1090,44
S01008968,1120,1111,9
S01008969,1050,844,206
S01008970,1123,924,199
S01008971,715,659,56
S01008972,1371,1060,311
S01008973,644,461,183
S01008974,865,468,397
S01008975,864,394,470
S01008976,715,603,112
S01008977,839,788,51
S01008978,724,365,359
S01008979,831,274,557
S01008980,792,274,518
S01008981,829,716,113
S01008982,928,271,657
S01008983,886,56,830
S01008984,519,191,328
S01008985,826,489,337
S01008986,956,933,23
S01008987,1062,1009,53
S01008988,760,509,251
S01008989,1059,840,219
S01008990,1218,752,466
S01008991,1251,1051,200
S01008992,447,236,211
S01008993,1069,866,203
S01008994,1002,922,80
S01008995,1074,966,108
S01008996,783,758,25
S01008997,902,866,36
S01008998,959,927,32
S01008999,1015,856,159
S01009000,1163,1100,63
S01009001,736,687,49
S01009002,777,678,99
S01009003,920,788,132
S01009004,894,833,61
S01009005,972,836,136
S01009006,1413,1192,221
S01009007,927,821,106
S01009008,983,627,356
S01009009,579,139,440
S01009010,1421,1334,87
S01009011,1338,1333,5
S01009012,993,982,11
S01009013,1155,1120,35
S01009014,794,773,21
S01009015,540,532,8
S01009016,560,540,20
S01009017,710,688,22
S01009018,775,753,22
S01009019,931,896,35
S01009020,931,898,33
S01009021,736,711,25
S01009022,912,871,41
S01009023,944,940,4
S01009024,1214,1155,59
S01009025,962,954,8
S01009026,1094,1080,14
S01009027,833,829,4
S01009028,596,582,14
S01009029,768,762,6
S01009030,994,988,6
S01009031,798,789,9
S01009032,629,626,3
S01009033,816,811,5
S01009034,644,642,2
S01009035,863,862,1
S01009036,871,865,6
S01009037,683,678,5
S01009038,915,902,13
S01009039,1102,1025,77
S01009040,820,636,184
S01009041,1012,731,281
S01009042,841,603,238
S01009043,1246,1044,202
S01009044,1054,911,143
S01009045,1099,1042,57
S01009046,782,768,14
S01009047,687,686,1
S01009048,745,745,0
S01009049,706,704,2
S01009050,844,675,169
S01009051,862,744,118
S01009052,907,762,145
S01009053,602,246,356
S01009054,713,665,48
S01009055,735,698,37
S01009056,604,523,81
S01009057,733,218,515
S01009058,895,646,249
S01009059,486,369,117
S01009060,369,291,78
S01009061,1021,1000,21
S01009062,990,865,125
S01009063,704,701,3
S01009064,728,654,74
S01009065,1154,562,592
S01009066,774,703,71
S01009067,480,466,14
S01009068,935,899,36
S01009069,920,900,20
S01009070,1014,903,111
S01009071,558,510,48
S01009072,344,307,37
S01009073,816,711,105
S01009074,1026,956,70
S01009075,709,614,95
S01009076,1217,943,274
S01009077,796,674,122
S01009078,386,304,82
S01009079,1153,836,317
S01009080,1489,1377,112
S01009081,989,911,78
S01009082,1067,891,176
S01009083,722,596,126
S01009084,886,675,211
S01009085,277,271,6
S01009086,709,525,184
S01009087,704,632,72
S01009088,1085,1023,62
S01009089,463,452,11
S01009090,154,152,2
S01009091,211,211,0
S01009092,991,809,182
S01009093,944,850,94
S01009094,923,892,31
S01009095,1259,942,317
S01009096,467,272,195
S01009097,909,762,147
S01009098,562,534,28
S01009099,889,649,240
S01009100,1253,827,426
S01009101,1088,1049,39
S01009102,1158,1038,120
S01009103,694,687,7
S01009104,839,650,189
S01009105,683,603,80
S01009106,851,754,97
S01009107,965,931,34
S01009108,951,818,133
S01009109,1109,1070,39
S01009110,881,837,44
S01009111,1140,1084,56
S01009112,620,611,9
S01009113,665,599,66
S01009114,791,742,49
S01009115,833,648,185
S01009116,900,814,86
S01009117,705,496,209
S01009118,661,660,1
S01009119,972,934,38
S01009120,746,664,82
S01009121,1056,563,493
S01009122,975,790,185
S01009123,340,329,11
S01009124,559,510,49
S01009125,784,664,120
S01009126,739,438,301
S01009127,595,401,194
S01009128,1011,289,722
S01009129,683,360,323
S01009130,430,178,252
S01009131,878,279,599
S01009132,939,727,212
S01009133,762,350,412
S01009134,1024,709,315
S01009135,619,427,192
S01009136,215,116,99
S01009137,189,166,23
S01009138,995,739,256
S01009139,675,173,502
S01009140,670,315,355
S01009141,572,156,416
S01009142,659,249,410
S01009143,553,218,335
S01009144,691,460,231
S01009145,1193,788,405
S01009146,1050,643,407
S01009147,995,627,368
S01009148,799,681,118
S01009149,563,297,266
S01009150,724,25,699
S01009151,679,409,270
S01009152,805,92,713
S01009153,735,313,422
S01009154,746,596,150
S01009155,545,398,147
S01009156,846,732,114
S01009157,981,920,61
S01009158,890,668,222
S01009159,687,440,247
S01009160,555,272,283
S01009161,887,250,637
S01009162,712,234,478
S01009163,514,309,205
S01009164,1057,1043,14
S01009165,739,448,291
S01009166,962,635,327
S01009167,826,773,53
S01009168,998,935,63
S01009169,890,476,414
S01009170,679,597,82
S01009171,845,646,199
S01009172,721,661,60
S01009173,883,846,37
S01009174,88,88,0
S01009175,987,978,9
S01009176,876,864,12
S01009177,895,737,158
S01009178,883,712,171
S01009179,986,900,86
S01009180,1010,763,247
S01009181,1216,1113,103
S01009182,1184,1133,51
S01009183,1124,1102,22
S01009184,1225,988,237
S01009185,1118,983,135
S01009186,893,800,93
S01009187,840,806,34
S01009188,1079,984,95
S01009189,1097,930,167
S01009190,536,511,25
S01009191,189,189,0
S01009192,658,614,44
S01009193,380,325,55
S01009194,947,940,7
S01009195,614,555,59
S01009196,754,667,87
S01009197,963,928,35
S01009198,863,746,117
S01009199,736,721,15
S01009200,908,756,152
S01009201,770,714,56
S01009202,597,584,13
S01009203,666,540,126
S01009204,1065,949,116
S01009205,1291,1056,235
S01009206,1138,930,208
S01009207,968,895,73
S01009208,722,621,101
S01009209,1055,868,187
S01009210,874,634,240
S01009211,785,631,154
S01009212,947,838,109
S01009213,790,640,150
S01009214,1223,1125,98
S01009215,1155,778,377
S01009216,1138,1007,131
S01009217,796,546,250
S01009218,1216,972,244
S01009219,679,510,169
S01009220,629,240,389
S01009221,599,444,155
S01009222,710,507,203
S01009223,510,451,59
S01009224,975,304,671
S01009225,812,487,325
S01009226,1198,194,1004
S01009227,686,254,432
S01009228,797,321,476
S01009229,915,512,403
S01009230,898,443,455
S01009231,1022,527,495
S01009232,700,240,460
S01009233,796,738,58
S01009234,1049,501,548
S01009235,847,437,410
S01009236,712,452,260
S01009237,722,589,133
S01009238,1075,818,257
S01009239,913,470,443
S01009240,701,227,474
S01009241,1013,494,519
S01009242,986,864,122
S01009243,1298,1265,33
S01009244,876,842,34
S01009245,892,826,66
S01009246,1058,963,95
S01009247,1246,1161,85
S01009248,799,760,39
S01009249,1133,726,407
S01009250,793,749,44
S01009251,627,612,15
S01009252,477,477,0
S01009253,741,581,160
S01009254,1026,579,447
S01009255,641,212,429
S01009256,627,429,198
S01009257,537,328,209
S01009258,792,719,73
S01009259,787,711,76
S01009260,1128,850,278
S01009261,840,522,318
S01009262,814,609,205
S01009263,431,373,58
S01009264,818,705,113
S01009265,755,539,216
S01009266,1051,962,89
S01009267,743,575,168
S01009268,724,450,274
S01009269,1180,981,199
S01009270,764,522,242
S01009271,916,912,4
S01009272,949,877,72
S01009273,861,834,27
S01009274,909,867,42
S01009275,616,439,177
S01009276,1062,1026,36
S01009277,746,708,38
S01009278,389,342,47
S01009279,591,442,149
S01009280,939,855,84
S01009281,899,603,296
S01009282,948,695,253
S01009283,602,495,107
S01009284,805,786,19
S01009285,961,847,114
S01009286,972,890,82
S01009287,888,792,96
S01009288,869,802,67
S01009289,929,876,53
S01009290,673,670,3
S01009291,1204,1193,11
S01009292,531,416,115
S01009293,661,388,273
S01009294,650,557,93
S01009295,830,820,10
S01009296,949,824,125
S01009297,1004,901,103
S01009298,1208,653,555
S01009299,1008,518,490
S01009300,611,256,355
S01009301,1057,283,774
S01009302,965,211,754
S01009303,773,623,150
S01009304,1301,980,321
S01009305,951,491,460
S01009306,1111,418,693
S01009307,1185,411,774
S01009308,809,196,613
S01009309,598,286,312
S01009310,927,826,101
S01009311,1033,1003,30
S01009312,1002,545,457
S01009313,683,473,210
S01009314,988,822,166
S01009315,697,510,187
S01009316,910,786,124
S01009317,1030,984,46
S01009318,1052,1022,30
S01009319,1006,956,50
S01009320,881,827,54
S01009321,558,546,12
S01009322,710,670,40
S01009323,955,731,224
S01009324,652,400,252
S01009325,546,524,22
S01009326,249,242,7
S01009327,675,596,79
S01009328,102,102,0
S01009330,157,70,87
S01009331,250,250,0
S01009332,765,743,22
S01009333,995,521,474
S01009334,647,452,195
S01009335,865,762,103
S01009336,616,282,334
S01009337,981,614,367
S01009338,778,502,276
S01009339,1011,778,233
S01009340,1066,921,145
S01009341,1067,1019,48
S01009342,954,903,51
S01009343,596,584,12
S01009344,785,661,124
S01009345,1287,1258,29
S01009346,164,164,0
S01009347,293,236,57
S01009348,239,225,14
S01009349,126,124,2
S01009350,186,181,5
S01009351,75,61,14
S01009352,76,76,0
S01009353,397,397,0
S01009354,290,288,2
S01009355,1010,1004,6
S01009356,1059,1036,23
S01009357,482,451,31
S01009358,334,330,4
S01009359,255,253,2
S01009360,816,749,67
S01009361,891,862,29
S01009362,1239,1208,31
S01009363,1044,873,171
S01009364,854,818,36
S01009365,733,534,199
S01009366,925,747,178
S01009367,801,743,58
S01009368,834,810,24
S01009369,1054,999,55
S01009370,915,658,257
S01009371,551,537,14
S01009372,653,645,8
S01009373,976,698,278
S01009374,915,759,156
S01009375,777,733,44
S01009376,920,785,135
S01009377,782,552,230
S01009378,1092,864,228
S01009379,221,218,3
S01009380,684,584,100
S01009381,692,652,40
S01009382,1322,931,391
S01009383,987,663,324
S01009384,579,511,68
S01009385,758,602,156
S01009386,1126,804,322
S01009387,986,741,245
S01009388,1208,251,957
S01009389,948,641,307
S01009390,783,730,53
S01009391,828,818,10
S01009392,521,513,8
S01009393,831,794,37
S01009394,753,510,243
S01009395,1133,1092,41
S01009396,779,744,35
S01009397,741,667,74
S01009398,1167,1116,51
S01009399,1128,1121,7
S01009400,1002,992,10
S01009401,1060,1055,5
S01009402,846,844,2
S01009403,844,836,8
S01009404,718,379,339
S01009405,752,574,178
S01009406,989,741,248
S01009407,492,430,62
S01009408,490,404,86
S01009409,911,785,126
S01009410,906,765,141
S01009411,1440,1300,140
S01009412,922,709,213
S01009413,1302,1157,145
S01009414,835,792,43
S01009415,1105,687,418
S01009416,665,665,0
S01009417,400,385,15
S01009418,1196,911,285
S01009419,1026,930,96
S01009420,829,588,241
S01009421,709,408,301
S01009422,1156,1009,147
S01009423,264,253,11
S01009424,701,611,90
S01009425,853,604,249
S01009426,1053,431,622
S01009427,616,254,362
S01009428,624,524,100
S01009429,924,706,218
S01009430,728,586,142
S01009431,998,716,282
S01009432,1159,1068,91
S01009433,924,849,75
S01009434,575,543,32
S01009435,1072,991,81
S01009436,615,270,345
S01009437,915,617,298
S01009438,1120,955,165
S01009439,1192,1077,115
S01009440,909,804,105
S01009441,940,850,90
S01009442,704,623,81
S01009443,895,796,99
S01009444,801,796,5
S01009445,1033,954,79
S01009446,985,549,436
S01009447,782,559,223
S01009448,651,515,136
S01009449,707,636,71
S01009450,697,482,215
S01009451,1255,750,505
S01009452,861,421,440
S01009453,1010,629,381
S01009454,1125,905,220
S01009455,1387,1090,297
S01009456,877,665,212
S01009457,769,704,65
S01009458,623,350,273
S01009459,961,414,547
S01009460,793,258,535
S01009461,172,140,32
S01009462,673,601,72
S01009463,1116,919,197
S01009464,897,689,208
S01009465,639,556,83
S01009466,838,631,207
S01009467,834,704,130
S01009468,725,312,413
S01009469,779,606,173
S01009470,854,647,207
S01009471,797,135,662
S01009472,1151,574,577
S01009473,776,174,602
S01009474,781,412,369
S01009475,203,203,0
S01009476,435,386,49
S01009477,1029,434,595
S01009478,906,383,523
S01009479,875,397,478
S01009480,1061,678,383
S01009481,865,404,461
S01009482,610,177,433
S01009483,743,296,447
S01009484,1195,611,584
S01009485,790,476,314
S01009486,746,451,295
S01009487,1226,874,352
S01009488,978,964,14
S01009489,836,493,343
S01009490,891,367,524
S01009491,624,573,51
S01009492,943,878,65
S01009493,1224,1150,74
S01009494,1255,1206,49
S01009495,941,916,25
S01009496,849,750,99
S01009497,1089,1019,70
S01009498,662,662,0
S01009499,834,726,108
S01009500,869,593,276
S01009501,810,694,116
S01009502,1078,936,142
S01009503,1068,1034,34
S01009504,888,651,237
S01009505,920,605,315
S01009506,1189,860,329
S01009507,789,680,109
S01009508,1181,858,323
S01009509,1048,736,312
S01009510,888,888,0
S01009511,1020,1019,1
S01009512,1089,1083,6
S01009513,863,857,6
S01009514,960,954,6
S01009515,869,668,201
S01009516,1144,1076,68
S01009517,81,81,0
S01009518,267,267,0
S01009519,777,705,72
S01009520,972,892,80
S01009521,859,730,129
S01009522,985,825,160
S01009523,893,355,538
S01009524,776,296,480
S01009525,595,218,377
S01009526,336,140,196
S01009527,774,263,511
S01009528,730,136,594
S01009529,1127,747,380
S01009530,860,801,59
S01009531,1094,709,385
S01009532,1059,649,410
S01009533,876,315,561
S01009534,751,290,461
S01009535,896,337,559
S01009536,553,237,316
S01009537,604,260,344
S01009538,977,329,648
S01009539,1091,863,228
S01009540,1080,475,605
S01009541,1114,987,127
S01009542,879,524,355
S01009543,849,666,183
S01009544,931,779,152
S01009545,800,701,99
S01009546,727,531,196
S01009547,828,585,243
S01009548,1010,799,211
S01009549,1066,906,160
S01009550,669,661,8
S01009551,728,726,2
S01009552,1307,1188,119
S01009553,1126,805,321
S01009554,863,537,326
S01009555,939,708,231
S01009556,1075,821,254
S01009557,1019,933,86
S01009558,752,695,57
S01009559,1302,1201,101
S01009560,861,642,219
S01009561,783,543,240
S01009562,1133,1123,10
S01009563,937,829,108
S01009564,719,669,50
S01009565,637,598,39
S01009566,1098,1022,76
S01009567,1076,922,154
S01009568,939,923,16
S01009569,1080,1055,25
S01009570,636,550,86
S01009571,777,565,212
S01009572,1066,760,306
S01009573,754,621,133
S01009574,1058,906,152
S01009575,864,837,27
S01009576,670,657,13
S01009577,883,878,5
S01009578,1130,1028,102
S01009579,321,280,41
S01009580,626,561,65
S01009581,810,773,37
S01009582,578,561,17
S01009583,853,818,35
S01009584,353,344,9
S01009585,1320,1307,13
S01009586,1110,1067,43
S01009587,951,784,167
S01009588,1040,946,94
S01009589,1184,1160,24
S01009590,520,512,8
S01009591,886,831,55
S01009592,813,751,62
S01009593,634,634,0
S01009594,670,657,13
S01009595,405,368,37
S01009596,1125,1079,46
S01009597,1193,1144,49
S01009598,778,682,96
S01009599,1292,1253,39
S01009600,1049,881,168
S01009601,938,848,90
S01009602,713,712,1
S01009603,833,799,34
S01009604,834,802,32
S01009605,1020,931,89
S01009606,225,218,7
S01009607,506,502,4
S01009608,610,362,248
S01009609,998,812,186
S01009610,1056,722,334
S01009611,478,463,15
S01009612,569,444,125
S01009613,523,498,25
S01009614,631,558,73
S01009615,629,558,71
S01009616,1169,929,240
S01009617,766,689,77
S01009618,1013,630,383
S01009619,737,474,263
S01009620,972,542,430
S01009621,957,592,365
S01009622,953,374,579
S01009623,843,645,198
S01009624,1008,918,90
S01009625,1243,1181,62
S01009626,842,705,137
S01009627,978,744,234
S01009628,619,532,87
S01009629,1176,1006,170
S01009630,851,724,127
S01009631,814,446,368
S01009632,722,220,502
S01009633,747,260,487
S01009634,781,493,288
S01009635,1315,846,469
S01009636,974,289,685
S01009637,870,523,347
S01009638,719,357,362
S01009639,956,789,167
S01009640,749,461,288
S01009641,843,400,443
S01009642,1036,578,458
S01009643,163,163,0
S01009644,603,545,58
S01009645,920,641,279
S01009646,773,677,96
S01009647,641,283,358
S01009648,1197,1016,181
S01009649,1079,774,305
S01009650,787,775,12
S01009651,968,895,73
S01009652,1108,897,211
S01009653,842,816,26
S01009654,596,472,124
S01009655,1044,1025,19
S01009656,875,672,203
S01009657,922,852,70
S01009658,1013,963,50
S01009659,705,478,227
S01009660,941,865,76
S01009661,836,811,25
S01009662,849,806,43
S01009663,773,708,65
S01009664,1060,966,94
S01009665,1230,1045,185
S01009666,1191,964,227
S01009667,409,393,16
S01009668,458,352,106
S01009669,594,583,11
S01009670,855,753,102
S01009671,820,777,43
S01009672,1206,1046,160
S01009673,839,665,174
S01009674,1088,1033,55
S01009675,960,914,46
S01009676,1463,1297,166
S01009677,681,671,10
S01009678,604,539,65
S01009679,1014,658,356
S01009680,1054,805,249
S01009681,734,705,29
S01009682,753,672,81
S01009683,864,744,120
S01009684,899,864,35
S01009685,960,909,51
S01009686,1098,674,424
S01009687,1029,986,43
S01009688,1251,659,592
S01009689,550,269,281
S01009690,769,582,187
S01009691,606,559,47
S01009692,1151,1072,79
S01009693,815,802,13
S01009694,1123,1072,51
S01009695,1044,1009,35
S01009696,1047,1032,15
S01009697,801,783,18
S01009698,687,676,11
S01009699,733,667,66
S01009700,699,613,86
S01009701,922,800,122
S01009702,608,595,13
S01009703,991,787,204
S01009704,1297,1143,154
S01009705,785,534,251
S01009706,880,671,209
S01009707,642,513,129
S01009708,675,595,80
S01009709,860,691,169
S01009710,483,404,79
S01009711,970,625,345
S01009712,676,631,45
S01009713,902,718,184
S01009714,889,809,80
S01009715,819,763,56
S01009716,1255,1116,139
S01009717,994,638,356
S01009718,952,555,397
S01009719,1024,920,104
S01009720,861,794,67
S01009721,598,99,499
S01009722,777,380,397
S01009723,726,315,411
S01009724,1069,343,726
S01009725,942,598,344
S01009726,537,197,340
S01009727,846,808,38
S01009728,827,814,13
S01009729,1039,1026,13
S01009730,1011,964,47
S01009731,906,880,26
S01009732,1149,705,444
S01009733,621,528,93
S01009734,1363,1304,59
S01009735,786,726,60
S01009736,897,278,619
S01009737,781,732,49
S01009738,524,266,258
S01009739,470,458,12
S01009740,755,633,122
S01009741,609,591,18
S01009742,491,483,8
S01009743,1203,1178,25
S01009744,721,710,11
S01009745,881,826,55
S01009746,795,783,12
S01009747,947,637,310
S01009748,792,757,35
S01009749,980,831,149
S01009750,739,458,281
S01009751,1056,741,315
S01009752,824,690,134
S01009753,736,438,298
S01009754,1395,846,549
S01009755,656,455,201
S01009756,862,789,73
S01009757,773,720,53
S01009758,1070,757,313
S01009759,1211,151,1060
S01009760,1047,290,757
S01009761,954,797,157
S01009762,971,212,759
S01009763,451,412,39
S01009764,952,638,314
S01009765,1031,790,241
S01009766,880,745,135
S01009767,752,703,49
S01009768,514,57,457
S01009769,885,407,478
S01009770,874,857,17
S01009771,896,882,14
S01009772,750,661,89
S01009773,156,120,36
S01009774,108,108,0
S01009775,898,569,329
S01009776,1022,268,754
S01009777,673,282,391
S01009778,1141,866,275
S01009779,685,278,407
S01009780,917,717,200
S01009781,863,581,282
S01009782,542,447,95
S01009783,516,460,56
S01009784,1052,697,355
S01009785,1063,712,351
S01009786,1111,494,617
S01009787,964,575,389
S01009788,1300,912,388
S01009789,1157,668,489
S01009790,940,738,202
S01009791,810,391,419
S01009792,239,232,7
S01009793,914,768,146
S01009794,368,361,7
S01009795,855,850,5
S01009796,610,526,84
S01009797,572,522,50
S01009798,970,717,253
S01009799,1535,892,643
S01009800,1306,937,369
S01009801,1325,973,352
S01009802,957,516,441
S01009803,893,456,437
S01009804,278,175,103
S01009805,800,634,166
S01009806,1090,316,774
S01009807,942,260,682
S01009808,1200,314,886
S01009809,1133,313,820
S01009810,920,369,551
S01009811,1248,735,513
S01009812,914,446,468
S01009813,1128,99,1029
S01009814,1134,697,437
S01009815,1059,264,795
S01009816,1181,553,628
S01009817,853,642,211
S01009818,925,884,41
S01009819,1106,688,418
S01009820,1018,641,377
S01009821,833,602,231
S01009822,933,545,388
S01009823,1107,749,358
S01009824,843,358,485
S01009825,1164,668,496
S01009826,824,505,319
S01009827,900,674,226
S01009828,1283,740,543
S01009829,1241,326,915
S01009830,1007,450,557
S01009831,1264,333,931
S01009832,1090,379,711
S01009833,618,435,183
S01009834,693,159,534
S01009835,623,221,402
S01009836,756,559,197
S01009837,776,449,327
S01009838,777,298,479
S01009839,1074,14,1060
S01009840,1025,641,384
S01009841,1116,104,1012
S01009842,953,451,502
S01009843,560,300,260
S01009844,730,28,702
S01009845,1035,116,919
S01009846,1050,555,495
S01009847,560,51,509
S01009848,902,705,197
S01009849,1087,102,985
S01009850,966,371,595
S01009851,1060,418,642
S01009852,582,469,113
S01009853,935,583,352
S01009854,789,302,487
S01009855,758,699,59
S01009856,584,293,291
S01009857,826,694,132
S01009858,965,653,312
S01009859,1102,184,918
S01009860,988,92,896
S01009861,1513,199,1314
S01009862,987,80,907
S01009863,987,39,948
S01009864,963,85,878
S01009865,645,108,537
S01009866,956,432,524
S01009867,900,204,696
S01009868,1006,255,751
S01009869,1043,26,1017
S01009870,919,35,884
S01009871,1030,198,832
S01009872,884,16,868
S01009873,922,435,487
S01009874,1006,569,437
S01009875,561,24,537
S01009876,983,126,857
S01009877,827,376,451
S01009878,832,45,787
S01009879,1091,563,528
S01009880,1150,735,415
S01009881,824,39,785
S01009882,570,8,562
S01009883,865,30,835
S01009884,961,28,933
S01009885,871,48,823
S01009886,798,44,754
S01009887,973,26,947
S01009888,821,14,807
S01009889,1122,182,940
S01009890,758,9,749
S01009891,696,23,673
S01009892,1081,42,1039
S01009893,1003,34,969
S01009894,996,33,963
S01009895,932,327,605
S01009896,1254,256,998
S01009897,1272,442,830
S01009898,890,158,732
S01009899,1074,16,1058
S01009900,1127,23,1104
S01009901,999,116,883
S01009902,1097,255,842
S01009903,1101,330,771
S01009904,755,98,657
S01009905,718,13,705
S01009906,701,11,690
S01009907,1161,21,1140
S01009908,1178,213,965
S01009909,852,19,833
S01009910,798,37,761
S01009911,1178,639,539
S01009912,953,278,675
S01009913,910,829,81
S01009914,942,634,308
S01009915,905,125,780
S01009916,1217,1076,141
S01009917,816,526,290
S01009918,964,863,101
S01009919,1078,64,1014
S01009920,1055,177,878
S01009921,805,10,795
S01009922,1207,112,1095
S01009923,1014,90,924
S01009924,1084,36,1048
S01009925,1138,24,1114
S01009926,906,92,814
S01009927,553,213,340
S01009928,636,85,551
S01009929,578,220,358
S01009930,976,29,947
S01009931,839,102,737
S01009932,811,158,653
S01009933,1212,184,1028
S01009934,889,718,171
S01009935,687,37,650
S01009936,1148,444,704
S01009937,776,125,651
S01009938,1057,247,810
S01009939,1121,39,1082
S01009940,926,321,605
S01009941,1176,988,188
S01009942,1119,490,629
S01009943,1332,516,816
S01009944,1053,592,461
S01009945,1137,200,937
S01009946,998,475,523
S01009947,928,512,416
S01009948,1247,594,653
S01009949,1041,416,625
S01009950,788,760,28
S01009951,931,844,87
S01009952,1106,871,235
S01009953,1211,972,239
S01009954,838,622,216
S01009955,1100,736,364
S01009956,887,187,700
S01009957,1372,997,375
S01009958,1276,1078,198
S01009959,881,711,170
S01009960,1206,857,349
S01009961,722,551,171
S01009962,999,301,698
S01009963,1274,994,280
S01009964,1199,819,380
S01009965,1028,1021,7
S01009966,1262,1244,18
S01009967,1046,617,429
S01009968,661,634,27
S01009969,1252,1028,224
S01009970,1117,73,1044
S01009971,1017,344,673
S01009972,736,393,343
S01009973,300,188,112
S01009974,927,171,756
S01009975,835,387,448
S01009976,744,150,594
S01009977,889,264,625
S01009978,906,509,397
S01009979,806,274,532
S01009980,501,154,347
S01009981,787,402,385
S01009982,658,206,452
S01009983,680,167,513
S01009984,982,524,458
S01009985,652,239,413
S01009986,693,148,545
S01009987,850,309,541
S01009988,671,88,583
S01009989,1102,366,736
S01009990,1039,298,741
S01009991,1030,217,813
S01009992,1057,374,683
S01009993,859,206,653
S01009994,763,148,615
S01009995,679,146,533
S01009996,925,228,697
S01009997,707,211,496
S01009998,968,882,86
S01009999,951,701,250
S01010000,981,259,722
S01010001,798,284,514
S01010002,1474,227,1247
S01010003,1044,658,386
S01010004,963,916,47
S01010005,980,12,968
S01010006,1210,21,1189
S01010007,952,696,256
S01010008,562,99,463
S01010009,699,52,647
S01010010,1509,1248,261
S01010011,831,14,817
S01010012,1711,1307,404
S01010013,1018,318,700
S01010014,1306,175,1131
S01010015,852,91,761
S01010016,777,502,275
S01010017,988,203,785
S01010018,977,87,890
S01010019,1241,155,1086
S01010020,1014,406,608
S01010021,783,173,610
S01010022,298,7,291
S01010023,950,84,866
S01010024,618,64,554
S01010025,686,55,631
S01010026,775,76,699
S01010027,970,114,856
S01010028,478,55,423
S01010029,619,48,571
S01010030,458,69,389
S01010031,540,5,535
S01010032,422,7,415
S01010033,926,45,881
S01010034,1012,96,916
S01010035,650,32,618
S01010036,308,4,304
S01010037,1016,363,653
S01010038,1131,295,836
S01010039,463,13,450
S01010040,539,53,486
S01010041,697,44,653
S01010042,526,111,415
S01010043,975,223,752
S01010044,1120,295,825
S01010045,875,239,636
S01010046,1093,355,738
S01010047,1115,229,886
S01010048,1215,459,756
S01010049,872,66,806
S01010050,822,35,787
S01010051,797,117,680
S01010052,579,13,566
S01010053,534,216,318
S01010054,672,20,652
S01010055,995,329,666
S01010056,530,65,465
S01010057,452,104,348
S01010058,964,589,375
S01010059,688,87,601
S01010060,967,296,671
S01010061,450,235,215
S01010062,762,303,459
S01010063,1131,57,1074
S01010064,833,377,456
S01010065,921,405,516
S01010066,792,508,284
S01010067,946,215,731
S01010068,361,90,271
S01010069,1030,966,64
S01010070,752,731,21
S01010071,921,693,228
S01010072,1129,898,231
S01010073,1071,875,196
S01010074,1015,894,121
S01010075,919,843,76
S01010076,969,882,87
S01010077,819,623,196
S01010078,779,732,47
S01010079,998,913,85
S01010080,914,897,17
S01010081,1259,1199,60
S01010082,722,470,252
S01010083,1144,976,168
S01010084,1210,934,276
S01010085,1310,1215,95
S01010086,1125,897,228
S01010087,697,690,7
S01010088,252,215,37
S01010089,858,502,356
S01010090,1038,907,131
S01010091,747,601,146
S01010092,1153,600,553
S01010093,937,705,232
S01010094,1352,1304,48
S01010095,1345,1305,40
S01010096,862,842,20
S01010097,784,756,28
S01010098,784,750,34
S01010099,1070,1048,22
S01010100,1030,988,42
S01010101,1179,1015,164
S01010102,784,764,20
S01010103,902,868,34
S01010104,846,811,35
S01010105,813,98,715
S01010106,758,443,315
S01010107,1073,133,940
S01010108,838,658,180
S01010109,1110,200,910
S01010110,1194,290,904
S01010111,1197,400,797
S01010112,918,327,591
S01010113,611,40,571
S01010114,739,124,615
S01010115,731,665,66
S01010116,905,529,376
S01010117,245,107,138
S01010118,818,232,586
S01010119,328,73,255
S01010120,878,254,624
S01010121,699,218,481
S01010122,625,49,576
S01010123,611,106,505
S01010124,795,100,695
S01010125,560,79,481
S01010126,701,556,145
S01010127,552,385,167
S01010128,811,125,686
S01010129,870,120,750
S01010130,824,106,718
S01010131,1144,956,188
S01010132,1027,454,573
S01010133,998,492,506
S01010134,1339,499,840
S01010135,1203,785,418
S01010136,1057,844,213
S01010137,1224,274,950
S01010138,1069,299,770
S01010139,1196,493,703
S01010140,1039,396,643
S01010141,1206,161,1045
S01010142,709,275,434
S01010143,832,534,298
S01010144,778,163,615
S01010145,709,391,318
S01010146,1155,281,874
S01010147,942,117,825
S01010148,814,307,507
S01010149,345,51,294
S01010150,1052,452,600
S01010151,1071,579,492
S01010152,851,452,399
S01010153,1020,470,550
S01010154,1054,587,467
S01010155,748,400,348
S01010156,700,319,381
S01010157,885,582,303
S01010158,950,526,424
S01010159,784,610,174
S01010160,646,82,564
S01010161,910,515,395
S01010162,1024,87,937
S01010163,853,514,339
S01010164,858,575,283
S01010165,650,275,375
S01010166,1130,857,273
S01010167,950,477,473
S01010168,505,73,432
S01010169,915,332,583
S01010170,1000,663,337
S01010171,1003,217,786
S01010172,718,35,683
S01010173,1173,1039,134
S01010174,720,506,214
S01010175,500,205,295
S01010176,1034,491,543
S01010177,720,255,465
S01010178,885,466,419
S01010179,1245,750,495
S01010180,462,263,199
S01010181,1161,744,417
S01010182,1185,1002,183
S01010183,789,480,309
S01010184,670,397,273
S01010185,762,343,419
S01010186,713,680,33
S01010187,863,597,266
S01010188,1172,988,184
S01010189,874,868,6
S01010190,184,183,1
S01010191,752,731,21
S01010192,872,849,23
S01010193,915,866,49
S01010194,798,657,141
S01010195,1001,871,130
S01010196,778,487,291
S01010197,949,600,349
S01010198,1178,715,463
S01010199,697,319,378
S01010200,725,578,147
S01010201,799,723,76
S01010202,785,50,735
S01010203,698,570,128
S01010204,1159,553,606
S01010205,745,368,377
S01010206,516,17,499
S01010207,673,150,523
S01010208,1091,81,1010
S01010209,901,425,476
S01010210,1054,552,502
S01010211,924,177,747
S01010212,1052,204,848
S01010213,1085,380,705
S01010214,1072,1021,51
S01010215,961,135,826
S01010216,1008,74,934
S01010217,926,175,751
S01010218,1127,61,1066
S01010219,779,28,751
S01010220,313,4,309
S01010221,457,43,414
S01010222,729,33,696
S01010223,711,140,571
S01010224,1045,298,747
S01010225,734,167,567
S01010226,815,19,796
S01010227,1047,23,1024
S01010228,635,151,484
S01010229,975,324,651
S01010230,1226,78,1148
S01010231,731,65,666
S01010232,718,264,454
S01010233,1526,161,1365
S01010234,921,16,905
S01010235,68,14,54
S01010236,728,144,584
S01010237,1052,24,1028
S01010238,1008,29,979
S01010239,1026,43,983
S01010240,1213,40,1173
S01010241,999,58,941
S01010242,1196,108,1088
S01010243,1375,44,1331
S01010244,990,43,947
S01010245,1012,99,913
S01010246,1115,41,1074
S01010247,879,710,169
S01010248,969,7,962
S01010249,1093,30,1063
S01010250,934,30,904
S01010251,254,14,240
S01010252,585,158,427
S01010253,812,68,744
S01010254,985,127,858
S01010255,857,104,753
S01010256,1124,32,1092
S01010257,631,14,617
S01010258,1048,42,1006
S01010259,1234,27,1207
S01010260,458,11,447
S01010261,1346,35,1311
S01010262,1104,28,1076
S01010263,636,3,633
S01010264,650,27,623
S01010265,362,7,355
S01010266,792,34,758
S01010267,534,12,522
S01010268,940,37,903
S01010269,946,22,924
S01010270,1103,25,1078
S01010271,749,31,718
S01010272,355,7,348
S01010273,276,11,265
S01010274,244,11,233
S01010275,310,16,294
S01010276,120,0,120
S01010277,476,12,464
S01010278,1326,38,1288
S01010279,632,4,628
S01010280,861,20,841
S01010281,552,12,540
S01010282,1037,21,1016
S01010283,755,27,728
S01010284,1225,17,1208
S01010285,1193,24,1169
S01010286,1224,55,1169
S01010287,1170,38,1132
S01010288,902,34,868
S01010289,199,49,150
S01010290,774,25,749
S01010291,1049,19,1030
S01010292,1303,27,1276
S01010293,807,18,789
S01010294,1075,18,1057
S01010295,924,44,880
S01010296,860,35,825
S01010297,916,98,818
S01010298,900,77,823
S01010299,621,34,587
S01010300,1372,96,1276
S01010301,528,3,525
S01010302,800,39,761
S01010303,635,19,616
S01010304,778,89,689
S01010305,1101,175,926
S01010306,752,96,656
S01010307,866,43,823
S01010308,895,88,807
S01010309,702,169,533
S01010310,837,218,619
S01010311,968,271,697
S01010312,744,201,543
S01010313,1129,96,1033
S01010314,1024,217,807
S01010315,612,142,470
S01010316,611,68,543
S01010317,1279,101,1178
S01010318,534,47,487
S01010319,741,120,621
S01010320,696,114,582
S01010321,995,32,963
S01010322,1262,157,1105
S01010323,632,79,553
S01010324,1013,667,346
S01010325,1044,534,510
S01010326,924,146,778
S01010327,714,392,322
S01010328,768,422,346
S01010329,523,211,312
S01010330,804,486,318
S01010331,1386,614,772
S01010332,1147,969,178
S01010333,916,366,550
S01010334,958,573,385
S01010335,1162,924,238
S01010336,904,205,699
S01010337,1067,882,185
S01010338,1025,547,478
S01010339,1019,648,371
S01010340,904,395,509
S01010341,877,587,290
S01010342,884,555,329
S01010343,1153,1044,109
S01010344,1040,501,539
S01010345,274,207,67
S01010346,1143,778,365
S01010347,771,45,726
S01010348,1146,192,954
S01010349,1214,413,801
S01010350,1286,365,921
S01010351,750,311,439
S01010352,848,430,418
S01010353,1087,148,939
S01010354,633,238,395
S01010355,1125,361,764
S01010356,586,248,338
S01010357,672,178,494
S01010358,939,108,831
S01010359,1186,71,1115
S01010360,670,110,560
S01010361,591,24,567
S01010362,974,103,871
S01010363,763,224,539
S01010364,1208,1175,33
S01010365,1113,614,499
S01010366,1318,795,523
S01010367,1174,478,696
S01010368,807,221,586
S01010369,849,146,703
S01010370,735,106,629
S01010371,1126,180,946
S01010372,953,30,923
S01010373,776,32,744
S01010374,890,92,798
S01010375,920,68,852
S01010376,938,41,897
S01010377,823,68,755
S01010378,926,13,913
S01010379,1315,39,1276
S01010380,1095,18,1077
S01010381,515,72,443
S01010382,915,12,903
S01010383,831,7,824
S01010384,1117,71,1046
S01010385,925,25,900
S01010386,950,107,843
S01010387,1261,239,1022
S01010388,934,184,750
S01010389,85,0,85
S01010390,1166,13,1153
S01010391,1088,22,1066
S01010392,211,6,205
S01010393,1296,180,1116
S01010394,943,42,901
S01010395,1138,75,1063
S01010396,1001,13,988
S01010397,836,32,804
S01010398,924,181,743
S01010399,1454,63,1391
S01010400,979,229,750
S01010401,783,95,688
S01010402,1187,119,1068
S01010403,1046,133,913
S01010404,1224,243,981
S01010405,994,160,834
S01010406,885,72,813
S01010407,1107,47,1060
S01010408,693,424,269
S01010409,993,820,173
S01010410,389,267,122
S01010411,1502,1391,111
S01010412,776,201,575
S01010413,772,348,424
S01010414,1149,712,437
S01010415,1148,112,1036
S01010416,604,510,94
S01010417,551,279,272
S01010418,1194,270,924
S01010419,1498,813,685
S01010420,1189,1077,112
S01010421,900,689,211
S01010422,1126,825,301
S01010423,918,28,890
S01010424,760,176,584
S01010425,979,60,919
S01010426,1111,291,820
S01010427,1173,410,763
S01010428,1617,1167,450
S01010429,897,782,115
S01010430,1064,86,978
S01010431,1037,861,176
S01010432,897,128,769
S01010433,855,62,793
S01010434,904,60,844
S01010435,767,471,296
S01010436,795,109,686
S01010437,540,274,266
S01010438,724,164,560
S01010439,953,117,836
S01010440,1000,586,414
S01010441,578,138,440
S01010442,783,58,725
S01010443,786,768,18
S01010444,699,642,57
S01010445,938,630,308
S01010446,915,883,32
S01010447,1190,661,529
S01010448,1094,849,245
S01010449,981,439,542
S01010450,955,503,452
S01010451,1069,516,553
S01010452,885,528,357
S01010453,1132,345,787
S01010454,1125,789,336
S01010455,961,100,861
S01010456,661,336,325
S01010457,992,544,448
S01010458,828,392,436
S01010459,810,512,298
S01010460,286,89,197
S01010461,1060,582,478
S01010462,895,57,838
S01010463,770,607,163
S01010464,663,424,239
S01010465,889,676,213
S01010466,1059,493,566
S01010467,877,211,666
S01010468,1008,398,610
S01010469,869,25,844
S01010470,820,632,188
S01010471,1001,569,432
S01010472,511,362,149
S01010473,1094,408,686
S01010474,1085,48,1037
S01010475,451,242,209
S01010476,713,206,507
S01010477,906,611,295
S01010478,1380,570,810
S01010479,1023,382,641
S01010480,829,644,185
S01010481,836,357,479
S01010482,976,781,195
S01010483,1178,692,486
S01010484,1062,773,289
S01010485,982,946,36
S01010486,1252,1221,31
S01010487,1047,1022,25
S01010488,1353,346,1007
S01010489,1194,308,886
S01010490,957,154,803
S01010491,972,112,860
S01010492,917,199,718
S01010493,855,163,692
S01010494,871,365,506
S01010495,1089,278,811
S01010496,1382,304,1078
S01010497,696,376,320
S01010498,1312,147,1165
S01010499,1107,275,832
S01010500,943,303,640
S01010501,784,400,384
S01010502,810,639,171
S01010503,980,72,908
S01010504,528,496,32
S01010505,607,581,26
S01010506,851,806,45
S01010507,980,873,107
S01010508,1041,984,57
S01010509,1197,1157,40
S01010510,1453,1382,71
S01010511,1153,1118,35
S01010512,920,881,39
S01010513,799,761,38
S01010514,943,932,11
S01010515,937,893,44
S01010516,587,446,141
S01010517,923,591,332
S01010518,892,437,455
S01010519,928,914,14
S01010520,980,882,98
S01010521,957,712,245
S01010522,627,384,243
S01010523,964,777,187
S01010524,606,571,35
S01010525,678,647,31
S01010526,822,745,77
S01010527,1273,1095,178
S01010528,688,644,44
S01010529,815,766,49
S01010530,663,643,20
S01010531,952,908,44
S01010532,879,854,25
S01010533,811,709,102
S01010534,1000,919,81
S01010535,557,532,25
S01010536,1162,1086,76
S01010537,1201,1054,147
S01010538,352,323,29
S01010539,736,658,78
S01010540,615,570,45
S01010541,758,716,42
S01010542,814,794,20
S01010543,524,509,15
S01010544,1186,1151,35
S01010545,599,500,99
S01010546,802,675,127
S01010547,664,660,4
S01010548,413,399,14
S01010549,315,297,18
S01010550,658,623,35
S01010551,698,691,7
S01010552,905,893,12
S01010553,560,556,4
S01010554,708,574,134
S01010555,920,656,264
S01010556,1042,940,102
S01010557,769,758,11
S01010558,560,467,93
S01010559,691,579,112
S01010560,645,622,23
S01010561,907,875,32
S01010562,1057,1042,15
S01010563,842,786,56
S01010564,678,594,84
S01010565,974,944,30
S01010566,742,734,8
S01010567,1023,1009,14
S01010568,1192,1180,12
S01010569,781,694,87
S01010570,1268,1206,62
S01010571,923,725,198
S01010572,1005,872,133
S01010573,722,640,82
S01010574,570,570,0
S01010575,876,872,4
S01010576,872,867,5
S01010577,917,870,47
S01010578,623,619,4
S01010579,781,766,15
S01010580,536,280,256
S01010581,894,763,131
S01010582,366,360,6
S01010583,846,763,83
S01010584,269,248,21
S01010585,200,116,84
S01010586,681,678,3
S01010587,839,811,28
S01010588,561,516,45
S01010589,752,598,154
S01010590,362,336,26
S01010591,121,121,0
S01010592,400,269,131
S01010593,560,543,17
S01010594,208,206,2
S01010595,190,188,2
S01010596,884,836,48
S01010597,324,322,2
S01010598,439,416,23
S01010599,351,326,25
S01010600,867,812,55
S01010601,742,644,98
S01010602,554,479,75
S01010603,830,756,74
S01010604,898,870,28
S01010605,1022,1002,20
S01010606,1008,839,169
S01010607,1004,909,95
S01010608,770,401,369
S01010609,618,477,141
S01010610,774,606,168
S01010611,1248,1080,168
S01010612,765,764,1
S01010613,795,781,14
S01010614,709,673,36
S01010615,831,622,209
S01010616,1045,1034,11
S01010617,1050,1037,13
S01010618,1115,1059,56
S01010619,685,318,367
S01010620,359,80,279
S01010621,1004,677,327
S01010622,674,378,296
S01010623,925,829,96
S01010624,654,589,65
S01010625,751,692,59
S01010626,899,786,113
S01010627,872,609,263
S01010628,1078,764,314
S01010629,1126,852,274
S01010630,710,413,297
S01010631,665,387,278
S01010632,898,581,317
S01010633,918,829,89
S01010634,665,647,18
S01010635,830,616,214
S01010636,887,704,183
S01010637,829,409,420
S01010638,886,696,190
S01010639,1079,622,457
S01010640,710,421,289
S01010641,1079,395,684
S01010642,1053,595,458
S01010643,730,577,153
S01010644,831,404,427
S01010645,764,681,83
S01010646,838,821,17
S01010647,654,601,53
S01010648,994,831,163
S01010649,761,627,134
S01010650,484,322,162
S01010651,768,744,24
S01010652,705,670,35
S01010653,763,653,110
S01010654,828,776,52
S01010655,838,815,23
S01010656,619,604,15
S01010657,766,753,13
S01010658,792,630,162
S01010659,657,637,20
S01010660,697,642,55
S01010661,738,639,99
S01010662,716,705,11
S01010663,1088,1055,33
S01010664,589,574,15
S01010665,835,781,54
S01010666,1082,1057,25
S01010667,660,647,13
S01010668,1127,1061,66
S01010669,581,558,23
S01010670,941,869,72
S01010671,755,730,25
S01010672,1396,1265,131
S01010673,1016,885,131
S01010674,1038,971,67
S01010675,871,847,24
S01010676,980,946,34
S01010677,482,465,17
S01010678,885,860,25
S01010679,1417,1247,170
S01010680,771,742,29
S01010681,901,801,100
S01010682,1087,1058,29
S01010683,876,853,23
S01010684,1071,1010,61
S01010685,740,697,43
S01010686,644,602,42
S01010687,1018,929,89
S01010688,815,790,25
S01010689,1025,985,40
S01010690,847,796,51
S01010691,797,734,63
S01010692,594,518,76
S01010693,430,418,12
S01010694,782,748,34
S01010695,679,666,13
S01010696,959,871,88
S01010697,944,919,25
S01010698,615,584,31
S01010699,526,510,16
S01010700,571,562,9
S01010701,1242,1188,54
S01010702,953,921,32
S01010703,844,821,23
S01010704,1105,1040,65
S01010705,982,926,56
S01010706,520,462,58
S01010707,663,652,11
S01010708,1045,1028,17
S01010709,909,890,19
S01010710,949,924,25
S01010711,634,626,8
S01010712,784,723,61
S01010713,1028,959,69
S01010714,812,495,317
S01010715,850,808,42
S01010716,805,526,279
S01010717,1051,991,60
S01010718,805,701,104
S01010719,782,752,30
S01010720,800,749,51
S01010721,771,722,49
S01010722,1057,1032,25
S01010723,974,944,30
S01010724,759,740,19
S01010725,755,739,16
S01010726,1055,1037,18
S01010727,629,622,7
S01010728,749,739,10
S01010729,817,813,4
S01010730,766,757,9
S01010731,878,820,58
S01010732,890,872,18
S01010733,891,871,20
S01010734,909,864,45
S01010735,884,843,41
S01010736,364,360,4
S01010737,758,744,14
S01010738,927,916,11
S01010739,740,726,14
S01010740,742,639,103
S01010741,657,639,18
S01010742,797,681,116
S01010743,911,890,21
S01010744,1167,1136,31
S01010745,655,475,180
S01010746,898,882,16
S01010747,982,947,35
S01010748,511,490,21
S01010749,675,651,24
S01010750,589,579,10
S01010751,1067,1041,26
S01010752,1070,1012,58
S01010753,1135,993,142
S01010754,941,826,115
S01010755,847,781,66
S01010756,878,855,23
S01010757,831,807,24
S01010758,525,518,7
S01010759,665,589,76
S01010760,713,690,23
S01010761,514,499,15
S01010762,583,557,26
S01010763,938,902,36
S01010764,543,535,8
S01010765,1144,1094,50
S01010766,751,735,16
S01010767,575,547,28
S01010768,708,668,40
S01010769,459,452,7
S01010770,875,843,32
S01010771,1003,967,36
S01010772,745,730,15
S01010773,632,629,3
S01010774,1190,1152,38
S01010775,543,535,8
S01010776,817,619,198
S01010777,594,417,177
S01010778,804,633,171
S01010779,825,586,239
S01010780,658,614,44
S01010781,910,812,98
S01010782,610,465,145
S01010783,942,768,174
S01010784,1293,1236,57
S01010785,869,811,58
S01010786,505,489,16
S01010787,800,790,10
S01010788,593,554,39
S01010789,823,804,19
S01010790,771,762,9
S01010791,905,896,9
S01010792,1121,1106,15
S01010793,512,511,1
S01010794,358,356,2
S01010795,1201,1189,12
S01010796,1224,1220,4
S01010797,514,510,4
S01010798,630,609,21
S01010799,988,783,205
S01010800,895,846,49
S01010801,854,832,22
S01010802,661,546,115
S01010803,563,489,74
S01010804,839,782,57
S01010805,1234,1174,60
S01010806,938,895,43
S01010807,549,519,30
S01010808,576,545,31
S01010809,724,714,10
S01010810,521,498,23
S01010811,927,896,31
S01010812,502,483,19
S01010813,874,771,103
S01010814,736,708,28
S01010815,666,655,11
S01010816,771,503,268
S01010817,1253,1078,175
S01010818,1287,879,408
S01010819,925,762,163
S01010820,1010,925,85
S01010821,813,796,17
S01010822,407,348,59
S01010823,375,227,148
S01010824,629,626,3
S01010825,750,676,74
S01010826,729,608,121
S01010827,697,642,55
S01010828,1218,1167,51
S01010829,759,537,222
S01010830,603,568,35
S01010831,344,340,4
S01010832,805,775,30
S01010833,870,692,178
S01010834,1296,999,297
S01010835,787,700,87
S01010836,949,401,548
S01010837,934,725,209
S01010838,1153,675,478
S01010839,924,572,352
S01010840,671,100,571
S01010841,1127,202,925
S01010842,988,96,892
S01010843,752,57,695
S01010844,863,718,145
S01010845,630,522,108
S01010846,976,434,542
S01010847,872,796,76
S01010848,1093,672,421
S01010849,1016,856,160
S01010850,1021,754,267
S01010851,1093,900,193
S01010852,921,906,15
S01010853,1075,1064,11
S01010854,657,472,185
S01010855,564,516,48
S01010856,858,675,183
S01010857,959,749,210
S01010858,1158,699,459
S01010859,984,767,217
S01010860,909,719,190
S01010861,803,390,413
S01010862,759,554,205
S01010863,833,652,181
S01010864,686,558,128
S01010865,720,430,290
S01010866,841,544,297
S01010867,798,375,423
S01010868,738,326,412
S01010869,1183,881,302
S01010870,792,174,618
S01010871,799,194,605
S01010872,818,46,772
S01010873,786,38,748
S01010874,942,287,655
S01010875,635,70,565
S01010876,697,53,644
S01010877,1154,470,684
S01010878,1122,508,614
S01010879,1085,844,241
S01010880,675,454,221
S01010881,865,550,315
S01010882,768,665,103
S01010883,1101,744,357
S01010884,1227,328,899
S01010885,1481,155,1326
S01010886,850,135,715
S01010887,641,199,442
S01010888,1002,352,650
S01010889,846,70,776
S01010890,853,54,799
S01010891,533,26,507
S01010892,718,63,655
S01010893,733,71,662
S01010894,475,53,422
S01010895,561,170,391
S01010896,1064,461,603
S01010897,704,498,206
S01010898,1054,836,218
S01010899,738,724,14
S01010900,999,546,453
S01010901,529,244,285
S01010902,932,746,186
S01010903,708,294,414
S01010904,576,317,259
S01010905,474,394,80
S01010906,823,581,242
S01010907,87,47,40
S01010908,676,408,268
S01010909,751,540,211
S01010910,779,64,715
S01010911,871,98,773
S01010912,838,286,552
S01010913,661,470,191
S01010914,885,831,54
S01010915,1060,1031,29
S01010916,845,284,561
S01010917,837,371,466
S01010918,1299,996,303
S01010919,958,629,329
S01010920,800,343,457
S01010921,824,754,70
S01010922,1024,819,205
S01010923,1202,884,318
S01010924,755,655,100
S01010925,853,526,327
S01010926,1000,852,148
S01010927,990,747,243
S01010928,853,686,167
S01010929,1076,823,253
S01010930,624,587,37
S01010931,461,452,9
S01010932,1032,988,44
S01010933,329,312,17
S01010934,1045,781,264
S01010935,776,635,141
S01010936,642,283,359
S01010937,842,810,32
S01010938,953,764,189
S01010939,792,674,118
S01010940,741,739,2
S01010941,1390,1366,24
S01010942,712,712,0
S01010943,876,635,241
S01010944,853,552,301
S01010945,600,576,24
S01010946,1134,1094,40
S01010947,870,833,37
S01010948,710,665,45
S01010949,1081,1065,16
S01010950,888,780,108
S01010951,811,807,4
S01010952,841,780,61
S01010953,727,653,74
S01010954,804,783,21
S01010955,670,648,22
S01010956,831,694,137
S01010957,654,654,0
S01010958,670,620,50
S01010959,687,381,306
S01010960,1360,1121,239
S01010961,1215,1029,186
S01010962,685,212,473
S01010963,1013,886,127
S01010964,561,560,1
S01010965,1087,613,474
S01010966,903,509,394
S01010967,930,682,248
S01010968,913,781,132
S01010969,762,680,82
S01010970,1345,1069,276
S01010971,1671,1546,125
S01010972,692,682,10
S01010973,661,645,16
S01010974,1142,989,153
S01010975,664,518,146
S01010976,719,689,30
S01010977,753,696,57
S01010978,944,712,232
S01010979,881,733,148
S01010980,863,712,151
S01010981,794,516,278
S01010982,1320,1101,219
S01010983,1221,972,249
S01010984,1141,1038,103
S01010985,845,527,318
S01010986,460,455,5
S01010987,425,419,6
S01010988,614,607,7
S01010989,333,319,14
S01010990,739,720,19
S01010991,742,726,16
S01010992,499,464,35
S01010993,732,706,26
S01010994,1231,1129,102
S01010995,944,935,9
S01010996,841,698,143
S01010997,1054,1022,32
S01010998,972,862,110
S01010999,774,623,151
S01011000,1069,893,176
S01011001,693,631,62
S01011002,766,630,136
S01011003,851,663,188
S01011004,866,856,10
S01011005,815,394,421
S01011006,603,589,14
S01011007,975,945,30
S01011008,1003,802,201
S01011009,747,654,93
S01011010,881,379,502
S01011011,818,263,555
S01011012,1274,701,573
S01011013,939,835,104
S01011014,921,698,223
S01011015,616,541,75
S01011016,370,360,10
S01011017,809,795,14
S01011018,1504,1378,126
S01011019,926,907,19
S01011020,375,345,30
S01011021,866,831,35
S01011022,793,705,88
S01011023,820,616,204
S01011024,1312,1059,253
S01011025,828,801,27
S01011026,631,623,8
S01011027,1178,911,267
S01011028,872,705,167
S01011029,804,638,166
S01011030,1000,891,109
S01011031,734,604,130
S01011032,986,526,460
S01011033,685,674,11
S01011034,777,720,57
S01011035,719,706,13
S01011036,926,711,215
S01011037,902,591,311
S01011038,1060,777,283
S01011039,859,657,202
S01011040,1047,792,255
S01011041,735,518,217
S01011042,719,643,76
S01011043,1042,900,142
S01011044,831,418,413
S01011045,725,703,22
S01011046,623,599,24
S01011047,1011,992,19
S01011048,1120,1019,101
S01011049,814,736,78
S01011050,818,809,9
S01011051,858,800,58
S01011052,1011,939,72
S01011053,678,620,58
S01011054,620,579,41
S01011055,562,542,20
S01011056,575,560,15
S01011057,678,675,3
S01011058,552,536,16
S01011059,693,687,6
S01011060,1155,1040,115
S01011061,1061,1014,47
S01011062,1360,1193,167
S01011063,1027,1009,18
S01011064,1286,1197,89
S01011065,785,747,38
S01011066,633,565,68
S01011067,973,879,94
S01011068,758,735,23
S01011069,668,637,31
S01011070,829,797,32
S01011071,907,891,16
S01011072,800,783,17
S01011073,700,660,40
S01011074,667,628,39
S01011075,935,846,89
S01011076,1092,849,243
S01011077,1044,1005,39
S01011078,987,918,69
S01011079,1230,1009,221
S01011080,1120,1069,51
S01011081,918,868,50
S01011082,761,686,75
S01011083,1074,1050,24
S01011084,771,765,6
S01011085,872,859,13
S01011086,646,645,1
S01011087,901,860,41
S01011088,1161,1068,93
S01011089,858,842,16
S01011090,709,697,12
S01011091,648,626,22
S01011092,383,383,0
S01011093,887,872,15
S01011094,475,438,37
S01011095,878,862,16
S01011096,493,470,23
S01011097,737,722,15
S01011098,938,865,73
S01011099,929,676,253
S01011100,569,553,16
S01011101,846,753,93
S01011102,820,271,549
S01011103,765,429,336
S01011104,611,452,159
S01011105,763,470,293
S01011106,774,738,36
S01011107,316,293,23
S01011108,772,746,26
S01011109,827,706,121
S01011110,1021,832,189
S01011111,1218,795,423
S01011112,162,162,0
S01011113,1090,1062,28
S01011114,1113,1102,11
S01011115,955,816,139
S01011116,932,879,53
S01011117,909,661,248
S01011118,901,793,108
S01011119,796,754,42
S01011120,1114,1076,38
S01011121,651,304,347
S01011122,809,606,203
S01011123,1206,1123,83
S01011124,367,359,8
S01011125,467,414,53
S01011126,769,667,102
S01011127,535,529,6
S01011128,1091,906,185
S01011129,770,745,25
S01011130,752,518,234
S01011131,682,558,124
S01011132,781,733,48
S01011133,618,552,66
S01011134,831,637,194
S01011135,989,898,91
S01011136,533,443,90
S01011137,602,463,139
S01011138,547,516,31
S01011139,796,756,40
S01011140,577,553,24
S01011141,995,966,29
S01011142,807,746,61
S01011143,1209,1161,48
S01011144,855,820,35
S01011145,828,788,40
S01011146,629,612,17
S01011147,1196,1117,79
S01011148,727,718,9
S01011149,504,501,3
S01011150,1067,1053,14
S01011151,910,858,52
S01011152,885,712,173
S01011153,836,681,155
S01011154,625,294,331
S01011155,729,486,243
S01011156,847,834,13
S01011157,712,705,7
S01011158,633,618,15
S01011159,616,503,113
S01011160,913,862,51
S01011161,652,606,46
S01011162,802,780,22
S01011163,1048,1027,21
S01011164,658,624,34
S01011165,884,778,106
S01011166,681,668,13
S01011167,949,932,17
S01011168,865,841,24
S01011169,242,209,33
S01011170,796,776,20
S01011171,1049,978,71
S01011172,794,746,48
S01011173,844,799,45
S01011174,984,913,71
S01011175,815,751,64
S01011176,696,633,63
S01011177,1089,1006,83
S01011178,786,742,44
S01011179,689,583,106
S01011180,881,731,150
S01011181,695,652,43
S01011182,515,501,14
S01011183,795,677,118
S01011184,775,771,4
S01011185,825,766,59
S01011186,1168,789,379
S01011187,924,856,68
S01011188,1159,1069,90
S01011189,855,719,136
S01011190,957,823,134
S01011191,824,801,23
S01011192,971,955,16
S01011193,1037,947,90
S01011194,761,709,52
S01011195,1049,1043,6
S01011196,1119,1036,83
S01011197,931,914,17
S01011198,830,762,68
S01011199,816,809,7
S01011200,971,883,88
S01011201,609,596,13
S01011202,1006,797,209
S01011203,1331,1135,196
S01011204,593,572,21
S01011205,205,203,2
S01011206,669,668,1
S01011207,1108,1054,54
S01011208,958,928,30
S01011209,724,714,10
S01011210,677,658,19
S01011211,1019,998,21
S01011212,741,702,39
S01011213,1023,977,46
S01011214,1066,954,112
S01011215,852,703,149
S01011216,982,588,394
S01011217,1257,983,274
S01011218,967,773,194
S01011219,1045,999,46
S01011220,1015,700,315
S01011221,1106,880,226
S01011222,681,616,65
S01011223,970,925,45
S01011224,687,399,288
S01011225,1063,858,205
S01011226,962,832,130
S01011227,808,337,471
S01011228,1200,668,532
S01011229,823,448,375
S01011230,1306,573,733
S01011231,1027,477,550
S01011232,740,418,322
S01011233,763,674,89
S01011234,1180,980,200
S01011235,519,432,87
S01011236,588,415,173
S01011237,1003,769,234
S01011238,736,305,431
S01011239,938,373,565
S01011240,1068,152,916
S01011241,958,443,515
S01011242,1022,662,360
S01011243,800,119,681
S01011244,714,146,568
S01011245,925,630,295
S01011246,677,371,306
S01011247,867,779,88
S01011248,978,964,14
S01011249,867,826,41
S01011250,1092,894,198
S01011251,871,843,28
S01011252,846,780,66
S01011253,1015,803,212
S01011254,1305,1260,45
S01011255,176,176,0
S01011256,172,170,2
S01011257,553,552,1
S01011258,757,667,90
S01011259,851,535,316
S01011260,756,593,163
S01011261,975,824,151
S01011262,701,656,45
S01011263,634,621,13
S01011264,686,674,12
S01011265,1082,1054,28
S01011266,968,951,17
S01011267,697,558,139
S01011268,552,457,95
S01011269,570,325,245
S01011270,789,536,253
S01011271,968,877,91
S01011272,732,408,324
S01011273,1279,1157,122
S01011274,1038,789,249
S01011275,867,848,19
S01011276,1068,1023,45
S01011277,753,661,92
S01011278,720,692,28
S01011279,757,626,131
S01011280,747,719,28
S01011281,790,743,47
S01011282,796,791,5
S01011283,543,536,7
S01011284,402,402,0
S01011285,1194,1041,153
S01011286,754,691,63
S01011287,977,793,184
S01011288,1107,1090,17
S01011289,895,850,45
S01011290,1300,1008,292
S01011291,1045,705,340
S01011292,715,456,259
S01011293,933,801,132
S01011294,979,517,462
S01011295,973,784,189
S01011296,732,566,166
S01011297,1024,850,174
S01011298,1271,1148,123
S01011299,501,463,38
S01011300,1045,992,53
S01011301,650,527,123
S01011302,1012,428,584
S01011303,1203,1045,158
S01011304,1062,1041,21
S01011305,569,538,31
S01011306,635,625,10
S01011307,938,808,130
S01011308,589,534,55
S01011309,884,750,134
S01011310,763,623,140
S01011311,1091,1029,62
S01011312,1186,1034,152
S01011313,1047,701,346
S01011314,904,726,178
S01011315,397,300,97
S01011316,835,794,41
S01011317,895,674,221
S01011318,849,386,463
S01011319,1189,955,234
S01011320,750,518,232
S01011321,676,647,29
S01011322,691,555,136
S01011323,1079,723,356
S01011324,568,335,233
S01011325,914,195,719
S01011326,1070,168,902
S01011327,801,175,626
S01011328,822,489,333
S01011329,940,552,388
S01011330,781,750,31
S01011331,699,692,7
S01011332,1042,910,132
S01011333,692,448,244
S01011334,1075,936,139
S01011335,970,772,198
S01011336,674,548,126
S01011337,691,526,165
S01011338,695,647,48
S01011339,755,737,18
S01011340,1102,1005,97
S01011341,723,426,297
S01011342,777,451,326
S01011343,867,635,232
S01011344,889,867,22
S01011345,1073,1008,65
S01011346,867,754,113
S01011347,1072,651,421
S01011348,1300,1257,43
S01011349,1058,1013,45
S01011350,882,840,42
S01011351,822,640,182
S01011352,699,445,254
S01011353,690,610,80
S01011354,908,898,10
S01011355,1132,1015,117
S01011356,938,861,77
S01011357,1415,1254,161
S01011358,602,598,4
S01011359,791,482,309
S01011360,649,211,438
S01011361,485,16,469
S01011362,314,239,75
S01011363,1218,949,269
S01011364,519,489,30
S01011365,620,484,136
S01011366,470,323,147
S01011367,768,686,82
S01011368,87,76,11
S01011369,699,604,95
S01011370,319,281,38
S01011371,1519,695,824
S01011372,1054,377,677
S01011373,862,290,572
S01011374,551,507,44
S01011375,637,319,318
S01011376,601,109,492
S01011377,567,504,63
S01011378,1000,835,165
S01011379,939,877,62
S01011380,760,338,422
S01011381,726,463,263
S01011382,257,133,124
S01011383,979,600,379
S01011384,811,596,215
S01011385,1044,481,563
S01011386,1067,742,325
S01011387,879,657,222
S01011388,621,423,198
S01011389,743,365,378
S01011390,1096,885,211
S01011391,702,679,23
S01011392,1070,938,132
S01011393,856,706,150
S01011394,690,521,169
S01011395,820,434,386
S01011396,1016,753,263
S01011397,722,480,242
S01011398,828,673,155
S01011399,518,351,167
S01011400,768,440,328
S01011401,1020,857,163
S01011402,1021,726,295
S01011403,1014,802,212
S01011404,1201,835,366
S01011405,756,551,205
S01011406,736,702,34
S01011407,1320,1228,92
S01011408,973,827,146
S01011409,701,522,179
S01011410,849,769,80
S01011411,1047,977,70
S01011412,1084,1073,11
S01011413,618,597,21
S01011414,1066,868,198
S01011415,933,773,160
S01011416,953,950,3
S01011417,753,675,78
S01011418,834,510,324
S01011419,737,673,64
S01011420,567,379,188
S01011421,407,387,20
S01011422,451,372,79
S01011423,590,270,320
S01011424,581,470,111
S01011425,812,677,135
S01011426,864,797,67
S01011427,967,686,281
S01011428,701,584,117
S01011429,691,679,12
S01011430,981,871,110
S01011431,1271,927,344
S01011432,1479,1352,127
S01011433,1065,1041,24
S01011434,1025,863,162
S01011435,1257,1181,76
S01011436,1218,1005,213
S01011437,892,694,198
S01011438,958,715,243
S01011439,1239,1202,37
S01011440,1035,828,207
S01011441,797,629,168
S01011442,705,591,114
S01011443,855,724,131
S01011444,1081,631,450
S01011445,690,468,222
S01011446,977,729,248
S01011447,1128,1065,63
S01011448,1152,1058,94
S01011449,667,395,272
S01011450,496,430,66
S01011451,856,775,81
S01011452,949,749,200
S01011453,836,589,247
S01011454,1177,1048,129
S01011455,1110,909,201
S01011456,1155,1118,37
S01011457,957,916,41
S01011458,767,741,26
S01011459,608,406,202
S01011460,1105,890,215
S01011461,902,632,270
S01011462,1015,904,111
S01011463,614,512,102
S01011464,284,143,141
S01011465,786,569,217
S01011466,1328,988,340
S01011467,354,263,91
S01011468,133,133,0
S01011469,912,762,150
S01011470,1011,766,245
S01011471,946,604,342
S01011472,1358,546,812
S01011473,982,408,574
S01011474,1072,227,845
S01011475,724,111,613
S01011476,779,761,18
S01011477,941,941,0
S01011478,1084,883,201
S01011479,862,518,344
S01011480,1013,797,216
S01011481,653,450,203
S01011482,1151,830,321
S01011483,884,755,129
S01011484,1197,935,262
S01011485,1025,1012,13
S01011486,589,518,71
S01011487,960,836,124
S01011488,752,617,135
S01011489,547,476,71
S01011490,1110,604,506
S01011491,513,144,369
S01011492,980,251,729
S01011493,1041,925,116
S01011494,664,464,200
S01011495,1167,938,229
S01011496,658,262,396
S01011497,902,760,142
S01011498,673,652,21
S01011499,992,783,209
S01011500,1081,772,309
S01011501,753,461,292
S01011502,788,715,73
S01011503,1100,953,147
S01011504,655,499,156
S01011505,704,283,421
S01011506,589,458,131
S01011507,812,725,87
S01011508,911,624,287
S01011509,656,621,35
S01011510,975,708,267
S01011511,775,489,286
S01011512,1263,703,560
S01011513,925,548,377
S01011514,1137,1112,25
S01011515,825,686,139
S01011516,973,917,56
S01011517,626,602,24
S01011518,713,603,110
S01011519,775,755,20
S01011520,1041,685,356
S01011521,1317,601,716
S01011522,890,251,639
S01011523,1276,1024,252
S01011524,883,731,152
S01011525,785,650,135
S01011526,998,938,60
S01011527,985,930,55
S01011528,1034,586,448
S01011529,1127,544,583
S01011530,1221,846,375
S01011531,1125,973,152
S01011532,475,458,17
S01011533,699,313,386
S01011534,778,559,219
S01011535,856,355,501
S01011536,719,662,57
S01011537,897,785,112
S01011538,814,802,12
S01011539,912,634,278
S01011540,1041,1021,20
S01011541,951,929,22
S01011542,1153,1120,33
S01011543,923,893,30
S01011544,809,780,29
S01011545,929,897,32
S01011546,811,806,5
S01011547,465,463,2
S01011548,815,734,81
S01011549,1004,980,24
S01011550,1095,1066,29
S01011551,948,890,58
S01011552,1042,933,109
S01011553,244,234,10
S01011554,1086,903,183
S01011555,874,288,586
S01011556,711,337,374
S01011557,965,927,38
S01011558,860,757,103
S01011559,749,488,261
S01011560,1032,870,162
S01011561,795,617,178
S01011562,854,662,192
S01011563,925,656,269
S01011564,726,686,40
S01011565,885,851,34
S01011566,810,422,388
S01011567,839,808,31
S01011568,825,639,186
S01011569,791,560,231
S01011570,1010,404,606
S01011571,940,133,807
S01011572,890,311,579
S01011573,667,393,274
S01011574,717,693,24
S01011575,468,418,50
S01011576,899,451,448
S01011577,676,432,244
S01011578,1246,566,680
S01011579,987,970,17
S01011580,1016,260,756
S01011581,951,394,557
S01011582,1356,911,445
S01011583,949,371,578
S01011584,832,548,284
S01011585,1231,595,636
S01011586,736,356,380
S01011587,860,455,405
S01011588,976,875,101
S01011589,1038,955,83
S01011590,1182,1131,51
S01011591,982,837,145
S01011592,886,296,590
S01011593,638,276,362
S01011594,718,289,429
S01011595,962,502,460
S01011596,1329,658,671
S01011597,838,525,313
S01011598,978,90,888
S01011599,941,391,550
S01011600,739,290,449
S01011601,859,842,17
S01011602,723,483,240
S01011603,1084,539,545
S01011604,705,431,274
S01011605,894,805,89
S01011606,412,404,8
S01011607,859,736,123
S01011608,855,744,111
S01011609,1016,501,515
S01011610,1043,754,289
S01011611,733,673,60
S01011612,301,205,96
S01011613,1021,999,22
S01011614,470,428,42
S01011615,882,499,383
S01011616,581,413,168
S01011617,1131,964,167
S01011618,874,710,164
S01011619,785,722,63
S01011620,682,670,12
S01011621,898,827,71
S01011622,171,171,0
S01011623,955,741,214
S01011624,833,603,230
S01011625,568,507,61
S01011626,1140,1047,93
S01011627,619,562,57
S01011628,1398,1369,29
S01011629,802,773,29
S01011630,704,687,17
S01011631,948,918,30
S01011632,1065,1010,55
S01011633,1165,822,343
S01011634,869,704,165
S01011635,667,512,155
S01011636,887,377,510
S01011637,787,368,419
S01011638,770,340,430
S01011639,639,157,482
S01011640,1063,603,460
S01011641,1028,1017,11
S01011642,897,690,207
S01011643,542,291,251
S01011644,851,709,142
S01011645,626,491,135
S01011646,973,969,4
S01011647,1108,1087,21
S01011648,462,199,263
S01011649,419,133,286
S01011650,1169,808,361
S01011651,824,475,349
S01011652,912,831,81
S01011653,1198,761,437
S01011654,1058,431,627
S01011655,872,318,554
S01011656,800,341,459
S01011657,634,256,378
S01011658,976,865,111
S01011659,925,671,254
S01011660,1222,1143,79
S01011661,1119,948,171
S01011662,481,476,5
S01011663,901,734,167
S01011664,1067,1022,45
S01011665,1190,461,729
S01011666,1044,337,707
S01011667,961,451,510
S01011668,1517,588,929
S01011669,928,597,331
S01011670,819,361,458
S01011671,755,556,199
S01011672,837,618,219
S01011673,790,310,480
S01011674,798,533,265
S01011675,1052,908,144
S01011676,863,795,68
S01011677,164,156,8
S01011678,533,260,273
S01011679,606,499,107
S01011680,1228,1061,167
S01011681,758,725,33
S01011682,741,705,36
S01011683,878,636,242
S01011684,728,583,145
S01011685,273,213,60
S01011686,953,837,116
S01011687,1034,870,164
S01011688,1077,794,283
S01011689,514,420,94
S01011690,827,606,221
S01011691,324,319,5
S01011692,1293,1041,252
S01011693,952,819,133
S01011694,110,75,35
S01011695,973,882,91
S01011696,163,153,10
S01011697,490,276,214
S01011698,765,452,313
S01011699,929,824,105
S01011700,914,766,148
S01011701,853,748,105
S01011702,853,798,55
S01011703,786,709,77
S01011704,840,752,88
S01011705,962,496,466
S01011706,950,784,166
S01011707,688,679,9
S01011708,1076,751,325
S01011709,1146,1000,146
S01011710,679,434,245
S01011711,1219,862,357
S01011712,540,320,220
S01011713,1296,1203,93
S01011714,479,410,69
S01011715,1141,799,342
S01011716,1045,1014,31
S01011717,898,886,12
S01011718,230,195,35
S01011719,772,747,25
S01011720,696,635,61
S01011721,773,768,5
S01011722,1448,1394,54
S01011723,950,933,17
S01011724,706,694,12
S01011725,640,640,0
S01011726,577,577,0
S01011727,237,224,13
S01011728,1018,901,117
S01011729,1186,893,293
S01011730,986,813,173
S01011731,1172,1153,19
S01011732,1027,1026,1
S01011733,936,856,80
S01011734,929,815,114
S01011735,800,778,22
S01011736,1186,965,221
S01011737,994,674,320
S01011738,813,411,402
S01011739,620,600,20
S01011740,718,540,178
S01011741,1032,657,375
S01011742,887,775,112
S01011743,746,529,217
S01011744,756,492,264
S01011745,1090,997,93
S01011746,900,809,91
S01011747,1050,891,159
S01011748,1016,707,309
S01011749,880,509,371
S01011750,864,705,159
S01011751,1170,217,953
S01011752,1107,690,417
S01011753,880,519,361
S01011754,983,773,210
S01011755,1038,600,438
S01011756,1218,668,550
S01011757,952,605,347
S01011758,710,653,57
S01011759,933,858,75
S01011760,966,596,370
S01011761,636,604,32
S01011762,967,507,460
S01011763,868,801,67
S01011764,428,425,3
S01011765,1334,1321,13
S01011766,757,738,19
S01011767,1303,948,355
S01011768,892,440,452
S01011769,814,446,368
S01011770,960,750,210
S01011771,701,699,2
S01011772,1139,1139,0
S01011773,566,559,7
S01011774,837,733,104
S01011775,751,747,4
S01011776,426,423,3
S01011777,586,503,83
S01011778,663,564,99
S01011779,734,688,46
S01011780,730,723,7
S01011781,960,947,13
S01011782,859,839,20
S01011783,595,582,13
S01011784,922,867,55
S01011785,1155,1124,31
S01011786,219,219,0
S01011787,1110,751,359
S01011788,427,425,2
S01011789,1194,1155,39
S01011790,1281,755,526
S01011791,783,457,326
S01011792,884,446,438
S01011793,671,498,173
S01011794,871,450,421
S01011795,784,415,369
S01011796,871,223,648
S01011797,944,889,55
S01011798,605,207,398
S01011799,1095,978,117
S01011800,719,617,102
S01011801,731,438,293
S01011802,771,496,275
S01011803,681,661,20
S01011804,916,808,108
S01011805,880,773,107
S01011806,1149,1124,25
S01011807,987,984,3
S01011808,901,884,17
S01011809,566,562,4
S01011810,1045,1029,16
S01011811,864,856,8
S01011812,990,977,13
S01011813,844,835,9
S01011814,604,601,3
S01011815,509,504,5
S01011816,646,633,13
S01011817,645,620,25
S01011818,1267,1245,22
S01011819,1260,1210,50
S01011820,706,626,80
S01011821,475,365,110
S01011822,800,579,221
S01011823,670,663,7
S01011824,1040,1018,22
S01011825,517,465,52
S01011826,698,582,116
S01011827,577,533,44
S01011828,854,829,25
S01011829,473,456,17
S01011830,836,825,11
S01011831,1022,999,23
S01011832,749,717,32
S01011833,828,802,26
S01011834,622,564,58
S01011835,570,528,42
S01011836,1085,1054,31
S01011837,774,736,38
S01011838,1180,1130,50
S01011839,1172,1143,29
S01011840,1229,1223,6
S01011841,1374,1065,309
S01011842,1389,1169,220
S01011843,1192,1137,55
S01011844,936,803,133
S01011845,789,700,89
S01011846,898,775,123
S01011847,451,442,9
S01011848,771,736,35
S01011849,718,625,93
S01011850,876,783,93
S01011851,802,749,53
S01011852,889,720,169
S01011853,805,640,165
S01011854,994,903,91
S01011855,1119,975,144
S01011856,740,729,11
S01011857,1072,1022,50
S01011858,840,820,20
S01011859,1062,951,111
S01011860,700,682,18
S01011861,749,645,104
S01011862,890,783,107
S01011863,923,644,279
S01011864,785,708,77
S01011865,731,603,128
S01011866,1104,951,153
S01011867,952,708,244
S01011868,863,567,296
S01011869,785,395,390
S01011870,682,522,160
S01011871,938,911,27
S01011872,817,766,51
S01011873,702,643,59
S01011874,853,810,43
S01011875,1100,1003,97
S01011876,961,908,53
S01011877,778,705,73
S01011878,1199,1120,79
S01011879,761,734,27
S01011880,943,911,32
S01011881,737,537,200
S01011882,954,845,109
S01011883,1409,1391,18
S01011884,367,363,4
S01011885,452,411,41
S01011886,926,870,56
S01011887,772,661,111
S01011888,1237,792,445
S01011889,987,738,249
S01011890,877,685,192
S01011891,743,316,427
S01011892,1125,516,609
S01011893,996,521,475
S01011894,726,578,148
S01011895,1078,997,81
S01011896,961,642,319
S01011897,1097,977,120
S01011898,711,660,51
S01011899,1065,1041,24
S01011900,711,706,5
S01011901,814,734,80
S01011902,1176,1164,12
S01011903,990,966,24
S01011904,981,938,43
S01011905,763,746,17
S01011906,355,343,12
S01011907,871,848,23
S01011908,583,562,21
S01011909,524,477,47
S01011910,1194,500,694
S01011911,772,687,85
S01011912,847,462,385
S01011913,898,418,480
S01011914,1010,196,814
S01011915,882,697,185
S01011916,955,690,265
S01011917,664,351,313
S01011918,923,295,628
S01011919,942,515,427
S01011920,664,527,137
S01011921,614,302,312
S01011922,884,620,264
S01011923,856,599,257
S01011924,937,688,249
S01011925,238,124,114
S01011926,845,611,234
S01011927,621,481,140
S01011928,884,690,194
S01011929,730,574,156
S01011930,754,560,194
S01011931,871,105,766
S01011932,477,148,329
S01011933,1016,417,599
S01011934,759,298,461
S01011935,929,273,656
S01011936,689,208,481
S01011937,333,26,307
S01011938,442,133,309
S01011939,804,146,658
S01011940,817,27,790
S01011941,820,67,753
S01011942,691,39,652
S01011943,1174,101,1073
S01011944,447,351,96
S01011945,1296,1242,54
S01011946,834,520,314
S01011947,676,641,35
S01011948,893,618,275
S01011949,1038,1031,7
S01011950,971,929,42
S01011951,806,657,149
S01011952,414,387,27
S01011953,963,835,128
S01011954,623,537,86
S01011955,1042,844,198
S01011956,719,707,12
S01011957,805,743,62
S01011958,1400,1381,19
S01011959,944,900,44
S01011960,716,619,97
S01011961,1064,974,90
S01011962,595,537,58
S01011963,607,553,54
S01011964,1011,852,159
S01011965,1019,923,96
S01011966,753,732,21
S01011967,875,848,27
S01011968,1235,808,427
S01011969,1698,1386,312
S01011970,1613,1129,484
S01011971,604,576,28
S01011972,1641,1611,30
S01011973,537,508,29
S01011974,682,668,14
S01011975,445,433,12
S01011976,902,697,205
S01011977,1245,1134,111
S01011978,1224,998,226
S01011979,775,746,29
S01011980,489,486,3
S01011981,1068,997,71
S01011982,1338,1259,79
S01011983,1233,1182,51
S01011984,620,422,198
S01011985,646,552,94
S01011986,976,608,368
S01011987,1096,960,136
S01011988,663,653,10
S01011989,773,745,28
S01011990,746,687,59
S01011991,943,902,41
S01011992,896,732,164
S01011993,951,394,557
S01011994,792,783,9
S01011995,707,689,18
S01011996,782,669,113
S01011997,1237,924,313
S01011998,629,588,41
S01011999,647,622,25
S01012000,580,526,54
S01012001,810,734,76
S01012002,765,746,19
S01012003,854,770,84
S01012004,1154,1083,71
S01012005,730,680,50
S01012006,785,733,52
S01012007,892,734,158
S01012008,1250,1021,229
S01012009,618,604,14
S01012010,1224,1098,126
S01012011,1270,1006,264
S01012012,671,576,95
S01012013,783,717,66
S01012014,1640,1250,390
S01012015,1164,965,199
S01012016,690,663,27
S01012017,568,532,36
S01012018,848,812,36
S01012019,686,484,202
S01012020,1042,743,299
S01012021,884,807,77
S01012022,1142,903,239
S01012023,602,590,12
S01012024,1057,987,70
S01012025,746,632,114
S01012026,468,441,27
S01012027,998,878,120
S01012028,1044,950,94
S01012029,899,681,218
S01012030,1302,1160,142
S01012031,632,620,12
S01012032,401,392,9
S01012033,958,766,192
S01012034,956,585,371
S01012035,1195,910,285
S01012036,1245,963,282
S01012037,1298,777,521
S01012038,1139,521,618
S01012039,1016,951,65
S01012040,705,614,91
S01012041,1261,991,270
S01012042,1011,951,60
S01012043,880,498,382
S01012044,1041,593,448
S01012045,1040,408,632
S01012046,953,404,549
S01012047,1041,350,691
S01012048,663,161,502
S01012049,760,512,248
S01012050,968,818,150
S01012051,555,352,203
S01012052,878,569,309
S01012053,1042,607,435
S01012054,1247,541,706
S01012055,909,659,250
S01012056,962,844,118
S01012057,808,784,24
S01012058,757,670,87
S01012059,999,822,177
S01012060,860,627,233
S01012061,1051,774,277
S01012062,950,817,133
S01012063,704,609,95
S01012064,718,622,96
S01012065,818,546,272
S01012066,935,683,252
S01012067,690,472,218
S01012068,779,530,249
S01012069,604,217,387
S01012070,809,46,763
S01012071,817,41,776
S01012072,997,193,804
S01012073,632,387,245
S01012074,673,451,222
S01012075,1060,840,220
S01012076,981,574,407
S01012077,869,452,417
S01012078,835,651,184
S01012079,1020,646,374
S01012080,1056,693,363
S01012081,722,425,297
S01012082,986,757,229
S01012083,1200,715,485
S01012084,729,726,3
S01012085,872,837,35
S01012086,973,720,253
S01012087,859,776,83
S01012088,593,485,108
S01012089,910,793,117
S01012090,1150,1121,29
S01012091,868,775,93
S01012092,687,626,61
S01012093,588,374,214
S01012094,880,842,38
S01012095,1210,969,241
S01012096,913,743,170
S01012097,719,594,125
S01012098,950,717,233
S01012099,1037,651,386
S01012100,1485,1154,331
S01012101,974,873,101
S01012102,1003,455,548
S01012103,1134,842,292
S01012104,907,855,52
S01012105,1071,790,281
S01012106,1011,439,572
S01012107,650,432,218
S01012108,1096,198,898
S01012109,1101,228,873
S01012110,924,204,720
S01012111,1305,681,624
S01012112,1073,605,468
S01012113,1080,768,312
S01012114,963,784,179
S01012115,742,616,126
S01012116,668,571,97
S01012117,277,260,17
S01012118,613,594,19
S01012119,1007,1006,1
S01012120,696,437,259
S01012121,817,661,156
S01012122,1018,872,146
S01012123,799,560,239
S01012124,690,407,283
S01012125,942,145,797
S01012126,491,112,379
S01012127,771,16,755
S01012128,406,19,387
S01012129,921,118,803
S01012130,997,181,816
S01012131,1239,81,1158
S01012132,831,35,796
S01012133,912,234,678
S01012134,1097,246,851
S01012135,1239,85,1154
S01012136,880,58,822
S01012137,825,62,763
S01012138,1106,500,606
S01012139,977,574,403
S01012140,934,774,160
S01012141,1264,1203,61
S01012142,950,932,18
S01012143,1284,1217,67
S01012144,1059,971,88
S01012145,1208,1111,97
S01012146,1000,273,727
S01012147,905,299,606
S01012148,764,132,632
S01012149,817,441,376
S01012150,886,630,256
S01012151,1149,726,423
S01012152,1008,415,593
S01012153,358,72,286
S01012154,600,58,542
S01012155,788,151,637
S01012156,1220,301,919
S01012157,901,416,485
S01012158,901,500,401
S01012159,578,572,6
S01012160,1042,870,172
S01012161,529,94,435
S01012162,773,107,666
S01012163,568,412,156
S01012164,434,422,12
S01012165,961,383,578
S01012166,859,392,467
S01012167,601,273,328
S01012168,1121,958,163
S01012169,945,490,455
S01012170,1374,688,686
S01012171,1263,732,531
S01012172,1052,593,459
S01012173,811,804,7
S01012174,1131,1042,89
S01012175,1161,949,212
S01012176,1454,1218,236
S01012177,952,918,34
S01012178,1070,987,83
S01012179,781,447,334
S01012180,704,495,209
S01012181,1152,579,573
S01012182,705,442,263
S01012183,649,112,537
S01012184,131,30,101
S01012185,710,107,603
S01012186,888,540,348
S01012187,914,433,481
S01012188,645,593,52
S01012189,708,506,202
S01012190,336,332,4
S01012191,1185,1139,46
S01012192,519,519,0
S01012193,773,757,16
S01012194,882,880,2
S01012195,971,957,14
S01012196,589,539,50
S01012197,1132,1025,107
S01012198,1076,965,111
S01012199,946,912,34
S01012200,699,675,24
S01012201,1134,1093,41
S01012202,596,583,13
S01012203,1011,1005,6
S01012204,840,833,7
S01012205,972,908,64
S01012206,1025,987,38
S01012207,1246,1203,43
S01012208,1373,1230,143
S01012209,1065,872,193
S01012210,742,592,150
S01012211,1173,998,175
S01012212,1296,1251,45
S01012213,1133,1124,9
S01012214,869,865,4
S01012215,1128,1126,2
S01012216,1332,1273,59
S01012217,571,172,399
S01012218,757,301,456
S01012219,934,658,276
S01012220,797,258,539
S01012221,818,477,341
S01012222,1216,814,402
S01012223,819,451,368
S01012224,1183,735,448
S01012225,1180,757,423
S01012226,905,783,122
S01012227,988,868,120
S01012228,835,821,14
S01012229,826,788,38
S01012230,1103,1060,43
S01012231,890,888,2
S01012232,1227,1212,15
S01012233,919,913,6
S01012234,1367,1241,126
S01012235,841,809,32
S01012236,910,784,126
S01012237,878,815,63
S01012238,594,330,264
S01012239,602,249,353
S01012240,763,625,138
S01012241,699,612,87
S01012242,948,916,32
S01012243,1001,989,12
S01012244,993,941,52
S01012245,1334,1195,139
S01012246,978,954,24
S01012247,701,664,37
S01012248,788,762,26
S01012249,998,958,40
S01012250,853,824,29
S01012251,1200,720,480
S01012252,1235,849,386
S01012253,958,505,453
S01012254,937,580,357
S01012255,725,480,245
S01012256,847,813,34
S01012257,1152,1018,134
S01012258,1146,1132,14
S01012259,882,798,84
S01012260,884,809,75
S01012261,454,438,16
S01012262,942,868,74
S01012263,725,371,354
S01012264,297,187,110
S01012265,1266,987,279
S01012266,1027,726,301
S01012267,757,550,207
S01012268,1057,991,66
S01012269,928,806,122
S01012270,881,746,135
S01012271,1140,1111,29
S01012272,741,624,117
S01012273,664,653,11
S01012274,1099,793,306
S01012275,655,229,426
S01012276,1491,941,550
S01012277,1167,813,354
S01012278,1180,393,787
S01012279,1077,526,551
S01012280,1139,849,290
S01012281,1013,584,429
S01012282,1010,785,225
S01012283,904,682,222
S01012284,782,231,551
S01012285,711,558,153
S01012286,1099,887,212
S01012287,1137,546,591
S01012288,1040,517,523
S01012289,873,822,51
S01012290,629,516,113
S01012291,780,635,145
S01012292,1018,775,243
S01012293,620,521,99
S01012294,1055,922,133
S01012295,291,263,28
S01012296,580,545,35
S01012297,547,538,9
S01012298,867,806,61
S01012299,570,544,26
S01012300,1135,1084,51
S01012301,988,974,14
S01012302,712,685,27
S01012303,827,821,6
S01012304,1112,1086,26
S01012305,904,809,95
S01012306,858,611,247
S01012307,929,724,205
S01012308,810,795,15
S01012309,1004,947,57
S01012310,1392,1303,89
S01012311,956,892,64
S01012312,1047,1013,34
S01012313,815,801,14
S01012314,898,854,44
S01012315,705,525,180
S01012316,704,461,243
S01012317,435,400,35
S01012318,891,873,18
S01012319,760,741,19
S01012320,767,716,51
S01012321,821,750,71
S01012322,1061,1045,16
S01012323,897,884,13
S01012324,958,940,18
S01012325,609,541,68
S01012326,942,646,296
S01012327,1020,943,77
S01012328,871,852,19
S01012329,1018,988,30
S01012330,718,672,46
S01012331,769,707,62
S01012332,965,947,18
S01012333,943,891,52
S01012334,1002,770,232
S01012335,1574,1545,29
S01012336,916,692,224
S01012337,980,621,359
S01012338,686,396,290
S01012339,772,457,315
S01012340,692,620,72
S01012341,815,790,25
S01012342,906,887,19
S01012343,890,874,16
S01012344,914,769,145
S01012345,727,681,46
S01012346,815,780,35
S01012347,686,661,25
S01012348,890,813,77
S01012349,1186,1067,119
S01012350,1197,879,318
S01012351,1024,770,254
S01012352,1098,802,296
S01012353,822,387,435
S01012354,910,865,45
S01012355,938,928,10
S01012356,1073,992,81
S01012357,902,850,52
S01012358,852,823,29
S01012359,962,798,164
S01012360,778,591,187
S01012361,950,860,90
S01012362,1111,1052,59
S01012363,1247,452,795
S01012364,823,299,524
S01012365,1235,954,281
S01012366,959,347,612
S01012367,1141,885,256
S01012368,861,768,93
S01012369,1152,864,288
S01012370,1260,652,608
S01012371,1164,445,719
S01012372,1069,289,780
S01012373,1253,907,346
S01012374,973,631,342
S01012375,1269,914,355
S01012376,841,819,22
S01012377,633,597,36
S01012378,770,726,44
S01012379,548,527,21
S01012380,1457,1088,369
S01012381,1086,728,358
S01012382,1110,1038,72
S01012383,1162,837,325
S01012384,512,351,161
S01012385,756,504,252
S01012386,1116,965,151
S01012387,939,921,18
S01012388,670,652,18
S01012389,774,767,7
S01012390,658,646,12
S01012391,922,899,23
S01012392,600,586,14
S01012393,1168,1146,22
S01012394,1081,1069,12
S01012395,857,746,111
S01012396,847,647,200
S01012397,853,731,122
S01012398,989,539,450
S01012399,927,893,34
S01012400,894,703,191
S01012401,910,783,127
S01012402,340,336,4
S01012403,981,961,20
S01012404,1113,1023,90
S01012405,607,598,9
S01012406,675,668,7
S01012407,919,913,6
S01012408,763,751,12
S01012409,1054,1035,19
S01012410,1246,1228,18
S01012411,1318,1279,39
S01012412,681,655,26
S01012413,1036,1015,21
S01012414,792,774,18
S01012415,791,777,14
S01012416,520,506,14
S01012417,628,555,73
S01012418,879,856,23
S01012419,1060,1013,47
S01012420,1113,1033,80
S01012421,989,942,47
S01012422,1297,1230,67
S01012423,1099,991,108
S01012424,861,761,100
S01012425,660,413,247
S01012426,654,515,139
S01012427,817,686,131
S01012428,946,927,19
S01012429,498,462,36
S01012430,1037,851,186
S01012431,1080,871,209
S01012432,866,700,166
S01012433,858,608,250
S01012434,827,429,398
S01012435,939,596,343
S01012436,952,791,161
S01012437,810,704,106
S01012438,631,571,60
S01012439,918,743,175
S01012440,559,538,21
S01012441,1007,969,38
S01012442,689,617,72
S01012443,683,663,20
S01012444,994,967,27
S01012445,116,116,0
S01012446,730,564,166
S01012447,978,936,42
S01012448,497,478,19
S01012449,589,553,36
S01012450,806,748,58
S01012451,833,780,53
S01012452,713,707,6
S01012453,881,834,47
S01012454,1131,1117,14
S01012455,627,605,22
S01012456,1039,1032,7
S01012457,1050,1044,6
S01012458,900,876,24
S01012459,881,854,27
S01012460,905,872,33
S01012461,732,649,83
S01012462,908,719,189
S01012463,880,782,98
S01012464,698,584,114
S01012465,891,858,33
S01012466,1026,863,163
S01012467,1264,1216,48
S01012468,878,869,9
S01012469,1069,898,171
S01012470,994,770,224
S01012471,782,760,22
S01012472,848,841,7
S01012473,693,684,9
S01012474,800,641,159
S01012475,690,640,50
S01012476,1129,1113,16
S01012477,881,865,16
S01012478,836,820,16
S01012479,1118,1111,7
S01012480,177,56,121
S01012481,747,283,464
S01012482,791,310,481
S01012483,751,226,525
S01012484,1137,804,333
S01012485,1160,802,358
S01012486,714,554,160
S01012487,620,301,319
S01012488,977,722,255
S01012489,1148,165,983
S01012490,1050,128,922
S01012491,779,70,709
S01012492,994,121,873
S01012493,809,475,334
S01012494,1387,1281,106
S01012495,1109,992,117
S01012496,893,874,19
S01012497,645,448,197
S01012498,938,810,128
S01012499,1099,1036,63
S01012500,665,400,265
S01012501,966,457,509
S01012502,959,320,639
S01012503,729,453,276
S01012504,590,397,193
S01012505,1042,612,430
S01012506,459,361,98
S01012507,963,520,443
S01012508,812,529,283
S01012509,563,471,92
S01012510,1099,966,133
S01012511,805,655,150
S01012512,966,657,309
S01012513,605,585,20
S01012514,766,733,33
S01012515,859,577,282
S01012516,658,622,36
S01012517,911,582,329
S01012518,802,636,166
S01012519,793,520,273
S01012520,818,648,170
S01012521,778,578,200
S01012522,954,890,64
S01012523,1113,1081,32
S01012524,1074,900,174
S01012525,1051,978,73
S01012526,951,911,40
S01012527,692,649,43
S01012528,839,756,83
S01012529,939,842,97
S01012530,1148,1123,25
S01012531,842,778,64
S01012532,1002,938,64
S01012533,801,544,257
S01012534,939,728,211
S01012535,954,585,369
S01012536,880,806,74
S01012537,1079,897,182
S01012538,1024,768,256
S01012539,850,750,100
S01012540,1098,950,148
S01012541,1005,896,109
S01012542,1119,1074,45
S01012543,717,707,10
S01012544,538,503,35
S01012545,550,488,62
S01012546,994,976,18
S01012547,778,753,25
S01012548,883,827,56
S01012549,908,546,362
S01012550,1088,877,211
S01012551,1250,1248,2
S01012552,969,952,17
S01012553,819,786,33
S01012554,737,734,3
S01012555,592,592,0
S01012556,621,619,2
S01012557,867,841,26
S01012558,826,724,102
S01012559,929,641,288
S01012560,1132,982,150
S01012561,1169,989,180
S01012562,971,427,544
S01012563,786,763,23
S01012564,917,855,62
S01012565,945,722,223
S01012566,866,234,632
S01012567,1004,290,714
S01012568,1056,939,117
S01012569,742,637,105
S01012570,809,767,42
S01012571,799,703,96
S01012572,605,572,33
S01012573,836,824,12
S01012574,1236,1134,102
S01012575,858,799,59
S01012576,917,744,173
S01012577,975,901,74
S01012578,1363,1219,144
S01012579,775,729,46
S01012580,732,703,29
S01012581,1089,886,203
S01012582,688,647,41
S01012583,743,664,79
S01012584,638,616,22
S01012585,1429,1267,162
S01012586,764,745,19
S01012587,800,790,10
S01012588,699,681,18
S01012589,876,860,16
S01012590,1063,883,180
S01012591,1109,909,200
S01012592,421,410,11
S01012593,953,895,58
S01012594,750,678,72
S01012595,918,793,125
S01012596,698,534,164
S01012597,345,228,117
S01012598,726,665,61
S01012599,715,568,147
S01012600,728,713,15
S01012601,860,777,83
S01012602,729,397,332
S01012603,699,519,180
S01012604,914,855,59
S01012605,709,690,19
S01012606,316,316,0
S01012607,772,724,48
S01012608,1124,1094,30
S01012609,1011,949,62
S01012610,1205,812,393
S01012611,961,940,21
S01012612,1220,1175,45
S01012613,1306,1259,47
S01012614,1013,916,97
S01012615,1022,944,78
S01012616,725,668,57
S01012617,352,351,1
S01012618,733,686,47
S01012619,695,432,263
S01012620,1020,911,109
S01012621,975,905,70
S01012622,917,857,60
S01012623,872,572,300
S01012624,832,711,121
S01012625,729,679,50
S01012626,744,708,36
S01012627,667,422,245
S01012628,532,417,115
S01012629,331,284,47
S01012630,799,419,380
S01012631,1050,749,301
S01012632,551,534,17
S01012633,931,710,221
S01012634,1215,944,271
S01012635,1310,1183,127
S01012636,697,649,48
S01012637,1133,581,552
S01012638,1121,891,230
S01012639,1384,1279,105
S01012640,1372,1265,107
S01012641,753,660,93
S01012642,1560,1214,346
S01012643,553,430,123
S01012644,543,392,151
S01012645,932,702,230
S01012646,948,839,109
S01012647,319,285,34
S01012648,730,703,27
S01012649,873,765,108
S01012650,784,747,37
S01012651,796,711,85
S01012652,1055,1005,50
S01012653,973,937,36
S01012654,897,784,113
S01012655,1189,837,352
S01012656,959,892,67
S01012657,928,804,124
S01012658,972,958,14
S01012659,520,503,17
S01012660,772,622,150
S01012661,944,753,191
S01012662,1049,695,354
S01012663,909,844,65
S01012664,948,747,201
S01012665,903,850,53
S01012666,888,856,32
S01012667,719,606,113
S01012668,1144,852,292
S01012669,1091,1085,6
S01012670,716,701,15
S01012671,1233,1160,73
S01012672,727,597,130
S01012673,1106,1032,74
S01012674,767,608,159
S01012675,1116,995,121
S01012676,958,940,18
S01012677,623,566,57
S01012678,793,785,8
S01012679,575,428,147
S01012680,245,235,10
S01012681,693,599,94
S01012682,829,772,57
S01012683,922,705,217
S01012684,399,340,59
S01012685,1163,1038,125
S01012686,1241,935,306
S01012687,1435,1399,36
S01012688,944,455,489
S01012689,653,584,69
S01012690,542,519,23
S01012691,1071,996,75
S01012692,1019,884,135
S01012693,1008,999,9
S01012694,595,585,10
S01012695,646,636,10
S01012696,667,661,6
S01012697,505,487,18
S01012698,1067,1033,34
S01012699,996,925,71
S01012700,956,909,47
S01012701,1188,1131,57
S01012702,437,395,42
S01012703,735,673,62
S01012704,711,638,73
S01012705,755,755,0
S01012706,1050,921,129
S01012707,984,975,9
S01012708,1020,439,581
S01012709,749,557,192
S01012710,944,512,432
S01012711,1228,635,593
S01012712,1016,994,22
S01012713,1205,957,248
S01012714,727,671,56
S01012715,1013,421,592
S01012716,1149,1024,125
S01012717,965,386,579
S01012718,748,361,387
S01012719,858,249,609
S01012720,650,171,479
S01012721,708,543,165
S01012722,1204,483,721
S01012723,888,468,420
S01012724,763,381,382
S01012725,926,374,552
S01012726,993,765,228
S01012727,989,777,212
S01012728,1130,603,527
S01012729,1081,948,133
S01012730,622,464,158
S01012731,864,767,97
S01012732,894,870,24
S01012733,210,208,2
S01012734,100,66,34
S01012735,616,445,171
S01012736,1302,1217,85
S01012737,1223,1163,60
S01012738,622,540,82
S01012739,123,112,11
S01012740,91,66,25
S01012741,686,628,58
S01012742,1032,1030,2
S01012743,1019,1005,14
S01012744,786,769,17
S01012745,885,811,74
S01012746,1124,1100,24
S01012747,1287,1256,31
S01012748,944,733,211
S01012749,886,660,226
S01012750,784,576,208
S01012751,1380,931,449
S01012752,693,622,71
S01012753,540,479,61
S01012754,969,923,46
S01012755,604,398,206
S01012756,1002,850,152
S01012757,519,384,135
S01012758,646,568,78
S01012759,817,710,107
S01012760,889,560,329
S01012761,1059,862,197
S01012762,876,831,45
S01012763,692,658,34
S01012764,1011,966,45
S01012765,663,636,27
S01012766,801,770,31
S01012767,901,894,7
S01012768,987,976,11
S01012769,496,485,11
S01012770,789,631,158
S01012771,924,623,301
S01012772,1193,1136,57
S01012773,1270,1067,203
S01012774,894,574,320
S01012775,747,542,205
S01012776,930,683,247
S01012777,585,461,124
S01012778,736,436,300
S01012779,697,361,336
S01012780,837,345,492
S01012781,623,507,116
S01012782,969,472,497
S01012783,1070,512,558
S01012784,948,382,566
S01012785,786,262,524
S01012786,870,110,760
S01012787,387,130,257
S01012788,1008,893,115
S01012789,1076,822,254
S01012790,521,467,54
S01012791,897,653,244
S01012792,1000,649,351
S01012793,866,393,473
S01012794,249,76,173
S01012795,1192,945,247
S01012796,555,397,158
S01012797,652,569,83
S01012798,856,569,287
S01012799,1150,826,324
S01012800,852,667,185
S01012801,286,146,140
S01012802,672,670,2
S01012803,985,969,16
S01012804,915,889,26
S01012805,1055,1022,33
S01012806,951,910,41
S01012807,718,654,64
S01012808,901,681,220
S01012809,857,448,409
S01012810,888,327,561
S01012811,921,864,57
S01012812,941,732,209
S01012813,1097,1038,59
S01012814,827,803,24
S01012815,643,599,44
S01012816,432,310,122
S01012817,332,332,0
S01012818,888,886,2
S01012819,1203,854,349
S01012820,663,658,5
S01012821,417,351,66
S01012822,751,325,426
S01012823,352,350,2
S01012824,893,784,109
S01012825,602,281,321
S01012826,610,282,328
S01012827,431,212,219
S01012828,563,517,46
S01012829,765,587,178
S01012830,714,519,195
S01012831,800,608,192
S01012832,646,566,80
S01012833,1090,692,398
S01012834,773,431,342
S01012835,894,630,264
S01012836,66,14,52
S01012837,1085,246,839
S01012838,910,60,850
S01012839,797,694,103
S01012840,426,421,5
S01012841,834,740,94
S01012842,1102,854,248
S01012843,1042,957,85
S01012844,1041,944,97
S01012845,990,634,356
S01012846,1029,364,665
S01012847,873,703,170
S01012848,630,548,82
S01012849,978,733,245
S01012850,972,719,253
S01012851,1044,928,116
S01012852,1065,815,250
S01012853,1021,861,160
S01012854,1078,706,372
S01012855,1043,486,557
S01012856,895,505,390
S01012857,1322,688,634
S01012858,815,225,590
S01012859,949,526,423
S01012860,726,594,132
S01012861,678,449,229
S01012862,788,154,634
S01012863,784,122,662
S01012864,779,61,718
S01012865,1194,819,375
S01012866,1018,510,508
S01012867,933,548,385
S01012868,776,150,626
S01012869,614,345,269
S01012870,968,854,114
S01012871,1006,509,497
S01012872,993,189,804
S01012873,1125,461,664
S01012874,950,565,385
S01012875,640,315,325
S01012876,991,624,367
S01012877,786,670,116
S01012878,958,867,91
S01012879,1057,852,205
S01012880,1099,984,115
S01012881,1314,999,315
S01012882,740,278,462
S01012883,1079,343,736
S01012884,677,328,349
S01012885,919,411,508
S01012886,976,908,68
S01012887,744,560,184
S01012888,962,799,163
S01012889,768,471,297
S01012890,668,406,262
S01012891,826,628,198
S01012892,1257,639,618
S01012893,1057,392,665
S01012894,254,245,9
S01012895,476,465,11
S01012896,1111,419,692
S01012897,640,635,5
S01012898,233,233,0
S01012899,749,381,368
S01012900,796,699,97
S01012901,1318,1013,305
S01012902,1066,699,367
S01012903,1068,666,402
S01012904,1058,616,442
S01012905,1047,830,217
S01012906,1137,757,380
S01012907,1116,770,346
S01012908,1144,829,315
S01012909,952,685,267
S01012910,1288,865,423
S01012911,866,618,248
S01012912,1142,723,419
S01012913,1053,748,305
S01012914,956,718,238
S01012915,643,485,158
S01012916,1026,832,194
S01012917,786,783,3
S01012918,909,665,244
S01012919,509,419,90
S01012920,644,539,105
S01012921,770,538,232
S01012922,761,562,199
S01012923,907,744,163
S01012924,651,495,156
S01012925,684,590,94
S01012926,765,521,244
S01012927,827,659,168
S01012928,1011,819,192
S01012929,968,817,151
S01012930,877,394,483
S01012931,1136,696,440
S01012932,661,605,56
S01012933,900,786,114
S01012934,867,576,291
S01012935,1533,1268,265
S01012936,792,395,397
S01012937,906,656,250
S01012938,962,898,64
S01012939,846,843,3
S01012940,904,789,115
S01012941,866,858,8
S01012942,930,702,228
S01012943,883,801,82
S01012944,779,772,7
S01012945,710,689,21
S01012946,808,802,6
S01012947,668,660,8
S01012948,1176,1155,21
S01012949,842,797,45
S01012950,812,799,13
S01012951,499,457,42
S01012952,575,460,115
S01012953,790,727,63
S01012954,513,496,17
S01012955,518,514,4
S01012956,970,784,186
S01012957,857,720,137
S01012958,550,538,12
S01012959,660,630,30
S01012960,864,855,9
S01012961,1093,1076,17
S01012962,1027,1004,23
S01012963,410,403,7
S01012964,289,287,2
S01012965,648,646,2
S01012966,1028,1004,24
S01012967,1128,1110,18
S01012968,904,796,108
S01012969,1079,868,211
S01012970,947,933,14
S01012971,1140,1063,77
S01012972,827,701,126
S01012973,983,883,100
S01012974,1123,897,226
S01012975,825,677,148
S01012976,791,692,99
S01012977,981,835,146
S01012978,1126,926,200
S01012979,757,686,71
S01012980,878,478,400
S01012981,929,582,347
S01012982,891,539,352
S01012983,791,699,92
S01012984,871,633,238
S01012985,980,824,156
S01012986,1014,593,421
S01012987,1153,793,360
S01012988,1134,791,343
S01012989,1218,951,267
S01012990,1158,834,324
S01012991,1119,758,361
S01012992,1067,751,316
S01012993,1093,547,546
S01012994,985,509,476
S01012995,931,925,6
S01012996,1064,946,118
S01012997,644,532,112
S01012998,991,753,238
S01012999,598,424,174
S01013000,1228,909,319
S01013001,464,414,50
S01013002,672,634,38
S01013003,795,773,22
S01013004,1049,998,51
S01013005,777,722,55
S01013006,698,633,65
S01013007,1336,1109,227
S01013008,1074,1018,56
S01013009,681,625,56
S01013010,539,498,41
S01013011,682,605,77
S01013012,893,701,192
S01013013,904,868,36
S01013014,788,687,101
S01013015,761,705,56
S01013016,896,864,32
S01013017,1003,935,68
S01013018,1113,1076,37
S01013019,869,767,102
S01013020,1016,919,97
S01013021,791,765,26
S01013022,376,322,54
S01013023,1053,1000,53
S01013024,635,550,85
S01013025,867,826,41
S01013026,740,580,160
S01013027,1507,1415,92
S01013028,524,502,22
S01013029,720,669,51
S01013030,921,899,22
S01013031,749,680,69
S01013032,515,470,45
S01013033,518,460,58
S01013034,878,824,54
S01013035,874,819,55
S01013036,948,906,42
S01013037,1178,1081,97
S01013038,1273,972,301
S01013039,612,602,10
S01013040,662,461,201
S01013041,620,513,107
S01013042,723,683,40
S01013043,855,823,32
S01013044,1177,1099,78
S01013045,551,520,31
S01013046,761,672,89
S01013047,957,941,16
S01013048,1300,1002,298
S01013049,1079,951,128
S01013050,917,748,169
S01013051,933,748,185
S01013052,807,691,116
S01013053,1058,591,467
S01013054,1054,948,106
S01013055,710,514,196
S01013056,1288,1005,283
S01013057,1140,555,585
S01013058,355,349,6
S01013059,1018,667,351
S01013060,490,291,199
S01013061,1086,1035,51
S01013062,868,497,371
S01013063,861,515,346
S01013064,1045,983,62
S01013065,1158,734,424
S01013066,722,578,144
S01013067,1034,159,875
S01013068,1166,314,852
S01013069,814,217,597
S01013070,950,174,776
S01013071,890,54,836
S01013072,817,540,277
S01013073,887,395,492
S01013074,1468,482,986
S01013075,920,269,651
S01013076,671,375,296
S01013077,773,486,287
S01013078,693,469,224
S01013079,327,254,73
S01013080,1038,837,201
S01013081,786,684,102
S01013082,1204,1150,54
S01013083,944,677,267
S01013084,1016,934,82
S01013085,1001,752,249
S01013086,1058,475,583
S01013087,1237,631,606
S01013088,919,799,120
S01013089,830,546,284
S01013090,889,347,542
S01013091,366,90,276
S01013092,929,629,300
S01013093,481,454,27
S01013094,797,764,33
S01013095,1045,1018,27
S01013096,544,519,25
S01013097,880,793,87
S01013098,116,110,6
S01013099,857,586,271
S01013100,893,683,210
S01013101,1741,1314,427
S01013102,819,695,124
S01013103,830,830,0
S01013104,1136,1106,30
S01013105,881,729,152
S01013106,936,716,220
S01013107,919,913,6
S01013108,709,571,138
S01013109,1225,1154,71
S01013110,604,559,45
S01013111,638,594,44
S01013112,605,546,59
S01013113,1108,1031,77
S01013114,1278,1158,120
S01013115,924,623,301
S01013116,985,832,153
S01013117,894,744,150
S01013118,1121,1031,90
S01013119,732,702,30
S01013120,1093,978,115
S01013121,426,408,18
S01013122,858,247,611
S01013123,994,384,610
S01013124,1223,709,514
S01013125,944,696,248
S01013126,898,576,322
S01013127,947,647,300
S01013128,814,143,671
S01013129,1092,703,389
S01013130,1056,166,890
S01013131,1026,377,649
S01013132,708,253,455
S01013133,640,64,576
S01013134,812,551,261
S01013135,1168,465,703
S01013136,1266,599,667
S01013137,1047,874,173
S01013138,1005,353,652
S01013139,1160,662,498
S01013140,1153,827,326
S01013141,744,269,475
S01013142,1094,181,913
S01013143,1067,567,500
S01013144,942,558,384
S01013145,954,569,385
S01013146,590,317,273
S01013147,807,667,140
S01013148,1068,677,391
S01013149,766,371,395
S01013150,929,682,247
S01013151,572,380,192
S01013152,1148,868,280
S01013153,881,385,496
S01013154,1414,700,714
S01013155,971,94,877
S01013156,1144,336,808
S01013157,1078,291,787
S01013158,721,703,18
S01013159,899,865,34
S01013160,1063,1042,21
S01013161,994,583,411
S01013162,1032,649,383
S01013163,894,787,107
S01013164,1009,625,384
S01013165,1260,958,302
S01013166,763,164,599
S01013167,1124,269,855
S01013168,1133,829,304
S01013169,846,531,315
S01013170,1259,762,497
S01013171,872,705,167
S01013172,949,787,162
S01013173,875,602,273
S01013174,1219,1108,111
S01013175,853,714,139
S01013176,1046,501,545
S01013177,1131,696,435
S01013178,648,266,382
S01013179,1166,880,286
S01013180,523,518,5
S01013181,1032,964,68
S01013182,865,488,377
S01013183,1057,983,74
S01013184,748,267,481
S01013185,1122,546,576
S01013186,761,383,378
S01013187,944,391,553
S01013188,1076,889,187
S01013189,877,841,36
S01013190,739,367,372
S01013191,774,733,41
S01013192,1083,696,387
S01013193,556,214,342
S01013194,993,238,755
S01013195,830,67,763
S01013196,778,185,593
S01013197,598,419,179
S01013198,921,534,387
S01013199,866,384,482
S01013200,1025,599,426
S01013201,900,562,338
S01013202,629,384,245
S01013203,1038,797,241
S01013204,953,880,73
S01013205,856,705,151
S01013206,1033,787,246
S01013207,891,527,364
S01013208,542,300,242
S01013209,1007,492,515
S01013210,808,496,312
S01013211,1062,614,448
S01013212,873,847,26
S01013213,1000,993,7
S01013214,422,414,8
S01013215,822,504,318
S01013216,903,766,137
S01013217,867,725,142
S01013218,863,778,85
S01013219,849,745,104
S01013220,881,660,221
S01013221,1044,831,213
S01013222,520,268,252
S01013223,1136,352,784
S01013224,1229,809,420
S01013225,843,633,210
S01013226,331,239,92
S01013227,514,274,240
S01013228,927,305,622
S01013229,1037,703,334
S01013230,998,762,236
S01013231,1093,718,375
S01013232,817,539,278
S01013233,619,489,130
S01013234,400,353,47
S01013235,1186,842,344
S01013236,1126,957,169
S01013237,1030,754,276
S01013238,1090,580,510
S01013239,1065,564,501
S01013240,764,402,362
S01013241,958,921,37
S01013242,732,676,56
S01013243,821,637,184
S01013244,1202,875,327
S01013245,877,800,77
S01013246,435,429,6
S01013247,918,631,287
S01013248,732,504,228
S01013249,908,864,44
S01013250,1103,1011,92
S01013251,821,570,251
S01013252,940,811,129
S01013253,782,708,74
S01013254,849,610,239
S01013255,931,868,63
S01013256,729,544,185
S01013257,940,661,279
S01013258,966,831,135
S01013259,1430,1201,229
S01013260,942,753,189
S01013261,1245,1139,106
S01013262,833,801,32
S01013263,569,528,41
S01013264,300,294,6
S01013265,423,384,39
S01013266,309,309,0
S01013267,654,645,9
S01013268,1254,1204,50
S01013269,1002,989,13
S01013270,698,688,10
S01013271,1002,991,11
S01013272,996,987,9
S01013273,492,486,6
S01013274,1021,981,40
S01013275,1175,1159,16
S01013276,994,971,23
S01013277,1006,995,11
S01013278,933,880,53
S01013279,901,626,275
S01013280,882,753,129
S01013281,955,901,54
S01013282,855,646,209
S01013283,837,642,195
S01013284,679,614,65
S01013285,780,703,77
S01013286,839,833,6
S01013287,863,854,9
S01013288,763,635,128
S01013289,965,939,26
S01013290,1160,1123,37
S01013291,1135,1107,28
S01013292,893,846,47
S01013293,899,862,37
S01013294,897,831,66
S01013295,951,893,58
S01013296,940,848,92
S01013297,1072,972,100
S01013298,784,724,60
S01013299,935,863,72
S01013300,804,714,90
S01013301,694,676,18
S01013302,660,653,7
S01013303,1228,1175,53
S01013304,1033,753,280
S01013305,857,675,182
S01013306,1006,566,440
S01013307,1135,849,286
S01013308,636,544,92
S01013309,865,725,140
S01013310,697,688,9
S01013311,924,905,19
S01013312,1632,1236,396
S01013313,666,538,128
S01013314,939,827,112
S01013315,277,248,29
S01013316,735,715,20
S01013317,668,608,60
S01013318,649,608,41
S01013319,739,708,31
S01013320,601,598,3
S01013321,458,329,129
S01013322,769,749,20
S01013323,870,806,64
S01013324,1074,977,97
S01013325,856,803,53
S01013326,1006,886,120
S01013327,927,878,49
S01013328,786,751,35
S01013329,603,584,19
S01013330,706,689,17
S01013331,571,457,114
S01013332,873,868,5
S01013333,1074,1063,11
S01013334,771,723,48
S01013335,1056,1027,29
S01013336,1198,1151,47
S01013337,1133,1089,44
S01013338,368,364,4
S01013339,900,875,25
S01013340,1338,1297,41
S01013341,767,653,114
S01013342,909,793,116
S01013343,717,704,13
S01013344,710,595,115
S01013345,916,898,18
S01013346,729,722,7
S01013347,738,657,81
S01013348,491,487,4
S01013349,220,172,48
S01013350,629,568,61
S01013351,819,778,41
S01013352,1095,1082,13
S01013353,1207,1143,64
S01013354,787,727,60
S01013355,985,889,96
S01013356,840,719,121
S01013357,510,481,29
S01013358,810,660,150
S01013359,692,419,273
S01013360,737,670,67
S01013361,924,833,91
S01013362,613,510,103
S01013363,1074,748,326
S01013364,746,737,9
S01013365,1030,926,104
S01013366,644,634,10
S01013367,628,613,15
S01013368,902,819,83
S01013369,905,432,473
S01013370,836,625,211
S01013371,879,769,110
S01013372,1044,675,369
S01013373,1108,827,281
S01013374,1047,560,487
S01013375,686,568,118
S01013376,719,577,142
S01013377,803,650,153
S01013378,957,644,313
S01013379,1079,1034,45
S01013380,481,436,45
S01013381,733,721,12
S01013382,723,701,22
S01013383,860,604,256
S01013384,1172,1012,160
S01013385,726,719,7
S01013386,763,747,16
S01013387,742,688,54
S01013388,761,669,92
S01013389,1073,848,225
S01013390,609,555,54
S01013391,986,938,48
S01013392,386,345,41
S01013393,1082,856,226
S01013394,761,557,204
S01013395,894,276,618
S01013396,382,149,233
S01013397,889,780,109
S01013398,337,332,5
S01013399,446,427,19
S01013400,596,473,123
S01013401,141,139,2
S01013402,76,23,53
S01013403,101,99,2
S01013404,458,401,57
S01013405,707,663,44
S01013406,781,707,74
S01013407,842,745,97
S01013408,791,640,151
S01013409,961,900,61
S01013410,496,331,165
S01013411,758,683,75
S01013412,833,584,249
S01013413,801,578,223
S01013414,669,288,381
S01013415,785,351,434
S01013416,588,439,149
S01013417,722,445,277
S01013418,634,623,11
S01013419,649,641,8
S01013420,822,660,162
S01013421,459,434,25
S01013422,1045,1020,25
S01013423,898,856,42
S01013424,910,892,18
S01013425,450,350,100
S01013426,882,852,30
S01013427,232,220,12
S01013428,944,858,86
S01013429,1178,968,210
S01013430,789,773,16
S01013431,912,750,162
S01013432,854,803,51
S01013433,778,739,39
S01013434,514,505,9
S01013435,862,835,27
S01013436,919,907,12
S01013437,710,551,159
S01013438,709,377,332
S01013439,965,951,14
S01013440,1315,1302,13
S01013441,769,664,105
S01013442,914,686,228
S01013443,490,375,115
S01013444,1175,387,788
S01013445,625,513,112
S01013446,741,671,70
S01013447,566,566,0
S01013448,1001,825,176
S01013449,839,811,28
S01013450,885,863,22
S01013451,972,968,4
S01013452,624,583,41
S01013453,983,644,339
S01013454,705,661,44
S01013455,502,416,86
S01013456,1087,887,200
S01013457,1024,716,308
S01013458,895,651,244
S01013459,936,534,402
S01013460,1036,813,223
S01013461,945,842,103
S01013462,971,841,130
S01013463,584,440,144
S01013464,863,814,49
S01013465,867,775,92
S01013466,303,296,7
S01013467,410,402,8
S01013468,653,425,228
S01013469,1018,887,131
S01013470,898,611,287
S01013471,1020,928,92
S01013472,432,284,148
S01013473,272,234,38
S01013474,444,407,37
S01013475,881,840,41
S01013476,679,539,140
S01013477,993,702,291
S01013478,812,605,207
S01013479,1038,703,335
S01013480,657,611,46
S01013481,399,363,36
