dz_2011,total,house,nonhouse
S01006506,852,463,389
S01006507,1042,814,228
S01006508,888,418,470
S01006509,693,540,153
S01006510,681,519,162
S01006511,995,953,42
S01006512,372,366,6
S01006513,1086,1021,65
S01006514,1137,1121,16
S01006515,1123,1083,40
S01006516,837,802,35
S01006517,1014,966,48
S01006518,884,840,44
S01006519,807,783,24
S01006520,883,872,11
S01006521,742,695,47
S01006522,574,544,30
S01006523,1441,1116,325
S01006524,1044,805,239
S01006525,1146,1077,69
S01006526,1395,905,490
S01006527,1266,1051,215
S01006528,1074,703,371
S01006529,1082,366,716
S01006530,1122,649,473
S01006531,1307,537,770
S01006532,961,618,343
S01006533,819,613,206
S01006534,910,664,246
S01006535,1105,379,726
S01006536,1344,286,1058
S01006537,847,803,44
S01006538,664,648,16
S01006539,959,786,173
S01006540,1260,941,319
S01006541,952,836,116
S01006542,1000,789,211
S01006543,1075,1030,45
S01006544,1379,899,480
S01006545,1276,773,503
S01006546,1124,993,131
S01006547,1461,1066,395
S01006548,721,715,6
S01006549,907,808,99
S01006550,1143,1129,14
S01006551,1009,683,326
S01006552,1201,910,291
S01006553,987,878,109
S01006554,922,587,335
S01006555,968,375,593
S01006556,976,625,351
S01006557,799,483,316
S01006558,843,343,500
S01006559,703,412,291
S01006560,985,662,323
S01006561,852,633,219
S01006562,963,792,171
S01006563,1021,559,462
S01006564,1187,103,1084
S01006565,1068,79,989
S01006566,823,182,641
S01006567,1211,93,1118
S01006568,1135,93,1042
S01006569,748,244,504
S01006570,891,430,461
S01006571,1235,531,704
S01006572,1367,1143,224
S01006573,724,528,196
S01006574,977,628,349
S01006575,1138,780,358
S01006576,900,463,437
S01006577,904,369,535
S01006578,1680,200,1480
S01006579,1367,64,1303
S01006580,848,230,618
S01006581,1326,903,423
S01006582,621,66,555
S01006583,1091,41,1050
S01006584,919,173,746
S01006585,872,67,805
S01006586,939,81,858
S01006587,649,54,595
S01006588,914,31,883
S01006589,1330,49,1281
S01006590,581,72,509
S01006591,850,122,728
S01006592,654,189,465
S01006593,893,177,716
S01006594,794,216,578
S01006595,1013,171,842
S01006596,851,343,508
S01006597,783,62,721
S01006598,1295,791,504
S01006599,1113,246,867
S01006600,1382,660,722
S01006601,1002,473,529
S01006602,1016,540,476
S01006603,1301,761,540
S01006604,917,686,231
S01006605,926,380,546
S01006606,1231,791,440
S01006607,1258,638,620
S01006608,1555,1435,120
S01006609,1352,1126,226
S01006610,701,319,382
S01006611,1111,780,331
S01006612,997,908,89
S01006613,453,424,29
S01006614,908,877,31
S01006615,402,396,6
S01006616,755,611,144
S01006617,994,949,45
S01006618,514,461,53
S01006619,948,877,71
S01006620,1020,926,94
S01006621,746,704,42
S01006622,669,587,82
S01006623,1350,644,706
S01006624,806,214,592
S01006625,844,415,429
S01006626,866,185,681
S01006627,843,79,764
S01006628,1410,107,1303
S01006629,880,291,589
S01006630,773,389,384
S01006631,1073,403,670
S01006632,1045,84,961
S01006633,950,620,330
S01006634,870,341,529
S01006635,1011,353,658
S01006636,1084,140,944
S01006637,706,179,527
S01006638,1111,70,1041
S01006639,1006,64,942
S01006640,817,23,794
S01006641,1309,104,1205
S01006642,830,56,774
S01006643,1248,92,1156
S01006644,1028,36,992
S01006645,1093,44,1049
S01006646,914,40,874
S01006647,671,53,618
S01006648,1292,35,1257
S01006649,1204,62,1142
S01006650,1414,142,1272
S01006651,776,59,717
S01006652,826,77,749
S01006653,818,270,548
S01006654,904,83,821
S01006655,624,190,434
S01006656,1082,162,920
S01006657,599,64,535
S01006658,1264,129,1135
S01006659,883,219,664
S01006660,833,47,786
S01006661,736,328,408
S01006662,707,110,597
S01006663,973,378,595
S01006664,503,136,367
S01006665,807,213,594
S01006666,1771,147,1624
S01006667,1251,68,1183
S01006668,723,7,716
S01006669,841,172,669
S01006670,530,10,520
S01006671,655,134,521
S01006672,752,154,598
S01006673,830,233,597
S01006674,1048,62,986
S01006675,774,114,660
S01006676,881,282,599
S01006677,723,215,508
S01006678,1273,399,874
S01006679,945,543,402
S01006680,971,164,807
S01006681,991,196,795
S01006682,956,146,810
S01006683,1283,397,886
S01006684,870,205,665
S01006685,863,72,791
S01006686,952,136,816
S01006687,1000,69,931
S01006688,1039,531,508
S01006689,629,337,292
S01006690,795,219,576
S01006691,903,248,655
S01006692,857,454,403
S01006693,1260,225,1035
S01006694,1144,376,768
S01006695,712,570,142
S01006696,1150,600,550
S01006697,1163,520,643
S01006698,936,349,587
S01006699,784,540,244
S01006700,1226,668,558
S01006701,1040,696,344
S01006702,934,825,109
S01006703,773,540,233
S01006704,805,452,353
S01006705,944,758,186
S01006706,809,517,292
S01006707,685,410,275
S01006708,865,736,129
S01006709,1245,979,266
S01006710,1064,1016,48
S01006711,1117,826,291
S01006712,631,623,8
S01006713,939,803,136
S01006714,881,701,180
S01006715,1123,731,392
S01006716,606,531,75
S01006717,1067,938,129
S01006718,627,585,42
S01006719,1031,1003,28
S01006720,745,688,57
S01006721,942,859,83
S01006722,856,751,105
S01006723,969,884,85
S01006724,1316,658,658
S01006725,950,768,182
S01006726,1391,358,1033
S01006727,1311,515,796
S01006728,887,574,313
S01006729,986,340,646
S01006730,778,655,123
S01006731,503,381,122
S01006732,1369,1277,92
S01006733,911,889,22
S01006734,1081,1011,70
S01006735,925,909,16
S01006736,1318,1287,31
S01006737,1055,1027,28
S01006738,827,226,601
S01006739,607,361,246
S01006740,1039,884,155
S01006741,754,728,26
S01006742,460,438,22
S01006743,1073,837,236
S01006744,662,319,343
S01006745,1048,626,422
S01006746,806,770,36
S01006747,1016,963,53
S01006748,1144,926,218
S01006749,1264,944,320
S01006750,733,548,185
S01006751,509,367,142
S01006752,810,618,192
S01006753,913,786,127
S01006754,1124,1017,107
S01006755,1082,896,186
S01006756,909,548,361
S01006757,1206,1125,81
S01006758,694,596,98
S01006759,1253,958,295
S01006760,593,507,86
S01006761,927,803,124
S01006762,939,844,95
S01006763,1100,1051,49
S01006764,790,713,77
S01006765,725,604,121
S01006766,608,576,32
S01006767,869,817,52
S01006768,599,590,9
S01006769,1283,1253,30
S01006770,655,646,9
S01006771,563,554,9
S01006772,1218,1037,181
S01006773,672,664,8
S01006774,799,782,17
S01006775,758,483,275
S01006776,662,404,258
S01006777,918,902,16
S01006778,867,782,85
S01006779,1058,821,237
S01006780,868,735,133
S01006781,972,922,50
S01006782,1015,816,199
S01006783,672,568,104
S01006784,697,543,154
S01006785,712,646,66
S01006786,1087,994,93
S01006787,968,917,51
S01006788,645,564,81
S01006789,894,788,106
S01006790,968,894,74
S01006791,529,506,23
S01006792,658,649,9
S01006793,567,526,41
S01006794,775,765,10
S01006795,765,679,86
S01006796,795,781,14
S01006797,737,720,17
S01006798,733,723,10
S01006799,1025,974,51
S01006800,960,940,20
S01006801,1333,1312,21
S01006802,675,603,72
S01006803,766,704,62
S01006804,1274,1183,91
S01006805,1346,1249,97
S01006806,1088,1073,15
S01006807,620,613,7
S01006808,968,944,24
S01006809,972,951,21
S01006810,1008,931,77
S01006811,1090,1062,28
S01006812,820,794,26
S01006813,996,869,127
S01006814,1105,1057,48
S01006815,753,570,183
S01006816,924,836,88
S01006817,853,809,44
S01006818,719,716,3
S01006819,1264,1248,16
S01006820,640,635,5
S01006821,1156,1123,33
S01006822,759,746,13
S01006823,827,714,113
S01006824,727,433,294
S01006825,1017,973,44
S01006826,1243,1215,28
S01006827,1025,850,175
S01006828,1009,560,449
S01006829,706,652,54
S01006830,634,610,24
S01006831,1229,1218,11
S01006832,1003,798,205
S01006833,712,618,94
S01006834,336,336,0
S01006835,1287,695,592
S01006836,514,377,137
S01006837,1004,969,35
S01006838,979,956,23
S01006839,933,924,9
S01006840,1211,1210,1
S01006841,1332,1302,30
S01006842,994,968,26
S01006843,965,943,22
S01006844,671,546,125
S01006845,1028,965,63
S01006846,837,789,48
S01006847,754,753,1
S01006848,1336,1258,78
S01006849,1300,1120,180
S01006850,1119,1114,5
S01006851,805,762,43
S01006852,595,588,7
S01006853,938,921,17
S01006854,1601,1580,21
S01006855,790,776,14
S01006856,942,904,38
S01006857,1052,1019,33
S01006858,642,638,4
S01006859,1435,1371,64
S01006860,692,584,108
S01006861,861,853,8
S01006862,933,835,98
S01006863,1291,1277,14
S01006864,148,146,2
S01006865,902,608,294
S01006866,636,619,17
S01006867,1192,1120,72
S01006868,879,856,23
S01006869,573,551,22
S01006870,627,607,20
S01006871,967,940,27
S01006872,1634,1580,54
S01006873,1198,1141,57
S01006874,566,561,5
S01006875,958,940,18
S01006876,1121,1097,24
S01006877,1074,1060,14
S01006878,956,917,39
S01006879,1086,1068,18
S01006880,787,770,17
S01006881,578,572,6
S01006882,841,803,38
S01006883,635,537,98
S01006884,1050,975,75
S01006885,743,737,6
S01006886,733,725,8
S01006887,905,870,35
S01006888,939,922,17
S01006889,647,639,8
S01006890,1031,903,128
S01006891,644,608,36
S01006892,584,584,0
S01006893,1004,991,13
S01006894,597,516,81
S01006895,474,242,232
S01006896,745,651,94
S01006897,988,864,124
S01006898,548,499,49
S01006899,510,505,5
S01006900,455,439,16
S01006901,793,644,149
S01006902,693,559,134
S01006903,894,728,166
S01006904,537,356,181
S01006905,997,812,185
S01006906,948,747,201
S01006907,712,373,339
S01006908,911,536,375
S01006909,428,397,31
S01006910,501,440,61
S01006911,1869,1773,96
S01006912,245,230,15
S01006913,2012,1985,27
S01006914,857,845,12
S01006915,848,838,10
S01006916,360,326,34
S01006917,1456,1447,9
S01006918,1805,1776,29
S01006919,687,587,100
S01006920,816,607,209
S01006921,1086,1080,6
S01006922,1998,1953,45
S01006923,1456,1414,42
S01006924,758,680,78
S01006925,499,453,46
S01006926,1739,1682,57
S01006927,374,301,73
S01006928,2797,2633,164
S01006929,1797,1792,5
S01006930,677,658,19
S01006931,1948,1766,182
S01006932,838,836,2
S01006933,801,714,87
S01006934,1687,1669,18
S01006935,911,861,50
S01006936,698,626,72
S01006937,786,674,112
S01006938,844,730,114
S01006939,615,605,10
S01006940,995,904,91
S01006941,1283,1052,231
S01006942,2211,2162,49
S01006943,1763,1553,210
S01006944,83,65,18
S01006945,894,855,39
S01006946,1348,1214,134
S01006947,1444,1372,72
S01006948,1443,1389,54
S01006949,765,763,2
S01006950,718,673,45
S01006951,1316,1248,68
S01006952,1529,1445,84
S01006953,1512,1470,42
S01006954,1765,1747,18
S01006955,622,515,107
S01006956,1548,1526,22
S01006957,1645,1575,70
S01006958,1001,971,30
S01006959,813,543,270
S01006960,2269,2201,68
S01006961,2311,2241,70
S01006962,871,776,95
S01006963,966,910,56
S01006964,848,539,309
S01006965,488,403,85
S01006966,731,720,11
S01006967,744,723,21
S01006968,1049,861,188
S01006969,951,821,130
S01006970,610,583,27
S01006971,980,814,166
S01006972,522,521,1
S01006973,591,577,14
S01006974,1386,1332,54
S01006975,1168,1153,15
S01006976,2528,2450,78
S01006977,2905,2830,75
S01006978,855,846,9
S01006979,1437,1411,26
S01006980,688,680,8
S01006981,798,770,28
S01006982,1212,1173,39
S01006983,1001,980,21
S01006984,976,915,61
S01006985,1340,1240,100
S01006986,749,684,65
S01006987,1036,963,73
S01006988,762,716,46
S01006989,855,847,8
S01006990,1006,985,21
S01006991,617,580,37
S01006992,883,882,1
S01006993,740,730,10
S01006994,628,628,0
S01006995,1152,1136,16
S01006996,939,916,23
S01006997,786,775,11
S01006998,1206,1177,29
S01006999,848,829,19
S01007000,1439,1385,54
S01007001,1341,1297,44
S01007002,755,715,40
S01007003,616,599,17
S01007004,1043,1018,25
S01007005,1041,1031,10
S01007006,1001,956,45
S01007007,848,843,5
S01007008,841,739,102
S01007009,1292,1039,253
S01007010,842,666,176
S01007011,1116,793,323
S01007012,921,870,51
S01007013,1259,1248,11
S01007014,1361,1349,12
S01007015,739,729,10
S01007016,592,592,0
S01007017,1038,861,177
S01007018,1204,1145,59
S01007019,1052,974,78
S01007020,1371,1077,294
S01007021,1325,1221,104
S01007022,851,845,6
S01007023,678,670,8
S01007024,1170,1134,36
S01007025,1150,1094,56
S01007026,994,932,62
S01007027,1314,1251,63
S01007028,1465,1442,23
S01007029,662,651,11
S01007030,1009,969,40
S01007031,630,594,36
S01007032,1137,815,322
S01007033,1060,965,95
S01007034,1057,825,232
S01007035,922,833,89
S01007036,1080,969,111
S01007037,1157,1093,64
S01007038,854,684,170
S01007039,967,915,52
S01007040,1237,1171,66
S01007041,880,795,85
S01007042,987,965,22
S01007043,1076,1070,6
S01007044,1007,966,41
S01007045,932,908,24
S01007046,574,570,4
S01007047,1014,986,28
S01007048,1293,1275,18
S01007049,1039,1000,39
S01007050,1042,1006,36
S01007051,1029,965,64
S01007052,573,568,5
S01007053,802,766,36
S01007054,1124,1078,46
S01007055,515,507,8
S01007056,878,851,27
S01007057,833,815,18
S01007058,767,728,39
S01007059,1336,1305,31
S01007060,604,602,2
S01007061,1155,1136,19
S01007062,758,746,12
S01007063,1503,1467,36
S01007064,762,749,13
S01007065,950,938,12
S01007066,648,634,14
S01007067,1258,1174,84
S01007068,660,631,29
S01007069,995,964,31
S01007070,733,688,45
S01007071,1234,1188,46
S01007072,1327,1310,17
S01007073,1378,1359,19
S01007074,1102,983,119
S01007075,901,820,81
S01007076,1044,1019,25
S01007077,757,749,8
S01007078,960,695,265
S01007079,1221,796,425
S01007080,790,537,253
S01007081,1064,732,332
S01007082,699,413,286
S01007083,904,484,420
S01007084,849,492,357
S01007085,1076,395,681
S01007086,1343,469,874
S01007087,958,449,509
S01007088,647,189,458
S01007089,529,520,9
S01007090,540,494,46
S01007091,1388,1350,38
S01007092,624,555,69
S01007093,952,895,57
S01007094,2263,2196,67
S01007095,736,722,14
S01007096,1167,1131,36
S01007097,2154,2106,48
S01007098,1636,1598,38
S01007099,883,858,25
S01007100,863,836,27
S01007101,1302,1275,27
S01007102,838,826,12
S01007103,832,827,5
S01007104,486,479,7
S01007105,655,636,19
S01007106,896,891,5
S01007107,766,755,11
S01007108,1249,1212,37
S01007109,1526,1438,88
S01007110,1051,974,77
S01007111,534,512,22
S01007112,905,789,116
S01007113,707,487,220
S01007114,888,869,19
S01007115,669,659,10
S01007116,1304,1269,35
S01007117,553,550,3
S01007118,847,831,16
S01007119,964,950,14
S01007120,1155,1008,147
S01007121,765,348,417
S01007122,594,371,223
S01007123,941,756,185
S01007124,1095,1069,26
S01007125,867,771,96
S01007126,1082,690,392
S01007127,1007,500,507
S01007128,979,805,174
S01007129,956,932,24
S01007130,676,578,98
S01007131,1096,1041,55
S01007132,700,671,29
S01007133,674,651,23
S01007134,860,806,54
S01007135,806,763,43
S01007136,661,653,8
S01007137,842,810,32
S01007138,957,886,71
S01007139,776,769,7
S01007140,1022,1015,7
S01007141,1250,1243,7
S01007142,201,199,2
S01007143,1174,1157,17
S01007144,2231,2184,47
S01007145,892,840,52
S01007146,881,802,79
S01007147,830,767,63
S01007148,538,532,6
S01007149,850,824,26
S01007150,700,567,133
S01007151,1163,1136,27
S01007152,763,690,73
S01007153,916,863,53
S01007154,973,554,419
S01007155,715,577,138
S01007156,1127,1107,20
S01007157,748,710,38
S01007158,1043,1003,40
S01007159,933,648,285
S01007160,969,913,56
S01007161,987,842,145
S01007162,608,303,305
S01007163,1009,924,85
S01007164,760,677,83
S01007165,927,795,132
S01007166,1094,1008,86
S01007167,795,784,11
S01007168,965,961,4
S01007169,854,777,77
S01007170,744,703,41
S01007171,995,843,152
S01007172,1248,1192,56
S01007173,523,495,28
S01007174,944,915,29
S01007175,862,832,30
S01007176,1078,875,203
S01007177,801,455,346
S01007178,1045,542,503
S01007179,1254,1211,43
S01007180,967,820,147
S01007181,1044,832,212
S01007182,1227,753,474
S01007183,1317,877,440
S01007184,1039,498,541
S01007185,939,294,645
S01007186,777,262,515
S01007187,804,229,575
S01007188,803,356,447
S01007189,869,388,481
S01007190,935,866,69
S01007191,735,617,118
S01007192,784,566,218
S01007193,893,782,111
S01007194,641,337,304
S01007195,1027,853,174
S01007196,974,741,233
S01007197,743,372,371
S01007198,532,244,288
S01007199,1091,489,602
S01007200,849,737,112
S01007201,1014,813,201
S01007202,735,567,168
S01007203,840,798,42
S01007204,1054,1018,36
S01007205,827,797,30
S01007206,392,265,127
S01007207,1045,878,167
S01007208,990,278,712
S01007209,767,261,506
S01007210,1067,422,645
S01007211,967,494,473
S01007212,847,500,347
S01007213,873,556,317
S01007214,994,345,649
S01007215,984,574,410
S01007216,763,611,152
S01007217,1186,1021,165
S01007218,992,903,89
S01007219,1097,958,139
S01007220,787,668,119
S01007221,1101,1004,97
S01007222,1100,1055,45
S01007223,699,677,22
S01007224,742,689,53
S01007225,1199,1168,31
S01007226,1027,988,39
S01007227,1533,1446,87
S01007228,819,799,20
S01007229,1249,1226,23
S01007230,1283,803,480
S01007231,812,374,438
S01007232,726,382,344
S01007233,788,569,219
S01007234,613,530,83
S01007235,1078,515,563
S01007236,1076,735,341
S01007237,779,665,114
S01007238,1007,888,119
S01007239,1374,1287,87
S01007240,539,524,15
S01007241,1174,1159,15
S01007242,1158,1114,44
S01007243,1413,1370,43
S01007244,717,707,10
S01007245,776,733,43
S01007246,891,852,39
S01007247,1080,1044,36
S01007248,1060,1040,20
S01007249,553,483,70
S01007250,822,519,303
S01007251,893,705,188
S01007252,912,808,104
S01007253,798,733,65
S01007254,925,557,368
S01007255,1038,463,575
S01007256,935,493,442
S01007257,894,396,498
S01007258,870,577,293
S01007259,1032,684,348
S01007260,1190,1009,181
S01007261,1047,975,72
S01007262,712,611,101
S01007263,1112,987,125
S01007264,839,715,124
S01007265,1166,696,470
S01007266,823,739,84
S01007267,610,600,10
S01007268,594,579,15
S01007269,667,655,12
S01007270,457,452,5
S01007271,1116,839,277
S01007272,1140,642,498
S01007273,759,562,197
S01007274,904,594,310
S01007275,690,623,67
S01007276,1159,979,180
S01007277,919,912,7
S01007278,941,931,10
S01007279,665,646,19
S01007280,674,666,8
S01007281,1087,1051,36
S01007282,538,515,23
S01007283,992,919,73
S01007284,841,815,26
S01007285,1102,1042,60
S01007286,1430,1220,210
S01007287,562,501,61
S01007288,647,622,25
S01007289,1004,888,116
S01007290,1125,879,246
S01007291,599,402,197
S01007292,771,677,94
S01007293,1055,513,542
S01007294,1003,487,516
S01007295,665,212,453
S01007296,544,82,462
S01007297,1145,728,417
S01007298,532,356,176
S01007299,939,544,395
S01007300,630,287,343
S01007301,854,820,34
S01007302,794,756,38
S01007303,1060,983,77
S01007304,684,661,23
S01007305,1005,959,46
S01007306,1231,1161,70
S01007307,1084,995,89
S01007308,825,789,36
S01007309,779,725,54
S01007310,863,833,30
S01007311,882,749,133
S01007312,862,808,54
S01007313,965,893,72
S01007314,871,852,19
S01007315,937,845,92
S01007316,1141,787,354
S01007317,1117,1017,100
S01007318,607,532,75
S01007319,840,609,231
S01007320,887,872,15
S01007321,586,559,27
S01007322,829,539,290
S01007323,448,285,163
S01007324,323,312,11
S01007325,828,809,19
S01007326,964,919,45
S01007327,865,780,85
S01007328,1074,969,105
S01007329,702,686,16
S01007330,766,734,32
S01007331,1082,1054,28
S01007332,624,603,21
S01007333,1098,755,343
S01007334,995,513,482
S01007335,898,603,295
S01007336,724,171,553
S01007337,654,309,345
S01007338,1084,1052,32
S01007339,841,652,189
S01007340,662,400,262
S01007341,843,379,464
S01007342,797,534,263
S01007343,649,576,73
S01007344,574,266,308
S01007345,691,248,443
S01007346,824,160,664
S01007347,1049,526,523
S01007348,792,505,287
S01007349,687,326,361
S01007350,638,167,471
S01007351,650,504,146
S01007352,488,448,40
S01007353,791,675,116
S01007354,786,476,310
S01007355,1295,1147,148
S01007356,714,624,90
S01007357,793,740,53
S01007358,1333,1211,122
S01007359,972,810,162
S01007360,866,687,179
S01007361,983,632,351
S01007362,1104,629,475
S01007363,1000,734,266
S01007364,1093,817,276
S01007365,467,342,125
S01007366,550,355,195
S01007367,623,356,267
S01007368,659,592,67
S01007369,1138,750,388
S01007370,915,391,524
S01007371,947,575,372
S01007372,1163,924,239
S01007373,703,554,149
S01007374,810,633,177
S01007375,464,363,101
S01007376,1010,855,155
S01007377,664,583,81
S01007378,807,714,93
S01007379,925,844,81
S01007380,844,768,76
S01007381,470,415,55
S01007382,984,763,221
S01007383,749,556,193
S01007384,1074,842,232
S01007385,1228,911,317
S01007386,806,691,115
S01007387,839,774,65
S01007388,741,730,11
S01007389,763,742,21
S01007390,727,710,17
S01007391,664,637,27
S01007392,450,343,107
S01007393,876,647,229
S01007394,702,358,344
S01007395,1054,262,792
S01007396,1044,152,892
S01007397,937,523,414
S01007398,820,528,292
S01007399,891,317,574
S01007400,845,438,407
S01007401,752,532,220
S01007402,700,679,21
S01007403,943,907,36
S01007404,576,546,30
S01007405,813,642,171
S01007406,989,863,126
S01007407,1108,932,176
S01007408,862,596,266
S01007409,619,494,125
S01007410,952,736,216
S01007411,1062,702,360
S01007412,579,456,123
S01007413,997,792,205
S01007414,858,852,6
S01007415,853,745,108
S01007416,595,586,9
S01007417,220,218,2
S01007418,890,810,80
S01007419,1001,585,416
S01007420,3911,3618,293
S01007421,1392,1201,191
S01007422,754,493,261
S01007423,388,314,74
S01007424,787,774,13
S01007425,947,791,156
S01007426,818,442,376
S01007427,744,562,182
S01007428,1005,650,355
S01007429,925,474,451
S01007430,554,476,78
S01007431,674,644,30
S01007432,782,704,78
S01007433,1103,1044,59
S01007434,589,364,225
S01007435,775,582,193
S01007436,989,426,563
S01007437,567,334,233
S01007438,671,476,195
S01007439,858,526,332
S01007440,763,666,97
S01007441,656,607,49
S01007442,864,852,12
S01007443,971,877,94
S01007444,1472,1300,172
S01007445,687,676,11
S01007446,728,687,41
S01007447,651,619,32
S01007448,1134,1101,33
S01007449,1173,891,282
S01007450,1353,1091,262
S01007451,623,576,47
S01007452,1429,1340,89
S01007453,110,106,4
S01007454,512,508,4
S01007455,846,744,102
S01007456,1051,452,599
S01007457,1033,801,232
S01007458,811,783,28
S01007459,873,860,13
S01007460,914,757,157
S01007461,920,432,488
S01007462,993,691,302
S01007463,1149,1020,129
S01007464,1042,901,141
S01007465,785,649,136
S01007466,1145,485,660
S01007467,996,568,428
S01007468,1143,1034,109
S01007469,611,533,78
S01007470,699,300,399
S01007471,479,456,23
S01007472,1077,984,93
S01007473,895,776,119
S01007474,755,731,24
S01007475,517,434,83
S01007476,738,682,56
S01007477,737,530,207
S01007478,1117,641,476
S01007479,435,204,231
S01007480,1324,1061,263
S01007481,988,980,8
S01007482,668,530,138
S01007483,955,933,22
S01007484,832,621,211
S01007485,842,501,341
S01007486,855,480,375
S01007487,1185,769,416
S01007488,1194,977,217
S01007489,856,791,65
S01007490,1203,1087,116
S01007491,1061,923,138
S01007492,679,615,64
S01007493,1109,1067,42
S01007494,740,725,15
S01007495,844,830,14
S01007496,1185,1089,96
S01007497,596,576,20
S01007498,1024,962,62
S01007499,842,819,23
S01007500,766,726,40
S01007501,678,640,38
S01007502,638,603,35
S01007503,1131,1004,127
S01007504,1168,1152,16
S01007505,538,534,4
S01007506,514,501,13
S01007507,1489,1369,120
S01007508,696,658,38
S01007509,719,714,5
S01007510,997,920,77
S01007511,1148,1114,34
S01007512,526,502,24
S01007513,1297,1154,143
S01007514,616,473,143
S01007515,657,618,39
S01007516,818,734,84
S01007517,501,449,52
S01007518,1012,972,40
S01007519,495,483,12
S01007520,978,933,45
S01007521,670,652,18
S01007522,1090,1029,61
S01007523,540,526,14
S01007524,897,826,71
S01007525,504,495,9
S01007526,903,589,314
S01007527,1372,1316,56
S01007528,949,743,206
S01007529,864,789,75
S01007530,524,521,3
S01007531,765,736,29
S01007532,597,579,18
S01007533,858,792,66
S01007534,1450,1102,348
S01007535,951,827,124
S01007536,1024,891,133
S01007537,1655,1331,324
S01007538,1078,1053,25
S01007539,823,801,22
S01007540,837,718,119
S01007541,1179,1126,53
S01007542,980,715,265
S01007543,1284,1232,52
S01007544,1240,1212,28
S01007545,1520,1501,19
S01007546,663,662,1
S01007547,549,536,13
S01007548,943,920,23
S01007549,765,747,18
S01007550,1225,1181,44
S01007551,1294,1268,26
S01007552,1042,911,131
S01007553,1059,997,62
S01007554,840,818,22
S01007555,766,750,16
S01007556,702,604,98
S01007557,1131,945,186
S01007558,480,475,5
S01007559,862,842,20
S01007560,1179,1106,73
S01007561,1070,1011,59
S01007562,851,841,10
S01007563,1105,1088,17
S01007564,1270,1182,88
S01007565,1142,1112,30
S01007566,805,789,16
S01007567,588,584,4
S01007568,745,717,28
S01007569,1222,1142,80
S01007570,1077,1050,27
S01007571,539,520,19
S01007572,1693,1534,159
S01007573,84,83,1
S01007574,2322,2272,50
S01007575,854,675,179
S01007576,1025,587,438
S01007577,893,584,309
S01007578,834,543,291
S01007579,663,521,142
S01007580,964,689,275
S01007581,628,456,172
S01007582,873,695,178
S01007583,1310,360,950
S01007584,995,732,263
S01007585,1087,975,112
S01007586,1155,845,310
S01007587,623,523,100
S01007588,905,852,53
S01007589,1108,588,520
S01007590,661,633,28
S01007591,1176,868,308
S01007592,1130,681,449
S01007593,1108,1019,89
S01007594,799,799,0
S01007595,977,961,16
S01007596,714,668,46
S01007597,646,639,7
S01007598,1107,1065,42
S01007599,808,787,21
S01007600,981,771,210
S01007601,631,560,71
S01007602,958,934,24
S01007603,923,894,29
S01007604,1020,1006,14
S01007605,1153,1127,26
S01007606,614,522,92
S01007607,927,921,6
S01007608,958,926,32
S01007609,981,493,488
S01007610,671,255,416
S01007611,1147,359,788
S01007612,1037,341,696
S01007613,972,771,201
S01007614,1111,1033,78
S01007615,1306,963,343
S01007616,917,455,462
S01007617,671,629,42
S01007618,781,740,41
S01007619,735,716,19
S01007620,822,788,34
S01007621,898,889,9
S01007622,1331,1313,18
S01007623,608,598,10
S01007624,741,736,5
S01007625,690,684,6
S01007626,650,636,14
S01007627,547,441,106
S01007628,877,798,79
S01007629,857,840,17
S01007630,809,791,18
S01007631,625,610,15
S01007632,1673,1557,116
S01007633,1549,1450,99
S01007634,803,786,17
S01007635,935,925,10
S01007636,1361,1178,183
S01007637,1375,1196,179
S01007638,1019,742,277
S01007639,1087,1044,43
S01007640,722,712,10
S01007641,854,830,24
S01007642,1107,951,156
S01007643,1061,947,114
S01007644,1094,1014,80
S01007645,895,880,15
S01007646,576,543,33
S01007647,1018,790,228
S01007648,1086,887,199
S01007649,729,690,39
S01007650,1055,1044,11
S01007651,713,712,1
S01007652,869,809,60
S01007653,1159,1137,22
S01007654,1245,1173,72
S01007655,780,774,6
S01007656,933,912,21
S01007657,584,565,19
S01007658,686,677,9
S01007659,1055,1024,31
S01007660,1289,1134,155
S01007661,897,674,223
S01007662,1070,836,234
S01007663,1133,1071,62
S01007664,578,469,109
S01007665,745,731,14
S01007666,502,497,5
S01007667,717,707,10
S01007668,1224,1167,57
S01007669,642,504,138
S01007670,1121,1038,83
S01007671,832,821,11
S01007672,1002,994,8
S01007673,697,657,40
S01007674,1149,1122,27
S01007675,801,785,16
S01007676,567,565,2
S01007677,274,255,19
S01007678,823,766,57
S01007679,1045,937,108
S01007680,916,903,13
S01007681,503,492,11
S01007682,998,737,261
S01007683,1045,865,180
S01007684,1153,965,188
S01007685,905,739,166
S01007686,1091,762,329
S01007687,936,432,504
S01007688,1211,320,891
S01007689,579,149,430
S01007690,1107,276,831
S01007691,1700,263,1437
S01007692,1036,230,806
S01007693,879,64,815
S01007694,890,289,601
S01007695,1031,117,914
S01007696,1033,205,828
S01007697,1329,239,1090
S01007698,1275,286,989
S01007699,808,176,632
S01007700,971,619,352
S01007701,451,38,413
S01007702,757,213,544
S01007703,1176,460,716
S01007704,1316,180,1136
S01007705,845,25,820
S01007706,1031,24,1007
S01007707,1285,214,1071
S01007708,1038,305,733
S01007709,779,243,536
S01007710,2167,259,1908
S01007711,1253,204,1049
S01007712,993,179,814
S01007713,561,222,339
S01007714,637,319,318
S01007715,733,239,494
S01007716,1140,222,918
S01007717,997,250,747
S01007718,957,113,844
S01007719,1534,309,1225
S01007720,1091,412,679
S01007721,1085,283,802
S01007722,940,111,829
S01007723,1020,68,952
S01007724,800,104,696
S01007725,1343,163,1180
S01007726,858,210,648
S01007727,1007,267,740
S01007728,1212,205,1007
S01007729,1002,91,911
S01007730,985,125,860
S01007731,729,146,583
S01007732,908,156,752
S01007733,853,652,201
S01007734,821,667,154
S01007735,827,745,82
S01007736,844,563,281
S01007737,1140,445,695
S01007738,1112,734,378
S01007739,819,450,369
S01007740,675,439,236
S01007741,899,516,383
S01007742,729,438,291
S01007743,895,457,438
S01007744,766,348,418
S01007745,989,460,529
S01007746,889,598,291
S01007747,815,471,344
S01007748,704,286,418
S01007749,845,820,25
S01007750,909,837,72
S01007751,737,577,160
S01007752,1109,691,418
S01007753,961,662,299
S01007754,1313,1093,220
S01007755,877,590,287
S01007756,955,753,202
S01007757,1311,1273,38
S01007758,1040,650,390
S01007759,1242,339,903
S01007760,920,646,274
S01007761,849,614,235
S01007762,761,241,520
S01007763,772,407,365
S01007764,895,861,34
S01007765,969,940,29
S01007766,1083,1047,36
S01007767,1000,938,62
S01007768,765,398,367
S01007769,784,668,116
S01007770,812,680,132
S01007771,823,793,30
S01007772,1185,796,389
S01007773,734,721,13
S01007774,146,144,2
S01007775,1191,1088,103
S01007776,591,536,55
S01007777,562,540,22
S01007778,2295,2264,31
S01007779,774,712,62
S01007780,795,754,41
S01007781,796,734,62
S01007782,709,329,380
S01007783,873,645,228
S01007784,1006,777,229
S01007785,507,209,298
S01007786,900,862,38
S01007787,804,626,178
S01007788,832,485,347
S01007789,1151,1057,94
S01007790,1864,1338,526
S01007791,1135,1100,35
S01007792,998,906,92
S01007793,1046,439,607
S01007794,1109,813,296
S01007795,712,273,439
S01007796,692,341,351
S01007797,635,395,240
S01007798,778,748,30
S01007799,418,375,43
S01007800,995,871,124
S01007801,833,547,286
S01007802,634,538,96
S01007803,1468,1042,426
S01007804,846,721,125
S01007805,928,853,75
S01007806,888,590,298
S01007807,894,827,67
S01007808,933,856,77
S01007809,1249,1214,35
S01007810,983,869,114
S01007811,871,861,10
S01007812,850,835,15
S01007813,1108,1007,101
S01007814,854,643,211
S01007815,1099,1083,16
S01007816,669,654,15
S01007817,826,664,162
S01007818,950,844,106
S01007819,803,758,45
S01007820,1062,932,130
S01007821,793,550,243
S01007822,966,777,189
S01007823,789,649,140
S01007824,1125,904,221
S01007825,1294,836,458
S01007826,573,365,208
S01007827,661,343,318
S01007828,1161,286,875
S01007829,763,335,428
S01007830,1072,303,769
S01007831,1054,303,751
S01007832,951,354,597
S01007833,983,334,649
S01007834,742,97,645
S01007835,784,453,331
S01007836,739,571,168
S01007837,1260,1041,219
S01007838,973,795,178
S01007839,1025,626,399
S01007840,902,340,562
S01007841,951,526,425
S01007842,1215,449,766
S01007843,944,315,629
S01007844,1291,661,630
S01007845,995,526,469
S01007846,852,663,189
S01007847,1474,892,582
S01007848,1070,358,712
S01007849,1112,548,564
S01007850,754,729,25
S01007851,1035,723,312
S01007852,1256,704,552
S01007853,807,211,596
S01007854,1236,508,728
S01007855,658,169,489
S01007856,989,815,174
S01007857,595,511,84
S01007858,2126,1849,277
S01007859,1503,1316,187
S01007860,1165,1049,116
S01007861,1067,927,140
S01007862,1067,868,199
S01007863,895,364,531
S01007864,938,704,234
S01007865,1398,1303,95
S01007866,586,584,2
S01007867,1364,1245,119
S01007868,2028,1871,157
S01007869,2129,1945,184
S01007870,634,609,25
S01007871,1111,1027,84
S01007872,795,551,244
S01007873,729,517,212
S01007874,887,530,357
S01007875,764,733,31
S01007876,1009,952,57
S01007877,888,768,120
S01007878,653,477,176
S01007879,1132,1017,115
S01007880,460,410,50
S01007881,656,519,137
S01007882,1605,1566,39
S01007883,1204,994,210
S01007884,953,877,76
S01007885,976,629,347
S01007886,1168,885,283
S01007887,717,647,70
S01007888,1070,1037,33
S01007889,1119,1027,92
S01007890,695,669,26
S01007891,1333,1194,139
S01007892,1157,983,174
S01007893,1309,1209,100
S01007894,1050,969,81
S01007895,771,588,183
S01007896,1110,698,412
S01007897,1602,1490,112
S01007898,758,728,30
S01007899,502,458,44
S01007900,549,547,2
S01007901,801,778,23
S01007902,980,949,31
S01007903,803,644,159
S01007904,787,740,47
S01007905,827,812,15
S01007906,824,537,287
S01007907,780,675,105
S01007908,1296,1030,266
S01007909,719,695,24
S01007910,1111,723,388
S01007911,1094,851,243
S01007912,865,702,163
S01007913,1069,521,548
S01007914,744,672,72
S01007915,961,888,73
S01007916,1027,770,257
S01007917,1195,901,294
S01007918,1014,744,270
S01007919,949,881,68
S01007920,615,591,24
S01007921,1136,1044,92
S01007922,1361,1151,210
S01007923,1264,1165,99
S01007924,1126,794,332
S01007925,665,632,33
S01007926,917,887,30
S01007927,617,607,10
S01007928,1168,1110,58
S01007929,1612,1530,82
S01007930,722,699,23
S01007931,1345,1194,151
S01007932,831,730,101
S01007933,1339,1217,122
S01007934,720,652,68
S01007935,1271,745,526
S01007936,1233,1146,87
S01007937,1503,1406,97
S01007938,837,449,388
S01007939,1016,837,179
S01007940,1719,1476,243
S01007941,631,621,10
S01007942,508,411,97
S01007943,970,814,156
S01007944,1026,823,203
S01007945,1202,818,384
S01007946,1032,740,292
S01007947,1048,832,216
S01007948,760,531,229
S01007949,954,718,236
S01007950,1135,1025,110
S01007951,1005,736,269
S01007952,847,521,326
S01007953,1022,746,276
S01007954,728,481,247
S01007955,1250,1216,34
S01007956,999,983,16
S01007957,1230,1023,207
S01007958,985,498,487
S01007959,1465,1294,171
S01007960,607,515,92
S01007961,1165,1074,91
S01007962,1096,924,172
S01007963,1158,751,407
S01007964,890,723,167
S01007965,774,445,329
S01007966,1090,951,139
S01007967,860,753,107
S01007968,1038,918,120
S01007969,840,640,200
S01007970,1062,823,239
S01007971,1027,735,292
S01007972,1126,1002,124
S01007973,867,827,40
S01007974,917,334,583
S01007975,655,533,122
S01007976,1085,390,695
S01007977,645,442,203
S01007978,826,356,470
S01007979,903,662,241
S01007980,816,628,188
S01007981,755,697,58
S01007982,695,596,99
S01007983,1415,1164,251
S01007984,896,765,131
S01007985,923,678,245
S01007986,675,660,15
S01007987,1033,952,81
S01007988,906,889,17
S01007989,722,705,17
S01007990,1253,1206,47
S01007991,1003,993,10
S01007992,1058,1043,15
S01007993,908,899,9
S01007994,659,657,2
S01007995,721,703,18
S01007996,338,328,10
S01007997,669,649,20
S01007998,590,459,131
S01007999,801,736,65
S01008000,868,812,56
S01008001,916,769,147
S01008002,1039,849,190
S01008003,690,576,114
S01008004,122,99,23
S01008005,95,74,21
S01008006,864,694,170
S01008007,570,286,284
S01008008,787,694,93
S01008009,1021,702,319
S01008010,1309,930,379
S01008011,846,218,628
S01008012,966,296,670
S01008013,742,284,458
S01008014,800,478,322
S01008015,832,244,588
S01008016,781,238,543
S01008017,879,841,38
S01008018,944,758,186
S01008019,953,673,280
S01008020,891,488,403
S01008021,699,581,118
S01008022,844,821,23
S01008023,1735,1675,60
S01008024,951,916,35
S01008025,891,826,65
S01008026,1280,922,358
S01008027,807,483,324
S01008028,585,518,67
S01008029,3643,3479,164
S01008030,2233,2115,118
S01008031,1573,1347,226
S01008032,1238,1157,81
S01008033,1166,1152,14
S01008034,1176,1123,53
S01008035,1020,944,76
S01008036,669,662,7
S01008037,1446,1237,209
S01008038,999,863,136
S01008039,1079,846,233
S01008040,752,745,7
S01008041,1074,622,452
S01008042,862,672,190
S01008043,1364,1198,166
S01008044,1192,947,245
S01008045,1313,1024,289
S01008046,1157,514,643
S01008047,697,683,14
S01008048,662,656,6
S01008049,1023,943,80
S01008050,682,620,62
S01008051,1229,1218,11
S01008052,829,815,14
S01008053,959,774,185
S01008054,769,521,248
S01008055,1049,1041,8
S01008056,1204,1057,147
S01008057,1358,1170,188
S01008058,895,813,82
S01008059,678,662,16
S01008060,1736,1722,14
S01008061,887,796,91
S01008062,997,988,9
S01008063,874,824,50
S01008064,1013,713,300
S01008065,1219,1147,72
S01008066,1022,967,55
S01008067,691,574,117
S01008068,1203,1180,23
S01008069,1201,1069,132
S01008070,1125,1106,19
S01008071,966,940,26
S01008072,1255,778,477
S01008073,471,422,49
S01008074,972,964,8
S01008075,613,609,4
S01008076,1003,752,251
S01008077,1003,841,162
S01008078,860,742,118
S01008079,905,891,14
S01008080,808,781,27
S01008081,703,562,141
S01008082,1032,977,55
S01008083,839,830,9
S01008084,1033,956,77
S01008085,1314,1263,51
S01008086,1256,1148,108
S01008087,1136,1132,4
S01008088,917,832,85
S01008089,997,990,7
S01008090,771,656,115
S01008091,513,493,20
S01008092,1138,1047,91
S01008093,900,868,32
S01008094,725,721,4
S01008095,1093,982,111
S01008096,790,741,49
S01008097,897,747,150
S01008098,750,746,4
S01008099,521,514,7
S01008100,1035,893,142
S01008101,1184,851,333
S01008102,749,680,69
S01008103,706,236,470
S01008104,1022,746,276
S01008105,1211,914,297
S01008106,1742,1406,336
S01008107,1301,1186,115
S01008108,936,915,21
S01008109,940,934,6
S01008110,941,890,51
S01008111,869,809,60
S01008112,947,940,7
S01008113,1002,900,102
S01008114,899,887,12
S01008115,913,856,57
S01008116,1116,1096,20
S01008117,800,786,14
S01008118,1351,1307,44
S01008119,784,681,103
S01008120,707,516,191
S01008121,662,638,24
S01008122,1128,951,177
S01008123,1063,909,154
S01008124,1012,988,24
S01008125,1170,995,175
S01008126,935,931,4
S01008127,489,483,6
S01008128,1098,1026,72
S01008129,980,678,302
S01008130,1146,610,536
S01008131,766,367,399
S01008132,1106,1035,71
S01008133,829,524,305
S01008134,703,259,444
S01008135,1524,985,539
S01008136,1419,691,728
S01008137,1426,820,606
S01008138,1051,805,246
S01008139,1086,953,133
S01008140,741,504,237
S01008141,1168,1151,17
S01008142,974,959,15
S01008143,1167,912,255
S01008144,1019,981,38
S01008145,1018,756,262
S01008146,649,399,250
S01008147,901,883,18
S01008148,915,820,95
S01008149,960,770,190
S01008150,1409,1135,274
S01008151,1030,800,230
S01008152,1241,1088,153
S01008153,795,717,78
S01008154,1050,952,98
S01008155,836,782,54
S01008156,1062,912,150
S01008157,1083,983,100
S01008158,1002,941,61
S01008159,1208,797,411
S01008160,1366,1157,209
S01008161,1443,1358,85
S01008162,1261,1042,219
S01008163,894,573,321
S01008164,650,337,313
S01008165,855,812,43
S01008166,1322,1236,86
S01008167,1579,1274,305
S01008168,1096,881,215
S01008169,1474,1358,116
S01008170,708,612,96
S01008171,909,386,523
S01008172,557,543,14
S01008173,785,772,13
S01008174,532,480,52
S01008175,750,373,377
S01008176,1490,1178,312
S01008177,864,308,556
S01008178,640,585,55
S01008179,391,380,11
S01008180,473,452,21
S01008181,678,595,83
S01008182,1253,308,945
S01008183,968,410,558
S01008184,881,181,700
S01008185,1235,255,980
S01008186,853,209,644
S01008187,699,310,389
S01008188,1467,377,1090
S01008189,1062,830,232
S01008190,1035,833,202
S01008191,1446,1306,140
S01008192,1052,593,459
S01008193,936,674,262
S01008194,636,385,251
S01008195,1148,627,521
S01008196,923,666,257
S01008197,1894,1633,261
S01008198,693,626,67
S01008199,776,743,33
S01008200,867,709,158
S01008201,1327,943,384
S01008202,803,651,152
S01008203,556,194,362
S01008204,2710,2297,413
S01008205,771,757,14
S01008206,1604,1429,175
S01008207,824,736,88
S01008208,1026,851,175
S01008209,686,608,78
S01008210,1407,878,529
S01008211,991,684,307
S01008212,712,698,14
S01008213,1019,1005,14
S01008214,831,686,145
S01008215,1099,1000,99
S01008216,770,755,15
S01008217,663,586,77
S01008218,2149,1876,273
S01008219,1165,754,411
S01008220,644,579,65
S01008221,832,264,568
S01008222,722,495,227
S01008223,597,518,79
S01008224,907,885,22
S01008225,786,738,48
S01008226,755,598,157
S01008227,986,848,138
S01008228,791,619,172
S01008229,1317,1165,152
S01008230,811,776,35
S01008231,640,504,136
S01008232,244,242,2
S01008233,1740,1608,132
S01008234,2097,1954,143
S01008235,929,889,40
S01008236,1009,861,148
S01008237,929,837,92
S01008238,1038,968,70
S01008239,760,747,13
S01008240,1386,1303,83
S01008241,1039,970,69
S01008242,1211,1191,20
S01008243,1134,1116,18
S01008244,1047,980,67
S01008245,1133,1097,36
S01008246,1218,1188,30
S01008247,982,978,4
S01008248,1309,1236,73
S01008249,883,850,33
S01008250,1117,981,136
S01008251,1038,1015,23
S01008252,1110,1013,97
S01008253,834,740,94
S01008254,1240,1087,153
S01008255,1005,947,58
S01008256,1033,714,319
S01008257,856,557,299
S01008258,1289,1105,184
S01008259,1455,1052,403
S01008260,1054,859,195
S01008261,1197,1175,22
S01008262,914,873,41
S01008263,760,546,214
S01008264,919,830,89
S01008265,706,625,81
S01008266,1061,989,72
S01008267,808,782,26
S01008268,827,500,327
S01008269,1066,859,207
S01008270,1157,685,472
S01008271,744,264,480
S01008272,1002,875,127
S01008273,1026,857,169
S01008274,930,687,243
S01008275,682,459,223
S01008276,681,629,52
S01008277,692,664,28
S01008278,774,724,50
S01008279,733,604,129
S01008280,1268,1044,224
S01008281,830,794,36
S01008282,756,718,38
S01008283,1291,1177,114
S01008284,1651,1624,27
S01008285,754,433,321
S01008286,1345,1213,132
S01008287,850,701,149
S01008288,1000,658,342
S01008289,768,338,430
S01008290,987,496,491
S01008291,1084,870,214
S01008292,1640,1489,151
S01008293,1182,1167,15
S01008294,730,719,11
S01008295,1211,1116,95
S01008296,932,800,132
S01008297,626,471,155
S01008298,1079,926,153
S01008299,1177,704,473
S01008300,940,659,281
S01008301,1015,971,44
S01008302,940,931,9
S01008303,788,388,400
S01008304,476,349,127
S01008305,791,758,33
S01008306,611,578,33
S01008307,754,693,61
S01008308,566,554,12
S01008309,911,375,536
S01008310,949,637,312
S01008311,728,462,266
S01008312,720,397,323
S01008313,970,524,446
S01008314,939,331,608
S01008315,748,145,603
S01008316,943,720,223
S01008317,738,502,236
S01008318,1578,1474,104
S01008319,614,244,370
S01008320,633,514,119
S01008321,729,724,5
S01008322,1906,1436,470
S01008323,881,609,272
S01008324,651,554,97
S01008325,1229,1102,127
S01008326,1164,801,363
S01008327,1094,931,163
S01008328,935,909,26
S01008329,1038,1027,11
S01008330,1088,1071,17
S01008331,785,698,87
S01008332,1039,882,157
S01008333,1114,915,199
S01008334,995,715,280
S01008335,1012,691,321
S01008336,1000,654,346
S01008337,906,789,117
S01008338,876,854,22
S01008339,629,620,9
S01008340,929,874,55
S01008341,700,696,4
S01008342,1167,992,175
S01008343,1115,1024,91
S01008344,872,692,180
S01008345,1273,1141,132
S01008346,1102,1081,21
S01008347,1228,835,393
S01008348,976,753,223
S01008349,1437,1249,188
S01008350,760,684,76
S01008351,1060,980,80
S01008352,926,895,31
S01008353,525,436,89
S01008354,1110,1056,54
S01008355,1123,962,161
S01008356,884,822,62
S01008357,908,769,139
S01008358,870,766,104
S01008359,772,706,66
S01008360,1338,1259,79
S01008361,786,751,35
S01008362,1158,1048,110
S01008363,829,795,34
S01008364,818,677,141
S01008365,972,871,101
S01008366,951,734,217
S01008367,966,548,418
S01008368,905,672,233
S01008369,782,684,98
S01008370,692,480,212
S01008371,913,910,3
S01008372,927,920,7
S01008373,1199,1194,5
S01008374,877,804,73
S01008375,789,786,3
S01008376,655,467,188
S01008377,944,753,191
S01008378,1103,926,177
S01008379,530,524,6
S01008380,649,646,3
S01008381,1070,1066,4
S01008382,921,913,8
S01008383,619,595,24
S01008384,968,956,12
S01008385,674,657,17
S01008386,951,941,10
S01008387,871,845,26
S01008388,637,630,7
S01008389,725,538,187
S01008390,732,724,8
S01008391,785,559,226
S01008392,906,817,89
S01008393,912,700,212
S01008394,1108,1068,40
S01008395,832,778,54
S01008396,807,606,201
S01008397,996,985,11
S01008398,907,814,93
S01008399,700,395,305
S01008400,1101,1023,78
S01008401,1258,1053,205
S01008402,1092,904,188
S01008403,984,843,141
S01008404,1006,939,67
S01008405,878,778,100
S01008406,1188,894,294
S01008407,522,358,164
S01008408,806,751,55
S01008409,1057,758,299
S01008410,835,735,100
S01008411,1121,878,243
S01008412,706,631,75
S01008413,690,467,223
S01008414,660,650,10
S01008415,1058,800,258
S01008416,1164,700,464
S01008417,726,626,100
S01008418,692,475,217
S01008419,500,397,103
S01008420,569,485,84
S01008421,858,696,162
S01008422,972,843,129
S01008423,1063,989,74
S01008424,1120,1087,33
S01008425,1047,1029,18
S01008426,1163,1093,70
S01008427,1249,1219,30
S01008428,884,736,148
S01008429,913,873,40
S01008430,1117,966,151
S01008431,1067,936,131
S01008432,1116,996,120
S01008433,807,765,42
S01008434,1043,1000,43
S01008435,1083,1064,19
S01008436,1025,788,237
S01008437,788,500,288
S01008438,581,489,92
S01008439,1112,1035,77
S01008440,1143,1011,132
S01008441,1014,855,159
S01008442,766,532,234
S01008443,582,518,64
S01008444,703,584,119
S01008445,1066,784,282
S01008446,1359,1072,287
S01008447,675,563,112
S01008448,879,761,118
S01008449,964,446,518
S01008450,555,85,470
S01008451,1018,446,572
S01008452,979,95,884
S01008453,956,113,843
S01008454,1339,800,539
S01008455,1254,123,1131
S01008456,1236,50,1186
S01008457,1038,157,881
S01008458,995,508,487
S01008459,815,90,725
S01008460,1227,203,1024
S01008461,1018,145,873
S01008462,694,303,391
S01008463,937,134,803
S01008464,921,135,786
S01008465,953,207,746
S01008466,840,178,662
S01008467,887,242,645
S01008468,948,407,541
S01008469,804,498,306
S01008470,992,489,503
S01008471,858,135,723
S01008472,811,440,371
S01008473,700,350,350
S01008474,832,165,667
S01008475,1033,114,919
S01008476,779,106,673
S01008477,1167,80,1087
S01008478,984,100,884
S01008479,1090,124,966
S01008480,534,308,226
S01008481,983,780,203
S01008482,859,488,371
S01008483,832,303,529
S01008484,952,627,325
S01008485,1203,864,339
S01008486,867,446,421
S01008487,961,283,678
S01008488,1303,67,1236
S01008489,874,224,650
S01008490,1159,152,1007
S01008491,935,52,883
S01008492,944,47,897
S01008493,913,147,766
S01008494,837,57,780
S01008495,1059,19,1040
S01008496,1160,15,1145
S01008497,927,45,882
S01008498,764,55,709
S01008499,1123,31,1092
S01008500,398,8,390
S01008501,835,112,723
S01008502,648,18,630
S01008503,994,206,788
S01008504,1718,540,1178
S01008505,1000,296,704
S01008506,1038,231,807
S01008507,755,189,566
S01008508,1102,627,475
S01008509,1251,611,640
S01008510,904,729,175
S01008511,1007,797,210
S01008512,1202,1113,89
S01008513,806,731,75
S01008514,705,445,260
S01008515,941,691,250
S01008516,1286,198,1088
S01008517,1042,106,936
S01008518,1192,635,557
S01008519,1083,786,297
S01008520,1359,1122,237
S01008521,902,859,43
S01008522,594,414,180
S01008523,1170,631,539
S01008524,1198,496,702
S01008525,1139,493,646
S01008526,846,249,597
S01008527,726,98,628
S01008528,720,113,607
S01008529,839,566,273
S01008530,1053,294,759
S01008531,946,223,723
S01008532,657,516,141
S01008533,541,492,49
S01008534,869,803,66
S01008535,709,682,27
S01008536,707,619,88
S01008537,673,658,15
S01008538,641,635,6
S01008539,1096,951,145
S01008540,982,923,59
S01008541,1028,988,40
S01008542,1221,1186,35
S01008543,995,963,32
S01008544,653,619,34
S01008545,1053,973,80
S01008546,806,789,17
S01008547,1167,1126,41
S01008548,1056,838,218
S01008549,1181,967,214
S01008550,1039,891,148
S01008551,969,687,282
S01008552,1031,926,105
S01008553,645,560,85
S01008554,1090,876,214
S01008555,1286,544,742
S01008556,1096,638,458
S01008557,1037,722,315
S01008558,912,509,403
S01008559,862,754,108
S01008560,888,706,182
S01008561,1015,890,125
S01008562,858,543,315
S01008563,1113,550,563
S01008564,1041,915,126
S01008565,1060,747,313
S01008566,1135,958,177
S01008567,889,804,85
S01008568,862,806,56
S01008569,738,128,610
S01008570,1303,952,351
S01008571,789,618,171
S01008572,1001,831,170
S01008573,1101,972,129
S01008574,1049,924,125
S01008575,874,707,167
S01008576,1006,638,368
S01008577,1092,866,226
S01008578,938,844,94
S01008579,820,685,135
S01008580,816,707,109
S01008581,1014,568,446
S01008582,1368,903,465
S01008583,921,470,451
S01008584,1307,741,566
S01008585,991,626,365
S01008586,949,647,302
S01008587,754,542,212
S01008588,1116,647,469
S01008589,390,224,166
S01008590,759,222,537
S01008591,1067,463,604
S01008592,870,534,336
S01008593,864,595,269
S01008594,892,351,541
S01008595,1116,400,716
S01008596,953,126,827
S01008597,1116,784,332
S01008598,1204,363,841
S01008599,1000,383,617
S01008600,955,369,586
S01008601,752,134,618
S01008602,555,51,504
S01008603,1029,18,1011
S01008604,1074,338,736
S01008605,867,178,689
S01008606,1042,537,505
S01008607,628,381,247
S01008608,803,244,559
S01008609,1088,508,580
S01008610,1235,320,915
S01008611,1111,181,930
S01008612,779,30,749
S01008613,1039,258,781
S01008614,910,61,849
S01008615,928,114,814
S01008616,849,47,802
S01008617,967,55,912
S01008618,739,27,712
S01008619,520,6,514
S01008620,815,18,797
S01008621,881,21,860
S01008622,837,23,814
S01008623,1010,147,863
S01008624,781,317,464
S01008625,566,480,86
S01008626,1110,484,626
S01008627,776,494,282
S01008628,738,124,614
S01008629,1007,162,845
S01008630,739,50,689
S01008631,910,124,786
S01008632,1068,217,851
S01008633,1214,487,727
S01008634,727,169,558
S01008635,824,173,651
S01008636,940,240,700
S01008637,761,147,614
S01008638,1206,206,1000
S01008639,1277,233,1044
S01008640,1188,132,1056
S01008641,1104,90,1014
S01008642,1043,169,874
S01008643,1002,285,717
S01008644,678,53,625
S01008645,1035,83,952
S01008646,1251,206,1045
S01008647,715,69,646
S01008648,988,32,956
S01008649,1221,63,1158
S01008650,912,17,895
S01008651,924,21,903
S01008652,739,17,722
S01008653,684,56,628
S01008654,1189,15,1174
S01008655,922,65,857
S01008656,1165,24,1141
S01008657,966,172,794
S01008658,1212,54,1158
S01008659,1210,74,1136
S01008660,1162,64,1098
S01008661,1053,24,1029
S01008662,818,14,804
S01008663,992,31,961
S01008664,1006,35,971
S01008665,1174,92,1082
S01008666,842,31,811
S01008667,1240,33,1207
S01008668,880,48,832
S01008669,690,6,684
S01008670,1019,22,997
S01008671,1188,28,1160
S01008672,686,37,649
S01008673,1158,29,1129
S01008674,866,18,848
S01008675,862,34,828
S01008676,877,107,770
S01008677,802,21,781
S01008678,967,24,943
S01008679,1055,26,1029
S01008680,914,30,884
S01008681,1096,37,1059
S01008682,877,68,809
S01008683,1550,106,1444
S01008684,1143,101,1042
S01008685,798,152,646
S01008686,1179,33,1146
S01008687,984,40,944
S01008688,1235,123,1112
S01008689,1190,169,1021
S01008690,1078,203,875
S01008691,1293,27,1266
S01008692,1069,76,993
S01008693,591,409,182
S01008694,1436,275,1161
S01008695,1010,304,706
S01008696,675,506,169
S01008697,1055,765,290
S01008698,742,606,136
S01008699,1119,445,674
S01008700,747,502,245
S01008701,938,567,371
S01008702,752,164,588
S01008703,1399,683,716
S01008704,1642,1057,585
S01008705,932,497,435
S01008706,1369,922,447
S01008707,1250,757,493
S01008708,962,393,569
S01008709,1048,748,300
S01008710,998,716,282
S01008711,775,270,505
S01008712,1144,779,365
S01008713,635,124,511
S01008714,642,261,381
S01008715,763,539,224
S01008716,694,414,280
S01008717,532,486,46
S01008718,591,500,91
S01008719,1145,856,289
S01008720,577,395,182
S01008721,809,766,43
S01008722,1057,906,151
S01008723,757,644,113
S01008724,1034,775,259
S01008725,749,467,282
S01008726,1163,621,542
S01008727,1162,565,597
S01008728,654,143,511
S01008729,845,412,433
S01008730,1092,343,749
S01008731,514,324,190
S01008732,815,237,578
S01008733,869,197,672
S01008734,806,488,318
S01008735,1187,1049,138
S01008736,734,656,78
S01008737,801,760,41
S01008738,885,851,34
S01008739,559,401,158
S01008740,709,664,45
S01008741,1125,975,150
S01008742,731,459,272
S01008743,1095,185,910
S01008744,1058,398,660
S01008745,545,218,327
S01008746,1062,110,952
S01008747,575,386,189
S01008748,1063,931,132
S01008749,1186,1083,103
S01008750,764,677,87
S01008751,1017,379,638
S01008752,976,105,871
S01008753,887,180,707
S01008754,866,66,800
S01008755,1001,133,868
S01008756,827,66,761
S01008757,784,76,708
S01008758,1002,202,800
S01008759,728,239,489
S01008760,1314,500,814
S01008761,858,156,702
S01008762,551,332,219
S01008763,845,551,294
S01008764,714,395,319
S01008765,1265,519,746
S01008766,1425,740,685
S01008767,896,501,395
S01008768,2803,212,2591
S01008769,2293,75,2218
S01008770,2178,72,2106
S01008771,2178,72,2106
S01008772,1183,345,838
S01008773,1114,229,885
S01008774,897,188,709
S01008775,533,185,348
S01008776,1214,120,1094
S01008777,1060,89,971
S01008778,990,16,974
S01008779,1053,89,964
S01008780,920,37,883
S01008781,1098,16,1082
S01008782,956,51,905
S01008783,553,7,546
S01008784,779,11,768
S01008785,1066,19,1047
S01008786,1166,16,1150
S01008787,659,13,646
S01008788,875,49,826
S01008789,654,231,423
S01008790,905,41,864
S01008791,978,250,728
S01008792,993,178,815
S01008793,1059,61,998
S01008794,963,62,901
S01008795,1276,24,1252
S01008796,1182,72,1110
S01008797,1048,39,1009
S01008798,983,26,957
S01008799,779,23,756
S01008800,1205,25,1180
S01008801,854,11,843
S01008802,1241,20,1221
S01008803,1112,114,998
S01008804,812,54,758
S01008805,786,11,775
S01008806,1219,105,1114
S01008807,984,86,898
S01008808,663,23,640
S01008809,795,207,588
S01008810,1026,72,954
S01008811,829,74,755
S01008812,881,30,851
S01008813,1021,293,728
S01008814,1275,305,970
S01008815,1287,233,1054
S01008816,523,81,442
S01008817,1192,99,1093
S01008818,1166,372,794
S01008819,1066,181,885
S01008820,1514,187,1327
S01008821,787,489,298
S01008822,837,541,296
S01008823,861,383,478
S01008824,1274,408,866
S01008825,610,215,395
S01008826,650,115,535
S01008827,989,560,429
S01008828,1003,540,463
S01008829,1067,682,385
S01008830,1211,615,596
S01008831,1035,728,307
S01008832,697,241,456
S01008833,1099,258,841
S01008834,1180,512,668
S01008835,1013,490,523
S01008836,526,37,489
S01008837,1634,126,1508
S01008838,1009,246,763
S01008839,1185,298,887
S01008840,1073,368,705
S01008841,1289,175,1114
S01008842,161,89,72
S01008843,881,47,834
S01008844,968,48,920
S01008845,851,73,778
S01008846,914,160,754
S01008847,818,116,702
S01008848,901,94,807
S01008849,1025,66,959
S01008850,1423,156,1267
S01008851,1198,107,1091
S01008852,1222,194,1028
S01008853,680,40,640
S01008854,1010,71,939
S01008855,1152,93,1059
S01008856,718,59,659
S01008857,966,245,721
S01008858,1143,314,829
S01008859,1103,65,1038
S01008860,1231,146,1085
S01008861,968,305,663
S01008862,1053,172,881
S01008863,795,155,640
S01008864,1071,229,842
S01008865,1077,38,1039
S01008866,1033,76,957
S01008867,961,104,857
S01008868,1066,101,965
S01008869,1068,109,959
S01008870,1150,306,844
S01008871,1270,105,1165
S01008872,1013,151,862
S01008873,805,449,356
S01008874,835,265,570
S01008875,1112,124,988
S01008876,759,436,323
S01008877,801,361,440
S01008878,1175,575,600
S01008879,817,344,473
S01008880,688,480,208
S01008881,579,374,205
S01008882,1094,840,254
S01008883,1058,745,313
S01008884,823,685,138
S01008885,964,889,75
S01008886,1135,549,586
S01008887,766,541,225
S01008888,1017,231,786
S01008889,879,476,403
S01008890,832,782,50
S01008891,763,722,41
S01008892,1190,564,626
S01008893,1100,973,127
S01008894,1006,947,59
S01008895,778,679,99
S01008896,1004,889,115
S01008897,898,713,185
S01008898,1060,864,196
S01008899,843,292,551
S01008900,948,551,397
S01008901,1177,649,528
S01008902,1112,327,785
S01008903,1078,554,524
S01008904,1179,220,959
S01008905,1297,164,1133
S01008906,1006,260,746
S01008907,1142,420,722
S01008908,1119,193,926
S01008909,1095,258,837
S01008910,1787,425,1362
S01008911,1358,306,1052
S01008912,882,557,325
S01008913,525,121,404
S01008914,1106,640,466
S01008915,683,441,242
S01008916,1283,194,1089
S01008917,681,53,628
S01008918,824,35,789
S01008919,674,34,640
S01008920,1373,159,1214
S01008921,1346,80,1266
S01008922,1187,238,949
S01008923,1242,108,1134
S01008924,2320,1023,1297
S01008925,843,420,423
S01008926,1637,535,1102
S01008927,1174,279,895
S01008928,713,257,456
S01008929,1375,242,1133
S01008930,1131,389,742
S01008931,776,392,384
S01008932,1188,316,872
S01008933,923,555,368
S01008934,865,499,366
S01008935,1086,826,260
S01008936,654,602,52
S01008937,831,378,453
S01008938,1045,836,209
S01008939,781,647,134
S01008940,787,691,96
S01008941,955,758,197
S01008942,1226,1000,226
S01008943,826,734,92
S01008944,1013,799,214
S01008945,1071,1004,67
S01008946,912,665,247
S01008947,1141,976,165
S01008948,982,610,372
S01008949,1374,1159,215
S01008950,1067,962,105
S01008951,1022,298,724
S01008952,1428,413,1015
S01008953,1142,777,365
S01008954,933,617,316
S01008955,878,735,143
S01008956,1250,1094,156
S01008957,1130,879,251
S01008958,821,495,326
S01008959,1022,833,189
S01008960,1021,829,192
S01008961,963,695,268
S01008962,616,545,71
S01008963,964,793,171
S01008964,740,711,29
S01008965,742,720,22
S01008966,907,879,28
S01008967,1148,1108,40
S01008968,1135,1089,46
S01008969,1088,848,240
S01008970,1144,897,247
S01008971,697,606,91
S01008972,1408,1035,373
S01008973,708,422,286
S01008974,939,464,475
S01008975,903,385,518
S01008976,747,609,138
S01008977,835,731,104
S01008978,719,269,450
S01008979,853,145,708
S01008980,834,174,660
S01008981,808,680,128
S01008982,922,103,819
S01008983,844,52,792
S01008984,518,83,435
S01008985,794,493,301
S01008986,958,924,34
S01008987,1013,928,85
S01008988,941,502,439
S01008989,1031,799,232
S01008990,1170,700,470
S01008991,1220,977,243
S01008992,440,229,211
S01008993,1264,979,285
S01008994,1043,920,123
S01008995,1122,1000,122
S01008996,703,673,30
S01008997,1088,1022,66
S01008998,1197,1073,124
S01008999,970,797,173
S01009000,1117,1004,113
S01009001,880,838,42
S01009002,921,825,96
S01009003,1034,876,158
S01009004,853,798,55
S01009005,1020,889,131
S01009006,1368,1114,254
S01009007,891,779,112
S01009008,916,578,338
S01009009,476,89,387
S01009010,1378,1219,159
S01009011,1194,1160,34
S01009012,875,835,40
S01009013,1036,967,69
S01009014,823,808,15
S01009015,637,628,9
S01009016,528,524,4
S01009017,703,647,56
S01009018,743,735,8
S01009019,884,866,18
S01009020,1023,1018,5
S01009021,731,711,20
S01009022,873,860,13
S01009023,908,906,2
S01009024,1221,1179,42
S01009025,918,911,7
S01009026,1108,1100,8
S01009027,877,868,9
S01009028,618,604,14
S01009029,831,818,13
S01009030,1028,1022,6
S01009031,761,736,25
S01009032,656,652,4
S01009033,895,890,5
S01009034,709,707,2
S01009035,927,925,2
S01009036,1074,1064,10
S01009037,1025,1022,3
S01009038,1081,1069,12
S01009039,934,861,73
S01009040,766,593,173
S01009041,1071,684,387
S01009042,808,613,195
S01009043,1187,1008,179
S01009044,992,829,163
S01009045,1081,1029,52
S01009046,868,866,2
S01009047,802,801,1
S01009048,837,837,0
S01009049,780,776,4
S01009050,975,805,170
S01009051,1084,985,99
S01009052,914,763,151
S01009053,532,198,334
S01009054,700,639,61
S01009055,807,721,86
S01009056,554,465,89
S01009057,731,201,530
S01009058,1029,706,323
S01009059,881,767,114
S01009060,1179,1055,124
S01009061,941,898,43
S01009062,849,728,121
S01009063,733,714,19
S01009064,691,599,92
S01009065,1681,1115,566
S01009066,693,625,68
S01009067,645,631,14
S01009068,895,822,73
S01009069,882,831,51
S01009070,927,805,122
S01009071,652,605,47
S01009072,1349,1299,50
S01009073,782,684,98
S01009074,959,902,57
S01009075,694,613,81
S01009076,1126,877,249
S01009077,949,813,136
S01009078,565,490,75
S01009079,1299,940,359
S01009080,1989,1847,142
S01009081,1487,1385,102
S01009082,1676,1504,172
S01009083,774,598,176
S01009084,4116,3828,288
S01009085,1321,1263,58
S01009086,1781,1562,219
S01009087,1637,1545,92
S01009088,1208,1110,98
S01009089,839,573,266
S01009090,462,303,159
S01009091,1830,1754,76
S01009092,1047,855,192
S01009093,1014,839,175
S01009094,878,837,41
S01009095,1224,889,335
S01009096,1054,836,218
S01009097,1759,1581,178
S01009098,509,491,18
S01009099,807,596,211
S01009100,1188,794,394
S01009101,1045,980,65
S01009102,1086,957,129
S01009103,656,623,33
S01009104,775,607,168
S01009105,796,701,95
S01009106,791,717,74
S01009107,1277,1220,57
S01009108,874,753,121
S01009109,956,917,39
S01009110,805,765,40
S01009111,1056,996,60
S01009112,560,558,2
S01009113,632,558,74
S01009114,902,838,64
S01009115,904,715,189
S01009116,788,702,86
S01009117,765,556,209
S01009118,632,631,1
S01009119,917,856,61
S01009120,737,643,94
S01009121,1083,558,525
S01009122,1414,1226,188
S01009123,400,387,13
S01009124,989,893,96
S01009125,893,745,148
S01009126,792,450,342
S01009127,718,564,154
S01009128,941,215,726
S01009129,621,275,346
S01009130,733,463,270
S01009131,790,246,544
S01009132,962,700,262
S01009133,742,286,456
S01009134,1006,659,347
S01009135,565,395,170
S01009136,1083,917,166
S01009137,1423,1358,65
S01009138,1001,745,256
S01009139,578,119,459
S01009140,700,321,379
S01009141,618,155,463
S01009142,828,256,572
S01009143,600,166,434
S01009144,1409,958,451
S01009145,1831,1165,666
S01009146,1203,613,590
S01009147,1639,1045,594
S01009148,762,619,143
S01009149,867,501,366
S01009150,747,32,715
S01009151,890,461,429
S01009152,841,115,726
S01009153,762,226,536
S01009154,899,586,313
S01009155,691,487,204
S01009156,1411,1301,110
S01009157,921,857,64
S01009158,848,624,224
S01009159,659,395,264
S01009160,618,291,327
S01009161,884,259,625
S01009162,709,203,506
S01009163,525,305,220
S01009164,974,957,17
S01009165,720,451,269
S01009166,959,586,373
S01009167,750,678,72
S01009168,1080,911,169
S01009169,875,461,414
S01009170,677,615,62
S01009171,1846,1603,243
S01009172,1036,935,101
S01009173,1471,1423,48
S01009174,93,91,2
S01009175,1784,1740,44
S01009176,1448,1426,22
S01009177,817,658,159
S01009178,845,687,158
S01009179,855,781,74
S01009180,984,738,246
S01009181,1450,1351,99
S01009182,1171,1125,46
S01009183,1028,1011,17
S01009184,1211,1020,191
S01009185,1132,1044,88
S01009186,979,875,104
S01009187,1121,1079,42
S01009188,1363,1250,113
S01009189,1538,1355,183
S01009190,1060,1031,29
S01009191,801,789,12
S01009192,862,807,55
S01009193,676,610,66
S01009194,900,879,21
S01009195,1011,913,98
S01009196,693,610,83
S01009197,2143,2088,55
S01009198,814,694,120
S01009199,858,834,24
S01009200,1352,1168,184
S01009201,679,645,34
S01009202,582,577,5
S01009203,633,511,122
S01009204,1106,991,115
S01009205,1142,913,229
S01009206,1039,865,174
S01009207,875,803,72
S01009208,631,535,96
S01009209,1222,987,235
S01009210,836,610,226
S01009211,749,578,171
S01009212,897,767,130
S01009213,836,643,193
S01009214,1199,1084,115
S01009215,1096,703,393
S01009216,1086,928,158
S01009217,793,521,272
S01009218,1122,857,265
S01009219,736,563,173
S01009220,648,237,411
S01009221,634,416,218
S01009222,664,469,195
S01009223,556,462,94
S01009224,994,400,594
S01009225,749,523,226
S01009226,1201,213,988
S01009227,645,222,423
S01009228,772,309,463
S01009229,913,511,402
S01009230,882,439,443
S01009231,958,496,462
S01009232,684,205,479
S01009233,762,706,56
S01009234,1193,562,631
S01009235,921,482,439
S01009236,698,465,233
S01009237,725,586,139
S01009238,994,714,280
S01009239,866,414,452
S01009240,672,232,440
S01009241,895,563,332
S01009242,886,763,123
S01009243,1187,1154,33
S01009244,809,780,29
S01009245,830,768,62
S01009246,1023,945,78
S01009247,1224,1131,93
S01009248,688,652,36
S01009249,1108,700,408
S01009250,770,740,30
S01009251,553,544,9
S01009252,478,476,2
S01009253,733,564,169
S01009254,951,524,427
S01009255,769,263,506
S01009256,634,388,246
S01009257,640,328,312
S01009258,1546,1420,126
S01009259,1080,1004,76
S01009260,2049,1655,394
S01009261,795,482,313
S01009262,849,619,230
S01009263,1218,1062,156
S01009264,778,660,118
S01009265,791,563,228
S01009266,1098,979,119
S01009267,790,603,187
S01009268,1002,725,277
S01009269,1607,1356,251
S01009270,735,475,260
S01009271,885,871,14
S01009272,896,848,48
S01009273,838,819,19
S01009274,826,790,36
S01009275,579,430,149
S01009276,1029,995,34
S01009277,756,730,26
S01009278,836,781,55
S01009279,1089,913,176
S01009280,898,815,83
S01009281,933,637,296
S01009282,1358,1141,217
S01009283,602,515,87
S01009284,822,799,23
S01009285,906,773,133
S01009286,975,877,98
S01009287,846,750,96
S01009288,969,875,94
S01009289,871,813,58
S01009290,646,637,9
S01009291,1185,1146,39
S01009292,511,394,117
S01009293,1000,752,248
S01009294,993,902,91
S01009295,710,678,32
S01009296,991,865,126
S01009297,1622,1491,131
S01009298,1238,638,600
S01009299,1110,628,482
S01009300,605,259,346
S01009301,1011,292,719
S01009302,903,190,713
S01009303,717,574,143
S01009304,1191,853,338
S01009305,994,507,487
S01009306,1314,516,798
S01009307,1263,449,814
S01009308,1120,327,793
S01009309,726,332,394
S01009310,891,741,150
S01009311,1009,975,34
S01009312,991,474,517
S01009313,666,466,200
S01009314,907,730,177
S01009315,673,513,160
S01009316,940,793,147
S01009317,910,860,50
S01009318,951,933,18
S01009319,981,925,56
S01009320,956,896,60
S01009321,1099,1074,25
S01009322,861,763,98
S01009323,1390,1211,179
S01009324,590,337,253
S01009325,975,953,22
S01009326,466,406,60
S01009327,646,555,91
S01009328,1256,1156,100
S01009330,130,74,56
S01009331,1321,1221,100
S01009332,802,791,11
S01009333,893,454,439
S01009334,636,465,171
S01009335,772,710,62
S01009336,655,284,371
S01009337,938,622,316
S01009338,1981,1690,291
S01009339,1139,967,172
S01009340,872,796,76
S01009341,939,891,48
S01009342,853,788,65
S01009343,574,558,16
S01009344,763,722,41
S01009345,1214,1174,40
S01009346,6248,5544,704
S01009347,6415,5630,785
S01009348,6345,5640,705
S01009349,1037,985,52
S01009350,177,177,0
S01009351,97,96,1
S01009352,75,75,0
S01009353,6695,5991,704
S01009354,7285,6529,756
S01009355,1021,986,35
S01009356,963,935,28
S01009357,678,632,46
S01009358,455,450,5
S01009359,1243,1184,59
S01009360,835,718,117
S01009361,856,814,42
S01009362,1176,1123,53
S01009363,952,768,184
S01009364,860,806,54
S01009365,825,589,236
S01009366,879,716,163
S01009367,749,648,101
S01009368,1028,1019,9
S01009369,961,923,38
S01009370,828,612,216
S01009371,526,513,13
S01009372,642,632,10
S01009373,956,683,273
S01009374,986,794,192
S01009375,797,721,76
S01009376,867,742,125
S01009377,971,781,190
S01009378,1261,1007,254
S01009379,981,902,79
S01009380,710,550,160
S01009381,724,579,145
S01009382,1379,856,523
S01009383,989,663,326
S01009384,560,486,74
S01009385,738,561,177
S01009386,1155,767,388
S01009387,949,800,149
S01009388,1232,398,834
S01009389,980,594,386
S01009390,777,721,56
S01009391,873,868,5
S01009392,578,570,8
S01009393,950,942,8
S01009394,891,582,309
S01009395,1040,1000,40
S01009396,736,700,36
S01009397,703,635,68
S01009398,1157,1098,59
S01009399,1004,989,15
S01009400,920,914,6
S01009401,953,943,10
S01009402,809,795,14
S01009403,751,734,17
S01009404,609,307,302
S01009405,749,571,178
S01009406,904,706,198
S01009407,502,427,75
S01009408,839,716,123
S01009409,782,686,96
S01009410,877,753,124
S01009411,1368,1248,120
S01009412,848,679,169
S01009413,1267,1129,138
S01009414,802,745,57
S01009415,1167,698,469
S01009416,610,608,2
S01009417,1474,1432,42
S01009418,1325,992,333
S01009419,2054,1913,141
S01009420,763,515,248
S01009421,722,366,356
S01009422,2191,2013,178
S01009423,1337,1293,44
S01009424,683,586,97
S01009425,840,571,269
S01009426,1029,394,635
S01009427,608,261,347
S01009428,621,560,61
S01009429,827,691,136
S01009430,737,639,98
S01009431,2056,1768,288
S01009432,1093,1017,76
S01009433,824,788,36
S01009434,543,516,27
S01009435,998,946,52
S01009436,828,494,334
S01009437,936,687,249
S01009438,1144,962,182
S01009439,1132,1023,109
S01009440,853,753,100
S01009441,938,858,80
S01009442,1303,1189,114
S01009443,2788,2557,231
S01009444,893,859,34
S01009445,1068,954,114
S01009446,1577,1119,458
S01009447,760,566,194
S01009448,716,555,161
S01009449,678,613,65
S01009450,671,424,247
S01009451,1270,731,539
S01009452,786,442,344
S01009453,1004,630,374
S01009454,1081,851,230
S01009455,1349,1065,284
S01009456,851,638,213
S01009457,745,659,86
S01009458,661,367,294
S01009459,1090,476,614
S01009460,854,207,647
S01009461,763,714,49
S01009462,1270,1166,104
S01009463,1047,892,155
S01009464,842,645,197
S01009465,1284,1162,122
S01009466,797,567,230
S01009467,841,709,132
S01009468,748,305,443
S01009469,791,573,218
S01009470,1643,1374,269
S01009471,659,113,546
S01009472,1197,554,643
S01009473,1041,262,779
S01009474,900,500,400
S01009475,276,259,17
S01009476,1340,1217,123
S01009477,984,393,591
S01009478,964,309,655
S01009479,994,389,605
S01009480,1155,673,482
S01009481,895,395,500
S01009482,584,184,400
S01009483,724,274,450
S01009484,1150,533,617
S01009485,786,455,331
S01009486,799,490,309
S01009487,1179,846,333
S01009488,971,955,16
S01009489,836,468,368
S01009490,853,333,520
S01009491,677,611,66
S01009492,881,820,61
S01009493,1951,1807,144
S01009494,1224,1144,80
S01009495,871,823,48
S01009496,785,712,73
S01009497,1116,1036,80
S01009498,643,638,5
S01009499,796,699,97
S01009500,857,600,257
S01009501,760,665,95
S01009502,971,834,137
S01009503,976,948,28
S01009504,840,637,203
S01009505,951,633,318
S01009506,1110,783,327
S01009507,1122,964,158
S01009508,1197,851,346
S01009509,1088,755,333
S01009510,808,798,10
S01009511,906,901,5
S01009512,996,981,15
S01009513,913,810,103
S01009514,846,834,12
S01009515,833,682,151
S01009516,1103,1058,45
S01009517,81,80,1
S01009518,2173,2041,132
S01009519,899,745,154
S01009520,2912,2703,209
S01009521,970,724,246
S01009522,1232,1047,185
S01009523,749,295,454
S01009524,855,368,487
S01009525,532,190,342
S01009526,650,151,499
S01009527,850,316,534
S01009528,798,183,615
S01009529,1040,612,428
S01009530,874,775,99
S01009531,901,540,361
S01009532,975,562,413
S01009533,933,310,623
S01009534,856,236,620
S01009535,897,286,611
S01009536,548,207,341
S01009537,599,224,375
S01009538,944,372,572
S01009539,979,901,78
S01009540,969,377,592
S01009541,1202,1067,135
S01009542,1072,625,447
S01009543,934,788,146
S01009544,1012,877,135
S01009545,1114,977,137
S01009546,728,495,233
S01009547,979,601,378
S01009548,1023,778,245
S01009549,1308,1088,220
S01009550,569,557,12
S01009551,675,661,14
S01009552,1739,1571,168
S01009553,1051,648,403
S01009554,818,466,352
S01009555,883,650,233
S01009556,918,762,156
S01009557,959,892,67
S01009558,673,646,27
S01009559,1220,1144,76
S01009560,814,649,165
S01009561,634,559,75
S01009562,1093,1086,7
S01009563,931,816,115
S01009564,681,638,43
S01009565,588,553,35
S01009566,1700,1634,66
S01009567,959,898,61
S01009568,882,881,1
S01009569,1019,1007,12
S01009570,665,573,92
S01009571,769,534,235
S01009572,1030,771,259
S01009573,743,618,125
S01009574,1433,1266,167
S01009575,827,793,34
S01009576,1370,1292,78
S01009577,841,819,22
S01009578,1064,949,115
S01009579,284,247,37
S01009580,1161,1068,93
S01009581,756,722,34
S01009582,592,587,5
S01009583,812,775,37
S01009584,537,513,24
S01009585,1216,1203,13
S01009586,1069,1026,43
S01009587,907,755,152
S01009588,977,894,83
S01009589,1169,1135,34
S01009590,888,883,5
S01009591,906,821,85
S01009592,1088,1039,49
S01009593,690,672,18
S01009594,623,609,14
S01009595,823,769,54
S01009596,1014,986,28
S01009597,1117,1069,48
S01009598,721,643,78
S01009599,1173,1124,49
S01009600,996,798,198
S01009601,884,787,97
S01009602,770,763,7
S01009603,696,651,45
S01009604,689,674,15
S01009605,961,876,85
S01009606,780,765,15
S01009607,528,505,23
S01009608,606,387,219
S01009609,1082,904,178
S01009610,1054,745,309
S01009611,432,428,4
S01009612,597,464,133
S01009613,684,662,22
S01009614,645,578,67
S01009615,641,569,72
S01009616,1710,1425,285
S01009617,781,705,76
S01009618,953,571,382
S01009619,718,426,292
S01009620,934,506,428
S01009621,768,556,212
S01009622,836,302,534
S01009623,742,559,183
S01009624,876,785,91
S01009625,1672,1564,108
S01009626,838,688,150
S01009627,944,707,237
S01009628,597,506,91
S01009629,1666,1394,272
S01009630,811,686,125
S01009631,754,401,353
S01009632,667,184,483
S01009633,755,176,579
S01009634,714,429,285
S01009635,1209,769,440
S01009636,904,199,705
S01009637,921,548,373
S01009638,781,339,442
S01009639,949,761,188
S01009640,845,421,424
S01009641,859,415,444
S01009642,1012,511,501
S01009643,837,784,53
S01009644,562,481,81
S01009645,875,558,317
S01009646,726,610,116
S01009647,562,212,350
S01009648,1244,1056,188
S01009649,1450,1166,284
S01009650,755,726,29
S01009651,913,847,66
S01009652,1063,890,173
S01009653,781,750,31
S01009654,583,476,107
S01009655,986,970,16
S01009656,811,630,181
S01009657,951,834,117
S01009658,1171,1116,55
S01009659,607,439,168
S01009660,1052,990,62
S01009661,1754,1651,103
S01009662,885,812,73
S01009663,775,721,54
S01009664,1119,1031,88
S01009665,1364,1163,201
S01009666,1170,963,207
S01009667,523,510,13
S01009668,586,472,114
S01009669,590,576,14
S01009670,777,676,101
S01009671,905,845,60
S01009672,1252,1097,155
S01009673,864,687,177
S01009674,1140,1066,74
S01009675,882,834,48
S01009676,1366,1215,151
S01009677,778,753,25
S01009678,591,518,73
S01009679,1146,817,329
S01009680,1254,972,282
S01009681,673,642,31
S01009682,856,768,88
S01009683,765,665,100
S01009684,1366,1295,71
S01009685,945,919,26
S01009686,1355,893,462
S01009687,1039,966,73
S01009688,1216,644,572
S01009689,605,322,283
S01009690,786,594,192
S01009691,760,632,128
S01009692,1208,1060,148
S01009693,900,893,7
S01009694,1157,1087,70
S01009695,967,918,49
S01009696,1011,986,25
S01009697,798,782,16
S01009698,689,673,16
S01009699,562,513,49
S01009700,649,569,80
S01009701,745,635,110
S01009702,631,616,15
S01009703,834,670,164
S01009704,1068,954,114
S01009705,732,521,211
S01009706,804,623,181
S01009707,477,390,87
S01009708,716,634,82
S01009709,794,676,118
S01009710,660,577,83
S01009711,968,668,300
S01009712,663,620,43
S01009713,887,721,166
S01009714,915,762,153
S01009715,638,597,41
S01009716,1238,1053,185
S01009717,1062,658,404
S01009718,908,548,360
S01009719,960,853,107
S01009720,872,808,64
S01009721,668,158,510
S01009722,831,335,496
S01009723,722,247,475
S01009724,1072,328,744
S01009725,1063,636,427
S01009726,557,221,336
S01009727,1530,1340,190
S01009728,727,704,23
S01009729,936,915,21
S01009730,1653,1438,215
S01009731,971,897,74
S01009732,1316,711,605
S01009733,687,569,118
S01009734,1356,1305,51
S01009735,823,726,97
S01009736,988,317,671
S01009737,782,731,51
S01009738,420,211,209
S01009739,761,751,10
S01009740,770,643,127
S01009741,583,567,16
S01009742,495,484,11
S01009743,1186,1120,66
S01009744,829,812,17
S01009745,1168,1122,46
S01009746,802,783,19
S01009747,989,610,379
S01009748,703,643,60
S01009749,954,821,133
S01009750,752,502,250
S01009751,1001,655,346
S01009752,886,720,166
S01009753,833,480,353
S01009754,1500,922,578
S01009755,660,473,187
S01009756,879,776,103
S01009757,804,720,84
S01009758,967,584,383
S01009759,1176,81,1095
S01009760,1108,241,867
S01009761,2442,2157,285
S01009762,1053,242,811
S01009763,432,385,47
S01009764,1153,821,332
S01009765,1079,824,255
S01009766,836,708,128
S01009767,2205,2024,181
S01009768,786,405,381
S01009769,1373,929,444
S01009770,830,819,11
S01009771,888,863,25
S01009772,2167,1949,218
S01009773,161,111,50
S01009774,97,97,0
S01009775,797,260,537
S01009776,1117,479,638
S01009777,590,229,361
S01009778,1079,666,413
S01009779,743,300,443
S01009780,1331,1075,256
S01009781,799,393,406
S01009782,1067,901,166
S01009783,741,615,126
S01009784,944,591,353
S01009785,1096,727,369
S01009786,1096,383,713
S01009787,867,268,599
S01009788,1200,666,534
S01009789,1145,557,588
S01009790,981,604,377
S01009791,772,318,454
S01009792,423,388,35
S01009793,943,716,227
S01009794,483,471,12
S01009795,990,957,33
S01009796,1777,1413,364
S01009797,928,856,72
S01009798,1025,774,251
S01009799,1453,886,567
S01009800,1233,751,482
S01009801,1255,780,475
S01009802,1022,571,451
S01009803,1132,534,598
S01009804,1524,1149,375
S01009805,956,690,266
S01009806,1128,173,955
S01009807,920,63,857
S01009808,1319,96,1223
S01009809,1037,134,903
S01009810,977,312,665
S01009811,1249,527,722
S01009812,856,288,568
S01009813,1102,59,1043
S01009814,1118,604,514
S01009815,998,73,925
S01009816,1097,322,775
S01009817,837,595,242
S01009818,926,836,90
S01009819,966,505,461
S01009820,958,498,460
S01009821,755,468,287
S01009822,802,664,138
S01009823,1020,513,507
S01009824,1132,732,400
S01009825,1252,729,523
S01009826,774,316,458
S01009827,854,497,357
S01009828,1264,507,757
S01009829,1137,110,1027
S01009830,918,216,702
S01009831,1164,75,1089
S01009832,1085,258,827
S01009833,594,354,240
S01009834,1187,559,628
S01009835,608,139,469
S01009836,951,666,285
S01009837,977,597,380
S01009838,757,172,585
S01009839,1062,43,1019
S01009840,965,460,505
S01009841,1108,76,1032
S01009842,951,348,603
S01009843,745,418,327
S01009844,704,38,666
S01009845,1286,137,1149
S01009846,983,461,522
S01009847,741,67,674
S01009848,866,494,372
S01009849,1005,58,947
S01009850,984,263,721
S01009851,1052,288,764
S01009852,599,488,111
S01009853,939,441,498
S01009854,982,702,280
S01009855,754,628,126
S01009856,635,270,365
S01009857,907,723,184
S01009858,987,613,374
S01009859,1109,291,818
S01009860,1085,115,970
S01009861,1387,244,1143
S01009862,1007,68,939
S01009863,963,41,922
S01009864,820,124,696
S01009865,548,83,465
S01009866,982,372,610
S01009867,1117,212,905
S01009868,1037,188,849
S01009869,846,29,817
S01009870,799,27,772
S01009871,984,269,715
S01009872,818,36,782
S01009873,913,437,476
S01009874,1044,563,481
S01009875,896,54,842
S01009876,1091,115,976
S01009877,876,376,500
S01009878,705,41,664
S01009879,1007,488,519
S01009880,1160,773,387
S01009881,921,28,893
S01009882,1439,36,1403
S01009883,1226,68,1158
S01009884,996,55,941
S01009885,870,45,825
S01009886,813,68,745
S01009887,1147,38,1109
S01009888,809,36,773
S01009889,1117,207,910
S01009890,735,18,717
S01009891,733,12,721
S01009892,1144,73,1071
S01009893,976,48,928
S01009894,991,34,957
S01009895,881,294,587
S01009896,1205,289,916
S01009897,1239,367,872
S01009898,961,109,852
S01009899,1020,28,992
S01009900,1161,19,1142
S01009901,1054,108,946
S01009902,1105,233,872
S01009903,1030,345,685
S01009904,784,124,660
S01009905,749,19,730
S01009906,667,23,644
S01009907,1238,18,1220
S01009908,1320,224,1096
S01009909,871,14,857
S01009910,857,17,840
S01009911,1166,565,601
S01009912,984,313,671
S01009913,980,735,245
S01009914,978,603,375
S01009915,861,159,702
S01009916,1257,1062,195
S01009917,858,461,397
S01009918,889,779,110
S01009919,1194,23,1171
S01009920,1051,156,895
S01009921,753,18,735
S01009922,1260,84,1176
S01009923,955,90,865
S01009924,1099,54,1045
S01009925,1170,28,1142
S01009926,997,87,910
S01009927,614,179,435
S01009928,855,114,741
S01009929,562,164,398
S01009930,1034,53,981
S01009931,856,91,765
S01009932,1030,148,882
S01009933,1651,176,1475
S01009934,1446,720,726
S01009935,714,26,688
S01009936,1105,450,655
S01009937,781,93,688
S01009938,1004,131,873
S01009939,1185,53,1132
S01009940,837,80,757
S01009941,1261,981,280
S01009942,1148,251,897
S01009943,1266,222,1044
S01009944,1089,587,502
S01009945,1065,142,923
S01009946,984,438,546
S01009947,863,351,512
S01009948,1256,587,669
S01009949,963,358,605
S01009950,727,673,54
S01009951,858,743,115
S01009952,1080,760,320
S01009953,1319,946,373
S01009954,721,494,227
S01009955,1088,716,372
S01009956,862,185,677
S01009957,1284,921,363
S01009958,1162,965,197
S01009959,913,676,237
S01009960,1337,800,537
S01009961,674,481,193
S01009962,1062,265,797
S01009963,1135,847,288
S01009964,1224,790,434
S01009965,923,848,75
S01009966,1164,1098,66
S01009967,984,554,430
S01009968,608,560,48
S01009969,1331,1015,316
S01009970,1064,77,987
S01009971,1548,892,656
S01009972,903,501,402
S01009973,829,655,174
S01009974,916,182,734
S01009975,908,399,509
S01009976,782,151,631
S01009977,1099,363,736
S01009978,1240,700,540
S01009979,945,419,526
S01009980,629,271,358
S01009981,984,552,432
S01009982,1030,586,444
S01009983,663,137,526
S01009984,1042,524,518
S01009985,611,223,388
S01009986,699,171,528
S01009987,880,279,601
S01009988,665,119,546
S01009989,1017,234,783
S01009990,970,119,851
S01009991,1042,81,961
S01009992,945,289,656
S01009993,826,73,753
S01009994,725,47,678
S01009995,653,35,618
S01009996,918,81,837
S01009997,648,41,607
S01009998,934,799,135
S01009999,886,599,287
S01010000,860,65,795
S01010001,798,244,554
S01010002,1343,168,1175
S01010003,969,545,424
S01010004,924,831,93
S01010005,962,28,934
S01010006,1261,38,1223
S01010007,959,629,330
S01010008,765,114,651
S01010009,639,56,583
S01010010,1466,1169,297
S01010011,828,18,810
S01010012,1511,1097,414
S01010013,970,243,727
S01010014,1278,154,1124
S01010015,1013,104,909
S01010016,723,437,286
S01010017,968,188,780
S01010018,1180,269,911
S01010019,1164,126,1038
S01010020,993,354,639
S01010021,806,192,614
S01010022,1040,259,781
S01010023,1409,85,1324
S01010024,790,152,638
S01010025,877,43,834
S01010026,1780,145,1635
S01010027,1747,221,1526
S01010028,763,34,729
S01010029,535,22,513
S01010030,950,159,791
S01010031,975,26,949
S01010032,1228,25,1203
S01010033,1099,46,1053
S01010034,1021,94,927
S01010035,736,26,710
S01010036,1502,24,1478
S01010037,1022,317,705
S01010038,1382,253,1129
S01010039,1014,17,997
S01010040,891,158,733
S01010041,935,55,880
S01010042,1432,174,1258
S01010043,989,208,781
S01010044,1413,308,1105
S01010045,824,242,582
S01010046,1130,402,728
S01010047,1083,224,859
S01010048,1352,561,791
S01010049,1057,141,916
S01010050,979,145,834
S01010051,804,105,699
S01010052,627,68,559
S01010053,859,312,547
S01010054,764,593,171
S01010055,1164,396,768
S01010056,599,196,403
S01010057,553,88,465
S01010058,996,507,489
S01010059,744,97,647
S01010060,979,273,706
S01010061,822,426,396
S01010062,807,242,565
S01010063,1073,137,936
S01010064,765,314,451
S01010065,839,266,573
S01010066,753,410,343
S01010067,1066,209,857
S01010068,742,287,455
S01010069,1005,838,167
S01010070,665,637,28
S01010071,912,591,321
S01010072,1097,754,343
S01010073,1023,746,277
S01010074,1062,856,206
S01010075,781,724,57
S01010076,859,749,110
S01010077,719,413,306
S01010078,692,611,81
S01010079,923,822,101
S01010080,803,763,40
S01010081,1104,1030,74
S01010082,854,524,330
S01010083,1035,897,138
S01010084,1110,884,226
S01010085,1093,1026,67
S01010086,1027,782,245
S01010087,573,568,5
S01010088,1545,1341,204
S01010089,1041,525,516
S01010090,1136,920,216
S01010091,1809,1439,370
S01010092,1119,542,577
S01010093,951,581,370
S01010094,1191,1156,35
S01010095,1218,1193,25
S01010096,927,867,60
S01010097,731,673,58
S01010098,727,719,8
S01010099,948,935,13
S01010100,886,838,48
S01010101,1055,850,205
S01010102,742,716,26
S01010103,888,854,34
S01010104,1039,981,58
S01010105,725,348,377
S01010106,629,366,263
S01010107,1016,174,842
S01010108,733,561,172
S01010109,2222,1445,777
S01010110,1066,325,741
S01010111,1163,590,573
S01010112,1139,601,538
S01010113,551,76,475
S01010114,873,230,643
S01010115,632,571,61
S01010116,1428,1148,280
S01010117,1442,1209,233
S01010118,850,493,357
S01010119,543,430,113
S01010120,1045,540,505
S01010121,802,384,418
S01010122,508,300,208
S01010123,733,260,473
S01010124,723,106,617
S01010125,932,458,474
S01010126,657,564,93
S01010127,694,502,192
S01010128,758,94,664
S01010129,1039,250,789
S01010130,978,334,644
S01010131,1078,872,206
S01010132,1142,429,713
S01010133,912,411,501
S01010134,1244,416,828
S01010135,1166,731,435
S01010136,1076,823,253
S01010137,1231,184,1047
S01010138,994,216,778
S01010139,1229,439,790
S01010140,989,406,583
S01010141,1065,89,976
S01010142,644,226,418
S01010143,829,439,390
S01010144,700,126,574
S01010145,778,314,464
S01010146,1267,283,984
S01010147,1136,143,993
S01010148,1320,471,849
S01010149,680,376,304
S01010150,818,183,635
S01010151,940,276,664
S01010152,954,331,623
S01010153,1010,330,680
S01010154,911,352,559
S01010155,777,346,431
S01010156,1060,514,546
S01010157,981,782,199
S01010158,913,362,551
S01010159,723,532,191
S01010160,822,96,726
S01010161,893,635,258
S01010162,1002,88,914
S01010163,1295,807,488
S01010164,838,581,257
S01010165,627,139,488
S01010166,1498,1295,203
S01010167,911,435,476
S01010168,616,232,384
S01010169,842,305,537
S01010170,858,601,257
S01010171,1613,951,662
S01010172,769,44,725
S01010173,1108,940,168
S01010174,716,491,225
S01010175,480,175,305
S01010176,977,410,567
S01010177,776,298,478
S01010178,1103,715,388
S01010179,1655,948,707
S01010180,923,639,284
S01010181,1057,495,562
S01010182,1107,876,231
S01010183,1495,1046,449
S01010184,624,290,334
S01010185,733,166,567
S01010186,647,626,21
S01010187,789,478,311
S01010188,1876,1632,244
S01010189,976,943,33
S01010190,203,172,31
S01010191,736,716,20
S01010192,1050,1007,43
S01010193,838,745,93
S01010194,689,529,160
S01010195,962,739,223
S01010196,771,349,422
S01010197,757,169,588
S01010198,1053,267,786
S01010199,693,437,256
S01010200,690,558,132
S01010201,928,802,126
S01010202,783,117,666
S01010203,729,543,186
S01010204,1190,274,916
S01010205,658,181,477
S01010206,497,27,470
S01010207,859,99,760
S01010208,1049,96,953
S01010209,952,326,626
S01010210,1076,533,543
S01010211,916,93,823
S01010212,1209,236,973
S01010213,1112,144,968
S01010214,967,892,75
S01010215,1049,214,835
S01010216,1039,117,922
S01010217,959,202,757
S01010218,1282,246,1036
S01010219,750,48,702
S01010220,573,7,566
S01010221,574,178,396
S01010222,713,30,683
S01010223,651,136,515
S01010224,1253,443,810
S01010225,931,249,682
S01010226,792,45,747
S01010227,921,35,886
S01010228,642,38,604
S01010229,1087,360,727
S01010230,1431,124,1307
S01010231,1013,196,817
S01010232,880,337,543
S01010233,1567,127,1440
S01010234,1069,20,1049
S01010235,782,7,775
S01010236,725,134,591
S01010237,1007,18,989
S01010238,1051,24,1027
S01010239,1026,63,963
S01010240,1111,21,1090
S01010241,980,40,940
S01010242,1180,100,1080
S01010243,1392,41,1351
S01010244,1006,11,995
S01010245,1122,403,719
S01010246,1162,163,999
S01010247,952,659,293
S01010248,959,18,941
S01010249,976,17,959
S01010250,1114,15,1099
S01010251,780,54,726
S01010252,742,110,632
S01010253,759,22,737
S01010254,1159,109,1050
S01010255,1136,119,1017
S01010256,1070,15,1055
S01010257,1165,17,1148
S01010258,1535,59,1476
S01010259,1176,32,1144
S01010260,821,16,805
S01010261,1326,22,1304
S01010262,1220,27,1193
S01010263,752,12,740
S01010264,1226,25,1201
S01010265,1118,9,1109
S01010266,797,23,774
S01010267,869,26,843
S01010268,862,27,835
S01010269,941,33,908
S01010270,1418,23,1395
S01010271,884,41,843
S01010272,1280,50,1230
S01010273,1103,37,1066
S01010274,653,31,622
S01010275,1399,45,1354
S01010276,993,6,987
S01010277,610,22,588
S01010278,1357,70,1287
S01010279,835,27,808
S01010280,877,21,856
S01010281,779,14,765
S01010282,1246,19,1227
S01010283,874,22,852
S01010284,1302,26,1276
S01010285,1151,53,1098
S01010286,1593,35,1558
S01010287,1105,25,1080
S01010288,1194,58,1136
S01010289,717,117,600
S01010290,857,17,840
S01010291,1077,43,1034
S01010292,1197,29,1168
S01010293,926,27,899
S01010294,1025,37,988
S01010295,974,39,935
S01010296,894,43,851
S01010297,964,90,874
S01010298,929,70,859
S01010299,608,46,562
S01010300,1428,115,1313
S01010301,516,4,512
S01010302,835,28,807
S01010303,683,35,648
S01010304,714,75,639
S01010305,1145,155,990
S01010306,828,84,744
S01010307,892,39,853
S01010308,959,89,870
S01010309,597,59,538
S01010310,864,213,651
S01010311,1074,299,775
S01010312,1010,491,519
S01010313,1202,150,1052
S01010314,1148,285,863
S01010315,1078,414,664
S01010316,1030,365,665
S01010317,1350,93,1257
S01010318,670,33,637
S01010319,1045,229,816
S01010320,778,97,681
S01010321,1030,25,1005
S01010322,1374,176,1198
S01010323,734,138,596
S01010324,940,475,465
S01010325,1018,253,765
S01010326,1409,679,730
S01010327,1235,898,337
S01010328,1137,601,536
S01010329,492,85,407
S01010330,718,424,294
S01010331,1283,287,996
S01010332,1039,763,276
S01010333,962,254,708
S01010334,1276,828,448
S01010335,1110,792,318
S01010336,1212,599,613
S01010337,852,794,58
S01010338,884,445,439
S01010339,936,462,474
S01010340,853,346,507
S01010341,812,533,279
S01010342,829,495,334
S01010343,1427,1291,136
S01010344,929,444,485
S01010345,652,555,97
S01010346,1095,726,369
S01010347,919,97,822
S01010348,1076,177,899
S01010349,1137,409,728
S01010350,1362,342,1020
S01010351,1038,386,652
S01010352,803,309,494
S01010353,1070,96,974
S01010354,733,278,455
S01010355,1203,342,861
S01010356,724,341,383
S01010357,670,166,504
S01010358,902,45,857
S01010359,1095,25,1070
S01010360,567,118,449
S01010361,535,12,523
S01010362,970,86,884
S01010363,758,222,536
S01010364,1181,1111,70
S01010365,1165,611,554
S01010366,1401,725,676
S01010367,1125,438,687
S01010368,823,287,536
S01010369,825,103,722
S01010370,725,119,606
S01010371,1210,210,1000
S01010372,922,52,870
S01010373,761,26,735
S01010374,1015,107,908
S01010375,895,93,802
S01010376,1019,64,955
S01010377,974,51,923
S01010378,954,48,906
S01010379,1415,73,1342
S01010380,1109,27,1082
S01010381,1104,64,1040
S01010382,958,7,951
S01010383,864,15,849
S01010384,1379,77,1302
S01010385,979,12,967
S01010386,1231,96,1135
S01010387,1731,157,1574
S01010388,1095,146,949
S01010389,1777,49,1728
S01010390,1303,32,1271
S01010391,2917,82,2835
S01010392,2000,66,1934
S01010393,1575,174,1401
S01010394,936,41,895
S01010395,1144,71,1073
S01010396,1033,16,1017
S01010397,899,21,878
S01010398,1052,164,888
S01010399,1668,78,1590
S01010400,1101,239,862
S01010401,825,87,738
S01010402,1173,110,1063
S01010403,1112,127,985
S01010404,1219,223,996
S01010405,996,162,834
S01010406,954,87,867
S01010407,1256,61,1195
S01010408,695,400,295
S01010409,1350,1090,260
S01010410,595,427,168
S01010411,1539,1391,148
S01010412,880,216,664
S01010413,949,375,574
S01010414,1231,736,495
S01010415,1158,124,1034
S01010416,828,452,376
S01010417,580,304,276
S01010418,1207,239,968
S01010419,1591,743,848
S01010420,1199,1057,142
S01010421,882,664,218
S01010422,1174,831,343
S01010423,1037,75,962
S01010424,1026,268,758
S01010425,1032,62,970
S01010426,1098,217,881
S01010427,1343,359,984
S01010428,1597,1069,528
S01010429,967,781,186
S01010430,1040,28,1012
S01010431,1020,820,200
S01010432,880,67,813
S01010433,905,59,846
S01010434,819,25,794
S01010435,689,350,339
S01010436,778,116,662
S01010437,557,207,350
S01010438,1058,389,669
S01010439,1358,336,1022
S01010440,1049,592,457
S01010441,899,219,680
S01010442,849,68,781
S01010443,765,724,41
S01010444,685,615,70
S01010445,929,549,380
S01010446,838,785,53
S01010447,1126,566,560
S01010448,1057,687,370
S01010449,952,147,805
S01010450,889,374,515
S01010451,1063,445,618
S01010452,919,417,502
S01010453,1141,357,784
S01010454,1108,619,489
S01010455,942,111,831
S01010456,633,242,391
S01010457,1044,464,580
S01010458,843,295,548
S01010459,752,376,376
S01010460,810,386,424
S01010461,1026,484,542
S01010462,1088,93,995
S01010463,796,581,215
S01010464,653,336,317
S01010465,999,710,289
S01010466,1402,546,856
S01010467,935,218,717
S01010468,1163,515,648
S01010469,826,45,781
S01010470,835,560,275
S01010471,922,390,532
S01010472,1328,565,763
S01010473,1044,315,729
S01010474,1099,70,1029
S01010475,1233,427,806
S01010476,1015,332,683
S01010477,951,515,436
S01010478,1411,489,922
S01010479,1022,285,737
S01010480,838,593,245
S01010481,880,223,657
S01010482,998,689,309
S01010483,1110,519,591
S01010484,987,628,359
S01010485,1072,953,119
S01010486,1210,1104,106
S01010487,1123,1066,57
S01010488,1366,378,988
S01010489,1351,431,920
S01010490,893,181,712
S01010491,1049,229,820
S01010492,808,623,185
S01010493,1200,460,740
S01010494,698,339,359
S01010495,1184,446,738
S01010496,1597,547,1050
S01010497,1063,725,338
S01010498,1333,557,776
S01010499,1272,629,643
S01010500,1258,780,478
S01010501,910,525,385
S01010502,756,596,160
S01010503,838,147,691
S01010504,531,516,15
S01010505,655,631,24
S01010506,880,859,21
S01010507,1080,966,114
S01010508,1120,1079,41
S01010509,1159,1127,32
S01010510,1600,1507,93
S01010511,1213,1154,59
S01010512,908,866,42
S01010513,887,857,30
S01010514,918,901,17
S01010515,905,884,21
S01010516,557,426,131
S01010517,1119,663,456
S01010518,922,396,526
S01010519,931,890,41
S01010520,1168,1026,142
S01010521,1002,771,231
S01010522,776,486,290
S01010523,1053,779,274
S01010524,570,535,35
S01010525,754,743,11
S01010526,890,806,84
S01010527,1271,1087,184
S01010528,787,739,48
S01010529,1063,1024,39
S01010530,733,708,25
S01010531,1067,989,78
S01010532,816,800,16
S01010533,882,768,114
S01010534,1112,986,126
S01010535,699,675,24
S01010536,1157,1049,108
S01010537,1216,1021,195
S01010538,1123,930,193
S01010539,934,841,93
S01010540,626,595,31
S01010541,819,795,24
S01010542,1044,1024,20
S01010543,600,589,11
S01010544,1265,1217,48
S01010545,727,617,110
S01010546,931,739,192
S01010547,754,737,17
S01010548,581,534,47
S01010549,1279,1180,99
S01010550,690,665,25
S01010551,831,823,8
S01010552,1005,988,17
S01010553,621,618,3
S01010554,776,599,177
S01010555,1032,710,322
S01010556,1088,983,105
S01010557,736,716,20
S01010558,608,461,147
S01010559,728,629,99
S01010560,663,620,43
S01010561,934,880,54
S01010562,1007,987,20
S01010563,800,734,66
S01010564,806,695,111
S01010565,961,924,37
S01010566,1088,1069,19
S01010567,1150,1125,25
S01010568,1403,1379,24
S01010569,834,749,85
S01010570,1447,1379,68
S01010571,917,707,210
S01010572,1004,806,198
S01010573,641,552,89
S01010574,609,600,9
S01010575,870,863,7
S01010576,822,820,2
S01010577,901,866,35
S01010578,576,572,4
S01010579,736,724,12
S01010580,513,256,257
S01010581,843,722,121
S01010582,641,594,47
S01010583,986,882,104
S01010584,2141,1975,166
S01010585,2051,1828,223
S01010586,632,617,15
S01010587,827,781,46
S01010588,836,756,80
S01010589,2391,1954,437
S01010590,1794,1553,241
S01010591,626,495,131
S01010592,366,240,126
S01010593,2422,2120,302
S01010594,1846,1549,297
S01010595,1844,1545,299
S01010596,3420,3067,353
S01010597,2421,2111,310
S01010598,2542,2204,338
S01010599,819,725,94
S01010600,1692,1550,142
S01010601,742,640,102
S01010602,652,571,81
S01010603,809,718,91
S01010604,845,832,13
S01010605,1368,1272,96
S01010606,1054,900,154
S01010607,1064,936,128
S01010608,781,436,345
S01010609,570,450,120
S01010610,730,592,138
S01010611,1197,1035,162
S01010612,781,772,9
S01010613,820,730,90
S01010614,706,665,41
S01010615,1026,826,200
S01010616,964,937,27
S01010617,1005,994,11
S01010618,1010,944,66
S01010619,1272,485,787
S01010620,727,128,599
S01010621,1081,699,382
S01010622,648,357,291
S01010623,1063,897,166
S01010624,635,576,59
S01010625,761,719,42
S01010626,903,790,113
S01010627,959,662,297
S01010628,1079,757,322
S01010629,1136,839,297
S01010630,661,390,271
S01010631,898,411,487
S01010632,956,652,304
S01010633,1035,872,163
S01010634,665,634,31
S01010635,803,614,189
S01010636,978,747,231
S01010637,831,402,429
S01010638,944,717,227
S01010639,1313,678,635
S01010640,874,464,410
S01010641,1350,538,812
S01010642,1035,584,451
S01010643,844,624,220
S01010644,872,394,478
S01010645,767,613,154
S01010646,807,762,45
S01010647,616,543,73
S01010648,981,774,207
S01010649,748,567,181
S01010650,655,505,150
S01010651,665,617,48
S01010652,807,728,79
S01010653,742,597,145
S01010654,763,711,52
S01010655,1012,984,28
S01010656,705,702,3
S01010657,915,891,24
S01010658,1060,892,168
S01010659,792,773,19
S01010660,915,860,55
S01010661,765,652,113
S01010662,922,896,26
S01010663,1508,1419,89
S01010664,783,759,24
S01010665,1053,990,63
S01010666,1399,1354,45
S01010667,796,767,29
S01010668,1294,1215,79
S01010669,602,593,9
S01010670,931,878,53
S01010671,858,825,33
S01010672,1353,1255,98
S01010673,1075,980,95
S01010674,1162,1100,62
S01010675,947,927,20
S01010676,1134,1111,23
S01010677,499,488,11
S01010678,1041,993,48
S01010679,1542,1391,151
S01010680,776,756,20
S01010681,1316,1202,114
S01010682,1301,1243,58
S01010683,956,920,36
S01010684,1039,1019,20
S01010685,758,740,18
S01010686,690,653,37
S01010687,1036,1000,36
S01010688,822,807,15
S01010689,1002,972,30
S01010690,906,835,71
S01010691,980,893,87
S01010692,711,589,122
S01010693,383,370,13
S01010694,775,745,30
S01010695,707,697,10
S01010696,1146,1074,72
S01010697,1072,1066,6
S01010698,757,729,28
S01010699,605,601,4
S01010700,611,605,6
S01010701,1314,1258,56
S01010702,1035,1024,11
S01010703,899,846,53
S01010704,1286,1211,75
S01010705,1287,1161,126
S01010706,859,802,57
S01010707,738,724,14
S01010708,1054,1039,15
S01010709,904,899,5
S01010710,969,944,25
S01010711,778,758,20
S01010712,846,801,45
S01010713,1024,952,72
S01010714,839,529,310
S01010715,808,776,32
S01010716,922,551,371
S01010717,1009,952,57
S01010718,1078,968,110
S01010719,869,827,42
S01010720,875,827,48
S01010721,825,782,43
S01010722,1208,1179,29
S01010723,1105,1062,43
S01010724,887,857,30
S01010725,822,811,11
S01010726,1091,1057,34
S01010727,765,760,5
S01010728,1016,1008,8
S01010729,924,923,1
S01010730,845,839,6
S01010731,891,839,52
S01010732,840,816,24
S01010733,975,939,36
S01010734,1008,957,51
S01010735,1051,1006,45
S01010736,500,497,3
S01010737,1012,945,67
S01010738,1127,1053,74
S01010739,870,783,87
S01010740,700,614,86
S01010741,658,635,23
S01010742,886,768,118
S01010743,971,930,41
S01010744,1119,1103,16
S01010745,702,548,154
S01010746,1016,988,28
S01010747,1128,1096,32
S01010748,631,619,12
S01010749,736,725,11
S01010750,624,620,4
S01010751,999,981,18
S01010752,1061,975,86
S01010753,1318,1190,128
S01010754,1019,830,189
S01010755,843,752,91
S01010756,833,803,30
S01010757,859,841,18
S01010758,677,667,10
S01010759,682,615,67
S01010760,774,742,32
S01010761,527,518,9
S01010762,598,591,7
S01010763,935,907,28
S01010764,576,560,16
S01010765,1220,1192,28
S01010766,779,753,26
S01010767,706,673,33
S01010768,737,723,14
S01010769,483,480,3
S01010770,862,831,31
S01010771,960,920,40
S01010772,737,731,6
S01010773,785,758,27
S01010774,1328,1282,46
S01010775,643,623,20
S01010776,829,673,156
S01010777,494,372,122
S01010778,649,491,158
S01010779,992,752,240
S01010780,640,593,47
S01010781,963,885,78
S01010782,590,453,137
S01010783,897,707,190
S01010784,1122,1072,50
S01010785,793,721,72
S01010786,654,649,5
S01010787,913,899,14
S01010788,622,596,26
S01010789,888,854,34
S01010790,821,804,17
S01010791,991,971,20
S01010792,1152,1142,10
S01010793,649,648,1
S01010794,550,526,24
S01010795,1311,1291,20
S01010796,1441,1422,19
S01010797,762,756,6
S01010798,667,659,8
S01010799,994,758,236
S01010800,797,746,51
S01010801,794,779,15
S01010802,626,519,107
S01010803,589,482,107
S01010804,778,718,60
S01010805,1276,1181,95
S01010806,916,868,48
S01010807,570,528,42
S01010808,553,521,32
S01010809,960,948,12
S01010810,480,468,12
S01010811,916,907,9
S01010812,515,506,9
S01010813,905,825,80
S01010814,728,712,16
S01010815,571,569,2
S01010816,830,558,272
S01010817,1192,1028,164
S01010818,1454,964,490
S01010819,1044,836,208
S01010820,1322,1219,103
S01010821,866,813,53
S01010822,663,504,159
S01010823,625,464,161
S01010824,1224,1174,50
S01010825,1577,1421,156
S01010826,755,584,171
S01010827,697,605,92
S01010828,1239,1163,76
S01010829,1121,725,396
S01010830,556,521,35
S01010831,598,585,13
S01010832,730,710,20
S01010833,1159,930,229
S01010834,1629,1295,334
S01010835,736,638,98
S01010836,893,373,520
S01010837,838,608,230
S01010838,1187,710,477
S01010839,908,581,327
S01010840,572,117,455
S01010841,1103,241,862
S01010842,960,144,816
S01010843,756,67,689
S01010844,838,660,178
S01010845,619,486,133
S01010846,910,371,539
S01010847,798,677,121
S01010848,924,567,357
S01010849,951,753,198
S01010850,934,721,213
S01010851,935,817,118
S01010852,839,793,46
S01010853,999,951,48
S01010854,923,823,100
S01010855,560,505,55
S01010856,869,668,201
S01010857,941,769,172
S01010858,1138,775,363
S01010859,842,716,126
S01010860,885,703,182
S01010861,769,266,503
S01010862,651,443,208
S01010863,830,616,214
S01010864,622,481,141
S01010865,699,393,306
S01010866,789,506,283
S01010867,708,333,375
S01010868,702,266,436
S01010869,1144,780,364
S01010870,996,186,810
S01010871,853,159,694
S01010872,830,55,775
S01010873,739,22,717
S01010874,928,301,627
S01010875,658,83,575
S01010876,740,60,680
S01010877,1421,436,985
S01010878,1114,457,657
S01010879,1103,762,341
S01010880,669,402,267
S01010881,803,458,345
S01010882,992,893,99
S01010883,1002,672,330
S01010884,1153,229,924
S01010885,1337,86,1251
S01010886,615,40,575
S01010887,765,184,581
S01010888,1188,254,934
S01010889,825,36,789
S01010890,847,16,831
S01010891,750,86,664
S01010892,900,65,835
S01010893,930,131,799
S01010894,713,97,616
S01010895,495,108,387
S01010896,984,365,619
S01010897,945,704,241
S01010898,1304,1077,227
S01010899,714,674,40
S01010900,930,499,431
S01010901,465,359,106
S01010902,957,836,121
S01010903,891,455,436
S01010904,528,288,240
S01010905,951,666,285
S01010906,956,760,196
S01010907,606,546,60
S01010908,1136,760,376
S01010909,1103,780,323
S01010910,802,76,726
S01010911,875,94,781
S01010912,773,252,521
S01010913,642,445,197
S01010914,1095,1014,81
S01010915,982,933,49
S01010916,733,252,481
S01010917,843,376,467
S01010918,1280,953,327
S01010919,882,555,327
S01010920,733,268,465
S01010921,733,648,85
S01010922,944,742,202
S01010923,1145,817,328
S01010924,678,597,81
S01010925,858,541,317
S01010926,989,816,173
S01010927,970,748,222
S01010928,806,669,137
S01010929,918,769,149
S01010930,887,809,78
S01010931,428,415,13
S01010932,1484,1434,50
S01010933,851,828,23
S01010934,1106,823,283
S01010935,851,693,158
S01010936,675,279,396
S01010937,728,693,35
S01010938,951,715,236
S01010939,775,653,122
S01010940,683,682,1
S01010941,1249,1234,15
S01010942,646,637,9
S01010943,832,584,248
S01010944,800,507,293
S01010945,540,515,25
S01010946,1020,993,27
S01010947,791,759,32
S01010948,673,638,35
S01010949,1478,1435,43
S01010950,846,747,99
S01010951,724,711,13
S01010952,779,716,63
S01010953,737,653,84
S01010954,1171,1122,49
S01010955,1145,1086,59
S01010956,970,773,197
S01010957,581,571,10
S01010958,625,575,50
S01010959,882,575,307
S01010960,1471,1230,241
S01010961,1424,1209,215
S01010962,649,191,458
S01010963,1038,878,160
S01010964,523,510,13
S01010965,1006,451,555
S01010966,976,498,478
S01010967,920,605,315
S01010968,911,728,183
S01010969,663,575,88
S01010970,1407,1101,306
S01010971,1632,1515,117
S01010972,939,797,142
S01010973,627,622,5
S01010974,1133,981,152
S01010975,662,543,119
S01010976,2141,1825,316
S01010977,721,662,59
S01010978,949,683,266
S01010979,900,752,148
S01010980,821,671,150
S01010981,739,462,277
S01010982,1168,965,203
S01010983,1132,917,215
S01010984,1092,986,106
S01010985,865,573,292
S01010986,750,743,7
S01010987,445,437,8
S01010988,627,623,4
S01010989,1514,1337,177
S01010990,798,760,38
S01010991,1936,1753,183
S01010992,1803,1578,225
S01010993,733,702,31
S01010994,2655,2341,314
S01010995,851,841,10
S01010996,849,721,128
S01010997,1056,988,68
S01010998,2324,2030,294
S01010999,886,648,238
S01011000,1007,732,275
S01011001,643,572,71
S01011002,707,550,157
S01011003,813,549,264
S01011004,809,784,25
S01011005,795,390,405
S01011006,1002,799,203
S01011007,883,872,11
S01011008,881,656,225
S01011009,627,556,71
S01011010,934,387,547
S01011011,753,157,596
S01011012,1218,529,689
S01011013,878,766,112
S01011014,811,610,201
S01011015,565,482,83
S01011016,1188,1069,119
S01011017,1668,1537,131
S01011018,1451,1337,114
S01011019,1253,1137,116
S01011020,471,449,22
S01011021,882,857,25
S01011022,705,622,83
S01011023,1043,806,237
S01011024,1223,1015,208
S01011025,680,643,37
S01011026,540,536,4
S01011027,1160,831,329
S01011028,1175,923,252
S01011029,735,581,154
S01011030,969,872,97
S01011031,1190,884,306
S01011032,892,405,487
S01011033,794,716,78
S01011034,844,788,56
S01011035,662,653,9
S01011036,1019,679,340
S01011037,1079,598,481
S01011038,1053,737,316
S01011039,907,660,247
S01011040,1407,1047,360
S01011041,855,606,249
S01011042,813,705,108
S01011043,1270,1081,189
S01011044,1150,671,479
S01011045,935,902,33
S01011046,854,840,14
S01011047,1077,1069,8
S01011048,1267,1186,81
S01011049,816,750,66
S01011050,1003,996,7
S01011051,1077,1031,46
S01011052,1174,1080,94
S01011053,738,692,46
S01011054,672,649,23
S01011055,566,564,2
S01011056,699,688,11
S01011057,728,722,6
S01011058,638,631,7
S01011059,778,764,14
S01011060,1148,1052,96
S01011061,1075,1022,53
S01011062,1403,1251,152
S01011063,1132,1112,20
S01011064,1295,1241,54
S01011065,911,869,42
S01011066,606,576,30
S01011067,1138,1076,62
S01011068,824,814,10
S01011069,715,687,28
S01011070,895,866,29
S01011071,946,937,9
S01011072,1099,1052,47
S01011073,682,655,27
S01011074,607,577,30
S01011075,862,773,89
S01011076,1135,912,223
S01011077,1016,981,35
S01011078,1309,1202,107
S01011079,1297,1064,233
S01011080,1111,1011,100
S01011081,824,784,40
S01011082,690,617,73
S01011083,1144,1124,20
S01011084,876,866,10
S01011085,888,883,5
S01011086,641,641,0
S01011087,880,846,34
S01011088,1174,1103,71
S01011089,943,912,31
S01011090,715,703,12
S01011091,698,693,5
S01011092,2474,2183,291
S01011093,3120,2818,302
S01011094,716,673,43
S01011095,1059,1046,13
S01011096,921,877,44
S01011097,715,705,10
S01011098,1124,1023,101
S01011099,819,635,184
S01011100,570,552,18
S01011101,790,685,105
S01011102,731,287,444
S01011103,764,410,354
S01011104,583,434,149
S01011105,796,525,271
S01011106,988,840,148
S01011107,2433,2130,303
S01011108,668,641,27
S01011109,807,672,135
S01011110,947,732,215
S01011111,1093,738,355
S01011112,142,136,6
S01011113,1004,967,37
S01011114,1137,1129,8
S01011115,902,773,129
S01011116,876,818,58
S01011117,854,647,207
S01011118,1005,840,165
S01011119,928,846,82
S01011120,1152,1135,17
S01011121,622,290,332
S01011122,787,608,179
S01011123,1121,1053,68
S01011124,661,639,22
S01011125,452,402,50
S01011126,763,673,90
S01011127,536,518,18
S01011128,998,856,142
S01011129,890,867,23
S01011130,766,532,234
S01011131,739,594,145
S01011132,898,820,78
S01011133,527,467,60
S01011134,823,610,213
S01011135,1000,903,97
S01011136,644,534,110
S01011137,903,765,138
S01011138,635,576,59
S01011139,764,727,37
S01011140,537,495,42
S01011141,1121,1090,31
S01011142,925,880,45
S01011143,1185,1145,40
S01011144,914,875,39
S01011145,1079,1048,31
S01011146,1051,1027,24
S01011147,1176,1113,63
S01011148,763,751,12
S01011149,621,614,7
S01011150,752,748,4
S01011151,749,691,58
S01011152,885,797,88
S01011153,985,685,300
S01011154,622,332,290
S01011155,814,554,260
S01011156,760,747,13
S01011157,575,567,8
S01011158,595,566,29
S01011159,614,536,78
S01011160,909,802,107
S01011161,636,598,38
S01011162,885,846,39
S01011163,960,945,15
S01011164,798,747,51
S01011165,865,712,153
S01011166,603,595,8
S01011167,979,960,19
S01011168,845,831,14
S01011169,1267,1151,116
S01011170,910,863,47
S01011171,978,952,26
S01011172,721,697,24
S01011173,784,755,29
S01011174,719,689,30
S01011175,778,728,50
S01011176,656,613,43
S01011177,1023,965,58
S01011178,595,555,40
S01011179,705,603,102
S01011180,853,726,127
S01011181,1525,1434,91
S01011182,508,494,14
S01011183,757,589,168
S01011184,820,808,12
S01011185,790,723,67
S01011186,1127,717,410
S01011187,803,737,66
S01011188,1108,1024,84
S01011189,1043,862,181
S01011190,1046,894,152
S01011191,750,735,15
S01011192,865,855,10
S01011193,942,862,80
S01011194,727,688,39
S01011195,945,936,9
S01011196,1050,989,61
S01011197,871,854,17
S01011198,695,690,5
S01011199,781,759,22
S01011200,865,780,85
S01011201,586,581,5
S01011202,949,713,236
S01011203,1289,1070,219
S01011204,555,542,13
S01011205,184,182,2
S01011206,734,722,12
S01011207,1852,1792,60
S01011208,907,884,23
S01011209,697,678,19
S01011210,830,826,4
S01011211,1742,1702,40
S01011212,735,687,48
S01011213,1148,1034,114
S01011214,1063,921,142
S01011215,919,741,178
S01011216,1073,657,416
S01011217,1207,945,262
S01011218,929,832,97
S01011219,1031,943,88
S01011220,988,698,290
S01011221,1075,856,219
S01011222,662,598,64
S01011223,946,877,69
S01011224,681,390,291
S01011225,1029,871,158
S01011226,1066,871,195
S01011227,772,359,413
S01011228,1353,766,587
S01011229,777,388,389
S01011230,1225,372,853
S01011231,1047,506,541
S01011232,874,391,483
S01011233,1488,1394,94
S01011234,1165,1010,155
S01011235,525,404,121
S01011236,542,385,157
S01011237,1041,734,307
S01011238,806,287,519
S01011239,835,250,585
S01011240,1069,167,902
S01011241,997,449,548
S01011242,975,604,371
S01011243,1232,341,891
S01011244,666,163,503
S01011245,846,550,296
S01011246,926,505,421
S01011247,917,815,102
S01011248,945,907,38
S01011249,1048,995,53
S01011250,1241,1065,176
S01011251,871,852,19
S01011252,825,778,47
S01011253,968,790,178
S01011254,1209,1159,50
S01011255,428,425,3
S01011256,497,487,10
S01011257,468,463,5
S01011258,689,582,107
S01011259,931,555,376
S01011260,718,526,192
S01011261,925,732,193
S01011262,689,629,60
S01011263,779,771,8
S01011264,688,679,9
S01011265,1053,992,61
S01011266,908,888,20
S01011267,984,790,194
S01011268,591,448,143
S01011269,594,336,258
S01011270,833,576,257
S01011271,887,781,106
S01011272,728,412,316
S01011273,1285,1124,161
S01011274,1125,859,266
S01011275,1541,1488,53
S01011276,1114,1044,70
S01011277,654,560,94
S01011278,639,611,28
S01011279,713,575,138
S01011280,690,666,24
S01011281,804,773,31
S01011282,918,904,14
S01011283,804,774,30
S01011284,1228,1207,21
S01011285,1140,992,148
S01011286,720,665,55
S01011287,987,796,191
S01011288,1067,1039,28
S01011289,934,887,47
S01011290,1278,978,300
S01011291,986,558,428
S01011292,692,417,275
S01011293,953,779,174
S01011294,918,474,444
S01011295,1022,798,224
S01011296,722,547,175
S01011297,927,744,183
S01011298,1104,985,119
S01011299,489,461,28
S01011300,1008,964,44
S01011301,705,619,86
S01011302,945,384,561
S01011303,1164,986,178
S01011304,966,939,27
S01011305,829,795,34
S01011306,590,576,14
S01011307,2463,2242,221
S01011308,626,580,46
S01011309,852,742,110
S01011310,706,579,127
S01011311,1125,1012,113
S01011312,1244,1051,193
S01011313,1122,792,330
S01011314,1097,888,209
S01011315,419,302,117
S01011316,938,902,36
S01011317,892,668,224
S01011318,919,395,524
S01011319,1105,870,235
S01011320,747,511,236
S01011321,663,619,44
S01011322,634,504,130
S01011323,1147,738,409
S01011324,509,284,225
S01011325,996,226,770
S01011326,1099,184,915
S01011327,709,234,475
S01011328,866,538,328
S01011329,1053,552,501
S01011330,754,712,42
S01011331,832,814,18
S01011332,1233,1111,122
S01011333,733,444,289
S01011334,1424,1275,149
S01011335,1137,778,359
S01011336,698,537,161
S01011337,682,531,151
S01011338,847,766,81
S01011339,679,667,12
S01011340,1269,1133,136
S01011341,852,578,274
S01011342,839,565,274
S01011343,906,619,287
S01011344,883,836,47
S01011345,1069,969,100
S01011346,832,702,130
S01011347,1186,680,506
S01011348,1225,1181,44
S01011349,1113,1059,54
S01011350,922,887,35
S01011351,796,597,199
S01011352,693,446,247
S01011353,610,548,62
S01011354,879,856,23
S01011355,1076,951,125
S01011356,962,875,87
S01011357,1399,1180,219
S01011358,547,542,5
S01011359,737,418,319
S01011360,852,389,463
S01011361,537,33,504
S01011362,661,585,76
S01011363,1692,1396,296
S01011364,659,629,30
S01011365,830,667,163
S01011366,433,281,152
S01011367,840,691,149
S01011368,1429,1239,190
S01011369,756,635,121
S01011370,1654,1437,217
S01011371,1560,784,776
S01011372,1042,393,649
S01011373,866,306,560
S01011374,514,450,64
S01011375,726,395,331
S01011376,568,96,472
S01011377,594,496,98
S01011378,1041,874,167
S01011379,1125,1034,91
S01011380,727,323,404
S01011381,810,515,295
S01011382,531,218,313
S01011383,1091,556,535
S01011384,839,534,305
S01011385,957,381,576
S01011386,1016,687,329
S01011387,964,705,259
S01011388,1431,1118,313
S01011389,1512,1028,484
S01011390,1040,839,201
S01011391,645,619,26
S01011392,1053,910,143
S01011393,823,662,161
S01011394,1012,836,176
S01011395,861,444,417
S01011396,969,645,324
S01011397,755,493,262
S01011398,775,601,174
S01011399,508,283,225
S01011400,925,446,479
S01011401,987,821,166
S01011402,954,613,341
S01011403,1011,776,235
S01011404,1155,766,389
S01011405,731,561,170
S01011406,705,679,26
S01011407,1377,1250,127
S01011408,936,813,123
S01011409,839,682,157
S01011410,812,703,109
S01011411,993,897,96
S01011412,973,956,17
S01011413,560,530,30
S01011414,1077,840,237
S01011415,935,774,161
S01011416,875,846,29
S01011417,818,674,144
S01011418,780,436,344
S01011419,673,572,101
S01011420,491,352,139
S01011421,488,458,30
S01011422,467,376,91
S01011423,679,327,352
S01011424,560,437,123
S01011425,779,624,155
S01011426,1826,1720,106
S01011427,1423,1023,400
S01011428,673,528,145
S01011429,792,781,11
S01011430,984,827,157
S01011431,1298,898,400
S01011432,1353,1206,147
S01011433,1048,979,69
S01011434,998,851,147
S01011435,1433,1272,161
S01011436,1245,968,277
S01011437,811,576,235
S01011438,881,589,292
S01011439,1155,1138,17
S01011440,1091,782,309
S01011441,868,602,266
S01011442,683,556,127
S01011443,787,640,147
S01011444,1222,739,483
S01011445,635,390,245
S01011446,2468,2202,266
S01011447,1071,1016,55
S01011448,1228,1137,91
S01011449,757,478,279
S01011450,849,772,77
S01011451,1940,1680,260
S01011452,947,738,209
S01011453,820,580,240
S01011454,1109,982,127
S01011455,1041,807,234
S01011456,1034,1014,20
S01011457,917,863,54
S01011458,804,773,31
S01011459,1347,1073,274
S01011460,984,818,166
S01011461,813,612,201
S01011462,1004,859,145
S01011463,670,523,147
S01011464,1681,1369,312
S01011465,826,557,269
S01011466,2088,1678,410
S01011467,539,428,111
S01011468,141,137,4
S01011469,859,721,138
S01011470,958,709,249
S01011471,953,549,404
S01011472,1224,481,743
S01011473,1009,391,618
S01011474,1074,257,817
S01011475,679,117,562
S01011476,915,864,51
S01011477,851,836,15
S01011478,1060,869,191
S01011479,886,537,349
S01011480,1102,790,312
S01011481,1169,856,313
S01011482,1155,759,396
S01011483,822,687,135
S01011484,1152,815,337
S01011485,965,906,59
S01011486,562,431,131
S01011487,1316,1078,238
S01011488,697,513,184
S01011489,995,925,70
S01011490,1062,568,494
S01011491,538,161,377
S01011492,859,262,597
S01011493,1048,895,153
S01011494,785,465,320
S01011495,1042,770,272
S01011496,649,258,391
S01011497,881,720,161
S01011498,672,637,35
S01011499,898,703,195
S01011500,1012,661,351
S01011501,673,362,311
S01011502,755,734,21
S01011503,1024,860,164
S01011504,666,508,158
S01011505,698,203,495
S01011506,588,436,152
S01011507,790,679,111
S01011508,962,629,333
S01011509,610,551,59
S01011510,1122,770,352
S01011511,678,423,255
S01011512,1239,663,576
S01011513,917,470,447
S01011514,1085,1003,82
S01011515,752,602,150
S01011516,887,819,68
S01011517,649,637,12
S01011518,661,559,102
S01011519,781,764,17
S01011520,1091,746,345
S01011521,1429,573,856
S01011522,956,289,667
S01011523,1305,1097,208
S01011524,890,727,163
S01011525,997,819,178
S01011526,1018,903,115
S01011527,949,835,114
S01011528,974,582,392
S01011529,1084,531,553
S01011530,1256,861,395
S01011531,1814,1514,300
S01011532,1266,1102,164
S01011533,626,217,409
S01011534,766,653,113
S01011535,862,471,391
S01011536,674,607,67
S01011537,845,753,92
S01011538,733,711,22
S01011539,1018,720,298
S01011540,2031,1795,236
S01011541,1035,1010,25
S01011542,1070,1046,24
S01011543,920,900,20
S01011544,790,764,26
S01011545,851,819,32
S01011546,764,744,20
S01011547,475,465,10
S01011548,813,737,76
S01011549,915,891,24
S01011550,979,942,37
S01011551,876,815,61
S01011552,978,861,117
S01011553,1259,1183,76
S01011554,2027,1768,259
S01011555,766,203,563
S01011556,674,237,437
S01011557,1003,977,26
S01011558,874,773,101
S01011559,715,461,254
S01011560,1046,840,206
S01011561,834,640,194
S01011562,1038,830,208
S01011563,1118,918,200
S01011564,966,911,55
S01011565,1081,1029,52
S01011566,917,564,353
S01011567,859,822,37
S01011568,847,824,23
S01011569,848,564,284
S01011570,910,290,620
S01011571,887,113,774
S01011572,883,221,662
S01011573,1084,794,290
S01011574,1100,1066,34
S01011575,866,805,61
S01011576,861,362,499
S01011577,628,369,259
S01011578,2226,1483,743
S01011579,924,868,56
S01011580,1354,543,811
S01011581,917,370,547
S01011582,2358,1831,527
S01011583,884,307,577
S01011584,843,511,332
S01011585,1174,465,709
S01011586,691,240,451
S01011587,738,266,472
S01011588,952,801,151
S01011589,1040,890,150
S01011590,2166,2024,142
S01011591,923,753,170
S01011592,1877,1164,713
S01011593,717,371,346
S01011594,622,231,391
S01011595,854,441,413
S01011596,1259,583,676
S01011597,720,449,271
S01011598,984,122,862
S01011599,967,332,635
S01011600,737,244,493
S01011601,848,808,40
S01011602,709,429,280
S01011603,1000,470,530
S01011604,690,448,242
S01011605,844,743,101
S01011606,1001,958,43
S01011607,1266,1142,124
S01011608,1138,1026,112
S01011609,970,325,645
S01011610,949,657,292
S01011611,1129,1048,81
S01011612,296,178,118
S01011613,940,900,40
S01011614,570,513,57
S01011615,1356,961,395
S01011616,511,336,175
S01011617,981,813,168
S01011618,794,624,170
S01011619,892,817,75
S01011620,972,968,4
S01011621,893,789,104
S01011622,160,151,9
S01011623,1884,1598,286
S01011624,937,663,274
S01011625,548,483,65
S01011626,1048,961,87
S01011627,733,671,62
S01011628,1276,1250,26
S01011629,809,788,21
S01011630,744,733,11
S01011631,839,810,29
S01011632,986,952,34
S01011633,1092,733,359
S01011634,754,603,151
S01011635,832,655,177
S01011636,867,303,564
S01011637,743,302,441
S01011638,737,251,486
S01011639,700,127,573
S01011640,1048,555,493
S01011641,946,923,23
S01011642,847,602,245
S01011643,892,553,339
S01011644,880,731,149
S01011645,622,443,179
S01011646,872,853,19
S01011647,1062,1004,58
S01011648,414,167,247
S01011649,881,625,256
S01011650,1626,1222,404
S01011651,926,476,450
S01011652,747,682,65
S01011653,1109,662,447
S01011654,1064,400,664
S01011655,846,221,625
S01011656,730,230,500
S01011657,609,142,467
S01011658,874,763,111
S01011659,962,687,275
S01011660,1097,1007,90
S01011661,1180,994,186
S01011662,1305,1263,42
S01011663,1103,872,231
S01011664,1044,962,82
S01011665,1123,392,731
S01011666,957,275,682
S01011667,977,495,482
S01011668,1572,518,1054
S01011669,821,493,328
S01011670,778,299,479
S01011671,737,548,189
S01011672,793,579,214
S01011673,909,457,452
S01011674,1563,1186,377
S01011675,1433,1257,176
S01011676,778,692,86
S01011677,155,151,4
S01011678,464,152,312
S01011679,1343,1101,242
S01011680,1282,1096,186
S01011681,847,817,30
S01011682,1596,1456,140
S01011683,1279,1018,261
S01011684,803,650,153
S01011685,856,773,83
S01011686,931,817,114
S01011687,935,779,156
S01011688,1161,909,252
S01011689,914,787,127
S01011690,1636,1398,238
S01011691,474,453,21
S01011692,1250,948,302
S01011693,1698,1393,305
S01011694,659,528,131
S01011695,3465,3192,273
S01011696,776,731,45
S01011697,1083,815,268
S01011698,643,410,233
S01011699,911,768,143
S01011700,869,694,175
S01011701,1222,956,266
S01011702,972,882,90
S01011703,974,880,94
S01011704,1645,1533,112
S01011705,1785,1322,463
S01011706,987,773,214
S01011707,713,697,16
S01011708,1094,715,379
S01011709,1109,1006,103
S01011710,763,543,220
S01011711,1121,817,304
S01011712,530,296,234
S01011713,1108,1021,87
S01011714,1302,1206,96
S01011715,1149,814,335
S01011716,1002,981,21
S01011717,764,760,4
S01011718,978,923,55
S01011719,1981,1877,104
S01011720,617,539,78
S01011721,784,782,2
S01011722,1316,1279,37
S01011723,2146,2067,79
S01011724,733,724,9
S01011725,634,627,7
S01011726,552,549,3
S01011727,1489,1414,75
S01011728,929,797,132
S01011729,1115,800,315
S01011730,844,692,152
S01011731,1060,1044,16
S01011732,899,881,18
S01011733,851,763,88
S01011734,891,755,136
S01011735,736,702,34
S01011736,1192,957,235
S01011737,927,686,241
S01011738,1070,611,459
S01011739,684,658,26
S01011740,729,567,162
S01011741,964,574,390
S01011742,864,758,106
S01011743,797,569,228
S01011744,849,520,329
S01011745,1033,924,109
S01011746,852,762,90
S01011747,1074,854,220
S01011748,1024,700,324
S01011749,896,505,391
S01011750,876,692,184
S01011751,1149,215,934
S01011752,1074,664,410
S01011753,777,539,238
S01011754,959,902,57
S01011755,939,556,383
S01011756,1113,661,452
S01011757,932,601,331
S01011758,624,591,33
S01011759,897,836,61
S01011760,884,550,334
S01011761,817,757,60
S01011762,876,478,398
S01011763,773,690,83
S01011764,403,394,9
S01011765,1156,1114,42
S01011766,733,699,34
S01011767,1209,889,320
S01011768,930,442,488
S01011769,757,434,323
S01011770,892,703,189
S01011771,667,645,22
S01011772,1102,1083,19
S01011773,596,587,9
S01011774,941,816,125
S01011775,904,900,4
S01011776,1242,1224,18
S01011777,645,575,70
S01011778,634,532,102
S01011779,793,751,42
S01011780,939,929,10
S01011781,922,904,18
S01011782,889,866,23
S01011783,575,556,19
S01011784,793,745,48
S01011785,1070,1044,26
S01011786,198,193,5
S01011787,1133,649,484
S01011788,1262,1246,16
S01011789,3132,2986,146
S01011790,1301,787,514
S01011791,831,405,426
S01011792,888,433,455
S01011793,735,476,259
S01011794,982,512,470
S01011795,1051,623,428
S01011796,908,211,697
S01011797,1099,1034,65
S01011798,550,151,399
S01011799,973,838,135
S01011800,677,565,112
S01011801,685,426,259
S01011802,731,474,257
S01011803,930,887,43
S01011804,977,870,107
S01011805,890,792,98
S01011806,1303,1282,21
S01011807,1063,1052,11
S01011808,948,936,12
S01011809,715,711,4
S01011810,1276,1265,11
S01011811,1142,1127,15
S01011812,1119,1104,15
S01011813,947,939,8
S01011814,721,711,10
S01011815,814,795,19
S01011816,697,688,9
S01011817,724,711,13
S01011818,1630,1604,26
S01011819,1213,1160,53
S01011820,982,935,47
S01011821,675,552,123
S01011822,912,630,282
S01011823,608,599,9
S01011824,999,982,17
S01011825,535,477,58
S01011826,738,643,95
S01011827,602,574,28
S01011828,904,884,20
S01011829,541,530,11
S01011830,824,819,5
S01011831,1056,1029,27
S01011832,834,807,27
S01011833,959,941,18
S01011834,794,758,36
S01011835,685,668,17
S01011836,1100,1065,35
S01011837,910,868,42
S01011838,1229,1177,52
S01011839,1064,1036,28
S01011840,1244,1214,30
S01011841,1611,1312,299
S01011842,1316,1103,213
S01011843,1184,1137,47
S01011844,1037,927,110
S01011845,857,787,70
S01011846,869,761,108
S01011847,429,421,8
S01011848,842,789,53
S01011849,813,725,88
S01011850,1065,888,177
S01011851,870,806,64
S01011852,976,756,220
S01011853,954,773,181
S01011854,1025,927,98
S01011855,1208,1072,136
S01011856,695,688,7
S01011857,1369,1295,74
S01011858,1071,1029,42
S01011859,1063,924,139
S01011860,773,695,78
S01011861,828,721,107
S01011862,1013,863,150
S01011863,930,705,225
S01011864,781,714,67
S01011865,658,537,121
S01011866,1268,1137,131
S01011867,1282,966,316
S01011868,1007,668,339
S01011869,1000,451,549
S01011870,860,647,213
S01011871,1177,1132,45
S01011872,1053,992,61
S01011873,812,736,76
S01011874,839,787,52
S01011875,1078,966,112
S01011876,1037,990,47
S01011877,775,686,89
S01011878,1300,1216,84
S01011879,798,760,38
S01011880,1242,1193,49
S01011881,845,632,213
S01011882,941,827,114
S01011883,1451,1395,56
S01011884,776,765,11
S01011885,766,737,29
S01011886,1335,1274,61
S01011887,745,647,98
S01011888,1317,876,441
S01011889,1015,739,276
S01011890,918,681,237
S01011891,741,316,425
S01011892,1193,520,673
S01011893,1078,462,616
S01011894,1068,855,213
S01011895,1138,958,180
S01011896,964,631,333
S01011897,1131,984,147
S01011898,1033,931,102
S01011899,985,947,38
S01011900,735,723,12
S01011901,1117,900,217
S01011902,1138,1111,27
S01011903,925,907,18
S01011904,881,849,32
S01011905,880,846,34
S01011906,329,308,21
S01011907,841,796,45
S01011908,566,528,38
S01011909,867,766,101
S01011910,1183,502,681
S01011911,713,642,71
S01011912,833,440,393
S01011913,858,400,458
S01011914,978,202,776
S01011915,908,714,194
S01011916,943,700,243
S01011917,620,328,292
S01011918,895,306,589
S01011919,1063,504,559
S01011920,684,506,178
S01011921,594,303,291
S01011922,882,597,285
S01011923,1022,596,426
S01011924,934,656,278
S01011925,921,770,151
S01011926,817,618,199
S01011927,613,477,136
S01011928,786,632,154
S01011929,692,546,146
S01011930,709,520,189
S01011931,679,475,204
S01011932,343,139,204
S01011933,1534,384,1150
S01011934,937,443,494
S01011935,1008,202,806
S01011936,679,214,465
S01011937,667,38,629
S01011938,460,107,353
S01011939,983,168,815
S01011940,944,59,885
S01011941,1089,121,968
S01011942,930,51,879
S01011943,1429,101,1328
S01011944,509,410,99
S01011945,1407,1340,67
S01011946,920,580,340
S01011947,602,569,33
S01011948,1042,699,343
S01011949,966,956,10
S01011950,916,866,50
S01011951,833,669,164
S01011952,914,885,29
S01011953,925,818,107
S01011954,590,526,64
S01011955,1112,927,185
S01011956,1108,1081,27
S01011957,925,852,73
S01011958,1979,1919,60
S01011959,854,830,24
S01011960,1188,1103,85
S01011961,1157,1071,86
S01011962,1069,1011,58
S01011963,818,755,63
S01011964,1083,922,161
S01011965,984,877,107
S01011966,840,815,25
S01011967,997,939,58
S01011968,1395,869,526
S01011969,1689,1347,342
S01011970,1833,1289,544
S01011971,666,651,15
S01011972,1742,1689,53
S01011973,621,586,35
S01011974,827,802,25
S01011975,452,428,24
S01011976,980,789,191
S01011977,1262,1146,116
S01011978,1191,928,263
S01011979,1164,1129,35
S01011980,508,492,16
S01011981,1096,1038,58
S01011982,1397,1290,107
S01011983,1111,1045,66
S01011984,676,441,235
S01011985,662,529,133
S01011986,981,596,385
S01011987,1150,1041,109
S01011988,686,673,13
S01011989,866,830,36
S01011990,750,687,63
S01011991,966,916,50
S01011992,1083,810,273
S01011993,1009,412,597
S01011994,808,800,8
S01011995,1008,997,11
S01011996,728,616,112
S01011997,1168,885,283
S01011998,934,869,65
S01011999,621,596,25
S01012000,562,502,60
S01012001,876,796,80
S01012002,745,714,31
S01012003,845,764,81
S01012004,1673,1591,82
S01012005,1488,1427,61
S01012006,752,716,36
S01012007,945,774,171
S01012008,1303,1060,243
S01012009,642,600,42
S01012010,1363,1154,209
S01012011,1402,1086,316
S01012012,626,554,72
S01012013,738,691,47
S01012014,1801,1408,393
S01012015,1372,1158,214
S01012016,780,765,15
S01012017,550,537,13
S01012018,843,818,25
S01012019,921,690,231
S01012020,970,692,278
S01012021,821,729,92
S01012022,1080,807,273
S01012023,665,620,45
S01012024,1151,1049,102
S01012025,687,581,106
S01012026,932,864,68
S01012027,2017,1830,187
S01012028,1088,967,121
S01012029,1240,887,353
S01012030,1285,1088,197
S01012031,553,534,19
S01012032,347,328,19
S01012033,917,735,182
S01012034,972,651,321
S01012035,1149,828,321
S01012036,1140,854,286
S01012037,1240,791,449
S01012038,1273,210,1063
S01012039,1046,980,66
S01012040,691,593,98
S01012041,1248,980,268
S01012042,1129,1037,92
S01012043,926,420,506
S01012044,998,408,590
S01012045,1220,419,801
S01012046,834,323,511
S01012047,1081,394,687
S01012048,802,313,489
S01012049,732,439,293
S01012050,1172,1022,150
S01012051,497,291,206
S01012052,951,647,304
S01012053,964,583,381
S01012054,1133,555,578
S01012055,947,724,223
S01012056,866,754,112
S01012057,743,688,55
S01012058,901,752,149
S01012059,986,739,247
S01012060,952,620,332
S01012061,1565,1211,354
S01012062,1011,844,167
S01012063,681,576,105
S01012064,892,734,158
S01012065,686,511,175
S01012066,852,607,245
S01012067,666,459,207
S01012068,788,451,337
S01012069,619,158,461
S01012070,937,48,889
S01012071,1165,57,1108
S01012072,1188,206,982
S01012073,776,453,323
S01012074,639,435,204
S01012075,1000,772,228
S01012076,936,541,395
S01012077,1071,465,606
S01012078,871,682,189
S01012079,1253,669,584
S01012080,1085,640,445
S01012081,737,426,311
S01012082,1002,740,262
S01012083,1060,638,422
S01012084,678,644,34
S01012085,777,713,64
S01012086,918,646,272
S01012087,815,734,81
S01012088,645,504,141
S01012089,842,732,110
S01012090,1084,1041,43
S01012091,772,653,119
S01012092,635,568,67
S01012093,535,316,219
S01012094,838,768,70
S01012095,1335,1045,290
S01012096,871,684,187
S01012097,695,590,105
S01012098,977,742,235
S01012099,971,605,366
S01012100,1711,1420,291
S01012101,930,795,135
S01012102,899,427,472
S01012103,1054,787,267
S01012104,924,845,79
S01012105,1595,1099,496
S01012106,1222,645,577
S01012107,646,402,244
S01012108,1045,208,837
S01012109,1198,218,980
S01012110,852,182,670
S01012111,1274,637,637
S01012112,1035,495,540
S01012113,1130,747,383
S01012114,1358,1096,262
S01012115,765,642,123
S01012116,680,576,104
S01012117,724,677,47
S01012118,1100,1049,51
S01012119,900,871,29
S01012120,583,408,175
S01012121,903,726,177
S01012122,858,702,156
S01012123,723,494,229
S01012124,636,345,291
S01012125,1009,168,841
S01012126,906,332,574
S01012127,1257,285,972
S01012128,704,168,536
S01012129,915,153,762
S01012130,1156,276,880
S01012131,1364,92,1272
S01012132,850,41,809
S01012133,973,229,744
S01012134,1282,292,990
S01012135,1171,75,1096
S01012136,908,29,879
S01012137,848,76,772
S01012138,1037,468,569
S01012139,1163,688,475
S01012140,883,725,158
S01012141,1267,1199,68
S01012142,952,931,21
S01012143,1302,1243,59
S01012144,1046,930,116
S01012145,1131,1048,83
S01012146,1138,173,965
S01012147,1028,345,683
S01012148,756,73,683
S01012149,912,491,421
S01012150,778,540,238
S01012151,1013,623,390
S01012152,1039,328,711
S01012153,772,89,683
S01012154,759,74,685
S01012155,859,107,752
S01012156,1172,356,816
S01012157,1087,743,344
S01012158,1685,1106,579
S01012159,503,477,26
S01012160,960,764,196
S01012161,532,112,420
S01012162,949,412,537
S01012163,868,497,371
S01012164,1242,1025,217
S01012165,921,323,598
S01012166,799,335,464
S01012167,674,333,341
S01012168,1025,847,178
S01012169,851,417,434
S01012170,1291,583,708
S01012171,1180,699,481
S01012172,943,534,409
S01012173,754,727,27
S01012174,1092,1002,90
S01012175,1031,812,219
S01012176,1335,1017,318
S01012177,833,759,74
S01012178,951,838,113
S01012179,762,395,367
S01012180,732,442,290
S01012181,1229,506,723
S01012182,1424,840,584
S01012183,2115,684,1431
S01012184,787,160,627
S01012185,783,107,676
S01012186,875,493,382
S01012187,872,358,514
S01012188,630,541,89
S01012189,802,499,303
S01012190,805,798,7
S01012191,1063,1020,43
S01012192,454,447,7
S01012193,769,755,14
S01012194,869,866,3
S01012195,895,883,12
S01012196,573,514,59
S01012197,1059,956,103
S01012198,1082,928,154
S01012199,879,859,20
S01012200,647,628,19
S01012201,1113,1064,49
S01012202,585,569,16
S01012203,959,939,20
S01012204,789,778,11
S01012205,888,812,76
S01012206,965,920,45
S01012207,1231,1184,47
S01012208,1418,1248,170
S01012209,1066,839,227
S01012210,790,618,172
S01012211,1159,982,177
S01012212,1141,1073,68
S01012213,1008,984,24
S01012214,800,786,14
S01012215,986,966,20
S01012216,1309,1240,69
S01012217,560,198,362
S01012218,604,288,316
S01012219,931,689,242
S01012220,964,432,532
S01012221,709,409,300
S01012222,1233,853,380
S01012223,808,594,214
S01012224,1037,716,321
S01012225,1301,853,448
S01012226,833,736,97
S01012227,907,793,114
S01012228,802,750,52
S01012229,837,781,56
S01012230,1064,1008,56
S01012231,831,818,13
S01012232,1183,1166,17
S01012233,953,924,29
S01012234,1513,1316,197
S01012235,888,787,101
S01012236,864,754,110
S01012237,892,805,87
S01012238,604,371,233
S01012239,586,226,360
S01012240,842,575,267
S01012241,719,579,140
S01012242,891,841,50
S01012243,956,924,32
S01012244,1042,1002,40
S01012245,1314,1182,132
S01012246,1092,1057,35
S01012247,713,671,42
S01012248,939,893,46
S01012249,998,965,33
S01012250,857,836,21
S01012251,1119,660,459
S01012252,1185,790,395
S01012253,955,499,456
S01012254,922,576,346
S01012255,859,454,405
S01012256,1451,1385,66
S01012257,1211,1088,123
S01012258,1791,1715,76
S01012259,837,773,64
S01012260,1512,1388,124
S01012261,1323,1241,82
S01012262,1956,1834,122
S01012263,778,423,355
S01012264,472,320,152
S01012265,1183,879,304
S01012266,1278,918,360
S01012267,1104,868,236
S01012268,1487,1300,187
S01012269,999,848,151
S01012270,896,787,109
S01012271,1536,1475,61
S01012272,903,789,114
S01012273,1025,1005,20
S01012274,1157,784,373
S01012275,800,194,606
S01012276,1483,912,571
S01012277,1358,903,455
S01012278,1216,352,864
S01012279,1207,606,601
S01012280,1113,823,290
S01012281,948,454,494
S01012282,1055,803,252
S01012283,1021,805,216
S01012284,774,245,529
S01012285,607,468,139
S01012286,1257,938,319
S01012287,1226,524,702
S01012288,1149,546,603
S01012289,1198,1023,175
S01012290,670,557,113
S01012291,847,720,127
S01012292,1297,962,335
S01012293,1098,955,143
S01012294,1062,934,128
S01012295,731,639,92
S01012296,1210,1175,35
S01012297,1169,1159,10
S01012298,1439,1380,59
S01012299,620,595,25
S01012300,1246,1181,65
S01012301,1020,1003,17
S01012302,739,712,27
S01012303,979,966,13
S01012304,1213,1178,35
S01012305,905,786,119
S01012306,898,688,210
S01012307,888,694,194
S01012308,1009,986,23
S01012309,941,888,53
S01012310,1597,1524,73
S01012311,865,819,46
S01012312,997,931,66
S01012313,857,802,55
S01012314,945,910,35
S01012315,810,531,279
S01012316,693,432,261
S01012317,499,435,64
S01012318,792,773,19
S01012319,1119,1089,30
S01012320,848,778,70
S01012321,1234,1111,123
S01012322,1181,1142,39
S01012323,1389,1338,51
S01012324,1040,1017,23
S01012325,887,819,68
S01012326,916,632,284
S01012327,945,884,61
S01012328,808,792,16
S01012329,993,968,25
S01012330,690,624,66
S01012331,1171,1109,62
S01012332,1275,1233,42
S01012333,1413,1346,67
S01012334,916,711,205
S01012335,1896,1837,59
S01012336,864,644,220
S01012337,991,630,361
S01012338,845,459,386
S01012339,977,564,413
S01012340,1133,1011,122
S01012341,941,923,18
S01012342,954,932,22
S01012343,1077,1059,18
S01012344,1137,994,143
S01012345,785,734,51
S01012346,1294,1237,57
S01012347,681,647,34
S01012348,1195,1084,111
S01012349,1137,1007,130
S01012350,1192,832,360
S01012351,1015,743,272
S01012352,1195,914,281
S01012353,818,378,440
S01012354,1042,960,82
S01012355,1101,1060,41
S01012356,1137,1064,73
S01012357,972,916,56
S01012358,841,802,39
S01012359,917,787,130
S01012360,808,653,155
S01012361,885,807,78
S01012362,1240,1184,56
S01012363,1211,457,754
S01012364,830,255,575
S01012365,1176,825,351
S01012366,1033,352,681
S01012367,1073,826,247
S01012368,816,726,90
S01012369,1106,767,339
S01012370,1406,815,591
S01012371,1093,405,688
S01012372,1117,298,819
S01012373,1285,876,409
S01012374,920,595,325
S01012375,1282,885,397
S01012376,960,924,36
S01012377,690,671,19
S01012378,679,635,44
S01012379,597,566,31
S01012380,1406,958,448
S01012381,1088,771,317
S01012382,1098,1015,83
S01012383,1078,755,323
S01012384,573,385,188
S01012385,755,505,250
S01012386,1141,977,164
S01012387,930,921,9
S01012388,691,686,5
S01012389,983,977,6
S01012390,769,759,10
S01012391,1541,1434,107
S01012392,864,775,89
S01012393,1326,1227,99
S01012394,962,935,27
S01012395,837,714,123
S01012396,863,650,213
S01012397,833,720,113
S01012398,1030,599,431
S01012399,873,840,33
S01012400,925,711,214
S01012401,917,746,171
S01012402,460,459,1
S01012403,1025,1015,10
S01012404,1327,1159,168
S01012405,726,712,14
S01012406,732,729,3
S01012407,1102,1092,10
S01012408,850,845,5
S01012409,1119,1089,30
S01012410,1321,1312,9
S01012411,1377,1352,25
S01012412,643,632,11
S01012413,1019,1003,16
S01012414,684,679,5
S01012415,800,798,2
S01012416,559,546,13
S01012417,631,556,75
S01012418,768,751,17
S01012419,1050,995,55
S01012420,1093,1021,72
S01012421,1003,921,82
S01012422,1263,1197,66
S01012423,1030,900,130
S01012424,950,870,80
S01012425,626,375,251
S01012426,625,490,135
S01012427,767,641,126
S01012428,865,837,28
S01012429,558,487,71
S01012430,1030,865,165
S01012431,1077,853,224
S01012432,801,630,171
S01012433,774,515,259
S01012434,841,434,407
S01012435,891,572,319
S01012436,900,729,171
S01012437,811,690,121
S01012438,1071,980,91
S01012439,923,726,197
S01012440,936,891,45
S01012441,971,920,51
S01012442,964,914,50
S01012443,746,724,22
S01012444,1377,1334,43
S01012445,100,100,0
S01012446,677,506,171
S01012447,998,948,50
S01012448,925,897,28
S01012449,709,663,46
S01012450,961,909,52
S01012451,868,819,49
S01012452,743,731,12
S01012453,1016,971,45
S01012454,1050,1044,6
S01012455,612,592,20
S01012456,950,934,16
S01012457,1286,1279,7
S01012458,895,868,27
S01012459,885,864,21
S01012460,812,807,5
S01012461,607,528,79
S01012462,858,717,141
S01012463,756,676,80
S01012464,625,538,87
S01012465,771,754,17
S01012466,1031,856,175
S01012467,1269,1212,57
S01012468,866,841,25
S01012469,1029,862,167
S01012470,962,778,184
S01012471,805,751,54
S01012472,823,817,6
S01012473,691,674,17
S01012474,812,607,205
S01012475,724,634,90
S01012476,1119,1099,20
S01012477,798,790,8
S01012478,840,831,9
S01012479,1019,1012,7
S01012480,756,136,620
S01012481,775,281,494
S01012482,827,347,480
S01012483,881,214,667
S01012484,1144,855,289
S01012485,1193,793,400
S01012486,713,563,150
S01012487,612,283,329
S01012488,903,645,258
S01012489,1205,156,1049
S01012490,1192,151,1041
S01012491,721,102,619
S01012492,953,143,810
S01012493,773,412,361
S01012494,1383,1259,124
S01012495,1121,928,193
S01012496,765,743,22
S01012497,604,409,195
S01012498,943,724,219
S01012499,1254,1168,86
S01012500,558,364,194
S01012501,931,387,544
S01012502,1043,363,680
S01012503,637,388,249
S01012504,713,518,195
S01012505,1085,547,538
S01012506,478,373,105
S01012507,946,449,497
S01012508,825,510,315
S01012509,541,442,99
S01012510,1070,907,163
S01012511,787,613,174
S01012512,899,619,280
S01012513,550,529,21
S01012514,810,762,48
S01012515,820,554,266
S01012516,668,619,49
S01012517,1030,650,380
S01012518,867,649,218
S01012519,759,529,230
S01012520,783,615,168
S01012521,766,597,169
S01012522,945,848,97
S01012523,1075,1020,55
S01012524,972,821,151
S01012525,951,869,82
S01012526,949,899,50
S01012527,625,579,46
S01012528,823,749,74
S01012529,836,741,95
S01012530,1097,1061,36
S01012531,1101,945,156
S01012532,1160,1096,64
S01012533,864,520,344
S01012534,894,664,230
S01012535,892,525,367
S01012536,817,760,57
S01012537,1041,822,219
S01012538,1217,951,266
S01012539,801,686,115
S01012540,1023,866,157
S01012541,1192,1032,160
S01012542,1210,1162,48
S01012543,686,664,22
S01012544,934,899,35
S01012545,615,528,87
S01012546,941,899,42
S01012547,746,725,21
S01012548,1058,1017,41
S01012549,806,547,259
S01012550,1007,800,207
S01012551,1145,1129,16
S01012552,964,940,24
S01012553,827,790,37
S01012554,886,874,12
S01012555,541,533,8
S01012556,545,522,23
S01012557,812,778,34
S01012558,746,626,120
S01012559,1058,591,467
S01012560,1101,903,198
S01012561,1154,930,224
S01012562,1140,413,727
S01012563,758,741,17
S01012564,886,822,64
S01012565,1007,735,272
S01012566,769,201,568
S01012567,1102,252,850
S01012568,1044,920,124
S01012569,804,691,113
S01012570,729,692,37
S01012571,807,711,96
S01012572,566,543,23
S01012573,821,808,13
S01012574,1290,1215,75
S01012575,791,758,33
S01012576,1149,995,154
S01012577,992,944,48
S01012578,1437,1296,141
S01012579,824,780,44
S01012580,753,742,11
S01012581,1107,932,175
S01012582,1018,983,35
S01012583,689,615,74
S01012584,737,683,54
S01012585,1552,1309,243
S01012586,808,786,22
S01012587,1028,1023,5
S01012588,739,731,8
S01012589,805,776,29
S01012590,1076,906,170
S01012591,1198,938,260
S01012592,696,674,22
S01012593,1198,1132,66
S01012594,664,600,64
S01012595,798,716,82
S01012596,788,604,184
S01012597,386,269,117
S01012598,738,634,104
S01012599,718,565,153
S01012600,692,652,40
S01012601,889,797,92
S01012602,671,358,313
S01012603,650,463,187
S01012604,849,816,33
S01012605,915,902,13
S01012606,352,345,7
S01012607,737,694,43
S01012608,1026,1009,17
S01012609,968,890,78
S01012610,1226,763,463
S01012611,885,846,39
S01012612,1181,1095,86
S01012613,1200,1151,49
S01012614,1090,894,196
S01012615,1017,923,94
S01012616,1002,921,81
S01012617,814,800,14
S01012618,671,633,38
S01012619,690,434,256
S01012620,958,862,96
S01012621,894,810,84
S01012622,844,798,46
S01012623,865,577,288
S01012624,777,638,139
S01012625,698,608,90
S01012626,842,814,28
S01012627,633,401,232
S01012628,1502,1360,142
S01012629,318,267,51
S01012630,823,398,425
S01012631,1101,788,313
S01012632,726,704,22
S01012633,989,783,206
S01012634,1305,1070,235
S01012635,2002,1874,128
S01012636,1543,1493,50
S01012637,1083,532,551
S01012638,1025,799,226
S01012639,1454,1232,222
S01012640,1358,1215,143
S01012641,987,743,244
S01012642,1668,1304,364
S01012643,573,458,115
S01012644,772,536,236
S01012645,1270,1027,243
S01012646,1260,1165,95
S01012647,1144,1077,67
S01012648,678,646,32
S01012649,854,720,134
S01012650,794,745,49
S01012651,793,700,93
S01012652,1045,954,91
S01012653,987,971,16
S01012654,922,818,104
S01012655,1281,941,340
S01012656,970,899,71
S01012657,991,851,140
S01012658,938,910,28
S01012659,785,746,39
S01012660,728,595,133
S01012661,921,717,204
S01012662,921,605,316
S01012663,921,829,92
S01012664,999,796,203
S01012665,811,785,26
S01012666,741,727,14
S01012667,686,554,132
S01012668,1116,838,278
S01012669,1002,991,11
S01012670,696,686,10
S01012671,1349,1287,62
S01012672,839,719,120
S01012673,927,893,34
S01012674,731,623,108
S01012675,1046,976,70
S01012676,1042,1023,19
S01012677,583,528,55
S01012678,711,703,8
S01012679,791,654,137
S01012680,557,547,10
S01012681,831,706,125
S01012682,789,742,47
S01012683,908,660,248
S01012684,413,349,64
S01012685,1150,1048,102
S01012686,1229,948,281
S01012687,1350,1323,27
S01012688,885,463,422
S01012689,587,560,27
S01012690,532,521,11
S01012691,1055,991,64
S01012692,1013,855,158
S01012693,905,895,10
S01012694,621,609,12
S01012695,830,811,19
S01012696,689,658,31
S01012697,509,489,20
S01012698,969,919,50
S01012699,1045,987,58
S01012700,884,843,41
S01012701,1127,936,191
S01012702,684,576,108
S01012703,723,661,62
S01012704,772,693,79
S01012705,780,761,19
S01012706,993,887,106
S01012707,898,886,12
S01012708,915,369,546
S01012709,613,482,131
S01012710,939,486,453
S01012711,1092,537,555
S01012712,912,894,18
S01012713,1087,817,270
S01012714,657,592,65
S01012715,971,400,571
S01012716,1050,904,146
S01012717,1138,437,701
S01012718,942,330,612
S01012719,1128,212,916
S01012720,863,151,712
S01012721,660,515,145
S01012722,1107,407,700
S01012723,827,385,442
S01012724,728,345,383
S01012725,1071,362,709
S01012726,971,754,217
S01012727,936,757,179
S01012728,1067,574,493
S01012729,948,827,121
S01012730,556,437,119
S01012731,797,695,102
S01012732,765,736,29
S01012733,3564,3424,140
S01012734,91,59,32
S01012735,551,407,144
S01012736,1279,1179,100
S01012737,1274,1139,135
S01012738,612,530,82
S01012739,105,93,12
S01012740,90,67,23
S01012741,555,498,57
S01012742,880,872,8
S01012743,966,904,62
S01012744,675,659,16
S01012745,913,814,99
S01012746,1129,1080,49
S01012747,1147,1097,50
S01012748,829,595,234
S01012749,876,640,236
S01012750,788,537,251
S01012751,1273,830,443
S01012752,832,736,96
S01012753,496,449,47
S01012754,908,850,58
S01012755,618,384,234
S01012756,1795,1615,180
S01012757,461,310,151
S01012758,695,613,82
S01012759,801,675,126
S01012760,959,526,433
S01012761,994,786,208
S01012762,788,739,49
S01012763,612,570,42
S01012764,988,929,59
S01012765,597,587,10
S01012766,699,679,20
S01012767,791,777,14
S01012768,831,807,24
S01012769,1044,1029,15
S01012770,839,652,187
S01012771,819,517,302
S01012772,1177,1158,19
S01012773,1174,949,225
S01012774,825,501,324
S01012775,641,464,177
S01012776,794,610,184
S01012777,1167,989,178
S01012778,1199,861,338
S01012779,1036,662,374
S01012780,918,398,520
S01012781,648,541,107
S01012782,828,311,517
S01012783,931,399,532
S01012784,1053,587,466
S01012785,711,153,558
S01012786,1145,221,924
S01012787,560,255,305
S01012788,1005,957,48
S01012789,1021,820,201
S01012790,889,684,205
S01012791,810,575,235
S01012792,967,589,378
S01012793,877,318,559
S01012794,396,82,314
S01012795,1232,936,296
S01012796,902,744,158
S01012797,758,718,40
S01012798,1060,603,457
S01012799,1182,891,291
S01012800,1078,755,323
S01012801,504,165,339
S01012802,756,730,26
S01012803,840,826,14
S01012804,857,836,21
S01012805,1069,1023,46
S01012806,918,883,35
S01012807,1469,1397,72
S01012808,1059,828,231
S01012809,855,413,442
S01012810,836,336,500
S01012811,862,784,78
S01012812,899,711,188
S01012813,1001,918,83
S01012814,922,892,30
S01012815,1343,1150,193
S01012816,806,576,230
S01012817,476,471,5
S01012818,1016,981,35
S01012819,1098,628,470
S01012820,2641,2564,77
S01012821,1794,1608,186
S01012822,846,306,540
S01012823,761,736,25
S01012824,1337,1168,169
S01012825,1465,1075,390
S01012826,1653,1367,286
S01012827,1516,1279,237
S01012828,2277,2088,189
S01012829,865,573,292
S01012830,690,468,222
S01012831,739,543,196
S01012832,544,519,25
S01012833,1006,804,202
S01012834,723,418,305
S01012835,905,594,311
S01012836,595,565,30
S01012837,998,238,760
S01012838,858,80,778
S01012839,666,526,140
S01012840,993,901,92
S01012841,721,625,96
S01012842,995,725,270
S01012843,1101,994,107
S01012844,918,804,114
S01012845,907,558,349
S01012846,1051,318,733
S01012847,756,600,156
S01012848,980,871,109
S01012849,1136,673,463
S01012850,918,564,354
S01012851,998,855,143
S01012852,1029,731,298
S01012853,924,736,188
S01012854,1163,617,546
S01012855,1112,440,672
S01012856,912,388,524
S01012857,1320,592,728
S01012858,868,202,666
S01012859,1143,420,723
S01012860,808,508,300
S01012861,687,384,303
S01012862,844,112,732
S01012863,748,76,672
S01012864,775,56,719
S01012865,1170,698,472
S01012866,910,395,515
S01012867,829,295,534
S01012868,778,79,699
S01012869,546,234,312
S01012870,915,762,153
S01012871,912,392,520
S01012872,885,131,754
S01012873,936,333,603
S01012874,889,543,346
S01012875,645,323,322
S01012876,933,615,318
S01012877,726,598,128
S01012878,925,816,109
S01012879,1057,821,236
S01012880,1039,916,123
S01012881,1370,958,412
S01012882,1198,814,384
S01012883,968,323,645
S01012884,617,274,343
S01012885,790,319,471
S01012886,925,812,113
S01012887,734,534,200
S01012888,948,774,174
S01012889,1197,1045,152
S01012890,809,632,177
S01012891,742,598,144
S01012892,1194,674,520
S01012893,1007,427,580
S01012894,921,859,62
S01012895,673,631,42
S01012896,1009,374,635
S01012897,1690,1639,51
S01012898,1041,1024,17
S01012899,701,339,362
S01012900,1184,1044,140
S01012901,2017,1709,308
S01012902,992,644,348
S01012903,949,582,367
S01012904,989,599,390
S01012905,906,732,174
S01012906,1072,702,370
S01012907,1060,745,315
S01012908,1094,776,318
S01012909,906,634,272
S01012910,1258,802,456
S01012911,799,567,232
S01012912,1337,920,417
S01012913,985,675,310
S01012914,1105,768,337
S01012915,1055,808,247
S01012916,929,720,209
S01012917,717,698,19
S01012918,852,575,277
S01012919,455,352,103
S01012920,571,469,102
S01012921,705,473,232
S01012922,1011,809,202
S01012923,1112,918,194
S01012924,567,424,143
S01012925,604,514,90
S01012926,697,465,232
S01012927,772,595,177
S01012928,1035,790,245
S01012929,918,759,159
S01012930,938,428,510
S01012931,1145,673,472
S01012932,625,568,57
S01012933,864,728,136
S01012934,823,521,302
S01012935,1487,1230,257
S01012936,885,457,428
S01012937,846,608,238
S01012938,843,778,65
S01012939,829,814,15
S01012940,817,720,97
S01012941,789,777,12
S01012942,902,682,220
S01012943,872,796,76
S01012944,725,715,10
S01012945,724,693,31
S01012946,861,730,131
S01012947,578,565,13
S01012948,1064,1047,17
S01012949,1390,1311,79
S01012950,1764,1537,227
S01012951,1068,1006,62
S01012952,1554,1406,148
S01012953,685,631,54
S01012954,485,470,15
S01012955,1183,975,208
S01012956,926,705,221
S01012957,791,653,138
S01012958,502,494,8
S01012959,572,535,37
S01012960,733,712,21
S01012961,973,942,31
S01012962,922,888,34
S01012963,1174,1160,14
S01012964,1517,1447,70
S01012965,781,685,96
S01012966,952,923,29
S01012967,889,877,12
S01012968,829,701,128
S01012969,958,760,198
S01012970,839,822,17
S01012971,1041,951,90
S01012972,932,803,129
S01012973,904,805,99
S01012974,1114,860,254
S01012975,782,634,148
S01012976,675,584,91
S01012977,875,705,170
S01012978,952,783,169
S01012979,847,778,69
S01012980,806,441,365
S01012981,874,579,295
S01012982,820,513,307
S01012983,745,655,90
S01012984,784,589,195
S01012985,869,726,143
S01012986,995,538,457
S01012987,1053,734,319
S01012988,1115,767,348
S01012989,1141,886,255
S01012990,1130,773,357
S01012991,1098,735,363
S01012992,1063,760,303
S01012993,1003,497,506
S01012994,949,437,512
S01012995,795,779,16
S01012996,885,770,115
S01012997,605,488,117
S01012998,1238,982,256
S01012999,776,622,154
S01013000,1104,806,298
S01013001,381,349,32
S01013002,714,656,58
S01013003,736,728,8
S01013004,975,924,51
S01013005,711,659,52
S01013006,909,852,57
S01013007,1219,1020,199
S01013008,1217,1130,87
S01013009,820,769,51
S01013010,650,620,30
S01013011,945,851,94
S01013012,1183,975,208
S01013013,1011,952,59
S01013014,789,689,100
S01013015,760,703,57
S01013016,991,936,55
S01013017,1120,1021,99
S01013018,1167,1118,49
S01013019,1534,1226,308
S01013020,1031,927,104
S01013021,1231,1100,131
S01013022,407,333,74
S01013023,947,882,65
S01013024,628,553,75
S01013025,1279,1130,149
S01013026,900,742,158
S01013027,1560,1458,102
S01013028,942,919,23
S01013029,692,641,51
S01013030,1221,1196,25
S01013031,635,592,43
S01013032,635,599,36
S01013033,774,670,104
S01013034,808,763,45
S01013035,814,767,47
S01013036,923,892,31
S01013037,1112,973,139
S01013038,1242,947,295
S01013039,527,514,13
S01013040,628,436,192
S01013041,587,499,88
S01013042,898,854,44
S01013043,815,791,24
S01013044,1134,1049,85
S01013045,713,669,44
S01013046,649,567,82
S01013047,931,902,29
S01013048,1170,925,245
S01013049,1037,916,121
S01013050,852,661,191
S01013051,931,732,199
S01013052,738,600,138
S01013053,1040,539,501
S01013054,961,853,108
S01013055,754,552,202
S01013056,1279,1039,240
S01013057,996,684,312
S01013058,564,550,14
S01013059,1156,811,345
S01013060,593,383,210
S01013061,1078,1003,75
S01013062,1028,575,453
S01013063,879,532,347
S01013064,1189,1128,61
S01013065,1166,727,439
S01013066,784,595,189
S01013067,1320,182,1138
S01013068,1508,418,1090
S01013069,964,218,746
S01013070,884,140,744
S01013071,815,47,768
S01013072,876,596,280
S01013073,1104,520,584
S01013074,1525,477,1048
S01013075,866,240,626
S01013076,644,535,109
S01013077,717,539,178
S01013078,800,615,185
S01013079,1222,1104,118
S01013080,1121,922,199
S01013081,708,629,79
S01013082,1311,1223,88
S01013083,921,824,97
S01013084,1004,862,142
S01013085,888,677,211
S01013086,1021,465,556
S01013087,918,652,266
S01013088,927,820,107
S01013089,837,502,335
S01013090,1346,484,862
S01013091,840,219,621
S01013092,1335,718,617
S01013093,470,439,31
S01013094,748,725,23
S01013095,1901,1857,44
S01013096,572,516,56
S01013097,1743,1635,108
S01013098,59,50,9
S01013099,854,551,303
S01013100,958,769,189
S01013101,1672,1217,455
S01013102,706,592,114
S01013103,863,857,6
S01013104,1087,1044,43
S01013105,889,714,175
S01013106,1007,779,228
S01013107,854,832,22
S01013108,668,540,128
S01013109,1535,1360,175
S01013110,597,568,29
S01013111,733,679,54
S01013112,887,748,139
S01013113,1026,961,65
S01013114,1369,1181,188
S01013115,876,532,344
S01013116,917,741,176
S01013117,995,815,180
S01013118,927,849,78
S01013119,744,702,42
S01013120,1090,956,134
S01013121,391,354,37
S01013122,862,179,683
S01013123,925,305,620
S01013124,1123,399,724
S01013125,859,494,365
S01013126,978,404,574
S01013127,1128,496,632
S01013128,993,141,852
S01013129,1276,598,678
S01013130,980,237,743
S01013131,917,359,558
S01013132,705,250,455
S01013133,842,266,576
S01013134,840,547,293
S01013135,1025,291,734
S01013136,1157,424,733
S01013137,990,677,313
S01013138,903,201,702
S01013139,1115,490,625
S01013140,1083,657,426
S01013141,647,220,427
S01013142,1054,245,809
S01013143,1023,413,610
S01013144,894,344,550
S01013145,919,338,581
S01013146,558,192,366
S01013147,799,604,195
S01013148,1044,517,527
S01013149,824,288,536
S01013150,846,573,273
S01013151,566,367,199
S01013152,1359,956,403
S01013153,987,465,522
S01013154,1358,653,705
S01013155,908,119,789
S01013156,1079,430,649
S01013157,1243,422,821
S01013158,811,770,41
S01013159,844,785,59
S01013160,961,930,31
S01013161,1021,436,585
S01013162,1141,565,576
S01013163,834,713,121
S01013164,1203,683,520
S01013165,1270,826,444
S01013166,779,174,605
S01013167,1192,385,807
S01013168,1036,703,333
S01013169,776,326,450
S01013170,1251,734,517
S01013171,787,684,103
S01013172,853,648,205
S01013173,799,511,288
S01013174,1142,997,145
S01013175,837,710,127
S01013176,982,455,527
S01013177,1070,651,419
S01013178,719,241,478
S01013179,1398,1025,373
S01013180,434,414,20
S01013181,959,874,85
S01013182,836,426,410
S01013183,1016,932,84
S01013184,572,202,370
S01013185,1047,500,547
S01013186,734,370,364
S01013187,957,557,400
S01013188,1010,847,163
S01013189,821,766,55
S01013190,897,479,418
S01013191,1055,978,77
S01013192,1019,610,409
S01013193,649,229,420
S01013194,1201,440,761
S01013195,977,241,736
S01013196,680,159,521
S01013197,555,380,175
S01013198,851,483,368
S01013199,897,394,503
S01013200,925,462,463
S01013201,815,359,456
S01013202,552,344,208
S01013203,1014,766,248
S01013204,1040,958,82
S01013205,766,685,81
S01013206,883,707,176
S01013207,1149,792,357
S01013208,753,467,286
S01013209,1018,414,604
S01013210,784,456,328
S01013211,958,553,405
S01013212,852,825,27
S01013213,939,916,23
S01013214,438,431,7
S01013215,762,506,256
S01013216,813,701,112
S01013217,803,739,64
S01013218,754,713,41
S01013219,661,642,19
S01013220,892,689,203
S01013221,937,755,182
S01013222,690,401,289
S01013223,1379,537,842
S01013224,1110,706,404
S01013225,1221,876,345
S01013226,797,573,224
S01013227,586,290,296
S01013228,810,246,564
S01013229,999,671,328
S01013230,898,682,216
S01013231,1296,935,361
S01013232,779,490,289
S01013233,579,429,150
S01013234,640,594,46
S01013235,1051,779,272
S01013236,981,829,152
S01013237,1022,769,253
S01013238,1057,754,303
S01013239,941,754,187
S01013240,758,431,327
S01013241,809,795,14
S01013242,647,601,46
S01013243,815,620,195
S01013244,1219,875,344
S01013245,1009,895,114
S01013246,467,442,25
S01013247,912,517,395
S01013248,710,471,239
S01013249,1091,979,112
S01013250,1417,1294,123
S01013251,993,597,396
S01013252,1161,1020,141
S01013253,856,771,85
S01013254,866,597,269
S01013255,1114,984,130
S01013256,976,693,283
S01013257,1031,650,381
S01013258,978,793,185
S01013259,1313,1030,283
S01013260,880,656,224
S01013261,1187,1081,106
S01013262,827,784,43
S01013263,1125,1086,39
S01013264,290,290,0
S01013265,979,941,38
S01013266,416,415,1
S01013267,787,771,16
S01013268,1222,1189,33
S01013269,1132,1000,132
S01013270,829,829,0
S01013271,1221,1215,6
S01013272,1198,1185,13
S01013273,942,942,0
S01013274,938,902,36
S01013275,1069,1055,14
S01013276,979,943,36
S01013277,889,865,24
S01013278,1015,965,50
S01013279,875,681,194
S01013280,817,712,105
S01013281,963,901,62
S01013282,827,657,170
S01013283,1116,706,410
S01013284,651,581,70
S01013285,764,658,106
S01013286,764,745,19
S01013287,783,778,5
S01013288,714,557,157
S01013289,1029,1012,17
S01013290,1170,1098,72
S01013291,1201,1164,37
S01013292,846,793,53
S01013293,853,834,19
S01013294,866,770,96
S01013295,885,824,61
S01013296,871,769,102
S01013297,1163,1005,158
S01013298,763,702,61
S01013299,1308,1161,147
S01013300,1212,1045,167
S01013301,676,648,28
S01013302,1448,1406,42
S01013303,1548,1236,312
S01013304,1014,726,288
S01013305,952,690,262
S01013306,1012,528,484
S01013307,1197,883,314
S01013308,1328,1121,207
S01013309,880,739,141
S01013310,649,638,11
S01013311,1181,920,261
S01013312,1593,1162,431
S01013313,692,553,139
S01013314,834,746,88
S01013315,267,239,28
S01013316,692,654,38
S01013317,665,584,81
S01013318,709,662,47
S01013319,866,835,31
S01013320,744,661,83
S01013321,500,348,152
S01013322,724,697,27
S01013323,947,785,162
S01013324,1019,927,92
S01013325,1297,896,401
S01013326,969,823,146
S01013327,868,833,35
S01013328,740,717,23
S01013329,538,519,19
S01013330,993,730,263
S01013331,647,493,154
S01013332,825,811,14
S01013333,1128,1046,82
S01013334,787,744,43
S01013335,1018,991,27
S01013336,1041,986,55
S01013337,2887,2743,144
S01013338,407,401,6
S01013339,863,836,27
S01013340,1315,1272,43
S01013341,898,647,251
S01013342,822,667,155
S01013343,757,734,23
S01013344,1380,1274,106
S01013345,855,837,18
S01013346,914,895,19
S01013347,691,621,70
S01013348,1530,1427,103
S01013349,1047,549,498
S01013350,1447,941,506
S01013351,784,756,28
S01013352,1013,982,31
S01013353,1113,1063,50
S01013354,885,831,54
S01013355,932,838,94
S01013356,972,822,150
S01013357,1103,987,116
S01013358,977,740,237
S01013359,621,289,332
S01013360,687,605,82
S01013361,1398,1148,250
S01013362,583,472,111
S01013363,1134,712,422
S01013364,788,756,32
S01013365,1189,1090,99
S01013366,635,631,4
S01013367,741,702,39
S01013368,891,765,126
S01013369,911,374,537
S01013370,869,629,240
S01013371,856,749,107
S01013372,1148,750,398
S01013373,1347,985,362
S01013374,1080,413,667
S01013375,676,541,135
S01013376,661,483,178
S01013377,772,587,185
S01013378,1052,706,346
S01013379,1156,1060,96
S01013380,1361,1255,106
S01013381,750,734,16
S01013382,992,905,87
S01013383,808,528,280
S01013384,1148,996,152
S01013385,689,672,17
S01013386,800,767,33
S01013387,740,663,77
S01013388,737,632,105
S01013389,975,775,200
S01013390,548,494,54
S01013391,1017,974,43
S01013392,1077,1037,40
S01013393,1904,1615,289
S01013394,742,495,247
S01013395,1518,806,712
S01013396,1197,916,281
S01013397,945,843,102
S01013398,234,232,2
S01013399,1109,1081,28
S01013400,637,413,224
S01013401,3730,3108,622
S01013402,194,31,163
S01013403,96,96,0
S01013404,4304,3512,792
S01013405,663,608,55
S01013406,708,643,65
S01013407,1820,1656,164
S01013408,837,702,135
S01013409,1286,1165,121
S01013410,596,379,217
S01013411,940,710,230
S01013412,797,528,269
S01013413,1030,764,266
S01013414,902,330,572
S01013415,852,304,548
S01013416,576,394,182
S01013417,812,443,369
S01013418,519,490,29
S01013419,562,528,34
S01013420,1257,1084,173
S01013421,932,904,28
S01013422,968,945,23
S01013423,888,836,52
S01013424,804,778,26
S01013425,429,336,93
S01013426,891,834,57
S01013427,746,630,116
S01013428,1613,1341,272
S01013429,1520,1405,115
S01013430,1786,1744,42
S01013431,1008,892,116
S01013432,796,754,42
S01013433,746,714,32
S01013434,534,509,25
S01013435,786,750,36
S01013436,1005,980,25
S01013437,792,499,293
S01013438,709,317,392
S01013439,899,886,13
S01013440,1281,1265,16
S01013441,866,685,181
S01013442,907,680,227
S01013443,635,415,220
S01013444,1209,395,814
S01013445,624,520,104
S01013446,713,655,58
S01013447,645,598,47
S01013448,1091,831,260
S01013449,782,751,31
S01013450,822,784,38
S01013451,871,860,11
S01013452,629,585,44
S01013453,1018,619,399
S01013454,753,667,86
S01013455,560,446,114
S01013456,1044,818,226
S01013457,1021,657,364
S01013458,832,566,266
S01013459,986,442,544
S01013460,1021,827,194
S01013461,1198,1057,141
S01013462,947,802,145
S01013463,997,846,151
S01013464,805,747,58
S01013465,785,696,89
S01013466,295,268,27
S01013467,950,942,8
S01013468,622,397,225
S01013469,1002,835,167
S01013470,964,560,404
S01013471,935,835,100
S01013472,1197,997,200
S01013473,525,415,110
S01013474,756,677,79
S01013475,1626,1535,91
S01013476,626,488,138
S01013477,993,638,355
S01013478,902,661,241
S01013479,1029,647,382
S01013480,671,632,39
S01013481,1285,1210,75
