dz_2011,total,some,none
S01006506,424,351,73
S01006507,447,368,79
S01006508,451,405,46
S01006509,325,257,68
S01006510,301,243,58
S01006511,409,364,45
S01006512,129,124,5
S01006513,425,399,26
S01006514,414,399,15
S01006515,414,400,14
S01006516,325,305,20
S01006517,403,364,39
S01006518,331,316,15
S01006519,281,280,1
S01006520,271,267,4
S01006521,273,265,8
S01006522,218,207,11
S01006523,622,545,77
S01006524,459,378,81
S01006525,463,442,21
S01006526,650,417,233
S01006527,547,371,176
S01006528,467,304,163
S01006529,592,361,231
S01006530,556,327,229
S01006531,579,332,247
S01006532,496,370,126
S01006533,378,333,45
S01006534,398,347,51
S01006535,605,450,155
S01006536,808,510,298
S01006537,385,351,34
S01006538,288,264,24
S01006539,463,373,90
S01006540,602,486,116
S01006541,467,355,112
S01006542,496,435,61
S01006543,482,430,52
S01006544,676,607,69
S01006545,714,500,214
S01006546,514,466,48
S01006547,726,510,216
S01006548,312,281,31
S01006549,409,371,38
S01006550,496,463,33
S01006551,513,346,167
S01006552,579,490,89
S01006553,494,372,122
S01006554,447,332,115
S01006555,471,289,182
S01006556,459,295,164
S01006557,385,249,136
S01006558,457,335,122
S01006559,313,256,57
S01006560,432,339,93
S01006561,365,325,40
S01006562,439,352,87
S01006563,453,376,77
S01006564,715,343,372
S01006565,698,343,355
S01006566,478,307,171
S01006567,726,329,397
S01006568,709,437,272
S01006569,423,264,159
S01006570,430,346,84
S01006571,615,485,130
S01006572,560,526,34
S01006573,290,272,18
S01006574,427,394,33
S01006575,488,426,62
S01006576,450,341,109
S01006577,481,375,106
S01006578,1068,680,388
S01006579,897,555,342
S01006580,504,345,159
S01006581,606,537,69
S01006582,356,181,175
S01006583,644,386,258
S01006584,523,327,196
S01006585,504,239,265
S01006586,594,235,359
S01006587,387,177,210
S01006588,523,159,364
S01006589,735,306,429
S01006590,349,201,148
S01006591,463,305,158
S01006592,362,304,58
S01006593,497,375,122
S01006594,487,331,156
S01006595,606,458,148
S01006596,443,331,112
S01006597,536,306,230
S01006598,611,552,59
S01006599,683,444,239
S01006600,754,514,240
S01006601,572,402,170
S01006602,508,396,112
S01006603,612,392,220
S01006604,409,302,107
S01006605,461,271,190
S01006606,569,424,145
S01006607,544,381,163
S01006608,602,553,49
S01006609,615,426,189
S01006610,351,196,155
S01006611,514,311,203
S01006612,428,326,102
S01006613,175,161,14
S01006614,355,342,13
S01006615,150,140,10
S01006616,337,313,24
S01006617,424,352,72
S01006618,246,217,29
S01006619,404,350,54
S01006620,483,397,86
S01006621,343,296,47
S01006622,292,270,22
S01006623,641,447,194
S01006624,481,248,233
S01006625,380,245,135
S01006626,447,223,224
S01006627,511,236,275
S01006628,811,325,486
S01006629,399,203,196
S01006630,326,183,143
S01006631,590,321,269
S01006632,529,256,273
S01006633,391,213,178
S01006634,392,175,217
S01006635,492,251,241
S01006636,504,238,266
S01006637,413,208,205
S01006638,712,286,426
S01006639,631,227,404
S01006640,419,292,127
S01006641,777,421,356
S01006642,492,239,253
S01006643,720,377,343
S01006644,595,336,259
S01006645,651,264,387
S01006646,535,233,302
S01006647,345,158,187
S01006648,770,342,428
S01006649,737,384,353
S01006650,798,413,385
S01006651,467,186,281
S01006652,465,255,210
S01006653,425,298,127
S01006654,504,265,239
S01006655,334,247,87
S01006656,595,344,251
S01006657,311,179,132
S01006658,641,339,302
S01006659,439,257,182
S01006660,393,184,209
S01006661,371,236,135
S01006662,315,155,160
S01006663,456,248,208
S01006664,237,138,99
S01006665,421,208,213
S01006666,981,458,523
S01006667,732,316,416
S01006668,413,243,170
S01006669,514,247,267
S01006670,347,165,182
S01006671,366,181,185
S01006672,366,170,196
S01006673,414,227,187
S01006674,589,251,338
S01006675,345,169,176
S01006676,427,196,231
S01006677,398,165,233
S01006678,594,294,300
S01006679,500,334,166
S01006680,461,227,234
S01006681,594,311,283
S01006682,432,198,234
S01006683,553,323,230
S01006684,481,246,235
S01006685,511,264,247
S01006686,445,277,168
S01006687,496,309,187
S01006688,574,338,236
S01006689,288,258,30
S01006690,400,280,120
S01006691,444,308,136
S01006692,412,317,95
S01006693,635,429,206
S01006694,622,322,300
S01006695,346,220,126
S01006696,532,273,259
S01006697,548,294,254
S01006698,510,286,224
S01006699,344,245,99
S01006700,641,407,234
S01006701,463,298,165
S01006702,437,283,154
S01006703,344,207,137
S01006704,390,224,166
S01006705,456,274,182
S01006706,372,231,141
S01006707,311,170,141
S01006708,426,278,148
S01006709,568,380,188
S01006710,502,359,143
S01006711,593,349,244
S01006712,296,214,82
S01006713,424,279,145
S01006714,388,269,119
S01006715,376,218,158
S01006716,242,153,89
S01006717,487,304,183
S01006718,248,158,90
S01006719,399,283,116
S01006720,303,213,90
S01006721,407,262,145
S01006722,352,234,118
S01006723,425,302,123
S01006724,495,256,239
S01006725,396,244,152
S01006726,505,241,264
S01006727,534,279,255
S01006728,391,263,128
S01006729,402,210,192
S01006730,319,232,87
S01006731,214,142,72
S01006732,524,482,42
S01006733,313,303,10
S01006734,414,400,14
S01006735,367,351,16
S01006736,470,454,16
S01006737,392,365,27
S01006738,453,359,94
S01006739,309,254,55
S01006740,503,353,150
S01006741,389,269,120
S01006742,233,154,79
S01006743,520,425,95
S01006744,329,266,63
S01006745,508,373,135
S01006746,350,264,86
S01006747,461,419,42
S01006748,503,433,70
S01006749,578,450,128
S01006750,347,261,86
S01006751,241,158,83
S01006752,386,281,105
S01006753,410,357,53
S01006754,487,451,36
S01006755,460,386,74
S01006756,386,336,50
S01006757,541,492,49
S01006758,318,295,23
S01006759,537,496,41
S01006760,288,265,23
S01006761,441,398,43
S01006762,477,360,117
S01006763,433,402,31
S01006764,345,321,24
S01006765,335,311,24
S01006766,240,221,19
S01006767,407,287,120
S01006768,212,206,6
S01006769,511,452,59
S01006770,273,253,20
S01006771,183,177,6
S01006772,555,515,40
S01006773,255,239,16
S01006774,269,256,13
S01006775,374,298,76
S01006776,347,215,132
S01006777,374,346,28
S01006778,381,318,63
S01006779,493,328,165
S01006780,403,286,117
S01006781,423,364,59
S01006782,455,394,61
S01006783,299,251,48
S01006784,344,284,60
S01006785,267,257,10
S01006786,450,407,43
S01006787,413,370,43
S01006788,258,237,21
S01006789,430,372,58
S01006790,483,378,105
S01006791,253,231,22
S01006792,300,283,17
S01006793,275,232,43
S01006794,374,319,55
S01006795,342,302,40
S01006796,309,292,17
S01006797,305,297,8
S01006798,271,261,10
S01006799,464,390,74
S01006800,360,351,9
S01006801,530,509,21
S01006802,298,256,42
S01006803,349,276,73
S01006804,510,460,50
S01006805,537,480,57
S01006806,456,421,35
S01006807,243,234,9
S01006808,394,375,19
S01006809,416,364,52
S01006810,423,375,48
S01006811,430,400,30
S01006812,338,324,14
S01006813,405,339,66
S01006814,405,374,31
S01006815,346,259,87
S01006816,391,342,49
S01006817,325,294,31
S01006818,278,265,13
S01006819,452,435,17
S01006820,253,247,6
S01006821,446,435,11
S01006822,279,273,6
S01006823,357,328,29
S01006824,320,217,103
S01006825,434,361,73
S01006826,464,430,34
S01006827,479,363,116
S01006828,540,410,130
S01006829,268,247,21
S01006830,269,233,36
S01006831,519,463,56
S01006832,424,368,56
S01006833,303,256,47
S01006834,120,112,8
S01006835,681,475,206
S01006836,210,188,22
S01006837,362,329,33
S01006838,371,336,35
S01006839,398,354,44
S01006840,445,429,16
S01006841,532,487,45
S01006842,385,346,39
S01006843,378,350,28
S01006844,332,294,38
S01006845,404,376,28
S01006846,357,327,30
S01006847,284,269,15
S01006848,483,459,24
S01006849,506,472,34
S01006850,421,366,55
S01006851,337,259,78
S01006852,229,222,7
S01006853,355,340,15
S01006854,645,615,30
S01006855,294,285,9
S01006856,368,349,19
S01006857,421,399,22
S01006858,240,234,6
S01006859,541,504,37
S01006860,330,260,70
S01006861,315,301,14
S01006862,416,355,61
S01006863,490,437,53
S01006864,72,52,20
S01006865,424,368,56
S01006866,258,240,18
S01006867,473,427,46
S01006868,364,305,59
S01006869,226,211,15
S01006870,251,231,20
S01006871,355,324,31
S01006872,585,550,35
S01006873,518,471,47
S01006874,216,212,4
S01006875,431,374,57
S01006876,446,418,28
S01006877,429,415,14
S01006878,422,377,45
S01006879,486,459,27
S01006880,296,291,5
S01006881,227,223,4
S01006882,412,309,103
S01006883,302,264,38
S01006884,458,392,66
S01006885,310,291,19
S01006886,321,302,19
S01006887,341,323,18
S01006888,362,352,10
S01006889,263,233,30
S01006890,432,386,46
S01006891,271,245,26
S01006892,266,216,50
S01006893,395,329,66
S01006894,288,212,76
S01006895,237,192,45
S01006896,337,297,40
S01006897,417,369,48
S01006898,268,233,35
S01006899,192,185,7
S01006900,185,172,13
S01006901,358,275,83
S01006902,296,239,57
S01006903,398,319,79
S01006904,262,188,74
S01006905,449,348,101
S01006906,486,303,183
S01006907,371,258,113
S01006908,477,354,123
S01006909,176,165,11
S01006910,211,205,6
S01006911,653,629,24
S01006912,97,94,3
S01006913,683,668,15
S01006914,317,305,12
S01006915,314,306,8
S01006916,153,144,9
S01006917,476,467,9
S01006918,623,595,28
S01006919,289,261,28
S01006920,387,313,74
S01006921,366,355,11
S01006922,696,676,20
S01006923,540,493,47
S01006924,292,275,17
S01006925,215,196,19
S01006926,621,600,21
S01006927,154,136,18
S01006928,1057,987,70
S01006929,610,593,17
S01006930,293,283,10
S01006931,694,670,24
S01006932,281,266,15
S01006933,326,314,12
S01006934,596,572,24
S01006935,366,342,24
S01006936,298,279,19
S01006937,343,322,21
S01006938,358,312,46
S01006939,234,227,7
S01006940,405,385,20
S01006941,535,496,39
S01006942,752,719,33
S01006943,633,606,27
S01006944,41,41,0
S01006945,370,344,26
S01006946,513,499,14
S01006947,538,518,20
S01006948,556,535,21
S01006949,291,286,5
S01006950,267,261,6
S01006951,548,489,59
S01006952,619,592,27
S01006953,568,546,22
S01006954,665,636,29
S01006955,267,230,37
S01006956,546,526,20
S01006957,608,590,18
S01006958,486,428,58
S01006959,417,287,130
S01006960,747,724,23
S01006961,784,758,26
S01006962,409,358,51
S01006963,385,357,28
S01006964,389,340,49
S01006965,216,180,36
S01006966,300,239,61
S01006967,282,269,13
S01006968,498,387,111
S01006969,439,368,71
S01006970,243,223,20
S01006971,449,356,93
S01006972,192,186,6
S01006973,257,235,22
S01006974,541,510,31
S01006975,462,439,23
S01006976,854,830,24
S01006977,998,967,31
S01006978,371,343,28
S01006979,602,539,63
S01006980,266,260,6
S01006981,321,303,18
S01006982,476,440,36
S01006983,402,364,38
S01006984,389,376,13
S01006985,576,499,77
S01006986,297,259,38
S01006987,445,380,65
S01006988,287,278,9
S01006989,311,301,10
S01006990,355,338,17
S01006991,289,237,52
S01006992,342,334,8
S01006993,280,269,11
S01006994,252,243,9
S01006995,441,430,11
S01006996,368,335,33
S01006997,292,278,14
S01006998,506,467,39
S01006999,334,331,3
S01007000,628,536,92
S01007001,554,495,59
S01007002,279,240,39
S01007003,242,227,15
S01007004,447,429,18
S01007005,401,393,8
S01007006,441,388,53
S01007007,338,325,13
S01007008,401,299,102
S01007009,617,473,144
S01007010,435,331,104
S01007011,599,393,206
S01007012,429,270,159
S01007013,511,471,40
S01007014,525,509,16
S01007015,291,283,8
S01007016,213,207,6
S01007017,498,372,126
S01007018,520,455,65
S01007019,488,385,103
S01007020,666,497,169
S01007021,616,489,127
S01007022,346,312,34
S01007023,289,258,31
S01007024,472,440,32
S01007025,517,399,118
S01007026,464,362,102
S01007027,587,479,108
S01007028,589,550,39
S01007029,261,251,10
S01007030,414,345,69
S01007031,285,232,53
S01007032,588,360,228
S01007033,493,352,141
S01007034,483,326,157
S01007035,429,266,163
S01007036,471,382,89
S01007037,512,384,128
S01007038,373,285,88
S01007039,412,313,99
S01007040,538,433,105
S01007041,410,318,92
S01007042,416,359,57
S01007043,430,416,14
S01007044,441,386,55
S01007045,375,354,21
S01007046,259,237,22
S01007047,428,374,54
S01007048,528,492,36
S01007049,450,362,88
S01007050,444,389,55
S01007051,431,389,42
S01007052,233,218,15
S01007053,316,296,20
S01007054,501,413,88
S01007055,196,189,7
S01007056,328,306,22
S01007057,382,326,56
S01007058,370,273,97
S01007059,564,494,70
S01007060,231,187,44
S01007061,442,429,13
S01007062,303,294,9
S01007063,603,548,55
S01007064,300,279,21
S01007065,398,363,35
S01007066,252,237,15
S01007067,559,506,53
S01007068,312,240,72
S01007069,410,330,80
S01007070,347,271,76
S01007071,517,464,53
S01007072,519,485,34
S01007073,543,468,75
S01007074,462,367,95
S01007075,373,273,100
S01007076,402,346,56
S01007077,352,278,74
S01007078,454,316,138
S01007079,636,410,226
S01007080,386,230,156
S01007081,419,273,146
S01007082,300,184,116
S01007083,451,252,199
S01007084,413,280,133
S01007085,539,309,230
S01007086,678,310,368
S01007087,482,242,240
S01007088,285,149,136
S01007089,217,209,8
S01007090,243,219,24
S01007091,466,414,52
S01007092,307,210,97
S01007093,417,369,48
S01007094,813,716,97
S01007095,281,274,7
S01007096,447,407,40
S01007097,776,706,70
S01007098,568,516,52
S01007099,338,307,31
S01007100,357,336,21
S01007101,529,460,69
S01007102,319,302,17
S01007103,330,269,61
S01007104,197,184,13
S01007105,284,230,54
S01007106,393,319,74
S01007107,283,269,14
S01007108,434,378,56
S01007109,599,486,113
S01007110,438,344,94
S01007111,229,188,41
S01007112,375,326,49
S01007113,338,263,75
S01007114,378,301,77
S01007115,261,234,27
S01007116,432,403,29
S01007117,210,200,10
S01007118,356,261,95
S01007119,395,283,112
S01007120,510,334,176
S01007121,404,194,210
S01007122,287,190,97
S01007123,470,297,173
S01007124,452,363,89
S01007125,351,243,108
S01007126,465,262,203
S01007127,446,234,212
S01007128,464,297,167
S01007129,374,352,22
S01007130,307,267,40
S01007131,459,409,50
S01007132,297,270,27
S01007133,262,247,15
S01007134,372,336,36
S01007135,322,310,12
S01007136,244,240,4
S01007137,294,284,10
S01007138,365,347,18
S01007139,324,301,23
S01007140,405,380,25
S01007141,402,387,15
S01007142,75,74,1
S01007143,400,385,15
S01007144,856,791,65
S01007145,408,331,77
S01007146,391,299,92
S01007147,363,321,42
S01007148,204,194,10
S01007149,357,328,29
S01007150,350,292,58
S01007151,450,416,34
S01007152,338,276,62
S01007153,424,333,91
S01007154,528,354,174
S01007155,350,262,88
S01007156,470,405,65
S01007157,318,260,58
S01007158,437,379,58
S01007159,454,330,124
S01007160,431,321,110
S01007161,448,351,97
S01007162,311,211,100
S01007163,456,362,94
S01007164,346,275,71
S01007165,386,321,65
S01007166,498,415,83
S01007167,331,290,41
S01007168,415,373,42
S01007169,366,297,69
S01007170,312,296,16
S01007171,448,388,60
S01007172,492,472,20
S01007173,212,187,25
S01007174,337,262,75
S01007175,358,271,87
S01007176,482,340,142
S01007177,386,231,155
S01007178,498,283,215
S01007179,536,492,44
S01007180,449,364,85
S01007181,447,348,99
S01007182,640,455,185
S01007183,683,434,249
S01007184,594,322,272
S01007185,489,246,243
S01007186,422,193,229
S01007187,498,225,273
S01007188,441,261,180
S01007189,530,252,278
S01007190,467,315,152
S01007191,329,204,125
S01007192,364,250,114
S01007193,345,234,111
S01007194,276,137,139
S01007195,432,319,113
S01007196,374,266,108
S01007197,330,179,151
S01007198,229,129,100
S01007199,441,241,200
S01007200,405,277,128
S01007201,482,324,158
S01007202,350,224,126
S01007203,336,263,73
S01007204,468,428,40
S01007205,336,302,34
S01007206,212,142,70
S01007207,477,387,90
S01007208,550,277,273
S01007209,425,236,189
S01007210,535,294,241
S01007211,498,264,234
S01007212,406,293,113
S01007213,423,303,120
S01007214,547,298,249
S01007215,493,300,193
S01007216,344,280,64
S01007217,549,386,163
S01007218,416,364,52
S01007219,501,375,126
S01007220,370,245,125
S01007221,444,410,34
S01007222,448,361,87
S01007223,279,253,26
S01007224,336,275,61
S01007225,496,473,23
S01007226,408,387,21
S01007227,657,579,78
S01007228,330,307,23
S01007229,511,484,27
S01007230,611,421,190
S01007231,440,239,201
S01007232,381,215,166
S01007233,347,262,85
S01007234,263,193,70
S01007235,574,379,195
S01007236,561,399,162
S01007237,372,297,75
S01007238,461,365,96
S01007239,602,532,70
S01007240,233,222,11
S01007241,497,457,40
S01007242,503,434,69
S01007243,585,523,62
S01007244,303,281,22
S01007245,350,301,49
S01007246,356,325,31
S01007247,465,434,31
S01007248,439,403,36
S01007249,249,212,37
S01007250,432,321,111
S01007251,400,287,113
S01007252,360,301,59
S01007253,358,310,48
S01007254,462,310,152
S01007255,480,304,176
S01007256,476,303,173
S01007257,440,267,173
S01007258,410,277,133
S01007259,506,318,188
S01007260,550,337,213
S01007261,463,390,73
S01007262,301,212,89
S01007263,511,391,120
S01007264,379,277,102
S01007265,537,334,203
S01007266,363,303,60
S01007267,260,250,10
S01007268,249,238,11
S01007269,287,261,26
S01007270,205,184,21
S01007271,521,412,109
S01007272,558,383,175
S01007273,337,279,58
S01007274,493,329,164
S01007275,306,248,58
S01007276,518,421,97
S01007277,396,359,37
S01007278,397,371,26
S01007279,287,273,14
S01007280,278,261,17
S01007281,443,426,17
S01007282,228,218,10
S01007283,482,402,80
S01007284,403,352,51
S01007285,504,449,55
S01007286,665,543,122
S01007287,281,231,50
S01007288,309,276,33
S01007289,404,361,43
S01007290,449,326,123
S01007291,277,187,90
S01007292,320,280,40
S01007293,424,283,141
S01007294,432,321,111
S01007295,382,167,215
S01007296,354,206,148
S01007297,552,398,154
S01007298,244,189,55
S01007299,454,312,142
S01007300,328,187,141
S01007301,368,331,37
S01007302,355,273,82
S01007303,459,413,46
S01007304,310,283,27
S01007305,418,382,36
S01007306,552,499,53
S01007307,452,414,38
S01007308,374,337,37
S01007309,360,334,26
S01007310,406,356,50
S01007311,418,355,63
S01007312,396,350,46
S01007313,436,398,38
S01007314,396,360,36
S01007315,434,346,88
S01007316,584,399,185
S01007317,492,408,84
S01007318,274,221,53
S01007319,430,340,90
S01007320,425,387,38
S01007321,271,252,19
S01007322,423,325,98
S01007323,227,174,53
S01007324,167,137,30
S01007325,393,337,56
S01007326,456,399,57
S01007327,397,305,92
S01007328,487,371,116
S01007329,314,269,45
S01007330,375,321,54
S01007331,461,398,63
S01007332,261,240,21
S01007333,520,405,115
S01007334,498,265,233
S01007335,454,266,188
S01007336,430,231,199
S01007337,380,194,186
S01007338,439,355,84
S01007339,410,334,76
S01007340,356,237,119
S01007341,440,318,122
S01007342,359,328,31
S01007343,302,259,43
S01007344,293,203,90
S01007345,372,142,230
S01007346,566,170,396
S01007347,609,301,308
S01007348,359,184,175
S01007349,328,167,161
S01007350,373,192,181
S01007351,355,291,64
S01007352,230,216,14
S01007353,355,306,49
S01007354,403,335,68
S01007355,621,538,83
S01007356,350,297,53
S01007357,388,335,53
S01007358,596,540,56
S01007359,449,356,93
S01007360,416,328,88
S01007361,507,381,126
S01007362,509,399,110
S01007363,508,325,183
S01007364,493,297,196
S01007365,215,157,58
S01007366,314,146,168
S01007367,336,182,154
S01007368,290,170,120
S01007369,542,355,187
S01007370,495,279,216
S01007371,437,299,138
S01007372,527,449,78
S01007373,320,290,30
S01007374,346,298,48
S01007375,216,192,24
S01007376,439,320,119
S01007377,279,259,20
S01007378,352,307,45
S01007379,435,335,100
S01007380,348,290,58
S01007381,191,180,11
S01007382,444,391,53
S01007383,349,304,45
S01007384,476,413,63
S01007385,563,454,109
S01007386,337,312,25
S01007387,312,304,8
S01007388,279,266,13
S01007389,264,210,54
S01007390,253,197,56
S01007391,263,251,12
S01007392,200,189,11
S01007393,395,308,87
S01007394,377,272,105
S01007395,650,359,291
S01007396,643,370,273
S01007397,443,347,96
S01007398,326,193,133
S01007399,422,176,246
S01007400,428,297,131
S01007401,322,271,51
S01007402,302,267,35
S01007403,316,291,25
S01007404,254,238,16
S01007405,359,318,41
S01007406,406,382,24
S01007407,469,419,50
S01007408,377,320,57
S01007409,269,234,35
S01007410,437,264,173
S01007411,516,281,235
S01007412,257,168,89
S01007413,402,359,43
S01007414,308,286,22
S01007415,374,258,116
S01007416,223,148,75
S01007417,94,71,23
S01007418,392,294,98
S01007419,394,278,116
S01007420,1548,1391,157
S01007421,584,511,73
S01007422,363,291,72
S01007423,189,139,50
S01007424,340,310,30
S01007425,421,338,83
S01007426,433,291,142
S01007427,367,251,116
S01007428,522,369,153
S01007429,454,323,131
S01007430,251,203,48
S01007431,269,244,25
S01007432,354,286,68
S01007433,489,390,99
S01007434,293,200,93
S01007435,373,301,72
S01007436,528,350,178
S01007437,297,203,94
S01007438,338,236,102
S01007439,428,331,97
S01007440,348,277,71
S01007441,275,253,22
S01007442,354,338,16
S01007443,452,379,73
S01007444,643,555,88
S01007445,286,270,16
S01007446,293,270,23
S01007447,290,278,12
S01007448,489,451,38
S01007449,530,403,127
S01007450,596,413,183
S01007451,283,227,56
S01007452,551,451,100
S01007453,54,26,28
S01007454,190,160,30
S01007455,388,248,140
S01007456,485,310,175
S01007457,465,322,143
S01007458,343,307,36
S01007459,395,320,75
S01007460,434,316,118
S01007461,500,261,239
S01007462,468,334,134
S01007463,453,247,206
S01007464,485,239,246
S01007465,380,180,200
S01007466,657,292,365
S01007467,548,338,210
S01007468,496,436,60
S01007469,250,188,62
S01007470,335,205,130
S01007471,203,141,62
S01007472,524,336,188
S01007473,402,313,89
S01007474,290,260,30
S01007475,257,210,47
S01007476,359,287,72
S01007477,353,280,73
S01007478,545,377,168
S01007479,222,159,63
S01007480,563,473,90
S01007481,459,415,44
S01007482,348,238,110
S01007483,425,325,100
S01007484,421,249,172
S01007485,384,216,168
S01007486,426,181,245
S01007487,644,327,317
S01007488,560,388,172
S01007489,406,303,103
S01007490,513,324,189
S01007491,452,332,120
S01007492,332,236,96
S01007493,473,351,122
S01007494,341,285,56
S01007495,345,313,32
S01007496,529,425,104
S01007497,264,220,44
S01007498,504,389,115
S01007499,358,308,50
S01007500,360,305,55
S01007501,325,280,45
S01007502,304,273,31
S01007503,527,428,99
S01007504,524,469,55
S01007505,220,200,20
S01007506,237,225,12
S01007507,715,594,121
S01007508,329,277,52
S01007509,313,282,31
S01007510,459,398,61
S01007511,504,389,115
S01007512,247,217,30
S01007513,581,444,137
S01007514,294,210,84
S01007515,294,242,52
S01007516,350,250,100
S01007517,263,208,55
S01007518,470,348,122
S01007519,245,228,17
S01007520,446,362,84
S01007521,307,285,22
S01007522,546,438,108
S01007523,229,209,20
S01007524,385,361,24
S01007525,237,195,42
S01007526,472,314,158
S01007527,651,565,86
S01007528,465,330,135
S01007529,393,358,35
S01007530,223,213,10
S01007531,344,308,36
S01007532,248,224,24
S01007533,382,328,54
S01007534,668,495,173
S01007535,446,338,108
S01007536,480,369,111
S01007537,787,601,186
S01007538,427,387,40
S01007539,406,351,55
S01007540,450,294,156
S01007541,542,453,89
S01007542,463,340,123
S01007543,582,446,136
S01007544,579,542,37
S01007545,646,590,56
S01007546,264,250,14
S01007547,239,221,18
S01007548,410,368,42
S01007549,366,320,46
S01007550,591,524,67
S01007551,608,564,44
S01007552,457,299,158
S01007553,452,299,153
S01007554,390,243,147
S01007555,341,277,64
S01007556,335,212,123
S01007557,478,316,162
S01007558,213,200,13
S01007559,364,328,36
S01007560,541,438,103
S01007561,532,414,118
S01007562,365,333,32
S01007563,485,432,53
S01007564,547,500,47
S01007565,471,415,56
S01007566,318,295,23
S01007567,233,224,9
S01007568,330,300,30
S01007569,514,469,45
S01007570,466,399,67
S01007571,240,227,13
S01007572,655,572,83
S01007573,44,38,6
S01007574,927,738,189
S01007575,452,216,236
S01007576,488,206,282
S01007577,391,206,185
S01007578,380,205,175
S01007579,298,173,125
S01007580,347,211,136
S01007581,256,158,98
S01007582,386,250,136
S01007583,653,320,333
S01007584,471,280,191
S01007585,507,386,121
S01007586,505,312,193
S01007587,306,218,88
S01007588,384,329,55
S01007589,602,404,198
S01007590,289,247,42
S01007591,550,401,149
S01007592,561,365,196
S01007593,477,399,78
S01007594,334,297,37
S01007595,443,382,61
S01007596,347,302,45
S01007597,254,240,14
S01007598,462,416,46
S01007599,361,294,67
S01007600,459,359,100
S01007601,300,253,47
S01007602,390,353,37
S01007603,370,340,30
S01007604,437,399,38
S01007605,496,447,49
S01007606,314,255,59
S01007607,390,349,41
S01007608,410,361,49
S01007609,495,317,178
S01007610,384,215,169
S01007611,704,354,350
S01007612,609,289,320
S01007613,452,365,87
S01007614,484,440,44
S01007615,640,491,149
S01007616,470,329,141
S01007617,299,225,74
S01007618,357,246,111
S01007619,328,220,108
S01007620,376,345,31
S01007621,422,346,76
S01007622,553,472,81
S01007623,250,224,26
S01007624,302,268,34
S01007625,304,263,41
S01007626,269,251,18
S01007627,251,204,47
S01007628,407,330,77
S01007629,345,314,31
S01007630,338,317,21
S01007631,269,251,18
S01007632,743,626,117
S01007633,687,590,97
S01007634,346,307,39
S01007635,429,379,50
S01007636,655,511,144
S01007637,641,450,191
S01007638,522,350,172
S01007639,451,341,110
S01007640,303,283,20
S01007641,369,307,62
S01007642,558,442,116
S01007643,505,384,121
S01007644,491,402,89
S01007645,382,370,12
S01007646,260,227,33
S01007647,496,381,115
S01007648,559,411,148
S01007649,339,251,88
S01007650,463,418,45
S01007651,282,267,15
S01007652,378,333,45
S01007653,490,441,49
S01007654,541,447,94
S01007655,341,327,14
S01007656,393,365,28
S01007657,243,230,13
S01007658,307,274,33
S01007659,477,399,78
S01007660,601,404,197
S01007661,441,324,117
S01007662,575,372,203
S01007663,514,373,141
S01007664,283,163,120
S01007665,324,241,83
S01007666,198,176,22
S01007667,283,255,28
S01007668,547,366,181
S01007669,268,154,114
S01007670,468,315,153
S01007671,341,320,21
S01007672,449,408,41
S01007673,304,256,48
S01007674,515,390,125
S01007675,332,283,49
S01007676,232,223,9
S01007677,107,97,10
S01007678,380,266,114
S01007679,463,318,145
S01007680,386,354,32
S01007681,239,190,49
S01007682,453,384,69
S01007683,444,375,69
S01007684,508,445,63
S01007685,385,348,37
S01007686,517,400,117
S01007687,429,311,118
S01007688,648,342,306
S01007689,288,153,135
S01007690,540,277,263
S01007691,847,335,512
S01007692,494,261,233
S01007693,554,170,384
S01007694,474,203,271
S01007695,663,281,382
S01007696,586,239,347
S01007697,816,382,434
S01007698,728,314,414
S01007699,454,171,283
S01007700,450,341,109
S01007701,272,75,197
S01007702,375,204,171
S01007703,627,346,281
S01007704,720,218,502
S01007705,410,117,293
S01007706,509,147,362
S01007707,675,445,230
S01007708,587,288,299
S01007709,455,169,286
S01007710,1215,616,599
S01007711,647,221,426
S01007712,538,205,333
S01007713,285,134,151
S01007714,321,178,143
S01007715,402,145,257
S01007716,706,242,464
S01007717,567,226,341
S01007718,640,246,394
S01007719,952,443,509
S01007720,577,368,209
S01007721,636,321,315
S01007722,613,238,375
S01007723,648,219,429
S01007724,444,166,278
S01007725,839,306,533
S01007726,506,198,308
S01007727,591,228,363
S01007728,706,271,435
S01007729,588,261,327
S01007730,578,301,277
S01007731,396,203,193
S01007732,523,224,299
S01007733,338,268,70
S01007734,384,309,75
S01007735,359,304,55
S01007736,350,277,73
S01007737,598,354,244
S01007738,565,378,187
S01007739,462,228,234
S01007740,337,231,106
S01007741,512,270,242
S01007742,375,255,120
S01007743,457,235,222
S01007744,403,155,248
S01007745,533,237,296
S01007746,409,233,176
S01007747,401,194,207
S01007748,369,136,233
S01007749,338,302,36
S01007750,412,347,65
S01007751,337,292,45
S01007752,567,408,159
S01007753,430,237,193
S01007754,601,332,269
S01007755,417,184,233
S01007756,468,238,230
S01007757,562,500,62
S01007758,570,419,151
S01007759,806,495,311
S01007760,438,349,89
S01007761,383,333,50
S01007762,474,295,179
S01007763,425,245,180
S01007764,374,337,37
S01007765,434,378,56
S01007766,470,425,45
S01007767,444,392,52
S01007768,406,303,103
S01007769,363,314,49
S01007770,371,302,69
S01007771,367,327,40
S01007772,636,397,239
S01007773,314,282,32
S01007774,51,48,3
S01007775,511,459,52
S01007776,215,196,19
S01007777,201,190,11
S01007778,725,710,15
S01007779,342,288,54
S01007780,331,307,24
S01007781,342,294,48
S01007782,339,190,149
S01007783,440,156,284
S01007784,415,291,124
S01007785,229,89,140
S01007786,385,230,155
S01007787,326,180,146
S01007788,323,154,169
S01007789,430,319,111
S01007790,663,453,210
S01007791,401,380,21
S01007792,424,277,147
S01007793,501,211,290
S01007794,485,300,185
S01007795,291,180,111
S01007796,326,141,185
S01007797,302,141,161
S01007798,270,248,22
S01007799,142,134,8
S01007800,401,209,192
S01007801,388,165,223
S01007802,240,186,54
S01007803,677,249,428
S01007804,364,149,215
S01007805,382,197,185
S01007806,407,226,181
S01007807,334,275,59
S01007808,343,233,110
S01007809,551,447,104
S01007810,417,241,176
S01007811,325,201,124
S01007812,328,168,160
S01007813,436,251,185
S01007814,376,223,153
S01007815,450,391,59
S01007816,273,231,42
S01007817,377,247,130
S01007818,403,333,70
S01007819,353,276,77
S01007820,450,309,141
S01007821,397,243,154
S01007822,463,346,117
S01007823,349,279,70
S01007824,539,396,143
S01007825,630,420,210
S01007826,260,129,131
S01007827,336,227,109
S01007828,724,382,342
S01007829,420,229,191
S01007830,632,286,346
S01007831,605,274,331
S01007832,515,263,252
S01007833,605,286,319
S01007834,416,196,220
S01007835,368,239,129
S01007836,382,277,105
S01007837,553,408,145
S01007838,480,355,125
S01007839,527,301,226
S01007840,495,238,257
S01007841,447,265,182
S01007842,612,235,377
S01007843,503,215,288
S01007844,652,379,273
S01007845,477,213,264
S01007846,381,192,189
S01007847,705,329,376
S01007848,568,213,355
S01007849,484,267,217
S01007850,293,168,125
S01007851,548,285,263
S01007852,624,344,280
S01007853,485,168,317
S01007854,649,246,403
S01007855,401,157,244
S01007856,438,284,154
S01007857,286,152,134
S01007858,987,551,436
S01007859,660,376,284
S01007860,483,275,208
S01007861,432,262,170
S01007862,491,290,201
S01007863,441,176,265
S01007864,486,284,202
S01007865,523,497,26
S01007866,209,197,12
S01007867,494,467,27
S01007868,786,729,57
S01007869,808,756,52
S01007870,253,225,28
S01007871,463,302,161
S01007872,363,184,179
S01007873,328,232,96
S01007874,432,289,143
S01007875,339,280,59
S01007876,420,351,69
S01007877,398,282,116
S01007878,316,193,123
S01007879,505,324,181
S01007880,211,183,28
S01007881,278,201,77
S01007882,609,581,28
S01007883,527,442,85
S01007884,417,299,118
S01007885,462,279,183
S01007886,572,391,181
S01007887,300,248,52
S01007888,451,288,163
S01007889,510,318,192
S01007890,286,201,85
S01007891,550,443,107
S01007892,512,431,81
S01007893,543,465,78
S01007894,448,345,103
S01007895,350,244,106
S01007896,474,312,162
S01007897,623,548,75
S01007898,295,266,29
S01007899,213,190,23
S01007900,232,158,74
S01007901,350,234,116
S01007902,430,284,146
S01007903,383,270,113
S01007904,312,290,22
S01007905,340,222,118
S01007906,418,238,180
S01007907,385,241,144
S01007908,579,446,133
S01007909,286,235,51
S01007910,463,294,169
S01007911,483,340,143
S01007912,389,288,101
S01007913,549,323,226
S01007914,324,193,131
S01007915,410,287,123
S01007916,511,322,189
S01007917,563,353,210
S01007918,500,308,192
S01007919,383,334,49
S01007920,245,226,19
S01007921,520,319,201
S01007922,588,363,225
S01007923,515,416,99
S01007924,530,347,183
S01007925,264,243,21
S01007926,352,320,32
S01007927,237,220,17
S01007928,490,443,47
S01007929,586,551,35
S01007930,267,250,17
S01007931,562,477,85
S01007932,364,325,39
S01007933,529,450,79
S01007934,300,222,78
S01007935,643,460,183
S01007936,468,434,34
S01007937,601,548,53
S01007938,420,274,146
S01007939,469,304,165
S01007940,764,596,168
S01007941,257,237,20
S01007942,207,150,57
S01007943,444,344,100
S01007944,481,351,130
S01007945,620,422,198
S01007946,518,356,162
S01007947,474,366,108
S01007948,345,210,135
S01007949,455,347,108
S01007950,492,435,57
S01007951,456,330,126
S01007952,447,277,170
S01007953,450,328,122
S01007954,324,189,135
S01007955,478,347,131
S01007956,398,261,137
S01007957,605,415,190
S01007958,476,286,190
S01007959,671,544,127
S01007960,263,168,95
S01007961,468,412,56
S01007962,438,282,156
S01007963,467,233,234
S01007964,397,237,160
S01007965,360,210,150
S01007966,461,254,207
S01007967,351,195,156
S01007968,464,309,155
S01007969,390,240,150
S01007970,519,330,189
S01007971,515,294,221
S01007972,498,345,153
S01007973,383,346,37
S01007974,503,288,215
S01007975,324,189,135
S01007976,681,341,340
S01007977,304,240,64
S01007978,462,297,165
S01007979,389,312,77
S01007980,387,267,120
S01007981,361,271,90
S01007982,308,225,83
S01007983,663,433,230
S01007984,429,298,131
S01007985,412,231,181
S01007986,279,209,70
S01007987,450,339,111
S01007988,380,279,101
S01007989,290,191,99
S01007990,466,370,96
S01007991,357,347,10
S01007992,363,349,14
S01007993,364,347,17
S01007994,225,219,6
S01007995,271,229,42
S01007996,144,126,18
S01007997,296,271,25
S01007998,275,209,66
S01007999,389,203,186
S01008000,390,195,195
S01008001,398,184,214
S01008002,451,215,236
S01008003,284,190,94
S01008004,46,29,17
S01008005,39,31,8
S01008006,363,177,186
S01008007,261,125,136
S01008008,323,206,117
S01008009,499,268,231
S01008010,687,342,345
S01008011,579,220,359
S01008012,580,327,253
S01008013,446,264,182
S01008014,420,293,127
S01008015,481,263,218
S01008016,433,264,169
S01008017,375,331,44
S01008018,444,384,60
S01008019,450,320,130
S01008020,463,360,103
S01008021,315,273,42
S01008022,339,318,21
S01008023,601,577,24
S01008024,310,303,7
S01008025,372,339,33
S01008026,576,401,175
S01008027,382,260,122
S01008028,239,203,36
S01008029,1334,1236,98
S01008030,893,782,111
S01008031,668,514,154
S01008032,542,451,91
S01008033,405,393,12
S01008034,402,386,16
S01008035,426,374,52
S01008036,246,234,12
S01008037,594,449,145
S01008038,411,299,112
S01008039,453,337,116
S01008040,311,274,37
S01008041,513,358,155
S01008042,410,343,67
S01008043,571,507,64
S01008044,537,446,91
S01008045,579,476,103
S01008046,695,385,310
S01008047,292,252,40
S01008048,283,254,29
S01008049,450,388,62
S01008050,270,244,26
S01008051,480,443,37
S01008052,337,307,30
S01008053,426,363,63
S01008054,361,276,85
S01008055,384,370,14
S01008056,490,433,57
S01008057,582,519,63
S01008058,304,296,8
S01008059,260,248,12
S01008060,605,576,29
S01008061,373,331,42
S01008062,425,378,47
S01008063,357,322,35
S01008064,414,316,98
S01008065,437,408,29
S01008066,383,337,46
S01008067,281,266,15
S01008068,499,451,48
S01008069,484,387,97
S01008070,457,383,74
S01008071,396,330,66
S01008072,568,531,37
S01008073,178,167,11
S01008074,378,346,32
S01008075,246,224,22
S01008076,433,398,35
S01008077,406,376,30
S01008078,350,306,44
S01008079,341,315,26
S01008080,319,284,35
S01008081,298,267,31
S01008082,425,384,41
S01008083,313,295,18
S01008084,418,376,42
S01008085,461,433,28
S01008086,482,435,47
S01008087,433,383,50
S01008088,398,317,81
S01008089,378,339,39
S01008090,305,244,61
S01008091,199,189,10
S01008092,501,400,101
S01008093,371,303,68
S01008094,281,243,38
S01008095,485,393,92
S01008096,334,269,65
S01008097,414,294,120
S01008098,293,254,39
S01008099,209,175,34
S01008100,440,341,99
S01008101,539,405,134
S01008102,310,241,69
S01008103,406,217,189
S01008104,447,299,148
S01008105,580,345,235
S01008106,678,458,220
S01008107,442,387,55
S01008108,349,310,39
S01008109,332,296,36
S01008110,351,309,42
S01008111,349,274,75
S01008112,374,330,44
S01008113,399,341,58
S01008114,357,313,44
S01008115,368,313,55
S01008116,419,390,29
S01008117,329,283,46
S01008118,529,437,92
S01008119,303,224,79
S01008120,318,245,73
S01008121,269,237,32
S01008122,427,399,28
S01008123,445,390,55
S01008124,378,344,34
S01008125,484,430,54
S01008126,351,338,13
S01008127,194,184,10
S01008128,440,388,52
S01008129,473,317,156
S01008130,548,339,209
S01008131,398,245,153
S01008132,453,398,55
S01008133,417,262,155
S01008134,399,252,147
S01008135,700,493,207
S01008136,788,483,305
S01008137,603,315,288
S01008138,457,236,221
S01008139,498,309,189
S01008140,329,189,140
S01008141,434,389,45
S01008142,360,332,28
S01008143,539,393,146
S01008144,377,346,31
S01008145,417,297,120
S01008146,301,189,112
S01008147,389,294,95
S01008148,391,302,89
S01008149,435,306,129
S01008150,631,439,192
S01008151,481,308,173
S01008152,589,373,216
S01008153,295,269,26
S01008154,445,387,58
S01008155,345,304,41
S01008156,440,339,101
S01008157,430,362,68
S01008158,418,383,35
S01008159,551,302,249
S01008160,546,394,152
S01008161,565,514,51
S01008162,556,414,142
S01008163,383,271,112
S01008164,289,209,80
S01008165,305,278,27
S01008166,492,417,75
S01008167,599,476,123
S01008168,460,295,165
S01008169,586,469,117
S01008170,291,245,46
S01008171,474,279,195
S01008172,250,186,64
S01008173,304,257,47
S01008174,226,173,53
S01008175,378,253,125
S01008176,593,528,65
S01008177,416,261,155
S01008178,278,226,52
S01008179,126,120,6
S01008180,167,161,6
S01008181,284,242,42
S01008182,748,439,309
S01008183,474,314,160
S01008184,524,293,231
S01008185,679,371,308
S01008186,485,275,210
S01008187,327,204,123
S01008188,769,434,335
S01008189,486,370,116
S01008190,412,272,140
S01008191,547,433,114
S01008192,484,332,152
S01008193,391,295,96
S01008194,275,189,86
S01008195,481,292,189
S01008196,370,229,141
S01008197,727,658,69
S01008198,300,212,88
S01008199,298,196,102
S01008200,390,235,155
S01008201,600,355,245
S01008202,368,250,118
S01008203,283,166,117
S01008204,1189,928,261
S01008205,316,222,94
S01008206,676,508,168
S01008207,345,230,115
S01008208,413,339,74
S01008209,242,211,31
S01008210,642,484,158
S01008211,461,343,118
S01008212,256,239,17
S01008213,364,327,37
S01008214,400,288,112
S01008215,482,391,91
S01008216,315,291,24
S01008217,274,249,25
S01008218,828,749,79
S01008219,545,397,148
S01008220,223,152,71
S01008221,362,201,161
S01008222,332,208,124
S01008223,280,179,101
S01008224,406,353,53
S01008225,325,252,73
S01008226,379,215,164
S01008227,460,285,175
S01008228,346,288,58
S01008229,532,376,156
S01008230,305,282,23
S01008231,231,175,56
S01008232,91,84,7
S01008233,636,594,42
S01008234,803,716,87
S01008235,414,328,86
S01008236,462,364,98
S01008237,399,332,67
S01008238,464,353,111
S01008239,331,267,64
S01008240,564,535,29
S01008241,437,411,26
S01008242,553,455,98
S01008243,456,403,53
S01008244,427,373,54
S01008245,481,426,55
S01008246,465,448,17
S01008247,394,379,15
S01008248,580,513,67
S01008249,401,373,28
S01008250,494,463,31
S01008251,375,366,9
S01008252,475,429,46
S01008253,410,302,108
S01008254,545,391,154
S01008255,411,320,91
S01008256,448,310,138
S01008257,444,276,168
S01008258,591,515,76
S01008259,693,538,155
S01008260,460,343,117
S01008261,496,397,99
S01008262,401,372,29
S01008263,357,309,48
S01008264,409,333,76
S01008265,332,294,38
S01008266,449,412,37
S01008267,350,313,37
S01008268,355,329,26
S01008269,509,412,97
S01008270,570,463,107
S01008271,430,274,156
S01008272,414,348,66
S01008273,441,346,95
S01008274,416,279,137
S01008275,308,251,57
S01008276,249,231,18
S01008277,291,282,9
S01008278,334,325,9
S01008279,331,278,53
S01008280,578,486,92
S01008281,367,345,22
S01008282,326,300,26
S01008283,445,402,43
S01008284,597,520,77
S01008285,355,215,140
S01008286,588,426,162
S01008287,355,274,81
S01008288,455,317,138
S01008289,399,238,161
S01008290,464,317,147
S01008291,520,418,102
S01008292,590,489,101
S01008293,403,386,17
S01008294,271,229,42
S01008295,486,434,52
S01008296,397,256,141
S01008297,258,178,80
S01008298,451,372,79
S01008299,550,294,256
S01008300,412,278,134
S01008301,385,341,44
S01008302,373,348,25
S01008303,399,233,166
S01008304,212,157,55
S01008305,315,283,32
S01008306,239,220,19
S01008307,290,260,30
S01008308,238,216,22
S01008309,490,236,254
S01008310,467,290,177
S01008311,337,215,122
S01008312,343,228,115
S01008313,468,256,212
S01008314,527,270,257
S01008315,450,229,221
S01008316,391,228,163
S01008317,316,231,85
S01008318,607,552,55
S01008319,326,197,129
S01008320,308,232,76
S01008321,263,245,18
S01008322,812,623,189
S01008323,363,217,146
S01008324,254,172,82
S01008325,452,320,132
S01008326,517,311,206
S01008327,485,303,182
S01008328,310,300,10
S01008329,348,337,11
S01008330,363,339,24
S01008331,316,290,26
S01008332,432,372,60
S01008333,516,425,91
S01008334,439,407,32
S01008335,456,317,139
S01008336,448,286,162
S01008337,365,311,54
S01008338,262,257,5
S01008339,227,217,10
S01008340,356,338,18
S01008341,204,202,2
S01008342,471,367,104
S01008343,489,399,90
S01008344,355,332,23
S01008345,509,474,35
S01008346,383,365,18
S01008347,594,489,105
S01008348,429,386,43
S01008349,507,490,17
S01008350,333,301,32
S01008351,414,392,22
S01008352,344,329,15
S01008353,198,187,11
S01008354,397,365,32
S01008355,531,408,123
S01008356,385,351,34
S01008357,382,348,34
S01008358,409,313,96
S01008359,303,277,26
S01008360,493,467,26
S01008361,305,289,16
S01008362,480,435,45
S01008363,363,321,42
S01008364,352,323,29
S01008365,409,385,24
S01008366,461,319,142
S01008367,510,327,183
S01008368,443,349,94
S01008369,351,277,74
S01008370,300,248,52
S01008371,343,316,27
S01008372,337,313,24
S01008373,410,390,20
S01008374,318,292,26
S01008375,285,266,19
S01008376,267,220,47
S01008377,392,329,63
S01008378,460,377,83
S01008379,206,189,17
S01008380,238,218,20
S01008381,391,362,29
S01008382,342,304,38
S01008383,235,217,18
S01008384,387,333,54
S01008385,252,227,25
S01008386,402,347,55
S01008387,349,288,61
S01008388,243,209,34
S01008389,352,291,61
S01008390,300,273,27
S01008391,349,257,92
S01008392,330,293,37
S01008393,397,330,67
S01008394,388,358,30
S01008395,309,275,34
S01008396,363,300,63
S01008397,368,350,18
S01008398,354,311,43
S01008399,379,301,78
S01008400,434,394,40
S01008401,541,428,113
S01008402,415,391,24
S01008403,398,351,47
S01008404,392,340,52
S01008405,327,278,49
S01008406,520,347,173
S01008407,284,195,89
S01008408,325,285,40
S01008409,499,353,146
S01008410,371,280,91
S01008411,463,384,79
S01008412,274,224,50
S01008413,293,216,77
S01008414,215,206,9
S01008415,433,329,104
S01008416,549,333,216
S01008417,299,268,31
S01008418,312,267,45
S01008419,193,161,32
S01008420,236,202,34
S01008421,394,285,109
S01008422,396,314,82
S01008423,398,371,27
S01008424,454,427,27
S01008425,454,373,81
S01008426,516,371,145
S01008427,474,445,29
S01008428,413,296,117
S01008429,395,333,62
S01008430,458,393,65
S01008431,452,380,72
S01008432,473,414,59
S01008433,348,308,40
S01008434,421,379,42
S01008435,432,395,37
S01008436,451,371,80
S01008437,404,296,108
S01008438,249,222,27
S01008439,434,397,37
S01008440,479,436,43
S01008441,416,384,32
S01008442,336,306,30
S01008443,252,215,37
S01008444,297,251,46
S01008445,458,285,173
S01008446,646,466,180
S01008447,286,262,24
S01008448,365,315,50
S01008449,422,200,222
S01008450,256,106,150
S01008451,445,219,226
S01008452,432,168,264
S01008453,418,190,228
S01008454,575,270,305
S01008455,626,248,378
S01008456,668,197,471
S01008457,531,206,325
S01008458,434,255,179
S01008459,428,147,281
S01008460,587,171,416
S01008461,535,163,372
S01008462,399,147,252
S01008463,467,184,283
S01008464,453,290,163
S01008465,444,254,190
S01008466,352,199,153
S01008467,363,231,132
S01008468,368,195,173
S01008469,319,204,115
S01008470,393,196,197
S01008471,347,137,210
S01008472,312,182,130
S01008473,307,153,154
S01008474,468,168,300
S01008475,543,257,286
S01008476,448,197,251
S01008477,656,296,360
S01008478,522,231,291
S01008479,612,259,353
S01008480,231,104,127
S01008481,373,229,144
S01008482,422,243,179
S01008483,443,238,205
S01008484,418,290,128
S01008485,493,372,121
S01008486,459,261,198
S01008487,522,370,152
S01008488,733,459,274
S01008489,459,230,229
S01008490,664,339,325
S01008491,511,270,241
S01008492,515,254,261
S01008493,478,221,257
S01008494,487,169,318
S01008495,705,261,444
S01008496,805,303,502
S01008497,681,241,440
S01008498,525,165,360
S01008499,669,236,433
S01008500,240,99,141
S01008501,426,208,218
S01008502,392,199,193
S01008503,510,331,179
S01008504,848,607,241
S01008505,481,313,168
S01008506,552,379,173
S01008507,386,257,129
S01008508,496,397,99
S01008509,617,521,96
S01008510,390,314,76
S01008511,431,365,66
S01008512,457,417,40
S01008513,324,289,35
S01008514,328,237,91
S01008515,378,323,55
S01008516,772,447,325
S01008517,588,331,257
S01008518,503,383,120
S01008519,418,352,66
S01008520,541,489,52
S01008521,338,317,21
S01008522,252,230,22
S01008523,516,492,24
S01008524,582,273,309
S01008525,571,288,283
S01008526,448,277,171
S01008527,333,227,106
S01008528,304,212,92
S01008529,388,235,153
S01008530,530,248,282
S01008531,510,208,302
S01008532,305,194,111
S01008533,179,151,28
S01008534,319,282,37
S01008535,284,261,23
S01008536,311,254,57
S01008537,280,257,23
S01008538,287,262,25
S01008539,466,406,60
S01008540,425,370,55
S01008541,370,346,24
S01008542,431,400,31
S01008543,355,322,33
S01008544,216,204,12
S01008545,395,371,24
S01008546,337,319,18
S01008547,483,433,50
S01008548,476,324,152
S01008549,566,426,140
S01008550,464,392,72
S01008551,496,384,112
S01008552,444,375,69
S01008553,307,196,111
S01008554,368,233,135
S01008555,663,282,381
S01008556,539,247,292
S01008557,474,210,264
S01008558,433,211,222
S01008559,360,219,141
S01008560,379,224,155
S01008561,444,288,156
S01008562,426,180,246
S01008563,523,312,211
S01008564,506,329,177
S01008565,470,259,211
S01008566,460,296,164
S01008567,351,240,111
S01008568,384,285,99
S01008569,453,142,311
S01008570,552,257,295
S01008571,379,225,154
S01008572,415,280,135
S01008573,436,357,79
S01008574,441,355,86
S01008575,369,322,47
S01008576,484,376,108
S01008577,512,392,120
S01008578,377,341,36
S01008579,374,319,55
S01008580,404,258,146
S01008581,542,250,292
S01008582,662,372,290
S01008583,460,226,234
S01008584,602,353,249
S01008585,411,216,195
S01008586,433,224,209
S01008587,316,268,48
S01008588,488,373,115
S01008589,172,127,45
S01008590,413,252,161
S01008591,437,304,133
S01008592,397,243,154
S01008593,346,316,30
S01008594,391,312,79
S01008595,663,291,372
S01008596,496,194,302
S01008597,510,341,169
S01008598,499,292,207
S01008599,411,298,113
S01008600,377,258,119
S01008601,314,137,177
S01008602,321,152,169
S01008603,487,180,307
S01008604,515,298,217
S01008605,416,208,208
S01008606,392,319,73
S01008607,283,225,58
S01008608,376,313,63
S01008609,527,382,145
S01008610,549,300,249
S01008611,592,271,321
S01008612,376,135,241
S01008613,484,234,250
S01008614,399,176,223
S01008615,387,191,196
S01008616,315,165,150
S01008617,341,175,166
S01008618,267,134,133
S01008619,203,130,73
S01008620,290,166,124
S01008621,316,173,143
S01008622,305,187,118
S01008623,420,291,129
S01008624,396,296,100
S01008625,239,209,30
S01008626,482,365,117
S01008627,294,259,35
S01008628,344,241,103
S01008629,497,328,169
S01008630,404,213,191
S01008631,527,282,245
S01008632,584,353,231
S01008633,600,456,144
S01008634,276,196,80
S01008635,362,264,98
S01008636,407,265,142
S01008637,341,198,143
S01008638,513,237,276
S01008639,587,328,259
S01008640,552,311,241
S01008641,481,289,192
S01008642,483,290,193
S01008643,451,281,170
S01008644,333,171,162
S01008645,472,240,232
S01008646,704,330,374
S01008647,408,218,190
S01008648,549,231,318
S01008649,758,319,439
S01008650,589,214,375
S01008651,640,241,399
S01008652,510,164,346
S01008653,402,138,264
S01008654,746,246,500
S01008655,501,247,254
S01008656,734,225,509
S01008657,520,266,254
S01008658,757,268,489
S01008659,623,208,415
S01008660,572,185,387
S01008661,646,161,485
S01008662,462,117,345
S01008663,531,141,390
S01008664,534,172,362
S01008665,666,267,399
S01008666,342,155,187
S01008667,656,287,369
S01008668,462,147,315
S01008669,219,68,151
S01008670,402,117,285
S01008671,491,139,352
S01008672,341,114,227
S01008673,705,218,487
S01008674,467,101,366
S01008675,564,164,400
S01008676,435,197,238
S01008677,456,125,331
S01008678,504,111,393
S01008679,641,135,506
S01008680,478,98,380
S01008681,600,151,449
S01008682,490,187,303
S01008683,872,221,651
S01008684,643,223,420
S01008685,490,220,270
S01008686,717,251,466
S01008687,637,266,371
S01008688,713,366,347
S01008689,760,236,524
S01008690,635,258,377
S01008691,827,363,464
S01008692,688,316,372
S01008693,301,182,119
S01008694,783,410,373
S01008695,496,288,208
S01008696,285,228,57
S01008697,453,375,78
S01008698,329,246,83
S01008699,563,316,247
S01008700,349,251,98
S01008701,423,175,248
S01008702,405,256,149
S01008703,639,275,364
S01008704,712,374,338
S01008705,419,186,233
S01008706,589,264,325
S01008707,547,224,323
S01008708,492,170,322
S01008709,427,196,231
S01008710,416,192,224
S01008711,387,152,235
S01008712,546,215,331
S01008713,292,109,183
S01008714,341,162,179
S01008715,367,180,187
S01008716,354,185,169
S01008717,215,163,52
S01008718,260,190,70
S01008719,487,360,127
S01008720,277,175,102
S01008721,310,282,28
S01008722,480,357,123
S01008723,304,267,37
S01008724,444,344,100
S01008725,343,257,86
S01008726,509,423,86
S01008727,509,380,129
S01008728,267,168,99
S01008729,330,236,94
S01008730,527,319,208
S01008731,280,149,131
S01008732,447,209,238
S01008733,528,306,222
S01008734,354,279,75
S01008735,459,408,51
S01008736,290,228,62
S01008737,339,286,53
S01008738,352,314,38
S01008739,240,182,58
S01008740,289,227,62
S01008741,477,352,125
S01008742,377,226,151
S01008743,576,289,287
S01008744,519,282,237
S01008745,283,181,102
S01008746,572,242,330
S01008747,292,184,108
S01008748,441,362,79
S01008749,494,412,82
S01008750,338,266,72
S01008751,554,284,270
S01008752,558,212,346
S01008753,497,260,237
S01008754,534,229,305
S01008755,575,259,316
S01008756,503,174,329
S01008757,469,137,332
S01008758,557,246,311
S01008759,395,172,223
S01008760,635,326,309
S01008761,432,203,229
S01008762,282,186,96
S01008763,385,250,135
S01008764,306,217,89
S01008765,576,392,184
S01008766,618,452,166
S01008767,406,275,131
S01008768,1471,1035,436
S01008769,1210,901,309
S01008770,1143,869,274
S01008771,1143,869,274
S01008772,640,401,239
S01008773,646,315,331
S01008774,495,215,280
S01008775,245,146,99
S01008776,706,246,460
S01008777,678,245,433
S01008778,615,329,286
S01008779,585,408,177
S01008780,522,290,232
S01008781,639,328,311
S01008782,509,309,200
S01008783,312,168,144
S01008784,463,221,242
S01008785,609,217,392
S01008786,692,279,413
S01008787,388,123,265
S01008788,485,262,223
S01008789,375,135,240
S01008790,510,173,337
S01008791,486,253,233
S01008792,527,253,274
S01008793,594,216,378
S01008794,579,212,367
S01008795,715,342,373
S01008796,670,229,441
S01008797,640,258,382
S01008798,629,226,403
S01008799,389,190,199
S01008800,760,313,447
S01008801,539,216,323
S01008802,779,266,513
S01008803,669,230,439
S01008804,454,135,319
S01008805,429,152,277
S01008806,669,308,361
S01008807,612,246,366
S01008808,391,171,220
S01008809,427,219,208
S01008810,554,240,314
S01008811,389,206,183
S01008812,475,209,266
S01008813,534,236,298
S01008814,660,289,371
S01008815,743,334,409
S01008816,321,175,146
S01008817,661,357,304
S01008818,596,372,224
S01008819,550,336,214
S01008820,829,369,460
S01008821,314,236,78
S01008822,339,285,54
S01008823,401,301,100
S01008824,641,506,135
S01008825,296,229,67
S01008826,378,206,172
S01008827,473,335,138
S01008828,497,345,152
S01008829,449,333,116
S01008830,553,411,142
S01008831,471,380,91
S01008832,350,303,47
S01008833,578,347,231
S01008834,568,415,153
S01008835,486,358,128
S01008836,330,145,185
S01008837,950,543,407
S01008838,606,267,339
S01008839,661,335,326
S01008840,510,289,221
S01008841,661,411,250
S01008842,63,50,13
S01008843,464,247,217
S01008844,499,295,204
S01008845,420,238,182
S01008846,452,248,204
S01008847,376,228,148
S01008848,442,279,163
S01008849,552,335,217
S01008850,785,467,318
S01008851,725,338,387
S01008852,622,426,196
S01008853,352,200,152
S01008854,538,352,186
S01008855,668,392,276
S01008856,389,202,187
S01008857,527,331,196
S01008858,705,399,306
S01008859,712,371,341
S01008860,715,369,346
S01008861,454,371,83
S01008862,683,369,314
S01008863,435,272,163
S01008864,586,372,214
S01008865,616,350,266
S01008866,609,411,198
S01008867,513,408,105
S01008868,564,302,262
S01008869,666,394,272
S01008870,645,486,159
S01008871,645,429,216
S01008872,492,338,154
S01008873,387,324,63
S01008874,501,308,193
S01008875,679,358,321
S01008876,379,259,120
S01008877,393,270,123
S01008878,590,377,213
S01008879,411,278,133
S01008880,333,267,66
S01008881,289,246,43
S01008882,444,395,49
S01008883,435,406,29
S01008884,361,326,35
S01008885,377,342,35
S01008886,579,449,130
S01008887,358,273,85
S01008888,599,501,98
S01008889,442,351,91
S01008890,354,290,64
S01008891,329,286,43
S01008892,614,434,180
S01008893,434,388,46
S01008894,390,365,25
S01008895,334,290,44
S01008896,368,337,31
S01008897,390,341,49
S01008898,412,328,84
S01008899,389,153,236
S01008900,415,229,186
S01008901,504,299,205
S01008902,533,268,265
S01008903,524,277,247
S01008904,474,196,278
S01008905,598,187,411
S01008906,457,166,291
S01008907,413,165,248
S01008908,487,236,251
S01008909,508,296,212
S01008910,820,615,205
S01008911,665,513,152
S01008912,378,301,77
S01008913,208,134,74
S01008914,511,315,196
S01008915,301,219,82
S01008916,692,267,425
S01008917,379,131,248
S01008918,399,101,298
S01008919,344,98,246
S01008920,733,525,208
S01008921,703,299,404
S01008922,549,275,274
S01008923,644,316,328
S01008924,1019,581,438
S01008925,319,161,158
S01008926,768,488,280
S01008927,578,391,187
S01008928,355,235,120
S01008929,795,191,604
S01008930,514,177,337
S01008931,339,122,217
S01008932,551,312,239
S01008933,388,172,216
S01008934,378,182,196
S01008935,467,360,107
S01008936,260,242,18
S01008937,424,286,138
S01008938,402,341,61
S01008939,323,269,54
S01008940,314,293,21
S01008941,386,344,42
S01008942,536,477,59
S01008943,340,315,25
S01008944,429,386,43
S01008945,422,397,25
S01008946,397,355,42
S01008947,470,415,55
S01008948,485,334,151
S01008949,587,392,195
S01008950,481,317,164
S01008951,547,239,308
S01008952,718,352,366
S01008953,521,298,223
S01008954,478,241,237
S01008955,394,322,72
S01008956,580,423,157
S01008957,489,369,120
S01008958,447,256,191
S01008959,444,353,91
S01008960,373,343,30
S01008961,479,353,126
S01008962,275,229,46
S01008963,422,351,71
S01008964,299,257,42
S01008965,321,273,48
S01008966,391,326,65
S01008967,473,408,65
S01008968,455,407,48
S01008969,460,358,102
S01008970,485,419,66
S01008971,273,256,17
S01008972,611,514,97
S01008973,361,274,87
S01008974,448,285,163
S01008975,518,258,260
S01008976,322,270,52
S01008977,350,303,47
S01008978,303,219,84
S01008979,357,261,96
S01008980,334,226,108
S01008981,365,291,74
S01008982,408,289,119
S01008983,407,243,164
S01008984,227,144,83
S01008985,370,258,112
S01008986,408,321,87
S01008987,438,334,104
S01008988,481,343,138
S01008989,490,375,115
S01008990,591,429,162
S01008991,531,441,90
S01008992,204,144,60
S01008993,553,464,89
S01008994,439,344,95
S01008995,457,413,44
S01008996,322,222,100
S01008997,453,375,78
S01008998,453,346,107
S01008999,455,308,147
S01009000,486,419,67
S01009001,323,287,36
S01009002,388,324,64
S01009003,430,379,51
S01009004,333,278,55
S01009005,445,363,82
S01009006,588,425,163
S01009007,379,266,113
S01009008,445,357,88
S01009009,252,123,129
S01009010,535,488,47
S01009011,436,416,20
S01009012,357,330,27
S01009013,422,383,39
S01009014,379,282,97
S01009015,303,243,60
S01009016,250,188,62
S01009017,327,249,78
S01009018,326,275,51
S01009019,385,312,73
S01009020,462,386,76
S01009021,344,297,47
S01009022,447,348,99
S01009023,435,345,90
S01009024,590,438,152
S01009025,433,358,75
S01009026,509,416,93
S01009027,432,355,77
S01009028,289,239,50
S01009029,386,304,82
S01009030,458,358,100
S01009031,356,285,71
S01009032,299,234,65
S01009033,405,312,93
S01009034,283,232,51
S01009035,381,328,53
S01009036,437,374,63
S01009037,412,343,69
S01009038,440,355,85
S01009039,450,288,162
S01009040,408,242,166
S01009041,613,370,243
S01009042,401,268,133
S01009043,571,397,174
S01009044,509,320,189
S01009045,490,351,139
S01009046,363,297,66
S01009047,336,268,68
S01009048,348,285,63
S01009049,344,280,64
S01009050,450,375,75
S01009051,455,344,111
S01009052,424,322,102
S01009053,259,132,127
S01009054,317,242,75
S01009055,361,328,33
S01009056,217,145,72
S01009057,389,231,158
S01009058,510,351,159
S01009059,347,290,57
S01009060,463,374,89
S01009061,383,300,83
S01009062,387,265,122
S01009063,291,254,37
S01009064,303,223,80
S01009065,725,501,224
S01009066,319,221,98
S01009067,235,220,15
S01009068,386,303,83
S01009069,356,330,26
S01009070,401,350,51
S01009071,285,248,37
S01009072,470,444,26
S01009073,337,236,101
S01009074,381,294,87
S01009075,306,240,66
S01009076,462,423,39
S01009077,370,313,57
S01009078,223,192,31
S01009079,602,389,213
S01009080,836,607,229
S01009081,635,509,126
S01009082,668,518,150
S01009083,349,268,81
S01009084,1434,1304,130
S01009085,464,440,24
S01009086,655,573,82
S01009087,597,513,84
S01009088,467,435,32
S01009089,368,337,31
S01009090,216,206,10
S01009091,606,592,14
S01009092,482,371,111
S01009093,430,340,90
S01009094,372,345,27
S01009095,571,424,147
S01009096,446,365,81
S01009097,669,601,68
S01009098,190,180,10
S01009099,405,271,134
S01009100,609,390,219
S01009101,429,287,142
S01009102,429,261,168
S01009103,282,243,39
S01009104,352,273,79
S01009105,337,259,78
S01009106,368,281,87
S01009107,498,437,61
S01009108,383,345,38
S01009109,380,364,16
S01009110,360,279,81
S01009111,464,406,58
S01009112,238,221,17
S01009113,309,284,25
S01009114,349,307,42
S01009115,363,306,57
S01009116,330,292,38
S01009117,350,260,90
S01009118,215,208,7
S01009119,364,268,96
S01009120,300,243,57
S01009121,505,382,123
S01009122,585,513,72
S01009123,153,128,25
S01009124,368,328,40
S01009125,402,326,76
S01009126,376,188,188
S01009127,310,179,131
S01009128,561,241,320
S01009129,267,153,114
S01009130,314,211,103
S01009131,472,238,234
S01009132,400,309,91
S01009133,380,255,125
S01009134,451,349,102
S01009135,264,213,51
S01009136,406,367,39
S01009137,472,450,22
S01009138,477,372,105
S01009139,343,185,158
S01009140,381,223,158
S01009141,418,224,194
S01009142,509,279,230
S01009143,312,148,164
S01009144,638,536,102
S01009145,858,645,213
S01009146,537,371,166
S01009147,717,536,181
S01009148,301,214,87
S01009149,425,320,105
S01009150,574,218,356
S01009151,474,276,198
S01009152,592,298,294
S01009153,442,271,171
S01009154,438,342,96
S01009155,302,229,73
S01009156,553,501,52
S01009157,406,302,104
S01009158,414,290,124
S01009159,303,163,140
S01009160,327,197,130
S01009161,487,220,267
S01009162,436,216,220
S01009163,264,170,94
S01009164,403,301,102
S01009165,324,194,130
S01009166,447,246,201
S01009167,290,202,88
S01009168,508,437,71
S01009169,475,262,213
S01009170,282,201,81
S01009171,700,609,91
S01009172,445,399,46
S01009173,556,528,28
S01009174,33,33,0
S01009175,616,596,20
S01009176,555,521,34
S01009177,367,259,108
S01009178,353,230,123
S01009179,358,251,107
S01009180,437,297,140
S01009181,599,486,113
S01009182,485,420,65
S01009183,380,358,22
S01009184,526,371,155
S01009185,458,344,114
S01009186,378,322,56
S01009187,440,421,19
S01009188,579,491,88
S01009189,604,485,119
S01009190,419,388,31
S01009191,252,245,7
S01009192,348,320,28
S01009193,270,240,30
S01009194,376,351,25
S01009195,417,379,38
S01009196,298,231,67
S01009197,757,707,50
S01009198,356,310,46
S01009199,349,314,35
S01009200,532,472,60
S01009201,291,240,51
S01009202,214,198,16
S01009203,269,179,90
S01009204,444,340,104
S01009205,493,461,32
S01009206,498,457,41
S01009207,425,386,39
S01009208,294,250,44
S01009209,581,501,80
S01009210,384,311,73
S01009211,310,235,75
S01009212,393,294,99
S01009213,355,256,99
S01009214,519,438,81
S01009215,523,363,160
S01009216,479,336,143
S01009217,343,202,141
S01009218,523,392,131
S01009219,364,235,129
S01009220,323,206,117
S01009221,267,174,93
S01009222,291,193,98
S01009223,244,173,71
S01009224,462,317,145
S01009225,383,256,127
S01009226,650,402,248
S01009227,389,224,165
S01009228,422,252,170
S01009229,460,327,133
S01009230,453,368,85
S01009231,437,357,80
S01009232,378,170,208
S01009233,361,245,116
S01009234,564,314,250
S01009235,457,276,181
S01009236,315,254,61
S01009237,310,277,33
S01009238,461,318,143
S01009239,420,268,152
S01009240,387,169,218
S01009241,453,250,203
S01009242,398,310,88
S01009243,475,407,68
S01009244,337,314,23
S01009245,361,323,38
S01009246,474,334,140
S01009247,541,386,155
S01009248,300,238,62
S01009249,497,345,152
S01009250,343,258,85
S01009251,221,184,37
S01009252,163,159,4
S01009253,357,230,127
S01009254,440,279,161
S01009255,444,263,181
S01009256,294,229,65
S01009257,330,251,79
S01009258,682,620,62
S01009259,439,388,51
S01009260,935,797,138
S01009261,422,240,182
S01009262,402,250,152
S01009263,549,470,79
S01009264,339,278,61
S01009265,376,274,102
S01009266,490,380,110
S01009267,377,300,77
S01009268,431,344,87
S01009269,658,493,165
S01009270,364,235,129
S01009271,349,331,18
S01009272,345,233,112
S01009273,352,320,32
S01009274,330,293,37
S01009275,244,216,28
S01009276,431,390,41
S01009277,308,297,11
S01009278,358,316,42
S01009279,486,433,53
S01009280,406,227,179
S01009281,448,258,190
S01009282,604,514,90
S01009283,256,211,45
S01009284,311,287,24
S01009285,350,320,30
S01009286,446,392,54
S01009287,383,341,42
S01009288,453,394,59
S01009289,409,356,53
S01009290,288,251,37
S01009291,490,461,29
S01009292,228,147,81
S01009293,399,325,74
S01009294,381,353,28
S01009295,307,280,27
S01009296,395,326,69
S01009297,665,594,71
S01009298,695,415,280
S01009299,551,394,157
S01009300,342,219,123
S01009301,599,337,262
S01009302,477,238,239
S01009303,322,258,64
S01009304,538,390,148
S01009305,538,368,170
S01009306,690,463,227
S01009307,722,442,280
S01009308,674,399,275
S01009309,400,285,115
S01009310,399,353,46
S01009311,395,262,133
S01009312,521,375,146
S01009313,331,206,125
S01009314,362,325,37
S01009315,298,220,78
S01009316,395,330,65
S01009317,397,349,48
S01009318,378,354,24
S01009319,449,395,54
S01009320,430,319,111
S01009321,458,431,27
S01009322,382,337,45
S01009323,646,544,102
S01009324,302,228,74
S01009325,409,374,35
S01009326,195,155,40
S01009327,319,226,93
S01009328,417,411,6
S01009330,86,33,53
S01009331,438,432,6
S01009332,312,291,21
S01009333,430,298,132
S01009334,310,165,145
S01009335,337,212,125
S01009336,318,150,168
S01009337,402,265,137
S01009338,818,607,211
S01009339,534,293,241
S01009340,400,238,162
S01009341,456,287,169
S01009342,391,278,113
S01009343,242,192,50
S01009344,337,226,111
S01009345,491,403,88
S01009346,2210,2081,129
S01009347,2289,2154,135
S01009348,2252,2110,142
S01009349,364,354,10
S01009350,67,59,8
S01009351,42,29,13
S01009352,27,26,1
S01009353,2376,2245,131
S01009354,2574,2435,139
S01009355,435,398,37
S01009356,411,378,33
S01009357,250,239,11
S01009358,163,161,2
S01009359,433,421,12
S01009360,376,317,59
S01009361,384,318,66
S01009362,496,433,63
S01009363,435,301,134
S01009364,325,282,43
S01009365,371,283,88
S01009366,404,271,133
S01009367,345,242,103
S01009368,377,330,47
S01009369,416,322,94
S01009370,381,290,91
S01009371,242,181,61
S01009372,272,200,72
S01009373,473,286,187
S01009374,493,313,180
S01009375,337,232,105
S01009376,406,269,137
S01009377,373,332,41
S01009378,517,412,105
S01009379,337,286,51
S01009380,263,242,21
S01009381,332,257,75
S01009382,726,414,312
S01009383,519,337,182
S01009384,248,224,24
S01009385,317,269,48
S01009386,496,330,166
S01009387,410,333,77
S01009388,560,316,244
S01009389,503,355,148
S01009390,270,261,9
S01009391,320,304,16
S01009392,213,197,16
S01009393,353,327,26
S01009394,451,407,44
S01009395,448,407,41
S01009396,301,288,13
S01009397,330,281,49
S01009398,510,459,51
S01009399,435,387,48
S01009400,414,328,86
S01009401,400,358,42
S01009402,356,329,27
S01009403,277,253,24
S01009404,259,185,74
S01009405,292,263,29
S01009406,429,314,115
S01009407,227,187,40
S01009408,356,314,42
S01009409,360,247,113
S01009410,351,224,127
S01009411,569,400,169
S01009412,407,245,162
S01009413,593,437,156
S01009414,344,289,55
S01009415,575,345,230
S01009416,238,217,21
S01009417,545,508,37
S01009418,620,414,206
S01009419,796,681,115
S01009420,299,176,123
S01009421,295,197,98
S01009422,876,760,116
S01009423,493,472,21
S01009424,315,269,46
S01009425,427,326,101
S01009426,528,306,222
S01009427,326,183,143
S01009428,273,168,105
S01009429,407,232,175
S01009430,338,206,132
S01009431,844,664,180
S01009432,441,297,144
S01009433,330,197,133
S01009434,248,166,82
S01009435,434,240,194
S01009436,359,245,114
S01009437,438,289,149
S01009438,514,336,178
S01009439,495,341,154
S01009440,407,262,145
S01009441,417,263,154
S01009442,525,452,73
S01009443,1048,944,104
S01009444,326,294,32
S01009445,451,325,126
S01009446,727,483,244
S01009447,353,237,116
S01009448,328,230,98
S01009449,297,206,91
S01009450,346,205,141
S01009451,556,337,219
S01009452,416,231,185
S01009453,517,313,204
S01009454,489,413,76
S01009455,615,536,79
S01009456,458,278,180
S01009457,330,293,37
S01009458,332,230,102
S01009459,587,333,254
S01009460,399,202,197
S01009461,278,254,24
S01009462,493,418,75
S01009463,469,367,102
S01009464,378,305,73
S01009465,505,433,72
S01009466,362,303,59
S01009467,369,306,63
S01009468,385,235,150
S01009469,393,309,84
S01009470,679,603,76
S01009471,414,171,243
S01009472,567,343,224
S01009473,552,282,270
S01009474,403,246,157
S01009475,100,94,6
S01009476,491,466,25
S01009477,515,339,176
S01009478,566,351,215
S01009479,530,337,193
S01009480,577,418,159
S01009481,489,349,140
S01009482,332,213,119
S01009483,403,269,134
S01009484,645,408,237
S01009485,362,242,120
S01009486,388,283,105
S01009487,560,372,188
S01009488,380,295,85
S01009489,428,265,163
S01009490,394,211,183
S01009491,332,215,117
S01009492,370,280,90
S01009493,785,736,49
S01009494,497,458,39
S01009495,375,350,25
S01009496,371,254,117
S01009497,485,406,79
S01009498,276,255,21
S01009499,357,275,82
S01009500,420,231,189
S01009501,362,210,152
S01009502,442,277,165
S01009503,462,315,147
S01009504,374,215,159
S01009505,412,203,209
S01009506,541,286,255
S01009507,443,336,107
S01009508,534,313,221
S01009509,466,287,179
S01009510,344,309,35
S01009511,383,342,41
S01009512,402,367,35
S01009513,404,364,40
S01009514,339,321,18
S01009515,409,241,168
S01009516,505,364,141
S01009517,46,29,17
S01009518,778,733,45
S01009519,389,320,69
S01009520,1063,978,85
S01009521,400,272,128
S01009522,462,333,129
S01009523,338,199,139
S01009524,428,244,184
S01009525,254,152,102
S01009526,365,285,80
S01009527,483,309,174
S01009528,513,303,210
S01009529,496,342,154
S01009530,381,333,48
S01009531,479,276,203
S01009532,550,283,267
S01009533,541,309,232
S01009534,427,206,221
S01009535,441,212,229
S01009536,228,154,74
S01009537,313,210,103
S01009538,541,347,194
S01009539,440,315,125
S01009540,550,309,241
S01009541,554,446,108
S01009542,523,341,182
S01009543,458,375,83
S01009544,501,400,101
S01009545,466,386,80
S01009546,331,238,93
S01009547,463,348,115
S01009548,460,347,113
S01009549,550,463,87
S01009550,230,187,43
S01009551,284,219,65
S01009552,743,596,147
S01009553,502,338,164
S01009554,399,263,136
S01009555,437,328,109
S01009556,406,273,133
S01009557,423,278,145
S01009558,291,177,114
S01009559,527,345,182
S01009560,391,228,163
S01009561,302,178,124
S01009562,479,355,124
S01009563,428,305,123
S01009564,315,218,97
S01009565,246,162,84
S01009566,650,555,95
S01009567,442,314,128
S01009568,390,274,116
S01009569,461,327,134
S01009570,290,165,125
S01009571,330,170,160
S01009572,499,282,217
S01009573,329,176,153
S01009574,609,431,178
S01009575,381,256,125
S01009576,520,492,28
S01009577,321,304,17
S01009578,461,346,115
S01009579,132,105,27
S01009580,432,408,24
S01009581,345,257,88
S01009582,264,195,69
S01009583,336,231,105
S01009584,219,196,23
S01009585,523,404,119
S01009586,502,347,155
S01009587,475,314,161
S01009588,436,319,117
S01009589,453,348,105
S01009590,333,317,16
S01009591,413,375,38
S01009592,446,400,46
S01009593,269,249,20
S01009594,238,226,12
S01009595,314,270,44
S01009596,454,352,102
S01009597,461,286,175
S01009598,319,200,119
S01009599,522,385,137
S01009600,488,306,182
S01009601,396,289,107
S01009602,291,276,15
S01009603,308,249,59
S01009604,329,255,74
S01009605,422,321,101
S01009606,296,279,17
S01009607,208,197,11
S01009608,287,191,96
S01009609,480,412,68
S01009610,540,395,145
S01009611,176,168,8
S01009612,272,214,58
S01009613,269,253,16
S01009614,269,242,27
S01009615,270,232,38
S01009616,712,618,94
S01009617,326,296,30
S01009618,482,322,160
S01009619,361,225,136
S01009620,452,275,177
S01009621,394,249,145
S01009622,459,223,236
S01009623,339,231,108
S01009624,408,276,132
S01009625,677,515,162
S01009626,349,213,136
S01009627,394,261,133
S01009628,309,177,132
S01009629,653,498,155
S01009630,343,220,123
S01009631,444,212,232
S01009632,373,167,206
S01009633,297,170,127
S01009634,380,221,159
S01009635,631,378,253
S01009636,521,245,276
S01009637,449,279,170
S01009638,292,178,114
S01009639,418,353,65
S01009640,483,294,189
S01009641,520,267,253
S01009642,520,352,168
S01009643,316,307,9
S01009644,241,166,75
S01009645,423,286,137
S01009646,307,226,81
S01009647,318,179,139
S01009648,556,392,164
S01009649,633,486,147
S01009650,343,308,35
S01009651,427,372,55
S01009652,532,465,67
S01009653,342,309,33
S01009654,274,235,39
S01009655,400,281,119
S01009656,433,244,189
S01009657,412,301,111
S01009658,475,388,87
S01009659,311,190,121
S01009660,440,313,127
S01009661,691,655,36
S01009662,359,319,40
S01009663,336,296,40
S01009664,469,440,29
S01009665,602,522,80
S01009666,518,430,88
S01009667,223,206,17
S01009668,243,223,20
S01009669,282,243,39
S01009670,340,286,54
S01009671,391,348,43
S01009672,559,453,106
S01009673,392,334,58
S01009674,510,447,63
S01009675,379,337,42
S01009676,595,512,83
S01009677,341,313,28
S01009678,273,216,57
S01009679,551,412,139
S01009680,570,445,125
S01009681,291,257,34
S01009682,387,322,65
S01009683,364,262,102
S01009684,519,485,34
S01009685,418,371,47
S01009686,647,435,212
S01009687,446,366,80
S01009688,583,354,229
S01009689,333,195,138
S01009690,390,272,118
S01009691,322,267,55
S01009692,577,468,109
S01009693,351,322,29
S01009694,539,475,64
S01009695,434,382,52
S01009696,472,421,51
S01009697,354,310,44
S01009698,282,270,12
S01009699,279,248,31
S01009700,297,266,31
S01009701,388,341,47
S01009702,265,251,14
S01009703,417,320,97
S01009704,503,426,77
S01009705,363,266,97
S01009706,382,292,90
S01009707,218,184,34
S01009708,319,276,43
S01009709,394,308,86
S01009710,287,239,48
S01009711,442,316,126
S01009712,309,270,39
S01009713,444,360,84
S01009714,453,389,64
S01009715,334,295,39
S01009716,574,442,132
S01009717,501,313,188
S01009718,409,254,155
S01009719,442,286,156
S01009720,416,256,160
S01009721,263,98,165
S01009722,387,178,209
S01009723,344,138,206
S01009724,551,246,305
S01009725,430,235,195
S01009726,209,103,106
S01009727,615,542,73
S01009728,333,287,46
S01009729,435,381,54
S01009730,702,586,116
S01009731,443,347,96
S01009732,578,331,247
S01009733,310,294,16
S01009734,587,543,44
S01009735,363,314,49
S01009736,435,214,221
S01009737,323,264,59
S01009738,214,161,53
S01009739,275,255,20
S01009740,356,250,106
S01009741,164,152,12
S01009742,206,192,14
S01009743,533,486,47
S01009744,358,324,34
S01009745,502,450,52
S01009746,353,330,23
S01009747,488,375,113
S01009748,299,249,50
S01009749,425,352,73
S01009750,350,252,98
S01009751,454,343,111
S01009752,382,358,24
S01009753,393,300,93
S01009754,705,545,160
S01009755,281,245,36
S01009756,380,338,42
S01009757,331,305,26
S01009758,445,333,112
S01009759,527,193,334
S01009760,505,205,300
S01009761,806,686,120
S01009762,462,181,281
S01009763,165,149,16
S01009764,490,270,220
S01009765,442,270,172
S01009766,355,281,74
S01009767,712,565,147
S01009768,341,184,157
S01009769,597,397,200
S01009770,302,263,39
S01009771,294,268,26
S01009772,700,608,92
S01009773,73,55,18
S01009774,36,31,5
S01009775,359,142,217
S01009776,505,185,320
S01009777,307,109,198
S01009778,558,209,349
S01009779,378,109,269
S01009780,498,265,233
S01009781,334,144,190
S01009782,393,243,150
S01009783,310,161,149
S01009784,382,171,211
S01009785,480,209,271
S01009786,499,166,333
S01009787,366,140,226
S01009788,576,303,273
S01009789,519,270,249
S01009790,408,240,168
S01009791,321,143,178
S01009792,151,131,20
S01009793,440,340,100
S01009794,181,166,15
S01009795,363,326,37
S01009796,726,604,122
S01009797,367,320,47
S01009798,438,310,128
S01009799,588,249,339
S01009800,504,241,263
S01009801,486,224,262
S01009802,431,231,200
S01009803,496,226,270
S01009804,576,490,86
S01009805,374,194,180
S01009806,609,274,335
S01009807,421,225,196
S01009808,671,194,477
S01009809,515,256,259
S01009810,505,192,313
S01009811,616,292,324
S01009812,432,213,219
S01009813,540,193,347
S01009814,508,284,224
S01009815,486,271,215
S01009816,487,323,164
S01009817,419,243,176
S01009818,421,318,103
S01009819,459,297,162
S01009820,445,259,186
S01009821,295,208,87
S01009822,342,208,134
S01009823,455,211,244
S01009824,488,260,228
S01009825,560,282,278
S01009826,320,177,143
S01009827,367,188,179
S01009828,571,242,329
S01009829,579,289,290
S01009830,392,212,180
S01009831,493,329,164
S01009832,534,296,238
S01009833,269,192,77
S01009834,534,280,254
S01009835,305,123,182
S01009836,414,264,150
S01009837,501,233,268
S01009838,433,176,257
S01009839,666,195,471
S01009840,475,229,246
S01009841,654,201,453
S01009842,482,177,305
S01009843,370,106,264
S01009844,443,94,349
S01009845,760,196,564
S01009846,531,219,312
S01009847,411,170,241
S01009848,383,190,193
S01009849,613,189,424
S01009850,548,239,309
S01009851,578,224,354
S01009852,257,152,105
S01009853,461,254,207
S01009854,443,242,201
S01009855,322,223,99
S01009856,308,162,146
S01009857,374,251,123
S01009858,450,262,188
S01009859,607,183,424
S01009860,592,180,412
S01009861,698,218,480
S01009862,607,178,429
S01009863,563,184,379
S01009864,483,154,329
S01009865,315,132,183
S01009866,519,255,264
S01009867,673,398,275
S01009868,525,292,233
S01009869,436,182,254
S01009870,404,147,257
S01009871,587,243,344
S01009872,419,163,256
S01009873,445,231,214
S01009874,497,304,193
S01009875,377,174,203
S01009876,514,204,310
S01009877,360,292,68
S01009878,252,149,103
S01009879,386,353,33
S01009880,430,337,93
S01009881,350,205,145
S01009882,783,464,319
S01009883,519,336,183
S01009884,382,232,150
S01009885,251,187,64
S01009886,277,150,127
S01009887,584,181,403
S01009888,332,144,188
S01009889,471,201,270
S01009890,402,132,270
S01009891,430,155,275
S01009892,675,224,451
S01009893,487,176,311
S01009894,571,150,421
S01009895,481,164,317
S01009896,620,220,400
S01009897,622,310,312
S01009898,432,199,233
S01009899,606,308,298
S01009900,677,418,259
S01009901,567,357,210
S01009902,621,274,347
S01009903,393,258,135
S01009904,456,240,216
S01009905,372,146,226
S01009906,331,144,187
S01009907,883,335,548
S01009908,677,384,293
S01009909,509,249,260
S01009910,421,232,189
S01009911,519,395,124
S01009912,428,342,86
S01009913,326,300,26
S01009914,408,361,47
S01009915,402,335,67
S01009916,413,355,58
S01009917,385,305,80
S01009918,354,288,66
S01009919,650,313,337
S01009920,618,399,219
S01009921,484,273,211
S01009922,789,468,321
S01009923,613,338,275
S01009924,649,343,306
S01009925,641,332,309
S01009926,505,301,204
S01009927,351,240,111
S01009928,469,386,83
S01009929,272,196,76
S01009930,589,337,252
S01009931,550,359,191
S01009932,581,389,192
S01009933,958,433,525
S01009934,660,456,204
S01009935,521,154,367
S01009936,613,314,299
S01009937,423,91,332
S01009938,590,235,355
S01009939,668,114,554
S01009940,438,153,285
S01009941,442,319,123
S01009942,520,219,301
S01009943,645,258,387
S01009944,433,282,151
S01009945,545,268,277
S01009946,452,281,171
S01009947,390,232,158
S01009948,594,304,290
S01009949,420,247,173
S01009950,256,242,14
S01009951,302,264,38
S01009952,460,327,133
S01009953,532,407,125
S01009954,263,205,58
S01009955,500,350,150
S01009956,373,219,154
S01009957,527,424,103
S01009958,473,397,76
S01009959,391,319,72
S01009960,627,419,208
S01009961,293,194,99
S01009962,635,382,253
S01009963,487,420,67
S01009964,515,355,160
S01009965,374,301,73
S01009966,441,378,63
S01009967,494,373,121
S01009968,232,184,48
S01009969,600,444,156
S01009970,540,169,371
S01009971,674,350,324
S01009972,407,254,153
S01009973,346,192,154
S01009974,465,138,327
S01009975,432,138,294
S01009976,385,137,248
S01009977,632,164,468
S01009978,572,214,358
S01009979,448,160,288
S01009980,312,84,228
S01009981,411,143,268
S01009982,428,222,206
S01009983,341,76,265
S01009984,482,225,257
S01009985,270,70,200
S01009986,343,109,234
S01009987,472,166,306
S01009988,379,106,273
S01009989,446,256,190
S01009990,435,260,175
S01009991,437,297,140
S01009992,452,138,314
S01009993,349,261,88
S01009994,302,216,86
S01009995,269,172,97
S01009996,381,230,151
S01009997,278,176,102
S01009998,364,296,68
S01009999,340,274,66
S01010000,367,229,138
S01010001,332,213,119
S01010002,585,359,226
S01010003,388,303,85
S01010004,357,284,73
S01010005,649,293,356
S01010006,863,430,433
S01010007,429,318,111
S01010008,476,305,171
S01010009,462,220,242
S01010010,620,487,133
S01010011,613,262,351
S01010012,602,451,151
S01010013,594,281,313
S01010014,693,381,312
S01010015,511,300,211
S01010016,325,178,147
S01010017,426,178,248
S01010018,639,230,409
S01010019,658,150,508
S01010020,469,220,249
S01010021,400,82,318
S01010022,528,195,333
S01010023,838,237,601
S01010024,421,200,221
S01010025,528,143,385
S01010026,1022,384,638
S01010027,954,475,479
S01010028,458,129,329
S01010029,316,89,227
S01010030,507,258,249
S01010031,579,345,234
S01010032,680,292,388
S01010033,600,211,389
S01010034,615,198,417
S01010035,437,102,335
S01010036,835,431,404
S01010037,604,182,422
S01010038,782,225,557
S01010039,628,265,363
S01010040,524,240,284
S01010041,644,241,403
S01010042,806,375,431
S01010043,540,173,367
S01010044,836,336,500
S01010045,405,102,303
S01010046,586,234,352
S01010047,583,142,441
S01010048,737,257,480
S01010049,557,134,423
S01010050,540,126,414
S01010051,501,110,391
S01010052,372,90,282
S01010053,384,179,205
S01010054,342,103,239
S01010055,591,193,398
S01010056,282,76,206
S01010057,283,99,184
S01010058,489,166,323
S01010059,431,180,251
S01010060,532,172,360
S01010061,421,248,173
S01010062,380,188,192
S01010063,615,225,390
S01010064,365,172,193
S01010065,413,161,252
S01010066,342,132,210
S01010067,538,207,331
S01010068,409,178,231
S01010069,415,320,95
S01010070,238,210,28
S01010071,423,268,155
S01010072,503,310,193
S01010073,456,299,157
S01010074,455,366,89
S01010075,380,202,178
S01010076,365,228,137
S01010077,348,184,164
S01010078,261,211,50
S01010079,349,314,35
S01010080,348,288,60
S01010081,453,393,60
S01010082,407,302,105
S01010083,477,287,190
S01010084,542,285,257
S01010085,465,341,124
S01010086,459,233,226
S01010087,247,209,38
S01010088,550,498,52
S01010089,506,302,204
S01010090,471,339,132
S01010091,678,596,82
S01010092,554,259,295
S01010093,417,287,130
S01010094,492,379,113
S01010095,475,406,69
S01010096,364,286,78
S01010097,286,209,77
S01010098,277,234,43
S01010099,378,305,73
S01010100,382,298,84
S01010101,465,331,134
S01010102,259,231,28
S01010103,315,284,31
S01010104,379,330,49
S01010105,314,141,173
S01010106,299,123,176
S01010107,500,203,297
S01010108,374,177,197
S01010109,931,632,299
S01010110,543,182,361
S01010111,519,169,350
S01010112,510,184,326
S01010113,244,95,149
S01010114,411,105,306
S01010115,230,170,60
S01010116,571,365,206
S01010117,541,471,70
S01010118,345,87,258
S01010119,209,91,118
S01010120,444,152,292
S01010121,369,133,236
S01010122,232,73,159
S01010123,299,104,195
S01010124,320,215,105
S01010125,434,166,268
S01010126,271,179,92
S01010127,341,137,204
S01010128,356,88,268
S01010129,499,150,349
S01010130,458,183,275
S01010131,500,344,156
S01010132,577,227,350
S01010133,495,179,316
S01010134,708,286,422
S01010135,579,254,325
S01010136,487,263,224
S01010137,721,307,414
S01010138,688,207,481
S01010139,639,290,349
S01010140,512,265,247
S01010141,606,183,423
S01010142,325,158,167
S01010143,431,203,228
S01010144,372,154,218
S01010145,397,181,216
S01010146,663,250,413
S01010147,587,209,378
S01010148,612,283,329
S01010149,323,196,127
S01010150,436,171,265
S01010151,475,196,279
S01010152,476,235,241
S01010153,538,237,301
S01010154,475,204,271
S01010155,414,195,219
S01010156,499,220,279
S01010157,425,205,220
S01010158,461,221,240
S01010159,353,180,173
S01010160,420,131,289
S01010161,381,210,171
S01010162,467,124,343
S01010163,493,223,270
S01010164,321,161,160
S01010165,275,104,171
S01010166,670,372,298
S01010167,533,203,330
S01010168,291,139,152
S01010169,367,156,211
S01010170,438,196,242
S01010171,704,295,409
S01010172,524,203,321
S01010173,479,248,231
S01010174,296,185,111
S01010175,216,111,105
S01010176,543,247,296
S01010177,315,110,205
S01010178,435,184,251
S01010179,724,330,394
S01010180,377,198,179
S01010181,465,202,263
S01010182,505,387,118
S01010183,612,416,196
S01010184,286,127,159
S01010185,328,118,210
S01010186,246,211,35
S01010187,406,307,99
S01010188,785,649,136
S01010189,336,313,23
S01010190,89,67,22
S01010191,266,243,23
S01010192,374,336,38
S01010193,380,312,68
S01010194,310,142,168
S01010195,384,210,174
S01010196,308,150,158
S01010197,303,150,153
S01010198,435,211,224
S01010199,311,126,185
S01010200,305,137,168
S01010201,386,235,151
S01010202,365,97,268
S01010203,305,222,83
S01010204,557,208,349
S01010205,355,136,219
S01010206,255,14,241
S01010207,326,91,235
S01010208,657,269,388
S01010209,473,221,252
S01010210,510,252,258
S01010211,499,143,356
S01010212,649,201,448
S01010213,572,238,334
S01010214,396,263,133
S01010215,610,196,414
S01010216,608,149,459
S01010217,492,167,325
S01010218,698,291,407
S01010219,395,70,325
S01010220,362,194,168
S01010221,315,86,229
S01010222,416,181,235
S01010223,402,140,262
S01010224,597,148,449
S01010225,509,219,290
S01010226,407,79,328
S01010227,415,85,330
S01010228,384,129,255
S01010229,556,226,330
S01010230,794,185,609
S01010231,514,140,374
S01010232,390,147,243
S01010233,778,200,578
S01010234,634,274,360
S01010235,446,295,151
S01010236,378,194,184
S01010237,556,271,285
S01010238,597,272,325
S01010239,573,190,383
S01010240,649,247,402
S01010241,623,241,382
S01010242,712,225,487
S01010243,805,215,590
S01010244,603,159,444
S01010245,596,135,461
S01010246,576,151,425
S01010247,468,246,222
S01010248,515,242,273
S01010249,585,227,358
S01010250,565,231,334
S01010251,371,196,175
S01010252,364,187,177
S01010253,426,143,283
S01010254,638,237,401
S01010255,567,138,429
S01010256,642,173,469
S01010257,705,212,493
S01010258,950,318,632
S01010259,667,138,529
S01010260,557,195,362
S01010261,766,156,610
S01010262,762,201,561
S01010263,493,136,357
S01010264,869,272,597
S01010265,752,284,468
S01010266,391,175,216
S01010267,407,107,300
S01010268,493,200,293
S01010269,604,178,426
S01010270,992,254,738
S01010271,411,136,275
S01010272,883,208,675
S01010273,648,211,437
S01010274,407,195,212
S01010275,837,231,606
S01010276,625,483,142
S01010277,305,117,188
S01010278,735,243,492
S01010279,428,159,269
S01010280,482,205,277
S01010281,466,200,266
S01010282,791,314,477
S01010283,459,248,211
S01010284,825,379,446
S01010285,556,281,275
S01010286,871,451,420
S01010287,488,239,249
S01010288,516,305,211
S01010289,380,303,77
S01010290,429,200,229
S01010291,508,196,312
S01010292,545,278,267
S01010293,409,149,260
S01010294,408,183,225
S01010295,427,199,228
S01010296,370,189,181
S01010297,574,169,405
S01010298,578,177,401
S01010299,342,112,230
S01010300,788,255,533
S01010301,283,136,147
S01010302,528,119,409
S01010303,297,73,224
S01010304,445,127,318
S01010305,685,273,412
S01010306,489,218,271
S01010307,476,286,190
S01010308,480,273,207
S01010309,360,111,249
S01010310,485,142,343
S01010311,544,136,408
S01010312,502,122,380
S01010313,697,199,498
S01010314,663,233,430
S01010315,512,266,246
S01010316,540,242,298
S01010317,709,396,313
S01010318,397,160,237
S01010319,616,273,343
S01010320,482,174,308
S01010321,626,271,355
S01010322,702,450,252
S01010323,456,82,374
S01010324,489,223,266
S01010325,552,236,316
S01010326,666,247,419
S01010327,517,293,224
S01010328,533,294,239
S01010329,257,111,146
S01010330,321,126,195
S01010331,686,266,420
S01010332,401,193,208
S01010333,487,216,271
S01010334,637,303,334
S01010335,471,215,256
S01010336,564,253,311
S01010337,381,178,203
S01010338,414,153,261
S01010339,403,173,230
S01010340,401,157,244
S01010341,357,238,119
S01010342,408,265,143
S01010343,525,445,80
S01010344,549,178,371
S01010345,227,195,32
S01010346,461,322,139
S01010347,466,206,260
S01010348,536,275,261
S01010349,563,254,309
S01010350,649,243,406
S01010351,496,238,258
S01010352,398,187,211
S01010353,620,123,497
S01010354,375,146,229
S01010355,625,223,402
S01010356,347,198,149
S01010357,398,126,272
S01010358,543,158,385
S01010359,618,161,457
S01010360,285,111,174
S01010361,357,60,297
S01010362,722,203,519
S01010363,394,271,123
S01010364,438,372,66
S01010365,534,447,87
S01010366,694,513,181
S01010367,546,439,107
S01010368,426,349,77
S01010369,455,238,217
S01010370,335,247,88
S01010371,554,342,212
S01010372,408,285,123
S01010373,408,247,161
S01010374,509,329,180
S01010375,406,228,178
S01010376,487,208,279
S01010377,418,168,250
S01010378,369,181,188
S01010379,615,291,324
S01010380,595,323,272
S01010381,646,307,339
S01010382,536,261,275
S01010383,510,175,335
S01010384,779,383,396
S01010385,578,242,336
S01010386,709,320,389
S01010387,961,452,509
S01010388,635,235,400
S01010389,1114,821,293
S01010390,865,376,489
S01010391,1855,1195,660
S01010392,1229,865,364
S01010393,1000,490,510
S01010394,579,235,344
S01010395,749,342,407
S01010396,585,248,337
S01010397,510,304,206
S01010398,583,386,197
S01010399,965,641,324
S01010400,530,381,149
S01010401,454,257,197
S01010402,575,407,168
S01010403,552,429,123
S01010404,630,465,165
S01010405,515,387,128
S01010406,515,290,225
S01010407,606,313,293
S01010408,322,217,105
S01010409,533,436,97
S01010410,248,217,31
S01010411,540,488,52
S01010412,496,358,138
S01010413,510,392,118
S01010414,572,415,157
S01010415,655,293,362
S01010416,382,317,65
S01010417,286,212,74
S01010418,663,425,238
S01010419,798,591,207
S01010420,459,365,94
S01010421,346,286,60
S01010422,526,342,184
S01010423,614,270,344
S01010424,564,257,307
S01010425,621,247,374
S01010426,644,275,369
S01010427,609,243,366
S01010428,712,454,258
S01010429,388,332,56
S01010430,544,215,329
S01010431,420,304,116
S01010432,464,201,263
S01010433,400,105,295
S01010434,425,138,287
S01010435,328,174,154
S01010436,433,152,281
S01010437,269,122,147
S01010438,488,238,250
S01010439,668,356,312
S01010440,478,254,224
S01010441,542,352,190
S01010442,450,204,246
S01010443,334,195,139
S01010444,289,154,135
S01010445,398,210,188
S01010446,329,231,98
S01010447,559,255,304
S01010448,451,300,151
S01010449,468,264,204
S01010450,477,234,243
S01010451,568,236,332
S01010452,460,234,226
S01010453,597,206,391
S01010454,529,314,215
S01010455,604,174,430
S01010456,354,189,165
S01010457,553,247,306
S01010458,443,207,236
S01010459,372,209,163
S01010460,386,293,93
S01010461,520,256,264
S01010462,550,119,431
S01010463,376,247,129
S01010464,314,183,131
S01010465,486,376,110
S01010466,802,495,307
S01010467,522,357,165
S01010468,514,370,144
S01010469,549,232,317
S01010470,414,235,179
S01010471,445,224,221
S01010472,671,529,142
S01010473,591,328,263
S01010474,564,301,263
S01010475,694,528,166
S01010476,523,307,216
S01010477,469,287,182
S01010478,831,405,426
S01010479,512,296,216
S01010480,389,251,138
S01010481,359,169,190
S01010482,455,265,190
S01010483,585,340,245
S01010484,448,284,164
S01010485,437,292,145
S01010486,480,399,81
S01010487,476,297,179
S01010488,588,254,334
S01010489,615,253,362
S01010490,377,115,262
S01010491,493,162,331
S01010492,336,124,212
S01010493,529,158,371
S01010494,309,151,158
S01010495,573,204,369
S01010496,815,193,622
S01010497,429,211,218
S01010498,625,212,413
S01010499,581,194,387
S01010500,485,208,277
S01010501,415,197,218
S01010502,318,203,115
S01010503,386,133,253
S01010504,247,216,31
S01010505,288,258,30
S01010506,405,325,80
S01010507,477,371,106
S01010508,516,455,61
S01010509,503,437,66
S01010510,682,550,132
S01010511,528,368,160
S01010512,405,299,106
S01010513,357,320,37
S01010514,377,264,113
S01010515,398,274,124
S01010516,270,210,60
S01010517,497,332,165
S01010518,408,307,101
S01010519,356,276,80
S01010520,509,380,129
S01010521,450,317,133
S01010522,357,234,123
S01010523,433,247,186
S01010524,264,236,28
S01010525,316,295,21
S01010526,409,349,60
S01010527,607,446,161
S01010528,335,313,22
S01010529,434,401,33
S01010530,313,289,24
S01010531,496,420,76
S01010532,366,339,27
S01010533,410,345,65
S01010534,488,402,86
S01010535,305,286,19
S01010536,569,422,147
S01010537,595,439,156
S01010538,463,386,77
S01010539,463,388,75
S01010540,298,269,29
S01010541,362,332,30
S01010542,456,394,62
S01010543,255,240,15
S01010544,555,457,98
S01010545,344,257,87
S01010546,456,382,74
S01010547,313,298,15
S01010548,262,244,18
S01010549,525,473,52
S01010550,301,251,50
S01010551,328,299,29
S01010552,427,396,31
S01010553,261,254,7
S01010554,396,283,113
S01010555,507,344,163
S01010556,476,308,168
S01010557,317,242,75
S01010558,303,220,83
S01010559,351,279,72
S01010560,291,257,34
S01010561,402,351,51
S01010562,427,357,70
S01010563,357,227,130
S01010564,421,287,134
S01010565,410,329,81
S01010566,453,424,29
S01010567,441,427,14
S01010568,581,535,46
S01010569,364,338,26
S01010570,613,500,113
S01010571,461,406,55
S01010572,463,329,134
S01010573,283,224,59
S01010574,236,217,19
S01010575,361,333,28
S01010576,326,305,21
S01010577,354,245,109
S01010578,203,164,39
S01010579,325,282,43
S01010580,305,231,74
S01010581,372,309,63
S01010582,256,231,25
S01010583,440,396,44
S01010584,781,695,86
S01010585,776,701,75
S01010586,272,260,12
S01010587,350,319,31
S01010588,359,311,48
S01010589,988,836,152
S01010590,707,650,57
S01010591,253,235,18
S01010592,198,161,37
S01010593,938,864,74
S01010594,722,656,66
S01010595,716,650,66
S01010596,1325,1229,96
S01010597,966,884,82
S01010598,1017,931,86
S01010599,351,323,28
S01010600,703,628,75
S01010601,340,292,48
S01010602,312,272,40
S01010603,369,317,52
S01010604,355,317,38
S01010605,583,521,62
S01010606,469,322,147
S01010607,455,381,74
S01010608,347,183,164
S01010609,242,158,84
S01010610,360,308,52
S01010611,608,412,196
S01010612,316,258,58
S01010613,395,267,128
S01010614,333,191,142
S01010615,481,354,127
S01010616,402,332,70
S01010617,405,354,51
S01010618,422,378,44
S01010619,643,346,297
S01010620,445,145,300
S01010621,527,380,147
S01010622,333,162,171
S01010623,366,289,77
S01010624,284,181,103
S01010625,333,292,41
S01010626,415,354,61
S01010627,486,339,147
S01010628,561,369,192
S01010629,551,385,166
S01010630,309,191,118
S01010631,466,304,162
S01010632,486,298,188
S01010633,476,248,228
S01010634,264,165,99
S01010635,351,205,146
S01010636,463,339,124
S01010637,522,252,270
S01010638,490,291,199
S01010639,675,325,350
S01010640,452,276,176
S01010641,705,304,401
S01010642,475,202,273
S01010643,335,165,170
S01010644,436,136,300
S01010645,380,322,58
S01010646,348,300,48
S01010647,306,257,49
S01010648,464,334,130
S01010649,361,278,83
S01010650,294,247,47
S01010651,295,201,94
S01010652,345,281,64
S01010653,392,322,70
S01010654,348,237,111
S01010655,426,402,24
S01010656,291,259,32
S01010657,361,339,22
S01010658,438,380,58
S01010659,333,321,12
S01010660,410,334,76
S01010661,382,285,97
S01010662,377,352,25
S01010663,610,569,41
S01010664,324,313,11
S01010665,475,427,48
S01010666,611,517,94
S01010667,336,321,15
S01010668,593,522,71
S01010669,266,235,31
S01010670,401,357,44
S01010671,397,340,57
S01010672,636,486,150
S01010673,506,425,81
S01010674,538,448,90
S01010675,414,366,48
S01010676,511,445,66
S01010677,224,205,19
S01010678,472,388,84
S01010679,737,554,183
S01010680,382,286,96
S01010681,567,433,134
S01010682,551,505,46
S01010683,423,368,55
S01010684,492,434,58
S01010685,370,328,42
S01010686,309,274,35
S01010687,476,402,74
S01010688,398,355,43
S01010689,483,429,54
S01010690,442,323,119
S01010691,433,391,42
S01010692,307,253,54
S01010693,173,159,14
S01010694,390,347,43
S01010695,304,283,21
S01010696,469,407,62
S01010697,458,428,30
S01010698,338,305,33
S01010699,250,241,9
S01010700,258,236,22
S01010701,542,466,76
S01010702,449,425,24
S01010703,375,355,20
S01010704,556,451,105
S01010705,537,474,63
S01010706,369,303,66
S01010707,293,277,16
S01010708,454,390,64
S01010709,376,324,52
S01010710,400,314,86
S01010711,319,287,32
S01010712,321,254,67
S01010713,430,325,105
S01010714,419,245,174
S01010715,387,264,123
S01010716,479,329,150
S01010717,447,387,60
S01010718,453,394,59
S01010719,381,337,44
S01010720,398,325,73
S01010721,394,340,54
S01010722,519,440,79
S01010723,417,391,26
S01010724,354,325,29
S01010725,340,316,24
S01010726,482,422,60
S01010727,293,278,15
S01010728,389,374,15
S01010729,354,337,17
S01010730,343,330,13
S01010731,399,314,85
S01010732,334,245,89
S01010733,408,269,139
S01010734,411,265,146
S01010735,423,336,87
S01010736,218,205,13
S01010737,487,344,143
S01010738,501,374,127
S01010739,388,283,105
S01010740,325,192,133
S01010741,289,233,56
S01010742,390,278,112
S01010743,367,265,102
S01010744,491,406,85
S01010745,363,240,123
S01010746,441,401,40
S01010747,507,415,92
S01010748,280,243,37
S01010749,316,293,23
S01010750,287,265,22
S01010751,452,326,126
S01010752,465,327,138
S01010753,555,431,124
S01010754,507,355,152
S01010755,397,289,108
S01010756,360,328,32
S01010757,423,373,50
S01010758,305,266,39
S01010759,331,247,84
S01010760,402,330,72
S01010761,222,209,13
S01010762,263,233,30
S01010763,441,365,76
S01010764,289,261,28
S01010765,581,496,85
S01010766,359,272,87
S01010767,347,247,100
S01010768,355,267,88
S01010769,217,200,17
S01010770,385,313,72
S01010771,502,381,121
S01010772,376,328,48
S01010773,336,290,46
S01010774,591,480,111
S01010775,266,240,26
S01010776,429,267,162
S01010777,270,129,141
S01010778,329,171,158
S01010779,442,276,166
S01010780,294,223,71
S01010781,426,333,93
S01010782,293,191,102
S01010783,427,264,163
S01010784,528,328,200
S01010785,354,287,67
S01010786,255,221,34
S01010787,384,337,47
S01010788,274,242,32
S01010789,368,325,43
S01010790,343,315,28
S01010791,427,382,45
S01010792,514,412,102
S01010793,275,252,23
S01010794,234,206,28
S01010795,586,515,71
S01010796,618,565,53
S01010797,329,299,30
S01010798,293,265,28
S01010799,586,370,216
S01010800,396,266,130
S01010801,399,260,139
S01010802,291,209,82
S01010803,280,176,104
S01010804,383,283,100
S01010805,579,443,136
S01010806,458,254,204
S01010807,244,187,57
S01010808,230,189,41
S01010809,428,378,50
S01010810,249,204,45
S01010811,446,389,57
S01010812,238,194,44
S01010813,428,354,74
S01010814,354,315,39
S01010815,270,232,38
S01010816,375,309,66
S01010817,492,446,46
S01010818,742,572,170
S01010819,468,383,85
S01010820,518,443,75
S01010821,345,329,16
S01010822,280,271,9
S01010823,254,162,92
S01010824,424,395,29
S01010825,567,506,61
S01010826,315,279,36
S01010827,268,238,30
S01010828,441,402,39
S01010829,555,459,96
S01010830,231,184,47
S01010831,197,188,9
S01010832,284,235,49
S01010833,482,439,43
S01010834,702,641,61
S01010835,318,300,18
S01010836,454,378,76
S01010837,360,276,84
S01010838,478,339,139
S01010839,417,296,121
S01010840,332,218,114
S01010841,638,414,224
S01010842,660,286,374
S01010843,494,248,246
S01010844,365,289,76
S01010845,259,209,50
S01010846,356,248,108
S01010847,317,278,39
S01010848,364,193,171
S01010849,364,206,158
S01010850,421,195,226
S01010851,407,218,189
S01010852,347,231,116
S01010853,409,266,143
S01010854,384,217,167
S01010855,223,118,105
S01010856,455,216,239
S01010857,378,264,114
S01010858,534,279,255
S01010859,323,192,131
S01010860,390,234,156
S01010861,387,181,206
S01010862,314,122,192
S01010863,360,284,76
S01010864,272,230,42
S01010865,345,293,52
S01010866,370,290,80
S01010867,334,262,72
S01010868,306,249,57
S01010869,463,406,57
S01010870,513,360,153
S01010871,408,279,129
S01010872,479,284,195
S01010873,524,160,364
S01010874,363,287,76
S01010875,336,187,149
S01010876,393,183,210
S01010877,705,411,294
S01010878,586,328,258
S01010879,514,355,159
S01010880,321,175,146
S01010881,368,234,134
S01010882,350,275,75
S01010883,418,276,142
S01010884,662,248,414
S01010885,746,274,472
S01010886,325,141,184
S01010887,417,133,284
S01010888,675,317,358
S01010889,538,215,323
S01010890,573,156,417
S01010891,473,202,271
S01010892,576,189,387
S01010893,535,256,279
S01010894,398,210,188
S01010895,307,125,182
S01010896,546,213,333
S01010897,429,191,238
S01010898,500,334,166
S01010899,271,200,71
S01010900,409,222,187
S01010901,205,94,111
S01010902,453,263,190
S01010903,479,174,305
S01010904,271,112,159
S01010905,428,279,149
S01010906,383,248,135
S01010907,232,210,22
S01010908,473,340,133
S01010909,431,350,81
S01010910,434,194,240
S01010911,590,192,398
S01010912,445,160,285
S01010913,293,219,74
S01010914,402,331,71
S01010915,366,295,71
S01010916,425,157,268
S01010917,452,208,244
S01010918,589,338,251
S01010919,378,213,165
S01010920,303,145,158
S01010921,305,176,129
S01010922,395,187,208
S01010923,536,285,251
S01010924,290,165,125
S01010925,386,197,189
S01010926,441,242,199
S01010927,405,214,191
S01010928,340,182,158
S01010929,383,217,166
S01010930,357,339,18
S01010931,203,193,10
S01010932,626,491,135
S01010933,327,297,30
S01010934,479,400,79
S01010935,401,302,99
S01010936,404,245,159
S01010937,323,257,66
S01010938,441,258,183
S01010939,308,256,52
S01010940,268,245,23
S01010941,483,456,27
S01010942,268,247,21
S01010943,343,242,101
S01010944,384,220,164
S01010945,222,157,65
S01010946,437,298,139
S01010947,354,243,111
S01010948,288,206,82
S01010949,511,459,52
S01010950,380,278,102
S01010951,297,238,59
S01010952,304,243,61
S01010953,300,247,53
S01010954,413,365,48
S01010955,402,353,49
S01010956,419,380,39
S01010957,231,209,22
S01010958,282,233,49
S01010959,403,335,68
S01010960,588,463,125
S01010961,590,448,142
S01010962,385,275,110
S01010963,429,338,91
S01010964,216,166,50
S01010965,460,275,185
S01010966,453,323,130
S01010967,399,294,105
S01010968,397,318,79
S01010969,318,243,75
S01010970,633,464,169
S01010971,646,550,96
S01010972,374,257,117
S01010973,261,220,41
S01010974,485,328,157
S01010975,261,169,92
S01010976,815,707,108
S01010977,312,240,72
S01010978,446,273,173
S01010979,354,247,107
S01010980,386,256,130
S01010981,330,224,106
S01010982,496,431,65
S01010983,561,411,150
S01010984,484,408,76
S01010985,355,256,99
S01010986,241,232,9
S01010987,157,145,12
S01010988,205,197,8
S01010989,568,538,30
S01010990,319,238,81
S01010991,720,660,60
S01010992,678,620,58
S01010993,296,254,42
S01010994,1032,967,65
S01010995,346,315,31
S01010996,350,314,36
S01010997,466,420,46
S01010998,868,817,51
S01010999,412,308,104
S01011000,421,356,65
S01011001,273,189,84
S01011002,314,208,106
S01011003,334,241,93
S01011004,333,277,56
S01011005,385,245,140
S01011006,422,342,80
S01011007,372,243,129
S01011008,375,267,108
S01011009,269,188,81
S01011010,509,271,238
S01011011,435,200,235
S01011012,522,294,228
S01011013,416,259,157
S01011014,364,271,93
S01011015,264,179,85
S01011016,456,403,53
S01011017,663,604,59
S01011018,617,527,90
S01011019,499,422,77
S01011020,202,187,15
S01011021,351,248,103
S01011022,292,196,96
S01011023,428,299,129
S01011024,490,309,181
S01011025,276,173,103
S01011026,235,155,80
S01011027,510,294,216
S01011028,493,323,170
S01011029,307,214,93
S01011030,369,320,49
S01011031,483,341,142
S01011032,403,265,138
S01011033,348,270,78
S01011034,409,251,158
S01011035,252,177,75
S01011036,441,332,109
S01011037,465,313,152
S01011038,412,241,171
S01011039,442,316,126
S01011040,522,374,148
S01011041,327,186,141
S01011042,333,270,63
S01011043,521,367,154
S01011044,470,342,128
S01011045,426,364,62
S01011046,362,336,26
S01011047,431,405,26
S01011048,561,458,103
S01011049,379,323,56
S01011050,406,384,22
S01011051,484,392,92
S01011052,515,435,80
S01011053,326,257,69
S01011054,305,264,41
S01011055,228,213,15
S01011056,271,259,12
S01011057,294,271,23
S01011058,251,242,9
S01011059,309,295,14
S01011060,534,418,116
S01011061,491,362,129
S01011062,655,482,173
S01011063,515,370,145
S01011064,594,473,121
S01011065,370,338,32
S01011066,277,220,57
S01011067,521,416,105
S01011068,349,281,68
S01011069,323,269,54
S01011070,386,322,64
S01011071,413,352,61
S01011072,445,403,42
S01011073,286,239,47
S01011074,280,219,61
S01011075,389,258,131
S01011076,538,351,187
S01011077,436,304,132
S01011078,555,484,71
S01011079,598,446,152
S01011080,525,393,132
S01011081,352,259,93
S01011082,360,207,153
S01011083,507,414,93
S01011084,373,344,29
S01011085,383,345,38
S01011086,273,234,39
S01011087,384,331,53
S01011088,545,445,100
S01011089,430,357,73
S01011090,304,289,15
S01011091,293,286,7
S01011092,891,763,128
S01011093,1167,1030,137
S01011094,297,274,23
S01011095,431,406,25
S01011096,358,331,27
S01011097,284,274,10
S01011098,508,431,77
S01011099,358,253,105
S01011100,257,215,42
S01011101,319,216,103
S01011102,379,203,176
S01011103,440,241,199
S01011104,294,199,95
S01011105,405,295,110
S01011106,352,288,64
S01011107,895,750,145
S01011108,272,208,64
S01011109,389,306,83
S01011110,421,287,134
S01011111,512,340,172
S01011112,73,63,10
S01011113,487,349,138
S01011114,462,427,35
S01011115,411,281,130
S01011116,361,302,59
S01011117,407,312,95
S01011118,455,374,81
S01011119,422,356,66
S01011120,495,456,39
S01011121,365,195,170
S01011122,360,269,91
S01011123,490,356,134
S01011124,277,216,61
S01011125,214,144,70
S01011126,301,233,68
S01011127,153,149,4
S01011128,458,344,114
S01011129,330,307,23
S01011130,374,257,117
S01011131,361,292,69
S01011132,374,309,65
S01011133,241,188,53
S01011134,442,327,115
S01011135,466,349,117
S01011136,284,220,64
S01011137,346,273,73
S01011138,254,186,68
S01011139,281,256,25
S01011140,232,175,57
S01011141,435,357,78
S01011142,363,352,11
S01011143,487,432,55
S01011144,372,305,67
S01011145,439,407,32
S01011146,419,382,37
S01011147,529,442,87
S01011148,329,300,29
S01011149,201,197,4
S01011150,254,246,8
S01011151,290,252,38
S01011152,445,364,81
S01011153,518,383,135
S01011154,389,211,178
S01011155,420,273,147
S01011156,343,311,32
S01011157,284,247,37
S01011158,275,251,24
S01011159,344,192,152
S01011160,393,292,101
S01011161,269,214,55
S01011162,347,293,54
S01011163,428,307,121
S01011164,320,269,51
S01011165,412,265,147
S01011166,271,236,35
S01011167,406,391,15
S01011168,355,341,14
S01011169,461,410,51
S01011170,400,363,37
S01011171,456,396,60
S01011172,339,280,59
S01011173,365,298,67
S01011174,361,306,55
S01011175,391,280,111
S01011176,330,276,54
S01011177,485,374,111
S01011178,241,218,23
S01011179,316,202,114
S01011180,378,239,139
S01011181,558,522,36
S01011182,208,194,14
S01011183,289,233,56
S01011184,307,297,10
S01011185,354,278,76
S01011186,561,357,204
S01011187,353,303,50
S01011188,515,355,160
S01011189,468,355,113
S01011190,458,320,138
S01011191,326,224,102
S01011192,360,274,86
S01011193,384,253,131
S01011194,302,199,103
S01011195,395,262,133
S01011196,470,243,227
S01011197,348,225,123
S01011198,274,177,97
S01011199,342,228,114
S01011200,405,321,84
S01011201,267,202,65
S01011202,453,310,143
S01011203,564,395,169
S01011204,235,206,29
S01011205,80,74,6
S01011206,264,243,21
S01011207,694,590,104
S01011208,345,308,37
S01011209,298,208,90
S01011210,321,270,51
S01011211,619,578,41
S01011212,285,173,112
S01011213,459,331,128
S01011214,430,246,184
S01011215,399,197,202
S01011216,511,316,195
S01011217,550,288,262
S01011218,392,213,179
S01011219,450,256,194
S01011220,477,271,206
S01011221,504,324,180
S01011222,312,204,108
S01011223,427,295,132
S01011224,350,206,144
S01011225,480,270,210
S01011226,512,403,109
S01011227,422,231,191
S01011228,742,387,355
S01011229,408,232,176
S01011230,642,282,360
S01011231,613,258,355
S01011232,513,321,192
S01011233,565,460,105
S01011234,527,308,219
S01011235,253,125,128
S01011236,284,155,129
S01011237,464,234,230
S01011238,430,185,245
S01011239,532,213,319
S01011240,745,290,455
S01011241,540,310,230
S01011242,484,310,174
S01011243,734,358,376
S01011244,409,161,248
S01011245,446,233,213
S01011246,488,359,129
S01011247,422,350,72
S01011248,409,330,79
S01011249,423,373,50
S01011250,507,314,193
S01011251,385,246,139
S01011252,344,188,156
S01011253,445,211,234
S01011254,466,389,77
S01011255,157,152,5
S01011256,169,159,10
S01011257,214,197,17
S01011258,292,220,72
S01011259,452,286,166
S01011260,336,258,78
S01011261,360,185,175
S01011262,309,210,99
S01011263,317,211,106
S01011264,259,158,101
S01011265,475,271,204
S01011266,383,260,123
S01011267,430,324,106
S01011268,296,195,101
S01011269,331,161,170
S01011270,456,240,216
S01011271,428,247,181
S01011272,380,201,179
S01011273,490,304,186
S01011274,505,293,212
S01011275,557,428,129
S01011276,462,289,173
S01011277,284,246,38
S01011278,288,253,35
S01011279,323,246,77
S01011280,276,257,19
S01011281,299,271,28
S01011282,341,298,43
S01011283,277,263,14
S01011284,408,392,16
S01011285,514,275,239
S01011286,298,176,122
S01011287,432,271,161
S01011288,435,287,148
S01011289,431,276,155
S01011290,610,360,250
S01011291,491,294,197
S01011292,332,147,185
S01011293,442,253,189
S01011294,541,233,308
S01011295,493,365,128
S01011296,365,214,151
S01011297,352,237,115
S01011298,434,317,117
S01011299,197,192,5
S01011300,449,273,176
S01011301,309,265,44
S01011302,570,308,262
S01011303,491,419,72
S01011304,381,277,104
S01011305,342,241,101
S01011306,282,186,96
S01011307,904,784,120
S01011308,271,237,34
S01011309,395,356,39
S01011310,341,258,83
S01011311,508,473,35
S01011312,549,511,38
S01011313,529,412,117
S01011314,487,396,91
S01011315,176,120,56
S01011316,382,291,91
S01011317,454,374,80
S01011318,520,353,167
S01011319,525,397,128
S01011320,389,277,112
S01011321,276,210,66
S01011322,251,204,47
S01011323,478,328,150
S01011324,235,153,82
S01011325,597,322,275
S01011326,762,344,418
S01011327,438,269,169
S01011328,460,325,135
S01011329,562,386,176
S01011330,324,283,41
S01011331,369,328,41
S01011332,558,507,51
S01011333,386,312,74
S01011334,587,478,109
S01011335,517,463,54
S01011336,302,230,72
S01011337,287,271,16
S01011338,360,261,99
S01011339,272,179,93
S01011340,542,369,173
S01011341,428,261,167
S01011342,412,287,125
S01011343,461,253,208
S01011344,401,216,185
S01011345,478,290,188
S01011346,393,264,129
S01011347,605,392,213
S01011348,535,381,154
S01011349,451,402,49
S01011350,377,332,45
S01011351,393,222,171
S01011352,363,237,126
S01011353,274,196,78
S01011354,374,321,53
S01011355,487,367,120
S01011356,392,359,33
S01011357,553,456,97
S01011358,186,179,7
S01011359,368,251,117
S01011360,415,224,191
S01011361,343,115,228
S01011362,256,216,40
S01011363,741,546,195
S01011364,272,222,50
S01011365,310,247,63
S01011366,238,152,86
S01011367,400,265,135
S01011368,503,448,55
S01011369,341,234,107
S01011370,598,501,97
S01011371,805,410,395
S01011372,583,261,322
S01011373,431,249,182
S01011374,201,166,35
S01011375,323,208,115
S01011376,369,191,178
S01011377,262,216,46
S01011378,470,372,98
S01011379,435,392,43
S01011380,403,249,154
S01011381,397,296,101
S01011382,286,174,112
S01011383,630,228,402
S01011384,375,145,230
S01011385,441,203,238
S01011386,404,199,205
S01011387,414,213,201
S01011388,623,451,172
S01011389,697,466,231
S01011390,476,265,211
S01011391,254,173,81
S01011392,413,269,144
S01011393,374,260,114
S01011394,406,291,115
S01011395,471,260,211
S01011396,488,267,221
S01011397,371,197,174
S01011398,322,193,129
S01011399,240,127,113
S01011400,470,321,149
S01011401,461,349,112
S01011402,492,330,162
S01011403,426,289,137
S01011404,573,354,219
S01011405,341,245,96
S01011406,312,211,101
S01011407,626,490,136
S01011408,420,253,167
S01011409,362,218,144
S01011410,413,277,136
S01011411,405,281,124
S01011412,405,356,49
S01011413,218,199,19
S01011414,512,313,199
S01011415,444,320,124
S01011416,345,313,32
S01011417,374,272,102
S01011418,370,220,150
S01011419,314,198,116
S01011420,250,119,131
S01011421,187,165,22
S01011422,193,126,67
S01011423,267,162,105
S01011424,237,173,64
S01011425,303,230,73
S01011426,682,575,107
S01011427,585,422,163
S01011428,311,239,72
S01011429,301,280,21
S01011430,410,348,62
S01011431,619,408,211
S01011432,608,444,164
S01011433,434,252,182
S01011434,421,348,73
S01011435,619,503,116
S01011436,609,397,212
S01011437,393,238,155
S01011438,383,230,153
S01011439,499,349,150
S01011440,499,365,134
S01011441,384,265,119
S01011442,327,214,113
S01011443,369,248,121
S01011444,531,384,147
S01011445,298,198,100
S01011446,920,843,77
S01011447,445,301,144
S01011448,527,418,109
S01011449,374,236,138
S01011450,299,259,40
S01011451,718,628,90
S01011452,412,346,66
S01011453,340,260,80
S01011454,476,309,167
S01011455,465,294,171
S01011456,458,297,161
S01011457,382,250,132
S01011458,289,231,58
S01011459,504,411,93
S01011460,392,254,138
S01011461,374,241,133
S01011462,455,319,136
S01011463,307,245,62
S01011464,612,532,80
S01011465,306,209,97
S01011466,823,624,199
S01011467,231,158,73
S01011468,40,40,0
S01011469,318,195,123
S01011470,451,293,158
S01011471,501,320,181
S01011472,724,344,380
S01011473,604,272,332
S01011474,629,288,341
S01011475,426,172,254
S01011476,356,332,24
S01011477,335,319,16
S01011478,442,376,66
S01011479,430,365,65
S01011480,500,409,91
S01011481,524,374,150
S01011482,539,313,226
S01011483,359,295,64
S01011484,483,286,197
S01011485,371,201,170
S01011486,235,131,104
S01011487,525,356,169
S01011488,284,139,145
S01011489,377,310,67
S01011490,522,321,201
S01011491,271,94,177
S01011492,434,192,242
S01011493,398,294,104
S01011494,407,192,215
S01011495,470,298,172
S01011496,308,134,174
S01011497,354,307,47
S01011498,230,213,17
S01011499,402,300,102
S01011500,474,274,200
S01011501,325,156,169
S01011502,305,214,91
S01011503,424,282,142
S01011504,284,192,92
S01011505,322,180,142
S01011506,292,180,112
S01011507,378,216,162
S01011508,468,323,145
S01011509,247,178,69
S01011510,435,259,176
S01011511,313,158,155
S01011512,606,254,352
S01011513,440,216,224
S01011514,384,223,161
S01011515,357,275,82
S01011516,358,327,31
S01011517,267,180,87
S01011518,302,163,139
S01011519,310,194,116
S01011520,547,246,301
S01011521,676,333,343
S01011522,500,242,258
S01011523,583,358,225
S01011524,396,289,107
S01011525,392,295,97
S01011526,422,293,129
S01011527,414,316,98
S01011528,495,279,216
S01011529,552,246,306
S01011530,627,373,254
S01011531,791,610,181
S01011532,463,430,33
S01011533,315,165,150
S01011534,341,233,108
S01011535,467,193,274
S01011536,269,247,22
S01011537,395,311,84
S01011538,302,267,35
S01011539,442,253,189
S01011540,787,622,165
S01011541,419,229,190
S01011542,434,282,152
S01011543,370,197,173
S01011544,335,182,153
S01011545,359,226,133
S01011546,236,226,10
S01011547,181,167,14
S01011548,359,246,113
S01011549,366,304,62
S01011550,380,357,23
S01011551,373,281,92
S01011552,393,308,85
S01011553,418,374,44
S01011554,746,597,149
S01011555,320,184,136
S01011556,318,192,126
S01011557,396,251,145
S01011558,369,237,132
S01011559,290,174,116
S01011560,432,256,176
S01011561,302,172,130
S01011562,418,218,200
S01011563,484,245,239
S01011564,410,280,130
S01011565,425,282,143
S01011566,374,215,159
S01011567,371,228,143
S01011568,320,238,82
S01011569,371,229,142
S01011570,421,251,170
S01011571,510,226,284
S01011572,511,258,253
S01011573,474,326,148
S01011574,406,297,109
S01011575,340,222,118
S01011576,420,176,244
S01011577,281,179,102
S01011578,853,595,258
S01011579,355,318,37
S01011580,618,334,284
S01011581,476,235,241
S01011582,930,760,170
S01011583,485,256,229
S01011584,385,257,128
S01011585,553,317,236
S01011586,297,171,126
S01011587,297,175,122
S01011588,363,239,124
S01011589,413,291,122
S01011590,776,618,158
S01011591,393,228,165
S01011592,727,519,208
S01011593,325,218,107
S01011594,303,197,106
S01011595,427,314,113
S01011596,615,410,205
S01011597,354,243,111
S01011598,638,180,458
S01011599,434,267,167
S01011600,392,220,172
S01011601,316,279,37
S01011602,318,177,141
S01011603,528,270,258
S01011604,293,162,131
S01011605,376,229,147
S01011606,342,324,18
S01011607,477,457,20
S01011608,441,398,43
S01011609,479,201,278
S01011610,412,210,202
S01011611,428,378,50
S01011612,99,76,23
S01011613,374,352,22
S01011614,230,181,49
S01011615,507,408,99
S01011616,247,143,104
S01011617,453,294,159
S01011618,337,220,117
S01011619,355,318,37
S01011620,344,323,21
S01011621,336,275,61
S01011622,65,57,8
S01011623,743,600,143
S01011624,400,304,96
S01011625,240,170,70
S01011626,385,353,32
S01011627,260,241,19
S01011628,479,436,43
S01011629,313,221,92
S01011630,298,205,93
S01011631,330,180,150
S01011632,413,261,152
S01011633,474,293,181
S01011634,330,237,93
S01011635,348,240,108
S01011636,341,189,152
S01011637,324,211,113
S01011638,390,222,168
S01011639,299,171,128
S01011640,416,259,157
S01011641,375,337,38
S01011642,382,291,91
S01011643,413,266,147
S01011644,405,284,121
S01011645,289,223,66
S01011646,330,307,23
S01011647,390,362,28
S01011648,188,101,87
S01011649,374,273,101
S01011650,673,536,137
S01011651,446,320,126
S01011652,311,247,64
S01011653,434,272,162
S01011654,564,292,272
S01011655,471,236,235
S01011656,327,151,176
S01011657,330,143,187
S01011658,399,264,135
S01011659,430,273,157
S01011660,469,376,93
S01011661,502,332,170
S01011662,455,431,24
S01011663,492,260,232
S01011664,408,246,162
S01011665,557,299,258
S01011666,532,253,279
S01011667,484,297,187
S01011668,678,404,274
S01011669,392,287,105
S01011670,362,249,113
S01011671,353,257,96
S01011672,350,219,131
S01011673,391,252,139
S01011674,672,521,151
S01011675,599,436,163
S01011676,350,193,157
S01011677,62,41,21
S01011678,222,120,102
S01011679,543,435,108
S01011680,531,374,157
S01011681,345,256,89
S01011682,633,573,60
S01011683,500,405,95
S01011684,335,273,62
S01011685,320,272,48
S01011686,385,347,38
S01011687,418,285,133
S01011688,440,375,65
S01011689,351,308,43
S01011690,633,554,79
S01011691,175,141,34
S01011692,525,338,187
S01011693,702,600,102
S01011694,263,235,28
S01011695,1226,1128,98
S01011696,292,274,18
S01011697,421,353,68
S01011698,271,195,76
S01011699,387,316,71
S01011700,400,297,103
S01011701,532,458,74
S01011702,427,356,71
S01011703,373,339,34
S01011704,571,524,47
S01011705,661,572,89
S01011706,450,319,131
S01011707,283,259,24
S01011708,519,358,161
S01011709,443,336,107
S01011710,295,191,104
S01011711,532,276,256
S01011712,294,193,101
S01011713,516,385,131
S01011714,469,426,43
S01011715,506,335,171
S01011716,389,347,42
S01011717,315,284,31
S01011718,360,335,25
S01011719,658,636,22
S01011720,256,241,15
S01011721,333,254,79
S01011722,572,381,191
S01011723,782,672,110
S01011724,261,236,25
S01011725,219,210,9
S01011726,208,194,14
S01011727,496,469,27
S01011728,393,279,114
S01011729,505,295,210
S01011730,431,352,79
S01011731,443,329,114
S01011732,360,317,43
S01011733,352,250,102
S01011734,393,274,119
S01011735,288,262,26
S01011736,467,332,135
S01011737,369,233,136
S01011738,495,297,198
S01011739,296,200,96
S01011740,327,160,167
S01011741,477,227,250
S01011742,382,247,135
S01011743,379,253,126
S01011744,462,248,214
S01011745,542,274,268
S01011746,386,163,223
S01011747,453,213,240
S01011748,464,238,226
S01011749,423,207,216
S01011750,398,249,149
S01011751,614,241,373
S01011752,544,311,233
S01011753,366,261,105
S01011754,419,274,145
S01011755,456,282,174
S01011756,513,305,208
S01011757,434,235,199
S01011758,252,181,71
S01011759,371,252,119
S01011760,411,259,152
S01011761,326,214,112
S01011762,441,227,214
S01011763,350,245,105
S01011764,136,120,16
S01011765,452,403,49
S01011766,287,260,27
S01011767,574,396,178
S01011768,433,283,150
S01011769,424,217,207
S01011770,451,258,193
S01011771,238,230,8
S01011772,390,370,20
S01011773,200,191,9
S01011774,354,299,55
S01011775,296,290,6
S01011776,362,355,7
S01011777,264,242,22
S01011778,261,210,51
S01011779,324,288,36
S01011780,315,305,10
S01011781,356,312,44
S01011782,334,308,26
S01011783,213,200,13
S01011784,349,241,108
S01011785,459,307,152
S01011786,65,63,2
S01011787,531,286,245
S01011788,382,373,9
S01011789,1067,1008,59
S01011790,521,398,123
S01011791,391,248,143
S01011792,515,273,242
S01011793,368,267,101
S01011794,472,298,174
S01011795,462,322,140
S01011796,435,225,210
S01011797,418,394,24
S01011798,242,145,97
S01011799,379,329,50
S01011800,281,211,70
S01011801,287,170,117
S01011802,361,214,147
S01011803,348,289,59
S01011804,505,360,145
S01011805,461,341,120
S01011806,578,486,92
S01011807,444,416,28
S01011808,432,382,50
S01011809,302,284,18
S01011810,545,510,35
S01011811,478,448,30
S01011812,486,445,41
S01011813,382,355,27
S01011814,297,279,18
S01011815,313,282,31
S01011816,285,262,23
S01011817,294,269,25
S01011818,699,587,112
S01011819,622,446,176
S01011820,434,321,113
S01011821,321,221,100
S01011822,510,288,222
S01011823,290,211,79
S01011824,436,316,120
S01011825,275,196,79
S01011826,356,266,90
S01011827,329,263,66
S01011828,411,356,55
S01011829,250,218,32
S01011830,392,331,61
S01011831,510,440,70
S01011832,405,357,48
S01011833,360,348,12
S01011834,307,287,20
S01011835,278,270,8
S01011836,479,458,21
S01011837,362,350,12
S01011838,487,463,24
S01011839,487,444,43
S01011840,513,461,52
S01011841,721,550,171
S01011842,615,458,157
S01011843,495,472,23
S01011844,421,383,38
S01011845,382,320,62
S01011846,385,334,51
S01011847,178,169,9
S01011848,352,333,19
S01011849,352,302,50
S01011850,483,444,39
S01011851,368,322,46
S01011852,460,326,134
S01011853,405,344,61
S01011854,473,413,60
S01011855,527,410,117
S01011856,304,288,16
S01011857,583,492,91
S01011858,503,458,45
S01011859,559,446,113
S01011860,319,299,20
S01011861,389,347,42
S01011862,454,413,41
S01011863,412,339,73
S01011864,344,319,25
S01011865,314,240,74
S01011866,538,453,85
S01011867,599,396,203
S01011868,475,342,133
S01011869,542,351,191
S01011870,380,302,78
S01011871,474,442,32
S01011872,436,412,24
S01011873,339,317,22
S01011874,357,311,46
S01011875,506,414,92
S01011876,447,407,40
S01011877,361,323,38
S01011878,529,471,58
S01011879,314,290,24
S01011880,488,460,28
S01011881,388,326,62
S01011882,450,366,84
S01011883,625,566,59
S01011884,311,301,10
S01011885,303,277,26
S01011886,545,503,42
S01011887,290,224,66
S01011888,593,389,204
S01011889,474,355,119
S01011890,418,336,82
S01011891,378,199,179
S01011892,616,459,157
S01011893,585,403,182
S01011894,437,357,80
S01011895,536,461,75
S01011896,478,352,126
S01011897,480,412,68
S01011898,398,366,32
S01011899,441,395,46
S01011900,293,274,19
S01011901,491,450,41
S01011902,507,442,65
S01011903,406,359,47
S01011904,368,335,33
S01011905,339,316,23
S01011906,161,149,12
S01011907,378,335,43
S01011908,233,205,28
S01011909,342,303,39
S01011910,587,333,254
S01011911,324,200,124
S01011912,383,210,173
S01011913,414,238,176
S01011914,410,213,197
S01011915,376,242,134
S01011916,367,218,149
S01011917,281,168,113
S01011918,414,212,202
S01011919,496,299,197
S01011920,325,190,135
S01011921,285,167,118
S01011922,403,240,163
S01011923,451,268,183
S01011924,424,282,142
S01011925,337,289,48
S01011926,376,231,145
S01011927,285,164,121
S01011928,379,251,128
S01011929,319,189,130
S01011930,333,200,133
S01011931,278,158,120
S01011932,142,82,60
S01011933,830,504,326
S01011934,443,310,133
S01011935,567,279,288
S01011936,380,213,167
S01011937,408,219,189
S01011938,282,166,116
S01011939,600,254,346
S01011940,575,197,378
S01011941,687,257,430
S01011942,625,199,426
S01011943,914,319,595
S01011944,218,196,22
S01011945,575,531,44
S01011946,465,284,181
S01011947,260,217,43
S01011948,527,365,162
S01011949,445,393,52
S01011950,431,334,97
S01011951,377,304,73
S01011952,385,355,30
S01011953,405,344,61
S01011954,283,196,87
S01011955,529,409,120
S01011956,424,389,35
S01011957,398,350,48
S01011958,858,796,62
S01011959,365,340,25
S01011960,476,442,34
S01011961,502,462,40
S01011962,413,397,16
S01011963,342,282,60
S01011964,493,437,56
S01011965,458,383,75
S01011966,351,317,34
S01011967,420,387,33
S01011968,664,534,130
S01011969,733,602,131
S01011970,800,617,183
S01011971,280,256,24
S01011972,786,718,68
S01011973,272,249,23
S01011974,358,335,23
S01011975,199,179,20
S01011976,452,365,87
S01011977,567,469,98
S01011978,589,428,161
S01011979,501,461,40
S01011980,230,207,23
S01011981,488,456,32
S01011982,619,583,36
S01011983,542,475,67
S01011984,315,186,129
S01011985,293,255,38
S01011986,461,323,138
S01011987,500,387,113
S01011988,326,280,46
S01011989,379,324,55
S01011990,364,311,53
S01011991,421,321,100
S01011992,535,414,121
S01011993,541,334,207
S01011994,358,344,14
S01011995,399,376,23
S01011996,333,265,68
S01011997,561,450,111
S01011998,389,370,19
S01011999,291,268,23
S01012000,244,233,11
S01012001,403,341,62
S01012002,334,285,49
S01012003,381,337,44
S01012004,727,643,84
S01012005,593,554,39
S01012006,340,307,33
S01012007,450,370,80
S01012008,632,515,117
S01012009,300,265,35
S01012010,657,549,108
S01012011,692,517,175
S01012012,320,256,64
S01012013,357,319,38
S01012014,833,649,184
S01012015,604,486,118
S01012016,360,321,39
S01012017,252,241,11
S01012018,374,338,36
S01012019,394,335,59
S01012020,489,356,133
S01012021,340,292,48
S01012022,471,365,106
S01012023,283,265,18
S01012024,484,422,62
S01012025,288,234,54
S01012026,348,279,69
S01012027,720,640,80
S01012028,440,405,35
S01012029,526,432,94
S01012030,512,472,40
S01012031,231,223,8
S01012032,142,129,13
S01012033,435,317,118
S01012034,447,348,99
S01012035,532,436,96
S01012036,536,453,83
S01012037,546,303,243
S01012038,519,221,298
S01012039,453,297,156
S01012040,255,194,61
S01012041,528,352,176
S01012042,489,316,173
S01012043,380,205,175
S01012044,519,242,277
S01012045,659,353,306
S01012046,445,219,226
S01012047,611,285,326
S01012048,433,215,218
S01012049,391,251,140
S01012050,478,382,96
S01012051,255,156,99
S01012052,497,293,204
S01012053,491,263,228
S01012054,596,265,331
S01012055,493,256,237
S01012056,394,277,117
S01012057,316,282,34
S01012058,416,313,103
S01012059,467,279,188
S01012060,466,261,205
S01012061,643,537,106
S01012062,420,349,71
S01012063,297,252,45
S01012064,366,148,218
S01012065,289,86,203
S01012066,382,213,169
S01012067,319,120,199
S01012068,385,175,210
S01012069,375,123,252
S01012070,603,179,424
S01012071,785,223,562
S01012072,740,321,419
S01012073,335,252,83
S01012074,297,241,56
S01012075,445,332,113
S01012076,501,310,191
S01012077,511,275,236
S01012078,367,269,98
S01012079,627,319,308
S01012080,487,251,236
S01012081,387,165,222
S01012082,495,235,260
S01012083,562,249,313
S01012084,274,225,49
S01012085,345,247,98
S01012086,448,236,212
S01012087,394,259,135
S01012088,256,199,57
S01012089,357,330,27
S01012090,433,405,28
S01012091,367,275,92
S01012092,269,238,31
S01012093,295,237,58
S01012094,355,325,30
S01012095,545,397,148
S01012096,388,230,158
S01012097,279,174,105
S01012098,431,251,180
S01012099,425,231,194
S01012100,722,495,227
S01012101,371,319,52
S01012102,424,219,205
S01012103,482,336,146
S01012104,345,310,35
S01012105,671,548,123
S01012106,575,466,109
S01012107,279,228,51
S01012108,697,268,429
S01012109,744,306,438
S01012110,541,270,271
S01012111,673,333,340
S01012112,579,352,227
S01012113,568,385,183
S01012114,567,481,86
S01012115,362,251,111
S01012116,320,208,112
S01012117,260,238,22
S01012118,393,353,40
S01012119,349,318,31
S01012120,256,152,104
S01012121,404,219,185
S01012122,365,248,117
S01012123,314,203,111
S01012124,353,229,124
S01012125,664,256,408
S01012126,477,343,134
S01012127,760,380,380
S01012128,431,191,240
S01012129,602,299,303
S01012130,770,321,449
S01012131,904,334,570
S01012132,547,169,378
S01012133,558,296,262
S01012134,738,435,303
S01012135,732,263,469
S01012136,573,220,353
S01012137,575,245,330
S01012138,550,367,183
S01012139,574,356,218
S01012140,377,298,79
S01012141,511,430,81
S01012142,395,332,63
S01012143,554,473,81
S01012144,449,369,80
S01012145,436,391,45
S01012146,651,309,342
S01012147,537,271,266
S01012148,364,153,211
S01012149,380,256,124
S01012150,359,178,181
S01012151,523,236,287
S01012152,479,204,275
S01012153,453,189,264
S01012154,502,180,322
S01012155,551,245,306
S01012156,691,353,338
S01012157,547,324,223
S01012158,760,519,241
S01012159,229,191,38
S01012160,409,320,89
S01012161,240,106,134
S01012162,428,239,189
S01012163,421,270,151
S01012164,488,428,60
S01012165,452,203,249
S01012166,394,198,196
S01012167,388,209,179
S01012168,477,358,119
S01012169,429,271,158
S01012170,670,399,271
S01012171,576,317,259
S01012172,460,248,212
S01012173,334,276,58
S01012174,429,336,93
S01012175,467,404,63
S01012176,577,494,83
S01012177,335,292,43
S01012178,400,342,58
S01012179,379,214,165
S01012180,339,228,111
S01012181,669,355,314
S01012182,644,483,161
S01012183,1105,817,288
S01012184,451,357,94
S01012185,553,244,309
S01012186,430,240,190
S01012187,471,233,238
S01012188,298,235,63
S01012189,348,278,70
S01012190,311,278,33
S01012191,411,373,38
S01012192,174,160,14
S01012193,249,230,19
S01012194,273,265,8
S01012195,360,298,62
S01012196,211,185,26
S01012197,473,336,137
S01012198,499,358,141
S01012199,375,280,95
S01012200,278,195,83
S01012201,460,346,114
S01012202,241,188,53
S01012203,386,362,24
S01012204,270,261,9
S01012205,358,342,16
S01012206,363,312,51
S01012207,521,361,160
S01012208,599,413,186
S01012209,459,320,139
S01012210,385,231,154
S01012211,503,396,107
S01012212,461,415,46
S01012213,426,393,33
S01012214,338,300,38
S01012215,385,355,30
S01012216,511,472,39
S01012217,267,136,131
S01012218,292,128,164
S01012219,446,224,222
S01012220,531,258,273
S01012221,379,211,168
S01012222,614,353,261
S01012223,399,204,195
S01012224,461,286,175
S01012225,551,339,212
S01012226,320,242,78
S01012227,356,266,90
S01012228,291,236,55
S01012229,385,348,37
S01012230,454,432,22
S01012231,289,278,11
S01012232,433,409,24
S01012233,341,324,17
S01012234,563,519,44
S01012235,362,334,28
S01012236,380,314,66
S01012237,350,330,20
S01012238,309,209,100
S01012239,274,170,104
S01012240,391,304,87
S01012241,301,277,24
S01012242,338,325,13
S01012243,364,337,27
S01012244,403,388,15
S01012245,564,483,81
S01012246,401,380,21
S01012247,303,287,16
S01012248,383,364,19
S01012249,429,402,27
S01012250,367,349,18
S01012251,539,365,174
S01012252,537,394,143
S01012253,563,352,211
S01012254,432,330,102
S01012255,475,345,130
S01012256,556,513,43
S01012257,515,410,105
S01012258,730,677,53
S01012259,388,355,33
S01012260,632,521,111
S01012261,512,480,32
S01012262,786,729,57
S01012263,403,300,103
S01012264,222,176,46
S01012265,525,403,122
S01012266,620,493,127
S01012267,479,420,59
S01012268,657,608,49
S01012269,461,371,90
S01012270,395,335,60
S01012271,624,587,37
S01012272,381,333,48
S01012273,424,395,29
S01012274,566,450,116
S01012275,450,256,194
S01012276,767,548,219
S01012277,639,499,140
S01012278,713,381,332
S01012279,628,404,224
S01012280,488,362,126
S01012281,490,315,175
S01012282,521,416,105
S01012283,437,349,88
S01012284,436,247,189
S01012285,308,226,82
S01012286,590,426,164
S01012287,599,316,283
S01012288,550,311,239
S01012289,580,514,66
S01012290,328,241,87
S01012291,371,333,38
S01012292,630,520,110
S01012293,442,388,54
S01012294,447,374,73
S01012295,280,243,37
S01012296,462,432,30
S01012297,447,431,16
S01012298,591,524,67
S01012299,257,246,11
S01012300,558,486,72
S01012301,441,419,22
S01012302,321,304,17
S01012303,410,398,12
S01012304,522,483,39
S01012305,431,351,80
S01012306,440,324,116
S01012307,451,341,110
S01012308,408,366,42
S01012309,440,398,42
S01012310,702,635,67
S01012311,415,357,58
S01012312,439,403,36
S01012313,384,349,35
S01012314,414,302,112
S01012315,447,284,163
S01012316,353,226,127
S01012317,222,161,61
S01012318,329,241,88
S01012319,485,463,22
S01012320,349,288,61
S01012321,551,467,84
S01012322,551,513,38
S01012323,632,590,42
S01012324,469,439,30
S01012325,437,379,58
S01012326,496,364,132
S01012327,433,364,69
S01012328,408,361,47
S01012329,446,415,31
S01012330,321,289,32
S01012331,537,498,39
S01012332,537,501,36
S01012333,613,583,30
S01012334,411,344,67
S01012335,786,709,77
S01012336,451,300,151
S01012337,520,337,183
S01012338,480,338,142
S01012339,561,400,161
S01012340,523,422,101
S01012341,404,391,13
S01012342,437,401,36
S01012343,498,484,14
S01012344,541,450,91
S01012345,357,309,48
S01012346,575,544,31
S01012347,327,265,62
S01012348,531,470,61
S01012349,503,394,109
S01012350,535,398,137
S01012351,464,337,127
S01012352,552,455,97
S01012353,488,320,168
S01012354,518,421,97
S01012355,468,437,31
S01012356,532,496,36
S01012357,427,400,27
S01012358,376,358,18
S01012359,422,262,160
S01012360,324,197,127
S01012361,371,229,142
S01012362,477,319,158
S01012363,709,407,302
S01012364,487,293,194
S01012365,573,458,115
S01012366,609,368,241
S01012367,492,402,90
S01012368,367,329,38
S01012369,506,381,125
S01012370,708,498,210
S01012371,619,357,262
S01012372,663,388,275
S01012373,608,445,163
S01012374,402,316,86
S01012375,595,408,187
S01012376,407,391,16
S01012377,324,301,23
S01012378,299,286,13
S01012379,263,251,12
S01012380,687,543,144
S01012381,560,366,194
S01012382,489,416,73
S01012383,540,418,122
S01012384,307,230,77
S01012385,370,310,60
S01012386,521,367,154
S01012387,407,340,67
S01012388,306,274,32
S01012389,388,342,46
S01012390,307,267,40
S01012391,593,530,63
S01012392,353,290,63
S01012393,558,449,109
S01012394,426,279,147
S01012395,379,274,105
S01012396,428,266,162
S01012397,418,306,112
S01012398,532,327,205
S01012399,393,255,138
S01012400,441,287,154
S01012401,469,313,156
S01012402,184,171,13
S01012403,437,396,41
S01012404,589,458,131
S01012405,274,264,10
S01012406,303,277,26
S01012407,432,386,46
S01012408,336,304,32
S01012409,483,421,62
S01012410,543,481,62
S01012411,593,500,93
S01012412,281,244,37
S01012413,450,378,72
S01012414,341,264,77
S01012415,278,254,24
S01012416,216,192,24
S01012417,299,247,52
S01012418,343,309,34
S01012419,438,395,43
S01012420,469,352,117
S01012421,471,406,65
S01012422,579,497,82
S01012423,443,373,70
S01012424,414,288,126
S01012425,307,160,147
S01012426,286,156,130
S01012427,336,207,129
S01012428,368,285,83
S01012429,286,199,87
S01012430,491,353,138
S01012431,505,358,147
S01012432,395,291,104
S01012433,422,264,158
S01012434,394,262,132
S01012435,446,273,173
S01012436,410,279,131
S01012437,362,267,95
S01012438,429,332,97
S01012439,414,294,120
S01012440,378,332,46
S01012441,419,377,42
S01012442,423,389,34
S01012443,313,277,36
S01012444,538,500,38
S01012445,39,36,3
S01012446,321,260,61
S01012447,404,375,29
S01012448,361,331,30
S01012449,302,261,41
S01012450,368,343,25
S01012451,397,365,32
S01012452,365,322,43
S01012453,413,381,32
S01012454,462,426,36
S01012455,246,234,12
S01012456,385,372,13
S01012457,561,533,28
S01012458,358,344,14
S01012459,336,305,31
S01012460,331,298,33
S01012461,276,192,84
S01012462,449,243,206
S01012463,329,211,118
S01012464,255,161,94
S01012465,312,219,93
S01012466,453,359,94
S01012467,574,419,155
S01012468,359,278,81
S01012469,466,401,65
S01012470,492,324,168
S01012471,352,330,22
S01012472,359,332,27
S01012473,276,257,19
S01012474,430,288,142
S01012475,344,283,61
S01012476,495,367,128
S01012477,337,302,35
S01012478,368,255,113
S01012479,393,350,43
S01012480,460,312,148
S01012481,419,257,162
S01012482,466,284,182
S01012483,570,228,342
S01012484,515,435,80
S01012485,610,513,97
S01012486,352,303,49
S01012487,306,208,98
S01012488,483,295,188
S01012489,656,267,389
S01012490,731,309,422
S01012491,389,125,264
S01012492,623,186,437
S01012493,478,220,258
S01012494,642,421,221
S01012495,539,314,225
S01012496,314,201,113
S01012497,310,146,164
S01012498,385,198,187
S01012499,501,369,132
S01012500,263,139,124
S01012501,401,201,200
S01012502,471,219,252
S01012503,308,157,151
S01012504,323,186,137
S01012505,547,306,241
S01012506,241,174,67
S01012507,482,305,177
S01012508,446,292,154
S01012509,256,190,66
S01012510,457,385,72
S01012511,388,279,109
S01012512,403,260,143
S01012513,234,207,27
S01012514,335,323,12
S01012515,404,229,175
S01012516,301,226,75
S01012517,482,352,130
S01012518,452,338,114
S01012519,416,282,134
S01012520,345,285,60
S01012521,383,281,102
S01012522,396,354,42
S01012523,488,388,100
S01012524,520,382,138
S01012525,473,378,95
S01012526,421,362,59
S01012527,285,231,54
S01012528,337,246,91
S01012529,403,301,102
S01012530,499,400,99
S01012531,500,419,81
S01012532,481,416,65
S01012533,456,347,109
S01012534,440,297,143
S01012535,408,298,110
S01012536,341,259,82
S01012537,477,304,173
S01012538,527,396,131
S01012539,356,279,77
S01012540,440,309,131
S01012541,495,400,95
S01012542,512,450,62
S01012543,276,251,25
S01012544,388,328,60
S01012545,270,186,84
S01012546,384,315,69
S01012547,312,270,42
S01012548,465,417,48
S01012549,372,249,123
S01012550,416,327,89
S01012551,436,409,27
S01012552,386,348,38
S01012553,360,318,42
S01012554,341,316,25
S01012555,211,196,15
S01012556,221,211,10
S01012557,322,292,30
S01012558,344,227,117
S01012559,600,354,246
S01012560,527,360,167
S01012561,578,400,178
S01012562,701,395,306
S01012563,331,314,17
S01012564,397,337,60
S01012565,491,381,110
S01012566,485,294,191
S01012567,621,413,208
S01012568,457,404,53
S01012569,354,328,26
S01012570,314,285,29
S01012571,362,310,52
S01012572,244,219,25
S01012573,325,313,12
S01012574,536,503,33
S01012575,346,317,29
S01012576,527,467,60
S01012577,437,380,57
S01012578,682,543,139
S01012579,330,293,37
S01012580,325,305,20
S01012581,486,360,126
S01012582,417,375,42
S01012583,326,246,80
S01012584,331,274,57
S01012585,708,553,155
S01012586,313,290,23
S01012587,387,365,22
S01012588,310,293,17
S01012589,337,267,70
S01012590,503,356,147
S01012591,556,391,165
S01012592,266,254,12
S01012593,473,445,28
S01012594,293,240,53
S01012595,370,295,75
S01012596,347,253,94
S01012597,170,116,54
S01012598,332,300,32
S01012599,356,288,68
S01012600,308,269,39
S01012601,357,327,30
S01012602,388,237,151
S01012603,337,225,112
S01012604,369,286,83
S01012605,388,319,69
S01012606,106,106,0
S01012607,312,264,48
S01012608,458,328,130
S01012609,439,295,144
S01012610,561,380,181
S01012611,382,329,53
S01012612,478,395,83
S01012613,517,400,117
S01012614,494,399,95
S01012615,441,388,53
S01012616,419,360,59
S01012617,294,286,8
S01012618,266,230,36
S01012619,382,242,140
S01012620,425,374,51
S01012621,421,346,75
S01012622,390,289,101
S01012623,417,273,144
S01012624,359,241,118
S01012625,343,241,102
S01012626,347,313,34
S01012627,283,218,65
S01012628,545,495,50
S01012629,144,118,26
S01012630,508,294,214
S01012631,497,297,200
S01012632,304,294,10
S01012633,458,380,78
S01012634,596,503,93
S01012635,791,707,84
S01012636,599,553,46
S01012637,471,314,157
S01012638,479,330,149
S01012639,672,443,229
S01012640,610,458,152
S01012641,484,330,154
S01012642,750,503,247
S01012643,238,169,69
S01012644,345,228,117
S01012645,598,465,133
S01012646,535,479,56
S01012647,438,416,22
S01012648,293,203,90
S01012649,363,278,85
S01012650,342,302,40
S01012651,380,239,141
S01012652,431,395,36
S01012653,405,288,117
S01012654,401,343,58
S01012655,567,435,132
S01012656,465,316,149
S01012657,406,311,95
S01012658,424,356,68
S01012659,298,278,20
S01012660,338,209,129
S01012661,415,329,86
S01012662,438,291,147
S01012663,422,345,77
S01012664,520,377,143
S01012665,397,240,157
S01012666,377,231,146
S01012667,324,183,141
S01012668,506,313,193
S01012669,417,379,38
S01012670,295,254,41
S01012671,562,423,139
S01012672,403,227,176
S01012673,394,246,148
S01012674,320,160,160
S01012675,476,286,190
S01012676,387,324,63
S01012677,256,174,82
S01012678,268,247,21
S01012679,372,266,106
S01012680,210,187,23
S01012681,370,312,58
S01012682,365,291,74
S01012683,405,303,102
S01012684,177,150,27
S01012685,488,385,103
S01012686,568,468,100
S01012687,561,528,33
S01012688,483,363,120
S01012689,226,211,15
S01012690,202,186,16
S01012691,402,377,25
S01012692,443,343,100
S01012693,321,311,10
S01012694,261,203,58
S01012695,306,288,18
S01012696,272,265,7
S01012697,197,188,9
S01012698,427,386,41
S01012699,429,361,68
S01012700,341,313,28
S01012701,501,452,49
S01012702,292,246,46
S01012703,270,207,63
S01012704,329,204,125
S01012705,257,244,13
S01012706,421,282,139
S01012707,322,313,9
S01012708,431,240,191
S01012709,310,189,121
S01012710,474,273,201
S01012711,611,338,273
S01012712,358,309,49
S01012713,510,375,135
S01012714,285,251,34
S01012715,539,305,234
S01012716,472,410,62
S01012717,685,387,298
S01012718,489,358,131
S01012719,666,450,216
S01012720,546,361,185
S01012721,312,221,91
S01012722,605,311,294
S01012723,434,214,220
S01012724,412,281,131
S01012725,607,398,209
S01012726,411,289,122
S01012727,396,220,176
S01012728,448,201,247
S01012729,392,307,85
S01012730,266,147,119
S01012731,335,229,106
S01012732,332,235,97
S01012733,1203,1166,37
S01012734,44,21,23
S01012735,251,158,93
S01012736,501,395,106
S01012737,517,418,99
S01012738,255,165,90
S01012739,50,48,2
S01012740,40,23,17
S01012741,272,236,36
S01012742,359,327,32
S01012743,416,384,32
S01012744,277,266,11
S01012745,406,309,97
S01012746,465,393,72
S01012747,481,371,110
S01012748,369,161,208
S01012749,387,204,183
S01012750,336,178,158
S01012751,651,363,288
S01012752,375,237,138
S01012753,235,115,120
S01012754,417,235,182
S01012755,327,161,166
S01012756,759,599,160
S01012757,236,133,103
S01012758,321,205,116
S01012759,383,211,172
S01012760,424,231,193
S01012761,478,287,191
S01012762,347,240,107
S01012763,287,172,115
S01012764,424,261,163
S01012765,267,164,103
S01012766,318,170,148
S01012767,328,283,45
S01012768,344,318,26
S01012769,361,334,27
S01012770,408,265,143
S01012771,406,247,159
S01012772,480,299,181
S01012773,568,370,198
S01012774,408,273,135
S01012775,326,202,124
S01012776,383,224,159
S01012777,481,363,118
S01012778,488,324,164
S01012779,425,257,168
S01012780,443,238,205
S01012781,300,238,62
S01012782,408,181,227
S01012783,445,243,202
S01012784,533,303,230
S01012785,388,157,231
S01012786,685,282,403
S01012787,271,135,136
S01012788,409,277,132
S01012789,462,322,140
S01012790,405,351,54
S01012791,379,299,80
S01012792,551,337,214
S01012793,495,234,261
S01012794,259,195,64
S01012795,523,291,232
S01012796,389,254,135
S01012797,299,216,83
S01012798,546,438,108
S01012799,548,443,105
S01012800,487,421,66
S01012801,303,231,72
S01012802,259,254,5
S01012803,315,296,19
S01012804,396,247,149
S01012805,440,328,112
S01012806,378,284,94
S01012807,492,470,22
S01012808,475,365,110
S01012809,483,330,153
S01012810,481,260,221
S01012811,379,274,105
S01012812,402,311,91
S01012813,416,389,27
S01012814,365,332,33
S01012815,510,451,59
S01012816,369,273,96
S01012817,164,152,12
S01012818,325,296,29
S01012819,523,274,249
S01012820,892,818,74
S01012821,626,550,76
S01012822,438,210,228
S01012823,255,231,24
S01012824,551,435,116
S01012825,632,396,236
S01012826,637,451,186
S01012827,574,429,145
S01012828,833,769,64
S01012829,362,218,144
S01012830,313,199,114
S01012831,383,222,161
S01012832,215,144,71
S01012833,449,242,207
S01012834,353,220,133
S01012835,447,304,143
S01012836,203,165,38
S01012837,557,221,336
S01012838,534,171,363
S01012839,300,256,44
S01012840,367,346,21
S01012841,303,271,32
S01012842,446,334,112
S01012843,426,372,54
S01012844,335,321,14
S01012845,421,300,121
S01012846,598,278,320
S01012847,338,233,105
S01012848,349,297,52
S01012849,543,361,182
S01012850,443,265,178
S01012851,469,320,149
S01012852,438,377,61
S01012853,451,312,139
S01012854,519,426,93
S01012855,570,358,212
S01012856,529,288,241
S01012857,751,356,395
S01012858,533,228,305
S01012859,611,372,239
S01012860,382,262,120
S01012861,322,222,100
S01012862,513,187,326
S01012863,490,145,345
S01012864,469,182,287
S01012865,564,342,222
S01012866,470,255,215
S01012867,449,168,281
S01012868,462,184,278
S01012869,257,79,178
S01012870,450,300,150
S01012871,431,315,116
S01012872,378,256,122
S01012873,410,284,126
S01012874,426,223,203
S01012875,317,177,140
S01012876,429,212,217
S01012877,331,186,145
S01012878,373,335,38
S01012879,495,381,114
S01012880,435,352,83
S01012881,654,507,147
S01012882,490,309,181
S01012883,557,226,331
S01012884,337,160,177
S01012885,434,224,210
S01012886,392,338,54
S01012887,352,296,56
S01012888,393,323,70
S01012889,473,380,93
S01012890,340,206,134
S01012891,339,217,122
S01012892,610,267,343
S01012893,520,180,340
S01012894,350,284,66
S01012895,259,227,32
S01012896,574,350,224
S01012897,626,566,60
S01012898,374,344,30
S01012899,389,220,169
S01012900,445,375,70
S01012901,844,686,158
S01012902,483,331,152
S01012903,490,325,165
S01012904,480,322,158
S01012905,411,265,146
S01012906,583,401,182
S01012907,552,328,224
S01012908,551,311,240
S01012909,472,276,196
S01012910,662,385,277
S01012911,384,279,105
S01012912,649,392,257
S01012913,470,292,178
S01012914,506,345,161
S01012915,447,335,112
S01012916,442,325,117
S01012917,270,236,34
S01012918,421,291,130
S01012919,229,140,89
S01012920,258,238,20
S01012921,338,216,122
S01012922,437,324,113
S01012923,456,372,84
S01012924,269,197,72
S01012925,240,209,31
S01012926,333,248,85
S01012927,339,254,85
S01012928,463,354,109
S01012929,408,308,100
S01012930,544,308,236
S01012931,574,380,194
S01012932,251,203,48
S01012933,396,265,131
S01012934,408,262,146
S01012935,645,458,187
S01012936,459,306,153
S01012937,394,276,118
S01012938,360,301,59
S01012939,268,256,12
S01012940,327,294,33
S01012941,257,253,4
S01012942,404,266,138
S01012943,343,299,44
S01012944,295,277,18
S01012945,241,233,8
S01012946,338,318,20
S01012947,201,197,4
S01012948,397,377,20
S01012949,528,498,30
S01012950,629,600,29
S01012951,370,361,9
S01012952,541,528,13
S01012953,292,255,37
S01012954,173,161,12
S01012955,469,431,38
S01012956,458,276,182
S01012957,371,243,128
S01012958,206,174,32
S01012959,228,206,22
S01012960,276,227,49
S01012961,381,355,26
S01012962,345,329,16
S01012963,384,373,11
S01012964,541,479,62
S01012965,279,244,35
S01012966,350,309,41
S01012967,354,257,97
S01012968,338,253,85
S01012969,434,283,151
S01012970,351,273,78
S01012971,377,261,116
S01012972,400,266,134
S01012973,375,274,101
S01012974,529,344,185
S01012975,328,215,113
S01012976,289,198,91
S01012977,361,259,102
S01012978,398,264,134
S01012979,306,252,54
S01012980,384,255,129
S01012981,402,267,135
S01012982,383,260,123
S01012983,326,268,58
S01012984,359,250,109
S01012985,397,259,138
S01012986,541,291,250
S01012987,524,312,212
S01012988,563,333,230
S01012989,509,367,142
S01012990,567,298,269
S01012991,533,314,219
S01012992,515,297,218
S01012993,551,304,247
S01012994,520,290,230
S01012995,331,282,49
S01012996,343,270,73
S01012997,267,179,88
S01012998,499,364,135
S01012999,317,218,99
S01013000,551,364,187
S01013001,156,153,3
S01013002,296,284,12
S01013003,281,271,10
S01013004,384,354,30
S01013005,300,283,17
S01013006,362,342,20
S01013007,524,486,38
S01013008,489,444,45
S01013009,378,324,54
S01013010,276,256,20
S01013011,368,332,36
S01013012,491,418,73
S01013013,407,369,38
S01013014,361,309,52
S01013015,309,296,13
S01013016,403,377,26
S01013017,471,413,58
S01013018,467,440,27
S01013019,610,557,53
S01013020,432,334,98
S01013021,489,410,79
S01013022,183,149,34
S01013023,373,353,20
S01013024,274,240,34
S01013025,514,479,35
S01013026,408,283,125
S01013027,648,461,187
S01013028,367,341,26
S01013029,309,180,129
S01013030,465,355,110
S01013031,291,187,104
S01013032,255,217,38
S01013033,322,276,46
S01013034,337,247,90
S01013035,362,213,149
S01013036,341,255,86
S01013037,480,390,90
S01013038,534,399,135
S01013039,178,172,6
S01013040,324,230,94
S01013041,257,203,54
S01013042,366,289,77
S01013043,321,208,113
S01013044,489,347,142
S01013045,277,215,62
S01013046,290,215,75
S01013047,350,331,19
S01013048,585,487,98
S01013049,462,390,72
S01013050,405,304,101
S01013051,422,270,152
S01013052,391,254,137
S01013053,536,290,246
S01013054,447,337,110
S01013055,370,226,144
S01013056,594,368,226
S01013057,427,228,199
S01013058,200,179,21
S01013059,583,438,145
S01013060,303,240,63
S01013061,484,449,35
S01013062,512,419,93
S01013063,410,337,73
S01013064,519,378,141
S01013065,567,376,191
S01013066,394,260,134
S01013067,656,327,329
S01013068,765,422,343
S01013069,469,226,243
S01013070,466,196,270
S01013071,398,178,220
S01013072,393,261,132
S01013073,508,302,206
S01013074,692,340,352
S01013075,481,185,296
S01013076,245,199,46
S01013077,297,174,123
S01013078,351,201,150
S01013079,441,401,40
S01013080,491,390,101
S01013081,307,274,33
S01013082,589,513,76
S01013083,359,325,34
S01013084,428,382,46
S01013085,435,306,129
S01013086,517,389,128
S01013087,395,352,43
S01013088,388,367,21
S01013089,391,298,93
S01013090,643,436,207
S01013091,443,290,153
S01013092,673,439,234
S01013093,223,192,31
S01013094,285,276,9
S01013095,583,560,23
S01013096,248,185,63
S01013097,579,549,30
S01013098,28,19,9
S01013099,439,340,99
S01013100,440,382,58
S01013101,816,594,222
S01013102,330,273,57
S01013103,289,284,5
S01013104,443,411,32
S01013105,387,339,48
S01013106,433,362,71
S01013107,344,330,14
S01013108,292,253,39
S01013109,635,598,37
S01013110,245,223,22
S01013111,316,280,36
S01013112,348,305,43
S01013113,468,361,107
S01013114,609,490,119
S01013115,468,361,107
S01013116,423,377,46
S01013117,452,375,77
S01013118,413,373,40
S01013119,337,305,32
S01013120,525,462,63
S01013121,173,141,32
S01013122,491,233,258
S01013123,526,251,275
S01013124,558,327,231
S01013125,426,263,163
S01013126,453,204,249
S01013127,506,216,290
S01013128,684,324,360
S01013129,624,368,256
S01013130,488,221,267
S01013131,448,234,214
S01013132,385,186,199
S01013133,496,228,268
S01013134,376,240,136
S01013135,501,222,279
S01013136,508,282,226
S01013137,414,241,173
S01013138,449,176,273
S01013139,539,255,284
S01013140,486,244,242
S01013141,330,148,182
S01013142,607,228,379
S01013143,506,276,230
S01013144,427,278,149
S01013145,457,272,185
S01013146,242,139,103
S01013147,351,223,128
S01013148,526,364,162
S01013149,418,266,152
S01013150,403,271,132
S01013151,261,203,58
S01013152,601,412,189
S01013153,446,217,229
S01013154,631,350,281
S01013155,399,177,222
S01013156,452,220,232
S01013157,539,256,283
S01013158,290,272,18
S01013159,349,297,52
S01013160,353,340,13
S01013161,488,312,176
S01013162,570,341,229
S01013163,318,264,54
S01013164,574,336,238
S01013165,569,376,193
S01013166,462,160,302
S01013167,653,284,369
S01013168,477,238,239
S01013169,392,199,193
S01013170,565,327,238
S01013171,286,233,53
S01013172,362,261,101
S01013173,358,286,72
S01013174,432,388,44
S01013175,333,279,54
S01013176,524,352,172
S01013177,480,381,99
S01013178,346,269,77
S01013179,614,509,105
S01013180,170,148,22
S01013181,406,330,76
S01013182,409,249,160
S01013183,412,348,64
S01013184,279,117,162
S01013185,482,257,225
S01013186,323,176,147
S01013187,449,244,205
S01013188,391,309,82
S01013189,320,271,49
S01013190,406,259,147
S01013191,386,354,32
S01013192,465,343,122
S01013193,356,238,118
S01013194,660,428,232
S01013195,597,294,303
S01013196,412,296,116
S01013197,262,182,80
S01013198,415,245,170
S01013199,488,296,192
S01013200,465,253,212
S01013201,418,174,244
S01013202,235,125,110
S01013203,478,275,203
S01013204,431,372,59
S01013205,300,153,147
S01013206,418,221,197
S01013207,527,363,164
S01013208,371,199,172
S01013209,520,347,173
S01013210,355,278,77
S01013211,487,314,173
S01013212,287,274,13
S01013213,325,316,9
S01013214,159,150,9
S01013215,385,297,88
S01013216,340,200,140
S01013217,334,236,98
S01013218,310,187,123
S01013219,282,182,100
S01013220,389,231,158
S01013221,446,263,183
S01013222,370,170,200
S01013223,761,407,354
S01013224,503,338,165
S01013225,478,365,113
S01013226,338,294,44
S01013227,319,145,174
S01013228,463,287,176
S01013229,508,298,210
S01013230,450,288,162
S01013231,595,435,160
S01013232,373,248,125
S01013233,262,207,55
S01013234,248,231,17
S01013235,538,367,171
S01013236,431,371,60
S01013237,432,325,107
S01013238,536,268,268
S01013239,459,256,203
S01013240,368,202,166
S01013241,336,323,13
S01013242,254,237,17
S01013243,356,252,104
S01013244,551,336,215
S01013245,407,328,79
S01013246,184,139,45
S01013247,409,266,143
S01013248,335,197,138
S01013249,458,349,109
S01013250,527,480,47
S01013251,396,278,118
S01013252,471,374,97
S01013253,371,299,72
S01013254,409,278,131
S01013255,448,348,100
S01013256,433,348,85
S01013257,531,358,173
S01013258,429,347,82
S01013259,561,445,116
S01013260,386,250,136
S01013261,490,359,131
S01013262,350,272,78
S01013263,374,362,12
S01013264,94,94,0
S01013265,316,305,11
S01013266,134,129,5
S01013267,303,249,54
S01013268,511,371,140
S01013269,464,420,44
S01013270,285,280,5
S01013271,454,441,13
S01013272,419,404,15
S01013273,286,282,4
S01013274,404,356,48
S01013275,407,377,30
S01013276,367,316,51
S01013277,363,249,114
S01013278,415,275,140
S01013279,354,216,138
S01013280,331,243,88
S01013281,384,259,125
S01013282,346,201,145
S01013283,486,314,172
S01013284,301,260,41
S01013285,304,269,35
S01013286,331,290,41
S01013287,290,276,14
S01013288,341,254,87
S01013289,417,399,18
S01013290,462,401,61
S01013291,441,404,37
S01013292,333,305,28
S01013293,325,311,14
S01013294,354,311,43
S01013295,376,338,38
S01013296,386,273,113
S01013297,525,379,146
S01013298,352,283,69
S01013299,545,386,159
S01013300,529,374,155
S01013301,309,216,93
S01013302,528,477,51
S01013303,692,525,167
S01013304,477,262,215
S01013305,444,275,169
S01013306,547,234,313
S01013307,538,280,258
S01013308,519,340,179
S01013309,355,284,71
S01013310,241,180,61
S01013311,500,352,148
S01013312,773,497,276
S01013313,276,205,71
S01013314,365,260,105
S01013315,114,102,12
S01013316,303,258,45
S01013317,315,279,36
S01013318,278,254,24
S01013319,311,278,33
S01013320,255,237,18
S01013321,255,170,85
S01013322,267,220,47
S01013323,416,282,134
S01013324,415,263,152
S01013325,555,397,158
S01013326,421,242,179
S01013327,346,235,111
S01013328,274,171,103
S01013329,228,157,71
S01013330,402,327,75
S01013331,248,208,40
S01013332,354,262,92
S01013333,451,380,71
S01013334,290,197,93
S01013335,368,238,130
S01013336,410,283,127
S01013337,1020,871,149
S01013338,159,142,17
S01013339,344,295,49
S01013340,534,494,40
S01013341,388,370,18
S01013342,356,221,135
S01013343,312,237,75
S01013344,521,372,149
S01013345,336,246,90
S01013346,288,277,11
S01013347,328,270,58
S01013348,522,471,51
S01013349,494,337,157
S01013350,644,449,195
S01013351,320,251,69
S01013352,405,323,82
S01013353,468,322,146
S01013354,404,334,70
S01013355,407,322,85
S01013356,450,283,167
S01013357,460,387,73
S01013358,471,326,145
S01013359,298,177,121
S01013360,299,201,98
S01013361,632,409,223
S01013362,259,170,89
S01013363,561,340,221
S01013364,327,265,62
S01013365,523,448,75
S01013366,237,225,12
S01013367,281,259,22
S01013368,389,284,105
S01013369,420,250,170
S01013370,433,265,168
S01013371,414,283,131
S01013372,528,284,244
S01013373,635,412,223
S01013374,522,267,255
S01013375,306,205,101
S01013376,311,202,109
S01013377,377,207,170
S01013378,461,318,143
S01013379,479,374,105
S01013380,518,459,59
S01013381,321,245,76
S01013382,418,331,87
S01013383,428,242,186
S01013384,510,354,156
S01013385,287,223,64
S01013386,322,297,25
S01013387,334,211,123
S01013388,382,244,138
S01013389,451,360,91
S01013390,251,183,68
S01013391,435,344,91
S01013392,394,370,24
S01013393,748,605,143
S01013394,322,209,113
S01013395,661,426,235
S01013396,471,367,104
S01013397,421,314,107
S01013398,90,81,9
S01013399,439,381,58
S01013400,314,230,84
S01013401,1370,1259,111
S01013402,112,73,39
S01013403,41,39,2
S01013404,1619,1461,158
S01013405,329,229,100
S01013406,318,203,115
S01013407,711,551,160
S01013408,367,234,133
S01013409,532,402,130
S01013410,272,160,112
S01013411,414,322,92
S01013412,364,260,104
S01013413,479,340,139
S01013414,533,305,228
S01013415,502,250,252
S01013416,276,175,101
S01013417,442,260,182
S01013418,198,147,51
S01013419,221,202,19
S01013420,539,431,108
S01013421,334,304,30
S01013422,409,293,116
S01013423,375,296,79
S01013424,320,279,41
S01013425,199,152,47
S01013426,393,280,113
S01013427,297,274,23
S01013428,642,513,129
S01013429,645,529,116
S01013430,688,628,60
S01013431,438,321,117
S01013432,329,296,33
S01013433,309,272,37
S01013434,207,195,12
S01013435,272,262,10
S01013436,390,311,79
S01013437,363,279,84
S01013438,354,234,120
S01013439,351,328,23
S01013440,481,462,19
S01013441,383,333,50
S01013442,378,327,51
S01013443,295,246,49
S01013444,654,408,246
S01013445,252,208,44
S01013446,309,238,71
S01013447,198,196,2
S01013448,515,414,101
S01013449,328,297,31
S01013450,332,307,25
S01013451,296,288,8
S01013452,261,230,31
S01013453,451,317,134
S01013454,317,278,39
S01013455,262,226,36
S01013456,509,365,144
S01013457,426,315,111
S01013458,378,301,77
S01013459,496,314,182
S01013460,418,303,115
S01013461,483,346,137
S01013462,412,326,86
S01013463,378,286,92
S01013464,362,313,49
S01013465,395,293,102
S01013466,116,108,8
S01013467,364,322,42
S01013468,303,208,95
S01013469,480,359,121
S01013470,416,268,148
S01013471,383,271,112
S01013472,417,367,50
S01013473,227,180,47
S01013474,297,252,45
S01013475,582,529,53
S01013476,271,210,61
S01013477,492,311,181
S01013478,380,307,73
S01013479,528,307,221
S01013480,302,206,96
S01013481,447,397,50
