dz_2011,total,none,some
S01006506,424,73,351
S01006507,447,79,368
S01006508,451,46,405
S01006509,325,68,257
S01006510,301,58,243
S01006511,409,45,364
S01006512,129,5,124
S01006513,425,26,399
S01006514,414,15,399
S01006515,414,14,400
S01006516,325,20,305
S01006517,403,39,364
S01006518,331,15,316
S01006519,281,1,280
S01006520,271,4,267
S01006521,273,8,265
S01006522,218,11,207
S01006523,622,77,545
S01006524,459,81,378
S01006525,463,21,442
S01006526,650,233,417
S01006527,547,176,371
S01006528,467,163,304
S01006529,592,231,361
S01006530,556,229,327
S01006531,579,247,332
S01006532,496,126,370
S01006533,378,45,333
S01006534,398,51,347
S01006535,605,155,450
S01006536,808,298,510
S01006537,385,34,351
S01006538,288,24,264
S01006539,463,90,373
S01006540,602,116,486
S01006541,467,112,355
S01006542,496,61,435
S01006543,482,52,430
S01006544,676,69,607
S01006545,714,214,500
S01006546,514,48,466
S01006547,726,216,510
S01006548,312,31,281
S01006549,409,38,371
S01006550,496,33,463
S01006551,513,167,346
S01006552,579,89,490
S01006553,494,122,372
S01006554,447,115,332
S01006555,471,182,289
S01006556,459,164,295
S01006557,385,136,249
S01006558,457,122,335
S01006559,313,57,256
S01006560,432,93,339
S01006561,365,40,325
S01006562,439,87,352
S01006563,453,77,376
S01006564,715,372,343
S01006565,698,355,343
S01006566,478,171,307
S01006567,726,397,329
S01006568,709,272,437
S01006569,423,159,264
S01006570,430,84,346
S01006571,615,130,485
S01006572,560,34,526
S01006573,290,18,272
S01006574,427,33,394
S01006575,488,62,426
S01006576,450,109,341
S01006577,481,106,375
S01006578,1068,388,680
S01006579,897,342,555
S01006580,504,159,345
S01006581,606,69,537
S01006582,356,175,181
S01006583,644,258,386
S01006584,523,196,327
S01006585,504,265,239
S01006586,594,359,235
S01006587,387,210,177
S01006588,523,364,159
S01006589,735,429,306
S01006590,349,148,201
S01006591,463,158,305
S01006592,362,58,304
S01006593,497,122,375
S01006594,487,156,331
S01006595,606,148,458
S01006596,443,112,331
S01006597,536,230,306
S01006598,611,59,552
S01006599,683,239,444
S01006600,754,240,514
S01006601,572,170,402
S01006602,508,112,396
S01006603,612,220,392
S01006604,409,107,302
S01006605,461,190,271
S01006606,569,145,424
S01006607,544,163,381
S01006608,602,49,553
S01006609,615,189,426
S01006610,351,155,196
S01006611,514,203,311
S01006612,428,102,326
S01006613,175,14,161
S01006614,355,13,342
S01006615,150,10,140
S01006616,337,24,313
S01006617,424,72,352
S01006618,246,29,217
S01006619,404,54,350
S01006620,483,86,397
S01006621,343,47,296
S01006622,292,22,270
S01006623,641,194,447
S01006624,481,233,248
S01006625,380,135,245
S01006626,447,224,223
S01006627,511,275,236
S01006628,811,486,325
S01006629,399,196,203
S01006630,326,143,183
S01006631,590,269,321
S01006632,529,273,256
S01006633,391,178,213
S01006634,392,217,175
S01006635,492,241,251
S01006636,504,266,238
S01006637,413,205,208
S01006638,712,426,286
S01006639,631,404,227
S01006640,419,127,292
S01006641,777,356,421
S01006642,492,253,239
S01006643,720,343,377
S01006644,595,259,336
S01006645,651,387,264
S01006646,535,302,233
S01006647,345,187,158
S01006648,770,428,342
S01006649,737,353,384
S01006650,798,385,413
S01006651,467,281,186
S01006652,465,210,255
S01006653,425,127,298
S01006654,504,239,265
S01006655,334,87,247
S01006656,595,251,344
S01006657,311,132,179
S01006658,641,302,339
S01006659,439,182,257
S01006660,393,209,184
S01006661,371,135,236
S01006662,315,160,155
S01006663,456,208,248
S01006664,237,99,138
S01006665,421,213,208
S01006666,981,523,458
S01006667,732,416,316
S01006668,413,170,243
S01006669,514,267,247
S01006670,347,182,165
S01006671,366,185,181
S01006672,366,196,170
S01006673,414,187,227
S01006674,589,338,251
S01006675,345,176,169
S01006676,427,231,196
S01006677,398,233,165
S01006678,594,300,294
S01006679,500,166,334
S01006680,461,234,227
S01006681,594,283,311
S01006682,432,234,198
S01006683,553,230,323
S01006684,481,235,246
S01006685,511,247,264
S01006686,445,168,277
S01006687,496,187,309
S01006688,574,236,338
S01006689,288,30,258
S01006690,400,120,280
S01006691,444,136,308
S01006692,412,95,317
S01006693,635,206,429
S01006694,622,300,322
S01006695,346,126,220
S01006696,532,259,273
S01006697,548,254,294
S01006698,510,224,286
S01006699,344,99,245
S01006700,641,234,407
S01006701,463,165,298
S01006702,437,154,283
S01006703,344,137,207
S01006704,390,166,224
S01006705,456,182,274
S01006706,372,141,231
S01006707,311,141,170
S01006708,426,148,278
S01006709,568,188,380
S01006710,502,143,359
S01006711,593,244,349
S01006712,296,82,214
S01006713,424,145,279
S01006714,388,119,269
S01006715,376,158,218
S01006716,242,89,153
S01006717,487,183,304
S01006718,248,90,158
S01006719,399,116,283
S01006720,303,90,213
S01006721,407,145,262
S01006722,352,118,234
S01006723,425,123,302
S01006724,495,239,256
S01006725,396,152,244
S01006726,505,264,241
S01006727,534,255,279
S01006728,391,128,263
S01006729,402,192,210
S01006730,319,87,232
S01006731,214,72,142
S01006732,524,42,482
S01006733,313,10,303
S01006734,414,14,400
S01006735,367,16,351
S01006736,470,16,454
S01006737,392,27,365
S01006738,453,94,359
S01006739,309,55,254
S01006740,503,150,353
S01006741,389,120,269
S01006742,233,79,154
S01006743,520,95,425
S01006744,329,63,266
S01006745,508,135,373
S01006746,350,86,264
S01006747,461,42,419
S01006748,503,70,433
S01006749,578,128,450
S01006750,347,86,261
S01006751,241,83,158
S01006752,386,105,281
S01006753,410,53,357
S01006754,487,36,451
S01006755,460,74,386
S01006756,386,50,336
S01006757,541,49,492
S01006758,318,23,295
S01006759,537,41,496
S01006760,288,23,265
S01006761,441,43,398
S01006762,477,117,360
S01006763,433,31,402
S01006764,345,24,321
S01006765,335,24,311
S01006766,240,19,221
S01006767,407,120,287
S01006768,212,6,206
S01006769,511,59,452
S01006770,273,20,253
S01006771,183,6,177
S01006772,555,40,515
S01006773,255,16,239
S01006774,269,13,256
S01006775,374,76,298
S01006776,347,132,215
S01006777,374,28,346
S01006778,381,63,318
S01006779,493,165,328
S01006780,403,117,286
S01006781,423,59,364
S01006782,455,61,394
S01006783,299,48,251
S01006784,344,60,284
S01006785,267,10,257
S01006786,450,43,407
S01006787,413,43,370
S01006788,258,21,237
S01006789,430,58,372
S01006790,483,105,378
S01006791,253,22,231
S01006792,300,17,283
S01006793,275,43,232
S01006794,374,55,319
S01006795,342,40,302
S01006796,309,17,292
S01006797,305,8,297
S01006798,271,10,261
S01006799,464,74,390
S01006800,360,9,351
S01006801,530,21,509
S01006802,298,42,256
S01006803,349,73,276
S01006804,510,50,460
S01006805,537,57,480
S01006806,456,35,421
S01006807,243,9,234
S01006808,394,19,375
S01006809,416,52,364
S01006810,423,48,375
S01006811,430,30,400
S01006812,338,14,324
S01006813,405,66,339
S01006814,405,31,374
S01006815,346,87,259
S01006816,391,49,342
S01006817,325,31,294
S01006818,278,13,265
S01006819,452,17,435
S01006820,253,6,247
S01006821,446,11,435
S01006822,279,6,273
S01006823,357,29,328
S01006824,320,103,217
S01006825,434,73,361
S01006826,464,34,430
S01006827,479,116,363
S01006828,540,130,410
S01006829,268,21,247
S01006830,269,36,233
S01006831,519,56,463
S01006832,424,56,368
S01006833,303,47,256
S01006834,120,8,112
S01006835,681,206,475
S01006836,210,22,188
S01006837,362,33,329
S01006838,371,35,336
S01006839,398,44,354
S01006840,445,16,429
S01006841,532,45,487
S01006842,385,39,346
S01006843,378,28,350
S01006844,332,38,294
S01006845,404,28,376
S01006846,357,30,327
S01006847,284,15,269
S01006848,483,24,459
S01006849,506,34,472
S01006850,421,55,366
S01006851,337,78,259
S01006852,229,7,222
S01006853,355,15,340
S01006854,645,30,615
S01006855,294,9,285
S01006856,368,19,349
S01006857,421,22,399
S01006858,240,6,234
S01006859,541,37,504
S01006860,330,70,260
S01006861,315,14,301
S01006862,416,61,355
S01006863,490,53,437
S01006864,72,20,52
S01006865,424,56,368
S01006866,258,18,240
S01006867,473,46,427
S01006868,364,59,305
S01006869,226,15,211
S01006870,251,20,231
S01006871,355,31,324
S01006872,585,35,550
S01006873,518,47,471
S01006874,216,4,212
S01006875,431,57,374
S01006876,446,28,418
S01006877,429,14,415
S01006878,422,45,377
S01006879,486,27,459
S01006880,296,5,291
S01006881,227,4,223
S01006882,412,103,309
S01006883,302,38,264
S01006884,458,66,392
S01006885,310,19,291
S01006886,321,19,302
S01006887,341,18,323
S01006888,362,10,352
S01006889,263,30,233
S01006890,432,46,386
S01006891,271,26,245
S01006892,266,50,216
S01006893,395,66,329
S01006894,288,76,212
S01006895,237,45,192
S01006896,337,40,297
S01006897,417,48,369
S01006898,268,35,233
S01006899,192,7,185
S01006900,185,13,172
S01006901,358,83,275
S01006902,296,57,239
S01006903,398,79,319
S01006904,262,74,188
S01006905,449,101,348
S01006906,486,183,303
S01006907,371,113,258
S01006908,477,123,354
S01006909,176,11,165
S01006910,211,6,205
S01006911,653,24,629
S01006912,97,3,94
S01006913,683,15,668
S01006914,317,12,305
S01006915,314,8,306
S01006916,153,9,144
S01006917,476,9,467
S01006918,623,28,595
S01006919,289,28,261
S01006920,387,74,313
S01006921,366,11,355
S01006922,696,20,676
S01006923,540,47,493
S01006924,292,17,275
S01006925,215,19,196
S01006926,621,21,600
S01006927,154,18,136
S01006928,1057,70,987
S01006929,610,17,593
S01006930,293,10,283
S01006931,694,24,670
S01006932,281,15,266
S01006933,326,12,314
S01006934,596,24,572
S01006935,366,24,342
S01006936,298,19,279
S01006937,343,21,322
S01006938,358,46,312
S01006939,234,7,227
S01006940,405,20,385
S01006941,535,39,496
S01006942,752,33,719
S01006943,633,27,606
S01006944,41,0,41
S01006945,370,26,344
S01006946,513,14,499
S01006947,538,20,518
S01006948,556,21,535
S01006949,291,5,286
S01006950,267,6,261
S01006951,548,59,489
S01006952,619,27,592
S01006953,568,22,546
S01006954,665,29,636
S01006955,267,37,230
S01006956,546,20,526
S01006957,608,18,590
S01006958,486,58,428
S01006959,417,130,287
S01006960,747,23,724
S01006961,784,26,758
S01006962,409,51,358
S01006963,385,28,357
S01006964,389,49,340
S01006965,216,36,180
S01006966,300,61,239
S01006967,282,13,269
S01006968,498,111,387
S01006969,439,71,368
S01006970,243,20,223
S01006971,449,93,356
S01006972,192,6,186
S01006973,257,22,235
S01006974,541,31,510
S01006975,462,23,439
S01006976,854,24,830
S01006977,998,31,967
S01006978,371,28,343
S01006979,602,63,539
S01006980,266,6,260
S01006981,321,18,303
S01006982,476,36,440
S01006983,402,38,364
S01006984,389,13,376
S01006985,576,77,499
S01006986,297,38,259
S01006987,445,65,380
S01006988,287,9,278
S01006989,311,10,301
S01006990,355,17,338
S01006991,289,52,237
S01006992,342,8,334
S01006993,280,11,269
S01006994,252,9,243
S01006995,441,11,430
S01006996,368,33,335
S01006997,292,14,278
S01006998,506,39,467
S01006999,334,3,331
S01007000,628,92,536
S01007001,554,59,495
S01007002,279,39,240
S01007003,242,15,227
S01007004,447,18,429
S01007005,401,8,393
S01007006,441,53,388
S01007007,338,13,325
S01007008,401,102,299
S01007009,617,144,473
S01007010,435,104,331
S01007011,599,206,393
S01007012,429,159,270
S01007013,511,40,471
S01007014,525,16,509
S01007015,291,8,283
S01007016,213,6,207
S01007017,498,126,372
S01007018,520,65,455
S01007019,488,103,385
S01007020,666,169,497
S01007021,616,127,489
S01007022,346,34,312
S01007023,289,31,258
S01007024,472,32,440
S01007025,517,118,399
S01007026,464,102,362
S01007027,587,108,479
S01007028,589,39,550
S01007029,261,10,251
S01007030,414,69,345
S01007031,285,53,232
S01007032,588,228,360
S01007033,493,141,352
S01007034,483,157,326
S01007035,429,163,266
S01007036,471,89,382
S01007037,512,128,384
S01007038,373,88,285
S01007039,412,99,313
S01007040,538,105,433
S01007041,410,92,318
S01007042,416,57,359
S01007043,430,14,416
S01007044,441,55,386
S01007045,375,21,354
S01007046,259,22,237
S01007047,428,54,374
S01007048,528,36,492
S01007049,450,88,362
S01007050,444,55,389
S01007051,431,42,389
S01007052,233,15,218
S01007053,316,20,296
S01007054,501,88,413
S01007055,196,7,189
S01007056,328,22,306
S01007057,382,56,326
S01007058,370,97,273
S01007059,564,70,494
S01007060,231,44,187
S01007061,442,13,429
S01007062,303,9,294
S01007063,603,55,548
S01007064,300,21,279
S01007065,398,35,363
S01007066,252,15,237
S01007067,559,53,506
S01007068,312,72,240
S01007069,410,80,330
S01007070,347,76,271
S01007071,517,53,464
S01007072,519,34,485
S01007073,543,75,468
S01007074,462,95,367
S01007075,373,100,273
S01007076,402,56,346
S01007077,352,74,278
S01007078,454,138,316
S01007079,636,226,410
S01007080,386,156,230
S01007081,419,146,273
S01007082,300,116,184
S01007083,451,199,252
S01007084,413,133,280
S01007085,539,230,309
S01007086,678,368,310
S01007087,482,240,242
S01007088,285,136,149
S01007089,217,8,209
S01007090,243,24,219
S01007091,466,52,414
S01007092,307,97,210
S01007093,417,48,369
S01007094,813,97,716
S01007095,281,7,274
S01007096,447,40,407
S01007097,776,70,706
S01007098,568,52,516
S01007099,338,31,307
S01007100,357,21,336
S01007101,529,69,460
S01007102,319,17,302
S01007103,330,61,269
S01007104,197,13,184
S01007105,284,54,230
S01007106,393,74,319
S01007107,283,14,269
S01007108,434,56,378
S01007109,599,113,486
S01007110,438,94,344
S01007111,229,41,188
S01007112,375,49,326
S01007113,338,75,263
S01007114,378,77,301
S01007115,261,27,234
S01007116,432,29,403
S01007117,210,10,200
S01007118,356,95,261
S01007119,395,112,283
S01007120,510,176,334
S01007121,404,210,194
S01007122,287,97,190
S01007123,470,173,297
S01007124,452,89,363
S01007125,351,108,243
S01007126,465,203,262
S01007127,446,212,234
S01007128,464,167,297
S01007129,374,22,352
S01007130,307,40,267
S01007131,459,50,409
S01007132,297,27,270
S01007133,262,15,247
S01007134,372,36,336
S01007135,322,12,310
S01007136,244,4,240
S01007137,294,10,284
S01007138,365,18,347
S01007139,324,23,301
S01007140,405,25,380
S01007141,402,15,387
S01007142,75,1,74
S01007143,400,15,385
S01007144,856,65,791
S01007145,408,77,331
S01007146,391,92,299
S01007147,363,42,321
S01007148,204,10,194
S01007149,357,29,328
S01007150,350,58,292
S01007151,450,34,416
S01007152,338,62,276
S01007153,424,91,333
S01007154,528,174,354
S01007155,350,88,262
S01007156,470,65,405
S01007157,318,58,260
S01007158,437,58,379
S01007159,454,124,330
S01007160,431,110,321
S01007161,448,97,351
S01007162,311,100,211
S01007163,456,94,362
S01007164,346,71,275
S01007165,386,65,321
S01007166,498,83,415
S01007167,331,41,290
S01007168,415,42,373
S01007169,366,69,297
S01007170,312,16,296
S01007171,448,60,388
S01007172,492,20,472
S01007173,212,25,187
S01007174,337,75,262
S01007175,358,87,271
S01007176,482,142,340
S01007177,386,155,231
S01007178,498,215,283
S01007179,536,44,492
S01007180,449,85,364
S01007181,447,99,348
S01007182,640,185,455
S01007183,683,249,434
S01007184,594,272,322
S01007185,489,243,246
S01007186,422,229,193
S01007187,498,273,225
S01007188,441,180,261
S01007189,530,278,252
S01007190,467,152,315
S01007191,329,125,204
S01007192,364,114,250
S01007193,345,111,234
S01007194,276,139,137
S01007195,432,113,319
S01007196,374,108,266
S01007197,330,151,179
S01007198,229,100,129
S01007199,441,200,241
S01007200,405,128,277
S01007201,482,158,324
S01007202,350,126,224
S01007203,336,73,263
S01007204,468,40,428
S01007205,336,34,302
S01007206,212,70,142
S01007207,477,90,387
S01007208,550,273,277
S01007209,425,189,236
S01007210,535,241,294
S01007211,498,234,264
S01007212,406,113,293
S01007213,423,120,303
S01007214,547,249,298
S01007215,493,193,300
S01007216,344,64,280
S01007217,549,163,386
S01007218,416,52,364
S01007219,501,126,375
S01007220,370,125,245
S01007221,444,34,410
S01007222,448,87,361
S01007223,279,26,253
S01007224,336,61,275
S01007225,496,23,473
S01007226,408,21,387
S01007227,657,78,579
S01007228,330,23,307
S01007229,511,27,484
S01007230,611,190,421
S01007231,440,201,239
S01007232,381,166,215
S01007233,347,85,262
S01007234,263,70,193
S01007235,574,195,379
S01007236,561,162,399
S01007237,372,75,297
S01007238,461,96,365
S01007239,602,70,532
S01007240,233,11,222
S01007241,497,40,457
S01007242,503,69,434
S01007243,585,62,523
S01007244,303,22,281
S01007245,350,49,301
S01007246,356,31,325
S01007247,465,31,434
S01007248,439,36,403
S01007249,249,37,212
S01007250,432,111,321
S01007251,400,113,287
S01007252,360,59,301
S01007253,358,48,310
S01007254,462,152,310
S01007255,480,176,304
S01007256,476,173,303
S01007257,440,173,267
S01007258,410,133,277
S01007259,506,188,318
S01007260,550,213,337
S01007261,463,73,390
S01007262,301,89,212
S01007263,511,120,391
S01007264,379,102,277
S01007265,537,203,334
S01007266,363,60,303
S01007267,260,10,250
S01007268,249,11,238
S01007269,287,26,261
S01007270,205,21,184
S01007271,521,109,412
S01007272,558,175,383
S01007273,337,58,279
S01007274,493,164,329
S01007275,306,58,248
S01007276,518,97,421
S01007277,396,37,359
S01007278,397,26,371
S01007279,287,14,273
S01007280,278,17,261
S01007281,443,17,426
S01007282,228,10,218
S01007283,482,80,402
S01007284,403,51,352
S01007285,504,55,449
S01007286,665,122,543
S01007287,281,50,231
S01007288,309,33,276
S01007289,404,43,361
S01007290,449,123,326
S01007291,277,90,187
S01007292,320,40,280
S01007293,424,141,283
S01007294,432,111,321
S01007295,382,215,167
S01007296,354,148,206
S01007297,552,154,398
S01007298,244,55,189
S01007299,454,142,312
S01007300,328,141,187
S01007301,368,37,331
S01007302,355,82,273
S01007303,459,46,413
S01007304,310,27,283
S01007305,418,36,382
S01007306,552,53,499
S01007307,452,38,414
S01007308,374,37,337
S01007309,360,26,334
S01007310,406,50,356
S01007311,418,63,355
S01007312,396,46,350
S01007313,436,38,398
S01007314,396,36,360
S01007315,434,88,346
S01007316,584,185,399
S01007317,492,84,408
S01007318,274,53,221
S01007319,430,90,340
S01007320,425,38,387
S01007321,271,19,252
S01007322,423,98,325
S01007323,227,53,174
S01007324,167,30,137
S01007325,393,56,337
S01007326,456,57,399
S01007327,397,92,305
S01007328,487,116,371
S01007329,314,45,269
S01007330,375,54,321
S01007331,461,63,398
S01007332,261,21,240
S01007333,520,115,405
S01007334,498,233,265
S01007335,454,188,266
S01007336,430,199,231
S01007337,380,186,194
S01007338,439,84,355
S01007339,410,76,334
S01007340,356,119,237
S01007341,440,122,318
S01007342,359,31,328
S01007343,302,43,259
S01007344,293,90,203
S01007345,372,230,142
S01007346,566,396,170
S01007347,609,308,301
S01007348,359,175,184
S01007349,328,161,167
S01007350,373,181,192
S01007351,355,64,291
S01007352,230,14,216
S01007353,355,49,306
S01007354,403,68,335
S01007355,621,83,538
S01007356,350,53,297
S01007357,388,53,335
S01007358,596,56,540
S01007359,449,93,356
S01007360,416,88,328
S01007361,507,126,381
S01007362,509,110,399
S01007363,508,183,325
S01007364,493,196,297
S01007365,215,58,157
S01007366,314,168,146
S01007367,336,154,182
S01007368,290,120,170
S01007369,542,187,355
S01007370,495,216,279
S01007371,437,138,299
S01007372,527,78,449
S01007373,320,30,290
S01007374,346,48,298
S01007375,216,24,192
S01007376,439,119,320
S01007377,279,20,259
S01007378,352,45,307
S01007379,435,100,335
S01007380,348,58,290
S01007381,191,11,180
S01007382,444,53,391
S01007383,349,45,304
S01007384,476,63,413
S01007385,563,109,454
S01007386,337,25,312
S01007387,312,8,304
S01007388,279,13,266
S01007389,264,54,210
S01007390,253,56,197
S01007391,263,12,251
S01007392,200,11,189
S01007393,395,87,308
S01007394,377,105,272
S01007395,650,291,359
S01007396,643,273,370
S01007397,443,96,347
S01007398,326,133,193
S01007399,422,246,176
S01007400,428,131,297
S01007401,322,51,271
S01007402,302,35,267
S01007403,316,25,291
S01007404,254,16,238
S01007405,359,41,318
S01007406,406,24,382
S01007407,469,50,419
S01007408,377,57,320
S01007409,269,35,234
S01007410,437,173,264
S01007411,516,235,281
S01007412,257,89,168
S01007413,402,43,359
S01007414,308,22,286
S01007415,374,116,258
S01007416,223,75,148
S01007417,94,23,71
S01007418,392,98,294
S01007419,394,116,278
S01007420,1548,157,1391
S01007421,584,73,511
S01007422,363,72,291
S01007423,189,50,139
S01007424,340,30,310
S01007425,421,83,338
S01007426,433,142,291
S01007427,367,116,251
S01007428,522,153,369
S01007429,454,131,323
S01007430,251,48,203
S01007431,269,25,244
S01007432,354,68,286
S01007433,489,99,390
S01007434,293,93,200
S01007435,373,72,301
S01007436,528,178,350
S01007437,297,94,203
S01007438,338,102,236
S01007439,428,97,331
S01007440,348,71,277
S01007441,275,22,253
S01007442,354,16,338
S01007443,452,73,379
S01007444,643,88,555
S01007445,286,16,270
S01007446,293,23,270
S01007447,290,12,278
S01007448,489,38,451
S01007449,530,127,403
S01007450,596,183,413
S01007451,283,56,227
S01007452,551,100,451
S01007453,54,28,26
S01007454,190,30,160
S01007455,388,140,248
S01007456,485,175,310
S01007457,465,143,322
S01007458,343,36,307
S01007459,395,75,320
S01007460,434,118,316
S01007461,500,239,261
S01007462,468,134,334
S01007463,453,206,247
S01007464,485,246,239
S01007465,380,200,180
S01007466,657,365,292
S01007467,548,210,338
S01007468,496,60,436
S01007469,250,62,188
S01007470,335,130,205
S01007471,203,62,141
S01007472,524,188,336
S01007473,402,89,313
S01007474,290,30,260
S01007475,257,47,210
S01007476,359,72,287
S01007477,353,73,280
S01007478,545,168,377
S01007479,222,63,159
S01007480,563,90,473
S01007481,459,44,415
S01007482,348,110,238
S01007483,425,100,325
S01007484,421,172,249
S01007485,384,168,216
S01007486,426,245,181
S01007487,644,317,327
S01007488,560,172,388
S01007489,406,103,303
S01007490,513,189,324
S01007491,452,120,332
S01007492,332,96,236
S01007493,473,122,351
S01007494,341,56,285
S01007495,345,32,313
S01007496,529,104,425
S01007497,264,44,220
S01007498,504,115,389
S01007499,358,50,308
S01007500,360,55,305
S01007501,325,45,280
S01007502,304,31,273
S01007503,527,99,428
S01007504,524,55,469
S01007505,220,20,200
S01007506,237,12,225
S01007507,715,121,594
S01007508,329,52,277
S01007509,313,31,282
S01007510,459,61,398
S01007511,504,115,389
S01007512,247,30,217
S01007513,581,137,444
S01007514,294,84,210
S01007515,294,52,242
S01007516,350,100,250
S01007517,263,55,208
S01007518,470,122,348
S01007519,245,17,228
S01007520,446,84,362
S01007521,307,22,285
S01007522,546,108,438
S01007523,229,20,209
S01007524,385,24,361
S01007525,237,42,195
S01007526,472,158,314
S01007527,651,86,565
S01007528,465,135,330
S01007529,393,35,358
S01007530,223,10,213
S01007531,344,36,308
S01007532,248,24,224
S01007533,382,54,328
S01007534,668,173,495
S01007535,446,108,338
S01007536,480,111,369
S01007537,787,186,601
S01007538,427,40,387
S01007539,406,55,351
S01007540,450,156,294
S01007541,542,89,453
S01007542,463,123,340
S01007543,582,136,446
S01007544,579,37,542
S01007545,646,56,590
S01007546,264,14,250
S01007547,239,18,221
S01007548,410,42,368
S01007549,366,46,320
S01007550,591,67,524
S01007551,608,44,564
S01007552,457,158,299
S01007553,452,153,299
S01007554,390,147,243
S01007555,341,64,277
S01007556,335,123,212
S01007557,478,162,316
S01007558,213,13,200
S01007559,364,36,328
S01007560,541,103,438
S01007561,532,118,414
S01007562,365,32,333
S01007563,485,53,432
S01007564,547,47,500
S01007565,471,56,415
S01007566,318,23,295
S01007567,233,9,224
S01007568,330,30,300
S01007569,514,45,469
S01007570,466,67,399
S01007571,240,13,227
S01007572,655,83,572
S01007573,44,6,38
S01007574,927,189,738
S01007575,452,236,216
S01007576,488,282,206
S01007577,391,185,206
S01007578,380,175,205
S01007579,298,125,173
S01007580,347,136,211
S01007581,256,98,158
S01007582,386,136,250
S01007583,653,333,320
S01007584,471,191,280
S01007585,507,121,386
S01007586,505,193,312
S01007587,306,88,218
S01007588,384,55,329
S01007589,602,198,404
S01007590,289,42,247
S01007591,550,149,401
S01007592,561,196,365
S01007593,477,78,399
S01007594,334,37,297
S01007595,443,61,382
S01007596,347,45,302
S01007597,254,14,240
S01007598,462,46,416
S01007599,361,67,294
S01007600,459,100,359
S01007601,300,47,253
S01007602,390,37,353
S01007603,370,30,340
S01007604,437,38,399
S01007605,496,49,447
S01007606,314,59,255
S01007607,390,41,349
S01007608,410,49,361
S01007609,495,178,317
S01007610,384,169,215
S01007611,704,350,354
S01007612,609,320,289
S01007613,452,87,365
S01007614,484,44,440
S01007615,640,149,491
S01007616,470,141,329
S01007617,299,74,225
S01007618,357,111,246
S01007619,328,108,220
S01007620,376,31,345
S01007621,422,76,346
S01007622,553,81,472
S01007623,250,26,224
S01007624,302,34,268
S01007625,304,41,263
S01007626,269,18,251
S01007627,251,47,204
S01007628,407,77,330
S01007629,345,31,314
S01007630,338,21,317
S01007631,269,18,251
S01007632,743,117,626
S01007633,687,97,590
S01007634,346,39,307
S01007635,429,50,379
S01007636,655,144,511
S01007637,641,191,450
S01007638,522,172,350
S01007639,451,110,341
S01007640,303,20,283
S01007641,369,62,307
S01007642,558,116,442
S01007643,505,121,384
S01007644,491,89,402
S01007645,382,12,370
S01007646,260,33,227
S01007647,496,115,381
S01007648,559,148,411
S01007649,339,88,251
S01007650,463,45,418
S01007651,282,15,267
S01007652,378,45,333
S01007653,490,49,441
S01007654,541,94,447
S01007655,341,14,327
S01007656,393,28,365
S01007657,243,13,230
S01007658,307,33,274
S01007659,477,78,399
S01007660,601,197,404
S01007661,441,117,324
S01007662,575,203,372
S01007663,514,141,373
S01007664,283,120,163
S01007665,324,83,241
S01007666,198,22,176
S01007667,283,28,255
S01007668,547,181,366
S01007669,268,114,154
S01007670,468,153,315
S01007671,341,21,320
S01007672,449,41,408
S01007673,304,48,256
S01007674,515,125,390
S01007675,332,49,283
S01007676,232,9,223
S01007677,107,10,97
S01007678,380,114,266
S01007679,463,145,318
S01007680,386,32,354
S01007681,239,49,190
S01007682,453,69,384
S01007683,444,69,375
S01007684,508,63,445
S01007685,385,37,348
S01007686,517,117,400
S01007687,429,118,311
S01007688,648,306,342
S01007689,288,135,153
S01007690,540,263,277
S01007691,847,512,335
S01007692,494,233,261
S01007693,554,384,170
S01007694,474,271,203
S01007695,663,382,281
S01007696,586,347,239
S01007697,816,434,382
S01007698,728,414,314
S01007699,454,283,171
S01007700,450,109,341
S01007701,272,197,75
S01007702,375,171,204
S01007703,627,281,346
S01007704,720,502,218
S01007705,410,293,117
S01007706,509,362,147
S01007707,675,230,445
S01007708,587,299,288
S01007709,455,286,169
S01007710,1215,599,616
S01007711,647,426,221
S01007712,538,333,205
S01007713,285,151,134
S01007714,321,143,178
S01007715,402,257,145
S01007716,706,464,242
S01007717,567,341,226
S01007718,640,394,246
S01007719,952,509,443
S01007720,577,209,368
S01007721,636,315,321
S01007722,613,375,238
S01007723,648,429,219
S01007724,444,278,166
S01007725,839,533,306
S01007726,506,308,198
S01007727,591,363,228
S01007728,706,435,271
S01007729,588,327,261
S01007730,578,277,301
S01007731,396,193,203
S01007732,523,299,224
S01007733,338,70,268
S01007734,384,75,309
S01007735,359,55,304
S01007736,350,73,277
S01007737,598,244,354
S01007738,565,187,378
S01007739,462,234,228
S01007740,337,106,231
S01007741,512,242,270
S01007742,375,120,255
S01007743,457,222,235
S01007744,403,248,155
S01007745,533,296,237
S01007746,409,176,233
S01007747,401,207,194
S01007748,369,233,136
S01007749,338,36,302
S01007750,412,65,347
S01007751,337,45,292
S01007752,567,159,408
S01007753,430,193,237
S01007754,601,269,332
S01007755,417,233,184
S01007756,468,230,238
S01007757,562,62,500
S01007758,570,151,419
S01007759,806,311,495
S01007760,438,89,349
S01007761,383,50,333
S01007762,474,179,295
S01007763,425,180,245
S01007764,374,37,337
S01007765,434,56,378
S01007766,470,45,425
S01007767,444,52,392
S01007768,406,103,303
S01007769,363,49,314
S01007770,371,69,302
S01007771,367,40,327
S01007772,636,239,397
S01007773,314,32,282
S01007774,51,3,48
S01007775,511,52,459
S01007776,215,19,196
S01007777,201,11,190
S01007778,725,15,710
S01007779,342,54,288
S01007780,331,24,307
S01007781,342,48,294
S01007782,339,149,190
S01007783,440,284,156
S01007784,415,124,291
S01007785,229,140,89
S01007786,385,155,230
S01007787,326,146,180
S01007788,323,169,154
S01007789,430,111,319
S01007790,663,210,453
S01007791,401,21,380
S01007792,424,147,277
S01007793,501,290,211
S01007794,485,185,300
S01007795,291,111,180
S01007796,326,185,141
S01007797,302,161,141
S01007798,270,22,248
S01007799,142,8,134
S01007800,401,192,209
S01007801,388,223,165
S01007802,240,54,186
S01007803,677,428,249
S01007804,364,215,149
S01007805,382,185,197
S01007806,407,181,226
S01007807,334,59,275
S01007808,343,110,233
S01007809,551,104,447
S01007810,417,176,241
S01007811,325,124,201
S01007812,328,160,168
S01007813,436,185,251
S01007814,376,153,223
S01007815,450,59,391
S01007816,273,42,231
S01007817,377,130,247
S01007818,403,70,333
S01007819,353,77,276
S01007820,450,141,309
S01007821,397,154,243
S01007822,463,117,346
S01007823,349,70,279
S01007824,539,143,396
S01007825,630,210,420
S01007826,260,131,129
S01007827,336,109,227
S01007828,724,342,382
S01007829,420,191,229
S01007830,632,346,286
S01007831,605,331,274
S01007832,515,252,263
S01007833,605,319,286
S01007834,416,220,196
S01007835,368,129,239
S01007836,382,105,277
S01007837,553,145,408
S01007838,480,125,355
S01007839,527,226,301
S01007840,495,257,238
S01007841,447,182,265
S01007842,612,377,235
S01007843,503,288,215
S01007844,652,273,379
S01007845,477,264,213
S01007846,381,189,192
S01007847,705,376,329
S01007848,568,355,213
S01007849,484,217,267
S01007850,293,125,168
S01007851,548,263,285
S01007852,624,280,344
S01007853,485,317,168
S01007854,649,403,246
S01007855,401,244,157
S01007856,438,154,284
S01007857,286,134,152
S01007858,987,436,551
S01007859,660,284,376
S01007860,483,208,275
S01007861,432,170,262
S01007862,491,201,290
S01007863,441,265,176
S01007864,486,202,284
S01007865,523,26,497
S01007866,209,12,197
S01007867,494,27,467
S01007868,786,57,729
S01007869,808,52,756
S01007870,253,28,225
S01007871,463,161,302
S01007872,363,179,184
S01007873,328,96,232
S01007874,432,143,289
S01007875,339,59,280
S01007876,420,69,351
S01007877,398,116,282
S01007878,316,123,193
S01007879,505,181,324
S01007880,211,28,183
S01007881,278,77,201
S01007882,609,28,581
S01007883,527,85,442
S01007884,417,118,299
S01007885,462,183,279
S01007886,572,181,391
S01007887,300,52,248
S01007888,451,163,288
S01007889,510,192,318
S01007890,286,85,201
S01007891,550,107,443
S01007892,512,81,431
S01007893,543,78,465
S01007894,448,103,345
S01007895,350,106,244
S01007896,474,162,312
S01007897,623,75,548
S01007898,295,29,266
S01007899,213,23,190
S01007900,232,74,158
S01007901,350,116,234
S01007902,430,146,284
S01007903,383,113,270
S01007904,312,22,290
S01007905,340,118,222
S01007906,418,180,238
S01007907,385,144,241
S01007908,579,133,446
S01007909,286,51,235
S01007910,463,169,294
S01007911,483,143,340
S01007912,389,101,288
S01007913,549,226,323
S01007914,324,131,193
S01007915,410,123,287
S01007916,511,189,322
S01007917,563,210,353
S01007918,500,192,308
S01007919,383,49,334
S01007920,245,19,226
S01007921,520,201,319
S01007922,588,225,363
S01007923,515,99,416
S01007924,530,183,347
S01007925,264,21,243
S01007926,352,32,320
S01007927,237,17,220
S01007928,490,47,443
S01007929,586,35,551
S01007930,267,17,250
S01007931,562,85,477
S01007932,364,39,325
S01007933,529,79,450
S01007934,300,78,222
S01007935,643,183,460
S01007936,468,34,434
S01007937,601,53,548
S01007938,420,146,274
S01007939,469,165,304
S01007940,764,168,596
S01007941,257,20,237
S01007942,207,57,150
S01007943,444,100,344
S01007944,481,130,351
S01007945,620,198,422
S01007946,518,162,356
S01007947,474,108,366
S01007948,345,135,210
S01007949,455,108,347
S01007950,492,57,435
S01007951,456,126,330
S01007952,447,170,277
S01007953,450,122,328
S01007954,324,135,189
S01007955,478,131,347
S01007956,398,137,261
S01007957,605,190,415
S01007958,476,190,286
S01007959,671,127,544
S01007960,263,95,168
S01007961,468,56,412
S01007962,438,156,282
S01007963,467,234,233
S01007964,397,160,237
S01007965,360,150,210
S01007966,461,207,254
S01007967,351,156,195
S01007968,464,155,309
S01007969,390,150,240
S01007970,519,189,330
S01007971,515,221,294
S01007972,498,153,345
S01007973,383,37,346
S01007974,503,215,288
S01007975,324,135,189
S01007976,681,340,341
S01007977,304,64,240
S01007978,462,165,297
S01007979,389,77,312
S01007980,387,120,267
S01007981,361,90,271
S01007982,308,83,225
S01007983,663,230,433
S01007984,429,131,298
S01007985,412,181,231
S01007986,279,70,209
S01007987,450,111,339
S01007988,380,101,279
S01007989,290,99,191
S01007990,466,96,370
S01007991,357,10,347
S01007992,363,14,349
S01007993,364,17,347
S01007994,225,6,219
S01007995,271,42,229
S01007996,144,18,126
S01007997,296,25,271
S01007998,275,66,209
S01007999,389,186,203
S01008000,390,195,195
S01008001,398,214,184
S01008002,451,236,215
S01008003,284,94,190
S01008004,46,17,29
S01008005,39,8,31
S01008006,363,186,177
S01008007,261,136,125
S01008008,323,117,206
S01008009,499,231,268
S01008010,687,345,342
S01008011,579,359,220
S01008012,580,253,327
S01008013,446,182,264
S01008014,420,127,293
S01008015,481,218,263
S01008016,433,169,264
S01008017,375,44,331
S01008018,444,60,384
S01008019,450,130,320
S01008020,463,103,360
S01008021,315,42,273
S01008022,339,21,318
S01008023,601,24,577
S01008024,310,7,303
S01008025,372,33,339
S01008026,576,175,401
S01008027,382,122,260
S01008028,239,36,203
S01008029,1334,98,1236
S01008030,893,111,782
S01008031,668,154,514
S01008032,542,91,451
S01008033,405,12,393
S01008034,402,16,386
S01008035,426,52,374
S01008036,246,12,234
S01008037,594,145,449
S01008038,411,112,299
S01008039,453,116,337
S01008040,311,37,274
S01008041,513,155,358
S01008042,410,67,343
S01008043,571,64,507
S01008044,537,91,446
S01008045,579,103,476
S01008046,695,310,385
S01008047,292,40,252
S01008048,283,29,254
S01008049,450,62,388
S01008050,270,26,244
S01008051,480,37,443
S01008052,337,30,307
S01008053,426,63,363
S01008054,361,85,276
S01008055,384,14,370
S01008056,490,57,433
S01008057,582,63,519
S01008058,304,8,296
S01008059,260,12,248
S01008060,605,29,576
S01008061,373,42,331
S01008062,425,47,378
S01008063,357,35,322
S01008064,414,98,316
S01008065,437,29,408
S01008066,383,46,337
S01008067,281,15,266
S01008068,499,48,451
S01008069,484,97,387
S01008070,457,74,383
S01008071,396,66,330
S01008072,568,37,531
S01008073,178,11,167
S01008074,378,32,346
S01008075,246,22,224
S01008076,433,35,398
S01008077,406,30,376
S01008078,350,44,306
S01008079,341,26,315
S01008080,319,35,284
S01008081,298,31,267
S01008082,425,41,384
S01008083,313,18,295
S01008084,418,42,376
S01008085,461,28,433
S01008086,482,47,435
S01008087,433,50,383
S01008088,398,81,317
S01008089,378,39,339
S01008090,305,61,244
S01008091,199,10,189
S01008092,501,101,400
S01008093,371,68,303
S01008094,281,38,243
S01008095,485,92,393
S01008096,334,65,269
S01008097,414,120,294
S01008098,293,39,254
S01008099,209,34,175
S01008100,440,99,341
S01008101,539,134,405
S01008102,310,69,241
S01008103,406,189,217
S01008104,447,148,299
S01008105,580,235,345
S01008106,678,220,458
S01008107,442,55,387
S01008108,349,39,310
S01008109,332,36,296
S01008110,351,42,309
S01008111,349,75,274
S01008112,374,44,330
S01008113,399,58,341
S01008114,357,44,313
S01008115,368,55,313
S01008116,419,29,390
S01008117,329,46,283
S01008118,529,92,437
S01008119,303,79,224
S01008120,318,73,245
S01008121,269,32,237
S01008122,427,28,399
S01008123,445,55,390
S01008124,378,34,344
S01008125,484,54,430
S01008126,351,13,338
S01008127,194,10,184
S01008128,440,52,388
S01008129,473,156,317
S01008130,548,209,339
S01008131,398,153,245
S01008132,453,55,398
S01008133,417,155,262
S01008134,399,147,252
S01008135,700,207,493
S01008136,788,305,483
S01008137,603,288,315
S01008138,457,221,236
S01008139,498,189,309
S01008140,329,140,189
S01008141,434,45,389
S01008142,360,28,332
S01008143,539,146,393
S01008144,377,31,346
S01008145,417,120,297
S01008146,301,112,189
S01008147,389,95,294
S01008148,391,89,302
S01008149,435,129,306
S01008150,631,192,439
S01008151,481,173,308
S01008152,589,216,373
S01008153,295,26,269
S01008154,445,58,387
S01008155,345,41,304
S01008156,440,101,339
S01008157,430,68,362
S01008158,418,35,383
S01008159,551,249,302
S01008160,546,152,394
S01008161,565,51,514
S01008162,556,142,414
S01008163,383,112,271
S01008164,289,80,209
S01008165,305,27,278
S01008166,492,75,417
S01008167,599,123,476
S01008168,460,165,295
S01008169,586,117,469
S01008170,291,46,245
S01008171,474,195,279
S01008172,250,64,186
S01008173,304,47,257
S01008174,226,53,173
S01008175,378,125,253
S01008176,593,65,528
S01008177,416,155,261
S01008178,278,52,226
S01008179,126,6,120
S01008180,167,6,161
S01008181,284,42,242
S01008182,748,309,439
S01008183,474,160,314
S01008184,524,231,293
S01008185,679,308,371
S01008186,485,210,275
S01008187,327,123,204
S01008188,769,335,434
S01008189,486,116,370
S01008190,412,140,272
S01008191,547,114,433
S01008192,484,152,332
S01008193,391,96,295
S01008194,275,86,189
S01008195,481,189,292
S01008196,370,141,229
S01008197,727,69,658
S01008198,300,88,212
S01008199,298,102,196
S01008200,390,155,235
S01008201,600,245,355
S01008202,368,118,250
S01008203,283,117,166
S01008204,1189,261,928
S01008205,316,94,222
S01008206,676,168,508
S01008207,345,115,230
S01008208,413,74,339
S01008209,242,31,211
S01008210,642,158,484
S01008211,461,118,343
S01008212,256,17,239
S01008213,364,37,327
S01008214,400,112,288
S01008215,482,91,391
S01008216,315,24,291
S01008217,274,25,249
S01008218,828,79,749
S01008219,545,148,397
S01008220,223,71,152
S01008221,362,161,201
S01008222,332,124,208
S01008223,280,101,179
S01008224,406,53,353
S01008225,325,73,252
S01008226,379,164,215
S01008227,460,175,285
S01008228,346,58,288
S01008229,532,156,376
S01008230,305,23,282
S01008231,231,56,175
S01008232,91,7,84
S01008233,636,42,594
S01008234,803,87,716
S01008235,414,86,328
S01008236,462,98,364
S01008237,399,67,332
S01008238,464,111,353
S01008239,331,64,267
S01008240,564,29,535
S01008241,437,26,411
S01008242,553,98,455
S01008243,456,53,403
S01008244,427,54,373
S01008245,481,55,426
S01008246,465,17,448
S01008247,394,15,379
S01008248,580,67,513
S01008249,401,28,373
S01008250,494,31,463
S01008251,375,9,366
S01008252,475,46,429
S01008253,410,108,302
S01008254,545,154,391
S01008255,411,91,320
S01008256,448,138,310
S01008257,444,168,276
S01008258,591,76,515
S01008259,693,155,538
S01008260,460,117,343
S01008261,496,99,397
S01008262,401,29,372
S01008263,357,48,309
S01008264,409,76,333
S01008265,332,38,294
S01008266,449,37,412
S01008267,350,37,313
S01008268,355,26,329
S01008269,509,97,412
S01008270,570,107,463
S01008271,430,156,274
S01008272,414,66,348
S01008273,441,95,346
S01008274,416,137,279
S01008275,308,57,251
S01008276,249,18,231
S01008277,291,9,282
S01008278,334,9,325
S01008279,331,53,278
S01008280,578,92,486
S01008281,367,22,345
S01008282,326,26,300
S01008283,445,43,402
S01008284,597,77,520
S01008285,355,140,215
S01008286,588,162,426
S01008287,355,81,274
S01008288,455,138,317
S01008289,399,161,238
S01008290,464,147,317
S01008291,520,102,418
S01008292,590,101,489
S01008293,403,17,386
S01008294,271,42,229
S01008295,486,52,434
S01008296,397,141,256
S01008297,258,80,178
S01008298,451,79,372
S01008299,550,256,294
S01008300,412,134,278
S01008301,385,44,341
S01008302,373,25,348
S01008303,399,166,233
S01008304,212,55,157
S01008305,315,32,283
S01008306,239,19,220
S01008307,290,30,260
S01008308,238,22,216
S01008309,490,254,236
S01008310,467,177,290
S01008311,337,122,215
S01008312,343,115,228
S01008313,468,212,256
S01008314,527,257,270
S01008315,450,221,229
S01008316,391,163,228
S01008317,316,85,231
S01008318,607,55,552
S01008319,326,129,197
S01008320,308,76,232
S01008321,263,18,245
S01008322,812,189,623
S01008323,363,146,217
S01008324,254,82,172
S01008325,452,132,320
S01008326,517,206,311
S01008327,485,182,303
S01008328,310,10,300
S01008329,348,11,337
S01008330,363,24,339
S01008331,316,26,290
S01008332,432,60,372
S01008333,516,91,425
S01008334,439,32,407
S01008335,456,139,317
S01008336,448,162,286
S01008337,365,54,311
S01008338,262,5,257
S01008339,227,10,217
S01008340,356,18,338
S01008341,204,2,202
S01008342,471,104,367
S01008343,489,90,399
S01008344,355,23,332
S01008345,509,35,474
S01008346,383,18,365
S01008347,594,105,489
S01008348,429,43,386
S01008349,507,17,490
S01008350,333,32,301
S01008351,414,22,392
S01008352,344,15,329
S01008353,198,11,187
S01008354,397,32,365
S01008355,531,123,408
S01008356,385,34,351
S01008357,382,34,348
S01008358,409,96,313
S01008359,303,26,277
S01008360,493,26,467
S01008361,305,16,289
S01008362,480,45,435
S01008363,363,42,321
S01008364,352,29,323
S01008365,409,24,385
S01008366,461,142,319
S01008367,510,183,327
S01008368,443,94,349
S01008369,351,74,277
S01008370,300,52,248
S01008371,343,27,316
S01008372,337,24,313
S01008373,410,20,390
S01008374,318,26,292
S01008375,285,19,266
S01008376,267,47,220
S01008377,392,63,329
S01008378,460,83,377
S01008379,206,17,189
S01008380,238,20,218
S01008381,391,29,362
S01008382,342,38,304
S01008383,235,18,217
S01008384,387,54,333
S01008385,252,25,227
S01008386,402,55,347
S01008387,349,61,288
S01008388,243,34,209
S01008389,352,61,291
S01008390,300,27,273
S01008391,349,92,257
S01008392,330,37,293
S01008393,397,67,330
S01008394,388,30,358
S01008395,309,34,275
S01008396,363,63,300
S01008397,368,18,350
S01008398,354,43,311
S01008399,379,78,301
S01008400,434,40,394
S01008401,541,113,428
S01008402,415,24,391
S01008403,398,47,351
S01008404,392,52,340
S01008405,327,49,278
S01008406,520,173,347
S01008407,284,89,195
S01008408,325,40,285
S01008409,499,146,353
S01008410,371,91,280
S01008411,463,79,384
S01008412,274,50,224
S01008413,293,77,216
S01008414,215,9,206
S01008415,433,104,329
S01008416,549,216,333
S01008417,299,31,268
S01008418,312,45,267
S01008419,193,32,161
S01008420,236,34,202
S01008421,394,109,285
S01008422,396,82,314
S01008423,398,27,371
S01008424,454,27,427
S01008425,454,81,373
S01008426,516,145,371
S01008427,474,29,445
S01008428,413,117,296
S01008429,395,62,333
S01008430,458,65,393
S01008431,452,72,380
S01008432,473,59,414
S01008433,348,40,308
S01008434,421,42,379
S01008435,432,37,395
S01008436,451,80,371
S01008437,404,108,296
S01008438,249,27,222
S01008439,434,37,397
S01008440,479,43,436
S01008441,416,32,384
S01008442,336,30,306
S01008443,252,37,215
S01008444,297,46,251
S01008445,458,173,285
S01008446,646,180,466
S01008447,286,24,262
S01008448,365,50,315
S01008449,422,222,200
S01008450,256,150,106
S01008451,445,226,219
S01008452,432,264,168
S01008453,418,228,190
S01008454,575,305,270
S01008455,626,378,248
S01008456,668,471,197
S01008457,531,325,206
S01008458,434,179,255
S01008459,428,281,147
S01008460,587,416,171
S01008461,535,372,163
S01008462,399,252,147
S01008463,467,283,184
S01008464,453,163,290
S01008465,444,190,254
S01008466,352,153,199
S01008467,363,132,231
S01008468,368,173,195
S01008469,319,115,204
S01008470,393,197,196
S01008471,347,210,137
S01008472,312,130,182
S01008473,307,154,153
S01008474,468,300,168
S01008475,543,286,257
S01008476,448,251,197
S01008477,656,360,296
S01008478,522,291,231
S01008479,612,353,259
S01008480,231,127,104
S01008481,373,144,229
S01008482,422,179,243
S01008483,443,205,238
S01008484,418,128,290
S01008485,493,121,372
S01008486,459,198,261
S01008487,522,152,370
S01008488,733,274,459
S01008489,459,229,230
S01008490,664,325,339
S01008491,511,241,270
S01008492,515,261,254
S01008493,478,257,221
S01008494,487,318,169
S01008495,705,444,261
S01008496,805,502,303
S01008497,681,440,241
S01008498,525,360,165
S01008499,669,433,236
S01008500,240,141,99
S01008501,426,218,208
S01008502,392,193,199
S01008503,510,179,331
S01008504,848,241,607
S01008505,481,168,313
S01008506,552,173,379
S01008507,386,129,257
S01008508,496,99,397
S01008509,617,96,521
S01008510,390,76,314
S01008511,431,66,365
S01008512,457,40,417
S01008513,324,35,289
S01008514,328,91,237
S01008515,378,55,323
S01008516,772,325,447
S01008517,588,257,331
S01008518,503,120,383
S01008519,418,66,352
S01008520,541,52,489
S01008521,338,21,317
S01008522,252,22,230
S01008523,516,24,492
S01008524,582,309,273
S01008525,571,283,288
S01008526,448,171,277
S01008527,333,106,227
S01008528,304,92,212
S01008529,388,153,235
S01008530,530,282,248
S01008531,510,302,208
S01008532,305,111,194
S01008533,179,28,151
S01008534,319,37,282
S01008535,284,23,261
S01008536,311,57,254
S01008537,280,23,257
S01008538,287,25,262
S01008539,466,60,406
S01008540,425,55,370
S01008541,370,24,346
S01008542,431,31,400
S01008543,355,33,322
S01008544,216,12,204
S01008545,395,24,371
S01008546,337,18,319
S01008547,483,50,433
S01008548,476,152,324
S01008549,566,140,426
S01008550,464,72,392
S01008551,496,112,384
S01008552,444,69,375
S01008553,307,111,196
S01008554,368,135,233
S01008555,663,381,282
S01008556,539,292,247
S01008557,474,264,210
S01008558,433,222,211
S01008559,360,141,219
S01008560,379,155,224
S01008561,444,156,288
S01008562,426,246,180
S01008563,523,211,312
S01008564,506,177,329
S01008565,470,211,259
S01008566,460,164,296
S01008567,351,111,240
S01008568,384,99,285
S01008569,453,311,142
S01008570,552,295,257
S01008571,379,154,225
S01008572,415,135,280
S01008573,436,79,357
S01008574,441,86,355
S01008575,369,47,322
S01008576,484,108,376
S01008577,512,120,392
S01008578,377,36,341
S01008579,374,55,319
S01008580,404,146,258
S01008581,542,292,250
S01008582,662,290,372
S01008583,460,234,226
S01008584,602,249,353
S01008585,411,195,216
S01008586,433,209,224
S01008587,316,48,268
S01008588,488,115,373
S01008589,172,45,127
S01008590,413,161,252
S01008591,437,133,304
S01008592,397,154,243
S01008593,346,30,316
S01008594,391,79,312
S01008595,663,372,291
S01008596,496,302,194
S01008597,510,169,341
S01008598,499,207,292
S01008599,411,113,298
S01008600,377,119,258
S01008601,314,177,137
S01008602,321,169,152
S01008603,487,307,180
S01008604,515,217,298
S01008605,416,208,208
S01008606,392,73,319
S01008607,283,58,225
S01008608,376,63,313
S01008609,527,145,382
S01008610,549,249,300
S01008611,592,321,271
S01008612,376,241,135
S01008613,484,250,234
S01008614,399,223,176
S01008615,387,196,191
S01008616,315,150,165
S01008617,341,166,175
S01008618,267,133,134
S01008619,203,73,130
S01008620,290,124,166
S01008621,316,143,173
S01008622,305,118,187
S01008623,420,129,291
S01008624,396,100,296
S01008625,239,30,209
S01008626,482,117,365
S01008627,294,35,259
S01008628,344,103,241
S01008629,497,169,328
S01008630,404,191,213
S01008631,527,245,282
S01008632,584,231,353
S01008633,600,144,456
S01008634,276,80,196
S01008635,362,98,264
S01008636,407,142,265
S01008637,341,143,198
S01008638,513,276,237
S01008639,587,259,328
S01008640,552,241,311
S01008641,481,192,289
S01008642,483,193,290
S01008643,451,170,281
S01008644,333,162,171
S01008645,472,232,240
S01008646,704,374,330
S01008647,408,190,218
S01008648,549,318,231
S01008649,758,439,319
S01008650,589,375,214
S01008651,640,399,241
S01008652,510,346,164
S01008653,402,264,138
S01008654,746,500,246
S01008655,501,254,247
S01008656,734,509,225
S01008657,520,254,266
S01008658,757,489,268
S01008659,623,415,208
S01008660,572,387,185
S01008661,646,485,161
S01008662,462,345,117
S01008663,531,390,141
S01008664,534,362,172
S01008665,666,399,267
S01008666,342,187,155
S01008667,656,369,287
S01008668,462,315,147
S01008669,219,151,68
S01008670,402,285,117
S01008671,491,352,139
S01008672,341,227,114
S01008673,705,487,218
S01008674,467,366,101
S01008675,564,400,164
S01008676,435,238,197
S01008677,456,331,125
S01008678,504,393,111
S01008679,641,506,135
S01008680,478,380,98
S01008681,600,449,151
S01008682,490,303,187
S01008683,872,651,221
S01008684,643,420,223
S01008685,490,270,220
S01008686,717,466,251
S01008687,637,371,266
S01008688,713,347,366
S01008689,760,524,236
S01008690,635,377,258
S01008691,827,464,363
S01008692,688,372,316
S01008693,301,119,182
S01008694,783,373,410
S01008695,496,208,288
S01008696,285,57,228
S01008697,453,78,375
S01008698,329,83,246
S01008699,563,247,316
S01008700,349,98,251
S01008701,423,248,175
S01008702,405,149,256
S01008703,639,364,275
S01008704,712,338,374
S01008705,419,233,186
S01008706,589,325,264
S01008707,547,323,224
S01008708,492,322,170
S01008709,427,231,196
S01008710,416,224,192
S01008711,387,235,152
S01008712,546,331,215
S01008713,292,183,109
S01008714,341,179,162
S01008715,367,187,180
S01008716,354,169,185
S01008717,215,52,163
S01008718,260,70,190
S01008719,487,127,360
S01008720,277,102,175
S01008721,310,28,282
S01008722,480,123,357
S01008723,304,37,267
S01008724,444,100,344
S01008725,343,86,257
S01008726,509,86,423
S01008727,509,129,380
S01008728,267,99,168
S01008729,330,94,236
S01008730,527,208,319
S01008731,280,131,149
S01008732,447,238,209
S01008733,528,222,306
S01008734,354,75,279
S01008735,459,51,408
S01008736,290,62,228
S01008737,339,53,286
S01008738,352,38,314
S01008739,240,58,182
S01008740,289,62,227
S01008741,477,125,352
S01008742,377,151,226
S01008743,576,287,289
S01008744,519,237,282
S01008745,283,102,181
S01008746,572,330,242
S01008747,292,108,184
S01008748,441,79,362
S01008749,494,82,412
S01008750,338,72,266
S01008751,554,270,284
S01008752,558,346,212
S01008753,497,237,260
S01008754,534,305,229
S01008755,575,316,259
S01008756,503,329,174
S01008757,469,332,137
S01008758,557,311,246
S01008759,395,223,172
S01008760,635,309,326
S01008761,432,229,203
S01008762,282,96,186
S01008763,385,135,250
S01008764,306,89,217
S01008765,576,184,392
S01008766,618,166,452
S01008767,406,131,275
S01008768,1471,436,1035
S01008769,1210,309,901
S01008770,1143,274,869
S01008771,1143,274,869
S01008772,640,239,401
S01008773,646,331,315
S01008774,495,280,215
S01008775,245,99,146
S01008776,706,460,246
S01008777,678,433,245
S01008778,615,286,329
S01008779,585,177,408
S01008780,522,232,290
S01008781,639,311,328
S01008782,509,200,309
S01008783,312,144,168
S01008784,463,242,221
S01008785,609,392,217
S01008786,692,413,279
S01008787,388,265,123
S01008788,485,223,262
S01008789,375,240,135
S01008790,510,337,173
S01008791,486,233,253
S01008792,527,274,253
S01008793,594,378,216
S01008794,579,367,212
S01008795,715,373,342
S01008796,670,441,229
S01008797,640,382,258
S01008798,629,403,226
S01008799,389,199,190
S01008800,760,447,313
S01008801,539,323,216
S01008802,779,513,266
S01008803,669,439,230
S01008804,454,319,135
S01008805,429,277,152
S01008806,669,361,308
S01008807,612,366,246
S01008808,391,220,171
S01008809,427,208,219
S01008810,554,314,240
S01008811,389,183,206
S01008812,475,266,209
S01008813,534,298,236
S01008814,660,371,289
S01008815,743,409,334
S01008816,321,146,175
S01008817,661,304,357
S01008818,596,224,372
S01008819,550,214,336
S01008820,829,460,369
S01008821,314,78,236
S01008822,339,54,285
S01008823,401,100,301
S01008824,641,135,506
S01008825,296,67,229
S01008826,378,172,206
S01008827,473,138,335
S01008828,497,152,345
S01008829,449,116,333
S01008830,553,142,411
S01008831,471,91,380
S01008832,350,47,303
S01008833,578,231,347
S01008834,568,153,415
S01008835,486,128,358
S01008836,330,185,145
S01008837,950,407,543
S01008838,606,339,267
S01008839,661,326,335
S01008840,510,221,289
S01008841,661,250,411
S01008842,63,13,50
S01008843,464,217,247
S01008844,499,204,295
S01008845,420,182,238
S01008846,452,204,248
S01008847,376,148,228
S01008848,442,163,279
S01008849,552,217,335
S01008850,785,318,467
S01008851,725,387,338
S01008852,622,196,426
S01008853,352,152,200
S01008854,538,186,352
S01008855,668,276,392
S01008856,389,187,202
S01008857,527,196,331
S01008858,705,306,399
S01008859,712,341,371
S01008860,715,346,369
S01008861,454,83,371
S01008862,683,314,369
S01008863,435,163,272
S01008864,586,214,372
S01008865,616,266,350
S01008866,609,198,411
S01008867,513,105,408
S01008868,564,262,302
S01008869,666,272,394
S01008870,645,159,486
S01008871,645,216,429
S01008872,492,154,338
S01008873,387,63,324
S01008874,501,193,308
S01008875,679,321,358
S01008876,379,120,259
S01008877,393,123,270
S01008878,590,213,377
S01008879,411,133,278
S01008880,333,66,267
S01008881,289,43,246
S01008882,444,49,395
S01008883,435,29,406
S01008884,361,35,326
S01008885,377,35,342
S01008886,579,130,449
S01008887,358,85,273
S01008888,599,98,501
S01008889,442,91,351
S01008890,354,64,290
S01008891,329,43,286
S01008892,614,180,434
S01008893,434,46,388
S01008894,390,25,365
S01008895,334,44,290
S01008896,368,31,337
S01008897,390,49,341
S01008898,412,84,328
S01008899,389,236,153
S01008900,415,186,229
S01008901,504,205,299
S01008902,533,265,268
S01008903,524,247,277
S01008904,474,278,196
S01008905,598,411,187
S01008906,457,291,166
S01008907,413,248,165
S01008908,487,251,236
S01008909,508,212,296
S01008910,820,205,615
S01008911,665,152,513
S01008912,378,77,301
S01008913,208,74,134
S01008914,511,196,315
S01008915,301,82,219
S01008916,692,425,267
S01008917,379,248,131
S01008918,399,298,101
S01008919,344,246,98
S01008920,733,208,525
S01008921,703,404,299
S01008922,549,274,275
S01008923,644,328,316
S01008924,1019,438,581
S01008925,319,158,161
S01008926,768,280,488
S01008927,578,187,391
S01008928,355,120,235
S01008929,795,604,191
S01008930,514,337,177
S01008931,339,217,122
S01008932,551,239,312
S01008933,388,216,172
S01008934,378,196,182
S01008935,467,107,360
S01008936,260,18,242
S01008937,424,138,286
S01008938,402,61,341
S01008939,323,54,269
S01008940,314,21,293
S01008941,386,42,344
S01008942,536,59,477
S01008943,340,25,315
S01008944,429,43,386
S01008945,422,25,397
S01008946,397,42,355
S01008947,470,55,415
S01008948,485,151,334
S01008949,587,195,392
S01008950,481,164,317
S01008951,547,308,239
S01008952,718,366,352
S01008953,521,223,298
S01008954,478,237,241
S01008955,394,72,322
S01008956,580,157,423
S01008957,489,120,369
S01008958,447,191,256
S01008959,444,91,353
S01008960,373,30,343
S01008961,479,126,353
S01008962,275,46,229
S01008963,422,71,351
S01008964,299,42,257
S01008965,321,48,273
S01008966,391,65,326
S01008967,473,65,408
S01008968,455,48,407
S01008969,460,102,358
S01008970,485,66,419
S01008971,273,17,256
S01008972,611,97,514
S01008973,361,87,274
S01008974,448,163,285
S01008975,518,260,258
S01008976,322,52,270
S01008977,350,47,303
S01008978,303,84,219
S01008979,357,96,261
S01008980,334,108,226
S01008981,365,74,291
S01008982,408,119,289
S01008983,407,164,243
S01008984,227,83,144
S01008985,370,112,258
S01008986,408,87,321
S01008987,438,104,334
S01008988,481,138,343
S01008989,490,115,375
S01008990,591,162,429
S01008991,531,90,441
S01008992,204,60,144
S01008993,553,89,464
S01008994,439,95,344
S01008995,457,44,413
S01008996,322,100,222
S01008997,453,78,375
S01008998,453,107,346
S01008999,455,147,308
S01009000,486,67,419
S01009001,323,36,287
S01009002,388,64,324
S01009003,430,51,379
S01009004,333,55,278
S01009005,445,82,363
S01009006,588,163,425
S01009007,379,113,266
S01009008,445,88,357
S01009009,252,129,123
S01009010,535,47,488
S01009011,436,20,416
S01009012,357,27,330
S01009013,422,39,383
S01009014,379,97,282
S01009015,303,60,243
S01009016,250,62,188
S01009017,327,78,249
S01009018,326,51,275
S01009019,385,73,312
S01009020,462,76,386
S01009021,344,47,297
S01009022,447,99,348
S01009023,435,90,345
S01009024,590,152,438
S01009025,433,75,358
S01009026,509,93,416
S01009027,432,77,355
S01009028,289,50,239
S01009029,386,82,304
S01009030,458,100,358
S01009031,356,71,285
S01009032,299,65,234
S01009033,405,93,312
S01009034,283,51,232
S01009035,381,53,328
S01009036,437,63,374
S01009037,412,69,343
S01009038,440,85,355
S01009039,450,162,288
S01009040,408,166,242
S01009041,613,243,370
S01009042,401,133,268
S01009043,571,174,397
S01009044,509,189,320
S01009045,490,139,351
S01009046,363,66,297
S01009047,336,68,268
S01009048,348,63,285
S01009049,344,64,280
S01009050,450,75,375
S01009051,455,111,344
S01009052,424,102,322
S01009053,259,127,132
S01009054,317,75,242
S01009055,361,33,328
S01009056,217,72,145
S01009057,389,158,231
S01009058,510,159,351
S01009059,347,57,290
S01009060,463,89,374
S01009061,383,83,300
S01009062,387,122,265
S01009063,291,37,254
S01009064,303,80,223
S01009065,725,224,501
S01009066,319,98,221
S01009067,235,15,220
S01009068,386,83,303
S01009069,356,26,330
S01009070,401,51,350
S01009071,285,37,248
S01009072,470,26,444
S01009073,337,101,236
S01009074,381,87,294
S01009075,306,66,240
S01009076,462,39,423
S01009077,370,57,313
S01009078,223,31,192
S01009079,602,213,389
S01009080,836,229,607
S01009081,635,126,509
S01009082,668,150,518
S01009083,349,81,268
S01009084,1434,130,1304
S01009085,464,24,440
S01009086,655,82,573
S01009087,597,84,513
S01009088,467,32,435
S01009089,368,31,337
S01009090,216,10,206
S01009091,606,14,592
S01009092,482,111,371
S01009093,430,90,340
S01009094,372,27,345
S01009095,571,147,424
S01009096,446,81,365
S01009097,669,68,601
S01009098,190,10,180
S01009099,405,134,271
S01009100,609,219,390
S01009101,429,142,287
S01009102,429,168,261
S01009103,282,39,243
S01009104,352,79,273
S01009105,337,78,259
S01009106,368,87,281
S01009107,498,61,437
S01009108,383,38,345
S01009109,380,16,364
S01009110,360,81,279
S01009111,464,58,406
S01009112,238,17,221
S01009113,309,25,284
S01009114,349,42,307
S01009115,363,57,306
S01009116,330,38,292
S01009117,350,90,260
S01009118,215,7,208
S01009119,364,96,268
S01009120,300,57,243
S01009121,505,123,382
S01009122,585,72,513
S01009123,153,25,128
S01009124,368,40,328
S01009125,402,76,326
S01009126,376,188,188
S01009127,310,131,179
S01009128,561,320,241
S01009129,267,114,153
S01009130,314,103,211
S01009131,472,234,238
S01009132,400,91,309
S01009133,380,125,255
S01009134,451,102,349
S01009135,264,51,213
S01009136,406,39,367
S01009137,472,22,450
S01009138,477,105,372
S01009139,343,158,185
S01009140,381,158,223
S01009141,418,194,224
S01009142,509,230,279
S01009143,312,164,148
S01009144,638,102,536
S01009145,858,213,645
S01009146,537,166,371
S01009147,717,181,536
S01009148,301,87,214
S01009149,425,105,320
S01009150,574,356,218
S01009151,474,198,276
S01009152,592,294,298
S01009153,442,171,271
S01009154,438,96,342
S01009155,302,73,229
S01009156,553,52,501
S01009157,406,104,302
S01009158,414,124,290
S01009159,303,140,163
S01009160,327,130,197
S01009161,487,267,220
S01009162,436,220,216
S01009163,264,94,170
S01009164,403,102,301
S01009165,324,130,194
S01009166,447,201,246
S01009167,290,88,202
S01009168,508,71,437
S01009169,475,213,262
S01009170,282,81,201
S01009171,700,91,609
S01009172,445,46,399
S01009173,556,28,528
S01009174,33,0,33
S01009175,616,20,596
S01009176,555,34,521
S01009177,367,108,259
S01009178,353,123,230
S01009179,358,107,251
S01009180,437,140,297
S01009181,599,113,486
S01009182,485,65,420
S01009183,380,22,358
S01009184,526,155,371
S01009185,458,114,344
S01009186,378,56,322
S01009187,440,19,421
S01009188,579,88,491
S01009189,604,119,485
S01009190,419,31,388
S01009191,252,7,245
S01009192,348,28,320
S01009193,270,30,240
S01009194,376,25,351
S01009195,417,38,379
S01009196,298,67,231
S01009197,757,50,707
S01009198,356,46,310
S01009199,349,35,314
S01009200,532,60,472
S01009201,291,51,240
S01009202,214,16,198
S01009203,269,90,179
S01009204,444,104,340
S01009205,493,32,461
S01009206,498,41,457
S01009207,425,39,386
S01009208,294,44,250
S01009209,581,80,501
S01009210,384,73,311
S01009211,310,75,235
S01009212,393,99,294
S01009213,355,99,256
S01009214,519,81,438
S01009215,523,160,363
S01009216,479,143,336
S01009217,343,141,202
S01009218,523,131,392
S01009219,364,129,235
S01009220,323,117,206
S01009221,267,93,174
S01009222,291,98,193
S01009223,244,71,173
S01009224,462,145,317
S01009225,383,127,256
S01009226,650,248,402
S01009227,389,165,224
S01009228,422,170,252
S01009229,460,133,327
S01009230,453,85,368
S01009231,437,80,357
S01009232,378,208,170
S01009233,361,116,245
S01009234,564,250,314
S01009235,457,181,276
S01009236,315,61,254
S01009237,310,33,277
S01009238,461,143,318
S01009239,420,152,268
S01009240,387,218,169
S01009241,453,203,250
S01009242,398,88,310
S01009243,475,68,407
S01009244,337,23,314
S01009245,361,38,323
S01009246,474,140,334
S01009247,541,155,386
S01009248,300,62,238
S01009249,497,152,345
S01009250,343,85,258
S01009251,221,37,184
S01009252,163,4,159
S01009253,357,127,230
S01009254,440,161,279
S01009255,444,181,263
S01009256,294,65,229
S01009257,330,79,251
S01009258,682,62,620
S01009259,439,51,388
S01009260,935,138,797
S01009261,422,182,240
S01009262,402,152,250
S01009263,549,79,470
S01009264,339,61,278
S01009265,376,102,274
S01009266,490,110,380
S01009267,377,77,300
S01009268,431,87,344
S01009269,658,165,493
S01009270,364,129,235
S01009271,349,18,331
S01009272,345,112,233
S01009273,352,32,320
S01009274,330,37,293
S01009275,244,28,216
S01009276,431,41,390
S01009277,308,11,297
S01009278,358,42,316
S01009279,486,53,433
S01009280,406,179,227
S01009281,448,190,258
S01009282,604,90,514
S01009283,256,45,211
S01009284,311,24,287
S01009285,350,30,320
S01009286,446,54,392
S01009287,383,42,341
S01009288,453,59,394
S01009289,409,53,356
S01009290,288,37,251
S01009291,490,29,461
S01009292,228,81,147
S01009293,399,74,325
S01009294,381,28,353
S01009295,307,27,280
S01009296,395,69,326
S01009297,665,71,594
S01009298,695,280,415
S01009299,551,157,394
S01009300,342,123,219
S01009301,599,262,337
S01009302,477,239,238
S01009303,322,64,258
S01009304,538,148,390
S01009305,538,170,368
S01009306,690,227,463
S01009307,722,280,442
S01009308,674,275,399
S01009309,400,115,285
S01009310,399,46,353
S01009311,395,133,262
S01009312,521,146,375
S01009313,331,125,206
S01009314,362,37,325
S01009315,298,78,220
S01009316,395,65,330
S01009317,397,48,349
S01009318,378,24,354
S01009319,449,54,395
S01009320,430,111,319
S01009321,458,27,431
S01009322,382,45,337
S01009323,646,102,544
S01009324,302,74,228
S01009325,409,35,374
S01009326,195,40,155
S01009327,319,93,226
S01009328,417,6,411
S01009330,86,53,33
S01009331,438,6,432
S01009332,312,21,291
S01009333,430,132,298
S01009334,310,145,165
S01009335,337,125,212
S01009336,318,168,150
S01009337,402,137,265
S01009338,818,211,607
S01009339,534,241,293
S01009340,400,162,238
S01009341,456,169,287
S01009342,391,113,278
S01009343,242,50,192
S01009344,337,111,226
S01009345,491,88,403
S01009346,2210,129,2081
S01009347,2289,135,2154
S01009348,2252,142,2110
S01009349,364,10,354
S01009350,67,8,59
S01009351,42,13,29
S01009352,27,1,26
S01009353,2376,131,2245
S01009354,2574,139,2435
S01009355,435,37,398
S01009356,411,33,378
S01009357,250,11,239
S01009358,163,2,161
S01009359,433,12,421
S01009360,376,59,317
S01009361,384,66,318
S01009362,496,63,433
S01009363,435,134,301
S01009364,325,43,282
S01009365,371,88,283
S01009366,404,133,271
S01009367,345,103,242
S01009368,377,47,330
S01009369,416,94,322
S01009370,381,91,290
S01009371,242,61,181
S01009372,272,72,200
S01009373,473,187,286
S01009374,493,180,313
S01009375,337,105,232
S01009376,406,137,269
S01009377,373,41,332
S01009378,517,105,412
S01009379,337,51,286
S01009380,263,21,242
S01009381,332,75,257
S01009382,726,312,414
S01009383,519,182,337
S01009384,248,24,224
S01009385,317,48,269
S01009386,496,166,330
S01009387,410,77,333
S01009388,560,244,316
S01009389,503,148,355
S01009390,270,9,261
S01009391,320,16,304
S01009392,213,16,197
S01009393,353,26,327
S01009394,451,44,407
S01009395,448,41,407
S01009396,301,13,288
S01009397,330,49,281
S01009398,510,51,459
S01009399,435,48,387
S01009400,414,86,328
S01009401,400,42,358
S01009402,356,27,329
S01009403,277,24,253
S01009404,259,74,185
S01009405,292,29,263
S01009406,429,115,314
S01009407,227,40,187
S01009408,356,42,314
S01009409,360,113,247
S01009410,351,127,224
S01009411,569,169,400
S01009412,407,162,245
S01009413,593,156,437
S01009414,344,55,289
S01009415,575,230,345
S01009416,238,21,217
S01009417,545,37,508
S01009418,620,206,414
S01009419,796,115,681
S01009420,299,123,176
S01009421,295,98,197
S01009422,876,116,760
S01009423,493,21,472
S01009424,315,46,269
S01009425,427,101,326
S01009426,528,222,306
S01009427,326,143,183
S01009428,273,105,168
S01009429,407,175,232
S01009430,338,132,206
S01009431,844,180,664
S01009432,441,144,297
S01009433,330,133,197
S01009434,248,82,166
S01009435,434,194,240
S01009436,359,114,245
S01009437,438,149,289
S01009438,514,178,336
S01009439,495,154,341
S01009440,407,145,262
S01009441,417,154,263
S01009442,525,73,452
S01009443,1048,104,944
S01009444,326,32,294
S01009445,451,126,325
S01009446,727,244,483
S01009447,353,116,237
S01009448,328,98,230
S01009449,297,91,206
S01009450,346,141,205
S01009451,556,219,337
S01009452,416,185,231
S01009453,517,204,313
S01009454,489,76,413
S01009455,615,79,536
S01009456,458,180,278
S01009457,330,37,293
S01009458,332,102,230
S01009459,587,254,333
S01009460,399,197,202
S01009461,278,24,254
S01009462,493,75,418
S01009463,469,102,367
S01009464,378,73,305
S01009465,505,72,433
S01009466,362,59,303
S01009467,369,63,306
S01009468,385,150,235
S01009469,393,84,309
S01009470,679,76,603
S01009471,414,243,171
S01009472,567,224,343
S01009473,552,270,282
S01009474,403,157,246
S01009475,100,6,94
S01009476,491,25,466
S01009477,515,176,339
S01009478,566,215,351
S01009479,530,193,337
S01009480,577,159,418
S01009481,489,140,349
S01009482,332,119,213
S01009483,403,134,269
S01009484,645,237,408
S01009485,362,120,242
S01009486,388,105,283
S01009487,560,188,372
S01009488,380,85,295
S01009489,428,163,265
S01009490,394,183,211
S01009491,332,117,215
S01009492,370,90,280
S01009493,785,49,736
S01009494,497,39,458
S01009495,375,25,350
S01009496,371,117,254
S01009497,485,79,406
S01009498,276,21,255
S01009499,357,82,275
S01009500,420,189,231
S01009501,362,152,210
S01009502,442,165,277
S01009503,462,147,315
S01009504,374,159,215
S01009505,412,209,203
S01009506,541,255,286
S01009507,443,107,336
S01009508,534,221,313
S01009509,466,179,287
S01009510,344,35,309
S01009511,383,41,342
S01009512,402,35,367
S01009513,404,40,364
S01009514,339,18,321
S01009515,409,168,241
S01009516,505,141,364
S01009517,46,17,29
S01009518,778,45,733
S01009519,389,69,320
S01009520,1063,85,978
S01009521,400,128,272
S01009522,462,129,333
S01009523,338,139,199
S01009524,428,184,244
S01009525,254,102,152
S01009526,365,80,285
S01009527,483,174,309
S01009528,513,210,303
S01009529,496,154,342
S01009530,381,48,333
S01009531,479,203,276
S01009532,550,267,283
S01009533,541,232,309
S01009534,427,221,206
S01009535,441,229,212
S01009536,228,74,154
S01009537,313,103,210
S01009538,541,194,347
S01009539,440,125,315
S01009540,550,241,309
S01009541,554,108,446
S01009542,523,182,341
S01009543,458,83,375
S01009544,501,101,400
S01009545,466,80,386
S01009546,331,93,238
S01009547,463,115,348
S01009548,460,113,347
S01009549,550,87,463
S01009550,230,43,187
S01009551,284,65,219
S01009552,743,147,596
S01009553,502,164,338
S01009554,399,136,263
S01009555,437,109,328
S01009556,406,133,273
S01009557,423,145,278
S01009558,291,114,177
S01009559,527,182,345
S01009560,391,163,228
S01009561,302,124,178
S01009562,479,124,355
S01009563,428,123,305
S01009564,315,97,218
S01009565,246,84,162
S01009566,650,95,555
S01009567,442,128,314
S01009568,390,116,274
S01009569,461,134,327
S01009570,290,125,165
S01009571,330,160,170
S01009572,499,217,282
S01009573,329,153,176
S01009574,609,178,431
S01009575,381,125,256
S01009576,520,28,492
S01009577,321,17,304
S01009578,461,115,346
S01009579,132,27,105
S01009580,432,24,408
S01009581,345,88,257
S01009582,264,69,195
S01009583,336,105,231
S01009584,219,23,196
S01009585,523,119,404
S01009586,502,155,347
S01009587,475,161,314
S01009588,436,117,319
S01009589,453,105,348
S01009590,333,16,317
S01009591,413,38,375
S01009592,446,46,400
S01009593,269,20,249
S01009594,238,12,226
S01009595,314,44,270
S01009596,454,102,352
S01009597,461,175,286
S01009598,319,119,200
S01009599,522,137,385
S01009600,488,182,306
S01009601,396,107,289
S01009602,291,15,276
S01009603,308,59,249
S01009604,329,74,255
S01009605,422,101,321
S01009606,296,17,279
S01009607,208,11,197
S01009608,287,96,191
S01009609,480,68,412
S01009610,540,145,395
S01009611,176,8,168
S01009612,272,58,214
S01009613,269,16,253
S01009614,269,27,242
S01009615,270,38,232
S01009616,712,94,618
S01009617,326,30,296
S01009618,482,160,322
S01009619,361,136,225
S01009620,452,177,275
S01009621,394,145,249
S01009622,459,236,223
S01009623,339,108,231
S01009624,408,132,276
S01009625,677,162,515
S01009626,349,136,213
S01009627,394,133,261
S01009628,309,132,177
S01009629,653,155,498
S01009630,343,123,220
S01009631,444,232,212
S01009632,373,206,167
S01009633,297,127,170
S01009634,380,159,221
S01009635,631,253,378
S01009636,521,276,245
S01009637,449,170,279
S01009638,292,114,178
S01009639,418,65,353
S01009640,483,189,294
S01009641,520,253,267
S01009642,520,168,352
S01009643,316,9,307
S01009644,241,75,166
S01009645,423,137,286
S01009646,307,81,226
S01009647,318,139,179
S01009648,556,164,392
S01009649,633,147,486
S01009650,343,35,308
S01009651,427,55,372
S01009652,532,67,465
S01009653,342,33,309
S01009654,274,39,235
S01009655,400,119,281
S01009656,433,189,244
S01009657,412,111,301
S01009658,475,87,388
S01009659,311,121,190
S01009660,440,127,313
S01009661,691,36,655
S01009662,359,40,319
S01009663,336,40,296
S01009664,469,29,440
S01009665,602,80,522
S01009666,518,88,430
S01009667,223,17,206
S01009668,243,20,223
S01009669,282,39,243
S01009670,340,54,286
S01009671,391,43,348
S01009672,559,106,453
S01009673,392,58,334
S01009674,510,63,447
S01009675,379,42,337
S01009676,595,83,512
S01009677,341,28,313
S01009678,273,57,216
S01009679,551,139,412
S01009680,570,125,445
S01009681,291,34,257
S01009682,387,65,322
S01009683,364,102,262
S01009684,519,34,485
S01009685,418,47,371
S01009686,647,212,435
S01009687,446,80,366
S01009688,583,229,354
S01009689,333,138,195
S01009690,390,118,272
S01009691,322,55,267
S01009692,577,109,468
S01009693,351,29,322
S01009694,539,64,475
S01009695,434,52,382
S01009696,472,51,421
S01009697,354,44,310
S01009698,282,12,270
S01009699,279,31,248
S01009700,297,31,266
S01009701,388,47,341
S01009702,265,14,251
S01009703,417,97,320
S01009704,503,77,426
S01009705,363,97,266
S01009706,382,90,292
S01009707,218,34,184
S01009708,319,43,276
S01009709,394,86,308
S01009710,287,48,239
S01009711,442,126,316
S01009712,309,39,270
S01009713,444,84,360
S01009714,453,64,389
S01009715,334,39,295
S01009716,574,132,442
S01009717,501,188,313
S01009718,409,155,254
S01009719,442,156,286
S01009720,416,160,256
S01009721,263,165,98
S01009722,387,209,178
S01009723,344,206,138
S01009724,551,305,246
S01009725,430,195,235
S01009726,209,106,103
S01009727,615,73,542
S01009728,333,46,287
S01009729,435,54,381
S01009730,702,116,586
S01009731,443,96,347
S01009732,578,247,331
S01009733,310,16,294
S01009734,587,44,543
S01009735,363,49,314
S01009736,435,221,214
S01009737,323,59,264
S01009738,214,53,161
S01009739,275,20,255
S01009740,356,106,250
S01009741,164,12,152
S01009742,206,14,192
S01009743,533,47,486
S01009744,358,34,324
S01009745,502,52,450
S01009746,353,23,330
S01009747,488,113,375
S01009748,299,50,249
S01009749,425,73,352
S01009750,350,98,252
S01009751,454,111,343
S01009752,382,24,358
S01009753,393,93,300
S01009754,705,160,545
S01009755,281,36,245
S01009756,380,42,338
S01009757,331,26,305
S01009758,445,112,333
S01009759,527,334,193
S01009760,505,300,205
S01009761,806,120,686
S01009762,462,281,181
S01009763,165,16,149
S01009764,490,220,270
S01009765,442,172,270
S01009766,355,74,281
S01009767,712,147,565
S01009768,341,157,184
S01009769,597,200,397
S01009770,302,39,263
S01009771,294,26,268
S01009772,700,92,608
S01009773,73,18,55
S01009774,36,5,31
S01009775,359,217,142
S01009776,505,320,185
S01009777,307,198,109
S01009778,558,349,209
S01009779,378,269,109
S01009780,498,233,265
S01009781,334,190,144
S01009782,393,150,243
S01009783,310,149,161
S01009784,382,211,171
S01009785,480,271,209
S01009786,499,333,166
S01009787,366,226,140
S01009788,576,273,303
S01009789,519,249,270
S01009790,408,168,240
S01009791,321,178,143
S01009792,151,20,131
S01009793,440,100,340
S01009794,181,15,166
S01009795,363,37,326
S01009796,726,122,604
S01009797,367,47,320
S01009798,438,128,310
S01009799,588,339,249
S01009800,504,263,241
S01009801,486,262,224
S01009802,431,200,231
S01009803,496,270,226
S01009804,576,86,490
S01009805,374,180,194
S01009806,609,335,274
S01009807,421,196,225
S01009808,671,477,194
S01009809,515,259,256
S01009810,505,313,192
S01009811,616,324,292
S01009812,432,219,213
S01009813,540,347,193
S01009814,508,224,284
S01009815,486,215,271
S01009816,487,164,323
S01009817,419,176,243
S01009818,421,103,318
S01009819,459,162,297
S01009820,445,186,259
S01009821,295,87,208
S01009822,342,134,208
S01009823,455,244,211
S01009824,488,228,260
S01009825,560,278,282
S01009826,320,143,177
S01009827,367,179,188
S01009828,571,329,242
S01009829,579,290,289
S01009830,392,180,212
S01009831,493,164,329
S01009832,534,238,296
S01009833,269,77,192
S01009834,534,254,280
S01009835,305,182,123
S01009836,414,150,264
S01009837,501,268,233
S01009838,433,257,176
S01009839,666,471,195
S01009840,475,246,229
S01009841,654,453,201
S01009842,482,305,177
S01009843,370,264,106
S01009844,443,349,94
S01009845,760,564,196
S01009846,531,312,219
S01009847,411,241,170
S01009848,383,193,190
S01009849,613,424,189
S01009850,548,309,239
S01009851,578,354,224
S01009852,257,105,152
S01009853,461,207,254
S01009854,443,201,242
S01009855,322,99,223
S01009856,308,146,162
S01009857,374,123,251
S01009858,450,188,262
S01009859,607,424,183
S01009860,592,412,180
S01009861,698,480,218
S01009862,607,429,178
S01009863,563,379,184
S01009864,483,329,154
S01009865,315,183,132
S01009866,519,264,255
S01009867,673,275,398
S01009868,525,233,292
S01009869,436,254,182
S01009870,404,257,147
S01009871,587,344,243
S01009872,419,256,163
S01009873,445,214,231
S01009874,497,193,304
S01009875,377,203,174
S01009876,514,310,204
S01009877,360,68,292
S01009878,252,103,149
S01009879,386,33,353
S01009880,430,93,337
S01009881,350,145,205
S01009882,783,319,464
S01009883,519,183,336
S01009884,382,150,232
S01009885,251,64,187
S01009886,277,127,150
S01009887,584,403,181
S01009888,332,188,144
S01009889,471,270,201
S01009890,402,270,132
S01009891,430,275,155
S01009892,675,451,224
S01009893,487,311,176
S01009894,571,421,150
S01009895,481,317,164
S01009896,620,400,220
S01009897,622,312,310
S01009898,432,233,199
S01009899,606,298,308
S01009900,677,259,418
S01009901,567,210,357
S01009902,621,347,274
S01009903,393,135,258
S01009904,456,216,240
S01009905,372,226,146
S01009906,331,187,144
S01009907,883,548,335
S01009908,677,293,384
S01009909,509,260,249
S01009910,421,189,232
S01009911,519,124,395
S01009912,428,86,342
S01009913,326,26,300
S01009914,408,47,361
S01009915,402,67,335
S01009916,413,58,355
S01009917,385,80,305
S01009918,354,66,288
S01009919,650,337,313
S01009920,618,219,399
S01009921,484,211,273
S01009922,789,321,468
S01009923,613,275,338
S01009924,649,306,343
S01009925,641,309,332
S01009926,505,204,301
S01009927,351,111,240
S01009928,469,83,386
S01009929,272,76,196
S01009930,589,252,337
S01009931,550,191,359
S01009932,581,192,389
S01009933,958,525,433
S01009934,660,204,456
S01009935,521,367,154
S01009936,613,299,314
S01009937,423,332,91
S01009938,590,355,235
S01009939,668,554,114
S01009940,438,285,153
S01009941,442,123,319
S01009942,520,301,219
S01009943,645,387,258
S01009944,433,151,282
S01009945,545,277,268
S01009946,452,171,281
S01009947,390,158,232
S01009948,594,290,304
S01009949,420,173,247
S01009950,256,14,242
S01009951,302,38,264
S01009952,460,133,327
S01009953,532,125,407
S01009954,263,58,205
S01009955,500,150,350
S01009956,373,154,219
S01009957,527,103,424
S01009958,473,76,397
S01009959,391,72,319
S01009960,627,208,419
S01009961,293,99,194
S01009962,635,253,382
S01009963,487,67,420
S01009964,515,160,355
S01009965,374,73,301
S01009966,441,63,378
S01009967,494,121,373
S01009968,232,48,184
S01009969,600,156,444
S01009970,540,371,169
S01009971,674,324,350
S01009972,407,153,254
S01009973,346,154,192
S01009974,465,327,138
S01009975,432,294,138
S01009976,385,248,137
S01009977,632,468,164
S01009978,572,358,214
S01009979,448,288,160
S01009980,312,228,84
S01009981,411,268,143
S01009982,428,206,222
S01009983,341,265,76
S01009984,482,257,225
S01009985,270,200,70
S01009986,343,234,109
S01009987,472,306,166
S01009988,379,273,106
S01009989,446,190,256
S01009990,435,175,260
S01009991,437,140,297
S01009992,452,314,138
S01009993,349,88,261
S01009994,302,86,216
S01009995,269,97,172
S01009996,381,151,230
S01009997,278,102,176
S01009998,364,68,296
S01009999,340,66,274
S01010000,367,138,229
S01010001,332,119,213
S01010002,585,226,359
S01010003,388,85,303
S01010004,357,73,284
S01010005,649,356,293
S01010006,863,433,430
S01010007,429,111,318
S01010008,476,171,305
S01010009,462,242,220
S01010010,620,133,487
S01010011,613,351,262
S01010012,602,151,451
S01010013,594,313,281
S01010014,693,312,381
S01010015,511,211,300
S01010016,325,147,178
S01010017,426,248,178
S01010018,639,409,230
S01010019,658,508,150
S01010020,469,249,220
S01010021,400,318,82
S01010022,528,333,195
S01010023,838,601,237
S01010024,421,221,200
S01010025,528,385,143
S01010026,1022,638,384
S01010027,954,479,475
S01010028,458,329,129
S01010029,316,227,89
S01010030,507,249,258
S01010031,579,234,345
S01010032,680,388,292
S01010033,600,389,211
S01010034,615,417,198
S01010035,437,335,102
S01010036,835,404,431
S01010037,604,422,182
S01010038,782,557,225
S01010039,628,363,265
S01010040,524,284,240
S01010041,644,403,241
S01010042,806,431,375
S01010043,540,367,173
S01010044,836,500,336
S01010045,405,303,102
S01010046,586,352,234
S01010047,583,441,142
S01010048,737,480,257
S01010049,557,423,134
S01010050,540,414,126
S01010051,501,391,110
S01010052,372,282,90
S01010053,384,205,179
S01010054,342,239,103
S01010055,591,398,193
S01010056,282,206,76
S01010057,283,184,99
S01010058,489,323,166
S01010059,431,251,180
S01010060,532,360,172
S01010061,421,173,248
S01010062,380,192,188
S01010063,615,390,225
S01010064,365,193,172
S01010065,413,252,161
S01010066,342,210,132
S01010067,538,331,207
S01010068,409,231,178
S01010069,415,95,320
S01010070,238,28,210
S01010071,423,155,268
S01010072,503,193,310
S01010073,456,157,299
S01010074,455,89,366
S01010075,380,178,202
S01010076,365,137,228
S01010077,348,164,184
S01010078,261,50,211
S01010079,349,35,314
S01010080,348,60,288
S01010081,453,60,393
S01010082,407,105,302
S01010083,477,190,287
S01010084,542,257,285
S01010085,465,124,341
S01010086,459,226,233
S01010087,247,38,209
S01010088,550,52,498
S01010089,506,204,302
S01010090,471,132,339
S01010091,678,82,596
S01010092,554,295,259
S01010093,417,130,287
S01010094,492,113,379
S01010095,475,69,406
S01010096,364,78,286
S01010097,286,77,209
S01010098,277,43,234
S01010099,378,73,305
S01010100,382,84,298
S01010101,465,134,331
S01010102,259,28,231
S01010103,315,31,284
S01010104,379,49,330
S01010105,314,173,141
S01010106,299,176,123
S01010107,500,297,203
S01010108,374,197,177
S01010109,931,299,632
S01010110,543,361,182
S01010111,519,350,169
S01010112,510,326,184
S01010113,244,149,95
S01010114,411,306,105
S01010115,230,60,170
S01010116,571,206,365
S01010117,541,70,471
S01010118,345,258,87
S01010119,209,118,91
S01010120,444,292,152
S01010121,369,236,133
S01010122,232,159,73
S01010123,299,195,104
S01010124,320,105,215
S01010125,434,268,166
S01010126,271,92,179
S01010127,341,204,137
S01010128,356,268,88
S01010129,499,349,150
S01010130,458,275,183
S01010131,500,156,344
S01010132,577,350,227
S01010133,495,316,179
S01010134,708,422,286
S01010135,579,325,254
S01010136,487,224,263
S01010137,721,414,307
S01010138,688,481,207
S01010139,639,349,290
S01010140,512,247,265
S01010141,606,423,183
S01010142,325,167,158
S01010143,431,228,203
S01010144,372,218,154
S01010145,397,216,181
S01010146,663,413,250
S01010147,587,378,209
S01010148,612,329,283
S01010149,323,127,196
S01010150,436,265,171
S01010151,475,279,196
S01010152,476,241,235
S01010153,538,301,237
S01010154,475,271,204
S01010155,414,219,195
S01010156,499,279,220
S01010157,425,220,205
S01010158,461,240,221
S01010159,353,173,180
S01010160,420,289,131
S01010161,381,171,210
S01010162,467,343,124
S01010163,493,270,223
S01010164,321,160,161
S01010165,275,171,104
S01010166,670,298,372
S01010167,533,330,203
S01010168,291,152,139
S01010169,367,211,156
S01010170,438,242,196
S01010171,704,409,295
S01010172,524,321,203
S01010173,479,231,248
S01010174,296,111,185
S01010175,216,105,111
S01010176,543,296,247
S01010177,315,205,110
S01010178,435,251,184
S01010179,724,394,330
S01010180,377,179,198
S01010181,465,263,202
S01010182,505,118,387
S01010183,612,196,416
S01010184,286,159,127
S01010185,328,210,118
S01010186,246,35,211
S01010187,406,99,307
S01010188,785,136,649
S01010189,336,23,313
S01010190,89,22,67
S01010191,266,23,243
S01010192,374,38,336
S01010193,380,68,312
S01010194,310,168,142
S01010195,384,174,210
S01010196,308,158,150
S01010197,303,153,150
S01010198,435,224,211
S01010199,311,185,126
S01010200,305,168,137
S01010201,386,151,235
S01010202,365,268,97
S01010203,305,83,222
S01010204,557,349,208
S01010205,355,219,136
S01010206,255,241,14
S01010207,326,235,91
S01010208,657,388,269
S01010209,473,252,221
S01010210,510,258,252
S01010211,499,356,143
S01010212,649,448,201
S01010213,572,334,238
S01010214,396,133,263
S01010215,610,414,196
S01010216,608,459,149
S01010217,492,325,167
S01010218,698,407,291
S01010219,395,325,70
S01010220,362,168,194
S01010221,315,229,86
S01010222,416,235,181
S01010223,402,262,140
S01010224,597,449,148
S01010225,509,290,219
S01010226,407,328,79
S01010227,415,330,85
S01010228,384,255,129
S01010229,556,330,226
S01010230,794,609,185
S01010231,514,374,140
S01010232,390,243,147
S01010233,778,578,200
S01010234,634,360,274
S01010235,446,151,295
S01010236,378,184,194
S01010237,556,285,271
S01010238,597,325,272
S01010239,573,383,190
S01010240,649,402,247
S01010241,623,382,241
S01010242,712,487,225
S01010243,805,590,215
S01010244,603,444,159
S01010245,596,461,135
S01010246,576,425,151
S01010247,468,222,246
S01010248,515,273,242
S01010249,585,358,227
S01010250,565,334,231
S01010251,371,175,196
S01010252,364,177,187
S01010253,426,283,143
S01010254,638,401,237
S01010255,567,429,138
S01010256,642,469,173
S01010257,705,493,212
S01010258,950,632,318
S01010259,667,529,138
S01010260,557,362,195
S01010261,766,610,156
S01010262,762,561,201
S01010263,493,357,136
S01010264,869,597,272
S01010265,752,468,284
S01010266,391,216,175
S01010267,407,300,107
S01010268,493,293,200
S01010269,604,426,178
S01010270,992,738,254
S01010271,411,275,136
S01010272,883,675,208
S01010273,648,437,211
S01010274,407,212,195
S01010275,837,606,231
S01010276,625,142,483
S01010277,305,188,117
S01010278,735,492,243
S01010279,428,269,159
S01010280,482,277,205
S01010281,466,266,200
S01010282,791,477,314
S01010283,459,211,248
S01010284,825,446,379
S01010285,556,275,281
S01010286,871,420,451
S01010287,488,249,239
S01010288,516,211,305
S01010289,380,77,303
S01010290,429,229,200
S01010291,508,312,196
S01010292,545,267,278
S01010293,409,260,149
S01010294,408,225,183
S01010295,427,228,199
S01010296,370,181,189
S01010297,574,405,169
S01010298,578,401,177
S01010299,342,230,112
S01010300,788,533,255
S01010301,283,147,136
S01010302,528,409,119
S01010303,297,224,73
S01010304,445,318,127
S01010305,685,412,273
S01010306,489,271,218
S01010307,476,190,286
S01010308,480,207,273
S01010309,360,249,111
S01010310,485,343,142
S01010311,544,408,136
S01010312,502,380,122
S01010313,697,498,199
S01010314,663,430,233
S01010315,512,246,266
S01010316,540,298,242
S01010317,709,313,396
S01010318,397,237,160
S01010319,616,343,273
S01010320,482,308,174
S01010321,626,355,271
S01010322,702,252,450
S01010323,456,374,82
S01010324,489,266,223
S01010325,552,316,236
S01010326,666,419,247
S01010327,517,224,293
S01010328,533,239,294
S01010329,257,146,111
S01010330,321,195,126
S01010331,686,420,266
S01010332,401,208,193
S01010333,487,271,216
S01010334,637,334,303
S01010335,471,256,215
S01010336,564,311,253
S01010337,381,203,178
S01010338,414,261,153
S01010339,403,230,173
S01010340,401,244,157
S01010341,357,119,238
S01010342,408,143,265
S01010343,525,80,445
S01010344,549,371,178
S01010345,227,32,195
S01010346,461,139,322
S01010347,466,260,206
S01010348,536,261,275
S01010349,563,309,254
S01010350,649,406,243
S01010351,496,258,238
S01010352,398,211,187
S01010353,620,497,123
S01010354,375,229,146
S01010355,625,402,223
S01010356,347,149,198
S01010357,398,272,126
S01010358,543,385,158
S01010359,618,457,161
S01010360,285,174,111
S01010361,357,297,60
S01010362,722,519,203
S01010363,394,123,271
S01010364,438,66,372
S01010365,534,87,447
S01010366,694,181,513
S01010367,546,107,439
S01010368,426,77,349
S01010369,455,217,238
S01010370,335,88,247
S01010371,554,212,342
S01010372,408,123,285
S01010373,408,161,247
S01010374,509,180,329
S01010375,406,178,228
S01010376,487,279,208
S01010377,418,250,168
S01010378,369,188,181
S01010379,615,324,291
S01010380,595,272,323
S01010381,646,339,307
S01010382,536,275,261
S01010383,510,335,175
S01010384,779,396,383
S01010385,578,336,242
S01010386,709,389,320
S01010387,961,509,452
S01010388,635,400,235
S01010389,1114,293,821
S01010390,865,489,376
S01010391,1855,660,1195
S01010392,1229,364,865
S01010393,1000,510,490
S01010394,579,344,235
S01010395,749,407,342
S01010396,585,337,248
S01010397,510,206,304
S01010398,583,197,386
S01010399,965,324,641
S01010400,530,149,381
S01010401,454,197,257
S01010402,575,168,407
S01010403,552,123,429
S01010404,630,165,465
S01010405,515,128,387
S01010406,515,225,290
S01010407,606,293,313
S01010408,322,105,217
S01010409,533,97,436
S01010410,248,31,217
S01010411,540,52,488
S01010412,496,138,358
S01010413,510,118,392
S01010414,572,157,415
S01010415,655,362,293
S01010416,382,65,317
S01010417,286,74,212
S01010418,663,238,425
S01010419,798,207,591
S01010420,459,94,365
S01010421,346,60,286
S01010422,526,184,342
S01010423,614,344,270
S01010424,564,307,257
S01010425,621,374,247
S01010426,644,369,275
S01010427,609,366,243
S01010428,712,258,454
S01010429,388,56,332
S01010430,544,329,215
S01010431,420,116,304
S01010432,464,263,201
S01010433,400,295,105
S01010434,425,287,138
S01010435,328,154,174
S01010436,433,281,152
S01010437,269,147,122
S01010438,488,250,238
S01010439,668,312,356
S01010440,478,224,254
S01010441,542,190,352
S01010442,450,246,204
S01010443,334,139,195
S01010444,289,135,154
S01010445,398,188,210
S01010446,329,98,231
S01010447,559,304,255
S01010448,451,151,300
S01010449,468,204,264
S01010450,477,243,234
S01010451,568,332,236
S01010452,460,226,234
S01010453,597,391,206
S01010454,529,215,314
S01010455,604,430,174
S01010456,354,165,189
S01010457,553,306,247
S01010458,443,236,207
S01010459,372,163,209
S01010460,386,93,293
S01010461,520,264,256
S01010462,550,431,119
S01010463,376,129,247
S01010464,314,131,183
S01010465,486,110,376
S01010466,802,307,495
S01010467,522,165,357
S01010468,514,144,370
S01010469,549,317,232
S01010470,414,179,235
S01010471,445,221,224
S01010472,671,142,529
S01010473,591,263,328
S01010474,564,263,301
S01010475,694,166,528
S01010476,523,216,307
S01010477,469,182,287
S01010478,831,426,405
S01010479,512,216,296
S01010480,389,138,251
S01010481,359,190,169
S01010482,455,190,265
S01010483,585,245,340
S01010484,448,164,284
S01010485,437,145,292
S01010486,480,81,399
S01010487,476,179,297
S01010488,588,334,254
S01010489,615,362,253
S01010490,377,262,115
S01010491,493,331,162
S01010492,336,212,124
S01010493,529,371,158
S01010494,309,158,151
S01010495,573,369,204
S01010496,815,622,193
S01010497,429,218,211
S01010498,625,413,212
S01010499,581,387,194
S01010500,485,277,208
S01010501,415,218,197
S01010502,318,115,203
S01010503,386,253,133
S01010504,247,31,216
S01010505,288,30,258
S01010506,405,80,325
S01010507,477,106,371
S01010508,516,61,455
S01010509,503,66,437
S01010510,682,132,550
S01010511,528,160,368
S01010512,405,106,299
S01010513,357,37,320
S01010514,377,113,264
S01010515,398,124,274
S01010516,270,60,210
S01010517,497,165,332
S01010518,408,101,307
S01010519,356,80,276
S01010520,509,129,380
S01010521,450,133,317
S01010522,357,123,234
S01010523,433,186,247
S01010524,264,28,236
S01010525,316,21,295
S01010526,409,60,349
S01010527,607,161,446
S01010528,335,22,313
S01010529,434,33,401
S01010530,313,24,289
S01010531,496,76,420
S01010532,366,27,339
S01010533,410,65,345
S01010534,488,86,402
S01010535,305,19,286
S01010536,569,147,422
S01010537,595,156,439
S01010538,463,77,386
S01010539,463,75,388
S01010540,298,29,269
S01010541,362,30,332
S01010542,456,62,394
S01010543,255,15,240
S01010544,555,98,457
S01010545,344,87,257
S01010546,456,74,382
S01010547,313,15,298
S01010548,262,18,244
S01010549,525,52,473
S01010550,301,50,251
S01010551,328,29,299
S01010552,427,31,396
S01010553,261,7,254
S01010554,396,113,283
S01010555,507,163,344
S01010556,476,168,308
S01010557,317,75,242
S01010558,303,83,220
S01010559,351,72,279
S01010560,291,34,257
S01010561,402,51,351
S01010562,427,70,357
S01010563,357,130,227
S01010564,421,134,287
S01010565,410,81,329
S01010566,453,29,424
S01010567,441,14,427
S01010568,581,46,535
S01010569,364,26,338
S01010570,613,113,500
S01010571,461,55,406
S01010572,463,134,329
S01010573,283,59,224
S01010574,236,19,217
S01010575,361,28,333
S01010576,326,21,305
S01010577,354,109,245
S01010578,203,39,164
S01010579,325,43,282
S01010580,305,74,231
S01010581,372,63,309
S01010582,256,25,231
S01010583,440,44,396
S01010584,781,86,695
S01010585,776,75,701
S01010586,272,12,260
S01010587,350,31,319
S01010588,359,48,311
S01010589,988,152,836
S01010590,707,57,650
S01010591,253,18,235
S01010592,198,37,161
S01010593,938,74,864
S01010594,722,66,656
S01010595,716,66,650
S01010596,1325,96,1229
S01010597,966,82,884
S01010598,1017,86,931
S01010599,351,28,323
S01010600,703,75,628
S01010601,340,48,292
S01010602,312,40,272
S01010603,369,52,317
S01010604,355,38,317
S01010605,583,62,521
S01010606,469,147,322
S01010607,455,74,381
S01010608,347,164,183
S01010609,242,84,158
S01010610,360,52,308
S01010611,608,196,412
S01010612,316,58,258
S01010613,395,128,267
S01010614,333,142,191
S01010615,481,127,354
S01010616,402,70,332
S01010617,405,51,354
S01010618,422,44,378
S01010619,643,297,346
S01010620,445,300,145
S01010621,527,147,380
S01010622,333,171,162
S01010623,366,77,289
S01010624,284,103,181
S01010625,333,41,292
S01010626,415,61,354
S01010627,486,147,339
S01010628,561,192,369
S01010629,551,166,385
S01010630,309,118,191
S01010631,466,162,304
S01010632,486,188,298
S01010633,476,228,248
S01010634,264,99,165
S01010635,351,146,205
S01010636,463,124,339
S01010637,522,270,252
S01010638,490,199,291
S01010639,675,350,325
S01010640,452,176,276
S01010641,705,401,304
S01010642,475,273,202
S01010643,335,170,165
S01010644,436,300,136
S01010645,380,58,322
S01010646,348,48,300
S01010647,306,49,257
S01010648,464,130,334
S01010649,361,83,278
S01010650,294,47,247
S01010651,295,94,201
S01010652,345,64,281
S01010653,392,70,322
S01010654,348,111,237
S01010655,426,24,402
S01010656,291,32,259
S01010657,361,22,339
S01010658,438,58,380
S01010659,333,12,321
S01010660,410,76,334
S01010661,382,97,285
S01010662,377,25,352
S01010663,610,41,569
S01010664,324,11,313
S01010665,475,48,427
S01010666,611,94,517
S01010667,336,15,321
S01010668,593,71,522
S01010669,266,31,235
S01010670,401,44,357
S01010671,397,57,340
S01010672,636,150,486
S01010673,506,81,425
S01010674,538,90,448
S01010675,414,48,366
S01010676,511,66,445
S01010677,224,19,205
S01010678,472,84,388
S01010679,737,183,554
S01010680,382,96,286
S01010681,567,134,433
S01010682,551,46,505
S01010683,423,55,368
S01010684,492,58,434
S01010685,370,42,328
S01010686,309,35,274
S01010687,476,74,402
S01010688,398,43,355
S01010689,483,54,429
S01010690,442,119,323
S01010691,433,42,391
S01010692,307,54,253
S01010693,173,14,159
S01010694,390,43,347
S01010695,304,21,283
S01010696,469,62,407
S01010697,458,30,428
S01010698,338,33,305
S01010699,250,9,241
S01010700,258,22,236
S01010701,542,76,466
S01010702,449,24,425
S01010703,375,20,355
S01010704,556,105,451
S01010705,537,63,474
S01010706,369,66,303
S01010707,293,16,277
S01010708,454,64,390
S01010709,376,52,324
S01010710,400,86,314
S01010711,319,32,287
S01010712,321,67,254
S01010713,430,105,325
S01010714,419,174,245
S01010715,387,123,264
S01010716,479,150,329
S01010717,447,60,387
S01010718,453,59,394
S01010719,381,44,337
S01010720,398,73,325
S01010721,394,54,340
S01010722,519,79,440
S01010723,417,26,391
S01010724,354,29,325
S01010725,340,24,316
S01010726,482,60,422
S01010727,293,15,278
S01010728,389,15,374
S01010729,354,17,337
S01010730,343,13,330
S01010731,399,85,314
S01010732,334,89,245
S01010733,408,139,269
S01010734,411,146,265
S01010735,423,87,336
S01010736,218,13,205
S01010737,487,143,344
S01010738,501,127,374
S01010739,388,105,283
S01010740,325,133,192
S01010741,289,56,233
S01010742,390,112,278
S01010743,367,102,265
S01010744,491,85,406
S01010745,363,123,240
S01010746,441,40,401
S01010747,507,92,415
S01010748,280,37,243
S01010749,316,23,293
S01010750,287,22,265
S01010751,452,126,326
S01010752,465,138,327
S01010753,555,124,431
S01010754,507,152,355
S01010755,397,108,289
S01010756,360,32,328
S01010757,423,50,373
S01010758,305,39,266
S01010759,331,84,247
S01010760,402,72,330
S01010761,222,13,209
S01010762,263,30,233
S01010763,441,76,365
S01010764,289,28,261
S01010765,581,85,496
S01010766,359,87,272
S01010767,347,100,247
S01010768,355,88,267
S01010769,217,17,200
S01010770,385,72,313
S01010771,502,121,381
S01010772,376,48,328
S01010773,336,46,290
S01010774,591,111,480
S01010775,266,26,240
S01010776,429,162,267
S01010777,270,141,129
S01010778,329,158,171
S01010779,442,166,276
S01010780,294,71,223
S01010781,426,93,333
S01010782,293,102,191
S01010783,427,163,264
S01010784,528,200,328
S01010785,354,67,287
S01010786,255,34,221
S01010787,384,47,337
S01010788,274,32,242
S01010789,368,43,325
S01010790,343,28,315
S01010791,427,45,382
S01010792,514,102,412
S01010793,275,23,252
S01010794,234,28,206
S01010795,586,71,515
S01010796,618,53,565
S01010797,329,30,299
S01010798,293,28,265
S01010799,586,216,370
S01010800,396,130,266
S01010801,399,139,260
S01010802,291,82,209
S01010803,280,104,176
S01010804,383,100,283
S01010805,579,136,443
S01010806,458,204,254
S01010807,244,57,187
S01010808,230,41,189
S01010809,428,50,378
S01010810,249,45,204
S01010811,446,57,389
S01010812,238,44,194
S01010813,428,74,354
S01010814,354,39,315
S01010815,270,38,232
S01010816,375,66,309
S01010817,492,46,446
S01010818,742,170,572
S01010819,468,85,383
S01010820,518,75,443
S01010821,345,16,329
S01010822,280,9,271
S01010823,254,92,162
S01010824,424,29,395
S01010825,567,61,506
S01010826,315,36,279
S01010827,268,30,238
S01010828,441,39,402
S01010829,555,96,459
S01010830,231,47,184
S01010831,197,9,188
S01010832,284,49,235
S01010833,482,43,439
S01010834,702,61,641
S01010835,318,18,300
S01010836,454,76,378
S01010837,360,84,276
S01010838,478,139,339
S01010839,417,121,296
S01010840,332,114,218
S01010841,638,224,414
S01010842,660,374,286
S01010843,494,246,248
S01010844,365,76,289
S01010845,259,50,209
S01010846,356,108,248
S01010847,317,39,278
S01010848,364,171,193
S01010849,364,158,206
S01010850,421,226,195
S01010851,407,189,218
S01010852,347,116,231
S01010853,409,143,266
S01010854,384,167,217
S01010855,223,105,118
S01010856,455,239,216
S01010857,378,114,264
S01010858,534,255,279
S01010859,323,131,192
S01010860,390,156,234
S01010861,387,206,181
S01010862,314,192,122
S01010863,360,76,284
S01010864,272,42,230
S01010865,345,52,293
S01010866,370,80,290
S01010867,334,72,262
S01010868,306,57,249
S01010869,463,57,406
S01010870,513,153,360
S01010871,408,129,279
S01010872,479,195,284
S01010873,524,364,160
S01010874,363,76,287
S01010875,336,149,187
S01010876,393,210,183
S01010877,705,294,411
S01010878,586,258,328
S01010879,514,159,355
S01010880,321,146,175
S01010881,368,134,234
S01010882,350,75,275
S01010883,418,142,276
S01010884,662,414,248
S01010885,746,472,274
S01010886,325,184,141
S01010887,417,284,133
S01010888,675,358,317
S01010889,538,323,215
S01010890,573,417,156
S01010891,473,271,202
S01010892,576,387,189
S01010893,535,279,256
S01010894,398,188,210
S01010895,307,182,125
S01010896,546,333,213
S01010897,429,238,191
S01010898,500,166,334
S01010899,271,71,200
S01010900,409,187,222
S01010901,205,111,94
S01010902,453,190,263
S01010903,479,305,174
S01010904,271,159,112
S01010905,428,149,279
S01010906,383,135,248
S01010907,232,22,210
S01010908,473,133,340
S01010909,431,81,350
S01010910,434,240,194
S01010911,590,398,192
S01010912,445,285,160
S01010913,293,74,219
S01010914,402,71,331
S01010915,366,71,295
S01010916,425,268,157
S01010917,452,244,208
S01010918,589,251,338
S01010919,378,165,213
S01010920,303,158,145
S01010921,305,129,176
S01010922,395,208,187
S01010923,536,251,285
S01010924,290,125,165
S01010925,386,189,197
S01010926,441,199,242
S01010927,405,191,214
S01010928,340,158,182
S01010929,383,166,217
S01010930,357,18,339
S01010931,203,10,193
S01010932,626,135,491
S01010933,327,30,297
S01010934,479,79,400
S01010935,401,99,302
S01010936,404,159,245
S01010937,323,66,257
S01010938,441,183,258
S01010939,308,52,256
S01010940,268,23,245
S01010941,483,27,456
S01010942,268,21,247
S01010943,343,101,242
S01010944,384,164,220
S01010945,222,65,157
S01010946,437,139,298
S01010947,354,111,243
S01010948,288,82,206
S01010949,511,52,459
S01010950,380,102,278
S01010951,297,59,238
S01010952,304,61,243
S01010953,300,53,247
S01010954,413,48,365
S01010955,402,49,353
S01010956,419,39,380
S01010957,231,22,209
S01010958,282,49,233
S01010959,403,68,335
S01010960,588,125,463
S01010961,590,142,448
S01010962,385,110,275
S01010963,429,91,338
S01010964,216,50,166
S01010965,460,185,275
S01010966,453,130,323
S01010967,399,105,294
S01010968,397,79,318
S01010969,318,75,243
S01010970,633,169,464
S01010971,646,96,550
S01010972,374,117,257
S01010973,261,41,220
S01010974,485,157,328
S01010975,261,92,169
S01010976,815,108,707
S01010977,312,72,240
S01010978,446,173,273
S01010979,354,107,247
S01010980,386,130,256
S01010981,330,106,224
S01010982,496,65,431
S01010983,561,150,411
S01010984,484,76,408
S01010985,355,99,256
S01010986,241,9,232
S01010987,157,12,145
S01010988,205,8,197
S01010989,568,30,538
S01010990,319,81,238
S01010991,720,60,660
S01010992,678,58,620
S01010993,296,42,254
S01010994,1032,65,967
S01010995,346,31,315
S01010996,350,36,314
S01010997,466,46,420
S01010998,868,51,817
S01010999,412,104,308
S01011000,421,65,356
S01011001,273,84,189
S01011002,314,106,208
S01011003,334,93,241
S01011004,333,56,277
S01011005,385,140,245
S01011006,422,80,342
S01011007,372,129,243
S01011008,375,108,267
S01011009,269,81,188
S01011010,509,238,271
S01011011,435,235,200
S01011012,522,228,294
S01011013,416,157,259
S01011014,364,93,271
S01011015,264,85,179
S01011016,456,53,403
S01011017,663,59,604
S01011018,617,90,527
S01011019,499,77,422
S01011020,202,15,187
S01011021,351,103,248
S01011022,292,96,196
S01011023,428,129,299
S01011024,490,181,309
S01011025,276,103,173
S01011026,235,80,155
S01011027,510,216,294
S01011028,493,170,323
S01011029,307,93,214
S01011030,369,49,320
S01011031,483,142,341
S01011032,403,138,265
S01011033,348,78,270
S01011034,409,158,251
S01011035,252,75,177
S01011036,441,109,332
S01011037,465,152,313
S01011038,412,171,241
S01011039,442,126,316
S01011040,522,148,374
S01011041,327,141,186
S01011042,333,63,270
S01011043,521,154,367
S01011044,470,128,342
S01011045,426,62,364
S01011046,362,26,336
S01011047,431,26,405
S01011048,561,103,458
S01011049,379,56,323
S01011050,406,22,384
S01011051,484,92,392
S01011052,515,80,435
S01011053,326,69,257
S01011054,305,41,264
S01011055,228,15,213
S01011056,271,12,259
S01011057,294,23,271
S01011058,251,9,242
S01011059,309,14,295
S01011060,534,116,418
S01011061,491,129,362
S01011062,655,173,482
S01011063,515,145,370
S01011064,594,121,473
S01011065,370,32,338
S01011066,277,57,220
S01011067,521,105,416
S01011068,349,68,281
S01011069,323,54,269
S01011070,386,64,322
S01011071,413,61,352
S01011072,445,42,403
S01011073,286,47,239
S01011074,280,61,219
S01011075,389,131,258
S01011076,538,187,351
S01011077,436,132,304
S01011078,555,71,484
S01011079,598,152,446
S01011080,525,132,393
S01011081,352,93,259
S01011082,360,153,207
S01011083,507,93,414
S01011084,373,29,344
S01011085,383,38,345
S01011086,273,39,234
S01011087,384,53,331
S01011088,545,100,445
S01011089,430,73,357
S01011090,304,15,289
S01011091,293,7,286
S01011092,891,128,763
S01011093,1167,137,1030
S01011094,297,23,274
S01011095,431,25,406
S01011096,358,27,331
S01011097,284,10,274
S01011098,508,77,431
S01011099,358,105,253
S01011100,257,42,215
S01011101,319,103,216
S01011102,379,176,203
S01011103,440,199,241
S01011104,294,95,199
S01011105,405,110,295
S01011106,352,64,288
S01011107,895,145,750
S01011108,272,64,208
S01011109,389,83,306
S01011110,421,134,287
S01011111,512,172,340
S01011112,73,10,63
S01011113,487,138,349
S01011114,462,35,427
S01011115,411,130,281
S01011116,361,59,302
S01011117,407,95,312
S01011118,455,81,374
S01011119,422,66,356
S01011120,495,39,456
S01011121,365,170,195
S01011122,360,91,269
S01011123,490,134,356
S01011124,277,61,216
S01011125,214,70,144
S01011126,301,68,233
S01011127,153,4,149
S01011128,458,114,344
S01011129,330,23,307
S01011130,374,117,257
S01011131,361,69,292
S01011132,374,65,309
S01011133,241,53,188
S01011134,442,115,327
S01011135,466,117,349
S01011136,284,64,220
S01011137,346,73,273
S01011138,254,68,186
S01011139,281,25,256
S01011140,232,57,175
S01011141,435,78,357
S01011142,363,11,352
S01011143,487,55,432
S01011144,372,67,305
S01011145,439,32,407
S01011146,419,37,382
S01011147,529,87,442
S01011148,329,29,300
S01011149,201,4,197
S01011150,254,8,246
S01011151,290,38,252
S01011152,445,81,364
S01011153,518,135,383
S01011154,389,178,211
S01011155,420,147,273
S01011156,343,32,311
S01011157,284,37,247
S01011158,275,24,251
S01011159,344,152,192
S01011160,393,101,292
S01011161,269,55,214
S01011162,347,54,293
S01011163,428,121,307
S01011164,320,51,269
S01011165,412,147,265
S01011166,271,35,236
S01011167,406,15,391
S01011168,355,14,341
S01011169,461,51,410
S01011170,400,37,363
S01011171,456,60,396
S01011172,339,59,280
S01011173,365,67,298
S01011174,361,55,306
S01011175,391,111,280
S01011176,330,54,276
S01011177,485,111,374
S01011178,241,23,218
S01011179,316,114,202
S01011180,378,139,239
S01011181,558,36,522
S01011182,208,14,194
S01011183,289,56,233
S01011184,307,10,297
S01011185,354,76,278
S01011186,561,204,357
S01011187,353,50,303
S01011188,515,160,355
S01011189,468,113,355
S01011190,458,138,320
S01011191,326,102,224
S01011192,360,86,274
S01011193,384,131,253
S01011194,302,103,199
S01011195,395,133,262
S01011196,470,227,243
S01011197,348,123,225
S01011198,274,97,177
S01011199,342,114,228
S01011200,405,84,321
S01011201,267,65,202
S01011202,453,143,310
S01011203,564,169,395
S01011204,235,29,206
S01011205,80,6,74
S01011206,264,21,243
S01011207,694,104,590
S01011208,345,37,308
S01011209,298,90,208
S01011210,321,51,270
S01011211,619,41,578
S01011212,285,112,173
S01011213,459,128,331
S01011214,430,184,246
S01011215,399,202,197
S01011216,511,195,316
S01011217,550,262,288
S01011218,392,179,213
S01011219,450,194,256
S01011220,477,206,271
S01011221,504,180,324
S01011222,312,108,204
S01011223,427,132,295
S01011224,350,144,206
S01011225,480,210,270
S01011226,512,109,403
S01011227,422,191,231
S01011228,742,355,387
S01011229,408,176,232
S01011230,642,360,282
S01011231,613,355,258
S01011232,513,192,321
S01011233,565,105,460
S01011234,527,219,308
S01011235,253,128,125
S01011236,284,129,155
S01011237,464,230,234
S01011238,430,245,185
S01011239,532,319,213
S01011240,745,455,290
S01011241,540,230,310
S01011242,484,174,310
S01011243,734,376,358
S01011244,409,248,161
S01011245,446,213,233
S01011246,488,129,359
S01011247,422,72,350
S01011248,409,79,330
S01011249,423,50,373
S01011250,507,193,314
S01011251,385,139,246
S01011252,344,156,188
S01011253,445,234,211
S01011254,466,77,389
S01011255,157,5,152
S01011256,169,10,159
S01011257,214,17,197
S01011258,292,72,220
S01011259,452,166,286
S01011260,336,78,258
S01011261,360,175,185
S01011262,309,99,210
S01011263,317,106,211
S01011264,259,101,158
S01011265,475,204,271
S01011266,383,123,260
S01011267,430,106,324
S01011268,296,101,195
S01011269,331,170,161
S01011270,456,216,240
S01011271,428,181,247
S01011272,380,179,201
S01011273,490,186,304
S01011274,505,212,293
S01011275,557,129,428
S01011276,462,173,289
S01011277,284,38,246
S01011278,288,35,253
S01011279,323,77,246
S01011280,276,19,257
S01011281,299,28,271
S01011282,341,43,298
S01011283,277,14,263
S01011284,408,16,392
S01011285,514,239,275
S01011286,298,122,176
S01011287,432,161,271
S01011288,435,148,287
S01011289,431,155,276
S01011290,610,250,360
S01011291,491,197,294
S01011292,332,185,147
S01011293,442,189,253
S01011294,541,308,233
S01011295,493,128,365
S01011296,365,151,214
S01011297,352,115,237
S01011298,434,117,317
S01011299,197,5,192
S01011300,449,176,273
S01011301,309,44,265
S01011302,570,262,308
S01011303,491,72,419
S01011304,381,104,277
S01011305,342,101,241
S01011306,282,96,186
S01011307,904,120,784
S01011308,271,34,237
S01011309,395,39,356
S01011310,341,83,258
S01011311,508,35,473
S01011312,549,38,511
S01011313,529,117,412
S01011314,487,91,396
S01011315,176,56,120
S01011316,382,91,291
S01011317,454,80,374
S01011318,520,167,353
S01011319,525,128,397
S01011320,389,112,277
S01011321,276,66,210
S01011322,251,47,204
S01011323,478,150,328
S01011324,235,82,153
S01011325,597,275,322
S01011326,762,418,344
S01011327,438,169,269
S01011328,460,135,325
S01011329,562,176,386
S01011330,324,41,283
S01011331,369,41,328
S01011332,558,51,507
S01011333,386,74,312
S01011334,587,109,478
S01011335,517,54,463
S01011336,302,72,230
S01011337,287,16,271
S01011338,360,99,261
S01011339,272,93,179
S01011340,542,173,369
S01011341,428,167,261
S01011342,412,125,287
S01011343,461,208,253
S01011344,401,185,216
S01011345,478,188,290
S01011346,393,129,264
S01011347,605,213,392
S01011348,535,154,381
S01011349,451,49,402
S01011350,377,45,332
S01011351,393,171,222
S01011352,363,126,237
S01011353,274,78,196
S01011354,374,53,321
S01011355,487,120,367
S01011356,392,33,359
S01011357,553,97,456
S01011358,186,7,179
S01011359,368,117,251
S01011360,415,191,224
S01011361,343,228,115
S01011362,256,40,216
S01011363,741,195,546
S01011364,272,50,222
S01011365,310,63,247
S01011366,238,86,152
S01011367,400,135,265
S01011368,503,55,448
S01011369,341,107,234
S01011370,598,97,501
S01011371,805,395,410
S01011372,583,322,261
S01011373,431,182,249
S01011374,201,35,166
S01011375,323,115,208
S01011376,369,178,191
S01011377,262,46,216
S01011378,470,98,372
S01011379,435,43,392
S01011380,403,154,249
S01011381,397,101,296
S01011382,286,112,174
S01011383,630,402,228
S01011384,375,230,145
S01011385,441,238,203
S01011386,404,205,199
S01011387,414,201,213
S01011388,623,172,451
S01011389,697,231,466
S01011390,476,211,265
S01011391,254,81,173
S01011392,413,144,269
S01011393,374,114,260
S01011394,406,115,291
S01011395,471,211,260
S01011396,488,221,267
S01011397,371,174,197
S01011398,322,129,193
S01011399,240,113,127
S01011400,470,149,321
S01011401,461,112,349
S01011402,492,162,330
S01011403,426,137,289
S01011404,573,219,354
S01011405,341,96,245
S01011406,312,101,211
S01011407,626,136,490
S01011408,420,167,253
S01011409,362,144,218
S01011410,413,136,277
S01011411,405,124,281
S01011412,405,49,356
S01011413,218,19,199
S01011414,512,199,313
S01011415,444,124,320
S01011416,345,32,313
S01011417,374,102,272
S01011418,370,150,220
S01011419,314,116,198
S01011420,250,131,119
S01011421,187,22,165
S01011422,193,67,126
S01011423,267,105,162
S01011424,237,64,173
S01011425,303,73,230
S01011426,682,107,575
S01011427,585,163,422
S01011428,311,72,239
S01011429,301,21,280
S01011430,410,62,348
S01011431,619,211,408
S01011432,608,164,444
S01011433,434,182,252
S01011434,421,73,348
S01011435,619,116,503
S01011436,609,212,397
S01011437,393,155,238
S01011438,383,153,230
S01011439,499,150,349
S01011440,499,134,365
S01011441,384,119,265
S01011442,327,113,214
S01011443,369,121,248
S01011444,531,147,384
S01011445,298,100,198
S01011446,920,77,843
S01011447,445,144,301
S01011448,527,109,418
S01011449,374,138,236
S01011450,299,40,259
S01011451,718,90,628
S01011452,412,66,346
S01011453,340,80,260
S01011454,476,167,309
S01011455,465,171,294
S01011456,458,161,297
S01011457,382,132,250
S01011458,289,58,231
S01011459,504,93,411
S01011460,392,138,254
S01011461,374,133,241
S01011462,455,136,319
S01011463,307,62,245
S01011464,612,80,532
S01011465,306,97,209
S01011466,823,199,624
S01011467,231,73,158
S01011468,40,0,40
S01011469,318,123,195
S01011470,451,158,293
S01011471,501,181,320
S01011472,724,380,344
S01011473,604,332,272
S01011474,629,341,288
S01011475,426,254,172
S01011476,356,24,332
S01011477,335,16,319
S01011478,442,66,376
S01011479,430,65,365
S01011480,500,91,409
S01011481,524,150,374
S01011482,539,226,313
S01011483,359,64,295
S01011484,483,197,286
S01011485,371,170,201
S01011486,235,104,131
S01011487,525,169,356
S01011488,284,145,139
S01011489,377,67,310
S01011490,522,201,321
S01011491,271,177,94
S01011492,434,242,192
S01011493,398,104,294
S01011494,407,215,192
S01011495,470,172,298
S01011496,308,174,134
S01011497,354,47,307
S01011498,230,17,213
S01011499,402,102,300
S01011500,474,200,274
S01011501,325,169,156
S01011502,305,91,214
S01011503,424,142,282
S01011504,284,92,192
S01011505,322,142,180
S01011506,292,112,180
S01011507,378,162,216
S01011508,468,145,323
S01011509,247,69,178
S01011510,435,176,259
S01011511,313,155,158
S01011512,606,352,254
S01011513,440,224,216
S01011514,384,161,223
S01011515,357,82,275
S01011516,358,31,327
S01011517,267,87,180
S01011518,302,139,163
S01011519,310,116,194
S01011520,547,301,246
S01011521,676,343,333
S01011522,500,258,242
S01011523,583,225,358
S01011524,396,107,289
S01011525,392,97,295
S01011526,422,129,293
S01011527,414,98,316
S01011528,495,216,279
S01011529,552,306,246
S01011530,627,254,373
S01011531,791,181,610
S01011532,463,33,430
S01011533,315,150,165
S01011534,341,108,233
S01011535,467,274,193
S01011536,269,22,247
S01011537,395,84,311
S01011538,302,35,267
S01011539,442,189,253
S01011540,787,165,622
S01011541,419,190,229
S01011542,434,152,282
S01011543,370,173,197
S01011544,335,153,182
S01011545,359,133,226
S01011546,236,10,226
S01011547,181,14,167
S01011548,359,113,246
S01011549,366,62,304
S01011550,380,23,357
S01011551,373,92,281
S01011552,393,85,308
S01011553,418,44,374
S01011554,746,149,597
S01011555,320,136,184
S01011556,318,126,192
S01011557,396,145,251
S01011558,369,132,237
S01011559,290,116,174
S01011560,432,176,256
S01011561,302,130,172
S01011562,418,200,218
S01011563,484,239,245
S01011564,410,130,280
S01011565,425,143,282
S01011566,374,159,215
S01011567,371,143,228
S01011568,320,82,238
S01011569,371,142,229
S01011570,421,170,251
S01011571,510,284,226
S01011572,511,253,258
S01011573,474,148,326
S01011574,406,109,297
S01011575,340,118,222
S01011576,420,244,176
S01011577,281,102,179
S01011578,853,258,595
S01011579,355,37,318
S01011580,618,284,334
S01011581,476,241,235
S01011582,930,170,760
S01011583,485,229,256
S01011584,385,128,257
S01011585,553,236,317
S01011586,297,126,171
S01011587,297,122,175
S01011588,363,124,239
S01011589,413,122,291
S01011590,776,158,618
S01011591,393,165,228
S01011592,727,208,519
S01011593,325,107,218
S01011594,303,106,197
S01011595,427,113,314
S01011596,615,205,410
S01011597,354,111,243
S01011598,638,458,180
S01011599,434,167,267
S01011600,392,172,220
S01011601,316,37,279
S01011602,318,141,177
S01011603,528,258,270
S01011604,293,131,162
S01011605,376,147,229
S01011606,342,18,324
S01011607,477,20,457
S01011608,441,43,398
S01011609,479,278,201
S01011610,412,202,210
S01011611,428,50,378
S01011612,99,23,76
S01011613,374,22,352
S01011614,230,49,181
S01011615,507,99,408
S01011616,247,104,143
S01011617,453,159,294
S01011618,337,117,220
S01011619,355,37,318
S01011620,344,21,323
S01011621,336,61,275
S01011622,65,8,57
S01011623,743,143,600
S01011624,400,96,304
S01011625,240,70,170
S01011626,385,32,353
S01011627,260,19,241
S01011628,479,43,436
S01011629,313,92,221
S01011630,298,93,205
S01011631,330,150,180
S01011632,413,152,261
S01011633,474,181,293
S01011634,330,93,237
S01011635,348,108,240
S01011636,341,152,189
S01011637,324,113,211
S01011638,390,168,222
S01011639,299,128,171
S01011640,416,157,259
S01011641,375,38,337
S01011642,382,91,291
S01011643,413,147,266
S01011644,405,121,284
S01011645,289,66,223
S01011646,330,23,307
S01011647,390,28,362
S01011648,188,87,101
S01011649,374,101,273
S01011650,673,137,536
S01011651,446,126,320
S01011652,311,64,247
S01011653,434,162,272
S01011654,564,272,292
S01011655,471,235,236
S01011656,327,176,151
S01011657,330,187,143
S01011658,399,135,264
S01011659,430,157,273
S01011660,469,93,376
S01011661,502,170,332
S01011662,455,24,431
S01011663,492,232,260
S01011664,408,162,246
S01011665,557,258,299
S01011666,532,279,253
S01011667,484,187,297
S01011668,678,274,404
S01011669,392,105,287
S01011670,362,113,249
S01011671,353,96,257
S01011672,350,131,219
S01011673,391,139,252
S01011674,672,151,521
S01011675,599,163,436
S01011676,350,157,193
S01011677,62,21,41
S01011678,222,102,120
S01011679,543,108,435
S01011680,531,157,374
S01011681,345,89,256
S01011682,633,60,573
S01011683,500,95,405
S01011684,335,62,273
S01011685,320,48,272
S01011686,385,38,347
S01011687,418,133,285
S01011688,440,65,375
S01011689,351,43,308
S01011690,633,79,554
S01011691,175,34,141
S01011692,525,187,338
S01011693,702,102,600
S01011694,263,28,235
S01011695,1226,98,1128
S01011696,292,18,274
S01011697,421,68,353
S01011698,271,76,195
S01011699,387,71,316
S01011700,400,103,297
S01011701,532,74,458
S01011702,427,71,356
S01011703,373,34,339
S01011704,571,47,524
S01011705,661,89,572
S01011706,450,131,319
S01011707,283,24,259
S01011708,519,161,358
S01011709,443,107,336
S01011710,295,104,191
S01011711,532,256,276
S01011712,294,101,193
S01011713,516,131,385
S01011714,469,43,426
S01011715,506,171,335
S01011716,389,42,347
S01011717,315,31,284
S01011718,360,25,335
S01011719,658,22,636
S01011720,256,15,241
S01011721,333,79,254
S01011722,572,191,381
S01011723,782,110,672
S01011724,261,25,236
S01011725,219,9,210
S01011726,208,14,194
S01011727,496,27,469
S01011728,393,114,279
S01011729,505,210,295
S01011730,431,79,352
S01011731,443,114,329
S01011732,360,43,317
S01011733,352,102,250
S01011734,393,119,274
S01011735,288,26,262
S01011736,467,135,332
S01011737,369,136,233
S01011738,495,198,297
S01011739,296,96,200
S01011740,327,167,160
S01011741,477,250,227
S01011742,382,135,247
S01011743,379,126,253
S01011744,462,214,248
S01011745,542,268,274
S01011746,386,223,163
S01011747,453,240,213
S01011748,464,226,238
S01011749,423,216,207
S01011750,398,149,249
S01011751,614,373,241
S01011752,544,233,311
S01011753,366,105,261
S01011754,419,145,274
S01011755,456,174,282
S01011756,513,208,305
S01011757,434,199,235
S01011758,252,71,181
S01011759,371,119,252
S01011760,411,152,259
S01011761,326,112,214
S01011762,441,214,227
S01011763,350,105,245
S01011764,136,16,120
S01011765,452,49,403
S01011766,287,27,260
S01011767,574,178,396
S01011768,433,150,283
S01011769,424,207,217
S01011770,451,193,258
S01011771,238,8,230
S01011772,390,20,370
S01011773,200,9,191
S01011774,354,55,299
S01011775,296,6,290
S01011776,362,7,355
S01011777,264,22,242
S01011778,261,51,210
S01011779,324,36,288
S01011780,315,10,305
S01011781,356,44,312
S01011782,334,26,308
S01011783,213,13,200
S01011784,349,108,241
S01011785,459,152,307
S01011786,65,2,63
S01011787,531,245,286
S01011788,382,9,373
S01011789,1067,59,1008
S01011790,521,123,398
S01011791,391,143,248
S01011792,515,242,273
S01011793,368,101,267
S01011794,472,174,298
S01011795,462,140,322
S01011796,435,210,225
S01011797,418,24,394
S01011798,242,97,145
S01011799,379,50,329
S01011800,281,70,211
S01011801,287,117,170
S01011802,361,147,214
S01011803,348,59,289
S01011804,505,145,360
S01011805,461,120,341
S01011806,578,92,486
S01011807,444,28,416
S01011808,432,50,382
S01011809,302,18,284
S01011810,545,35,510
S01011811,478,30,448
S01011812,486,41,445
S01011813,382,27,355
S01011814,297,18,279
S01011815,313,31,282
S01011816,285,23,262
S01011817,294,25,269
S01011818,699,112,587
S01011819,622,176,446
S01011820,434,113,321
S01011821,321,100,221
S01011822,510,222,288
S01011823,290,79,211
S01011824,436,120,316
S01011825,275,79,196
S01011826,356,90,266
S01011827,329,66,263
S01011828,411,55,356
S01011829,250,32,218
S01011830,392,61,331
S01011831,510,70,440
S01011832,405,48,357
S01011833,360,12,348
S01011834,307,20,287
S01011835,278,8,270
S01011836,479,21,458
S01011837,362,12,350
S01011838,487,24,463
S01011839,487,43,444
S01011840,513,52,461
S01011841,721,171,550
S01011842,615,157,458
S01011843,495,23,472
S01011844,421,38,383
S01011845,382,62,320
S01011846,385,51,334
S01011847,178,9,169
S01011848,352,19,333
S01011849,352,50,302
S01011850,483,39,444
S01011851,368,46,322
S01011852,460,134,326
S01011853,405,61,344
S01011854,473,60,413
S01011855,527,117,410
S01011856,304,16,288
S01011857,583,91,492
S01011858,503,45,458
S01011859,559,113,446
S01011860,319,20,299
S01011861,389,42,347
S01011862,454,41,413
S01011863,412,73,339
S01011864,344,25,319
S01011865,314,74,240
S01011866,538,85,453
S01011867,599,203,396
S01011868,475,133,342
S01011869,542,191,351
S01011870,380,78,302
S01011871,474,32,442
S01011872,436,24,412
S01011873,339,22,317
S01011874,357,46,311
S01011875,506,92,414
S01011876,447,40,407
S01011877,361,38,323
S01011878,529,58,471
S01011879,314,24,290
S01011880,488,28,460
S01011881,388,62,326
S01011882,450,84,366
S01011883,625,59,566
S01011884,311,10,301
S01011885,303,26,277
S01011886,545,42,503
S01011887,290,66,224
S01011888,593,204,389
S01011889,474,119,355
S01011890,418,82,336
S01011891,378,179,199
S01011892,616,157,459
S01011893,585,182,403
S01011894,437,80,357
S01011895,536,75,461
S01011896,478,126,352
S01011897,480,68,412
S01011898,398,32,366
S01011899,441,46,395
S01011900,293,19,274
S01011901,491,41,450
S01011902,507,65,442
S01011903,406,47,359
S01011904,368,33,335
S01011905,339,23,316
S01011906,161,12,149
S01011907,378,43,335
S01011908,233,28,205
S01011909,342,39,303
S01011910,587,254,333
S01011911,324,124,200
S01011912,383,173,210
S01011913,414,176,238
S01011914,410,197,213
S01011915,376,134,242
S01011916,367,149,218
S01011917,281,113,168
S01011918,414,202,212
S01011919,496,197,299
S01011920,325,135,190
S01011921,285,118,167
S01011922,403,163,240
S01011923,451,183,268
S01011924,424,142,282
S01011925,337,48,289
S01011926,376,145,231
S01011927,285,121,164
S01011928,379,128,251
S01011929,319,130,189
S01011930,333,133,200
S01011931,278,120,158
S01011932,142,60,82
S01011933,830,326,504
S01011934,443,133,310
S01011935,567,288,279
S01011936,380,167,213
S01011937,408,189,219
S01011938,282,116,166
S01011939,600,346,254
S01011940,575,378,197
S01011941,687,430,257
S01011942,625,426,199
S01011943,914,595,319
S01011944,218,22,196
S01011945,575,44,531
S01011946,465,181,284
S01011947,260,43,217
S01011948,527,162,365
S01011949,445,52,393
S01011950,431,97,334
S01011951,377,73,304
S01011952,385,30,355
S01011953,405,61,344
S01011954,283,87,196
S01011955,529,120,409
S01011956,424,35,389
S01011957,398,48,350
S01011958,858,62,796
S01011959,365,25,340
S01011960,476,34,442
S01011961,502,40,462
S01011962,413,16,397
S01011963,342,60,282
S01011964,493,56,437
S01011965,458,75,383
S01011966,351,34,317
S01011967,420,33,387
S01011968,664,130,534
S01011969,733,131,602
S01011970,800,183,617
S01011971,280,24,256
S01011972,786,68,718
S01011973,272,23,249
S01011974,358,23,335
S01011975,199,20,179
S01011976,452,87,365
S01011977,567,98,469
S01011978,589,161,428
S01011979,501,40,461
S01011980,230,23,207
S01011981,488,32,456
S01011982,619,36,583
S01011983,542,67,475
S01011984,315,129,186
S01011985,293,38,255
S01011986,461,138,323
S01011987,500,113,387
S01011988,326,46,280
S01011989,379,55,324
S01011990,364,53,311
S01011991,421,100,321
S01011992,535,121,414
S01011993,541,207,334
S01011994,358,14,344
S01011995,399,23,376
S01011996,333,68,265
S01011997,561,111,450
S01011998,389,19,370
S01011999,291,23,268
S01012000,244,11,233
S01012001,403,62,341
S01012002,334,49,285
S01012003,381,44,337
S01012004,727,84,643
S01012005,593,39,554
S01012006,340,33,307
S01012007,450,80,370
S01012008,632,117,515
S01012009,300,35,265
S01012010,657,108,549
S01012011,692,175,517
S01012012,320,64,256
S01012013,357,38,319
S01012014,833,184,649
S01012015,604,118,486
S01012016,360,39,321
S01012017,252,11,241
S01012018,374,36,338
S01012019,394,59,335
S01012020,489,133,356
S01012021,340,48,292
S01012022,471,106,365
S01012023,283,18,265
S01012024,484,62,422
S01012025,288,54,234
S01012026,348,69,279
S01012027,720,80,640
S01012028,440,35,405
S01012029,526,94,432
S01012030,512,40,472
S01012031,231,8,223
S01012032,142,13,129
S01012033,435,118,317
S01012034,447,99,348
S01012035,532,96,436
S01012036,536,83,453
S01012037,546,243,303
S01012038,519,298,221
S01012039,453,156,297
S01012040,255,61,194
S01012041,528,176,352
S01012042,489,173,316
S01012043,380,175,205
S01012044,519,277,242
S01012045,659,306,353
S01012046,445,226,219
S01012047,611,326,285
S01012048,433,218,215
S01012049,391,140,251
S01012050,478,96,382
S01012051,255,99,156
S01012052,497,204,293
S01012053,491,228,263
S01012054,596,331,265
S01012055,493,237,256
S01012056,394,117,277
S01012057,316,34,282
S01012058,416,103,313
S01012059,467,188,279
S01012060,466,205,261
S01012061,643,106,537
S01012062,420,71,349
S01012063,297,45,252
S01012064,366,218,148
S01012065,289,203,86
S01012066,382,169,213
S01012067,319,199,120
S01012068,385,210,175
S01012069,375,252,123
S01012070,603,424,179
S01012071,785,562,223
S01012072,740,419,321
S01012073,335,83,252
S01012074,297,56,241
S01012075,445,113,332
S01012076,501,191,310
S01012077,511,236,275
S01012078,367,98,269
S01012079,627,308,319
S01012080,487,236,251
S01012081,387,222,165
S01012082,495,260,235
S01012083,562,313,249
S01012084,274,49,225
S01012085,345,98,247
S01012086,448,212,236
S01012087,394,135,259
S01012088,256,57,199
S01012089,357,27,330
S01012090,433,28,405
S01012091,367,92,275
S01012092,269,31,238
S01012093,295,58,237
S01012094,355,30,325
S01012095,545,148,397
S01012096,388,158,230
S01012097,279,105,174
S01012098,431,180,251
S01012099,425,194,231
S01012100,722,227,495
S01012101,371,52,319
S01012102,424,205,219
S01012103,482,146,336
S01012104,345,35,310
S01012105,671,123,548
S01012106,575,109,466
S01012107,279,51,228
S01012108,697,429,268
S01012109,744,438,306
S01012110,541,271,270
S01012111,673,340,333
S01012112,579,227,352
S01012113,568,183,385
S01012114,567,86,481
S01012115,362,111,251
S01012116,320,112,208
S01012117,260,22,238
S01012118,393,40,353
S01012119,349,31,318
S01012120,256,104,152
S01012121,404,185,219
S01012122,365,117,248
S01012123,314,111,203
S01012124,353,124,229
S01012125,664,408,256
S01012126,477,134,343
S01012127,760,380,380
S01012128,431,240,191
S01012129,602,303,299
S01012130,770,449,321
S01012131,904,570,334
S01012132,547,378,169
S01012133,558,262,296
S01012134,738,303,435
S01012135,732,469,263
S01012136,573,353,220
S01012137,575,330,245
S01012138,550,183,367
S01012139,574,218,356
S01012140,377,79,298
S01012141,511,81,430
S01012142,395,63,332
S01012143,554,81,473
S01012144,449,80,369
S01012145,436,45,391
S01012146,651,342,309
S01012147,537,266,271
S01012148,364,211,153
S01012149,380,124,256
S01012150,359,181,178
S01012151,523,287,236
S01012152,479,275,204
S01012153,453,264,189
S01012154,502,322,180
S01012155,551,306,245
S01012156,691,338,353
S01012157,547,223,324
S01012158,760,241,519
S01012159,229,38,191
S01012160,409,89,320
S01012161,240,134,106
S01012162,428,189,239
S01012163,421,151,270
S01012164,488,60,428
S01012165,452,249,203
S01012166,394,196,198
S01012167,388,179,209
S01012168,477,119,358
S01012169,429,158,271
S01012170,670,271,399
S01012171,576,259,317
S01012172,460,212,248
S01012173,334,58,276
S01012174,429,93,336
S01012175,467,63,404
S01012176,577,83,494
S01012177,335,43,292
S01012178,400,58,342
S01012179,379,165,214
S01012180,339,111,228
S01012181,669,314,355
S01012182,644,161,483
S01012183,1105,288,817
S01012184,451,94,357
S01012185,553,309,244
S01012186,430,190,240
S01012187,471,238,233
S01012188,298,63,235
S01012189,348,70,278
S01012190,311,33,278
S01012191,411,38,373
S01012192,174,14,160
S01012193,249,19,230
S01012194,273,8,265
S01012195,360,62,298
S01012196,211,26,185
S01012197,473,137,336
S01012198,499,141,358
S01012199,375,95,280
S01012200,278,83,195
S01012201,460,114,346
S01012202,241,53,188
S01012203,386,24,362
S01012204,270,9,261
S01012205,358,16,342
S01012206,363,51,312
S01012207,521,160,361
S01012208,599,186,413
S01012209,459,139,320
S01012210,385,154,231
S01012211,503,107,396
S01012212,461,46,415
S01012213,426,33,393
S01012214,338,38,300
S01012215,385,30,355
S01012216,511,39,472
S01012217,267,131,136
S01012218,292,164,128
S01012219,446,222,224
S01012220,531,273,258
S01012221,379,168,211
S01012222,614,261,353
S01012223,399,195,204
S01012224,461,175,286
S01012225,551,212,339
S01012226,320,78,242
S01012227,356,90,266
S01012228,291,55,236
S01012229,385,37,348
S01012230,454,22,432
S01012231,289,11,278
S01012232,433,24,409
S01012233,341,17,324
S01012234,563,44,519
S01012235,362,28,334
S01012236,380,66,314
S01012237,350,20,330
S01012238,309,100,209
S01012239,274,104,170
S01012240,391,87,304
S01012241,301,24,277
S01012242,338,13,325
S01012243,364,27,337
S01012244,403,15,388
S01012245,564,81,483
S01012246,401,21,380
S01012247,303,16,287
S01012248,383,19,364
S01012249,429,27,402
S01012250,367,18,349
S01012251,539,174,365
S01012252,537,143,394
S01012253,563,211,352
S01012254,432,102,330
S01012255,475,130,345
S01012256,556,43,513
S01012257,515,105,410
S01012258,730,53,677
S01012259,388,33,355
S01012260,632,111,521
S01012261,512,32,480
S01012262,786,57,729
S01012263,403,103,300
S01012264,222,46,176
S01012265,525,122,403
S01012266,620,127,493
S01012267,479,59,420
S01012268,657,49,608
S01012269,461,90,371
S01012270,395,60,335
S01012271,624,37,587
S01012272,381,48,333
S01012273,424,29,395
S01012274,566,116,450
S01012275,450,194,256
S01012276,767,219,548
S01012277,639,140,499
S01012278,713,332,381
S01012279,628,224,404
S01012280,488,126,362
S01012281,490,175,315
S01012282,521,105,416
S01012283,437,88,349
S01012284,436,189,247
S01012285,308,82,226
S01012286,590,164,426
S01012287,599,283,316
S01012288,550,239,311
S01012289,580,66,514
S01012290,328,87,241
S01012291,371,38,333
S01012292,630,110,520
S01012293,442,54,388
S01012294,447,73,374
S01012295,280,37,243
S01012296,462,30,432
S01012297,447,16,431
S01012298,591,67,524
S01012299,257,11,246
S01012300,558,72,486
S01012301,441,22,419
S01012302,321,17,304
S01012303,410,12,398
S01012304,522,39,483
S01012305,431,80,351
S01012306,440,116,324
S01012307,451,110,341
S01012308,408,42,366
S01012309,440,42,398
S01012310,702,67,635
S01012311,415,58,357
S01012312,439,36,403
S01012313,384,35,349
S01012314,414,112,302
S01012315,447,163,284
S01012316,353,127,226
S01012317,222,61,161
S01012318,329,88,241
S01012319,485,22,463
S01012320,349,61,288
S01012321,551,84,467
S01012322,551,38,513
S01012323,632,42,590
S01012324,469,30,439
S01012325,437,58,379
S01012326,496,132,364
S01012327,433,69,364
S01012328,408,47,361
S01012329,446,31,415
S01012330,321,32,289
S01012331,537,39,498
S01012332,537,36,501
S01012333,613,30,583
S01012334,411,67,344
S01012335,786,77,709
S01012336,451,151,300
S01012337,520,183,337
S01012338,480,142,338
S01012339,561,161,400
S01012340,523,101,422
S01012341,404,13,391
S01012342,437,36,401
S01012343,498,14,484
S01012344,541,91,450
S01012345,357,48,309
S01012346,575,31,544
S01012347,327,62,265
S01012348,531,61,470
S01012349,503,109,394
S01012350,535,137,398
S01012351,464,127,337
S01012352,552,97,455
S01012353,488,168,320
S01012354,518,97,421
S01012355,468,31,437
S01012356,532,36,496
S01012357,427,27,400
S01012358,376,18,358
S01012359,422,160,262
S01012360,324,127,197
S01012361,371,142,229
S01012362,477,158,319
S01012363,709,302,407
S01012364,487,194,293
S01012365,573,115,458
S01012366,609,241,368
S01012367,492,90,402
S01012368,367,38,329
S01012369,506,125,381
S01012370,708,210,498
S01012371,619,262,357
S01012372,663,275,388
S01012373,608,163,445
S01012374,402,86,316
S01012375,595,187,408
S01012376,407,16,391
S01012377,324,23,301
S01012378,299,13,286
S01012379,263,12,251
S01012380,687,144,543
S01012381,560,194,366
S01012382,489,73,416
S01012383,540,122,418
S01012384,307,77,230
S01012385,370,60,310
S01012386,521,154,367
S01012387,407,67,340
S01012388,306,32,274
S01012389,388,46,342
S01012390,307,40,267
S01012391,593,63,530
S01012392,353,63,290
S01012393,558,109,449
S01012394,426,147,279
S01012395,379,105,274
S01012396,428,162,266
S01012397,418,112,306
S01012398,532,205,327
S01012399,393,138,255
S01012400,441,154,287
S01012401,469,156,313
S01012402,184,13,171
S01012403,437,41,396
S01012404,589,131,458
S01012405,274,10,264
S01012406,303,26,277
S01012407,432,46,386
S01012408,336,32,304
S01012409,483,62,421
S01012410,543,62,481
S01012411,593,93,500
S01012412,281,37,244
S01012413,450,72,378
S01012414,341,77,264
S01012415,278,24,254
S01012416,216,24,192
S01012417,299,52,247
S01012418,343,34,309
S01012419,438,43,395
S01012420,469,117,352
S01012421,471,65,406
S01012422,579,82,497
S01012423,443,70,373
S01012424,414,126,288
S01012425,307,147,160
S01012426,286,130,156
S01012427,336,129,207
S01012428,368,83,285
S01012429,286,87,199
S01012430,491,138,353
S01012431,505,147,358
S01012432,395,104,291
S01012433,422,158,264
S01012434,394,132,262
S01012435,446,173,273
S01012436,410,131,279
S01012437,362,95,267
S01012438,429,97,332
S01012439,414,120,294
S01012440,378,46,332
S01012441,419,42,377
S01012442,423,34,389
S01012443,313,36,277
S01012444,538,38,500
S01012445,39,3,36
S01012446,321,61,260
S01012447,404,29,375
S01012448,361,30,331
S01012449,302,41,261
S01012450,368,25,343
S01012451,397,32,365
S01012452,365,43,322
S01012453,413,32,381
S01012454,462,36,426
S01012455,246,12,234
S01012456,385,13,372
S01012457,561,28,533
S01012458,358,14,344
S01012459,336,31,305
S01012460,331,33,298
S01012461,276,84,192
S01012462,449,206,243
S01012463,329,118,211
S01012464,255,94,161
S01012465,312,93,219
S01012466,453,94,359
S01012467,574,155,419
S01012468,359,81,278
S01012469,466,65,401
S01012470,492,168,324
S01012471,352,22,330
S01012472,359,27,332
S01012473,276,19,257
S01012474,430,142,288
S01012475,344,61,283
S01012476,495,128,367
S01012477,337,35,302
S01012478,368,113,255
S01012479,393,43,350
S01012480,460,148,312
S01012481,419,162,257
S01012482,466,182,284
S01012483,570,342,228
S01012484,515,80,435
S01012485,610,97,513
S01012486,352,49,303
S01012487,306,98,208
S01012488,483,188,295
S01012489,656,389,267
S01012490,731,422,309
S01012491,389,264,125
S01012492,623,437,186
S01012493,478,258,220
S01012494,642,221,421
S01012495,539,225,314
S01012496,314,113,201
S01012497,310,164,146
S01012498,385,187,198
S01012499,501,132,369
S01012500,263,124,139
S01012501,401,200,201
S01012502,471,252,219
S01012503,308,151,157
S01012504,323,137,186
S01012505,547,241,306
S01012506,241,67,174
S01012507,482,177,305
S01012508,446,154,292
S01012509,256,66,190
S01012510,457,72,385
S01012511,388,109,279
S01012512,403,143,260
S01012513,234,27,207
S01012514,335,12,323
S01012515,404,175,229
S01012516,301,75,226
S01012517,482,130,352
S01012518,452,114,338
S01012519,416,134,282
S01012520,345,60,285
S01012521,383,102,281
S01012522,396,42,354
S01012523,488,100,388
S01012524,520,138,382
S01012525,473,95,378
S01012526,421,59,362
S01012527,285,54,231
S01012528,337,91,246
S01012529,403,102,301
S01012530,499,99,400
S01012531,500,81,419
S01012532,481,65,416
S01012533,456,109,347
S01012534,440,143,297
S01012535,408,110,298
S01012536,341,82,259
S01012537,477,173,304
S01012538,527,131,396
S01012539,356,77,279
S01012540,440,131,309
S01012541,495,95,400
S01012542,512,62,450
S01012543,276,25,251
S01012544,388,60,328
S01012545,270,84,186
S01012546,384,69,315
S01012547,312,42,270
S01012548,465,48,417
S01012549,372,123,249
S01012550,416,89,327
S01012551,436,27,409
S01012552,386,38,348
S01012553,360,42,318
S01012554,341,25,316
S01012555,211,15,196
S01012556,221,10,211
S01012557,322,30,292
S01012558,344,117,227
S01012559,600,246,354
S01012560,527,167,360
S01012561,578,178,400
S01012562,701,306,395
S01012563,331,17,314
S01012564,397,60,337
S01012565,491,110,381
S01012566,485,191,294
S01012567,621,208,413
S01012568,457,53,404
S01012569,354,26,328
S01012570,314,29,285
S01012571,362,52,310
S01012572,244,25,219
S01012573,325,12,313
S01012574,536,33,503
S01012575,346,29,317
S01012576,527,60,467
S01012577,437,57,380
S01012578,682,139,543
S01012579,330,37,293
S01012580,325,20,305
S01012581,486,126,360
S01012582,417,42,375
S01012583,326,80,246
S01012584,331,57,274
S01012585,708,155,553
S01012586,313,23,290
S01012587,387,22,365
S01012588,310,17,293
S01012589,337,70,267
S01012590,503,147,356
S01012591,556,165,391
S01012592,266,12,254
S01012593,473,28,445
S01012594,293,53,240
S01012595,370,75,295
S01012596,347,94,253
S01012597,170,54,116
S01012598,332,32,300
S01012599,356,68,288
S01012600,308,39,269
S01012601,357,30,327
S01012602,388,151,237
S01012603,337,112,225
S01012604,369,83,286
S01012605,388,69,319
S01012606,106,0,106
S01012607,312,48,264
S01012608,458,130,328
S01012609,439,144,295
S01012610,561,181,380
S01012611,382,53,329
S01012612,478,83,395
S01012613,517,117,400
S01012614,494,95,399
S01012615,441,53,388
S01012616,419,59,360
S01012617,294,8,286
S01012618,266,36,230
S01012619,382,140,242
S01012620,425,51,374
S01012621,421,75,346
S01012622,390,101,289
S01012623,417,144,273
S01012624,359,118,241
S01012625,343,102,241
S01012626,347,34,313
S01012627,283,65,218
S01012628,545,50,495
S01012629,144,26,118
S01012630,508,214,294
S01012631,497,200,297
S01012632,304,10,294
S01012633,458,78,380
S01012634,596,93,503
S01012635,791,84,707
S01012636,599,46,553
S01012637,471,157,314
S01012638,479,149,330
S01012639,672,229,443
S01012640,610,152,458
S01012641,484,154,330
S01012642,750,247,503
S01012643,238,69,169
S01012644,345,117,228
S01012645,598,133,465
S01012646,535,56,479
S01012647,438,22,416
S01012648,293,90,203
S01012649,363,85,278
S01012650,342,40,302
S01012651,380,141,239
S01012652,431,36,395
S01012653,405,117,288
S01012654,401,58,343
S01012655,567,132,435
S01012656,465,149,316
S01012657,406,95,311
S01012658,424,68,356
S01012659,298,20,278
S01012660,338,129,209
S01012661,415,86,329
S01012662,438,147,291
S01012663,422,77,345
S01012664,520,143,377
S01012665,397,157,240
S01012666,377,146,231
S01012667,324,141,183
S01012668,506,193,313
S01012669,417,38,379
S01012670,295,41,254
S01012671,562,139,423
S01012672,403,176,227
S01012673,394,148,246
S01012674,320,160,160
S01012675,476,190,286
S01012676,387,63,324
S01012677,256,82,174
S01012678,268,21,247
S01012679,372,106,266
S01012680,210,23,187
S01012681,370,58,312
S01012682,365,74,291
S01012683,405,102,303
S01012684,177,27,150
S01012685,488,103,385
S01012686,568,100,468
S01012687,561,33,528
S01012688,483,120,363
S01012689,226,15,211
S01012690,202,16,186
S01012691,402,25,377
S01012692,443,100,343
S01012693,321,10,311
S01012694,261,58,203
S01012695,306,18,288
S01012696,272,7,265
S01012697,197,9,188
S01012698,427,41,386
S01012699,429,68,361
S01012700,341,28,313
S01012701,501,49,452
S01012702,292,46,246
S01012703,270,63,207
S01012704,329,125,204
S01012705,257,13,244
S01012706,421,139,282
S01012707,322,9,313
S01012708,431,191,240
S01012709,310,121,189
S01012710,474,201,273
S01012711,611,273,338
S01012712,358,49,309
S01012713,510,135,375
S01012714,285,34,251
S01012715,539,234,305
S01012716,472,62,410
S01012717,685,298,387
S01012718,489,131,358
S01012719,666,216,450
S01012720,546,185,361
S01012721,312,91,221
S01012722,605,294,311
S01012723,434,220,214
S01012724,412,131,281
S01012725,607,209,398
S01012726,411,122,289
S01012727,396,176,220
S01012728,448,247,201
S01012729,392,85,307
S01012730,266,119,147
S01012731,335,106,229
S01012732,332,97,235
S01012733,1203,37,1166
S01012734,44,23,21
S01012735,251,93,158
S01012736,501,106,395
S01012737,517,99,418
S01012738,255,90,165
S01012739,50,2,48
S01012740,40,17,23
S01012741,272,36,236
S01012742,359,32,327
S01012743,416,32,384
S01012744,277,11,266
S01012745,406,97,309
S01012746,465,72,393
S01012747,481,110,371
S01012748,369,208,161
S01012749,387,183,204
S01012750,336,158,178
S01012751,651,288,363
S01012752,375,138,237
S01012753,235,120,115
S01012754,417,182,235
S01012755,327,166,161
S01012756,759,160,599
S01012757,236,103,133
S01012758,321,116,205
S01012759,383,172,211
S01012760,424,193,231
S01012761,478,191,287
S01012762,347,107,240
S01012763,287,115,172
S01012764,424,163,261
S01012765,267,103,164
S01012766,318,148,170
S01012767,328,45,283
S01012768,344,26,318
S01012769,361,27,334
S01012770,408,143,265
S01012771,406,159,247
S01012772,480,181,299
S01012773,568,198,370
S01012774,408,135,273
S01012775,326,124,202
S01012776,383,159,224
S01012777,481,118,363
S01012778,488,164,324
S01012779,425,168,257
S01012780,443,205,238
S01012781,300,62,238
S01012782,408,227,181
S01012783,445,202,243
S01012784,533,230,303
S01012785,388,231,157
S01012786,685,403,282
S01012787,271,136,135
S01012788,409,132,277
S01012789,462,140,322
S01012790,405,54,351
S01012791,379,80,299
S01012792,551,214,337
S01012793,495,261,234
S01012794,259,64,195
S01012795,523,232,291
S01012796,389,135,254
S01012797,299,83,216
S01012798,546,108,438
S01012799,548,105,443
S01012800,487,66,421
S01012801,303,72,231
S01012802,259,5,254
S01012803,315,19,296
S01012804,396,149,247
S01012805,440,112,328
S01012806,378,94,284
S01012807,492,22,470
S01012808,475,110,365
S01012809,483,153,330
S01012810,481,221,260
S01012811,379,105,274
S01012812,402,91,311
S01012813,416,27,389
S01012814,365,33,332
S01012815,510,59,451
S01012816,369,96,273
S01012817,164,12,152
S01012818,325,29,296
S01012819,523,249,274
S01012820,892,74,818
S01012821,626,76,550
S01012822,438,228,210
S01012823,255,24,231
S01012824,551,116,435
S01012825,632,236,396
S01012826,637,186,451
S01012827,574,145,429
S01012828,833,64,769
S01012829,362,144,218
S01012830,313,114,199
S01012831,383,161,222
S01012832,215,71,144
S01012833,449,207,242
S01012834,353,133,220
S01012835,447,143,304
S01012836,203,38,165
S01012837,557,336,221
S01012838,534,363,171
S01012839,300,44,256
S01012840,367,21,346
S01012841,303,32,271
S01012842,446,112,334
S01012843,426,54,372
S01012844,335,14,321
S01012845,421,121,300
S01012846,598,320,278
S01012847,338,105,233
S01012848,349,52,297
S01012849,543,182,361
S01012850,443,178,265
S01012851,469,149,320
S01012852,438,61,377
S01012853,451,139,312
S01012854,519,93,426
S01012855,570,212,358
S01012856,529,241,288
S01012857,751,395,356
S01012858,533,305,228
S01012859,611,239,372
S01012860,382,120,262
S01012861,322,100,222
S01012862,513,326,187
S01012863,490,345,145
S01012864,469,287,182
S01012865,564,222,342
S01012866,470,215,255
S01012867,449,281,168
S01012868,462,278,184
S01012869,257,178,79
S01012870,450,150,300
S01012871,431,116,315
S01012872,378,122,256
S01012873,410,126,284
S01012874,426,203,223
S01012875,317,140,177
S01012876,429,217,212
S01012877,331,145,186
S01012878,373,38,335
S01012879,495,114,381
S01012880,435,83,352
S01012881,654,147,507
S01012882,490,181,309
S01012883,557,331,226
S01012884,337,177,160
S01012885,434,210,224
S01012886,392,54,338
S01012887,352,56,296
S01012888,393,70,323
S01012889,473,93,380
S01012890,340,134,206
S01012891,339,122,217
S01012892,610,343,267
S01012893,520,340,180
S01012894,350,66,284
S01012895,259,32,227
S01012896,574,224,350
S01012897,626,60,566
S01012898,374,30,344
S01012899,389,169,220
S01012900,445,70,375
S01012901,844,158,686
S01012902,483,152,331
S01012903,490,165,325
S01012904,480,158,322
S01012905,411,146,265
S01012906,583,182,401
S01012907,552,224,328
S01012908,551,240,311
S01012909,472,196,276
S01012910,662,277,385
S01012911,384,105,279
S01012912,649,257,392
S01012913,470,178,292
S01012914,506,161,345
S01012915,447,112,335
S01012916,442,117,325
S01012917,270,34,236
S01012918,421,130,291
S01012919,229,89,140
S01012920,258,20,238
S01012921,338,122,216
S01012922,437,113,324
S01012923,456,84,372
S01012924,269,72,197
S01012925,240,31,209
S01012926,333,85,248
S01012927,339,85,254
S01012928,463,109,354
S01012929,408,100,308
S01012930,544,236,308
S01012931,574,194,380
S01012932,251,48,203
S01012933,396,131,265
S01012934,408,146,262
S01012935,645,187,458
S01012936,459,153,306
S01012937,394,118,276
S01012938,360,59,301
S01012939,268,12,256
S01012940,327,33,294
S01012941,257,4,253
S01012942,404,138,266
S01012943,343,44,299
S01012944,295,18,277
S01012945,241,8,233
S01012946,338,20,318
S01012947,201,4,197
S01012948,397,20,377
S01012949,528,30,498
S01012950,629,29,600
S01012951,370,9,361
S01012952,541,13,528
S01012953,292,37,255
S01012954,173,12,161
S01012955,469,38,431
S01012956,458,182,276
S01012957,371,128,243
S01012958,206,32,174
S01012959,228,22,206
S01012960,276,49,227
S01012961,381,26,355
S01012962,345,16,329
S01012963,384,11,373
S01012964,541,62,479
S01012965,279,35,244
S01012966,350,41,309
S01012967,354,97,257
S01012968,338,85,253
S01012969,434,151,283
S01012970,351,78,273
S01012971,377,116,261
S01012972,400,134,266
S01012973,375,101,274
S01012974,529,185,344
S01012975,328,113,215
S01012976,289,91,198
S01012977,361,102,259
S01012978,398,134,264
S01012979,306,54,252
S01012980,384,129,255
S01012981,402,135,267
S01012982,383,123,260
S01012983,326,58,268
S01012984,359,109,250
S01012985,397,138,259
S01012986,541,250,291
S01012987,524,212,312
S01012988,563,230,333
S01012989,509,142,367
S01012990,567,269,298
S01012991,533,219,314
S01012992,515,218,297
S01012993,551,247,304
S01012994,520,230,290
S01012995,331,49,282
S01012996,343,73,270
S01012997,267,88,179
S01012998,499,135,364
S01012999,317,99,218
S01013000,551,187,364
S01013001,156,3,153
S01013002,296,12,284
S01013003,281,10,271
S01013004,384,30,354
S01013005,300,17,283
S01013006,362,20,342
S01013007,524,38,486
S01013008,489,45,444
S01013009,378,54,324
S01013010,276,20,256
S01013011,368,36,332
S01013012,491,73,418
S01013013,407,38,369
S01013014,361,52,309
S01013015,309,13,296
S01013016,403,26,377
S01013017,471,58,413
S01013018,467,27,440
S01013019,610,53,557
S01013020,432,98,334
S01013021,489,79,410
S01013022,183,34,149
S01013023,373,20,353
S01013024,274,34,240
S01013025,514,35,479
S01013026,408,125,283
S01013027,648,187,461
S01013028,367,26,341
S01013029,309,129,180
S01013030,465,110,355
S01013031,291,104,187
S01013032,255,38,217
S01013033,322,46,276
S01013034,337,90,247
S01013035,362,149,213
S01013036,341,86,255
S01013037,480,90,390
S01013038,534,135,399
S01013039,178,6,172
S01013040,324,94,230
S01013041,257,54,203
S01013042,366,77,289
S01013043,321,113,208
S01013044,489,142,347
S01013045,277,62,215
S01013046,290,75,215
S01013047,350,19,331
S01013048,585,98,487
S01013049,462,72,390
S01013050,405,101,304
S01013051,422,152,270
S01013052,391,137,254
S01013053,536,246,290
S01013054,447,110,337
S01013055,370,144,226
S01013056,594,226,368
S01013057,427,199,228
S01013058,200,21,179
S01013059,583,145,438
S01013060,303,63,240
S01013061,484,35,449
S01013062,512,93,419
S01013063,410,73,337
S01013064,519,141,378
S01013065,567,191,376
S01013066,394,134,260
S01013067,656,329,327
S01013068,765,343,422
S01013069,469,243,226
S01013070,466,270,196
S01013071,398,220,178
S01013072,393,132,261
S01013073,508,206,302
S01013074,692,352,340
S01013075,481,296,185
S01013076,245,46,199
S01013077,297,123,174
S01013078,351,150,201
S01013079,441,40,401
S01013080,491,101,390
S01013081,307,33,274
S01013082,589,76,513
S01013083,359,34,325
S01013084,428,46,382
S01013085,435,129,306
S01013086,517,128,389
S01013087,395,43,352
S01013088,388,21,367
S01013089,391,93,298
S01013090,643,207,436
S01013091,443,153,290
S01013092,673,234,439
S01013093,223,31,192
S01013094,285,9,276
S01013095,583,23,560
S01013096,248,63,185
S01013097,579,30,549
S01013098,28,9,19
S01013099,439,99,340
S01013100,440,58,382
S01013101,816,222,594
S01013102,330,57,273
S01013103,289,5,284
S01013104,443,32,411
S01013105,387,48,339
S01013106,433,71,362
S01013107,344,14,330
S01013108,292,39,253
S01013109,635,37,598
S01013110,245,22,223
S01013111,316,36,280
S01013112,348,43,305
S01013113,468,107,361
S01013114,609,119,490
S01013115,468,107,361
S01013116,423,46,377
S01013117,452,77,375
S01013118,413,40,373
S01013119,337,32,305
S01013120,525,63,462
S01013121,173,32,141
S01013122,491,258,233
S01013123,526,275,251
S01013124,558,231,327
S01013125,426,163,263
S01013126,453,249,204
S01013127,506,290,216
S01013128,684,360,324
S01013129,624,256,368
S01013130,488,267,221
S01013131,448,214,234
S01013132,385,199,186
S01013133,496,268,228
S01013134,376,136,240
S01013135,501,279,222
S01013136,508,226,282
S01013137,414,173,241
S01013138,449,273,176
S01013139,539,284,255
S01013140,486,242,244
S01013141,330,182,148
S01013142,607,379,228
S01013143,506,230,276
S01013144,427,149,278
S01013145,457,185,272
S01013146,242,103,139
S01013147,351,128,223
S01013148,526,162,364
S01013149,418,152,266
S01013150,403,132,271
S01013151,261,58,203
S01013152,601,189,412
S01013153,446,229,217
S01013154,631,281,350
S01013155,399,222,177
S01013156,452,232,220
S01013157,539,283,256
S01013158,290,18,272
S01013159,349,52,297
S01013160,353,13,340
S01013161,488,176,312
S01013162,570,229,341
S01013163,318,54,264
S01013164,574,238,336
S01013165,569,193,376
S01013166,462,302,160
S01013167,653,369,284
S01013168,477,239,238
S01013169,392,193,199
S01013170,565,238,327
S01013171,286,53,233
S01013172,362,101,261
S01013173,358,72,286
S01013174,432,44,388
S01013175,333,54,279
S01013176,524,172,352
S01013177,480,99,381
S01013178,346,77,269
S01013179,614,105,509
S01013180,170,22,148
S01013181,406,76,330
S01013182,409,160,249
S01013183,412,64,348
S01013184,279,162,117
S01013185,482,225,257
S01013186,323,147,176
S01013187,449,205,244
S01013188,391,82,309
S01013189,320,49,271
S01013190,406,147,259
S01013191,386,32,354
S01013192,465,122,343
S01013193,356,118,238
S01013194,660,232,428
S01013195,597,303,294
S01013196,412,116,296
S01013197,262,80,182
S01013198,415,170,245
S01013199,488,192,296
S01013200,465,212,253
S01013201,418,244,174
S01013202,235,110,125
S01013203,478,203,275
S01013204,431,59,372
S01013205,300,147,153
S01013206,418,197,221
S01013207,527,164,363
S01013208,371,172,199
S01013209,520,173,347
S01013210,355,77,278
S01013211,487,173,314
S01013212,287,13,274
S01013213,325,9,316
S01013214,159,9,150
S01013215,385,88,297
S01013216,340,140,200
S01013217,334,98,236
S01013218,310,123,187
S01013219,282,100,182
S01013220,389,158,231
S01013221,446,183,263
S01013222,370,200,170
S01013223,761,354,407
S01013224,503,165,338
S01013225,478,113,365
S01013226,338,44,294
S01013227,319,174,145
S01013228,463,176,287
S01013229,508,210,298
S01013230,450,162,288
S01013231,595,160,435
S01013232,373,125,248
S01013233,262,55,207
S01013234,248,17,231
S01013235,538,171,367
S01013236,431,60,371
S01013237,432,107,325
S01013238,536,268,268
S01013239,459,203,256
S01013240,368,166,202
S01013241,336,13,323
S01013242,254,17,237
S01013243,356,104,252
S01013244,551,215,336
S01013245,407,79,328
S01013246,184,45,139
S01013247,409,143,266
S01013248,335,138,197
S01013249,458,109,349
S01013250,527,47,480
S01013251,396,118,278
S01013252,471,97,374
S01013253,371,72,299
S01013254,409,131,278
S01013255,448,100,348
S01013256,433,85,348
S01013257,531,173,358
S01013258,429,82,347
S01013259,561,116,445
S01013260,386,136,250
S01013261,490,131,359
S01013262,350,78,272
S01013263,374,12,362
S01013264,94,0,94
S01013265,316,11,305
S01013266,134,5,129
S01013267,303,54,249
S01013268,511,140,371
S01013269,464,44,420
S01013270,285,5,280
S01013271,454,13,441
S01013272,419,15,404
S01013273,286,4,282
S01013274,404,48,356
S01013275,407,30,377
S01013276,367,51,316
S01013277,363,114,249
S01013278,415,140,275
S01013279,354,138,216
S01013280,331,88,243
S01013281,384,125,259
S01013282,346,145,201
S01013283,486,172,314
S01013284,301,41,260
S01013285,304,35,269
S01013286,331,41,290
S01013287,290,14,276
S01013288,341,87,254
S01013289,417,18,399
S01013290,462,61,401
S01013291,441,37,404
S01013292,333,28,305
S01013293,325,14,311
S01013294,354,43,311
S01013295,376,38,338
S01013296,386,113,273
S01013297,525,146,379
S01013298,352,69,283
S01013299,545,159,386
S01013300,529,155,374
S01013301,309,93,216
S01013302,528,51,477
S01013303,692,167,525
S01013304,477,215,262
S01013305,444,169,275
S01013306,547,313,234
S01013307,538,258,280
S01013308,519,179,340
S01013309,355,71,284
S01013310,241,61,180
S01013311,500,148,352
S01013312,773,276,497
S01013313,276,71,205
S01013314,365,105,260
S01013315,114,12,102
S01013316,303,45,258
S01013317,315,36,279
S01013318,278,24,254
S01013319,311,33,278
S01013320,255,18,237
S01013321,255,85,170
S01013322,267,47,220
S01013323,416,134,282
S01013324,415,152,263
S01013325,555,158,397
S01013326,421,179,242
S01013327,346,111,235
S01013328,274,103,171
S01013329,228,71,157
S01013330,402,75,327
S01013331,248,40,208
S01013332,354,92,262
S01013333,451,71,380
S01013334,290,93,197
S01013335,368,130,238
S01013336,410,127,283
S01013337,1020,149,871
S01013338,159,17,142
S01013339,344,49,295
S01013340,534,40,494
S01013341,388,18,370
S01013342,356,135,221
S01013343,312,75,237
S01013344,521,149,372
S01013345,336,90,246
S01013346,288,11,277
S01013347,328,58,270
S01013348,522,51,471
S01013349,494,157,337
S01013350,644,195,449
S01013351,320,69,251
S01013352,405,82,323
S01013353,468,146,322
S01013354,404,70,334
S01013355,407,85,322
S01013356,450,167,283
S01013357,460,73,387
S01013358,471,145,326
S01013359,298,121,177
S01013360,299,98,201
S01013361,632,223,409
S01013362,259,89,170
S01013363,561,221,340
S01013364,327,62,265
S01013365,523,75,448
S01013366,237,12,225
S01013367,281,22,259
S01013368,389,105,284
S01013369,420,170,250
S01013370,433,168,265
S01013371,414,131,283
S01013372,528,244,284
S01013373,635,223,412
S01013374,522,255,267
S01013375,306,101,205
S01013376,311,109,202
S01013377,377,170,207
S01013378,461,143,318
S01013379,479,105,374
S01013380,518,59,459
S01013381,321,76,245
S01013382,418,87,331
S01013383,428,186,242
S01013384,510,156,354
S01013385,287,64,223
S01013386,322,25,297
S01013387,334,123,211
S01013388,382,138,244
S01013389,451,91,360
S01013390,251,68,183
S01013391,435,91,344
S01013392,394,24,370
S01013393,748,143,605
S01013394,322,113,209
S01013395,661,235,426
S01013396,471,104,367
S01013397,421,107,314
S01013398,90,9,81
S01013399,439,58,381
S01013400,314,84,230
S01013401,1370,111,1259
S01013402,112,39,73
S01013403,41,2,39
S01013404,1619,158,1461
S01013405,329,100,229
S01013406,318,115,203
S01013407,711,160,551
S01013408,367,133,234
S01013409,532,130,402
S01013410,272,112,160
S01013411,414,92,322
S01013412,364,104,260
S01013413,479,139,340
S01013414,533,228,305
S01013415,502,252,250
S01013416,276,101,175
S01013417,442,182,260
S01013418,198,51,147
S01013419,221,19,202
S01013420,539,108,431
S01013421,334,30,304
S01013422,409,116,293
S01013423,375,79,296
S01013424,320,41,279
S01013425,199,47,152
S01013426,393,113,280
S01013427,297,23,274
S01013428,642,129,513
S01013429,645,116,529
S01013430,688,60,628
S01013431,438,117,321
S01013432,329,33,296
S01013433,309,37,272
S01013434,207,12,195
S01013435,272,10,262
S01013436,390,79,311
S01013437,363,84,279
S01013438,354,120,234
S01013439,351,23,328
S01013440,481,19,462
S01013441,383,50,333
S01013442,378,51,327
S01013443,295,49,246
S01013444,654,246,408
S01013445,252,44,208
S01013446,309,71,238
S01013447,198,2,196
S01013448,515,101,414
S01013449,328,31,297
S01013450,332,25,307
S01013451,296,8,288
S01013452,261,31,230
S01013453,451,134,317
S01013454,317,39,278
S01013455,262,36,226
S01013456,509,144,365
S01013457,426,111,315
S01013458,378,77,301
S01013459,496,182,314
S01013460,418,115,303
S01013461,483,137,346
S01013462,412,86,326
S01013463,378,92,286
S01013464,362,49,313
S01013465,395,102,293
S01013466,116,8,108
S01013467,364,42,322
S01013468,303,95,208
S01013469,480,121,359
S01013470,416,148,268
S01013471,383,112,271
S01013472,417,50,367
S01013473,227,47,180
S01013474,297,45,252
S01013475,582,53,529
S01013476,271,61,210
S01013477,492,181,311
S01013478,380,73,307
S01013479,528,221,307
S01013480,302,96,206
S01013481,447,50,397
