dz_2011,total,some,none
S01006506,355,290,65
S01006507,422,330,92
S01006508,400,354,46
S01006509,327,247,80
S01006510,313,235,78
S01006511,366,318,48
S01006512,138,135,3
S01006513,372,361,11
S01006514,346,333,13
S01006515,401,394,7
S01006516,292,280,12
S01006517,397,362,35
S01006518,337,318,19
S01006519,269,266,3
S01006520,261,260,1
S01006521,173,165,8
S01006522,211,198,13
S01006523,549,489,60
S01006524,471,372,99
S01006525,475,436,39
S01006526,659,413,246
S01006527,566,369,197
S01006528,481,321,160
S01006529,586,369,217
S01006530,549,316,233
S01006531,589,338,251
S01006532,374,285,89
S01006533,339,311,28
S01006534,412,355,57
S01006535,595,450,145
S01006536,774,497,277
S01006537,373,331,42
S01006538,291,266,25
S01006539,432,365,67
S01006540,593,477,116
S01006541,482,349,133
S01006542,453,384,69
S01006543,446,391,55
S01006544,391,342,49
S01006545,605,416,189
S01006546,515,449,66
S01006547,696,463,233
S01006548,316,285,31
S01006549,360,329,31
S01006550,500,459,41
S01006551,486,273,213
S01006552,482,401,81
S01006553,488,369,119
S01006554,417,282,135
S01006555,404,237,167
S01006556,473,278,195
S01006557,387,215,172
S01006558,458,327,131
S01006559,280,229,51
S01006560,424,335,89
S01006561,355,319,36
S01006562,442,337,105
S01006563,469,378,91
S01006564,691,313,378
S01006565,722,329,393
S01006566,476,327,149
S01006567,692,291,401
S01006568,757,465,292
S01006569,430,277,153
S01006570,432,351,81
S01006571,565,426,139
S01006572,494,465,29
S01006573,278,244,34
S01006574,395,347,48
S01006575,488,423,65
S01006576,445,327,118
S01006577,473,381,92
S01006578,947,603,344
S01006579,847,516,331
S01006580,455,325,130
S01006581,536,466,70
S01006582,311,185,126
S01006583,602,366,236
S01006584,524,340,184
S01006585,504,222,282
S01006586,503,214,289
S01006587,287,108,179
S01006588,407,164,243
S01006589,597,246,351
S01006590,363,205,158
S01006591,299,186,113
S01006592,232,180,52
S01006593,302,204,98
S01006594,458,303,155
S01006595,443,331,112
S01006596,449,344,105
S01006597,561,319,242
S01006598,485,434,51
S01006599,600,367,233
S01006600,707,488,219
S01006601,554,387,167
S01006602,438,345,93
S01006603,617,369,248
S01006604,391,272,119
S01006605,421,202,219
S01006606,587,423,164
S01006607,551,336,215
S01006608,377,318,59
S01006609,596,382,214
S01006610,371,179,192
S01006611,523,324,199
S01006612,403,308,95
S01006613,172,166,6
S01006614,357,347,10
S01006615,154,150,4
S01006616,332,296,36
S01006617,409,330,79
S01006618,244,209,35
S01006619,403,341,62
S01006620,490,406,84
S01006621,353,295,58
S01006622,285,255,30
S01006623,654,391,263
S01006624,457,236,221
S01006625,374,214,160
S01006626,446,200,246
S01006627,441,205,236
S01006628,731,326,405
S01006629,406,206,200
S01006630,328,206,122
S01006631,595,289,306
S01006632,518,213,305
S01006633,387,189,198
S01006634,363,146,217
S01006635,484,213,271
S01006636,486,194,292
S01006637,298,140,158
S01006638,708,294,414
S01006639,614,214,400
S01006640,85,35,50
S01006641,586,282,304
S01006642,494,232,262
S01006643,612,309,303
S01006644,356,176,180
S01006645,648,266,382
S01006646,525,261,264
S01006647,353,147,206
S01006648,681,266,415
S01006649,441,191,250
S01006650,519,250,269
S01006651,439,197,242
S01006652,398,199,199
S01006653,383,289,94
S01006654,483,217,266
S01006655,181,125,56
S01006656,521,307,214
S01006657,322,180,142
S01006658,620,284,336
S01006659,438,257,181
S01006660,344,128,216
S01006661,355,213,142
S01006662,288,101,187
S01006663,465,292,173
S01006664,218,133,85
S01006665,405,219,186
S01006666,774,266,508
S01006667,651,232,419
S01006668,425,250,175
S01006669,522,212,310
S01006670,299,121,178
S01006671,314,175,139
S01006672,369,174,195
S01006673,324,153,171
S01006674,536,189,347
S01006675,270,89,181
S01006676,397,150,247
S01006677,400,153,247
S01006678,513,223,290
S01006679,458,287,171
S01006680,392,140,252
S01006681,580,310,270
S01006682,394,120,274
S01006683,570,277,293
S01006684,417,192,225
S01006685,475,219,256
S01006686,441,249,192
S01006687,482,252,230
S01006688,563,306,257
S01006689,126,105,21
S01006690,393,264,129
S01006691,438,280,158
S01006692,423,297,126
S01006693,591,359,232
S01006694,632,296,336
S01006695,345,213,132
S01006696,513,252,261
S01006697,537,287,250
S01006698,504,261,243
S01006699,348,238,110
S01006700,640,396,244
S01006701,480,269,211
S01006702,438,275,163
S01006703,351,206,145
S01006704,393,192,201
S01006705,461,250,211
S01006706,385,203,182
S01006707,338,172,166
S01006708,430,243,187
S01006709,492,319,173
S01006710,494,349,145
S01006711,548,301,247
S01006712,299,201,98
S01006713,430,258,172
S01006714,399,255,144
S01006715,368,207,161
S01006716,236,151,85
S01006717,428,277,151
S01006718,246,165,81
S01006719,389,254,135
S01006720,295,213,82
S01006721,407,244,163
S01006722,347,211,136
S01006723,419,272,147
S01006724,473,218,255
S01006725,387,235,152
S01006726,389,163,226
S01006727,470,203,267
S01006728,388,258,130
S01006729,379,191,188
S01006730,307,213,94
S01006731,213,137,76
S01006732,357,320,37
S01006733,310,306,4
S01006734,389,378,11
S01006735,364,351,13
S01006736,350,340,10
S01006737,316,294,22
S01006738,343,256,87
S01006739,247,189,58
S01006740,494,344,150
S01006741,385,252,133
S01006742,231,146,85
S01006743,449,344,105
S01006744,329,239,90
S01006745,502,349,153
S01006746,311,226,85
S01006747,442,408,34
S01006748,434,370,64
S01006749,558,433,125
S01006750,337,253,84
S01006751,204,149,55
S01006752,382,267,115
S01006753,405,339,66
S01006754,482,452,30
S01006755,326,287,39
S01006756,102,76,26
S01006757,543,498,45
S01006758,283,268,15
S01006759,254,242,12
S01006760,284,268,16
S01006761,444,408,36
S01006762,477,373,104
S01006763,445,424,21
S01006764,344,323,21
S01006765,329,303,26
S01006766,239,232,7
S01006767,405,274,131
S01006768,226,221,5
S01006769,490,429,61
S01006770,272,256,16
S01006771,175,173,2
S01006772,575,530,45
S01006773,250,234,16
S01006774,268,265,3
S01006775,358,268,90
S01006776,350,210,140
S01006777,367,349,18
S01006778,371,307,64
S01006779,493,309,184
S01006780,398,271,127
S01006781,422,365,57
S01006782,415,335,80
S01006783,295,243,52
S01006784,321,275,46
S01006785,262,257,5
S01006786,435,401,34
S01006787,437,403,34
S01006788,281,251,30
S01006789,409,323,86
S01006790,423,308,115
S01006791,226,198,28
S01006792,283,256,27
S01006793,302,234,68
S01006794,366,303,63
S01006795,290,254,36
S01006796,154,146,8
S01006797,255,246,9
S01006798,251,232,19
S01006799,413,314,99
S01006800,327,315,12
S01006801,263,242,21
S01006802,297,246,51
S01006803,319,257,62
S01006804,292,236,56
S01006805,423,366,57
S01006806,414,379,35
S01006807,196,188,8
S01006808,344,314,30
S01006809,385,310,75
S01006810,406,323,83
S01006811,350,311,39
S01006812,290,271,19
S01006813,353,275,78
S01006814,332,307,25
S01006815,275,176,99
S01006816,371,311,60
S01006817,275,244,31
S01006818,242,226,16
S01006819,287,268,19
S01006820,219,210,9
S01006821,352,337,15
S01006822,293,281,12
S01006823,329,303,26
S01006824,286,176,110
S01006825,429,358,71
S01006826,418,374,44
S01006827,469,330,139
S01006828,532,386,146
S01006829,116,96,20
S01006830,253,227,26
S01006831,511,452,59
S01006832,365,327,38
S01006833,274,253,21
S01006834,95,87,8
S01006835,641,424,217
S01006836,34,20,14
S01006837,188,162,26
S01006838,381,336,45
S01006839,360,305,55
S01006840,414,396,18
S01006841,520,464,56
S01006842,384,346,38
S01006843,377,355,22
S01006844,325,287,38
S01006845,383,364,19
S01006846,347,314,33
S01006847,269,255,14
S01006848,286,272,14
S01006849,177,150,27
S01006850,413,368,45
S01006851,292,222,70
S01006852,214,203,11
S01006853,308,299,9
S01006854,544,506,38
S01006855,279,271,8
S01006856,347,322,25
S01006857,388,361,27
S01006858,222,219,3
S01006859,365,349,16
S01006860,309,224,85
S01006861,107,97,10
S01006862,407,346,61
S01006863,269,214,55
S01006864,71,47,24
S01006865,420,351,69
S01006866,250,236,14
S01006867,426,370,56
S01006868,342,269,73
S01006869,213,192,21
S01006870,218,200,18
S01006871,345,314,31
S01006872,341,327,14
S01006873,451,404,47
S01006874,222,215,7
S01006875,295,252,43
S01006876,386,364,22
S01006877,383,375,8
S01006878,410,364,46
S01006879,337,323,14
S01006880,210,204,6
S01006881,203,193,10
S01006882,422,308,114
S01006883,250,210,40
S01006884,419,351,68
S01006885,278,246,32
S01006886,299,266,33
S01006887,163,155,8
S01006888,284,272,12
S01006889,260,225,35
S01006890,378,334,44
S01006891,259,223,36
S01006892,263,201,62
S01006893,390,316,74
S01006894,281,208,73
S01006895,233,193,40
S01006896,306,274,32
S01006897,411,365,46
S01006898,223,189,34
S01006899,149,141,8
S01006900,184,171,13
S01006901,357,275,82
S01006902,282,229,53
S01006903,370,288,82
S01006904,194,163,31
S01006905,423,329,94
S01006906,506,307,199
S01006907,325,223,102
S01006908,415,290,125
S01006909,100,89,11
S01006910,139,125,14
S01006911,128,118,10
S01006912,102,94,8
S01006913,195,188,7
S01006914,286,269,17
S01006915,289,275,14
S01006916,103,92,11
S01006917,44,42,2
S01006918,179,161,18
S01006919,217,195,22
S01006920,283,204,79
S01006921,159,149,10
S01006922,224,211,13
S01006923,275,226,49
S01006924,166,164,2
S01006925,212,192,20
S01006926,114,112,2
S01006927,95,93,2
S01006928,429,390,39
S01006929,403,401,2
S01006930,287,277,10
S01006931,155,148,7
S01006932,156,156,0
S01006933,323,304,19
S01006934,225,206,19
S01006935,364,343,21
S01006936,290,267,23
S01006937,359,334,25
S01006938,369,318,51
S01006939,238,234,4
S01006940,401,368,33
S01006941,349,314,35
S01006942,386,362,24
S01006943,109,98,11
S01006944,41,40,1
S01006945,401,375,26
S01006946,306,288,18
S01006947,414,398,16
S01006948,369,338,31
S01006949,252,244,8
S01006950,93,86,7
S01006951,350,285,65
S01006952,441,408,33
S01006953,443,419,24
S01006954,408,389,19
S01006955,243,198,45
S01006956,258,243,15
S01006957,320,299,21
S01006958,460,406,54
S01006959,378,261,117
S01006960,123,120,3
S01006961,120,113,7
S01006962,344,294,50
S01006963,389,366,23
S01006964,358,316,42
S01006965,214,193,21
S01006966,293,235,58
S01006967,275,260,15
S01006968,429,359,70
S01006969,430,367,63
S01006970,260,234,26
S01006971,377,305,72
S01006972,173,170,3
S01006973,227,203,24
S01006974,490,451,39
S01006975,414,380,34
S01006976,200,193,7
S01006977,313,297,16
S01006978,307,278,29
S01006979,503,449,54
S01006980,233,222,11
S01006981,291,275,16
S01006982,378,336,42
S01006983,388,345,43
S01006984,299,284,15
S01006985,531,449,82
S01006986,179,141,38
S01006987,419,348,71
S01006988,186,176,10
S01006989,255,245,10
S01006990,169,151,18
S01006991,290,224,66
S01006992,314,302,12
S01006993,256,250,6
S01006994,233,220,13
S01006995,326,305,21
S01006996,273,242,31
S01006997,227,215,12
S01006998,391,345,46
S01006999,287,273,14
S01007000,484,390,94
S01007001,392,335,57
S01007002,160,139,21
S01007003,218,200,18
S01007004,406,372,34
S01007005,349,336,13
S01007006,399,331,68
S01007007,299,282,17
S01007008,389,250,139
S01007009,605,443,162
S01007010,444,328,116
S01007011,579,347,232
S01007012,430,234,196
S01007013,352,321,31
S01007014,366,347,19
S01007015,271,260,11
S01007016,189,178,11
S01007017,515,349,166
S01007018,510,421,89
S01007019,469,346,123
S01007020,497,335,162
S01007021,593,452,141
S01007022,187,168,19
S01007023,295,255,40
S01007024,420,382,38
S01007025,472,330,142
S01007026,425,311,114
S01007027,541,426,115
S01007028,446,412,34
S01007029,199,186,13
S01007030,381,300,81
S01007031,272,195,77
S01007032,595,364,231
S01007033,494,346,148
S01007034,464,272,192
S01007035,428,243,185
S01007036,417,325,92
S01007037,498,366,132
S01007038,368,250,118
S01007039,312,212,100
S01007040,461,323,138
S01007041,418,308,110
S01007042,371,305,66
S01007043,374,358,16
S01007044,423,363,60
S01007045,324,309,15
S01007046,222,182,40
S01007047,396,325,71
S01007048,507,464,43
S01007049,419,308,111
S01007050,395,334,61
S01007051,381,328,53
S01007052,208,180,28
S01007053,299,272,27
S01007054,460,356,104
S01007055,181,174,7
S01007056,287,262,25
S01007057,365,303,62
S01007058,354,260,94
S01007059,446,377,69
S01007060,241,172,69
S01007061,397,383,14
S01007062,262,253,9
S01007063,523,457,66
S01007064,257,234,23
S01007065,303,265,38
S01007066,258,237,21
S01007067,529,471,58
S01007068,297,232,65
S01007069,372,285,87
S01007070,340,245,95
S01007071,455,393,62
S01007072,420,396,24
S01007073,521,451,70
S01007074,456,354,102
S01007075,403,280,123
S01007076,318,262,56
S01007077,356,268,88
S01007078,446,284,162
S01007079,589,335,254
S01007080,385,225,160
S01007081,416,248,168
S01007082,287,167,120
S01007083,438,211,227
S01007084,408,250,158
S01007085,558,308,250
S01007086,594,237,357
S01007087,447,215,232
S01007088,284,132,152
S01007089,217,210,7
S01007090,235,206,29
S01007091,101,96,5
S01007092,308,196,112
S01007093,414,377,37
S01007094,433,371,62
S01007095,245,229,16
S01007096,369,320,49
S01007097,318,290,28
S01007098,190,179,11
S01007099,251,220,31
S01007100,339,302,37
S01007101,487,397,90
S01007102,284,268,16
S01007103,324,253,71
S01007104,182,172,10
S01007105,281,208,73
S01007106,378,288,90
S01007107,247,234,13
S01007108,246,216,30
S01007109,414,277,137
S01007110,408,299,109
S01007111,224,171,53
S01007112,345,300,45
S01007113,354,258,96
S01007114,339,265,74
S01007115,251,235,16
S01007116,232,223,9
S01007117,212,209,3
S01007118,372,269,103
S01007119,392,272,120
S01007120,469,304,165
S01007121,377,167,210
S01007122,290,178,112
S01007123,442,254,188
S01007124,448,327,121
S01007125,319,212,107
S01007126,448,222,226
S01007127,315,150,165
S01007128,485,253,232
S01007129,274,255,19
S01007130,298,250,48
S01007131,324,273,51
S01007132,276,248,28
S01007133,216,206,10
S01007134,330,292,38
S01007135,281,270,11
S01007136,120,117,3
S01007137,65,58,7
S01007138,189,173,16
S01007139,306,273,33
S01007140,317,302,15
S01007141,210,191,19
S01007142,63,61,2
S01007143,182,169,13
S01007144,584,537,47
S01007145,414,315,99
S01007146,386,303,83
S01007147,359,328,31
S01007148,206,201,5
S01007149,371,354,17
S01007150,351,294,57
S01007151,362,331,31
S01007152,327,265,62
S01007153,427,338,89
S01007154,491,305,186
S01007155,327,222,105
S01007156,394,330,64
S01007157,328,260,68
S01007158,352,297,55
S01007159,419,264,155
S01007160,350,234,116
S01007161,418,286,132
S01007162,203,119,84
S01007163,434,342,92
S01007164,348,275,73
S01007165,367,309,58
S01007166,468,389,79
S01007167,335,311,24
S01007168,401,367,34
S01007169,364,302,62
S01007170,272,255,17
S01007171,386,336,50
S01007172,332,319,13
S01007173,221,203,18
S01007174,252,208,44
S01007175,306,240,66
S01007176,480,334,146
S01007177,378,211,167
S01007178,485,221,264
S01007179,492,453,39
S01007180,449,354,95
S01007181,432,334,98
S01007182,587,382,205
S01007183,644,378,266
S01007184,545,293,252
S01007185,455,220,235
S01007186,337,148,189
S01007187,443,194,249
S01007188,396,206,190
S01007189,546,221,325
S01007190,434,274,160
S01007191,318,189,129
S01007192,363,234,129
S01007193,342,206,136
S01007194,275,137,138
S01007195,401,278,123
S01007196,296,175,121
S01007197,201,89,112
S01007198,213,99,114
S01007199,444,207,237
S01007200,399,266,133
S01007201,468,297,171
S01007202,347,211,136
S01007203,335,270,65
S01007204,400,359,41
S01007205,305,278,27
S01007206,191,117,74
S01007207,439,342,97
S01007208,451,221,230
S01007209,366,182,184
S01007210,511,275,236
S01007211,390,217,173
S01007212,381,273,108
S01007213,402,286,116
S01007214,510,245,265
S01007215,446,252,194
S01007216,350,269,81
S01007217,399,243,156
S01007218,314,271,43
S01007219,472,320,152
S01007220,364,224,140
S01007221,267,233,34
S01007222,455,347,108
S01007223,242,231,11
S01007224,310,256,54
S01007225,433,401,32
S01007226,358,339,19
S01007227,594,497,97
S01007228,304,289,15
S01007229,493,464,29
S01007230,639,404,235
S01007231,415,217,198
S01007232,324,169,155
S01007233,318,234,84
S01007234,255,197,58
S01007235,541,331,210
S01007236,532,367,165
S01007237,359,288,71
S01007238,439,320,119
S01007239,531,473,58
S01007240,232,219,13
S01007241,470,439,31
S01007242,457,399,58
S01007243,508,467,41
S01007244,260,237,23
S01007245,338,290,48
S01007246,256,229,27
S01007247,456,414,42
S01007248,366,317,49
S01007249,228,200,28
S01007250,392,276,116
S01007251,324,213,111
S01007252,336,271,65
S01007253,316,271,45
S01007254,421,267,154
S01007255,472,305,167
S01007256,370,240,130
S01007257,436,247,189
S01007258,355,234,121
S01007259,446,272,174
S01007260,525,318,207
S01007261,434,359,75
S01007262,298,197,101
S01007263,510,389,121
S01007264,382,286,96
S01007265,508,311,197
S01007266,340,274,66
S01007267,232,220,12
S01007268,237,224,13
S01007269,270,246,24
S01007270,209,186,23
S01007271,512,395,117
S01007272,530,338,192
S01007273,292,216,76
S01007274,448,269,179
S01007275,330,252,78
S01007276,474,358,116
S01007277,404,356,48
S01007278,371,342,29
S01007279,264,254,10
S01007280,251,238,13
S01007281,394,379,15
S01007282,217,210,7
S01007283,407,334,73
S01007284,396,313,83
S01007285,465,399,66
S01007286,579,459,120
S01007287,266,194,72
S01007288,345,286,59
S01007289,386,358,28
S01007290,163,115,48
S01007291,253,164,89
S01007292,279,247,32
S01007293,410,249,161
S01007294,382,251,131
S01007295,346,119,227
S01007296,357,185,172
S01007297,420,318,102
S01007298,242,173,69
S01007299,431,277,154
S01007300,343,176,167
S01007301,359,318,41
S01007302,362,255,107
S01007303,416,363,53
S01007304,260,230,30
S01007305,396,355,41
S01007306,429,356,73
S01007307,387,359,28
S01007308,361,321,40
S01007309,336,306,30
S01007310,429,371,58
S01007311,408,329,79
S01007312,388,340,48
S01007313,398,338,60
S01007314,374,341,33
S01007315,347,265,82
S01007316,534,347,187
S01007317,434,359,75
S01007318,276,205,71
S01007319,386,291,95
S01007320,434,379,55
S01007321,256,225,31
S01007322,406,281,125
S01007323,278,198,80
S01007324,144,118,26
S01007325,377,286,91
S01007326,443,372,71
S01007327,427,285,142
S01007328,499,324,175
S01007329,283,228,55
S01007330,370,309,61
S01007331,369,301,68
S01007332,278,244,34
S01007333,508,363,145
S01007334,455,189,266
S01007335,464,243,221
S01007336,403,197,206
S01007337,364,172,192
S01007338,447,326,121
S01007339,376,303,73
S01007340,395,243,152
S01007341,391,271,120
S01007342,327,271,56
S01007343,359,293,66
S01007344,281,186,95
S01007345,330,111,219
S01007346,554,153,401
S01007347,600,266,334
S01007348,374,153,221
S01007349,347,132,215
S01007350,366,162,204
S01007351,319,247,72
S01007352,237,211,26
S01007353,316,270,46
S01007354,366,285,81
S01007355,599,475,124
S01007356,325,259,66
S01007357,383,328,55
S01007358,655,543,112
S01007359,426,304,122
S01007360,372,268,104
S01007361,483,356,127
S01007362,466,358,108
S01007363,487,305,182
S01007364,486,258,228
S01007365,203,137,66
S01007366,316,116,200
S01007367,321,161,160
S01007368,289,149,140
S01007369,520,310,210
S01007370,486,236,250
S01007371,399,262,137
S01007372,415,352,63
S01007373,255,213,42
S01007374,353,301,52
S01007375,223,195,28
S01007376,433,319,114
S01007377,268,255,13
S01007378,294,249,45
S01007379,402,288,114
S01007380,302,243,59
S01007381,189,183,6
S01007382,444,370,74
S01007383,361,298,63
S01007384,444,348,96
S01007385,571,438,133
S01007386,341,323,18
S01007387,321,313,8
S01007388,273,259,14
S01007389,296,237,59
S01007390,144,101,43
S01007391,241,234,7
S01007392,183,170,13
S01007393,383,301,82
S01007394,391,273,118
S01007395,690,360,330
S01007396,634,341,293
S01007397,407,306,101
S01007398,282,136,146
S01007399,365,114,251
S01007400,422,283,139
S01007401,312,264,48
S01007402,294,257,37
S01007403,262,251,11
S01007404,284,259,25
S01007405,228,192,36
S01007406,273,254,19
S01007407,337,291,46
S01007408,374,317,57
S01007409,269,242,27
S01007410,419,241,178
S01007411,485,228,257
S01007412,260,167,93
S01007413,303,270,33
S01007414,126,108,18
S01007415,378,231,147
S01007416,216,130,86
S01007417,90,66,24
S01007418,303,201,102
S01007419,360,206,154
S01007420,393,281,112
S01007421,275,204,71
S01007422,347,260,87
S01007423,175,120,55
S01007424,316,295,21
S01007425,434,349,85
S01007426,435,294,141
S01007427,374,244,130
S01007428,538,378,160
S01007429,469,316,153
S01007430,253,191,62
S01007431,267,243,24
S01007432,300,244,56
S01007433,410,332,78
S01007434,277,197,80
S01007435,373,292,81
S01007436,543,333,210
S01007437,290,178,112
S01007438,342,219,123
S01007439,443,318,125
S01007440,359,267,92
S01007441,260,242,18
S01007442,290,282,8
S01007443,420,334,86
S01007444,578,495,83
S01007445,297,281,16
S01007446,284,256,28
S01007447,258,249,9
S01007448,413,374,39
S01007449,474,302,172
S01007450,587,377,210
S01007451,295,237,58
S01007452,323,220,103
S01007453,46,25,21
S01007454,204,155,49
S01007455,403,244,159
S01007456,499,297,202
S01007457,351,203,148
S01007458,343,303,40
S01007459,390,310,80
S01007460,391,269,122
S01007461,490,227,263
S01007462,410,257,153
S01007463,443,216,227
S01007464,523,244,279
S01007465,396,181,215
S01007466,543,271,272
S01007467,519,331,188
S01007468,491,438,53
S01007469,290,223,67
S01007470,327,178,149
S01007471,224,148,76
S01007472,536,337,199
S01007473,242,135,107
S01007474,175,149,26
S01007475,240,184,56
S01007476,363,280,83
S01007477,352,269,83
S01007478,448,325,123
S01007479,227,158,69
S01007480,378,296,82
S01007481,450,408,42
S01007482,361,250,111
S01007483,418,307,111
S01007484,440,257,183
S01007485,391,207,184
S01007486,427,171,256
S01007487,643,306,337
S01007488,503,333,170
S01007489,418,286,132
S01007490,509,321,188
S01007491,296,210,86
S01007492,301,203,98
S01007493,390,299,91
S01007494,343,287,56
S01007495,282,260,22
S01007496,447,366,81
S01007497,258,213,45
S01007498,509,374,135
S01007499,324,274,50
S01007500,345,284,61
S01007501,310,254,56
S01007502,298,256,42
S01007503,477,359,118
S01007504,476,426,50
S01007505,169,158,11
S01007506,239,217,22
S01007507,641,492,149
S01007508,311,233,78
S01007509,305,279,26
S01007510,444,360,84
S01007511,515,363,152
S01007512,246,204,42
S01007513,483,330,153
S01007514,271,180,91
S01007515,275,225,50
S01007516,344,224,120
S01007517,259,195,64
S01007518,400,278,122
S01007519,248,219,29
S01007520,444,338,106
S01007521,302,280,22
S01007522,532,427,105
S01007523,231,208,23
S01007524,382,348,34
S01007525,233,189,44
S01007526,487,324,163
S01007527,641,528,113
S01007528,456,292,164
S01007529,378,329,49
S01007530,218,210,8
S01007531,325,284,41
S01007532,214,192,22
S01007533,319,281,38
S01007534,599,423,176
S01007535,416,314,102
S01007536,475,361,114
S01007537,679,494,185
S01007538,299,279,20
S01007539,393,333,60
S01007540,416,258,158
S01007541,513,402,111
S01007542,423,281,142
S01007543,531,395,136
S01007544,640,588,52
S01007545,546,491,55
S01007546,224,201,23
S01007547,222,203,19
S01007548,364,326,38
S01007549,341,296,45
S01007550,579,487,92
S01007551,574,512,62
S01007552,439,261,178
S01007553,440,255,185
S01007554,373,210,163
S01007555,326,251,75
S01007556,325,197,128
S01007557,492,310,182
S01007558,248,202,46
S01007559,330,291,39
S01007560,484,370,114
S01007561,456,337,119
S01007562,334,293,41
S01007563,472,405,67
S01007564,509,454,55
S01007565,408,351,57
S01007566,284,255,29
S01007567,208,191,17
S01007568,310,281,29
S01007569,390,350,40
S01007570,378,347,31
S01007571,227,216,11
S01007572,283,216,67
S01007573,44,40,4
S01007574,569,391,178
S01007575,445,214,231
S01007576,508,229,279
S01007577,407,197,210
S01007578,398,184,214
S01007579,242,135,107
S01007580,335,202,133
S01007581,252,144,108
S01007582,396,221,175
S01007583,584,230,354
S01007584,418,206,212
S01007585,462,331,131
S01007586,444,265,179
S01007587,314,219,95
S01007588,400,342,58
S01007589,586,366,220
S01007590,297,246,51
S01007591,410,270,140
S01007592,471,296,175
S01007593,431,332,99
S01007594,338,302,36
S01007595,399,337,62
S01007596,345,302,43
S01007597,245,222,23
S01007598,423,370,53
S01007599,269,200,69
S01007600,424,323,101
S01007601,291,223,68
S01007602,389,347,42
S01007603,358,327,31
S01007604,417,385,32
S01007605,469,425,44
S01007606,300,249,51
S01007607,391,353,38
S01007608,423,364,59
S01007609,434,259,175
S01007610,423,228,195
S01007611,631,300,331
S01007612,554,227,327
S01007613,423,332,91
S01007614,358,319,39
S01007615,581,408,173
S01007616,470,273,197
S01007617,293,224,69
S01007618,367,238,129
S01007619,340,226,114
S01007620,361,326,35
S01007621,348,257,91
S01007622,360,271,89
S01007623,204,175,29
S01007624,300,261,39
S01007625,305,276,29
S01007626,212,206,6
S01007627,112,94,18
S01007628,361,304,57
S01007629,290,259,31
S01007630,322,307,15
S01007631,249,231,18
S01007632,689,545,144
S01007633,636,515,121
S01007634,269,242,27
S01007635,351,317,34
S01007636,579,437,142
S01007637,630,417,213
S01007638,523,351,172
S01007639,385,280,105
S01007640,238,209,29
S01007641,302,246,56
S01007642,522,396,126
S01007643,434,296,138
S01007644,371,273,98
S01007645,314,295,19
S01007646,272,245,27
S01007647,507,374,133
S01007648,526,361,165
S01007649,337,239,98
S01007650,451,396,55
S01007651,274,262,12
S01007652,312,274,38
S01007653,450,398,52
S01007654,499,402,97
S01007655,304,289,15
S01007656,380,350,30
S01007657,254,238,16
S01007658,284,252,32
S01007659,428,345,83
S01007660,588,377,211
S01007661,391,266,125
S01007662,545,328,217
S01007663,508,341,167
S01007664,284,150,134
S01007665,302,202,100
S01007666,118,105,13
S01007667,209,182,27
S01007668,550,356,194
S01007669,265,141,124
S01007670,383,248,135
S01007671,267,247,20
S01007672,435,371,64
S01007673,281,235,46
S01007674,494,348,146
S01007675,290,234,56
S01007676,201,188,13
S01007677,58,54,4
S01007678,363,231,132
S01007679,412,256,156
S01007680,380,342,38
S01007681,226,175,51
S01007682,468,389,79
S01007683,492,417,75
S01007684,500,425,75
S01007685,385,340,45
S01007686,507,403,104
S01007687,449,336,113
S01007688,528,281,247
S01007689,302,178,124
S01007690,500,246,254
S01007691,687,288,399
S01007692,464,240,224
S01007693,438,139,299
S01007694,272,105,167
S01007695,634,252,382
S01007696,520,205,315
S01007697,767,353,414
S01007698,631,255,376
S01007699,420,160,260
S01007700,415,315,100
S01007701,251,83,168
S01007702,166,73,93
S01007703,580,316,264
S01007704,694,224,470
S01007705,303,97,206
S01007706,345,114,231
S01007707,123,50,73
S01007708,599,308,291
S01007709,423,148,275
S01007710,550,197,353
S01007711,586,215,371
S01007712,469,195,274
S01007713,264,119,145
S01007714,310,175,135
S01007715,325,98,227
S01007716,627,191,436
S01007717,524,172,352
S01007718,625,201,424
S01007719,896,365,531
S01007720,570,322,248
S01007721,629,296,333
S01007722,583,202,381
S01007723,635,189,446
S01007724,403,157,246
S01007725,767,273,494
S01007726,450,188,262
S01007727,427,138,289
S01007728,578,215,363
S01007729,525,219,306
S01007730,502,256,246
S01007731,285,111,174
S01007732,349,129,220
S01007733,319,271,48
S01007734,371,303,68
S01007735,358,302,56
S01007736,352,274,78
S01007737,516,285,231
S01007738,567,360,207
S01007739,446,194,252
S01007740,309,218,91
S01007741,484,237,247
S01007742,379,233,146
S01007743,479,222,257
S01007744,410,157,253
S01007745,534,226,308
S01007746,411,217,194
S01007747,400,193,207
S01007748,332,128,204
S01007749,350,319,31
S01007750,412,372,40
S01007751,337,308,29
S01007752,541,421,120
S01007753,428,233,195
S01007754,599,316,283
S01007755,412,172,240
S01007756,448,225,223
S01007757,565,495,70
S01007758,576,416,160
S01007759,755,420,335
S01007760,448,338,110
S01007761,399,348,51
S01007762,464,275,189
S01007763,429,216,213
S01007764,372,352,20
S01007765,408,374,34
S01007766,454,419,35
S01007767,447,390,57
S01007768,402,278,124
S01007769,354,312,42
S01007770,368,306,62
S01007771,386,355,31
S01007772,648,387,261
S01007773,316,290,26
S01007774,52,50,2
S01007775,412,373,39
S01007776,199,189,10
S01007777,147,141,6
S01007778,107,101,6
S01007779,341,315,26
S01007780,329,315,14
S01007781,318,281,37
S01007782,319,190,129
S01007783,473,137,336
S01007784,346,263,83
S01007785,229,77,152
S01007786,384,235,149
S01007787,311,168,143
S01007788,329,107,222
S01007789,276,141,135
S01007790,291,135,156
S01007791,79,72,7
S01007792,420,259,161
S01007793,504,212,292
S01007794,496,301,195
S01007795,356,191,165
S01007796,437,177,260
S01007797,388,196,192
S01007798,137,124,13
S01007799,85,83,2
S01007800,373,169,204
S01007801,392,145,247
S01007802,250,190,60
S01007803,525,190,335
S01007804,320,124,196
S01007805,333,155,178
S01007806,417,204,213
S01007807,354,284,70
S01007808,316,185,131
S01007809,562,442,120
S01007810,408,223,185
S01007811,338,188,150
S01007812,299,130,169
S01007813,401,238,163
S01007814,338,209,129
S01007815,442,386,56
S01007816,271,237,34
S01007817,380,243,137
S01007818,394,310,84
S01007819,329,246,83
S01007820,439,285,154
S01007821,388,221,167
S01007822,441,314,127
S01007823,360,298,62
S01007824,548,396,152
S01007825,594,389,205
S01007826,295,106,189
S01007827,325,223,102
S01007828,712,320,392
S01007829,422,222,200
S01007830,635,263,372
S01007831,514,223,291
S01007832,491,243,248
S01007833,593,259,334
S01007834,425,161,264
S01007835,384,232,152
S01007836,431,282,149
S01007837,521,399,122
S01007838,528,357,171
S01007839,424,216,208
S01007840,500,240,260
S01007841,423,210,213
S01007842,652,255,397
S01007843,551,224,327
S01007844,644,344,300
S01007845,478,189,289
S01007846,366,167,199
S01007847,726,314,412
S01007848,571,204,367
S01007849,502,229,273
S01007850,293,163,130
S01007851,524,279,245
S01007852,585,308,277
S01007853,451,157,294
S01007854,603,228,375
S01007855,419,151,268
S01007856,373,230,143
S01007857,264,105,159
S01007858,465,170,295
S01007859,269,121,148
S01007860,109,34,75
S01007861,465,249,216
S01007862,472,263,209
S01007863,437,157,280
S01007864,481,255,226
S01007865,207,194,13
S01007866,203,194,9
S01007867,157,144,13
S01007868,469,443,26
S01007869,413,393,20
S01007870,249,207,42
S01007871,509,290,219
S01007872,339,164,175
S01007873,316,216,100
S01007874,429,248,181
S01007875,310,236,74
S01007876,333,247,86
S01007877,378,242,136
S01007878,336,185,151
S01007879,503,284,219
S01007880,236,199,37
S01007881,265,175,90
S01007882,341,329,12
S01007883,382,282,100
S01007884,362,248,114
S01007885,463,260,203
S01007886,461,276,185
S01007887,295,246,49
S01007888,441,259,182
S01007889,513,287,226
S01007890,287,196,91
S01007891,357,244,113
S01007892,478,393,85
S01007893,473,409,64
S01007894,434,322,112
S01007895,339,234,105
S01007896,492,308,184
S01007897,277,257,20
S01007898,249,223,26
S01007899,205,185,20
S01007900,240,149,91
S01007901,342,204,138
S01007902,433,255,178
S01007903,387,225,162
S01007904,303,254,49
S01007905,337,196,141
S01007906,431,201,230
S01007907,405,230,175
S01007908,502,370,132
S01007909,198,150,48
S01007910,450,275,175
S01007911,393,250,143
S01007912,387,251,136
S01007913,574,323,251
S01007914,360,209,151
S01007915,362,241,121
S01007916,522,318,204
S01007917,569,341,228
S01007918,523,307,216
S01007919,273,251,22
S01007920,222,212,10
S01007921,534,312,222
S01007922,585,294,291
S01007923,302,220,82
S01007924,505,302,203
S01007925,219,212,7
S01007926,266,247,19
S01007927,210,198,12
S01007928,475,410,65
S01007929,365,330,35
S01007930,202,193,9
S01007931,427,347,80
S01007932,369,323,46
S01007933,496,411,85
S01007934,286,183,103
S01007935,546,364,182
S01007936,332,317,15
S01007937,443,394,49
S01007938,415,252,163
S01007939,461,277,184
S01007940,724,526,198
S01007941,248,228,20
S01007942,109,62,47
S01007943,450,343,107
S01007944,457,315,142
S01007945,560,371,189
S01007946,468,312,156
S01007947,467,350,117
S01007948,336,207,129
S01007949,445,334,111
S01007950,415,370,45
S01007951,429,274,155
S01007952,400,249,151
S01007953,453,290,163
S01007954,314,169,145
S01007955,476,298,178
S01007956,401,227,174
S01007957,575,364,211
S01007958,478,253,225
S01007959,624,482,142
S01007960,268,164,104
S01007961,446,381,65
S01007962,417,271,146
S01007963,451,213,238
S01007964,384,221,163
S01007965,364,210,154
S01007966,426,245,181
S01007967,348,196,152
S01007968,471,302,169
S01007969,384,232,152
S01007970,518,297,221
S01007971,533,273,260
S01007972,500,336,164
S01007973,412,343,69
S01007974,551,255,296
S01007975,348,185,163
S01007976,578,266,312
S01007977,227,175,52
S01007978,449,286,163
S01007979,332,266,66
S01007980,388,256,132
S01007981,373,284,89
S01007982,311,218,93
S01007983,667,387,280
S01007984,431,276,155
S01007985,400,239,161
S01007986,240,177,63
S01007987,455,337,118
S01007988,376,269,107
S01007989,294,209,85
S01007990,448,343,105
S01007991,249,245,4
S01007992,263,258,5
S01007993,367,349,18
S01007994,114,114,0
S01007995,270,236,34
S01007996,146,138,8
S01007997,298,271,27
S01007998,299,208,91
S01007999,392,188,204
S01008000,395,172,223
S01008001,421,188,233
S01008002,459,229,230
S01008003,284,191,93
S01008004,49,25,24
S01008005,36,27,9
S01008006,263,104,159
S01008007,281,145,136
S01008008,257,107,150
S01008009,411,169,242
S01008010,612,262,350
S01008011,471,133,338
S01008012,488,254,234
S01008013,397,235,162
S01008014,382,277,105
S01008015,490,237,253
S01008016,442,246,196
S01008017,378,334,44
S01008018,426,376,50
S01008019,473,325,148
S01008020,442,312,130
S01008021,287,240,47
S01008022,341,319,22
S01008023,348,337,11
S01008024,57,55,2
S01008025,338,317,21
S01008026,560,337,223
S01008027,413,272,141
S01008028,150,103,47
S01008029,425,373,52
S01008030,428,344,84
S01008031,491,312,179
S01008032,523,388,135
S01008033,399,391,8
S01008034,399,385,14
S01008035,418,375,43
S01008036,246,230,16
S01008037,569,408,161
S01008038,437,294,143
S01008039,423,293,130
S01008040,323,277,46
S01008041,432,288,144
S01008042,420,347,73
S01008043,504,443,61
S01008044,542,437,105
S01008045,525,426,99
S01008046,698,338,360
S01008047,294,253,41
S01008048,285,258,27
S01008049,445,377,68
S01008050,263,236,27
S01008051,479,436,43
S01008052,334,308,26
S01008053,374,322,52
S01008054,354,262,92
S01008055,333,317,16
S01008056,469,391,78
S01008057,575,494,81
S01008058,302,294,8
S01008059,260,247,13
S01008060,609,591,18
S01008061,376,341,35
S01008062,429,393,36
S01008063,363,327,36
S01008064,422,306,116
S01008065,449,412,37
S01008066,388,346,42
S01008067,245,234,11
S01008068,482,422,60
S01008069,474,362,112
S01008070,451,385,66
S01008071,392,321,71
S01008072,313,298,15
S01008073,175,166,9
S01008074,364,330,34
S01008075,248,217,31
S01008076,432,395,37
S01008077,403,367,36
S01008078,314,284,30
S01008079,337,309,28
S01008080,317,284,33
S01008081,298,268,30
S01008082,422,372,50
S01008083,310,297,13
S01008084,362,297,65
S01008085,422,395,27
S01008086,445,383,62
S01008087,435,395,40
S01008088,392,323,69
S01008089,379,346,33
S01008090,305,250,55
S01008091,201,189,12
S01008092,424,354,70
S01008093,365,295,70
S01008094,293,249,44
S01008095,433,347,86
S01008096,336,263,73
S01008097,315,245,70
S01008098,288,240,48
S01008099,188,153,35
S01008100,402,342,60
S01008101,477,362,115
S01008102,296,227,69
S01008103,367,173,194
S01008104,467,309,158
S01008105,553,310,243
S01008106,438,217,221
S01008107,222,178,44
S01008108,356,326,30
S01008109,332,313,19
S01008110,356,307,49
S01008111,351,295,56
S01008112,383,341,42
S01008113,350,323,27
S01008114,342,300,42
S01008115,370,313,57
S01008116,453,421,32
S01008117,326,284,42
S01008118,567,450,117
S01008119,298,209,89
S01008120,320,231,89
S01008121,267,244,23
S01008122,449,413,36
S01008123,428,391,37
S01008124,377,360,17
S01008125,476,430,46
S01008126,349,331,18
S01008127,200,186,14
S01008128,436,385,51
S01008129,444,278,166
S01008130,485,287,198
S01008131,393,225,168
S01008132,424,395,29
S01008133,389,244,145
S01008134,387,240,147
S01008135,664,459,205
S01008136,778,465,313
S01008137,522,247,275
S01008138,378,181,197
S01008139,547,322,225
S01008140,421,225,196
S01008141,432,403,29
S01008142,356,328,28
S01008143,553,392,161
S01008144,394,377,17
S01008145,483,282,201
S01008146,353,187,166
S01008147,383,270,113
S01008148,390,319,71
S01008149,391,282,109
S01008150,597,384,213
S01008151,450,266,184
S01008152,538,322,216
S01008153,280,263,17
S01008154,413,349,64
S01008155,346,298,48
S01008156,428,310,118
S01008157,409,319,90
S01008158,423,395,28
S01008159,509,264,245
S01008160,407,253,154
S01008161,384,339,45
S01008162,535,391,144
S01008163,380,250,130
S01008164,293,191,102
S01008165,106,85,21
S01008166,289,214,75
S01008167,400,261,139
S01008168,423,260,163
S01008169,326,225,101
S01008170,281,248,33
S01008171,492,275,217
S01008172,250,183,67
S01008173,306,254,52
S01008174,233,177,56
S01008175,377,244,133
S01008176,354,300,54
S01008177,410,230,180
S01008178,281,236,45
S01008179,129,126,3
S01008180,170,163,7
S01008181,259,223,36
S01008182,669,399,270
S01008183,487,329,158
S01008184,503,274,229
S01008185,657,342,315
S01008186,450,261,189
S01008187,265,167,98
S01008188,751,382,369
S01008189,448,308,140
S01008190,399,247,152
S01008191,339,227,112
S01008192,462,311,151
S01008193,378,289,89
S01008194,261,165,96
S01008195,473,260,213
S01008196,357,214,143
S01008197,109,81,28
S01008198,297,209,88
S01008199,307,178,129
S01008200,399,225,174
S01008201,570,316,254
S01008202,349,241,108
S01008203,283,149,134
S01008204,509,289,220
S01008205,328,201,127
S01008206,468,295,173
S01008207,320,177,143
S01008208,144,95,49
S01008209,67,43,24
S01008210,590,418,172
S01008211,468,326,142
S01008212,253,246,7
S01008213,308,261,47
S01008214,388,258,130
S01008215,478,379,99
S01008216,319,292,27
S01008217,263,244,19
S01008218,211,173,38
S01008219,444,313,131
S01008220,235,144,91
S01008221,357,180,177
S01008222,336,191,145
S01008223,276,174,102
S01008224,404,341,63
S01008225,330,238,92
S01008226,379,200,179
S01008227,437,255,182
S01008228,260,201,59
S01008229,337,213,124
S01008230,214,195,19
S01008231,38,23,15
S01008232,96,91,5
S01008233,153,125,28
S01008234,305,230,75
S01008235,388,288,100
S01008236,444,357,87
S01008237,364,293,71
S01008238,422,314,108
S01008239,265,196,69
S01008240,547,515,32
S01008241,408,388,20
S01008242,556,425,131
S01008243,344,283,61
S01008244,346,295,51
S01008245,469,403,66
S01008246,459,437,22
S01008247,333,306,27
S01008248,516,460,56
S01008249,348,326,22
S01008250,362,338,24
S01008251,320,310,10
S01008252,437,394,43
S01008253,360,263,97
S01008254,547,400,147
S01008255,415,326,89
S01008256,450,313,137
S01008257,430,258,172
S01008258,516,432,84
S01008259,545,382,163
S01008260,394,273,121
S01008261,452,345,107
S01008262,336,313,23
S01008263,210,161,49
S01008264,283,217,66
S01008265,293,256,37
S01008266,363,321,42
S01008267,289,241,48
S01008268,283,253,30
S01008269,449,358,91
S01008270,505,411,94
S01008271,396,253,143
S01008272,363,291,72
S01008273,402,303,99
S01008274,416,257,159
S01008275,333,275,58
S01008276,243,226,17
S01008277,274,265,9
S01008278,326,318,8
S01008279,324,259,65
S01008280,560,467,93
S01008281,348,315,33
S01008282,278,255,23
S01008283,171,151,20
S01008284,288,203,85
S01008285,349,206,143
S01008286,585,406,179
S01008287,352,257,95
S01008288,444,305,139
S01008289,369,218,151
S01008290,400,276,124
S01008291,478,383,95
S01008292,249,197,52
S01008293,95,79,16
S01008294,162,125,37
S01008295,423,367,56
S01008296,319,178,141
S01008297,238,171,67
S01008298,466,357,109
S01008299,468,238,230
S01008300,361,246,115
S01008301,390,360,30
S01008302,307,285,22
S01008303,363,213,150
S01008304,218,174,44
S01008305,307,281,26
S01008306,236,219,17
S01008307,283,240,43
S01008308,237,222,15
S01008309,440,199,241
S01008310,442,253,189
S01008311,263,130,133
S01008312,260,144,116
S01008313,451,216,235
S01008314,435,215,220
S01008315,366,180,186
S01008316,362,180,182
S01008317,207,150,57
S01008318,519,455,64
S01008319,323,177,146
S01008320,302,233,69
S01008321,260,241,19
S01008322,681,468,213
S01008323,347,171,176
S01008324,246,154,92
S01008325,439,273,166
S01008326,432,223,209
S01008327,478,283,195
S01008328,292,284,8
S01008329,349,339,10
S01008330,353,334,19
S01008331,299,278,21
S01008332,414,351,63
S01008333,468,361,107
S01008334,346,321,25
S01008335,395,249,146
S01008336,345,222,123
S01008337,215,152,63
S01008338,254,251,3
S01008339,217,209,8
S01008340,300,284,16
S01008341,196,195,1
S01008342,381,320,61
S01008343,460,362,98
S01008344,274,263,11
S01008345,491,468,23
S01008346,371,358,13
S01008347,575,477,98
S01008348,411,383,28
S01008349,366,357,9
S01008350,321,313,8
S01008351,412,388,24
S01008352,334,317,17
S01008353,158,148,10
S01008354,301,266,35
S01008355,519,376,143
S01008356,376,347,29
S01008357,375,338,37
S01008358,405,284,121
S01008359,320,288,32
S01008360,416,402,14
S01008361,301,291,10
S01008362,459,410,49
S01008363,349,310,39
S01008364,327,308,19
S01008365,398,379,19
S01008366,456,311,145
S01008367,469,276,193
S01008368,400,324,76
S01008369,364,286,78
S01008370,311,257,54
S01008371,330,310,20
S01008372,326,305,21
S01008373,399,371,28
S01008374,316,286,30
S01008375,276,256,20
S01008376,216,177,39
S01008377,358,284,74
S01008378,344,308,36
S01008379,200,183,17
S01008380,228,214,14
S01008381,380,343,37
S01008382,327,299,28
S01008383,229,210,19
S01008384,376,310,66
S01008385,221,204,17
S01008386,387,321,66
S01008387,341,277,64
S01008388,234,204,30
S01008389,356,288,68
S01008390,291,271,20
S01008391,346,248,98
S01008392,317,275,42
S01008393,328,263,65
S01008394,382,351,31
S01008395,306,276,30
S01008396,357,303,54
S01008397,361,343,18
S01008398,346,295,51
S01008399,383,296,87
S01008400,431,384,47
S01008401,503,394,109
S01008402,370,350,20
S01008403,366,323,43
S01008404,399,349,50
S01008405,337,297,40
S01008406,531,345,186
S01008407,256,177,79
S01008408,319,275,44
S01008409,487,355,132
S01008410,355,255,100
S01008411,463,394,69
S01008412,238,199,39
S01008413,227,164,63
S01008414,214,196,18
S01008415,394,316,78
S01008416,516,318,198
S01008417,282,260,22
S01008418,311,269,42
S01008419,182,153,29
S01008420,238,190,48
S01008421,364,229,135
S01008422,389,302,87
S01008423,351,331,20
S01008424,464,431,33
S01008425,469,385,84
S01008426,519,348,171
S01008427,481,452,29
S01008428,416,275,141
S01008429,393,324,69
S01008430,458,391,67
S01008431,439,375,64
S01008432,458,416,42
S01008433,346,308,38
S01008434,423,392,31
S01008435,432,399,33
S01008436,375,290,85
S01008437,418,284,134
S01008438,290,270,20
S01008439,413,385,28
S01008440,479,437,42
S01008441,325,299,26
S01008442,234,207,27
S01008443,243,209,34
S01008444,321,290,31
S01008445,446,263,183
S01008446,671,458,213
S01008447,287,256,31
S01008448,324,290,34
S01008449,255,148,107
S01008450,169,73,96
S01008451,389,195,194
S01008452,326,107,219
S01008453,213,69,144
S01008454,516,237,279
S01008455,562,247,315
S01008456,544,191,353
S01008457,505,193,312
S01008458,371,224,147
S01008459,370,123,247
S01008460,517,153,364
S01008461,456,131,325
S01008462,353,122,231
S01008463,449,173,276
S01008464,451,291,160
S01008465,455,270,185
S01008466,365,227,138
S01008467,356,244,112
S01008468,406,212,194
S01008469,223,132,91
S01008470,389,168,221
S01008471,317,98,219
S01008472,296,149,147
S01008473,315,152,163
S01008474,480,146,334
S01008475,421,180,241
S01008476,446,176,270
S01008477,651,266,385
S01008478,490,203,287
S01008479,623,253,370
S01008480,188,87,101
S01008481,370,240,130
S01008482,406,218,188
S01008483,458,229,229
S01008484,404,277,127
S01008485,458,361,97
S01008486,424,261,163
S01008487,254,147,107
S01008488,433,190,243
S01008489,492,232,260
S01008490,653,327,326
S01008491,415,198,217
S01008492,289,125,164
S01008493,447,234,213
S01008494,484,200,284
S01008495,684,254,430
S01008496,776,362,414
S01008497,657,259,398
S01008498,500,179,321
S01008499,616,237,379
S01008500,179,66,113
S01008501,328,196,132
S01008502,392,227,165
S01008503,415,268,147
S01008504,688,490,198
S01008505,484,322,162
S01008506,545,363,182
S01008507,400,254,146
S01008508,470,373,97
S01008509,427,363,64
S01008510,363,302,61
S01008511,405,346,59
S01008512,418,373,45
S01008513,309,279,30
S01008514,355,254,101
S01008515,383,325,58
S01008516,782,484,298
S01008517,551,317,234
S01008518,508,386,122
S01008519,429,359,70
S01008520,499,461,38
S01008521,347,312,35
S01008522,259,243,16
S01008523,110,104,6
S01008524,579,239,340
S01008525,507,199,308
S01008526,424,244,180
S01008527,332,222,110
S01008528,300,205,95
S01008529,388,225,163
S01008530,525,227,298
S01008531,514,199,315
S01008532,308,178,130
S01008533,175,130,45
S01008534,312,275,37
S01008535,277,259,18
S01008536,313,264,49
S01008537,280,258,22
S01008538,290,262,28
S01008539,459,404,55
S01008540,430,382,48
S01008541,369,339,30
S01008542,428,394,34
S01008543,349,332,17
S01008544,215,208,7
S01008545,284,266,18
S01008546,341,325,16
S01008547,485,447,38
S01008548,487,349,138
S01008549,540,422,118
S01008550,470,411,59
S01008551,495,391,104
S01008552,461,395,66
S01008553,315,198,117
S01008554,321,168,153
S01008555,488,156,332
S01008556,530,238,292
S01008557,412,131,281
S01008558,429,200,229
S01008559,361,198,163
S01008560,352,189,163
S01008561,408,274,134
S01008562,402,134,268
S01008563,571,308,263
S01008564,463,295,168
S01008565,454,211,243
S01008566,415,236,179
S01008567,276,159,117
S01008568,375,299,76
S01008569,423,123,300
S01008570,413,192,221
S01008571,375,220,155
S01008572,365,254,111
S01008573,358,324,34
S01008574,390,335,55
S01008575,325,294,31
S01008576,450,371,79
S01008577,472,381,91
S01008578,379,333,46
S01008579,391,349,42
S01008580,412,255,157
S01008581,576,229,347
S01008582,643,352,291
S01008583,431,191,240
S01008584,546,331,215
S01008585,400,200,200
S01008586,433,207,226
S01008587,288,254,34
S01008588,474,357,117
S01008589,166,119,47
S01008590,314,205,109
S01008591,424,313,111
S01008592,409,236,173
S01008593,355,308,47
S01008594,301,252,49
S01008595,629,264,365
S01008596,514,209,305
S01008597,504,339,165
S01008598,490,304,186
S01008599,403,303,100
S01008600,396,276,120
S01008601,325,152,173
S01008602,317,185,132
S01008603,497,222,275
S01008604,469,306,163
S01008605,387,247,140
S01008606,388,311,77
S01008607,256,234,22
S01008608,355,292,63
S01008609,494,362,132
S01008610,536,321,215
S01008611,557,306,251
S01008612,350,157,193
S01008613,472,261,211
S01008614,387,194,193
S01008615,371,211,160
S01008616,311,215,96
S01008617,341,212,129
S01008618,261,156,105
S01008619,197,144,53
S01008620,267,178,89
S01008621,318,190,128
S01008622,352,217,135
S01008623,426,321,105
S01008624,319,241,78
S01008625,237,204,33
S01008626,483,383,100
S01008627,305,272,33
S01008628,323,209,114
S01008629,465,288,177
S01008630,375,192,183
S01008631,510,287,223
S01008632,612,401,211
S01008633,548,417,131
S01008634,281,229,52
S01008635,338,248,90
S01008636,379,254,125
S01008637,296,208,88
S01008638,508,230,278
S01008639,549,313,236
S01008640,540,340,200
S01008641,455,284,171
S01008642,456,313,143
S01008643,447,287,160
S01008644,281,172,109
S01008645,468,271,197
S01008646,699,374,325
S01008647,387,243,144
S01008648,510,253,257
S01008649,759,337,422
S01008650,582,256,326
S01008651,548,196,352
S01008652,501,182,319
S01008653,401,125,276
S01008654,701,253,448
S01008655,349,181,168
S01008656,627,186,441
S01008657,421,219,202
S01008658,647,239,408
S01008659,601,225,376
S01008660,521,208,313
S01008661,579,165,414
S01008662,453,150,303
S01008663,502,146,356
S01008664,494,184,310
S01008665,512,187,325
S01008666,328,156,172
S01008667,390,198,192
S01008668,498,214,284
S01008669,216,93,123
S01008670,436,193,243
S01008671,484,183,301
S01008672,272,122,150
S01008673,433,106,327
S01008674,417,133,284
S01008675,489,152,337
S01008676,419,213,206
S01008677,379,131,248
S01008678,475,149,326
S01008679,540,150,390
S01008680,424,123,301
S01008681,564,155,409
S01008682,446,183,263
S01008683,775,211,564
S01008684,551,173,378
S01008685,399,169,230
S01008686,618,238,380
S01008687,537,223,314
S01008688,478,223,255
S01008689,743,298,445
S01008690,593,274,319
S01008691,779,369,410
S01008692,620,345,275
S01008693,295,196,99
S01008694,730,395,335
S01008695,478,270,208
S01008696,282,212,70
S01008697,345,294,51
S01008698,319,230,89
S01008699,555,311,244
S01008700,309,226,83
S01008701,214,59,155
S01008702,128,66,62
S01008703,363,118,245
S01008704,406,201,205
S01008705,212,110,102
S01008706,355,120,235
S01008707,464,166,298
S01008708,404,109,295
S01008709,453,207,246
S01008710,160,76,84
S01008711,370,150,220
S01008712,485,183,302
S01008713,306,112,194
S01008714,337,156,181
S01008715,384,164,220
S01008716,354,179,175
S01008717,214,176,38
S01008718,267,184,83
S01008719,431,334,97
S01008720,262,142,120
S01008721,316,299,17
S01008722,474,343,131
S01008723,266,245,21
S01008724,406,307,99
S01008725,344,247,97
S01008726,473,373,100
S01008727,512,367,145
S01008728,214,118,96
S01008729,326,227,99
S01008730,486,287,199
S01008731,280,129,151
S01008732,411,216,195
S01008733,505,294,211
S01008734,354,277,77
S01008735,467,399,68
S01008736,284,225,59
S01008737,334,282,52
S01008738,358,319,39
S01008739,250,189,61
S01008740,291,258,33
S01008741,446,380,66
S01008742,381,230,151
S01008743,565,274,291
S01008744,502,243,259
S01008745,274,186,88
S01008746,562,198,364
S01008747,290,173,117
S01008748,443,363,80
S01008749,497,412,85
S01008750,331,271,60
S01008751,582,290,292
S01008752,520,204,316
S01008753,378,164,214
S01008754,397,160,237
S01008755,488,193,295
S01008756,485,156,329
S01008757,410,127,283
S01008758,562,208,354
S01008759,402,136,266
S01008760,566,284,282
S01008761,299,141,158
S01008762,287,201,86
S01008763,391,254,137
S01008764,283,187,96
S01008765,579,375,204
S01008766,584,432,152
S01008767,388,268,120
S01008768,305,182,123
S01008769,114,65,49
S01008770,40,33,7
S01008771,40,33,7
S01008772,549,309,240
S01008773,524,248,276
S01008774,437,188,249
S01008775,262,133,129
S01008776,702,283,419
S01008777,551,204,347
S01008778,373,243,130
S01008779,203,166,37
S01008780,222,112,110
S01008781,201,115,86
S01008782,277,195,82
S01008783,172,98,74
S01008784,333,179,154
S01008785,483,157,326
S01008786,514,213,301
S01008787,311,97,214
S01008788,230,137,93
S01008789,366,119,247
S01008790,366,126,240
S01008791,208,113,95
S01008792,492,222,270
S01008793,507,202,305
S01008794,499,187,312
S01008795,581,261,320
S01008796,548,215,333
S01008797,563,232,331
S01008798,592,257,335
S01008799,136,49,87
S01008800,548,220,328
S01008801,524,227,297
S01008802,663,248,415
S01008803,631,244,387
S01008804,373,140,233
S01008805,340,146,194
S01008806,435,222,213
S01008807,599,227,372
S01008808,399,182,217
S01008809,429,242,187
S01008810,554,277,277
S01008811,364,192,172
S01008812,453,264,189
S01008813,416,178,238
S01008814,598,285,313
S01008815,653,306,347
S01008816,163,62,101
S01008817,364,185,179
S01008818,471,314,157
S01008819,483,328,155
S01008820,666,314,352
S01008821,315,242,73
S01008822,335,276,59
S01008823,393,313,80
S01008824,613,474,139
S01008825,309,232,77
S01008826,371,215,156
S01008827,465,337,128
S01008828,486,333,153
S01008829,458,339,119
S01008830,573,432,141
S01008831,468,371,97
S01008832,254,236,18
S01008833,551,349,202
S01008834,554,419,135
S01008835,474,355,119
S01008836,312,125,187
S01008837,571,270,301
S01008838,583,325,258
S01008839,619,325,294
S01008840,502,322,180
S01008841,239,161,78
S01008842,65,54,11
S01008843,369,221,148
S01008844,223,156,67
S01008845,311,201,110
S01008846,419,238,181
S01008847,323,204,119
S01008848,401,270,131
S01008849,494,308,186
S01008850,696,429,267
S01008851,723,374,349
S01008852,589,447,142
S01008853,280,180,100
S01008854,507,335,172
S01008855,550,353,197
S01008856,352,213,139
S01008857,524,343,181
S01008858,621,367,254
S01008859,577,310,267
S01008860,728,392,336
S01008861,483,405,78
S01008862,664,375,289
S01008863,443,297,146
S01008864,631,418,213
S01008865,616,357,259
S01008866,596,389,207
S01008867,515,415,100
S01008868,560,334,226
S01008869,660,436,224
S01008870,547,429,118
S01008871,607,432,175
S01008872,484,324,160
S01008873,369,316,53
S01008874,499,345,154
S01008875,658,378,280
S01008876,351,243,108
S01008877,368,246,122
S01008878,592,369,223
S01008879,406,264,142
S01008880,332,240,92
S01008881,298,245,53
S01008882,460,408,52
S01008883,431,404,27
S01008884,370,344,26
S01008885,387,356,31
S01008886,541,450,91
S01008887,351,275,76
S01008888,394,345,49
S01008889,264,191,73
S01008890,341,281,60
S01008891,335,290,45
S01008892,616,427,189
S01008893,435,369,66
S01008894,393,356,37
S01008895,317,277,40
S01008896,257,235,22
S01008897,391,335,56
S01008898,409,327,82
S01008899,363,155,208
S01008900,388,204,184
S01008901,457,229,228
S01008902,447,183,264
S01008903,534,250,284
S01008904,461,218,243
S01008905,566,180,386
S01008906,326,135,191
S01008907,300,97,203
S01008908,424,221,203
S01008909,485,321,164
S01008910,308,203,105
S01008911,152,107,45
S01008912,392,291,101
S01008913,202,134,68
S01008914,530,317,213
S01008915,277,209,68
S01008916,676,247,429
S01008917,321,107,214
S01008918,318,59,259
S01008919,302,63,239
S01008920,136,65,71
S01008921,525,152,373
S01008922,552,300,252
S01008923,476,184,292
S01008924,371,202,169
S01008925,324,210,114
S01008926,166,91,75
S01008927,33,29,4
S01008928,208,96,112
S01008929,770,187,583
S01008930,546,164,382
S01008931,335,106,229
S01008932,225,102,123
S01008933,272,103,169
S01008934,268,118,150
S01008935,459,365,94
S01008936,269,242,27
S01008937,357,240,117
S01008938,401,346,55
S01008939,322,282,40
S01008940,309,290,19
S01008941,279,246,33
S01008942,526,474,52
S01008943,304,287,17
S01008944,427,384,43
S01008945,440,415,25
S01008946,302,276,26
S01008947,468,422,46
S01008948,517,342,175
S01008949,580,374,206
S01008950,451,256,195
S01008951,542,228,314
S01008952,723,356,367
S01008953,520,293,227
S01008954,489,231,258
S01008955,384,308,76
S01008956,594,426,168
S01008957,503,383,120
S01008958,411,204,207
S01008959,447,323,124
S01008960,150,142,8
S01008961,488,365,123
S01008962,300,255,45
S01008963,391,332,59
S01008964,304,260,44
S01008965,327,276,51
S01008966,391,325,66
S01008967,479,410,69
S01008968,439,412,27
S01008969,442,342,100
S01008970,483,393,90
S01008971,267,249,18
S01008972,561,469,92
S01008973,302,223,79
S01008974,451,266,185
S01008975,499,238,261
S01008976,314,250,64
S01008977,335,280,55
S01008978,302,202,100
S01008979,362,272,90
S01008980,311,228,83
S01008981,363,284,79
S01008982,396,269,127
S01008983,416,247,169
S01008984,230,159,71
S01008985,347,233,114
S01008986,385,300,85
S01008987,435,332,103
S01008988,377,268,109
S01008989,489,372,117
S01008990,594,446,148
S01008991,510,454,56
S01008992,204,149,55
S01008993,477,398,79
S01008994,419,326,93
S01008995,432,388,44
S01008996,335,230,105
S01008997,356,294,62
S01008998,361,246,115
S01008999,459,313,146
S01009000,466,411,55
S01009001,296,261,35
S01009002,332,274,58
S01009003,376,321,55
S01009004,338,276,62
S01009005,416,341,75
S01009006,593,432,161
S01009007,391,262,129
S01009008,439,355,84
S01009009,260,119,141
S01009010,496,448,48
S01009011,440,428,12
S01009012,363,325,38
S01009013,422,377,45
S01009014,337,235,102
S01009015,240,181,59
S01009016,247,155,92
S01009017,278,200,78
S01009018,305,235,70
S01009019,359,276,83
S01009020,394,302,92
S01009021,318,257,61
S01009022,412,307,105
S01009023,409,302,107
S01009024,540,354,186
S01009025,433,326,107
S01009026,450,333,117
S01009027,371,280,91
S01009028,261,202,59
S01009029,312,213,99
S01009030,402,272,130
S01009031,324,231,93
S01009032,266,191,75
S01009033,384,246,138
S01009034,258,198,60
S01009035,334,267,67
S01009036,342,277,65
S01009037,275,214,61
S01009038,387,286,101
S01009039,478,278,200
S01009040,401,212,189
S01009041,526,302,224
S01009042,385,227,158
S01009043,541,351,190
S01009044,510,297,213
S01009045,454,298,156
S01009046,322,261,61
S01009047,285,212,73
S01009048,296,227,69
S01009049,291,211,80
S01009050,389,303,86
S01009051,375,248,127
S01009052,406,283,123
S01009053,290,131,159
S01009054,298,203,95
S01009055,310,270,40
S01009056,210,128,82
S01009057,350,172,178
S01009058,436,257,179
S01009059,228,151,77
S01009060,160,119,41
S01009061,395,282,113
S01009062,421,282,139
S01009063,266,236,30
S01009064,300,214,86
S01009065,553,311,242
S01009066,325,205,120
S01009067,166,153,13
S01009068,370,272,98
S01009069,322,305,17
S01009070,401,353,48
S01009071,244,190,54
S01009072,147,124,23
S01009073,337,222,115
S01009074,389,271,118
S01009075,296,217,79
S01009076,458,413,45
S01009077,307,245,62
S01009078,154,129,25
S01009079,536,309,227
S01009080,633,380,253
S01009081,435,329,106
S01009082,448,296,152
S01009083,310,227,83
S01009084,370,262,108
S01009085,107,100,7
S01009086,313,231,82
S01009087,288,198,90
S01009088,410,360,50
S01009089,180,161,19
S01009090,58,56,2
S01009091,67,67,0
S01009092,450,313,137
S01009093,385,298,87
S01009094,366,332,34
S01009095,560,396,164
S01009096,230,143,87
S01009097,348,293,55
S01009098,189,183,6
S01009099,418,264,154
S01009100,625,355,270
S01009101,435,287,148
S01009102,439,257,182
S01009103,260,237,23
S01009104,365,242,123
S01009105,287,214,73
S01009106,367,259,108
S01009107,389,308,81
S01009108,371,343,28
S01009109,386,372,14
S01009110,384,284,100
S01009111,468,411,57
S01009112,246,229,17
S01009113,305,276,29
S01009114,306,260,46
S01009115,332,280,52
S01009116,335,288,47
S01009117,310,208,102
S01009118,216,206,10
S01009119,348,226,122
S01009120,284,206,78
S01009121,458,323,135
S01009122,400,321,79
S01009123,122,89,33
S01009124,209,167,42
S01009125,332,223,109
S01009126,358,159,199
S01009127,281,143,138
S01009128,581,231,350
S01009129,271,143,128
S01009130,209,91,118
S01009131,491,230,261
S01009132,377,309,68
S01009133,381,226,155
S01009134,457,331,126
S01009135,279,239,40
S01009136,119,97,22
S01009137,75,55,20
S01009138,457,345,112
S01009139,384,215,169
S01009140,353,196,157
S01009141,385,216,169
S01009142,373,218,155
S01009143,273,119,154
S01009144,287,222,65
S01009145,554,357,197
S01009146,439,254,185
S01009147,418,239,179
S01009148,302,194,108
S01009149,313,200,113
S01009150,534,170,364
S01009151,338,206,132
S01009152,548,260,288
S01009153,397,255,142
S01009154,331,290,41
S01009155,242,189,53
S01009156,353,302,51
S01009157,417,295,122
S01009158,421,260,161
S01009159,309,155,154
S01009160,307,160,147
S01009161,481,223,258
S01009162,401,222,179
S01009163,263,172,91
S01009164,412,280,132
S01009165,314,165,149
S01009166,443,218,225
S01009167,295,185,110
S01009168,433,374,59
S01009169,440,247,193
S01009170,278,185,93
S01009171,360,271,89
S01009172,306,251,55
S01009173,346,319,27
S01009174,32,32,0
S01009175,340,333,7
S01009176,343,323,20
S01009177,355,226,129
S01009178,348,228,120
S01009179,368,251,117
S01009180,438,259,179
S01009181,464,342,122
S01009182,462,390,72
S01009183,376,359,17
S01009184,540,338,202
S01009185,480,332,148
S01009186,336,268,68
S01009187,328,298,30
S01009188,444,327,117
S01009189,436,320,116
S01009190,218,190,28
S01009191,68,68,0
S01009192,260,230,30
S01009193,141,120,21
S01009194,354,326,28
S01009195,264,242,22
S01009196,316,245,71
S01009197,386,330,56
S01009198,345,298,47
S01009199,308,255,53
S01009200,376,313,63
S01009201,307,242,65
S01009202,217,202,15
S01009203,271,157,114
S01009204,417,285,132
S01009205,518,485,33
S01009206,501,454,47
S01009207,424,381,43
S01009208,301,248,53
S01009209,488,417,71
S01009210,387,296,91
S01009211,322,237,85
S01009212,400,265,135
S01009213,332,202,130
S01009214,491,405,86
S01009215,541,338,203
S01009216,486,307,179
S01009217,344,170,174
S01009218,543,385,158
S01009219,317,202,115
S01009220,294,191,103
S01009221,269,167,102
S01009222,298,179,119
S01009223,220,149,71
S01009224,437,245,192
S01009225,402,225,177
S01009226,633,340,293
S01009227,399,200,199
S01009228,429,223,206
S01009229,453,310,143
S01009230,445,373,72
S01009231,442,353,89
S01009232,369,172,197
S01009233,366,236,130
S01009234,513,256,257
S01009235,421,216,205
S01009236,314,259,55
S01009237,314,275,39
S01009238,472,310,162
S01009239,416,265,151
S01009240,395,161,234
S01009241,470,253,217
S01009242,400,320,80
S01009243,481,405,76
S01009244,341,325,16
S01009245,356,321,35
S01009246,495,309,186
S01009247,546,336,210
S01009248,307,248,59
S01009249,499,278,221
S01009250,344,230,114
S01009251,224,180,44
S01009252,161,159,2
S01009253,358,205,153
S01009254,457,254,203
S01009255,367,188,179
S01009256,294,219,75
S01009257,277,190,87
S01009258,335,286,49
S01009259,326,266,60
S01009260,499,379,120
S01009261,419,208,211
S01009262,397,224,173
S01009263,208,136,72
S01009264,339,287,52
S01009265,340,266,74
S01009266,449,317,132
S01009267,352,272,80
S01009268,313,218,95
S01009269,468,278,190
S01009270,367,202,165
S01009271,333,321,12
S01009272,363,222,141
S01009273,340,307,33
S01009274,343,305,38
S01009275,251,217,34
S01009276,415,366,49
S01009277,299,284,15
S01009278,171,144,27
S01009279,271,223,48
S01009280,403,197,206
S01009281,406,203,203
S01009282,404,333,71
S01009283,246,194,52
S01009284,287,261,26
S01009285,356,324,32
S01009286,424,386,38
S01009287,385,337,48
S01009288,406,347,59
S01009289,385,332,53
S01009290,283,255,28
S01009291,460,426,34
S01009292,226,135,91
S01009293,281,195,86
S01009294,272,228,44
S01009295,306,282,24
S01009296,374,284,90
S01009297,400,345,55
S01009298,665,354,311
S01009299,509,328,181
S01009300,334,203,131
S01009301,576,325,251
S01009302,496,243,253
S01009303,339,259,80
S01009304,548,384,164
S01009305,508,308,200
S01009306,612,395,217
S01009307,662,402,260
S01009308,465,258,207
S01009309,322,210,112
S01009310,366,333,33
S01009311,393,253,140
S01009312,501,357,144
S01009313,330,191,139
S01009314,374,321,53
S01009315,328,195,133
S01009316,349,306,43
S01009317,403,360,43
S01009318,381,349,32
S01009319,443,385,58
S01009320,393,284,109
S01009321,219,207,12
S01009322,292,237,55
S01009323,420,316,104
S01009324,306,213,93
S01009325,225,200,25
S01009326,118,109,9
S01009327,324,231,93
S01009328,37,37,0
S01009330,80,26,54
S01009331,86,85,1
S01009332,292,273,19
S01009333,444,275,169
S01009334,310,165,145
S01009335,363,219,144
S01009336,295,149,146
S01009337,400,240,160
S01009338,399,189,210
S01009339,492,229,263
S01009340,430,255,175
S01009341,461,266,195
S01009342,396,269,127
S01009343,243,194,49
S01009344,335,219,116
S01009345,494,407,87
S01009346,58,57,1
S01009347,123,120,3
S01009348,92,78,14
S01009349,56,55,1
S01009350,68,56,12
S01009351,34,21,13
S01009352,27,26,1
S01009353,140,138,2
S01009354,114,112,2
S01009355,375,356,19
S01009356,412,383,29
S01009357,177,174,3
S01009358,113,112,1
S01009359,102,101,1
S01009360,348,284,64
S01009361,350,282,68
S01009362,495,438,57
S01009363,444,295,149
S01009364,298,249,49
S01009365,307,233,74
S01009366,435,274,161
S01009367,338,206,132
S01009368,300,239,61
S01009369,420,293,127
S01009370,381,285,96
S01009371,239,160,79
S01009372,246,167,79
S01009373,481,268,213
S01009374,417,263,154
S01009375,326,211,115
S01009376,406,255,151
S01009377,280,221,59
S01009378,400,319,81
S01009379,65,35,30
S01009380,228,207,21
S01009381,295,233,62
S01009382,643,345,298
S01009383,497,318,179
S01009384,253,218,35
S01009385,316,255,61
S01009386,471,282,189
S01009387,414,281,133
S01009388,522,224,298
S01009389,433,300,133
S01009390,264,257,7
S01009391,311,297,14
S01009392,202,185,17
S01009393,322,290,32
S01009394,390,354,36
S01009395,447,406,41
S01009396,296,283,13
S01009397,332,287,45
S01009398,499,439,60
S01009399,436,394,42
S01009400,412,322,90
S01009401,401,365,36
S01009402,352,319,33
S01009403,285,266,19
S01009404,289,184,105
S01009405,290,260,30
S01009406,427,299,128
S01009407,216,166,50
S01009408,215,174,41
S01009409,384,260,124
S01009410,349,207,142
S01009411,566,382,184
S01009412,409,235,174
S01009413,591,426,165
S01009414,347,287,60
S01009415,525,312,213
S01009416,241,219,22
S01009417,163,134,29
S01009418,577,350,227
S01009419,412,301,111
S01009420,307,162,145
S01009421,281,174,107
S01009422,500,382,118
S01009423,109,100,9
S01009424,303,255,48
S01009425,406,290,116
S01009426,540,256,284
S01009427,325,166,159
S01009428,275,148,127
S01009429,436,206,230
S01009430,340,167,173
S01009431,470,277,193
S01009432,426,299,127
S01009433,350,202,148
S01009434,250,153,97
S01009435,442,243,199
S01009436,281,162,119
S01009437,405,246,159
S01009438,504,296,208
S01009439,502,287,215
S01009440,399,226,173
S01009441,419,229,190
S01009442,282,236,46
S01009443,369,280,89
S01009444,287,249,38
S01009445,396,273,123
S01009446,490,246,244
S01009447,357,224,133
S01009448,272,201,71
S01009449,314,191,123
S01009450,324,169,155
S01009451,560,311,249
S01009452,432,213,219
S01009453,486,273,213
S01009454,496,407,89
S01009455,623,535,88
S01009456,459,241,218
S01009457,327,296,31
S01009458,320,203,117
S01009459,534,292,242
S01009460,395,189,206
S01009461,68,41,27
S01009462,280,194,86
S01009463,480,355,125
S01009464,385,306,79
S01009465,270,200,70
S01009466,371,309,62
S01009467,372,301,71
S01009468,372,206,166
S01009469,377,287,90
S01009470,395,314,81
S01009471,468,198,270
S01009472,540,305,235
S01009473,438,197,241
S01009474,366,199,167
S01009475,78,77,1
S01009476,184,175,9
S01009477,513,347,166
S01009478,511,308,203
S01009479,458,299,159
S01009480,505,379,126
S01009481,476,316,160
S01009482,346,219,127
S01009483,404,284,120
S01009484,639,392,247
S01009485,360,223,137
S01009486,370,229,141
S01009487,580,340,240
S01009488,388,299,89
S01009489,404,213,191
S01009490,393,190,203
S01009491,317,196,121
S01009492,366,246,120
S01009493,524,486,38
S01009494,509,469,40
S01009495,380,354,26
S01009496,378,260,118
S01009497,457,376,81
S01009498,254,242,12
S01009499,358,269,89
S01009500,424,212,212
S01009501,370,191,179
S01009502,442,260,182
S01009503,476,299,177
S01009504,362,204,158
S01009505,409,193,216
S01009506,540,261,279
S01009507,309,195,114
S01009508,507,265,242
S01009509,481,257,224
S01009510,345,318,27
S01009511,388,358,30
S01009512,404,366,38
S01009513,327,313,14
S01009514,344,323,21
S01009515,410,234,176
S01009516,489,318,171
S01009517,45,25,20
S01009518,109,93,16
S01009519,289,225,64
S01009520,366,312,54
S01009521,320,205,115
S01009522,376,228,148
S01009523,376,193,183
S01009524,411,203,208
S01009525,270,162,108
S01009526,180,158,22
S01009527,436,253,183
S01009528,490,258,232
S01009529,517,320,197
S01009530,380,319,61
S01009531,560,302,258
S01009532,550,272,278
S01009533,522,238,284
S01009534,396,163,233
S01009535,456,199,257
S01009536,217,139,78
S01009537,318,196,122
S01009538,561,322,239
S01009539,464,269,195
S01009540,574,277,297
S01009541,506,390,116
S01009542,440,244,196
S01009543,398,287,111
S01009544,456,317,139
S01009545,341,247,94
S01009546,333,220,113
S01009547,378,270,108
S01009548,460,328,132
S01009549,449,342,107
S01009550,251,216,35
S01009551,288,234,54
S01009552,579,407,172
S01009553,521,313,208
S01009554,399,252,147
S01009555,438,313,125
S01009556,456,297,159
S01009557,416,267,149
S01009558,319,198,121
S01009559,540,370,170
S01009560,387,232,155
S01009561,344,195,149
S01009562,479,345,134
S01009563,433,291,142
S01009564,323,223,100
S01009565,256,177,79
S01009566,440,346,94
S01009567,463,335,128
S01009568,400,272,128
S01009569,468,337,131
S01009570,285,175,110
S01009571,318,176,142
S01009572,501,254,247
S01009573,336,173,163
S01009574,488,288,200
S01009575,375,247,128
S01009576,259,249,10
S01009577,309,292,17
S01009578,458,339,119
S01009579,132,110,22
S01009580,243,227,16
S01009581,341,273,68
S01009582,263,194,69
S01009583,343,232,111
S01009584,144,134,10
S01009585,529,414,115
S01009586,501,360,141
S01009587,473,301,172
S01009588,433,296,137
S01009589,454,335,119
S01009590,211,195,16
S01009591,381,356,25
S01009592,345,295,50
S01009593,218,199,19
S01009594,237,230,7
S01009595,175,140,35
S01009596,452,343,109
S01009597,468,277,191
S01009598,325,203,122
S01009599,531,393,138
S01009600,459,278,181
S01009601,384,269,115
S01009602,255,253,2
S01009603,300,250,50
S01009604,334,254,80
S01009605,434,314,120
S01009606,87,84,3
S01009607,192,183,9
S01009608,285,184,101
S01009609,448,355,93
S01009610,528,378,150
S01009611,180,168,12
S01009612,256,179,77
S01009613,207,181,26
S01009614,264,220,44
S01009615,264,209,55
S01009616,478,381,97
S01009617,289,252,37
S01009618,512,318,194
S01009619,367,206,161
S01009620,492,257,235
S01009621,449,275,174
S01009622,489,221,268
S01009623,352,224,128
S01009624,428,275,153
S01009625,502,323,179
S01009626,339,190,149
S01009627,398,257,141
S01009628,304,151,153
S01009629,464,299,165
S01009630,343,198,145
S01009631,436,215,221
S01009632,389,178,211
S01009633,273,147,126
S01009634,393,225,168
S01009635,634,390,244
S01009636,520,257,263
S01009637,410,255,155
S01009638,274,155,119
S01009639,395,335,60
S01009640,413,235,178
S01009641,489,265,224
S01009642,498,325,173
S01009643,62,61,1
S01009644,251,171,80
S01009645,431,266,165
S01009646,317,205,112
S01009647,332,166,166
S01009648,494,333,161
S01009649,464,320,144
S01009650,345,312,33
S01009651,411,355,56
S01009652,532,463,69
S01009653,350,320,30
S01009654,271,219,52
S01009655,400,278,122
S01009656,409,223,186
S01009657,391,297,94
S01009658,398,301,97
S01009659,327,210,117
S01009660,368,258,110
S01009661,344,325,19
S01009662,338,289,49
S01009663,325,285,40
S01009664,454,406,48
S01009665,552,466,86
S01009666,516,411,105
S01009667,174,163,11
S01009668,198,174,24
S01009669,259,218,41
S01009670,343,283,60
S01009671,335,279,56
S01009672,521,392,129
S01009673,363,278,85
S01009674,460,392,68
S01009675,382,334,48
S01009676,604,515,89
S01009677,313,288,25
S01009678,270,204,66
S01009679,479,324,155
S01009680,471,357,114
S01009681,286,235,51
S01009682,343,289,54
S01009683,382,287,95
S01009684,348,326,22
S01009685,393,325,68
S01009686,542,346,196
S01009687,429,352,77
S01009688,582,335,247
S01009689,293,182,111
S01009690,360,248,112
S01009691,239,217,22
S01009692,512,429,83
S01009693,313,294,19
S01009694,472,431,41
S01009695,438,382,56
S01009696,449,389,60
S01009697,351,315,36
S01009698,265,255,10
S01009699,362,295,67
S01009700,311,254,57
S01009701,457,370,87
S01009702,242,229,13
S01009703,457,319,138
S01009704,550,449,101
S01009705,353,247,106
S01009706,411,295,116
S01009707,271,203,68
S01009708,294,237,57
S01009709,401,286,115
S01009710,207,171,36
S01009711,434,264,170
S01009712,294,229,65
S01009713,432,324,108
S01009714,410,340,70
S01009715,364,310,54
S01009716,575,446,129
S01009717,466,304,162
S01009718,420,239,181
S01009719,449,285,164
S01009720,425,236,189
S01009721,266,138,128
S01009722,356,223,133
S01009723,354,190,164
S01009724,545,282,263
S01009725,405,260,145
S01009726,219,143,76
S01009727,327,308,19
S01009728,335,296,39
S01009729,446,402,44
S01009730,445,387,58
S01009731,416,337,79
S01009732,507,336,171
S01009733,275,244,31
S01009734,564,505,59
S01009735,339,320,19
S01009736,443,268,175
S01009737,302,241,61
S01009738,234,178,56
S01009739,179,168,11
S01009740,348,232,116
S01009741,168,160,8
S01009742,204,188,16
S01009743,494,456,38
S01009744,301,270,31
S01009745,372,321,51
S01009746,332,310,22
S01009747,446,322,124
S01009748,313,271,42
S01009749,409,309,100
S01009750,326,197,129
S01009751,443,317,126
S01009752,347,316,31
S01009753,340,253,87
S01009754,666,510,156
S01009755,277,226,51
S01009756,347,303,44
S01009757,304,282,22
S01009758,460,340,120
S01009759,553,131,422
S01009760,484,147,337
S01009761,387,311,76
S01009762,421,133,288
S01009763,170,162,8
S01009764,425,222,203
S01009765,431,263,168
S01009766,352,250,102
S01009767,299,179,120
S01009768,254,62,192
S01009769,428,179,249
S01009770,308,273,35
S01009771,296,273,23
S01009772,295,235,60
S01009773,69,52,17
S01009774,36,30,6
S01009775,359,153,206
S01009776,415,112,303
S01009777,319,135,184
S01009778,561,190,371
S01009779,331,90,241
S01009780,298,112,186
S01009781,332,137,195
S01009782,184,96,88
S01009783,199,99,100
S01009784,380,134,246
S01009785,432,173,259
S01009786,481,167,314
S01009787,371,127,244
S01009788,589,282,307
S01009789,527,243,284
S01009790,400,181,219
S01009791,342,113,229
S01009792,93,79,14
S01009793,416,315,101
S01009794,152,145,7
S01009795,302,283,19
S01009796,280,212,68
S01009797,241,194,47
S01009798,398,267,131
S01009799,593,187,406
S01009800,513,230,283
S01009801,489,199,290
S01009802,394,172,222
S01009803,416,139,277
S01009804,128,68,60
S01009805,310,128,182
S01009806,552,221,331
S01009807,411,221,190
S01009808,657,206,451
S01009809,510,254,256
S01009810,499,160,339
S01009811,616,258,358
S01009812,422,205,217
S01009813,593,174,419
S01009814,505,258,247
S01009815,484,269,215
S01009816,492,320,172
S01009817,391,196,195
S01009818,360,283,77
S01009819,473,302,171
S01009820,454,242,212
S01009821,307,223,84
S01009822,399,167,232
S01009823,470,195,275
S01009824,366,116,250
S01009825,503,200,303
S01009826,330,150,180
S01009827,381,166,215
S01009828,582,232,350
S01009829,593,272,321
S01009830,414,222,192
S01009831,506,339,167
S01009832,519,271,248
S01009833,265,202,63
S01009834,324,91,233
S01009835,300,76,224
S01009836,326,155,171
S01009837,415,153,262
S01009838,423,162,261
S01009839,645,175,470
S01009840,474,193,281
S01009841,655,139,516
S01009842,481,126,355
S01009843,324,69,255
S01009844,440,79,361
S01009845,621,134,487
S01009846,527,172,355
S01009847,334,88,246
S01009848,379,174,205
S01009849,644,206,438
S01009850,543,198,345
S01009851,578,197,381
S01009852,256,130,126
S01009853,472,223,249
S01009854,363,99,264
S01009855,325,191,134
S01009856,295,140,155
S01009857,369,195,174
S01009858,456,224,232
S01009859,585,127,458
S01009860,501,124,377
S01009861,742,178,564
S01009862,570,167,403
S01009863,578,206,372
S01009864,488,163,325
S01009865,366,132,234
S01009866,483,204,279
S01009867,539,292,247
S01009868,496,274,222
S01009869,461,226,235
S01009870,423,137,286
S01009871,616,199,417
S01009872,429,185,244
S01009873,448,259,189
S01009874,498,281,217
S01009875,221,99,122
S01009876,460,184,276
S01009877,339,294,45
S01009878,264,152,112
S01009879,401,376,25
S01009880,426,310,116
S01009881,259,137,122
S01009882,301,124,177
S01009883,315,179,136
S01009884,377,221,156
S01009885,243,174,69
S01009886,270,168,102
S01009887,531,169,362
S01009888,349,122,227
S01009889,521,245,276
S01009890,407,134,273
S01009891,416,132,284
S01009892,608,187,421
S01009893,516,196,320
S01009894,567,157,410
S01009895,488,148,340
S01009896,625,192,433
S01009897,636,287,349
S01009898,441,146,295
S01009899,613,278,335
S01009900,653,391,262
S01009901,547,316,231
S01009902,613,266,347
S01009903,437,276,161
S01009904,443,241,202
S01009905,361,153,208
S01009906,326,127,199
S01009907,785,278,507
S01009908,613,334,279
S01009909,495,251,244
S01009910,400,185,215
S01009911,530,376,154
S01009912,406,311,95
S01009913,277,259,18
S01009914,393,346,47
S01009915,390,327,63
S01009916,407,361,46
S01009917,351,278,73
S01009918,361,303,58
S01009919,643,260,383
S01009920,616,360,256
S01009921,521,271,250
S01009922,750,429,321
S01009923,652,377,275
S01009924,619,306,313
S01009925,650,327,323
S01009926,489,271,218
S01009927,325,212,113
S01009928,375,304,71
S01009929,277,194,83
S01009930,560,294,266
S01009931,542,356,186
S01009932,473,277,196
S01009933,747,258,489
S01009934,362,262,100
S01009935,477,124,353
S01009936,607,278,329
S01009937,438,105,333
S01009938,607,221,386
S01009939,628,134,494
S01009940,440,143,297
S01009941,460,336,124
S01009942,497,206,291
S01009943,610,234,376
S01009944,426,247,179
S01009945,551,236,315
S01009946,442,214,228
S01009947,385,227,158
S01009948,565,263,302
S01009949,440,227,213
S01009950,259,248,11
S01009951,311,288,23
S01009952,433,306,127
S01009953,459,341,118
S01009954,265,206,59
S01009955,493,317,176
S01009956,399,220,179
S01009957,533,412,121
S01009958,470,398,72
S01009959,369,307,62
S01009960,546,359,187
S01009961,298,182,116
S01009962,596,336,260
S01009963,509,442,67
S01009964,488,341,147
S01009965,337,294,43
S01009966,437,376,61
S01009967,494,366,128
S01009968,231,191,40
S01009969,545,394,151
S01009970,523,131,392
S01009971,476,160,316
S01009972,349,180,169
S01009973,150,60,90
S01009974,428,125,303
S01009975,395,128,267
S01009976,332,107,225
S01009977,461,103,358
S01009978,399,148,251
S01009979,362,111,251
S01009980,228,37,191
S01009981,311,80,231
S01009982,275,94,181
S01009983,298,58,240
S01009984,424,190,234
S01009985,269,65,204
S01009986,321,94,227
S01009987,415,146,269
S01009988,351,90,261
S01009989,442,270,172
S01009990,417,245,172
S01009991,422,276,146
S01009992,481,131,350
S01009993,347,233,114
S01009994,303,221,82
S01009995,277,165,112
S01009996,370,235,135
S01009997,285,193,92
S01009998,357,301,56
S01009999,345,280,65
S01010000,373,226,147
S01010001,311,188,123
S01010002,580,356,224
S01010003,393,298,95
S01010004,351,296,55
S01010005,639,253,386
S01010006,792,331,461
S01010007,410,300,110
S01010008,326,152,174
S01010009,465,178,287
S01010010,609,473,136
S01010011,582,221,361
S01010012,605,445,160
S01010013,574,264,310
S01010014,689,351,338
S01010015,421,235,186
S01010016,324,156,168
S01010017,414,160,254
S01010018,512,139,373
S01010019,632,158,474
S01010020,465,190,275
S01010021,390,73,317
S01010022,193,28,165
S01010023,596,80,516
S01010024,287,82,205
S01010025,388,94,294
S01010026,426,94,332
S01010027,504,230,274
S01010028,277,49,228
S01010029,334,82,252
S01010030,238,88,150
S01010031,346,259,87
S01010032,259,110,149
S01010033,496,147,349
S01010034,587,176,411
S01010035,417,104,313
S01010036,194,139,55
S01010037,570,116,454
S01010038,620,175,445
S01010039,289,125,164
S01010040,327,114,213
S01010041,493,210,283
S01010042,303,111,192
S01010043,504,172,332
S01010044,619,195,424
S01010045,425,98,327
S01010046,534,191,343
S01010047,566,124,442
S01010048,634,145,489
S01010049,458,89,369
S01010050,468,75,393
S01010051,480,90,390
S01010052,328,60,268
S01010053,221,78,143
S01010054,288,50,238
S01010055,522,176,346
S01010056,270,40,230
S01010057,226,43,183
S01010058,442,149,293
S01010059,368,172,196
S01010060,490,176,314
S01010061,221,84,137
S01010062,355,153,202
S01010063,599,174,425
S01010064,348,166,182
S01010065,420,148,272
S01010066,329,112,217
S01010067,409,101,308
S01010068,232,42,190
S01010069,371,279,92
S01010070,250,211,39
S01010071,404,236,168
S01010072,502,278,224
S01010073,466,296,170
S01010074,414,328,86
S01010075,410,218,192
S01010076,392,213,179
S01010077,345,164,181
S01010078,268,216,52
S01010079,344,306,38
S01010080,364,315,49
S01010081,459,400,59
S01010082,340,254,86
S01010083,488,246,242
S01010084,546,238,308
S01010085,478,346,132
S01010086,465,204,261
S01010087,254,208,46
S01010088,101,71,30
S01010089,411,210,201
S01010090,400,287,113
S01010091,295,211,84
S01010092,539,249,290
S01010093,374,248,126
S01010094,502,387,115
S01010095,492,428,64
S01010096,332,249,83
S01010097,285,216,69
S01010098,283,232,51
S01010099,394,318,76
S01010100,395,303,92
S01010101,472,340,132
S01010102,260,230,30
S01010103,315,286,29
S01010104,290,245,45
S01010105,317,117,200
S01010106,304,106,198
S01010107,491,201,290
S01010108,382,159,223
S01010109,506,208,298
S01010110,575,137,438
S01010111,496,118,378
S01010112,380,98,282
S01010113,238,88,150
S01010114,330,67,263
S01010115,246,190,56
S01010116,334,200,134
S01010117,104,61,43
S01010118,339,46,293
S01010119,157,26,131
S01010120,351,75,276
S01010121,301,74,227
S01010122,271,44,227
S01010123,255,55,200
S01010124,300,207,93
S01010125,266,58,208
S01010126,264,150,114
S01010127,273,90,183
S01010128,355,98,257
S01010129,426,112,314
S01010130,366,109,257
S01010131,500,331,169
S01010132,524,197,327
S01010133,482,152,330
S01010134,705,266,439
S01010135,579,221,358
S01010136,459,258,201
S01010137,725,256,469
S01010138,692,211,481
S01010139,624,257,367
S01010140,525,254,271
S01010141,632,150,482
S01010142,333,146,187
S01010143,438,163,275
S01010144,381,163,218
S01010145,339,162,177
S01010146,583,199,384
S01010147,478,134,344
S01010148,363,85,278
S01010149,157,55,102
S01010150,513,175,338
S01010151,539,192,347
S01010152,448,173,275
S01010153,551,226,325
S01010154,514,199,315
S01010155,415,152,263
S01010156,375,134,241
S01010157,357,122,235
S01010158,447,207,240
S01010159,349,159,190
S01010160,377,57,320
S01010161,363,164,199
S01010162,445,97,348
S01010163,313,122,191
S01010164,334,154,180
S01010165,257,96,161
S01010166,510,193,317
S01010167,519,158,361
S01010168,243,71,172
S01010169,386,155,231
S01010170,448,191,257
S01010171,453,99,354
S01010172,485,143,342
S01010173,486,233,253
S01010174,264,166,98
S01010175,216,107,109
S01010176,555,214,341
S01010177,287,67,220
S01010178,342,105,237
S01010179,541,126,415
S01010180,194,43,151
S01010181,455,178,277
S01010182,503,381,122
S01010183,359,145,214
S01010184,301,108,193
S01010185,311,107,204
S01010186,266,236,30
S01010187,404,299,105
S01010188,499,378,121
S01010189,307,294,13
S01010190,66,60,6
S01010191,279,259,20
S01010192,335,309,26
S01010193,367,315,52
S01010194,320,142,178
S01010195,393,206,187
S01010196,284,122,162
S01010197,354,149,205
S01010198,470,206,264
S01010199,302,101,201
S01010200,316,128,188
S01010201,322,162,160
S01010202,381,80,301
S01010203,275,193,82
S01010204,494,171,323
S01010205,373,119,254
S01010206,338,39,299
S01010207,351,104,247
S01010208,625,263,362
S01010209,413,180,233
S01010210,489,206,283
S01010211,474,115,359
S01010212,558,140,418
S01010213,539,181,358
S01010214,428,300,128
S01010215,563,153,410
S01010216,565,129,436
S01010217,445,135,310
S01010218,601,230,371
S01010219,430,91,339
S01010220,220,117,103
S01010221,242,56,186
S01010222,395,142,253
S01010223,398,145,253
S01010224,477,89,388
S01010225,381,126,255
S01010226,442,68,374
S01010227,563,96,467
S01010228,376,98,278
S01010229,470,175,295
S01010230,726,105,621
S01010231,396,80,316
S01010232,312,101,211
S01010233,780,148,632
S01010234,513,208,305
S01010235,40,18,22
S01010236,396,187,209
S01010237,524,244,280
S01010238,547,207,340
S01010239,566,157,409
S01010240,645,220,425
S01010241,613,188,425
S01010242,697,210,487
S01010243,801,200,601
S01010244,569,125,444
S01010245,543,114,429
S01010246,533,108,425
S01010247,399,200,199
S01010248,529,243,286
S01010249,598,225,373
S01010250,472,214,258
S01010251,121,57,64
S01010252,293,125,168
S01010253,435,124,311
S01010254,496,159,337
S01010255,445,88,357
S01010256,638,129,509
S01010257,294,75,219
S01010258,533,232,301
S01010259,651,132,519
S01010260,292,90,202
S01010261,746,158,588
S01010262,696,148,548
S01010263,436,156,280
S01010264,500,149,351
S01010265,264,99,165
S01010266,387,169,218
S01010267,250,79,171
S01010268,533,210,323
S01010269,558,160,398
S01010270,766,132,634
S01010271,340,126,214
S01010272,270,31,239
S01010273,157,58,99
S01010274,157,80,77
S01010275,174,66,108
S01010276,84,66,18
S01010277,239,76,163
S01010278,708,223,485
S01010279,306,129,177
S01010280,430,181,249
S01010281,354,183,171
S01010282,657,240,417
S01010283,344,152,192
S01010284,751,338,413
S01010285,533,256,277
S01010286,582,256,326
S01010287,502,248,254
S01010288,419,217,202
S01010289,119,86,33
S01010290,371,155,216
S01010291,472,178,294
S01010292,536,274,262
S01010293,348,133,215
S01010294,436,190,246
S01010295,406,197,209
S01010296,329,154,175
S01010297,528,163,365
S01010298,536,168,368
S01010299,322,118,204
S01010300,724,291,433
S01010301,276,153,123
S01010302,492,105,387
S01010303,286,52,234
S01010304,479,129,350
S01010305,652,240,412
S01010306,448,217,231
S01010307,474,280,194
S01010308,442,263,179
S01010309,431,100,331
S01010310,445,106,339
S01010311,482,109,373
S01010312,372,74,298
S01010313,608,126,482
S01010314,541,175,366
S01010315,317,82,235
S01010316,351,101,250
S01010317,683,359,324
S01010318,326,123,203
S01010319,438,149,289
S01010320,423,143,280
S01010321,566,260,306
S01010322,664,443,221
S01010323,403,47,356
S01010324,491,158,333
S01010325,557,195,362
S01010326,480,95,385
S01010327,295,106,189
S01010328,401,149,252
S01010329,253,86,167
S01010330,328,122,206
S01010331,667,216,451
S01010332,410,169,241
S01010333,446,157,289
S01010334,472,170,302
S01010335,463,179,284
S01010336,479,105,374
S01010337,446,159,287
S01010338,427,119,308
S01010339,407,167,240
S01010340,409,130,279
S01010341,364,229,135
S01010342,411,254,157
S01010343,429,343,86
S01010344,565,174,391
S01010345,114,81,33
S01010346,452,308,144
S01010347,377,153,224
S01010348,535,236,299
S01010349,562,224,338
S01010350,598,179,419
S01010351,343,125,218
S01010352,409,163,246
S01010353,603,106,497
S01010354,297,102,195
S01010355,583,171,412
S01010356,292,160,132
S01010357,385,110,275
S01010358,526,117,409
S01010359,620,140,480
S01010360,323,105,218
S01010361,382,98,284
S01010362,683,202,481
S01010363,376,234,142
S01010364,442,365,77
S01010365,501,422,79
S01010366,631,479,152
S01010367,552,466,86
S01010368,423,359,64
S01010369,464,261,203
S01010370,322,228,94
S01010371,552,339,213
S01010372,448,292,156
S01010373,428,224,204
S01010374,449,277,172
S01010375,450,241,209
S01010376,426,202,224
S01010377,377,180,197
S01010378,413,199,214
S01010379,591,304,287
S01010380,570,305,265
S01010381,322,112,210
S01010382,511,237,274
S01010383,474,145,329
S01010384,641,281,360
S01010385,546,223,323
S01010386,533,201,332
S01010387,719,334,385
S01010388,525,206,319
S01010389,51,20,31
S01010390,748,318,430
S01010391,650,314,336
S01010392,113,43,70
S01010393,805,394,411
S01010394,571,196,375
S01010395,706,322,384
S01010396,586,244,342
S01010397,467,288,179
S01010398,526,346,180
S01010399,858,635,223
S01010400,462,356,106
S01010401,437,256,181
S01010402,574,411,163
S01010403,500,421,79
S01010404,643,469,174
S01010405,541,394,147
S01010406,483,314,169
S01010407,533,283,250
S01010408,329,201,128
S01010409,437,334,103
S01010410,175,156,19
S01010411,523,464,59
S01010412,448,347,101
S01010413,412,306,106
S01010414,521,378,143
S01010415,649,275,374
S01010416,251,205,46
S01010417,287,215,72
S01010418,647,412,235
S01010419,764,545,219
S01010420,471,368,103
S01010421,347,274,73
S01010422,501,317,184
S01010423,500,170,330
S01010424,438,164,274
S01010425,536,214,322
S01010426,611,276,335
S01010427,569,161,408
S01010428,710,429,281
S01010429,326,271,55
S01010430,531,151,380
S01010431,411,289,122
S01010432,432,169,263
S01010433,391,75,316
S01010434,412,112,300
S01010435,342,141,201
S01010436,434,128,306
S01010437,265,99,166
S01010438,363,135,228
S01010439,467,203,264
S01010440,471,208,263
S01010441,341,210,131
S01010442,412,160,252
S01010443,346,177,169
S01010444,298,153,145
S01010445,365,183,182
S01010446,341,230,111
S01010447,570,251,319
S01010448,454,279,175
S01010449,468,226,242
S01010450,492,223,269
S01010451,565,205,360
S01010452,438,193,245
S01010453,583,203,380
S01010454,532,279,253
S01010455,605,162,443
S01010456,369,157,212
S01010457,528,219,309
S01010458,445,188,257
S01010459,368,196,172
S01010460,159,87,72
S01010461,523,260,263
S01010462,456,102,354
S01010463,372,211,161
S01010464,314,161,153
S01010465,413,314,99
S01010466,614,388,226
S01010467,474,323,151
S01010468,437,300,137
S01010469,532,227,305
S01010470,389,202,187
S01010471,475,194,281
S01010472,221,153,68
S01010473,587,341,246
S01010474,559,279,280
S01010475,264,178,86
S01010476,357,150,207
S01010477,445,224,221
S01010478,833,311,522
S01010479,526,239,287
S01010480,397,223,174
S01010481,340,139,201
S01010482,460,225,235
S01010483,600,276,324
S01010484,452,235,217
S01010485,411,251,160
S01010486,465,391,74
S01010487,490,245,245
S01010488,581,219,362
S01010489,529,172,357
S01010490,384,108,276
S01010491,425,123,302
S01010492,364,85,279
S01010493,378,88,290
S01010494,390,150,240
S01010495,474,132,342
S01010496,741,130,611
S01010497,261,76,185
S01010498,595,121,474
S01010499,537,108,429
S01010500,345,98,247
S01010501,348,111,237
S01010502,323,187,136
S01010503,421,101,320
S01010504,257,209,48
S01010505,281,240,41
S01010506,348,290,58
S01010507,399,299,100
S01010508,483,406,77
S01010509,518,445,73
S01010510,602,490,112
S01010511,483,317,166
S01010512,394,287,107
S01010513,329,295,34
S01010514,372,239,133
S01010515,395,253,142
S01010516,272,205,67
S01010517,432,271,161
S01010518,380,281,99
S01010519,345,261,84
S01010520,430,287,143
S01010521,445,274,171
S01010522,303,181,122
S01010523,408,206,202
S01010524,262,228,34
S01010525,284,255,29
S01010526,386,312,74
S01010527,602,396,206
S01010528,287,250,37
S01010529,340,298,42
S01010530,292,265,27
S01010531,419,331,88
S01010532,369,336,33
S01010533,367,298,69
S01010534,419,337,82
S01010535,241,221,20
S01010536,527,352,175
S01010537,538,372,166
S01010538,157,114,43
S01010539,378,293,85
S01010540,280,248,32
S01010541,311,265,46
S01010542,384,322,62
S01010543,233,213,20
S01010544,500,394,106
S01010545,293,211,82
S01010546,388,332,56
S01010547,279,264,15
S01010548,150,140,10
S01010549,133,114,19
S01010550,270,228,42
S01010551,265,246,19
S01010552,364,329,35
S01010553,216,210,6
S01010554,384,251,133
S01010555,456,299,157
S01010556,461,265,196
S01010557,309,233,76
S01010558,265,195,70
S01010559,333,269,64
S01010560,269,218,51
S01010561,366,319,47
S01010562,420,336,84
S01010563,345,212,133
S01010564,318,191,127
S01010565,390,286,104
S01010566,308,283,25
S01010567,367,356,11
S01010568,471,425,46
S01010569,329,297,32
S01010570,524,388,136
S01010571,440,368,72
S01010572,414,305,109
S01010573,276,199,77
S01010574,213,198,15
S01010575,343,313,30
S01010576,325,303,22
S01010577,354,210,144
S01010578,204,165,39
S01010579,326,293,33
S01010580,298,226,72
S01010581,378,318,60
S01010582,131,121,10
S01010583,378,344,34
S01010584,102,66,36
S01010585,99,81,18
S01010586,268,253,15
S01010587,337,311,26
S01010588,240,204,36
S01010589,327,247,80
S01010590,140,136,4
S01010591,47,46,1
S01010592,205,177,28
S01010593,235,214,21
S01010594,77,72,5
S01010595,72,67,5
S01010596,373,336,37
S01010597,123,115,8
S01010598,174,161,13
S01010599,152,136,16
S01010600,357,324,33
S01010601,332,286,46
S01010602,252,209,43
S01010603,365,315,50
S01010604,357,327,30
S01010605,419,380,39
S01010606,444,270,174
S01010607,434,373,61
S01010608,338,161,177
S01010609,239,138,101
S01010610,382,305,77
S01010611,606,375,231
S01010612,307,231,76
S01010613,337,210,127
S01010614,334,149,185
S01010615,419,283,136
S01010616,398,344,54
S01010617,406,345,61
S01010618,425,373,52
S01010619,340,164,176
S01010620,249,71,178
S01010621,503,352,151
S01010622,336,168,168
S01010623,296,234,62
S01010624,282,183,99
S01010625,336,301,35
S01010626,405,334,71
S01010627,471,318,153
S01010628,577,358,219
S01010629,532,360,172
S01010630,298,179,119
S01010631,303,205,98
S01010632,471,255,216
S01010633,419,198,221
S01010634,262,157,105
S01010635,346,174,172
S01010636,419,314,105
S01010637,515,247,268
S01010638,451,229,222
S01010639,563,264,299
S01010640,390,236,154
S01010641,627,215,412
S01010642,467,175,292
S01010643,302,85,217
S01010644,419,107,312
S01010645,362,307,55
S01010646,328,294,34
S01010647,305,251,54
S01010648,459,308,151
S01010649,323,255,68
S01010650,230,183,47
S01010651,293,199,94
S01010652,278,231,47
S01010653,375,299,76
S01010654,349,210,139
S01010655,366,331,35
S01010656,260,216,44
S01010657,303,282,21
S01010658,349,295,54
S01010659,263,243,20
S01010660,307,237,70
S01010661,352,263,89
S01010662,286,254,32
S01010663,441,402,39
S01010664,242,228,14
S01010665,375,326,49
S01010666,479,375,104
S01010667,274,245,29
S01010668,512,430,82
S01010669,246,216,30
S01010670,393,333,60
S01010671,328,276,52
S01010672,624,453,171
S01010673,466,344,122
S01010674,481,365,116
S01010675,374,298,76
S01010676,453,363,90
S01010677,200,177,23
S01010678,368,309,59
S01010679,680,484,196
S01010680,342,222,120
S01010681,401,281,120
S01010682,441,382,59
S01010683,366,284,82
S01010684,467,386,81
S01010685,345,280,65
S01010686,286,231,55
S01010687,462,372,90
S01010688,375,321,54
S01010689,473,392,81
S01010690,400,288,112
S01010691,349,312,37
S01010692,253,194,59
S01010693,172,156,16
S01010694,358,300,58
S01010695,265,239,26
S01010696,409,318,91
S01010697,408,367,41
S01010698,264,234,30
S01010699,220,207,13
S01010700,234,215,19
S01010701,493,416,77
S01010702,384,356,28
S01010703,321,305,16
S01010704,466,344,122
S01010705,399,334,65
S01010706,226,174,52
S01010707,256,237,19
S01010708,425,363,62
S01010709,360,304,56
S01010710,387,281,106
S01010711,261,234,27
S01010712,265,193,72
S01010713,405,293,112
S01010714,419,219,200
S01010715,385,238,147
S01010716,406,283,123
S01010717,440,387,53
S01010718,334,296,38
S01010719,331,281,50
S01010720,367,287,80
S01010721,352,289,63
S01010722,447,356,91
S01010723,348,327,21
S01010724,304,270,34
S01010725,302,279,23
S01010726,437,373,64
S01010727,249,225,24
S01010728,284,263,21
S01010729,327,307,20
S01010730,310,290,20
S01010731,377,276,101
S01010732,336,210,126
S01010733,356,202,154
S01010734,363,202,161
S01010735,358,232,126
S01010736,146,134,12
S01010737,370,230,140
S01010738,404,275,129
S01010739,308,221,87
S01010740,335,185,150
S01010741,271,212,59
S01010742,354,222,132
S01010743,333,212,121
S01010744,465,348,117
S01010745,348,211,137
S01010746,368,314,54
S01010747,419,314,105
S01010748,222,196,26
S01010749,274,237,37
S01010750,261,225,36
S01010751,453,307,146
S01010752,441,304,137
S01010753,488,350,138
S01010754,425,290,135
S01010755,390,272,118
S01010756,357,326,31
S01010757,387,336,51
S01010758,247,201,46
S01010759,304,219,85
S01010760,346,280,66
S01010761,218,195,23
S01010762,246,218,28
S01010763,428,333,95
S01010764,259,219,40
S01010765,532,430,102
S01010766,342,249,93
S01010767,280,169,111
S01010768,336,223,113
S01010769,197,177,20
S01010770,385,288,97
S01010771,494,336,158
S01010772,347,265,82
S01010773,270,230,40
S01010774,523,393,130
S01010775,211,184,27
S01010776,409,233,176
S01010777,294,134,160
S01010778,359,164,195
S01010779,377,209,168
S01010780,271,175,96
S01010781,399,301,98
S01010782,300,191,109
S01010783,424,245,179
S01010784,528,301,227
S01010785,353,275,78
S01010786,194,161,33
S01010787,339,288,51
S01010788,256,213,43
S01010789,339,278,61
S01010790,314,275,39
S01010791,379,330,49
S01010792,454,314,140
S01010793,206,179,27
S01010794,155,136,19
S01010795,515,431,84
S01010796,517,455,62
S01010797,218,195,23
S01010798,263,240,23
S01010799,524,305,219
S01010800,407,249,158
S01010801,407,243,164
S01010802,284,215,69
S01010803,249,143,106
S01010804,367,260,107
S01010805,496,387,109
S01010806,414,226,188
S01010807,234,184,50
S01010808,230,184,46
S01010809,309,271,38
S01010810,251,178,73
S01010811,435,360,75
S01010812,230,169,61
S01010813,404,322,82
S01010814,338,291,47
S01010815,281,227,54
S01010816,352,289,63
S01010817,484,445,39
S01010818,614,475,139
S01010819,409,309,100
S01010820,405,337,68
S01010821,316,303,13
S01010822,159,152,7
S01010823,148,81,67
S01010824,215,212,3
S01010825,262,243,19
S01010826,280,255,25
S01010827,246,226,20
S01010828,394,370,24
S01010829,333,267,66
S01010830,231,188,43
S01010831,119,116,3
S01010832,277,241,36
S01010833,368,344,24
S01010834,569,518,51
S01010835,314,293,21
S01010836,443,372,71
S01010837,356,260,96
S01010838,469,280,189
S01010839,411,269,142
S01010840,355,235,120
S01010841,616,362,254
S01010842,646,264,382
S01010843,486,233,253
S01010844,360,271,89
S01010845,251,199,52
S01010846,356,229,127
S01010847,321,288,33
S01010848,424,201,223
S01010849,359,182,177
S01010850,389,175,214
S01010851,415,189,226
S01010852,340,206,134
S01010853,418,254,164
S01010854,268,107,161
S01010855,226,111,115
S01010856,430,201,229
S01010857,371,251,120
S01010858,507,213,294
S01010859,361,164,197
S01010860,376,211,165
S01010861,393,170,223
S01010862,337,128,209
S01010863,348,263,85
S01010864,276,237,39
S01010865,317,271,46
S01010866,360,287,73
S01010867,348,288,60
S01010868,297,248,49
S01010869,445,413,32
S01010870,375,279,96
S01010871,357,263,94
S01010872,414,248,166
S01010873,502,180,322
S01010874,357,285,72
S01010875,291,185,106
S01010876,365,184,181
S01010877,559,374,185
S01010878,578,299,279
S01010879,472,312,160
S01010880,292,166,126
S01010881,375,221,154
S01010882,247,196,51
S01010883,420,278,142
S01010884,608,245,363
S01010885,743,286,457
S01010886,381,180,201
S01010887,320,107,213
S01010888,518,247,271
S01010889,501,223,278
S01010890,562,121,441
S01010891,357,80,277
S01010892,456,137,319
S01010893,415,114,301
S01010894,254,94,160
S01010895,318,118,200
S01010896,566,192,374
S01010897,333,118,215
S01010898,381,236,145
S01010899,261,190,71
S01010900,402,225,177
S01010901,243,82,161
S01010902,439,208,231
S01010903,396,135,261
S01010904,279,119,160
S01010905,193,111,82
S01010906,323,204,119
S01010907,33,30,3
S01010908,274,160,114
S01010909,274,222,52
S01010910,375,176,199
S01010911,551,165,386
S01010912,473,133,340
S01010913,280,201,79
S01010914,304,240,64
S01010915,351,277,74
S01010916,430,169,261
S01010917,412,187,225
S01010918,559,281,278
S01010919,368,195,173
S01010920,332,114,218
S01010921,305,169,136
S01010922,391,193,198
S01010923,518,263,255
S01010924,294,163,131
S01010925,378,187,191
S01010926,415,235,180
S01010927,400,191,209
S01010928,360,173,187
S01010929,435,196,239
S01010930,252,234,18
S01010931,195,184,11
S01010932,459,313,146
S01010933,151,131,20
S01010934,442,363,79
S01010935,382,282,100
S01010936,368,202,166
S01010937,327,260,67
S01010938,448,226,222
S01010939,292,231,61
S01010940,270,258,12
S01010941,489,472,17
S01010942,268,251,17
S01010943,335,216,119
S01010944,392,217,175
S01010945,224,168,56
S01010946,456,286,170
S01010947,355,241,114
S01010948,285,195,90
S01010949,376,343,33
S01010950,381,267,114
S01010951,304,238,66
S01010952,311,247,64
S01010953,280,234,46
S01010954,289,266,23
S01010955,246,226,20
S01010956,348,308,40
S01010957,234,213,21
S01010958,282,229,53
S01010959,335,237,98
S01010960,513,379,134
S01010961,491,361,130
S01010962,389,270,119
S01010963,414,326,88
S01010964,221,184,37
S01010965,451,249,202
S01010966,394,263,131
S01010967,402,262,140
S01010968,382,301,81
S01010969,326,256,70
S01010970,603,417,186
S01010971,624,544,80
S01010972,279,189,90
S01010973,250,202,48
S01010974,491,313,178
S01010975,261,159,102
S01010976,292,217,75
S01010977,315,234,81
S01010978,428,233,195
S01010979,355,214,141
S01010980,393,226,167
S01010981,340,215,125
S01010982,541,472,69
S01010983,555,405,150
S01010984,473,401,72
S01010985,352,246,106
S01010986,155,150,5
S01010987,152,145,7
S01010988,203,201,2
S01010989,129,116,13
S01010990,295,225,70
S01010991,268,230,38
S01010992,204,158,46
S01010993,292,245,47
S01010994,481,447,34
S01010995,348,307,41
S01010996,341,298,43
S01010997,426,396,30
S01010998,354,327,27
S01010999,333,266,67
S01011000,442,380,62
S01011001,281,190,91
S01011002,320,202,118
S01011003,350,227,123
S01011004,339,280,59
S01011005,369,223,146
S01011006,248,188,60
S01011007,381,242,139
S01011008,386,279,107
S01011009,276,195,81
S01011010,473,264,209
S01011011,456,215,241
S01011012,516,261,255
S01011013,426,245,181
S01011014,376,279,97
S01011015,256,172,84
S01011016,144,130,14
S01011017,336,313,23
S01011018,622,504,118
S01011019,370,322,48
S01011020,164,145,19
S01011021,352,234,118
S01011022,313,196,117
S01011023,348,209,139
S01011024,517,296,221
S01011025,290,186,104
S01011026,251,168,83
S01011027,488,249,239
S01011028,362,237,125
S01011029,322,224,98
S01011030,372,330,42
S01011031,307,199,108
S01011032,406,259,147
S01011033,313,213,100
S01011034,377,203,174
S01011035,258,168,90
S01011036,389,283,106
S01011037,398,252,146
S01011038,402,229,173
S01011039,410,290,120
S01011040,393,252,141
S01011041,289,180,109
S01011042,285,235,50
S01011043,419,293,126
S01011044,354,250,104
S01011045,339,287,52
S01011046,251,227,24
S01011047,408,370,38
S01011048,497,384,113
S01011049,360,267,93
S01011050,342,306,36
S01011051,371,283,88
S01011052,449,359,90
S01011053,300,206,94
S01011054,272,232,40
S01011055,217,186,31
S01011056,218,204,14
S01011057,269,231,38
S01011058,214,205,9
S01011059,268,252,16
S01011060,530,396,134
S01011061,468,342,126
S01011062,610,434,176
S01011063,456,314,142
S01011064,569,421,148
S01011065,312,271,41
S01011066,280,219,61
S01011067,453,305,148
S01011068,328,237,91
S01011069,279,221,58
S01011070,344,269,75
S01011071,382,307,75
S01011072,308,274,34
S01011073,290,234,56
S01011074,279,207,72
S01011075,403,247,156
S01011076,531,335,196
S01011077,436,268,168
S01011078,410,346,64
S01011079,547,387,160
S01011080,494,340,154
S01011081,350,239,111
S01011082,359,184,175
S01011083,461,343,118
S01011084,317,284,33
S01011085,348,298,50
S01011086,275,225,50
S01011087,385,314,71
S01011088,517,395,122
S01011089,396,307,89
S01011090,273,250,23
S01011091,266,251,15
S01011092,120,116,4
S01011093,336,318,18
S01011094,215,190,25
S01011095,364,338,26
S01011096,190,179,11
S01011097,280,260,20
S01011098,398,328,70
S01011099,360,249,111
S01011100,239,192,47
S01011101,324,208,116
S01011102,387,210,177
S01011103,451,222,229
S01011104,299,205,94
S01011105,385,278,107
S01011106,250,234,16
S01011107,124,105,19
S01011108,268,211,57
S01011109,356,296,60
S01011110,414,286,128
S01011111,504,309,195
S01011112,75,64,11
S01011113,490,349,141
S01011114,425,393,32
S01011115,409,244,165
S01011116,346,284,62
S01011117,435,326,109
S01011118,397,322,75
S01011119,375,304,71
S01011120,464,431,33
S01011121,388,183,205
S01011122,351,241,110
S01011123,508,341,167
S01011124,171,114,57
S01011125,191,126,65
S01011126,289,225,64
S01011127,147,146,1
S01011128,458,339,119
S01011129,276,261,15
S01011130,371,231,140
S01011131,311,236,75
S01011132,330,263,67
S01011133,228,166,62
S01011134,398,287,111
S01011135,436,314,122
S01011136,243,176,67
S01011137,230,181,49
S01011138,206,135,71
S01011139,279,258,21
S01011140,218,139,79
S01011141,360,271,89
S01011142,324,303,21
S01011143,471,424,47
S01011144,337,262,75
S01011145,339,306,33
S01011146,243,205,38
S01011147,486,375,111
S01011148,290,261,29
S01011149,171,164,7
S01011150,344,333,11
S01011151,324,282,42
S01011152,434,330,104
S01011153,409,301,108
S01011154,375,173,202
S01011155,369,225,144
S01011156,340,310,30
S01011157,290,267,23
S01011158,272,241,31
S01011159,327,169,158
S01011160,340,265,75
S01011161,254,192,62
S01011162,285,236,49
S01011163,402,274,128
S01011164,229,200,29
S01011165,392,247,145
S01011166,286,258,28
S01011167,369,350,19
S01011168,340,320,20
S01011169,90,75,15
S01011170,337,300,37
S01011171,449,386,63
S01011172,353,288,65
S01011173,404,339,65
S01011174,447,367,80
S01011175,404,289,115
S01011176,328,267,61
S01011177,509,386,123
S01011178,296,258,38
S01011179,308,176,132
S01011180,383,210,173
S01011181,273,237,36
S01011182,196,171,25
S01011183,288,232,56
S01011184,278,265,13
S01011185,340,265,75
S01011186,545,325,220
S01011187,356,304,52
S01011188,509,327,182
S01011189,366,264,102
S01011190,409,251,158
S01011191,342,208,134
S01011192,363,270,93
S01011193,393,245,148
S01011194,300,174,126
S01011195,392,261,131
S01011196,478,246,232
S01011197,365,236,129
S01011198,307,184,123
S01011199,328,210,118
S01011200,409,329,80
S01011201,248,179,69
S01011202,447,302,145
S01011203,560,391,169
S01011204,237,215,22
S01011205,79,74,5
S01011206,233,212,21
S01011207,414,332,82
S01011208,344,305,39
S01011209,297,199,98
S01011210,242,196,46
S01011211,361,330,31
S01011212,283,172,111
S01011213,395,269,126
S01011214,410,242,168
S01011215,372,175,197
S01011216,464,237,227
S01011217,575,275,300
S01011218,405,175,230
S01011219,440,238,202
S01011220,486,276,210
S01011221,512,321,191
S01011222,310,178,132
S01011223,431,265,166
S01011224,341,181,160
S01011225,465,222,243
S01011226,424,322,102
S01011227,411,235,176
S01011228,610,303,307
S01011229,425,229,196
S01011230,629,267,362
S01011231,589,204,385
S01011232,392,192,200
S01011233,300,212,88
S01011234,510,243,267
S01011235,224,112,112
S01011236,288,159,129
S01011237,411,183,228
S01011238,364,160,204
S01011239,530,206,324
S01011240,678,244,434
S01011241,468,253,215
S01011242,460,298,162
S01011243,478,151,327
S01011244,420,161,259
S01011245,430,226,204
S01011246,334,210,124
S01011247,377,308,69
S01011248,381,313,68
S01011249,346,294,52
S01011250,443,215,228
S01011251,381,197,184
S01011252,348,183,165
S01011253,440,169,271
S01011254,469,397,72
S01011255,55,55,0
S01011256,59,58,1
S01011257,219,195,24
S01011258,290,213,77
S01011259,390,230,160
S01011260,342,257,85
S01011261,364,158,206
S01011262,297,187,110
S01011263,276,152,124
S01011264,256,138,118
S01011265,443,237,206
S01011266,369,238,131
S01011267,306,206,100
S01011268,267,183,84
S01011269,306,150,156
S01011270,426,191,235
S01011271,416,249,167
S01011272,373,165,208
S01011273,477,277,200
S01011274,458,263,195
S01011275,339,227,112
S01011276,438,256,182
S01011277,288,259,29
S01011278,289,274,15
S01011279,322,264,58
S01011280,266,246,20
S01011281,283,262,21
S01011282,293,249,44
S01011283,177,169,8
S01011284,143,136,7
S01011285,521,240,281
S01011286,299,167,132
S01011287,428,243,185
S01011288,442,264,178
S01011289,394,229,165
S01011290,597,325,272
S01011291,499,283,216
S01011292,318,138,180
S01011293,425,194,231
S01011294,575,212,363
S01011295,439,310,129
S01011296,348,196,152
S01011297,376,223,153
S01011298,451,315,136
S01011299,186,181,5
S01011300,446,255,191
S01011301,259,227,32
S01011302,564,278,286
S01011303,468,403,65
S01011304,379,278,101
S01011305,255,130,125
S01011306,273,182,91
S01011307,395,316,79
S01011308,261,221,40
S01011309,379,337,42
S01011310,345,248,97
S01011311,456,427,29
S01011312,491,456,35
S01011313,493,365,128
S01011314,376,285,91
S01011315,176,102,74
S01011316,360,230,130
S01011317,443,359,84
S01011318,461,319,142
S01011319,530,399,131
S01011320,384,264,120
S01011321,280,196,84
S01011322,259,196,63
S01011323,457,281,176
S01011324,267,156,111
S01011325,548,270,278
S01011326,701,287,414
S01011327,486,247,239
S01011328,411,257,154
S01011329,472,316,156
S01011330,328,268,60
S01011331,316,273,43
S01011332,433,382,51
S01011333,333,276,57
S01011334,438,346,92
S01011335,389,343,46
S01011336,289,205,84
S01011337,271,246,25
S01011338,276,196,80
S01011339,268,168,100
S01011340,448,267,181
S01011341,355,228,127
S01011342,399,272,127
S01011343,424,231,193
S01011344,394,196,198
S01011345,473,264,209
S01011346,385,249,136
S01011347,534,329,205
S01011348,545,378,167
S01011349,402,363,39
S01011350,334,300,34
S01011351,389,194,195
S01011352,333,200,133
S01011353,281,188,93
S01011354,363,311,52
S01011355,475,342,133
S01011356,357,324,33
S01011357,490,412,78
S01011358,185,180,5
S01011359,365,243,122
S01011360,333,138,195
S01011361,307,88,219
S01011362,131,98,33
S01011363,550,377,173
S01011364,213,162,51
S01011365,249,194,55
S01011366,236,139,97
S01011367,356,220,136
S01011368,37,17,20
S01011369,310,192,118
S01011370,131,67,64
S01011371,767,423,344
S01011372,576,240,336
S01011373,412,211,201
S01011374,198,170,28
S01011375,280,190,90
S01011376,351,171,180
S01011377,239,197,42
S01011378,455,329,126
S01011379,361,310,51
S01011380,399,225,174
S01011381,337,241,96
S01011382,148,62,86
S01011383,567,178,389
S01011384,350,111,239
S01011385,449,186,263
S01011386,410,186,224
S01011387,387,165,222
S01011388,291,154,137
S01011389,383,210,173
S01011390,471,241,230
S01011391,258,151,107
S01011392,401,260,141
S01011393,361,236,125
S01011394,308,191,117
S01011395,423,239,184
S01011396,439,245,194
S01011397,326,175,151
S01011398,324,165,159
S01011399,224,111,113
S01011400,339,198,141
S01011401,426,320,106
S01011402,497,338,159
S01011403,430,289,141
S01011404,564,354,210
S01011405,326,243,83
S01011406,317,203,114
S01011407,574,441,133
S01011408,422,238,184
S01011409,297,156,141
S01011410,384,260,124
S01011411,413,275,138
S01011412,401,357,44
S01011413,226,210,16
S01011414,500,297,203
S01011415,411,277,134
S01011416,337,312,25
S01011417,328,212,116
S01011418,383,201,182
S01011419,319,188,131
S01011420,268,126,142
S01011421,164,152,12
S01011422,178,104,74
S01011423,234,131,103
S01011424,231,162,69
S01011425,297,213,84
S01011426,334,269,65
S01011427,423,277,146
S01011428,305,203,102
S01011429,252,229,23
S01011430,386,327,59
S01011431,580,348,232
S01011432,591,398,193
S01011433,431,238,193
S01011434,435,310,125
S01011435,505,392,113
S01011436,584,330,254
S01011437,392,214,178
S01011438,384,207,177
S01011439,510,336,174
S01011440,452,301,151
S01011441,335,213,122
S01011442,319,199,120
S01011443,371,241,130
S01011444,439,296,143
S01011445,318,196,122
S01011446,382,316,66
S01011447,445,260,185
S01011448,461,355,106
S01011449,305,163,142
S01011450,162,133,29
S01011451,288,246,42
S01011452,390,310,80
S01011453,335,234,101
S01011454,475,279,196
S01011455,465,281,184
S01011456,460,285,175
S01011457,362,203,159
S01011458,269,211,58
S01011459,230,150,80
S01011460,415,239,176
S01011461,395,230,165
S01011462,419,303,116
S01011463,252,201,51
S01011464,122,60,62
S01011465,279,153,126
S01011466,530,321,209
S01011467,156,79,77
S01011468,48,48,0
S01011469,300,165,135
S01011470,458,293,165
S01011471,467,287,180
S01011472,749,348,401
S01011473,573,260,313
S01011474,590,272,318
S01011475,398,134,264
S01011476,304,284,20
S01011477,330,321,9
S01011478,451,382,69
S01011479,385,333,52
S01011480,411,343,68
S01011481,321,161,160
S01011482,490,248,242
S01011483,355,294,61
S01011484,475,244,231
S01011485,372,176,196
S01011486,230,119,111
S01011487,365,207,158
S01011488,283,137,146
S01011489,216,144,72
S01011490,523,312,211
S01011491,265,77,188
S01011492,483,216,267
S01011493,395,272,123
S01011494,345,134,211
S01011495,477,271,206
S01011496,285,108,177
S01011497,327,297,30
S01011498,227,210,17
S01011499,408,295,113
S01011500,471,251,220
S01011501,327,150,177
S01011502,307,204,103
S01011503,428,264,164
S01011504,266,173,93
S01011505,289,159,130
S01011506,273,173,100
S01011507,368,195,173
S01011508,419,271,148
S01011509,245,185,60
S01011510,405,202,203
S01011511,318,159,159
S01011512,558,241,317
S01011513,447,187,260
S01011514,365,219,146
S01011515,359,294,65
S01011516,364,343,21
S01011517,272,163,109
S01011518,305,153,152
S01011519,314,162,152
S01011520,502,220,282
S01011521,608,302,306
S01011522,450,214,236
S01011523,589,337,252
S01011524,371,286,85
S01011525,297,209,88
S01011526,368,257,111
S01011527,364,285,79
S01011528,501,246,255
S01011529,554,237,317
S01011530,581,320,261
S01011531,522,341,181
S01011532,170,163,7
S01011533,313,146,167
S01011534,361,212,149
S01011535,418,158,260
S01011536,260,241,19
S01011537,387,307,80
S01011538,306,275,31
S01011539,388,191,197
S01011540,398,237,161
S01011541,383,165,218
S01011542,435,266,169
S01011543,371,159,212
S01011544,336,165,171
S01011545,359,203,156
S01011546,234,228,6
S01011547,179,172,7
S01011548,359,220,139
S01011549,369,295,74
S01011550,376,361,15
S01011551,381,277,104
S01011552,389,293,96
S01011553,94,75,19
S01011554,422,277,145
S01011555,323,170,153
S01011556,316,158,158
S01011557,385,223,162
S01011558,352,190,162
S01011559,300,167,133
S01011560,414,210,204
S01011561,293,151,142
S01011562,372,166,206
S01011563,404,175,229
S01011564,311,180,131
S01011565,336,195,141
S01011566,315,157,158
S01011567,358,196,162
S01011568,315,195,120
S01011569,346,190,156
S01011570,426,248,178
S01011571,514,219,295
S01011572,473,236,237
S01011573,340,194,146
S01011574,271,159,112
S01011575,205,96,109
S01011576,402,146,256
S01011577,275,175,100
S01011578,508,278,230
S01011579,354,319,35
S01011580,478,184,294
S01011581,441,213,228
S01011582,561,437,124
S01011583,464,243,221
S01011584,366,190,176
S01011585,549,278,271
S01011586,296,161,135
S01011587,297,168,129
S01011588,367,221,146
S01011589,394,258,136
S01011590,442,288,154
S01011591,387,202,185
S01011592,378,191,187
S01011593,269,164,105
S01011594,300,181,119
S01011595,434,323,111
S01011596,575,416,159
S01011597,376,257,119
S01011598,577,192,385
S01011599,414,224,190
S01011600,352,206,146
S01011601,305,282,23
S01011602,296,156,140
S01011603,541,237,304
S01011604,289,149,140
S01011605,381,218,163
S01011606,141,134,7
S01011607,306,287,19
S01011608,316,284,32
S01011609,446,176,270
S01011610,417,202,215
S01011611,284,237,47
S01011612,104,73,31
S01011613,370,357,13
S01011614,181,130,51
S01011615,348,221,127
S01011616,259,135,124
S01011617,452,270,182
S01011618,330,218,112
S01011619,305,274,31
S01011620,260,250,10
S01011621,333,274,59
S01011622,59,55,4
S01011623,394,273,121
S01011624,343,243,100
S01011625,230,170,60
S01011626,390,363,27
S01011627,235,221,14
S01011628,486,444,42
S01011629,313,194,119
S01011630,275,163,112
S01011631,352,187,165
S01011632,416,249,167
S01011633,475,286,189
S01011634,329,234,95
S01011635,259,165,94
S01011636,343,167,176
S01011637,321,173,148
S01011638,372,197,175
S01011639,268,130,138
S01011640,416,231,185
S01011641,374,342,32
S01011642,377,281,96
S01011643,288,151,137
S01011644,409,245,164
S01011645,291,193,98
S01011646,329,311,18
S01011647,385,373,12
S01011648,184,110,74
S01011649,190,95,95
S01011650,501,341,160
S01011651,354,232,122
S01011652,378,284,94
S01011653,429,252,177
S01011654,550,280,270
S01011655,420,180,240
S01011656,322,133,189
S01011657,315,123,192
S01011658,398,250,148
S01011659,385,243,142
S01011660,470,378,92
S01011661,434,276,158
S01011662,179,168,11
S01011663,374,183,191
S01011664,391,205,186
S01011665,530,251,279
S01011666,524,230,294
S01011667,446,237,209
S01011668,612,299,313
S01011669,398,277,121
S01011670,348,225,123
S01011671,331,235,96
S01011672,338,213,125
S01011673,339,184,155
S01011674,349,231,118
S01011675,413,238,175
S01011676,347,189,158
S01011677,66,38,28
S01011678,221,126,95
S01011679,255,166,89
S01011680,500,300,200
S01011681,306,200,106
S01011682,277,252,25
S01011683,326,247,79
S01011684,285,218,67
S01011685,128,92,36
S01011686,364,328,36
S01011687,425,280,145
S01011688,396,317,79
S01011689,198,159,39
S01011690,349,260,89
S01011691,122,88,34
S01011692,513,284,229
S01011693,410,313,97
S01011694,57,38,19
S01011695,383,327,56
S01011696,65,49,16
S01011697,197,115,82
S01011698,313,208,105
S01011699,351,295,56
S01011700,407,283,124
S01011701,332,287,45
S01011702,379,299,80
S01011703,302,264,38
S01011704,324,275,49
S01011705,363,244,119
S01011706,418,266,152
S01011707,251,226,25
S01011708,461,308,153
S01011709,448,324,124
S01011710,272,152,120
S01011711,559,256,303
S01011712,298,189,109
S01011713,527,403,124
S01011714,180,146,34
S01011715,505,303,202
S01011716,382,352,30
S01011717,324,300,24
S01011718,99,85,14
S01011719,244,231,13
S01011720,251,232,19
S01011721,302,216,86
S01011722,574,381,193
S01011723,368,262,106
S01011724,255,223,32
S01011725,218,213,5
S01011726,205,200,5
S01011727,85,62,23
S01011728,388,269,119
S01011729,498,280,218
S01011730,421,342,79
S01011731,438,325,113
S01011732,355,310,45
S01011733,344,244,100
S01011734,382,270,112
S01011735,285,264,21
S01011736,462,331,131
S01011737,377,234,143
S01011738,361,193,168
S01011739,258,171,87
S01011740,285,141,144
S01011741,463,225,238
S01011742,373,230,143
S01011743,340,244,96
S01011744,416,196,220
S01011745,542,281,261
S01011746,372,170,202
S01011747,428,192,236
S01011748,431,212,219
S01011749,388,206,182
S01011750,382,223,159
S01011751,601,238,363
S01011752,520,300,220
S01011753,390,298,92
S01011754,414,272,142
S01011755,441,297,144
S01011756,514,331,183
S01011757,408,241,167
S01011758,254,179,75
S01011759,368,251,117
S01011760,413,257,156
S01011761,256,163,93
S01011762,434,238,196
S01011763,346,246,100
S01011764,136,112,24
S01011765,450,426,24
S01011766,270,251,19
S01011767,559,375,184
S01011768,374,234,140
S01011769,434,231,203
S01011770,456,290,166
S01011771,227,220,7
S01011772,373,367,6
S01011773,187,184,3
S01011774,311,247,64
S01011775,254,246,8
S01011776,149,148,1
S01011777,252,232,20
S01011778,269,225,44
S01011779,301,275,26
S01011780,240,228,12
S01011781,339,292,47
S01011782,290,280,10
S01011783,207,196,11
S01011784,360,232,128
S01011785,450,278,172
S01011786,66,66,0
S01011787,496,225,271
S01011788,164,163,1
S01011789,464,407,57
S01011790,464,315,149
S01011791,341,214,127
S01011792,488,248,240
S01011793,305,201,104
S01011794,417,223,194
S01011795,336,207,129
S01011796,417,189,228
S01011797,322,307,15
S01011798,239,149,90
S01011799,396,325,71
S01011800,280,194,86
S01011801,285,151,134
S01011802,356,189,167
S01011803,252,171,81
S01011804,451,294,157
S01011805,424,298,126
S01011806,490,400,90
S01011807,392,346,46
S01011808,386,333,53
S01011809,241,221,20
S01011810,433,371,62
S01011811,360,324,36
S01011812,410,365,45
S01011813,320,290,30
S01011814,245,224,21
S01011815,189,180,9
S01011816,245,227,18
S01011817,264,247,17
S01011818,518,448,70
S01011819,594,397,197
S01011820,328,225,103
S01011821,227,149,78
S01011822,436,228,208
S01011823,279,196,83
S01011824,411,278,133
S01011825,253,163,90
S01011826,329,234,95
S01011827,292,229,63
S01011828,363,282,81
S01011829,191,165,26
S01011830,346,284,62
S01011831,455,373,82
S01011832,350,284,66
S01011833,309,298,11
S01011834,239,224,15
S01011835,230,215,15
S01011836,434,421,13
S01011837,283,276,7
S01011838,446,417,29
S01011839,487,458,29
S01011840,471,418,53
S01011841,625,462,163
S01011842,608,447,161
S01011843,468,441,27
S01011844,371,336,35
S01011845,345,280,65
S01011846,363,314,49
S01011847,172,164,8
S01011848,319,295,24
S01011849,295,254,41
S01011850,387,359,28
S01011851,344,285,59
S01011852,429,302,127
S01011853,353,306,47
S01011854,440,383,57
S01011855,467,335,132
S01011856,314,294,20
S01011857,476,381,95
S01011858,403,355,48
S01011859,506,385,121
S01011860,279,259,20
S01011861,331,291,40
S01011862,392,351,41
S01011863,402,322,80
S01011864,336,299,37
S01011865,320,241,79
S01011866,473,378,95
S01011867,434,248,186
S01011868,399,269,130
S01011869,393,236,157
S01011870,305,237,68
S01011871,376,356,20
S01011872,348,322,26
S01011873,287,265,22
S01011874,349,304,45
S01011875,484,393,91
S01011876,399,358,41
S01011877,342,294,48
S01011878,469,420,49
S01011879,294,276,18
S01011880,380,349,31
S01011881,353,291,62
S01011882,434,315,119
S01011883,571,500,71
S01011884,151,139,12
S01011885,192,154,38
S01011886,385,320,65
S01011887,292,213,79
S01011888,546,332,214
S01011889,465,321,144
S01011890,401,313,88
S01011891,381,207,174
S01011892,580,439,141
S01011893,523,348,175
S01011894,319,235,84
S01011895,451,373,78
S01011896,481,332,149
S01011897,469,382,87
S01011898,280,244,36
S01011899,447,408,39
S01011900,267,259,8
S01011901,365,318,47
S01011902,502,439,63
S01011903,414,377,37
S01011904,381,358,23
S01011905,287,265,22
S01011906,158,152,6
S01011907,371,344,27
S01011908,226,203,23
S01011909,213,200,13
S01011910,557,326,231
S01011911,326,202,124
S01011912,389,192,197
S01011913,415,210,205
S01011914,415,203,212
S01011915,364,219,145
S01011916,365,216,149
S01011917,284,168,116
S01011918,409,195,214
S01011919,375,207,168
S01011920,298,161,137
S01011921,289,157,132
S01011922,375,217,158
S01011923,363,214,149
S01011924,415,258,157
S01011925,96,57,39
S01011926,369,218,151
S01011927,281,154,127
S01011928,389,240,149
S01011929,324,188,136
S01011930,333,188,145
S01011931,313,122,191
S01011932,182,86,96
S01011933,556,331,225
S01011934,385,253,132
S01011935,555,268,287
S01011936,376,234,142
S01011937,233,74,159
S01011938,263,134,129
S01011939,503,241,262
S01011940,522,195,327
S01011941,557,244,313
S01011942,492,189,303
S01011943,777,283,494
S01011944,202,175,27
S01011945,526,489,37
S01011946,440,249,191
S01011947,285,225,60
S01011948,458,307,151
S01011949,444,404,40
S01011950,430,323,107
S01011951,364,295,69
S01011952,178,156,22
S01011953,414,350,64
S01011954,276,186,90
S01011955,510,368,142
S01011956,309,269,40
S01011957,353,301,52
S01011958,582,526,56
S01011959,382,359,23
S01011960,304,273,31
S01011961,432,392,40
S01011962,241,227,14
S01011963,268,207,61
S01011964,445,377,68
S01011965,442,366,76
S01011966,310,274,36
S01011967,370,351,19
S01011968,555,422,133
S01011969,716,544,172
S01011970,704,497,207
S01011971,252,221,31
S01011972,698,633,65
S01011973,236,209,27
S01011974,285,262,23
S01011975,182,153,29
S01011976,408,320,88
S01011977,528,427,101
S01011978,553,395,158
S01011979,357,315,42
S01011980,185,176,9
S01011981,465,411,54
S01011982,581,524,57
S01011983,563,483,80
S01011984,281,156,125
S01011985,270,227,43
S01011986,414,274,140
S01011987,431,315,116
S01011988,287,248,39
S01011989,335,269,66
S01011990,355,306,49
S01011991,417,302,115
S01011992,425,332,93
S01011993,513,288,225
S01011994,335,314,21
S01011995,289,267,22
S01011996,340,263,77
S01011997,531,406,125
S01011998,269,253,16
S01011999,284,251,33
S01012000,239,211,28
S01012001,369,292,77
S01012002,329,265,64
S01012003,359,317,42
S01012004,493,413,80
S01012005,301,275,26
S01012006,331,304,27
S01012007,434,337,97
S01012008,607,482,125
S01012009,279,248,31
S01012010,600,494,106
S01012011,608,446,162
S01012012,322,246,76
S01012013,369,324,45
S01012014,763,576,187
S01012015,535,393,142
S01012016,320,264,56
S01012017,253,237,16
S01012018,365,342,23
S01012019,301,232,69
S01012020,477,323,154
S01012021,325,274,51
S01012022,455,338,117
S01012023,233,225,8
S01012024,438,391,47
S01012025,287,240,47
S01012026,197,143,54
S01012027,402,326,76
S01012028,400,381,19
S01012029,377,312,65
S01012030,489,446,43
S01012031,250,241,9
S01012032,154,144,10
S01012033,419,295,124
S01012034,411,288,123
S01012035,511,412,99
S01012036,536,441,95
S01012037,538,295,243
S01012038,463,154,309
S01012039,432,264,168
S01012040,244,200,44
S01012041,517,356,161
S01012042,419,248,171
S01012043,352,174,178
S01012044,492,221,271
S01012045,523,279,244
S01012046,469,222,247
S01012047,563,223,340
S01012048,356,165,191
S01012049,347,240,107
S01012050,351,291,60
S01012051,255,155,100
S01012052,437,240,197
S01012053,476,227,249
S01012054,580,260,320
S01012055,447,199,248
S01012056,413,295,118
S01012057,317,299,18
S01012058,319,245,74
S01012059,433,250,183
S01012060,386,197,189
S01012061,460,359,101
S01012062,363,304,59
S01012063,294,263,31
S01012064,296,131,165
S01012065,303,74,229
S01012066,376,196,180
S01012067,291,104,187
S01012068,328,118,210
S01012069,329,107,222
S01012070,512,115,397
S01012071,556,158,398
S01012072,597,262,335
S01012073,289,171,118
S01012074,302,258,44
S01012075,426,323,103
S01012076,492,281,211
S01012077,362,192,170
S01012078,327,235,92
S01012079,462,226,236
S01012080,444,244,200
S01012081,385,156,229
S01012082,456,226,230
S01012083,587,234,353
S01012084,271,225,46
S01012085,333,245,88
S01012086,445,243,202
S01012087,391,237,154
S01012088,235,191,44
S01012089,353,333,20
S01012090,410,394,16
S01012091,342,276,66
S01012092,266,238,28
S01012093,289,238,51
S01012094,327,301,26
S01012095,474,334,140
S01012096,391,205,186
S01012097,300,153,147
S01012098,404,207,197
S01012099,422,200,222
S01012100,624,346,278
S01012101,359,302,57
S01012102,444,189,255
S01012103,479,343,136
S01012104,334,292,42
S01012105,428,342,86
S01012106,480,388,92
S01012107,258,227,31
S01012108,681,253,428
S01012109,596,261,335
S01012110,554,284,270
S01012111,641,278,363
S01012112,569,336,233
S01012113,522,331,191
S01012114,399,330,69
S01012115,332,205,127
S01012116,317,195,122
S01012117,111,97,14
S01012118,226,208,18
S01012119,347,331,16
S01012120,292,152,140
S01012121,367,161,206
S01012122,371,218,153
S01012123,312,172,140
S01012124,345,220,125
S01012125,590,196,394
S01012126,266,176,90
S01012127,494,185,309
S01012128,265,79,186
S01012129,532,271,261
S01012130,672,254,418
S01012131,747,269,478
S01012132,476,209,267
S01012133,504,263,241
S01012134,601,354,247
S01012135,729,249,480
S01012136,511,189,322
S01012137,524,205,319
S01012138,578,366,212
S01012139,511,258,253
S01012140,396,299,97
S01012141,495,425,70
S01012142,382,324,58
S01012143,515,435,80
S01012144,444,355,89
S01012145,444,398,46
S01012146,546,237,309
S01012147,476,194,282
S01012148,369,153,216
S01012149,340,234,106
S01012150,383,162,221
S01012151,536,236,300
S01012152,459,189,270
S01012153,209,84,125
S01012154,383,144,239
S01012155,484,245,239
S01012156,691,333,358
S01012157,472,252,220
S01012158,403,254,149
S01012159,227,200,27
S01012160,397,311,86
S01012161,226,83,143
S01012162,380,114,266
S01012163,280,196,84
S01012164,162,147,15
S01012165,443,150,293
S01012166,384,181,203
S01012167,355,169,186
S01012168,482,345,137
S01012169,430,246,184
S01012170,658,371,287
S01012171,564,307,257
S01012172,462,251,211
S01012173,331,289,42
S01012174,428,331,97
S01012175,473,410,63
S01012176,557,494,63
S01012177,330,295,35
S01012178,392,344,48
S01012179,356,215,141
S01012180,337,208,129
S01012181,599,328,271
S01012182,291,184,107
S01012183,342,166,176
S01012184,72,25,47
S01012185,456,209,247
S01012186,417,221,196
S01012187,439,215,224
S01012188,275,228,47
S01012189,288,214,74
S01012190,146,131,15
S01012191,396,366,30
S01012192,172,167,5
S01012193,248,237,11
S01012194,270,263,7
S01012195,354,298,56
S01012196,203,179,24
S01012197,463,300,163
S01012198,425,334,91
S01012199,371,264,107
S01012200,278,178,100
S01012201,450,322,128
S01012202,236,192,44
S01012203,375,358,17
S01012204,262,259,3
S01012205,355,342,13
S01012206,360,308,52
S01012207,506,325,181
S01012208,580,357,223
S01012209,458,291,167
S01012210,367,209,158
S01012211,485,365,120
S01012212,457,421,36
S01012213,417,389,28
S01012214,333,301,32
S01012215,381,350,31
S01012216,477,443,34
S01012217,248,115,133
S01012218,319,135,184
S01012219,416,196,220
S01012220,431,176,255
S01012221,398,190,208
S01012222,557,311,246
S01012223,363,183,180
S01012224,491,279,212
S01012225,475,250,225
S01012226,344,254,90
S01012227,357,263,94
S01012228,293,232,61
S01012229,373,357,16
S01012230,453,431,22
S01012231,282,276,6
S01012232,425,406,19
S01012233,321,314,7
S01012234,485,447,38
S01012235,304,285,19
S01012236,394,311,83
S01012237,335,322,13
S01012238,307,177,130
S01012239,275,165,110
S01012240,328,234,94
S01012241,280,266,14
S01012242,341,331,10
S01012243,363,346,17
S01012244,387,370,17
S01012245,556,478,78
S01012246,364,344,20
S01012247,275,256,19
S01012248,316,296,20
S01012249,421,390,31
S01012250,360,330,30
S01012251,550,348,202
S01012252,544,376,168
S01012253,525,305,220
S01012254,417,310,107
S01012255,388,258,130
S01012256,321,298,23
S01012257,466,362,104
S01012258,469,455,14
S01012259,383,358,25
S01012260,380,280,100
S01012261,200,181,19
S01012262,432,384,48
S01012263,354,255,99
S01012264,162,119,43
S01012265,538,381,157
S01012266,507,341,166
S01012267,358,306,52
S01012268,474,438,36
S01012269,415,315,100
S01012270,377,285,92
S01012271,455,432,23
S01012272,320,280,40
S01012273,278,269,9
S01012274,505,394,111
S01012275,371,220,151
S01012276,694,493,201
S01012277,534,396,138
S01012278,679,350,329
S01012279,545,360,185
S01012280,468,323,145
S01012281,482,322,160
S01012282,468,362,106
S01012283,389,294,95
S01012284,425,238,187
S01012285,329,255,74
S01012286,480,302,178
S01012287,570,300,270
S01012288,469,268,201
S01012289,399,356,43
S01012290,310,233,77
S01012291,332,281,51
S01012292,508,420,88
S01012293,263,231,32
S01012294,421,337,84
S01012295,109,100,9
S01012296,239,211,28
S01012297,223,214,9
S01012298,383,317,66
S01012299,229,211,18
S01012300,500,428,72
S01012301,423,390,33
S01012302,305,286,19
S01012303,348,326,22
S01012304,465,430,35
S01012305,394,315,79
S01012306,427,294,133
S01012307,445,321,124
S01012308,318,271,47
S01012309,425,349,76
S01012310,590,493,97
S01012311,418,346,72
S01012312,433,384,49
S01012313,354,311,43
S01012314,387,245,142
S01012315,339,240,99
S01012316,323,208,115
S01012317,183,140,43
S01012318,331,246,85
S01012319,342,310,32
S01012320,318,252,66
S01012321,353,284,69
S01012322,478,430,48
S01012323,396,351,45
S01012324,413,387,26
S01012325,283,233,50
S01012326,473,349,124
S01012327,450,370,80
S01012328,415,354,61
S01012329,437,406,31
S01012330,312,285,27
S01012331,361,331,30
S01012332,401,379,22
S01012333,407,390,17
S01012334,430,333,97
S01012335,609,546,63
S01012336,448,302,146
S01012337,528,314,214
S01012338,365,241,124
S01012339,428,318,110
S01012340,301,244,57
S01012341,344,330,14
S01012342,373,343,30
S01012343,377,351,26
S01012344,413,323,90
S01012345,325,263,62
S01012346,367,344,23
S01012347,329,256,73
S01012348,386,336,50
S01012349,513,387,126
S01012350,520,363,157
S01012351,418,283,135
S01012352,486,390,96
S01012353,465,289,176
S01012354,430,339,91
S01012355,376,349,27
S01012356,497,442,55
S01012357,377,339,38
S01012358,356,333,23
S01012359,435,243,192
S01012360,317,163,154
S01012361,369,223,146
S01012362,437,242,195
S01012363,706,360,346
S01012364,444,279,165
S01012365,569,437,132
S01012366,509,290,219
S01012367,497,385,112
S01012368,363,316,47
S01012369,479,365,114
S01012370,654,388,266
S01012371,588,325,263
S01012372,592,337,255
S01012373,553,407,146
S01012374,405,292,113
S01012375,577,358,219
S01012376,356,332,24
S01012377,296,268,28
S01012378,302,295,7
S01012379,233,220,13
S01012380,621,456,165
S01012381,544,346,198
S01012382,477,411,66
S01012383,541,400,141
S01012384,266,184,82
S01012385,347,286,61
S01012386,492,312,180
S01012387,384,319,65
S01012388,299,254,45
S01012389,315,257,58
S01012390,268,211,57
S01012391,325,308,17
S01012392,218,189,29
S01012393,423,354,69
S01012394,425,261,164
S01012395,384,247,137
S01012396,438,275,163
S01012397,395,287,108
S01012398,520,284,236
S01012399,407,236,171
S01012400,424,243,181
S01012401,410,292,118
S01012402,133,123,10
S01012403,383,330,53
S01012404,483,361,122
S01012405,235,211,24
S01012406,267,240,27
S01012407,368,308,60
S01012408,315,267,48
S01012409,430,346,84
S01012410,505,408,97
S01012411,527,426,101
S01012412,281,220,61
S01012413,459,364,95
S01012414,363,274,89
S01012415,276,232,44
S01012416,204,172,32
S01012417,283,219,64
S01012418,362,320,42
S01012419,447,395,52
S01012420,460,303,157
S01012421,424,342,82
S01012422,545,437,108
S01012423,456,369,87
S01012424,371,214,157
S01012425,313,130,183
S01012426,302,161,141
S01012427,346,209,137
S01012428,367,256,111
S01012429,239,157,82
S01012430,477,310,167
S01012431,478,334,144
S01012432,399,263,136
S01012433,415,259,156
S01012434,367,220,147
S01012435,443,258,185
S01012436,416,266,150
S01012437,339,234,105
S01012438,265,160,105
S01012439,402,287,115
S01012440,218,193,25
S01012441,395,360,35
S01012442,293,255,38
S01012443,270,223,47
S01012444,399,367,32
S01012445,38,36,2
S01012446,333,248,85
S01012447,384,363,21
S01012448,178,169,9
S01012449,245,192,53
S01012450,320,293,27
S01012451,400,354,46
S01012452,317,283,34
S01012453,361,329,32
S01012454,467,421,46
S01012455,253,232,21
S01012456,399,382,17
S01012457,437,419,18
S01012458,356,327,29
S01012459,339,304,35
S01012460,365,327,38
S01012461,325,234,91
S01012462,452,256,196
S01012463,348,219,129
S01012464,255,149,106
S01012465,318,224,94
S01012466,446,331,115
S01012467,575,377,198
S01012468,362,254,108
S01012469,462,374,88
S01012470,490,323,167
S01012471,311,298,13
S01012472,361,329,32
S01012473,263,250,13
S01012474,411,264,147
S01012475,324,276,48
S01012476,499,319,180
S01012477,334,297,37
S01012478,373,240,133
S01012479,402,364,38
S01012480,95,61,34
S01012481,418,240,178
S01012482,416,258,158
S01012483,458,190,268
S01012484,523,424,99
S01012485,567,451,116
S01012486,353,285,68
S01012487,302,182,120
S01012488,490,292,198
S01012489,604,237,367
S01012490,635,260,375
S01012491,375,128,247
S01012492,613,204,409
S01012493,454,191,263
S01012494,630,396,234
S01012495,503,287,216
S01012496,309,192,117
S01012497,315,145,170
S01012498,365,168,197
S01012499,439,312,127
S01012500,278,146,132
S01012501,411,174,237
S01012502,435,192,243
S01012503,334,156,178
S01012504,279,148,131
S01012505,492,269,223
S01012506,220,152,68
S01012507,466,289,177
S01012508,409,248,161
S01012509,248,190,58
S01012510,436,370,66
S01012511,362,255,107
S01012512,404,239,165
S01012513,232,216,16
S01012514,327,312,15
S01012515,402,188,214
S01012516,290,207,83
S01012517,432,296,136
S01012518,397,291,106
S01012519,438,284,154
S01012520,337,297,40
S01012521,401,288,113
S01012522,379,330,49
S01012523,483,382,101
S01012524,530,391,139
S01012525,476,369,107
S01012526,434,342,92
S01012527,291,226,65
S01012528,340,217,123
S01012529,409,303,106
S01012530,505,413,92
S01012531,366,283,83
S01012532,413,330,83
S01012533,412,289,123
S01012534,444,272,172
S01012535,411,263,148
S01012536,355,244,111
S01012537,489,300,189
S01012538,464,311,153
S01012539,360,264,96
S01012540,447,283,164
S01012541,396,302,94
S01012542,450,390,60
S01012543,271,245,26
S01012544,231,177,54
S01012545,247,143,104
S01012546,372,279,93
S01012547,315,260,55
S01012548,389,335,54
S01012549,382,219,163
S01012550,419,306,113
S01012551,437,418,19
S01012552,369,331,38
S01012553,343,317,26
S01012554,275,256,19
S01012555,211,196,15
S01012556,220,213,7
S01012557,326,301,25
S01012558,342,224,118
S01012559,476,256,220
S01012560,531,352,179
S01012561,571,395,176
S01012562,551,324,227
S01012563,341,324,17
S01012564,366,320,46
S01012565,438,321,117
S01012566,526,291,235
S01012567,552,327,225
S01012568,449,400,49
S01012569,314,291,23
S01012570,337,293,44
S01012571,330,261,69
S01012572,247,221,26
S01012573,311,297,14
S01012574,496,444,52
S01012575,347,306,41
S01012576,428,348,80
S01012577,424,355,69
S01012578,655,494,161
S01012579,293,248,45
S01012580,294,275,19
S01012581,466,305,161
S01012582,279,235,44
S01012583,326,216,110
S01012584,274,235,39
S01012585,604,451,153
S01012586,265,252,13
S01012587,289,271,18
S01012588,271,256,15
S01012589,332,255,77
S01012590,454,299,155
S01012591,527,329,198
S01012592,154,146,8
S01012593,349,322,27
S01012594,305,258,47
S01012595,386,305,81
S01012596,290,177,113
S01012597,149,94,55
S01012598,292,251,41
S01012599,330,267,63
S01012600,263,244,19
S01012601,310,287,23
S01012602,384,212,172
S01012603,336,210,126
S01012604,357,261,96
S01012605,286,227,59
S01012606,99,99,0
S01012607,297,236,61
S01012608,463,326,137
S01012609,427,267,160
S01012610,506,325,181
S01012611,367,312,55
S01012612,449,374,75
S01012613,512,382,130
S01012614,423,343,80
S01012615,413,362,51
S01012616,321,266,55
S01012617,132,124,8
S01012618,256,222,34
S01012619,366,213,153
S01012620,415,365,50
S01012621,418,332,86
S01012622,390,290,100
S01012623,394,240,154
S01012624,363,232,131
S01012625,329,222,107
S01012626,286,249,37
S01012627,269,198,71
S01012628,204,165,39
S01012629,135,111,24
S01012630,448,252,196
S01012631,454,262,192
S01012632,209,198,11
S01012633,399,313,86
S01012634,523,404,119
S01012635,528,431,97
S01012636,283,246,37
S01012637,462,282,180
S01012638,469,317,152
S01012639,575,381,194
S01012640,591,411,180
S01012641,322,242,80
S01012642,648,404,244
S01012643,211,129,82
S01012644,241,131,110
S01012645,429,301,128
S01012646,393,318,75
S01012647,120,116,4
S01012648,290,186,104
S01012649,351,266,85
S01012650,310,271,39
S01012651,367,199,168
S01012652,390,363,27
S01012653,370,255,115
S01012654,367,302,65
S01012655,498,351,147
S01012656,440,269,171
S01012657,382,268,114
S01012658,408,342,66
S01012659,205,195,10
S01012660,322,195,127
S01012661,392,308,84
S01012662,444,303,141
S01012663,388,303,85
S01012664,451,304,147
S01012665,405,210,195
S01012666,382,229,153
S01012667,314,180,134
S01012668,480,311,169
S01012669,408,363,45
S01012670,274,238,36
S01012671,486,330,156
S01012672,328,175,153
S01012673,423,255,168
S01012674,330,153,177
S01012675,489,274,215
S01012676,349,277,72
S01012677,265,167,98
S01012678,261,254,7
S01012679,287,159,128
S01012680,97,79,18
S01012681,299,252,47
S01012682,364,286,78
S01012683,381,273,108
S01012684,166,147,19
S01012685,472,343,129
S01012686,539,421,118
S01012687,549,514,35
S01012688,470,328,142
S01012689,240,204,36
S01012690,201,181,20
S01012691,379,353,26
S01012692,402,302,100
S01012693,315,306,9
S01012694,244,183,61
S01012695,232,222,10
S01012696,234,226,8
S01012697,191,179,12
S01012698,395,357,38
S01012699,381,307,74
S01012700,327,295,32
S01012701,437,406,31
S01012702,180,143,37
S01012703,264,211,53
S01012704,291,154,137
S01012705,238,229,9
S01012706,421,241,180
S01012707,319,312,7
S01012708,433,221,212
S01012709,331,184,147
S01012710,450,243,207
S01012711,594,293,301
S01012712,361,333,28
S01012713,534,412,122
S01012714,286,260,26
S01012715,532,284,248
S01012716,464,405,59
S01012717,548,318,230
S01012718,366,244,122
S01012719,472,265,207
S01012720,382,243,139
S01012721,314,217,97
S01012722,627,269,358
S01012723,440,191,249
S01012724,397,249,148
S01012725,470,303,167
S01012726,415,294,121
S01012727,380,198,182
S01012728,441,182,259
S01012729,417,326,91
S01012730,268,156,112
S01012731,342,215,127
S01012732,333,234,99
S01012733,77,72,5
S01012734,44,21,23
S01012735,253,161,92
S01012736,505,390,115
S01012737,473,378,95
S01012738,231,159,72
S01012739,51,44,7
S01012740,39,17,22
S01012741,275,251,24
S01012742,355,340,15
S01012743,375,352,23
S01012744,278,262,16
S01012745,357,289,68
S01012746,426,354,72
S01012747,483,356,127
S01012748,367,160,207
S01012749,379,170,209
S01012750,326,176,150
S01012751,629,363,266
S01012752,287,171,116
S01012753,237,95,142
S01012754,397,226,171
S01012755,297,142,155
S01012756,462,308,154
S01012757,239,121,118
S01012758,299,181,118
S01012759,365,175,190
S01012760,374,175,199
S01012761,473,248,225
S01012762,345,240,105
S01012763,282,154,128
S01012764,419,258,161
S01012765,268,142,126
S01012766,320,153,167
S01012767,310,280,30
S01012768,347,329,18
S01012769,180,159,21
S01012770,372,213,159
S01012771,442,244,198
S01012772,462,260,202
S01012773,559,334,225
S01012774,377,238,139
S01012775,336,209,127
S01012776,393,214,179
S01012777,240,170,70
S01012778,291,161,130
S01012779,273,148,125
S01012780,369,170,199
S01012781,264,212,52
S01012782,410,172,238
S01012783,447,209,238
S01012784,442,213,229
S01012785,395,137,258
S01012786,526,152,374
S01012787,189,73,116
S01012788,428,251,177
S01012789,479,327,152
S01012790,219,177,42
S01012791,389,309,80
S01012792,549,329,220
S01012793,475,221,254
S01012794,156,104,52
S01012795,503,231,272
S01012796,243,104,139
S01012797,243,104,139
S01012798,383,312,71
S01012799,539,462,77
S01012800,369,328,41
S01012801,140,113,27
S01012802,209,207,2
S01012803,323,306,17
S01012804,399,225,174
S01012805,421,274,147
S01012806,379,273,106
S01012807,256,240,16
S01012808,389,271,118
S01012809,446,293,153
S01012810,472,232,240
S01012811,370,269,101
S01012812,400,286,114
S01012813,414,376,38
S01012814,332,307,25
S01012815,236,214,22
S01012816,204,137,67
S01012817,116,107,9
S01012818,280,258,22
S01012819,513,265,248
S01012820,234,203,31
S01012821,173,117,56
S01012822,399,184,215
S01012823,123,112,11
S01012824,354,243,111
S01012825,325,134,191
S01012826,242,119,123
S01012827,187,80,107
S01012828,224,194,30
S01012829,339,176,163
S01012830,297,178,119
S01012831,381,190,191
S01012832,242,120,122
S01012833,489,201,288
S01012834,352,198,154
S01012835,424,249,175
S01012836,25,9,16
S01012837,519,197,322
S01012838,516,154,362
S01012839,302,262,40
S01012840,144,137,7
S01012841,306,268,38
S01012842,427,321,106
S01012843,398,361,37
S01012844,345,332,13
S01012845,407,285,122
S01012846,543,222,321
S01012847,346,254,92
S01012848,238,202,36
S01012849,439,255,184
S01012850,442,222,220
S01012851,476,289,187
S01012852,436,355,81
S01012853,458,309,149
S01012854,435,341,94
S01012855,508,298,210
S01012856,484,235,249
S01012857,740,288,452
S01012858,465,162,303
S01012859,491,274,217
S01012860,278,214,64
S01012861,305,197,108
S01012862,436,146,290
S01012863,482,160,322
S01012864,459,162,297
S01012865,567,316,251
S01012866,479,239,240
S01012867,454,152,302
S01012868,445,158,287
S01012869,246,73,173
S01012870,451,289,162
S01012871,445,319,126
S01012872,409,281,128
S01012873,462,294,168
S01012874,417,204,213
S01012875,275,126,149
S01012876,440,178,262
S01012877,332,172,160
S01012878,369,337,32
S01012879,458,365,93
S01012880,431,346,85
S01012881,607,465,142
S01012882,294,156,138
S01012883,588,210,378
S01012884,339,158,181
S01012885,441,246,195
S01012886,380,318,62
S01012887,357,292,65
S01012888,390,318,72
S01012889,306,204,102
S01012890,304,146,158
S01012891,380,193,187
S01012892,612,242,370
S01012893,508,179,329
S01012894,94,80,14
S01012895,170,141,29
S01012896,569,342,227
S01012897,257,229,28
S01012898,99,85,14
S01012899,375,208,167
S01012900,272,233,39
S01012901,580,438,142
S01012902,483,326,157
S01012903,502,336,166
S01012904,487,332,155
S01012905,424,285,139
S01012906,583,423,160
S01012907,553,334,219
S01012908,556,307,249
S01012909,475,282,193
S01012910,625,364,261
S01012911,386,273,113
S01012912,565,312,253
S01012913,475,282,193
S01012914,409,257,152
S01012915,290,173,117
S01012916,442,311,131
S01012917,269,235,34
S01012918,423,276,147
S01012919,229,142,87
S01012920,260,239,21
S01012921,341,217,124
S01012922,342,242,100
S01012923,360,280,80
S01012924,273,211,62
S01012925,245,226,19
S01012926,335,264,71
S01012927,342,245,97
S01012928,410,316,94
S01012929,405,295,110
S01012930,508,261,247
S01012931,565,338,227
S01012932,255,201,54
S01012933,381,237,144
S01012934,406,253,153
S01012935,649,409,240
S01012936,401,259,142
S01012937,395,277,118
S01012938,360,307,53
S01012939,270,266,4
S01012940,332,306,26
S01012941,269,266,3
S01012942,400,231,169
S01012943,342,306,36
S01012944,298,284,14
S01012945,242,235,7
S01012946,264,256,8
S01012947,200,196,4
S01012948,398,371,27
S01012949,311,289,22
S01012950,272,257,15
S01012951,178,169,9
S01012952,240,230,10
S01012953,291,265,26
S01012954,177,166,11
S01012955,201,180,21
S01012956,428,279,149
S01012957,369,256,113
S01012958,185,160,25
S01012959,226,210,16
S01012960,275,220,55
S01012961,384,365,19
S01012962,346,333,13
S01012963,139,135,4
S01012964,107,105,2
S01012965,220,217,3
S01012966,343,292,51
S01012967,376,262,114
S01012968,328,246,82
S01012969,439,279,160
S01012970,345,246,99
S01012971,369,250,119
S01012972,338,201,137
S01012973,364,232,132
S01012974,475,277,198
S01012975,326,184,142
S01012976,293,202,91
S01012977,356,234,122
S01012978,401,255,146
S01012979,270,202,68
S01012980,383,266,117
S01012981,405,236,169
S01012982,378,256,122
S01012983,320,264,56
S01012984,360,219,141
S01012985,398,254,144
S01012986,492,263,229
S01012987,529,300,229
S01012988,573,313,260
S01012989,491,351,140
S01012990,526,273,253
S01012991,536,287,249
S01012992,513,271,242
S01012993,564,292,272
S01012994,486,273,213
S01012995,329,264,65
S01012996,342,255,87
S01012997,269,166,103
S01012998,410,258,152
S01012999,253,146,107
S01013000,574,329,245
S01013001,184,174,10
S01013002,278,259,19
S01013003,288,281,7
S01013004,383,340,43
S01013005,316,290,26
S01013006,272,266,6
S01013007,549,519,30
S01013008,427,381,46
S01013009,329,266,63
S01013010,233,208,25
S01013011,266,229,37
S01013012,395,305,90
S01013013,356,317,39
S01013014,338,311,27
S01013015,295,276,19
S01013016,346,328,18
S01013017,413,346,67
S01013018,439,398,41
S01013019,358,327,31
S01013020,441,335,106
S01013021,313,240,73
S01013022,157,132,25
S01013023,389,369,20
S01013024,272,241,31
S01013025,332,317,15
S01013026,321,216,105
S01013027,595,402,193
S01013028,198,178,20
S01013029,302,176,126
S01013030,340,230,110
S01013031,297,178,119
S01013032,205,167,38
S01013033,223,177,46
S01013034,337,223,114
S01013035,367,197,170
S01013036,335,218,117
S01013037,470,379,91
S01013038,537,379,158
S01013039,180,175,5
S01013040,322,227,95
S01013041,267,192,75
S01013042,280,213,67
S01013043,335,200,135
S01013044,456,298,158
S01013045,211,146,65
S01013046,302,227,75
S01013047,363,350,13
S01013048,605,545,60
S01013049,464,393,71
S01013050,410,298,112
S01013051,435,265,170
S01013052,361,245,116
S01013053,532,293,239
S01013054,461,334,127
S01013055,353,203,150
S01013056,590,330,260
S01013057,515,227,288
S01013058,148,124,24
S01013059,507,382,125
S01013060,252,204,48
S01013061,456,435,21
S01013062,431,338,93
S01013063,383,315,68
S01013064,460,307,153
S01013065,530,374,156
S01013066,325,246,79
S01013067,524,284,240
S01013068,593,309,284
S01013069,401,234,167
S01013070,473,248,225
S01013071,420,237,183
S01013072,331,182,149
S01013073,378,174,204
S01013074,618,226,392
S01013075,491,175,316
S01013076,207,159,48
S01013077,334,160,174
S01013078,286,168,118
S01013079,126,114,12
S01013080,452,332,120
S01013081,322,273,49
S01013082,537,455,82
S01013083,346,294,52
S01013084,416,360,56
S01013085,454,297,157
S01013086,523,389,134
S01013087,448,381,67
S01013088,374,352,22
S01013089,377,281,96
S01013090,431,317,114
S01013091,206,126,80
S01013092,452,325,127
S01013093,210,184,26
S01013094,291,289,2
S01013095,348,322,26
S01013096,229,158,71
S01013097,341,316,25
S01013098,51,35,16
S01013099,433,333,100
S01013100,419,363,56
S01013101,813,581,232
S01013102,340,289,51
S01013103,266,262,4
S01013104,448,412,36
S01013105,367,321,46
S01013106,421,351,70
S01013107,351,336,15
S01013108,290,240,50
S01013109,502,449,53
S01013110,246,217,29
S01013111,278,243,35
S01013112,241,212,29
S01013113,472,349,123
S01013114,553,453,100
S01013115,441,344,97
S01013116,421,378,43
S01013117,401,332,69
S01013118,487,444,43
S01013119,326,291,35
S01013120,499,419,80
S01013121,193,149,44
S01013122,487,190,297
S01013123,520,239,281
S01013124,578,290,288
S01013125,423,229,194
S01013126,392,146,246
S01013127,408,149,259
S01013128,520,234,286
S01013129,505,230,275
S01013130,493,173,320
S01013131,490,220,270
S01013132,354,139,215
S01013133,384,139,245
S01013134,357,197,160
S01013135,549,198,351
S01013136,531,242,289
S01013137,418,212,206
S01013138,470,160,310
S01013139,531,231,300
S01013140,496,246,250
S01013141,369,150,219
S01013142,597,212,385
S01013143,478,240,238
S01013144,425,240,185
S01013145,458,246,212
S01013146,251,128,123
S01013147,362,207,155
S01013148,480,308,172
S01013149,367,220,147
S01013150,403,256,147
S01013151,257,196,61
S01013152,516,323,193
S01013153,399,173,226
S01013154,626,332,294
S01013155,396,169,227
S01013156,474,175,299
S01013157,457,172,285
S01013158,256,232,24
S01013159,349,308,41
S01013160,354,331,23
S01013161,417,248,169
S01013162,515,254,261
S01013163,308,254,54
S01013164,499,261,238
S01013165,537,331,206
S01013166,430,148,282
S01013167,612,219,393
S01013168,504,253,251
S01013169,425,181,244
S01013170,547,255,292
S01013171,314,230,84
S01013172,366,261,105
S01013173,361,279,82
S01013174,427,385,42
S01013175,331,266,65
S01013176,514,318,196
S01013177,490,347,143
S01013178,285,199,86
S01013179,472,371,101
S01013180,177,161,16
S01013181,412,311,101
S01013182,394,214,180
S01013183,388,322,66
S01013184,297,105,192
S01013185,480,235,245
S01013186,318,145,173
S01013187,413,188,225
S01013188,382,289,93
S01013189,321,259,62
S01013190,321,168,153
S01013191,288,254,34
S01013192,465,322,143
S01013193,282,182,100
S01013194,527,290,237
S01013195,474,225,249
S01013196,411,269,142
S01013197,263,182,81
S01013198,415,234,181
S01013199,454,244,210
S01013200,447,232,215
S01013201,378,165,213
S01013202,241,145,96
S01013203,454,265,189
S01013204,390,337,53
S01013205,326,160,166
S01013206,418,211,207
S01013207,408,246,162
S01013208,245,121,124
S01013209,474,271,203
S01013210,330,256,74
S01013211,473,302,171
S01013212,282,262,20
S01013213,327,317,10
S01013214,157,152,5
S01013215,372,283,89
S01013216,330,188,142
S01013217,318,199,119
S01013218,328,195,133
S01013219,330,180,150
S01013220,378,213,165
S01013221,454,245,209
S01013222,277,122,155
S01013223,612,242,370
S01013224,515,327,188
S01013225,319,195,124
S01013226,138,88,50
S01013227,265,112,153
S01013228,434,291,143
S01013229,471,269,202
S01013230,462,257,205
S01013231,485,319,166
S01013232,370,223,147
S01013233,263,205,58
S01013234,153,137,16
S01013235,556,345,211
S01013236,437,369,68
S01013237,417,292,125
S01013238,553,233,320
S01013239,500,213,287
S01013240,325,147,178
S01013241,342,324,18
S01013242,280,258,22
S01013243,332,205,127
S01013244,520,292,228
S01013245,352,256,96
S01013246,162,130,32
S01013247,399,219,180
S01013248,337,185,152
S01013249,359,280,79
S01013250,424,374,50
S01013251,341,181,160
S01013252,386,262,124
S01013253,330,251,79
S01013254,374,234,140
S01013255,359,250,109
S01013256,331,241,90
S01013257,466,302,164
S01013258,408,315,93
S01013259,585,459,126
S01013260,389,231,158
S01013261,494,343,151
S01013262,336,260,76
S01013263,210,197,13
S01013264,95,94,1
S01013265,151,144,7
S01013266,106,104,2
S01013267,231,196,35
S01013268,497,359,138
S01013269,379,354,25
S01013270,232,225,7
S01013271,354,344,10
S01013272,337,325,12
S01013273,172,170,2
S01013274,402,371,31
S01013275,413,390,23
S01013276,357,310,47
S01013277,370,263,107
S01013278,360,241,119
S01013279,355,210,145
S01013280,336,246,90
S01013281,389,260,129
S01013282,345,191,154
S01013283,341,198,143
S01013284,304,272,32
S01013285,304,265,39
S01013286,335,295,40
S01013287,289,278,11
S01013288,342,258,84
S01013289,363,349,14
S01013290,453,373,80
S01013291,406,360,46
S01013292,324,295,29
S01013293,321,307,14
S01013294,348,298,50
S01013295,371,319,52
S01013296,382,265,117
S01013297,463,317,146
S01013298,349,270,79
S01013299,385,244,141
S01013300,350,222,128
S01013301,307,226,81
S01013302,281,243,38
S01013303,523,396,127
S01013304,473,238,235
S01013305,409,249,160
S01013306,521,203,318
S01013307,525,273,252
S01013308,252,135,117
S01013309,344,293,51
S01013310,274,180,94
S01013311,356,241,115
S01013312,760,470,290
S01013313,275,185,90
S01013314,404,276,128
S01013315,114,110,4
S01013316,298,259,39
S01013317,285,271,14
S01013318,261,252,9
S01013319,270,251,19
S01013320,204,202,2
S01013321,226,164,62
S01013322,268,217,51
S01013323,350,258,92
S01013324,408,265,143
S01013325,320,194,126
S01013326,420,244,176
S01013327,347,242,105
S01013328,277,154,123
S01013329,233,171,62
S01013330,255,210,45
S01013331,236,215,21
S01013332,354,253,101
S01013333,415,357,58
S01013334,293,209,84
S01013335,375,234,141
S01013336,429,270,159
S01013337,447,357,90
S01013338,132,115,17
S01013339,346,302,44
S01013340,515,489,26
S01013341,301,295,6
S01013342,376,209,167
S01013343,285,203,82
S01013344,310,170,140
S01013345,341,258,83
S01013346,242,236,6
S01013347,334,285,49
S01013348,181,171,10
S01013349,99,51,48
S01013350,250,157,93
S01013351,318,242,76
S01013352,405,314,91
S01013353,487,331,156
S01013354,338,261,77
S01013355,404,314,90
S01013356,354,213,141
S01013357,220,196,24
S01013358,367,239,128
S01013359,305,176,129
S01013360,305,200,105
S01013361,417,245,172
S01013362,263,160,103
S01013363,489,257,232
S01013364,292,222,70
S01013365,447,388,59
S01013366,219,211,8
S01013367,220,185,35
S01013368,368,250,118
S01013369,403,232,171
S01013370,416,252,164
S01013371,420,268,152
S01013372,486,239,247
S01013373,529,334,195
S01013374,514,240,274
S01013375,307,206,101
S01013376,304,188,116
S01013377,385,227,158
S01013378,382,258,124
S01013379,396,321,75
S01013380,183,150,33
S01013381,309,205,104
S01013382,294,224,70
S01013383,425,228,197
S01013384,512,344,168
S01013385,287,223,64
S01013386,289,279,10
S01013387,328,204,124
S01013388,379,228,151
S01013389,455,346,109
S01013390,252,175,77
S01013391,417,314,103
S01013392,141,119,22
S01013393,429,280,149
S01013394,319,195,124
S01013395,420,167,253
S01013396,168,69,99
S01013397,383,269,114
S01013398,121,110,11
S01013399,197,143,54
S01013400,258,169,89
S01013401,56,54,2
S01013402,48,20,28
S01013403,42,40,2
S01013404,190,152,38
S01013405,315,221,94
S01013406,324,195,129
S01013407,363,241,122
S01013408,347,218,129
S01013409,396,278,118
S01013410,221,116,105
S01013411,323,263,60
S01013412,375,279,96
S01013413,405,253,152
S01013414,391,206,185
S01013415,473,219,254
S01013416,274,147,127
S01013417,390,211,179
S01013418,223,167,56
S01013419,232,219,13
S01013420,387,273,114
S01013421,181,161,20
S01013422,421,276,145
S01013423,362,283,79
S01013424,330,294,36
S01013425,188,145,43
S01013426,365,244,121
S01013427,86,82,4
S01013428,349,255,94
S01013429,501,347,154
S01013430,311,258,53
S01013431,396,235,161
S01013432,336,292,44
S01013433,300,254,46
S01013434,193,179,14
S01013435,269,261,8
S01013436,371,254,117
S01013437,295,215,80
S01013438,360,235,125
S01013439,352,334,18
S01013440,466,449,17
S01013441,331,287,44
S01013442,385,341,44
S01013443,219,185,34
S01013444,626,366,260
S01013445,248,200,48
S01013446,304,233,71
S01013447,167,166,1
S01013448,427,351,76
S01013449,329,304,25
S01013450,328,315,13
S01013451,301,290,11
S01013452,258,227,31
S01013453,413,274,139
S01013454,287,253,34
S01013455,231,187,44
S01013456,519,337,182
S01013457,410,278,132
S01013458,386,295,91
S01013459,444,264,180
S01013460,445,268,177
S01013461,399,276,123
S01013462,402,319,83
S01013463,268,153,115
S01013464,366,322,44
S01013465,389,301,88
S01013466,126,123,3
S01013467,181,144,37
S01013468,291,197,94
S01013469,444,349,95
S01013470,395,215,180
S01013471,392,271,121
S01013472,195,154,41
S01013473,121,107,14
S01013474,203,171,32
S01013475,339,301,38
S01013476,274,198,76
S01013477,466,283,183
S01013478,332,263,69
S01013479,498,300,198
S01013480,302,189,113
S01013481,173,135,38
