dz_2011,total,scotland,nonscot
S01006506,872,648,224
S01006507,1042,838,204
S01006508,888,696,192
S01006509,693,591,102
S01006510,748,633,115
S01006511,1083,813,270
S01006512,395,279,116
S01006513,1166,893,273
S01006514,1240,820,420
S01006515,1123,785,338
S01006516,910,594,316
S01006517,1014,713,301
S01006518,957,572,385
S01006519,865,543,322
S01006520,883,505,378
S01006521,743,462,281
S01006522,574,393,181
S01006523,1501,1059,442
S01006524,1320,809,511
S01006525,1289,846,443
S01006526,1404,1108,296
S01006527,1328,1046,282
S01006528,1127,811,316
S01006529,1086,783,303
S01006530,1133,944,189
S01006531,1311,1028,283
S01006532,1002,779,223
S01006533,837,631,206
S01006534,910,701,209
S01006535,1105,783,322
S01006536,1347,908,439
S01006537,847,699,148
S01006538,664,561,103
S01006539,1025,827,198
S01006540,1264,988,276
S01006541,952,793,159
S01006542,1001,747,254
S01006543,1075,898,177
S01006544,1430,976,454
S01006545,1276,957,319
S01006546,1128,933,195
S01006547,1461,1158,303
S01006548,721,624,97
S01006549,927,738,189
S01006550,1181,968,213
S01006551,1009,791,218
S01006552,1252,972,280
S01006553,1027,868,159
S01006554,942,770,172
S01006555,1019,779,240
S01006556,976,827,149
S01006557,799,649,150
S01006558,843,584,259
S01006559,703,479,224
S01006560,1033,778,255
S01006561,852,652,200
S01006562,978,763,215
S01006563,1023,724,299
S01006564,1190,805,385
S01006565,1206,722,484
S01006566,832,530,302
S01006567,1211,774,437
S01006568,1135,682,453
S01006569,748,453,295
S01006570,899,601,298
S01006571,1237,810,427
S01006572,1371,953,418
S01006573,724,489,235
S01006574,1001,670,331
S01006575,1180,836,344
S01006576,902,611,291
S01006577,904,575,329
S01006578,1744,1101,643
S01006579,1367,806,561
S01006580,855,565,290
S01006581,1344,1022,322
S01006582,695,389,306
S01006583,1091,656,435
S01006584,919,538,381
S01006585,872,586,286
S01006586,941,566,375
S01006587,658,352,306
S01006588,915,474,441
S01006589,1330,737,593
S01006590,649,399,250
S01006591,880,541,339
S01006592,654,449,205
S01006593,923,560,363
S01006594,794,577,217
S01006595,1031,658,373
S01006596,924,559,365
S01006597,790,509,281
S01006598,1295,858,437
S01006599,1157,838,319
S01006600,1424,1099,325
S01006601,1002,772,230
S01006602,1044,732,312
S01006603,1337,1142,195
S01006604,920,811,109
S01006605,929,826,103
S01006606,1244,1049,195
S01006607,1260,1116,144
S01006608,1555,1272,283
S01006609,1352,1211,141
S01006610,701,639,62
S01006611,1111,974,137
S01006612,997,891,106
S01006613,453,384,69
S01006614,908,788,120
S01006615,402,361,41
S01006616,755,661,94
S01006617,994,874,120
S01006618,514,455,59
S01006619,948,818,130
S01006620,1020,903,117
S01006621,748,653,95
S01006622,669,580,89
S01006623,1410,1173,237
S01006624,959,669,290
S01006625,844,675,169
S01006626,866,704,162
S01006627,859,520,339
S01006628,1410,767,643
S01006629,959,737,222
S01006630,852,763,89
S01006631,1102,878,224
S01006632,1045,760,285
S01006633,950,796,154
S01006634,870,684,186
S01006635,1040,812,228
S01006636,1084,827,257
S01006637,753,485,268
S01006638,1111,740,371
S01006639,1006,638,368
S01006640,817,469,348
S01006641,1351,896,455
S01006642,1373,729,644
S01006643,1248,738,510
S01006644,1031,656,375
S01006645,1548,838,710
S01006646,1369,668,701
S01006647,961,611,350
S01006648,2018,1161,857
S01006649,1204,775,429
S01006650,1422,848,574
S01006651,776,470,306
S01006652,826,483,343
S01006653,818,545,273
S01006654,914,697,217
S01006655,724,501,223
S01006656,1095,707,388
S01006657,599,371,228
S01006658,1280,679,601
S01006659,883,504,379
S01006660,833,417,416
S01006661,736,432,304
S01006662,942,499,443
S01006663,1309,608,701
S01006664,511,288,223
S01006665,935,525,410
S01006666,1818,1197,621
S01006667,1260,844,416
S01006668,908,572,336
S01006669,1334,690,644
S01006670,929,587,342
S01006671,2611,1104,1507
S01006672,810,536,274
S01006673,973,539,434
S01006674,1048,730,318
S01006675,774,421,353
S01006676,881,589,292
S01006677,723,486,237
S01006678,1273,802,471
S01006679,945,727,218
S01006680,971,558,413
S01006681,1097,886,211
S01006682,956,571,385
S01006683,1283,822,461
S01006684,870,589,281
S01006685,910,710,200
S01006686,952,765,187
S01006687,1000,767,233
S01006688,1041,907,134
S01006689,629,429,200
S01006690,795,584,211
S01006691,918,681,237
S01006692,862,647,215
S01006693,1274,937,337
S01006694,1144,1019,125
S01006695,712,609,103
S01006696,1150,916,234
S01006697,1163,896,267
S01006698,936,737,199
S01006699,784,600,184
S01006700,1228,937,291
S01006701,1040,921,119
S01006702,934,849,85
S01006703,773,650,123
S01006704,805,718,87
S01006705,944,844,100
S01006706,809,704,105
S01006707,685,577,108
S01006708,865,726,139
S01006709,1245,1079,166
S01006710,1064,950,114
S01006711,1125,1012,113
S01006712,631,575,56
S01006713,939,851,88
S01006714,900,800,100
S01006715,1123,973,150
S01006716,606,524,82
S01006717,1068,954,114
S01006718,627,525,102
S01006719,1031,930,101
S01006720,745,661,84
S01006721,942,839,103
S01006722,856,733,123
S01006723,987,873,114
S01006724,1367,1169,198
S01006725,960,844,116
S01006726,1391,948,443
S01006727,1370,1065,305
S01006728,887,742,145
S01006729,986,783,203
S01006730,778,639,139
S01006731,503,465,38
S01006732,1494,1209,285
S01006733,911,665,246
S01006734,1147,899,248
S01006735,929,715,214
S01006736,1318,1022,296
S01006737,1059,788,271
S01006738,829,674,155
S01006739,607,503,104
S01006740,1039,920,119
S01006741,754,681,73
S01006742,460,418,42
S01006743,1081,917,164
S01006744,662,576,86
S01006745,1048,933,115
S01006746,846,775,71
S01006747,1141,995,146
S01006748,1163,960,203
S01006749,1351,1164,187
S01006750,812,709,103
S01006751,509,453,56
S01006752,810,722,88
S01006753,913,800,113
S01006754,1132,979,153
S01006755,1090,904,186
S01006756,990,747,243
S01006757,1306,1172,134
S01006758,694,618,76
S01006759,1334,1087,247
S01006760,593,517,76
S01006761,927,806,121
S01006762,939,807,132
S01006763,1100,910,190
S01006764,790,660,130
S01006765,725,607,118
S01006766,608,523,85
S01006767,869,778,91
S01006768,599,516,83
S01006769,1283,1108,175
S01006770,655,578,77
S01006771,563,453,110
S01006772,1218,1089,129
S01006773,734,625,109
S01006774,861,738,123
S01006775,758,656,102
S01006776,662,583,79
S01006777,918,832,86
S01006778,867,787,80
S01006779,1058,910,148
S01006780,868,757,111
S01006781,972,846,126
S01006782,1016,817,199
S01006783,672,584,88
S01006784,706,566,140
S01006785,785,655,130
S01006786,1087,907,180
S01006787,969,816,153
S01006788,646,538,108
S01006789,942,675,267
S01006790,980,735,245
S01006791,536,372,164
S01006792,696,485,211
S01006793,619,431,188
S01006794,775,580,195
S01006795,777,516,261
S01006796,795,555,240
S01006797,752,495,257
S01006798,738,534,204
S01006799,1053,812,241
S01006800,960,601,359
S01006801,1414,1132,282
S01006802,675,529,146
S01006803,766,667,99
S01006804,1274,1051,223
S01006805,1346,1059,287
S01006806,1095,883,212
S01006807,620,471,149
S01006808,973,732,241
S01006809,975,778,197
S01006810,1010,729,281
S01006811,1090,805,285
S01006812,835,664,171
S01006813,996,777,219
S01006814,1109,867,242
S01006815,753,621,132
S01006816,944,779,165
S01006817,865,671,194
S01006818,719,575,144
S01006819,1266,975,291
S01006820,640,476,164
S01006821,1161,918,243
S01006822,759,581,178
S01006823,885,686,199
S01006824,736,647,89
S01006825,1017,868,149
S01006826,1310,1087,223
S01006827,1041,864,177
S01006828,1011,788,223
S01006829,706,544,162
S01006830,634,541,93
S01006831,1231,1031,200
S01006832,1029,836,193
S01006833,730,529,201
S01006834,336,258,78
S01006835,1291,999,292
S01006836,514,409,105
S01006837,1004,850,154
S01006838,979,801,178
S01006839,933,788,145
S01006840,1211,1011,200
S01006841,1332,1093,239
S01006842,996,877,119
S01006843,965,844,121
S01006844,671,586,85
S01006845,1033,878,155
S01006846,890,774,116
S01006847,807,697,110
S01006848,1396,1070,326
S01006849,1300,1087,213
S01006850,1119,948,171
S01006851,805,695,110
S01006852,595,489,106
S01006853,948,638,310
S01006854,1601,1214,387
S01006855,790,565,225
S01006856,942,747,195
S01006857,1052,827,225
S01006858,642,475,167
S01006859,1439,1041,398
S01006860,692,534,158
S01006861,861,585,276
S01006862,933,680,253
S01006863,1291,950,341
S01006864,148,123,25
S01006865,938,598,340
S01006866,636,414,222
S01006867,1210,810,400
S01006868,879,719,160
S01006869,581,431,150
S01006870,630,446,184
S01006871,1006,752,254
S01006872,1639,1193,446
S01006873,1250,808,442
S01006874,584,435,149
S01006875,1009,792,217
S01006876,1121,849,272
S01006877,1101,803,298
S01006878,958,695,263
S01006879,1135,833,302
S01006880,787,609,178
S01006881,578,449,129
S01006882,841,736,105
S01006883,646,543,103
S01006884,1050,866,184
S01006885,754,600,154
S01006886,733,521,212
S01006887,905,713,192
S01006888,939,712,227
S01006889,647,528,119
S01006890,1070,837,233
S01006891,645,518,127
S01006892,584,501,83
S01006893,1004,898,106
S01006894,597,538,59
S01006895,474,404,70
S01006896,749,639,110
S01006897,1007,877,130
S01006898,548,474,74
S01006899,510,433,77
S01006900,455,398,57
S01006901,793,696,97
S01006902,693,599,94
S01006903,947,823,124
S01006904,569,487,82
S01006905,1010,857,153
S01006906,948,857,91
S01006907,716,530,186
S01006908,911,770,141
S01006909,428,336,92
S01006910,501,374,127
S01006911,1869,1563,306
S01006912,245,184,61
S01006913,2012,1686,326
S01006914,862,611,251
S01006915,848,663,185
S01006916,360,292,68
S01006917,1458,1238,220
S01006918,1807,1542,265
S01006919,687,568,119
S01006920,816,677,139
S01006921,1086,907,179
S01006922,2000,1677,323
S01006923,1473,1210,263
S01006924,758,589,169
S01006925,499,415,84
S01006926,1739,1357,382
S01006927,374,316,58
S01006928,2797,2199,598
S01006929,1797,1382,415
S01006930,677,553,124
S01006931,1948,1554,394
S01006932,838,680,158
S01006933,801,654,147
S01006934,1749,1380,369
S01006935,911,769,142
S01006936,698,609,89
S01006937,786,654,132
S01006938,844,676,168
S01006939,615,507,108
S01006940,995,799,196
S01006941,1283,1065,218
S01006942,2211,1784,427
S01006943,1763,1411,352
S01006944,83,62,21
S01006945,894,733,161
S01006946,1348,1158,190
S01006947,1444,1172,272
S01006948,1443,1239,204
S01006949,765,623,142
S01006950,718,597,121
S01006951,1316,1139,177
S01006952,1529,1292,237
S01006953,1542,1246,296
S01006954,1765,1496,269
S01006955,622,526,96
S01006956,1548,1275,273
S01006957,1675,1370,305
S01006958,1006,816,190
S01006959,856,734,122
S01006960,2275,1862,413
S01006961,2321,1879,442
S01006962,871,744,127
S01006963,971,791,180
S01006964,850,695,155
S01006965,501,431,70
S01006966,731,627,104
S01006967,744,648,96
S01006968,1120,1005,115
S01006969,1009,867,142
S01006970,614,521,93
S01006971,991,858,133
S01006972,522,424,98
S01006973,594,489,105
S01006974,1389,1034,355
S01006975,1168,858,310
S01006976,2534,2028,506
S01006977,2911,2355,556
S01006978,855,610,245
S01006979,1437,1152,285
S01006980,688,521,167
S01006981,798,661,137
S01006982,1212,1013,199
S01006983,1001,820,181
S01006984,976,748,228
S01006985,1345,1137,208
S01006986,777,601,176
S01006987,1039,821,218
S01006988,765,628,137
S01006989,855,663,192
S01006990,1009,763,246
S01006991,617,492,125
S01006992,883,654,229
S01006993,740,543,197
S01006994,642,491,151
S01006995,1152,922,230
S01006996,939,808,131
S01006997,786,572,214
S01006998,1206,931,275
S01006999,872,637,235
S01007000,1439,1173,266
S01007001,1382,1110,272
S01007002,758,588,170
S01007003,616,463,153
S01007004,1043,719,324
S01007005,1041,767,274
S01007006,1003,694,309
S01007007,848,555,293
S01007008,884,790,94
S01007009,1297,1051,246
S01007010,880,758,122
S01007011,1124,965,159
S01007012,921,832,89
S01007013,1287,1062,225
S01007014,1389,1096,293
S01007015,739,542,197
S01007016,592,424,168
S01007017,1047,905,142
S01007018,1204,1049,155
S01007019,1061,885,176
S01007020,1373,1141,232
S01007021,1369,1159,210
S01007022,851,707,144
S01007023,678,492,186
S01007024,1203,827,376
S01007025,1188,1027,161
S01007026,1026,822,204
S01007027,1314,1083,231
S01007028,1507,1168,339
S01007029,662,443,219
S01007030,1009,809,200
S01007031,630,462,168
S01007032,1165,876,289
S01007033,1060,919,141
S01007034,1057,839,218
S01007035,922,782,140
S01007036,1135,940,195
S01007037,1157,1028,129
S01007038,854,621,233
S01007039,967,875,92
S01007040,1237,1094,143
S01007041,925,790,135
S01007042,987,725,262
S01007043,1112,793,319
S01007044,1013,744,269
S01007045,948,587,361
S01007046,574,403,171
S01007047,1014,760,254
S01007048,1303,917,386
S01007049,1039,850,189
S01007050,1042,796,246
S01007051,1029,871,158
S01007052,573,474,99
S01007053,802,613,189
S01007054,1130,982,148
S01007055,515,393,122
S01007056,902,664,238
S01007057,833,710,123
S01007058,768,694,74
S01007059,1336,1130,206
S01007060,604,522,82
S01007061,1155,824,331
S01007062,758,536,222
S01007063,1503,1195,308
S01007064,762,585,177
S01007065,950,746,204
S01007066,648,494,154
S01007067,1290,1003,287
S01007068,692,575,117
S01007069,997,832,165
S01007070,733,616,117
S01007071,1234,1035,199
S01007072,1482,1346,136
S01007073,1529,1367,162
S01007074,1102,973,129
S01007075,901,787,114
S01007076,1048,903,145
S01007077,757,695,62
S01007078,964,852,112
S01007079,1226,1050,176
S01007080,790,682,108
S01007081,1064,832,232
S01007082,699,543,156
S01007083,937,717,220
S01007084,911,757,154
S01007085,1118,782,336
S01007086,1385,853,532
S01007087,986,668,318
S01007088,651,504,147
S01007089,529,447,82
S01007090,540,459,81
S01007091,1388,1227,161
S01007092,624,560,64
S01007093,987,892,95
S01007094,2273,1998,275
S01007095,736,563,173
S01007096,1172,965,207
S01007097,2158,1865,293
S01007098,1650,1446,204
S01007099,883,769,114
S01007100,868,701,167
S01007101,1358,1129,229
S01007102,847,654,193
S01007103,832,782,50
S01007104,486,381,105
S01007105,655,590,65
S01007106,898,764,134
S01007107,766,643,123
S01007108,1249,1061,188
S01007109,1526,1310,216
S01007110,1052,888,164
S01007111,534,462,72
S01007112,928,785,143
S01007113,758,656,102
S01007114,888,820,68
S01007115,720,673,47
S01007116,1304,1199,105
S01007117,553,524,29
S01007118,847,730,117
S01007119,964,862,102
S01007120,1163,957,206
S01007121,835,601,234
S01007122,594,512,82
S01007123,965,863,102
S01007124,1095,971,124
S01007125,867,673,194
S01007126,1090,738,352
S01007127,1030,610,420
S01007128,979,841,138
S01007129,956,752,204
S01007130,676,597,79
S01007131,1096,986,110
S01007132,700,633,67
S01007133,674,581,93
S01007134,860,750,110
S01007135,806,651,155
S01007136,661,503,158
S01007137,842,711,131
S01007138,957,817,140
S01007139,776,719,57
S01007140,1022,870,152
S01007141,1331,1134,197
S01007142,201,180,21
S01007143,1174,995,179
S01007144,2358,2029,329
S01007145,892,791,101
S01007146,881,801,80
S01007147,830,717,113
S01007148,538,455,83
S01007149,850,740,110
S01007150,750,638,112
S01007151,1188,1036,152
S01007152,787,706,81
S01007153,916,818,98
S01007154,1000,871,129
S01007155,715,636,79
S01007156,1127,993,134
S01007157,875,774,101
S01007158,1043,911,132
S01007159,933,820,113
S01007160,969,861,108
S01007161,1114,967,147
S01007162,608,542,66
S01007163,1019,904,115
S01007164,778,675,103
S01007165,987,831,156
S01007166,1096,941,155
S01007167,795,696,99
S01007168,965,844,121
S01007169,854,744,110
S01007170,744,623,121
S01007171,1048,752,296
S01007172,1330,1040,290
S01007173,523,459,64
S01007174,1004,886,118
S01007175,922,805,117
S01007176,1078,874,204
S01007177,801,680,121
S01007178,1045,880,165
S01007179,1320,1113,207
S01007180,1009,858,151
S01007181,1158,1028,130
S01007182,1250,1081,169
S01007183,1321,1161,160
S01007184,1039,883,156
S01007185,979,847,132
S01007186,777,654,123
S01007187,804,645,159
S01007188,803,660,143
S01007189,910,789,121
S01007190,935,824,111
S01007191,735,639,96
S01007192,784,703,81
S01007193,893,793,100
S01007194,641,563,78
S01007195,1056,894,162
S01007196,974,842,132
S01007197,743,645,98
S01007198,532,456,76
S01007199,1091,953,138
S01007200,849,761,88
S01007201,1014,903,111
S01007202,735,665,70
S01007203,840,748,92
S01007204,1078,868,210
S01007205,843,681,162
S01007206,392,313,79
S01007207,1048,908,140
S01007208,990,811,179
S01007209,833,674,159
S01007210,1067,926,141
S01007211,967,831,136
S01007212,847,692,155
S01007213,912,772,140
S01007214,1074,910,164
S01007215,984,817,167
S01007216,791,684,107
S01007217,1186,1042,144
S01007218,992,844,148
S01007219,1097,965,132
S01007220,787,706,81
S01007221,1105,925,180
S01007222,1100,961,139
S01007223,714,611,103
S01007224,742,623,119
S01007225,1206,963,243
S01007226,1027,815,212
S01007227,1533,1264,269
S01007228,819,668,151
S01007229,1249,991,258
S01007230,1291,1027,264
S01007231,818,713,105
S01007232,726,607,119
S01007233,788,665,123
S01007234,630,548,82
S01007235,1078,910,168
S01007236,1094,957,137
S01007237,779,696,83
S01007238,1007,908,99
S01007239,1422,1208,214
S01007240,539,457,82
S01007241,1174,964,210
S01007242,1158,979,179
S01007243,1415,1180,235
S01007244,721,627,94
S01007245,776,671,105
S01007246,891,799,92
S01007247,1082,895,187
S01007248,1060,962,98
S01007249,609,532,77
S01007250,822,731,91
S01007251,893,796,97
S01007252,925,840,85
S01007253,798,714,84
S01007254,948,847,101
S01007255,1038,903,135
S01007256,935,801,134
S01007257,894,738,156
S01007258,886,753,133
S01007259,1048,916,132
S01007260,1218,1106,112
S01007261,1051,942,109
S01007262,712,655,57
S01007263,1142,1056,86
S01007264,869,793,76
S01007265,1216,1084,132
S01007266,823,713,110
S01007267,610,538,72
S01007268,596,472,124
S01007269,667,555,112
S01007270,457,375,82
S01007271,1146,1013,133
S01007272,1141,1029,112
S01007273,760,666,94
S01007274,905,759,146
S01007275,729,599,130
S01007276,1159,993,166
S01007277,919,747,172
S01007278,941,776,165
S01007279,674,499,175
S01007280,676,520,156
S01007281,1181,953,228
S01007282,538,413,125
S01007283,1023,818,205
S01007284,848,646,202
S01007285,1145,631,514
S01007286,1464,945,519
S01007287,616,372,244
S01007288,667,360,307
S01007289,1011,798,213
S01007290,1136,921,215
S01007291,637,522,115
S01007292,771,679,92
S01007293,1080,943,137
S01007294,1054,914,140
S01007295,677,567,110
S01007296,563,440,123
S01007297,1176,901,275
S01007298,532,454,78
S01007299,1008,780,228
S01007300,668,561,107
S01007301,870,631,239
S01007302,796,665,131
S01007303,1117,761,356
S01007304,693,479,214
S01007305,1008,731,277
S01007306,1252,897,355
S01007307,1088,792,296
S01007308,882,583,299
S01007309,815,488,327
S01007310,865,500,365
S01007311,926,732,194
S01007312,862,644,218
S01007313,972,619,353
S01007314,875,633,242
S01007315,940,799,141
S01007316,1141,986,155
S01007317,1153,958,195
S01007318,607,511,96
S01007319,857,679,178
S01007320,894,614,280
S01007321,595,390,205
S01007322,836,664,172
S01007323,449,373,76
S01007324,328,200,128
S01007325,833,604,229
S01007326,970,767,203
S01007327,886,766,120
S01007328,1077,925,152
S01007329,702,520,182
S01007330,778,546,232
S01007331,1082,873,209
S01007332,624,502,122
S01007333,1123,950,173
S01007334,995,858,137
S01007335,898,812,86
S01007336,762,649,113
S01007337,658,591,67
S01007338,1084,958,126
S01007339,854,748,106
S01007340,664,547,117
S01007341,853,713,140
S01007342,826,633,193
S01007343,651,529,122
S01007344,579,465,114
S01007345,691,598,93
S01007346,834,698,136
S01007347,1056,919,137
S01007348,802,723,79
S01007349,687,600,87
S01007350,661,513,148
S01007351,658,451,207
S01007352,498,331,167
S01007353,791,600,191
S01007354,786,614,172
S01007355,1326,967,359
S01007356,714,506,208
S01007357,803,587,216
S01007358,1442,1010,432
S01007359,999,786,213
S01007360,906,691,215
S01007361,1043,842,201
S01007362,1162,978,184
S01007363,1008,845,163
S01007364,1093,960,133
S01007365,478,420,58
S01007366,550,468,82
S01007367,629,527,102
S01007368,659,547,112
S01007369,1138,991,147
S01007370,917,744,173
S01007371,958,781,177
S01007372,1250,979,271
S01007373,704,476,228
S01007374,810,573,237
S01007375,464,311,153
S01007376,1015,747,268
S01007377,664,427,237
S01007378,1716,689,1027
S01007379,925,683,242
S01007380,846,599,247
S01007381,512,313,199
S01007382,990,669,321
S01007383,749,534,215
S01007384,1075,739,336
S01007385,1228,889,339
S01007386,806,559,247
S01007387,864,593,271
S01007388,741,524,217
S01007389,763,450,313
S01007390,727,477,250
S01007391,664,452,212
S01007392,466,309,157
S01007393,1058,745,313
S01007394,702,501,201
S01007395,1111,853,258
S01007396,1049,797,252
S01007397,943,702,241
S01007398,821,696,125
S01007399,891,742,149
S01007400,845,622,223
S01007401,752,570,182
S01007402,700,554,146
S01007403,943,563,380
S01007404,579,442,137
S01007405,813,658,155
S01007406,1007,803,204
S01007407,1108,905,203
S01007408,862,695,167
S01007409,666,601,65
S01007410,952,849,103
S01007411,1062,949,113
S01007412,579,532,47
S01007413,997,879,118
S01007414,858,708,150
S01007415,853,784,69
S01007416,595,540,55
S01007417,220,205,15
S01007418,890,782,108
S01007419,1001,887,114
S01007420,4568,3790,778
S01007421,1394,1137,257
S01007422,794,678,116
S01007423,388,344,44
S01007424,787,678,109
S01007425,947,818,129
S01007426,821,698,123
S01007427,744,679,65
S01007428,1005,869,136
S01007429,928,792,136
S01007430,554,484,70
S01007431,710,615,95
S01007432,818,741,77
S01007433,1139,981,158
S01007434,589,530,59
S01007435,788,666,122
S01007436,990,850,140
S01007437,569,488,81
S01007438,673,593,80
S01007439,858,750,108
S01007440,767,656,111
S01007441,656,537,119
S01007442,866,707,159
S01007443,1039,781,258
S01007444,1549,1084,465
S01007445,687,462,225
S01007446,728,477,251
S01007447,659,435,224
S01007448,1134,1001,133
S01007449,1173,1071,102
S01007450,1353,1227,126
S01007451,623,560,63
S01007452,1435,1212,223
S01007453,110,102,8
S01007454,512,459,53
S01007455,846,781,65
S01007456,1089,976,113
S01007457,1080,945,135
S01007458,811,727,84
S01007459,873,786,87
S01007460,922,857,65
S01007461,933,843,90
S01007462,1006,850,156
S01007463,1149,1021,128
S01007464,1042,924,118
S01007465,785,674,111
S01007466,1145,993,152
S01007467,996,874,122
S01007468,1143,1017,126
S01007469,611,553,58
S01007470,699,588,111
S01007471,479,445,34
S01007472,1077,971,106
S01007473,895,814,81
S01007474,755,671,84
S01007475,517,450,67
S01007476,738,658,80
S01007477,737,635,102
S01007478,1126,982,144
S01007479,435,388,47
S01007480,1324,1177,147
S01007481,988,805,183
S01007482,668,570,98
S01007483,955,851,104
S01007484,842,698,144
S01007485,842,747,95
S01007486,860,745,115
S01007487,1195,1010,185
S01007488,1194,1020,174
S01007489,856,751,105
S01007490,1233,1114,119
S01007491,1118,986,132
S01007492,685,609,76
S01007493,1109,984,125
S01007494,743,504,239
S01007495,844,641,203
S01007496,1185,854,331
S01007497,596,477,119
S01007498,1028,904,124
S01007499,842,670,172
S01007500,768,555,213
S01007501,680,413,267
S01007502,641,461,180
S01007503,1135,845,290
S01007504,1169,818,351
S01007505,538,357,181
S01007506,514,323,191
S01007507,1489,1082,407
S01007508,696,480,216
S01007509,720,452,268
S01007510,1014,680,334
S01007511,1149,842,307
S01007512,526,366,160
S01007513,1304,1055,249
S01007514,645,457,188
S01007515,699,497,202
S01007516,818,652,166
S01007517,540,394,146
S01007518,1014,826,188
S01007519,497,249,248
S01007520,980,641,339
S01007521,677,392,285
S01007522,1136,734,402
S01007523,542,297,245
S01007524,951,604,347
S01007525,536,411,125
S01007526,903,575,328
S01007527,1426,952,474
S01007528,968,691,277
S01007529,867,585,282
S01007530,524,305,219
S01007531,767,490,277
S01007532,597,411,186
S01007533,876,638,238
S01007534,1451,1221,230
S01007535,961,775,186
S01007536,1026,850,176
S01007537,1698,1328,370
S01007538,1123,787,336
S01007539,853,613,240
S01007540,838,671,167
S01007541,1233,969,264
S01007542,980,799,181
S01007543,1284,979,305
S01007544,1291,741,550
S01007545,1525,1067,458
S01007546,663,490,173
S01007547,551,372,179
S01007548,947,649,298
S01007549,765,515,250
S01007550,1233,752,481
S01007551,1310,753,557
S01007552,1042,899,143
S01007553,1059,976,83
S01007554,840,726,114
S01007555,818,657,161
S01007556,748,681,67
S01007557,1131,1050,81
S01007558,482,348,134
S01007559,864,596,268
S01007560,1196,947,249
S01007561,1104,856,248
S01007562,854,629,225
S01007563,1106,733,373
S01007564,1271,885,386
S01007565,1153,872,281
S01007566,822,628,194
S01007567,588,455,133
S01007568,745,561,184
S01007569,1259,959,300
S01007570,1113,917,196
S01007571,539,383,156
S01007572,1778,1506,272
S01007573,84,79,5
S01007574,2322,2036,286
S01007575,860,769,91
S01007576,1025,893,132
S01007577,893,810,83
S01007578,834,737,97
S01007579,663,590,73
S01007580,993,882,111
S01007581,657,585,72
S01007582,873,782,91
S01007583,1318,1154,164
S01007584,995,843,152
S01007585,1087,944,143
S01007586,1155,994,161
S01007587,819,675,144
S01007588,949,775,174
S01007589,1123,880,243
S01007590,661,538,123
S01007591,1178,946,232
S01007592,1143,954,189
S01007593,1200,959,241
S01007594,843,700,143
S01007595,1056,728,328
S01007596,715,435,280
S01007597,647,467,180
S01007598,1121,879,242
S01007599,840,662,178
S01007600,1066,842,224
S01007601,631,531,100
S01007602,958,826,132
S01007603,923,819,104
S01007604,1020,888,132
S01007605,1157,963,194
S01007606,614,500,114
S01007607,927,796,131
S01007608,971,818,153
S01007609,981,862,119
S01007610,730,621,109
S01007611,1147,931,216
S01007612,1044,818,226
S01007613,1013,800,213
S01007614,1112,863,249
S01007615,1375,1162,213
S01007616,917,796,121
S01007617,671,584,87
S01007618,781,703,78
S01007619,736,672,64
S01007620,822,722,100
S01007621,898,808,90
S01007622,1331,1109,222
S01007623,608,511,97
S01007624,741,662,79
S01007625,690,609,81
S01007626,650,568,82
S01007627,547,439,108
S01007628,881,731,150
S01007629,860,661,199
S01007630,813,641,172
S01007631,631,434,197
S01007632,1683,1350,333
S01007633,1550,1274,276
S01007634,803,607,196
S01007635,981,747,234
S01007636,1413,1163,250
S01007637,1378,1178,200
S01007638,1058,879,179
S01007639,1087,926,161
S01007640,724,506,218
S01007641,856,590,266
S01007642,1152,742,410
S01007643,1067,831,236
S01007644,1095,750,345
S01007645,897,562,335
S01007646,627,342,285
S01007647,1020,690,330
S01007648,1086,816,270
S01007649,741,562,179
S01007650,1062,482,580
S01007651,716,369,347
S01007652,895,551,344
S01007653,1159,801,358
S01007654,1299,912,387
S01007655,781,457,324
S01007656,936,639,297
S01007657,595,418,177
S01007658,689,488,201
S01007659,1055,774,281
S01007660,1289,1043,246
S01007661,905,666,239
S01007662,1070,860,210
S01007663,1135,934,201
S01007664,578,459,119
S01007665,745,619,126
S01007666,510,410,100
S01007667,717,558,159
S01007668,1269,1078,191
S01007669,642,503,139
S01007670,1146,900,246
S01007671,857,614,243
S01007672,1002,754,248
S01007673,700,514,186
S01007674,1149,857,292
S01007675,801,539,262
S01007676,572,327,245
S01007677,279,127,152
S01007678,823,458,365
S01007679,1045,550,495
S01007680,922,474,448
S01007681,519,283,236
S01007682,998,731,267
S01007683,1045,740,305
S01007684,1173,921,252
S01007685,1173,825,348
S01007686,1115,862,253
S01007687,952,690,262
S01007688,1211,770,441
S01007689,613,404,209
S01007690,1148,759,389
S01007691,4465,2275,2190
S01007692,1036,699,337
S01007693,1290,732,558
S01007694,990,644,346
S01007695,1031,735,296
S01007696,1033,645,388
S01007697,1329,942,387
S01007698,1312,827,485
S01007699,808,529,279
S01007700,990,772,218
S01007701,451,336,115
S01007702,2253,1206,1047
S01007703,1230,992,238
S01007704,1393,1000,393
S01007705,1058,535,523
S01007706,1058,642,416
S01007707,1285,775,510
S01007708,1038,816,222
S01007709,825,636,189
S01007710,2214,1395,819
S01007711,1342,923,419
S01007712,1066,738,328
S01007713,573,430,143
S01007714,643,512,131
S01007715,774,568,206
S01007716,1214,942,272
S01007717,1003,782,221
S01007718,963,786,177
S01007719,1534,1364,170
S01007720,1091,1006,85
S01007721,1085,975,110
S01007722,940,824,116
S01007723,1020,862,158
S01007724,805,526,279
S01007725,1343,1101,242
S01007726,858,646,212
S01007727,1023,779,244
S01007728,1291,883,408
S01007729,1002,677,325
S01007730,985,694,291
S01007731,729,562,167
S01007732,1003,678,325
S01007733,853,708,145
S01007734,821,698,123
S01007735,827,717,110
S01007736,844,710,134
S01007737,1140,993,147
S01007738,1114,1018,96
S01007739,819,771,48
S01007740,709,637,72
S01007741,899,810,89
S01007742,729,657,72
S01007743,895,815,80
S01007744,766,689,77
S01007745,1016,944,72
S01007746,889,824,65
S01007747,815,743,72
S01007748,704,635,69
S01007749,866,743,123
S01007750,930,777,153
S01007751,790,646,144
S01007752,1167,972,195
S01007753,961,873,88
S01007754,1313,1195,118
S01007755,877,818,59
S01007756,955,892,63
S01007757,1311,1123,188
S01007758,1040,875,165
S01007759,1255,1076,179
S01007760,950,802,148
S01007761,853,678,175
S01007762,814,668,146
S01007763,772,694,78
S01007764,895,794,101
S01007765,969,850,119
S01007766,1083,931,152
S01007767,1000,854,146
S01007768,765,656,109
S01007769,809,712,97
S01007770,812,679,133
S01007771,823,715,108
S01007772,1185,1047,138
S01007773,734,666,68
S01007774,146,125,21
S01007775,1292,1111,181
S01007776,591,518,73
S01007777,562,485,77
S01007778,2422,2053,369
S01007779,774,712,62
S01007780,795,724,71
S01007781,796,723,73
S01007782,709,617,92
S01007783,873,810,63
S01007784,1006,909,97
S01007785,507,480,27
S01007786,900,840,60
S01007787,804,742,62
S01007788,832,764,68
S01007789,1151,1023,128
S01007790,1899,1716,183
S01007791,1170,1047,123
S01007792,998,931,67
S01007793,1046,917,129
S01007794,1109,1038,71
S01007795,712,668,44
S01007796,692,640,52
S01007797,635,575,60
S01007798,778,681,97
S01007799,418,355,63
S01007800,1038,977,61
S01007801,973,867,106
S01007802,634,547,87
S01007803,1468,1371,97
S01007804,846,786,60
S01007805,971,901,70
S01007806,888,836,52
S01007807,894,815,79
S01007808,933,830,103
S01007809,1249,1153,96
S01007810,983,916,67
S01007811,871,792,79
S01007812,850,759,91
S01007813,1108,1008,100
S01007814,854,772,82
S01007815,1159,1075,84
S01007816,669,634,35
S01007817,826,786,40
S01007818,950,890,60
S01007819,803,761,42
S01007820,1088,1000,88
S01007821,826,775,51
S01007822,966,904,62
S01007823,789,709,80
S01007824,1125,1001,124
S01007825,1294,1181,113
S01007826,598,553,45
S01007827,661,573,88
S01007828,1214,1073,141
S01007829,763,676,87
S01007830,1072,933,139
S01007831,1059,919,140
S01007832,956,860,96
S01007833,983,908,75
S01007834,742,616,126
S01007835,784,698,86
S01007836,739,654,85
S01007837,1260,1149,111
S01007838,973,868,105
S01007839,1199,914,285
S01007840,902,794,108
S01007841,951,857,94
S01007842,1215,1081,134
S01007843,944,803,141
S01007844,1340,1142,198
S01007845,995,891,104
S01007846,852,768,84
S01007847,1474,1311,163
S01007848,1070,946,124
S01007849,1112,1012,100
S01007850,754,702,52
S01007851,1036,966,70
S01007852,1282,1174,108
S01007853,807,711,96
S01007854,1286,1141,145
S01007855,658,562,96
S01007856,1053,956,97
S01007857,595,558,37
S01007858,2159,1980,179
S01007859,1529,1388,141
S01007860,1165,1054,111
S01007861,1067,1013,54
S01007862,1067,1003,64
S01007863,895,838,57
S01007864,938,864,74
S01007865,1461,1265,196
S01007866,586,531,55
S01007867,1427,1222,205
S01007868,2091,1801,290
S01007869,2241,1844,397
S01007870,666,572,94
S01007871,1111,942,169
S01007872,795,717,78
S01007873,778,696,82
S01007874,887,803,84
S01007875,764,661,103
S01007876,1009,903,106
S01007877,888,821,67
S01007878,724,661,63
S01007879,1203,1090,113
S01007880,460,379,81
S01007881,656,591,65
S01007882,1612,1395,217
S01007883,1211,1079,132
S01007884,953,875,78
S01007885,1038,908,130
S01007886,1168,1017,151
S01007887,717,618,99
S01007888,1070,1004,66
S01007889,1119,1053,66
S01007890,695,649,46
S01007891,1333,1197,136
S01007892,1174,1080,94
S01007893,1326,1208,118
S01007894,1050,988,62
S01007895,771,693,78
S01007896,1110,1034,76
S01007897,1609,1409,200
S01007898,758,673,85
S01007899,502,464,38
S01007900,549,517,32
S01007901,801,743,58
S01007902,980,880,100
S01007903,803,721,82
S01007904,849,715,134
S01007905,827,766,61
S01007906,824,769,55
S01007907,780,755,25
S01007908,1296,1211,85
S01007909,719,664,55
S01007910,1111,1055,56
S01007911,1094,1008,86
S01007912,865,823,42
S01007913,1069,1003,66
S01007914,744,706,38
S01007915,961,906,55
S01007916,1041,1000,41
S01007917,1234,1168,66
S01007918,1034,966,68
S01007919,949,873,76
S01007920,615,563,52
S01007921,1146,1090,56
S01007922,1361,1270,91
S01007923,1279,1159,120
S01007924,1179,1092,87
S01007925,665,554,111
S01007926,931,781,150
S01007927,617,531,86
S01007928,1208,1083,125
S01007929,1617,1432,185
S01007930,727,646,81
S01007931,1353,1167,186
S01007932,831,744,87
S01007933,1341,1200,141
S01007934,720,660,60
S01007935,1273,1118,155
S01007936,1233,1112,121
S01007937,1503,1321,182
S01007938,837,766,71
S01007939,1016,958,58
S01007940,1719,1541,178
S01007941,631,572,59
S01007942,508,462,46
S01007943,970,871,99
S01007944,1026,926,100
S01007945,1202,1093,109
S01007946,1039,941,98
S01007947,1048,953,95
S01007948,760,693,67
S01007949,954,879,75
S01007950,1135,1045,90
S01007951,1005,941,64
S01007952,857,762,95
S01007953,1022,988,34
S01007954,728,688,40
S01007955,1736,1603,133
S01007956,999,945,54
S01007957,1230,1131,99
S01007958,1059,996,63
S01007959,1951,1779,172
S01007960,607,571,36
S01007961,1674,1524,150
S01007962,1096,993,103
S01007963,1158,1028,130
S01007964,890,821,69
S01007965,774,724,50
S01007966,1090,1007,83
S01007967,860,803,57
S01007968,1038,978,60
S01007969,840,797,43
S01007970,1062,988,74
S01007971,1027,966,61
S01007972,1126,1074,52
S01007973,867,820,47
S01007974,940,862,78
S01007975,655,605,50
S01007976,1086,1007,79
S01007977,645,602,43
S01007978,826,752,74
S01007979,904,819,85
S01007980,816,756,60
S01007981,755,705,50
S01007982,695,662,33
S01007983,1415,1349,66
S01007984,896,824,72
S01007985,923,854,69
S01007986,675,640,35
S01007987,1033,930,103
S01007988,906,861,45
S01007989,722,648,74
S01007990,1253,1146,107
S01007991,1003,889,114
S01007992,1058,924,134
S01007993,908,833,75
S01007994,659,575,84
S01007995,721,646,75
S01007996,338,302,36
S01007997,669,586,83
S01007998,606,536,70
S01007999,801,765,36
S01008000,913,857,56
S01008001,961,889,72
S01008002,1039,930,109
S01008003,760,670,90
S01008004,122,109,13
S01008005,165,148,17
S01008006,864,824,40
S01008007,570,519,51
S01008008,787,682,105
S01008009,1021,923,98
S01008010,1313,1217,96
S01008011,846,762,84
S01008012,997,904,93
S01008013,834,771,63
S01008014,800,712,88
S01008015,832,768,64
S01008016,781,728,53
S01008017,900,834,66
S01008018,944,860,84
S01008019,1011,935,76
S01008020,891,800,91
S01008021,699,638,61
S01008022,844,785,59
S01008023,1739,1587,152
S01008024,955,873,82
S01008025,891,829,62
S01008026,1371,1284,87
S01008027,809,758,51
S01008028,585,523,62
S01008029,3738,3343,395
S01008030,2233,1968,265
S01008031,1573,1391,182
S01008032,1248,1145,103
S01008033,1166,978,188
S01008034,1176,972,204
S01008035,1020,919,101
S01008036,669,617,52
S01008037,1446,1340,106
S01008038,999,914,85
S01008039,1079,973,106
S01008040,752,618,134
S01008041,1074,929,145
S01008042,862,699,163
S01008043,1364,1139,225
S01008044,1195,982,213
S01008045,1313,1084,229
S01008046,1157,1031,126
S01008047,697,616,81
S01008048,662,586,76
S01008049,1023,891,132
S01008050,682,547,135
S01008051,1229,1054,175
S01008052,829,693,136
S01008053,959,817,142
S01008054,778,647,131
S01008055,1049,848,201
S01008056,1204,982,222
S01008057,1358,1143,215
S01008058,895,735,160
S01008059,678,601,77
S01008060,1833,1584,249
S01008061,887,795,92
S01008062,997,878,119
S01008063,874,744,130
S01008064,1013,886,127
S01008065,1219,1007,212
S01008066,1022,814,208
S01008067,691,565,126
S01008068,1203,1047,156
S01008069,1201,1081,120
S01008070,1125,1014,111
S01008071,966,873,93
S01008072,1336,1082,254
S01008073,471,395,76
S01008074,976,842,134
S01008075,613,534,79
S01008076,1035,860,175
S01008077,1003,825,178
S01008078,860,726,134
S01008079,905,767,138
S01008080,808,695,113
S01008081,703,598,105
S01008082,1032,865,167
S01008083,839,707,132
S01008084,1033,919,114
S01008085,1314,1152,162
S01008086,1256,1123,133
S01008087,1136,1025,111
S01008088,917,834,83
S01008089,997,907,90
S01008090,771,682,89
S01008091,513,463,50
S01008092,1138,1040,98
S01008093,900,821,79
S01008094,725,677,48
S01008095,1093,1020,73
S01008096,790,733,57
S01008097,897,831,66
S01008098,750,697,53
S01008099,540,505,35
S01008100,1035,911,124
S01008101,1244,1130,114
S01008102,819,764,55
S01008103,706,645,61
S01008104,1022,961,61
S01008105,1226,1135,91
S01008106,1742,1540,202
S01008107,1301,1116,185
S01008108,936,863,73
S01008109,940,895,45
S01008110,941,855,86
S01008111,869,789,80
S01008112,947,865,82
S01008113,1002,918,84
S01008114,899,824,75
S01008115,915,824,91
S01008116,1116,982,134
S01008117,800,693,107
S01008118,1351,1228,123
S01008119,784,717,67
S01008120,707,646,61
S01008121,662,596,66
S01008122,1135,971,164
S01008123,1063,934,129
S01008124,1012,942,70
S01008125,1177,1053,124
S01008126,935,865,70
S01008127,489,433,56
S01008128,1104,1014,90
S01008129,980,903,77
S01008130,1152,1057,95
S01008131,766,706,60
S01008132,1110,1008,102
S01008133,829,741,88
S01008134,703,632,71
S01008135,1605,1456,149
S01008136,1419,1298,121
S01008137,1440,1344,96
S01008138,1051,993,58
S01008139,1086,1024,62
S01008140,741,700,41
S01008141,1168,1087,81
S01008142,974,904,70
S01008143,1181,1098,83
S01008144,1019,944,75
S01008145,1018,966,52
S01008146,649,618,31
S01008147,901,856,45
S01008148,915,855,60
S01008149,960,900,60
S01008150,1409,1343,66
S01008151,1030,959,71
S01008152,1241,1165,76
S01008153,892,809,83
S01008154,1050,960,90
S01008155,836,757,79
S01008156,1062,980,82
S01008157,1083,985,98
S01008158,1002,891,111
S01008159,1210,1117,93
S01008160,1419,1299,120
S01008161,1499,1326,173
S01008162,1264,1137,127
S01008163,894,804,90
S01008164,1450,852,598
S01008165,880,718,162
S01008166,1347,1150,197
S01008167,1604,1380,224
S01008168,1129,1022,107
S01008169,1499,1277,222
S01008170,1530,928,602
S01008171,909,782,127
S01008172,557,506,51
S01008173,785,717,68
S01008174,532,482,50
S01008175,750,655,95
S01008176,1515,1219,296
S01008177,864,777,87
S01008178,640,595,45
S01008179,391,339,52
S01008180,473,424,49
S01008181,678,611,67
S01008182,1253,1018,235
S01008183,968,813,155
S01008184,881,698,183
S01008185,1235,1005,230
S01008186,1076,793,283
S01008187,699,591,108
S01008188,1467,1234,233
S01008189,1062,907,155
S01008190,1035,938,97
S01008191,1481,1259,222
S01008192,1099,896,203
S01008193,972,817,155
S01008194,682,560,122
S01008195,1148,1013,135
S01008196,923,832,91
S01008197,1901,1675,226
S01008198,693,634,59
S01008199,776,714,62
S01008200,867,811,56
S01008201,1327,1198,129
S01008202,803,734,69
S01008203,556,498,58
S01008204,2717,2423,294
S01008205,771,716,55
S01008206,1604,1471,133
S01008207,824,785,39
S01008208,1026,921,105
S01008209,686,607,79
S01008210,1423,1199,224
S01008211,991,855,136
S01008212,712,649,63
S01008213,1019,943,76
S01008214,837,769,68
S01008215,1099,979,120
S01008216,770,670,100
S01008217,679,552,127
S01008218,2156,1916,240
S01008219,1242,1100,142
S01008220,644,597,47
S01008221,832,744,88
S01008222,722,665,57
S01008223,597,553,44
S01008224,907,813,94
S01008225,786,722,64
S01008226,755,709,46
S01008227,986,924,62
S01008228,792,697,95
S01008229,1317,1227,90
S01008230,811,704,107
S01008231,640,584,56
S01008232,244,222,22
S01008233,1740,1550,190
S01008234,2097,1859,238
S01008235,929,833,96
S01008236,1009,879,130
S01008237,929,800,129
S01008238,1038,947,91
S01008239,762,687,75
S01008240,1402,1123,279
S01008241,1055,798,257
S01008242,1211,1037,174
S01008243,1134,912,222
S01008244,1051,811,240
S01008245,1133,960,173
S01008246,1274,1011,263
S01008247,982,748,234
S01008248,1329,992,337
S01008249,903,619,284
S01008250,1117,836,281
S01008251,1038,809,229
S01008252,1120,931,189
S01008253,855,757,98
S01008254,1286,1081,205
S01008255,1017,886,131
S01008256,1033,850,183
S01008257,886,747,139
S01008258,1289,1030,259
S01008259,1455,1086,369
S01008260,1054,866,188
S01008261,1197,997,200
S01008262,914,727,187
S01008263,801,613,188
S01008264,919,758,161
S01008265,706,497,209
S01008266,1061,762,299
S01008267,818,588,230
S01008268,878,587,291
S01008269,1126,819,307
S01008270,1191,863,328
S01008271,749,538,211
S01008272,1002,710,292
S01008273,1026,766,260
S01008274,930,768,162
S01008275,682,512,170
S01008276,681,474,207
S01008277,692,483,209
S01008278,774,538,236
S01008279,733,612,121
S01008280,1275,974,301
S01008281,830,604,226
S01008282,779,578,201
S01008283,1338,1003,335
S01008284,1651,1350,301
S01008285,754,667,87
S01008286,1368,1157,211
S01008287,967,752,215
S01008288,1002,789,213
S01008289,768,622,146
S01008290,1038,795,243
S01008291,1135,946,189
S01008292,1640,1335,305
S01008293,1184,930,254
S01008294,730,598,132
S01008295,1211,1115,96
S01008296,932,874,58
S01008297,626,591,35
S01008298,1079,988,91
S01008299,1177,1097,80
S01008300,940,861,79
S01008301,1015,924,91
S01008302,940,825,115
S01008303,788,737,51
S01008304,476,425,51
S01008305,791,752,39
S01008306,611,569,42
S01008307,805,747,58
S01008308,566,517,49
S01008309,932,879,53
S01008310,949,894,55
S01008311,728,679,49
S01008312,720,671,49
S01008313,1013,954,59
S01008314,939,873,66
S01008315,748,705,43
S01008316,943,845,98
S01008317,738,680,58
S01008318,1628,1501,127
S01008319,614,571,43
S01008320,633,590,43
S01008321,729,673,56
S01008322,1956,1827,129
S01008323,881,840,41
S01008324,651,621,30
S01008325,1229,1110,119
S01008326,1164,1069,95
S01008327,1094,1024,70
S01008328,935,793,142
S01008329,1038,891,147
S01008330,1088,890,198
S01008331,785,667,118
S01008332,1108,917,191
S01008333,1161,1012,149
S01008334,995,837,158
S01008335,1012,906,106
S01008336,1000,872,128
S01008337,906,785,121
S01008338,915,759,156
S01008339,629,537,92
S01008340,929,794,135
S01008341,700,607,93
S01008342,1167,1014,153
S01008343,1162,1008,154
S01008344,872,745,127
S01008345,1273,1090,183
S01008346,1102,946,156
S01008347,1228,1054,174
S01008348,976,841,135
S01008349,1481,1253,228
S01008350,760,682,78
S01008351,1067,937,130
S01008352,933,796,137
S01008353,525,410,115
S01008354,1110,926,184
S01008355,1123,1022,101
S01008356,884,791,93
S01008357,908,818,90
S01008358,870,782,88
S01008359,772,698,74
S01008360,1338,1173,165
S01008361,786,715,71
S01008362,1158,1014,144
S01008363,829,744,85
S01008364,818,722,96
S01008365,972,870,102
S01008366,980,899,81
S01008367,966,868,98
S01008368,905,816,89
S01008369,782,701,81
S01008370,692,612,80
S01008371,913,827,86
S01008372,927,838,89
S01008373,1199,1085,114
S01008374,877,804,73
S01008375,789,708,81
S01008376,655,578,77
S01008377,944,840,104
S01008378,1103,959,144
S01008379,530,479,51
S01008380,649,584,65
S01008381,1070,966,104
S01008382,921,848,73
S01008383,619,558,61
S01008384,976,901,75
S01008385,674,607,67
S01008386,951,885,66
S01008387,871,809,62
S01008388,637,594,43
S01008389,756,679,77
S01008390,732,688,44
S01008391,785,694,91
S01008392,916,815,101
S01008393,912,810,102
S01008394,1108,988,120
S01008395,832,748,84
S01008396,807,704,103
S01008397,996,886,110
S01008398,907,790,117
S01008399,703,595,108
S01008400,1101,954,147
S01008401,1258,1105,153
S01008402,1092,921,171
S01008403,1014,904,110
S01008404,1087,954,133
S01008405,908,795,113
S01008406,1200,1024,176
S01008407,522,461,61
S01008408,812,736,76
S01008409,1092,970,122
S01008410,870,737,133
S01008411,1121,1026,95
S01008412,706,628,78
S01008413,690,599,91
S01008414,660,566,94
S01008415,1058,928,130
S01008416,1164,1039,125
S01008417,726,542,184
S01008418,692,569,123
S01008419,525,402,123
S01008420,569,465,104
S01008421,858,745,113
S01008422,972,763,209
S01008423,1063,763,300
S01008424,1120,879,241
S01008425,2557,1273,1284
S01008426,1163,1028,135
S01008427,1249,1071,178
S01008428,884,778,106
S01008429,913,793,120
S01008430,1117,935,182
S01008431,1067,919,148
S01008432,1116,951,165
S01008433,807,712,95
S01008434,1043,915,128
S01008435,1083,917,166
S01008436,1059,863,196
S01008437,796,607,189
S01008438,587,444,143
S01008439,1120,842,278
S01008440,1143,859,284
S01008441,1022,796,226
S01008442,774,548,226
S01008443,582,449,133
S01008444,720,512,208
S01008445,1077,738,339
S01008446,1706,1228,478
S01008447,675,519,156
S01008448,879,720,159
S01008449,964,686,278
S01008450,592,430,162
S01008451,1018,778,240
S01008452,979,607,372
S01008453,956,599,357
S01008454,1339,1068,271
S01008455,1254,933,321
S01008456,1236,922,314
S01008457,1101,906,195
S01008458,995,828,167
S01008459,815,627,188
S01008460,1227,986,241
S01008461,1018,807,211
S01008462,694,562,132
S01008463,937,736,201
S01008464,921,800,121
S01008465,953,800,153
S01008466,840,688,152
S01008467,887,775,112
S01008468,1011,826,185
S01008469,804,569,235
S01008470,992,808,184
S01008471,858,658,200
S01008472,811,602,209
S01008473,700,560,140
S01008474,832,667,165
S01008475,1040,790,250
S01008476,779,640,139
S01008477,1167,960,207
S01008478,1021,805,216
S01008479,1097,880,217
S01008480,534,458,76
S01008481,1615,1379,236
S01008482,1498,1265,233
S01008483,832,672,160
S01008484,952,822,130
S01008485,1203,905,298
S01008486,867,703,164
S01008487,961,735,226
S01008488,1303,945,358
S01008489,874,683,191
S01008490,1159,811,348
S01008491,935,593,342
S01008492,944,668,276
S01008493,913,709,204
S01008494,837,555,282
S01008495,1059,587,472
S01008496,1160,568,592
S01008497,927,516,411
S01008498,772,493,279
S01008499,1123,564,559
S01008500,398,262,136
S01008501,835,418,417
S01008502,648,348,300
S01008503,994,652,342
S01008504,1723,1142,581
S01008505,1000,676,324
S01008506,1108,725,383
S01008507,897,499,398
S01008508,1106,844,262
S01008509,1251,961,290
S01008510,906,750,156
S01008511,1009,769,240
S01008512,1202,937,265
S01008513,1190,782,408
S01008514,762,551,211
S01008515,998,751,247
S01008516,1486,980,506
S01008517,1042,611,431
S01008518,1192,790,402
S01008519,1083,767,316
S01008520,1359,999,360
S01008521,907,694,213
S01008522,594,415,179
S01008523,1172,808,364
S01008524,1202,1013,189
S01008525,1139,940,199
S01008526,850,686,164
S01008527,726,582,144
S01008528,720,600,120
S01008529,839,734,105
S01008530,1053,877,176
S01008531,946,777,169
S01008532,661,535,126
S01008533,549,312,237
S01008534,869,619,250
S01008535,709,595,114
S01008536,707,572,135
S01008537,673,541,132
S01008538,641,508,133
S01008539,1100,872,228
S01008540,982,782,200
S01008541,1028,848,180
S01008542,1221,994,227
S01008543,995,785,210
S01008544,653,508,145
S01008545,1053,803,250
S01008546,806,618,188
S01008547,1167,940,227
S01008548,1056,871,185
S01008549,1185,1000,185
S01008550,1039,799,240
S01008551,984,807,177
S01008552,1031,833,198
S01008553,659,568,91
S01008554,1090,898,192
S01008555,1295,1046,249
S01008556,1125,920,205
S01008557,1051,829,222
S01008558,912,744,168
S01008559,862,747,115
S01008560,888,697,191
S01008561,1088,895,193
S01008562,858,735,123
S01008563,1138,937,201
S01008564,1043,884,159
S01008565,1087,872,215
S01008566,1137,987,150
S01008567,889,743,146
S01008568,871,647,224
S01008569,738,576,162
S01008570,1374,1124,250
S01008571,796,682,114
S01008572,1072,870,202
S01008573,1174,874,300
S01008574,1079,849,230
S01008575,875,673,202
S01008576,1009,780,229
S01008577,1203,967,236
S01008578,1003,754,249
S01008579,934,700,234
S01008580,816,623,193
S01008581,1014,791,223
S01008582,1368,1075,293
S01008583,921,641,280
S01008584,1309,928,381
S01008585,991,753,238
S01008586,949,761,188
S01008587,914,502,412
S01008588,1116,827,289
S01008589,390,296,94
S01008590,759,506,253
S01008591,1084,666,418
S01008592,965,617,348
S01008593,870,585,285
S01008594,969,568,401
S01008595,1179,888,291
S01008596,953,663,290
S01008597,1116,850,266
S01008598,1229,701,528
S01008599,1031,544,487
S01008600,2710,880,1830
S01008601,2533,754,1779
S01008602,555,295,260
S01008603,1029,478,551
S01008604,1144,573,571
S01008605,921,461,460
S01008606,1052,633,419
S01008607,630,404,226
S01008608,848,583,265
S01008609,1165,810,355
S01008610,1235,695,540
S01008611,1421,617,804
S01008612,779,362,417
S01008613,1039,507,532
S01008614,910,368,542
S01008615,951,429,522
S01008616,872,396,476
S01008617,967,446,521
S01008618,739,321,418
S01008619,520,238,282
S01008620,815,319,496
S01008621,881,378,503
S01008622,837,377,460
S01008623,1136,513,623
S01008624,879,575,304
S01008625,573,382,191
S01008626,1110,703,407
S01008627,840,537,303
S01008628,787,415,372
S01008629,1077,665,412
S01008630,739,411,328
S01008631,910,500,410
S01008632,1275,801,474
S01008633,1238,805,433
S01008634,727,418,309
S01008635,850,464,386
S01008636,950,542,408
S01008637,792,450,342
S01008638,1499,653,846
S01008639,1299,679,620
S01008640,1210,603,607
S01008641,1130,549,581
S01008642,1043,562,481
S01008643,1012,550,462
S01008644,680,335,345
S01008645,1035,567,468
S01008646,1251,734,517
S01008647,715,411,304
S01008648,988,540,448
S01008649,1281,764,517
S01008650,912,493,419
S01008651,1203,605,598
S01008652,739,434,305
S01008653,684,373,311
S01008654,1189,587,602
S01008655,922,447,475
S01008656,1446,725,721
S01008657,1058,532,526
S01008658,1751,827,924
S01008659,1210,585,625
S01008660,1162,510,652
S01008661,1289,558,731
S01008662,1051,451,600
S01008663,1009,496,513
S01008664,1006,453,553
S01008665,1698,777,921
S01008666,1066,348,718
S01008667,1499,585,914
S01008668,1253,514,739
S01008669,690,283,407
S01008670,1141,419,722
S01008671,1188,476,712
S01008672,686,288,398
S01008673,1158,439,719
S01008674,1037,335,702
S01008675,889,418,471
S01008676,966,434,532
S01008677,897,355,542
S01008678,1446,507,939
S01008679,1355,603,752
S01008680,948,372,576
S01008681,1096,538,558
S01008682,970,468,502
S01008683,2150,1008,1142
S01008684,2919,1076,1843
S01008685,883,484,399
S01008686,1258,782,476
S01008687,992,560,432
S01008688,1395,733,662
S01008689,1190,708,482
S01008690,1078,613,465
S01008691,1293,739,554
S01008692,1127,703,424
S01008693,591,506,85
S01008694,1436,890,546
S01008695,1014,738,276
S01008696,675,550,125
S01008697,1059,869,190
S01008698,746,639,107
S01008699,1123,917,206
S01008700,747,568,179
S01008701,938,725,213
S01008702,815,529,286
S01008703,1410,1027,383
S01008704,1651,1260,391
S01008705,938,720,218
S01008706,1369,1055,314
S01008707,1311,1058,253
S01008708,1031,789,242
S01008709,1048,865,183
S01008710,998,749,249
S01008711,784,634,150
S01008712,1253,1048,205
S01008713,635,567,68
S01008714,656,561,95
S01008715,763,690,73
S01008716,694,600,94
S01008717,532,460,72
S01008718,625,527,98
S01008719,1145,932,213
S01008720,586,506,80
S01008721,809,708,101
S01008722,1058,911,147
S01008723,809,669,140
S01008724,1068,883,185
S01008725,752,587,165
S01008726,1169,915,254
S01008727,1233,932,301
S01008728,654,555,99
S01008729,845,655,190
S01008730,1099,739,360
S01008731,514,429,85
S01008732,815,641,174
S01008733,869,653,216
S01008734,806,645,161
S01008735,1187,966,221
S01008736,738,581,157
S01008737,801,705,96
S01008738,913,803,110
S01008739,559,508,51
S01008740,709,630,79
S01008741,1125,1010,115
S01008742,731,648,83
S01008743,1107,917,190
S01008744,1058,932,126
S01008745,545,424,121
S01008746,1062,763,299
S01008747,575,499,76
S01008748,1063,907,156
S01008749,1186,1012,174
S01008750,765,693,72
S01008751,1017,847,170
S01008752,976,852,124
S01008753,887,727,160
S01008754,866,671,195
S01008755,1001,727,274
S01008756,827,629,198
S01008757,784,681,103
S01008758,1002,836,166
S01008759,728,634,94
S01008760,1370,1183,187
S01008761,858,548,310
S01008762,551,480,71
S01008763,845,658,187
S01008764,714,554,160
S01008765,1270,955,315
S01008766,1469,1211,258
S01008767,904,769,135
S01008768,2851,1772,1079
S01008769,2294,1323,971
S01008770,2179,1254,925
S01008771,2179,1254,925
S01008772,1201,895,306
S01008773,1120,830,290
S01008774,901,614,287
S01008775,539,400,139
S01008776,1282,871,411
S01008777,1083,740,343
S01008778,990,632,358
S01008779,1100,683,417
S01008780,920,564,356
S01008781,1098,651,447
S01008782,999,597,402
S01008783,553,370,183
S01008784,779,515,264
S01008785,1066,722,344
S01008786,1197,740,457
S01008787,690,446,244
S01008788,875,525,350
S01008789,654,498,156
S01008790,919,567,352
S01008791,978,497,481
S01008792,1001,663,338
S01008793,1102,727,375
S01008794,971,701,270
S01008795,1284,752,532
S01008796,1182,762,420
S01008797,1048,628,420
S01008798,987,603,384
S01008799,783,416,367
S01008800,1205,684,521
S01008801,854,458,396
S01008802,1241,725,516
S01008803,1112,695,417
S01008804,929,515,414
S01008805,786,380,406
S01008806,1219,644,575
S01008807,984,548,436
S01008808,663,400,263
S01008809,801,447,354
S01008810,1029,563,466
S01008811,844,432,412
S01008812,983,438,545
S01008813,1036,669,367
S01008814,1276,742,534
S01008815,1287,781,506
S01008816,523,368,155
S01008817,1192,811,381
S01008818,1166,857,309
S01008819,1117,812,305
S01008820,1538,1066,472
S01008821,787,551,236
S01008822,845,623,222
S01008823,959,707,252
S01008824,1274,972,302
S01008825,619,464,155
S01008826,664,481,183
S01008827,1023,727,296
S01008828,1005,758,247
S01008829,1067,808,259
S01008830,1214,899,315
S01008831,1044,815,229
S01008832,755,509,246
S01008833,1103,720,383
S01008834,1232,852,380
S01008835,1037,850,187
S01008836,526,370,156
S01008837,1637,969,668
S01008838,1009,620,389
S01008839,1188,730,458
S01008840,1074,663,411
S01008841,1289,677,612
S01008842,161,98,63
S01008843,991,472,519
S01008844,971,494,477
S01008845,853,338,515
S01008846,930,461,469
S01008847,840,392,448
S01008848,920,444,476
S01008849,1061,440,621
S01008850,1424,716,708
S01008851,1199,674,525
S01008852,1232,582,650
S01008853,680,278,402
S01008854,1012,466,546
S01008855,1156,608,548
S01008856,718,351,367
S01008857,986,552,434
S01008858,1143,628,515
S01008859,1113,624,489
S01008860,1241,743,498
S01008861,973,575,398
S01008862,1053,571,482
S01008863,795,453,342
S01008864,1516,769,747
S01008865,1077,660,417
S01008866,1033,601,432
S01008867,961,585,376
S01008868,1121,472,649
S01008869,1068,583,485
S01008870,1173,688,485
S01008871,1318,694,624
S01008872,1050,583,467
S01008873,809,515,294
S01008874,835,526,309
S01008875,1112,741,371
S01008876,807,641,166
S01008877,801,614,187
S01008878,1175,955,220
S01008879,817,686,131
S01008880,732,551,181
S01008881,640,470,170
S01008882,1289,917,372
S01008883,1190,897,293
S01008884,823,602,221
S01008885,964,738,226
S01008886,1174,812,362
S01008887,770,608,162
S01008888,1409,772,637
S01008889,879,647,232
S01008890,833,673,160
S01008891,763,615,148
S01008892,1190,894,296
S01008893,1111,857,254
S01008894,1006,797,209
S01008895,863,645,218
S01008896,1089,818,271
S01008897,898,689,209
S01008898,1060,830,230
S01008899,843,729,114
S01008900,948,801,147
S01008901,1177,1018,159
S01008902,1119,885,234
S01008903,1078,947,131
S01008904,1179,788,391
S01008905,1309,1045,264
S01008906,1006,720,286
S01008907,1142,871,271
S01008908,1119,812,307
S01008909,1095,939,156
S01008910,1787,1288,499
S01008911,1415,948,467
S01008912,882,704,178
S01008913,525,452,73
S01008914,1106,971,135
S01008915,683,535,148
S01008916,1292,1076,216
S01008917,690,556,134
S01008918,824,554,270
S01008919,674,504,170
S01008920,1430,913,517
S01008921,1403,1032,371
S01008922,1187,981,206
S01008923,1299,973,326
S01008924,2320,1705,615
S01008925,843,610,233
S01008926,1637,1172,465
S01008927,1174,807,367
S01008928,813,607,206
S01008929,1400,1102,298
S01008930,1131,924,207
S01008931,776,672,104
S01008932,1188,897,291
S01008933,923,728,195
S01008934,865,649,216
S01008935,1086,900,186
S01008936,654,520,134
S01008937,831,662,169
S01008938,1045,888,157
S01008939,781,670,111
S01008940,787,625,162
S01008941,955,706,249
S01008942,1226,954,272
S01008943,884,654,230
S01008944,1013,767,246
S01008945,1091,809,282
S01008946,912,696,216
S01008947,1141,831,310
S01008948,1028,813,215
S01008949,1379,1173,206
S01008950,1067,932,135
S01008951,1022,834,188
S01008952,1428,1164,264
S01008953,1142,972,170
S01008954,974,836,138
S01008955,878,700,178
S01008956,1250,1060,190
S01008957,1130,922,208
S01008958,821,680,141
S01008959,1022,875,147
S01008960,1021,813,208
S01008961,963,762,201
S01008962,616,525,91
S01008963,964,804,160
S01008964,740,636,104
S01008965,742,635,107
S01008966,907,768,139
S01008967,1148,983,165
S01008968,1135,948,187
S01008969,1088,884,204
S01008970,1144,924,220
S01008971,697,553,144
S01008972,1539,1192,347
S01008973,812,627,185
S01008974,939,754,185
S01008975,903,740,163
S01008976,747,613,134
S01008977,835,717,118
S01008978,719,613,106
S01008979,853,681,172
S01008980,834,663,171
S01008981,808,722,86
S01008982,922,777,145
S01008983,844,684,160
S01008984,518,446,72
S01008985,794,683,111
S01008986,958,859,99
S01008987,1013,930,83
S01008988,1058,850,208
S01008989,1031,886,145
S01008990,1170,937,233
S01008991,1220,991,229
S01008992,440,354,86
S01008993,1284,1007,277
S01008994,1043,882,161
S01008995,1122,879,243
S01008996,703,603,100
S01008997,1088,896,192
S01008998,1197,1012,185
S01008999,970,855,115
S01009000,1117,943,174
S01009001,888,758,130
S01009002,941,707,234
S01009003,1035,739,296
S01009004,853,744,109
S01009005,1020,838,182
S01009006,1368,1135,233
S01009007,891,721,170
S01009008,916,727,189
S01009009,476,393,83
S01009010,1378,1139,239
S01009011,1195,1001,194
S01009012,875,741,134
S01009013,1036,837,199
S01009014,841,765,76
S01009015,643,578,65
S01009016,530,462,68
S01009017,721,621,100
S01009018,745,619,126
S01009019,886,763,123
S01009020,1027,832,195
S01009021,731,611,120
S01009022,888,715,173
S01009023,936,720,216
S01009024,1246,1092,154
S01009025,918,728,190
S01009026,1108,939,169
S01009027,884,643,241
S01009028,620,493,127
S01009029,835,689,146
S01009030,1028,875,153
S01009031,761,685,76
S01009032,660,536,124
S01009033,895,723,172
S01009034,709,601,108
S01009035,930,796,134
S01009036,1074,925,149
S01009037,1025,908,117
S01009038,1090,982,108
S01009039,939,830,109
S01009040,833,743,90
S01009041,1139,979,160
S01009042,849,750,99
S01009043,1215,1099,116
S01009044,1060,961,99
S01009045,1105,999,106
S01009046,872,773,99
S01009047,805,688,117
S01009048,837,732,105
S01009049,780,610,170
S01009050,992,921,71
S01009051,1101,1009,92
S01009052,914,846,68
S01009053,532,490,42
S01009054,700,647,53
S01009055,807,738,69
S01009056,554,521,33
S01009057,732,667,65
S01009058,1029,918,111
S01009059,901,823,78
S01009060,1214,1086,128
S01009061,941,868,73
S01009062,849,793,56
S01009063,733,655,78
S01009064,691,657,34
S01009065,1699,1566,133
S01009066,693,652,41
S01009067,645,607,38
S01009068,895,843,52
S01009069,882,799,83
S01009070,927,852,75
S01009071,658,606,52
S01009072,1355,1221,134
S01009073,848,798,50
S01009074,1025,952,73
S01009075,694,637,57
S01009076,1126,1016,110
S01009077,949,858,91
S01009078,565,517,48
S01009079,1352,1268,84
S01009080,2007,1870,137
S01009081,1505,1392,113
S01009082,1708,1568,140
S01009083,774,711,63
S01009084,4234,3768,466
S01009085,1352,1216,136
S01009086,1781,1615,166
S01009087,1637,1465,172
S01009088,1220,1111,109
S01009089,839,762,77
S01009090,462,412,50
S01009091,1887,1625,262
S01009092,1047,962,85
S01009093,1014,905,109
S01009094,878,803,75
S01009095,1323,1211,112
S01009096,1129,1002,127
S01009097,1834,1644,190
S01009098,527,479,48
S01009099,807,755,52
S01009100,1224,1128,96
S01009101,1045,979,66
S01009102,1086,992,94
S01009103,656,623,33
S01009104,775,724,51
S01009105,796,725,71
S01009106,791,740,51
S01009107,1277,1162,115
S01009108,874,795,79
S01009109,956,888,68
S01009110,805,758,47
S01009111,1056,964,92
S01009112,560,511,49
S01009113,632,582,50
S01009114,902,828,74
S01009115,979,923,56
S01009116,788,730,58
S01009117,765,706,59
S01009118,632,558,74
S01009119,917,848,69
S01009120,737,677,60
S01009121,1083,1000,83
S01009122,1421,1240,181
S01009123,400,357,43
S01009124,992,880,112
S01009125,947,828,119
S01009126,805,732,73
S01009127,718,626,92
S01009128,941,848,93
S01009129,621,580,41
S01009130,733,633,100
S01009131,790,709,81
S01009132,962,865,97
S01009133,742,649,93
S01009134,1006,921,85
S01009135,565,500,65
S01009136,1170,1007,163
S01009137,1510,1317,193
S01009138,1001,849,152
S01009139,578,481,97
S01009140,700,586,114
S01009141,636,565,71
S01009142,835,672,163
S01009143,600,570,30
S01009144,1435,1245,190
S01009145,1831,1619,212
S01009146,1210,1093,117
S01009147,1639,1450,189
S01009148,762,699,63
S01009149,867,765,102
S01009150,747,695,52
S01009151,890,806,84
S01009152,841,732,109
S01009153,762,620,142
S01009154,972,836,136
S01009155,708,634,74
S01009156,1424,1243,181
S01009157,921,837,84
S01009158,848,780,68
S01009159,659,614,45
S01009160,674,598,76
S01009161,884,784,100
S01009162,709,622,87
S01009163,548,476,72
S01009164,974,909,65
S01009165,720,644,76
S01009166,959,882,77
S01009167,750,689,61
S01009168,1081,972,109
S01009169,890,815,75
S01009170,677,622,55
S01009171,1877,1686,191
S01009172,1036,925,111
S01009173,1471,1282,189
S01009174,93,79,14
S01009175,1784,1545,239
S01009176,1456,1268,188
S01009177,817,728,89
S01009178,845,770,75
S01009179,855,780,75
S01009180,984,932,52
S01009181,1450,1314,136
S01009182,1171,1055,116
S01009183,1028,925,103
S01009184,1228,1091,137
S01009185,1136,1012,124
S01009186,979,869,110
S01009187,1121,982,139
S01009188,1390,1219,171
S01009189,1562,1400,162
S01009190,1557,1406,151
S01009191,801,711,90
S01009192,1345,1223,122
S01009193,734,667,67
S01009194,914,812,102
S01009195,1511,1339,172
S01009196,693,615,78
S01009197,2143,1885,258
S01009198,825,730,95
S01009199,858,773,85
S01009200,1387,1191,196
S01009201,679,589,90
S01009202,582,493,89
S01009203,633,573,60
S01009204,1106,979,127
S01009205,1145,1025,120
S01009206,1039,951,88
S01009207,875,781,94
S01009208,631,575,56
S01009209,1298,1141,157
S01009210,861,769,92
S01009211,749,674,75
S01009212,897,829,68
S01009213,894,831,63
S01009214,1237,1125,112
S01009215,1099,998,101
S01009216,1086,1002,84
S01009217,851,777,74
S01009218,1125,1021,104
S01009219,736,685,51
S01009220,648,596,52
S01009221,634,589,45
S01009222,664,613,51
S01009223,556,524,32
S01009224,994,933,61
S01009225,749,689,60
S01009226,1201,1114,87
S01009227,645,605,40
S01009228,772,714,58
S01009229,917,821,96
S01009230,890,801,89
S01009231,958,900,58
S01009232,684,618,66
S01009233,763,712,51
S01009234,1193,1000,193
S01009235,921,783,138
S01009236,720,661,59
S01009237,747,675,72
S01009238,1010,947,63
S01009239,867,803,64
S01009240,672,621,51
S01009241,895,809,86
S01009242,886,830,56
S01009243,1187,1051,136
S01009244,814,738,76
S01009245,830,725,105
S01009246,1033,932,101
S01009247,1224,1113,111
S01009248,688,632,56
S01009249,1108,1000,108
S01009250,770,720,50
S01009251,553,497,56
S01009252,478,447,31
S01009253,733,666,67
S01009254,951,846,105
S01009255,769,588,181
S01009256,634,556,78
S01009257,684,571,113
S01009258,1552,1279,273
S01009259,1080,949,131
S01009260,2083,1746,337
S01009261,795,680,115
S01009262,849,778,71
S01009263,1224,1020,204
S01009264,778,669,109
S01009265,791,709,82
S01009266,1098,979,119
S01009267,840,732,108
S01009268,1002,904,98
S01009269,1607,1399,208
S01009270,735,666,69
S01009271,885,734,151
S01009272,896,807,89
S01009273,922,725,197
S01009274,910,752,158
S01009275,665,548,117
S01009276,1029,822,207
S01009277,756,641,115
S01009278,836,661,175
S01009279,1089,888,201
S01009280,898,851,47
S01009281,933,870,63
S01009282,1358,1043,315
S01009283,602,480,122
S01009284,822,697,125
S01009285,906,757,149
S01009286,975,844,131
S01009287,846,650,196
S01009288,969,778,191
S01009289,871,740,131
S01009290,646,549,97
S01009291,1185,1000,185
S01009292,511,472,39
S01009293,1000,855,145
S01009294,993,837,156
S01009295,710,619,91
S01009296,991,862,129
S01009297,1622,1371,251
S01009298,1238,1064,174
S01009299,1124,925,199
S01009300,605,505,100
S01009301,1057,913,144
S01009302,903,763,140
S01009303,787,649,138
S01009304,1191,1041,150
S01009305,1015,872,143
S01009306,1314,1104,210
S01009307,1302,1041,261
S01009308,1120,857,263
S01009309,734,594,140
S01009310,932,750,182
S01009311,1009,878,131
S01009312,991,795,196
S01009313,666,558,108
S01009314,907,777,130
S01009315,703,602,101
S01009316,947,811,136
S01009317,910,762,148
S01009318,951,821,130
S01009319,981,817,164
S01009320,965,827,138
S01009321,1099,922,177
S01009322,864,763,101
S01009323,1402,1194,208
S01009324,590,525,65
S01009325,978,824,154
S01009326,575,505,70
S01009327,655,580,75
S01009328,1256,995,261
S01009330,130,114,16
S01009331,1321,1049,272
S01009332,857,717,140
S01009333,893,784,109
S01009334,636,559,77
S01009335,772,675,97
S01009336,658,566,92
S01009337,938,814,124
S01009338,1981,1633,348
S01009339,1139,998,141
S01009340,872,757,115
S01009341,939,837,102
S01009342,853,733,120
S01009343,574,505,69
S01009344,763,671,92
S01009345,1214,1063,151
S01009346,6248,5051,1197
S01009347,6415,5193,1222
S01009348,6345,5137,1208
S01009349,1037,837,200
S01009350,177,158,19
S01009351,97,86,11
S01009352,75,63,12
S01009353,6695,5413,1282
S01009354,7285,5888,1397
S01009355,1021,866,155
S01009356,963,809,154
S01009357,678,541,137
S01009358,455,355,100
S01009359,1243,997,246
S01009360,835,664,171
S01009361,856,717,139
S01009362,1176,977,199
S01009363,952,818,134
S01009364,860,726,134
S01009365,825,701,124
S01009366,881,745,136
S01009367,749,642,107
S01009368,1028,867,161
S01009369,961,835,126
S01009370,838,721,117
S01009371,526,455,71
S01009372,642,564,78
S01009373,958,826,132
S01009374,993,860,133
S01009375,797,698,99
S01009376,867,772,95
S01009377,1284,819,465
S01009378,1261,1042,219
S01009379,981,821,160
S01009380,743,510,233
S01009381,724,576,148
S01009382,1386,1156,230
S01009383,994,818,176
S01009384,564,442,122
S01009385,738,602,136
S01009386,1155,1001,154
S01009387,949,772,177
S01009388,1232,1022,210
S01009389,986,796,190
S01009390,777,581,196
S01009391,873,657,216
S01009392,578,457,121
S01009393,950,775,175
S01009394,943,659,284
S01009395,1040,740,300
S01009396,736,532,204
S01009397,703,535,168
S01009398,1209,954,255
S01009399,1004,787,217
S01009400,920,762,158
S01009401,953,708,245
S01009402,809,605,204
S01009403,751,599,152
S01009404,609,528,81
S01009405,749,646,103
S01009406,974,885,89
S01009407,508,451,57
S01009408,842,755,87
S01009409,782,726,56
S01009410,877,821,56
S01009411,1368,1270,98
S01009412,848,800,48
S01009413,1267,1170,97
S01009414,802,739,63
S01009415,1190,1052,138
S01009416,610,569,41
S01009417,1474,1274,200
S01009418,1327,1215,112
S01009419,2054,1792,262
S01009420,763,702,61
S01009421,722,659,63
S01009422,2191,1919,272
S01009423,1337,1137,200
S01009424,723,625,98
S01009425,840,742,98
S01009426,1029,937,92
S01009427,608,565,43
S01009428,699,649,50
S01009429,827,781,46
S01009430,737,681,56
S01009431,2056,1794,262
S01009432,1101,1022,79
S01009433,826,779,47
S01009434,543,509,34
S01009435,998,927,71
S01009436,828,769,59
S01009437,936,875,61
S01009438,1144,1054,90
S01009439,1132,1037,95
S01009440,887,832,55
S01009441,938,874,64
S01009442,1303,1161,142
S01009443,2808,2417,391
S01009444,893,812,81
S01009445,1068,998,70
S01009446,1603,1463,140
S01009447,764,715,49
S01009448,720,666,54
S01009449,678,652,26
S01009450,676,630,46
S01009451,1276,1167,109
S01009452,828,757,71
S01009453,1046,954,92
S01009454,1115,870,245
S01009455,1384,1037,347
S01009456,852,771,81
S01009457,785,657,128
S01009458,687,571,116
S01009459,1092,924,168
S01009460,856,762,94
S01009461,778,631,147
S01009462,1285,1080,205
S01009463,1050,888,162
S01009464,842,712,130
S01009465,1299,1084,215
S01009466,800,662,138
S01009467,864,708,156
S01009468,748,648,100
S01009469,812,676,136
S01009470,1649,1394,255
S01009471,659,543,116
S01009472,1204,979,225
S01009473,1041,773,268
S01009474,900,786,114
S01009475,276,242,34
S01009476,1346,1139,207
S01009477,1096,895,201
S01009478,964,769,195
S01009479,1063,829,234
S01009480,1155,974,181
S01009481,922,758,164
S01009482,642,484,158
S01009483,724,578,146
S01009484,1213,1026,187
S01009485,786,687,99
S01009486,799,689,110
S01009487,1179,1037,142
S01009488,971,879,92
S01009489,877,802,75
S01009490,853,788,65
S01009491,698,653,45
S01009492,881,823,58
S01009493,1983,1658,325
S01009494,1224,1078,146
S01009495,871,772,99
S01009496,785,730,55
S01009497,1136,1047,89
S01009498,643,572,71
S01009499,796,705,91
S01009500,857,787,70
S01009501,783,713,70
S01009502,971,892,79
S01009503,976,909,67
S01009504,840,766,74
S01009505,951,849,102
S01009506,1133,1031,102
S01009507,1122,973,149
S01009508,1197,1069,128
S01009509,1100,959,141
S01009510,808,722,86
S01009511,906,792,114
S01009512,996,888,108
S01009513,913,813,100
S01009514,846,771,75
S01009515,833,759,74
S01009516,1147,1026,121
S01009517,81,73,8
S01009518,2193,1865,328
S01009519,899,798,101
S01009520,2932,2476,456
S01009521,985,863,122
S01009522,1271,1082,189
S01009523,754,655,99
S01009524,862,713,149
S01009525,532,460,72
S01009526,650,522,128
S01009527,850,719,131
S01009528,798,682,116
S01009529,1083,955,128
S01009530,918,806,112
S01009531,917,823,94
S01009532,975,877,98
S01009533,933,797,136
S01009534,856,733,123
S01009535,898,795,103
S01009536,559,494,65
S01009537,599,518,81
S01009538,1021,879,142
S01009539,980,858,122
S01009540,969,849,120
S01009541,1239,1116,123
S01009542,1073,976,97
S01009543,935,829,106
S01009544,1019,902,117
S01009545,1114,1010,104
S01009546,746,664,82
S01009547,979,870,109
S01009548,1027,920,107
S01009549,1312,1166,146
S01009550,569,488,81
S01009551,675,559,116
S01009552,1774,1570,204
S01009553,1051,958,93
S01009554,819,725,94
S01009555,883,762,121
S01009556,918,770,148
S01009557,960,809,151
S01009558,673,580,93
S01009559,1220,1038,182
S01009560,814,671,143
S01009561,634,524,110
S01009562,1121,982,139
S01009563,931,822,109
S01009564,681,599,82
S01009565,588,511,77
S01009566,1700,1476,224
S01009567,959,835,124
S01009568,882,778,104
S01009569,1019,905,114
S01009570,669,584,85
S01009571,769,652,117
S01009572,1030,848,182
S01009573,743,634,109
S01009574,1493,1275,218
S01009575,827,730,97
S01009576,1370,1201,169
S01009577,878,740,138
S01009578,1064,942,122
S01009579,284,248,36
S01009580,1161,1017,144
S01009581,758,682,76
S01009582,592,534,58
S01009583,812,719,93
S01009584,537,461,76
S01009585,1216,1085,131
S01009586,1103,976,127
S01009587,997,875,122
S01009588,1062,979,83
S01009589,1169,1063,106
S01009590,898,776,122
S01009591,906,755,151
S01009592,1088,925,163
S01009593,690,591,99
S01009594,623,524,99
S01009595,824,687,137
S01009596,1014,900,114
S01009597,1117,964,153
S01009598,721,647,74
S01009599,1177,1034,143
S01009600,996,859,137
S01009601,884,760,124
S01009602,770,662,108
S01009603,696,567,129
S01009604,689,589,100
S01009605,961,820,141
S01009606,823,692,131
S01009607,528,445,83
S01009608,606,552,54
S01009609,1084,964,120
S01009610,1054,982,72
S01009611,432,387,45
S01009612,597,540,57
S01009613,684,610,74
S01009614,649,582,67
S01009615,641,597,44
S01009616,1713,1571,142
S01009617,784,709,75
S01009618,953,874,79
S01009619,732,678,54
S01009620,934,861,73
S01009621,777,698,79
S01009622,836,767,69
S01009623,742,694,48
S01009624,876,830,46
S01009625,1672,1562,110
S01009626,838,775,63
S01009627,944,888,56
S01009628,620,571,49
S01009629,1666,1541,125
S01009630,811,757,54
S01009631,754,692,62
S01009632,667,596,71
S01009633,756,690,66
S01009634,761,725,36
S01009635,1209,1100,109
S01009636,904,800,104
S01009637,952,874,78
S01009638,781,711,70
S01009639,1025,891,134
S01009640,845,771,74
S01009641,861,762,99
S01009642,1014,895,119
S01009643,837,782,55
S01009644,562,509,53
S01009645,879,812,67
S01009646,730,672,58
S01009647,595,554,41
S01009648,1280,1172,108
S01009649,1486,1335,151
S01009650,773,695,78
S01009651,918,713,205
S01009652,1090,899,191
S01009653,781,668,113
S01009654,583,518,65
S01009655,986,922,64
S01009656,811,752,59
S01009657,951,863,88
S01009658,1193,1102,91
S01009659,607,559,48
S01009660,1052,954,98
S01009661,1812,1553,259
S01009662,885,768,117
S01009663,775,653,122
S01009664,1125,921,204
S01009665,1366,1163,203
S01009666,1170,1001,169
S01009667,523,433,90
S01009668,589,508,81
S01009669,590,498,92
S01009670,777,623,154
S01009671,924,743,181
S01009672,1252,1039,213
S01009673,895,744,151
S01009674,1140,923,217
S01009675,882,762,120
S01009676,1366,1173,193
S01009677,782,581,201
S01009678,591,511,80
S01009679,1170,1000,170
S01009680,1278,1078,200
S01009681,796,675,121
S01009682,856,695,161
S01009683,865,651,214
S01009684,1466,1137,329
S01009685,1104,904,200
S01009686,1355,1018,337
S01009687,1039,826,213
S01009688,1216,979,237
S01009689,605,440,165
S01009690,793,606,187
S01009691,760,607,153
S01009692,1236,979,257
S01009693,900,680,220
S01009694,1197,958,239
S01009695,967,729,238
S01009696,1019,796,223
S01009697,798,549,249
S01009698,697,475,222
S01009699,562,446,116
S01009700,649,505,144
S01009701,767,636,131
S01009702,631,497,134
S01009703,834,715,119
S01009704,1068,887,181
S01009705,732,623,109
S01009706,804,644,160
S01009707,477,355,122
S01009708,752,629,123
S01009709,796,658,138
S01009710,660,534,126
S01009711,997,815,182
S01009712,663,522,141
S01009713,890,676,214
S01009714,922,670,252
S01009715,638,433,205
S01009716,1242,803,439
S01009717,1511,749,762
S01009718,908,653,255
S01009719,960,708,252
S01009720,872,621,251
S01009721,668,162,506
S01009722,1134,341,793
S01009723,1057,292,765
S01009724,1093,604,489
S01009725,1063,511,552
S01009726,1042,258,784
S01009727,1596,1131,465
S01009728,727,519,208
S01009729,936,649,287
S01009730,1716,1161,555
S01009731,971,583,388
S01009732,3142,962,2180
S01009733,696,493,203
S01009734,1829,923,906
S01009735,1314,507,807
S01009736,3181,822,2359
S01009737,782,500,282
S01009738,420,339,81
S01009739,764,420,344
S01009740,770,586,184
S01009741,946,375,571
S01009742,495,360,135
S01009743,1186,891,295
S01009744,829,610,219
S01009745,1168,859,309
S01009746,802,576,226
S01009747,989,782,207
S01009748,703,577,126
S01009749,954,790,164
S01009750,752,621,131
S01009751,1046,869,177
S01009752,888,639,249
S01009753,854,621,233
S01009754,1548,1211,337
S01009755,673,537,136
S01009756,879,659,220
S01009757,804,603,201
S01009758,1018,943,75
S01009759,1183,839,344
S01009760,1113,885,228
S01009761,2442,1944,498
S01009762,1058,818,240
S01009763,432,368,64
S01009764,1201,1071,130
S01009765,1128,985,143
S01009766,836,763,73
S01009767,2253,1790,463
S01009768,786,695,91
S01009769,1472,1299,173
S01009770,830,657,173
S01009771,888,694,194
S01009772,2167,1708,459
S01009773,161,152,9
S01009774,97,83,14
S01009775,802,739,63
S01009776,1191,1106,85
S01009777,590,511,79
S01009778,1079,1001,78
S01009779,810,748,62
S01009780,1331,1165,166
S01009781,799,745,54
S01009782,1067,938,129
S01009783,741,692,49
S01009784,951,896,55
S01009785,1096,1018,78
S01009786,1134,1047,87
S01009787,867,833,34
S01009788,1201,1138,63
S01009789,1145,1071,74
S01009790,981,919,62
S01009791,775,713,62
S01009792,423,351,72
S01009793,943,856,87
S01009794,483,436,47
S01009795,990,923,67
S01009796,1903,1625,278
S01009797,928,817,111
S01009798,1025,944,81
S01009799,1467,1352,115
S01009800,1233,1143,90
S01009801,1255,1138,117
S01009802,1022,926,96
S01009803,1132,1032,100
S01009804,1650,1388,262
S01009805,962,866,96
S01009806,1201,1093,108
S01009807,920,821,99
S01009808,1421,1049,372
S01009809,1037,968,69
S01009810,977,883,94
S01009811,1264,1199,65
S01009812,856,809,47
S01009813,1102,866,236
S01009814,1118,1034,84
S01009815,998,937,61
S01009816,1097,1023,74
S01009817,837,792,45
S01009818,926,864,62
S01009819,1011,952,59
S01009820,958,901,57
S01009821,755,696,59
S01009822,802,723,79
S01009823,1068,989,79
S01009824,1132,1008,124
S01009825,1300,1196,104
S01009826,774,718,56
S01009827,854,800,54
S01009828,1264,1161,103
S01009829,1137,1009,128
S01009830,918,856,62
S01009831,1164,1075,89
S01009832,1085,989,96
S01009833,624,566,58
S01009834,1187,1088,99
S01009835,608,584,24
S01009836,961,897,64
S01009837,1024,940,84
S01009838,757,661,96
S01009839,1062,920,142
S01009840,965,908,57
S01009841,1163,835,328
S01009842,960,730,230
S01009843,745,634,111
S01009844,704,531,173
S01009845,1299,896,403
S01009846,983,775,208
S01009847,754,604,150
S01009848,866,790,76
S01009849,1005,927,78
S01009850,984,897,87
S01009851,1052,998,54
S01009852,608,546,62
S01009853,939,861,78
S01009854,982,893,89
S01009855,754,669,85
S01009856,635,562,73
S01009857,907,822,85
S01009858,987,913,74
S01009859,1109,971,138
S01009860,1085,891,194
S01009861,1484,1207,277
S01009862,1109,826,283
S01009863,969,628,341
S01009864,820,655,165
S01009865,549,415,134
S01009866,1002,793,209
S01009867,1201,860,341
S01009868,1104,758,346
S01009869,846,494,352
S01009870,889,617,272
S01009871,984,750,234
S01009872,818,540,278
S01009873,913,713,200
S01009874,1048,873,175
S01009875,896,496,400
S01009876,1091,699,392
S01009877,896,623,273
S01009878,705,361,344
S01009879,1025,765,260
S01009880,1169,802,367
S01009881,921,494,427
S01009882,1439,886,553
S01009883,1226,637,589
S01009884,996,579,417
S01009885,899,536,363
S01009886,813,514,299
S01009887,1147,596,551
S01009888,809,401,408
S01009889,1146,718,428
S01009890,753,507,246
S01009891,734,516,218
S01009892,1159,788,371
S01009893,976,526,450
S01009894,991,711,280
S01009895,888,619,269
S01009896,1229,917,312
S01009897,1245,903,342
S01009898,982,736,246
S01009899,1020,864,156
S01009900,1161,954,207
S01009901,1054,845,209
S01009902,1111,876,235
S01009903,1040,687,353
S01009904,784,602,182
S01009905,749,436,313
S01009906,667,410,257
S01009907,1239,781,458
S01009908,1320,946,374
S01009909,899,650,249
S01009910,857,544,313
S01009911,1235,997,238
S01009912,1073,762,311
S01009913,980,708,272
S01009914,984,783,201
S01009915,861,658,203
S01009916,1257,892,365
S01009917,858,663,195
S01009918,889,747,142
S01009919,1194,902,292
S01009920,1087,861,226
S01009921,753,571,182
S01009922,1260,1004,256
S01009923,955,772,183
S01009924,1099,852,247
S01009925,1170,886,284
S01009926,997,771,226
S01009927,614,503,111
S01009928,914,756,158
S01009929,562,443,119
S01009930,1034,824,210
S01009931,856,714,142
S01009932,1030,821,209
S01009933,1651,1230,421
S01009934,1446,1164,282
S01009935,714,631,83
S01009936,1119,922,197
S01009937,781,536,245
S01009938,1004,868,136
S01009939,1185,821,364
S01009940,837,807,30
S01009941,1261,955,306
S01009942,1148,1018,130
S01009943,1266,1144,122
S01009944,1089,929,160
S01009945,1065,933,132
S01009946,984,880,104
S01009947,863,742,121
S01009948,1260,1024,236
S01009949,963,845,118
S01009950,727,600,127
S01009951,858,715,143
S01009952,1080,936,144
S01009953,1319,1122,197
S01009954,725,566,159
S01009955,1150,1020,130
S01009956,862,739,123
S01009957,1291,1112,179
S01009958,1162,1027,135
S01009959,913,789,124
S01009960,1337,1167,170
S01009961,674,601,73
S01009962,1062,965,97
S01009963,1135,1037,98
S01009964,1253,1077,176
S01009965,923,842,81
S01009966,1164,1056,108
S01009967,984,867,117
S01009968,608,560,48
S01009969,1358,1226,132
S01009970,1064,975,89
S01009971,1582,1457,125
S01009972,937,844,93
S01009973,829,786,43
S01009974,916,862,54
S01009975,908,871,37
S01009976,782,749,33
S01009977,1099,1042,57
S01009978,1343,1230,113
S01009979,1048,1006,42
S01009980,707,679,28
S01009981,984,937,47
S01009982,1030,934,96
S01009983,663,517,146
S01009984,1048,898,150
S01009985,615,540,75
S01009986,699,657,42
S01009987,880,810,70
S01009988,665,614,51
S01009989,1022,946,76
S01009990,975,910,65
S01009991,1042,939,103
S01009992,945,900,45
S01009993,826,764,62
S01009994,725,685,40
S01009995,653,579,74
S01009996,918,832,86
S01009997,648,592,56
S01009998,934,810,124
S01009999,886,813,73
S01010000,860,761,99
S01010001,798,701,97
S01010002,1343,1157,186
S01010003,969,903,66
S01010004,924,825,99
S01010005,963,847,116
S01010006,1261,1055,206
S01010007,959,873,86
S01010008,765,656,109
S01010009,640,550,90
S01010010,1466,1308,158
S01010011,828,695,133
S01010012,1511,1345,166
S01010013,970,844,126
S01010014,1278,1013,265
S01010015,1038,792,246
S01010016,724,649,75
S01010017,968,880,88
S01010018,1180,1027,153
S01010019,1164,1025,139
S01010020,993,895,98
S01010021,806,556,250
S01010022,1040,881,159
S01010023,1409,1187,222
S01010024,806,661,145
S01010025,891,639,252
S01010026,1788,1426,362
S01010027,1894,1444,450
S01010028,763,642,121
S01010029,535,468,67
S01010030,950,737,213
S01010031,1039,636,403
S01010032,1550,897,653
S01010033,1132,755,377
S01010034,1422,973,449
S01010035,973,484,489
S01010036,1588,965,623
S01010037,1022,891,131
S01010038,1382,1142,240
S01010039,1033,619,414
S01010040,907,683,224
S01010041,994,673,321
S01010042,1448,1013,435
S01010043,1034,856,178
S01010044,1450,1212,238
S01010045,824,736,88
S01010046,1130,1023,107
S01010047,1083,990,93
S01010048,1370,1210,160
S01010049,1078,892,186
S01010050,993,872,121
S01010051,808,664,144
S01010052,648,514,134
S01010053,859,671,188
S01010054,764,713,51
S01010055,1342,1127,215
S01010056,599,531,68
S01010057,553,469,84
S01010058,996,899,97
S01010059,759,656,103
S01010060,986,862,124
S01010061,822,763,59
S01010062,807,736,71
S01010063,1132,1012,120
S01010064,773,703,70
S01010065,839,789,50
S01010066,753,679,74
S01010067,1066,951,115
S01010068,742,607,135
S01010069,1082,997,85
S01010070,665,619,46
S01010071,925,867,58
S01010072,1097,1050,47
S01010073,1023,978,45
S01010074,1128,1062,66
S01010075,781,756,25
S01010076,859,820,39
S01010077,719,684,35
S01010078,692,625,67
S01010079,923,886,37
S01010080,803,758,45
S01010081,1104,1030,74
S01010082,860,781,79
S01010083,1035,951,84
S01010084,1110,1063,47
S01010085,1093,1027,66
S01010086,1027,975,52
S01010087,573,554,19
S01010088,1545,1416,129
S01010089,1074,973,101
S01010090,1169,1102,67
S01010091,1813,1665,148
S01010092,1144,1063,81
S01010093,951,891,60
S01010094,1191,1130,61
S01010095,1218,1161,57
S01010096,927,872,55
S01010097,735,678,57
S01010098,727,693,34
S01010099,948,910,38
S01010100,886,833,53
S01010101,1080,1014,66
S01010102,742,687,55
S01010103,888,839,49
S01010104,1039,984,55
S01010105,803,753,50
S01010106,629,589,40
S01010107,1016,917,99
S01010108,733,699,34
S01010109,2300,2060,240
S01010110,1066,1002,64
S01010111,1163,1114,49
S01010112,1139,1078,61
S01010113,551,511,40
S01010114,873,799,74
S01010115,632,604,28
S01010116,1428,1286,142
S01010117,1442,1248,194
S01010118,850,791,59
S01010119,543,510,33
S01010120,1045,979,66
S01010121,802,758,44
S01010122,547,521,26
S01010123,733,643,90
S01010124,723,657,66
S01010125,932,851,81
S01010126,657,626,31
S01010127,694,664,30
S01010128,758,700,58
S01010129,1039,962,77
S01010130,978,909,69
S01010131,1144,1087,57
S01010132,1142,1032,110
S01010133,924,864,60
S01010134,1244,1170,74
S01010135,1166,1112,54
S01010136,1076,1020,56
S01010137,1297,1250,47
S01010138,994,884,110
S01010139,1229,1153,76
S01010140,989,914,75
S01010141,1065,978,87
S01010142,644,595,49
S01010143,829,799,30
S01010144,700,573,127
S01010145,778,643,135
S01010146,1267,1056,211
S01010147,1136,1043,93
S01010148,1420,1300,120
S01010149,780,690,90
S01010150,870,825,45
S01010151,940,887,53
S01010152,954,871,83
S01010153,1043,967,76
S01010154,962,918,44
S01010155,821,777,44
S01010156,1064,979,85
S01010157,981,909,72
S01010158,913,855,58
S01010159,735,689,46
S01010160,822,524,298
S01010161,893,824,69
S01010162,1079,986,93
S01010163,1301,1210,91
S01010164,888,838,50
S01010165,627,597,30
S01010166,1498,1344,154
S01010167,911,877,34
S01010168,616,600,16
S01010169,890,765,125
S01010170,858,805,53
S01010171,1613,1466,147
S01010172,769,707,62
S01010173,1108,1042,66
S01010174,1540,1430,110
S01010175,480,448,32
S01010176,977,897,80
S01010177,776,694,82
S01010178,1103,976,127
S01010179,1655,1472,183
S01010180,923,773,150
S01010181,1057,1011,46
S01010182,1107,977,130
S01010183,1528,1298,230
S01010184,630,602,28
S01010185,733,664,69
S01010186,647,552,95
S01010187,789,744,45
S01010188,1909,1663,246
S01010189,976,874,102
S01010190,272,219,53
S01010191,736,671,65
S01010192,1050,894,156
S01010193,907,791,116
S01010194,689,658,31
S01010195,1021,969,52
S01010196,820,785,35
S01010197,757,722,35
S01010198,1131,1066,65
S01010199,693,654,39
S01010200,690,667,23
S01010201,928,901,27
S01010202,783,655,128
S01010203,729,662,67
S01010204,1190,1094,96
S01010205,658,580,78
S01010206,497,161,336
S01010207,859,419,440
S01010208,1049,912,137
S01010209,1038,903,135
S01010210,1076,998,78
S01010211,916,865,51
S01010212,1262,1096,166
S01010213,1112,1044,68
S01010214,967,854,113
S01010215,1057,947,110
S01010216,1039,891,148
S01010217,1001,833,168
S01010218,1282,1060,222
S01010219,767,398,369
S01010220,573,355,218
S01010221,655,596,59
S01010222,713,621,92
S01010223,655,574,81
S01010224,1364,1171,193
S01010225,931,778,153
S01010226,792,379,413
S01010227,921,450,471
S01010228,695,660,35
S01010229,1087,991,96
S01010230,1431,838,593
S01010231,1013,794,219
S01010232,880,682,198
S01010233,1567,1061,506
S01010234,1069,812,257
S01010235,884,639,245
S01010236,736,549,187
S01010237,1007,773,234
S01010238,1051,809,242
S01010239,1026,860,166
S01010240,1111,920,191
S01010241,1019,847,172
S01010242,1180,945,235
S01010243,1392,1071,321
S01010244,1006,887,119
S01010245,1122,1045,77
S01010246,1162,993,169
S01010247,952,865,87
S01010248,959,724,235
S01010249,976,752,224
S01010250,1114,772,342
S01010251,780,498,282
S01010252,754,556,198
S01010253,759,654,105
S01010254,1159,1003,156
S01010255,1269,1007,262
S01010256,1070,968,102
S01010257,2783,1135,1648
S01010258,2329,1002,1327
S01010259,1679,1009,670
S01010260,1682,860,822
S01010261,2972,1655,1317
S01010262,1221,1006,215
S01010263,841,444,397
S01010264,1287,826,461
S01010265,1296,692,604
S01010266,934,539,395
S01010267,893,455,438
S01010268,965,525,440
S01010269,969,583,386
S01010270,1474,1084,390
S01010271,931,531,400
S01010272,1283,816,467
S01010273,1107,611,496
S01010274,677,401,276
S01010275,1410,788,622
S01010276,993,600,393
S01010277,610,503,107
S01010278,1357,974,383
S01010279,835,525,310
S01010280,878,568,310
S01010281,779,449,330
S01010282,1246,829,417
S01010283,874,552,322
S01010284,1711,856,855
S01010285,1151,688,463
S01010286,2387,1085,1302
S01010287,1323,679,644
S01010288,1201,658,543
S01010289,771,493,278
S01010290,857,497,360
S01010291,1149,616,533
S01010292,1197,648,549
S01010293,926,501,425
S01010294,1025,513,512
S01010295,974,494,480
S01010296,894,532,362
S01010297,964,681,283
S01010298,966,703,263
S01010299,608,451,157
S01010300,1473,970,503
S01010301,522,292,230
S01010302,846,613,233
S01010303,683,389,294
S01010304,732,561,171
S01010305,1155,867,288
S01010306,828,542,286
S01010307,892,607,285
S01010308,975,594,381
S01010309,615,522,93
S01010310,864,640,224
S01010311,1081,920,161
S01010312,1028,933,95
S01010313,1498,1164,334
S01010314,1451,1053,398
S01010315,1078,883,195
S01010316,1030,804,226
S01010317,1350,871,479
S01010318,1753,1015,738
S01010319,1045,795,250
S01010320,783,542,241
S01010321,1172,885,287
S01010322,1374,951,423
S01010323,735,647,88
S01010324,940,888,52
S01010325,1018,978,40
S01010326,1410,1258,152
S01010327,1352,1178,174
S01010328,1137,1012,125
S01010329,492,447,45
S01010330,725,678,47
S01010331,1283,1211,72
S01010332,1046,971,75
S01010333,962,872,90
S01010334,1276,1222,54
S01010335,1148,1075,73
S01010336,1212,1078,134
S01010337,852,814,38
S01010338,884,823,61
S01010339,936,862,74
S01010340,853,754,99
S01010341,812,770,42
S01010342,829,770,59
S01010343,1427,1279,148
S01010344,929,887,42
S01010345,652,555,97
S01010346,1157,1016,141
S01010347,1125,858,267
S01010348,1076,1016,60
S01010349,1137,1083,54
S01010350,1362,1206,156
S01010351,1038,874,164
S01010352,803,728,75
S01010353,1070,882,188
S01010354,733,627,106
S01010355,1203,1055,148
S01010356,724,625,99
S01010357,670,577,93
S01010358,902,830,72
S01010359,1237,1092,145
S01010360,567,456,111
S01010361,535,436,99
S01010362,970,729,241
S01010363,758,592,166
S01010364,1181,947,234
S01010365,1202,925,277
S01010366,1401,1093,308
S01010367,1743,972,771
S01010368,922,708,214
S01010369,825,565,260
S01010370,725,456,269
S01010371,1231,743,488
S01010372,936,606,330
S01010373,761,504,257
S01010374,1015,687,328
S01010375,896,520,376
S01010376,1019,544,475
S01010377,1082,478,604
S01010378,954,544,410
S01010379,1545,823,722
S01010380,1115,775,340
S01010381,1123,712,411
S01010382,958,672,286
S01010383,864,624,240
S01010384,1382,918,464
S01010385,979,716,263
S01010386,1250,934,316
S01010387,1734,1235,499
S01010388,1103,888,215
S01010389,1777,1094,683
S01010390,1303,1005,298
S01010391,2917,1957,960
S01010392,2000,1283,717
S01010393,1628,1237,391
S01010394,936,767,169
S01010395,1144,886,258
S01010396,1033,750,283
S01010397,905,623,282
S01010398,1090,797,293
S01010399,1668,1159,509
S01010400,1101,774,327
S01010401,825,565,260
S01010402,1173,856,317
S01010403,1158,856,302
S01010404,1222,892,330
S01010405,996,739,257
S01010406,962,600,362
S01010407,1256,738,518
S01010408,695,594,101
S01010409,1350,1171,179
S01010410,595,497,98
S01010411,1539,1315,224
S01010412,966,696,270
S01010413,949,775,174
S01010414,1231,1028,203
S01010415,1173,1020,153
S01010416,914,733,181
S01010417,580,483,97
S01010418,1223,997,226
S01010419,1629,1299,330
S01010420,1202,1040,162
S01010421,889,755,134
S01010422,1177,1014,163
S01010423,1037,811,226
S01010424,1026,873,153
S01010425,1032,882,150
S01010426,1098,864,234
S01010427,1343,881,462
S01010428,1603,1405,198
S01010429,978,786,192
S01010430,1040,792,248
S01010431,1020,864,156
S01010432,880,726,154
S01010433,905,458,447
S01010434,819,643,176
S01010435,689,638,51
S01010436,778,633,145
S01010437,557,505,52
S01010438,1058,831,227
S01010439,1371,1115,256
S01010440,1229,1098,131
S01010441,899,775,124
S01010442,849,717,132
S01010443,765,725,40
S01010444,685,658,27
S01010445,1109,1016,93
S01010446,838,785,53
S01010447,1126,993,133
S01010448,1057,980,77
S01010449,1014,942,72
S01010450,889,824,65
S01010451,1098,905,193
S01010452,919,860,59
S01010453,1143,901,242
S01010454,1170,1083,87
S01010455,942,823,119
S01010456,633,588,45
S01010457,1044,842,202
S01010458,843,722,121
S01010459,752,676,76
S01010460,810,649,161
S01010461,1026,901,125
S01010462,1088,655,433
S01010463,796,727,69
S01010464,653,595,58
S01010465,999,853,146
S01010466,1608,1134,474
S01010467,981,814,167
S01010468,1209,934,275
S01010469,826,628,198
S01010470,900,832,68
S01010471,922,824,98
S01010472,1339,1043,296
S01010473,1044,814,230
S01010474,1099,830,269
S01010475,1240,957,283
S01010476,1048,917,131
S01010477,951,870,81
S01010478,1411,1243,168
S01010479,1022,946,76
S01010480,845,793,52
S01010481,880,816,64
S01010482,998,914,84
S01010483,1110,1023,87
S01010484,987,897,90
S01010485,1072,972,100
S01010486,1210,1114,96
S01010487,1123,1053,70
S01010488,1366,1249,117
S01010489,1471,1344,127
S01010490,893,801,92
S01010491,1049,954,95
S01010492,808,771,37
S01010493,1200,1119,81
S01010494,698,620,78
S01010495,1184,1102,82
S01010496,1628,1445,183
S01010497,1063,1002,61
S01010498,1333,1274,59
S01010499,1355,1216,139
S01010500,1258,1169,89
S01010501,910,840,70
S01010502,756,712,44
S01010503,838,794,44
S01010504,531,308,223
S01010505,655,411,244
S01010506,889,623,266
S01010507,1092,874,218
S01010508,1150,770,380
S01010509,1183,849,334
S01010510,1659,1377,282
S01010511,1254,1106,148
S01010512,912,769,143
S01010513,897,688,209
S01010514,918,813,105
S01010515,906,770,136
S01010516,614,475,139
S01010517,1136,868,268
S01010518,922,711,211
S01010519,938,774,164
S01010520,1172,1023,149
S01010521,1035,849,186
S01010522,812,666,146
S01010523,1065,824,241
S01010524,585,402,183
S01010525,790,544,246
S01010526,927,697,230
S01010527,1300,923,377
S01010528,794,503,291
S01010529,1084,744,340
S01010530,753,468,285
S01010531,1094,793,301
S01010532,840,539,301
S01010533,920,624,296
S01010534,1115,836,279
S01010535,715,466,249
S01010536,1165,862,303
S01010537,1411,924,487
S01010538,1129,805,324
S01010539,1037,656,381
S01010540,628,420,208
S01010541,840,588,252
S01010542,1069,699,370
S01010543,606,402,204
S01010544,1281,929,352
S01010545,738,534,204
S01010546,1010,648,362
S01010547,757,511,246
S01010548,583,393,190
S01010549,1286,908,378
S01010550,690,511,179
S01010551,831,600,231
S01010552,1005,704,301
S01010553,621,440,181
S01010554,776,568,208
S01010555,1057,799,258
S01010556,1197,976,221
S01010557,736,584,152
S01010558,608,494,114
S01010559,791,594,197
S01010560,663,517,146
S01010561,963,737,226
S01010562,1007,787,220
S01010563,800,669,131
S01010564,806,609,197
S01010565,963,778,185
S01010566,1090,752,338
S01010567,1243,1018,225
S01010568,1422,1054,368
S01010569,953,739,214
S01010570,1563,1242,321
S01010571,917,724,193
S01010572,1004,808,196
S01010573,641,554,87
S01010574,609,505,104
S01010575,873,689,184
S01010576,822,649,173
S01010577,901,784,117
S01010578,576,497,79
S01010579,736,594,142
S01010580,513,365,148
S01010581,843,680,163
S01010582,686,569,117
S01010583,986,821,165
S01010584,2141,1730,411
S01010585,2051,1639,412
S01010586,632,500,132
S01010587,872,710,162
S01010588,836,685,151
S01010589,2397,1946,451
S01010590,1797,1458,339
S01010591,626,505,121
S01010592,366,296,70
S01010593,2428,1964,464
S01010594,1852,1492,360
S01010595,1850,1498,352
S01010596,3420,2713,707
S01010597,2421,1982,439
S01010598,2542,2074,468
S01010599,819,654,165
S01010600,1694,1402,292
S01010601,774,651,123
S01010602,652,546,106
S01010603,809,674,135
S01010604,845,703,142
S01010605,1368,1118,250
S01010606,1054,910,144
S01010607,1064,874,190
S01010608,781,653,128
S01010609,570,470,100
S01010610,781,586,195
S01010611,1197,1025,172
S01010612,781,669,112
S01010613,820,695,125
S01010614,706,622,84
S01010615,1026,872,154
S01010616,1078,889,189
S01010617,1005,864,141
S01010618,1010,855,155
S01010619,1279,904,375
S01010620,744,487,257
S01010621,1121,840,281
S01010622,648,547,101
S01010623,1066,770,296
S01010624,755,573,182
S01010625,786,644,142
S01010626,993,800,193
S01010627,1095,788,307
S01010628,1189,883,306
S01010629,1290,1039,251
S01010630,698,584,114
S01010631,986,737,249
S01010632,958,780,178
S01010633,1035,918,117
S01010634,665,567,98
S01010635,803,667,136
S01010636,987,789,198
S01010637,852,629,223
S01010638,995,802,193
S01010639,1332,1025,307
S01010640,898,628,270
S01010641,1350,1015,335
S01010642,1035,860,175
S01010643,844,673,171
S01010644,879,732,147
S01010645,767,607,160
S01010646,807,659,148
S01010647,696,587,109
S01010648,981,822,159
S01010649,785,626,159
S01010650,701,560,141
S01010651,674,579,95
S01010652,825,649,176
S01010653,742,613,129
S01010654,763,640,123
S01010655,1019,617,402
S01010656,705,526,179
S01010657,919,654,265
S01010658,1106,872,234
S01010659,792,566,226
S01010660,917,736,181
S01010661,775,633,142
S01010662,922,709,213
S01010663,1511,1116,395
S01010664,783,465,318
S01010665,1055,688,367
S01010666,1405,928,477
S01010667,801,537,264
S01010668,1318,805,513
S01010669,608,470,138
S01010670,943,648,295
S01010671,895,617,278
S01010672,1366,1081,285
S01010673,1117,765,352
S01010674,1180,810,370
S01010675,952,591,361
S01010676,1201,804,397
S01010677,501,369,132
S01010678,1057,794,263
S01010679,1584,1265,319
S01010680,788,631,157
S01010681,1353,1091,262
S01010682,1307,926,381
S01010683,975,715,260
S01010684,1054,654,400
S01010685,758,422,336
S01010686,701,456,245
S01010687,1071,713,358
S01010688,849,512,337
S01010689,1007,594,413
S01010690,938,615,323
S01010691,1020,576,444
S01010692,749,530,219
S01010693,385,245,140
S01010694,798,497,301
S01010695,727,549,178
S01010696,1212,894,318
S01010697,1122,797,325
S01010698,764,515,249
S01010699,605,431,174
S01010700,611,473,138
S01010701,1314,1060,254
S01010702,1077,754,323
S01010703,902,683,219
S01010704,1291,1053,238
S01010705,1290,1050,240
S01010706,887,733,154
S01010707,750,587,163
S01010708,1067,900,167
S01010709,904,780,124
S01010710,969,839,130
S01010711,778,636,142
S01010712,864,746,118
S01010713,1024,871,153
S01010714,839,716,123
S01010715,808,686,122
S01010716,976,732,244
S01010717,1009,841,168
S01010718,1078,882,196
S01010719,918,668,250
S01010720,881,661,220
S01010721,828,584,244
S01010722,1208,943,265
S01010723,1108,807,301
S01010724,887,681,206
S01010725,822,627,195
S01010726,1091,866,225
S01010727,765,574,191
S01010728,1016,715,301
S01010729,924,726,198
S01010730,845,581,264
S01010731,906,633,273
S01010732,840,692,148
S01010733,1018,858,160
S01010734,1051,859,192
S01010735,1051,832,219
S01010736,500,416,84
S01010737,1038,856,182
S01010738,1127,947,180
S01010739,870,706,164
S01010740,700,586,114
S01010741,695,585,110
S01010742,887,763,124
S01010743,1008,867,141
S01010744,1166,977,189
S01010745,702,554,148
S01010746,1016,759,257
S01010747,1170,853,317
S01010748,631,474,157
S01010749,736,570,166
S01010750,626,463,163
S01010751,999,770,229
S01010752,1063,865,198
S01010753,1318,1065,253
S01010754,1021,813,208
S01010755,863,696,167
S01010756,835,671,164
S01010757,863,548,315
S01010758,702,484,218
S01010759,682,528,154
S01010760,816,568,248
S01010761,536,389,147
S01010762,598,400,198
S01010763,940,718,222
S01010764,576,377,199
S01010765,1228,834,394
S01010766,784,624,160
S01010767,706,534,172
S01010768,737,583,154
S01010769,483,324,159
S01010770,877,686,191
S01010771,960,661,299
S01010772,762,508,254
S01010773,785,524,261
S01010774,1353,846,507
S01010775,643,557,86
S01010776,833,737,96
S01010777,512,432,80
S01010778,649,585,64
S01010779,995,855,140
S01010780,648,575,73
S01010781,965,864,101
S01010782,623,543,80
S01010783,897,803,94
S01010784,1122,1032,90
S01010785,793,717,76
S01010786,688,606,82
S01010787,913,717,196
S01010788,622,543,79
S01010789,888,649,239
S01010790,827,606,221
S01010791,993,678,315
S01010792,1152,957,195
S01010793,649,510,139
S01010794,550,449,101
S01010795,1311,1028,283
S01010796,1441,1073,368
S01010797,762,613,149
S01010798,694,509,185
S01010799,999,855,144
S01010800,797,722,75
S01010801,794,707,87
S01010802,626,559,67
S01010803,611,521,90
S01010804,778,649,129
S01010805,1276,1068,208
S01010806,916,790,126
S01010807,570,489,81
S01010808,553,451,102
S01010809,1007,811,196
S01010810,490,360,130
S01010811,923,614,309
S01010812,522,364,158
S01010813,910,618,292
S01010814,740,487,253
S01010815,582,417,165
S01010816,830,698,132
S01010817,1203,1000,203
S01010818,1454,1160,294
S01010819,1044,878,166
S01010820,1391,1224,167
S01010821,866,699,167
S01010822,772,624,148
S01010823,683,642,41
S01010824,1231,1130,101
S01010825,1642,1505,137
S01010826,755,640,115
S01010827,697,612,85
S01010828,1239,1085,154
S01010829,1121,985,136
S01010830,556,522,34
S01010831,598,539,59
S01010832,730,700,30
S01010833,1159,1021,138
S01010834,1629,1457,172
S01010835,736,664,72
S01010836,920,818,102
S01010837,838,781,57
S01010838,1187,1128,59
S01010839,908,848,60
S01010840,572,512,60
S01010841,1103,997,106
S01010842,960,883,77
S01010843,756,705,51
S01010844,838,792,46
S01010845,619,590,29
S01010846,910,854,56
S01010847,798,744,54
S01010848,924,880,44
S01010849,951,895,56
S01010850,1005,966,39
S01010851,935,885,50
S01010852,839,803,36
S01010853,999,962,37
S01010854,923,871,52
S01010855,560,539,21
S01010856,908,867,41
S01010857,950,904,46
S01010858,1138,1089,49
S01010859,842,804,38
S01010860,885,846,39
S01010861,981,919,62
S01010862,651,627,24
S01010863,883,810,73
S01010864,622,592,30
S01010865,706,628,78
S01010866,881,809,72
S01010867,750,682,68
S01010868,839,760,79
S01010869,1144,1052,92
S01010870,1020,927,93
S01010871,898,793,105
S01010872,830,748,82
S01010873,739,686,53
S01010874,928,854,74
S01010875,658,581,77
S01010876,740,678,62
S01010877,1633,1511,122
S01010878,1326,1242,84
S01010879,1103,1056,47
S01010880,669,626,43
S01010881,803,767,36
S01010882,1050,987,63
S01010883,1034,970,64
S01010884,1153,1111,42
S01010885,1349,1265,84
S01010886,615,584,31
S01010887,765,737,28
S01010888,1188,1116,72
S01010889,825,763,62
S01010890,847,810,37
S01010891,870,807,63
S01010892,915,859,56
S01010893,1031,969,62
S01010894,805,754,51
S01010895,495,476,19
S01010896,984,945,39
S01010897,945,913,32
S01010898,1362,1297,65
S01010899,714,691,23
S01010900,930,880,50
S01010901,465,440,25
S01010902,957,924,33
S01010903,891,863,28
S01010904,538,509,29
S01010905,964,902,62
S01010906,966,924,42
S01010907,606,567,39
S01010908,1136,1078,58
S01010909,1207,1133,74
S01010910,844,782,62
S01010911,875,818,57
S01010912,773,709,64
S01010913,642,598,44
S01010914,1153,1078,75
S01010915,982,928,54
S01010916,733,683,50
S01010917,843,796,47
S01010918,1289,1235,54
S01010919,882,851,31
S01010920,733,675,58
S01010921,733,704,29
S01010922,988,947,41
S01010923,1154,1104,50
S01010924,678,654,24
S01010925,858,823,35
S01010926,989,958,31
S01010927,970,934,36
S01010928,806,788,18
S01010929,918,849,69
S01010930,900,710,190
S01010931,430,342,88
S01010932,1496,1269,227
S01010933,864,676,188
S01010934,1114,927,187
S01010935,861,708,153
S01010936,682,584,98
S01010937,728,654,74
S01010938,951,861,90
S01010939,776,666,110
S01010940,683,588,95
S01010941,1253,1046,207
S01010942,646,556,90
S01010943,832,742,90
S01010944,845,767,78
S01010945,540,490,50
S01010946,1029,959,70
S01010947,791,725,66
S01010948,673,621,52
S01010949,1546,1226,320
S01010950,846,763,83
S01010951,724,616,108
S01010952,779,693,86
S01010953,737,640,97
S01010954,1268,985,283
S01010955,1145,822,323
S01010956,970,779,191
S01010957,581,495,86
S01010958,625,529,96
S01010959,891,730,161
S01010960,1480,1271,209
S01010961,1433,1231,202
S01010962,649,545,104
S01010963,1038,924,114
S01010964,523,488,35
S01010965,1012,921,91
S01010966,982,884,98
S01010967,920,841,79
S01010968,919,823,96
S01010969,736,643,93
S01010970,1511,1316,195
S01010971,1736,1539,197
S01010972,939,870,69
S01010973,627,574,53
S01010974,1133,1038,95
S01010975,662,616,46
S01010976,2199,1938,261
S01010977,728,685,43
S01010978,949,871,78
S01010979,900,806,94
S01010980,821,742,79
S01010981,739,670,69
S01010982,1334,1094,240
S01010983,1132,1027,105
S01010984,1097,996,101
S01010985,865,766,99
S01010986,750,650,100
S01010987,445,405,40
S01010988,627,583,44
S01010989,1514,1307,207
S01010990,798,722,76
S01010991,1936,1691,245
S01010992,1803,1532,271
S01010993,733,646,87
S01010994,2765,2330,435
S01010995,851,790,61
S01010996,901,767,134
S01010997,1056,880,176
S01010998,2440,2040,400
S01010999,903,745,158
S01011000,1120,948,172
S01011001,652,601,51
S01011002,707,652,55
S01011003,813,765,48
S01011004,809,722,87
S01011005,795,710,85
S01011006,1002,881,121
S01011007,883,821,62
S01011008,881,808,73
S01011009,627,576,51
S01011010,950,795,155
S01011011,768,677,91
S01011012,1218,1095,123
S01011013,878,821,57
S01011014,811,745,66
S01011015,565,518,47
S01011016,1188,1001,187
S01011017,1670,1368,302
S01011018,1451,1229,222
S01011019,1253,1054,199
S01011020,472,405,67
S01011021,882,808,74
S01011022,705,631,74
S01011023,1043,972,71
S01011024,1223,1104,119
S01011025,680,621,59
S01011026,540,500,40
S01011027,1160,1043,117
S01011028,1175,1084,91
S01011029,741,658,83
S01011030,969,865,104
S01011031,1190,1094,96
S01011032,896,847,49
S01011033,794,722,72
S01011034,849,760,89
S01011035,662,593,69
S01011036,1019,932,87
S01011037,1079,983,96
S01011038,1053,965,88
S01011039,907,816,91
S01011040,1407,1273,134
S01011041,917,845,72
S01011042,818,722,96
S01011043,1277,1164,113
S01011044,1150,1035,115
S01011045,939,600,339
S01011046,854,535,319
S01011047,1077,844,233
S01011048,1277,961,316
S01011049,818,671,147
S01011050,1005,703,302
S01011051,1078,828,250
S01011052,1218,933,285
S01011053,742,577,165
S01011054,672,510,162
S01011055,568,402,166
S01011056,699,550,149
S01011057,728,606,122
S01011058,638,409,229
S01011059,778,561,217
S01011060,1225,1065,160
S01011061,1077,968,109
S01011062,1404,1236,168
S01011063,1132,1016,116
S01011064,1299,1143,156
S01011065,965,765,200
S01011066,614,509,105
S01011067,1167,929,238
S01011068,826,663,163
S01011069,721,566,155
S01011070,903,765,138
S01011071,948,737,211
S01011072,1142,988,154
S01011073,699,593,106
S01011074,607,534,73
S01011075,883,790,93
S01011076,1153,994,159
S01011077,1059,967,92
S01011078,1354,1201,153
S01011079,1307,1095,212
S01011080,1124,967,157
S01011081,824,753,71
S01011082,722,663,59
S01011083,1144,841,303
S01011084,876,638,238
S01011085,889,591,298
S01011086,641,540,101
S01011087,880,716,164
S01011088,1178,953,225
S01011089,950,777,173
S01011090,717,516,201
S01011091,700,534,166
S01011092,2474,1813,661
S01011093,3120,2358,762
S01011094,776,559,217
S01011095,1088,741,347
S01011096,951,659,292
S01011097,715,534,181
S01011098,1124,829,295
S01011099,819,675,144
S01011100,570,471,99
S01011101,790,666,124
S01011102,731,551,180
S01011103,773,600,173
S01011104,704,553,151
S01011105,799,594,205
S01011106,988,647,341
S01011107,2433,1823,610
S01011108,672,562,110
S01011109,807,686,121
S01011110,947,804,143
S01011111,1093,899,194
S01011112,142,122,20
S01011113,1004,881,123
S01011114,1195,965,230
S01011115,902,762,140
S01011116,880,687,193
S01011117,868,643,225
S01011118,1011,789,222
S01011119,931,712,219
S01011120,1159,877,282
S01011121,622,463,159
S01011122,787,642,145
S01011123,1121,944,177
S01011124,661,525,136
S01011125,452,383,69
S01011126,763,598,165
S01011127,536,259,277
S01011128,1007,802,205
S01011129,940,622,318
S01011130,766,609,157
S01011131,739,511,228
S01011132,898,631,267
S01011133,527,408,119
S01011134,825,601,224
S01011135,1008,786,222
S01011136,658,501,157
S01011137,923,711,212
S01011138,641,495,146
S01011139,1335,595,740
S01011140,537,418,119
S01011141,1696,980,716
S01011142,1363,690,673
S01011143,1190,820,370
S01011144,919,656,263
S01011145,1079,710,369
S01011146,1051,719,332
S01011147,1186,810,376
S01011148,787,523,264
S01011149,802,357,445
S01011150,933,413,520
S01011151,749,400,349
S01011152,901,434,467
S01011153,1005,672,333
S01011154,624,449,175
S01011155,814,586,228
S01011156,845,556,289
S01011157,576,387,189
S01011158,598,393,205
S01011159,614,464,150
S01011160,909,675,234
S01011161,637,478,159
S01011162,885,605,280
S01011163,960,787,173
S01011164,851,605,246
S01011165,881,717,164
S01011166,603,395,208
S01011167,1064,618,446
S01011168,845,517,328
S01011169,1267,842,425
S01011170,911,530,381
S01011171,1007,689,318
S01011172,752,484,268
S01011173,869,516,353
S01011174,762,509,253
S01011175,815,548,267
S01011176,689,496,193
S01011177,1082,809,273
S01011178,595,499,96
S01011179,705,659,46
S01011180,853,801,52
S01011181,1527,1291,236
S01011182,511,471,40
S01011183,757,665,92
S01011184,820,749,71
S01011185,790,734,56
S01011186,1127,1036,91
S01011187,803,759,44
S01011188,1108,1030,78
S01011189,1096,1017,79
S01011190,1103,1020,83
S01011191,750,692,58
S01011192,865,812,53
S01011193,942,862,80
S01011194,727,657,70
S01011195,945,875,70
S01011196,1050,970,80
S01011197,871,820,51
S01011198,695,652,43
S01011199,781,722,59
S01011200,865,825,40
S01011201,586,561,25
S01011202,949,894,55
S01011203,1289,1193,96
S01011204,555,517,38
S01011205,184,175,9
S01011206,734,656,78
S01011207,1852,1657,195
S01011208,907,836,71
S01011209,697,634,63
S01011210,830,714,116
S01011211,1745,1555,190
S01011212,735,689,46
S01011213,1180,1086,94
S01011214,1144,1078,66
S01011215,919,865,54
S01011216,1105,990,115
S01011217,1207,1115,92
S01011218,933,867,66
S01011219,1031,966,65
S01011220,988,931,57
S01011221,1075,1010,65
S01011222,662,603,59
S01011223,946,891,55
S01011224,681,623,58
S01011225,1029,937,92
S01011226,1098,1012,86
S01011227,802,722,80
S01011228,1353,1261,92
S01011229,802,741,61
S01011230,1319,1226,93
S01011231,1047,977,70
S01011232,915,841,74
S01011233,1500,1316,184
S01011234,1165,1083,82
S01011235,525,501,24
S01011236,557,503,54
S01011237,1048,962,86
S01011238,806,743,63
S01011239,878,810,68
S01011240,1075,979,96
S01011241,1042,949,93
S01011242,1015,925,90
S01011243,1251,1127,124
S01011244,666,623,43
S01011245,848,779,69
S01011246,926,830,96
S01011247,953,877,76
S01011248,945,873,72
S01011249,1048,961,87
S01011250,1241,1143,98
S01011251,871,822,49
S01011252,825,775,50
S01011253,968,901,67
S01011254,1209,1128,81
S01011255,428,390,38
S01011256,497,446,51
S01011257,468,435,33
S01011258,700,645,55
S01011259,931,873,58
S01011260,718,663,55
S01011261,925,861,64
S01011262,689,645,44
S01011263,898,820,78
S01011264,688,645,43
S01011265,1053,995,58
S01011266,908,845,63
S01011267,984,906,78
S01011268,591,539,52
S01011269,594,537,57
S01011270,833,768,65
S01011271,948,885,63
S01011272,728,690,38
S01011273,1285,1215,70
S01011274,1125,1043,82
S01011275,1543,1368,175
S01011276,1114,1044,70
S01011277,654,603,51
S01011278,639,597,42
S01011279,713,673,40
S01011280,690,624,66
S01011281,804,740,64
S01011282,918,820,98
S01011283,804,726,78
S01011284,1230,1079,151
S01011285,1140,1052,88
S01011286,720,664,56
S01011287,987,925,62
S01011288,1067,989,78
S01011289,934,881,53
S01011290,1390,1319,71
S01011291,986,922,64
S01011292,697,643,54
S01011293,953,893,60
S01011294,948,878,70
S01011295,1022,942,80
S01011296,722,674,48
S01011297,927,871,56
S01011298,1104,1028,76
S01011299,494,443,51
S01011300,1008,949,59
S01011301,705,650,55
S01011302,945,885,60
S01011303,1186,1092,94
S01011304,966,880,86
S01011305,829,759,70
S01011306,590,540,50
S01011307,2465,2166,299
S01011308,626,500,126
S01011309,858,678,180
S01011310,706,604,102
S01011311,1149,917,232
S01011312,1244,1042,202
S01011313,1122,903,219
S01011314,1097,924,173
S01011315,419,376,43
S01011316,938,798,140
S01011317,967,835,132
S01011318,964,811,153
S01011319,1116,962,154
S01011320,747,660,87
S01011321,663,589,74
S01011322,634,558,76
S01011323,1181,1055,126
S01011324,509,434,75
S01011325,1030,889,141
S01011326,1099,933,166
S01011327,739,656,83
S01011328,897,797,100
S01011329,1053,887,166
S01011330,754,665,89
S01011331,832,728,104
S01011332,1270,1101,169
S01011333,733,607,126
S01011334,1448,1269,179
S01011335,1138,908,230
S01011336,698,593,105
S01011337,682,542,140
S01011338,847,786,61
S01011339,701,658,43
S01011340,1269,1175,94
S01011341,874,808,66
S01011342,839,775,64
S01011343,906,851,55
S01011344,883,823,60
S01011345,1069,1000,69
S01011346,832,794,38
S01011347,1186,1100,86
S01011348,1225,1125,100
S01011349,1113,997,116
S01011350,933,826,107
S01011351,796,733,63
S01011352,709,636,73
S01011353,650,601,49
S01011354,879,782,97
S01011355,1113,1014,99
S01011356,962,854,108
S01011357,1399,1323,76
S01011358,547,516,31
S01011359,737,711,26
S01011360,852,698,154
S01011361,537,426,111
S01011362,661,599,62
S01011363,1714,1603,111
S01011364,659,613,46
S01011365,830,787,43
S01011366,498,473,25
S01011367,840,806,34
S01011368,1429,1301,128
S01011369,756,700,56
S01011370,1654,1508,146
S01011371,1560,1401,159
S01011372,1042,928,114
S01011373,866,778,88
S01011374,514,479,35
S01011375,726,666,60
S01011376,568,531,37
S01011377,594,543,51
S01011378,1041,987,54
S01011379,1125,1059,66
S01011380,732,663,69
S01011381,810,745,65
S01011382,531,481,50
S01011383,1091,1042,49
S01011384,839,801,38
S01011385,957,906,51
S01011386,1076,1030,46
S01011387,988,918,70
S01011388,1431,1337,94
S01011389,1512,1406,106
S01011390,1040,985,55
S01011391,645,609,36
S01011392,1053,995,58
S01011393,841,809,32
S01011394,1012,949,63
S01011395,861,803,58
S01011396,986,942,44
S01011397,860,804,56
S01011398,779,738,41
S01011399,508,492,16
S01011400,925,869,56
S01011401,1020,974,46
S01011402,954,886,68
S01011403,1011,942,69
S01011404,1155,1095,60
S01011405,731,676,55
S01011406,705,666,39
S01011407,1377,1301,76
S01011408,936,890,46
S01011409,839,782,57
S01011410,812,765,47
S01011411,993,916,77
S01011412,973,924,49
S01011413,560,514,46
S01011414,1077,1005,72
S01011415,941,908,33
S01011416,875,815,60
S01011417,820,769,51
S01011418,780,739,41
S01011419,673,644,29
S01011420,491,459,32
S01011421,506,470,36
S01011422,467,444,23
S01011423,679,635,44
S01011424,560,545,15
S01011425,779,734,45
S01011426,1886,1772,114
S01011427,1423,1325,98
S01011428,673,636,37
S01011429,1327,1205,122
S01011430,1026,962,64
S01011431,1298,1263,35
S01011432,1888,1789,99
S01011433,1048,987,61
S01011434,998,949,49
S01011435,1433,1345,88
S01011436,1245,1166,79
S01011437,811,769,42
S01011438,881,811,70
S01011439,1155,1090,65
S01011440,1091,1019,72
S01011441,868,816,52
S01011442,683,645,38
S01011443,787,747,40
S01011444,1222,1170,52
S01011445,635,611,24
S01011446,2472,2315,157
S01011447,1071,1028,43
S01011448,1244,1175,69
S01011449,757,713,44
S01011450,849,747,102
S01011451,1963,1787,176
S01011452,947,875,72
S01011453,820,764,56
S01011454,1109,1055,54
S01011455,1041,982,59
S01011456,1034,985,49
S01011457,917,889,28
S01011458,804,741,63
S01011459,1370,1282,88
S01011460,984,924,60
S01011461,813,763,50
S01011462,1004,930,74
S01011463,670,640,30
S01011464,1681,1528,153
S01011465,826,766,60
S01011466,2111,1935,176
S01011467,539,487,52
S01011468,141,126,15
S01011469,859,728,131
S01011470,958,875,83
S01011471,953,866,87
S01011472,1225,1108,117
S01011473,1013,944,69
S01011474,1075,994,81
S01011475,679,624,55
S01011476,915,871,44
S01011477,851,790,61
S01011478,1060,964,96
S01011479,886,827,59
S01011480,1113,1047,66
S01011481,1169,1086,83
S01011482,1155,1072,83
S01011483,822,759,63
S01011484,1152,1078,74
S01011485,965,900,65
S01011486,569,545,24
S01011487,1370,1246,124
S01011488,697,649,48
S01011489,995,930,65
S01011490,1134,1023,111
S01011491,538,465,73
S01011492,859,614,245
S01011493,1048,964,84
S01011494,785,741,44
S01011495,1042,958,84
S01011496,649,527,122
S01011497,881,806,75
S01011498,672,629,43
S01011499,898,850,48
S01011500,1012,956,56
S01011501,673,644,29
S01011502,755,713,42
S01011503,1024,976,48
S01011504,666,623,43
S01011505,698,652,46
S01011506,588,567,21
S01011507,790,749,41
S01011508,962,883,79
S01011509,610,590,20
S01011510,1122,1067,55
S01011511,678,638,40
S01011512,1239,1156,83
S01011513,917,829,88
S01011514,1085,1025,60
S01011515,752,709,43
S01011516,887,814,73
S01011517,649,615,34
S01011518,661,634,27
S01011519,781,751,30
S01011520,1091,1037,54
S01011521,1429,1333,96
S01011522,956,875,81
S01011523,1305,1225,80
S01011524,890,849,41
S01011525,1099,1001,98
S01011526,1018,948,70
S01011527,949,892,57
S01011528,974,930,44
S01011529,1084,1037,47
S01011530,1256,1195,61
S01011531,1814,1689,125
S01011532,1266,1159,107
S01011533,683,655,28
S01011534,766,730,36
S01011535,940,879,61
S01011536,674,617,57
S01011537,845,785,60
S01011538,733,687,46
S01011539,1096,1058,38
S01011540,2031,1919,112
S01011541,1035,998,37
S01011542,1070,1022,48
S01011543,920,884,36
S01011544,790,766,24
S01011545,851,827,24
S01011546,764,727,37
S01011547,475,456,19
S01011548,813,771,42
S01011549,915,877,38
S01011550,979,916,63
S01011551,876,822,54
S01011552,978,925,53
S01011553,1259,1134,125
S01011554,2044,1885,159
S01011555,766,732,34
S01011556,676,662,14
S01011557,1003,968,35
S01011558,874,836,38
S01011559,715,689,26
S01011560,1046,1002,44
S01011561,834,805,29
S01011562,1038,989,49
S01011563,1118,1077,41
S01011564,966,932,34
S01011565,1081,1050,31
S01011566,917,875,42
S01011567,859,833,26
S01011568,847,814,33
S01011569,848,808,40
S01011570,946,874,72
S01011571,887,818,69
S01011572,883,826,57
S01011573,1084,1037,47
S01011574,1100,1063,37
S01011575,866,837,29
S01011576,979,949,30
S01011577,628,573,55
S01011578,2245,2061,184
S01011579,924,884,40
S01011580,1378,1283,95
S01011581,930,876,54
S01011582,2390,2203,187
S01011583,970,918,52
S01011584,843,807,36
S01011585,1196,1128,68
S01011586,713,672,41
S01011587,738,692,46
S01011588,952,910,42
S01011589,1040,997,43
S01011590,2166,1998,168
S01011591,923,880,43
S01011592,1877,1730,147
S01011593,717,690,27
S01011594,622,601,21
S01011595,854,814,40
S01011596,1276,1173,103
S01011597,806,763,43
S01011598,984,837,147
S01011599,967,918,49
S01011600,737,686,51
S01011601,848,796,52
S01011602,709,646,63
S01011603,1000,951,49
S01011604,690,618,72
S01011605,844,808,36
S01011606,1001,937,64
S01011607,1266,1187,79
S01011608,1206,1130,76
S01011609,970,850,120
S01011610,949,874,75
S01011611,1197,1130,67
S01011612,296,254,42
S01011613,940,900,40
S01011614,570,542,28
S01011615,1356,1284,72
S01011616,511,490,21
S01011617,981,946,35
S01011618,794,746,48
S01011619,892,821,71
S01011620,972,892,80
S01011621,893,843,50
S01011622,160,151,9
S01011623,1888,1759,129
S01011624,937,872,65
S01011625,548,527,21
S01011626,1061,1010,51
S01011627,733,694,39
S01011628,1289,1238,51
S01011629,809,761,48
S01011630,744,718,26
S01011631,839,792,47
S01011632,986,918,68
S01011633,1092,1032,60
S01011634,754,708,46
S01011635,832,773,59
S01011636,867,827,40
S01011637,743,723,20
S01011638,737,705,32
S01011639,700,664,36
S01011640,1048,983,65
S01011641,946,906,40
S01011642,847,781,66
S01011643,896,832,64
S01011644,880,835,45
S01011645,622,598,24
S01011646,872,829,43
S01011647,1062,1001,61
S01011648,414,386,28
S01011649,881,807,74
S01011650,1626,1509,117
S01011651,926,858,68
S01011652,760,688,72
S01011653,1109,1051,58
S01011654,1064,979,85
S01011655,846,802,44
S01011656,730,682,48
S01011657,609,549,60
S01011658,895,859,36
S01011659,983,932,51
S01011660,1097,1043,54
S01011661,1180,1101,79
S01011662,1305,1243,62
S01011663,1103,991,112
S01011664,1044,996,48
S01011665,1123,1052,71
S01011666,957,914,43
S01011667,1051,972,79
S01011668,1646,1546,100
S01011669,823,760,63
S01011670,799,752,47
S01011671,758,710,48
S01011672,806,737,69
S01011673,930,862,68
S01011674,1657,1557,100
S01011675,1448,1384,64
S01011676,778,742,36
S01011677,155,152,3
S01011678,464,447,17
S01011679,1416,1322,94
S01011680,1282,1227,55
S01011681,847,818,29
S01011682,1669,1540,129
S01011683,1279,1196,83
S01011684,803,753,50
S01011685,856,804,52
S01011686,931,875,56
S01011687,935,915,20
S01011688,1161,1083,78
S01011689,914,805,109
S01011690,1636,1524,112
S01011691,474,431,43
S01011692,1250,1201,49
S01011693,1698,1581,117
S01011694,659,613,46
S01011695,3465,3172,293
S01011696,776,700,76
S01011697,1083,998,85
S01011698,643,602,41
S01011699,911,845,66
S01011700,869,816,53
S01011701,1222,1101,121
S01011702,972,890,82
S01011703,974,871,103
S01011704,1645,1505,140
S01011705,1785,1647,138
S01011706,1028,960,68
S01011707,713,662,51
S01011708,1094,1006,88
S01011709,1109,1016,93
S01011710,763,722,41
S01011711,1121,1065,56
S01011712,530,504,26
S01011713,1108,1025,83
S01011714,1302,1232,70
S01011715,1149,1106,43
S01011716,1002,944,58
S01011717,764,730,34
S01011718,978,917,61
S01011719,1981,1809,172
S01011720,617,574,43
S01011721,784,758,26
S01011722,1316,1248,68
S01011723,2146,1988,158
S01011724,733,682,51
S01011725,634,569,65
S01011726,552,522,30
S01011727,1489,1372,117
S01011728,929,889,40
S01011729,1157,1098,59
S01011730,844,797,47
S01011731,1102,1044,58
S01011732,899,856,43
S01011733,851,815,36
S01011734,891,835,56
S01011735,736,675,61
S01011736,1192,1102,90
S01011737,966,869,97
S01011738,1109,973,136
S01011739,684,617,67
S01011740,729,660,69
S01011741,964,896,68
S01011742,864,798,66
S01011743,797,753,44
S01011744,849,792,57
S01011745,1033,947,86
S01011746,852,763,89
S01011747,1074,944,130
S01011748,1024,905,119
S01011749,896,799,97
S01011750,876,803,73
S01011751,1149,1011,138
S01011752,1074,964,110
S01011753,777,694,83
S01011754,959,900,59
S01011755,939,874,65
S01011756,1113,1035,78
S01011757,933,877,56
S01011758,624,602,22
S01011759,897,841,56
S01011760,884,824,60
S01011761,817,756,61
S01011762,876,825,51
S01011763,773,742,31
S01011764,403,368,35
S01011765,1156,1085,71
S01011766,733,667,66
S01011767,1209,1131,78
S01011768,974,909,65
S01011769,789,735,54
S01011770,892,823,69
S01011771,667,615,52
S01011772,1102,967,135
S01011773,596,551,45
S01011774,941,867,74
S01011775,904,819,85
S01011776,1298,1132,166
S01011777,645,587,58
S01011778,634,585,49
S01011779,793,746,47
S01011780,939,871,68
S01011781,922,868,54
S01011782,889,826,63
S01011783,575,525,50
S01011784,793,751,42
S01011785,1070,1006,64
S01011786,198,174,24
S01011787,1133,1085,48
S01011788,1318,1123,195
S01011789,3188,2828,360
S01011790,1301,1191,110
S01011791,831,781,50
S01011792,888,821,67
S01011793,760,714,46
S01011794,982,927,55
S01011795,1051,997,54
S01011796,908,862,46
S01011797,1110,1045,65
S01011798,550,515,35
S01011799,973,931,42
S01011800,677,651,26
S01011801,685,646,39
S01011802,731,701,30
S01011803,930,887,43
S01011804,1006,808,198
S01011805,919,714,205
S01011806,1308,1068,240
S01011807,1091,878,213
S01011808,948,755,193
S01011809,719,530,189
S01011810,1301,1009,292
S01011811,1146,878,268
S01011812,1122,686,436
S01011813,959,776,183
S01011814,721,529,192
S01011815,816,681,135
S01011816,707,618,89
S01011817,728,645,83
S01011818,1651,1442,209
S01011819,1218,1054,164
S01011820,1034,883,151
S01011821,680,585,95
S01011822,913,785,128
S01011823,608,526,82
S01011824,1001,882,119
S01011825,535,453,82
S01011826,744,612,132
S01011827,603,361,242
S01011828,909,650,259
S01011829,541,371,170
S01011830,844,442,402
S01011831,1079,559,520
S01011832,838,588,250
S01011833,1016,755,261
S01011834,801,604,197
S01011835,685,540,145
S01011836,1104,831,273
S01011837,963,735,228
S01011838,1250,955,295
S01011839,1064,855,209
S01011840,1255,1001,254
S01011841,1612,1312,300
S01011842,1320,1119,201
S01011843,1233,900,333
S01011844,1070,860,210
S01011845,857,727,130
S01011846,869,686,183
S01011847,429,311,118
S01011848,842,638,204
S01011849,813,657,156
S01011850,1123,878,245
S01011851,898,698,200
S01011852,1012,785,227
S01011853,954,766,188
S01011854,1090,807,283
S01011855,1273,1024,249
S01011856,695,542,153
S01011857,1489,1079,410
S01011858,1096,823,273
S01011859,1069,822,247
S01011860,894,587,307
S01011861,851,567,284
S01011862,1132,801,331
S01011863,1148,788,360
S01011864,787,616,171
S01011865,670,530,140
S01011866,1268,987,281
S01011867,1297,1049,248
S01011868,1025,767,258
S01011869,1021,761,260
S01011870,864,685,179
S01011871,1179,909,270
S01011872,1053,794,259
S01011873,812,654,158
S01011874,839,695,144
S01011875,1078,915,163
S01011876,1056,816,240
S01011877,775,600,175
S01011878,1688,1197,491
S01011879,801,605,196
S01011880,1247,987,260
S01011881,871,729,142
S01011882,941,860,81
S01011883,1984,1450,534
S01011884,778,632,146
S01011885,766,594,172
S01011886,1335,1053,282
S01011887,745,651,94
S01011888,1321,1099,222
S01011889,1052,886,166
S01011890,918,763,155
S01011891,1260,1067,193
S01011892,1193,967,226
S01011893,1082,909,173
S01011894,1069,872,197
S01011895,1172,975,197
S01011896,964,842,122
S01011897,1131,953,178
S01011898,1043,840,203
S01011899,985,825,160
S01011900,735,626,109
S01011901,1119,923,196
S01011902,1146,981,165
S01011903,925,792,133
S01011904,956,790,166
S01011905,909,778,131
S01011906,329,286,43
S01011907,841,730,111
S01011908,566,503,63
S01011909,867,747,120
S01011910,1183,1014,169
S01011911,713,638,75
S01011912,833,733,100
S01011913,858,771,87
S01011914,991,856,135
S01011915,908,803,105
S01011916,943,813,130
S01011917,620,536,84
S01011918,895,716,179
S01011919,1144,896,248
S01011920,684,593,91
S01011921,594,527,67
S01011922,882,763,119
S01011923,1088,903,185
S01011924,934,802,132
S01011925,921,765,156
S01011926,817,722,95
S01011927,613,557,56
S01011928,788,689,99
S01011929,692,621,71
S01011930,709,606,103
S01011931,679,577,102
S01011932,343,262,81
S01011933,1534,1051,483
S01011934,970,728,242
S01011935,1038,643,395
S01011936,766,570,196
S01011937,667,486,181
S01011938,472,325,147
S01011939,1010,738,272
S01011940,944,619,325
S01011941,1131,771,360
S01011942,930,640,290
S01011943,1483,1112,371
S01011944,509,395,114
S01011945,1482,1160,322
S01011946,935,795,140
S01011947,602,521,81
S01011948,1159,914,245
S01011949,966,783,183
S01011950,954,793,161
S01011951,833,717,116
S01011952,914,754,160
S01011953,925,772,153
S01011954,590,513,77
S01011955,1128,948,180
S01011956,1108,931,177
S01011957,1083,743,340
S01011958,2026,1653,373
S01011959,893,731,162
S01011960,1192,953,239
S01011961,1161,963,198
S01011962,1069,877,192
S01011963,818,668,150
S01011964,1086,864,222
S01011965,984,834,150
S01011966,842,705,137
S01011967,1155,931,224
S01011968,1395,1191,204
S01011969,1689,1434,255
S01011970,1835,1512,323
S01011971,667,575,92
S01011972,1743,1458,285
S01011973,656,520,136
S01011974,851,660,191
S01011975,452,372,80
S01011976,990,811,179
S01011977,1280,1021,259
S01011978,1204,1026,178
S01011979,1276,995,281
S01011980,508,379,129
S01011981,1153,735,418
S01011982,1501,1047,454
S01011983,1165,819,346
S01011984,678,552,126
S01011985,718,574,144
S01011986,1019,808,211
S01011987,1150,959,191
S01011988,731,620,111
S01011989,866,739,127
S01011990,750,597,153
S01011991,973,848,125
S01011992,1113,861,252
S01011993,1010,790,220
S01011994,844,607,237
S01011995,1020,790,230
S01011996,730,610,120
S01011997,1170,960,210
S01011998,946,722,224
S01011999,621,466,155
S01012000,562,444,118
S01012001,876,729,147
S01012002,767,657,110
S01012003,856,721,135
S01012004,1707,1437,270
S01012005,1507,1252,255
S01012006,1130,725,405
S01012007,968,664,304
S01012008,1379,962,417
S01012009,725,512,213
S01012010,1513,960,553
S01012011,1458,1072,386
S01012012,647,475,172
S01012013,742,505,237
S01012014,1845,1280,565
S01012015,1376,1015,361
S01012016,852,552,300
S01012017,561,353,208
S01012018,876,584,292
S01012019,921,792,129
S01012020,970,836,134
S01012021,821,710,111
S01012022,1080,968,112
S01012023,673,566,107
S01012024,1151,1046,105
S01012025,690,645,45
S01012026,932,863,69
S01012027,2264,2081,183
S01012028,1089,941,148
S01012029,1499,1350,149
S01012030,1302,1108,194
S01012031,553,455,98
S01012032,353,302,51
S01012033,917,858,59
S01012034,978,892,86
S01012035,1153,1044,109
S01012036,1140,1023,117
S01012037,1247,1171,76
S01012038,1273,1198,75
S01012039,1165,1093,72
S01012040,696,629,67
S01012041,1253,1165,88
S01012042,1257,1197,60
S01012043,926,859,67
S01012044,998,936,62
S01012045,1229,1122,107
S01012046,834,785,49
S01012047,1081,1016,65
S01012048,831,771,60
S01012049,732,683,49
S01012050,1172,1098,74
S01012051,497,456,41
S01012052,951,892,59
S01012053,964,905,59
S01012054,1252,1136,116
S01012055,947,888,59
S01012056,994,929,65
S01012057,773,718,55
S01012058,901,844,57
S01012059,986,897,89
S01012060,960,893,67
S01012061,1580,1437,143
S01012062,1011,933,78
S01012063,681,633,48
S01012064,892,810,82
S01012065,686,637,49
S01012066,852,745,107
S01012067,666,615,51
S01012068,788,722,66
S01012069,619,573,46
S01012070,1090,777,313
S01012071,1165,979,186
S01012072,1188,1028,160
S01012073,786,685,101
S01012074,639,574,65
S01012075,1000,957,43
S01012076,936,878,58
S01012077,1177,1076,101
S01012078,977,909,68
S01012079,1253,1164,89
S01012080,1085,970,115
S01012081,737,693,44
S01012082,1002,925,77
S01012083,1119,1060,59
S01012084,678,640,38
S01012085,777,745,32
S01012086,918,858,60
S01012087,815,772,43
S01012088,645,601,44
S01012089,842,786,56
S01012090,1102,1004,98
S01012091,772,732,40
S01012092,635,590,45
S01012093,535,492,43
S01012094,875,801,74
S01012095,1463,1398,65
S01012096,871,832,39
S01012097,695,656,39
S01012098,977,923,54
S01012099,1066,984,82
S01012100,1711,1598,113
S01012101,931,866,65
S01012102,899,824,75
S01012103,1054,964,90
S01012104,924,770,154
S01012105,1606,1442,164
S01012106,1222,1095,127
S01012107,692,626,66
S01012108,1045,974,71
S01012109,1198,1015,183
S01012110,852,777,75
S01012111,1274,1171,103
S01012112,1035,965,70
S01012113,1292,1088,204
S01012114,1520,1286,234
S01012115,765,721,44
S01012116,680,630,50
S01012117,724,671,53
S01012118,1100,1012,88
S01012119,900,844,56
S01012120,583,533,50
S01012121,953,890,63
S01012122,866,818,48
S01012123,731,649,82
S01012124,636,575,61
S01012125,1009,912,97
S01012126,945,813,132
S01012127,1258,1014,244
S01012128,704,573,131
S01012129,915,813,102
S01012130,1222,1118,104
S01012131,1509,1161,348
S01012132,852,661,191
S01012133,1128,783,345
S01012134,1375,1180,195
S01012135,1171,1043,128
S01012136,908,729,179
S01012137,848,768,80
S01012138,1037,914,123
S01012139,1163,1081,82
S01012140,883,823,60
S01012141,1267,1190,77
S01012142,952,900,52
S01012143,1302,1219,83
S01012144,1046,968,78
S01012145,1135,1031,104
S01012146,1138,1029,109
S01012147,1028,937,91
S01012148,756,720,36
S01012149,967,859,108
S01012150,778,727,51
S01012151,1013,946,67
S01012152,1039,943,96
S01012153,772,661,111
S01012154,759,654,105
S01012155,859,750,109
S01012156,1173,1057,116
S01012157,1088,982,106
S01012158,1764,1563,201
S01012159,503,473,30
S01012160,960,882,78
S01012161,532,455,77
S01012162,1035,904,131
S01012163,868,764,104
S01012164,1242,1091,151
S01012165,921,829,92
S01012166,799,753,46
S01012167,681,638,43
S01012168,1025,965,60
S01012169,851,795,56
S01012170,1291,1222,69
S01012171,1180,1121,59
S01012172,943,884,59
S01012173,817,755,62
S01012174,1092,1016,76
S01012175,1031,918,113
S01012176,1365,1255,110
S01012177,833,773,60
S01012178,951,885,66
S01012179,765,689,76
S01012180,732,692,40
S01012181,1232,1126,106
S01012182,1424,1282,142
S01012183,2115,1841,274
S01012184,787,674,113
S01012185,783,691,92
S01012186,887,855,32
S01012187,884,825,59
S01012188,672,631,41
S01012189,802,759,43
S01012190,805,756,49
S01012191,1063,1003,60
S01012192,454,415,39
S01012193,769,715,54
S01012194,869,820,49
S01012195,895,834,61
S01012196,573,509,64
S01012197,1059,1003,56
S01012198,1156,1095,61
S01012199,879,835,44
S01012200,647,609,38
S01012201,1113,1036,77
S01012202,585,546,39
S01012203,964,911,53
S01012204,789,750,39
S01012205,888,819,69
S01012206,965,912,53
S01012207,1231,1170,61
S01012208,1418,1333,85
S01012209,1066,997,69
S01012210,790,748,42
S01012211,1169,1066,103
S01012212,1141,1076,65
S01012213,1205,1123,82
S01012214,800,730,70
S01012215,986,909,77
S01012216,1319,1204,115
S01012217,560,521,39
S01012218,604,526,78
S01012219,931,875,56
S01012220,964,893,71
S01012221,709,676,33
S01012222,1233,1143,90
S01012223,808,754,54
S01012224,1037,959,78
S01012225,1301,1218,83
S01012226,833,790,43
S01012227,907,862,45
S01012228,802,750,52
S01012229,837,747,90
S01012230,1064,946,118
S01012231,831,693,138
S01012232,1183,1045,138
S01012233,953,843,110
S01012234,1530,1352,178
S01012235,905,779,126
S01012236,864,749,115
S01012237,892,723,169
S01012238,604,537,67
S01012239,586,539,47
S01012240,842,739,103
S01012241,719,609,110
S01012242,891,723,168
S01012243,956,834,122
S01012244,1092,749,343
S01012245,1361,996,365
S01012246,1093,783,310
S01012247,742,511,231
S01012248,942,658,284
S01012249,1001,666,335
S01012250,867,613,254
S01012251,1121,944,177
S01012252,1188,937,251
S01012253,958,739,219
S01012254,922,707,215
S01012255,924,657,267
S01012256,1453,1058,395
S01012257,1214,984,230
S01012258,1793,1275,518
S01012259,837,574,263
S01012260,1541,1176,365
S01012261,1335,951,384
S01012262,1961,1404,557
S01012263,782,624,158
S01012264,472,366,106
S01012265,1185,1018,167
S01012266,1280,1018,262
S01012267,1133,865,268
S01012268,1558,1052,506
S01012269,1002,832,170
S01012270,898,727,171
S01012271,1536,1154,382
S01012272,903,689,214
S01012273,1025,790,235
S01012274,1157,978,179
S01012275,807,621,186
S01012276,1524,1294,230
S01012277,1367,1143,224
S01012278,1253,1003,250
S01012279,1245,1010,235
S01012280,1113,972,141
S01012281,948,793,155
S01012282,1241,984,257
S01012283,1047,826,221
S01012284,779,661,118
S01012285,607,502,105
S01012286,1257,1012,245
S01012287,1395,996,399
S01012288,1149,885,264
S01012289,1219,812,407
S01012290,671,524,147
S01012291,865,642,223
S01012292,1359,922,437
S01012293,1098,879,219
S01012294,1062,871,191
S01012295,754,605,149
S01012296,1210,906,304
S01012297,1169,849,320
S01012298,1440,1108,332
S01012299,621,444,177
S01012300,1251,905,346
S01012301,1022,607,415
S01012302,767,453,314
S01012303,979,643,336
S01012304,1213,882,331
S01012305,906,642,264
S01012306,898,649,249
S01012307,897,615,282
S01012308,1009,764,245
S01012309,941,533,408
S01012310,1619,935,684
S01012311,889,552,337
S01012312,1008,615,393
S01012313,860,603,257
S01012314,945,647,298
S01012315,844,547,297
S01012316,693,498,195
S01012317,499,322,177
S01012318,792,549,243
S01012319,1119,715,404
S01012320,848,555,293
S01012321,1236,714,522
S01012322,1181,554,627
S01012323,1391,622,769
S01012324,1058,549,509
S01012325,904,512,392
S01012326,930,548,382
S01012327,962,633,329
S01012328,810,449,361
S01012329,993,629,364
S01012330,690,527,163
S01012331,1171,825,346
S01012332,1275,933,342
S01012333,1413,909,504
S01012334,949,757,192
S01012335,1896,1477,419
S01012336,864,716,148
S01012337,1014,810,204
S01012338,865,663,202
S01012339,1000,713,287
S01012340,1133,860,273
S01012341,949,597,352
S01012342,999,722,277
S01012343,1077,693,384
S01012344,1137,899,238
S01012345,785,639,146
S01012346,1348,942,406
S01012347,688,545,143
S01012348,1196,871,325
S01012349,1143,903,240
S01012350,1194,946,248
S01012351,1015,815,200
S01012352,1217,908,309
S01012353,826,614,212
S01012354,1057,508,549
S01012355,1147,750,397
S01012356,1137,833,304
S01012357,1000,718,282
S01012358,851,507,344
S01012359,917,744,173
S01012360,808,626,182
S01012361,885,729,156
S01012362,1240,981,259
S01012363,1211,1007,204
S01012364,830,700,130
S01012365,1176,1031,145
S01012366,1035,894,141
S01012367,1075,910,165
S01012368,873,699,174
S01012369,1124,951,173
S01012370,1413,1169,244
S01012371,1153,975,178
S01012372,1119,962,157
S01012373,1296,1126,170
S01012374,920,808,112
S01012375,1290,1128,162
S01012376,963,645,318
S01012377,705,462,243
S01012378,682,453,229
S01012379,600,420,180
S01012380,1406,1201,205
S01012381,1093,908,185
S01012382,1101,934,167
S01012383,1100,942,158
S01012384,573,465,108
S01012385,760,596,164
S01012386,1188,979,209
S01012387,936,636,300
S01012388,704,526,178
S01012389,983,772,211
S01012390,769,627,142
S01012391,1541,1265,276
S01012392,864,747,117
S01012393,1326,1085,241
S01012394,995,853,142
S01012395,848,720,128
S01012396,879,729,150
S01012397,845,667,178
S01012398,1058,818,240
S01012399,873,729,144
S01012400,925,744,181
S01012401,917,776,141
S01012402,460,397,63
S01012403,1025,855,170
S01012404,1343,1082,261
S01012405,726,599,127
S01012406,732,582,150
S01012407,1102,930,172
S01012408,850,687,163
S01012409,1131,835,296
S01012410,1339,1099,240
S01012411,1377,1066,311
S01012412,646,515,131
S01012413,1027,801,226
S01012414,693,502,191
S01012415,810,761,49
S01012416,559,483,76
S01012417,636,462,174
S01012418,788,505,283
S01012419,1104,774,330
S01012420,1094,988,106
S01012421,1022,826,196
S01012422,1269,1057,212
S01012423,1031,877,154
S01012424,950,882,68
S01012425,626,570,56
S01012426,625,579,46
S01012427,811,730,81
S01012428,865,756,109
S01012429,558,486,72
S01012430,1038,897,141
S01012431,1099,941,158
S01012432,802,722,80
S01012433,790,713,77
S01012434,841,766,75
S01012435,891,820,71
S01012436,900,787,113
S01012437,811,740,71
S01012438,1078,969,109
S01012439,953,853,100
S01012440,943,827,116
S01012441,971,789,182
S01012442,1000,821,179
S01012443,746,608,138
S01012444,1508,1240,268
S01012445,100,83,17
S01012446,687,624,63
S01012447,998,855,143
S01012448,927,779,148
S01012449,709,623,86
S01012450,981,841,140
S01012451,916,748,168
S01012452,743,624,119
S01012453,1053,815,238
S01012454,1084,903,181
S01012455,612,492,120
S01012456,984,798,186
S01012457,1318,1070,248
S01012458,895,722,173
S01012459,885,768,117
S01012460,830,706,124
S01012461,607,547,60
S01012462,858,796,62
S01012463,857,770,87
S01012464,625,568,57
S01012465,872,794,78
S01012466,1060,946,114
S01012467,1269,1141,128
S01012468,866,773,93
S01012469,1089,902,187
S01012470,962,878,84
S01012471,835,687,148
S01012472,823,705,118
S01012473,691,587,104
S01012474,812,712,100
S01012475,724,646,78
S01012476,1119,1028,91
S01012477,798,712,86
S01012478,840,788,52
S01012479,1019,918,101
S01012480,756,605,151
S01012481,803,618,185
S01012482,889,732,157
S01012483,881,723,158
S01012484,1188,977,211
S01012485,1423,1161,262
S01012486,874,723,151
S01012487,612,552,60
S01012488,903,823,80
S01012489,1234,1082,152
S01012490,1192,1035,157
S01012491,721,633,88
S01012492,953,822,131
S01012493,776,694,82
S01012494,1471,1314,157
S01012495,1121,1039,82
S01012496,765,707,58
S01012497,604,556,48
S01012498,943,884,59
S01012499,1329,1189,140
S01012500,558,507,51
S01012501,1006,937,69
S01012502,1043,967,76
S01012503,637,599,38
S01012504,713,669,44
S01012505,1090,984,106
S01012506,493,447,46
S01012507,946,872,74
S01012508,825,755,70
S01012509,541,491,50
S01012510,1070,956,114
S01012511,787,738,49
S01012512,899,788,111
S01012513,550,480,70
S01012514,810,718,92
S01012515,820,739,81
S01012516,668,596,72
S01012517,1030,913,117
S01012518,871,736,135
S01012519,759,638,121
S01012520,826,712,114
S01012521,766,663,103
S01012522,946,822,124
S01012523,1076,961,115
S01012524,980,873,107
S01012525,951,828,123
S01012526,949,830,119
S01012527,625,563,62
S01012528,823,730,93
S01012529,858,777,81
S01012530,1097,995,102
S01012531,1106,943,163
S01012532,1164,1036,128
S01012533,864,757,107
S01012534,952,854,98
S01012535,892,837,55
S01012536,817,745,72
S01012537,1096,1009,87
S01012538,1264,1155,109
S01012539,801,701,100
S01012540,1023,933,90
S01012541,1192,1085,107
S01012542,1283,1103,180
S01012543,686,587,99
S01012544,980,867,113
S01012545,615,537,78
S01012546,941,822,119
S01012547,746,618,128
S01012548,1058,909,149
S01012549,806,725,81
S01012550,1007,890,117
S01012551,1145,1000,145
S01012552,964,869,95
S01012553,827,732,95
S01012554,886,762,124
S01012555,541,472,69
S01012556,545,465,80
S01012557,812,694,118
S01012558,746,655,91
S01012559,1058,929,129
S01012560,1101,1012,89
S01012561,1154,1039,115
S01012562,1140,990,150
S01012563,758,606,152
S01012564,886,750,136
S01012565,1007,864,143
S01012566,769,626,143
S01012567,1124,952,172
S01012568,1044,898,146
S01012569,876,735,141
S01012570,734,557,177
S01012571,809,635,174
S01012572,572,466,106
S01012573,838,645,193
S01012574,1295,1042,253
S01012575,793,631,162
S01012576,1218,962,256
S01012577,994,833,161
S01012578,1497,1187,310
S01012579,824,676,148
S01012580,753,570,183
S01012581,1240,1084,156
S01012582,1022,865,157
S01012583,689,629,60
S01012584,739,639,100
S01012585,1552,1334,218
S01012586,941,796,145
S01012587,1028,882,146
S01012588,739,626,113
S01012589,805,753,52
S01012590,1076,979,97
S01012591,1198,1108,90
S01012592,696,630,66
S01012593,1198,1105,93
S01012594,664,618,46
S01012595,798,759,39
S01012596,788,732,56
S01012597,386,345,41
S01012598,746,689,57
S01012599,718,666,52
S01012600,692,633,59
S01012601,889,835,54
S01012602,701,654,47
S01012603,650,616,34
S01012604,849,796,53
S01012605,915,852,63
S01012606,352,333,19
S01012607,737,691,46
S01012608,1026,985,41
S01012609,968,931,37
S01012610,1255,1184,71
S01012611,885,832,53
S01012612,1189,1056,133
S01012613,1231,1164,67
S01012614,1121,1046,75
S01012615,1053,946,107
S01012616,1038,948,90
S01012617,839,764,75
S01012618,696,647,49
S01012619,723,638,85
S01012620,958,818,140
S01012621,909,814,95
S01012622,844,766,78
S01012623,865,806,59
S01012624,777,729,48
S01012625,698,664,34
S01012626,850,750,100
S01012627,635,564,71
S01012628,1599,1410,189
S01012629,333,281,52
S01012630,823,732,91
S01012631,1101,995,106
S01012632,726,629,97
S01012633,989,855,134
S01012634,1305,1141,164
S01012635,2056,1818,238
S01012636,1543,1378,165
S01012637,1083,1000,83
S01012638,1032,941,91
S01012639,1572,1415,157
S01012640,1375,1183,192
S01012641,1105,965,140
S01012642,1668,1512,156
S01012643,573,531,42
S01012644,772,697,75
S01012645,1315,1160,155
S01012646,1260,1129,131
S01012647,1144,1010,134
S01012648,678,637,41
S01012649,887,809,78
S01012650,794,721,73
S01012651,822,772,50
S01012652,1045,947,98
S01012653,987,904,83
S01012654,922,832,90
S01012655,1381,1278,103
S01012656,970,926,44
S01012657,991,923,68
S01012658,938,885,53
S01012659,785,754,31
S01012660,728,688,40
S01012661,921,858,63
S01012662,921,868,53
S01012663,935,887,48
S01012664,1045,988,57
S01012665,811,787,24
S01012666,741,709,32
S01012667,686,650,36
S01012668,1116,1067,49
S01012669,1002,958,44
S01012670,696,662,34
S01012671,1482,1390,92
S01012672,839,794,45
S01012673,927,883,44
S01012674,731,695,36
S01012675,1046,994,52
S01012676,1042,980,62
S01012677,583,552,31
S01012678,727,682,45
S01012679,791,724,67
S01012680,557,515,42
S01012681,831,766,65
S01012682,864,811,53
S01012683,908,839,69
S01012684,458,422,36
S01012685,1195,1102,93
S01012686,1243,1089,154
S01012687,1350,1171,179
S01012688,891,748,143
S01012689,593,525,68
S01012690,532,472,60
S01012691,1055,882,173
S01012692,1031,918,113
S01012693,905,745,160
S01012694,639,577,62
S01012695,830,735,95
S01012696,861,601,260
S01012697,509,423,86
S01012698,969,879,90
S01012699,1045,930,115
S01012700,900,823,77
S01012701,1127,1007,120
S01012702,684,630,54
S01012703,723,681,42
S01012704,772,742,30
S01012705,780,705,75
S01012706,993,954,39
S01012707,898,839,59
S01012708,915,862,53
S01012709,613,567,46
S01012710,943,891,52
S01012711,1145,1080,65
S01012712,912,839,73
S01012713,1087,1000,87
S01012714,657,601,56
S01012715,971,886,85
S01012716,1090,991,99
S01012717,1138,1042,96
S01012718,989,883,106
S01012719,1135,964,171
S01012720,863,734,129
S01012721,660,611,49
S01012722,1107,1021,86
S01012723,827,774,53
S01012724,728,658,70
S01012725,1071,933,138
S01012726,971,907,64
S01012727,936,886,50
S01012728,1067,980,87
S01012729,948,881,67
S01012730,556,537,19
S01012731,797,756,41
S01012732,765,732,33
S01012733,3564,3166,398
S01012734,91,86,5
S01012735,551,528,23
S01012736,1279,1156,123
S01012737,1274,1173,101
S01012738,612,561,51
S01012739,105,96,9
S01012740,90,87,3
S01012741,555,519,36
S01012742,880,791,89
S01012743,966,887,79
S01012744,675,621,54
S01012745,920,844,76
S01012746,1129,1036,93
S01012747,1147,1061,86
S01012748,829,770,59
S01012749,876,782,94
S01012750,788,702,86
S01012751,1273,1171,102
S01012752,832,786,46
S01012753,496,473,23
S01012754,908,858,50
S01012755,643,599,44
S01012756,1795,1620,175
S01012757,461,443,18
S01012758,695,647,48
S01012759,801,762,39
S01012760,1008,945,63
S01012761,994,952,42
S01012762,788,744,44
S01012763,612,587,25
S01012764,991,937,54
S01012765,597,570,27
S01012766,699,678,21
S01012767,791,755,36
S01012768,831,786,45
S01012769,1072,1014,58
S01012770,839,793,46
S01012771,819,771,48
S01012772,1177,1126,51
S01012773,1174,1104,70
S01012774,859,800,59
S01012775,641,615,26
S01012776,794,752,42
S01012777,1167,1100,67
S01012778,1199,1131,68
S01012779,1036,951,85
S01012780,918,848,70
S01012781,655,608,47
S01012782,828,783,45
S01012783,931,869,62
S01012784,1053,971,82
S01012785,733,666,67
S01012786,1145,974,171
S01012787,560,490,70
S01012788,1005,909,96
S01012789,1021,903,118
S01012790,911,821,90
S01012791,810,749,61
S01012792,1082,998,84
S01012793,1043,906,137
S01012794,396,333,63
S01012795,1255,1155,100
S01012796,925,819,106
S01012797,758,666,92
S01012798,1060,920,140
S01012799,1182,1038,144
S01012800,1078,964,114
S01012801,504,421,83
S01012802,756,656,100
S01012803,840,772,68
S01012804,857,794,63
S01012805,1069,1008,61
S01012806,937,871,66
S01012807,1497,1374,123
S01012808,1059,991,68
S01012809,861,787,74
S01012810,898,840,58
S01012811,862,786,76
S01012812,961,871,90
S01012813,1001,911,90
S01012814,922,850,72
S01012815,1343,1209,134
S01012816,806,719,87
S01012817,476,430,46
S01012818,1016,916,100
S01012819,1098,1050,48
S01012820,2669,2375,294
S01012821,1794,1550,244
S01012822,846,782,64
S01012823,774,708,66
S01012824,1337,1243,94
S01012825,1548,1413,135
S01012826,1661,1505,156
S01012827,1524,1368,156
S01012828,2277,1989,288
S01012829,865,801,64
S01012830,690,650,40
S01012831,739,696,43
S01012832,544,523,21
S01012833,1006,949,57
S01012834,782,734,48
S01012835,980,907,73
S01012836,595,549,46
S01012837,998,924,74
S01012838,858,772,86
S01012839,666,638,28
S01012840,993,898,95
S01012841,721,663,58
S01012842,995,934,61
S01012843,1101,974,127
S01012844,918,822,96
S01012845,907,836,71
S01012846,1051,974,77
S01012847,756,724,32
S01012848,980,880,100
S01012849,1136,1019,117
S01012850,918,880,38
S01012851,998,950,48
S01012852,1061,964,97
S01012853,924,869,55
S01012854,1195,1090,105
S01012855,1112,1018,94
S01012856,912,847,65
S01012857,1372,1304,68
S01012858,875,821,54
S01012859,1143,1018,125
S01012860,1067,983,84
S01012861,687,610,77
S01012862,844,751,93
S01012863,748,676,72
S01012864,775,705,70
S01012865,1170,1106,64
S01012866,910,841,69
S01012867,829,793,36
S01012868,778,707,71
S01012869,546,509,37
S01012870,915,854,61
S01012871,912,820,92
S01012872,885,777,108
S01012873,936,861,75
S01012874,890,843,47
S01012875,645,595,50
S01012876,933,864,69
S01012877,726,704,22
S01012878,927,873,54
S01012879,1057,979,78
S01012880,1039,945,94
S01012881,1402,1296,106
S01012882,1198,1127,71
S01012883,968,923,45
S01012884,617,578,39
S01012885,792,738,54
S01012886,925,819,106
S01012887,734,681,53
S01012888,966,880,86
S01012889,1197,1079,118
S01012890,809,763,46
S01012891,742,698,44
S01012892,1194,1117,77
S01012893,1007,946,61
S01012894,921,832,89
S01012895,673,593,80
S01012896,1009,930,79
S01012897,1690,1499,191
S01012898,1041,918,123
S01012899,701,656,45
S01012900,1383,1246,137
S01012901,2017,1825,192
S01012902,992,937,55
S01012903,949,884,65
S01012904,989,914,75
S01012905,906,840,66
S01012906,1072,988,84
S01012907,1060,982,78
S01012908,1139,1070,69
S01012909,906,848,58
S01012910,1303,1221,82
S01012911,799,717,82
S01012912,1338,1280,58
S01012913,985,925,60
S01012914,1110,1016,94
S01012915,1060,986,74
S01012916,936,866,70
S01012917,717,665,52
S01012918,859,803,56
S01012919,455,413,42
S01012920,571,521,50
S01012921,705,647,58
S01012922,1012,944,68
S01012923,1112,1013,99
S01012924,567,527,40
S01012925,604,561,43
S01012926,697,655,42
S01012927,772,715,57
S01012928,1035,947,88
S01012929,918,844,74
S01012930,978,861,117
S01012931,1145,1033,112
S01012932,625,580,45
S01012933,864,801,63
S01012934,823,758,65
S01012935,1487,1376,111
S01012936,913,811,102
S01012937,846,773,73
S01012938,843,762,81
S01012939,829,761,68
S01012940,817,750,67
S01012941,789,708,81
S01012942,902,825,77
S01012943,872,805,67
S01012944,725,669,56
S01012945,749,662,87
S01012946,861,787,74
S01012947,578,512,66
S01012948,1064,1005,59
S01012949,1390,1254,136
S01012950,1806,1589,217
S01012951,1068,963,105
S01012952,1554,1379,175
S01012953,685,625,60
S01012954,485,451,34
S01012955,1293,1128,165
S01012956,994,899,95
S01012957,791,723,68
S01012958,502,465,37
S01012959,572,537,35
S01012960,733,685,48
S01012961,973,894,79
S01012962,922,833,89
S01012963,1174,1042,132
S01012964,1517,1367,150
S01012965,878,811,67
S01012966,1016,937,79
S01012967,889,818,71
S01012968,829,762,67
S01012969,958,880,78
S01012970,839,773,66
S01012971,1041,958,83
S01012972,932,866,66
S01012973,1007,937,70
S01012974,1217,1151,66
S01012975,846,780,66
S01012976,675,647,28
S01012977,875,832,43
S01012978,952,895,57
S01012979,876,802,74
S01012980,806,760,46
S01012981,874,788,86
S01012982,820,758,62
S01012983,745,694,51
S01012984,784,693,91
S01012985,869,809,60
S01012986,995,926,69
S01012987,1053,976,77
S01012988,1115,1026,89
S01012989,1183,1094,89
S01012990,1155,1074,81
S01012991,1123,1032,91
S01012992,1063,977,86
S01012993,1003,932,71
S01012994,949,863,86
S01012995,795,732,63
S01012996,885,824,61
S01012997,605,568,37
S01012998,1239,1140,99
S01012999,777,706,71
S01013000,1104,1026,78
S01013001,382,285,97
S01013002,717,574,143
S01013003,736,565,171
S01013004,985,801,184
S01013005,743,593,150
S01013006,912,709,203
S01013007,1262,1026,236
S01013008,1218,988,230
S01013009,820,697,123
S01013010,653,520,133
S01013011,945,771,174
S01013012,1192,971,221
S01013013,1036,844,192
S01013014,789,635,154
S01013015,761,588,173
S01013016,996,764,232
S01013017,1120,890,230
S01013018,1167,906,261
S01013019,1536,1242,294
S01013020,1031,897,134
S01013021,1233,1020,213
S01013022,407,352,55
S01013023,950,773,177
S01013024,628,543,85
S01013025,1329,1079,250
S01013026,945,849,96
S01013027,1642,1494,148
S01013028,942,808,134
S01013029,692,648,44
S01013030,1221,1117,104
S01013031,635,612,23
S01013032,635,576,59
S01013033,774,701,73
S01013034,808,751,57
S01013035,814,759,55
S01013036,923,857,66
S01013037,1180,1070,110
S01013038,1252,1134,118
S01013039,527,467,60
S01013040,628,581,47
S01013041,587,524,63
S01013042,898,831,67
S01013043,815,733,82
S01013044,1139,1057,82
S01013045,713,638,75
S01013046,656,585,71
S01013047,931,782,149
S01013048,1170,1009,161
S01013049,1037,900,137
S01013050,872,788,84
S01013051,931,873,58
S01013052,738,688,50
S01013053,1043,914,129
S01013054,967,875,92
S01013055,754,667,87
S01013056,1279,1160,119
S01013057,996,894,102
S01013058,564,485,79
S01013059,1156,940,216
S01013060,617,491,126
S01013061,1081,862,219
S01013062,1119,843,276
S01013063,894,617,277
S01013064,1189,1066,123
S01013065,1167,989,178
S01013066,822,706,116
S01013067,1393,829,564
S01013068,1541,1063,478
S01013069,966,613,353
S01013070,948,542,406
S01013071,1027,548,479
S01013072,876,759,117
S01013073,1156,958,198
S01013074,1531,1362,169
S01013075,868,763,105
S01013076,931,621,310
S01013077,717,635,82
S01013078,800,716,84
S01013079,1524,1188,336
S01013080,1136,813,323
S01013081,708,595,113
S01013082,1311,1037,274
S01013083,2754,1698,1056
S01013084,1004,780,224
S01013085,1065,710,355
S01013086,1032,712,320
S01013087,2821,1638,1183
S01013088,927,657,270
S01013089,837,654,183
S01013090,1346,926,420
S01013091,875,597,278
S01013092,1335,1003,332
S01013093,472,347,125
S01013094,748,571,177
S01013095,1901,1383,518
S01013096,833,580,253
S01013097,2006,1382,624
S01013098,59,50,9
S01013099,908,634,274
S01013100,968,674,294
S01013101,1672,1374,298
S01013102,706,526,180
S01013103,863,694,169
S01013104,1087,847,240
S01013105,901,685,216
S01013106,1063,826,237
S01013107,856,651,205
S01013108,668,535,133
S01013109,1588,1209,379
S01013110,598,453,145
S01013111,750,551,199
S01013112,891,698,193
S01013113,1031,878,153
S01013114,1414,1084,330
S01013115,947,680,267
S01013116,963,668,295
S01013117,1037,803,234
S01013118,1043,697,346
S01013119,785,486,299
S01013120,1151,794,357
S01013121,454,319,135
S01013122,862,675,187
S01013123,932,868,64
S01013124,1123,1030,93
S01013125,895,830,65
S01013126,978,909,69
S01013127,1128,1044,84
S01013128,1003,915,88
S01013129,1356,1268,88
S01013130,1043,957,86
S01013131,917,846,71
S01013132,705,651,54
S01013133,980,921,59
S01013134,840,789,51
S01013135,1025,954,71
S01013136,1157,1075,82
S01013137,990,924,66
S01013138,903,836,67
S01013139,1115,1033,82
S01013140,1083,1010,73
S01013141,647,609,38
S01013142,1054,987,67
S01013143,1023,960,63
S01013144,894,840,54
S01013145,919,871,48
S01013146,558,538,20
S01013147,799,736,63
S01013148,1044,976,68
S01013149,824,771,53
S01013150,846,788,58
S01013151,569,531,38
S01013152,1407,1314,93
S01013153,987,942,45
S01013154,1358,1248,110
S01013155,908,809,99
S01013156,1079,1002,77
S01013157,1243,1104,139
S01013158,856,797,59
S01013159,844,784,60
S01013160,1006,946,60
S01013161,1021,969,52
S01013162,1141,1089,52
S01013163,834,804,30
S01013164,1203,1120,83
S01013165,1298,1211,87
S01013166,779,732,47
S01013167,1192,1098,94
S01013168,1067,1000,67
S01013169,776,725,51
S01013170,1251,1181,70
S01013171,787,741,46
S01013172,853,807,46
S01013173,799,761,38
S01013174,1142,1096,46
S01013175,837,779,58
S01013176,1014,940,74
S01013177,1115,1029,86
S01013178,719,662,57
S01013179,1406,1295,111
S01013180,434,396,38
S01013181,967,883,84
S01013182,844,782,62
S01013183,1016,933,83
S01013184,572,532,40
S01013185,1047,974,73
S01013186,734,682,52
S01013187,957,880,77
S01013188,1010,936,74
S01013189,821,781,40
S01013190,897,852,45
S01013191,1055,985,70
S01013192,1076,992,84
S01013193,649,578,71
S01013194,1201,1069,132
S01013195,991,865,126
S01013196,680,625,55
S01013197,577,531,46
S01013198,886,820,66
S01013199,907,815,92
S01013200,978,873,105
S01013201,826,763,63
S01013202,574,525,49
S01013203,1014,908,106
S01013204,1040,910,130
S01013205,766,684,82
S01013206,904,828,76
S01013207,1170,1043,127
S01013208,753,707,46
S01013209,1018,954,64
S01013210,784,722,62
S01013211,958,884,74
S01013212,852,759,93
S01013213,939,844,95
S01013214,438,393,45
S01013215,762,680,82
S01013216,822,765,57
S01013217,803,736,67
S01013218,754,701,53
S01013219,661,611,50
S01013220,892,819,73
S01013221,937,863,74
S01013222,690,636,54
S01013223,1389,1275,114
S01013224,1110,1040,70
S01013225,1223,1101,122
S01013226,799,718,81
S01013227,586,548,38
S01013228,819,755,64
S01013229,1008,940,68
S01013230,898,841,57
S01013231,1296,1148,148
S01013232,779,725,54
S01013233,579,505,74
S01013234,644,555,89
S01013235,1064,965,99
S01013236,989,890,99
S01013237,1028,928,100
S01013238,1063,974,89
S01013239,941,858,83
S01013240,758,678,80
S01013241,821,722,99
S01013242,661,565,96
S01013243,815,729,86
S01013244,1219,1129,90
S01013245,1009,930,79
S01013246,467,430,37
S01013247,962,895,67
S01013248,710,666,44
S01013249,1130,1045,85
S01013250,1417,1214,203
S01013251,993,900,93
S01013252,1208,1090,118
S01013253,856,769,87
S01013254,866,801,65
S01013255,1630,1455,175
S01013256,1020,889,131
S01013257,1034,942,92
S01013258,985,878,107
S01013259,1313,1178,135
S01013260,880,804,76
S01013261,1187,1092,95
S01013262,827,747,80
S01013263,1125,895,230
S01013264,290,257,33
S01013265,979,763,216
S01013266,416,356,60
S01013267,917,795,122
S01013268,1222,1063,159
S01013269,1132,932,200
S01013270,829,655,174
S01013271,1221,942,279
S01013272,1198,974,224
S01013273,942,747,195
S01013274,938,811,127
S01013275,1125,931,194
S01013276,979,853,126
S01013277,889,744,145
S01013278,1145,993,152
S01013279,875,742,133
S01013280,817,672,145
S01013281,963,807,156
S01013282,827,706,121
S01013283,1116,856,260
S01013284,651,576,75
S01013285,764,664,100
S01013286,764,655,109
S01013287,783,669,114
S01013288,714,649,65
S01013289,1031,783,248
S01013290,1172,963,209
S01013291,1217,1028,189
S01013292,849,743,106
S01013293,855,731,124
S01013294,866,766,100
S01013295,887,767,120
S01013296,871,794,77
S01013297,1163,1027,136
S01013298,779,679,100
S01013299,1308,1189,119
S01013300,1212,1076,136
S01013301,681,615,66
S01013302,1472,1237,235
S01013303,1548,1219,329
S01013304,1017,845,172
S01013305,952,762,190
S01013306,1023,905,118
S01013307,1200,931,269
S01013308,1380,1202,178
S01013309,898,720,178
S01013310,649,551,98
S01013311,1184,961,223
S01013312,1593,1352,241
S01013313,692,547,145
S01013314,834,711,123
S01013315,267,219,48
S01013316,692,613,79
S01013317,665,586,79
S01013318,709,580,129
S01013319,870,730,140
S01013320,744,578,166
S01013321,500,425,75
S01013322,801,686,115
S01013323,947,808,139
S01013324,1019,819,200
S01013325,1309,1100,209
S01013326,969,808,161
S01013327,868,730,138
S01013328,740,653,87
S01013329,538,470,68
S01013330,1002,843,159
S01013331,647,457,190
S01013332,825,699,126
S01013333,1128,930,198
S01013334,787,686,101
S01013335,1018,874,144
S01013336,1041,869,172
S01013337,2887,2415,472
S01013338,407,337,70
S01013339,863,722,141
S01013340,1315,1089,226
S01013341,898,719,179
S01013342,832,743,89
S01013343,757,669,88
S01013344,1390,1200,190
S01013345,855,728,127
S01013346,914,742,172
S01013347,691,583,108
S01013348,1530,1291,239
S01013349,1047,763,284
S01013350,1447,1109,338
S01013351,784,651,133
S01013352,1013,861,152
S01013353,1113,959,154
S01013354,885,787,98
S01013355,932,855,77
S01013356,972,874,98
S01013357,1103,977,126
S01013358,977,874,103
S01013359,621,557,64
S01013360,687,636,51
S01013361,1403,1275,128
S01013362,583,532,51
S01013363,1134,1026,108
S01013364,788,705,83
S01013365,1236,1113,123
S01013366,635,594,41
S01013367,741,662,79
S01013368,891,823,68
S01013369,911,861,50
S01013370,902,815,87
S01013371,856,798,58
S01013372,1148,1082,66
S01013373,1386,1297,89
S01013374,1080,993,87
S01013375,676,628,48
S01013376,661,625,36
S01013377,772,717,55
S01013378,1058,966,92
S01013379,1195,1092,103
S01013380,1400,1243,157
S01013381,750,695,55
S01013382,1031,937,94
S01013383,811,741,70
S01013384,1151,1055,96
S01013385,694,648,46
S01013386,800,749,51
S01013387,740,696,44
S01013388,759,716,43
S01013389,980,940,40
S01013390,548,510,38
S01013391,1039,962,77
S01013392,1077,949,128
S01013393,1904,1693,211
S01013394,742,676,66
S01013395,1518,1330,188
S01013396,1197,1001,196
S01013397,945,851,94
S01013398,234,207,27
S01013399,1171,1052,119
S01013400,637,565,72
S01013401,3730,3042,688
S01013402,194,167,27
S01013403,96,78,18
S01013404,4319,3556,763
S01013405,663,564,99
S01013406,708,610,98
S01013407,1820,1553,267
S01013408,837,729,108
S01013409,1301,1117,184
S01013410,596,525,71
S01013411,940,768,172
S01013412,797,710,87
S01013413,1030,895,135
S01013414,955,815,140
S01013415,852,747,105
S01013416,576,497,79
S01013417,821,684,137
S01013418,519,458,61
S01013419,562,505,57
S01013420,1257,1128,129
S01013421,932,832,100
S01013422,968,892,76
S01013423,888,808,80
S01013424,808,732,76
S01013425,429,392,37
S01013426,895,826,69
S01013427,746,641,105
S01013428,1613,1418,195
S01013429,1525,1366,159
S01013430,1786,1582,204
S01013431,1013,929,84
S01013432,821,703,118
S01013433,746,608,138
S01013434,534,432,102
S01013435,786,614,172
S01013436,1005,879,126
S01013437,792,673,119
S01013438,709,597,112
S01013439,899,709,190
S01013440,1293,1043,250
S01013441,892,709,183
S01013442,907,742,165
S01013443,635,535,100
S01013444,1209,967,242
S01013445,717,618,99
S01013446,713,624,89
S01013447,645,525,120
S01013448,1091,875,216
S01013449,782,638,144
S01013450,822,641,181
S01013451,871,738,133
S01013452,629,519,110
S01013453,1018,907,111
S01013454,753,637,116
S01013455,560,438,122
S01013456,1044,919,125
S01013457,1021,927,94
S01013458,832,715,117
S01013459,1026,877,149
S01013460,1021,944,77
S01013461,1198,1023,175
S01013462,947,799,148
S01013463,997,857,140
S01013464,816,715,101
S01013465,785,707,78
S01013466,459,381,78
S01013467,950,826,124
S01013468,683,594,89
S01013469,1012,889,123
S01013470,964,840,124
S01013471,935,837,98
S01013472,1221,997,224
S01013473,525,451,74
S01013474,756,636,120
S01013475,1650,1398,252
S01013476,626,539,87
S01013477,993,832,161
S01013478,951,815,136
S01013479,1034,878,156
S01013480,671,585,86
S01013481,1309,1081,228
