dz_2011,total,employed,nonemployed
S01006506,581,392,189
S01006507,776,497,279
S01006508,655,493,162
S01006509,543,342,201
S01006510,501,308,193
S01006511,713,410,303
S01006512,281,195,86
S01006513,720,453,267
S01006514,792,462,330
S01006515,821,530,291
S01006516,660,404,256
S01006517,744,476,268
S01006518,728,415,313
S01006519,626,378,248
S01006520,582,361,221
S01006521,426,225,201
S01006522,395,243,152
S01006523,904,575,329
S01006524,863,502,361
S01006525,996,557,439
S01006526,1136,622,514
S01006527,1046,565,481
S01006528,847,473,374
S01006529,785,489,296
S01006530,842,488,354
S01006531,934,470,464
S01006532,598,368,230
S01006533,614,411,203
S01006534,714,478,236
S01006535,901,683,218
S01006536,1105,826,279
S01006537,604,369,235
S01006538,529,320,209
S01006539,702,450,252
S01006540,942,615,327
S01006541,667,369,298
S01006542,747,419,328
S01006543,716,413,303
S01006544,868,415,453
S01006545,773,475,298
S01006546,857,507,350
S01006547,1025,552,473
S01006548,578,344,234
S01006549,599,339,260
S01006550,928,520,408
S01006551,675,351,324
S01006552,966,566,400
S01006553,706,376,330
S01006554,666,390,276
S01006555,736,375,361
S01006556,762,423,339
S01006557,600,366,234
S01006558,695,504,191
S01006559,463,315,148
S01006560,675,463,212
S01006561,653,451,202
S01006562,746,423,323
S01006563,881,559,322
S01006564,944,554,390
S01006565,1082,596,486
S01006566,742,500,242
S01006567,965,552,413
S01006568,985,703,282
S01006569,616,410,206
S01006570,672,474,198
S01006571,915,622,293
S01006572,936,528,408
S01006573,487,327,160
S01006574,688,453,235
S01006575,863,605,258
S01006576,686,497,189
S01006577,758,526,232
S01006578,1327,954,373
S01006579,1212,871,341
S01006580,665,496,169
S01006581,917,580,337
S01006582,536,322,214
S01006583,915,647,268
S01006584,764,520,244
S01006585,682,395,287
S01006586,733,415,318
S01006587,459,237,222
S01006588,637,392,245
S01006589,954,505,449
S01006590,568,365,203
S01006591,482,328,154
S01006592,358,287,71
S01006593,474,327,147
S01006594,623,404,219
S01006595,655,524,131
S01006596,736,552,184
S01006597,768,553,215
S01006598,866,619,247
S01006599,834,484,350
S01006600,995,690,305
S01006601,829,567,262
S01006602,687,462,225
S01006603,1019,580,439
S01006604,678,436,242
S01006605,579,324,255
S01006606,1020,605,415
S01006607,965,590,375
S01006608,684,451,233
S01006609,1012,587,425
S01006610,541,269,272
S01006611,863,484,379
S01006612,752,491,261
S01006613,345,271,74
S01006614,696,604,92
S01006615,331,270,61
S01006616,581,483,98
S01006617,766,547,219
S01006618,442,359,83
S01006619,763,571,192
S01006620,909,686,223
S01006621,704,503,201
S01006622,506,441,65
S01006623,1097,675,422
S01006624,692,444,248
S01006625,648,391,257
S01006626,651,366,285
S01006627,573,416,157
S01006628,976,685,291
S01006629,649,388,261
S01006630,620,357,263
S01006631,826,506,320
S01006632,702,372,330
S01006633,687,377,310
S01006634,564,284,280
S01006635,704,393,311
S01006636,689,382,307
S01006637,454,262,192
S01006638,861,486,375
S01006639,760,391,369
S01006640,150,90,60
S01006641,791,462,329
S01006642,748,376,372
S01006643,971,525,446
S01006644,517,262,255
S01006645,1036,470,566
S01006646,966,446,520
S01006647,577,277,300
S01006648,1600,551,1049
S01006649,611,336,275
S01006650,798,429,369
S01006651,656,291,365
S01006652,619,331,288
S01006653,633,439,194
S01006654,637,334,303
S01006655,407,173,234
S01006656,780,492,288
S01006657,521,295,226
S01006658,1009,431,578
S01006659,801,389,412
S01006660,513,241,272
S01006661,642,310,332
S01006662,529,209,320
S01006663,1173,390,783
S01006664,372,175,197
S01006665,722,329,393
S01006666,987,506,481
S01006667,867,393,474
S01006668,751,301,450
S01006669,1083,300,783
S01006670,352,177,175
S01006671,1190,224,966
S01006672,599,254,345
S01006673,846,279,567
S01006674,673,341,332
S01006675,392,174,218
S01006676,572,274,298
S01006677,576,300,276
S01006678,834,434,400
S01006679,739,474,265
S01006680,588,306,282
S01006681,770,457,313
S01006682,557,243,314
S01006683,875,413,462
S01006684,578,325,253
S01006685,633,333,300
S01006686,697,353,344
S01006687,745,427,318
S01006688,757,396,361
S01006689,417,140,277
S01006690,641,350,291
S01006691,724,410,314
S01006692,734,409,325
S01006693,874,555,319
S01006694,857,428,429
S01006695,599,341,258
S01006696,801,450,351
S01006697,799,456,343
S01006698,685,349,336
S01006699,611,370,241
S01006700,997,537,460
S01006701,800,452,348
S01006702,770,432,338
S01006703,552,312,240
S01006704,629,322,307
S01006705,728,428,300
S01006706,573,331,242
S01006707,546,298,248
S01006708,676,372,304
S01006709,834,497,337
S01006710,908,603,305
S01006711,858,536,322
S01006712,538,308,230
S01006713,750,429,321
S01006714,682,388,294
S01006715,731,379,352
S01006716,464,269,195
S01006717,793,478,315
S01006718,499,296,203
S01006719,753,466,287
S01006720,580,366,214
S01006721,748,440,308
S01006722,635,388,247
S01006723,747,445,302
S01006724,825,417,408
S01006725,753,452,301
S01006726,608,263,345
S01006727,772,375,397
S01006728,686,428,258
S01006729,608,312,296
S01006730,567,361,206
S01006731,429,268,161
S01006732,808,511,297
S01006733,627,463,164
S01006734,784,572,212
S01006735,719,449,270
S01006736,666,558,108
S01006737,612,408,204
S01006738,553,410,143
S01006739,435,317,118
S01006740,791,454,337
S01006741,621,354,267
S01006742,365,224,141
S01006743,736,470,266
S01006744,524,370,154
S01006745,797,487,310
S01006746,551,329,222
S01006747,967,563,404
S01006748,841,573,268
S01006749,1056,739,317
S01006750,626,430,196
S01006751,342,224,118
S01006752,670,426,244
S01006753,734,479,255
S01006754,1006,708,298
S01006755,607,435,172
S01006756,203,119,84
S01006757,1043,790,253
S01006758,559,447,112
S01006759,484,361,123
S01006760,503,398,105
S01006761,822,586,236
S01006762,802,537,265
S01006763,867,723,144
S01006764,655,526,129
S01006765,614,477,137
S01006766,498,388,110
S01006767,659,445,214
S01006768,552,411,141
S01006769,1004,719,285
S01006770,632,475,157
S01006771,408,313,95
S01006772,1185,885,300
S01006773,544,402,142
S01006774,665,506,159
S01006775,603,416,187
S01006776,502,314,188
S01006777,881,665,216
S01006778,746,538,208
S01006779,786,474,312
S01006780,664,416,248
S01006781,787,525,262
S01006782,739,491,248
S01006783,535,324,211
S01006784,604,417,187
S01006785,517,421,96
S01006786,883,651,232
S01006787,898,643,255
S01006788,539,428,111
S01006789,677,443,234
S01006790,624,391,233
S01006791,374,230,144
S01006792,502,334,168
S01006793,481,337,144
S01006794,606,359,247
S01006795,497,293,204
S01006796,276,169,107
S01006797,466,331,135
S01006798,495,365,130
S01006799,640,419,221
S01006800,658,419,239
S01006801,483,329,154
S01006802,484,268,216
S01006803,519,328,191
S01006804,509,354,155
S01006805,759,501,258
S01006806,751,514,237
S01006807,377,252,125
S01006808,640,433,207
S01006809,669,410,259
S01006810,704,436,268
S01006811,618,421,197
S01006812,557,397,160
S01006813,616,411,205
S01006814,667,467,200
S01006815,429,271,158
S01006816,668,459,209
S01006817,507,343,164
S01006818,514,365,149
S01006819,571,418,153
S01006820,426,295,131
S01006821,712,498,214
S01006822,572,406,166
S01006823,627,424,203
S01006824,498,319,179
S01006825,826,610,216
S01006826,858,599,259
S01006827,750,462,288
S01006828,733,501,232
S01006829,172,133,39
S01006830,476,336,140
S01006831,1045,664,381
S01006832,682,436,246
S01006833,512,305,207
S01006834,182,135,47
S01006835,849,549,300
S01006836,40,23,17
S01006837,359,240,119
S01006838,742,544,198
S01006839,687,470,217
S01006840,875,606,269
S01006841,1008,739,269
S01006842,824,570,254
S01006843,736,596,140
S01006844,561,432,129
S01006845,770,597,173
S01006846,644,498,146
S01006847,550,415,135
S01006848,624,442,182
S01006849,325,216,109
S01006850,891,671,220
S01006851,548,368,180
S01006852,450,332,118
S01006853,621,424,197
S01006854,1014,688,326
S01006855,575,399,176
S01006856,656,458,198
S01006857,733,534,199
S01006858,469,345,124
S01006859,735,463,272
S01006860,485,293,192
S01006861,183,95,88
S01006862,708,511,197
S01006863,443,275,168
S01006864,109,71,38
S01006865,695,475,220
S01006866,483,299,184
S01006867,779,459,320
S01006868,637,396,241
S01006869,402,276,126
S01006870,399,258,141
S01006871,636,420,216
S01006872,688,454,234
S01006873,740,464,276
S01006874,432,313,119
S01006875,478,294,184
S01006876,726,499,227
S01006877,760,543,217
S01006878,733,490,243
S01006879,623,434,189
S01006880,425,310,115
S01006881,414,312,102
S01006882,638,394,244
S01006883,412,280,132
S01006884,725,467,258
S01006885,500,330,170
S01006886,545,375,170
S01006887,294,212,82
S01006888,524,365,159
S01006889,514,360,154
S01006890,699,518,181
S01006891,487,349,138
S01006892,456,305,151
S01006893,801,554,247
S01006894,446,289,157
S01006895,407,287,120
S01006896,603,404,199
S01006897,799,590,209
S01006898,383,275,108
S01006899,281,221,60
S01006900,361,278,83
S01006901,615,436,179
S01006902,498,352,146
S01006903,652,406,246
S01006904,324,214,110
S01006905,685,415,270
S01006906,790,478,312
S01006907,460,301,159
S01006908,649,434,215
S01006909,196,144,52
S01006910,252,177,75
S01006911,243,188,55
S01006912,205,141,64
S01006913,381,295,86
S01006914,561,400,161
S01006915,597,456,141
S01006916,219,137,82
S01006917,89,63,26
S01006918,352,251,101
S01006919,424,279,145
S01006920,417,264,153
S01006921,323,239,84
S01006922,465,326,139
S01006923,517,345,172
S01006924,338,247,91
S01006925,425,316,109
S01006926,247,182,65
S01006927,201,149,52
S01006928,856,593,263
S01006929,949,659,290
S01006930,650,440,210
S01006931,298,196,102
S01006932,355,232,123
S01006933,666,555,111
S01006934,473,305,168
S01006935,742,527,215
S01006936,581,438,143
S01006937,707,515,192
S01006938,691,496,195
S01006939,522,368,154
S01006940,844,587,257
S01006941,664,460,204
S01006942,755,569,186
S01006943,198,132,66
S01006944,73,61,12
S01006945,808,573,235
S01006946,609,464,145
S01006947,823,634,189
S01006948,732,527,205
S01006949,510,376,134
S01006950,174,139,35
S01006951,598,445,153
S01006952,877,625,252
S01006953,913,685,228
S01006954,866,627,239
S01006955,415,310,105
S01006956,541,415,126
S01006957,616,456,160
S01006958,799,511,288
S01006959,557,346,211
S01006960,261,195,66
S01006961,235,166,69
S01006962,596,393,203
S01006963,833,599,234
S01006964,637,501,136
S01006965,420,297,123
S01006966,581,387,194
S01006967,570,433,137
S01006968,797,558,239
S01006969,764,564,200
S01006970,531,348,183
S01006971,672,438,234
S01006972,340,254,86
S01006973,435,310,125
S01006974,950,690,260
S01006975,821,591,230
S01006976,438,313,125
S01006977,643,460,183
S01006978,569,389,180
S01006979,977,668,309
S01006980,470,344,126
S01006981,592,415,177
S01006982,685,506,179
S01006983,751,548,203
S01006984,598,438,160
S01006985,957,657,300
S01006986,302,205,97
S01006987,719,484,235
S01006988,349,259,90
S01006989,534,393,141
S01006990,308,229,79
S01006991,479,276,203
S01006992,631,491,140
S01006993,528,381,147
S01006994,461,326,135
S01006995,660,445,215
S01006996,488,339,149
S01006997,431,323,108
S01006998,695,490,205
S01006999,590,405,185
S01007000,795,514,281
S01007001,648,421,227
S01007002,291,190,101
S01007003,407,286,121
S01007004,775,511,264
S01007005,673,494,179
S01007006,689,417,272
S01007007,559,379,180
S01007008,574,329,245
S01007009,961,621,340
S01007010,647,390,257
S01007011,797,461,336
S01007012,695,361,334
S01007013,676,464,212
S01007014,727,513,214
S01007015,539,369,170
S01007016,407,307,100
S01007017,775,484,291
S01007018,881,575,306
S01007019,738,461,277
S01007020,684,455,229
S01007021,950,596,354
S01007022,345,226,119
S01007023,528,314,214
S01007024,800,495,305
S01007025,785,438,347
S01007026,666,369,297
S01007027,1009,523,486
S01007028,948,551,397
S01007029,390,266,124
S01007030,681,431,250
S01007031,424,238,186
S01007032,858,509,349
S01007033,867,550,317
S01007034,694,377,317
S01007035,714,374,340
S01007036,693,409,284
S01007037,805,535,270
S01007038,596,373,223
S01007039,519,286,233
S01007040,731,421,310
S01007041,713,434,279
S01007042,623,381,242
S01007043,756,501,255
S01007044,762,469,293
S01007045,656,420,236
S01007046,392,246,146
S01007047,712,481,231
S01007048,981,620,361
S01007049,731,425,306
S01007050,703,462,241
S01007051,677,465,212
S01007052,396,265,131
S01007053,564,370,194
S01007054,753,469,284
S01007055,367,264,103
S01007056,589,422,167
S01007057,673,430,243
S01007058,587,348,239
S01007059,841,537,304
S01007060,493,304,189
S01007061,819,585,234
S01007062,533,383,150
S01007063,1007,673,334
S01007064,514,352,162
S01007065,564,389,175
S01007066,505,336,169
S01007067,996,664,332
S01007068,543,309,234
S01007069,795,565,230
S01007070,581,366,215
S01007071,839,563,276
S01007072,1157,686,471
S01007073,1363,807,556
S01007074,889,580,309
S01007075,771,475,296
S01007076,657,469,188
S01007077,657,409,248
S01007078,772,412,360
S01007079,837,455,382
S01007080,626,324,302
S01007081,781,448,333
S01007082,486,264,222
S01007083,667,297,370
S01007084,588,328,260
S01007085,824,496,328
S01007086,780,376,404
S01007087,679,352,327
S01007088,471,241,230
S01007089,434,324,110
S01007090,419,315,104
S01007091,201,128,73
S01007092,521,298,223
S01007093,821,587,234
S01007094,860,528,332
S01007095,507,342,165
S01007096,694,464,230
S01007097,648,450,198
S01007098,386,258,128
S01007099,469,310,159
S01007100,663,434,229
S01007101,882,557,325
S01007102,578,377,201
S01007103,573,336,237
S01007104,369,225,144
S01007105,474,282,192
S01007106,701,397,304
S01007107,489,341,148
S01007108,507,321,186
S01007109,714,426,288
S01007110,699,401,298
S01007111,390,239,151
S01007112,685,414,271
S01007113,568,336,232
S01007114,642,387,255
S01007115,532,351,181
S01007116,502,348,154
S01007117,476,302,174
S01007118,679,427,252
S01007119,733,456,277
S01007120,850,535,315
S01007121,478,273,205
S01007122,414,255,159
S01007123,710,393,317
S01007124,774,480,294
S01007125,579,299,280
S01007126,738,374,364
S01007127,453,261,192
S01007128,764,440,324
S01007129,504,367,137
S01007130,508,300,208
S01007131,590,379,211
S01007132,535,338,197
S01007133,487,280,207
S01007134,617,411,206
S01007135,520,346,174
S01007136,240,172,68
S01007137,114,80,34
S01007138,338,232,106
S01007139,565,398,167
S01007140,625,406,219
S01007141,434,299,135
S01007142,118,97,21
S01007143,345,218,127
S01007144,1111,732,379
S01007145,710,403,307
S01007146,644,384,260
S01007147,709,450,259
S01007148,427,308,119
S01007149,745,505,240
S01007150,610,317,293
S01007151,730,514,216
S01007152,588,364,224
S01007153,734,451,283
S01007154,607,386,221
S01007155,498,287,211
S01007156,725,496,229
S01007157,615,406,209
S01007158,650,463,187
S01007159,640,347,293
S01007160,598,375,223
S01007161,695,407,288
S01007162,282,161,121
S01007163,809,502,307
S01007164,605,381,224
S01007165,638,411,227
S01007166,839,490,349
S01007167,727,469,258
S01007168,783,497,286
S01007169,645,435,210
S01007170,533,369,164
S01007171,992,682,310
S01007172,917,656,261
S01007173,468,347,121
S01007174,488,341,147
S01007175,540,323,217
S01007176,762,450,312
S01007177,553,298,255
S01007178,689,321,368
S01007179,972,642,330
S01007180,760,378,382
S01007181,829,503,326
S01007182,894,551,343
S01007183,927,509,418
S01007184,760,445,315
S01007185,637,340,297
S01007186,480,251,229
S01007187,555,266,289
S01007188,568,312,256
S01007189,620,273,347
S01007190,664,351,313
S01007191,537,308,229
S01007192,623,331,292
S01007193,603,330,273
S01007194,423,207,216
S01007195,700,396,304
S01007196,503,255,248
S01007197,280,127,153
S01007198,337,161,176
S01007199,748,349,399
S01007200,698,438,260
S01007201,819,475,344
S01007202,617,356,261
S01007203,691,445,246
S01007204,780,475,305
S01007205,593,392,201
S01007206,256,128,128
S01007207,792,492,300
S01007208,582,345,237
S01007209,497,294,203
S01007210,745,424,321
S01007211,553,311,242
S01007212,616,377,239
S01007213,633,349,284
S01007214,634,356,278
S01007215,679,410,269
S01007216,623,367,256
S01007217,647,336,311
S01007218,583,351,232
S01007219,798,493,305
S01007220,607,355,252
S01007221,483,262,221
S01007222,845,532,313
S01007223,500,320,180
S01007224,542,319,223
S01007225,785,504,281
S01007226,692,459,233
S01007227,1012,628,384
S01007228,572,351,221
S01007229,914,594,320
S01007230,953,501,452
S01007231,549,297,252
S01007232,390,194,196
S01007233,552,348,204
S01007234,449,253,196
S01007235,744,459,285
S01007236,762,461,301
S01007237,565,351,214
S01007238,708,426,282
S01007239,937,606,331
S01007240,448,304,144
S01007241,899,579,320
S01007242,788,495,293
S01007243,941,570,371
S01007244,491,316,175
S01007245,578,367,211
S01007246,479,333,146
S01007247,803,559,244
S01007248,638,421,217
S01007249,416,259,157
S01007250,569,369,200
S01007251,445,294,151
S01007252,595,377,218
S01007253,581,361,220
S01007254,637,357,280
S01007255,765,459,306
S01007256,554,351,203
S01007257,604,372,232
S01007258,541,317,224
S01007259,661,403,258
S01007260,834,455,379
S01007261,762,482,280
S01007262,519,324,195
S01007263,933,607,326
S01007264,645,408,237
S01007265,806,490,316
S01007266,583,377,206
S01007267,430,292,138
S01007268,442,267,175
S01007269,486,338,148
S01007270,364,235,129
S01007271,819,543,276
S01007272,817,436,381
S01007273,494,294,200
S01007274,560,340,220
S01007275,566,326,240
S01007276,811,506,305
S01007277,728,451,277
S01007278,689,434,255
S01007279,499,328,171
S01007280,495,310,185
S01007281,856,532,324
S01007282,382,262,120
S01007283,599,337,262
S01007284,622,373,249
S01007285,740,503,237
S01007286,962,648,314
S01007287,411,298,113
S01007288,540,342,198
S01007289,743,546,197
S01007290,274,177,97
S01007291,429,275,154
S01007292,534,392,142
S01007293,817,540,277
S01007294,722,454,268
S01007295,430,240,190
S01007296,472,301,171
S01007297,722,513,209
S01007298,417,284,133
S01007299,694,448,246
S01007300,567,380,187
S01007301,636,403,233
S01007302,661,394,267
S01007303,732,450,282
S01007304,436,276,160
S01007305,675,447,228
S01007306,737,489,248
S01007307,720,503,217
S01007308,626,410,216
S01007309,598,394,204
S01007310,710,431,279
S01007311,720,484,236
S01007312,615,355,260
S01007313,676,445,231
S01007314,688,469,219
S01007315,567,355,212
S01007316,807,478,329
S01007317,798,527,271
S01007318,444,280,164
S01007319,608,408,200
S01007320,742,488,254
S01007321,477,285,192
S01007322,606,374,232
S01007323,420,280,140
S01007324,227,140,87
S01007325,580,334,246
S01007326,783,527,256
S01007327,701,386,315
S01007328,816,440,376
S01007329,461,294,167
S01007330,629,346,283
S01007331,674,440,234
S01007332,507,328,179
S01007333,833,468,365
S01007334,626,297,329
S01007335,754,399,355
S01007336,550,309,241
S01007337,452,236,216
S01007338,869,518,351
S01007339,620,351,269
S01007340,521,266,255
S01007341,563,289,274
S01007342,585,330,255
S01007343,556,364,192
S01007344,440,257,183
S01007345,415,165,250
S01007346,629,292,337
S01007347,851,445,406
S01007348,590,315,275
S01007349,482,277,205
S01007350,494,255,239
S01007351,491,256,235
S01007352,390,221,169
S01007353,487,265,222
S01007354,588,327,261
S01007355,955,555,400
S01007356,550,260,290
S01007357,622,370,252
S01007358,1184,827,357
S01007359,679,346,333
S01007360,584,304,280
S01007361,773,423,350
S01007362,760,396,364
S01007363,748,380,368
S01007364,753,350,403
S01007365,302,139,163
S01007366,414,182,232
S01007367,467,245,222
S01007368,467,208,259
S01007369,806,475,331
S01007370,680,392,288
S01007371,632,387,245
S01007372,682,380,302
S01007373,437,238,199
S01007374,634,397,237
S01007375,387,211,176
S01007376,777,461,316
S01007377,515,325,190
S01007378,2844,2616,228
S01007379,671,361,310
S01007380,572,367,205
S01007381,345,205,140
S01007382,750,450,300
S01007383,604,349,255
S01007384,748,428,320
S01007385,960,544,416
S01007386,653,380,273
S01007387,690,452,238
S01007388,576,387,189
S01007389,584,411,173
S01007390,277,184,93
S01007391,520,331,189
S01007392,350,206,144
S01007393,659,388,271
S01007394,536,308,228
S01007395,865,539,326
S01007396,861,529,332
S01007397,717,421,296
S01007398,518,273,245
S01007399,535,252,283
S01007400,643,369,274
S01007401,595,369,226
S01007402,549,337,212
S01007403,541,383,158
S01007404,529,334,195
S01007405,367,256,111
S01007406,538,343,195
S01007407,572,367,205
S01007408,685,433,252
S01007409,519,369,150
S01007410,654,323,331
S01007411,625,289,336
S01007412,437,222,215
S01007413,585,417,168
S01007414,252,167,85
S01007415,678,342,336
S01007416,388,177,211
S01007417,187,102,85
S01007418,528,273,255
S01007419,635,320,315
S01007420,1218,450,768
S01007421,460,252,208
S01007422,584,349,235
S01007423,281,158,123
S01007424,634,394,240
S01007425,787,499,288
S01007426,677,398,279
S01007427,621,292,329
S01007428,828,516,312
S01007429,708,428,280
S01007430,408,257,151
S01007431,519,359,160
S01007432,564,354,210
S01007433,727,425,302
S01007434,461,245,216
S01007435,608,389,219
S01007436,778,452,326
S01007437,419,246,173
S01007438,534,303,231
S01007439,730,427,303
S01007440,613,366,247
S01007441,522,372,150
S01007442,599,408,191
S01007443,720,402,318
S01007444,1035,610,425
S01007445,572,370,202
S01007446,544,309,235
S01007447,497,321,176
S01007448,785,466,319
S01007449,760,376,384
S01007450,926,522,404
S01007451,529,323,206
S01007452,539,291,248
S01007453,74,25,49
S01007454,427,216,211
S01007455,654,344,310
S01007456,783,392,391
S01007457,496,243,253
S01007458,646,385,261
S01007459,692,381,311
S01007460,671,349,322
S01007461,705,320,385
S01007462,706,359,347
S01007463,757,308,449
S01007464,828,368,460
S01007465,589,246,343
S01007466,760,415,345
S01007467,727,392,335
S01007468,915,663,252
S01007469,532,317,215
S01007470,453,206,247
S01007471,365,224,141
S01007472,799,421,378
S01007473,352,167,185
S01007474,341,220,121
S01007475,401,235,166
S01007476,577,300,277
S01007477,592,345,247
S01007478,666,429,237
S01007479,319,199,120
S01007480,657,455,202
S01007481,754,424,330
S01007482,558,254,304
S01007483,774,456,318
S01007484,671,362,309
S01007485,625,303,322
S01007486,630,253,377
S01007487,890,491,399
S01007488,746,484,262
S01007489,638,347,291
S01007490,910,471,439
S01007491,536,320,216
S01007492,518,296,222
S01007493,698,423,275
S01007494,600,347,253
S01007495,538,346,192
S01007496,823,468,355
S01007497,475,284,191
S01007498,852,459,393
S01007499,621,368,253
S01007500,572,292,280
S01007501,492,249,243
S01007502,498,295,203
S01007503,798,463,335
S01007504,838,502,336
S01007505,317,201,116
S01007506,415,240,175
S01007507,1078,601,477
S01007508,534,284,250
S01007509,550,312,238
S01007510,690,333,357
S01007511,855,416,439
S01007512,407,215,192
S01007513,790,458,332
S01007514,431,244,187
S01007515,427,254,173
S01007516,563,285,278
S01007517,403,207,196
S01007518,649,343,306
S01007519,438,236,202
S01007520,706,368,338
S01007521,535,312,223
S01007522,807,455,352
S01007523,394,215,179
S01007524,686,439,247
S01007525,414,248,166
S01007526,669,336,333
S01007527,1075,631,444
S01007528,709,437,272
S01007529,599,339,260
S01007530,399,244,155
S01007531,587,355,232
S01007532,382,231,151
S01007533,557,344,213
S01007534,1009,563,446
S01007535,634,347,287
S01007536,788,473,315
S01007537,1038,643,395
S01007538,557,370,187
S01007539,608,322,286
S01007540,596,321,275
S01007541,826,493,333
S01007542,690,380,310
S01007543,957,548,409
S01007544,1006,529,477
S01007545,961,560,401
S01007546,454,294,160
S01007547,400,264,136
S01007548,646,394,252
S01007549,572,320,252
S01007550,914,510,404
S01007551,984,578,406
S01007552,759,367,392
S01007553,757,346,411
S01007554,663,268,395
S01007555,538,290,248
S01007556,546,298,248
S01007557,860,441,419
S01007558,406,199,207
S01007559,565,345,220
S01007560,745,451,294
S01007561,742,418,324
S01007562,579,377,202
S01007563,779,468,311
S01007564,897,552,345
S01007565,743,459,284
S01007566,556,370,186
S01007567,379,254,125
S01007568,570,366,204
S01007569,689,426,263
S01007570,730,465,265
S01007571,420,257,163
S01007572,518,302,216
S01007573,74,50,24
S01007574,1076,650,426
S01007575,660,311,349
S01007576,790,362,428
S01007577,667,335,332
S01007578,625,302,323
S01007579,367,207,160
S01007580,664,348,316
S01007581,449,237,212
S01007582,656,354,302
S01007583,876,390,486
S01007584,619,308,311
S01007585,775,395,380
S01007586,678,343,335
S01007587,612,295,317
S01007588,707,429,278
S01007589,862,494,368
S01007590,457,254,203
S01007591,647,370,277
S01007592,768,439,329
S01007593,746,413,333
S01007594,656,446,210
S01007595,720,447,273
S01007596,578,302,276
S01007597,459,286,173
S01007598,800,535,265
S01007599,483,263,220
S01007600,706,414,292
S01007601,501,398,103
S01007602,790,606,184
S01007603,732,554,178
S01007604,790,554,236
S01007605,891,608,283
S01007606,455,315,140
S01007607,760,538,222
S01007608,800,519,281
S01007609,651,363,288
S01007610,566,335,231
S01007611,756,419,337
S01007612,767,404,363
S01007613,750,468,282
S01007614,621,380,241
S01007615,905,557,348
S01007616,693,426,267
S01007617,558,324,234
S01007618,616,346,270
S01007619,587,315,272
S01007620,658,415,243
S01007621,554,333,221
S01007622,614,369,245
S01007623,375,241,134
S01007624,571,411,160
S01007625,550,392,158
S01007626,381,328,53
S01007627,187,119,68
S01007628,655,393,262
S01007629,541,335,206
S01007630,630,432,198
S01007631,451,276,175
S01007632,1194,770,424
S01007633,1126,701,425
S01007634,494,307,187
S01007635,576,324,252
S01007636,908,538,370
S01007637,1053,638,415
S01007638,746,417,329
S01007639,732,452,280
S01007640,451,306,145
S01007641,492,288,204
S01007642,765,462,303
S01007643,675,379,296
S01007644,642,373,269
S01007645,604,355,249
S01007646,539,291,248
S01007647,816,543,273
S01007648,807,564,243
S01007649,565,403,162
S01007650,773,496,277
S01007651,564,374,190
S01007652,597,378,219
S01007653,825,553,272
S01007654,897,550,347
S01007655,590,370,220
S01007656,719,461,258
S01007657,500,331,169
S01007658,467,284,183
S01007659,718,433,285
S01007660,969,603,366
S01007661,581,363,218
S01007662,721,402,319
S01007663,820,473,347
S01007664,408,227,181
S01007665,504,278,226
S01007666,227,155,72
S01007667,390,231,159
S01007668,934,557,377
S01007669,457,256,201
S01007670,672,397,275
S01007671,494,327,167
S01007672,772,445,327
S01007673,521,338,183
S01007674,850,539,311
S01007675,524,346,178
S01007676,416,279,137
S01007677,111,69,42
S01007678,561,298,263
S01007679,668,332,336
S01007680,708,492,216
S01007681,412,265,147
S01007682,813,484,329
S01007683,924,490,434
S01007684,909,523,386
S01007685,947,441,506
S01007686,877,525,352
S01007687,814,393,421
S01007688,985,371,614
S01007689,550,236,314
S01007690,1172,344,828
S01007691,1876,346,1530
S01007692,825,273,552
S01007693,632,205,427
S01007694,335,130,205
S01007695,779,344,435
S01007696,736,288,448
S01007697,973,448,525
S01007698,929,413,516
S01007699,643,256,387
S01007700,735,445,290
S01007701,353,125,228
S01007702,297,113,184
S01007703,926,456,470
S01007704,1096,339,757
S01007705,748,141,607
S01007706,707,169,538
S01007707,235,78,157
S01007708,857,429,428
S01007709,631,263,368
S01007710,989,343,646
S01007711,1045,382,663
S01007712,774,355,419
S01007713,492,207,285
S01007714,493,307,186
S01007715,444,154,290
S01007716,818,300,518
S01007717,692,315,377
S01007718,747,309,438
S01007719,1140,607,533
S01007720,842,378,464
S01007721,816,397,419
S01007722,726,317,409
S01007723,795,291,504
S01007724,585,306,279
S01007725,1025,445,580
S01007726,696,282,414
S01007727,606,259,347
S01007728,840,393,447
S01007729,765,414,351
S01007730,729,435,294
S01007731,394,194,200
S01007732,479,196,283
S01007733,706,447,259
S01007734,656,417,239
S01007735,660,434,226
S01007736,654,374,280
S01007737,678,344,334
S01007738,799,419,380
S01007739,479,228,251
S01007740,537,333,204
S01007741,563,294,269
S01007742,522,255,267
S01007743,657,358,299
S01007744,563,241,322
S01007745,725,358,367
S01007746,689,367,322
S01007747,613,282,331
S01007748,487,215,272
S01007749,755,467,288
S01007750,825,438,387
S01007751,569,298,271
S01007752,788,399,389
S01007753,713,335,378
S01007754,1009,523,486
S01007755,587,271,316
S01007756,669,305,364
S01007757,1023,593,430
S01007758,760,401,359
S01007759,938,531,407
S01007760,750,430,320
S01007761,737,467,270
S01007762,568,353,215
S01007763,535,287,248
S01007764,773,533,240
S01007765,805,475,330
S01007766,878,527,351
S01007767,801,505,296
S01007768,529,310,219
S01007769,614,372,242
S01007770,618,368,250
S01007771,689,405,284
S01007772,899,474,425
S01007773,660,426,234
S01007774,104,90,14
S01007775,777,538,239
S01007776,381,293,88
S01007777,272,214,58
S01007778,259,160,99
S01007779,668,485,183
S01007780,626,506,120
S01007781,590,458,132
S01007782,497,284,213
S01007783,697,250,447
S01007784,599,414,185
S01007785,315,115,200
S01007786,723,385,338
S01007787,578,303,275
S01007788,502,160,342
S01007789,432,201,231
S01007790,488,238,250
S01007791,164,117,47
S01007792,810,454,356
S01007793,730,328,402
S01007794,949,538,411
S01007795,688,383,305
S01007796,686,304,382
S01007797,618,287,331
S01007798,278,191,87
S01007799,168,129,39
S01007800,701,300,401
S01007801,738,220,518
S01007802,479,346,133
S01007803,770,287,483
S01007804,523,204,319
S01007805,590,250,340
S01007806,742,377,365
S01007807,687,462,225
S01007808,663,339,324
S01007809,998,604,394
S01007810,728,354,374
S01007811,644,313,331
S01007812,532,212,320
S01007813,800,402,398
S01007814,650,362,288
S01007815,913,548,365
S01007816,594,419,175
S01007817,693,395,298
S01007818,704,470,234
S01007819,612,356,256
S01007820,818,456,362
S01007821,584,342,242
S01007822,771,483,288
S01007823,658,417,241
S01007824,913,524,389
S01007825,959,507,452
S01007826,475,174,301
S01007827,542,352,190
S01007828,930,503,427
S01007829,596,258,338
S01007830,824,382,442
S01007831,685,335,350
S01007832,710,296,414
S01007833,755,306,449
S01007834,591,296,295
S01007835,587,363,224
S01007836,658,351,307
S01007837,1026,601,425
S01007838,996,428,568
S01007839,604,292,312
S01007840,767,407,360
S01007841,743,413,330
S01007842,933,442,491
S01007843,789,357,432
S01007844,1019,597,422
S01007845,707,351,356
S01007846,577,289,288
S01007847,1067,475,592
S01007848,775,353,422
S01007849,733,361,372
S01007850,606,282,324
S01007851,739,320,419
S01007852,950,465,485
S01007853,561,238,323
S01007854,826,368,458
S01007855,583,268,315
S01007856,671,398,273
S01007857,370,192,178
S01007858,621,254,367
S01007859,416,194,222
S01007860,163,74,89
S01007861,866,455,411
S01007862,846,450,396
S01007863,634,303,331
S01007864,739,365,374
S01007865,492,281,211
S01007866,426,367,59
S01007867,380,212,168
S01007868,1070,686,384
S01007869,898,571,327
S01007870,471,290,181
S01007871,911,378,533
S01007872,590,211,379
S01007873,546,318,228
S01007874,612,291,321
S01007875,553,309,244
S01007876,607,329,278
S01007877,664,360,304
S01007878,578,261,317
S01007879,937,418,519
S01007880,465,293,172
S01007881,481,247,234
S01007882,754,517,237
S01007883,703,402,301
S01007884,661,349,312
S01007885,751,345,406
S01007886,681,353,328
S01007887,522,312,210
S01007888,839,406,433
S01007889,867,395,472
S01007890,572,283,289
S01007891,608,355,253
S01007892,850,506,344
S01007893,877,573,304
S01007894,815,487,328
S01007895,597,324,273
S01007896,829,423,406
S01007897,578,387,191
S01007898,535,344,191
S01007899,418,255,163
S01007900,422,191,231
S01007901,579,286,293
S01007902,801,317,484
S01007903,611,280,331
S01007904,583,339,244
S01007905,627,269,358
S01007906,652,262,390
S01007907,649,291,358
S01007908,910,512,398
S01007909,378,205,173
S01007910,832,395,437
S01007911,678,367,311
S01007912,677,319,358
S01007913,904,415,489
S01007914,666,336,330
S01007915,695,418,277
S01007916,848,398,450
S01007917,1011,537,474
S01007918,847,466,381
S01007919,539,381,158
S01007920,457,324,133
S01007921,923,406,517
S01007922,1012,438,574
S01007923,556,304,252
S01007924,846,396,450
S01007925,468,310,158
S01007926,544,385,159
S01007927,438,297,141
S01007928,875,559,316
S01007929,781,514,267
S01007930,410,290,120
S01007931,777,492,285
S01007932,736,467,269
S01007933,1011,628,383
S01007934,473,264,209
S01007935,815,505,310
S01007936,673,494,179
S01007937,918,643,275
S01007938,653,352,301
S01007939,811,382,429
S01007940,1252,773,479
S01007941,509,367,142
S01007942,165,88,77
S01007943,777,474,303
S01007944,762,456,306
S01007945,865,491,374
S01007946,765,422,343
S01007947,821,480,341
S01007948,606,292,314
S01007949,794,512,282
S01007950,820,554,266
S01007951,675,364,311
S01007952,623,380,243
S01007953,766,416,350
S01007954,572,265,307
S01007955,1294,568,726
S01007956,724,365,359
S01007957,926,523,403
S01007958,771,395,376
S01007959,1542,792,750
S01007960,479,277,202
S01007961,1363,666,697
S01007962,747,410,337
S01007963,752,308,444
S01007964,590,271,319
S01007965,615,323,292
S01007966,719,347,372
S01007967,615,305,310
S01007968,839,448,391
S01007969,644,327,317
S01007970,812,413,399
S01007971,813,380,433
S01007972,876,481,395
S01007973,835,570,265
S01007974,744,333,411
S01007975,482,244,238
S01007976,733,357,376
S01007977,415,247,168
S01007978,674,431,243
S01007979,592,361,231
S01007980,594,311,283
S01007981,622,358,264
S01007982,586,358,228
S01007983,1193,567,626
S01007984,740,392,348
S01007985,749,410,339
S01007986,476,282,194
S01007987,889,593,296
S01007988,806,481,325
S01007989,598,370,228
S01007990,893,564,329
S01007991,529,401,128
S01007992,537,419,118
S01007993,811,589,222
S01007994,234,187,47
S01007995,577,442,135
S01007996,300,200,100
S01007997,568,372,196
S01007998,511,292,219
S01007999,606,291,315
S01008000,610,314,296
S01008001,669,292,377
S01008002,789,356,433
S01008003,525,302,223
S01008004,80,46,34
S01008005,73,48,25
S01008006,444,155,289
S01008007,473,251,222
S01008008,412,151,261
S01008009,595,257,338
S01008010,853,427,426
S01008011,496,166,330
S01008012,679,373,306
S01008013,519,334,185
S01008014,584,396,188
S01008015,609,334,275
S01008016,593,312,281
S01008017,706,411,295
S01008018,748,453,295
S01008019,755,441,314
S01008020,666,437,229
S01008021,515,340,175
S01008022,718,462,256
S01008023,744,519,225
S01008024,116,85,31
S01008025,698,507,191
S01008026,910,513,397
S01008027,702,409,293
S01008028,267,156,111
S01008029,828,553,275
S01008030,758,466,292
S01008031,790,458,332
S01008032,954,582,372
S01008033,855,595,260
S01008034,805,608,197
S01008035,790,537,253
S01008036,543,355,188
S01008037,1106,673,433
S01008038,798,463,335
S01008039,746,456,290
S01008040,631,368,263
S01008041,691,414,277
S01008042,642,393,249
S01008043,905,518,387
S01008044,882,542,340
S01008045,916,541,375
S01008046,815,389,426
S01008047,521,309,212
S01008048,528,309,219
S01008049,726,410,316
S01008050,521,276,245
S01008051,913,619,294
S01008052,629,425,204
S01008053,621,379,242
S01008054,505,289,216
S01008055,677,420,257
S01008056,825,489,336
S01008057,954,538,416
S01008058,703,476,227
S01008059,580,416,164
S01008060,1513,980,533
S01008061,792,492,300
S01008062,837,537,300
S01008063,710,441,269
S01008064,727,433,294
S01008065,896,577,319
S01008066,753,454,299
S01008067,487,291,196
S01008068,959,595,364
S01008069,934,591,343
S01008070,930,634,296
S01008071,761,509,252
S01008072,604,368,236
S01008073,352,208,144
S01008074,732,470,262
S01008075,444,262,182
S01008076,697,388,309
S01008077,766,450,316
S01008078,617,350,267
S01008079,718,440,278
S01008080,621,373,248
S01008081,527,339,188
S01008082,767,487,280
S01008083,685,409,276
S01008084,703,434,269
S01008085,932,620,312
S01008086,882,595,287
S01008087,946,558,388
S01008088,743,455,288
S01008089,813,503,310
S01008090,578,326,252
S01008091,461,296,165
S01008092,809,422,387
S01008093,629,329,300
S01008094,813,343,470
S01008095,825,485,340
S01008096,601,323,278
S01008097,579,332,247
S01008098,578,341,237
S01008099,371,250,121
S01008100,811,480,331
S01008101,862,568,294
S01008102,555,350,205
S01008103,497,254,243
S01008104,829,483,346
S01008105,899,502,397
S01008106,722,336,386
S01008107,443,314,129
S01008108,794,579,215
S01008109,772,524,248
S01008110,704,448,256
S01008111,727,422,305
S01008112,825,456,369
S01008113,803,481,322
S01008114,744,441,303
S01008115,748,530,218
S01008116,1248,700,548
S01008117,667,405,262
S01008118,1327,644,683
S01008119,594,327,267
S01008120,509,290,219
S01008121,522,322,200
S01008122,1127,560,567
S01008123,809,506,303
S01008124,794,555,239
S01008125,950,648,302
S01008126,790,577,213
S01008127,411,257,154
S01008128,893,551,342
S01008129,695,397,298
S01008130,736,438,298
S01008131,580,347,233
S01008132,857,508,349
S01008133,577,330,247
S01008134,513,329,184
S01008135,1067,674,393
S01008136,1140,704,436
S01008137,807,388,419
S01008138,627,280,347
S01008139,885,439,446
S01008140,616,329,287
S01008141,925,610,315
S01008142,819,576,243
S01008143,1017,575,442
S01008144,900,609,291
S01008145,840,434,406
S01008146,598,280,318
S01008147,771,495,276
S01008148,777,539,238
S01008149,720,409,311
S01008150,1010,561,449
S01008151,756,410,346
S01008152,918,474,444
S01008153,606,425,181
S01008154,814,498,316
S01008155,685,444,241
S01008156,784,482,302
S01008157,762,491,271
S01008158,831,626,205
S01008159,840,434,406
S01008160,686,371,315
S01008161,863,500,363
S01008162,1078,558,520
S01008163,676,378,298
S01008164,472,287,185
S01008165,194,130,64
S01008166,520,321,199
S01008167,704,395,309
S01008168,743,443,300
S01008169,556,353,203
S01008170,505,370,135
S01008171,661,359,302
S01008172,440,286,154
S01008173,583,440,143
S01008174,440,321,119
S01008175,567,391,176
S01008176,609,444,165
S01008177,591,334,257
S01008178,572,402,170
S01008179,256,219,37
S01008180,364,283,81
S01008181,472,312,160
S01008182,923,634,289
S01008183,795,532,263
S01008184,646,454,192
S01008185,871,523,348
S01008186,744,369,375
S01008187,476,247,229
S01008188,1024,624,400
S01008189,759,463,296
S01008190,742,424,318
S01008191,608,383,225
S01008192,832,494,338
S01008193,639,405,234
S01008194,423,269,154
S01008195,786,474,312
S01008196,590,358,232
S01008197,200,125,75
S01008198,529,306,223
S01008199,563,295,268
S01008200,676,355,321
S01008201,939,514,425
S01008202,575,358,217
S01008203,418,258,160
S01008204,755,366,389
S01008205,576,338,238
S01008206,832,445,387
S01008207,552,314,238
S01008208,265,148,117
S01008209,131,71,60
S01008210,1002,648,354
S01008211,742,481,261
S01008212,514,428,86
S01008213,587,449,138
S01008214,571,324,247
S01008215,827,543,284
S01008216,628,478,150
S01008217,513,357,156
S01008218,408,313,95
S01008219,759,492,267
S01008220,455,258,197
S01008221,576,284,292
S01008222,530,295,235
S01008223,447,253,194
S01008224,720,552,168
S01008225,606,421,185
S01008226,590,325,265
S01008227,717,432,285
S01008228,469,296,173
S01008229,640,377,263
S01008230,398,330,68
S01008231,68,44,24
S01008232,213,173,40
S01008233,288,199,89
S01008234,559,336,223
S01008235,683,437,246
S01008236,800,574,226
S01008237,663,438,225
S01008238,741,455,286
S01008239,451,278,173
S01008240,1065,722,343
S01008241,794,514,280
S01008242,895,549,346
S01008243,568,345,223
S01008244,597,357,240
S01008245,851,581,270
S01008246,922,679,243
S01008247,619,426,193
S01008248,880,582,298
S01008249,591,386,205
S01008250,647,440,207
S01008251,636,466,170
S01008252,827,549,278
S01008253,580,369,211
S01008254,931,573,358
S01008255,782,507,275
S01008256,788,496,292
S01008257,551,322,229
S01008258,879,614,265
S01008259,784,481,303
S01008260,657,393,264
S01008261,838,536,302
S01008262,592,413,179
S01008263,307,191,116
S01008264,441,258,183
S01008265,434,249,185
S01008266,573,291,282
S01008267,475,291,184
S01008268,434,231,203
S01008269,620,299,321
S01008270,702,389,313
S01008271,502,326,176
S01008272,619,404,215
S01008273,702,437,265
S01008274,685,384,301
S01008275,529,327,202
S01008276,462,331,131
S01008277,491,339,152
S01008278,592,413,179
S01008279,539,336,203
S01008280,909,604,305
S01008281,627,447,180
S01008282,490,322,168
S01008283,319,209,110
S01008284,494,301,193
S01008285,554,275,279
S01008286,980,603,377
S01008287,635,395,240
S01008288,707,427,280
S01008289,562,337,225
S01008290,640,391,249
S01008291,856,547,309
S01008292,474,299,175
S01008293,163,101,62
S01008294,288,178,110
S01008295,924,624,300
S01008296,518,285,233
S01008297,418,244,174
S01008298,890,591,299
S01008299,748,361,387
S01008300,689,392,297
S01008301,868,626,242
S01008302,614,396,218
S01008303,554,339,215
S01008304,390,245,145
S01008305,670,458,212
S01008306,510,355,155
S01008307,585,380,205
S01008308,488,294,194
S01008309,639,308,331
S01008310,712,421,291
S01008311,439,223,216
S01008312,445,251,194
S01008313,782,336,446
S01008314,634,352,282
S01008315,516,268,248
S01008316,612,308,304
S01008317,398,245,153
S01008318,1058,699,359
S01008319,482,222,260
S01008320,567,306,261
S01008321,568,407,161
S01008322,1222,731,491
S01008323,661,302,359
S01008324,482,250,232
S01008325,836,476,360
S01008326,780,367,413
S01008327,855,430,425
S01008328,625,455,170
S01008329,842,578,264
S01008330,849,538,311
S01008331,556,402,154
S01008332,745,436,309
S01008333,712,408,304
S01008334,560,341,219
S01008335,618,304,314
S01008336,621,333,288
S01008337,356,225,131
S01008338,505,394,111
S01008339,426,336,90
S01008340,596,435,161
S01008341,442,309,133
S01008342,791,495,296
S01008343,755,440,315
S01008344,541,308,233
S01008345,944,559,385
S01008346,770,457,313
S01008347,864,473,391
S01008348,757,457,300
S01008349,723,457,266
S01008350,653,359,294
S01008351,799,477,322
S01008352,648,390,258
S01008353,290,161,129
S01008354,579,393,186
S01008355,838,500,338
S01008356,685,453,232
S01008357,673,435,238
S01008358,666,394,272
S01008359,590,381,209
S01008360,830,533,297
S01008361,603,422,181
S01008362,749,556,193
S01008363,626,417,209
S01008364,613,388,225
S01008365,754,458,296
S01008366,657,358,299
S01008367,636,361,275
S01008368,626,432,194
S01008369,631,423,208
S01008370,504,327,177
S01008371,652,430,222
S01008372,657,444,213
S01008373,840,548,292
S01008374,626,397,229
S01008375,554,359,195
S01008376,421,276,145
S01008377,672,438,234
S01008378,701,466,235
S01008379,401,234,167
S01008380,461,307,154
S01008381,774,510,264
S01008382,675,451,224
S01008383,468,309,159
S01008384,701,455,246
S01008385,483,295,188
S01008386,719,469,250
S01008387,638,441,197
S01008388,435,328,107
S01008389,480,234,246
S01008390,559,349,210
S01008391,496,290,206
S01008392,635,436,199
S01008393,558,341,217
S01008394,766,464,302
S01008395,596,394,202
S01008396,626,361,265
S01008397,784,498,286
S01008398,672,421,251
S01008399,478,248,230
S01008400,801,466,335
S01008401,860,479,381
S01008402,698,418,280
S01008403,665,388,277
S01008404,768,481,287
S01008405,613,397,216
S01008406,754,435,319
S01008407,346,169,177
S01008408,557,391,166
S01008409,746,470,276
S01008410,554,313,241
S01008411,848,548,300
S01008412,464,263,201
S01008413,397,225,172
S01008414,477,309,168
S01008415,735,433,302
S01008416,827,508,319
S01008417,566,393,173
S01008418,591,411,180
S01008419,342,238,104
S01008420,437,287,150
S01008421,576,356,220
S01008422,674,435,239
S01008423,703,460,243
S01008424,913,528,385
S01008425,2446,582,1864
S01008426,867,516,351
S01008427,989,738,251
S01008428,659,377,282
S01008429,704,373,331
S01008430,867,530,337
S01008431,829,534,295
S01008432,880,541,339
S01008433,732,545,187
S01008434,920,668,252
S01008435,944,655,289
S01008436,644,411,233
S01008437,903,532,371
S01008438,828,539,289
S01008439,770,505,265
S01008440,867,539,328
S01008441,597,393,204
S01008442,431,309,122
S01008443,461,258,203
S01008444,894,579,315
S01008445,917,653,264
S01008446,1053,557,496
S01008447,516,328,188
S01008448,600,361,239
S01008449,456,256,200
S01008450,291,156,135
S01008451,723,383,340
S01008452,532,218,314
S01008453,343,141,202
S01008454,877,506,371
S01008455,920,494,426
S01008456,803,396,407
S01008457,723,404,319
S01008458,638,427,211
S01008459,583,308,275
S01008460,786,375,411
S01008461,682,329,353
S01008462,507,221,286
S01008463,678,358,320
S01008464,743,519,224
S01008465,744,504,240
S01008466,656,458,198
S01008467,677,498,179
S01008468,744,400,344
S01008469,417,229,188
S01008470,694,338,356
S01008471,556,279,277
S01008472,514,275,239
S01008473,495,279,216
S01008474,606,272,334
S01008475,560,294,266
S01008476,552,262,290
S01008477,834,446,388
S01008478,674,367,307
S01008479,793,386,407
S01008480,326,167,159
S01008481,1083,495,588
S01008482,980,405,575
S01008483,652,369,283
S01008484,702,449,253
S01008485,849,586,263
S01008486,679,436,243
S01008487,382,258,124
S01008488,560,313,247
S01008489,744,455,289
S01008490,918,633,285
S01008491,599,373,226
S01008492,415,254,161
S01008493,675,411,264
S01008494,644,409,235
S01008495,886,640,246
S01008496,1050,813,237
S01008497,819,638,181
S01008498,671,432,239
S01008499,910,579,331
S01008500,243,143,100
S01008501,498,363,135
S01008502,586,451,135
S01008503,723,532,191
S01008504,1125,817,308
S01008505,819,603,216
S01008506,791,517,274
S01008507,721,433,288
S01008508,779,506,273
S01008509,699,481,218
S01008510,625,407,218
S01008511,714,469,245
S01008512,735,471,264
S01008513,663,324,339
S01008514,532,324,208
S01008515,696,485,211
S01008516,1325,700,625
S01008517,785,491,294
S01008518,881,602,279
S01008519,746,508,238
S01008520,922,561,361
S01008521,621,398,223
S01008522,466,303,163
S01008523,203,157,46
S01008524,880,450,430
S01008525,659,349,310
S01008526,618,360,258
S01008527,550,392,158
S01008528,503,358,145
S01008529,611,341,270
S01008530,793,416,377
S01008531,734,383,351
S01008532,475,287,188
S01008533,330,225,105
S01008534,632,478,154
S01008535,530,372,158
S01008536,549,346,203
S01008537,543,317,226
S01008538,478,290,188
S01008539,790,513,277
S01008540,758,467,291
S01008541,742,493,249
S01008542,863,608,255
S01008543,745,545,200
S01008544,438,350,88
S01008545,537,354,183
S01008546,694,461,233
S01008547,920,729,191
S01008548,798,593,205
S01008549,967,712,255
S01008550,823,626,197
S01008551,789,548,241
S01008552,895,614,281
S01008553,589,315,274
S01008554,611,267,344
S01008555,719,311,408
S01008556,828,385,443
S01008557,586,258,328
S01008558,647,305,342
S01008559,583,312,271
S01008560,578,328,250
S01008561,698,435,263
S01008562,505,218,287
S01008563,894,514,380
S01008564,774,493,281
S01008565,728,349,379
S01008566,762,447,315
S01008567,495,257,238
S01008568,650,439,211
S01008569,558,239,319
S01008570,719,350,369
S01008571,655,359,296
S01008572,697,415,282
S01008573,696,511,185
S01008574,722,526,196
S01008575,592,404,188
S01008576,794,554,240
S01008577,823,499,324
S01008578,663,426,237
S01008579,679,417,262
S01008580,638,395,243
S01008581,740,388,352
S01008582,998,577,421
S01008583,564,282,282
S01008584,844,473,371
S01008585,682,341,341
S01008586,611,327,284
S01008587,696,329,367
S01008588,758,475,283
S01008589,258,155,103
S01008590,393,228,165
S01008591,781,498,283
S01008592,645,277,368
S01008593,642,416,226
S01008594,658,394,264
S01008595,804,388,416
S01008596,745,321,424
S01008597,824,465,359
S01008598,922,451,471
S01008599,751,446,305
S01008600,2652,394,2258
S01008601,2572,259,2313
S01008602,502,257,245
S01008603,929,448,481
S01008604,808,479,329
S01008605,687,408,279
S01008606,764,469,295
S01008607,425,241,184
S01008608,531,330,201
S01008609,706,410,296
S01008610,880,374,506
S01008611,1113,469,644
S01008612,642,323,319
S01008613,818,463,355
S01008614,838,333,505
S01008615,705,283,422
S01008616,766,274,492
S01008617,868,355,513
S01008618,687,232,455
S01008619,458,204,254
S01008620,718,279,439
S01008621,800,297,503
S01008622,852,381,471
S01008623,943,422,521
S01008624,479,261,218
S01008625,420,256,164
S01008626,817,559,258
S01008627,533,338,195
S01008628,552,333,219
S01008629,735,405,330
S01008630,530,310,220
S01008631,725,491,234
S01008632,1145,610,535
S01008633,784,451,333
S01008634,577,349,228
S01008635,633,369,264
S01008636,643,406,237
S01008637,554,325,229
S01008638,1036,454,582
S01008639,1076,709,367
S01008640,1066,675,391
S01008641,953,505,448
S01008642,857,520,337
S01008643,878,559,319
S01008644,551,334,217
S01008645,864,531,333
S01008646,1079,703,376
S01008647,620,468,152
S01008648,790,490,300
S01008649,1096,721,375
S01008650,846,589,257
S01008651,742,457,285
S01008652,701,417,284
S01008653,601,352,249
S01008654,1058,663,395
S01008655,589,348,241
S01008656,892,503,389
S01008657,708,400,308
S01008658,958,566,392
S01008659,1063,608,455
S01008660,1030,596,434
S01008661,922,521,401
S01008662,910,347,563
S01008663,918,403,515
S01008664,879,476,403
S01008665,1028,406,622
S01008666,751,317,434
S01008667,802,430,372
S01008668,928,354,574
S01008669,596,192,404
S01008670,1080,400,680
S01008671,1078,411,667
S01008672,567,274,293
S01008673,718,335,383
S01008674,1004,407,597
S01008675,746,451,295
S01008676,833,494,339
S01008677,670,385,285
S01008678,997,329,668
S01008679,955,381,574
S01008680,730,292,438
S01008681,793,318,475
S01008682,774,348,426
S01008683,1389,429,960
S01008684,2716,355,2361
S01008685,651,344,307
S01008686,848,488,360
S01008687,717,491,226
S01008688,715,479,236
S01008689,1037,745,292
S01008690,852,618,234
S01008691,1082,787,295
S01008692,899,671,228
S01008693,482,305,177
S01008694,1086,814,272
S01008695,746,516,230
S01008696,525,360,165
S01008697,664,432,232
S01008698,521,335,186
S01008699,839,468,371
S01008700,480,286,194
S01008701,295,126,169
S01008702,210,111,99
S01008703,542,199,343
S01008704,692,272,420
S01008705,316,152,164
S01008706,534,231,303
S01008707,749,309,440
S01008708,571,247,324
S01008709,776,399,377
S01008710,253,150,103
S01008711,542,265,277
S01008712,804,296,508
S01008713,479,232,247
S01008714,532,271,261
S01008715,597,306,291
S01008716,487,239,248
S01008717,415,312,103
S01008718,443,287,156
S01008719,833,611,222
S01008720,433,241,192
S01008721,633,514,119
S01008722,781,445,336
S01008723,576,397,179
S01008724,668,408,260
S01008725,558,371,187
S01008726,828,552,276
S01008727,864,545,319
S01008728,382,247,135
S01008729,580,407,173
S01008730,797,537,260
S01008731,416,230,186
S01008732,606,375,231
S01008733,698,498,200
S01008734,636,421,215
S01008735,864,537,327
S01008736,519,280,239
S01008737,558,331,227
S01008738,647,387,260
S01008739,458,303,155
S01008740,616,408,208
S01008741,877,571,306
S01008742,548,334,214
S01008743,751,462,289
S01008744,703,397,306
S01008745,407,266,141
S01008746,791,405,386
S01008747,421,247,174
S01008748,797,484,313
S01008749,875,519,356
S01008750,605,375,230
S01008751,846,483,363
S01008752,736,349,387
S01008753,499,256,243
S01008754,556,323,233
S01008755,638,390,248
S01008756,633,316,317
S01008757,532,219,313
S01008758,725,323,402
S01008759,518,213,305
S01008760,906,491,415
S01008761,434,251,183
S01008762,479,349,130
S01008763,678,502,176
S01008764,498,356,142
S01008765,972,711,261
S01008766,1069,744,325
S01008767,673,422,251
S01008768,498,341,157
S01008769,181,132,49
S01008770,69,66,3
S01008771,69,66,3
S01008772,816,515,301
S01008773,720,450,270
S01008774,660,409,251
S01008775,437,279,158
S01008776,1044,603,441
S01008777,760,409,351
S01008778,557,437,120
S01008779,339,259,80
S01008780,314,217,97
S01008781,293,202,91
S01008782,446,356,90
S01008783,267,200,67
S01008784,480,342,138
S01008785,645,324,321
S01008786,734,470,264
S01008787,442,227,215
S01008788,353,253,100
S01008789,464,215,249
S01008790,572,342,230
S01008791,324,216,108
S01008792,798,490,308
S01008793,652,402,250
S01008794,580,333,247
S01008795,852,591,261
S01008796,844,489,355
S01008797,800,568,232
S01008798,806,509,297
S01008799,184,97,87
S01008800,684,479,205
S01008801,755,548,207
S01008802,912,604,308
S01008803,922,545,377
S01008804,565,325,240
S01008805,534,334,200
S01008806,631,426,205
S01008807,869,611,258
S01008808,615,394,221
S01008809,676,423,253
S01008810,884,594,290
S01008811,645,414,231
S01008812,760,544,216
S01008813,634,377,257
S01008814,966,647,319
S01008815,936,622,314
S01008816,173,84,89
S01008817,541,386,155
S01008818,733,503,230
S01008819,766,577,189
S01008820,973,640,333
S01008821,583,427,156
S01008822,614,428,186
S01008823,657,473,184
S01008824,929,673,256
S01008825,456,331,125
S01008826,542,379,163
S01008827,752,481,271
S01008828,736,457,279
S01008829,761,461,300
S01008830,930,625,305
S01008831,761,479,282
S01008832,434,239,195
S01008833,754,544,210
S01008834,882,583,299
S01008835,777,500,277
S01008836,392,217,175
S01008837,822,601,221
S01008838,805,608,197
S01008839,936,663,273
S01008840,867,581,286
S01008841,374,288,86
S01008842,150,107,43
S01008843,607,409,198
S01008844,396,286,110
S01008845,608,422,186
S01008846,740,506,234
S01008847,645,425,220
S01008848,755,459,296
S01008849,901,583,318
S01008850,1156,713,443
S01008851,996,656,340
S01008852,1024,649,375
S01008853,492,352,140
S01008854,901,594,307
S01008855,875,627,248
S01008856,574,433,141
S01008857,818,595,223
S01008858,865,600,265
S01008859,760,524,236
S01008860,1084,741,343
S01008861,791,544,247
S01008862,944,729,215
S01008863,722,553,169
S01008864,1056,647,409
S01008865,816,549,267
S01008866,862,668,194
S01008867,772,550,222
S01008868,968,645,323
S01008869,956,695,261
S01008870,912,645,267
S01008871,1082,733,349
S01008872,885,600,285
S01008873,579,391,188
S01008874,702,486,216
S01008875,844,616,228
S01008876,495,309,186
S01008877,565,360,205
S01008878,879,511,368
S01008879,600,376,224
S01008880,499,325,174
S01008881,465,280,185
S01008882,863,579,284
S01008883,729,419,310
S01008884,580,324,256
S01008885,658,409,249
S01008886,864,569,295
S01008887,554,368,186
S01008888,768,416,352
S01008889,441,264,177
S01008890,596,369,227
S01008891,603,353,250
S01008892,819,510,309
S01008893,765,474,291
S01008894,676,426,250
S01008895,503,292,211
S01008896,456,264,192
S01008897,661,388,273
S01008898,716,416,300
S01008899,586,261,325
S01008900,660,377,283
S01008901,723,390,333
S01008902,720,384,336
S01008903,817,456,361
S01008904,831,461,370
S01008905,893,478,415
S01008906,526,297,229
S01008907,525,224,301
S01008908,684,389,295
S01008909,858,623,235
S01008910,541,362,179
S01008911,234,142,92
S01008912,652,417,235
S01008913,364,262,102
S01008914,863,482,381
S01008915,473,298,175
S01008916,969,465,504
S01008917,480,250,230
S01008918,457,168,289
S01008919,399,138,261
S01008920,190,107,83
S01008921,735,312,423
S01008922,993,597,396
S01008923,679,335,344
S01008924,691,415,276
S01008925,621,452,169
S01008926,281,170,111
S01008927,58,44,14
S01008928,340,133,207
S01008929,1127,435,692
S01008930,837,385,452
S01008931,557,230,327
S01008932,323,170,153
S01008933,422,203,219
S01008934,388,206,182
S01008935,803,479,324
S01008936,475,290,185
S01008937,514,328,186
S01008938,721,424,297
S01008939,598,366,232
S01008940,539,290,249
S01008941,626,275,351
S01008942,917,568,349
S01008943,592,349,243
S01008944,706,433,273
S01008945,834,570,264
S01008946,495,288,207
S01008947,827,458,369
S01008948,738,447,291
S01008949,936,534,402
S01008950,651,356,295
S01008951,819,433,386
S01008952,1220,663,557
S01008953,846,482,364
S01008954,670,305,365
S01008955,640,435,205
S01008956,1018,705,313
S01008957,888,564,324
S01008958,562,339,223
S01008959,793,543,250
S01008960,289,232,57
S01008961,765,561,204
S01008962,567,396,171
S01008963,717,455,262
S01008964,545,318,227
S01008965,543,312,231
S01008966,671,404,267
S01008967,863,513,350
S01008968,1129,536,593
S01008969,788,468,320
S01008970,825,530,295
S01008971,525,358,167
S01008972,1045,662,383
S01008973,515,331,184
S01008974,632,367,265
S01008975,564,299,265
S01008976,534,329,205
S01008977,615,398,217
S01008978,495,350,145
S01008979,579,461,118
S01008980,556,427,129
S01008981,625,363,262
S01008982,639,469,170
S01008983,682,508,174
S01008984,378,283,95
S01008985,614,451,163
S01008986,718,461,257
S01008987,773,488,285
S01008988,601,399,202
S01008989,803,613,190
S01008990,963,769,194
S01008991,932,748,184
S01008992,362,241,121
S01008993,846,583,263
S01008994,760,518,242
S01008995,804,602,202
S01008996,574,370,204
S01008997,655,458,197
S01008998,643,403,240
S01008999,750,452,298
S01009000,890,594,296
S01009001,544,419,125
S01009002,568,364,204
S01009003,663,455,208
S01009004,673,496,177
S01009005,750,568,182
S01009006,1050,668,382
S01009007,668,406,262
S01009008,757,511,246
S01009009,390,226,164
S01009010,1029,801,228
S01009011,933,726,207
S01009012,746,553,193
S01009013,850,640,210
S01009014,568,320,248
S01009015,408,231,177
S01009016,398,209,189
S01009017,499,296,203
S01009018,557,351,206
S01009019,669,453,216
S01009020,689,458,231
S01009021,527,329,198
S01009022,661,419,242
S01009023,643,354,289
S01009024,867,482,385
S01009025,700,404,296
S01009026,800,449,351
S01009027,582,304,278
S01009028,423,223,200
S01009029,537,297,240
S01009030,695,382,313
S01009031,582,326,256
S01009032,467,237,230
S01009033,593,295,298
S01009034,457,269,188
S01009035,599,382,217
S01009036,599,352,247
S01009037,502,340,162
S01009038,694,454,240
S01009039,822,485,337
S01009040,598,353,245
S01009041,753,471,282
S01009042,625,383,242
S01009043,953,571,382
S01009044,766,426,340
S01009045,838,501,337
S01009046,575,371,204
S01009047,492,317,175
S01009048,529,348,181
S01009049,534,331,203
S01009050,678,443,235
S01009051,632,370,262
S01009052,671,428,243
S01009053,422,173,249
S01009054,528,314,214
S01009055,593,409,184
S01009056,413,247,166
S01009057,494,261,233
S01009058,670,359,311
S01009059,368,224,144
S01009060,313,173,140
S01009061,790,524,266
S01009062,745,455,290
S01009063,567,379,188
S01009064,564,363,201
S01009065,819,429,390
S01009066,572,323,249
S01009067,335,258,77
S01009068,655,399,256
S01009069,712,543,169
S01009070,774,566,208
S01009071,423,271,152
S01009072,268,160,108
S01009073,614,356,258
S01009074,749,428,321
S01009075,553,332,221
S01009076,915,690,225
S01009077,606,405,201
S01009078,298,200,98
S01009079,843,433,410
S01009080,1106,567,539
S01009081,757,437,320
S01009082,788,449,339
S01009083,549,368,181
S01009084,648,415,233
S01009085,211,155,56
S01009086,532,332,200
S01009087,514,285,229
S01009088,1085,526,559
S01009089,332,248,84
S01009090,107,86,21
S01009091,136,112,24
S01009092,729,422,307
S01009093,660,427,233
S01009094,720,425,295
S01009095,1195,563,632
S01009096,343,207,136
S01009097,650,470,180
S01009098,434,271,163
S01009099,625,385,240
S01009100,867,484,383
S01009101,795,450,345
S01009102,767,400,367
S01009103,523,357,166
S01009104,585,349,236
S01009105,506,317,189
S01009106,625,376,249
S01009107,712,431,281
S01009108,722,484,238
S01009109,803,619,184
S01009110,657,420,237
S01009111,858,646,212
S01009112,483,294,189
S01009113,544,400,144
S01009114,562,397,165
S01009115,617,450,167
S01009116,688,471,217
S01009117,505,318,187
S01009118,423,358,65
S01009119,668,363,305
S01009120,531,315,216
S01009121,793,472,321
S01009122,730,452,278
S01009123,235,152,83
S01009124,414,283,131
S01009125,562,320,242
S01009126,527,254,273
S01009127,458,241,217
S01009128,740,338,402
S01009129,473,240,233
S01009130,307,137,170
S01009131,631,313,318
S01009132,701,512,189
S01009133,573,337,236
S01009134,772,441,331
S01009135,462,370,92
S01009136,169,126,43
S01009137,122,82,40
S01009138,773,541,232
S01009139,529,341,188
S01009140,521,313,208
S01009141,461,282,179
S01009142,536,324,212
S01009143,404,174,230
S01009144,532,372,160
S01009145,917,515,402
S01009146,772,371,401
S01009147,742,362,380
S01009148,577,332,245
S01009149,421,240,181
S01009150,501,87,414
S01009151,468,239,229
S01009152,617,298,319
S01009153,598,381,217
S01009154,604,377,227
S01009155,437,269,168
S01009156,648,387,261
S01009157,713,440,273
S01009158,651,374,277
S01009159,497,222,275
S01009160,445,247,198
S01009161,657,344,313
S01009162,554,303,251
S01009163,403,217,186
S01009164,779,430,349
S01009165,497,256,241
S01009166,680,314,366
S01009167,580,306,274
S01009168,782,481,301
S01009169,626,315,311
S01009170,508,323,185
S01009171,641,399,242
S01009172,530,335,195
S01009173,686,494,192
S01009174,66,56,10
S01009175,713,567,146
S01009176,686,404,282
S01009177,668,388,280
S01009178,625,357,268
S01009179,741,452,289
S01009180,767,444,323
S01009181,854,514,340
S01009182,859,602,257
S01009183,777,616,161
S01009184,889,469,420
S01009185,815,423,392
S01009186,645,390,255
S01009187,642,449,193
S01009188,789,471,318
S01009189,788,468,320
S01009190,686,295,391
S01009191,132,107,25
S01009192,785,379,406
S01009193,281,200,81
S01009194,747,489,258
S01009195,752,396,356
S01009196,549,328,221
S01009197,694,468,226
S01009198,648,411,237
S01009199,534,361,173
S01009200,698,441,257
S01009201,561,366,195
S01009202,447,330,117
S01009203,453,204,249
S01009204,737,419,318
S01009205,995,752,243
S01009206,898,687,211
S01009207,809,557,252
S01009208,541,304,237
S01009209,848,544,304
S01009210,667,382,285
S01009211,566,337,229
S01009212,701,385,316
S01009213,559,312,247
S01009214,902,594,308
S01009215,858,483,375
S01009216,823,479,344
S01009217,555,252,303
S01009218,897,498,399
S01009219,481,267,214
S01009220,464,268,196
S01009221,424,232,192
S01009222,495,268,227
S01009223,378,197,181
S01009224,732,379,353
S01009225,586,312,274
S01009226,909,460,449
S01009227,500,261,239
S01009228,584,291,293
S01009229,686,420,266
S01009230,714,497,217
S01009231,770,494,276
S01009232,532,278,254
S01009233,631,316,315
S01009234,770,368,402
S01009235,647,328,319
S01009236,546,287,259
S01009237,533,349,184
S01009238,876,476,400
S01009239,671,420,251
S01009240,544,252,292
S01009241,722,345,377
S01009242,771,445,326
S01009243,987,671,316
S01009244,659,475,184
S01009245,714,477,237
S01009246,756,463,293
S01009247,892,509,383
S01009248,627,402,225
S01009249,820,438,382
S01009250,605,357,248
S01009251,474,321,153
S01009252,348,282,66
S01009253,553,279,274
S01009254,736,368,368
S01009255,500,294,206
S01009256,470,276,194
S01009257,445,246,199
S01009258,611,404,207
S01009259,603,370,233
S01009260,852,580,272
S01009261,613,307,306
S01009262,580,274,306
S01009263,317,179,138
S01009264,588,357,231
S01009265,541,346,195
S01009266,804,441,363
S01009267,602,359,243
S01009268,526,311,215
S01009269,806,422,384
S01009270,560,293,267
S01009271,696,533,163
S01009272,655,348,307
S01009273,696,425,271
S01009274,728,427,301
S01009275,499,330,169
S01009276,826,570,256
S01009277,580,404,176
S01009278,299,196,103
S01009279,458,296,162
S01009280,660,283,377
S01009281,647,287,360
S01009282,703,451,252
S01009283,423,269,154
S01009284,569,411,158
S01009285,713,536,177
S01009286,739,503,236
S01009287,661,406,255
S01009288,671,395,276
S01009289,695,439,256
S01009290,509,320,189
S01009291,913,632,281
S01009292,350,202,148
S01009293,486,304,182
S01009294,498,327,171
S01009295,650,485,165
S01009296,690,467,223
S01009297,773,561,212
S01009298,874,490,384
S01009299,738,494,244
S01009300,478,303,175
S01009301,782,507,275
S01009302,694,363,331
S01009303,591,366,225
S01009304,973,607,366
S01009305,703,448,255
S01009306,889,598,291
S01009307,956,655,301
S01009308,647,437,210
S01009309,459,313,146
S01009310,685,479,206
S01009311,715,412,303
S01009312,773,559,214
S01009313,501,272,229
S01009314,718,505,213
S01009315,467,275,192
S01009316,676,470,206
S01009317,777,542,235
S01009318,756,532,224
S01009319,757,455,302
S01009320,625,439,186
S01009321,435,334,101
S01009322,556,357,199
S01009323,742,469,273
S01009324,490,315,175
S01009325,432,292,140
S01009326,228,172,56
S01009327,474,262,212
S01009328,78,49,29
S01009330,101,43,58
S01009331,179,129,50
S01009332,640,432,208
S01009333,677,455,222
S01009334,468,255,213
S01009335,613,336,277
S01009336,457,221,236
S01009337,648,353,295
S01009338,567,270,297
S01009339,703,332,371
S01009340,743,430,313
S01009341,723,422,301
S01009342,712,418,294
S01009343,468,320,148
S01009344,582,314,268
S01009345,958,666,292
S01009346,120,90,30
S01009347,230,166,64
S01009348,175,120,55
S01009349,99,95,4
S01009350,137,103,34
S01009351,55,30,25
S01009352,57,39,18
S01009353,286,222,64
S01009354,219,185,34
S01009355,803,564,239
S01009356,838,579,259
S01009357,360,280,80
S01009358,243,183,60
S01009359,191,164,27
S01009360,626,415,211
S01009361,662,455,207
S01009362,931,670,261
S01009363,775,488,287
S01009364,618,455,163
S01009365,561,371,190
S01009366,667,383,284
S01009367,570,328,242
S01009368,611,436,175
S01009369,748,484,264
S01009370,673,429,244
S01009371,390,252,138
S01009372,443,271,172
S01009373,705,409,296
S01009374,668,422,246
S01009375,556,358,198
S01009376,695,443,252
S01009377,558,402,156
S01009378,710,503,207
S01009379,123,74,49
S01009380,517,398,119
S01009381,519,388,131
S01009382,952,556,396
S01009383,786,503,283
S01009384,436,299,137
S01009385,559,364,195
S01009386,800,463,337
S01009387,726,436,290
S01009388,821,415,406
S01009389,731,485,246
S01009390,528,400,128
S01009391,598,518,80
S01009392,378,286,92
S01009393,611,468,143
S01009394,634,460,174
S01009395,852,562,290
S01009396,610,410,200
S01009397,568,393,175
S01009398,925,651,274
S01009399,852,591,261
S01009400,726,473,253
S01009401,795,503,292
S01009402,645,400,245
S01009403,599,449,150
S01009404,500,277,223
S01009405,558,384,174
S01009406,724,453,271
S01009407,382,238,144
S01009408,381,258,123
S01009409,672,392,280
S01009410,624,341,283
S01009411,1026,604,422
S01009412,698,384,314
S01009413,974,583,391
S01009414,648,429,219
S01009415,809,476,333
S01009416,475,335,140
S01009417,282,180,102
S01009418,874,496,378
S01009419,721,425,296
S01009420,551,261,290
S01009421,498,260,238
S01009422,841,501,340
S01009423,196,124,72
S01009424,529,341,188
S01009425,646,389,257
S01009426,708,366,342
S01009427,434,223,211
S01009428,423,202,221
S01009429,639,286,353
S01009430,539,267,272
S01009431,715,333,382
S01009432,810,410,400
S01009433,636,287,349
S01009434,428,193,235
S01009435,757,325,432
S01009436,432,230,202
S01009437,648,358,290
S01009438,794,405,389
S01009439,853,414,439
S01009440,646,330,316
S01009441,673,333,340
S01009442,524,334,190
S01009443,665,403,262
S01009444,593,431,162
S01009445,753,427,326
S01009446,675,363,312
S01009447,577,312,265
S01009448,482,286,196
S01009449,532,270,262
S01009450,501,251,250
S01009451,917,444,473
S01009452,618,326,292
S01009453,712,385,327
S01009454,808,544,264
S01009455,1013,636,377
S01009456,636,318,318
S01009457,577,392,185
S01009458,467,261,206
S01009459,735,408,327
S01009460,559,270,289
S01009461,124,75,49
S01009462,492,282,210
S01009463,804,451,353
S01009464,671,449,222
S01009465,459,281,178
S01009466,629,394,235
S01009467,599,390,209
S01009468,533,269,264
S01009469,599,360,239
S01009470,630,400,230
S01009471,527,215,312
S01009472,822,425,397
S01009473,604,292,312
S01009474,604,307,297
S01009475,156,116,40
S01009476,341,243,98
S01009477,760,476,284
S01009478,735,462,273
S01009479,673,387,286
S01009480,765,497,268
S01009481,641,440,201
S01009482,497,326,171
S01009483,572,421,151
S01009484,920,444,476
S01009485,580,286,294
S01009486,534,244,290
S01009487,863,433,430
S01009488,697,403,294
S01009489,614,318,296
S01009490,627,341,286
S01009491,471,223,248
S01009492,667,389,278
S01009493,937,558,379
S01009494,951,723,228
S01009495,698,538,160
S01009496,637,373,264
S01009497,850,574,276
S01009498,531,386,145
S01009499,632,373,259
S01009500,612,320,292
S01009501,596,299,297
S01009502,785,431,354
S01009503,789,471,318
S01009504,585,313,272
S01009505,632,277,355
S01009506,824,386,438
S01009507,517,308,209
S01009508,782,378,404
S01009509,731,362,369
S01009510,666,462,204
S01009511,778,493,285
S01009512,854,612,242
S01009513,669,448,221
S01009514,729,521,208
S01009515,625,323,302
S01009516,847,497,350
S01009517,61,27,34
S01009518,205,140,65
S01009519,565,384,181
S01009520,744,523,221
S01009521,597,275,322
S01009522,697,321,376
S01009523,628,263,365
S01009524,540,266,274
S01009525,422,209,213
S01009526,339,182,157
S01009527,569,365,204
S01009528,508,267,241
S01009529,806,511,295
S01009530,624,410,214
S01009531,808,433,375
S01009532,774,365,409
S01009533,620,297,323
S01009534,511,204,307
S01009535,618,265,353
S01009536,368,208,160
S01009537,458,232,226
S01009538,788,385,403
S01009539,744,399,345
S01009540,760,413,347
S01009541,867,557,310
S01009542,630,296,334
S01009543,657,389,268
S01009544,703,403,300
S01009545,621,355,266
S01009546,537,288,249
S01009547,626,374,252
S01009548,751,484,267
S01009549,789,508,281
S01009550,495,322,173
S01009551,533,352,181
S01009552,995,562,433
S01009553,815,448,367
S01009554,661,365,296
S01009555,706,425,281
S01009556,781,470,311
S01009557,729,406,323
S01009558,517,279,238
S01009559,981,588,393
S01009560,635,391,244
S01009561,564,290,274
S01009562,866,508,358
S01009563,692,409,283
S01009564,513,292,221
S01009565,458,258,200
S01009566,850,572,278
S01009567,799,515,284
S01009568,672,391,281
S01009569,805,472,333
S01009570,480,282,198
S01009571,558,293,265
S01009572,788,384,404
S01009573,557,248,309
S01009574,814,410,404
S01009575,618,363,255
S01009576,559,389,170
S01009577,675,504,171
S01009578,810,482,328
S01009579,250,176,74
S01009580,514,376,138
S01009581,639,405,234
S01009582,439,289,150
S01009583,615,382,233
S01009584,284,141,143
S01009585,982,626,356
S01009586,841,505,336
S01009587,712,378,334
S01009588,757,421,336
S01009589,833,495,338
S01009590,441,282,159
S01009591,725,515,210
S01009592,651,430,221
S01009593,471,304,167
S01009594,500,388,112
S01009595,304,181,123
S01009596,826,525,301
S01009597,765,396,369
S01009598,510,237,273
S01009599,996,598,398
S01009600,702,387,315
S01009601,696,415,281
S01009602,540,435,105
S01009603,614,402,212
S01009604,618,376,242
S01009605,736,414,322
S01009606,185,127,58
S01009607,388,247,141
S01009608,417,253,164
S01009609,766,523,243
S01009610,798,475,323
S01009611,355,237,118
S01009612,397,225,172
S01009613,401,285,116
S01009614,483,313,170
S01009615,480,289,191
S01009616,847,556,291
S01009617,551,388,163
S01009618,725,409,316
S01009619,519,260,259
S01009620,679,301,378
S01009621,712,365,347
S01009622,665,293,372
S01009623,604,294,310
S01009624,751,384,367
S01009625,886,426,460
S01009626,573,231,342
S01009627,668,290,378
S01009628,429,171,258
S01009629,827,446,381
S01009630,573,250,323
S01009631,639,315,324
S01009632,502,223,279
S01009633,502,214,288
S01009634,580,266,314
S01009635,984,561,423
S01009636,696,360,336
S01009637,628,329,299
S01009638,476,198,278
S01009639,710,419,291
S01009640,539,272,267
S01009641,619,331,288
S01009642,739,414,325
S01009643,126,91,35
S01009644,440,244,196
S01009645,650,347,303
S01009646,534,272,262
S01009647,443,195,248
S01009648,848,431,417
S01009649,779,400,379
S01009650,608,335,273
S01009651,726,449,277
S01009652,808,473,335
S01009653,614,396,218
S01009654,397,228,169
S01009655,743,384,359
S01009656,635,265,370
S01009657,729,406,323
S01009658,765,457,308
S01009659,524,280,244
S01009660,668,351,317
S01009661,617,415,202
S01009662,641,430,211
S01009663,584,399,185
S01009664,811,571,240
S01009665,914,584,330
S01009666,840,551,289
S01009667,314,207,107
S01009668,345,249,96
S01009669,436,268,168
S01009670,585,379,206
S01009671,569,375,194
S01009672,854,528,326
S01009673,616,387,229
S01009674,803,524,279
S01009675,677,455,222
S01009676,1071,702,369
S01009677,537,374,163
S01009678,460,273,187
S01009679,744,468,276
S01009680,777,495,282
S01009681,672,360,312
S01009682,590,349,241
S01009683,632,374,258
S01009684,694,456,238
S01009685,821,454,367
S01009686,784,456,328
S01009687,736,488,248
S01009688,848,435,413
S01009689,389,247,142
S01009690,561,378,183
S01009691,430,274,156
S01009692,852,520,332
S01009693,580,378,202
S01009694,823,501,322
S01009695,778,511,267
S01009696,775,539,236
S01009697,620,427,193
S01009698,535,339,196
S01009699,515,284,231
S01009700,499,303,196
S01009701,667,369,298
S01009702,428,283,145
S01009703,706,411,295
S01009704,924,545,379
S01009705,552,331,221
S01009706,614,338,276
S01009707,448,284,164
S01009708,497,311,186
S01009709,663,385,278
S01009710,360,228,132
S01009711,680,385,295
S01009712,508,289,219
S01009713,630,336,294
S01009714,626,351,275
S01009715,601,365,236
S01009716,953,527,426
S01009717,808,403,405
S01009718,676,358,318
S01009719,771,470,301
S01009720,628,366,262
S01009721,803,82,721
S01009722,898,188,710
S01009723,654,155,499
S01009724,809,344,465
S01009725,769,271,498
S01009726,810,105,705
S01009727,826,371,455
S01009728,602,379,223
S01009729,773,457,316
S01009730,748,444,304
S01009731,665,345,320
S01009732,1168,308,860
S01009733,910,299,611
S01009734,1435,632,803
S01009735,559,298,261
S01009736,1417,159,1258
S01009737,535,391,144
S01009738,413,289,124
S01009739,339,224,115
S01009740,548,335,213
S01009741,695,595,100
S01009742,374,264,110
S01009743,887,570,317
S01009744,555,374,181
S01009745,651,431,220
S01009746,617,407,210
S01009747,690,440,250
S01009748,605,418,187
S01009749,676,426,250
S01009750,480,277,203
S01009751,778,484,294
S01009752,611,412,199
S01009753,499,315,184
S01009754,985,647,338
S01009755,468,305,163
S01009756,615,391,224
S01009757,536,361,175
S01009758,813,517,296
S01009759,815,283,532
S01009760,701,251,450
S01009761,753,505,248
S01009762,677,285,392
S01009763,326,255,71
S01009764,678,364,314
S01009765,720,458,262
S01009766,687,476,211
S01009767,585,314,271
S01009768,357,133,224
S01009769,666,334,332
S01009770,640,440,200
S01009771,654,462,192
S01009772,587,432,155
S01009773,119,92,27
S01009774,81,66,15
S01009775,658,249,409
S01009776,704,241,463
S01009777,498,242,256
S01009778,889,308,581
S01009779,478,154,324
S01009780,602,209,393
S01009781,668,209,459
S01009782,329,156,173
S01009783,339,141,198
S01009784,727,248,479
S01009785,808,319,489
S01009786,838,271,567
S01009787,720,250,470
S01009788,975,444,531
S01009789,863,354,509
S01009790,734,344,390
S01009791,556,204,352
S01009792,184,133,51
S01009793,694,430,264
S01009794,305,243,62
S01009795,636,482,154
S01009796,592,314,278
S01009797,431,276,155
S01009798,693,465,228
S01009799,1032,360,672
S01009800,905,417,488
S01009801,958,416,542
S01009802,682,323,359
S01009803,636,210,426
S01009804,324,116,208
S01009805,600,211,389
S01009806,790,413,377
S01009807,672,384,288
S01009808,868,349,519
S01009809,795,437,358
S01009810,664,303,361
S01009811,942,360,582
S01009812,672,317,355
S01009813,720,269,451
S01009814,821,407,414
S01009815,777,482,295
S01009816,816,543,273
S01009817,607,283,324
S01009818,745,430,315
S01009819,820,441,379
S01009820,742,359,383
S01009821,609,352,257
S01009822,629,287,342
S01009823,827,317,510
S01009824,543,168,375
S01009825,838,392,446
S01009826,573,213,360
S01009827,652,251,401
S01009828,917,339,578
S01009829,863,506,357
S01009830,719,430,289
S01009831,915,623,292
S01009832,815,449,366
S01009833,511,365,146
S01009834,469,181,288
S01009835,440,154,286
S01009836,561,278,283
S01009837,550,225,325
S01009838,584,294,290
S01009839,838,422,416
S01009840,750,322,428
S01009841,857,323,534
S01009842,681,258,423
S01009843,447,134,313
S01009844,507,184,323
S01009845,794,317,477
S01009846,787,350,437
S01009847,466,224,242
S01009848,675,304,371
S01009849,794,310,484
S01009850,706,356,350
S01009851,769,314,455
S01009852,391,178,213
S01009853,668,303,365
S01009854,542,183,359
S01009855,532,262,270
S01009856,412,192,220
S01009857,569,260,309
S01009858,676,334,342
S01009859,810,291,519
S01009860,762,244,518
S01009861,1143,398,745
S01009862,804,394,410
S01009863,828,457,371
S01009864,714,355,359
S01009865,539,257,282
S01009866,744,400,344
S01009867,828,490,338
S01009868,826,498,328
S01009869,808,427,381
S01009870,722,327,395
S01009871,743,289,454
S01009872,696,376,320
S01009873,698,383,315
S01009874,716,350,366
S01009875,385,139,246
S01009876,686,256,430
S01009877,618,358,260
S01009878,570,230,340
S01009879,811,513,298
S01009880,822,425,397
S01009881,543,243,300
S01009882,463,266,197
S01009883,623,293,330
S01009884,697,386,311
S01009885,597,276,321
S01009886,558,234,324
S01009887,762,329,433
S01009888,599,280,319
S01009889,862,465,397
S01009890,601,277,324
S01009891,543,256,287
S01009892,874,409,465
S01009893,787,369,418
S01009894,744,287,457
S01009895,710,312,398
S01009896,909,329,580
S01009897,966,499,467
S01009898,623,230,393
S01009899,868,508,360
S01009900,937,666,271
S01009901,777,530,247
S01009902,818,400,418
S01009903,848,437,411
S01009904,560,386,174
S01009905,573,330,243
S01009906,542,299,243
S01009907,997,599,398
S01009908,977,638,339
S01009909,720,472,248
S01009910,648,415,233
S01009911,933,619,314
S01009912,676,407,269
S01009913,672,344,328
S01009914,712,403,309
S01009915,693,447,246
S01009916,902,439,463
S01009917,624,369,255
S01009918,727,449,278
S01009919,835,458,377
S01009920,870,594,276
S01009921,697,495,202
S01009922,1033,754,279
S01009923,848,548,300
S01009924,887,566,321
S01009925,951,663,288
S01009926,735,481,254
S01009927,438,271,167
S01009928,540,402,138
S01009929,436,287,149
S01009930,807,542,265
S01009931,739,593,146
S01009932,664,448,216
S01009933,935,383,552
S01009934,662,428,234
S01009935,532,187,345
S01009936,892,435,457
S01009937,532,144,388
S01009938,768,301,467
S01009939,806,240,566
S01009940,708,230,478
S01009941,872,590,282
S01009942,828,342,486
S01009943,941,374,567
S01009944,740,373,367
S01009945,821,346,475
S01009946,704,322,382
S01009947,658,346,312
S01009948,896,406,490
S01009949,740,381,359
S01009950,572,328,244
S01009951,699,437,262
S01009952,817,505,312
S01009953,894,521,373
S01009954,597,327,270
S01009955,792,463,329
S01009956,614,293,321
S01009957,1020,652,368
S01009958,1004,685,319
S01009959,630,360,270
S01009960,852,520,332
S01009961,496,267,229
S01009962,822,510,312
S01009963,991,667,324
S01009964,901,572,329
S01009965,798,530,268
S01009966,968,624,344
S01009967,801,534,267
S01009968,485,292,193
S01009969,883,490,393
S01009970,786,288,498
S01009971,760,252,508
S01009972,531,234,297
S01009973,252,99,153
S01009974,645,178,467
S01009975,621,214,407
S01009976,543,219,324
S01009977,666,186,480
S01009978,638,271,367
S01009979,620,233,387
S01009980,359,101,258
S01009981,530,175,355
S01009982,444,178,266
S01009983,414,118,296
S01009984,698,370,328
S01009985,425,153,272
S01009986,491,150,341
S01009987,622,251,371
S01009988,428,146,282
S01009989,830,516,314
S01009990,750,489,261
S01009991,747,493,254
S01009992,764,277,487
S01009993,619,429,190
S01009994,553,391,162
S01009995,467,323,144
S01009996,640,408,232
S01009997,526,352,174
S01009998,731,416,315
S01009999,687,413,274
S01010000,704,465,239
S01010001,533,340,193
S01010002,1076,695,381
S01010003,782,526,256
S01010004,707,392,315
S01010005,789,473,316
S01010006,949,584,365
S01010007,700,440,260
S01010008,448,272,176
S01010009,575,350,225
S01010010,1110,677,433
S01010011,645,373,272
S01010012,1243,753,490
S01010013,817,496,321
S01010014,1033,610,423
S01010015,734,450,284
S01010016,555,273,282
S01010017,695,323,372
S01010018,695,238,457
S01010019,866,269,597
S01010020,745,337,408
S01010021,530,122,408
S01010022,220,58,162
S01010023,725,176,549
S01010024,444,184,260
S01010025,555,170,385
S01010026,587,169,418
S01010027,814,417,397
S01010028,373,113,260
S01010029,480,158,322
S01010030,366,148,218
S01010031,564,399,165
S01010032,425,201,224
S01010033,705,296,409
S01010034,799,318,481
S01010035,555,191,364
S01010036,330,225,105
S01010037,766,204,562
S01010038,1015,318,697
S01010039,480,269,211
S01010040,472,242,230
S01010041,729,356,373
S01010042,439,219,220
S01010043,738,349,389
S01010044,890,381,509
S01010045,659,182,477
S01010046,861,340,521
S01010047,827,239,588
S01010048,878,258,620
S01010049,673,209,464
S01010050,577,134,443
S01010051,616,209,407
S01010052,455,160,295
S01010053,416,143,273
S01010054,576,130,446
S01010055,873,371,502
S01010056,373,124,249
S01010057,308,100,208
S01010058,675,292,383
S01010059,539,298,241
S01010060,735,341,394
S01010061,326,144,182
S01010062,585,240,345
S01010063,834,335,499
S01010064,571,292,279
S01010065,703,241,462
S01010066,553,210,343
S01010067,569,169,400
S01010068,273,74,199
S01010069,783,509,274
S01010070,543,375,168
S01010071,649,344,305
S01010072,810,431,379
S01010073,765,418,347
S01010074,809,459,350
S01010075,717,329,388
S01010076,707,387,320
S01010077,604,256,348
S01010078,568,368,200
S01010079,735,451,284
S01010080,706,421,285
S01010081,965,582,383
S01010082,538,332,206
S01010083,859,430,429
S01010084,904,370,534
S01010085,1010,563,447
S01010086,845,322,523
S01010087,568,323,245
S01010088,172,118,54
S01010089,663,321,342
S01010090,765,481,284
S01010091,543,345,198
S01010092,882,365,517
S01010093,677,419,258
S01010094,955,614,341
S01010095,983,691,292
S01010096,621,410,211
S01010097,584,361,223
S01010098,578,382,196
S01010099,774,466,308
S01010100,775,454,321
S01010101,909,577,332
S01010102,541,397,144
S01010103,639,494,145
S01010104,577,436,141
S01010105,565,232,333
S01010106,534,230,304
S01010107,775,435,340
S01010108,637,286,351
S01010109,832,392,440
S01010110,885,262,623
S01010111,791,208,583
S01010112,614,207,407
S01010113,424,174,250
S01010114,558,165,393
S01010115,508,358,150
S01010116,596,395,201
S01010117,177,91,86
S01010118,535,132,403
S01010119,219,55,164
S01010120,566,169,397
S01010121,475,173,302
S01010122,399,109,290
S01010123,431,139,292
S01010124,573,405,168
S01010125,376,134,242
S01010126,480,300,180
S01010127,392,151,241
S01010128,550,195,355
S01010129,624,214,410
S01010130,576,221,355
S01010131,850,534,316
S01010132,792,311,481
S01010133,710,224,486
S01010134,1044,490,554
S01010135,889,318,571
S01010136,819,432,387
S01010137,865,380,485
S01010138,812,216,596
S01010139,889,421,468
S01010140,811,515,296
S01010141,867,282,585
S01010142,516,267,249
S01010143,604,207,397
S01010144,573,294,279
S01010145,527,291,236
S01010146,839,352,487
S01010147,650,236,414
S01010148,609,169,440
S01010149,268,74,194
S01010150,788,210,578
S01010151,812,264,548
S01010152,607,280,327
S01010153,750,281,469
S01010154,831,273,558
S01010155,490,177,313
S01010156,494,171,323
S01010157,639,277,362
S01010158,699,283,416
S01010159,560,204,356
S01010160,491,121,370
S01010161,611,314,297
S01010162,718,207,511
S01010163,604,196,408
S01010164,616,243,373
S01010165,478,188,290
S01010166,885,344,541
S01010167,750,293,457
S01010168,332,104,228
S01010169,629,307,322
S01010170,787,353,434
S01010171,684,207,477
S01010172,519,176,343
S01010173,845,367,478
S01010174,1034,326,708
S01010175,353,175,178
S01010176,746,304,442
S01010177,497,146,351
S01010178,593,224,369
S01010179,915,297,618
S01010180,335,106,229
S01010181,877,315,562
S01010182,935,586,349
S01010183,579,248,331
S01010184,474,172,302
S01010185,551,204,347
S01010186,541,348,193
S01010187,658,426,232
S01010188,866,593,273
S01010189,649,536,113
S01010190,156,118,38
S01010191,545,431,114
S01010192,652,514,138
S01010193,684,519,165
S01010194,579,249,330
S01010195,755,320,435
S01010196,628,267,361
S01010197,728,289,439
S01010198,908,346,562
S01010199,490,177,313
S01010200,544,245,299
S01010201,620,276,344
S01010202,526,167,359
S01010203,483,345,138
S01010204,788,332,456
S01010205,576,237,339
S01010206,399,143,256
S01010207,490,204,286
S01010208,856,535,321
S01010209,670,325,345
S01010210,784,340,444
S01010211,681,239,442
S01010212,762,265,497
S01010213,757,311,446
S01010214,815,502,313
S01010215,741,209,532
S01010216,728,221,507
S01010217,685,298,387
S01010218,850,379,471
S01010219,621,167,454
S01010220,286,163,123
S01010221,359,110,249
S01010222,600,344,256
S01010223,548,281,267
S01010224,725,198,527
S01010225,565,298,267
S01010226,569,147,422
S01010227,786,230,556
S01010228,497,162,335
S01010229,720,360,360
S01010230,904,232,672
S01010231,522,149,373
S01010232,497,233,264
S01010233,1122,348,774
S01010234,720,379,341
S01010235,87,37,50
S01010236,630,346,284
S01010237,870,466,404
S01010238,818,424,394
S01010239,776,286,490
S01010240,951,437,514
S01010241,776,387,389
S01010242,924,404,520
S01010243,1053,438,615
S01010244,770,262,508
S01010245,745,204,541
S01010246,774,225,549
S01010247,679,359,320
S01010248,821,500,321
S01010249,875,493,382
S01010250,790,426,364
S01010251,203,129,74
S01010252,464,228,236
S01010253,618,235,383
S01010254,770,342,428
S01010255,684,202,482
S01010256,856,330,526
S01010257,1555,140,1415
S01010258,1016,414,602
S01010259,1427,252,1175
S01010260,1297,188,1109
S01010261,1808,275,1533
S01010262,960,291,669
S01010263,614,404,210
S01010264,674,319,355
S01010265,381,264,117
S01010266,674,317,357
S01010267,730,164,566
S01010268,906,364,542
S01010269,816,328,488
S01010270,832,229,603
S01010271,671,244,427
S01010272,275,63,212
S01010273,228,106,122
S01010274,234,171,63
S01010275,258,122,136
S01010276,112,79,33
S01010277,460,148,312
S01010278,1029,433,596
S01010279,563,228,335
S01010280,758,389,369
S01010281,521,344,177
S01010282,892,432,460
S01010283,661,238,423
S01010284,1069,586,483
S01010285,1058,446,612
S01010286,1301,400,901
S01010287,1209,456,753
S01010288,996,402,594
S01010289,244,134,110
S01010290,658,260,398
S01010291,903,327,576
S01010292,1137,496,641
S01010293,685,219,466
S01010294,942,383,559
S01010295,831,327,504
S01010296,683,268,415
S01010297,737,302,435
S01010298,760,275,485
S01010299,488,217,271
S01010300,1236,528,708
S01010301,474,214,260
S01010302,620,157,463
S01010303,410,112,298
S01010304,628,258,370
S01010305,902,411,491
S01010306,633,372,261
S01010307,771,475,296
S01010308,784,429,355
S01010309,578,178,400
S01010310,599,215,384
S01010311,721,216,505
S01010312,530,154,376
S01010313,935,271,664
S01010314,869,295,574
S01010315,421,160,261
S01010316,464,181,283
S01010317,1096,605,491
S01010318,1387,213,1174
S01010319,610,271,339
S01010320,567,259,308
S01010321,880,458,422
S01010322,1102,676,426
S01010323,467,94,373
S01010324,770,241,529
S01010325,776,231,545
S01010326,646,171,475
S01010327,538,198,340
S01010328,566,221,345
S01010329,388,153,235
S01010330,578,199,379
S01010331,1012,316,696
S01010332,847,262,585
S01010333,689,272,417
S01010334,728,272,456
S01010335,865,326,539
S01010336,637,210,427
S01010337,748,269,479
S01010338,677,238,439
S01010339,759,323,436
S01010340,638,263,375
S01010341,662,395,267
S01010342,659,454,205
S01010343,822,600,222
S01010344,764,276,488
S01010345,212,128,84
S01010346,863,576,287
S01010347,758,273,485
S01010348,891,445,446
S01010349,916,453,463
S01010350,888,340,548
S01010351,527,225,302
S01010352,608,317,291
S01010353,766,214,552
S01010354,464,188,276
S01010355,850,332,518
S01010356,460,293,167
S01010357,510,189,321
S01010358,677,230,447
S01010359,885,262,623
S01010360,487,186,301
S01010361,456,163,293
S01010362,842,354,488
S01010363,583,332,251
S01010364,856,557,299
S01010365,865,572,293
S01010366,1012,635,377
S01010367,1147,634,513
S01010368,698,461,237
S01010369,707,418,289
S01010370,699,386,313
S01010371,1010,586,424
S01010372,805,474,331
S01010373,646,365,281
S01010374,754,423,331
S01010375,820,401,419
S01010376,825,372,453
S01010377,764,355,409
S01010378,834,317,517
S01010379,1146,511,635
S01010380,930,517,413
S01010381,473,233,240
S01010382,819,447,372
S01010383,709,305,404
S01010384,1115,491,624
S01010385,807,426,381
S01010386,764,383,381
S01010387,1056,586,470
S01010388,779,405,374
S01010389,60,32,28
S01010390,1035,663,372
S01010391,947,647,300
S01010392,161,83,78
S01010393,1159,750,409
S01010394,727,342,385
S01010395,949,553,396
S01010396,797,447,350
S01010397,723,450,273
S01010398,789,513,276
S01010399,1282,964,318
S01010400,801,540,261
S01010401,633,369,264
S01010402,978,666,312
S01010403,858,625,233
S01010404,998,678,320
S01010405,1026,600,426
S01010406,805,537,268
S01010407,971,498,473
S01010408,472,252,220
S01010409,886,445,441
S01010410,456,193,263
S01010411,1037,661,376
S01010412,756,450,306
S01010413,579,303,276
S01010414,840,524,316
S01010415,838,360,478
S01010416,438,254,184
S01010417,422,301,121
S01010418,934,624,310
S01010419,1127,740,387
S01010420,763,476,287
S01010421,638,401,237
S01010422,792,495,297
S01010423,700,325,375
S01010424,566,256,310
S01010425,754,424,330
S01010426,886,513,373
S01010427,782,249,533
S01010428,1127,621,506
S01010429,647,436,211
S01010430,741,251,490
S01010431,696,430,266
S01010432,664,320,344
S01010433,547,144,403
S01010434,607,223,384
S01010435,534,259,275
S01010436,621,266,355
S01010437,399,166,233
S01010438,516,231,285
S01010439,693,346,347
S01010440,751,367,384
S01010441,492,357,135
S01010442,603,334,269
S01010443,549,285,264
S01010444,488,213,275
S01010445,710,313,397
S01010446,662,378,284
S01010447,833,347,486
S01010448,799,416,383
S01010449,775,336,439
S01010450,707,289,418
S01010451,772,308,464
S01010452,617,249,368
S01010453,793,301,492
S01010454,820,394,426
S01010455,651,227,424
S01010456,437,190,247
S01010457,711,264,447
S01010458,601,231,370
S01010459,592,250,342
S01010460,220,125,95
S01010461,781,336,445
S01010462,595,178,417
S01010463,517,276,241
S01010464,486,239,247
S01010465,699,498,201
S01010466,1055,649,406
S01010467,754,370,384
S01010468,776,493,283
S01010469,694,376,318
S01010470,595,235,360
S01010471,698,277,421
S01010472,396,224,172
S01010473,890,580,310
S01010474,872,473,399
S01010475,359,235,124
S01010476,527,238,289
S01010477,644,306,338
S01010478,1002,436,566
S01010479,744,368,376
S01010480,592,306,286
S01010481,582,202,380
S01010482,713,291,422
S01010483,878,393,485
S01010484,811,398,413
S01010485,669,357,312
S01010486,921,593,328
S01010487,699,364,335
S01010488,918,391,527
S01010489,817,368,449
S01010490,608,226,382
S01010491,642,228,414
S01010492,571,179,392
S01010493,572,206,366
S01010494,607,305,302
S01010495,735,257,478
S01010496,927,280,647
S01010497,447,175,272
S01010498,873,287,586
S01010499,725,222,503
S01010500,630,254,376
S01010501,532,227,305
S01010502,588,343,245
S01010503,692,241,451
S01010504,404,257,147
S01010505,439,266,173
S01010506,606,369,237
S01010507,729,476,253
S01010508,776,495,281
S01010509,893,612,281
S01010510,1121,750,371
S01010511,869,553,316
S01010512,670,412,258
S01010513,620,422,198
S01010514,693,456,237
S01010515,694,447,247
S01010516,481,336,145
S01010517,726,489,237
S01010518,677,485,192
S01010519,655,452,203
S01010520,695,449,246
S01010521,731,439,292
S01010522,466,318,148
S01010523,654,359,295
S01010524,474,321,153
S01010525,506,344,162
S01010526,630,428,202
S01010527,932,544,388
S01010528,522,325,197
S01010529,631,421,210
S01010530,526,358,168
S01010531,721,447,274
S01010532,665,421,244
S01010533,626,400,226
S01010534,738,497,241
S01010535,419,281,138
S01010536,848,561,287
S01010537,962,667,295
S01010538,279,182,97
S01010539,709,533,176
S01010540,456,283,173
S01010541,558,379,179
S01010542,630,406,224
S01010543,423,268,155
S01010544,868,547,321
S01010545,420,258,162
S01010546,635,401,234
S01010547,497,318,179
S01010548,291,198,93
S01010549,238,129,109
S01010550,479,306,173
S01010551,505,332,173
S01010552,669,452,217
S01010553,419,291,128
S01010554,554,328,226
S01010555,663,397,266
S01010556,696,371,325
S01010557,548,310,238
S01010558,427,229,198
S01010559,493,279,214
S01010560,454,280,174
S01010561,658,408,250
S01010562,784,485,299
S01010563,622,343,279
S01010564,482,264,218
S01010565,716,439,277
S01010566,553,392,161
S01010567,774,534,240
S01010568,879,575,304
S01010569,811,615,196
S01010570,1121,744,377
S01010571,731,582,149
S01010572,741,518,223
S01010573,540,360,180
S01010574,402,287,115
S01010575,649,415,234
S01010576,622,395,227
S01010577,616,368,248
S01010578,414,281,133
S01010579,592,452,140
S01010580,474,367,107
S01010581,661,516,145
S01010582,275,200,75
S01010583,639,489,150
S01010584,178,104,74
S01010585,168,132,36
S01010586,508,359,149
S01010587,643,441,202
S01010588,455,301,154
S01010589,555,370,185
S01010590,280,192,88
S01010591,97,66,31
S01010592,329,262,67
S01010593,433,309,124
S01010594,156,101,55
S01010595,141,90,51
S01010596,655,472,183
S01010597,244,164,80
S01010598,328,229,99
S01010599,265,198,67
S01010600,651,429,222
S01010601,557,291,266
S01010602,416,330,86
S01010603,600,386,214
S01010604,627,388,239
S01010605,762,496,266
S01010606,714,424,290
S01010607,713,465,248
S01010608,548,293,255
S01010609,431,268,163
S01010610,603,356,247
S01010611,972,655,317
S01010612,591,393,198
S01010613,583,324,259
S01010614,516,300,216
S01010615,648,483,165
S01010616,931,633,298
S01010617,782,571,211
S01010618,853,656,197
S01010619,567,395,172
S01010620,322,203,119
S01010621,800,526,274
S01010622,501,293,208
S01010623,601,400,201
S01010624,664,401,263
S01010625,605,362,243
S01010626,713,425,288
S01010627,692,454,238
S01010628,915,578,337
S01010629,888,521,367
S01010630,524,320,204
S01010631,509,300,209
S01010632,655,338,317
S01010633,619,302,317
S01010634,472,265,207
S01010635,576,314,262
S01010636,695,445,250
S01010637,646,394,252
S01010638,637,321,316
S01010639,852,448,404
S01010640,614,421,193
S01010641,834,419,415
S01010642,709,320,389
S01010643,467,192,275
S01010644,566,199,367
S01010645,615,464,151
S01010646,637,466,171
S01010647,519,372,147
S01010648,758,492,266
S01010649,568,391,177
S01010650,477,247,230
S01010651,567,372,195
S01010652,569,408,161
S01010653,603,438,165
S01010654,637,401,236
S01010655,631,388,243
S01010656,461,290,171
S01010657,574,381,193
S01010658,709,417,292
S01010659,496,343,153
S01010660,509,296,213
S01010661,553,367,186
S01010662,517,356,161
S01010663,820,505,315
S01010664,441,300,141
S01010665,625,389,236
S01010666,789,478,311
S01010667,495,309,186
S01010668,810,470,340
S01010669,434,258,176
S01010670,658,424,234
S01010671,566,353,213
S01010672,1031,658,373
S01010673,803,518,285
S01010674,805,535,270
S01010675,656,405,251
S01010676,770,491,279
S01010677,346,220,126
S01010678,652,408,244
S01010679,1054,675,379
S01010680,546,324,222
S01010681,653,443,210
S01010682,780,507,273
S01010683,637,359,278
S01010684,760,449,311
S01010685,528,290,238
S01010686,475,272,203
S01010687,748,436,312
S01010688,614,376,238
S01010689,773,429,344
S01010690,636,391,245
S01010691,602,389,213
S01010692,435,305,130
S01010693,303,187,116
S01010694,579,322,257
S01010695,531,324,207
S01010696,666,417,249
S01010697,751,453,298
S01010698,482,301,181
S01010699,393,262,131
S01010700,442,301,141
S01010701,873,552,321
S01010702,760,488,272
S01010703,634,413,221
S01010704,804,463,341
S01010705,746,452,294
S01010706,383,244,139
S01010707,497,303,194
S01010708,754,498,256
S01010709,642,410,232
S01010710,665,385,280
S01010711,458,308,150
S01010712,540,314,226
S01010713,757,514,243
S01010714,584,324,260
S01010715,615,370,245
S01010716,618,381,237
S01010717,793,518,275
S01010718,631,424,207
S01010719,578,333,245
S01010720,575,313,262
S01010721,552,320,232
S01010722,779,482,297
S01010723,715,460,255
S01010724,553,369,184
S01010725,567,393,174
S01010726,787,487,300
S01010727,465,305,160
S01010728,553,356,197
S01010729,617,431,186
S01010730,585,370,215
S01010731,623,329,294
S01010732,623,335,288
S01010733,645,310,335
S01010734,633,302,331
S01010735,623,344,279
S01010736,291,189,102
S01010737,574,326,248
S01010738,721,438,283
S01010739,564,336,228
S01010740,539,288,251
S01010741,504,310,194
S01010742,590,309,281
S01010743,633,328,305
S01010744,821,535,286
S01010745,496,246,250
S01010746,646,362,284
S01010747,720,375,345
S01010748,393,230,163
S01010749,507,312,195
S01010750,449,263,186
S01010751,754,322,432
S01010752,736,422,314
S01010753,823,464,359
S01010754,660,386,274
S01010755,617,350,267
S01010756,666,419,247
S01010757,624,363,261
S01010758,399,234,165
S01010759,459,264,195
S01010760,515,274,241
S01010761,394,232,162
S01010762,446,253,193
S01010763,660,349,311
S01010764,402,225,177
S01010765,850,455,395
S01010766,526,271,255
S01010767,426,213,213
S01010768,517,241,276
S01010769,342,214,128
S01010770,628,396,232
S01010771,751,371,380
S01010772,589,321,268
S01010773,489,285,204
S01010774,892,466,426
S01010775,404,280,124
S01010776,619,349,270
S01010777,425,241,184
S01010778,558,288,270
S01010779,609,319,290
S01010780,482,286,196
S01010781,664,450,214
S01010782,460,256,204
S01010783,679,382,297
S01010784,909,522,387
S01010785,647,433,214
S01010786,364,237,127
S01010787,608,372,236
S01010788,453,306,147
S01010789,591,404,187
S01010790,571,356,215
S01010791,701,445,256
S01010792,804,506,298
S01010793,393,268,125
S01010794,265,165,100
S01010795,906,625,281
S01010796,932,665,267
S01010797,412,271,141
S01010798,468,319,149
S01010799,734,424,310
S01010800,691,426,265
S01010801,628,371,257
S01010802,500,322,178
S01010803,403,205,198
S01010804,602,374,228
S01010805,944,623,321
S01010806,677,396,281
S01010807,418,267,151
S01010808,407,269,138
S01010809,562,387,175
S01010810,385,209,176
S01010811,674,388,286
S01010812,356,208,148
S01010813,654,402,252
S01010814,557,336,221
S01010815,483,308,175
S01010816,526,325,201
S01010817,944,598,346
S01010818,922,573,349
S01010819,673,367,306
S01010820,840,468,372
S01010821,638,365,273
S01010822,401,220,181
S01010823,324,146,178
S01010824,445,360,85
S01010825,609,388,221
S01010826,536,338,198
S01010827,521,350,171
S01010828,839,603,236
S01010829,564,368,196
S01010830,438,297,141
S01010831,233,197,36
S01010832,580,429,151
S01010833,680,443,237
S01010834,1019,609,410
S01010835,608,341,267
S01010836,740,487,253
S01010837,701,410,291
S01010838,844,461,383
S01010839,674,369,305
S01010840,523,315,208
S01010841,847,515,332
S01010842,677,349,328
S01010843,523,277,246
S01010844,654,376,278
S01010845,492,272,220
S01010846,716,419,297
S01010847,649,469,180
S01010848,763,391,372
S01010849,737,347,390
S01010850,706,335,371
S01010851,766,366,400
S01010852,718,377,341
S01010853,841,486,355
S01010854,458,205,253
S01010855,428,223,205
S01010856,661,311,350
S01010857,675,436,239
S01010858,849,397,452
S01010859,706,342,364
S01010860,704,374,330
S01010861,691,287,404
S01010862,540,192,348
S01010863,630,365,265
S01010864,529,330,199
S01010865,538,314,224
S01010866,630,338,292
S01010867,579,363,216
S01010868,580,318,262
S01010869,892,571,321
S01010870,577,341,236
S01010871,590,380,210
S01010872,638,416,222
S01010873,546,287,259
S01010874,703,465,238
S01010875,479,315,164
S01010876,538,336,202
S01010877,1006,590,416
S01010878,918,424,494
S01010879,837,528,309
S01010880,488,270,218
S01010881,619,331,288
S01010882,632,376,256
S01010883,782,512,270
S01010884,935,425,510
S01010885,1086,566,520
S01010886,606,334,272
S01010887,474,183,291
S01010888,802,420,382
S01010889,715,392,323
S01010890,583,188,395
S01010891,393,144,249
S01010892,552,223,329
S01010893,538,211,327
S01010894,356,166,190
S01010895,437,210,227
S01010896,816,347,469
S01010897,480,190,290
S01010898,825,422,403
S01010899,548,348,200
S01010900,746,427,319
S01010901,368,156,212
S01010902,700,340,360
S01010903,520,205,315
S01010904,415,222,193
S01010905,350,172,178
S01010906,587,309,278
S01010907,67,43,24
S01010908,477,232,245
S01010909,650,393,257
S01010910,556,300,256
S01010911,554,206,348
S01010912,575,243,332
S01010913,515,322,193
S01010914,734,455,279
S01010915,810,522,288
S01010916,625,287,338
S01010917,641,287,354
S01010918,971,469,502
S01010919,738,359,379
S01010920,533,198,335
S01010921,639,287,352
S01010922,754,355,399
S01010923,902,452,450
S01010924,591,329,262
S01010925,658,304,354
S01010926,788,420,368
S01010927,716,316,400
S01010928,648,283,365
S01010929,786,330,456
S01010930,481,350,131
S01010931,356,237,119
S01010932,778,476,302
S01010933,280,195,85
S01010934,822,585,237
S01010935,590,366,224
S01010936,468,276,192
S01010937,632,446,186
S01010938,655,363,292
S01010939,568,379,189
S01010940,571,399,172
S01010941,1052,752,300
S01010942,565,423,142
S01010943,643,422,221
S01010944,607,385,222
S01010945,465,339,126
S01010946,823,476,347
S01010947,622,398,224
S01010948,554,380,174
S01010949,849,584,265
S01010950,678,435,243
S01010951,590,395,195
S01010952,598,442,156
S01010953,546,374,172
S01010954,672,507,165
S01010955,556,389,167
S01010956,642,470,172
S01010957,479,346,133
S01010958,480,330,150
S01010959,497,356,141
S01010960,975,609,366
S01010961,885,525,360
S01010962,568,329,239
S01010963,749,531,218
S01010964,444,292,152
S01010965,770,450,320
S01010966,664,418,246
S01010967,661,399,262
S01010968,703,440,263
S01010969,599,379,220
S01010970,1035,615,420
S01010971,1286,859,427
S01010972,519,354,165
S01010973,504,326,178
S01010974,844,466,378
S01010975,468,271,197
S01010976,535,356,179
S01010977,552,351,201
S01010978,658,397,261
S01010979,610,365,245
S01010980,617,394,223
S01010981,590,349,241
S01010982,1045,696,349
S01010983,919,577,342
S01010984,874,565,309
S01010985,612,368,244
S01010986,313,251,62
S01010987,294,233,61
S01010988,417,356,61
S01010989,260,162,98
S01010990,575,381,194
S01010991,561,377,184
S01010992,362,230,132
S01010993,520,387,133
S01010994,952,633,319
S01010995,745,521,224
S01010996,603,445,158
S01010997,799,513,286
S01010998,695,472,223
S01010999,593,376,217
S01011000,868,549,319
S01011001,532,357,175
S01011002,566,334,232
S01011003,611,364,247
S01011004,648,447,201
S01011005,586,340,246
S01011006,454,299,155
S01011007,702,400,302
S01011008,758,475,283
S01011009,548,353,195
S01011010,697,402,295
S01011011,596,316,280
S01011012,853,463,390
S01011013,669,391,278
S01011014,706,491,215
S01011015,436,291,145
S01011016,286,202,84
S01011017,620,416,204
S01011018,1089,701,388
S01011019,697,451,246
S01011020,283,185,98
S01011021,599,338,261
S01011022,557,349,208
S01011023,602,341,261
S01011024,914,503,411
S01011025,586,375,211
S01011026,449,296,153
S01011027,792,435,357
S01011028,642,381,261
S01011029,617,386,231
S01011030,737,561,176
S01011031,551,319,232
S01011032,686,419,267
S01011033,488,326,162
S01011034,532,292,240
S01011035,468,292,176
S01011036,661,429,232
S01011037,645,397,248
S01011038,719,395,324
S01011039,639,427,212
S01011040,717,408,309
S01011041,473,215,258
S01011042,537,420,117
S01011043,765,460,305
S01011044,595,366,229
S01011045,542,333,209
S01011046,467,301,166
S01011047,762,473,289
S01011048,825,477,348
S01011049,590,353,237
S01011050,618,386,232
S01011051,620,368,252
S01011052,733,451,282
S01011053,504,290,214
S01011054,462,300,162
S01011055,411,247,164
S01011056,428,277,151
S01011057,508,304,204
S01011058,403,262,141
S01011059,506,323,183
S01011060,830,539,291
S01011061,774,479,295
S01011062,995,608,387
S01011063,788,431,357
S01011064,925,599,326
S01011065,588,352,236
S01011066,454,268,186
S01011067,678,381,297
S01011068,548,311,237
S01011069,462,246,216
S01011070,598,350,248
S01011071,658,367,291
S01011072,594,361,233
S01011073,508,304,204
S01011074,466,285,181
S01011075,675,370,305
S01011076,782,459,323
S01011077,726,408,318
S01011078,722,392,330
S01011079,910,527,383
S01011080,840,491,349
S01011081,648,390,258
S01011082,533,276,257
S01011083,746,434,312
S01011084,577,373,204
S01011085,611,397,214
S01011086,462,289,173
S01011087,669,424,245
S01011088,799,516,283
S01011089,643,374,269
S01011090,525,357,168
S01011091,497,346,151
S01011092,249,192,57
S01011093,668,476,192
S01011094,358,239,119
S01011095,690,485,205
S01011096,886,741,145
S01011097,536,366,170
S01011098,686,437,249
S01011099,652,408,244
S01011100,415,215,200
S01011101,612,360,252
S01011102,582,361,221
S01011103,557,289,268
S01011104,455,281,174
S01011105,619,424,195
S01011106,526,390,136
S01011107,215,166,49
S01011108,532,351,181
S01011109,635,430,205
S01011110,739,471,268
S01011111,863,510,353
S01011112,111,62,49
S01011113,795,457,338
S01011114,870,613,257
S01011115,716,455,261
S01011116,700,465,235
S01011117,671,444,227
S01011118,629,388,241
S01011119,594,353,241
S01011120,846,511,335
S01011121,517,315,202
S01011122,605,392,213
S01011123,886,530,356
S01011124,279,162,117
S01011125,317,206,111
S01011126,546,375,171
S01011127,318,210,108
S01011128,819,548,271
S01011129,583,371,212
S01011130,568,321,247
S01011131,537,352,185
S01011132,572,370,202
S01011133,469,286,183
S01011134,633,394,239
S01011135,781,512,269
S01011136,402,245,157
S01011137,426,283,143
S01011138,359,233,126
S01011139,557,439,118
S01011140,408,255,153
S01011141,1227,968,259
S01011142,1348,934,414
S01011143,863,566,297
S01011144,612,391,221
S01011145,632,415,217
S01011146,470,279,191
S01011147,892,534,358
S01011148,548,353,195
S01011149,659,565,94
S01011150,1007,842,165
S01011151,613,432,181
S01011152,704,435,269
S01011153,657,381,276
S01011154,464,258,206
S01011155,521,300,221
S01011156,695,476,219
S01011157,576,420,156
S01011158,460,293,167
S01011159,437,205,232
S01011160,663,429,234
S01011161,479,350,129
S01011162,553,387,166
S01011163,792,502,290
S01011164,489,350,139
S01011165,632,380,252
S01011166,498,342,156
S01011167,771,501,270
S01011168,623,423,200
S01011169,171,109,62
S01011170,586,370,216
S01011171,783,503,280
S01011172,594,378,216
S01011173,631,376,255
S01011174,747,431,316
S01011175,598,302,296
S01011176,540,282,258
S01011177,807,476,331
S01011178,572,370,202
S01011179,530,282,248
S01011180,636,341,295
S01011181,514,352,162
S01011182,400,262,138
S01011183,591,360,231
S01011184,585,413,172
S01011185,627,372,255
S01011186,874,449,425
S01011187,744,495,249
S01011188,865,500,365
S01011189,643,391,252
S01011190,672,366,306
S01011191,604,352,252
S01011192,720,479,241
S01011193,751,423,328
S01011194,543,298,245
S01011195,760,438,322
S01011196,780,426,354
S01011197,670,391,279
S01011198,577,362,215
S01011199,590,341,249
S01011200,738,491,247
S01011201,467,281,186
S01011202,759,437,322
S01011203,970,547,423
S01011204,460,298,162
S01011205,156,113,43
S01011206,468,339,129
S01011207,767,494,273
S01011208,678,520,158
S01011209,536,326,210
S01011210,492,292,200
S01011211,739,520,219
S01011212,557,323,234
S01011213,807,445,362
S01011214,780,387,393
S01011215,627,293,334
S01011216,739,328,411
S01011217,909,383,526
S01011218,683,254,429
S01011219,779,363,416
S01011220,787,391,396
S01011221,844,436,408
S01011222,504,247,257
S01011223,711,377,334
S01011224,519,234,285
S01011225,795,328,467
S01011226,731,429,302
S01011227,659,377,282
S01011228,898,443,455
S01011229,628,298,330
S01011230,1027,369,658
S01011231,789,284,505
S01011232,617,315,302
S01011233,557,273,284
S01011234,831,310,521
S01011235,369,161,208
S01011236,480,250,230
S01011237,701,252,449
S01011238,535,203,332
S01011239,728,309,419
S01011240,793,301,492
S01011241,685,361,324
S01011242,746,384,362
S01011243,597,206,391
S01011244,556,213,343
S01011245,670,272,398
S01011246,531,282,249
S01011247,665,336,329
S01011248,750,437,313
S01011249,637,401,236
S01011250,784,351,433
S01011251,616,296,320
S01011252,591,271,320
S01011253,680,272,408
S01011254,972,632,340
S01011255,123,103,20
S01011256,119,93,26
S01011257,426,222,204
S01011258,558,301,257
S01011259,625,342,283
S01011260,569,303,266
S01011261,639,234,405
S01011262,484,222,262
S01011263,455,220,235
S01011264,475,239,236
S01011265,754,319,435
S01011266,743,322,421
S01011267,540,278,262
S01011268,437,240,197
S01011269,420,206,214
S01011270,606,272,334
S01011271,745,364,381
S01011272,549,205,344
S01011273,917,435,482
S01011274,745,356,389
S01011275,638,287,351
S01011276,750,332,418
S01011277,600,420,180
S01011278,558,426,132
S01011279,591,398,193
S01011280,601,403,198
S01011281,584,419,165
S01011282,571,418,153
S01011283,396,277,119
S01011284,310,211,99
S01011285,815,402,413
S01011286,527,262,265
S01011287,692,368,324
S01011288,797,440,357
S01011289,664,338,326
S01011290,980,467,513
S01011291,815,419,396
S01011292,487,198,289
S01011293,698,313,385
S01011294,732,280,452
S01011295,785,415,370
S01011296,564,275,289
S01011297,711,319,392
S01011298,900,446,454
S01011299,388,263,125
S01011300,769,397,372
S01011301,502,332,170
S01011302,740,349,391
S01011303,908,614,294
S01011304,750,416,334
S01011305,409,199,210
S01011306,454,254,200
S01011307,724,426,298
S01011308,459,276,183
S01011309,673,370,303
S01011310,543,283,260
S01011311,860,524,336
S01011312,893,541,352
S01011313,749,435,314
S01011314,642,398,244
S01011315,290,137,153
S01011316,585,275,310
S01011317,656,335,321
S01011318,590,291,299
S01011319,814,425,389
S01011320,539,295,244
S01011321,486,309,177
S01011322,494,293,201
S01011323,767,397,370
S01011324,423,230,193
S01011325,701,381,320
S01011326,775,406,369
S01011327,616,249,367
S01011328,608,291,317
S01011329,670,359,311
S01011330,598,316,282
S01011331,537,268,269
S01011332,772,428,344
S01011333,487,253,234
S01011334,816,515,301
S01011335,712,448,264
S01011336,514,271,243
S01011337,556,337,219
S01011338,522,309,213
S01011339,529,261,268
S01011340,809,410,399
S01011341,545,328,217
S01011342,575,371,204
S01011343,664,361,303
S01011344,661,310,351
S01011345,764,410,354
S01011346,693,391,302
S01011347,803,484,319
S01011348,931,539,392
S01011349,766,560,206
S01011350,656,434,222
S01011351,585,287,298
S01011352,480,268,212
S01011353,532,330,202
S01011354,690,387,303
S01011355,853,480,373
S01011356,698,464,234
S01011357,1011,670,341
S01011358,385,318,67
S01011359,627,320,307
S01011360,460,194,266
S01011361,374,126,248
S01011362,247,155,92
S01011363,963,528,435
S01011364,399,249,150
S01011365,468,296,172
S01011366,374,185,189
S01011367,587,291,296
S01011368,69,26,43
S01011369,519,282,237
S01011370,255,121,134
S01011371,1141,618,523
S01011372,802,357,445
S01011373,647,357,290
S01011374,366,278,88
S01011375,464,293,171
S01011376,438,223,215
S01011377,416,253,163
S01011378,758,404,354
S01011379,695,478,217
S01011380,581,326,255
S01011381,575,340,235
S01011382,198,82,116
S01011383,745,258,487
S01011384,550,185,365
S01011385,737,326,411
S01011386,732,296,436
S01011387,624,246,378
S01011388,446,202,244
S01011389,561,291,270
S01011390,804,374,430
S01011391,480,238,242
S01011392,753,462,291
S01011393,652,316,336
S01011394,471,313,158
S01011395,624,311,313
S01011396,749,370,379
S01011397,531,233,298
S01011398,570,249,321
S01011399,382,177,205
S01011400,572,295,277
S01011401,769,473,296
S01011402,746,349,397
S01011403,758,418,340
S01011404,909,465,444
S01011405,575,287,288
S01011406,543,276,267
S01011407,1010,578,432
S01011408,743,340,403
S01011409,525,263,262
S01011410,670,347,323
S01011411,752,401,351
S01011412,827,492,335
S01011413,451,352,99
S01011414,812,426,386
S01011415,706,455,251
S01011416,741,513,228
S01011417,557,289,268
S01011418,636,302,334
S01011419,553,280,273
S01011420,419,187,232
S01011421,306,260,46
S01011422,367,182,185
S01011423,436,184,252
S01011424,417,246,171
S01011425,597,277,320
S01011426,718,372,346
S01011427,793,384,409
S01011428,657,309,348
S01011429,1014,422,592
S01011430,775,514,261
S01011431,953,455,498
S01011432,1625,737,888
S01011433,719,345,374
S01011434,781,449,332
S01011435,952,574,378
S01011436,948,479,469
S01011437,663,302,361
S01011438,642,302,340
S01011439,866,449,417
S01011440,756,409,347
S01011441,581,300,281
S01011442,563,285,278
S01011443,639,323,316
S01011444,803,392,411
S01011445,515,263,252
S01011446,712,459,253
S01011447,789,410,379
S01011448,882,536,346
S01011449,500,234,266
S01011450,350,227,123
S01011451,593,413,180
S01011452,735,481,254
S01011453,628,341,287
S01011454,863,411,452
S01011455,840,401,439
S01011456,880,438,442
S01011457,699,324,375
S01011458,538,345,193
S01011459,441,243,198
S01011460,716,406,310
S01011461,656,371,285
S01011462,762,466,296
S01011463,477,317,160
S01011464,211,87,124
S01011465,543,261,282
S01011466,925,524,401
S01011467,279,144,135
S01011468,91,86,5
S01011469,581,278,303
S01011470,756,358,398
S01011471,668,356,312
S01011472,1079,509,570
S01011473,764,388,376
S01011474,819,411,408
S01011475,519,211,308
S01011476,588,407,181
S01011477,744,513,231
S01011478,810,522,288
S01011479,654,394,260
S01011480,761,461,300
S01011481,466,223,243
S01011482,849,401,448
S01011483,677,439,238
S01011484,863,380,483
S01011485,751,310,441
S01011486,418,203,215
S01011487,707,312,395
S01011488,536,238,298
S01011489,410,239,171
S01011490,813,504,309
S01011491,373,145,228
S01011492,698,385,313
S01011493,729,499,230
S01011494,479,223,256
S01011495,872,443,429
S01011496,430,168,262
S01011497,643,481,162
S01011498,451,364,87
S01011499,703,443,260
S01011500,782,386,396
S01011501,547,254,293
S01011502,599,331,268
S01011503,836,462,374
S01011504,483,270,213
S01011505,496,263,233
S01011506,428,199,229
S01011507,621,308,313
S01011508,708,445,263
S01011509,503,315,188
S01011510,699,312,387
S01011511,573,267,306
S01011512,894,421,473
S01011513,709,295,414
S01011514,819,411,408
S01011515,649,449,200
S01011516,740,545,195
S01011517,458,246,212
S01011518,513,236,277
S01011519,580,308,272
S01011520,739,363,376
S01011521,995,494,501
S01011522,652,311,341
S01011523,976,578,398
S01011524,672,480,192
S01011525,662,408,254
S01011526,759,441,318
S01011527,782,447,335
S01011528,733,341,392
S01011529,829,363,466
S01011530,917,454,463
S01011531,825,446,379
S01011532,347,268,79
S01011533,517,204,313
S01011534,575,294,281
S01011535,624,265,359
S01011536,548,394,154
S01011537,676,471,205
S01011538,634,419,215
S01011539,734,318,416
S01011540,780,426,354
S01011541,674,298,376
S01011542,859,447,412
S01011543,656,280,376
S01011544,609,281,328
S01011545,740,369,371
S01011546,505,418,87
S01011547,323,288,35
S01011548,640,306,334
S01011549,803,480,323
S01011550,846,564,282
S01011551,718,373,345
S01011552,768,484,284
S01011553,195,114,81
S01011554,839,430,409
S01011555,615,303,312
S01011556,508,282,226
S01011557,711,369,342
S01011558,630,322,308
S01011559,556,262,294
S01011560,791,374,417
S01011561,578,249,329
S01011562,611,281,330
S01011563,660,260,400
S01011564,557,284,273
S01011565,657,343,314
S01011566,598,317,281
S01011567,675,295,380
S01011568,584,295,289
S01011569,609,284,325
S01011570,788,398,390
S01011571,713,320,393
S01011572,658,353,305
S01011573,479,311,168
S01011574,562,309,253
S01011575,386,194,192
S01011576,671,263,408
S01011577,491,296,195
S01011578,866,441,425
S01011579,736,459,277
S01011580,740,289,451
S01011581,680,366,314
S01011582,1055,651,404
S01011583,712,430,282
S01011584,640,341,299
S01011585,933,457,476
S01011586,541,263,278
S01011587,578,273,305
S01011588,701,322,379
S01011589,790,397,393
S01011590,869,404,465
S01011591,715,321,394
S01011592,629,293,336
S01011593,463,221,242
S01011594,543,294,249
S01011595,770,521,249
S01011596,1037,636,401
S01011597,648,446,202
S01011598,713,269,444
S01011599,708,363,345
S01011600,572,312,260
S01011601,615,484,131
S01011602,540,247,293
S01011603,804,317,487
S01011604,473,221,252
S01011605,668,354,314
S01011606,294,232,62
S01011607,665,507,158
S01011608,659,493,166
S01011609,730,267,463
S01011610,742,321,421
S01011611,544,382,162
S01011612,204,125,79
S01011613,813,545,268
S01011614,358,217,141
S01011615,652,342,310
S01011616,443,192,251
S01011617,823,382,441
S01011618,634,324,310
S01011619,584,422,162
S01011620,519,435,84
S01011621,669,455,214
S01011622,139,84,55
S01011623,708,387,321
S01011624,600,399,201
S01011625,436,291,145
S01011626,814,606,208
S01011627,460,400,60
S01011628,1031,702,329
S01011629,611,312,299
S01011630,498,279,219
S01011631,655,294,361
S01011632,790,380,410
S01011633,868,455,413
S01011634,669,344,325
S01011635,493,266,227
S01011636,628,285,343
S01011637,540,273,267
S01011638,540,282,258
S01011639,443,218,225
S01011640,776,387,389
S01011641,785,555,230
S01011642,682,420,262
S01011643,352,199,153
S01011644,608,331,277
S01011645,475,269,206
S01011646,752,484,268
S01011647,821,612,209
S01011648,326,170,156
S01011649,291,142,149
S01011650,892,511,381
S01011651,603,331,272
S01011652,707,499,208
S01011653,836,397,439
S01011654,805,416,389
S01011655,654,293,361
S01011656,548,217,331
S01011657,444,183,261
S01011658,767,386,381
S01011659,726,363,363
S01011660,944,593,351
S01011661,872,453,419
S01011662,360,260,100
S01011663,667,312,355
S01011664,872,366,506
S01011665,831,417,414
S01011666,785,325,460
S01011667,777,374,403
S01011668,1110,518,592
S01011669,729,401,328
S01011670,620,325,295
S01011671,575,309,266
S01011672,610,343,267
S01011673,598,290,308
S01011674,623,322,301
S01011675,774,367,407
S01011676,612,272,340
S01011677,111,56,55
S01011678,389,180,209
S01011679,473,241,232
S01011680,919,434,485
S01011681,566,328,238
S01011682,609,363,246
S01011683,648,387,261
S01011684,541,323,218
S01011685,216,120,96
S01011686,755,507,248
S01011687,743,419,324
S01011688,806,489,317
S01011689,413,265,148
S01011690,633,366,267
S01011691,248,148,100
S01011692,958,428,530
S01011693,735,470,265
S01011694,82,48,34
S01011695,753,505,248
S01011696,127,73,54
S01011697,349,167,182
S01011698,570,304,266
S01011699,699,466,233
S01011700,671,366,305
S01011701,652,424,228
S01011702,661,390,271
S01011703,585,387,198
S01011704,601,456,145
S01011705,673,389,284
S01011706,707,372,335
S01011707,559,346,213
S01011708,811,447,364
S01011709,872,522,350
S01011710,508,262,246
S01011711,892,370,522
S01011712,446,264,182
S01011713,1002,643,359
S01011714,354,245,109
S01011715,805,475,330
S01011716,737,590,147
S01011717,720,478,242
S01011718,185,125,60
S01011719,568,440,128
S01011720,573,392,181
S01011721,620,355,265
S01011722,1109,637,472
S01011723,740,456,284
S01011724,486,346,140
S01011725,461,385,76
S01011726,439,356,83
S01011727,188,123,65
S01011728,796,498,298
S01011729,896,446,450
S01011730,830,562,268
S01011731,903,579,324
S01011732,802,543,259
S01011733,716,461,255
S01011734,735,430,305
S01011735,658,431,227
S01011736,903,557,346
S01011737,765,436,329
S01011738,632,364,268
S01011739,484,287,197
S01011740,497,251,246
S01011741,771,395,376
S01011742,686,394,292
S01011743,557,335,222
S01011744,557,256,301
S01011745,798,398,400
S01011746,629,304,325
S01011747,784,367,417
S01011748,747,435,312
S01011749,634,380,254
S01011750,643,340,303
S01011751,874,489,385
S01011752,854,542,312
S01011753,718,446,272
S01011754,742,424,318
S01011755,779,499,280
S01011756,916,568,348
S01011757,714,415,299
S01011758,513,314,199
S01011759,731,460,271
S01011760,742,458,284
S01011761,471,262,209
S01011762,694,389,305
S01011763,675,431,244
S01011764,312,203,109
S01011765,1001,779,222
S01011766,587,430,157
S01011767,980,593,387
S01011768,676,386,290
S01011769,657,329,328
S01011770,743,401,342
S01011771,501,396,105
S01011772,815,585,230
S01011773,401,326,75
S01011774,571,387,184
S01011775,536,435,101
S01011776,316,254,62
S01011777,456,354,102
S01011778,444,355,89
S01011779,576,411,165
S01011780,560,388,172
S01011781,710,500,210
S01011782,646,450,196
S01011783,457,335,122
S01011784,692,399,293
S01011785,864,527,337
S01011786,150,129,21
S01011787,813,354,459
S01011788,330,251,79
S01011789,919,625,294
S01011790,901,526,375
S01011791,588,327,261
S01011792,631,341,290
S01011793,503,309,194
S01011794,641,326,315
S01011795,576,314,262
S01011796,601,336,265
S01011797,705,471,234
S01011798,435,238,197
S01011799,863,579,284
S01011800,556,332,224
S01011801,508,297,211
S01011802,561,270,291
S01011803,489,274,215
S01011804,690,438,252
S01011805,682,430,252
S01011806,820,545,275
S01011807,716,502,214
S01011808,640,417,223
S01011809,429,305,124
S01011810,766,512,254
S01011811,649,445,204
S01011812,708,453,255
S01011813,593,422,171
S01011814,433,289,144
S01011815,373,274,99
S01011816,481,331,150
S01011817,476,340,136
S01011818,935,683,252
S01011819,952,626,326
S01011820,489,296,193
S01011821,342,212,130
S01011822,599,390,209
S01011823,482,300,182
S01011824,731,496,235
S01011825,411,234,177
S01011826,529,365,164
S01011827,438,267,171
S01011828,634,387,247
S01011829,335,213,122
S01011830,609,377,232
S01011831,747,455,292
S01011832,538,394,144
S01011833,610,390,220
S01011834,475,334,141
S01011835,431,262,169
S01011836,818,539,279
S01011837,576,398,178
S01011838,866,581,285
S01011839,855,577,278
S01011840,915,635,280
S01011841,979,591,388
S01011842,996,593,403
S01011843,875,606,269
S01011844,660,434,226
S01011845,571,333,238
S01011846,664,436,228
S01011847,331,241,90
S01011848,567,389,178
S01011849,536,352,184
S01011850,746,491,255
S01011851,578,368,210
S01011852,626,408,218
S01011853,616,426,190
S01011854,757,465,292
S01011855,840,537,303
S01011856,518,299,219
S01011857,766,493,273
S01011858,557,285,272
S01011859,735,372,363
S01011860,503,317,186
S01011861,553,325,228
S01011862,659,383,276
S01011863,729,404,325
S01011864,574,355,219
S01011865,517,328,189
S01011866,788,513,275
S01011867,659,372,287
S01011868,612,378,234
S01011869,553,355,198
S01011870,502,323,179
S01011871,702,477,225
S01011872,632,414,218
S01011873,545,378,167
S01011874,640,423,217
S01011875,817,489,328
S01011876,719,474,245
S01011877,591,383,208
S01011878,1096,622,474
S01011879,563,402,161
S01011880,708,499,209
S01011881,532,354,178
S01011882,659,401,258
S01011883,1274,760,514
S01011884,278,195,83
S01011885,315,216,99
S01011886,653,444,209
S01011887,550,329,221
S01011888,903,503,400
S01011889,657,396,261
S01011890,659,408,251
S01011891,806,368,438
S01011892,864,647,217
S01011893,766,530,236
S01011894,538,352,186
S01011895,802,478,324
S01011896,685,436,249
S01011897,780,490,290
S01011898,578,341,237
S01011899,825,539,286
S01011900,544,379,165
S01011901,584,369,215
S01011902,852,499,353
S01011903,734,444,290
S01011904,729,503,226
S01011905,552,378,174
S01011906,281,193,88
S01011907,670,515,155
S01011908,440,315,125
S01011909,389,332,57
S01011910,864,486,378
S01011911,546,317,229
S01011912,570,302,268
S01011913,633,383,250
S01011914,677,389,288
S01011915,637,374,263
S01011916,655,380,275
S01011917,479,292,187
S01011918,638,331,307
S01011919,653,383,270
S01011920,507,306,201
S01011921,452,257,195
S01011922,670,411,259
S01011923,604,371,233
S01011924,702,475,227
S01011925,165,77,88
S01011926,645,429,216
S01011927,471,302,169
S01011928,685,479,206
S01011929,520,343,177
S01011930,564,357,207
S01011931,525,263,262
S01011932,313,159,154
S01011933,824,554,270
S01011934,569,335,234
S01011935,769,481,288
S01011936,542,346,196
S01011937,237,144,93
S01011938,365,227,138
S01011939,681,415,266
S01011940,696,465,231
S01011941,713,453,260
S01011942,533,341,192
S01011943,952,545,407
S01011944,357,229,128
S01011945,1085,628,457
S01011946,568,320,248
S01011947,503,325,178
S01011948,666,417,249
S01011949,756,464,292
S01011950,699,411,288
S01011951,590,380,210
S01011952,302,194,108
S01011953,703,426,277
S01011954,445,262,183
S01011955,772,463,309
S01011956,537,348,189
S01011957,610,396,214
S01011958,1129,676,453
S01011959,734,466,268
S01011960,544,367,177
S01011961,801,566,235
S01011962,466,326,140
S01011963,436,283,153
S01011964,780,532,248
S01011965,728,442,286
S01011966,551,326,225
S01011967,794,481,313
S01011968,918,589,329
S01011969,1240,738,502
S01011970,1150,697,453
S01011971,429,289,140
S01011972,1237,792,445
S01011973,424,270,154
S01011974,523,339,184
S01011975,322,200,122
S01011976,661,404,257
S01011977,905,545,360
S01011978,878,486,392
S01011979,641,346,295
S01011980,355,245,110
S01011981,836,567,269
S01011982,1075,661,414
S01011983,921,608,313
S01011984,422,213,209
S01011985,481,301,180
S01011986,703,401,302
S01011987,787,481,306
S01011988,530,291,239
S01011989,556,321,235
S01011990,530,292,238
S01011991,681,401,280
S01011992,640,394,246
S01011993,652,391,261
S01011994,595,346,249
S01011995,555,391,164
S01011996,570,360,210
S01011997,849,569,280
S01011998,507,348,159
S01011999,487,313,174
S01012000,416,299,117
S01012001,593,419,174
S01012002,570,346,224
S01012003,660,436,224
S01012004,848,552,296
S01012005,537,364,173
S01012006,782,454,328
S01012007,647,408,239
S01012008,939,559,380
S01012009,493,345,148
S01012010,1049,660,389
S01012011,982,623,359
S01012012,495,287,208
S01012013,595,355,240
S01012014,1185,774,411
S01012015,817,498,319
S01012016,549,362,187
S01012017,521,294,227
S01012018,650,439,211
S01012019,511,356,155
S01012020,742,454,288
S01012021,643,393,250
S01012022,824,506,318
S01012023,484,349,135
S01012024,821,612,209
S01012025,552,366,186
S01012026,373,213,160
S01012027,959,490,469
S01012028,804,547,257
S01012029,717,428,289
S01012030,1119,657,462
S01012031,639,313,326
S01012032,311,210,101
S01012033,703,384,319
S01012034,693,410,283
S01012035,890,543,347
S01012036,937,580,357
S01012037,933,465,468
S01012038,740,294,446
S01012039,812,431,381
S01012040,498,342,156
S01012041,962,534,428
S01012042,781,431,350
S01012043,631,322,309
S01012044,739,295,444
S01012045,936,429,507
S01012046,716,323,393
S01012047,746,376,370
S01012048,471,249,222
S01012049,572,388,184
S01012050,711,502,209
S01012051,387,245,142
S01012052,674,355,319
S01012053,734,369,365
S01012054,887,457,430
S01012055,658,294,364
S01012056,728,458,270
S01012057,619,376,243
S01012058,568,320,248
S01012059,773,421,352
S01012060,646,299,347
S01012061,832,508,324
S01012062,709,514,195
S01012063,529,419,110
S01012064,492,215,277
S01012065,484,129,355
S01012066,648,378,270
S01012067,467,186,281
S01012068,527,188,339
S01012069,479,201,278
S01012070,694,253,441
S01012071,642,307,335
S01012072,791,459,332
S01012073,475,309,166
S01012074,521,409,112
S01012075,761,544,217
S01012076,729,432,297
S01012077,595,333,262
S01012078,594,434,160
S01012079,752,398,354
S01012080,735,432,303
S01012081,570,292,278
S01012082,736,381,355
S01012083,859,386,473
S01012084,553,390,163
S01012085,678,420,258
S01012086,725,363,362
S01012087,636,349,287
S01012088,435,326,109
S01012089,726,531,195
S01012090,927,606,321
S01012091,682,478,204
S01012092,554,394,160
S01012093,485,332,153
S01012094,702,432,270
S01012095,879,575,304
S01012096,680,347,333
S01012097,508,254,254
S01012098,698,382,316
S01012099,732,359,373
S01012100,1091,630,461
S01012101,726,454,272
S01012102,678,359,319
S01012103,838,594,244
S01012104,660,474,186
S01012105,790,577,213
S01012106,797,558,239
S01012107,545,325,220
S01012108,804,314,490
S01012109,826,470,356
S01012110,721,416,305
S01012111,894,448,446
S01012112,782,374,408
S01012113,781,406,375
S01012114,925,471,454
S01012115,548,270,278
S01012116,519,273,246
S01012117,406,166,240
S01012118,658,361,297
S01012119,791,538,253
S01012120,470,246,224
S01012121,629,305,324
S01012122,742,392,350
S01012123,596,340,256
S01012124,529,352,177
S01012125,715,343,372
S01012126,431,306,125
S01012127,664,426,238
S01012128,355,219,136
S01012129,693,430,263
S01012130,769,344,425
S01012131,1020,583,437
S01012132,671,333,338
S01012133,862,495,367
S01012134,867,535,332
S01012135,970,507,463
S01012136,673,376,297
S01012137,623,319,304
S01012138,845,536,309
S01012139,676,349,327
S01012140,687,424,263
S01012141,958,631,327
S01012142,717,424,293
S01012143,937,558,379
S01012144,756,451,305
S01012145,882,553,329
S01012146,718,366,352
S01012147,659,312,347
S01012148,549,283,266
S01012149,612,379,233
S01012150,622,271,351
S01012151,812,391,421
S01012152,744,328,416
S01012153,288,168,120
S01012154,482,265,217
S01012155,650,399,251
S01012156,961,570,391
S01012157,718,457,261
S01012158,698,442,256
S01012159,468,318,150
S01012160,789,519,270
S01012161,383,177,206
S01012162,531,222,309
S01012163,463,317,146
S01012164,311,248,63
S01012165,670,342,328
S01012166,629,359,270
S01012167,495,279,216
S01012168,869,524,345
S01012169,710,410,300
S01012170,1025,551,474
S01012171,971,554,417
S01012172,811,453,358
S01012173,607,355,252
S01012174,807,574,233
S01012175,898,671,227
S01012176,1174,836,338
S01012177,741,526,215
S01012178,847,612,235
S01012179,572,320,252
S01012180,494,248,246
S01012181,835,436,399
S01012182,502,307,195
S01012183,479,282,197
S01012184,95,41,54
S01012185,582,345,237
S01012186,654,347,307
S01012187,687,383,304
S01012188,482,298,184
S01012189,526,351,175
S01012190,262,216,46
S01012191,891,607,284
S01012192,405,243,162
S01012193,536,414,122
S01012194,589,469,120
S01012195,693,477,216
S01012196,414,321,93
S01012197,820,484,336
S01012198,832,555,277
S01012199,722,451,271
S01012200,501,301,200
S01012201,857,534,323
S01012202,454,287,167
S01012203,797,568,229
S01012204,607,446,161
S01012205,755,571,184
S01012206,767,569,198
S01012207,902,556,346
S01012208,1014,579,435
S01012209,784,433,351
S01012210,497,274,223
S01012211,862,523,339
S01012212,1014,712,302
S01012213,967,636,331
S01012214,646,407,239
S01012215,869,625,244
S01012216,1016,720,296
S01012217,428,200,228
S01012218,550,292,258
S01012219,716,312,404
S01012220,620,283,337
S01012221,621,296,325
S01012222,932,484,448
S01012223,606,283,323
S01012224,882,482,400
S01012225,858,427,431
S01012226,682,437,245
S01012227,720,432,288
S01012228,626,388,238
S01012229,673,503,170
S01012230,838,608,230
S01012231,631,458,173
S01012232,890,656,234
S01012233,678,481,197
S01012234,987,709,278
S01012235,648,435,213
S01012236,700,430,270
S01012237,645,405,240
S01012238,442,247,195
S01012239,436,248,188
S01012240,561,313,248
S01012241,550,363,187
S01012242,676,479,197
S01012243,740,453,287
S01012244,795,547,248
S01012245,989,654,335
S01012246,681,522,159
S01012247,515,357,158
S01012248,584,431,153
S01012249,735,507,228
S01012250,634,448,186
S01012251,843,511,332
S01012252,893,568,325
S01012253,711,480,231
S01012254,636,451,185
S01012255,568,398,170
S01012256,615,428,187
S01012257,851,564,287
S01012258,798,535,263
S01012259,641,387,254
S01012260,614,389,225
S01012261,351,236,115
S01012262,714,484,230
S01012263,541,317,224
S01012264,214,122,92
S01012265,897,552,345
S01012266,735,462,273
S01012267,597,398,199
S01012268,845,537,308
S01012269,655,441,214
S01012270,625,397,228
S01012271,828,617,211
S01012272,527,368,159
S01012273,496,341,155
S01012274,848,605,243
S01012275,514,333,181
S01012276,1122,766,356
S01012277,874,584,290
S01012278,885,507,378
S01012279,813,558,255
S01012280,816,499,317
S01012281,739,468,271
S01012282,840,438,402
S01012283,660,428,232
S01012284,553,326,227
S01012285,530,354,176
S01012286,822,520,302
S01012287,986,389,597
S01012288,744,396,348
S01012289,690,394,296
S01012290,420,271,149
S01012291,582,404,178
S01012292,753,443,310
S01012293,460,312,148
S01012294,768,546,222
S01012295,211,138,73
S01012296,419,299,120
S01012297,409,303,106
S01012298,625,434,191
S01012299,409,279,130
S01012300,862,530,332
S01012301,705,475,230
S01012302,525,333,192
S01012303,638,412,226
S01012304,839,545,294
S01012305,644,402,242
S01012306,602,340,262
S01012307,709,433,276
S01012308,595,410,185
S01012309,722,425,297
S01012310,1031,636,395
S01012311,692,396,296
S01012312,766,502,264
S01012313,600,380,220
S01012314,636,362,274
S01012315,544,308,236
S01012316,505,275,230
S01012317,318,182,136
S01012318,634,395,239
S01012319,561,359,202
S01012320,542,319,223
S01012321,569,366,203
S01012322,793,503,290
S01012323,688,438,250
S01012324,711,431,280
S01012325,456,248,208
S01012326,680,420,260
S01012327,710,418,292
S01012328,639,398,241
S01012329,763,517,246
S01012330,539,334,205
S01012331,589,357,232
S01012332,701,485,216
S01012333,697,431,266
S01012334,725,449,276
S01012335,1117,825,292
S01012336,654,415,239
S01012337,699,393,306
S01012338,497,301,196
S01012339,578,393,185
S01012340,478,331,147
S01012341,617,418,199
S01012342,629,428,201
S01012343,674,468,206
S01012344,660,448,212
S01012345,542,371,171
S01012346,637,425,212
S01012347,495,306,189
S01012348,642,397,245
S01012349,889,564,325
S01012350,841,521,320
S01012351,701,453,248
S01012352,815,551,264
S01012353,600,373,227
S01012354,684,388,296
S01012355,716,441,275
S01012356,814,513,301
S01012357,696,448,248
S01012358,623,412,211
S01012359,693,376,317
S01012360,532,267,265
S01012361,664,348,316
S01012362,729,324,405
S01012363,926,523,403
S01012364,637,413,224
S01012365,966,658,308
S01012366,716,468,248
S01012367,841,514,327
S01012368,671,421,250
S01012369,881,538,343
S01012370,916,540,376
S01012371,853,529,324
S01012372,796,504,292
S01012373,952,585,367
S01012374,720,477,243
S01012375,947,560,387
S01012376,624,429,195
S01012377,485,304,181
S01012378,570,392,178
S01012379,416,285,131
S01012380,1044,690,354
S01012381,748,479,269
S01012382,833,571,262
S01012383,832,515,317
S01012384,373,252,121
S01012385,590,433,157
S01012386,790,463,327
S01012387,684,472,212
S01012388,472,356,116
S01012389,557,422,135
S01012390,461,337,124
S01012391,660,512,148
S01012392,434,330,104
S01012393,841,629,212
S01012394,748,535,213
S01012395,600,418,182
S01012396,675,460,215
S01012397,634,402,232
S01012398,732,513,219
S01012399,643,436,207
S01012400,643,444,199
S01012401,736,511,225
S01012402,255,215,40
S01012403,713,535,178
S01012404,836,583,253
S01012405,436,349,87
S01012406,489,345,144
S01012407,628,474,154
S01012408,536,382,154
S01012409,728,515,213
S01012410,889,658,231
S01012411,919,634,285
S01012412,465,305,160
S01012413,755,482,273
S01012414,578,399,179
S01012415,544,373,171
S01012416,377,256,121
S01012417,460,259,201
S01012418,669,388,281
S01012419,802,485,317
S01012420,828,453,375
S01012421,756,435,321
S01012422,990,572,418
S01012423,799,509,290
S01012424,653,362,291
S01012425,466,179,287
S01012426,477,225,252
S01012427,599,309,290
S01012428,688,371,317
S01012429,377,180,197
S01012430,754,441,313
S01012431,794,466,328
S01012432,615,320,295
S01012433,628,338,290
S01012434,603,326,277
S01012435,661,358,303
S01012436,725,390,335
S01012437,602,352,250
S01012438,456,230,226
S01012439,654,394,260
S01012440,411,269,142
S01012441,735,486,249
S01012442,533,314,219
S01012443,500,302,198
S01012444,855,462,393
S01012445,81,45,36
S01012446,528,332,196
S01012447,723,472,251
S01012448,355,230,125
S01012449,430,254,176
S01012450,626,423,203
S01012451,671,305,366
S01012452,516,280,236
S01012453,611,349,262
S01012454,868,526,342
S01012455,447,249,198
S01012456,815,479,336
S01012457,828,460,368
S01012458,673,365,308
S01012459,647,434,213
S01012460,672,414,258
S01012461,560,294,266
S01012462,720,337,383
S01012463,762,394,368
S01012464,516,303,213
S01012465,767,417,350
S01012466,767,416,351
S01012467,908,489,419
S01012468,647,384,263
S01012469,741,447,294
S01012470,760,368,392
S01012471,580,333,247
S01012472,640,347,293
S01012473,532,342,190
S01012474,579,297,282
S01012475,522,267,255
S01012476,802,421,381
S01012477,662,440,222
S01012478,593,355,238
S01012479,823,572,251
S01012480,145,83,62
S01012481,616,333,283
S01012482,616,309,307
S01012483,559,272,287
S01012484,888,516,372
S01012485,863,467,396
S01012486,500,246,254
S01012487,474,279,195
S01012488,755,447,308
S01012489,818,392,426
S01012490,822,369,453
S01012491,525,228,297
S01012492,724,271,453
S01012493,542,241,301
S01012494,1092,558,534
S01012495,810,419,391
S01012496,621,286,335
S01012497,468,193,275
S01012498,657,266,391
S01012499,814,486,328
S01012500,460,217,243
S01012501,631,243,388
S01012502,677,273,404
S01012503,529,234,295
S01012504,461,225,236
S01012505,817,428,389
S01012506,344,193,151
S01012507,716,379,337
S01012508,600,304,296
S01012509,425,265,160
S01012510,839,581,258
S01012511,621,388,233
S01012512,635,340,295
S01012513,447,338,109
S01012514,589,481,108
S01012515,553,264,289
S01012516,461,281,180
S01012517,672,439,233
S01012518,577,337,240
S01012519,607,361,246
S01012520,574,365,209
S01012521,579,335,244
S01012522,698,411,287
S01012523,792,453,339
S01012524,790,473,317
S01012525,775,482,293
S01012526,697,402,295
S01012527,523,274,249
S01012528,576,326,250
S01012529,701,401,300
S01012530,826,467,359
S01012531,626,353,273
S01012532,830,551,279
S01012533,622,332,290
S01012534,698,388,310
S01012535,703,381,322
S01012536,651,373,278
S01012537,927,455,472
S01012538,753,396,357
S01012539,640,373,267
S01012540,798,433,365
S01012541,747,463,284
S01012542,934,503,431
S01012543,528,342,186
S01012544,432,234,198
S01012545,393,208,185
S01012546,720,405,315
S01012547,588,337,251
S01012548,659,395,264
S01012549,638,331,307
S01012550,785,448,337
S01012551,932,609,323
S01012552,727,444,283
S01012553,625,443,182
S01012554,546,351,195
S01012555,425,303,122
S01012556,463,316,147
S01012557,644,364,280
S01012558,610,347,263
S01012559,619,312,307
S01012560,797,454,343
S01012561,879,484,395
S01012562,734,411,323
S01012563,578,343,235
S01012564,670,409,261
S01012565,640,366,274
S01012566,639,339,300
S01012567,741,427,314
S01012568,758,416,342
S01012569,518,306,212
S01012570,608,386,222
S01012571,576,332,244
S01012572,448,294,154
S01012573,649,439,210
S01012574,915,614,301
S01012575,620,407,213
S01012576,703,457,246
S01012577,744,475,269
S01012578,983,610,373
S01012579,542,350,192
S01012580,562,385,177
S01012581,1004,406,598
S01012582,503,314,189
S01012583,552,313,239
S01012584,479,309,170
S01012585,1035,598,437
S01012586,796,358,438
S01012587,585,403,182
S01012588,517,351,166
S01012589,651,353,298
S01012590,795,401,394
S01012591,842,422,420
S01012592,334,233,101
S01012593,698,505,193
S01012594,574,374,200
S01012595,702,409,293
S01012596,515,234,281
S01012597,254,128,126
S01012598,561,366,195
S01012599,557,344,213
S01012600,566,407,159
S01012601,666,487,179
S01012602,515,270,245
S01012603,552,284,268
S01012604,686,383,303
S01012605,546,328,218
S01012606,206,176,30
S01012607,603,367,236
S01012608,814,452,362
S01012609,693,371,322
S01012610,879,455,424
S01012611,740,465,275
S01012612,893,498,395
S01012613,940,563,377
S01012614,752,464,288
S01012615,766,483,283
S01012616,574,362,212
S01012617,251,186,65
S01012618,519,340,179
S01012619,523,310,213
S01012620,779,481,298
S01012621,746,433,313
S01012622,696,419,277
S01012623,665,354,311
S01012624,626,350,276
S01012625,575,312,263
S01012626,572,377,195
S01012627,477,285,192
S01012628,415,243,172
S01012629,242,147,95
S01012630,603,344,259
S01012631,747,407,340
S01012632,406,281,125
S01012633,692,413,279
S01012634,921,541,380
S01012635,1039,682,357
S01012636,535,338,197
S01012637,800,392,408
S01012638,783,471,312
S01012639,1033,578,455
S01012640,1019,530,489
S01012641,570,326,244
S01012642,1157,612,545
S01012643,409,201,208
S01012644,395,178,217
S01012645,706,460,246
S01012646,687,448,239
S01012647,246,171,75
S01012648,543,279,264
S01012649,626,361,265
S01012650,602,397,205
S01012651,596,302,294
S01012652,818,547,271
S01012653,681,364,317
S01012654,681,434,247
S01012655,921,492,429
S01012656,715,364,351
S01012657,652,414,238
S01012658,762,498,264
S01012659,382,288,94
S01012660,555,289,266
S01012661,716,425,291
S01012662,786,434,352
S01012663,690,434,256
S01012664,731,454,277
S01012665,682,296,386
S01012666,698,335,363
S01012667,542,250,292
S01012668,851,429,422
S01012669,842,533,309
S01012670,562,352,210
S01012671,891,455,436
S01012672,544,246,298
S01012673,829,371,458
S01012674,553,208,345
S01012675,805,423,382
S01012676,659,414,245
S01012677,450,248,202
S01012678,580,426,154
S01012679,419,209,210
S01012680,190,111,79
S01012681,520,346,174
S01012682,630,390,240
S01012683,673,391,282
S01012684,323,213,110
S01012685,862,516,346
S01012686,913,559,354
S01012687,1103,650,453
S01012688,702,398,304
S01012689,479,276,203
S01012690,405,273,132
S01012691,770,507,263
S01012692,728,467,261
S01012693,707,491,216
S01012694,437,300,137
S01012695,553,345,208
S01012696,496,338,158
S01012697,389,283,106
S01012698,832,547,285
S01012699,730,445,285
S01012700,695,448,247
S01012701,951,598,353
S01012702,345,193,152
S01012703,515,356,159
S01012704,516,266,250
S01012705,526,417,109
S01012706,744,422,322
S01012707,759,553,206
S01012708,750,358,392
S01012709,564,282,282
S01012710,677,345,332
S01012711,955,467,488
S01012712,803,464,339
S01012713,919,493,426
S01012714,576,338,238
S01012715,734,397,337
S01012716,911,565,346
S01012717,737,455,282
S01012718,555,337,218
S01012719,677,363,314
S01012720,535,310,225
S01012721,566,313,253
S01012722,907,393,514
S01012723,657,298,359
S01012724,581,319,262
S01012725,715,422,293
S01012726,715,373,342
S01012727,738,310,428
S01012728,765,298,467
S01012729,806,496,310
S01012730,501,284,217
S01012731,636,307,329
S01012732,707,431,276
S01012733,160,116,44
S01012734,83,53,30
S01012735,499,273,226
S01012736,1022,666,356
S01012737,966,655,311
S01012738,469,246,223
S01012739,95,69,26
S01012740,64,32,32
S01012741,536,419,117
S01012742,811,540,271
S01012743,789,506,283
S01012744,604,438,166
S01012745,673,383,290
S01012746,851,581,270
S01012747,960,552,408
S01012748,635,258,377
S01012749,619,303,316
S01012750,591,306,285
S01012751,1073,527,546
S01012752,522,276,246
S01012753,382,179,203
S01012754,713,363,350
S01012755,455,203,252
S01012756,774,421,353
S01012757,397,188,209
S01012758,504,263,241
S01012759,631,291,340
S01012760,675,268,407
S01012761,814,413,401
S01012762,712,407,305
S01012763,532,288,244
S01012764,737,409,328
S01012765,474,226,248
S01012766,585,257,328
S01012767,711,458,253
S01012768,773,536,237
S01012769,384,256,128
S01012770,580,343,237
S01012771,668,367,301
S01012772,905,462,443
S01012773,957,497,460
S01012774,699,376,323
S01012775,535,277,258
S01012776,735,395,340
S01012777,424,268,156
S01012778,563,245,318
S01012779,492,242,250
S01012780,557,240,317
S01012781,482,310,172
S01012782,689,294,395
S01012783,745,331,414
S01012784,696,350,346
S01012785,578,240,338
S01012786,654,230,424
S01012787,283,127,156
S01012788,784,413,371
S01012789,847,477,370
S01012790,381,234,147
S01012791,687,398,289
S01012792,795,445,350
S01012793,673,315,358
S01012794,193,124,69
S01012795,896,354,542
S01012796,410,149,261
S01012797,461,183,278
S01012798,625,386,239
S01012799,861,546,315
S01012800,637,418,219
S01012801,203,129,74
S01012802,501,299,202
S01012803,731,517,214
S01012804,639,329,310
S01012805,772,395,377
S01012806,814,413,401
S01012807,519,323,196
S01012808,657,385,272
S01012809,651,411,240
S01012810,637,359,278
S01012811,701,405,296
S01012812,748,472,276
S01012813,835,517,318
S01012814,621,487,134
S01012815,485,358,127
S01012816,334,206,128
S01012817,238,186,52
S01012818,623,482,141
S01012819,920,451,469
S01012820,494,352,142
S01012821,316,188,128
S01012822,569,282,287
S01012823,274,216,58
S01012824,689,401,288
S01012825,516,227,289
S01012826,425,209,216
S01012827,302,131,171
S01012828,438,310,128
S01012829,575,239,336
S01012830,530,269,261
S01012831,594,285,309
S01012832,460,246,214
S01012833,778,331,447
S01012834,604,299,305
S01012835,738,377,361
S01012836,47,23,24
S01012837,759,354,405
S01012838,669,249,420
S01012839,618,454,164
S01012840,339,246,93
S01012841,647,444,203
S01012842,857,572,285
S01012843,812,541,271
S01012844,749,500,249
S01012845,715,437,278
S01012846,740,355,385
S01012847,620,398,222
S01012848,447,290,157
S01012849,700,359,341
S01012850,757,342,415
S01012851,783,399,384
S01012852,827,551,276
S01012853,794,445,349
S01012854,823,582,241
S01012855,792,520,272
S01012856,695,328,367
S01012857,970,442,528
S01012858,636,339,297
S01012859,735,439,296
S01012860,586,355,231
S01012861,503,333,170
S01012862,573,263,310
S01012863,610,302,308
S01012864,612,275,337
S01012865,898,483,415
S01012866,738,401,337
S01012867,696,252,444
S01012868,619,266,353
S01012869,417,135,282
S01012870,745,416,329
S01012871,779,502,277
S01012872,702,476,226
S01012873,844,569,275
S01012874,675,335,340
S01012875,451,213,238
S01012876,720,303,417
S01012877,613,274,339
S01012878,734,516,218
S01012879,749,433,316
S01012880,803,471,332
S01012881,973,536,437
S01012882,539,259,280
S01012883,803,306,497
S01012884,428,190,238
S01012885,689,389,300
S01012886,760,450,310
S01012887,576,332,244
S01012888,708,403,305
S01012889,562,338,224
S01012890,504,254,250
S01012891,611,294,317
S01012892,919,412,507
S01012893,770,331,439
S01012894,194,125,69
S01012895,344,223,121
S01012896,887,497,390
S01012897,516,329,187
S01012898,204,111,93
S01012899,548,297,251
S01012900,604,370,234
S01012901,1036,692,344
S01012902,816,530,286
S01012903,819,480,339
S01012904,793,494,299
S01012905,722,403,319
S01012906,892,581,311
S01012907,856,476,380
S01012908,878,457,421
S01012909,678,403,275
S01012910,1008,541,467
S01012911,640,354,286
S01012912,853,437,416
S01012913,760,435,325
S01012914,712,386,326
S01012915,469,271,198
S01012916,785,474,311
S01012917,574,370,204
S01012918,689,377,312
S01012919,378,212,166
S01012920,529,339,190
S01012921,587,346,241
S01012922,581,358,223
S01012923,688,467,221
S01012924,530,346,184
S01012925,527,333,194
S01012926,596,414,182
S01012927,623,409,214
S01012928,719,471,248
S01012929,721,417,304
S01012930,605,301,304
S01012931,845,445,400
S01012932,483,291,192
S01012933,634,350,284
S01012934,640,311,329
S01012935,1087,578,509
S01012936,587,339,248
S01012937,678,415,263
S01012938,671,488,183
S01012939,571,420,151
S01012940,675,475,200
S01012941,597,449,148
S01012942,661,344,317
S01012943,661,467,194
S01012944,584,409,175
S01012945,514,395,119
S01012946,558,428,130
S01012947,464,356,108
S01012948,875,638,237
S01012949,653,467,186
S01012950,624,454,170
S01012951,384,285,99
S01012952,457,268,189
S01012953,608,446,162
S01012954,381,283,98
S01012955,439,250,189
S01012956,733,407,326
S01012957,638,362,276
S01012958,449,307,142
S01012959,466,359,107
S01012960,581,356,225
S01012961,804,632,172
S01012962,792,561,231
S01012963,303,220,83
S01012964,219,162,57
S01012965,464,377,87
S01012966,750,538,212
S01012967,808,521,287
S01012968,708,447,261
S01012969,803,499,304
S01012970,705,437,268
S01012971,770,467,303
S01012972,599,356,243
S01012973,741,465,276
S01012974,869,492,377
S01012975,598,369,229
S01012976,583,357,226
S01012977,714,461,253
S01012978,783,476,307
S01012979,596,393,203
S01012980,651,416,235
S01012981,678,393,285
S01012982,668,445,223
S01012983,616,383,233
S01012984,644,355,289
S01012985,690,433,257
S01012986,779,427,352
S01012987,821,475,346
S01012988,827,426,401
S01012989,921,502,419
S01012990,832,461,371
S01012991,813,434,379
S01012992,788,403,385
S01012993,798,417,381
S01012994,703,415,288
S01012995,681,453,228
S01012996,726,422,304
S01012997,484,270,214
S01012998,736,387,349
S01012999,429,250,179
S01013000,929,524,405
S01013001,329,207,122
S01013002,502,330,172
S01013003,549,349,200
S01013004,744,486,258
S01013005,568,348,220
S01013006,525,327,198
S01013007,1037,656,381
S01013008,820,496,324
S01013009,480,269,211
S01013010,389,232,157
S01013011,468,310,158
S01013012,602,399,203
S01013013,663,445,218
S01013014,594,377,217
S01013015,540,346,194
S01013016,645,425,220
S01013017,705,463,242
S01013018,796,539,257
S01013019,643,453,190
S01013020,730,446,284
S01013021,577,370,207
S01013022,290,192,98
S01013023,803,526,277
S01013024,471,323,148
S01013025,677,448,229
S01013026,591,299,292
S01013027,1139,618,521
S01013028,397,279,118
S01013029,525,251,274
S01013030,646,353,293
S01013031,516,301,215
S01013032,369,300,69
S01013033,390,267,123
S01013034,638,347,291
S01013035,626,313,313
S01013036,671,376,295
S01013037,846,560,286
S01013038,892,559,333
S01013039,417,326,91
S01013040,508,322,186
S01013041,432,282,150
S01013042,537,343,194
S01013043,576,313,263
S01013044,850,482,368
S01013045,395,251,144
S01013046,560,325,235
S01013047,696,555,141
S01013048,1054,815,239
S01013049,828,561,267
S01013050,730,458,272
S01013051,662,340,322
S01013052,580,303,277
S01013053,788,407,381
S01013054,797,470,327
S01013055,516,255,261
S01013056,938,447,491
S01013057,823,401,422
S01013058,254,178,76
S01013059,774,402,372
S01013060,393,213,180
S01013061,863,457,406
S01013062,624,384,240
S01013063,638,393,245
S01013064,773,440,333
S01013065,857,465,392
S01013066,587,354,233
S01013067,903,465,438
S01013068,903,476,427
S01013069,701,354,347
S01013070,833,352,481
S01013071,832,310,522
S01013072,611,265,346
S01013073,629,242,387
S01013074,1018,377,641
S01013075,660,241,419
S01013076,564,175,389
S01013077,552,260,292
S01013078,521,271,250
S01013079,348,184,164
S01013080,781,413,368
S01013081,629,348,281
S01013082,963,625,338
S01013083,1013,337,676
S01013084,740,465,275
S01013085,723,314,409
S01013086,788,487,301
S01013087,1292,407,885
S01013088,679,412,267
S01013089,635,400,235
S01013090,705,472,233
S01013091,295,165,130
S01013092,703,464,239
S01013093,354,227,127
S01013094,616,388,228
S01013095,718,484,234
S01013096,483,264,219
S01013097,742,484,258
S01013098,88,54,34
S01013099,636,423,213
S01013100,680,398,282
S01013101,1262,752,510
S01013102,590,389,201
S01013103,587,422,165
S01013104,840,550,290
S01013105,648,407,241
S01013106,750,464,286
S01013107,692,484,208
S01013108,518,321,197
S01013109,952,615,337
S01013110,492,328,164
S01013111,444,282,162
S01013112,439,295,144
S01013113,785,463,322
S01013114,972,599,373
S01013115,705,449,256
S01013116,751,500,251
S01013117,704,474,230
S01013118,923,643,280
S01013119,595,339,256
S01013120,845,546,299
S01013121,341,241,100
S01013122,636,304,332
S01013123,717,424,293
S01013124,899,501,398
S01013125,693,398,295
S01013126,627,275,352
S01013127,689,286,403
S01013128,684,417,267
S01013129,806,418,388
S01013130,700,344,356
S01013131,691,374,317
S01013132,480,246,234
S01013133,495,192,303
S01013134,619,331,288
S01013135,801,409,392
S01013136,943,487,456
S01013137,789,383,406
S01013138,677,304,373
S01013139,861,381,480
S01013140,867,420,447
S01013141,510,227,283
S01013142,746,277,469
S01013143,763,438,325
S01013144,712,362,350
S01013145,692,323,369
S01013146,446,200,246
S01013147,586,337,249
S01013148,784,464,320
S01013149,582,348,234
S01013150,714,376,338
S01013151,440,277,163
S01013152,851,481,370
S01013153,614,264,350
S01013154,1014,503,511
S01013155,658,347,311
S01013156,739,339,400
S01013157,747,343,404
S01013158,556,366,190
S01013159,717,468,249
S01013160,836,587,249
S01013161,730,397,333
S01013162,815,405,410
S01013163,688,458,230
S01013164,730,354,376
S01013165,945,542,403
S01013166,560,250,310
S01013167,804,379,425
S01013168,851,405,446
S01013169,608,266,342
S01013170,869,428,441
S01013171,600,397,203
S01013172,666,431,235
S01013173,644,453,191
S01013174,858,629,229
S01013175,616,431,185
S01013176,795,469,326
S01013177,839,529,310
S01013178,501,320,181
S01013179,909,570,339
S01013180,374,274,100
S01013181,776,474,302
S01013182,624,286,338
S01013183,855,551,304
S01013184,499,215,284
S01013185,795,387,408
S01013186,536,284,252
S01013187,674,315,359
S01013188,787,475,312
S01013189,674,383,291
S01013190,526,276,250
S01013191,581,399,182
S01013192,773,471,302
S01013193,439,281,158
S01013194,769,520,249
S01013195,631,401,230
S01013196,597,431,166
S01013197,467,277,190
S01013198,694,333,361
S01013199,649,342,307
S01013200,764,387,377
S01013201,656,264,392
S01013202,468,221,247
S01013203,776,419,357
S01013204,736,531,205
S01013205,619,301,318
S01013206,777,362,415
S01013207,688,373,315
S01013208,398,196,202
S01013209,739,416,323
S01013210,642,449,193
S01013211,780,472,308
S01013212,593,474,119
S01013213,719,559,160
S01013214,318,250,68
S01013215,641,449,192
S01013216,676,396,280
S01013217,652,395,257
S01013218,629,336,293
S01013219,616,330,286
S01013220,634,315,319
S01013221,797,402,395
S01013222,401,172,229
S01013223,805,357,448
S01013224,921,520,401
S01013225,635,286,349
S01013226,245,132,113
S01013227,405,170,235
S01013228,728,478,250
S01013229,780,450,330
S01013230,775,373,402
S01013231,834,472,362
S01013232,627,286,341
S01013233,490,280,210
S01013234,335,222,113
S01013235,878,507,371
S01013236,897,508,389
S01013237,721,443,278
S01013238,752,299,453
S01013239,749,309,440
S01013240,562,229,333
S01013241,738,479,259
S01013242,548,371,177
S01013243,621,349,272
S01013244,902,493,409
S01013245,663,405,258
S01013246,324,195,129
S01013247,649,348,301
S01013248,560,271,289
S01013249,694,421,273
S01013250,823,581,242
S01013251,594,314,280
S01013252,735,437,298
S01013253,592,402,190
S01013254,654,363,291
S01013255,666,414,252
S01013256,556,340,216
S01013257,696,428,268
S01013258,733,505,228
S01013259,1103,749,354
S01013260,667,375,292
S01013261,881,550,331
S01013262,624,385,239
S01013263,414,290,124
S01013264,203,170,33
S01013265,303,224,79
S01013266,217,180,37
S01013267,498,346,152
S01013268,917,590,327
S01013269,780,632,148
S01013270,485,387,98
S01013271,770,531,239
S01013272,705,520,185
S01013273,340,273,67
S01013274,767,606,161
S01013275,896,669,227
S01013276,742,565,177
S01013277,718,463,255
S01013278,731,416,315
S01013279,648,384,264
S01013280,643,409,234
S01013281,721,455,266
S01013282,582,349,233
S01013283,597,383,214
S01013284,519,429,90
S01013285,573,444,129
S01013286,635,495,140
S01013287,587,465,122
S01013288,573,385,188
S01013289,739,550,189
S01013290,864,641,223
S01013291,808,597,211
S01013292,624,458,166
S01013293,666,523,143
S01013294,658,494,164
S01013295,704,554,150
S01013296,700,422,278
S01013297,775,490,285
S01013298,601,345,256
S01013299,667,389,278
S01013300,591,342,249
S01013301,535,344,191
S01013302,519,378,141
S01013303,972,634,338
S01013304,739,447,292
S01013305,662,391,271
S01013306,745,392,353
S01013307,842,518,324
S01013308,449,244,205
S01013309,644,472,172
S01013310,520,325,195
S01013311,700,468,232
S01013312,1246,772,474
S01013313,491,304,187
S01013314,701,422,279
S01013315,230,186,44
S01013316,584,403,181
S01013317,550,417,133
S01013318,504,410,94
S01013319,530,428,102
S01013320,408,349,59
S01013321,347,191,156
S01013322,533,363,170
S01013323,656,403,253
S01013324,782,462,320
S01013325,577,264,313
S01013326,711,415,296
S01013327,676,392,284
S01013328,523,296,227
S01013329,437,239,198
S01013330,502,349,153
S01013331,436,357,79
S01013332,669,430,239
S01013333,827,618,209
S01013334,555,370,185
S01013335,694,394,300
S01013336,803,492,311
S01013337,875,593,282
S01013338,290,201,89
S01013339,686,504,182
S01013340,1039,785,254
S01013341,589,441,148
S01013342,661,337,324
S01013343,528,331,197
S01013344,485,271,214
S01013345,698,465,233
S01013346,503,403,100
S01013347,594,483,111
S01013348,351,289,62
S01013349,144,93,51
S01013350,454,315,139
S01013351,626,438,188
S01013352,798,547,251
S01013353,872,574,298
S01013354,597,376,221
S01013355,725,485,240
S01013356,637,363,274
S01013357,399,275,124
S01013358,599,370,229
S01013359,492,264,228
S01013360,540,300,240
S01013361,673,371,302
S01013362,452,236,216
S01013363,817,417,400
S01013364,524,342,182
S01013365,845,630,215
S01013366,465,378,87
S01013367,434,320,114
S01013368,679,418,261
S01013369,645,365,280
S01013370,641,380,261
S01013371,684,341,343
S01013372,760,390,370
S01013373,878,492,386
S01013374,731,338,393
S01013375,539,301,238
S01013376,545,297,248
S01013377,628,358,270
S01013378,713,441,272
S01013379,850,587,263
S01013380,362,252,110
S01013381,542,339,203
S01013382,530,338,192
S01013383,626,313,313
S01013384,884,506,378
S01013385,556,342,214
S01013386,622,493,129
S01013387,526,281,245
S01013388,569,342,227
S01013389,847,607,240
S01013390,451,282,169
S01013391,717,532,185
S01013392,287,207,80
S01013393,782,442,340
S01013394,578,310,268
S01013395,604,269,335
S01013396,249,114,135
S01013397,678,418,260
S01013398,246,190,56
S01013399,369,235,134
S01013400,450,270,180
S01013401,106,85,21
S01013402,63,30,33
S01013403,81,54,27
S01013404,347,232,115
S01013405,546,320,226
S01013406,577,318,259
S01013407,638,352,286
S01013408,582,313,269
S01013409,702,419,283
S01013410,368,195,173
S01013411,583,395,188
S01013412,592,378,214
S01013413,568,361,207
S01013414,485,265,220
S01013415,594,315,279
S01013416,448,222,226
S01013417,577,321,256
S01013418,454,283,171
S01013419,483,337,146
S01013420,631,442,189
S01013421,327,259,68
S01013422,728,467,261
S01013423,653,452,201
S01013424,656,474,182
S01013425,353,254,99
S01013426,664,399,265
S01013427,167,118,49
S01013428,654,413,241
S01013429,934,505,429
S01013430,597,409,188
S01013431,668,391,277
S01013432,638,427,211
S01013433,575,378,197
S01013434,371,260,111
S01013435,565,430,135
S01013436,641,415,226
S01013437,525,345,180
S01013438,530,329,201
S01013439,745,498,247
S01013440,985,660,325
S01013441,601,406,195
S01013442,695,512,183
S01013443,370,259,111
S01013444,874,539,335
S01013445,415,263,152
S01013446,541,344,197
S01013447,345,278,67
S01013448,770,525,245
S01013449,628,466,162
S01013450,647,485,162
S01013451,627,489,138
S01013452,465,348,117
S01013453,685,399,286
S01013454,534,393,141
S01013455,394,260,134
S01013456,824,551,273
S01013457,738,431,307
S01013458,688,471,217
S01013459,696,428,268
S01013460,762,410,352
S01013461,673,433,240
S01013462,718,528,190
S01013463,442,238,204
S01013464,702,434,268
S01013465,688,458,230
S01013466,295,156,139
S01013467,311,202,109
S01013468,492,300,192
S01013469,812,511,301
S01013470,632,376,256
S01013471,743,503,240
S01013472,329,234,95
S01013473,213,179,34
S01013474,351,283,68
S01013475,675,464,211
S01013476,500,333,167
S01013477,711,451,260
S01013478,600,423,177
S01013479,774,505,269
S01013480,500,271,229
S01013481,328,215,113
