dz_2011,total,employed,nonemployed
S01006506,692,486,206
S01006507,782,523,259
S01006508,721,558,163
S01006509,506,358,148
S01006510,527,320,207
S01006511,764,445,319
S01006512,257,182,75
S01006513,804,522,282
S01006514,860,527,333
S01006515,809,528,281
S01006516,698,459,239
S01006517,727,479,248
S01006518,704,430,274
S01006519,625,399,226
S01006520,605,396,209
S01006521,552,361,191
S01006522,402,273,129
S01006523,1024,666,358
S01006524,912,533,379
S01006525,936,540,396
S01006526,1057,626,431
S01006527,1011,554,457
S01006528,878,452,426
S01006529,855,519,336
S01006530,865,480,385
S01006531,994,509,485
S01006532,735,486,249
S01006533,650,464,186
S01006534,663,475,188
S01006535,929,683,246
S01006536,1190,889,301
S01006537,604,394,210
S01006538,481,320,161
S01006539,683,453,230
S01006540,943,642,301
S01006541,622,418,204
S01006542,707,451,256
S01006543,731,478,253
S01006544,1098,805,293
S01006545,884,627,257
S01006546,838,551,287
S01006547,1033,636,397
S01006548,503,323,180
S01006549,674,416,258
S01006550,820,505,315
S01006551,722,455,267
S01006552,1017,723,294
S01006553,660,407,253
S01006554,697,488,209
S01006555,767,532,235
S01006556,682,443,239
S01006557,599,387,212
S01006558,675,511,164
S01006559,544,361,183
S01006560,706,491,215
S01006561,621,422,199
S01006562,722,463,259
S01006563,760,516,244
S01006564,1004,642,362
S01006565,1114,636,478
S01006566,735,492,243
S01006567,1023,603,420
S01006568,1058,766,292
S01006569,625,441,184
S01006570,703,495,208
S01006571,998,705,293
S01006572,973,636,337
S01006573,534,362,172
S01006574,741,486,255
S01006575,883,621,262
S01006576,717,529,188
S01006577,752,540,212
S01006578,1542,1134,408
S01006579,1258,910,348
S01006580,724,533,191
S01006581,1018,709,309
S01006582,631,399,232
S01006583,1024,667,357
S01006584,827,539,288
S01006585,758,453,305
S01006586,866,514,352
S01006587,610,400,210
S01006588,874,475,399
S01006589,1227,699,528
S01006590,596,403,193
S01006591,786,588,198
S01006592,582,474,108
S01006593,822,594,228
S01006594,660,461,199
S01006595,905,695,210
S01006596,738,570,168
S01006597,736,539,197
S01006598,1046,775,271
S01006599,920,602,318
S01006600,1063,752,311
S01006601,847,600,247
S01006602,755,525,230
S01006603,993,582,411
S01006604,721,449,272
S01006605,654,418,236
S01006606,946,583,363
S01006607,953,672,281
S01006608,1153,844,309
S01006609,986,655,331
S01006610,502,322,180
S01006611,799,513,286
S01006612,767,533,234
S01006613,339,269,70
S01006614,662,559,103
S01006615,298,221,77
S01006616,636,520,116
S01006617,769,558,211
S01006618,443,329,114
S01006619,762,547,215
S01006620,835,644,191
S01006621,592,414,178
S01006622,543,453,90
S01006623,1053,711,342
S01006624,857,501,356
S01006625,676,459,217
S01006626,674,451,223
S01006627,753,538,215
S01006628,1236,867,369
S01006629,684,406,278
S01006630,597,351,246
S01006631,851,580,271
S01006632,789,492,297
S01006633,683,396,287
S01006634,609,363,246
S01006635,736,460,276
S01006636,774,456,318
S01006637,619,390,229
S01006638,979,566,413
S01006639,864,456,408
S01006640,758,442,316
S01006641,1209,738,471
S01006642,1306,379,927
S01006643,1193,630,563
S01006644,959,510,449
S01006645,1346,490,856
S01006646,1248,433,815
S01006647,845,302,543
S01006648,1895,707,1188
S01006649,1104,659,445
S01006650,1294,718,576
S01006651,697,346,351
S01006652,772,411,361
S01006653,721,446,275
S01006654,728,419,309
S01006655,620,348,272
S01006656,955,603,352
S01006657,531,307,224
S01006658,1078,531,547
S01006659,800,357,443
S01006660,665,337,328
S01006661,673,308,365
S01006662,797,265,532
S01006663,1202,364,838
S01006664,458,185,273
S01006665,856,309,547
S01006666,1420,783,637
S01006667,1031,532,499
S01006668,831,333,498
S01006669,1203,364,839
S01006670,839,271,568
S01006671,2438,245,2193
S01006672,648,303,345
S01006673,815,397,418
S01006674,756,430,326
S01006675,582,321,261
S01006676,672,365,307
S01006677,597,318,279
S01006678,986,571,415
S01006679,805,545,260
S01006680,726,443,283
S01006681,788,519,269
S01006682,712,421,291
S01006683,982,580,402
S01006684,732,461,271
S01006685,714,465,249
S01006686,714,447,267
S01006687,778,512,266
S01006688,750,431,319
S01006689,529,355,174
S01006690,639,384,255
S01006691,746,432,314
S01006692,691,413,278
S01006693,991,669,322
S01006694,758,440,318
S01006695,535,346,189
S01006696,828,484,344
S01006697,877,554,323
S01006698,692,410,282
S01006699,601,387,214
S01006700,961,566,395
S01006701,715,465,250
S01006702,692,445,247
S01006703,543,361,182
S01006704,594,359,235
S01006705,693,449,244
S01006706,593,394,199
S01006707,506,317,189
S01006708,626,404,222
S01006709,884,558,326
S01006710,798,544,254
S01006711,853,567,286
S01006712,460,297,163
S01006713,676,450,226
S01006714,671,428,243
S01006715,757,442,315
S01006716,478,299,179
S01006717,780,511,269
S01006718,471,294,177
S01006719,771,504,267
S01006720,566,378,188
S01006721,724,459,265
S01006722,647,400,247
S01006723,756,471,285
S01006724,911,500,411
S01006725,727,446,281
S01006726,975,555,420
S01006727,949,525,424
S01006728,655,443,212
S01006729,710,422,288
S01006730,607,413,194
S01006731,408,248,160
S01006732,1108,711,397
S01006733,626,446,180
S01006734,823,598,225
S01006735,649,400,249
S01006736,926,751,175
S01006737,759,519,240
S01006738,684,562,122
S01006739,510,397,113
S01006740,773,522,251
S01006741,553,346,207
S01006742,328,201,127
S01006743,835,588,247
S01006744,540,399,141
S01006745,772,514,258
S01006746,592,402,190
S01006747,884,503,381
S01006748,894,603,291
S01006749,1020,700,320
S01006750,596,383,213
S01006751,358,240,118
S01006752,603,386,217
S01006753,706,469,237
S01006754,922,595,327
S01006755,783,573,210
S01006756,743,537,206
S01006757,1001,736,265
S01006758,575,437,138
S01006759,1010,758,252
S01006760,485,370,115
S01006761,770,565,205
S01006762,688,469,219
S01006763,851,684,167
S01006764,656,514,142
S01006765,600,481,119
S01006766,487,367,120
S01006767,631,443,188
S01006768,495,352,143
S01006769,1028,726,302
S01006770,544,385,159
S01006771,448,331,117
S01006772,1004,755,249
S01006773,520,380,140
S01006774,642,480,162
S01006775,620,434,186
S01006776,485,322,163
S01006777,759,515,244
S01006778,703,455,248
S01006779,764,511,253
S01006780,662,426,236
S01006781,755,450,305
S01006782,803,598,205
S01006783,505,302,203
S01006784,581,411,170
S01006785,600,424,176
S01006786,855,598,257
S01006787,778,532,246
S01006788,498,384,114
S01006789,688,466,222
S01006790,678,442,236
S01006791,390,268,122
S01006792,514,349,165
S01006793,461,346,115
S01006794,586,343,243
S01006795,554,335,219
S01006796,562,383,179
S01006797,564,394,170
S01006798,541,410,131
S01006799,741,516,225
S01006800,714,460,254
S01006801,1003,743,260
S01006802,493,339,154
S01006803,550,381,169
S01006804,941,683,258
S01006805,989,699,290
S01006806,848,602,246
S01006807,472,337,135
S01006808,727,500,227
S01006809,697,440,257
S01006810,762,509,253
S01006811,787,567,220
S01006812,641,484,157
S01006813,739,535,204
S01006814,832,558,274
S01006815,536,377,159
S01006816,711,465,246
S01006817,642,451,191
S01006818,544,405,139
S01006819,909,703,206
S01006820,489,349,140
S01006821,899,661,238
S01006822,584,432,152
S01006823,649,443,206
S01006824,537,357,180
S01006825,797,556,241
S01006826,953,656,297
S01006827,767,512,255
S01006828,773,543,230
S01006829,489,386,103
S01006830,490,315,175
S01006831,962,575,387
S01006832,765,500,265
S01006833,518,334,184
S01006834,250,178,72
S01006835,942,639,303
S01006836,367,289,78
S01006837,734,513,221
S01006838,754,551,203
S01006839,717,514,203
S01006840,901,624,277
S01006841,1021,758,263
S01006842,784,567,217
S01006843,748,558,190
S01006844,560,430,130
S01006845,833,617,216
S01006846,670,502,168
S01006847,597,436,161
S01006848,1015,720,295
S01006849,952,739,213
S01006850,873,678,195
S01006851,589,399,190
S01006852,468,322,146
S01006853,712,504,208
S01006854,1196,820,376
S01006855,572,413,159
S01006856,682,510,172
S01006857,795,586,209
S01006858,483,345,138
S01006859,1026,705,321
S01006860,505,363,142
S01006861,597,422,175
S01006862,709,494,215
S01006863,895,649,246
S01006864,108,75,33
S01006865,716,481,235
S01006866,472,277,195
S01006867,871,548,323
S01006868,624,421,203
S01006869,445,299,146
S01006870,463,298,165
S01006871,662,458,204
S01006872,1136,796,340
S01006873,800,500,300
S01006874,447,324,123
S01006875,697,452,245
S01006876,805,582,223
S01006877,810,590,220
S01006878,702,511,191
S01006879,822,563,259
S01006880,582,445,137
S01006881,430,317,113
S01006882,567,371,196
S01006883,463,325,138
S01006884,747,512,235
S01006885,557,390,167
S01006886,575,398,177
S01006887,637,471,166
S01006888,703,505,198
S01006889,495,332,163
S01006890,769,550,219
S01006891,493,361,132
S01006892,437,313,124
S01006893,731,480,251
S01006894,427,278,149
S01006895,371,276,95
S01006896,589,382,207
S01006897,793,578,215
S01006898,429,315,114
S01006899,384,317,67
S01006900,362,286,76
S01006901,630,466,164
S01006902,502,356,146
S01006903,692,493,199
S01006904,379,256,123
S01006905,731,487,244
S01006906,662,427,235
S01006907,556,421,135
S01006908,711,511,200
S01006909,334,262,72
S01006910,392,291,101
S01006911,1306,1056,250
S01006912,206,146,60
S01006913,1398,1142,256
S01006914,631,488,143
S01006915,633,466,167
S01006916,281,205,76
S01006917,956,782,174
S01006918,1211,961,250
S01006919,511,334,177
S01006920,569,411,158
S01006921,738,582,156
S01006922,1363,1068,295
S01006923,982,749,233
S01006924,557,411,146
S01006925,375,262,113
S01006926,1231,1019,212
S01006927,278,189,89
S01006928,2020,1601,419
S01006929,1337,933,404
S01006930,556,380,176
S01006931,1346,1072,274
S01006932,611,426,185
S01006933,661,507,154
S01006934,1194,909,285
S01006935,698,480,218
S01006936,521,355,166
S01006937,604,437,167
S01006938,624,460,164
S01006939,481,346,135
S01006940,782,541,241
S01006941,950,712,238
S01006942,1539,1166,373
S01006943,1218,981,237
S01006944,65,44,21
S01006945,708,498,210
S01006946,1000,795,205
S01006947,1057,847,210
S01006948,1075,837,238
S01006949,580,439,141
S01006950,515,435,80
S01006951,955,744,211
S01006952,1166,868,298
S01006953,1149,871,278
S01006954,1304,978,326
S01006955,455,336,119
S01006956,1118,866,252
S01006957,1202,940,262
S01006958,758,490,268
S01006959,581,366,215
S01006960,1555,1245,310
S01006961,1601,1263,338
S01006962,675,467,208
S01006963,788,525,263
S01006964,702,523,179
S01006965,395,247,148
S01006966,548,386,162
S01006967,572,427,145
S01006968,799,530,269
S01006969,749,531,218
S01006970,469,327,142
S01006971,753,496,257
S01006972,406,298,108
S01006973,489,329,160
S01006974,1041,772,269
S01006975,903,709,194
S01006976,1776,1410,366
S01006977,2043,1611,432
S01006978,656,463,193
S01006979,1078,758,320
S01006980,529,383,146
S01006981,621,470,151
S01006982,872,676,196
S01006983,746,537,209
S01006984,760,582,178
S01006985,1011,727,284
S01006986,543,406,137
S01006987,763,528,235
S01006988,562,439,123
S01006989,643,476,167
S01006990,699,543,156
S01006991,451,307,144
S01006992,705,523,182
S01006993,583,419,164
S01006994,528,385,143
S01006995,856,655,201
S01006996,679,511,168
S01006997,575,445,130
S01006998,911,682,229
S01006999,659,496,163
S01007000,1069,758,311
S01007001,988,689,299
S01007002,534,365,169
S01007003,454,334,120
S01007004,798,559,239
S01007005,781,573,208
S01007006,755,504,251
S01007007,632,442,190
S01007008,616,422,194
S01007009,983,664,319
S01007010,586,386,200
S01007011,767,507,260
S01007012,656,386,270
S01007013,945,630,315
S01007014,1009,766,243
S01007015,558,402,156
S01007016,465,334,131
S01007017,739,508,231
S01007018,883,600,283
S01007019,779,522,257
S01007020,975,654,321
S01007021,978,650,328
S01007022,629,408,221
S01007023,495,309,186
S01007024,876,579,297
S01007025,839,517,322
S01007026,741,438,303
S01007027,950,604,346
S01007028,1077,740,337
S01007029,501,314,187
S01007030,720,478,242
S01007031,459,288,171
S01007032,849,501,348
S01007033,791,485,306
S01007034,769,463,306
S01007035,661,399,262
S01007036,783,515,268
S01007037,857,560,297
S01007038,644,432,212
S01007039,711,447,264
S01007040,915,600,315
S01007041,688,449,239
S01007042,715,478,237
S01007043,852,620,232
S01007044,770,481,289
S01007045,745,484,261
S01007046,472,320,152
S01007047,789,525,264
S01007048,1049,708,341
S01007049,775,501,274
S01007050,782,522,260
S01007051,774,546,228
S01007052,442,297,145
S01007053,599,424,175
S01007054,828,567,261
S01007055,404,299,105
S01007056,675,469,206
S01007057,629,414,215
S01007058,537,326,211
S01007059,974,631,343
S01007060,463,264,199
S01007061,888,667,221
S01007062,608,449,159
S01007063,1144,813,331
S01007064,600,441,159
S01007065,725,520,205
S01007066,511,358,153
S01007067,994,676,318
S01007068,520,335,185
S01007069,708,449,259
S01007070,578,378,200
S01007071,965,690,275
S01007072,1155,739,416
S01007073,1210,747,463
S01007074,856,597,259
S01007075,676,463,213
S01007076,799,567,232
S01007077,576,389,187
S01007078,734,430,304
S01007079,911,549,362
S01007080,557,336,221
S01007081,773,499,274
S01007082,512,331,181
S01007083,697,385,312
S01007084,647,400,247
S01007085,901,603,298
S01007086,1049,669,380
S01007087,727,477,250
S01007088,488,288,200
S01007089,404,268,136
S01007090,414,326,88
S01007091,978,697,281
S01007092,449,280,169
S01007093,749,517,232
S01007094,1639,1147,492
S01007095,570,394,176
S01007096,849,612,237
S01007097,1581,1128,453
S01007098,1193,822,371
S01007099,649,470,179
S01007100,672,459,213
S01007101,1000,645,355
S01007102,664,429,235
S01007103,607,403,204
S01007104,377,234,143
S01007105,463,289,174
S01007106,691,407,284
S01007107,568,398,170
S01007108,880,596,284
S01007109,1101,715,386
S01007110,747,486,261
S01007111,410,250,160
S01007112,739,457,282
S01007113,532,324,208
S01007114,659,429,230
S01007115,530,333,197
S01007116,928,648,280
S01007117,435,281,154
S01007118,638,394,244
S01007119,742,448,294
S01007120,920,566,354
S01007121,578,329,249
S01007122,453,284,169
S01007123,691,408,283
S01007124,792,556,236
S01007125,622,359,263
S01007126,795,455,340
S01007127,782,526,256
S01007128,718,400,318
S01007129,698,479,219
S01007130,499,326,173
S01007131,816,552,264
S01007132,517,338,179
S01007133,515,359,156
S01007134,637,437,200
S01007135,582,400,182
S01007136,492,356,136
S01007137,586,449,137
S01007138,692,508,184
S01007139,568,376,192
S01007140,783,485,298
S01007141,909,627,282
S01007142,148,117,31
S01007143,811,608,203
S01007144,1726,1199,527
S01007145,635,371,264
S01007146,597,368,229
S01007147,636,382,254
S01007148,414,253,161
S01007149,666,395,271
S01007150,500,265,235
S01007151,876,570,306
S01007152,554,341,213
S01007153,650,382,268
S01007154,657,417,240
S01007155,508,320,188
S01007156,839,534,305
S01007157,663,437,226
S01007158,776,534,242
S01007159,694,421,273
S01007160,719,418,301
S01007161,849,512,337
S01007162,425,261,164
S01007163,749,442,307
S01007164,560,341,219
S01007165,668,428,240
S01007166,781,474,307
S01007167,615,374,241
S01007168,746,472,274
S01007169,626,402,224
S01007170,597,394,203
S01007171,823,581,242
S01007172,992,634,358
S01007173,410,294,116
S01007174,668,431,237
S01007175,568,326,242
S01007176,756,441,315
S01007177,585,313,272
S01007178,744,410,334
S01007179,1018,654,364
S01007180,699,395,304
S01007181,834,452,382
S01007182,944,583,361
S01007183,966,587,379
S01007184,810,465,345
S01007185,690,379,311
S01007186,596,329,267
S01007187,614,354,260
S01007188,634,416,218
S01007189,624,341,283
S01007190,646,350,296
S01007191,545,348,197
S01007192,596,342,254
S01007193,643,367,276
S01007194,432,211,221
S01007195,766,441,325
S01007196,671,366,305
S01007197,506,279,227
S01007198,369,204,165
S01007199,794,397,397
S01007200,667,434,233
S01007201,776,443,333
S01007202,571,326,245
S01007203,638,405,233
S01007204,854,538,316
S01007205,670,412,258
S01007206,282,174,108
S01007207,806,493,313
S01007208,729,423,306
S01007209,609,375,234
S01007210,778,475,303
S01007211,724,395,329
S01007212,642,419,223
S01007213,643,379,264
S01007214,765,440,325
S01007215,729,462,267
S01007216,576,358,218
S01007217,880,527,353
S01007218,744,485,259
S01007219,834,511,323
S01007220,578,365,213
S01007221,759,494,265
S01007222,819,525,294
S01007223,486,336,150
S01007224,510,330,180
S01007225,915,635,280
S01007226,772,536,236
S01007227,1138,733,405
S01007228,608,413,195
S01007229,949,664,285
S01007230,933,575,358
S01007231,574,304,270
S01007232,530,284,246
S01007233,596,384,212
S01007234,431,258,173
S01007235,802,493,309
S01007236,778,500,278
S01007237,566,368,198
S01007238,754,480,274
S01007239,1017,642,375
S01007240,440,286,154
S01007241,898,580,318
S01007242,842,526,316
S01007243,1074,696,378
S01007244,569,341,228
S01007245,580,394,186
S01007246,679,468,211
S01007247,829,569,260
S01007248,803,496,307
S01007249,429,256,173
S01007250,627,440,187
S01007251,613,393,220
S01007252,668,437,231
S01007253,598,371,227
S01007254,681,394,287
S01007255,726,436,290
S01007256,668,439,229
S01007257,663,423,240
S01007258,618,359,259
S01007259,742,455,287
S01007260,869,513,356
S01007261,810,472,338
S01007262,533,331,202
S01007263,828,520,308
S01007264,608,384,224
S01007265,834,535,299
S01007266,622,436,186
S01007267,477,330,147
S01007268,461,303,158
S01007269,492,312,180
S01007270,345,258,87
S01007271,840,539,301
S01007272,815,506,309
S01007273,567,354,213
S01007274,659,405,254
S01007275,503,322,181
S01007276,829,518,311
S01007277,678,423,255
S01007278,707,473,234
S01007279,506,356,150
S01007280,508,326,182
S01007281,917,585,332
S01007282,406,292,114
S01007283,687,373,314
S01007284,601,405,196
S01007285,848,565,283
S01007286,1082,736,346
S01007287,477,340,137
S01007288,521,354,167
S01007289,770,517,253
S01007290,749,498,251
S01007291,449,282,167
S01007292,593,410,183
S01007293,770,548,222
S01007294,795,538,257
S01007295,489,305,184
S01007296,464,311,153
S01007297,927,668,259
S01007298,395,269,126
S01007299,774,547,227
S01007300,491,348,143
S01007301,647,451,196
S01007302,596,381,215
S01007303,798,529,269
S01007304,501,322,179
S01007305,743,540,203
S01007306,932,631,301
S01007307,821,549,272
S01007308,687,449,238
S01007309,639,430,209
S01007310,646,371,275
S01007311,718,509,209
S01007312,613,381,232
S01007313,753,499,254
S01007314,679,493,186
S01007315,700,489,211
S01007316,864,535,329
S01007317,824,549,275
S01007318,439,287,152
S01007319,634,421,213
S01007320,671,441,230
S01007321,482,306,176
S01007322,633,416,217
S01007323,342,246,96
S01007324,258,168,90
S01007325,599,383,216
S01007326,749,495,254
S01007327,639,411,228
S01007328,805,507,298
S01007329,507,329,178
S01007330,571,337,234
S01007331,800,555,245
S01007332,461,291,170
S01007333,825,514,311
S01007334,692,390,302
S01007335,641,370,271
S01007336,569,332,237
S01007337,454,258,196
S01007338,794,523,271
S01007339,609,385,224
S01007340,496,274,222
S01007341,609,313,296
S01007342,622,364,258
S01007343,483,313,170
S01007344,422,259,163
S01007345,474,262,212
S01007346,644,303,341
S01007347,824,418,406
S01007348,541,285,256
S01007349,472,260,212
S01007350,499,294,205
S01007351,467,261,206
S01007352,411,241,170
S01007353,565,310,255
S01007354,583,307,276
S01007355,996,589,407
S01007356,552,287,265
S01007357,573,365,208
S01007358,1123,802,321
S01007359,701,381,320
S01007360,695,344,351
S01007361,733,408,325
S01007362,795,489,306
S01007363,723,361,362
S01007364,765,399,366
S01007365,327,192,135
S01007366,395,182,213
S01007367,470,270,200
S01007368,465,215,250
S01007369,836,506,330
S01007370,730,434,296
S01007371,691,430,261
S01007372,867,491,376
S01007373,545,307,238
S01007374,625,390,235
S01007375,354,197,157
S01007376,747,433,314
S01007377,507,333,174
S01007378,1533,1302,231
S01007379,675,402,273
S01007380,625,403,222
S01007381,343,192,151
S01007382,732,455,277
S01007383,571,342,229
S01007384,769,476,293
S01007385,887,523,364
S01007386,599,342,257
S01007387,650,394,256
S01007388,580,365,215
S01007389,509,339,170
S01007390,469,334,135
S01007391,510,312,198
S01007392,345,199,146
S01007393,653,334,319
S01007394,472,260,212
S01007395,791,480,311
S01007396,820,510,310
S01007397,698,418,280
S01007398,581,323,258
S01007399,646,319,327
S01007400,626,388,238
S01007401,572,373,199
S01007402,531,343,188
S01007403,629,455,174
S01007404,434,292,142
S01007405,607,409,198
S01007406,740,491,249
S01007407,798,528,270
S01007408,637,400,237
S01007409,501,348,153
S01007410,690,349,341
S01007411,745,381,364
S01007412,423,236,187
S01007413,766,556,210
S01007414,630,457,173
S01007415,634,361,273
S01007416,411,193,218
S01007417,164,100,64
S01007418,689,399,290
S01007419,731,408,323
S01007420,3576,2189,1387
S01007421,1035,746,289
S01007422,592,363,229
S01007423,279,175,104
S01007424,602,390,212
S01007425,720,432,288
S01007426,608,358,250
S01007427,562,287,275
S01007428,764,470,294
S01007429,710,460,250
S01007430,441,260,181
S01007431,576,345,231
S01007432,661,378,283
S01007433,870,497,373
S01007434,453,245,208
S01007435,615,388,227
S01007436,759,435,324
S01007437,440,255,185
S01007438,520,299,221
S01007439,683,412,271
S01007440,579,347,232
S01007441,526,330,196
S01007442,691,442,249
S01007443,732,370,362
S01007444,1085,621,464
S01007445,516,301,215
S01007446,514,327,187
S01007447,528,323,205
S01007448,887,514,373
S01007449,886,503,383
S01007450,996,566,430
S01007451,477,294,183
S01007452,1026,645,381
S01007453,85,39,46
S01007454,399,246,153
S01007455,639,351,288
S01007456,774,431,343
S01007457,796,467,329
S01007458,589,391,198
S01007459,657,396,261
S01007460,707,414,293
S01007461,740,362,378
S01007462,792,506,286
S01007463,822,369,453
S01007464,768,357,411
S01007465,567,232,335
S01007466,926,445,481
S01007467,753,400,353
S01007468,884,608,276
S01007469,434,270,164
S01007470,492,268,224
S01007471,353,238,115
S01007472,800,452,348
S01007473,674,459,215
S01007474,584,426,158
S01007475,411,223,188
S01007476,537,329,208
S01007477,562,349,213
S01007478,828,511,317
S01007479,319,205,114
S01007480,996,713,283
S01007481,728,416,312
S01007482,454,248,206
S01007483,710,448,262
S01007484,634,349,285
S01007485,597,321,276
S01007486,587,257,330
S01007487,900,496,404
S01007488,868,556,312
S01007489,618,381,237
S01007490,871,481,390
S01007491,765,488,277
S01007492,536,321,215
S01007493,821,504,317
S01007494,568,329,239
S01007495,626,421,205
S01007496,889,499,390
S01007497,439,256,183
S01007498,768,434,334
S01007499,635,405,230
S01007500,566,319,247
S01007501,528,262,266
S01007502,496,295,201
S01007503,830,481,349
S01007504,889,534,355
S01007505,391,244,147
S01007506,369,222,147
S01007507,1099,660,439
S01007508,545,328,217
S01007509,558,339,219
S01007510,723,382,341
S01007511,853,451,402
S01007512,394,225,169
S01007513,953,575,378
S01007514,471,286,185
S01007515,495,285,210
S01007516,580,357,223
S01007517,377,212,165
S01007518,755,434,321
S01007519,385,217,168
S01007520,706,390,316
S01007521,503,289,214
S01007522,788,456,332
S01007523,404,251,153
S01007524,721,459,262
S01007525,375,231,144
S01007526,652,365,287
S01007527,1053,650,403
S01007528,713,467,246
S01007529,632,374,258
S01007530,392,254,138
S01007531,572,358,214
S01007532,438,278,160
S01007533,645,411,234
S01007534,1062,642,420
S01007535,671,419,252
S01007536,735,482,253
S01007537,1158,690,468
S01007538,767,500,267
S01007539,564,338,226
S01007540,604,348,256
S01007541,864,551,313
S01007542,718,450,268
S01007543,967,605,362
S01007544,873,487,386
S01007545,1112,695,417
S01007546,490,338,152
S01007547,425,297,128
S01007548,717,448,269
S01007549,559,322,237
S01007550,897,511,386
S01007551,986,589,397
S01007552,788,447,341
S01007553,784,397,387
S01007554,643,295,348
S01007555,585,357,228
S01007556,532,312,220
S01007557,810,445,365
S01007558,377,216,161
S01007559,615,420,195
S01007560,845,530,315
S01007561,802,472,330
S01007562,631,387,244
S01007563,804,485,319
S01007564,964,597,367
S01007565,881,525,356
S01007566,637,389,248
S01007567,457,308,149
S01007568,571,375,196
S01007569,943,631,312
S01007570,817,534,283
S01007571,413,279,134
S01007572,1219,898,321
S01007573,62,39,23
S01007574,1688,1181,507
S01007575,616,330,286
S01007576,732,356,376
S01007577,646,338,308
S01007578,596,315,281
S01007579,456,269,187
S01007580,699,385,314
S01007581,467,262,205
S01007582,643,385,258
S01007583,938,498,440
S01007584,704,433,271
S01007585,770,469,301
S01007586,804,473,331
S01007587,618,321,297
S01007588,661,412,249
S01007589,887,564,323
S01007590,449,276,173
S01007591,890,596,294
S01007592,866,542,324
S01007593,835,521,314
S01007594,615,421,194
S01007595,811,549,262
S01007596,538,320,218
S01007597,487,314,173
S01007598,864,557,307
S01007599,641,406,235
S01007600,790,500,290
S01007601,503,393,110
S01007602,742,544,198
S01007603,723,547,176
S01007604,777,533,244
S01007605,908,606,302
S01007606,471,301,170
S01007607,705,495,210
S01007608,720,499,221
S01007609,733,436,297
S01007610,521,309,212
S01007611,856,466,390
S01007612,861,497,364
S01007613,789,495,294
S01007614,805,556,249
S01007615,976,624,352
S01007616,674,434,240
S01007617,510,316,194
S01007618,530,330,200
S01007619,541,351,190
S01007620,649,427,222
S01007621,640,414,226
S01007622,994,676,318
S01007623,463,309,154
S01007624,560,418,142
S01007625,517,376,141
S01007626,476,386,90
S01007627,393,289,104
S01007628,610,399,211
S01007629,662,437,225
S01007630,652,449,203
S01007631,449,305,144
S01007632,1242,819,423
S01007633,1142,734,408
S01007634,602,398,204
S01007635,693,377,316
S01007636,990,593,397
S01007637,1001,632,369
S01007638,738,441,297
S01007639,782,503,279
S01007640,555,359,196
S01007641,607,391,216
S01007642,806,508,298
S01007643,778,477,301
S01007644,818,460,358
S01007645,732,450,282
S01007646,481,288,193
S01007647,767,488,279
S01007648,802,530,272
S01007649,558,373,185
S01007650,795,533,262
S01007651,529,364,165
S01007652,651,399,252
S01007653,882,573,309
S01007654,969,608,361
S01007655,613,392,221
S01007656,730,451,279
S01007657,463,315,148
S01007658,524,322,202
S01007659,764,456,308
S01007660,954,564,390
S01007661,662,430,232
S01007662,760,459,301
S01007663,832,505,327
S01007664,430,265,165
S01007665,508,332,176
S01007666,374,237,137
S01007667,516,366,150
S01007668,901,562,339
S01007669,456,253,203
S01007670,803,463,340
S01007671,643,436,207
S01007672,748,423,325
S01007673,540,383,157
S01007674,858,534,324
S01007675,602,369,233
S01007676,421,309,112
S01007677,176,113,63
S01007678,595,373,222
S01007679,754,386,368
S01007680,710,479,231
S01007681,408,275,133
S01007682,778,476,302
S01007683,781,463,318
S01007684,871,532,339
S01007685,944,439,505
S01007686,858,502,356
S01007687,765,386,379
S01007688,1069,476,593
S01007689,498,228,270
S01007690,1046,317,729
S01007691,4325,463,3862
S01007692,901,286,615
S01007693,1171,238,933
S01007694,841,268,573
S01007695,822,382,440
S01007696,885,292,593
S01007697,1101,525,576
S01007698,1144,503,641
S01007699,672,286,386
S01007700,777,478,299
S01007701,376,128,248
S01007702,2119,288,1831
S01007703,976,504,472
S01007704,1187,405,782
S01007705,1013,208,805
S01007706,1009,213,796
S01007707,1119,561,558
S01007708,810,481,329
S01007709,693,310,383
S01007710,1977,889,1088
S01007711,1171,443,728
S01007712,878,401,477
S01007713,468,216,252
S01007714,523,318,205
S01007715,572,268,304
S01007716,942,389,553
S01007717,789,344,445
S01007718,778,337,441
S01007719,1231,699,532
S01007720,789,419,370
S01007721,825,452,373
S01007722,761,377,384
S01007723,781,359,422
S01007724,643,310,333
S01007725,1049,509,540
S01007726,705,335,370
S01007727,845,366,479
S01007728,1096,516,580
S01007729,860,471,389
S01007730,841,515,326
S01007731,589,386,203
S01007732,862,382,480
S01007733,642,425,217
S01007734,616,396,220
S01007735,637,396,241
S01007736,645,440,205
S01007737,801,482,319
S01007738,782,474,308
S01007739,546,298,248
S01007740,510,300,210
S01007741,613,322,291
S01007742,522,301,221
S01007743,666,386,280
S01007744,534,254,280
S01007745,718,402,316
S01007746,672,382,290
S01007747,597,292,305
S01007748,496,245,251
S01007749,642,379,263
S01007750,674,373,301
S01007751,491,262,229
S01007752,728,408,320
S01007753,662,363,299
S01007754,925,480,445
S01007755,570,283,287
S01007756,622,334,288
S01007757,934,554,380
S01007758,702,390,312
S01007759,950,564,386
S01007760,632,371,261
S01007761,639,420,219
S01007762,566,353,213
S01007763,505,269,236
S01007764,694,449,245
S01007765,713,415,298
S01007766,768,462,306
S01007767,743,454,289
S01007768,563,340,223
S01007769,593,330,263
S01007770,555,333,222
S01007771,576,308,268
S01007772,854,500,354
S01007773,581,362,219
S01007774,110,77,33
S01007775,902,611,291
S01007776,425,305,120
S01007777,393,297,96
S01007778,1655,1264,391
S01007779,643,431,212
S01007780,629,457,172
S01007781,648,492,156
S01007782,526,272,254
S01007783,652,239,413
S01007784,754,481,273
S01007785,328,143,185
S01007786,650,356,294
S01007787,578,319,259
S01007788,558,250,308
S01007789,815,456,359
S01007790,1258,836,422
S01007791,840,659,181
S01007792,723,385,338
S01007793,706,310,396
S01007794,831,411,420
S01007795,501,295,206
S01007796,475,222,253
S01007797,463,214,249
S01007798,566,407,159
S01007799,289,209,80
S01007800,716,336,380
S01007801,752,245,507
S01007802,452,338,114
S01007803,975,397,578
S01007804,577,258,319
S01007805,659,337,322
S01007806,639,356,283
S01007807,644,435,209
S01007808,684,387,297
S01007809,906,584,322
S01007810,701,335,366
S01007811,606,344,262
S01007812,578,278,300
S01007813,776,395,381
S01007814,639,350,289
S01007815,876,574,302
S01007816,523,349,174
S01007817,613,321,292
S01007818,714,470,244
S01007819,594,381,213
S01007820,802,425,377
S01007821,562,336,226
S01007822,718,450,268
S01007823,608,399,209
S01007824,827,517,310
S01007825,935,545,390
S01007826,389,199,190
S01007827,539,342,197
S01007828,930,523,407
S01007829,552,291,261
S01007830,804,385,419
S01007831,778,363,415
S01007832,720,362,358
S01007833,654,266,388
S01007834,568,303,265
S01007835,564,353,211
S01007836,543,323,220
S01007837,946,540,406
S01007838,679,385,294
S01007839,877,460,417
S01007840,657,391,266
S01007841,693,406,287
S01007842,860,431,429
S01007843,713,364,349
S01007844,987,582,405
S01007845,679,362,317
S01007846,587,328,259
S01007847,1058,583,475
S01007848,762,367,395
S01007849,747,433,314
S01007850,542,283,259
S01007851,701,366,335
S01007852,913,464,449
S01007853,578,243,335
S01007854,905,414,491
S01007855,508,266,242
S01007856,737,409,328
S01007857,430,218,212
S01007858,1507,824,683
S01007859,1079,594,485
S01007860,799,453,346
S01007861,779,415,364
S01007862,811,418,393
S01007863,641,297,344
S01007864,683,373,310
S01007865,1041,747,294
S01007866,441,358,83
S01007867,989,727,262
S01007868,1555,1059,496
S01007869,1583,1104,479
S01007870,506,326,180
S01007871,823,392,431
S01007872,593,237,356
S01007873,579,345,234
S01007874,684,368,316
S01007875,575,376,199
S01007876,732,460,272
S01007877,685,375,310
S01007878,521,268,253
S01007879,870,420,450
S01007880,378,233,145
S01007881,486,267,219
S01007882,1241,870,371
S01007883,924,618,306
S01007884,718,435,283
S01007885,805,376,429
S01007886,906,528,378
S01007887,523,337,186
S01007888,794,414,380
S01007889,814,430,384
S01007890,534,309,225
S01007891,984,647,337
S01007892,868,557,311
S01007893,988,623,365
S01007894,795,492,303
S01007895,561,311,250
S01007896,805,443,362
S01007897,1208,821,387
S01007898,583,365,218
S01007899,399,265,134
S01007900,408,210,198
S01007901,598,325,273
S01007902,769,368,401
S01007903,606,301,305
S01007904,656,388,268
S01007905,619,304,315
S01007906,596,281,315
S01007907,599,296,303
S01007908,990,541,449
S01007909,524,330,194
S01007910,810,447,363
S01007911,831,472,359
S01007912,685,387,298
S01007913,798,430,368
S01007914,569,281,288
S01007915,726,409,317
S01007916,738,400,338
S01007917,965,504,461
S01007918,784,421,363
S01007919,721,452,269
S01007920,463,310,153
S01007921,860,450,410
S01007922,1012,495,517
S01007923,940,638,302
S01007924,865,431,434
S01007925,521,351,170
S01007926,692,466,226
S01007927,494,348,146
S01007928,882,564,318
S01007929,1193,826,367
S01007930,541,385,156
S01007931,994,612,382
S01007932,650,373,277
S01007933,998,629,369
S01007934,500,305,195
S01007935,928,603,325
S01007936,899,638,261
S01007937,1165,802,363
S01007938,655,363,292
S01007939,720,392,328
S01007940,1272,784,488
S01007941,513,342,171
S01007942,347,233,114
S01007943,730,423,307
S01007944,780,456,324
S01007945,890,486,404
S01007946,800,448,352
S01007947,807,453,354
S01007948,567,259,308
S01007949,758,439,319
S01007950,887,566,321
S01007951,745,442,303
S01007952,648,365,283
S01007953,775,465,310
S01007954,553,271,282
S01007955,1371,602,769
S01007956,718,406,312
S01007957,939,546,393
S01007958,748,397,351
S01007959,1614,799,815
S01007960,474,266,208
S01007961,1415,671,744
S01007962,755,392,363
S01007963,791,324,467
S01007964,641,316,325
S01007965,572,298,274
S01007966,740,362,378
S01007967,586,313,273
S01007968,723,421,302
S01007969,590,352,238
S01007970,755,456,299
S01007971,739,422,317
S01007972,815,507,308
S01007973,718,477,241
S01007974,715,371,344
S01007975,470,269,201
S01007976,853,501,352
S01007977,518,365,153
S01007978,647,423,224
S01007979,700,455,245
S01007980,609,372,237
S01007981,563,320,243
S01007982,520,278,242
S01007983,1029,527,502
S01007984,668,357,311
S01007985,698,337,361
S01007986,510,294,216
S01007987,799,485,314
S01007988,702,356,346
S01007989,532,313,219
S01007990,920,613,307
S01007991,751,576,175
S01007992,779,593,186
S01007993,746,493,253
S01007994,449,354,95
S01007995,578,395,183
S01007996,266,156,110
S01007997,515,320,195
S01007998,456,277,179
S01007999,584,351,233
S01008000,627,339,288
S01008001,652,302,350
S01008002,774,372,402
S01008003,516,298,218
S01008004,84,43,41
S01008005,76,44,32
S01008006,588,260,328
S01008007,431,222,209
S01008008,545,303,242
S01008009,764,382,382
S01008010,1015,506,509
S01008011,640,331,309
S01008012,796,493,303
S01008013,580,378,202
S01008014,636,413,223
S01008015,638,352,286
S01008016,587,343,244
S01008017,638,377,261
S01008018,716,428,288
S01008019,736,440,296
S01008020,716,483,233
S01008021,534,331,203
S01008022,631,399,232
S01008023,1246,947,299
S01008024,666,544,122
S01008025,736,485,251
S01008026,990,593,397
S01008027,622,365,257
S01008028,439,306,133
S01008029,2710,2045,665
S01008030,1646,1148,498
S01008031,1188,789,399
S01008032,977,608,369
S01008033,878,581,297
S01008034,871,618,253
S01008035,801,506,295
S01008036,515,316,199
S01008037,1082,664,418
S01008038,702,451,251
S01008039,770,463,307
S01008040,520,308,212
S01008041,741,440,301
S01008042,577,356,221
S01008043,921,609,312
S01008044,845,535,310
S01008045,917,565,352
S01008046,759,392,367
S01008047,489,288,201
S01008048,490,257,233
S01008049,690,402,288
S01008050,478,266,212
S01008051,872,580,292
S01008052,602,415,187
S01008053,658,389,269
S01008054,528,321,207
S01008055,748,463,285
S01008056,825,497,328
S01008057,929,581,348
S01008058,695,453,242
S01008059,527,325,202
S01008060,1319,850,469
S01008061,637,452,185
S01008062,727,468,259
S01008063,606,388,218
S01008064,746,445,301
S01008065,884,559,325
S01008066,712,429,283
S01008067,515,329,186
S01008068,927,590,337
S01008069,899,586,313
S01008070,868,574,294
S01008071,727,498,229
S01008072,967,598,369
S01008073,345,219,126
S01008074,719,465,254
S01008075,401,215,186
S01008076,681,389,292
S01008077,685,405,280
S01008078,595,352,243
S01008079,648,375,273
S01008080,577,372,205
S01008081,527,322,205
S01008082,754,462,292
S01008083,628,370,258
S01008084,786,483,303
S01008085,1007,653,354
S01008086,953,656,297
S01008087,796,483,313
S01008088,682,399,283
S01008089,743,423,320
S01008090,541,354,187
S01008091,386,248,138
S01008092,757,418,339
S01008093,613,369,244
S01008094,515,309,206
S01008095,811,467,344
S01008096,554,317,237
S01008097,604,360,244
S01008098,539,357,182
S01008099,408,258,150
S01008100,731,418,313
S01008101,937,629,308
S01008102,607,362,245
S01008103,497,309,188
S01008104,771,474,297
S01008105,895,518,377
S01008106,1202,754,448
S01008107,932,676,256
S01008108,752,503,249
S01008109,726,457,269
S01008110,701,471,230
S01008111,638,403,235
S01008112,713,411,302
S01008113,767,462,305
S01008114,671,409,262
S01008115,734,486,248
S01008116,831,515,316
S01008117,582,345,237
S01008118,940,592,348
S01008119,579,320,259
S01008120,481,294,187
S01008121,475,290,185
S01008122,783,470,313
S01008123,781,480,301
S01008124,766,493,273
S01008125,864,542,322
S01008126,737,502,235
S01008127,367,243,124
S01008128,845,497,348
S01008129,751,457,294
S01008130,882,525,357
S01008131,596,337,259
S01008132,783,484,299
S01008133,571,312,259
S01008134,530,342,188
S01008135,1191,758,433
S01008136,1144,738,406
S01008137,997,537,460
S01008138,753,382,371
S01008139,804,418,386
S01008140,499,285,214
S01008141,884,557,327
S01008142,766,514,252
S01008143,866,488,378
S01008144,801,518,283
S01008145,765,462,303
S01008146,493,246,247
S01008147,710,449,261
S01008148,752,493,259
S01008149,710,426,284
S01008150,1028,599,429
S01008151,751,448,303
S01008152,899,503,396
S01008153,667,436,231
S01008154,800,453,347
S01008155,666,411,255
S01008156,802,481,321
S01008157,803,519,284
S01008158,838,611,227
S01008159,878,448,430
S01008160,967,599,368
S01008161,1078,821,257
S01008162,950,621,329
S01008163,636,381,255
S01008164,1292,332,960
S01008165,613,476,137
S01008166,947,674,273
S01008167,1134,777,357
S01008168,789,487,302
S01008169,1076,791,285
S01008170,1332,398,934
S01008171,657,405,252
S01008172,414,257,157
S01008173,584,409,175
S01008174,412,296,116
S01008175,579,402,177
S01008176,1108,804,304
S01008177,617,372,245
S01008178,512,289,223
S01008179,294,210,84
S01008180,374,275,99
S01008181,515,317,198
S01008182,1012,669,343
S01008183,739,468,271
S01008184,674,420,254
S01008185,937,606,331
S01008186,793,429,364
S01008187,519,330,189
S01008188,1074,646,428
S01008189,802,497,305
S01008190,753,453,300
S01008191,1063,738,325
S01008192,827,548,279
S01008193,676,449,227
S01008194,483,307,176
S01008195,843,518,325
S01008196,636,399,237
S01008197,1429,1117,312
S01008198,514,311,203
S01008199,581,325,256
S01008200,610,323,287
S01008201,977,556,421
S01008202,592,363,229
S01008203,424,233,191
S01008204,2021,1403,618
S01008205,577,365,212
S01008206,1173,773,400
S01008207,589,366,223
S01008208,748,546,202
S01008209,492,360,132
S01008210,1070,726,344
S01008211,743,478,265
S01008212,527,400,127
S01008213,735,507,228
S01008214,601,341,260
S01008215,824,537,287
S01008216,607,426,181
S01008217,525,370,155
S01008218,1615,1255,360
S01008219,929,610,319
S01008220,440,256,184
S01008221,578,319,259
S01008222,487,274,213
S01008223,434,241,193
S01008224,731,533,198
S01008225,611,395,216
S01008226,521,312,209
S01008227,747,437,310
S01008228,602,418,184
S01008229,918,596,322
S01008230,604,470,134
S01008231,414,299,115
S01008232,203,137,66
S01008233,1246,996,250
S01008234,1511,1131,380
S01008235,669,443,226
S01008236,748,488,260
S01008237,690,438,252
S01008238,769,482,287
S01008239,570,403,167
S01008240,1071,670,401
S01008241,806,500,306
S01008242,876,530,346
S01008243,795,549,246
S01008244,729,472,257
S01008245,834,569,265
S01008246,929,651,278
S01008247,758,528,230
S01008248,960,600,360
S01008249,674,441,233
S01008250,836,559,277
S01008251,743,521,222
S01008252,818,505,313
S01008253,606,378,228
S01008254,919,558,361
S01008255,743,482,261
S01008256,764,487,277
S01008257,562,352,210
S01008258,986,696,290
S01008259,1044,716,328
S01008260,792,513,279
S01008261,884,584,300
S01008262,699,477,222
S01008263,557,372,185
S01008264,640,436,204
S01008265,453,269,184
S01008266,727,462,265
S01008267,606,401,205
S01008268,595,359,236
S01008269,692,370,322
S01008270,755,425,330
S01008271,558,336,222
S01008272,737,462,275
S01008273,725,432,293
S01008274,669,381,288
S01008275,486,308,178
S01008276,496,330,166
S01008277,517,358,159
S01008278,569,362,207
S01008279,522,322,200
S01008280,933,610,323
S01008281,633,448,185
S01008282,591,406,185
S01008283,880,628,252
S01008284,1148,795,353
S01008285,552,310,242
S01008286,1002,647,355
S01008287,642,413,229
S01008288,705,440,265
S01008289,604,406,198
S01008290,734,471,263
S01008291,790,501,289
S01008292,1117,768,349
S01008293,800,574,226
S01008294,506,341,165
S01008295,963,646,317
S01008296,639,389,250
S01008297,448,275,173
S01008298,816,510,306
S01008299,799,397,402
S01008300,717,389,328
S01008301,808,533,275
S01008302,706,455,251
S01008303,592,352,240
S01008304,369,220,149
S01008305,619,401,218
S01008306,510,329,181
S01008307,541,371,170
S01008308,448,268,180
S01008309,682,340,342
S01008310,693,422,271
S01008311,534,318,216
S01008312,562,331,231
S01008313,764,361,403
S01008314,746,414,332
S01008315,567,304,263
S01008316,636,356,280
S01008317,551,339,212
S01008318,1161,786,375
S01008319,437,232,205
S01008320,495,256,239
S01008321,559,378,181
S01008322,1378,884,494
S01008323,635,324,311
S01008324,469,269,200
S01008325,875,534,341
S01008326,827,436,391
S01008327,796,464,332
S01008328,641,464,177
S01008329,794,525,269
S01008330,818,515,303
S01008331,585,418,167
S01008332,764,468,296
S01008333,772,438,334
S01008334,707,419,288
S01008335,669,365,304
S01008336,707,394,313
S01008337,620,448,172
S01008338,576,426,150
S01008339,486,357,129
S01008340,702,499,203
S01008341,481,345,136
S01008342,866,517,349
S01008343,768,451,317
S01008344,631,388,243
S01008345,932,514,418
S01008346,744,461,283
S01008347,798,473,325
S01008348,699,383,316
S01008349,973,610,363
S01008350,535,299,236
S01008351,744,469,275
S01008352,618,373,245
S01008353,351,207,144
S01008354,736,525,211
S01008355,786,458,328
S01008356,646,436,210
S01008357,650,425,225
S01008358,625,367,258
S01008359,543,355,188
S01008360,984,632,352
S01008361,597,378,219
S01008362,816,566,250
S01008363,616,385,231
S01008364,610,357,253
S01008365,713,394,319
S01008366,632,350,282
S01008367,705,416,289
S01008368,660,443,217
S01008369,578,364,214
S01008370,499,316,183
S01008371,648,404,244
S01008372,693,428,265
S01008373,852,566,286
S01008374,618,401,217
S01008375,570,370,200
S01008376,455,297,158
S01008377,655,450,205
S01008378,747,492,255
S01008379,375,206,169
S01008380,484,316,168
S01008381,776,522,254
S01008382,673,428,245
S01008383,451,295,156
S01008384,714,472,242
S01008385,475,295,180
S01008386,723,466,257
S01008387,635,439,196
S01008388,475,353,122
S01008389,452,247,205
S01008390,535,343,192
S01008391,492,289,203
S01008392,663,444,219
S01008393,584,361,223
S01008394,751,510,241
S01008395,598,413,185
S01008396,549,333,216
S01008397,752,463,289
S01008398,629,390,239
S01008399,443,243,200
S01008400,768,475,293
S01008401,865,529,336
S01008402,774,466,308
S01008403,651,372,279
S01008404,702,449,253
S01008405,593,392,201
S01008406,749,434,315
S01008407,355,203,152
S01008408,575,389,186
S01008409,769,472,297
S01008410,578,321,257
S01008411,843,527,316
S01008412,509,290,219
S01008413,509,328,181
S01008414,465,293,172
S01008415,786,519,267
S01008416,872,502,370
S01008417,548,336,212
S01008418,536,362,174
S01008419,349,237,112
S01008420,429,286,143
S01008421,620,415,205
S01008422,663,428,235
S01008423,750,467,283
S01008424,786,441,345
S01008425,2281,485,1796
S01008426,829,499,330
S01008427,975,691,284
S01008428,587,363,224
S01008429,661,407,254
S01008430,798,482,316
S01008431,768,474,294
S01008432,791,466,325
S01008433,645,432,213
S01008434,812,528,284
S01008435,867,494,373
S01008436,750,454,296
S01008437,574,380,194
S01008438,439,307,132
S01008439,783,514,269
S01008440,806,513,293
S01008441,743,514,229
S01008442,580,426,154
S01008443,422,244,178
S01008444,547,364,183
S01008445,646,375,271
S01008446,1073,562,511
S01008447,503,331,172
S01008448,666,414,252
S01008449,698,368,330
S01008450,384,211,173
S01008451,738,395,343
S01008452,698,358,340
S01008453,690,392,298
S01008454,974,502,472
S01008455,972,438,534
S01008456,958,429,529
S01008457,788,402,386
S01008458,746,446,300
S01008459,645,309,336
S01008460,876,411,465
S01008461,778,377,401
S01008462,554,236,318
S01008463,730,379,351
S01008464,690,443,247
S01008465,722,480,242
S01008466,625,368,257
S01008467,673,416,257
S01008468,719,387,332
S01008469,621,376,245
S01008470,744,381,363
S01008471,607,334,273
S01008472,563,309,254
S01008473,520,292,228
S01008474,625,344,281
S01008475,790,466,324
S01008476,580,337,243
S01008477,880,525,355
S01008478,712,385,327
S01008479,811,411,400
S01008480,376,198,178
S01008481,1351,452,899
S01008482,1264,424,840
S01008483,641,370,271
S01008484,703,448,255
S01008485,885,545,340
S01008486,656,369,287
S01008487,810,587,223
S01008488,1047,671,376
S01008489,682,398,284
S01008490,955,638,317
S01008491,805,464,341
S01008492,806,536,270
S01008493,684,391,293
S01008494,671,393,278
S01008495,996,640,356
S01008496,1099,727,372
S01008497,874,614,260
S01008498,709,454,255
S01008499,1030,606,424
S01008500,344,223,121
S01008501,754,462,292
S01008502,609,414,195
S01008503,852,640,212
S01008504,1416,970,446
S01008505,811,588,223
S01008506,792,532,260
S01008507,780,470,310
S01008508,793,517,276
S01008509,908,611,297
S01008510,671,431,240
S01008511,697,432,265
S01008512,831,542,289
S01008513,759,368,391
S01008514,471,308,163
S01008515,660,471,189
S01008516,1241,698,543
S01008517,831,493,338
S01008518,896,595,301
S01008519,753,501,252
S01008520,949,581,368
S01008521,640,411,229
S01008522,443,275,168
S01008523,861,566,295
S01008524,861,476,385
S01008525,779,430,349
S01008526,629,405,224
S01008527,545,379,166
S01008528,505,338,167
S01008529,610,404,206
S01008530,756,450,306
S01008531,707,414,293
S01008532,473,279,194
S01008533,360,250,110
S01008534,638,429,209
S01008535,543,350,193
S01008536,498,336,162
S01008537,508,303,205
S01008538,449,262,187
S01008539,790,519,271
S01008540,689,444,245
S01008541,705,478,227
S01008542,871,595,276
S01008543,721,506,215
S01008544,467,341,126
S01008545,747,484,263
S01008546,621,378,243
S01008547,908,660,248
S01008548,784,548,236
S01008549,941,631,310
S01008550,828,560,268
S01008551,771,520,251
S01008552,797,501,296
S01008553,510,275,235
S01008554,738,370,368
S01008555,939,469,470
S01008556,763,389,374
S01008557,664,327,337
S01008558,618,344,274
S01008559,599,340,259
S01008560,614,371,243
S01008561,745,431,314
S01008562,564,287,277
S01008563,834,482,352
S01008564,791,479,312
S01008565,772,414,358
S01008566,831,479,352
S01008567,647,375,272
S01008568,661,444,217
S01008569,571,274,297
S01008570,921,486,435
S01008571,582,312,270
S01008572,747,420,327
S01008573,806,524,282
S01008574,795,537,258
S01008575,651,413,238
S01008576,789,505,284
S01008577,797,493,304
S01008578,672,428,244
S01008579,630,349,281
S01008580,634,391,243
S01008581,755,426,329
S01008582,994,594,400
S01008583,672,374,298
S01008584,952,546,406
S01008585,726,400,326
S01008586,683,359,324
S01008587,718,336,382
S01008588,773,460,313
S01008589,255,166,89
S01008590,511,288,223
S01008591,844,483,361
S01008592,704,322,382
S01008593,608,373,235
S01008594,758,428,330
S01008595,875,411,464
S01008596,773,334,439
S01008597,821,478,343
S01008598,1033,458,575
S01008599,836,444,392
S01008600,2422,390,2032
S01008601,2442,240,2202
S01008602,487,221,266
S01008603,961,370,591
S01008604,979,473,506
S01008605,805,391,414
S01008606,792,501,291
S01008607,428,257,171
S01008608,579,327,252
S01008609,736,435,301
S01008610,921,387,534
S01008611,1286,438,848
S01008612,713,305,408
S01008613,846,409,437
S01008614,840,271,569
S01008615,774,294,480
S01008616,772,252,520
S01008617,861,252,609
S01008618,669,199,470
S01008619,474,196,278
S01008620,756,268,488
S01008621,804,263,541
S01008622,742,307,435
S01008623,911,361,550
S01008624,565,289,276
S01008625,417,254,163
S01008626,850,575,275
S01008627,529,344,185
S01008628,614,364,250
S01008629,774,434,340
S01008630,610,344,266
S01008631,766,492,274
S01008632,1035,601,434
S01008633,856,484,372
S01008634,571,304,267
S01008635,681,398,283
S01008636,735,394,341
S01008637,608,333,275
S01008638,1258,490,768
S01008639,1100,705,395
S01008640,1072,625,447
S01008641,1002,511,491
S01008642,911,527,384
S01008643,817,542,275
S01008644,567,306,261
S01008645,884,512,372
S01008646,1085,697,388
S01008647,655,449,206
S01008648,895,559,336
S01008649,1124,743,381
S01008650,859,582,277
S01008651,1140,528,612
S01008652,703,451,252
S01008653,614,338,276
S01008654,1119,659,460
S01008655,847,498,349
S01008656,1339,593,746
S01008657,973,546,427
S01008658,1640,610,1030
S01008659,1125,536,589
S01008660,1080,491,589
S01008661,1195,501,694
S01008662,1023,330,693
S01008663,928,384,544
S01008664,933,485,448
S01008665,1596,611,985
S01008666,989,339,650
S01008667,1368,460,908
S01008668,1188,363,825
S01008669,635,118,517
S01008670,1074,260,814
S01008671,1120,291,829
S01008672,620,213,407
S01008673,1056,382,674
S01008674,991,317,674
S01008675,791,407,384
S01008676,888,485,403
S01008677,829,405,424
S01008678,1387,273,1114
S01008679,1253,375,878
S01008680,853,254,599
S01008681,961,304,657
S01008682,869,360,509
S01008683,1900,519,1381
S01008684,2705,457,2248
S01008685,779,370,409
S01008686,1055,524,531
S01008687,894,572,322
S01008688,1185,752,433
S01008689,1031,755,276
S01008690,928,628,300
S01008691,1177,861,316
S01008692,996,709,287
S01008693,450,305,145
S01008694,1232,904,328
S01008695,790,543,247
S01008696,515,357,158
S01008697,804,512,292
S01008698,557,346,211
S01008699,796,470,326
S01008700,520,287,233
S01008701,668,342,326
S01008702,646,365,281
S01008703,1026,469,557
S01008704,1208,624,584
S01008705,658,336,322
S01008706,937,465,472
S01008707,872,383,489
S01008708,752,335,417
S01008709,724,343,381
S01008710,697,351,346
S01008711,582,303,279
S01008712,852,342,510
S01008713,438,238,200
S01008714,480,254,226
S01008715,548,301,247
S01008716,469,287,182
S01008717,404,269,135
S01008718,456,290,166
S01008719,874,566,308
S01008720,476,274,202
S01008721,621,477,144
S01008722,749,432,317
S01008723,622,415,207
S01008724,717,470,247
S01008725,559,371,188
S01008726,843,571,272
S01008727,876,556,320
S01008728,436,279,157
S01008729,593,393,200
S01008730,845,586,259
S01008731,397,223,174
S01008732,620,361,259
S01008733,731,537,194
S01008734,580,383,197
S01008735,829,497,332
S01008736,505,301,204
S01008737,561,352,209
S01008738,615,365,250
S01008739,428,273,155
S01008740,532,319,213
S01008741,802,498,304
S01008742,505,321,184
S01008743,837,501,336
S01008744,751,476,275
S01008745,405,279,126
S01008746,819,448,371
S01008747,376,231,145
S01008748,762,467,295
S01008749,868,543,325
S01008750,565,348,217
S01008751,744,441,303
S01008752,722,370,352
S01008753,695,423,272
S01008754,729,450,279
S01008755,808,536,272
S01008756,664,361,303
S01008757,598,257,341
S01008758,749,397,352
S01008759,518,272,246
S01008760,1026,554,472
S01008761,671,423,248
S01008762,427,288,139
S01008763,652,518,134
S01008764,547,386,161
S01008765,967,720,247
S01008766,1074,734,340
S01008767,683,449,234
S01008768,2333,1707,626
S01008769,1949,1457,492
S01008770,1840,1388,452
S01008771,1840,1388,452
S01008772,932,641,291
S01008773,925,647,278
S01008774,769,503,266
S01008775,437,291,146
S01008776,1073,642,431
S01008777,964,514,450
S01008778,907,672,235
S01008779,953,702,251
S01008780,809,573,236
S01008781,961,730,231
S01008782,836,637,199
S01008783,478,379,99
S01008784,682,485,197
S01008785,854,486,368
S01008786,1053,733,320
S01008787,563,335,228
S01008788,771,609,162
S01008789,486,268,218
S01008790,802,493,309
S01008791,847,575,272
S01008792,832,550,282
S01008793,857,515,342
S01008794,735,483,252
S01008795,1095,774,321
S01008796,953,629,324
S01008797,922,613,309
S01008798,860,569,291
S01008799,655,428,227
S01008800,1070,794,276
S01008801,784,554,230
S01008802,1123,743,380
S01008803,957,626,331
S01008804,722,417,305
S01008805,716,413,303
S01008806,1059,740,319
S01008807,883,627,256
S01008808,568,397,171
S01008809,649,381,268
S01008810,872,585,287
S01008811,765,500,265
S01008812,889,529,360
S01008813,838,503,335
S01008814,1077,714,363
S01008815,1100,750,350
S01008816,424,276,148
S01008817,1003,710,293
S01008818,929,690,239
S01008819,861,621,240
S01008820,1258,809,449
S01008821,584,409,175
S01008822,629,434,195
S01008823,660,482,178
S01008824,979,723,256
S01008825,451,344,107
S01008826,536,378,158
S01008827,736,481,255
S01008828,752,529,223
S01008829,727,432,295
S01008830,834,568,266
S01008831,736,466,270
S01008832,535,287,248
S01008833,810,540,270
S01008834,909,607,302
S01008835,753,495,258
S01008836,430,277,153
S01008837,1437,1084,353
S01008838,881,642,239
S01008839,1023,739,284
S01008840,871,604,267
S01008841,1128,812,316
S01008842,118,78,40
S01008843,886,572,314
S01008844,862,602,260
S01008845,778,438,340
S01008846,819,511,308
S01008847,755,462,293
S01008848,819,498,321
S01008849,923,565,358
S01008850,1243,726,517
S01008851,1027,638,389
S01008852,1037,649,388
S01008853,599,414,185
S01008854,907,555,352
S01008855,1032,751,281
S01008856,628,463,165
S01008857,818,606,212
S01008858,912,671,241
S01008859,902,679,223
S01008860,1041,715,326
S01008861,755,526,229
S01008862,948,709,239
S01008863,650,509,141
S01008864,1045,605,440
S01008865,799,585,214
S01008866,869,703,166
S01008867,773,570,203
S01008868,1014,671,343
S01008869,924,647,277
S01008870,964,706,258
S01008871,1140,728,412
S01008872,896,539,357
S01008873,611,436,175
S01008874,698,470,228
S01008875,852,600,252
S01008876,525,352,173
S01008877,579,399,180
S01008878,835,536,299
S01008879,611,418,193
S01008880,520,357,163
S01008881,438,256,182
S01008882,858,532,326
S01008883,735,445,290
S01008884,551,316,235
S01008885,650,429,221
S01008886,868,552,316
S01008887,546,364,182
S01008888,1081,617,464
S01008889,672,487,185
S01008890,581,389,192
S01008891,532,351,181
S01008892,844,541,303
S01008893,761,510,251
S01008894,709,443,266
S01008895,515,336,179
S01008896,667,432,235
S01008897,612,394,218
S01008898,719,432,287
S01008899,590,322,268
S01008900,713,450,263
S01008901,836,522,314
S01008902,828,499,329
S01008903,783,467,316
S01008904,865,474,391
S01008905,948,464,484
S01008906,723,357,366
S01008907,708,313,395
S01008908,820,443,377
S01008909,843,524,319
S01008910,1411,1064,347
S01008911,1117,890,227
S01008912,660,463,197
S01008913,369,235,134
S01008914,799,519,280
S01008915,501,332,169
S01008916,923,464,459
S01008917,532,267,265
S01008918,586,270,316
S01008919,482,200,282
S01008920,1235,885,350
S01008921,1057,544,513
S01008922,899,516,383
S01008923,1009,606,403
S01008924,1741,1112,629
S01008925,587,382,205
S01008926,1278,876,402
S01008927,947,687,260
S01008928,638,366,272
S01008929,1054,426,628
S01008930,779,388,391
S01008931,547,294,253
S01008932,875,597,278
S01008933,664,365,299
S01008934,605,342,263
S01008935,748,473,275
S01008936,448,282,166
S01008937,599,377,222
S01008938,680,449,231
S01008939,548,332,216
S01008940,520,313,207
S01008941,629,410,219
S01008942,859,536,323
S01008943,592,324,268
S01008944,686,390,296
S01008945,788,550,238
S01008946,636,369,267
S01008947,754,467,287
S01008948,704,442,262
S01008949,975,621,354
S01008950,743,477,266
S01008951,775,465,310
S01008952,1081,674,407
S01008953,783,482,301
S01008954,647,383,264
S01008955,652,456,196
S01008956,964,648,316
S01008957,837,525,312
S01008958,594,386,208
S01008959,782,529,253
S01008960,739,564,175
S01008961,748,484,264
S01008962,481,326,155
S01008963,707,457,250
S01008964,504,332,172
S01008965,516,310,206
S01008966,620,411,209
S01008967,779,506,273
S01008968,805,536,269
S01008969,766,516,250
S01008970,842,588,254
S01008971,522,361,161
S01008972,1035,690,345
S01008973,585,387,198
S01008974,629,405,224
S01008975,581,341,240
S01008976,541,340,201
S01008977,615,405,210
S01008978,537,364,173
S01008979,633,447,186
S01008980,592,411,181
S01008981,550,351,199
S01008982,696,468,228
S01008983,673,495,178
S01008984,366,249,117
S01008985,594,425,169
S01008986,645,447,198
S01008987,729,471,258
S01008988,725,453,272
S01008989,819,602,217
S01008990,983,762,221
S01008991,967,728,239
S01008992,336,208,128
S01008993,968,674,294
S01008994,782,524,258
S01008995,851,604,247
S01008996,533,345,188
S01008997,814,597,217
S01008998,863,573,290
S01008999,706,401,305
S01009000,848,550,298
S01009001,604,397,207
S01009002,664,462,202
S01009003,770,547,223
S01009004,639,451,188
S01009005,761,521,240
S01009006,960,553,407
S01009007,630,397,233
S01009008,681,436,245
S01009009,327,200,127
S01009010,1083,797,286
S01009011,925,689,236
S01009012,683,496,187
S01009013,811,569,242
S01009014,609,403,206
S01009015,459,279,180
S01009016,367,229,138
S01009017,528,326,202
S01009018,559,380,179
S01009019,680,480,200
S01009020,771,558,213
S01009021,560,369,191
S01009022,675,433,242
S01009023,700,413,287
S01009024,906,557,349
S01009025,669,427,242
S01009026,842,522,320
S01009027,657,390,267
S01009028,473,295,178
S01009029,620,389,231
S01009030,753,481,272
S01009031,566,358,208
S01009032,484,276,208
S01009033,641,391,250
S01009034,496,306,190
S01009035,669,449,220
S01009036,752,508,244
S01009037,746,520,226
S01009038,793,530,263
S01009039,722,464,258
S01009040,583,371,212
S01009041,855,546,309
S01009042,620,414,206
S01009043,924,615,309
S01009044,678,436,242
S01009045,825,537,288
S01009046,641,422,219
S01009047,586,403,183
S01009048,618,410,208
S01009049,584,367,217
S01009050,720,497,223
S01009051,763,522,241
S01009052,700,464,236
S01009053,402,184,218
S01009054,540,328,212
S01009055,643,444,199
S01009056,415,215,200
S01009057,546,314,232
S01009058,783,446,337
S01009059,657,441,216
S01009060,877,613,264
S01009061,731,471,260
S01009062,645,354,291
S01009063,569,374,195
S01009064,522,321,201
S01009065,1209,747,462
S01009066,539,318,221
S01009067,483,362,121
S01009068,670,444,226
S01009069,715,530,185
S01009070,717,481,236
S01009071,498,319,179
S01009072,961,707,254
S01009073,598,347,251
S01009074,732,435,297
S01009075,550,341,209
S01009076,908,641,267
S01009077,717,473,244
S01009078,425,293,132
S01009079,969,606,363
S01009080,1475,936,539
S01009081,1120,765,355
S01009082,1241,835,406
S01009083,585,359,226
S01009084,2909,2253,656
S01009085,926,736,190
S01009086,1265,911,354
S01009087,1196,834,362
S01009088,936,605,331
S01009089,623,481,142
S01009090,365,302,63
S01009091,1305,1013,292
S01009092,780,472,308
S01009093,752,481,271
S01009094,643,386,257
S01009095,928,564,364
S01009096,757,567,190
S01009097,1274,962,312
S01009098,386,230,156
S01009099,605,368,237
S01009100,876,521,355
S01009101,784,478,306
S01009102,753,436,317
S01009103,498,296,202
S01009104,603,365,238
S01009105,592,407,185
S01009106,580,391,189
S01009107,926,670,256
S01009108,691,436,255
S01009109,772,506,266
S01009110,600,377,223
S01009111,824,595,229
S01009112,421,263,158
S01009113,508,324,184
S01009114,693,489,204
S01009115,698,511,187
S01009116,655,418,237
S01009117,570,387,183
S01009118,459,352,107
S01009119,692,406,286
S01009120,568,362,206
S01009121,836,543,293
S01009122,1054,701,353
S01009123,282,188,94
S01009124,698,505,193
S01009125,672,407,265
S01009126,592,319,273
S01009127,513,290,223
S01009128,695,363,332
S01009129,463,260,203
S01009130,527,341,186
S01009131,593,344,249
S01009132,716,489,227
S01009133,590,379,211
S01009134,758,497,261
S01009135,441,330,111
S01009136,794,605,189
S01009137,1008,809,199
S01009138,787,530,257
S01009139,472,282,190
S01009140,569,354,215
S01009141,528,303,225
S01009142,668,402,266
S01009143,435,230,205
S01009144,1111,832,279
S01009145,1421,922,499
S01009146,915,550,365
S01009147,1223,822,401
S01009148,573,332,241
S01009149,666,427,239
S01009150,455,93,362
S01009151,587,332,255
S01009152,624,334,290
S01009153,619,434,185
S01009154,684,437,247
S01009155,499,300,199
S01009156,1011,724,287
S01009157,669,424,245
S01009158,606,394,212
S01009159,470,236,234
S01009160,510,293,217
S01009161,664,347,317
S01009162,579,328,251
S01009163,415,245,170
S01009164,734,430,304
S01009165,543,287,256
S01009166,720,373,347
S01009167,556,326,230
S01009168,849,541,308
S01009169,629,307,322
S01009170,518,308,210
S01009171,1334,984,350
S01009172,803,574,229
S01009173,1083,825,258
S01009174,68,56,12
S01009175,1290,1012,278
S01009176,1007,733,274
S01009177,629,375,254
S01009178,617,358,259
S01009179,640,397,243
S01009180,742,457,285
S01009181,1095,730,365
S01009182,882,606,276
S01009183,799,585,214
S01009184,904,511,393
S01009185,834,487,347
S01009186,737,462,275
S01009187,850,611,239
S01009188,1033,704,329
S01009189,1082,727,355
S01009190,1270,631,639
S01009191,534,424,110
S01009192,1124,492,632
S01009193,537,400,137
S01009194,721,459,262
S01009195,1205,576,629
S01009196,528,315,213
S01009197,1510,1128,382
S01009198,629,397,232
S01009199,649,446,203
S01009200,997,650,347
S01009201,526,331,195
S01009202,422,301,121
S01009203,442,216,226
S01009204,814,484,330
S01009205,933,701,232
S01009206,852,615,237
S01009207,732,449,283
S01009208,478,257,221
S01009209,922,587,335
S01009210,641,368,273
S01009211,547,340,207
S01009212,669,379,290
S01009213,637,397,240
S01009214,917,612,305
S01009215,820,508,312
S01009216,834,509,325
S01009217,593,326,267
S01009218,836,512,324
S01009219,559,340,219
S01009220,462,254,208
S01009221,441,277,164
S01009222,469,282,187
S01009223,410,252,158
S01009224,764,453,311
S01009225,542,329,213
S01009226,904,525,379
S01009227,465,281,184
S01009228,570,307,263
S01009229,682,427,255
S01009230,703,483,220
S01009231,734,473,261
S01009232,516,270,246
S01009233,554,309,245
S01009234,862,447,415
S01009235,690,405,285
S01009236,510,309,201
S01009237,546,349,197
S01009238,782,430,352
S01009239,643,426,217
S01009240,495,243,252
S01009241,663,346,317
S01009242,695,412,283
S01009243,881,567,314
S01009244,641,413,228
S01009245,670,419,251
S01009246,766,488,278
S01009247,903,586,317
S01009248,532,314,218
S01009249,820,516,304
S01009250,587,357,230
S01009251,435,256,179
S01009252,348,269,79
S01009253,538,263,275
S01009254,690,364,326
S01009255,627,424,203
S01009256,471,283,188
S01009257,531,330,201
S01009258,1187,868,319
S01009259,803,558,245
S01009260,1605,1175,430
S01009261,601,335,266
S01009262,570,328,242
S01009263,913,658,255
S01009264,590,359,231
S01009265,593,362,231
S01009266,817,473,344
S01009267,612,382,230
S01009268,723,447,276
S01009269,1157,696,461
S01009270,546,315,231
S01009271,718,476,242
S01009272,664,384,280
S01009273,686,402,284
S01009274,663,373,290
S01009275,504,302,202
S01009276,808,484,324
S01009277,602,384,218
S01009278,633,432,201
S01009279,838,544,294
S01009280,629,283,346
S01009281,678,307,371
S01009282,1044,670,374
S01009283,458,333,125
S01009284,614,439,175
S01009285,675,463,212
S01009286,768,497,271
S01009287,610,371,239
S01009288,690,406,284
S01009289,673,422,251
S01009290,471,275,196
S01009291,918,588,330
S01009292,385,226,159
S01009293,726,519,207
S01009294,764,511,253
S01009295,599,406,193
S01009296,781,529,252
S01009297,1232,852,380
S01009298,953,553,400
S01009299,820,569,251
S01009300,496,326,170
S01009301,803,471,332
S01009302,692,387,305
S01009303,564,346,218
S01009304,900,568,332
S01009305,768,493,275
S01009306,1003,698,305
S01009307,1024,674,350
S01009308,890,617,273
S01009309,580,427,153
S01009310,720,450,270
S01009311,728,389,339
S01009312,796,560,236
S01009313,503,293,210
S01009314,708,445,263
S01009315,523,307,216
S01009316,715,490,225
S01009317,697,451,246
S01009318,741,510,231
S01009319,692,419,273
S01009320,652,447,205
S01009321,814,534,280
S01009322,656,403,253
S01009323,1058,674,384
S01009324,461,295,166
S01009325,713,497,216
S01009326,354,224,130
S01009327,436,238,198
S01009328,869,728,141
S01009330,100,39,61
S01009331,915,769,146
S01009332,632,390,242
S01009333,658,450,208
S01009334,473,231,242
S01009335,592,337,255
S01009336,485,222,263
S01009337,666,366,300
S01009338,1416,990,426
S01009339,797,419,378
S01009340,647,387,260
S01009341,706,411,295
S01009342,636,397,239
S01009343,433,287,146
S01009344,562,337,225
S01009345,906,597,309
S01009346,4289,3449,840
S01009347,4430,3527,903
S01009348,4362,3496,866
S01009349,753,583,170
S01009350,130,86,44
S01009351,73,47,26
S01009352,58,29,29
S01009353,4614,3713,901
S01009354,5042,4032,1010
S01009355,818,535,283
S01009356,760,494,266
S01009357,509,371,138
S01009358,338,233,105
S01009359,902,683,219
S01009360,646,420,226
S01009361,665,425,240
S01009362,939,616,323
S01009363,717,434,283
S01009364,672,465,207
S01009365,639,425,214
S01009366,637,380,257
S01009367,564,355,209
S01009368,753,537,216
S01009369,734,476,258
S01009370,668,401,267
S01009371,397,251,146
S01009372,505,310,195
S01009373,708,428,280
S01009374,756,442,314
S01009375,606,343,263
S01009376,686,415,271
S01009377,978,818,160
S01009378,929,615,314
S01009379,678,492,186
S01009380,603,418,185
S01009381,592,413,179
S01009382,1079,657,422
S01009383,785,488,297
S01009384,434,283,151
S01009385,560,356,204
S01009386,837,479,358
S01009387,692,423,269
S01009388,865,456,409
S01009389,794,483,311
S01009390,543,413,130
S01009391,624,491,133
S01009392,392,297,95
S01009393,703,502,201
S01009394,695,456,239
S01009395,762,456,306
S01009396,562,320,242
S01009397,534,346,188
S01009398,904,620,284
S01009399,775,530,245
S01009400,689,426,263
S01009401,698,387,311
S01009402,598,342,256
S01009403,556,386,170
S01009404,456,259,197
S01009405,585,370,215
S01009406,695,439,256
S01009407,393,237,156
S01009408,659,461,198
S01009409,584,338,246
S01009410,667,399,268
S01009411,1015,608,407
S01009412,644,392,252
S01009413,967,577,390
S01009414,605,364,241
S01009415,895,485,410
S01009416,495,336,159
S01009417,1090,818,272
S01009418,1022,612,410
S01009419,1518,1052,466
S01009420,554,268,286
S01009421,522,270,252
S01009422,1614,1138,476
S01009423,989,758,231
S01009424,533,315,218
S01009425,640,369,271
S01009426,742,388,354
S01009427,433,224,209
S01009428,449,211,238
S01009429,613,309,304
S01009430,547,289,258
S01009431,1492,1015,477
S01009432,796,442,354
S01009433,590,281,309
S01009434,398,198,200
S01009435,712,353,359
S01009436,607,347,260
S01009437,719,402,317
S01009438,818,413,405
S01009439,836,428,408
S01009440,621,352,269
S01009441,657,375,282
S01009442,952,643,309
S01009443,2007,1513,494
S01009444,686,475,211
S01009445,811,478,333
S01009446,1139,676,463
S01009447,598,349,249
S01009448,547,334,213
S01009449,498,291,207
S01009450,505,262,243
S01009451,895,457,438
S01009452,588,312,276
S01009453,748,419,329
S01009454,804,508,296
S01009455,1003,619,384
S01009456,649,365,284
S01009457,564,358,206
S01009458,481,290,191
S01009459,820,457,363
S01009460,606,317,289
S01009461,546,377,169
S01009462,907,595,312
S01009463,741,442,299
S01009464,625,417,208
S01009465,920,594,326
S01009466,605,390,215
S01009467,621,364,257
S01009468,565,321,244
S01009469,619,350,269
S01009470,1204,807,397
S01009471,469,207,262
S01009472,866,460,406
S01009473,784,403,381
S01009474,649,366,283
S01009475,192,128,64
S01009476,968,684,284
S01009477,758,472,286
S01009478,799,498,301
S01009479,781,456,325
S01009480,836,545,291
S01009481,693,486,207
S01009482,477,314,163
S01009483,576,407,169
S01009484,879,476,403
S01009485,565,298,267
S01009486,554,316,238
S01009487,830,490,340
S01009488,682,427,255
S01009489,638,345,293
S01009490,623,306,317
S01009491,491,234,257
S01009492,680,389,291
S01009493,1427,930,497
S01009494,919,650,269
S01009495,696,481,215
S01009496,585,366,219
S01009497,855,533,322
S01009498,507,302,205
S01009499,597,334,263
S01009500,605,326,279
S01009501,543,286,257
S01009502,725,430,295
S01009503,718,455,263
S01009504,601,325,276
S01009505,640,315,325
S01009506,795,407,388
S01009507,788,517,271
S01009508,867,465,402
S01009509,779,433,346
S01009510,616,377,239
S01009511,676,417,259
S01009512,762,510,252
S01009513,688,379,309
S01009514,656,455,201
S01009515,585,318,267
S01009516,820,462,358
S01009517,57,35,22
S01009518,1561,1239,322
S01009519,701,392,309
S01009520,2119,1595,524
S01009521,678,295,383
S01009522,875,484,391
S01009523,552,263,289
S01009524,633,330,303
S01009525,398,215,183
S01009526,541,390,151
S01009527,662,414,248
S01009528,560,324,236
S01009529,811,493,318
S01009530,661,419,242
S01009531,687,345,342
S01009532,736,320,416
S01009533,693,402,291
S01009534,587,270,317
S01009535,643,308,335
S01009536,378,216,162
S01009537,447,235,212
S01009538,745,404,341
S01009539,729,446,283
S01009540,761,450,311
S01009541,922,604,318
S01009542,776,439,337
S01009543,729,473,256
S01009544,762,478,284
S01009545,824,547,277
S01009546,575,331,244
S01009547,737,401,336
S01009548,770,474,296
S01009549,987,653,334
S01009550,418,276,142
S01009551,493,304,189
S01009552,1325,862,463
S01009553,792,440,352
S01009554,610,324,286
S01009555,683,423,260
S01009556,686,404,282
S01009557,714,375,339
S01009558,486,244,242
S01009559,920,503,417
S01009560,610,305,305
S01009561,460,241,219
S01009562,826,481,345
S01009563,643,366,277
S01009564,465,268,197
S01009565,426,214,212
S01009566,1262,869,393
S01009567,717,419,298
S01009568,622,346,276
S01009569,734,421,313
S01009570,482,278,204
S01009571,583,289,294
S01009572,761,396,365
S01009573,537,262,275
S01009574,1058,666,392
S01009575,573,347,226
S01009576,1061,778,283
S01009577,701,450,251
S01009578,798,485,313
S01009579,230,133,97
S01009580,883,643,240
S01009581,596,332,264
S01009582,421,271,150
S01009583,582,342,240
S01009584,372,232,140
S01009585,912,564,348
S01009586,794,438,356
S01009587,668,364,304
S01009588,725,440,285
S01009589,838,519,319
S01009590,671,436,235
S01009591,751,498,253
S01009592,832,517,315
S01009593,532,347,185
S01009594,478,336,142
S01009595,621,420,201
S01009596,793,484,309
S01009597,781,396,385
S01009598,509,242,267
S01009599,899,530,369
S01009600,735,411,324
S01009601,671,389,282
S01009602,592,435,157
S01009603,553,324,229
S01009604,546,341,205
S01009605,736,433,303
S01009606,572,426,146
S01009607,404,259,145
S01009608,427,282,145
S01009609,805,529,276
S01009610,773,479,294
S01009611,337,231,106
S01009612,449,302,147
S01009613,528,375,153
S01009614,485,320,165
S01009615,483,284,199
S01009616,1299,899,400
S01009617,630,422,208
S01009618,730,412,318
S01009619,547,283,264
S01009620,665,351,314
S01009621,591,319,272
S01009622,616,290,326
S01009623,541,291,250
S01009624,668,358,310
S01009625,1180,786,394
S01009626,589,275,314
S01009627,672,351,321
S01009628,419,192,227
S01009629,1188,757,431
S01009630,582,281,301
S01009631,600,286,314
S01009632,483,215,268
S01009633,512,238,274
S01009634,540,241,299
S01009635,954,515,439
S01009636,693,322,371
S01009637,705,414,291
S01009638,514,219,295
S01009639,714,419,295
S01009640,627,364,263
S01009641,624,341,283
S01009642,778,485,293
S01009643,605,454,151
S01009644,418,210,208
S01009645,647,364,283
S01009646,535,307,228
S01009647,424,212,212
S01009648,945,536,409
S01009649,1123,645,478
S01009650,565,332,233
S01009651,682,421,261
S01009652,780,471,309
S01009653,581,399,182
S01009654,408,237,171
S01009655,748,401,347
S01009656,594,242,352
S01009657,741,435,306
S01009658,886,565,321
S01009659,480,254,226
S01009660,758,420,338
S01009661,1362,977,385
S01009662,681,439,242
S01009663,608,380,228
S01009664,867,561,306
S01009665,1014,645,369
S01009666,862,545,317
S01009667,384,256,128
S01009668,421,295,126
S01009669,432,268,164
S01009670,586,385,201
S01009671,708,482,226
S01009672,905,579,326
S01009673,645,390,255
S01009674,857,555,302
S01009675,682,432,250
S01009676,996,659,337
S01009677,582,387,195
S01009678,442,284,158
S01009679,878,544,334
S01009680,941,603,338
S01009681,609,360,249
S01009682,612,369,243
S01009683,608,339,269
S01009684,1068,682,386
S01009685,817,474,343
S01009686,998,601,397
S01009687,760,491,269
S01009688,856,489,367
S01009689,452,290,162
S01009690,600,394,206
S01009691,531,323,208
S01009692,858,503,355
S01009693,659,433,226
S01009694,848,495,353
S01009695,693,435,258
S01009696,746,483,263
S01009697,602,392,210
S01009698,550,356,194
S01009699,397,194,203
S01009700,488,295,193
S01009701,505,251,254
S01009702,472,307,165
S01009703,612,371,241
S01009704,818,507,311
S01009705,549,348,201
S01009706,576,355,221
S01009707,359,249,110
S01009708,544,335,209
S01009709,618,362,256
S01009710,480,304,176
S01009711,707,429,278
S01009712,514,302,212
S01009713,653,345,308
S01009714,662,365,297
S01009715,500,312,188
S01009716,948,468,480
S01009717,1230,355,875
S01009718,701,343,358
S01009719,743,409,334
S01009720,664,348,316
S01009721,638,85,553
S01009722,1012,136,876
S01009723,966,121,845
S01009724,923,291,632
S01009725,938,202,736
S01009726,988,102,886
S01009727,1166,671,495
S01009728,562,332,230
S01009729,698,405,293
S01009730,1243,683,560
S01009731,698,275,423
S01009732,2870,254,2616
S01009733,552,346,206
S01009734,1496,661,835
S01009735,1039,270,769
S01009736,2994,140,2854
S01009737,590,413,177
S01009738,343,238,105
S01009739,566,416,150
S01009740,567,334,233
S01009741,681,570,111
S01009742,391,246,145
S01009743,890,564,326
S01009744,627,392,235
S01009745,885,589,296
S01009746,614,396,218
S01009747,752,488,264
S01009748,550,334,216
S01009749,721,457,264
S01009750,542,352,190
S01009751,804,511,293
S01009752,668,447,221
S01009753,572,365,207
S01009754,1094,683,411
S01009755,495,320,175
S01009756,677,429,248
S01009757,606,378,228
S01009758,746,491,255
S01009759,841,373,468
S01009760,785,385,400
S01009761,1707,1127,580
S01009762,796,372,424
S01009763,332,227,105
S01009764,829,455,374
S01009765,751,457,294
S01009766,659,474,185
S01009767,1533,952,581
S01009768,578,372,206
S01009769,1061,719,342
S01009770,642,413,229
S01009771,652,413,239
S01009772,1496,1017,479
S01009773,128,79,49
S01009774,70,49,21
S01009775,631,260,371
S01009776,804,349,455
S01009777,446,242,204
S01009778,809,305,504
S01009779,531,221,310
S01009780,958,502,456
S01009781,582,263,319
S01009782,760,439,321
S01009783,544,296,248
S01009784,700,303,397
S01009785,817,362,455
S01009786,805,349,456
S01009787,642,298,344
S01009788,873,466,407
S01009789,834,427,407
S01009790,715,393,322
S01009791,544,248,296
S01009792,330,216,114
S01009793,735,452,283
S01009794,361,289,72
S01009795,755,571,184
S01009796,1440,959,481
S01009797,711,484,227
S01009798,786,531,255
S01009799,1022,486,536
S01009800,895,475,420
S01009801,899,435,464
S01009802,735,425,310
S01009803,794,405,389
S01009804,1227,820,407
S01009805,696,349,347
S01009806,827,472,355
S01009807,672,397,275
S01009808,923,404,519
S01009809,785,488,297
S01009810,680,329,351
S01009811,928,456,472
S01009812,627,326,301
S01009813,759,358,401
S01009814,818,445,373
S01009815,750,482,268
S01009816,838,548,290
S01009817,597,345,252
S01009818,716,383,333
S01009819,734,410,324
S01009820,686,412,274
S01009821,565,348,217
S01009822,572,334,238
S01009823,715,334,381
S01009824,771,439,332
S01009825,912,524,388
S01009826,521,281,240
S01009827,624,317,307
S01009828,899,416,483
S01009829,825,506,319
S01009830,679,405,274
S01009831,848,570,278
S01009832,772,463,309
S01009833,501,335,166
S01009834,849,528,321
S01009835,443,223,220
S01009836,723,436,287
S01009837,722,397,325
S01009838,563,304,259
S01009839,869,440,429
S01009840,731,372,359
S01009841,927,441,486
S01009842,738,348,390
S01009843,556,215,341
S01009844,536,225,311
S01009845,1011,510,501
S01009846,787,411,376
S01009847,565,318,247
S01009848,666,330,336
S01009849,711,383,328
S01009850,725,411,314
S01009851,756,407,349
S01009852,416,223,193
S01009853,643,341,302
S01009854,716,402,314
S01009855,568,355,213
S01009856,460,234,226
S01009857,629,363,266
S01009858,707,415,292
S01009859,855,327,528
S01009860,865,337,528
S01009861,1082,484,598
S01009862,866,431,435
S01009863,810,437,373
S01009864,662,318,344
S01009865,467,275,192
S01009866,799,476,323
S01009867,1057,672,385
S01009868,901,579,322
S01009869,724,416,308
S01009870,670,310,360
S01009871,719,343,376
S01009872,658,384,274
S01009873,684,374,310
S01009874,782,419,363
S01009875,653,268,385
S01009876,774,350,424
S01009877,684,398,286
S01009878,517,239,278
S01009879,745,480,265
S01009880,827,443,384
S01009881,695,372,323
S01009882,1196,753,443
S01009883,935,523,412
S01009884,747,444,303
S01009885,621,308,313
S01009886,571,261,310
S01009887,865,420,445
S01009888,580,298,282
S01009889,842,422,420
S01009890,598,281,317
S01009891,577,307,270
S01009892,966,468,498
S01009893,767,430,337
S01009894,758,342,416
S01009895,701,323,378
S01009896,919,371,548
S01009897,952,528,424
S01009898,699,302,397
S01009899,836,575,261
S01009900,985,796,189
S01009901,839,663,176
S01009902,848,432,416
S01009903,789,504,285
S01009904,614,447,167
S01009905,605,337,268
S01009906,543,346,197
S01009907,1130,652,478
S01009908,1089,774,315
S01009909,788,547,241
S01009910,698,508,190
S01009911,937,622,315
S01009912,757,455,302
S01009913,761,448,313
S01009914,733,457,276
S01009915,686,449,237
S01009916,901,502,399
S01009917,647,435,212
S01009918,671,428,243
S01009919,934,566,368
S01009920,908,667,241
S01009921,691,518,173
S01009922,1105,807,298
S01009923,810,555,255
S01009924,938,665,273
S01009925,996,724,272
S01009926,797,562,235
S01009927,493,321,172
S01009928,736,519,217
S01009929,438,317,121
S01009930,896,660,236
S01009931,765,599,166
S01009932,859,655,204
S01009933,1298,741,557
S01009934,1059,726,333
S01009935,551,259,292
S01009936,874,514,360
S01009937,516,199,317
S01009938,727,324,403
S01009939,879,287,592
S01009940,636,258,378
S01009941,922,524,398
S01009942,854,407,447
S01009943,965,418,547
S01009944,794,430,364
S01009945,761,396,365
S01009946,735,377,358
S01009947,632,326,306
S01009948,926,482,444
S01009949,699,388,311
S01009950,547,348,199
S01009951,641,393,248
S01009952,772,476,296
S01009953,1012,609,403
S01009954,551,304,247
S01009955,817,507,310
S01009956,617,334,283
S01009957,976,632,344
S01009958,891,630,261
S01009959,644,371,273
S01009960,955,616,339
S01009961,508,290,218
S01009962,864,595,269
S01009963,869,568,301
S01009964,934,618,316
S01009965,699,444,255
S01009966,895,570,325
S01009967,772,507,265
S01009968,468,305,163
S01009969,967,549,418
S01009970,743,324,419
S01009971,1159,618,541
S01009972,639,372,267
S01009973,641,374,267
S01009974,657,270,387
S01009975,653,250,403
S01009976,593,271,322
S01009977,873,282,591
S01009978,947,414,533
S01009979,734,308,426
S01009980,537,175,362
S01009981,714,300,414
S01009982,748,412,336
S01009983,486,174,312
S01009984,772,402,370
S01009985,456,197,259
S01009986,529,195,334
S01009987,618,304,314
S01009988,490,174,316
S01009989,781,488,293
S01009990,757,480,277
S01009991,783,528,255
S01009992,671,265,406
S01009993,626,438,188
S01009994,512,345,167
S01009995,517,343,174
S01009996,667,424,243
S01009997,494,325,169
S01009998,689,409,280
S01009999,647,378,269
S01010000,664,434,230
S01010001,567,357,210
S01010002,1030,634,396
S01010003,748,486,262
S01010004,675,413,262
S01010005,805,516,289
S01010006,1068,727,341
S01010007,719,498,221
S01010008,655,459,196
S01010009,579,407,172
S01010010,1078,712,366
S01010011,693,429,264
S01010012,1135,706,429
S01010013,832,528,304
S01010014,1062,693,369
S01010015,889,645,244
S01010016,513,284,229
S01010017,720,364,356
S01010018,871,453,418
S01010019,843,369,474
S01010020,741,410,331
S01010021,597,205,392
S01010022,788,347,441
S01010023,1023,456,567
S01010024,640,338,302
S01010025,741,301,440
S01010026,1423,743,680
S01010027,1571,854,717
S01010028,570,272,298
S01010029,393,146,247
S01010030,769,444,325
S01010031,995,546,449
S01010032,1453,579,874
S01010033,902,434,468
S01010034,1208,398,810
S01010035,829,229,600
S01010036,1519,763,756
S01010037,766,336,430
S01010038,1100,516,584
S01010039,988,509,479
S01010040,792,461,331
S01010041,945,491,454
S01010042,1270,750,520
S01010043,796,377,419
S01010044,1148,617,531
S01010045,591,228,363
S01010046,886,391,495
S01010047,786,300,486
S01010048,1037,418,619
S01010049,777,317,460
S01010050,733,287,446
S01010051,616,240,376
S01010052,515,234,281
S01010053,666,298,368
S01010054,550,189,361
S01010055,1048,447,601
S01010056,462,202,260
S01010057,402,216,186
S01010058,762,378,384
S01010059,598,341,257
S01010060,762,395,367
S01010061,622,387,235
S01010062,575,295,280
S01010063,886,449,437
S01010064,574,320,254
S01010065,635,313,322
S01010066,570,231,339
S01010067,794,372,422
S01010068,545,300,245
S01010069,823,571,252
S01010070,546,386,160
S01010071,674,390,284
S01010072,838,518,320
S01010073,733,469,264
S01010074,827,495,332
S01010075,568,283,285
S01010076,633,354,279
S01010077,555,265,290
S01010078,532,339,193
S01010079,710,446,264
S01010080,615,349,266
S01010081,868,491,377
S01010082,656,416,240
S01010083,773,410,363
S01010084,833,427,406
S01010085,851,501,350
S01010086,788,359,429
S01010087,449,259,190
S01010088,1140,891,249
S01010089,818,475,343
S01010090,866,574,292
S01010091,1348,1013,335
S01010092,845,360,485
S01010093,745,462,283
S01010094,892,564,328
S01010095,948,653,295
S01010096,690,448,242
S01010097,543,331,212
S01010098,534,342,192
S01010099,698,445,253
S01010100,675,403,272
S01010101,835,520,315
S01010102,590,419,171
S01010103,684,485,199
S01010104,777,556,221
S01010105,569,275,294
S01010106,466,242,224
S01010107,780,417,363
S01010108,571,320,251
S01010109,1682,1120,562
S01010110,784,333,451
S01010111,853,337,516
S01010112,864,370,494
S01010113,374,171,203
S01010114,634,249,385
S01010115,473,315,158
S01010116,1078,680,398
S01010117,1060,812,248
S01010118,571,215,356
S01010119,380,194,186
S01010120,744,309,435
S01010121,591,265,326
S01010122,400,140,260
S01010123,513,258,255
S01010124,561,365,196
S01010125,650,323,327
S01010126,502,326,176
S01010127,520,231,289
S01010128,528,186,342
S01010129,752,296,456
S01010130,696,344,352
S01010131,838,506,332
S01010132,829,337,492
S01010133,680,290,390
S01010134,944,486,458
S01010135,818,393,425
S01010136,805,457,348
S01010137,882,458,424
S01010138,798,267,531
S01010139,941,506,435
S01010140,763,469,294
S01010141,807,365,442
S01010142,519,291,228
S01010143,576,283,293
S01010144,557,316,241
S01010145,586,325,261
S01010146,1000,484,516
S01010147,855,358,497
S01010148,990,519,471
S01010149,541,341,200
S01010150,621,259,362
S01010151,659,264,395
S01010152,701,365,336
S01010153,763,373,390
S01010154,682,294,388
S01010155,563,281,282
S01010156,751,348,403
S01010157,721,339,382
S01010158,667,332,335
S01010159,513,248,265
S01010160,631,263,368
S01010161,666,379,287
S01010162,710,270,440
S01010163,934,409,525
S01010164,617,292,325
S01010165,459,196,263
S01010166,1136,612,524
S01010167,701,281,420
S01010168,460,248,212
S01010169,611,328,283
S01010170,683,340,343
S01010171,1146,573,573
S01010172,561,260,301
S01010173,777,407,370
S01010174,1345,368,977
S01010175,344,180,164
S01010176,697,338,359
S01010177,541,222,319
S01010178,762,338,424
S01010179,1222,615,607
S01010180,666,367,299
S01010181,778,362,416
S01010182,892,563,329
S01010183,1117,691,426
S01010184,462,210,252
S01010185,516,239,277
S01010186,501,329,172
S01010187,654,440,214
S01010188,1477,1013,464
S01010189,730,561,169
S01010190,156,106,50
S01010191,521,384,137
S01010192,769,559,210
S01010193,658,441,217
S01010194,503,241,262
S01010195,747,344,403
S01010196,617,279,338
S01010197,574,285,289
S01010198,835,363,472
S01010199,491,211,280
S01010200,487,255,232
S01010201,675,401,274
S01010202,520,192,328
S01010203,570,382,188
S01010204,880,415,465
S01010205,534,279,255
S01010206,338,39,299
S01010207,524,146,378
S01010208,849,491,358
S01010209,735,408,327
S01010210,767,399,368
S01010211,685,263,422
S01010212,908,378,530
S01010213,802,413,389
S01010214,717,417,300
S01010215,758,289,469
S01010216,750,300,450
S01010217,725,316,409
S01010218,963,491,472
S01010219,576,190,386
S01010220,523,321,202
S01010221,481,188,293
S01010222,599,339,260
S01010223,544,237,307
S01010224,942,376,566
S01010225,742,404,338
S01010226,547,203,344
S01010227,618,196,422
S01010228,499,211,288
S01010229,849,446,403
S01010230,1080,378,702
S01010231,712,352,360
S01010232,653,307,346
S01010233,1162,450,712
S01010234,898,527,371
S01010235,742,448,294
S01010236,618,372,246
S01010237,841,531,310
S01010238,910,545,365
S01010239,796,381,415
S01010240,926,511,415
S01010241,830,461,369
S01010242,976,467,509
S01010243,1107,541,566
S01010244,802,330,472
S01010245,870,305,565
S01010246,854,353,501
S01010247,749,421,328
S01010248,843,501,342
S01010249,894,485,409
S01010250,972,587,385
S01010251,656,404,252
S01010252,629,404,225
S01010253,581,258,323
S01010254,924,462,462
S01010255,962,311,651
S01010256,857,410,447
S01010257,2733,411,2322
S01010258,2276,597,1679
S01010259,1446,281,1165
S01010260,1623,407,1216
S01010261,2702,293,2409
S01010262,1005,327,678
S01010263,810,417,393
S01010264,1230,644,586
S01010265,1267,627,640
S01010266,816,318,498
S01010267,858,277,581
S01010268,879,366,513
S01010269,867,352,515
S01010270,1227,418,809
S01010271,842,296,546
S01010272,1154,524,630
S01010273,1030,542,488
S01010274,658,363,295
S01010275,1316,664,652
S01010276,920,616,304
S01010277,464,216,248
S01010278,1074,512,562
S01010279,741,340,401
S01010280,798,448,350
S01010281,719,396,323
S01010282,1101,550,551
S01010283,779,443,336
S01010284,1589,700,889
S01010285,1005,491,514
S01010286,2210,828,1382
S01010287,1220,453,767
S01010288,1098,551,547
S01010289,687,473,214
S01010290,758,345,413
S01010291,1048,347,701
S01010292,1113,503,610
S01010293,806,304,502
S01010294,934,319,615
S01010295,870,342,528
S01010296,739,310,429
S01010297,794,372,422
S01010298,744,340,404
S01010299,473,190,283
S01010300,1260,552,708
S01010301,457,214,243
S01010302,677,262,415
S01010303,458,145,313
S01010304,614,242,372
S01010305,1004,497,507
S01010306,739,381,358
S01010307,799,491,308
S01010308,858,476,382
S01010309,516,214,302
S01010310,677,296,381
S01010311,815,271,544
S01010312,774,284,490
S01010313,1241,425,816
S01010314,1215,464,751
S01010315,807,466,341
S01010316,817,456,361
S01010317,1213,707,506
S01010318,1648,294,1354
S01010319,899,492,407
S01010320,683,327,356
S01010321,922,526,396
S01010322,1206,745,461
S01010323,558,199,359
S01010324,702,312,390
S01010325,733,302,431
S01010326,1002,443,559
S01010327,921,528,393
S01010328,825,439,386
S01010329,377,197,180
S01010330,516,221,295
S01010331,907,430,477
S01010332,793,330,463
S01010333,712,370,342
S01010334,924,532,392
S01010335,814,353,461
S01010336,846,430,416
S01010337,662,326,336
S01010338,641,265,376
S01010339,646,291,355
S01010340,628,320,308
S01010341,620,374,246
S01010342,649,446,203
S01010343,1084,782,302
S01010344,722,317,405
S01010345,464,331,133
S01010346,868,582,286
S01010347,885,352,533
S01010348,778,461,317
S01010349,865,469,396
S01010350,955,459,496
S01010351,766,438,328
S01010352,629,348,281
S01010353,789,277,512
S01010354,562,261,301
S01010355,929,453,476
S01010356,573,351,222
S01010357,536,220,316
S01010358,665,288,377
S01010359,801,326,475
S01010360,430,193,237
S01010361,430,139,291
S01010362,828,337,491
S01010363,607,382,225
S01010364,907,565,342
S01010365,932,625,307
S01010366,1143,730,413
S01010367,1502,597,905
S01010368,673,445,228
S01010369,704,456,248
S01010370,618,399,219
S01010371,1068,591,477
S01010372,764,482,282
S01010373,654,389,265
S01010374,854,501,353
S01010375,808,331,477
S01010376,933,362,571
S01010377,995,318,677
S01010378,884,270,614
S01010379,1421,446,975
S01010380,979,538,441
S01010381,1017,509,508
S01010382,851,467,384
S01010383,761,329,432
S01010384,1225,658,567
S01010385,871,477,394
S01010386,1089,547,542
S01010387,1513,817,696
S01010388,941,482,459
S01010389,1638,1136,502
S01010390,1183,780,403
S01010391,2663,1823,840
S01010392,1823,1223,600
S01010393,1380,917,463
S01010394,755,388,367
S01010395,962,597,365
S01010396,863,470,393
S01010397,803,487,316
S01010398,909,599,310
S01010399,1505,1083,422
S01010400,891,581,310
S01010401,670,375,295
S01010402,976,659,317
S01010403,934,610,324
S01010404,985,665,320
S01010405,826,584,242
S01010406,853,518,335
S01010407,1143,486,657
S01010408,466,287,179
S01010409,948,597,351
S01010410,424,295,129
S01010411,1042,688,354
S01010412,790,521,269
S01010413,661,375,286
S01010414,885,562,323
S01010415,897,443,454
S01010416,677,422,255
S01010417,428,308,120
S01010418,1000,657,343
S01010419,1251,830,421
S01010420,801,501,300
S01010421,637,407,230
S01010422,842,504,338
S01010423,831,440,391
S01010424,783,418,365
S01010425,819,431,388
S01010426,903,514,389
S01010427,888,365,523
S01010428,1126,686,440
S01010429,725,505,220
S01010430,784,385,399
S01010431,713,448,265
S01010432,698,367,331
S01010433,623,233,390
S01010434,615,277,338
S01010435,488,285,203
S01010436,634,296,338
S01010437,406,209,197
S01010438,764,417,347
S01010439,1033,633,400
S01010440,806,427,379
S01010441,776,561,215
S01010442,683,411,272
S01010443,533,313,220
S01010444,496,250,246
S01010445,707,337,370
S01010446,649,384,265
S01010447,817,385,432
S01010448,796,457,339
S01010449,696,341,355
S01010450,687,333,354
S01010451,769,361,408
S01010452,642,354,288
S01010453,864,384,480
S01010454,818,454,364
S01010455,697,289,408
S01010456,430,241,189
S01010457,762,352,410
S01010458,603,291,312
S01010459,557,263,294
S01010460,586,405,181
S01010461,745,371,374
S01010462,754,227,527
S01010463,567,334,233
S01010464,462,288,174
S01010465,817,569,248
S01010466,1415,791,624
S01010467,675,382,293
S01010468,898,548,350
S01010469,686,372,314
S01010470,621,369,252
S01010471,665,349,316
S01010472,1110,780,330
S01010473,884,559,325
S01010474,877,498,379
S01010475,1037,745,292
S01010476,747,433,314
S01010477,728,431,297
S01010478,1082,561,521
S01010479,735,395,340
S01010480,588,336,252
S01010481,607,276,331
S01010482,694,385,309
S01010483,823,467,356
S01010484,742,426,316
S01010485,745,455,290
S01010486,905,613,292
S01010487,768,464,304
S01010488,951,447,504
S01010489,1022,499,523
S01010490,602,244,358
S01010491,721,286,435
S01010492,554,180,374
S01010493,845,337,508
S01010494,512,271,241
S01010495,843,357,486
S01010496,1168,447,721
S01010497,788,384,404
S01010498,968,413,555
S01010499,915,382,533
S01010500,864,399,465
S01010501,681,364,317
S01010502,558,344,214
S01010503,628,283,345
S01010504,389,256,133
S01010505,492,320,172
S01010506,671,463,208
S01010507,801,568,233
S01010508,855,563,292
S01010509,919,653,266
S01010510,1180,816,364
S01010511,863,581,282
S01010512,645,422,223
S01010513,684,471,213
S01010514,651,457,194
S01010515,688,461,227
S01010516,477,327,150
S01010517,854,570,284
S01010518,716,485,231
S01010519,688,470,218
S01010520,827,593,234
S01010521,760,540,220
S01010522,572,382,190
S01010523,733,448,285
S01010524,462,313,149
S01010525,580,370,210
S01010526,665,464,201
S01010527,977,628,349
S01010528,586,405,181
S01010529,800,560,240
S01010530,566,389,177
S01010531,803,575,228
S01010532,623,396,227
S01010533,653,460,193
S01010534,813,563,250
S01010535,524,348,176
S01010536,891,630,261
S01010537,1122,834,288
S01010538,805,587,218
S01010539,857,664,193
S01010540,475,313,162
S01010541,649,442,207
S01010542,793,535,258
S01010543,470,341,129
S01010544,932,632,300
S01010545,509,327,182
S01010546,699,472,227
S01010547,567,368,199
S01010548,414,244,170
S01010549,909,578,331
S01010550,510,347,163
S01010551,598,404,194
S01010552,751,519,232
S01010553,486,321,165
S01010554,563,372,191
S01010555,778,495,283
S01010556,790,429,361
S01010557,510,313,197
S01010558,443,237,206
S01010559,491,284,207
S01010560,487,322,165
S01010561,679,447,232
S01010562,755,514,241
S01010563,611,354,257
S01010564,606,321,285
S01010565,729,428,301
S01010566,798,572,226
S01010567,925,649,276
S01010568,1071,734,337
S01010569,777,597,180
S01010570,1177,821,356
S01010571,738,559,179
S01010572,780,535,245
S01010573,501,378,123
S01010574,416,304,112
S01010575,647,425,222
S01010576,613,415,198
S01010577,659,421,238
S01010578,436,324,112
S01010579,580,416,164
S01010580,444,316,128
S01010581,646,483,163
S01010582,489,355,134
S01010583,742,549,193
S01010584,1511,1157,354
S01010585,1473,1148,325
S01010586,492,334,158
S01010587,634,425,209
S01010588,613,423,190
S01010589,1716,1333,383
S01010590,1282,950,332
S01010591,434,354,80
S01010592,295,218,77
S01010593,1684,1314,370
S01010594,1297,1018,279
S01010595,1291,1019,272
S01010596,2445,1901,544
S01010597,1754,1376,378
S01010598,1846,1456,390
S01010599,619,437,182
S01010600,1223,849,374
S01010601,499,319,180
S01010602,517,376,141
S01010603,600,420,180
S01010604,597,396,201
S01010605,1020,697,323
S01010606,738,468,270
S01010607,754,537,217
S01010608,550,322,228
S01010609,429,283,146
S01010610,579,347,232
S01010611,936,671,265
S01010612,567,388,179
S01010613,612,367,245
S01010614,535,330,205
S01010615,796,574,222
S01010616,838,584,254
S01010617,761,577,184
S01010618,790,610,180
S01010619,1040,742,298
S01010620,649,418,231
S01010621,877,579,298
S01010622,469,304,165
S01010623,695,486,209
S01010624,584,368,216
S01010625,578,364,214
S01010626,693,439,254
S01010627,789,540,249
S01010628,942,649,293
S01010629,899,530,369
S01010630,525,332,193
S01010631,717,514,203
S01010632,681,414,267
S01010633,704,414,290
S01010634,476,313,163
S01010635,577,350,227
S01010636,770,527,243
S01010637,709,472,237
S01010638,709,437,272
S01010639,1026,629,397
S01010640,753,539,214
S01010641,993,600,393
S01010642,720,402,318
S01010643,585,324,261
S01010644,638,306,332
S01010645,634,478,156
S01010646,631,437,194
S01010647,522,372,150
S01010648,755,506,249
S01010649,552,397,155
S01010650,555,338,217
S01010651,533,344,189
S01010652,661,426,235
S01010653,612,458,154
S01010654,603,400,203
S01010655,734,502,232
S01010656,510,322,188
S01010657,711,490,221
S01010658,854,528,326
S01010659,611,402,209
S01010660,660,425,235
S01010661,594,431,163
S01010662,675,461,214
S01010663,1122,768,354
S01010664,606,407,199
S01010665,762,480,282
S01010666,1016,683,333
S01010667,600,417,183
S01010668,978,620,358
S01010669,417,275,142
S01010670,705,462,243
S01010671,682,424,258
S01010672,1010,659,351
S01010673,857,571,286
S01010674,879,587,292
S01010675,741,489,252
S01010676,923,594,329
S01010677,363,219,144
S01010678,773,491,282
S01010679,1137,720,417
S01010680,588,389,199
S01010681,956,643,313
S01010682,1005,663,342
S01010683,738,451,287
S01010684,821,514,307
S01010685,593,346,247
S01010686,523,342,181
S01010687,774,467,307
S01010688,673,439,234
S01010689,731,444,287
S01010690,660,456,204
S01010691,752,528,224
S01010692,538,400,138
S01010693,293,202,91
S01010694,607,349,258
S01010695,545,373,172
S01010696,855,579,276
S01010697,845,515,330
S01010698,560,344,216
S01010699,463,328,135
S01010700,457,318,139
S01010701,950,664,286
S01010702,810,534,276
S01010703,692,470,222
S01010704,938,576,362
S01010705,952,631,321
S01010706,633,392,241
S01010707,582,393,189
S01010708,797,555,242
S01010709,648,461,187
S01010710,707,444,263
S01010711,544,378,166
S01010712,625,416,209
S01010713,761,540,221
S01010714,598,340,258
S01010715,588,375,213
S01010716,724,497,227
S01010717,756,488,268
S01010718,797,553,244
S01010719,635,411,224
S01010720,631,385,246
S01010721,616,399,217
S01010722,868,580,288
S01010723,820,559,261
S01010724,635,461,174
S01010725,661,441,220
S01010726,825,501,324
S01010727,587,357,230
S01010728,756,484,272
S01010729,721,503,218
S01010730,651,437,214
S01010731,679,429,250
S01010732,621,338,283
S01010733,719,426,293
S01010734,747,421,326
S01010735,758,452,306
S01010736,391,245,146
S01010737,804,459,345
S01010738,842,523,319
S01010739,643,406,237
S01010740,488,245,243
S01010741,495,285,210
S01010742,642,399,243
S01010743,652,359,293
S01010744,859,538,321
S01010745,525,314,211
S01010746,777,498,279
S01010747,838,483,355
S01010748,479,290,189
S01010749,565,342,223
S01010750,481,279,202
S01010751,722,382,340
S01010752,765,463,302
S01010753,954,553,401
S01010754,706,434,272
S01010755,616,396,220
S01010756,605,399,206
S01010757,659,393,266
S01010758,506,290,216
S01010759,481,295,186
S01010760,555,313,242
S01010761,402,267,135
S01010762,435,268,167
S01010763,664,422,242
S01010764,429,261,168
S01010765,923,550,373
S01010766,560,307,253
S01010767,506,284,222
S01010768,538,300,238
S01010769,381,221,160
S01010770,646,419,227
S01010771,704,376,328
S01010772,617,327,290
S01010773,604,373,231
S01010774,1026,575,451
S01010775,494,369,125
S01010776,625,374,251
S01010777,380,219,161
S01010778,478,255,223
S01010779,734,428,306
S01010780,472,305,167
S01010781,724,487,237
S01010782,439,239,200
S01010783,660,372,288
S01010784,821,500,321
S01010785,615,411,204
S01010786,485,341,144
S01010787,655,435,220
S01010788,461,343,118
S01010789,666,399,267
S01010790,632,404,228
S01010791,761,459,302
S01010792,859,561,298
S01010793,485,332,153
S01010794,412,275,137
S01010795,971,604,367
S01010796,1081,717,364
S01010797,581,422,159
S01010798,494,318,176
S01010799,762,473,289
S01010800,581,375,206
S01010801,586,366,220
S01010802,467,321,146
S01010803,428,246,182
S01010804,572,366,206
S01010805,958,596,362
S01010806,678,386,292
S01010807,408,269,139
S01010808,388,256,132
S01010809,756,530,226
S01010810,370,198,172
S01010811,717,459,258
S01010812,373,235,138
S01010813,701,442,259
S01010814,566,375,191
S01010815,447,305,142
S01010816,570,337,233
S01010817,880,543,337
S01010818,986,631,355
S01010819,751,458,293
S01010820,1022,622,400
S01010821,628,377,251
S01010822,567,336,231
S01010823,497,287,210
S01010824,853,631,222
S01010825,1153,799,354
S01010826,581,336,245
S01010827,549,354,195
S01010828,928,667,261
S01010829,884,559,325
S01010830,442,275,167
S01010831,432,325,107
S01010832,593,413,180
S01010833,889,576,313
S01010834,1232,777,455
S01010835,576,323,253
S01010836,698,419,279
S01010837,636,356,280
S01010838,872,541,331
S01010839,646,381,265
S01010840,438,262,176
S01010841,867,498,369
S01010842,705,328,377
S01010843,538,280,258
S01010844,639,384,255
S01010845,477,272,205
S01010846,711,430,281
S01010847,624,437,187
S01010848,687,352,335
S01010849,687,347,340
S01010850,699,321,378
S01010851,668,362,306
S01010852,662,395,267
S01010853,757,448,309
S01010854,660,356,304
S01010855,412,228,184
S01010856,633,318,315
S01010857,694,431,263
S01010858,822,444,378
S01010859,622,348,274
S01010860,671,375,296
S01010861,767,289,478
S01010862,508,222,286
S01010863,634,359,275
S01010864,480,306,174
S01010865,536,289,247
S01010866,581,324,257
S01010867,529,299,230
S01010868,580,313,267
S01010869,872,539,333
S01010870,739,442,297
S01010871,626,408,218
S01010872,658,372,286
S01010873,517,253,264
S01010874,710,459,251
S01010875,512,324,188
S01010876,552,308,244
S01010877,1286,609,677
S01010878,991,459,532
S01010879,880,573,307
S01010880,497,264,233
S01010881,576,347,229
S01010882,787,511,276
S01010883,799,486,313
S01010884,882,351,531
S01010885,1022,480,542
S01010886,499,247,252
S01010887,556,225,331
S01010888,952,488,464
S01010889,688,351,337
S01010890,569,236,333
S01010891,596,301,295
S01010892,702,331,371
S01010893,723,372,351
S01010894,545,306,239
S01010895,396,162,234
S01010896,748,294,454
S01010897,696,319,377
S01010898,1034,606,428
S01010899,559,343,216
S01010900,672,356,316
S01010901,325,146,179
S01010902,742,393,349
S01010903,674,283,391
S01010904,430,204,226
S01010905,747,418,329
S01010906,724,427,297
S01010907,461,358,103
S01010908,846,573,273
S01010909,897,563,334
S01010910,620,321,299
S01010911,617,250,367
S01010912,559,231,328
S01010913,504,314,190
S01010914,874,589,285
S01010915,765,479,286
S01010916,563,225,338
S01010917,637,317,320
S01010918,936,485,451
S01010919,690,343,347
S01010920,540,229,311
S01010921,559,275,284
S01010922,729,325,404
S01010923,869,408,461
S01010924,528,285,243
S01010925,619,303,316
S01010926,774,393,381
S01010927,699,349,350
S01010928,577,274,303
S01010929,678,341,337
S01010930,666,504,162
S01010931,331,215,116
S01010932,1103,717,386
S01010933,634,436,198
S01010934,850,585,265
S01010935,618,360,258
S01010936,526,340,186
S01010937,573,401,172
S01010938,687,410,277
S01010939,583,362,221
S01010940,520,350,170
S01010941,975,661,314
S01010942,523,320,203
S01010943,629,388,241
S01010944,603,372,231
S01010945,415,280,135
S01010946,729,465,264
S01010947,587,366,221
S01010948,510,315,195
S01010949,1064,714,350
S01010950,616,367,249
S01010951,546,364,182
S01010952,567,405,162
S01010953,576,391,185
S01010954,934,664,270
S01010955,791,533,258
S01010956,743,532,211
S01010957,443,295,148
S01010958,476,306,170
S01010959,671,446,225
S01010960,1088,696,392
S01010961,1048,687,361
S01010962,553,308,245
S01010963,770,541,229
S01010964,406,245,161
S01010965,782,472,310
S01010966,752,468,284
S01010967,652,400,252
S01010968,681,425,256
S01010969,535,332,203
S01010970,1110,680,430
S01010971,1286,814,472
S01010972,693,405,288
S01010973,492,302,190
S01010974,838,529,309
S01010975,482,275,207
S01010976,1581,1214,367
S01010977,535,359,176
S01010978,668,418,250
S01010979,652,421,231
S01010980,603,375,228
S01010981,535,304,231
S01010982,982,640,342
S01010983,847,534,313
S01010984,840,502,338
S01010985,613,389,224
S01010986,529,415,114
S01010987,290,218,72
S01010988,442,328,114
S01010989,1111,916,195
S01010990,596,366,230
S01010991,1442,1140,302
S01010992,1320,1071,249
S01010993,547,371,176
S01010994,2015,1517,498
S01010995,668,432,236
S01010996,650,458,192
S01010997,793,482,311
S01010998,1700,1349,351
S01010999,650,369,281
S01011000,831,512,319
S01011001,482,303,179
S01011002,521,321,200
S01011003,574,363,211
S01011004,586,416,170
S01011005,596,348,248
S01011006,746,540,206
S01011007,625,368,257
S01011008,675,400,275
S01011009,489,340,149
S01011010,721,441,280
S01011011,586,306,280
S01011012,863,482,381
S01011013,640,396,244
S01011014,657,442,215
S01011015,442,290,152
S01011016,901,677,224
S01011017,1256,906,350
S01011018,1070,710,360
S01011019,893,616,277
S01011020,351,251,100
S01011021,646,383,263
S01011022,525,352,173
S01011023,744,467,277
S01011024,878,509,369
S01011025,536,336,200
S01011026,449,257,192
S01011027,805,482,323
S01011028,824,456,368
S01011029,562,335,227
S01011030,766,537,229
S01011031,819,533,286
S01011032,677,403,274
S01011033,599,422,177
S01011034,616,373,243
S01011035,486,305,181
S01011036,752,470,282
S01011037,780,468,312
S01011038,742,415,327
S01011039,690,443,247
S01011040,962,605,357
S01011041,562,278,284
S01011042,603,418,185
S01011043,897,564,333
S01011044,834,530,304
S01011045,679,433,246
S01011046,680,448,232
S01011047,789,500,289
S01011048,931,589,342
S01011049,614,420,194
S01011050,747,507,240
S01011051,791,546,245
S01011052,845,552,293
S01011053,532,326,206
S01011054,498,337,161
S01011055,428,295,133
S01011056,501,360,141
S01011057,555,394,161
S01011058,487,336,151
S01011059,581,386,195
S01011060,828,548,280
S01011061,781,520,261
S01011062,1006,687,319
S01011063,813,514,299
S01011064,942,644,298
S01011065,688,414,274
S01011066,450,275,175
S01011067,815,478,337
S01011068,592,348,244
S01011069,525,307,218
S01011070,657,430,227
S01011071,724,420,304
S01011072,815,545,270
S01011073,528,346,182
S01011074,456,309,147
S01011075,611,372,239
S01011076,800,511,289
S01011077,721,413,308
S01011078,966,631,335
S01011079,957,656,301
S01011080,835,516,319
S01011081,598,370,228
S01011082,491,296,195
S01011083,856,543,313
S01011084,662,405,257
S01011085,675,429,246
S01011086,475,301,174
S01011087,644,414,230
S01011088,838,533,305
S01011089,676,399,277
S01011090,548,359,189
S01011091,549,396,153
S01011092,1714,1255,459
S01011093,2245,1625,620
S01011094,547,391,156
S01011095,826,594,232
S01011096,700,518,182
S01011097,518,367,151
S01011098,866,580,286
S01011099,627,401,226
S01011100,396,243,153
S01011101,585,350,235
S01011102,566,336,230
S01011103,587,335,252
S01011104,456,274,182
S01011105,613,399,214
S01011106,637,443,194
S01011107,1693,1227,466
S01011108,510,341,169
S01011109,619,427,192
S01011110,705,462,243
S01011111,805,508,297
S01011112,104,70,34
S01011113,749,505,244
S01011114,887,607,280
S01011115,691,446,245
S01011116,664,448,216
S01011117,628,408,220
S01011118,687,474,213
S01011119,666,414,252
S01011120,872,554,318
S01011121,483,336,147
S01011122,585,406,179
S01011123,811,549,262
S01011124,449,328,121
S01011125,337,241,96
S01011126,525,377,148
S01011127,324,237,87
S01011128,770,498,272
S01011129,626,427,199
S01011130,565,359,206
S01011131,585,400,185
S01011132,683,452,231
S01011133,408,267,141
S01011134,659,444,215
S01011135,771,506,265
S01011136,487,315,172
S01011137,624,422,202
S01011138,450,327,123
S01011139,1102,967,135
S01011140,407,268,139
S01011141,1382,1149,233
S01011142,926,471,455
S01011143,869,553,316
S01011144,639,422,217
S01011145,794,516,278
S01011146,767,479,288
S01011147,901,618,283
S01011148,607,412,195
S01011149,591,468,123
S01011150,658,543,115
S01011151,535,361,174
S01011152,693,453,240
S01011153,747,429,318
S01011154,463,272,191
S01011155,580,358,222
S01011156,667,426,241
S01011157,461,298,163
S01011158,442,277,165
S01011159,439,243,196
S01011160,680,468,212
S01011161,469,295,174
S01011162,634,391,243
S01011163,754,484,270
S01011164,580,372,208
S01011165,628,355,273
S01011166,441,274,167
S01011167,824,519,305
S01011168,656,424,232
S01011169,882,631,251
S01011170,692,419,273
S01011171,753,503,250
S01011172,570,344,226
S01011173,604,348,256
S01011174,552,338,214
S01011175,581,341,240
S01011176,490,272,218
S01011177,763,501,262
S01011178,427,265,162
S01011179,554,302,252
S01011180,655,323,332
S01011181,1143,786,357
S01011182,419,259,160
S01011183,559,339,220
S01011184,605,411,194
S01011185,602,351,251
S01011186,851,449,402
S01011187,693,393,300
S01011188,835,475,360
S01011189,818,494,324
S01011190,791,481,310
S01011191,548,331,217
S01011192,666,398,268
S01011193,724,390,334
S01011194,533,264,269
S01011195,687,397,290
S01011196,754,393,361
S01011197,630,301,329
S01011198,517,295,222
S01011199,595,355,240
S01011200,689,404,285
S01011201,472,279,193
S01011202,725,427,298
S01011203,964,579,385
S01011204,436,282,154
S01011205,158,107,51
S01011206,548,385,163
S01011207,1358,938,420
S01011208,691,500,191
S01011209,527,325,202
S01011210,654,385,269
S01011211,1286,919,367
S01011212,538,282,256
S01011213,872,440,432
S01011214,779,381,398
S01011215,671,316,355
S01011216,821,425,396
S01011217,871,433,438
S01011218,637,291,346
S01011219,764,389,375
S01011220,754,400,354
S01011221,793,469,324
S01011222,496,271,225
S01011223,682,413,269
S01011224,506,254,252
S01011225,769,385,384
S01011226,772,441,331
S01011227,628,347,281
S01011228,1048,543,505
S01011229,604,285,319
S01011230,942,373,569
S01011231,805,340,465
S01011232,777,434,343
S01011233,1105,679,426
S01011234,855,398,457
S01011235,408,187,221
S01011236,438,230,208
S01011237,757,344,413
S01011238,611,268,343
S01011239,667,298,369
S01011240,866,353,513
S01011241,783,393,390
S01011242,752,382,370
S01011243,965,441,524
S01011244,535,237,298
S01011245,659,296,363
S01011246,752,431,321
S01011247,687,380,307
S01011248,745,455,290
S01011249,795,494,301
S01011250,889,481,408
S01011251,659,352,307
S01011252,612,295,317
S01011253,724,352,372
S01011254,955,584,371
S01011255,323,234,89
S01011256,331,245,86
S01011257,368,172,196
S01011258,542,294,248
S01011259,686,379,307
S01011260,549,288,261
S01011261,661,308,353
S01011262,501,263,238
S01011263,590,337,253
S01011264,485,258,227
S01011265,756,369,387
S01011266,662,367,295
S01011267,726,419,307
S01011268,450,222,228
S01011269,441,205,236
S01011270,657,340,317
S01011271,687,325,362
S01011272,576,272,304
S01011273,907,435,472
S01011274,807,424,383
S01011275,1060,652,408
S01011276,782,397,385
S01011277,554,353,201
S01011278,514,381,133
S01011279,549,349,200
S01011280,567,309,258
S01011281,614,407,207
S01011282,671,477,194
S01011283,593,447,146
S01011284,844,659,185
S01011285,815,419,396
S01011286,515,274,241
S01011287,735,384,351
S01011288,791,445,346
S01011289,682,358,324
S01011290,987,510,477
S01011291,749,394,355
S01011292,512,231,281
S01011293,694,358,336
S01011294,677,301,376
S01011295,793,430,363
S01011296,559,259,300
S01011297,694,388,306
S01011298,827,411,416
S01011299,388,256,132
S01011300,754,380,374
S01011301,543,320,223
S01011302,712,332,380
S01011303,884,604,280
S01011304,702,416,286
S01011305,608,353,255
S01011306,411,196,215
S01011307,1726,1203,523
S01011308,489,290,199
S01011309,643,374,269
S01011310,502,280,222
S01011311,878,513,365
S01011312,946,533,413
S01011313,818,505,313
S01011314,807,495,312
S01011315,296,167,129
S01011316,661,374,287
S01011317,643,321,322
S01011318,636,347,289
S01011319,717,377,340
S01011320,536,300,236
S01011321,510,344,166
S01011322,468,285,183
S01011323,845,491,354
S01011324,375,209,166
S01011325,725,374,351
S01011326,808,409,399
S01011327,561,255,306
S01011328,661,341,320
S01011329,722,371,351
S01011330,519,299,220
S01011331,588,292,296
S01011332,905,501,404
S01011333,520,256,264
S01011334,1076,659,417
S01011335,863,452,411
S01011336,500,293,207
S01011337,545,301,244
S01011338,628,373,255
S01011339,515,263,252
S01011340,926,515,411
S01011341,661,378,283
S01011342,651,379,272
S01011343,692,365,327
S01011344,636,312,324
S01011345,764,423,341
S01011346,633,380,253
S01011347,893,501,392
S01011348,890,517,373
S01011349,859,629,230
S01011350,699,448,251
S01011351,603,298,305
S01011352,510,308,202
S01011353,487,291,196
S01011354,651,391,260
S01011355,809,505,304
S01011356,735,511,224
S01011357,1073,663,410
S01011358,426,310,116
S01011359,564,291,273
S01011360,646,344,302
S01011361,427,190,237
S01011362,480,361,119
S01011363,1248,791,457
S01011364,475,310,165
S01011365,583,407,176
S01011366,342,187,155
S01011367,628,348,280
S01011368,1041,853,188
S01011369,563,314,249
S01011370,1226,966,260
S01011371,1179,665,514
S01011372,794,418,376
S01011373,655,346,309
S01011374,392,270,122
S01011375,547,317,230
S01011376,423,254,169
S01011377,451,298,153
S01011378,755,449,306
S01011379,867,607,260
S01011380,565,349,216
S01011381,635,395,240
S01011382,422,255,167
S01011383,832,342,490
S01011384,576,236,340
S01011385,702,349,353
S01011386,701,329,372
S01011387,704,344,360
S01011388,1052,720,332
S01011389,1136,766,370
S01011390,778,416,362
S01011391,484,272,212
S01011392,779,460,319
S01011393,603,346,257
S01011394,698,478,220
S01011395,661,372,289
S01011396,711,389,322
S01011397,553,276,277
S01011398,540,272,268
S01011399,391,207,184
S01011400,727,457,270
S01011401,756,461,295
S01011402,647,346,301
S01011403,746,456,290
S01011404,865,459,406
S01011405,509,302,207
S01011406,519,314,205
S01011407,1024,657,367
S01011408,665,394,271
S01011409,587,331,256
S01011410,594,385,209
S01011411,689,443,246
S01011412,747,470,277
S01011413,445,314,131
S01011414,786,415,371
S01011415,719,461,258
S01011416,703,439,264
S01011417,594,340,254
S01011418,593,300,293
S01011419,521,303,218
S01011420,380,181,199
S01011421,361,271,90
S01011422,374,193,181
S01011423,461,217,244
S01011424,424,260,164
S01011425,566,288,278
S01011426,1299,851,448
S01011427,1036,566,470
S01011428,518,322,196
S01011429,1150,558,592
S01011430,759,517,242
S01011431,984,531,453
S01011432,1608,748,860
S01011433,739,398,341
S01011434,777,508,269
S01011435,1095,712,383
S01011436,958,570,388
S01011437,617,327,290
S01011438,665,365,300
S01011439,848,499,349
S01011440,834,497,337
S01011441,684,397,287
S01011442,492,271,221
S01011443,589,308,281
S01011444,903,508,395
S01011445,488,238,250
S01011446,1790,1371,419
S01011447,749,412,337
S01011448,959,637,322
S01011449,570,326,244
S01011450,611,400,211
S01011451,1444,1019,425
S01011452,737,503,234
S01011453,599,359,240
S01011454,782,442,340
S01011455,794,422,372
S01011456,813,434,379
S01011457,691,398,293
S01011458,625,405,220
S01011459,999,685,314
S01011460,693,431,262
S01011461,621,373,248
S01011462,781,490,291
S01011463,513,325,188
S01011464,1184,899,285
S01011465,600,345,255
S01011466,1549,1044,505
S01011467,403,255,148
S01011468,98,77,21
S01011469,620,344,276
S01011470,742,399,343
S01011471,732,414,318
S01011472,976,487,489
S01011473,742,348,394
S01011474,805,405,400
S01011475,465,206,259
S01011476,692,474,218
S01011477,670,398,272
S01011478,784,532,252
S01011479,686,432,254
S01011480,795,551,244
S01011481,853,575,278
S01011482,877,477,400
S01011483,640,399,241
S01011484,863,457,406
S01011485,705,324,381
S01011486,389,176,213
S01011487,981,552,429
S01011488,484,229,255
S01011489,736,533,203
S01011490,827,511,316
S01011491,388,189,199
S01011492,642,361,281
S01011493,789,544,245
S01011494,559,295,264
S01011495,780,413,367
S01011496,472,252,220
S01011497,706,519,187
S01011498,533,401,132
S01011499,689,490,199
S01011500,756,442,314
S01011501,498,263,235
S01011502,566,341,225
S01011503,784,449,335
S01011504,493,284,209
S01011505,518,291,227
S01011506,419,236,183
S01011507,588,329,259
S01011508,755,510,245
S01011509,489,312,177
S01011510,779,422,357
S01011511,516,286,230
S01011512,858,405,453
S01011513,673,340,333
S01011514,775,433,342
S01011515,614,415,199
S01011516,705,509,196
S01011517,470,280,190
S01011518,487,232,255
S01011519,593,335,258
S01011520,812,414,398
S01011521,1032,547,485
S01011522,730,411,319
S01011523,1009,607,402
S01011524,720,509,211
S01011525,765,516,249
S01011526,781,475,306
S01011527,756,431,325
S01011528,719,400,319
S01011529,772,411,361
S01011530,947,544,403
S01011531,1309,880,429
S01011532,928,708,220
S01011533,475,231,244
S01011534,553,327,226
S01011535,640,268,372
S01011536,555,383,172
S01011537,665,457,208
S01011538,588,370,218
S01011539,791,399,392
S01011540,1495,1037,458
S01011541,748,422,326
S01011542,806,468,338
S01011543,677,364,313
S01011544,602,324,278
S01011545,660,371,289
S01011546,546,416,130
S01011547,345,255,90
S01011548,592,351,241
S01011549,705,434,271
S01011550,762,470,292
S01011551,654,407,247
S01011552,780,477,303
S01011553,911,650,261
S01011554,1497,994,503
S01011555,587,343,244
S01011556,505,285,220
S01011557,750,459,291
S01011558,655,382,273
S01011559,545,280,265
S01011560,797,426,371
S01011561,602,298,304
S01011562,765,422,343
S01011563,817,387,430
S01011564,711,468,243
S01011565,801,502,299
S01011566,673,362,311
S01011567,637,375,262
S01011568,612,390,222
S01011569,650,363,287
S01011570,712,424,288
S01011571,683,376,307
S01011572,672,380,292
S01011573,783,535,248
S01011574,769,527,242
S01011575,615,401,214
S01011576,638,272,366
S01011577,495,308,187
S01011578,1634,1042,592
S01011579,698,444,254
S01011580,1005,551,454
S01011581,694,383,311
S01011582,1768,1250,518
S01011583,667,406,261
S01011584,636,383,253
S01011585,866,514,352
S01011586,530,308,222
S01011587,549,314,235
S01011588,698,391,307
S01011589,762,429,333
S01011590,1591,1058,533
S01011591,719,384,335
S01011592,1348,888,460
S01011593,536,327,209
S01011594,478,265,213
S01011595,675,458,217
S01011596,987,634,353
S01011597,584,392,192
S01011598,788,355,433
S01011599,706,434,272
S01011600,561,324,237
S01011601,644,471,173
S01011602,511,297,214
S01011603,720,373,347
S01011604,460,252,208
S01011605,622,360,262
S01011606,725,578,147
S01011607,977,757,220
S01011608,905,651,254
S01011609,722,337,385
S01011610,691,374,317
S01011611,870,629,241
S01011612,223,145,78
S01011613,753,472,281
S01011614,429,283,146
S01011615,977,669,308
S01011616,369,183,186
S01011617,744,406,338
S01011618,557,324,233
S01011619,683,490,193
S01011620,700,540,160
S01011621,669,434,235
S01011622,126,74,52
S01011623,1366,943,423
S01011624,678,451,227
S01011625,428,258,170
S01011626,802,556,246
S01011627,516,414,102
S01011628,989,660,329
S01011629,586,324,262
S01011630,549,299,250
S01011631,596,283,313
S01011632,712,421,291
S01011633,788,421,367
S01011634,563,289,274
S01011635,618,327,291
S01011636,627,311,316
S01011637,573,310,263
S01011638,576,322,254
S01011639,503,261,242
S01011640,779,428,351
S01011641,751,503,248
S01011642,664,414,250
S01011643,618,403,215
S01011644,606,395,211
S01011645,448,260,188
S01011646,684,423,261
S01011647,824,573,251
S01011648,308,163,145
S01011649,629,469,160
S01011650,1182,812,370
S01011651,693,424,269
S01011652,612,398,214
S01011653,822,453,369
S01011654,788,412,376
S01011655,646,334,312
S01011656,548,262,286
S01011657,472,223,249
S01011658,672,383,289
S01011659,732,405,327
S01011660,880,539,341
S01011661,904,495,409
S01011662,945,721,224
S01011663,840,443,397
S01011664,789,365,424
S01011665,872,444,428
S01011666,743,349,394
S01011667,768,421,347
S01011668,1184,628,556
S01011669,642,377,265
S01011670,567,336,231
S01011671,547,323,224
S01011672,583,313,270
S01011673,697,384,313
S01011674,1222,714,508
S01011675,1097,692,405
S01011676,570,297,273
S01011677,110,58,52
S01011678,352,164,188
S01011679,1032,623,409
S01011680,907,497,410
S01011681,615,378,237
S01011682,1247,838,409
S01011683,981,660,321
S01011684,611,382,229
S01011685,630,464,166
S01011686,734,497,237
S01011687,704,415,289
S01011688,865,578,287
S01011689,697,489,208
S01011690,1190,829,361
S01011691,341,231,110
S01011692,947,507,440
S01011693,1247,894,353
S01011694,477,355,122
S01011695,2473,1866,607
S01011696,551,428,123
S01011697,762,545,217
S01011698,505,294,211
S01011699,707,450,257
S01011700,670,388,282
S01011701,909,635,274
S01011702,731,447,284
S01011703,700,472,228
S01011704,1113,884,229
S01011705,1265,903,362
S01011706,752,438,314
S01011707,548,336,212
S01011708,862,489,373
S01011709,846,510,336
S01011710,545,310,235
S01011711,843,442,401
S01011712,422,269,153
S01011713,895,560,335
S01011714,921,741,180
S01011715,800,505,295
S01011716,745,534,211
S01011717,629,402,227
S01011718,702,565,137
S01011719,1468,1138,330
S01011720,525,343,182
S01011721,593,342,251
S01011722,985,527,458
S01011723,1561,1098,463
S01011724,519,372,147
S01011725,489,378,111
S01011726,418,318,100
S01011727,1057,811,246
S01011728,717,469,248
S01011729,834,455,379
S01011730,713,442,271
S01011731,826,515,311
S01011732,745,475,270
S01011733,650,396,254
S01011734,691,418,273
S01011735,576,333,243
S01011736,847,527,320
S01011737,663,354,309
S01011738,819,472,347
S01011739,531,332,199
S01011740,532,261,271
S01011741,721,378,343
S01011742,636,377,259
S01011743,595,382,213
S01011744,603,353,250
S01011745,735,425,310
S01011746,597,328,269
S01011747,773,403,370
S01011748,745,436,309
S01011749,647,339,308
S01011750,642,353,289
S01011751,862,502,360
S01011752,817,566,251
S01011753,602,365,237
S01011754,688,399,289
S01011755,728,463,265
S01011756,851,505,346
S01011757,681,402,279
S01011758,479,302,177
S01011759,677,389,288
S01011760,697,415,282
S01011761,568,349,219
S01011762,652,363,289
S01011763,603,368,235
S01011764,326,192,134
S01011765,942,669,273
S01011766,560,395,165
S01011767,930,569,361
S01011768,727,437,290
S01011769,590,301,289
S01011770,669,387,282
S01011771,522,373,149
S01011772,848,554,294
S01011773,439,344,95
S01011774,678,470,208
S01011775,627,502,125
S01011776,830,619,211
S01011777,460,338,122
S01011778,465,336,129
S01011779,595,400,195
S01011780,709,490,219
S01011781,682,475,207
S01011782,707,473,234
S01011783,464,298,166
S01011784,615,368,247
S01011785,775,481,294
S01011786,155,116,39
S01011787,827,441,386
S01011788,862,629,233
S01011789,2222,1602,620
S01011790,967,578,389
S01011791,629,346,283
S01011792,638,344,294
S01011793,577,345,232
S01011794,749,404,345
S01011795,797,470,327
S01011796,641,362,279
S01011797,872,571,301
S01011798,411,235,176
S01011799,746,450,296
S01011800,501,322,179
S01011801,498,240,258
S01011802,494,280,214
S01011803,684,426,258
S01011804,737,489,248
S01011805,683,450,233
S01011806,970,664,306
S01011807,831,596,235
S01011808,726,523,203
S01011809,556,395,161
S01011810,981,688,293
S01011811,849,589,260
S01011812,843,569,274
S01011813,708,510,198
S01011814,517,389,128
S01011815,579,425,154
S01011816,533,381,152
S01011817,550,416,134
S01011818,1196,864,332
S01011819,952,673,279
S01011820,706,476,230
S01011821,511,340,171
S01011822,699,511,188
S01011823,456,319,137
S01011824,743,537,206
S01011825,409,277,132
S01011826,562,409,153
S01011827,477,248,229
S01011828,692,476,216
S01011829,429,322,107
S01011830,628,401,227
S01011831,792,466,326
S01011832,628,435,193
S01011833,712,438,274
S01011834,577,397,180
S01011835,516,371,145
S01011836,882,543,339
S01011837,700,454,246
S01011838,938,601,337
S01011839,812,534,278
S01011840,939,635,304
S01011841,1126,743,383
S01011842,970,609,361
S01011843,919,601,318
S01011844,725,480,245
S01011845,614,396,218
S01011846,648,437,211
S01011847,327,216,111
S01011848,620,431,189
S01011849,597,437,160
S01011850,828,516,312
S01011851,639,429,210
S01011852,702,478,224
S01011853,698,480,218
S01011854,769,498,271
S01011855,915,631,284
S01011856,476,277,199
S01011857,1087,788,299
S01011858,741,422,319
S01011859,754,417,337
S01011860,692,474,218
S01011861,634,401,233
S01011862,743,411,332
S01011863,715,424,291
S01011864,568,343,225
S01011865,466,287,179
S01011866,890,591,299
S01011867,885,586,299
S01011868,704,472,232
S01011869,769,503,266
S01011870,633,399,234
S01011871,859,591,268
S01011872,782,544,238
S01011873,608,428,180
S01011874,632,448,184
S01011875,785,510,275
S01011876,773,532,241
S01011877,578,380,198
S01011878,1171,672,499
S01011879,594,389,205
S01011880,917,618,299
S01011881,592,424,168
S01011882,679,435,244
S01011883,1393,794,599
S01011884,578,408,170
S01011885,536,409,127
S01011886,978,661,317
S01011887,525,354,171
S01011888,942,600,342
S01011889,704,444,260
S01011890,660,461,199
S01011891,1049,358,691
S01011892,929,708,221
S01011893,823,560,263
S01011894,777,534,243
S01011895,831,515,316
S01011896,698,475,223
S01011897,781,508,273
S01011898,775,514,261
S01011899,762,479,283
S01011900,549,377,172
S01011901,814,557,257
S01011902,846,530,316
S01011903,660,416,244
S01011904,654,440,214
S01011905,643,460,183
S01011906,255,164,91
S01011907,655,496,159
S01011908,441,322,119
S01011909,646,550,96
S01011910,865,520,345
S01011911,520,347,173
S01011912,592,404,188
S01011913,628,421,207
S01011914,669,413,256
S01011915,663,426,237
S01011916,673,424,249
S01011917,444,277,167
S01011918,657,382,275
S01011919,897,524,373
S01011920,518,339,179
S01011921,419,264,155
S01011922,667,441,226
S01011923,768,470,298
S01011924,696,469,227
S01011925,658,504,154
S01011926,607,389,218
S01011927,468,278,190
S01011928,629,392,237
S01011929,531,346,185
S01011930,529,338,191
S01011931,499,288,211
S01011932,264,142,122
S01011933,1276,869,407
S01011934,692,431,261
S01011935,859,577,282
S01011936,554,376,178
S01011937,542,365,177
S01011938,393,260,133
S01011939,853,539,314
S01011940,760,518,242
S01011941,944,647,297
S01011942,735,480,255
S01011943,1199,685,514
S01011944,393,233,160
S01011945,1104,619,485
S01011946,656,366,290
S01011947,435,263,172
S01011948,789,469,320
S01011949,646,355,291
S01011950,644,359,285
S01011951,585,372,213
S01011952,677,452,225
S01011953,642,423,219
S01011954,415,261,154
S01011955,799,522,277
S01011956,774,546,228
S01011957,851,565,286
S01011958,1505,975,530
S01011959,665,413,252
S01011960,879,645,234
S01011961,865,626,239
S01011962,794,567,227
S01011963,562,375,187
S01011964,839,566,273
S01011965,697,420,277
S01011966,600,378,222
S01011967,909,548,361
S01011968,1030,672,358
S01011969,1206,777,429
S01011970,1331,869,462
S01011971,459,321,138
S01011972,1330,876,454
S01011973,463,312,151
S01011974,666,449,217
S01011975,352,219,133
S01011976,732,461,271
S01011977,996,606,390
S01011978,872,525,347
S01011979,917,596,321
S01011980,391,258,133
S01011981,868,623,245
S01011982,1105,772,333
S01011983,883,587,296
S01011984,468,290,178
S01011985,526,356,170
S01011986,738,446,292
S01011987,858,507,351
S01011988,554,310,244
S01011989,616,401,215
S01011990,527,302,225
S01011991,700,444,256
S01011992,773,500,273
S01011993,752,486,266
S01011994,617,306,311
S01011995,753,558,195
S01011996,537,352,185
S01011997,877,578,299
S01011998,685,470,215
S01011999,477,346,131
S01012000,421,295,126
S01012001,659,479,180
S01012002,537,345,192
S01012003,644,415,229
S01012004,1243,840,403
S01012005,1095,758,337
S01012006,802,451,351
S01012007,708,464,244
S01012008,1005,692,313
S01012009,557,419,138
S01012010,1085,720,365
S01012011,1074,735,339
S01012012,477,279,198
S01012013,580,392,188
S01012014,1309,918,391
S01012015,947,666,281
S01012016,667,473,194
S01012017,442,266,176
S01012018,657,446,211
S01012019,666,458,208
S01012020,737,444,293
S01012021,639,386,253
S01012022,813,516,297
S01012023,521,338,183
S01012024,866,601,265
S01012025,524,345,179
S01012026,661,457,204
S01012027,1528,1028,500
S01012028,841,528,313
S01012029,1011,640,371
S01012030,1021,656,365
S01012031,418,251,167
S01012032,273,185,88
S01012033,712,418,294
S01012034,724,454,270
S01012035,866,517,349
S01012036,887,511,376
S01012037,883,479,404
S01012038,848,387,461
S01012039,821,420,401
S01012040,524,342,182
S01012041,899,533,366
S01012042,920,495,425
S01012043,658,352,306
S01012044,731,325,406
S01012045,950,533,417
S01012046,613,292,321
S01012047,790,422,368
S01012048,564,294,270
S01012049,588,365,223
S01012050,902,597,305
S01012051,365,216,149
S01012052,727,457,270
S01012053,706,373,333
S01012054,855,419,436
S01012055,671,381,290
S01012056,673,383,290
S01012057,576,367,209
S01012058,690,416,274
S01012059,716,399,317
S01012060,680,380,300
S01012061,1183,771,412
S01012062,799,547,252
S01012063,509,357,152
S01012064,619,243,376
S01012065,450,155,295
S01012066,619,349,270
S01012067,505,226,279
S01012068,600,265,335
S01012069,493,204,289
S01012070,898,323,575
S01012071,917,424,493
S01012072,923,497,426
S01012073,575,381,194
S01012074,494,356,138
S01012075,781,533,248
S01012076,709,464,245
S01012077,800,434,366
S01012078,673,450,223
S01012079,906,517,389
S01012080,741,418,323
S01012081,542,276,266
S01012082,737,406,331
S01012083,785,394,391
S01012084,523,360,163
S01012085,618,398,220
S01012086,670,372,298
S01012087,566,341,225
S01012088,473,330,143
S01012089,648,432,216
S01012090,857,529,328
S01012091,619,399,220
S01012092,507,331,176
S01012093,435,278,157
S01012094,658,429,229
S01012095,1104,640,464
S01012096,667,352,315
S01012097,489,294,195
S01012098,738,435,303
S01012099,720,386,334
S01012100,1206,748,458
S01012101,715,456,259
S01012102,642,353,289
S01012103,814,544,270
S01012104,676,484,192
S01012105,1196,841,355
S01012106,936,662,274
S01012107,510,310,200
S01012108,715,365,350
S01012109,941,526,415
S01012110,661,386,275
S01012111,979,519,460
S01012112,748,421,327
S01012113,1005,502,503
S01012114,1147,684,463
S01012115,553,345,208
S01012116,495,304,191
S01012117,495,407,88
S01012118,789,615,174
S01012119,705,435,270
S01012120,435,242,193
S01012121,665,348,317
S01012122,687,393,294
S01012123,553,348,205
S01012124,524,329,195
S01012125,797,376,421
S01012126,747,539,208
S01012127,1042,653,389
S01012128,589,346,243
S01012129,750,477,273
S01012130,891,467,424
S01012131,1289,603,686
S01012132,674,321,353
S01012133,976,493,483
S01012134,1029,603,426
S01012135,936,447,489
S01012136,759,365,394
S01012137,648,327,321
S01012138,801,507,294
S01012139,818,490,328
S01012140,654,408,246
S01012141,942,583,359
S01012142,693,421,272
S01012143,963,587,376
S01012144,743,477,266
S01012145,813,505,308
S01012146,817,446,371
S01012147,763,387,376
S01012148,540,250,290
S01012149,691,410,281
S01012150,553,283,270
S01012151,721,378,343
S01012152,778,378,400
S01012153,610,333,277
S01012154,618,295,323
S01012155,716,396,320
S01012156,944,527,417
S01012157,822,528,294
S01012158,1301,845,456
S01012159,411,239,172
S01012160,749,460,289
S01012161,376,209,167
S01012162,724,417,307
S01012163,655,412,243
S01012164,899,695,204
S01012165,670,356,314
S01012166,633,382,251
S01012167,555,316,239
S01012168,755,466,289
S01012169,639,351,288
S01012170,945,571,374
S01012171,898,524,374
S01012172,710,399,311
S01012173,560,331,229
S01012174,795,555,240
S01012175,811,571,240
S01012176,1131,739,392
S01012177,688,442,246
S01012178,776,498,278
S01012179,547,311,236
S01012180,513,281,232
S01012181,894,502,392
S01012182,1087,743,344
S01012183,1720,1186,534
S01012184,680,478,202
S01012185,668,372,296
S01012186,637,339,298
S01012187,673,374,299
S01012188,482,300,182
S01012189,619,417,202
S01012190,583,450,133
S01012191,843,536,307
S01012192,363,216,147
S01012193,569,444,125
S01012194,657,473,184
S01012195,682,458,224
S01012196,424,319,105
S01012197,778,461,317
S01012198,814,513,301
S01012199,683,400,283
S01012200,486,281,205
S01012201,806,494,312
S01012202,431,268,163
S01012203,767,495,272
S01012204,646,452,194
S01012205,716,495,221
S01012206,749,552,197
S01012207,870,531,339
S01012208,984,612,372
S01012209,755,443,312
S01012210,527,303,224
S01012211,876,549,327
S01012212,912,565,347
S01012213,856,509,347
S01012214,595,375,220
S01012215,809,528,281
S01012216,1025,677,348
S01012217,410,217,193
S01012218,415,202,213
S01012219,672,326,346
S01012220,727,362,365
S01012221,534,279,255
S01012222,920,505,415
S01012223,567,305,262
S01012224,731,449,282
S01012225,923,541,382
S01012226,607,373,234
S01012227,687,415,272
S01012228,604,385,219
S01012229,662,467,195
S01012230,812,562,250
S01012231,619,415,204
S01012232,872,599,273
S01012233,714,453,261
S01012234,1154,786,368
S01012235,699,432,267
S01012236,647,424,223
S01012237,642,388,254
S01012238,455,265,190
S01012239,444,240,204
S01012240,616,334,282
S01012241,523,309,214
S01012242,649,394,255
S01012243,672,417,255
S01012244,799,551,248
S01012245,970,639,331
S01012246,752,529,223
S01012247,553,378,175
S01012248,706,502,204
S01012249,749,517,232
S01012250,637,458,179
S01012251,781,511,270
S01012252,841,574,267
S01012253,740,478,262
S01012254,674,448,226
S01012255,627,398,229
S01012256,1029,697,332
S01012257,888,586,302
S01012258,1253,823,430
S01012259,601,358,243
S01012260,1057,685,372
S01012261,925,638,287
S01012262,1393,960,433
S01012263,612,411,201
S01012264,339,201,138
S01012265,853,540,313
S01012266,921,581,340
S01012267,830,553,277
S01012268,1146,751,395
S01012269,711,484,227
S01012270,650,430,220
S01012271,1161,811,350
S01012272,652,463,189
S01012273,782,490,292
S01012274,920,641,279
S01012275,681,405,276
S01012276,1159,777,382
S01012277,1020,693,327
S01012278,925,538,387
S01012279,931,577,354
S01012280,837,534,303
S01012281,709,483,226
S01012282,926,445,481
S01012283,753,502,251
S01012284,569,325,244
S01012285,470,287,183
S01012286,987,562,425
S01012287,1053,462,591
S01012288,846,455,391
S01012289,894,526,368
S01012290,446,295,151
S01012291,614,431,183
S01012292,928,554,374
S01012293,787,550,237
S01012294,794,528,266
S01012295,538,385,153
S01012296,845,641,204
S01012297,822,620,202
S01012298,1020,741,279
S01012299,475,350,125
S01012300,931,597,334
S01012301,774,511,263
S01012302,586,383,203
S01012303,730,498,232
S01012304,894,603,291
S01012305,670,394,276
S01012306,607,389,218
S01012307,664,421,243
S01012308,745,514,231
S01012309,705,449,256
S01012310,1199,758,441
S01012311,680,382,298
S01012312,793,503,290
S01012313,667,429,238
S01012314,674,416,258
S01012315,604,345,259
S01012316,501,282,219
S01012317,349,203,146
S01012318,602,372,230
S01012319,831,601,230
S01012320,618,398,220
S01012321,905,534,371
S01012322,885,563,322
S01012323,1087,661,426
S01012324,800,509,291
S01012325,640,344,296
S01012326,684,391,293
S01012327,679,431,248
S01012328,608,353,255
S01012329,727,458,269
S01012330,498,301,197
S01012331,826,548,278
S01012332,924,632,292
S01012333,1007,669,338
S01012334,667,418,249
S01012335,1406,1005,401
S01012336,587,367,220
S01012337,696,407,289
S01012338,602,369,233
S01012339,717,429,288
S01012340,770,501,269
S01012341,740,532,208
S01012342,714,467,247
S01012343,841,558,283
S01012344,857,559,298
S01012345,585,395,190
S01012346,984,644,340
S01012347,483,301,182
S01012348,873,565,308
S01012349,875,557,318
S01012350,869,524,345
S01012351,730,464,266
S01012352,909,588,321
S01012353,625,406,219
S01012354,767,478,289
S01012355,911,621,290
S01012356,863,553,310
S01012357,786,511,275
S01012358,668,425,243
S01012359,667,362,305
S01012360,561,304,257
S01012361,622,332,290
S01012362,859,465,394
S01012363,883,477,406
S01012364,636,395,241
S01012365,896,602,294
S01012366,814,505,309
S01012367,807,497,310
S01012368,640,397,243
S01012369,831,506,325
S01012370,1041,649,392
S01012371,824,470,354
S01012372,857,515,342
S01012373,958,578,380
S01012374,659,455,204
S01012375,953,608,345
S01012376,731,483,248
S01012377,543,361,182
S01012378,539,347,192
S01012379,457,276,181
S01012380,1084,724,360
S01012381,752,459,293
S01012382,817,555,262
S01012383,771,491,280
S01012384,411,259,152
S01012385,609,423,186
S01012386,853,520,333
S01012387,692,517,175
S01012388,516,396,120
S01012389,713,542,171
S01012390,583,430,153
S01012391,1053,806,247
S01012392,628,459,169
S01012393,985,744,241
S01012394,718,523,195
S01012395,606,459,147
S01012396,655,474,181
S01012397,636,444,192
S01012398,817,645,172
S01012399,623,459,164
S01012400,720,539,181
S01012401,731,551,180
S01012402,335,272,63
S01012403,793,633,160
S01012404,984,731,253
S01012405,529,415,114
S01012406,536,386,150
S01012407,785,611,174
S01012408,599,438,161
S01012409,825,618,207
S01012410,1009,763,246
S01012411,1034,759,275
S01012412,487,351,136
S01012413,741,508,233
S01012414,522,340,182
S01012415,566,372,194
S01012416,408,273,135
S01012417,469,258,211
S01012418,610,368,242
S01012419,803,476,327
S01012420,810,498,312
S01012421,768,453,315
S01012422,956,576,380
S01012423,785,473,312
S01012424,671,412,259
S01012425,433,185,248
S01012426,436,202,234
S01012427,556,277,279
S01012428,640,366,274
S01012429,407,201,206
S01012430,771,446,325
S01012431,789,450,339
S01012432,575,282,293
S01012433,591,337,254
S01012434,607,356,251
S01012435,676,389,287
S01012436,654,364,290
S01012437,627,365,262
S01012438,773,439,334
S01012439,688,375,313
S01012440,699,464,235
S01012441,756,489,267
S01012442,749,468,281
S01012443,571,385,186
S01012444,1106,623,483
S01012445,83,49,34
S01012446,517,332,185
S01012447,741,486,255
S01012448,667,421,246
S01012449,536,358,178
S01012450,755,479,276
S01012451,623,300,323
S01012452,512,317,195
S01012453,719,431,288
S01012454,756,419,337
S01012455,430,228,202
S01012456,702,367,335
S01012457,1019,552,467
S01012458,631,359,272
S01012459,643,442,201
S01012460,619,361,258
S01012461,419,281,138
S01012462,622,345,277
S01012463,677,345,332
S01012464,476,275,201
S01012465,682,358,324
S01012466,761,434,327
S01012467,889,511,378
S01012468,628,392,236
S01012469,767,443,324
S01012470,683,397,286
S01012471,605,357,248
S01012472,570,306,264
S01012473,530,332,198
S01012474,603,332,271
S01012475,511,300,211
S01012476,809,472,337
S01012477,618,404,214
S01012478,607,396,211
S01012479,788,525,263
S01012480,640,387,253
S01012481,671,391,280
S01012482,612,325,287
S01012483,698,352,346
S01012484,829,507,322
S01012485,855,475,380
S01012486,494,252,242
S01012487,476,297,179
S01012488,693,418,275
S01012489,937,464,473
S01012490,958,483,475
S01012491,549,272,277
S01012492,760,285,475
S01012493,535,236,299
S01012494,1120,581,539
S01012495,830,444,386
S01012496,571,298,273
S01012497,465,219,246
S01012498,663,299,364
S01012499,903,521,382
S01012500,418,207,211
S01012501,663,302,361
S01012502,756,347,409
S01012503,467,230,237
S01012504,499,261,238
S01012505,844,445,399
S01012506,360,204,156
S01012507,730,415,315
S01012508,612,378,234
S01012509,401,251,150
S01012510,804,551,253
S01012511,637,396,241
S01012512,627,364,263
S01012513,423,298,125
S01012514,596,475,121
S01012515,572,315,257
S01012516,466,256,210
S01012517,774,490,284
S01012518,660,400,260
S01012519,560,359,201
S01012520,564,345,219
S01012521,571,361,210
S01012522,720,434,286
S01012523,777,486,291
S01012524,717,431,286
S01012525,743,456,287
S01012526,704,413,291
S01012527,448,270,178
S01012528,616,386,230
S01012529,634,376,258
S01012530,768,472,296
S01012531,836,537,299
S01012532,873,582,291
S01012533,679,416,263
S01012534,675,390,285
S01012535,690,406,284
S01012536,627,368,259
S01012537,850,414,436
S01012538,885,511,374
S01012539,592,375,217
S01012540,759,415,344
S01012541,898,584,314
S01012542,971,556,415
S01012543,522,343,179
S01012544,680,419,261
S01012545,435,261,174
S01012546,709,412,297
S01012547,565,290,275
S01012548,785,488,297
S01012549,596,351,245
S01012550,756,452,304
S01012551,878,594,284
S01012552,745,456,289
S01012553,636,428,208
S01012554,669,441,228
S01012555,416,264,152
S01012556,437,270,167
S01012557,589,340,249
S01012558,570,342,228
S01012559,745,389,356
S01012560,776,409,367
S01012561,838,455,383
S01012562,835,462,373
S01012563,573,290,283
S01012564,654,375,279
S01012565,696,395,301
S01012566,593,364,229
S01012567,870,495,375
S01012568,757,396,361
S01012569,615,339,276
S01012570,593,387,206
S01012571,624,393,231
S01012572,450,285,165
S01012573,633,434,199
S01012574,969,655,314
S01012575,584,398,186
S01012576,846,584,262
S01012577,727,502,225
S01012578,1030,638,392
S01012579,601,398,203
S01012580,588,409,179
S01012581,938,517,421
S01012582,772,539,233
S01012583,525,341,184
S01012584,555,350,205
S01012585,1162,752,410
S01012586,751,441,310
S01012587,779,538,241
S01012588,575,398,177
S01012589,601,368,233
S01012590,821,461,360
S01012591,897,464,433
S01012592,534,362,172
S01012593,920,676,244
S01012594,517,294,223
S01012595,634,371,263
S01012596,566,328,238
S01012597,264,137,127
S01012598,588,410,178
S01012599,545,333,212
S01012600,571,385,186
S01012601,691,494,197
S01012602,508,283,225
S01012603,531,291,240
S01012604,663,378,285
S01012605,684,412,272
S01012606,250,197,53
S01012607,596,371,225
S01012608,783,465,318
S01012609,709,413,296
S01012610,934,529,405
S01012611,719,428,291
S01012612,903,488,415
S01012613,935,556,379
S01012614,862,505,357
S01012615,772,515,257
S01012616,751,473,278
S01012617,602,490,112
S01012618,535,367,168
S01012619,547,316,231
S01012620,720,431,289
S01012621,680,404,276
S01012622,624,382,242
S01012623,662,399,263
S01012624,571,353,218
S01012625,527,340,187
S01012626,671,409,262
S01012627,500,278,222
S01012628,1119,748,371
S01012629,238,155,83
S01012630,614,344,270
S01012631,812,483,329
S01012632,551,370,181
S01012633,775,455,320
S01012634,1004,601,403
S01012635,1529,1010,519
S01012636,1140,857,283
S01012637,796,434,362
S01012638,747,418,329
S01012639,1015,593,422
S01012640,1046,542,504
S01012641,678,387,291
S01012642,1235,690,545
S01012643,413,236,177
S01012644,511,297,214
S01012645,955,608,347
S01012646,926,627,299
S01012647,853,657,196
S01012648,514,293,221
S01012649,655,384,271
S01012650,631,406,225
S01012651,617,335,282
S01012652,828,561,267
S01012653,756,441,315
S01012654,688,448,240
S01012655,996,586,410
S01012656,697,394,303
S01012657,714,466,248
S01012658,747,464,283
S01012659,557,421,136
S01012660,542,310,232
S01012661,722,455,267
S01012662,723,410,313
S01012663,707,428,279
S01012664,771,498,273
S01012665,590,287,303
S01012666,572,288,284
S01012667,519,267,252
S01012668,812,459,353
S01012669,789,477,312
S01012670,545,331,214
S01012671,1040,648,392
S01012672,639,313,326
S01012673,714,385,329
S01012674,531,232,299
S01012675,806,457,349
S01012676,747,479,268
S01012677,439,241,198
S01012678,553,400,153
S01012679,594,367,227
S01012680,406,294,112
S01012681,619,387,232
S01012682,593,363,230
S01012683,689,421,268
S01012684,326,204,122
S01012685,875,540,335
S01012686,928,618,310
S01012687,1000,598,402
S01012688,653,407,246
S01012689,434,276,158
S01012690,391,254,137
S01012691,763,498,265
S01012692,773,455,318
S01012693,662,448,214
S01012694,464,296,168
S01012695,612,400,212
S01012696,702,391,311
S01012697,380,260,120
S01012698,763,520,243
S01012699,786,530,256
S01012700,665,421,244
S01012701,883,538,345
S01012702,532,356,176
S01012703,541,367,174
S01012704,563,327,236
S01012705,574,440,134
S01012706,752,443,309
S01012707,699,490,209
S01012708,688,366,322
S01012709,464,253,211
S01012710,717,410,307
S01012711,879,474,405
S01012712,652,376,276
S01012713,788,469,319
S01012714,484,282,202
S01012715,766,450,316
S01012716,814,476,338
S01012717,888,521,367
S01012718,726,463,263
S01012719,939,552,387
S01012720,742,470,272
S01012721,498,290,208
S01012722,844,422,422
S01012723,617,327,290
S01012724,551,351,200
S01012725,854,554,300
S01012726,674,408,266
S01012727,697,362,335
S01012728,730,360,370
S01012729,723,452,271
S01012730,428,250,178
S01012731,571,340,231
S01012732,593,341,252
S01012733,2492,1981,511
S01012734,70,37,33
S01012735,435,240,195
S01012736,944,637,307
S01012737,965,664,301
S01012738,474,283,191
S01012739,88,65,23
S01012740,76,45,31
S01012741,471,357,114
S01012742,712,473,239
S01012743,746,514,232
S01012744,556,412,144
S01012745,689,404,285
S01012746,872,611,261
S01012747,874,517,357
S01012748,591,305,286
S01012749,645,330,315
S01012750,588,322,266
S01012751,938,536,402
S01012752,638,393,245
S01012753,371,191,180
S01012754,707,390,317
S01012755,490,233,257
S01012756,1324,897,427
S01012757,359,201,158
S01012758,518,287,231
S01012759,604,322,282
S01012760,696,352,344
S01012761,780,450,330
S01012762,632,389,243
S01012763,499,280,219
S01012764,748,444,304
S01012765,449,251,198
S01012766,503,279,224
S01012767,620,402,218
S01012768,692,468,224
S01012769,786,567,219
S01012770,628,381,247
S01012771,640,381,259
S01012772,886,492,394
S01012773,924,528,396
S01012774,676,440,236
S01012775,509,295,214
S01012776,637,360,277
S01012777,837,595,242
S01012778,864,495,369
S01012779,736,435,301
S01012780,664,377,287
S01012781,514,324,190
S01012782,611,316,295
S01012783,701,384,317
S01012784,803,517,286
S01012785,543,277,266
S01012786,905,478,427
S01012787,433,246,187
S01012788,760,430,330
S01012789,811,461,350
S01012790,660,476,184
S01012791,587,343,244
S01012792,790,458,332
S01012793,806,376,430
S01012794,327,211,116
S01012795,940,495,445
S01012796,672,439,233
S01012797,571,359,212
S01012798,751,461,290
S01012799,844,546,298
S01012800,793,504,289
S01012801,338,203,135
S01012802,563,360,203
S01012803,658,412,246
S01012804,625,372,253
S01012805,779,476,303
S01012806,691,419,272
S01012807,1062,757,305
S01012808,757,486,271
S01012809,656,391,265
S01012810,648,358,290
S01012811,658,401,257
S01012812,705,475,230
S01012813,783,482,301
S01012814,678,515,163
S01012815,987,742,245
S01012816,584,403,181
S01012817,329,274,55
S01012818,744,529,215
S01012819,845,424,421
S01012820,1914,1463,451
S01012821,1283,938,345
S01012822,606,296,310
S01012823,570,431,139
S01012824,1001,722,279
S01012825,1121,670,451
S01012826,1185,754,431
S01012827,1062,733,329
S01012828,1690,1318,372
S01012829,607,331,276
S01012830,526,299,227
S01012831,548,266,282
S01012832,407,251,156
S01012833,734,374,360
S01012834,574,333,241
S01012835,758,436,322
S01012836,411,278,133
S01012837,765,367,398
S01012838,672,281,391
S01012839,551,397,154
S01012840,749,569,180
S01012841,566,382,184
S01012842,792,535,257
S01012843,806,525,281
S01012844,693,486,207
S01012845,681,401,280
S01012846,794,400,394
S01012847,561,350,211
S01012848,692,483,209
S01012849,858,540,318
S01012850,690,382,308
S01012851,755,429,326
S01012852,794,521,273
S01012853,712,425,287
S01012854,928,659,269
S01012855,871,600,271
S01012856,685,372,313
S01012857,973,519,454
S01012858,719,414,305
S01012859,913,569,344
S01012860,669,358,311
S01012861,539,351,188
S01012862,661,335,326
S01012863,629,345,284
S01012864,635,335,300
S01012865,875,511,364
S01012866,700,409,291
S01012867,645,298,347
S01012868,633,313,320
S01012869,405,189,216
S01012870,729,429,300
S01012871,712,439,273
S01012872,666,445,221
S01012873,722,478,244
S01012874,670,361,309
S01012875,513,301,212
S01012876,684,358,326
S01012877,552,307,245
S01012878,726,495,231
S01012879,772,469,303
S01012880,764,475,289
S01012881,987,607,380
S01012882,863,517,346
S01012883,707,322,385
S01012884,421,220,201
S01012885,641,403,238
S01012886,686,435,251
S01012887,542,341,201
S01012888,689,396,293
S01012889,896,618,278
S01012890,602,307,295
S01012891,560,336,224
S01012892,890,458,432
S01012893,726,366,360
S01012894,641,452,189
S01012895,517,379,138
S01012896,794,432,362
S01012897,1218,897,321
S01012898,740,552,188
S01012899,578,325,253
S01012900,915,609,306
S01012901,1499,1025,474
S01012902,772,494,278
S01012903,732,450,282
S01012904,712,454,258
S01012905,667,387,280
S01012906,828,558,270
S01012907,751,469,282
S01012908,798,434,364
S01012909,637,371,266
S01012910,951,533,418
S01012911,584,347,237
S01012912,932,575,357
S01012913,703,440,263
S01012914,830,527,303
S01012915,745,538,207
S01012916,720,394,326
S01012917,537,349,188
S01012918,620,391,229
S01012919,334,198,136
S01012920,466,247,219
S01012921,511,318,193
S01012922,719,472,247
S01012923,837,561,276
S01012924,447,290,157
S01012925,479,299,180
S01012926,558,362,196
S01012927,582,355,227
S01012928,771,499,272
S01012929,657,397,260
S01012930,694,418,276
S01012931,839,529,310
S01012932,447,303,144
S01012933,624,393,231
S01012934,577,343,234
S01012935,1054,691,363
S01012936,626,411,215
S01012937,619,361,258
S01012938,653,384,269
S01012939,605,403,202
S01012940,631,449,182
S01012941,592,412,180
S01012942,635,393,242
S01012943,632,441,191
S01012944,532,329,203
S01012945,538,378,160
S01012946,658,471,187
S01012947,468,316,152
S01012948,887,609,278
S01012949,1084,796,288
S01012950,1369,958,411
S01012951,800,606,194
S01012952,1109,809,300
S01012953,541,379,162
S01012954,380,273,107
S01012955,918,601,317
S01012956,683,364,319
S01012957,602,358,244
S01012958,416,283,133
S01012959,455,337,118
S01012960,583,375,208
S01012961,782,556,226
S01012962,734,492,242
S01012963,831,655,176
S01012964,1065,787,278
S01012965,563,382,181
S01012966,707,506,201
S01012967,675,434,241
S01012968,643,418,225
S01012969,712,444,268
S01012970,647,453,194
S01012971,776,451,325
S01012972,660,395,265
S01012973,685,423,262
S01012974,848,493,355
S01012975,549,338,211
S01012976,524,297,227
S01012977,668,404,264
S01012978,727,422,305
S01012979,630,417,213
S01012980,604,391,213
S01012981,685,457,228
S01012982,619,406,213
S01012983,566,351,215
S01012984,588,406,182
S01012985,628,400,228
S01012986,760,458,302
S01012987,764,496,268
S01012988,779,485,294
S01012989,833,539,294
S01012990,816,486,330
S01012991,759,458,301
S01012992,740,454,286
S01012993,718,423,295
S01012994,715,440,275
S01012995,628,461,167
S01012996,722,479,243
S01012997,447,257,190
S01012998,913,629,284
S01012999,555,384,171
S01013000,803,515,288
S01013001,282,187,95
S01013002,534,337,197
S01013003,521,312,209
S01013004,694,446,248
S01013005,517,328,189
S01013006,687,412,275
S01013007,895,538,357
S01013008,886,525,361
S01013009,562,344,218
S01013010,477,327,150
S01013011,654,448,206
S01013012,832,547,285
S01013013,712,484,228
S01013014,569,366,203
S01013015,531,376,155
S01013016,723,478,245
S01013017,793,507,286
S01013018,858,576,282
S01013019,1101,786,315
S01013020,700,477,223
S01013021,897,643,254
S01013022,290,187,103
S01013023,702,429,273
S01013024,446,277,169
S01013025,963,663,300
S01013026,717,429,288
S01013027,1181,661,520
S01013028,702,529,173
S01013029,524,310,214
S01013030,875,570,305
S01013031,479,291,188
S01013032,449,337,112
S01013033,577,420,157
S01013034,606,362,244
S01013035,613,343,270
S01013036,707,422,285
S01013037,858,556,302
S01013038,917,600,317
S01013039,416,293,123
S01013040,480,282,198
S01013041,445,311,134
S01013042,688,474,214
S01013043,572,327,245
S01013044,842,485,357
S01013045,490,332,158
S01013046,510,312,198
S01013047,685,519,166
S01013048,964,709,255
S01013049,801,513,288
S01013050,707,392,315
S01013051,667,401,266
S01013052,522,306,216
S01013053,771,411,360
S01013054,731,460,271
S01013055,567,320,247
S01013056,949,546,403
S01013057,694,352,342
S01013058,380,275,105
S01013059,800,474,326
S01013060,444,250,194
S01013061,769,441,328
S01013062,738,435,303
S01013063,640,379,261
S01013064,872,526,346
S01013065,892,492,400
S01013066,628,392,236
S01013067,1218,488,730
S01013068,1269,635,634
S01013069,837,337,500
S01013070,857,308,549
S01013071,968,273,695
S01013072,693,381,312
S01013073,844,469,375
S01013074,1120,546,574
S01013075,657,278,379
S01013076,765,290,475
S01013077,504,248,256
S01013078,586,312,274
S01013079,1142,651,491
S01013080,855,483,372
S01013081,543,330,213
S01013082,1036,650,386
S01013083,2503,441,2062
S01013084,719,453,266
S01013085,754,348,406
S01013086,801,474,327
S01013087,2550,421,2129
S01013088,687,415,272
S01013089,621,361,260
S01013090,1116,619,497
S01013091,739,389,350
S01013092,1031,613,418
S01013093,357,222,135
S01013094,542,324,218
S01013095,1234,858,376
S01013096,487,291,196
S01013097,1231,857,374
S01013098,40,28,12
S01013099,645,406,239
S01013100,652,401,251
S01013101,1209,708,501
S01013102,485,295,190
S01013103,590,416,174
S01013104,794,510,284
S01013105,658,408,250
S01013106,786,505,281
S01013107,644,424,220
S01013108,496,300,196
S01013109,1218,846,372
S01013110,437,291,146
S01013111,558,367,191
S01013112,635,434,201
S01013113,730,425,305
S01013114,1053,656,397
S01013115,696,433,263
S01013116,716,424,292
S01013117,780,542,238
S01013118,819,592,227
S01013119,607,384,223
S01013120,880,602,278
S01013121,355,249,106
S01013122,662,357,305
S01013123,692,395,297
S01013124,833,478,355
S01013125,656,341,315
S01013126,715,332,383
S01013127,793,377,416
S01013128,817,489,328
S01013129,998,556,442
S01013130,722,335,387
S01013131,654,366,288
S01013132,522,283,239
S01013133,684,360,324
S01013134,601,365,236
S01013135,753,394,359
S01013136,867,456,411
S01013137,749,400,349
S01013138,646,308,338
S01013139,828,358,470
S01013140,792,393,399
S01013141,461,242,219
S01013142,718,338,380
S01013143,766,438,328
S01013144,666,359,307
S01013145,664,376,288
S01013146,403,223,180
S01013147,567,334,233
S01013148,786,499,287
S01013149,619,405,214
S01013150,646,357,289
S01013151,424,293,131
S01013152,978,595,383
S01013153,696,337,359
S01013154,978,535,443
S01013155,651,337,314
S01013156,759,399,360
S01013157,883,458,425
S01013158,599,406,193
S01013159,657,411,246
S01013160,743,498,245
S01013161,765,493,272
S01013162,850,509,341
S01013163,658,434,224
S01013164,876,463,413
S01013165,932,549,383
S01013166,607,291,316
S01013167,908,474,434
S01013168,760,388,372
S01013169,547,290,257
S01013170,921,507,414
S01013171,563,370,193
S01013172,656,401,255
S01013173,624,421,203
S01013174,875,628,247
S01013175,597,415,182
S01013176,755,471,284
S01013177,815,513,302
S01013178,575,361,214
S01013179,1134,744,390
S01013180,354,238,116
S01013181,737,467,270
S01013182,614,345,269
S01013183,823,534,289
S01013184,416,205,211
S01013185,728,415,313
S01013186,543,321,222
S01013187,720,389,331
S01013188,774,511,263
S01013189,654,398,256
S01013190,665,411,254
S01013191,789,558,231
S01013192,805,490,315
S01013193,504,356,148
S01013194,970,654,316
S01013195,763,504,259
S01013196,549,397,152
S01013197,412,245,167
S01013198,652,359,293
S01013199,687,390,297
S01013200,700,363,337
S01013201,618,281,337
S01013202,428,195,233
S01013203,780,416,364
S01013204,802,546,256
S01013205,548,261,287
S01013206,693,359,334
S01013207,899,562,337
S01013208,600,292,308
S01013209,772,474,298
S01013210,616,384,232
S01013211,750,472,278
S01013212,662,501,161
S01013213,750,564,186
S01013214,339,260,79
S01013215,636,427,209
S01013216,616,357,259
S01013217,621,384,237
S01013218,539,288,251
S01013219,516,276,240
S01013220,635,317,318
S01013221,713,371,342
S01013222,512,237,275
S01013223,986,524,462
S01013224,852,534,318
S01013225,899,555,344
S01013226,603,432,171
S01013227,416,195,221
S01013228,666,403,263
S01013229,759,435,324
S01013230,674,370,304
S01013231,997,645,352
S01013232,590,324,266
S01013233,435,282,153
S01013234,509,364,145
S01013235,825,507,318
S01013236,773,455,318
S01013237,765,488,277
S01013238,777,354,423
S01013239,697,347,350
S01013240,575,294,281
S01013241,665,433,232
S01013242,499,317,182
S01013243,634,365,269
S01013244,886,461,425
S01013245,753,493,260
S01013246,345,233,112
S01013247,693,399,294
S01013248,528,281,247
S01013249,824,535,289
S01013250,1066,746,320
S01013251,699,410,289
S01013252,891,558,333
S01013253,643,407,236
S01013254,644,350,294
S01013255,1364,561,803
S01013256,715,459,256
S01013257,746,475,271
S01013258,750,474,276
S01013259,1006,648,358
S01013260,634,379,255
S01013261,865,546,319
S01013262,640,395,245
S01013263,801,586,215
S01013264,220,160,60
S01013265,702,519,183
S01013266,302,230,72
S01013267,626,413,213
S01013268,890,570,320
S01013269,891,643,248
S01013270,593,456,137
S01013271,921,611,310
S01013272,865,600,265
S01013273,615,491,124
S01013274,757,512,245
S01013275,808,542,266
S01013276,747,510,237
S01013277,681,438,243
S01013278,785,442,343
S01013279,629,357,272
S01013280,581,350,231
S01013281,677,404,273
S01013282,611,370,241
S01013283,871,585,286
S01013284,516,405,111
S01013285,608,446,162
S01013286,611,441,170
S01013287,609,455,154
S01013288,530,334,196
S01013289,785,540,245
S01013290,847,620,227
S01013291,881,656,225
S01013292,689,473,216
S01013293,667,480,187
S01013294,682,476,206
S01013295,717,533,184
S01013296,658,397,261
S01013297,866,532,334
S01013298,584,385,199
S01013299,963,598,365
S01013300,915,568,347
S01013301,524,333,191
S01013302,1051,773,278
S01013303,1228,794,434
S01013304,786,459,327
S01013305,740,457,283
S01013306,814,411,403
S01013307,926,538,388
S01013308,927,557,370
S01013309,674,465,209
S01013310,483,313,170
S01013311,919,592,327
S01013312,1227,718,509
S01013313,509,302,207
S01013314,620,363,257
S01013315,215,135,80
S01013316,529,315,214
S01013317,557,370,187
S01013318,535,401,134
S01013319,633,476,157
S01013320,515,414,101
S01013321,384,226,158
S01013322,556,367,189
S01013323,738,436,302
S01013324,754,447,307
S01013325,963,590,373
S01013326,720,411,309
S01013327,659,392,267
S01013328,527,314,213
S01013329,402,231,171
S01013330,758,540,218
S01013331,475,361,114
S01013332,618,382,236
S01013333,846,569,277
S01013334,557,335,222
S01013335,719,399,320
S01013336,801,452,349
S01013337,2026,1372,654
S01013338,331,209,122
S01013339,650,443,207
S01013340,1040,697,343
S01013341,701,503,198
S01013342,617,352,265
S01013343,565,375,190
S01013344,974,592,382
S01013345,627,404,223
S01013346,634,466,168
S01013347,556,416,140
S01013348,1038,755,283
S01013349,799,584,215
S01013350,1117,805,312
S01013351,596,406,190
S01013352,759,501,258
S01013353,832,543,289
S01013354,699,462,237
S01013355,713,481,232
S01013356,756,406,350
S01013357,825,563,262
S01013358,729,463,266
S01013359,453,264,189
S01013360,521,284,237
S01013361,1039,615,424
S01013362,414,238,176
S01013363,858,483,375
S01013364,605,381,224
S01013365,954,664,290
S01013366,496,359,137
S01013367,573,427,146
S01013368,653,412,241
S01013369,636,340,296
S01013370,656,361,295
S01013371,619,314,305
S01013372,815,405,410
S01013373,1000,566,434
S01013374,745,352,393
S01013375,506,302,204
S01013376,486,264,222
S01013377,558,300,258
S01013378,817,477,340
S01013379,926,579,347
S01013380,1006,760,246
S01013381,570,336,234
S01013382,755,465,290
S01013383,593,315,278
S01013384,851,517,334
S01013385,508,311,197
S01013386,626,436,190
S01013387,494,272,222
S01013388,534,316,218
S01013389,769,499,270
S01013390,405,260,145
S01013391,759,519,240
S01013392,780,625,155
S01013393,1368,949,419
S01013394,543,295,248
S01013395,1063,695,368
S01013396,847,650,197
S01013397,716,473,243
S01013398,184,133,51
S01013399,828,616,212
S01013400,504,336,168
S01013401,2652,2144,508
S01013402,165,125,40
S01013403,67,39,28
S01013404,3105,2465,640
S01013405,498,291,207
S01013406,534,309,225
S01013407,1260,844,416
S01013408,595,340,255
S01013409,976,644,332
S01013410,428,251,177
S01013411,709,495,214
S01013412,623,375,248
S01013413,738,494,244
S01013414,675,412,263
S01013415,655,353,302
S01013416,452,259,193
S01013417,673,414,259
S01013418,380,236,144
S01013419,433,302,131
S01013420,926,676,250
S01013421,650,522,128
S01013422,722,446,276
S01013423,678,428,250
S01013424,622,417,205
S01013425,332,215,117
S01013426,662,386,276
S01013427,555,420,135
S01013428,1217,805,412
S01013429,1166,785,381
S01013430,1330,1010,320
S01013431,752,471,281
S01013432,622,402,220
S01013433,549,367,182
S01013434,398,290,108
S01013435,573,422,151
S01013436,699,470,229
S01013437,618,418,200
S01013438,529,306,223
S01013439,694,404,290
S01013440,980,596,384
S01013441,648,440,208
S01013442,703,505,198
S01013443,457,314,143
S01013444,927,606,321
S01013445,410,280,130
S01013446,508,322,186
S01013447,419,327,92
S01013448,804,522,282
S01013449,606,430,176
S01013450,624,435,189
S01013451,656,469,187
S01013452,469,343,126
S01013453,720,435,285
S01013454,572,404,168
S01013455,427,281,146
S01013456,807,485,322
S01013457,730,442,288
S01013458,649,424,225
S01013459,739,470,269
S01013460,723,446,277
S01013461,850,602,248
S01013462,747,535,212
S01013463,684,438,246
S01013464,613,400,213
S01013465,606,355,251
S01013466,376,146,230
S01013467,671,489,182
S01013468,498,313,185
S01013469,779,476,303
S01013470,707,431,276
S01013471,702,439,263
S01013472,843,625,218
S01013473,378,288,90
S01013474,530,401,129
S01013475,1196,841,355
S01013476,496,305,191
S01013477,757,479,278
S01013478,696,498,198
S01013479,798,519,279
S01013480,494,283,211
S01013481,923,660,263
