dz_2011,total,white,nonwhite
S01006506,765,757,8
S01006507,1092,1060,32
S01006508,858,821,37
S01006509,715,699,16
S01006510,735,721,14
S01006511,1019,997,22
S01006512,407,401,6
S01006513,1006,985,21
S01006514,1117,1075,42
S01006515,1168,1148,20
S01006516,903,872,31
S01006517,1049,1015,34
S01006518,1049,1000,49
S01006519,874,829,45
S01006520,897,847,50
S01006521,577,566,11
S01006522,560,542,18
S01006523,1409,1378,31
S01006524,1299,1253,46
S01006525,1305,1274,31
S01006526,1529,1503,26
S01006527,1388,1358,30
S01006528,1125,1104,21
S01006529,1028,1004,24
S01006530,1179,1154,25
S01006531,1278,1253,25
S01006532,806,787,19
S01006533,830,811,19
S01006534,983,966,17
S01006535,1063,1037,26
S01006536,1246,1212,34
S01006537,852,845,7
S01006538,686,666,20
S01006539,1008,989,19
S01006540,1259,1229,30
S01006541,990,975,15
S01006542,963,918,45
S01006543,1012,982,30
S01006544,1140,1083,57
S01006545,1112,1075,37
S01006546,1175,1126,49
S01006547,1409,1372,37
S01006548,770,751,19
S01006549,828,808,20
S01006550,1263,1242,21
S01006551,921,901,20
S01006552,1348,1296,52
S01006553,1022,987,35
S01006554,937,922,15
S01006555,1089,1075,14
S01006556,1032,1018,14
S01006557,862,837,25
S01006558,880,849,31
S01006559,639,618,21
S01006560,1056,1018,38
S01006561,891,879,12
S01006562,1044,1003,41
S01006563,1138,1050,88
S01006564,1172,1066,106
S01006565,1201,1120,81
S01006566,851,805,46
S01006567,1149,1051,98
S01006568,1104,1070,34
S01006569,749,723,26
S01006570,875,843,32
S01006571,1168,1129,39
S01006572,1364,1312,52
S01006573,706,687,19
S01006574,967,933,34
S01006575,1145,1100,45
S01006576,871,841,30
S01006577,925,897,28
S01006578,1514,1443,71
S01006579,1299,1235,64
S01006580,806,767,39
S01006581,1233,1218,15
S01006582,591,573,18
S01006583,964,908,56
S01006584,872,816,56
S01006585,809,762,47
S01006586,803,758,45
S01006587,502,439,63
S01006588,650,618,32
S01006589,1065,983,82
S01006590,617,587,30
S01006591,544,511,33
S01006592,434,413,21
S01006593,589,557,32
S01006594,761,751,10
S01006595,740,711,29
S01006596,964,931,33
S01006597,822,796,26
S01006598,1074,1044,30
S01006599,1087,1028,59
S01006600,1326,1270,56
S01006601,953,931,22
S01006602,982,951,31
S01006603,1377,1371,6
S01006604,938,925,13
S01006605,868,861,7
S01006606,1380,1364,16
S01006607,1302,1293,9
S01006608,871,861,10
S01006609,1343,1330,13
S01006610,752,744,8
S01006611,1183,1172,11
S01006612,995,964,31
S01006613,474,462,12
S01006614,929,909,20
S01006615,445,439,6
S01006616,811,792,19
S01006617,1022,1012,10
S01006618,568,560,8
S01006619,995,985,10
S01006620,1146,1142,4
S01006621,838,831,7
S01006622,655,647,8
S01006623,1500,1481,19
S01006624,800,792,8
S01006625,858,850,8
S01006626,839,832,7
S01006627,674,662,12
S01006628,1110,1096,14
S01006629,925,909,16
S01006630,867,857,10
S01006631,1155,1152,3
S01006632,960,949,11
S01006633,967,949,18
S01006634,804,801,3
S01006635,1001,988,13
S01006636,980,974,6
S01006637,606,583,23
S01006638,1061,1022,39
S01006639,944,898,46
S01006640,201,194,7
S01006641,962,940,22
S01006642,822,786,36
S01006643,1056,1006,50
S01006644,590,559,31
S01006645,1185,1136,49
S01006646,1040,954,86
S01006647,688,651,37
S01006648,1691,1541,150
S01006649,696,660,36
S01006650,914,892,22
S01006651,725,682,43
S01006652,678,643,35
S01006653,714,692,22
S01006654,861,834,27
S01006655,581,568,13
S01006656,906,861,45
S01006657,595,579,16
S01006658,1186,1071,115
S01006659,895,855,40
S01006660,639,568,71
S01006661,726,710,16
S01006662,685,581,104
S01006663,1263,1176,87
S01006664,421,413,8
S01006665,799,748,51
S01006666,1388,1310,78
S01006667,1059,1019,40
S01006668,833,781,52
S01006669,1193,1130,63
S01006670,471,459,12
S01006671,1338,1218,120
S01006672,767,725,42
S01006673,960,901,59
S01006674,930,879,51
S01006675,520,454,66
S01006676,798,776,22
S01006677,697,684,13
S01006678,1092,1058,34
S01006679,884,870,14
S01006680,801,755,46
S01006681,1134,1096,38
S01006682,812,759,53
S01006683,1164,1095,69
S01006684,727,711,16
S01006685,854,840,14
S01006686,931,909,22
S01006687,987,965,22
S01006688,1064,1059,5
S01006689,481,474,7
S01006690,772,745,27
S01006691,873,843,30
S01006692,918,896,22
S01006693,1157,1135,22
S01006694,1219,1214,5
S01006695,761,746,15
S01006696,1127,1114,13
S01006697,1122,1102,20
S01006698,938,925,13
S01006699,820,800,20
S01006700,1319,1286,33
S01006701,1102,1093,9
S01006702,996,991,5
S01006703,804,792,12
S01006704,896,896,0
S01006705,1004,1003,1
S01006706,854,841,13
S01006707,772,767,5
S01006708,892,886,6
S01006709,1107,1094,13
S01006710,1164,1152,12
S01006711,1146,1134,12
S01006712,664,659,5
S01006713,997,995,2
S01006714,934,930,4
S01006715,1104,1087,17
S01006716,654,650,4
S01006717,1062,1058,4
S01006718,713,704,9
S01006719,1015,1010,5
S01006720,786,783,3
S01006721,1005,999,6
S01006722,852,848,4
S01006723,1025,1021,4
S01006724,1319,1308,11
S01006725,1038,1035,3
S01006726,987,972,15
S01006727,1187,1175,12
S01006728,944,939,5
S01006729,863,852,11
S01006730,779,767,12
S01006731,557,555,2
S01006732,1047,1018,29
S01006733,945,874,71
S01006734,1136,1094,42
S01006735,952,897,55
S01006736,920,874,46
S01006737,822,787,35
S01006738,660,655,5
S01006739,525,519,6
S01006740,1072,1066,6
S01006741,812,809,3
S01006742,507,506,1
S01006743,968,957,11
S01006744,661,660,1
S01006745,1061,1043,18
S01006746,768,765,3
S01006747,1207,1176,31
S01006748,1064,1057,7
S01006749,1398,1363,35
S01006750,792,782,10
S01006751,486,483,3
S01006752,893,887,6
S01006753,946,939,7
S01006754,1233,1233,0
S01006755,817,807,10
S01006756,269,260,9
S01006757,1436,1407,29
S01006758,710,694,16
S01006759,646,635,11
S01006760,628,620,8
S01006761,1017,1002,15
S01006762,1058,1020,38
S01006763,1176,1143,33
S01006764,867,855,12
S01006765,781,775,6
S01006766,666,648,18
S01006767,939,913,26
S01006768,746,718,28
S01006769,1345,1312,33
S01006770,767,759,8
S01006771,570,540,30
S01006772,1452,1419,33
S01006773,736,706,30
S01006774,894,835,59
S01006775,805,787,18
S01006776,735,732,3
S01006777,1080,1062,18
S01006778,955,944,11
S01006779,1099,1075,24
S01006780,899,891,8
S01006781,1030,995,35
S01006782,985,784,201
S01006783,680,656,24
S01006784,726,717,9
S01006785,714,698,16
S01006786,1124,1077,47
S01006787,1121,1103,18
S01006788,694,661,33
S01006789,973,966,7
S01006790,898,893,5
S01006791,514,511,3
S01006792,689,685,4
S01006793,639,637,2
S01006794,841,834,7
S01006795,703,699,4
S01006796,379,378,1
S01006797,673,667,6
S01006798,691,690,1
S01006799,960,957,3
S01006800,899,886,13
S01006801,739,737,2
S01006802,679,679,0
S01006803,751,749,2
S01006804,731,731,0
S01006805,1072,1065,7
S01006806,1015,1010,5
S01006807,524,520,4
S01006808,890,883,7
S01006809,960,955,5
S01006810,1017,1009,8
S01006811,881,879,2
S01006812,751,742,9
S01006813,864,852,12
S01006814,958,945,13
S01006815,612,608,4
S01006816,931,921,10
S01006817,710,702,8
S01006818,672,667,5
S01006819,819,815,4
S01006820,561,557,4
S01006821,938,925,13
S01006822,774,763,11
S01006823,881,872,9
S01006824,690,687,3
S01006825,1098,1093,5
S01006826,1229,1220,9
S01006827,994,987,7
S01006828,973,965,8
S01006829,257,253,4
S01006830,640,634,6
S01006831,1355,1351,4
S01006832,980,975,5
S01006833,724,720,4
S01006834,255,253,2
S01006835,1198,1175,23
S01006836,51,51,0
S01006837,488,485,3
S01006838,1067,1063,4
S01006839,922,915,7
S01006840,1184,1173,11
S01006841,1438,1426,12
S01006842,1101,1087,14
S01006843,1017,1007,10
S01006844,722,711,11
S01006845,1016,996,20
S01006846,887,877,10
S01006847,832,825,7
S01006848,848,833,15
S01006849,400,395,5
S01006850,1213,1184,29
S01006851,763,761,2
S01006852,581,572,9
S01006853,841,811,30
S01006854,1352,1344,8
S01006855,746,743,3
S01006856,881,867,14
S01006857,971,967,4
S01006858,611,607,4
S01006859,1049,1035,14
S01006860,692,684,8
S01006861,243,239,4
S01006862,962,952,10
S01006863,618,614,4
S01006864,145,145,0
S01006865,947,934,13
S01006866,668,660,8
S01006867,1132,1125,7
S01006868,888,883,5
S01006869,576,575,1
S01006870,547,546,1
S01006871,986,981,5
S01006872,961,953,8
S01006873,1137,1121,16
S01006874,644,643,1
S01006875,701,698,3
S01006876,1010,1005,5
S01006877,1045,1040,5
S01006878,988,977,11
S01006879,883,882,1
S01006880,574,570,4
S01006881,561,558,3
S01006882,931,923,8
S01006883,581,575,6
S01006884,1000,999,1
S01006885,698,691,7
S01006886,755,754,1
S01006887,422,414,8
S01006888,704,700,4
S01006889,681,668,13
S01006890,1012,1000,12
S01006891,675,670,5
S01006892,622,622,0
S01006893,1095,1091,4
S01006894,639,637,2
S01006895,558,554,4
S01006896,744,740,4
S01006897,1074,1066,8
S01006898,491,490,1
S01006899,394,394,0
S01006900,514,506,8
S01006901,883,877,6
S01006902,688,685,3
S01006903,917,910,7
S01006904,513,509,4
S01006905,937,930,7
S01006906,1058,1056,2
S01006907,619,614,5
S01006908,869,862,7
S01006909,264,263,1
S01006910,333,328,5
S01006911,316,316,0
S01006912,262,262,0
S01006913,549,547,2
S01006914,777,770,7
S01006915,835,822,13
S01006916,272,272,0
S01006917,113,113,0
S01006918,472,471,1
S01006919,541,535,6
S01006920,583,574,9
S01006921,415,410,5
S01006922,587,585,2
S01006923,718,716,2
S01006924,429,427,2
S01006925,553,540,13
S01006926,310,310,0
S01006927,275,274,1
S01006928,1132,1126,6
S01006929,1337,1285,52
S01006930,803,769,34
S01006931,420,416,4
S01006932,479,454,25
S01006933,896,891,5
S01006934,693,692,1
S01006935,1025,1001,24
S01006936,746,743,3
S01006937,911,897,14
S01006938,932,926,6
S01006939,707,697,10
S01006940,1118,1096,22
S01006941,887,878,9
S01006942,1089,1084,5
S01006943,264,264,0
S01006944,87,87,0
S01006945,1094,1073,21
S01006946,795,784,11
S01006947,1110,1094,16
S01006948,966,958,8
S01006949,680,671,9
S01006950,222,216,6
S01006951,827,820,7
S01006952,1092,1073,19
S01006953,1257,1256,1
S01006954,1090,1076,14
S01006955,574,571,3
S01006956,708,701,7
S01006957,830,815,15
S01006958,1060,1034,26
S01006959,824,813,11
S01006960,363,363,0
S01006961,322,317,5
S01006962,782,781,1
S01006963,1103,1086,17
S01006964,870,858,12
S01006965,570,569,1
S01006966,811,808,3
S01006967,820,814,6
S01006968,1094,1089,5
S01006969,1088,1083,5
S01006970,724,718,6
S01006971,915,909,6
S01006972,474,474,0
S01006973,564,559,5
S01006974,1319,1302,17
S01006975,1084,1074,10
S01006976,573,565,8
S01006977,838,828,10
S01006978,790,783,7
S01006979,1349,1346,3
S01006980,627,626,1
S01006981,787,787,0
S01006982,960,947,13
S01006983,1054,1039,15
S01006984,793,788,5
S01006985,1317,1308,9
S01006986,449,448,1
S01006987,1005,1002,3
S01006988,472,470,2
S01006989,716,710,6
S01006990,448,443,5
S01006991,701,698,3
S01006992,854,840,14
S01006993,705,702,3
S01006994,627,622,5
S01006995,897,894,3
S01006996,706,706,0
S01006997,601,600,1
S01006998,974,973,1
S01006999,808,806,2
S01007000,1151,1148,3
S01007001,977,972,5
S01007002,428,422,6
S01007003,533,533,0
S01007004,1048,1044,4
S01007005,917,916,1
S01007006,963,959,4
S01007007,741,740,1
S01007008,871,868,3
S01007009,1310,1306,4
S01007010,965,958,7
S01007011,1119,1115,4
S01007012,999,994,5
S01007013,862,862,0
S01007014,1025,1020,5
S01007015,735,733,2
S01007016,538,537,1
S01007017,1137,1131,6
S01007018,1207,1200,7
S01007019,1010,1004,6
S01007020,969,964,5
S01007021,1347,1340,7
S01007022,448,448,0
S01007023,719,717,2
S01007024,1099,1098,1
S01007025,1125,1121,4
S01007026,955,953,2
S01007027,1335,1329,6
S01007028,1236,1231,5
S01007029,506,504,2
S01007030,987,985,2
S01007031,611,603,8
S01007032,1181,1171,10
S01007033,1144,1133,11
S01007034,988,984,4
S01007035,956,948,8
S01007036,1022,1016,6
S01007037,1126,1125,1
S01007038,815,808,7
S01007039,726,726,0
S01007040,1067,1067,0
S01007041,1009,1005,4
S01007042,889,886,3
S01007043,1070,1065,5
S01007044,1059,1054,5
S01007045,857,851,6
S01007046,523,522,1
S01007047,950,948,2
S01007048,1310,1309,1
S01007049,1014,1010,4
S01007050,973,967,6
S01007051,942,941,1
S01007052,556,555,1
S01007053,796,793,3
S01007054,1044,1039,5
S01007055,476,476,0
S01007056,803,799,4
S01007057,870,870,0
S01007058,822,821,1
S01007059,1148,1131,17
S01007060,675,674,1
S01007061,1100,1093,7
S01007062,696,688,8
S01007063,1401,1396,5
S01007064,717,710,7
S01007065,738,734,4
S01007066,664,658,6
S01007067,1321,1315,6
S01007068,768,765,3
S01007069,1051,1045,6
S01007070,755,752,3
S01007071,1151,1144,7
S01007072,1492,1480,12
S01007073,1797,1792,5
S01007074,1225,1205,20
S01007075,1091,1080,11
S01007076,926,912,14
S01007077,883,873,10
S01007078,1076,1072,4
S01007079,1206,1204,2
S01007080,869,858,11
S01007081,1093,1082,11
S01007082,705,704,1
S01007083,904,901,3
S01007084,875,873,2
S01007085,1112,1090,22
S01007086,1037,1025,12
S01007087,925,908,17
S01007088,710,707,3
S01007089,587,586,1
S01007090,541,536,5
S01007091,283,282,1
S01007092,703,702,1
S01007093,1080,1077,3
S01007094,1174,1171,3
S01007095,667,666,1
S01007096,952,945,7
S01007097,842,831,11
S01007098,498,496,2
S01007099,654,651,3
S01007100,884,878,6
S01007101,1251,1250,1
S01007102,774,772,2
S01007103,814,814,0
S01007104,477,473,4
S01007105,654,652,2
S01007106,929,927,2
S01007107,650,649,1
S01007108,654,648,6
S01007109,983,976,7
S01007110,964,960,4
S01007111,547,545,2
S01007112,888,883,5
S01007113,822,821,1
S01007114,867,860,7
S01007115,777,777,0
S01007116,687,681,6
S01007117,667,665,2
S01007118,978,976,2
S01007119,1043,1043,0
S01007120,1131,1123,8
S01007121,727,724,3
S01007122,585,583,2
S01007123,1002,992,10
S01007124,1080,1071,9
S01007125,759,754,5
S01007126,1025,1021,4
S01007127,590,576,14
S01007128,1047,1040,7
S01007129,681,672,9
S01007130,675,671,4
S01007131,795,783,12
S01007132,707,697,10
S01007133,607,606,1
S01007134,800,793,7
S01007135,667,664,3
S01007136,320,315,5
S01007137,154,152,2
S01007138,454,452,2
S01007139,742,736,6
S01007140,822,801,21
S01007141,655,655,0
S01007142,162,162,0
S01007143,448,444,4
S01007144,1476,1468,8
S01007145,939,905,34
S01007146,876,867,9
S01007147,927,918,9
S01007148,600,557,43
S01007149,991,977,14
S01007150,814,796,18
S01007151,1065,1053,12
S01007152,825,823,2
S01007153,1022,1016,6
S01007154,927,918,9
S01007155,693,688,5
S01007156,984,976,8
S01007157,850,847,3
S01007158,872,870,2
S01007159,871,863,8
S01007160,823,819,4
S01007161,920,915,5
S01007162,398,387,11
S01007163,1059,1050,9
S01007164,835,829,6
S01007165,902,896,6
S01007166,1083,1076,7
S01007167,945,937,8
S01007168,1065,1060,5
S01007169,946,937,9
S01007170,709,705,4
S01007171,1199,1191,8
S01007172,1133,1121,12
S01007173,632,629,3
S01007174,773,766,7
S01007175,784,783,1
S01007176,1092,1084,8
S01007177,791,784,7
S01007178,1007,1001,6
S01007179,1302,1285,17
S01007180,1062,1055,7
S01007181,1211,1199,12
S01007182,1201,1194,7
S01007183,1253,1249,4
S01007184,995,992,3
S01007185,928,924,4
S01007186,600,586,14
S01007187,773,758,15
S01007188,733,720,13
S01007189,884,879,5
S01007190,958,957,1
S01007191,740,734,6
S01007192,821,819,2
S01007193,880,876,4
S01007194,629,626,3
S01007195,926,919,7
S01007196,730,726,4
S01007197,408,407,1
S01007198,473,470,3
S01007199,1102,1099,3
S01007200,931,930,1
S01007201,1057,1053,4
S01007202,822,821,1
S01007203,908,900,8
S01007204,981,975,6
S01007205,825,825,0
S01007206,336,335,1
S01007207,1074,1069,5
S01007208,802,789,13
S01007209,701,696,5
S01007210,1042,1032,10
S01007211,778,774,4
S01007212,786,777,9
S01007213,843,837,6
S01007214,943,941,2
S01007215,944,934,10
S01007216,852,851,1
S01007217,896,896,0
S01007218,787,777,10
S01007219,1085,1073,12
S01007220,820,814,6
S01007221,659,650,9
S01007222,1175,1161,14
S01007223,706,699,7
S01007224,704,701,3
S01007225,1028,1015,13
S01007226,910,907,3
S01007227,1381,1378,3
S01007228,788,788,0
S01007229,1220,1208,12
S01007230,1297,1285,12
S01007231,759,752,7
S01007232,587,587,0
S01007233,745,734,11
S01007234,658,657,1
S01007235,1023,1017,6
S01007236,1145,1139,6
S01007237,770,762,8
S01007238,986,980,6
S01007239,1305,1300,5
S01007240,589,587,2
S01007241,1189,1183,6
S01007242,1091,1089,2
S01007243,1294,1290,4
S01007244,635,635,0
S01007245,762,755,7
S01007246,632,628,4
S01007247,1063,1061,2
S01007248,857,850,7
S01007249,602,583,19
S01007250,765,764,1
S01007251,654,645,9
S01007252,815,806,9
S01007253,748,740,8
S01007254,886,884,2
S01007255,1061,1056,5
S01007256,773,765,8
S01007257,837,820,17
S01007258,806,798,8
S01007259,966,957,9
S01007260,1193,1188,5
S01007261,1015,1008,7
S01007262,737,736,1
S01007263,1272,1262,10
S01007264,921,917,4
S01007265,1139,1136,3
S01007266,830,824,6
S01007267,581,579,2
S01007268,582,578,4
S01007269,653,650,3
S01007270,501,495,6
S01007271,1136,1132,4
S01007272,1163,1153,10
S01007273,667,667,0
S01007274,854,841,13
S01007275,782,769,13
S01007276,1129,1122,7
S01007277,991,989,2
S01007278,949,947,2
S01007279,660,658,2
S01007280,630,625,5
S01007281,1085,1078,7
S01007282,534,533,1
S01007283,888,882,6
S01007284,882,879,3
S01007285,1014,1010,4
S01007286,1347,1344,3
S01007287,553,551,2
S01007288,742,740,2
S01007289,1001,991,10
S01007290,411,406,5
S01007291,585,581,4
S01007292,758,751,7
S01007293,1250,1244,6
S01007294,1005,996,9
S01007295,658,654,4
S01007296,584,572,12
S01007297,927,918,9
S01007298,554,552,2
S01007299,953,943,10
S01007300,780,775,5
S01007301,865,861,4
S01007302,896,891,5
S01007303,1025,1001,24
S01007304,577,577,0
S01007305,961,957,4
S01007306,1026,1021,5
S01007307,965,954,11
S01007308,812,809,3
S01007309,760,756,4
S01007310,947,944,3
S01007311,958,945,13
S01007312,851,846,5
S01007313,875,870,5
S01007314,893,891,2
S01007315,771,770,1
S01007316,1106,1099,7
S01007317,1187,1179,8
S01007318,630,628,2
S01007319,834,833,1
S01007320,1025,1014,11
S01007321,633,628,5
S01007322,839,834,5
S01007323,579,577,2
S01007324,301,301,0
S01007325,758,757,1
S01007326,1069,1065,4
S01007327,958,951,7
S01007328,1126,1122,4
S01007329,658,655,3
S01007330,858,851,7
S01007331,935,931,4
S01007332,725,725,0
S01007333,1166,1164,2
S01007334,944,941,3
S01007335,1026,1023,3
S01007336,769,757,12
S01007337,671,666,5
S01007338,1189,1185,4
S01007339,865,860,5
S01007340,748,745,3
S01007341,806,804,2
S01007342,851,847,4
S01007343,768,764,4
S01007344,579,574,5
S01007345,597,589,8
S01007346,897,892,5
S01007347,1156,1148,8
S01007348,905,893,12
S01007349,688,675,13
S01007350,687,682,5
S01007351,673,672,1
S01007352,526,523,3
S01007353,687,683,4
S01007354,806,801,5
S01007355,1300,1295,5
S01007356,734,725,9
S01007357,822,813,9
S01007358,1539,1532,7
S01007359,950,942,8
S01007360,809,797,12
S01007361,1104,1101,3
S01007362,1025,1022,3
S01007363,1037,1035,2
S01007364,1095,1085,10
S01007365,466,462,4
S01007366,597,596,1
S01007367,647,642,5
S01007368,706,694,12
S01007369,1098,1092,6
S01007370,908,901,7
S01007371,893,885,8
S01007372,983,967,16
S01007373,593,592,1
S01007374,881,873,8
S01007375,506,505,1
S01007376,1093,1088,5
S01007377,690,686,4
S01007378,3013,2987,26
S01007379,893,890,3
S01007380,784,779,5
S01007381,514,511,3
S01007382,1041,1027,14
S01007383,784,774,10
S01007384,1088,1075,13
S01007385,1377,1359,18
S01007386,877,864,13
S01007387,947,926,21
S01007388,788,759,29
S01007389,966,960,6
S01007390,440,440,0
S01007391,671,666,5
S01007392,464,455,9
S01007393,1022,1003,19
S01007394,765,761,4
S01007395,1240,1222,18
S01007396,1112,1100,12
S01007397,983,963,20
S01007398,715,709,6
S01007399,731,728,3
S01007400,924,910,14
S01007401,782,758,24
S01007402,755,749,6
S01007403,801,798,3
S01007404,689,687,2
S01007405,513,509,4
S01007406,710,700,10
S01007407,804,793,11
S01007408,919,906,13
S01007409,727,723,4
S01007410,917,912,5
S01007411,872,872,0
S01007412,582,582,0
S01007413,805,805,0
S01007414,343,341,2
S01007415,944,940,4
S01007416,566,562,4
S01007417,249,248,1
S01007418,756,755,1
S01007419,999,973,26
S01007420,1485,1468,17
S01007421,615,611,4
S01007422,803,801,2
S01007423,377,376,1
S01007424,778,778,0
S01007425,1053,1043,10
S01007426,909,899,10
S01007427,809,809,0
S01007428,1121,1121,0
S01007429,1030,1022,8
S01007430,580,575,5
S01007431,719,719,0
S01007432,730,722,8
S01007433,960,956,4
S01007434,634,631,3
S01007435,860,854,6
S01007436,1062,1050,12
S01007437,562,557,5
S01007438,721,706,15
S01007439,976,967,9
S01007440,868,858,10
S01007441,676,675,1
S01007442,790,782,8
S01007443,1010,993,17
S01007444,1473,1445,28
S01007445,793,778,15
S01007446,758,743,15
S01007447,638,629,9
S01007448,1004,981,23
S01007449,1044,1026,18
S01007450,1333,1317,16
S01007451,723,713,10
S01007452,800,784,16
S01007453,116,116,0
S01007454,626,619,7
S01007455,933,931,2
S01007456,1079,1079,0
S01007457,692,688,4
S01007458,846,843,3
S01007459,920,915,5
S01007460,918,916,2
S01007461,969,964,5
S01007462,1006,1002,4
S01007463,1149,1141,8
S01007464,1145,1139,6
S01007465,847,840,7
S01007466,942,926,16
S01007467,1016,1010,6
S01007468,1215,1210,5
S01007469,731,729,2
S01007470,657,649,8
S01007471,539,532,7
S01007472,1153,1143,10
S01007473,485,482,3
S01007474,435,430,5
S01007475,503,498,5
S01007476,787,784,3
S01007477,786,775,11
S01007478,947,946,1
S01007479,462,457,5
S01007480,891,871,20
S01007481,993,989,4
S01007482,740,739,1
S01007483,1049,1047,2
S01007484,912,909,3
S01007485,909,904,5
S01007486,923,920,3
S01007487,1200,1195,5
S01007488,1039,1030,9
S01007489,926,924,2
S01007490,1273,1269,4
S01007491,767,763,4
S01007492,716,716,0
S01007493,977,976,1
S01007494,818,816,2
S01007495,721,719,2
S01007496,1080,1076,4
S01007497,637,637,0
S01007498,1127,1119,8
S01007499,870,867,3
S01007500,779,776,3
S01007501,685,684,1
S01007502,680,678,2
S01007503,1097,1094,3
S01007504,1147,1141,6
S01007505,460,460,0
S01007506,557,556,1
S01007507,1490,1484,6
S01007508,689,685,4
S01007509,736,736,0
S01007510,968,967,1
S01007511,1201,1201,0
S01007512,576,576,0
S01007513,1115,1112,3
S01007514,619,607,12
S01007515,638,631,7
S01007516,816,814,2
S01007517,555,554,1
S01007518,914,913,1
S01007519,605,603,2
S01007520,979,977,2
S01007521,731,729,2
S01007522,1149,1142,7
S01007523,511,510,1
S01007524,934,933,1
S01007525,565,563,2
S01007526,943,940,3
S01007527,1473,1469,4
S01007528,961,960,1
S01007529,827,822,5
S01007530,534,530,4
S01007531,793,786,7
S01007532,505,502,3
S01007533,799,799,0
S01007534,1369,1363,6
S01007535,913,906,7
S01007536,1066,1053,13
S01007537,1458,1452,6
S01007538,796,795,1
S01007539,869,868,1
S01007540,833,831,2
S01007541,1166,1161,5
S01007542,960,955,5
S01007543,1278,1272,6
S01007544,1440,1434,6
S01007545,1302,1299,3
S01007546,606,605,1
S01007547,546,544,2
S01007548,896,892,4
S01007549,783,782,1
S01007550,1284,1281,3
S01007551,1290,1287,3
S01007552,1044,1041,3
S01007553,1065,1065,0
S01007554,889,886,3
S01007555,782,777,5
S01007556,785,775,10
S01007557,1201,1200,1
S01007558,570,569,1
S01007559,796,795,1
S01007560,1052,1049,3
S01007561,1004,999,5
S01007562,783,778,5
S01007563,1084,1073,11
S01007564,1225,1209,16
S01007565,1002,999,3
S01007566,767,765,2
S01007567,547,544,3
S01007568,765,755,10
S01007569,960,952,8
S01007570,990,987,3
S01007571,549,545,4
S01007572,712,706,6
S01007573,169,168,1
S01007574,1380,1371,9
S01007575,879,877,2
S01007576,1113,1109,4
S01007577,919,916,3
S01007578,885,883,2
S01007579,538,537,1
S01007580,1011,999,12
S01007581,651,647,4
S01007582,875,871,4
S01007583,1241,1233,8
S01007584,857,842,15
S01007585,1041,1036,5
S01007586,1003,994,9
S01007587,814,806,8
S01007588,1052,1041,11
S01007589,1106,1084,22
S01007590,653,645,8
S01007591,883,873,10
S01007592,998,976,22
S01007593,1065,1051,14
S01007594,897,890,7
S01007595,956,956,0
S01007596,807,799,8
S01007597,646,643,3
S01007598,1068,1063,5
S01007599,636,602,34
S01007600,975,956,19
S01007601,673,671,2
S01007602,1050,1035,15
S01007603,973,959,14
S01007604,1099,1056,43
S01007605,1188,1181,7
S01007606,614,606,8
S01007607,1038,1021,17
S01007608,1094,1083,11
S01007609,909,902,7
S01007610,804,790,14
S01007611,1017,1004,13
S01007612,1001,961,40
S01007613,999,989,10
S01007614,807,798,9
S01007615,1280,1269,11
S01007616,907,900,7
S01007617,736,726,10
S01007618,866,858,8
S01007619,808,803,5
S01007620,853,845,8
S01007621,771,769,2
S01007622,860,851,9
S01007623,501,493,8
S01007624,777,772,5
S01007625,721,703,18
S01007626,496,495,1
S01007627,242,242,0
S01007628,859,858,1
S01007629,740,737,3
S01007630,833,826,7
S01007631,593,591,2
S01007632,1647,1639,8
S01007633,1513,1503,10
S01007634,666,665,1
S01007635,805,801,4
S01007636,1257,1250,7
S01007637,1420,1412,8
S01007638,1064,1062,2
S01007639,1007,1001,6
S01007640,582,579,3
S01007641,679,679,0
S01007642,1104,1099,5
S01007643,958,953,5
S01007644,888,885,3
S01007645,775,772,3
S01007646,672,660,12
S01007647,1083,1071,12
S01007648,1106,1090,16
S01007649,790,789,1
S01007650,1065,1063,2
S01007651,753,749,4
S01007652,797,795,2
S01007653,1129,1125,4
S01007654,1238,1236,2
S01007655,777,775,2
S01007656,968,963,5
S01007657,684,678,6
S01007658,662,661,1
S01007659,988,986,2
S01007660,1332,1323,9
S01007661,800,792,8
S01007662,994,986,8
S01007663,1109,1099,10
S01007664,576,574,2
S01007665,675,670,5
S01007666,313,313,0
S01007667,535,528,7
S01007668,1296,1288,8
S01007669,665,664,1
S01007670,1033,1023,10
S01007671,695,694,1
S01007672,1049,1041,8
S01007673,688,685,3
S01007674,1143,1141,2
S01007675,701,697,4
S01007676,531,531,0
S01007677,155,149,6
S01007678,783,779,4
S01007679,945,938,7
S01007680,977,970,7
S01007681,540,540,0
S01007682,1120,1015,105
S01007683,1224,1013,211
S01007684,1305,1260,45
S01007685,1246,1134,112
S01007686,1177,1099,78
S01007687,1018,956,62
S01007688,1140,1070,70
S01007689,662,590,72
S01007690,1335,1189,146
S01007691,2035,1796,239
S01007692,982,889,93
S01007693,735,669,66
S01007694,401,383,18
S01007695,994,944,50
S01007696,929,830,99
S01007697,1331,1263,68
S01007698,1247,1148,99
S01007699,820,733,87
S01007700,939,904,35
S01007701,444,426,18
S01007702,344,316,28
S01007703,1199,1127,72
S01007704,1367,1256,111
S01007705,795,738,57
S01007706,771,723,48
S01007707,267,252,15
S01007708,1144,1086,58
S01007709,817,771,46
S01007710,1107,1055,52
S01007711,1312,1208,104
S01007712,1056,982,74
S01007713,609,508,101
S01007714,673,650,23
S01007715,658,611,47
S01007716,1122,1080,42
S01007717,967,933,34
S01007718,985,957,28
S01007719,1493,1451,42
S01007720,1145,1095,50
S01007721,1119,1095,24
S01007722,969,947,22
S01007723,1067,978,89
S01007724,744,681,63
S01007725,1320,1238,82
S01007726,885,752,133
S01007727,771,713,58
S01007728,1058,949,109
S01007729,963,885,78
S01007730,891,871,20
S01007731,500,491,9
S01007732,623,586,37
S01007733,939,832,107
S01007734,865,834,31
S01007735,865,815,50
S01007736,898,772,126
S01007737,994,965,29
S01007738,1130,1104,26
S01007739,779,771,8
S01007740,730,702,28
S01007741,889,874,15
S01007742,742,735,7
S01007743,908,891,17
S01007744,795,794,1
S01007745,1013,1002,11
S01007746,963,960,3
S01007747,890,886,4
S01007748,709,698,11
S01007749,1013,892,121
S01007750,1084,976,108
S01007751,771,732,39
S01007752,1176,1136,40
S01007753,971,966,5
S01007754,1428,1396,32
S01007755,866,861,5
S01007756,939,934,5
S01007757,1368,1320,48
S01007758,1122,1099,23
S01007759,1271,1265,6
S01007760,1028,1026,2
S01007761,990,960,30
S01007762,825,818,7
S01007763,845,828,17
S01007764,1032,1009,23
S01007765,1014,996,18
S01007766,1167,1148,19
S01007767,1037,999,38
S01007768,797,773,24
S01007769,838,830,8
S01007770,844,834,10
S01007771,890,880,10
S01007772,1244,1234,10
S01007773,830,823,7
S01007774,165,149,16
S01007775,1032,996,36
S01007776,554,525,29
S01007777,391,379,12
S01007778,417,415,2
S01007779,863,859,4
S01007780,876,870,6
S01007781,802,796,6
S01007782,686,680,6
S01007783,841,831,10
S01007784,908,905,3
S01007785,488,484,4
S01007786,939,935,4
S01007787,789,785,4
S01007788,825,816,9
S01007789,654,647,7
S01007790,823,810,13
S01007791,247,244,3
S01007792,1070,1060,10
S01007793,1082,1075,7
S01007794,1231,1222,9
S01007795,915,911,4
S01007796,977,967,10
S01007797,831,813,18
S01007798,385,376,9
S01007799,225,223,2
S01007800,996,982,14
S01007801,1030,999,31
S01007802,716,666,50
S01007803,1152,1136,16
S01007804,769,745,24
S01007805,846,822,24
S01007806,1004,992,12
S01007807,993,981,12
S01007808,974,961,13
S01007809,1360,1324,36
S01007810,1035,1023,12
S01007811,947,943,4
S01007812,813,803,10
S01007813,1154,1139,15
S01007814,889,880,9
S01007815,1249,1228,21
S01007816,764,757,7
S01007817,921,920,1
S01007818,972,961,11
S01007819,809,806,3
S01007820,1080,1051,29
S01007821,868,862,6
S01007822,1031,1023,8
S01007823,872,855,17
S01007824,1236,1166,70
S01007825,1283,1234,49
S01007826,648,639,9
S01007827,740,725,15
S01007828,1273,1257,16
S01007829,801,772,29
S01007830,1120,1073,47
S01007831,935,912,23
S01007832,928,886,42
S01007833,1073,1063,10
S01007834,811,784,27
S01007835,831,816,15
S01007836,898,876,22
S01007837,1314,1267,47
S01007838,1285,1257,28
S01007839,845,839,6
S01007840,986,975,11
S01007841,968,950,18
S01007842,1231,1206,25
S01007843,1042,995,47
S01007844,1394,1362,32
S01007845,1003,993,10
S01007846,801,794,7
S01007847,1493,1484,9
S01007848,1113,1101,12
S01007849,1023,1019,4
S01007850,852,844,8
S01007851,1033,1024,9
S01007852,1282,1266,16
S01007853,838,817,21
S01007854,1207,1182,25
S01007855,757,738,19
S01007856,952,939,13
S01007857,483,482,1
S01007858,959,952,7
S01007859,612,596,16
S01007860,252,249,3
S01007861,1181,1175,6
S01007862,1137,1131,6
S01007863,933,922,11
S01007864,988,981,7
S01007865,651,637,14
S01007866,594,579,15
S01007867,529,518,11
S01007868,1401,1343,58
S01007869,1244,1181,63
S01007870,661,659,2
S01007871,1279,1274,5
S01007872,833,832,1
S01007873,777,776,1
S01007874,876,876,0
S01007875,764,760,4
S01007876,790,783,7
S01007877,912,912,0
S01007878,798,797,1
S01007879,1300,1293,7
S01007880,592,590,2
S01007881,644,644,0
S01007882,993,987,6
S01007883,920,915,5
S01007884,890,890,0
S01007885,1077,1071,6
S01007886,937,929,8
S01007887,705,700,5
S01007888,1172,1172,0
S01007889,1207,1201,6
S01007890,766,758,8
S01007891,845,839,6
S01007892,1179,1173,6
S01007893,1236,1231,5
S01007894,1084,1080,4
S01007895,798,797,1
S01007896,1163,1158,5
S01007897,757,754,3
S01007898,718,712,6
S01007899,558,550,8
S01007900,632,627,5
S01007901,798,795,3
S01007902,1116,1113,3
S01007903,840,840,0
S01007904,822,819,3
S01007905,867,861,6
S01007906,910,908,2
S01007907,894,894,0
S01007908,1186,1186,0
S01007909,533,533,0
S01007910,1245,1236,9
S01007911,944,941,3
S01007912,897,896,1
S01007913,1240,1238,2
S01007914,901,901,0
S01007915,928,927,1
S01007916,1171,1166,5
S01007917,1380,1380,0
S01007918,1171,1167,4
S01007919,708,693,15
S01007920,611,583,28
S01007921,1275,1264,11
S01007922,1425,1413,12
S01007923,747,745,2
S01007924,1203,1192,11
S01007925,612,612,0
S01007926,748,744,4
S01007927,578,575,3
S01007928,1264,1257,7
S01007929,988,987,1
S01007930,549,545,4
S01007931,1056,1045,11
S01007932,944,939,5
S01007933,1317,1313,4
S01007934,685,676,9
S01007935,1137,1127,10
S01007936,922,903,19
S01007937,1241,1240,1
S01007938,878,872,6
S01007939,1068,1066,2
S01007940,1681,1673,8
S01007941,674,669,5
S01007942,216,216,0
S01007943,1032,1028,4
S01007944,1039,1037,2
S01007945,1201,1198,3
S01007946,1053,1050,3
S01007947,1097,1096,1
S01007948,842,835,7
S01007949,1042,1037,5
S01007950,1057,1048,9
S01007951,937,933,4
S01007952,864,858,6
S01007953,1085,1085,0
S01007954,814,811,3
S01007955,1767,1759,8
S01007956,1027,1025,2
S01007957,1249,1243,6
S01007958,1120,1110,10
S01007959,1934,1924,10
S01007960,644,644,0
S01007961,1674,1670,4
S01007962,1077,1073,4
S01007963,1119,1113,6
S01007964,868,866,2
S01007965,823,818,5
S01007966,1023,1008,15
S01007967,902,901,1
S01007968,1117,1117,0
S01007969,869,865,4
S01007970,1115,1112,3
S01007971,1110,1102,8
S01007972,1208,1202,6
S01007973,1077,1074,3
S01007974,1060,1051,9
S01007975,730,727,3
S01007976,1026,1019,7
S01007977,558,558,0
S01007978,860,857,3
S01007979,805,799,6
S01007980,845,842,3
S01007981,843,838,5
S01007982,755,751,4
S01007983,1523,1520,3
S01007984,939,938,1
S01007985,950,947,3
S01007986,600,600,0
S01007987,1166,1164,2
S01007988,973,969,4
S01007989,828,812,16
S01007990,1231,1221,10
S01007991,699,676,23
S01007992,727,703,24
S01007993,1033,1029,4
S01007994,338,326,12
S01007995,794,785,9
S01007996,383,382,1
S01007997,798,781,17
S01007998,675,669,6
S01007999,889,887,2
S01008000,927,926,1
S01008001,958,954,4
S01008002,1138,1128,10
S01008003,730,710,20
S01008004,127,127,0
S01008005,130,128,2
S01008006,619,609,10
S01008007,684,677,7
S01008008,562,557,5
S01008009,815,807,8
S01008010,1112,1092,20
S01008011,761,752,9
S01008012,848,843,5
S01008013,746,745,1
S01008014,779,776,3
S01008015,846,842,4
S01008016,825,818,7
S01008017,969,951,18
S01008018,973,960,13
S01008019,1076,1074,2
S01008020,898,886,12
S01008021,691,689,2
S01008022,945,926,19
S01008023,1027,989,38
S01008024,170,170,0
S01008025,929,917,12
S01008026,1323,1321,2
S01008027,955,929,26
S01008028,358,348,10
S01008029,1164,1162,2
S01008030,1018,1011,7
S01008031,1088,1084,4
S01008032,1298,1292,6
S01008033,1280,1205,75
S01008034,1207,1153,54
S01008035,1073,1032,41
S01008036,705,704,1
S01008037,1519,1492,27
S01008038,1103,1094,9
S01008039,1068,1057,11
S01008040,814,792,22
S01008041,1000,982,18
S01008042,913,899,14
S01008043,1188,1188,0
S01008044,1211,1181,30
S01008045,1231,1178,53
S01008046,1254,1225,29
S01008047,729,719,10
S01008048,713,696,17
S01008049,1005,981,24
S01008050,680,635,45
S01008051,1285,1254,31
S01008052,855,819,36
S01008053,886,867,19
S01008054,807,776,31
S01008055,906,889,17
S01008056,1286,1219,67
S01008057,1337,1283,54
S01008058,962,844,118
S01008059,770,716,54
S01008060,2129,1963,166
S01008061,1062,1024,38
S01008062,1110,1066,44
S01008063,998,937,61
S01008064,1077,1023,54
S01008065,1312,1262,50
S01008066,1100,1070,30
S01008067,660,629,31
S01008068,1265,1199,66
S01008069,1222,1154,68
S01008070,1248,1224,24
S01008071,1035,999,36
S01008072,899,825,74
S01008073,478,426,52
S01008074,990,939,51
S01008075,620,567,53
S01008076,1032,954,78
S01008077,1094,1058,36
S01008078,835,784,51
S01008079,918,885,33
S01008080,817,780,37
S01008081,693,639,54
S01008082,1024,929,95
S01008083,895,788,107
S01008084,939,936,3
S01008085,1286,1264,22
S01008086,1229,1224,5
S01008087,1218,1135,83
S01008088,974,935,39
S01008089,1066,1024,42
S01008090,798,759,39
S01008091,597,588,9
S01008092,1087,1044,43
S01008093,891,875,16
S01008094,1008,978,30
S01008095,1055,1030,25
S01008096,829,824,5
S01008097,805,786,19
S01008098,784,775,9
S01008099,498,485,13
S01008100,1090,966,124
S01008101,1189,1154,35
S01008102,787,752,35
S01008103,682,672,10
S01008104,1165,1154,11
S01008105,1225,1173,52
S01008106,983,952,31
S01008107,576,551,25
S01008108,1059,984,75
S01008109,1027,986,41
S01008110,994,926,68
S01008111,974,950,24
S01008112,1061,998,63
S01008113,1020,978,42
S01008114,950,934,16
S01008115,1015,860,155
S01008116,1593,1542,51
S01008117,876,860,16
S01008118,1727,1702,25
S01008119,792,786,6
S01008120,717,710,7
S01008121,695,690,5
S01008122,1465,1420,45
S01008123,1069,1047,22
S01008124,1072,1050,22
S01008125,1249,1218,31
S01008126,1028,995,33
S01008127,532,522,10
S01008128,1181,1164,17
S01008129,949,919,30
S01008130,977,972,5
S01008131,762,758,4
S01008132,1112,1102,10
S01008133,787,787,0
S01008134,696,684,12
S01008135,1443,1421,22
S01008136,1462,1434,28
S01008137,1235,1223,12
S01008138,915,912,3
S01008139,1272,1261,11
S01008140,953,952,1
S01008141,1234,1216,18
S01008142,1092,1090,2
S01008143,1356,1349,7
S01008144,1210,1203,7
S01008145,1158,1149,9
S01008146,782,776,6
S01008147,961,961,0
S01008148,1023,1018,5
S01008149,956,952,4
S01008150,1338,1327,11
S01008151,1025,1018,7
S01008152,1214,1189,25
S01008153,869,860,9
S01008154,1067,1066,1
S01008155,927,927,0
S01008156,1097,1091,6
S01008157,1056,1050,6
S01008158,1113,1091,22
S01008159,1181,1178,3
S01008160,1038,1029,9
S01008161,1178,1154,24
S01008162,1405,1393,12
S01008163,923,919,4
S01008164,669,656,13
S01008165,268,268,0
S01008166,731,726,5
S01008167,1020,1018,2
S01008168,1105,1104,1
S01008169,773,769,4
S01008170,732,720,12
S01008171,949,942,7
S01008172,582,581,1
S01008173,791,784,7
S01008174,581,581,0
S01008175,780,777,3
S01008176,838,836,2
S01008177,846,845,1
S01008178,729,728,1
S01008179,420,410,10
S01008180,518,500,18
S01008181,637,631,6
S01008182,1196,1185,11
S01008183,1118,1112,6
S01008184,872,858,14
S01008185,1258,1244,14
S01008186,1035,1006,29
S01008187,676,660,16
S01008188,1470,1450,20
S01008189,1014,1009,5
S01008190,1087,1077,10
S01008191,862,861,1
S01008192,1207,1180,27
S01008193,943,936,7
S01008194,622,620,2
S01008195,1153,1140,13
S01008196,901,894,7
S01008197,281,280,1
S01008198,723,711,12
S01008199,861,853,8
S01008200,935,931,4
S01008201,1302,1294,8
S01008202,790,788,2
S01008203,548,535,13
S01008204,1031,1028,3
S01008205,845,843,2
S01008206,1088,1085,3
S01008207,771,764,7
S01008208,400,397,3
S01008209,194,190,4
S01008210,1417,1409,8
S01008211,993,990,3
S01008212,734,733,1
S01008213,831,822,9
S01008214,804,803,1
S01008215,1114,1106,8
S01008216,883,870,13
S01008217,700,693,7
S01008218,560,554,6
S01008219,1068,1057,11
S01008220,682,678,4
S01008221,848,841,7
S01008222,736,733,3
S01008223,593,593,0
S01008224,962,956,6
S01008225,852,844,8
S01008226,823,818,5
S01008227,947,945,2
S01008228,592,586,6
S01008229,843,842,1
S01008230,536,531,5
S01008231,96,96,0
S01008232,295,294,1
S01008233,373,373,0
S01008234,731,731,0
S01008235,937,934,3
S01008236,1105,1103,2
S01008237,921,919,2
S01008238,988,984,4
S01008239,607,607,0
S01008240,1449,1440,9
S01008241,1092,1085,7
S01008242,1278,1270,8
S01008243,810,808,2
S01008244,830,823,7
S01008245,1173,1169,4
S01008246,1344,1331,13
S01008247,865,858,7
S01008248,1228,1225,3
S01008249,809,807,2
S01008250,865,863,2
S01008251,881,874,7
S01008252,1107,1101,6
S01008253,792,784,8
S01008254,1351,1349,2
S01008255,1123,1108,15
S01008256,1145,1133,12
S01008257,845,839,6
S01008258,1190,1185,5
S01008259,1083,1069,14
S01008260,884,876,8
S01008261,1170,1156,14
S01008262,813,805,8
S01008263,470,465,5
S01008264,591,587,4
S01008265,645,643,2
S01008266,770,767,3
S01008267,648,641,7
S01008268,692,687,5
S01008269,950,942,8
S01008270,1071,1065,6
S01008271,741,737,4
S01008272,925,921,4
S01008273,988,988,0
S01008274,969,967,2
S01008275,771,769,2
S01008276,702,701,1
S01008277,693,688,5
S01008278,816,809,7
S01008279,762,761,1
S01008280,1264,1255,9
S01008281,860,855,5
S01008282,638,633,5
S01008283,470,470,0
S01008284,677,664,13
S01008285,759,748,11
S01008286,1390,1382,8
S01008287,1018,1008,10
S01008288,1008,989,19
S01008289,779,770,9
S01008290,964,959,5
S01008291,1188,1179,9
S01008292,647,647,0
S01008293,220,214,6
S01008294,385,385,0
S01008295,1193,1188,5
S01008296,713,713,0
S01008297,608,607,1
S01008298,1200,1189,11
S01008299,1078,1075,3
S01008300,911,908,3
S01008301,1140,1127,13
S01008302,844,834,10
S01008303,783,777,6
S01008304,542,527,15
S01008305,874,871,3
S01008306,679,679,0
S01008307,820,808,12
S01008308,642,634,8
S01008309,902,896,6
S01008310,993,990,3
S01008311,623,620,3
S01008312,604,599,5
S01008313,1055,1048,7
S01008314,885,874,11
S01008315,670,667,3
S01008316,918,910,8
S01008317,531,523,8
S01008318,1419,1404,15
S01008319,642,641,1
S01008320,731,729,2
S01008321,801,786,15
S01008322,1662,1647,15
S01008323,934,927,7
S01008324,650,645,5
S01008325,1212,1176,36
S01008326,1053,1039,14
S01008327,1141,1133,8
S01008328,918,869,49
S01008329,1157,985,172
S01008330,1168,972,196
S01008331,752,678,74
S01008332,1105,983,122
S01008333,1098,1036,62
S01008334,808,768,40
S01008335,892,844,48
S01008336,906,837,69
S01008337,545,533,12
S01008338,808,731,77
S01008339,590,549,41
S01008340,870,754,116
S01008341,666,617,49
S01008342,1125,1046,79
S01008343,1161,1093,68
S01008344,709,636,73
S01008345,1270,1169,101
S01008346,1062,1019,43
S01008347,1241,1190,51
S01008348,1007,963,44
S01008349,1112,1044,68
S01008350,821,806,15
S01008351,1127,1095,32
S01008352,894,864,30
S01008353,408,396,12
S01008354,895,849,46
S01008355,1165,1157,8
S01008356,911,902,9
S01008357,883,878,5
S01008358,916,907,9
S01008359,813,807,6
S01008360,1105,1094,11
S01008361,830,823,7
S01008362,1045,1004,41
S01008363,844,819,25
S01008364,815,793,22
S01008365,1045,1017,28
S01008366,999,990,9
S01008367,906,901,5
S01008368,829,821,8
S01008369,847,828,19
S01008370,663,656,7
S01008371,879,860,19
S01008372,890,869,21
S01008373,1181,1137,44
S01008374,865,852,13
S01008375,784,777,7
S01008376,579,571,8
S01008377,928,904,24
S01008378,978,951,27
S01008379,527,514,13
S01008380,662,654,8
S01008381,1080,1041,39
S01008382,923,897,26
S01008383,648,634,14
S01008384,970,960,10
S01008385,635,634,1
S01008386,994,986,8
S01008387,868,860,8
S01008388,628,619,9
S01008389,755,731,24
S01008390,754,729,25
S01008391,766,746,20
S01008392,924,898,26
S01008393,829,808,21
S01008394,1132,1091,41
S01008395,854,778,76
S01008396,906,797,109
S01008397,1052,1014,38
S01008398,959,917,42
S01008399,714,672,42
S01008400,1109,994,115
S01008401,1227,1124,103
S01008402,999,960,39
S01008403,952,912,40
S01008404,1148,1112,36
S01008405,960,933,27
S01008406,1202,1105,97
S01008407,539,485,54
S01008408,757,718,39
S01008409,1020,983,37
S01008410,815,633,182
S01008411,1123,1084,39
S01008412,658,580,78
S01008413,557,526,31
S01008414,684,636,48
S01008415,1027,906,121
S01008416,1184,1137,47
S01008417,748,745,3
S01008418,762,744,18
S01008419,521,515,6
S01008420,627,618,9
S01008421,796,781,15
S01008422,959,949,10
S01008423,998,981,17
S01008424,1195,1176,19
S01008425,2744,2428,316
S01008426,1213,1205,8
S01008427,1349,1312,37
S01008428,928,903,25
S01008429,926,913,13
S01008430,1164,1144,20
S01008431,1089,1076,13
S01008432,1167,1155,12
S01008433,916,901,15
S01008434,1175,1134,41
S01008435,1187,1147,40
S01008436,934,909,25
S01008437,1169,1145,24
S01008438,1021,1004,17
S01008439,1076,1060,16
S01008440,1176,1156,20
S01008441,856,841,15
S01008442,568,557,11
S01008443,631,618,13
S01008444,1109,1065,44
S01008445,1321,1200,121
S01008446,1696,1624,72
S01008447,704,687,17
S01008448,788,755,33
S01008449,637,602,35
S01008450,428,401,27
S01008451,1054,989,65
S01008452,813,747,66
S01008453,555,515,40
S01008454,1318,1254,64
S01008455,1242,1214,28
S01008456,1024,980,44
S01008457,966,936,30
S01008458,843,822,21
S01008459,805,751,54
S01008460,1135,1106,29
S01008461,943,910,33
S01008462,671,648,23
S01008463,928,893,35
S01008464,991,978,13
S01008465,1019,1010,9
S01008466,918,892,26
S01008467,879,855,24
S01008468,1016,965,51
S01008469,574,546,28
S01008470,992,976,16
S01008471,838,817,21
S01008472,707,671,36
S01008473,724,704,20
S01008474,861,843,18
S01008475,826,805,21
S01008476,769,753,16
S01008477,1151,1130,21
S01008478,963,907,56
S01008479,1142,1109,33
S01008480,467,458,9
S01008481,1338,1311,27
S01008482,1212,1183,29
S01008483,907,893,14
S01008484,980,965,15
S01008485,1166,1148,18
S01008486,900,852,48
S01008487,498,480,18
S01008488,775,748,27
S01008489,962,899,63
S01008490,1169,1129,40
S01008491,756,725,31
S01008492,531,516,15
S01008493,863,822,41
S01008494,796,745,51
S01008495,989,932,57
S01008496,1113,1052,61
S01008497,900,853,47
S01008498,753,714,39
S01008499,1006,956,50
S01008500,326,315,11
S01008501,569,546,23
S01008502,633,604,29
S01008503,876,847,29
S01008504,1403,1366,37
S01008505,1029,997,32
S01008506,1094,1045,49
S01008507,845,810,35
S01008508,1085,1040,45
S01008509,995,965,30
S01008510,849,839,10
S01008511,1015,971,44
S01008512,1073,1043,30
S01008513,1068,1000,68
S01008514,836,819,17
S01008515,1033,1012,21
S01008516,1633,1568,65
S01008517,963,921,42
S01008518,1197,1159,38
S01008519,1129,1113,16
S01008520,1245,1222,23
S01008521,880,869,11
S01008522,637,603,34
S01008523,294,282,12
S01008524,1212,1175,37
S01008525,971,946,25
S01008526,902,878,24
S01008527,784,772,12
S01008528,740,699,41
S01008529,874,866,8
S01008530,1087,1063,24
S01008531,1007,987,20
S01008532,702,693,9
S01008533,524,481,43
S01008534,920,856,64
S01008535,715,694,21
S01008536,726,703,23
S01008537,716,698,18
S01008538,655,644,11
S01008539,1148,1096,52
S01008540,1029,1012,17
S01008541,1053,1007,46
S01008542,1240,1172,68
S01008543,1082,1001,81
S01008544,680,657,23
S01008545,782,770,12
S01008546,909,889,20
S01008547,1194,1072,122
S01008548,1075,1023,52
S01008549,1260,1213,47
S01008550,1063,1001,62
S01008551,1014,970,44
S01008552,1163,1124,39
S01008553,805,783,22
S01008554,1022,997,25
S01008555,1023,992,31
S01008556,1193,1156,37
S01008557,895,862,33
S01008558,956,928,28
S01008559,819,815,4
S01008560,807,779,28
S01008561,971,940,31
S01008562,798,776,22
S01008563,1280,1242,38
S01008564,1046,1017,29
S01008565,1043,1013,30
S01008566,1046,1041,5
S01008567,705,687,18
S01008568,883,799,84
S01008569,782,738,44
S01008570,1045,1032,13
S01008571,907,886,21
S01008572,960,938,22
S01008573,922,801,121
S01008574,1035,952,83
S01008575,842,758,84
S01008576,1020,972,48
S01008577,1235,1200,35
S01008578,1010,982,28
S01008579,890,856,34
S01008580,884,797,87
S01008581,1113,1078,35
S01008582,1434,1383,51
S01008583,902,883,19
S01008584,1216,1176,40
S01008585,954,913,41
S01008586,936,910,26
S01008587,884,767,117
S01008588,1046,1010,36
S01008589,380,354,26
S01008590,565,518,47
S01008591,1007,939,68
S01008592,953,842,111
S01008593,893,827,66
S01008594,860,803,57
S01008595,1132,1064,68
S01008596,970,926,44
S01008597,1093,1049,44
S01008598,1138,1082,56
S01008599,970,902,68
S01008600,2999,2761,238
S01008601,2692,2497,195
S01008602,564,498,66
S01008603,1011,953,58
S01008604,995,948,47
S01008605,847,803,44
S01008606,1009,956,53
S01008607,614,599,15
S01008608,793,761,32
S01008609,1064,1046,18
S01008610,1185,1128,57
S01008611,1230,1147,83
S01008612,717,674,43
S01008613,1044,980,64
S01008614,914,843,71
S01008615,880,828,52
S01008616,900,824,76
S01008617,975,920,55
S01008618,748,701,47
S01008619,514,472,42
S01008620,788,688,100
S01008621,870,774,96
S01008622,962,836,126
S01008623,1101,1004,97
S01008624,750,736,14
S01008625,603,583,20
S01008626,1086,1061,25
S01008627,844,820,24
S01008628,716,684,32
S01008629,1025,985,40
S01008630,652,624,28
S01008631,879,856,23
S01008632,1461,1389,72
S01008633,1128,1087,41
S01008634,761,693,68
S01008635,797,738,59
S01008636,873,837,36
S01008637,705,686,19
S01008638,1296,1201,95
S01008639,1292,1185,107
S01008640,1240,1160,80
S01008641,1090,1019,71
S01008642,985,913,72
S01008643,1036,969,67
S01008644,623,557,66
S01008645,1014,916,98
S01008646,1239,1176,63
S01008647,668,628,40
S01008648,907,855,52
S01008649,1221,1150,71
S01008650,947,897,50
S01008651,837,793,44
S01008652,765,717,48
S01008653,711,656,55
S01008654,1137,1038,99
S01008655,687,608,79
S01008656,1034,929,105
S01008657,818,758,60
S01008658,1067,1003,64
S01008659,1169,1090,79
S01008660,1098,1018,80
S01008661,1023,966,57
S01008662,964,907,57
S01008663,1011,945,66
S01008664,959,898,61
S01008665,1093,1011,82
S01008666,819,760,59
S01008667,947,898,49
S01008668,1001,915,86
S01008669,635,593,42
S01008670,1155,1042,113
S01008671,1183,1083,100
S01008672,605,562,43
S01008673,801,698,103
S01008674,1048,942,106
S01008675,826,795,31
S01008676,908,864,44
S01008677,742,688,54
S01008678,1071,969,102
S01008679,1071,1006,65
S01008680,828,714,114
S01008681,964,898,66
S01008682,884,780,104
S01008683,1630,1451,179
S01008684,2943,2708,235
S01008685,773,744,29
S01008686,1068,1013,55
S01008687,832,802,30
S01008688,889,823,66
S01008689,1248,1196,52
S01008690,1017,968,49
S01008691,1237,1185,52
S01008692,1003,980,23
S01008693,606,602,4
S01008694,1299,1252,47
S01008695,984,933,51
S01008696,703,672,31
S01008697,871,843,28
S01008698,757,741,16
S01008699,1140,1111,29
S01008700,678,649,29
S01008701,417,402,15
S01008702,296,287,9
S01008703,757,719,38
S01008704,934,913,21
S01008705,391,386,5
S01008706,770,743,27
S01008707,1123,1117,6
S01008708,816,804,12
S01008709,1137,1112,25
S01008710,371,339,32
S01008711,763,742,21
S01008712,1174,1158,16
S01008713,703,689,14
S01008714,717,710,7
S01008715,818,813,5
S01008716,689,687,2
S01008717,560,515,45
S01008718,608,556,52
S01008719,1110,1002,108
S01008720,566,554,12
S01008721,854,821,33
S01008722,1076,1069,7
S01008723,767,760,7
S01008724,1002,992,10
S01008725,785,768,17
S01008726,1156,1153,3
S01008727,1249,1232,17
S01008728,532,519,13
S01008729,828,798,30
S01008730,1051,1014,37
S01008731,558,548,10
S01008732,816,799,17
S01008733,851,841,10
S01008734,850,839,11
S01008735,1178,1129,49
S01008736,710,673,37
S01008737,775,755,20
S01008738,916,886,30
S01008739,634,627,7
S01008740,833,781,52
S01008741,1192,1159,33
S01008742,763,740,23
S01008743,1121,1096,25
S01008744,1060,1049,11
S01008745,539,516,23
S01008746,1135,1074,61
S01008747,593,584,9
S01008748,1076,1019,57
S01008749,1185,1125,60
S01008750,797,788,9
S01008751,1135,1125,10
S01008752,1020,1006,14
S01008753,711,700,11
S01008754,732,717,15
S01008755,852,832,20
S01008756,827,814,13
S01008757,714,695,19
S01008758,1013,984,29
S01008759,716,693,23
S01008760,1360,1298,62
S01008761,589,573,16
S01008762,584,575,9
S01008763,901,878,23
S01008764,713,676,37
S01008765,1301,1274,27
S01008766,1435,1415,20
S01008767,891,889,2
S01008768,656,644,12
S01008769,217,209,8
S01008770,76,75,1
S01008771,76,75,1
S01008772,1095,1072,23
S01008773,927,909,18
S01008774,845,828,17
S01008775,586,564,22
S01008776,1272,1207,65
S01008777,914,884,30
S01008778,597,570,27
S01008779,411,399,12
S01008780,352,341,11
S01008781,320,300,20
S01008782,510,477,33
S01008783,325,322,3
S01008784,554,538,16
S01008785,846,807,39
S01008786,873,831,42
S01008787,562,544,18
S01008788,405,388,17
S01008789,641,600,41
S01008790,679,641,38
S01008791,392,347,45
S01008792,994,951,43
S01008793,859,807,52
S01008794,832,803,29
S01008795,1016,973,43
S01008796,1014,933,81
S01008797,941,905,36
S01008798,950,936,14
S01008799,237,235,2
S01008800,818,799,19
S01008801,848,810,38
S01008802,1072,1031,41
S01008803,1101,1035,66
S01008804,732,693,39
S01008805,619,552,67
S01008806,738,689,49
S01008807,1013,960,53
S01008808,732,686,46
S01008809,849,810,39
S01008810,1034,988,46
S01008811,780,728,52
S01008812,896,796,100
S01008813,808,737,71
S01008814,1197,1075,122
S01008815,1102,1029,73
S01008816,243,231,12
S01008817,664,628,36
S01008818,991,940,51
S01008819,1027,991,36
S01008820,1204,1113,91
S01008821,826,723,103
S01008822,851,824,27
S01008823,949,920,29
S01008824,1239,1215,24
S01008825,638,635,3
S01008826,689,678,11
S01008827,1050,1019,31
S01008828,973,951,22
S01008829,1093,1070,23
S01008830,1299,1285,14
S01008831,1056,1052,4
S01008832,607,565,42
S01008833,1063,1049,14
S01008834,1269,1204,65
S01008835,1075,1050,25
S01008836,536,514,22
S01008837,953,926,27
S01008838,968,921,47
S01008839,1137,1095,42
S01008840,1037,993,44
S01008841,441,417,24
S01008842,201,176,25
S01008843,721,647,74
S01008844,439,404,35
S01008845,688,608,80
S01008846,842,797,45
S01008847,701,675,26
S01008848,871,825,46
S01008849,990,941,49
S01008850,1327,1292,35
S01008851,1201,1169,32
S01008852,1194,1136,58
S01008853,557,539,18
S01008854,1030,992,38
S01008855,984,942,42
S01008856,658,621,37
S01008857,1029,998,31
S01008858,1058,1036,22
S01008859,909,887,22
S01008860,1317,1269,48
S01008861,1026,1005,21
S01008862,1095,1067,28
S01008863,823,797,26
S01008864,1496,1360,136
S01008865,1079,1026,53
S01008866,1009,965,44
S01008867,925,892,33
S01008868,1065,1002,63
S01008869,1166,1132,34
S01008870,1119,1075,44
S01008871,1298,1258,40
S01008872,1057,984,73
S01008873,802,794,8
S01008874,848,809,39
S01008875,1095,1065,30
S01008876,766,761,5
S01008877,766,755,11
S01008878,1249,1228,21
S01008879,872,857,15
S01008880,722,713,9
S01008881,642,619,23
S01008882,1316,1298,18
S01008883,1199,1186,13
S01008884,842,811,31
S01008885,968,934,34
S01008886,1146,1071,75
S01008887,783,748,35
S01008888,1033,918,115
S01008889,549,514,35
S01008890,835,787,48
S01008891,792,756,36
S01008892,1161,1139,22
S01008893,1107,1050,57
S01008894,1011,992,19
S01008895,776,757,19
S01008896,708,667,41
S01008897,902,841,61
S01008898,1018,983,35
S01008899,866,846,20
S01008900,907,894,13
S01008901,1038,1027,11
S01008902,991,971,20
S01008903,1141,1129,12
S01008904,1079,981,98
S01008905,1231,1202,29
S01008906,678,616,62
S01008907,779,760,19
S01008908,938,897,41
S01008909,1179,1166,13
S01008910,763,748,15
S01008911,344,337,7
S01008912,902,861,41
S01008913,532,524,8
S01008914,1185,1168,17
S01008915,630,619,11
S01008916,1339,1321,18
S01008917,653,638,15
S01008918,632,616,16
S01008919,564,542,22
S01008920,225,219,6
S01008921,1007,984,23
S01008922,1304,1285,19
S01008923,943,933,10
S01008924,994,965,29
S01008925,836,788,48
S01008926,368,358,10
S01008927,71,71,0
S01008928,448,442,6
S01008929,1535,1494,41
S01008930,1244,1221,23
S01008931,864,834,30
S01008932,436,422,14
S01008933,660,595,65
S01008934,526,518,8
S01008935,1062,991,71
S01008936,661,653,8
S01008937,721,689,32
S01008938,1007,987,20
S01008939,841,825,16
S01008940,758,753,5
S01008941,824,808,16
S01008942,1248,1223,25
S01008943,813,788,25
S01008944,991,958,33
S01008945,1147,1104,43
S01008946,746,695,51
S01008947,1166,1071,95
S01008948,1070,1025,45
S01008949,1337,1280,57
S01008950,1000,961,39
S01008951,1117,1102,15
S01008952,1606,1573,33
S01008953,1180,1161,19
S01008954,972,950,22
S01008955,888,841,47
S01008956,1374,1319,55
S01008957,1177,1116,61
S01008958,744,711,33
S01008959,1051,1020,31
S01008960,424,410,14
S01008961,1030,988,42
S01008962,744,725,19
S01008963,932,920,12
S01008964,773,740,33
S01008965,762,745,17
S01008966,934,895,39
S01008967,1134,1116,18
S01008968,1412,1347,65
S01008969,1050,1030,20
S01008970,1125,1116,9
S01008971,715,704,11
S01008972,1533,1510,23
S01008973,746,732,14
S01008974,865,836,29
S01008975,864,858,6
S01008976,715,713,2
S01008977,839,838,1
S01008978,724,698,26
S01008979,831,798,33
S01008980,792,767,25
S01008981,829,826,3
S01008982,928,916,12
S01008983,886,864,22
S01008984,519,516,3
S01008985,826,818,8
S01008986,956,935,21
S01008987,1062,1054,8
S01008988,871,854,17
S01008989,1059,1038,21
S01008990,1218,1191,27
S01008991,1251,1163,88
S01008992,447,433,14
S01008993,1081,1061,20
S01008994,1002,992,10
S01008995,1074,1053,21
S01008996,783,766,17
S01008997,902,893,9
S01008998,959,952,7
S01008999,1015,1005,10
S01009000,1163,1152,11
S01009001,744,733,11
S01009002,789,783,6
S01009003,920,903,17
S01009004,894,879,15
S01009005,972,952,20
S01009006,1413,1392,21
S01009007,927,921,6
S01009008,983,972,11
S01009009,579,567,12
S01009010,1421,1401,20
S01009011,1338,1313,25
S01009012,993,979,14
S01009013,1155,1135,20
S01009014,804,804,0
S01009015,540,540,0
S01009016,560,558,2
S01009017,725,720,5
S01009018,777,769,8
S01009019,935,928,7
S01009020,951,942,9
S01009021,736,734,2
S01009022,921,918,3
S01009023,958,958,0
S01009024,1238,1230,8
S01009025,965,957,8
S01009026,1100,1097,3
S01009027,834,833,1
S01009028,596,594,2
S01009029,768,765,3
S01009030,994,986,8
S01009031,798,794,4
S01009032,631,630,1
S01009033,816,809,7
S01009034,644,644,0
S01009035,867,866,1
S01009036,871,869,2
S01009037,683,683,0
S01009038,928,920,8
S01009039,1103,1095,8
S01009040,919,908,11
S01009041,1031,1009,22
S01009042,881,875,6
S01009043,1270,1250,20
S01009044,1127,1110,17
S01009045,1105,1083,22
S01009046,782,778,4
S01009047,691,687,4
S01009048,745,742,3
S01009049,706,698,8
S01009050,860,857,3
S01009051,878,871,7
S01009052,907,896,11
S01009053,602,590,12
S01009054,713,703,10
S01009055,735,732,3
S01009056,604,586,18
S01009057,733,716,17
S01009058,895,887,8
S01009059,500,483,17
S01009060,456,447,9
S01009061,1021,1008,13
S01009062,990,985,5
S01009063,704,703,1
S01009064,728,726,2
S01009065,1225,1213,12
S01009066,774,763,11
S01009067,480,472,8
S01009068,935,930,5
S01009069,920,912,8
S01009070,1014,980,34
S01009071,558,554,4
S01009072,344,343,1
S01009073,887,873,14
S01009074,1097,1083,14
S01009075,709,708,1
S01009076,1217,1209,8
S01009077,796,781,15
S01009078,386,378,8
S01009079,1207,1202,5
S01009080,1560,1560,0
S01009081,1060,1055,5
S01009082,1149,1138,11
S01009083,722,722,0
S01009084,1030,1018,12
S01009085,277,274,3
S01009086,709,698,11
S01009087,704,685,19
S01009088,1374,1366,8
S01009089,463,451,12
S01009090,154,154,0
S01009091,211,206,5
S01009092,991,986,5
S01009093,944,939,5
S01009094,923,920,3
S01009095,1548,1538,10
S01009096,467,464,3
S01009097,909,905,4
S01009098,578,578,0
S01009099,905,904,1
S01009100,1253,1248,5
S01009101,1088,1081,7
S01009102,1158,1151,7
S01009103,694,693,1
S01009104,839,832,7
S01009105,683,681,2
S01009106,851,848,3
S01009107,965,954,11
S01009108,951,942,9
S01009109,1109,1099,10
S01009110,881,877,4
S01009111,1140,1125,15
S01009112,620,609,11
S01009113,665,649,16
S01009114,791,781,10
S01009115,877,860,17
S01009116,900,893,7
S01009117,705,698,7
S01009118,661,639,22
S01009119,972,969,3
S01009120,746,728,18
S01009121,1056,1049,7
S01009122,977,974,3
S01009123,340,339,1
S01009124,561,558,3
S01009125,822,816,6
S01009126,742,740,2
S01009127,595,589,6
S01009128,1011,1010,1
S01009129,683,671,12
S01009130,430,428,2
S01009131,878,866,12
S01009132,939,912,27
S01009133,762,758,4
S01009134,1024,1016,8
S01009135,619,612,7
S01009136,328,327,1
S01009137,302,292,10
S01009138,995,983,12
S01009139,675,664,11
S01009140,673,668,5
S01009141,586,583,3
S01009142,674,671,3
S01009143,553,546,7
S01009144,691,683,8
S01009145,1193,1184,9
S01009146,1059,1053,6
S01009147,995,988,7
S01009148,799,798,1
S01009149,563,557,6
S01009150,724,721,3
S01009151,679,666,13
S01009152,805,791,14
S01009153,735,697,38
S01009154,818,816,2
S01009155,623,609,14
S01009156,924,914,10
S01009157,981,974,7
S01009158,890,883,7
S01009159,687,681,6
S01009160,610,606,4
S01009161,887,882,5
S01009162,712,703,9
S01009163,521,519,2
S01009164,1057,1057,0
S01009165,739,720,19
S01009166,962,951,11
S01009167,857,853,4
S01009168,1007,1005,2
S01009169,920,916,4
S01009170,710,709,1
S01009171,845,831,14
S01009172,721,716,5
S01009173,883,867,16
S01009174,88,88,0
S01009175,987,973,14
S01009176,883,879,4
S01009177,895,855,40
S01009178,883,844,39
S01009179,986,980,6
S01009180,1017,1014,3
S01009181,1216,1207,9
S01009182,1186,1178,8
S01009183,1124,1119,5
S01009184,1230,1220,10
S01009185,1118,1112,6
S01009186,893,888,5
S01009187,840,832,8
S01009188,1105,1099,6
S01009189,1127,1121,6
S01009190,826,816,10
S01009191,189,189,0
S01009192,948,935,13
S01009193,380,364,16
S01009194,960,944,16
S01009195,923,916,7
S01009196,754,747,7
S01009197,963,959,4
S01009198,876,874,2
S01009199,736,732,4
S01009200,951,943,8
S01009201,779,758,21
S01009202,606,579,27
S01009203,666,652,14
S01009204,1065,1043,22
S01009205,1291,1268,23
S01009206,1138,1131,7
S01009207,968,963,5
S01009208,722,721,1
S01009209,1143,1136,7
S01009210,907,896,11
S01009211,785,771,14
S01009212,947,938,9
S01009213,790,771,19
S01009214,1253,1239,14
S01009215,1155,1139,16
S01009216,1138,1122,16
S01009217,796,779,17
S01009218,1216,1199,17
S01009219,679,678,1
S01009220,629,622,7
S01009221,599,593,6
S01009222,710,705,5
S01009223,510,510,0
S01009224,975,971,4
S01009225,812,809,3
S01009226,1198,1194,4
S01009227,686,681,5
S01009228,797,790,7
S01009229,918,912,6
S01009230,898,896,2
S01009231,1022,1015,7
S01009232,700,690,10
S01009233,819,815,4
S01009234,1049,1039,10
S01009235,847,838,9
S01009236,712,706,6
S01009237,722,720,2
S01009238,1092,1085,7
S01009239,913,903,10
S01009240,701,689,12
S01009241,1013,997,16
S01009242,986,976,10
S01009243,1298,1254,44
S01009244,876,872,4
S01009245,892,883,9
S01009246,1058,1048,10
S01009247,1246,1242,4
S01009248,799,797,2
S01009249,1133,1109,24
S01009250,793,786,7
S01009251,627,625,2
S01009252,477,472,5
S01009253,741,736,5
S01009254,1026,1016,10
S01009255,649,642,7
S01009256,627,623,4
S01009257,575,573,2
S01009258,792,790,2
S01009259,787,778,9
S01009260,1175,1172,3
S01009261,840,834,6
S01009262,814,805,9
S01009263,431,428,3
S01009264,818,805,13
S01009265,755,744,11
S01009266,1051,1047,4
S01009267,822,808,14
S01009268,724,724,0
S01009269,1180,1180,0
S01009270,764,757,7
S01009271,916,907,9
S01009272,949,949,0
S01009273,939,938,1
S01009274,987,973,14
S01009275,694,689,5
S01009276,1062,1051,11
S01009277,746,742,4
S01009278,389,389,0
S01009279,591,590,1
S01009280,939,936,3
S01009281,899,894,5
S01009282,948,940,8
S01009283,602,597,5
S01009284,805,794,11
S01009285,961,946,15
S01009286,972,959,13
S01009287,888,874,14
S01009288,869,849,20
S01009289,929,925,4
S01009290,673,667,6
S01009291,1204,1201,3
S01009292,531,530,1
S01009293,661,646,15
S01009294,654,642,12
S01009295,830,817,13
S01009296,953,930,23
S01009297,1004,995,9
S01009298,1208,1197,11
S01009299,1008,992,16
S01009300,615,609,6
S01009301,1093,1081,12
S01009302,970,943,27
S01009303,835,818,17
S01009304,1306,1284,22
S01009305,974,962,12
S01009306,1121,1101,20
S01009307,1216,1187,29
S01009308,809,778,31
S01009309,604,592,12
S01009310,956,931,25
S01009311,1033,1029,4
S01009312,1002,1001,1
S01009313,683,680,3
S01009314,988,981,7
S01009315,697,690,7
S01009316,917,914,3
S01009317,1030,1027,3
S01009318,1052,1027,25
S01009319,1006,1003,3
S01009320,881,861,20
S01009321,558,558,0
S01009322,710,708,2
S01009323,968,968,0
S01009324,652,650,2
S01009325,546,542,4
S01009326,371,368,3
S01009327,675,669,6
S01009328,102,98,4
S01009330,157,156,1
S01009331,250,245,5
S01009332,862,845,17
S01009333,998,988,10
S01009334,647,645,2
S01009335,865,857,8
S01009336,616,612,4
S01009337,986,975,11
S01009338,778,748,30
S01009339,1011,988,23
S01009340,1066,1060,6
S01009341,1072,1068,4
S01009342,954,951,3
S01009343,596,586,10
S01009344,785,783,2
S01009345,1287,1270,17
S01009346,164,160,4
S01009347,293,289,4
S01009348,239,235,4
S01009349,126,120,6
S01009350,186,186,0
S01009351,75,75,0
S01009352,76,76,0
S01009353,397,392,5
S01009354,290,280,10
S01009355,1010,1006,4
S01009356,1059,1029,30
S01009357,482,468,14
S01009358,334,322,12
S01009359,255,249,6
S01009360,821,800,21
S01009361,891,872,19
S01009362,1239,1224,15
S01009363,1044,1030,14
S01009364,854,852,2
S01009365,733,723,10
S01009366,925,915,10
S01009367,801,796,5
S01009368,834,828,6
S01009369,1057,1049,8
S01009370,928,917,11
S01009371,551,548,3
S01009372,653,649,4
S01009373,976,972,4
S01009374,922,918,4
S01009375,777,772,5
S01009376,920,911,9
S01009377,846,835,11
S01009378,1092,1075,17
S01009379,221,218,3
S01009380,709,698,11
S01009381,692,691,1
S01009382,1322,1302,20
S01009383,987,974,13
S01009384,579,565,14
S01009385,758,745,13
S01009386,1126,1122,4
S01009387,986,971,15
S01009388,1220,1208,12
S01009389,960,936,24
S01009390,783,759,24
S01009391,828,814,14
S01009392,521,508,13
S01009393,831,824,7
S01009394,809,796,13
S01009395,1133,1093,40
S01009396,779,750,29
S01009397,741,718,23
S01009398,1223,1199,24
S01009399,1128,1109,19
S01009400,1002,992,10
S01009401,1060,1054,6
S01009402,846,836,10
S01009403,844,825,19
S01009404,718,713,5
S01009405,752,752,0
S01009406,1015,1012,3
S01009407,492,483,9
S01009408,494,483,11
S01009409,911,902,9
S01009410,909,894,15
S01009411,1440,1427,13
S01009412,922,919,3
S01009413,1302,1294,8
S01009414,835,829,6
S01009415,1130,1119,11
S01009416,665,655,10
S01009417,400,394,6
S01009418,1196,1195,1
S01009419,1026,1024,2
S01009420,829,829,0
S01009421,709,708,1
S01009422,1156,1152,4
S01009423,264,263,1
S01009424,745,738,7
S01009425,853,842,11
S01009426,1053,1049,4
S01009427,622,613,9
S01009428,624,621,3
S01009429,924,923,1
S01009430,728,726,2
S01009431,998,995,3
S01009432,1159,1153,6
S01009433,924,916,8
S01009434,575,572,3
S01009435,1072,1066,6
S01009436,615,613,2
S01009437,915,912,3
S01009438,1120,1107,13
S01009439,1192,1178,14
S01009440,944,919,25
S01009441,940,921,19
S01009442,704,691,13
S01009443,913,903,10
S01009444,801,782,19
S01009445,1036,1033,3
S01009446,1011,993,18
S01009447,786,781,5
S01009448,655,647,8
S01009449,707,705,2
S01009450,697,696,1
S01009451,1274,1271,3
S01009452,861,857,4
S01009453,1010,1003,7
S01009454,1157,1150,7
S01009455,1419,1412,7
S01009456,881,878,3
S01009457,798,780,18
S01009458,638,635,3
S01009459,1002,994,8
S01009460,793,787,6
S01009461,181,180,1
S01009462,682,680,2
S01009463,1118,1114,4
S01009464,897,892,5
S01009465,648,640,8
S01009466,840,837,3
S01009467,849,840,9
S01009468,725,723,2
S01009469,815,805,10
S01009470,854,845,9
S01009471,797,785,12
S01009472,1175,1153,22
S01009473,776,753,23
S01009474,810,790,20
S01009475,203,202,1
S01009476,435,434,1
S01009477,1095,1068,27
S01009478,920,906,14
S01009479,887,859,28
S01009480,1061,1049,12
S01009481,865,830,35
S01009482,684,644,40
S01009483,743,704,39
S01009484,1269,1254,15
S01009485,790,782,8
S01009486,771,762,9
S01009487,1226,1215,11
S01009488,978,956,22
S01009489,867,863,4
S01009490,895,882,13
S01009491,637,636,1
S01009492,943,939,4
S01009493,1250,1225,25
S01009494,1255,1203,52
S01009495,941,908,33
S01009496,849,841,8
S01009497,1101,1063,38
S01009498,662,638,24
S01009499,834,822,12
S01009500,869,866,3
S01009501,836,833,3
S01009502,1078,1077,1
S01009503,1068,1063,5
S01009504,888,878,10
S01009505,920,905,15
S01009506,1215,1206,9
S01009507,789,765,24
S01009508,1181,1169,12
S01009509,1056,1049,7
S01009510,888,878,10
S01009511,1020,1002,18
S01009512,1089,1060,29
S01009513,863,854,9
S01009514,960,945,15
S01009515,869,866,3
S01009516,1194,1167,27
S01009517,81,81,0
S01009518,285,284,1
S01009519,777,744,33
S01009520,990,973,17
S01009521,907,902,5
S01009522,1028,1016,12
S01009523,893,860,33
S01009524,782,748,34
S01009525,595,583,12
S01009526,407,399,8
S01009527,774,762,12
S01009528,739,732,7
S01009529,1164,1162,2
S01009530,897,890,7
S01009531,1094,1082,12
S01009532,1059,1052,7
S01009533,876,866,10
S01009534,751,733,18
S01009535,899,895,4
S01009536,567,552,15
S01009537,604,595,9
S01009538,1064,1054,10
S01009539,1091,1077,14
S01009540,1080,1075,5
S01009541,1143,1132,11
S01009542,879,870,9
S01009543,849,846,3
S01009544,932,924,8
S01009545,800,793,7
S01009546,750,739,11
S01009547,828,814,14
S01009548,1015,1006,9
S01009549,1066,1064,2
S01009550,669,662,7
S01009551,728,718,10
S01009552,1345,1325,20
S01009553,1126,1117,9
S01009554,863,847,16
S01009555,939,913,26
S01009556,1075,1054,21
S01009557,1019,1004,15
S01009558,752,745,7
S01009559,1303,1290,13
S01009560,861,840,21
S01009561,783,780,3
S01009562,1169,1155,14
S01009563,937,927,10
S01009564,719,714,5
S01009565,640,637,3
S01009566,1098,1069,29
S01009567,1076,1065,11
S01009568,939,920,19
S01009569,1080,1066,14
S01009570,639,631,8
S01009571,794,783,11
S01009572,1083,1061,22
S01009573,754,746,8
S01009574,1058,1050,8
S01009575,878,873,5
S01009576,670,635,35
S01009577,921,882,39
S01009578,1130,1116,14
S01009579,321,315,6
S01009580,626,602,24
S01009581,810,806,4
S01009582,578,574,4
S01009583,853,852,1
S01009584,353,344,9
S01009585,1320,1305,15
S01009586,1145,1140,5
S01009587,979,969,10
S01009588,1133,1127,6
S01009589,1184,1170,14
S01009590,584,574,10
S01009591,886,865,21
S01009592,840,816,24
S01009593,634,613,21
S01009594,670,662,8
S01009595,405,393,12
S01009596,1125,1113,12
S01009597,1193,1166,27
S01009598,778,770,8
S01009599,1306,1291,15
S01009600,1053,1037,16
S01009601,938,923,15
S01009602,713,701,12
S01009603,833,820,13
S01009604,834,823,11
S01009605,1020,999,21
S01009606,280,280,0
S01009607,506,483,23
S01009608,610,605,5
S01009609,1009,1000,9
S01009610,1056,1054,2
S01009611,478,478,0
S01009612,569,567,2
S01009613,523,504,19
S01009614,631,631,0
S01009615,629,629,0
S01009616,1221,1210,11
S01009617,766,759,7
S01009618,1013,1001,12
S01009619,776,769,7
S01009620,975,967,8
S01009621,975,969,6
S01009622,953,948,5
S01009623,843,839,4
S01009624,1008,999,9
S01009625,1295,1286,9
S01009626,842,839,3
S01009627,978,973,5
S01009628,645,643,2
S01009629,1228,1225,3
S01009630,851,846,5
S01009631,814,790,24
S01009632,742,724,18
S01009633,747,739,8
S01009634,781,781,0
S01009635,1315,1304,11
S01009636,974,958,16
S01009637,870,839,31
S01009638,719,709,10
S01009639,1010,991,19
S01009640,749,745,4
S01009641,843,835,8
S01009642,1036,1023,13
S01009643,215,215,0
S01009644,603,603,0
S01009645,920,917,3
S01009646,773,769,4
S01009647,659,657,2
S01009648,1197,1195,2
S01009649,1079,1077,2
S01009650,787,779,8
S01009651,968,967,1
S01009652,1132,1130,2
S01009653,842,840,2
S01009654,596,596,0
S01009655,1044,1041,3
S01009656,875,875,0
S01009657,935,921,14
S01009658,1024,1021,3
S01009659,705,692,13
S01009660,941,924,17
S01009661,899,899,0
S01009662,849,845,4
S01009663,773,770,3
S01009664,1062,1058,4
S01009665,1230,1226,4
S01009666,1191,1185,6
S01009667,409,406,3
S01009668,458,458,0
S01009669,594,591,3
S01009670,875,864,11
S01009671,820,812,8
S01009672,1206,1200,6
S01009673,861,854,7
S01009674,1088,1085,3
S01009675,960,955,5
S01009676,1463,1457,6
S01009677,683,680,3
S01009678,604,599,5
S01009679,1014,1007,7
S01009680,1054,1043,11
S01009681,946,935,11
S01009682,753,751,2
S01009683,895,881,14
S01009684,930,916,14
S01009685,1209,1202,7
S01009686,1098,1090,8
S01009687,1047,1045,2
S01009688,1251,1244,7
S01009689,550,549,1
S01009690,769,762,7
S01009691,606,585,21
S01009692,1183,1161,22
S01009693,815,812,3
S01009694,1161,1154,7
S01009695,1044,1032,12
S01009696,1057,1048,9
S01009697,801,791,10
S01009698,687,680,7
S01009699,733,733,0
S01009700,699,698,1
S01009701,944,940,4
S01009702,608,604,4
S01009703,991,982,9
S01009704,1297,1281,16
S01009705,785,783,2
S01009706,885,879,6
S01009707,642,631,11
S01009708,696,695,1
S01009709,865,861,4
S01009710,483,476,7
S01009711,998,995,3
S01009712,676,670,6
S01009713,904,901,3
S01009714,898,894,4
S01009715,819,811,8
S01009716,1255,1224,31
S01009717,1184,1137,47
S01009718,952,937,15
S01009719,1024,999,25
S01009720,861,857,4
S01009721,842,789,53
S01009722,1117,1064,53
S01009723,796,772,24
S01009724,1083,1062,21
S01009725,942,914,28
S01009726,906,873,33
S01009727,1049,1024,25
S01009728,827,816,11
S01009729,1039,1024,15
S01009730,1011,993,18
S01009731,906,875,31
S01009732,1450,1365,85
S01009733,1067,1029,38
S01009734,1809,1766,43
S01009735,823,814,9
S01009736,1641,1555,86
S01009737,781,777,4
S01009738,524,516,8
S01009739,470,469,1
S01009740,755,753,2
S01009741,963,950,13
S01009742,492,487,5
S01009743,1203,1196,7
S01009744,721,712,9
S01009745,881,870,11
S01009746,795,789,6
S01009747,947,918,29
S01009748,792,785,7
S01009749,980,969,11
S01009750,739,722,17
S01009751,1056,1049,7
S01009752,835,834,1
S01009753,736,721,15
S01009754,1430,1411,19
S01009755,691,673,18
S01009756,862,850,12
S01009757,773,760,13
S01009758,1130,1076,54
S01009759,1211,1193,18
S01009760,1052,1038,14
S01009761,1003,958,45
S01009762,976,971,5
S01009763,451,434,17
S01009764,952,903,49
S01009765,1031,973,58
S01009766,996,984,12
S01009767,801,762,39
S01009768,514,514,0
S01009769,1001,994,7
S01009770,874,692,182
S01009771,896,678,218
S01009772,799,781,18
S01009773,156,156,0
S01009774,108,105,3
S01009775,928,920,8
S01009776,1053,1049,4
S01009777,673,668,5
S01009778,1141,1138,3
S01009779,716,715,1
S01009780,936,926,10
S01009781,863,852,11
S01009782,542,528,14
S01009783,516,510,6
S01009784,1052,1049,3
S01009785,1067,1051,16
S01009786,1141,1137,4
S01009787,964,962,2
S01009788,1300,1290,10
S01009789,1157,1151,6
S01009790,940,935,5
S01009791,810,809,1
S01009792,239,213,26
S01009793,914,890,24
S01009794,368,357,11
S01009795,855,795,60
S01009796,746,737,9
S01009797,572,563,9
S01009798,970,935,35
S01009799,1535,1525,10
S01009800,1306,1295,11
S01009801,1325,1318,7
S01009802,957,949,8
S01009803,893,891,2
S01009804,414,408,6
S01009805,800,791,9
S01009806,1173,1166,7
S01009807,942,929,13
S01009808,1317,1294,23
S01009809,1133,1115,18
S01009810,920,907,13
S01009811,1263,1255,8
S01009812,914,907,7
S01009813,1128,1111,17
S01009814,1134,1122,12
S01009815,1059,1056,3
S01009816,1181,1170,11
S01009817,856,850,6
S01009818,925,916,9
S01009819,1145,1128,17
S01009820,1018,1000,18
S01009821,862,848,14
S01009822,933,929,4
S01009823,1157,1153,4
S01009824,843,837,6
S01009825,1214,1211,3
S01009826,824,803,21
S01009827,900,890,10
S01009828,1283,1252,31
S01009829,1241,1228,13
S01009830,1007,993,14
S01009831,1264,1249,15
S01009832,1090,1072,18
S01009833,660,637,23
S01009834,693,683,10
S01009835,623,614,9
S01009836,756,754,2
S01009837,805,802,3
S01009838,777,760,17
S01009839,1081,1070,11
S01009840,1025,1023,2
S01009841,1165,1144,21
S01009842,959,935,24
S01009843,560,552,8
S01009844,730,712,18
S01009845,1046,1030,16
S01009846,1050,1014,36
S01009847,571,568,3
S01009848,902,876,26
S01009849,1087,1080,7
S01009850,966,960,6
S01009851,1060,1048,12
S01009852,582,550,32
S01009853,935,910,25
S01009854,789,783,6
S01009855,758,740,18
S01009856,584,566,18
S01009857,826,811,15
S01009858,965,947,18
S01009859,1140,1122,18
S01009860,988,962,26
S01009861,1571,1420,151
S01009862,1079,1009,70
S01009863,987,875,112
S01009864,973,938,35
S01009865,655,598,57
S01009866,986,854,132
S01009867,992,884,108
S01009868,1086,907,179
S01009869,1043,645,398
S01009870,1012,804,208
S01009871,1048,912,136
S01009872,884,646,238
S01009873,926,774,152
S01009874,1036,917,119
S01009875,561,279,282
S01009876,983,802,181
S01009877,843,653,190
S01009878,832,287,545
S01009879,1177,982,195
S01009880,1160,662,498
S01009881,824,261,563
S01009882,570,424,146
S01009883,865,361,504
S01009884,961,449,512
S01009885,920,316,604
S01009886,798,343,455
S01009887,973,720,253
S01009888,821,417,404
S01009889,1132,827,305
S01009890,758,671,87
S01009891,696,595,101
S01009892,1081,944,137
S01009893,1003,658,345
S01009894,996,890,106
S01009895,932,811,121
S01009896,1258,1060,198
S01009897,1275,1135,140
S01009898,894,852,42
S01009899,1074,1001,73
S01009900,1127,1024,103
S01009901,999,893,106
S01009902,1100,1019,81
S01009903,1155,825,330
S01009904,756,647,109
S01009905,718,515,203
S01009906,701,501,200
S01009907,1161,999,162
S01009908,1178,1038,140
S01009909,852,749,103
S01009910,798,615,183
S01009911,1251,1091,160
S01009912,1015,807,208
S01009913,913,548,365
S01009914,947,776,171
S01009915,908,690,218
S01009916,1224,701,523
S01009917,816,636,180
S01009918,994,919,75
S01009919,1078,981,97
S01009920,1097,969,128
S01009921,805,761,44
S01009922,1207,1111,96
S01009923,1014,940,74
S01009924,1084,932,152
S01009925,1138,977,161
S01009926,906,781,125
S01009927,553,533,20
S01009928,752,717,35
S01009929,578,502,76
S01009930,976,868,108
S01009931,839,813,26
S01009932,811,765,46
S01009933,1212,1169,43
S01009934,889,847,42
S01009935,687,680,7
S01009936,1167,1063,104
S01009937,776,686,90
S01009938,1057,958,99
S01009939,1121,1047,74
S01009940,926,912,14
S01009941,1176,974,202
S01009942,1119,1090,29
S01009943,1332,1320,12
S01009944,1053,904,149
S01009945,1137,1101,36
S01009946,1008,966,42
S01009947,928,860,68
S01009948,1247,1151,96
S01009949,1041,1001,40
S01009950,788,705,83
S01009951,931,842,89
S01009952,1106,1050,56
S01009953,1212,1071,141
S01009954,838,646,192
S01009955,1167,1071,96
S01009956,887,823,64
S01009957,1372,1260,112
S01009958,1276,1216,60
S01009959,895,854,41
S01009960,1206,1119,87
S01009961,722,697,25
S01009962,999,985,14
S01009963,1274,1221,53
S01009964,1240,1106,134
S01009965,1028,1008,20
S01009966,1262,1257,5
S01009967,1046,1029,17
S01009968,661,653,8
S01009969,1277,1267,10
S01009970,1117,1112,5
S01009971,1042,1035,7
S01009972,761,760,1
S01009973,300,300,0
S01009974,927,920,7
S01009975,835,835,0
S01009976,749,746,3
S01009977,889,887,2
S01009978,906,893,13
S01009979,806,796,10
S01009980,527,524,3
S01009981,787,779,8
S01009982,692,688,4
S01009983,680,670,10
S01009984,988,985,3
S01009985,652,640,12
S01009986,693,682,11
S01009987,850,838,12
S01009988,671,668,3
S01009989,1108,1090,18
S01009990,1045,1031,14
S01009991,1030,1016,14
S01009992,1057,1047,10
S01009993,859,837,22
S01009994,763,757,6
S01009995,679,676,3
S01009996,925,911,14
S01009997,707,699,8
S01009998,968,916,52
S01009999,951,906,45
S01010000,981,924,57
S01010001,798,753,45
S01010002,1474,1417,57
S01010003,1044,1029,15
S01010004,963,896,67
S01010005,980,945,35
S01010006,1210,1162,48
S01010007,952,888,64
S01010008,562,538,24
S01010009,699,683,16
S01010010,1509,1471,38
S01010011,831,812,19
S01010012,1711,1657,54
S01010013,1018,978,40
S01010014,1306,1161,145
S01010015,892,746,146
S01010016,777,775,2
S01010017,988,969,19
S01010018,977,959,18
S01010019,1241,1213,28
S01010020,1014,987,27
S01010021,783,777,6
S01010022,298,297,1
S01010023,950,940,10
S01010024,626,596,30
S01010025,696,688,8
S01010026,783,773,10
S01010027,970,932,38
S01010028,478,472,6
S01010029,619,616,3
S01010030,458,434,24
S01010031,597,563,34
S01010032,481,441,40
S01010033,926,786,140
S01010034,1012,980,32
S01010035,650,621,29
S01010036,367,324,43
S01010037,1016,1011,5
S01010038,1272,1260,12
S01010039,510,491,19
S01010040,539,503,36
S01010041,780,761,19
S01010042,526,506,20
S01010043,975,930,45
S01010044,1156,1147,9
S01010045,875,861,14
S01010046,1101,1083,18
S01010047,1115,1110,5
S01010048,1223,1210,13
S01010049,891,886,5
S01010050,822,821,1
S01010051,797,792,5
S01010052,598,595,3
S01010053,542,525,17
S01010054,788,787,1
S01010055,1161,1133,28
S01010056,530,525,5
S01010057,452,446,6
S01010058,964,951,13
S01010059,706,705,1
S01010060,986,976,10
S01010061,450,444,6
S01010062,812,807,5
S01010063,1197,1188,9
S01010064,833,825,8
S01010065,927,927,0
S01010066,792,783,9
S01010067,946,937,9
S01010068,363,362,1
S01010069,1119,1068,51
S01010070,752,693,59
S01010071,921,896,25
S01010072,1129,1126,3
S01010073,1071,1067,4
S01010074,1104,1090,14
S01010075,919,918,1
S01010076,969,968,1
S01010077,819,813,6
S01010078,779,758,21
S01010079,1017,1001,16
S01010080,914,907,7
S01010081,1262,1253,9
S01010082,727,725,2
S01010083,1144,1131,13
S01010084,1210,1208,2
S01010085,1310,1282,28
S01010086,1125,1122,3
S01010087,697,691,6
S01010088,252,235,17
S01010089,916,897,19
S01010090,1096,1086,10
S01010091,747,727,20
S01010092,1176,1170,6
S01010093,937,899,38
S01010094,1352,1345,7
S01010095,1345,1322,23
S01010096,862,858,4
S01010097,784,773,11
S01010098,784,769,15
S01010099,1070,1063,7
S01010100,1030,960,70
S01010101,1200,1180,20
S01010102,784,715,69
S01010103,902,862,40
S01010104,846,810,36
S01010105,902,900,2
S01010106,758,743,15
S01010107,1073,1069,4
S01010108,838,817,21
S01010109,1199,1195,4
S01010110,1194,1189,5
S01010111,1197,1189,8
S01010112,918,912,6
S01010113,611,605,6
S01010114,739,735,4
S01010115,731,726,5
S01010116,905,890,15
S01010117,245,244,1
S01010118,818,815,3
S01010119,328,326,2
S01010120,878,878,0
S01010121,699,698,1
S01010122,625,624,1
S01010123,611,611,0
S01010124,795,792,3
S01010125,560,558,2
S01010126,701,685,16
S01010127,552,551,1
S01010128,822,815,7
S01010129,870,861,9
S01010130,824,818,6
S01010131,1214,1191,23
S01010132,1027,1022,5
S01010133,1003,999,4
S01010134,1345,1331,14
S01010135,1203,1201,2
S01010136,1071,1065,6
S01010137,1294,1279,15
S01010138,1069,1059,10
S01010139,1196,1191,5
S01010140,1039,1018,21
S01010141,1206,1198,8
S01010142,709,703,6
S01010143,832,829,3
S01010144,778,771,7
S01010145,709,695,14
S01010146,1160,1142,18
S01010147,947,928,19
S01010148,921,916,5
S01010149,452,446,6
S01010150,1055,1050,5
S01010151,1071,1071,0
S01010152,851,851,0
S01010153,1049,1044,5
S01010154,1122,1117,5
S01010155,748,748,0
S01010156,700,698,2
S01010157,885,883,2
S01010158,954,951,3
S01010159,789,784,5
S01010160,646,643,3
S01010161,910,907,3
S01010162,1024,1018,6
S01010163,853,851,2
S01010164,858,855,3
S01010165,650,649,1
S01010166,1130,1126,4
S01010167,950,946,4
S01010168,505,504,1
S01010169,915,909,6
S01010170,1000,999,1
S01010171,1003,999,4
S01010172,718,717,1
S01010173,1173,1164,9
S01010174,1219,1210,9
S01010175,500,495,5
S01010176,1034,1028,6
S01010177,720,712,8
S01010178,885,877,8
S01010179,1245,1233,12
S01010180,462,458,4
S01010181,1161,1146,15
S01010182,1185,1020,165
S01010183,824,811,13
S01010184,670,670,0
S01010185,762,760,2
S01010186,713,540,173
S01010187,863,850,13
S01010188,1207,1171,36
S01010189,874,787,87
S01010190,277,255,22
S01010191,752,704,48
S01010192,872,753,119
S01010193,1008,958,50
S01010194,798,795,3
S01010195,1001,991,10
S01010196,829,825,4
S01010197,949,946,3
S01010198,1241,1235,6
S01010199,697,696,1
S01010200,725,718,7
S01010201,799,796,3
S01010202,785,770,15
S01010203,698,660,38
S01010204,1159,1145,14
S01010205,745,737,8
S01010206,516,479,37
S01010207,673,644,29
S01010208,1091,1064,27
S01010209,960,942,18
S01010210,1054,1049,5
S01010211,924,913,11
S01010212,1095,1091,4
S01010213,1085,1084,1
S01010214,1072,950,122
S01010215,961,954,7
S01010216,1008,994,14
S01010217,969,944,25
S01010218,1127,1085,42
S01010219,820,668,152
S01010220,313,291,22
S01010221,498,490,8
S01010222,729,725,4
S01010223,716,710,6
S01010224,1099,1073,26
S01010225,734,715,19
S01010226,815,653,162
S01010227,1047,837,210
S01010228,691,688,3
S01010229,975,964,11
S01010230,1226,1112,114
S01010231,731,720,11
S01010232,718,694,24
S01010233,1526,1415,111
S01010234,921,897,24
S01010235,184,175,9
S01010236,775,704,71
S01010237,1052,1006,46
S01010238,1008,1000,8
S01010239,1026,1000,26
S01010240,1213,1184,29
S01010241,1001,979,22
S01010242,1196,1170,26
S01010243,1375,1363,12
S01010244,990,975,15
S01010245,1022,1018,4
S01010246,1125,1106,19
S01010247,879,824,55
S01010248,969,924,45
S01010249,1093,1057,36
S01010250,934,894,40
S01010251,254,240,14
S01010252,585,565,20
S01010253,812,801,11
S01010254,985,974,11
S01010255,881,869,12
S01010256,1124,1118,6
S01010257,1622,1342,280
S01010258,1048,890,158
S01010259,1761,1605,156
S01010260,1368,1164,204
S01010261,2195,1997,198
S01010262,1182,1116,66
S01010263,636,588,48
S01010264,733,707,26
S01010265,393,371,22
S01010266,809,623,186
S01010267,741,678,63
S01010268,1031,817,214
S01010269,956,755,201
S01010270,1152,1072,80
S01010271,752,599,153
S01010272,355,309,46
S01010273,276,243,33
S01010274,244,227,17
S01010275,310,284,26
S01010276,120,107,13
S01010277,584,550,34
S01010278,1326,1171,155
S01010279,632,533,99
S01010280,861,743,118
S01010281,552,518,34
S01010282,1037,955,82
S01010283,755,658,97
S01010284,1225,1137,88
S01010285,1193,985,208
S01010286,1407,1221,186
S01010287,1353,1190,163
S01010288,1067,983,84
S01010289,272,255,17
S01010290,774,579,195
S01010291,1049,872,177
S01010292,1303,1039,264
S01010293,807,609,198
S01010294,1075,774,301
S01010295,924,697,227
S01010296,860,503,357
S01010297,916,785,131
S01010298,1018,945,73
S01010299,621,488,133
S01010300,1451,1198,253
S01010301,528,435,93
S01010302,800,688,112
S01010303,635,507,128
S01010304,778,765,13
S01010305,1101,1017,84
S01010306,752,691,61
S01010307,866,787,79
S01010308,895,821,74
S01010309,702,696,6
S01010310,837,830,7
S01010311,968,962,6
S01010312,744,735,9
S01010313,1239,1223,16
S01010314,1151,1109,42
S01010315,612,598,14
S01010316,611,590,21
S01010317,1279,1210,69
S01010318,1489,1382,107
S01010319,761,736,25
S01010320,696,673,23
S01010321,1142,1114,28
S01010322,1262,1198,64
S01010323,632,613,19
S01010324,1013,1010,3
S01010325,1044,1039,5
S01010326,924,921,3
S01010327,825,812,13
S01010328,768,764,4
S01010329,523,523,0
S01010330,809,801,8
S01010331,1386,1377,9
S01010332,1152,1147,5
S01010333,961,951,10
S01010334,1003,994,9
S01010335,1218,1214,4
S01010336,904,893,11
S01010337,1067,1066,1
S01010338,1025,1018,7
S01010339,1075,1068,7
S01010340,904,888,16
S01010341,877,860,17
S01010342,884,868,16
S01010343,1153,1110,43
S01010344,1040,1038,2
S01010345,274,248,26
S01010346,1202,1119,83
S01010347,958,944,14
S01010348,1146,1120,26
S01010349,1214,1175,39
S01010350,1286,1272,14
S01010351,750,744,6
S01010352,848,817,31
S01010353,1087,1053,34
S01010354,633,614,19
S01010355,1125,1086,39
S01010356,586,547,39
S01010357,672,656,16
S01010358,939,920,19
S01010359,1333,1308,25
S01010360,670,661,9
S01010361,591,561,30
S01010362,974,919,55
S01010363,763,677,86
S01010364,1208,1063,145
S01010365,1219,1131,88
S01010366,1318,1228,90
S01010367,1372,1228,144
S01010368,914,851,63
S01010369,849,796,53
S01010370,818,764,54
S01010371,1145,1072,73
S01010372,964,883,81
S01010373,776,739,37
S01010374,908,846,62
S01010375,921,850,71
S01010376,940,803,137
S01010377,839,719,120
S01010378,928,849,79
S01010379,1315,1171,144
S01010380,1104,1061,43
S01010381,541,524,17
S01010382,915,891,24
S01010383,831,789,42
S01010384,1270,1205,65
S01010385,925,884,41
S01010386,963,897,66
S01010387,1261,1194,67
S01010388,939,910,29
S01010389,85,85,0
S01010390,1166,1128,38
S01010391,1088,1039,49
S01010392,211,208,3
S01010393,1390,1351,39
S01010394,943,889,54
S01010395,1138,1074,64
S01010396,1001,984,17
S01010397,845,821,24
S01010398,974,927,47
S01010399,1454,1393,61
S01010400,979,937,42
S01010401,783,756,27
S01010402,1187,1131,56
S01010403,1084,1047,37
S01010404,1267,1213,54
S01010405,1203,1156,47
S01010406,902,867,35
S01010407,1107,1030,77
S01010408,693,670,23
S01010409,1160,1098,62
S01010410,556,522,34
S01010411,1502,1413,89
S01010412,997,952,45
S01010413,801,784,17
S01010414,1166,1118,48
S01010415,1148,1085,63
S01010416,604,567,37
S01010417,551,509,42
S01010418,1209,1172,37
S01010419,1548,1470,78
S01010420,1189,1137,52
S01010421,910,867,43
S01010422,1140,1105,35
S01010423,918,903,15
S01010424,760,743,17
S01010425,979,961,18
S01010426,1111,1091,20
S01010427,1173,1026,147
S01010428,1624,1564,60
S01010429,897,883,14
S01010430,1064,1006,58
S01010431,1051,1034,17
S01010432,897,876,21
S01010433,855,749,106
S01010434,904,866,38
S01010435,767,764,3
S01010436,795,773,22
S01010437,540,538,2
S01010438,724,711,13
S01010439,953,939,14
S01010440,1180,1161,19
S01010441,578,571,7
S01010442,783,769,14
S01010443,786,782,4
S01010444,699,692,7
S01010445,1118,1106,12
S01010446,915,905,10
S01010447,1190,1169,21
S01010448,1094,1070,24
S01010449,1017,1014,3
S01010450,955,942,13
S01010451,1084,1059,25
S01010452,885,880,5
S01010453,1132,1112,20
S01010454,1161,1155,6
S01010455,961,945,16
S01010456,661,659,2
S01010457,992,968,24
S01010458,828,825,3
S01010459,810,799,11
S01010460,286,282,4
S01010461,1060,1027,33
S01010462,895,857,38
S01010463,770,749,21
S01010464,663,659,4
S01010465,889,821,68
S01010466,1246,1194,52
S01010467,1008,951,57
S01010468,1034,915,119
S01010469,869,839,30
S01010470,907,902,5
S01010471,1001,986,15
S01010472,515,481,34
S01010473,1094,1005,89
S01010474,1085,1039,46
S01010475,451,433,18
S01010476,745,717,28
S01010477,906,892,14
S01010478,1380,1375,5
S01010479,1023,1019,4
S01010480,835,828,7
S01010481,836,822,14
S01010482,976,972,4
S01010483,1178,1155,23
S01010484,1062,1055,7
S01010485,982,957,25
S01010486,1252,1216,36
S01010487,1047,1045,2
S01010488,1353,1339,14
S01010489,1287,1282,5
S01010490,957,945,12
S01010491,972,971,1
S01010492,917,913,4
S01010493,855,847,8
S01010494,871,859,12
S01010495,1089,1070,19
S01010496,1382,1365,17
S01010497,696,688,8
S01010498,1312,1307,5
S01010499,1151,1138,13
S01010500,943,936,7
S01010501,784,782,2
S01010502,810,807,3
S01010503,980,975,5
S01010504,528,527,1
S01010505,607,607,0
S01010506,855,851,4
S01010507,980,975,5
S01010508,1048,1042,6
S01010509,1207,1204,3
S01010510,1493,1485,8
S01010511,1193,1186,7
S01010512,920,910,10
S01010513,799,789,10
S01010514,943,942,1
S01010515,937,935,2
S01010516,613,601,12
S01010517,948,934,14
S01010518,892,882,10
S01010519,928,912,16
S01010520,980,976,4
S01010521,957,954,3
S01010522,655,653,2
S01010523,964,959,5
S01010524,606,599,7
S01010525,701,697,4
S01010526,858,855,3
S01010527,1285,1281,4
S01010528,689,682,7
S01010529,830,822,8
S01010530,677,675,2
S01010531,982,979,3
S01010532,899,899,0
S01010533,878,873,5
S01010534,1030,1025,5
S01010535,557,555,2
S01010536,1162,1145,17
S01010537,1297,1289,8
S01010538,368,366,2
S01010539,851,839,12
S01010540,615,611,4
S01010541,758,754,4
S01010542,853,852,1
S01010543,574,574,0
S01010544,1240,1236,4
S01010545,611,606,5
S01010546,883,880,3
S01010547,678,677,1
S01010548,413,413,0
S01010549,315,315,0
S01010550,658,655,3
S01010551,722,720,2
S01010552,905,902,3
S01010553,560,559,1
S01010554,708,700,8
S01010555,934,924,10
S01010556,1101,1096,5
S01010557,793,782,11
S01010558,560,557,3
S01010559,762,747,15
S01010560,652,648,4
S01010561,931,924,7
S01010562,1057,1051,6
S01010563,842,836,6
S01010564,678,677,1
S01010565,974,963,11
S01010566,742,741,1
S01010567,1115,1111,4
S01010568,1202,1199,3
S01010569,989,978,11
S01010570,1482,1474,8
S01010571,923,918,5
S01010572,1005,994,11
S01010573,722,715,7
S01010574,570,561,9
S01010575,876,864,12
S01010576,872,862,10
S01010577,917,910,7
S01010578,623,619,4
S01010579,781,771,10
S01010580,589,588,1
S01010581,894,876,18
S01010582,403,392,11
S01010583,846,839,7
S01010584,269,258,11
S01010585,200,193,7
S01010586,681,669,12
S01010587,876,866,10
S01010588,572,556,16
S01010589,752,747,5
S01010590,362,358,4
S01010591,121,121,0
S01010592,400,388,12
S01010593,560,535,25
S01010594,208,201,7
S01010595,190,188,2
S01010596,884,883,1
S01010597,324,317,7
S01010598,439,432,7
S01010599,351,350,1
S01010600,873,848,25
S01010601,777,751,26
S01010602,554,549,5
S01010603,830,823,7
S01010604,898,893,5
S01010605,1022,1022,0
S01010606,1008,1000,8
S01010607,1020,1014,6
S01010608,770,756,14
S01010609,618,614,4
S01010610,810,792,18
S01010611,1248,1244,4
S01010612,765,757,8
S01010613,797,787,10
S01010614,709,695,14
S01010615,831,826,5
S01010616,1228,1199,29
S01010617,1050,1049,1
S01010618,1115,1115,0
S01010619,704,687,17
S01010620,363,346,17
S01010621,1041,1035,6
S01010622,674,663,11
S01010623,940,930,10
S01010624,824,771,53
S01010625,773,764,9
S01010626,980,974,6
S01010627,946,942,4
S01010628,1175,1158,17
S01010629,1245,1233,12
S01010630,747,746,1
S01010631,753,744,9
S01010632,898,887,11
S01010633,926,914,12
S01010634,665,662,3
S01010635,830,823,7
S01010636,934,928,6
S01010637,829,825,4
S01010638,917,911,6
S01010639,1105,1094,11
S01010640,754,738,16
S01010641,1079,1068,11
S01010642,1062,1056,6
S01010643,730,725,5
S01010644,839,832,7
S01010645,764,755,9
S01010646,838,831,7
S01010647,712,703,9
S01010648,994,992,2
S01010649,785,778,7
S01010650,597,582,15
S01010651,768,753,15
S01010652,723,717,6
S01010653,763,756,7
S01010654,837,837,0
S01010655,841,838,3
S01010656,619,616,3
S01010657,768,766,2
S01010658,938,922,16
S01010659,657,655,2
S01010660,697,686,11
S01010661,741,734,7
S01010662,716,708,8
S01010663,1088,1085,3
S01010664,591,581,10
S01010665,835,833,2
S01010666,1082,1076,6
S01010667,662,654,8
S01010668,1139,1134,5
S01010669,592,592,0
S01010670,952,946,6
S01010671,786,778,8
S01010672,1424,1417,7
S01010673,1076,1072,4
S01010674,1084,1079,5
S01010675,882,879,3
S01010676,1026,1023,3
S01010677,491,491,0
S01010678,905,904,1
S01010679,1454,1446,8
S01010680,826,820,6
S01010681,937,934,3
S01010682,1094,1087,7
S01010683,891,884,7
S01010684,1075,1064,11
S01010685,740,732,8
S01010686,644,638,6
S01010687,1032,1020,12
S01010688,826,824,2
S01010689,1037,1022,15
S01010690,870,868,2
S01010691,820,818,2
S01010692,629,625,4
S01010693,430,426,4
S01010694,803,797,6
S01010695,693,691,2
S01010696,978,969,9
S01010697,978,962,16
S01010698,638,636,2
S01010699,526,526,0
S01010700,574,571,3
S01010701,1242,1238,4
S01010702,1004,995,9
S01010703,844,842,2
S01010704,1105,1093,12
S01010705,982,976,6
S01010706,545,541,4
S01010707,669,668,1
S01010708,1051,1040,11
S01010709,909,903,6
S01010710,949,942,7
S01010711,634,631,3
S01010712,784,760,24
S01010713,1028,1005,23
S01010714,812,805,7
S01010715,850,845,5
S01010716,807,793,14
S01010717,1051,1038,13
S01010718,805,797,8
S01010719,829,827,2
S01010720,802,797,5
S01010721,773,759,14
S01010722,1057,1051,6
S01010723,976,972,4
S01010724,759,758,1
S01010725,755,753,2
S01010726,1055,1039,16
S01010727,629,626,3
S01010728,749,744,5
S01010729,817,809,8
S01010730,775,766,9
S01010731,886,874,12
S01010732,890,889,1
S01010733,926,918,8
S01010734,938,930,8
S01010735,884,878,6
S01010736,364,360,4
S01010737,775,762,13
S01010738,927,921,6
S01010739,746,744,2
S01010740,742,736,6
S01010741,690,688,2
S01010742,797,792,5
S01010743,944,941,3
S01010744,1201,1194,7
S01010745,655,652,3
S01010746,898,894,4
S01010747,1015,1011,4
S01010748,511,507,4
S01010749,675,672,3
S01010750,589,583,6
S01010751,1067,1061,6
S01010752,1070,1065,5
S01010753,1135,1127,8
S01010754,941,936,5
S01010755,868,862,6
S01010756,878,872,6
S01010757,832,831,1
S01010758,546,545,1
S01010759,665,662,3
S01010760,751,747,4
S01010761,524,520,4
S01010762,594,589,5
S01010763,951,951,0
S01010764,543,538,5
S01010765,1145,1135,10
S01010766,762,753,9
S01010767,575,572,3
S01010768,708,706,2
S01010769,459,459,0
S01010770,890,886,4
S01010771,1003,1000,3
S01010772,775,765,10
S01010773,632,632,0
S01010774,1220,1217,3
S01010775,558,551,7
S01010776,824,820,4
S01010777,610,601,9
S01010778,804,800,4
S01010779,840,838,2
S01010780,675,670,5
S01010781,918,900,18
S01010782,654,640,14
S01010783,942,931,11
S01010784,1293,1282,11
S01010785,869,858,11
S01010786,546,545,1
S01010787,800,797,3
S01010788,593,588,5
S01010789,823,815,8
S01010790,780,776,4
S01010791,909,907,2
S01010792,1121,1114,7
S01010793,512,510,2
S01010794,358,358,0
S01010795,1202,1198,4
S01010796,1225,1219,6
S01010797,518,518,0
S01010798,652,647,5
S01010799,988,983,5
S01010800,895,893,2
S01010801,854,853,1
S01010802,661,653,8
S01010803,584,581,3
S01010804,839,836,3
S01010805,1245,1232,13
S01010806,938,923,15
S01010807,549,546,3
S01010808,576,572,4
S01010809,767,766,1
S01010810,525,525,0
S01010811,928,927,1
S01010812,506,506,0
S01010813,876,871,5
S01010814,753,751,2
S01010815,683,681,2
S01010816,771,765,6
S01010817,1260,1231,29
S01010818,1306,1297,9
S01010819,930,920,10
S01010820,1202,1192,10
S01010821,865,852,13
S01010822,543,538,5
S01010823,560,554,6
S01010824,629,625,4
S01010825,964,951,13
S01010826,729,721,8
S01010827,697,694,3
S01010828,1218,1173,45
S01010829,788,777,11
S01010830,603,603,0
S01010831,344,340,4
S01010832,805,801,4
S01010833,874,859,15
S01010834,1300,1280,20
S01010835,790,788,2
S01010836,976,961,15
S01010837,960,952,8
S01010838,1153,1141,12
S01010839,924,919,5
S01010840,671,663,8
S01010841,1127,1104,23
S01010842,988,953,35
S01010843,752,745,7
S01010844,863,862,1
S01010845,630,626,4
S01010846,976,967,9
S01010847,872,860,12
S01010848,1093,1084,9
S01010849,1016,1008,8
S01010850,1021,1017,4
S01010851,1093,1092,1
S01010852,921,920,1
S01010853,1075,1071,4
S01010854,657,654,3
S01010855,564,560,4
S01010856,858,857,1
S01010857,959,955,4
S01010858,1158,1154,4
S01010859,984,978,6
S01010860,909,903,6
S01010861,902,897,5
S01010862,759,743,16
S01010863,882,879,3
S01010864,686,682,4
S01010865,720,716,4
S01010866,932,918,14
S01010867,829,817,12
S01010868,874,870,4
S01010869,1187,1167,20
S01010870,817,813,4
S01010871,801,790,11
S01010872,818,807,11
S01010873,786,776,10
S01010874,952,942,10
S01010875,635,629,6
S01010876,697,695,2
S01010877,1253,1245,8
S01010878,1234,1230,4
S01010879,1085,1084,1
S01010880,675,669,6
S01010881,865,863,2
S01010882,953,946,7
S01010883,1157,1121,36
S01010884,1227,1220,7
S01010885,1490,1482,8
S01010886,850,840,10
S01010887,641,638,3
S01010888,1007,1004,3
S01010889,851,850,1
S01010890,853,848,5
S01010891,546,540,6
S01010892,748,738,10
S01010893,754,746,8
S01010894,488,480,8
S01010895,561,561,0
S01010896,1064,1056,8
S01010897,704,698,6
S01010898,1239,1227,12
S01010899,738,735,3
S01010900,999,996,3
S01010901,529,525,4
S01010902,932,931,1
S01010903,708,707,1
S01010904,585,577,8
S01010905,481,474,7
S01010906,830,828,2
S01010907,87,87,0
S01010908,676,676,0
S01010909,987,980,7
S01010910,826,823,3
S01010911,871,866,5
S01010912,838,834,4
S01010913,661,648,13
S01010914,1070,1057,13
S01010915,1060,1050,10
S01010916,845,845,0
S01010917,837,837,0
S01010918,1303,1300,3
S01010919,958,953,5
S01010920,800,797,3
S01010921,824,823,1
S01010922,1024,1020,4
S01010923,1206,1204,2
S01010924,755,754,1
S01010925,853,849,4
S01010926,1000,998,2
S01010927,990,989,1
S01010928,856,856,0
S01010929,1076,1076,0
S01010930,626,621,5
S01010931,461,460,1
S01010932,1037,1032,5
S01010933,345,338,7
S01010934,1053,1044,9
S01010935,778,777,1
S01010936,642,638,4
S01010937,842,832,10
S01010938,953,939,14
S01010939,792,784,8
S01010940,741,735,6
S01010941,1390,1373,17
S01010942,712,705,7
S01010943,876,873,3
S01010944,896,889,7
S01010945,600,596,4
S01010946,1145,1140,5
S01010947,870,866,4
S01010948,710,708,2
S01010949,1168,1146,22
S01010950,888,883,5
S01010951,811,800,11
S01010952,841,827,14
S01010953,727,722,5
S01010954,891,886,5
S01010955,757,751,6
S01010956,831,824,7
S01010957,654,645,9
S01010958,670,665,5
S01010959,687,667,20
S01010960,1360,1347,13
S01010961,1220,1198,22
S01010962,685,678,7
S01010963,1017,996,21
S01010964,561,558,3
S01010965,1106,1099,7
S01010966,922,922,0
S01010967,930,924,6
S01010968,920,912,8
S01010969,844,834,10
S01010970,1483,1465,18
S01010971,1809,1793,16
S01010972,692,684,8
S01010973,661,654,7
S01010974,1142,1139,3
S01010975,671,661,10
S01010976,798,787,11
S01010977,760,759,1
S01010978,944,918,26
S01010979,881,879,2
S01010980,863,857,6
S01010981,794,783,11
S01010982,1546,1523,23
S01010983,1221,1211,10
S01010984,1145,1137,8
S01010985,845,837,8
S01010986,460,453,7
S01010987,425,423,2
S01010988,614,601,13
S01010989,342,332,10
S01010990,739,723,16
S01010991,751,740,11
S01010992,508,495,13
S01010993,732,724,8
S01010994,1307,1291,16
S01010995,944,930,14
S01010996,845,816,29
S01010997,1058,1040,18
S01010998,1038,1029,9
S01010999,786,781,5
S01011000,1217,1205,12
S01011001,703,701,2
S01011002,766,757,9
S01011003,851,848,3
S01011004,866,848,18
S01011005,815,813,2
S01011006,603,595,8
S01011007,975,972,3
S01011008,1003,996,7
S01011009,747,746,1
S01011010,952,945,7
S01011011,836,833,3
S01011012,1274,1267,7
S01011013,939,936,3
S01011014,983,976,7
S01011015,616,613,3
S01011016,370,368,2
S01011017,809,805,4
S01011018,1515,1509,6
S01011019,937,934,3
S01011020,375,372,3
S01011021,866,851,15
S01011022,793,792,1
S01011023,863,860,3
S01011024,1312,1304,8
S01011025,828,826,2
S01011026,631,628,3
S01011027,1180,1166,14
S01011028,872,872,0
S01011029,809,795,14
S01011030,1000,997,3
S01011031,734,732,2
S01011032,986,983,3
S01011033,685,681,4
S01011034,777,775,2
S01011035,719,719,0
S01011036,926,922,4
S01011037,902,898,4
S01011038,1060,1044,16
S01011039,859,856,3
S01011040,1047,1042,5
S01011041,735,729,6
S01011042,722,710,12
S01011043,1045,1042,3
S01011044,841,838,3
S01011045,725,724,1
S01011046,623,620,3
S01011047,1071,1062,9
S01011048,1122,1116,6
S01011049,819,818,1
S01011050,823,821,2
S01011051,859,854,5
S01011052,1098,1094,4
S01011053,678,674,4
S01011054,620,620,0
S01011055,562,557,5
S01011056,580,579,1
S01011057,678,675,3
S01011058,552,548,4
S01011059,693,687,6
S01011060,1227,1223,4
S01011061,1061,1055,6
S01011062,1366,1360,6
S01011063,1049,1048,1
S01011064,1286,1284,2
S01011065,838,837,1
S01011066,633,632,1
S01011067,994,989,5
S01011068,762,755,7
S01011069,668,668,0
S01011070,829,828,1
S01011071,911,908,3
S01011072,829,821,8
S01011073,700,696,4
S01011074,667,666,1
S01011075,935,933,2
S01011076,1092,1083,9
S01011077,1073,1068,5
S01011078,1016,1011,5
S01011079,1235,1222,13
S01011080,1135,1131,4
S01011081,918,918,0
S01011082,810,810,0
S01011083,1074,1069,5
S01011084,771,766,5
S01011085,872,865,7
S01011086,646,644,2
S01011087,901,897,4
S01011088,1173,1169,4
S01011089,862,854,8
S01011090,709,706,3
S01011091,648,645,3
S01011092,383,378,5
S01011093,887,877,10
S01011094,517,513,4
S01011095,905,901,4
S01011096,1006,1000,6
S01011097,737,723,14
S01011098,938,934,4
S01011099,929,918,11
S01011100,569,569,0
S01011101,846,841,5
S01011102,820,812,8
S01011103,765,753,12
S01011104,716,712,4
S01011105,763,758,5
S01011106,774,770,4
S01011107,316,312,4
S01011108,772,758,14
S01011109,827,813,14
S01011110,1021,1014,7
S01011111,1218,1201,17
S01011112,162,162,0
S01011113,1090,1084,6
S01011114,1144,1125,19
S01011115,960,957,3
S01011116,932,900,32
S01011117,913,898,15
S01011118,901,879,22
S01011119,817,790,27
S01011120,1114,1093,21
S01011121,660,643,17
S01011122,809,804,5
S01011123,1206,1199,7
S01011124,367,362,5
S01011125,467,461,6
S01011126,769,764,5
S01011127,535,530,5
S01011128,1124,1108,16
S01011129,879,847,32
S01011130,752,743,9
S01011131,682,670,12
S01011132,793,781,12
S01011133,618,605,13
S01011134,831,824,7
S01011135,989,986,3
S01011136,553,551,2
S01011137,622,619,3
S01011138,547,543,4
S01011139,801,797,4
S01011140,577,573,4
S01011141,1508,1502,6
S01011142,1690,1622,68
S01011143,1209,1204,5
S01011144,855,847,8
S01011145,828,823,5
S01011146,629,628,1
S01011147,1196,1184,12
S01011148,751,748,3
S01011149,796,792,4
S01011150,1359,1351,8
S01011151,910,903,7
S01011152,885,871,14
S01011153,862,842,20
S01011154,625,625,0
S01011155,729,724,5
S01011156,929,922,7
S01011157,712,707,5
S01011158,633,631,2
S01011159,616,615,1
S01011160,921,903,18
S01011161,655,655,0
S01011162,802,801,1
S01011163,1048,1038,10
S01011164,708,706,2
S01011165,884,884,0
S01011166,681,671,10
S01011167,1031,1016,15
S01011168,865,857,8
S01011169,242,240,2
S01011170,796,788,8
S01011171,1073,1065,8
S01011172,800,799,1
S01011173,872,870,2
S01011174,1032,1024,8
S01011175,834,833,1
S01011176,738,736,2
S01011177,1141,1136,5
S01011178,786,782,4
S01011179,689,686,3
S01011180,881,877,4
S01011181,695,691,4
S01011182,515,503,12
S01011183,795,781,14
S01011184,775,757,18
S01011185,825,823,2
S01011186,1176,1160,16
S01011187,924,923,1
S01011188,1159,1156,3
S01011189,880,864,16
S01011190,987,966,21
S01011191,824,823,1
S01011192,971,966,5
S01011193,1037,1027,10
S01011194,761,752,9
S01011195,1049,1037,12
S01011196,1119,1116,3
S01011197,931,926,5
S01011198,830,821,9
S01011199,816,813,3
S01011200,971,961,10
S01011201,609,605,4
S01011202,1006,994,12
S01011203,1331,1315,16
S01011204,593,573,20
S01011205,205,195,10
S01011206,669,644,25
S01011207,1117,1103,14
S01011208,958,914,44
S01011209,724,710,14
S01011210,677,654,23
S01011211,1019,1013,6
S01011212,741,740,1
S01011213,1082,1077,5
S01011214,1127,1123,4
S01011215,852,847,5
S01011216,1041,1040,1
S01011217,1261,1260,1
S01011218,971,970,1
S01011219,1045,1036,9
S01011220,1015,1012,3
S01011221,1106,1106,0
S01011222,681,677,4
S01011223,972,965,7
S01011224,687,672,15
S01011225,1065,1057,8
S01011226,981,973,8
S01011227,847,826,21
S01011228,1200,1168,32
S01011229,823,811,12
S01011230,1382,1373,9
S01011231,1027,1026,1
S01011232,787,786,1
S01011233,773,771,2
S01011234,1180,1178,2
S01011235,519,518,1
S01011236,628,626,2
S01011237,1008,1006,2
S01011238,736,733,3
S01011239,1004,998,6
S01011240,1068,1056,12
S01011241,958,950,8
S01011242,1064,1042,22
S01011243,833,828,5
S01011244,714,713,1
S01011245,928,923,5
S01011246,677,672,5
S01011247,918,913,5
S01011248,978,978,0
S01011249,867,853,14
S01011250,1092,1089,3
S01011251,871,870,1
S01011252,846,842,4
S01011253,1015,1012,3
S01011254,1305,1294,11
S01011255,176,173,3
S01011256,172,171,1
S01011257,553,553,0
S01011258,767,758,9
S01011259,851,846,5
S01011260,756,751,5
S01011261,975,968,7
S01011262,701,699,2
S01011263,769,766,3
S01011264,686,683,3
S01011265,1082,1077,5
S01011266,968,953,15
S01011267,697,695,2
S01011268,552,547,5
S01011269,570,561,9
S01011270,808,805,3
S01011271,968,962,6
S01011272,737,737,0
S01011273,1279,1277,2
S01011274,1038,1037,1
S01011275,916,915,1
S01011276,1068,1068,0
S01011277,753,752,1
S01011278,720,719,1
S01011279,757,756,1
S01011280,747,745,2
S01011281,790,762,28
S01011282,796,765,31
S01011283,543,525,18
S01011284,451,438,13
S01011285,1194,1191,3
S01011286,754,753,1
S01011287,977,975,2
S01011288,1107,1102,5
S01011289,895,894,1
S01011290,1369,1359,10
S01011291,1052,1035,17
S01011292,715,708,7
S01011293,940,934,6
S01011294,979,979,0
S01011295,973,968,5
S01011296,732,728,4
S01011297,1024,1009,15
S01011298,1271,1258,13
S01011299,501,501,0
S01011300,1045,1042,3
S01011301,650,650,0
S01011302,1012,1010,2
S01011303,1203,1199,4
S01011304,1078,1061,17
S01011305,569,569,0
S01011306,635,625,10
S01011307,987,979,8
S01011308,589,588,1
S01011309,884,880,4
S01011310,763,761,2
S01011311,1105,1094,11
S01011312,1187,1182,5
S01011313,1047,1039,8
S01011314,904,898,6
S01011315,397,394,3
S01011316,835,833,2
S01011317,978,974,4
S01011318,868,856,12
S01011319,1202,1202,0
S01011320,750,750,0
S01011321,676,676,0
S01011322,691,689,2
S01011323,1108,1101,7
S01011324,568,563,5
S01011325,943,941,2
S01011326,1070,1058,12
S01011327,837,834,3
S01011328,854,851,3
S01011329,982,975,7
S01011330,787,783,4
S01011331,699,692,7
S01011332,1059,1054,5
S01011333,692,689,3
S01011334,1089,1078,11
S01011335,970,956,14
S01011336,674,670,4
S01011337,726,713,13
S01011338,695,692,3
S01011339,755,750,5
S01011340,1102,1096,6
S01011341,732,725,7
S01011342,791,788,3
S01011343,867,866,1
S01011344,889,889,0
S01011345,1073,1071,2
S01011346,867,866,1
S01011347,1072,1072,0
S01011348,1300,1292,8
S01011349,1058,1047,11
S01011350,882,882,0
S01011351,822,822,0
S01011352,699,693,6
S01011353,690,683,7
S01011354,913,910,3
S01011355,1171,1167,4
S01011356,938,938,0
S01011357,1415,1402,13
S01011358,602,592,10
S01011359,791,789,2
S01011360,649,642,7
S01011361,485,481,4
S01011362,314,299,15
S01011363,1236,1219,17
S01011364,519,519,0
S01011365,620,609,11
S01011366,526,526,0
S01011367,768,768,0
S01011368,87,87,0
S01011369,699,696,3
S01011370,319,319,0
S01011371,1519,1500,19
S01011372,1054,1048,6
S01011373,862,861,1
S01011374,551,547,4
S01011375,637,622,15
S01011376,601,599,2
S01011377,567,564,3
S01011378,1000,994,6
S01011379,939,920,19
S01011380,784,778,6
S01011381,726,724,2
S01011382,257,252,5
S01011383,979,978,1
S01011384,811,810,1
S01011385,1044,1043,1
S01011386,1067,1063,4
S01011387,879,879,0
S01011388,621,613,8
S01011389,743,735,8
S01011390,1096,1090,6
S01011391,702,701,1
S01011392,1070,1062,8
S01011393,876,867,9
S01011394,690,680,10
S01011395,820,817,3
S01011396,1044,1044,0
S01011397,829,819,10
S01011398,828,815,13
S01011399,518,515,3
S01011400,780,762,18
S01011401,1062,1033,29
S01011402,1021,986,35
S01011403,1014,967,47
S01011404,1201,1194,7
S01011405,766,765,1
S01011406,736,733,3
S01011407,1324,1299,25
S01011408,994,991,3
S01011409,701,688,13
S01011410,849,835,14
S01011411,1047,1011,36
S01011412,1084,1081,3
S01011413,618,593,25
S01011414,1066,1053,13
S01011415,933,926,7
S01011416,953,904,49
S01011417,753,733,20
S01011418,834,829,5
S01011419,737,719,18
S01011420,567,564,3
S01011421,407,404,3
S01011422,451,451,0
S01011423,590,589,1
S01011424,581,581,0
S01011425,812,811,1
S01011426,953,941,12
S01011427,1056,1042,14
S01011428,858,851,7
S01011429,1200,1176,24
S01011430,1010,993,17
S01011431,1271,1258,13
S01011432,1988,1972,16
S01011433,1065,1060,5
S01011434,1025,1015,10
S01011435,1294,1281,13
S01011436,1218,1210,8
S01011437,892,886,6
S01011438,958,949,9
S01011439,1239,1225,14
S01011440,1035,1026,9
S01011441,797,793,4
S01011442,705,695,10
S01011443,855,838,17
S01011444,1081,1076,5
S01011445,690,686,4
S01011446,977,964,13
S01011447,1128,1126,2
S01011448,1248,1239,9
S01011449,667,657,10
S01011450,496,466,30
S01011451,860,795,65
S01011452,949,923,26
S01011453,836,827,9
S01011454,1177,1169,8
S01011455,1110,1088,22
S01011456,1155,1135,20
S01011457,957,948,9
S01011458,767,706,61
S01011459,608,601,7
S01011460,1105,1100,5
S01011461,902,892,10
S01011462,1015,1012,3
S01011463,614,610,4
S01011464,284,284,0
S01011465,786,743,43
S01011466,1328,1308,20
S01011467,354,351,3
S01011468,133,133,0
S01011469,912,883,29
S01011470,1011,993,18
S01011471,993,985,8
S01011472,1426,1404,22
S01011473,997,994,3
S01011474,1087,1084,3
S01011475,724,721,3
S01011476,779,776,3
S01011477,941,926,15
S01011478,1118,1056,62
S01011479,862,841,21
S01011480,1024,1004,20
S01011481,653,644,9
S01011482,1151,1139,12
S01011483,884,859,25
S01011484,1202,1191,11
S01011485,1025,1019,6
S01011486,589,589,0
S01011487,1020,1005,15
S01011488,752,749,3
S01011489,619,617,2
S01011490,1110,1105,5
S01011491,513,513,0
S01011492,982,960,22
S01011493,1043,1022,21
S01011494,664,661,3
S01011495,1169,1164,5
S01011496,658,655,3
S01011497,902,850,52
S01011498,673,659,14
S01011499,992,965,27
S01011500,1081,1075,6
S01011501,753,738,15
S01011502,788,776,12
S01011503,1100,1093,7
S01011504,655,627,28
S01011505,704,696,8
S01011506,589,586,3
S01011507,820,810,10
S01011508,911,888,23
S01011509,656,651,5
S01011510,975,962,13
S01011511,775,765,10
S01011512,1263,1255,8
S01011513,925,924,1
S01011514,1137,1127,10
S01011515,841,819,22
S01011516,989,925,64
S01011517,626,616,10
S01011518,713,706,7
S01011519,775,770,5
S01011520,1041,1030,11
S01011521,1321,1309,12
S01011522,890,852,38
S01011523,1276,1256,20
S01011524,883,869,14
S01011525,926,920,6
S01011526,998,962,36
S01011527,985,963,22
S01011528,1034,1010,24
S01011529,1127,1116,11
S01011530,1227,1219,8
S01011531,1125,1103,22
S01011532,475,470,5
S01011533,742,736,6
S01011534,778,775,3
S01011535,866,858,8
S01011536,719,672,47
S01011537,897,863,34
S01011538,814,808,6
S01011539,922,920,2
S01011540,1072,1068,4
S01011541,951,950,1
S01011542,1158,1156,2
S01011543,923,920,3
S01011544,809,809,0
S01011545,929,926,3
S01011546,811,790,21
S01011547,465,452,13
S01011548,815,810,5
S01011549,1004,986,18
S01011550,1095,1088,7
S01011551,948,927,21
S01011552,1042,1032,10
S01011553,244,243,1
S01011554,1102,1088,14
S01011555,874,870,4
S01011556,711,706,5
S01011557,965,964,1
S01011558,860,858,2
S01011559,749,749,0
S01011560,1032,1029,3
S01011561,795,789,6
S01011562,854,852,2
S01011563,925,921,4
S01011564,726,725,1
S01011565,885,885,0
S01011566,810,806,4
S01011567,839,838,1
S01011568,825,825,0
S01011569,798,792,6
S01011570,1033,1029,4
S01011571,940,935,5
S01011572,905,898,7
S01011573,667,667,0
S01011574,717,714,3
S01011575,468,467,1
S01011576,899,898,1
S01011577,676,663,13
S01011578,1280,1272,8
S01011579,987,977,10
S01011580,1050,1049,1
S01011581,961,957,4
S01011582,1390,1372,18
S01011583,1011,1000,11
S01011584,832,829,3
S01011585,1252,1248,4
S01011586,757,753,4
S01011587,860,856,4
S01011588,976,972,4
S01011589,1067,1059,8
S01011590,1182,1179,3
S01011591,982,980,2
S01011592,886,881,5
S01011593,638,628,10
S01011594,718,709,9
S01011595,962,944,18
S01011596,1361,1342,19
S01011597,838,836,2
S01011598,978,968,10
S01011599,941,939,2
S01011600,767,755,12
S01011601,859,827,32
S01011602,723,718,5
S01011603,1084,1084,0
S01011604,705,702,3
S01011605,894,892,2
S01011606,412,398,14
S01011607,859,822,37
S01011608,855,813,42
S01011609,1016,1003,13
S01011610,1043,1034,9
S01011611,733,705,28
S01011612,301,290,11
S01011613,1021,1000,21
S01011614,470,467,3
S01011615,882,874,8
S01011616,581,579,2
S01011617,1131,1127,4
S01011618,874,863,11
S01011619,785,770,15
S01011620,682,669,13
S01011621,898,895,3
S01011622,171,171,0
S01011623,955,950,5
S01011624,833,830,3
S01011625,568,564,4
S01011626,1168,1155,13
S01011627,619,605,14
S01011628,1426,1390,36
S01011629,809,807,2
S01011630,704,692,12
S01011631,948,939,9
S01011632,1065,1061,4
S01011633,1165,1164,1
S01011634,869,864,5
S01011635,667,667,0
S01011636,887,882,5
S01011637,787,778,9
S01011638,770,758,12
S01011639,639,628,11
S01011640,1063,1047,16
S01011641,1028,1028,0
S01011642,897,890,7
S01011643,542,532,10
S01011644,851,838,13
S01011645,626,624,2
S01011646,973,971,2
S01011647,1108,1098,10
S01011648,462,452,10
S01011649,419,413,6
S01011650,1169,1140,29
S01011651,824,807,17
S01011652,912,847,65
S01011653,1221,1221,0
S01011654,1091,1069,22
S01011655,885,881,4
S01011656,800,797,3
S01011657,634,629,5
S01011658,1048,1044,4
S01011659,997,994,3
S01011660,1222,1210,12
S01011661,1142,1136,6
S01011662,481,480,1
S01011663,901,898,3
S01011664,1090,1085,5
S01011665,1190,1183,7
S01011666,1044,1042,2
S01011667,1051,1048,3
S01011668,1619,1609,10
S01011669,948,923,25
S01011670,875,873,2
S01011671,779,779,0
S01011672,846,833,13
S01011673,790,786,4
S01011674,831,828,3
S01011675,1079,1076,3
S01011676,863,860,3
S01011677,164,164,0
S01011678,533,531,2
S01011679,639,638,1
S01011680,1228,1227,1
S01011681,758,757,1
S01011682,840,827,13
S01011683,878,876,2
S01011684,728,727,1
S01011685,273,271,2
S01011686,953,928,25
S01011687,1034,1031,3
S01011688,1077,1050,27
S01011689,514,499,15
S01011690,827,823,4
S01011691,324,323,1
S01011692,1293,1284,9
S01011693,952,944,8
S01011694,110,109,1
S01011695,973,951,22
S01011696,163,163,0
S01011697,490,488,2
S01011698,765,751,14
S01011699,929,875,54
S01011700,914,894,20
S01011701,853,842,11
S01011702,853,848,5
S01011703,786,781,5
S01011704,840,813,27
S01011705,962,933,29
S01011706,950,934,16
S01011707,688,675,13
S01011708,1076,1065,11
S01011709,1146,1134,12
S01011710,679,677,2
S01011711,1219,1218,1
S01011712,576,570,6
S01011713,1296,1285,11
S01011714,479,472,7
S01011715,1141,1132,9
S01011716,1045,1032,13
S01011717,898,888,10
S01011718,230,226,4
S01011719,772,754,18
S01011720,696,682,14
S01011721,773,762,11
S01011722,1462,1435,27
S01011723,950,948,2
S01011724,706,693,13
S01011725,640,623,17
S01011726,577,571,6
S01011727,237,237,0
S01011728,1018,997,21
S01011729,1245,1236,9
S01011730,986,971,15
S01011731,1217,1207,10
S01011732,1027,1015,12
S01011733,936,925,11
S01011734,929,926,3
S01011735,800,782,18
S01011736,1186,1157,29
S01011737,1044,942,102
S01011738,863,847,16
S01011739,620,618,2
S01011740,718,714,4
S01011741,1032,1024,8
S01011742,894,891,3
S01011743,746,745,1
S01011744,756,743,13
S01011745,1090,1075,15
S01011746,912,902,10
S01011747,1050,1042,8
S01011748,1016,997,19
S01011749,880,874,6
S01011750,864,852,12
S01011751,1170,1158,12
S01011752,1107,1104,3
S01011753,880,877,3
S01011754,983,981,2
S01011755,1038,1027,11
S01011756,1218,1205,13
S01011757,967,945,22
S01011758,710,703,7
S01011759,933,924,9
S01011760,966,941,25
S01011761,642,627,15
S01011762,967,956,11
S01011763,868,859,9
S01011764,428,424,4
S01011765,1334,1323,11
S01011766,757,741,16
S01011767,1303,1283,20
S01011768,936,922,14
S01011769,894,888,6
S01011770,960,945,15
S01011771,701,684,17
S01011772,1139,1068,71
S01011773,566,552,14
S01011774,837,826,11
S01011775,792,781,11
S01011776,426,425,1
S01011777,586,581,5
S01011778,663,650,13
S01011779,734,727,7
S01011780,730,693,37
S01011781,960,936,24
S01011782,859,839,20
S01011783,595,567,28
S01011784,922,906,16
S01011785,1155,1131,24
S01011786,219,214,5
S01011787,1110,1101,9
S01011788,427,417,10
S01011789,1194,1185,9
S01011790,1281,1258,23
S01011791,783,773,10
S01011792,907,893,14
S01011793,694,689,5
S01011794,871,867,4
S01011795,784,782,2
S01011796,871,869,2
S01011797,952,947,5
S01011798,605,605,0
S01011799,1095,1089,6
S01011800,719,718,1
S01011801,731,719,12
S01011802,771,769,2
S01011803,681,681,0
S01011804,943,942,1
S01011805,907,902,5
S01011806,1151,1149,2
S01011807,989,987,2
S01011808,905,903,2
S01011809,566,565,1
S01011810,1049,1047,2
S01011811,864,863,1
S01011812,990,985,5
S01011813,862,861,1
S01011814,604,599,5
S01011815,509,507,2
S01011816,648,647,1
S01011817,645,643,2
S01011818,1298,1293,5
S01011819,1272,1270,2
S01011820,772,756,16
S01011821,475,465,10
S01011822,800,789,11
S01011823,670,668,2
S01011824,1042,1042,0
S01011825,582,580,2
S01011826,707,704,3
S01011827,577,576,1
S01011828,854,851,3
S01011829,473,473,0
S01011830,836,829,7
S01011831,1027,1020,7
S01011832,749,748,1
S01011833,869,866,3
S01011834,622,618,4
S01011835,574,571,3
S01011836,1090,1077,13
S01011837,844,837,7
S01011838,1189,1185,4
S01011839,1172,1154,18
S01011840,1235,1223,12
S01011841,1374,1366,8
S01011842,1392,1385,7
S01011843,1223,1216,7
S01011844,968,964,4
S01011845,789,786,3
S01011846,898,893,5
S01011847,451,450,1
S01011848,771,765,6
S01011849,718,712,6
S01011850,998,992,6
S01011851,822,821,1
S01011852,931,921,10
S01011853,847,837,10
S01011854,1083,1073,10
S01011855,1205,1201,4
S01011856,740,736,4
S01011857,1075,1065,10
S01011858,863,858,5
S01011859,1075,1070,5
S01011860,702,698,4
S01011861,761,754,7
S01011862,1045,1031,14
S01011863,1107,1057,50
S01011864,791,790,1
S01011865,741,741,0
S01011866,1119,1106,13
S01011867,967,960,7
S01011868,879,877,2
S01011869,785,771,14
S01011870,690,686,4
S01011871,938,932,6
S01011872,817,814,3
S01011873,702,699,3
S01011874,853,848,5
S01011875,1114,1108,6
S01011876,989,986,3
S01011877,778,773,5
S01011878,1584,1553,31
S01011879,767,767,0
S01011880,953,945,8
S01011881,770,766,4
S01011882,954,952,2
S01011883,1907,1851,56
S01011884,371,364,7
S01011885,453,450,3
S01011886,926,923,3
S01011887,772,757,15
S01011888,1262,1244,18
S01011889,1044,1035,9
S01011890,877,857,20
S01011891,1020,1016,4
S01011892,1125,1112,13
S01011893,996,983,13
S01011894,726,708,18
S01011895,1146,1125,21
S01011896,961,955,6
S01011897,1101,1088,13
S01011898,762,743,19
S01011899,1065,1045,20
S01011900,711,691,20
S01011901,814,811,3
S01011902,1186,1170,16
S01011903,990,981,9
S01011904,1052,1044,8
S01011905,808,775,33
S01011906,355,342,13
S01011907,871,860,11
S01011908,583,561,22
S01011909,524,520,4
S01011910,1194,1182,12
S01011911,772,770,2
S01011912,847,845,2
S01011913,898,889,9
S01011914,1010,1000,10
S01011915,882,875,7
S01011916,955,950,5
S01011917,664,663,1
S01011918,923,908,15
S01011919,946,934,12
S01011920,664,660,4
S01011921,614,610,4
S01011922,884,880,4
S01011923,860,851,9
S01011924,937,931,6
S01011925,238,231,7
S01011926,845,835,10
S01011927,621,612,9
S01011928,884,876,8
S01011929,730,730,0
S01011930,771,767,4
S01011931,871,848,23
S01011932,477,464,13
S01011933,1016,1005,11
S01011934,793,787,6
S01011935,940,925,15
S01011936,740,728,12
S01011937,333,331,2
S01011938,452,446,6
S01011939,825,791,34
S01011940,817,770,47
S01011941,864,849,15
S01011942,691,670,21
S01011943,1184,1163,21
S01011944,479,475,4
S01011945,1424,1405,19
S01011946,853,848,5
S01011947,676,676,0
S01011948,961,951,10
S01011949,1038,1033,5
S01011950,1005,996,9
S01011951,806,796,10
S01011952,414,411,3
S01011953,963,959,4
S01011954,623,619,4
S01011955,1051,1045,6
S01011956,719,710,9
S01011957,805,801,4
S01011958,1463,1437,26
S01011959,973,968,5
S01011960,716,713,3
S01011961,1064,1054,10
S01011962,595,593,2
S01011963,607,605,2
S01011964,1011,1009,2
S01011965,1019,1006,13
S01011966,753,739,14
S01011967,999,979,20
S01011968,1235,1208,27
S01011969,1703,1698,5
S01011970,1615,1604,11
S01011971,604,603,1
S01011972,1646,1645,1
S01011973,559,559,0
S01011974,721,718,3
S01011975,445,444,1
S01011976,902,895,7
S01011977,1245,1237,8
S01011978,1224,1217,7
S01011979,891,883,8
S01011980,492,492,0
S01011981,1122,1120,2
S01011982,1436,1432,4
S01011983,1270,1268,2
S01011984,633,630,3
S01011985,699,697,2
S01011986,1010,1006,4
S01011987,1096,1088,8
S01011988,718,715,3
S01011989,773,765,8
S01011990,746,741,5
S01011991,969,965,4
S01011992,925,924,1
S01011993,953,947,6
S01011994,815,812,3
S01011995,718,716,2
S01011996,783,778,5
S01011997,1239,1233,6
S01011998,640,640,0
S01011999,647,644,3
S01012000,580,578,2
S01012001,810,807,3
S01012002,789,785,4
S01012003,868,862,6
S01012004,1198,1197,1
S01012005,761,761,0
S01012006,1154,1132,22
S01012007,912,910,2
S01012008,1284,1273,11
S01012009,657,655,2
S01012010,1367,1342,25
S01012011,1359,1348,11
S01012012,703,702,1
S01012013,791,786,5
S01012014,1713,1692,21
S01012015,1190,1178,12
S01012016,718,713,5
S01012017,713,703,10
S01012018,880,880,0
S01012019,686,670,16
S01012020,1047,1019,28
S01012021,897,892,5
S01012022,1142,1137,5
S01012023,641,633,8
S01012024,1065,1064,1
S01012025,746,745,1
S01012026,468,467,1
S01012027,1371,1361,10
S01012028,1044,1029,15
S01012029,1114,1108,6
S01012030,1551,1537,14
S01012031,881,869,12
S01012032,406,406,0
S01012033,958,951,7
S01012034,961,958,3
S01012035,1195,1192,3
S01012036,1245,1241,4
S01012037,1300,1297,3
S01012038,1139,1139,0
S01012039,1016,1011,5
S01012040,705,692,13
S01012041,1261,1258,3
S01012042,1011,1010,1
S01012043,880,878,2
S01012044,1041,1035,6
S01012045,1289,1274,15
S01012046,953,950,3
S01012047,1041,1039,2
S01012048,698,696,2
S01012049,760,754,6
S01012050,968,947,21
S01012051,555,523,32
S01012052,878,869,9
S01012053,1042,1032,10
S01012054,1247,1240,7
S01012055,909,904,5
S01012056,974,973,1
S01012057,836,813,23
S01012058,757,737,20
S01012059,999,996,3
S01012060,886,881,5
S01012061,1076,1062,14
S01012062,950,937,13
S01012063,704,690,14
S01012064,718,714,4
S01012065,818,817,1
S01012066,935,922,13
S01012067,690,690,0
S01012068,779,773,6
S01012069,604,599,5
S01012070,874,840,34
S01012071,817,802,15
S01012072,997,986,11
S01012073,640,634,6
S01012074,673,666,7
S01012075,1060,1035,25
S01012076,981,975,6
S01012077,869,857,12
S01012078,835,828,7
S01012079,1020,1013,7
S01012080,1056,1051,5
S01012081,722,720,2
S01012082,986,978,8
S01012083,1200,1195,5
S01012084,729,726,3
S01012085,872,862,10
S01012086,973,966,7
S01012087,859,858,1
S01012088,593,586,7
S01012089,910,907,3
S01012090,1191,1173,18
S01012091,868,862,6
S01012092,687,684,3
S01012093,588,587,1
S01012094,976,966,10
S01012095,1210,1192,18
S01012096,913,911,2
S01012097,719,716,3
S01012098,950,948,2
S01012099,1156,1156,0
S01012100,1485,1476,9
S01012101,974,960,14
S01012102,1003,997,6
S01012103,1134,1130,4
S01012104,907,901,6
S01012105,1077,1065,12
S01012106,1017,1010,7
S01012107,789,758,31
S01012108,1173,1165,8
S01012109,1101,1085,16
S01012110,924,908,16
S01012111,1305,1303,2
S01012112,1073,1068,5
S01012113,1080,1074,6
S01012114,1336,1319,17
S01012115,742,735,7
S01012116,668,652,16
S01012117,650,642,8
S01012118,986,959,27
S01012119,1007,977,30
S01012120,696,676,20
S01012121,857,855,2
S01012122,1026,1024,2
S01012123,799,754,45
S01012124,690,676,14
S01012125,942,923,19
S01012126,538,527,11
S01012127,771,759,12
S01012128,406,398,8
S01012129,964,952,12
S01012130,1067,1058,9
S01012131,1239,1219,20
S01012132,831,797,34
S01012133,994,954,40
S01012134,1172,1161,11
S01012135,1239,1218,21
S01012136,880,871,9
S01012137,825,814,11
S01012138,1106,1086,20
S01012139,977,971,6
S01012140,934,928,6
S01012141,1264,1261,3
S01012142,950,944,6
S01012143,1284,1250,34
S01012144,1059,1026,33
S01012145,1208,1188,20
S01012146,1000,982,18
S01012147,905,902,3
S01012148,764,762,2
S01012149,872,837,35
S01012150,886,884,2
S01012151,1165,1164,1
S01012152,1008,1001,7
S01012153,361,353,8
S01012154,603,600,3
S01012155,788,784,4
S01012156,1220,1210,10
S01012157,901,894,7
S01012158,958,950,8
S01012159,578,578,0
S01012160,1042,1024,18
S01012161,529,525,4
S01012162,773,764,9
S01012163,568,562,6
S01012164,434,411,23
S01012165,961,954,7
S01012166,859,847,12
S01012167,609,603,6
S01012168,1121,1090,31
S01012169,945,944,1
S01012170,1374,1357,17
S01012171,1263,1246,17
S01012172,1052,1034,18
S01012173,811,777,34
S01012174,1147,1099,48
S01012175,1161,1094,67
S01012176,1496,1419,77
S01012177,952,899,53
S01012178,1070,1052,18
S01012179,785,772,13
S01012180,737,723,14
S01012181,1160,1140,20
S01012182,721,711,10
S01012183,649,643,6
S01012184,131,131,0
S01012185,710,700,10
S01012186,895,893,2
S01012187,935,933,2
S01012188,680,679,1
S01012189,708,696,12
S01012190,336,333,3
S01012191,1185,1159,26
S01012192,519,490,29
S01012193,773,762,11
S01012194,882,866,16
S01012195,971,957,14
S01012196,589,574,15
S01012197,1132,1124,8
S01012198,1134,1111,23
S01012199,946,935,11
S01012200,699,692,7
S01012201,1134,1133,1
S01012202,596,594,2
S01012203,1011,995,16
S01012204,840,831,9
S01012205,972,947,25
S01012206,1025,1022,3
S01012207,1249,1248,1
S01012208,1373,1365,8
S01012209,1065,1060,5
S01012210,745,745,0
S01012211,1201,1197,4
S01012212,1296,1293,3
S01012213,1320,1320,0
S01012214,869,868,1
S01012215,1128,1128,0
S01012216,1360,1358,2
S01012217,571,566,5
S01012218,757,755,2
S01012219,934,931,3
S01012220,797,785,12
S01012221,818,818,0
S01012222,1216,1214,2
S01012223,827,823,4
S01012224,1191,1182,9
S01012225,1180,1169,11
S01012226,905,893,12
S01012227,988,983,5
S01012228,844,839,5
S01012229,826,815,11
S01012230,1103,1068,35
S01012231,890,848,42
S01012232,1227,1220,7
S01012233,919,893,26
S01012234,1367,1350,17
S01012235,841,824,17
S01012236,936,928,8
S01012237,878,852,26
S01012238,594,590,4
S01012239,602,597,5
S01012240,763,758,5
S01012241,699,682,17
S01012242,948,939,9
S01012243,1001,984,17
S01012244,1063,1059,4
S01012245,1404,1398,6
S01012246,978,977,1
S01012247,760,753,7
S01012248,799,790,9
S01012249,999,998,1
S01012250,863,852,11
S01012251,1200,1196,4
S01012252,1245,1235,10
S01012253,969,966,3
S01012254,946,944,2
S01012255,780,777,3
S01012256,847,842,5
S01012257,1152,1151,1
S01012258,1146,1141,5
S01012259,883,877,6
S01012260,915,910,5
S01012261,454,450,4
S01012262,944,939,5
S01012263,727,723,4
S01012264,297,286,11
S01012265,1266,1258,8
S01012266,1027,1021,6
S01012267,779,773,6
S01012268,1146,1145,1
S01012269,928,928,0
S01012270,881,874,7
S01012271,1140,1134,6
S01012272,741,738,3
S01012273,664,662,2
S01012274,1099,1096,3
S01012275,655,651,4
S01012276,1521,1514,7
S01012277,1170,1163,7
S01012278,1219,1209,10
S01012279,1107,1098,9
S01012280,1139,1133,6
S01012281,1013,1008,5
S01012282,1153,1130,23
S01012283,933,923,10
S01012284,782,780,2
S01012285,711,705,6
S01012286,1104,1099,5
S01012287,1269,1241,28
S01012288,1040,1033,7
S01012289,927,920,7
S01012290,633,632,1
S01012291,821,808,13
S01012292,1098,1083,15
S01012293,620,611,9
S01012294,1055,1054,1
S01012295,311,308,3
S01012296,580,573,7
S01012297,547,542,5
S01012298,867,862,5
S01012299,570,564,6
S01012300,1160,1156,4
S01012301,988,985,3
S01012302,712,710,2
S01012303,852,852,0
S01012304,1112,1106,6
S01012305,922,918,4
S01012306,858,841,17
S01012307,939,938,1
S01012308,810,809,1
S01012309,1020,1016,4
S01012310,1425,1416,9
S01012311,973,963,10
S01012312,1047,1045,2
S01012313,823,821,2
S01012314,898,893,5
S01012315,738,732,6
S01012316,704,703,1
S01012317,435,429,6
S01012318,891,891,0
S01012319,760,758,2
S01012320,767,764,3
S01012321,821,819,2
S01012322,1061,1059,2
S01012323,897,897,0
S01012324,1000,996,4
S01012325,651,648,3
S01012326,958,945,13
S01012327,1061,1050,11
S01012328,876,870,6
S01012329,1023,1018,5
S01012330,718,717,1
S01012331,775,774,1
S01012332,990,989,1
S01012333,943,939,4
S01012334,1027,1026,1
S01012335,1574,1567,7
S01012336,916,916,0
S01012337,1020,1016,4
S01012338,712,712,0
S01012339,798,791,7
S01012340,692,689,3
S01012341,815,813,2
S01012342,934,933,1
S01012343,890,883,7
S01012344,914,912,2
S01012345,727,727,0
S01012346,857,854,3
S01012347,693,691,2
S01012348,890,887,3
S01012349,1186,1184,2
S01012350,1197,1194,3
S01012351,1024,1020,4
S01012352,1119,1112,7
S01012353,826,823,3
S01012354,910,905,5
S01012355,957,953,4
S01012356,1073,1072,1
S01012357,954,949,5
S01012358,872,869,3
S01012359,962,958,4
S01012360,778,774,4
S01012361,950,946,4
S01012362,1111,1103,8
S01012363,1247,1236,11
S01012364,828,827,1
S01012365,1235,1233,2
S01012366,959,948,11
S01012367,1141,1140,1
S01012368,944,933,11
S01012369,1229,1229,0
S01012370,1266,1258,8
S01012371,1249,1245,4
S01012372,1069,1060,9
S01012373,1269,1261,8
S01012374,973,964,9
S01012375,1277,1272,5
S01012376,841,836,5
S01012377,674,664,10
S01012378,779,776,3
S01012379,549,546,3
S01012380,1457,1448,9
S01012381,1090,1075,15
S01012382,1110,1109,1
S01012383,1186,1181,5
S01012384,512,510,2
S01012385,756,752,4
S01012386,1158,1148,10
S01012387,948,943,5
S01012388,683,680,3
S01012389,774,772,2
S01012390,658,647,11
S01012391,922,917,5
S01012392,600,600,0
S01012393,1168,1161,7
S01012394,1114,1092,22
S01012395,858,836,22
S01012396,867,854,13
S01012397,859,847,12
S01012398,1047,1020,27
S01012399,927,909,18
S01012400,894,882,12
S01012401,935,913,22
S01012402,340,337,3
S01012403,983,981,2
S01012404,1129,1120,9
S01012405,610,605,5
S01012406,675,671,4
S01012407,919,913,6
S01012408,763,754,9
S01012409,1069,1063,6
S01012410,1259,1247,12
S01012411,1318,1312,6
S01012412,681,674,7
S01012413,1043,1042,1
S01012414,806,801,5
S01012415,799,788,11
S01012416,520,514,6
S01012417,628,623,5
S01012418,879,870,9
S01012419,1104,1100,4
S01012420,1114,1112,2
S01012421,1033,1032,1
S01012422,1330,1328,2
S01012423,1099,1096,3
S01012424,861,860,1
S01012425,660,658,2
S01012426,654,648,6
S01012427,861,860,1
S01012428,946,938,8
S01012429,498,495,3
S01012430,1064,1057,7
S01012431,1161,1156,5
S01012432,873,869,4
S01012433,909,907,2
S01012434,827,821,6
S01012435,939,928,11
S01012436,952,952,0
S01012437,816,814,2
S01012438,631,627,4
S01012439,963,947,16
S01012440,559,548,11
S01012441,1007,1004,3
S01012442,697,692,5
S01012443,683,678,5
S01012444,1151,1118,33
S01012445,116,116,0
S01012446,730,726,4
S01012447,978,964,14
S01012448,497,495,2
S01012449,589,582,7
S01012450,809,801,8
S01012451,927,912,15
S01012452,713,710,3
S01012453,906,899,7
S01012454,1166,1160,6
S01012455,627,627,0
S01012456,1074,1064,10
S01012457,1058,1042,16
S01012458,900,891,9
S01012459,881,872,9
S01012460,905,886,19
S01012461,732,726,6
S01012462,908,906,2
S01012463,1037,1012,25
S01012464,698,693,5
S01012465,1048,1020,28
S01012466,1067,1052,15
S01012467,1264,1258,6
S01012468,878,875,3
S01012469,1119,1113,6
S01012470,994,993,1
S01012471,804,797,7
S01012472,848,842,6
S01012473,693,682,11
S01012474,800,794,6
S01012475,690,689,1
S01012476,1129,1125,4
S01012477,881,868,13
S01012478,836,835,1
S01012479,1118,1106,12
S01012480,177,177,0
S01012481,747,738,9
S01012482,805,801,4
S01012483,755,741,14
S01012484,1190,1179,11
S01012485,1439,1438,1
S01012486,887,887,0
S01012487,620,613,7
S01012488,977,977,0
S01012489,1150,1126,24
S01012490,1050,1036,14
S01012491,781,769,12
S01012492,994,983,11
S01012493,813,810,3
S01012494,1464,1461,3
S01012495,1113,1112,1
S01012496,893,893,0
S01012497,645,640,5
S01012498,938,935,3
S01012499,1099,1093,6
S01012500,665,664,1
S01012501,966,966,0
S01012502,959,947,12
S01012503,729,723,6
S01012504,590,585,5
S01012505,1042,1041,1
S01012506,480,479,1
S01012507,963,960,3
S01012508,812,809,3
S01012509,581,580,1
S01012510,1099,1077,22
S01012511,805,801,4
S01012512,966,955,11
S01012513,605,596,9
S01012514,766,762,4
S01012515,859,857,2
S01012516,658,641,17
S01012517,911,877,34
S01012518,819,818,1
S01012519,793,766,27
S01012520,862,862,0
S01012521,778,759,19
S01012522,954,952,2
S01012523,1113,1107,6
S01012524,1083,1081,2
S01012525,1051,1044,7
S01012526,951,949,2
S01012527,692,687,5
S01012528,839,839,0
S01012529,982,973,9
S01012530,1148,1145,3
S01012531,844,833,11
S01012532,1079,1073,6
S01012533,813,810,3
S01012534,951,950,1
S01012535,954,954,0
S01012536,880,876,4
S01012537,1173,1169,4
S01012538,1057,1046,11
S01012539,850,849,1
S01012540,1098,1097,1
S01012541,1005,1003,2
S01012542,1225,1221,4
S01012543,717,714,3
S01012544,583,580,3
S01012545,550,536,14
S01012546,994,989,5
S01012547,778,764,14
S01012548,883,878,5
S01012549,908,903,5
S01012550,1088,1075,13
S01012551,1250,1232,18
S01012552,969,964,5
S01012553,819,810,9
S01012554,737,735,2
S01012555,592,592,0
S01012556,621,618,3
S01012557,867,867,0
S01012558,826,825,1
S01012559,929,922,7
S01012560,1132,1129,3
S01012561,1169,1166,3
S01012562,971,961,10
S01012563,786,779,7
S01012564,917,913,4
S01012565,959,951,8
S01012566,866,852,14
S01012567,1022,1016,6
S01012568,1066,1061,5
S01012569,791,779,12
S01012570,809,806,3
S01012571,799,796,3
S01012572,607,604,3
S01012573,842,836,6
S01012574,1238,1229,9
S01012575,858,853,5
S01012576,940,935,5
S01012577,977,970,7
S01012578,1363,1351,12
S01012579,775,770,5
S01012580,732,731,1
S01012581,1325,1314,11
S01012582,744,741,3
S01012583,743,739,4
S01012584,638,638,0
S01012585,1429,1417,12
S01012586,1000,996,4
S01012587,800,798,2
S01012588,699,697,2
S01012589,876,868,8
S01012590,1063,1061,2
S01012591,1109,1105,4
S01012592,421,411,10
S01012593,953,949,4
S01012594,750,741,9
S01012595,918,901,17
S01012596,698,690,8
S01012597,345,341,4
S01012598,757,751,6
S01012599,715,697,18
S01012600,728,709,19
S01012601,860,851,9
S01012602,774,754,20
S01012603,699,699,0
S01012604,914,907,7
S01012605,709,703,6
S01012606,316,316,0
S01012607,817,812,5
S01012608,1124,1122,2
S01012609,1011,1005,6
S01012610,1205,1187,18
S01012611,961,954,7
S01012612,1251,1226,25
S01012613,1351,1350,1
S01012614,1058,1050,8
S01012615,1060,1046,14
S01012616,783,779,4
S01012617,352,346,6
S01012618,733,724,9
S01012619,729,725,4
S01012620,1020,1008,12
S01012621,993,986,7
S01012622,917,912,5
S01012623,895,886,9
S01012624,832,827,5
S01012625,729,723,6
S01012626,777,768,9
S01012627,667,664,3
S01012628,635,630,5
S01012629,344,344,0
S01012630,799,792,7
S01012631,1073,1069,4
S01012632,551,546,5
S01012633,931,921,10
S01012634,1215,1201,14
S01012635,1397,1376,21
S01012636,697,690,7
S01012637,1133,1127,6
S01012638,1126,1122,4
S01012639,1384,1382,2
S01012640,1384,1379,5
S01012641,880,880,0
S01012642,1687,1680,7
S01012643,553,550,3
S01012644,543,532,11
S01012645,1063,1038,25
S01012646,948,937,11
S01012647,319,317,2
S01012648,730,730,0
S01012649,913,908,5
S01012650,784,776,8
S01012651,832,829,3
S01012652,1055,1039,16
S01012653,973,960,13
S01012654,897,873,24
S01012655,1239,1225,14
S01012656,959,951,8
S01012657,928,907,21
S01012658,972,964,8
S01012659,520,505,15
S01012660,772,766,6
S01012661,973,968,5
S01012662,1049,1047,2
S01012663,909,902,7
S01012664,976,972,4
S01012665,949,943,6
S01012666,888,884,4
S01012667,719,718,1
S01012668,1144,1124,20
S01012669,1091,1091,0
S01012670,716,705,11
S01012671,1283,1282,1
S01012672,727,726,1
S01012673,1135,1134,1
S01012674,767,765,2
S01012675,1116,1111,5
S01012676,958,957,1
S01012677,623,623,0
S01012678,824,824,0
S01012679,575,574,1
S01012680,245,245,0
S01012681,693,689,4
S01012682,886,876,10
S01012683,922,913,9
S01012684,473,465,8
S01012685,1237,1230,7
S01012686,1241,1232,9
S01012687,1435,1433,2
S01012688,944,926,18
S01012689,653,648,5
S01012690,542,542,0
S01012691,1078,1066,12
S01012692,1019,1016,3
S01012693,1008,998,10
S01012694,595,586,9
S01012695,730,727,3
S01012696,667,662,5
S01012697,505,504,1
S01012698,1067,1065,2
S01012699,996,992,4
S01012700,980,966,14
S01012701,1188,1140,48
S01012702,437,432,5
S01012703,735,701,34
S01012704,711,709,2
S01012705,755,714,41
S01012706,1050,1043,7
S01012707,984,959,25
S01012708,1020,1012,8
S01012709,749,735,14
S01012710,944,933,11
S01012711,1284,1278,6
S01012712,1016,969,47
S01012713,1205,1179,26
S01012714,727,719,8
S01012715,1013,989,24
S01012716,1191,1155,36
S01012717,965,943,22
S01012718,748,743,5
S01012719,858,826,32
S01012720,650,619,31
S01012721,708,707,1
S01012722,1204,1188,16
S01012723,888,880,8
S01012724,763,757,6
S01012725,926,916,10
S01012726,993,976,17
S01012727,989,980,9
S01012728,1130,1121,9
S01012729,1081,1055,26
S01012730,622,619,3
S01012731,864,855,9
S01012732,894,889,5
S01012733,210,202,8
S01012734,100,100,0
S01012735,616,614,2
S01012736,1302,1288,14
S01012737,1223,1212,11
S01012738,622,612,10
S01012739,123,119,4
S01012740,91,91,0
S01012741,686,674,12
S01012742,1032,1012,20
S01012743,1019,1016,3
S01012744,786,761,25
S01012745,885,881,4
S01012746,1124,1104,20
S01012747,1293,1291,2
S01012748,944,939,5
S01012749,886,881,5
S01012750,784,762,22
S01012751,1380,1367,13
S01012752,693,688,5
S01012753,540,539,1
S01012754,969,964,5
S01012755,630,629,1
S01012756,1006,1003,3
S01012757,519,518,1
S01012758,646,644,2
S01012759,817,815,2
S01012760,957,936,21
S01012761,1059,1053,6
S01012762,876,874,2
S01012763,692,690,2
S01012764,1011,1010,1
S01012765,663,662,1
S01012766,801,799,2
S01012767,901,890,11
S01012768,987,985,2
S01012769,532,531,1
S01012770,789,787,2
S01012771,924,918,6
S01012772,1193,1191,2
S01012773,1270,1263,7
S01012774,1012,1003,9
S01012775,747,739,8
S01012776,930,929,1
S01012777,585,580,5
S01012778,750,740,10
S01012779,697,696,1
S01012780,837,828,9
S01012781,623,620,3
S01012782,969,963,6
S01012783,1070,1060,10
S01012784,948,936,12
S01012785,806,800,6
S01012786,870,868,2
S01012787,387,387,0
S01012788,1008,999,9
S01012789,1076,1049,27
S01012790,521,510,11
S01012791,945,944,1
S01012792,1110,1106,4
S01012793,919,905,14
S01012794,282,281,1
S01012795,1192,1190,2
S01012796,555,555,0
S01012797,652,652,0
S01012798,881,863,18
S01012799,1170,1135,35
S01012800,872,842,30
S01012801,286,281,5
S01012802,672,626,46
S01012803,985,952,33
S01012804,915,904,11
S01012805,1055,1044,11
S01012806,1105,1096,9
S01012807,754,713,41
S01012808,901,885,16
S01012809,867,840,27
S01012810,940,933,7
S01012811,921,889,32
S01012812,993,974,19
S01012813,1097,1093,4
S01012814,827,818,9
S01012815,643,642,1
S01012816,432,431,1
S01012817,332,323,9
S01012818,888,874,14
S01012819,1235,1227,8
S01012820,699,693,6
S01012821,417,411,6
S01012822,783,772,11
S01012823,376,371,5
S01012824,893,889,4
S01012825,677,670,7
S01012826,610,605,5
S01012827,431,430,1
S01012828,563,555,8
S01012829,765,762,3
S01012830,714,713,1
S01012831,800,795,5
S01012832,646,646,0
S01012833,1090,1088,2
S01012834,830,825,5
S01012835,969,960,9
S01012836,66,66,0
S01012837,1085,1081,4
S01012838,910,899,11
S01012839,797,789,8
S01012840,426,424,2
S01012841,834,829,5
S01012842,1102,1067,35
S01012843,1042,1026,16
S01012844,1041,1026,15
S01012845,998,980,18
S01012846,1029,1018,11
S01012847,873,863,10
S01012848,630,624,6
S01012849,978,970,8
S01012850,972,969,3
S01012851,1044,1030,14
S01012852,1105,1080,25
S01012853,1021,1004,17
S01012854,1087,1068,19
S01012855,1043,1026,17
S01012856,909,906,3
S01012857,1374,1352,22
S01012858,862,838,24
S01012859,949,942,7
S01012860,954,933,21
S01012861,678,650,28
S01012862,788,783,5
S01012863,784,773,11
S01012864,779,774,5
S01012865,1206,1195,11
S01012866,1018,1006,12
S01012867,933,932,1
S01012868,776,770,6
S01012869,614,612,2
S01012870,980,973,7
S01012871,1006,990,16
S01012872,993,940,53
S01012873,1125,1066,59
S01012874,950,945,5
S01012875,640,621,19
S01012876,991,990,1
S01012877,786,785,1
S01012878,958,952,6
S01012879,1057,1050,7
S01012880,1114,1100,14
S01012881,1354,1347,7
S01012882,740,731,9
S01012883,1079,1071,8
S01012884,677,676,1
S01012885,919,917,2
S01012886,989,971,18
S01012887,744,738,6
S01012888,983,974,9
S01012889,800,776,24
S01012890,700,693,7
S01012891,826,819,7
S01012892,1257,1253,4
S01012893,1057,1052,5
S01012894,254,251,3
S01012895,476,472,4
S01012896,1111,1107,4
S01012897,644,642,2
S01012898,237,237,0
S01012899,749,745,4
S01012900,927,910,17
S01012901,1322,1312,10
S01012902,1066,1060,6
S01012903,1068,1056,12
S01012904,1058,1043,15
S01012905,1047,1040,7
S01012906,1137,1135,2
S01012907,1116,1116,0
S01012908,1183,1179,4
S01012909,952,940,12
S01012910,1327,1319,8
S01012911,866,866,0
S01012912,1142,1139,3
S01012913,1053,1045,8
S01012914,963,948,15
S01012915,650,643,7
S01012916,1057,1043,14
S01012917,786,769,17
S01012918,940,935,5
S01012919,509,504,5
S01012920,644,638,6
S01012921,770,770,0
S01012922,761,752,9
S01012923,907,897,10
S01012924,651,651,0
S01012925,684,684,0
S01012926,765,761,4
S01012927,827,812,15
S01012928,1011,988,23
S01012929,968,959,9
S01012930,877,863,14
S01012931,1136,1129,7
S01012932,661,651,10
S01012933,912,906,6
S01012934,867,861,6
S01012935,1533,1507,26
S01012936,792,780,12
S01012937,906,889,17
S01012938,962,912,50
S01012939,846,795,51
S01012940,904,862,42
S01012941,929,880,49
S01012942,930,923,7
S01012943,883,847,36
S01012944,779,748,31
S01012945,759,730,29
S01012946,808,778,30
S01012947,668,646,22
S01012948,1176,1167,9
S01012949,842,827,15
S01012950,847,827,20
S01012951,499,483,16
S01012952,575,562,13
S01012953,790,773,17
S01012954,513,503,10
S01012955,553,533,20
S01012956,999,991,8
S01012957,857,853,4
S01012958,550,545,5
S01012959,660,654,6
S01012960,864,854,10
S01012961,1093,1079,14
S01012962,1027,1021,6
S01012963,410,400,10
S01012964,289,280,9
S01012965,648,631,17
S01012966,1028,1008,20
S01012967,1128,1118,10
S01012968,904,894,10
S01012969,1079,1065,14
S01012970,947,935,12
S01012971,1140,1130,10
S01012972,827,824,3
S01012973,983,978,5
S01012974,1123,1118,5
S01012975,825,819,6
S01012976,791,788,3
S01012977,981,978,3
S01012978,1126,1114,12
S01012979,781,769,12
S01012980,878,873,5
S01012981,929,927,2
S01012982,891,885,6
S01012983,791,784,7
S01012984,871,868,3
S01012985,980,972,8
S01012986,1043,1042,1
S01012987,1153,1143,10
S01012988,1134,1125,9
S01012989,1256,1244,12
S01012990,1158,1147,11
S01012991,1119,1111,8
S01012992,1067,1066,1
S01012993,1093,1091,2
S01012994,985,962,23
S01012995,931,917,14
S01012996,1064,1049,15
S01012997,644,636,8
S01012998,991,988,3
S01012999,598,592,6
S01013000,1228,1221,7
S01013001,464,464,0
S01013002,728,727,1
S01013003,795,792,3
S01013004,1057,1051,6
S01013005,807,790,17
S01013006,698,695,3
S01013007,1377,1364,13
S01013008,1074,1064,10
S01013009,681,677,4
S01013010,539,539,0
S01013011,682,681,1
S01013012,903,903,0
S01013013,937,928,9
S01013014,791,787,4
S01013015,761,754,7
S01013016,896,895,1
S01013017,1003,1002,1
S01013018,1113,1110,3
S01013019,869,858,11
S01013020,1016,1009,7
S01013021,791,785,6
S01013022,376,373,3
S01013023,1063,1045,18
S01013024,635,630,5
S01013025,932,928,4
S01013026,782,774,8
S01013027,1604,1599,5
S01013028,524,519,5
S01013029,720,720,0
S01013030,921,910,11
S01013031,749,749,0
S01013032,515,515,0
S01013033,518,518,0
S01013034,878,877,1
S01013035,874,870,4
S01013036,948,944,4
S01013037,1236,1234,2
S01013038,1273,1267,6
S01013039,612,589,23
S01013040,662,661,1
S01013041,620,608,12
S01013042,723,718,5
S01013043,855,838,17
S01013044,1217,1199,18
S01013045,551,531,20
S01013046,775,758,17
S01013047,957,921,36
S01013048,1300,1266,34
S01013049,1079,1067,12
S01013050,936,921,15
S01013051,933,923,10
S01013052,842,834,8
S01013053,1066,1059,7
S01013054,1054,1035,19
S01013055,718,703,15
S01013056,1297,1272,25
S01013057,1140,1111,29
S01013058,355,351,4
S01013059,1027,1008,19
S01013060,514,512,2
S01013061,1096,1073,23
S01013062,952,934,18
S01013063,873,857,16
S01013064,1045,1033,12
S01013065,1158,1145,13
S01013066,763,739,24
S01013067,1041,1013,28
S01013068,1166,1140,26
S01013069,814,790,24
S01013070,950,911,39
S01013071,890,864,26
S01013072,817,813,4
S01013073,974,971,3
S01013074,1468,1461,7
S01013075,931,923,8
S01013076,671,644,27
S01013077,773,762,11
S01013078,693,687,6
S01013079,430,415,15
S01013080,1056,1036,20
S01013081,786,766,20
S01013082,1204,1181,23
S01013083,1192,1139,53
S01013084,1016,985,31
S01013085,1018,963,55
S01013086,1066,1026,40
S01013087,1545,1461,84
S01013088,919,904,15
S01013089,830,821,9
S01013090,889,866,23
S01013091,366,360,6
S01013092,937,921,16
S01013093,481,468,13
S01013094,800,797,3
S01013095,1045,1029,16
S01013096,826,809,17
S01013097,1164,1154,10
S01013098,116,116,0
S01013099,859,839,20
S01013100,970,949,21
S01013101,1743,1718,25
S01013102,819,813,6
S01013103,830,817,13
S01013104,1136,1130,6
S01013105,897,893,4
S01013106,987,983,4
S01013107,919,915,4
S01013108,748,745,3
S01013109,1280,1271,9
S01013110,637,633,4
S01013111,642,628,14
S01013112,607,601,6
S01013113,1116,1114,2
S01013114,1309,1302,7
S01013115,996,994,2
S01013116,1034,1031,3
S01013117,941,938,3
S01013118,1189,1173,16
S01013119,755,751,4
S01013120,1150,1148,2
S01013121,451,450,1
S01013122,858,857,1
S01013123,995,985,10
S01013124,1223,1220,3
S01013125,962,960,2
S01013126,898,895,3
S01013127,947,946,1
S01013128,814,802,12
S01013129,1093,1086,7
S01013130,1056,1047,9
S01013131,1026,1013,13
S01013132,708,696,12
S01013133,792,786,6
S01013134,823,804,19
S01013135,1168,1159,9
S01013136,1266,1261,5
S01013137,1047,1046,1
S01013138,1005,997,8
S01013139,1160,1141,19
S01013140,1153,1139,14
S01013141,744,743,1
S01013142,1094,1090,4
S01013143,1067,1056,11
S01013144,942,941,1
S01013145,954,950,4
S01013146,590,589,1
S01013147,807,791,16
S01013148,1072,1069,3
S01013149,766,763,3
S01013150,933,929,4
S01013151,572,561,11
S01013152,1202,1194,8
S01013153,881,880,1
S01013154,1414,1407,7
S01013155,971,968,3
S01013156,1144,1140,4
S01013157,1085,1082,3
S01013158,775,768,7
S01013159,899,874,25
S01013160,1117,1116,1
S01013161,994,989,5
S01013162,1032,1027,5
S01013163,894,893,1
S01013164,1009,1000,9
S01013165,1297,1296,1
S01013166,763,757,6
S01013167,1124,1115,9
S01013168,1163,1151,12
S01013169,846,842,4
S01013170,1259,1253,6
S01013171,872,865,7
S01013172,949,940,9
S01013173,875,869,6
S01013174,1219,1213,6
S01013175,853,847,6
S01013176,1073,1067,6
S01013177,1185,1178,7
S01013178,648,647,1
S01013179,1166,1162,4
S01013180,523,514,9
S01013181,1032,1026,6
S01013182,865,862,3
S01013183,1057,1049,8
S01013184,748,746,2
S01013185,1122,1115,7
S01013186,761,759,2
S01013187,944,944,0
S01013188,1076,1048,28
S01013189,877,872,5
S01013190,739,738,1
S01013191,774,770,4
S01013192,1143,1137,6
S01013193,556,555,1
S01013194,993,983,10
S01013195,846,839,7
S01013196,778,775,3
S01013197,624,619,5
S01013198,955,949,6
S01013199,880,869,11
S01013200,1109,1104,5
S01013201,900,898,2
S01013202,653,636,17
S01013203,1038,1016,22
S01013204,953,941,12
S01013205,856,856,0
S01013206,1060,1059,1
S01013207,918,912,6
S01013208,542,542,0
S01013209,1011,995,16
S01013210,808,802,6
S01013211,1062,1044,18
S01013212,873,860,13
S01013213,1000,986,14
S01013214,422,417,5
S01013215,822,799,23
S01013216,908,907,1
S01013217,867,866,1
S01013218,863,861,2
S01013219,849,834,15
S01013220,881,876,5
S01013221,1044,1042,2
S01013222,520,517,3
S01013223,1156,1154,2
S01013224,1229,1225,4
S01013225,843,842,1
S01013226,331,331,0
S01013227,514,512,2
S01013228,999,996,3
S01013229,1109,1103,6
S01013230,998,992,6
S01013231,1096,1091,5
S01013232,817,808,9
S01013233,620,613,7
S01013234,403,402,1
S01013235,1189,1180,9
S01013236,1130,1116,14
S01013237,1035,1028,7
S01013238,1095,1090,5
S01013239,1065,1063,2
S01013240,774,766,8
S01013241,976,965,11
S01013242,732,732,0
S01013243,821,813,8
S01013244,1202,1190,12
S01013245,877,873,4
S01013246,435,433,2
S01013247,963,961,2
S01013248,732,724,8
S01013249,950,946,4
S01013250,1103,1094,9
S01013251,821,807,14
S01013252,995,983,12
S01013253,782,768,14
S01013254,849,832,17
S01013255,931,926,5
S01013256,729,723,6
S01013257,976,975,1
S01013258,966,960,6
S01013259,1430,1425,5
S01013260,942,933,9
S01013261,1245,1215,30
S01013262,833,832,1
S01013263,569,559,10
S01013264,300,284,16
S01013265,423,410,13
S01013266,309,293,16
S01013267,787,773,14
S01013268,1254,1240,14
S01013269,1002,993,9
S01013270,698,664,34
S01013271,1002,975,27
S01013272,996,970,26
S01013273,492,489,3
S01013274,1021,1002,19
S01013275,1227,1186,41
S01013276,994,985,9
S01013277,1006,982,24
S01013278,1066,1043,23
S01013279,901,881,20
S01013280,882,849,33
S01013281,955,946,9
S01013282,855,841,14
S01013283,837,822,15
S01013284,679,668,11
S01013285,780,770,10
S01013286,839,831,8
S01013287,863,858,5
S01013288,763,758,5
S01013289,965,949,16
S01013290,1160,1152,8
S01013291,1141,1137,4
S01013292,893,883,10
S01013293,899,883,16
S01013294,897,876,21
S01013295,951,947,4
S01013296,940,937,3
S01013297,1072,1068,4
S01013298,790,784,6
S01013299,935,930,5
S01013300,811,807,4
S01013301,697,690,7
S01013302,665,655,10
S01013303,1228,1217,11
S01013304,1033,1027,6
S01013305,857,849,8
S01013306,1015,1013,2
S01013307,1135,1116,19
S01013308,636,627,9
S01013309,876,852,24
S01013310,697,694,3
S01013311,924,913,11
S01013312,1632,1589,43
S01013313,666,662,4
S01013314,939,920,19
S01013315,277,277,0
S01013316,754,733,21
S01013317,687,670,17
S01013318,649,619,30
S01013319,739,705,34
S01013320,601,589,12
S01013321,458,445,13
S01013322,845,817,28
S01013323,870,843,27
S01013324,1074,1037,37
S01013325,869,848,21
S01013326,1006,981,25
S01013327,927,903,24
S01013328,786,770,16
S01013329,603,598,5
S01013330,711,696,15
S01013331,571,542,29
S01013332,875,842,33
S01013333,1074,1057,17
S01013334,771,767,4
S01013335,1056,1043,13
S01013336,1198,1169,29
S01013337,1133,1065,68
S01013338,368,354,14
S01013339,900,853,47
S01013340,1338,1270,68
S01013341,767,694,73
S01013342,920,911,9
S01013343,717,712,5
S01013344,710,701,9
S01013345,916,895,21
S01013346,729,706,23
S01013347,738,717,21
S01013348,491,479,12
S01013349,220,213,7
S01013350,629,621,8
S01013351,819,812,7
S01013352,1095,1079,16
S01013353,1207,1195,12
S01013354,787,779,8
S01013355,985,974,11
S01013356,840,837,3
S01013357,510,510,0
S01013358,810,807,3
S01013359,692,688,4
S01013360,737,737,0
S01013361,924,921,3
S01013362,613,613,0
S01013363,1074,1070,4
S01013364,746,735,11
S01013365,1085,1072,13
S01013366,644,644,0
S01013367,628,606,22
S01013368,906,894,12
S01013369,905,904,1
S01013370,868,864,4
S01013371,879,874,5
S01013372,1044,1037,7
S01013373,1150,1134,16
S01013374,1047,1035,12
S01013375,686,677,9
S01013376,719,709,10
S01013377,803,797,6
S01013378,957,947,10
S01013379,1121,1112,9
S01013380,523,518,5
S01013381,733,721,12
S01013382,765,743,22
S01013383,864,858,6
S01013384,1176,1160,16
S01013385,726,724,2
S01013386,763,762,1
S01013387,742,740,2
S01013388,761,754,7
S01013389,1073,1072,1
S01013390,609,609,0
S01013391,986,981,5
S01013392,386,386,0
S01013393,1082,1079,3
S01013394,761,761,0
S01013395,894,893,1
S01013396,382,380,2
S01013397,889,888,1
S01013398,337,334,3
S01013399,476,476,0
S01013400,596,595,1
S01013401,141,141,0
S01013402,76,76,0
S01013403,101,100,1
S01013404,488,481,7
S01013405,707,694,13
S01013406,781,775,6
S01013407,842,842,0
S01013408,791,785,6
S01013409,991,975,16
S01013410,496,495,1
S01013411,761,754,7
S01013412,833,831,2
S01013413,804,802,2
S01013414,669,669,0
S01013415,785,784,1
S01013416,588,577,11
S01013417,733,723,10
S01013418,634,621,13
S01013419,649,639,10
S01013420,822,817,5
S01013421,510,498,12
S01013422,1045,1042,3
S01013423,898,893,5
S01013424,914,884,30
S01013425,456,456,0
S01013426,886,883,3
S01013427,232,232,0
S01013428,944,935,9
S01013429,1244,1234,10
S01013430,789,788,1
S01013431,912,905,7
S01013432,880,869,11
S01013433,778,775,3
S01013434,514,509,5
S01013435,862,854,8
S01013436,919,914,5
S01013437,717,708,9
S01013438,709,699,10
S01013439,965,962,3
S01013440,1315,1303,12
S01013441,788,776,12
S01013442,914,908,6
S01013443,497,492,5
S01013444,1177,1167,10
S01013445,720,719,1
S01013446,741,718,23
S01013447,566,557,9
S01013448,1001,989,12
S01013449,839,828,11
S01013450,885,877,8
S01013451,972,962,10
S01013452,626,621,5
S01013453,983,979,4
S01013454,705,697,8
S01013455,502,499,3
S01013456,1087,1075,12
S01013457,1024,1019,5
S01013458,895,892,3
S01013459,988,976,12
S01013460,1039,1037,2
S01013461,945,923,22
S01013462,971,957,14
S01013463,584,574,10
S01013464,920,915,5
S01013465,872,862,10
S01013466,386,386,0
S01013467,410,406,4
S01013468,719,713,6
S01013469,1053,1047,6
S01013470,898,890,8
S01013471,1020,1016,4
S01013472,440,427,13
S01013473,272,268,4
S01013474,467,461,6
S01013475,904,888,16
S01013476,679,665,14
S01013477,993,972,21
S01013478,872,859,13
S01013479,1046,1041,5
S01013480,657,656,1
S01013481,399,395,4
